fetched_at,place_name,AREA_NM,AREA_CD,_key_used,LINK_ID,ROAD_NM,START_ND_CD,START_ND_NM,START_ND_XY,END_ND_CD,END_ND_NM,END_ND_XY,DIST,SPD,IDX,XYLIST
2026-09-04T03:35:30.187978+09:00,경복궁,경복궁,POI008,KEY_1,1000010600,새문안로5길,1000019302,정부서울청사사거리,126.9743957431224146_37.5756988655088620,1000015501,정부중앙청사별관,126.9745359191347660_37.5741633893777163,171.0,6.0,정체,126.9745359191347660_37.5741633893777163|126.9745251838795923_37.5743178497332622|126.9743883747213147_37.5754949317932088|126.9743883466303203_37.5755769520238516|126.9743957431224146_37.5756988655088620
2026-09-04T03:35:30.187978+09:00,경복궁,경복궁,POI008,KEY_1,1000011700,사직로,1000019303,정부서울청사사거리,126.9742603998069796_37.5757097304571062,1000019802,경복궁역사거리,126.9727094012703503_37.5758424186585529,138.0,30.5,원활,126.9727094012703503_37.5758424186585529|126.9729390930378230_37.5758227698022793|126.9733793101036952_37.5757851103966303|126.9742603998069796_37.5757097304571062
2026-09-04T03:35:30.187978+09:00,경복궁,경복궁,POI008,KEY_1,1000011800,사직로,1000242400,적선동 8-1,126.9733938280741512_37.5758926104395314,1000019304,정부서울청사사거리,126.9742589191568953_37.5758185992423250,77.0,18.0,서행,126.9742589191568953_37.5758185992423250|126.9733938280741512_37.5758926104395314
2026-09-04T03:35:30.187978+09:00,경복궁,경복궁,POI008,KEY_1,1000012001,사직로,1000018500,광화문,126.9756248255992830_37.5755943672526271,1000019302,정부서울청사사거리,126.9743957431224146_37.5756988655088620,109.0,40.3,원활,126.9743957431224146_37.5756988655088620|126.9754810818243271_37.5756177185546321|126.9756248255992830_37.5755943672526271
2026-09-04T03:35:30.187978+09:00,경복궁,경복궁,POI008,KEY_1,1000012101,사직로,1000003601,광화문삼거리,126.9772026040190127_37.5752961563211159,1000020200,경복궁,126.9786283706113750_37.5757946408291801,142.0,29.0,원활,126.9786283706113750_37.5757946408291801|126.9780494814518477_37.5757270176835334|126.9778051553330869_37.5756687993840117|126.9775841152535918_37.5755595455980540|126.9773389726312587_37.5753713360195221|126.9772665949307680_37.5753228898854132|126.9772026040190127_37.5752961563211159
2026-09-04T03:35:30.187978+09:00,경복궁,경복궁,POI008,KEY_1,1000012102,사직로,1000020200,경복궁,126.9786283706113750_37.5757946408291801,1000019704,경복궁사거리,126.9793621536958312_37.5759001150550986,66.0,27.0,원활,126.9793621536958312_37.5759001150550986|126.9791440605087161_37.5758645700478056|126.9786283706113750_37.5757946408291801
2026-09-04T03:35:30.187978+09:00,경복궁,경복궁,POI008,KEY_1,1000012203,사직로,1000019703,경복궁사거리,126.9793107532419185_37.5757813746508091,1000019100,경복궁,126.9786480964121154_37.5756876675167888,59.0,12.0,정체,126.9786480964121154_37.5756876675167888|126.9791690991976765_37.5757582877498706|126.9793107532419185_37.5757813746508091
2026-09-04T03:35:30.187978+09:00,경복궁,경복궁,POI008,KEY_1,1000012502,사직로,1000224600,내자동 35,126.9704050096786716_37.5761139325286422,1000019804,경복궁역사거리,126.9725583211622109_37.5759627912727225,191.0,48.5,원활,126.9725583211622109_37.5759627912727225|126.9704050096786716_37.5761139325286422
2026-09-04T03:35:30.187978+09:00,경복궁,경복궁,POI008,KEY_1,1000014301,삼청로,1000019704,경복궁사거리,126.9793621536958312_37.5759001150550986,1000020600,대한출판문화협회,126.9794687888132074_37.5765544121067592,73.0,39.0,원활,126.9794687888132074_37.5765544121067592|126.9794674172659654_37.5764824989996455|126.9794172673057773_37.5761249117022231|126.9793621536958312_37.5759001150550986
2026-09-04T03:35:30.187978+09:00,경복궁,경복궁,POI008,KEY_1,1000014302,삼청로,1000020600,대한출판문화협회,126.9794687888132074_37.5765544121067592,1000022703,국군서울지구병원,126.9798562503477797_37.5800221917764006,388.0,22.0,서행,126.9798562503477797_37.5800221917764006|126.9796182985417516_37.5793264763807215|126.9795665449151443_37.5791397220131316|126.9795478931843604_37.5790381290051698|126.9795326834604623_37.5788730174103378|126.9794969047037227_37.5780275498626395|126.9794687888132074_37.5765544121067592
2026-09-04T03:35:30.187978+09:00,경복궁,경복궁,POI008,KEY_1,1000014303,삼청로,1000022704,국군서울지구병원,126.9798888896173850_37.5801238754593712,1000023003,갤러리스케이프,126.9801383570053588_37.5809954150793715,99.0,14.0,정체,126.9801383570053588_37.5809954150793715|126.9801143803817212_37.5808712068437671|126.9798888896173850_37.5801238754593712
2026-09-04T03:35:30.187978+09:00,경복궁,경복궁,POI008,KEY_1,1000014401,삼청로,1000021000,대한출판문화협회,126.9796046197648423_37.5765527706146756,1000019701,경복궁사거리,126.9795067975766756_37.5759255521593971,70.0,30.0,원활,126.9795067975766756_37.5759255521593971|126.9795516592807161_37.5761085342554608|126.9796031487506696_37.5764756650611034|126.9796046197648423_37.5765527706146756
2026-09-04T03:35:30.187978+09:00,경복궁,경복궁,POI008,KEY_1,1000014402,삼청로,1000022702,국군서울지구병원,126.9799873332334244_37.5799937943622950,1000021000,대한출판문화협회,126.9796046197648423_37.5765527706146756,385.0,24.0,서행,126.9796046197648423_37.5765527706146756|126.9796327193578946_37.5780249082326065|126.9796683669145381_37.5788672429607900|126.9796830227134734_37.5790263448128528|126.9797002616005130_37.5791202376619609|126.9797502489418548_37.5793006189381842|126.9799873332334244_37.5799937943622950
2026-09-04T03:35:30.187978+09:00,경복궁,경복궁,POI008,KEY_1,1000014403,삼청로,1000023002,갤러리스케이프,126.9802726364854522_37.5809789975197504,1000022701,국군서울지구병원,126.9800209872343402_37.5800986304131186,100.0,38.0,원활,126.9800209872343402_37.5800986304131186|126.9802478003755937_37.5808503388031028|126.9802726364854522_37.5809789975197504
2026-09-04T03:35:30.187978+09:00,경복궁,경복궁,POI008,KEY_1,1000015101,효자로,1000219200,통의동 7-2,126.9738823732247113_37.5782737331220034,1000022103,한글전각갤러리,126.9737664393316123_37.5793405707998147,119.0,13.0,정체,126.9737664393316123_37.5793405707998147|126.9738823732247113_37.5782737331220034
2026-09-04T03:35:30.187978+09:00,경복궁,경복궁,POI008,KEY_1,1000015102,효자로,1000041400,창성동 16,126.9736432808576581_37.5805908651879150,1000023603,창성동 75-1,126.9736167411290211_37.5817495935669825,129.0,15.0,서행,126.9736167411290211_37.5817495935669825|126.9736341888375790_37.5807097019062013|126.9736432808576581_37.5805908651879150
2026-09-04T03:35:30.187978+09:00,경복궁,경복궁,POI008,KEY_1,1000015103,효자로,1000023604,세종로 1-82,126.9736148980526167_37.5818577441157089,1000005203,효자동삼거리,126.9736127255228695_37.5835625507457465,189.0,15.0,서행,126.9736127255228695_37.5835625507457465|126.9735913171579114_37.5832181223740136|126.9736148980526167_37.5818577441157089
2026-09-04T03:35:30.187978+09:00,경복궁,경복궁,POI008,KEY_1,1000015201,효자로,1000022102,한글전각갤러리,126.9739017858953645_37.5793498869892204,1000019301,정부서울청사사거리,126.9743957935852450_37.5758074664167268,396.0,26.0,원활,126.9743957935852450_37.5758074664167268|126.9743764184428017_37.5760755345660726|126.9743092662572082_37.5764778948295017|126.9741719066146146_37.5773009081164844|126.9741268698984413_37.5775378120208856|126.9740611119599407_37.5778837117652031|126.9740177174622744_37.5782830491677231|126.9739017858953645_37.5793498869892204
2026-09-04T03:35:30.187978+09:00,경복궁,경복궁,POI008,KEY_1,1000015202,효자로,1000023602,세종로 1-39,126.9737525850962072_37.5817510371078143,1000022101,한글전각갤러리,126.9738905991571443_37.5794569415239579,255.0,30.0,원활,126.9738905991571443_37.5794569415239579|126.9738519824120146_37.5798414672260890|126.9737879055856666_37.5804795024973970|126.9737788834196408_37.5805974360917929|126.9737699881223705_37.5807137109477551|126.9737525850962072_37.5817510371078143
2026-09-04T03:35:30.187978+09:00,경복궁,경복궁,POI008,KEY_1,1000015203,효자로,1000005202,효자동삼거리,126.9737472613430214_37.5835385999729326,1000023601,세종로 1-39,126.9737507411007016_37.5818592353335603,186.0,26.0,원활,126.9737507411007016_37.5818592353335603|126.9737272227124265_37.5832161948422154|126.9737472613430214_37.5835385999729326
2026-09-04T03:35:30.187978+09:00,경복궁,경복궁,POI008,KEY_1,1000015401,자하문로,1000140900,통의동 139,126.9725715057905830_37.5765777524989346,1000019801,경복궁역사거리,126.9726968257656665_37.5759522364072183,70.0,29.0,원활,126.9726968257656665_37.5759522364072183|126.9726385507227491_37.5763288934255186|126.9725895796281208_37.5765259070172135|126.9725715057905830_37.5765777524989346
2026-09-04T03:35:30.187978+09:00,경복궁,경복궁,POI008,KEY_1,1000015800,북촌로5길,1000110800,소격동 101-1,126.9816632165415768_37.5796980355060555,1000022702,국군서울지구병원,126.9799873332334244_37.5799937943622950,152.0,25.0,원활,126.9799873332334244_37.5799937943622950|126.9811117769615265_37.5798023119298961|126.9813717539606586_37.5797580385712706|126.9816632165415768_37.5796980355060555
2026-09-04T03:35:30.187978+09:00,경복궁,경복궁,POI008,KEY_1,1000016301,삼청로,1000023001,갤러리스케이프,126.9802926936486500_37.5811058372642535,1000023403,브라질대사관,126.9810263784892186_37.5815445739605920,82.0,29.0,원활,126.9810263784892186_37.5815445739605920|126.9809131169670025_37.5814523264612390|126.9807572607189741_37.5813324212478079|126.9805732045222584_37.5812254848848113|126.9805004045640970_37.5811831880586382|126.9802926936486500_37.5811058372642535
2026-09-04T03:35:30.187978+09:00,경복궁,경복궁,POI008,KEY_1,1000016401,삼청로,1000154400,소격동 5-2,126.9806533091713163_37.5811381602125181,1000023002,갤러리스케이프,126.9802726364854522_37.5809789975197504,38.0,21.0,서행,126.9802726364854522_37.5809789975197504|126.9805698902694644_37.5810896934890764|126.9806533091713163_37.5811381602125181
2026-09-04T03:35:30.187978+09:00,경복궁,경복궁,POI008,KEY_1,1000016500,청와대로,1000023004,갤러리스케이프,126.9801577660451670_37.5811184473203284,1000024202,퐁데자르갤러리,126.9792888757798295_37.5833973114764888,283.0,14.0,정체,126.9792888757798295_37.5833973114764888|126.9794326695444795_37.5833409548265038|126.9795985399564842_37.5832476848462562|126.9797349654737388_37.5831482053396115|126.9798535787143550_37.5830268942675616|126.9799783199628109_37.5828376834460514|126.9800830519028665_37.5826410034803118|126.9801523342807030_37.5824206537665262|126.9801756947906881_37.5821819448641676|126.9801669773254389_37.5812814489405298|126.9801611478268342_37.5811413659670990|126.9801577660451670_37.5811184473203284
2026-09-04T03:35:30.187978+09:00,경복궁,경복궁,POI008,KEY_1,1000016600,청와대로,1000024201,퐁데자르갤러리,126.9793488993760917_37.5834943060582702,1000023001,갤러리스케이프,126.9802926936486500_37.5811058372642535,298.0,36.3,원활,126.9802926936486500_37.5811058372642535|126.9802967397338023_37.5811332572089398|126.9803028147339035_37.5812792426264579|126.9803115922597812_37.5821857328606441|126.9802868960512399_37.5824380961232620|126.9802122748901070_37.5826754278464534|126.9801012249592418_37.5828839711424081|126.9799682487228267_37.5830856738696752|126.9798351717180509_37.5832217786991762|126.9796839720406183_37.5833320316592037|126.9795023111846888_37.5834341801086822|126.9793488993760917_37.5834943060582702
2026-09-04T03:35:30.187978+09:00,경복궁,경복궁,POI008,KEY_1,1000017102,효자로,1000005203,효자동삼거리,126.9736127255228695_37.5835625507457465,1000024302,효자동 136-1,126.9727651070645038_37.5836899468878016,76.0,18.0,서행,126.9727651070645038_37.5836899468878016|126.9730868519890805_37.5836617458525453|126.9732850493551410_37.5836358134354498|126.9736127255228695_37.5835625507457465
2026-09-04T03:35:30.187978+09:00,경복궁,경복궁,POI008,KEY_1,1000017202,효자로,1000024301,효자동 136-1,126.9727799801869850_37.5837974155542724,1000005204,효자동삼거리,126.9736494719598028_37.5836666397267720,78.0,16.0,서행,126.9736494719598028_37.5836666397267720|126.9733145338289120_37.5837415255394376|126.9731053220007908_37.5837688997887582|126.9727799801869850_37.5837974155542724
2026-09-04T03:35:30.187978+09:00,경복궁,경복궁,POI008,KEY_1,1000017300,청와대로,1000024203,퐁데자르갤러리,126.9791795136897292_37.5834335611764701,1000005202,효자동삼거리,126.9737472613430214_37.5835385999729326,486.0,33.0,원활,126.9737472613430214_37.5835385999729326|126.9739495073895483_37.5835089975692114|126.9741309391237110_37.5835057794776830|126.9743076583270351_37.5835171156289292|126.9752337920588730_37.5836985645955508|126.9754323254462349_37.5837264891222063|126.9757360888294073_37.5837476748394224|126.9763499836077330_37.5837643209452068|126.9766286175151322_37.5837433697827379|126.9789929139192566_37.5834750307908365|126.9791275283093626_37.5834477041164519|126.9791795136897292_37.5834335611764701
2026-09-04T03:35:30.187978+09:00,경복궁,경복궁,POI008,KEY_1,1000017400,청와대로,1000005201,효자동삼거리,126.9737718367323538_37.5836449359611962,1000024204,퐁데자르갤러리,126.9792234607305943_37.5835358668880062,488.0,35.5,원활,126.9792234607305943_37.5835358668880062|126.9791663527855263_37.5835514035953580|126.9790193732068246_37.5835812400857776|126.9766446063162135_37.5838507686442966|126.9763540772180477_37.5838726139501844|126.9757278388116646_37.5838556337628376|126.9754145390009228_37.5838337820068062|126.9752057008707880_37.5838044082914848|126.9742858206583094_37.5836241849198771|126.9741269844044211_37.5836139960176467|126.9739633976216311_37.5836168972867881|126.9737718367323538_37.5836449359611962
2026-09-04T03:35:30.187978+09:00,경복궁,경복궁,POI008,KEY_1,1000034400,새문안로3길,1000018004,서울특별시경찰청,126.9726181216856418_37.5753302820372284,1000019803,경복궁역사거리,126.9725722748504069_37.5758532725264089,58.0,25.0,원활,126.9725722748504069_37.5758532725264089|126.9726181216856418_37.5753302820372284
2026-09-04T03:35:30.187978+09:00,경복궁,경복궁,POI008,KEY_1,1000034500,새문안로3길,1000019802,경복궁역사거리,126.9727094012703503_37.5758424186585529,1000018001,서울특별시경찰청,126.9727536370288590_37.5753378072978137,56.0,29.5,원활,126.9727536370288590_37.5753378072978137|126.9727094012703503_37.5758424186585529
2026-09-04T03:35:30.187978+09:00,경복궁,경복궁,POI008,KEY_1,1000035200,사직로,1000020200,경복궁,126.9786283706113750_37.5757946408291801,1000020600,대한출판문화협회,126.9794687888132074_37.5765544121067592,118.0,15.0,서행,126.9794687888132074_37.5765544121067592|126.9794368084534142_37.5764098329770562|126.9791960602808700_37.5761637733622180|126.9789750836954596_37.5759177176703147|126.9788694300669647_37.5758537146814078|126.9786283706113750_37.5757946408291801
2026-09-04T03:35:30.187978+09:00,경복궁,경복궁,POI008,KEY_1,1000035300,삼청로,1000021000,대한출판문화협회,126.9796046197648423_37.5765527706146756,1000020300,경복궁,126.9801205068413168_37.5759892604625989,93.0,16.0,서행,126.9801205068413168_37.5759892604625989|126.9797298312382878_37.5760780464987292|126.9796597331679635_37.5761137931100748|126.9796040049640879_37.5761795786155588|126.9796046197648423_37.5765527706146756
2026-09-04T03:35:30.187978+09:00,경복궁,경복궁,POI008,KEY_1,1000037000,자하문로10길,1000142900,창성동 130-12,126.9720322425473000_37.5795267662096677,1000022104,한글전각갤러리,126.9737551795793422_37.5794483274217725,153.0,6.0,정체,126.9737551795793422_37.5794483274217725|126.9735697636163820_37.5794379905376914|126.9730629180689760_37.5794543875836595|126.9720322425473000_37.5795267662096677
2026-09-04T03:35:30.187978+09:00,경복궁,경복궁,POI008,KEY_1,1000038800,자하문로16길,1000068600,효자동 158-3,126.9730842997045812_37.5818361876427218,1000023604,세종로 1-82,126.9736148980526167_37.5818577441157089,47.0,10.0,정체,126.9736148980526167_37.5818577441157089|126.9732424959569812_37.5818454811704967|126.9730842997045812_37.5818361876427218
2026-09-04T03:35:30.187978+09:00,광화문·덕수궁,광화문·덕수궁,POI009,KEY_2,1000000301,종로,1000081900,종로1가 82-2,126.9798999832241719_37.5701535606807582,1000008607,종로구청입구교차로,126.9793805233784241_37.5701494116837509,46.0,15.0,서행,126.9793805233784241_37.5701494116837509|126.9798999832241719_37.5701535606807582
2026-09-04T03:35:30.187978+09:00,광화문·덕수궁,광화문·덕수궁,POI009,KEY_2,1000000401,종로,1000008606,종로구청입구교차로,126.9793844377634713_37.5702575676490582,1000008905,SK빌딩,126.9809530025248421_37.5702700889503021,139.0,27.0,원활,126.9809530025248421_37.5702700889503021|126.9798986206276368_37.5702616744867512|126.9793844377634713_37.5702575676490582
2026-09-04T03:35:30.187978+09:00,광화문·덕수궁,광화문·덕수궁,POI009,KEY_2,1000000703,새문안로,1000008201,구세군회관,126.9726666240444217_37.5702234697315518,1000008304,뉴질랜드관광청,126.9749173399443691_37.5702117971802636,199.0,12.0,정체,126.9749173399443691_37.5702117971802636|126.9745065658627396_37.5702088031007975|126.9743721680184052_37.5702090286750732|126.9726666240444217_37.5702234697315518
2026-09-04T03:35:30.187978+09:00,광화문·덕수궁,광화문·덕수궁,POI009,KEY_2,1000000802,새문안로,1000007903,신문로1가 5-4,126.9743707219120381_37.5701009152256020,1000008202,구세군회관,126.9726644410624914_37.5701153625080622,151.0,48.3,원활,126.9726644410624914_37.5701153625080622|126.9743707219120381_37.5701009152256020
2026-09-04T03:35:30.187978+09:00,광화문·덕수궁,광화문·덕수궁,POI009,KEY_2,1000000803,새문안로,1000008403,신문로1가141,126.9755270360325170_37.5701094904468960,1000007902,신문로1가 5-4,126.9745078099836633_37.5701006884260735,90.0,47.0,원활,126.9745078099836633_37.5701006884260735|126.9749185834716059_37.5701036825010561|126.9750548861427575_37.5701048454871938|126.9755270360325170_37.5701094904468960
2026-09-04T03:35:30.187978+09:00,광화문·덕수궁,광화문·덕수궁,POI009,KEY_2,1000000901,새문안로,1000008301,뉴질랜드관광청,126.9750532070518432_37.5702129564638909,1000008404,신문로1가141,126.9755253576206542_37.5702176014390972,42.0,51.0,원활,126.9755253576206542_37.5702176014390972|126.9750532070518432_37.5702129564638909
2026-09-04T03:35:30.187978+09:00,광화문·덕수궁,광화문·덕수궁,POI009,KEY_2,1000000902,새문안로,1000008401,신문로1가141,126.9756642084840337_37.5702188245241615,1000009300,세종로208,126.9762005801091362_37.5702231750732523,47.0,64.0,원활,126.9762005801091362_37.5702231750732523|126.9756642084840337_37.5702188245241615
2026-09-04T03:35:30.187978+09:00,광화문·덕수궁,광화문·덕수궁,POI009,KEY_2,1000000903,새문안로,1000214200,세종대로사거리,126.9766244379145377_37.5702266110763219,1000009004,세종대로사거리,126.9769755542479714_37.5702294562480148,31.0,47.0,원활,126.9769755542479714_37.5702294562480148|126.9766244379145377_37.5702266110763219
2026-09-04T03:35:30.187978+09:00,광화문·덕수궁,광화문·덕수궁,POI009,KEY_2,1000001002,새문안로,1000007600,주한요르단명예영사관,126.9762019638013300_37.5701150604124336,1000008402,신문로1가141,126.9756655929920299_37.5701107106503116,47.0,45.0,원활,126.9756655929920299_37.5701107106503116|126.9762019638013300_37.5701150604124336
2026-09-04T03:35:30.187978+09:00,광화문·덕수궁,광화문·덕수궁,POI009,KEY_2,1000001003,새문안로,1000009003,세종대로사거리,126.9769600332011521_37.5701212054532618,1000007600,주한요르단명예영사관,126.9762019638013300_37.5701150604124336,67.0,48.0,원활,126.9762019638013300_37.5701150604124336|126.9766258211001428_37.5701184968726238|126.9769600332011521_37.5701212054532618
2026-09-04T03:35:30.187978+09:00,광화문·덕수궁,광화문·덕수궁,POI009,KEY_2,1000001301,종로,1000009001,세종대로사거리,126.9771187019505163_37.5702314111293560,1000009700,종로1가1-3,126.9777559525715844_37.5702421551131351,56.0,47.0,원활,126.9777559525715844_37.5702421551131351|126.9771187019505163_37.5702314111293560
2026-09-04T03:35:30.187978+09:00,광화문·덕수궁,광화문·덕수궁,POI009,KEY_2,1000001302,종로,1000009700,종로1가1-3,126.9777559525715844_37.5702421551131351,1000008804,광화문우체국,126.9784336631558119_37.5702494972367163,60.0,56.0,원활,126.9784336631558119_37.5702494972367163|126.9779432056922133_37.5702453112944994|126.9777559525715844_37.5702421551131351
2026-09-04T03:35:30.187978+09:00,광화문·덕수궁,광화문·덕수궁,POI009,KEY_2,1000001303,종로,1000008801,광화문우체국,126.9785701334498214_37.5702506615867833,1000008609,종로구청입구교차로,126.9792481536049564_37.5702564438606927,60.0,46.0,원활,126.9792481536049564_37.5702564438606927|126.9785701334498214_37.5702506615867833
2026-09-04T03:35:30.187978+09:00,광화문·덕수궁,광화문·덕수궁,POI009,KEY_2,1000001401,종로,1000008000,동아일보사,126.9777588281918099_37.5701340596360964,1000009002,세종대로사거리,126.9770959172438580_37.5701228829325231,59.0,18.0,서행,126.9770959172438580_37.5701228829325231|126.9777588281918099_37.5701340596360964
2026-09-04T03:35:30.187978+09:00,광화문·덕수궁,광화문·덕수궁,POI009,KEY_2,1000001402,종로,1000008803,광화문우체국,126.9784351192109852_37.5701413844145975,1000008000,동아일보사,126.9777588281918099_37.5701340596360964,60.0,18.0,서행,126.9777588281918099_37.5701340596360964|126.9779453713088060_37.5701372048683524|126.9784351192109852_37.5701413844145975
2026-09-04T03:35:30.187978+09:00,광화문·덕수궁,광화문·덕수궁,POI009,KEY_2,1000001403,종로,1000008608,종로구청입구교차로,126.9792446499360778_37.5701482878816435,1000008802,광화문우체국,126.9785715892256235_37.5701425486416056,59.0,10.0,정체,126.9785715892256235_37.5701425486416056|126.9792446499360778_37.5701482878816435
2026-09-04T03:35:30.187978+09:00,광화문·덕수궁,광화문·덕수궁,POI009,KEY_2,1000003301,청계천로,1010033802,호주관광청,126.9797619415674745_37.5689431360811881,1010034101,무교동사거리,126.9793610650683036_37.5689718470786644,36.0,30.0,원활,126.9793610650683036_37.5689718470786644|126.9797619415674745_37.5689431360811881
2026-09-04T03:35:30.187978+09:00,광화문·덕수궁,광화문·덕수궁,POI009,KEY_2,1000003400,청계천로,1010034301,무교동사거리,126.9793440155466442_37.5692674718774171,1010033702,광교사거리,126.9827120922386285_37.5690419071249693,299.0,15.0,서행,126.9827120922386285_37.5690419071249693|126.9793440155466442_37.5692674718774171
2026-09-04T03:35:30.187978+09:00,광화문·덕수궁,광화문·덕수궁,POI009,KEY_2,1000003700,청계천로,1010034102,무교동사거리,126.9792256224440905_37.5689816845044717,1000002000,청계광장,126.9771060680401717_37.5690311929919076,188.0,18.0,서행,126.9771060680401717_37.5690311929919076|126.9774434053876035_37.5690828687536680|126.9775440319711919_37.5690924240737019|126.9777213322496863_37.5690924576651568|126.9792256224440905_37.5689816845044717
2026-09-04T03:35:30.187978+09:00,광화문·덕수궁,광화문·덕수궁,POI009,KEY_2,1000003801,청계천로,1000031000,청계광장,126.9770921904126482_37.5694157550093379,1000007002,동아일보사,126.9783460265061024_37.5693222473721278,111.0,18.0,서행,126.9783460265061024_37.5693222473721278|126.9773834142662849_37.5693879956262435|126.9770921904126482_37.5694157550093379
2026-09-04T03:35:30.187978+09:00,광화문·덕수궁,광화문·덕수궁,POI009,KEY_2,1000003802,청계천로,1000007001,동아일보사,126.9784814758997982_37.5693140408546356,1010034302,무교동사거리,126.9792084451945726_37.5692755952973627,64.0,32.0,원활,126.9792084451945726_37.5692755952973627|126.9784814758997982_37.5693140408546356
2026-09-04T03:35:30.187978+09:00,광화문·덕수궁,광화문·덕수궁,POI009,KEY_2,1000004101,세종대로21길,1010036201,청계광장,126.9769724776174371_37.5689758850454254,1010034202,속성변화점,126.9761089175425468_37.5690525772719468,77.0,36.0,원활,126.9761089175425468_37.5690525772719468|126.9762590231906501_37.5690173503827225|126.9766423549418590_37.5690116154256089|126.9767891468850252_37.5690047706819641|126.9769724776174371_37.5689758850454254
2026-09-04T03:35:30.187978+09:00,광화문·덕수궁,광화문·덕수궁,POI009,KEY_2,1000004201,세종대로21길,1010034201,속성변화점,126.9761701151880970_37.5691453161545397,1010036202,청계광장,126.9769681640981389_37.5690870395436463,71.0,18.0,서행,126.9769681640981389_37.5690870395436463|126.9768062997742106_37.5691122763363623|126.9766476039636132_37.5691196746613940|126.9762762102917009_37.5691252318358337|126.9761701151880970_37.5691453161545397
2026-09-04T03:35:30.187978+09:00,광화문·덕수궁,광화문·덕수궁,POI009,KEY_2,1000004202,세종대로21길,1010034502,조선일보본사,126.9758538003934376_37.5694432589816216,1010034201,속성변화점,126.9761701151880970_37.5691453161545397,44.0,36.0,원활,126.9761701151880970_37.5691453161545397|126.9759646865800136_37.5693016963708999|126.9759165276521173_37.5693486608578553|126.9758538003934376_37.5694432589816216
2026-09-04T03:35:30.187978+09:00,광화문·덕수궁,광화문·덕수궁,POI009,KEY_2,1000004203,세종대로21길,1000008402,신문로1가141,126.9756655929920299_37.5701107106503116,1010034501,조선일보본사,126.9758232836738614_37.5695216067234981,67.0,5.0,정체,126.9758232836738614_37.5695216067234981|126.9756655929920299_37.5701107106503116
2026-09-04T03:35:30.187978+09:00,광화문·덕수궁,광화문·덕수궁,POI009,KEY_2,1000005000,무교로,1000008607,종로구청입구교차로,126.9793805233784241_37.5701494116837509,1010034301,무교동사거리,126.9793440155466442_37.5692674718774171,98.0,28.0,원활,126.9793440155466442_37.5692674718774171|126.9793805233784241_37.5701494116837509
2026-09-04T03:35:30.187978+09:00,광화문·덕수궁,광화문·덕수궁,POI009,KEY_2,1000005101,세종대로,1010036202,청계광장,126.9769681640981389_37.5690870395436463,1000007300,세종로1-80,126.9769534872362158_37.5695820797097966,55.0,53.0,원활,126.9769534872362158_37.5695820797097966|126.9769561223222638_37.5694207011224321|126.9769681640981389_37.5690870395436463
2026-09-04T03:35:30.187978+09:00,광화문·덕수궁,광화문·덕수궁,POI009,KEY_2,1000005102,세종대로,1000007300,세종로1-80,126.9769534872362158_37.5695820797097966,1000009003,세종대로사거리,126.9769600332011521_37.5701212054532618,60.0,53.0,원활,126.9769600332011521_37.5701212054532618|126.9769532767960953_37.5697764532188643|126.9769534872362158_37.5695820797097966
2026-09-04T03:35:30.187978+09:00,광화문·덕수궁,광화문·덕수궁,POI009,KEY_2,1000005202,세종대로,1000009002,세종대로사거리,126.9770959172438580_37.5701228829325231,1000007400,청계천광장,126.9770893091757529_37.5695834801641908,60.0,9.0,정체,126.9770893091757529_37.5695834801641908|126.9770891110814688_37.5697756552470636|126.9770959172438580_37.5701228829325231
2026-09-04T03:35:30.187978+09:00,광화문·덕수궁,광화문·덕수궁,POI009,KEY_2,1000005203,세종대로,1000031000,청계광장,126.9770921904126482_37.5694157550093379,1000002000,청계광장,126.9771060680401717_37.5690311929919076,43.0,12.0,정체,126.9771060680401717_37.5690311929919076|126.9770921904126482_37.5694157550093379
2026-09-04T03:35:30.187978+09:00,광화문·덕수궁,광화문·덕수궁,POI009,KEY_2,1000005204,세종대로,1000007400,청계천광장,126.9770893091757529_37.5695834801641908,1000031000,청계광장,126.9770921904126482_37.5694157550093379,19.0,12.0,정체,126.9770921904126482_37.5694157550093379|126.9770893091757529_37.5695834801641908
2026-09-04T03:35:30.187978+09:00,광화문·덕수궁,광화문·덕수궁,POI009,KEY_2,1000006701,종로3길,1000008605,KT광화문빌딩East,126.9792365875387787_37.5713076844087723,1000002503,종로구청앞교차로,126.9791846724866247_37.5724168674636516,123.0,20.0,서행,126.9791846724866247_37.5724168674636516|126.9792127143992531_37.5722886996592322|126.9792365875387787_37.5713076844087723
2026-09-04T03:35:30.187978+09:00,광화문·덕수궁,광화문·덕수궁,POI009,KEY_2,1000006702,종로3길,1000008609,종로구청입구교차로,126.9792481536049564_37.5702564438606927,1000008604,KT광화문빌딩East,126.9792392182412755_37.5711995824609417,105.0,8.0,정체,126.9792392182412755_37.5711995824609417|126.9792562098357678_37.5705013662105856|126.9792481536049564_37.5702564438606927
2026-09-04T03:35:30.187978+09:00,광화문·덕수궁,광화문·덕수궁,POI009,KEY_2,1000006801,종로3길,1000008603,KT광화문빌딩East,126.9793750304311573_37.5712016763059680,1000008606,종로구청입구교차로,126.9793844377634713_37.5702575676490582,105.0,25.0,원활,126.9793844377634713_37.5702575676490582|126.9793920781041692_37.5705010629446505|126.9793750304311573_37.5712016763059680
2026-09-04T03:35:30.187978+09:00,광화문·덕수궁,광화문·덕수궁,POI009,KEY_2,1000006802,종로3길,1000002502,종로구청앞교차로,126.9793217364559581_37.5724206139039367,1000008602,KT광화문빌딩East,126.9793723999539878_37.5713097781531999,124.0,22.5,서행,126.9793723999539878_37.5713097781531999|126.9793483260029632_37.5722990812992776|126.9793217364559581_37.5724206139039367
2026-09-04T03:35:30.187978+09:00,광화문·덕수궁,광화문·덕수궁,POI009,KEY_2,1000007301,새문안로5길,1000191900,당주동 42-1,126.9747945654450376_37.5713741249107471,1000012004,당주동 42-1,126.9747711914900208_37.5715772036542930,23.0,24.0,서행,126.9747711914900208_37.5715772036542930|126.9747764927874840_37.5715266880177694|126.9747945654450376_37.5713741249107471
2026-09-04T03:35:30.187978+09:00,광화문·덕수궁,광화문·덕수궁,POI009,KEY_2,1000007303,새문안로5길,1000012009,국토매일신문,126.9745343892600573_37.5730633074938467,1000015503,정부중앙청사별관,126.9744112783023837_37.5740498591777197,110.0,19.0,서행,126.9744112783023837_37.5740498591777197|126.9744499541339309_37.5737686609407575|126.9744632498496486_37.5736575921968523|126.9745343892600573_37.5730633074938467
2026-09-04T03:35:30.187978+09:00,광화문·덕수궁,광화문·덕수궁,POI009,KEY_2,1000007304,새문안로5길,1000097900,당주동 9-1,126.9746904072748208_37.5722005256472400,1000012008,국토매일신문,126.9745473563027076_37.5729549828790397,85.0,17.0,서행,126.9745473563027076_37.5729549828790397|126.9746153014773142_37.5723873767864731|126.9746904072748208_37.5722005256472400
2026-09-04T03:35:30.187978+09:00,광화문·덕수궁,광화문·덕수궁,POI009,KEY_2,1000007401,새문안로5길,1000122600,당주동 37-5,126.9749949194423237_37.5708345656133957,1000008301,뉴질랜드관광청,126.9750532070518432_37.5702129564638909,69.0,8.0,정체,126.9750532070518432_37.5702129564638909|126.9750441061559343_37.5704193325342715|126.9750097115534828_37.5707096914500909|126.9749949194423237_37.5708345656133957
2026-09-04T03:35:30.187978+09:00,광화문·덕수궁,광화문·덕수궁,POI009,KEY_2,1000007403,새문안로5길,1000012007,국토매일신문,126.9746825846849134_37.5729652378036505,1000012002,당주동 15-5,126.9748960733688961_37.5716933165325884,143.0,4.0,정체,126.9748960733688961_37.5716933165325884|126.9748542851426265_37.5721476425157519|126.9748197861506611_37.5722334714313035|126.9747491405799735_37.5724092275890840|126.9746825846849134_37.5729652378036505
2026-09-04T03:35:30.187978+09:00,광화문·덕수궁,광화문·덕수궁,POI009,KEY_2,1000007404,새문안로5길,1000015502,정부중앙청사별관,126.9745471372090009_37.5740556283939924,1000012006,국토매일신문,126.9746696177836469_37.5730735623354022,110.0,9.0,정체,126.9746696177836469_37.5730735623354022|126.9745984783698276_37.5736678471220458|126.9745850921002415_37.5737796723370465|126.9745471372090009_37.5740556283939924
2026-09-04T03:35:30.187978+09:00,광화문·덕수궁,광화문·덕수궁,POI009,KEY_2,1000007501,삼봉로,1000013006,신라스테이(광화문),126.9800323953105732_37.5724462314692360,1000002502,종로구청앞교차로,126.9793217364559581_37.5724206139039367,63.0,30.0,원활,126.9793217364559581_37.5724206139039367|126.9799519020942853_37.5724644845951588|126.9800031202296822_37.5724557581351775|126.9800323953105732_37.5724462314692360
2026-09-04T03:35:30.187978+09:00,광화문·덕수궁,광화문·덕수궁,POI009,KEY_2,1000007502,삼봉로,1000012403,조계사앞교차로,126.9829706356902221_37.5719776537276218,1000013004,신라스테이(광화문),126.9801805317354280_37.5724047958457916,252.0,19.0,서행,126.9801805317354280_37.5724047958457916|126.9804914824202910_37.5723319178106152|126.9811053055208276_37.5721880522337770|126.9822536902158987_37.5720311041132078|126.9827182491962247_37.5719849537863269|126.9829706356902221_37.5719776537276218
2026-09-04T03:35:30.187978+09:00,광화문·덕수궁,광화문·덕수궁,POI009,KEY_2,1000007601,삼봉로,1000002501,종로구청앞교차로,126.9793098997934777_37.5725283213326406,1000013008,신라스테이(광화문),126.9800853113310097_37.5725458182865282,69.0,18.0,서행,126.9800853113310097_37.5725458182865282|126.9800433552072860_37.5725594712725126|126.9799603876916336_37.5725736073446370|126.9793098997934777_37.5725283213326406
2026-09-04T03:35:30.187978+09:00,광화문·덕수궁,광화문·덕수궁,POI009,KEY_2,1000008305,사직로8길,1000030902,세종로공원,126.9763299470461675_37.5743620222710391,1000016700,광화문,126.9763532157447088_37.5747826865806687,47.0,19.0,서행,126.9763532157447088_37.5747826865806687|126.9763299470461675_37.5743620222710391
2026-09-04T03:35:30.187978+09:00,광화문·덕수궁,광화문·덕수궁,POI009,KEY_2,1000008306,사직로8길,1000030901,세종로공원,126.9763653836261312_37.5741476322646690,1000030902,세종로공원,126.9763299470461675_37.5743620222710391,24.0,19.0,서행,126.9763299470461675_37.5743620222710391|126.9763653836261312_37.5741476322646690
2026-09-04T03:35:30.187978+09:00,광화문·덕수궁,광화문·덕수궁,POI009,KEY_2,1000008403,세종대로,1000178600,세종로 84-12,126.9773435970436708_37.5716353187199061,1000010301,주한네덜란드대사관,126.9773205016073234_37.5708618739457165,86.0,51.0,원활,126.9773205016073234_37.5708618739457165|126.9773435970436708_37.5716353187199061
2026-09-04T03:35:30.187978+09:00,광화문·덕수궁,광화문·덕수궁,POI009,KEY_2,1000008404,세종대로,1000031103,대한민국역사박물관,126.9772668410657133_37.5742389331108342,1000013701,미국대사관,126.9773127388234570_37.5727861811112405,161.0,30.0,원활,126.9773127388234570_37.5727861811112405|126.9772668410657133_37.5742389331108342
2026-09-04T03:35:30.187978+09:00,광화문·덕수궁,광화문·덕수궁,POI009,KEY_2,1000008405,세종대로,1000031102,대한민국역사박물관,126.9772570032702248_37.5744554912241924,1000031103,대한민국역사박물관,126.9772668410657133_37.5742389331108342,24.0,34.0,원활,126.9772668410657133_37.5742389331108342|126.9772570032702248_37.5744554912241924
2026-09-04T03:35:30.187978+09:00,광화문·덕수궁,광화문·덕수궁,POI009,KEY_2,1000008406,세종대로,1000013701,미국대사관,126.9773127388234570_37.5727861811112405,1000013702,미국대사관,126.9773159428094118_37.5726780742018107,12.0,42.0,원활,126.9773159428094118_37.5726780742018107|126.9773127388234570_37.5727861811112405
2026-09-04T03:35:30.187978+09:00,광화문·덕수궁,광화문·덕수궁,POI009,KEY_2,1000008501,삼봉로,1000013502,주한미국대사관,126.9786734195719902_37.5726343147372575,1000002504,종로구청앞교차로,126.9791894907537966_37.5725249183912950,48.0,29.0,원활,126.9791894907537966_37.5725249183912950|126.9790501230296087_37.5725288554711625|126.9789227998701477_37.5725532930203556|126.9786734195719902_37.5726343147372575
2026-09-04T03:35:30.187978+09:00,광화문·덕수궁,광화문·덕수궁,POI009,KEY_2,1000008502,종로1길,1000016104,정부합동민원실,126.9785818993651674_37.5743088383231623,1000013501,주한미국대사관,126.9786285350510866_37.5726918211835468,180.0,29.0,원활,126.9786285350510866_37.5726918211835468|126.9786270745331507_37.5728076925504126|126.9785818993651674_37.5743088383231623
2026-09-04T03:35:30.187978+09:00,광화문·덕수궁,광화문·덕수궁,POI009,KEY_2,1000008601,삼봉로,1000002503,종로구청앞교차로,126.9791846724866247_37.5724168674636516,1000013503,주한미국대사관,126.9786357598149351_37.5725297706543273,51.0,28.0,원활,126.9786357598149351_37.5725297706543273|126.9788809724591374_37.5724501026944324|126.9790316055260035_37.5724211913871144|126.9791846724866247_37.5724168674636516
2026-09-04T03:35:30.187978+09:00,광화문·덕수궁,광화문·덕수궁,POI009,KEY_2,1000008602,종로1길,1000013505,주한미국대사관,126.9784926276747825_37.5726966398339357,1000016105,정부합동민원실,126.9784455851017384_37.5743231998157583,181.0,28.0,원활,126.9784455851017384_37.5743231998157583|126.9784912513626978_37.5728058559814073|126.9784926276747825_37.5726966398339357
2026-09-04T03:35:30.187978+09:00,광화문·덕수궁,광화문·덕수궁,POI009,KEY_2,1000009102,우정국로,1000017300,안국동사거리,126.9828039229332575_37.5749851341707171,1000017904,안국동로터리,126.9829082928001753_37.5755454257557844,63.0,32.0,원활,126.9829082928001753_37.5755454257557844|126.9828499577781997_37.5754008805051001|126.9828163493672974_37.5752357359225755|126.9827996996409070_37.5750526973415191|126.9828039229332575_37.5749851341707171
2026-09-04T03:35:30.187978+09:00,광화문·덕수궁,광화문·덕수궁,POI009,KEY_2,1000009300,사직로8길,1000015301,스타트경제,126.9734883930231888_37.5741271926938722,1000015504,정부중앙청사별관,126.9744002652443839_37.5741577051489486,81.0,25.0,원활,126.9744002652443839_37.5741577051489486|126.9734883930231888_37.5741271926938722
2026-09-04T03:35:30.187978+09:00,광화문·덕수궁,광화문·덕수궁,POI009,KEY_2,1000009400,사직로8길,1000015503,정부중앙청사별관,126.9744112783023837_37.5740498591777197,1000015302,스타트경제,126.9734940995421653_37.5740191692129102,81.0,18.0,서행,126.9734940995421653_37.5740191692129102|126.9744112783023837_37.5740498591777197
2026-09-04T03:35:30.187978+09:00,광화문·덕수궁,광화문·덕수궁,POI009,KEY_2,1000009700,종로5길,1000016102,정부합동민원실,126.9786256776191635_37.5744598668717487,1000003004,서울지방국세청,126.9792726003818757_37.5744097123775163,57.0,40.0,원활,126.9792726003818757_37.5744097123775163|126.9786256776191635_37.5744598668717487
2026-09-04T03:35:30.187978+09:00,광화문·덕수궁,광화문·덕수궁,POI009,KEY_2,1000009800,종로5길,1000003003,서울지방국세청,126.9792594302951443_37.5743021024994945,1000016103,정부합동민원실,126.9786387287132357_37.5743502241267819,55.0,36.0,원활,126.9786387287132357_37.5743502241267819|126.9792594302951443_37.5743021024994945
2026-09-04T03:35:30.187978+09:00,광화문·덕수궁,광화문·덕수궁,POI009,KEY_2,1000009901,사직로8길,1000015501,정부중앙청사별관,126.9745359191347660_37.5741633893777163,1000015902,중앙지하차도(서측),126.9756117227963585_37.5742176029672024,95.0,11.0,정체,126.9756117227963585_37.5742176029672024|126.9745359191347660_37.5741633893777163
2026-09-04T03:35:30.187978+09:00,광화문·덕수궁,광화문·덕수궁,POI009,KEY_2,1000009902,사직로8길,1000015902,중앙지하차도(서측),126.9756117227963585_37.5742176029672024,1000030902,세종로공원,126.9763299470461675_37.5743620222710391,66.0,19.0,서행,126.9763299470461675_37.5743620222710391|126.9758706991731145_37.5743046632961182|126.9756117227963585_37.5742176029672024
2026-09-04T03:35:30.187978+09:00,광화문·덕수궁,광화문·덕수궁,POI009,KEY_2,1000009903,사직로8길,1000031102,대한민국역사박물관,126.9772570032702248_37.5744554912241924,1000016202,중앙지하차도(동측),126.9780305337901893_37.5744492911494277,69.0,4.0,정체,126.9780305337901893_37.5744492911494277|126.9777525987565241_37.5744864077288838|126.9772766588325226_37.5744570835161937|126.9772570032702248_37.5744554912241924
2026-09-04T03:35:30.187978+09:00,광화문·덕수궁,광화문·덕수궁,POI009,KEY_2,1000009904,사직로8길,1000016202,중앙지하차도(동측),126.9780305337901893_37.5744492911494277,1000016107,정부합동민원실,126.9784461006803866_37.5744659883513918,37.0,32.0,원활,126.9784461006803866_37.5744659883513918|126.9780305337901893_37.5744492911494277
2026-09-04T03:35:30.187978+09:00,광화문·덕수궁,광화문·덕수궁,POI009,KEY_2,1000010001,사직로8길,1000015901,중앙지하차도(서측),126.9756254491522043_37.5741101153048476,1000015502,정부중앙청사별관,126.9745471372090009_37.5740556283939924,95.0,35.0,원활,126.9745471372090009_37.5740556283939924|126.9756254491522043_37.5741101153048476
2026-09-04T03:35:30.187978+09:00,광화문·덕수궁,광화문·덕수궁,POI009,KEY_2,1000010002,사직로8길,1000030901,세종로공원,126.9763653836261312_37.5741476322646690,1000015901,중앙지하차도(서측),126.9756254491522043_37.5741101153048476,66.0,21.0,서행,126.9756254491522043_37.5741101153048476|126.9759083891116944_37.5740905296920999|126.9763653836261312_37.5741476322646690
2026-09-04T03:35:30.187978+09:00,광화문·덕수궁,광화문·덕수궁,POI009,KEY_2,1000010003,사직로8길,1000016201,중앙지하차도(동측),126.9780392001640763_37.5743414013185841,1000031103,대한민국역사박물관,126.9772668410657133_37.5742389331108342,70.0,32.0,원활,126.9772668410657133_37.5742389331108342|126.9773009030501640_37.5742416927750185|126.9777735667203871_37.5742708146941595|126.9780392001640763_37.5743414013185841
2026-09-04T03:35:30.187978+09:00,광화문·덕수궁,광화문·덕수궁,POI009,KEY_2,1000010004,사직로8길,1000016106,정부합동민원실,126.9784265292035883_37.5743569447684180,1000016201,중앙지하차도(동측),126.9780392001640763_37.5743414013185841,34.0,16.0,서행,126.9780392001640763_37.5743414013185841|126.9784265292035883_37.5743569447684180
2026-09-04T03:35:30.187978+09:00,광화문·덕수궁,광화문·덕수궁,POI009,KEY_2,1000010600,새문안로5길,1000019302,정부서울청사사거리,126.9743957431224146_37.5756988655088620,1000015501,정부중앙청사별관,126.9745359191347660_37.5741633893777163,171.0,6.0,정체,126.9745359191347660_37.5741633893777163|126.9745251838795923_37.5743178497332622|126.9743883747213147_37.5754949317932088|126.9743883466303203_37.5755769520238516|126.9743957431224146_37.5756988655088620
2026-09-04T03:35:30.187978+09:00,광화문·덕수궁,광화문·덕수궁,POI009,KEY_2,1000011101,종로1길,1000061700,세종로 23-3,126.9788627671283336_37.5751151643689312,1000018300,경복궁사거리,126.9791985772177298_37.5755559719213679,57.0,30.0,원활,126.9791985772177298_37.5755559719213679|126.9791278841071005_37.5754329070121216|126.9790835784237970_37.5753764590680319|126.9788627671283336_37.5751151643689312
2026-09-04T03:35:30.187978+09:00,광화문·덕수궁,광화문·덕수궁,POI009,KEY_2,1000011102,종로1길,1000018300,경복궁사거리,126.9791985772177298_37.5755559719213679,1000019703,경복궁사거리,126.9793107532419185_37.5757813746508091,27.0,30.0,원활,126.9793107532419185_37.5757813746508091|126.9791985772177298_37.5755559719213679
2026-09-04T03:35:30.187978+09:00,광화문·덕수궁,광화문·덕수궁,POI009,KEY_2,1000011201,종로1길,1000018200,경복궁,126.9792457576218681_37.5753789068622197,1000016101,정부합동민원실,126.9785925869651777_37.5744763969490307,116.0,23.0,서행,126.9785925869651777_37.5744763969490307|126.9786030542454114_37.5745264529886569|126.9786595083860163_37.5746487570202206|126.9787160834317490_37.5747406686916463|126.9788572860340707_37.5749149509381581|126.9789754866872897_37.5750548226999328|126.9791975771393453_37.5753176298490956|126.9792457576218681_37.5753789068622197
2026-09-04T03:35:30.187978+09:00,광화문·덕수궁,광화문·덕수궁,POI009,KEY_2,1000011202,종로1길,1000019702,경복궁사거리,126.9794701198467664_37.5758080047390521,1000018200,경복궁,126.9792457576218681_37.5753789068622197,52.0,2.0,정체,126.9792457576218681_37.5753789068622197|126.9793010192322811_37.5754682222458030|126.9794701198467664_37.5758080047390521
2026-09-04T03:35:30.187978+09:00,광화문·덕수궁,광화문·덕수궁,POI009,KEY_2,1000011501,율곡로,1000019401,경복궁,126.9801381644492011_37.5758813627365100,1000019702,경복궁사거리,126.9794701198467664_37.5758080047390521,60.0,19.0,서행,126.9794701198467664_37.5758080047390521|126.9797343426333214_37.5758559422202438|126.9799729505737531_37.5758791430045278|126.9801381644492011_37.5758813627365100
2026-09-04T03:35:30.187978+09:00,광화문·덕수궁,광화문·덕수궁,POI009,KEY_2,1000011502,율곡로,1000019203,주한멕시코대사관,126.9811804454430160_37.5757381628755169,1000019401,경복궁,126.9801381644492011_37.5758813627365100,94.0,19.0,서행,126.9801381644492011_37.5758813627365100|126.9801458468412108_37.5758814661415386|126.9803274747907409_37.5758700232846223|126.9811804454430160_37.5757381628755169
2026-09-04T03:35:30.187978+09:00,광화문·덕수궁,광화문·덕수궁,POI009,KEY_2,1000011503,율곡로,1000018100,안국동사거리,126.9820370732549009_37.5756052331219763,1000019202,주한멕시코대사관,126.9813332527749594_37.5757145141333595,63.0,19.0,서행,126.9813332527749594_37.5757145141333595|126.9820370732549009_37.5756052331219763
2026-09-04T03:35:30.187978+09:00,광화문·덕수궁,광화문·덕수궁,POI009,KEY_2,1000011504,율곡로,1000017904,안국동로터리,126.9829082928001753_37.5755454257557844,1000018100,안국동사거리,126.9820370732549009_37.5756052331219763,78.0,13.0,정체,126.9820370732549009_37.5756052331219763|126.9821849025842226_37.5755822792614822|126.9823949596761850_37.5755556593554090|126.9825949987016998_37.5755409919947070|126.9827732334880466_37.5755410181384661|126.9829082928001753_37.5755454257557844
2026-09-04T03:35:30.187978+09:00,광화문·덕수궁,광화문·덕수궁,POI009,KEY_2,1000011601,율곡로,1000019701,경복궁사거리,126.9795067975766756_37.5759255521593971,1000020300,경복궁,126.9801205068413168_37.5759892604625989,55.0,9.0,정체,126.9801205068413168_37.5759892604625989|126.9799635415281358_37.5759871517272330|126.9797109494754608_37.5759625907229378|126.9795067975766756_37.5759255521593971
2026-09-04T03:35:30.187978+09:00,광화문·덕수궁,광화문·덕수궁,POI009,KEY_2,1000011603,율곡로,1000020300,경복궁,126.9801205068413168_37.5759892604625989,1000017905,안국동로터리,126.9829348569925571_37.5756562270635044,252.0,14.0,정체,126.9829348569925571_37.5756562270635044|126.9829125468357773_37.5756537744281829|126.9827704373494015_37.5756491370767236|126.9826012303179823_37.5756491122595975|126.9824118889619911_37.5756629946566250|126.9822085957164859_37.5756887578650449|126.9820630846885052_37.5757113517092307|126.9813592631155075_37.5758206328940290|126.9812063475179400_37.5758442987123971|126.9803458434132892_37.5759773239770425|126.9801500700749699_37.5759896573698668|126.9801205068413168_37.5759892604625989
2026-09-04T03:35:30.187978+09:00,광화문·덕수궁,광화문·덕수궁,POI009,KEY_2,1000011700,사직로,1000019303,정부서울청사사거리,126.9742603998069796_37.5757097304571062,1000019802,경복궁역사거리,126.9727094012703503_37.5758424186585529,138.0,30.5,원활,126.9727094012703503_37.5758424186585529|126.9729390930378230_37.5758227698022793|126.9733793101036952_37.5757851103966303|126.9742603998069796_37.5757097304571062
2026-09-04T03:35:30.187978+09:00,광화문·덕수궁,광화문·덕수궁,POI009,KEY_2,1000011800,사직로,1000242400,적선동 8-1,126.9733938280741512_37.5758926104395314,1000019304,정부서울청사사거리,126.9742589191568953_37.5758185992423250,77.0,18.0,서행,126.9742589191568953_37.5758185992423250|126.9733938280741512_37.5758926104395314
2026-09-04T03:35:30.187978+09:00,광화문·덕수궁,광화문·덕수궁,POI009,KEY_2,1000012001,사직로,1000018500,광화문,126.9756248255992830_37.5755943672526271,1000019302,정부서울청사사거리,126.9743957431224146_37.5756988655088620,109.0,40.3,원활,126.9743957431224146_37.5756988655088620|126.9754810818243271_37.5756177185546321|126.9756248255992830_37.5755943672526271
2026-09-04T03:35:30.187978+09:00,광화문·덕수궁,광화문·덕수궁,POI009,KEY_2,1000012101,사직로,1000003601,광화문삼거리,126.9772026040190127_37.5752961563211159,1000020200,경복궁,126.9786283706113750_37.5757946408291801,142.0,29.0,원활,126.9786283706113750_37.5757946408291801|126.9780494814518477_37.5757270176835334|126.9778051553330869_37.5756687993840117|126.9775841152535918_37.5755595455980540|126.9773389726312587_37.5753713360195221|126.9772665949307680_37.5753228898854132|126.9772026040190127_37.5752961563211159
2026-09-04T03:35:30.187978+09:00,광화문·덕수궁,광화문·덕수궁,POI009,KEY_2,1000012102,사직로,1000020200,경복궁,126.9786283706113750_37.5757946408291801,1000019704,경복궁사거리,126.9793621536958312_37.5759001150550986,66.0,27.0,원활,126.9793621536958312_37.5759001150550986|126.9791440605087161_37.5758645700478056|126.9786283706113750_37.5757946408291801
2026-09-04T03:35:30.187978+09:00,광화문·덕수궁,광화문·덕수궁,POI009,KEY_2,1000012201,사직로,1000018900,광화문,126.9779451863085598_37.5756050720602488,1000003602,광화문삼거리,126.9772110255811555_37.5752034687002023,79.0,19.0,서행,126.9772110255811555_37.5752034687002023|126.9772928511832646_37.5752335458452649|126.9773935570080141_37.5752794922773816|126.9776603729761888_37.5754731005354259|126.9778509223909992_37.5755747642951761|126.9779451863085598_37.5756050720602488
2026-09-04T03:35:30.187978+09:00,광화문·덕수궁,광화문·덕수궁,POI009,KEY_2,1000012202,사직로,1000019100,경복궁,126.9786480964121154_37.5756876675167888,1000018900,광화문,126.9779451863085598_37.5756050720602488,63.0,19.0,서행,126.9779451863085598_37.5756050720602488|126.9786480964121154_37.5756876675167888
2026-09-04T03:35:30.187978+09:00,광화문·덕수궁,광화문·덕수궁,POI009,KEY_2,1000012203,사직로,1000019703,경복궁사거리,126.9793107532419185_37.5757813746508091,1000019100,경복궁,126.9786480964121154_37.5756876675167888,59.0,12.0,정체,126.9786480964121154_37.5756876675167888|126.9791690991976765_37.5757582877498706|126.9793107532419185_37.5757813746508091
2026-09-04T03:35:30.187978+09:00,광화문·덕수궁,광화문·덕수궁,POI009,KEY_2,1000012800,율곡로,1000099700,관훈동 113,126.9843012547585914_37.5759322813818102,1000017902,안국동로터리,126.9831650747284471_37.5755740090362238,108.0,32.0,원활,126.9831650747284471_37.5755740090362238|126.9832157778299404_37.5755801309922148|126.9834207454955077_37.5756172367829961|126.9836820397707413_37.5756980185194678|126.9842468281761967_37.5759072448986657|126.9843012547585914_37.5759322813818102
2026-09-04T03:35:30.187978+09:00,광화문·덕수궁,광화문·덕수궁,POI009,KEY_2,1000013802,율곡로3길,1000187200,안국동 177-3,126.9825779024490799_37.5773003698629964,1000017901,안국동로터리,126.9830699625115358_37.5756718813989750,188.0,10.0,정체,126.9830699625115358_37.5756718813989750|126.9830564549576764_37.5759140717657090|126.9830330914684993_37.5760255151221827|126.9826494722971120_37.5768341676311906|126.9826150056688476_37.5769949197743074|126.9825779024490799_37.5773003698629964
2026-09-04T03:35:30.187978+09:00,광화문·덕수궁,광화문·덕수궁,POI009,KEY_2,1000014301,삼청로,1000019704,경복궁사거리,126.9793621536958312_37.5759001150550986,1000020600,대한출판문화협회,126.9794687888132074_37.5765544121067592,73.0,39.0,원활,126.9794687888132074_37.5765544121067592|126.9794674172659654_37.5764824989996455|126.9794172673057773_37.5761249117022231|126.9793621536958312_37.5759001150550986
2026-09-04T03:35:30.187978+09:00,광화문·덕수궁,광화문·덕수궁,POI009,KEY_2,1000014302,삼청로,1000020600,대한출판문화협회,126.9794687888132074_37.5765544121067592,1000022703,국군서울지구병원,126.9798562503477797_37.5800221917764006,388.0,22.0,서행,126.9798562503477797_37.5800221917764006|126.9796182985417516_37.5793264763807215|126.9795665449151443_37.5791397220131316|126.9795478931843604_37.5790381290051698|126.9795326834604623_37.5788730174103378|126.9794969047037227_37.5780275498626395|126.9794687888132074_37.5765544121067592
2026-09-04T03:35:30.187978+09:00,광화문·덕수궁,광화문·덕수궁,POI009,KEY_2,1000014401,삼청로,1000021000,대한출판문화협회,126.9796046197648423_37.5765527706146756,1000019701,경복궁사거리,126.9795067975766756_37.5759255521593971,70.0,30.0,원활,126.9795067975766756_37.5759255521593971|126.9795516592807161_37.5761085342554608|126.9796031487506696_37.5764756650611034|126.9796046197648423_37.5765527706146756
2026-09-04T03:35:30.187978+09:00,광화문·덕수궁,광화문·덕수궁,POI009,KEY_2,1000014402,삼청로,1000022702,국군서울지구병원,126.9799873332334244_37.5799937943622950,1000021000,대한출판문화협회,126.9796046197648423_37.5765527706146756,385.0,24.0,서행,126.9796046197648423_37.5765527706146756|126.9796327193578946_37.5780249082326065|126.9796683669145381_37.5788672429607900|126.9796830227134734_37.5790263448128528|126.9797002616005130_37.5791202376619609|126.9797502489418548_37.5793006189381842|126.9799873332334244_37.5799937943622950
2026-09-04T03:35:30.187978+09:00,광화문·덕수궁,광화문·덕수궁,POI009,KEY_2,1000032200,사직로8길,1000015902,중앙지하차도(서측),126.9756117227963585_37.5742176029672024,1000016202,중앙지하차도(동측),126.9780305337901893_37.5744492911494277,215.0,33.0,원활,126.9780305337901893_37.5744492911494277|126.9772827190510327_37.5744032358319444|126.9771755284284893_37.5743945520917961|126.9766024909210955_37.5743251885524288|126.9761774658537661_37.5742806845081674|126.9756117227963585_37.5742176029672024
2026-09-04T03:35:30.187978+09:00,광화문·덕수궁,광화문·덕수궁,POI009,KEY_2,1000015201,효자로,1000022102,한글전각갤러리,126.9739017858953645_37.5793498869892204,1000019301,정부서울청사사거리,126.9743957935852450_37.5758074664167268,396.0,26.0,원활,126.9743957935852450_37.5758074664167268|126.9743764184428017_37.5760755345660726|126.9743092662572082_37.5764778948295017|126.9741719066146146_37.5773009081164844|126.9741268698984413_37.5775378120208856|126.9740611119599407_37.5778837117652031|126.9740177174622744_37.5782830491677231|126.9739017858953645_37.5793498869892204
2026-09-04T03:35:30.187978+09:00,광화문·덕수궁,광화문·덕수궁,POI009,KEY_2,1000023500,종로,1000007002,동아일보사,126.9783460265061024_37.5693222473721278,1000008803,광화문우체국,126.9784351192109852_37.5701413844145975,91.0,20.0,서행,126.9784351192109852_37.5701413844145975|126.9783460265061024_37.5693222473721278
2026-09-04T03:35:30.187978+09:00,광화문·덕수궁,광화문·덕수궁,POI009,KEY_2,1000023800,세종대로,1000007300,세종로1-80,126.9769534872362158_37.5695820797097966,1000007600,주한요르단명예영사관,126.9762019638013300_37.5701150604124336,93.0,41.0,원활,126.9762019638013300_37.5701150604124336|126.9765157204813590_37.5700245083348179|126.9765948042672790_37.5699744620325760|126.9767188239706144_37.5698815155413541|126.9768230812362049_37.5697756907165257|126.9769442873751473_37.5696462098692763|126.9769534872362158_37.5695820797097966
2026-09-04T03:35:30.187978+09:00,광화문·덕수궁,광화문·덕수궁,POI009,KEY_2,1000023900,종로,1000008000,동아일보사,126.9777588281918099_37.5701340596360964,1000007400,청계천광장,126.9770893091757529_37.5695834801641908,91.0,5.0,정체,126.9770893091757529_37.5695834801641908|126.9770963075021939_37.5696479702720865|126.9772094321437663_37.5697743360528662|126.9773459521211265_37.5699388507560457|126.9774735034476549_37.5700533015790512|126.9775723207871607_37.5701062430602590|126.9777588281918099_37.5701340596360964
2026-09-04T03:35:30.187978+09:00,광화문·덕수궁,광화문·덕수궁,POI009,KEY_2,1000025901,종로5길,1000008909,GS건설본사,126.9806366436472871_37.5713225324397655,1000013005,신라스테이(광화문),126.9801024195699028_37.5723985668960268,128.0,5.0,정체,126.9801024195699028_37.5723985668960268|126.9801274853195991_37.5723618756308824|126.9801882517644884_37.5722503255379436|126.9804583466781196_37.5717160525297444|126.9804740373480314_37.5716814217555211|126.9806366436472871_37.5713225324397655
2026-09-04T03:35:30.187978+09:00,광화문·덕수궁,광화문·덕수궁,POI009,KEY_2,1000026600,세종대로23길,1000103800,당주동 5-2,126.9738882499421777_37.5716930130245785,1000012005,당주동 50,126.9747605984092615_37.5716854222088443,77.0,41.0,원활,126.9747605984092615_37.5716854222088443|126.9741381445169708_37.5716908392042441|126.9738882499421777_37.5716930130245785
2026-09-04T03:35:30.187978+09:00,광화문·덕수궁,광화문·덕수궁,POI009,KEY_2,1000029000,삼봉로,1000013504,주한미국대사관,126.9784467211068915_37.5726032215874994,1000013702,미국대사관,126.9773159428094118_37.5726780742018107,102.0,19.0,서행,126.9773159428094118_37.5726780742018107|126.9782512339889990_37.5726820504358230|126.9783129244980984_37.5726656952107234|126.9784467211068915_37.5726032215874994
2026-09-04T03:35:30.187978+09:00,광화문·덕수궁,광화문·덕수궁,POI009,KEY_2,1000029100,삼봉로,1000013701,미국대사관,126.9773127388234570_37.5727861811112405,1000013506,주한미국대사관,126.9785034818852267_37.5727020694592397,108.0,37.0,원활,126.9785034818852267_37.5727020694592397|126.9783693699185818_37.5727646906777721|126.9782729085429054_37.5727902630233856|126.9773127388234570_37.5727861811112405
2026-09-04T03:35:30.187978+09:00,광화문·덕수궁,광화문·덕수궁,POI009,KEY_2,1000030300,종로5길,1000013007,신라스테이(광화문),126.9800318327919655_37.5725027624303252,1000003003,서울지방국세청,126.9792594302951443_37.5743021024994945,212.0,36.0,원활,126.9792594302951443_37.5743021024994945|126.9792759294909956_37.5741870574901426|126.9797264864295556_37.5733456984577785|126.9799216853167252_37.5728080378637372|126.9800098025583424_37.5725355279602269|126.9800318327919655_37.5725027624303252
2026-09-04T03:35:30.187978+09:00,광화문·덕수궁,광화문·덕수궁,POI009,KEY_2,1000030400,종로5길,1000003002,서울지방국세청,126.9793945615540594_37.5743132109144398,1000013001,신라스테이(광화문),126.9801555512632518_37.5725479005761187,208.0,36.0,원활,126.9801555512632518_37.5725479005761187|126.9801372815345815_37.5725750734258099|126.9800527402421295_37.5728365252146901|126.9798546919840163_37.5733820359051833|126.9794086508121325_37.5742149647006229|126.9793945615540594_37.5743132109144398
2026-09-04T03:35:30.187978+09:00,광화문·덕수궁,광화문·덕수궁,POI009,KEY_2,1000031700,인사동길,1000200000,관훈동 177-1,126.9846248795644641_37.5741354335962896,1000017903,안국동로터리,126.9830393503038977_37.5755166265144283,209.0,19.0,서행,126.9830393503038977_37.5755166265144283|126.9832578502403493_37.5753718765763765|126.9833833057397072_37.5752802649537472|126.9833874257963799_37.5752759258947009|126.9838138538233210_37.5748268274858290|126.9839983126868219_37.5746325599944413|126.9840028137515446_37.5746278195686330|126.9841931260739045_37.5744516475788828|126.9843256891268339_37.5743491032214507|126.9843944674535408_37.5742999847176264|126.9846248795644641_37.5741354335962896
2026-09-04T03:35:30.187978+09:00,광화문·덕수궁,광화문·덕수궁,POI009,KEY_2,1000032100,사직로8길,1000016201,중앙지하차도(동측),126.9780392001640763_37.5743414013185841,1000015901,중앙지하차도(서측),126.9756254491522043_37.5741101153048476,215.0,37.0,원활,126.9756254491522043_37.5741101153048476|126.9761957492264486_37.5741735473063159|126.9766215660821871_37.5742181343338189|126.9771926297512294_37.5742872595378330|126.9772948428578871_37.5742955404616978|126.9780392001640763_37.5743414013185841
2026-09-04T03:35:30.187978+09:00,광화문·덕수궁,광화문·덕수궁,POI009,KEY_2,1010005904,세종대로,1010017809,소공동주민센터,126.9763214748840596_37.5626583872939435,1010021603,시청앞광장,126.9768324946201261_37.5639716881909536,153.0,20.0,서행,126.9768324946201261_37.5639716881909536|126.9764915927669620_37.5630734109549138|126.9763214748840596_37.5626583872939435
2026-09-04T03:35:30.187978+09:00,광화문·덕수궁,광화문·덕수궁,POI009,KEY_2,1000032700,율곡로2길,1000064500,수송동 85,126.9808437743933212_37.5753197426095085,1000003002,서울지방국세청,126.9793945615540594_37.5743132109144398,170.0,17.0,서행,126.9793945615540594_37.5743132109144398|126.9794413053962359_37.5743246674037579|126.9795218589004548_37.5743613221576922|126.9800684692065005_37.5747696032537419|126.9808437743933212_37.5753197426095085
2026-09-04T03:35:30.187978+09:00,광화문·덕수궁,광화문·덕수궁,POI009,KEY_2,1000032800,율곡로2길,1000003001,서울지방국세청,126.9793545831470993_37.5744165416395930,1000019203,주한멕시코대사관,126.9811804454430160_37.5757381628755169,219.0,11.0,정체,126.9811804454430160_37.5757381628755169|126.9810303591040253_37.5755969856150003|126.9807533749140589_37.5754004466844975|126.9799767752529789_37.5748493879335896|126.9794405580789487_37.5744488693975143|126.9793869466254961_37.5744244737253723|126.9793545831470993_37.5744165416395930
2026-09-04T03:35:30.187978+09:00,광화문·덕수궁,광화문·덕수궁,POI009,KEY_2,1000033500,사직로8길,1000016700,광화문,126.9763532157447088_37.5747826865806687,1000018500,광화문,126.9756248255992830_37.5755943672526271,120.0,15.0,서행,126.9756248255992830_37.5755943672526271|126.9757224088591272_37.5755618208710729|126.9758504305735158_37.5754900338429323|126.9760508643001629_37.5753564685578638|126.9761754799532412_37.5752709023523934|126.9762520914758284_37.5751999395367235|126.9763079793872578_37.5751369053768087|126.9763381579947321_37.5750888967285448|126.9763591702643026_37.5749970467265655|126.9763532157447088_37.5747826865806687
2026-09-04T03:35:30.187978+09:00,광화문·덕수궁,광화문·덕수궁,POI009,KEY_2,1000033900,우정국로,1000017300,안국동사거리,126.9828039229332575_37.5749851341707171,1000018100,안국동사거리,126.9820370732549009_37.5756052331219763,102.0,30.0,원활,126.9820370732549009_37.5756052331219763|126.9822935365986751_37.5755095925525495|126.9827428871539610_37.5751967734075052|126.9827905797247212_37.5750539177611387|126.9828039229332575_37.5749851341707171
2026-09-04T03:35:30.187978+09:00,광화문·덕수궁,광화문·덕수궁,POI009,KEY_2,1000034600,종로1길,1000018300,경복궁사거리,126.9791985772177298_37.5755559719213679,1000019100,경복궁,126.9786480964121154_37.5756876675167888,52.0,20.0,서행,126.9786480964121154_37.5756876675167888|126.9788862592677674_37.5756563323175570|126.9790599923662171_37.5756153599018674|126.9791438638352332_37.5755915362356276|126.9791953891944161_37.5755648461559062|126.9791985772177298_37.5755559719213679
2026-09-04T03:35:30.187978+09:00,광화문·덕수궁,광화문·덕수궁,POI009,KEY_2,1000034900,율곡로,1000019401,경복궁,126.9801381644492011_37.5758813627365100,1000018200,경복궁,126.9792457576218681_37.5753789068622197,101.0,19.0,서행,126.9792457576218681_37.5753789068622197|126.9793355830232144_37.5754952608411301|126.9794316395642397_37.5755988334256017|126.9795071017629624_37.5756589212616419|126.9796274882100420_37.5757347490756146|126.9797877149027556_37.5758145479697703|126.9801381644492011_37.5758813627365100
2026-09-04T03:35:30.187978+09:00,광화문·덕수궁,광화문·덕수궁,POI009,KEY_2,1000035200,사직로,1000020200,경복궁,126.9786283706113750_37.5757946408291801,1000020600,대한출판문화협회,126.9794687888132074_37.5765544121067592,118.0,15.0,서행,126.9794687888132074_37.5765544121067592|126.9794368084534142_37.5764098329770562|126.9791960602808700_37.5761637733622180|126.9789750836954596_37.5759177176703147|126.9788694300669647_37.5758537146814078|126.9786283706113750_37.5757946408291801
2026-09-04T03:35:30.187978+09:00,광화문·덕수궁,광화문·덕수궁,POI009,KEY_2,1000035300,삼청로,1000021000,대한출판문화협회,126.9796046197648423_37.5765527706146756,1000020300,경복궁,126.9801205068413168_37.5759892604625989,93.0,16.0,서행,126.9801205068413168_37.5759892604625989|126.9797298312382878_37.5760780464987292|126.9796597331679635_37.5761137931100748|126.9796040049640879_37.5761795786155588|126.9796046197648423_37.5765527706146756
2026-09-04T03:35:30.187978+09:00,광화문·덕수궁,광화문·덕수궁,POI009,KEY_2,1000046300,새문안로2길,1000031901,LG생활건강본사,126.9726562477517007_37.5694752037596373,1010034407,덕수초교앞,126.9742405418020041_37.5694753085403192,140.0,15.0,서행,126.9742405418020041_37.5694753085403192|126.9737001184918910_37.5694668895599477|126.9732258257600250_37.5694752072557421|126.9732250058664107_37.5694752072526938|126.9726562477517007_37.5694752037596373
2026-09-04T03:35:30.187978+09:00,광화문·덕수궁,광화문·덕수궁,POI009,KEY_2,1000046400,새문안로2길,1010034406,덕수초교앞,126.9742124026112293_37.5693667298241039,1000031902,LG생활건강본사,126.9726548639586667_37.5693670843502048,138.0,10.0,정체,126.9726548639586667_37.5693670843502048|126.9732243295454310_37.5693670883595701|126.9736984915906817_37.5693587722487976|126.9736999516345151_37.5693587466388053|126.9742124026112293_37.5693667298241039
2026-09-04T03:35:30.187978+09:00,광화문·덕수궁,광화문·덕수궁,POI009,KEY_2,1000046500,종로3길,1000008602,KT광화문빌딩East,126.9793723999539878_37.5713097781531999,1000008909,GS건설본사,126.9806366436472871_37.5713225324397655,112.0,9.0,정체,126.9806366436472871_37.5713225324397655|126.9793723999539878_37.5713097781531999
2026-09-04T03:35:30.187978+09:00,광화문·덕수궁,광화문·덕수궁,POI009,KEY_2,1000046600,종로3길,1000008908,GS건설본사,126.9806854115378769_37.5712148957716821,1000008603,KT광화문빌딩East,126.9793750304311573_37.5712016763059680,116.0,10.0,정체,126.9793750304311573_37.5712016763059680|126.9806854115378769_37.5712148957716821
2026-09-04T03:35:30.187978+09:00,광화문·덕수궁,광화문·덕수궁,POI009,KEY_2,1000046900,새문안로5길,1000012006,국토매일신문,126.9746696177836469_37.5730735623354022,1000032002,세종문화회관,126.9758250290710748_37.5731209316015295,105.0,12.0,정체,126.9758250290710748_37.5731209316015295|126.9757824820902385_37.5730812205397768|126.9757224844348826_37.5730583643911942|126.9746696177836469_37.5730735623354022
2026-09-04T03:35:30.187978+09:00,광화문·덕수궁,광화문·덕수궁,POI009,KEY_2,1010006002,세종대로,1010021602,시청앞광장,126.9769689889781006_37.5639574810137518,1010015700,숭례문,126.9758216757282128_37.5609807560682611,346.0,28.0,원활,126.9758216757282128_37.5609807560682611|126.9761127772680140_37.5617942588954108|126.9761509252078469_37.5618937585952821|126.9764084629013752_37.5625220596037011|126.9764505959815182_37.5626248484352132|126.9766211792211692_37.5630410044178191|126.9769689889781006_37.5639574810137518
2026-09-04T03:35:30.187978+09:00,광화문·덕수궁,광화문·덕수궁,POI009,KEY_2,1010007305,서소문로,1010060500,서소문동 42-3,126.9748814331857290_37.5634753132613639,1010021604,시청앞광장,126.9768728564433928_37.5640783561644085,191.0,23.0,서행,126.9768728564433928_37.5640783561644085|126.9766787939362445_37.5640859652900971|126.9765523317762188_37.5640754535460886|126.9763400428201123_37.5640251139761148|126.9749917778751325_37.5635158830683409|126.9748814331857290_37.5634753132613639
2026-09-04T03:35:30.187978+09:00,광화문·덕수궁,광화문·덕수궁,POI009,KEY_2,1010007405,서소문로,1010021603,시청앞광장,126.9768324946201261_37.5639716881909536,1010020202,중앙일보사,126.9742502538365869_37.5631241528421853,249.0,24.0,서행,126.9742502538365869_37.5631241528421853|126.9749383845103381_37.5633771573157134|126.9750493665217306_37.5634179614493959|126.9763888286545210_37.5639238670732283|126.9765790012718583_37.5639689628774178|126.9766825277856697_37.5639775680622137|126.9768324946201261_37.5639716881909536
2026-09-04T03:35:30.187978+09:00,광화문·덕수궁,광화문·덕수궁,POI009,KEY_2,1010007500,소공로,1010017903,한국은행앞교차로,126.9811556456876929_37.5619216279188848,1010021703,소공로지하상가,126.9793735854893129_37.5639048297059688,271.0,27.0,원활,126.9793735854893129_37.5639048297059688|126.9799260872659801_37.5633234478845921|126.9804607657373765_37.5627352047527836|126.9809958432867205_37.5621465108158432|126.9811556456876929_37.5619216279188848
2026-09-04T03:35:30.187978+09:00,광화문·덕수궁,광화문·덕수궁,POI009,KEY_2,1010008401,세종대로18길,1010021203,우성빌딩,126.9777193951018148_37.5638099385310227,1010021602,시청앞광장,126.9769689889781006_37.5639574810137518,68.0,27.0,원활,126.9769689889781006_37.5639574810137518|126.9777193951018148_37.5638099385310227
2026-09-04T03:35:30.187978+09:00,광화문·덕수궁,광화문·덕수궁,POI009,KEY_2,1010008402,세종대로18길,1010073800,소공동 87-15,126.9784945856248157_37.5638009334543241,1010021202,우성빌딩,126.9778443694909242_37.5637825313256783,58.0,14.0,정체,126.9778443694909242_37.5637825313256783|126.9779245419285019_37.5637634021338656|126.9780550037610567_37.5637507097928918|126.9781651142375978_37.5637590779395225|126.9784945856248157_37.5638009334543241
2026-09-04T03:35:30.187978+09:00,광화문·덕수궁,광화문·덕수궁,POI009,KEY_2,1010009100,남대문로7길,1010021108,호텔이비스명동,126.9820519451972700_37.5636664770067483,1010021702,소공로지하상가,126.9795475428450970_37.5639009918525275,227.0,11.0,정체,126.9795475428450970_37.5639009918525275|126.9796803370022360_37.5638948862261515|126.9806310216740002_37.5639896452279629|126.9820519451972700_37.5636664770067483
2026-09-04T03:35:30.187978+09:00,광화문·덕수궁,광화문·덕수궁,POI009,KEY_2,1010009200,남대문로7길,1010021701,소공로지하상가,126.9794402894512473_37.5640142229526717,1010021109,호텔이비스명동,126.9820873216543333_37.5637708767384169,240.0,23.0,서행,126.9820873216543333_37.5637708767384169|126.9806416666700954_37.5640996703370931|126.9796757766825266_37.5640033960331934|126.9794402894512473_37.5640142229526717
2026-09-04T03:35:30.187978+09:00,광화문·덕수궁,광화문·덕수궁,POI009,KEY_2,1010009501,소공로,1010021704,소공로지하상가,126.9792789797845671_37.5640057968385435,1010023303,조선호텔,126.9788152991022230_37.5645029149171776,69.0,11.0,정체,126.9788152991022230_37.5645029149171776|126.9792789797845671_37.5640057968385435
2026-09-04T03:35:30.187978+09:00,광화문·덕수궁,광화문·덕수궁,POI009,KEY_2,1010009502,소공로,1010023304,조선호텔,126.9787312154575005_37.5645930511843886,1010024703,시청앞광장,126.9784672029423973_37.5649273269454653,44.0,31.0,원활,126.9784672029423973_37.5649273269454653|126.9785328581880179_37.5648259321764542|126.9786099909753290_37.5647229929441977|126.9787312154575005_37.5645930511843886
2026-09-04T03:35:30.187978+09:00,광화문·덕수궁,광화문·덕수궁,POI009,KEY_2,1010009601,소공로,1010023302,조선호텔,126.9789243502561220_37.5645673683433330,1010021701,소공로지하상가,126.9794402894512473_37.5640142229526717,76.0,35.5,원활,126.9794402894512473_37.5640142229526717|126.9789243502561220_37.5645673683433330
2026-09-04T03:35:30.187978+09:00,광화문·덕수궁,광화문·덕수궁,POI009,KEY_2,1010009602,소공로,1010024701,속성변화점,126.9786056986612977_37.5650244624703831,1010023301,조선호텔,126.9788402605382771_37.5646575116433681,47.0,30.0,원활,126.9788402605382771_37.5646575116433681|126.9787231273203787_37.5647830692895752|126.9786516629586544_37.5648784430538711|126.9786287557715099_37.5649138199071757|126.9786056986612977_37.5650244624703831
2026-09-04T03:35:30.187978+09:00,광화문·덕수궁,광화문·덕수궁,POI009,KEY_2,1010009902,세종대로,1010021604,시청앞광장,126.9768728564433928_37.5640783561644085,1010024204,시청앞교차로,126.9770880989032236_37.5648197786229900,85.0,50.0,원활,126.9770880989032236_37.5648197786229900|126.9770591791834136_37.5646629693451288|126.9770001947957212_37.5644354373990907|126.9769219936512883_37.5642088549141349|126.9768728564433928_37.5640783561644085
2026-09-04T03:35:30.187978+09:00,광화문·덕수궁,광화문·덕수궁,POI009,KEY_2,1010010000,세종대로,1010024203,시청앞교차로,126.9772135411598413_37.5647555843739269,1010021601,시청앞광장,126.9770081698073909_37.5640611462049279,79.0,41.0,원활,126.9770081698073909_37.5640611462049279|126.9770525488461743_37.5641790078298783|126.9771323290460572_37.5644101639924273|126.9771929938028450_37.5646441761629077|126.9772135411598413_37.5647555843739269
2026-09-04T03:35:30.187978+09:00,광화문·덕수궁,광화문·덕수궁,POI009,KEY_2,1010011000,덕수궁길,1010003702,국립현대미술관(덕수궁),126.9734800713954428_37.5653099277390794,1010024205,시청앞교차로,126.9771111379704962_37.5649683842586413,350.0,24.0,서행,126.9771111379704962_37.5649683842586413|126.9769955437966189_37.5648997036250520|126.9769191129801698_37.5648841239987448|126.9762643259252286_37.5649661911538288|126.9761744747147532_37.5649770829893868|126.9759779520215517_37.5650009053778362|126.9758689949813260_37.5650050124235619|126.9752013280298399_37.5649548066137768|126.9751376722967393_37.5649475156969572|126.9743014077374426_37.5648517294047579|126.9740978380537513_37.5648406360021241|126.9740518977143893_37.5648432379020889|126.9740231183313881_37.5648571744892976|126.9736843653272729_37.5652451675209207|126.9735504744861458_37.5653043393530339|126.9734800713954428_37.5653099277390794
2026-09-04T03:35:30.187978+09:00,광화문·덕수궁,광화문·덕수궁,POI009,KEY_2,1010011100,소공로,1010024703,시청앞광장,126.9784672029423973_37.5649273269454653,1010024202,시청앞교차로,126.9772712943529740_37.5649019993645936,106.0,32.0,원활,126.9772712943529740_37.5649019993645936|126.9774098801302102_37.5649281244663342|126.9776269810423628_37.5649428736685351|126.9783249021099323_37.5649392241840445|126.9784672029423973_37.5649273269454653
2026-09-04T03:35:30.187978+09:00,광화문·덕수궁,광화문·덕수궁,POI009,KEY_2,1010011200,소공로,1010024201,시청앞교차로,126.9772516593585294_37.5650094083765893,1010024704,시청앞광장,126.9784659259494219_37.5650361481380060,108.0,30.0,원활,126.9784659259494219_37.5650361481380060|126.9783324600417700_37.5650473063687187|126.9776216401868254_37.5650510228301613|126.9773883375840597_37.5650351731031407|126.9772516593585294_37.5650094083765893
2026-09-04T03:35:30.187978+09:00,광화문·덕수궁,광화문·덕수궁,POI009,KEY_2,1010012500,을지로,1010024704,시청앞광장,126.9784659259494219_37.5650361481380060,1010004003,시청앞교차로,126.9789708087737665_37.5659839969886207,114.0,29.0,원활,126.9789708087737665_37.5659839969886207|126.9788675333299039_37.5658318303835728|126.9786502993091943_37.5654208830312371|126.9784659259494219_37.5650361481380060
2026-09-04T03:35:30.187978+09:00,광화문·덕수궁,광화문·덕수궁,POI009,KEY_2,1010012600,을지로,1010004002,시청앞교차로,126.9790903112125449_37.5659326054826721,1010024701,속성변화점,126.9786056986612977_37.5650244624703831,110.0,30.0,원활,126.9786056986612977_37.5650244624703831|126.9787763856751894_37.5653806366447611|126.9789901698400030_37.5657850581407118|126.9790903112125449_37.5659326054826721
2026-09-04T03:35:30.187978+09:00,광화문·덕수궁,광화문·덕수궁,POI009,KEY_2,1010013800,세종대로,1010004902,강원도민일보(서울본부),126.9771979915670101_37.5670009920858590,1010024201,시청앞교차로,126.9772516593585294_37.5650094083765893,221.0,44.5,원활,126.9772516593585294_37.5650094083765893|126.9772632229602749_37.5651213527824481|126.9772704963173453_37.5652669803863901|126.9772680209366058_37.5654083777349115|126.9772559424266944_37.5656434912380419|126.9771979915670101_37.5670009920858590
2026-09-04T03:35:30.187978+09:00,광화문·덕수궁,광화문·덕수궁,POI009,KEY_2,1010013901,을지로,1010004001,시청앞교차로,126.9791355868352127_37.5660429362421766,1010027204,일본국제관광진흥기구서울사무소,126.9796194072220459_37.5660647181267464,43.0,32.0,원활,126.9796194072220459_37.5660647181267464|126.9791355868352127_37.5660429362421766
2026-09-04T03:35:30.187978+09:00,광화문·덕수궁,광화문·덕수궁,POI009,KEY_2,1010014001,을지로,1010141800,을지로1가 50-1,126.9805253177826074_37.5659685214828443,1010004002,시청앞교차로,126.9790903112125449_37.5659326054826721,127.0,37.0,원활,126.9790903112125449_37.5659326054826721|126.9796270767268993_37.5659567711099385|126.9797571380910313_37.5659602844908065|126.9805253177826074_37.5659685214828443
2026-09-04T03:35:30.187978+09:00,광화문·덕수궁,광화문·덕수궁,POI009,KEY_2,1010015200,정동길,1010053500,정동 6-1,126.9726302734250396_37.5657818964494226,1010003701,국립현대미술관(덕수궁),126.9734172515147748_37.5653215661761095,86.0,28.5,원활,126.9734172515147748_37.5653215661761095|126.9731819807769568_37.5654408147970216|126.9726302734250396_37.5657818964494226
2026-09-04T03:35:30.187978+09:00,광화문·덕수궁,광화문·덕수궁,POI009,KEY_2,1010015400,무교로,1010004802,한국체육박물관,126.9792639816276676_37.5669296274705644,1010004001,시청앞교차로,126.9791355868352127_37.5660429362421766,99.0,21.0,서행,126.9791355868352127_37.5660429362421766|126.9792051056433166_37.5662774283455079|126.9792449697865493_37.5664901136539342|126.9792639816276676_37.5669296274705644
2026-09-04T03:35:30.187978+09:00,광화문·덕수궁,광화문·덕수궁,POI009,KEY_2,1010016400,세종대로20길,1010152400,태평로1가 31-1,126.9781614739919320_37.5671149535760875,1010004804,한국체육박물관,126.9791327692852860_37.5670432031565085,86.0,13.0,정체,126.9791327692852860_37.5670432031565085|126.9790021637939503_37.5670657791657803|126.9788569191823626_37.5670778321488825|126.9783926986433755_37.5671163538151802|126.9781614739919320_37.5671149535760875
2026-09-04T03:35:30.187978+09:00,광화문·덕수궁,광화문·덕수궁,POI009,KEY_2,1010017601,무교로,1010141400,무교동 44-1,126.9793100041751046_37.5679689583533047,1010004801,한국체육박물관,126.9792685302403470_37.5670397690594271,103.0,24.0,서행,126.9792685302403470_37.5670397690594271|126.9792880141313276_37.5675278005997768|126.9792897236795000_37.5675706209739317|126.9793100041751046_37.5679689583533047
2026-09-04T03:35:30.187978+09:00,광화문·덕수궁,광화문·덕수궁,POI009,KEY_2,1010017602,무교로,1010034301,무교동사거리,126.9793440155466442_37.5692674718774171,1010034101,무교동사거리,126.9793610650683036_37.5689718470786644,33.0,17.0,서행,126.9793610650683036_37.5689718470786644|126.9793440155466442_37.5692674718774171
2026-09-04T03:35:30.187978+09:00,광화문·덕수궁,광화문·덕수궁,POI009,KEY_2,1010017701,덕수궁길,1010003708,국립현대미술관(덕수궁),126.9733973038882908_37.5653215550209438,1010034405,덕수초교앞,126.9742636314177417_37.5692915440127635,470.0,18.0,서행,126.9742636314177417_37.5692915440127635|126.9742609154399133_37.5692318560367440|126.9741806606774475_37.5688123115606558|126.9741708329106444_37.5687509002550755|126.9741496491990489_37.5687070234402825|126.9733330667186380_37.5677499979341434|126.9732604662010260_37.5676432387449850|126.9732135563309470_37.5675636296405173|126.9732109235822293_37.5675447199477688|126.9732028295893542_37.5674865848597861|126.9732067525657442_37.5673829793437548|126.9732946020034490_37.5669917355047289|126.9734162527930152_37.5666474960378096|126.9734297415941171_37.5665457649226155|126.9734351774182528_37.5662640535461065|126.9734319058327827_37.5653823750330673|126.9734292579386477_37.5653516838069237|126.9734209124859774_37.5653359703583263|126.9733973038882908_37.5653215550209438
2026-09-04T03:35:30.187978+09:00,광화문·덕수궁,광화문·덕수궁,POI009,KEY_2,1010017702,덕수궁길,1010034408,덕수초교앞,126.9742709920243016_37.5695017977150982,1000007903,신문로1가 5-4,126.9743707219120381_37.5701009152256020,67.0,36.0,원활,126.9743707219120381_37.5701009152256020|126.9742714713144238_37.5695298211502120|126.9742709920243016_37.5695017977150982
2026-09-04T03:35:30.187978+09:00,광화문·덕수궁,광화문·덕수궁,POI009,KEY_2,1010017801,덕수궁길,1010142200,정동 1-36,126.9733459274212635_37.5675328106811506,1010003703,국립현대미술관(덕수궁),126.9735218655151243_37.5652613466895460,255.0,16.0,서행,126.9735218655151243_37.5652613466895460|126.9735320491287638_37.5652675646712737|126.9735632083507113_37.5653262373116092|126.9735677185460503_37.5653785069074999|126.9735710082390199_37.5662647237383496|126.9735654610655899_37.5665522825597762|126.9735501225163148_37.5666679552866043|126.9734271477770164_37.5670159427351393|126.9733422194510410_37.5673941796546416|126.9733388862719750_37.5674822368240626|126.9733459274212635_37.5675328106811506
2026-09-04T03:35:30.187978+09:00,광화문·덕수궁,광화문·덕수궁,POI009,KEY_2,1010017802,덕수궁길,1000007902,신문로1가 5-4,126.9745078099836633_37.5701006884260735,1010034401,덕수초교앞,126.9744068784933120_37.5695041013549940,67.0,14.0,정체,126.9744068784933120_37.5695041013549940|126.9744071786620196_37.5695216461825154|126.9745078099836633_37.5701006884260735
2026-09-04T03:35:30.187978+09:00,광화문·덕수궁,광화문·덕수궁,POI009,KEY_2,1010018100,세종대로,1010024205,시청앞교차로,126.9771111379704962_37.5649683842586413,1010036201,청계광장,126.9769724776174371_37.5689758850454254,445.0,41.0,원활,126.9769724776174371_37.5689758850454254|126.9770357842986499_37.5675064469025131|126.9770571241010231_37.5671045176161513|126.9770622406749681_37.5669973200828053|126.9771202099424414_37.5656394465692429|126.9771322330851717_37.5654054151655075|126.9771346338183520_37.5652683750225975|126.9771276194723697_37.5651279335943542|126.9771111379704962_37.5649683842586413
2026-09-04T03:35:30.187978+09:00,광화문·덕수궁,광화문·덕수궁,POI009,KEY_2,1010018200,세종대로,1000002000,청계광장,126.9771060680401717_37.5690311929919076,1010004901,강원도민일보(서울본부),126.9771928320576109_37.5671090827981402,213.0,42.3,원활,126.9771928320576109_37.5671090827981402|126.9771715167423451_37.5675105826680635|126.9771060680401717_37.5690311929919076
2026-09-04T03:35:30.187978+09:00,광화문·덕수궁,광화문·덕수궁,POI009,KEY_2,1010037000,남대문로1길,1010023102,서울프라자호텔,126.9781270908112134_37.5644147123986087,1010021201,우성빌딩,126.9778833665384354_37.5638860982800367,62.0,5.0,정체,126.9778833665384354_37.5638860982800367|126.9781270908112134_37.5644147123986087
2026-09-04T03:35:30.187978+09:00,광화문·덕수궁,광화문·덕수궁,POI009,KEY_2,1010037100,남대문로1길,1010021204,우성빌딩,126.9777519647640105_37.5639149035560536,1010023103,서울프라자호텔,126.9779917291016176_37.5644349310718795,61.0,12.0,정체,126.9779917291016176_37.5644349310718795|126.9777519647640105_37.5639149035560536
2026-09-04T03:35:30.187978+09:00,광화문·덕수궁,광화문·덕수궁,POI009,KEY_2,1010037700,서소문로11길,1010119100,정동 34-31,126.9727951808603876_37.5647038792147114,1010003707,국립현대미술관(덕수궁),126.9733026963352955_37.5652751287957045,97.0,14.0,정체,126.9733026963352955_37.5652751287957045|126.9731147506106339_37.5651909181462429|126.9727976869032062_37.5651133337218468|126.9727288163474412_37.5650455719333536|126.9727288478402016_37.5649591817261097|126.9727803611883274_37.5647836723506359|126.9727951808603876_37.5647038792147114
2026-09-04T03:35:30.187978+09:00,광화문·덕수궁,광화문·덕수궁,POI009,KEY_2,1010038300,소공로,1010023101,서울프라자호텔,126.9781769454158393_37.5645228411741812,1010023304,조선호텔,126.9787312154575005_37.5645930511843886,50.0,17.0,서행,126.9787312154575005_37.5645930511843886|126.9785957557285769_37.5645517262991930|126.9784554783557979_37.5645322032255891|126.9782121876750836_37.5645228476832003|126.9781769454158393_37.5645228411741812
2026-09-04T03:35:30.187978+09:00,광화문·덕수궁,광화문·덕수궁,POI009,KEY_2,1010039000,소공로,1010024202,시청앞교차로,126.9772712943529740_37.5649019993645936,1010023104,서울프라자호텔,126.9780385528240316_37.5645364866542977,82.0,4.0,정체,126.9780385528240316_37.5645364866542977|126.9776055199770184_37.5646501981039478|126.9774312688185773_37.5647230654274864|126.9773645076050741_37.5647713550531037|126.9773054583435652_37.5648401473905977|126.9772712943529740_37.5649019993645936
2026-09-04T03:35:30.187978+09:00,광화문·덕수궁,광화문·덕수궁,POI009,KEY_2,1010045900,새문안로2길,1010034503,조선일보본사,126.9757336729328898_37.5693927914711736,1010034403,덕수초교앞,126.9744623970510844_37.5693699781441666,112.0,13.0,정체,126.9744623970510844_37.5693699781441666|126.9751125420028046_37.5693767090831088|126.9754684882037736_37.5693803926704959|126.9757336729328898_37.5693927914711736
2026-09-04T03:35:30.187978+09:00,광화문·덕수궁,광화문·덕수궁,POI009,KEY_2,1010046000,새문안로2길,1010034402,덕수초교앞,126.9744431042179968_37.5694779067993210,1010034504,조선일보본사,126.9756904321789079_37.5694990761609162,110.0,40.0,원활,126.9756904321789079_37.5694990761609162|126.9754636204795446_37.5694884714731927|126.9751107757574573_37.5694848197226179|126.9744431042179968_37.5694779067993210
2026-09-04T03:35:30.187978+09:00,보신각,보신각,POI010,KEY_3,1000000303,종로,1000008703,종로1가사거리,126.9828971865418197_37.5701731264087542,1000007700,종로1가,126.9822109960776402_37.5701758601934444,61.0,6.0,정체,126.9822109960776402_37.5701758601934444|126.9824008620181672_37.5701779915733454|126.9828971865418197_37.5701731264087542
2026-09-04T03:35:30.187978+09:00,보신각,보신각,POI010,KEY_3,1000000401,종로,1000008606,종로구청입구교차로,126.9793844377634713_37.5702575676490582,1000008905,SK빌딩,126.9809530025248421_37.5702700889503021,139.0,27.0,원활,126.9809530025248421_37.5702700889503021|126.9798986206276368_37.5702616744867512|126.9793844377634713_37.5702575676490582
2026-09-04T03:35:30.187978+09:00,보신각,보신각,POI010,KEY_3,1000000402,종로,1000008902,SK빌딩,126.9810888552751891_37.5702713893331790,1000009500,종로1가,126.9822090811274506_37.5702839694386270,99.0,27.0,원활,126.9822090811274506_37.5702839694386270|126.9810888552751891_37.5702713893331790
2026-09-04T03:35:30.187978+09:00,보신각,보신각,POI010,KEY_3,1000000403,종로,1000009500,종로1가,126.9822090811274506_37.5702839694386270,1000008704,종로1가사거리,126.9829124807839946_37.5702811035568871,62.0,30.0,원활,126.9829124807839946_37.5702811035568871|126.9824007403594095_37.5702861200097971|126.9822090811274506_37.5702839694386270
2026-09-04T03:35:30.187978+09:00,보신각,보신각,POI010,KEY_3,1000000501,종로,1000008701,종로1가사거리,126.9830485481293891_37.5702800768006568,1000009600,종로1가,126.9837104338048164_37.5702764015435093,58.0,32.0,원활,126.9837104338048164_37.5702764015435093|126.9830485481293891_37.5702800768006568
2026-09-04T03:35:30.187978+09:00,보신각,보신각,POI010,KEY_3,1000000502,종로,1000231500,종로2가 1-2,126.9840871569151233_37.5702743076942411,1000009104,종각지하쇼핑센터,126.9856860459643428_37.5702623526753499,141.0,35.0,원활,126.9856860459643428_37.5702623526753499|126.9846512311403757_37.5702711702886205|126.9844496207387294_37.5702722919640593|126.9840871569151233_37.5702743076942411
2026-09-04T03:35:30.187978+09:00,보신각,보신각,POI010,KEY_3,1000000503,종로,1000009101,종각지하쇼핑센터,126.9858227292488380_37.5702608423529298,1000008504,종로2가교차로,126.9876156819137520_37.5702574924147754,158.0,33.0,원활,126.9876156819137520_37.5702574924147754|126.9871453036203235_37.5702428823229511|126.9869246551587310_37.5702458796709990|126.9858227292488380_37.5702608423529298
2026-09-04T03:35:30.187978+09:00,보신각,보신각,POI010,KEY_3,1000000601,종로,1000007800,종로1가,126.9837094850009294_37.5701682846705296,1000008702,종로1가사거리,126.9830343185050481_37.5701720336345346,60.0,27.0,원활,126.9830343185050481_37.5701720336345346|126.9837094850009294_37.5701682846705296
2026-09-04T03:35:30.187978+09:00,보신각,보신각,POI010,KEY_3,1000000602,종로,1000231400,종로2가 1-2,126.9840862081807984_37.5701661909693030,1000007800,종로1가,126.9837094850009294_37.5701682846705296,33.0,22.0,서행,126.9837094850009294_37.5701682846705296|126.9840862081807984_37.5701661909693030
2026-09-04T03:35:30.187978+09:00,보신각,보신각,POI010,KEY_3,1000000603,종로,1000181900,종로2가 84-11,126.9869223374955283_37.5701377759501440,1000009102,종각지하쇼핑센터,126.9858204131049462_37.5701527379884581,97.0,23.0,서행,126.9858204131049462_37.5701527379884581|126.9869223374955283_37.5701377759501440
2026-09-04T03:35:30.187978+09:00,보신각,보신각,POI010,KEY_3,1000003001,청계천로,1010033701,광교사거리,126.9828472617604831_37.5690310653232729,1000006702,동광빌딩,126.9856496555834724_37.5685348675876654,254.0,29.0,원활,126.9856496555834724_37.5685348675876654|126.9845929724430675_37.5687445528897968|126.9830379501262456_37.5690132418433791|126.9828472617604831_37.5690310653232729
2026-09-04T03:35:30.187978+09:00,보신각,보신각,POI010,KEY_3,1000003002,청계천로,1000006701,동광빌딩,126.9857835455856332_37.5685053538768585,1010032702,청계2가,126.9876182832415594_37.5682809508841231,165.0,27.0,원활,126.9876182832415594_37.5682809508841231|126.9873100375229313_37.5682871695245453|126.9868524145434350_37.5683023760080914|126.9865577109127059_37.5683366707556416|126.9863804072084292_37.5683652570468496|126.9861647659198667_37.5684129099601307|126.9857835455856332_37.5685053538768585
2026-09-04T03:35:30.187978+09:00,보신각,보신각,POI010,KEY_3,1000003400,청계천로,1010034301,무교동사거리,126.9793440155466442_37.5692674718774171,1010033702,광교사거리,126.9827120922386285_37.5690419071249693,299.0,15.0,서행,126.9827120922386285_37.5690419071249693|126.9793440155466442_37.5692674718774171
2026-09-04T03:35:30.187978+09:00,보신각,보신각,POI010,KEY_3,1000004701,우정국로,1010033702,광교사거리,126.9827120922386285_37.5690419071249693,1000007200,종로1가,126.9827935302844111_37.5696197701673924,65.0,35.0,원활,126.9827935302844111_37.5696197701673924|126.9827458886658889_37.5693654356143227|126.9827120922386285_37.5690419071249693
2026-09-04T03:35:30.187978+09:00,보신각,보신각,POI010,KEY_3,1000004702,우정국로,1000007200,종로1가,126.9827935302844111_37.5696197701673924,1000008703,종로1가사거리,126.9828971865418197_37.5701731264087542,62.0,19.0,서행,126.9828971865418197_37.5701731264087542|126.9827935302844111_37.5696197701673924
2026-09-04T03:35:30.187978+09:00,보신각,보신각,POI010,KEY_3,1000004801,우정국로,1000007100,종로1가,126.9829278791696936_37.5696038258341787,1010033701,광교사거리,126.9828472617604831_37.5690310653232729,64.0,36.0,원활,126.9828472617604831_37.5690310653232729|126.9828808883077329_37.5693529710736058|126.9829278791696936_37.5696038258341787
2026-09-04T03:35:30.187978+09:00,보신각,보신각,POI010,KEY_3,1000004802,우정국로,1000008702,종로1가사거리,126.9830343185050481_37.5701720336345346,1000007100,종로1가,126.9829278791696936_37.5696038258341787,64.0,14.0,정체,126.9829278791696936_37.5696038258341787|126.9830343185050481_37.5701720336345346
2026-09-04T03:35:30.187978+09:00,보신각,보신각,POI010,KEY_3,1000006501,우정국로,1000008704,종로1가사거리,126.9829124807839946_37.5702811035568871,1000010800,종로1가,126.9829520973026149_37.5707555248776544,53.0,18.0,서행,126.9829520973026149_37.5707555248776544|126.9829508691110647_37.5707257702316255|126.9829124807839946_37.5702811035568871
2026-09-04T03:35:30.187978+09:00,보신각,보신각,POI010,KEY_3,1000006502,우정국로,1000010800,종로1가,126.9829520973026149_37.5707555248776544,1000012403,조계사앞교차로,126.9829706356902221_37.5719776537276218,136.0,29.0,원활,126.9829706356902221_37.5719776537276218|126.9829821214281083_37.5714823927012560|126.9829655468528955_37.5710811329590442|126.9829520973026149_37.5707555248776544
2026-09-04T03:35:30.187978+09:00,보신각,보신각,POI010,KEY_3,1000006601,우정국로,1000010700,종로1가,126.9830878603485758_37.5707519719581455,1000008701,종로1가사거리,126.9830485481293891_37.5702800768006568,52.0,19.0,서행,126.9830485481293891_37.5702800768006568|126.9830865510382267_37.5707202864689833|126.9830878603485758_37.5707519719581455
2026-09-04T03:35:30.187978+09:00,보신각,보신각,POI010,KEY_3,1000006602,우정국로,1000090100,공평동 98,126.9831013100779558_37.5710775801252623,1000010700,종로1가,126.9830878603485758_37.5707519719581455,36.0,14.0,정체,126.9830878603485758_37.5707519719581455|126.9831013100779558_37.5710775801252623
2026-09-04T03:35:30.187978+09:00,보신각,보신각,POI010,KEY_3,1000007502,삼봉로,1000012403,조계사앞교차로,126.9829706356902221_37.5719776537276218,1000013004,신라스테이(광화문),126.9801805317354280_37.5724047958457916,252.0,19.0,서행,126.9801805317354280_37.5724047958457916|126.9804914824202910_37.5723319178106152|126.9811053055208276_37.5721880522337770|126.9822536902158987_37.5720311041132078|126.9827182491962247_37.5719849537863269|126.9829706356902221_37.5719776537276218
2026-09-04T03:35:30.187978+09:00,보신각,보신각,POI010,KEY_3,1000007602,삼봉로,1000140500,수송동 80-4,126.9805298527977442_37.5724356343591879,1000012404,조계사앞교차로,126.9829679360295245_37.5720859226599799,219.0,12.0,정체,126.9829679360295245_37.5720859226599799|126.9827291479286515_37.5720928297221519|126.9822736058986408_37.5721380840541883|126.9811360893303345_37.5722935474607382|126.9805298527977442_37.5724356343591879
2026-09-04T03:35:30.187978+09:00,보신각,보신각,POI010,KEY_3,1000009201,우정국로,1000085100,견지동 110-2,126.9830654526105036_37.5729316051841806,1000012401,조계사앞교차로,126.9831034437596884_37.5720995445690349,92.0,15.0,서행,126.9831034437596884_37.5720995445690349|126.9830943674485724_37.5724421623328340|126.9830752766845592_37.5727653133374773|126.9830654526105036_37.5729316051841806
2026-09-04T03:35:30.187978+09:00,보신각,보신각,POI010,KEY_3,1000023600,종로,1000007200,종로1가,126.9827935302844111_37.5696197701673924,1000007700,종로1가,126.9822109960776402_37.5701758601934444,90.0,21.0,서행,126.9822109960776402_37.5701758601934444|126.9823538247533747_37.5701681727122576|126.9825335459648414_37.5700690295792086|126.9826437791460876_37.5699908547526107|126.9827324536877029_37.5698897904859521|126.9827899849345840_37.5697677437382040|126.9827935302844111_37.5696197701673924
2026-09-04T03:35:30.187978+09:00,보신각,보신각,POI010,KEY_3,1000023700,종로,1000007800,종로1가,126.9837094850009294_37.5701682846705296,1000007100,종로1가,126.9829278791696936_37.5696038258341787,103.0,29.0,원활,126.9829278791696936_37.5696038258341787|126.9830032097695494_37.5698402452960423|126.9830990215400703_37.5699604067910897|126.9831924475550267_37.5700347972999680|126.9833242130892046_37.5700939366007987|126.9834847309357855_37.5701511723724835|126.9837094850009294_37.5701682846705296
2026-09-04T03:35:30.187978+09:00,보신각,보신각,POI010,KEY_3,1000024400,종로,1000010700,종로1가,126.9830878603485758_37.5707519719581455,1000009600,종로1가,126.9837104338048164_37.5702764015435093,84.0,11.0,정체,126.9837104338048164_37.5702764015435093|126.9834199944166073_37.5703552243340226|126.9832834070776642_37.5704238609181118|126.9831923434160359_37.5704982251536919|126.9830964773624657_37.5706145452795255|126.9830878603485758_37.5707519719581455
2026-09-04T03:35:30.187978+09:00,보신각,보신각,POI010,KEY_3,1000024500,종로,1000009500,종로1가,126.9822090811274506_37.5702839694386270,1000010800,종로1가,126.9829520973026149_37.5707555248776544,92.0,7.0,정체,126.9829520973026149_37.5707555248776544|126.9829359392394394_37.5706431287853420|126.9828401259818236_37.5705267810848440|126.9827754493047394_37.5704619306360499|126.9826892071422293_37.5704047039165019|126.9825119206921613_37.5703322080284821|126.9822090811274506_37.5702839694386270
2026-09-04T03:35:30.187978+09:00,보신각,보신각,POI010,KEY_3,1000025901,종로5길,1000008909,GS건설본사,126.9806366436472871_37.5713225324397655,1000013005,신라스테이(광화문),126.9801024195699028_37.5723985668960268,128.0,5.0,정체,126.9801024195699028_37.5723985668960268|126.9801274853195991_37.5723618756308824|126.9801882517644884_37.5722503255379436|126.9804583466781196_37.5717160525297444|126.9804740373480314_37.5716814217555211|126.9806366436472871_37.5713225324397655
2026-09-04T03:35:30.187978+09:00,보신각,보신각,POI010,KEY_3,1000025902,종로5길,1000008905,SK빌딩,126.9809530025248421_37.5702700889503021,1000008908,GS건설본사,126.9806854115378769_37.5712148957716821,109.0,5.0,정체,126.9806854115378769_37.5712148957716821|126.9808934318098466_37.5707557655600937|126.9809177843168158_37.5706870956374530|126.9809314541032421_37.5706019997404184|126.9809431151314243_37.5705149231286057|126.9809530025248421_37.5702700889503021
2026-09-04T03:35:30.187978+09:00,보신각,보신각,POI010,KEY_3,1000026001,종로5길,1000008907,GS건설본사,126.9808291543834713_37.5712163450013819,1000008902,SK빌딩,126.9810888552751891_37.5702713893331790,108.0,8.0,정체,126.9810888552751891_37.5702713893331790|126.9810787188347803_37.5705223997754985|126.9810663740957466_37.5706145876373654|126.9810512464558627_37.5707087563385187|126.9810228489215831_37.5707888322386268|126.9808291543834713_37.5712163450013819
2026-09-04T03:35:30.187978+09:00,보신각,보신각,POI010,KEY_3,1000027500,인사동5길,1000231600,공평동 5-12,126.9837015373939977_37.5721207661722474,1000012402,조계사앞교차로,126.9831062491158349_37.5719883384085875,55.0,12.0,정체,126.9831062491158349_37.5719883384085875|126.9832673605664155_37.5720220520782107|126.9837015373939977_37.5721207661722474
2026-09-04T03:35:30.187978+09:00,보신각,보신각,POI010,KEY_3,1000027600,인사동5길,1000036800,인사동 187-4,126.9855567085236174_37.5727903642359919,1000013904,인사동사거리,126.9861168618192977_37.5730266274726361,56.0,3.0,정체,126.9861168618192977_37.5730266274726361|126.9855567085236174_37.5727903642359919
2026-09-04T03:35:30.187978+09:00,보신각,보신각,POI010,KEY_3,1000046500,종로3길,1000008602,KT광화문빌딩East,126.9793723999539878_37.5713097781531999,1000008909,GS건설본사,126.9806366436472871_37.5713225324397655,112.0,9.0,정체,126.9806366436472871_37.5713225324397655|126.9793723999539878_37.5713097781531999
2026-09-04T03:35:30.187978+09:00,보신각,보신각,POI010,KEY_3,1000046600,종로3길,1000008908,GS건설본사,126.9806854115378769_37.5712148957716821,1000008603,KT광화문빌딩East,126.9793750304311573_37.5712016763059680,116.0,10.0,정체,126.9793750304311573_37.5712016763059680|126.9806854115378769_37.5712148957716821
2026-09-04T03:35:30.187978+09:00,보신각,보신각,POI010,KEY_3,1010016903,우정국로,1010033402,광교교차로,126.9826972926992426_37.5687326607183465,1010033702,광교사거리,126.9827120922386285_37.5690419071249693,34.0,7.0,정체,126.9827120922386285_37.5690419071249693|126.9826972926992426_37.5687326607183465
2026-09-04T03:35:30.187978+09:00,보신각,보신각,POI010,KEY_3,1010017003,우정국로,1010033701,광교사거리,126.9828472617604831_37.5690310653232729,1010033401,광교교차로,126.9828323504512895_37.5687142869809634,35.0,22.0,서행,126.9828323504512895_37.5687142869809634|126.9828472617604831_37.5690310653232729
2026-09-04T03:35:30.187978+09:00,서울 암사동 유적,서울 암사동 유적,POI011,KEY_4,1240026502,올림픽로,1249049800,암사동 138,127.1303868902218426_37.5581213582314959,1240025203,서울암사동유적,127.1310831520760161_37.5596271965427917,178.0,14.0,정체,127.1310831520760161_37.5596271965427917|127.1306279901634753_37.5587636989147882|127.1303868902218426_37.5581213582314959
2026-09-04T03:35:30.187978+09:00,서울 암사동 유적,서울 암사동 유적,POI011,KEY_4,1240026512,올림픽로,1240025204,서울암사동유적,127.1311362462215726_37.5597299172270596,1240001503,암사동서원마을회관,127.1329417839865101_37.5638633628286627,495.0,33.0,원활,127.1329417839865101_37.5638633628286627|127.1329385901726567_37.5638530355215323|127.1328076129944407_37.5625315770132389|127.1325679156605446_37.5619032160946844|127.1324628664250440_37.5616950056665999|127.1324015018273457_37.5615733787883030|127.1320918622332670_37.5610538481508982|127.1318311751461181_37.5607294195891654|127.1314134429880340_37.5602729161990680|127.1311362462215726_37.5597299172270596
2026-09-04T03:35:30.187978+09:00,서울 암사동 유적,서울 암사동 유적,POI011,KEY_4,1240026602,올림픽로,1249049700,암사동 138,127.1305170173570929_37.5580904036952390,1240023801,선사초등학교,127.1296849682262859_37.5558735719696912,257.0,27.0,원활,127.1296849682262859_37.5558735719696912|127.1302524784022268_37.5573856065605156|127.1305170173570929_37.5580904036952390
2026-09-04T03:35:30.187978+09:00,서울 암사동 유적,서울 암사동 유적,POI011,KEY_4,1240026611,올림픽로,1249096700,최소노드배치점,127.1325889005040750_37.5616547095206741,1240025201,서울암사동유적,127.1312497921398688_37.5596651615473789,252.0,38.0,원활,127.1312497921398688_37.5596651615473789|127.1315330077839292_37.5602199513383255|127.1319433727937849_37.5606684031311673|127.1322108955108803_37.5610013373068412|127.1325259892048081_37.5615300174364890|127.1325889005040750_37.5616547095206741
2026-09-04T03:35:30.187978+09:00,서울 암사동 유적,서울 암사동 유적,POI011,KEY_4,1240049600,올림픽로108길,1249054800,암사동 135-1,127.1324513506835387_37.5586179294608584,1240025202,서울암사동유적,127.1311963964887610_37.5595626125415976,153.0,13.0,정체,127.1311963964887610_37.5595626125415976|127.1312906290088449_37.5595088709743194|127.1321441825899257_37.5588537073451434|127.1324513506835387_37.5586179294608584
2026-09-04T03:35:30.187978+09:00,서울 암사동 유적,서울 암사동 유적,POI011,KEY_4,1240049700,올림픽로108길,1249054700,암사동 199-3,127.1325456285770059_37.5586957689652934,1240023906,강일중,127.1350630805942075_37.5567633051846101,309.0,36.0,원활,127.1350630805942075_37.5567633051846101|127.1325456285770059_37.5586957689652934
2026-09-04T03:35:30.187978+09:00,서울 암사동 유적,서울 암사동 유적,POI011,KEY_4,1240216800,올림픽대로,1240001504,암사동서원마을회관,127.1328606037288154_37.5639977455946550,1240090400,암사IC,127.1320967627789713_37.5638268865707303,75.0,29.0,정체,127.1320967627789713_37.5638268865707303|127.1323008177666054_37.5639094235526869|127.1324394046457655_37.5639871880837006|127.1325100130354429_37.5640201033193009|127.1325629529353307_37.5640375916818527|127.1326211702869102_37.5640452487343595|127.1326758409645379_37.5640423789060733|127.1328606037288154_37.5639977455946550
2026-09-04T03:35:30.187978+09:00,창덕궁·종묘,창덕궁·종묘,POI012,KEY_1,1000001501,종로,1000009801,종로3가사거리,126.9922000608216308_37.5704778715046643,1000010004,종묘공원,126.9937102608658108_37.5705569291297934,134.0,26.0,원활,126.9937102608658108_37.5705569291297934|126.9932582925197551_37.5705332710333550|126.9922000608216308_37.5704778715046643
2026-09-04T03:35:30.187978+09:00,창덕궁·종묘,창덕궁·종묘,POI012,KEY_1,1000001502,종로,1000010001,종묘공원,126.9938459149599908_37.5705638014388867,1000010104,세운상가,126.9949902918217504_37.5706199754433428,101.0,49.0,원활,126.9949902918217504_37.5706199754433428|126.9938459149599908_37.5705638014388867
2026-09-04T03:35:30.187978+09:00,창덕궁·종묘,창덕궁·종묘,POI012,KEY_1,1000001503,종로,1000010101,세운상가,126.9951330460539509_37.5706277157350215,1000010504,종로4가 32-8,126.9963629369768086_37.5707037465677516,109.0,47.0,원활,126.9963629369768086_37.5707037465677516|126.9958351088011312_37.5706676576709242|126.9951330460539509_37.5706277157350215
2026-09-04T03:35:30.187978+09:00,창덕궁·종묘,창덕궁·종묘,POI012,KEY_1,1000001504,종로,1000010501,종로4가 32-8,126.9964984168760793_37.5707129060128366,1000010902,종로4가,126.9969778496483315_37.5707449803633011,43.0,43.0,원활,126.9969778496483315_37.5707449803633011|126.9964984168760793_37.5707129060128366
2026-09-04T03:35:30.187978+09:00,창덕궁·종묘,창덕궁·종묘,POI012,KEY_1,1000001505,종로,1000010901,종로4가,126.9970824501172899_37.5707519010579603,1000011004,종로4가사거리,126.9976981845290851_37.5707921454332379,55.0,38.0,원활,126.9976981845290851_37.5707921454332379|126.9970824501172899_37.5707519010579603
2026-09-04T03:35:30.187978+09:00,창덕궁·종묘,창덕궁·종묘,POI012,KEY_1,1000007100,돈화문로,1000145800,묘동 20-5,126.9916684242814142_37.5719817889873724,1000013303,묘동사거리,126.9914801613035706_37.5725495704926047,65.0,21.0,서행,126.9914801613035706_37.5725495704926047|126.9916684242814142_37.5719817889873724
2026-09-04T03:35:30.187978+09:00,창덕궁·종묘,창덕궁·종묘,POI012,KEY_1,1000007200,돈화문로,1000059400,묘동 20-5,126.9921535095209890_37.5708464956724839,1000009801,종로3가사거리,126.9922000608216308_37.5704778715046643,41.0,17.0,서행,126.9922000608216308_37.5704778715046643|126.9921602362403092_37.5708137185849509|126.9921535095209890_37.5708464956724839
2026-09-04T03:35:30.187978+09:00,창덕궁·종묘,창덕궁·종묘,POI012,KEY_1,1000008701,창경궁로,1000011004,종로4가사거리,126.9976981845290851_37.5707921454332379,1000011601,종로4가,126.9976727162272141_37.5712098653190125,46.0,33.0,원활,126.9976727162272141_37.5712098653190125|126.9976981845290851_37.5707921454332379
2026-09-04T03:35:30.187978+09:00,창덕궁·종묘,창덕궁·종묘,POI012,KEY_1,1000008702,창경궁로,1000059900,인의동 101-8,126.9976040275693805_37.5721420297877202,1000014503,서울특별시재향군인회,126.9975145081767209_37.5733082767353750,130.0,48.0,원활,126.9975145081767209_37.5733082767353750|126.9975586489672992_37.5727332208694804|126.9975861399317978_37.5723750705251547|126.9976040275693805_37.5721420297877202
2026-09-04T03:35:30.187978+09:00,창덕궁·종묘,창덕궁·종묘,POI012,KEY_1,1000008801,창경궁로,1000084400,인의동 101-8,126.9977485816959160_37.5720317772708725,1000011001,종로4가사거리,126.9978336320802015_37.5708014801402754,137.0,20.0,서행,126.9978336320802015_37.5708014801402754|126.9977997145428219_37.5713655900292949|126.9977485816959160_37.5720317772708725
2026-09-04T03:35:30.187978+09:00,창덕궁·종묘,창덕궁·종묘,POI012,KEY_1,1000010801,돈화문로,1000174700,묘동 141-2,126.9911270176696547_37.5741747070514336,1000013301,묘동사거리,126.9915850849808550_37.5726594865675594,173.0,30.0,원활,126.9915850849808550_37.5726594865675594|126.9913726822985893_37.5733444453639649|126.9911270176696547_37.5741747070514336
2026-09-04T03:35:30.187978+09:00,창덕궁·종묘,창덕궁·종묘,POI012,KEY_1,1000010802,돈화문로,1000106300,와룡동 75-4,126.9909562970876493_37.5747505051657669,1000016401,종로1가2가3가4가동주민센터,126.9910234246664515_37.5745245938365429,26.0,33.0,원활,126.9910234246664515_37.5745245938365429|126.9909562970876493_37.5747505051657669
2026-09-04T03:35:30.187978+09:00,창덕궁·종묘,창덕궁·종묘,POI012,KEY_1,1000010803,돈화문로,1000021402,창덕궁앞교차로,126.9901841383139782_37.5773932267385504,1000018601,한겨레신문(종로지국),126.9906634515929795_37.5757350308395957,189.0,30.0,원활,126.9906634515929795_37.5757350308395957|126.9903062505280644_37.5769154241969332|126.9902695786729083_37.5770589150526817|126.9901841383139782_37.5773932267385504
2026-09-04T03:35:30.187978+09:00,창덕궁·종묘,창덕궁·종묘,POI012,KEY_1,1000013502,율곡로,1000021501,우즈베키스탄대사관,126.9893297531960883_37.5774544023044541,1000021404,창덕궁앞교차로,126.9900388640569702_37.5774865487865739,63.0,41.0,원활,126.9900388640569702_37.5774865487865739|126.9897463242174780_37.5774687657961053|126.9893297531960883_37.5774544023044541
2026-09-04T03:35:30.187978+09:00,창덕궁·종묘,창덕궁·종묘,POI012,KEY_1,1000014100,창덕궁길,1000022002,북촌1경,126.9893063929122548_37.5792409569275208,1000021501,우즈베키스탄대사관,126.9893297531960883_37.5774544023044541,199.0,26.0,원활,126.9893297531960883_37.5774544023044541|126.9892548365952365_37.5786955788249983|126.9892562414735409_37.5787264244637242|126.9892665857058205_37.5789535426034647|126.9893063929122548_37.5792409569275208
2026-09-04T03:35:30.187978+09:00,창덕궁·종묘,창덕궁·종묘,POI012,KEY_1,1000015602,창경궁로,1000021302,연건동 28-5,126.9972685910119736_37.5770105602906241,1000019601,원남동사거리,126.9974112787328835_37.5759608809491965,117.0,37.3,원활,126.9974112787328835_37.5759608809491965|126.9973105074180921_37.5767022072452619|126.9972685910119736_37.5770105602906241
2026-09-04T03:35:30.187978+09:00,창덕궁·종묘,창덕궁·종묘,POI012,KEY_1,1000024700,동순라길,1000010504,종로4가 32-8,126.9963629369768086_37.5707037465677516,1000011103,종로4가 32-7,126.9963562951020464_37.5708334820153240,14.0,13.0,정체,126.9963562951020464_37.5708334820153240|126.9963629369768086_37.5707037465677516
2026-09-04T03:35:30.187978+09:00,창덕궁·종묘,창덕궁·종묘,POI012,KEY_1,1000024800,동순라길,1000011102,종로4가 32-7,126.9964920187830728_37.5708378841030850,1000010501,종로4가 32-8,126.9964984168760793_37.5707129060128366,14.0,8.0,정체,126.9964984168760793_37.5707129060128366|126.9964920187830728_37.5708378841030850
2026-09-04T03:35:30.187978+09:00,창덕궁·종묘,창덕궁·종묘,POI012,KEY_1,1000024900,종로.동순라길.사이길,1000011103,종로4가 32-7,126.9963562951020464_37.5708334820153240,1000010101,세운상가,126.9951330460539509_37.5706277157350215,120.0,12.0,정체,126.9951330460539509_37.5706277157350215|126.9951743837452085_37.5707556885858693|126.9951919467698929_37.5707641992030830|126.9963562951020464_37.5708334820153240
2026-09-04T03:35:30.187978+09:00,창덕궁·종묘,창덕궁·종묘,POI012,KEY_1,1000025000,종로.동순라길.사이길,1000010104,세운상가,126.9949902918217504_37.5706199754433428,1000011104,종로4가 32-7,126.9963483113230751_37.5709414285277603,139.0,2.0,정체,126.9963483113230751_37.5709414285277603|126.9951492285879624_37.5708700779174407|126.9950565789311838_37.5708251846869601|126.9949902918217504_37.5706199754433428
2026-09-04T03:35:30.187978+09:00,창덕궁·종묘,창덕궁·종묘,POI012,KEY_1,1000025400,종로,1000010902,종로4가,126.9969778496483315_37.5707449803633011,1000011602,종로4가,126.9976685550659852_37.5712805902372935,85.0,31.0,원활,126.9976685550659852_37.5712805902372935|126.9969778496483315_37.5707449803633011
2026-09-04T03:35:30.187978+09:00,창덕궁·종묘,창덕궁·종묘,POI012,KEY_1,1000028300,서순라길,1000179700,묘동 164-2,126.9918986546224602_37.5725528238137017,1000013302,묘동사거리,126.9916200024151749_37.5725515277908357,25.0,12.0,정체,126.9916200024151749_37.5725515277908357|126.9918986546224602_37.5725528238137017
2026-09-04T03:35:30.187978+09:00,창덕궁·종묘,창덕궁·종묘,POI012,KEY_1,1000028500,동순라길,1000143300,인의동 112-10,126.9965136894643791_37.5722112354701423,1000011101,종로4가 32-7,126.9964837407064522_37.5709497945866389,143.0,10.0,정체,126.9964837407064522_37.5709497945866389|126.9963802654962421_37.5720110081513141|126.9965136894643791_37.5722112354701423
2026-09-04T03:35:30.187978+09:00,창덕궁·종묘,창덕궁·종묘,POI012,KEY_1,1000028600,동순라길,1000011104,종로4가 32-7,126.9963483113230751_37.5709414285277603,1000014504,서울특별시재향군인회,126.9975060050786055_37.5734165592808793,347.0,16.0,서행,126.9975060050786055_37.5734165592808793|126.9969911144367956_37.5734250144218507|126.9968404615841990_37.5733955984085384|126.9967470749479901_37.5733345381505828|126.9966990577044896_37.5732294276517820|126.9966908891550048_37.5731275113813510|126.9967289597005760_37.5728378479680103|126.9967212685301092_37.5727949856210941|126.9966862804331384_37.5727009865390329|126.9963936851750645_37.5722618959152896|126.9962417830590056_37.5720339377534884|126.9963483113230751_37.5709414285277603
2026-09-04T03:35:30.187978+09:00,창덕궁·종묘,창덕궁·종묘,POI012,KEY_1,1000029900,김상옥로,1000096500,연지동 253-1,126.9984112007160206_37.5733171805444996,1000014502,서울특별시재향군인회,126.9976506161619483_37.5733080934406729,67.0,21.0,서행,126.9976506161619483_37.5733080934406729|126.9984112007160206_37.5733171805444996
2026-09-04T03:35:30.187978+09:00,창덕궁·종묘,창덕궁·종묘,POI012,KEY_1,1000039200,창덕궁길,1000134400,원서동 2-2,126.9892407733604642_37.5829070876196951,1000022001,북촌1경,126.9893249216224547_37.5793389188440585,401.0,16.0,서행,126.9893249216224547_37.5793389188440585|126.9893432024728526_37.5794117077019152|126.9893374585478654_37.5795962855689609|126.9893189924063250_37.5801896786208189|126.9893532350689895_37.5809623190334960|126.9893738580933729_37.5812665958495344|126.9893978694693288_37.5816208620396139|126.9894570663397531_37.5819414687995632|126.9895023987834435_37.5821303841621628|126.9895105285284274_37.5822120284156327|126.9895040052748669_37.5823078791324363|126.9894734073156428_37.5824257182516135|126.9893881157924085_37.5826046082802492|126.9892904879125695_37.5827681919472880|126.9892407733604642_37.5829070876196951
2026-09-04T03:35:30.187978+09:00,강남 MICE 관광특구,강남 MICE 관광특구,POI001,KEY_2,1220003104,영동대로,1220038604,사조빌딩,127.0637824235113698_37.5075784064484665,1220040303,삼성역사거리,127.0631184701287282_37.5088181934601863,150.0,35.0,원활,127.0631184701287282_37.5088181934601863|127.0637824235113698_37.5075784064484665
2026-09-04T03:35:30.187978+09:00,강남 MICE 관광특구,강남 MICE 관광특구,POI001,KEY_2,1220003204,영동대로,1220040302,삼성역사거리,127.0632451463058885_37.5088571864380711,1220038601,사조빌딩,127.0639078316108197_37.5076197633601041,149.0,24.0,서행,127.0639078316108197_37.5076197633601041|127.0632451463058885_37.5088571864380711
2026-09-04T03:35:30.187978+09:00,강남 MICE 관광특구,강남 MICE 관광특구,POI001,KEY_2,1220003303,영동대로,1220042504,속성변화점,127.0608476713455985_37.5130456722428676,1220043808,코엑스앞교차로,127.0601919456584454_37.5142029024356347,141.0,31.0,원활,127.0601919456584454_37.5142029024356347|127.0603995070934218_37.5138375440934411|127.0607938946184277_37.5131433157650775|127.0608476713455985_37.5130456722428676
2026-09-04T03:35:30.187978+09:00,강남 MICE 관광특구,강남 MICE 관광특구,POI001,KEY_2,1220003402,영동대로,1220434100,삼성동 111-8,127.0623503477867757_37.5105231713021467,1220040301,삼성역사거리,127.0631917873569989_37.5089566792768281,189.0,23.0,서행,127.0631917873569989_37.5089566792768281|127.0623503477867757_37.5105231713021467
2026-09-04T03:35:30.187978+09:00,강남 MICE 관광특구,강남 MICE 관광특구,POI001,KEY_2,1220003403,영동대로,1220043807,코엑스앞교차로,127.0603272282434091_37.5142270211862794,1220042502,아셈타워,127.0609175537963154_37.5131878914081796,127.0,35.0,원활,127.0609175537963154_37.5131878914081796|127.0605231671833053_37.5138821201433714|127.0603272282434091_37.5142270211862794
2026-09-04T03:35:30.187978+09:00,강남 MICE 관광특구,강남 MICE 관광특구,POI001,KEY_2,1220004001,영동대로,1220043809,코엑스앞교차로,127.0601375029284839_37.5143038844831338,1220044403,봉은사역(서울9호선),127.0598624891181174_37.5148335177271051,64.0,6.0,정체,127.0598624891181174_37.5148335177271051|127.0601375029284839_37.5143038844831338
2026-09-04T03:35:30.187978+09:00,강남 MICE 관광특구,강남 MICE 관광특구,POI001,KEY_2,1220004101,영동대로,1220044402,봉은사역(서울9호선),127.0599879180035288_37.5148748429464263,1220043806,코엑스앞교차로,127.0602718568028990_37.5143280204466052,66.0,43.0,원활,127.0602718568028990_37.5143280204466052|127.0599879180035288_37.5148748429464263
2026-09-04T03:35:30.187978+09:00,강남 MICE 관광특구,강남 MICE 관광특구,POI001,KEY_2,1220028002,테헤란로,1220038701,삼성동 172-66,127.0594740418968343_37.5078073048774883,1220039504,슈페리어사옥,127.0619066150805594_37.5085594791171530,231.0,18.0,서행,127.0619066150805594_37.5085594791171530|127.0594740418968343_37.5078073048774883
2026-09-04T03:35:30.187978+09:00,강남 MICE 관광특구,강남 MICE 관광특구,POI001,KEY_2,1220028003,테헤란로,1220039501,슈페리어사옥,127.0620331846530320_37.5085986138393324,1220040304,삼성역사거리,127.0630651113215919_37.5089176743260495,98.0,14.0,정체,127.0630651113215919_37.5089176743260495|127.0620331846530320_37.5085986138393324
2026-09-04T03:35:30.187978+09:00,강남 MICE 관광특구,강남 MICE 관광특구,POI001,KEY_2,1220028103,테헤란로,1220040303,삼성역사거리,127.0631184701287282_37.5088181934601863,1220039502,슈페리어사옥,127.0620822932532974_37.5084978197410663,98.0,6.0,정체,127.0620822932532974_37.5084978197410663|127.0631184701287282_37.5088181934601863
2026-09-04T03:35:30.187978+09:00,강남 MICE 관광특구,강남 MICE 관광특구,POI001,KEY_2,1220028803,테헤란로,1220040301,삼성역사거리,127.0631917873569989_37.5089566792768281,1220041404,서울강남경찰서교차로,127.0663791845268378_37.5099251428739393,302.0,18.0,서행,127.0663791845268378_37.5099251428739393|127.0647076757638558_37.5094210528302128|127.0645797580656193_37.5093821330006207|127.0631917873569989_37.5089566792768281
2026-09-04T03:35:30.187978+09:00,강남 MICE 관광특구,강남 MICE 관광특구,POI001,KEY_2,1220028902,테헤란로,1220040803,대치동 1011,127.0646284979941214_37.5092812253236190,1220040302,삼성역사거리,127.0632451463058885_37.5088571864380711,131.0,17.0,서행,127.0632451463058885_37.5088571864380711|127.0646284979941214_37.5092812253236190
2026-09-04T03:35:30.187978+09:00,강남 MICE 관광특구,강남 MICE 관광특구,POI001,KEY_2,1220030802,봉은사로,1220306300,삼성동 111-86,127.0595673491428670_37.5141997365039970,1220043809,코엑스앞교차로,127.0601375029284839_37.5143038844831338,52.0,36.0,원활,127.0601375029284839_37.5143038844831338|127.0595673491428670_37.5141997365039970
2026-09-04T03:35:30.187978+09:00,강남 MICE 관광특구,강남 MICE 관광특구,POI001,KEY_2,1220031404,봉은사로,1220043806,코엑스앞교차로,127.0602718568028990_37.5143280204466052,1220043805,삼성1동주민센터,127.0617426909060157_37.5145859851302461,133.0,5.0,정체,127.0617426909060157_37.5145859851302461|127.0612478602413944_37.5144992006761413|127.0602718568028990_37.5143280204466052
2026-09-04T03:35:30.187978+09:00,강남 MICE 관광특구,강남 MICE 관광특구,POI001,KEY_2,1220031503,봉은사로,1220304600,삼성동 172,127.0612770466940020_37.5143936087352401,1220043807,코엑스앞교차로,127.0603272282434091_37.5142270211862794,86.0,34.0,원활,127.0603272282434091_37.5142270211862794|127.0612770466940020_37.5143936087352401
2026-09-04T03:35:30.187978+09:00,동대문 관광특구,동대문 관광특구,POI002,KEY_3,1000002003,종로,1000011703,흥인지문사거리,127.0090256024343631_37.5712778950010033,1000011300,동대문역10번출구,127.0080672314708750_37.5710785300975587,89.0,10.0,정체,127.0080672314708750_37.5710785300975587|127.0082747571647133_37.5710829540366547|127.0084909821378574_37.5711078809344414|127.0086667767084236_37.5711528422383196|127.0087931039338400_37.5711945228473638|127.0090256024343631_37.5712778950010033
2026-09-04T03:35:30.187978+09:00,동대문 관광특구,동대문 관광특구,POI002,KEY_3,1000002201,종로,1000176600,창신동 442-1,127.0108777515568477_37.5716621493242968,1000011702,흥인지문사거리,127.0091495968440398_37.5713227254486739,158.0,19.0,서행,127.0091495968440398_37.5713227254486739|127.0092723977128770_37.5713674394156811|127.0094846006979310_37.5714183224799285|127.0097878732437096_37.5714751424867188|127.0103298320711360_37.5715766797035471|127.0103586021919568_37.5715820697737044|127.0108233682804553_37.5716512389232733|127.0108777515568477_37.5716621493242968
2026-09-04T03:35:30.187978+09:00,동대문 관광특구,동대문 관광특구,POI002,KEY_3,1000005401,청계천로,1010034902,버들다리(남측),127.0065602496820105_37.5695317839187268,1010034601,청계5가교차로,127.0021191180861280_37.5694902995239062,392.0,20.0,서행,127.0021191180861280_37.5694902995239062|127.0024509740674006_37.5695131963120659|127.0065602496820105_37.5695317839187268
2026-09-04T03:35:30.187978+09:00,동대문 관광특구,동대문 관광특구,POI002,KEY_3,1000005402,청계천로,1010034702,청계6가사거리,127.0096736759349909_37.5696339498216076,1010034901,버들다리(남측),127.0067045342350838_37.5695353837745003,263.0,11.0,정체,127.0067045342350838_37.5695353837745003|127.0093753105708458_37.5696558834258525|127.0096736759349909_37.5696339498216076
2026-09-04T03:35:30.187978+09:00,동대문 관광특구,동대문 관광특구,POI002,KEY_3,1000005800,청계천로,1010005302,신평화시장,127.0121349816149205_37.5696419493387239,1010034701,청계6가사거리,127.0098099727011487_37.5696292980751281,205.0,22.0,서행,127.0098099727011487_37.5696292980751281|127.0121349816149205_37.5696419493387239
2026-09-04T03:35:30.187978+09:00,동대문 관광특구,동대문 관광특구,POI002,KEY_3,1000006102,율곡로,1000009900,흥인지문,127.0093873462230221_37.5706631809010148,1000011703,흥인지문사거리,127.0090256024343631_37.5712778950010033,75.0,13.0,정체,127.0090256024343631_37.5712778950010033|127.0091075737013711_37.5711579258072774|127.0092355138361029_37.5709579814170240|127.0093370098156385_37.5707700537480775|127.0093873462230221_37.5706631809010148
2026-09-04T03:35:30.187978+09:00,동대문 관광특구,동대문 관광특구,POI002,KEY_3,1010010302,퇴계로,1010055500,광희동2가 106-3,127.0099082789205482_37.5646817382909717,1010024300,한양공고앞,127.0104773475085409_37.5647757639333406,51.0,38.0,원활,127.0104773475085409_37.5647757639333406|127.0099082789205482_37.5646817382909717
2026-09-04T03:35:30.187978+09:00,동대문 관광특구,동대문 관광특구,POI002,KEY_3,1010010303,퇴계로,1010024300,한양공고앞,127.0104773475085409_37.5647757639333406,1010024404,한양공고앞,127.0112090095234549_37.5649005480942861,66.0,30.0,원활,127.0112090095234549_37.5649005480942861|127.0110078071713389_37.5648590073598498|127.0104773475085409_37.5647757639333406
2026-09-04T03:35:30.187978+09:00,동대문 관광특구,동대문 관광특구,POI002,KEY_3,1010010404,퇴계로,1010024403,한양공고앞,127.0112431099512804_37.5647958913381643,1010024000,한양공고앞,127.0105042836972586_37.5646697935721292,67.0,39.0,원활,127.0105042836972586_37.5646697935721292|127.0110380183582066_37.5647535474378884|127.0112431099512804_37.5647958913381643
2026-09-04T03:35:30.187978+09:00,동대문 관광특구,동대문 관광특구,POI002,KEY_3,1010010601,마른내로,1010134000,광희동1가 235-6,127.0062746188617808_37.5646055130078267,1010023000,광희동1가169-1,127.0066022342274863_37.5645458036535800,30.0,20.0,서행,127.0066022342274863_37.5645458036535800|127.0063686118675577_37.5645902274929711|127.0062746188617808_37.5646055130078267
2026-09-04T03:35:30.187978+09:00,동대문 관광특구,동대문 관광특구,POI002,KEY_3,1010011501,을지로,1010025400,한양공고앞,127.0104615863536850_37.5651414229202487,1010025702,동대문역사문화공원역앞교차로,127.0098092568797057_37.5653495503264523,62.0,36.0,원활,127.0098092568797057_37.5653495503264523|127.0104018007762932_37.5651601202690344|127.0104615863536850_37.5651414229202487
2026-09-04T03:35:30.187978+09:00,동대문 관광특구,동대문 관광특구,POI002,KEY_3,1010011502,을지로,1010024404,한양공고앞,127.0112090095234549_37.5649005480942861,1010025400,한양공고앞,127.0104615863536850_37.5651414229202487,71.0,16.0,서행,127.0104615863536850_37.5651414229202487|127.0111251236703254_37.5649339132959668|127.0112090095234549_37.5649005480942861
2026-09-04T03:35:30.187978+09:00,동대문 관광특구,동대문 관광특구,POI002,KEY_3,1010011602,을지로,1010025701,동대문역사문화공원역앞교차로,127.0098839022084150_37.5654422003783637,1010024401,한양공고앞,127.0114159293672458_37.5649391116953026,146.0,20.0,서행,127.0114159293672458_37.5649391116953026|127.0111804215872553_37.5650327842942460|127.0105112526830311_37.5652420552738704|127.0104519446709617_37.5652606030398672|127.0098839022084150_37.5654422003783637
2026-09-04T03:35:30.187978+09:00,동대문 관광특구,동대문 관광특구,POI002,KEY_3,1010011701,퇴계로,1010024401,한양공고앞,127.0114159293672458_37.5649391116953026,1010024504,성동여자실업고교앞,127.0122824244794231_37.5649718786512210,77.0,23.0,서행,127.0122824244794231_37.5649718786512210|127.0116953092412899_37.5649498454663089|127.0116305534288301_37.5649473576079913|127.0114159293672458_37.5649391116953026
2026-09-04T03:35:30.187978+09:00,동대문 관광특구,동대문 관광특구,POI002,KEY_3,1010011703,퇴계로,1010129100,흥인동 162-1,127.0142218597084707_37.5651926228685937,1010025104,신당역,127.0156055414690144_37.5653606672875071,124.0,51.0,원활,127.0156055414690144_37.5653606672875071|127.0148603714920625_37.5652701705125835|127.0142218597084707_37.5651926228685937
2026-09-04T03:35:30.187978+09:00,동대문 관광특구,동대문 관광특구,POI002,KEY_3,1010011704,퇴계로,1010025101,신당역,127.0157472142811628_37.5653765487913560,1010025505,신당역사거리,127.0161301530858964_37.5654176105649569,34.0,33.0,원활,127.0161301530858964_37.5654176105649569|127.0157472142811628_37.5653765487913560
2026-09-04T03:35:30.187978+09:00,동대문 관광특구,동대문 관광특구,POI002,KEY_3,1010011801,퇴계로,1010044500,한양공고앞교차로,127.0116371013748875_37.5648393637238627,1010024402,한양공고앞,127.0114224776999379_37.5648311176682981,19.0,26.0,원활,127.0114224776999379_37.5648311176682981|127.0116371013748875_37.5648393637238627
2026-09-04T03:35:30.187978+09:00,동대문 관광특구,동대문 관광특구,POI002,KEY_3,1010011901,장충단로,1010022104,광희동사거리,127.0071286778296695_37.5642723681278099,1010024100,광희동2가9,127.0072910181171153_37.5647498099421497,55.0,37.3,원활,127.0072910181171153_37.5647498099421497|127.0072564348693760_37.5646568662029168|127.0071286778296695_37.5642723681278099
2026-09-04T03:35:30.187978+09:00,동대문 관광특구,동대문 관광특구,POI002,KEY_3,1010011902,장충단로,1010024100,광희동2가9,127.0072910181171153_37.5647498099421497,1010025603,동대문역사문화공원,127.0075096102102208_37.5653372838946922,68.0,37.0,원활,127.0075096102102208_37.5653372838946922|127.0072910181171153_37.5647498099421497
2026-09-04T03:35:30.187978+09:00,동대문 관광특구,동대문 관광특구,POI002,KEY_3,1010011903,장충단로,1010025604,동대문역사문화공원,127.0075480588206034_37.5654411230059182,1010026800,동대문역사문화공원,127.0076027310937263_37.5655895835695972,17.0,36.7,원활,127.0076027310937263_37.5655895835695972|127.0075480588206034_37.5654411230059182
2026-09-04T03:35:30.187978+09:00,동대문 관광특구,동대문 관광특구,POI002,KEY_3,1010011904,장충단로,1010026800,동대문역사문화공원,127.0076027310937263_37.5655895835695972,1010027503,동대문역사문화공원앞교차로,127.0077423203471056_37.5659686340729024,44.0,38.0,원활,127.0077423203471056_37.5659686340729024|127.0076027310937263_37.5655895835695972
2026-09-04T03:35:30.187978+09:00,동대문 관광특구,동대문 관광특구,POI002,KEY_3,1010012001,장충단로,1010023800,광희동2가9,127.0074212496598989_37.5647191039854818,1010022101,광희동사거리,127.0072731356478073_37.5642842960486263,50.0,11.0,정체,127.0072731356478073_37.5642842960486263|127.0073872334830867_37.5646276838331019|127.0074212496598989_37.5647191039854818
2026-09-04T03:35:30.187978+09:00,동대문 관광특구,동대문 관광특구,POI002,KEY_3,1010012002,장충단로,1010025602,동대문역사문화공원,127.0076398432787244_37.5653065784687641,1010023800,광희동2가9,127.0074212496598989_37.5647191039854818,68.0,11.0,정체,127.0074212496598989_37.5647191039854818|127.0076398432787244_37.5653065784687641
2026-09-04T03:35:30.187978+09:00,동대문 관광특구,동대문 관광특구,POI002,KEY_3,1010012003,장충단로,1010026500,동대문역사문화공원,127.0077330726616651_37.5655591691889441,1010025601,동대문역사문화공원,127.0076784001102084_37.5654107085710436,17.0,8.0,정체,127.0076784001102084_37.5654107085710436|127.0077330726616651_37.5655591691889441
2026-09-04T03:35:30.187978+09:00,동대문 관광특구,동대문 관광특구,POI002,KEY_3,1010012004,장충단로,1010027502,동대문역사문화공원앞교차로,127.0078734506891323_37.5659403597718651,1010026500,동대문역사문화공원,127.0077330726616651_37.5655591691889441,44.0,11.0,정체,127.0077330726616651_37.5655591691889441|127.0078734506891323_37.5659403597718651
2026-09-04T03:35:30.187978+09:00,동대문 관광특구,동대문 관광특구,POI002,KEY_3,1010013104,퇴계로,1010026103,속성변화점,127.0211957674442402_37.5655856117215876,1010026302,신당역(서울2호선),127.0197645442450352_37.5656319651526047,127.0,20.0,서행,127.0197645442450352_37.5656319651526047|127.0205488666692304_37.5656443090833747|127.0206684292129040_37.5656405803761970|127.0207742631976942_37.5656372797099394|127.0210595706817145_37.5656067908117777|127.0210619582555438_37.5656064195453538|127.0211957674442402_37.5655856117215876
2026-09-04T03:35:30.187978+09:00,동대문 관광특구,동대문 관광특구,POI002,KEY_3,1010013201,퇴계로,1010081700,황학동 757,127.0186241650023646_37.5657023223694893,1010026304,신당역(서울2호선),127.0196260547904643_37.5657380666285974,89.0,29.0,원활,127.0196260547904643_37.5657380666285974|127.0191248008310083_37.5657312115641773|127.0188070063581591_37.5657192171997423|127.0186241650023646_37.5657023223694893
2026-09-04T03:35:30.187978+09:00,동대문 관광특구,동대문 관광특구,POI002,KEY_3,1010013205,퇴계로,1010123400,황학동 757,127.0206737469985541_37.5657486168200094,1010026105,신당5동주민센터,127.0210879994097581_37.5657125329307533,37.0,17.0,서행,127.0210879994097581_37.5657125329307533|127.0210816476591305_37.5657135206677495|127.0207859832972161_37.5657451160638232|127.0206737469985541_37.5657486168200094
2026-09-04T03:35:30.187978+09:00,동대문 관광특구,동대문 관광특구,POI002,KEY_3,1010013301,을지로,1010026900,동대문역사문화공원,127.0084142117340065_37.5657933815894935,1010027502,동대문역사문화공원앞교차로,127.0078734506891323_37.5659403597718651,51.0,17.0,서행,127.0078734506891323_37.5659403597718651|127.0080862909446040_37.5658896606162571|127.0084142117340065_37.5657933815894935
2026-09-04T03:35:30.187978+09:00,동대문 관광특구,동대문 관광특구,POI002,KEY_3,1010013302,을지로,1010080900,을지로7가 112-3,127.0088653110683481_37.5656507823329591,1010026900,동대문역사문화공원,127.0084142117340065_37.5657933815894935,43.0,12.0,정체,127.0084142117340065_37.5657933815894935|127.0084667296888910_37.5657779617922074|127.0088653110683481_37.5656507823329591
2026-09-04T03:35:30.187978+09:00,동대문 관광특구,동대문 관광특구,POI002,KEY_3,1010013401,을지로,1010027501,동대문역사문화공원앞교차로,127.0079126423696891_37.5660438810911330,1010025704,동대문역사문화공원역앞교차로,127.0097555715754112_37.5654831945412937,174.0,18.0,서행,127.0097555715754112_37.5654831945412937|127.0096128053100841_37.5655287500039421|127.0089158485056231_37.5657511395251831|127.0085155097829670_37.5658788797530079|127.0084612158882180_37.5658948204746821|127.0081293049191800_37.5659922730020028|127.0079126423696891_37.5660438810911330
2026-09-04T03:35:30.187978+09:00,동대문 관광특구,동대문 관광특구,POI002,KEY_3,1010014502,을지로45길,1010025704,동대문역사문화공원역앞교차로,127.0097555715754112_37.5654831945412937,1010031203,신당동 251-159,127.0125199832589118_37.5670528209413206,317.0,31.0,원활,127.0125199832589118_37.5670528209413206|127.0124748534802706_37.5669451006742108|127.0123969525654672_37.5668174774060688|127.0123025116707964_37.5666983314770420|127.0121971172845576_37.5665907571920030|127.0120637838956981_37.5664864490764074|127.0119132422724846_37.5664083993704807|127.0117389300272777_37.5663307203448511|127.0115558621243821_37.5662698698201609|127.0113306725807121_37.5662120107637136|127.0106272887382772_37.5660711531911673|127.0104211268278505_37.5660237206134866|127.0102552544842212_37.5659567055388024|127.0101066121111302_37.5658730843004420|127.0099898103265588_37.5657739315167234|127.0097555715754112_37.5654831945412937
2026-09-04T03:35:30.187978+09:00,동대문 관광특구,동대문 관광특구,POI002,KEY_3,1010014503,을지로45길,1010031204,신당동 251-159,127.0125599243742585_37.5672394044600324,1010031813,운동장평화시장,127.0124984243057042_37.5678383411287697,68.0,11.0,정체,127.0124984243057042_37.5678383411287697|127.0125278070149193_37.5678140109252396|127.0125545329192533_37.5677608060890265|127.0125807604174355_37.5676720254815848|127.0125874088479208_37.5675818531156409|127.0125803643056344_37.5674031656770779|127.0125599243742585_37.5672394044600324
2026-09-04T03:35:30.187978+09:00,동대문 관광특구,동대문 관광특구,POI002,KEY_3,1010014602,을지로45길,1010031202,신당동 251-159,127.0126037267031904_37.5669109428648440,1010025701,동대문역사문화공원역앞교차로,127.0098839022084150_37.5654422003783637,305.0,17.0,서행,127.0098839022084150_37.5654422003783637|127.0100974157430329_37.5657072126138019|127.0101962625768266_37.5657911237929127|127.0103255593623715_37.5658638616798513|127.0104711638876438_37.5659226884021962|127.0106627259196870_37.5659667614976271|127.0113681429240273_37.5661080259160514|127.0116029740556911_37.5661683625948655|127.0117984706255356_37.5662333437737743|127.0119835625390436_37.5663158266306780|127.0121493010753682_37.5664017556969796|127.0122987151525393_37.5665186435508005|127.0124137776696784_37.5666360853386863|127.0125158379894970_37.5667648439987900|127.0126009014704351_37.5669041991938073|127.0126037267031904_37.5669109428648440
2026-09-04T03:35:30.187978+09:00,동대문 관광특구,동대문 관광특구,POI002,KEY_3,1010014603,을지로45길,1010031812,운동장평화시장,127.0126485643679786_37.5678648322467907,1010031201,신당동 199-6,127.0126632942662184_37.5670642770788277,90.0,4.0,정체,127.0126632942662184_37.5670642770788277|127.0126915510936527_37.5672094829220882|127.0127159720722574_37.5673958521818534|127.0127233647992000_37.5675833278878599|127.0127156707868608_37.5676876829484456|127.0126844296511024_37.5677934334783714|127.0126485643679786_37.5678648322467907
2026-09-04T03:35:30.187978+09:00,동대문 관광특구,동대문 관광특구,POI002,KEY_3,1010014903,을지로,1010142800,을지로6가 55-5,127.0048451725819234_37.5665039662244240,1010029302,노보텔앰배서더서울동대문,127.0044950518891795_37.5665669124054631,32.0,12.0,정체,127.0044950518891795_37.5665669124054631|127.0048451725819234_37.5665039662244240
2026-09-04T03:35:30.187978+09:00,동대문 관광특구,동대문 관광특구,POI002,KEY_3,1010014904,을지로,1010027300,동대문역사문화공원,127.0072093223593868_37.5660721727252351,1010028502,을지로6가 23-30,127.0068099877482979_37.5661497447646155,36.0,21.0,서행,127.0068099877482979_37.5661497447646155|127.0072093223593868_37.5660721727252351
2026-09-04T03:35:30.187978+09:00,동대문 관광특구,동대문 관광특구,POI002,KEY_3,1010014905,을지로,1010027503,동대문역사문화공원앞교차로,127.0077423203471056_37.5659686340729024,1010027300,동대문역사문화공원,127.0072093223593868_37.5660721727252351,48.0,36.0,원활,127.0072093223593868_37.5660721727252351|127.0077423203471056_37.5659686340729024
2026-09-04T03:35:30.187978+09:00,동대문 관광특구,동대문 관광특구,POI002,KEY_3,1010015003,을지로,1010148600,을지로6가 55-5,127.0059756238963331_37.5664115645017986,1010028504,을지로6가 23-30,127.0067077144106662_37.5662799350011980,66.0,17.0,서행,127.0067077144106662_37.5662799350011980|127.0059756238963331_37.5664115645017986
2026-09-04T03:35:30.187978+09:00,동대문 관광특구,동대문 관광특구,POI002,KEY_3,1010015004,을지로,1010028501,을지로6가 23-30,127.0068399544692994_37.5662552159040573,1010028100,동대문역사문화공원,127.0072415247333453_37.5661772097702809,37.0,38.0,원활,127.0072415247333453_37.5661772097702809|127.0068399544692994_37.5662552159040573
2026-09-04T03:35:30.187978+09:00,동대문 관광특구,동대문 관광특구,POI002,KEY_3,1010015005,을지로,1010028100,동대문역사문화공원,127.0072415247333453_37.5661772097702809,1010027504,동대문역사문화공원앞교차로,127.0077815127893501_37.5660723132225556,49.0,37.5,원활,127.0077815127893501_37.5660723132225556|127.0072415247333453_37.5661772097702809
2026-09-04T03:35:30.187978+09:00,동대문 관광특구,동대문 관광특구,POI002,KEY_3,1010015903,다산로,1010030609,광희초교,127.0160617314247702_37.5668749100625661,1010032003,흥인사거리,127.0159430605048101_37.5679606692483219,121.0,24.0,서행,127.0159430605048101_37.5679606692483219|127.0159743421306047_37.5676112312418340|127.0160255927031301_37.5672344083472609|127.0160402251580791_37.5671268232184943|127.0160549534698760_37.5670185344442942|127.0160617314247702_37.5668749100625661
2026-09-04T03:35:30.187978+09:00,동대문 관광특구,동대문 관광특구,POI002,KEY_3,1010015905,다산로,1010025505,신당역사거리,127.0161301530858964_37.5654176105649569,1010030608,광희초교,127.0160674105021883_37.5667646741866150,150.0,13.0,정체,127.0160674105021883_37.5667646741866150|127.0160810448809769_37.5665140691110153|127.0160869222810902_37.5664060394060755|127.0161264200022373_37.5656800402324649|127.0161301530858964_37.5654176105649569
2026-09-04T03:35:30.187978+09:00,동대문 관광특구,동대문 관광특구,POI002,KEY_3,1010016004,다산로,1010032002,흥인사거리,127.0160789424705570_37.5679639438026456,1010030602,흥인사거리,127.0161606333554687_37.5672460453498260,80.0,8.0,정체,127.0161606333554687_37.5672460453498260|127.0161096513763539_37.5676208949564980|127.0160789424705570_37.5679639438026456
2026-09-04T03:35:30.187978+09:00,동대문 관광특구,동대문 관광특구,POI002,KEY_3,1010016005,다산로,1010025507,신당역(서울6호선),127.0162226232657048_37.5664107172522961,1010025502,신당역사거리,127.0162657689687649_37.5654329995531739,109.0,11.0,정체,127.0162657689687649_37.5654329995531739|127.0162622132909576_37.5656829912889449|127.0162226232657048_37.5664107172522961
2026-09-04T03:35:30.187978+09:00,동대문 관광특구,동대문 관광특구,POI002,KEY_3,1010016006,다산로,1010030603,흥인사거리,127.0161752657197951_37.5671384605402565,1010025506,신당역(서울6호선),127.0162167460837139_37.5665187469929265,69.0,17.0,서행,127.0162167460837139_37.5665187469929265|127.0162031121587347_37.5667693520839094|127.0161974648976724_37.5668789685628042|127.0161905080191644_37.5670263924383008|127.0161752657197951_37.5671384605402565
2026-09-04T03:35:30.187978+09:00,동대문 관광특구,동대문 관광특구,POI002,KEY_3,1010017301,장충단로,1010027504,동대문역사문화공원앞교차로,127.0077815127893501_37.5660723132225556,1010028800,동대문역사문화공원,127.0080565712496110_37.5666288866091591,67.0,16.0,서행,127.0080565712496110_37.5666288866091591|127.0079624699871488_37.5664856769850175|127.0078715207442457_37.5663037548790442|127.0077815127893501_37.5660723132225556
2026-09-04T03:35:30.187978+09:00,동대문 관광특구,동대문 관광특구,POI002,KEY_3,1010017302,장충단로,1010143800,을지로6가 18-11,127.0082819372846643_37.5669476563761933,1010031703,을지로6가 18-11,127.0088451603658086_37.5677293203079117,100.0,19.0,서행,127.0088451603658086_37.5677293203079117|127.0082819372846643_37.5669476563761933
2026-09-04T03:35:30.187978+09:00,동대문 관광특구,동대문 관광특구,POI002,KEY_3,1010017303,장충단로,1010151400,을지로6가 18-11,127.0092239635291378_37.5682916548078154,1010033603,흥인시장,127.0095744381944343_37.5688379054322823,68.0,16.0,서행,127.0095744381944343_37.5688379054322823|127.0095441539168775_37.5687836818919578|127.0094685009096480_37.5686576314897209|127.0092239635291378_37.5682916548078154
2026-09-04T03:35:30.187978+09:00,동대문 관광특구,동대문 관광특구,POI002,KEY_3,1010017304,장충단로,1010033604,흥인시장,127.0096221501300420_37.5689990735866033,1010034702,청계6가사거리,127.0096736759349909_37.5696339498216076,71.0,16.0,서행,127.0096736759349909_37.5696339498216076|127.0096864325971779_37.5694310293012208|127.0096700878060432_37.5692510036280254|127.0096371243204487_37.5690562417204532|127.0096221501300420_37.5689990735866033
2026-09-04T03:35:30.187978+09:00,동대문 관광특구,동대문 관광특구,POI002,KEY_3,1010017401,장충단로,1010031702,을지로6가 18-198,127.0089629856017694_37.5676755281945915,1010027501,동대문역사문화공원앞교차로,127.0079126423696891_37.5660438810911330,204.0,43.0,원활,127.0079126423696891_37.5660438810911330|127.0079996952631092_37.5662677235432056|127.0080860788338697_37.5664405124682617|127.0081769300446410_37.5665787757523901|127.0082204295207475_37.5666449752098757|127.0083997623679863_37.5668938645087991|127.0089629856017694_37.5676755281945915
2026-09-04T03:35:30.187978+09:00,동대문 관광특구,동대문 관광특구,POI002,KEY_3,1010017402,장충단로,1010033602,흥인시장,127.0096784540469628_37.5687579872561841,1010031701,을지로6가 18-11,127.0090328345347217_37.5677753546081874,123.0,33.0,원활,127.0090328345347217_37.5677753546081874|127.0093438877200214_37.5682408851308693|127.0095898005743607_37.5686089201824345|127.0096675199618375_37.5687384094390211|127.0096784540469628_37.5687579872561841
2026-09-04T03:35:30.187978+09:00,동대문 관광특구,동대문 관광특구,POI002,KEY_3,1010017405,장충단로,1010034701,청계6가사거리,127.0098099727011487_37.5696292980751281,1010033601,흥인시장,127.0097254442646317_37.5688636970958783,86.0,21.0,서행,127.0097254442646317_37.5688636970958783|127.0097710903643389_37.5690379675287076|127.0098052651739948_37.5692398786983972|127.0098225114876840_37.5694298296446618|127.0098099727011487_37.5696292980751281
2026-09-04T03:35:30.187978+09:00,동대문 관광특구,동대문 관광특구,POI002,KEY_3,1010017406,율곡로,1010035101,청계6가사거리,127.0097583244985060_37.5699427587399839,1010034701,청계6가사거리,127.0098099727011487_37.5696292980751281,35.0,29.0,원활,127.0098099727011487_37.5696292980751281|127.0097583244985060_37.5699427587399839
2026-09-04T03:35:30.187978+09:00,동대문 관광특구,동대문 관광특구,POI002,KEY_3,1010017900,마장로,1010031811,운동장평화시장,127.0125602184103286_37.5679573189645097,1010032004,흥인사거리,127.0159347353495747_37.5680686203623893,300.0,17.0,서행,127.0159347353495747_37.5680686203623893|127.0156884666647272_37.5680616007632224|127.0144660810207995_37.5680903184376831|127.0138825710250785_37.5680999453562308|127.0137456855287041_37.5680989709988395|127.0136150764297582_37.5680980411691650|127.0132103478226497_37.5680672217406553|127.0129104055784666_37.5680323170113368|127.0127590991973818_37.5680014116303767|127.0127288182885081_37.5679952265176880|127.0125602184103286_37.5679573189645097
2026-09-04T03:35:30.187978+09:00,동대문 관광특구,동대문 관광특구,POI002,KEY_3,1010018000,마장로,1010140800,신당동 208-5,127.0127928615110591_37.5678966848153522,1010031812,운동장평화시장,127.0126485643679786_37.5678648322467907,13.0,14.0,정체,127.0126485643679786_37.5678648322467907|127.0127641662878943_37.5678908234252873|127.0127928615110591_37.5678966848153522
2026-09-04T03:35:30.187978+09:00,동대문 관광특구,동대문 관광특구,POI002,KEY_3,1010018501,마장로,1010148000,황학동 160,127.0178811388246203_37.5681858311381092,1010032002,흥인사거리,127.0160789424705570_37.5679639438026456,161.0,17.0,서행,127.0160789424705570_37.5679639438026456|127.0163154668655494_37.5679686852888892|127.0165901118881067_37.5679879931942224|127.0168817457523289_37.5680208363940551|127.0176785581743104_37.5681563529552491|127.0178811388246203_37.5681858311381092
2026-09-04T03:35:30.187978+09:00,동대문 관광특구,동대문 관광특구,POI002,KEY_3,1010018701,마장로,1010152800,신당동 204-97,127.0117072992637475_37.5679805134442333,1010031814,운동장평화시장,127.0124154726912309_37.5679435535466197,63.0,16.0,서행,127.0124154726912309_37.5679435535466197|127.0122590074739151_37.5679378566801887|127.0120605595701875_37.5679355192139823|127.0119126210582579_37.5679377984365175|127.0117849221734048_37.5679599090739913|127.0117072992637475_37.5679805134442333
2026-09-04T03:35:30.187978+09:00,동대문 관광특구,동대문 관광특구,POI002,KEY_3,1010018702,마장로,1010033601,흥인시장,127.0097254442646317_37.5688636970958783,1010031806,신당동 220-37,127.0108933564805653_37.5683374957941965,119.0,14.0,정체,127.0108933564805653_37.5683374957941965|127.0103128324394817_37.5685983229940632|127.0098862405464928_37.5687745410715479|127.0097254442646317_37.5688636970958783
2026-09-04T03:35:30.187978+09:00,동대문 관광특구,동대문 관광특구,POI002,KEY_3,1010018801,마장로,1010031805,신당동 222-3,127.0108265877144618_37.5682433405487259,1010033602,흥인시장,127.0096784540469628_37.5687579872561841,117.0,10.0,정체,127.0096784540469628_37.5687579872561841|127.0098158423830341_37.5686818101705882|127.0102481441824267_37.5685032330426054|127.0108265877144618_37.5682433405487259
2026-09-04T03:35:30.187978+09:00,동대문 관광특구,동대문 관광특구,POI002,KEY_3,1010018802,마장로,1010031813,운동장평화시장,127.0124984243057042_37.5678383411287697,1010031804,신당동 204-25,127.0109614857434366_37.5681827306582221,145.0,9.5,정체,127.0109614857434366_37.5681827306582221|127.0116044562520585_37.5678938389136974|127.0116643298441801_37.5678779462685810|127.0117488970436739_37.5678554989719800|127.0118967207613707_37.5678299039982804|127.0120602489677566_37.5678273844402426|127.0122631167441938_37.5678297737057392|127.0124984243057042_37.5678383411287697
2026-09-04T03:35:30.187978+09:00,동대문 관광특구,동대문 관광특구,POI002,KEY_3,1010018901,마장로1길,1010152100,신당동 213-11,127.0121553033908839_37.5690336687148729,1010005302,신평화시장,127.0121349816149205_37.5696419493387239,68.0,10.0,정체,127.0121349816149205_37.5696419493387239|127.0121421248701665_37.5691843025149339|127.0121553033908839_37.5690336687148729
2026-09-04T03:35:30.187978+09:00,동대문 관광특구,동대문 관광특구,POI002,KEY_3,1010018902,마장로1길,1010031814,운동장평화시장,127.0124154726912309_37.5679435535466197,1010031809,신당동222-8,127.0122750629742399_37.5683759183048167,50.0,5.0,정체,127.0122750629742399_37.5683759183048167|127.0123180657187021_37.5681383238811932|127.0123497877902849_37.5680414779446536|127.0124154726912309_37.5679435535466197
2026-09-04T03:35:30.187978+09:00,동대문 관광특구,동대문 관광특구,POI002,KEY_3,1010019001,마장로1길,1010031808,신당동222-8,127.0124095059075984_37.5683913354501371,1010031811,운동장평화시장,127.0125602184103286_37.5679573189645097,51.0,11.0,정체,127.0125602184103286_37.5679573189645097|127.0124771732185138_37.5680811245796917|127.0124514225665706_37.5681597391732680|127.0124095059075984_37.5683913354501371
2026-09-04T03:35:30.187978+09:00,동대문 관광특구,동대문 관광특구,POI002,KEY_3,1010019002,마장로1길,1010005301,신평화시장,127.0122708151406528_37.5696426709985616,1010031807,신당동222-8,127.0123898303853878_37.5685000458484097,127.0,13.0,정체,127.0123898303853878_37.5685000458484097|127.0123418218841209_37.5687652999462713|127.0122919230176990_37.5690284264960468|127.0122908073151677_37.5690411795721175|127.0122778985721510_37.5691887330836352|127.0122708151406528_37.5696426709985616
2026-09-04T03:35:30.187978+09:00,동대문 관광특구,동대문 관광특구,POI002,KEY_3,1010019101,다산로,1010141200,흥인동 162-1,127.0158502651201076_37.5693611781333274,1010034802,청계7가사거리,127.0158306639446124_37.5696611075855529,33.0,8.0,정체,127.0158306639446124_37.5696611075855529|127.0158502651201076_37.5693611781333274
2026-09-04T03:35:30.187978+09:00,동대문 관광특구,동대문 관광특구,POI002,KEY_3,1010019102,지봉로,1010034802,청계7가사거리,127.0158306639446124_37.5696611075855529,1010035202,청계7가사거리,127.0158040936899226_37.5700110354399825,39.0,8.0,정체,127.0158040936899226_37.5700110354399825|127.0158306639446124_37.5696611075855529
2026-09-04T03:35:30.187978+09:00,동대문 관광특구,동대문 관광특구,POI002,KEY_3,1010019201,다산로,1010034801,청계7가사거리,127.0159658392398683_37.5696730413387101,1010032001,흥인사거리,127.0160705316801852_37.5680719294102587,178.0,8.0,정체,127.0160705316801852_37.5680719294102587|127.0159858642378339_37.5693667947247576|127.0159658392398683_37.5696730413387101
2026-09-04T03:35:30.187978+09:00,동대문 관광특구,동대문 관광특구,POI002,KEY_3,1010019202,지봉로,1010035201,청계7가사거리,127.0159391928957717_37.5700239796054660,1010034801,청계7가사거리,127.0159658392398683_37.5696730413387101,39.0,10.0,정체,127.0159658392398683_37.5696730413387101|127.0159391928957717_37.5700239796054660
2026-09-04T03:35:30.187978+09:00,동대문 관광특구,동대문 관광특구,POI002,KEY_3,1010019600,청계천로,1010034802,청계7가사거리,127.0158306639446124_37.5696611075855529,1010005301,신평화시장,127.0122708151406528_37.5696426709985616,314.0,17.0,서행,127.0122708151406528_37.5696426709985616|127.0158306639446124_37.5696611075855529
2026-09-04T03:35:30.187978+09:00,동대문 관광특구,동대문 관광특구,POI002,KEY_3,1010019801,청계천로,1010035302,영도교,127.0190376795105180_37.5709005304627368,1010034801,청계7가사거리,127.0159658392398683_37.5696730413387101,306.0,30.0,원활,127.0159658392398683_37.5696730413387101|127.0162447649568236_37.5697211440676426|127.0165233090075390_37.5697807026559474|127.0168138383008198_37.5698640974172520|127.0171942285477513_37.5699927732501777|127.0175147209545514_37.5701286070555724|127.0180299167504216_37.5703764545912975|127.0190376795105180_37.5709005304627368
2026-09-04T03:35:30.187978+09:00,동대문 관광특구,동대문 관광특구,POI002,KEY_3,1010037500,퇴계로,1010022000,광희동1가202-5,127.0064842473273927_37.5641466003637774,1010022800,동대문역사문화공원역(서울5호선),127.0065706763448077_37.5644406429326594,48.0,34.0,원활,127.0065706763448077_37.5644406429326594|127.0066811536361087_37.5643775516764293|127.0066907310278452_37.5643088952173088|127.0066691623191701_37.5642345191936187|127.0066041857510015_37.5641759869182650|127.0064842473273927_37.5641466003637774
2026-09-04T03:35:30.187978+09:00,동대문 관광특구,동대문 관광특구,POI002,KEY_3,1010038000,장충단로,1010023800,광희동2가9,127.0074212496598989_37.5647191039854818,1010022600,동대문역사문화공원역(서울4호선),127.0077454141687099_37.5643181758701132,63.0,21.0,서행,127.0077454141687099_37.5643181758701132|127.0075819683701184_37.5643336340610148|127.0075100991725066_37.5643889445091830|127.0074478177686927_37.5644766757582289|127.0073975133061595_37.5645491496537787|127.0074212496598989_37.5647191039854818
2026-09-04T03:35:30.187978+09:00,동대문 관광특구,동대문 관광특구,POI002,KEY_3,1010038700,마른내로,1010023000,광희동1가169-1,127.0066022342274863_37.5645458036535800,1010024100,광희동2가9,127.0072910181171153_37.5647498099421497,71.0,22.0,서행,127.0072910181171153_37.5647498099421497|127.0070884576186359_37.5645796826538856|127.0069375173959259_37.5645243848659760|127.0068231515665786_37.5645069004905352|127.0066022342274863_37.5645458036535800
2026-09-04T03:35:30.187978+09:00,동대문 관광특구,동대문 관광특구,POI002,KEY_3,1010039200,퇴계로,1010024300,한양공고앞,127.0104773475085409_37.5647757639333406,1010025400,한양공고앞,127.0104615863536850_37.5651414229202487,51.0,39.0,원활,127.0104615863536850_37.5651414229202487|127.0105600471430023_37.5650748710828495|127.0105997131547184_37.5650060557475030|127.0106034436050777_37.5649166603729512|127.0105734829310649_37.5648213070281614|127.0104773475085409_37.5647757639333406
2026-09-04T03:35:30.187978+09:00,동대문 관광특구,동대문 관광특구,POI002,KEY_3,1010040100,장충단로,1010092000,광희동1가 181-1,127.0065666581878219_37.5657901895796726,1010028503,을지로6가 23-30,127.0066777601740426_37.5661744771858537,44.0,10.0,정체,127.0066777601740426_37.5661744771858537|127.0065666581878219_37.5657901895796726
2026-09-04T03:35:30.187978+09:00,동대문 관광특구,동대문 관광특구,POI002,KEY_3,1010040200,장충단로,1010028502,을지로6가 23-30,127.0068099877482979_37.5661497447646155,1010025604,동대문역사문화공원,127.0075480588206034_37.5654411230059182,142.0,9.0,정체,127.0075480588206034_37.5654411230059182|127.0066546962787299_37.5656126126095131|127.0066990252346812_37.5657659412754299|127.0068099877482979_37.5661497447646155
2026-09-04T03:35:30.187978+09:00,동대문 관광특구,동대문 관광특구,POI002,KEY_3,1010040800,을지로,1010026900,동대문역사문화공원,127.0084142117340065_37.5657933815894935,1010026500,동대문역사문화공원,127.0077330726616651_37.5655591691889441,68.0,11.0,정체,127.0077330726616651_37.5655591691889441|127.0079381871399988_37.5656946131292102|127.0081740368883487_37.5657810133705610|127.0084142117340065_37.5657933815894935
2026-09-04T03:35:30.187978+09:00,동대문 관광특구,동대문 관광특구,POI002,KEY_3,1010041000,장충단로,1010026800,동대문역사문화공원,127.0076027310937263_37.5655895835695972,1010027300,동대문역사문화공원,127.0072093223593868_37.5660721727252351,68.0,36.0,원활,127.0072093223593868_37.5660721727252351|127.0074103827092529_37.5659777349919963|127.0075077022791419_37.5658704535518240|127.0075937893706595_37.5657363546045602|127.0076027310937263_37.5655895835695972
2026-09-04T03:35:30.187978+09:00,동대문 관광특구,동대문 관광특구,POI002,KEY_3,1010041400,퇴계로71길,1010146500,신당동 251-113,127.0128353641023153_37.5665709505979564,1010024501,성동여자실업고교앞,127.0124180083525971_37.5649793334128219,204.0,14.0,정체,127.0124180083525971_37.5649793334128219|127.0124114001971662_37.5650299826422014|127.0124068834825550_37.5661119920256468|127.0124128800912473_37.5661177857006550|127.0128352490476402_37.5662369720408265|127.0128757748486237_37.5663122143075370|127.0128353641023153_37.5665709505979564
2026-09-04T03:35:30.187978+09:00,동대문 관광특구,동대문 관광특구,POI002,KEY_3,1010041500,퇴계로71길,1010024504,성동여자실업고교앞,127.0122824244794231_37.5649718786512210,1010031202,신당동 251-159,127.0126037267031904_37.5669109428648440,244.0,13.0,정체,127.0126037267031904_37.5669109428648440|127.0126412307703134_37.5668474033094597|127.0126698024754859_37.5667546274016004|127.0127005738834924_37.5665576114049742|127.0127364488098749_37.5663279184632444|127.0127338355630116_37.5663230668818073|127.0123319930443841_37.5662096732445008|127.0122708949118078_37.5661506328379602|127.0122755975942681_37.5650242043360834|127.0122824244794231_37.5649718786512210
2026-09-04T03:35:30.187978+09:00,동대문 관광특구,동대문 관광특구,POI002,KEY_3,1010041600,퇴계로75길,1010030608,광희초교,127.0160674105021883_37.5667646741866150,1010025101,신당역,127.0157472142811628_37.5653765487913560,171.0,10.0,정체,127.0157472142811628_37.5653765487913560|127.0157807694131407_37.5655235857224596|127.0157959514498032_37.5662042009814456|127.0158068552079413_37.5666930119781171|127.0158387126609796_37.5667198528817465|127.0160674105021883_37.5667646741866150
2026-09-04T03:35:30.187978+09:00,동대문 관광특구,동대문 관광특구,POI002,KEY_3,1010041700,퇴계로75길,1010143700,흥인동 117-5,127.0156601453222152_37.5662061203708575,1010030609,광희초교,127.0160617314247702_37.5668749100625661,98.0,12.0,정체,127.0160617314247702_37.5668749100625661|127.0157674288877132_37.5668172312489048|127.0156719822129077_37.5667368138553144|127.0156601453222152_37.5662061203708575
2026-09-04T03:35:30.187978+09:00,동대문 관광특구,동대문 관광특구,POI002,KEY_3,1010041800,을지로,1010028100,동대문역사문화공원,127.0072415247333453_37.5661772097702809,1010028800,동대문역사문화공원,127.0080565712496110_37.5666288866091591,89.0,36.0,원활,127.0080565712496110_37.5666288866091591|127.0077173922156106_37.5663889362043406|127.0073916863854606_37.5661982459288595|127.0072415247333453_37.5661772097702809
2026-09-04T03:35:30.187978+09:00,동대문 관광특구,동대문 관광특구,POI002,KEY_3,1010043800,을지로43길,1010149300,을지로6가 18-222,127.0073782111932843_37.5673699384108701,1010028501,을지로6가 23-30,127.0068399544692994_37.5662552159040573,137.0,8.0,정체,127.0068399544692994_37.5662552159040573|127.0069949714038273_37.5668109051300121|127.0070602814434295_37.5670450194884324|127.0071638649251753_37.5670828028170760|127.0073782111932843_37.5673699384108701
2026-09-04T03:35:30.187978+09:00,동대문 관광특구,동대문 관광특구,POI002,KEY_3,1010044900,장충단로13길,1010031901,현대시티아울렛(동대문점),127.0078041379920819_37.5680116507579029,1010031704,을지로6가 18-11,127.0089129103870960_37.5678261241420017,100.0,13.0,정체,127.0089129103870960_37.5678261241420017|127.0087521862193825_37.5678639356992790|127.0078041379920819_37.5680116507579029
2026-09-04T03:35:30.187978+09:00,동대문 관광특구,동대문 관광특구,POI002,KEY_3,1010045400,장충단로13길,1010032401,라뜰리에,127.0073032393134156_37.5680926349257334,1010031904,현대시티아울렛(동대문점),127.0076640479500298_37.5680340824541119,33.0,9.0,정체,127.0076640479500298_37.5680340824541119|127.0073032393134156_37.5680926349257334
2026-09-04T03:35:30.187978+09:00,동대문 관광특구,동대문 관광특구,POI002,KEY_3,1010045500,을지로39길,1010153200,을지로6가 18-11,127.0048090270473011_37.5670973204548702,1010029301,노보텔앰배서더서울동대문,127.0045543539209376_37.5666670938253304,53.0,36.0,원활,127.0045543539209376_37.5666670938253304|127.0048090270473011_37.5670973204548702
2026-09-04T03:35:30.187978+09:00,동대문 관광특구,동대문 관광특구,POI002,KEY_3,1010045600,을지로39길,1010139800,을지로6가 18-11,127.0066730552178456_37.5681872995602077,1010032404,라뜰리에,127.0071655544813609_37.5681138478869201,44.0,13.0,정체,127.0071655544813609_37.5681138478869201|127.0066730552178456_37.5681872995602077
2026-09-04T03:35:30.187978+09:00,동대문 관광특구,동대문 관광특구,POI002,KEY_3,1010046100,장충단로.장충단로13길,1010149900,을지로6가 18-12,127.0085250946082596_37.5692538356941554,1010032401,라뜰리에,127.0073032393134156_37.5680926349257334,236.0,12.0,정체,127.0073032393134156_37.5680926349257334|127.0072300360729116_37.5690589517777553|127.0072386991814142_37.5691914930984012|127.0072413992780440_37.5691957915825583|127.0072563754432053_37.5692017507484977|127.0085250946082596_37.5692538356941554
2026-09-04T03:35:30.187978+09:00,동대문 관광특구,동대문 관광특구,POI002,KEY_3,1010046200,장충단로,1010149800,을지로6가 17-468,127.0085180990572127_37.5693618116457060,1010033604,흥인시장,127.0096221501300420_37.5689990735866033,120.0,5.0,정체,127.0096221501300420_37.5689990735866033|127.0095287010951211_37.5691419252875107|127.0093799513192749_37.5693199901350354|127.0092838051250510_37.5693743124476072|127.0091918387787189_37.5693894653783715|127.0085180990572127_37.5693618116457060
2026-09-04T03:35:30.187978+09:00,동대문 관광특구,동대문 관광특구,POI002,KEY_3,1010049900,다산로48길,1010030602,흥인사거리,127.0161606333554687_37.5672460453498260,1010037002,흥인동165,127.0168791560236201_37.5672839465636130,64.0,2.0,정체,127.0168791560236201_37.5672839465636130|127.0161606333554687_37.5672460453498260
2026-09-04T03:35:30.187978+09:00,동대문 관광특구,동대문 관광특구,POI002,KEY_3,1010050000,다산로48길,1010037001,흥인동165,127.0168881371641589_37.5671760636422079,1010030603,흥인사거리,127.0161752657197951_37.5671384605402565,63.0,10.0,정체,127.0161752657197951_37.5671384605402565|127.0168881371641589_37.5671760636422079
2026-09-04T03:35:30.187978+09:00,명동 관광특구,명동 관광특구,POI003,KEY_4,1000000303,종로,1000008703,종로1가사거리,126.9828971865418197_37.5701731264087542,1000007700,종로1가,126.9822109960776402_37.5701758601934444,61.0,6.0,정체,126.9822109960776402_37.5701758601934444|126.9824008620181672_37.5701779915733454|126.9828971865418197_37.5701731264087542
2026-09-04T03:35:30.187978+09:00,명동 관광특구,명동 관광특구,POI003,KEY_4,1000000403,종로,1000009500,종로1가,126.9822090811274506_37.5702839694386270,1000008704,종로1가사거리,126.9829124807839946_37.5702811035568871,62.0,30.0,원활,126.9829124807839946_37.5702811035568871|126.9824007403594095_37.5702861200097971|126.9822090811274506_37.5702839694386270
2026-09-04T03:35:30.187978+09:00,명동 관광특구,명동 관광특구,POI003,KEY_4,1000000501,종로,1000008701,종로1가사거리,126.9830485481293891_37.5702800768006568,1000009600,종로1가,126.9837104338048164_37.5702764015435093,58.0,32.0,원활,126.9837104338048164_37.5702764015435093|126.9830485481293891_37.5702800768006568
2026-09-04T03:35:30.187978+09:00,명동 관광특구,명동 관광특구,POI003,KEY_4,1000000502,종로,1000231500,종로2가 1-2,126.9840871569151233_37.5702743076942411,1000009104,종각지하쇼핑센터,126.9856860459643428_37.5702623526753499,141.0,35.0,원활,126.9856860459643428_37.5702623526753499|126.9846512311403757_37.5702711702886205|126.9844496207387294_37.5702722919640593|126.9840871569151233_37.5702743076942411
2026-09-04T03:35:30.187978+09:00,명동 관광특구,명동 관광특구,POI003,KEY_4,1000000601,종로,1000007800,종로1가,126.9837094850009294_37.5701682846705296,1000008702,종로1가사거리,126.9830343185050481_37.5701720336345346,60.0,27.0,원활,126.9830343185050481_37.5701720336345346|126.9837094850009294_37.5701682846705296
2026-09-04T03:35:30.187978+09:00,명동 관광특구,명동 관광특구,POI003,KEY_4,1000000602,종로,1000231400,종로2가 1-2,126.9840862081807984_37.5701661909693030,1000007800,종로1가,126.9837094850009294_37.5701682846705296,33.0,22.0,서행,126.9837094850009294_37.5701682846705296|126.9840862081807984_37.5701661909693030
2026-09-04T03:35:30.187978+09:00,명동 관광특구,명동 관광특구,POI003,KEY_4,1000001301,종로,1000009001,세종대로사거리,126.9771187019505163_37.5702314111293560,1000009700,종로1가1-3,126.9777559525715844_37.5702421551131351,56.0,47.0,원활,126.9777559525715844_37.5702421551131351|126.9771187019505163_37.5702314111293560
2026-09-04T03:35:30.187978+09:00,명동 관광특구,명동 관광특구,POI003,KEY_4,1000001401,종로,1000008000,동아일보사,126.9777588281918099_37.5701340596360964,1000009002,세종대로사거리,126.9770959172438580_37.5701228829325231,59.0,18.0,서행,126.9770959172438580_37.5701228829325231|126.9777588281918099_37.5701340596360964
2026-09-04T03:35:30.187978+09:00,명동 관광특구,명동 관광특구,POI003,KEY_4,1000002901,청계천로,1010032502,삼일교,126.9858176809112962_37.5681887506945316,1010033401,광교교차로,126.9828323504512895_37.5687142869809634,270.0,29.0,원활,126.9828323504512895_37.5687142869809634|126.9831003219411656_37.5686737853844051|126.9852687140431868_37.5682945602868230|126.9858176809112962_37.5681887506945316
2026-09-04T03:35:30.187978+09:00,명동 관광특구,명동 관광특구,POI003,KEY_4,1000002902,청계천로,1010032102,청계2가교차로,126.9875991297301567_37.5679809831949356,1010032501,삼일교,126.9859639352789031_37.5681586090325510,147.0,25.0,원활,126.9859639352789031_37.5681586090325510|126.9863253538070325_37.5680791845531417|126.9865577650626705_37.5680353471692356|126.9867829856370349_37.5680067659841299|126.9869962249077844_37.5679896256958159|126.9871974815225713_37.5679858337771080|126.9875991297301567_37.5679809831949356
2026-09-04T03:35:30.187978+09:00,명동 관광특구,명동 관광특구,POI003,KEY_4,1000003001,청계천로,1010033701,광교사거리,126.9828472617604831_37.5690310653232729,1000006702,동광빌딩,126.9856496555834724_37.5685348675876654,254.0,29.0,원활,126.9856496555834724_37.5685348675876654|126.9845929724430675_37.5687445528897968|126.9830379501262456_37.5690132418433791|126.9828472617604831_37.5690310653232729
2026-09-04T03:35:30.187978+09:00,명동 관광특구,명동 관광특구,POI003,KEY_4,1000003301,청계천로,1010033802,호주관광청,126.9797619415674745_37.5689431360811881,1010034101,무교동사거리,126.9793610650683036_37.5689718470786644,36.0,30.0,원활,126.9793610650683036_37.5689718470786644|126.9797619415674745_37.5689431360811881
2026-09-04T03:35:30.187978+09:00,명동 관광특구,명동 관광특구,POI003,KEY_4,1000003302,청계천로,1010033402,광교교차로,126.9826972926992426_37.5687326607183465,1010033801,호주관광청,126.9798972652306475_37.5689336143038304,248.0,30.0,원활,126.9798972652306475_37.5689336143038304|126.9825540318489203_37.5687499905156059|126.9826972926992426_37.5687326607183465
2026-09-04T03:35:30.187978+09:00,명동 관광특구,명동 관광특구,POI003,KEY_4,1000003400,청계천로,1010034301,무교동사거리,126.9793440155466442_37.5692674718774171,1010033702,광교사거리,126.9827120922386285_37.5690419071249693,299.0,15.0,서행,126.9827120922386285_37.5690419071249693|126.9793440155466442_37.5692674718774171
2026-09-04T03:35:30.187978+09:00,명동 관광특구,명동 관광특구,POI003,KEY_4,1000003700,청계천로,1010034102,무교동사거리,126.9792256224440905_37.5689816845044717,1000002000,청계광장,126.9771060680401717_37.5690311929919076,188.0,18.0,서행,126.9771060680401717_37.5690311929919076|126.9774434053876035_37.5690828687536680|126.9775440319711919_37.5690924240737019|126.9777213322496863_37.5690924576651568|126.9792256224440905_37.5689816845044717
2026-09-04T03:35:30.187978+09:00,명동 관광특구,명동 관광특구,POI003,KEY_4,1000003801,청계천로,1000031000,청계광장,126.9770921904126482_37.5694157550093379,1000007002,동아일보사,126.9783460265061024_37.5693222473721278,111.0,18.0,서행,126.9783460265061024_37.5693222473721278|126.9773834142662849_37.5693879956262435|126.9770921904126482_37.5694157550093379
2026-09-04T03:35:30.187978+09:00,명동 관광특구,명동 관광특구,POI003,KEY_4,1000004701,우정국로,1010033702,광교사거리,126.9827120922386285_37.5690419071249693,1000007200,종로1가,126.9827935302844111_37.5696197701673924,65.0,35.0,원활,126.9827935302844111_37.5696197701673924|126.9827458886658889_37.5693654356143227|126.9827120922386285_37.5690419071249693
2026-09-04T03:35:30.187978+09:00,명동 관광특구,명동 관광특구,POI003,KEY_4,1000004702,우정국로,1000007200,종로1가,126.9827935302844111_37.5696197701673924,1000008703,종로1가사거리,126.9828971865418197_37.5701731264087542,62.0,19.0,서행,126.9828971865418197_37.5701731264087542|126.9827935302844111_37.5696197701673924
2026-09-04T03:35:30.187978+09:00,명동 관광특구,명동 관광특구,POI003,KEY_4,1000004801,우정국로,1000007100,종로1가,126.9829278791696936_37.5696038258341787,1010033701,광교사거리,126.9828472617604831_37.5690310653232729,64.0,36.0,원활,126.9828472617604831_37.5690310653232729|126.9828808883077329_37.5693529710736058|126.9829278791696936_37.5696038258341787
2026-09-04T03:35:30.187978+09:00,명동 관광특구,명동 관광특구,POI003,KEY_4,1000004802,우정국로,1000008702,종로1가사거리,126.9830343185050481_37.5701720336345346,1000007100,종로1가,126.9829278791696936_37.5696038258341787,64.0,14.0,정체,126.9829278791696936_37.5696038258341787|126.9830343185050481_37.5701720336345346
2026-09-04T03:35:30.187978+09:00,명동 관광특구,명동 관광특구,POI003,KEY_4,1000005202,세종대로,1000009002,세종대로사거리,126.9770959172438580_37.5701228829325231,1000007400,청계천광장,126.9770893091757529_37.5695834801641908,60.0,9.0,정체,126.9770893091757529_37.5695834801641908|126.9770891110814688_37.5697756552470636|126.9770959172438580_37.5701228829325231
2026-09-04T03:35:30.187978+09:00,명동 관광특구,명동 관광특구,POI003,KEY_4,1000005203,세종대로,1000031000,청계광장,126.9770921904126482_37.5694157550093379,1000002000,청계광장,126.9771060680401717_37.5690311929919076,43.0,12.0,정체,126.9771060680401717_37.5690311929919076|126.9770921904126482_37.5694157550093379
2026-09-04T03:35:30.187978+09:00,명동 관광특구,명동 관광특구,POI003,KEY_4,1000005204,세종대로,1000007400,청계천광장,126.9770893091757529_37.5695834801641908,1000031000,청계광장,126.9770921904126482_37.5694157550093379,19.0,12.0,정체,126.9770921904126482_37.5694157550093379|126.9770893091757529_37.5695834801641908
2026-09-04T03:35:30.187978+09:00,명동 관광특구,명동 관광특구,POI003,KEY_4,1000006501,우정국로,1000008704,종로1가사거리,126.9829124807839946_37.5702811035568871,1000010800,종로1가,126.9829520973026149_37.5707555248776544,53.0,18.0,서행,126.9829520973026149_37.5707555248776544|126.9829508691110647_37.5707257702316255|126.9829124807839946_37.5702811035568871
2026-09-04T03:35:30.187978+09:00,명동 관광특구,명동 관광특구,POI003,KEY_4,1000006601,우정국로,1000010700,종로1가,126.9830878603485758_37.5707519719581455,1000008701,종로1가사거리,126.9830485481293891_37.5702800768006568,52.0,19.0,서행,126.9830485481293891_37.5702800768006568|126.9830865510382267_37.5707202864689833|126.9830878603485758_37.5707519719581455
2026-09-04T03:35:30.187978+09:00,명동 관광특구,명동 관광특구,POI003,KEY_4,1000008403,세종대로,1000178600,세종로 84-12,126.9773435970436708_37.5716353187199061,1000010301,주한네덜란드대사관,126.9773205016073234_37.5708618739457165,86.0,51.0,원활,126.9773205016073234_37.5708618739457165|126.9773435970436708_37.5716353187199061
2026-09-04T03:35:30.187978+09:00,명동 관광특구,명동 관광특구,POI003,KEY_4,1000023600,종로,1000007200,종로1가,126.9827935302844111_37.5696197701673924,1000007700,종로1가,126.9822109960776402_37.5701758601934444,90.0,21.0,서행,126.9822109960776402_37.5701758601934444|126.9823538247533747_37.5701681727122576|126.9825335459648414_37.5700690295792086|126.9826437791460876_37.5699908547526107|126.9827324536877029_37.5698897904859521|126.9827899849345840_37.5697677437382040|126.9827935302844111_37.5696197701673924
2026-09-04T03:35:30.187978+09:00,명동 관광특구,명동 관광특구,POI003,KEY_4,1000023700,종로,1000007800,종로1가,126.9837094850009294_37.5701682846705296,1000007100,종로1가,126.9829278791696936_37.5696038258341787,103.0,29.0,원활,126.9829278791696936_37.5696038258341787|126.9830032097695494_37.5698402452960423|126.9830990215400703_37.5699604067910897|126.9831924475550267_37.5700347972999680|126.9833242130892046_37.5700939366007987|126.9834847309357855_37.5701511723724835|126.9837094850009294_37.5701682846705296
2026-09-04T03:35:30.187978+09:00,명동 관광특구,명동 관광특구,POI003,KEY_4,1000023900,종로,1000008000,동아일보사,126.9777588281918099_37.5701340596360964,1000007400,청계천광장,126.9770893091757529_37.5695834801641908,91.0,5.0,정체,126.9770893091757529_37.5695834801641908|126.9770963075021939_37.5696479702720865|126.9772094321437663_37.5697743360528662|126.9773459521211265_37.5699388507560457|126.9774735034476549_37.5700533015790512|126.9775723207871607_37.5701062430602590|126.9777588281918099_37.5701340596360964
2026-09-04T03:35:30.187978+09:00,명동 관광특구,명동 관광특구,POI003,KEY_4,1000024400,종로,1000010700,종로1가,126.9830878603485758_37.5707519719581455,1000009600,종로1가,126.9837104338048164_37.5702764015435093,84.0,11.0,정체,126.9837104338048164_37.5702764015435093|126.9834199944166073_37.5703552243340226|126.9832834070776642_37.5704238609181118|126.9831923434160359_37.5704982251536919|126.9830964773624657_37.5706145452795255|126.9830878603485758_37.5707519719581455
2026-09-04T03:35:30.187978+09:00,명동 관광특구,명동 관광특구,POI003,KEY_4,1000024500,종로,1000009500,종로1가,126.9822090811274506_37.5702839694386270,1000010800,종로1가,126.9829520973026149_37.5707555248776544,92.0,7.0,정체,126.9829520973026149_37.5707555248776544|126.9829359392394394_37.5706431287853420|126.9828401259818236_37.5705267810848440|126.9827754493047394_37.5704619306360499|126.9826892071422293_37.5704047039165019|126.9825119206921613_37.5703322080284821|126.9822090811274506_37.5702839694386270
2026-09-04T03:35:30.187978+09:00,명동 관광특구,명동 관광특구,POI003,KEY_4,1010002301,소월로,1010155400,최소노드배치점,126.9760533414636114_37.5582497344554369,1010013803,숭례문앞교차로,126.9755809845113532_37.5605189064983307,262.0,25.0,원활,126.9755809845113532_37.5605189064983307|126.9757337889885065_37.5603525891795087|126.9757984686316661_37.5601874326070444|126.9757969708594061_37.5599997077910714|126.9757198667068110_37.5593373627741514|126.9757048763582503_37.5591937029204388|126.9757309859065373_37.5590497713064551|126.9757785893644524_37.5588840435687814|126.9759074328705282_37.5585745471584289|126.9759297486065890_37.5585209420058632|126.9759522152383795_37.5584716422248093|126.9760533414636114_37.5582497344554369
2026-09-04T03:35:30.187978+09:00,명동 관광특구,명동 관광특구,POI003,KEY_4,1010002402,소월로,1010013802,숭례문앞교차로,126.9757600351255320_37.5605071695408910,1010011100,숭례문,126.9758644071737450_37.5590694809368770,164.0,8.0,정체,126.9758644071737450_37.5590694809368770|126.9758414948468044_37.5591969276911115|126.9758551619603253_37.5593278985156402|126.9759327469906509_37.5599943665054212|126.9759344158917429_37.5602035603088922|126.9758567349293656_37.5604019178341417|126.9757600351255320_37.5605071695408910
2026-09-04T03:35:30.187978+09:00,명동 관광특구,명동 관광특구,POI003,KEY_4,1010002508,퇴계로,1010038200,회현동1가 194-69,126.9793517057243974_37.5593685443415026,1010011702,회현역7번출구,126.9799749525828076_37.5595619956135778,59.0,13.0,정체,126.9799749525828076_37.5595619956135778|126.9797655565294434_37.5594985542619710|126.9793517057243974_37.5593685443415026
2026-09-04T03:35:30.187978+09:00,명동 관광특구,명동 관광특구,POI003,KEY_4,1010004503,퇴계로,1010058100,충무로2가 111,126.9860157278956194_37.5609895542921493,1010016204,롯데호텔L7(명동),126.9867111612325346_37.5610613083895331,62.0,23.0,서행,126.9867111612325346_37.5610613083895331|126.9862655416711590_37.5610153303082797|126.9860157278956194_37.5609895542921493
2026-09-04T03:35:30.187978+09:00,명동 관광특구,명동 관광특구,POI003,KEY_4,1010004505,퇴계로,1010016201,롯데호텔L7(명동),126.9868467299909440_37.5610743853645488,1010017004,퇴계로2가교차로,126.9889474014538138_37.5613140531310350,189.0,34.0,원활,126.9889474014538138_37.5613140531310350|126.9870814163588051_37.5611494769929379|126.9869907146048007_37.5611414765227138|126.9868467299909440_37.5610743853645488
2026-09-04T03:35:30.187978+09:00,명동 관광특구,명동 관광특구,POI003,KEY_4,1010004603,퇴계로,1010108700,충무로2가 94-2,126.9862829994179521_37.5609081074300093,1010016002,명동역(서울4호선),126.9858383483569071_37.5608622275438933,40.0,23.0,서행,126.9858383483569071_37.5608622275438933|126.9860331859943869_37.5608823314504221|126.9862829994179521_37.5609081074300093
2026-09-04T03:35:30.187978+09:00,명동 관광특구,명동 관광특구,POI003,KEY_4,1010004604,퇴계로,1010016301,명동역1번출구,126.9871113334254318_37.5609345528858967,1010016202,롯데호텔L7(명동),126.9868616879201113_37.5609669231657151,23.0,42.0,원활,126.9868616879201113_37.5609669231657151|126.9870206308065406_37.5609265523693381|126.9871113334254318_37.5609345528858967
2026-09-04T03:35:30.187978+09:00,명동 관광특구,명동 관광특구,POI003,KEY_4,1010004605,퇴계로,1010017003,퇴계로2가교차로,126.9889890744976100_37.5611001658779600,1010016301,명동역1번출구,126.9871113334254318_37.5609345528858967,167.0,47.0,원활,126.9871113334254318_37.5609345528858967|126.9889890744976100_37.5611001658779600
2026-09-04T03:35:30.187978+09:00,명동 관광특구,명동 관광특구,POI003,KEY_4,1010004901,소공로,1010014904,회현사거리,126.9819470670801422_37.5604226300890645,1010016100,신세계백화점(본점),126.9816686271532404_37.5609097208093701,59.0,16.0,서행,126.9816686271532404_37.5609097208093701|126.9819470670801422_37.5604226300890645
2026-09-04T03:35:30.187978+09:00,명동 관광특구,명동 관광특구,POI003,KEY_4,1010004903,소공로,1010016100,신세계백화점(본점),126.9816686271532404_37.5609097208093701,1010017902,한국은행앞교차로,126.9812102323787997_37.5618212267858951,109.0,34.0,원활,126.9812102323787997_37.5618212267858951|126.9814215875591117_37.5613304278622451|126.9815191090982296_37.5611692719051433|126.9815779997364160_37.5610682604307513|126.9816686271532404_37.5609097208093701
2026-09-04T03:35:30.187978+09:00,명동 관광특구,명동 관광특구,POI003,KEY_4,1010005001,소공로,1010016400,포스트타워,126.9817922479335550_37.5609545032611152,1010014901,회현사거리,126.9820623967078177_37.5604819136935362,58.0,36.0,원활,126.9820623967078177_37.5604819136935362|126.9817922479335550_37.5609545032611152
2026-09-04T03:35:30.187978+09:00,명동 관광특구,명동 관광특구,POI003,KEY_4,1010005002,소공로,1010016902,한국은행앞,126.9817016201550075_37.5611130425819510,1010016400,포스트타워,126.9817922479335550_37.5609545032611152,19.0,36.0,원활,126.9817922479335550_37.5609545032611152|126.9817016201550075_37.5611130425819510
2026-09-04T03:35:30.187978+09:00,명동 관광특구,명동 관광특구,POI003,KEY_4,1010005003,소공로,1010017901,한국은행앞교차로,126.9813201261830500_37.5618994475613093,1010016901,한국은행앞,126.9816414699309064_37.5612161949658940,81.0,26.0,원활,126.9816414699309064_37.5612161949658940|126.9815474496638501_37.5613715645860893|126.9813201261830500_37.5618994475613093
2026-09-04T03:35:30.187978+09:00,명동 관광특구,명동 관광특구,POI003,KEY_4,1010005101,남대문로,1010013801,숭례문앞교차로,126.9756943412395600_37.5606249038699929,1010015000,숭례문,126.9764459331227329_37.5606350021971664,67.0,20.0,서행,126.9764459331227329_37.5606350021971664|126.9761770959942169_37.5605854916413975|126.9759176766868478_37.5605967861663927|126.9756943412395600_37.5606249038699929
2026-09-04T03:35:30.187978+09:00,명동 관광특구,명동 관광특구,POI003,KEY_4,1010005102,남대문로,1010123700,남대문로3가 110-4,126.9802395481067094_37.5615376279630198,1010017903,한국은행앞교차로,126.9811556456876929_37.5619216279188848,92.0,30.0,원활,126.9811556456876929_37.5619216279188848|126.9809804652948202_37.5618338688153770|126.9804945418923836_37.5616270684645031|126.9802395481067094_37.5615376279630198
2026-09-04T03:35:30.187978+09:00,명동 관광특구,명동 관광특구,POI003,KEY_4,1010005201,남대문로,1010014800,숭례문,126.9764883666133954_37.5605318420117769,1010013802,숭례문앞교차로,126.9757600351255320_37.5605071695408910,65.0,21.0,서행,126.9757600351255320_37.5605071695408910|126.9759033237710781_37.5604891294319145|126.9761889274862341_37.5604766950548168|126.9764883666133954_37.5605318420117769
2026-09-04T03:35:30.187978+09:00,명동 관광특구,명동 관광특구,POI003,KEY_4,1010005202,남대문로,1010105800,남대문로4가 24-1,126.9773600444245005_37.5608297698874694,1010014800,숭례문,126.9764883666133954_37.5605318420117769,84.0,26.0,원활,126.9764883666133954_37.5605318420117769|126.9773600444245005_37.5608297698874694
2026-09-04T03:35:30.187978+09:00,명동 관광특구,명동 관광특구,POI003,KEY_4,1010007100,남대문로,1010017904,한국은행앞교차로,126.9812429466621211_37.5620183676301806,1010021108,호텔이비스명동,126.9820519451972700_37.5636664770067483,197.0,11.0,정체,126.9820519451972700_37.5636664770067483|126.9819793117574847_37.5634775660291922|126.9817625196920829_37.5629137095619114|126.9816744970428033_37.5627384358941327|126.9813726104749207_37.5622249080098740|126.9812429466621211_37.5620183676301806
2026-09-04T03:35:30.187978+09:00,명동 관광특구,명동 관광특구,POI003,KEY_4,1010007200,남대문로,1010090400,남대문로2가 17-2,126.9821091872959755_37.5634459234669080,1010017901,한국은행앞교차로,126.9813201261830500_37.5618994475613093,186.0,38.3,원활,126.9813201261830500_37.5618994475613093|126.9814948864511877_37.5621778204330639|126.9817991665262582_37.5626954199811465|126.9818907371757462_37.5628777579140802|126.9821091872959755_37.5634459234669080
2026-09-04T03:35:30.187978+09:00,명동 관광특구,명동 관광특구,POI003,KEY_4,1010007304,서소문로,1010019501,한산빌딩,126.9730982772283170_37.5628920335954888,1010020204,중앙일보사,126.9740738637650566_37.5631806396414873,92.0,29.0,원활,126.9740738637650566_37.5631806396414873|126.9737013790137468_37.5630578478489241|126.9732815155571188_37.5629364731473245|126.9732301148138589_37.5629240073069894|126.9730982772283170_37.5628920335954888
2026-09-04T03:35:30.187978+09:00,명동 관광특구,명동 관광특구,POI003,KEY_4,1010007305,서소문로,1010060500,서소문동 42-3,126.9748814331857290_37.5634753132613639,1010021604,시청앞광장,126.9768728564433928_37.5640783561644085,191.0,23.0,서행,126.9768728564433928_37.5640783561644085|126.9766787939362445_37.5640859652900971|126.9765523317762188_37.5640754535460886|126.9763400428201123_37.5640251139761148|126.9749917778751325_37.5635158830683409|126.9748814331857290_37.5634753132613639
2026-09-04T03:35:30.187978+09:00,명동 관광특구,명동 관광특구,POI003,KEY_4,1010007405,서소문로,1010021603,시청앞광장,126.9768324946201261_37.5639716881909536,1010020202,중앙일보사,126.9742502538365869_37.5631241528421853,249.0,24.0,서행,126.9742502538365869_37.5631241528421853|126.9749383845103381_37.5633771573157134|126.9750493665217306_37.5634179614493959|126.9763888286545210_37.5639238670732283|126.9765790012718583_37.5639689628774178|126.9766825277856697_37.5639775680622137|126.9768324946201261_37.5639716881909536
2026-09-04T03:35:30.187978+09:00,명동 관광특구,명동 관광특구,POI003,KEY_4,1010007500,소공로,1010017903,한국은행앞교차로,126.9811556456876929_37.5619216279188848,1010021703,소공로지하상가,126.9793735854893129_37.5639048297059688,271.0,27.0,원활,126.9793735854893129_37.5639048297059688|126.9799260872659801_37.5633234478845921|126.9804607657373765_37.5627352047527836|126.9809958432867205_37.5621465108158432|126.9811556456876929_37.5619216279188848
2026-09-04T03:35:30.187978+09:00,명동 관광특구,명동 관광특구,POI003,KEY_4,1010007600,소공로,1010125600,소공동 44-2,126.9805708038916379_37.5627985840057121,1010017904,한국은행앞교차로,126.9812429466621211_37.5620183676301806,105.0,26.0,원활,126.9812429466621211_37.5620183676301806|126.9811103260703646_37.5622049984614250|126.9805708038916379_37.5627985840057121
2026-09-04T03:35:30.187978+09:00,명동 관광특구,명동 관광특구,POI003,KEY_4,1010008401,세종대로18길,1010021203,우성빌딩,126.9777193951018148_37.5638099385310227,1010021602,시청앞광장,126.9769689889781006_37.5639574810137518,68.0,27.0,원활,126.9769689889781006_37.5639574810137518|126.9777193951018148_37.5638099385310227
2026-09-04T03:35:30.187978+09:00,명동 관광특구,명동 관광특구,POI003,KEY_4,1010008402,세종대로18길,1010073800,소공동 87-15,126.9784945856248157_37.5638009334543241,1010021202,우성빌딩,126.9778443694909242_37.5637825313256783,58.0,14.0,정체,126.9778443694909242_37.5637825313256783|126.9779245419285019_37.5637634021338656|126.9780550037610567_37.5637507097928918|126.9781651142375978_37.5637590779395225|126.9784945856248157_37.5638009334543241
2026-09-04T03:35:30.187978+09:00,명동 관광특구,명동 관광특구,POI003,KEY_4,1010008601,명동길,1010094000,명동2가 81-1,126.9851479805942063_37.5638186401739063,1010021107,호텔이비스명동,126.9821837939177840_37.5636399652824764,264.0,9.0,정체,126.9821837939177840_37.5636399652824764|126.9823326124742522_37.5636143047609394|126.9828833689964966_37.5636071193572647|126.9835225261317078_37.5636288098772013|126.9845070950813550_37.5637152298037265|126.9851479805942063_37.5638186401739063
2026-09-04T03:35:30.187978+09:00,명동 관광특구,명동 관광특구,POI003,KEY_4,1010008602,명동길,1010106400,명동2가 1-17,126.9865203350459382_37.5642465490057234,1010021103,천주교서울대교구역사관,126.9862268629406685_37.5640958827178579,31.0,11.0,정체,126.9862268629406685_37.5640958827178579|126.9865203350459382_37.5642465490057234
2026-09-04T03:35:30.187978+09:00,명동 관광특구,명동 관광특구,POI003,KEY_4,1010009100,남대문로7길,1010021108,호텔이비스명동,126.9820519451972700_37.5636664770067483,1010021702,소공로지하상가,126.9795475428450970_37.5639009918525275,227.0,11.0,정체,126.9795475428450970_37.5639009918525275|126.9796803370022360_37.5638948862261515|126.9806310216740002_37.5639896452279629|126.9820519451972700_37.5636664770067483
2026-09-04T03:35:30.187978+09:00,명동 관광특구,명동 관광특구,POI003,KEY_4,1010009200,남대문로7길,1010021701,소공로지하상가,126.9794402894512473_37.5640142229526717,1010021109,호텔이비스명동,126.9820873216543333_37.5637708767384169,240.0,23.0,서행,126.9820873216543333_37.5637708767384169|126.9806416666700954_37.5640996703370931|126.9796757766825266_37.5640033960331934|126.9794402894512473_37.5640142229526717
2026-09-04T03:35:30.187978+09:00,명동 관광특구,명동 관광특구,POI003,KEY_4,1010009501,소공로,1010021704,소공로지하상가,126.9792789797845671_37.5640057968385435,1010023303,조선호텔,126.9788152991022230_37.5645029149171776,69.0,11.0,정체,126.9788152991022230_37.5645029149171776|126.9792789797845671_37.5640057968385435
2026-09-04T03:35:30.187978+09:00,명동 관광특구,명동 관광특구,POI003,KEY_4,1010009502,소공로,1010023304,조선호텔,126.9787312154575005_37.5645930511843886,1010024703,시청앞광장,126.9784672029423973_37.5649273269454653,44.0,31.0,원활,126.9784672029423973_37.5649273269454653|126.9785328581880179_37.5648259321764542|126.9786099909753290_37.5647229929441977|126.9787312154575005_37.5645930511843886
2026-09-04T03:35:30.187978+09:00,명동 관광특구,명동 관광특구,POI003,KEY_4,1010009601,소공로,1010023302,조선호텔,126.9789243502561220_37.5645673683433330,1010021701,소공로지하상가,126.9794402894512473_37.5640142229526717,76.0,35.5,원활,126.9794402894512473_37.5640142229526717|126.9789243502561220_37.5645673683433330
2026-09-04T03:35:30.187978+09:00,명동 관광특구,명동 관광특구,POI003,KEY_4,1010009602,소공로,1010024701,속성변화점,126.9786056986612977_37.5650244624703831,1010023301,조선호텔,126.9788402605382771_37.5646575116433681,47.0,30.0,원활,126.9788402605382771_37.5646575116433681|126.9787231273203787_37.5647830692895752|126.9786516629586544_37.5648784430538711|126.9786287557715099_37.5649138199071757|126.9786056986612977_37.5650244624703831
2026-09-04T03:35:30.187978+09:00,명동 관광특구,명동 관광특구,POI003,KEY_4,1010009902,세종대로,1010021604,시청앞광장,126.9768728564433928_37.5640783561644085,1010024204,시청앞교차로,126.9770880989032236_37.5648197786229900,85.0,50.0,원활,126.9770880989032236_37.5648197786229900|126.9770591791834136_37.5646629693451288|126.9770001947957212_37.5644354373990907|126.9769219936512883_37.5642088549141349|126.9768728564433928_37.5640783561644085
2026-09-04T03:35:30.187978+09:00,명동 관광특구,명동 관광특구,POI003,KEY_4,1010010000,세종대로,1010024203,시청앞교차로,126.9772135411598413_37.5647555843739269,1010021601,시청앞광장,126.9770081698073909_37.5640611462049279,79.0,41.0,원활,126.9770081698073909_37.5640611462049279|126.9770525488461743_37.5641790078298783|126.9771323290460572_37.5644101639924273|126.9771929938028450_37.5646441761629077|126.9772135411598413_37.5647555843739269
2026-09-04T03:35:30.187978+09:00,명동 관광특구,명동 관광특구,POI003,KEY_4,1010011000,덕수궁길,1010003702,국립현대미술관(덕수궁),126.9734800713954428_37.5653099277390794,1010024205,시청앞교차로,126.9771111379704962_37.5649683842586413,350.0,24.0,서행,126.9771111379704962_37.5649683842586413|126.9769955437966189_37.5648997036250520|126.9769191129801698_37.5648841239987448|126.9762643259252286_37.5649661911538288|126.9761744747147532_37.5649770829893868|126.9759779520215517_37.5650009053778362|126.9758689949813260_37.5650050124235619|126.9752013280298399_37.5649548066137768|126.9751376722967393_37.5649475156969572|126.9743014077374426_37.5648517294047579|126.9740978380537513_37.5648406360021241|126.9740518977143893_37.5648432379020889|126.9740231183313881_37.5648571744892976|126.9736843653272729_37.5652451675209207|126.9735504744861458_37.5653043393530339|126.9734800713954428_37.5653099277390794
2026-09-04T03:35:30.187978+09:00,명동 관광특구,명동 관광특구,POI003,KEY_4,1010011100,소공로,1010024703,시청앞광장,126.9784672029423973_37.5649273269454653,1010024202,시청앞교차로,126.9772712943529740_37.5649019993645936,106.0,32.0,원활,126.9772712943529740_37.5649019993645936|126.9774098801302102_37.5649281244663342|126.9776269810423628_37.5649428736685351|126.9783249021099323_37.5649392241840445|126.9784672029423973_37.5649273269454653
2026-09-04T03:35:30.187978+09:00,명동 관광특구,명동 관광특구,POI003,KEY_4,1010011200,소공로,1010024201,시청앞교차로,126.9772516593585294_37.5650094083765893,1010024704,시청앞광장,126.9784659259494219_37.5650361481380060,108.0,30.0,원활,126.9784659259494219_37.5650361481380060|126.9783324600417700_37.5650473063687187|126.9776216401868254_37.5650510228301613|126.9773883375840597_37.5650351731031407|126.9772516593585294_37.5650094083765893
2026-09-04T03:35:30.187978+09:00,명동 관광특구,명동 관광특구,POI003,KEY_4,1010011301,남대문로,1010021109,호텔이비스명동,126.9820873216543333_37.5637708767384169,1010026000,을지로1가,126.9825267031434635_37.5654759873990756,193.0,50.5,원활,126.9825267031434635_37.5654759873990756|126.9824702954355473_37.5651483984699510|126.9824465623792378_37.5650489393979115|126.9823699220778366_37.5647277579612506|126.9821890475419082_37.5641153221354358|126.9820873216543333_37.5637708767384169
2026-09-04T03:35:30.187978+09:00,명동 관광특구,명동 관광특구,POI003,KEY_4,1010011302,남대문로,1010026000,을지로1가,126.9825267031434635_37.5654759873990756,1010027603,을지로1가사거리,126.9825982666405650_37.5659907242088167,58.0,45.0,원활,126.9825982666405650_37.5659907242088167|126.9825744719930611_37.5657534111520093|126.9825267031434635_37.5654759873990756
2026-09-04T03:35:30.187978+09:00,명동 관광특구,명동 관광특구,POI003,KEY_4,1010011401,남대문로,1010091100,남대문로2가 55,126.9823212661627423_37.5640905784940742,1010021106,호텔이비스명동,126.9822190609451695_37.5637445116022164,39.0,41.0,원활,126.9822190609451695_37.5637445116022164|126.9823212661627423_37.5640905784940742
2026-09-04T03:35:30.187978+09:00,명동 관광특구,명동 관광특구,POI003,KEY_4,1010011402,남대문로,1010027602,을지로1가사거리,126.9827347649793126_37.5659931090943999,1010025900,을지로1가,126.9826612707275899_37.5654613047842005,59.0,20.0,서행,126.9826612707275899_37.5654613047842005|126.9827095622990356_37.5657417604116617|126.9827347649793126_37.5659931090943999
2026-09-04T03:35:30.187978+09:00,명동 관광특구,명동 관광특구,POI003,KEY_4,1010012301,삼일대로,1010023607,을지로2가교차로,126.9875153124106788_37.5653314296015850,1010028303,을지로2가사거리,126.9874738711629050_37.5660973882812215,85.0,15.0,서행,126.9874738711629050_37.5660973882812215|126.9875153124106788_37.5653314296015850
2026-09-04T03:35:30.187978+09:00,명동 관광특구,명동 관광특구,POI003,KEY_4,1010012402,삼일대로,1010028302,을지로2가사거리,126.9876096117672972_37.5661013280257805,1010023606,을지로2가교차로,126.9876510130918916_37.5653360815828705,85.0,7.0,정체,126.9876510130918916_37.5653360815828705|126.9876096117672972_37.5661013280257805
2026-09-04T03:35:30.187978+09:00,명동 관광특구,명동 관광특구,POI003,KEY_4,1010012500,을지로,1010024704,시청앞광장,126.9784659259494219_37.5650361481380060,1010004003,시청앞교차로,126.9789708087737665_37.5659839969886207,114.0,29.0,원활,126.9789708087737665_37.5659839969886207|126.9788675333299039_37.5658318303835728|126.9786502993091943_37.5654208830312371|126.9784659259494219_37.5650361481380060
2026-09-04T03:35:30.187978+09:00,명동 관광특구,명동 관광특구,POI003,KEY_4,1010012600,을지로,1010004002,시청앞교차로,126.9790903112125449_37.5659326054826721,1010024701,속성변화점,126.9786056986612977_37.5650244624703831,110.0,30.0,원활,126.9786056986612977_37.5650244624703831|126.9787763856751894_37.5653806366447611|126.9789901698400030_37.5657850581407118|126.9790903112125449_37.5659326054826721
2026-09-04T03:35:30.187978+09:00,명동 관광특구,명동 관광특구,POI003,KEY_4,1010012901,수표로,1010003202,을지로3가역교차로,126.9897291608209429_37.5658390563948359,1010028603,을지로3가역앞교차로,126.9896894051841514_37.5661745923649022,37.0,8.0,정체,126.9896894051841514_37.5661745923649022|126.9897291608209429_37.5658390563948359
2026-09-04T03:35:30.187978+09:00,명동 관광특구,명동 관광특구,POI003,KEY_4,1010013001,수표로,1010028602,을지로3가역앞교차로,126.9898251326520580_37.5661805237763957,1010003203,중부경찰서앞교차로,126.9900253380623667_37.5648767043805805,146.0,8.0,정체,126.9900253380623667_37.5648767043805805|126.9898963568923449_37.5655793760539467|126.9898643876243369_37.5658492083217084|126.9898251326520580_37.5661805237763957
2026-09-04T03:35:30.187978+09:00,명동 관광특구,명동 관광특구,POI003,KEY_4,1010013800,세종대로,1010004902,강원도민일보(서울본부),126.9771979915670101_37.5670009920858590,1010024201,시청앞교차로,126.9772516593585294_37.5650094083765893,221.0,44.5,원활,126.9772516593585294_37.5650094083765893|126.9772632229602749_37.5651213527824481|126.9772704963173453_37.5652669803863901|126.9772680209366058_37.5654083777349115|126.9772559424266944_37.5656434912380419|126.9771979915670101_37.5670009920858590
2026-09-04T03:35:30.187978+09:00,명동 관광특구,명동 관광특구,POI003,KEY_4,1010013901,을지로,1010004001,시청앞교차로,126.9791355868352127_37.5660429362421766,1010027204,일본국제관광진흥기구서울사무소,126.9796194072220459_37.5660647181267464,43.0,32.0,원활,126.9796194072220459_37.5660647181267464|126.9791355868352127_37.5660429362421766
2026-09-04T03:35:30.187978+09:00,명동 관광특구,명동 관광특구,POI003,KEY_4,1010013902,을지로,1010146100,을지로1가 100-1,126.9815109860232241_37.5660872122773881,1010027900,을지로1가,126.9818910787151509_37.5660912827303974,34.0,44.0,원활,126.9818910787151509_37.5660912827303974|126.9815109860232241_37.5660872122773881
2026-09-04T03:35:30.187978+09:00,명동 관광특구,명동 관광특구,POI003,KEY_4,1010013903,을지로,1010027900,을지로1가,126.9818910787151509_37.5660912827303974,1010027604,을지로1가사거리,126.9826058911915396_37.5660989346886538,63.0,9.0,정체,126.9826058911915396_37.5660989346886538|126.9818910787151509_37.5660912827303974
2026-09-04T03:35:30.187978+09:00,명동 관광특구,명동 관광특구,POI003,KEY_4,1010014001,을지로,1010141800,을지로1가 50-1,126.9805253177826074_37.5659685214828443,1010004002,시청앞교차로,126.9790903112125449_37.5659326054826721,127.0,37.0,원활,126.9790903112125449_37.5659326054826721|126.9796270767268993_37.5659567711099385|126.9797571380910313_37.5659602844908065|126.9805253177826074_37.5659685214828443
2026-09-04T03:35:30.187978+09:00,명동 관광특구,명동 관광특구,POI003,KEY_4,1010014003,을지로,1010027603,을지로1가사거리,126.9825982666405650_37.5659907242088167,1010027100,을지로1가,126.9818929057274914_37.5659831733999496,62.0,4.0,정체,126.9818929057274914_37.5659831733999496|126.9825982666405650_37.5659907242088167
2026-09-04T03:35:30.187978+09:00,명동 관광특구,명동 관광특구,POI003,KEY_4,1010014101,을지로,1010027601,을지로1가사거리,126.9827418668225789_37.5661014686323185,1010028200,을지로1가,126.9835099428304233_37.5661212717317525,68.0,6.0,정체,126.9835099428304233_37.5661212717317525|126.9827418668225789_37.5661014686323185
2026-09-04T03:35:30.187978+09:00,명동 관광특구,명동 관광특구,POI003,KEY_4,1010014102,을지로,1010028200,을지로1가,126.9835099428304233_37.5661212717317525,1010027804,하나은행,126.9843493694020538_37.5661429082344682,74.0,40.0,원활,126.9843493694020538_37.5661429082344682|126.9840974032225063_37.5661364143494865|126.9835099428304233_37.5661212717317525
2026-09-04T03:35:30.187978+09:00,명동 관광특구,명동 관광특구,POI003,KEY_4,1010014103,을지로,1010027801,하나은행,126.9844851596662494_37.5661457541766879,1010028004,을지로2가 41-2,126.9856802427402158_37.5661651885926133,106.0,27.0,원활,126.9856802427402158_37.5661651885926133|126.9844851596662494_37.5661457541766879
2026-09-04T03:35:30.187978+09:00,명동 관광특구,명동 관광특구,POI003,KEY_4,1010014104,을지로,1010028001,을지로2가 41-2,126.9858160807349066_37.5661678499220457,1010028304,을지로2가사거리,126.9874737825745115_37.5662055493903111,147.0,27.0,원활,126.9874737825745115_37.5662055493903111|126.9858160807349066_37.5661678499220457
2026-09-04T03:35:30.187978+09:00,명동 관광특구,명동 관광특구,POI003,KEY_4,1010014201,을지로,1010027400,을지로1가,126.9835143391555619_37.5660132086861509,1010027602,을지로1가사거리,126.9827347649793126_37.5659931090943999,69.0,35.5,원활,126.9827347649793126_37.5659931090943999|126.9835143391555619_37.5660132086861509
2026-09-04T03:35:30.187978+09:00,명동 관광특구,명동 관광특구,POI003,KEY_4,1010014202,을지로,1010142400,을지로2가 9-7,126.9841017988764804_37.5660283512678390,1010027400,을지로1가,126.9835143391555619_37.5660132086861509,52.0,38.0,원활,126.9835143391555619_37.5660132086861509|126.9841017988764804_37.5660283512678390
2026-09-04T03:35:30.187978+09:00,명동 관광특구,명동 관광특구,POI003,KEY_4,1010014204,을지로,1010028303,을지로2가사거리,126.9874738711629050_37.5660973882812215,1010028002,을지로2가 193-2,126.9858818140827310_37.5660611820985721,141.0,42.0,원활,126.9858818140827310_37.5660611820985721|126.9874738711629050_37.5660973882812215
2026-09-04T03:35:30.187978+09:00,명동 관광특구,명동 관광특구,POI003,KEY_4,1010014300,을지로,1010146800,을지로2가 149-10,126.9884088923176222_37.5662377135078387,1010028604,을지로3가역앞교차로,126.9896747555891778_37.5662823014544429,112.0,13.0,정체,126.9896747555891778_37.5662823014544429|126.9884088923176222_37.5662377135078387
2026-09-04T03:35:30.187978+09:00,명동 관광특구,명동 관광특구,POI003,KEY_4,1010014400,을지로,1010028603,을지로3가역앞교차로,126.9896894051841514_37.5661745923649022,1010028302,을지로2가사거리,126.9876096117672972_37.5661013280257805,184.0,40.5,원활,126.9876096117672972_37.5661013280257805|126.9884148977249652_37.5661296999875063|126.9896894051841514_37.5661745923649022
2026-09-04T03:35:30.187978+09:00,명동 관광특구,명동 관광특구,POI003,KEY_4,1010014700,을지로,1010151800,을지로3가 335-1,126.9919946469998706_37.5664006855458155,1010028904,을지로3가사거리,126.9925487818469207_37.5664292389546333,49.0,33.0,원활,126.9925487818469207_37.5664292389546333|126.9919946469998706_37.5664006855458155
2026-09-04T03:35:30.187978+09:00,명동 관광특구,명동 관광특구,POI003,KEY_4,1010014800,을지로,1010145900,을지로3가 335-1,126.9914406363359234_37.5662637900358405,1010028602,을지로3가역앞교차로,126.9898251326520580_37.5661805237763957,143.0,40.0,원활,126.9898251326520580_37.5661805237763957|126.9908895242729585_37.5662353871338581|126.9914406363359234_37.5662637900358405
2026-09-04T03:35:30.187978+09:00,명동 관광특구,명동 관광특구,POI003,KEY_4,1010015400,무교로,1010004802,한국체육박물관,126.9792639816276676_37.5669296274705644,1010004001,시청앞교차로,126.9791355868352127_37.5660429362421766,99.0,21.0,서행,126.9791355868352127_37.5660429362421766|126.9792051056433166_37.5662774283455079|126.9792449697865493_37.5664901136539342|126.9792639816276676_37.5669296274705644
2026-09-04T03:35:30.187978+09:00,명동 관광특구,명동 관광특구,POI003,KEY_4,1010015801,을지로,1010141600,을지로3가 282-8,126.9935397848157663_37.5663732801445960,1010028902,을지로3가사거리,126.9926970990682662_37.5663286365962890,75.0,44.0,원활,126.9926970990682662_37.5663286365962890|126.9934021740241121_37.5663659902566422|126.9935397848157663_37.5663732801445960
2026-09-04T03:35:30.187978+09:00,명동 관광특구,명동 관광특구,POI003,KEY_4,1010016400,세종대로20길,1010152400,태평로1가 31-1,126.9781614739919320_37.5671149535760875,1010004804,한국체육박물관,126.9791327692852860_37.5670432031565085,86.0,13.0,정체,126.9791327692852860_37.5670432031565085|126.9790021637939503_37.5670657791657803|126.9788569191823626_37.5670778321488825|126.9783926986433755_37.5671163538151802|126.9781614739919320_37.5671149535760875
2026-09-04T03:35:30.187978+09:00,명동 관광특구,명동 관광특구,POI003,KEY_4,1010016501,삼일대로,1010028304,을지로2가사거리,126.9874737825745115_37.5662055493903111,1010029803,장교빌딩,126.9875051706000590_37.5667709319350678,63.0,5.0,정체,126.9875051706000590_37.5667709319350678|126.9874737825745115_37.5662055493903111
2026-09-04T03:35:30.187978+09:00,명동 관광특구,명동 관광특구,POI003,KEY_4,1010016601,삼일대로,1010032101,청계2가교차로,126.9877349955711310_37.5679787776906622,1010028301,을지로2가사거리,126.9876099653043724_37.5662095656072808,197.0,41.0,원활,126.9876099653043724_37.5662095656072808|126.9876408664182748_37.5667661585678516|126.9876479046651099_37.5668724557024163|126.9877349955711310_37.5679787776906622
2026-09-04T03:35:30.187978+09:00,명동 관광특구,명동 관광특구,POI003,KEY_4,1010016800,충무로,1010032601,청계3가사거리,126.9924532079404145_37.5682271426007404,1010028901,을지로3가사거리,126.9926843734522208_37.5664363213669432,200.0,16.0,서행,126.9926843734522208_37.5664363213669432|126.9926252903373012_37.5669347201085557|126.9924985400868280_37.5680039058879061|126.9924532079404145_37.5682271426007404
2026-09-04T03:35:30.187978+09:00,명동 관광특구,명동 관광특구,POI003,KEY_4,1010016901,남대문로,1010027604,을지로1가사거리,126.9826058911915396_37.5660989346886538,1010030400,을지로1가,126.9826247367543033_37.5666216435254796,58.0,10.0,정체,126.9826247367543033_37.5666216435254796|126.9826226084675653_37.5665596339693408|126.9826058911915396_37.5660989346886538
2026-09-04T03:35:30.187978+09:00,명동 관광특구,명동 관광특구,POI003,KEY_4,1010016902,남대문로,1010150800,남대문로1가 108-2,126.9826731481714006_37.5680301882648422,1010033402,광교교차로,126.9826972926992426_37.5687326607183465,78.0,18.0,서행,126.9826972926992426_37.5687326607183465|126.9826731481714006_37.5680301882648422
2026-09-04T03:35:30.187978+09:00,명동 관광특구,명동 관광특구,POI003,KEY_4,1010016903,우정국로,1010033402,광교교차로,126.9826972926992426_37.5687326607183465,1010033702,광교사거리,126.9827120922386285_37.5690419071249693,34.0,7.0,정체,126.9827120922386285_37.5690419071249693|126.9826972926992426_37.5687326607183465
2026-09-04T03:35:30.187978+09:00,명동 관광특구,명동 관광특구,POI003,KEY_4,1010017001,남대문로,1010029900,을지로1가,126.9827605148126537_37.5666186901436632,1010027601,을지로1가사거리,126.9827418668225789_37.5661014686323185,57.0,37.0,원활,126.9827418668225789_37.5661014686323185|126.9827583830370514_37.5665565967967936|126.9827605148126537_37.5666186901436632
2026-09-04T03:35:30.187978+09:00,명동 관광특구,명동 관광특구,POI003,KEY_4,1010017002,남대문로,1010140600,남대문로1가 48-6,126.9827925225078928_37.5675524365280396,1010029900,을지로1가,126.9827605148126537_37.5666186901436632,104.0,40.0,원활,126.9827605148126537_37.5666186901436632|126.9827925225078928_37.5675524365280396
2026-09-04T03:35:30.187978+09:00,명동 관광특구,명동 관광특구,POI003,KEY_4,1010017003,우정국로,1010033701,광교사거리,126.9828472617604831_37.5690310653232729,1010033401,광교교차로,126.9828323504512895_37.5687142869809634,35.0,22.0,서행,126.9828323504512895_37.5687142869809634|126.9828472617604831_37.5690310653232729
2026-09-04T03:35:30.187978+09:00,명동 관광특구,명동 관광특구,POI003,KEY_4,1010017601,무교로,1010141400,무교동 44-1,126.9793100041751046_37.5679689583533047,1010004801,한국체육박물관,126.9792685302403470_37.5670397690594271,103.0,24.0,서행,126.9792685302403470_37.5670397690594271|126.9792880141313276_37.5675278005997768|126.9792897236795000_37.5675706209739317|126.9793100041751046_37.5679689583533047
2026-09-04T03:35:30.187978+09:00,명동 관광특구,명동 관광특구,POI003,KEY_4,1010017602,무교로,1010034301,무교동사거리,126.9793440155466442_37.5692674718774171,1010034101,무교동사거리,126.9793610650683036_37.5689718470786644,33.0,17.0,서행,126.9793610650683036_37.5689718470786644|126.9793440155466442_37.5692674718774171
2026-09-04T03:35:30.187978+09:00,명동 관광특구,명동 관광특구,POI003,KEY_4,1010018100,세종대로,1010024205,시청앞교차로,126.9771111379704962_37.5649683842586413,1010036201,청계광장,126.9769724776174371_37.5689758850454254,445.0,41.0,원활,126.9769724776174371_37.5689758850454254|126.9770357842986499_37.5675064469025131|126.9770571241010231_37.5671045176161513|126.9770622406749681_37.5669973200828053|126.9771202099424414_37.5656394465692429|126.9771322330851717_37.5654054151655075|126.9771346338183520_37.5652683750225975|126.9771276194723697_37.5651279335943542|126.9771111379704962_37.5649683842586413
2026-09-04T03:35:30.187978+09:00,명동 관광특구,명동 관광특구,POI003,KEY_4,1010018200,세종대로,1000002000,청계광장,126.9771060680401717_37.5690311929919076,1010004901,강원도민일보(서울본부),126.9771928320576109_37.5671090827981402,213.0,42.3,원활,126.9771928320576109_37.5671090827981402|126.9771715167423451_37.5675105826680635|126.9771060680401717_37.5690311929919076
2026-09-04T03:35:30.187978+09:00,명동 관광특구,명동 관광특구,POI003,KEY_4,1010024400,퇴계로18길,1010052800,충무로2가 110-5,126.9855026693382030_37.5605924515809733,1010016003,명동역(서울4호선),126.9856885936606972_37.5608481430984611,33.0,12.0,정체,126.9856885936606972_37.5608481430984611|126.9856564457096937_37.5607738860330755|126.9855938186398134_37.5606936563534290|126.9855157814734383_37.5606165998628825|126.9855026693382030_37.5605924515809733
2026-09-04T03:35:30.187978+09:00,명동 관광특구,명동 관광특구,POI003,KEY_4,1010026800,남대문로,1010014800,숭례문,126.9764883666133954_37.5605318420117769,1010011100,숭례문,126.9758644071737450_37.5590694809368770,185.0,26.0,원활,126.9758644071737450_37.5590694809368770|126.9758795592592975_37.5591125336731508|126.9758641531054906_37.5591939851637946|126.9759578405099205_37.5599862959824407|126.9759704486266543_37.5601312860724406|126.9760507361714588_37.5602633560949499|126.9761537145355277_37.5603739896225477|126.9763022172343057_37.5604655608040190|126.9764279735615418_37.5605091608890334|126.9764883666133954_37.5605318420117769
2026-09-04T03:35:30.187978+09:00,명동 관광특구,명동 관광특구,POI003,KEY_4,1010028000,퇴계로,1010014100,신세계백화점(본점신관),126.9813345597681007_37.5600996831039851,1010015401,충무로1가52-4,126.9817851871179641_37.5605865324912713,69.0,28.0,원활,126.9817851871179641_37.5605865324912713|126.9817851041901093_37.5605860521239734|126.9817447014208653_37.5604906906837641|126.9817012987769544_37.5604120152254382|126.9816174759299514_37.5603059188314958|126.9813345597681007_37.5600996831039851
2026-09-04T03:35:30.187978+09:00,명동 관광특구,명동 관광특구,POI003,KEY_4,1010028800,남대문로,1010015700,숭례문,126.9758216757282128_37.5609807560682611,1010015000,숭례문,126.9764459331227329_37.5606350021971664,84.0,13.0,정체,126.9764459331227329_37.5606350021971664|126.9763771801474945_37.5606275849701134|126.9762640154305728_37.5606077628684645|126.9761188999622306_37.5606156137238472|126.9760253099623242_37.5606453934247568|126.9759279729758958_37.5606841119779062|126.9758493363337521_37.5607734919220704|126.9758081301075663_37.5608688386806833|126.9758216757282128_37.5609807560682611
2026-09-04T03:35:30.187978+09:00,명동 관광특구,명동 관광특구,POI003,KEY_4,1010029201,남대문시장10길,1010036301,충무로1가52-9,126.9802096866011425_37.5606718594319489,1010011701,회현역7번출구,126.9801048978132769_37.5596035774933412,119.0,17.0,서행,126.9801048978132769_37.5596035774933412|126.9800866593272559_37.5597021179481985|126.9800889154790298_37.5598874597116179|126.9802096866011425_37.5606718594319489
2026-09-04T03:35:30.187978+09:00,명동 관광특구,명동 관광특구,POI003,KEY_4,1010029202,남대문시장길,1010015401,충무로1가52-4,126.9817851871179641_37.5605865324912713,1010036301,충무로1가52-9,126.9802096866011425_37.5606718594319489,140.0,9.0,정체,126.9802096866011425_37.5606718594319489|126.9802497030729995_37.5606741822428134|126.9807707845876763_37.5606494140121825|126.9816883147786086_37.5606057960128439|126.9817851871179641_37.5605865324912713
2026-09-04T03:35:30.187978+09:00,명동 관광특구,명동 관광특구,POI003,KEY_4,1010029900,소공로,1010016400,포스트타워,126.9817922479335550_37.5609545032611152,1010015600,중국관광청,126.9827116249739731_37.5606706950213010,91.0,26.0,원활,126.9827116249739731_37.5606706950213010|126.9823825034924312_37.5606779228201688|126.9822612178897288_37.5606993600976651|126.9821728710918194_37.5607267614215701|126.9820875153085780_37.5607648904012166|126.9817922479335550_37.5609545032611152
2026-09-04T03:35:30.187978+09:00,명동 관광특구,명동 관광특구,POI003,KEY_4,1010030001,남대문시장10길,1010011702,회현역7번출구,126.9799749525828076_37.5595619956135778,1010036302,충무로1가52-9,126.9800884608386724_37.5607732287643117,135.0,5.0,정체,126.9800884608386724_37.5607732287643117|126.9799531801049426_37.5598945825498376|126.9799507471012276_37.5596946869498254|126.9799749525828076_37.5595619956135778
2026-09-04T03:35:30.187978+09:00,명동 관광특구,명동 관광특구,POI003,KEY_4,1010030100,소공로,1010015402,충무로1가52-4,126.9817657794933154_37.5607018336872827,1010016100,신세계백화점(본점),126.9816686271532404_37.5609097208093701,25.0,49.0,원활,126.9816686271532404_37.5609097208093701|126.9817657794933154_37.5607018336872827
2026-09-04T03:35:30.187978+09:00,명동 관광특구,명동 관광특구,POI003,KEY_4,1010031000,소파로,1010015300,명동역10번출구,126.9883062927232231_37.5607909574822685,1010016301,명동역1번출구,126.9871113334254318_37.5609345528858967,113.0,23.0,서행,126.9871113334254318_37.5609345528858967|126.9874447180556274_37.5610079416609750|126.9876354659963766_37.5610121135843684|126.9878175418455442_37.5609892471934259|126.9880115986588294_37.5609473112405254|126.9881625342676870_37.5608977410119067|126.9882463915136555_37.5608481648322652|126.9883062927232231_37.5607909574822685
2026-09-04T03:35:30.187978+09:00,명동 관광특구,명동 관광특구,POI003,KEY_4,1010031200,퇴계로,1010016703,흥국빌딩,126.9904228164697599_37.5610767696574754,1010016202,롯데호텔L7(명동),126.9868616879201113_37.5609669231657151,317.0,50.0,원활,126.9868616879201113_37.5609669231657151|126.9890337974489825_37.5611585006403175|126.9894972258370700_37.5611975631426844|126.9896672965873847_37.5611975781491196|126.9898435176610576_37.5611725033829131|126.9901719518890246_37.5611092577799397|126.9904228164697599_37.5610767696574754
2026-09-04T03:35:30.187978+09:00,명동 관광특구,명동 관광특구,POI003,KEY_4,1010031300,퇴계로,1010016201,롯데호텔L7(명동),126.9868467299909440_37.5610743853645488,1010016704,흥국빌딩,126.9904446250492356_37.5611834858824452,321.0,45.5,원활,126.9904446250492356_37.5611834858824452|126.9901988617116615_37.5612153145444125|126.9898714581575661_37.5612783602882132|126.9896793321666593_37.5613056988122338|126.9894900484891167_37.5613056821144156|126.9890191710092893_37.5612659917982157|126.9868467299909440_37.5610743853645488
2026-09-04T03:35:30.187978+09:00,명동 관광특구,명동 관광특구,POI003,KEY_4,1010031800,퇴계로,1010016204,롯데호텔L7(명동),126.9867111612325346_37.5610613083895331,1010017703,LG패션,126.9866201621199338_37.5617417366360087,76.0,6.0,정체,126.9866201621199338_37.5617417366360087|126.9866697601324717_37.5612053795276566|126.9867111612325346_37.5610613083895331
2026-09-04T03:35:30.187978+09:00,명동 관광특구,명동 관광특구,POI003,KEY_4,1010031900,퇴계로,1010017702,LG패션,126.9867557514096319_37.5617482057480316,1010016201,롯데호텔L7(명동),126.9868467299909440_37.5610743853645488,75.0,4.0,정체,126.9868467299909440_37.5610743853645488|126.9868044552684125_37.5612214954705976|126.9867557514096319_37.5617482057480316
2026-09-04T03:35:30.187978+09:00,명동 관광특구,명동 관광특구,POI003,KEY_4,1010032100,명동8나길,1010016901,한국은행앞,126.9816414699309064_37.5612161949658940,1010017704,LG패션,126.9866156676616384_37.5618497971722718,446.0,6.0,정체,126.9866156676616384_37.5618497971722718|126.9864059219120378_37.5618442687355554|126.9861439853324043_37.5618224161464553|126.9858850471473204_37.5617884341175383|126.9849862833789587_37.5616166058945993|126.9832174106051212_37.5613666087159430|126.9816414699309064_37.5612161949658940
2026-09-04T03:35:30.187978+09:00,명동 관광특구,명동 관광특구,POI003,KEY_4,1010033000,명동8가길,1010017701,LG패션,126.9867440976731388_37.5618559267117149,1010018104,이비스스타일앰배서더서울명동호텔,126.9888712977151073_37.5620017408282791,189.0,13.0,정체,126.9888712977151073_37.5620017408282791|126.9867440976731388_37.5618559267117149
2026-09-04T03:35:30.187978+09:00,명동 관광특구,명동 관광특구,POI003,KEY_4,1010035000,서소문로12길,1010020202,중앙일보사,126.9742502538365869_37.5631241528421853,1010018501,서소문교회,126.9747917025249961_37.5621735699209296,120.0,14.0,정체,126.9747917025249961_37.5621735699209296|126.9747501775862588_37.5625032287475307|126.9746651993805102_37.5625957455904143|126.9745466004009700_37.5626917899282518|126.9744603303331587_37.5627616532963344|126.9742502538365869_37.5631241528421853
2026-09-04T03:35:30.187978+09:00,명동 관광특구,명동 관광특구,POI003,KEY_4,1010037000,남대문로1길,1010023102,서울프라자호텔,126.9781270908112134_37.5644147123986087,1010021201,우성빌딩,126.9778833665384354_37.5638860982800367,62.0,5.0,정체,126.9778833665384354_37.5638860982800367|126.9781270908112134_37.5644147123986087
2026-09-04T03:35:30.187978+09:00,명동 관광특구,명동 관광특구,POI003,KEY_4,1010037100,남대문로1길,1010021204,우성빌딩,126.9777519647640105_37.5639149035560536,1010023103,서울프라자호텔,126.9779917291016176_37.5644349310718795,61.0,12.0,정체,126.9779917291016176_37.5644349310718795|126.9777519647640105_37.5639149035560536
2026-09-04T03:35:30.187978+09:00,명동 관광특구,명동 관광특구,POI003,KEY_4,1010038300,소공로,1010023101,서울프라자호텔,126.9781769454158393_37.5645228411741812,1010023304,조선호텔,126.9787312154575005_37.5645930511843886,50.0,17.0,서행,126.9787312154575005_37.5645930511843886|126.9785957557285769_37.5645517262991930|126.9784554783557979_37.5645322032255891|126.9782121876750836_37.5645228476832003|126.9781769454158393_37.5645228411741812
2026-09-04T03:35:30.187978+09:00,명동 관광특구,명동 관광특구,POI003,KEY_4,1010039000,소공로,1010024202,시청앞교차로,126.9772712943529740_37.5649019993645936,1010023104,서울프라자호텔,126.9780385528240316_37.5645364866542977,82.0,4.0,정체,126.9780385528240316_37.5645364866542977|126.9776055199770184_37.5646501981039478|126.9774312688185773_37.5647230654274864|126.9773645076050741_37.5647713550531037|126.9773054583435652_37.5648401473905977|126.9772712943529740_37.5649019993645936
2026-09-04T03:35:30.187978+09:00,명동 관광특구,명동 관광특구,POI003,KEY_4,1010040900,남대문로,1010026000,을지로1가,126.9825267031434635_37.5654759873990756,1010027100,을지로1가,126.9818929057274914_37.5659831733999496,87.0,36.0,원활,126.9818929057274914_37.5659831733999496|126.9821334557953492_37.5659445131698959|126.9822484752895235_37.5658682458889075|126.9824545566445693_37.5656985434546797|126.9825096793449859_37.5656222669993269|126.9825267031434635_37.5654759873990756
2026-09-04T03:35:30.187978+09:00,명동 관광특구,명동 관광특구,POI003,KEY_4,1010041100,을지로,1010027400,을지로1가,126.9835143391555619_37.5660132086861509,1010025900,을지로1가,126.9826612707275899_37.5654613047842005,97.0,36.0,원활,126.9826612707275899_37.5654613047842005|126.9835143391555619_37.5660132086861509
2026-09-04T03:35:30.187978+09:00,명동 관광특구,명동 관광특구,POI003,KEY_4,1010041900,남대문로,1010029900,을지로1가,126.9827605148126537_37.5666186901436632,1010028200,을지로1가,126.9835099428304233_37.5661212717317525,90.0,31.0,원활,126.9835099428304233_37.5661212717317525|126.9832594466967635_37.5661964164851412|126.9828520929630287_37.5664538185209054|126.9827605148126537_37.5666186901436632
2026-09-04T03:35:30.187978+09:00,명동 관광특구,명동 관광특구,POI003,KEY_4,1010042000,을지로,1010027900,을지로1가,126.9818910787151509_37.5660912827303974,1010030400,을지로1가,126.9826247367543033_37.5666216435254796,91.0,11.0,정체,126.9826247367543033_37.5666216435254796|126.9825310467384298_37.5664575853693634|126.9821477775787884_37.5661676469985011|126.9818910787151509_37.5660912827303974
2026-09-04T03:35:30.187978+09:00,명동 관광특구,명동 관광특구,POI003,KEY_4,1010042200,을지로7길,1010030302,SKT타워,126.9858182898443459_37.5667390226410092,1010028001,을지로2가 41-2,126.9858160807349066_37.5661678499220457,63.0,17.0,서행,126.9858160807349066_37.5661678499220457|126.9858182898443459_37.5667390226410092
2026-09-04T03:35:30.187978+09:00,명동 관광특구,명동 관광특구,POI003,KEY_4,1010042300,을지로7길,1010028004,을지로2가 41-2,126.9856802427402158_37.5661651885926133,1010030303,SKT타워,126.9856824597678440_37.5667386786453577,64.0,8.0,정체,126.9856824597678440_37.5667386786453577|126.9856802427402158_37.5661651885926133
2026-09-04T03:35:30.187978+09:00,명동 관광특구,명동 관광특구,POI003,KEY_4,1010042800,삼일대로13길,1010029803,장교빌딩,126.9875051706000590_37.5667709319350678,1010030302,SKT타워,126.9858182898443459_37.5667390226410092,149.0,10.0,정체,126.9858182898443459_37.5667390226410092|126.9875051706000590_37.5667709319350678
2026-09-04T03:35:30.187978+09:00,명동 관광특구,명동 관광특구,POI003,KEY_4,1010042900,삼일대로13길,1010030301,SKT타워,126.9858190045731732_37.5668471857429154,1010029804,장교빌딩,126.9875123442491969_37.5668792171118326,150.0,7.0,정체,126.9875123442491969_37.5668792171118326|126.9858190045731732_37.5668471857429154
2026-09-04T03:35:30.187978+09:00,명동 관광특구,명동 관광특구,POI003,KEY_4,1010043000,삼일대로13길,1010030303,SKT타워,126.9856824597678440_37.5667386786453577,1010027801,하나은행,126.9844851596662494_37.5661457541766879,172.0,36.0,원활,126.9844851596662494_37.5661457541766879|126.9844746816400374_37.5667114251484762|126.9844971680687848_37.5667440774922028|126.9845213954534273_37.5667545277186505|126.9856824597678440_37.5667386786453577
2026-09-04T03:35:30.187978+09:00,명동 관광특구,명동 관광특구,POI003,KEY_4,1010043100,삼일대로13길,1010027804,하나은행,126.9843493694020538_37.5661429082344682,1010030304,SKT타워,126.9856831683010228_37.5668468043910551,192.0,9.0,정체,126.9856831683010228_37.5668468043910551|126.9844880519270873_37.5668631185760020|126.9843972880018157_37.5668239682550222|126.9843383392972669_37.5667383694429446|126.9843493694020538_37.5661429082344682
2026-09-04T03:35:30.187978+09:00,명동 관광특구,명동 관광특구,POI003,KEY_4,1010044100,수표로,1010153600,수표동 50-1,126.9897340487189723_37.5667939813917044,1010028601,을지로3가역앞교차로,126.9898106847127082_37.5662881250014209,57.0,36.0,원활,126.9898106847127082_37.5662881250014209|126.9897340487189723_37.5667939813917044
2026-09-04T03:35:30.187978+09:00,명동 관광특구,명동 관광특구,POI003,KEY_4,1010044200,을지로1길,1010145400,다동 181-3,126.9798420044631087_37.5673496367689879,1010027201,일본국제관광진흥기구서울사무소,126.9797553080136367_37.5660683946489300,148.0,5.0,정체,126.9797553080136367_37.5660683946489300|126.9797612166699281_37.5664251576809960|126.9798879830738372_37.5665161556076299|126.9799037873308833_37.5668339305475030|126.9798653986595411_37.5669604067092635|126.9798492640081520_37.5673065899852574|126.9798420044631087_37.5673496367689879
2026-09-04T03:35:30.187978+09:00,명동 관광특구,명동 관광특구,POI003,KEY_4,1010044300,을지로1길,1010153100,무교동 13-1,126.9797242605662717_37.5679573139925438,1010033802,호주관광청,126.9797619415674745_37.5689431360811881,110.0,10.0,정체,126.9797619415674745_37.5689431360811881|126.9797294037351634_37.5686965769939718|126.9797278110211920_37.5679701534751942|126.9797242605662717_37.5679573139925438
2026-09-04T03:35:30.187978+09:00,명동 관광특구,명동 관광특구,POI003,KEY_4,1010044600,을지로7길,1010032501,삼일교,126.9859639352789031_37.5681586090325510,1010030301,SKT타워,126.9858190045731732_37.5668471857429154,149.0,14.0,정체,126.9858190045731732_37.5668471857429154|126.9858235105325974_37.5673376933759684|126.9858278780456828_37.5678131240137105|126.9858346126576834_37.5680180175580674|126.9858648768505276_37.5680662145450555|126.9859639352789031_37.5681586090325510
2026-09-04T03:35:30.187978+09:00,명동 관광특구,명동 관광특구,POI003,KEY_4,1010044700,을지로7길,1010152200,장교동 1-6,126.9856876838925643_37.5673384838597215,1010032502,삼일교,126.9858176809112962_37.5681887506945316,98.0,10.0,정체,126.9858176809112962_37.5681887506945316|126.9857507900447189_37.5681263594124744|126.9856996176952180_37.5680448635696038|126.9856920596732408_37.5678149339499825|126.9856876838925643_37.5673384838597215
2026-09-04T03:35:30.187978+09:00,명동 관광특구,명동 관광특구,POI003,KEY_4,1010047100,명동11길,1010021105,천주교서울대교구역사관,126.9860324845534620_37.5641352276249094,1010036702,하나생명본사,126.9858686540308810_37.5653162980890372,138.0,12.0,정체,126.9858686540308810_37.5653162980890372|126.9857432038202205_37.5647413878638972|126.9857571822132911_37.5645643609108220|126.9859747526712113_37.5642572157062204|126.9860324845534620_37.5641352276249094
2026-09-04T03:35:30.187978+09:00,명동 관광특구,명동 관광특구,POI003,KEY_4,1010047300,명동11길,1010028002,을지로2가 193-2,126.9858818140827310_37.5660611820985721,1010036701,하나생명본사,126.9860033855318591_37.5653041509724446,86.0,11.0,정체,126.9860033855318591_37.5653041509724446|126.9860169818394837_37.5654967509146118|126.9859913147029999_37.5658560335710519|126.9859355195914645_37.5660048147195980|126.9858818140827310_37.5660611820985721
2026-09-04T03:35:30.187978+09:00,명동 관광특구,명동 관광특구,POI003,KEY_4,1010047400,명동11길,1010036702,하나생명본사,126.9858686540308810_37.5653162980890372,1010028003,을지로2가 193-2,126.9857147459351268_37.5660576077563917,86.0,10.0,정체,126.9857147459351268_37.5660576077563917|126.9858124129876700_37.5659551010490276|126.9858566107715205_37.5658372461591341|126.9858809461957350_37.5654966103869441|126.9858686540308810_37.5653162980890372
2026-09-04T03:35:30.187978+09:00,이태원 관광특구,이태원 관광특구,POI004,KEY_1,1020009001,녹사평대로,1020018000,용산동4가 19-6,126.9909773297691800_37.5304809634511045,1020017000,용산동4가 19-6,126.9913885945213963_37.5298136745927096,83.0,46.0,원활,126.9913885945213963_37.5298136745927096|126.9912856241119101_37.5300162220987090|126.9910469864938420_37.5303842075015055|126.9909773297691800_37.5304809634511045
2026-09-04T03:35:30.187978+09:00,이태원 관광특구,이태원 관광특구,POI004,KEY_1,1020009002,녹사평대로,1020143500,이태원동 34-126,126.9898090601809457_37.5321081021588725,1020018000,용산동4가 19-6,126.9909773297691800_37.5304809634511045,208.0,46.0,원활,126.9909773297691800_37.5304809634511045|126.9900852768915342_37.5317200300991516|126.9898090601809457_37.5321081021588725
2026-09-04T03:35:30.187978+09:00,이태원 관광특구,이태원 관광특구,POI004,KEY_1,1020009003,녹사평대로,1020003002,녹사평역,126.9881954058624700_37.5340760770369641,1020022201,이태원지하차도(남측),126.9892666169127864_37.5328701969023584,166.0,60.0,원활,126.9892666169127864_37.5328701969023584|126.9891809982103155_37.5330843757700805|126.9890194391820586_37.5332936325271902|126.9888311597391066_37.5334983754604465|126.9887002632124080_37.5336341735904142|126.9885375748190626_37.5337996501651361|126.9882692412401042_37.5340175651299930|126.9881954058624700_37.5340760770369641
2026-09-04T03:35:30.187978+09:00,이태원 관광특구,이태원 관광특구,POI004,KEY_1,1020009500,보광로,1020157400,이태원동 131-33,126.9940373387562431_37.5339474192291860,1020003103,이태원역앞교차로,126.9938722101036319_37.5344410134072106,57.0,25.5,원활,126.9938722101036319_37.5344410134072106|126.9939255349719502_37.5342547060894063|126.9940373387562431_37.5339474192291860
2026-09-04T03:35:30.187978+09:00,이태원 관광특구,이태원 관광특구,POI004,KEY_1,1020009904,대사관로,1020039002,한남2동지하차도(남측),127.0004027609345059_37.5343006442184901,1020025303,이태원호텔앞교차로,126.9987263153591641_37.5351737312984781,177.0,29.0,원활,126.9987263153591641_37.5351737312984781|126.9990954478136729_37.5349816259437503|126.9999396501646345_37.5345673699441988|127.0002191213156379_37.5344286922105042|127.0003672073616201_37.5343360329136502|127.0004027609345059_37.5343006442184901
2026-09-04T03:35:30.187978+09:00,이태원 관광특구,이태원 관광특구,POI004,KEY_1,1020010004,대사관로,1020025302,이태원호텔앞교차로,126.9988280672798311_37.5352499378824618,1020039001,한남2동지하차도(남측),127.0005087773131009_37.5343681869459900,178.0,9.0,정체,127.0005087773131009_37.5343681869459900|127.0004634267225185_37.5344133312418080|127.0002971938895513_37.5345173433158550|127.0000111659778099_37.5346592756479964|126.9991682109557161_37.5350729194805908|126.9988280672798311_37.5352499378824618
2026-09-04T03:35:30.187978+09:00,이태원 관광특구,이태원 관광특구,POI004,KEY_1,1020010701,이태원로,1020109600,이태원동 119-23,126.9934065376017003_37.5345186269656637,1020003104,이태원역앞교차로,126.9938609433052790_37.5345487608536530,40.0,23.0,서행,126.9938609433052790_37.5345487608536530|126.9934065376017003_37.5345186269656637
2026-09-04T03:35:30.187978+09:00,이태원 관광특구,이태원 관광특구,POI004,KEY_1,1020010800,이태원로,1020093600,이태원동 57-6,126.9901670978671575_37.5341952578389240,1020003002,녹사평역,126.9881954058624700_37.5340760770369641,175.0,18.0,서행,126.9881954058624700_37.5340760770369641|126.9888746584762771_37.5341095041848334|126.9895083789417214_37.5341515534771304|126.9899064253265237_37.5341779633098369|126.9901670978671575_37.5341952578389240
2026-09-04T03:35:30.187978+09:00,이태원 관광특구,이태원 관광특구,POI004,KEY_1,1020011101,이태원로,1020167100,이태원동 119-23,126.9944655556111286_37.5345901775849882,1020024204,이태원소방파출소,126.9954968238074144_37.5346610574196760,91.0,4.0,정체,126.9954968238074144_37.5346610574196760|126.9944655556111286_37.5345901775849882
2026-09-04T03:35:30.187978+09:00,이태원 관광특구,이태원 관광특구,POI004,KEY_1,1020011102,이태원로,1020024201,이태원소방파출소,126.9956371857134911_37.5346703540578233,1020025304,이태원호텔앞교차로,126.9986418686788028_37.5352583937875650,280.0,28.0,원활,126.9986418686788028_37.5352583937875650|126.9984212314769110_37.5351188313605419|126.9982335515615830_37.5350249822649857|126.9980583342124731_37.5349517245471205|126.9978393040948390_37.5348749734958176|126.9976622321914590_37.5348302588598415|126.9974202076542866_37.5347917072044979|126.9972001370625776_37.5347636612448596|126.9968571305746536_37.5347459155125946|126.9956371857134911_37.5346703540578233
2026-09-04T03:35:30.187978+09:00,이태원 관광특구,이태원 관광특구,POI004,KEY_1,1020011201,이태원로,1020024203,이태원소방파출소,126.9955363307621354_37.5345552498172168,1020003102,이태원역앞교차로,126.9940088155564695_37.5344502604877519,136.0,10.0,정체,126.9940088155564695_37.5344502604877519|126.9944772309336969_37.5344824577926843|126.9955363307621354_37.5345552498172168
2026-09-04T03:35:30.187978+09:00,이태원 관광특구,이태원 관광특구,POI004,KEY_1,1020011202,이태원로,1020025303,이태원호텔앞교차로,126.9987263153591641_37.5351737312984781,1020024202,이태원소방파출소,126.9956725121214589_37.5345640956228834,285.0,9.0,정체,126.9956725121214589_37.5345640956228834|126.9968667962878328_37.5346380677732867|126.9972152987085821_37.5346560983237794|126.9974442596476365_37.5346852761054279|126.9976961690244082_37.5347254028548534|126.9978873030321580_37.5347736685373405|126.9981173019449585_37.5348542624446893|126.9983013090689639_37.5349311962862444|126.9984997949651415_37.5350304478139734|126.9987263153591641_37.5351737312984781
2026-09-04T03:35:30.187978+09:00,이태원 관광특구,이태원 관광특구,POI004,KEY_1,1020011901,녹사평대로,1020003004,녹사평역,126.9876402873352532_37.5341922458149284,1020024403,녹사평역3번출구,126.9871942320691289_37.5345264082409287,54.0,14.0,정체,126.9871942320691289_37.5345264082409287|126.9874994306240978_37.5342855546436809|126.9876402873352532_37.5341922458149284
2026-09-04T03:35:30.187978+09:00,이태원 관광특구,이태원 관광특구,POI004,KEY_1,1020012001,녹사평대로,1020024402,녹사평역3번출구,126.9874278284808042_37.5346464951910121,1020003001,녹사평역,126.9880612839168776_37.5341860241447520,76.0,19.0,서행,126.9880612839168776_37.5341860241447520|126.9878801594456093_37.5343123819876681|126.9876829423078846_37.5344451664072736|126.9874278284808042_37.5346464951910121
2026-09-04T03:35:30.187978+09:00,이태원 관광특구,이태원 관광특구,POI004,KEY_1,1020013501,이태원로,1020082000,한남동 738-29,127.0004845666072555_37.5369043590949900,1020028203,아마도예술공간,127.0014953826060378_37.5382912457230304,179.0,41.0,원활,127.0014953826060378_37.5382912457230304|127.0014356603659564_37.5381444461041909|127.0014309919154414_37.5381362885281789|127.0013038217596630_37.5379140726661760|127.0011379573928849_37.5376822064471440|127.0007877780447814_37.5372550360047725|127.0004845666072555_37.5369043590949900
2026-09-04T03:35:30.187978+09:00,이태원 관광특구,이태원 관광특구,POI004,KEY_1,1020013601,이태원로,1020045200,한남동 738-29,126.9989169963617854_37.5353238031737177,1020025302,이태원호텔앞교차로,126.9988280672798311_37.5352499378824618,11.0,26.0,원활,126.9988280672798311_37.5352499378824618|126.9989169963617854_37.5353238031737177
2026-09-04T03:35:30.187978+09:00,이태원 관광특구,이태원 관광특구,POI004,KEY_1,1020013602,이태원로,1020059700,한남동 726-494,127.0017834196089126_37.5389040486291208,1020028201,아마도예술공간,127.0016665133178009_37.5383661384416030,61.0,28.0,원활,127.0016665133178009_37.5383661384416030|127.0017224666353144_37.5385209000011812|127.0017610145381610_37.5386958484475741|127.0017800432824231_37.5388655227169679|127.0017834196089126_37.5389040486291208
2026-09-04T03:35:30.187978+09:00,이태원 관광특구,이태원 관광특구,POI004,KEY_1,1020034600,녹사평대로26길,1020018000,용산동4가 19-6,126.9909773297691800_37.5304809634511045,1020018202,찬우물삼거리,126.9913377452865575_37.5305452345433466,46.0,36.0,원활,126.9913377452865575_37.5305452345433466|126.9913156669195189_37.5304568149457580|126.9912955967890156_37.5304265497298886|126.9912791792530129_37.5304108710930961|126.9912378720889734_37.5303937039575430|126.9911893806270911_37.5303879789905181|126.9911408868570533_37.5303922668328198|126.9909773297691800_37.5304809634511045
2026-09-04T03:35:30.187978+09:00,이태원 관광특구,이태원 관광특구,POI004,KEY_1,1020039700,우사단로,1020063400,이태원동 137-23,126.9955993093615803_37.5340288073665604,1020024203,이태원소방파출소,126.9955363307621354_37.5345552498172168,59.0,9.0,정체,126.9955363307621354_37.5345552498172168|126.9955674338379481_37.5344291020757268|126.9956003436716969_37.5340381328912898|126.9955993093615803_37.5340288073665604
2026-09-04T03:35:30.187978+09:00,이태원 관광특구,이태원 관광특구,POI004,KEY_1,1020039800,우사단로,1020127900,이태원동 137-23,126.9956810738919017_37.5335371339901727,1020021401,보광초등학교,126.9956544097363604_37.5331163963296177,47.0,8.0,정체,126.9956544097363604_37.5331163963296177|126.9956431779321804_37.5331593197407258|126.9956452666882569_37.5332142943968208|126.9956810738919017_37.5335371339901727
2026-09-04T03:35:30.187978+09:00,이태원 관광특구,이태원 관광특구,POI004,KEY_1,1020040300,녹사평대로,1020022202,이태원지하차도(남측),126.9891497327059682_37.5328152235285657,1020026002,이태원지하차도,126.9868116742945574_37.5363328242444823,460.0,59.0,원활,126.9868116742945574_37.5363328242444823|126.9868538272333325_37.5357070871561049|126.9868812904903166_37.5354814228777371|126.9869364299821228_37.5352656870731707|126.9870236999042561_37.5350207533350897|126.9871658847246181_37.5347578685569943|126.9872591983395012_37.5345735338936208|126.9874007711287476_37.5344348138735882|126.9876675674987609_37.5342527524634377|126.9879724804863770_37.5340099975053576|126.9882501662422953_37.5337975865582933|126.9884625156009008_37.5336198526182443|126.9886696602970630_37.5333995022459348|126.9888502689490508_37.5332031012114840|126.9891497327059682_37.5328152235285657
2026-09-04T03:35:30.187978+09:00,이태원 관광특구,이태원 관광특구,POI004,KEY_1,1020040400,녹사평대로,1020026001,이태원지하차도,126.9869473083997917_37.5363386126122549,1020022201,이태원지하차도(남측),126.9892666169127864_37.5328701969023584,454.0,61.0,원활,126.9892666169127864_37.5328701969023584|126.9889630490588246_37.5332634563500420|126.9887753964363526_37.5334675162952465|126.9886639536934894_37.5335851889942944|126.9883372603884482_37.5338799692030065|126.9880214583303228_37.5341357308534143|126.9878036642156758_37.5343004565738241|126.9876348774150330_37.5344044902058016|126.9874116350989652_37.5345822214730234|126.9873136131370046_37.5347382886526404|126.9871518976878093_37.5350570479496213|126.9870684496982989_37.5352912611919365|126.9870157481944091_37.5354974629360356|126.9869892495657240_37.5357151985455673|126.9869473083997917_37.5363386126122549
2026-09-04T03:35:30.187978+09:00,이태원 관광특구,이태원 관광특구,POI004,KEY_1,1020041800,이태원로27길,1020091200,이태원동 112-33,126.9941872579211832_37.5354242896055013,1020026204,태국대사관,126.9952756990904561_37.5363269214383237,190.0,16.0,서행,126.9952756990904561_37.5363269214383237|126.9950024930177079_37.5361660973740001|126.9945858125235389_37.5359208138482217|126.9944631524413410_37.5359015925205028|126.9942169223346156_37.5359130027042980|126.9940461223898893_37.5358880581230920|126.9939407102296656_37.5358117362051757|126.9939029380128943_37.5357324209755134|126.9939132882914947_37.5356500538305298|126.9939823977568238_37.5355615331545565|126.9940376114138303_37.5355245435285383|126.9941872579211832_37.5354242896055013
2026-09-04T03:35:30.187978+09:00,이태원 관광특구,이태원 관광특구,POI004,KEY_1,1020041900,이태원로27길,1020091300,이태원동 111-5,126.9942746628349681_37.5355070255918761,1020024201,이태원소방파출소,126.9956371857134911_37.5346703540578233,170.0,17.0,서행,126.9956371857134911_37.5346703540578233|126.9955842562411448_37.5347850178568478|126.9954134054469819_37.5350706997723336|126.9953750142490776_37.5351183002557249|126.9952378837399039_37.5352883250498763|126.9951738511499997_37.5353312605409712|126.9950719982470559_37.5353558347332807|126.9945933761089663_37.5353577392293118|126.9945100556674760_37.5353687933671125|126.9944205701082751_37.5354092765412304|126.9942746628349681_37.5355070255918761
2026-09-04T03:35:30.187978+09:00,이태원 관광특구,이태원 관광특구,POI004,KEY_1,1020044200,이태원로55길,1020117100,한남동 743-28,126.9997391668357380_37.5378586004776338,1020028204,아마도예술공간,127.0015360364709949_37.5383960510061243,179.0,36.0,원활,127.0015360364709949_37.5383960510061243|127.0013368209632745_37.5384168160424778|127.0012499160572617_37.5384184910217868|127.0010329755712064_37.5384226719888048|127.0008219211757847_37.5384105245589978|127.0006153256219363_37.5383529464938235|127.0005500769398310_37.5383219398232413|127.0004569571074597_37.5382776884626210|127.0002827447613072_37.5381667082987036|127.0000496884858734_37.5379811250893098|126.9998107834810668_37.5378752339839465|126.9997391668357380_37.5378586004776338
2026-09-04T03:35:30.187978+09:00,이태원 관광특구,이태원 관광특구,POI004,KEY_1,1020052400,이태원로,1020038902,한남동 686-1,126.9999041836640004_37.5345212747176191,1020025303,이태원호텔앞교차로,126.9987263153591641_37.5351737312984781,128.0,26.0,원활,126.9987263153591641_37.5351737312984781|126.9988754803021465_37.5350315221282500|126.9990590663091723_37.5349359791579857|126.9999041836640004_37.5345212747176191
2026-09-04T03:35:30.187978+09:00,이태원 관광특구,이태원 관광특구,POI004,KEY_1,1020052500,이태원로,1020025302,이태원호텔앞교차로,126.9988280672798311_37.5352499378824618,1020038901,한남동 685-46,127.0000466337410785_37.5347053708413583,124.0,26.0,원활,127.0000466337410785_37.5347053708413583|126.9992045925932302_37.5351185662316666|126.9990240300251401_37.5352125351167487|126.9988280672798311_37.5352499378824618
2026-09-04T03:35:30.187978+09:00,잠실 관광특구,잠실 관광특구,POI005,KEY_2,1230003102,송파대로,1230412500,석촌동 209,127.1044792274671522_37.5081049831544888,1230036703,석촌호수앞교차로,127.1039824947923051_37.5086487529905597,75.0,34.0,원활,127.1039824947923051_37.5086487529905597|127.1044792274671522_37.5081049831544888
2026-09-04T03:35:30.187978+09:00,잠실 관광특구,잠실 관광특구,POI005,KEY_2,1230003300,송파대로,1230036704,석촌호수앞교차로,127.1039028911642674_37.5087367936795530,1230001703,석촌호수앞교차로,127.1017878219228550_37.5111046223331428,323.0,47.5,원활,127.1017878219228550_37.5111046223331428|127.1039028911642674_37.5087367936795530
2026-09-04T03:35:30.187978+09:00,잠실 관광특구,잠실 관광특구,POI005,KEY_2,1230003400,송파대로,1230001702,석촌호수앞교차로,127.1019076941057762_37.5111569141952117,1230036701,석촌호수앞교차로,127.1040028890472797_37.5088113302377195,320.0,26.0,원활,127.1040028890472797_37.5088113302377195|127.1019076941057762_37.5111569141952117
2026-09-04T03:35:30.187978+09:00,잠실 관광특구,잠실 관광특구,POI005,KEY_2,1230003501,송파대로,1230399700,잠실동 41,127.1007560729534731_37.5124412982623454,1230001803,잠실역사거리,127.1001586829554100_37.5132191939759281,101.0,42.0,원활,127.1001586829554100_37.5132191939759281|127.1007560729534731_37.5124412982623454
2026-09-04T03:35:30.187978+09:00,잠실 관광특구,잠실 관광특구,POI005,KEY_2,1230003601,송파대로,1230001802,잠실역사거리,127.1002879409381165_37.5132580710148957,1230001701,석촌호수앞교차로,127.1018323332335598_37.5112469862295228,262.0,12.0,정체,127.1018323332335598_37.5112469862295228|127.1008718568159566_37.5124977195192244|127.1002879409381165_37.5132580710148957
2026-09-04T03:35:30.187978+09:00,잠실 관광특구,잠실 관광특구,POI005,KEY_2,1230003802,송파대로,1230044702,잠실대교남측,127.0981251707990225_37.5159789121879115,1230001801,잠실역사거리,127.1002155326109744_37.5133509522926616,345.0,28.0,원활,127.1002155326109744_37.5133509522926616|127.0985290071868548_37.5154712346922068|127.0981251707990225_37.5159789121879115
2026-09-04T03:35:30.187978+09:00,잠실 관광특구,잠실 관광특구,POI005,KEY_2,1230018100,삼학사로,1230399400,삼전동 152,127.0971851736833997_37.5058146183606098,1230034303,석촌호교차로,127.0972427646003808_37.5065427063586085,81.0,20.0,서행,127.0972427646003808_37.5065427063586085|127.0971851736833997_37.5058146183606098
2026-09-04T03:35:30.187978+09:00,잠실 관광특구,잠실 관광특구,POI005,KEY_2,1230020203,석촌호수로,1230362100,잠실동 45-1,127.0959603598268473_37.5068429608790908,1230034304,석촌호교차로,127.0972501695385262_37.5066515875651163,116.0,24.0,서행,127.0972501695385262_37.5066515875651163|127.0959603598268473_37.5068429608790908
2026-09-04T03:35:30.187978+09:00,잠실 관광특구,잠실 관광특구,POI005,KEY_2,1230020300,석촌호수로,1230425400,최소노드배치점,127.1008735740489470_37.5071235777689509,1230036704,석촌호수앞교차로,127.1039028911642674_37.5087367936795530,323.0,30.5,원활,127.1039028911642674_37.5087367936795530|127.1030871966188158_37.5081804312170775|127.1027814029224459_37.5079972621807372|127.1027257780679207_37.5079698553039691|127.1018874551534168_37.5075568002840285|127.1015021632143061_37.5073921700333557|127.1008735740489470_37.5071235777689509
2026-09-04T03:35:30.187978+09:00,잠실 관광특구,잠실 관광특구,POI005,KEY_2,1230020400,석촌호수로,1230369400,석촌동 191,127.0987703823118125_37.5064112799268017,1230034302,석촌호교차로,127.0973765618586384_37.5065150079019958,125.0,20.0,서행,127.0973765618586384_37.5065150079019958|127.0976452744375536_37.5064483289197952|127.0979269591683192_37.5064090615062042|127.0982641563232818_37.5063794736021237|127.0986308344447906_37.5063986405236136|127.0987703823118125_37.5064112799268017
2026-09-04T03:35:30.187978+09:00,잠실 관광특구,잠실 관광특구,POI005,KEY_2,1230021500,삼학사로,1230418200,잠실동 46,127.0973734398476296_37.5087240119147722,1230007103,서울놀이마당앞교차로,127.0974453047706589_37.5099321530276910,134.0,35.0,원활,127.0974453047706589_37.5099321530276910|127.0973734398476296_37.5087240119147722
2026-09-04T03:35:30.187978+09:00,잠실 관광특구,잠실 관광특구,POI005,KEY_2,1230021600,삼학사로,1230007102,서울놀이마당앞교차로,127.0975809295277941_37.5099279073468779,1230034301,석촌호교차로,127.0973845362845935_37.5066262726573783,367.0,42.0,원활,127.0973845362845935_37.5066262726573783|127.0975090109694889_37.5087188942394008|127.0975809295277941_37.5099279073468779
2026-09-04T03:35:30.187978+09:00,잠실 관광특구,잠실 관광특구,POI005,KEY_2,1230021900,삼전로,1230356200,잠실동 37,127.0922842977067404_37.5094309777277743,1230038603,잠실3삼거리,127.0929733206664025_37.5103028554533822,115.0,25.0,원활,127.0929733206664025_37.5103028554533822|127.0928602894616830_37.5101024415336113|127.0922842977067404_37.5094309777277743
2026-09-04T03:35:30.187978+09:00,잠실 관광특구,잠실 관광특구,POI005,KEY_2,1230023101,잠실로,1230038303,잠실동 43,127.0947217679651260_37.5101178628557932,1230038602,잠실3삼거리,127.0930971257991189_37.5102585455899913,144.0,19.0,서행,127.0930971257991189_37.5102585455899913|127.0947217679651260_37.5101178628557932
2026-09-04T03:35:30.187978+09:00,잠실 관광특구,잠실 관광특구,POI005,KEY_2,1230023102,잠실로,1230007103,서울놀이마당앞교차로,127.0974453047706589_37.5099321530276910,1230038302,잠실동 43,127.0948609890413223_37.5101069748518370,229.0,10.0,정체,127.0948609890413223_37.5101069748518370|127.0962459094918131_37.5100132959391175|127.0974453047706589_37.5099321530276910
2026-09-04T03:35:30.187978+09:00,잠실 관광특구,잠실 관광특구,POI005,KEY_2,1230023201,잠실로,1230038601,잠실3삼거리,127.0931194165767408_37.5103653726765316,1230038304,잠실동 43,127.0947364363945553_37.5102253498387128,144.0,17.0,서행,127.0947364363945553_37.5102253498387128|127.0931194165767408_37.5103653726765316
2026-09-04T03:35:30.187978+09:00,잠실 관광특구,잠실 관광특구,POI005,KEY_2,1230023202,잠실로,1230393400,잠실동 43,127.0962573939644642_37.5101210286650257,1230007104,서울놀이마당앞교차로,127.0974567909531032_37.5100398856026942,106.0,20.0,서행,127.0974567909531032_37.5100398856026942|127.0962573939644642_37.5101210286650257
2026-09-04T03:35:30.187978+09:00,잠실 관광특구,잠실 관광특구,POI005,KEY_2,1230023301,양재대로,1230222600,방이동 217-2,127.1268249994781740_37.5100254368363224,1230040803,올림픽공원앞교차로,127.1279156747526429_37.5117452056324225,214.0,25.0,원활,127.1279156747526429_37.5117452056324225|127.1268249994781740_37.5100254368363224
2026-09-04T03:35:30.187978+09:00,잠실 관광특구,잠실 관광특구,POI005,KEY_2,1230023500,잠실로,1230412400,잠실동 42,127.1004419094974480_37.5105947295189637,1230001704,석촌호수앞교차로,127.1017131193153915_37.5111950333109547,131.0,25.0,원활,127.1017131193153915_37.5111950333109547|127.1004641614348145_37.5106046485269218|127.1004419094974480_37.5105947295189637
2026-09-04T03:35:30.187978+09:00,잠실 관광특구,잠실 관광특구,POI005,KEY_2,1230023600,잠실로,1230001703,석촌호수앞교차로,127.1017878219228550_37.5111046223331428,1230007102,서울놀이마당앞교차로,127.0975809295277941_37.5099279073468779,403.0,31.0,원활,127.0975809295277941_37.5099279073468779|127.0985541482379375_37.5099332768199432|127.0990046849047843_37.5099841635964921|127.0994430355566607_37.5101001528652276|127.0999744578332411_37.5102624598802024|127.1005081875894263_37.5105003764333560|127.1005319432435670_37.5105109657146656|127.1017878219228550_37.5111046223331428
2026-09-04T03:35:30.187978+09:00,잠실 관광특구,잠실 관광특구,POI005,KEY_2,1230023701,석촌호수로,1230036701,석촌호수앞교차로,127.1040028890472797_37.5088113302377195,1230038204,수림빌딩,127.1051505452613100_37.5097264956549949,144.0,7.0,정체,127.1051505452613100_37.5097264956549949|127.1048424116308126_37.5094807866672255|127.1040028890472797_37.5088113302377195
2026-09-04T03:35:30.187978+09:00,잠실 관광특구,잠실 관광특구,POI005,KEY_2,1230023702,석촌호수로,1230038201,수림빌딩,127.1052475076223942_37.5098032820847891,1230039704,신천동 33,127.1069053310213803_37.5111077200237375,206.0,27.0,원활,127.1069053310213803_37.5111077200237375|127.1060795391087055_37.5104579644505165|127.1052475076223942_37.5098032820847891
2026-09-04T03:35:30.187978+09:00,잠실 관광특구,잠실 관광특구,POI005,KEY_2,1230023703,석촌호수로,1230039701,신천동 33,127.1070065907386635_37.5111861357687459,1230041504,방이삼거리,127.1080898185277164_37.5120029659807344,132.0,20.0,서행,127.1080898185277164_37.5120029659807344|127.1079331088216122_37.5118964724360211|127.1070065907386635_37.5111861357687459
2026-09-04T03:35:30.187978+09:00,잠실 관광특구,잠실 관광특구,POI005,KEY_2,1230023801,석촌호수로,1230383600,송파동 60,127.1049384312716057_37.5094043721425194,1230036702,석촌호수앞교차로,127.1040831324389728_37.5087223370806129,107.0,18.0,서행,127.1040831324389728_37.5087223370806129|127.1049384312716057_37.5094043721425194
2026-09-04T03:35:30.187978+09:00,잠실 관광특구,잠실 관광특구,POI005,KEY_2,1230023802,석촌호수로,1230380500,송파동 61,127.1061749184303977_37.5103810412995244,1230038202,수림빌딩,127.1053428869681454_37.5097263595970531,103.0,29.0,원활,127.1053428869681454_37.5097263595970531|127.1061749184303977_37.5103810412995244
2026-09-04T03:35:30.187978+09:00,잠실 관광특구,잠실 관광특구,POI005,KEY_2,1230023803,석촌호수로,1230041503,방이삼거리,127.1081921675338720_37.5119304002947942,1230039702,송파동 62,127.1071007108080408_37.5111082344274962,133.0,12.0,정체,127.1071007108080408_37.5111082344274962|127.1080242959557012_37.5118163213665241|127.1081921675338720_37.5119304002947942
2026-09-04T03:35:30.187978+09:00,잠실 관광특구,잠실 관광특구,POI005,KEY_2,1230023904,위례성대로,1230038803,오금초교,127.1315805616083452_37.5102624702576577,1230040802,올림픽공원앞교차로,127.1280368042940410_37.5116964262882320,351.0,43.0,원활,127.1280368042940410_37.5116964262882320|127.1315805616083452_37.5102624702576577
2026-09-04T03:35:30.187978+09:00,잠실 관광특구,잠실 관광특구,POI005,KEY_2,1230024003,위례성대로,1230040801,올림픽공원앞교차로,127.1280993215722361_37.5117923995774305,1230038804,오금초교,127.1316420322552858_37.5103588665718206,351.0,36.0,원활,127.1316420322552858_37.5103588665718206|127.1280993215722361_37.5117923995774305
2026-09-04T03:35:30.187978+09:00,잠실 관광특구,잠실 관광특구,POI005,KEY_2,1230024100,잠실로,1230038604,잠실3삼거리,127.0929839814057658_37.5103582875929717,1230041303,잠실3사거리,127.0924958334099557_37.5118489046082644,171.0,26.0,원활,127.0924958334099557_37.5118489046082644|127.0929749045914718_37.5104683915562376|127.0929839814057658_37.5103582875929717
2026-09-04T03:35:30.187978+09:00,잠실 관광특구,잠실 관광특구,POI005,KEY_2,1230024200,잠실로,1230041302,잠실3사거리,127.0926320843072830_37.5118620680798003,1230038601,잠실3삼거리,127.0931194165767408_37.5103653726765316,172.0,26.0,원활,127.0931194165767408_37.5103653726765316|127.0931094286359553_37.5104865264241667|127.0926320843072830_37.5118620680798003
2026-09-04T03:35:30.187978+09:00,잠실 관광특구,잠실 관광특구,POI005,KEY_2,1230024302,오금로,1230384900,송파동 62,127.1086886760872829_37.5117147904571766,1230041503,방이삼거리,127.1081921675338720_37.5119304002947942,50.0,16.0,서행,127.1081921675338720_37.5119304002947942|127.1083902263657990_37.5118348937114661|127.1086886760872829_37.5117147904571766
2026-09-04T03:35:30.187978+09:00,잠실 관광특구,잠실 관광특구,POI005,KEY_2,1230024703,가락로,1230042404,에뜨왈리코리아,127.1197334005263002_37.5127417204113840,1230008303,방이초교앞교차로,127.1208213191434737_37.5145580278620869,223.0,11.0,정체,127.1208213191434737_37.5145580278620869|127.1197334005263002_37.5127417204113840
2026-09-04T03:35:30.187978+09:00,잠실 관광특구,잠실 관광특구,POI005,KEY_2,1230024803,가락로,1230008302,방이초교앞교차로,127.1209450232393436_37.5145134722125775,1230042401,에뜨왈리코리아,127.1198552228544401_37.5126940280713512,224.0,24.0,서행,127.1198552228544401_37.5126940280713512|127.1209450232393436_37.5145134722125775
2026-09-04T03:35:30.187978+09:00,잠실 관광특구,잠실 관광특구,POI005,KEY_2,1230024900,올림픽로,1230358200,최소노드배치점,127.0890986901108874_37.5116423850120313,1230041304,잠실3사거리,127.0924582513479919_37.5119541794962004,299.0,51.0,원활,127.0924582513479919_37.5119541794962004|127.0894865754439849_37.5116660118753273|127.0890986901108874_37.5116423850120313
2026-09-04T03:35:30.187978+09:00,잠실 관광특구,잠실 관광특구,POI005,KEY_2,1230025502,위례성대로12길,1230384600,방이동 75-1,127.1226867891286361_37.5132366843652107,1230008203,올림픽공원남2문,127.1230115468975583_37.5137580552017056,65.0,30.0,원활,127.1230115468975583_37.5137580552017056|127.1226867891286361_37.5132366843652107
2026-09-04T03:35:30.187978+09:00,잠실 관광특구,잠실 관광특구,POI005,KEY_2,1230025602,위례성대로12길,1230008202,올림픽공원남2문,127.1231332582007383_37.5137101955394456,1230041001,제이에스빌딩,127.1219838454871649_37.5118648795729470,229.0,30.0,원활,127.1219838454871649_37.5118648795729470|127.1228083768162378_37.5131886276024815|127.1231332582007383_37.5137101955394456
2026-09-04T03:35:30.187978+09:00,잠실 관광특구,잠실 관광특구,POI005,KEY_2,1230025702,올림픽로,1230422700,최소노드배치점,127.0963985029439982_37.5124235494134552,1230001804,잠실역사거리,127.1000841139758677_37.5133141607708396,341.0,46.3,원활,127.1000841139758677_37.5133141607708396|127.0963985029439982_37.5124235494134552
2026-09-04T03:35:30.187978+09:00,잠실 관광특구,잠실 관광특구,POI005,KEY_2,1230025801,올림픽로,1230041703,잠실동 39,127.0946882254534103_37.5120601573260686,1230041302,잠실3사거리,127.0926320843072830_37.5118620680798003,183.0,42.0,원활,127.0926320843072830_37.5118620680798003|127.0946882254534103_37.5120601573260686
2026-09-04T03:35:30.187978+09:00,잠실 관광특구,잠실 관광특구,POI005,KEY_2,1230025802,올림픽로,1230001803,잠실역사거리,127.1001586829554100_37.5132191939759281,1230041702,잠실동 39,127.0948236216370191_37.5120740018570373,489.0,31.0,원활,127.0948236216370191_37.5120740018570373|127.0956739088233007_37.5121671905185963|127.0962807923011582_37.5122821169021705|127.0964379064208174_37.5123200858476054|127.1001586829554100_37.5132191939759281
2026-09-04T03:35:30.187978+09:00,잠실 관광특구,잠실 관광특구,POI005,KEY_2,1230026102,위례성대로,1230040803,올림픽공원앞교차로,127.1279156747526429_37.5117452056324225,1230042502,방이동 181-7,127.1254911970844859_37.5127168656425241,240.0,28.0,원활,127.1254911970844859_37.5127168656425241|127.1279156747526429_37.5117452056324225
2026-09-04T03:35:30.187978+09:00,잠실 관광특구,잠실 관광특구,POI005,KEY_2,1230026103,위례성대로,1230042503,방이동 181-7,127.1253705911887266_37.5127664663946732,1230008202,올림픽공원남2문,127.1231332582007383_37.5137101955394456,224.0,28.0,원활,127.1231332582007383_37.5137101955394456|127.1253705911887266_37.5127664663946732
2026-09-04T03:35:30.187978+09:00,잠실 관광특구,잠실 관광특구,POI005,KEY_2,1230026202,위례성대로,1230008201,올림픽공원남2문,127.1231967749277914_37.5138057465937962,1230040804,올림픽공원앞교차로,127.1279781659139445_37.5118411937980127,476.0,47.0,원활,127.1279781659139445_37.5118411937980127|127.1255521973024827_37.5128134512352105|127.1254341104055641_37.5128620169255242|127.1231967749277914_37.5138057465937962
2026-09-04T03:35:30.187978+09:00,잠실 관광특구,잠실 관광특구,POI005,KEY_2,1230026301,오금로,1230041504,방이삼거리,127.1080898185277164_37.5120029659807344,1230043203,잠실전화국,127.1073625915452112_37.5136826385122433,198.0,14.0,정체,127.1073625915452112_37.5136826385122433|127.1076552451824142_37.5129653281818420|127.1080218934859403_37.5120666323530259|127.1080898185277164_37.5120029659807344
2026-09-04T03:35:30.187978+09:00,잠실 관광특구,잠실 관광특구,POI005,KEY_2,1230026400,오금로,1230362200,방이동 95-3,127.1077843306107411_37.5129987458803527,1230041501,방이삼거리,127.1081930791064138_37.5120731373911980,109.0,22.5,서행,127.1081930791064138_37.5120731373911980|127.1081426875516627_37.5121203703189892|127.1077843306107411_37.5129987458803527
2026-09-04T03:35:30.187978+09:00,잠실 관광특구,잠실 관광특구,POI005,KEY_2,1230026702,백제고분로,1230397100,방이동 94-4,127.1155243442379685_37.5158080782483836,1230045403,올림픽공원남4문앞교차로,127.1158353619488821_37.5163285598069436,64.0,27.0,원활,127.1158353619488821_37.5163285598069436|127.1155243442379685_37.5158080782483836
2026-09-04T03:35:30.187978+09:00,잠실 관광특구,잠실 관광특구,POI005,KEY_2,1230026802,백제고분로,1230045402,올림픽공원남4문앞교차로,127.1159592191718559_37.5162842594980717,1230043901,방이중,127.1149670532686144_37.5146238680820474,204.0,10.0,정체,127.1149670532686144_37.5146238680820474|127.1156469051217641_37.5157616102810749|127.1159592191718559_37.5162842594980717
2026-09-04T03:35:30.187978+09:00,잠실 관광특구,잠실 관광특구,POI005,KEY_2,1230027100,위례성대로,1230008203,올림픽공원남2문,127.1230115468975583_37.5137580552017056,1230008302,방이초교앞교차로,127.1209450232393436_37.5145134722125775,201.0,51.0,원활,127.1209450232393436_37.5145134722125775|127.1230115468975583_37.5137580552017056
2026-09-04T03:35:30.187978+09:00,잠실 관광특구,잠실 관광특구,POI005,KEY_2,1230027200,위례성대로,1230424900,최소노드배치점,127.1195466393614311_37.5151289900827436,1230008204,올림픽공원남2문,127.1230681603091739_37.5138563218870544,342.0,42.0,원활,127.1230681603091739_37.5138563218870544|127.1210016343324725_37.5146117395583261|127.1208765811574466_37.5146567818947432|127.1195466393614311_37.5151289900827436
2026-09-04T03:35:30.187978+09:00,잠실 관광특구,잠실 관광특구,POI005,KEY_2,1230027302,올림픽로,1230001801,잠실역사거리,127.1002155326109744_37.5133509522926616,1230043404,신천동 8,127.1021667132219335_37.5140202279747825,188.0,13.0,정체,127.1021667132219335_37.5140202279747825|127.1002155326109744_37.5133509522926616
2026-09-04T03:35:30.187978+09:00,잠실 관광특구,잠실 관광특구,POI005,KEY_2,1230027303,올림픽로,1230043401,신천동 8,127.1022912026975433_37.5140633484028712,1230043804,잠실역(서울8호선),127.1031193148053262_37.5143528991889355,80.0,46.3,원활,127.1031193148053262_37.5143528991889355|127.1022912026975433_37.5140633484028712
2026-09-04T03:35:30.187978+09:00,잠실 관광특구,잠실 관광특구,POI005,KEY_2,1230027304,올림픽로,1230043801,잠실역(서울8호선),127.1032441614670745_37.5143953515620083,1230044104,송파구청앞교차로,127.1065954149593580_37.5155037548529151,321.0,46.7,원활,127.1065954149593580_37.5155037548529151|127.1032441614670745_37.5143953515620083
2026-09-04T03:35:30.187978+09:00,잠실 관광특구,잠실 관광특구,POI005,KEY_2,1230027402,올림픽로,1230425600,최소노드배치점,127.1034569107816310_37.5143486498193468,1230001802,잠실역사거리,127.1002879409381165_37.5132580710148957,305.0,46.0,원활,127.1002879409381165_37.5132580710148957|127.1022203942543456_37.5139209223143766|127.1023457587723016_37.5139643456983833|127.1031738699951745_37.5142538961081584|127.1032962137368543_37.5142954974985372|127.1034569107816310_37.5143486498193468
2026-09-04T03:35:30.187978+09:00,잠실 관광특구,잠실 관광특구,POI005,KEY_2,1230027600,잠실로,1230354600,잠실동 26-1,127.0923490777133509_37.5126418063312386,1230041301,잠실3사거리,127.0925947702226182_37.5119673808282528,78.0,18.0,서행,127.0925947702226182_37.5119673808282528|127.0923490777133509_37.5126418063312386
2026-09-04T03:35:30.187978+09:00,잠실 관광특구,잠실 관광특구,POI005,KEY_2,1230027901,오금로,1230043204,잠실전화국,127.1073301047804875_37.5137619968566653,1230043703,KT송파빌딩,127.1072008780327849_37.5140753242066154,37.0,20.0,서행,127.1072008780327849_37.5140753242066154|127.1073301047804875_37.5137619968566653
2026-09-04T03:35:30.187978+09:00,잠실 관광특구,잠실 관광특구,POI005,KEY_2,1230027902,오금로,1230043704,KT송파빌딩,127.1071582673112630_37.5141777969497454,1230044103,송파구청앞교차로,127.1066451578842873_37.5154031368063627,143.0,16.0,서행,127.1066451578842873_37.5154031368063627|127.1071582673112630_37.5141777969497454
2026-09-04T03:35:30.187978+09:00,잠실 관광특구,잠실 관광특구,POI005,KEY_2,1230028001,오금로,1230043702,KT송파빌딩,127.1073298305418575_37.5141090707700258,1230043201,잠실전화국,127.1074590560679241_37.5137957428479041,37.0,24.0,서행,127.1074590560679241_37.5137957428479041|127.1073298305418575_37.5141090707700258
2026-09-04T03:35:30.187978+09:00,잠실 관광특구,잠실 관광특구,POI005,KEY_2,1230028002,오금로,1230044102,송파구청앞교차로,127.1067706331513705_37.5154451950086951,1230043701,KT송파빌딩,127.1072870264943191_37.5142120080203938,144.0,20.0,서행,127.1072870264943191_37.5142120080203938|127.1067706331513705_37.5154451950086951
2026-09-04T03:35:30.187978+09:00,잠실 관광특구,잠실 관광특구,POI005,KEY_2,1230028100,위례성대로,1230008303,방이초교앞교차로,127.1208213191434737_37.5145580278620869,1230045402,올림픽공원남4문앞교차로,127.1159592191718559_37.5162842594980717,471.0,56.0,원활,127.1159592191718559_37.5162842594980717|127.1194913787483216_37.5150302354333220|127.1208213191434737_37.5145580278620869
2026-09-04T03:35:30.187978+09:00,잠실 관광특구,잠실 관광특구,POI005,KEY_2,1230028301,올림픽로,1230044101,송파구청앞교차로,127.1067205760415391_37.5155457351922763,1230044902,잠실진주아파트앞교차로,127.1087256571209707_37.5162283031640200,193.0,30.0,원활,127.1087256571209707_37.5162283031640200|127.1067205760415391_37.5155457351922763
2026-09-04T03:35:30.187978+09:00,잠실 관광특구,잠실 관광특구,POI005,KEY_2,1230028401,올림픽로,1230421300,최소노드배치점,127.1097120122696964_37.5164468577884307,1230044102,송파구청앞교차로,127.1067706331513705_37.5154451950086951,283.0,20.0,서행,127.1067706331513705_37.5154451950086951|127.1088293438040182_37.5161460190462677|127.1097120122696964_37.5164468577884307
2026-09-04T03:35:30.187978+09:00,잠실 관광특구,잠실 관광특구,POI005,KEY_2,1230028702,양재대로,1230040804,올림픽공원앞교차로,127.1279781659139445_37.5118411937980127,1230043503,방이동 89-28,127.1293137788365044_37.5138391508336753,251.0,26.0,원활,127.1293137788365044_37.5138391508336753|127.1279781659139445_37.5118411937980127
2026-09-04T03:35:30.187978+09:00,잠실 관광특구,잠실 관광특구,POI005,KEY_2,1230028703,양재대로,1230043504,방이동 89-28,127.1293758864878356_37.5139336243623376,1230044603,올림픽공원동문교차로,127.1305797082937374_37.5157953632322290,232.0,26.0,원활,127.1305797082937374_37.5157953632322290|127.1293758864878356_37.5139336243623376
2026-09-04T03:35:30.187978+09:00,잠실 관광특구,잠실 관광특구,POI005,KEY_2,1230028704,양재대로,1230044604,올림픽공원동문교차로,127.1306432453781667_37.5158930503733714,1230047803,오륜교,127.1316412754749763_37.5174145740411831,191.0,26.0,원활,127.1316412754749763_37.5174145740411831|127.1306432453781667_37.5158930503733714
2026-09-04T03:35:30.187978+09:00,잠실 관광특구,잠실 관광특구,POI005,KEY_2,1230028802,양재대로,1230043502,방이동 89-28,127.1294335833399884_37.5137883314546841,1230040801,올림픽공원앞교차로,127.1280993215722361_37.5117923995774305,251.0,26.0,원활,127.1280993215722361_37.5117923995774305|127.1294335833399884_37.5137883314546841
2026-09-04T03:35:30.187978+09:00,잠실 관광특구,잠실 관광특구,POI005,KEY_2,1230028803,양재대로,1230044602,올림픽공원동문교차로,127.1307066675273347_37.5157555807827805,1230043501,방이동 89-28,127.1294965542968640_37.5138841169906101,234.0,26.0,원활,127.1294965542968640_37.5138841169906101|127.1307066675273347_37.5157555807827805
2026-09-04T03:35:30.187978+09:00,잠실 관광특구,잠실 관광특구,POI005,KEY_2,1230028804,양재대로,1230047802,오륜교,127.1317615823722491_37.5173645046840889,1230044601,올림픽공원동문교차로,127.1307691739442731_37.5158515552836462,189.0,26.0,원활,127.1307691739442731_37.5158515552836462|127.1317615823722491_37.5173645046840889
2026-09-04T03:35:30.187978+09:00,잠실 관광특구,잠실 관광특구,POI005,KEY_2,1230029101,올림픽로,1230044901,잠실진주아파트앞교차로,127.1088533723906977_37.5162718111141373,1230047903,올림픽공원앞교차로,127.1125664517782781_37.5175764714066560,359.0,41.0,원활,127.1125664517782781_37.5175764714066560|127.1121927794052340_37.5174099266855308|127.1096586157180326_37.5165462608805385|127.1088533723906977_37.5162718111141373
2026-09-04T03:35:30.187978+09:00,잠실 관광특구,잠실 관광특구,POI005,KEY_2,1230029300,위례성대로,1230045403,올림픽공원남4문앞교차로,127.1158353619488821_37.5163285598069436,1230047902,올림픽공원앞교차로,127.1126327333255119_37.5174821175529445,311.0,26.0,원활,127.1126327333255119_37.5174821175529445|127.1158353619488821_37.5163285598069436
2026-09-04T03:35:30.187978+09:00,잠실 관광특구,잠실 관광특구,POI005,KEY_2,1230029401,위례성대로,1230047901,올림픽공원앞교차로,127.1127294559663170_37.5175659412636975,1230045404,올림픽공원남4문앞교차로,127.1158912913085715_37.5164270745673178,307.0,44.0,원활,127.1158912913085715_37.5164270745673178|127.1127294559663170_37.5175659412636975
2026-09-04T03:35:30.187978+09:00,잠실 관광특구,잠실 관광특구,POI005,KEY_2,1230029800,오금로,1230009202,잠실나루역사거리,127.1050458803196079_37.5186165757193919,1230044101,송파구청앞교차로,127.1067205760415391_37.5155457351922763,372.0,10.0,정체,127.1067205760415391_37.5155457351922763|127.1063870230920116_37.5161245657841746|127.1060062563923623_37.5167853165615099|127.1057041776155785_37.5173095096861147|127.1054650209393913_37.5177245091905434|127.1053636836204817_37.5179234011036442|127.1051267515503156_37.5183884165572152|127.1050458803196079_37.5186165757193919
2026-09-04T03:35:30.187978+09:00,잠실 관광특구,잠실 관광특구,POI005,KEY_2,1230030200,올림픽로33길,1230044902,잠실진주아파트앞교차로,127.1087256571209707_37.5162283031640200,1230009303,파크리오아파트,127.1080198937217318_37.5191489075320419,330.0,31.0,원활,127.1080198937217318_37.5191489075320419|127.1087256571209707_37.5162283031640200
2026-09-04T03:35:30.187978+09:00,잠실 관광특구,잠실 관광특구,POI005,KEY_2,1230030300,올림픽로33길,1230009302,파크리오아파트,127.1081532489597805_37.5191690964758351,1230044901,잠실진주아파트앞교차로,127.1088533723906977_37.5162718111141373,327.0,36.0,원활,127.1088533723906977_37.5162718111141373|127.1081532489597805_37.5191690964758351
2026-09-04T03:35:30.187978+09:00,잠실 관광특구,잠실 관광특구,POI005,KEY_2,1230030701,올림픽로,1230047904,올림픽공원앞교차로,127.1126156383089949_37.5176248562335459,1230050103,올림픽회관앞교차로,127.1141234836901077_37.5200172918018566,297.0,25.0,원활,127.1141234836901077_37.5200172918018566|127.1130967077667009_37.5183006809000261|127.1127808418886076_37.5178273473246833|127.1126156383089949_37.5176248562335459
2026-09-04T03:35:30.187978+09:00,잠실 관광특구,잠실 관광특구,POI005,KEY_2,1230030802,올림픽로,1230050102,올림픽회관앞교차로,127.1142460290998173_37.5199707880909941,1230047901,올림픽공원앞교차로,127.1127294559663170_37.5175659412636975,299.0,44.3,원활,127.1127294559663170_37.5175659412636975|127.1128979059259194_37.5177724112602746|127.1132179682735881_37.5182520322072364|127.1142460290998173_37.5199707880909941
2026-09-04T03:35:30.187978+09:00,잠실 관광특구,잠실 관광특구,POI005,KEY_2,1230031300,올림픽로35길,1230380000,신천동 20-3,127.1120965855774898_37.5198794214376790,1230050104,올림픽회관앞교차로,127.1141869164074905_37.5201219523906175,187.0,11.0,정체,127.1141869164074905_37.5201219523906175|127.1139207414424419_37.5201377237057514|127.1137172639646593_37.5201260770116463|127.1129232291908551_37.5200052336238770|127.1120965855774898_37.5198794214376790
2026-09-04T03:35:30.187978+09:00,잠실 관광특구,잠실 관광특구,POI005,KEY_2,1230032100,올림픽로,1230400900,신천동 26,127.1145514766661790_37.5207067945448216,1230052003,성내교(남측),127.1155399981984147_37.5222925683271740,197.0,21.0,서행,127.1155399981984147_37.5222925683271740|127.1145514766661790_37.5207067945448216
2026-09-04T03:35:30.187978+09:00,잠실 관광특구,잠실 관광특구,POI005,KEY_2,1230032200,올림픽로,1230052001,성내교(남측),127.1156967807111187_37.5223009606581428,1230050101,올림픽회관앞교차로,127.1143085002419610_37.5200738709822801,276.0,50.5,원활,127.1143085002419610_37.5200738709822801|127.1146730610900732_37.5206587128019535|127.1156615842423037_37.5222444857121431|127.1156967807111187_37.5223009606581428
2026-09-04T03:35:30.187978+09:00,잠실 관광특구,잠실 관광특구,POI005,KEY_2,1230032404,강동대로,1230052403,서울체고앞,127.1309465905180929_37.5226422457426523,1230052602,올림픽공원북2문,127.1286484144718969_37.5236389836207067,231.0,55.0,원활,127.1286484144718969_37.5236389836207067|127.1309465905180929_37.5226422457426523
2026-09-04T03:35:30.187978+09:00,잠실 관광특구,잠실 관광특구,POI005,KEY_2,1230032504,강동대로,1230052601,올림픽공원북2문,127.1287133329938257_37.5237339387489186,1230052404,서울체고앞,127.1310115110815389_37.5227371996198542,231.0,25.0,원활,127.1310115110815389_37.5227371996198542|127.1287133329938257_37.5237339387489186
2026-09-04T03:35:30.187978+09:00,잠실 관광특구,잠실 관광특구,POI005,KEY_2,1230032902,올림픽로37길,1230424700,최소노드배치점,127.1116469399134274_37.5231307998258217,1230052004,성내교(남측),127.1156093484237601_37.5224038573356538,390.0,33.0,원활,127.1156093484237601_37.5224038573356538|127.1154210464076897_37.5226254636658609|127.1151860694290434_37.5229714220100377|127.1150231489065732_37.5230568047779158|127.1148610626049589_37.5231117596672803|127.1146813739484145_37.5231312778946844|127.1116469399134274_37.5231307998258217
2026-09-04T03:35:30.187978+09:00,잠실 관광특구,잠실 관광특구,POI005,KEY_2,1230033202,올림픽로,1230052004,성내교(남측),127.1156093484237601_37.5224038573356538,1230053103,올림픽대교남단교차로,127.1174254322370984_37.5253520980877155,364.0,51.0,원활,127.1174254322370984_37.5253520980877155|127.1168266280546959_37.5243574555609811|127.1156093484237601_37.5224038573356538
2026-09-04T03:35:30.187978+09:00,잠실 관광특구,잠실 관광특구,POI005,KEY_2,1230033301,올림픽로,1230053102,올림픽대교남단교차로,127.1176915230806799_37.5255440086627701,1230052001,성내교(남측),127.1156967807111187_37.5223009606581428,401.0,43.3,원활,127.1156967807111187_37.5223009606581428|127.1169486377113884_37.5243100484275445|127.1176915230806799_37.5255440086627701
2026-09-04T03:35:30.187978+09:00,잠실 관광특구,잠실 관광특구,POI005,KEY_2,1230033600,올림픽로43길,1230342000,풍납동 447,127.1141253196765888_37.5248124645393801,1230053104,올림픽대교남단교차로,127.1175353532768639_37.5255915012395889,333.0,30.0,원활,127.1175353532768639_37.5255915012395889|127.1171986824647178_37.5253250746693325|127.1163931251730617_37.5248172882132565|127.1149530945181425_37.5248116617606371|127.1141253196765888_37.5248124645393801
2026-09-04T03:35:30.187978+09:00,잠실 관광특구,잠실 관광특구,POI005,KEY_2,1230033801,강동대로,1230052603,올림픽공원북2문,127.1285292145280152_37.5236906555977967,1230052702,올림픽공원북2문앞교차로,127.1280135683207533_37.5239140807955565,52.0,10.0,정체,127.1280135683207533_37.5239140807955565|127.1285292145280152_37.5236906555977967
2026-09-04T03:35:30.187978+09:00,잠실 관광특구,잠실 관광특구,POI005,KEY_2,1230033802,강동대로,1230052703,올림픽공원북2문앞교차로,127.1278955398801997_37.5239676869855785,1230052902,그린빌딩,127.1255021088525581_37.5251103772284154,247.0,20.0,서행,127.1255021088525581_37.5251103772284154|127.1278955398801997_37.5239676869855785
2026-09-04T03:35:30.187978+09:00,잠실 관광특구,잠실 관광특구,POI005,KEY_2,1230033803,강동대로,1230052903,그린빌딩,127.1253868539951242_37.5251644663839627,1230010402,성내유수지,127.1230687264287127_37.5262344211604315,237.0,41.0,원활,127.1230687264287127_37.5262344211604315|127.1253868539951242_37.5251644663839627
2026-09-04T03:35:30.187978+09:00,잠실 관광특구,잠실 관광특구,POI005,KEY_2,1230033901,강동대로,1230052701,올림픽공원북2문앞교차로,127.1280784406892508_37.5240090563020559,1230052604,올림픽공원북2문,127.1285940873550402_37.5237856308238449,52.0,36.0,원활,127.1285940873550402_37.5237856308238449|127.1280784406892508_37.5240090563020559
2026-09-04T03:35:30.187978+09:00,잠실 관광특구,잠실 관광특구,POI005,KEY_2,1230033902,강동대로,1230052901,그린빌딩,127.1255719037447705_37.5252031128434638,1230052704,올림픽공원북2문앞교차로,127.1279653366622995_37.5240604212007227,247.0,65.0,원활,127.1279653366622995_37.5240604212007227|127.1255719037447705_37.5252031128434638
2026-09-04T03:35:30.187978+09:00,잠실 관광특구,잠실 관광특구,POI005,KEY_2,1230033903,강동대로,1230010401,성내유수지,127.1233271552869013_37.5262401076401133,1230052904,그린빌딩,127.1254549241451741_37.5252580128047128,217.0,64.0,원활,127.1254549241451741_37.5252580128047128|127.1233271552869013_37.5262401076401133
2026-09-04T03:35:30.187978+09:00,잠실 관광특구,잠실 관광특구,POI005,KEY_2,1230034200,강동대로,1230053101,올림픽대교남단교차로,127.1177512410432087_37.5256417956853880,1230010403,성내유수지,127.1228341746085704_37.5263374209143734,467.0,17.0,서행,127.1228341746085704_37.5263374209143734|127.1226119104132124_37.5263325291198058|127.1222182279912971_37.5262594731087304|127.1197935343633674_37.5255708855089978|127.1192764530002961_37.5254871931229914|127.1186659385550399_37.5254644325269382|127.1181404811154323_37.5255300720034626|127.1177512410432087_37.5256417956853880
2026-09-04T03:35:30.187978+09:00,잠실 관광특구,잠실 관광특구,POI005,KEY_2,1230034300,강동대로,1230010402,성내유수지,127.1230687264287127_37.5262344211604315,1230053102,올림픽대교남단교차로,127.1176915230806799_37.5255440086627701,493.0,55.0,원활,127.1176915230806799_37.5255440086627701|127.1181066449297958_37.5254248562288311|127.1186585197018388_37.5253559170246618|127.1192932429278528_37.5253795803410242|127.1198300344327095_37.5254664629282857|127.1222565506296860_37.5261555686853470|127.1226293640594349_37.5262247521119789|127.1230687264287127_37.5262344211604315
2026-09-04T03:35:30.187978+09:00,잠실 관광특구,잠실 관광특구,POI005,KEY_2,1230034600,강동대로,1230053104,올림픽대교남단교차로,127.1175353532768639_37.5255915012395889,1230053301,풍성초등학교,127.1133707067350969_37.5271092576510128,408.0,32.0,원활,127.1133707067350969_37.5271092576510128|127.1138885360357307_37.5270579046375232|127.1141380710895277_37.5270029206930715|127.1144337586637221_37.5269066454630149|127.1172570729713414_37.5256789869567413|127.1175353532768639_37.5255915012395889
2026-09-04T03:35:30.187978+09:00,잠실 관광특구,잠실 관광특구,POI005,KEY_2,1230034700,강동대로,1230058701,풍납동 330-7,127.1135343578604022_37.5272039528378372,1230053105,올림픽대교남단교차로,127.1176235541679063_37.5256800112130264,402.0,22.0,서행,127.1176235541679063_37.5256800112130264|127.1173147432993602_37.5257770947223790|127.1144921531920318_37.5270044385361317|127.1141820098842743_37.5271054212045385|127.1139153828274857_37.5271641707955510|127.1135343578604022_37.5272039528378372
2026-09-04T03:35:30.187978+09:00,잠실 관광특구,잠실 관광특구,POI005,KEY_2,1230034800,강동대로,1230010403,성내유수지,127.1228341746085704_37.5263374209143734,1230053202,성내동 474,127.1214169266581280_37.5269574474404806,143.0,5.0,정체,127.1214169266581280_37.5269574474404806|127.1221246173486747_37.5266478458902597|127.1228341746085704_37.5263374209143734
2026-09-04T03:35:30.187978+09:00,잠실 관광특구,잠실 관광특구,POI005,KEY_2,1230034900,강동대로,1230053201,성내동 474,127.1214822863304903_37.5270522124399051,1230010404,성내유수지,127.1231026366477437_37.5263433289148836,163.0,44.7,원활,127.1231026366477437_37.5263433289148836|127.1221899776439983_37.5267426105018984|127.1214822863304903_37.5270522124399051
2026-09-04T03:35:30.187978+09:00,잠실 관광특구,잠실 관광특구,POI005,KEY_2,1230035100,올림픽로,1230053602,풍납사거리,127.1191638427110746_37.5279285363098012,1230053101,올림픽대교남단교차로,127.1177512410432087_37.5256417956853880,283.0,40.5,원활,127.1177512410432087_37.5256417956853880|127.1182052842400196_37.5263768247819911|127.1185296816843362_37.5269019665074097|127.1189218723730647_37.5275368423195701|127.1191638427110746_37.5279285363098012
2026-09-04T03:35:30.187978+09:00,잠실 관광특구,잠실 관광특구,POI005,KEY_2,1230073600,백제고분로41길,1230362400,송파동 74,127.1055839132151277_37.5093570558199474,1230038203,수림빌딩,127.1052465652364560_37.5096500807059527,44.0,11.0,정체,127.1052465652364560_37.5096500807059527|127.1053208564511436_37.5095948198186591|127.1055839132151277_37.5093570558199474
2026-09-04T03:35:30.187978+09:00,잠실 관광특구,잠실 관광특구,POI005,KEY_2,1230076200,백제고분로45길,1230414400,송파동 83,127.1074305390192620_37.5108125123386174,1230039703,송파동 61,127.1070007103191557_37.5110307962144418,45.0,12.0,정체,127.1070007103191557_37.5110307962144418|127.1074305390192620_37.5108125123386174
2026-09-04T03:35:30.187978+09:00,잠실 관광특구,잠실 관광특구,POI005,KEY_2,1230077600,올림픽로.잠실로.사이길,1230038304,잠실동 43,127.0947364363945553_37.5102253498387128,1230041703,잠실동 39,127.0946882254534103_37.5120601573260686,204.0,14.0,정체,127.0946882254534103_37.5120601573260686|127.0947364363945553_37.5102253498387128
2026-09-04T03:35:30.187978+09:00,잠실 관광특구,잠실 관광특구,POI005,KEY_2,1230077700,올림픽로.잠실로.사이길,1230041702,잠실동 39,127.0948236216370191_37.5120740018570373,1230038301,잠실동 43,127.0948724715403131_37.5102147077519135,206.0,8.0,정체,127.0948724715403131_37.5102147077519135|127.0948236216370191_37.5120740018570373
2026-09-04T03:35:30.187978+09:00,잠실 관광특구,잠실 관광특구,POI005,KEY_2,1230077900,위례성대로16길,1230248000,방이동 200-3,127.1250899543352517_37.5123366148555277,1230042503,방이동 181-7,127.1253705911887266_37.5127664663946732,54.0,10.0,정체,127.1253705911887266_37.5127664663946732|127.1250899543352517_37.5123366148555277
2026-09-04T03:35:30.187978+09:00,잠실 관광특구,잠실 관광특구,POI005,KEY_2,1230079600,올림픽선수촌아파트내부길,1230042003,오륜초등학교,127.1334912399933756_37.5124937085259731,1230043502,방이동 89-28,127.1294335833399884_37.5137883314546841,392.0,22.0,서행,127.1294335833399884_37.5137883314546841|127.1324667918181888_37.5125501930643708|127.1334912399933756_37.5124937085259731
2026-09-04T03:35:30.187978+09:00,잠실 관광특구,잠실 관광특구,POI005,KEY_2,1230079700,올림픽선수촌아파트내부길,1230043501,방이동 89-28,127.1294965542968640_37.5138841169906101,1230042004,오륜초등학교,127.1335006130637026_37.5126015705990881,387.0,13.0,정체,127.1335006130637026_37.5126015705990881|127.1325039266811245_37.5126565247953394|127.1294965542968640_37.5138841169906101
2026-09-04T03:35:30.187978+09:00,잠실 관광특구,잠실 관광특구,POI005,KEY_2,1230080800,올림픽로,1230043404,신천동 8,127.1021667132219335_37.5140202279747825,1230044003,어린이교통공원,127.1015862279693067_37.5151316086360467,134.0,28.0,원활,127.1015862279693067_37.5151316086360467|127.1021667132219335_37.5140202279747825
2026-09-04T03:35:30.187978+09:00,잠실 관광특구,잠실 관광특구,POI005,KEY_2,1230080900,올림픽로,1230044002,어린이교통공원,127.1017112605977104_37.5151736946584151,1230043401,신천동 8,127.1022912026975433_37.5140633484028712,133.0,24.0,서행,127.1022912026975433_37.5140633484028712|127.1017112605977104_37.5151736946584151
2026-09-04T03:35:30.187978+09:00,잠실 관광특구,잠실 관광특구,POI005,KEY_2,1230081000,올림픽로,1230043804,잠실역(서울8호선),127.1031193148053262_37.5143528991889355,1230044403,신천동 7-21,127.1025553001734067_37.5154467539088188,131.0,16.0,서행,127.1025553001734067_37.5154467539088188|127.1031193148053262_37.5143528991889355
2026-09-04T03:35:30.187978+09:00,잠실 관광특구,잠실 관광특구,POI005,KEY_2,1230081100,올림픽로,1230044402,신천동 7-21,127.1026803877707039_37.5154887453600807,1230043801,잠실역(서울8호선),127.1032441614670745_37.5143953515620083,131.0,16.0,서행,127.1032441614670745_37.5143953515620083|127.1026803877707039_37.5154887453600807
2026-09-04T03:35:30.187978+09:00,잠실 관광특구,잠실 관광특구,POI005,KEY_2,1230081200,올림픽선수촌아파트내부길,1230332800,최소노드배치점,127.1337490189227708_37.5151722701553894,1230044602,올림픽공원동문교차로,127.1307066675273347_37.5157555807827805,292.0,12.0,정체,127.1307066675273347_37.5157555807827805|127.1324233734096509_37.5150503918994147|127.1325384533906515_37.5150232903922287|127.1330520009699256_37.5149959261979333|127.1331591568025914_37.5149985589094541|127.1337490189227708_37.5151722701553894
2026-09-04T03:35:30.187978+09:00,잠실 관광특구,잠실 관광특구,POI005,KEY_2,1230082000,오금로11길,1230382300,방이동 96-5,127.1078356746363340_37.5142776638634814,1230043702,KT송파빌딩,127.1073298305418575_37.5141090707700258,48.0,6.0,정체,127.1073298305418575_37.5141090707700258|127.1078356746363340_37.5142776638634814
2026-09-04T03:35:30.187978+09:00,잠실 관광특구,잠실 관광특구,POI005,KEY_2,1230082100,오금로11길,1230364600,방이동 96-2,127.1142995993866123_37.5148873703963588,1230043904,방이중,127.1148454576012909_37.5146719476403305,54.0,10.0,정체,127.1148454576012909_37.5146719476403305|127.1142995993866123_37.5148873703963588
2026-09-04T03:35:30.187978+09:00,잠실 관광특구,잠실 관광특구,POI005,KEY_2,1230085700,양재대로.강동대로사이길,1230334700,최소노드배치점,127.1280130627585407_37.5175316488536268,1230050202,속성변화점,127.1283029621945957_37.5202980729066624,323.0,15.0,서행,127.1283029621945957_37.5202980729066624|127.1284869880934565_37.5198916490292831|127.1286040453807260_37.5194988449093358|127.1286401155603869_37.5191957029570418|127.1286322343100750_37.5188746212359092|127.1285506796273381_37.5184532831418807|127.1284264473650580_37.5181404522839657|127.1280130627585407_37.5175316488536268
2026-09-04T03:35:30.187978+09:00,잠실 관광특구,잠실 관광특구,POI005,KEY_2,1230085800,양재대로.강동대로사이길,1230334600,최소노드배치점,127.1281324577583263_37.5174802131984393,1230044604,올림픽공원동문교차로,127.1306432453781667_37.5158930503733714,333.0,20.0,서행,127.1306432453781667_37.5158930503733714|127.1304306419184798_37.5159439490849564|127.1278436313470053_37.5170548436271218|127.1281324577583263_37.5174802131984393
2026-09-04T03:35:30.187978+09:00,잠실 관광특구,잠실 관광특구,POI005,KEY_2,1230088200,양재대로.강동대로사이길,1230196800,꿈나무다리(남측),127.1283746340457981_37.5204440109063455,1230050201,속성변화점,127.1284296259339470_37.5203368866533751,13.0,11.0,정체,127.1284296259339470_37.5203368866533751|127.1283746340457981_37.5204440109063455
2026-09-04T03:35:30.187978+09:00,잠실 관광특구,잠실 관광특구,POI005,KEY_2,1230088300,양재대로.강동대로사이길,1230196500,꿈나무다리(북측),127.1281832207590128_37.5205312266587470,1230052703,올림픽공원북2문앞교차로,127.1278955398801997_37.5239676869855785,421.0,36.0,원활,127.1278955398801997_37.5239676869855785|127.1273300483411504_37.5230946179717293|127.1271761257750654_37.5227528147954175|127.1271136146098968_37.5224320685814590|127.1271364389473888_37.5221410644727129|127.1272519101088534_37.5217772550903916|127.1276017695838618_37.5212911085732799|127.1279442979174661_37.5209163958855996|127.1281570038538149_37.5205822745236119|127.1281832207590128_37.5205312266587470
2026-09-04T03:35:30.187978+09:00,잠실 관광특구,잠실 관광특구,POI005,KEY_2,1230437101,잠실로,1230188302,잠실길지하차도(서측),127.1024547747106510_37.5113805101291220,1230001702,석촌호수앞교차로,127.1019076941057762_37.5111569141952117,54.0,34.0,원활,127.1019076941057762_37.5111569141952117|127.1024547747106510_37.5113805101291220
2026-09-04T03:35:30.187978+09:00,잠실 관광특구,잠실 관광특구,POI005,KEY_2,1230437201,잠실로,1230001701,석촌호수앞교차로,127.1018323332335598_37.5112469862295228,1230188303,잠실길지하차도(서측),127.1023918266045030_37.5114715455822392,55.0,6.0,정체,127.1023918266045030_37.5114715455822392|127.1018323332335598_37.5112469862295228
2026-09-04T03:35:30.187978+09:00,잠실 관광특구,잠실 관광특구,POI005,KEY_2,1230437301,잠실로,1230188502,잠실길지하차도(동측),127.1062173467716150_37.5131578738299325,1230188302,잠실길지하차도(서측),127.1024547747106510_37.5113805101291220,387.0,48.0,원활,127.1024547747106510_37.5113805101291220|127.1030924680476488_37.5116688194554797|127.1037922288458617_37.5120057984034787|127.1044073633298837_37.5122985483592544|127.1051198819620254_37.5126321816150679|127.1062173467716150_37.5131578738299325
2026-09-04T03:35:30.187978+09:00,잠실 관광특구,잠실 관광특구,POI005,KEY_2,1230437401,잠실로,1230188303,잠실길지하차도(서측),127.1023918266045030_37.5114715455822392,1230188503,잠실길지하차도(동측),127.1061687896124681_37.5132231248888246,386.0,10.0,정체,127.1061687896124681_37.5132231248888246|127.1052815756607259_37.5128152477143786|127.1034974052928277_37.5119907247148916|127.1023918266045030_37.5114715455822392
2026-09-04T03:35:30.187978+09:00,잠실 관광특구,잠실 관광특구,POI005,KEY_2,1230437501,-,1230188502,잠실길지하차도(동측),127.1062173467716150_37.5131578738299325,1230188402,신천동 30,127.1050426082693434_37.5125336192748193,126.0,10.0,정체,127.1050426082693434_37.5125336192748193|127.1057099909694585_37.5128445639683008|127.1060250249974217_37.5129978687956296|127.1062173467716150_37.5131578738299325
2026-09-04T03:35:30.187978+09:00,잠실 관광특구,잠실 관광특구,POI005,KEY_2,1230437601,-,1230188403,신천동 30,127.1049002456384613_37.5127083450110632,1230188503,잠실길지하차도(동측),127.1061687896124681_37.5132231248888246,126.0,17.0,서행,127.1061687896124681_37.5132231248888246|127.1058942002584331_37.5131610578152603|127.1056142121499164_37.5130369103311239|127.1049002456384613_37.5127083450110632
2026-09-04T03:35:30.187978+09:00,잠실 관광특구,잠실 관광특구,POI005,KEY_2,1230437701,잠실로,1230394600,신천동 30,127.1067595331203108_37.5134063123268504,1230188502,잠실길지하차도(동측),127.1062173467716150_37.5131578738299325,55.0,8.5,정체,127.1062173467716150_37.5131578738299325|127.1067595331203108_37.5134063123268504
2026-09-04T03:35:30.187978+09:00,잠실 관광특구,잠실 관광특구,POI005,KEY_2,1230437801,잠실로,1230188503,잠실길지하차도(동측),127.1061687896124681_37.5132231248888246,1230043204,잠실전화국,127.1073301047804875_37.5137619968566653,119.0,10.0,정체,127.1073301047804875_37.5137619968566653|127.1067103200439448_37.5134744075350568|127.1061687896124681_37.5132231248888246
2026-09-04T03:35:30.187978+09:00,잠실 관광특구,잠실 관광특구,POI005,KEY_2,1240030800,성안로,1249118500,성내동 450-2,127.1292262080433062_37.5246357770880579,1230052601,올림픽공원북2문,127.1287133329938257_37.5237339387489186,110.0,23.0,서행,127.1287133329938257_37.5237339387489186|127.1289764894649039_37.5241324489509367|127.1292262080433062_37.5246357770880579
2026-09-04T03:35:30.187978+09:00,잠실 관광특구,잠실 관광특구,POI005,KEY_2,1240031600,성내로14길,1249129200,성내동 492,127.1259457409445162_37.5257312228414079,1230052901,그린빌딩,127.1255719037447705_37.5252031128434638,67.0,23.0,서행,127.1255719037447705_37.5252031128434638|127.1259457409445162_37.5257312228414079
2026-09-04T03:35:30.187978+09:00,종로·청계 관광특구,종로·청계 관광특구,POI006,KEY_3,1000000301,종로,1000081900,종로1가 82-2,126.9798999832241719_37.5701535606807582,1000008607,종로구청입구교차로,126.9793805233784241_37.5701494116837509,46.0,15.0,서행,126.9793805233784241_37.5701494116837509|126.9798999832241719_37.5701535606807582
2026-09-04T03:35:30.187978+09:00,종로·청계 관광특구,종로·청계 관광특구,POI006,KEY_3,1000000303,종로,1000008703,종로1가사거리,126.9828971865418197_37.5701731264087542,1000007700,종로1가,126.9822109960776402_37.5701758601934444,61.0,6.0,정체,126.9822109960776402_37.5701758601934444|126.9824008620181672_37.5701779915733454|126.9828971865418197_37.5701731264087542
2026-09-04T03:35:30.187978+09:00,종로·청계 관광특구,종로·청계 관광특구,POI006,KEY_3,1000000401,종로,1000008606,종로구청입구교차로,126.9793844377634713_37.5702575676490582,1000008905,SK빌딩,126.9809530025248421_37.5702700889503021,139.0,27.0,원활,126.9809530025248421_37.5702700889503021|126.9798986206276368_37.5702616744867512|126.9793844377634713_37.5702575676490582
2026-09-04T03:35:30.187978+09:00,종로·청계 관광특구,종로·청계 관광특구,POI006,KEY_3,1000000501,종로,1000008701,종로1가사거리,126.9830485481293891_37.5702800768006568,1000009600,종로1가,126.9837104338048164_37.5702764015435093,58.0,32.0,원활,126.9837104338048164_37.5702764015435093|126.9830485481293891_37.5702800768006568
2026-09-04T03:35:30.187978+09:00,종로·청계 관광특구,종로·청계 관광특구,POI006,KEY_3,1000000503,종로,1000009101,종각지하쇼핑센터,126.9858227292488380_37.5702608423529298,1000008504,종로2가교차로,126.9876156819137520_37.5702574924147754,158.0,33.0,원활,126.9876156819137520_37.5702574924147754|126.9871453036203235_37.5702428823229511|126.9869246551587310_37.5702458796709990|126.9858227292488380_37.5702608423529298
2026-09-04T03:35:30.187978+09:00,종로·청계 관광특구,종로·청계 관광특구,POI006,KEY_3,1000000601,종로,1000007800,종로1가,126.9837094850009294_37.5701682846705296,1000008702,종로1가사거리,126.9830343185050481_37.5701720336345346,60.0,27.0,원활,126.9830343185050481_37.5701720336345346|126.9837094850009294_37.5701682846705296
2026-09-04T03:35:30.187978+09:00,종로·청계 관광특구,종로·청계 관광특구,POI006,KEY_3,1000000602,종로,1000231400,종로2가 1-2,126.9840862081807984_37.5701661909693030,1000007800,종로1가,126.9837094850009294_37.5701682846705296,33.0,22.0,서행,126.9837094850009294_37.5701682846705296|126.9840862081807984_37.5701661909693030
2026-09-04T03:35:30.187978+09:00,종로·청계 관광특구,종로·청계 관광특구,POI006,KEY_3,1000000603,종로,1000181900,종로2가 84-11,126.9869223374955283_37.5701377759501440,1000009102,종각지하쇼핑센터,126.9858204131049462_37.5701527379884581,97.0,23.0,서행,126.9858204131049462_37.5701527379884581|126.9869223374955283_37.5701377759501440
2026-09-04T03:35:30.187978+09:00,종로·청계 관광특구,종로·청계 관광특구,POI006,KEY_3,1000001102,종로,1000009401,육의전박물관,126.9894911528416657_37.5703440400947173,1000009804,종로3가사거리,126.9920644385376676_37.5704709834989146,228.0,19.0,서행,126.9920644385376676_37.5704709834989146|126.9894911528416657_37.5703440400947173
2026-09-04T03:35:30.187978+09:00,종로·청계 관광특구,종로·청계 관광특구,POI006,KEY_3,1000001201,종로,1000151200,종로2가 34-2,126.9885296395007401_37.5701839568255025,1000008502,종로2가교차로,126.9877530838436002_37.5701530192531123,69.0,30.0,원활,126.9877530838436002_37.5701530192531123|126.9881077158716209_37.5701611205547650|126.9885296395007401_37.5701839568255025
2026-09-04T03:35:30.187978+09:00,종로·청계 관광특구,종로·청계 관광특구,POI006,KEY_3,1000001202,종로,1000009803,종로3가사거리,126.9920772085238099_37.5703632864036052,1000009402,육의전박물관,126.9894997373196901_37.5702361366249775,228.0,13.0,정체,126.9894997373196901_37.5702361366249775|126.9920772085238099_37.5703632864036052
2026-09-04T03:35:30.187978+09:00,종로·청계 관광특구,종로·청계 관광특구,POI006,KEY_3,1000001301,종로,1000009001,세종대로사거리,126.9771187019505163_37.5702314111293560,1000009700,종로1가1-3,126.9777559525715844_37.5702421551131351,56.0,47.0,원활,126.9777559525715844_37.5702421551131351|126.9771187019505163_37.5702314111293560
2026-09-04T03:35:30.187978+09:00,종로·청계 관광특구,종로·청계 관광특구,POI006,KEY_3,1000001302,종로,1000009700,종로1가1-3,126.9777559525715844_37.5702421551131351,1000008804,광화문우체국,126.9784336631558119_37.5702494972367163,60.0,56.0,원활,126.9784336631558119_37.5702494972367163|126.9779432056922133_37.5702453112944994|126.9777559525715844_37.5702421551131351
2026-09-04T03:35:30.187978+09:00,종로·청계 관광특구,종로·청계 관광특구,POI006,KEY_3,1000001303,종로,1000008801,광화문우체국,126.9785701334498214_37.5702506615867833,1000008609,종로구청입구교차로,126.9792481536049564_37.5702564438606927,60.0,46.0,원활,126.9792481536049564_37.5702564438606927|126.9785701334498214_37.5702506615867833
2026-09-04T03:35:30.187978+09:00,종로·청계 관광특구,종로·청계 관광특구,POI006,KEY_3,1000001401,종로,1000008000,동아일보사,126.9777588281918099_37.5701340596360964,1000009002,세종대로사거리,126.9770959172438580_37.5701228829325231,59.0,18.0,서행,126.9770959172438580_37.5701228829325231|126.9777588281918099_37.5701340596360964
2026-09-04T03:35:30.187978+09:00,종로·청계 관광특구,종로·청계 관광특구,POI006,KEY_3,1000001402,종로,1000008803,광화문우체국,126.9784351192109852_37.5701413844145975,1000008000,동아일보사,126.9777588281918099_37.5701340596360964,60.0,18.0,서행,126.9777588281918099_37.5701340596360964|126.9779453713088060_37.5701372048683524|126.9784351192109852_37.5701413844145975
2026-09-04T03:35:30.187978+09:00,종로·청계 관광특구,종로·청계 관광특구,POI006,KEY_3,1000001403,종로,1000008608,종로구청입구교차로,126.9792446499360778_37.5701482878816435,1000008802,광화문우체국,126.9785715892256235_37.5701425486416056,59.0,10.0,정체,126.9785715892256235_37.5701425486416056|126.9792446499360778_37.5701482878816435
2026-09-04T03:35:30.187978+09:00,종로·청계 관광특구,종로·청계 관광특구,POI006,KEY_3,1000001501,종로,1000009801,종로3가사거리,126.9922000608216308_37.5704778715046643,1000010004,종묘공원,126.9937102608658108_37.5705569291297934,134.0,26.0,원활,126.9937102608658108_37.5705569291297934|126.9932582925197551_37.5705332710333550|126.9922000608216308_37.5704778715046643
2026-09-04T03:35:30.187978+09:00,종로·청계 관광특구,종로·청계 관광특구,POI006,KEY_3,1000001601,종로,1000161000,종로3가 45-4,126.9932672065188228_37.5704253845720260,1000009802,종로3가사거리,126.9922128288669825_37.5703701868235100,93.0,42.0,원활,126.9922128288669825_37.5703701868235100|126.9932672065188228_37.5704253845720260
2026-09-04T03:35:30.187978+09:00,종로·청계 관광특구,종로·청계 관광특구,POI006,KEY_3,1000001603,종로,1000010400,종로4가,126.9969798514767092_37.5706375452027856,1000010102,세운상가,126.9951427308156298_37.5705198714942412,163.0,48.0,원활,126.9951427308156298_37.5705198714942412|126.9958457643039083_37.5705598683717241|126.9963745621010816_37.5705960239034340|126.9965100719281992_37.5706053072005162|126.9969798514767092_37.5706375452027856
2026-09-04T03:35:30.187978+09:00,종로·청계 관광특구,종로·청계 관광특구,POI006,KEY_3,1000001605,종로,1000011003,종로4가사거리,126.9977066575793003_37.5706842868909874,1000010400,종로4가,126.9969798514767092_37.5706375452027856,64.0,35.0,원활,126.9969798514767092_37.5706375452027856|126.9977066575793003_37.5706842868909874
2026-09-04T03:35:30.187978+09:00,종로·청계 관광특구,종로·청계 관광특구,POI006,KEY_3,1000001801,종로,1000031300,종로4가,126.9985532581453924_37.5707449132439208,1000011002,종로4가사거리,126.9978420032838642_37.5706935232521886,63.0,20.0,서행,126.9978420032838642_37.5706935232521886|126.9985532581453924_37.5707449132439208
2026-09-04T03:35:30.187978+09:00,종로·청계 관광특구,종로·청계 관광특구,POI006,KEY_3,1000001802,종로,1000169300,종로4가 183,126.9992162622975655_37.5707928126224999,1000031300,종로4가,126.9985532581453924_37.5707449132439208,59.0,26.0,원활,126.9985532581453924_37.5707449132439208|126.9992162622975655_37.5707928126224999
2026-09-04T03:35:30.187978+09:00,종로·청계 관광특구,종로·청계 관광특구,POI006,KEY_3,1000002001,종로,1000245300,종로5가 82-1,127.0027233485987352_37.5709694752928485,1000011202,종로5가사거리,127.0019976949529052_37.5709492579211854,64.0,29.0,원활,127.0019976949529052_37.5709492579211854|127.0026822738535230_37.5709687051739039|127.0027233485987352_37.5709694752928485
2026-09-04T03:35:30.187978+09:00,종로·청계 관광특구,종로·청계 관광특구,POI006,KEY_3,1000002201,종로,1000176600,창신동 442-1,127.0108777515568477_37.5716621493242968,1000011702,흥인지문사거리,127.0091495968440398_37.5713227254486739,158.0,19.0,서행,127.0091495968440398_37.5713227254486739|127.0092723977128770_37.5713674394156811|127.0094846006979310_37.5714183224799285|127.0097878732437096_37.5714751424867188|127.0103298320711360_37.5715766797035471|127.0103586021919568_37.5715820697737044|127.0108233682804553_37.5716512389232733|127.0108777515568477_37.5716621493242968
2026-09-04T03:35:30.187978+09:00,종로·청계 관광특구,종로·청계 관광특구,POI006,KEY_3,1000002401,종로,1000203200,숭인동 282-1,127.0165578114239366_37.5732025866726858,1000014102,동묘앞역사거리,127.0157090127315769_37.5729851199764937,79.0,46.0,원활,127.0157090127315769_37.5729851199764937|127.0165578114239366_37.5732025866726858
2026-09-04T03:35:30.187978+09:00,종로·청계 관광특구,종로·청계 관광특구,POI006,KEY_3,1000002701,청계천로,1010032701,청계2가,126.9877539783027771_37.5682760807968279,1000006602,관수동 152-2,126.9894972350662528_37.5683104742400360,154.0,7.0,정체,126.9894972350662528_37.5683104742400360|126.9885265106382519_37.5682545626433182|126.9880976408843622_37.5682583350004933|126.9877539783027771_37.5682760807968279
2026-09-04T03:35:30.187978+09:00,종로·청계 관광특구,종로·청계 관광특구,POI006,KEY_3,1000002702,청계천로,1000006601,관수동 91-4,126.9896326598155412_37.5683193140372680,1000001602,청계3가사거리,126.9922843827072825_37.5685127633063871,235.0,19.0,서행,126.9922843827072825_37.5685127633063871|126.9896326598155412_37.5683193140372680
2026-09-04T03:35:30.187978+09:00,종로·청계 관광특구,종로·청계 관광특구,POI006,KEY_3,1000003001,청계천로,1010033701,광교사거리,126.9828472617604831_37.5690310653232729,1000006702,동광빌딩,126.9856496555834724_37.5685348675876654,254.0,29.0,원활,126.9856496555834724_37.5685348675876654|126.9845929724430675_37.5687445528897968|126.9830379501262456_37.5690132418433791|126.9828472617604831_37.5690310653232729
2026-09-04T03:35:30.187978+09:00,종로·청계 관광특구,종로·청계 관광특구,POI006,KEY_3,1000003002,청계천로,1000006701,동광빌딩,126.9857835455856332_37.5685053538768585,1010032702,청계2가,126.9876182832415594_37.5682809508841231,165.0,27.0,원활,126.9876182832415594_37.5682809508841231|126.9873100375229313_37.5682871695245453|126.9868524145434350_37.5683023760080914|126.9865577109127059_37.5683366707556416|126.9863804072084292_37.5683652570468496|126.9861647659198667_37.5684129099601307|126.9857835455856332_37.5685053538768585
2026-09-04T03:35:30.187978+09:00,종로·청계 관광특구,종로·청계 관광특구,POI006,KEY_3,1000003101,청계천로,1000001601,청계3가사거리,126.9924197004040280_37.5685221720677589,1000006802,세운교,126.9952943683145179_37.5687121004089306,255.0,15.0,서행,126.9952943683145179_37.5687121004089306|126.9924197004040280_37.5685221720677589
2026-09-04T03:35:30.187978+09:00,종로·청계 관광특구,종로·청계 관광특구,POI006,KEY_3,1000003102,청계천로,1000006802,세운교,126.9952943683145179_37.5687121004089306,1010034002,청계4가사거리,126.9978567741960518_37.5690141197168899,229.0,10.0,정체,126.9978567741960518_37.5690141197168899|126.9977196243080755_37.5689778939568413|126.9973817991979672_37.5689244876432014|126.9962389430763210_37.5687890515443357|126.9952943683145179_37.5687121004089306
2026-09-04T03:35:30.187978+09:00,종로·청계 관광특구,종로·청계 관광특구,POI006,KEY_3,1000003400,청계천로,1010034301,무교동사거리,126.9793440155466442_37.5692674718774171,1010033702,광교사거리,126.9827120922386285_37.5690419071249693,299.0,15.0,서행,126.9827120922386285_37.5690419071249693|126.9793440155466442_37.5692674718774171
2026-09-04T03:35:30.187978+09:00,종로·청계 관광특구,종로·청계 관광특구,POI006,KEY_3,1000003801,청계천로,1000031000,청계광장,126.9770921904126482_37.5694157550093379,1000007002,동아일보사,126.9783460265061024_37.5693222473721278,111.0,18.0,서행,126.9783460265061024_37.5693222473721278|126.9773834142662849_37.5693879956262435|126.9770921904126482_37.5694157550093379
2026-09-04T03:35:30.187978+09:00,종로·청계 관광특구,종로·청계 관광특구,POI006,KEY_3,1000003802,청계천로,1000007001,동아일보사,126.9784814758997982_37.5693140408546356,1010034302,무교동사거리,126.9792084451945726_37.5692755952973627,64.0,32.0,원활,126.9792084451945726_37.5692755952973627|126.9784814758997982_37.5693140408546356
2026-09-04T03:35:30.187978+09:00,종로·청계 관광특구,종로·청계 관광특구,POI006,KEY_3,1000003900,삼일대로,1000151000,관철동 268,126.9876175548289154_37.5696044234772373,1000008503,종로2가교차로,126.9876172549084856_37.5701493398525912,60.0,34.5,원활,126.9876172549084856_37.5701493398525912|126.9876175548289154_37.5696044234772373
2026-09-04T03:35:30.187978+09:00,종로·청계 관광특구,종로·청계 관광특구,POI006,KEY_3,1000004000,삼일대로,1000151100,종로2가 84-11,126.9877533452622771_37.5696044693991666,1010032701,청계2가,126.9877539783027771_37.5682760807968279,147.0,27.0,원활,126.9877539783027771_37.5682760807968279|126.9877537065576405_37.5688463253598712|126.9877535398068744_37.5691962384911236|126.9877533452622771_37.5696044693991666
2026-09-04T03:35:30.187978+09:00,종로·청계 관광특구,종로·청계 관광특구,POI006,KEY_3,1000004300,청계천로,1010034001,청계4가사거리,126.9979899258223242_37.5690487214556867,1010035002,청계5가,127.0019528507516640_37.5697976426441400,360.0,16.0,서행,127.0019528507516640_37.5697976426441400|127.0017358863905201_37.5697659409256488|127.0000347507350966_37.5694727355165128|126.9982497711816194_37.5691151390471632|126.9979899258223242_37.5690487214556867
2026-09-04T03:35:30.187978+09:00,종로·청계 관광특구,종로·청계 관광특구,POI006,KEY_3,1000004601,충무로,1000001601,청계3가사거리,126.9924197004040280_37.5685221720677589,1010032601,청계3가사거리,126.9924532079404145_37.5682271426007404,33.0,9.0,정체,126.9924532079404145_37.5682271426007404|126.9924197004040280_37.5685221720677589
2026-09-04T03:35:30.187978+09:00,종로·청계 관광특구,종로·청계 관광특구,POI006,KEY_3,1000004602,돈화문로,1000009802,종로3가사거리,126.9922128288669825_37.5703701868235100,1000001601,청계3가사거리,126.9924197004040280_37.5685221720677589,206.0,13.0,정체,126.9924197004040280_37.5685221720677589|126.9923429257738547_37.5692728725519558|126.9923404394218522_37.5692938442209439|126.9922128288669825_37.5703701868235100
2026-09-04T03:35:30.187978+09:00,종로·청계 관광특구,종로·청계 관광특구,POI006,KEY_3,1000004701,우정국로,1010033702,광교사거리,126.9827120922386285_37.5690419071249693,1000007200,종로1가,126.9827935302844111_37.5696197701673924,65.0,35.0,원활,126.9827935302844111_37.5696197701673924|126.9827458886658889_37.5693654356143227|126.9827120922386285_37.5690419071249693
2026-09-04T03:35:30.187978+09:00,종로·청계 관광특구,종로·청계 관광특구,POI006,KEY_3,1000004702,우정국로,1000007200,종로1가,126.9827935302844111_37.5696197701673924,1000008703,종로1가사거리,126.9828971865418197_37.5701731264087542,62.0,19.0,서행,126.9828971865418197_37.5701731264087542|126.9827935302844111_37.5696197701673924
2026-09-04T03:35:30.187978+09:00,종로·청계 관광특구,종로·청계 관광특구,POI006,KEY_3,1000004801,우정국로,1000007100,종로1가,126.9829278791696936_37.5696038258341787,1010033701,광교사거리,126.9828472617604831_37.5690310653232729,64.0,36.0,원활,126.9828472617604831_37.5690310653232729|126.9828808883077329_37.5693529710736058|126.9829278791696936_37.5696038258341787
2026-09-04T03:35:30.187978+09:00,종로·청계 관광특구,종로·청계 관광특구,POI006,KEY_3,1000004802,우정국로,1000008702,종로1가사거리,126.9830343185050481_37.5701720336345346,1000007100,종로1가,126.9829278791696936_37.5696038258341787,64.0,14.0,정체,126.9829278791696936_37.5696038258341787|126.9830343185050481_37.5701720336345346
2026-09-04T03:35:30.187978+09:00,종로·청계 관광특구,종로·청계 관광특구,POI006,KEY_3,1000005000,무교로,1000008607,종로구청입구교차로,126.9793805233784241_37.5701494116837509,1010034301,무교동사거리,126.9793440155466442_37.5692674718774171,98.0,28.0,원활,126.9793440155466442_37.5692674718774171|126.9793805233784241_37.5701494116837509
2026-09-04T03:35:30.187978+09:00,종로·청계 관광특구,종로·청계 관광특구,POI006,KEY_3,1000005301,청계천로,1010035001,청계5가,127.0020881246934152_37.5698075774404145,1000031402,버들다리(북측),127.0066778573984863_37.5698145407186601,405.0,20.0,서행,127.0066778573984863_37.5698145407186601|127.0020881246934152_37.5698075774404145
2026-09-04T03:35:30.187978+09:00,종로·청계 관광특구,종로·청계 관광특구,POI006,KEY_3,1000005302,청계천로,1000031401,버들다리(북측),127.0068104529230624_37.5697993350473567,1010035102,청계6가사거리,127.0096210652811237_37.5699440857354006,249.0,20.0,서행,127.0096210652811237_37.5699440857354006|127.0093543827214120_37.5699514872757661|127.0068104529230624_37.5697993350473567
2026-09-04T03:35:30.187978+09:00,종로·청계 관광특구,종로·청계 관광특구,POI006,KEY_3,1000005501,창경궁로,1010034002,청계4가사거리,126.9978567741960518_37.5690141197168899,1000009200,종로4가,126.9977510820364870_37.5702192149541574,134.0,44.0,원활,126.9977510820364870_37.5702192149541574|126.9977619635523922_37.5701052996103186|126.9977928254472488_37.5697501122231543|126.9978567741960518_37.5690141197168899
2026-09-04T03:35:30.187978+09:00,종로·청계 관광특구,종로·청계 관광특구,POI006,KEY_3,1000005502,창경궁로,1000009200,종로4가,126.9977510820364870_37.5702192149541574,1000011003,종로4가사거리,126.9977066575793003_37.5706842868909874,52.0,46.0,원활,126.9977066575793003_37.5706842868909874|126.9977510820364870_37.5702192149541574
2026-09-04T03:35:30.187978+09:00,종로·청계 관광특구,종로·청계 관광특구,POI006,KEY_3,1000005700,청계천로,1000256400,최소노드배치점,127.0127816976351198_37.5699685404101658,1010035202,청계7가사거리,127.0158040936899226_37.5700110354399825,267.0,14.0,정체,127.0158040936899226_37.5700110354399825|127.0155094115753371_37.5699917344054910|127.0127816976351198_37.5699685404101658
2026-09-04T03:35:30.187978+09:00,종로·청계 관광특구,종로·청계 관광특구,POI006,KEY_3,1000005900,동호로,1000080900,종로5가 194-1,127.0019049283621939_37.5704023856927236,1000011203,종로5가사거리,127.0018619903622010_37.5709442212742246,60.0,14.0,정체,127.0018619903622010_37.5709442212742246|127.0019049283621939_37.5704023856927236
2026-09-04T03:35:30.187978+09:00,종로·청계 관광특구,종로·청계 관광특구,POI006,KEY_3,1000006000,동호로,1000081000,종로5가 194-1,127.0020404728760326_37.5704091886523841,1010035001,청계5가,127.0020881246934152_37.5698075774404145,67.0,14.0,정체,127.0020881246934152_37.5698075774404145|127.0020404728760326_37.5704091886523841
2026-09-04T03:35:30.187978+09:00,종로·청계 관광특구,종로·청계 관광특구,POI006,KEY_3,1000006101,율곡로,1010035102,청계6가사거리,127.0096210652811237_37.5699440857354006,1000009900,흥인지문,127.0093873462230221_37.5706631809010148,83.0,5.0,정체,127.0093873462230221_37.5706631809010148|127.0094292652047443_37.5705741772424844|127.0094975291804218_37.5704036160553798|127.0095564087739035_37.5702141995526446|127.0096210652811237_37.5699440857354006
2026-09-04T03:35:30.187978+09:00,종로·청계 관광특구,종로·청계 관광특구,POI006,KEY_3,1000006102,율곡로,1000009900,흥인지문,127.0093873462230221_37.5706631809010148,1000011703,흥인지문사거리,127.0090256024343631_37.5712778950010033,75.0,13.0,정체,127.0090256024343631_37.5712778950010033|127.0091075737013711_37.5711579258072774|127.0092355138361029_37.5709579814170240|127.0093370098156385_37.5707700537480775|127.0093873462230221_37.5706631809010148
2026-09-04T03:35:30.187978+09:00,종로·청계 관광특구,종로·청계 관광특구,POI006,KEY_3,1000006200,율곡로,1000011702,흥인지문사거리,127.0091495968440398_37.5713227254486739,1010035101,청계6가사거리,127.0097583244985060_37.5699427587399839,163.0,17.0,서행,127.0097583244985060_37.5699427587399839|127.0096891857815962_37.5702372118649492|127.0096283139498468_37.5704330409796157|127.0095576557767316_37.5706095859452489|127.0095145373694692_37.5707011341562094|127.0094630728513749_37.5708104028937200|127.0093585611355422_37.5710039143764831|127.0092277816811901_37.5712082974230555|127.0091495968440398_37.5713227254486739
2026-09-04T03:35:30.187978+09:00,종로·청계 관광특구,종로·청계 관광특구,POI006,KEY_3,1000006702,종로3길,1000008609,종로구청입구교차로,126.9792481536049564_37.5702564438606927,1000008604,KT광화문빌딩East,126.9792392182412755_37.5711995824609417,105.0,8.0,정체,126.9792392182412755_37.5711995824609417|126.9792562098357678_37.5705013662105856|126.9792481536049564_37.5702564438606927
2026-09-04T03:35:30.187978+09:00,종로·청계 관광특구,종로·청계 관광특구,POI006,KEY_3,1000006801,종로3길,1000008603,KT광화문빌딩East,126.9793750304311573_37.5712016763059680,1000008606,종로구청입구교차로,126.9793844377634713_37.5702575676490582,105.0,25.0,원활,126.9793844377634713_37.5702575676490582|126.9793920781041692_37.5705010629446505|126.9793750304311573_37.5712016763059680
2026-09-04T03:35:30.187978+09:00,종로·청계 관광특구,종로·청계 관광특구,POI006,KEY_3,1000007100,돈화문로,1000145800,묘동 20-5,126.9916684242814142_37.5719817889873724,1000013303,묘동사거리,126.9914801613035706_37.5725495704926047,65.0,21.0,서행,126.9914801613035706_37.5725495704926047|126.9916684242814142_37.5719817889873724
2026-09-04T03:35:30.187978+09:00,종로·청계 관광특구,종로·청계 관광특구,POI006,KEY_3,1000007200,돈화문로,1000059400,묘동 20-5,126.9921535095209890_37.5708464956724839,1000009801,종로3가사거리,126.9922000608216308_37.5704778715046643,41.0,17.0,서행,126.9922000608216308_37.5704778715046643|126.9921602362403092_37.5708137185849509|126.9921535095209890_37.5708464956724839
2026-09-04T03:35:30.187978+09:00,종로·청계 관광특구,종로·청계 관광특구,POI006,KEY_3,1000022600,수표로,1000108100,관수동 14-2,126.9894314284546084_37.5692594329428573,1000009403,육의전박물관,126.9893641825799904_37.5702291213036688,108.0,10.0,정체,126.9893641825799904_37.5702291213036688|126.9894314284546084_37.5692594329428573
2026-09-04T03:35:30.187978+09:00,종로·청계 관광특구,종로·청계 관광특구,POI006,KEY_3,1000022700,수표로,1000108200,관수동 137-1,126.9895670546993642_37.5692653917909638,1000006601,관수동 91-4,126.9896326598155412_37.5683193140372680,105.0,13.0,정체,126.9896326598155412_37.5683193140372680|126.9895670546993642_37.5692653917909638
2026-09-04T03:35:30.187978+09:00,종로·청계 관광특구,종로·청계 관광특구,POI006,KEY_3,1000023500,종로,1000007002,동아일보사,126.9783460265061024_37.5693222473721278,1000008803,광화문우체국,126.9784351192109852_37.5701413844145975,91.0,20.0,서행,126.9784351192109852_37.5701413844145975|126.9783460265061024_37.5693222473721278
2026-09-04T03:35:30.187978+09:00,종로·청계 관광특구,종로·청계 관광특구,POI006,KEY_3,1000023600,종로,1000007200,종로1가,126.9827935302844111_37.5696197701673924,1000007700,종로1가,126.9822109960776402_37.5701758601934444,90.0,21.0,서행,126.9822109960776402_37.5701758601934444|126.9823538247533747_37.5701681727122576|126.9825335459648414_37.5700690295792086|126.9826437791460876_37.5699908547526107|126.9827324536877029_37.5698897904859521|126.9827899849345840_37.5697677437382040|126.9827935302844111_37.5696197701673924
2026-09-04T03:35:30.187978+09:00,종로·청계 관광특구,종로·청계 관광특구,POI006,KEY_3,1000023700,종로,1000007800,종로1가,126.9837094850009294_37.5701682846705296,1000007100,종로1가,126.9829278791696936_37.5696038258341787,103.0,29.0,원활,126.9829278791696936_37.5696038258341787|126.9830032097695494_37.5698402452960423|126.9830990215400703_37.5699604067910897|126.9831924475550267_37.5700347972999680|126.9833242130892046_37.5700939366007987|126.9834847309357855_37.5701511723724835|126.9837094850009294_37.5701682846705296
2026-09-04T03:35:30.187978+09:00,종로·청계 관광특구,종로·청계 관광특구,POI006,KEY_3,1000023900,종로,1000008000,동아일보사,126.9777588281918099_37.5701340596360964,1000007400,청계천광장,126.9770893091757529_37.5695834801641908,91.0,5.0,정체,126.9770893091757529_37.5695834801641908|126.9770963075021939_37.5696479702720865|126.9772094321437663_37.5697743360528662|126.9773459521211265_37.5699388507560457|126.9774735034476549_37.5700533015790512|126.9775723207871607_37.5701062430602590|126.9777588281918099_37.5701340596360964
2026-09-04T03:35:30.187978+09:00,종로·청계 관광특구,종로·청계 관광특구,POI006,KEY_3,1000024200,종로40길,1000056800,종로6가 94-1,127.0066606069363075_37.5704117265212076,1000011403,종로6가,127.0066422217709032_37.5710481835517882,71.0,6.0,정체,127.0066422217709032_37.5710481835517882|127.0066606069363075_37.5704117265212076
2026-09-04T03:35:30.187978+09:00,종로·청계 관광특구,종로·청계 관광특구,POI006,KEY_3,1000024600,종로,1000009200,종로4가,126.9977510820364870_37.5702192149541574,1000010400,종로4가,126.9969798514767092_37.5706375452027856,82.0,20.0,서행,126.9969798514767092_37.5706375452027856|126.9977510820364870_37.5702192149541574
2026-09-04T03:35:30.187978+09:00,종로·청계 관광특구,종로·청계 관광특구,POI006,KEY_3,1000025300,종로,1000009900,흥인지문,127.0093873462230221_37.5706631809010148,1000011300,동대문역10번출구,127.0080672314708750_37.5710785300975587,130.0,18.0,서행,127.0080672314708750_37.5710785300975587|127.0085333891818209_37.5710486383400308|127.0087654958763324_37.5709979628760777|127.0089601650943791_37.5709413315209986|127.0091211384305581_37.5708727822850008|127.0093873462230221_37.5706631809010148
2026-09-04T03:35:30.187978+09:00,종로·청계 관광특구,종로·청계 관광특구,POI006,KEY_3,1000028300,서순라길,1000179700,묘동 164-2,126.9918986546224602_37.5725528238137017,1000013302,묘동사거리,126.9916200024151749_37.5725515277908357,25.0,12.0,정체,126.9916200024151749_37.5725515277908357|126.9918986546224602_37.5725528238137017
2026-09-04T03:35:30.187978+09:00,종로·청계 관광특구,종로·청계 관광특구,POI006,KEY_3,1000044900,종로,1000031300,종로4가,126.9985532581453924_37.5707449132439208,1000031200,종로4가,126.9978863472252044_37.5702292896807890,82.0,18.0,서행,126.9978863472252044_37.5702292896807890|126.9985532581453924_37.5707449132439208
2026-09-04T03:35:30.187978+09:00,종로·청계 관광특구,종로·청계 관광특구,POI006,KEY_3,1000047200,지봉로,1000074500,창신동 397-6,127.0157169552058747_37.5712846872494310,1000014103,동묘앞역사거리,127.0155780893531698_37.5729481588667227,185.0,13.0,정체,127.0155780893531698_37.5729481588667227|127.0156159971831329_37.5727174560925832|127.0156606543816764_37.5720471206749451|127.0156947959210640_37.5715847731665988|127.0157169552058747_37.5712846872494310
2026-09-04T03:35:30.187978+09:00,종로·청계 관광특구,종로·청계 관광특구,POI006,KEY_3,1010016504,삼일대로,1010032102,청계2가교차로,126.9875991297301567_37.5679809831949356,1010032702,청계2가,126.9876182832415594_37.5682809508841231,33.0,10.0,정체,126.9876182832415594_37.5682809508841231|126.9875991297301567_37.5679809831949356
2026-09-04T03:35:30.187978+09:00,종로·청계 관광특구,종로·청계 관광특구,POI006,KEY_3,1010016603,삼일대로,1010032701,청계2가,126.9877539783027771_37.5682760807968279,1010032101,청계2가교차로,126.9877349955711310_37.5679787776906622,33.0,42.0,원활,126.9877349955711310_37.5679787776906622|126.9877539783027771_37.5682760807968279
2026-09-04T03:35:30.187978+09:00,종로·청계 관광특구,종로·청계 관광특구,POI006,KEY_3,1010016903,우정국로,1010033402,광교교차로,126.9826972926992426_37.5687326607183465,1010033702,광교사거리,126.9827120922386285_37.5690419071249693,34.0,7.0,정체,126.9827120922386285_37.5690419071249693|126.9826972926992426_37.5687326607183465
2026-09-04T03:35:30.187978+09:00,종로·청계 관광특구,종로·청계 관광특구,POI006,KEY_3,1010017003,우정국로,1010033701,광교사거리,126.9828472617604831_37.5690310653232729,1010033401,광교교차로,126.9828323504512895_37.5687142869809634,35.0,22.0,서행,126.9828323504512895_37.5687142869809634|126.9828472617604831_37.5690310653232729
2026-09-04T03:35:30.187978+09:00,종로·청계 관광특구,종로·청계 관광특구,POI006,KEY_3,1010017103,창경궁로,1010033502,청계4가사거리,126.9978802454382389_37.5687215808426274,1010034002,청계4가사거리,126.9978567741960518_37.5690141197168899,33.0,28.0,원활,126.9978567741960518_37.5690141197168899|126.9978802454382389_37.5687215808426274
2026-09-04T03:35:30.187978+09:00,종로·청계 관광특구,종로·청계 관광특구,POI006,KEY_3,1010017305,율곡로,1010034702,청계6가사거리,127.0096736759349909_37.5696339498216076,1010035102,청계6가사거리,127.0096210652811237_37.5699440857354006,35.0,11.0,정체,127.0096210652811237_37.5699440857354006|127.0096736759349909_37.5696339498216076
2026-09-04T03:35:30.187978+09:00,종로·청계 관광특구,종로·청계 관광특구,POI006,KEY_3,1010017406,율곡로,1010035101,청계6가사거리,127.0097583244985060_37.5699427587399839,1010034701,청계6가사거리,127.0098099727011487_37.5696292980751281,35.0,29.0,원활,127.0098099727011487_37.5696292980751281|127.0097583244985060_37.5699427587399839
2026-09-04T03:35:30.187978+09:00,종로·청계 관광특구,종로·청계 관광특구,POI006,KEY_3,1010017602,무교로,1010034301,무교동사거리,126.9793440155466442_37.5692674718774171,1010034101,무교동사거리,126.9793610650683036_37.5689718470786644,33.0,17.0,서행,126.9793610650683036_37.5689718470786644|126.9793440155466442_37.5692674718774171
2026-09-04T03:35:30.187978+09:00,종로·청계 관광특구,종로·청계 관광특구,POI006,KEY_3,1010018304,동호로,1010034602,청계5가교차로,127.0019837396539657_37.5694814402428676,1010035002,청계5가,127.0019528507516640_37.5697976426441400,35.0,15.0,서행,127.0019528507516640_37.5697976426441400|127.0019837396539657_37.5694814402428676
2026-09-04T03:35:30.187978+09:00,종로·청계 관광특구,종로·청계 관광특구,POI006,KEY_3,1010018404,동호로,1010035001,청계5가,127.0020881246934152_37.5698075774404145,1010034601,청계5가교차로,127.0021191180861280_37.5694902995239062,35.0,8.0,정체,127.0021191180861280_37.5694902995239062|127.0020881246934152_37.5698075774404145
2026-09-04T03:35:30.187978+09:00,홍대 관광특구,홍대 관광특구,POI007,KEY_4,1120004701,연희로,1130001804,동교동삼거리,126.9268950567400083_37.5587611086849407,1130032500,동교동삼거리,126.9265306057119460_37.5594558524399389,84.0,6.0,정체,126.9265306057119460_37.5594558524399389|126.9265681925086255_37.5592771793147833|126.9266988610016114_37.5590497894311639|126.9268950567400083_37.5587611086849407
2026-09-04T03:35:30.187978+09:00,홍대 관광특구,홍대 관광특구,POI007,KEY_4,1130001505,양화로,1130052000,합정역8번출구,126.9125610162048474_37.5489924297706352,1130021604,합정역교차로,126.9133271355590011_37.5492481379057494,74.0,39.7,원활,126.9133271355590011_37.5492481379057494|126.9131511937065824_37.5491581588815038|126.9128784491420845_37.5490701385518264|126.9125610162048474_37.5489924297706352
2026-09-04T03:35:30.187978+09:00,홍대 관광특구,홍대 관광특구,POI007,KEY_4,1130001606,양화로,1130021603,합정역교차로,126.9133979744090510_37.5491558635704337,1130021800,합정역8번출구,126.9126009251802998_37.5488890850710817,77.0,4.0,정체,126.9126009251802998_37.5488890850710817|126.9129239950553085_37.5489681728266333|126.9132139348755288_37.5490617432278029|126.9133979744090510_37.5491558635704337
2026-09-04T03:35:30.187978+09:00,홍대 관광특구,홍대 관광특구,POI007,KEY_4,1130002101,양화로,1130021601,합정역교차로,126.9134396891751067_37.5493101529960995,1130022800,합정역(서울2호선),126.9139380043217500_37.5496171809286139,56.0,10.0,정체,126.9139380043217500_37.5496171809286139|126.9138232146117105_37.5495337692831868|126.9134396891751067_37.5493101529960995
2026-09-04T03:35:30.187978+09:00,홍대 관광특구,홍대 관광특구,POI007,KEY_4,1130002102,양화로,1130022800,합정역(서울2호선),126.9139380043217500_37.5496171809286139,1130024304,누아갤러리,126.9154925570157388_37.5507467776258252,186.0,34.0,원활,126.9154925570157388_37.5507467776258252|126.9142500058633658_37.5498438974214181|126.9139380043217500_37.5496171809286139
2026-09-04T03:35:30.187978+09:00,홍대 관광특구,홍대 관광특구,POI007,KEY_4,1130002103,양화로,1130061000,서교동 427,126.9167660297625986_37.5517097625194793,1130025604,서교동사거리,126.9181132815169946_37.5527298448976765,164.0,45.0,원활,126.9181132815169946_37.5527298448976765|126.9171655098772931_37.5520122365821649|126.9167660297625986_37.5517097625194793
2026-09-04T03:35:30.187978+09:00,홍대 관광특구,홍대 관광특구,POI007,KEY_4,1130002201,양화로,1130022400,합정역5번출구,126.9140295476794051_37.5495373218593258,1130021602,합정역교차로,126.9135099145764940_37.5492170875193594,58.0,17.0,서행,126.9135099145764940_37.5492170875193594|126.9139093521257280_37.5494499807109747|126.9140295476794051_37.5495373218593258
2026-09-04T03:35:30.187978+09:00,홍대 관광특구,홍대 관광특구,POI007,KEY_4,1130002202,양화로,1130073600,합정동 402,126.9143415490859326_37.5497640377180701,1130022400,합정역5번출구,126.9140295476794051_37.5495373218593258,37.0,15.0,서행,126.9140295476794051_37.5495373218593258|126.9143415490859326_37.5497640377180701
2026-09-04T03:35:30.187978+09:00,홍대 관광특구,홍대 관광특구,POI007,KEY_4,1130002501,양화로,1130025601,서교동사거리,126.9182122864217916_37.5528038522271572,1130025904,서교동 427,126.9197888664365763_37.5539674961994976,190.0,9.0,정체,126.9197888664365763_37.5539674961994976|126.9185449616588812_37.5530493983241485|126.9182122864217916_37.5528038522271572
2026-09-04T03:35:30.187978+09:00,홍대 관광특구,홍대 관광특구,POI007,KEY_4,1130002502,양화로,1130025901,서교동 427,126.9198881225875368_37.5540412931764607,1130027404,홍대입구역앞교차로,126.9214584654919236_37.5552173006732275,190.0,14.0,정체,126.9214584654919236_37.5552173006732275|126.9198881225875368_37.5540412931764607
2026-09-04T03:35:30.187978+09:00,홍대 관광특구,홍대 관광특구,POI007,KEY_4,1130003701,양화로,1130273800,동교동 155-55,126.9227158165769538_37.5561519142828715,1130030004,홍대입구역(서울2호선),126.9240038282710827_37.5571089892898087,156.0,23.0,서행,126.9240038282710827_37.5571089892898087|126.9227158165769538_37.5561519142828715
2026-09-04T03:35:30.187978+09:00,홍대 관광특구,홍대 관광특구,POI007,KEY_4,1130003702,양화로,1130030001,홍대입구역(서울2호선),126.9241024975835899_37.5571832879291989,1130031303,대성카센터,126.9247680509792247_37.5576912738708160,81.0,12.0,정체,126.9247680509792247_37.5576912738708160|126.9241024975835899_37.5571832879291989
2026-09-04T03:35:30.187978+09:00,홍대 관광특구,홍대 관광특구,POI007,KEY_4,1130003703,양화로,1130260400,동교동 155-54,126.9256281988244410_37.5583324442910680,1130032300,동교동삼거리,126.9260758648074869_37.5586455831952080,53.0,16.0,서행,126.9260758648074869_37.5586455831952080|126.9259516460622734_37.5585781495251254|126.9256756439668692_37.5583677527849815|126.9256281988244410_37.5583324442910680
2026-09-04T03:35:30.187978+09:00,홍대 관광특구,홍대 관광특구,POI007,KEY_4,1130003704,양화로,1130032300,동교동삼거리,126.9260758648074869_37.5586455831952080,1130001804,동교동삼거리,126.9268950567400083_37.5587611086849407,75.0,42.0,원활,126.9268950567400083_37.5587611086849407|126.9268455311802200_37.5587689621708094|126.9267020111609838_37.5587790282963496|126.9265461121104579_37.5587713324019461|126.9263918168373806_37.5587486717422934|126.9262198315530981_37.5587079879979058|126.9260758648074869_37.5586455831952080
2026-09-04T03:35:30.187978+09:00,홍대 관광특구,홍대 관광특구,POI007,KEY_4,1130012504,독막로,1130052100,합정역7번출구,126.9140173730645671_37.5487741682980598,1130021603,합정역교차로,126.9133979744090510_37.5491558635704337,71.0,28.0,원활,126.9133979744090510_37.5491558635704337|126.9135406193636584_37.5489949395947065|126.9136811129909290_37.5488909851792201|126.9137974866256258_37.5488341856604748|126.9139631942102255_37.5487857147723645|126.9140173730645671_37.5487741682980598
2026-09-04T03:35:30.187978+09:00,홍대 관광특구,홍대 관광특구,POI007,KEY_4,1130012601,독막로,1130021602,합정역교차로,126.9135099145764940_37.5492170875193594,1130021400,합정역6번출구,126.9140524865152884_37.5488786114665416,63.0,11.0,정체,126.9140524865152884_37.5488786114665416|126.9140042501253305_37.5488888909759595|126.9138569670299148_37.5489319720761685|126.9137636338956270_37.5489775269032293|126.9136434160954963_37.5490664775041694|126.9135099145764940_37.5492170875193594
2026-09-04T03:35:30.187978+09:00,홍대 관광특구,홍대 관광특구,POI007,KEY_4,1130012604,독막로,1130181200,상수동 309-18,126.9218696837411784_37.5478321154183874,1130004604,상수역앞교차로,126.9229254474764872_37.5478016570923359,93.0,25.0,원활,126.9229254474764872_37.5478016570923359|126.9218696837411784_37.5478321154183874
2026-09-04T03:35:30.187978+09:00,홍대 관광특구,홍대 관광특구,POI007,KEY_4,1130013100,와우산로,1130124200,서교동 406,126.9229920019003544_37.5501657824683832,1130005003,서교동 406,126.9230055961275383_37.5506651939424145,55.0,11.0,정체,126.9230055961275383_37.5506651939424145|126.9229920019003544_37.5501657824683832
2026-09-04T03:35:30.187978+09:00,홍대 관광특구,홍대 관광특구,POI007,KEY_4,1130013701,잔다리로,1130005003,서교동 406,126.9230055961275383_37.5506651939424145,1130024402,태성빌딩,126.9212984594291243_37.5507136993635982,151.0,4.0,정체,126.9212984594291243_37.5507136993635982|126.9217266238917006_37.5507015361146728|126.9221144105031556_37.5506905185719049|126.9230055961275383_37.5506651939424145
2026-09-04T03:35:30.187978+09:00,홍대 관광특구,홍대 관광특구,POI007,KEY_4,1130013702,잔다리로,1130190600,서교동 427,126.9189825850368720_37.5519723209559828,1130025603,서교동사거리,126.9182053202966358_37.5526503262188740,102.0,5.0,정체,126.9182053202966358_37.5526503262188740|126.9189825850368720_37.5519723209559828
2026-09-04T03:35:30.187978+09:00,홍대 관광특구,홍대 관광특구,POI007,KEY_4,1130013801,잔다리로,1130191400,서교동 406,126.9221192536904113_37.5507985694623727,1130005004,서교동 406,126.9230243233857180_37.5507728502407474,80.0,5.0,정체,126.9230243233857180_37.5507728502407474|126.9221192536904113_37.5507985694623727
2026-09-04T03:35:30.187978+09:00,홍대 관광특구,홍대 관광특구,POI007,KEY_4,1130013802,잔다리로,1130078500,서교동 427,126.9207065337273690_37.5508354595409060,1130024404,태성빌딩,126.9211838126956309_37.5508247851285262,42.0,9.0,정체,126.9211838126956309_37.5508247851285262|126.9207065337273690_37.5508354595409060
2026-09-04T03:35:30.187978+09:00,홍대 관광특구,홍대 관광특구,POI007,KEY_4,1130014101,월드컵로,1130021604,합정역교차로,126.9133271355590011_37.5492481379057494,1130022900,합정역9번출구,126.9130418149968449_37.5497885897765329,65.0,7.0,정체,126.9130418149968449_37.5497885897765329|126.9130982247336163_37.5496351327381603|126.9132269055929783_37.5494015408536583|126.9133271355590011_37.5492481379057494
2026-09-04T03:35:30.187978+09:00,홍대 관광특구,홍대 관광특구,POI007,KEY_4,1130014102,월드컵로,1130135600,합정동 402,126.9128188401226964_37.5505027227293695,1130025203,합정동주민센터,126.9124127492584506_37.5518459734548173,153.0,17.0,서행,126.9124127492584506_37.5518459734548173|126.9128188401226964_37.5505027227293695
2026-09-04T03:35:30.187978+09:00,홍대 관광특구,홍대 관광특구,POI007,KEY_4,1130014103,월드컵로,1130076100,합정동 426-38,126.9121437730441926_37.5527273387387908,1130026004,성산초교앞교차로,126.9116840665830637_37.5541751613641424,166.0,15.0,서행,126.9116840665830637_37.5541751613641424|126.9117399457097122_37.5540497782302225|126.9121437730441926_37.5527273387387908
2026-09-04T03:35:30.187978+09:00,홍대 관광특구,홍대 관광특구,POI007,KEY_4,1130014201,월드컵로,1130023000,합정역9번출구,126.9131721455813278_37.5498189592265703,1130021601,합정역교차로,126.9134396891751067_37.5493101529960995,61.0,39.0,원활,126.9134396891751067_37.5493101529960995|126.9133494569869924_37.5494482548088371|126.9132260984452927_37.5496721848271662|126.9131721455813278_37.5498189592265703
2026-09-04T03:35:30.187978+09:00,홍대 관광특구,홍대 관광특구,POI007,KEY_4,1130014202,월드컵로,1130025202,합정동주민센터,126.9125490838489583_37.5518570392708213,1130023000,합정역9번출구,126.9131721455813278_37.5498189592265703,233.0,18.0,서행,126.9131721455813278_37.5498189592265703|126.9131331753272036_37.5499249762533154|126.9129508683919170_37.5505280238880061|126.9125490838489583_37.5518570392708213
2026-09-04T03:35:30.187978+09:00,홍대 관광특구,홍대 관광특구,POI007,KEY_4,1130014203,월드컵로,1130076000,서교동 419-2,126.9122757323099222_37.5527528799291730,1130025201,합정동주민센터,126.9125164449968679_37.5519645743570578,90.0,20.0,서행,126.9125164449968679_37.5519645743570578|126.9124004277404225_37.5523445193010375|126.9122757323099222_37.5527528799291730
2026-09-04T03:35:30.187978+09:00,홍대 관광특구,홍대 관광특구,POI007,KEY_4,1130014501,와우산로,1130065900,서교동 406,126.9239983822778584_37.5526642779511519,1130005305,홍익대앞교차로,126.9241709727699146_37.5528566898356004,26.0,4.0,정체,126.9241709727699146_37.5528566898356004|126.9239983822778584_37.5526642779511519
2026-09-04T03:35:30.187978+09:00,홍대 관광특구,홍대 관광특구,POI007,KEY_4,1130014601,와우산로,1130162700,서교동 406,126.9235886681274508_37.5519414149815205,1130005001,서교동 406,126.9231548424966718_37.5507429936340600,138.0,10.0,정체,126.9231548424966718_37.5507429936340600|126.9232862425119350_37.5511071096942004|126.9235840742390167_37.5519324027044945|126.9235886681274508_37.5519414149815205
2026-09-04T03:35:30.187978+09:00,홍대 관광특구,홍대 관광특구,POI007,KEY_4,1130015300,와우산로,1130068000,서교동 349,126.9297333719006673_37.5544875636568065,1130026604,서교동 349,126.9300858883580219_37.5547938010427984,46.0,21.0,서행,126.9300858883580219_37.5547938010427984|126.9299834944231549_37.5546849402940452|126.9298766861657981_37.5545928751440101|126.9297661535598110_37.5545093833760149|126.9297333719006673_37.5544875636568065
2026-09-04T03:35:30.187978+09:00,홍대 관광특구,홍대 관광특구,POI007,KEY_4,1130015701,잔다리로,1130168500,서교동 427,126.9177057214150892_37.5530785078530158,1130025803,경북신문서울지사,126.9168794495548838_37.5537853595123963,107.0,36.0,원활,126.9168794495548838_37.5537853595123963|126.9177057214150892_37.5530785078530158
2026-09-04T03:35:30.187978+09:00,홍대 관광특구,홍대 관광특구,POI007,KEY_4,1130015702,잔다리로,1130025804,경북신문서울지사,126.9167794658698938_37.5538677598341195,1130027103,마포신문사,126.9157323354683768_37.5548803576989911,146.0,38.0,원활,126.9157323354683768_37.5548803576989911|126.9160958931614829_37.5544314008575242|126.9162129074296530_37.5543260095726907|126.9167794658698938_37.5538677598341195
2026-09-04T03:35:30.187978+09:00,홍대 관광특구,홍대 관광특구,POI007,KEY_4,1130015801,잔다리로,1130168600,서교동 427,126.9178051349914114_37.5531521659568099,1130025601,서교동사거리,126.9182122864217916_37.5528038522271572,53.0,33.0,원활,126.9182122864217916_37.5528038522271572|126.9178051349914114_37.5531521659568099
2026-09-04T03:35:30.187978+09:00,홍대 관광특구,홍대 관광특구,POI007,KEY_4,1130015802,잔다리로,1130027102,마포신문사,126.9158737035807434_37.5549053205329528,1130025801,경북신문서울지사,126.9169099970482506_37.5539163098363460,144.0,33.0,원활,126.9169099970482506_37.5539163098363460|126.9163122473365917_37.5543997888327326|126.9162044591175942_37.5544968696544146|126.9158737035807434_37.5549053205329528
2026-09-04T03:35:30.187978+09:00,홍대 관광특구,홍대 관광특구,POI007,KEY_4,1130015901,홍익로,1130154700,서교동 427,126.9220359643673390_37.5546826076917313,1130027403,홍대입구역앞교차로,126.9215460181029016_37.5551344303407504,66.0,14.0,정체,126.9215460181029016_37.5551344303407504|126.9217237952683917_37.5549495724854268|126.9220359643673390_37.5546826076917313
2026-09-04T03:35:30.187978+09:00,홍대 관광특구,홍대 관광특구,POI007,KEY_4,1130015902,홍익로,1130109300,서교동 406,126.9231648679629956_37.5537171543489379,1130005308,서교푸르지오아파트,126.9225993071129750_37.5542008340247122,73.0,13.0,정체,126.9225993071129750_37.5542008340247122|126.9228527697001851_37.5539840685397763|126.9231648679629956_37.5537171543489379
2026-09-04T03:35:30.187978+09:00,홍대 관광특구,홍대 관광특구,POI007,KEY_4,1130016001,홍익로,1130091300,서교동 349,126.9229521707389097_37.5540577381318670,1130005302,홍익대앞교차로,126.9242716262433675_37.5529292870087730,171.0,8.5,정체,126.9242716262433675_37.5529292870087730|126.9241239492523050_37.5530555887153952|126.9240033040959332_37.5531587708137664|126.9232642689553643_37.5537908236815881|126.9229521707389097_37.5540577381318670
2026-09-04T03:35:30.187978+09:00,홍대 관광특구,홍대 관광특구,POI007,KEY_4,1130016002,홍익로,1130119400,동교동 155-55,126.9224863431878845_37.5544561207342085,1130005306,속성변화점,126.9226010481489340_37.5543580239452197,15.0,8.0,정체,126.9226010481489340_37.5543580239452197|126.9224863431878845_37.5544561207342085
2026-09-04T03:35:30.187978+09:00,홍대 관광특구,홍대 관광특구,POI007,KEY_4,1130016601,동교로,1130112700,서교동 480-4,126.9128544885335685_37.5543811077444118,1130026003,성산초교앞교차로,126.9118165724208609_37.5542011783164611,94.0,30.0,원활,126.9118165724208609_37.5542011783164611|126.9128544885335685_37.5543811077444118
2026-09-04T03:35:30.187978+09:00,홍대 관광특구,홍대 관광특구,POI007,KEY_4,1130016602,동교로,1130027103,마포신문사,126.9157323354683768_37.5548803576989911,1130026802,서교동주민센터,126.9151918884149666_37.5547863283070740,49.0,36.0,원활,126.9151918884149666_37.5547863283070740|126.9157323354683768_37.5548803576989911
2026-09-04T03:35:30.187978+09:00,홍대 관광특구,홍대 관광특구,POI007,KEY_4,1130016801,동교로,1130082800,서교동 461-6,126.9164678276881233_37.5550109832930517,1130027102,마포신문사,126.9158737035807434_37.5549053205329528,54.0,39.0,원활,126.9158737035807434_37.5549053205329528|126.9164678276881233_37.5550109832930517
2026-09-04T03:35:30.187978+09:00,홍대 관광특구,홍대 관광특구,POI007,KEY_4,1130016802,동교로,1130241800,서교동 461-6,126.9185671453848556_37.5553757191433064,1130027702,서교동 461-6,126.9179996526103480_37.5552825577389129,51.0,26.0,원활,126.9179996526103480_37.5552825577389129|126.9185671453848556_37.5553757191433064
2026-09-04T03:35:30.187978+09:00,홍대 관광특구,홍대 관광특구,POI007,KEY_4,1130016900,월드컵북로,1130267400,서교동 427,126.9210494203991146_37.5555664569088208,1130028603,롯데호텔L7(홍대),126.9205661479972775_37.5559789666732442,63.0,22.0,서행,126.9205661479972775_37.5559789666732442|126.9210494203991146_37.5555664569088208
2026-09-04T03:35:30.187978+09:00,홍대 관광특구,홍대 관광특구,POI007,KEY_4,1130017000,월드컵북로,1130267500,동교동 155-55,126.9211487362349544_37.5556402014086004,1130027401,홍대입구역앞교차로,126.9215575669487777_37.5552912277757187,53.0,27.0,원활,126.9215575669487777_37.5552912277757187|126.9211487362349544_37.5556402014086004
2026-09-04T03:35:30.187978+09:00,홍대 관광특구,홍대 관광특구,POI007,KEY_4,1130017300,와우산로,1130279000,동교동 191-3,126.9313970925375656_37.5566259879880349,1130029803,창천동삼거리,126.9316137471090968_37.5569253206561484,38.0,18.0,서행,126.9316137471090968_37.5569253206561484|126.9313970925375656_37.5566259879880349
2026-09-04T03:35:30.187978+09:00,홍대 관광특구,홍대 관광특구,POI007,KEY_4,1130017600,월드컵로,1130269900,서교동 475-24,126.9110403993826708_37.5551324974902272,1130026001,성산초교앞교차로,126.9117481199565418_37.5543318244504860,109.0,21.0,서행,126.9117481199565418_37.5543318244504860|126.9117217336388137_37.5543764564183462|126.9115952004829921_37.5545358301992565|126.9110403993826708_37.5551324974902272
2026-09-04T03:35:30.187978+09:00,홍대 관광특구,홍대 관광특구,POI007,KEY_4,1130018301,동교로,1130234800,동교동 201-12,126.9223714576705504_37.5573415856685884,1130031703,우성빌딩,126.9229594770721690_37.5579740539319573,88.0,23.0,서행,126.9229594770721690_37.5579740539319573|126.9225761142016040_37.5575121455362435|126.9224853349252271_37.5574284446085400|126.9223714576705504_37.5573415856685884
2026-09-04T03:35:30.187978+09:00,홍대 관광특구,홍대 관광특구,POI007,KEY_4,1130018302,동교로,1130031704,우성빌딩,126.9230362835969004_37.5580664636773349,1130032103,동교동 151-3,126.9232918768675518_37.5583894534776732,42.0,27.0,원활,126.9232918768675518_37.5583894534776732|126.9231947644524467_37.5582569650777955|126.9230362835969004_37.5580664636773349
2026-09-04T03:35:30.187978+09:00,홍대 관광특구,홍대 관광특구,POI007,KEY_4,1130018303,동교로,1130267000,동교동 151-3,126.9235602086829147_37.5590265329813064,1130006103,동서빌라,126.9237720218529262_37.5599217838101325,101.0,32.0,원활,126.9237720218529262_37.5599217838101325|126.9237420189898273_37.5597891978450278|126.9236012045125506_37.5591669167257010|126.9235602086829147_37.5590265329813064
2026-09-04T03:35:30.187978+09:00,홍대 관광특구,홍대 관광특구,POI007,KEY_4,1130018401,동교로,1130236400,동교동 193-1,126.9218939397593573_37.5568917656500219,1130028602,롯데호텔L7(홍대),126.9207044539840865_37.5560194307797488,153.0,28.0,원활,126.9207044539840865_37.5560194307797488|126.9213020185727601_37.5561898308273214|126.9213990027508032_37.5562174862381255|126.9214983639262613_37.5562825737130197|126.9215763902692657_37.5563664435403197|126.9217678851206443_37.5567011225728038|126.9218286112969025_37.5568118746297515|126.9218939397593573_37.5568917656500219
2026-09-04T03:35:30.187978+09:00,홍대 관광특구,홍대 관광특구,POI007,KEY_4,1130018402,동교로,1130032102,동교동 192-4,126.9234091793915979_37.5583349617897966,1130031701,우성빌딩,126.9231327245934153_37.5579865800830248,46.0,28.0,원활,126.9231327245934153_37.5579865800830248|126.9233101249413238_37.5581998231503391|126.9234091793915979_37.5583349617897966
2026-09-04T03:35:30.187978+09:00,홍대 관광특구,홍대 관광특구,POI007,KEY_4,1130018403,동교로,1130267100,동교동 193-1,126.9236924952947447_37.5590020505672726,1130032101,동교동 192-4,126.9234766820471947_37.5584553758656909,64.0,28.0,원활,126.9234766820471947_37.5584553758656909|126.9235707625761904_37.5586374586260803|126.9236499224741550_37.5588562655902223|126.9236924952947447_37.5590020505672726
2026-09-04T03:35:30.187978+09:00,홍대 관광특구,홍대 관광특구,POI007,KEY_4,1130018601,월드컵북로,1130260800,동교동 205-15,126.9201047852547219_37.5565208181069323,1130028601,롯데호텔L7(홍대),126.9206030650937720_37.5561053644053331,64.0,39.0,원활,126.9206030650937720_37.5561053644053331|126.9201047852547219_37.5565208181069323
2026-09-04T03:35:30.187978+09:00,홍대 관광특구,홍대 관광특구,POI007,KEY_4,1130019402,연남로,1130006103,동서빌라,126.9237720218529262_37.5599217838101325,1130033403,동교동 197-41,126.9232773041242268_37.5605287127344880,80.0,12.0,정체,126.9232773041242268_37.5605287127344880|126.9237720218529262_37.5599217838101325
2026-09-04T03:35:30.187978+09:00,홍대 관광특구,홍대 관광특구,POI007,KEY_4,1130021301,동교로,1130270200,연남동 373-20,126.9238877393567293_37.5603936801492893,1130033503,창무빌딩,126.9241748864737787_37.5606341936674681,38.0,8.0,정체,126.9241748864737787_37.5606341936674681|126.9241661103410337_37.5606061520141736|126.9241366858942399_37.5605700517992886|126.9241002899647839_37.5605390962913646|126.9239179770402757_37.5604331415745349|126.9238877393567293_37.5603936801492893
2026-09-04T03:35:30.187978+09:00,홍대 관광특구,홍대 관광특구,POI007,KEY_4,1130021401,동교로,1130270300,동교동 190-1,126.9240036868288968_37.5603373757369283,1130006101,동서빌라,126.9239149665367705_37.5599450424727905,44.0,14.0,정체,126.9239149665367705_37.5599450424727905|126.9239877581506306_37.5602899730970847|126.9239997971928346_37.5603322997610576|126.9240036868288968_37.5603373757369283
2026-09-04T03:35:30.187978+09:00,홍대 관광특구,홍대 관광특구,POI007,KEY_4,1130021402,동교로,1130234100,연남동 260-65,126.9243509881973893_37.5610184290997395,1130033501,창무빌딩,126.9243242832398835_37.5606902998111352,36.0,21.0,서행,126.9243242832398835_37.5606902998111352|126.9243327450441683_37.5607736496850464|126.9243509881973893_37.5610184290997395
2026-09-04T03:35:30.187978+09:00,홍대 관광특구,홍대 관광특구,POI007,KEY_4,1130048500,양화로,1130022400,합정역5번출구,126.9140295476794051_37.5495373218593258,1130021400,합정역6번출구,126.9140524865152884_37.5488786114665416,86.0,10.0,정체,126.9140524865152884_37.5488786114665416|126.9139230246069445_37.5489343484288156|126.9138762522378556_37.5489900978359401|126.9138420413620167_37.5490572990694389|126.9138329563527492_37.5491459732028474|126.9138508086349617_37.5492446788838663|126.9140295476794051_37.5495373218593258
2026-09-04T03:35:30.187978+09:00,홍대 관광특구,홍대 관광특구,POI007,KEY_4,1130048800,어울마당로,1130024402,태성빌딩,126.9212984594291243_37.5507136993635982,1130020101,당인리사거리,126.9201577112685442_37.5479060826974020,329.0,12.0,정체,126.9201577112685442_37.5479060826974020|126.9203052286126194_37.5482319014126986|126.9204629847500172_37.5485121849773620|126.9206431597284137_37.5488596987716292|126.9208952920467510_37.5494059973120997|126.9211927078193867_37.5502025480265331|126.9212984594291243_37.5507136993635982
2026-09-04T03:35:30.187978+09:00,홍대 관광특구,홍대 관광특구,POI007,KEY_4,1130048900,어울마당로,1130020104,당인리사거리,126.9200163735166598_37.5479127310459049,1130024403,태성빌딩,126.9211615381937150_37.5507171207813784,328.0,10.0,정체,126.9211615381937150_37.5507171207813784|126.9210601044129163_37.5502268341553247|126.9207663483677209_37.5494400821215706|126.9205166183366913_37.5488989872912740|126.9203382349370202_37.5485549298443289|126.9201792152841790_37.5482723999727952|126.9200163735166598_37.5479127310459049
2026-09-04T03:35:30.187978+09:00,홍대 관광특구,홍대 관광특구,POI007,KEY_4,1130049000,양화로,1130052000,합정역8번출구,126.9125610162048474_37.5489924297706352,1130022900,합정역9번출구,126.9130418149968449_37.5497885897765329,105.0,37.0,원활,126.9130418149968449_37.5497885897765329|126.9130618100318912_37.5495401812596441|126.9130421428666295_37.5494586372446904|126.9130134806158026_37.5493885292777207|126.9129740362242984_37.5493212749275216|126.9129004782609655_37.5492368304858175|126.9125610162048474_37.5489924297706352
2026-09-04T03:35:30.187978+09:00,홍대 관광특구,홍대 관광특구,POI007,KEY_4,1130049300,양화로,1130023000,합정역9번출구,126.9131721455813278_37.5498189592265703,1130022800,합정역(서울2호선),126.9139380043217500_37.5496171809286139,76.0,24.0,서행,126.9139380043217500_37.5496171809286139|126.9136402094506622_37.5496006797627686|126.9135395936122848_37.5496106180248574|126.9134569354612267_37.5496277214884771|126.9133796540536849_37.5496562715165325|126.9131721455813278_37.5498189592265703
2026-09-04T03:35:30.187978+09:00,홍대 관광특구,홍대 관광특구,POI007,KEY_4,1130051502,월드컵로5길,1130025203,합정동주민센터,126.9124127492584506_37.5518459734548173,1130024207,합정동주민센터,126.9110609932505014_37.5516236888938550,122.0,9.0,정체,126.9110609932505014_37.5516236888938550|126.9120426543793059_37.5517851162292402|126.9124127492584506_37.5518459734548173
2026-09-04T03:35:30.187978+09:00,홍대 관광특구,홍대 관광특구,POI007,KEY_4,1130051601,월드컵로5길,1130159000,합정동 426-6,126.9120151858922725_37.5518910005306523,1130025204,합정동주민센터,126.9123807963445927_37.5519511205839720,33.0,18.0,서행,126.9123807963445927_37.5519511205839720|126.9120151858922725_37.5518910005306523
2026-09-04T03:35:30.187978+09:00,홍대 관광특구,홍대 관광특구,POI007,KEY_4,1130051900,양화로7길,1130145700,서교동 492,126.9135974368144701_37.5520222797338405,1130025202,합정동주민센터,126.9125490838489583_37.5518570392708213,95.0,11.0,정체,126.9125490838489583_37.5518570392708213|126.9126682083433053_37.5518592833619991|126.9129354976850976_37.5518998472612608|126.9129556993787276_37.5519035838338127|126.9135974368144701_37.5520222797338405
2026-09-04T03:35:30.187978+09:00,홍대 관광특구,홍대 관광특구,POI007,KEY_4,1130052000,양화로7길,1130138000,서교동 419,126.9152338094359038_37.5512625596168448,1130024301,누아갤러리,126.9155934469087441_37.5508218968336536,58.0,7.0,정체,126.9155934469087441_37.5508218968336536|126.9153007619960079_37.5511871879382042|126.9152338094359038_37.5512625596168448
2026-09-04T03:35:30.187978+09:00,홍대 관광특구,홍대 관광특구,POI007,KEY_4,1130052400,동교로16길,1130025803,경북신문서울지사,126.9168794495548838_37.5537853595123963,1130026803,서교동주민센터,126.9150562264393471_37.5547627600824470,233.0,8.0,정체,126.9150562264393471_37.5547627600824470|126.9151041919509026_37.5546783248440121|126.9155915455989287_37.5540739571268816|126.9161869550941049_37.5535709704613723|126.9162940154244694_37.5535710464076899|126.9168794495548838_37.5537853595123963
2026-09-04T03:35:30.187978+09:00,홍대 관광특구,홍대 관광특구,POI007,KEY_4,1130052600,동교로22길,1130026103,백운아트빌라,126.9180694970235379_37.5542655831425805,1130025802,경북신문서울지사,126.9170081596091819_37.5538339564204833,106.0,15.0,서행,126.9170081596091819_37.5538339564204833|126.9174869227818618_37.5540176960998977|126.9179190228157523_37.5541765386133832|126.9180694970235379_37.5542655831425805
2026-09-04T03:35:30.187978+09:00,홍대 관광특구,홍대 관광특구,POI007,KEY_4,1130052700,동교로22길,1130025801,경북신문서울지사,126.9169099970482506_37.5539163098363460,1130026104,백운아트빌라,126.9180281230511440_37.5543758143779129,112.0,6.0,정체,126.9180281230511440_37.5543758143779129|126.9178493084904318_37.5542700001648413|126.9174289674534464_37.5541154804999380|126.9169099970482506_37.5539163098363460
2026-09-04T03:35:30.187978+09:00,홍대 관광특구,홍대 관광특구,POI007,KEY_4,1130052900,양화로15길,1130189500,서교동 375-3,126.9191627194573044_37.5544961684800782,1130026102,백운아트빌라,126.9181857720605535_37.5543334302643643,114.0,6.0,정체,126.9181857720605535_37.5543334302643643|126.9182551674568060_37.5543727901433684|126.9184496385441321_37.5544938893267428|126.9188541407513924_37.5547457748013329|126.9191627194573044_37.5544961684800782
2026-09-04T03:35:30.187978+09:00,홍대 관광특구,홍대 관광특구,POI007,KEY_4,1130053000,양화로15길,1130119600,서교동 463-27,126.9183659693348716_37.5545790522533025,1130025901,서교동 427,126.9198881225875368_37.5540412931764607,184.0,10.0,정체,126.9198881225875368_37.5540412931764607|126.9194734610042730_37.5543989462411432|126.9192595099514733_37.5545720106137679|126.9189173184498429_37.5548488058227576|126.9188180840116047_37.5548605857523441|126.9183659693348716_37.5545790522533025
2026-09-04T03:35:30.187978+09:00,홍대 관광특구,홍대 관광특구,POI007,KEY_4,1130053400,동교로,1130119900,서교동 464-61,126.9179362134423457_37.5548483553241965,1130027703,서교동 461-6,126.9178664857794274_37.5552597164420305,46.0,10.0,정체,126.9178664857794274_37.5552597164420305|126.9179362134423457_37.5548483553241965
2026-09-04T03:35:30.187978+09:00,홍대 관광특구,홍대 관광특구,POI007,KEY_4,1130056000,동교로,1130244700,동교동 192-44,126.9235969752971585_37.5574460002231092,1130031702,우성빌딩,126.9230559412983723_37.5578941512089344,69.0,11.0,정체,126.9230559412983723_37.5578941512089344|126.9235969752971585_37.5574460002231092
2026-09-04T03:35:30.187978+09:00,홍대 관광특구,홍대 관광특구,POI007,KEY_4,1130056100,동교로,1130244800,동교동 192-44,126.9236948948308594_37.5575209206440874,1130030001,홍대입구역(서울2호선),126.9241024975835899_37.5571832879291989,52.0,12.0,정체,126.9241024975835899_37.5571832879291989|126.9236948948308594_37.5575209206440874
2026-09-04T03:35:30.187978+09:00,홍대 관광특구,홍대 관광특구,POI007,KEY_4,1130056500,양화로19길,1130269400,동교동 192-44,126.9242827846036619_37.5579718887892824,1130032102,동교동 192-4,126.9234091793915979_37.5583349617897966,93.0,8.0,정체,126.9234091793915979_37.5583349617897966|126.9235741468609007_37.5583601799000988|126.9237435175153621_37.5583522399045222|126.9237886059845266_37.5583215233953140|126.9242827846036619_37.5579718887892824
2026-09-04T03:35:30.187978+09:00,홍대 관광특구,홍대 관광특구,POI007,KEY_4,1130056600,양화로19길,1130269300,동교동 192-44,126.9243730039212181_37.5580527040690697,1130031304,대성카센터,126.9248672211749920_37.5577661204474040,54.0,8.0,정체,126.9248672211749920_37.5577661204474040|126.9247523387008556_37.5578433291799882|126.9243935191233703_37.5580381892432413|126.9243730039212181_37.5580527040690697
2026-09-04T03:35:30.187978+09:00,홍대 관광특구,홍대 관광특구,POI007,KEY_4,1130057300,월드컵북로6길,1130261300,동교동 203-33,126.9193673333113281_37.5578672419356039,1130031202,동교동 205-15,126.9188838547954674_37.5575387719110481,56.0,30.0,원활,126.9188838547954674_37.5575387719110481|126.9193673333113281_37.5578672419356039
2026-09-04T03:35:30.187978+09:00,홍대 관광특구,홍대 관광특구,POI007,KEY_4,1130057500,양화로,1130032300,동교동삼거리,126.9260758648074869_37.5586455831952080,1130032500,동교동삼거리,126.9265306057119460_37.5594558524399389,99.0,15.0,서행,126.9265306057119460_37.5594558524399389|126.9264660553294988_37.5592263103355393|126.9260758648074869_37.5586455831952080
2026-09-04T03:35:30.187978+09:00,홍대 관광특구,홍대 관광특구,POI007,KEY_4,1130060000,동교로29길,1130033503,창무빌딩,126.9241748864737787_37.5606341936674681,1130036003,노블레스아파트,126.9218068862926145_37.5634853229895498,381.0,22.0,서행,126.9218068862926145_37.5634853229895498|126.9218459298930100_37.5634232918577879|126.9220337933197982_37.5631841000810169|126.9223456371491494_37.5627870497117868|126.9227675631269960_37.5622648309932572|126.9233084612183120_37.5615953472728421|126.9240020675585043_37.5607446270273684|126.9240943496756557_37.5606712830971432|126.9241748864737787_37.5606341936674681
2026-09-04T03:35:30.187978+09:00,홍대 관광특구,홍대 관광특구,POI007,KEY_4,1130060100,동교로29길,1130246800,연남동 257-9,126.9228817967008496_37.5623233169991337,1130033504,창무빌딩,126.9241941095302053_37.5607502493276115,210.0,7.0,정체,126.9241941095302053_37.5607502493276115|126.9241777376998783_37.5607577891073205|126.9241081814776919_37.5608130710165966|126.9234225413209742_37.5616540221321031|126.9228817967008496_37.5623233169991337
2026-09-04T03:35:30.187978+09:00,홍대 관광특구,홍대 관광특구,POI007,KEY_4,1130087200,어울마당로,1130121800,서교동 413,126.9223646926300830_37.5538554367246178,1130055701,아이스뮤지엄,126.9221148424968106_37.5534806652672515,47.0,8.0,정체,126.9221148424968106_37.5534806652672515|126.9223646926300830_37.5538554367246178
2026-09-04T03:35:30.187978+09:00,홍대 관광특구,홍대 관광특구,POI007,KEY_4,1130087300,어울마당로,1130121700,서교동 365-1,126.9222448191466555_37.5539062487640578,1130005309,서교푸르지오아파트,126.9225016470744691_37.5542843540505018,48.0,18.0,서행,126.9225016470744691_37.5542843540505018|126.9222449850932577_37.5539064976814032|126.9222448191466555_37.5539062487640578
2026-09-04T03:35:30.187978+09:00,강서한강공원,강서한강공원,POI085,KEY_1,1150022400,인천국제공항고속도로,1150297800,최소노드배치점,126.8204153738163740_37.5848105303894116,1150007500,팔팔JC,126.8251458922897115_37.5821572405280335,521.0,72.3,원활,126.8251458922897115_37.5821572405280335|126.8242581309057471_37.5825988923992114|126.8225508326354287_37.5833403164188127|126.8222949416472147_37.5834700113225253|126.8220989259378939_37.5836060109654468|126.8219358934425145_37.5837398156667746|126.8217315846995774_37.5839640048093813|126.8215951501203733_37.5841385028620678|126.8214407374371433_37.5843128978739571|126.8213273924079374_37.5844195615005603|126.8211779927619034_37.5845367498505425|126.8209702243633359_37.5846464478467652|126.8207581882781767_37.5847310806041222|126.8205554011008189_37.5847871484738150|126.8204153738163740_37.5848105303894116
2026-09-04T03:35:30.187978+09:00,강서한강공원,강서한강공원,POI085,KEY_1,1150102400,양천로27길,1150268300,방화동 57-7,126.8189818773737016_37.5842896446790746,1150051603,명성인테리어,126.8193992844918085_37.5848574978405026,73.0,25.0,원활,126.8193992844918085_37.5848574978405026|126.8191354810659277_37.5845649348009871|126.8189882066549785_37.5842980469406385|126.8189818773737016_37.5842896446790746
2026-09-04T03:35:30.187978+09:00,강서한강공원,강서한강공원,POI085,KEY_1,1150102700,올림픽대로,1150051601,명성인테리어,126.8196931240858873_37.5848639111563685,1150051300,신우쌀상회,126.8210223077670520_37.5838477270534099,164.0,36.0,서행,126.8210223077670520_37.5838477270534099|126.8204550407689055_37.5843184565730155|126.8198365622038608_37.5848072925936592|126.8196931240858873_37.5848639111563685
2026-09-04T03:35:30.187978+09:00,강서한강공원,강서한강공원,POI085,KEY_1,1150103000,올림픽대로,1150051700,강서안내센터,126.8168617226006347_37.5859421297018841,1150051604,명성인테리어,126.8193906771097659_37.5849778885091084,248.0,44.0,서행,126.8193906771097659_37.5849778885091084|126.8191196709408928_37.5850751540521557|126.8183996940716156_37.5853415341712136|126.8174179597383215_37.5857138196225620|126.8168617226006347_37.5859421297018841
2026-09-04T03:35:30.187978+09:00,강서한강공원,강서한강공원,POI085,KEY_1,1150408600,올림픽대로,1150297900,최소노드배치점,126.8204022238293049_37.5846952923594699,1150007500,팔팔JC,126.8251458922897115_37.5821572405280335,515.0,52.7,원활,126.8251458922897115_37.5821572405280335|126.8224711907430731_37.5832680578219396|126.8221978552422797_37.5833955305618943|126.8219883433806388_37.5835095435029132|126.8217840770615084_37.5836834979902079|126.8213507897844181_37.5842063933520194|126.8211989310714074_37.5843483886307084|126.8209774563604384_37.5845038083476410|126.8207390262142553_37.5846130431728156|126.8204197757882525_37.5846941616647499|126.8204022238293049_37.5846952923594699
2026-09-04T03:35:30.187978+09:00,강서한강공원,강서한강공원,POI085,KEY_1,1150437100,인천국제공항고속도로,1150298100,최소노드배치점,126.8216063582030131_37.5844601022409819,1150051400,방화대교(남측),126.8154876201350021_37.5837329496539851,561.0,88.9,원활,126.8154876201350021_37.5837329496539851|126.8156228199711535_37.5837019217106345|126.8162488559649717_37.5835902982088541|126.8168139068726958_37.5835510606755392|126.8176549474994061_37.5835257845014610|126.8183178182470101_37.5835660150861770|126.8189841860020408_37.5836543305607833|126.8195530571487097_37.5837543458256320|126.8200936823200351_37.5838910811882769|126.8210372379553377_37.5842098431123475|126.8215775845386446_37.5844440036353475|126.8216063582030131_37.5844601022409819
2026-09-04T03:35:30.187978+09:00,강서한강공원,강서한강공원,POI085,KEY_1,1150437200,인천국제공항고속도로,1150298000,최소노드배치점,126.8214760810631105_37.5846075682720340,1150149502,강서구-고양시덕양구,126.8266486163456932_37.5882576198968295,611.0,91.2,원활,126.8266486163456932_37.5882576198968295|126.8237771167596151_37.5861489077353781|126.8227472164407601_37.5853533062098677|126.8222253278242135_37.5850267596131147|126.8214760810631105_37.5846075682720340
2026-09-04T03:35:30.187978+09:00,고척돔,고척돔,POI086,KEY_2,1160001507,경인로,1160025205,구로소방서앞교차로,126.8646617438848239_37.4978600578237362,1160026904,구로소방서앞,126.8649481363168121_37.4980943173495334,36.0,29.5,원활,126.8649481363168121_37.4980943173495334|126.8646617438848239_37.4978600578237362
2026-09-04T03:35:30.187978+09:00,고척돔,고척돔,POI086,KEY_2,1160001608,경인로,1160026903,구로소방서앞,126.8650453464209704_37.4980188760107680,1160025202,구로소방서앞교차로,126.8647589542741940_37.4977846162542079,36.0,34.0,원활,126.8647589542741940_37.4977846162542079|126.8650453464209704_37.4980188760107680
2026-09-04T03:35:30.187978+09:00,고척돔,고척돔,POI086,KEY_2,1160001901,경인로,1160029303,고척교교차로,126.8716335382674743_37.4988496986391695,1160030602,동양미래대학앞교차로,126.8689427324677865_37.4994868075101664,248.0,18.0,서행,126.8689427324677865_37.4994868075101664|126.8711528967156568_37.4989518486928404|126.8715231913182890_37.4988650895980484|126.8716335382674743_37.4988496986391695
2026-09-04T03:35:30.187978+09:00,고척돔,고척돔,POI086,KEY_2,1160002001,경인로,1160030601,동양미래대학앞교차로,126.8689872290022862_37.4995890371950367,1160029304,고척교교차로,126.8716680741279674_37.4989546467396906,247.0,46.5,원활,126.8716680741279674_37.4989546467396906|126.8715541336007533_37.4989705391101751|126.8711911831498753_37.4990555772781562|126.8689872290022862_37.4995890371950367
2026-09-04T03:35:30.187978+09:00,고척돔,고척돔,POI086,KEY_2,1160002102,경인로,1160026901,구로소방서앞,126.8650507946293686_37.4981773243852032,1160030704,고척동 63-3,126.8674869579498932_37.4996940445519300,278.0,22.0,서행,126.8674869579498932_37.4996940445519300|126.8673777511500731_37.4996751499945233|126.8671788695642988_37.4996233133504546|126.8669493159061687_37.4995461947532931|126.8667640607105227_37.4994684400143257|126.8665382770592061_37.4993469206109040|126.8663359449855790_37.4992109715771136|126.8654632761091818_37.4985090881244290|126.8650507946293686_37.4981773243852032
2026-09-04T03:35:30.187978+09:00,고척돔,고척돔,POI086,KEY_2,1160002103,경인로,1160134900,고척동 63-3,126.8684174202034285_37.4996907760024811,1160030604,동양미래대학앞교차로,126.8687232996965832_37.4996421945641814,28.0,29.0,원활,126.8687232996965832_37.4996421945641814|126.8684174202034285_37.4996907760024811
2026-09-04T03:35:30.187978+09:00,고척돔,고척돔,POI086,KEY_2,1160002201,경인로,1160234100,고척동 63-5,126.8655596867435236_37.4984329974895232,1160026902,구로소방서앞,126.8651472056647407_37.4981012338396624,52.0,13.0,정체,126.8651472056647407_37.4981012338396624|126.8655596867435236_37.4984329974895232
2026-09-04T03:35:30.187978+09:00,고척돔,고척돔,POI086,KEY_2,1160002202,경인로,1160030603,동양미래대학앞교차로,126.8686779646894678_37.4995391473739801,1160030702,고척동 63-3,126.8676654321501900_37.4996121446361812,90.0,26.0,원활,126.8676654321501900_37.4996121446361812|126.8678069625456857_37.4996264010276690|126.8680461031747626_37.4996197405567102|126.8683009934756853_37.4995990198500522|126.8683908896466761_37.4995847422032185|126.8686779646894678_37.4995391473739801
2026-09-04T03:35:30.187978+09:00,고척돔,고척돔,POI086,KEY_2,1160014202,중앙로,1160125100,고척동 52-333,126.8646271411664230_37.4989471657823756,1160026901,구로소방서앞,126.8650507946293686_37.4981773243852032,93.0,22.0,서행,126.8650507946293686_37.4981773243852032|126.8648755784311248_37.4984981040910128|126.8646271411664230_37.4989471657823756
2026-09-04T03:35:30.187978+09:00,고척돔,고척돔,POI086,KEY_2,1160015701,안양천로537길,1160030604,동양미래대학앞교차로,126.8687232996965832_37.4996421945641814,1160038402,고척지하차도(북측),126.8699170172796187_37.5023839464348470,323.0,38.0,원활,126.8699170172796187_37.5023839464348470|126.8697728681989503_37.5021941044543823|126.8694643346875210_37.5013934109902394|126.8687232996965832_37.4996421945641814
2026-09-04T03:35:30.187978+09:00,고척돔,고척돔,POI086,KEY_2,1160015801,안양천로537길,1160038401,고척지하차도(북측),126.8700471287657763_37.5023532266215511,1160030601,동양미래대학앞교차로,126.8689872290022862_37.4995890371950367,322.0,37.0,원활,126.8689872290022862_37.4995890371950367|126.8697227149842348_37.5013271263434547|126.8700323395424050_37.5021306423309682|126.8700471287657763_37.5023532266215511
2026-09-04T03:35:30.187978+09:00,고척돔,고척돔,POI086,KEY_2,1160049000,안양천로,1160026001,고척지하차도(남측),126.8682164931016416_37.4980315828367239,2130015801,구로구-광명시,126.8683061872405204_37.4953711878066613,303.0,70.8,원활,126.8683061872405204_37.4953711878066613|126.8680791301081570_37.4959108832984143|126.8680192247021239_37.4961901165675542|126.8679713339188453_37.4963936246526259|126.8679416938823437_37.4965988803425390|126.8679353024971164_37.4968807087750235|126.8679467286440712_37.4970971053372253|126.8679814883963815_37.4974018031208942|126.8680806147528557_37.4977290078190819|126.8682164931016416_37.4980315828367239
2026-09-04T03:35:30.187978+09:00,고척돔,고척돔,POI086,KEY_2,1160049100,안양천로,2130015802,구로구-광명시,126.8681747476950505_37.4953419563867740,1160026002,고척지하차도(남측),126.8680887281871179_37.4980680227387566,310.0,65.3,원활,126.8680887281871179_37.4980680227387566|126.8679504014649098_37.4977599920923339|126.8678472427124149_37.4974194749191909|126.8678112852119142_37.4971042754339194|126.8677995486469570_37.4968820057548768|126.8678061330137012_37.4965917080895466|126.8678370716341277_37.4963774627470841|126.8678856475315513_37.4961710443316889|126.8679464131163144_37.4958878080200222|126.8681747476950505_37.4953419563867740
2026-09-04T03:35:30.187978+09:00,고척돔,고척돔,POI086,KEY_2,1160054400,안양천로,1160030602,동양미래대학앞교차로,126.8689427324677865_37.4994868075101664,1160026001,고척지하차도(남측),126.8682164931016416_37.4980315828367239,174.0,40.8,원활,126.8682164931016416_37.4980315828367239|126.8683718766255737_37.4982169168125878|126.8689427324677865_37.4994868075101664
2026-09-04T03:35:30.187978+09:00,고척돔,고척돔,POI086,KEY_2,1160054500,안양천로,1160026002,고척지하차도(남측),126.8680887281871179_37.4980680227387566,1160030603,동양미래대학앞교차로,126.8686779646894678_37.4995391473739801,172.0,41.5,원활,126.8686779646894678_37.4995391473739801|126.8681163619592382_37.4982898286822390|126.8680887281871179_37.4980680227387566
2026-09-04T03:35:30.187978+09:00,고척돔,고척돔,POI086,KEY_2,1160058300,경인로47길,1160030704,고척동 63-3,126.8674869579498932_37.4996940445519300,1160031102,동양미래대학교,126.8669875450639069_37.5000831480897503,62.0,9.0,정체,126.8669875450639069_37.5000831480897503|126.8673517388977388_37.4997995352371589|126.8674869579498932_37.4996940445519300
2026-09-04T03:35:30.187978+09:00,고척돔,고척돔,POI086,KEY_2,1160058400,경인로47길,1160031101,동양미래대학교,126.8672357269624626_37.5000410688331058,1160030701,고척동 63-3,126.8676484099707835_37.4997194117280301,51.0,27.0,원활,126.8676484099707835_37.4997194117280301|126.8674466402152063_37.4998768209931157|126.8672357269624626_37.5000410688331058
2026-09-04T03:35:30.187978+09:00,고척돔,고척돔,POI086,KEY_2,1160061600,안양천로,1160312300,최소노드배치점,126.8691669663092796_37.5001830167126542,1160026001,고척지하차도(남측),126.8682164931016416_37.4980315828367239,253.0,70.0,원활,126.8682164931016416_37.4980315828367239|126.8688997309864703_37.4995514775238874|126.8691669663092796_37.5001830167126542
2026-09-04T03:35:30.187978+09:00,광나루한강공원,광나루한강공원,POI087,KEY_3,1230005100,올림픽대로,1230052500,잠실대교JC,127.1008769588409706_37.5229114985517214,1230054000,올림픽대교남단IC,127.1051025385346520_37.5260799913631047,514.0,83.0,원활,127.1051025385346520_37.5260799913631047|127.1031412114076176_37.5243990994672458|127.1028266080407718_37.5241633671182342|127.1022828471172517_37.5237919497680679|127.1018469450196733_37.5234955300521236|127.1008769588409706_37.5229114985517214
2026-09-04T03:35:30.187978+09:00,광나루한강공원,광나루한강공원,POI087,KEY_3,1230005303,올림픽대로,1230056001,올림픽대교남단IC,127.1099294541211577_37.5335917221984587,1230056600,미성카센타,127.1133333362662370_37.5372311246279509,509.0,78.3,원활,127.1133333362662370_37.5372311246279509|127.1122417772533879_37.5363305814544859|127.1116797970572065_37.5358769804391983|127.1114369751523441_37.5356483557694247|127.1111851586531714_37.5354090108490368|127.1109647758809160_37.5351696358490798|127.1107848648134819_37.5349695574394744|127.1106138947897364_37.5347408627111747|127.1103754017710941_37.5343978047017046|127.1102043647706665_37.5341226232009859|127.1100737679640247_37.5338652841078755|127.1099294541211577_37.5335917221984587
2026-09-04T03:35:30.187978+09:00,광나루한강공원,광나루한강공원,POI087,KEY_3,1230005304,올림픽대로,1230056600,미성카센타,127.1133333362662370_37.5372311246279509,1240000703,송파구-강동구,127.1180715211807666_37.5411721498286326,606.0,77.7,원활,127.1180715211807666_37.5411721498286326|127.1178531270779786_37.5409665671253308|127.1174349307113829_37.5406093996140768|127.1157442858759907_37.5392200633587976|127.1133333362662370_37.5372311246279509
2026-09-04T03:35:30.187978+09:00,광나루한강공원,광나루한강공원,POI087,KEY_3,1230035900,강변북로.한가람로사이길,1230342900,최소노드배치점,127.1015149961345827_37.5246010575964561,1230052101,잠실대교JC,127.1014277624528717_37.5224635506086486,473.0,43.0,원활,127.1014277624528717_37.5224635506086486|127.1019012970064210_37.5227419164495544|127.1022293161336734_37.5229454568152008|127.1023955346630316_37.5230204059564443|127.1026425819513577_37.5231060119775464|127.1028940706044494_37.5231558555366931|127.1034374042296093_37.5232197458338632|127.1034778407937154_37.5232411659780993|127.1034868601301469_37.5232697648950335|127.1034734249590059_37.5232948074079431|127.1033926368200042_37.5233127576457974|127.1025529951041904_37.5232562760554629|127.1024721909816861_37.5232634983457274|127.1023734783107670_37.5233064941788044|127.1022972616788422_37.5233852285200129|127.1015149961345827_37.5246010575964561
2026-09-04T03:35:30.187978+09:00,광나루한강공원,광나루한강공원,POI087,KEY_3,1230037000,강동대로,1230002402,올림픽대교(남측),127.1085524663248947_37.5294043437257443,1230055300,올림픽대교JC,127.1070429303796345_37.5308586555323842,209.0,60.0,원활,127.1070429303796345_37.5308586555323842|127.1071826739481168_37.5307235038766933|127.1080659148240812_37.5298788826372558|127.1085524663248947_37.5294043437257443
2026-09-04T03:35:30.187978+09:00,광나루한강공원,광나루한강공원,POI087,KEY_3,1230037100,강동대로,1230055100,올림픽대교남단IC,127.1081706965742200_37.5299476979813633,1230002401,올림픽대교(남측),127.1086576634710497_37.5294727540513975,68.0,54.0,원활,127.1086576634710497_37.5294727540513975|127.1081706965742200_37.5299476979813633
2026-09-04T03:35:30.187978+09:00,광나루한강공원,광나루한강공원,POI087,KEY_3,1230090200,올림픽대로,1230054000,올림픽대교남단IC,127.1051025385346520_37.5260799913631047,1230055601,올림픽대교남단IC,127.1088850042010847_37.5302574334446248,576.0,79.3,원활,127.1088850042010847_37.5302574334446248|127.1087569682559320_37.5299831257084406|127.1086623868030614_37.5297829652675716|127.1085948294174557_37.5296399934726352|127.1085003472445152_37.5295077736948031|127.1082123774365158_37.5290860864164131|127.1079469834661637_37.5287501990476358|127.1075692455725772_37.5283464716297388|127.1067698727563737_37.5275344855949697|127.1051025385346520_37.5260799913631047
2026-09-04T03:35:30.187978+09:00,광나루한강공원,광나루한강공원,POI087,KEY_3,1230090400,올림픽대로,1230055601,올림픽대교남단IC,127.1088850042010847_37.5302574334446248,1230055100,올림픽대교남단IC,127.1081706965742200_37.5299476979813633,339.0,45.0,서행,127.1081706965742200_37.5299476979813633|127.1078345692699685_37.5304007809457758|127.1077032400517055_37.5306042495152852|127.1076712736896184_37.5307043059950090|127.1076482146884530_37.5308187018855577|127.1076699998539539_37.5309475558016175|127.1077233573010830_37.5310514745469277|127.1077813389797910_37.5311303664476981|127.1078887300662217_37.5312094231246149|127.1080142386506679_37.5312599212262654|127.1081398786947716_37.5312853793569801|127.1082745960005838_37.5312929811048477|127.1084543994672345_37.5312685359485343|127.1086209335816193_37.5312046974480467|127.1087245812778406_37.5311406499274369|127.1087878223726619_37.5310728913791465|127.1088422461959766_37.5309729085143360|127.1088832706566194_37.5308585715166814|127.1088927767297747_37.5307584399179603|127.1089025448454493_37.5306082268346017|127.1088850042010847_37.5302574334446248
2026-09-04T03:35:30.187978+09:00,광나루한강공원,광나루한강공원,POI087,KEY_3,1230090700,강동대로,1230055800,올림픽대교JC,127.1057403919076734_37.5322885127339063,1230055100,올림픽대교남단IC,127.1081706965742200_37.5299476979813633,337.0,72.5,원활,127.1081706965742200_37.5299476979813633|127.1072872786940309_37.5307924913453235|127.1057403919076734_37.5322885127339063
2026-09-04T03:35:30.187978+09:00,광나루한강공원,광나루한강공원,POI087,KEY_3,1230090800,올림픽대로,1230055800,올림픽대교JC,127.1057403919076734_37.5322885127339063,1230056001,올림픽대교남단IC,127.1099294541211577_37.5335917221984587,540.0,60.7,원활,127.1099294541211577_37.5335917221984587|127.1096262768232208_37.5330896658542983|127.1094795159279869_37.5328065769456458|127.1093907047227844_37.5326095338056689|127.1092454868847028_37.5323181025886257|127.1091476110435536_37.5321365306090513|127.1090762771443963_37.5320337463737346|127.1089958837828675_37.5319452405059266|127.1088587936477694_37.5318183898052453|127.1086976727481925_37.5317057689452653|127.1085573264984134_37.5316289886031740|127.1083751328115881_37.5315377602104405|127.1081748335834476_37.5314727050775119|127.1079863896938349_37.5314315378132548|127.1078277784543076_37.5314119318962369|127.1076302005832872_37.5313993521511904|127.1074384993772952_37.5314082537991993|127.1072706793245004_37.5314315449563765|127.1070547962320347_37.5314832934178995|127.1069138144955417_37.5315281360046669|127.1067757391387971_37.5315896821536654|127.1066526373526813_37.5316512776893703|127.1063641193078269_37.5318482588181652|127.1057403919076734_37.5322885127339063
2026-09-04T03:35:30.187978+09:00,광나루한강공원,광나루한강공원,POI087,KEY_3,1240045200,올림픽대로,1240020000,광나루안내센터앞,127.1217277682565907_37.5477735136945441,1240001200,경지리버캐슬,127.1230632962747364_37.5514363188395635,423.0,85.3,원활,127.1230632962747364_37.5514363188395635|127.1222773585622576_37.5492997494173082|127.1217277682565907_37.5477735136945441
2026-09-04T03:35:30.187978+09:00,광나루한강공원,광나루한강공원,POI087,KEY_3,1230091800,올림픽대로,1230056600,미성카센타,127.1133333362662370_37.5372311246279509,1230057400,천호대교JC,127.1157174036013373_37.5395156076707224,331.0,58.0,원활,127.1157174036013373_37.5395156076707224|127.1151468092735115_37.5390904403905097|127.1149641714684719_37.5389348300830221|127.1147295222956757_37.5387015434871998|127.1140182220692196_37.5379778060380431|127.1133333362662370_37.5372311246279509
2026-09-04T03:35:30.187978+09:00,광나루한강공원,광나루한강공원,POI087,KEY_3,1230091900,올림픽대로,1230056900,천호대교JC,127.1162142103148085_37.5388537608271946,1230057400,천호대교JC,127.1157174036013373_37.5395156076707224,178.0,37.0,서행,127.1157174036013373_37.5395156076707224|127.1154640026734057_37.5392882235603764|127.1153746464073464_37.5391925382371454|127.1153301531393680_37.5391089238801996|127.1153080896353629_37.5390313450269062|127.1153046362326791_37.5389746935386270|127.1153237071228119_37.5389061917311793|127.1153577047622036_37.5388466817326076|127.1154142265800857_37.5387753204867778|127.1154593628562139_37.5387337321685379|127.1155269466954394_37.5386951987887585|127.1156281753993653_37.5386657181129024|127.1157330715718530_37.5386511543116654|127.1158602757870142_37.5386664736148248|127.1159835987508444_37.5387086094438516|127.1162142103148085_37.5388537608271946
2026-09-04T03:35:30.187978+09:00,광나루한강공원,광나루한강공원,POI087,KEY_3,1230092600,올림픽대로,1230057400,천호대교JC,127.1157174036013373_37.5395156076707224,1240000704,송파구-강동구,127.1177702741646272_37.5412636326827069,266.0,65.3,원활,127.1177702741646272_37.5412636326827069|127.1173955639220026_37.5409316902013757|127.1157174036013373_37.5395156076707224
2026-09-04T03:35:30.187978+09:00,광나루한강공원,광나루한강공원,POI087,KEY_3,1230092900,올림픽대로,1230057400,천호대교JC,127.1157174036013373_37.5395156076707224,1230058100,천호대교,127.1159520970910961_37.5417466710169379,328.0,48.7,서행,127.1159520970910961_37.5417466710169379|127.1165541276385795_37.5414864175535428|127.1167530618793080_37.5413857073547419|127.1168245734631626_37.5413114132071115|127.1168848836948229_37.5412311204375655|127.1169340554431244_37.5411329051754237|127.1169495337675812_37.5410345809067465|127.1169499298096639_37.5409570747468919|127.1169242421861156_37.5408556359407726|127.1168686213662795_37.5407511192081316|127.1167570894564420_37.5405987236708256|127.1161827557995565_37.5400239001523843|127.1157174036013373_37.5395156076707224
2026-09-04T03:35:30.187978+09:00,광나루한강공원,광나루한강공원,POI087,KEY_3,1230093200,천호대로,1230425800,최소노드배치점,127.1206473646241477_37.5399649693936297,1230058100,천호대교,127.1159520970910961_37.5417466710169379,464.0,67.0,원활,127.1159520970910961_37.5417466710169379|127.1161491919131947_37.5416905000389676|127.1183256249000664_37.5410826767303547|127.1184867245484753_37.5410376841720819|127.1189581322967541_37.5408884029799665|127.1192856066919603_37.5407540814178731|127.1196722318756258_37.5405730840098570|127.1200712468310456_37.5403536063656276|127.1206473646241477_37.5399649693936297
2026-09-04T03:35:30.187978+09:00,광나루한강공원,광나루한강공원,POI087,KEY_3,1230093300,천호대로,1230058200,천호대교,127.1159661888353156_37.5418575359492053,1230057900,천호대교JC,127.1196303873800275_37.5407181431623798,348.0,73.0,원활,127.1196303873800275_37.5407181431623798|127.1193511805818588_37.5408488525534025|127.1190144651814933_37.5409869651035706|127.1185343214704062_37.5411390123457025|127.1183705829695612_37.5411847428288681|127.1161945568195506_37.5417924521301600|127.1159661888353156_37.5418575359492053
2026-09-04T03:35:30.187978+09:00,광나루한강공원,광나루한강공원,POI087,KEY_3,1230434300,천호대로,1230058301,광진구-강동구,127.1110000296090448_37.5432727264046662,1230058200,천호대교,127.1159661888353156_37.5418575359492053,466.0,70.0,원활,127.1159661888353156_37.5418575359492053|127.1110000296090448_37.5432727264046662
2026-09-04T03:35:30.187978+09:00,광나루한강공원,광나루한강공원,POI087,KEY_3,1230434400,천호대로,1230058100,천호대교,127.1159520970910961_37.5417466710169379,1230058302,광진구-강동구,127.1109540025240250_37.5431709639418898,469.0,70.0,원활,127.1109540025240250_37.5431709639418898|127.1159520970910961_37.5417466710169379
2026-09-04T03:35:30.187978+09:00,광나루한강공원,광나루한강공원,POI087,KEY_3,1240004002,수도권제1순환고속도로,1240030900,강일IC,127.1651625313621281_37.5734340461809779,1240030500,강일IC,127.1680363385314934_37.5723391779006377,337.0,60.7,원활,127.1680363385314934_37.5723391779006377|127.1679375057071582_37.5726668136497821|127.1678164127926607_37.5729466913235299|127.1676507446742903_37.5731429730831223|127.1673801822541492_37.5733449219623097|127.1671698867062048_37.5734695327726271|127.1669522874906590_37.5735523879642201|127.1666523159129412_37.5736290485050191|127.1663375230439925_37.5736698939382947|127.1660754297366083_37.5736512663853404|127.1656936991961686_37.5735846030556573|127.1651625313621281_37.5734340461809779
2026-09-04T03:35:30.187978+09:00,광나루한강공원,광나루한강공원,POI087,KEY_3,1240004102,수도권제1순환고속도로,1240031000,강일IC(북측),127.1634752871115808_37.5755388690718135,1240030400,강일IC(남측),127.1657495975126295_37.5728096914099865,363.0,89.3,원활,127.1657495975126295_37.5728096914099865|127.1634752871115808_37.5755388690718135
2026-09-04T03:35:30.187978+09:00,광나루한강공원,광나루한강공원,POI087,KEY_3,1240004302,수도권제1순환고속도로,1240030700,강일IC(남측),127.1653218540085248_37.5726985985708808,1240001800,강일IC(북측),127.1637915819941043_37.5745162605052201,243.0,88.4,원활,127.1637915819941043_37.5745162605052201|127.1653218540085248_37.5726985985708808
2026-09-04T03:35:30.187978+09:00,광나루한강공원,광나루한강공원,POI087,KEY_3,1240047100,올림픽대로,1240001200,경지리버캐슬,127.1230632962747364_37.5514363188395635,1240023602,토끼굴입구교차로,127.1239139566358176_37.5547761552695221,378.0,54.0,원활,127.1239139566358176_37.5547761552695221|127.1238319581724454_37.5545467811282307|127.1236789988214184_37.5539882420447455|127.1233559075293158_37.5527137092216492|127.1230632962747364_37.5514363188395635
2026-09-04T03:35:30.187978+09:00,광나루한강공원,광나루한강공원,POI087,KEY_3,1240004400,수도권제1순환고속도로,1240031000,강일IC(북측),127.1634752871115808_37.5755388690718135,1240031100,강일IC,127.1691443708316314_37.5755176901044976,603.0,70.0,원활,127.1691443708316314_37.5755176901044976|127.1683515051425104_37.5752531339766875|127.1671551774036573_37.5747549149552498|127.1659813385120970_37.5742567467394366|127.1657045812182645_37.5741665325013443|127.1655548210494828_37.5741541845667157|127.1653750434233388_37.5741536743072615|127.1651876429522900_37.5741829540882151|127.1650151694652351_37.5742241986279737|127.1648275280877840_37.5743071350576443|127.1646248509363346_37.5744019528390112|127.1634752871115808_37.5755388690718135
2026-09-04T03:35:30.187978+09:00,광나루한강공원,광나루한강공원,POI087,KEY_3,1240004500,수도권제1순환고속도로,1249098300,최소노드배치점,127.1633568206802778_37.5726671424708130,1240031100,강일IC,127.1691443708316314_37.5755176901044976,604.0,67.0,원활,127.1691443708316314_37.5755176901044976|127.1684057617363095_37.5752141751109505|127.1677143859803891_37.5748694120681677|127.1668248690925651_37.5744435969194015|127.1660475110784745_37.5740657898579471|127.1652888200322025_37.5737029359402825|127.1637676876223964_37.5729831642507293|127.1636032703812162_37.5728992267665660|127.1634986974201382_37.5728333458983386|127.1634241141811543_37.5727615876864576|127.1633682832330834_37.5726839217883821|127.1633568206802778_37.5726671424708130
2026-09-04T03:35:30.187978+09:00,광나루한강공원,광나루한강공원,POI087,KEY_3,1240004800,수도권제1순환고속도로,1240030300,강일IC,127.1606499758005384_37.5714359568575702,1240001800,강일IC(북측),127.1637915819941043_37.5745162605052201,502.0,65.0,원활,127.1637915819941043_37.5745162605052201|127.1640728136204643_37.5738936067012759|127.1641112573887256_37.5736731197052549|127.1640745545810915_37.5735060768960238|127.1639705689491251_37.5733090325426957|127.1638363274989985_37.5731774845940123|127.1636796150773421_37.5730458730428509|127.1632012909007443_37.5728060257228620|127.1613554414870180_37.5718468130863954|127.1606499758005384_37.5714359568575702
2026-09-04T03:35:30.187978+09:00,광나루한강공원,광나루한강공원,POI087,KEY_3,1240041400,올림픽대로,1230058200,천호대교,127.1159661888353156_37.5418575359492053,1240017800,천호동480-7,127.1193551490127760_37.5429706223890776,366.0,49.7,서행,127.1193551490127760_37.5429706223890776|127.1191149729041570_37.5426412172727382|127.1186559044189437_37.5422152338548187|127.1184172538477384_37.5420284458060749|127.1182143981745298_37.5418703903455224|127.1180314731057592_37.5417684432610983|127.1178670693293213_37.5417053095727766|127.1176913435667331_37.5416600249226207|127.1175267263362656_37.5416386243567644|127.1173919531962753_37.5416381871796503|127.1171934003703683_37.5416643737201525|127.1159661888353156_37.5418575359492053
2026-09-04T03:35:30.187978+09:00,광나루한강공원,광나루한강공원,POI087,KEY_3,1240041700,올림픽대로,1240000704,송파구-강동구,127.1177702741646272_37.5412636326827069,1240017800,천호동480-7,127.1193551490127760_37.5429706223890776,237.0,69.0,원활,127.1193551490127760_37.5429706223890776|127.1191614498819717_37.5426306349992416|127.1189681247738150_37.5423646982119266|127.1186924398611637_37.5420984952193777|127.1182602045156358_37.5416976373432547|127.1177702741646272_37.5412636326827069
2026-09-04T03:35:30.187978+09:00,광나루한강공원,광나루한강공원,POI087,KEY_3,1240042100,올림픽대로,1240017800,천호동480-7,127.1193551490127760_37.5429706223890776,1240018300,상행4교,127.1200789348837787_37.5446471106927930,197.0,60.3,원활,127.1200789348837787_37.5446471106927930|127.1198037347710965_37.5439880095403069|127.1194795577771686_37.5432428947114047|127.1193551490127760_37.5429706223890776
2026-09-04T03:35:30.187978+09:00,광나루한강공원,광나루한강공원,POI087,KEY_3,1240042302,올림픽대로,1240032400,상행4교,127.1204348553451950_37.5446076809158882,1240020000,광나루안내센터앞,127.1217277682565907_37.5477735136945441,370.0,83.0,원활,127.1217277682565907_37.5477735136945441|127.1213840772890364_37.5468190353825406|127.1212036413887034_37.5463293298339167|127.1210368608753214_37.5459504616287774|127.1207574154174154_37.5453285505199403|127.1204348553451950_37.5446076809158882
2026-09-04T03:35:30.187978+09:00,광나루한강공원,광나루한강공원,POI087,KEY_3,1240042400,올림픽대로,1240018000,광진교(동측),127.1177651433606286_37.5433963082104114,1240018300,상행4교,127.1200789348837787_37.5446471106927930,276.0,46.0,서행,127.1200789348837787_37.5446471106927930|127.1196730132447357_37.5440734423594407|127.1195971491536056_37.5439730353192189|127.1195077699718183_37.5438797381744678|127.1194048407431296_37.5438007066636459|127.1189614043024676_37.5435381364146963|127.1187150792044207_37.5433870966714593|127.1185940715525788_37.5433294696328730|127.1184774296472852_37.5432968975747983|127.1183786120777057_37.5432930007483918|127.1182572765543597_37.5432997635863899|127.1177651433606286_37.5433963082104114
2026-09-04T03:35:30.187978+09:00,광나루한강공원,광나루한강공원,POI087,KEY_3,1240042800,올림픽대로,1240018300,상행4교,127.1200789348837787_37.5446471106927930,1240018200,천호대교JC,127.1211431987809704_37.5447471157151540,162.0,46.3,서행,127.1211431987809704_37.5447471157151540|127.1211604267792268_37.5448938392005402|127.1211239968275066_37.5449903077650191|127.1210651588128684_37.5450759737932458|127.1209840003271978_37.5451329487343273|127.1208984774984714_37.5451648695119218|127.1207950378878309_37.5451860010776883|127.1206871406906345_37.5451999633571774|127.1205703678194112_37.5451924340691718|127.1204761672079258_37.5451635135530495|127.1203911338036221_37.5450988491057771|127.1202036036161900_37.5448693016934172|127.1200789348837787_37.5446471106927930
2026-09-04T03:35:30.187978+09:00,광나루한강공원,광나루한강공원,POI087,KEY_3,1240043700,올림픽대로,1240018300,상행4교,127.1200789348837787_37.5446471106927930,1240020000,광나루안내센터앞,127.1217277682565907_37.5477735136945441,377.0,60.7,원활,127.1217277682565907_37.5477735136945441|127.1212759966970225_37.5469153604550527|127.1210049801465232_37.5463135111228326|127.1209069734959058_37.5461486431880829|127.1206662160814318_37.5457829894321264|127.1204255690761471_37.5453958723591228|127.1202696502783169_37.5451342307823310|127.1201275194644040_37.5448118206155357|127.1200789348837787_37.5446471106927930
2026-09-04T03:35:30.187978+09:00,광나루한강공원,광나루한강공원,POI087,KEY_3,1240048400,올림픽대로,1240023601,토끼굴입구교차로,127.1239539812538482_37.5548831627873270,1240001404,토끼굴입구교차로,127.1250320763398065_37.5548511707998713,95.0,38.0,원활,127.1250320763398065_37.5548511707998713|127.1239539812538482_37.5548831627873270
2026-09-04T03:35:30.187978+09:00,광나루한강공원,광나루한강공원,POI087,KEY_3,1240049000,올림픽대로,1240001200,경지리버캐슬,127.1230632962747364_37.5514363188395635,1240025100,한강공원광나루지구앞,127.1269478033680542_37.5596504528202146,978.0,83.0,원활,127.1269478033680542_37.5596504528202146|127.1267496973602817_37.5593753265502670|127.1265066019370522_37.5590573372870296|127.1262273815180919_37.5586249595653143|127.1260337536956229_37.5583390999885367|127.1258490752626926_37.5580317751064641|127.1256418735539881_37.5576851390736692|127.1254301889410527_37.5573420834741540|127.1252499164838241_37.5569811156751996|127.1250966558760211_37.5566558768257437|127.1248848334649182_37.5562270003697236|127.1247360440222423_37.5558874529512821|127.1245781829503017_37.5554942767383437|127.1244112578118575_37.5550510486342262|127.1242397953772922_37.5545792183717495|127.1238473589382494_37.5535676683159139|127.1230632962747364_37.5514363188395635
2026-09-04T03:35:30.187978+09:00,광나루한강공원,광나루한강공원,POI087,KEY_3,1240055102,올림픽대로,1240090702,암사IC(동측),127.1362722116925994_37.5665738586957119,1240090901,암사IC,127.1394559378402249_37.5670778105045855,290.0,82.3,원활,127.1394559378402249_37.5670778105045855|127.1392235027427517_37.5670837960173998|127.1387484463464119_37.5670734478306017|127.1384095245911254_37.5670446840480778|127.1379356221320194_37.5669908429020794|127.1376427892064527_37.5669474737897886|127.1373686766040549_37.5669013071047218|127.1370990240938568_37.5668372561549120|127.1367978928529539_37.5667553608164653|127.1362722116925994_37.5665738586957119
2026-09-04T03:35:30.187978+09:00,광나루한강공원,광나루한강공원,POI087,KEY_3,1240055103,올림픽대로,1240090202,암사IC(서측),127.1308373655388664_37.5634694337541291,1240090702,암사IC(동측),127.1362722116925994_37.5665738586957119,594.0,82.3,원활,127.1362722116925994_37.5665738586957119|127.1359618092228487_37.5664666845864019|127.1356965859733208_37.5663668666233050|127.1352739684259205_37.5661742566018333|127.1347748760588274_37.5659209431275443|127.1340149204080774_37.5654891321954594|127.1334438721459890_37.5651858336020723|127.1329177577794809_37.5648860567984357|127.1325580067021122_37.5646719116931251|127.1321217855294492_37.5643970609068134|127.1316495417214725_37.5640721875436014|127.1313256970069148_37.5638365431922949|127.1308938962237960_37.5635151978296022|127.1308373655388664_37.5634694337541291
2026-09-04T03:35:30.187978+09:00,광나루한강공원,광나루한강공원,POI087,KEY_3,1240055104,올림픽대로,1240025100,한강공원광나루지구앞,127.1269478033680542_37.5596504528202146,1240090202,암사IC(서측),127.1308373655388664_37.5634694337541291,547.0,85.0,원활,127.1308373655388664_37.5634694337541291|127.1304395565809671_37.5631473897905153|127.1297692396458956_37.5625688430569511|127.1293553268536130_37.5621938351308913|127.1289548887118599_37.5618152340556080|127.1286624204853126_37.5615294868736953|127.1282079077977443_37.5610472428759650|127.1279469249624725_37.5607829142085734|127.1277579236502930_37.5605828724556119|127.1273528761989411_37.5601256030252131|127.1271323445065207_37.5598719561348560|127.1269478033680542_37.5596504528202146
2026-09-04T03:35:30.187978+09:00,광나루한강공원,광나루한강공원,POI087,KEY_3,1240057300,올림픽대로,1240030300,강일IC,127.1606499758005384_37.5714359568575702,1240030900,강일IC,127.1651625313621281_37.5734340461809779,456.0,84.3,원활,127.1651625313621281_37.5734340461809779|127.1632490113124447_37.5725223673562283|127.1606499758005384_37.5714359568575702
2026-09-04T03:35:30.187978+09:00,광나루한강공원,광나루한강공원,POI087,KEY_3,1240057500,서울양양고속도로,1240030900,강일IC,127.1651625313621281_37.5734340461809779,1240031100,강일IC,127.1691443708316314_37.5755176901044976,421.0,82.3,원활,127.1691443708316314_37.5755176901044976|127.1684720445243215_37.5751921035002070|127.1679862738846367_37.5749460640484614|127.1673070552934064_37.5745822937581835|127.1651625313621281_37.5734340461809779
2026-09-04T03:35:30.187978+09:00,광나루한강공원,광나루한강공원,POI087,KEY_3,1240059700,올림픽대로,1240017800,천호동480-7,127.1193551490127760_37.5429706223890776,1240032400,상행4교,127.1204348553451950_37.5446076809158882,206.0,65.0,원활,127.1204348553451950_37.5446076809158882|127.1201623800669296_37.5441394084785358|127.1198193379672148_37.5435695202564261|127.1196945642871015_37.5433687916018997|127.1195071488959343_37.5431177801974911|127.1193551490127760_37.5429706223890776
2026-09-04T03:35:30.187978+09:00,광나루한강공원,광나루한강공원,POI087,KEY_3,1240216500,올림픽대로,1240090202,암사IC(서측),127.1308373655388664_37.5634694337541291,1240090300,암사IC,127.1311901252658743_37.5637979024442927,48.0,63.7,원활,127.1311901252658743_37.5637979024442927|127.1310138827218452_37.5636337964583262|127.1308373655388664_37.5634694337541291
2026-09-04T03:35:30.187978+09:00,광나루한강공원,광나루한강공원,POI087,KEY_3,1240216700,올림픽대로,1240090300,암사IC,127.1311901252658743_37.5637979024442927,1240090500,암사IC,127.1329986169290862_37.5660652670102877,318.0,56.3,원활,127.1329986169290862_37.5660652670102877|127.1328953941539055_37.5659201364822906|127.1328683589674426_37.5657876034544600|127.1328605096152273_37.5656794288641009|127.1328678177050620_37.5654828603696558|127.1328713805042128_37.5653335298719071|127.1328673549299992_37.5652223038032886|127.1328537636253913_37.5651141329609501|127.1328152880906686_37.5650059928144842|127.1327730376240623_37.5649283303708970|127.1326867371606824_37.5648354806896165|127.1325793638164470_37.5647350366917578|127.1319258660842877_37.5643015086600727|127.1313737935168007_37.5639166927200563|127.1311901252658743_37.5637979024442927
2026-09-04T03:35:30.187978+09:00,광나루한강공원,광나루한강공원,POI087,KEY_3,2210114600,수도권제1순환고속도로,2219109600,최소노드배치점,127.1609957002902433_37.5785547087026899,1240031000,강일IC(북측),127.1634752871115808_37.5755388690718135,400.0,97.8,원활,127.1634752871115808_37.5755388690718135|127.1610498332658210_37.5784891172327278|127.1609957002902433_37.5785547087026899
2026-09-04T03:35:30.187978+09:00,광나루한강공원,광나루한강공원,POI087,KEY_3,1240217100,올림픽대로,1240090300,암사IC,127.1311901252658743_37.5637979024442927,1240090800,암사IC,127.1365972294102136_37.5651414590423798,693.0,52.7,원활,127.1365972294102136_37.5651414590423798|127.1366263498069742_37.5655247592747017|127.1366167971389984_37.5656929654523779|127.1365649460693987_37.5658421591015284|127.1365017738534391_37.5659610923698466|127.1364258738261981_37.5660542502193593|127.1363443474445631_37.5661507779322008|127.1362559045065979_37.5662221956221316|127.1361627886459758_37.5662828859782465|127.1360539698548564_37.5663292820469792|127.1359376504363468_37.5663766290928933|127.1358095231906304_37.5664104188161829|127.1356841884783364_37.5664318678621783|127.1355588365373990_37.5664432247464291|127.1354531846279627_37.5664411025320177|127.1353489279283622_37.5664356161090396|127.1352108326978083_37.5664111059951153|127.1350797559133667_37.5663731304233295|127.1349599506734194_37.5663351418212059|127.1347329831988588_37.5662412119071334|127.1345299467184589_37.5661371604368099|127.1342169603501446_37.5659917464286082|127.1340214186574826_37.5658947989163110|127.1335532128112504_37.5656929956492291|127.1332924858514275_37.5655570489759256|127.1331657550513938_37.5654850024289502|127.1330075339983523_37.5653758269636810|127.1328322008377683_37.5652387973408679|127.1326037771345341_37.5650332117797632|127.1323717324360416_37.5648140500230099|127.1322296265415730_37.5646762668406211|127.1320398864888830_37.5645135188209238|127.1318015860040163_37.5643079445266750|127.1315363565676506_37.5641031115349975|127.1313266480101163_37.5639559655156603|127.1311901252658743_37.5637979024442927
2026-09-04T03:35:30.187978+09:00,광나루한강공원,광나루한강공원,POI087,KEY_3,1240217200,올림픽대로,1240090701,암사IC(동측),127.1364229071871677_37.5663677147302906,1240090500,암사IC,127.1329986169290862_37.5660652670102877,429.0,55.5,원활,127.1329986169290862_37.5660652670102877|127.1329600232939043_37.5659203700531990|127.1329477880620686_37.5657735359934364|127.1329571774073059_37.5656667286276971|127.1329953312629755_37.5655656083791030|127.1330524000476601_37.5654702791231472|127.1331395872142025_37.5653680962422101|127.1332719276441736_37.5652471288348551|127.1334574976156517_37.5651451697874421|127.1336425154903651_37.5650873571503965|127.1338331574076790_37.5650681545166520|127.1339956210931490_37.5650678927528929|127.1341503653642917_37.5650884588409824|127.1343907537342943_37.5651804419851203|127.1347988979699153_37.5654176755140767|127.1361786059709686_37.5661791595674472|127.1364229071871677_37.5663677147302906
2026-09-04T03:35:30.187978+09:00,광나루한강공원,광나루한강공원,POI087,KEY_3,1240217300,올림픽대로,1240032202,암사IC,127.1348105358614475_37.5657190763764177,1240090702,암사IC(동측),127.1362722116925994_37.5665738586957119,536.0,59.5,원활,127.1362722116925994_37.5665738586957119|127.1355422138825730_37.5663616190620218|127.1348522274947328_37.5660240593168595|127.1342908298379797_37.5657067127172297|127.1341501924355697_37.5656478330757935|127.1340163428170911_37.5656032849037871|127.1338410826988223_37.5655780026662782|127.1336805566699155_37.5655762771312212|127.1335679829956007_37.5655935685079001|127.1334553318832974_37.5656328324409614|127.1333445177709223_37.5657000728031463|127.1332756414529683_37.5657719725260222|127.1332170858739090_37.5658548445979292|127.1331755937859640_37.5659449107621697|127.1331652662762650_37.5660414865934911|127.1331867609522135_37.5661374994450910|127.1332400486171395_37.5662272919825639|127.1333189293997492_37.5663054624892823|127.1334168092737400_37.5663671403775368|127.1335308265165622_37.5664115431693588|127.1336547605761496_37.5664370029105470|127.1337870236855281_37.5664456260945272|127.1339187209134565_37.5664270829611198|127.1340416062283367_37.5663864212405372|127.1341479884932824_37.5663306954828826|127.1342383507524829_37.5662603980275662|127.1343304101638694_37.5661885497603620|127.1344106509993281_37.5661070895429674|127.1348105358614475_37.5657190763764177
2026-09-04T03:35:30.187978+09:00,광나루한강공원,광나루한강공원,POI087,KEY_3,1240217600,올림픽대로,2210023201,구리암사대교(남측),127.1334726884199142_37.5674589454839420,1240090901,암사IC,127.1394559378402249_37.5670778105045855,575.0,62.7,원활,127.1394559378402249_37.5670778105045855|127.1391618742425180_37.5671175478771460|127.1387317818069249_37.5671512557337621|127.1381680858627021_37.5671271691521014|127.1378284097649924_37.5670932364760404|127.1374725327581388_37.5670450228944262|127.1372447989842129_37.5670107436991003|127.1369697781383366_37.5669581404343518|127.1367585584036846_37.5669140446188194|127.1365455306683003_37.5668628011187735|127.1363783400160372_37.5668179373993993|127.1362139303013947_37.5667647999988148|127.1360363612497935_37.5667022909636685|127.1358671842482835_37.5666359499810625|127.1357252808234790_37.5665890154760760|127.1355862061503359_37.5665495495053392|127.1354603154168927_37.5665272655413673|127.1352987581030334_37.5665184813906166|127.1351409859530435_37.5665253898261540|127.1350085934929695_37.5665449784701764|127.1348612114022671_37.5665847708890581|127.1347194891144881_37.5666380121291681|127.1345881243871787_37.5667061961113262|127.1344361688853581_37.5668140219592956|127.1342926771646944_37.5669293153423993|127.1341501309783979_37.5670475978779947|127.1339456741921055_37.5672093135944110|127.1334726884199142_37.5674589454839420
2026-09-04T03:35:30.187978+09:00,광나루한강공원,광나루한강공원,POI087,KEY_3,1240224500,구천면로,1249098600,최소노드배치점,127.1150320984369557_37.5442471099520390,1240018000,광진교(동측),127.1177651433606286_37.5433963082104114,259.0,59.0,원활,127.1177651433606286_37.5433963082104114|127.1150320984369557_37.5442471099520390
2026-09-04T03:35:30.187978+09:00,광나루한강공원,광나루한강공원,POI087,KEY_3,1240225700,양재대로,2210023201,구리암사대교(남측),127.1334726884199142_37.5674589454839420,1240032201,암사IC,127.1349194171493338_37.5657805051552458,226.0,94.0,원활,127.1349194171493338_37.5657805051552458|127.1347113561779594_37.5660250553624380|127.1343030318637659_37.5664722466768595|127.1334726884199142_37.5674589454839420
2026-09-04T03:35:30.187978+09:00,광나루한강공원,광나루한강공원,POI087,KEY_3,1240225800,양재대로,1240032202,암사IC,127.1348105358614475_37.5657190763764177,2210023202,구리암사대교(남측),127.1333607373298094_37.5673990317431219,226.0,89.0,원활,127.1333607373298094_37.5673990317431219|127.1339898006687719_37.5666507311606352|127.1345996182809017_37.5659635700386403|127.1347596556099120_37.5657752217915260|127.1348105358614475_37.5657190763764177
2026-09-04T03:35:30.187978+09:00,광나루한강공원,광나루한강공원,POI087,KEY_3,1249001300,올림픽대로,1249000900,강동고덕IC,127.1454005448970577_37.5666132262366972,1249001700,강동고덕IC,127.1492121179498014_37.5666314223501203,339.0,64.0,원활,127.1492121179498014_37.5666314223501203|127.1491517684305705_37.5666506266823532|127.1490891987170784_37.5666668338693199|127.1490241536903909_37.5666798852292416|127.1489563782325547_37.5666896220796218|127.1488856172266821_37.5666958857371682|127.1488116155573067_37.5666985175178283|127.1487538341527852_37.5666980124752143|127.1486939787477439_37.5666953082959765|127.1486319417171700_37.5666903380342205|127.1482595541863247_37.5666553171452406|127.1481842141033667_37.5666458129190204|127.1481029864332157_37.5666368475785077|127.1480166691343072_37.5666284947251015|127.1479105974525794_37.5666196220394184|127.1477999514545161_37.5666118000809703|127.1476859982637393_37.5666051457360766|127.1475700050023363_37.5665997758956252|127.1474532387909591_37.5665958074551938|127.1473534987606371_37.5665936099474820|127.1472549197459756_37.5665926015455014|127.1471742331369512_37.5665927226699523|127.1460812311838140_37.5666310345758490|127.1454005448970577_37.5666132262366972
2026-09-04T03:35:30.187978+09:00,광나루한강공원,광나루한강공원,POI087,KEY_3,1249004200,세종포천고속도로,1249003800,속성변화점,127.1538504256544826_37.5669421443272782,1249004200,강동고덕IC,127.1531229995195389_37.5684066576774143,177.0,59.0,원활,127.1531229995195389_37.5684066576774143|127.1535588105884784_37.5677732648299880|127.1535929995864933_37.5677180275478122|127.1536248360431784_37.5676632906555739|127.1536543679879827_37.5676090409917052|127.1536816434500565_37.5675552653944180|127.1537067104583940_37.5675019507018462|127.1537296170416482_37.5674490837518178|127.1537504112283159_37.5673966513820972|127.1537691410466238_37.5673446404302638|127.1537858545246706_37.5672930377337835|127.1538005996902143_37.5672418301299587|127.1538134245708846_37.5671910044559638|127.1538243771941552_37.5671405475488882|127.1538335055871727_37.5670904462456576|127.1538408577770412_37.5670406873831837|127.1538464817905947_37.5669912577981435|127.1538504256544826_37.5669421443272782
2026-09-04T03:35:30.187978+09:00,광나루한강공원,광나루한강공원,POI087,KEY_3,1249004300,세종포천고속도로,1249004000,고덕토평대교남측,127.1545591558637369_37.5669550891076014,1249004200,강동고덕IC,127.1531229995195389_37.5684066576774143,205.0,97.8,원활,127.1531229995195389_37.5684066576774143|127.1532135199928177_37.5683248961847838|127.1533046506330322_37.5682413080580773|127.1533960872386615_37.5681562109459009|127.1534875266374343_37.5680699219237368|127.1535786664171752_37.5679827576630743|127.1536691796681140_37.5678950588425877|127.1537810724618538_37.5677850763585255|127.1538909404785898_37.5676753577294917|127.1539982208116442_37.5675664961815983|127.1541023247567068_37.5674591108636875|127.1542026905767671_37.5673537932635924|127.1542798270779571_37.5672715179325110|127.1543538975981420_37.5671912761153450|127.1544245713835153_37.5671134180022293|127.1545591558637369_37.5669550891076014
2026-09-04T03:35:30.187978+09:00,광나루한강공원,광나루한강공원,POI087,KEY_3,1249004400,세종포천고속도로,1249004200,강동고덕IC,127.1531229995195389_37.5684066576774143,1249004300,속성변화점,127.1522537238791841_37.5691179051641413,110.0,77.0,원활,127.1522537238791841_37.5691179051641413|127.1523607796468411_37.5690333491446182|127.1525902903006937_37.5688563531528530|127.1526498118070663_37.5688094067240073|127.1527108078899033_37.5687602660624833|127.1527731575753677_37.5687090563237618|127.1528367244431763_37.5686559157201145|127.1529013741228908_37.5686009814704747|127.1529669738312691_37.5685443899934768|127.1530333557997778_37.5684863087568388|127.1531229995195389_37.5684066576774143
2026-09-04T03:35:30.187978+09:00,광나루한강공원,광나루한강공원,POI087,KEY_3,1249004900,세종포천고속도로,1249004700,속성변화점,127.1532558940064632_37.5685317270623784,1249004400,강동고덕IC,127.1543111086451745_37.5675084796111562,147.0,94.0,원활,127.1543111086451745_37.5675084796111562|127.1542642049294614_37.5675576974918073|127.1541590918255054_37.5676661240150978|127.1540508224112784_37.5677759894576084|127.1539399686044192_37.5678866927681128|127.1538271281338837_37.5679976069766965|127.1537357464921456_37.5680861473637577|127.1536437611318320_37.5681741204938291|127.1535514394082611_37.5682612423114790|127.1534590731802581_37.5683472047559022|127.1533669535522648_37.5684317001723187|127.1532753706052858_37.5685144214808062|127.1532558940064632_37.5685317270623784
2026-09-04T03:35:30.187978+09:00,광나루한강공원,광나루한강공원,POI087,KEY_3,1249005500,올림픽대로,1249004900,강동고덕IC,127.1556172088553183_37.5685808780140178,1249005100,강동고덕IC,127.1594245200947029_37.5708609109450435,442.0,50.0,원활,127.1594245200947029_37.5708609109450435|127.1588715773559244_37.5706859281288743|127.1580595927379278_37.5703110920263939|127.1579691582908254_37.5702726713072863|127.1578110747222468_37.5702093065536431|127.1569625645828836_37.5698849616775519|127.1565017725998672_37.5696886070384934|127.1564544256262366_37.5696560720357198|127.1564114406254049_37.5696225646814881|127.1563728176568731_37.5695880711070558|127.1563353706094972_37.5695489725379588|127.1563032017711521_37.5695086454000986|127.1562763112197274_37.5694670712322036|127.1562546990325870_37.5694242315722349|127.1562383652865975_37.5693801079574996|127.1561674568100102_37.5691095660189305|127.1561466169877406_37.5690521608998296|127.1561279777383930_37.5690062093171449|127.1561065119989706_37.5689596704125321|127.1560841316127437_37.5689180059745880|127.1560577006417532_37.5688766896133117|127.1560260854565882_37.5688363298500576|127.1559910932286499_37.5688002241587924|127.1559519866989518_37.5687672624400264|127.1559080286109520_37.5687363345928915|127.1558584817111210_37.5687063305148499|127.1556172088553183_37.5685808780140178
2026-09-04T03:35:30.187978+09:00,광나루한강공원,광나루한강공원,POI087,KEY_3,1249005600,세종포천고속도로,2219001400,강동구-구리시,127.1514647427795097_37.5699413360462344,1249004700,속성변화점,127.1532558940064632_37.5685317270623784,223.0,94.0,원활,127.1532558940064632_37.5685317270623784|127.1531846520407072_37.5685950277339202|127.1531172624208637_37.5686539907219981|127.1530506549390651_37.5687114516808691|127.1529849125477512_37.5687673145237468|127.1529201531859457_37.5688214521152730|127.1528564932069401_37.5688737381209066|127.1527940469153464_37.5689240471999000|127.1527329440634304_37.5689722409552118|127.1525034848036881_37.5691491975690255|127.1523967485271243_37.5692335013670586|127.1522547258818037_37.5693439987906217|127.1520462644153895_37.5695038996392867|127.1517314946208330_37.5697420983592494|127.1514647427795097_37.5699413360462344
2026-09-04T03:35:30.187978+09:00,광나루한강공원,광나루한강공원,POI087,KEY_3,2219001100,세종포천고속도로,1249004300,속성변화점,127.1522537238791841_37.5691179051641413,2219001300,강동구-구리시,127.1512993803769831_37.5698423595654631,117.0,85.5,원활,127.1512993803769831_37.5698423595654631|127.1515915337838010_37.5696241497645218|127.1519053223385924_37.5693866939154546|127.1521127670735893_37.5692275731775283|127.1522537238791841_37.5691179051641413
2026-09-04T03:35:30.187978+09:00,광화문광장,광화문광장,POI088,KEY_4,1000000902,새문안로,1000008401,신문로1가141,126.9756642084840337_37.5702188245241615,1000009300,세종로208,126.9762005801091362_37.5702231750732523,47.0,64.0,원활,126.9762005801091362_37.5702231750732523|126.9756642084840337_37.5702188245241615
2026-09-04T03:35:30.187978+09:00,광화문광장,광화문광장,POI088,KEY_4,1000000903,새문안로,1000214200,세종대로사거리,126.9766244379145377_37.5702266110763219,1000009004,세종대로사거리,126.9769755542479714_37.5702294562480148,31.0,47.0,원활,126.9769755542479714_37.5702294562480148|126.9766244379145377_37.5702266110763219
2026-09-04T03:35:30.187978+09:00,광화문광장,광화문광장,POI088,KEY_4,1000001301,종로,1000009001,세종대로사거리,126.9771187019505163_37.5702314111293560,1000009700,종로1가1-3,126.9777559525715844_37.5702421551131351,56.0,47.0,원활,126.9777559525715844_37.5702421551131351|126.9771187019505163_37.5702314111293560
2026-09-04T03:35:30.187978+09:00,광화문광장,광화문광장,POI088,KEY_4,1000001302,종로,1000009700,종로1가1-3,126.9777559525715844_37.5702421551131351,1000008804,광화문우체국,126.9784336631558119_37.5702494972367163,60.0,56.0,원활,126.9784336631558119_37.5702494972367163|126.9779432056922133_37.5702453112944994|126.9777559525715844_37.5702421551131351
2026-09-04T03:35:30.187978+09:00,광화문광장,광화문광장,POI088,KEY_4,1000001402,종로,1000008803,광화문우체국,126.9784351192109852_37.5701413844145975,1000008000,동아일보사,126.9777588281918099_37.5701340596360964,60.0,18.0,서행,126.9777588281918099_37.5701340596360964|126.9779453713088060_37.5701372048683524|126.9784351192109852_37.5701413844145975
2026-09-04T03:35:30.187978+09:00,광화문광장,광화문광장,POI088,KEY_4,1000008305,사직로8길,1000030902,세종로공원,126.9763299470461675_37.5743620222710391,1000016700,광화문,126.9763532157447088_37.5747826865806687,47.0,19.0,서행,126.9763532157447088_37.5747826865806687|126.9763299470461675_37.5743620222710391
2026-09-04T03:35:30.187978+09:00,광화문광장,광화문광장,POI088,KEY_4,1000008306,사직로8길,1000030901,세종로공원,126.9763653836261312_37.5741476322646690,1000030902,세종로공원,126.9763299470461675_37.5743620222710391,24.0,19.0,서행,126.9763299470461675_37.5743620222710391|126.9763653836261312_37.5741476322646690
2026-09-04T03:35:30.187978+09:00,광화문광장,광화문광장,POI088,KEY_4,1000008403,세종대로,1000178600,세종로 84-12,126.9773435970436708_37.5716353187199061,1000010301,주한네덜란드대사관,126.9773205016073234_37.5708618739457165,86.0,51.0,원활,126.9773205016073234_37.5708618739457165|126.9773435970436708_37.5716353187199061
2026-09-04T03:35:30.187978+09:00,광화문광장,광화문광장,POI088,KEY_4,1000008404,세종대로,1000031103,대한민국역사박물관,126.9772668410657133_37.5742389331108342,1000013701,미국대사관,126.9773127388234570_37.5727861811112405,161.0,30.0,원활,126.9773127388234570_37.5727861811112405|126.9772668410657133_37.5742389331108342
2026-09-04T03:35:30.187978+09:00,광화문광장,광화문광장,POI088,KEY_4,1000008405,세종대로,1000031102,대한민국역사박물관,126.9772570032702248_37.5744554912241924,1000031103,대한민국역사박물관,126.9772668410657133_37.5742389331108342,24.0,34.0,원활,126.9772668410657133_37.5742389331108342|126.9772570032702248_37.5744554912241924
2026-09-04T03:35:30.187978+09:00,광화문광장,광화문광장,POI088,KEY_4,1000008406,세종대로,1000013701,미국대사관,126.9773127388234570_37.5727861811112405,1000013702,미국대사관,126.9773159428094118_37.5726780742018107,12.0,42.0,원활,126.9773159428094118_37.5726780742018107|126.9773127388234570_37.5727861811112405
2026-09-04T03:35:30.187978+09:00,광화문광장,광화문광장,POI088,KEY_4,1000009901,사직로8길,1000015501,정부중앙청사별관,126.9745359191347660_37.5741633893777163,1000015902,중앙지하차도(서측),126.9756117227963585_37.5742176029672024,95.0,11.0,정체,126.9756117227963585_37.5742176029672024|126.9745359191347660_37.5741633893777163
2026-09-04T03:35:30.187978+09:00,광화문광장,광화문광장,POI088,KEY_4,1000009902,사직로8길,1000015902,중앙지하차도(서측),126.9756117227963585_37.5742176029672024,1000030902,세종로공원,126.9763299470461675_37.5743620222710391,66.0,19.0,서행,126.9763299470461675_37.5743620222710391|126.9758706991731145_37.5743046632961182|126.9756117227963585_37.5742176029672024
2026-09-04T03:35:30.187978+09:00,광화문광장,광화문광장,POI088,KEY_4,1000009903,사직로8길,1000031102,대한민국역사박물관,126.9772570032702248_37.5744554912241924,1000016202,중앙지하차도(동측),126.9780305337901893_37.5744492911494277,69.0,4.0,정체,126.9780305337901893_37.5744492911494277|126.9777525987565241_37.5744864077288838|126.9772766588325226_37.5744570835161937|126.9772570032702248_37.5744554912241924
2026-09-04T03:35:30.187978+09:00,광화문광장,광화문광장,POI088,KEY_4,1000009904,사직로8길,1000016202,중앙지하차도(동측),126.9780305337901893_37.5744492911494277,1000016107,정부합동민원실,126.9784461006803866_37.5744659883513918,37.0,32.0,원활,126.9784461006803866_37.5744659883513918|126.9780305337901893_37.5744492911494277
2026-09-04T03:35:30.187978+09:00,광화문광장,광화문광장,POI088,KEY_4,1000010001,사직로8길,1000015901,중앙지하차도(서측),126.9756254491522043_37.5741101153048476,1000015502,정부중앙청사별관,126.9745471372090009_37.5740556283939924,95.0,35.0,원활,126.9745471372090009_37.5740556283939924|126.9756254491522043_37.5741101153048476
2026-09-04T03:35:30.187978+09:00,광화문광장,광화문광장,POI088,KEY_4,1000010002,사직로8길,1000030901,세종로공원,126.9763653836261312_37.5741476322646690,1000015901,중앙지하차도(서측),126.9756254491522043_37.5741101153048476,66.0,21.0,서행,126.9756254491522043_37.5741101153048476|126.9759083891116944_37.5740905296920999|126.9763653836261312_37.5741476322646690
2026-09-04T03:35:30.187978+09:00,광화문광장,광화문광장,POI088,KEY_4,1000010003,사직로8길,1000016201,중앙지하차도(동측),126.9780392001640763_37.5743414013185841,1000031103,대한민국역사박물관,126.9772668410657133_37.5742389331108342,70.0,32.0,원활,126.9772668410657133_37.5742389331108342|126.9773009030501640_37.5742416927750185|126.9777735667203871_37.5742708146941595|126.9780392001640763_37.5743414013185841
2026-09-04T03:35:30.187978+09:00,광화문광장,광화문광장,POI088,KEY_4,1000010004,사직로8길,1000016106,정부합동민원실,126.9784265292035883_37.5743569447684180,1000016201,중앙지하차도(동측),126.9780392001640763_37.5743414013185841,34.0,16.0,서행,126.9780392001640763_37.5743414013185841|126.9784265292035883_37.5743569447684180
2026-09-04T03:35:30.187978+09:00,광화문광장,광화문광장,POI088,KEY_4,1000010600,새문안로5길,1000019302,정부서울청사사거리,126.9743957431224146_37.5756988655088620,1000015501,정부중앙청사별관,126.9745359191347660_37.5741633893777163,171.0,6.0,정체,126.9745359191347660_37.5741633893777163|126.9745251838795923_37.5743178497332622|126.9743883747213147_37.5754949317932088|126.9743883466303203_37.5755769520238516|126.9743957431224146_37.5756988655088620
2026-09-04T03:35:30.187978+09:00,광화문광장,광화문광장,POI088,KEY_4,1000011101,종로1길,1000061700,세종로 23-3,126.9788627671283336_37.5751151643689312,1000018300,경복궁사거리,126.9791985772177298_37.5755559719213679,57.0,30.0,원활,126.9791985772177298_37.5755559719213679|126.9791278841071005_37.5754329070121216|126.9790835784237970_37.5753764590680319|126.9788627671283336_37.5751151643689312
2026-09-04T03:35:30.187978+09:00,광화문광장,광화문광장,POI088,KEY_4,1000011102,종로1길,1000018300,경복궁사거리,126.9791985772177298_37.5755559719213679,1000019703,경복궁사거리,126.9793107532419185_37.5757813746508091,27.0,30.0,원활,126.9793107532419185_37.5757813746508091|126.9791985772177298_37.5755559719213679
2026-09-04T03:35:30.187978+09:00,광화문광장,광화문광장,POI088,KEY_4,1000011202,종로1길,1000019702,경복궁사거리,126.9794701198467664_37.5758080047390521,1000018200,경복궁,126.9792457576218681_37.5753789068622197,52.0,2.0,정체,126.9792457576218681_37.5753789068622197|126.9793010192322811_37.5754682222458030|126.9794701198467664_37.5758080047390521
2026-09-04T03:35:30.187978+09:00,광화문광장,광화문광장,POI088,KEY_4,1000011700,사직로,1000019303,정부서울청사사거리,126.9742603998069796_37.5757097304571062,1000019802,경복궁역사거리,126.9727094012703503_37.5758424186585529,138.0,30.5,원활,126.9727094012703503_37.5758424186585529|126.9729390930378230_37.5758227698022793|126.9733793101036952_37.5757851103966303|126.9742603998069796_37.5757097304571062
2026-09-04T03:35:30.187978+09:00,광화문광장,광화문광장,POI088,KEY_4,1000011800,사직로,1000242400,적선동 8-1,126.9733938280741512_37.5758926104395314,1000019304,정부서울청사사거리,126.9742589191568953_37.5758185992423250,77.0,18.0,서행,126.9742589191568953_37.5758185992423250|126.9733938280741512_37.5758926104395314
2026-09-04T03:35:30.187978+09:00,광화문광장,광화문광장,POI088,KEY_4,1000012001,사직로,1000018500,광화문,126.9756248255992830_37.5755943672526271,1000019302,정부서울청사사거리,126.9743957431224146_37.5756988655088620,109.0,40.3,원활,126.9743957431224146_37.5756988655088620|126.9754810818243271_37.5756177185546321|126.9756248255992830_37.5755943672526271
2026-09-04T03:35:30.187978+09:00,광화문광장,광화문광장,POI088,KEY_4,1000012101,사직로,1000003601,광화문삼거리,126.9772026040190127_37.5752961563211159,1000020200,경복궁,126.9786283706113750_37.5757946408291801,142.0,29.0,원활,126.9786283706113750_37.5757946408291801|126.9780494814518477_37.5757270176835334|126.9778051553330869_37.5756687993840117|126.9775841152535918_37.5755595455980540|126.9773389726312587_37.5753713360195221|126.9772665949307680_37.5753228898854132|126.9772026040190127_37.5752961563211159
2026-09-04T03:35:30.187978+09:00,광화문광장,광화문광장,POI088,KEY_4,1000012102,사직로,1000020200,경복궁,126.9786283706113750_37.5757946408291801,1000019704,경복궁사거리,126.9793621536958312_37.5759001150550986,66.0,27.0,원활,126.9793621536958312_37.5759001150550986|126.9791440605087161_37.5758645700478056|126.9786283706113750_37.5757946408291801
2026-09-04T03:35:30.187978+09:00,광화문광장,광화문광장,POI088,KEY_4,1000012201,사직로,1000018900,광화문,126.9779451863085598_37.5756050720602488,1000003602,광화문삼거리,126.9772110255811555_37.5752034687002023,79.0,19.0,서행,126.9772110255811555_37.5752034687002023|126.9772928511832646_37.5752335458452649|126.9773935570080141_37.5752794922773816|126.9776603729761888_37.5754731005354259|126.9778509223909992_37.5755747642951761|126.9779451863085598_37.5756050720602488
2026-09-04T03:35:30.187978+09:00,광화문광장,광화문광장,POI088,KEY_4,1000012202,사직로,1000019100,경복궁,126.9786480964121154_37.5756876675167888,1000018900,광화문,126.9779451863085598_37.5756050720602488,63.0,19.0,서행,126.9779451863085598_37.5756050720602488|126.9786480964121154_37.5756876675167888
2026-09-04T03:35:30.187978+09:00,광화문광장,광화문광장,POI088,KEY_4,1000012203,사직로,1000019703,경복궁사거리,126.9793107532419185_37.5757813746508091,1000019100,경복궁,126.9786480964121154_37.5756876675167888,59.0,12.0,정체,126.9786480964121154_37.5756876675167888|126.9791690991976765_37.5757582877498706|126.9793107532419185_37.5757813746508091
2026-09-04T03:35:30.187978+09:00,광화문광장,광화문광장,POI088,KEY_4,1000012502,사직로,1000224600,내자동 35,126.9704050096786716_37.5761139325286422,1000019804,경복궁역사거리,126.9725583211622109_37.5759627912727225,191.0,48.5,원활,126.9725583211622109_37.5759627912727225|126.9704050096786716_37.5761139325286422
2026-09-04T03:35:30.187978+09:00,광화문광장,광화문광장,POI088,KEY_4,1000015201,효자로,1000022102,한글전각갤러리,126.9739017858953645_37.5793498869892204,1000019301,정부서울청사사거리,126.9743957935852450_37.5758074664167268,396.0,26.0,원활,126.9743957935852450_37.5758074664167268|126.9743764184428017_37.5760755345660726|126.9743092662572082_37.5764778948295017|126.9741719066146146_37.5773009081164844|126.9741268698984413_37.5775378120208856|126.9740611119599407_37.5778837117652031|126.9740177174622744_37.5782830491677231|126.9739017858953645_37.5793498869892204
2026-09-04T03:35:30.187978+09:00,광화문광장,광화문광장,POI088,KEY_4,1000015401,자하문로,1000140900,통의동 139,126.9725715057905830_37.5765777524989346,1000019801,경복궁역사거리,126.9726968257656665_37.5759522364072183,70.0,29.0,원활,126.9726968257656665_37.5759522364072183|126.9726385507227491_37.5763288934255186|126.9725895796281208_37.5765259070172135|126.9725715057905830_37.5765777524989346
2026-09-04T03:35:30.187978+09:00,광화문광장,광화문광장,POI088,KEY_4,1000029000,삼봉로,1000013504,주한미국대사관,126.9784467211068915_37.5726032215874994,1000013702,미국대사관,126.9773159428094118_37.5726780742018107,102.0,19.0,서행,126.9773159428094118_37.5726780742018107|126.9782512339889990_37.5726820504358230|126.9783129244980984_37.5726656952107234|126.9784467211068915_37.5726032215874994
2026-09-04T03:35:30.187978+09:00,광화문광장,광화문광장,POI088,KEY_4,1000029100,삼봉로,1000013701,미국대사관,126.9773127388234570_37.5727861811112405,1000013506,주한미국대사관,126.9785034818852267_37.5727020694592397,108.0,37.0,원활,126.9785034818852267_37.5727020694592397|126.9783693699185818_37.5727646906777721|126.9782729085429054_37.5727902630233856|126.9773127388234570_37.5727861811112405
2026-09-04T03:35:30.187978+09:00,광화문광장,광화문광장,POI088,KEY_4,1000032100,사직로8길,1000016201,중앙지하차도(동측),126.9780392001640763_37.5743414013185841,1000015901,중앙지하차도(서측),126.9756254491522043_37.5741101153048476,215.0,37.0,원활,126.9756254491522043_37.5741101153048476|126.9761957492264486_37.5741735473063159|126.9766215660821871_37.5742181343338189|126.9771926297512294_37.5742872595378330|126.9772948428578871_37.5742955404616978|126.9780392001640763_37.5743414013185841
2026-09-04T03:35:30.187978+09:00,광화문광장,광화문광장,POI088,KEY_4,1000032200,사직로8길,1000015902,중앙지하차도(서측),126.9756117227963585_37.5742176029672024,1000016202,중앙지하차도(동측),126.9780305337901893_37.5744492911494277,215.0,33.0,원활,126.9780305337901893_37.5744492911494277|126.9772827190510327_37.5744032358319444|126.9771755284284893_37.5743945520917961|126.9766024909210955_37.5743251885524288|126.9761774658537661_37.5742806845081674|126.9756117227963585_37.5742176029672024
2026-09-04T03:35:30.187978+09:00,광화문광장,광화문광장,POI088,KEY_4,1000033500,사직로8길,1000016700,광화문,126.9763532157447088_37.5747826865806687,1000018500,광화문,126.9756248255992830_37.5755943672526271,120.0,15.0,서행,126.9756248255992830_37.5755943672526271|126.9757224088591272_37.5755618208710729|126.9758504305735158_37.5754900338429323|126.9760508643001629_37.5753564685578638|126.9761754799532412_37.5752709023523934|126.9762520914758284_37.5751999395367235|126.9763079793872578_37.5751369053768087|126.9763381579947321_37.5750888967285448|126.9763591702643026_37.5749970467265655|126.9763532157447088_37.5747826865806687
2026-09-04T03:35:30.187978+09:00,광화문광장,광화문광장,POI088,KEY_4,1000034400,새문안로3길,1000018004,서울특별시경찰청,126.9726181216856418_37.5753302820372284,1000019803,경복궁역사거리,126.9725722748504069_37.5758532725264089,58.0,25.0,원활,126.9725722748504069_37.5758532725264089|126.9726181216856418_37.5753302820372284
2026-09-04T03:35:30.187978+09:00,광화문광장,광화문광장,POI088,KEY_4,1000034500,새문안로3길,1000019802,경복궁역사거리,126.9727094012703503_37.5758424186585529,1000018001,서울특별시경찰청,126.9727536370288590_37.5753378072978137,56.0,29.5,원활,126.9727536370288590_37.5753378072978137|126.9727094012703503_37.5758424186585529
2026-09-04T03:35:30.187978+09:00,광화문광장,광화문광장,POI088,KEY_4,1000034600,종로1길,1000018300,경복궁사거리,126.9791985772177298_37.5755559719213679,1000019100,경복궁,126.9786480964121154_37.5756876675167888,52.0,20.0,서행,126.9786480964121154_37.5756876675167888|126.9788862592677674_37.5756563323175570|126.9790599923662171_37.5756153599018674|126.9791438638352332_37.5755915362356276|126.9791953891944161_37.5755648461559062|126.9791985772177298_37.5755559719213679
2026-09-04T03:35:30.187978+09:00,광화문광장,광화문광장,POI088,KEY_4,1000034900,율곡로,1000019401,경복궁,126.9801381644492011_37.5758813627365100,1000018200,경복궁,126.9792457576218681_37.5753789068622197,101.0,19.0,서행,126.9792457576218681_37.5753789068622197|126.9793355830232144_37.5754952608411301|126.9794316395642397_37.5755988334256017|126.9795071017629624_37.5756589212616419|126.9796274882100420_37.5757347490756146|126.9797877149027556_37.5758145479697703|126.9801381644492011_37.5758813627365100
2026-09-04T03:35:30.187978+09:00,광화문광장,광화문광장,POI088,KEY_4,1000035200,사직로,1000020200,경복궁,126.9786283706113750_37.5757946408291801,1000020600,대한출판문화협회,126.9794687888132074_37.5765544121067592,118.0,15.0,서행,126.9794687888132074_37.5765544121067592|126.9794368084534142_37.5764098329770562|126.9791960602808700_37.5761637733622180|126.9789750836954596_37.5759177176703147|126.9788694300669647_37.5758537146814078|126.9786283706113750_37.5757946408291801
2026-09-04T03:35:30.187978+09:00,광화문광장,광화문광장,POI088,KEY_4,1000046900,새문안로5길,1000012006,국토매일신문,126.9746696177836469_37.5730735623354022,1000032002,세종문화회관,126.9758250290710748_37.5731209316015295,105.0,12.0,정체,126.9758250290710748_37.5731209316015295|126.9757824820902385_37.5730812205397768|126.9757224844348826_37.5730583643911942|126.9746696177836469_37.5730735623354022
2026-09-04T03:35:30.187978+09:00,국립중앙박물관·용산가족공원,국립중앙박물관·용산가족공원,POI089,KEY_1,1020002703,동작대로,1020008300,동작대교(북측),126.9831231263510745_37.5186454299299683,1020008900,용산동6가68-2,126.9856244599082515_37.5199353315508191,345.0,50.3,원활,126.9856244599082515_37.5199353315508191|126.9851520657106505_37.5199330133943860|126.9849590223187761_37.5199222607252665|126.9844517234037795_37.5198792847619202|126.9837468776516687_37.5198934932959531|126.9834415949089248_37.5198934508918427|126.9833114065726534_37.5198684018021069|126.9832395884266276_37.5198111779369654|126.9831857329131708_37.5197325009994032|126.9831678001106070_37.5196216471319275|126.9831589769449067_37.5189315044776635|126.9831231263510745_37.5186454299299683
2026-09-04T03:35:30.187978+09:00,국립중앙박물관·용산가족공원,국립중앙박물관·용산가족공원,POI089,KEY_1,1020003501,서빙고로,1020008900,용산동6가68-2,126.9856244599082515_37.5199353315508191,1020009600,서빙고역1번출구,126.9892206338615068_37.5202953174309997,322.0,48.0,원활,126.9892206338615068_37.5202953174309997|126.9874372796063824_37.5202347577893534|126.9869599767637851_37.5201713421180116|126.9861687618297594_37.5200308704333310|126.9856244599082515_37.5199353315508191
2026-09-04T03:35:30.187978+09:00,국립중앙박물관·용산가족공원,국립중앙박물관·용산가족공원,POI089,KEY_1,1020003600,서빙고로,1020009803,서빙고역앞교차로,126.9906263345553441_37.5201827478191134,1020009100,용산동6가68-28,126.9856485208616874_37.5198269672326532,444.0,23.0,서행,126.9856485208616874_37.5198269672326532|126.9861984039574878_37.5199253592339943|126.9869859291069929_37.5200651761878134|126.9874513924203825_37.5201270182477344|126.9892261074465267_37.5201872858655250|126.9899322487584783_37.5202087064446914|126.9906263345553441_37.5201827478191134
2026-09-04T03:35:30.187978+09:00,국립중앙박물관·용산가족공원,국립중앙박물관·용산가족공원,POI089,KEY_1,1020003701,서빙고로,1020205300,최소노드배치점,126.9771318206997961_37.5215083602475872,1020013208,이촌역앞교차로,126.9721043872624193_37.5230255837811626,475.0,55.0,원활,126.9721043872624193_37.5230255837811626|126.9724396951435779_37.5229486320181209|126.9727996738355813_37.5228541381284799|126.9759261236798551_37.5218809031478742|126.9771318206997961_37.5215083602475872
2026-09-04T03:35:30.187978+09:00,국립중앙박물관·용산가족공원,국립중앙박물관·용산가족공원,POI089,KEY_1,1020003702,서빙고로,1020009100,용산동6가68-28,126.9856485208616874_37.5198269672326532,1020010400,용산동6가 69-17,126.9821380566905020_37.5199437901041364,315.0,60.0,원활,126.9821380566905020_37.5199437901041364|126.9826383095516746_37.5198210408598669|126.9829979071286772_37.5197577814862271|126.9832537786960671_37.5197221532927898|126.9834537822768112_37.5196943038870074|126.9841416316742198_37.5196883777421704|126.9845049125151775_37.5196974684270046|126.9850144834923640_37.5197426320869454|126.9856485208616874_37.5198269672326532
2026-09-04T03:35:30.187978+09:00,국립중앙박물관·용산가족공원,국립중앙박물관·용산가족공원,POI089,KEY_1,1020003800,서빙고로,1020132300,용산동6가 93-9,126.9832771544528640_37.5198286585956069,1020008900,용산동6가68-2,126.9856244599082515_37.5199353315508191,209.0,49.7,원활,126.9856244599082515_37.5199353315508191|126.9849957939445346_37.5198497634866399|126.9844952603327499_37.5198054001232961|126.9841402343862171_37.5197965168473218|126.9834662864089552_37.5198023232951812|126.9832771544528640_37.5198286585956069
2026-09-04T03:35:30.187978+09:00,난지한강공원,난지한강공원,POI090,KEY_2,1130006902,강변북로,1130199300,최소노드배치점,126.8729418117983414_37.5705812052893933,1130042800,가양대교,126.8697893429894208_37.5724082688915715,344.0,90.0,원활,126.8697893429894208_37.5724082688915715|126.8729418117983414_37.5705812052893933
2026-09-04T03:35:30.187978+09:00,난지한강공원,난지한강공원,POI090,KEY_2,1130006903,강변북로,1130042800,가양대교,126.8697893429894208_37.5724082688915715,1130045000,가양검문소,126.8655270720403223_37.5748441741929255,464.0,90.0,원활,126.8655270720403223_37.5748441741929255|126.8684984002298108_37.5731553579559545|126.8697893429894208_37.5724082688915715
2026-09-04T03:35:30.187978+09:00,난지한강공원,난지한강공원,POI090,KEY_2,1130023704,화곡로,1130043800,가양대교북측(남측),126.8640065465169613_37.5735408103049622,1130003102,가양대교북측(북측),126.8652734328428409_37.5751759287727651,213.0,78.7,원활,126.8652734328428409_37.5751759287727651|126.8650573893713869_37.5749071565173054|126.8640065465169613_37.5735408103049622
2026-09-04T03:35:30.187978+09:00,난지한강공원,난지한강공원,POI090,KEY_2,1130023804,화곡로,1130003101,가양대교북측(북측),126.8653879037502890_37.5751176402787053,1130043700,가양대교북측(남측),126.8641238491476031_37.5734862081748417,213.0,66.0,원활,126.8641238491476031_37.5734862081748417|126.8651729497332923_37.5748502250003824|126.8653879037502890_37.5751176402787053
2026-09-04T03:35:30.187978+09:00,난지한강공원,난지한강공원,POI090,KEY_2,1130066800,강변북로,1130042800,가양대교,126.8697893429894208_37.5724082688915715,1130043900,가양대교(북측),126.8653915391259233_37.5740001396464294,428.0,64.3,원활,126.8653915391259233_37.5740001396464294|126.8655742057499509_37.5739419777835124|126.8658939660418525_37.5738292252444879|126.8670765553321615_37.5734444641728871|126.8679322688668805_37.5731628727649962|126.8680668810109893_37.5731178050788230|126.8683506640299328_37.5730067616893137|126.8686659924354387_37.5728500975266826|126.8690150858697763_37.5726688106692777|126.8692939748631829_37.5725691850813419|126.8697893429894208_37.5724082688915715
2026-09-04T03:35:30.187978+09:00,난지한강공원,난지한강공원,POI090,KEY_2,1130067100,강변북로,1130043900,가양대교(북측),126.8653915391259233_37.5740001396464294,1130043700,가양대교북측(남측),126.8641238491476031_37.5734862081748417,133.0,50.7,원활,126.8641238491476031_37.5734862081748417|126.8643667768084100_37.5736869866731524|126.8645275042349709_37.5738130536306585|126.8646616308736128_37.5738960511847537|126.8648070000908348_37.5739607460517107|126.8649361413688155_37.5739957821690709|126.8650630327634161_37.5740136354167973|126.8651636699805891_37.5740179922855120|126.8652907555269280_37.5740129521496655|126.8653915391259233_37.5740001396464294
2026-09-04T03:35:30.187978+09:00,난지한강공원,난지한강공원,POI090,KEY_2,1130067400,강변북로,1130044900,가양대교(북측),126.8662979111019808_37.5750965324918980,2180012400,마포구-고양시덕양구,126.8621499541622484_37.5761292129435418,867.0,57.7,원활,126.8621499541622484_37.5761292129435418|126.8630365316940498_37.5756983525925961|126.8633496391713038_37.5755235658387008|126.8636024164670175_37.5753961503927982|126.8638549079817466_37.5753021186014351|126.8642093916064510_37.5751943274225582|126.8644317580255318_37.5751192112446475|126.8646243656565815_37.5750200868760302|126.8656963468579306_37.5743962637992084|126.8673222210701397_37.5734653760000015|126.8674191938721094_37.5734247582035579|126.8675616609625365_37.5734076352449335|126.8677301163889410_37.5734174809641033|126.8678459640486977_37.5734479111437594|126.8679578899536153_37.5734991876324784|126.8680656691356319_37.5735981381943773|126.8681136254124340_37.5736848440004394|126.8681425287121556_37.5738102009802120|126.8681227959743723_37.5739293354224060|126.8680618906707167_37.5740452685688453|126.8679938724763190_37.5741164485557846|126.8678959680219123_37.5741785247544513|126.8670114588051803_37.5746924804154645|126.8664732680685887_37.5749996173274710|126.8662979111019808_37.5750965324918980
2026-09-04T03:35:30.187978+09:00,난지한강공원,난지한강공원,POI090,KEY_2,1130068100,강변북로,1130045200,상암동1550-3,126.8641075564550107_37.5759187444953753,1130043900,가양대교(북측),126.8653915391259233_37.5740001396464294,472.0,47.3,서행,126.8653915391259233_37.5740001396464294|126.8655530578639770_37.5739801801802500|126.8656826690621386_37.5739598904694603|126.8661509725368433_37.5738555664648857|126.8662685671453687_37.5738390277396874|126.8663692370552525_37.5738395679072923|126.8664578250642165_37.5738514900970912|126.8665224124056721_37.5738670998852271|126.8665988064661292_37.5739037584917384|126.8666941819490717_37.5739634138358554|126.8667607786702263_37.5740248214943335|126.8668082321833168_37.5740823116192715|126.8668364303619285_37.5741492377416790|126.8668526598945334_37.5742141906959048|126.8668616174391417_37.5742886445381998|126.8668489706226410_37.5743667987229344|126.8668146220147861_37.5744600984612092|126.8667539721880928_37.5745456262622142|126.8666911827972115_37.5746006169252169|126.8666261100899249_37.5746422405294780|126.8660974620481738_37.5749545546124253|126.8655931483691290_37.5752410021525876|126.8650740029988668_37.5755094827713094|126.8645475391721931_37.5757570541415831|126.8641075564550107_37.5759187444953753
2026-09-04T03:35:30.187978+09:00,난지한강공원,난지한강공원,POI090,KEY_2,1130069100,강변북로,1130045000,가양검문소,126.8655270720403223_37.5748441741929255,2180012600,마포구-고양시덕양구,126.8625272257133503_37.5762306272659998,312.0,53.7,원활,126.8625272257133503_37.5762306272659998|126.8626433861685427_37.5760568517554603|126.8627729468719139_37.5759511104311912|126.8635903166779713_37.5754976378824423|126.8637978156018278_37.5754093259839479|126.8640051312374766_37.5753424760846357|126.8644151451120194_37.5752230596518473|126.8648566176255628_37.5751038111562465|126.8655270720403223_37.5748441741929255
2026-09-04T03:35:30.187978+09:00,남산공원,남산공원,POI091,KEY_3,1010021200,녹사평대로,1020035102,중구-용산구,126.9843316265079096_37.5527042883916451,1010000902,남산3호터널(북측),126.9830887618383031_37.5553930310135513,318.0,58.5,원활,126.9830887618383031_37.5553930310135513|126.9832077271294821_37.5551010349056824|126.9843316265079096_37.5527042883916451
2026-09-04T03:35:30.187978+09:00,남산공원,남산공원,POI091,KEY_3,1010022000,녹사평대로58길,1010007300,남산2호터널입구,127.0030929919946061_37.5552358010399345,1010007101,남산2호터널(북측),127.0024253365402274_37.5551584245554793,60.0,43.3,원활,127.0024253365402274_37.5551584245554793|127.0030929919946061_37.5552358010399345
2026-09-04T03:35:30.187978+09:00,남산공원,남산공원,POI091,KEY_3,1010000301,장충단로,1010006900,남산2호터널입구,127.0033988695936671_37.5548935414454093,1010000603,남산2호터널입구,127.0037426485065737_37.5552737772064873,52.0,37.0,원활,127.0037426485065737_37.5552737772064873|127.0035282913233061_37.5550113935567609|127.0033988695936671_37.5548935414454093
2026-09-04T03:35:30.187978+09:00,남산공원,남산공원,POI091,KEY_3,1010000302,장충단로,1010005501,국립극장앞교차로,127.0006486526240224_37.5513665440380251,1010006900,남산2호터널입구,127.0033988695936671_37.5548935414454093,473.0,34.0,원활,127.0033988695936671_37.5548935414454093|127.0031149384006852_37.5546349890521256|127.0029234147354629_37.5544558999171159|127.0027809963428638_37.5542858346147881|127.0026807419987307_37.5541237203930294|127.0026308503079946_37.5539921596100967|127.0026137115633702_37.5539400997707560|127.0023539371052550_37.5531510119431502|127.0023156055375750_37.5530345749592982|127.0022897411065799_37.5529560082666123|127.0022014491112827_37.5527474874638685|127.0021082526436942_37.5525712764668427|127.0020031170222126_37.5524264996161321|127.0018806441535020_37.5523176583549869|127.0016912530339397_37.5521714482379920|127.0006486526240224_37.5513665440380251
2026-09-04T03:35:30.187978+09:00,남산공원,남산공원,POI091,KEY_3,1010000400,장충단로,1010054300,장충동2가 산14-59,127.0017857896011435_37.5520938273146712,1010005502,국립극장앞교차로,127.0007431891368697_37.5512889240241208,128.0,33.0,원활,127.0007431891368697_37.5512889240241208|127.0017857896011435_37.5520938273146712
2026-09-04T03:35:30.187978+09:00,남산공원,남산공원,POI091,KEY_3,1010001102,소파로,1010095500,회현동1가 산1-15,126.9845039711751298_37.5562079515069414,1010008204,숭의여자대학,126.9848938893702410_37.5565212352323172,52.0,23.0,서행,126.9848938893702410_37.5565212352323172|126.9848029126483766_37.5563786781750863|126.9847328238889048_37.5562825435116068|126.9845961173795814_37.5562250817582424|126.9845039711751298_37.5562079515069414
2026-09-04T03:35:30.187978+09:00,남산공원,남산공원,POI091,KEY_3,1010001201,소파로,1010006403,남산공원길삼거리,126.9831261462573053_37.5544988787698557,1010006502,남산삼거리,126.9812787838592385_37.5548495032825187,181.0,29.0,원활,126.9812787838592385_37.5548495032825187|126.9815220498121420_37.5548200034189605|126.9818019244048912_37.5547580294103938|126.9820135627067970_37.5546715471349657|126.9822289312196943_37.5545541563119158|126.9825569048328191_37.5543793323612292|126.9826816379444949_37.5543559860473053|126.9827968050887961_37.5543648759095134|126.9829020167175742_37.5544027231883888|126.9830185822169852_37.5544527319567010|126.9831261462573053_37.5544988787698557
2026-09-04T03:35:30.187978+09:00,남산공원,남산공원,POI091,KEY_3,1010003301,삼일대로,1010008009,남산한옥마을,126.9924991769319149_37.5566378220840988,1010013900,예장동 2-165,126.9907886661840450_37.5596968507301625,392.0,56.0,원활,126.9907886661840450_37.5596968507301625|126.9911072447422669_37.5595627094932709|126.9913094952981822_37.5594477276004284|126.9915421382187901_37.5592741322756680|126.9917249439470197_37.5590908004344186|126.9919044779056492_37.5588866613537036|126.9920094357326974_37.5587224662817363|126.9920543519056224_37.5586350518666592|126.9924229024185962_37.5569649010334317|126.9924991769319149_37.5566378220840988
2026-09-04T03:35:30.187978+09:00,남산공원,남산공원,POI091,KEY_3,1010001202,소파로,1010008203,숭의여자대학,126.9850149682281852_37.5564722624052933,1010006402,남산공원길삼거리,126.9833127479965924_37.5545875210906388,290.0,31.0,원활,126.9833127479965924_37.5545875210906388|126.9834363869461669_37.5546470148075002|126.9836101358687017_37.5547853899607205|126.9837289439065700_37.5549481427998586|126.9838488483216850_37.5551722121612812|126.9839365351384117_37.5554075097513831|126.9839827815822133_37.5556434026180455|126.9839916258128341_37.5559198695204870|126.9840256522176958_37.5560283028777846|126.9840988545075504_37.5560865991909338|126.9841806359164735_37.5561056005014819|126.9843075666088623_37.5561056174395418|126.9844905831734678_37.5560944341132981|126.9845348535011453_37.5561026639138476|126.9846440462466148_37.5561229626348521|126.9848307103494420_37.5562014240048967|126.9849222737715024_37.5563270131622957|126.9850149682281852_37.5564722624052933
2026-09-04T03:35:30.187978+09:00,남산공원,남산공원,POI091,KEY_3,1010001204,소파로,1010008207,퇴계로3가교차로,126.9882272590009933_37.5596084833303152,1010008202,숭의여자대학,126.9850923528635604_37.5565486456338746,492.0,17.5,서행,126.9850923528635604_37.5565486456338746|126.9851906864904691_37.5565858460465520|126.9853074115873142_37.5565988268837856|126.9855164635201703_37.5566135380703940|126.9856485836059363_37.5566459189330004|126.9858039765505708_37.5567232640226294|126.9858337769702672_37.5567433446292895|126.9859306749466015_37.5568086378831225|126.9860186837096307_37.5569046811477207|126.9861537911583866_37.5570964851778513|126.9862311615470674_37.5571580981197428|126.9863421672078232_37.5572115500676844|126.9864935101552135_37.5572334743272833|126.9867624436285354_37.5572654973995910|126.9868864122230860_37.5573106304780140|126.9869736628592989_37.5573772148304528|126.9870438797185983_37.5574750708671417|126.9870728940331759_37.5575906431716717|126.9871341294348213_37.5578206195085542|126.9871851851400208_37.5579104995386004|126.9873590005650499_37.5581028694753982|126.9874298075541503_37.5581914756963187|126.9874415619887742_37.5582394683360974|126.9874576301803870_37.5583050736805504|126.9874544572227535_37.5584030829173372|126.9874587342623329_37.5588887928806940|126.9874602536611121_37.5590613376255789|126.9874882855996105_37.5591301758755023|126.9875554613431632_37.5591874881907586|126.9876829529899709_37.5592492856312745|126.9879414610584405_37.5593534261293627|126.9880748439122300_37.5594389136614808|126.9881827319811975_37.5595404425465915|126.9882272590009933_37.5596084833303152
2026-09-04T03:35:30.187978+09:00,남산공원,남산공원,POI091,KEY_3,1010001301,장충단로,1010000604,남산2호터널입구,127.0038257611614085_37.5553763910344998,1010007600,남산2호터널입구교차로,127.0041260185985266_37.5557914777712298,53.0,54.0,원활,127.0041260185985266_37.5557914777712298|127.0040056243652913_37.5556037942045577|127.0038257611614085_37.5553763910344998
2026-09-04T03:35:30.187978+09:00,남산공원,남산공원,POI091,KEY_3,1010001302,장충단로,1010124300,동국대학교앞교차로,127.0045670624924838_37.5565468094024126,1010009900,장충체육관앞,127.0056977643979934_37.5586970766435471,259.0,47.0,원활,127.0056977643979934_37.5586970766435471|127.0047960363494610_37.5569407351396336|127.0045670624924838_37.5565468094024126
2026-09-04T03:35:30.187978+09:00,남산공원,남산공원,POI091,KEY_3,1010001303,장충단로,1010009900,장충체육관앞,127.0056977643979934_37.5586970766435471,1010010403,장충체육관앞교차로,127.0057665663904487_37.5590390492282040,38.0,48.0,원활,127.0057665663904487_37.5590390492282040|127.0057228446975870_37.5587857894109689|127.0056977643979934_37.5586970766435471
2026-09-04T03:35:30.187978+09:00,남산공원,남산공원,POI091,KEY_3,1010001400,장충단로,1010124400,동국대학교앞교차로,127.0046903157819855_37.5565014032542592,1010000601,남산2호터널입구,127.0039406830343722_37.5553187798869388,147.0,24.0,서행,127.0039406830343722_37.5553187798869388|127.0041237972855726_37.5555502934024474|127.0042469681278305_37.5557423033409137|127.0042695268052455_37.5557774702655394|127.0046903157819855_37.5565014032542592
2026-09-04T03:35:30.187978+09:00,남산공원,남산공원,POI091,KEY_3,1010001502,동호로,1010051200,장충동2가 200-99,127.0072549377270832_37.5585335221268224,1010010402,장충체육관앞교차로,127.0059032168232420_37.5590364937144017,133.0,41.0,원활,127.0059032168232420_37.5590364937144017|127.0060424523246354_37.5590206517219016|127.0062708051007263_37.5589790416794287|127.0064793488934498_37.5589089319431153|127.0066853042447690_37.5588299759944348|127.0068865164345908_37.5587327053933535|127.0072549377270832_37.5585335221268224
2026-09-04T03:35:30.187978+09:00,남산공원,남산공원,POI091,KEY_3,1010002701,소공로,1010000902,남산3호터널(북측),126.9830887618383031_37.5553930310135513,1010008902,속성변화점,126.9832089705039522_37.5572414839973518,206.0,48.5,원활,126.9832089705039522_37.5572414839973518|126.9831555236054470_37.5568017684804758|126.9830521252804942_37.5561027886698611|126.9830385570957532_37.5557769562709893|126.9830478610083446_37.5555376328218600|126.9830887618383031_37.5553930310135513
2026-09-04T03:35:30.187978+09:00,남산공원,남산공원,POI091,KEY_3,1010002801,소공로,1010008901,속성변화점,126.9833444453383180_37.5572378592887901,1010000901,남산3호터널(북측),126.9832195813292657_37.5554216252410669,203.0,49.0,원활,126.9832195813292657_37.5554216252410669|126.9831832021176723_37.5555513049927114|126.9831744347859939_37.5557768369584437|126.9831876703655809_37.5560946603272967|126.9832905738539210_37.5567902882398457|126.9833444453383180_37.5572378592887901
2026-09-04T03:35:30.187978+09:00,남산공원,남산공원,POI091,KEY_3,1010002802,소공로,1010105100,회현동2가 27-3,126.9829293161598969_37.5586746413334183,1010008901,속성변화점,126.9833444453383180_37.5572378592887901,165.0,31.0,원활,126.9833444453383180_37.5572378592887901|126.9833355997514985_37.5575008833025308|126.9832987830692304_37.5577459818027108|126.9832299618999656_37.5579759101541057|126.9831318471378125_37.5582319419447828|126.9831164077535988_37.5582722310573587|126.9829293161598969_37.5586746413334183
2026-09-04T03:35:30.187978+09:00,남산공원,남산공원,POI091,KEY_3,1010021100,녹사평대로,1010000901,남산3호터널(북측),126.9832195813292657_37.5554216252410669,1020035101,중구-용산구,126.9844587143850134_37.5527423976260550,317.0,55.0,원활,126.9844587143850134_37.5527423976260550|126.9833359757020901_37.5551366776229898|126.9832195813292657_37.5554216252410669
2026-09-04T03:35:30.187978+09:00,남산공원,남산공원,POI091,KEY_3,1010003302,삼일대로,1010013900,예장동 2-165,126.9907886661840450_37.5596968507301625,1010017003,퇴계로2가교차로,126.9889890744976100_37.5611001658779600,237.0,46.3,원활,126.9889890744976100_37.5611001658779600|126.9890595408814988_37.5608553446384548|126.9891256328368883_37.5606790112492348|126.9892666382029915_37.5604608081191671|126.9894301254928308_37.5603028087374966|126.9896049396944733_37.5601574925556534|126.9897890949876427_37.5600545841425344|126.9900359820303777_37.5599440574158336|126.9905175640940342_37.5597973426898264|126.9907886661840450_37.5596968507301625
2026-09-04T03:35:30.187978+09:00,남산공원,남산공원,POI091,KEY_3,1010003401,삼일대로,1010013100,예장동 산3-23,126.9921881175068847_37.5586537591868037,1010008006,남산한옥마을,126.9926327057625315_37.5566575572921622,225.0,50.0,원활,126.9926327057625315_37.5566575572921622|126.9925565518997388_37.5569841224033851|126.9921881175068847_37.5586537591868037
2026-09-04T03:35:30.187978+09:00,남산공원,남산공원,POI091,KEY_3,1010003402,삼일대로,1010017002,퇴계로2가교차로,126.9891250549591035_37.5611118311742516,1010013100,예장동 산3-23,126.9921881175068847_37.5586537591868037,403.0,39.0,원활,126.9921881175068847_37.5586537591868037|126.9921333805466759_37.5587669622396305|126.9920211997960280_37.5589424572383876|126.9918338579688566_37.5591554743801126|126.9916423048775016_37.5593475787773414|126.9913957815651457_37.5595315329503165|126.9911787667644205_37.5596549084761975|126.9908490674513786_37.5597936513351200|126.9905705661544317_37.5598969620606340|126.9900938505030723_37.5600421943677034|126.9898615779713822_37.5601461785287327|126.9896938440610228_37.5602399100324220|126.9895317290732208_37.5603746704899848|126.9893807410068831_37.5605205896683501|126.9892521749939931_37.5607195433671706|126.9891909463249533_37.5608829029173350|126.9891250549591035_37.5611118311742516
2026-09-04T03:35:30.187978+09:00,남산공원,남산공원,POI091,KEY_3,1010003701,동호로,1010010403,장충체육관앞교차로,127.0057665663904487_37.5590390492282040,1010010100,장충체육관앞,127.0051102100207174_37.5590018901398537,58.0,5.0,정체,127.0051102100207174_37.5590018901398537|127.0057665663904487_37.5590390492282040
2026-09-04T03:35:30.187978+09:00,남산공원,남산공원,POI091,KEY_3,1010003702,동호로,1010104300,장충동2가 산7-1,127.0030333060906713_37.5591096114287666,1010012003,엠버서더호텔,127.0027977571823641_37.5596709812965557,67.0,41.0,원활,127.0027977571823641_37.5596709812965557|127.0028380218545720_37.5594345353126258|127.0028698468580615_37.5593483830081922|127.0029413209754665_37.5591828437622723|127.0030333060906713_37.5591096114287666
2026-09-04T03:35:30.187978+09:00,남산공원,남산공원,POI091,KEY_3,1010004503,퇴계로,1010058100,충무로2가 111,126.9860157278956194_37.5609895542921493,1010016204,롯데호텔L7(명동),126.9867111612325346_37.5610613083895331,62.0,23.0,서행,126.9867111612325346_37.5610613083895331|126.9862655416711590_37.5610153303082797|126.9860157278956194_37.5609895542921493
2026-09-04T03:35:30.187978+09:00,남산공원,남산공원,POI091,KEY_3,1010004505,퇴계로,1010016201,롯데호텔L7(명동),126.9868467299909440_37.5610743853645488,1010017004,퇴계로2가교차로,126.9889474014538138_37.5613140531310350,189.0,34.0,원활,126.9889474014538138_37.5613140531310350|126.9870814163588051_37.5611494769929379|126.9869907146048007_37.5611414765227138|126.9868467299909440_37.5610743853645488
2026-09-04T03:35:30.187978+09:00,남산공원,남산공원,POI091,KEY_3,1010004604,퇴계로,1010016301,명동역1번출구,126.9871113334254318_37.5609345528858967,1010016202,롯데호텔L7(명동),126.9868616879201113_37.5609669231657151,23.0,42.0,원활,126.9868616879201113_37.5609669231657151|126.9870206308065406_37.5609265523693381|126.9871113334254318_37.5609345528858967
2026-09-04T03:35:30.187978+09:00,남산공원,남산공원,POI091,KEY_3,1010004605,퇴계로,1010017003,퇴계로2가교차로,126.9889890744976100_37.5611001658779600,1010016301,명동역1번출구,126.9871113334254318_37.5609345528858967,167.0,47.0,원활,126.9871113334254318_37.5609345528858967|126.9889890744976100_37.5611001658779600
2026-09-04T03:35:30.187978+09:00,남산공원,남산공원,POI091,KEY_3,1010005601,퇴계로,1010048300,충무로4가 125,126.9952241550831644_37.5614516441202824,1010016502,충무로역앞교차로,126.9933357350378316_37.5610532293559913,173.0,24.0,서행,126.9933357350378316_37.5610532293559913|126.9934886542693988_37.5610692325475668|126.9937811936575400_37.5611177660942559|126.9942724850213409_37.5612314453171834|126.9952241550831644_37.5614516441202824
2026-09-04T03:35:30.187978+09:00,남산공원,남산공원,POI091,KEY_3,1010006601,충무로,1010019402,호운빌딩,126.9931562485942607_37.5626064613558839,1010016501,충무로역앞교차로,126.9932971341834218_37.5611582393921495,161.0,13.0,정체,126.9932971341834218_37.5611582393921495|126.9932863823843547_37.5613599287251034|126.9931836992394096_37.5623435191156148|126.9931562485942607_37.5626064613558839
2026-09-04T03:35:30.187978+09:00,남산공원,남산공원,POI091,KEY_3,1010020600,녹사평대로58길,1010136200,최소노드배치점,126.9968887099839776_37.5508864123452000,1020033801,중구-용산구,126.9942815212881726_37.5482919379464306,370.0,45.3,원활,126.9942815212881726_37.5482919379464306|126.9953611190786091_37.5492577386266291|126.9963457068924129_37.5501404661396307|126.9965665935423402_37.5504285462955778|126.9968887099839776_37.5508864123452000
2026-09-04T03:35:30.187978+09:00,남산공원,남산공원,POI091,KEY_3,1010020700,녹사평대로58길,1010136500,최소노드배치점,126.9988788935205548_37.5538236872194844,1010007102,남산2호터널(북측),127.0024043754121976_37.5552652427156204,381.0,47.0,원활,127.0024043754121976_37.5552652427156204|126.9998659810384680_37.5549279687588040|126.9997652348791775_37.5549070456322696|126.9996575684543387_37.5548474155371821|126.9990770381372442_37.5540952315364933|126.9988788935205548_37.5538236872194844
2026-09-04T03:35:30.187978+09:00,남산공원,남산공원,POI091,KEY_3,1010022100,녹사평대로58길,1010007102,남산2호터널(북측),127.0024043754121976_37.5552652427156204,1010007400,남산2호터널입구,127.0030734265067593_37.5553427932220600,60.0,41.7,원활,127.0030734265067593_37.5553427932220600|127.0024043754121976_37.5552652427156204
2026-09-04T03:35:30.187978+09:00,남산공원,남산공원,POI091,KEY_3,1010022200,장충단로,1010006900,남산2호터널입구,127.0033988695936671_37.5548935414454093,1010007300,남산2호터널입구,127.0030929919946061_37.5552358010399345,66.0,34.0,원활,127.0030929919946061_37.5552358010399345|127.0033199494194918_37.5552405917881416|127.0033768411355197_37.5552072154187329|127.0034397212556030_37.5551595355091337|127.0034696612319607_37.5550880179411095|127.0034756459087646_37.5549926624747599|127.0033988695936671_37.5548935414454093
2026-09-04T03:35:30.187978+09:00,남산공원,남산공원,POI091,KEY_3,1010022400,녹사평대로58길,1010000603,남산2호터널입구,127.0037426485065737_37.5552737772064873,1010007300,남산2호터널입구,127.0030929919946061_37.5552358010399345,58.0,38.5,원활,127.0030929919946061_37.5552358010399345|127.0033892409550873_37.5552701380382103|127.0035699644311080_37.5552861191139016|127.0037426485065737_37.5552737772064873
2026-09-04T03:35:30.187978+09:00,남산공원,남산공원,POI091,KEY_3,1010022500,녹사평대로58길,1010007400,남산2호터널입구,127.0030734265067593_37.5553427932220600,1010000604,남산2호터널입구,127.0038257611614085_37.5553763910344998,67.0,6.0,정체,127.0038257611614085_37.5553763910344998|127.0035685255234768_37.5553947767724097|127.0033719563347603_37.5553773941959363|127.0030734265067593_37.5553427932220600
2026-09-04T03:35:30.187978+09:00,남산공원,남산공원,POI091,KEY_3,1010022800,녹사평대로58길,1010007400,남산2호터널입구,127.0030734265067593_37.5553427932220600,1010007600,남산2호터널입구교차로,127.0041260185985266_37.5557914777712298,109.0,41.7,원활,127.0041260185985266_37.5557914777712298|127.0036433526274493_37.5554479811013522|127.0034462848177839_37.5553951408027018|127.0030734265067593_37.5553427932220600
2026-09-04T03:35:30.187978+09:00,남산공원,남산공원,POI091,KEY_3,1010023100,필동로,1010130100,필동3가 61-16,126.9956758423491578_37.5564886423403124,1010005901,남산학사빌딩,126.9968729328910939_37.5526048160589738,465.0,15.0,서행,126.9968729328910939_37.5526048160589738|126.9969001079877700_37.5526913693534539|126.9969248551049077_37.5528466471043316|126.9969652148841561_37.5529820807668102|126.9971237035859275_37.5533572891303820|126.9971379251871468_37.5534886738987268|126.9970236820477396_37.5536850345630455|126.9968771639210843_37.5538882148150464|126.9968412488034630_37.5539757728333754|126.9966750295618994_37.5544149083081606|126.9963648975606674_37.5549850856884575|126.9962371702020363_37.5550664282652207|126.9962323999813947_37.5550709440456103|126.9961581049851844_37.5551412761027734|126.9960427606810924_37.5553267156352817|126.9959855657400141_37.5555069195413864|126.9958542241982542_37.5557391063254826|126.9957997040461208_37.5558354870824616|126.9956996920190164_37.5560558026157096|126.9956771680994905_37.5561648526345166|126.9956726357914505_37.5561867958577480|126.9956610930827026_37.5564217827936702|126.9956758423491578_37.5564886423403124
2026-09-04T03:35:30.187978+09:00,남산공원,남산공원,POI091,KEY_3,1010024601,퇴계로26길,1010008005,예장동2-102,126.9896564712399396_37.5593178416227360,1010012802,남산안기부터공원,126.9900119969606180_37.5598587489970583,68.0,30.0,원활,126.9900119969606180_37.5598587489970583|126.9899102911458471_37.5597158836745848|126.9896564712399396_37.5593178416227360
2026-09-04T03:35:30.187978+09:00,남산공원,남산공원,POI091,KEY_3,1010024702,퇴계로26길,1010012801,남산안기부터공원,126.9901301560217490_37.5598054406358912,1010008002,예장동2-102,126.9897775762310062_37.5592689009855789,67.0,31.0,원활,126.9897775762310062_37.5592689009855789|126.9900299867471176_37.5596647325304858|126.9901301560217490_37.5598054406358912
2026-09-04T03:35:30.187978+09:00,남산공원,남산공원,POI091,KEY_3,1010024800,장충단로,1010009900,장충체육관앞,127.0056977643979934_37.5586970766435471,1010010100,장충체육관앞,127.0051102100207174_37.5590018901398537,71.0,32.0,원활,127.0051102100207174_37.5590018901398537|127.0053645119635632_37.5589950808362403|127.0055705853889805_37.5589172873120702|127.0056842038645470_37.5588226817040862|127.0056977643979934_37.5586970766435471
2026-09-04T03:35:30.187978+09:00,남산공원,남산공원,POI091,KEY_3,1010026900,소파로,1010012802,남산안기부터공원,126.9900119969606180_37.5598587489970583,1010014000,매일경제티브이아트앤디자인센터,126.9893485137651794_37.5600758880328343,64.0,21.0,서행,126.9893485137651794_37.5600758880328343|126.9894623166251364_37.5600115328254631|126.9900119969606180_37.5598587489970583
2026-09-04T03:35:30.187978+09:00,남산공원,남산공원,POI091,KEY_3,1010027200,소파로,1010012801,남산안기부터공원,126.9901301560217490_37.5598054406358912,1010014301,퇴계로3가교차로,126.9884563236464601_37.5600435340665300,161.0,17.0,서행,126.9884563236464601_37.5600435340665300|126.9885276942571437_37.5601305548015389|126.9885824679438144_37.5601453103317269|126.9886504117103101_37.5601351977860745|126.9899225549276736_37.5597691471587041|126.9899893934116051_37.5597684221360879|126.9901301560217490_37.5598054406358912
2026-09-04T03:35:30.187978+09:00,남산공원,남산공원,POI091,KEY_3,1010027400,퇴계로26길,1010014600,주자동빌딩,126.9901932151330612_37.5601353360127277,1010012801,남산안기부터공원,126.9901301560217490_37.5598054406358912,37.0,33.0,원활,126.9901301560217490_37.5598054406358912|126.9901932151330612_37.5601353360127277
2026-09-04T03:35:30.187978+09:00,남산공원,남산공원,POI091,KEY_3,1010053900,삼일대로,1010008007,남산한옥마을,126.9926793846615709_37.5565231864836875,1010001101,남산1호터널(북측),126.9930465791601222_37.5557259705615749,94.0,45.0,원활,126.9930465791601222_37.5557259705615749|126.9928675379104703_37.5560502009483628|126.9927656627598935_37.5562864029666486|126.9926793846615709_37.5565231864836875
2026-09-04T03:35:30.187978+09:00,남산공원,남산공원,POI091,KEY_3,1010027600,삼일대로2길,1010014600,주자동빌딩,126.9901932151330612_37.5601353360127277,1010013100,예장동 산3-23,126.9921881175068847_37.5586537591868037,254.0,30.5,원활,126.9921881175068847_37.5586537591868037|126.9921524756692293_37.5587701440302766|126.9920713791381388_37.5590129023742847|126.9919815275385133_37.5591618896894772|126.9917456848140773_37.5593704632660419|126.9914873832232871_37.5595730764536810|126.9913002109624216_37.5596833178136009|126.9910943233582117_37.5597786576774837|126.9906600945686534_37.5599276174894143|126.9904092880018283_37.5600199729958746|126.9903010274202586_37.5600743176934699|126.9901932151330612_37.5601353360127277
2026-09-04T03:35:30.187978+09:00,남산공원,남산공원,POI091,KEY_3,1010028600,퇴계로36길,1010096800,필동2가 79,126.9953795008796078_37.5602933387065647,1010016503,충무로역앞교차로,126.9931917886483461_37.5610407128292394,217.0,8.0,정체,126.9931917886483461_37.5610407128292394|126.9932698071303179_37.5609162715643663|126.9933785265103836_37.5608210828932485|126.9934940342237297_37.5607650238862121|126.9939617818677391_37.5606734227620862|126.9942993862487839_37.5606071982569034|126.9946428036166566_37.5605167164118470|126.9949100490692047_37.5604355509489665|126.9953712571787179_37.5602954749963871|126.9953795008796078_37.5602933387065647
2026-09-04T03:35:30.187978+09:00,남산공원,남산공원,POI091,KEY_3,1010029700,소파로,1010014302,퇴계로3가교차로,126.9883285565974944_37.5600802019915889,1010017003,퇴계로2가교차로,126.9889890744976100_37.5611001658779600,132.0,23.0,서행,126.9889890744976100_37.5611001658779600|126.9888682751928997_37.5610849611105877|126.9887988136153467_37.5609915058575083|126.9886623017465155_37.5607149615883316|126.9885784807332954_37.5605299635393948|126.9884314506820715_37.5602734336100710|126.9883285565974944_37.5600802019915889
2026-09-04T03:35:30.187978+09:00,남산공원,남산공원,POI091,KEY_3,1010031000,소파로,1010015300,명동역10번출구,126.9883062927232231_37.5607909574822685,1010016301,명동역1번출구,126.9871113334254318_37.5609345528858967,113.0,23.0,서행,126.9871113334254318_37.5609345528858967|126.9874447180556274_37.5610079416609750|126.9876354659963766_37.5610121135843684|126.9878175418455442_37.5609892471934259|126.9880115986588294_37.5609473112405254|126.9881625342676870_37.5608977410119067|126.9882463915136555_37.5608481648322652|126.9883062927232231_37.5607909574822685
2026-09-04T03:35:30.187978+09:00,남산공원,남산공원,POI091,KEY_3,1010031200,퇴계로,1010016703,흥국빌딩,126.9904228164697599_37.5610767696574754,1010016202,롯데호텔L7(명동),126.9868616879201113_37.5609669231657151,317.0,50.0,원활,126.9868616879201113_37.5609669231657151|126.9890337974489825_37.5611585006403175|126.9894972258370700_37.5611975631426844|126.9896672965873847_37.5611975781491196|126.9898435176610576_37.5611725033829131|126.9901719518890246_37.5611092577799397|126.9904228164697599_37.5610767696574754
2026-09-04T03:35:30.187978+09:00,남산공원,남산공원,POI091,KEY_3,1010031300,퇴계로,1010016201,롯데호텔L7(명동),126.9868467299909440_37.5610743853645488,1010016704,흥국빌딩,126.9904446250492356_37.5611834858824452,321.0,45.5,원활,126.9904446250492356_37.5611834858824452|126.9901988617116615_37.5612153145444125|126.9898714581575661_37.5612783602882132|126.9896793321666593_37.5613056988122338|126.9894900484891167_37.5613056821144156|126.9890191710092893_37.5612659917982157|126.9868467299909440_37.5610743853645488
2026-09-04T03:35:30.187978+09:00,남산공원,남산공원,POI091,KEY_3,1010051400,삼일대로,1010137800,최소노드배치점,126.9951526782604958_37.5522667944259823,1020033901,중구-용산구,126.9973340280127019_37.5488358005655130,427.0,61.0,원활,126.9973340280127019_37.5488358005655130|126.9959822894256405_37.5509523187586822|126.9951526782604958_37.5522667944259823
2026-09-04T03:35:30.187978+09:00,남산공원,남산공원,POI091,KEY_3,1010051500,삼일대로,1010137900,최소노드배치점,126.9950313338340067_37.5522182490636993,1010001102,남산1호터널(북측),126.9929217684921667_37.5556833610261123,428.0,59.0,원활,126.9929217684921667_37.5556833610261123|126.9932770474927821_37.5550067940349024|126.9940013356589503_37.5538501500980217|126.9950313338340067_37.5522182490636993
2026-09-04T03:35:30.187978+09:00,남산공원,남산공원,POI091,KEY_3,1010051600,장충단로,1010005503,국립극장앞교차로,127.0006452620610844_37.5512135010897623,1020034301,중구-용산구,126.9997458610224328_37.5498946352363348,177.0,57.0,원활,126.9997458610224328_37.5498946352363348|126.9997123738225753_37.5500116966741189|126.9997012367280007_37.5501402637217367|126.9997206124440936_37.5502614714863654|126.9997806553506479_37.5504162712518976|126.9998541302150130_37.5505512679565001|127.0000139703703042_37.5507285250612313|127.0006452620610844_37.5512135010897623
2026-09-04T03:35:30.187978+09:00,남산공원,남산공원,POI091,KEY_3,1010051700,장충단로,1020034302,중구-용산구,126.9996178648612641_37.5498600155730813,1010005504,국립극장앞교차로,127.0005509669023098_37.5512913068117129,191.0,53.0,원활,127.0005509669023098_37.5512913068117129|126.9999108283262643_37.5507995327092843|126.9997353193519416_37.5506049014811367|126.9996530970048951_37.5504538299658464|126.9995873859489421_37.5502844195261787|126.9995648441908287_37.5501433987724837|126.9995776621319976_37.5499954341476041|126.9996178648612641_37.5498600155730813
2026-09-04T03:35:30.187978+09:00,남산공원,남산공원,POI091,KEY_3,1010053100,소월로3길,1010006503,남산삼거리,126.9811650329996411_37.5548402580275251,1020035301,중구-용산구,126.9794359625306441_37.5533355630164678,244.0,26.0,원활,126.9794359625306441_37.5533355630164678|126.9794377262654876_37.5533623696143906|126.9794604845724280_37.5534621428795390|126.9795037062092007_37.5535999165766796|126.9795792110562473_37.5537502908920757|126.9796704920301380_37.5539097940801057|126.9797755942381059_37.5540679309457488|126.9799168936921916_37.5542344045017842|126.9800131949856450_37.5543436479056325|126.9801394846269034_37.5544579508745144|126.9803426669009383_37.5545989730072662|126.9804499002827498_37.5546574115057652|126.9806202715629126_37.5547287148210316|126.9808000848712908_37.5547878289260453|126.9809807898117953_37.5548175451464843|126.9811650329996411_37.5548402580275251
2026-09-04T03:35:30.187978+09:00,남산공원,남산공원,POI091,KEY_3,1010054000,삼일대로,1010001102,남산1호터널(북측),126.9929217684921667_37.5556833610261123,1010008008,남산한옥마을,126.9925489514454711_37.5564930643168040,96.0,49.5,원활,126.9925489514454711_37.5564930643168040|126.9926361466641112_37.5562537662359688|126.9927409314109212_37.5560108178373540|126.9929217684921667_37.5556833610261123
2026-09-04T03:35:30.187978+09:00,남산공원,남산공원,POI091,KEY_3,1020013503,이태원로,1020029301,한강진역(서울6호선),127.0017194731485404_37.5403123179937737,1020030604,북한남삼거리,127.0022184589252987_37.5420235281721943,199.0,33.5,원활,127.0022184589252987_37.5420235281721943|127.0020105521671923_37.5418073965013903|127.0019292985444537_37.5416844726601298|127.0018816666390222_37.5415359337069532|127.0018247702718241_37.5412580977982060|127.0018212415865975_37.5412330698797376|127.0017833598613493_37.5409643796915375|127.0017457559744543_37.5406620137023879|127.0017194731485404_37.5403123179937737
2026-09-04T03:35:30.187978+09:00,남산공원,남산공원,POI091,KEY_3,1020016600,소월로,1020205100,최소노드배치점,126.9935065011558351_37.5426620403777989,1020029901,그랜드하얏트서울호텔,126.9968710453129859_37.5412533247676805,341.0,26.0,원활,126.9968710453129859_37.5412533247676805|126.9962030872764700_37.5416642886108249|126.9957120169575830_37.5419664162750450|126.9954912636471676_37.5420753380152732|126.9952976887570202_37.5421359731504651|126.9944654566896247_37.5422765759182084|126.9943312964985012_37.5423188543689648|126.9941288523878455_37.5424092330924211|126.9936904320038025_37.5426049586251693|126.9935065011558351_37.5426620403777989
2026-09-04T03:35:30.187978+09:00,남산공원,남산공원,POI091,KEY_3,1020017101,소월로,1020080500,이태원동 258-466,126.9973230128762225_37.5410483640412878,1020030802,남산관광고가차도(남측),127.0005154463813994_37.5427136145269316,361.0,39.0,원활,127.0005154463813994_37.5427136145269316|127.0003739159875948_37.5425874075405090|126.9994403344769580_37.5417582537453853|126.9990235842738429_37.5414026985069142|126.9988333482718161_37.5412651979035630|126.9986822649016176_37.5411743998592584|126.9984893641391324_37.5410987423950289|126.9983170716432426_37.5410415761301550|126.9982071541269306_37.5410216320229111|126.9980884589850945_37.5410000951226195|126.9979253357986693_37.5409795838106675|126.9977146013374067_37.5409795799202826|126.9974849729743624_37.5410092875252062|126.9973230128762225_37.5410483640412878
2026-09-04T03:35:30.187978+09:00,남산공원,남산공원,POI091,KEY_3,1020017102,소월로,1020030802,남산관광고가차도(남측),127.0005154463813994_37.5427136145269316,1020031500,남산맨션아파트,127.0021365084328409_37.5443554939609854,236.0,39.0,원활,127.0021365084328409_37.5443554939609854|127.0018834255056532_37.5439839702774023|127.0017037840183036_37.5437074409669549|127.0015421068988815_37.5434690531480868|127.0013385176179384_37.5432592723151757|127.0010750516554339_37.5430637959528042|127.0007397338261654_37.5428444790193581|127.0005154463813994_37.5427136145269316
2026-09-04T03:35:30.187978+09:00,남산공원,남산공원,POI091,KEY_3,1020017104,한남대로,1020201800,한남동 726-468,127.0022900780869008_37.5451015287289067,1020032402,한남동 726-466,127.0025220578535681_37.5462372610228172,128.0,22.0,서행,127.0025220578535681_37.5462372610228172|127.0024299606877634_37.5457810591842076|127.0023945789044717_37.5456091805311516|127.0022900780869008_37.5451015287289067
2026-09-04T03:35:30.187978+09:00,남산공원,남산공원,POI091,KEY_3,1020017202,한남대로,1020032100,남산관광고가차도(북측),127.0025639626736762_37.5457635706606467,1020030801,남산관광고가차도(남측),127.0006167288986063_37.5426416007474586,408.0,51.0,원활,127.0006167288986063_37.5426416007474586|127.0008175743112702_37.5427872650328780|127.0012486976299471_37.5430637942442544|127.0016199463885584_37.5433641604487747|127.0020795219007965_37.5437944471662846|127.0022097620136918_37.5439517818238429|127.0022995844048808_37.5441091180285866|127.0023489900632683_37.5442700301371843|127.0025241647842762_37.5451604129389054|127.0025380337342114_37.5453370138918245|127.0025639626736762_37.5457635706606467
2026-09-04T03:35:30.187978+09:00,남산공원,남산공원,POI091,KEY_3,1020017204,한남대로,1020032401,한남동 726-466,127.0026561285417728_37.5462201012591379,1020032100,남산관광고가차도(북측),127.0025639626736762_37.5457635706606467,51.0,46.3,원활,127.0025639626736762_37.5457635706606467|127.0026561285417728_37.5462201012591379
2026-09-04T03:35:30.187978+09:00,남산공원,남산공원,POI091,KEY_3,1020018100,한남대로,1020030604,북한남삼거리,127.0022184589252987_37.5420235281721943,1020031500,남산맨션아파트,127.0021365084328409_37.5443554939609854,266.0,30.0,원활,127.0021365084328409_37.5443554939609854|127.0019440406086204_37.5428386962338010|127.0019378726381660_37.5426228258432886|127.0019817146717145_37.5423435053198347|127.0021036238137242_37.5421340225907798|127.0022184589252987_37.5420235281721943
2026-09-04T03:35:30.187978+09:00,남산공원,남산공원,POI091,KEY_3,1020018200,한남대로,1020032100,남산관광고가차도(북측),127.0025639626736762_37.5457635706606467,1020030601,북한남삼거리,127.0023230676922736_37.5420924597692505,416.0,45.0,원활,127.0023230676922736_37.5420924597692505|127.0022194356072731_37.5421921745940210|127.0021138222907524_37.5423736549821498|127.0020738499172097_37.5426283304431081|127.0020796694266494_37.5428320256251880|127.0022710579769978_37.5443413187302610|127.0024240169706360_37.5450840457689239|127.0025285644748010_37.5455916912076688|127.0025639626736762_37.5457635706606467
2026-09-04T03:35:30.187978+09:00,남산공원,남산공원,POI091,KEY_3,1020019200,소월로,1020198000,용산동2가 5-2146,126.9873787628858111_37.5460609528674567,1020031201,주한파키스탄대사관저,126.9911144667655236_37.5443954669159794,435.0,37.0,원활,126.9911144667655236_37.5443954669159794|126.9910735701488136_37.5444779064234453|126.9905580995526719_37.5452913794631584|126.9904629217780325_37.5454025055591813|126.9903097281450641_37.5455344119793111|126.9895344029768438_37.5460459430190596|126.9893462102989616_37.5461490896824017|126.9891842828923956_37.5462184942362072|126.9890281368240466_37.5462702800681640|126.9888305116261620_37.5462859965873506|126.9887068235050549_37.5462726761659624|126.9878225459612935_37.5460680173489649|126.9876689709004722_37.5460586974375516|126.9875588164478728_37.5460520124403416|126.9873787628858111_37.5460609528674567
2026-09-04T03:35:30.187978+09:00,남산공원,남산공원,POI091,KEY_3,1020020101,장충단로,1020033602,한남동 산9-24,127.0018534544919646_37.5479854852196766,1020034302,중구-용산구,126.9996178648612641_37.5498600155730813,288.0,56.0,원활,126.9996178648612641_37.5498600155730813|126.9996770063061859_37.5497529883793248|126.9997363683108347_37.5496666386303346|126.9998412098966298_37.5495604002782670|127.0015788290318568_37.5481840684392694|127.0018534544919646_37.5479854852196766
2026-09-04T03:35:30.187978+09:00,남산공원,남산공원,POI091,KEY_3,1020020201,장충단로,1020034301,중구-용산구,126.9997458610224328_37.5498946352363348,1020033601,한남동 산9-19,127.0019447500765182_37.5480655221760529,282.0,46.0,원활,127.0019447500765182_37.5480655221760529|127.0016724126737415_37.5482624522401665|126.9999428643421311_37.5496323928575890|126.9998500929740857_37.5497264002596509|126.9997986695977232_37.5498012019808556|126.9997458610224328_37.5498946352363348
2026-09-04T03:35:30.187978+09:00,남산공원,남산공원,POI091,KEY_3,1020020301,삼일대로,1020202900,최소노드배치점,126.9991749524351405_37.5457226778887971,1020033902,중구-용산구,126.9972131284970089_37.5487865670217715,382.0,59.0,원활,126.9972131284970089_37.5487865670217715|126.9976937788828337_37.5480426897664614|126.9991749524351405_37.5457226778887971
2026-09-04T03:35:30.187978+09:00,남산공원,남산공원,POI091,KEY_3,1020020405,삼일대로,1020203000,최소노드배치점,126.9992960011910128_37.5457716707877935,1020030501,남산1호터널,127.0013263761871229_37.5427407685120968,381.0,61.0,원활,127.0013263761871229_37.5427407685120968|127.0001500288212100_37.5444339010368964|126.9992960011910128_37.5457716707877935
2026-09-04T03:35:30.187978+09:00,남산공원,남산공원,POI091,KEY_3,1020020500,소월로,1020202400,최소노드배치점,126.9836608885575231_37.5493490622536683,1020035002,남산도서관,126.9820576561830876_37.5520743432417916,343.0,39.0,원활,126.9820576561830876_37.5520743432417916|126.9822226605565021_37.5519329108021651|126.9827360702505530_37.5514510898937104|126.9833001012622873_37.5506927205511403|126.9833805235940218_37.5505464376930007|126.9834888201302334_37.5502483494537671|126.9835269266317965_37.5500362381177126|126.9835751122179346_37.5496604338540934|126.9836457141962569_37.5493820675401437|126.9836608885575231_37.5493490622536683
2026-09-04T03:35:30.187978+09:00,남산공원,남산공원,POI091,KEY_3,1020020600,소월로,1020202300,최소노드배치점,126.9837884104005923_37.5493862278245416,1020032501,용산2가동주민센터앞교차로,126.9852054592412998_37.5466428470561624,347.0,29.5,원활,126.9852054592412998_37.5466428470561624|126.9847717560129610_37.5469101027995720|126.9845864439278529_37.5470281015069958|126.9845268187721672_37.5471032424247397|126.9844952209674034_37.5472121780575918|126.9844980284595692_37.5480374474067204|126.9844853903748287_37.5481855176849422|126.9844160179153931_37.5483837291718459|126.9842770429615655_37.5486147709639155|126.9839523254951814_37.5490296975246878|126.9837884104005923_37.5493862278245416
2026-09-04T03:35:30.187978+09:00,남산공원,남산공원,POI091,KEY_3,1020021102,녹사평대로,1020202800,최소노드배치점,126.9862234500265004_37.5487401447911182,1020035102,중구-용산구,126.9843316265079096_37.5527042883916451,471.0,58.0,원활,126.9843316265079096_37.5527042883916451|126.9862234500265004_37.5487401447911182
2026-09-04T03:35:30.187978+09:00,남산공원,남산공원,POI091,KEY_3,1020021203,녹사평대로,1020202700,최소노드배치점,126.9863503923400998_37.5487785464141908,1020031700,남산3호터널,126.9882591208348686_37.5448199209281057,471.0,55.0,원활,126.9882591208348686_37.5448199209281057|126.9874456928026518_37.5464987757139923|126.9869567914766435_37.5475077924163756|126.9863503923400998_37.5487785464141908
2026-09-04T03:35:30.187978+09:00,남산공원,남산공원,POI091,KEY_3,1020021503,녹사평대로58길,1020202600,최소노드배치점,126.9920654888585432_37.5464836330589478,1020033802,중구-용산구,126.9941800822392253_37.5483638189793609,280.0,45.5,원활,126.9941800822392253_37.5483638189793609|126.9938148610441147_37.5480370875412888|126.9920654888585432_37.5464836330589478
2026-09-04T03:35:30.187978+09:00,남산공원,남산공원,POI091,KEY_3,1020021602,녹사평대로58길,1020202500,최소노드배치점,126.9921665926364795_37.5464114553124944,1020031601,남산2호터널(남측),126.9900889924239067_37.5445050141916710,280.0,44.0,원활,126.9900889924239067_37.5445050141916710|126.9914916267217109_37.5458120576411361|126.9921665926364795_37.5464114553124944
2026-09-04T03:35:30.187978+09:00,남산공원,남산공원,POI091,KEY_3,1020022000,소월로,1020194800,후암동 30-84,126.9814072594849534_37.5522852306242356,1020035004,남산도서관,126.9820441302999257_37.5522163769606223,59.0,39.0,원활,126.9820441302999257_37.5522163769606223|126.9819088129307261_37.5522833198760679|126.9817703707758199_37.5523143848202494|126.9814072594849534_37.5522852306242356
2026-09-04T03:35:30.187978+09:00,남산공원,남산공원,POI091,KEY_3,1020022501,소월로3길,1020035301,중구-용산구,126.9794359625306441_37.5533355630164678,1020035201,백범삼거리,126.9793662533445655_37.5529532246864122,43.0,41.0,원활,126.9793662533445655_37.5529532246864122|126.9793880800049521_37.5530117222789102|126.9794227439918330_37.5531347848289343|126.9794359625306441_37.5533355630164678
2026-09-04T03:35:30.187978+09:00,남산공원,남산공원,POI091,KEY_3,1020022601,소월로3길,1020035204,백범삼거리,126.9792622165397944_37.5530589862476134,1020035302,중구-용산구,126.9793003435379148_37.5533412224888679,32.0,36.0,원활,126.9793003435379148_37.5533412224888679|126.9792877259997397_37.5531495484006754|126.9792622165397944_37.5530589862476134
2026-09-04T03:35:30.187978+09:00,남산공원,남산공원,POI091,KEY_3,1020022701,소월로,1020035203,백범삼거리,126.9791523207287014_37.5529954657967551,1020035803,남산빌딩,126.9788197492435984_37.5538664469801802,105.0,34.0,원활,126.9788197492435984_37.5538664469801802|126.9788320848520584_37.5537936153429754|126.9788381662664420_37.5534787987545684|126.9788616301610205_37.5533455832039920|126.9789869852372135_37.5531767747786844|126.9791523207287014_37.5529954657967551
2026-09-04T03:35:30.187978+09:00,남산공원,남산공원,POI091,KEY_3,1020022705,소월로,1010109800,남대문로5가 431,126.9765972619878767_37.5555182701131471,1010000704,도동삼거리,126.9768636563198214_37.5560052120861414,59.0,30.0,원활,126.9768636563198214_37.5560052120861414|126.9768061889182320_37.5559210408862967|126.9767141186498520_37.5557820754249434|126.9766585950972626_37.5556855676206496|126.9765972619878767_37.5555182701131471
2026-09-04T03:35:30.187978+09:00,남산공원,남산공원,POI091,KEY_3,1020046700,회나무로,1020029604,주한잠비아대사관,126.9967777014190347_37.5409679675920387,1020029904,그랜드하얏트서울호텔,126.9967880247366026_37.5411677682187985,22.0,36.0,원활,126.9967880247366026_37.5411677682187985|126.9967728360006589_37.5410286281927483|126.9967777014190347_37.5409679675920387
2026-09-04T03:35:30.187978+09:00,남산공원,남산공원,POI091,KEY_3,1020046800,이태원로,1020029301,한강진역(서울6호선),127.0017194731485404_37.5403123179937737,1020030502,남산1호터널,127.0011475233860949_37.5426632134690550,272.0,36.0,원활,127.0011475233860949_37.5426632134690550|127.0015311515307985_37.5421016089276307|127.0015805456080216_37.5419085123277227|127.0015939913932499_37.5406247820271943|127.0016388950282931_37.5405067783538442|127.0017194731485404_37.5403123179937737
2026-09-04T03:35:30.187978+09:00,남산공원,남산공원,POI091,KEY_3,1020046900,삼일대로,1020175500,최소노드배치점,127.0035323192753083_37.5405885434105357,1020030502,남산1호터널,127.0011475233860949_37.5426632134690550,321.0,61.5,원활,127.0011475233860949_37.5426632134690550|127.0014421537468792_37.5421321890763622|127.0016477330503335_37.5418866360372547|127.0018907470175975_37.5416665641116509|127.0022358658835202_37.5414482134012175|127.0025860131714524_37.5412867858314456|127.0028559969429409_37.5411634273289678|127.0031181343200473_37.5410231206069369|127.0032721853626754_37.5409133593387665|127.0033897576778941_37.5407906749780054|127.0035115414202807_37.5406268074686480|127.0035323192753083_37.5405885434105357
2026-09-04T03:35:30.187978+09:00,남산공원,남산공원,POI091,KEY_3,1020048000,한남대로,1020032402,한남동 726-466,127.0025220578535681_37.5462372610228172,1020032900,버티고개삼거리,127.0026105037928943_37.5468688936416513,71.0,41.0,원활,127.0026105037928943_37.5468688936416513|127.0025188872698436_37.5463087905039785|127.0025220578535681_37.5462372610228172
2026-09-04T03:35:30.187978+09:00,남산공원,남산공원,POI091,KEY_3,1020048300,한남대로,1020032900,버티고개삼거리,127.0026105037928943_37.5468688936416513,1020032700,버티고개삼거리,127.0029447673493195_37.5467593288095358,44.0,28.0,원활,127.0029447673493195_37.5467593288095358|127.0029380695280992_37.5468203653495749|127.0029099083530042_37.5468760387726661|127.0028500298482896_37.5469141822217907|127.0027751791743782_37.5469261033197625|127.0027153173217584_37.5469271696922320|127.0026602253265509_37.5469004707433598|127.0026105037928943_37.5468688936416513
2026-09-04T03:35:30.187978+09:00,남산공원,남산공원,POI091,KEY_3,1020048700,한남대로,1020032900,버티고개삼거리,127.0026105037928943_37.5468688936416513,1020033200,버티고개삼거리,127.0025730838910363_37.5470327870720695,18.0,42.0,원활,127.0025730838910363_37.5470327870720695|127.0026105037928943_37.5468688936416513
2026-09-04T03:35:30.187978+09:00,남산공원,남산공원,POI091,KEY_3,1020048902,장충단로,1020039200,금곡마을,127.0025345027781754_37.5476975304652854,1020033400,버티고개삼거리,127.0030416859701603_37.5473790298105854,57.0,38.5,원활,127.0030416859701603_37.5473790298105854|127.0027348020271063_37.5475667685394185|127.0025345027781754_37.5476975304652854
2026-09-04T03:35:30.187978+09:00,남산공원,남산공원,POI091,KEY_3,1020049101,한남대로,1020033200,버티고개삼거리,127.0025730838910363_37.5470327870720695,1020033400,버티고개삼거리,127.0030416859701603_37.5473790298105854,61.0,38.0,원활,127.0030416859701603_37.5473790298105854|127.0028680107847805_37.5473504346501059|127.0027692048318926_37.5473075269365992|127.0026853679474499_37.5472336280425196|127.0025730838910363_37.5470327870720695
2026-09-04T03:35:30.187978+09:00,남산공원,남산공원,POI091,KEY_3,1020049200,한남대로,1020033200,버티고개삼거리,127.0025730838910363_37.5470327870720695,1020033602,한남동 산9-24,127.0018534544919646_37.5479854852196766,125.0,24.0,서행,127.0018534544919646_37.5479854852196766|127.0020491484872736_37.5478403427924476|127.0022886659577210_37.5475512907599622|127.0024084221392684_37.5473665367583962|127.0025730838910363_37.5470327870720695
2026-09-04T03:35:30.187978+09:00,남산공원,남산공원,POI091,KEY_3,1020049300,장충단로,1020033601,한남동 산9-19,127.0019447500765182_37.5480655221760529,1020039200,금곡마을,127.0025345027781754_37.5476975304652854,66.0,44.0,원활,127.0025345027781754_37.5476975304652854|127.0021706652056963_37.5479225801878513|127.0019447500765182_37.5480655221760529
2026-09-04T03:35:30.187978+09:00,남산공원,남산공원,POI091,KEY_3,1020052600,장충단로,1020039200,금곡마을,127.0025345027781754_37.5476975304652854,1020039300,버티고개삼거리,127.0035835950983483_37.5474410033304693,97.0,38.0,원활,127.0035835950983483_37.5474410033304693|127.0029323907036627_37.5475602162392121|127.0025345027781754_37.5476975304652854
2026-09-04T03:35:30.187978+09:00,뚝섬한강공원,뚝섬한강공원,POI093,KEY_1,1040040100,동부간선도로,1040006700,청담대교(북측),127.0658040332418466_37.5296505595828407,1040007000,청담대교,127.0659084467373674_37.5304009255851980,84.0,55.3,원활,127.0659084467373674_37.5304009255851980|127.0658993527911917_37.5302722000947497|127.0658767209621232_37.5300648130206937|127.0658040332418466_37.5296505595828407
2026-09-04T03:35:30.187978+09:00,뚝섬한강공원,뚝섬한강공원,POI093,KEY_1,1040000101,강변북로,1040007200,갈보리교회,127.0717090610578452_37.5301063396273378,1040007700,청담대교,127.0639048821844455_37.5319767570000238,723.0,80.8,원활,127.0639048821844455_37.5319767570000238|127.0641467011488999_37.5319005471695135|127.0644696731657177_37.5318097837486206|127.0647191200326773_37.5317507749984074|127.0648782042396334_37.5317238099468824|127.0651840667161281_37.5317014958161437|127.0655199521013117_37.5316906105589112|127.0657229190443616_37.5316733003715655|127.0659578374756506_37.5316385196029287|127.0662238405564892_37.5315862703501750|127.0675077088500728_37.5312398941677614|127.0688008468883226_37.5308922092799335|127.0697340200764529_37.5306450696274183|127.0708561697146166_37.5303333238003844|127.0717090610578452_37.5301063396273378
2026-09-04T03:35:30.187978+09:00,뚝섬한강공원,뚝섬한강공원,POI093,KEY_1,1040007500,강변북로,1040028701,청담대교,127.0701160723116203_37.5386945582041420,1040000201,청담대교(북측),127.0668012691852340_37.5315220172388280,848.0,54.0,원활,127.0668012691852340_37.5315220172388280|127.0669355263784155_37.5317815872931959|127.0672448702695760_37.5324328127955837|127.0677860749237738_37.5336261809339149|127.0685094362804364_37.5351779912987382|127.0689130346604259_37.5360918386047686|127.0694053089361546_37.5371700486358151|127.0701160723116203_37.5386945582041420
2026-09-04T03:35:30.187978+09:00,뚝섬한강공원,뚝섬한강공원,POI093,KEY_1,1040017500,동부간선도로,1040006500,청담대교(북측),127.0659058096508573_37.5295099655257971,1220054801,광진구-강남구,127.0638527269761511_37.5251377326585711,518.0,80.8,원활,127.0638527269761511_37.5251377326585711|127.0659058096508573_37.5295099655257971
2026-09-04T03:35:30.187978+09:00,뚝섬한강공원,뚝섬한강공원,POI093,KEY_1,1040017600,동부간선도로,1220054802,광진구-강남구,127.0637042681796913_37.5251816470201618,1040006700,청담대교(북측),127.0658040332418466_37.5296505595828407,530.0,79.0,원활,127.0658040332418466_37.5296505595828407|127.0637042681796913_37.5251816470201618
2026-09-04T03:35:30.187978+09:00,뚝섬한강공원,뚝섬한강공원,POI093,KEY_1,1040017800,강변북로,1040005500,자양동571,127.0891044140083466_37.5275091410896735,1040005300,잠실대교(북측),127.0862499791729050_37.5276278416706646,294.0,51.0,원활,127.0862499791729050_37.5276278416706646|127.0870098289398840_37.5278013091686447|127.0873723080057545_37.5279098933669459|127.0876710927343680_37.5280301791059827|127.0878690622159581_37.5281053971571410|127.0879961282403485_37.5281416129128687|127.0881232595525887_37.5281659046285085|127.0882280475711497_37.5281692511000173|127.0883254798830819_37.5281487237361020|127.0884230277934961_37.5281073290094156|127.0886296793605368_37.5279649582207568|127.0887725846017418_37.5278432327973945|127.0891044140083466_37.5275091410896735
2026-09-04T03:35:30.187978+09:00,뚝섬한강공원,뚝섬한강공원,POI093,KEY_1,1040019400,동부간선도로,1040007100,청담대교,127.0661780522084143_37.5301489062000044,1040006500,청담대교(북측),127.0659058096508573_37.5295099655257971,75.0,72.0,원활,127.0659058096508573_37.5295099655257971|127.0661780522084143_37.5301489062000044
2026-09-04T03:35:30.187978+09:00,뚝섬한강공원,뚝섬한강공원,POI093,KEY_1,1040020201,동부간선도로,1040007000,청담대교,127.0659084467373674_37.5304009255851980,1040000202,청담대교(북측),127.0666626111006252_37.5315665324150132,569.0,46.0,서행,127.0666626111006252_37.5315665324150132|127.0665844704566894_37.5314071710942372|127.0663149822559603_37.5307563124062753|127.0662000326143897_37.5305680838471929|127.0660846349030635_37.5304573613561558|127.0659765674722195_37.5303734944058007|127.0658273955304765_37.5302775525286307|127.0656033278221884_37.5301872968624579|127.0653603715604163_37.5301267824677822|127.0651883094761558_37.5301052814653744|127.0649974815679144_37.5300926545932185|127.0647877110491919_37.5301187114876384|127.0646601860693039_37.5301629565729868|127.0645287783082438_37.5302310369297629|127.0644234346550832_37.5303230605501739|127.0643403747003788_37.5304449770722925|127.0642833610659608_37.5305938192979269|127.0642749904788360_37.5307458218700916|127.0642928567745145_37.5308919599562856|127.0643409974126001_37.5309815689468493|127.0644079744791384_37.5310503797447552|127.0644900298670166_37.5311013604668062|127.0645983212158967_37.5311464756817443|127.0647590866586398_37.5311798598309210|127.0649312365971753_37.5311864561425708|127.0651485129710068_37.5311574458794723|127.0653548011039504_37.5310866600695121|127.0655163454597556_37.5309858989919221|127.0656895151263939_37.5308166154867990|127.0657988609960825_37.5306798898420055|127.0659084467373674_37.5304009255851980
2026-09-04T03:35:30.187978+09:00,뚝섬한강공원,뚝섬한강공원,POI093,KEY_1,1040020202,강변북로,1040000202,청담대교(북측),127.0666626111006252_37.5315665324150132,1040028702,청담대교,127.0699887106514012_37.5387318473572122,848.0,57.3,원활,127.0699887106514012_37.5387318473572122|127.0692776775772757_37.5372071673034355|127.0687850931199563_37.5361282739688562|127.0683816446363466_37.5352147721280858|127.0676584862117124_37.5336633852443669|127.0671174250280160_37.5324703344999904|127.0668031124959469_37.5318450873398533|127.0666626111006252_37.5315665324150132
2026-09-04T03:35:30.187978+09:00,뚝섬한강공원,뚝섬한강공원,POI093,KEY_1,1040020300,강변북로,1040007200,갈보리교회,127.0717090610578452_37.5301063396273378,1040006500,청담대교(북측),127.0659058096508573_37.5295099655257971,589.0,65.0,원활,127.0659058096508573_37.5295099655257971|127.0661422395284603_37.5299300856423272|127.0662624382071897_37.5301165444698057|127.0663782912479149_37.5302779469622081|127.0665122982715047_37.5304072202187626|127.0666286278227517_37.5304863472552910|127.0667584332606879_37.5305655233223590|127.0669376489558573_37.5306448802829351|127.0670946529859862_37.5306812285827149|127.0672831216946861_37.5307141142238834|127.0674897015057212_37.5307220260745638|127.0677188016304342_37.5307192874318076|127.0681369279238879_37.5306528494715437|127.0693822761927549_37.5304606472188951|127.0711311633638729_37.5301879846553135|127.0717090610578452_37.5301063396273378
2026-09-04T03:35:30.187978+09:00,뚝섬한강공원,뚝섬한강공원,POI093,KEY_1,1040020500,동부간선도로,1040000201,청담대교(북측),127.0668012691852340_37.5315220172388280,1040007100,청담대교,127.0661780522084143_37.5301489062000044,162.0,67.0,원활,127.0661780522084143_37.5301489062000044|127.0664052488033349_37.5306821173898300|127.0667157921235457_37.5313539937747009|127.0668012691852340_37.5315220172388280
2026-09-04T03:35:30.187978+09:00,뚝섬한강공원,뚝섬한강공원,POI093,KEY_1,1040021000,동부간선도로,1040006700,청담대교(북측),127.0658040332418466_37.5296505595828407,1040009000,자양동97-1,127.0609155736685238_37.5329350367471548,667.0,68.0,원활,127.0609155736685238_37.5329350367471548|127.0635781208483195_37.5322247311841934|127.0648539404698596_37.5318789459323554|127.0650767295477550_37.5317936319202801|127.0653158181221016_37.5317034610872753|127.0654788496418206_37.5315939721514624|127.0656013167870384_37.5315067692669189|127.0657049770766918_37.5314172115909841|127.0658172245582875_37.5313035896028282|127.0659108411356186_37.5311780017973362|127.0659843578464603_37.5310296063900140|127.0660360753247318_37.5309057555864598|127.0660617534609145_37.5307962695734290|127.0660878117391661_37.5306432775922545|127.0660919911500457_37.5304921755342349|127.0660746323654990_37.5303480953147215|127.0660169856809460_37.5301263983296920|127.0658040332418466_37.5296505595828407
2026-09-04T03:35:30.187978+09:00,뚝섬한강공원,뚝섬한강공원,POI093,KEY_1,1040021300,강변북로,1040008900,영동대교(북측),127.0622180343810612_37.5327754229746304,1040007100,청담대교,127.0661780522084143_37.5301489062000044,509.0,72.3,원활,127.0661780522084143_37.5301489062000044|127.0662091213532250_37.5303319154962338|127.0662279483586872_37.5304881872226304|127.0662234250055747_37.5306517647420890|127.0661958813128507_37.5308134783766079|127.0661678792534133_37.5309328767341057|127.0661120615257715_37.5310665481004193|127.0660331851003662_37.5312257613005116|127.0659294695478962_37.5313648977888334|127.0658084369414951_37.5314874122535613|127.0656967341885206_37.5315839185092415|127.0655679104062585_37.5316756480466083|127.0653898901095005_37.5317952023784045|127.0651352239816987_37.5318912483707550|127.0649091457236040_37.5319778229982433|127.0637001264982189_37.5323719601884278|127.0622180343810612_37.5327754229746304
2026-09-04T03:35:30.187978+09:00,뚝섬한강공원,뚝섬한강공원,POI093,KEY_1,1040022900,강변북로,1040028500,뚝섬한강공원벽천마당,127.0614388129309447_37.5326114973567044,1040008500,영동대교북측(남측),127.0584975332097599_37.5323485831343291,299.0,50.7,원활,127.0584975332097599_37.5323485831343291|127.0586732895560260_37.5324789717091889|127.0587699459401705_37.5325926128592471|127.0588552316242925_37.5327300595365685|127.0589407991397479_37.5328198106204880|127.0590489151475424_37.5328947406158733|127.0591385071375470_37.5329368094717353|127.0592505754695907_37.5329759819797673|127.0593664405883203_37.5330062244541409|127.0594824115241863_37.5330185818925273|127.0596283980437136_37.5330191263591999|127.0597595173028367_37.5330017284285375|127.0599319339068529_37.5329636179149517|127.0603781675341111_37.5328311326851605|127.0605468755547491_37.5327870441264153|127.0607343336554607_37.5327370639507691|127.0609329701540418_37.5326960678981081|127.0611090765655149_37.5326669124135179|127.0614388129309447_37.5326114973567044
2026-09-04T03:35:30.187978+09:00,뚝섬한강공원,뚝섬한강공원,POI093,KEY_1,1040023200,강변북로,1040028500,뚝섬한강공원벽천마당,127.0614388129309447_37.5326114973567044,1040009400,성동구-광진구,127.0589888489411123_37.5333278313286485,231.0,55.0,원활,127.0589888489411123_37.5333278313286485|127.0593730424238856_37.5332076489046926|127.0601146754208912_37.5329776536316828|127.0604866550777530_37.5328683822143034|127.0607385812359098_37.5328044512337371|127.0609664941108861_37.5327499710006336|127.0611464257032139_37.5327067587713472|127.0614388129309447_37.5326114973567044
2026-09-04T03:35:30.187978+09:00,뚝섬한강공원,뚝섬한강공원,POI093,KEY_1,1040040200,강변북로,1040007000,청담대교,127.0659084467373674_37.5304009255851980,1040028600,청담대교,127.0628710918014548_37.5322113847492105,364.0,50.0,원활,127.0628710918014548_37.5322113847492105|127.0645647717664133_37.5316794398258153|127.0649620402024738_37.5315528754805783|127.0651954679026687_37.5314848059559907|127.0653391000813741_37.5314239369300040|127.0654333429809810_37.5313666711772527|127.0655455274282843_37.5312879398512464|127.0656307704089016_37.5312092233928993|127.0656935509832692_37.5311162159748619|127.0657563020179310_37.5309910265765865|127.0658100480931978_37.5308372344698995|127.0658458430619930_37.5306941805669751|127.0658906280394405_37.5305618489558483|127.0659084467373674_37.5304009255851980
2026-09-04T03:35:30.187978+09:00,망원한강공원,망원한강공원,POI094,KEY_2,1130002001,강변북로,1130018900,양화대교(북측),126.9079628582625361_37.5476071802752429,1130017700,양화대교(북측),126.9091923154714152_37.5466689501214006,150.0,16.0,정체,126.9091923154714152_37.5466689501214006|126.9079628582625361_37.5476071802752429
2026-09-04T03:35:30.187978+09:00,망원한강공원,망원한강공원,POI094,KEY_2,1130001502,양화로,1130019500,양화대교(북측),126.9088702991146818_37.5473486190442571,1130020700,양화대교(북측),126.9110864738484850_37.5486558094690892,247.0,65.3,원활,126.9110864738484850_37.5486558094690892|126.9104702975695886_37.5484316205709661|126.9102030567186858_37.5483158501774241|126.9098751447166222_37.5481333274638018|126.9095562311644869_37.5479092035175839|126.9088702991146818_37.5473486190442571
2026-09-04T03:35:30.187978+09:00,망원한강공원,망원한강공원,POI094,KEY_2,1130001503,양화로,1130020700,양화대교(북측),126.9110864738484850_37.5486558094690892,1130021204,합정동 402,126.9117526504634554_37.5488099012589700,61.0,49.0,원활,126.9117526504634554_37.5488099012589700|126.9114095304818335_37.5487362312337467|126.9110864738484850_37.5486558094690892
2026-09-04T03:35:30.187978+09:00,망원한강공원,망원한강공원,POI094,KEY_2,1130001504,양화로,1130021201,합정동 402,126.9118842718870042_37.5488389364112436,1130052000,합정역8번출구,126.9125610162048474_37.5489924297706352,62.0,47.0,원활,126.9125610162048474_37.5489924297706352|126.9125108300752061_37.5489801444249309|126.9123320541385880_37.5489398539158543|126.9118842718870042_37.5488389364112436
2026-09-04T03:35:30.187978+09:00,망원한강공원,망원한강공원,POI094,KEY_2,1130001505,양화로,1130052000,합정역8번출구,126.9125610162048474_37.5489924297706352,1130021604,합정역교차로,126.9133271355590011_37.5492481379057494,74.0,39.7,원활,126.9133271355590011_37.5492481379057494|126.9131511937065824_37.5491581588815038|126.9128784491420845_37.5490701385518264|126.9125610162048474_37.5489924297706352
2026-09-04T03:35:30.187978+09:00,망원한강공원,망원한강공원,POI094,KEY_2,1130001602,양화로,1130020600,양화대교(북측),126.9111269978420609_37.5485526161926089,1130019000,양화대교(북측),126.9089758149120399_37.5472798488198407,240.0,60.0,원활,126.9089758149120399_37.5472798488198407|126.9096499332892023_37.5478308424299101|126.9099592463067125_37.5480482193369483|126.9102746337613610_37.5482237702880965|126.9105310887964890_37.5483348678804703|126.9111269978420609_37.5485526161926089
2026-09-04T03:35:30.187978+09:00,망원한강공원,망원한강공원,POI094,KEY_2,1130001603,양화로,1130021203,합정동 402,126.9117684440008702_37.5487013098127989,1130020600,양화대교(북측),126.9111269978420609_37.5485526161926089,59.0,12.0,정체,126.9111269978420609_37.5485526161926089|126.9114474860303403_37.5486323980145400|126.9117684440008702_37.5487013098127989
2026-09-04T03:35:30.187978+09:00,망원한강공원,망원한강공원,POI094,KEY_2,1130001605,양화로,1130021800,합정역8번출구,126.9126009251802998_37.5488890850710817,1130021202,합정동 402,126.9119017412713788_37.5487305057125056,64.0,14.0,정체,126.9119017412713788_37.5487305057125056|126.9123690393006569_37.5488358216645253|126.9125492819859886_37.5488764427686803|126.9126009251802998_37.5488890850710817
2026-09-04T03:35:30.187978+09:00,망원한강공원,망원한강공원,POI094,KEY_2,1130001606,양화로,1130021603,합정역교차로,126.9133979744090510_37.5491558635704337,1130021800,합정역8번출구,126.9126009251802998_37.5488890850710817,77.0,4.0,정체,126.9126009251802998_37.5488890850710817|126.9129239950553085_37.5489681728266333|126.9132139348755288_37.5490617432278029|126.9133979744090510_37.5491558635704337
2026-09-04T03:35:30.187978+09:00,망원한강공원,망원한강공원,POI094,KEY_2,1130001901,강변북로,1130017400,양화대교(북측),126.9083263926780347_37.5461870828408806,1130018500,양화대교(북측),126.9073251434053304_37.5469921878426263,126.0,65.3,원활,126.9073251434053304_37.5469921878426263|126.9079528426240131_37.5464989216316312|126.9083263926780347_37.5461870828408806
2026-09-04T03:35:30.187978+09:00,망원한강공원,망원한강공원,POI094,KEY_2,1130001902,강변북로,1130018500,양화대교(북측),126.9073251434053304_37.5469921878426263,1130021700,양화대교(북측),126.9048603023906736_37.5488546051941512,300.0,71.0,원활,126.9048603023906736_37.5488546051941512|126.9072221258290227_37.5470731409600376|126.9073251434053304_37.5469921878426263
2026-09-04T03:35:30.187978+09:00,망원한강공원,망원한강공원,POI094,KEY_2,1130002002,강변북로,1130022700,양화대교(북측),126.9055080199198642_37.5489541612342776,1130018900,양화대교(북측),126.9079628582625361_37.5476071802752429,264.0,16.0,정체,126.9079628582625361_37.5476071802752429|126.9073936673337926_37.5479978199623545|126.9069694275231797_37.5482389414567947|126.9064914428329871_37.5484583282313551|126.9055080199198642_37.5489541612342776
2026-09-04T03:35:30.187978+09:00,망원한강공원,망원한강공원,POI094,KEY_2,1130002003,강변북로,1130001000,동인리버빌2차,126.9029266853274578_37.5507642647602324,1130022700,양화대교(북측),126.9055080199198642_37.5489541612342776,304.0,16.0,정체,126.9055080199198642_37.5489541612342776|126.9050478801057693_37.5492753502968384|126.9029266853274578_37.5507642647602324
2026-09-04T03:35:30.187978+09:00,망원한강공원,망원한강공원,POI094,KEY_2,1130002101,양화로,1130021601,합정역교차로,126.9134396891751067_37.5493101529960995,1130022800,합정역(서울2호선),126.9139380043217500_37.5496171809286139,56.0,10.0,정체,126.9139380043217500_37.5496171809286139|126.9138232146117105_37.5495337692831868|126.9134396891751067_37.5493101529960995
2026-09-04T03:35:30.187978+09:00,망원한강공원,망원한강공원,POI094,KEY_2,1130002102,양화로,1130022800,합정역(서울2호선),126.9139380043217500_37.5496171809286139,1130024304,누아갤러리,126.9154925570157388_37.5507467776258252,186.0,34.0,원활,126.9154925570157388_37.5507467776258252|126.9142500058633658_37.5498438974214181|126.9139380043217500_37.5496171809286139
2026-09-04T03:35:30.187978+09:00,망원한강공원,망원한강공원,POI094,KEY_2,1130002201,양화로,1130022400,합정역5번출구,126.9140295476794051_37.5495373218593258,1130021602,합정역교차로,126.9135099145764940_37.5492170875193594,58.0,17.0,서행,126.9135099145764940_37.5492170875193594|126.9139093521257280_37.5494499807109747|126.9140295476794051_37.5495373218593258
2026-09-04T03:35:30.187978+09:00,망원한강공원,망원한강공원,POI094,KEY_2,1130002202,양화로,1130073600,합정동 402,126.9143415490859326_37.5497640377180701,1130022400,합정역5번출구,126.9140295476794051_37.5495373218593258,37.0,15.0,서행,126.9140295476794051_37.5495373218593258|126.9143415490859326_37.5497640377180701
2026-09-04T03:35:30.187978+09:00,망원한강공원,망원한강공원,POI094,KEY_2,1130002302,강변북로,1130021700,양화대교(북측),126.9048603023906736_37.5488546051941512,1130025700,망원안내센터,126.9007654903283679_37.5519545470431098,499.0,75.5,원활,126.9007654903283679_37.5519545470431098|126.9031163427670492_37.5502021941284241|126.9039187278760892_37.5495836910314580|126.9048603023906736_37.5488546051941512
2026-09-04T03:35:30.187978+09:00,망원한강공원,망원한강공원,POI094,KEY_2,1130002303,강변북로,1130025700,망원안내센터,126.9007654903283679_37.5519545470431098,1130028000,성산대교(북측),126.8963688755541455_37.5552314842199308,532.0,75.7,원활,126.8963688755541455_37.5552314842199308|126.9007654903283679_37.5519545470431098
2026-09-04T03:35:30.187978+09:00,망원한강공원,망원한강공원,POI094,KEY_2,1130002401,강변북로,1130051800,망원안내센터,126.9009570824425310_37.5522283841895188,1130001000,동인리버빌2차,126.9029266853274578_37.5507642647602324,238.0,16.0,정체,126.9029266853274578_37.5507642647602324|126.9009570824425310_37.5522283841895188
2026-09-04T03:35:30.187978+09:00,망원한강공원,망원한강공원,POI094,KEY_2,1130002402,강변북로,1130027900,성산대교(북측),126.8972467448848818_37.5549676744905199,1130051800,망원안내센터,126.9009570824425310_37.5522283841895188,447.0,16.0,정체,126.9009570824425310_37.5522283841895188|126.8972467448848818_37.5549676744905199
2026-09-04T03:35:30.187978+09:00,망원한강공원,망원한강공원,POI094,KEY_2,1130003401,강변북로,1130028500,성산대교(북측),126.8963294092971381_37.5558625828289365,1130027900,성산대교(북측),126.8972467448848818_37.5549676744905199,128.0,78.0,원활,126.8972467448848818_37.5549676744905199|126.8970402802669923_37.5551901202604625|126.8966418585040685_37.5555636932406571|126.8963294092971381_37.5558625828289365
2026-09-04T03:35:30.187978+09:00,망원한강공원,망원한강공원,POI094,KEY_2,1130003402,강변북로,1130030400,성산대교(북측),126.8947848919604837_37.5573821483062815,1130028500,성산대교(북측),126.8963294092971381_37.5558625828289365,217.0,65.0,원활,126.8963294092971381_37.5558625828289365|126.8955775076021837_37.5566063745334304|126.8949481528685936_37.5571969694140364|126.8947848919604837_37.5573821483062815
2026-09-04T03:35:30.187978+09:00,망원한강공원,망원한강공원,POI094,KEY_2,1130003900,강변북로,1130201400,최소노드배치점,126.8947142757485977_37.5570261297014412,1130034300,성산지하차도,126.8987170904777031_37.5621054838341308,789.0,72.5,원활,126.8987170904777031_37.5621054838341308|126.8969536987574855_37.5615846732236918|126.8963662923212468_37.5614278506331800|126.8961199007135576_37.5613335826976993|126.8958557676520229_37.5612106063692224|126.8956902323749318_37.5611203281630139|126.8954532341929990_37.5609760266916481|126.8951942332924432_37.5607743757100181|126.8949800523225804_37.5605872628649635|126.8948420294957060_37.5604291583902281|126.8947087021021645_37.5602460363635160|126.8946021053882873_37.5600916699249439|126.8944959424210310_37.5598836467254458|126.8944166539394161_37.5596864927554392|126.8943291310609283_37.5593962890377000|126.8942944005902547_37.5592458680922050|126.8942732661792689_37.5590812073427287|126.8942613210597443_37.5588915539580199|126.8942718716697442_37.5586984383601603|126.8943005688038568_37.5584839520411649|126.8943379626907983_37.5583052827078205|126.8944118820898979_37.5580552564431471|126.8947142757485977_37.5570261297014412
2026-09-04T03:35:30.187978+09:00,망원한강공원,망원한강공원,POI094,KEY_2,1130004000,내부순환도로,1130199400,최소노드배치점,126.8958737769441854_37.5567231575300013,1130051800,망원안내센터,126.9009570824425310_37.5522283841895188,675.0,70.5,원활,126.9009570824425310_37.5522283841895188|126.9004216665100273_37.5527558689880081|126.8992644896432012_37.5536192522852588|126.8974878493433636_37.5549623897843006|126.8970581227338243_37.5553179179575167|126.8967684876836159_37.5555739988053006|126.8965601593328500_37.5557768354810761|126.8963650204589584_37.5560155115119159|126.8960834710524210_37.5563825258058159|126.8958737769441854_37.5567231575300013
2026-09-04T03:35:30.187978+09:00,망원한강공원,망원한강공원,POI094,KEY_2,1130004101,성산로,1130001702,성산대교(북측),126.8942680586532674_37.5573968828278240,1130032200,망원동297-2,126.8950002147612537_37.5586295530031435,151.0,54.5,원활,126.8950002147612537_37.5586295530031435|126.8946622839659284_37.5580572433595918|126.8942680586532674_37.5573968828278240
2026-09-04T03:35:30.187978+09:00,망원한강공원,망원한강공원,POI094,KEY_2,1130004102,성산로,1130032200,망원동297-2,126.8950002147612537_37.5586295530031435,1130051700,성산대교(북측),126.8965663447275745_37.5604484258084454,248.0,55.0,원활,126.8965663447275745_37.5604484258084454|126.8961956061885417_37.5601962475844360|126.8960004414220890_37.5600454039845530|126.8957681063122038_37.5598307646228093|126.8955523404559216_37.5595645510922296|126.8950002147612537_37.5586295530031435
2026-09-04T03:35:30.187978+09:00,망원한강공원,망원한강공원,POI094,KEY_2,1130004201,성산로,1130032000,성산대교(북측),126.8948869795846548_37.5581835345159192,1130001701,성산대교(북측),126.8943813250255772_37.5573346406202617,104.0,66.0,원활,126.8943813250255772_37.5573346406202617|126.8947851168518781_37.5580110236248075|126.8948869795846548_37.5581835345159192
2026-09-04T03:35:30.187978+09:00,망원한강공원,망원한강공원,POI094,KEY_2,1130004202,성산로,1130033100,성산대교(북측),126.8962400098648260_37.5600798445252551,1130032000,성산대교(북측),126.8948869795846548_37.5581835345159192,244.0,70.7,원활,126.8948869795846548_37.5581835345159192|126.8956713880452583_37.5595120093113124|126.8958771300655002_37.5597658566190375|126.8960993848130840_37.5599711823067182|126.8962400098648260_37.5600798445252551
2026-09-04T03:35:30.187978+09:00,망원한강공원,망원한강공원,POI094,KEY_2,1130004301,강변북로,1130028000,성산대교(북측),126.8963688755541455_37.5552314842199308,1130031400,성산대교(북측),126.8934765616889280_37.5578619363347244,389.0,72.3,원활,126.8934765616889280_37.5578619363347244|126.8941287036934114_37.5571376348293455|126.8945911533620006_37.5567226042710089|126.8949875801237539_37.5563790865756957|126.8953713328322834_37.5560456826038447|126.8957040277104795_37.5557573830465401|126.8959563276929146_37.5555665113359325|126.8962264597457050_37.5553376236581471|126.8963688755541455_37.5552314842199308
2026-09-04T03:35:30.187978+09:00,망원한강공원,망원한강공원,POI094,KEY_2,1130004401,강변북로,1130031800,성산대교(북측),126.8940421199747988_37.5581045142548078,1130030400,성산대교(북측),126.8947848919604837_37.5573821483062815,104.0,61.5,원활,126.8947848919604837_37.5573821483062815|126.8940421199747988_37.5581045142548078
2026-09-04T03:35:30.187978+09:00,망원한강공원,망원한강공원,POI094,KEY_2,1130004402,강변북로,1130033200,성산대교,126.8911412406119865_37.5603058527702629,1130031800,성산대교(북측),126.8940421199747988_37.5581045142548078,356.0,66.0,원활,126.8940421199747988_37.5581045142548078|126.8937299682216917_37.5583640487572197|126.8932455301918196_37.5588122892025851|126.8927341561938960_37.5592568126717694|126.8923676674887275_37.5595661444779694|126.8920015830471186_37.5598253972085629|126.8918072327847568_37.5599639069689175|126.8911412406119865_37.5603058527702629
2026-09-04T03:35:30.187978+09:00,망원한강공원,망원한강공원,POI094,KEY_2,1130012504,독막로,1130052100,합정역7번출구,126.9140173730645671_37.5487741682980598,1130021603,합정역교차로,126.9133979744090510_37.5491558635704337,71.0,28.0,원활,126.9133979744090510_37.5491558635704337|126.9135406193636584_37.5489949395947065|126.9136811129909290_37.5488909851792201|126.9137974866256258_37.5488341856604748|126.9139631942102255_37.5487857147723645|126.9140173730645671_37.5487741682980598
2026-09-04T03:35:30.187978+09:00,망원한강공원,망원한강공원,POI094,KEY_2,1130012505,독막로,1130136100,합정동 402,126.9148352538110629_37.5486026780129691,1130052100,합정역7번출구,126.9140173730645671_37.5487741682980598,75.0,30.0,원활,126.9140173730645671_37.5487741682980598|126.9143677077482124_37.5486995039643006|126.9148352538110629_37.5486026780129691
2026-09-04T03:35:30.187978+09:00,망원한강공원,망원한강공원,POI094,KEY_2,1130012601,독막로,1130021602,합정역교차로,126.9135099145764940_37.5492170875193594,1130021400,합정역6번출구,126.9140524865152884_37.5488786114665416,63.0,11.0,정체,126.9140524865152884_37.5488786114665416|126.9140042501253305_37.5488888909759595|126.9138569670299148_37.5489319720761685|126.9137636338956270_37.5489775269032293|126.9136434160954963_37.5490664775041694|126.9135099145764940_37.5492170875193594
2026-09-04T03:35:30.187978+09:00,망원한강공원,망원한강공원,POI094,KEY_2,1130014101,월드컵로,1130021604,합정역교차로,126.9133271355590011_37.5492481379057494,1130022900,합정역9번출구,126.9130418149968449_37.5497885897765329,65.0,7.0,정체,126.9130418149968449_37.5497885897765329|126.9130982247336163_37.5496351327381603|126.9132269055929783_37.5494015408536583|126.9133271355590011_37.5492481379057494
2026-09-04T03:35:30.187978+09:00,망원한강공원,망원한강공원,POI094,KEY_2,1130014201,월드컵로,1130023000,합정역9번출구,126.9131721455813278_37.5498189592265703,1130021601,합정역교차로,126.9134396891751067_37.5493101529960995,61.0,39.0,원활,126.9134396891751067_37.5493101529960995|126.9133494569869924_37.5494482548088371|126.9132260984452927_37.5496721848271662|126.9131721455813278_37.5498189592265703
2026-09-04T03:35:30.187978+09:00,망원한강공원,망원한강공원,POI094,KEY_2,1130044800,강변북로,1130020600,양화대교(북측),126.9111269978420609_37.5485526161926089,1130018200,양화대교(북측),126.9102416078398505_37.5466718111709170,232.0,44.7,서행,126.9102416078398505_37.5466718111709170|126.9103448964562659_37.5473430570484155|126.9103986365779804_37.5476503707893841|126.9104238574202981_37.5477756999008818|126.9105048846684127_37.5479460230307964|126.9105824276039556_37.5480835372061037|126.9106640651950073_37.5481763558913002|126.9108350419256226_37.5483352032103284|126.9109652588307142_37.5484401893999191|126.9111269978420609_37.5485526161926089
2026-09-04T03:35:30.187978+09:00,망원한강공원,망원한강공원,POI094,KEY_2,1130045800,강변북로,1130018400,양화대교북측(서측),126.9079539251361695_37.5465977422113681,1130021700,양화대교(북측),126.9048603023906736_37.5488546051941512,399.0,48.7,서행,126.9048603023906736_37.5488546051941512|126.9055266718272748_37.5485396853818898|126.9064149434197049_37.5481399277629464|126.9066089514169136_37.5480371639153034|126.9068527465944953_37.5478881448283275|126.9078918069258606_37.5471671825859303|126.9080115554062900_37.5470801412585331|126.9080494888386426_37.5470177297965719|126.9080763318795846_37.5469373771126413|126.9080619926768776_37.5468568175705784|126.9080364933849836_37.5467672582688436|126.9079539251361695_37.5465977422113681
2026-09-04T03:35:30.187978+09:00,망원한강공원,망원한강공원,POI094,KEY_2,1130045900,양화로,1130156400,합정동 380-8,126.9118151967610686_37.5482356448082584,1130021203,합정동 402,126.9117684440008702_37.5487013098127989,52.0,16.0,서행,126.9117684440008702_37.5487013098127989|126.9118151967610686_37.5482356448082584
2026-09-04T03:35:30.187978+09:00,망원한강공원,망원한강공원,POI094,KEY_2,1130046100,강변북로,1130018500,양화대교(북측),126.9073251434053304_37.5469921878426263,1130021100,양화대교(북측),126.9082218508906692_37.5486104598507637,242.0,48.7,서행,126.9082218508906692_37.5486104598507637|126.9079481053933449_37.5485697378756456|126.9077374574621047_37.5485042916332930|126.9075136716404160_37.5483958525956893|126.9073528686301700_37.5482769965683474|126.9072370781374417_37.5481476349090215|126.9071571446287834_37.5480291853937302|126.9070864795459102_37.5478750095152094|126.9070561930063690_37.5477281913991590|126.9070570707658732_37.5476173016963841|126.9070763730902627_37.5474492689457051|126.9071136463088436_37.5472813269097330|126.9071729281685634_37.5471707299992374|126.9073251434053304_37.5469921878426263
2026-09-04T03:35:30.187978+09:00,망원한강공원,망원한강공원,POI094,KEY_2,1130046300,양화진길,1130020001,합정동 406,126.9124089735466470_37.5477549671771911,1130021800,합정역8번출구,126.9126009251802998_37.5488890850710817,178.0,26.0,원활,126.9126009251802998_37.5488890850710817|126.9129052599318044_37.5488590463041163|126.9130897233898594_37.5488362968600953|126.9126784164114241_37.5482505084113853|126.9124089735466470_37.5477549671771911
2026-09-04T03:35:30.187978+09:00,망원한강공원,망원한강공원,POI094,KEY_2,1130047000,강변북로,1130020801,양화대교(북측),126.9101361694712296_37.5485270306192120,1130020700,양화대교(북측),126.9110864738484850_37.5486558094690892,85.0,52.7,원활,126.9110864738484850_37.5486558094690892|126.9102173533760265_37.5485274362036847|126.9101361694712296_37.5485270306192120
2026-09-04T03:35:30.187978+09:00,망원한강공원,망원한강공원,POI094,KEY_2,1130047100,강변북로,1130019500,양화대교(북측),126.9088702991146818_37.5473486190442571,1130018900,양화대교(북측),126.9079628582625361_37.5476071802752429,325.0,42.0,서행,126.9079628582625361_37.5476071802752429|126.9077617869843664_37.5478774454727855|126.9077121956132999_37.5479934562309055|126.9076963242405185_37.5481066551844478|126.9077181031041022_37.5481932140098991|126.9077660192914578_37.5482888473825298|126.9078179629540131_37.5483487286568902|126.9079222970304244_37.5484118529214044|126.9080081489424288_37.5484450747764527|126.9081353007526332_37.5484635982839308|126.9086293112116124_37.5484899213285814|126.9087792323046813_37.5484698053234780|126.9089407869166877_37.5483990700973962|126.9090537868644617_37.5483131857162320|126.9091257452737693_37.5482092100341518|126.9091714952716217_37.5481051033266340|126.9091836210362487_37.5479918850748717|126.9091696574317609_37.5478636307128539|126.9091072118532821_37.5477112859805118|126.9090111415095521_37.5475498305376476|126.9088702991146818_37.5473486190442571
2026-09-04T03:35:30.187978+09:00,망원한강공원,망원한강공원,POI094,KEY_2,1130048200,강변북로,1130022700,양화대교(북측),126.9055080199198642_37.5489541612342776,1130021100,양화대교(북측),126.9082218508906692_37.5486104598507637,251.0,52.3,원활,126.9082218508906692_37.5486104598507637|126.9077408467245789_37.5486438201896675|126.9074846758116024_37.5486532667477277|126.9072960385176003_37.5486451656873541|126.9070761497593764_37.5486118667423909|126.9068607830846673_37.5485750129122451|126.9067171008075690_37.5485635595252205|126.9065733056602454_37.5485664137284303|126.9063889048232880_37.5485905279660344|126.9062583330403129_37.5486256435050336|126.9055080199198642_37.5489541612342776
2026-09-04T03:35:30.187978+09:00,망원한강공원,망원한강공원,POI094,KEY_2,1130048500,양화로,1130022400,합정역5번출구,126.9140295476794051_37.5495373218593258,1130021400,합정역6번출구,126.9140524865152884_37.5488786114665416,86.0,10.0,정체,126.9140524865152884_37.5488786114665416|126.9139230246069445_37.5489343484288156|126.9138762522378556_37.5489900978359401|126.9138420413620167_37.5490572990694389|126.9138329563527492_37.5491459732028474|126.9138508086349617_37.5492446788838663|126.9140295476794051_37.5495373218593258
2026-09-04T03:35:30.187978+09:00,망원한강공원,망원한강공원,POI094,KEY_2,1130049000,양화로,1130052000,합정역8번출구,126.9125610162048474_37.5489924297706352,1130022900,합정역9번출구,126.9130418149968449_37.5497885897765329,105.0,37.0,원활,126.9130418149968449_37.5497885897765329|126.9130618100318912_37.5495401812596441|126.9130421428666295_37.5494586372446904|126.9130134806158026_37.5493885292777207|126.9129740362242984_37.5493212749275216|126.9129004782609655_37.5492368304858175|126.9125610162048474_37.5489924297706352
2026-09-04T03:35:30.187978+09:00,망원한강공원,망원한강공원,POI094,KEY_2,1130049300,양화로,1130023000,합정역9번출구,126.9131721455813278_37.5498189592265703,1130022800,합정역(서울2호선),126.9139380043217500_37.5496171809286139,76.0,24.0,서행,126.9139380043217500_37.5496171809286139|126.9136402094506622_37.5496006797627686|126.9135395936122848_37.5496106180248574|126.9134569354612267_37.5496277214884771|126.9133796540536849_37.5496562715165325|126.9131721455813278_37.5498189592265703
2026-09-04T03:35:30.187978+09:00,망원한강공원,망원한강공원,POI094,KEY_2,1130051100,강변북로,1130024903,망원동 211-48,126.9028611241875382_37.5513378254563790,1130001000,동인리버빌2차,126.9029266853274578_37.5507642647602324,67.0,40.0,서행,126.9029266853274578_37.5507642647602324|126.9028126717339262_37.5509453472569632|126.9027897505136622_37.5510720564586151|126.9027991886800919_37.5511826770461639|126.9028254134930478_37.5512780539479394|126.9028588751143047_37.5513352948506878|126.9028611241875382_37.5513378254563790
2026-09-04T03:35:30.187978+09:00,망원한강공원,망원한강공원,POI094,KEY_2,1130052801,성산로,1130197900,최소노드배치점,126.8921036592381171_37.5538194662087861,1130051600,성산대교(북측),126.8939006534653657_37.5567814362906276,365.0,60.0,원활,126.8939006534653657_37.5567814362906276|126.8921036592381171_37.5538194662087861
2026-09-04T03:35:30.187978+09:00,망원한강공원,망원한강공원,POI094,KEY_2,1130052802,성산로,1130051600,성산대교(북측),126.8939006534653657_37.5567814362906276,1130001702,성산대교(북측),126.8942680586532674_37.5573968828278240,76.0,60.0,원활,126.8942680586532674_37.5573968828278240|126.8939006534653657_37.5567814362906276
2026-09-04T03:35:30.187978+09:00,망원한강공원,망원한강공원,POI094,KEY_2,1130054500,강변북로,1130030200,성산대교(북측),126.8959477838967871_37.5573272909178115,1130028500,성산대교(북측),126.8963294092971381_37.5558625828289365,167.0,54.0,원활,126.8963294092971381_37.5558625828289365|126.8962548200340024_37.5560109538974203|126.8961901567778057_37.5561358257255833|126.8960829348993116_37.5564303980136032|126.8960440488294239_37.5566090603388716|126.8960201868548268_37.5567818370500675|126.8959949779797540_37.5571215438861472|126.8959477838967871_37.5573272909178115
2026-09-04T03:35:30.187978+09:00,망원한강공원,망원한강공원,POI094,KEY_2,1130054600,강변북로,1130028000,성산대교(북측),126.8963688755541455_37.5552314842199308,1130029500,성산대교(북측),126.8939091133735531_37.5565467017228869,326.0,51.0,원활,126.8939091133735531_37.5565467017228869|126.8941160039223490_37.5567491270422238|126.8942322184528422_37.5568248446779336|126.8943307792081328_37.5568611223742863|126.8944698084482781_37.5568940303965704|126.8946000245683479_37.5569054298960339|126.8947079483467917_37.5568952521194745|126.8948519626013791_37.5568673720655255|126.8949782349178150_37.5568107838051546|126.8950776352305496_37.5567433262311141|126.8952272699656163_37.5565759637522874|126.8953411542366894_37.5564406025223079|126.8960393752678470_37.5556106937079477|126.8961527713011748_37.5554789163318645|126.8963688755541455_37.5552314842199308
2026-09-04T03:35:30.187978+09:00,망원한강공원,망원한강공원,POI094,KEY_2,1130055100,강변북로,1130030200,성산대교(북측),126.8959477838967871_37.5573272909178115,1130031400,성산대교(북측),126.8934765616889280_37.5578619363347244,298.0,44.3,서행,126.8934765616889280_37.5578619363347244|126.8935715870818655_37.5577801484427098|126.8938020760769518_37.5576167799939142|126.8944847836780241_37.5570980087808479|126.8947239079309526_37.5569776093695822|126.8952461613477141_37.5568515063165833|126.8954622110283879_37.5568061082511946|126.8956193864642330_37.5568176449194340|126.8957223845461613_37.5568610991157641|126.8958473271129890_37.5569690551372233|126.8959003502932745_37.5570802200584239|126.8959309083641926_37.5571912705501774|126.8959477838967871_37.5573272909178115
2026-09-04T03:35:30.187978+09:00,망원한강공원,망원한강공원,POI094,KEY_2,1130055600,성산로,1130001701,성산대교(북측),126.8943813250255772_37.5573346406202617,1130029500,성산대교(북측),126.8939091133735531_37.5565467017228869,97.0,20.0,서행,126.8939091133735531_37.5565467017228869|126.8940231764855895_37.5567347016886757|126.8943813250255772_37.5573346406202617
2026-09-04T03:35:30.187978+09:00,망원한강공원,망원한강공원,POI094,KEY_2,1130056200,강변북로,1130030400,성산대교(북측),126.8947848919604837_37.5573821483062815,1130032000,성산대교(북측),126.8948869795846548_37.5581835345159192,302.0,41.0,서행,126.8948869795846548_37.5581835345159192|126.8950464902944901_37.5582798803510869|126.8951406178000667_37.5583089805873769|126.8953021456018462_37.5583384252499357|126.8954280162047326_37.5583319153729320|126.8955405500953191_37.5583074511124764|126.8956443012299502_37.5582579015376083|126.8956941314630313_37.5582080753949441|126.8957350329097835_37.5581510495894904|126.8957489756507186_37.5580938855421920|126.8958222373852891_37.5573680845716851|126.8958094802783023_37.5572785889986918|126.8957786337305009_37.5572033096052138|126.8957475572415774_37.5571566465653888|126.8957029717622191_37.5571134917800222|126.8955955389453294_37.5570628608098858|126.8954833521016923_37.5570444001368173|126.8953889660117085_37.5570474943645962|126.8952674755185512_37.5570683348415173|126.8951682775213072_37.5571107540445794|126.8947848919604837_37.5573821483062815
2026-09-04T03:35:30.187978+09:00,망원한강공원,망원한강공원,POI094,KEY_2,1130057100,강변북로,1130033100,성산대교(북측),126.8962400098648260_37.5600798445252551,1130030200,성산대교(북측),126.8959477838967871_37.5573272909178115,314.0,56.7,원활,126.8959477838967871_37.5573272909178115|126.8958285842760176_37.5586225282904849|126.8958024250376582_37.5588942629468718|126.8958129054658315_37.5590803325226474|126.8958353298008888_37.5592712320608726|126.8958938158745582_37.5594480078332751|126.8959817962853549_37.5596821688064466|126.8960524974649928_37.5598303891524452|126.8961169487055258_37.5599177650610443|126.8962400098648260_37.5600798445252551
2026-09-04T03:35:30.187978+09:00,망원한강공원,망원한강공원,POI094,KEY_2,1130057200,강변북로,1130031400,성산대교(북측),126.8934765616889280_37.5578619363347244,1130032600,성산대교(북측),126.8944996981634006_37.5595429958823459,239.0,44.5,서행,126.8944996981634006_37.5595429958823459|126.8941294575235332_37.5593605658435763|126.8938607550015405_37.5592482928689790|126.8936729614436558_37.5591328575938022|126.8935435829644405_37.5590177224764972|126.8934368449610588_37.5588812396137470|126.8933615604962029_37.5587449184117617|126.8933178448669281_37.5585944503053000|126.8932965095752934_37.5584548296853100|126.8933112370545899_37.5583010842876703|126.8933302832502790_37.5581688252532899|126.8933808399575440_37.5580295741042107|126.8934765616889280_37.5578619363347244
2026-09-04T03:35:30.187978+09:00,망원한강공원,망원한강공원,POI094,KEY_2,1130057600,강변북로,1130032200,망원동297-2,126.8950002147612537_37.5586295530031435,1130031800,성산대교(북측),126.8940421199747988_37.5581045142548078,296.0,43.0,서행,126.8940421199747988_37.5581045142548078|126.8938006897265183_37.5584165792352991|126.8937232601420106_37.5585449619723732|126.8936684125329748_37.5586591508701986|126.8936495121976407_37.5587735243936720|126.8936709924894188_37.5588952602886152|126.8937374944070342_37.5590064959451837|126.8938133878040446_37.5590676986530951|126.8939028207753950_37.5591218154273392|126.8942162540165697_37.5592593590031356|126.8944268626905654_37.5593319831374330|126.8945211364593462_37.5593431983093211|126.8946470364907526_37.5593331123366880|126.8947912005788936_37.5592873477212734|126.8949221728727252_37.5592057430569781|126.8949992832976932_37.5591167075910022|126.8950313433697943_37.5590417506482055|126.8950410538536175_37.5589523695953105|126.8950002147612537_37.5586295530031435
2026-09-04T03:35:30.187978+09:00,망원한강공원,망원한강공원,POI094,KEY_2,1130057700,강변북로,1130033200,성산대교,126.8911412406119865_37.5603058527702629,1130032600,성산대교(북측),126.8944996981634006_37.5595429958823459,326.0,52.3,원활,126.8944996981634006_37.5595429958823459|126.8943293941725443_37.5594872710125642|126.8941530411086944_37.5594386700603451|126.8939286622046154_37.5594017467735526|126.8937640802613203_37.5593794378865411|126.8935933902019855_37.5593714067652158|126.8934495642020437_37.5593754378597282|126.8932726515631657_37.5593959919852907|126.8931075851383383_37.5594333006925396|126.8929244098583382_37.5594872098278643|126.8926237686871303_37.5596192130071884|126.8919590517301259_37.5599472802490411|126.8911412406119865_37.5603058527702629
2026-09-04T03:35:30.187978+09:00,망원한강공원,망원한강공원,POI094,KEY_2,1130058000,강변북로,1130032600,성산대교(북측),126.8944996981634006_37.5595429958823459,1130033300,성산대교(북측),126.8960313586577939_37.5602532631850607,157.0,47.0,서행,126.8960313586577939_37.5602532631850607|126.8959204715099958_37.5601846338889942|126.8958161077995186_37.5601244796121350|126.8952608916589497_37.5598783857262077|126.8944996981634006_37.5595429958823459
2026-09-04T03:35:30.187978+09:00,망원한강공원,망원한강공원,POI094,KEY_2,1130077600,강변북로,1130051600,성산대교(북측),126.8939006534653657_37.5567814362906276,1130032901,상암동 1536-5,126.8907763104595432_37.5602411617639333,509.0,62.0,원활,126.8907763104595432_37.5602411617639333|126.8914515481813510_37.5599570068259894|126.8916725966885934_37.5598508291836310|126.8919166058800556_37.5596839575910550|126.8921021123249062_37.5595275151353363|126.8923374234193773_37.5593248246021076|126.8928854144154599_37.5587982156387596|126.8936462934091765_37.5580616421300277|126.8938410402452490_37.5578730495400208|126.8939317463245260_37.5577697750056032|126.8939818668525277_37.5576841793648271|126.8940368585594598_37.5575521047411414|126.8940509166800297_37.5574806322605426|126.8940609464013676_37.5573519041138013|126.8940571775176807_37.5572624542587903|126.8940267098289780_37.5571406724921744|126.8939006534653657_37.5567814362906276
2026-09-04T03:35:30.187978+09:00,망원한강공원,망원한강공원,POI094,KEY_2,1130087500,양화로3길,1130115600,합정동 407,126.9116969527201491_37.5495270854960594,1130021201,합정동 402,126.9118842718870042_37.5488389364112436,78.0,18.0,서행,126.9118842718870042_37.5488389364112436|126.9118474626460227_37.5490170505902370|126.9116969527201491_37.5495270854960594
2026-09-04T03:35:30.187978+09:00,반포한강공원,반포한강공원,POI095,KEY_3,1210004500,올림픽대로,1210473500,최소노드배치점,126.9849859864246895_37.5052572539861941,1210043100,반포동 1337-4,126.9909393086859950_37.5067245440807682,553.0,81.8,원활,126.9909393086859950_37.5067245440807682|126.9901890908383422_37.5064390997933188|126.9898392708057742_37.5063085407043388|126.9896210377246319_37.5062459316056049|126.9891672180945790_37.5061253742093896|126.9890092184601258_37.5060903943060140|126.9869005703152567_37.5056505401000209|126.9849859864246895_37.5052572539861941
2026-09-04T03:35:30.187978+09:00,반포한강공원,반포한강공원,POI095,KEY_3,1210004600,올림픽대로,1210473600,최소노드배치점,126.9850464041665674_37.5050791504093013,1190028801,동작구-서초구,126.9789823584474249_37.5046639518026268,541.0,78.7,원활,126.9789823584474249_37.5046639518026268|126.9802303681690603_37.5046617417532460|126.9819135711866238_37.5046512840886379|126.9826048000792440_37.5046692674508506|126.9832197188299574_37.5047158428743330|126.9836326487822618_37.5047874181129828|126.9840096720059250_37.5048554109620085|126.9850464041665674_37.5050791504093013
2026-09-04T03:35:30.187978+09:00,반포한강공원,반포한강공원,POI095,KEY_3,1210004901,올림픽대로,1210043100,반포동 1337-4,126.9909393086859950_37.5067245440807682,1210044300,반포동 115-6,126.9939814359000110_37.5081015369480752,310.0,73.0,원활,126.9939814359000110_37.5081015369480752|126.9931929722786066_37.5077169948010720|126.9918464285245676_37.5070696761976734|126.9909393086859950_37.5067245440807682
2026-09-04T03:35:30.187978+09:00,반포한강공원,반포한강공원,POI095,KEY_3,1210004902,올림픽대로,1210044300,반포동 115-6,126.9939814359000110_37.5081015369480752,1210046300,미니스톱반포1점,127.0028235957947658_37.5124656549612254,920.0,78.0,원활,127.0028235957947658_37.5124656549612254|127.0024892527280258_37.5122549419168081|127.0019326101089803_37.5119367005065172|127.0003435122797271_37.5111714802009573|126.9985614268103404_37.5102989599209735|126.9966940965352222_37.5094085307340350|126.9946741968714150_37.5084393965799947|126.9939814359000110_37.5081015369480752
2026-09-04T03:35:30.187978+09:00,반포한강공원,반포한강공원,POI095,KEY_3,1210005301,올림픽대로,1210467000,최소노드배치점,127.0063311684586722_37.5151321080427280,1210048600,한남대교분기점,127.0116483973796164_37.5197328756636708,694.0,27.0,정체,127.0116483973796164_37.5197328756636708|127.0113381325108008_37.5194347621186211|127.0111530941337463_37.5192706692185212|127.0109430122922873_37.5190843650138959|127.0098205372895421_37.5181189800994872|127.0087474791721576_37.5172072192485331|127.0063311684586722_37.5151321080427280
2026-09-04T03:35:30.187978+09:00,반포한강공원,반포한강공원,POI095,KEY_3,1210024100,동작대로,1210042300,동작대교,126.9806649648760128_37.5057967542173571,1210037600,동작구-서초구,126.9811003133906979_37.5023416866593706,402.0,61.3,원활,126.9811003133906979_37.5023416866593706|126.9807516982350393_37.5027332272799541|126.9806465756221598_37.5029030100310194|126.9805412999374425_37.5031160553451315|126.9804608919166640_37.5033252141313085|126.9804082986606772_37.5035319177264057|126.9803587674843186_37.5038518205309757|126.9803461438776395_37.5044511123134754|126.9803862384570579_37.5047636480202087|126.9804912197440103_37.5051623242331402|126.9806649648760128_37.5057967542173571
2026-09-04T03:35:30.187978+09:00,반포한강공원,반포한강공원,POI095,KEY_3,1210026605,반포대로,1210044902,반포대교,126.9992921995695951_37.5086549273924064,1210045500,반포대교,126.9985814437733325_37.5101401536037926,176.0,50.0,원활,126.9985814437733325_37.5101401536037926|126.9992921995695951_37.5086549273924064
2026-09-04T03:35:30.187978+09:00,반포한강공원,반포한강공원,POI095,KEY_3,1210026705,반포대로,1210051600,반포대교,126.9986967105539293_37.5101806127401289,1210044901,반포대교,126.9994191248414523_37.5086931506571730,177.0,17.0,서행,126.9994191248414523_37.5086931506571730|126.9986967105539293_37.5101806127401289
2026-09-04T03:35:30.187978+09:00,반포한강공원,반포한강공원,POI095,KEY_3,1210058200,현충로,1190029000,동작구-서초구,126.9791771252401844_37.5043272220037096,1210040500,한강홍수통제소앞,126.9826300808937276_37.5044384633158856,306.0,70.0,원활,126.9826300808937276_37.5044384633158856|126.9821116639992766_37.5043498801840158|126.9818418690978774_37.5043382205551197|126.9791771252401844_37.5043272220037096
2026-09-04T03:35:30.187978+09:00,반포한강공원,반포한강공원,POI095,KEY_3,1210058300,동작대로,1210042300,동작대교,126.9806649648760128_37.5057967542173571,1210040500,한강홍수통제소앞,126.9826300808937276_37.5044384633158856,316.0,43.7,원활,126.9826300808937276_37.5044384633158856|126.9820741456918398_37.5043962636629544|126.9814073885070229_37.5043800380098489|126.9809749282143798_37.5043960917430752|126.9808838035022802_37.5044214124037936|126.9808013490878125_37.5044628578957528|126.9807434859177704_37.5045100638647781|126.9806928462777478_37.5045699409240783|126.9806668008969837_37.5046240636632362|126.9806479788473865_37.5046873985579055|126.9806436204795972_37.5047691631819120|126.9806776952086693_37.5049367323332348|126.9806964559726055_37.5051071767794966|126.9807036988778037_37.5053218983415277|126.9806732534744356_37.5056051937505188|126.9806649648760128_37.5057967542173571
2026-09-04T03:35:30.187978+09:00,반포한강공원,반포한강공원,POI095,KEY_3,1210060300,올림픽대로,1210040500,한강홍수통제소앞,126.9826300808937276_37.5044384633158856,1210043100,반포동 1337-4,126.9909393086859950_37.5067245440807682,784.0,73.7,원활,126.9909393086859950_37.5067245440807682|126.9904059126604068_37.5066141279368068|126.9884504673063219_37.5062670272108889|126.9881455542998765_37.5062037004910778|126.9879783094321226_37.5061457399460565|126.9877752733192295_37.5060685444103257|126.9851906749843380_37.5049268930149537|126.9846346495238834_37.5048147648617061|126.9833132594171730_37.5045609687905426|126.9826300808937276_37.5044384633158856
2026-09-04T03:35:30.187978+09:00,반포한강공원,반포한강공원,POI095,KEY_3,1210061500,올림픽대로,1210044300,반포동 115-6,126.9939814359000110_37.5081015369480752,1210051500,반포대교JC,126.9982337024220413_37.5097200726367461,417.0,56.0,원활,126.9982337024220413_37.5097200726367461|126.9973859716003517_37.5093492024963311|126.9967144131025520_37.5090534435411271|126.9961887876295634_37.5088651853329011|126.9950834353601437_37.5085218184218760|126.9946891821507080_37.5083865812520614|126.9939814359000110_37.5081015369480752
2026-09-04T03:35:30.187978+09:00,반포한강공원,반포한강공원,POI095,KEY_3,1210062500,올림픽대로,1210051700,잠원동116,126.9996578059465548_37.5103108362172506,1210046300,미니스톱반포1점,127.0028235957947658_37.5124656549612254,370.0,31.0,서행,127.0028235957947658_37.5124656549612254|127.0019652362981617_37.5117753427098535|127.0008853712997166_37.5109658997057878|127.0006022424074246_37.5107739154575412|126.9996578059465548_37.5103108362172506
2026-09-04T03:35:30.187978+09:00,반포한강공원,반포한강공원,POI095,KEY_3,1210062700,반포대로,1210467200,최소노드배치점,126.9975047366202716_37.5127959116777916,1210045100,잠수교,126.9991848898787055_37.5093357874198716,412.0,55.0,원활,126.9991848898787055_37.5093357874198716|126.9989266448896927_37.5098764854581717|126.9985869159005603_37.5105542301294363|126.9975047366202716_37.5127959116777916
2026-09-04T03:35:30.187978+09:00,반포한강공원,반포한강공원,POI095,KEY_3,1210066800,올림픽대로,1210051500,반포대교JC,126.9982337024220413_37.5097200726367461,1210045500,반포대교,126.9985814437733325_37.5101401536037926,63.0,47.0,서행,126.9985814437733325_37.5101401536037926|126.9985769843182197_37.5099470979996710|126.9985693289548720_37.5099110072666377|126.9985492264190583_37.5098763453739963|126.9985149122531993_37.5098453314676092|126.9982337024220413_37.5097200726367461
2026-09-04T03:35:30.187978+09:00,반포한강공원,반포한강공원,POI095,KEY_3,1210067000,올림픽대로,1210051600,반포대교,126.9986967105539293_37.5101806127401289,1210051700,잠원동116,126.9996578059465548_37.5103108362172506,96.0,51.0,원활,126.9996578059465548_37.5103108362172506|126.9990482172973145_37.5100741732167009|126.9989802461160338_37.5100528260487920|126.9989066249661533_37.5100606019608733|126.9988506241951711_37.5100816939465815|126.9987820786087838_37.5101227060872446|126.9986967105539293_37.5101806127401289
2026-09-04T03:35:30.187978+09:00,반포한강공원,반포한강공원,POI095,KEY_3,1210178600,반포대로,1210467400,최소노드배치점,126.9972314575511376_37.5132225242302439,1210051600,반포대교,126.9986967105539293_37.5101806127401289,362.0,65.0,원활,126.9986967105539293_37.5101806127401289|126.9972314575511376_37.5132225242302439
2026-09-04T03:35:30.187978+09:00,보라매공원,보라매공원,POI123,KEY_4,1190013200,보라매로5길,1190170600,신대방동 395-61,126.9227366705831628_37.4904668646938362,1200025701,신림동 808-152,126.9226317395202983_37.4900265482961004,50.0,13.0,정체,126.9226317395202983_37.4900265482961004|126.9227366705831628_37.4904668646938362
2026-09-04T03:35:30.187978+09:00,보라매공원,보라매공원,POI123,KEY_4,1190013300,보라매로5길,1190131900,신대방동 395-61,126.9227968309863712_37.4912988693119473,1190004903,한국컴퓨터(주),126.9229285536427057_37.4918515944887218,62.0,10.0,정체,126.9229285536427057_37.4918515944887218|126.9227968309863712_37.4912988693119473
2026-09-04T03:35:30.187978+09:00,보라매공원,보라매공원,POI123,KEY_4,1190013600,보라매로5길,1200026503,전문건설회관,126.9245918446947883_37.4916188514920350,1190004902,한국컴퓨터(주),126.9230618642969404_37.4918314235246157,137.0,10.0,정체,126.9230618642969404_37.4918314235246157|126.9245918446947883_37.4916188514920350
2026-09-04T03:35:30.187978+09:00,보라매공원,보라매공원,POI123,KEY_4,1190013700,보라매로5길-보라매로,1190004901,한국컴퓨터(주),126.9230872448197687_37.4919376497595991,1200026504,전문건설회관,126.9246181163629643_37.4917249529024517,137.0,10.0,정체,126.9246181163629643_37.4917249529024517|126.9230872448197687_37.4919376497595991
2026-09-04T03:35:30.187978+09:00,보라매공원,보라매공원,POI123,KEY_4,1190014000,보라매로5길,1190000601,속성변화점,126.9233297358312456_37.4929500653999170,1190004901,한국컴퓨터(주),126.9230872448197687_37.4919376497595991,114.0,15.0,서행,126.9230872448197687_37.4919376497595991|126.9231928492696966_37.4923785585905094|126.9233297358312456_37.4929500653999170
2026-09-04T03:35:30.187978+09:00,보라매공원,보라매공원,POI123,KEY_4,1190014100,보라매로5길,1190004904,한국컴퓨터(주),126.9229539576708277_37.4919579182738758,1190000602,속성변화점,126.9232218613518768_37.4930764401332155,126.0,28.5,원활,126.9232218613518768_37.4930764401332155|126.9230595613653776_37.4923988272215638|126.9229539576708277_37.4919579182738758
2026-09-04T03:35:30.187978+09:00,보라매공원,보라매공원,POI123,KEY_4,1190014200,보라매로5길,1200027503,신대방동 395-61,126.9248443409804281_37.4927208881633547,1190000601,속성변화점,126.9233297358312456_37.4929500653999170,136.0,9.0,정체,126.9233297358312456_37.4929500653999170|126.9248443409804281_37.4927208881633547
2026-09-04T03:35:30.187978+09:00,보라매공원,보라매공원,POI123,KEY_4,1190014300,보라매로5길,1190000602,속성변화점,126.9232218613518768_37.4930764401332155,1200027504,신대방동 395-61,126.9248696580128808_37.4928271104749058,148.0,28.0,원활,126.9248696580128808_37.4928271104749058|126.9232218613518768_37.4930764401332155
2026-09-04T03:35:30.187978+09:00,보라매공원,보라매공원,POI123,KEY_4,1190015300,여의대방로16길,1190181700,최소노드배치점,126.9182577898026381_37.4944467326277220,1180002803,보라매공원입구교차로,126.9174794396136008_37.4971467344705047,315.0,14.0,정체,126.9174794396136008_37.4971467344705047|126.9176836590731341_37.4965740922622217|126.9183531540798526_37.4946616280406104|126.9183686092806482_37.4945698810985348|126.9183390140503604_37.4944936652096104|126.9182657352436649_37.4944478893438102|126.9182577898026381_37.4944467326277220
2026-09-04T03:35:30.187978+09:00,북서울꿈의숲,북서울꿈의숲,POI096,KEY_1,1070021501,월계로,1080212200,번동 105,127.0454848732878901_37.6210311282169911,1070039703,상아A빌딩,127.0455536192900894_37.6211584974991595,15.0,13.0,정체,127.0455536192900894_37.6211584974991595|127.0454848732878901_37.6210311282169911
2026-09-04T03:35:30.187978+09:00,북서울꿈의숲,북서울꿈의숲,POI096,KEY_1,1070021502,월계로,1070039704,상아A빌딩,127.0456077776519521_37.6212588607164733,1070039804,장월초등학교,127.0462802478580642_37.6221704051017340,118.0,52.0,원활,127.0462802478580642_37.6221704051017340|127.0460826413426645_37.6219610511300928|127.0459327948366735_37.6217868126396553|127.0458240259468710_37.6216374117474786|127.0457124630564039_37.6214528913420452|127.0456077776519521_37.6212588607164733
2026-09-04T03:35:30.187978+09:00,북서울꿈의숲,북서울꿈의숲,POI096,KEY_1,1070021503,월계로,1070039801,장월초등학교,127.0463893459632345_37.6222718031564298,1070040104,번동 47-33,127.0477746747576333_37.6231889255401484,160.0,22.0,서행,127.0477746747576333_37.6231889255401484|127.0470806863630031_37.6227988312367785|127.0468342172890459_37.6226363551742295|127.0466273780273809_37.6224821817550179|127.0464543217501188_37.6223301948852296|127.0463893459632345_37.6222718031564298
2026-09-04T03:35:30.187978+09:00,북서울꿈의숲,북서울꿈의숲,POI096,KEY_1,1070077300,월계로,1080229400,최소노드배치점,127.0425458966283827_37.6177250516263371,1080001103,북서울꿈의숲동문앞교차로,127.0446748612530001_37.6195665141872198,279.0,36.0,원활,127.0446748612530001_37.6195665141872198|127.0445434286952491_37.6194076045613102|127.0445063415358931_37.6193663455268492|127.0443041935552770_37.6191414572316631|127.0441253531880079_37.6189406021498485|127.0439433826660718_37.6187603121031415|127.0438459398562259_37.6186763310502315|127.0437764753761201_37.6186164629460791|127.0430953054205077_37.6181150210598076|127.0429818097745880_37.6180344625877012|127.0425458966283827_37.6177250516263371
2026-09-04T03:35:30.187978+09:00,북서울꿈의숲,북서울꿈의숲,POI096,KEY_1,1080003204,오현로,1080006102,공주능입구,127.0361318047046382_37.6185224922539447,1080005001,미아동 1-46,127.0350143207193696_37.6168346850441679,212.0,17.0,서행,127.0350143207193696_37.6168346850441679|127.0350450205997959_37.6168659193167940|127.0351051242240885_37.6169501420465764|127.0355840328240618_37.6176862852074336|127.0361318047046382_37.6185224922539447
2026-09-04T03:35:30.187978+09:00,북서울꿈의숲,북서울꿈의숲,POI096,KEY_1,1080003205,오현로,1080218800,번동 120-6,127.0377100072892915_37.6221811532617565,1080006101,공주능입구,127.0361964670142925_37.6186211961319685,422.0,37.0,원활,127.0361964670142925_37.6186211961319685|127.0366822973561653_37.6193626991985397|127.0370572117887917_37.6199956178654062|127.0371336632409083_37.6201486851583482|127.0373786759467691_37.6207278050103326|127.0374520264741562_37.6208954639794300|127.0376240978868907_37.6212887683658153|127.0376661828446885_37.6214224371594526|127.0376912506485638_37.6215578980299483|127.0376974714457958_37.6216876454460802|127.0377100072892915_37.6221811532617565
2026-09-04T03:35:30.187978+09:00,북서울꿈의숲,북서울꿈의숲,POI096,KEY_1,1080004105,한천로109길,1080208500,번동 255,127.0420690581762670_37.6279992677586677,1080010102,번동 621-19,127.0416119537741935_37.6276598609258457,55.0,28.0,원활,127.0416119537741935_37.6276598609258457|127.0420187146939668_37.6279488633456367|127.0420690581762670_37.6279992677586677
2026-09-04T03:35:30.187978+09:00,북서울꿈의숲,북서울꿈의숲,POI096,KEY_1,1080004106,한천로109길,1080011802,번동주공3단지,127.0440770025255404_37.6286515288063796,1080011202,서울번동3행복주택아파트,127.0435150678661529_37.6284354077918337,55.0,4.0,정체,127.0435150678661529_37.6284354077918337|127.0435547632801416_37.6284436795084574|127.0438912618911047_37.6285611704831382|127.0440770025255404_37.6286515288063796
2026-09-04T03:35:30.187978+09:00,북서울꿈의숲,북서울꿈의숲,POI096,KEY_1,1080004205,한천로109길,1080184600,번동 237,127.0427839829520025_37.6284666162161940,1080011204,서울번동3행복주택아파트,127.0433528053765997_37.6285175086048156,51.0,24.0,서행,127.0433528053765997_37.6285175086048156|127.0428809652419915_37.6284971376578525|127.0427839829520025_37.6284666162161940
2026-09-04T03:35:30.187978+09:00,북서울꿈의숲,북서울꿈의숲,POI096,KEY_1,1080004206,한천로109길,1080011201,서울번동3행복주택아파트,127.0434806136058654_37.6285399963380627,1080011803,번동주공3단지,127.0439811538381178_37.6287316404037995,49.0,19.0,서행,127.0439811538381178_37.6287316404037995|127.0438281850549629_37.6286572246620068|127.0435099364932228_37.6285461066658158|127.0434806136058654_37.6285399963380627
2026-09-04T03:35:30.187978+09:00,북서울꿈의숲,북서울꿈의숲,POI096,KEY_1,1080004500,한천로,1080011803,번동주공3단지,127.0439811538381178_37.6287316404037995,1080012402,강북구민운동장앞교차로,127.0415727990643262_37.6305731360132114,296.0,45.7,원활,127.0415727990643262_37.6305731360132114|127.0423787483356648_37.6300923495313384|127.0425736317070999_37.6299654196215769|127.0427335814493119_37.6298462694465030|127.0428767999803767_37.6297240329487224|127.0430753819527894_37.6295469330440824|127.0438304230867317_37.6288647723450964|127.0439811538381178_37.6287316404037995
2026-09-04T03:35:30.187978+09:00,북서울꿈의숲,북서울꿈의숲,POI096,KEY_1,1080004600,한천로,1080012401,강북구민운동장앞교차로,127.0416350558218568_37.6306711503403477,1080011804,번동주공3단지,127.0440991156767581_37.6287890258468778,303.0,41.0,원활,127.0440991156767581_37.6287890258468778|127.0439319559293239_37.6289366684336386|127.0431771323927848_37.6296186341803107|127.0429772698638544_37.6297968753689887|127.0428298867321075_37.6299226669884987|127.0426632627233943_37.6300467886447123|127.0424626389235101_37.6301774580572825|127.0416350558218568_37.6306711503403477
2026-09-04T03:35:30.187978+09:00,북서울꿈의숲,북서울꿈의숲,POI096,KEY_1,1080015400,오현로14길,1080006101,공주능입구,127.0361964670142925_37.6186211961319685,1080005002,미아동 1-46,127.0349215753503671_37.6167528715441719,280.0,5.0,정체,127.0349215753503671_37.6167528715441719|127.0351942306662778_37.6166226459324378|127.0352928677290549_37.6166308749319427|127.0353588654271988_37.6166712266560381|127.0356435851497565_37.6171017620031733|127.0360212110051208_37.6177079799055250|127.0360542021376205_37.6178339504861370|127.0362695727076670_37.6185048628651515|127.0362641784160616_37.6185739441696469|127.0361964670142925_37.6186211961319685
2026-09-04T03:35:30.187978+09:00,북서울꿈의숲,북서울꿈의숲,POI096,KEY_1,1080015500,오현로14길,1080005001,미아동 1-46,127.0350143207193696_37.6168346850441679,1080006102,공주능입구,127.0361318047046382_37.6185224922539447,238.0,15.0,서행,127.0361318047046382_37.6185224922539447|127.0361320240584178_37.6185223391783623|127.0361325857837045_37.6185151347067404|127.0359217561974532_37.6178583626048422|127.0358916952279742_37.6177435813682948|127.0355225275374238_37.6171509393017303|127.0352524323656667_37.6167425194599261|127.0352404895300253_37.6167352169135611|127.0352252421694317_37.6167339447655849|127.0350143207193696_37.6168346850441679
2026-09-04T03:35:30.187978+09:00,북서울꿈의숲,북서울꿈의숲,POI096,KEY_1,1080018800,월계로37길,1070039804,장월초등학교,127.0462802478580642_37.6221704051017340,1080007608,한진아파트,127.0448198705373954_37.6250619397698642,349.0,36.0,원활,127.0448198705373954_37.6250619397698642|127.0453450135076423_37.6243212278256181|127.0456012798674124_37.6239530578342141|127.0457084490999335_37.6237865698143992|127.0458936597036370_37.6233822610333704|127.0460292216023248_37.6230767528485188|127.0461048454251483_37.6228581131876467|127.0461799710472519_37.6225013577183987|127.0462802478580642_37.6221704051017340
2026-09-04T03:35:30.187978+09:00,북서울꿈의숲,북서울꿈의숲,POI096,KEY_1,1080018900,월계로37길,1080007607,한진아파트,127.0449382769235172_37.6251150462080020,1070039801,장월초등학교,127.0463893459632345_37.6222718031564298,343.0,19.0,서행,127.0463893459632345_37.6222718031564298|127.0463132410816485_37.6225229805389176|127.0462377569169377_37.6228814445038537|127.0461590058405363_37.6231091250770504|127.0460216130153981_37.6234187606445261|127.0458332841501630_37.6238298786935417|127.0457212714792377_37.6240038919443620|127.0454636802138850_37.6243739655881626|127.0449382769235172_37.6251150462080020
2026-09-04T03:35:30.187978+09:00,북서울꿈의숲,북서울꿈의숲,POI096,KEY_1,1080020100,오현로20길,1080008903,해모로아파트105동,127.0385479471585626_37.6265558089872272,1080008002,완성아파트,127.0371753798906269_37.6253812312944618,183.0,38.0,원활,127.0371753798906269_37.6253812312944618|127.0373865258954567_37.6254464105757265|127.0374723547953408_37.6254993073195436|127.0376130935286199_37.6256213246378124|127.0380278108809051_37.6261848950123294|127.0381864572136550_37.6263361879287004|127.0382783505832549_37.6264047223438922|127.0384625439472188_37.6265165208501031|127.0385479471585626_37.6265558089872272
2026-09-04T03:35:30.187978+09:00,북서울꿈의숲,북서울꿈의숲,POI096,KEY_1,1080021500,오현로20길,1080009303,아파트상가,127.0397069872915949_37.6269553768017602,1080008902,해모로아파트105동,127.0386566892210709_37.6265997184016427,101.0,35.0,원활,127.0386566892210709_37.6265997184016427|127.0391230076543820_37.6267655400595871|127.0397069872915949_37.6269553768017602
2026-09-04T03:35:30.187978+09:00,북서울꿈의숲,북서울꿈의숲,POI096,KEY_1,1080021701,월계로37길,1080185000,번동 256,127.0437488865762816_37.6280740361808839,1080011203,서울번동3행복주택아파트,127.0433601734675619_37.6284095497175457,51.0,19.0,서행,127.0433601734675619_37.6284095497175457|127.0437488865762816_37.6280740361808839
2026-09-04T03:35:30.187978+09:00,북서울꿈의숲,북서울꿈의숲,POI096,KEY_1,1080021702,월계로37길,1080007609,한진아파트,127.0447534824117497_37.6251483626267031,1080007604,번동256,127.0442817402998372_37.6257590785054745,80.0,9.0,정체,127.0442817402998372_37.6257590785054745|127.0444325615691952_37.6255389083081369|127.0447534824117497_37.6251483626267031
2026-09-04T03:35:30.187978+09:00,북서울꿈의숲,북서울꿈의숲,POI096,KEY_1,1080021802,월계로37길,1080011202,서울번동3행복주택아파트,127.0435150678661529_37.6284354077918337,1080007602,번동256,127.0443694314072616_37.6258666177173566,311.0,23.0,서행,127.0443694314072616_37.6258666177173566|127.0443210064716055_37.6259591777217111|127.0442363585700321_37.6261572535861575|127.0441698358856257_37.6263623268706837|127.0441476477345049_37.6264985778802554|127.0441476968119190_37.6265815559266841|127.0441477060896034_37.6265972422084900|127.0441549271426851_37.6267838635792202|127.0442426045886464_37.6276417934187677|127.0441796981021838_37.6278187878592476|127.0441054805433794_37.6279257969587420|127.0439308155152958_37.6280765589696458|127.0438488574726676_37.6281473007031764|127.0435150678661529_37.6284354077918337
2026-09-04T03:35:30.187978+09:00,북서울꿈의숲,북서울꿈의숲,POI096,KEY_1,1080022700,한천로109길,1080205800,번동 169-5,127.0406038520408316_37.6272645775239454,1080009302,아파트상가,127.0398425759986054_37.6270004561003049,73.0,36.0,원활,127.0398425759986054_37.6270004561003049|127.0406038520408316_37.6272645775239454
2026-09-04T03:35:30.187978+09:00,북서울꿈의숲,북서울꿈의숲,POI096,KEY_1,1080037600,한천로,1080011801,번동주공3단지,127.0441968074792385_37.6287098107447235,1080008701,번3동주민센터앞교차로,127.0474743171278078_37.6266650981888233,371.0,42.0,원활,127.0474743171278078_37.6266650981888233|127.0473273772282425_37.6268399554471671|127.0471539551732860_37.6270058848037934|127.0470082596104220_37.6271400052395038|127.0468653303486803_37.6272550342901226|127.0467033487024082_37.6273517590571771|127.0465136682868916_37.6274472079137112|127.0449742738199888_37.6282150406539841|127.0447102237135653_37.6283555849654192|127.0445296378400997_37.6284654564684047|127.0443468073827802_37.6285945736058807|127.0441968074792385_37.6287098107447235
2026-09-04T03:35:30.187978+09:00,북서울꿈의숲,북서울꿈의숲,POI096,KEY_1,1080037700,한천로,1080008704,번3동주민센터앞교차로,127.0473612995861998_37.6266050192641117,1080011802,번동주공3단지,127.0440770025255404_37.6286515288063796,372.0,23.0,서행,127.0440770025255404_37.6286515288063796|127.0442544133491793_37.6285152331962891|127.0444430935561684_37.6283819847763183|127.0446310435143857_37.6282676336174404|127.0449003424666614_37.6281242953268915|127.0464412148323277_37.6273557259509488|127.0466260753347996_37.6272627018670534|127.0467756922542719_37.6271733620880795|127.0469083712766576_37.6270665812472771|127.0470502458379514_37.6269359790077047|127.0472183028024773_37.6267751821665684|127.0473612995861998_37.6266050192641117
2026-09-04T03:35:30.187978+09:00,서대문독립공원,서대문독립공원,POI124,KEY_2,1000028700,성산로,1120012500,독립문역,126.9598919952445613_37.5726683351508157,1000012700,독립문역,126.9611444653343000_37.5725503641875491,112.0,33.0,원활,126.9611444653343000_37.5725503641875491|126.9607066158732351_37.5725771851431531|126.9605053374135792_37.5725942819316927|126.9602872862410976_37.5726132801422494|126.9598919952445613_37.5726683351508157
2026-09-04T03:35:30.187978+09:00,서대문독립공원,서대문독립공원,POI124,KEY_2,1000034200,인왕산로1길,1000076200,교북동 1-7,126.9598899542721853_37.5731367509671585,1120012707,교북동 1-60,126.9596212753678657_37.5729297550942007,33.0,17.0,서행,126.9596212753678657_37.5729297550942007|126.9598899542721853_37.5731367509671585
2026-09-04T03:35:30.187978+09:00,서대문독립공원,서대문독립공원,POI124,KEY_2,1120006306,성산로,1120011501,현저고가차도(서측),126.9564055171897365_37.5712262135133344,1120011603,천연동주민센터,126.9589920386933102_37.5715963344347088,235.0,39.0,원활,126.9589920386933102_37.5715963344347088|126.9588418305161497_37.5715312891664013|126.9585804741555108_37.5714391025418095|126.9581964015246740_37.5713462133195719|126.9577794178154164_37.5712872867076229|126.9573510374052887_37.5712592973826958|126.9569778939942495_37.5712591619903691|126.9566800510567504_37.5712701781272642|126.9564055171897365_37.5712262135133344
2026-09-04T03:35:30.187978+09:00,서대문독립공원,서대문독립공원,POI124,KEY_2,1120006307,성산로,1120011604,천연동주민센터,126.9591142539042607_37.5716512366634205,1120012100,독립문역,126.9594722825778490_37.5718407936715622,38.0,39.3,원활,126.9594722825778490_37.5718407936715622|126.9594015545951891_37.5717940176359022|126.9591142539042607_37.5716512366634205
2026-09-04T03:35:30.187978+09:00,서대문독립공원,서대문독립공원,POI124,KEY_2,1120006308,성산로,1120012100,독립문역,126.9594722825778490_37.5718407936715622,1120012203,독립문역앞교차로,126.9601372290005941_37.5722615337842427,75.0,39.0,원활,126.9601372290005941_37.5722615337842427|126.9599976215298227_37.5721965289232003|126.9598425469965548_37.5721000139446062|126.9596299905446699_37.5719450964404302|126.9594722825778490_37.5718407936715622
2026-09-04T03:35:30.187978+09:00,서대문독립공원,서대문독립공원,POI124,KEY_2,1120010501,통일로,1120012203,독립문역앞교차로,126.9601372290005941_37.5722615337842427,1120012400,독립문역,126.9597871733457453_37.5725995679923628,49.0,23.0,서행,126.9597871733457453_37.5725995679923628|126.9601372290005941_37.5722615337842427
2026-09-04T03:35:30.187978+09:00,서대문독립공원,서대문독립공원,POI124,KEY_2,1120010502,통일로,1120012400,독립문역,126.9597871733457453_37.5725995679923628,1120012708,속성변화점,126.9595164541550503_37.5728609870910404,38.0,49.0,원활,126.9595164541550503_37.5728609870910404|126.9597871733457453_37.5725995679923628
2026-09-04T03:35:30.187978+09:00,서대문독립공원,서대문독립공원,POI124,KEY_2,1120010506,통일로,1120012705,독립문역(서울3호선),126.9579658462730976_37.5743449827289950,1120013903,독립공원앞교차로,126.9555790578027086_37.5766017870186175,329.0,30.0,원활,126.9555790578027086_37.5766017870186175|126.9561293351889901_37.5759085045612906|126.9564620388117930_37.5755787259048049|126.9565401444808970_37.5755154687112665|126.9567073668758894_37.5753800360160213|126.9569882797126184_37.5751566604908760|126.9577170018074384_37.5745771878050121|126.9579658462730976_37.5743449827289950
2026-09-04T03:35:30.187978+09:00,서대문독립공원,서대문독립공원,POI124,KEY_2,1120010507,통일로,1120012708,속성변화점,126.9595164541550503_37.5728609870910404,1120012704,독립문역(서울3호선),126.9580541026481910_37.5742626271568128,202.0,23.0,서행,126.9580541026481910_37.5742626271568128|126.9590358815766677_37.5733464714259497|126.9594290243780108_37.5729477014797979|126.9595164541550503_37.5728609870910404
2026-09-04T03:35:30.187978+09:00,서대문독립공원,서대문독립공원,POI124,KEY_2,1120010601,통일로,1120012500,독립문역,126.9598919952445613_37.5726683351508157,1120012204,독립문역앞교차로,126.9602579800340010_37.5723149182673737,51.0,38.0,원활,126.9602579800340010_37.5723149182673737|126.9598919952445613_37.5726683351508157
2026-09-04T03:35:30.187978+09:00,서대문독립공원,서대문독립공원,POI124,KEY_2,1120010602,통일로,1120012707,교북동 1-60,126.9596212753678657_37.5729297550942007,1120012500,독립문역,126.9598919952445613_37.5726683351508157,38.0,47.0,원활,126.9598919952445613_37.5726683351508157|126.9596212753678657_37.5729297550942007
2026-09-04T03:35:30.187978+09:00,서대문독립공원,서대문독립공원,POI124,KEY_2,1120010604,통일로,1000257200,최소노드배치점,126.9539057118500125_37.5786303997887146,1120013901,독립공원앞교차로,126.9556245249943345_37.5767457736207788,259.0,32.0,원활,126.9556245249943345_37.5767457736207788|126.9551489155673636_37.5773280410429820|126.9549093920833513_37.5776154894823478|126.9546557954535757_37.5778855302154966|126.9541473648073406_37.5783904287776807|126.9539057118500125_37.5786303997887146
2026-09-04T03:35:30.187978+09:00,서대문독립공원,서대문독립공원,POI124,KEY_2,1120010606,통일로,1120012703,독립문역(서울3호선),126.9581574549469849_37.5743327902645845,1120012706,교북동 1-60,126.9595358909699172_37.5730144465589859,190.0,36.0,원활,126.9595358909699172_37.5730144465589859|126.9591410345318252_37.5734149537420734|126.9581574549469849_37.5743327902645845
2026-09-04T03:35:30.187978+09:00,서대문독립공원,서대문독립공원,POI124,KEY_2,1120010607,통일로,1000119100,무악동 23-1,126.9570842915398572_37.5752331470743286,1120012702,독립문역(서울3호선),126.9580691985351706_37.5744151460965483,126.0,24.0,서행,126.9580691985351706_37.5744151460965483|126.9578168421619324_37.5746506293590272|126.9570842915398572_37.5752331470743286
2026-09-04T03:35:30.187978+09:00,서대문독립공원,서대문독립공원,POI124,KEY_2,1120023400,성산로,1120133100,최소노드배치점,126.9598366501357134_37.5718758172089338,1120011502,현저고가차도(서측),126.9563974518914193_37.5711182938423818,326.0,47.3,원활,126.9563974518914193_37.5711182938423818|126.9569732092367929_37.5710969811519462|126.9573594328844166_37.5710971212840619|126.9578056187436772_37.5711262738220881|126.9582439986790519_37.5711882244444766|126.9586516350865395_37.5712868124550567|126.9589319433781753_37.5713856836947713|126.9591860523892421_37.5714957220573709|126.9595211664746586_37.5716622638495608|126.9597639789680130_37.5718228519238551|126.9598366501357134_37.5718758172089338
2026-09-04T03:35:30.187978+09:00,서대문독립공원,서대문독립공원,POI124,KEY_2,1120023500,성산로,1120133200,최소노드배치점,126.9597449148808010_37.5719555573752615,1000012901,현저고가차도(동측),126.9633524146951800_37.5724808358889888,335.0,59.3,원활,126.9633524146951800_37.5724808358889888|126.9617095115761174_37.5725130836377232|126.9614433829085272_37.5725190481019951|126.9611593490193826_37.5724975689775604|126.9610250437663410_37.5724782569360229|126.9607317559536881_37.5724161451600978|126.9604829199149805_37.5723426959069684|126.9602519572622015_37.5722523233523447|126.9600358602290555_37.5721517029554306|126.9598864664065303_37.5720587236592891|126.9597449148808010_37.5719555573752615
2026-09-04T03:35:30.187978+09:00,서대문독립공원,서대문독립공원,POI124,KEY_2,1120024400,성산로,1120012100,독립문역,126.9594722825778490_37.5718407936715622,1120012400,독립문역,126.9597871733457453_37.5725995679923628,96.0,39.0,원활,126.9597871733457453_37.5725995679923628|126.9598650241106839_37.5724304263712270|126.9598530933969300_37.5723388812228478|126.9598298321479604_37.5722545888308659|126.9597843500730932_37.5721744748884845|126.9596789916165847_37.5720504764494549|126.9594722825778490_37.5718407936715622
2026-09-04T03:35:30.187978+09:00,서대문독립공원,서대문독립공원,POI124,KEY_2,1120024500,독립문공원길,1120129600,현저동 201,126.9546811300403846_37.5729242749960406,1120012301,영천사,126.9542444825959251_37.5722557069659899,267.0,10.0,정체,126.9542444825959251_37.5722557069659899|126.9541959236536570_37.5725293608551780|126.9540692341526835_37.5726423828946423|126.9539689933889548_37.5726596871033820|126.9535014055933289_37.5724715112615968|126.9534713753641313_37.5724854864754150|126.9535139018201306_37.5725458951186724|126.9540071314573169_37.5731436966060457|126.9543564375057372_37.5732013597975296|126.9546143244217831_37.5729535072364556|126.9546811300403846_37.5729242749960406
2026-09-04T03:35:30.187978+09:00,서대문독립공원,서대문독립공원,POI124,KEY_2,1120024600,독립문공원길,1120127700,현저동 207,126.9584613630682384_37.5725913086818011,1120011604,천연동주민센터,126.9591142539042607_37.5716512366634205,122.0,16.0,서행,126.9591142539042607_37.5716512366634205|126.9587534985637518_37.5719486965718588|126.9586998577316734_37.5720442202347797|126.9586510614766581_37.5721632689824716|126.9584921924424492_37.5725508606870662|126.9584613630682384_37.5725913086818011
2026-09-04T03:35:30.187978+09:00,서대문독립공원,서대문독립공원,POI124,KEY_2,1120025400,통일로,1120123700,현저동 산5-5,126.9538792203245663_37.5758367131501885,1120013904,독립공원앞교차로,126.9555057512229013_37.5766928164609340,193.0,13.0,정체,126.9555057512229013_37.5766928164609340|126.9550631009589523_37.5764702194954907|126.9548438412759026_37.5763155062738718|126.9547989242144155_37.5762662167531829|126.9546818418207152_37.5761377365659754|126.9545222999205123_37.5759800318223895|126.9542865563592642_37.5757687431661012|126.9542000233208086_37.5757074645268077|126.9541606256270967_37.5757063292990381|126.9539610384382229_37.5758010939112310|126.9538792203245663_37.5758367131501885
2026-09-04T03:35:30.187978+09:00,서리풀공원·몽마르뜨공원,서리풀공원·몽마르뜨공원,POI098,KEY_3,1210011800,방배로,1210220500,방배동 984-6,126.9979813526685035_37.4808992569514530,1210020213,방배역사거리,126.9976321710106788_37.4814267922410949,66.0,30.0,원활,126.9976321710106788_37.4814267922410949|126.9979813526685035_37.4808992569514530
2026-09-04T03:35:30.187978+09:00,서리풀공원·몽마르뜨공원,서리풀공원·몽마르뜨공원,POI098,KEY_3,1210013000,효령로,1210116600,방배동 912-14,126.9968735291208617_37.4812974085607777,1210020214,방배역사거리,126.9975688246299370_37.4815229789345921,66.0,28.0,원활,126.9975688246299370_37.4815229789345921|126.9968735291208617_37.4812974085607777
2026-09-04T03:35:30.187978+09:00,서리풀공원·몽마르뜨공원,서리풀공원·몽마르뜨공원,POI098,KEY_3,1210013802,효령로,1210020211,방배역사거리,126.9976970818997586_37.4815608386439507,1210020210,방배동912-14,126.9986117144692059_37.4816875991960146,82.0,16.0,서행,126.9986117144692059_37.4816875991960146|126.9979254416350898_37.4816198652729895|126.9976970818997586_37.4815608386439507
2026-09-04T03:35:30.187978+09:00,서리풀공원·몽마르뜨공원,서리풀공원·몽마르뜨공원,POI098,KEY_3,1210013804,효령로,1210020207,방배동912-14,126.9987729537187846_37.4817035126215572,1210020206,히트뉴스,127.0021033700483883_37.4823525121120653,304.0,22.0,서행,127.0021033700483883_37.4823525121120653|127.0019789820658218_37.4823281364793388|127.0006152304751055_37.4819832792475296|127.0005760644728667_37.4819733749067581|126.9999519609822869_37.4818401558295520|126.9997531829779547_37.4818109750550832|126.9995303025066704_37.4817782555937811|126.9990236266257000_37.4817282521577440|126.9987729537187846_37.4817035126215572
2026-09-04T03:35:30.187978+09:00,서리풀공원·몽마르뜨공원,서리풀공원·몽마르뜨공원,POI098,KEY_3,1210013901,효령로,1210020208,속성변화점,126.9987896287997415_37.4815962116531907,1210020212,방배역사거리,126.9977611176580012_37.4814637244191644,92.0,36.0,원활,126.9977611176580012_37.4814637244191644|126.9979549762968531_37.4815138332533166|126.9986283898698503_37.4815802982075112|126.9987896287997415_37.4815962116531907
2026-09-04T03:35:30.187978+09:00,서리풀공원·몽마르뜨공원,서리풀공원·몽마르뜨공원,POI098,KEY_3,1210013903,효령로,1210107000,방배동 190-6,126.9990403013344888_37.4816209511821725,1210020208,속성변화점,126.9987896287997415_37.4815962116531907,22.0,48.0,원활,126.9987896287997415_37.4815962116531907|126.9990403013344888_37.4816209511821725
2026-09-04T03:35:30.187978+09:00,서리풀공원·몽마르뜨공원,서리풀공원·몽마르뜨공원,POI098,KEY_3,1210015701,방배로,1210022202,방림종합시장입구,126.9965746488741019_37.4832722606339175,1210020211,방배역사거리,126.9976970818997586_37.4815608386439507,214.0,15.0,서행,126.9976970818997586_37.4815608386439507|126.9974287991562960_37.4819699090163496|126.9965746488741019_37.4832722606339175
2026-09-04T03:35:30.187978+09:00,서리풀공원·몽마르뜨공원,서리풀공원·몽마르뜨공원,POI098,KEY_3,1210016801,명달로,1210301500,서초동 1748-65,127.0040712378758201_37.4861214996714267,1210028603,서초고교,127.0045599901543483_37.4894897290676354,376.0,37.0,원활,127.0045599901543483_37.4894897290676354|127.0044694535589827_37.4887105284551296|127.0044034359152647_37.4881423391787010|127.0043721260119014_37.4878728634567935|127.0043600663124010_37.4878014747472861|127.0043038817340602_37.4874688821740421|127.0042207570021446_37.4869768080502865|127.0041814813689456_37.4867443054972043|127.0040712378758201_37.4861214996714267
2026-09-04T03:35:30.187978+09:00,서리풀공원·몽마르뜨공원,서리풀공원·몽마르뜨공원,POI098,KEY_3,1210016802,명달로,1210028604,서초고교,127.0045472615645679_37.4895423108705330,1210029403,서울대법원,127.0042729402394457_37.4907812011270849,141.0,26.0,원활,127.0042729402394457_37.4907812011270849|127.0042578299780871_37.4906993551140530|127.0044513081535484_37.4897114138475729|127.0045472615645679_37.4895423108705330
2026-09-04T03:35:30.187978+09:00,서리풀공원·몽마르뜨공원,서리풀공원·몽마르뜨공원,POI098,KEY_3,1210016902,명달로,1210029402,서울대법원,127.0044176822525941_37.4908223180390152,1210028601,서초고교,127.0046686705387344_37.4895860520646877,140.0,27.0,원활,127.0046686705387344_37.4895860520646877|127.0045844225715683_37.4897329455442048|127.0043950687284422_37.4906998330283585|127.0044176822525941_37.4908223180390152
2026-09-04T03:35:30.187978+09:00,서리풀공원·몽마르뜨공원,서리풀공원·몽마르뜨공원,POI098,KEY_3,1210019701,서초대로,1210029808,대법원,127.0062399926017775_37.4913685615963885,1210029402,서울대법원,127.0044176822525941_37.4908223180390152,172.0,9.0,정체,127.0044176822525941_37.4908223180390152|127.0058052151424022_37.4912382388947023|127.0062399926017775_37.4913685615963885
2026-09-04T03:35:30.187978+09:00,서리풀공원·몽마르뜨공원,서리풀공원·몽마르뜨공원,POI098,KEY_3,1210020500,동광로,1210117000,서초동 산172-12,127.0030103162302169_37.4925896623930939,1210029401,서울대법원,127.0043931036492495_37.4909304675424409,224.0,27.0,원활,127.0043931036492495_37.4909304675424409|127.0039912247406590_37.4916747365461589|127.0038774070053051_37.4918057468107406|127.0038268966604562_37.4918514126061311|127.0030103162302169_37.4925896623930939
2026-09-04T03:35:30.187978+09:00,서리풀공원·몽마르뜨공원,서리풀공원·몽마르뜨공원,POI098,KEY_3,1210024802,사평대로,1210037304,서울성모병원앞교차로,127.0034296050644542_37.5022581526050445,1210038702,사평지하차도(동측),127.0064482891770155_37.5033692509684471,295.0,28.0,원활,127.0064482891770155_37.5033692509684471|127.0061744165954849_37.5033231250553598|127.0034296050644542_37.5022581526050445
2026-09-04T03:35:30.187978+09:00,서리풀공원·몽마르뜨공원,서리풀공원·몽마르뜨공원,POI098,KEY_3,1210024902,사평대로,1210038701,사평지하차도(동측),127.0065075748906480_37.5032719917048141,1210037301,서울성모병원앞교차로,127.0035524787514305_37.5020653054771742,294.0,46.5,원활,127.0035524787514305_37.5020653054771742|127.0062932548203207_37.5031287115020859|127.0065075748906480_37.5032719917048141
2026-09-04T03:35:30.187978+09:00,서리풀공원·몽마르뜨공원,서리풀공원·몽마르뜨공원,POI098,KEY_3,1210024903,사평대로,1210040603,삼호가든사거리,127.0096408508530459_37.5044807855888038,1210038701,사평지하차도(동측),127.0065075748906480_37.5032719917048141,308.0,36.0,원활,127.0065075748906480_37.5032719917048141|127.0096408508530459_37.5044807855888038
2026-09-04T03:35:30.187978+09:00,서리풀공원·몽마르뜨공원,서리풀공원·몽마르뜨공원,POI098,KEY_3,1210026002,신반포로,1210393600,잠원동 110,127.0031103815705364_37.5056962380394125,1210042704,고속터미널역앞교차로,127.0043174874553813_37.5060735942867041,115.0,51.0,원활,127.0043174874553813_37.5060735942867041|127.0039498594828302_37.5059586709413040|127.0035607575584038_37.5058370330399740|127.0031103815705364_37.5056962380394125
2026-09-04T03:35:30.187978+09:00,서리풀공원·몽마르뜨공원,서리풀공원·몽마르뜨공원,POI098,KEY_3,1210026102,신반포로,1210286400,반포동 128-4,127.0036103340112561_37.5057363840915414,1210041702,고속터미널사거리,127.0012498931297387_37.5049984469199771,224.0,36.0,원활,127.0012498931297387_37.5049984469199771|127.0018301415136932_37.5051798538655916|127.0031599584830957_37.5055955893836241|127.0036103340112561_37.5057363840915414
2026-09-04T03:35:30.187978+09:00,서리풀공원·몽마르뜨공원,서리풀공원·몽마르뜨공원,POI098,KEY_3,1210027501,신반포로23길,1210466500,잠원동 101,127.0042204769171548_37.5065757828190200,1210042701,고속터미널역앞교차로,127.0044442985191040_37.5061121193226654,55.0,27.0,원활,127.0044442985191040_37.5061121193226654|127.0042204769171548_37.5065757828190200
2026-09-04T03:35:30.187978+09:00,서리풀공원·몽마르뜨공원,서리풀공원·몽마르뜨공원,POI098,KEY_3,1210056500,사평대로,1210447300,최소노드배치점,127.0030994056385509_37.5020573549217744,1210038702,사평지하차도(동측),127.0064482891770155_37.5033692509684471,330.0,71.0,원활,127.0064482891770155_37.5033692509684471|127.0034140730417960_37.5021919946757052|127.0030994056385509_37.5020573549217744
2026-09-04T03:35:30.187978+09:00,서리풀공원·몽마르뜨공원,서리풀공원·몽마르뜨공원,POI098,KEY_3,1210157300,서초대로,1210078702,서리풀터널(서측),126.9989565881344191_37.4893248414787834,1210078802,서리풀터널(동측),127.0037916540739644_37.4907616821414749,456.0,61.0,원활,127.0037916540739644_37.4907616821414749|126.9989565881344191_37.4893248414787834
2026-09-04T03:35:30.187978+09:00,서리풀공원·몽마르뜨공원,서리풀공원·몽마르뜨공원,POI098,KEY_3,1210157400,서초대로,1210078801,서리풀터널(동측),127.0038377451869138_37.4906599963925231,1210078701,서리풀터널(서측),126.9990038846274132_37.4892235014730488,456.0,50.0,원활,126.9990038846274132_37.4892235014730488|127.0038377451869138_37.4906599963925231
2026-09-04T03:35:30.187978+09:00,서리풀공원·몽마르뜨공원,서리풀공원·몽마르뜨공원,POI098,KEY_3,1210157500,서초대로,1210078802,서리풀터널(동측),127.0037916540739644_37.4907616821414749,1210029404,서울대법원,127.0042652980036877_37.4908935921796171,44.0,55.0,원활,127.0042652980036877_37.4908935921796171|127.0037916540739644_37.4907616821414749
2026-09-04T03:35:30.187978+09:00,서리풀공원·몽마르뜨공원,서리풀공원·몽마르뜨공원,POI098,KEY_3,1210157600,서초대로,1210029403,서울대법원,127.0042729402394457_37.4907812011270849,1210078801,서리풀터널(동측),127.0038377451869138_37.4906599963925231,41.0,46.0,원활,127.0038377451869138_37.4906599963925231|127.0042729402394457_37.4907812011270849
2026-09-04T03:35:30.187978+09:00,서울대공원,서울대공원,POI100,KEY_4,2200003401,과천대로,2200066000,최소노드배치점,127.0029893781873085_37.4330879113692063,2200000807,과천시보훈회관,127.0016592458971445_37.4295384538219054,414.0,71.0,원활,127.0016592458971445_37.4295384538219054|127.0016656726336350_37.4295544944481264|127.0016808290951502_37.4295923378440207|127.0017085794528953_37.4296618689190268|127.0021328924420914_37.4305501492686545|127.0021330788781171_37.4305505249892576|127.0021332359380040_37.4305508998093970|127.0021334223739728_37.4305512746289963|127.0021335794338597_37.4305516494491215|127.0021337353639126_37.4305520251702859|127.0021338924237995_37.4305523999904111|127.0021340483547192_37.4305528063461566|127.0023788304229271_37.4311574000942855|127.0027959231863264_37.4319916187944770|127.0027961107579273_37.4319919629783513|127.0027962983306651_37.4319923377967854|127.0027964859033887_37.4319927126152265|127.0027966418397227_37.4319930874343996|127.0027968294124747_37.4319934622528478|127.0027969853488372_37.4319938379730388|127.0027971424150195_37.4319942127922047|127.0027972983513536_37.4319945876113849|127.0027974542876876_37.4319949624305721|127.0027976113538841_37.4319953372497309|127.0027977672902466_37.4319957129699219|127.0027978927200252_37.4319960877898197|127.0027980475264968_37.4319964626090496|127.0027981729574265_37.4319968680634929|127.0027983300236798_37.4319972437836626|127.0027984543235675_37.4319976186036101|127.0027985797533745_37.4319979934235079|127.0027987040532622_37.4319983682434199|127.0027988294842487_37.4319987745989167|127.0027989232776520_37.4319991503205713|127.0027990475775681_37.4319995251405189|127.0027991730085262_37.4319999314959873|127.0027992679317776_37.4320003063166240|127.0027993605963985_37.4320007117718561|127.0027994543898018_37.4320010874935178|127.0027995481843561_37.4320014938497465|127.0027996419777168_37.4320018686704117|127.0027997357711058_37.4320022434910555|127.0029223293061449_37.4325574306588109|127.0029224231020777_37.4325578379159438|127.0029224852613368_37.4325582442728049|127.0029225801870751_37.4325586497278593|127.0029226423463342_37.4325590560847274|127.0029227045043569_37.4325594309060250|127.0030011103725656_37.4330134628184865|127.0030011736624544_37.4330138682742302|127.0030012358212588_37.4330142430954709|127.0030012979813279_37.4330146503532930|127.0030013296344151_37.4330150567108575|127.0030013917944416_37.4330154621666438|127.0030014550843731_37.4330158685234053|127.0030014856075695_37.4330162748810125|127.0030015172606568_37.4330166812386125|127.0030015794206548_37.4330170866943917|127.0030016099438797_37.4330174939530096|127.0030016415969527_37.4330179003105883|127.0030016732500400_37.4330183066681599|127.0030016732649756_37.4330186805899601|127.0030017049180628_37.4330190869475246|127.0030017049342916_37.4330194933059133|127.0030017049505489_37.4330199005652986|127.0030017354737026_37.4330203060218878|127.0030017354899314_37.4330207123802836|127.0030017355061744_37.4330211187386581|127.0030017050154072_37.4330215250978142|127.0030017050316218_37.4330219305551708|127.0030017050478790_37.4330223378145632|127.0030017050641078_37.4330227441729519|127.0030016734434639_37.4330231505321223|127.0030016418228058_37.4330235559902889|127.0030016102021904_37.4330239623494805|127.0030015797114231_37.4330243687086366|127.0030015480907650_37.4330247741668103|127.0030015164701638_37.4330251814270056|127.0030014543425665_37.4330255877869504|127.0030014238518277_37.4330259941461136|127.0030013594644061_37.4330263996051116|127.0030013301035581_37.4330268059642250|127.0030012668460415_37.4330272123242196|127.0030012047172079_37.4330275880496259|127.0030011109527521_37.4330279944103808|127.0030010488250980_37.4330283998693290|127.0030009855676099_37.4330288062293022|127.0030009234399984_37.4330292125892683|127.0029893781873085_37.4330879113692063
2026-09-04T03:35:30.187978+09:00,서울대공원,서울대공원,POI100,KEY_4,2200021000,대공원대로,2200008501,대공원고가교(남측),127.0026171655613894_37.4373008081790388,2200008304,대공원역삼거리,127.0065499805299964_37.4358349906033609,388.0,41.0,원활,127.0065499805299964_37.4358349906033609|127.0064835174808309_37.4359041189738022|127.0063064858203035_37.4360422750141737|127.0050953603984993_37.4365122438352103|127.0046392981143981_37.4367083056359391|127.0042678612085325_37.4368524623347056|127.0036812359890774_37.4370492125447925|127.0026171655613894_37.4373008081790388
2026-09-04T03:35:30.187978+09:00,서울대공원,서울대공원,POI100,KEY_4,2200021100,대공원대로,2200008303,대공원역삼거리,127.0064877905878689_37.4357219553627161,2200008502,대공원고가교(남측),127.0025810450012074_37.4371966195773922,387.0,46.0,원활,127.0025810450012074_37.4371966195773922|127.0036355483765647_37.4369472442036866|127.0042118601151628_37.4367539310591511|127.0045774549838313_37.4366120876679318|127.0050334852050327_37.4364159936674312|127.0062273604819580_37.4359527443574649|127.0063817667330852_37.4358322441634499|127.0064877905878689_37.4357219553627161
2026-09-04T03:35:30.187978+09:00,서울대공원,서울대공원,POI100,KEY_4,2200021200,대공원광장로,2200054900,막계동 289,127.0068923472239391_37.4362228128070527,2200008301,대공원역삼거리,127.0066457822184702_37.4357353467557203,58.0,36.0,원활,127.0066457822184702_37.4357353467557203|127.0068923472239391_37.4362228128070527
2026-09-04T03:35:30.187978+09:00,서울대공원,서울대공원,POI100,KEY_4,2200021300,대공원광장로,2200008304,대공원역삼거리,127.0065499805299964_37.4358349906033609,2200008612,막계동255-3,127.0076509610287019_37.4376132209890429,220.0,19.0,서행,127.0076509610287019_37.4376132209890429|127.0076421735180645_37.4376027753600269|127.0068155789067674_37.4363600557792395|127.0067666120649790_37.4362632531393302|127.0065499805299964_37.4358349906033609
2026-09-04T03:35:30.187978+09:00,서울대공원,서울대공원,POI100,KEY_4,2200021500,대공원광장로,2200057700,막계동 326,127.0058355921950124_37.4347670361327189,2200008303,대공원역삼거리,127.0064877905878689_37.4357219553627161,121.0,33.5,원활,127.0064877905878689_37.4357219553627161|127.0058355921950124_37.4347670361327189
2026-09-04T03:35:30.187978+09:00,서울대공원,서울대공원,POI100,KEY_4,2200022600,대공원광장로,2200008902,국립과천과학관동주차장,127.0084574650786067_37.4387382391346932,2200008611,막계동255-3,127.0077634952381658_37.4375529084523322,146.0,36.0,원활,127.0077634952381658_37.4375529084523322|127.0080855172262488_37.4379349314084564|127.0084574650786067_37.4387382391346932
2026-09-04T03:35:30.187978+09:00,서울대공원,서울대공원,POI100,KEY_4,2200023200,대공원광장로,2200008804,부진입교,127.0088684476730663_37.4388146771083825,2200008902,국립과천과학관동주차장,127.0084574650786067_37.4387382391346932,44.0,36.0,원활,127.0084574650786067_37.4387382391346932|127.0086182979441531_37.4387072127582528|127.0088554238022596_37.4387826192372870|127.0088844548043880_37.4387800879082917|127.0088684476730663_37.4388146771083825
2026-09-04T03:35:30.187978+09:00,서울대공원,서울대공원,POI100,KEY_4,2200030300,과천대로,2200008502,대공원고가교(남측),127.0025810450012074_37.4371966195773922,2200001802,상아벌지하차도(남측),127.0014046720212946_37.4365631797303209,184.0,47.0,원활,127.0014046720212946_37.4365631797303209|127.0013062218505269_37.4370767111946634|127.0013184326599998_37.4371743937791948|127.0013460154439286_37.4372134696193584|127.0013899595908384_37.4372330013296022|127.0014828202305779_37.4372396334788959|127.0025810450012074_37.4371966195773922
2026-09-04T03:35:30.187978+09:00,서울대공원,서울대공원,POI100,KEY_4,2200040300,광명로,2200066800,최소노드배치점,127.0179262719529731_37.4318090801042729,2200026501,막계동579-1,127.0186725129336338_37.4295158870037881,352.0,34.0,원활,127.0186725129336338_37.4295158870037881|127.0184844257098433_37.4296161952381112|127.0184837592780127_37.4296165344177609|127.0173584939860945_37.4301892270314909|127.0173904526724442_37.4303596775883065|127.0173776032648050_37.4305909173157332|127.0172810825387302_37.4315158124468184|127.0179262719529731_37.4318090801042729
2026-09-04T03:35:30.187978+09:00,서울대공원,서울대공원,POI100,KEY_4,2200040400,광명로,2200064400,최소노드배치점,127.0128644829702154_37.4388265717598969,2200008802,부진입교,127.0091676506749963_37.4387479984704754,389.0,35.0,원활,127.0091676506749963_37.4387479984704754|127.0095977730109382_37.4388101026301854|127.0098898497513460_37.4389540229815125|127.0103395740317609_37.4390789472301933|127.0114255964999757_37.4396054988472713|127.0115608143817383_37.4395926219030173|127.0116696759749573_37.4395332460063344|127.0119056536387347_37.4391441081629992|127.0121150672391934_37.4390045051773370|127.0128644829702154_37.4388265717598969
2026-09-04T03:35:30.187978+09:00,서울숲공원,서울숲공원,POI101,KEY_1,1030000401,강변북로,1030006801,수도박물관,127.0427151925593137_37.5381098869044223,1030006601,성수동1가 496,127.0448610462769921_37.5375861963207313,198.0,78.0,원활,127.0448610462769921_37.5375861963207313|127.0445464268946125_37.5376608176332951|127.0435350724843744_37.5379014546380390|127.0429376144479932_37.5380399480896116|127.0427151925593137_37.5381098869044223
2026-09-04T03:35:30.187978+09:00,서울숲공원,서울숲공원,POI101,KEY_1,1030000500,강변북로,1030006500,강변동양아파트,127.0457199441466400_37.5371614419992170,1030007400,민들레,127.0411070650829117_37.5384294612663183,432.0,82.5,원활,127.0411070650829117_37.5384294612663183|127.0419474702915181_37.5381286569360313|127.0426750556077735_37.5379108794709282|127.0448120293160486_37.5373944724523483|127.0457199441466400_37.5371614419992170
2026-09-04T03:35:30.187978+09:00,서울숲공원,서울숲공원,POI101,KEY_1,1030000601,강변북로,1030007300,성수동1가701-1,127.0389959168127234_37.5393979946672758,1030007000,한강공원이촌지구입구,127.0411526317783455_37.5386310153525642,209.0,75.3,원활,127.0411526317783455_37.5386310153525642|127.0408998925125275_37.5387228934488917|127.0396375215554201_37.5391685549233358|127.0389959168127234_37.5393979946672758
2026-09-04T03:35:30.187978+09:00,서울숲공원,서울숲공원,POI101,KEY_1,1030000602,강변북로,1030007000,한강공원이촌지구입구,127.0411526317783455_37.5386310153525642,1030006801,수도박물관,127.0427151925593137_37.5381098869044223,150.0,73.7,원활,127.0427151925593137_37.5381098869044223|127.0422729834904203_37.5382370690409317|127.0418136435815057_37.5383907125557883|127.0411526317783455_37.5386310153525642
2026-09-04T03:35:30.187978+09:00,서울숲공원,서울숲공원,POI101,KEY_1,1030000700,강변북로,1030007400,민들레,127.0411070650829117_37.5384294612663183,1030009300,성수동1가695-1,127.0344033964930475_37.5407497451442893,646.0,83.0,원활,127.0344033964930475_37.5407497451442893|127.0353746709002962_37.5403924198628545|127.0361849511012196_37.5401273119134729|127.0382706512017421_37.5394438838092270|127.0400565032718703_37.5388129095392387|127.0411070650829117_37.5384294612663183
2026-09-04T03:35:30.187978+09:00,서울숲공원,서울숲공원,POI101,KEY_1,1030000800,강변북로,1030010300,옥수동492,127.0318062526681047_37.5420723308692246,1030007300,성수동1가701-1,127.0389959168127234_37.5393979946672758,701.0,82.0,원활,127.0389959168127234_37.5393979946672758|127.0385781455044309_37.5395473870466105|127.0355740478927515_37.5406900926766909|127.0332856937590549_37.5415329045588777|127.0318062526681047_37.5420723308692246
2026-09-04T03:35:30.187978+09:00,서울숲공원,서울숲공원,POI101,KEY_1,1030000901,강변북로,1030011200,동부간선도로입구,127.0297847949010190_37.5425055540992219,1030036500,두모교,127.0262150453302326_37.5435433933201281,337.0,57.0,원활,127.0262150453302326_37.5435433933201281|127.0275035061907545_37.5433072906735745|127.0281111196451320_37.5431308580303877|127.0286140564713833_37.5429301558187731|127.0297847949010190_37.5425055540992219
2026-09-04T03:35:30.187978+09:00,서울숲공원,서울숲공원,POI101,KEY_1,1030000902,강변북로,1030009300,성수동1가695-1,127.0344033964930475_37.5407497451442893,1030036500,두모교,127.0262150453302326_37.5435433933201281,793.0,75.5,원활,127.0262150453302326_37.5435433933201281|127.0263420859732406_37.5435433650486843|127.0265935686574750_37.5435290053148734|127.0269483352357156_37.5434967420871502|127.0273165646364504_37.5434394440140906|127.0276398803257933_37.5433678519471172|127.0280215633972176_37.5432640623576859|127.0283852777987619_37.5431459724865420|127.0294407958222678_37.5427610413079833|127.0303968691536340_37.5423981188109366|127.0313562320281875_37.5419902214887315|127.0327211793242839_37.5414272507229754|127.0337209293278136_37.5410121707927402|127.0344033964930475_37.5407497451442893
2026-09-04T03:35:30.187978+09:00,서울숲공원,서울숲공원,POI101,KEY_1,1030001001,강변북로,1030011700,성수JC,127.0277034763174839_37.5435314558420359,1030010300,옥수동492,127.0318062526681047_37.5420723308692246,397.0,73.8,원활,127.0318062526681047_37.5420723308692246|127.0317011292671481_37.5421106588302322|127.0295362283649325_37.5429145153627459|127.0284706664303940_37.5433031231814809|127.0280969564901881_37.5434244583883654|127.0277034763174839_37.5435314558420359
2026-09-04T03:35:30.187978+09:00,서울숲공원,서울숲공원,POI101,KEY_1,1030005102,강변북로,1030009100,성수대교(북측),127.0337769617486003_37.5407132030334907,1030008900,성수대교(북측),127.0366204592998116_37.5407494361191212,391.0,48.0,서행,127.0366204592998116_37.5407494361191212|127.0362736400008146_37.5408947419886374|127.0359854860295883_37.5409973504146777|127.0348150285060029_37.5413862430326475|127.0344457187267864_37.5415350316108203|127.0342926666647259_37.5415845095064356|127.0341217331513661_37.5416196079110733|127.0339644542110022_37.5416261422525039|127.0338253465951937_37.5416005523428069|127.0337267360757068_37.5415643900919491|127.0336371775573099_37.5415175321155274|127.0335746407953366_37.5414600490100838|127.0335121717437517_37.5413918349446547|127.0334722300060122_37.5413129772588476|127.0334503034915912_37.5412270371034751|127.0334463233892848_37.5411447445142770|127.0334693648077575_37.5410518268865303|127.0335194276366479_37.5409482842039708|127.0335873025506146_37.5408698527050149|127.0336957647755582_37.5407665410948184|127.0337769617486003_37.5407132030334907
2026-09-04T03:35:30.187978+09:00,서울숲공원,서울숲공원,POI101,KEY_1,1030001300,동부간선도로,1030009300,성수동1가695-1,127.0344033964930475_37.5407497451442893,1030036600,성수JC,127.0323619427774275_37.5449326440640903,989.0,61.3,원활,127.0323619427774275_37.5449326440640903|127.0322744211834163_37.5448697440340950|127.0313534821279120_37.5441619743014670|127.0302711561675579_37.5434045468581559|127.0292213225685600_37.5426813636680023|127.0291244493513432_37.5425946961241763|127.0290404411798164_37.5424856354964689|127.0289683965850429_37.5423433772447765|127.0289492441156938_37.5422172789344444|127.0289589663725280_37.5420771666000306|127.0290406841672421_37.5418664180243553|127.0291345094840949_37.5417562440955805|127.0292528012461872_37.5416541396924401|127.0293644662197465_37.5416032937911552|127.0294966916302428_37.5415774733236560|127.0296598992147494_37.5415688441143018|127.0297956329881259_37.5415905366518103|127.0299660142581786_37.5416436813546142|127.0302080506025959_37.5417328835311892|127.0303749985669413_37.5417866745375051|127.0305860820734409_37.5418295301635538|127.0307702075141520_37.5418402096315589|127.0309812692028117_37.5418294271438810|127.0312192598502747_37.5417828782866607|127.0313943777152161_37.5417327696135601|127.0315829533341940_37.5416468991060341|127.0318164273072910_37.5415395607010254|127.0321621433381978_37.5413749778313246|127.0323237815666886_37.5413105689769679|127.0325033866125892_37.5412533061920328|127.0326695215194945_37.5412031980960634|127.0329883271511591_37.5411244404720108|127.0333789797064696_37.5410349343961087|127.0344033964930475_37.5407497451442893
2026-09-04T03:35:30.187978+09:00,서울숲공원,서울숲공원,POI101,KEY_1,1030001401,동부간선도로,1030012000,성수JC,127.0314731932145378_37.5440534747483454,1030011200,동부간선도로입구,127.0297847949010190_37.5425055540992219,513.0,53.7,원활,127.0297847949010190_37.5425055540992219|127.0299878534914342_37.5423632727119809|127.0301011000793920_37.5422146708626414|127.0301245340403682_37.5420597506111804|127.0301028206364720_37.5419404223460518|127.0300361833235030_37.5418209153987874|127.0299243595096925_37.5417429631655111|127.0297973367850091_37.5417007230823003|127.0296688991218446_37.5416767672049758|127.0295175256817117_37.5416847708783266|127.0294153409281535_37.5417047255893195|127.0293384278699591_37.5417397467600580|127.0292412353666265_37.5418236404248020|127.0291644895328034_37.5419137566701835|127.0290936747369557_37.5420963887518155|127.0290855325617230_37.5422137414567914|127.0291010924953383_37.5423161911923629|127.0291621710753986_37.5424367947448658|127.0292339344424875_37.5425299601811346|127.0293168984713077_37.5426041828799129|127.0314731932145378_37.5440534747483454
2026-09-04T03:35:30.187978+09:00,서울숲공원,서울숲공원,POI101,KEY_1,1030001402,동부간선도로,1030018800,뚝섬유수지체육공원,127.0382875770396396_37.5497896869035088,1030012000,성수JC,127.0314731932145378_37.5440534747483454,879.0,78.5,원활,127.0314731932145378_37.5440534747483454|127.0321620057514167_37.5445396044308666|127.0329047457750846_37.5450876965753437|127.0335516609834627_37.5455738297302162|127.0341566432096130_37.5460027579968809|127.0347257052412289_37.5464364617868753|127.0353187467665066_37.5469130648032845|127.0359178026335627_37.5474278067572769|127.0363491413191213_37.5478281687294952|127.0373556589110393_37.5488433954447274|127.0381644948249260_37.5496727329993192|127.0382875770396396_37.5497896869035088
2026-09-04T03:35:30.187978+09:00,서울숲공원,서울숲공원,POI101,KEY_1,1030001901,동부간선도로,1030036600,성수JC,127.0323619427774275_37.5449326440640903,1030014900,성수동1가685-31,127.0343613336856379_37.5465066021287299,249.0,75.3,원활,127.0343613336856379_37.5465066021287299|127.0334694196474317_37.5457812522501087|127.0326922104666920_37.5451699997149859|127.0323619427774275_37.5449326440640903
2026-09-04T03:35:30.187978+09:00,서울숲공원,서울숲공원,POI101,KEY_1,1030003503,성덕정길,1030001308,미러드스피어갤러리,127.0464519405476977_37.5391950904684464,1030008602,뚝도아리수정수센터,127.0438952129735242_37.5400817035135219,247.0,14.0,정체,127.0438952129735242_37.5400817035135219|127.0442789728588338_37.5399443264311756|127.0451914269481790_37.5396455830965792|127.0455079029676710_37.5395158662262887|127.0459034895997235_37.5393691667486706|127.0460520754789684_37.5393140646203705|127.0464519405476977_37.5391950904684464
2026-09-04T03:35:30.187978+09:00,서울숲공원,서울숲공원,POI101,KEY_1,1030004700,왕십리로,1030080900,성수동1가 685-235,127.0438119803910837_37.5405714958717525,1030010203,서울숲입구교차로,127.0441621562491576_37.5418224578429118,142.0,38.5,원활,127.0441621562491576_37.5418224578429118|127.0440725821409558_37.5415338454959340|127.0438641961902988_37.5408624063888681|127.0438595359219391_37.5408415890386138|127.0438248603938689_37.5406866935925194|127.0438119803910837_37.5405714958717525
2026-09-04T03:35:30.187978+09:00,서울숲공원,서울숲공원,POI101,KEY_1,1030004802,왕십리로,1030128800,성수동1가 685-235,127.0439932105147278_37.5408226145050463,1030008601,뚝도아리수정수센터,127.0439063438414848_37.5401962621521079,70.0,16.0,서행,127.0439063438414848_37.5401962621521079|127.0439472262407605_37.5405619077732950|127.0439595786689608_37.5406723851967925|127.0439932105147278_37.5408226145050463
2026-09-04T03:35:30.187978+09:00,서울숲공원,서울숲공원,POI101,KEY_1,1030004901,뚝섬로,1030009204,성수동1가656-277,127.0457205785411929_37.5413201683959912,1030010202,서울숲입구교차로,127.0442908325642293_37.5417863962982779,137.0,11.0,정체,127.0442908325642293_37.5417863962982779|127.0457170505857789_37.5413212981805557|127.0457205785411929_37.5413201683959912
2026-09-04T03:35:30.187978+09:00,서울숲공원,서울숲공원,POI101,KEY_1,1030005002,뚝섬로,1030010201,서울숲입구교차로,127.0443227134553865_37.5418928353680030,1030009205,성수동1가656-277,127.0457712426725436_37.5414204802605198,138.0,21.0,서행,127.0457712426725436_37.5414204802605198|127.0457681139552193_37.5414214821839067|127.0443227134553865_37.5418928353680030
2026-09-04T03:35:30.187978+09:00,서울숲공원,서울숲공원,POI101,KEY_1,1030005101,강변북로,1030008900,성수대교(북측),127.0366204592998116_37.5407494361191212,1030007300,성수동1가701-1,127.0389959168127234_37.5393979946672758,259.0,72.7,원활,127.0389959168127234_37.5393979946672758|127.0380812312561005_37.5399037731009955|127.0374764356561315_37.5403592941123279|127.0371608666084597_37.5405369205504513|127.0368725612304388_37.5406645708815390|127.0366204592998116_37.5407494361191212
2026-09-04T03:35:30.187978+09:00,서울숲공원,서울숲공원,POI101,KEY_1,1030005200,강변북로,1030009800,성수대교(북측),127.0339243946623640_37.5414459285932267,1030008900,성수대교(북측),127.0366204592998116_37.5407494361191212,250.0,77.3,원활,127.0366204592998116_37.5407494361191212|127.0339243946623640_37.5414459285932267
2026-09-04T03:35:30.187978+09:00,서울숲공원,서울숲공원,POI101,KEY_1,1030006301,고산자로,1030000502,성수대교북측(북측),127.0354766600117671_37.5405116623693331,1030011900,성수대교,127.0360005462618460_37.5434631051802086,331.0,57.0,원활,127.0360005462618460_37.5434631051802086|127.0356397284671885_37.5414859989735703|127.0354766600117671_37.5405116623693331
2026-09-04T03:35:30.187978+09:00,서울숲공원,서울숲공원,POI101,KEY_1,1030006302,고산자로,1030011900,성수대교,127.0360005462618460_37.5434631051802086,1030012303,성수대교북단교차로,127.0360826391629558_37.5439129163279333,50.0,53.3,원활,127.0360826391629558_37.5439129163279333|127.0360005462618460_37.5434631051802086
2026-09-04T03:35:30.187978+09:00,서울숲공원,서울숲공원,POI101,KEY_1,1030006303,고산자로,1030012304,성수대교북단교차로,127.0361107182000069_37.5440214432186963,1030012900,성수대교,127.0363032638533412_37.5446862650665025,76.0,36.0,원활,127.0363032638533412_37.5446862650665025|127.0362387402871747_37.5444355836425174|127.0361107182000069_37.5440214432186963
2026-09-04T03:35:30.187978+09:00,서울숲공원,서울숲공원,POI101,KEY_1,1030006401,고산자로,1030011800,성수대교,127.0361349219139697_37.5434475561346019,1030000501,성수대교북측(북측),127.0356112502638837_37.5404973798243304,331.0,46.0,원활,127.0356112502638837_37.5404973798243304|127.0357742152324789_37.5414710828022180|127.0361349219139697_37.5434475561346019
2026-09-04T03:35:30.187978+09:00,서울숲공원,서울숲공원,POI101,KEY_1,1030006402,고산자로,1030012302,성수대교북단교차로,127.0362119535135861_37.5438696362694699,1030011800,성수대교,127.0361349219139697_37.5434475561346019,47.0,37.0,원활,127.0361349219139697_37.5434475561346019|127.0362119535135861_37.5438696362694699
2026-09-04T03:35:30.187978+09:00,서울숲공원,서울숲공원,POI101,KEY_1,1030006403,고산자로,1030012800,성수대교,127.0364370496948396_37.5446681209833670,1030012301,성수대교북단교차로,127.0362371882276165_37.5439781927615286,79.0,43.0,원활,127.0362371882276165_37.5439781927615286|127.0363712284441391_37.5444117997759790|127.0364370496948396_37.5446681209833670
2026-09-04T03:35:30.187978+09:00,서울숲공원,서울숲공원,POI101,KEY_1,1030007301,왕십리로,1030140700,성수동1가 656-924,127.0446136093396774_37.5433513872624047,1030014103,서울숲역4번출구,127.0448437340704970_37.5450473472375776,191.0,13.0,정체,127.0448437340704970_37.5450473472375776|127.0448761766708117_37.5448861908370617|127.0448854061282731_37.5447527583577454|127.0448876560694202_37.5446344887410604|127.0448869911702872_37.5446282772486981|127.0448761719551953_37.5445272039189746|127.0448509665354777_37.5444162085853108|127.0447937498153124_37.5442608259489319|127.0447494222051290_37.5441004009097696|127.0447271040391684_37.5439661327797438|127.0446626140563637_37.5435781523824801|127.0446453492180865_37.5434904437053589|127.0446270842971757_37.5433976541887731|127.0446136093396774_37.5433513872624047
2026-09-04T03:35:30.187978+09:00,서울숲공원,서울숲공원,POI101,KEY_1,1030007401,왕십리로,1030108300,성수동1가 656-924,127.0445405976371944_37.5426578631228907,1030010201,서울숲입구교차로,127.0443227134553865_37.5418928353680030,87.0,26.0,원활,127.0443227134553865_37.5418928353680030|127.0445405976371944_37.5426578631228907
2026-09-04T03:35:30.187978+09:00,서울숲공원,서울숲공원,POI101,KEY_1,1030007702,광나루로,1030013800,용비교앞,127.0333325548071599_37.5450050369533841,1030015000,성수동1가685-366,127.0347281610465444_37.5457320230783580,149.0,46.3,원활,127.0347281610465444_37.5457320230783580|127.0345634495914453_37.5456389612574384|127.0339308281616155_37.5452976975982509|127.0338163721421125_37.5452323683480316|127.0337417705139984_37.5451771052804588|127.0335982894965667_37.5450806500806493|127.0334629512231004_37.5450262429314208|127.0333325548071599_37.5450050369533841
2026-09-04T03:35:30.187978+09:00,서울숲공원,서울숲공원,POI101,KEY_1,1030007803,광나루로,1030015700,응봉교앞,127.0362287011718365_37.5468934194515498,1030013200,뚝섬역앞,127.0340021665685128_37.5447699627491218,335.0,37.7,원활,127.0340021665685128_37.5447699627491218|127.0339119478859402_37.5448533482408919|127.0338390853927564_37.5449373945285672|127.0338227918287686_37.5450024693594102|127.0338138824460401_37.5450640218691802|127.0338381578220464_37.5451008315442252|127.0339025242840307_37.5451485128795497|127.0340084810208623_37.5452089899118064|127.0346408315383542_37.5455501072778191|127.0348067426888434_37.5456438452889145|127.0350260021663757_37.5457746884153849|127.0356313917589119_37.5462775440664771|127.0361171498495167_37.5467784023693270|127.0362287011718365_37.5468934194515498
2026-09-04T03:35:30.187978+09:00,서울숲공원,서울숲공원,POI101,KEY_1,1030007903,뚝섬로,1030153700,최소노드배치점,127.0298541325279302_37.5461734938040195,1030013800,용비교앞,127.0333325548071599_37.5450050369533841,334.0,53.0,원활,127.0333325548071599_37.5450050369533841|127.0320878634865949_37.5454301821306089|127.0301483584728004_37.5461118314372300|127.0298548174119588_37.5461734181233169|127.0298541325279302_37.5461734938040195
2026-09-04T03:35:30.187978+09:00,서울숲공원,서울숲공원,POI101,KEY_1,1030007904,뚝섬로,1030013800,용비교앞,127.0333325548071599_37.5450050369533841,1030013401,서울숲입구,127.0336259699339791_37.5449020311093804,28.0,54.5,원활,127.0336259699339791_37.5449020311093804|127.0333325548071599_37.5450050369533841
2026-09-04T03:35:30.187978+09:00,서울숲공원,서울숲공원,POI101,KEY_1,1030008004,뚝섬로,1030013402,서울숲입구,127.0335712621943571_37.5448039853446431,1030014600,강변북로분기점,127.0320336805205699_37.5453310445884938,148.0,39.0,원활,127.0320336805205699_37.5453310445884938|127.0335605592246537_37.5448077968026155|127.0335712621943571_37.5448039853446431
2026-09-04T03:35:30.187978+09:00,서울숲공원,서울숲공원,POI101,KEY_1,1030008201,고산자로,1030015200,응봉지하차도,127.0366128449075376_37.5457210264910088,1030012800,성수대교,127.0364370496948396_37.5446681209833670,118.0,59.0,원활,127.0364370496948396_37.5446681209833670|127.0366128449075376_37.5457210264910088
2026-09-04T03:35:30.187978+09:00,서울숲공원,서울숲공원,POI101,KEY_1,1030008202,고산자로,1030015902,응봉교앞교차로,127.0366620598710057_37.5470907469341526,1030015200,응봉지하차도,127.0366128449075376_37.5457210264910088,155.0,44.0,원활,127.0366128449075376_37.5457210264910088|127.0367779996532391_37.5467407889137164|127.0367656344953389_37.5469133007197087|127.0367066612591316_37.5470409050150522|127.0366620598710057_37.5470907469341526
2026-09-04T03:35:30.187978+09:00,서울숲공원,서울숲공원,POI101,KEY_1,1030009300,서울숲길,1030076300,성수동1가 676-8,127.0399213370954214_37.5479548333834785,1030018200,응봉지하차도,127.0374624651740305_37.5484417432670767,239.0,32.0,원활,127.0374624651740305_37.5484417432670767|127.0376197668948919_37.5485990148293283|127.0377691938879821_37.5486030666717809|127.0379335176127427_37.5485712655074408|127.0381567590147682_37.5484853004769974|127.0383340384476725_37.5484272268524180|127.0392064844063640_37.5481559010921799|127.0393057439895301_37.5481250313893327|127.0399213370954214_37.5479548333834785
2026-09-04T03:35:30.187978+09:00,서울숲공원,서울숲공원,POI101,KEY_1,1030009502,광나루로,1030015901,응봉교앞교차로,127.0366152887005171_37.5472219483610559,1030003300,성수동1가685-682,127.0377144991523579_37.5489181795884193,214.0,11.0,정체,127.0377144991523579_37.5489181795884193|127.0375766079558133_37.5487776911937914|127.0374329612102429_37.5486111232519235|127.0373464606487204_37.5484979491716757|127.0372495867620586_37.5483712020506317|127.0370899670532054_37.5481557307054956|127.0369658436303979_37.5479582707073689|127.0368520299556110_37.5478161520716753|127.0366852607440364_37.5473419561078501|127.0366152887005171_37.5472219483610559
2026-09-04T03:35:30.187978+09:00,서울숲공원,서울숲공원,POI101,KEY_1,1030009601,광나루로,1030016401,응봉교교차로,127.0369747496989561_37.5477727654258828,1030015902,응봉교앞교차로,127.0366620598710057_37.5470907469341526,81.0,42.0,원활,127.0366620598710057_37.5470907469341526|127.0367310816394308_37.5471637738456607|127.0368132004219177_37.5473046122355285|127.0369747496989561_37.5477727654258828
2026-09-04T03:35:30.187978+09:00,서울숲공원,서울숲공원,POI101,KEY_1,1030009602,광나루로,1030018200,응봉지하차도,127.0374624651740305_37.5484417432670767,1030016401,응봉교교차로,127.0369747496989561_37.5477727654258828,86.0,51.0,원활,127.0369747496989561_37.5477727654258828|127.0370841269440092_37.5479048674630818|127.0372093083618381_37.5481040100708015|127.0373660769487429_37.5483156321913540|127.0374624651740305_37.5484417432670767
2026-09-04T03:35:30.187978+09:00,서울숲공원,서울숲공원,POI101,KEY_1,1030009603,광나루로,1030018600,응봉지하차도,127.0379861625013405_37.5489978732287639,1030018200,응봉지하차도,127.0374624651740305_37.5484417432670767,77.0,15.0,서행,127.0374624651740305_37.5484417432670767|127.0375470226948380_37.5485523752630357|127.0376861857009629_37.5487137421328967|127.0378185869667504_37.5488488351778074|127.0379861625013405_37.5489978732287639
2026-09-04T03:35:30.187978+09:00,서울숲공원,서울숲공원,POI101,KEY_1,1030011501,광나루로,1030174400,최소노드배치점,127.0398169960489128_37.5505495317001561,1030020300,성수동1가672-3,127.0424916727474027_37.5515155229991748,260.0,61.0,원활,127.0424916727474027_37.5515155229991748|127.0423272436774056_37.5514771040283861|127.0419434266120362_37.5513458747840048|127.0406151306876978_37.5508917096208847|127.0405116801708232_37.5508515661850097|127.0401146984400640_37.5506975182419964|127.0398336311208141_37.5505594903515316|127.0398169960489128_37.5505495317001561
2026-09-04T03:35:30.187978+09:00,서울숲공원,서울숲공원,POI101,KEY_1,1030011600,광나루로,1030092500,성수동1가 685-682,127.0383955604428934_37.5493625191709341,1030018600,응봉지하차도,127.0379861625013405_37.5489978732287639,54.0,48.0,원활,127.0379861625013405_37.5489978732287639|127.0382859447694699_37.5492644909027860|127.0383955604428934_37.5493625191709341
2026-09-04T03:35:30.187978+09:00,서울숲공원,서울숲공원,POI101,KEY_1,1030022500,강변북로,1030006500,강변동양아파트,127.0457199441466400_37.5371614419992170,1030008200,성수동1가689-15,127.0386116957061802_37.5399100186691754,732.0,55.0,원활,127.0386116957061802_37.5399100186691754|127.0388094671413626_37.5398929051167940|127.0389980988206418_37.5399007961000279|127.0391732543634902_37.5399086344900752|127.0393260579287897_37.5398984988097268|127.0394565554318120_37.5398632351905448|127.0396188712205685_37.5397672820113897|127.0397092230287228_37.5396853579724663|127.0398132934763566_37.5395641366282575|127.0402208488266780_37.5390362908951474|127.0404468884075158_37.5388046494535104|127.0412228387984328_37.5382710782329667|127.0415022100986846_37.5381326507174720|127.0418939270202827_37.5379875036210677|127.0424249449393841_37.5378357405717580|127.0429738849922785_37.5376911991380950|127.0434372105982987_37.5375892508277289|127.0439229523194200_37.5374945418114123|127.0443443046295755_37.5373995828899609|127.0447580464581847_37.5373248636183803|127.0457199441466400_37.5371614419992170
2026-09-04T03:35:30.187978+09:00,서울숲공원,서울숲공원,POI101,KEY_1,1030023000,강변북로,1030008700,성수동1가685-717,127.0387034330841232_37.5403324927363400,1030007000,한강공원이촌지구입구,127.0411526317783455_37.5386310153525642,296.0,50.7,원활,127.0411526317783455_37.5386310153525642|127.0407533818060841_37.5388833491545242|127.0405051750272207_37.5390672079383378|127.0403168625084618_37.5392512998438548|127.0401282578067139_37.5394830868806224|127.0399244787430320_37.5397470102002941|127.0397481798608510_37.5399251856554201|127.0395181272781286_37.5400781102996177|127.0392477741095405_37.5402094139839022|127.0390542301361450_37.5402694721315768|127.0388742738886378_37.5403116965031529|127.0387034330841232_37.5403324927363400
2026-09-04T03:35:30.187978+09:00,서울숲공원,서울숲공원,POI101,KEY_1,1030023100,강변북로,1030007400,민들레,127.0411070650829117_37.5384294612663183,1030007800,성수대교(북측),127.0368534360828363_37.5396408057627795,400.0,72.0,원활,127.0368534360828363_37.5396408057627795|127.0371121663615810_37.5395732560513053|127.0376707307637503_37.5394502404493267|127.0379819235674006_37.5393739513036451|127.0383382043887082_37.5392710086407959|127.0391560042913142_37.5389969660262821|127.0399475014373252_37.5387377201589345|127.0404688029044422_37.5385847357400735|127.0411070650829117_37.5384294612663183
2026-09-04T03:35:30.187978+09:00,서울숲공원,서울숲공원,POI101,KEY_1,1030023200,강변북로,1030007800,성수대교(북측),127.0368534360828363_37.5396408057627795,1030007600,성수대교북측(남측),127.0353856054661748_37.5391491203814596,172.0,50.0,원활,127.0353856054661748_37.5391491203814596|127.0354519301494349_37.5392596892391666|127.0355294539751867_37.5394358763245677|127.0356147237740174_37.5395703582316855|127.0356778466900352_37.5396540754166210|127.0357710106925424_37.5397230061694600|127.0358755720474022_37.5397651511611272|127.0359727566045080_37.5397893819223896|127.0360513720212055_37.5397896904171802|127.0361712028036294_37.5397841991194525|127.0363398484315809_37.5397550513494167|127.0368534360828363_37.5396408057627795
2026-09-04T03:35:30.187978+09:00,서울숲공원,서울숲공원,POI101,KEY_1,1030023800,언주로,1030000501,성수대교북측(북측),127.0356112502638837_37.5404973798243304,1030007600,성수대교북측(남측),127.0353856054661748_37.5391491203814596,151.0,61.0,원활,127.0353856054661748_37.5391491203814596|127.0356112502638837_37.5404973798243304
2026-09-04T03:35:30.187978+09:00,서울숲공원,서울숲공원,POI101,KEY_1,1030023900,언주로,1030007700,성수대교북측(남측),127.0352537450373660_37.5391797046238054,1030000502,성수대교북측(북측),127.0354766600117671_37.5405116623693331,149.0,70.0,원활,127.0354766600117671_37.5405116623693331|127.0352537450373660_37.5391797046238054
2026-09-04T03:35:30.187978+09:00,서울숲공원,서울숲공원,POI101,KEY_1,1030024400,강변북로,1030008200,성수동1가689-15,127.0386116957061802_37.5399100186691754,1030008700,성수동1가685-717,127.0387034330841232_37.5403324927363400,70.0,51.0,원활,127.0387034330841232_37.5403324927363400|127.0385419074224984_37.5402996662770363|127.0384613765454702_37.5402456929054082|127.0384258357114931_37.5401811631481621|127.0384038369325168_37.5401059548299685|127.0384311435581708_37.5400488261539849|127.0384719932345803_37.5399810180122273|127.0385216066115106_37.5399490163397971|127.0386116957061802_37.5399100186691754
2026-09-04T03:35:30.187978+09:00,서울숲공원,서울숲공원,POI101,KEY_1,1030024600,강변북로,1030007700,성수대교북측(남측),127.0352537450373660_37.5391797046238054,1030009100,성수대교(북측),127.0337769617486003_37.5407132030334907,232.0,51.0,원활,127.0337769617486003_37.5407132030334907|127.0339391981025443_37.5406315664747012|127.0345833361038927_37.5403550816663412|127.0347591365769091_37.5402591888875037|127.0348945951880637_37.5401488278030868|127.0350121281835385_37.5400312413527359|127.0351029072210878_37.5398813537806788|127.0351441154042362_37.5397563124581737|127.0351901036656983_37.5395847853010736|127.0352046463879958_37.5394131341517507|127.0352537450373660_37.5391797046238054
2026-09-04T03:35:30.187978+09:00,서울숲공원,서울숲공원,POI101,KEY_1,1030024900,강변북로,1030009800,성수대교(북측),127.0339243946623640_37.5414459285932267,1030007800,성수대교(북측),127.0368534360828363_37.5396408057627795,443.0,52.0,원활,127.0368534360828363_37.5396408057627795|127.0370181494945712_37.5396420480801467|127.0371527636470574_37.5396676167305898|127.0372737895883120_37.5397110176042972|127.0373676853027973_37.5397829309775091|127.0374390099259898_37.5398726416778246|127.0374656095860360_37.5399299818899905|127.0374784683138927_37.5400301951343636|127.0374688644552776_37.5401303208999835|127.0374323740247178_37.5402196089517304|127.0373689946792553_37.5402980601669327|127.0373057713197937_37.5403514716095259|127.0372291364230506_37.5403940977729462|127.0369949821833870_37.5404826117086117|127.0368329266345881_37.5405356348524464|127.0348571263850914_37.5411181147050996|127.0339243946623640_37.5414459285932267
2026-09-04T03:35:30.187978+09:00,서울숲공원,서울숲공원,POI101,KEY_1,1030025400,강변북로,1030009100,성수대교(북측),127.0337769617486003_37.5407132030334907,1030011200,동부간선도로입구,127.0297847949010190_37.5425055540992219,406.0,70.3,원활,127.0297847949010190_37.5425055540992219|127.0301014443444387_37.5423983044091045|127.0316013885051376_37.5417710906772442|127.0322590225374171_37.5414946717477847|127.0325159372563633_37.5413597540577584|127.0329488123294794_37.5411039051045989|127.0332779588102170_37.5409120349971985|127.0335527716549109_37.5407879165858489|127.0337769617486003_37.5407132030334907
2026-09-04T03:35:30.187978+09:00,서울숲공원,서울숲공원,POI101,KEY_1,1030025800,강변북로,1030010300,옥수동492,127.0318062526681047_37.5420723308692246,1030009800,성수대교(북측),127.0339243946623640_37.5414459285932267,200.0,75.0,원활,127.0339243946623640_37.5414459285932267|127.0325861881406126_37.5418365221240293|127.0318062526681047_37.5420723308692246
2026-09-04T03:35:30.187978+09:00,서울숲공원,서울숲공원,POI101,KEY_1,1030026500,뚝섬로,1030010901,서울숲관리사무소,127.0422149021619873_37.5423764621375895,1030010204,서울숲입구교차로,127.0441934353593894_37.5419277837611602,182.0,45.0,원활,127.0441934353593894_37.5419277837611602|127.0422149021619873_37.5423764621375895
2026-09-04T03:35:30.187978+09:00,서울숲공원,서울숲공원,POI101,KEY_1,1030028000,고산자로,1030011900,성수대교,127.0360005462618460_37.5434631051802086,1030012400,뚝섬역앞,127.0351598907825377_37.5442382170389379,125.0,40.0,원활,127.0351598907825377_37.5442382170389379|127.0357216302386547_37.5440210860030703|127.0358269236664057_37.5439489651457876|127.0358969414481436_37.5438645535781532|127.0359471986930373_37.5437801488859435|127.0359812860939428_37.5436914567381876|127.0360005462618460_37.5434631051802086
2026-09-04T03:35:30.187978+09:00,서울숲공원,서울숲공원,POI101,KEY_1,1030026600,강변북로,1030008200,성수동1가689-15,127.0386116957061802_37.5399100186691754,1030012400,뚝섬역앞,127.0351598907825377_37.5442382170389379,705.0,49.7,서행,127.0351598907825377_37.5442382170389379|127.0354068962458172_37.5441060684462187|127.0355674450624122_37.5439976137586413|127.0356577622891763_37.5439228468216513|127.0357242893047811_37.5438335331714370|127.0357486109102041_37.5437622279278287|127.0357679800487318_37.5436680730317818|127.0357632413711571_37.5435762680332843|127.0357323270163477_37.5434902923140541|127.0350720288963942_37.5420245991552690|127.0350366668427000_37.5419314516935074|127.0350057086922106_37.5418526306111957|127.0349972125870295_37.5417738974697954|127.0349978124110635_37.5416773137281155|127.0350299037809663_37.5415737000574268|127.0350934191691721_37.5414737873586901|127.0351612929096063_37.5413953549625887|127.0352650617556947_37.5413242180194970|127.0353776822518057_37.5412745797914127|127.0355127644148183_37.5412250302087003|127.0369487294088202_37.5407620496736740|127.0371784364439236_37.5406663643740757|127.0373902612695645_37.5405562998266404|127.0376021513677642_37.5404355030668313|127.0377555536119729_37.5403287865443716|127.0379134244137020_37.5402256633759421|127.0380354020996378_37.5401152462535208|127.0381436804458559_37.5400405472650220|127.0383058228510720_37.5399732135098958|127.0384363198342470_37.5399379510186222|127.0386116957061802_37.5399100186691754
2026-09-04T03:35:30.187978+09:00,서울숲공원,서울숲공원,POI101,KEY_1,1030026700,강변북로,1030013401,서울숲입구,127.0336259699339791_37.5449020311093804,1030008700,성수동1가685-717,127.0387034330841232_37.5403324927363400,845.0,49.7,서행,127.0387034330841232_37.5403324927363400|127.0385371511629842_37.5403425752467825|127.0383978666933160_37.5403456074334514|127.0382316516383412_37.5403449576821160|127.0381148287079043_37.5403480786678330|127.0379889118636783_37.5403690494698381|127.0378718901825152_37.5404043639064326|127.0376601982701743_37.5404929665598743|127.0373762310509278_37.5406456762469176|127.0370879036319849_37.5407769040777453|127.0362952125058484_37.5411029014549058|127.0354844785458965_37.5414395541404957|127.0353673215752082_37.5414963288448078|127.0352725369027098_37.5415675010344856|127.0352046178310417_37.5416530874434429|127.0351591164095453_37.5417459165832241|127.0351405248829764_37.5418460069646898|127.0351354551451237_37.5419389952436759|127.0351751538081260_37.5420572008873492|127.0358001798617806_37.5434154374524383|127.0358353439824128_37.5435407792331688|127.0358480445403444_37.5436660323164375|127.0358326844142454_37.5437716016713736|127.0358155281628427_37.5438434318438041|127.0357804123959227_37.5439402458612719|127.0357588038870915_37.5440155390118946|127.0357240209459917_37.5441034969866152|127.0356607451534785_37.5441938214730655|127.0355930812456791_37.5442489605209389|127.0354925813227567_37.5443013739697307|127.0352297106497588_37.5443971397144693|127.0348467896735940_37.5445356792611875|127.0337727652631230_37.5449105304015731|127.0336259699339791_37.5449020311093804
2026-09-04T03:35:30.187978+09:00,서울숲공원,서울숲공원,POI101,KEY_1,1030026800,뚝섬로,1030010203,서울숲입구교차로,127.0441621562491576_37.5418224578429118,1030011002,무지개터널(동측),127.0413473196034317_37.5424602796447218,259.0,39.0,원활,127.0413473196034317_37.5424602796447218|127.0420470149079648_37.5423020740521096|127.0421777116470992_37.5422724767808944|127.0441621562491576_37.5418224578429118
2026-09-04T03:35:30.187978+09:00,서울숲공원,서울숲공원,POI101,KEY_1,1030026900,뚝섬로,1030011001,무지개터널(동측),127.0413856137363098_37.5425640055429071,1030010904,서울숲관리사무소,127.0420841060007007_37.5424060811278437,64.0,45.0,원활,127.0420841060007007_37.5424060811278437|127.0413856137363098_37.5425640055429071
2026-09-04T03:35:30.187978+09:00,서울숲공원,서울숲공원,POI101,KEY_1,1030027000,동부간선도로,1030012000,성수JC,127.0314731932145378_37.5440534747483454,1030009800,성수대교(북측),127.0339243946623640_37.5414459285932267,486.0,62.7,원활,127.0339243946623640_37.5414459285932267|127.0334660672718314_37.5416308850519584|127.0311611799832292_37.5425040231097924|127.0309995450869707_37.5425851177727168|127.0308738370767827_37.5426709718164062|127.0307840622352700_37.5427711188299682|127.0307062751404032_37.5428998693921869|127.0306763922770017_37.5430381436443739|127.0306704646842491_37.5431859469438933|127.0307184282822703_37.5433337362326114|127.0308143019321960_37.5435005844608796|127.0309640663317907_37.5436674175867111|127.0314731932145378_37.5440534747483454
2026-09-04T03:35:30.187978+09:00,서울숲공원,서울숲공원,POI101,KEY_1,1030027100,뚝섬로,1030011002,무지개터널(동측),127.0413473196034317_37.5424602796447218,1030011502,무지개터널(서측),127.0382618561309727_37.5432843303280137,288.0,39.0,원활,127.0382618561309727_37.5432843303280137|127.0401723923043704_37.5427447280211126|127.0413473196034317_37.5424602796447218
2026-09-04T03:35:30.187978+09:00,서울숲공원,서울숲공원,POI101,KEY_1,1030027200,뚝섬로,1030011501,무지개터널(서측),127.0383065031408876_37.5433864362319696,1030011001,무지개터널(동측),127.0413856137363098_37.5425640055429071,287.0,45.0,원활,127.0413856137363098_37.5425640055429071|127.0402148599190326_37.5428474536407961|127.0383065031408876_37.5433864362319696
2026-09-04T03:35:30.187978+09:00,서울숲공원,서울숲공원,POI101,KEY_1,1030027700,뚝섬로,1030011502,무지개터널(서측),127.0382618561309727_37.5432843303280137,1030012100,성수대교,127.0367153495430301_37.5437064666827922,144.0,39.0,원활,127.0367153495430301_37.5437064666827922|127.0367423091030759_37.5436977285142177|127.0382618561309727_37.5432843303280137
2026-09-04T03:35:30.187978+09:00,서울숲공원,서울숲공원,POI101,KEY_1,1030027800,뚝섬로,1030012200,성수대교,127.0367665461850777_37.5438066076472126,1030011501,무지개터널(서측),127.0383065031408876_37.5433864362319696,144.0,45.0,원활,127.0383065031408876_37.5433864362319696|127.0367898966813982_37.5437990382867781|127.0367665461850777_37.5438066076472126
2026-09-04T03:35:30.187978+09:00,서울숲공원,서울숲공원,POI101,KEY_1,1030027900,뚝섬로,1030012100,성수대교,127.0367153495430301_37.5437064666827922,1030011800,성수대교,127.0361349219139697_37.5434475561346019,73.0,36.0,원활,127.0361349219139697_37.5434475561346019|127.0362399483803699_37.5436656315811135|127.0363100343637797_37.5437256841859224|127.0363675331386162_37.5437557040092429|127.0364268175616616_37.5437671284283141|127.0364914867285364_37.5437685392485392|127.0367153495430301_37.5437064666827922
2026-09-04T03:35:30.187978+09:00,서울숲공원,서울숲공원,POI101,KEY_1,1030028100,뚝섬로,1030012100,성수대교,127.0367153495430301_37.5437064666827922,1030012302,성수대교북단교차로,127.0362119535135861_37.5438696362694699,48.0,41.0,원활,127.0362119535135861_37.5438696362694699|127.0367153495430301_37.5437064666827922
2026-09-04T03:35:30.187978+09:00,서울숲공원,서울숲공원,POI101,KEY_1,1030028200,뚝섬로,1030012301,성수대교북단교차로,127.0362371882276165_37.5439781927615286,1030012200,성수대교,127.0367665461850777_37.5438066076472126,51.0,46.0,원활,127.0367665461850777_37.5438066076472126|127.0362371882276165_37.5439781927615286
2026-09-04T03:35:30.187978+09:00,서울숲공원,서울숲공원,POI101,KEY_1,1030028600,강변북로,1030011700,성수JC,127.0277034763174839_37.5435314558420359,1030036600,성수JC,127.0323619427774275_37.5449326440640903,484.0,63.0,원활,127.0323619427774275_37.5449326440640903|127.0311949792518220_37.5441285919077359|127.0304674227492541_37.5436105774788729|127.0301690887583277_37.5434233741345693|127.0299481177394938_37.5433175620449404|127.0297448471371666_37.5432547470848448|127.0295174374858931_37.5432204535432916|127.0292298587921209_37.5432288467092619|127.0289780092224845_37.5432707692171306|127.0286119287075337_37.5433790108575920|127.0282280286061933_37.5434633313840465|127.0279282574757644_37.5435050603725173|127.0277034763174839_37.5435314558420359
2026-09-04T03:35:30.187978+09:00,서울숲공원,서울숲공원,POI101,KEY_1,1030028700,뚝섬로,1030012303,성수대교북단교차로,127.0360826391629558_37.5439129163279333,1030012400,뚝섬역앞,127.0351598907825377_37.5442382170389379,89.0,20.0,서행,127.0351598907825377_37.5442382170389379|127.0360826391629558_37.5439129163279333
2026-09-04T03:35:30.187978+09:00,서울숲공원,서울숲공원,POI101,KEY_1,1030028800,뚝섬로,1030012700,성수대교,127.0355058723116031_37.5442361646540377,1030012304,성수대교북단교차로,127.0361107182000069_37.5440214432186963,59.0,35.0,원활,127.0361107182000069_37.5440214432186963|127.0355058723116031_37.5442361646540377
2026-09-04T03:35:30.187978+09:00,서울숲공원,서울숲공원,POI101,KEY_1,1030028900,고산자로,1030012800,성수대교,127.0364370496948396_37.5446681209833670,1030012200,성수대교,127.0367665461850777_37.5438066076472126,108.0,40.0,원활,127.0367665461850777_37.5438066076472126|127.0365185217943775_37.5439516139629532|127.0364718466361467_37.5440131333070539|127.0364485303973794_37.5440889478878148|127.0364701751367278_37.5442705943811035|127.0364702301823172_37.5443835913891988|127.0364370496948396_37.5446681209833670
2026-09-04T03:35:30.187978+09:00,서울숲공원,서울숲공원,POI101,KEY_1,1030029100,뚝섬로,1030012700,성수대교,127.0355058723116031_37.5442361646540377,1030012900,성수대교,127.0363032638533412_37.5446862650665025,96.0,46.0,원활,127.0363032638533412_37.5446862650665025|127.0360858026865287_37.5443708360154389|127.0360067334721066_37.5443122168106527|127.0359348598702240_37.5442721892855644|127.0358665879682007_37.5442507545453665|127.0357731684678839_37.5442321889604642|127.0355058723116031_37.5442361646540377
2026-09-04T03:35:30.187978+09:00,서울숲공원,서울숲공원,POI101,KEY_1,1030029200,뚝섬로,1030012400,뚝섬역앞,127.0351598907825377_37.5442382170389379,1030013402,서울숲입구,127.0335712621943571_37.5448039853446431,154.0,24.0,서행,127.0335712621943571_37.5448039853446431|127.0351598907825377_37.5442382170389379
2026-09-04T03:35:30.187978+09:00,서울숲공원,서울숲공원,POI101,KEY_1,1030029300,뚝섬로,1030013200,뚝섬역앞,127.0340021665685128_37.5447699627491218,1030012700,성수대교,127.0355058723116031_37.5442361646540377,145.0,49.0,원활,127.0355058723116031_37.5442361646540377|127.0340021665685128_37.5447699627491218
2026-09-04T03:35:30.187978+09:00,서울숲공원,서울숲공원,POI101,KEY_1,1030029400,왕십리로,1030088000,성수동1가 685-703,127.0428329815148061_37.5438084633640159,1030010901,서울숲관리사무소,127.0422149021619873_37.5423764621375895,168.0,16.0,서행,127.0422149021619873_37.5423764621375895|127.0424002084268693_37.5428057963129760|127.0428329815148061_37.5438084633640159
2026-09-04T03:35:30.187978+09:00,서울숲공원,서울숲공원,POI101,KEY_1,1030029500,왕십리로,1030048000,성수동1가 685-703,127.0422717949817439_37.5428409373270853,1030014104,서울숲역4번출구,127.0448202932931565_37.5451684659811562,437.0,37.0,원활,127.0448202932931565_37.5451684659811562|127.0437337797184085_37.5454718229148128|127.0436132250108585_37.5454905344017718|127.0435214686951042_37.5454872471729715|127.0434239332012396_37.5454387588731251|127.0433527486151348_37.5453642534812673|127.0430275322895142_37.5445972039875997|127.0428995455311991_37.5442953320865698|127.0428019950379763_37.5440693275960413|127.0427045667538124_37.5438436047861117|127.0422717949817439_37.5428409373270853
2026-09-04T03:35:30.187978+09:00,서울숲공원,서울숲공원,POI101,KEY_1,1030029600,동부간선도로,1030014600,강변북로분기점,127.0320336805205699_37.5453310445884938,1030014900,성수동1가685-31,127.0343613336856379_37.5465066021287299,571.0,53.7,원활,127.0343613336856379_37.5465066021287299|127.0318255585729048_37.5446617188198246|127.0316912107762022_37.5445926221796640|127.0315418498018971_37.5445294282392652|127.0314110770727751_37.5444871746965418|127.0312875694041850_37.5444807220927714|127.0311226926525450_37.5445039159389822|127.0310025737252744_37.5445541169787873|127.0309085864134317_37.5446163457062099|127.0308294244458125_37.5447024812067696|127.0307689064878502_37.5448006149083895|127.0307534830975413_37.5448720987995159|127.0307565913073802_37.5449734667094219|127.0308009193484367_37.5450690358540484|127.0308528286035710_37.5451497302063615|127.0309309633900057_37.5452275470847212|127.0310353800474701_37.5452935449066558|127.0311324779692654_37.5453326839784367|127.0312708319260508_37.5453600630229474|127.0313980663339208_37.5453695113752985|127.0315478211685019_37.5453701048633306|127.0318025327893849_37.5453502478940848|127.0320336805205699_37.5453310445884938
2026-09-04T03:35:30.187978+09:00,서울숲공원,서울숲공원,POI101,KEY_1,1030029700,뚝섬로,1030013401,서울숲입구,127.0336259699339791_37.5449020311093804,1030013200,뚝섬역앞,127.0340021665685128_37.5447699627491218,36.0,46.0,원활,127.0340021665685128_37.5447699627491218|127.0336259699339791_37.5449020311093804
2026-09-04T03:35:30.187978+09:00,서울숲공원,서울숲공원,POI101,KEY_1,1030032500,광나루로,1030016401,응봉교교차로,127.0369747496989561_37.5477727654258828,1030015200,응봉지하차도,127.0366128449075376_37.5457210264910088,230.0,48.0,원활,127.0366128449075376_37.5457210264910088|127.0368276497498954_37.5470051724699232|127.0369026875021632_37.5473835928909807|127.0369664318891694_37.5476279220281128|127.0369747496989561_37.5477727654258828
2026-09-04T03:35:30.187978+09:00,서울숲공원,서울숲공원,POI101,KEY_1,1030032800,광나루로,1030015000,성수동1가685-366,127.0347281610465444_37.5457320230783580,1030003300,성수동1가685-682,127.0377144991523579_37.5489181795884193,444.0,57.0,원활,127.0377144991523579_37.5489181795884193|127.0376349663708169_37.5488792088440420|127.0375691685638202_37.5488429997423339|127.0374972819558081_37.5487896231078722|127.0369269252125122_37.5482272030721305|127.0362439495232394_37.5475618306844936|127.0361888294393822_37.5475027267513752|127.0361337032097850_37.5474283661806965|127.0355128987986006_37.5465131378379624|127.0354457826970389_37.5464082664061678|127.0353714847591817_37.5463110258443677|127.0352780284328986_37.5462195114021711|127.0349928768071521_37.5459602283603573|127.0348844288978540_37.5458661456903613|127.0347281610465444_37.5457320230783580
2026-09-04T03:35:30.187978+09:00,서울숲공원,서울숲공원,POI101,KEY_1,1030032900,동부간선도로,1030018800,뚝섬유수지체육공원,127.0382875770396396_37.5497896869035088,1030015200,응봉지하차도,127.0366128449075376_37.5457210264910088,483.0,69.0,원활,127.0366128449075376_37.5457210264910088|127.0367395874531695_37.5458139377940583|127.0369539997381594_37.5469993756130123|127.0370342949750864_37.5474726199264097|127.0370915689507143_37.5476591825833665|127.0372061177639154_37.5480049958211382|127.0373900159957685_37.5484437763583472|127.0374702337432922_37.5485840562428734|127.0378471820537527_37.5491260326457947|127.0382687480772859_37.5497553055001063|127.0382875770396396_37.5497896869035088
2026-09-04T03:35:30.187978+09:00,서울숲공원,서울숲공원,POI101,KEY_1,1030066501,강변북로,1030006801,수도박물관,127.0427151925593137_37.5381098869044223,1030042503,뚝도아리수정수센터,127.0437293162950709_37.5396718467509345,242.0,41.0,서행,127.0437293162950709_37.5396718467509345|127.0437158216782620_37.5394558739311748|127.0436997075802168_37.5391979763109163|127.0436816706408365_37.5389072203456848|127.0436712786202520_37.5387550768041294|127.0436602539318045_37.5384744878092533|127.0436159951614457_37.5383075668496176|127.0435936726297541_37.5382556522524453|127.0435557805520119_37.5382048047723771|127.0434880665350477_37.5381718693380719|127.0434174680179638_37.5381479359175430|127.0433467795864289_37.5381386491473776|127.0432448681980304_37.5381450151367630|127.0431330250412572_37.5381558491223046|127.0430240334894876_37.5381633140242101|127.0429108368762172_37.5381640030298840|127.0428358836345950_37.5381580791353997|127.0427751550125492_37.5381398171506078|127.0427151925593137_37.5381098869044223
2026-09-04T03:35:30.187978+09:00,서울숲공원,서울숲공원,POI101,KEY_1,1030066601,왕십리로,1030042502,뚝도아리수정수센터,127.0438509781158700_37.5396651007243065,1030042402,수도박물관,127.0437442315341769_37.5380444160904290,181.0,23.0,서행,127.0437442315341769_37.5380444160904290|127.0437837378023858_37.5381786455282338|127.0438033070933841_37.5384502537906712|127.0438255679363238_37.5387444058637882|127.0438406795499446_37.5390509240955197|127.0438714536466875_37.5394497548960047|127.0438734643708329_37.5394758136334019|127.0438509781158700_37.5396651007243065
2026-09-04T03:35:30.187978+09:00,서울숲공원,서울숲공원,POI101,KEY_1,1030066701,왕십리로,1030042402,수도박물관,127.0437442315341769_37.5380444160904290,1030042503,뚝도아리수정수센터,127.0437293162950709_37.5396718467509345,197.0,24.0,서행,127.0437293162950709_37.5396718467509345|127.0436584084536804_37.5394738561754551|127.0436074642709343_37.5387784903495216|127.0435799846575833_37.5384122096925594|127.0435110066697462_37.5381223833616389|127.0435196323790024_37.5380998831084298|127.0435650529448282_37.5380763980079877|127.0436769846834864_37.5380509169205467|127.0437279737801077_37.5380420997835174|127.0437442315341769_37.5380444160904290
2026-09-04T03:35:30.187978+09:00,서울숲공원,서울숲공원,POI101,KEY_1,1030066801,강변북로,1030042502,뚝도아리수정수센터,127.0438509781158700_37.5396651007243065,1030006601,성수동1가 496,127.0448610462769921_37.5375861963207313,287.0,46.5,서행,127.0448610462769921_37.5375861963207313|127.0443789849651353_37.5377832211987013|127.0439250586849766_37.5379741335692074|127.0438682035410096_37.5380167278659016|127.0438284220830241_37.5380436149692827|127.0437843076973081_37.5380851323055182|127.0437628038830411_37.5381312435571814|127.0437512306277341_37.5381728857687804|127.0437465393209919_37.5382461027841430|127.0437606481121833_37.5384850157771268|127.0438097661079979_37.5392479761743303|127.0438509781158700_37.5396651007243065
2026-09-04T03:35:30.187978+09:00,서울숲공원,서울숲공원,POI101,KEY_1,1030066901,왕십리로,1030042503,뚝도아리수정수센터,127.0437293162950709_37.5396718467509345,1030008603,뚝도아리수정수센터,127.0437630549361216_37.5401290126004596,51.0,42.5,원활,127.0437630549361216_37.5401290126004596|127.0437293162950709_37.5396718467509345
2026-09-04T03:35:30.187978+09:00,서울숲공원,서울숲공원,POI101,KEY_1,1030067001,왕십리로,1030008602,뚝도아리수정수센터,127.0438952129735242_37.5400817035135219,1030042502,뚝도아리수정수센터,127.0438509781158700_37.5396651007243065,46.0,43.5,원활,127.0438509781158700_37.5396651007243065|127.0438952129735242_37.5400817035135219
2026-09-04T03:35:30.187978+09:00,송현녹지광장,송현녹지광장,POI129,KEY_2,1000009102,우정국로,1000017300,안국동사거리,126.9828039229332575_37.5749851341707171,1000017904,안국동로터리,126.9829082928001753_37.5755454257557844,63.0,32.0,원활,126.9829082928001753_37.5755454257557844|126.9828499577781997_37.5754008805051001|126.9828163493672974_37.5752357359225755|126.9827996996409070_37.5750526973415191|126.9828039229332575_37.5749851341707171
2026-09-04T03:35:30.187978+09:00,송현녹지광장,송현녹지광장,POI129,KEY_2,1000010303,삼일대로,1000017003,속성변화점,126.9867672620100478_37.5750673701046694,1000021203,안국역사거리,126.9861392416785293_37.5767777393512361,198.0,25.0,원활,126.9861392416785293_37.5767777393512361|126.9867306429910911_37.5751700115634506|126.9867672620100478_37.5750673701046694
2026-09-04T03:35:30.187978+09:00,송현녹지광장,송현녹지광장,POI129,KEY_2,1000010403,삼일대로,1000021202,안국역사거리,126.9862597945630966_37.5768348176280966,1000017001,덕성여자대학교(종로캠퍼스),126.9868610139755560_37.5752003900895701,189.0,12.0,정체,126.9868610139755560_37.5752003900895701|126.9862597945630966_37.5768348176280966
2026-09-04T03:35:30.187978+09:00,송현녹지광장,송현녹지광장,POI129,KEY_2,1000011202,종로1길,1000019702,경복궁사거리,126.9794701198467664_37.5758080047390521,1000018200,경복궁,126.9792457576218681_37.5753789068622197,52.0,2.0,정체,126.9792457576218681_37.5753789068622197|126.9793010192322811_37.5754682222458030|126.9794701198467664_37.5758080047390521
2026-09-04T03:35:30.187978+09:00,송현녹지광장,송현녹지광장,POI129,KEY_2,1000011501,율곡로,1000019401,경복궁,126.9801381644492011_37.5758813627365100,1000019702,경복궁사거리,126.9794701198467664_37.5758080047390521,60.0,19.0,서행,126.9794701198467664_37.5758080047390521|126.9797343426333214_37.5758559422202438|126.9799729505737531_37.5758791430045278|126.9801381644492011_37.5758813627365100
2026-09-04T03:35:30.187978+09:00,송현녹지광장,송현녹지광장,POI129,KEY_2,1000011502,율곡로,1000019203,주한멕시코대사관,126.9811804454430160_37.5757381628755169,1000019401,경복궁,126.9801381644492011_37.5758813627365100,94.0,19.0,서행,126.9801381644492011_37.5758813627365100|126.9801458468412108_37.5758814661415386|126.9803274747907409_37.5758700232846223|126.9811804454430160_37.5757381628755169
2026-09-04T03:35:30.187978+09:00,송현녹지광장,송현녹지광장,POI129,KEY_2,1000011503,율곡로,1000018100,안국동사거리,126.9820370732549009_37.5756052331219763,1000019202,주한멕시코대사관,126.9813332527749594_37.5757145141333595,63.0,19.0,서행,126.9813332527749594_37.5757145141333595|126.9820370732549009_37.5756052331219763
2026-09-04T03:35:30.187978+09:00,송현녹지광장,송현녹지광장,POI129,KEY_2,1000011504,율곡로,1000017904,안국동로터리,126.9829082928001753_37.5755454257557844,1000018100,안국동사거리,126.9820370732549009_37.5756052331219763,78.0,13.0,정체,126.9820370732549009_37.5756052331219763|126.9821849025842226_37.5755822792614822|126.9823949596761850_37.5755556593554090|126.9825949987016998_37.5755409919947070|126.9827732334880466_37.5755410181384661|126.9829082928001753_37.5755454257557844
2026-09-04T03:35:30.187978+09:00,송현녹지광장,송현녹지광장,POI129,KEY_2,1000011601,율곡로,1000019701,경복궁사거리,126.9795067975766756_37.5759255521593971,1000020300,경복궁,126.9801205068413168_37.5759892604625989,55.0,9.0,정체,126.9801205068413168_37.5759892604625989|126.9799635415281358_37.5759871517272330|126.9797109494754608_37.5759625907229378|126.9795067975766756_37.5759255521593971
2026-09-04T03:35:30.187978+09:00,송현녹지광장,송현녹지광장,POI129,KEY_2,1000011603,율곡로,1000020300,경복궁,126.9801205068413168_37.5759892604625989,1000017905,안국동로터리,126.9829348569925571_37.5756562270635044,252.0,14.0,정체,126.9829348569925571_37.5756562270635044|126.9829125468357773_37.5756537744281829|126.9827704373494015_37.5756491370767236|126.9826012303179823_37.5756491122595975|126.9824118889619911_37.5756629946566250|126.9822085957164859_37.5756887578650449|126.9820630846885052_37.5757113517092307|126.9813592631155075_37.5758206328940290|126.9812063475179400_37.5758442987123971|126.9803458434132892_37.5759773239770425|126.9801500700749699_37.5759896573698668|126.9801205068413168_37.5759892604625989
2026-09-04T03:35:30.187978+09:00,송현녹지광장,송현녹지광장,POI129,KEY_2,1000012702,율곡로,1000204600,안국역,126.9857294779033765_37.5767141333904462,1000021204,안국역사거리,126.9860941353497878_37.5768818686938246,37.0,26.0,원활,126.9860941353497878_37.5768818686938246|126.9857294779033765_37.5767141333904462
2026-09-04T03:35:30.187978+09:00,송현녹지광장,송현녹지광장,POI129,KEY_2,1000012800,율곡로,1000099700,관훈동 113,126.9843012547585914_37.5759322813818102,1000017902,안국동로터리,126.9831650747284471_37.5755740090362238,108.0,32.0,원활,126.9831650747284471_37.5755740090362238|126.9832157778299404_37.5755801309922148|126.9834207454955077_37.5756172367829961|126.9836820397707413_37.5756980185194678|126.9842468281761967_37.5759072448986657|126.9843012547585914_37.5759322813818102
2026-09-04T03:35:30.187978+09:00,송현녹지광장,송현녹지광장,POI129,KEY_2,1000013501,율곡로,1000054300,계동 149-3,126.9868657861829462_37.5772407179262302,1000021504,우즈베키스탄대사관,126.9891939676239474_37.5774507625066221,209.0,41.0,원활,126.9891939676239474_37.5774507625066221|126.9886716347625111_37.5774406495643092|126.9876528972208263_37.5774209190205184|126.9874748196535421_37.5774084674404421|126.9872839495136390_37.5773710909105532|126.9870718117635420_37.5773123392589739|126.9868657861829462_37.5772407179262302
2026-09-04T03:35:30.187978+09:00,송현녹지광장,송현녹지광장,POI129,KEY_2,1000013502,율곡로,1000021501,우즈베키스탄대사관,126.9893297531960883_37.5774544023044541,1000021404,창덕궁앞교차로,126.9900388640569702_37.5774865487865739,63.0,41.0,원활,126.9900388640569702_37.5774865487865739|126.9897463242174780_37.5774687657961053|126.9893297531960883_37.5774544023044541
2026-09-04T03:35:30.187978+09:00,송현녹지광장,송현녹지광장,POI129,KEY_2,1000013601,율곡로,1000115800,운니동 99,126.9886749388672058_37.5773325621108185,1000021202,안국역사거리,126.9862597945630966_37.5768348176280966,226.0,17.0,서행,126.9862597945630966_37.5768348176280966|126.9866987114048271_37.5770526790006230|126.9869129296675823_37.5771391236163410|126.9869201616997287_37.5771416376904028|126.9871213965557644_37.5772115927930628|126.9873225852521443_37.5772673122363585|126.9874971233893604_37.5773014911490293|126.9876605021504048_37.5773129149276315|126.9886749388672058_37.5773325621108185
2026-09-04T03:35:30.187978+09:00,송현녹지광장,송현녹지광장,POI129,KEY_2,1000013802,율곡로3길,1000187200,안국동 177-3,126.9825779024490799_37.5773003698629964,1000017901,안국동로터리,126.9830699625115358_37.5756718813989750,188.0,10.0,정체,126.9830699625115358_37.5756718813989750|126.9830564549576764_37.5759140717657090|126.9830330914684993_37.5760255151221827|126.9826494722971120_37.5768341676311906|126.9826150056688476_37.5769949197743074|126.9825779024490799_37.5773003698629964
2026-09-04T03:35:30.187978+09:00,송현녹지광장,송현녹지광장,POI129,KEY_2,1000013900,북촌로,1000116500,재동 63-1,126.9851879175372176_37.5787742277141632,1000021903,재동초등학교앞교차로,126.9849709248422442_37.5791896537058818,50.0,24.0,서행,126.9849709248422442_37.5791896537058818|126.9851123444681207_37.5789593789195138|126.9851879175372176_37.5787742277141632
2026-09-04T03:35:30.187978+09:00,송현녹지광장,송현녹지광장,POI129,KEY_2,1000014000,북촌로,1000021902,재동초등학교앞교차로,126.9851742297151702_37.5791048269106014,1000021201,안국역사거리,126.9862116059343862_37.5769383209828334,258.0,23.0,서행,126.9862116059343862_37.5769383209828334|126.9861227104490524_37.5771049965042820|126.9858974625520034_37.5775403033717339|126.9855988771401059_37.5781173314432593|126.9855520543728602_37.5782320480744829|126.9853545228100558_37.5787159998899227|126.9853171216767009_37.5788076318220590|126.9852385949747031_37.5790000196943907|126.9851742297151702_37.5791048269106014
2026-09-04T03:35:30.187978+09:00,송현녹지광장,송현녹지광장,POI129,KEY_2,1000014100,창덕궁길,1000022002,북촌1경,126.9893063929122548_37.5792409569275208,1000021501,우즈베키스탄대사관,126.9893297531960883_37.5774544023044541,199.0,26.0,원활,126.9893297531960883_37.5774544023044541|126.9892548365952365_37.5786955788249983|126.9892562414735409_37.5787264244637242|126.9892665857058205_37.5789535426034647|126.9893063929122548_37.5792409569275208
2026-09-04T03:35:30.187978+09:00,송현녹지광장,송현녹지광장,POI129,KEY_2,1000014200,창덕궁길,1000128100,원서동 181,126.9891204798979061_37.5787303411058602,1000022003,북촌1경,126.9891713596778544_37.5792528029310802,58.0,15.0,서행,126.9891713596778544_37.5792528029310802|126.9891310055471081_37.5789614346187477|126.9891204798979061_37.5787303411058602
2026-09-04T03:35:30.187978+09:00,송현녹지광장,송현녹지광장,POI129,KEY_2,1000014301,삼청로,1000019704,경복궁사거리,126.9793621536958312_37.5759001150550986,1000020600,대한출판문화협회,126.9794687888132074_37.5765544121067592,73.0,39.0,원활,126.9794687888132074_37.5765544121067592|126.9794674172659654_37.5764824989996455|126.9794172673057773_37.5761249117022231|126.9793621536958312_37.5759001150550986
2026-09-04T03:35:30.187978+09:00,송현녹지광장,송현녹지광장,POI129,KEY_2,1000014302,삼청로,1000020600,대한출판문화협회,126.9794687888132074_37.5765544121067592,1000022703,국군서울지구병원,126.9798562503477797_37.5800221917764006,388.0,22.0,서행,126.9798562503477797_37.5800221917764006|126.9796182985417516_37.5793264763807215|126.9795665449151443_37.5791397220131316|126.9795478931843604_37.5790381290051698|126.9795326834604623_37.5788730174103378|126.9794969047037227_37.5780275498626395|126.9794687888132074_37.5765544121067592
2026-09-04T03:35:30.187978+09:00,송현녹지광장,송현녹지광장,POI129,KEY_2,1000014303,삼청로,1000022704,국군서울지구병원,126.9798888896173850_37.5801238754593712,1000023003,갤러리스케이프,126.9801383570053588_37.5809954150793715,99.0,14.0,정체,126.9801383570053588_37.5809954150793715|126.9801143803817212_37.5808712068437671|126.9798888896173850_37.5801238754593712
2026-09-04T03:35:30.187978+09:00,송현녹지광장,송현녹지광장,POI129,KEY_2,1000014401,삼청로,1000021000,대한출판문화협회,126.9796046197648423_37.5765527706146756,1000019701,경복궁사거리,126.9795067975766756_37.5759255521593971,70.0,30.0,원활,126.9795067975766756_37.5759255521593971|126.9795516592807161_37.5761085342554608|126.9796031487506696_37.5764756650611034|126.9796046197648423_37.5765527706146756
2026-09-04T03:35:30.187978+09:00,송현녹지광장,송현녹지광장,POI129,KEY_2,1000014402,삼청로,1000022702,국군서울지구병원,126.9799873332334244_37.5799937943622950,1000021000,대한출판문화협회,126.9796046197648423_37.5765527706146756,385.0,24.0,서행,126.9796046197648423_37.5765527706146756|126.9796327193578946_37.5780249082326065|126.9796683669145381_37.5788672429607900|126.9796830227134734_37.5790263448128528|126.9797002616005130_37.5791202376619609|126.9797502489418548_37.5793006189381842|126.9799873332334244_37.5799937943622950
2026-09-04T03:35:30.187978+09:00,송현녹지광장,송현녹지광장,POI129,KEY_2,1000014403,삼청로,1000023002,갤러리스케이프,126.9802726364854522_37.5809789975197504,1000022701,국군서울지구병원,126.9800209872343402_37.5800986304131186,100.0,38.0,원활,126.9800209872343402_37.5800986304131186|126.9802478003755937_37.5808503388031028|126.9802726364854522_37.5809789975197504
2026-09-04T03:35:30.187978+09:00,송현녹지광장,송현녹지광장,POI129,KEY_2,1000014500,창덕궁1길,1000088900,계동 140-16,126.9878476682862356_37.5794101883603631,1000022004,북촌1경,126.9891917052853216_37.5793601104971486,119.0,17.0,서행,126.9891917052853216_37.5793601104971486|126.9885772532278594_37.5793912379346011|126.9881446134938585_37.5794131530335278|126.9878476682862356_37.5794101883603631
2026-09-04T03:35:30.187978+09:00,송현녹지광장,송현녹지광장,POI129,KEY_2,1000014600,창덕궁1길,1000234800,계동 140-86,126.9867245271659613_37.5792908407173911,1000021902,재동초등학교앞교차로,126.9851742297151702_37.5791048269106014,140.0,22.0,서행,126.9851742297151702_37.5791048269106014|126.9852469017435794_37.5790943935501645|126.9854890351706871_37.5791147085421500|126.9857411784709598_37.5791656111606329|126.9863425963181811_37.5792870227705578|126.9867245271659613_37.5792908407173911
2026-09-04T03:35:30.187978+09:00,송현녹지광장,송현녹지광장,POI129,KEY_2,1000014700,북촌로5길,1000088600,재동 25-7,126.9846956415277077_37.5792531158054075,1000004602,아트선재센타,126.9822633488435173_37.5794968175353787,217.0,19.0,서행,126.9822633488435173_37.5794968175353787|126.9823491181884378_37.5794770462139454|126.9831043086073379_37.5794265902338225|126.9836111998907597_37.5794024285617070|126.9843075237738219_37.5793274055110444|126.9845584348345966_37.5792764558543553|126.9846956415277077_37.5792531158054075
2026-09-04T03:35:30.187978+09:00,송현녹지광장,송현녹지광장,POI129,KEY_2,1000014800,북촌로5길,1000004601,아트선재센타,126.9823007060969786_37.5796007692993683,1000021904,재동초등학교앞교차로,126.9849412214244495_37.5793218207986328,236.0,19.0,서행,126.9849412214244495_37.5793218207986328|126.9849408583969392_37.5793219631089599|126.9847240373197081_37.5793588468995097|126.9845894370426578_37.5793817437555475|126.9843335147772478_37.5794337109354046|126.9836243912640441_37.5795101126857958|126.9831140519790864_37.5795344388027459|126.9823739414034378_37.5795838870825634|126.9823007060969786_37.5796007692993683
2026-09-04T03:35:30.187978+09:00,송현녹지광장,송현녹지광장,POI129,KEY_2,1000015700,북촌로5길,1000042100,소격동 129-2,126.9811402027582403_37.5799080374455983,1000004604,아트선재센타,126.9821635225137584_37.5796494081435881,95.0,22.0,서행,126.9821635225137584_37.5796494081435881|126.9819590979485184_37.5797316730103290|126.9817617178907625_37.5797894351325041|126.9816972383664222_37.5798027094324709|126.9814029918968004_37.5798632849907435|126.9811402027582403_37.5799080374455983
2026-09-04T03:35:30.187978+09:00,송현녹지광장,송현녹지광장,POI129,KEY_2,1000015800,북촌로5길,1000110800,소격동 101-1,126.9816632165415768_37.5796980355060555,1000022702,국군서울지구병원,126.9799873332334244_37.5799937943622950,152.0,25.0,원활,126.9799873332334244_37.5799937943622950|126.9811117769615265_37.5798023119298961|126.9813717539606586_37.5797580385712706|126.9816632165415768_37.5796980355060555
2026-09-04T03:35:30.187978+09:00,송현녹지광장,송현녹지광장,POI129,KEY_2,1000018401,북촌로,1000109700,가회동 1-168,126.9850883294862882_37.5801433623240229,1000021901,재동초등학교앞교차로,126.9850860098677572_37.5792604403861148,98.0,12.0,정체,126.9850860098677572_37.5792604403861148|126.9850636853442580_37.5794280545368409|126.9850708428209742_37.5796350854461281|126.9850879859902477_37.5801309490906519|126.9850883294862882_37.5801433623240229
2026-09-04T03:35:30.187978+09:00,송현녹지광장,송현녹지광장,POI129,KEY_2,1000031700,인사동길,1000200000,관훈동 177-1,126.9846248795644641_37.5741354335962896,1000017903,안국동로터리,126.9830393503038977_37.5755166265144283,209.0,19.0,서행,126.9830393503038977_37.5755166265144283|126.9832578502403493_37.5753718765763765|126.9833833057397072_37.5752802649537472|126.9833874257963799_37.5752759258947009|126.9838138538233210_37.5748268274858290|126.9839983126868219_37.5746325599944413|126.9840028137515446_37.5746278195686330|126.9841931260739045_37.5744516475788828|126.9843256891268339_37.5743491032214507|126.9843944674535408_37.5742999847176264|126.9846248795644641_37.5741354335962896
2026-09-04T03:35:30.187978+09:00,송현녹지광장,송현녹지광장,POI129,KEY_2,1000032800,율곡로2길,1000003001,서울지방국세청,126.9793545831470993_37.5744165416395930,1000019203,주한멕시코대사관,126.9811804454430160_37.5757381628755169,219.0,11.0,정체,126.9811804454430160_37.5757381628755169|126.9810303591040253_37.5755969856150003|126.9807533749140589_37.5754004466844975|126.9799767752529789_37.5748493879335896|126.9794405580789487_37.5744488693975143|126.9793869466254961_37.5744244737253723|126.9793545831470993_37.5744165416395930
2026-09-04T03:35:30.187978+09:00,송현녹지광장,송현녹지광장,POI129,KEY_2,1000033900,우정국로,1000017300,안국동사거리,126.9828039229332575_37.5749851341707171,1000018100,안국동사거리,126.9820370732549009_37.5756052331219763,102.0,30.0,원활,126.9820370732549009_37.5756052331219763|126.9822935365986751_37.5755095925525495|126.9827428871539610_37.5751967734075052|126.9827905797247212_37.5750539177611387|126.9828039229332575_37.5749851341707171
2026-09-04T03:35:30.187978+09:00,송현녹지광장,송현녹지광장,POI129,KEY_2,1000034900,율곡로,1000019401,경복궁,126.9801381644492011_37.5758813627365100,1000018200,경복궁,126.9792457576218681_37.5753789068622197,101.0,19.0,서행,126.9792457576218681_37.5753789068622197|126.9793355830232144_37.5754952608411301|126.9794316395642397_37.5755988334256017|126.9795071017629624_37.5756589212616419|126.9796274882100420_37.5757347490756146|126.9797877149027556_37.5758145479697703|126.9801381644492011_37.5758813627365100
2026-09-04T03:35:30.187978+09:00,송현녹지광장,송현녹지광장,POI129,KEY_2,1000035200,사직로,1000020200,경복궁,126.9786283706113750_37.5757946408291801,1000020600,대한출판문화협회,126.9794687888132074_37.5765544121067592,118.0,15.0,서행,126.9794687888132074_37.5765544121067592|126.9794368084534142_37.5764098329770562|126.9791960602808700_37.5761637733622180|126.9789750836954596_37.5759177176703147|126.9788694300669647_37.5758537146814078|126.9786283706113750_37.5757946408291801
2026-09-04T03:35:30.187978+09:00,송현녹지광장,송현녹지광장,POI129,KEY_2,1000035300,삼청로,1000021000,대한출판문화협회,126.9796046197648423_37.5765527706146756,1000020300,경복궁,126.9801205068413168_37.5759892604625989,93.0,16.0,서행,126.9801205068413168_37.5759892604625989|126.9797298312382878_37.5760780464987292|126.9796597331679635_37.5761137931100748|126.9796040049640879_37.5761795786155588|126.9796046197648423_37.5765527706146756
2026-09-04T03:35:30.187978+09:00,송현녹지광장,송현녹지광장,POI129,KEY_2,1000038000,북촌로5가길,1000023401,브라질대사관,126.9812038502894040_37.5815562759534103,1000004601,아트선재센타,126.9823007060969786_37.5796007692993683,250.0,7.0,정체,126.9823007060969786_37.5796007692993683|126.9822972536010894_37.5796292911074730|126.9823917024047972_37.5799273089699213|126.9823779765214056_37.5799764228013515|126.9821552192083942_37.5802224687814075|126.9819546456237020_37.5805311963954978|126.9817179917203873_37.5808954559517758|126.9816141551167590_37.5811617086964844|126.9815165107633987_37.5813307541008967|126.9814068792123862_37.5814306552793056|126.9812038502894040_37.5815562759534103
2026-09-04T03:35:30.187978+09:00,송현녹지광장,송현녹지광장,POI129,KEY_2,1000039200,창덕궁길,1000134400,원서동 2-2,126.9892407733604642_37.5829070876196951,1000022001,북촌1경,126.9893249216224547_37.5793389188440585,401.0,16.0,서행,126.9893249216224547_37.5793389188440585|126.9893432024728526_37.5794117077019152|126.9893374585478654_37.5795962855689609|126.9893189924063250_37.5801896786208189|126.9893532350689895_37.5809623190334960|126.9893738580933729_37.5812665958495344|126.9893978694693288_37.5816208620396139|126.9894570663397531_37.5819414687995632|126.9895023987834435_37.5821303841621628|126.9895105285284274_37.5822120284156327|126.9895040052748669_37.5823078791324363|126.9894734073156428_37.5824257182516135|126.9893881157924085_37.5826046082802492|126.9892904879125695_37.5827681919472880|126.9892407733604642_37.5829070876196951
2026-09-04T03:35:30.187978+09:00,아차산,아차산,POI102,KEY_3,1040013803,워커힐로,1040023301,아차산공원,127.1008930142695732_37.5509054583929469,1040023404,워커힐APT후문,127.1046621654105166_37.5519284766786683,361.0,47.0,원활,127.1046621654105166_37.5519284766786683|127.1045123885116794_37.5519320536423891|127.1039678955502268_37.5519093381437941|127.1033217162343618_37.5518131021411889|127.1033066618318230_37.5518100894500790|127.1027843733849778_37.5517055676046638|127.1020593871072464_37.5515302072632764|127.1016289221158075_37.5513710145273620|127.1012830511546383_37.5511766502113105|127.1008930142695732_37.5509054583929469
2026-09-04T03:35:30.187978+09:00,아차산,아차산,POI102,KEY_3,1040013804,워커힐로,1040023401,워커힐APT후문,127.1049276269984176_37.5519211247376532,1040004502,광장동 5-98,127.1078524178076492_37.5534174306053714,384.0,29.0,원활,127.1078524178076492_37.5534174306053714|127.1076811035192122_37.5530795930431722|127.1072767198500344_37.5527235526060750|127.1071304148010768_37.5524951185490607|127.1070666758819812_37.5521581383454475|127.1069204511945401_37.5519839403942512|127.1067013662202783_37.5517675729472700|127.1066127735316797_37.5517219705812622|127.1063570390410291_37.5516300750843612|127.1061098042711848_37.5515814409139992|127.1058798946651223_37.5515776387596105|127.1057306022039057_37.5516058980850289|127.1050792513768783_37.5518980964882729|127.1049700409938055_37.5519199374068151|127.1049276269984176_37.5519211247376532
2026-09-04T03:35:30.187978+09:00,아차산,아차산,POI102,KEY_3,1040013902,워커힐로,1040037500,광장동 5-116,127.1033397664333791_37.5517052322201295,1040023302,아차산공원,127.1009710046642311_37.5508161397328806,235.0,34.0,원활,127.1009710046642311_37.5508161397328806|127.1013670924174761_37.5510915383037869|127.1016972311609550_37.5512770627219510|127.1021079664083970_37.5514289579738829|127.1028206860444101_37.5516013518060063|127.1033397664333791_37.5517052322201295
2026-09-04T03:35:30.187978+09:00,아차산,아차산,POI102,KEY_3,1040013903,워커힐로,1040004501,광장동 5-98,127.1079420944953142_37.5533362363541343,1040023402,워커힐APT후문,127.1049228550648849_37.5518130720409644,394.0,29.0,원활,127.1049228550648849_37.5518130720409644|127.1049509015872871_37.5518122869850544|127.1050284778533381_37.5517967722012784|127.1056805925240525_37.5515042301097068|127.1058653657010922_37.5514692554390379|127.1061277196661337_37.5514735933910160|127.1064016260464200_37.5515274743309604|127.1066779378455749_37.5516267645540864|127.1067835146799325_37.5516811101132078|127.1070809686040803_37.5519450547321298|127.1071930889892769_37.5520882909308753|127.1072470470903824_37.5523904149471264|127.1073495748650686_37.5526305106411940|127.1075006302712325_37.5527775854154555|127.1077491266862580_37.5530097991801242|127.1079420944953142_37.5533362363541343
2026-09-04T03:35:30.187978+09:00,아차산,아차산,POI102,KEY_3,1040015000,긴고랑로,1040076000,중곡동 438-2,127.0940803110470085_37.5592351580863877,1040004804,관음사,127.0947652352017911_37.5601235011157328,116.0,15.0,서행,127.0947652352017911_37.5601235011157328|127.0945334735480685_37.5598229102943080|127.0940803110470085_37.5592351580863877
2026-09-04T03:35:30.187978+09:00,아차산,아차산,POI102,KEY_3,1040035800,영화사로,1040023304,아차산공원,127.1008060127738588_37.5508156818041030,1040023902,금강유치원,127.0973921911687370_37.5534278259907950,446.0,26.0,원활,127.0973921911687370_37.5534278259907950|127.0976202228682155_37.5533234892310048|127.0977507414220185_37.5532866935278804|127.0979322170566519_37.5532482876912397|127.0983398303619225_37.5531138498259409|127.0993272146760091_37.5527510123888746|127.0994452128869483_37.5526820552185399|127.0995342046890926_37.5526123691506086|127.0995833295077659_37.5525565397521603|127.0996019406459254_37.5525050464495607|127.0996584339095392_37.5521263643794327|127.0996779811088544_37.5520292239200231|127.0997188056076936_37.5519588908967279|127.0997847039527784_37.5518871869768418|127.0998855677940895_37.5518037314638420|127.1001214267548676_37.5516212093827946|127.1002603396649135_37.5514757290182075|127.1006900113672913_37.5509485327873449|127.1008060127738588_37.5508156818041030
2026-09-04T03:35:30.187978+09:00,아차산,아차산,POI102,KEY_3,1040035900,영화사로,1040023901,금강유치원,127.0974780094158234_37.5535132633479805,1040023301,아차산공원,127.1008930142695732_37.5509054583929469,446.0,23.0,서행,127.1008930142695732_37.5509054583929469|127.1008027509701463_37.5510088322909041|127.1003715070149127_37.5515379583983560|127.1002233760503088_37.5516930927998871|127.0999818487328383_37.5518800014346539|127.0998889001829042_37.5519569081877975|127.0998363985145971_37.5520140344068167|127.0998091107366292_37.5520610472150693|127.0997929633906693_37.5521412983215299|127.0997354949309255_37.5525265117099991|127.0997075659435183_37.5526037877441468|127.0996382970092498_37.5526825105262034|127.0995334621833450_37.5527646032513402|127.0993965465031437_37.5528446154590370|127.0983942956821977_37.5532129159948909|127.0979758415217589_37.5533509291907990|127.0977909160551889_37.5533900650563055|127.0976771901570004_37.5534221274872380|127.0974780094158234_37.5535132633479805
2026-09-04T03:35:30.187978+09:00,아차산,아차산,POI102,KEY_3,1040036600,영화사로,1040024201,영화사삼거리,127.0945392348431398_37.5546032858723038,1040023901,금강유치원,127.0974780094158234_37.5535132633479805,379.0,17.0,서행,127.0974780094158234_37.5535132633479805|127.0977822383135560_37.5538544536056946|127.0977886680209963_37.5539275660333800|127.0977520642529015_37.5539780233728280|127.0969567317195583_37.5544790466728244|127.0968770994306567_37.5545292107245459|127.0965242691939068_37.5547022443235079|127.0963272401162385_37.5547666706726488|127.0961289793592641_37.5548125758914679|127.0959124514986911_37.5548481197310480|127.0957455808237313_37.5548603339358635|127.0955488408334588_37.5548515437013606|127.0952229064879049_37.5548132605374718|127.0947469052585745_37.5546546057004775|127.0947279301697534_37.5546498039577088|127.0945472578703885_37.5546040837293731|127.0945392348431398_37.5546032858723038
2026-09-04T03:35:30.187978+09:00,아차산,아차산,POI102,KEY_3,1040038900,긴고랑로,1040032800,중곡동 143-127,127.0958120816944188_37.5610219921190591,1040004802,관음사,127.0950177358912470_37.5601697751550248,123.0,16.0,서행,127.0950177358912470_37.5601697751550248|127.0955765335709913_37.5605344921423665|127.0956459965098020_37.5605940917725789|127.0957037292286032_37.5606835950337938|127.0957857387401617_37.5609121987379737|127.0958120816944188_37.5610219921190591
2026-09-04T03:35:30.187978+09:00,아차산,아차산,POI102,KEY_3,1040047701,워커힐로,1040031002,광장동 383-17,127.0990645876057386_37.5494355369845252,1040023304,아차산공원,127.1008060127738588_37.5508156818041030,259.0,31.0,원활,127.1008060127738588_37.5508156818041030|127.1007925997512018_37.5507935691135231|127.1007710308057597_37.5507250504072232|127.1007604189920812_37.5505920649480416|127.1007643063759076_37.5503937798927510|127.1007650635919077_37.5502518197930542|127.1007541636568021_37.5501729142761178|127.1006899832523089_37.5500014397067403|127.1006423739781184_37.5499066367278402|127.1005891182432919_37.5498095617160885|127.1005187118289257_37.5497439749477522|127.1004397073080270_37.5496986399784447|127.1003068333099293_37.5496711499487006|127.0998769118242109_37.5496201196427037|127.0994979086849526_37.5495737670072103|127.0992971711559250_37.5495347777035136|127.0991778144667279_37.5494938123189002|127.0990645876057386_37.5494355369845252
2026-09-04T03:35:30.187978+09:00,아차산,아차산,POI102,KEY_3,1040047801,워커힐로,1040023303,아차산공원,127.1008908597615203_37.5507185101470071,1040031003,광장동 383-17,127.0991143822563743_37.5493704376081254,256.0,26.0,원활,127.0991143822563743_37.5493704376081254|127.0992192405733618_37.5494212813986437|127.0993654541225908_37.5494679716120316|127.0994771101612315_37.5494937011082897|127.0996319481334496_37.5495156333044022|127.0998766138181537_37.5495435035139451|127.1003129181202098_37.5495917389092568|127.1004436663644981_37.5496197848547766|127.1005227250856393_37.5496549799425523|127.1005960988636190_37.5496946622863774|127.1006383112054863_37.5497398726420357|127.1006769562851701_37.5497907046482595|127.1007483860163774_37.5499295289827515|127.1008077138042012_37.5500823966485697|127.1008466336960794_37.5502143515265274|127.1008595392178506_37.5503152333671437|127.1008666840009056_37.5505676364613024|127.1008712614258087_37.5506380707744967|127.1008871446091320_37.5507113587990773|127.1008908597615203_37.5507185101470071
2026-09-04T03:35:30.187978+09:00,아차산,아차산,POI102,KEY_3,2210000104,아차산로,2210000113,아천동 304-1,127.1148808859241797_37.5629285934982349,2210000105,아천동268,127.1164076630803379_37.5662038218868801,393.0,62.0,원활,127.1164076630803379_37.5662038218868801|127.1162906430716362_37.5660260764270149|127.1160703938195979_37.5657270770442864|127.1160687682345127_37.5657247639847682|127.1157006430136818_37.5651641699431380|127.1154016113760861_37.5647442949758172|127.1154002681514754_37.5647422942762006|127.1153120188190115_37.5646053579684249|127.1153107366244370_37.5646032950394329|127.1153096116640313_37.5646011697881619|127.1152458934182050_37.5644772955287323|127.1151526736599493_37.5643058891441441|127.1151514554129562_37.5643034504356805|127.1151503616254388_37.5643009818729539|127.1151494250715785_37.5642984509881472|127.1150902682137627_37.5641234514869637|127.1150893295690025_37.5641202944115378|127.1150105180551577_37.5638156075563430|127.1150099562526350_37.5638131384738685|127.1149852678241530_37.5636884827079669|127.1149848622680310_37.5636860450080050|127.1149352684571596_37.5633314504835170|127.1149352681221814_37.5633312324428132|127.1148808859241797_37.5629285934982349
2026-09-04T03:35:30.187978+09:00,아차산,아차산,POI102,KEY_3,2210000204,아차산로,2210000104,아천동268,127.1165280035745013_37.5661536019367190,2210000110,아천동 314-17,127.1150159324927245_37.5629170357202895,389.0,59.0,원활,127.1150159324927245_37.5629170357202895|127.1150702994088419_37.5633195762730736|127.1151196745152419_37.5636728582033186|127.1151438930360342_37.5637950447698401|127.1152219865336264_37.5640969193284207|127.1152792995577556_37.5642665758573315|127.1153707988243440_37.5644348573687950|127.1153709871964566_37.5644351698302401|127.1153711439249321_37.5644355138574753|127.1153713300333123_37.5644358263211657|127.1154342060962676_37.5645580759406883|127.1155204553782596_37.5646919516305360|127.1158193615435579_37.5651116390162443|127.1158195805287789_37.5651119829817759|127.1158197994637788_37.5651122945115006|127.1158200184015641_37.5651126078432256|127.1158202373853783_37.5651129509077535|127.1158204551899047_37.5651132633396116|127.1161883937617461_37.5656735139164084|127.1164086432788878_37.5659724824473784|127.1164088622202542_37.5659727948769699|127.1164090812093121_37.5659731379403681|127.1164093307131395_37.5659734512408079|127.1164095496545343_37.5659737636703639|127.1164097674640061_37.5659740761010710|127.1164099875863513_37.5659744200643217|127.1164102053958516_37.5659747324950217|127.1165280035745013_37.5661536019367190
2026-09-04T03:35:30.187978+09:00,아차산,아차산,POI102,KEY_3,2210000700,아차산로,2210000105,아천동268,127.1164076630803379_37.5662038218868801,2210000204,아치울삼거리,127.1192506804836597_37.5692536117197804,424.0,60.5,원활,127.1192506804836597_37.5692536117197804|127.1190496732744322_37.5690724000063696|127.1185543295898981_37.5686479621573852|127.1185524864427663_37.5686463061772571|127.1179837045937973_37.5681171502757962|127.1177293291578536_37.5678918688914081|127.1175577044471225_37.5677438694395605|127.1175555178311214_37.5677418687043598|127.1175534544965302_37.5677398056777250|127.1175515177923359_37.5677376506234353|127.1173843613294565_37.5675426811850528|127.1173838918332990_37.5675421185298077|127.1171630797363861_37.5672774929988407|127.1171618298735666_37.5672758994774370|127.1171606105723839_37.5672743059256860|127.1170134860041969_37.5670682121973556|127.1168223300640108_37.5668150569144785|127.1168212989169035_37.5668136190451420|127.1166347983959639_37.5665486810274487|127.1166339236057468_37.5665473376064512|127.1164076630803379_37.5662038218868801
2026-09-04T03:35:30.187978+09:00,아차산,아차산,POI102,KEY_3,2210000800,아차산로,2210000203,아치울삼거리,127.1193525150356294_37.5691820436574844,2210000104,아천동268,127.1165280035745013_37.5661536019367190,421.0,52.3,원활,127.1165280035745013_37.5661536019367190|127.1167537679690867_37.5664964624706528|127.1169392989007889_37.5667600560767667|127.1171303292096297_37.5670130554248658|127.1171304858049069_37.5670133057462365|127.1171306729136461_37.5670135254034747|127.1171308294595264_37.5670137441900422|127.1171309860533825_37.5670139936103880|127.1171311731607290_37.5670142123666295|127.1172775492191533_37.5672192435190766|127.1174967977411114_37.5674820251561457|127.1176608914456239_37.5676734313503857|127.1178294547480192_37.5678188064072742|127.1178296734552191_37.5678189629621500|127.1178298616474507_37.5678191492803393|127.1178300792723945_37.5678193373711480|127.1180852980999418_37.5680453691276313|127.1180855168566950_37.5680455563158375|127.1180857356632288_37.5680457750388399|127.1180859544199819_37.5680459622270249|127.1180861731781704_37.5680461503162206|127.1180863919846900_37.5680463690392017|127.1186547988044993_37.5685751806489279|127.1191497674074640_37.5689993067157886|127.1191499850879580_37.5689995254378886|127.1191502355443816_37.5689997125921025|127.1191504543065918_37.5689998997782837|127.1191507048132365_37.5690001184672511|127.1191509236256820_37.5690003371882142|127.1193525150356294_37.5691820436574844
2026-09-04T03:35:30.187978+09:00,아차산,아차산,POI102,KEY_3,2210000901,아차산로,2219108700,최소노드배치점,127.1206998377133743_37.5714703267250627,2210019703,아치울마을입구교차로,127.1219933923624126_37.5735438381385620,257.0,56.7,원활,127.1219933923624126_37.5735438381385620|127.1216237678160894_37.5728874513230764|127.1206998377133743_37.5714703267250627
2026-09-04T03:35:30.187978+09:00,아차산,아차산,POI102,KEY_3,2210001001,아차산로,2219108800,최소노드배치점,127.1208204065706013_37.5714205263891898,2210000202,아치울삼거리,127.1194802690020680_37.5693649396868778,257.0,41.0,원활,127.1194802690020680_37.5693649396868778|127.1208204065706013_37.5714205263891898
2026-09-04T03:35:30.187978+09:00,아차산,아차산,POI102,KEY_3,2210046000,토평강변로,2210000202,아치울삼거리,127.1194802690020680_37.5693649396868778,2210006002,속성변화점,127.1239011064881907_37.5712366063836569,442.0,29.0,원활,127.1239011064881907_37.5712366063836569|127.1232388189529132_37.5709623304387108|127.1219628442181886_37.5704268509566077|127.1204129899585666_37.5697587927906440|127.1194802690020680_37.5693649396868778
2026-09-04T03:35:30.187978+09:00,안양천,안양천,POI125,KEY_4,1140012601,안양천로,1140019200,신정동쌍용아파트,126.8774277767779068_37.5184368802104729,1140003001,신정교교차로,126.8773157767078033_37.5174241538264965,113.0,64.0,원활,126.8773157767078033_37.5174241538264965|126.8774277767779068_37.5184368802104729
2026-09-04T03:35:30.187978+09:00,안양천,안양천,POI125,KEY_4,1140005300,안양천로,1140017504,목일중학교앞교차로,126.8754414118770768_37.5133268628390297,1140003003,신정교교차로,126.8771684095813441_37.5173232334173079,487.0,49.0,원활,126.8771684095813441_37.5173232334173079|126.8770492715621714_37.5162325975909283|126.8769254186979083_37.5152220259739053|126.8769038228937802_37.5150934663437070|126.8768603632752132_37.5149507201433607|126.8767902331647548_37.5147577494091067|126.8767160804796674_37.5146112680035841|126.8766340664943471_37.5144698086394968|126.8764959530556098_37.5143077666143867|126.8754414118770768_37.5133268628390297
2026-09-04T03:35:30.187978+09:00,안양천,안양천,POI125,KEY_4,1140005401,안양천로,1140018000,신정동쌍용아파트,126.8771844966631619_37.5162232254841683,1140017501,목일중학교앞교차로,126.8755445066785086_37.5132565360681909,373.0,53.5,원활,126.8755445066785086_37.5132565360681909|126.8766039862775870_37.5142420314940210|126.8767526226287430_37.5144164200124095|126.8768407128762163_37.5145683588944010|126.8769186968702201_37.5147224090392797|126.8769915725535640_37.5149229329656393|126.8770374141606680_37.5150735005047409|126.8770602759908002_37.5152096001231357|126.8771844966631619_37.5162232254841683
2026-09-04T03:35:30.187978+09:00,안양천,안양천,POI125,KEY_4,1140005402,안양천로,1140003002,신정교교차로,126.8773036367130658_37.5173138610034584,1140018000,신정동쌍용아파트,126.8771844966631619_37.5162232254841683,122.0,61.5,원활,126.8771844966631619_37.5162232254841683|126.8773036367130658_37.5173138610034584
2026-09-04T03:35:30.187978+09:00,안양천,안양천,POI125,KEY_4,1140009501,도림천로,1140003003,신정교교차로,126.8771684095813441_37.5173232334173079,1140019102,신정동현대아파트,126.8761126202360856_37.5175917621060364,98.0,32.0,원활,126.8761126202360856_37.5175917621060364|126.8771684095813441_37.5173232334173079
2026-09-04T03:35:30.187978+09:00,안양천,안양천,POI125,KEY_4,1140009601,도림천로,1140019101,신정동현대아파트,126.8761539085131744_37.5176947593198875,1140003004,신정교교차로,126.8771805616940185_37.5174336412253382,95.0,28.0,원활,126.8771805616940185_37.5174336412253382|126.8761539085131744_37.5176947593198875
2026-09-04T03:35:30.187978+09:00,안양천,안양천,POI125,KEY_4,1140012500,안양천로,1140310800,최소노드배치점,126.8775163465214035_37.5198303050041133,1140004904,신정동 137-2,126.8782632688182161_37.5221322207168839,268.0,45.0,원활,126.8782632688182161_37.5221322207168839|126.8782981016445603_37.5218734009839139|126.8782983970848619_37.5216915105551223|126.8782899061957039_37.5215347769621914|126.8782687357557535_37.5214259401943480|126.8782126253799163_37.5212531304698587|126.8776046350151319_37.5200558238897699|126.8775163465214035_37.5198303050041133
2026-09-04T03:35:30.187978+09:00,안양천,안양천,POI125,KEY_4,1140012602,안양천로,1140004903,신정동 137-2,126.8783982430570489_37.5221437443696928,1140019200,신정동쌍용아파트,126.8774277767779068_37.5184368802104729,426.0,54.5,원활,126.8774277767779068_37.5184368802104729|126.8774952028564798_37.5191418307164994|126.8775390353828385_37.5194455320804607|126.8776179855951369_37.5197267258202132|126.8776459355257060_37.5197981187704457|126.8777325662202884_37.5200194000170413|126.8783418122356039_37.5212191777890709|126.8784018478279023_37.5214040739357841|126.8784252027244150_37.5215241376156143|126.8784341474975008_37.5216892491856768|126.8784338392301549_37.5218792486221702|126.8783982430570489_37.5221437443696928
2026-09-04T03:35:30.187978+09:00,안양천,안양천,POI125,KEY_4,1140016600,안양천로,1140005803,오목교앞,126.8780911957869648_37.5240790938181874,1140004902,신정동 137-2,126.8783813240257246_37.5222566391420145,204.0,63.3,원활,126.8783813240257246_37.5222566391420145|126.8780911957869648_37.5240790938181874
2026-09-04T03:35:30.187978+09:00,안양천,안양천,POI125,KEY_4,1140053000,도림천로,1160119602,구로구-영등포구,126.8797245973547803_37.5166854276940924,1140018400,신정교,126.8786197862322069_37.5169667906104252,103.0,44.0,원활,126.8786197862322069_37.5169667906104252|126.8797245973547803_37.5166854276940924
2026-09-04T03:35:30.187978+09:00,안양천,안양천,POI125,KEY_4,1140053100,도림천로,1140018700,신정교,126.8786611225654184_37.5170697753778697,1160119601,구로구-영등포구,126.8797659831452904_37.5167884002737182,103.0,53.0,원활,126.8797659831452904_37.5167884002737182|126.8786611225654184_37.5170697753778697
2026-09-04T03:35:30.187978+09:00,안양천,안양천,POI125,KEY_4,1140053200,도림천로,1140018400,신정교,126.8786197862322069_37.5169667906104252,1140018000,신정동쌍용아파트,126.8771844966631619_37.5162232254841683,179.0,48.0,원활,126.8771844966631619_37.5162232254841683|126.8772780212092641_37.5165177245500558|126.8773854992852677_37.5166787499102909|126.8774885478867418_37.5168040115666628|126.8775782041790308_37.5168827738027630|126.8776858526776863_37.5169400990188606|126.8778159595431276_37.5169902961100377|126.8779460957034217_37.5170226135845652|126.8780304104791270_37.5170269011575996|126.8786197862322069_37.5169667906104252
2026-09-04T03:35:30.187978+09:00,안양천,안양천,POI125,KEY_4,1140053700,안양천로,1140019200,신정동쌍용아파트,126.8774277767779068_37.5184368802104729,1140018700,신정교,126.8786611225654184_37.5170697753778697,208.0,49.3,원활,126.8786611225654184_37.5170697753778697|126.8781736489334548_37.5172408290595598|126.8779815323018596_37.5173158708015322|126.8778781977704000_37.5173658255310087|126.8777613594226779_37.5174372226786232|126.8776849305162102_37.5175050845818490|126.8776219701787227_37.5175729603903463|126.8775544839652980_37.5176622870544563|126.8775094337992755_37.5177587891090099|126.8774688135033557_37.5178910538406782|126.8774371547105915_37.5180340551944767|126.8774277767779068_37.5184368802104729
2026-09-04T03:35:30.187978+09:00,안양천,안양천,POI125,KEY_4,1140053800,신목로,1140018400,신정교,126.8786197862322069_37.5169667906104252,1140019302,신정교(서측),126.8745764250714956_37.5179766998355859,376.0,59.7,원활,126.8745764250714956_37.5179766998355859|126.8746964468175662_37.5178856611709719|126.8747349174787757_37.5178761562431475|126.8760098097402533_37.5175611607569408|126.8772001068155646_37.5172584212099949|126.8786197862322069_37.5169667906104252
2026-09-04T03:35:30.187978+09:00,안양천,안양천,POI125,KEY_4,1140053900,신목로,1140019301,신정교(서측),126.8746215712428409_37.5180786650471632,1140018700,신정교,126.8786611225654184_37.5170697753778697,375.0,54.0,원활,126.8786611225654184_37.5170697753778697|126.8772813433645723_37.5174647569257260|126.8760913149289991_37.5177674281831415|126.8748252720141352_37.5180802368483270|126.8747818393032674_37.5180909677359509|126.8746215712428409_37.5180786650471632
2026-09-04T03:35:30.187978+09:00,안양천,안양천,POI125,KEY_4,1140059100,오목로,1180072102,양천구-영등포구,126.8798127598729764_37.5238124759839593,1140005803,오목교앞,126.8780911957869648_37.5240790938181874,155.0,57.0,원활,126.8780911957869648_37.5240790938181874|126.8798127598729764_37.5238124759839593
2026-09-04T03:35:30.187978+09:00,안양천,안양천,POI125,KEY_4,1140059200,오목로,1140005802,오목교앞,126.8780735218519879_37.5241919764275096,1180072101,양천구-영등포구,126.8798383046578664_37.5239186642518590,159.0,58.0,원활,126.8798383046578664_37.5239186642518590|126.8780735218519879_37.5241919764275096
2026-09-04T03:35:30.187978+09:00,안양천,안양천,POI125,KEY_4,1160003102,서부간선도로,1160044802,지하차도(북측),126.8756726558463157_37.5087758296454012,1160047302,지하차도(남측),126.8808635001100669_37.5145797730726116,791.0,77.7,원활,126.8808635001100669_37.5145797730726116|126.8807057923003470_37.5144308276624585|126.8800689815355156_37.5137965539118028|126.8794977541810880_37.5131814475717249|126.8784949853081230_37.5120165668361594|126.8767394160038577_37.5100185314225953|126.8758964120837334_37.5090544609198560|126.8756726558463157_37.5087758296454012
2026-09-04T03:35:30.187978+09:00,안양천,안양천,POI125,KEY_4,1160003103,서부간선도로,1160047302,지하차도(남측),126.8808635001100669_37.5145797730726116,1160047704,속성변화점,126.8818954820598606_37.5156387959905970,149.0,84.0,원활,126.8818954820598606_37.5156387959905970|126.8818341862618837_37.5155414502111171|126.8816133512363251_37.5152879534536297|126.8810041996648863_37.5147126561865605|126.8808635001100669_37.5145797730726116
2026-09-04T03:35:30.187978+09:00,안양천,안양천,POI125,KEY_4,1160003202,서부간선도로,1160047301,지하차도(남측),126.8809672943436766_37.5145100402310518,1160044801,지하차도(북측),126.8757874324690533_37.5087179220132967,790.0,75.3,원활,126.8757874324690533_37.5087179220132967|126.8760093466115677_37.5089943834283019|126.8768507380769819_37.5099566098020603|126.8786065968032091_37.5119549700440018|126.8796083595338473_37.5131186811187334|126.8801766210233808_37.5137305907656398|126.8808107274078907_37.5143621726202170|126.8809672943436766_37.5145100402310518
2026-09-04T03:35:30.187978+09:00,안양천,안양천,POI125,KEY_4,1160003203,서부간선도로,1160047701,속성변화점,126.8820147707367596_37.5155869944456768,1160047301,지하차도(남측),126.8809672943436766_37.5145100402310518,152.0,11.0,정체,126.8809672943436766_37.5145100402310518|126.8811073391141235_37.5146423024857896|126.8817212650556030_37.5152221099264906|126.8819512390905970_37.5154860951882370|126.8820147707367596_37.5155869944456768
2026-09-04T03:35:30.187978+09:00,안양천,안양천,POI125,KEY_4,1160086400,서부간선도로,1160047702,속성변화점,126.8820744160497327_37.5155610940041981,1160047301,지하차도(남측),126.8809672943436766_37.5145100402310518,154.0,68.0,원활,126.8809672943436766_37.5145100402310518|126.8811828896822504_37.5146297746207438|126.8817752230281428_37.5151891863246689|126.8820097654408698_37.5154584171825221|126.8820744160497327_37.5155610940041981
2026-09-04T03:35:30.187978+09:00,안양천,안양천,POI125,KEY_4,1160086500,서부간선도로,1160047302,지하차도(남측),126.8808635001100669_37.5145797730726116,1160047703,속성변화점,126.8818358373772242_37.5156646964920810,149.0,71.0,원활,126.8818358373772242_37.5156646964920810|126.8817756609145988_37.5155691272293694|126.8815593931245047_37.5153208751787091|126.8809662175801094_37.5147606652219707|126.8808635001100669_37.5145797730726116
2026-09-04T03:35:30.187978+09:00,안양천,안양천,POI125,KEY_4,1180001302,서부간선도로,1180000404,신정교교차로,126.8821548721505508_37.5161762663576610,1180029502,지하차도(북측),126.8821347742308632_37.5181953925741851,226.0,25.0,원활,126.8821347742308632_37.5181953925741851|126.8821764225875199_37.5179333317516850|126.8822522626400513_37.5174561091917340|126.8823032686718761_37.5170219351509999|126.8822933899772067_37.5168032212340421|126.8822600485964784_37.5165639563687208|126.8821803916431321_37.5162355054491172|126.8821548721505508_37.5161762663576610
2026-09-04T03:35:30.187978+09:00,안양천,안양천,POI125,KEY_4,1180001303,서부간선도로,1180029502,지하차도(북측),126.8821347742308632_37.5181953925741851,1180039802,지하차도(남측),126.8816377409904419_37.5220471208314379,430.0,72.5,원활,126.8816377409904419_37.5220471208314379|126.8816588750321870_37.5218659446900631|126.8818010380468877_37.5205983469667856|126.8818795627989147_37.5198012328953183|126.8821347742308632_37.5181953925741851
2026-09-04T03:35:30.187978+09:00,안양천,안양천,POI125,KEY_4,1180001304,서부간선도로,1180039802,지하차도(남측),126.8816377409904419_37.5220471208314379,1180043603,오목교(동측),126.8814322117859632_37.5235690185835296,171.0,46.0,원활,126.8814322117859632_37.5235690185835296|126.8814491142259584_37.5230798735196203|126.8815449824190154_37.5222579698871712|126.8816377409904419_37.5220471208314379
2026-09-04T03:35:30.187978+09:00,안양천,안양천,POI125,KEY_4,1180001401,서부간선도로,1180029501,지하차도(북측),126.8822694875200909_37.5182089755097508,1180000401,신정교교차로,126.8822840164086045_37.5161428086982127,231.0,42.0,원활,126.8822840164086045_37.5161428086982127|126.8823119113908717_37.5162075577046394|126.8823944066752887_37.5165477063838750|126.8824289072809677_37.5167953003374279|126.8824392848786431_37.5170250403142660|126.8823872535443513_37.5174679441118002|126.8823218289801673_37.5178796219673174|126.8822694875200909_37.5182089755097508
2026-09-04T03:35:30.187978+09:00,안양천,안양천,POI125,KEY_4,1180001402,서부간선도로,1180039801,지하차도(남측),126.8817729565984678_37.5220571259198366,1180029501,지하차도(북측),126.8822694875200909_37.5182089755097508,429.0,71.3,원활,126.8822694875200909_37.5182089755097508|126.8820146869627621_37.5198122610743354|126.8819363590698259_37.5206073896224908|126.8817941111366849_37.5218757586812330|126.8817729565984678_37.5220571259198366
2026-09-04T03:35:30.187978+09:00,안양천,안양천,POI125,KEY_4,1180001403,서부간선도로,1180043602,오목교(동측),126.8817053471465925_37.5235261002078246,1180039801,지하차도(남측),126.8817729565984678_37.5220571259198366,164.0,36.5,원활,126.8817729565984678_37.5220571259198366|126.8818156332547176_37.5222756645993343|126.8817203162169847_37.5230928666769614|126.8817053471465925_37.5235261002078246
2026-09-04T03:35:30.187978+09:00,안양천,안양천,POI125,KEY_4,1180017001,도림천로,1180000403,신정교교차로,126.8821108094355594_37.5160739870999933,1160119602,구로구-영등포구,126.8797245973547803_37.5166854276940924,222.0,22.0,서행,126.8797245973547803_37.5166854276940924|126.8815754833351122_37.5162128295313266|126.8821108094355594_37.5160739870999933
2026-09-04T03:35:30.187978+09:00,안양천,안양천,POI125,KEY_4,1180017101,도림천로,1160119601,구로구-영등포구,126.8797659831452904_37.5167884002737182,1180000404,신정교교차로,126.8821548721505508_37.5161762663576610,222.0,32.0,원활,126.8821548721505508_37.5161762663576610|126.8816175090696134_37.5163156373744968|126.8797659831452904_37.5167884002737182
2026-09-04T03:35:30.187978+09:00,안양천,안양천,POI125,KEY_4,1180027800,오목로,1180043603,오목교(동측),126.8814322117859632_37.5235690185835296,1180072102,양천구-영등포구,126.8798127598729764_37.5238124759839593,146.0,50.5,원활,126.8798127598729764_37.5238124759839593|126.8814322117859632_37.5235690185835296
2026-09-04T03:35:30.187978+09:00,안양천,안양천,POI125,KEY_4,1180027901,오목로,1180072101,양천구-영등포구,126.8798383046578664_37.5239186642518590,1180043800,오목교(서측),126.8804633953107981_37.5238246952276810,56.0,49.0,원활,126.8804633953107981_37.5238246952276810|126.8798383046578664_37.5239186642518590
2026-09-04T03:35:30.187978+09:00,안양천,안양천,POI125,KEY_4,1180027902,오목로,1180043800,오목교(서측),126.8804633953107981_37.5238246952276810,1180043604,오목교(동측),126.8814283900210569_37.5236796179324799,87.0,60.0,원활,126.8814283900210569_37.5236796179324799|126.8804633953107981_37.5238246952276810
2026-09-04T03:35:30.187978+09:00,안양천,안양천,POI125,KEY_4,1180069200,서부간선도로,1180029501,지하차도(북측),126.8822694875200909_37.5182089755097508,1160047702,속성변화점,126.8820744160497327_37.5155610940041981,302.0,71.7,원활,126.8820744160497327_37.5155610940041981|126.8821718541549046_37.5157158406422866|126.8823776706625353_37.5161935837768254|126.8824615845632593_37.5165395804319672|126.8824966659229574_37.5167913393802976|126.8825072929849966_37.5170265937381728|126.8824547495795940_37.5174738606135492|126.8823703586272131_37.5180048867798703|126.8822694875200909_37.5182089755097508
2026-09-04T03:35:30.187978+09:00,안양천,안양천,POI125,KEY_4,1180069300,서부간선도로,1160047703,속성변화점,126.8818358373772242_37.5156646964920810,1180029502,지하차도(북측),126.8821347742308632_37.5181953925741851,287.0,72.5,원활,126.8821347742308632_37.5181953925741851|126.8821034416390603_37.5179619274509548|126.8821847666370672_37.5174501925743016|126.8822352605743049_37.5170203816096404|126.8822256313140144_37.5168071820745084|126.8821928695353733_37.5165720813037566|126.8821146323010538_37.5162494774648607|126.8819209169217288_37.5157998167306985|126.8818358373772242_37.5156646964920810
2026-09-04T03:35:30.187978+09:00,안양천,안양천,POI125,KEY_4,1180089100,서부간선도로,1180045301,양평동 488,126.8819829949260480_37.5250903944249004,1180039801,지하차도(남측),126.8817729565984678_37.5220571259198366,342.0,71.0,원활,126.8817729565984678_37.5220571259198366|126.8816525281542766_37.5230896182332216|126.8816213021879520_37.5239933226042837|126.8816890923990712_37.5243066319619558|126.8817580718192630_37.5245520474594514|126.8818563203447809_37.5248208551664248|126.8819829949260480_37.5250903944249004
2026-09-04T03:35:30.187978+09:00,안양천,안양천,POI125,KEY_4,1180089200,서부간선도로,1180039802,지하차도(남측),126.8816377409904419_37.5220471208314379,1180045302,양평동 488,126.8818626446242632_37.5251361728659560,348.0,76.0,원활,126.8818626446242632_37.5251361728659560|126.8817273514576556_37.5248549758679957|126.8816264833464089_37.5245790024652521|126.8815558360683724_37.5243276422111620|126.8814851826298593_37.5240010941867013|126.8815169022707323_37.5230831220800951|126.8816377409904419_37.5220471208314379
2026-09-04T03:35:30.187978+09:00,안양천,안양천,POI125,KEY_4,1180089900,서부간선도로,1180043800,오목교(서측),126.8804633953107981_37.5238246952276810,1180045302,양평동 488,126.8818626446242632_37.5251361728659560,208.0,40.0,원활,126.8818626446242632_37.5251361728659560|126.8816385318922642_37.5248793923368780|126.8815300030075406_37.5245992080018098|126.8814312596801130_37.5243394635966752|126.8813948548748982_37.5242627716034676|126.8813460143441176_37.5241745577067860|126.8812984599446878_37.5241121903218371|126.8812214161666958_37.5240425681289551|126.8811262132405346_37.5239774434312139|126.8810094381192073_37.5239204257641390|126.8808620127177420_37.5238742152199620|126.8807474520110077_37.5238533270029251|126.8805895923610478_37.5238375414289891|126.8804633953107981_37.5238246952276810
2026-09-04T03:35:30.187978+09:00,양화한강공원,양화한강공원,POI103,KEY_1,1180003700,선유로,1180061900,양화대교남측(북측),126.9003162310957862_37.5391581962178265,1180065002,마포구-영등포구,126.9034340062914481_37.5428697829536162,497.0,71.0,원활,126.9034340062914481_37.5428697829536162|126.9031865441036899_37.5426673699542377|126.9028418671644545_37.5423392663843316|126.9024924710115556_37.5419306337797138|126.9003162310957862_37.5391581962178265
2026-09-04T03:35:30.187978+09:00,양화한강공원,양화한강공원,POI103,KEY_1,1180003800,선유로,1180065001,마포구-영등포구,126.9035313025047884_37.5427943648450224,1180061700,양화대교남측(북측),126.9004310790266459_37.5391005237055850,494.0,71.0,원활,126.9004310790266459_37.5391005237055850|126.9026062043023870_37.5418715328792629|126.9029503279271580_37.5422739970822121|126.9032874115673764_37.5425948735123498|126.9035313025047884_37.5427943648450224
2026-09-04T03:35:30.187978+09:00,양화한강공원,양화한강공원,POI103,KEY_1,1180004201,올림픽대로,1180066401,성산대교분기점,126.8888411626850399_37.5477825572430532,1180064302,한강자전거대여소양화,126.8925371457164317_37.5437742927481963,562.0,74.3,원활,126.8925371457164317_37.5437742927481963|126.8920840338608400_37.5440075512365325|126.8918458095331800_37.5441503668725076|126.8916839670621073_37.5442682214603991|126.8915086205845597_37.5444075189047268|126.8912747864056456_37.5446182790339265|126.8910723726072547_37.5448397949720913|126.8908082604970247_37.5451847993744181|126.8904271842300204_37.5458700829895804|126.8902166002092571_37.5462759413564910|126.8900581956828546_37.5465467648014553|126.8898977213294899_37.5467868872686736|126.8896168017271009_37.5471118530247878|126.8893965836439008_37.5473450677299567|126.8891910883715042_37.5475280831896328|126.8889220242193687_37.5477175184840135|126.8888411626850399_37.5477825572430532
2026-09-04T03:35:30.187978+09:00,양화한강공원,양화한강공원,POI103,KEY_1,1180004202,올림픽대로,1180275300,최소노드배치점,126.8973404856717053_37.5409999643048806,1180061502,당산지하차도(북측),126.9013196980885141_37.5387211185546263,433.0,79.5,원활,126.9013196980885141_37.5387211185546263|126.9011851683369798_37.5388053759942224|126.9010147859780204_37.5389041639828065|126.9004464163211310_37.5392052021772926|126.8992840080575490_37.5398659278211255|126.8987716979411147_37.5401444059229448|126.8984481243431901_37.5403264967326322|126.8981425252922151_37.5404978739526811|126.8973404856717053_37.5409999643048806
2026-09-04T03:35:30.187978+09:00,양화한강공원,양화한강공원,POI103,KEY_1,1180106800,양화한강공원.내부도로,1180060401,당산지하차도(북측),126.9052179013469726_37.5363533026194389,1180059701,당산지하차도(남측),126.9041930519550760_37.5351897850495106,158.0,36.0,원활,126.9041930519550760_37.5351897850495106|126.9047283439570037_37.5357132613154292|126.9052179013469726_37.5363533026194389
2026-09-04T03:35:30.187978+09:00,양화한강공원,양화한강공원,POI103,KEY_1,1180106900,양화한강공원.내부도로,1180059702,당산지하차도(남측),126.9040909209916776_37.5352609227878347,1180060402,당산지하차도(북측),126.9050972926407468_37.5364022801269641,155.0,36.0,원활,126.9050972926407468_37.5364022801269641|126.9046172037866143_37.5357758001345374|126.9040909209916776_37.5352609227878347
2026-09-04T03:35:30.187978+09:00,양화한강공원,양화한강공원,POI103,KEY_1,1180107400,올림픽대로,1180061501,당산지하차도(북측),126.9015556784025023_37.5385874968487485,1180001500,여의하류IC,126.9073822654269605_37.5347960718864755,667.0,81.8,원활,126.9073822654269605_37.5347960718864755|126.9072345317692054_37.5349134869402548|126.9069884611113679_37.5350909463555098|126.9066843956993864_37.5352965328221515|126.9063396243953719_37.5355128432645273|126.9060177401819942_37.5357001839244901|126.9056790545791955_37.5358867804719907|126.9054259255949972_37.5360232687841986|126.9050418875323629_37.5362207157517815|126.9046007978930533_37.5364411017063091|126.9042278359899285_37.5366410471238581|126.9039222571481389_37.5368195915804179|126.9036885517153763_37.5369767392636717|126.9034053986285784_37.5371731792037053|126.9032818580892439_37.5372705365657353|126.9028659897484346_37.5375982637741359|126.9021557476865922_37.5381662372690172|126.9016882954194330_37.5384984036018210|126.9015556784025023_37.5385874968487485
2026-09-04T03:35:30.187978+09:00,양화한강공원,양화한강공원,POI103,KEY_1,1180116501,올림픽대로,1180068901,속성변화점,126.8911950618084461_37.5453818553184533,1180064301,한강자전거대여소양화,126.8929620179760462_37.5435397753914373,258.0,22.0,정체,126.8929620179760462_37.5435397753914373|126.8924624352412280_37.5440132348647282|126.8921333363990129_37.5443174516262701|126.8918236172157776_37.5446297185144644|126.8914783258249201_37.5450221939402695|126.8912862280317455_37.5452796272142280|126.8911950618084461_37.5453818553184533
2026-09-04T03:35:30.187978+09:00,양화한강공원,양화한강공원,POI103,KEY_1,1180116502,올림픽대로,1180068801,양화지구요트장,126.8906329199262615_37.5461883353215242,1180068901,속성변화점,126.8911950618084461_37.5453818553184533,103.0,51.0,원활,126.8911950618084461_37.5453818553184533|126.8910827866964581_37.5455077528260404|126.8909175555900362_37.5457420455788693|126.8907568639606609_37.5460066305290283|126.8907556915637258_37.5460085609179472|126.8906329199262615_37.5461883353215242
2026-09-04T03:35:30.187978+09:00,양화한강공원,양화한강공원,POI103,KEY_1,1180116503,올림픽대로,1180066401,성산대교분기점,126.8888411626850399_37.5477825572430532,1180068801,양화지구요트장,126.8906329199262615_37.5461883353215242,243.0,42.0,서행,126.8906329199262615_37.5461883353215242|126.8902923101416604_37.5466870824158718|126.8900853961976480_37.5469673717390222|126.8898821258784295_37.5471728631900064|126.8896131444485746_37.5473865270969185|126.8894001209834528_37.5475258725971770|126.8888411626850399_37.5477825572430532
2026-09-04T03:35:30.187978+09:00,양화한강공원,양화한강공원,POI103,KEY_1,1180120000,올림픽대로,1180064302,한강자전거대여소양화,126.8925371457164317_37.5437742927481963,1180068902,속성변화점,126.8910843041868759_37.5453192348812976,215.0,28.0,정체,126.8910843041868759_37.5453192348812976|126.8911722698863258_37.5452205951209876|126.8913641468294173_37.5449634600574385|126.8917145990619275_37.5445651196867445|126.8920285271805284_37.5442486087197196|126.8923589710925626_37.5439431491933036|126.8925371457164317_37.5437742927481963
2026-09-04T03:35:30.187978+09:00,양화한강공원,양화한강공원,POI103,KEY_1,1180120300,올림픽대로,1180273000,양화동 1-1,126.8906348080487021_37.5459591553834642,1180068802,양화지구요트장,126.8905741506410152_37.5460479760438872,11.0,51.0,원활,126.8905741506410152_37.5460479760438872|126.8906348080487021_37.5459591553834642
2026-09-04T03:35:30.187978+09:00,양화한강공원,양화한강공원,POI103,KEY_1,1180120400,양평로30길.인접길,1180068802,양화지구요트장,126.8905741506410152_37.5460479760438872,1180065702,노들로지하차도(북측),126.8898740097263413_37.5457796920981295,69.0,24.0,서행,126.8898740097263413_37.5457796920981295|126.8899657563483601_37.5458262969566476|126.8905741506410152_37.5460479760438872
2026-09-04T03:35:30.187978+09:00,양화한강공원,양화한강공원,POI103,KEY_1,1180120500,양평로30길.인접길,1180065701,노들로지하차도(북측),126.8898352916660031_37.5458883205518816,1180068801,양화지구요트장,126.8906329199262615_37.5461883353215242,78.0,22.0,정체,126.8906329199262615_37.5461883353215242|126.8899006495960151_37.5459215204837946|126.8898352916660031_37.5458883205518816
2026-09-04T03:35:30.187978+09:00,어린이대공원,어린이대공원,POI104,KEY_2,1040001702,자양로,1040047400,구의동 234-20,127.0850134877562425_37.5445799545474230,1040019303,구의사거리,127.0852016679581027_37.5450327198646008,53.0,42.0,원활,127.0852016679581027_37.5450327198646008|127.0850134877562425_37.5445799545474230
2026-09-04T03:35:30.187978+09:00,어린이대공원,어린이대공원,POI104,KEY_2,1040003702,천호대로,1040023704,아차산역(서울5호선),127.0894152102956696_37.5523730777975402,1040023802,아차산역앞교차로,127.0884235759888412_37.5534828698855989,152.0,23.0,서행,127.0884235759888412_37.5534828698855989|127.0886624862391585_37.5532839277980628|127.0886637034305267_37.5532829142311328|127.0888873635349370_37.5530645974054096|127.0890268085873771_37.5528999527207930|127.0891093055435448_37.5528025470138260|127.0892864462199441_37.5525787801403368|127.0893773157368827_37.5524360852402097|127.0894152102956696_37.5523730777975402
2026-09-04T03:35:30.187978+09:00,어린이대공원,어린이대공원,POI104,KEY_2,1040003703,천호대로,1040023005,아차산역(서울5호선),127.0896155483765142_37.5519975307228222,1040023703,아차산역(서울5호선),127.0894712980461918_37.5522739019515015,33.0,46.0,원활,127.0894712980461918_37.5522739019515015|127.0896155483765142_37.5519975307228222
2026-09-04T03:35:30.187978+09:00,어린이대공원,어린이대공원,POI104,KEY_2,1040003704,천호대로,1040055900,구의동 96,127.0897928318516392_37.5516388382775688,1040023004,아차산역(서울5호선),127.0896662697747672_37.5518971990822621,31.0,24.0,서행,127.0896662697747672_37.5518971990822621|127.0897928318516392_37.5516388382775688
2026-09-04T03:35:30.187978+09:00,어린이대공원,어린이대공원,POI104,KEY_2,1040012000,능동로,1040114300,화양동 164-1,127.0738499175466529_37.5469075575045395,1040021503,어린이대공원역교차로,127.0740638995458625_37.5472462986414683,43.0,25.0,원활,127.0740638995458625_37.5472462986414683|127.0740081337839626_37.5472033770291134|127.0739561575077659_37.5471262732918802|127.0738499175466529_37.5469075575045395
2026-09-04T03:35:30.187978+09:00,어린이대공원,어린이대공원,POI104,KEY_2,1040013002,광나루로,1040057800,능동 18-13,127.0824979527504297_37.5451942361248854,1040019707,능동 465-11,127.0801323371978810_37.5453265943592029,210.0,47.0,원활,127.0801323371978810_37.5453265943592029|127.0824979527504297_37.5451942361248854
2026-09-04T03:35:30.187978+09:00,어린이대공원,어린이대공원,POI104,KEY_2,1040013003,광나루로,1040117200,화양동 523-1,127.0748637792651294_37.5470177472935376,1040021502,어린이대공원역교차로,127.0742105755008993_37.5472088130338690,62.0,27.0,원활,127.0742105755008993_37.5472088130338690|127.0744760629178813_37.5471475290462635|127.0747110648677989_37.5470725121037390|127.0748637792651294_37.5470177472935376
2026-09-04T03:35:30.187978+09:00,어린이대공원,어린이대공원,POI104,KEY_2,1040013004,광나루로,1040106900,능동 465-6,127.0782098816718957_37.5456461445395817,1040019704,능동465-10,127.0762471218919387_37.5463437278881926,192.0,39.0,원활,127.0762471218919387_37.5463437278881926|127.0769710074017240_37.5459868418889471|127.0772206451426740_37.5458814034881883|127.0774360550218915_37.5458142118875813|127.0777244787871325_37.5457522535124895|127.0782098816718957_37.5456461445395817
2026-09-04T03:35:30.187978+09:00,어린이대공원,어린이대공원,POI104,KEY_2,1040013102,광나루로,1040085100,능동 462,127.0845336132097145_37.5451835926679252,1040019304,구의사거리,127.0852617177113899_37.5451373705296305,65.0,30.0,원활,127.0852617177113899_37.5451373705296305|127.0845336132097145_37.5451835926679252
2026-09-04T03:35:30.187978+09:00,어린이대공원,어린이대공원,POI104,KEY_2,1040013103,광나루로,1040090500,능동 465-11,127.0785202210576728_37.5456904243164828,1040019709,능동 465-11,127.0800014772765110_37.5454416646291946,134.0,26.0,원활,127.0800014772765110_37.5454416646291946|127.0797557368217099_37.5454526161265392|127.0795563669481396_37.5454751638663069|127.0794025475084794_37.5454975391919774|127.0791842773309526_37.5455452558775349|127.0785202210576728_37.5456904243164828
2026-09-04T03:35:30.187978+09:00,어린이대공원,어린이대공원,POI104,KEY_2,1040013104,광나루로,1040021501,어린이대공원역교차로,127.0743034621454655_37.5472999431202226,1040019702,능동465-10,127.0761424954991696_37.5465224763344168,185.0,12.0,정체,127.0761424954991696_37.5465224763344168|127.0756119425461179_37.5467840399242760|127.0751851251593791_37.5469944586241908|127.0751691298701047_37.5470022981979028|127.0749826196579164_37.5470937098645052|127.0749195443242172_37.5471163292778130|127.0747642377408795_37.5471720234904396|127.0745203439082331_37.5472498788895024|127.0743034621454655_37.5472999431202226
2026-09-04T03:35:30.187978+09:00,어린이대공원,어린이대공원,POI104,KEY_2,1040013500,광나루로,1040022106,화양삼거리,127.0705751138821142_37.5480841538030390,1040021504,어린이대공원역교차로,127.0741659660582599_37.5473332285597650,329.0,28.0,원활,127.0741659660582599_37.5473332285597650|127.0725793362072835_37.5477529486592232|127.0723983135173967_37.5477978010862756|127.0722290249340176_37.5478397458256126|127.0719422259231237_37.5478921797309795|127.0712641935088385_37.5479873932270394|127.0711515062522068_37.5480032170662241|127.0705751138821142_37.5480841538030390
2026-09-04T03:35:30.187978+09:00,어린이대공원,어린이대공원,POI104,KEY_2,1040014301,능동로,1040035000,능동 436-10,127.0764227755948639_37.5510178459050650,1040021501,어린이대공원역교차로,127.0743034621454655_37.5472999431202226,454.0,35.0,원활,127.0743034621454655_37.5472999431202226|127.0743627740555723_37.5473648979059718|127.0744499846126558_37.5474861903546113|127.0753298565593923_37.5489917495963965|127.0753384687054393_37.5490061886858584|127.0760108959974275_37.5501335583072020|127.0761500673246900_37.5503811278221491|127.0762744416538226_37.5506461437392076|127.0764227755948639_37.5510178459050650
2026-09-04T03:35:30.187978+09:00,어린이대공원,어린이대공원,POI104,KEY_2,1040036100,능동로32길,1040037800,능동 262-3,127.0873003378867026_37.5520986838956929,1040023704,아차산역(서울5호선),127.0894152102956696_37.5523730777975402,203.0,15.0,서행,127.0894152102956696_37.5523730777975402|127.0892263838892546_37.5523242468070180|127.0891766044352096_37.5523166637736523|127.0886595708244471_37.5523412692495668|127.0885738710277053_37.5523532015114228|127.0884820724995592_37.5524244455627922|127.0883918724937871_37.5524282928071429|127.0881666694092615_37.5523307128257855|127.0873648285240307_37.5520520112069249|127.0873476371065038_37.5520558576716894|127.0873003378867026_37.5520986838956929
2026-09-04T03:35:30.187978+09:00,여의도한강공원,여의도한강공원,POI105,KEY_3,1180002601,여의대로,1180051800,마포대교,126.9308059681326171_37.5299618570035207,1180050901,마포대교앞교차로,126.9295779021332464_37.5291926767471580,138.0,60.0,원활,126.9295779021332464_37.5291926767471580|126.9308059681326171_37.5299618570035207
2026-09-04T03:35:30.187978+09:00,여의도한강공원,여의도한강공원,POI105,KEY_3,1180002501,여의대로,1180050904,마포대교앞교차로,126.9294559117414423_37.5292538203661366,1180052400,마포대교,126.9307212821010751_37.5300463600273631,142.0,46.0,원활,126.9307212821010751_37.5300463600273631|126.9294559117414423_37.5292538203661366
2026-09-04T03:35:30.187978+09:00,여의도한강공원,여의도한강공원,POI105,KEY_3,1180002602,여의대로,1180263600,최소노드배치점,126.9340230665834355_37.5320236982424547,1180051800,마포대교,126.9308059681326171_37.5299618570035207,365.0,65.3,원활,126.9308059681326171_37.5299618570035207|126.9335784255592046_37.5317501054697615|126.9340230665834355_37.5320236982424547
2026-09-04T03:35:30.187978+09:00,여의도한강공원,여의도한강공원,POI105,KEY_3,1180018603,여의동로,1180248600,여의도동 7-6,126.9406867369458780_37.5205161735924975,1180007003,시범아파트앞교차로,126.9402919444834907_37.5208989401789523,56.0,35.0,원활,126.9402919444834907_37.5208989401789523|126.9404650735248765_37.5207821875801457|126.9406178353196282_37.5206239357599500|126.9406867369458780_37.5205161735924975
2026-09-04T03:35:30.187978+09:00,여의도한강공원,여의도한강공원,POI105,KEY_3,1180018705,여의동로,1180033601,여의상류IC,126.9410620352872030_37.5197641943777285,1180032700,여의상류IC,126.9408644596989291_37.5190433065538684,83.0,15.0,서행,126.9408644596989291_37.5190433065538684|126.9409385909511201_37.5191950815743880|126.9409922183505728_37.5193112485734019|126.9410273832007618_37.5194267107547716|126.9410583553759722_37.5195846269940034|126.9410620352872030_37.5197641943777285
2026-09-04T03:35:30.187978+09:00,여의도한강공원,여의도한강공원,POI105,KEY_3,1180018706,여의동로,1180248500,여의도동 7-5,126.9408076990061289_37.5205652394176070,1180033601,여의상류IC,126.9410620352872030_37.5197641943777285,92.0,18.0,서행,126.9410620352872030_37.5197641943777285|126.9410197256354849_37.5200367526254936|126.9409429071853452_37.5203021469964426|126.9408500463545408_37.5204990074997298|126.9408076990061289_37.5205652394176070
2026-09-04T03:35:30.187978+09:00,여의도한강공원,여의도한강공원,POI105,KEY_3,1180024601,여의동로,1180007004,시범아파트앞교차로,126.9401991775211798_37.5209785278175971,1180007602,원효대교앞교차로,126.9377991695937595_37.5228304435030964,295.0,42.0,원활,126.9377991695937595_37.5228304435030964|126.9394041207515187_37.5216176335209894|126.9401086909208090_37.5210660656542530|126.9401991775211798_37.5209785278175971
2026-09-04T03:35:30.187978+09:00,여의도한강공원,여의도한강공원,POI105,KEY_3,1180024701,여의동로,1180039300,원효대교(남측),126.9394984211137256_37.5216954122665811,1180007001,시범아파트앞교차로,126.9403039746038786_37.5210472508129982,101.0,44.0,원활,126.9403039746038786_37.5210472508129982|126.9402089441002488_37.5211391841689448|126.9394984211137256_37.5216954122665811
2026-09-04T03:35:30.187978+09:00,여의도한강공원,여의도한강공원,POI105,KEY_3,1180024702,여의동로,1180007601,원효대교앞교차로,126.9379087682920613_37.5228966618330730,1180039300,원효대교(남측),126.9394984211137256_37.5216954122665811,194.0,10.0,정체,126.9394984211137256_37.5216954122665811|126.9379087682920613_37.5228966618330730
2026-09-04T03:35:30.187978+09:00,여의도한강공원,여의도한강공원,POI105,KEY_3,1180027701,여의동로,1180044300,원효대교(남측),126.9363222446695119_37.5240962818884185,1180007604,원효대교앞교차로,126.9378089860223895_37.5229720840527037,181.0,43.0,원활,126.9378089860223895_37.5229720840527037|126.9363222446695119_37.5240962818884185
2026-09-04T03:35:30.187978+09:00,여의도한강공원,여의도한강공원,POI105,KEY_3,1180027702,여의동로,1180008201,여의도선착장앞교차로,126.9353157098191645_37.5248573421928668,1180044300,원효대교(남측),126.9363222446695119_37.5240962818884185,123.0,41.0,원활,126.9363222446695119_37.5240962818884185|126.9353157098191645_37.5248573421928668
2026-09-04T03:35:30.187978+09:00,여의도한강공원,여의도한강공원,POI105,KEY_3,1180031700,여의대방로,1180263900,최소노드배치점,126.9423668339206870_37.5252518313100794,1180043100,원효대교남단,126.9389194214592607_37.5234603791527448,364.0,71.0,원활,126.9389194214592607_37.5234603791527448|126.9423668339206870_37.5252518313100794
2026-09-04T03:35:30.187978+09:00,여의도한강공원,여의도한강공원,POI105,KEY_3,1180033501,여의동로,1180050000,마포대교남측,126.9304020221015321_37.5286131745307898,1180009104,여의중고교앞교차로,126.9325853985016863_37.5269417668937137,268.0,29.0,원활,126.9325853985016863_37.5269417668937137|126.9317038491518019_37.5276028935370434|126.9307836236958451_37.5283174604033363|126.9306853496340324_37.5283936719680753|126.9304020221015321_37.5286131745307898
2026-09-04T03:35:30.187978+09:00,여의도한강공원,여의도한강공원,POI105,KEY_3,1180033503,여의동로,1180050901,마포대교앞교차로,126.9295779021332464_37.5291926767471580,1180050000,마포대교남측,126.9304020221015321_37.5286131745307898,97.0,12.0,정체,126.9304020221015321_37.5286131745307898|126.9299369050538218_37.5289735100707489|126.9295779021332464_37.5291926767471580
2026-09-04T03:35:30.187978+09:00,여의도한강공원,여의도한강공원,POI105,KEY_3,1180038004,여의서로,1180057702,여의하류IC,126.9116446085465810_37.5333341738394211,1180010601,여의하류IC,126.9158866788485369_37.5334891812985134,389.0,18.0,서행,126.9158866788485369_37.5334891812985134|126.9157160525504509_37.5335075640938882|126.9145253690237212_37.5336052142657834|126.9129473608267773_37.5337346107591614|126.9127263123781830_37.5337454488282916|126.9125619724539717_37.5337376282147730|126.9123498788537177_37.5336886646839432|126.9121669423552277_37.5336324766132563|126.9119754499676134_37.5335430187373973|126.9117951706554237_37.5334397412671237|126.9116446085465810_37.5333341738394211
2026-09-04T03:35:30.187978+09:00,여의도한강공원,여의도한강공원,POI105,KEY_3,1180038702,여의서로,1180323000,최소노드배치점,126.9187881082516611_37.5328709059154022,1180010304,서강대교(남측),126.9216090189517701_37.5320376430852960,266.0,37.0,원활,126.9216090189517701_37.5320376430852960|126.9203533112228826_37.5324099776008708|126.9202812799588713_37.5324311902864451|126.9187881082516611_37.5328709059154022
2026-09-04T03:35:30.187978+09:00,여의도한강공원,여의도한강공원,POI105,KEY_3,1180039200,올림픽대로,1180058400,여의하류IC,126.9148490647562824_37.5338551834337650,1180010601,여의하류IC,126.9158866788485369_37.5334891812985134,100.0,34.3,서행,126.9158866788485369_37.5334891812985134|126.9155841280332453_37.5335956228786003|126.9148490647562824_37.5338551834337650
2026-09-04T03:35:30.187978+09:00,여의도한강공원,여의도한강공원,POI105,KEY_3,1180041102,국회대로,1180274900,최소노드배치점,126.9238759567866452_37.5352270758419237,1180010301,서강대교(남측),126.9217369577254289_37.5319990605573608,405.0,70.8,원활,126.9217369577254289_37.5319990605573608|126.9234661246942437_37.5346102805177892|126.9238759567866452_37.5352270758419237
2026-09-04T03:35:30.187978+09:00,여의도한강공원,여의도한강공원,POI105,KEY_3,1180086000,여의대방로,1180043100,원효대교남단,126.9389194214592607_37.5234603791527448,1180038401,원효대교(남측),126.9355118374576392_37.5214344074539099,377.0,63.3,원활,126.9355118374576392_37.5214344074539099|126.9357682265078324_37.5215237383808358|126.9368814016096110_37.5222080746101767|126.9378844663648636_37.5228141242598880|126.9386342653729258_37.5232817445596751|126.9389194214592607_37.5234603791527448
2026-09-04T03:35:30.187978+09:00,여의도한강공원,여의도한강공원,POI105,KEY_3,1180086100,여의대방로,1180038402,원효대교(남측),126.9354288936371944_37.5215199968422155,1180043400,원효대교남단,126.9388452416195463_37.5235509284484792,378.0,68.0,원활,126.9388452416195463_37.5235509284484792|126.9385269005017420_37.5234022392466500|126.9377236729463903_37.5229883934775685|126.9367164135576331_37.5223798075140991|126.9356023408485044_37.5216949187275617|126.9354288936371944_37.5215199968422155
2026-09-04T03:35:30.187978+09:00,여의도한강공원,여의도한강공원,POI105,KEY_3,1180086200,여의대방로,1180043100,원효대교남단,126.9389194214592607_37.5234603791527448,1180039300,원효대교(남측),126.9394984211137256_37.5216954122665811,256.0,46.3,원활,126.9394984211137256_37.5216954122665811|126.9394143576814571_37.5217932892441297|126.9390639344829168_37.5220578983287538|126.9386058222683715_37.5224039073714266|126.9384454643178373_37.5225455615191805|126.9383732776471589_37.5226476074626873|126.9383372872894142_37.5227369852470787|126.9383282232904264_37.5228406804968202|126.9383416241537788_37.5229229319018529|126.9383954201431948_37.5230195086963576|126.9384806415670255_37.5231196770154796|126.9389194214592607_37.5234603791527448
2026-09-04T03:35:30.187978+09:00,여의도한강공원,여의도한강공원,POI105,KEY_3,1180088800,여의동로,1180044300,원효대교(남측),126.9363222446695119_37.5240962818884185,1180043400,원효대교남단,126.9388452416195463_37.5235509284484792,262.0,50.7,원활,126.9388452416195463_37.5235509284484792|126.9384579493625438_37.5234164617016432|126.9382200598614503_37.5233412443599619|126.9380943813213918_37.5233018443910211|126.9379642022848174_37.5232767444369202|126.9378340066637492_37.5232731008024061|126.9376229810390129_37.5232872929537464|126.9374613272680392_37.5233193903731248|126.9373544849209878_37.5233714062846175|126.9371561824279837_37.5235065711294808|126.9363767315390135_37.5240925820042506|126.9363222446695119_37.5240962818884185
2026-09-04T03:35:30.187978+09:00,여의도한강공원,여의도한강공원,POI105,KEY_3,1180097300,여의대로,1180051800,마포대교,126.9308059681326171_37.5299618570035207,1180050000,마포대교남측,126.9304020221015321_37.5286131745307898,175.0,45.0,원활,126.9304020221015321_37.5286131745307898|126.9302674992351569_37.5287639444649983|126.9301715807580422_37.5289069217861453|126.9301534341487070_37.5291071595431802|126.9301772199870157_37.5292788143913825|126.9302847624288546_37.5295125003925918|126.9308059681326171_37.5299618570035207
2026-09-04T03:35:30.187978+09:00,여의도한강공원,여의도한강공원,POI105,KEY_3,1180098300,여의대로,1180051900,마포대교(남측),126.9282127564699607_37.5297704303567201,1180052400,마포대교,126.9307212821010751_37.5300463600273631,231.0,47.0,원활,126.9307212821010751_37.5300463600273631|126.9298072793187941_37.5297592892750274|126.9295379418201009_37.5296911879758781|126.9293044968049458_37.5296517134467038|126.9291024559104528_37.5296408650083890|126.9289048951919625_37.5296407462443824|126.9286983266459004_37.5296692285065987|126.9283704934996138_37.5297333958644117|126.9282127564699607_37.5297704303567201
2026-09-04T03:35:30.187978+09:00,여의도한강공원,여의도한강공원,POI105,KEY_3,1180103700,올림픽대로,1180056900,여의하류IC앞,126.9099107440064671_37.5323785517192547,1180058100,여의하류IC,126.9113470954211209_37.5334759494431651,183.0,46.3,서행,126.9113470954211209_37.5334759494431651|126.9112574345930824_37.5333543028651491|126.9111647860354850_37.5332278867742630|126.9110691582745005_37.5330895481243871|126.9109675293688468_37.5329631251105766|126.9108449616440879_37.5328247659603988|126.9107313287380663_37.5327245564036360|126.9105578407508830_37.5326123820790158|126.9103573956169413_37.5325144895265197|126.9101523716446422_37.5324473163778976|126.9099107440064671_37.5323785517192547
2026-09-04T03:35:30.187978+09:00,여의도한강공원,여의도한강공원,POI105,KEY_3,1180104000,올림픽대로,1180322800,최소노드배치점,126.9188633519518135_37.5330663833708513,1180054900,여의하류IC,126.9238476077766080_37.5313717470433375,486.0,36.5,서행,126.9238476077766080_37.5313717470433375|126.9235232634260058_37.5316199137243132|126.9232000481612062_37.5318505638760769|126.9230158194888247_37.5319791744498730|126.9228496134543036_37.5320470077723343|126.9224004740734983_37.5321647167067241|126.9210485355217912_37.5325392848552042|126.9195124922006812_37.5329065609222638|126.9188633519518135_37.5330663833708513
2026-09-04T03:35:30.187978+09:00,여의도한강공원,여의도한강공원,POI105,KEY_3,1180104100,올림픽대로,1180058200,여의하류IC,126.9088719404886518_37.5335782193263654,1180057200,여의하류IC앞,126.9095075762253231_37.5324759606280765,136.0,54.5,원활,126.9095075762253231_37.5324759606280765|126.9094010991301218_37.5327426013710124|126.9092574981122681_37.5331043762872483|126.9092073553575375_37.5331971336186072|126.9090893547378300_37.5333503643350284|126.9088719404886518_37.5335782193263654
2026-09-04T03:35:30.187978+09:00,여의도한강공원,여의도한강공원,POI105,KEY_3,1180104200,올림픽대로,1180056900,여의하류IC앞,126.9099107440064671_37.5323785517192547,1180057200,여의하류IC앞,126.9095075762253231_37.5324759606280765,244.0,39.0,서행,126.9095075762253231_37.5324759606280765|126.9094841950826407_37.5325994681253974|126.9094564797182016_37.5327452630529876|126.9094313198684887_37.5328977660792660|126.9094484590793002_37.5330027836566202|126.9095046031765150_37.5330984571128070|126.9095730635125250_37.5331512658508686|126.9096595477012244_37.5331970100760017|126.9097791981177750_37.5332143016489468|126.9099049867064224_37.5332125452215948|126.9100668986708342_37.5331871216565673|126.9101840428222800_37.5331423950281788|126.9102684147233475_37.5330760409922490|126.9103138214403117_37.5330142623253735|126.9103534441543815_37.5329262222845230|126.9103630663362168_37.5328451854664635|126.9103489008242747_37.5327425678390441|126.9103166942296639_37.5326493988199772|126.9102455019530993_37.5325631892314817|126.9101144752508361_37.5324695269450785|126.9099107440064671_37.5323785517192547
2026-09-04T03:35:30.187978+09:00,여의도한강공원,여의도한강공원,POI105,KEY_3,1180104400,올림픽대로,1180058200,여의하류IC,126.9088719404886518_37.5335782193263654,1180058100,여의하류IC,126.9113470954211209_37.5334759494431651,236.0,52.0,원활,126.9113470954211209_37.5334759494431651|126.9111690623947908_37.5333607524628903|126.9109989641811467_37.5332847817553272|126.9108511282904743_37.5332339637287120|126.9106941120611651_37.5332081395440156|126.9105324361279230_37.5332037554386346|126.9103751385429319_37.5332137012479095|126.9102175873575931_37.5332558412137871|126.9100735400548814_37.5332944719436838|126.9099296329114139_37.5333152159377619|126.9097947662082930_37.5333288514592383|126.9096330327877951_37.5333316200244838|126.9094937305390545_37.5333380780400887|126.9093228160708549_37.5333658410132927|126.9091877513593118_37.5334045154003917|126.9090840728703284_37.5334505001922309|126.9088719404886518_37.5335782193263654
2026-09-04T03:35:30.187978+09:00,여의도한강공원,여의도한강공원,POI105,KEY_3,1180104700,올림픽대로,1180057702,여의하류IC,126.9116446085465810_37.5333341738394211,1180058600,여의하류IC,126.9124480904624335_37.5340012297976102,103.0,29.0,정체,126.9124480904624335_37.5340012297976102|126.9122745980778859_37.5338890571121127|126.9120682102647208_37.5337482538104155|126.9119545687167232_37.5336528126330577|126.9118678582978959_37.5335669276376009|126.9117632252879702_37.5334476543186142|126.9116446085465810_37.5333341738394211
2026-09-04T03:35:30.187978+09:00,여의도한강공원,여의도한강공원,POI105,KEY_3,1180105100,올림픽대로,1180058100,여의하류IC,126.9113470954211209_37.5334759494431651,1180058600,여의하류IC,126.9124480904624335_37.5340012297976102,118.0,37.7,서행,126.9124480904624335_37.5340012297976102|126.9122714926787694_37.5339844113092269|126.9121398055384304_37.5339604738344619|126.9119004108432165_37.5338863945131394|126.9117179131641819_37.5337956707200888|126.9115683555591261_37.5336954342220679|126.9114666742656965_37.5336119217694275|126.9113470954211209_37.5334759494431651
2026-09-04T03:35:30.187978+09:00,여의도한강공원,여의도한강공원,POI105,KEY_3,1180105300,올림픽대로,1180058600,여의하류IC,126.9124480904624335_37.5340012297976102,1180058400,여의하류IC,126.9148490647562824_37.5338551834337650,213.0,36.0,서행,126.9148490647562824_37.5338551834337650|126.9146365081849410_37.5338693333682087|126.9127833540508021_37.5340110131640330|126.9126216957507864_37.5340180458078123|126.9124480904624335_37.5340012297976102
2026-09-04T03:35:30.187978+09:00,여의도한강공원,여의도한강공원,POI105,KEY_3,1180105700,올림픽대로,1180001500,여의하류IC,126.9073822654269605_37.5347960718864755,1180058200,여의하류IC,126.9088719404886518_37.5335782193263654,189.0,61.0,원활,126.9088719404886518_37.5335782193263654|126.9083242197496730_37.5341084847941602|126.9081522571456162_37.5342685986380289|126.9077456701091364_37.5345598932521654|126.9073822654269605_37.5347960718864755
2026-09-04T03:35:30.187978+09:00,여의도한강공원,여의도한강공원,POI105,KEY_3,1180131800,올림픽대로,1180073200,여의상류IC,126.9413747929981042_37.5171839921024386,1180072900,여의상류IC,126.9406083800987517_37.5174248708792817,223.0,38.0,서행,126.9406083800987517_37.5174248708792817|126.9405930312344424_37.5175435153873309|126.9406092616678592_37.5176670087558009|126.9406471748521454_37.5177969651017236|126.9407050223394009_37.5178687842951106|126.9407719322446866_37.5179299139964257|126.9408479565857988_37.5179732011517402|126.9409330178654471_37.5180093757528255|126.9410361749584411_37.5180277509984137|126.9411618942258571_37.5180319231682446|126.9413057634171480_37.5180111401280030|126.9414454615370147_37.5179474103264710|126.9415493929910213_37.5178620475961679|126.9416038699689295_37.5177836052660467|126.9416231424661277_37.5177302402591408|126.9416451412587463_37.5176693288908751|126.9416504315423992_37.5175620364262841|126.9416241520395943_37.5174724808295537|126.9415895959336780_37.5173712900806677|126.9415130106084462_37.5172832160456764|126.9414200748953476_37.5172121420924327|126.9413747929981042_37.5171839921024386
2026-09-04T03:35:30.187978+09:00,여의도한강공원,여의도한강공원,POI105,KEY_3,1180131900,올림픽대로,1180033601,여의상류IC,126.9410620352872030_37.5197641943777285,1180073300,여의상류IC,126.9429855095649771_37.5174961988850910,356.0,15.0,정체,126.9429855095649771_37.5174961988850910|126.9425770783428646_37.5174620764480835|126.9423645811656343_37.5174515339232642|126.9422687580351123_37.5174534666303643|126.9421458647768333_37.5174719653657647|126.9420678452474931_37.5174954451136884|126.9419987904991132_37.5175213520105117|126.9419236224377983_37.5175639235214362|126.9418634063433728_37.5176089512716757|126.9418000721829998_37.5176706568276828|126.9417427069557931_37.5177485130741815|126.9416003222524836_37.5179582783130741|126.9415367386929461_37.5180533702759931|126.9414333808193476_37.5182627473598558|126.9414028723800385_37.5183389174551678|126.9413353512353808_37.5185603874609441|126.9413075523894747_37.5186747280699180|126.9411772528702187_37.5192846297340026|126.9411243449818727_37.5195538654257774|126.9410620352872030_37.5197641943777285
2026-09-04T03:35:30.187978+09:00,여의서로,여의서로,POI126,KEY_4,1180031402,국회대로,1180046001,여의2교남단교차로,126.9110548372880771_37.5257645667991255,1180047804,의원회관앞교차로,126.9134650625379095_37.5269942928087872,253.0,46.0,원활,126.9134650625379095_37.5269942928087872|126.9110548372880771_37.5257645667991255
2026-09-04T03:35:30.187978+09:00,여의서로,여의서로,POI126,KEY_4,1180031502,국회대로,1180047803,의원회관앞교차로,126.9135274643399640_37.5268977275474711,1180046002,여의2교남단교차로,126.9111139413039098_37.5256663196409335,253.0,44.0,원활,126.9111139413039098_37.5256663196409335|126.9135274643399640_37.5268977275474711
2026-09-04T03:35:30.187978+09:00,여의서로,여의서로,POI126,KEY_4,1180036401,국회대로,1180155000,여의도동 1-1,126.9184061280869713_37.5300009967483419,1180010303,서강대교(남측),126.9215102204224763_37.5319506286676088,350.0,25.0,원활,126.9215102204224763_37.5319506286676088|126.9210461430147205_37.5316255718379566|126.9203325255415535_37.5311864488027496|126.9197419650193126_37.5308230414341679|126.9191619518192908_37.5304661181429466|126.9185557758553813_37.5300930883489983|126.9184061280869713_37.5300009967483419
2026-09-04T03:35:30.187978+09:00,여의서로,여의서로,POI126,KEY_4,1180038001,여의서로,1180047804,의원회관앞교차로,126.9134650625379095_37.5269942928087872,1180050300,여의하류IC,126.9125858842577514_37.5288463372735421,220.0,6.0,정체,126.9125858842577514_37.5288463372735421|126.9133384396445194_37.5272156123272751|126.9134650625379095_37.5269942928087872
2026-09-04T03:35:30.187978+09:00,여의서로,여의서로,POI126,KEY_4,1180038003,여의서로,1180323100,최소노드배치점,126.9117402894865307_37.5311049087075475,1180057702,여의하류IC,126.9116446085465810_37.5333341738394211,262.0,30.0,원활,126.9116446085465810_37.5333341738394211|126.9114652390462226_37.5331501506058203|126.9113732100930463_37.5329943489975122|126.9112983897178282_37.5327900539595092|126.9112674876685105_37.5325516232177918|126.9112865696183974_37.5323367272189188|126.9113546059211899_37.5321355343469492|126.9114569592268964_37.5318631682642589|126.9115238408340929_37.5316841785415747|126.9117402894865307_37.5311049087075475
2026-09-04T03:35:30.187978+09:00,여의서로,여의서로,POI126,KEY_4,1180038004,여의서로,1180057702,여의하류IC,126.9116446085465810_37.5333341738394211,1180010601,여의하류IC,126.9158866788485369_37.5334891812985134,389.0,18.0,서행,126.9158866788485369_37.5334891812985134|126.9157160525504509_37.5335075640938882|126.9145253690237212_37.5336052142657834|126.9129473608267773_37.5337346107591614|126.9127263123781830_37.5337454488282916|126.9125619724539717_37.5337376282147730|126.9123498788537177_37.5336886646839432|126.9121669423552277_37.5336324766132563|126.9119754499676134_37.5335430187373973|126.9117951706554237_37.5334397412671237|126.9116446085465810_37.5333341738394211
2026-09-04T03:35:30.187978+09:00,여의서로,여의서로,POI126,KEY_4,1180038101,여의서로,1180141500,여의도동 8-1,126.9125034013571849_37.5294588335489934,1180047801,의원회관앞교차로,126.9135777323507170_37.5270581170031505,283.0,45.0,원활,126.9135777323507170_37.5270581170031505|126.9134640961386822_37.5272567387847005|126.9127147702930785_37.5288800985185560|126.9125034013571849_37.5294588335489934
2026-09-04T03:35:30.187978+09:00,여의서로,여의서로,POI126,KEY_4,1180038102,여의서로,1180136800,여의도동 8-1,126.9145114614992735_37.5334976629259458,1180057701,여의하류IC,126.9117432717733465_37.5332606350129012,257.0,36.0,원활,126.9117432717733465_37.5332606350129012|126.9118798764054787_37.5333550779968661|126.9120496011042292_37.5334523089724428|126.9122261082116410_37.5335347665300532|126.9123932874727672_37.5335861143590392|126.9125852087945532_37.5336304218281285|126.9127261896915257_37.5336371304333341|126.9129362320318251_37.5336268320589994|126.9145114614992735_37.5334976629259458
2026-09-04T03:35:30.187978+09:00,여의서로,여의서로,POI126,KEY_4,1180038602,여의서로,1180199400,여의도동 8-1,126.9180805162101962_37.5329548925892027,1180010602,여의하류IC,126.9158651872016321_37.5333825331527251,202.0,35.0,원활,126.9158651872016321_37.5333825331527251|126.9163150027583100_37.5333154038283041|126.9167447105342319_37.5332479919289739|126.9172043329491686_37.5331630452426737|126.9179823764344519_37.5329820256749258|126.9180805162101962_37.5329548925892027
2026-09-04T03:35:30.187978+09:00,여의서로,여의서로,POI126,KEY_4,1180038702,여의서로,1180323000,최소노드배치점,126.9187881082516611_37.5328709059154022,1180010304,서강대교(남측),126.9216090189517701_37.5320376430852960,266.0,37.0,원활,126.9216090189517701_37.5320376430852960|126.9203533112228826_37.5324099776008708|126.9202812799588713_37.5324311902864451|126.9187881082516611_37.5328709059154022
2026-09-04T03:35:30.187978+09:00,여의서로,여의서로,POI126,KEY_4,1180039200,올림픽대로,1180058400,여의하류IC,126.9148490647562824_37.5338551834337650,1180010601,여의하류IC,126.9158866788485369_37.5334891812985134,100.0,34.3,서행,126.9158866788485369_37.5334891812985134|126.9155841280332453_37.5335956228786003|126.9148490647562824_37.5338551834337650
2026-09-04T03:35:30.187978+09:00,여의서로,여의서로,POI126,KEY_4,1180041102,국회대로,1180274900,최소노드배치점,126.9238759567866452_37.5352270758419237,1180010301,서강대교(남측),126.9217369577254289_37.5319990605573608,405.0,70.8,원활,126.9217369577254289_37.5319990605573608|126.9234661246942437_37.5346102805177892|126.9238759567866452_37.5352270758419237
2026-09-04T03:35:30.187978+09:00,여의서로,여의서로,POI126,KEY_4,1180093800,올림픽대로,1180046700,여의하류IC,126.9139332883952989_37.5258302984319769,1180049300,여의하류IC,126.9124219382957364_37.5282059407288671,296.0,47.0,원활,126.9124219382957364_37.5282059407288671|126.9126709766838559_37.5276959699368291|126.9130099086824686_37.5271002435067516|126.9134446643213892_37.5264640601462816|126.9135615846091270_37.5263044242820101|126.9139332883952989_37.5258302984319769
2026-09-04T03:35:30.187978+09:00,여의서로,여의서로,POI126,KEY_4,1180097500,올림픽대로,1180049300,여의하류IC,126.9124219382957364_37.5282059407288671,1180053000,여의하류IC,126.9116502139587652_37.5302817461312657,241.0,45.0,원활,126.9116502139587652_37.5302817461312657|126.9117554871957765_37.5298527220926914|126.9119085944505940_37.5294737959552691|126.9122868518727643_37.5285372036068665|126.9124219382957364_37.5282059407288671
2026-09-04T03:35:30.187978+09:00,여의서로,여의서로,POI126,KEY_4,1180098200,여의서로,1180050300,여의하류IC,126.9125858842577514_37.5288463372735421,1180053000,여의하류IC,126.9116502139587652_37.5302817461312657,180.0,40.0,원활,126.9116502139587652_37.5302817461312657|126.9119321014785982_37.5298480867291033|126.9124478698020368_37.5290689337596177|126.9125858842577514_37.5288463372735421
2026-09-04T03:35:30.187978+09:00,여의서로,여의서로,POI126,KEY_4,1180100100,올림픽대로,1180053000,여의하류IC,126.9116502139587652_37.5302817461312657,1180054600,여의하류IC,126.9113467485372553_37.5312398487618282,110.0,42.0,원활,126.9113467485372553_37.5312398487618282|126.9114940115750727_37.5307441067722678|126.9116502139587652_37.5302817461312657
2026-09-04T03:35:30.187978+09:00,여의서로,여의서로,POI126,KEY_4,1180101100,올림픽대로,1180054600,여의하류IC,126.9113467485372553_37.5312398487618282,1180053900,여의하류IC,126.9101796785526517_37.5308445942274886,161.0,38.0,서행,126.9101796785526517_37.5308445942274886|126.9101931014992317_37.5310414092060398|126.9102886836397630_37.5312624829991321|126.9103927384446138_37.5313583960722070|126.9105342246899681_37.5314544950895836|126.9107135639955573_37.5314971247237921|126.9109007655329577_37.5314920961623173|126.9111183798562479_37.5314275989006632|126.9112086357648082_37.5313743906016768|126.9113467485372553_37.5312398487618282
2026-09-04T03:35:30.187978+09:00,여의서로,여의서로,POI126,KEY_4,1180102100,올림픽대로,1180055000,여의하류IC앞,126.9097766577302622_37.5319288643150841,1180056700,여의하류IC앞,126.9099677257352141_37.5322885743723162,247.0,40.0,서행,126.9099677257352141_37.5322885743723162|126.9101802749627552_37.5322898012020829|126.9104318980016188_37.5322803263696159|126.9105533440733069_37.5322594692428169|126.9106435161752842_37.5322169922414162|126.9107278503933003_37.5321554077364397|126.9108033508016575_37.5320746999620383|126.9108579076633276_37.5319915030838942|126.9108854019603427_37.5319224810316570|126.9108979423341879_37.5318509987701034|126.9108805013922705_37.5317841367436387|126.9108362782712049_37.5316956773246275|126.9107828271066865_37.5316381747174148|126.9106874170305019_37.5315852327633905|126.9105858681555645_37.5315513377507699|126.9104842061042717_37.5315317522630707|126.9103943910203895_37.5315289189790775|126.9102954982978702_37.5315379647373817|126.9102025389048976_37.5315541941005435|126.9100974322583681_37.5315918264329014|126.9100101221350911_37.5316510106624506|126.9099196124940221_37.5317364124159667|126.9097766577302622_37.5319288643150841
2026-09-04T03:35:30.187978+09:00,여의서로,여의서로,POI126,KEY_4,1180103300,올림픽대로,1180054600,여의하류IC,126.9113467485372553_37.5312398487618282,1180056700,여의하류IC앞,126.9099677257352141_37.5322885743723162,207.0,43.0,원활,126.9099677257352141_37.5322885743723162|126.9102019059527322_37.5323529642993847|126.9104144226252089_37.5323881863476316|126.9105551300773840_37.5323763736599858|126.9106838828241166_37.5323478643264963|126.9107976882863937_37.5323026561256228|126.9109025353903490_37.5322383695701731|126.9109714553170818_37.5321788239392902|126.9110374194450657_37.5320882852129003|126.9110944195145976_37.5319834363101563|126.9113016746642160_37.5313852328840198|126.9113467485372553_37.5312398487618282
2026-09-04T03:35:30.187978+09:00,여의서로,여의서로,POI126,KEY_4,1180103700,올림픽대로,1180056900,여의하류IC앞,126.9099107440064671_37.5323785517192547,1180058100,여의하류IC,126.9113470954211209_37.5334759494431651,183.0,46.3,서행,126.9113470954211209_37.5334759494431651|126.9112574345930824_37.5333543028651491|126.9111647860354850_37.5332278867742630|126.9110691582745005_37.5330895481243871|126.9109675293688468_37.5329631251105766|126.9108449616440879_37.5328247659603988|126.9107313287380663_37.5327245564036360|126.9105578407508830_37.5326123820790158|126.9103573956169413_37.5325144895265197|126.9101523716446422_37.5324473163778976|126.9099107440064671_37.5323785517192547
2026-09-04T03:35:30.187978+09:00,여의서로,여의서로,POI126,KEY_4,1180104000,올림픽대로,1180322800,최소노드배치점,126.9188633519518135_37.5330663833708513,1180054900,여의하류IC,126.9238476077766080_37.5313717470433375,486.0,36.5,서행,126.9238476077766080_37.5313717470433375|126.9235232634260058_37.5316199137243132|126.9232000481612062_37.5318505638760769|126.9230158194888247_37.5319791744498730|126.9228496134543036_37.5320470077723343|126.9224004740734983_37.5321647167067241|126.9210485355217912_37.5325392848552042|126.9195124922006812_37.5329065609222638|126.9188633519518135_37.5330663833708513
2026-09-04T03:35:30.187978+09:00,여의서로,여의서로,POI126,KEY_4,1180104400,올림픽대로,1180058200,여의하류IC,126.9088719404886518_37.5335782193263654,1180058100,여의하류IC,126.9113470954211209_37.5334759494431651,236.0,52.0,원활,126.9113470954211209_37.5334759494431651|126.9111690623947908_37.5333607524628903|126.9109989641811467_37.5332847817553272|126.9108511282904743_37.5332339637287120|126.9106941120611651_37.5332081395440156|126.9105324361279230_37.5332037554386346|126.9103751385429319_37.5332137012479095|126.9102175873575931_37.5332558412137871|126.9100735400548814_37.5332944719436838|126.9099296329114139_37.5333152159377619|126.9097947662082930_37.5333288514592383|126.9096330327877951_37.5333316200244838|126.9094937305390545_37.5333380780400887|126.9093228160708549_37.5333658410132927|126.9091877513593118_37.5334045154003917|126.9090840728703284_37.5334505001922309|126.9088719404886518_37.5335782193263654
2026-09-04T03:35:30.187978+09:00,여의서로,여의서로,POI126,KEY_4,1180104700,올림픽대로,1180057702,여의하류IC,126.9116446085465810_37.5333341738394211,1180058600,여의하류IC,126.9124480904624335_37.5340012297976102,103.0,29.0,정체,126.9124480904624335_37.5340012297976102|126.9122745980778859_37.5338890571121127|126.9120682102647208_37.5337482538104155|126.9119545687167232_37.5336528126330577|126.9118678582978959_37.5335669276376009|126.9117632252879702_37.5334476543186142|126.9116446085465810_37.5333341738394211
2026-09-04T03:35:30.187978+09:00,여의서로,여의서로,POI126,KEY_4,1180105100,올림픽대로,1180058100,여의하류IC,126.9113470954211209_37.5334759494431651,1180058600,여의하류IC,126.9124480904624335_37.5340012297976102,118.0,37.7,서행,126.9124480904624335_37.5340012297976102|126.9122714926787694_37.5339844113092269|126.9121398055384304_37.5339604738344619|126.9119004108432165_37.5338863945131394|126.9117179131641819_37.5337956707200888|126.9115683555591261_37.5336954342220679|126.9114666742656965_37.5336119217694275|126.9113470954211209_37.5334759494431651
2026-09-04T03:35:30.187978+09:00,여의서로,여의서로,POI126,KEY_4,1180105300,올림픽대로,1180058600,여의하류IC,126.9124480904624335_37.5340012297976102,1180058400,여의하류IC,126.9148490647562824_37.5338551834337650,213.0,36.0,서행,126.9148490647562824_37.5338551834337650|126.9146365081849410_37.5338693333682087|126.9127833540508021_37.5340110131640330|126.9126216957507864_37.5340180458078123|126.9124480904624335_37.5340012297976102
2026-09-04T03:35:30.187978+09:00,올림픽공원,올림픽공원,POI127,KEY_1,1230033803,강동대로,1230052903,그린빌딩,127.1253868539951242_37.5251644663839627,1230010402,성내유수지,127.1230687264287127_37.5262344211604315,237.0,41.0,원활,127.1230687264287127_37.5262344211604315|127.1253868539951242_37.5251644663839627
2026-09-04T03:35:30.187978+09:00,올림픽공원,올림픽공원,POI127,KEY_1,1230023301,양재대로,1230222600,방이동 217-2,127.1268249994781740_37.5100254368363224,1230040803,올림픽공원앞교차로,127.1279156747526429_37.5117452056324225,214.0,25.0,원활,127.1279156747526429_37.5117452056324225|127.1268249994781740_37.5100254368363224
2026-09-04T03:35:30.187978+09:00,올림픽공원,올림픽공원,POI127,KEY_1,1230023904,위례성대로,1230038803,오금초교,127.1315805616083452_37.5102624702576577,1230040802,올림픽공원앞교차로,127.1280368042940410_37.5116964262882320,351.0,43.0,원활,127.1280368042940410_37.5116964262882320|127.1315805616083452_37.5102624702576577
2026-09-04T03:35:30.187978+09:00,올림픽공원,올림픽공원,POI127,KEY_1,1230024003,위례성대로,1230040801,올림픽공원앞교차로,127.1280993215722361_37.5117923995774305,1230038804,오금초교,127.1316420322552858_37.5103588665718206,351.0,36.0,원활,127.1316420322552858_37.5103588665718206|127.1280993215722361_37.5117923995774305
2026-09-04T03:35:30.187978+09:00,올림픽공원,올림픽공원,POI127,KEY_1,1230024703,가락로,1230042404,에뜨왈리코리아,127.1197334005263002_37.5127417204113840,1230008303,방이초교앞교차로,127.1208213191434737_37.5145580278620869,223.0,11.0,정체,127.1208213191434737_37.5145580278620869|127.1197334005263002_37.5127417204113840
2026-09-04T03:35:30.187978+09:00,올림픽공원,올림픽공원,POI127,KEY_1,1230024803,가락로,1230008302,방이초교앞교차로,127.1209450232393436_37.5145134722125775,1230042401,에뜨왈리코리아,127.1198552228544401_37.5126940280713512,224.0,24.0,서행,127.1198552228544401_37.5126940280713512|127.1209450232393436_37.5145134722125775
2026-09-04T03:35:30.187978+09:00,올림픽공원,올림픽공원,POI127,KEY_1,1230025502,위례성대로12길,1230384600,방이동 75-1,127.1226867891286361_37.5132366843652107,1230008203,올림픽공원남2문,127.1230115468975583_37.5137580552017056,65.0,30.0,원활,127.1230115468975583_37.5137580552017056|127.1226867891286361_37.5132366843652107
2026-09-04T03:35:30.187978+09:00,올림픽공원,올림픽공원,POI127,KEY_1,1230025602,위례성대로12길,1230008202,올림픽공원남2문,127.1231332582007383_37.5137101955394456,1230041001,제이에스빌딩,127.1219838454871649_37.5118648795729470,229.0,30.0,원활,127.1219838454871649_37.5118648795729470|127.1228083768162378_37.5131886276024815|127.1231332582007383_37.5137101955394456
2026-09-04T03:35:30.187978+09:00,올림픽공원,올림픽공원,POI127,KEY_1,1230026102,위례성대로,1230040803,올림픽공원앞교차로,127.1279156747526429_37.5117452056324225,1230042502,방이동 181-7,127.1254911970844859_37.5127168656425241,240.0,28.0,원활,127.1254911970844859_37.5127168656425241|127.1279156747526429_37.5117452056324225
2026-09-04T03:35:30.187978+09:00,올림픽공원,올림픽공원,POI127,KEY_1,1230026103,위례성대로,1230042503,방이동 181-7,127.1253705911887266_37.5127664663946732,1230008202,올림픽공원남2문,127.1231332582007383_37.5137101955394456,224.0,28.0,원활,127.1231332582007383_37.5137101955394456|127.1253705911887266_37.5127664663946732
2026-09-04T03:35:30.187978+09:00,올림픽공원,올림픽공원,POI127,KEY_1,1230026202,위례성대로,1230008201,올림픽공원남2문,127.1231967749277914_37.5138057465937962,1230040804,올림픽공원앞교차로,127.1279781659139445_37.5118411937980127,476.0,47.0,원활,127.1279781659139445_37.5118411937980127|127.1255521973024827_37.5128134512352105|127.1254341104055641_37.5128620169255242|127.1231967749277914_37.5138057465937962
2026-09-04T03:35:30.187978+09:00,올림픽공원,올림픽공원,POI127,KEY_1,1230026702,백제고분로,1230397100,방이동 94-4,127.1155243442379685_37.5158080782483836,1230045403,올림픽공원남4문앞교차로,127.1158353619488821_37.5163285598069436,64.0,27.0,원활,127.1158353619488821_37.5163285598069436|127.1155243442379685_37.5158080782483836
2026-09-04T03:35:30.187978+09:00,올림픽공원,올림픽공원,POI127,KEY_1,1230026802,백제고분로,1230045402,올림픽공원남4문앞교차로,127.1159592191718559_37.5162842594980717,1230043901,방이중,127.1149670532686144_37.5146238680820474,204.0,10.0,정체,127.1149670532686144_37.5146238680820474|127.1156469051217641_37.5157616102810749|127.1159592191718559_37.5162842594980717
2026-09-04T03:35:30.187978+09:00,올림픽공원,올림픽공원,POI127,KEY_1,1230027100,위례성대로,1230008203,올림픽공원남2문,127.1230115468975583_37.5137580552017056,1230008302,방이초교앞교차로,127.1209450232393436_37.5145134722125775,201.0,51.0,원활,127.1209450232393436_37.5145134722125775|127.1230115468975583_37.5137580552017056
2026-09-04T03:35:30.187978+09:00,올림픽공원,올림픽공원,POI127,KEY_1,1230027200,위례성대로,1230424900,최소노드배치점,127.1195466393614311_37.5151289900827436,1230008204,올림픽공원남2문,127.1230681603091739_37.5138563218870544,342.0,42.0,원활,127.1230681603091739_37.5138563218870544|127.1210016343324725_37.5146117395583261|127.1208765811574466_37.5146567818947432|127.1195466393614311_37.5151289900827436
2026-09-04T03:35:30.187978+09:00,올림픽공원,올림픽공원,POI127,KEY_1,1230028100,위례성대로,1230008303,방이초교앞교차로,127.1208213191434737_37.5145580278620869,1230045402,올림픽공원남4문앞교차로,127.1159592191718559_37.5162842594980717,471.0,56.0,원활,127.1159592191718559_37.5162842594980717|127.1194913787483216_37.5150302354333220|127.1208213191434737_37.5145580278620869
2026-09-04T03:35:30.187978+09:00,올림픽공원,올림픽공원,POI127,KEY_1,1230028702,양재대로,1230040804,올림픽공원앞교차로,127.1279781659139445_37.5118411937980127,1230043503,방이동 89-28,127.1293137788365044_37.5138391508336753,251.0,26.0,원활,127.1293137788365044_37.5138391508336753|127.1279781659139445_37.5118411937980127
2026-09-04T03:35:30.187978+09:00,올림픽공원,올림픽공원,POI127,KEY_1,1230028703,양재대로,1230043504,방이동 89-28,127.1293758864878356_37.5139336243623376,1230044603,올림픽공원동문교차로,127.1305797082937374_37.5157953632322290,232.0,26.0,원활,127.1305797082937374_37.5157953632322290|127.1293758864878356_37.5139336243623376
2026-09-04T03:35:30.187978+09:00,올림픽공원,올림픽공원,POI127,KEY_1,1230028704,양재대로,1230044604,올림픽공원동문교차로,127.1306432453781667_37.5158930503733714,1230047803,오륜교,127.1316412754749763_37.5174145740411831,191.0,26.0,원활,127.1316412754749763_37.5174145740411831|127.1306432453781667_37.5158930503733714
2026-09-04T03:35:30.187978+09:00,올림픽공원,올림픽공원,POI127,KEY_1,1230028802,양재대로,1230043502,방이동 89-28,127.1294335833399884_37.5137883314546841,1230040801,올림픽공원앞교차로,127.1280993215722361_37.5117923995774305,251.0,26.0,원활,127.1280993215722361_37.5117923995774305|127.1294335833399884_37.5137883314546841
2026-09-04T03:35:30.187978+09:00,올림픽공원,올림픽공원,POI127,KEY_1,1230028803,양재대로,1230044602,올림픽공원동문교차로,127.1307066675273347_37.5157555807827805,1230043501,방이동 89-28,127.1294965542968640_37.5138841169906101,234.0,26.0,원활,127.1294965542968640_37.5138841169906101|127.1307066675273347_37.5157555807827805
2026-09-04T03:35:30.187978+09:00,올림픽공원,올림픽공원,POI127,KEY_1,1230028804,양재대로,1230047802,오륜교,127.1317615823722491_37.5173645046840889,1230044601,올림픽공원동문교차로,127.1307691739442731_37.5158515552836462,189.0,26.0,원활,127.1307691739442731_37.5158515552836462|127.1317615823722491_37.5173645046840889
2026-09-04T03:35:30.187978+09:00,올림픽공원,올림픽공원,POI127,KEY_1,1230029101,올림픽로,1230044901,잠실진주아파트앞교차로,127.1088533723906977_37.5162718111141373,1230047903,올림픽공원앞교차로,127.1125664517782781_37.5175764714066560,359.0,41.0,원활,127.1125664517782781_37.5175764714066560|127.1121927794052340_37.5174099266855308|127.1096586157180326_37.5165462608805385|127.1088533723906977_37.5162718111141373
2026-09-04T03:35:30.187978+09:00,올림픽공원,올림픽공원,POI127,KEY_1,1230029300,위례성대로,1230045403,올림픽공원남4문앞교차로,127.1158353619488821_37.5163285598069436,1230047902,올림픽공원앞교차로,127.1126327333255119_37.5174821175529445,311.0,26.0,원활,127.1126327333255119_37.5174821175529445|127.1158353619488821_37.5163285598069436
2026-09-04T03:35:30.187978+09:00,올림픽공원,올림픽공원,POI127,KEY_1,1230029401,위례성대로,1230047901,올림픽공원앞교차로,127.1127294559663170_37.5175659412636975,1230045404,올림픽공원남4문앞교차로,127.1158912913085715_37.5164270745673178,307.0,44.0,원활,127.1158912913085715_37.5164270745673178|127.1127294559663170_37.5175659412636975
2026-09-04T03:35:30.187978+09:00,올림픽공원,올림픽공원,POI127,KEY_1,1230030701,올림픽로,1230047904,올림픽공원앞교차로,127.1126156383089949_37.5176248562335459,1230050103,올림픽회관앞교차로,127.1141234836901077_37.5200172918018566,297.0,25.0,원활,127.1141234836901077_37.5200172918018566|127.1130967077667009_37.5183006809000261|127.1127808418886076_37.5178273473246833|127.1126156383089949_37.5176248562335459
2026-09-04T03:35:30.187978+09:00,올림픽공원,올림픽공원,POI127,KEY_1,1230030802,올림픽로,1230050102,올림픽회관앞교차로,127.1142460290998173_37.5199707880909941,1230047901,올림픽공원앞교차로,127.1127294559663170_37.5175659412636975,299.0,44.3,원활,127.1127294559663170_37.5175659412636975|127.1128979059259194_37.5177724112602746|127.1132179682735881_37.5182520322072364|127.1142460290998173_37.5199707880909941
2026-09-04T03:35:30.187978+09:00,올림픽공원,올림픽공원,POI127,KEY_1,1230031300,올림픽로35길,1230380000,신천동 20-3,127.1120965855774898_37.5198794214376790,1230050104,올림픽회관앞교차로,127.1141869164074905_37.5201219523906175,187.0,11.0,정체,127.1141869164074905_37.5201219523906175|127.1139207414424419_37.5201377237057514|127.1137172639646593_37.5201260770116463|127.1129232291908551_37.5200052336238770|127.1120965855774898_37.5198794214376790
2026-09-04T03:35:30.187978+09:00,올림픽공원,올림픽공원,POI127,KEY_1,1230032100,올림픽로,1230400900,신천동 26,127.1145514766661790_37.5207067945448216,1230052003,성내교(남측),127.1155399981984147_37.5222925683271740,197.0,21.0,서행,127.1155399981984147_37.5222925683271740|127.1145514766661790_37.5207067945448216
2026-09-04T03:35:30.187978+09:00,올림픽공원,올림픽공원,POI127,KEY_1,1230032200,올림픽로,1230052001,성내교(남측),127.1156967807111187_37.5223009606581428,1230050101,올림픽회관앞교차로,127.1143085002419610_37.5200738709822801,276.0,50.5,원활,127.1143085002419610_37.5200738709822801|127.1146730610900732_37.5206587128019535|127.1156615842423037_37.5222444857121431|127.1156967807111187_37.5223009606581428
2026-09-04T03:35:30.187978+09:00,올림픽공원,올림픽공원,POI127,KEY_1,1230032404,강동대로,1230052403,서울체고앞,127.1309465905180929_37.5226422457426523,1230052602,올림픽공원북2문,127.1286484144718969_37.5236389836207067,231.0,55.0,원활,127.1286484144718969_37.5236389836207067|127.1309465905180929_37.5226422457426523
2026-09-04T03:35:30.187978+09:00,올림픽공원,올림픽공원,POI127,KEY_1,1230032504,강동대로,1230052601,올림픽공원북2문,127.1287133329938257_37.5237339387489186,1230052404,서울체고앞,127.1310115110815389_37.5227371996198542,231.0,25.0,원활,127.1310115110815389_37.5227371996198542|127.1287133329938257_37.5237339387489186
2026-09-04T03:35:30.187978+09:00,올림픽공원,올림픽공원,POI127,KEY_1,1230032902,올림픽로37길,1230424700,최소노드배치점,127.1116469399134274_37.5231307998258217,1230052004,성내교(남측),127.1156093484237601_37.5224038573356538,390.0,33.0,원활,127.1156093484237601_37.5224038573356538|127.1154210464076897_37.5226254636658609|127.1151860694290434_37.5229714220100377|127.1150231489065732_37.5230568047779158|127.1148610626049589_37.5231117596672803|127.1146813739484145_37.5231312778946844|127.1116469399134274_37.5231307998258217
2026-09-04T03:35:30.187978+09:00,올림픽공원,올림픽공원,POI127,KEY_1,1230033202,올림픽로,1230052004,성내교(남측),127.1156093484237601_37.5224038573356538,1230053103,올림픽대교남단교차로,127.1174254322370984_37.5253520980877155,364.0,51.0,원활,127.1174254322370984_37.5253520980877155|127.1168266280546959_37.5243574555609811|127.1156093484237601_37.5224038573356538
2026-09-04T03:35:30.187978+09:00,올림픽공원,올림픽공원,POI127,KEY_1,1230033301,올림픽로,1230053102,올림픽대교남단교차로,127.1176915230806799_37.5255440086627701,1230052001,성내교(남측),127.1156967807111187_37.5223009606581428,401.0,43.3,원활,127.1156967807111187_37.5223009606581428|127.1169486377113884_37.5243100484275445|127.1176915230806799_37.5255440086627701
2026-09-04T03:35:30.187978+09:00,올림픽공원,올림픽공원,POI127,KEY_1,1230033600,올림픽로43길,1230342000,풍납동 447,127.1141253196765888_37.5248124645393801,1230053104,올림픽대교남단교차로,127.1175353532768639_37.5255915012395889,333.0,30.0,원활,127.1175353532768639_37.5255915012395889|127.1171986824647178_37.5253250746693325|127.1163931251730617_37.5248172882132565|127.1149530945181425_37.5248116617606371|127.1141253196765888_37.5248124645393801
2026-09-04T03:35:30.187978+09:00,올림픽공원,올림픽공원,POI127,KEY_1,1230033801,강동대로,1230052603,올림픽공원북2문,127.1285292145280152_37.5236906555977967,1230052702,올림픽공원북2문앞교차로,127.1280135683207533_37.5239140807955565,52.0,10.0,정체,127.1280135683207533_37.5239140807955565|127.1285292145280152_37.5236906555977967
2026-09-04T03:35:30.187978+09:00,올림픽공원,올림픽공원,POI127,KEY_1,1230033802,강동대로,1230052703,올림픽공원북2문앞교차로,127.1278955398801997_37.5239676869855785,1230052902,그린빌딩,127.1255021088525581_37.5251103772284154,247.0,20.0,서행,127.1255021088525581_37.5251103772284154|127.1278955398801997_37.5239676869855785
2026-09-04T03:35:30.187978+09:00,올림픽공원,올림픽공원,POI127,KEY_1,1230033901,강동대로,1230052701,올림픽공원북2문앞교차로,127.1280784406892508_37.5240090563020559,1230052604,올림픽공원북2문,127.1285940873550402_37.5237856308238449,52.0,36.0,원활,127.1285940873550402_37.5237856308238449|127.1280784406892508_37.5240090563020559
2026-09-04T03:35:30.187978+09:00,올림픽공원,올림픽공원,POI127,KEY_1,1230033902,강동대로,1230052901,그린빌딩,127.1255719037447705_37.5252031128434638,1230052704,올림픽공원북2문앞교차로,127.1279653366622995_37.5240604212007227,247.0,65.0,원활,127.1279653366622995_37.5240604212007227|127.1255719037447705_37.5252031128434638
2026-09-04T03:35:30.187978+09:00,올림픽공원,올림픽공원,POI127,KEY_1,1230033903,강동대로,1230010401,성내유수지,127.1233271552869013_37.5262401076401133,1230052904,그린빌딩,127.1254549241451741_37.5252580128047128,217.0,64.0,원활,127.1254549241451741_37.5252580128047128|127.1233271552869013_37.5262401076401133
2026-09-04T03:35:30.187978+09:00,올림픽공원,올림픽공원,POI127,KEY_1,1230034200,강동대로,1230053101,올림픽대교남단교차로,127.1177512410432087_37.5256417956853880,1230010403,성내유수지,127.1228341746085704_37.5263374209143734,467.0,17.0,서행,127.1228341746085704_37.5263374209143734|127.1226119104132124_37.5263325291198058|127.1222182279912971_37.5262594731087304|127.1197935343633674_37.5255708855089978|127.1192764530002961_37.5254871931229914|127.1186659385550399_37.5254644325269382|127.1181404811154323_37.5255300720034626|127.1177512410432087_37.5256417956853880
2026-09-04T03:35:30.187978+09:00,올림픽공원,올림픽공원,POI127,KEY_1,1230034300,강동대로,1230010402,성내유수지,127.1230687264287127_37.5262344211604315,1230053102,올림픽대교남단교차로,127.1176915230806799_37.5255440086627701,493.0,55.0,원활,127.1176915230806799_37.5255440086627701|127.1181066449297958_37.5254248562288311|127.1186585197018388_37.5253559170246618|127.1192932429278528_37.5253795803410242|127.1198300344327095_37.5254664629282857|127.1222565506296860_37.5261555686853470|127.1226293640594349_37.5262247521119789|127.1230687264287127_37.5262344211604315
2026-09-04T03:35:30.187978+09:00,올림픽공원,올림픽공원,POI127,KEY_1,1230034600,강동대로,1230053104,올림픽대교남단교차로,127.1175353532768639_37.5255915012395889,1230053301,풍성초등학교,127.1133707067350969_37.5271092576510128,408.0,32.0,원활,127.1133707067350969_37.5271092576510128|127.1138885360357307_37.5270579046375232|127.1141380710895277_37.5270029206930715|127.1144337586637221_37.5269066454630149|127.1172570729713414_37.5256789869567413|127.1175353532768639_37.5255915012395889
2026-09-04T03:35:30.187978+09:00,올림픽공원,올림픽공원,POI127,KEY_1,1230034700,강동대로,1230058701,풍납동 330-7,127.1135343578604022_37.5272039528378372,1230053105,올림픽대교남단교차로,127.1176235541679063_37.5256800112130264,402.0,22.0,서행,127.1176235541679063_37.5256800112130264|127.1173147432993602_37.5257770947223790|127.1144921531920318_37.5270044385361317|127.1141820098842743_37.5271054212045385|127.1139153828274857_37.5271641707955510|127.1135343578604022_37.5272039528378372
2026-09-04T03:35:30.187978+09:00,올림픽공원,올림픽공원,POI127,KEY_1,1230034800,강동대로,1230010403,성내유수지,127.1228341746085704_37.5263374209143734,1230053202,성내동 474,127.1214169266581280_37.5269574474404806,143.0,5.0,정체,127.1214169266581280_37.5269574474404806|127.1221246173486747_37.5266478458902597|127.1228341746085704_37.5263374209143734
2026-09-04T03:35:30.187978+09:00,올림픽공원,올림픽공원,POI127,KEY_1,1230034900,강동대로,1230053201,성내동 474,127.1214822863304903_37.5270522124399051,1230010404,성내유수지,127.1231026366477437_37.5263433289148836,163.0,44.7,원활,127.1231026366477437_37.5263433289148836|127.1221899776439983_37.5267426105018984|127.1214822863304903_37.5270522124399051
2026-09-04T03:35:30.187978+09:00,올림픽공원,올림픽공원,POI127,KEY_1,1230035100,올림픽로,1230053602,풍납사거리,127.1191638427110746_37.5279285363098012,1230053101,올림픽대교남단교차로,127.1177512410432087_37.5256417956853880,283.0,40.5,원활,127.1177512410432087_37.5256417956853880|127.1182052842400196_37.5263768247819911|127.1185296816843362_37.5269019665074097|127.1189218723730647_37.5275368423195701|127.1191638427110746_37.5279285363098012
2026-09-04T03:35:30.187978+09:00,올림픽공원,올림픽공원,POI127,KEY_1,1230077900,위례성대로16길,1230248000,방이동 200-3,127.1250899543352517_37.5123366148555277,1230042503,방이동 181-7,127.1253705911887266_37.5127664663946732,54.0,10.0,정체,127.1253705911887266_37.5127664663946732|127.1250899543352517_37.5123366148555277
2026-09-04T03:35:30.187978+09:00,올림픽공원,올림픽공원,POI127,KEY_1,1230079600,올림픽선수촌아파트내부길,1230042003,오륜초등학교,127.1334912399933756_37.5124937085259731,1230043502,방이동 89-28,127.1294335833399884_37.5137883314546841,392.0,22.0,서행,127.1294335833399884_37.5137883314546841|127.1324667918181888_37.5125501930643708|127.1334912399933756_37.5124937085259731
2026-09-04T03:35:30.187978+09:00,올림픽공원,올림픽공원,POI127,KEY_1,1230079700,올림픽선수촌아파트내부길,1230043501,방이동 89-28,127.1294965542968640_37.5138841169906101,1230042004,오륜초등학교,127.1335006130637026_37.5126015705990881,387.0,13.0,정체,127.1335006130637026_37.5126015705990881|127.1325039266811245_37.5126565247953394|127.1294965542968640_37.5138841169906101
2026-09-04T03:35:30.187978+09:00,올림픽공원,올림픽공원,POI127,KEY_1,1230081200,올림픽선수촌아파트내부길,1230332800,최소노드배치점,127.1337490189227708_37.5151722701553894,1230044602,올림픽공원동문교차로,127.1307066675273347_37.5157555807827805,292.0,12.0,정체,127.1307066675273347_37.5157555807827805|127.1324233734096509_37.5150503918994147|127.1325384533906515_37.5150232903922287|127.1330520009699256_37.5149959261979333|127.1331591568025914_37.5149985589094541|127.1337490189227708_37.5151722701553894
2026-09-04T03:35:30.187978+09:00,올림픽공원,올림픽공원,POI127,KEY_1,1230085700,양재대로.강동대로사이길,1230334700,최소노드배치점,127.1280130627585407_37.5175316488536268,1230050202,속성변화점,127.1283029621945957_37.5202980729066624,323.0,15.0,서행,127.1283029621945957_37.5202980729066624|127.1284869880934565_37.5198916490292831|127.1286040453807260_37.5194988449093358|127.1286401155603869_37.5191957029570418|127.1286322343100750_37.5188746212359092|127.1285506796273381_37.5184532831418807|127.1284264473650580_37.5181404522839657|127.1280130627585407_37.5175316488536268
2026-09-04T03:35:30.187978+09:00,올림픽공원,올림픽공원,POI127,KEY_1,1230085800,양재대로.강동대로사이길,1230334600,최소노드배치점,127.1281324577583263_37.5174802131984393,1230044604,올림픽공원동문교차로,127.1306432453781667_37.5158930503733714,333.0,20.0,서행,127.1306432453781667_37.5158930503733714|127.1304306419184798_37.5159439490849564|127.1278436313470053_37.5170548436271218|127.1281324577583263_37.5174802131984393
2026-09-04T03:35:30.187978+09:00,올림픽공원,올림픽공원,POI127,KEY_1,1230088200,양재대로.강동대로사이길,1230196800,꿈나무다리(남측),127.1283746340457981_37.5204440109063455,1230050201,속성변화점,127.1284296259339470_37.5203368866533751,13.0,11.0,정체,127.1284296259339470_37.5203368866533751|127.1283746340457981_37.5204440109063455
2026-09-04T03:35:30.187978+09:00,올림픽공원,올림픽공원,POI127,KEY_1,1230088300,양재대로.강동대로사이길,1230196500,꿈나무다리(북측),127.1281832207590128_37.5205312266587470,1230052703,올림픽공원북2문앞교차로,127.1278955398801997_37.5239676869855785,421.0,36.0,원활,127.1278955398801997_37.5239676869855785|127.1273300483411504_37.5230946179717293|127.1271761257750654_37.5227528147954175|127.1271136146098968_37.5224320685814590|127.1271364389473888_37.5221410644727129|127.1272519101088534_37.5217772550903916|127.1276017695838618_37.5212911085732799|127.1279442979174661_37.5209163958855996|127.1281570038538149_37.5205822745236119|127.1281832207590128_37.5205312266587470
2026-09-04T03:35:30.187978+09:00,올림픽공원,올림픽공원,POI127,KEY_1,1240030800,성안로,1249118500,성내동 450-2,127.1292262080433062_37.5246357770880579,1230052601,올림픽공원북2문,127.1287133329938257_37.5237339387489186,110.0,23.0,서행,127.1287133329938257_37.5237339387489186|127.1289764894649039_37.5241324489509367|127.1292262080433062_37.5246357770880579
2026-09-04T03:35:30.187978+09:00,올림픽공원,올림픽공원,POI127,KEY_1,1240031600,성내로14길,1249129200,성내동 492,127.1259457409445162_37.5257312228414079,1230052901,그린빌딩,127.1255719037447705_37.5252031128434638,67.0,23.0,서행,127.1255719037447705_37.5252031128434638|127.1259457409445162_37.5257312228414079
2026-09-04T03:35:30.187978+09:00,월드컵공원,월드컵공원,POI106,KEY_2,1130023901,성암로,1130045102,중동교,126.9008492951027023_37.5752640367100312,1130003202,중동교,126.9005739786039442_37.5754350244651292,31.0,37.5,원활,126.9005739786039442_37.5754350244651292|126.9008492951027023_37.5752640367100312
2026-09-04T03:35:30.187978+09:00,월드컵공원,월드컵공원,POI106,KEY_2,1130023902,성암로,1130044702,중동교,126.9013932137603007_37.5749262274768512,1130045102,중동교,126.9008492951027023_37.5752640367100312,61.0,42.0,원활,126.9008492951027023_37.5752640367100312|126.9013932137603007_37.5749262274768512
2026-09-04T03:35:30.187978+09:00,월드컵공원,월드컵공원,POI106,KEY_2,1130024001,성암로,1130003201,중동교,126.9006575479311749_37.5755202637415948,1130045101,중동교,126.9009328670204440_37.5753492743804642,31.0,47.0,원활,126.9009328670204440_37.5753492743804642|126.9006575479311749_37.5755202637415948
2026-09-04T03:35:30.187978+09:00,월드컵공원,월드컵공원,POI106,KEY_2,1130024002,성암로,1130045101,중동교,126.9009328670204440_37.5753492743804642,1130044701,중동교,126.9014751720981593_37.5750124364249984,61.0,51.0,원활,126.9014751720981593_37.5750124364249984|126.9009328670204440_37.5753492743804642
2026-09-04T03:35:30.187978+09:00,월드컵공원,월드컵공원,POI106,KEY_2,1110086400,증산로,1110025301,증산지하차도(북측),126.9039758261172608_37.5784870932225132,1130046401,은평구-마포구,126.9018567383502045_37.5764844121927837,291.0,75.0,원활,126.9018567383502045_37.5764844121927837|126.9027068325619041_37.5772894554844186|126.9035789940010091_37.5781100503089647|126.9039758261172608_37.5784870932225132
2026-09-04T03:35:30.187978+09:00,월드컵공원,월드컵공원,POI106,KEY_2,1110086500,증산로,1130046402,은평구-마포구,126.9017527415007578_37.5765539742255541,1110005500,증산교,126.9034752758808793_37.5781798772630822,236.0,66.0,원활,126.9034752758808793_37.5781798772630822|126.9026029745643172_37.5773591500215929|126.9017527415007578_37.5765539742255541
2026-09-04T03:35:30.187978+09:00,월드컵공원,월드컵공원,POI106,KEY_2,1130003900,강변북로,1130201400,최소노드배치점,126.8947142757485977_37.5570261297014412,1130034300,성산지하차도,126.8987170904777031_37.5621054838341308,789.0,72.5,원활,126.8987170904777031_37.5621054838341308|126.8969536987574855_37.5615846732236918|126.8963662923212468_37.5614278506331800|126.8961199007135576_37.5613335826976993|126.8958557676520229_37.5612106063692224|126.8956902323749318_37.5611203281630139|126.8954532341929990_37.5609760266916481|126.8951942332924432_37.5607743757100181|126.8949800523225804_37.5605872628649635|126.8948420294957060_37.5604291583902281|126.8947087021021645_37.5602460363635160|126.8946021053882873_37.5600916699249439|126.8944959424210310_37.5598836467254458|126.8944166539394161_37.5596864927554392|126.8943291310609283_37.5593962890377000|126.8942944005902547_37.5592458680922050|126.8942732661792689_37.5590812073427287|126.8942613210597443_37.5588915539580199|126.8942718716697442_37.5586984383601603|126.8943005688038568_37.5584839520411649|126.8943379626907983_37.5583052827078205|126.8944118820898979_37.5580552564431471|126.8947142757485977_37.5570261297014412
2026-09-04T03:35:30.187978+09:00,월드컵공원,월드컵공원,POI106,KEY_2,1130004402,강변북로,1130033200,성산대교,126.8911412406119865_37.5603058527702629,1130031800,성산대교(북측),126.8940421199747988_37.5581045142548078,356.0,66.0,원활,126.8940421199747988_37.5581045142548078|126.8937299682216917_37.5583640487572197|126.8932455301918196_37.5588122892025851|126.8927341561938960_37.5592568126717694|126.8923676674887275_37.5595661444779694|126.8920015830471186_37.5598253972085629|126.8918072327847568_37.5599639069689175|126.8911412406119865_37.5603058527702629
2026-09-04T03:35:30.187978+09:00,월드컵공원,월드컵공원,POI106,KEY_2,1130004404,강변북로,1130033700,난지IC,126.8896339776288613_37.5611813391795977,1130033200,성산대교,126.8911412406119865_37.5603058527702629,165.0,70.0,원활,126.8911412406119865_37.5603058527702629|126.8903331778963519_37.5607879615698508|126.8896389086477683_37.5611784867295526|126.8896339776288613_37.5611813391795977
2026-09-04T03:35:30.187978+09:00,월드컵공원,월드컵공원,POI106,KEY_2,1130005002,농수산시장로,1130034500,성산교,126.8989219885503985_37.5621373717947051,1130036303,평화의공원입구삼거리,126.8990860253315134_37.5639959273358528,207.0,52.3,원활,126.8990860253315134_37.5639959273358528|126.8989219885503985_37.5621373717947051
2026-09-04T03:35:30.187978+09:00,월드컵공원,월드컵공원,POI106,KEY_2,1130005003,농수산시장로,1130036304,평화의공원입구삼거리,126.8990929587228322_37.5641039888147077,1130037803,월드컵경기장앞교차로,126.8991063695936248_37.5662308077124507,236.0,43.0,원활,126.8991063695936248_37.5662308077124507|126.8991198200176740_37.5648080194228982|126.8990929587228322_37.5641039888147077
2026-09-04T03:35:30.187978+09:00,월드컵공원,월드컵공원,POI106,KEY_2,1130005102,농수산시장로,1130036302,평화의공원입구삼거리,126.8992213899087744_37.5639881918106582,1130034600,성산교,126.8990554846838847_37.5621485214101725,205.0,41.0,원활,126.8990554846838847_37.5621485214101725|126.8992213899087744_37.5639881918106582
2026-09-04T03:35:30.187978+09:00,월드컵공원,월드컵공원,POI106,KEY_2,1130005103,농수산시장로,1130037802,월드컵경기장앞교차로,126.8992424444353873_37.5662050990980205,1130036301,평화의공원입구삼거리,126.8992287189742001_37.5641007064985146,234.0,42.5,원활,126.8992287189742001_37.5641007064985146|126.8992556602302244_37.5648067848227996|126.8992424444353873_37.5662050990980205
2026-09-04T03:35:30.187978+09:00,월드컵공원,월드컵공원,POI106,KEY_2,1130005801,강변북로,1130035200,상암동487-92,126.8869824709277339_37.5627146689442810,1130033700,난지IC,126.8896339776288613_37.5611813391795977,290.0,73.0,원활,126.8896339776288613_37.5611813391795977|126.8869824709277339_37.5627146689442810
2026-09-04T03:35:30.187978+09:00,월드컵공원,월드컵공원,POI106,KEY_2,1130005802,강변북로,1130201300,최소노드배치점,126.8805715235547069_37.5664215207717902,1130035200,상암동487-92,126.8869824709277339_37.5627146689442810,700.0,86.7,원활,126.8869824709277339_37.5627146689442810|126.8805715235547069_37.5664215207717902
2026-09-04T03:35:30.187978+09:00,월드컵공원,월드컵공원,POI106,KEY_2,1130005803,강변북로,1130040700,난지하늘다리,126.8776788640752642_37.5680938393486130,1130037600,공중화장실중앙연결브릿지,126.8797079271903243_37.5669208029345754,222.0,85.5,원활,126.8797079271903243_37.5669208029345754|126.8776788640752642_37.5680938393486130
2026-09-04T03:35:30.187978+09:00,월드컵공원,월드컵공원,POI106,KEY_2,1130006101,월드컵로,1130038600,월드컵경기장교차로,126.8944428243858624_37.5671141661657799,1130039502,월드컵경기장교차로,126.8936587855695848_37.5675979976845014,88.0,8.0,정체,126.8936587855695848_37.5675979976845014|126.8939987637868825_37.5673753795305387|126.8944428243858624_37.5671141661657799
2026-09-04T03:35:30.187978+09:00,월드컵공원,월드컵공원,POI106,KEY_2,1130006102,월드컵로,1130163300,성산동 665,126.8953131844907887_37.5667064551793857,1130038600,월드컵경기장교차로,126.8944428243858624_37.5671141661657799,89.0,18.0,서행,126.8944428243858624_37.5671141661657799|126.8944875832715411_37.5670878367418126|126.8948936159094245_37.5668809204063052|126.8953131844907887_37.5667064551793857
2026-09-04T03:35:30.187978+09:00,월드컵공원,월드컵공원,POI106,KEY_2,1130006201,월드컵로,1130039501,월드컵경기장교차로,126.8937381162322424_37.5676860539947057,1130038900,월드컵경기장교차로,126.8945235506847951_37.5672011186045438,88.0,12.0,정체,126.8945235506847951_37.5672011186045438|126.8940823287928907_37.5674606625682159|126.8937381162322424_37.5676860539947057
2026-09-04T03:35:30.187978+09:00,월드컵공원,월드컵공원,POI106,KEY_2,1130006202,월드컵로,1130185900,성산동 665,126.8974372806954136_37.5663634229440433,1130037804,월드컵경기장앞교차로,126.8991050235384819_37.5663389215532177,147.0,35.0,원활,126.8991050235384819_37.5663389215532177|126.8981580057296981_37.5663314468831757|126.8977341761823681_37.5663443972156230|126.8977059872391635_37.5663452584893349|126.8974372806954136_37.5663634229440433
2026-09-04T03:35:30.187978+09:00,월드컵공원,월드컵공원,POI106,KEY_2,1130006302,강변북로,1130038204,하늘공원삼거리,126.8927750177231246_37.5668119719618616,1130038800,월드컵경기장,126.8930701997771990_37.5671361630912628,44.0,42.0,서행,126.8930701997771990_37.5671361630912628|126.8927750177231246_37.5668119719618616
2026-09-04T03:35:30.187978+09:00,월드컵공원,월드컵공원,POI106,KEY_2,1130006303,강변북로,1130038800,월드컵경기장,126.8930701997771990_37.5671361630912628,1130039503,월드컵경기장교차로,126.8935547123719658_37.5676679324827774,73.0,52.0,원활,126.8935547123719658_37.5676679324827774|126.8930701997771990_37.5671361630912628
2026-09-04T03:35:30.187978+09:00,월드컵공원,월드컵공원,POI106,KEY_2,1130006402,강변북로,1130038500,월드컵경기장,126.8931801682920337_37.5670727001149629,1130038201,하늘공원삼거리,126.8928849981851243_37.5667485225148923,44.0,11.0,정체,126.8928849981851243_37.5667485225148923|126.8931801682920337_37.5670727001149629
2026-09-04T03:35:30.187978+09:00,월드컵공원,월드컵공원,POI106,KEY_2,1130006403,강변북로,1130039502,월드컵경기장교차로,126.8936587855695848_37.5675979976845014,1130038500,월드컵경기장,126.8931801682920337_37.5670727001149629,72.0,36.0,서행,126.8931801682920337_37.5670727001149629|126.8936587855695848_37.5675979976845014
2026-09-04T03:35:30.187978+09:00,월드컵공원,월드컵공원,POI106,KEY_2,1130006701,증산로,1130039504,월드컵경기장교차로,126.8936341225956426_37.5677562478545823,1130040500,월드컵경기장,126.8940928477794330_37.5682720534531640,70.0,19.0,서행,126.8940928477794330_37.5682720534531640|126.8936341225956426_37.5677562478545823
2026-09-04T03:35:30.187978+09:00,월드컵공원,월드컵공원,POI106,KEY_2,1130006702,증산로,1130040500,월드컵경기장,126.8940928477794330_37.5682720534531640,1130041002,속성변화점,126.8945908282671553_37.5688321429532905,76.0,9.0,정체,126.8945908282671553_37.5688321429532905|126.8940928477794330_37.5682720534531640
2026-09-04T03:35:30.187978+09:00,월드컵공원,월드컵공원,POI106,KEY_2,1130006703,증산로,1130041002,속성변화점,126.8945908282671553_37.5688321429532905,1130041802,월드컵터널(남측),126.8952351960387688_37.5695567787868399,99.0,19.0,서행,126.8952351960387688_37.5695567787868399|126.8945908282671553_37.5688321429532905
2026-09-04T03:35:30.187978+09:00,월드컵공원,월드컵공원,POI106,KEY_2,1130006704,증산로,1130041802,월드컵터널(남측),126.8952351960387688_37.5695567787868399,1130042700,월드컵터널(북측),126.8984500525647974_37.5731087375812649,486.0,19.0,서행,126.8984500525647974_37.5731087375812649|126.8952351960387688_37.5695567787868399
2026-09-04T03:35:30.187978+09:00,월드컵공원,월드컵공원,POI106,KEY_2,1130006705,증산로,1130042700,월드컵터널(북측),126.8984500525647974_37.5731087375812649,1130043203,상암사거리,126.8987259999710346_37.5734116062475536,42.0,19.0,서행,126.8987259999710346_37.5734116062475536|126.8984500525647974_37.5731087375812649
2026-09-04T03:35:30.187978+09:00,월드컵공원,월드컵공원,POI106,KEY_2,1130006801,증산로,1130040300,월드컵경기장,126.8942037166999768_37.5682095895477133,1130039501,월드컵경기장교차로,126.8937381162322424_37.5676860539947057,71.0,37.0,원활,126.8937381162322424_37.5676860539947057|126.8942037166999768_37.5682095895477133
2026-09-04T03:35:30.187978+09:00,월드컵공원,월드컵공원,POI106,KEY_2,1130006802,증산로,1130041001,속성변화점,126.8947017012762615_37.5687696816076766,1130040300,월드컵경기장,126.8942037166999768_37.5682095895477133,76.0,40.3,원활,126.8942037166999768_37.5682095895477133|126.8947017012762615_37.5687696816076766
2026-09-04T03:35:30.187978+09:00,월드컵공원,월드컵공원,POI106,KEY_2,1130006803,증산로,1130041801,월드컵터널(남측),126.8953457382357044_37.5694939484396357,1130041001,속성변화점,126.8947017012762615_37.5687696816076766,98.0,72.0,원활,126.8947017012762615_37.5687696816076766|126.8953457382357044_37.5694939484396357
2026-09-04T03:35:30.187978+09:00,월드컵공원,월드컵공원,POI106,KEY_2,1130006804,증산로,1130042600,월드컵터널(북측),126.8985600196672294_37.5730452642534374,1130041801,월드컵터널(남측),126.8953457382357044_37.5694939484396357,486.0,52.0,원활,126.8953457382357044_37.5694939484396357|126.8985600196672294_37.5730452642534374
2026-09-04T03:35:30.187978+09:00,월드컵공원,월드컵공원,POI106,KEY_2,1130006805,증산로,1130043202,상암사거리,126.8988336866391791_37.5733456292449119,1130042600,월드컵터널(북측),126.8985600196672294_37.5730452642534374,41.0,12.0,정체,126.8985600196672294_37.5730452642534374|126.8988336866391791_37.5733456292449119
2026-09-04T03:35:30.187978+09:00,월드컵공원,월드컵공원,POI106,KEY_2,1130007001,강변북로,1130199200,최소노드배치점,126.8730919539536188_37.5707453440919394,1130040700,난지하늘다리,126.8776788640752642_37.5680938393486130,501.0,86.0,원활,126.8776788640752642_37.5680938393486130|126.8730919539536188_37.5707453440919394
2026-09-04T03:35:30.187978+09:00,월드컵공원,월드컵공원,POI106,KEY_2,1130007101,증산로,1130043204,상암사거리,126.8988065387872979_37.5734987293495166,1130043500,성산동491-1,126.8990562961894852_37.5737647959106411,37.0,10.0,정체,126.8990562961894852_37.5737647959106411|126.8988065387872979_37.5734987293495166
2026-09-04T03:35:30.187978+09:00,월드컵공원,월드컵공원,POI106,KEY_2,1130007102,증산로,1130043500,성산동491-1,126.8990562961894852_37.5737647959106411,1130044402,증산지하차도(남측),126.8995968764490669_37.5743540467505426,81.0,49.0,원활,126.8995968764490669_37.5743540467505426|126.8992398926530143_37.5739603793572670|126.8990562961894852_37.5737647959106411
2026-09-04T03:35:30.187978+09:00,월드컵공원,월드컵공원,POI106,KEY_2,1130007201,증산로,1130044100,성산동488-2,126.8993493776716974_37.5738963850184291,1130043201,상암사거리,126.8989143573968192_37.5734329477853279,64.0,45.0,원활,126.8989143573968192_37.5734329477853279|126.8991651175588800_37.5737000821793430|126.8993493776716974_37.5738963850184291
2026-09-04T03:35:30.187978+09:00,월드컵공원,월드컵공원,POI106,KEY_2,1130007202,증산로,1130044401,증산지하차도(남측),126.8997070239019962_37.5742907695769190,1130044100,성산동488-2,126.8993493776716974_37.5738963850184291,54.0,55.0,원활,126.8993493776716974_37.5738963850184291|126.8997070239019962_37.5742907695769190
2026-09-04T03:35:30.187978+09:00,월드컵공원,월드컵공원,POI106,KEY_2,1130007501,증산로,1130044402,증산지하차도(남측),126.8995968764490669_37.5743540467505426,1130046402,은평구-마포구,126.9017527415007578_37.5765539742255541,310.0,65.0,원활,126.9017527415007578_37.5765539742255541|126.9006134456184895_37.5754750169051093|126.8995968764490669_37.5743540467505426
2026-09-04T03:35:30.187978+09:00,월드컵공원,월드컵공원,POI106,KEY_2,1130007601,증산로,1130046401,은평구-마포구,126.9018567383502045_37.5764844121927837,1130044401,증산지하차도(남측),126.8997070239019962_37.5742907695769190,309.0,71.0,원활,126.8997070239019962_37.5742907695769190|126.9007206641610566_37.5754085065304366|126.9018567383502045_37.5764844121927837
2026-09-04T03:35:30.187978+09:00,월드컵공원,월드컵공원,POI106,KEY_2,1130021902,월드컵로,1130037503,상암교,126.8999592062094877_37.5659752555764754,1130037802,월드컵경기장앞교차로,126.8992424444353873_37.5662050990980205,68.0,37.7,원활,126.8992424444353873_37.5662050990980205|126.8999592062094877_37.5659752555764754
2026-09-04T03:35:30.187978+09:00,월드컵공원,월드컵공원,POI106,KEY_2,1130022002,월드컵로,1130037801,월드컵경기장앞교차로,126.8992931976572294_37.5663053862595930,1130037504,상암교,126.9000099608666687_37.5660755432390019,68.0,29.0,원활,126.9000099608666687_37.5660755432390019|126.8992931976572294_37.5663053862595930
2026-09-04T03:35:30.187978+09:00,월드컵공원,월드컵공원,POI106,KEY_2,1130023301,월드컵로,1130194500,최소노드배치점,126.8902328706012668_37.5703701596385145,1130042903,월드컵파크3단지교차로,126.8881223856412817_37.5729458818583879,342.0,55.0,원활,126.8881223856412817_37.5729458818583879|126.8883908114686676_37.5726703780645437|126.8894393624499486_37.5713326055581973|126.8900333463798376_37.5705864698741436|126.8902328706012668_37.5703701596385145
2026-09-04T03:35:30.187978+09:00,월드컵공원,월드컵공원,POI106,KEY_2,1130023302,월드컵로,1130039503,월드컵경기장교차로,126.8935547123719658_37.5676679324827774,1130039900,월드컵경기장,126.8929039986858243_37.5681184361734708,76.0,16.0,서행,126.8929039986858243_37.5681184361734708|126.8935547123719658_37.5676679324827774
2026-09-04T03:35:30.187978+09:00,월드컵공원,월드컵공원,POI106,KEY_2,1130023401,월드컵로,1130194400,최소노드배치점,126.8903423639994941_37.5704341460450308,1130040200,월드컵경기장,126.8929931387771859_37.5682000156307865,342.0,50.0,원활,126.8929931387771859_37.5682000156307865|126.8923026998431283_37.5686797885601820|126.8915863422657537_37.5692546075148286|126.8909882827659459_37.5698007733940003|126.8905327633387543_37.5702277271571177|126.8903423639994941_37.5704341460450308
2026-09-04T03:35:30.187978+09:00,월드컵공원,월드컵공원,POI106,KEY_2,1130023402,월드컵로,1130040200,월드컵경기장,126.8929931387771859_37.5682000156307865,1130039504,월드컵경기장교차로,126.8936341225956426_37.5677562478545823,75.0,35.0,원활,126.8936341225956426_37.5677562478545823|126.8929931387771859_37.5682000156307865
2026-09-04T03:35:30.187978+09:00,월드컵공원,월드컵공원,POI106,KEY_2,1130024101,하늘공원로,1130002802,난지하늘다리,126.8790067890186322_37.5679013379083457,1130041503,하늘공원입구교차로,126.8805494049825313_37.5695878566951720,232.0,36.0,원활,126.8805494049825313_37.5695878566951720|126.8790067890186322_37.5679013379083457
2026-09-04T03:35:30.187978+09:00,월드컵공원,월드컵공원,POI106,KEY_2,1130024102,하늘공원로,1130041504,하늘공원입구교차로,126.8806278182475182_37.5696761433924351,1130041704,하늘공원입구,126.8809741483384101_37.5700782293513740,54.0,38.5,원활,126.8809741483384101_37.5700782293513740|126.8806278182475182_37.5696761433924351
2026-09-04T03:35:30.187978+09:00,월드컵공원,월드컵공원,POI106,KEY_2,1130024103,하늘공원로,1130041701,하늘공원입구,126.8811070905664735_37.5702303720602799,1130043603,난지천공원축구장,126.8832904519065465_37.5736664016871273,438.0,36.0,원활,126.8832904519065465_37.5736664016871273|126.8832169793506921_37.5729168480731701|126.8831824572262690_37.5727274419921073|126.8831078471530418_37.5725393395911809|126.8829989250993293_37.5723516491287413|126.8820815554522596_37.5713438253104854|126.8811070905664735_37.5702303720602799
2026-09-04T03:35:30.187978+09:00,월드컵공원,월드컵공원,POI106,KEY_2,1130024104,하늘공원로,1130119100,상암동 478-1,126.8819036280695087_37.5750167829500512,1130046903,난지천공원입구교차로,126.8808038386050328_37.5774410688980609,370.0,36.0,원활,126.8808038386050328_37.5774410688980609|126.8806469221033382_37.5773811452822457|126.8800689661548375_37.5768267465542394|126.8799824556043774_37.5766672971433522|126.8799754600303658_37.5765294406676063|126.8800473960555451_37.5764096023066756|126.8803622906001038_37.5761449134077097|126.8819036280695087_37.5750167829500512
2026-09-04T03:35:30.187978+09:00,월드컵공원,월드컵공원,POI106,KEY_2,1130024201,하늘공원로,1130041502,하늘공원입구교차로,126.8806600810001157_37.5695245329108189,1130002801,난지하늘다리,126.8791284445894973_37.5678284485748435,232.0,35.0,원활,126.8791284445894973_37.5678284485748435|126.8806600810001157_37.5695245329108189
2026-09-04T03:35:30.187978+09:00,월드컵공원,월드컵공원,POI106,KEY_2,1130024202,하늘공원로,1130041703,하늘공원입구,126.8810861781607002_37.5700170935686444,1130041501,하늘공원입구교차로,126.8807398575677894_37.5696150047872237,54.0,53.0,원활,126.8807398575677894_37.5696150047872237|126.8810861781607002_37.5700170935686444
2026-09-04T03:35:30.187978+09:00,월드컵공원,월드컵공원,POI106,KEY_2,1130024203,하늘공원로,1130043602,난지천공원축구장,126.8834195956951163_37.5735938769844608,1130041702,하늘공원입구,126.8812185486830089_37.5701685727438743,438.0,51.0,원활,126.8812185486830089_37.5701685727438743|126.8821922954406176_37.5712812032115693|126.8831166935827923_37.5722967465541373|126.8832347852110303_37.5725002386121716|126.8833153084836312_37.5727032474265030|126.8833520577633180_37.5729048686507099|126.8834195956951163_37.5735938769844608
2026-09-04T03:35:30.187978+09:00,월드컵공원,월드컵공원,POI106,KEY_2,1130024204,하늘공원로,1130119200,상암동 1538,126.8819955811620872_37.5750963663371991,1130043601,난지천공원축구장,126.8834290475820268_37.5737208916380823,206.0,33.0,원활,126.8834290475820268_37.5737208916380823|126.8834287565967287_37.5739075718971094|126.8834008524211328_37.5740288704340273|126.8833040852893816_37.5741386069257430|126.8819955811620872_37.5750963663371991
2026-09-04T03:35:30.187978+09:00,월드컵공원,월드컵공원,POI106,KEY_2,1130024301,월드컵북로,1130007103,중암교앞교차로,126.9003567074412331_37.5722443668917450,1130043101,성산동산50-10,126.8992002042206764_37.5730978684736385,139.0,25.0,원활,126.8992002042206764_37.5730978684736385|126.8993140126868582_37.5730209341606027|126.8995630326002555_37.5728426565414608|126.8997381790937737_37.5727172653403443|126.9003567074412331_37.5722443668917450
2026-09-04T03:35:30.187978+09:00,월드컵공원,월드컵공원,POI106,KEY_2,1130024302,월드컵북로,1130043101,성산동산50-10,126.8992002042206764_37.5730978684736385,1130043202,상암사거리,126.8988336866391791_37.5733456292449119,42.0,35.0,원활,126.8988336866391791_37.5733456292449119|126.8992002042206764_37.5730978684736385
2026-09-04T03:35:30.187978+09:00,월드컵공원,월드컵공원,POI106,KEY_2,1130024400,월드컵북로,1130043201,상암사거리,126.8989143573968192_37.5734329477853279,1130007104,중암교앞교차로,126.9003625466799292_37.5723898224647499,173.0,10.0,정체,126.9003625466799292_37.5723898224647499|126.8998306758195156_37.5727964656059541|126.8996538747944385_37.5729230417552316|126.8994034193962932_37.5731023476670956|126.8992881390889664_37.5731802764086069|126.8989143573968192_37.5734329477853279
2026-09-04T03:35:30.187978+09:00,월드컵공원,월드컵공원,POI106,KEY_2,1130024500,월드컵로,1130042904,월드컵파크3단지교차로,126.8880419598859106_37.5730202691865927,1130007302,디지털미디어시티입구교차로,126.8865044792722472_37.5740977172547161,181.0,16.0,서행,126.8865044792722472_37.5740977172547161|126.8871887145199224_37.5736835642442912|126.8876417608668987_37.5733592229529521|126.8880419598859106_37.5730202691865927
2026-09-04T03:35:30.187978+09:00,월드컵공원,월드컵공원,POI106,KEY_2,1130024600,월드컵로,1130007301,디지털미디어시티입구교차로,126.8865867067047475_37.5741837779433610,1130042901,월드컵파크3단지교차로,126.8881409491589523_37.5730943102150050,183.0,44.0,원활,126.8881409491589523_37.5730943102150050|126.8877368451630474_37.5734365727853401|126.8872753969699261_37.5737669286614562|126.8865867067047475_37.5741837779433610
2026-09-04T03:35:30.187978+09:00,월드컵공원,월드컵공원,POI106,KEY_2,1130024700,매봉산로,1130042901,월드컵파크3단지교차로,126.8881409491589523_37.5730943102150050,1130044603,월드컵파크2단지사거리,126.8900041088949990_37.5748995117424016,259.0,24.0,서행,126.8900041088949990_37.5748995117424016|126.8887517450962719_37.5736649009094705|126.8882989940305492_37.5732185545011106|126.8881409491589523_37.5730943102150050
2026-09-04T03:35:30.187978+09:00,월드컵공원,월드컵공원,POI106,KEY_2,1130024800,매봉산로,1130143300,상암동 1718,126.8888574380232797_37.5735969833114538,1130042902,월드컵파크3단지교차로,126.8882297303751585_37.5730121388944696,85.0,20.0,서행,126.8882297303751585_37.5730121388944696|126.8883998868334544_37.5731459054289232|126.8888574380232797_37.5735969833114538
2026-09-04T03:35:30.187978+09:00,월드컵공원,월드컵공원,POI106,KEY_2,1130024900,상암산로,1130007304,디지털미디어시티입구교차로,126.8864778921370515_37.5742486322207014,1130045803,월드컵파크4단지앞교차로,126.8882742497551561_37.5760131281143472,252.0,27.0,원활,126.8882742497551561_37.5760131281143472|126.8864778921370515_37.5742486322207014
2026-09-04T03:35:30.187978+09:00,월드컵공원,월드컵공원,POI106,KEY_2,1130025000,상암산로,1130045802,월드컵파크4단지앞교차로,126.8883797106704350_37.5759449782012638,1130007301,디지털미디어시티입구교차로,126.8865867067047475_37.5741837779433610,252.0,18.0,서행,126.8865867067047475_37.5741837779433610|126.8883797106704350_37.5759449782012638
2026-09-04T03:35:30.187978+09:00,월드컵공원,월드컵공원,POI106,KEY_2,1130025201,월드컵로,1130200200,최소노드배치점,126.8837926199325068_37.5758224723070740,1130007304,디지털미디어시티입구교차로,126.8864778921370515_37.5742486322207014,295.0,33.0,원활,126.8864778921370515_37.5742486322207014|126.8837926199325068_37.5758224723070740
2026-09-04T03:35:30.187978+09:00,월드컵공원,월드컵공원,POI106,KEY_2,1130025501,월드컵북로,1130043203,상암사거리,126.8987259999710346_37.5734116062475536,1130043300,상암동24-59,126.8983553249005070_37.5736156835259791,40.0,7.0,정체,126.8983553249005070_37.5736156835259791|126.8987259999710346_37.5734116062475536
2026-09-04T03:35:30.187978+09:00,월드컵공원,월드컵공원,POI106,KEY_2,1130025601,월드컵북로,1130043400,상암동24-59,126.8984326017897075_37.5737046034107323,1130043204,상암사거리,126.8988065387872979_37.5734987293495166,40.0,40.5,원활,126.8988065387872979_37.5734987293495166|126.8984326017897075_37.5737046034107323
2026-09-04T03:35:30.187978+09:00,월드컵공원,월드컵공원,POI106,KEY_2,1130026101,월드컵로,1130200300,최소노드배치점,126.8837120711249611_37.5757354111488198,1130046902,난지천공원입구교차로,126.8809731670700387_37.5773405521763664,300.0,40.0,원활,126.8809731670700387_37.5773405521763664|126.8837120711249611_37.5757354111488198
2026-09-04T03:35:30.187978+09:00,월드컵공원,월드컵공원,POI106,KEY_2,1130026701,성암로,1130003202,중동교,126.9005739786039442_37.5754350244651292,1130045502,상암동 1154-1,126.9002568597358760_37.5756319717856542,36.0,36.0,원활,126.9002568597358760_37.5756319717856542|126.9005739786039442_37.5754350244651292
2026-09-04T03:35:30.187978+09:00,월드컵공원,월드컵공원,POI106,KEY_2,1130026801,성암로,1130046001,수색역(서측),126.8995757632913666_37.5762295729790523,1130003201,중동교,126.9006575479311749_37.5755202637415948,124.0,32.0,원활,126.9006575479311749_37.5755202637415948|126.9003404289748858_37.5757172113524263|126.9002329685327624_37.5757839495594794|126.9001030333946005_37.5758646453959528|126.8995757632913666_37.5762295729790523
2026-09-04T03:35:30.187978+09:00,월드컵공원,월드컵공원,POI106,KEY_2,1130026803,성암로,1130047001,디지털미디어시티역(공항철도),126.8978269624122817_37.5774398889533572,1130046004,수색역(서측),126.8994732524635225_37.5763005208021355,193.0,32.0,원활,126.8994732524635225_37.5763005208021355|126.8987554448355439_37.5767973097372874|126.8986528917860852_37.5768682850013249|126.8978269624122817_37.5774398889533572
2026-09-04T03:35:30.187978+09:00,월드컵공원,월드컵공원,POI106,KEY_2,1130026805,성암로,1130008001,성암삼거리,126.8948085001043040_37.5794897016194511,1130047004,디지털미디어시티역(공항철도),126.8977228468471594_37.5775112990256872,338.0,32.0,원활,126.8977228468471594_37.5775112990256872|126.8968720930318739_37.5780888511044466|126.8964379623555487_37.5783835639945067|126.8956337334028035_37.5789295104891039|126.8948085001043040_37.5794897016194511
2026-09-04T03:35:30.187978+09:00,월드컵공원,월드컵공원,POI106,KEY_2,1130026902,가양대로,1130046200,상암동1548-2,126.8667080698376282_37.5766573573538807,1130047202,마포구-고양시덕양구,126.8685200397426769_37.5777218494147363,200.0,73.0,원활,126.8685200397426769_37.5777218494147363|126.8678276058587073_37.5774019125309451|126.8673500858389929_37.5771027767939287|126.8667080698376282_37.5766573573538807
2026-09-04T03:35:30.187978+09:00,월드컵공원,월드컵공원,POI106,KEY_2,1130027001,가양대로,1130046100,상암동1548-2,126.8668103712872721_37.5765861618658121,1130003101,가양대교북측(북측),126.8653879037502890_37.5751176402787053,206.0,79.0,원활,126.8653879037502890_37.5751176402787053|126.8658129554851399_37.5756464246818354|126.8661297220612170_37.5759666290461709|126.8668103712872721_37.5765861618658121
2026-09-04T03:35:30.187978+09:00,월드컵공원,월드컵공원,POI106,KEY_2,1130027002,가양대로,1130047201,마포구-고양시덕양구,126.8685875400640697_37.5776283095015344,1130046100,상암동1548-2,126.8668103712872721_37.5765861618658121,196.0,75.0,원활,126.8668103712872721_37.5765861618658121|126.8674367739413071_37.5770194394513553|126.8679047056204325_37.5773125680000035|126.8685875400640697_37.5776283095015344
2026-09-04T03:35:30.187978+09:00,월드컵공원,월드컵공원,POI106,KEY_2,1130027301,월드컵로,1130046903,난지천공원입구교차로,126.8808038386050328_37.5774410688980609,2180129202,마포구-고양시덕양구,126.8763952068496508_37.5799982060491828,482.0,37.0,원활,126.8763952068496508_37.5799982060491828|126.8773632316619029_37.5794867425515520|126.8808038386050328_37.5774410688980609
2026-09-04T03:35:30.187978+09:00,월드컵공원,월드컵공원,POI106,KEY_2,1130027401,월드컵로,2180129201,마포구-고양시덕양구,126.8764749226956496_37.5800874255298964,1130046904,난지천공원입구교차로,126.8809936867214532_37.5774631452153756,494.0,25.0,원활,126.8809936867214532_37.5774631452153756|126.8774448794777925_37.5795731569323479|126.8764749226956496_37.5800874255298964
2026-09-04T03:35:30.187978+09:00,월드컵공원,월드컵공원,POI106,KEY_2,1130057700,강변북로,1130033200,성산대교,126.8911412406119865_37.5603058527702629,1130032600,성산대교(북측),126.8944996981634006_37.5595429958823459,326.0,52.3,원활,126.8944996981634006_37.5595429958823459|126.8943293941725443_37.5594872710125642|126.8941530411086944_37.5594386700603451|126.8939286622046154_37.5594017467735526|126.8937640802613203_37.5593794378865411|126.8935933902019855_37.5593714067652158|126.8934495642020437_37.5593754378597282|126.8932726515631657_37.5593959919852907|126.8931075851383383_37.5594333006925396|126.8929244098583382_37.5594872098278643|126.8926237686871303_37.5596192130071884|126.8919590517301259_37.5599472802490411|126.8911412406119865_37.5603058527702629
2026-09-04T03:35:30.187978+09:00,월드컵공원,월드컵공원,POI106,KEY_2,1130059800,강변북로,1130035300,난지IC,126.8898104030113245_37.5629860660037380,1130033700,난지IC,126.8896339776288613_37.5611813391795977,226.0,55.7,원활,126.8896339776288613_37.5611813391795977|126.8894176020147597_37.5614684878669536|126.8893153300090262_37.5616110476746101|126.8892318793200928_37.5617417805528220|126.8891819829926249_37.5618905729018380|126.8891735935308986_37.5620008271417234|126.8891911726312003_37.5621410260356967|126.8892312918061833_37.5622723973896910|126.8892941471643923_37.5623710965022468|126.8893792510292542_37.5624967390930635|126.8895054254927999_37.5626374991353629|126.8898104030113245_37.5629860660037380
2026-09-04T03:35:30.187978+09:00,월드컵공원,월드컵공원,POI106,KEY_2,1130060400,강변북로,1130035300,난지IC,126.8898104030113245_37.5629860660037380,1130035400,난지IC,126.8887404508207766_37.5627647059584433,207.0,51.0,원활,126.8887404508207766_37.5627647059584433|126.8886217917344226_37.5626210023311842|126.8885403597886921_37.5625043212687686|126.8885296857777973_37.5624357030392346|126.8885453230687261_37.5623552966885796|126.8886058453901313_37.5622810846940212|126.8887074127081576_37.5622249709323057|126.8888236168811687_37.5622106680788406|126.8889059247495226_37.5622200366281618|126.8890104334459892_37.5622623123526296|126.8890997191290637_37.5623343182722351|126.8894897171077929_37.5627268488306711|126.8898104030113245_37.5629860660037380
2026-09-04T03:35:30.187978+09:00,월드컵공원,월드컵공원,POI106,KEY_2,1130060800,강변북로,1130035200,상암동487-92,126.8869824709277339_37.5627146689442810,1130035400,난지IC,126.8887404508207766_37.5627647059584433,165.0,61.7,원활,126.8887404508207766_37.5627647059584433|126.8885876752644322_37.5626715034093053|126.8884571255752434_37.5626082257223715|126.8883226842041552_37.5625628136654015|126.8881731187654225_37.5625352097352447|126.8880346660856162_37.5625225681853436|126.8879298166337293_37.5625220245149123|126.8877874234350571_37.5625332102818064|126.8876637043857301_37.5625504548253915|126.8874648490535719_37.5625971199513131|126.8869824709277339_37.5627146689442810
2026-09-04T03:35:30.187978+09:00,월드컵공원,월드컵공원,POI106,KEY_2,1130061400,강변북로,1130035400,난지IC,126.8887404508207766_37.5627647059584433,1130036802,월드컵대교북단(북측),126.8904690310220502_37.5644096741189699,238.0,56.0,원활,126.8904690310220502_37.5644096741189699|126.8901651684740699_37.5641182988978670|126.8887404508207766_37.5627647059584433
2026-09-04T03:35:30.187978+09:00,월드컵공원,월드컵공원,POI106,KEY_2,1130061500,월드컵로,1130036303,평화의공원입구삼거리,126.8990860253315134_37.5639959273358528,1130036402,월드컵공원관리사업소,126.8977744243629928_37.5640083581478237,116.0,18.0,서행,126.8977744243629928_37.5640083581478237|126.8990860253315134_37.5639959273358528
2026-09-04T03:35:30.187978+09:00,월드컵공원,월드컵공원,POI106,KEY_2,1130061600,월드컵로,1130036401,월드컵공원관리사업소,126.8977760412117561_37.5641164700524541,1130036304,평화의공원입구삼거리,126.8990929587228322_37.5641039888147077,116.0,15.0,서행,126.8990929587228322_37.5641039888147077|126.8977760412117561_37.5641164700524541
2026-09-04T03:35:30.187978+09:00,월드컵공원,월드컵공원,POI106,KEY_2,1130062900,강변북로,1130002801,난지하늘다리,126.8791284445894973_37.5678284485748435,1130037600,공중화장실중앙연결브릿지,126.8797079271903243_37.5669208029345754,122.0,42.0,서행,126.8797079271903243_37.5669208029345754|126.8793072989835622_37.5672575978672327|126.8791033450198142_37.5674651956459158|126.8790652029663732_37.5675484635056307|126.8790741844070027_37.5676319787488211|126.8790921421632021_37.5677244852051189|126.8791284445894973_37.5678284485748435
2026-09-04T03:35:30.187978+09:00,월드컵공원,월드컵공원,POI106,KEY_2,1130063000,강변북로,1130038600,월드컵경기장교차로,126.8944428243858624_37.5671141661657799,1130038500,월드컵경기장,126.8931801682920337_37.5670727001149629,125.0,43.0,서행,126.8931801682920337_37.5670727001149629|126.8933897681488503_37.5672261579097437|126.8935813632224097_37.5672787759108360|126.8937879608320429_37.5673123366294135|126.8939706670349068_37.5672981975568163|126.8942043606884340_37.5672316578597290|126.8944428243858624_37.5671141661657799
2026-09-04T03:35:30.187978+09:00,월드컵공원,월드컵공원,POI106,KEY_2,1130063400,증산로,1130040300,월드컵경기장,126.8942037166999768_37.5682095895477133,1130038900,월드컵경기장교차로,126.8945235506847951_37.5672011186045438,132.0,37.0,원활,126.8945235506847951_37.5672011186045438|126.8941591507406628_37.5674342485064017|126.8940661142988517_37.5675724300144651|126.8940569783548256_37.5676796970297389|126.8940746403386015_37.5678966464311941|126.8941013742459489_37.5680516235913231|126.8942037166999768_37.5682095895477133
2026-09-04T03:35:30.187978+09:00,월드컵공원,월드컵공원,POI106,KEY_2,1130063500,강변북로,1130038800,월드컵경기장,126.8930701997771990_37.5671361630912628,1130039900,월드컵경기장,126.8929039986858243_37.5681184361734708,118.0,52.0,원활,126.8929039986858243_37.5681184361734708|126.8931462963787595_37.5678481327790266|126.8931914230922331_37.5677051397006991|126.8932036109160464_37.5675597336768163|126.8931828577785836_37.5674119138146949|126.8930701997771990_37.5671361630912628
2026-09-04T03:35:30.187978+09:00,월드컵공원,월드컵공원,POI106,KEY_2,1130063800,강변북로,1130040700,난지하늘다리,126.8776788640752642_37.5680938393486130,1130002802,난지하늘다리,126.8790067890186322_37.5679013379083457,127.0,49.0,서행,126.8790067890186322_37.5679013379083457|126.8788308435538426_37.5678095595811072|126.8786737572404633_37.5677848848747118|126.8783510034137123_37.5678666541355639|126.8776788640752642_37.5680938393486130
2026-09-04T03:35:30.187978+09:00,월드컵공원,월드컵공원,POI106,KEY_2,1130063900,월드컵로,1130040200,월드컵경기장,126.8929931387771859_37.5682000156307865,1130040500,월드컵경기장,126.8940928477794330_37.5682720534531640,109.0,49.0,원활,126.8940928477794330_37.5682720534531640|126.8939125656522293_37.5681444259831849|126.8937000263679380_37.5680751014343741|126.8935293686126613_37.5680391898499764|126.8933975868422834_37.5680438380959885|126.8931848928623936_37.5680841726191517|126.8929931387771859_37.5682000156307865
2026-09-04T03:35:30.187978+09:00,월드컵공원,월드컵공원,POI106,KEY_2,1130065600,증산로,1130042100,속성변화점,126.8962751836689620_37.5706745501291124,1130041801,월드컵터널(남측),126.8953457382357044_37.5694939484396357,186.0,47.0,원활,126.8953457382357044_37.5694939484396357|126.8959901880873531_37.5699362475398502|126.8963117579864530_37.5702168759129691|126.8964882429743852_37.5703743670373029|126.8965301036916884_37.5704244657172666|126.8965179988444589_37.5705150429433061|126.8964640067656120_37.5705745928165271|126.8962751836689620_37.5706745501291124
2026-09-04T03:35:30.187978+09:00,월드컵공원,월드컵공원,POI106,KEY_2,1130065700,증산로,1130041802,월드컵터널(남측),126.8952351960387688_37.5695567787868399,1130042100,속성변화점,126.8962751836689620_37.5706745501291124,175.0,27.0,원활,126.8962751836689620_37.5706745501291124|126.8961193477791625_37.5707435455473870|126.8960085430591676_37.5707362967985716|126.8959217483802888_37.5706933095278472|126.8958500247873076_37.5705812039502050|126.8952351960387688_37.5695567787868399
2026-09-04T03:35:30.187978+09:00,월드컵공원,월드컵공원,POI106,KEY_2,1130066600,월드컵북로,1130043101,성산동산50-10,126.8992002042206764_37.5730978684736385,1130042600,월드컵터널(북측),126.8985600196672294_37.5730452642534374,62.0,28.0,원활,126.8985600196672294_37.5730452642534374|126.8986768445737283_37.5731219076736807|126.8988493070879713_37.5731621056792235|126.8989762827692971_37.5731736570376427|126.8991097236723817_37.5731413353492059|126.8992002042206764_37.5730978684736385
2026-09-04T03:35:30.187978+09:00,월드컵공원,월드컵공원,POI106,KEY_2,1130066700,증산로,1130042700,월드컵터널(북측),126.8984500525647974_37.5731087375812649,1130043300,상암동24-59,126.8983553249005070_37.5736156835259791,60.0,34.0,원활,126.8983553249005070_37.5736156835259791|126.8984534992670916_37.5734974169797056|126.8984848298550645_37.5733639462692608|126.8984969418499560_37.5732666934217008|126.8984500525647974_37.5731087375812649
2026-09-04T03:35:30.187978+09:00,월드컵공원,월드컵공원,POI106,KEY_2,1130066900,월드컵북로,1130043400,상암동24-59,126.8984326017897075_37.5737046034107323,1130043500,성산동491-1,126.8990562961894852_37.5737647959106411,59.0,36.0,원활,126.8990562961894852_37.5737647959106411|126.8989085002055361_37.5736866108833851|126.8987791467213100_37.5736598008740614|126.8986641476944612_37.5736501660897773|126.8985371690847614_37.5736660785077774|126.8984326017897075_37.5737046034107323
2026-09-04T03:35:30.187978+09:00,월드컵공원,월드컵공원,POI106,KEY_2,1130067000,강변북로,1130044000,가양대교,126.8673743583999141_37.5742974351538592,1130043000,상암동496-173,126.8685043667667713_37.5733962814687246,142.0,70.0,원활,126.8685043667667713_37.5733962814687246|126.8682637435223626_37.5736487619131054|126.8675778383089323_37.5741518602001037|126.8673743583999141_37.5742974351538592
2026-09-04T03:35:30.187978+09:00,월드컵공원,월드컵공원,POI106,KEY_2,1130067400,강변북로,1130044900,가양대교(북측),126.8662979111019808_37.5750965324918980,2180012400,마포구-고양시덕양구,126.8621499541622484_37.5761292129435418,867.0,57.7,원활,126.8621499541622484_37.5761292129435418|126.8630365316940498_37.5756983525925961|126.8633496391713038_37.5755235658387008|126.8636024164670175_37.5753961503927982|126.8638549079817466_37.5753021186014351|126.8642093916064510_37.5751943274225582|126.8644317580255318_37.5751192112446475|126.8646243656565815_37.5750200868760302|126.8656963468579306_37.5743962637992084|126.8673222210701397_37.5734653760000015|126.8674191938721094_37.5734247582035579|126.8675616609625365_37.5734076352449335|126.8677301163889410_37.5734174809641033|126.8678459640486977_37.5734479111437594|126.8679578899536153_37.5734991876324784|126.8680656691356319_37.5735981381943773|126.8681136254124340_37.5736848440004394|126.8681425287121556_37.5738102009802120|126.8681227959743723_37.5739293354224060|126.8680618906707167_37.5740452685688453|126.8679938724763190_37.5741164485557846|126.8678959680219123_37.5741785247544513|126.8670114588051803_37.5746924804154645|126.8664732680685887_37.5749996173274710|126.8662979111019808_37.5750965324918980
2026-09-04T03:35:30.187978+09:00,월드컵공원,월드컵공원,POI106,KEY_2,1130068000,강변북로,1130044900,가양대교(북측),126.8662979111019808_37.5750965324918980,1130044000,가양대교,126.8673743583999141_37.5742974351538592,130.0,54.0,원활,126.8673743583999141_37.5742974351538592|126.8671029486819180_37.5745034584801587|126.8668363039734714_37.5746773111499621|126.8665787981325934_37.5748333266504062|126.8662979111019808_37.5750965324918980
2026-09-04T03:35:30.187978+09:00,월드컵공원,월드컵공원,POI106,KEY_2,1130068100,강변북로,1130045200,상암동1550-3,126.8641075564550107_37.5759187444953753,1130043900,가양대교(북측),126.8653915391259233_37.5740001396464294,472.0,47.3,서행,126.8653915391259233_37.5740001396464294|126.8655530578639770_37.5739801801802500|126.8656826690621386_37.5739598904694603|126.8661509725368433_37.5738555664648857|126.8662685671453687_37.5738390277396874|126.8663692370552525_37.5738395679072923|126.8664578250642165_37.5738514900970912|126.8665224124056721_37.5738670998852271|126.8665988064661292_37.5739037584917384|126.8666941819490717_37.5739634138358554|126.8667607786702263_37.5740248214943335|126.8668082321833168_37.5740823116192715|126.8668364303619285_37.5741492377416790|126.8668526598945334_37.5742141906959048|126.8668616174391417_37.5742886445381998|126.8668489706226410_37.5743667987229344|126.8668146220147861_37.5744600984612092|126.8667539721880928_37.5745456262622142|126.8666911827972115_37.5746006169252169|126.8666261100899249_37.5746422405294780|126.8660974620481738_37.5749545546124253|126.8655931483691290_37.5752410021525876|126.8650740029988668_37.5755094827713094|126.8645475391721931_37.5757570541415831|126.8641075564550107_37.5759187444953753
2026-09-04T03:35:30.187978+09:00,월드컵공원,월드컵공원,POI106,KEY_2,1130068200,증산로,1130045102,중동교,126.9008492951027023_37.5752640367100312,1130044100,성산동488-2,126.8993493776716974_37.5738963850184291,203.0,11.0,정체,126.8993493776716974_37.5738963850184291|126.8997550267243923_37.5741747896741316|126.8999831939128740_37.5743329158112758|126.9008492951027023_37.5752640367100312
2026-09-04T03:35:30.187978+09:00,월드컵공원,월드컵공원,POI106,KEY_2,1130069000,강변북로,1130046100,상암동1548-2,126.8668103712872721_37.5765861618658121,1130044900,가양대교(북측),126.8662979111019808_37.5750965324918980,187.0,52.3,원활,126.8662979111019808_37.5750965324918980|126.8662245161535509_37.5751831042431661|126.8661675796174393_37.5752722291032342|126.8661254475466791_37.5753822999128815|126.8661059123572699_37.5754775866996624|126.8661050528011884_37.5755789367306079|126.8661155560571956_37.5756654422576091|126.8661519976949847_37.5757848778879833|126.8662148338686819_37.5758835881253859|126.8663447810881735_37.5760184312028898|126.8665599115308424_37.5762670083014783|126.8668103712872721_37.5765861618658121
2026-09-04T03:35:30.187978+09:00,월드컵공원,월드컵공원,POI106,KEY_2,1130069200,강변북로,1130281600,가양대교북단,126.8660053048504182_37.5750796107830993,1130044000,가양대교,126.8673743583999141_37.5742974351538592,149.0,55.3,원활,126.8673743583999141_37.5742974351538592|126.8665795553867071_37.5747439011434423|126.8661436579312891_37.5750013064232888|126.8660053048504182_37.5750796107830993
2026-09-04T03:35:30.187978+09:00,월드컵공원,월드컵공원,POI106,KEY_2,1130069800,하늘공원로.인접길,1130196200,최소노드배치점,126.8796216688609491_37.5766068101045363,1130043604,난지천공원축구장,126.8832930872955274_37.5737972440663555,451.0,36.0,원활,126.8832930872955274_37.5737972440663555|126.8831478360829408_37.5738788137359450|126.8818446069710149_37.5748528284286962|126.8813502498068573_37.5751596481914305|126.8805852438940889_37.5757456690421776|126.8797692818211829_37.5764610535517178|126.8796216688609491_37.5766068101045363
2026-09-04T03:35:30.187978+09:00,월드컵공원,월드컵공원,POI106,KEY_2,1130069900,하늘공원로.인접길,1130135300,상암동 481-6,126.8800262698801617_37.5700108803724220,1130041504,하늘공원입구교차로,126.8806278182475182_37.5696761433924351,65.0,36.0,원활,126.8806278182475182_37.5696761433924351|126.8800262698801617_37.5700108803724220
2026-09-04T03:35:30.187978+09:00,월드컵공원,월드컵공원,POI106,KEY_2,1130071400,월드컵로42길,1130047301,속성변화점,126.8815283578683051_37.5777569752766922,1130046901,난지천공원입구교차로,126.8811072347717186_37.5773962507000618,55.0,34.0,원활,126.8811072347717186_37.5773962507000618|126.8812495831449496_37.5774833779547421|126.8813405260552258_37.5775507592219284|126.8815283578683051_37.5777569752766922
2026-09-04T03:35:30.187978+09:00,월드컵공원,월드컵공원,POI106,KEY_2,1130071500,월드컵로42길,1130046904,난지천공원입구교차로,126.8809936867214532_37.5774631452153756,1130047302,속성변화점,126.8814183695332076_37.5778204336888777,55.0,5.0,정체,126.8814183695332076_37.5778204336888777|126.8812382924741939_37.5776227305095460|126.8811616986085369_37.5775659809208022|126.8809936867214532_37.5774631452153756
2026-09-04T03:35:30.187978+09:00,월드컵공원,월드컵공원,POI106,KEY_2,2180147000,월드컵로,2180129202,마포구-고양시덕양구,126.8763952068496508_37.5799982060491828,2180012203,구룡사거리,126.8762149289149761_37.5801524042564026,23.0,40.0,원활,126.8762149289149761_37.5801524042564026|126.8763634855326785_37.5800170245039027|126.8763952068496508_37.5799982060491828
2026-09-04T03:35:30.187978+09:00,월드컵공원,월드컵공원,POI106,KEY_2,2180147100,월드컵로,2180012202,구룡사거리,126.8763295675570220_37.5802143042951400,2180129201,마포구-고양시덕양구,126.8764749226956496_37.5800874255298964,19.0,15.0,서행,126.8764749226956496_37.5800874255298964|126.8763295675570220_37.5802143042951400
2026-09-04T03:35:30.187978+09:00,월드컵공원,월드컵공원,POI106,KEY_2,2180147200,가양대로,2180648800,최소노드배치점,126.8724967538337722_37.5787136648142166,1130047201,마포구-고양시덕양구,126.8685875400640697_37.5776283095015344,367.0,25.0,원활,126.8685875400640697_37.5776283095015344|126.8687679231673258_37.5777081191461306|126.8696731106302451_37.5780079626163825|126.8707378927987293_37.5783310556528534|126.8724967538337722_37.5787136648142166
2026-09-04T03:35:30.187978+09:00,응봉산,응봉산,POI107,KEY_3,1030011101,독서당로,1030016901,금호사거리,127.0258355963698307_37.5480872396207204,1030016800,성동야구아카데미,127.0262243759454179_37.5480394677482039,35.0,21.0,서행,127.0262243759454179_37.5480394677482039|127.0260129946544225_37.5480523681525966|127.0258355963698307_37.5480872396207204
2026-09-04T03:35:30.187978+09:00,응봉산,응봉산,POI107,KEY_3,1030001100,강변북로,1030156000,최소노드배치점,127.0213172696816315_37.5418363698245869,1030011700,성수JC,127.0277034763174839_37.5435314558420359,626.0,78.5,원활,127.0277034763174839_37.5435314558420359|127.0273660596918859_37.5436061706099622|127.0269812022349356_37.5436660558017010|127.0266134653938508_37.5436994987565029|127.0263498147619003_37.5437145532157359|127.0260689874350106_37.5437146155462784|127.0257972439317058_37.5437072140486165|127.0256158593587799_37.5436920509719414|127.0253420083322311_37.5436625446649401|127.0251421236166749_37.5436322732668017|127.0248394197989370_37.5435730110211523|127.0245616660347139_37.5435067258282444|127.0242659363870530_37.5434283027086693|127.0240476294227250_37.5433576585535036|127.0238338095811912_37.5432838253520345|127.0235805366022390_37.5431853014490997|127.0233607080480311_37.5430932747052140|127.0231555229665901_37.5429926482434908|127.0229868700822493_37.5428875399539521|127.0226181889339188_37.5426725398474233|127.0213172696816315_37.5418363698245869
2026-09-04T03:35:30.187978+09:00,응봉산,응봉산,POI107,KEY_3,1030007902,뚝섬로,1030013601,금호삼거리,127.0245891214709388_37.5447654759813005,1030014302,금호삼거리,127.0263191362427904_37.5452769580231731,164.0,53.0,원활,127.0263191362427904_37.5452769580231731|127.0261038637831490_37.5452060923529416|127.0259258020346493_37.5451540547291813|127.0256170193134579_37.5450978439079961|127.0253052748234381_37.5450222398063929|127.0250045882675067_37.5449283656812511|127.0246872563924541_37.5448051207934412|127.0245891214709388_37.5447654759813005
2026-09-04T03:35:30.187978+09:00,응봉산,응봉산,POI107,KEY_3,1030007903,뚝섬로,1030153700,최소노드배치점,127.0298541325279302_37.5461734938040195,1030013800,용비교앞,127.0333325548071599_37.5450050369533841,334.0,53.0,원활,127.0333325548071599_37.5450050369533841|127.0320878634865949_37.5454301821306089|127.0301483584728004_37.5461118314372300|127.0298548174119588_37.5461734181233169|127.0298541325279302_37.5461734938040195
2026-09-04T03:35:30.187978+09:00,응봉산,응봉산,POI107,KEY_3,1030008002,뚝섬로,1030014301,금호삼거리,127.0263715716448445_37.5451772275798916,1030013602,금호삼거리,127.0246505601775056_37.5446690560700560,163.0,35.0,원활,127.0246505601775056_37.5446690560700560|127.0247477442928243_37.5447083164846589|127.0250592248637247_37.5448292892327657|127.0253499091777769_37.5449200407027206|127.0256519775122257_37.5449932978853056|127.0259644829495471_37.5450501862500374|127.0261532197348942_37.5451053434148392|127.0263715716448445_37.5451772275798916
2026-09-04T03:35:30.187978+09:00,응봉산,응봉산,POI107,KEY_3,1030008003,뚝섬로,1030153800,최소노드배치점,127.0298280875985313_37.5460672151115205,1030014301,금호삼거리,127.0263715716448445_37.5451772275798916,327.0,11.0,정체,127.0263715716448445_37.5451772275798916|127.0277067042073753_37.5456277749716634|127.0283663117931781_37.5458931608152326|127.0286645473896385_37.5460015438553114|127.0289031949048280_37.5460619400162230|127.0291560364487253_37.5460963879228444|127.0293619782756736_37.5461020897726172|127.0295918951163969_37.5460933152127936|127.0298280875985313_37.5460672151115205
2026-09-04T03:35:30.187978+09:00,응봉산,응봉산,POI107,KEY_3,1030008301,뚝섬로,1030002302,금호삼거리,127.0225396667000410_37.5433334984248930,1030014003,금호삼거리,127.0243831066502196_37.5449660805404974,246.0,40.0,원활,127.0243831066502196_37.5449660805404974|127.0243360987880408_37.5449581175842013|127.0242336645572436_37.5448336998437640|127.0240467802874633_37.5446420720797462|127.0237323247119434_37.5443560684192832|127.0232856057741913_37.5440197800600259|127.0230559677864051_37.5438428535230955|127.0228298698669960_37.5436679242665221|127.0226446269329870_37.5435285236299734|127.0225396667000410_37.5433334984248930
2026-09-04T03:35:30.187978+09:00,응봉산,응봉산,POI107,KEY_3,1030008302,금호로,1030014004,금호삼거리,127.0244003804041171_37.5450849069713186,1030015403,서울숲2차푸르지오아파트,127.0250874895659621_37.5465858605602207,177.0,19.0,서행,127.0250874895659621_37.5465858605602207|127.0248337854645087_37.5460386382467064|127.0247559716229802_37.5458707974138193|127.0244749924089547_37.5452718122957805|127.0244003804041171_37.5450849069713186
2026-09-04T03:35:30.187978+09:00,응봉산,응봉산,POI107,KEY_3,1030008303,금호로,1030158200,금호동4가 136-1,127.0255399332561268_37.5476169553150001,1030016200,금호동4가136-1,127.0255795520311040_37.5477118348494585,11.0,16.0,서행,127.0255795520311040_37.5477118348494585|127.0255399332561268_37.5476169553150001
2026-09-04T03:35:30.187978+09:00,응봉산,응봉산,POI107,KEY_3,1030008304,금호로,1030016200,금호동4가136-1,127.0255795520311040_37.5477118348494585,1030016903,금호사거리,127.0256775098357593_37.5480028846398000,33.0,36.0,원활,127.0256775098357593_37.5480028846398000|127.0256382523289176_37.5478636728514132|127.0255882964010823_37.5477327757710384|127.0255795520311040_37.5477118348494585
2026-09-04T03:35:30.187978+09:00,응봉산,응봉산,POI107,KEY_3,1030008402,금호로,1030161600,금호동4가 189,127.0249611739107110_37.5460011960421554,1030014001,금호삼거리,127.0245297901294350_37.5450521552824128,112.0,24.0,서행,127.0245297901294350_37.5450521552824128|127.0246033800226115_37.5452364997842736|127.0248832696392469_37.5458331611532259|127.0249611739107110_37.5460011960421554
2026-09-04T03:35:30.187978+09:00,응봉산,응봉산,POI107,KEY_3,1030008403,금호로,1030158300,금호동4가 103-1,127.0256687918147662_37.5475828444212425,1030015401,서울숲2차푸르지오아파트,127.0252473374584810_37.5466183593112390,113.0,36.0,원활,127.0252473374584810_37.5466183593112390|127.0254324071465817_37.5470167442117599|127.0256687918147662_37.5475828444212425
2026-09-04T03:35:30.187978+09:00,응봉산,응봉산,POI107,KEY_3,1030008404,금호로,1030016902,금호사거리,127.0258104610465182_37.5479808142442693,1030016100,금호동4가110-1,127.0257084110779715_37.5476777247828579,35.0,26.0,원활,127.0257084110779715_37.5476777247828579|127.0257177115611427_37.5476999972500991|127.0257696441507704_37.5478360745881687|127.0258104610465182_37.5479808142442693
2026-09-04T03:35:30.187978+09:00,응봉산,응봉산,POI107,KEY_3,1030011102,독서당로,1030016800,성동야구아카데미,127.0262243759454179_37.5480394677482039,1030018704,금호삼성아파트,127.0288457542290246_37.5490547942188471,265.0,27.0,원활,127.0288457542290246_37.5490547942188471|127.0277159147608899_37.5484809426068509|127.0272678076244972_37.5481907559656278|127.0271129046379031_37.5481264540184654|127.0269135921910078_37.5480706016531229|127.0266918306376596_37.5480488090773363|127.0262243759454179_37.5480394677482039
2026-09-04T03:35:30.187978+09:00,응봉산,응봉산,POI107,KEY_3,1030011103,독서당로,1030046800,응봉동 산8-14,127.0302999391925312_37.5497975459235462,1030019304,응봉현대아파트,127.0306640401490199_37.5499835776434523,38.0,26.0,원활,127.0306640401490199_37.5499835776434523|127.0302999391925312_37.5497975459235462
2026-09-04T03:35:30.187978+09:00,응봉산,응봉산,POI107,KEY_3,1030011104,독서당로,1030140100,응봉삼거리,127.0341738103327600_37.5545163588240456,1030022204,응봉삼거리,127.0343484654333395_37.5546429357531792,21.0,25.0,원활,127.0343484654333395_37.5546429357531792|127.0341738103327600_37.5545163588240456
2026-09-04T03:35:30.187978+09:00,응봉산,응봉산,POI107,KEY_3,1030011201,독서당로,1030016700,금호동4가76-2,127.0262277838623106_37.5479313822787617,1030016902,금호사거리,127.0258104610465182_37.5479808142442693,37.0,35.0,원활,127.0258104610465182_37.5479808142442693|127.0259914566427284_37.5479452360338399|127.0262232709304726_37.5479312922801824|127.0262277838623106_37.5479313822787617
2026-09-04T03:35:30.187978+09:00,응봉산,응봉산,POI107,KEY_3,1030011202,독서당로,1030098600,금호동4가 산3-4,127.0271710951555235_37.5480286767438614,1030016700,금호동4가76-2,127.0262277838623106_37.5479313822787617,85.0,29.0,원활,127.0262277838623106_37.5479313822787617|127.0267018748789809_37.5479408563429828|127.0269448117447695_37.5479647289813627|127.0271671083666405_37.5480270217543932|127.0271710951555235_37.5480286767438614
2026-09-04T03:35:30.187978+09:00,응봉산,응봉산,POI107,KEY_3,1030011203,독서당로,1030019303,응봉현대아파트,127.0307373825225596_37.5498925829780532,1030018702,금호삼성아파트,127.0290429266333518_37.5490268092057420,178.0,19.0,서행,127.0290429266333518_37.5490268092057420|127.0298580970931113_37.5494433220325661|127.0303732819594131_37.5497065513663557|127.0307373825225596_37.5498925829780532
2026-09-04T03:35:30.187978+09:00,응봉산,응봉산,POI107,KEY_3,1030011204,독서당로,1030156400,최소노드배치점,127.0324901285359402_37.5517415938519079,1030019302,응봉현대아파트,127.0308532474746102_37.5499493209760473,254.0,31.0,원활,127.0308532474746102_37.5499493209760473|127.0311598133465196_37.5500923092155929|127.0314245468871661_37.5502415038619333|127.0316905277874611_37.5504369629417525|127.0319013854685437_37.5506503454654563|127.0320815292466818_37.5508887152306770|127.0322086909415731_37.5511042138192508|127.0323804186302112_37.5515081726606041|127.0324901285359402_37.5517415938519079
2026-09-04T03:35:30.187978+09:00,응봉산,응봉산,POI107,KEY_3,1030011702,고산자로,1030020204,응봉역앞,127.0352176251380740_37.5514632527617636,1030020805,응봉동 59,127.0350352951621602_37.5520646051962572,69.0,17.0,서행,127.0350352951621602_37.5520646051962572|127.0352176251380740_37.5514632527617636
2026-09-04T03:35:30.187978+09:00,응봉산,응봉산,POI107,KEY_3,1030013701,고산자로,1030022204,응봉삼거리,127.0343484654333395_37.5546429357531792,1030022702,행당동 330-2,127.0341912875980626_37.5556766233079600,116.0,25.0,원활,127.0341912875980626_37.5556766233079600|127.0342120672140993_37.5555183447502472|127.0342828586803989_37.5549791203233809|127.0343484654333395_37.5546429357531792
2026-09-04T03:35:30.187978+09:00,응봉산,응봉산,POI107,KEY_3,1030029800,금호로,1030013604,금호삼거리,127.0244660195330226_37.5447157450772906,1030014003,금호삼거리,127.0243831066502196_37.5449660805404974,29.0,37.0,원활,127.0243831066502196_37.5449660805404974|127.0243819232019575_37.5449412170987458|127.0244660195330226_37.5447157450772906
2026-09-04T03:35:30.187978+09:00,응봉산,응봉산,POI107,KEY_3,1030029900,금호로,1030014002,금호삼거리,127.0245187985881046_37.5449619861916730,1030013601,금호삼거리,127.0245891214709388_37.5447654759813005,23.0,36.0,원활,127.0245891214709388_37.5447654759813005|127.0245184623645542_37.5449549218575100|127.0245187985881046_37.5449619861916730
2026-09-04T03:35:30.187978+09:00,응봉산,응봉산,POI107,KEY_3,1030031400,금호로1길,1030014003,금호삼거리,127.0243831066502196_37.5449660805404974,1030016504,금호동4가 505-1,127.0238483837796792_37.5479358798656904,454.0,20.0,서행,127.0238483837796792_37.5479358798656904|127.0235770885817601_37.5476364587372160|127.0233181784719392_37.5474261233172228|127.0231977308909421_37.5472913323833097|127.0231284337929480_37.5471902376842550|127.0230337332526602_37.5469745516509974|127.0229944018157227_37.5468411934546538|127.0230517106162864_37.5467011472214693|127.0230642106844670_37.5465843593454736|127.0230696017737841_37.5465339903971795|127.0231018410010364_37.5464532464752168|127.0232559374913279_37.5463259447105244|127.0232760633650599_37.5463055394242105|127.0232748760431889_37.5462973648940945|127.0232359799152846_37.5462177864088957|127.0232284704929668_37.5459692671184229|127.0232061315526408_37.5457166872262889|127.0232633860120046_37.5455514696615467|127.0233136429695122_37.5454785391859716|127.0233294889235083_37.5454326157334748|127.0233397117676617_37.5453168893803308|127.0233542551236638_37.5450929071155599|127.0233664379930758_37.5450467735456996|127.0234954995279821_37.5449373260855879|127.0235833461806436_37.5448878247946993|127.0236787743664451_37.5448637120767685|127.0237713541191482_37.5448674731677912|127.0240301499684676_37.5449428731654322|127.0240922262797056_37.5449510983525201|127.0242451816518354_37.5449453357904304|127.0243709098179892_37.5449627883928230|127.0243831066502196_37.5449660805404974
2026-09-04T03:35:30.187978+09:00,응봉산,응봉산,POI107,KEY_3,1030031500,금호로1길,1030170600,금호동4가 342,127.0239894492258799_37.5450461462238820,1030014004,금호삼거리,127.0244003804041171_37.5450849069713186,37.0,18.0,서행,127.0244003804041171_37.5450849069713186|127.0243372513306781_37.5450678671607250|127.0242366270141616_37.5450538989428892|127.0240842009909557_37.5450596415639026|127.0239953752521558_37.5450478727755410|127.0239894492258799_37.5450461462238820
2026-09-04T03:35:30.187978+09:00,응봉산,응봉산,POI107,KEY_3,1030032600,금호로3길,1030015403,서울숲2차푸르지오아파트,127.0250874895659621_37.5465858605602207,1030016503,금호동4가 235-5,127.0239194442631998_37.5478295063627385,173.0,36.0,원활,127.0239194442631998_37.5478295063627385|127.0239218379499277_37.5478255558994576|127.0239908175615966_37.5477381715467899|127.0240349006078020_37.5476823263885606|127.0247811874996700_37.5468915402105168|127.0249918043950572_37.5466522562733687|127.0250874895659621_37.5465858605602207
2026-09-04T03:35:30.187978+09:00,응봉산,응봉산,POI107,KEY_3,1030032700,금호로3길,1030161000,금호동4가 162,127.0241057892529284_37.5477957056858145,1030015404,서울숲2차푸르지오아파트,127.0251378478824336_37.5466943339865722,153.0,36.0,원활,127.0251378478824336_37.5466943339865722|127.0250935042581659_37.5467251038971526|127.0248910998353864_37.5469550582399805|127.0241468609991529_37.5477436750801701|127.0241057892529284_37.5477957056858145
2026-09-04T03:35:30.187978+09:00,응봉산,응봉산,POI107,KEY_3,1030033000,독서당로,1030016700,금호동4가76-2,127.0262277838623106_37.5479313822787617,1030016100,금호동4가110-1,127.0257084110779715_37.5476777247828579,59.0,29.0,원활,127.0257084110779715_37.5476777247828579|127.0258361501292654_37.5478382783143019|127.0259188060206981_37.5478911830666533|127.0260122341105529_37.5479283512465543|127.0262277838623106_37.5479313822787617
2026-09-04T03:35:30.187978+09:00,응봉산,응봉산,POI107,KEY_3,1030033100,금호로,1030016200,금호동4가136-1,127.0255795520311040_37.5477118348494585,1030017000,금호동4가116,127.0253168883355812_37.5480374538519825,51.0,27.0,원활,127.0253168883355812_37.5480374538519825|127.0254769187222905_37.5480071359631964|127.0255415757320350_37.5479627820440243|127.0255864659671232_37.5478998375612534|127.0256086918468270_37.5478097734097034|127.0255795520311040_37.5477118348494585
2026-09-04T03:35:30.187978+09:00,응봉산,응봉산,POI107,KEY_3,1030033400,금호로,1030017600,금호동1가1806-1,127.0258826035867230_37.5483405109717623,1030016800,성동야구아카데미,127.0262243759454179_37.5480394677482039,51.0,27.0,원활,127.0262243759454179_37.5480394677482039|127.0260122902762134_37.5480899795996237|127.0259440425159738_37.5481400559065506|127.0258919651416250_37.5481987115429092|127.0258826035867230_37.5483405109717623
2026-09-04T03:35:30.187978+09:00,응봉산,응봉산,POI107,KEY_3,1030035800,독서당로55길,1030019401,금호동1가 635,127.0265686732719814_37.5506119028105729,1030018701,금호삼성아파트,127.0289695825101717_37.5491178034089472,269.0,21.0,서행,127.0289695825101717_37.5491178034089472|127.0284531619766000_37.5494050999312776|127.0279050315179461_37.5497563426537440|127.0275345654433181_37.5500100867125113|127.0275119157961399_37.5500256000861725|127.0265686732719814_37.5506119028105729
2026-09-04T03:35:30.187978+09:00,응봉산,응봉산,POI107,KEY_3,1030036300,독서당로62길,1030044000,응봉동 193-76,127.0309081430659148_37.5497511992183064,1030019303,응봉현대아파트,127.0307373825225596_37.5498925829780532,23.0,20.0,서행,127.0307373825225596_37.5498925829780532|127.0307983143885480_37.5498023978845268|127.0308928097263816_37.5497541355430400|127.0309081430659148_37.5497511992183064
2026-09-04T03:35:30.187978+09:00,응봉산,응봉산,POI107,KEY_3,1030036400,독서당로62길,1030115800,응봉동 100,127.0331540741885163_37.5508112196129389,1030020807,응봉동 59,127.0349470253762831_37.5522432866666946,253.0,16.0,서행,127.0349470253762831_37.5522432866666946|127.0348927337139884_37.5522533951449304|127.0347463640402594_37.5522612067135668|127.0346056172544991_37.5522485151423950|127.0340392251581392_37.5521575140909221|127.0339498538011753_37.5521025726294582|127.0336679641477815_37.5517028399204804|127.0333347532741612_37.5512634320380485|127.0332090570225176_37.5510684553932919|127.0331540741885163_37.5508112196129389
2026-09-04T03:35:30.187978+09:00,응봉산,응봉산,POI107,KEY_3,1030050600,금호로,1030014002,금호삼거리,127.0245187985881046_37.5449619861916730,1030014302,금호삼거리,127.0263191362427904_37.5452769580231731,166.0,30.0,원활,127.0263191362427904_37.5452769580231731|127.0261005100282858_37.5452863826889143|127.0258942993101527_37.5452474499432611|127.0255848366716549_37.5451722743201728|127.0252679662626605_37.5450911580173639|127.0249717297689074_37.5449967008118861|127.0248301010968532_37.5449537241828182|127.0247241087351142_37.5449365823874572|127.0246504579408651_37.5449365977853091|127.0245821989922774_37.5449466239183209|127.0245187985881046_37.5449619861916730
2026-09-04T03:35:30.187978+09:00,응봉산,응봉산,POI107,KEY_3,1030050700,뚝섬로,1030002302,금호삼거리,127.0225396667000410_37.5433334984248930,1030014302,금호삼거리,127.0263191362427904_37.5452769580231731,409.0,62.0,원활,127.0263191362427904_37.5452769580231731|127.0260791857573537_37.5452564663631208|127.0259064609708446_37.5452059880624418|127.0255995407431442_37.5451501164641570|127.0252829570347615_37.5450733393513474|127.0249772704809885_37.5449779038953011|127.0246570129492625_37.5448535224850417|127.0244053744653030_37.5447518654607038|127.0241663157922289_37.5446239979584249|127.0239073468036253_37.5444640458128447|127.0236663621607534_37.5442874822721109|127.0231478159418970_37.5438927410097776|127.0226898898909695_37.5435157252336751|127.0225396667000410_37.5433334984248930
2026-09-04T03:35:30.187978+09:00,응봉산,응봉산,POI107,KEY_3,1030050800,뚝섬로,1030014301,금호삼거리,127.0263715716448445_37.5451772275798916,1030002301,금호삼거리,127.0226342015975263_37.5432558991388277,401.0,71.0,원활,127.0226342015975263_37.5432558991388277|127.0227735424564344_37.5432963462593179|127.0233375538967522_37.5437380146797395|127.0238521589868981_37.5441297546865442|127.0240828291760948_37.5442987614734989|127.0243254469313001_37.5444486137030395|127.0245430436055187_37.5445650012127530|127.0247779887503299_37.5446599147684452|127.0250865436734244_37.5447797509983090|127.0253722257435101_37.5448689411440455|127.0256694571406229_37.5449410244187760|127.0259838239325632_37.5449982520049161|127.0261778976611424_37.5450549693879267|127.0263715716448445_37.5451772275798916
2026-09-04T03:35:30.187978+09:00,응봉산,응봉산,POI107,KEY_3,1030060200,고산자로,1030040502,응봉동 84,127.0345457436668113_37.5537140114381387,1030022203,응봉삼거리,127.0343749878095281_37.5545159488352596,90.0,17.0,서행,127.0343749878095281_37.5545159488352596|127.0345457436668113_37.5537140114381387
2026-09-04T03:35:30.187978+09:00,응봉산,응봉산,POI107,KEY_3,1030060300,고산자로,1030022202,응봉삼거리,127.0344982469721202_37.5545839712216960,1030040501,응봉동 84,127.0346787765228669_37.5537354682910234,96.0,15.0,서행,127.0346787765228669_37.5537354682910234|127.0344982469721202_37.5545839712216960
2026-09-04T03:35:30.187978+09:00,응봉산,응봉산,POI107,KEY_3,1030060400,고산자로,1030020808,응봉동 50-4,127.0349722533052272_37.5522752466610541,1030040502,응봉동 84,127.0345457436668113_37.5537140114381387,164.0,25.0,원활,127.0345457436668113_37.5537140114381387|127.0349722533052272_37.5522752466610541
2026-09-04T03:35:30.187978+09:00,응봉산,응봉산,POI107,KEY_3,1030060500,고산자로,1030040602,응봉교(북측),127.0353039979932106_37.5511793223031063,1030040502,응봉동 84,127.0345457436668113_37.5537140114381387,290.0,67.0,원활,127.0345457436668113_37.5537140114381387|127.0345547094132854_37.5534909140588553|127.0351691257787223_37.5514430022586794|127.0351942408883872_37.5513657567030990|127.0352397142679450_37.5512827837282543|127.0353039979932106_37.5511793223031063
2026-09-04T03:35:30.187978+09:00,응봉산,응봉산,POI107,KEY_3,1030060600,고산자로,1030040501,응봉동 84,127.0346787765228669_37.5537354682910234,1030020801,응봉동 59,127.0351012086756413_37.5523109259349184,162.0,14.0,정체,127.0351012086756413_37.5523109259349184|127.0346787765228669_37.5537354682910234
2026-09-04T03:35:30.187978+09:00,응봉산,응봉산,POI107,KEY_3,1030060800,고산자로,1030040501,응봉동 84,127.0346787765228669_37.5537354682910234,1030040601,응봉교(북측),127.0354323058887900_37.5512155665399234,289.0,37.0,원활,127.0354323058887900_37.5512155665399234|127.0354385491616256_37.5513218203346000|127.0354314127047104_37.5514267130854691|127.0354122260271765_37.5515241500845391|127.0352878611766556_37.5519380319943181|127.0348049216232482_37.5535433180143912|127.0346787765228669_37.5537354682910234
2026-09-04T03:35:30.187978+09:00,응봉산,응봉산,POI107,KEY_3,1030061000,고산자로,1030040802,응봉교(남측),127.0364122199101899_37.5475877422382993,1030040602,응봉교(북측),127.0353039979932106_37.5511793223031063,410.0,23.0,서행,127.0353039979932106_37.5511793223031063|127.0364122199101899_37.5475877422382993
2026-09-04T03:35:30.187978+09:00,응봉산,응봉산,POI107,KEY_3,1030061100,고산자로,1030040601,응봉교(북측),127.0354323058887900_37.5512155665399234,1030040801,응봉교(남측),127.0365453230109836_37.5476083497879003,412.0,62.0,원활,127.0365453230109836_37.5476083497879003|127.0354323058887900_37.5512155665399234
2026-09-04T03:35:30.187978+09:00,이촌한강공원,이촌한강공원,POI108,KEY_4,1020000101,강변북로,1020177700,최소노드배치점,126.9735160758688437_37.5170335682321721,1020008600,장미맨션,126.9674759268883975_37.5192653374396343,589.0,79.3,원활,126.9674759268883975_37.5192653374396343|126.9708113694907041_37.5180220323550628|126.9730614976379854_37.5171832066243809|126.9733548327701698_37.5170831491498902|126.9735160758688437_37.5170335682321721
2026-09-04T03:35:30.187978+09:00,이촌한강공원,이촌한강공원,POI108,KEY_4,1020000104,강변북로,1020006400,동작대교북측(남측),126.9828949892906991_37.5150080800496397,1020006700,동작대교(북측),126.9800256660309117_37.5160519948221989,372.0,52.7,원활,126.9800256660309117_37.5160519948221989|126.9808299968759400_37.5161101275101529|126.9811628406973938_37.5161443822588936|126.9823899641706930_37.5162034251455054|126.9825434009835448_37.5162040975456890|126.9826708465813283_37.5161748445062813|126.9827535076294396_37.5161275097643312|126.9828400343725860_37.5160623059202649|126.9828932089837963_37.5159492592973720|126.9828944431571500_37.5157704012335955|126.9828892630113018_37.5154365011152393|126.9828949892906991_37.5150080800496397
2026-09-04T03:35:30.187978+09:00,이촌한강공원,이촌한강공원,POI108,KEY_4,1020001201,강변북로,1020016900,이촌119안전센터,126.9527707053192813_37.5296032521090837,1020014700,늘봄어린이집,126.9534103419858297_37.5269616177521641,303.0,68.8,원활,126.9534103419858297_37.5269616177521641|126.9534012496742150_37.5270744241099976|126.9532254685826160_37.5287686344059281|126.9531671027491626_37.5289431542131382|126.9531202258240512_37.5290789643106777|126.9530543691655424_37.5292061523673013|126.9529628453764900_37.5293571166056665|126.9528713860592291_37.5294859395831253|126.9527707053192813_37.5296032521090837
2026-09-04T03:35:30.187978+09:00,이촌한강공원,이촌한강공원,POI108,KEY_4,1020001202,강변북로,1020017500,이촌119안전센터,126.9523654405978732_37.5299851049663928,1020016900,이촌119안전센터,126.9527707053192813_37.5296032521090837,56.0,66.7,원활,126.9527707053192813_37.5296032521090837|126.9526111115253713_37.5297638421530593|126.9524261692913427_37.5299314144408740|126.9523654405978732_37.5299851049663928
2026-09-04T03:35:30.187978+09:00,이촌한강공원,이촌한강공원,POI108,KEY_4,1020001203,강변북로,1020018900,현대자동차중부지역본부,126.9515851345648088_37.5306749736558771,1020017500,이촌119안전센터,126.9523654405978732_37.5299851049663928,103.0,66.3,원활,126.9523654405978732_37.5299851049663928|126.9519853330072579_37.5303211606273521|126.9515851345648088_37.5306749736558771
2026-09-04T03:35:30.187978+09:00,이촌한강공원,이촌한강공원,POI108,KEY_4,1020001301,강변북로,1020015100,원효대교(북측),126.9530054534751287_37.5274065558744638,1020020100,원효대교(북측),126.9490556979416453_37.5318418487171641,611.0,76.5,원활,126.9490556979416453_37.5318418487171641|126.9511588605246004_37.5298950607039430|126.9517964502142036_37.5293048486157872|126.9520794947991362_37.5290331982994090|126.9522412504164919_37.5288508956887625|126.9523805449295111_37.5286864623722636|126.9524973865242998_37.5285255959335444|126.9526187348045738_37.5283361243785549|126.9527355979030716_37.5281394987459009|126.9528480107025956_37.5278785063501417|126.9529379639647573_37.5276318073909181|126.9530054534751287_37.5274065558744638
2026-09-04T03:35:30.187978+09:00,이촌한강공원,이촌한강공원,POI108,KEY_4,1020004501,양녕로,1020173400,최소노드배치점,126.9595585500767214_37.5188246703474917,1020037700,한강대교,126.9614504170564686_37.5219168510869849,382.0,60.0,원활,126.9614504170564686_37.5219168510869849|126.9595585500767214_37.5188246703474917
2026-09-04T03:35:30.187978+09:00,이촌한강공원,이촌한강공원,POI108,KEY_4,1020007800,청파로,1020173600,최소노드배치점,126.9544297498901955_37.5315689925581850,1020000701,원효대교북측(동측),126.9517622341474095_37.5300758765918303,288.0,59.0,원활,126.9517622341474095_37.5300758765918303|126.9539847333503388_37.5312739203574566|126.9542620658364172_37.5314458751583899|126.9544297498901955_37.5315689925581850
2026-09-04T03:35:30.187978+09:00,이촌한강공원,이촌한강공원,POI108,KEY_4,1020023300,서빙고로62길,1020174500,최소노드배치점,126.9787187723303674_37.5152580928693737,1020006502,사촌5길삼거리,126.9749717465756760_37.5156880509036554,335.0,41.0,원활,126.9749717465756760_37.5156880509036554|126.9751117329301451_37.5156600647625922|126.9754017049598644_37.5156100828596593|126.9760224047377619_37.5155278109994939|126.9770532987808167_37.5154248967958210|126.9787074137265250_37.5152593209579024|126.9787187723303674_37.5152580928693737
2026-09-04T03:35:30.187978+09:00,이촌한강공원,이촌한강공원,POI108,KEY_4,1020023400,서빙고로62길,1020174800,최소노드배치점,126.9824891213493459_37.5152764328568153,1020006204,여우목길-이촌동길삼거,126.9862607226467901_37.5155372285773865,335.0,43.0,원활,126.9862607226467901_37.5155372285773865|126.9848107248320019_37.5154401903541554|126.9828575452751238_37.5152969238249341|126.9824891213493459_37.5152764328568153
2026-09-04T03:35:30.187978+09:00,이촌한강공원,이촌한강공원,POI108,KEY_4,1020023600,동작대로,1020006400,동작대교북측(남측),126.9828949892906991_37.5150080800496397,1020000102,동작대교북측(북측),126.9830968580070873_37.5162135878794203,135.0,60.0,원활,126.9830968580070873_37.5162135878794203|126.9830973582783855_37.5159265924053926|126.9830855094718913_37.5158320420852931|126.9830500284640493_37.5156150572852383|126.9828949892906991_37.5150080800496397
2026-09-04T03:35:30.187978+09:00,이촌한강공원,이촌한강공원,POI108,KEY_4,1020025900,서빙고로62길,1020141900,이촌동 375-1,126.9596450999449502_37.5218248060785342,1020012002,이촌한강공원한강축구장,126.9584923328509802_37.5219853753291375,104.0,37.0,원활,126.9584923328509802_37.5219853753291375|126.9585875324684139_37.5219485289045878|126.9587560183722843_37.5219160589596896|126.9594890278337971_37.5218356566925237|126.9596450999449502_37.5218248060785342
2026-09-04T03:35:30.187978+09:00,이촌한강공원,이촌한강공원,POI108,KEY_4,1020026000,서빙고로62길,1020161500,이촌동 302-17,126.9704077941686506_37.5172262067152431,1020006501,사촌5길삼거리,126.9749999143509029_37.5157937473941132,438.0,57.0,원활,126.9749999143509029_37.5157937473941132|126.9748202206337169_37.5158189922882812|126.9744904447008196_37.5158831702968598|126.9738607344488059_37.5160198211928844|126.9733243730976966_37.5161583026667174|126.9729818969831854_37.5162548304322385|126.9727131343539668_37.5163419065095027|126.9722761593685192_37.5164882421616070|126.9715818965029257_37.5167388922272593|126.9707166376167891_37.5170984596883486|126.9704077941686506_37.5172262067152431
2026-09-04T03:35:30.187978+09:00,이촌한강공원,이촌한강공원,POI108,KEY_4,1020029000,강변북로,1020011900,이촌동 375,126.9602235794051666_37.5220096584238760,1020012001,이촌한강공원한강축구장,126.9585516639946974_37.5220826215641168,148.0,14.0,정체,126.9585516639946974_37.5220826215641168|126.9587113208574465_37.5220996316526865|126.9591141977425650_37.5220609052510881|126.9596830840466453_37.5220183500368947|126.9602235794051666_37.5220096584238760
2026-09-04T03:35:30.187978+09:00,이촌한강공원,이촌한강공원,POI108,KEY_4,1020029200,강변북로,1020012002,이촌한강공원한강축구장,126.9584923328509802_37.5219853753291375,1020012900,이촌우성아파트,126.9566358774652315_37.5229345434784065,199.0,38.0,서행,126.9566358774652315_37.5229345434784065|126.9570464453038028_37.5225864767338919|126.9574825635857280_37.5223784218399743|126.9580930558484653_37.5221996549528427|126.9583501102936225_37.5221157291829570|126.9584923328509802_37.5219853753291375
2026-09-04T03:35:30.187978+09:00,이촌한강공원,이촌한강공원,POI108,KEY_4,1020032100,강변북로,1020015100,원효대교(북측),126.9530054534751287_37.5274065558744638,1020017300,원효대교북측(서측),126.9512077159163965_37.5298631512081684,389.0,51.0,원활,126.9512077159163965_37.5298631512081684|126.9514822855463336_37.5299090640322532|126.9516216330552822_37.5299292063212135|126.9517511067902262_37.5299467270030931|126.9518970490022127_37.5299546450712000|126.9519877335176687_37.5299455566299400|126.9521077543355858_37.5299127260165122|126.9522368979249620_37.5298608590075560|126.9523270967404471_37.5298111962103320|126.9524084351906055_37.5297447981758694|126.9524777763784442_37.5296807288515026|126.9526166005700532_37.5295335132300067|126.9527584871032815_37.5293767714761159|126.9528702913169127_37.5292389692136652|126.9529309273824396_37.5291367026859675|126.9529675922746605_37.5290367097196622|126.9529801960210875_37.5289509141567166|126.9529811713372993_37.5288173680834305|126.9529769080494788_37.5281710589532835|126.9529840979044479_37.5280065388959798|126.9529943354486932_37.5278348787065212|126.9530054534751287_37.5274065558744638
2026-09-04T03:35:30.187978+09:00,이촌한강공원,이촌한강공원,POI108,KEY_4,1020034000,여의대방로,1020000701,원효대교북측(동측),126.9517622341474095_37.5300758765918303,1020017300,원효대교북측(서측),126.9512077159163965_37.5298631512081684,54.0,72.5,원활,126.9512077159163965_37.5298631512081684|126.9517622341474095_37.5300758765918303
2026-09-04T03:35:30.187978+09:00,이촌한강공원,이촌한강공원,POI108,KEY_4,1020034500,이촌로2길,1020136600,이촌동 172-1,126.9529749817550623_37.5299597795509499,1020016900,이촌119안전센터,126.9527707053192813_37.5296032521090837,48.0,40.0,원활,126.9527707053192813_37.5296032521090837|126.9527510286802681_37.5297077910479260|126.9527654424910708_37.5297841729085633|126.9528069643994144_37.5298392163718901|126.9528474013405344_37.5298835816184777|126.9529749817550623_37.5299597795509499
2026-09-04T03:35:30.187978+09:00,이촌한강공원,이촌한강공원,POI108,KEY_4,1020034800,이촌로2길,1020017500,이촌119안전센터,126.9523654405978732_37.5299851049663928,1020019104,원효대교(북측),126.9547296547672914_37.5310849407541980,251.0,33.0,원활,126.9547296547672914_37.5310849407541980|126.9545655803105433_37.5310328345768127|126.9543726239541144_37.5309286287612096|126.9540821407545081_37.5307553338088766|126.9530819266436481_37.5301623577747137|126.9528911683399315_37.5300492648525363|126.9527252955329146_37.5299509250104393|126.9526356021338103_37.5299314301440461|126.9525667304034755_37.5299311114793284|126.9525008186408570_37.5299355755796711|126.9523654405978732_37.5299851049663928
2026-09-04T03:35:30.187978+09:00,이촌한강공원,이촌한강공원,POI108,KEY_4,1020052000,강변북로,1020037400,원효대교(북측),126.9525421584508535_37.5304082079948245,1020017500,이촌119안전센터,126.9523654405978732_37.5299851049663928,52.0,36.0,서행,126.9523654405978732_37.5299851049663928|126.9523627938557553_37.5300890965853284|126.9523796108926064_37.5301734974690859|126.9524096759291609_37.5302742064081443|126.9524626558254994_37.5303423173229618|126.9525421584508535_37.5304082079948245
2026-09-04T03:35:30.187978+09:00,이촌한강공원,이촌한강공원,POI108,KEY_4,1020052200,청파로,1020020200,원효대교(북측),126.9548392490623030_37.5316133150025451,1020017300,원효대교북측(서측),126.9512077159163965_37.5298631512081684,380.0,60.0,원활,126.9512077159163965_37.5298631512081684|126.9518915547961058_37.5299922272080906|126.9541046333161063_37.5311800268186957|126.9547757568389557_37.5315338800621774|126.9548392490623030_37.5316133150025451
2026-09-04T03:35:30.187978+09:00,잠실종합운동장,잠실종합운동장,POI109,KEY_1,1230024502,올림픽로,1230039501,정신여중고교,127.0736954853006182_37.5111786898829180,1230041205,종합운동장교차로,127.0782510546514033_37.5119142943147708,411.0,59.0,원활,127.0782510546514033_37.5119142943147708|127.0777355344654751_37.5118609241788334|127.0736954853006182_37.5111786898829180
2026-09-04T03:35:30.187978+09:00,잠실종합운동장,잠실종합운동장,POI109,KEY_1,1230024602,올림픽로,1230041204,종합운동장교차로,127.0781055802095096_37.5117902042657008,1230039502,속성변화점,127.0737236350740034_37.5110729205048941,396.0,34.0,원활,127.0737236350740034_37.5110729205048941|127.0777583891545248_37.5117542599830429|127.0781055802095096_37.5117902042657008
2026-09-04T03:35:30.187978+09:00,잠실종합운동장,잠실종합운동장,POI109,KEY_1,1230080400,올림픽로.백제고분로,1230358300,최소노드배치점,127.0741133987251885_37.5141329445928022,1230039501,정신여중고교,127.0736954853006182_37.5111786898829180,348.0,8.0,정체,127.0736954853006182_37.5111786898829180|127.0735109745380811_37.5120468642505998|127.0733871347810577_37.5128886808420958|127.0734162045250599_37.5131457669554109|127.0735033961650799_37.5134180663867554|127.0736294614953579_37.5136367146674488|127.0741133987251885_37.5141329445928022
2026-09-04T03:35:30.187978+09:00,잠실종합운동장,잠실종합운동장,POI109,KEY_1,1230080500,올림픽로.백제고분로,1230358400,최소노드배치점,127.0740062090400500_37.5141992739565353,1230044204,신천중교앞,127.0774044018965441_37.5155003964846543,357.0,20.0,서행,127.0774044018965441_37.5155003964846543|127.0755124993001175_37.5153095096552178|127.0751959624176237_37.5152553387321319|127.0749349587907773_37.5151515936626865|127.0740062090400500_37.5141992739565353
2026-09-04T03:35:30.187978+09:00,잠실종합운동장,잠실종합운동장,POI109,KEY_1,1230085100,올림픽대로,1230048700,탄천IC,127.0712574770913363_37.5181553244251091,1230046800,탄천IC,127.0697459726230250_37.5168231112045873,231.0,41.0,서행,127.0697459726230250_37.5168231112045873|127.0697754002144677_37.5173608675772812|127.0698117639167890_37.5175458256678240|127.0699380842498272_37.5177072629794210|127.0701243878796731_37.5178510319211540|127.0703109993272903_37.5179411420373370|127.0704903324183590_37.5179954539382052|127.0712574770913363_37.5181553244251091
2026-09-04T03:35:30.187978+09:00,잠실종합운동장,잠실종합운동장,POI109,KEY_1,1230436501,올림픽로,1230039502,속성변화점,127.0737236350740034_37.5110729205048941,1230188103,잠실동 121,127.0716318198721382_37.5107177546662882,189.0,34.0,원활,127.0716318198721382_37.5107177546662882|127.0735906339783128_37.5110512148189557|127.0737236350740034_37.5110729205048941
2026-09-04T03:35:30.187978+09:00,잠실한강공원,잠실한강공원,POI110,KEY_2,1230004401,올림픽대로,1230048500,잠실실내체육관북문앞,127.0744105410493603_37.5180587342205172,1230046600,잠실여름파출소,127.0810876316749329_37.5169833092338081,603.0,82.5,원활,127.0810876316749329_37.5169833092338081|127.0804213279931645_37.5170194895651008|127.0800023606424958_37.5170483809421711|127.0792542343313727_37.5171299377557048|127.0789549994236012_37.5171778165530725|127.0776144544349506_37.5174218633083356|127.0765970754220291_37.5176132410161287|127.0755258542856154_37.5178380175560235|127.0747957401812727_37.5179862845251577|127.0744105410493603_37.5180587342205172
2026-09-04T03:35:30.187978+09:00,잠실한강공원,잠실한강공원,POI110,KEY_2,1230004800,올림픽대로,1230053400,올림픽대교남단IC,127.1054403294451021_37.5258712723512531,1230058600,잠실대교JC,127.1009146875278901_37.5224189667535271,555.0,77.7,원활,127.1009146875278901_37.5224189667535271|127.1011093537508287_37.5225414095623506|127.1025922080837773_37.5234805816309276|127.1030011499238270_37.5237591426245700|127.1034011999147282_37.5240984996804912|127.1047630304620668_37.5252732674915777|127.1054403294451021_37.5258712723512531
2026-09-04T03:35:30.187978+09:00,잠실한강공원,잠실한강공원,POI110,KEY_2,1230004901,송파대로,1230002202,잠실대교,127.0957221756853812_37.5188676904711542,1230050400,잠실대교JC,127.0940531440605810_37.5210283294453149,282.0,60.0,원활,127.0940531440605810_37.5210283294453149|127.0943979417753837_37.5205735354890280|127.0957221756853812_37.5188676904711542
2026-09-04T03:35:30.187978+09:00,잠실한강공원,잠실한강공원,POI110,KEY_2,1230005001,송파대로,1230050500,잠실대교JC,127.0941614709712155_37.5210946866676380,1230002201,잠실대교,127.0958376749982079_37.5189245732049699,283.0,55.0,원활,127.0958376749982079_37.5189245732049699|127.0945138178915101_37.5206299338843792|127.0941614709712155_37.5210946866676380
2026-09-04T03:35:30.187978+09:00,잠실한강공원,잠실한강공원,POI110,KEY_2,1230005100,올림픽대로,1230052500,잠실대교JC,127.1008769588409706_37.5229114985517214,1230054000,올림픽대교남단IC,127.1051025385346520_37.5260799913631047,514.0,83.0,원활,127.1051025385346520_37.5260799913631047|127.1031412114076176_37.5243990994672458|127.1028266080407718_37.5241633671182342|127.1022828471172517_37.5237919497680679|127.1018469450196733_37.5234955300521236|127.1008769588409706_37.5229114985517214
2026-09-04T03:35:30.187978+09:00,잠실한강공원,잠실한강공원,POI110,KEY_2,1230032601,오금로2길,1230051402,잠현초등학교앞,127.1032272322034373_37.5217466792184808,1230051702,잠현초등학교앞,127.1042850886722420_37.5222053467216838,111.0,36.0,원활,127.1042850886722420_37.5222053467216838|127.1042497005361156_37.5221103348289660|127.1042277195709289_37.5220785857864811|127.1041621108260529_37.5220413475743726|127.1039663504930388_37.5219727654665149|127.1032272322034373_37.5217466792184808
2026-09-04T03:35:30.187978+09:00,잠실한강공원,잠실한강공원,POI110,KEY_2,1230032700,오금로2길,1230052101,잠실대교JC,127.1014277624528717_37.5224635506086486,1230051402,잠현초등학교앞,127.1032272322034373_37.5217466792184808,218.0,29.0,원활,127.1032272322034373_37.5217466792184808|127.1029991014250413_37.5216712850617142|127.1024125243856844_37.5214774265063795|127.1014277624528717_37.5224635506086486
2026-09-04T03:35:30.187978+09:00,잠실한강공원,잠실한강공원,POI110,KEY_2,1230035900,강변북로.한가람로사이길,1230342900,최소노드배치점,127.1015149961345827_37.5246010575964561,1230052101,잠실대교JC,127.1014277624528717_37.5224635506086486,473.0,43.0,원활,127.1014277624528717_37.5224635506086486|127.1019012970064210_37.5227419164495544|127.1022293161336734_37.5229454568152008|127.1023955346630316_37.5230204059564443|127.1026425819513577_37.5231060119775464|127.1028940706044494_37.5231558555366931|127.1034374042296093_37.5232197458338632|127.1034778407937154_37.5232411659780993|127.1034868601301469_37.5232697648950335|127.1034734249590059_37.5232948074079431|127.1033926368200042_37.5233127576457974|127.1025529951041904_37.5232562760554629|127.1024721909816861_37.5232634983457274|127.1023734783107670_37.5233064941788044|127.1022972616788422_37.5233852285200129|127.1015149961345827_37.5246010575964561
2026-09-04T03:35:30.187978+09:00,잠실한강공원,잠실한강공원,POI110,KEY_2,1230084700,올림픽대로,1230048400,종합운동장분기점,127.0777486454134646_37.5178704259979199,1230046600,잠실여름파출소,127.0810876316749329_37.5169833092338081,314.0,51.0,원활,127.0810876316749329_37.5169833092338081|127.0801927964286335_37.5171577227981317|127.0793309923237757_37.5173394821108701|127.0789711453512041_37.5174395553138140|127.0788360149310137_37.5175106194115884|127.0785881391682750_37.5176647507308303|127.0785130541955965_37.5177062170797271|127.0777486454134646_37.5178704259979199
2026-09-04T03:35:30.187978+09:00,잠실한강공원,잠실한강공원,POI110,KEY_2,1230085300,올림픽대로,1230048400,종합운동장분기점,127.0777486454134646_37.5178704259979199,1230045601,잠실선착장앞,127.0774875189781739_37.5166619666764163,136.0,32.0,서행,127.0774875189781739_37.5166619666764163|127.0777486454134646_37.5178704259979199
2026-09-04T03:35:30.187978+09:00,잠실한강공원,잠실한강공원,POI110,KEY_2,1230085600,올림픽대로,1230048500,잠실실내체육관북문앞,127.0744105410493603_37.5180587342205172,1230048400,종합운동장분기점,127.0777486454134646_37.5178704259979199,300.0,47.0,서행,127.0777486454134646_37.5178704259979199|127.0773650613805614_37.5179316568650449|127.0771467542200384_37.5178855628762733|127.0768209339584587_37.5177913870465716|127.0761140007833632_37.5178508577266143|127.0755388160040695_37.5179084136562651|127.0744105410493603_37.5180587342205172
2026-09-04T03:35:30.187978+09:00,잠실한강공원,잠실한강공원,POI110,KEY_2,1230085900,올림픽대로,1230047500,잠실대교JC,127.0882031183010952_37.5173476816793539,1230049200,잠실대교JC,127.0923739588028951_37.5186948203919854,398.0,57.0,원활,127.0923739588028951_37.5186948203919854|127.0906700937840412_37.5181881092216685|127.0888588349887840_37.5176142250082165|127.0886078102504939_37.5175274965200956|127.0882031183010952_37.5173476816793539
2026-09-04T03:35:30.187978+09:00,잠실한강공원,잠실한강공원,POI110,KEY_2,1230086400,올림픽대로,1230049100,청담IC,127.0707396061695107_37.5184287009435380,1230046800,탄천IC,127.0697459726230250_37.5168231112045873,448.0,38.5,서행,127.0697459726230250_37.5168231112045873|127.0697255394333922_37.5169421476156941|127.0696754767479462_37.5173641215222204|127.0696427964096671_37.5178971851342311|127.0696653241736698_37.5180462680572546|127.0696933359397889_37.5183048124125094|127.0697546894723047_37.5184857525859030|127.0698487706782345_37.5186328686366366|127.0699827934278261_37.5187585702354625|127.0701134307655735_37.5188453314355357|127.0702305969029453_37.5189112963400362|127.0705564071799216_37.5190044839187422|127.0708077692025881_37.5190292462295290|127.0710115288144806_37.5190013676009428|127.0713114784911539_37.5189070636006647|127.0713897595890245_37.5188310320207776|127.0714321672822820_37.5187453318010427|127.0714086790554802_37.5186641620221621|127.0713254192519202_37.5185636955236959|127.0712059303728694_37.5185155657555001|127.0707396061695107_37.5184287009435380
2026-09-04T03:35:30.187978+09:00,잠실한강공원,잠실한강공원,POI110,KEY_2,1230087000,올림픽대로,1230049200,잠실대교JC,127.0923739588028951_37.5186948203919854,1230050400,잠실대교JC,127.0940531440605810_37.5210283294453149,366.0,44.0,서행,127.0940531440605810_37.5210283294453149|127.0944191952030025_37.5203044781990656|127.0944561310460159_37.5201185871230507|127.0944510462596639_37.5199516308761289|127.0943922228928074_37.5197558710782317|127.0943090605750143_37.5196315729957846|127.0941839809711382_37.5195071316884281|127.0940228946276704_37.5193968745701554|127.0937720401544908_37.5192767702937999|127.0931867060835003_37.5189981127720316|127.0923739588028951_37.5186948203919854
2026-09-04T03:35:30.187978+09:00,잠실한강공원,잠실한강공원,POI110,KEY_2,1230087100,올림픽대로,1230049200,잠실대교JC,127.0923739588028951_37.5186948203919854,1230051200,잠실대교JC,127.0974803904301069_37.5212021137005536,534.0,57.0,원활,127.0974803904301069_37.5212021137005536|127.0968061273857188_37.5207514623958787|127.0953376304814242_37.5198926651322751|127.0945972650167306_37.5194894724186341|127.0942747579238556_37.5193309645688444|127.0939999759979742_37.5192060081488634|127.0934799938887778_37.5190229712408154|127.0923739588028951_37.5186948203919854
2026-09-04T03:35:30.187978+09:00,잠실한강공원,잠실한강공원,POI110,KEY_2,1230087500,올림픽대로,1230050500,잠실대교JC,127.0941614709712155_37.5210946866676380,1230051200,잠실대교JC,127.0974803904301069_37.5212021137005536,356.0,53.5,원활,127.0974803904301069_37.5212021137005536|127.0968474033966800_37.5208708456413760|127.0960652565332367_37.5204389013147832|127.0958920359090456_37.5203572238258403|127.0957125445294054_37.5203279913220200|127.0955329497879518_37.5203178373608708|127.0952873557283453_37.5203313048193365|127.0950954496138507_37.5203831139705883|127.0948973740489834_37.5204682891928982|127.0941614709712155_37.5210946866676380
2026-09-04T03:35:30.187978+09:00,잠실한강공원,잠실한강공원,POI110,KEY_2,1230087800,올림픽대로,1230051200,잠실대교JC,127.0974803904301069_37.5212021137005536,1230050700,잠실대교JC,127.0985275932771117_37.5207859447465282,191.0,37.0,서행,127.0985275932771117_37.5207859447465282|127.0986497398156985_37.5209008332440774|127.0987329107394004_37.5210251273303044|127.0987622391326255_37.5211396995225144|127.0987255177263222_37.5212874351721695|127.0986290925901301_37.5214015808490018|127.0985089432221002_37.5214727179596608|127.0983770471739689_37.5215008869134579|127.0982332510044301_37.5215147072423250|127.0979044566973073_37.5214086547447678|127.0974803904301069_37.5212021137005536
2026-09-04T03:35:30.187978+09:00,잠실한강공원,잠실한강공원,POI110,KEY_2,1230088000,올림픽로37길,1230051102,잠현초등학교앞,127.1045800172266951_37.5212171791430293,1230051401,잠현초등학교앞,127.1032558452858154_37.5216390772203923,127.0,12.0,정체,127.1032558452858154_37.5216390772203923|127.1039066435248372_37.5214664456400584|127.1042127017812646_37.5213794148577477|127.1043569968460929_37.5213194897201916|127.1044871741674740_37.5212604256405129|127.1045800172266951_37.5212171791430293
2026-09-04T03:35:30.187978+09:00,잠실한강공원,잠실한강공원,POI110,KEY_2,1230088400,올림픽대로,1230051200,잠실대교JC,127.0974803904301069_37.5212021137005536,1230052500,잠실대교JC,127.1008769588409706_37.5229114985517214,356.0,52.0,원활,127.1008769588409706_37.5229114985517214|127.1002271864062720_37.5226757386651713|127.0995044513345107_37.5223251030228795|127.0989968176467215_37.5220658174711446|127.0974803904301069_37.5212021137005536
2026-09-04T03:35:30.187978+09:00,잠실한강공원,잠실한강공원,POI110,KEY_2,1230094200,올림픽대로,1230046700,탄천IC,127.0696020078595723_37.5168633745709172,1230048500,잠실실내체육관북문앞,127.0744105410493603_37.5180587342205172,659.0,47.0,서행,127.0744105410493603_37.5180587342205172|127.0737644465918663_37.5182398374740700|127.0730716885542506_37.5184376616550637|127.0726308743356014_37.5185576948802080|127.0718747864366662_37.5188339841774621|127.0712897216547645_37.5190464979453040|127.0710108250935519_37.5191241846480992|127.0707592023156991_37.5191447343682398|127.0705168079646370_37.5191223893981984|127.0701522174600910_37.5189996213961336|127.0700306271375979_37.5189311668636947|127.0698868542610569_37.5188356808245729|127.0697349817978932_37.5186932382090816|127.0696272774244591_37.5185248186740381|127.0695590856078496_37.5183237126064597|127.0695302311407602_37.5180573831475215|127.0695066075921886_37.5179010369558412|127.0695399975699189_37.5173563914672599|127.0695906177090961_37.5169297275663567|127.0696020078595723_37.5168633745709172
2026-09-04T03:35:30.187978+09:00,잠원한강공원,잠원한강공원,POI111,KEY_3,1210005301,올림픽대로,1210467000,최소노드배치점,127.0063311684586722_37.5151321080427280,1210048600,한남대교분기점,127.0116483973796164_37.5197328756636708,694.0,27.0,정체,127.0116483973796164_37.5197328756636708|127.0113381325108008_37.5194347621186211|127.0111530941337463_37.5192706692185212|127.0109430122922873_37.5190843650138959|127.0098205372895421_37.5181189800994872|127.0087474791721576_37.5172072192485331|127.0063311684586722_37.5151321080427280
2026-09-04T03:35:30.187978+09:00,잠원한강공원,잠원한강공원,POI111,KEY_3,1210005304,올림픽대로,1210048600,한남대교분기점,127.0116483973796164_37.5197328756636708,1210050600,한남IC,127.0144200511100223_37.5223958397555037,384.0,27.0,정체,127.0144200511100223_37.5223958397555037|127.0116483973796164_37.5197328756636708
2026-09-04T03:35:30.187978+09:00,잠원한강공원,잠원한강공원,POI111,KEY_3,1210030601,강남대로,1210050800,잠원고가차도,127.0171954067127871_37.5225456375150301,1220157700,한남IC,127.0145780793450854_37.5252994305641892,383.0,70.5,원활,127.0145780793450854_37.5252994305641892|127.0159781603691300_37.5238357378014484|127.0167039603145014_37.5230785483821734|127.0171954067127871_37.5225456375150301
2026-09-04T03:35:30.187978+09:00,잠원한강공원,잠원한강공원,POI111,KEY_3,1210030701,강남대로,1220157800,한남대교(남측),127.0146790907489986_37.5253724046406063,1210050500,잠원고가차도,127.0175844575561968_37.5222683840522109,430.0,70.0,원활,127.0175844575561968_37.5222683840522109|127.0173048143189050_37.5226096422798534|127.0168126229697805_37.5231433610007699|127.0160861030461348_37.5239013035145419|127.0146790907489986_37.5253724046406063
2026-09-04T03:35:30.187978+09:00,잠원한강공원,잠원한강공원,POI111,KEY_3,1210065500,올림픽대로,1220053900,한남IC,127.0169213218881623_37.5242444408011622,1210049600,한남IC,127.0132919536855240_37.5215913460039729,547.0,55.0,원활,127.0132919536855240_37.5215913460039729|127.0131764377013468_37.5213976973987542|127.0131545160519551_37.5213153301614213|127.0131550039927646_37.5212402098941311|127.0132140172836444_37.5211438671777131|127.0132726582109086_37.5211047588790620|127.0133582214981942_37.5210693389180960|127.0134525365458131_37.5210697273576983|127.0135512489524530_37.5210844429655666|127.0136138688634730_37.5211240510594735|127.0136897779433696_37.5211923310959961|127.0148471413883442_37.5223310822313749|127.0150702369121944_37.5225585580549250|127.0153899107410211_37.5228997103152295|127.0159514978690822_37.5234535073125173|127.0169213218881623_37.5242444408011622
2026-09-04T03:35:30.187978+09:00,잠원한강공원,잠원한강공원,POI111,KEY_3,1210065700,올림픽대로,1210048600,한남대교분기점,127.0116483973796164_37.5197328756636708,1210049600,한남IC,127.0132919536855240_37.5215913460039729,252.0,71.7,원활,127.0132919536855240_37.5215913460039729|127.0130555709649087_37.5213363858637976|127.0125786238490377_37.5207799430913980|127.0122757179837834_37.5203959260493249|127.0116483973796164_37.5197328756636708
2026-09-04T03:35:30.187978+09:00,잠원한강공원,잠원한강공원,POI111,KEY_3,1210065800,올림픽대로,1210050400,한남대교(남측),127.0155096957228693_37.5225502263552855,1220054400,한남IC,127.0200272274778115_37.5267777660031570,858.0,53.0,원활,127.0200272274778115_37.5267777660031570|127.0192123985727335_37.5262320472879267|127.0184256031381693_37.5256529030607808|127.0180363445848855_37.5254187935745804|127.0166351946520251_37.5246904614057826|127.0163666602473711_37.5245426948937322|127.0161921899377546_37.5244346626288348|127.0159597253565238_37.5242655788244619|127.0157274941423822_37.5240607229278424|127.0155355229140639_37.5238810722285265|127.0153170228297910_37.5236369227872473|127.0150716907118067_37.5233747752288167|127.0143490415408536_37.5226098500547209|127.0142824146727492_37.5224951037274508|127.0142785258566107_37.5224020792743715|127.0143106145724090_37.5223020478728913|127.0143650186087854_37.5222235720411348|127.0144237289814981_37.5221737313262196|127.0145183694337305_37.5221240393409659|127.0146443083077656_37.5220959386366317|127.0147880047045845_37.5221001058899972|127.0148866254190949_37.5221291292150383|127.0150164538753614_37.5221940534525586|127.0155096957228693_37.5225502263552855
2026-09-04T03:35:30.187978+09:00,잠원한강공원,잠원한강공원,POI111,KEY_3,1210066300,올림픽대로,1210049600,한남IC,127.0132919536855240_37.5215913460039729,1220157700,한남IC,127.0145780793450854_37.5252994305641892,460.0,57.3,원활,127.0145780793450854_37.5252994305641892|127.0147104295549099_37.5249005422464350|127.0147863672377895_37.5247339158101951|127.0148579760127063_37.5245883769243278|127.0149310195781425_37.5244062372913092|127.0149770447245032_37.5242347175482251|127.0149917460097839_37.5240451835156819|127.0149749842814657_37.5238590971000932|127.0149399334525668_37.5237230168275246|127.0148737690059306_37.5235367275936440|127.0148115854763091_37.5234291548056120|127.0146423776016888_37.5232030927398981|127.0137688650678029_37.5221549397842438|127.0132919536855240_37.5215913460039729
2026-09-04T03:35:30.187978+09:00,잠원한강공원,잠원한강공원,POI111,KEY_3,1220096300,올림픽대로,1220157800,한남대교(남측),127.0146790907489986_37.5253724046406063,1220054400,한남IC,127.0200272274778115_37.5267777660031570,575.0,62.7,원활,127.0200272274778115_37.5267777660031570|127.0193242289730762_37.5264203087462036|127.0188857178037978_37.5261609604559894|127.0185233361122101_37.5259376936575251|127.0182234214589982_37.5257790711315735|127.0179681452605820_37.5256635576158075|127.0175160321388574_37.5254256122853178|127.0165272393316940_37.5248313212460829|127.0163169527300369_37.5247052561106358|127.0162273333328500_37.5246726936194008|127.0160972225443743_37.5246506972341933|127.0159221050795963_37.5246428254883995|127.0158097059604216_37.5246602506560123|127.0156341030276366_37.5247274987173896|127.0154267130539978_37.5248482747160921|127.0146790907489986_37.5253724046406063
2026-09-04T03:35:30.187978+09:00,잠원한강공원,잠원한강공원,POI111,KEY_3,1220105100,올림픽대로,1220059300,동호대교JC,127.0220780430583289_37.5291616152612590,1220061000,동호대교(남측),127.0229084781207405_37.5333942739204431,522.0,56.0,원활,127.0229084781207405_37.5333942739204431|127.0233635598606838_37.5325665468142446|127.0235829412492023_37.5322097058520612|127.0236738242093537_37.5320455189443791|127.0237150924269685_37.5319133274793018|127.0237159114981580_37.5317845490102897|127.0236941799930719_37.5316699892608909|127.0236589738914148_37.5315553754423448|127.0235878106225016_37.5314441935041714|127.0234184891007061_37.5312288752733068|127.0232223077572939_37.5309991388464397|127.0227364911469152_37.5304033524873617|127.0225805354424722_37.5302059729861313|127.0224870300151281_37.5300768133414024|127.0223848165293816_37.5299046919136003|127.0222960097674587_37.5297433564546594|127.0222118991010092_37.5295498443736761|127.0220780430583289_37.5291616152612590
2026-09-04T03:35:30.187978+09:00,잠원한강공원,잠원한강공원,POI111,KEY_3,1220106000,논현로,1220060104,동호대교JC,127.0244930828705350_37.5312156076113936,1220061000,동호대교(남측),127.0229084781207405_37.5333942739204431,279.0,66.0,원활,127.0229084781207405_37.5333942739204431|127.0232726866820627_37.5328829494918850|127.0244930828705350_37.5312156076113936
2026-09-04T03:35:30.187978+09:00,잠원한강공원,잠원한강공원,POI111,KEY_3,1220342500,올림픽대로,1210002002,서초구-강남구,127.0160756749148590_37.5238982581448965,1220054400,한남IC,127.0200272274778115_37.5267777660031570,473.0,85.0,원활,127.0200272274778115_37.5267777660031570|127.0174926925739385_37.5248921052717748|127.0167692105759869_37.5243778468914542|127.0160756749148590_37.5238982581448965
2026-09-04T03:35:30.187978+09:00,잠원한강공원,잠원한강공원,POI111,KEY_3,1220342800,올림픽대로,1220054400,한남IC,127.0200272274778115_37.5267777660031570,1220059300,동호대교JC,127.0220780430583289_37.5291616152612590,322.0,68.0,원활,127.0220780430583289_37.5291616152612590|127.0220517502220900_37.5291250566255243|127.0213640484212050_37.5281805214620263|127.0212442670701734_37.5280074876508394|127.0209909950696954_37.5276997633197666|127.0208173241896787_37.5274941629031531|127.0206909534822728_37.5273554073890026|127.0205589843227756_37.5272328410129745|127.0204122331301448_37.5270947744028120|127.0203880379195880_37.5270740330117505|127.0202983566571362_37.5269971470395589|127.0200272274778115_37.5267777660031570
2026-09-04T03:35:30.187978+09:00,잠원한강공원,잠원한강공원,POI111,KEY_3,1220343000,올림픽대로,1220059300,동호대교JC,127.0220780430583289_37.5291616152612590,1220061700,동호대교JC,127.0265039145882753_37.5338077911726771,655.0,77.0,원활,127.0265039145882753_37.5338077911726771|127.0263061761544918_37.5337200787946372|127.0261029394426231_37.5336028099630568|127.0258301164592467_37.5334591467799115|127.0255926780643279_37.5333027315416814|127.0254173103755306_37.5331668245794674|127.0252530509295497_37.5330397168580419|127.0250780178394621_37.5328857370346967|127.0248546347229421_37.5326680240083306|127.0246229562475975_37.5324221577972992|127.0240947726871497_37.5318184643953501|127.0236711793850333_37.5313091455595753|127.0232027216458448_37.5306889035906366|127.0228655067426757_37.5302415599729571|127.0224067469877554_37.5296186521967385|127.0220780430583289_37.5291616152612590
2026-09-04T03:35:30.187978+09:00,청계산,청계산,POI112,KEY_4,1210000711,경부고속도로,1210449200,최소노드배치점,127.0572473646991796_37.4446822625857081,1210000303,원지동489-2,127.0611116321153702_37.4392909081442369,689.0,101.3,원활,127.0611116321153702_37.4392909081442369|127.0609315083385411_37.4395346353218912|127.0588239315142545_37.4424793010316677|127.0572473646991796_37.4446822625857081
2026-09-04T03:35:30.187978+09:00,청계산,청계산,POI112,KEY_4,1210031900,청계산로,1210486300,최소노드배치점,127.0608932817513477_37.4400494757925912,1210008321,청계산길삼거리,127.0586823451657352_37.4429910818022265,381.0,49.0,원활,127.0586823451657352_37.4429910818022265|127.0591662640642028_37.4422470485704224|127.0592491678171001_37.4421399553288055|127.0603402860259621_37.4407304388508493|127.0603767585155452_37.4406855268171128|127.0608932817513477_37.4400494757925912
2026-09-04T03:35:30.187978+09:00,청계산,청계산,POI112,KEY_4,1210032000,청계산로,1210382300,신원동 48-16,127.0689133267683673_37.4319923005843833,2040001001,서초구-성남시수정구,127.0712198428584401_37.4305783980768396,260.0,45.0,원활,127.0712198428584401_37.4305783980768396|127.0711028696561584_37.4306114678604231|127.0703107383910719_37.4309818756336128|127.0695397393779444_37.4314271473229923|127.0693310371891442_37.4315845639555036|127.0689133267683673_37.4319923005843833
2026-09-04T03:35:30.187978+09:00,청계산,청계산,POI112,KEY_4,1210032101,청계산로,1210284000,신원동 307,127.0514085152237556_37.4518091803845721,1210008504,신원동501-21,127.0513183620442987_37.4531538308920418,201.0,29.0,원활,127.0513183620442987_37.4531538308920418|127.0506240143684380_37.4527327188383623|127.0506592259591940_37.4526912672754051|127.0514085152237556_37.4518091803845721
2026-09-04T03:35:30.187978+09:00,청계산,청계산,POI112,KEY_4,1210032103,청계산로,1210008310,신원동201-3,127.0559458797580419_37.4469717659356149,1210008325,신원동280-1,127.0531615785309327_37.4497181796301390,392.0,21.0,서행,127.0531615785309327_37.4497181796301390|127.0533221718746262_37.4495056390777634|127.0559458797580419_37.4469717659356149
2026-09-04T03:35:30.187978+09:00,청계산,청계산,POI112,KEY_4,1210032202,청계산로,1210008503,신원동501-21,127.0513688585657803_37.4530533330380067,1210008323,신원동280-1,127.0532074871860857_37.4498669554356738,446.0,22.0,서행,127.0532074871860857_37.4498669554356738|127.0530950000193258_37.4500158268333792|127.0515057194718622_37.4518620167792236|127.0507818684531429_37.4527028419938546|127.0513688585657803_37.4530533330380067
2026-09-04T03:35:30.187978+09:00,청계산,청계산,POI112,KEY_4,1210032204,청계산로,1210008324,신원동280-1,127.0532777455629230_37.4497739712044080,1210008307,신원동201-3,127.0560504946031841_37.4470406208549775,390.0,31.5,원활,127.0560504946031841_37.4470406208549775|127.0534298062270295_37.4495727231995446|127.0532777455629230_37.4497739712044080
2026-09-04T03:35:30.187978+09:00,청계산,청계산,POI112,KEY_4,1210177500,경부고속도로,1210446500,최소노드배치점,127.0653036739185353_37.4349232323748993,1210085501,서초구-성남시수정구,127.0696665356241795_37.4306444654284931,612.0,96.5,원활,127.0696665356241795_37.4306444654284931|127.0653036739185353_37.4349232323748993
2026-09-04T03:35:30.187978+09:00,청계산,청계산,POI112,KEY_4,1210177600,경부고속도로,1210446400,최소노드배치점,127.0651984769812799_37.4348550201566468,1210000304,원지동489-2,127.0609981268950293_37.4392308276163988,612.0,96.5,원활,127.0609981268950293_37.4392308276163988|127.0619913681257458_37.4380483828942161|127.0627090354693252_37.4372961789658376|127.0651984769812799_37.4348550201566468
2026-09-04T03:35:30.187978+09:00,청계산,청계산,POI112,KEY_4,1210177700,경부고속도로,1210449500,최소노드배치점,127.0526747207954372_37.4497035943056531,1210074702,신양재IC,127.0481276841114635_37.4547449692336869,689.0,97.4,원활,127.0481276841114635_37.4547449692336869|127.0488562039205362_37.4539451814088551|127.0499088293466770_37.4527786187978151|127.0507886425474311_37.4518049000086037|127.0516045488923140_37.4508924001779917|127.0526646112414824_37.4497147438476219|127.0526747207954372_37.4497035943056531
2026-09-04T03:35:30.187978+09:00,홍제폭포,홍제폭포,POI128,KEY_1,1120001300,내부순환도로,1120189000,최소노드배치점,126.9355029712090754_37.5797537876482934,1120018100,예그린유치원,126.9353306048413259_37.5859254286256572,782.0,82.0,원활,126.9353306048413259_37.5859254286256572|126.9353720149181157_37.5856896398522622|126.9354206634169913_37.5854295552364022|126.9355132292078991_37.5851258757186955|126.9356226920927213_37.5848470691319108|126.9357642556575456_37.5845605511847225|126.9359608400409485_37.5842493982299857|126.9369854646653977_37.5826831449766772|126.9371085724289401_37.5824456628314110|126.9371785853267482_37.5822326575221055|126.9372196054329152_37.5820190961513987|126.9372314619192110_37.5817916412523019|126.9372081619637669_37.5815484606276442|126.9371731874261968_37.5813433155249186|126.9371097635167871_37.5811454523982604|126.9369753385925321_37.5808984760248705|126.9368523263752451_37.5807116973754205|126.9367005935860959_37.5805256438115265|126.9365006626036063_37.5803335058484080|126.9363068869953679_37.5801650390661877|126.9361325128705431_37.5800446018223511|126.9358819462616168_37.5799006304472769|126.9356007343512687_37.5797885361015034|126.9355029712090754_37.5797537876482934
2026-09-04T03:35:30.187978+09:00,홍제폭포,홍제폭포,POI128,KEY_1,1120010301,연희로,1120143600,연희동 169-1,126.9359270691176391_37.5786224940936506,1120014803,서대문구청,126.9360877140000383_37.5796495017982863,115.0,48.3,원활,126.9360877140000383_37.5796495017982863|126.9360739899393877_37.5793519176538453|126.9360576488695926_37.5792443728082688|126.9360343655483661_37.5790911386545901|126.9359766844867039_37.5788392026325582|126.9359270691176391_37.5786224940936506
2026-09-04T03:35:30.187978+09:00,홍제폭포,홍제폭포,POI128,KEY_1,1120010302,연희로,1120014804,서대문구청,126.9360927246252260_37.5797673993961681,1120015303,서대문구청앞교차로,126.9361095223012796_37.5802604456917777,55.0,50.3,원활,126.9361095223012796_37.5802604456917777|126.9360927246252260_37.5797673993961681
2026-09-04T03:35:30.187978+09:00,홍제폭포,홍제폭포,POI128,KEY_1,1120010402,연희로,1120015302,서대문구청앞교차로,126.9362453257862029_37.5802575151093023,1120014801,서대문구청,126.9362289336807237_37.5797763988674731,53.0,28.0,원활,126.9362289336807237_37.5797763988674731|126.9362453257862029_37.5802575151093023
2026-09-04T03:35:30.187978+09:00,홍제폭포,홍제폭포,POI128,KEY_1,1120010902,연희로,1120014701,홍은동 275-36,126.9341761077857598_37.5796051045167516,1120015304,서대문구청앞교차로,126.9361130599227607_37.5803854760075282,192.0,26.0,원활,126.9361130599227607_37.5803854760075282|126.9355295449089311_37.5801293098410127|126.9341761077857598_37.5796051045167516
2026-09-04T03:35:30.187978+09:00,홍제폭포,홍제폭포,POI128,KEY_1,1120012101,연희로,1120015304,서대문구청앞교차로,126.9361130599227607_37.5803854760075282,1120015900,서대문구청앞,126.9361242751955388_37.5814206624140539,115.0,48.7,원활,126.9361242751955388_37.5814206624140539|126.9361190331520532_37.5809368173319669|126.9361130599227607_37.5803854760075282
2026-09-04T03:35:30.187978+09:00,홍제폭포,홍제폭포,POI128,KEY_1,1120012200,연희로,1120183800,홍은동 274-14,126.9362548820711538_37.5809358850233224,1120015301,서대문구청앞교차로,126.9362489072490945_37.5803845436516468,61.0,17.0,서행,126.9362489072490945_37.5803845436516468|126.9362548820711538_37.5809358850233224
2026-09-04T03:35:30.187978+09:00,홍제폭포,홍제폭포,POI128,KEY_1,1120026100,연희로32길,1120156600,연희동 168-34,126.9366082191874625_37.5795866226403561,1120014802,서대문구청,126.9362244887250029_37.5796675300616769,35.0,10.0,정체,126.9362244887250029_37.5796675300616769|126.9364292255509099_37.5796421835507530|126.9366082191874625_37.5795866226403561
2026-09-04T03:35:30.187978+09:00,가락시장,가락시장,POI058,KEY_2,1230002100,송파대로,1230017304,올림픽훼밀리타운앞교차로,127.1210258428540527_37.4887675565131815,1230019203,가락시장역앞교차로,127.1187411667467586_37.4925136264130430,463.0,26.0,원활,127.1187411667467586_37.4925136264130430|127.1197714201593811_37.4910640833560080|127.1200223071997186_37.4906490297457822|127.1203066139645301_37.4901786821806482|127.1206094301574723_37.4895845644306007|127.1210258428540527_37.4887675565131815
2026-09-04T03:35:30.187978+09:00,가락시장,가락시장,POI058,KEY_2,1230002501,송파대로,1230019204,가락시장역앞교차로,127.1186631577493671_37.4926059869610953,1230019703,속성변화점,127.1180895409655136_37.4932155741045676,85.0,12.0,정체,127.1180895409655136_37.4932155741045676|127.1184380300240377_37.4928470244958234|127.1186631577493671_37.4926059869610953
2026-09-04T03:35:30.187978+09:00,가락시장,가락시장,POI058,KEY_2,1230002502,송파대로,1230019703,속성변화점,127.1180895409655136_37.4932155741045676,1230020403,속성변화점,127.1174565775458518_37.4938968822872383,94.0,27.0,원활,127.1174565775458518_37.4938968822872383|127.1180074799294744_37.4933031352013657|127.1180895409655136_37.4932155741045676
2026-09-04T03:35:30.187978+09:00,가락시장,가락시장,POI058,KEY_2,1230002503,송파대로,1230020403,속성변화점,127.1174565775458518_37.4938968822872383,1230021003,속성변화점,127.1165394302565375_37.4948799779219542,136.0,23.0,서행,127.1165394302565375_37.4948799779219542|127.1173759307437905_37.4939835618050665|127.1174565775458518_37.4938968822872383
2026-09-04T03:35:30.187978+09:00,가락시장,가락시장,POI058,KEY_2,1230002504,송파대로,1230021003,속성변화점,127.1165394302565375_37.4948799779219542,1230022202,송파지하차도(남측),127.1157009408522782_37.4957852674061130,125.0,17.0,서행,127.1157009408522782_37.4957852674061130|127.1164582088762387_37.4949673388322466|127.1165394302565375_37.4948799779219542
2026-09-04T03:35:30.187978+09:00,가락시장,가락시장,POI058,KEY_2,1230002505,송파대로,1230022202,송파지하차도(남측),127.1157009408522782_37.4957852674061130,1230023000,가락동172-9,127.1150412999846395_37.4964072887051572,91.0,42.3,원활,127.1150412999846395_37.4964072887051572|127.1154853088913086_37.4959272692098367|127.1157009408522782_37.4957852674061130
2026-09-04T03:35:30.187978+09:00,가락시장,가락시장,POI058,KEY_2,1230002506,송파대로,1230023000,가락동172-9,127.1150412999846395_37.4964072887051572,1230024503,가락시장앞교차로,127.1139289764058020_37.4976097905047183,166.0,38.7,원활,127.1139289764058020_37.4976097905047183|127.1150412999846395_37.4964072887051572
2026-09-04T03:35:30.187978+09:00,가락시장,가락시장,POI058,KEY_2,1230002601,송파대로,1230019702,가락시장역(서울8호선),127.1181979182710222_37.4932806354653536,1230019201,가락시장역앞교차로,127.1187959472877793_37.4926449140792002,88.0,13.0,정체,127.1187959472877793_37.4926449140792002|127.1185466484956379_37.4929118312852694|127.1181979182710222_37.4932806354653536
2026-09-04T03:35:30.187978+09:00,가락시장,가락시장,POI058,KEY_2,1230002602,송파대로,1230020402,대한소방공제회관,127.1175656927106274_37.4939611574999532,1230019701,가락시장역(서울8호선),127.1181165953376393_37.4933674102880872,82.0,46.0,원활,127.1181165953376393_37.4933674102880872|127.1175656927106274_37.4939611574999532
2026-09-04T03:35:30.187978+09:00,가락시장,가락시장,POI058,KEY_2,1230002603,송파대로,1230021002,금호아파트,127.1166483258781170_37.4949444902828972,1230020401,대한소방공제회관,127.1174848264418529_37.4940480737983179,124.0,52.0,원활,127.1174848264418529_37.4940480737983179|127.1166483258781170_37.4949444902828972
2026-09-04T03:35:30.187978+09:00,가락시장,가락시장,POI058,KEY_2,1230002604,송파대로,1230022201,송파지하차도(남측),127.1158101613083460_37.4958494321184332,1230021001,금호아파트,127.1165674108393091_37.4950315228562872,113.0,54.0,원활,127.1165674108393091_37.4950315228562872|127.1158101613083460_37.4958494321184332
2026-09-04T03:35:30.187978+09:00,가락시장,가락시장,POI058,KEY_2,1230002605,송파대로,1230023100,가락금호아파트,127.1152652544426758_37.4965296586052403,1230022201,송파지하차도(남측),127.1158101613083460_37.4958494321184332,90.0,12.0,정체,127.1158101613083460_37.4958494321184332|127.1157037850572209_37.4960555597114009|127.1152652544426758_37.4965296586052403
2026-09-04T03:35:30.187978+09:00,가락시장,가락시장,POI058,KEY_2,1230002606,송파대로,1230024502,가락시장앞교차로,127.1141561470058008_37.4977286881623826,1230023100,가락금호아파트,127.1152652544426758_37.4965296586052403,165.0,4.0,정체,127.1152652544426758_37.4965296586052403|127.1141561470058008_37.4977286881623826
2026-09-04T03:35:30.187978+09:00,가락시장,가락시장,POI058,KEY_2,1230006701,중대로2길,1230404500,광평교교차로,127.1093634865369353_37.4894577289529849,1230017703,광평교앞교차로,127.1092394510687598_37.4896255728467267,22.0,41.5,원활,127.1092394510687598_37.4896255728467267|127.1093634865369353_37.4894577289529849
2026-09-04T03:35:30.187978+09:00,가락시장,가락시장,POI058,KEY_2,1230008301,중대로,1230017701,광평교앞교차로,127.1092906185560736_37.4897579918237298,1230018104,문정2동주민센터,127.1115601597222593_37.4904720850338151,216.0,27.0,원활,127.1115601597222593_37.4904720850338151|127.1092906185560736_37.4897579918237298
2026-09-04T03:35:30.187978+09:00,가락시장,가락시장,POI058,KEY_2,1230008302,중대로,1230402200,가락동 214-15,127.1156548468998295_37.4917156376188814,1230018904,가락시장역(서울3호선),127.1165507728938735_37.4919875515897090,85.0,40.0,원활,127.1165507728938735_37.4919875515897090|127.1156548468998295_37.4917156376188814
2026-09-04T03:35:30.187978+09:00,가락시장,가락시장,POI058,KEY_2,1230008303,중대로,1230018901,가락시장역(서울3호선),127.1166794195227965_37.4920258866616223,1230019204,가락시장역앞교차로,127.1186631577493671_37.4926059869610953,187.0,21.0,서행,127.1186631577493671_37.4926059869610953|127.1166794195227965_37.4920258866616223
2026-09-04T03:35:30.187978+09:00,가락시장,가락시장,POI058,KEY_2,1230008401,중대로,1230018103,문정2동주민센터,127.1116079808720940_37.4903708873401271,1230017702,광평교앞교차로,127.1093671662392239_37.4896658322966232,213.0,16.0,서행,127.1093671662392239_37.4896658322966232|127.1116079808720940_37.4903708873401271
2026-09-04T03:35:30.187978+09:00,가락시장,가락시장,POI058,KEY_2,1230008402,중대로,1230369800,가락동 214-15,127.1148749173534327_37.4913632225477613,1230018102,문정2동주민센터,127.1117345135237997_37.4904100115912300,297.0,29.0,원활,127.1117345135237997_37.4904100115912300|127.1126865290733008_37.4906989895391050|127.1134352511671608_37.4909262521512474|127.1142273347816030_37.4911666697808599|127.1148749173534327_37.4913632225477613
2026-09-04T03:35:30.187978+09:00,가락시장,가락시장,POI058,KEY_2,1230008403,중대로,1230019203,가락시장역앞교차로,127.1187411667467586_37.4925136264130430,1230018902,가락시장역(서울3호선),127.1167261713873557_37.4919243860885771,190.0,9.0,정체,127.1167261713873557_37.4919243860885771|127.1187411667467586_37.4925136264130430
2026-09-04T03:35:30.187978+09:00,가락시장,가락시장,POI058,KEY_2,1230009100,양재대로,1230421100,최소노드배치점,127.1068132568920532_37.4922308056512179,1230020602,탄천교앞교차로,127.1037134371381967_37.4941541612508757,351.0,17.0,서행,127.1037134371381967_37.4941541612508757|127.1040602054997919_37.4940702958258214|127.1041358426904821_37.4940098959711463|127.1042874408076955_37.4938668220432021|127.1050376852226407_37.4934408894289248|127.1058058447839301_37.4929665113712218|127.1063415329264501_37.4925814887936966|127.1068132568920532_37.4922308056512179
2026-09-04T03:35:30.187978+09:00,가락시장,가락시장,POI058,KEY_2,1230009200,양재대로,1230421200,최소노드배치점,127.1069058251384831_37.4923098611998498,1230017701,광평교앞교차로,127.1092906185560736_37.4897579918237298,356.0,25.0,원활,127.1092906185560736_37.4897579918237298|127.1091246165315027_37.4899268501938678|127.1089168382183630_37.4902518586327673|127.1086917284484201_37.4905864179943222|127.1083045104332001_37.4910935964046459|127.1080776858556334_37.4913544969977579|127.1078545506475876_37.4915690793142886|127.1074077619908849_37.4919367115673055|127.1069058251384831_37.4923098611998498
2026-09-04T03:35:30.187978+09:00,가락시장,가락시장,POI058,KEY_2,1230010001,중대로,1230389000,가락동 100-2,127.1213288954643446_37.4938085150073661,1230019202,가락시장역앞교차로,127.1188701859757515_37.4925515078194422,259.0,33.0,원활,127.1188701859757515_37.4925515078194422|127.1191253945907675_37.4926266562471753|127.1193048451132483_37.4927010271650119|127.1197739351579514_37.4929547661225939|127.1204944491470172_37.4933444976609849|127.1206077359289424_37.4934066955895773|127.1213288954643446_37.4938085150073661
2026-09-04T03:35:30.187978+09:00,가락시장,가락시장,POI058,KEY_2,1230011301,탄천동로,1230020603,탄천교앞교차로,127.1035083522439209_37.4942053452210757,1230020900,가락시영1차아파트,127.1023921618984787_37.4946491021272408,111.0,27.0,원활,127.1023921618984787_37.4946491021272408|127.1032717072850176_37.4942717424955845|127.1033115117363366_37.4942546645723027|127.1035083522439209_37.4942053452210757
2026-09-04T03:35:30.187978+09:00,가락시장,가락시장,POI058,KEY_2,1230011402,탄천동로,1230404200,가락동 913-5,127.1033360425381034_37.4943669393432941,1230020604,탄천교앞교차로,127.1037081302821434_37.4942686301430825,35.0,19.0,서행,127.1037081302821434_37.4942686301430825|127.1033645059181936_37.4943547272602373|127.1033360425381034_37.4943669393432941
2026-09-04T03:35:30.187978+09:00,가락시장,가락시장,POI058,KEY_2,1230011501,양재대로,1230020604,탄천교앞교차로,127.1037081302821434_37.4942686301430825,1230021602,가락지하차도(서측),127.1066159249626821_37.4951597316970222,276.0,28.0,원활,127.1066159249626821_37.4951597316970222|127.1037081302821434_37.4942686301430825
2026-09-04T03:35:30.187978+09:00,가락시장,가락시장,POI058,KEY_2,1230011503,양재대로,1230021602,가락지하차도(서측),127.1066159249626821_37.4951597316970222,1230022404,가락시장입구교차로,127.1088751233200611_37.4959359121374192,218.0,36.0,원활,127.1088751233200611_37.4959359121374192|127.1071119917949375_37.4953848191210000|127.1068397224560442_37.4952934730400784|127.1066159249626821_37.4951597316970222
2026-09-04T03:35:30.187978+09:00,가락시장,가락시장,POI058,KEY_2,1230011504,양재대로,1230022401,가락시장입구교차로,127.1090039674739813_37.4959756436812626,1230022702,가락지하차도(동측),127.1109238161647710_37.4965018932248313,180.0,10.0,정체,127.1109238161647710_37.4965018932248313|127.1106463375335807_37.4964753395489012|127.1090039674739813_37.4959756436812626
2026-09-04T03:35:30.187978+09:00,가락시장,가락시장,POI058,KEY_2,1230011505,양재대로,1230022702,가락지하차도(동측),127.1109238161647710_37.4965018932248313,1230023800,가락지하차도,127.1116511171543522_37.4967260215322469,69.0,51.0,원활,127.1116511171543522_37.4967260215322469|127.1109238161647710_37.4965018932248313
2026-09-04T03:35:30.187978+09:00,가락시장,가락시장,POI058,KEY_2,1230011506,양재대로,1230023800,가락지하차도,127.1116511171543522_37.4967260215322469,1230024504,가락시장앞교차로,127.1138489076628559_37.4976973187640681,223.0,40.0,원활,127.1138489076628559_37.4976973187640681|127.1127794983662085_37.4971502561369405|127.1121184572878491_37.4968847443641735|127.1116511171543522_37.4967260215322469
2026-09-04T03:35:30.187978+09:00,가락시장,가락시장,POI058,KEY_2,1230011601,양재대로,1230021601,가락지하차도(서측),127.1066666120631226_37.4950594505273571,1230020601,탄천교앞교차로,127.1039190442420335_37.4942174272189277,260.0,32.0,원활,127.1039190442420335_37.4942174272189277|127.1066666120631226_37.4950594505273571
2026-09-04T03:35:30.187978+09:00,가락시장,가락시장,POI058,KEY_2,1230011603,양재대로,1230022403,가락시장입구교차로,127.1089742353404120_37.4957346052473497,1230021601,가락지하차도(서측),127.1066666120631226_37.4950594505273571,218.0,15.0,서행,127.1066666120631226_37.4950594505273571|127.1069450436642683_37.4950941788595031|127.1072142261082831_37.4951844894170065|127.1089742353404120_37.4957346052473497
2026-09-04T03:35:30.187978+09:00,가락시장,가락시장,POI058,KEY_2,1230011604,양재대로,1230022701,가락지하차도(동측),127.1109724966751742_37.4964009687156761,1230022402,가락시장입구교차로,127.1091007883985071_37.4957736303197251,180.0,38.0,원활,127.1091007883985071_37.4957736303197251|127.1107431549197742_37.4962733259833385|127.1109724966751742_37.4964009687156761
2026-09-04T03:35:30.187978+09:00,가락시장,가락시장,POI058,KEY_2,1230011605,양재대로,1230023300,가락지하차도,127.1117000683038469_37.4966251805970856,1230022701,가락지하차도(동측),127.1109724966751742_37.4964009687156761,69.0,25.0,원활,127.1109724966751742_37.4964009687156761|127.1117000683038469_37.4966251805970856
2026-09-04T03:35:30.187978+09:00,가락시장,가락시장,POI058,KEY_2,1230011606,양재대로,1230024503,가락시장앞교차로,127.1139289764058020_37.4976097905047183,1230023300,가락지하차도,127.1117000683038469_37.4966251805970856,226.0,25.0,원활,127.1117000683038469_37.4966251805970856|127.1121756604013200_37.4967866380658776|127.1128468823689133_37.4970562393765974|127.1139289764058020_37.4976097905047183
2026-09-04T03:35:30.187978+09:00,가락시장,가락시장,POI058,KEY_2,1230037801,탄천동로,1230017704,광평교앞교차로,127.1091590629308001_37.4897164815972701,1230018400,광평교,127.1081813856774403_37.4907944108752886,149.0,19.0,서행,127.1081813856774403_37.4907944108752886|127.1083606038160809_37.4905939968972461|127.1088443327929838_37.4899451261901149|127.1089279804344869_37.4898616122221782|127.1091590629308001_37.4897164815972701
2026-09-04T03:35:30.187978+09:00,가락시장,가락시장,POI058,KEY_2,1230037802,탄천동로,1230018400,광평교,127.1081813856774403_37.4907944108752886,1230020200,탄천교북측,127.1046982234543350_37.4935032962483277,432.0,18.0,서행,127.1046982234543350_37.4935032962483277|127.1049388716472919_37.4933600479160347|127.1053932176754131_37.4930592694339637|127.1066156422230335_37.4921737388548735|127.1072462173635955_37.4916796974214108|127.1076466228856958_37.4913312805641468|127.1078826618966673_37.4911117448254743|127.1080380223929467_37.4909637998517482|127.1081813856774403_37.4907944108752886
2026-09-04T03:35:30.187978+09:00,가락시장,가락시장,POI058,KEY_2,1230037803,탄천동로,1230020200,탄천교북측,127.1046982234543350_37.4935032962483277,1230020603,탄천교앞교차로,127.1035083522439209_37.4942053452210757,134.0,18.0,서행,127.1035083522439209_37.4942053452210757|127.1040325096386141_37.4940538804506005|127.1041465466602460_37.4939567938172402|127.1042633630689096_37.4938362379005881|127.1046982234543350_37.4935032962483277
2026-09-04T03:35:30.187978+09:00,가락시장,가락시장,POI058,KEY_2,1230050600,중대로4길,1230407200,문정동 150,127.1123299947120131_37.4887823158563123,1230018103,문정2동주민센터,127.1116079808720940_37.4903708873401271,188.0,13.0,정체,127.1116079808720940_37.4903708873401271|127.1118727225017579_37.4897884123905669|127.1120077593992619_37.4894913053738250|127.1123299947120131_37.4887823158563123
2026-09-04T03:35:30.187978+09:00,가락시장,가락시장,POI058,KEY_2,1230051300,탄천동로,1230017101,가락동616-1,127.1097657080771626_37.4886328395552795,1230017703,광평교앞교차로,127.1092394510687598_37.4896255728467267,128.0,39.5,원활,127.1092394510687598_37.4896255728467267|127.1091558106008961_37.4895112849332648|127.1091556753553391_37.4894183407482799|127.1092033232423972_37.4893094586352476|127.1097657080771626_37.4886328395552795
2026-09-04T03:35:30.187978+09:00,가락시장,가락시장,POI058,KEY_2,1230051600,중대로,1230017703,광평교앞교차로,127.1092394510687598_37.4896255728467267,1220023001,강남구-송파구,127.1078485322773020_37.4891860036057949,132.0,41.0,원활,127.1078485322773020_37.4891860036057949|127.1092394510687598_37.4896255728467267
2026-09-04T03:35:30.187978+09:00,가락시장,가락시장,POI058,KEY_2,1230051700,중대로,1220023002,강남구-송파구,127.1077983160486440_37.4892864477850765,1230017704,광평교앞교차로,127.1091590629308001_37.4897164815972701,129.0,54.0,원활,127.1091590629308001_37.4897164815972701|127.1077983160486440_37.4892864477850765
2026-09-04T03:35:30.187978+09:00,가락시장,가락시장,POI058,KEY_2,1230051800,탄천동로,1230017102,가락동616-1,127.1096470218132737_37.4885958507830637,1230018400,광평교,127.1081813856774403_37.4907944108752886,279.0,9.0,정체,127.1081813856774403_37.4907944108752886|127.1082887287691960_37.4905440001390318|127.1086974912796705_37.4897760026649465|127.1088854968754589_37.4894492333212099|127.1090766429304182_37.4892249683685037|127.1093007035074862_37.4890054407837212|127.1095576330975092_37.4887596584706273|127.1096470218132737_37.4885958507830637
2026-09-04T03:35:30.187978+09:00,가락시장,가락시장,POI058,KEY_2,1230051901,중대로8길,1230386000,문정동 150-14,127.1167833241685088_37.4914854397265600,1230018903,가락시장역(서울3호선),127.1165990721881229_37.4918865116658182,47.0,17.0,서행,127.1165990721881229_37.4918865116658182|127.1167833241685088_37.4914854397265600
2026-09-04T03:35:30.187978+09:00,가락시장,가락시장,POI058,KEY_2,1230051902,중대로8길,1230361900,문정동 150-14,127.1172116084218118_37.4905531499749003,1230016908,롯데마트(송파점),127.1169709124956029_37.4910771005723191,62.0,10.0,정체,127.1169709124956029_37.4910771005723191|127.1172116084218118_37.4905531499749003
2026-09-04T03:35:30.187978+09:00,가락시장,가락시장,POI058,KEY_2,1230052002,중대로8길,1230018902,가락시장역(서울3호선),127.1167261713873557_37.4919243860885771,1230016906,롯데마트(송파점),127.1170516918871982_37.4912157989307673,84.0,6.0,정체,127.1170516918871982_37.4912157989307673|127.1169107476193574_37.4915226056316016|127.1167261713873557_37.4919243860885771
2026-09-04T03:35:30.187978+09:00,가락시장,가락시장,POI058,KEY_2,1230054000,양재대로.중대로.사이길,1230422000,최소노드배치점,127.1102674173819196_37.4931029974296166,1230022403,가락시장입구교차로,127.1089742353404120_37.4957346052473497,314.0,22.0,서행,127.1089742353404120_37.4957346052473497|127.1102674173819196_37.4931029974296166
2026-09-04T03:35:30.187978+09:00,가락시장,가락시장,POI058,KEY_2,1230054100,양재대로.중대로.사이길,1230421900,최소노드배치점,127.1103937724681998_37.4931424163455418,1230018101,문정2동주민센터,127.1116866660194091_37.4905111871912951,314.0,15.0,서행,127.1116866660194091_37.4905111871912951|127.1103937724681998_37.4931424163455418
2026-09-04T03:35:30.187978+09:00,가락시장,가락시장,POI058,KEY_2,1230054500,송파대로28길,1230410400,가락동 99-10,127.1190884118777689_37.4937496752694486,1230019702,가락시장역(서울8호선),127.1181979182710222_37.4932806354653536,94.0,12.0,정체,127.1181979182710222_37.4932806354653536|127.1190884118777689_37.4937496752694486
2026-09-04T03:35:30.187978+09:00,가락시장,가락시장,POI058,KEY_2,1230054900,양재대로,1230020602,탄천교앞교차로,127.1037134371381967_37.4941541612508757,1220027201,강남구-송파구,127.1017380867346276_37.4935258095581858,188.0,27.0,원활,127.1017380867346276_37.4935258095581858|127.1037134371381967_37.4941541612508757
2026-09-04T03:35:30.187978+09:00,가락시장,가락시장,POI058,KEY_2,1230055000,양재대로,1220027202,강남구-송파구,127.1016878963476984_37.4936262631744768,1230020603,탄천교앞교차로,127.1035083522439209_37.4942053452210757,173.0,47.0,원활,127.1035083522439209_37.4942053452210757|127.1016878963476984_37.4936262631744768
2026-09-04T03:35:30.187978+09:00,가락시장,가락시장,POI058,KEY_2,1230055100,탄천동로,1230020200,탄천교북측,127.1046982234543350_37.4935032962483277,1230020900,가락시영1차아파트,127.1023921618984787_37.4946491021272408,242.0,39.0,원활,127.1023921618984787_37.4946491021272408|127.1026351641800431_37.4944956246392778|127.1028100011304502_37.4943560139147394|127.1030386932509373_37.4942163550683105|127.1032808577331110_37.4940838361899651|127.1037831652852645_37.4938402368164390|127.1041105962998046_37.4937076412947334|127.1045008466885804_37.4935678371215673|127.1046982234543350_37.4935032962483277
2026-09-04T03:35:30.187978+09:00,가락시장,가락시장,POI058,KEY_2,1230055200,송파대로30길,1230390100,가락동 69,127.1181576884960975_37.4942844707260150,1230020402,대한소방공제회관,127.1175656927106274_37.4939611574999532,63.0,10.0,정체,127.1175656927106274_37.4939611574999532|127.1181576884960975_37.4942844707260150
2026-09-04T03:35:30.187978+09:00,가락시장,가락시장,POI058,KEY_2,1230056400,송파대로32길,1230363800,가락동 95-4,127.1171072649732992_37.4951831927519237,1230021002,금호아파트,127.1166483258781170_37.4949444902828972,48.0,14.0,정체,127.1166483258781170_37.4949444902828972|127.1171072649732992_37.4951831927519237
2026-09-04T03:35:30.187978+09:00,가락시장,가락시장,POI058,KEY_2,1230056500,송파대로32길,1230021001,금호아파트,127.1165674108393091_37.4950315228562872,1230021504,가락우성아파트,127.1172109413439841_37.4953662344504721,68.0,5.0,정체,127.1172109413439841_37.4953662344504721|127.1170330887625113_37.4952737308299717|127.1165674108393091_37.4950315228562872
2026-09-04T03:35:30.187978+09:00,가락시장,가락시장,POI058,KEY_2,1230057400,양재대로,1230022701,가락지하차도(동측),127.1109724966751742_37.4964009687156761,1230021601,가락지하차도(서측),127.1066666120631226_37.4950594505273571,409.0,60.3,원활,127.1066666120631226_37.4950594505273571|127.1071886675820224_37.4952345725276146|127.1090124158185830_37.4958046094001745|127.1109724966751742_37.4964009687156761
2026-09-04T03:35:30.187978+09:00,가락시장,가락시장,POI058,KEY_2,1230057500,양재대로,1230021602,가락지하차도(서측),127.1066159249626821_37.4951597316970222,1230022702,가락지하차도(동측),127.1109238161647710_37.4965018932248313,409.0,60.0,원활,127.1109238161647710_37.4965018932248313|127.1089634310423406_37.4959054420606890|127.1071375504234169_37.4953347360280986|127.1066159249626821_37.4951597316970222
2026-09-04T03:35:30.187978+09:00,가락시장,가락시장,POI058,KEY_2,1230059500,송파대로,1230023000,가락동172-9,127.1150412999846395_37.4964072887051572,1230023300,가락지하차도,127.1117000683038469_37.4966251805970856,334.0,39.3,원활,127.1117000683038469_37.4966251805970856|127.1132133030553462_37.4970539948776178|127.1134714429685602_37.4971044053795453|127.1136659491883449_37.4971191174298255|127.1138791054569595_37.4971010325812486|127.1140735290281469_37.4970621071467463|127.1143127756149056_37.4969843983692925|127.1146639988599105_37.4967605652213081|127.1150412999846395_37.4964072887051572
2026-09-04T03:35:30.187978+09:00,가락시장,가락시장,POI058,KEY_2,1230060100,송파대로,1230421700,최소노드배치점,127.1140721427734945_37.4977283810108872,1230022201,송파지하차도(남측),127.1158101613083460_37.4958494321184332,259.0,64.5,원활,127.1158101613083460_37.4958494321184332|127.1140721427734945_37.4977283810108872
2026-09-04T03:35:30.187978+09:00,가락시장,가락시장,POI058,KEY_2,1230060600,송파대로,1230025300,가락시장,127.1152758863382815_37.4983274724392501,1230023100,가락금호아파트,127.1152652544426758_37.4965296586052403,219.0,35.5,원활,127.1152652544426758_37.4965296586052403|127.1150120367173741_37.4969002819968367|127.1148517221107426_37.4972312072140355|127.1148219697051616_37.4973414922481183|127.1148034295675444_37.4974458062222311|127.1148110824045574_37.4975590345204068|127.1148337147807439_37.4976841685654136|127.1148825004034109_37.4977913976102499|127.1149425202820424_37.4979075545829943|127.1150586916786693_37.4980564363442781|127.1151897560098263_37.4982333364637554|127.1152758863382815_37.4983274724392501
2026-09-04T03:35:30.187978+09:00,가락시장,가락시장,POI058,KEY_2,1230060700,송파대로,1230023800,가락지하차도,127.1116511171543522_37.4967260215322469,1230025400,가락시장,127.1130396665766114_37.4985897582915655,279.0,41.0,원활,127.1130396665766114_37.4985897582915655|127.1131914635941911_37.4982502004138496|127.1132223301329560_37.4980790698056055|127.1132258865675624_37.4979568908886378|127.1132032208043796_37.4978079177548906|127.1131581323575404_37.4976708855017762|127.1130718956508048_37.4975279333659444|127.1128920928922668_37.4973433522305371|127.1126262481860749_37.4971439529376838|127.1116511171543522_37.4967260215322469
2026-09-04T03:35:30.187978+09:00,가로수길,가로수길,POI059,KEY_3,1220032606,도산대로,1220157901,신사역(서울3호선),127.0212177927414388_37.5168872521704131,1220046804,속성변화점,127.0218474243994109_37.5171534779245377,63.0,11.0,정체,127.0218474243994109_37.5171534779245377|127.0212177927414388_37.5168872521704131
2026-09-04T03:35:30.187978+09:00,가로수길,가로수길,POI059,KEY_3,1210005200,경부고속도로,1210050200,한남IC,127.0179230663021883_37.5215654212540883,1210048000,한남IC,127.0163581235578505_37.5170442405948918,561.0,74.7,원활,127.0163581235578505_37.5170442405948918|127.0165343138516363_37.5173858495530155|127.0167723392642358_37.5178670968809271|127.0170761911662964_37.5184149453652935|127.0172780896881903_37.5186691448905876|127.0175392423539904_37.5189538108083624|127.0178552351912344_37.5192549372941286|127.0180991379812383_37.5194738142039839|127.0182190961692754_37.5196134278193227|127.0182996365167583_37.5197270444739175|127.0183619528752246_37.5198563810036632|127.0184053893967047_37.5199980614801021|127.0184358162196929_37.5201630123718175|127.0184386910793393_37.5202890784637049|127.0184285996865725_37.5204319196483027|127.0184009492116246_37.5205590924208536|127.0183243377286288_37.5208205916057693|127.0179230663021883_37.5215654212540883
2026-09-04T03:35:30.187978+09:00,가로수길,가로수길,POI059,KEY_3,1210006302,강남대로,1210050500,잠원고가차도,127.0175844575561968_37.5222683840522109,1210050200,한남IC,127.0179230663021883_37.5215654212540883,84.0,67.7,원활,127.0179230663021883_37.5215654212540883|127.0178330428322369_37.5217757145184265|127.0176826012822175_37.5220826339949767|127.0175844575561968_37.5222683840522109
2026-09-04T03:35:30.187978+09:00,가로수길,가로수길,POI059,KEY_3,1210030102,강남대로,1220278700,신사동 667,127.0193796654159115_37.5169519190738754,1210047901,신사역사거리,127.0196073447006455_37.5162062855192104,85.0,38.0,원활,127.0196073447006455_37.5162062855192104|127.0193796654159115_37.5169519190738754
2026-09-04T03:35:30.187978+09:00,가로수길,가로수길,POI059,KEY_3,1210030103,강남대로,1210050200,한남IC,127.0179230663021883_37.5215654212540883,1210048900,한남IC,127.0191320703633693_37.5177627579261355,435.0,74.0,원활,127.0191320703633693_37.5177627579261355|127.0189310303031931_37.5184211218205093|127.0187293953687515_37.5190814217743309|127.0186579516555696_37.5193153777495993|127.0183961813083613_37.5201679848804446|127.0181460666752287_37.5209458080791194|127.0180078207468881_37.5213674346140280|127.0179230663021883_37.5215654212540883
2026-09-04T03:35:30.187978+09:00,가로수길,가로수길,POI059,KEY_3,1220032603,도산대로,1220301900,신사동 501-5,127.0226731476215747_37.5174979512342688,1220047304,신사동 501-5,127.0233702123766051_37.5177885099050883,70.0,11.0,정체,127.0233702123766051_37.5177885099050883|127.0227971066371566_37.5175496217451894|127.0226731476215747_37.5174979512342688
2026-09-04T03:35:30.187978+09:00,가로수길,가로수길,POI059,KEY_3,1220032604,도산대로,1220333600,신사동 501-5,127.0252630090018755_37.5185850545470387,1220048404,파키스탄대사관,127.0261635430802301_37.5189640959520858,90.0,36.5,원활,127.0261635430802301_37.5189640959520858|127.0252630090018755_37.5185850545470387
2026-09-04T03:35:30.187978+09:00,가로수길,가로수길,POI059,KEY_3,1220032605,도산대로,1220312500,신사동 501-5,127.0271621006632188_37.5193785848759092,1220048904,강남을지병원사거리,127.0280371859392829_37.5197414933169782,87.0,21.0,서행,127.0280371859392829_37.5197414933169782|127.0271621006632188_37.5193785848759092
2026-09-04T03:35:30.187978+09:00,가로수길,가로수길,POI059,KEY_3,1220032607,도산대로,1220314700,신사동 501-5,127.0205588097228713_37.5166086099990750,1220157904,신사역(서울3호선),127.0210978863052702_37.5168365517813100,54.0,10.0,정체,127.0210978863052702_37.5168365517813100|127.0205588097228713_37.5166086099990750
2026-09-04T03:35:30.187978+09:00,가로수길,가로수길,POI059,KEY_3,1220032706,도산대로,1220314600,논현동 279,127.0206224542618116_37.5165131107482495,1210047902,신사역사거리,127.0196397311538306_37.5160975693515226,98.0,43.0,원활,127.0196397311538306_37.5160975693515226|127.0206224542618116_37.5165131107482495
2026-09-04T03:35:30.187978+09:00,가로수길,가로수길,POI059,KEY_3,1220032707,도산대로,1220046803,국민연금관리공단,127.0218796194653237_37.5170446810028935,1220157902,속성변화점,127.0212814368900069_37.5167917523675669,60.0,43.0,원활,127.0212814368900069_37.5167917523675669|127.0218796194653237_37.5170446810028935
2026-09-04T03:35:30.187978+09:00,가로수길,가로수길,POI059,KEY_3,1220034402,논현로,1220048904,강남을지병원사거리,127.0280371859392829_37.5197414933169782,1220049904,포포인츠바이쉐라톤서울강남,127.0280734448643045_37.5206167208549601,97.0,27.0,원활,127.0280734448643045_37.5206167208549601|127.0280371859392829_37.5197414933169782
2026-09-04T03:35:30.187978+09:00,가로수길,가로수길,POI059,KEY_3,1220034404,논현로,1220053804,KT신사지사앞,127.0283248558345122_37.5246129191385620,1220055202,압구정고가차도(남측),127.0283395591130500_37.5250065536841362,44.0,42.0,원활,127.0283395591130500_37.5250065536841362|127.0283248558345122_37.5246129191385620
2026-09-04T03:35:30.187978+09:00,가로수길,가로수길,POI059,KEY_3,1220034405,논현로,1220055202,압구정고가차도(남측),127.0283395591130500_37.5250065536841362,1220010003,압구정역앞교차로,127.0282759409679016_37.5270582615837682,229.0,40.0,원활,127.0282759409679016_37.5270582615837682|127.0283303202405847_37.5268739474045816|127.0283620150373025_37.5266475017756704|127.0283619317290800_37.5264274554737582|127.0283319991274453_37.5259676695780868|127.0282853399793055_37.5252252266081712|127.0283395591130500_37.5250065536841362
2026-09-04T03:35:30.187978+09:00,가로수길,가로수길,POI059,KEY_3,1220034406,논현로,1220049909,신사동668,127.0282766583817988_37.5238348591677067,1220053803,KT신사지사앞,127.0283194174098185_37.5245048688214595,74.0,42.0,원활,127.0283194174098185_37.5245048688214595|127.0282766583817988_37.5238348591677067
2026-09-04T03:35:30.187978+09:00,가로수길,가로수길,POI059,KEY_3,1220034407,논현로,1220373500,신사동 668,127.0282210639870328_37.5229636995892477,1220049908,신사동668,127.0282697656988802_37.5237268530348160,85.0,54.0,원활,127.0282697656988802_37.5237268530348160|127.0282210639870328_37.5229636995892477
2026-09-04T03:35:30.187978+09:00,가로수길,가로수길,POI059,KEY_3,1220034505,논현로,1220010002,압구정역앞교차로,127.0285181437996727_37.5271826705537279,1220055201,압구정고가차도(남측),127.0284751971407360_37.5250022451099099,244.0,8.0,정체,127.0284751971407360_37.5250022451099099|127.0285565062360433_37.5252144169059250|127.0286031556237134_37.5259566660534603|127.0286334403760122_37.5264218208668652|127.0286335312154051_37.5266594844593655|127.0285983577891358_37.5269107887466404|127.0285181437996727_37.5271826705537279
2026-09-04T03:35:30.187978+09:00,가로수길,가로수길,POI059,KEY_3,1220035101,압구정로,1220387500,신사동 667-35,127.0208024983061250_37.5232622623860976,1220051900,한남IC,127.0196414563682623_37.5226786197747799,121.0,20.0,서행,127.0196414563682623_37.5226786197747799|127.0198045751835991_37.5227606189946599|127.0208024983061250_37.5232622623860976
2026-09-04T03:35:30.187978+09:00,가로수길,가로수길,POI059,KEY_3,1220035102,압구정로,1220284700,신사동 667-35,127.0231244458356485_37.5244338308142105,1220052802,현대고,127.0224876254120829_37.5241095444315249,67.0,18.0,서행,127.0224876254120829_37.5241095444315249|127.0231244458356485_37.5244338308142105
2026-09-04T03:35:30.187978+09:00,가로수길,가로수길,POI059,KEY_3,1220035103,압구정로,1220229500,신사동 667-35,127.0254725690620887_37.5256273769602657,1220054201,청작화랑,127.0241083963904600_37.5249346230122711,143.0,19.0,서행,127.0241083963904600_37.5249346230122711|127.0254725690620887_37.5256273769602657
2026-09-04T03:35:30.187978+09:00,가로수길,가로수길,POI059,KEY_3,1220035104,압구정로,1220197700,신사동 667-35,127.0264768016643444_37.5261378314984313,1220055601,갤러리가인로,127.0263447850509237_37.5260702905259507,14.0,23.0,서행,127.0263447850509237_37.5260702905259507|127.0264768016643444_37.5261378314984313
2026-09-04T03:35:30.187978+09:00,가로수길,가로수길,POI059,KEY_3,1220035600,논현로,1220055202,압구정고가차도(남측),127.0283395591130500_37.5250065536841362,1220058304,압구정고가차도(북측),127.0268388941667439_37.5286867952204233,456.0,62.5,원활,127.0268388941667439_37.5286867952204233|127.0276229048477035_37.5280429604157248|127.0278165005547066_37.5278840115926755|127.0279731715236551_37.5277036660985672|127.0281672333874639_37.5274318336580421|127.0283131192877590_37.5271685854789965|127.0283973296032798_37.5268831584729128|127.0284298940737244_37.5266504975051163|127.0284298088944297_37.5264260462047829|127.0283997882590228_37.5259649187552995|127.0283395591130500_37.5250065536841362
2026-09-04T03:35:30.187978+09:00,가로수길,가로수길,POI059,KEY_3,1220035700,논현로,1220058302,압구정고가차도(북측),127.0269363512986587_37.5287620679434681,1220055201,압구정고가차도(남측),127.0284751971407360_37.5250022451099099,466.0,64.0,원활,127.0284751971407360_37.5250022451099099|127.0285353676384261_37.5259594169927198|127.0285655632184074_37.5264232302528455|127.0285656521627686_37.5266564888469674|127.0285313483773990_37.5269015786934403|127.0284480650293517_37.5271838619750469|127.0282888742812872_37.5274801946933394|127.0280882251533114_37.5277612569592449|127.0279217590682350_37.5279528773542097|127.0269363512986587_37.5287620679434681
2026-09-04T03:35:30.187978+09:00,가로수길,가로수길,POI059,KEY_3,1220036101,압구정로,1220213100,신사동 667-35,127.0293474339213446_37.5276110594799661,1220010002,압구정역앞교차로,127.0285181437996727_37.5271826705537279,87.0,11.0,정체,127.0285181437996727_37.5271826705537279|127.0293474339213446_37.5276110594799661
2026-09-04T03:35:30.187978+09:00,가로수길,가로수길,POI059,KEY_3,1220089200,도산대로13길,1220287700,신사동 667-13,127.0230743650847813_37.5193351003487336,1220048603,한교빌딩,127.0230536690337004_37.5194604758461239,14.0,38.0,원활,127.0230536690337004_37.5194604758461239|127.0230743650847813_37.5193351003487336
2026-09-04T03:35:30.187978+09:00,가로수길,가로수길,POI059,KEY_3,1220089300,도산대로13길,1220389400,신사동 667-13,127.0233652346300346_37.5184041868742781,1220047301,신사동 501-5,127.0234959990522157_37.5178412759112945,64.0,19.0,서행,127.0234959990522157_37.5178412759112945|127.0233652346300346_37.5184041868742781
2026-09-04T03:35:30.187978+09:00,가로수길,가로수길,POI059,KEY_3,1220089800,논현로151길,1220443500,신사동 540-17,127.0244909423343387_37.5196152857974283,1220048602,한교빌딩,127.0231882543426423_37.5194745704341912,116.0,12.0,정체,127.0231882543426423_37.5194745704341912|127.0244718919648932_37.5196135745143948|127.0244909423343387_37.5196152857974283
2026-09-04T03:35:30.187978+09:00,가로수길,가로수길,POI059,KEY_3,1220089900,논현로151길,1220418800,신사동 667-21,127.0262498643968883_37.5199608855933420,1220049804,신사동 667-21,127.0274070953705206_37.5204456743626125,116.0,45.0,원활,127.0274070953705206_37.5204456743626125|127.0266396543750886_37.5201241789116082|127.0262498643968883_37.5199608855933420
2026-09-04T03:35:30.187978+09:00,가로수길,가로수길,POI059,KEY_3,1220091000,논현로151길,1220049904,포포인츠바이쉐라톤서울강남,127.0280734448643045_37.5206167208549601,1220049802,신사동 563-37,127.0275930492730652_37.5204031223416550,49.0,15.0,서행,127.0275930492730652_37.5204031223416550|127.0280734448643045_37.5206167208549601
2026-09-04T03:35:30.187978+09:00,가로수길,가로수길,POI059,KEY_3,1220091100,논현로151길,1220049801,신사동 667-21,127.0275268835117117_37.5204975286007425,1220049905,포포인츠바이쉐라톤서울강남,127.0280793639937258_37.5207431780700205,56.0,11.0,정체,127.0280793639937258_37.5207431780700205|127.0275268835117117_37.5204975286007425
2026-09-04T03:35:30.187978+09:00,가로수길,가로수길,POI059,KEY_3,1220092400,압구정로12길,1220417800,신사동 667-13,127.0224302352055901_37.5234937392832748,1220052803,현대고,127.0223574913892861_37.5240439075491210,61.0,30.0,원활,127.0223574913892861_37.5240439075491210|127.0223782425358934_37.5238158829208359|127.0224302352055901_37.5234937392832748
2026-09-04T03:35:30.187978+09:00,가로수길,가로수길,POI059,KEY_3,1220092500,압구정로12길,1220366000,신사동 667-13,127.0231140667746814_37.5199586975137009,1220048601,한교빌딩,127.0231712660938115_37.5195818456572496,42.0,14.0,정체,127.0231712660938115_37.5195818456572496|127.0231140667746814_37.5199586975137009
2026-09-04T03:35:30.187978+09:00,가로수길,가로수길,POI059,KEY_3,1220093002,압구정로,1220051400,한남IC,127.0184647515422967_37.5220740214540527,1210050301,서초구-강남구,127.0177990144592144_37.5217285520426174,70.0,49.0,원활,127.0177990144592144_37.5217285520426174|127.0184647515422967_37.5220740214540527
2026-09-04T03:35:30.187978+09:00,가로수길,가로수길,POI059,KEY_3,1220093400,압구정로,1220051900,한남IC,127.0196414563682623_37.5226786197747799,1220051400,한남IC,127.0184647515422967_37.5220740214540527,124.0,31.0,원활,127.0184647515422967_37.5220740214540527|127.0196414563682623_37.5226786197747799
2026-09-04T03:35:30.187978+09:00,가로수길,가로수길,POI059,KEY_3,1220093600,압구정로18길,1220402700,신사동 667-26,127.0242997575267196_37.5244046914768887,1220054203,청작화랑,127.0238902580922229_37.5248237950768342,60.0,13.0,정체,127.0238902580922229_37.5248237950768342|127.0240075609036410_37.5247631606974252|127.0242997575267196_37.5244046914768887
2026-09-04T03:35:30.187978+09:00,가로수길,가로수길,POI059,KEY_3,1220093700,압구정로18길,1220269200,신사동 667-22,127.0265257201653952_37.5217976687929635,1220049801,신사동 667-21,127.0275268835117117_37.5204975286007425,170.0,9.0,정체,127.0275268835117117_37.5204975286007425|127.0274614673849953_37.5206192024850438|127.0273151084055172_37.5208488732382079|127.0272306072528465_37.5209504397739764|127.0269002741036815_37.5213474819321107|127.0265257201653952_37.5217976687929635
2026-09-04T03:35:30.187978+09:00,가로수길,가로수길,POI059,KEY_3,1220095500,압구정로20길,1220295800,신사동 667-30,127.0249300313320617_37.5246883867516772,1220054202,청작화랑,127.0239993271606807_37.5248792090952108,85.0,9.0,정체,127.0239993271606807_37.5248792090952108|127.0241907646657893_37.5248235301143254|127.0248768749337529_37.5246912303723548|127.0249300313320617_37.5246883867516772
2026-09-04T03:35:30.187978+09:00,가로수길,가로수길,POI059,KEY_3,1220095600,압구정로20길,1220389300,신사동 667-30,127.0276891866743654_37.5246599576587982,1220053804,KT신사지사앞,127.0283248558345122_37.5246129191385620,57.0,9.0,정체,127.0283248558345122_37.5246129191385620|127.0278024437205033_37.5246369682814134|127.0276891866743654_37.5246599576587982
2026-09-04T03:35:30.187978+09:00,가로수길,가로수길,POI059,KEY_3,1220341900,강남대로,1220450900,최소노드배치점,127.0185739660145998_37.5202897635519861,1210048900,한남IC,127.0191320703633693_37.5177627579261355,286.0,55.0,원활,127.0191320703633693_37.5177627579261355|127.0190749075924401_37.5184495173263812|127.0185850281335433_37.5201347966023420|127.0185739660145998_37.5202897635519861
2026-09-04T03:35:30.187978+09:00,가로수길,가로수길,POI059,KEY_3,1220342100,강남대로,1210050200,한남IC,127.0179230663021883_37.5215654212540883,1220051400,한남IC,127.0184647515422967_37.5220740214540527,219.0,41.0,원활,127.0184647515422967_37.5220740214540527|127.0187361940851076_37.5221219841313172|127.0188799124806849_37.5221225694219385|127.0189701046267459_37.5220657007965528|127.0190338533853947_37.5219300247544041|127.0187948665284097_37.5213781528593202|127.0186786484771915_37.5212918254898256|127.0184900646496544_37.5212839020109570|127.0183010678575073_37.5213403675630133|127.0179230663021883_37.5215654212540883
2026-09-04T03:35:30.187978+09:00,광장(전통)시장,광장(전통)시장,POI060,KEY_4,1000001802,종로,1000169300,종로4가 183,126.9992162622975655_37.5707928126224999,1000031300,종로4가,126.9985532581453924_37.5707449132439208,59.0,26.0,원활,126.9985532581453924_37.5707449132439208|126.9992162622975655_37.5707928126224999
2026-09-04T03:35:30.187978+09:00,광장(전통)시장,광장(전통)시장,POI060,KEY_4,1000002001,종로,1000245300,종로5가 82-1,127.0027233485987352_37.5709694752928485,1000011202,종로5가사거리,127.0019976949529052_37.5709492579211854,64.0,29.0,원활,127.0019976949529052_37.5709492579211854|127.0026822738535230_37.5709687051739039|127.0027233485987352_37.5709694752928485
2026-09-04T03:35:30.187978+09:00,광장(전통)시장,광장(전통)시장,POI060,KEY_4,1000001700,종로,1000107700,종로5가 82-1,127.0014559954733784_37.5710337936727115,1000011204,종로5가사거리,127.0018597424576257_37.5710524176874969,36.0,39.0,원활,127.0018597424576257_37.5710524176874969|127.0014559954733784_37.5710337936727115
2026-09-04T03:35:30.187978+09:00,광장(전통)시장,광장(전통)시장,POI060,KEY_4,1000001801,종로,1000031300,종로4가,126.9985532581453924_37.5707449132439208,1000011002,종로4가사거리,126.9978420032838642_37.5706935232521886,63.0,20.0,서행,126.9978420032838642_37.5706935232521886|126.9985532581453924_37.5707449132439208
2026-09-04T03:35:30.187978+09:00,광장(전통)시장,광장(전통)시장,POI060,KEY_4,1000003102,청계천로,1000006802,세운교,126.9952943683145179_37.5687121004089306,1010034002,청계4가사거리,126.9978567741960518_37.5690141197168899,229.0,10.0,정체,126.9978567741960518_37.5690141197168899|126.9977196243080755_37.5689778939568413|126.9973817991979672_37.5689244876432014|126.9962389430763210_37.5687890515443357|126.9952943683145179_37.5687121004089306
2026-09-04T03:35:30.187978+09:00,광장(전통)시장,광장(전통)시장,POI060,KEY_4,1000003202,청계천로,1010033502,청계4가사거리,126.9978802454382389_37.5687215808426274,1000006801,세운교,126.9953276014707626_37.5684416148171678,228.0,13.0,정체,126.9953276014707626_37.5684416148171678|126.9957094599574390_37.5684724533581900|126.9977052575266896_37.5686899192676975|126.9978802454382389_37.5687215808426274
2026-09-04T03:35:30.187978+09:00,광장(전통)시장,광장(전통)시장,POI060,KEY_4,1000004300,청계천로,1010034001,청계4가사거리,126.9979899258223242_37.5690487214556867,1010035002,청계5가,127.0019528507516640_37.5697976426441400,360.0,16.0,서행,127.0019528507516640_37.5697976426441400|127.0017358863905201_37.5697659409256488|127.0000347507350966_37.5694727355165128|126.9982497711816194_37.5691151390471632|126.9979899258223242_37.5690487214556867
2026-09-04T03:35:30.187978+09:00,광장(전통)시장,광장(전통)시장,POI060,KEY_4,1000004400,청계천로,1010034602,청계5가교차로,127.0019837396539657_37.5694814402428676,1010033501,청계4가사거리,126.9980141971210799_37.5687475550074197,360.0,18.0,서행,126.9980141971210799_37.5687475550074197|127.0001365777901867_37.5691866684635656|127.0015262324094891_37.5694417350148697|127.0017658284941149_37.5694679542473580|127.0019837396539657_37.5694814402428676
2026-09-04T03:35:30.187978+09:00,광장(전통)시장,광장(전통)시장,POI060,KEY_4,1000005301,청계천로,1010035001,청계5가,127.0020881246934152_37.5698075774404145,1000031402,버들다리(북측),127.0066778573984863_37.5698145407186601,405.0,20.0,서행,127.0066778573984863_37.5698145407186601|127.0020881246934152_37.5698075774404145
2026-09-04T03:35:30.187978+09:00,광장(전통)시장,광장(전통)시장,POI060,KEY_4,1000005401,청계천로,1010034902,버들다리(남측),127.0065602496820105_37.5695317839187268,1010034601,청계5가교차로,127.0021191180861280_37.5694902995239062,392.0,20.0,서행,127.0021191180861280_37.5694902995239062|127.0024509740674006_37.5695131963120659|127.0065602496820105_37.5695317839187268
2026-09-04T03:35:30.187978+09:00,광장(전통)시장,광장(전통)시장,POI060,KEY_4,1000005501,창경궁로,1010034002,청계4가사거리,126.9978567741960518_37.5690141197168899,1000009200,종로4가,126.9977510820364870_37.5702192149541574,134.0,44.0,원활,126.9977510820364870_37.5702192149541574|126.9977619635523922_37.5701052996103186|126.9977928254472488_37.5697501122231543|126.9978567741960518_37.5690141197168899
2026-09-04T03:35:30.187978+09:00,광장(전통)시장,광장(전통)시장,POI060,KEY_4,1000005502,창경궁로,1000009200,종로4가,126.9977510820364870_37.5702192149541574,1000011003,종로4가사거리,126.9977066575793003_37.5706842868909874,52.0,46.0,원활,126.9977066575793003_37.5706842868909874|126.9977510820364870_37.5702192149541574
2026-09-04T03:35:30.187978+09:00,광장(전통)시장,광장(전통)시장,POI060,KEY_4,1000005900,동호로,1000080900,종로5가 194-1,127.0019049283621939_37.5704023856927236,1000011203,종로5가사거리,127.0018619903622010_37.5709442212742246,60.0,14.0,정체,127.0018619903622010_37.5709442212742246|127.0019049283621939_37.5704023856927236
2026-09-04T03:35:30.187978+09:00,광장(전통)시장,광장(전통)시장,POI060,KEY_4,1000006000,동호로,1000081000,종로5가 194-1,127.0020404728760326_37.5704091886523841,1010035001,청계5가,127.0020881246934152_37.5698075774404145,67.0,14.0,정체,127.0020881246934152_37.5698075774404145|127.0020404728760326_37.5704091886523841
2026-09-04T03:35:30.187978+09:00,광장(전통)시장,광장(전통)시장,POI060,KEY_4,1000009002,대학로,1000211400,효제동 248-3,127.0020354004494578_37.5719845778189736,1000011201,종로5가사거리,127.0019958691737827_37.5710573946658712,103.0,13.0,정체,127.0019958691737827_37.5710573946658712|127.0020354004494578_37.5719845778189736
2026-09-04T03:35:30.187978+09:00,광장(전통)시장,광장(전통)시장,POI060,KEY_4,1000024600,종로,1000009200,종로4가,126.9977510820364870_37.5702192149541574,1000010400,종로4가,126.9969798514767092_37.5706375452027856,82.0,20.0,서행,126.9969798514767092_37.5706375452027856|126.9977510820364870_37.5702192149541574
2026-09-04T03:35:30.187978+09:00,광장(전통)시장,광장(전통)시장,POI060,KEY_4,1000044900,종로,1000031300,종로4가,126.9985532581453924_37.5707449132439208,1000031200,종로4가,126.9978863472252044_37.5702292896807890,82.0,18.0,서행,126.9978863472252044_37.5702292896807890|126.9985532581453924_37.5707449132439208
2026-09-04T03:35:30.187978+09:00,광장(전통)시장,광장(전통)시장,POI060,KEY_4,1010017102,창경궁로,1010144900,주교동 150-1,126.9979022407054572_37.5684599840524882,1010033502,청계4가사거리,126.9978802454382389_37.5687215808426274,29.0,14.0,정체,126.9978802454382389_37.5687215808426274|126.9979022407054572_37.5684599840524882
2026-09-04T03:35:30.187978+09:00,광장(전통)시장,광장(전통)시장,POI060,KEY_4,1010017103,창경궁로,1010033502,청계4가사거리,126.9978802454382389_37.5687215808426274,1010034002,청계4가사거리,126.9978567741960518_37.5690141197168899,33.0,28.0,원활,126.9978567741960518_37.5690141197168899|126.9978802454382389_37.5687215808426274
2026-09-04T03:35:30.187978+09:00,광장(전통)시장,광장(전통)시장,POI060,KEY_4,1010018303,동호로,1010033004,방산종합시장,127.0020517143025671_37.5684662611909843,1010034602,청계5가교차로,127.0019837396539657_37.5694814402428676,113.0,36.0,원활,127.0019837396539657_37.5694814402428676|127.0020303269679118_37.5687856770029711|127.0020517143025671_37.5684662611909843
2026-09-04T03:35:30.187978+09:00,광장(전통)시장,광장(전통)시장,POI060,KEY_4,1010018304,동호로,1010034602,청계5가교차로,127.0019837396539657_37.5694814402428676,1010035002,청계5가,127.0019528507516640_37.5697976426441400,35.0,15.0,서행,127.0019528507516640_37.5697976426441400|127.0019837396539657_37.5694814402428676
2026-09-04T03:35:30.187978+09:00,광장(전통)시장,광장(전통)시장,POI060,KEY_4,1010018404,동호로,1010035001,청계5가,127.0020881246934152_37.5698075774404145,1010034601,청계5가교차로,127.0021191180861280_37.5694902995239062,35.0,8.0,정체,127.0021191180861280_37.5694902995239062|127.0020881246934152_37.5698075774404145
2026-09-04T03:35:30.187978+09:00,김포공항,김포공항,POI061,KEY_1,1150012601,남부순환로,1150389900,최소노드배치점,126.8095743430638294_37.5571410012688958,1150030002,공항지하차도(남측),126.8077168731396398_37.5596785527472150,335.0,49.7,원활,126.8077168731396398_37.5596785527472150|126.8080235123319426_37.5587598772484270|126.8080487310129598_37.5586843223038969|126.8081645923880245_37.5584605680897425|126.8083120730024547_37.5582415061213482|126.8085234864771706_37.5579901613593989|126.8086738654403263_37.5578514718858045|126.8087487100140578_37.5577824449810294|126.8095743430638294_37.5571410012688958
2026-09-04T03:35:30.187978+09:00,김포공항,김포공항,POI061,KEY_1,1150012602,남부순환로,1150030002,공항지하차도(남측),126.8077168731396398_37.5596785527472150,1150033203,김포공항입구교차로,126.8070108813666224_37.5617129549202957,235.0,62.0,원활,126.8070108813666224_37.5617129549202957|126.8075853764430434_37.5598753351117551|126.8077168731396398_37.5596785527472150
2026-09-04T03:35:30.187978+09:00,김포공항,김포공항,POI061,KEY_1,1150012702,남부순환로,1150033202,김포공항입구교차로,126.8073025792230766_37.5616752975893391,1150030001,공항지하차도(남측),126.8078484011787168_37.5597054915840687,225.0,23.0,서행,126.8078484011787168_37.5597054915840687|126.8078489684554739_37.5599275572281215|126.8073025792230766_37.5616752975893391
2026-09-04T03:35:30.187978+09:00,김포공항,김포공항,POI061,KEY_1,1150014601,공항대로,1150032903,김포공항입구,126.8078281271154850_37.5616183037410494,1150033202,김포공항입구교차로,126.8073025792230766_37.5616752975893391,47.0,28.0,원활,126.8073025792230766_37.5616752975893391|126.8078281271154850_37.5616183037410494
2026-09-04T03:35:30.187978+09:00,김포공항,김포공항,POI061,KEY_1,1150014701,공항대로,1150033201,김포공항입구교차로,126.8072672096517124_37.5617882508206051,1150032904,김포공항입구,126.8079101380171778_37.5617185281611867,57.0,32.0,원활,126.8079101380171778_37.5617185281611867|126.8072672096517124_37.5617882508206051
2026-09-04T03:35:30.187978+09:00,김포공항,김포공항,POI061,KEY_1,1150016602,개화동로,1150033204,김포공항입구교차로,126.8069741436833624_37.5618291362629790,1150036802,공항지하차도(북측),126.8066028860935575_37.5632234424859774,159.0,17.0,서행,126.8066028860935575_37.5632234424859774|126.8066032813527642_37.5630009147905142|126.8069741436833624_37.5618291362629790
2026-09-04T03:35:30.187978+09:00,김포공항,김포공항,POI061,KEY_1,1150016603,개화동로,1150036802,공항지하차도(북측),126.8066028860935575_37.5632234424859774,1150039602,개화지하차도(남측),126.8057924187939989_37.5657106945988915,285.0,61.0,원활,126.8057924187939989_37.5657106945988915|126.8062995071421568_37.5641545058068758|126.8066028860935575_37.5632234424859774
2026-09-04T03:35:30.187978+09:00,김포공항,김포공항,POI061,KEY_1,1150016604,개화동로,1150039602,개화지하차도(남측),126.8057924187939989_37.5657106945988915,1150006403,김포공항,126.8050471612343841_37.5677507825846604,236.0,50.0,원활,126.8050471612343841_37.5677507825846604|126.8056575562592201_37.5659060332226744|126.8057924187939989_37.5657106945988915
2026-09-04T03:35:30.187978+09:00,김포공항,김포공항,POI061,KEY_1,1150016701,개화동로,1150036801,공항지하차도(북측),126.8067344748664880_37.5632502226468645,1150033201,김포공항입구교차로,126.8072672096517124_37.5617882508206051,170.0,41.7,원활,126.8072672096517124_37.5617882508206051|126.8068666929418953_37.5630537442273749|126.8067344748664880_37.5632502226468645
2026-09-04T03:35:30.187978+09:00,김포공항,김포공항,POI061,KEY_1,1150016702,개화동로,1150247600,방화동 635-2,126.8064309785913366_37.5641816513473401,1150036801,공항지하차도(북측),126.8067344748664880_37.5632502226468645,107.0,30.0,원활,126.8067344748664880_37.5632502226468645|126.8064309785913366_37.5641816513473401
2026-09-04T03:35:30.187978+09:00,김포공항,김포공항,POI061,KEY_1,1150016703,개화동로,1150006402,김포공항,126.8053283756748613_37.5677499095885210,1150039601,개화지하차도(남측),126.8059238292659359_37.5657380361406368,230.0,47.0,원활,126.8059238292659359_37.5657380361406368|126.8059202518390123_37.5659611079850535|126.8053283756748613_37.5677499095885210
2026-09-04T03:35:30.187978+09:00,김포공항,김포공항,POI061,KEY_1,1150019201,개화동로,1150006404,김포공항,126.8050116383548271_37.5678590131138606,1150042703,개화지하차도(북측),126.8043750832667627_37.5700177472717556,247.0,18.0,서행,126.8043750832667627_37.5700177472717556|126.8043732440636404_37.5698089916991620|126.8050116383548271_37.5678590131138606
2026-09-04T03:35:30.187978+09:00,김포공항,김포공항,POI061,KEY_1,1150019301,개화동로,1150042702,개화지하차도(북측),126.8045065255030863_37.5700450114689204,1150006401,김포공항,126.8052926539899659_37.5678581403692888,253.0,55.0,원활,126.8052926539899659_37.5678581403692888|126.8046362685131214_37.5698630949740959|126.8045065255030863_37.5700450114689204
2026-09-04T03:35:30.187978+09:00,김포공항,김포공항,POI061,KEY_1,1150064000,하늘길,1150025202,속성변화점,126.8082875031500834_37.5555638288103708,1150027102,공항동 1373,126.8068481061529695_37.5568211814329942,190.0,22.0,서행,126.8068481061529695_37.5568211814329942|126.8069636778689784_37.5566653638428392|126.8070672851894329_37.5565384620971159|126.8082875031500834_37.5555638288103708
2026-09-04T03:35:30.187978+09:00,김포공항,김포공항,POI061,KEY_1,1150064100,하늘길,1150027101,공항동 1373,126.8069712276863470_37.5568648222929724,1150025201,속성변화점,126.8083836703710006_37.5556401721833879,185.0,22.0,서행,126.8083836703710006_37.5556401721833879|126.8071734526590006_37.5566068184149557|126.8070788020918229_37.5567227499429279|126.8069712276863470_37.5568648222929724
2026-09-04T03:35:30.187978+09:00,김포공항,김포공항,POI061,KEY_1,1150066200,하늘길,1150027102,공항동 1373,126.8068481061529695_37.5568211814329942,1150027900,꽃뫼마을,126.8066393602112214_37.5579420572046487,126.0,14.0,정체,126.8066393602112214_37.5579420572046487|126.8067209036262284_37.5573619926632958|126.8067425712815322_37.5572078567915852|126.8067860131757527_37.5569836897910534|126.8068481061529695_37.5568211814329942
2026-09-04T03:35:30.187978+09:00,김포공항,김포공항,POI061,KEY_1,1150066500,하늘길,1150247200,공항동 1373,126.8068558770528966_37.5573740172171497,1150027101,공항동 1373,126.8069712276863470_37.5568648222929724,58.0,39.0,원활,126.8069712276863470_37.5568648222929724|126.8069187602059316_37.5570077860468388|126.8068772250646390_37.5572221164367548|126.8068558770528966_37.5573740172171497
2026-09-04T03:35:30.187978+09:00,김포공항,김포공항,POI061,KEY_1,1150073600,남부순환로,1150030002,공항지하차도(남측),126.8077168731396398_37.5596785527472150,1150036802,공항지하차도(북측),126.8066028860935575_37.5632234424859774,406.0,57.0,원활,126.8066028860935575_37.5632234424859774|126.8070741742825192_37.5617343500932535|126.8077168731396398_37.5596785527472150
2026-09-04T03:35:30.187978+09:00,김포공항,김포공항,POI061,KEY_1,1150073700,남부순환로,1150036801,공항지하차도(북측),126.8067344748664880_37.5632502226468645,1150030001,공항지하차도(남측),126.8078484011787168_37.5597054915840687,406.0,52.0,원활,126.8078484011787168_37.5597054915840687|126.8072059248408863_37.5617606130839761|126.8067344748664880_37.5632502226468645
2026-09-04T03:35:30.187978+09:00,김포공항,김포공항,POI061,KEY_1,1150087200,초원로,1150276600,방화동 648-7,126.8061653651844978_37.5677509978913946,1150006402,김포공항,126.8053283756748613_37.5677499095885210,74.0,29.0,원활,126.8053283756748613_37.5677499095885210|126.8055414028596175_37.5677492478255175|126.8061653651844978_37.5677509978913946
2026-09-04T03:35:30.187978+09:00,김포공항,김포공항,POI061,KEY_1,1150087300,초원로,1150006401,김포공항,126.8052926539899659_37.5678581403692888,1150041804,우림루미아트아파트,126.8075307779801193_37.5678629359116485,198.0,32.0,원활,126.8075307779801193_37.5678629359116485|126.8073398019933933_37.5678624027739900|126.8069523157120386_37.5678613200995315|126.8065648290245235_37.5678602361521072|126.8061648869972657_37.5678591160285933|126.8055414285367419_37.5678573671970213|126.8052926539899659_37.5678581403692888
2026-09-04T03:35:30.187978+09:00,김포공항,김포공항,POI061,KEY_1,1150088000,개화동로,1150039602,개화지하차도(남측),126.8057924187939989_37.5657106945988915,1150042703,개화지하차도(북측),126.8043750832667627_37.5700177472717556,494.0,70.0,원활,126.8043750832667627_37.5700177472717556|126.8051041638151162_37.5677907609375552|126.8057924187939989_37.5657106945988915
2026-09-04T03:35:30.187978+09:00,김포공항,김포공항,POI061,KEY_1,1150088100,개화동로,1150042702,개화지하차도(북측),126.8045065255030863_37.5700450114689204,1150039601,개화지하차도(남측),126.8059238292659359_37.5657380361406368,494.0,72.0,원활,126.8059238292659359_37.5657380361406368|126.8052355602882528_37.5678181625819221|126.8045065255030863_37.5700450114689204
2026-09-04T03:35:30.187978+09:00,김포공항,김포공항,POI061,KEY_1,1150106400,하늘길,1150028802,금당엄나무마을,126.8065715832151881_37.5584244799448612,1150028400,속성변화점,126.8048520251257685_37.5583579319005096,185.0,23.0,서행,126.8048520251257685_37.5583579319005096|126.8052377971326763_37.5580516095033374|126.8053823436995202_37.5579701842871785|126.8055353778495942_37.5579424668231496|126.8056745668371832_37.5579540170042065|126.8058403506843348_37.5580050725773518|126.8059860097157099_37.5580901308708448|126.8065715832151881_37.5584244799448612
2026-09-04T03:35:30.187978+09:00,김포공항,김포공항,POI061,KEY_1,1150106500,하늘길,1150027900,꽃뫼마을,126.8066393602112214_37.5579420572046487,1150028100,고가차도(동측),126.8060691893281700_37.5580001571214055,70.0,15.0,서행,126.8060691893281700_37.5580001571214055|126.8062856880729470_37.5581168464145136|126.8063706400496358_37.5581522669607892|126.8064580694506560_37.5581562242252716|126.8065401626594593_37.5581308101262579|126.8066082234555978_37.5580596654638583|126.8066393602112214_37.5579420572046487
2026-09-04T03:35:30.187978+09:00,김포공항,김포공항,POI061,KEY_1,1150106600,하늘길,1150028802,금당엄나무마을,126.8065715832151881_37.5584244799448612,1150028100,고가차도(동측),126.8060691893281700_37.5580001571214055,65.0,6.0,정체,126.8060691893281700_37.5580001571214055|126.8065715832151881_37.5584244799448612
2026-09-04T03:35:30.187978+09:00,김포공항,김포공항,POI061,KEY_1,1150106700,하늘길,1150289200,최소노드배치점,126.8033683591133922_37.5592833803729107,1150032700,고가차도(서측),126.8009776700938573_37.5613568425905200,315.0,20.0,서행,126.8009776700938573_37.5613568425905200|126.8010280242264827_37.5611957637211304|126.8011248860496778_37.5610890211158690|126.8033683591133922_37.5592833803729107
2026-09-04T03:35:30.187978+09:00,김포공항,김포공항,POI061,KEY_1,1150106800,하늘길,1150028400,속성변화점,126.8048520251257685_37.5583579319005096,1150032700,고가차도(서측),126.8009776700938573_37.5613568425905200,478.0,18.0,서행,126.8009776700938573_37.5613568425905200|126.8013035967179007_37.5611997795353290|126.8035334487866663_37.5594139846441664|126.8048520251257685_37.5583579319005096
2026-09-04T03:35:30.187978+09:00,김포공항,김포공항,POI061,KEY_1,1150106900,김포공항내부도로,1150032200,속성변화점,126.8047455373718151_37.5611116336784789,1150028801,금당엄나무마을,126.8067065539106721_37.5584365013286785,359.0,37.0,원활,126.8067065539106721_37.5584365013286785|126.8066109696513877_37.5588857489316297|126.8064624030633780_37.5595840033141712|126.8064141826300073_37.5597031187799502|126.8063180116815687_37.5598364588791966|126.8062219021269073_37.5599459604553729|126.8047455373718151_37.5611116336784789
2026-09-04T03:35:30.187978+09:00,김포공항,김포공항,POI061,KEY_1,1150107000,김포공항내부도로,1150389800,최소노드배치점,126.8067286898441637_37.5607631173226295,1150028801,금당엄나무마을,126.8067065539106721_37.5584365013286785,267.0,47.0,원활,126.8067065539106721_37.5584365013286785|126.8066708925769035_37.5588901607108099|126.8066646253163015_37.5589698879747615|126.8067045329581930_37.5591701996241056|126.8067999267995276_37.5593372282787641|126.8069432095978897_37.5595138704042526|126.8069908756392294_37.5596093034119178|126.8069965453199757_37.5597332752688544|126.8069866614919334_37.5597713874458137|126.8067666698569838_37.5606197059842231|126.8067286898441637_37.5607631173226295
2026-09-04T03:35:30.187978+09:00,김포공항,김포공항,POI061,KEY_1,1150107100,김포공항내부도로,1150033900,방화동886,126.8052833993092463_37.5619393978386995,1150032200,속성변화점,126.8047455373718151_37.5611116336784789,113.0,27.0,원활,126.8047455373718151_37.5611116336784789|126.8048083802269446_37.5615490149788158|126.8048519525371631_37.5616959366339103|126.8049097352545687_37.5617642437812407|126.8049856578287944_37.5618147717900683|126.8052833993092463_37.5619393978386995
2026-09-04T03:35:30.187978+09:00,김포공항,김포공항,POI061,KEY_1,1150107200,하늘길,1150032700,고가차도(서측),126.8009776700938573_37.5613568425905200,1150034800,지하차도,126.7995944673012190_37.5624929202118381,184.0,40.0,원활,126.7995944673012190_37.5624929202118381|126.7996107466501883_37.5622929971972539|126.7998015798858518_37.5620687650094354|126.8003220714264785_37.5616712047205752|126.8009776700938573_37.5613568425905200
2026-09-04T03:35:30.187978+09:00,김포공항,김포공항,POI061,KEY_1,1150107300,하늘길,1150033203,김포공항입구교차로,126.8070108813666224_37.5617129549202957,1150033900,방화동886,126.8052833993092463_37.5619393978386995,155.0,35.0,원활,126.8052833993092463_37.5619393978386995|126.8061205674983825_37.5618551503654459|126.8070108813666224_37.5617129549202957
2026-09-04T03:35:30.187978+09:00,김포공항,김포공항,POI061,KEY_1,1150107400,하늘길,1150034900,김포공항역(공항철도),126.8029854953172162_37.5622967045944236,1150033204,김포공항입구교차로,126.8069741436833624_37.5618291362629790,356.0,45.0,원활,126.8069741436833624_37.5618291362629790|126.8061424791094254_37.5619619642015792|126.8053005219796034_37.5620466931704584|126.8053004393328109_37.5620467020441282|126.8035548962029679_37.5622240961301515|126.8029854953172162_37.5622967045944236
2026-09-04T03:35:30.187978+09:00,김포공항,김포공항,POI061,KEY_1,1150107500,하늘길,1150032700,고가차도(서측),126.8009776700938573_37.5613568425905200,1150036700,지하차도,126.7995614162036446_37.5632407963395494,257.0,32.0,원활,126.7995614162036446_37.5632407963395494|126.7995700031927413_37.5631889631586731|126.7996689684073601_37.5626019355139178|126.7997259457631287_37.5624038582984383|126.7997701717995227_37.5622877418760126|126.7998407061498085_37.5621775057847600|126.7999327368006419_37.5620750285075431|126.8001500459457986_37.5619027027951873|126.8004710632430232_37.5616604022978677|126.8009776700938573_37.5613568425905200
2026-09-04T03:35:30.187978+09:00,김포공항,김포공항,POI061,KEY_1,1150107600,하늘길,1150032700,고가차도(서측),126.8009776700938573_37.5613568425905200,1150034900,김포공항역(공항철도),126.8029854953172162_37.5622967045944236,221.0,22.0,서행,126.8029854953172162_37.5622967045944236|126.8024038149654160_37.5623012502060760|126.8021954186314559_37.5622894586052993|126.8020781093091784_37.5622587480032664|126.8019705670447905_37.5621988226795125|126.8013430762655958_37.5617038420301697|126.8009776700938573_37.5613568425905200
2026-09-04T03:35:30.187978+09:00,김포공항,김포공항,POI061,KEY_1,1150107700,하늘길,1150299800,최소노드배치점,126.8024246026703281_37.5621497575235139,1150034800,지하차도,126.7995944673012190_37.5624929202118381,254.0,49.0,원활,126.7995944673012190_37.5624929202118381|126.8000193989265938_37.5623756689364328|126.8013731312601493_37.5622549088509174|126.8024246026703281_37.5621497575235139
2026-09-04T03:35:30.187978+09:00,김포공항,김포공항,POI061,KEY_1,1150107800,하늘길,1150034800,지하차도,126.7995944673012190_37.5624929202118381,1150034900,김포공항역(공항철도),126.8029854953172162_37.5622967045944236,303.0,31.0,원활,126.8029854953172162_37.5622967045944236|126.8022002166869839_37.5623968364395395|126.8002736857091293_37.5625739227759468|126.7999725900794772_37.5625757150790633|126.7997661912279455_37.5625422959885213|126.7995944673012190_37.5624929202118381
2026-09-04T03:35:30.187978+09:00,김포공항,김포공항,POI061,KEY_1,1150107900,김포공항내부도로,1150034800,지하차도,126.7995944673012190_37.5624929202118381,1150035000,롯데렌터카국내선영업소,126.7985940506221993_37.5626360951519658,90.0,27.0,원활,126.7985940506221993_37.5626360951519658|126.7995944673012190_37.5624929202118381
2026-09-04T03:35:30.187978+09:00,김포공항,김포공항,POI061,KEY_1,1150108000,김포공항내부도로,1150035000,롯데렌터카국내선영업소,126.7985940506221993_37.5626360951519658,1150037900,속성변화점,126.7983021129292069_37.5630189098091307,69.0,27.0,원활,126.7983021129292069_37.5630189098091307|126.7982096451205791_37.5628961389908085|126.7981918453900789_37.5627976604402321|126.7982148156196160_37.5627441391479806|126.7982713199159548_37.5627087031636862|126.7984365839414380_37.5626560267344658|126.7985940506221993_37.5626360951519658
2026-09-04T03:35:30.187978+09:00,김포공항,김포공항,POI061,KEY_1,1150108100,김포공항내부도로,1150037200,김포공항역2번출구,126.8015105464991024_37.5637406961484217,1150034900,김포공항역(공항철도),126.8029854953172162_37.5622967045944236,224.0,32.0,원활,126.8029854953172162_37.5622967045944236|126.8026435167321182_37.5623975981132574|126.8024209948936658_37.5624869055912711|126.8022103875416491_37.5625834378667847|126.8020295362189529_37.5627016084077425|126.8018937973466933_37.5628009677141534|126.8017817563183627_37.5629290840681804|126.8016845605308163_37.5630715970221161|126.8016508513365608_37.5631524812872755|126.8015802361039590_37.5633356925993880|126.8015552917320719_37.5634404760404337|126.8015105464991024_37.5637406961484217
2026-09-04T03:35:30.187978+09:00,김포공항,김포공항,POI061,KEY_1,1150108200,김포공항내부도로,1150037200,김포공항역2번출구,126.8015105464991024_37.5637406961484217,1150037600,김포공항역2번출구,126.8001346503840097_37.5639860917984407,227.0,33.0,원활,126.8001346503840097_37.5639860917984407|126.8001072244096434_37.5638754734673199|126.8000662884100365_37.5637679145538073|126.8000615019386856_37.5636391074166127|126.8000983656984602_37.5635415488353317|126.8001531351182081_37.5634512510361276|126.8002708817475650_37.5633541725600040|126.8003431789846047_37.5633116750763278|126.8006015428384643_37.5632345072076177|126.8007667497781910_37.5631877893086070|126.8009106542144337_37.5631767173647546|126.8010154569920900_37.5631821081042290|126.8011438702288416_37.5632257947703039|126.8012750344631172_37.5632957301106600|126.8013611065026396_37.5633820920717767|126.8014169785191285_37.5634945086059346|126.8015105464991024_37.5637406961484217
2026-09-04T03:35:30.187978+09:00,김포공항,김포공항,POI061,KEY_1,1150108300,김포공항내부도로,1150037200,김포공항역2번출구,126.8015105464991024_37.5637406961484217,1150037700,도심공항터미널,126.8005353893544509_37.5647314688052489,380.0,36.0,원활,126.8005353893544509_37.5647314688052489|126.8001504709565523_37.5643765376844172|126.7999602627294138_37.5642132436054723|126.7998446348872505_37.5640837782937638|126.7997974626711084_37.5640024159575390|126.7997564603626728_37.5639020107266219|126.7997422185323018_37.5638232279006772|126.7997462404500055_37.5637135512019142|126.7997618660982369_37.5636444849060140|126.7997987969324925_37.5635397726324740|126.7998686354479503_37.5634400247530920|126.7999532946344345_37.5633570595498085|126.8000708847145859_37.5632766728403382|126.8002273963702180_37.5631989025939461|126.8005910089229786_37.5630794326731063|126.8007680206251422_37.5630518637346071|126.8009029369462439_37.5630407387900718|126.8010496128956675_37.5630535306005058|126.8011272556779261_37.5630802236472192|126.8012465922204228_37.5631333950045487|126.8013446245621054_37.5632222134043161|126.8014065981104892_37.5633227416721880|126.8014653984647708_37.5634423296246851|126.8015105464991024_37.5637406961484217
2026-09-04T03:35:30.187978+09:00,김포공항,김포공항,POI061,KEY_1,1150108400,김포공항내부도로,1150035000,롯데렌터카국내선영업소,126.7985940506221993_37.5626360951519658,1150037600,김포공항역2번출구,126.8001346503840097_37.5639860917984407,229.0,29.0,원활,126.8001346503840097_37.5639860917984407|126.7999521214609189_37.5638025725482123|126.7998405864598084_37.5637160582818836|126.7996393494245950_37.5636111258423355|126.7992991815572026_37.5634660194623891|126.7987938274058735_37.5632054610151798|126.7985571473165436_37.5630466579929205|126.7984637566289052_37.5629423643065863|126.7984331071625661_37.5628563291241946|126.7984472253013024_37.5627884461292609|126.7984884047937442_37.5627099928980641|126.7985940506221993_37.5626360951519658
2026-09-04T03:35:30.187978+09:00,김포공항,김포공항,POI061,KEY_1,1150108500,김포공항내부도로,1150037900,속성변화점,126.7983021129292069_37.5630189098091307,1150037700,도심공항터미널,126.8005353893544509_37.5647314688052489,274.0,38.0,원활,126.8005353893544509_37.5647314688052489|126.7995993705168303_37.5640520760878971|126.7991235205774814_37.5636796088143541|126.7984879720149394_37.5631660830637344|126.7983021129292069_37.5630189098091307
2026-09-04T03:35:30.187978+09:00,김포공항,김포공항,POI061,KEY_1,1150108600,김포공항내부도로,1150036700,지하차도,126.7995614162036446_37.5632407963395494,1150037700,도심공항터미널,126.8005353893544509_37.5647314688052489,200.0,20.0,서행,126.8005353893544509_37.5647314688052489|126.7997423221904967_37.5640787997897547|126.7996369375317300_37.5639753894983812|126.7995776669586547_37.5639063555770250|126.7995377103744943_37.5638221735569431|126.7995167669065069_37.5637552751601973|126.7995105241441820_37.5636541224698846|126.7995141173256854_37.5635263188312720|126.7995614162036446_37.5632407963395494
2026-09-04T03:35:30.187978+09:00,김포공항,김포공항,POI061,KEY_1,1150108700,김포공항내부도로,1150039400,에어포트빌딩,126.8054199980519314_37.5653693282458718,1150038300,속성변화점,126.8061015993678495_37.5631202624798846,257.0,48.0,원활,126.8061015993678495_37.5631202624798846|126.8059321035797495_37.5637269267169103|126.8054199980519314_37.5653693282458718
2026-09-04T03:35:30.187978+09:00,김포공항,김포공항,POI061,KEY_1,1150108800,김포공항내부도로,1150040200,고가차도,126.8034852971276649_37.5656196609774327,1150037200,김포공항역2번출구,126.8015105464991024_37.5637406961484217,281.0,32.0,원활,126.8015105464991024_37.5637406961484217|126.8015357041857101_37.5639340135730890|126.8015969668641674_37.5641108512010717|126.8016766037265626_37.5642448710447212|126.8018308227888724_37.5644127195580566|126.8019823811680595_37.5645447794917331|126.8029309732480101_37.5653063657249433|126.8030975575997701_37.5654337433964187|126.8031839240266976_37.5654891030670228|126.8032971189519884_37.5655589304998614|126.8034852971276649_37.5656196609774327
2026-09-04T03:35:30.187978+09:00,김포공항,김포공항,POI061,KEY_1,1150108900,김포공항내부도로,1150037600,김포공항역2번출구,126.8001346503840097_37.5639860917984407,1150040100,김포국제공항국제선행사전용주차,126.8028803555274493_37.5664085986469658,364.0,13.0,정체,126.8028803555274493_37.5664085986469658|126.8025555415103298_37.5661435602585243|126.8016983643685194_37.5654441163697115|126.8007304672482007_37.5646657129594246|126.8005254668434532_37.5644820611773724|126.8003740566643103_37.5643344989100783|126.8002586967350567_37.5641764188608462|126.8001346503840097_37.5639860917984407
2026-09-04T03:35:30.187978+09:00,김포공항,김포공항,POI061,KEY_1,1150109000,김포공항내부도로,1150230600,방화동 886,126.8024348662543304_37.5662398015641941,1150040400,김포국제공항국제선행사전용주차,126.8027894261290527_37.5665213396097499,44.0,48.0,원활,126.8027894261290527_37.5665213396097499|126.8024348662543304_37.5662398015641941
2026-09-04T03:35:30.187978+09:00,김포공항,김포공항,POI061,KEY_1,1150109100,김포공항내부도로,1150041000,방화동 886,126.8045183377906397_37.5669683926712068,1150040200,고가차도,126.8034852971276649_37.5656196609774327,230.0,35.0,원활,126.8034852971276649_37.5656196609774327|126.8038598120078717_37.5656171005556203|126.8040245791983551_37.5656180715457495|126.8041980462812290_37.5656500969040295|126.8043592631563854_37.5657106668445309|126.8045051467313868_37.5658093034294893|126.8045999917029718_37.5659195628959566|126.8046735124137001_37.5660678531299581|126.8046871384255923_37.5662134061310837|126.8046429140189559_37.5664587801131731|126.8045621762904034_37.5667890603198273|126.8045183377906397_37.5669683926712068
2026-09-04T03:35:30.187978+09:00,김포공항,김포공항,POI061,KEY_1,1150109200,김포공항내부도로,1150041000,방화동 886,126.8045183377906397_37.5669683926712068,1150039400,에어포트빌딩,126.8054199980519314_37.5653693282458718,195.0,36.0,원활,126.8054199980519314_37.5653693282458718|126.8052708856440205_37.5656182579022513|126.8051516363182998_37.5658774998792708|126.8050359139828487_37.5660795262780098|126.8048750313832045_37.5663051353414588|126.8047956777825931_37.5664620646431686|126.8046114786252758_37.5667983501891527|126.8045183377906397_37.5669683926712068
2026-09-04T03:35:30.187978+09:00,김포공항,김포공항,POI061,KEY_1,1150109300,김포공항내부도로,1150040100,김포국제공항국제선행사전용주차,126.8028803555274493_37.5664085986469658,1150040200,고가차도,126.8034852971276649_37.5656196609774327,284.0,32.0,원활,126.8034852971276649_37.5656196609774327|126.8037092911531829_37.5656949107724856|126.8039213478413529_37.5657653208962614|126.8040856049847491_37.5658211399076123|126.8041899467209817_37.5658766052520434|126.8043000587682911_37.5659559519230015|126.8043650346164810_37.5660564961891268|126.8043969909406741_37.5661640008600628|126.8043960589709513_37.5662641565827897|126.8043682760401367_37.5663522305254460|126.8043044108686530_37.5664544010831989|126.8042197297529015_37.5665397542608659|126.8041171845886481_37.5666130782922849|126.8040118652004651_37.5666625383911637|126.8038617424439281_37.5666974251657493|126.8036968833293230_37.5667059926222748|126.8035562582793006_37.5666860845983379|126.8033055432747886_37.5665844440246985|126.8028803555274493_37.5664085986469658
2026-09-04T03:35:30.187978+09:00,김포공항,김포공항,POI061,KEY_1,1150109400,김포공항내부도로,1150040400,김포국제공항국제선행사전용주차,126.8027894261290527_37.5665213396097499,1150040200,고가차도,126.8034852971276649_37.5656196609774327,325.0,31.0,원활,126.8034852971276649_37.5656196609774327|126.8038472962753502_37.5656742613916776|126.8041074633345033_37.5657258761666881|126.8042626881742905_37.5657864110680890|126.8043907080456449_37.5658730187277072|126.8044736150714442_37.5659784381928930|126.8045263198669659_37.5661099121142357|126.8045371714244425_37.5662316012986750|126.8044998914784856_37.5663744697547912|126.8044178744128061_37.5664956104879550|126.8042728343056496_37.5666283046634888|126.8041613460849533_37.5666968070994187|126.8040018571548018_37.5667721800218857|126.8038667356538127_37.5668047707435235|126.8037077789608134_37.5668229120773987|126.8035849511758926_37.5668221870188859|126.8034592599620964_37.5668071366586176|126.8032978191564979_37.5667704126488431|126.8031277685627884_37.5666930950689633|126.8027894261290527_37.5665213396097499
2026-09-04T03:35:30.187978+09:00,김포공항,김포공항,POI061,KEY_1,1150109500,김포공항내부도로,1150040100,김포국제공항국제선행사전용주차,126.8028803555274493_37.5664085986469658,1150039400,에어포트빌딩,126.8054199980519314_37.5653693282458718,376.0,42.0,원활,126.8054199980519314_37.5653693282458718|126.8052475454865942_37.5658732946121603|126.8051706796212983_37.5660850889471618|126.8051128520501720_37.5661825252739732|126.8049609786541794_37.5664058022311735|126.8048907678706740_37.5665460918130734|126.8048112374909948_37.5667220993863751|126.8047558940367168_37.5668744002905513|126.8046892767711427_37.5669503214266172|126.8046318243050052_37.5670072178743411|126.8045536219927527_37.5670401450249045|126.8044245134226315_37.5670703866327500|126.8043016178312996_37.5670768170044340|126.8041549555153011_37.5670616434222921|126.8040113335603252_37.5670417183552701|126.8038648492974687_37.5670074679516688|126.8037573763743211_37.5669662923032561|126.8036590024200621_37.5669132466707012|126.8033524544107848_37.5666944209830262|126.8028803555274493_37.5664085986469658
2026-09-04T03:35:30.187978+09:00,김포공항,김포공항,POI061,KEY_1,1150109600,동양로,1150042000,방화동886,126.8043496290626138_37.5690016313593063,1150039400,에어포트빌딩,126.8054199980519314_37.5653693282458718,415.0,55.5,원활,126.8054199980519314_37.5653693282458718|126.8053899634556529_37.5657000420245950|126.8052719382406082_37.5661500744627759|126.8050369470159779_37.5669356746776870|126.8046700032554241_37.5680567539646901|126.8044016010786521_37.5688898518380725|126.8043496290626138_37.5690016313593063
2026-09-04T03:35:30.187978+09:00,김포공항,김포공항,POI061,KEY_1,1150109700,김포공항내부도로,1150040400,김포국제공항국제선행사전용주차,126.8027894261290527_37.5665213396097499,1150039400,에어포트빌딩,126.8054199980519314_37.5653693282458718,415.0,39.3,원활,126.8054199980519314_37.5653693282458718|126.8052245812453407_37.5660877907704887|126.8050520545537978_37.5665995070195393|126.8049656904614864_37.5668660966114416|126.8048926608036169_37.5669872912542075|126.8047806848064170_37.5671082565730927|126.8046781173340491_37.5671839659799573|126.8045727754340533_37.5672358105680573|126.8044646150375883_37.5672685610235249|126.8043295358767608_37.5672963824766839|126.8041916836448735_37.5673003399413261|126.8040330596514451_37.5672827109800309|126.8039045051699674_37.5672533359350851|126.8037553117633252_37.5671880659636201|126.8036153745131003_37.5670942334573823|126.8034964512136469_37.5669957550961513|126.8033357432111643_37.5668803367947532|126.8031125447181466_37.5667192381668187|126.8027894261290527_37.5665213396097499
2026-09-04T03:35:30.187978+09:00,김포공항,김포공항,POI061,KEY_1,1150109800,김포공항내부도로,1150040100,김포국제공항국제선행사전용주차,126.8028803555274493_37.5664085986469658,1150042800,방화동886,126.8042907955019558_37.5687117795039498,314.0,36.0,원활,126.8042907955019558_37.5687117795039498|126.8044447834326718_37.5682788825722866|126.8044868755081893_37.5681341354681422|126.8045023381572065_37.5680178481092497|126.8044953256624297_37.5679235276140986|126.8044776550525796_37.5678101460486644|126.8044115504804950_37.5676696490093036|126.8043376251230825_37.5675648787147196|126.8028803555274493_37.5664085986469658
2026-09-04T03:35:30.187978+09:00,김포공항,김포공항,POI061,KEY_1,1150109900,김포공항내부도로,1150040400,김포국제공항국제선행사전용주차,126.8027894261290527_37.5665213396097499,1150042800,방화동886,126.8042907955019558_37.5687117795039498,295.0,50.0,원활,126.8042907955019558_37.5687117795039498|126.8043428985787244_37.5682058242231278|126.8043258377389151_37.5680268638760850|126.8042788189286512_37.5678477268196147|126.8041865573810441_37.5677011144876261|126.8039896345038642_37.5675330180398959|126.8030307240473888_37.5667493201426410|126.8027894261290527_37.5665213396097499
2026-09-04T03:35:30.187978+09:00,김포공항,김포공항,POI061,KEY_1,1150110000,김포공항내부도로,1150006403,김포공항,126.8050471612343841_37.5677507825846604,1150041000,방화동 886,126.8045183377906397_37.5669683926712068,111.0,21.0,서행,126.8045183377906397_37.5669683926712068|126.8044868277380175_37.5671351434086915|126.8044947727027676_37.5672472754189357|126.8045177634208045_37.5673523415138533|126.8045557557905738_37.5674551123775871|126.8046357569593994_37.5675509754502670|126.8047189542533459_37.5676253937799203|126.8048084750304980_37.5676640782547082|126.8049390968690489_37.5677205900781033|126.8050471612343841_37.5677507825846604
2026-09-04T03:35:30.187978+09:00,김포공항,김포공항,POI061,KEY_1,1150110100,김포공항내부도로,1150042000,방화동886,126.8043496290626138_37.5690016313593063,1150041000,방화동 886,126.8045183377906397_37.5669683926712068,232.0,16.0,서행,126.8045183377906397_37.5669683926712068|126.8044296852477970_37.5671586539184261|126.8044137517465373_37.5672611066355557|126.8044306408279454_37.5673780611712615|126.8044567380267864_37.5674712221760458|126.8045036514052697_37.5675811995677122|126.8045505649234315_37.5676911760380960|126.8045929307459403_37.5678123353112312|126.8046013294623862_37.5679402102264959|126.8045806666986550_37.5681003466947629|126.8045362341527635_37.5682658281448383|126.8044189538831716_37.5686347811846346|126.8043496290626138_37.5690016313593063
2026-09-04T03:35:30.187978+09:00,김포공항,김포공항,POI061,KEY_1,1150110200,김포공항진출입도로,1150042800,방화동886,126.8042907955019558_37.5687117795039498,1150036202,방화동 886,126.8039740863463436_37.5697527827448567,119.0,43.0,원활,126.8039740863463436_37.5697527827448567|126.8039933986746490_37.5696818307411888|126.8042907955019558_37.5687117795039498
2026-09-04T03:35:30.187978+09:00,김포공항,김포공항,POI061,KEY_1,1150110300,김포공항진출입도로,1150036201,방화동 886,126.8041058714845235_37.5697760280389303,1150042000,방화동886,126.8043496290626138_37.5690016313593063,89.0,51.0,원활,126.8043496290626138_37.5690016313593063|126.8041120461763427_37.5697543702871357|126.8041058714845235_37.5697760280389303
2026-09-04T03:35:30.187978+09:00,남대문시장,남대문시장,POI115,KEY_2,1010002301,소월로,1010155400,최소노드배치점,126.9760533414636114_37.5582497344554369,1010013803,숭례문앞교차로,126.9755809845113532_37.5605189064983307,262.0,25.0,원활,126.9755809845113532_37.5605189064983307|126.9757337889885065_37.5603525891795087|126.9757984686316661_37.5601874326070444|126.9757969708594061_37.5599997077910714|126.9757198667068110_37.5593373627741514|126.9757048763582503_37.5591937029204388|126.9757309859065373_37.5590497713064551|126.9757785893644524_37.5588840435687814|126.9759074328705282_37.5585745471584289|126.9759297486065890_37.5585209420058632|126.9759522152383795_37.5584716422248093|126.9760533414636114_37.5582497344554369
2026-09-04T03:35:30.187978+09:00,남대문시장,남대문시장,POI115,KEY_2,1010002402,소월로,1010013802,숭례문앞교차로,126.9757600351255320_37.5605071695408910,1010011100,숭례문,126.9758644071737450_37.5590694809368770,164.0,8.0,정체,126.9758644071737450_37.5590694809368770|126.9758414948468044_37.5591969276911115|126.9758551619603253_37.5593278985156402|126.9759327469906509_37.5599943665054212|126.9759344158917429_37.5602035603088922|126.9758567349293656_37.5604019178341417|126.9757600351255320_37.5605071695408910
2026-09-04T03:35:30.187978+09:00,남대문시장,남대문시장,POI115,KEY_2,1010002504,퇴계로,1010011701,회현역7번출구,126.9801048978132769_37.5596035774933412,1010014100,신세계백화점(본점신관),126.9813345597681007_37.5600996831039851,122.0,14.0,정체,126.9813345597681007_37.5600996831039851|126.9811756372389482_37.5600198160300565|126.9804229490495260_37.5597117743107418|126.9801048978132769_37.5596035774933412
2026-09-04T03:35:30.187978+09:00,남대문시장,남대문시장,POI115,KEY_2,1010002505,퇴계로,1010014100,신세계백화점(본점신관),126.9813345597681007_37.5600996831039851,1010014904,회현사거리,126.9819470670801422_37.5604226300890645,65.0,23.0,서행,126.9819470670801422_37.5604226300890645|126.9814522832707127_37.5601588457968916|126.9813345597681007_37.5600996831039851
2026-09-04T03:35:30.187978+09:00,남대문시장,남대문시장,POI115,KEY_2,1010002508,퇴계로,1010038200,회현동1가 194-69,126.9793517057243974_37.5593685443415026,1010011702,회현역7번출구,126.9799749525828076_37.5595619956135778,59.0,13.0,정체,126.9799749525828076_37.5595619956135778|126.9797655565294434_37.5594985542619710|126.9793517057243974_37.5593685443415026
2026-09-04T03:35:30.187978+09:00,남대문시장,남대문시장,POI115,KEY_2,1010002603,퇴계로,1010014903,회현사거리,126.9820015801727067_37.5603215668065360,1010013600,우리은행은행사박물관,126.9814070609472481_37.5600082577712442,63.0,9.0,정체,126.9814070609472481_37.5600082577712442|126.9815263347418437_37.5600681990967189|126.9820015801727067_37.5603215668065360
2026-09-04T03:35:30.187978+09:00,남대문시장,남대문시장,POI115,KEY_2,1010002703,소공로,1010012500,회현동2가73,126.9822136040558433_37.5599025256994565,1010014903,회현사거리,126.9820015801727067_37.5603215668065360,50.0,48.0,원활,126.9820015801727067_37.5603215668065360|126.9821708623236134_37.5599944542781472|126.9822136040558433_37.5599025256994565
2026-09-04T03:35:30.187978+09:00,남대문시장,남대문시장,POI115,KEY_2,1010002803,소공로,1010014902,회현사거리,126.9821173466426387_37.5603817102966602,1010012900,금산갤러리,126.9823409760007848_37.5599400560248142,53.0,23.0,서행,126.9823409760007848_37.5599400560248142|126.9822973783252849_37.5600338243564380|126.9821173466426387_37.5603817102966602
2026-09-04T03:35:30.187978+09:00,남대문시장,남대문시장,POI115,KEY_2,1010004501,퇴계로,1010014901,회현사거리,126.9820623967078177_37.5604819136935362,1010015600,중국관광청,126.9827116249739731_37.5606706950213010,62.0,6.0,정체,126.9827116249739731_37.5606706950213010|126.9825668114146993_37.5606529961696793|126.9823364708074251_37.5606043117085662|126.9821925519696464_37.5605470002049984|126.9820623967078177_37.5604819136935362
2026-09-04T03:35:30.187978+09:00,남대문시장,남대문시장,POI115,KEY_2,1010004601,퇴계로,1010015100,스테이트타워남산,126.9827322350448071_37.5605638271977540,1010014902,회현사거리,126.9821173466426387_37.5603817102966602,59.0,31.0,원활,126.9821173466426387_37.5603817102966602|126.9822592119591746_37.5604526524429048|126.9823847812171778_37.5605026567482270|126.9825946231940890_37.5605470088059334|126.9827322350448071_37.5605638271977540
2026-09-04T03:35:30.187978+09:00,남대문시장,남대문시장,POI115,KEY_2,1010004901,소공로,1010014904,회현사거리,126.9819470670801422_37.5604226300890645,1010016100,신세계백화점(본점),126.9816686271532404_37.5609097208093701,59.0,16.0,서행,126.9816686271532404_37.5609097208093701|126.9819470670801422_37.5604226300890645
2026-09-04T03:35:30.187978+09:00,남대문시장,남대문시장,POI115,KEY_2,1010004903,소공로,1010016100,신세계백화점(본점),126.9816686271532404_37.5609097208093701,1010017902,한국은행앞교차로,126.9812102323787997_37.5618212267858951,109.0,34.0,원활,126.9812102323787997_37.5618212267858951|126.9814215875591117_37.5613304278622451|126.9815191090982296_37.5611692719051433|126.9815779997364160_37.5610682604307513|126.9816686271532404_37.5609097208093701
2026-09-04T03:35:30.187978+09:00,남대문시장,남대문시장,POI115,KEY_2,1010005001,소공로,1010016400,포스트타워,126.9817922479335550_37.5609545032611152,1010014901,회현사거리,126.9820623967078177_37.5604819136935362,58.0,36.0,원활,126.9820623967078177_37.5604819136935362|126.9817922479335550_37.5609545032611152
2026-09-04T03:35:30.187978+09:00,남대문시장,남대문시장,POI115,KEY_2,1010005002,소공로,1010016902,한국은행앞,126.9817016201550075_37.5611130425819510,1010016400,포스트타워,126.9817922479335550_37.5609545032611152,19.0,36.0,원활,126.9817922479335550_37.5609545032611152|126.9817016201550075_37.5611130425819510
2026-09-04T03:35:30.187978+09:00,남대문시장,남대문시장,POI115,KEY_2,1010005003,소공로,1010017901,한국은행앞교차로,126.9813201261830500_37.5618994475613093,1010016901,한국은행앞,126.9816414699309064_37.5612161949658940,81.0,26.0,원활,126.9816414699309064_37.5612161949658940|126.9815474496638501_37.5613715645860893|126.9813201261830500_37.5618994475613093
2026-09-04T03:35:30.187978+09:00,남대문시장,남대문시장,POI115,KEY_2,1010005102,남대문로,1010123700,남대문로3가 110-4,126.9802395481067094_37.5615376279630198,1010017903,한국은행앞교차로,126.9811556456876929_37.5619216279188848,92.0,30.0,원활,126.9811556456876929_37.5619216279188848|126.9809804652948202_37.5618338688153770|126.9804945418923836_37.5616270684645031|126.9802395481067094_37.5615376279630198
2026-09-04T03:35:30.187978+09:00,남대문시장,남대문시장,POI115,KEY_2,1010005201,남대문로,1010014800,숭례문,126.9764883666133954_37.5605318420117769,1010013802,숭례문앞교차로,126.9757600351255320_37.5605071695408910,65.0,21.0,서행,126.9757600351255320_37.5605071695408910|126.9759033237710781_37.5604891294319145|126.9761889274862341_37.5604766950548168|126.9764883666133954_37.5605318420117769
2026-09-04T03:35:30.187978+09:00,남대문시장,남대문시장,POI115,KEY_2,1010005202,남대문로,1010105800,남대문로4가 24-1,126.9773600444245005_37.5608297698874694,1010014800,숭례문,126.9764883666133954_37.5605318420117769,84.0,26.0,원활,126.9764883666133954_37.5605318420117769|126.9773600444245005_37.5608297698874694
2026-09-04T03:35:30.187978+09:00,남대문시장,남대문시장,POI115,KEY_2,1010026800,남대문로,1010014800,숭례문,126.9764883666133954_37.5605318420117769,1010011100,숭례문,126.9758644071737450_37.5590694809368770,185.0,26.0,원활,126.9758644071737450_37.5590694809368770|126.9758795592592975_37.5591125336731508|126.9758641531054906_37.5591939851637946|126.9759578405099205_37.5599862959824407|126.9759704486266543_37.5601312860724406|126.9760507361714588_37.5602633560949499|126.9761537145355277_37.5603739896225477|126.9763022172343057_37.5604655608040190|126.9764279735615418_37.5605091608890334|126.9764883666133954_37.5605318420117769
2026-09-04T03:35:30.187978+09:00,남대문시장,남대문시장,POI115,KEY_2,1010027000,소공로,1010012500,회현동2가73,126.9822136040558433_37.5599025256994565,1010013600,우리은행은행사박물관,126.9814070609472481_37.5600082577712442,77.0,38.0,원활,126.9814070609472481_37.5600082577712442|126.9817283323599497_37.5600723147489930|126.9817987065068365_37.5600687495620491|126.9818795629010708_37.5600532666540161|126.9819694078222909_37.5600199056804485|126.9822136040558433_37.5599025256994565
2026-09-04T03:35:30.187978+09:00,남대문시장,남대문시장,POI115,KEY_2,1010028000,퇴계로,1010014100,신세계백화점(본점신관),126.9813345597681007_37.5600996831039851,1010015401,충무로1가52-4,126.9817851871179641_37.5605865324912713,69.0,28.0,원활,126.9817851871179641_37.5605865324912713|126.9817851041901093_37.5605860521239734|126.9817447014208653_37.5604906906837641|126.9817012987769544_37.5604120152254382|126.9816174759299514_37.5603059188314958|126.9813345597681007_37.5600996831039851
2026-09-04T03:35:30.187978+09:00,남대문시장,남대문시장,POI115,KEY_2,1010029201,남대문시장10길,1010036301,충무로1가52-9,126.9802096866011425_37.5606718594319489,1010011701,회현역7번출구,126.9801048978132769_37.5596035774933412,119.0,17.0,서행,126.9801048978132769_37.5596035774933412|126.9800866593272559_37.5597021179481985|126.9800889154790298_37.5598874597116179|126.9802096866011425_37.5606718594319489
2026-09-04T03:35:30.187978+09:00,남대문시장,남대문시장,POI115,KEY_2,1010029202,남대문시장길,1010015401,충무로1가52-4,126.9817851871179641_37.5605865324912713,1010036301,충무로1가52-9,126.9802096866011425_37.5606718594319489,140.0,9.0,정체,126.9802096866011425_37.5606718594319489|126.9802497030729995_37.5606741822428134|126.9807707845876763_37.5606494140121825|126.9816883147786086_37.5606057960128439|126.9817851871179641_37.5605865324912713
2026-09-04T03:35:30.187978+09:00,남대문시장,남대문시장,POI115,KEY_2,1010029900,소공로,1010016400,포스트타워,126.9817922479335550_37.5609545032611152,1010015600,중국관광청,126.9827116249739731_37.5606706950213010,91.0,26.0,원활,126.9827116249739731_37.5606706950213010|126.9823825034924312_37.5606779228201688|126.9822612178897288_37.5606993600976651|126.9821728710918194_37.5607267614215701|126.9820875153085780_37.5607648904012166|126.9817922479335550_37.5609545032611152
2026-09-04T03:35:30.187978+09:00,남대문시장,남대문시장,POI115,KEY_2,1010030001,남대문시장10길,1010011702,회현역7번출구,126.9799749525828076_37.5595619956135778,1010036302,충무로1가52-9,126.9800884608386724_37.5607732287643117,135.0,5.0,정체,126.9800884608386724_37.5607732287643117|126.9799531801049426_37.5598945825498376|126.9799507471012276_37.5596946869498254|126.9799749525828076_37.5595619956135778
2026-09-04T03:35:30.187978+09:00,남대문시장,남대문시장,POI115,KEY_2,1010030100,소공로,1010015402,충무로1가52-4,126.9817657794933154_37.5607018336872827,1010016100,신세계백화점(본점),126.9816686271532404_37.5609097208093701,25.0,49.0,원활,126.9816686271532404_37.5609097208093701|126.9817657794933154_37.5607018336872827
2026-09-04T03:35:30.187978+09:00,남대문시장,남대문시장,POI115,KEY_2,1010032100,명동8나길,1010016901,한국은행앞,126.9816414699309064_37.5612161949658940,1010017704,LG패션,126.9866156676616384_37.5618497971722718,446.0,6.0,정체,126.9866156676616384_37.5618497971722718|126.9864059219120378_37.5618442687355554|126.9861439853324043_37.5618224161464553|126.9858850471473204_37.5617884341175383|126.9849862833789587_37.5616166058945993|126.9832174106051212_37.5613666087159430|126.9816414699309064_37.5612161949658940
2026-09-04T03:35:30.187978+09:00,노량진,노량진,POI063,KEY_3,1190005403,노량진로23길,1190021702,강변유원아파트앞교차로,126.9517878200399252_37.5144323341285642,1190002800,래미안트윈파크어린이집,126.9513254038714081_37.5151339939864243,90.0,34.5,원활,126.9513254038714081_37.5151339939864243|126.9515276227898823_37.5149837680980554|126.9516261546233409_37.5148351491784879|126.9516943568016671_37.5147120387054969|126.9517717030701789_37.5145057377369682|126.9517878200399252_37.5144323341285642
2026-09-04T03:35:30.187978+09:00,노량진,노량진,POI063,KEY_3,1190004503,장승배기로,1190152600,노량진동 49-1,126.9401167823962169_37.5121780072331958,1190021003,노량진삼거리,126.9401273601333457_37.5134896778213545,146.0,21.0,서행,126.9401273601333457_37.5134896778213545|126.9401211502656963_37.5127196410551917|126.9401192691902907_37.5124863808360871|126.9401167823962169_37.5121780072331958
2026-09-04T03:35:30.187978+09:00,노량진,노량진,POI063,KEY_3,1190004900,만양로,1190166100,노량진동 118-14,126.9442141544357412_37.5118605513789589,1190002603,노량진동 113-1,126.9442112295573821_37.5137418468286512,209.0,31.0,원활,126.9442112295573821_37.5137418468286512|126.9442007157676358_37.5133170529862738|126.9442010082990748_37.5132853486690649|126.9442075422818306_37.5125771934533816|126.9442141544357412_37.5118605513789589
2026-09-04T03:35:30.187978+09:00,노량진,노량진,POI063,KEY_3,1190005000,만양로,1190149500,노량진동 118-14,126.9445072828588934_37.5112337554396333,1190002101,노량진삼익아파트,126.9447316692998697_37.5107279071619644,60.0,23.0,서행,126.9447316692998697_37.5107279071619644|126.9445279473944197_37.5111733767808033|126.9445072828588934_37.5112337554396333
2026-09-04T03:35:30.187978+09:00,노량진,노량진,POI063,KEY_3,1190005101,노량진로,1190020703,수산시장입구교차로,126.9466367290000477_37.5134096602374356,1190002602,노량진동 113-6,126.9443471153927447_37.5137469511950457,207.0,45.3,원활,126.9443471153927447_37.5137469511950457|126.9447018533880680_37.5137501237495457|126.9449800137784337_37.5137432195083349|126.9452206941408434_37.5137189330884127|126.9453360318755699_37.5136987454881279|126.9454805879769310_37.5136734436133423|126.9460307202107430_37.5135490198353878|126.9466367290000477_37.5134096602374356
2026-09-04T03:35:30.187978+09:00,노량진,노량진,POI063,KEY_3,1190005102,노량진로,1190111500,노량진동 148-80,126.9471465220967872_37.5132972498454933,1190020702,수산시장입구교차로,126.9467856169075617_37.5133759098446546,33.0,24.0,서행,126.9467856169075617_37.5133759098446546|126.9471465220967872_37.5132972498454933
2026-09-04T03:35:30.187978+09:00,노량진,노량진,POI063,KEY_3,1190005201,노량진로,1190113600,노량진동 150-2,126.9453651613680023_37.5138043462520159,1190020704,수산시장입구교차로,126.9466743766019192_37.5135135387472616,120.0,19.0,서행,126.9466743766019192_37.5135135387472616|126.9460680803163228_37.5136529641003662|126.9455137197508776_37.5137783438666617|126.9453651613680023_37.5138043462520159
2026-09-04T03:35:30.187978+09:00,노량진,노량진,POI063,KEY_3,1190005202,노량진로,1190117200,본동 365,126.9512041597025416_37.5127679663408102,1190019404,노량진배수지앞교차로,126.9521514565343949_37.5127483356353082,84.0,51.0,원활,126.9521514565343949_37.5127483356353082|126.9515041450622306_37.5127617506074742|126.9512041597025416_37.5127679663408102
2026-09-04T03:35:30.187978+09:00,노량진,노량진,POI063,KEY_3,1190005302,노량진로23길,1190019404,노량진배수지앞교차로,126.9521514565343949_37.5127483356353082,1190021702,강변유원아파트앞교차로,126.9517878200399252_37.5144323341285642,190.0,37.0,원활,126.9517878200399252_37.5144323341285642|126.9521402590242047_37.5130263085339948|126.9521514565343949_37.5127483356353082
2026-09-04T03:35:30.187978+09:00,노량진,노량진,POI063,KEY_3,1190005402,노량진로23길,1190021701,강변유원아파트앞교차로,126.9519265942660269_37.5144356577308216,1190019401,노량진배수지앞교차로,126.9522873805224066_37.5127452624808910,191.0,32.5,원활,126.9522873805224066_37.5127452624808910|126.9522755603509978_37.5130387016279059|126.9519265942660269_37.5144356577308216
2026-09-04T03:35:30.187978+09:00,노량진,노량진,POI063,KEY_3,1190005901,노량진로,1190002301,동작전화국입구교차로,126.9319314618299188_37.5132681113596362,1190020504,노량진전화국,126.9367010324218938_37.5133867368247493,422.0,27.0,원활,126.9367010324218938_37.5133867368247493|126.9349496085363853_37.5132700252727744|126.9346845661618062_37.5132523610597346|126.9343824864800325_37.5132486544900985|126.9319314618299188_37.5132681113596362
2026-09-04T03:35:30.187978+09:00,노량진,노량진,POI063,KEY_3,1190005902,노량진로,1190020501,노량진전화국,126.9368725067964618_37.5133974948874851,1190021004,노량진삼거리,126.9401168906885289_37.5135974767245486,288.0,24.0,서행,126.9401168906885289_37.5135974767245486|126.9384099054870916_37.5134922704434572|126.9376728241927026_37.5134468343409324|126.9372728687352492_37.5134221778299022|126.9368725067964618_37.5133974948874851
2026-09-04T03:35:30.187978+09:00,노량진,노량진,POI063,KEY_3,1190006002,노량진로,1190156700,노량진동 40-12,126.9372833421547142_37.5133143799160251,1190020502,노량진전화국,126.9367832042905064_37.5132835455482123,44.0,18.0,서행,126.9367832042905064_37.5132835455482123|126.9372833421547142_37.5133143799160251
2026-09-04T03:35:30.187978+09:00,노량진,노량진,POI063,KEY_3,1190006300,노량진로,1190021001,노량진삼거리,126.9402528271981794_37.5136058036791340,1190002604,노량진동 149-1,126.9442005819552293_37.5138496342654904,350.0,23.0,서행,126.9442005819552293_37.5138496342654904|126.9436735713390760_37.5138165998370070|126.9425225287408949_37.5137444411450716|126.9422059483943457_37.5137245927783880|126.9419852419011647_37.5137111710165669|126.9414974384053210_37.5136815048798908|126.9413599099681420_37.5136731406162056|126.9402528271981794_37.5136058036791340
2026-09-04T03:35:30.187978+09:00,노량진,노량진,POI063,KEY_3,1190006402,노량진로,1190165400,노량진동 60-11,126.9413702431442630_37.5135653340007238,1190021002,노량진삼거리,126.9402631619478825_37.5134979974577192,98.0,39.0,원활,126.9402631619478825_37.5134979974577192|126.9413702431442630_37.5135653340007238
2026-09-04T03:35:30.187978+09:00,노량진,노량진,POI063,KEY_3,1190006503,노들로,1190002503,한강대교남단교차로,126.9559485654462350_37.5135692375558918,1190021402,노량진북고가차도(남측),126.9535701647488253_37.5144666186535645,234.0,49.0,원활,126.9535701647488253_37.5144666186535645|126.9538055503909391_37.5143453656792119|126.9550106567837133_37.5140170958698604|126.9551952040804679_37.5139503610819247|126.9553662466185671_37.5138687011783389|126.9559485654462350_37.5135692375558918
2026-09-04T03:35:30.187978+09:00,노량진,노량진,POI063,KEY_3,1190035600,매봉로,1190112400,본동 163-2,126.9520505492110658_37.5124639722260156,1190019403,노량진배수지앞교차로,126.9521271874186397_37.5126406813780520,21.0,36.0,원활,126.9521271874186397_37.5126406813780520|126.9520505492110658_37.5124639722260156
2026-09-04T03:35:30.187978+09:00,노량진,노량진,POI063,KEY_3,1190037400,등용로14길,1190147800,노량진동 261-16,126.9360131508652358_37.5128578520058724,1190020503,노량진전화국,126.9366130923878160_37.5132723793395044,71.0,17.0,서행,126.9366130923878160_37.5132723793395044|126.9365424170735963_37.5131804726463116|126.9360131508652358_37.5128578520058724
2026-09-04T03:35:30.187978+09:00,노량진,노량진,POI063,KEY_3,1190038200,노량진로,1190002203,상도터널입구삼거리,126.9541890386700089_37.5126031402648223,1190019402,노량진배수지앞교차로,126.9522694244192564_37.5126375342248082,170.0,15.0,서행,126.9522694244192564_37.5126375342248082|126.9540738186661173_37.5125928966997364|126.9541890386700089_37.5126031402648223
2026-09-04T03:35:30.187978+09:00,노량진,노량진,POI063,KEY_3,1190038300,노량진로,1190019401,노량진배수지앞교차로,126.9522873805224066_37.5127452624808910,1190002204,상도터널입구삼거리,126.9542714927660967_37.5127192624925598,176.0,43.0,원활,126.9542714927660967_37.5127192624925598|126.9540683705858299_37.5127012042861523|126.9522873805224066_37.5127452624808910
2026-09-04T03:35:30.187978+09:00,노량진,노량진,POI063,KEY_3,1190040700,노량진로17길,1190023001,여의상류IC,126.9431116863680842_37.5161708855538407,1190020701,수산시장입구교차로,126.9468214378170643_37.5134801972138732,493.0,26.0,원활,126.9468214378170643_37.5134801972138732|126.9466448548326269_37.5141699643926856|126.9465643597165752_37.5142980228204763|126.9464218282206502_37.5144168285898871|126.9462405404805025_37.5144778270687311|126.9460835780338783_37.5144777555249433|126.9453210615172054_37.5143777449688898|126.9452338575720916_37.5143850162141206|126.9451348889409985_37.5144401324414005|126.9434906876151103_37.5159004906293632|126.9432089104320056_37.5161015222505938|126.9431116863680842_37.5161708855538407
2026-09-04T03:35:30.187978+09:00,노량진,노량진,POI063,KEY_3,1190040900,노들로,1190021800,본동 258-49,126.9522431443229635_37.5148369634925771,1190021701,강변유원아파트앞교차로,126.9519265942660269_37.5144356577308216,60.0,36.0,원활,126.9519265942660269_37.5144356577308216|126.9519056314746734_37.5145429569509261|126.9519136872829819_37.5146399127459347|126.9519623531568016_37.5147094143572275|126.9520672177055758_37.5147752779884840|126.9521798364511511_37.5148124882405014|126.9522431443229635_37.5148369634925771
2026-09-04T03:35:30.187978+09:00,덕수궁길·정동길,덕수궁길·정동길,POI064,KEY_4,1000003501,통일로,1010027003,서대문역사거리,126.9665598949685972_37.5658773201177496,1120008500,서대문역,126.9660434778780029_37.5662892627082314,65.0,22.0,서행,126.9660434778780029_37.5662892627082314|126.9660644805756817_37.5662660599925218|126.9662705451212759_37.5660693694562298|126.9664350799789361_37.5659422317544767|126.9665598949685972_37.5658773201177496
2026-09-04T03:35:30.187978+09:00,덕수궁길·정동길,덕수궁길·정동길,POI064,KEY_4,1000003601,통일로,1120008600,서대문역,126.9661536779906470_37.5663524685838368,1010027004,서대문역사거리,126.9666386902470094_37.5659654915417676,61.0,19.0,서행,126.9666386902470094_37.5659654915417676|126.9665203108583569_37.5660270558958160|126.9663702817105673_37.5661429858535953|126.9661718721607571_37.5663323698760294|126.9661536779906470_37.5663524685838368
2026-09-04T03:35:30.187978+09:00,덕수궁길·정동길,덕수궁길·정동길,POI064,KEY_4,1000006401,송월길,1000006901,강북삼성병원뒤,126.9678155847015262_37.5692462622143637,1010032809,정동사거리,126.9691333679310219_37.5683815810654309,163.0,27.0,원활,126.9691333679310219_37.5683815810654309|126.9688551437995585_37.5683808671272601|126.9687865289426298_37.5683825554918585|126.9687053439467377_37.5683979184998549|126.9686414665824401_37.5684337846019289|126.9685779416765854_37.5684927369736954|126.9685223607223037_37.5685604321071480|126.9682968100973284_37.5688351412147554|126.9681174074262486_37.5690536427198865|126.9679795032923550_37.5691778229461093|126.9678501620556546_37.5692356875673852|126.9678155847015262_37.5692462622143637
2026-09-04T03:35:30.187978+09:00,덕수궁길·정동길,덕수궁길·정동길,POI064,KEY_4,1000022100,새문안로,1120008600,서대문역,126.9661536779906470_37.5663524685838368,1010028700,서대문역4번출구,126.9670324901914711_37.5663666430491148,80.0,32.0,원활,126.9670324901914711_37.5663666430491148|126.9668820265256244_37.5663086732054694|126.9667454719701425_37.5662886101858149|126.9666125029624908_37.5662871418756055|126.9664364041787792_37.5662956739300782|126.9661536779906470_37.5663524685838368
2026-09-04T03:35:30.187978+09:00,덕수궁길·정동길,덕수궁길·정동길,POI064,KEY_4,1000022401,새문안로,1010032804,서울역사박물관,126.9707197881594425_37.5693628093792142,1010032806,정동사거리,126.9692709523976930_37.5683376169548211,171.0,42.0,원활,126.9692709523976930_37.5683376169548211|126.9694171583184641_37.5684519908853858|126.9701987888334713_37.5690024896529167|126.9705789078106477_37.5692702008800268|126.9707197881594425_37.5693628093792142
2026-09-04T03:35:30.187978+09:00,덕수궁길·정동길,덕수궁길·정동길,POI064,KEY_4,1010000101,새문안로,1010027004,서대문역사거리,126.9666386902470094_37.5659654915417676,1010028700,서대문역4번출구,126.9670324901914711_37.5663666430491148,57.0,24.0,서행,126.9670324901914711_37.5663666430491148|126.9668835823451474_37.5662204039694956|126.9666386902470094_37.5659654915417676
2026-09-04T03:35:30.187978+09:00,덕수궁길·정동길,덕수궁길·정동길,POI064,KEY_4,1010000102,새문안로,1010028700,서대문역4번출구,126.9670324901914711_37.5663666430491148,1010029003,서울적십자병원,126.9671546864980343_37.5664866489618561,17.0,29.0,원활,126.9671546864980343_37.5664866489618561|126.9670324901914711_37.5663666430491148
2026-09-04T03:35:30.187978+09:00,덕수궁길·정동길,덕수궁길·정동길,POI064,KEY_4,1010000103,새문안로,1010029004,서울적십자병원,126.9672365893395067_37.5665683518858913,1010031502,서대문고가차도(북측),126.9682797509603347_37.5675570741512246,144.0,45.0,원활,126.9682797509603347_37.5675570741512246|126.9680594800643263_37.5674181616993508|126.9672365893395067_37.5665683518858913
2026-09-04T03:35:30.187978+09:00,덕수궁길·정동길,덕수궁길·정동길,POI064,KEY_4,1010000104,새문안로,1000130100,평동 140,126.9686758248646044_37.5679534765213603,1010032808,정동사거리,126.9690069713246316_37.5682731367375595,46.0,48.0,원활,126.9690069713246316_37.5682731367375595|126.9689149176519578_37.5681927649009353|126.9686758248646044_37.5679534765213603
2026-09-04T03:35:30.187978+09:00,덕수궁길·정동길,덕수궁길·정동길,POI064,KEY_4,1010000201,새문안로,1010028401,서대문역5번출구,126.9672435278120872_37.5662304820158113,1010027001,서대문역사거리,126.9668575711302481_37.5658373549132563,55.0,34.0,원활,126.9668575711302481_37.5658373549132563|126.9670970399012475_37.5660866188988862|126.9672435278120872_37.5662304820158113
2026-09-04T03:35:30.187978+09:00,덕수궁길·정동길,덕수궁길·정동길,POI064,KEY_4,1010000202,새문안로,1010029002,서울적십자병원,126.9673657254923569_37.5663504889476059,1010028401,서대문역5번출구,126.9672435278120872_37.5662304820158113,17.0,44.0,원활,126.9672435278120872_37.5662304820158113|126.9673657254923569_37.5663504889476059
2026-09-04T03:35:30.187978+09:00,덕수궁길·정동길,덕수궁길·정동길,POI064,KEY_4,1010000203,새문안로,1010031501,서대문고가차도(북측),126.9683866953238578_37.5674904209052158,1010029001,서울적십자병원,126.9674517491191921_37.5664363425452308,144.0,36.0,원활,126.9674517491191921_37.5664363425452308|126.9682746406970750_37.5672861516802570|126.9683866953238578_37.5674904209052158
2026-09-04T03:35:30.187978+09:00,덕수궁길·정동길,덕수궁길·정동길,POI064,KEY_4,1010000204,새문안로,1010032807,정동사거리,126.9691736826791697_37.5682582105465954,1010031501,서대문고가차도(북측),126.9683866953238578_37.5674904209052158,110.0,18.0,서행,126.9683866953238578_37.5674904209052158|126.9687821295761694_37.5678861768572077|126.9690183776100270_37.5681226144453078|126.9691736826791697_37.5682582105465954
2026-09-04T03:35:30.187978+09:00,덕수궁길·정동길,덕수궁길·정동길,POI064,KEY_4,1010007305,서소문로,1010060500,서소문동 42-3,126.9748814331857290_37.5634753132613639,1010021604,시청앞광장,126.9768728564433928_37.5640783561644085,191.0,23.0,서행,126.9768728564433928_37.5640783561644085|126.9766787939362445_37.5640859652900971|126.9765523317762188_37.5640754535460886|126.9763400428201123_37.5640251139761148|126.9749917778751325_37.5635158830683409|126.9748814331857290_37.5634753132613639
2026-09-04T03:35:30.187978+09:00,덕수궁길·정동길,덕수궁길·정동길,POI064,KEY_4,1010007405,서소문로,1010021603,시청앞광장,126.9768324946201261_37.5639716881909536,1010020202,중앙일보사,126.9742502538365869_37.5631241528421853,249.0,24.0,서행,126.9742502538365869_37.5631241528421853|126.9749383845103381_37.5633771573157134|126.9750493665217306_37.5634179614493959|126.9763888286545210_37.5639238670732283|126.9765790012718583_37.5639689628774178|126.9766825277856697_37.5639775680622137|126.9768324946201261_37.5639716881909536
2026-09-04T03:35:30.187978+09:00,덕수궁길·정동길,덕수궁길·정동길,POI064,KEY_4,1010008906,통일로,1010025300,서대문역,126.9671252866849898_37.5653671985533322,1010027002,서대문역사거리,126.9667788262273973_37.5657489148118202,53.0,41.0,원활,126.9667788262273973_37.5657489148118202|126.9668162462572951_37.5657244020835108|126.9669569622694496_37.5655921194699403|126.9671252866849898_37.5653671985533322
2026-09-04T03:35:30.187978+09:00,덕수궁길·정동길,덕수궁길·정동길,POI064,KEY_4,1010009006,통일로,1010027001,서대문역사거리,126.9668575711302481_37.5658373549132563,1010025800,서대문역,126.9672419766317830_37.5654225323261173,58.0,5.0,정체,126.9672419766317830_37.5654225323261173|126.9670678922722402_37.5656551508116365|126.9669120004380005_37.5658017001798896|126.9668575711302481_37.5658373549132563
2026-09-04T03:35:30.187978+09:00,덕수궁길·정동길,덕수궁길·정동길,POI064,KEY_4,1010009902,세종대로,1010021604,시청앞광장,126.9768728564433928_37.5640783561644085,1010024204,시청앞교차로,126.9770880989032236_37.5648197786229900,85.0,50.0,원활,126.9770880989032236_37.5648197786229900|126.9770591791834136_37.5646629693451288|126.9770001947957212_37.5644354373990907|126.9769219936512883_37.5642088549141349|126.9768728564433928_37.5640783561644085
2026-09-04T03:35:30.187978+09:00,덕수궁길·정동길,덕수궁길·정동길,POI064,KEY_4,1010010000,세종대로,1010024203,시청앞교차로,126.9772135411598413_37.5647555843739269,1010021601,시청앞광장,126.9770081698073909_37.5640611462049279,79.0,41.0,원활,126.9770081698073909_37.5640611462049279|126.9770525488461743_37.5641790078298783|126.9771323290460572_37.5644101639924273|126.9771929938028450_37.5646441761629077|126.9772135411598413_37.5647555843739269
2026-09-04T03:35:30.187978+09:00,덕수궁길·정동길,덕수궁길·정동길,POI064,KEY_4,1010011000,덕수궁길,1010003702,국립현대미술관(덕수궁),126.9734800713954428_37.5653099277390794,1010024205,시청앞교차로,126.9771111379704962_37.5649683842586413,350.0,24.0,서행,126.9771111379704962_37.5649683842586413|126.9769955437966189_37.5648997036250520|126.9769191129801698_37.5648841239987448|126.9762643259252286_37.5649661911538288|126.9761744747147532_37.5649770829893868|126.9759779520215517_37.5650009053778362|126.9758689949813260_37.5650050124235619|126.9752013280298399_37.5649548066137768|126.9751376722967393_37.5649475156969572|126.9743014077374426_37.5648517294047579|126.9740978380537513_37.5648406360021241|126.9740518977143893_37.5648432379020889|126.9740231183313881_37.5648571744892976|126.9736843653272729_37.5652451675209207|126.9735504744861458_37.5653043393530339|126.9734800713954428_37.5653099277390794
2026-09-04T03:35:30.187978+09:00,덕수궁길·정동길,덕수궁길·정동길,POI064,KEY_4,1010011100,소공로,1010024703,시청앞광장,126.9784672029423973_37.5649273269454653,1010024202,시청앞교차로,126.9772712943529740_37.5649019993645936,106.0,32.0,원활,126.9772712943529740_37.5649019993645936|126.9774098801302102_37.5649281244663342|126.9776269810423628_37.5649428736685351|126.9783249021099323_37.5649392241840445|126.9784672029423973_37.5649273269454653
2026-09-04T03:35:30.187978+09:00,덕수궁길·정동길,덕수궁길·정동길,POI064,KEY_4,1010011200,소공로,1010024201,시청앞교차로,126.9772516593585294_37.5650094083765893,1010024704,시청앞광장,126.9784659259494219_37.5650361481380060,108.0,30.0,원활,126.9784659259494219_37.5650361481380060|126.9783324600417700_37.5650473063687187|126.9776216401868254_37.5650510228301613|126.9773883375840597_37.5650351731031407|126.9772516593585294_37.5650094083765893
2026-09-04T03:35:30.187978+09:00,덕수궁길·정동길,덕수궁길·정동길,POI064,KEY_4,1010013800,세종대로,1010004902,강원도민일보(서울본부),126.9771979915670101_37.5670009920858590,1010024201,시청앞교차로,126.9772516593585294_37.5650094083765893,221.0,44.5,원활,126.9772516593585294_37.5650094083765893|126.9772632229602749_37.5651213527824481|126.9772704963173453_37.5652669803863901|126.9772680209366058_37.5654083777349115|126.9772559424266944_37.5656434912380419|126.9771979915670101_37.5670009920858590
2026-09-04T03:35:30.187978+09:00,덕수궁길·정동길,덕수궁길·정동길,POI064,KEY_4,1010015100,정동길,1010153400,정동 23-20,126.9696811503261245_37.5676424275946701,1010032807,정동사거리,126.9691736826791697_37.5682582105465954,84.0,27.0,원활,126.9691736826791697_37.5682582105465954|126.9693289724986869_37.5681827433020032|126.9694353904340431_37.5680832784538410|126.9695596803049256_37.5678603245802520|126.9696811503261245_37.5676424275946701
2026-09-04T03:35:30.187978+09:00,덕수궁길·정동길,덕수궁길·정동길,POI064,KEY_4,1120001005,충정로,1010027002,서대문역사거리,126.9667788262273973_37.5657489148118202,1120008100,서대문역8번출구,126.9663601701517166_37.5652501751878560,67.0,17.0,서행,126.9663601701517166_37.5652501751878560|126.9667788262273973_37.5657489148118202
2026-09-04T03:35:30.187978+09:00,덕수궁길·정동길,덕수궁길·정동길,POI064,KEY_4,1010015200,정동길,1010053500,정동 6-1,126.9726302734250396_37.5657818964494226,1010003701,국립현대미술관(덕수궁),126.9734172515147748_37.5653215661761095,86.0,28.5,원활,126.9734172515147748_37.5653215661761095|126.9731819807769568_37.5654408147970216|126.9726302734250396_37.5657818964494226
2026-09-04T03:35:30.187978+09:00,덕수궁길·정동길,덕수궁길·정동길,POI064,KEY_4,1010017701,덕수궁길,1010003708,국립현대미술관(덕수궁),126.9733973038882908_37.5653215550209438,1010034405,덕수초교앞,126.9742636314177417_37.5692915440127635,470.0,18.0,서행,126.9742636314177417_37.5692915440127635|126.9742609154399133_37.5692318560367440|126.9741806606774475_37.5688123115606558|126.9741708329106444_37.5687509002550755|126.9741496491990489_37.5687070234402825|126.9733330667186380_37.5677499979341434|126.9732604662010260_37.5676432387449850|126.9732135563309470_37.5675636296405173|126.9732109235822293_37.5675447199477688|126.9732028295893542_37.5674865848597861|126.9732067525657442_37.5673829793437548|126.9732946020034490_37.5669917355047289|126.9734162527930152_37.5666474960378096|126.9734297415941171_37.5665457649226155|126.9734351774182528_37.5662640535461065|126.9734319058327827_37.5653823750330673|126.9734292579386477_37.5653516838069237|126.9734209124859774_37.5653359703583263|126.9733973038882908_37.5653215550209438
2026-09-04T03:35:30.187978+09:00,덕수궁길·정동길,덕수궁길·정동길,POI064,KEY_4,1010017801,덕수궁길,1010142200,정동 1-36,126.9733459274212635_37.5675328106811506,1010003703,국립현대미술관(덕수궁),126.9735218655151243_37.5652613466895460,255.0,16.0,서행,126.9735218655151243_37.5652613466895460|126.9735320491287638_37.5652675646712737|126.9735632083507113_37.5653262373116092|126.9735677185460503_37.5653785069074999|126.9735710082390199_37.5662647237383496|126.9735654610655899_37.5665522825597762|126.9735501225163148_37.5666679552866043|126.9734271477770164_37.5670159427351393|126.9733422194510410_37.5673941796546416|126.9733388862719750_37.5674822368240626|126.9733459274212635_37.5675328106811506
2026-09-04T03:35:30.187978+09:00,덕수궁길·정동길,덕수궁길·정동길,POI064,KEY_4,1010018100,세종대로,1010024205,시청앞교차로,126.9771111379704962_37.5649683842586413,1010036201,청계광장,126.9769724776174371_37.5689758850454254,445.0,41.0,원활,126.9769724776174371_37.5689758850454254|126.9770357842986499_37.5675064469025131|126.9770571241010231_37.5671045176161513|126.9770622406749681_37.5669973200828053|126.9771202099424414_37.5656394465692429|126.9771322330851717_37.5654054151655075|126.9771346338183520_37.5652683750225975|126.9771276194723697_37.5651279335943542|126.9771111379704962_37.5649683842586413
2026-09-04T03:35:30.187978+09:00,덕수궁길·정동길,덕수궁길·정동길,POI064,KEY_4,1010037700,서소문로11길,1010119100,정동 34-31,126.9727951808603876_37.5647038792147114,1010003707,국립현대미술관(덕수궁),126.9733026963352955_37.5652751287957045,97.0,14.0,정체,126.9733026963352955_37.5652751287957045|126.9731147506106339_37.5651909181462429|126.9727976869032062_37.5651133337218468|126.9727288163474412_37.5650455719333536|126.9727288478402016_37.5649591817261097|126.9727803611883274_37.5647836723506359|126.9727951808603876_37.5647038792147114
2026-09-04T03:35:30.187978+09:00,덕수궁길·정동길,덕수궁길·정동길,POI064,KEY_4,1010039000,소공로,1010024202,시청앞교차로,126.9772712943529740_37.5649019993645936,1010023104,서울프라자호텔,126.9780385528240316_37.5645364866542977,82.0,4.0,정체,126.9780385528240316_37.5645364866542977|126.9776055199770184_37.5646501981039478|126.9774312688185773_37.5647230654274864|126.9773645076050741_37.5647713550531037|126.9773054583435652_37.5648401473905977|126.9772712943529740_37.5649019993645936
2026-09-04T03:35:30.187978+09:00,덕수궁길·정동길,덕수궁길·정동길,POI064,KEY_4,1010040700,새문안로,1010028401,서대문역5번출구,126.9672435278120872_37.5662304820158113,1010025800,서대문역,126.9672419766317830_37.5654225323261173,92.0,22.0,서행,126.9672419766317830_37.5654225323261173|126.9671627047004989_37.5655962214450838|126.9671530773462109_37.5656982484603077|126.9671501998966363_37.5657656962227051|126.9671429571134951_37.5658915642520341|126.9671696483151493_37.5660384205100399|126.9672435278120872_37.5662304820158113
2026-09-04T03:35:30.187978+09:00,덕수궁길·정동길,덕수궁길·정동길,POI064,KEY_4,1010041200,통일로4길,1010026704,농협중앙회중앙본부,126.9680009751863565_37.5657474827716342,1010029002,서울적십자병원,126.9673657254923569_37.5663504889476059,87.0,42.0,원활,126.9673657254923569_37.5663504889476059|126.9674678905687699_37.5662580433505866|126.9678098962985331_37.5659327261802858|126.9680009751863565_37.5657474827716342
2026-09-04T03:35:30.187978+09:00,덕수궁길·정동길,덕수궁길·정동길,POI064,KEY_4,1010041300,통일로4길,1010029001,서울적십자병원,126.9674517491191921_37.5664363425452308,1010026701,농협중앙회중앙본부,126.9681059501351683_37.5658160932863012,90.0,23.0,서행,126.9681059501351683_37.5658160932863012|126.9679144693849793_37.5660017267912281|126.9675709803964594_37.5663284539118862|126.9674517491191921_37.5664363425452308
2026-09-04T03:35:30.187978+09:00,덕수궁길·정동길,덕수궁길·정동길,POI064,KEY_4,1120000904,충정로,1120007504,경기대입구교차로,126.9654358551941868_37.5643701192781236,1120008200,서대문역1번출구,126.9661345078370260_37.5653705612373798,128.0,49.0,원활,126.9661345078370260_37.5653705612373798|126.9658063010760287_37.5649795640658724|126.9654882556718718_37.5645480455164105|126.9654358551941868_37.5643701192781236
2026-09-04T03:35:30.187978+09:00,덕수궁길·정동길,덕수궁길·정동길,POI064,KEY_4,1120000905,충정로,1120008200,서대문역1번출구,126.9661345078370260_37.5653705612373798,1010027003,서대문역사거리,126.9665598949685972_37.5658773201177496,68.0,44.0,원활,126.9665598949685972_37.5658773201177496|126.9661345078370260_37.5653705612373798
2026-09-04T03:35:30.187978+09:00,덕수궁길·정동길,덕수궁길·정동길,POI064,KEY_4,1120001004,충정로,1120008100,서대문역8번출구,126.9663601701517166_37.5652501751878560,1120007501,경기대입구교차로,126.9655530068436775_37.5643154067983005,127.0,14.0,정체,126.9655530068436775_37.5643154067983005|126.9657225563985463_37.5644386212690051|126.9660365816878453_37.5648646850507362|126.9663601701517166_37.5652501751878560
2026-09-04T03:35:30.187978+09:00,덕수궁길·정동길,덕수궁길·정동길,POI064,KEY_4,1120018600,새문안로,1010031501,서대문고가차도(북측),126.9683866953238578_37.5674904209052158,1120007501,경기대입구교차로,126.9655530068436775_37.5643154067983005,433.0,17.0,서행,126.9655530068436775_37.5643154067983005|126.9659790116012346_37.5648934048468846|126.9667666082858375_37.5658316625100710|126.9670436755838097_37.5661200652030587|126.9673713851940988_37.5664419018809852|126.9683866953238578_37.5674904209052158
2026-09-04T03:35:30.187978+09:00,덕수궁길·정동길,덕수궁길·정동길,POI064,KEY_4,1120019100,충정로,1010025300,서대문역,126.9671252866849898_37.5653671985533322,1120008100,서대문역8번출구,126.9663601701517166_37.5652501751878560,74.0,36.0,원활,126.9663601701517166_37.5652501751878560|126.9665194783773217_37.5653631197886000|126.9666434455435962_37.5653989136113822|126.9667584409983760_37.5654103886958168|126.9668764802246983_37.5654216401742502|126.9669962758516419_37.5654130917357776|126.9671252866849898_37.5653671985533322
2026-09-04T03:35:30.187978+09:00,덕수궁길·정동길,덕수궁길·정동길,POI064,KEY_4,1120019400,충정로,1120008200,서대문역1번출구,126.9661345078370260_37.5653705612373798,1120008500,서대문역,126.9660434778780029_37.5662892627082314,109.0,35.0,원활,126.9660434778780029_37.5662892627082314|126.9662204775012100_37.5660705723871402|126.9662588552284035_37.5659733199437156|126.9662708684429191_37.5658970396490446|126.9662804865533872_37.5658207577671277|126.9662829231651244_37.5657311237744906|126.9662372680301416_37.5655890326611370|126.9661345078370260_37.5653705612373798
2026-09-04T03:35:30.187978+09:00,북창동 먹자골목,북창동 먹자골목,POI114,KEY_1,1010002402,소월로,1010013802,숭례문앞교차로,126.9757600351255320_37.5605071695408910,1010011100,숭례문,126.9758644071737450_37.5590694809368770,164.0,8.0,정체,126.9758644071737450_37.5590694809368770|126.9758414948468044_37.5591969276911115|126.9758551619603253_37.5593278985156402|126.9759327469906509_37.5599943665054212|126.9759344158917429_37.5602035603088922|126.9758567349293656_37.5604019178341417|126.9757600351255320_37.5605071695408910
2026-09-04T03:35:30.187978+09:00,북창동 먹자골목,북창동 먹자골목,POI114,KEY_1,1010004903,소공로,1010016100,신세계백화점(본점),126.9816686271532404_37.5609097208093701,1010017902,한국은행앞교차로,126.9812102323787997_37.5618212267858951,109.0,34.0,원활,126.9812102323787997_37.5618212267858951|126.9814215875591117_37.5613304278622451|126.9815191090982296_37.5611692719051433|126.9815779997364160_37.5610682604307513|126.9816686271532404_37.5609097208093701
2026-09-04T03:35:30.187978+09:00,북창동 먹자골목,북창동 먹자골목,POI114,KEY_1,1010005003,소공로,1010017901,한국은행앞교차로,126.9813201261830500_37.5618994475613093,1010016901,한국은행앞,126.9816414699309064_37.5612161949658940,81.0,26.0,원활,126.9816414699309064_37.5612161949658940|126.9815474496638501_37.5613715645860893|126.9813201261830500_37.5618994475613093
2026-09-04T03:35:30.187978+09:00,북창동 먹자골목,북창동 먹자골목,POI114,KEY_1,1010005101,남대문로,1010013801,숭례문앞교차로,126.9756943412395600_37.5606249038699929,1010015000,숭례문,126.9764459331227329_37.5606350021971664,67.0,20.0,서행,126.9764459331227329_37.5606350021971664|126.9761770959942169_37.5605854916413975|126.9759176766868478_37.5605967861663927|126.9756943412395600_37.5606249038699929
2026-09-04T03:35:30.187978+09:00,북창동 먹자골목,북창동 먹자골목,POI114,KEY_1,1010005102,남대문로,1010123700,남대문로3가 110-4,126.9802395481067094_37.5615376279630198,1010017903,한국은행앞교차로,126.9811556456876929_37.5619216279188848,92.0,30.0,원활,126.9811556456876929_37.5619216279188848|126.9809804652948202_37.5618338688153770|126.9804945418923836_37.5616270684645031|126.9802395481067094_37.5615376279630198
2026-09-04T03:35:30.187978+09:00,북창동 먹자골목,북창동 먹자골목,POI114,KEY_1,1010005201,남대문로,1010014800,숭례문,126.9764883666133954_37.5605318420117769,1010013802,숭례문앞교차로,126.9757600351255320_37.5605071695408910,65.0,21.0,서행,126.9757600351255320_37.5605071695408910|126.9759033237710781_37.5604891294319145|126.9761889274862341_37.5604766950548168|126.9764883666133954_37.5605318420117769
2026-09-04T03:35:30.187978+09:00,북창동 먹자골목,북창동 먹자골목,POI114,KEY_1,1010005202,남대문로,1010105800,남대문로4가 24-1,126.9773600444245005_37.5608297698874694,1010014800,숭례문,126.9764883666133954_37.5605318420117769,84.0,26.0,원활,126.9764883666133954_37.5605318420117769|126.9773600444245005_37.5608297698874694
2026-09-04T03:35:30.187978+09:00,북창동 먹자골목,북창동 먹자골목,POI114,KEY_1,1010007100,남대문로,1010017904,한국은행앞교차로,126.9812429466621211_37.5620183676301806,1010021108,호텔이비스명동,126.9820519451972700_37.5636664770067483,197.0,11.0,정체,126.9820519451972700_37.5636664770067483|126.9819793117574847_37.5634775660291922|126.9817625196920829_37.5629137095619114|126.9816744970428033_37.5627384358941327|126.9813726104749207_37.5622249080098740|126.9812429466621211_37.5620183676301806
2026-09-04T03:35:30.187978+09:00,북창동 먹자골목,북창동 먹자골목,POI114,KEY_1,1010007200,남대문로,1010090400,남대문로2가 17-2,126.9821091872959755_37.5634459234669080,1010017901,한국은행앞교차로,126.9813201261830500_37.5618994475613093,186.0,38.3,원활,126.9813201261830500_37.5618994475613093|126.9814948864511877_37.5621778204330639|126.9817991665262582_37.5626954199811465|126.9818907371757462_37.5628777579140802|126.9821091872959755_37.5634459234669080
2026-09-04T03:35:30.187978+09:00,북창동 먹자골목,북창동 먹자골목,POI114,KEY_1,1010007500,소공로,1010017903,한국은행앞교차로,126.9811556456876929_37.5619216279188848,1010021703,소공로지하상가,126.9793735854893129_37.5639048297059688,271.0,27.0,원활,126.9793735854893129_37.5639048297059688|126.9799260872659801_37.5633234478845921|126.9804607657373765_37.5627352047527836|126.9809958432867205_37.5621465108158432|126.9811556456876929_37.5619216279188848
2026-09-04T03:35:30.187978+09:00,북창동 먹자골목,북창동 먹자골목,POI114,KEY_1,1010007600,소공로,1010125600,소공동 44-2,126.9805708038916379_37.5627985840057121,1010017904,한국은행앞교차로,126.9812429466621211_37.5620183676301806,105.0,26.0,원활,126.9812429466621211_37.5620183676301806|126.9811103260703646_37.5622049984614250|126.9805708038916379_37.5627985840057121
2026-09-04T03:35:30.187978+09:00,북창동 먹자골목,북창동 먹자골목,POI114,KEY_1,1010008401,세종대로18길,1010021203,우성빌딩,126.9777193951018148_37.5638099385310227,1010021602,시청앞광장,126.9769689889781006_37.5639574810137518,68.0,27.0,원활,126.9769689889781006_37.5639574810137518|126.9777193951018148_37.5638099385310227
2026-09-04T03:35:30.187978+09:00,북창동 먹자골목,북창동 먹자골목,POI114,KEY_1,1010008402,세종대로18길,1010073800,소공동 87-15,126.9784945856248157_37.5638009334543241,1010021202,우성빌딩,126.9778443694909242_37.5637825313256783,58.0,14.0,정체,126.9778443694909242_37.5637825313256783|126.9779245419285019_37.5637634021338656|126.9780550037610567_37.5637507097928918|126.9781651142375978_37.5637590779395225|126.9784945856248157_37.5638009334543241
2026-09-04T03:35:30.187978+09:00,북창동 먹자골목,북창동 먹자골목,POI114,KEY_1,1010009100,남대문로7길,1010021108,호텔이비스명동,126.9820519451972700_37.5636664770067483,1010021702,소공로지하상가,126.9795475428450970_37.5639009918525275,227.0,11.0,정체,126.9795475428450970_37.5639009918525275|126.9796803370022360_37.5638948862261515|126.9806310216740002_37.5639896452279629|126.9820519451972700_37.5636664770067483
2026-09-04T03:35:30.187978+09:00,북창동 먹자골목,북창동 먹자골목,POI114,KEY_1,1010009200,남대문로7길,1010021701,소공로지하상가,126.9794402894512473_37.5640142229526717,1010021109,호텔이비스명동,126.9820873216543333_37.5637708767384169,240.0,23.0,서행,126.9820873216543333_37.5637708767384169|126.9806416666700954_37.5640996703370931|126.9796757766825266_37.5640033960331934|126.9794402894512473_37.5640142229526717
2026-09-04T03:35:30.187978+09:00,북창동 먹자골목,북창동 먹자골목,POI114,KEY_1,1010009501,소공로,1010021704,소공로지하상가,126.9792789797845671_37.5640057968385435,1010023303,조선호텔,126.9788152991022230_37.5645029149171776,69.0,11.0,정체,126.9788152991022230_37.5645029149171776|126.9792789797845671_37.5640057968385435
2026-09-04T03:35:30.187978+09:00,북창동 먹자골목,북창동 먹자골목,POI114,KEY_1,1010009601,소공로,1010023302,조선호텔,126.9789243502561220_37.5645673683433330,1010021701,소공로지하상가,126.9794402894512473_37.5640142229526717,76.0,35.5,원활,126.9794402894512473_37.5640142229526717|126.9789243502561220_37.5645673683433330
2026-09-04T03:35:30.187978+09:00,북창동 먹자골목,북창동 먹자골목,POI114,KEY_1,1010026800,남대문로,1010014800,숭례문,126.9764883666133954_37.5605318420117769,1010011100,숭례문,126.9758644071737450_37.5590694809368770,185.0,26.0,원활,126.9758644071737450_37.5590694809368770|126.9758795592592975_37.5591125336731508|126.9758641531054906_37.5591939851637946|126.9759578405099205_37.5599862959824407|126.9759704486266543_37.5601312860724406|126.9760507361714588_37.5602633560949499|126.9761537145355277_37.5603739896225477|126.9763022172343057_37.5604655608040190|126.9764279735615418_37.5605091608890334|126.9764883666133954_37.5605318420117769
2026-09-04T03:35:30.187978+09:00,북창동 먹자골목,북창동 먹자골목,POI114,KEY_1,1010028800,남대문로,1010015700,숭례문,126.9758216757282128_37.5609807560682611,1010015000,숭례문,126.9764459331227329_37.5606350021971664,84.0,13.0,정체,126.9764459331227329_37.5606350021971664|126.9763771801474945_37.5606275849701134|126.9762640154305728_37.5606077628684645|126.9761188999622306_37.5606156137238472|126.9760253099623242_37.5606453934247568|126.9759279729758958_37.5606841119779062|126.9758493363337521_37.5607734919220704|126.9758081301075663_37.5608688386806833|126.9758216757282128_37.5609807560682611
2026-09-04T03:35:30.187978+09:00,북창동 먹자골목,북창동 먹자골목,POI114,KEY_1,1010037000,남대문로1길,1010023102,서울프라자호텔,126.9781270908112134_37.5644147123986087,1010021201,우성빌딩,126.9778833665384354_37.5638860982800367,62.0,5.0,정체,126.9778833665384354_37.5638860982800367|126.9781270908112134_37.5644147123986087
2026-09-04T03:35:30.187978+09:00,북창동 먹자골목,북창동 먹자골목,POI114,KEY_1,1010037100,남대문로1길,1010021204,우성빌딩,126.9777519647640105_37.5639149035560536,1010023103,서울프라자호텔,126.9779917291016176_37.5644349310718795,61.0,12.0,정체,126.9779917291016176_37.5644349310718795|126.9777519647640105_37.5639149035560536
2026-09-04T03:35:30.187978+09:00,북촌한옥마을,북촌한옥마을,POI066,KEY_2,1000009102,우정국로,1000017300,안국동사거리,126.9828039229332575_37.5749851341707171,1000017904,안국동로터리,126.9829082928001753_37.5755454257557844,63.0,32.0,원활,126.9829082928001753_37.5755454257557844|126.9828499577781997_37.5754008805051001|126.9828163493672974_37.5752357359225755|126.9827996996409070_37.5750526973415191|126.9828039229332575_37.5749851341707171
2026-09-04T03:35:30.187978+09:00,북촌한옥마을,북촌한옥마을,POI066,KEY_2,1000010303,삼일대로,1000017003,속성변화점,126.9867672620100478_37.5750673701046694,1000021203,안국역사거리,126.9861392416785293_37.5767777393512361,198.0,25.0,원활,126.9861392416785293_37.5767777393512361|126.9867306429910911_37.5751700115634506|126.9867672620100478_37.5750673701046694
2026-09-04T03:35:30.187978+09:00,북촌한옥마을,북촌한옥마을,POI066,KEY_2,1000010403,삼일대로,1000021202,안국역사거리,126.9862597945630966_37.5768348176280966,1000017001,덕성여자대학교(종로캠퍼스),126.9868610139755560_37.5752003900895701,189.0,12.0,정체,126.9868610139755560_37.5752003900895701|126.9862597945630966_37.5768348176280966
2026-09-04T03:35:30.187978+09:00,북촌한옥마을,북촌한옥마을,POI066,KEY_2,1000010703,돈화문로,1000187700,와룡동 139-4,126.9901364571830698_37.5770373641859052,1000021403,창덕궁앞교차로,126.9900492095065232_37.5773787437811535,39.0,26.0,원활,126.9900492095065232_37.5773787437811535|126.9901364571830698_37.5770373641859052
2026-09-04T03:35:30.187978+09:00,북촌한옥마을,북촌한옥마을,POI066,KEY_2,1000011102,종로1길,1000018300,경복궁사거리,126.9791985772177298_37.5755559719213679,1000019703,경복궁사거리,126.9793107532419185_37.5757813746508091,27.0,30.0,원활,126.9793107532419185_37.5757813746508091|126.9791985772177298_37.5755559719213679
2026-09-04T03:35:30.187978+09:00,북촌한옥마을,북촌한옥마을,POI066,KEY_2,1000011202,종로1길,1000019702,경복궁사거리,126.9794701198467664_37.5758080047390521,1000018200,경복궁,126.9792457576218681_37.5753789068622197,52.0,2.0,정체,126.9792457576218681_37.5753789068622197|126.9793010192322811_37.5754682222458030|126.9794701198467664_37.5758080047390521
2026-09-04T03:35:30.187978+09:00,북촌한옥마을,북촌한옥마을,POI066,KEY_2,1000011501,율곡로,1000019401,경복궁,126.9801381644492011_37.5758813627365100,1000019702,경복궁사거리,126.9794701198467664_37.5758080047390521,60.0,19.0,서행,126.9794701198467664_37.5758080047390521|126.9797343426333214_37.5758559422202438|126.9799729505737531_37.5758791430045278|126.9801381644492011_37.5758813627365100
2026-09-04T03:35:30.187978+09:00,북촌한옥마을,북촌한옥마을,POI066,KEY_2,1000011502,율곡로,1000019203,주한멕시코대사관,126.9811804454430160_37.5757381628755169,1000019401,경복궁,126.9801381644492011_37.5758813627365100,94.0,19.0,서행,126.9801381644492011_37.5758813627365100|126.9801458468412108_37.5758814661415386|126.9803274747907409_37.5758700232846223|126.9811804454430160_37.5757381628755169
2026-09-04T03:35:30.187978+09:00,북촌한옥마을,북촌한옥마을,POI066,KEY_2,1000011503,율곡로,1000018100,안국동사거리,126.9820370732549009_37.5756052331219763,1000019202,주한멕시코대사관,126.9813332527749594_37.5757145141333595,63.0,19.0,서행,126.9813332527749594_37.5757145141333595|126.9820370732549009_37.5756052331219763
2026-09-04T03:35:30.187978+09:00,북촌한옥마을,북촌한옥마을,POI066,KEY_2,1000011504,율곡로,1000017904,안국동로터리,126.9829082928001753_37.5755454257557844,1000018100,안국동사거리,126.9820370732549009_37.5756052331219763,78.0,13.0,정체,126.9820370732549009_37.5756052331219763|126.9821849025842226_37.5755822792614822|126.9823949596761850_37.5755556593554090|126.9825949987016998_37.5755409919947070|126.9827732334880466_37.5755410181384661|126.9829082928001753_37.5755454257557844
2026-09-04T03:35:30.187978+09:00,북촌한옥마을,북촌한옥마을,POI066,KEY_2,1000011601,율곡로,1000019701,경복궁사거리,126.9795067975766756_37.5759255521593971,1000020300,경복궁,126.9801205068413168_37.5759892604625989,55.0,9.0,정체,126.9801205068413168_37.5759892604625989|126.9799635415281358_37.5759871517272330|126.9797109494754608_37.5759625907229378|126.9795067975766756_37.5759255521593971
2026-09-04T03:35:30.187978+09:00,북촌한옥마을,북촌한옥마을,POI066,KEY_2,1000011603,율곡로,1000020300,경복궁,126.9801205068413168_37.5759892604625989,1000017905,안국동로터리,126.9829348569925571_37.5756562270635044,252.0,14.0,정체,126.9829348569925571_37.5756562270635044|126.9829125468357773_37.5756537744281829|126.9827704373494015_37.5756491370767236|126.9826012303179823_37.5756491122595975|126.9824118889619911_37.5756629946566250|126.9822085957164859_37.5756887578650449|126.9820630846885052_37.5757113517092307|126.9813592631155075_37.5758206328940290|126.9812063475179400_37.5758442987123971|126.9803458434132892_37.5759773239770425|126.9801500700749699_37.5759896573698668|126.9801205068413168_37.5759892604625989
2026-09-04T03:35:30.187978+09:00,북촌한옥마을,북촌한옥마을,POI066,KEY_2,1000012102,사직로,1000020200,경복궁,126.9786283706113750_37.5757946408291801,1000019704,경복궁사거리,126.9793621536958312_37.5759001150550986,66.0,27.0,원활,126.9793621536958312_37.5759001150550986|126.9791440605087161_37.5758645700478056|126.9786283706113750_37.5757946408291801
2026-09-04T03:35:30.187978+09:00,북촌한옥마을,북촌한옥마을,POI066,KEY_2,1000012203,사직로,1000019703,경복궁사거리,126.9793107532419185_37.5757813746508091,1000019100,경복궁,126.9786480964121154_37.5756876675167888,59.0,12.0,정체,126.9786480964121154_37.5756876675167888|126.9791690991976765_37.5757582877498706|126.9793107532419185_37.5757813746508091
2026-09-04T03:35:30.187978+09:00,북촌한옥마을,북촌한옥마을,POI066,KEY_2,1000012702,율곡로,1000204600,안국역,126.9857294779033765_37.5767141333904462,1000021204,안국역사거리,126.9860941353497878_37.5768818686938246,37.0,26.0,원활,126.9860941353497878_37.5768818686938246|126.9857294779033765_37.5767141333904462
2026-09-04T03:35:30.187978+09:00,북촌한옥마을,북촌한옥마을,POI066,KEY_2,1000012800,율곡로,1000099700,관훈동 113,126.9843012547585914_37.5759322813818102,1000017902,안국동로터리,126.9831650747284471_37.5755740090362238,108.0,32.0,원활,126.9831650747284471_37.5755740090362238|126.9832157778299404_37.5755801309922148|126.9834207454955077_37.5756172367829961|126.9836820397707413_37.5756980185194678|126.9842468281761967_37.5759072448986657|126.9843012547585914_37.5759322813818102
2026-09-04T03:35:30.187978+09:00,북촌한옥마을,북촌한옥마을,POI066,KEY_2,1000013501,율곡로,1000054300,계동 149-3,126.9868657861829462_37.5772407179262302,1000021504,우즈베키스탄대사관,126.9891939676239474_37.5774507625066221,209.0,41.0,원활,126.9891939676239474_37.5774507625066221|126.9886716347625111_37.5774406495643092|126.9876528972208263_37.5774209190205184|126.9874748196535421_37.5774084674404421|126.9872839495136390_37.5773710909105532|126.9870718117635420_37.5773123392589739|126.9868657861829462_37.5772407179262302
2026-09-04T03:35:30.187978+09:00,북촌한옥마을,북촌한옥마을,POI066,KEY_2,1000013502,율곡로,1000021501,우즈베키스탄대사관,126.9893297531960883_37.5774544023044541,1000021404,창덕궁앞교차로,126.9900388640569702_37.5774865487865739,63.0,41.0,원활,126.9900388640569702_37.5774865487865739|126.9897463242174780_37.5774687657961053|126.9893297531960883_37.5774544023044541
2026-09-04T03:35:30.187978+09:00,북촌한옥마을,북촌한옥마을,POI066,KEY_2,1000013601,율곡로,1000115800,운니동 99,126.9886749388672058_37.5773325621108185,1000021202,안국역사거리,126.9862597945630966_37.5768348176280966,226.0,17.0,서행,126.9862597945630966_37.5768348176280966|126.9866987114048271_37.5770526790006230|126.9869129296675823_37.5771391236163410|126.9869201616997287_37.5771416376904028|126.9871213965557644_37.5772115927930628|126.9873225852521443_37.5772673122363585|126.9874971233893604_37.5773014911490293|126.9876605021504048_37.5773129149276315|126.9886749388672058_37.5773325621108185
2026-09-04T03:35:30.187978+09:00,북촌한옥마을,북촌한옥마을,POI066,KEY_2,1000013802,율곡로3길,1000187200,안국동 177-3,126.9825779024490799_37.5773003698629964,1000017901,안국동로터리,126.9830699625115358_37.5756718813989750,188.0,10.0,정체,126.9830699625115358_37.5756718813989750|126.9830564549576764_37.5759140717657090|126.9830330914684993_37.5760255151221827|126.9826494722971120_37.5768341676311906|126.9826150056688476_37.5769949197743074|126.9825779024490799_37.5773003698629964
2026-09-04T03:35:30.187978+09:00,북촌한옥마을,북촌한옥마을,POI066,KEY_2,1000013900,북촌로,1000116500,재동 63-1,126.9851879175372176_37.5787742277141632,1000021903,재동초등학교앞교차로,126.9849709248422442_37.5791896537058818,50.0,24.0,서행,126.9849709248422442_37.5791896537058818|126.9851123444681207_37.5789593789195138|126.9851879175372176_37.5787742277141632
2026-09-04T03:35:30.187978+09:00,북촌한옥마을,북촌한옥마을,POI066,KEY_2,1000014000,북촌로,1000021902,재동초등학교앞교차로,126.9851742297151702_37.5791048269106014,1000021201,안국역사거리,126.9862116059343862_37.5769383209828334,258.0,23.0,서행,126.9862116059343862_37.5769383209828334|126.9861227104490524_37.5771049965042820|126.9858974625520034_37.5775403033717339|126.9855988771401059_37.5781173314432593|126.9855520543728602_37.5782320480744829|126.9853545228100558_37.5787159998899227|126.9853171216767009_37.5788076318220590|126.9852385949747031_37.5790000196943907|126.9851742297151702_37.5791048269106014
2026-09-04T03:35:30.187978+09:00,북촌한옥마을,북촌한옥마을,POI066,KEY_2,1000014100,창덕궁길,1000022002,북촌1경,126.9893063929122548_37.5792409569275208,1000021501,우즈베키스탄대사관,126.9893297531960883_37.5774544023044541,199.0,26.0,원활,126.9893297531960883_37.5774544023044541|126.9892548365952365_37.5786955788249983|126.9892562414735409_37.5787264244637242|126.9892665857058205_37.5789535426034647|126.9893063929122548_37.5792409569275208
2026-09-04T03:35:30.187978+09:00,북촌한옥마을,북촌한옥마을,POI066,KEY_2,1000014200,창덕궁길,1000128100,원서동 181,126.9891204798979061_37.5787303411058602,1000022003,북촌1경,126.9891713596778544_37.5792528029310802,58.0,15.0,서행,126.9891713596778544_37.5792528029310802|126.9891310055471081_37.5789614346187477|126.9891204798979061_37.5787303411058602
2026-09-04T03:35:30.187978+09:00,북촌한옥마을,북촌한옥마을,POI066,KEY_2,1000014301,삼청로,1000019704,경복궁사거리,126.9793621536958312_37.5759001150550986,1000020600,대한출판문화협회,126.9794687888132074_37.5765544121067592,73.0,39.0,원활,126.9794687888132074_37.5765544121067592|126.9794674172659654_37.5764824989996455|126.9794172673057773_37.5761249117022231|126.9793621536958312_37.5759001150550986
2026-09-04T03:35:30.187978+09:00,북촌한옥마을,북촌한옥마을,POI066,KEY_2,1000014302,삼청로,1000020600,대한출판문화협회,126.9794687888132074_37.5765544121067592,1000022703,국군서울지구병원,126.9798562503477797_37.5800221917764006,388.0,22.0,서행,126.9798562503477797_37.5800221917764006|126.9796182985417516_37.5793264763807215|126.9795665449151443_37.5791397220131316|126.9795478931843604_37.5790381290051698|126.9795326834604623_37.5788730174103378|126.9794969047037227_37.5780275498626395|126.9794687888132074_37.5765544121067592
2026-09-04T03:35:30.187978+09:00,북촌한옥마을,북촌한옥마을,POI066,KEY_2,1000014303,삼청로,1000022704,국군서울지구병원,126.9798888896173850_37.5801238754593712,1000023003,갤러리스케이프,126.9801383570053588_37.5809954150793715,99.0,14.0,정체,126.9801383570053588_37.5809954150793715|126.9801143803817212_37.5808712068437671|126.9798888896173850_37.5801238754593712
2026-09-04T03:35:30.187978+09:00,북촌한옥마을,북촌한옥마을,POI066,KEY_2,1000014401,삼청로,1000021000,대한출판문화협회,126.9796046197648423_37.5765527706146756,1000019701,경복궁사거리,126.9795067975766756_37.5759255521593971,70.0,30.0,원활,126.9795067975766756_37.5759255521593971|126.9795516592807161_37.5761085342554608|126.9796031487506696_37.5764756650611034|126.9796046197648423_37.5765527706146756
2026-09-04T03:35:30.187978+09:00,북촌한옥마을,북촌한옥마을,POI066,KEY_2,1000014402,삼청로,1000022702,국군서울지구병원,126.9799873332334244_37.5799937943622950,1000021000,대한출판문화협회,126.9796046197648423_37.5765527706146756,385.0,24.0,서행,126.9796046197648423_37.5765527706146756|126.9796327193578946_37.5780249082326065|126.9796683669145381_37.5788672429607900|126.9796830227134734_37.5790263448128528|126.9797002616005130_37.5791202376619609|126.9797502489418548_37.5793006189381842|126.9799873332334244_37.5799937943622950
2026-09-04T03:35:30.187978+09:00,북촌한옥마을,북촌한옥마을,POI066,KEY_2,1000014403,삼청로,1000023002,갤러리스케이프,126.9802726364854522_37.5809789975197504,1000022701,국군서울지구병원,126.9800209872343402_37.5800986304131186,100.0,38.0,원활,126.9800209872343402_37.5800986304131186|126.9802478003755937_37.5808503388031028|126.9802726364854522_37.5809789975197504
2026-09-04T03:35:30.187978+09:00,북촌한옥마을,북촌한옥마을,POI066,KEY_2,1000014500,창덕궁1길,1000088900,계동 140-16,126.9878476682862356_37.5794101883603631,1000022004,북촌1경,126.9891917052853216_37.5793601104971486,119.0,17.0,서행,126.9891917052853216_37.5793601104971486|126.9885772532278594_37.5793912379346011|126.9881446134938585_37.5794131530335278|126.9878476682862356_37.5794101883603631
2026-09-04T03:35:30.187978+09:00,북촌한옥마을,북촌한옥마을,POI066,KEY_2,1000014600,창덕궁1길,1000234800,계동 140-86,126.9867245271659613_37.5792908407173911,1000021902,재동초등학교앞교차로,126.9851742297151702_37.5791048269106014,140.0,22.0,서행,126.9851742297151702_37.5791048269106014|126.9852469017435794_37.5790943935501645|126.9854890351706871_37.5791147085421500|126.9857411784709598_37.5791656111606329|126.9863425963181811_37.5792870227705578|126.9867245271659613_37.5792908407173911
2026-09-04T03:35:30.187978+09:00,북촌한옥마을,북촌한옥마을,POI066,KEY_2,1000014700,북촌로5길,1000088600,재동 25-7,126.9846956415277077_37.5792531158054075,1000004602,아트선재센타,126.9822633488435173_37.5794968175353787,217.0,19.0,서행,126.9822633488435173_37.5794968175353787|126.9823491181884378_37.5794770462139454|126.9831043086073379_37.5794265902338225|126.9836111998907597_37.5794024285617070|126.9843075237738219_37.5793274055110444|126.9845584348345966_37.5792764558543553|126.9846956415277077_37.5792531158054075
2026-09-04T03:35:30.187978+09:00,북촌한옥마을,북촌한옥마을,POI066,KEY_2,1000014800,북촌로5길,1000004601,아트선재센타,126.9823007060969786_37.5796007692993683,1000021904,재동초등학교앞교차로,126.9849412214244495_37.5793218207986328,236.0,19.0,서행,126.9849412214244495_37.5793218207986328|126.9849408583969392_37.5793219631089599|126.9847240373197081_37.5793588468995097|126.9845894370426578_37.5793817437555475|126.9843335147772478_37.5794337109354046|126.9836243912640441_37.5795101126857958|126.9831140519790864_37.5795344388027459|126.9823739414034378_37.5795838870825634|126.9823007060969786_37.5796007692993683
2026-09-04T03:35:30.187978+09:00,북촌한옥마을,북촌한옥마을,POI066,KEY_2,1000015700,북촌로5길,1000042100,소격동 129-2,126.9811402027582403_37.5799080374455983,1000004604,아트선재센타,126.9821635225137584_37.5796494081435881,95.0,22.0,서행,126.9821635225137584_37.5796494081435881|126.9819590979485184_37.5797316730103290|126.9817617178907625_37.5797894351325041|126.9816972383664222_37.5798027094324709|126.9814029918968004_37.5798632849907435|126.9811402027582403_37.5799080374455983
2026-09-04T03:35:30.187978+09:00,북촌한옥마을,북촌한옥마을,POI066,KEY_2,1000015800,북촌로5길,1000110800,소격동 101-1,126.9816632165415768_37.5796980355060555,1000022702,국군서울지구병원,126.9799873332334244_37.5799937943622950,152.0,25.0,원활,126.9799873332334244_37.5799937943622950|126.9811117769615265_37.5798023119298961|126.9813717539606586_37.5797580385712706|126.9816632165415768_37.5796980355060555
2026-09-04T03:35:30.187978+09:00,북촌한옥마을,북촌한옥마을,POI066,KEY_2,1000016301,삼청로,1000023001,갤러리스케이프,126.9802926936486500_37.5811058372642535,1000023403,브라질대사관,126.9810263784892186_37.5815445739605920,82.0,29.0,원활,126.9810263784892186_37.5815445739605920|126.9809131169670025_37.5814523264612390|126.9807572607189741_37.5813324212478079|126.9805732045222584_37.5812254848848113|126.9805004045640970_37.5811831880586382|126.9802926936486500_37.5811058372642535
2026-09-04T03:35:30.187978+09:00,북촌한옥마을,북촌한옥마을,POI066,KEY_2,1000016302,삼청로,1000210000,팔판동 92-4,126.9816300289541431_37.5823353085312490,1000005403,삼청동사무소입구,126.9817700007639871_37.5838068173945885,168.0,27.0,원활,126.9817700007639871_37.5838068173945885|126.9817176007183690_37.5835777740102657|126.9817156895871761_37.5834761236459656|126.9817950795399071_37.5827568972120289|126.9817985139781484_37.5826659271347765|126.9817904338247558_37.5825963322516401|126.9817677049394717_37.5825265071541281|126.9817256020838556_37.5824414018078912|126.9816300289541431_37.5823353085312490
2026-09-04T03:35:30.187978+09:00,북촌한옥마을,북촌한옥마을,POI066,KEY_2,1000016401,삼청로,1000154400,소격동 5-2,126.9806533091713163_37.5811381602125181,1000023002,갤러리스케이프,126.9802726364854522_37.5809789975197504,38.0,21.0,서행,126.9802726364854522_37.5809789975197504|126.9805698902694644_37.5810896934890764|126.9806533091713163_37.5811381602125181
2026-09-04T03:35:30.187978+09:00,북촌한옥마을,북촌한옥마을,POI066,KEY_2,1000016402,삼청로,1000005402,삼청동사무소입구,126.9819036626585955_37.5837874507546630,1000023401,브라질대사관,126.9812038502894040_37.5815562759534103,266.0,28.0,원활,126.9812038502894040_37.5815562759534103|126.9814373883853733_37.5819115014553873|126.9815284353070695_37.5820369682808817|126.9817404422459219_37.5822723126744407|126.9818458380324842_37.5823893095989874|126.9818971476022540_37.5824930218311124|126.9819247050023563_37.5825776797982982|126.9819345601843281_37.5826625639023604|126.9819307590106661_37.5827632565478780|126.9818516381346711_37.5834800567387148|126.9818532755907228_37.5835672100760263|126.9819036626585955_37.5837874507546630
2026-09-04T03:35:30.187978+09:00,북촌한옥마을,북촌한옥마을,POI066,KEY_2,1000016500,청와대로,1000023004,갤러리스케이프,126.9801577660451670_37.5811184473203284,1000024202,퐁데자르갤러리,126.9792888757798295_37.5833973114764888,283.0,14.0,정체,126.9792888757798295_37.5833973114764888|126.9794326695444795_37.5833409548265038|126.9795985399564842_37.5832476848462562|126.9797349654737388_37.5831482053396115|126.9798535787143550_37.5830268942675616|126.9799783199628109_37.5828376834460514|126.9800830519028665_37.5826410034803118|126.9801523342807030_37.5824206537665262|126.9801756947906881_37.5821819448641676|126.9801669773254389_37.5812814489405298|126.9801611478268342_37.5811413659670990|126.9801577660451670_37.5811184473203284
2026-09-04T03:35:30.187978+09:00,북촌한옥마을,북촌한옥마을,POI066,KEY_2,1000016600,청와대로,1000024201,퐁데자르갤러리,126.9793488993760917_37.5834943060582702,1000023001,갤러리스케이프,126.9802926936486500_37.5811058372642535,298.0,36.3,원활,126.9802926936486500_37.5811058372642535|126.9802967397338023_37.5811332572089398|126.9803028147339035_37.5812792426264579|126.9803115922597812_37.5821857328606441|126.9802868960512399_37.5824380961232620|126.9802122748901070_37.5826754278464534|126.9801012249592418_37.5828839711424081|126.9799682487228267_37.5830856738696752|126.9798351717180509_37.5832217786991762|126.9796839720406183_37.5833320316592037|126.9795023111846888_37.5834341801086822|126.9793488993760917_37.5834943060582702
2026-09-04T03:35:30.187978+09:00,북촌한옥마을,북촌한옥마을,POI066,KEY_2,1000017300,청와대로,1000024203,퐁데자르갤러리,126.9791795136897292_37.5834335611764701,1000005202,효자동삼거리,126.9737472613430214_37.5835385999729326,486.0,33.0,원활,126.9737472613430214_37.5835385999729326|126.9739495073895483_37.5835089975692114|126.9741309391237110_37.5835057794776830|126.9743076583270351_37.5835171156289292|126.9752337920588730_37.5836985645955508|126.9754323254462349_37.5837264891222063|126.9757360888294073_37.5837476748394224|126.9763499836077330_37.5837643209452068|126.9766286175151322_37.5837433697827379|126.9789929139192566_37.5834750307908365|126.9791275283093626_37.5834477041164519|126.9791795136897292_37.5834335611764701
2026-09-04T03:35:30.187978+09:00,북촌한옥마을,북촌한옥마을,POI066,KEY_2,1000017400,청와대로,1000005201,효자동삼거리,126.9737718367323538_37.5836449359611962,1000024204,퐁데자르갤러리,126.9792234607305943_37.5835358668880062,488.0,35.5,원활,126.9792234607305943_37.5835358668880062|126.9791663527855263_37.5835514035953580|126.9790193732068246_37.5835812400857776|126.9766446063162135_37.5838507686442966|126.9763540772180477_37.5838726139501844|126.9757278388116646_37.5838556337628376|126.9754145390009228_37.5838337820068062|126.9752057008707880_37.5838044082914848|126.9742858206583094_37.5836241849198771|126.9741269844044211_37.5836139960176467|126.9739633976216311_37.5836168972867881|126.9737718367323538_37.5836449359611962
2026-09-04T03:35:30.187978+09:00,북촌한옥마을,북촌한옥마을,POI066,KEY_2,1000017600,삼청로7길,1000168300,삼청동 150-1,126.9807888773657254_37.5839280973940575,1000005404,삼청동사무소입구,126.9818004132621212_37.5839157131028259,89.0,16.0,서행,126.9818004132621212_37.5839157131028259|126.9815008960389804_37.5839085489495019|126.9807888773657254_37.5839280973940575
2026-09-04T03:35:30.187978+09:00,북촌한옥마을,북촌한옥마을,POI066,KEY_2,1000018301,북촌로,1000101500,가회동 1-168,126.9850236706118665_37.5827874950713436,1000024103,대한불교조계종안국선,126.9850355329563598_37.5832623916933670,53.0,13.0,정체,126.9850355329563598_37.5832623916933670|126.9850236706118665_37.5827874950713436
2026-09-04T03:35:30.187978+09:00,북촌한옥마을,북촌한옥마을,POI066,KEY_2,1000018302,북촌로,1000239600,가회동 1-250,126.9850538870515777_37.5840703753649237,1000025802,베트남대사관관저,126.9852744170840566_37.5863360502147970,264.0,18.0,서행,126.9852744170840566_37.5863360502147970|126.9854225406475905_37.5862215467540466|126.9854612721195082_37.5861804635502068|126.9854692166722714_37.5861615070491197|126.9854835391995778_37.5861273320341027|126.9854883320269181_37.5860386460853348|126.9854767822601076_37.5859465875107048|126.9854501121792936_37.5858656209973319|126.9851025691619526_37.5850827975937278|126.9850792320325041_37.5849836619781286|126.9850735481085025_37.5849004986931448|126.9850538870515777_37.5840703753649237
2026-09-04T03:35:30.187978+09:00,북촌한옥마을,북촌한옥마을,POI066,KEY_2,1000018303,북촌로,1000134600,삼청동 27-1,126.9830345595555485_37.5873874210896801,1000005802,삼청공원입구교차로,126.9817629372389973_37.5869393565507082,123.0,19.0,서행,126.9817629372389973_37.5869393565507082|126.9818503285177655_37.5869529767061579|126.9824132446797762_37.5871443261108524|126.9824860389382621_37.5871690704477928|126.9830345595555485_37.5873874210896801
2026-09-04T03:35:30.187978+09:00,북촌한옥마을,북촌한옥마을,POI066,KEY_2,1000018401,북촌로,1000109700,가회동 1-168,126.9850883294862882_37.5801433623240229,1000021901,재동초등학교앞교차로,126.9850860098677572_37.5792604403861148,98.0,12.0,정체,126.9850860098677572_37.5792604403861148|126.9850636853442580_37.5794280545368409|126.9850708428209742_37.5796350854461281|126.9850879859902477_37.5801309490906519|126.9850883294862882_37.5801433623240229
2026-09-04T03:35:30.187978+09:00,북촌한옥마을,북촌한옥마을,POI066,KEY_2,1000018402,북촌로,1000161100,계동 1-30,126.9855981013200932_37.5861957133021960,1000024101,대한불교조계종안국선,126.9851737974609733_37.5833683543644028,320.0,25.0,원활,126.9851737974609733_37.5833683543644028|126.9851772814684807_37.5835430555352872|126.9851897231882134_37.5840683377949034|126.9852093402149507_37.5848965424064545|126.9852144101615039_37.5849707163997167|126.9852341727705749_37.5850546680059026|126.9855801009655494_37.5858338499159856|126.9856109125878874_37.5859273911633238|126.9856244871780433_37.5860355822506662|126.9856184571485755_37.5861471406611187|126.9855981013200932_37.5861957133021960
2026-09-04T03:35:30.187978+09:00,북촌한옥마을,북촌한옥마을,POI066,KEY_2,1000018403,북촌로,1000045600,삼청동 25-25,126.9842930162338774_37.5868744097116547,1000025804,베트남대사관관저,126.9852588547533827_37.5864775547501324,97.0,17.0,서행,126.9852588547533827_37.5864775547501324|126.9843974414412884_37.5868629172304054|126.9842930162338774_37.5868744097116547
2026-09-04T03:35:30.187978+09:00,북촌한옥마을,북촌한옥마을,POI066,KEY_2,1000018700,삼청로,1000158100,삼청동 120-5,126.9816271173177711_37.5864194371847447,1000005803,삼청공원입구교차로,126.9816270732179078_37.5869388418446206,58.0,32.5,원활,126.9816270732179078_37.5869388418446206|126.9816286782915142_37.5866705766686380|126.9816271173177711_37.5864194371847447
2026-09-04T03:35:30.187978+09:00,북촌한옥마을,북촌한옥마을,POI066,KEY_2,1000018800,삼청로,1000005802,삼청공원입구교차로,126.9817629372389973_37.5869393565507082,1000005401,삼청동사무소입구,126.9819308867779455_37.5838855711679614,348.0,31.0,원활,126.9819308867779455_37.5838855711679614|126.9821032911359282_37.5843581996051483|126.9821729182241796_37.5845113952027390|126.9821895399777247_37.5845908572014835|126.9821835477451515_37.5846748234545416|126.9821529910542779_37.5848519477845642|126.9821273693467703_37.5852755277952255|126.9819245194376265_37.5857127755461562|126.9818086437971232_37.5859625457474067|126.9817611243974085_37.5861204257165156|126.9817629803821291_37.5864189022851320|126.9817645452935722_37.5866705671027574|126.9817629372389973_37.5869393565507082
2026-09-04T03:35:30.187978+09:00,북촌한옥마을,북촌한옥마을,POI066,KEY_2,1000020201,삼청로,1000258100,최소노드배치점,126.9826565286748661_37.5890646971555782,1000005801,삼청공원입구교차로,126.9817557087605167_37.5870484034326111,255.0,29.0,원활,126.9817557087605167_37.5870484034326111|126.9817486263342943_37.5871116673024233|126.9817780622410908_37.5873043071317454|126.9817822119406543_37.5873314642714718|126.9817861708161217_37.5874217371478281|126.9817381732127757_37.5876087102233924|126.9817315742594985_37.5876344161523406|126.9817121707744008_37.5879099808601893|126.9817190400840161_37.5881040043848458|126.9817304105136913_37.5881432497804369|126.9819098649019509_37.5883314502219932|126.9820182409422387_37.5884451075822241|126.9824555696576454_37.5887717597721505|126.9825600561912040_37.5888872870032174|126.9826486782866226_37.5890360674416470|126.9826565286748661_37.5890646971555782
2026-09-04T03:35:30.187978+09:00,북촌한옥마을,북촌한옥마을,POI066,KEY_2,1000031700,인사동길,1000200000,관훈동 177-1,126.9846248795644641_37.5741354335962896,1000017903,안국동로터리,126.9830393503038977_37.5755166265144283,209.0,19.0,서행,126.9830393503038977_37.5755166265144283|126.9832578502403493_37.5753718765763765|126.9833833057397072_37.5752802649537472|126.9833874257963799_37.5752759258947009|126.9838138538233210_37.5748268274858290|126.9839983126868219_37.5746325599944413|126.9840028137515446_37.5746278195686330|126.9841931260739045_37.5744516475788828|126.9843256891268339_37.5743491032214507|126.9843944674535408_37.5742999847176264|126.9846248795644641_37.5741354335962896
2026-09-04T03:35:30.187978+09:00,북촌한옥마을,북촌한옥마을,POI066,KEY_2,1000032800,율곡로2길,1000003001,서울지방국세청,126.9793545831470993_37.5744165416395930,1000019203,주한멕시코대사관,126.9811804454430160_37.5757381628755169,219.0,11.0,정체,126.9811804454430160_37.5757381628755169|126.9810303591040253_37.5755969856150003|126.9807533749140589_37.5754004466844975|126.9799767752529789_37.5748493879335896|126.9794405580789487_37.5744488693975143|126.9793869466254961_37.5744244737253723|126.9793545831470993_37.5744165416395930
2026-09-04T03:35:30.187978+09:00,북촌한옥마을,북촌한옥마을,POI066,KEY_2,1000033900,우정국로,1000017300,안국동사거리,126.9828039229332575_37.5749851341707171,1000018100,안국동사거리,126.9820370732549009_37.5756052331219763,102.0,30.0,원활,126.9820370732549009_37.5756052331219763|126.9822935365986751_37.5755095925525495|126.9827428871539610_37.5751967734075052|126.9827905797247212_37.5750539177611387|126.9828039229332575_37.5749851341707171
2026-09-04T03:35:30.187978+09:00,북촌한옥마을,북촌한옥마을,POI066,KEY_2,1000034900,율곡로,1000019401,경복궁,126.9801381644492011_37.5758813627365100,1000018200,경복궁,126.9792457576218681_37.5753789068622197,101.0,19.0,서행,126.9792457576218681_37.5753789068622197|126.9793355830232144_37.5754952608411301|126.9794316395642397_37.5755988334256017|126.9795071017629624_37.5756589212616419|126.9796274882100420_37.5757347490756146|126.9797877149027556_37.5758145479697703|126.9801381644492011_37.5758813627365100
2026-09-04T03:35:30.187978+09:00,북촌한옥마을,북촌한옥마을,POI066,KEY_2,1000035200,사직로,1000020200,경복궁,126.9786283706113750_37.5757946408291801,1000020600,대한출판문화협회,126.9794687888132074_37.5765544121067592,118.0,15.0,서행,126.9794687888132074_37.5765544121067592|126.9794368084534142_37.5764098329770562|126.9791960602808700_37.5761637733622180|126.9789750836954596_37.5759177176703147|126.9788694300669647_37.5758537146814078|126.9786283706113750_37.5757946408291801
2026-09-04T03:35:30.187978+09:00,북촌한옥마을,북촌한옥마을,POI066,KEY_2,1000035300,삼청로,1000021000,대한출판문화협회,126.9796046197648423_37.5765527706146756,1000020300,경복궁,126.9801205068413168_37.5759892604625989,93.0,16.0,서행,126.9801205068413168_37.5759892604625989|126.9797298312382878_37.5760780464987292|126.9796597331679635_37.5761137931100748|126.9796040049640879_37.5761795786155588|126.9796046197648423_37.5765527706146756
2026-09-04T03:35:30.187978+09:00,북촌한옥마을,북촌한옥마을,POI066,KEY_2,1000038000,북촌로5가길,1000023401,브라질대사관,126.9812038502894040_37.5815562759534103,1000004601,아트선재센타,126.9823007060969786_37.5796007692993683,250.0,7.0,정체,126.9823007060969786_37.5796007692993683|126.9822972536010894_37.5796292911074730|126.9823917024047972_37.5799273089699213|126.9823779765214056_37.5799764228013515|126.9821552192083942_37.5802224687814075|126.9819546456237020_37.5805311963954978|126.9817179917203873_37.5808954559517758|126.9816141551167590_37.5811617086964844|126.9815165107633987_37.5813307541008967|126.9814068792123862_37.5814306552793056|126.9812038502894040_37.5815562759534103
2026-09-04T03:35:30.187978+09:00,북촌한옥마을,북촌한옥마을,POI066,KEY_2,1000039100,창덕궁길,1000145700,가회동 11-149,126.9864376946197240_37.5830959611666202,1000024102,대한불교조계종안국선,126.9851713647794469_37.5832602427580653,114.0,13.0,정체,126.9851713647794469_37.5832602427580653|126.9854761281609683_37.5832527016222571|126.9857016172705642_37.5831925220697443|126.9860258673503353_37.5831672393821279|126.9864376946197240_37.5830959611666202
2026-09-04T03:35:30.187978+09:00,북촌한옥마을,북촌한옥마을,POI066,KEY_2,1000039200,창덕궁길,1000134400,원서동 2-2,126.9892407733604642_37.5829070876196951,1000022001,북촌1경,126.9893249216224547_37.5793389188440585,401.0,16.0,서행,126.9893249216224547_37.5793389188440585|126.9893432024728526_37.5794117077019152|126.9893374585478654_37.5795962855689609|126.9893189924063250_37.5801896786208189|126.9893532350689895_37.5809623190334960|126.9893738580933729_37.5812665958495344|126.9893978694693288_37.5816208620396139|126.9894570663397531_37.5819414687995632|126.9895023987834435_37.5821303841621628|126.9895105285284274_37.5822120284156327|126.9895040052748669_37.5823078791324363|126.9894734073156428_37.5824257182516135|126.9893881157924085_37.5826046082802492|126.9892904879125695_37.5827681919472880|126.9892407733604642_37.5829070876196951
2026-09-04T03:35:30.187978+09:00,북촌한옥마을,북촌한옥마을,POI066,KEY_2,1000040700,와룡공원길,1000253800,최소노드배치점,126.9879881469794896_37.5883603016045313,1000025801,베트남대사관관저,126.9853690834960531_37.5864136030075144,467.0,36.0,원활,126.9853690834960531_37.5864136030075144|126.9855026525219017_37.5865908087390252|126.9859522355681491_37.5872277127589811|126.9860686694551930_37.5875235765388354|126.9860870308064307_37.5876322375257814|126.9860653624489117_37.5879779828046452|126.9860758863282655_37.5880517816519557|126.9861332312026292_37.5881869210807054|126.9863613163946638_37.5886900646209909|126.9864770212350606_37.5888628765896513|126.9865535356519501_37.5889386984454390|126.9866484545570557_37.5889842543916757|126.9866865161106091_37.5889835018571148|126.9867575122499943_37.5889574360212890|126.9868568724144637_37.5888844721387372|126.9869692787548416_37.5886969862523941|126.9870663574523775_37.5886339824111033|126.9871830885473685_37.5886283080789241|126.9873689381485065_37.5886490608527382|126.9874389693339509_37.5886348840000935|126.9875587466999463_37.5885508782276005|126.9877150208619838_37.5883939939446208|126.9878346435790348_37.5883445823847993|126.9879479296750588_37.5883404016875460|126.9879881469794896_37.5883603016045313
2026-09-04T03:35:30.187978+09:00,서촌,서촌,POI067,KEY_3,1000017101,효자로,1000179100,궁정동 15,126.9716215222717182_37.5837476489689593,1000024402,신교동교차로,126.9704348699706884_37.5838048349006826,105.0,16.0,서행,126.9704348699706884_37.5838048349006826|126.9716215222717182_37.5837476489689593
2026-09-04T03:35:30.187978+09:00,서촌,서촌,POI067,KEY_3,1000011700,사직로,1000019303,정부서울청사사거리,126.9742603998069796_37.5757097304571062,1000019802,경복궁역사거리,126.9727094012703503_37.5758424186585529,138.0,30.5,원활,126.9727094012703503_37.5758424186585529|126.9729390930378230_37.5758227698022793|126.9733793101036952_37.5757851103966303|126.9742603998069796_37.5757097304571062
2026-09-04T03:35:30.187978+09:00,서촌,서촌,POI067,KEY_3,1000011800,사직로,1000242400,적선동 8-1,126.9733938280741512_37.5758926104395314,1000019304,정부서울청사사거리,126.9742589191568953_37.5758185992423250,77.0,18.0,서행,126.9742589191568953_37.5758185992423250|126.9733938280741512_37.5758926104395314
2026-09-04T03:35:30.187978+09:00,서촌,서촌,POI067,KEY_3,1000012501,사직로,1000020100,사직공원앞,126.9689331702207369_37.5757871464128712,1000020500,국제로타리3650지구,126.9699690365431621_37.5761370516852082,102.0,23.0,서행,126.9699690365431621_37.5761370516852082|126.9697496373347576_37.5761106821251332|126.9695368224083012_37.5760811684848406|126.9693318547466276_37.5760246401807407|126.9691683291127902_37.5759547479891722|126.9690171874282498_37.5758597156690257|126.9689331702207369_37.5757871464128712
2026-09-04T03:35:30.187978+09:00,서촌,서촌,POI067,KEY_3,1000012502,사직로,1000224600,내자동 35,126.9704050096786716_37.5761139325286422,1000019804,경복궁역사거리,126.9725583211622109_37.5759627912727225,191.0,48.5,원활,126.9725583211622109_37.5759627912727225|126.9704050096786716_37.5761139325286422
2026-09-04T03:35:30.187978+09:00,서촌,서촌,POI067,KEY_3,1000012602,사직로,1000224700,필운동 207-1,126.9703930773551974_37.5760062306696909,1000017801,사직공원앞교차로,126.9688995501142443_37.5755985551712186,147.0,19.0,서행,126.9688995501142443_37.5755985551712186|126.9690330692439915_37.5757138803615405|126.9691098168270997_37.5757801695158165|126.9692431458560407_37.5758640022225663|126.9693865754453270_37.5759253044264554|126.9695709408504030_37.5759761519635802|126.9697714418005745_37.5760039577088207|126.9699893215724700_37.5760301448416101|126.9702616329099527_37.5760154554650541|126.9703930773551974_37.5760062306696909
2026-09-04T03:35:30.187978+09:00,서촌,서촌,POI067,KEY_3,1000013100,사직로9길,1000172800,필운동 32-11,126.9676297869552286_37.5773403479924113,1000020804,사직공원,126.9690520892445704_37.5763687926038799,173.0,20.0,서행,126.9690520892445704_37.5763687926038799|126.9685560332300014_37.5765553062680198|126.9685048115022425_37.5765745651147824|126.9682524535478905_37.5766800895520205|126.9680839636594669_37.5767608552037373|126.9679796347772225_37.5768316045617183|126.9678939615713773_37.5769192101987102|126.9678540001803810_37.5769712588458873|126.9676631837378835_37.5772197909861916|126.9676406476160224_37.5772593636872401|126.9676297869552286_37.5773403479924113
2026-09-04T03:35:30.187978+09:00,서촌,서촌,POI067,KEY_3,1000013200,사직로9길,1000172900,필운동 32-11,126.9674947067161952_37.5773288730763042,1000021702,매동초등학교,126.9665695812889794_37.5780507264933661,147.0,8.0,정체,126.9665695812889794_37.5780507264933661|126.9669007139286805_37.5779062931324006|126.9675646417328352_37.5778158734480030|126.9675272780639261_37.5776768649993116|126.9674879332635697_37.5773793801130367|126.9674947067161952_37.5773288730763042
2026-09-04T03:35:30.187978+09:00,서촌,서촌,POI067,KEY_3,1000015101,효자로,1000219200,통의동 7-2,126.9738823732247113_37.5782737331220034,1000022103,한글전각갤러리,126.9737664393316123_37.5793405707998147,119.0,13.0,정체,126.9737664393316123_37.5793405707998147|126.9738823732247113_37.5782737331220034
2026-09-04T03:35:30.187978+09:00,서촌,서촌,POI067,KEY_3,1000015102,효자로,1000041400,창성동 16,126.9736432808576581_37.5805908651879150,1000023603,창성동 75-1,126.9736167411290211_37.5817495935669825,129.0,15.0,서행,126.9736167411290211_37.5817495935669825|126.9736341888375790_37.5807097019062013|126.9736432808576581_37.5805908651879150
2026-09-04T03:35:30.187978+09:00,서촌,서촌,POI067,KEY_3,1000015103,효자로,1000023604,세종로 1-82,126.9736148980526167_37.5818577441157089,1000005203,효자동삼거리,126.9736127255228695_37.5835625507457465,189.0,15.0,서행,126.9736127255228695_37.5835625507457465|126.9735913171579114_37.5832181223740136|126.9736148980526167_37.5818577441157089
2026-09-04T03:35:30.187978+09:00,서촌,서촌,POI067,KEY_3,1000015201,효자로,1000022102,한글전각갤러리,126.9739017858953645_37.5793498869892204,1000019301,정부서울청사사거리,126.9743957935852450_37.5758074664167268,396.0,26.0,원활,126.9743957935852450_37.5758074664167268|126.9743764184428017_37.5760755345660726|126.9743092662572082_37.5764778948295017|126.9741719066146146_37.5773009081164844|126.9741268698984413_37.5775378120208856|126.9740611119599407_37.5778837117652031|126.9740177174622744_37.5782830491677231|126.9739017858953645_37.5793498869892204
2026-09-04T03:35:30.187978+09:00,서촌,서촌,POI067,KEY_3,1000015202,효자로,1000023602,세종로 1-39,126.9737525850962072_37.5817510371078143,1000022101,한글전각갤러리,126.9738905991571443_37.5794569415239579,255.0,30.0,원활,126.9738905991571443_37.5794569415239579|126.9738519824120146_37.5798414672260890|126.9737879055856666_37.5804795024973970|126.9737788834196408_37.5805974360917929|126.9737699881223705_37.5807137109477551|126.9737525850962072_37.5817510371078143
2026-09-04T03:35:30.187978+09:00,서촌,서촌,POI067,KEY_3,1000015203,효자로,1000005202,효자동삼거리,126.9737472613430214_37.5835385999729326,1000023601,세종로 1-39,126.9737507411007016_37.5818592353335603,186.0,26.0,원활,126.9737507411007016_37.5818592353335603|126.9737272227124265_37.5832161948422154|126.9737472613430214_37.5835385999729326
2026-09-04T03:35:30.187978+09:00,서촌,서촌,POI067,KEY_3,1000015301,자하문로,1000076000,통의동 73-1,126.9718349935423021_37.5780828518930079,1000022503,리안갤러리,126.9713323775752372_37.5794446079368853,158.0,30.5,원활,126.9713323775752372_37.5794446079368853|126.9713955110976968_37.5791270137985762|126.9714746554084002_37.5788753862231246|126.9715598075865159_37.5786553696062313|126.9715915417818906_37.5785893478648205|126.9718349935423021_37.5780828518930079
2026-09-04T03:35:30.187978+09:00,서촌,서촌,POI067,KEY_3,1000015302,자하문로,1000053200,창성동 163,126.9710140964178322_37.5808424098074312,1000023203,효자동사무소앞교차로,126.9708450370815314_37.5814524532384127,69.0,32.0,원활,126.9708450370815314_37.5814524532384127|126.9710140964178322_37.5808424098074312
2026-09-04T03:35:30.187978+09:00,서촌,서촌,POI067,KEY_3,1000015303,자하문로,1000204500,효자동 4-2,126.9702899471897268_37.5833214295289793,1000024403,신교동교차로,126.9702998364025035_37.5837863498341065,52.0,31.0,원활,126.9702998364025035_37.5837863498341065|126.9703050502139376_37.5836834288735204|126.9702899471897268_37.5833214295289793
2026-09-04T03:35:30.187978+09:00,서촌,서촌,POI067,KEY_3,1000015401,자하문로,1000140900,통의동 139,126.9725715057905830_37.5765777524989346,1000019801,경복궁역사거리,126.9726968257656665_37.5759522364072183,70.0,29.0,원활,126.9726968257656665_37.5759522364072183|126.9726385507227491_37.5763288934255186|126.9725895796281208_37.5765259070172135|126.9725715057905830_37.5765777524989346
2026-09-04T03:35:30.187978+09:00,서촌,서촌,POI067,KEY_3,1000015402,자하문로,1000172000,창성동 163,126.9714182708217436_37.5796955468538201,1000022501,리안갤러리,126.9714473753110866_37.5795557790706951,16.0,19.0,서행,126.9714473753110866_37.5795557790706951|126.9714182708217436_37.5796955468538201
2026-09-04T03:35:30.187978+09:00,서촌,서촌,POI067,KEY_3,1000015403,자하문로,1000024402,신교동교차로,126.9704348699706884_37.5838048349006826,1000023201,효자동사무소앞교차로,126.9709509591519208_37.5815723472420373,254.0,12.0,정체,126.9709509591519208_37.5815723472420373|126.9707841597674474_37.5821754431325132|126.9706783778710388_37.5824973418818544|126.9706403038144913_37.5825914055628658|126.9704838660099995_37.5829778896126427|126.9704374478816078_37.5831438761179228|126.9704356331519790_37.5831585594092914|126.9704232618846902_37.5832586573173870|126.9704257312769897_37.5833178415591007|126.9704410010707107_37.5836838125807873|126.9704348699706884_37.5838048349006826
2026-09-04T03:35:30.187978+09:00,서촌,서촌,POI067,KEY_3,1000017102,효자로,1000005203,효자동삼거리,126.9736127255228695_37.5835625507457465,1000024302,효자동 136-1,126.9727651070645038_37.5836899468878016,76.0,18.0,서행,126.9727651070645038_37.5836899468878016|126.9730868519890805_37.5836617458525453|126.9732850493551410_37.5836358134354498|126.9736127255228695_37.5835625507457465
2026-09-04T03:35:30.187978+09:00,서촌,서촌,POI067,KEY_3,1000017201,효자로,1000024401,신교동교차로,126.9704231472952358_37.5839137166392874,1000024304,효자동 136-1,126.9726445962887738_37.5838066534172555,197.0,24.0,서행,126.9726445962887738_37.5838066534172555|126.9725182675997104_37.5838127429855859|126.9716297350931740_37.5838555701006740|126.9704231472952358_37.5839137166392874
2026-09-04T03:35:30.187978+09:00,서촌,서촌,POI067,KEY_3,1000017202,효자로,1000024301,효자동 136-1,126.9727799801869850_37.5837974155542724,1000005204,효자동삼거리,126.9736494719598028_37.5836666397267720,78.0,16.0,서행,126.9736494719598028_37.5836666397267720|126.9733145338289120_37.5837415255394376|126.9731053220007908_37.5837688997887582|126.9727799801869850_37.5837974155542724
2026-09-04T03:35:30.187978+09:00,서촌,서촌,POI067,KEY_3,1000017300,청와대로,1000024203,퐁데자르갤러리,126.9791795136897292_37.5834335611764701,1000005202,효자동삼거리,126.9737472613430214_37.5835385999729326,486.0,33.0,원활,126.9737472613430214_37.5835385999729326|126.9739495073895483_37.5835089975692114|126.9741309391237110_37.5835057794776830|126.9743076583270351_37.5835171156289292|126.9752337920588730_37.5836985645955508|126.9754323254462349_37.5837264891222063|126.9757360888294073_37.5837476748394224|126.9763499836077330_37.5837643209452068|126.9766286175151322_37.5837433697827379|126.9789929139192566_37.5834750307908365|126.9791275283093626_37.5834477041164519|126.9791795136897292_37.5834335611764701
2026-09-04T03:35:30.187978+09:00,서촌,서촌,POI067,KEY_3,1000017400,청와대로,1000005201,효자동삼거리,126.9737718367323538_37.5836449359611962,1000024204,퐁데자르갤러리,126.9792234607305943_37.5835358668880062,488.0,35.5,원활,126.9792234607305943_37.5835358668880062|126.9791663527855263_37.5835514035953580|126.9790193732068246_37.5835812400857776|126.9766446063162135_37.5838507686442966|126.9763540772180477_37.5838726139501844|126.9757278388116646_37.5838556337628376|126.9754145390009228_37.5838337820068062|126.9752057008707880_37.5838044082914848|126.9742858206583094_37.5836241849198771|126.9741269844044211_37.5836139960176467|126.9739633976216311_37.5836168972867881|126.9737718367323538_37.5836449359611962
2026-09-04T03:35:30.187978+09:00,서촌,서촌,POI067,KEY_3,1000017902,자하문로,1000024404,신교동교차로,126.9702887008230903_37.5838981643713623,1000005503,청운초등학교앞교차로,126.9701124524852531_37.5850192577998712,125.0,13.0,정체,126.9701124524852531_37.5850192577998712|126.9702068507207429_37.5843551986274846|126.9702248195549572_37.5842438489710702|126.9702887008230903_37.5838981643713623
2026-09-04T03:35:30.187978+09:00,서촌,서촌,POI067,KEY_3,1000018001,자하문로,1000024502,청운효자동주민센터,126.9703592344808527_37.5842595801432040,1000024401,신교동교차로,126.9704231472952358_37.5839137166392874,39.0,31.0,원활,126.9704231472952358_37.5839137166392874|126.9703592344808527_37.5842595801432040
2026-09-04T03:35:30.187978+09:00,서촌,서촌,POI067,KEY_3,1000018101,창의문로,1000024602,로마교황청대사관,126.9728457675683160_37.5845703909657871,1000024301,효자동 136-1,126.9727799801869850_37.5837974155542724,86.0,17.0,서행,126.9727799801869850_37.5837974155542724|126.9728572081485680_37.5843908508877078|126.9728457675683160_37.5845703909657871
2026-09-04T03:35:30.187978+09:00,서촌,서촌,POI067,KEY_3,1000018201,창의문로,1000024304,효자동 136-1,126.9726445962887738_37.5838066534172555,1000024603,로마교황청대사관,126.9727100809917175_37.5845649151704748,85.0,27.0,원활,126.9727100809917175_37.5845649151704748|126.9727209921497462_37.5843936990613798|126.9726445962887738_37.5838066534172555
2026-09-04T03:35:30.187978+09:00,서촌,서촌,POI067,KEY_3,1000034400,새문안로3길,1000018004,서울특별시경찰청,126.9726181216856418_37.5753302820372284,1000019803,경복궁역사거리,126.9725722748504069_37.5758532725264089,58.0,25.0,원활,126.9725722748504069_37.5758532725264089|126.9726181216856418_37.5753302820372284
2026-09-04T03:35:30.187978+09:00,서촌,서촌,POI067,KEY_3,1000034500,새문안로3길,1000019802,경복궁역사거리,126.9727094012703503_37.5758424186585529,1000018001,서울특별시경찰청,126.9727536370288590_37.5753378072978137,56.0,29.5,원활,126.9727536370288590_37.5753378072978137|126.9727094012703503_37.5758424186585529
2026-09-04T03:35:30.187978+09:00,서촌,서촌,POI067,KEY_3,1000035400,사직로,1000020100,사직공원앞,126.9689331702207369_37.5757871464128712,1000020803,사직공원,126.9690172718299976_37.5762610183806203,55.0,16.0,서행,126.9690172718299976_37.5762610183806203|126.9690176590465711_37.5762534996242081|126.9690431103298778_37.5760029129733368|126.9690094967434533_37.5758696498175411|126.9689331702207369_37.5757871464128712
2026-09-04T03:35:30.187978+09:00,서촌,서촌,POI067,KEY_3,1000035500,사직로,1000020801,사직공원,126.9691784887291703_37.5763212667803046,1000020500,국제로타리3650지구,126.9699690365431621_37.5761370516852082,78.0,25.0,원활,126.9699690365431621_37.5761370516852082|126.9697686833340384_37.5761518351769652|126.9695718138024176_37.5761510649457975|126.9693875998096928_37.5761855767635140|126.9692863070662412_37.5761999828963127|126.9692525167726984_37.5762788253313573|126.9691826010248263_37.5763148742371911|126.9691784887291703_37.5763212667803046
2026-09-04T03:35:30.187978+09:00,서촌,서촌,POI067,KEY_3,1000035900,필운대로,1000224400,필운동 90-7,126.9695040668394768_37.5777922111372149,1000020801,사직공원,126.9691784887291703_37.5763212667803046,166.0,23.0,서행,126.9691784887291703_37.5763212667803046|126.9691969462868855_37.5763828936023430|126.9693405611889006_37.5771403942365367|126.9694408943809663_37.5774874192730906|126.9695029274274418_37.5777725792624508|126.9695040668394768_37.5777922111372149
2026-09-04T03:35:30.187978+09:00,서촌,서촌,POI067,KEY_3,1000036000,필운대로,1000020804,사직공원,126.9690520892445704_37.5763687926038799,1000022203,남전빌라,126.9687138280531968_37.5793704536666908,349.0,24.0,서행,126.9687138280531968_37.5793704536666908|126.9687546239317584_37.5790779267177939|126.9687829273219251_37.5789505291486492|126.9688385080072521_37.5788210169326575|126.9689658751803734_37.5786287179888490|126.9692731652074116_37.5782171287653526|126.9693442324946773_37.5781067907773121|126.9693468981465116_37.5780984483779292|126.9693693129710539_37.5780282990733383|126.9693744364591055_37.5779018476733455|126.9693683636006085_37.5777971997568017|126.9693676174400707_37.5777843418463888|126.9693076730202250_37.5775087806212724|126.9692070091942071_37.5771606129258373|126.9690637051114095_37.5764047484192787|126.9690520892445704_37.5763687926038799
2026-09-04T03:35:30.187978+09:00,서촌,서촌,POI067,KEY_3,1000036700,자하문로9길,1000022303,동아일보(안국센터),126.9695424142532403_37.5793993909012940,1000022202,남전빌라,126.9688488504917387_37.5793823807096530,61.0,36.0,원활,126.9688488504917387_37.5793823807096530|126.9695424142532403_37.5793993909012940
2026-09-04T03:35:30.187978+09:00,서촌,서촌,POI067,KEY_3,1000036800,자하문로9길,1000022201,남전빌라,126.9688328252975538_37.5794901579994871,1000022304,동아일보(안국센터),126.9695382302678865_37.5795074586415865,62.0,12.0,정체,126.9695382302678865_37.5795074586415865|126.9688328252975538_37.5794901579994871
2026-09-04T03:35:30.187978+09:00,서촌,서촌,POI067,KEY_3,1000036900,자하문로10길,1000142800,통의동 111,126.9720203025743501_37.5794190653061619,1000022502,리안갤러리,126.9714692086950407_37.5794481827133779,49.0,12.0,정체,126.9714692086950407_37.5794481827133779|126.9715679753719257_37.5794508267448819|126.9720203025743501_37.5794190653061619
2026-09-04T03:35:30.187978+09:00,서촌,서촌,POI067,KEY_3,1000037000,자하문로10길,1000142900,창성동 130-12,126.9720322425473000_37.5795267662096677,1000022104,한글전각갤러리,126.9737551795793422_37.5794483274217725,153.0,6.0,정체,126.9737551795793422_37.5794483274217725|126.9735697636163820_37.5794379905376914|126.9730629180689760_37.5794543875836595|126.9720322425473000_37.5795267662096677
2026-09-04T03:35:30.187978+09:00,서촌,서촌,POI067,KEY_3,1000037100,자하문로9길,1000022503,리안갤러리,126.9713323775752372_37.5794446079368853,1000022302,동아일보(안국센터),126.9696990031626882_37.5794032615336278,144.0,7.0,정체,126.9696990031626882_37.5794032615336278|126.9713323775752372_37.5794446079368853
2026-09-04T03:35:30.187978+09:00,서촌,서촌,POI067,KEY_3,1000037200,자하문로9길,1000022301,동아일보(안국센터),126.9696946832067397_37.5795113265124883,1000022504,리안갤러리,126.9713104107569848_37.5795522254932521,143.0,19.0,서행,126.9713104107569848_37.5795522254932521|126.9696946832067397_37.5795113265124883
2026-09-04T03:35:30.187978+09:00,서촌,서촌,POI067,KEY_3,1000037500,필운대로,1000022204,남전빌라,126.9686980571639339_37.5794765258018728,1000022803,송림빌딩,126.9685356882712739_37.5804932238092491,114.0,16.0,서행,126.9685356882712739_37.5804932238092491|126.9686980571639339_37.5794765258018728
2026-09-04T03:35:30.187978+09:00,서촌,서촌,POI067,KEY_3,1000037600,필운대로,1000022802,송림빌딩,126.9686741950003608_37.5804834577350633,1000022201,남전빌라,126.9688328252975538_37.5794901579994871,111.0,26.0,원활,126.9688328252975538_37.5794901579994871|126.9686741950003608_37.5804834577350633
2026-09-04T03:35:30.187978+09:00,서촌,서촌,POI067,KEY_3,1000037800,자하문로7길,1000022801,송림빌딩,126.9686578562488535_37.5805965200529855,1000022301,동아일보(안국센터),126.9696946832067397_37.5795113265124883,155.0,9.0,정체,126.9696946832067397_37.5795113265124883|126.9692692652712935_37.5800624706534165|126.9690151109681864_37.5803873097957108|126.9688630090200832_37.5805354967659397|126.9687973192017267_37.5805736734474465|126.9686578562488535_37.5805965200529855
2026-09-04T03:35:30.187978+09:00,서촌,서촌,POI067,KEY_3,1000038100,필운대로,1000022804,송림빌딩,126.9685209429991062_37.5806007274706673,1000023103,에프피디,126.9684342930284089_37.5813501306001712,84.0,21.0,서행,126.9684342930284089_37.5813501306001712|126.9685049891164823_37.5807387077675088|126.9685209429991062_37.5806007274706673
2026-09-04T03:35:30.187978+09:00,서촌,서촌,POI067,KEY_3,1000038200,필운대로,1000241300,옥인동 97-1,126.9686402708510542_37.5807486148447012,1000022801,송림빌딩,126.9686578562488535_37.5805965200529855,17.0,7.0,정체,126.9686578562488535_37.5805965200529855|126.9686402708510542_37.5807486148447012
2026-09-04T03:35:30.187978+09:00,서촌,서촌,POI067,KEY_3,1000038300,자하문로17길,1000225200,통인동 36-3,126.9688857136933535_37.5813167023331687,1000023102,에프피디,126.9685736564711362_37.5813247519515699,28.0,9.0,정체,126.9685736564711362_37.5813247519515699|126.9685749712024005_37.5813245125327882|126.9688857136933535_37.5813167023331687
2026-09-04T03:35:30.187978+09:00,서촌,서촌,POI067,KEY_3,1000038400,자하문로17길,1000076600,옥인동 19-26,126.9700897400566646_37.5814884057875389,1000023204,효자동사무소앞교차로,126.9708156731310424_37.5815585293292997,65.0,9.0,정체,126.9708156731310424_37.5815585293292997|126.9700897400566646_37.5814884057875389
2026-09-04T03:35:30.187978+09:00,서촌,서촌,POI067,KEY_3,1000038500,옥인길,1000180200,옥인동 181-10,126.9642459909743053_37.5820107022262775,1000023802,옥인시범아파트,126.9630428521217311_37.5823319085405387,114.0,15.0,서행,126.9630428521217311_37.5823319085405387|126.9634311160631910_37.5822119657700284|126.9638040801608554_37.5821856320575094|126.9638258846782577_37.5821842503104477|126.9639076755914573_37.5821241187128265|126.9640327536944255_37.5820567418513178|126.9642459909743053_37.5820107022262775
2026-09-04T03:35:30.187978+09:00,서촌,서촌,POI067,KEY_3,1000038600,옥인길,1000069500,옥인동 110-1,126.9680003538320960_37.5805898185397709,1000022804,송림빌딩,126.9685209429991062_37.5806007274706673,46.0,14.0,정체,126.9685209429991062_37.5806007274706673|126.9683671770248168_37.5805899174079840|126.9680003538320960_37.5805898185397709
2026-09-04T03:35:30.187978+09:00,서촌,서촌,POI067,KEY_3,1000038700,자하문로16길,1000172200,창성동 90-1,126.9717327455699944_37.5815185120166007,1000023202,효자동사무소앞교차로,126.9709802887062438_37.5814664128165106,67.0,14.0,정체,126.9709802887062438_37.5814664128165106|126.9711685133139412_37.5814868866181371|126.9717224467045895_37.5815159289932978|126.9717327455699944_37.5815185120166007
2026-09-04T03:35:30.187978+09:00,서촌,서촌,POI067,KEY_3,1000038800,자하문로16길,1000068600,효자동 158-3,126.9730842997045812_37.5818361876427218,1000023604,세종로 1-82,126.9736148980526167_37.5818577441157089,47.0,10.0,정체,126.9736148980526167_37.5818577441157089|126.9732424959569812_37.5818454811704967|126.9730842997045812_37.5818361876427218
2026-09-04T03:35:30.187978+09:00,서촌,서촌,POI067,KEY_3,1000039300,필운대로,1000069600,옥인동 24-2,126.9680470023112520_37.5821075252462720,1000023101,에프피디,126.9685342880232355_37.5814428341535844,86.0,26.0,원활,126.9685342880232355_37.5814428341535844|126.9684759826139953_37.5814965813299722|126.9683288819594651_37.5817502410309743|126.9681719575950041_37.5819491441507481|126.9680470023112520_37.5821075252462720
2026-09-04T03:35:30.187978+09:00,서촌,서촌,POI067,KEY_3,1000039400,필운대로,1000157200,신교동 10-2,126.9694797901877337_37.5840007368938416,1000024404,신교동교차로,126.9702887008230903_37.5838981643713623,73.0,19.0,서행,126.9702887008230903_37.5838981643713623|126.9702525079941466_37.5838876996520881|126.9701811117037664_37.5838899539430642|126.9697766764469833_37.5839520242591547|126.9697121775833182_37.5839619230231463|126.9694797901877337_37.5840007368938416
2026-09-04T03:35:30.187978+09:00,성수카페거리,성수카페거리,POI068,KEY_4,1030007102,성수일로,1030090500,성수동1가 14-22,127.0500497846464754_37.5457251894821411,1030002603,경동초등교입구교차로,127.0502646094481776_37.5462577464320475,62.0,9.0,정체,127.0502646094481776_37.5462577464320475|127.0500497846464754_37.5457251894821411
2026-09-04T03:35:30.187978+09:00,성수카페거리,성수카페거리,POI068,KEY_4,1030007202,성수일로,1030090400,성수동2가 276-5,127.0501790706398992_37.5456921266287651,1030012601,경동초교오거리,127.0496733755156384_37.5442307671763373,168.0,22.0,서행,127.0496733755156384_37.5442307671763373|127.0497212170377708_37.5443631248183181|127.0499300180839839_37.5450095261678314|127.0501646242803133_37.5456563134568739|127.0501790706398992_37.5456921266287651
2026-09-04T03:35:30.187978+09:00,성수카페거리,성수카페거리,POI068,KEY_4,1030005301,성수이로,1030101200,성수동2가 331-178,127.0550821086010416_37.5394988488500658,1030010703,갤러리까르찌나,127.0561816633971404_37.5421553809868200,310.0,11.0,정체,127.0561816633971404_37.5421553809868200|127.0557526736894971_37.5411339142652452|127.0557239227858446_37.5410654544732481|127.0553170924106041_37.5400832535740463|127.0552972968159366_37.5400354608421907|127.0550821086010416_37.5394988488500658
2026-09-04T03:35:30.187978+09:00,성수카페거리,성수카페거리,POI068,KEY_4,1030005302,성수이로,1030073200,성수동2가 276-5,127.0568177720555667_37.5436940280859019,1030002203,성수역앞교차로,127.0570347466332066_37.5442328886752179,63.0,11.0,정체,127.0570347466332066_37.5442328886752179|127.0569509882276407_37.5440193491518812|127.0568177720555667_37.5436940280859019
2026-09-04T03:35:30.187978+09:00,성수카페거리,성수카페거리,POI068,KEY_4,1030005402,성수이로,1030073300,성수동2가 276-5,127.0569468700353042_37.5436605114481381,1030010701,갤러리까르찌나,127.0563519556657468_37.5422201231263841,168.0,25.0,원활,127.0563519556657468_37.5422201231263841|127.0565888381958075_37.5427861677397772|127.0569468700353042_37.5436605114481381
2026-09-04T03:35:30.187978+09:00,성수카페거리,성수카페거리,POI068,KEY_4,1030006700,아차산로,1030155100,최소노드배치점,127.0605345627924692_37.5431769314548376,1030002202,성수역앞교차로,127.0571620452814585_37.5441947558812004,319.0,25.0,원활,127.0571620452814585_37.5441947558812004|127.0596780069787854_37.5434366092217857|127.0605345627924692_37.5431769314548376
2026-09-04T03:35:30.187978+09:00,성수카페거리,성수카페거리,POI068,KEY_4,1030006800,아차산로,1030155200,최소노드배치점,127.0605828789987299_37.5432779751978245,1040017704,성수사거리,127.0639614752629001_37.5422536244032941,319.0,31.0,원활,127.0639614752629001_37.5422536244032941|127.0605828789987299_37.5432779751978245
2026-09-04T03:35:30.187978+09:00,성수카페거리,성수카페거리,POI068,KEY_4,1030007101,성수일로,1030058800,성수동1가 656-6,127.0494476137624815_37.5439902196161697,1030012603,경동초교오거리,127.0495158134506823_37.5441849133654415,22.0,23.0,서행,127.0495158134506823_37.5441849133654415|127.0494476137624815_37.5439902196161697
2026-09-04T03:35:30.187978+09:00,성수카페거리,성수카페거리,POI068,KEY_4,1030007501,아차산로,1030014203,성수동2가 289-36,127.0539586731564441_37.5451536346176411,1030002602,경동초등교입구교차로,127.0503914838047592_37.5462187041797151,337.0,36.0,원활,127.0503914838047592_37.5462187041797151|127.0523124049013006_37.5456446551002117|127.0539586731564441_37.5451536346176411
2026-09-04T03:35:30.187978+09:00,성수카페거리,성수카페거리,POI068,KEY_4,1030007502,아차산로,1030002203,성수역앞교차로,127.0570347466332066_37.5442328886752179,1030014202,성수동2가 289-36,127.0540851813006498_37.5451156524000069,278.0,19.0,서행,127.0540851813006498_37.5451156524000069|127.0551155584557677_37.5448042641446307|127.0552432926114363_37.5447659621741821|127.0570347466332066_37.5442328886752179
2026-09-04T03:35:30.187978+09:00,성수카페거리,성수카페거리,POI068,KEY_4,1030007601,아차산로,1030002601,경동초등교입구교차로,127.0504329599087896_37.5463217931361726,1030014204,성수동2가 289-30,127.0540063077144595_37.5452548832955628,337.0,26.0,원활,127.0540063077144595_37.5452548832955628|127.0523600803686293_37.5457458918457476|127.0504329599087896_37.5463217931361726
2026-09-04T03:35:30.187978+09:00,성수카페거리,성수카페거리,POI068,KEY_4,1030007602,아차산로,1030014201,성수동2가 289-30,127.0541333653158063_37.5452167369424359,1030013104,제일빌딩,127.0551637436607280_37.5449053482710156,97.0,26.0,원활,127.0551637436607280_37.5449053482710156|127.0541333653158063_37.5452167369424359
2026-09-04T03:35:30.187978+09:00,성수카페거리,성수카페거리,POI068,KEY_4,1030007603,아차산로,1030013101,제일빌딩,127.0552908264291858_37.5448672411363233,1030002204,성수역앞교차로,127.0570737295237649_37.5443367120808986,168.0,25.0,원활,127.0570737295237649_37.5443367120808986|127.0552908264291858_37.5448672411363233
2026-09-04T03:35:30.187978+09:00,성수카페거리,성수카페거리,POI068,KEY_4,1030008501,성수이로,1030002204,성수역앞교차로,127.0570737295237649_37.5443367120808986,1030013503,한국창업경제신문,127.0572046441045018_37.5448312398540978,56.0,11.0,정체,127.0572046441045018_37.5448312398540978|127.0571171648273179_37.5444570554124013|127.0570737295237649_37.5443367120808986
2026-09-04T03:35:30.187978+09:00,성수카페거리,성수카페거리,POI068,KEY_4,1030008502,성수이로,1030013504,한국창업경제신문,127.0572313244105942_37.5449387006975996,1030015303,성수동2가 289-30,127.0576054505362151_37.5463843181490162,164.0,32.0,원활,127.0576054505362151_37.5463843181490162|127.0572313244105942_37.5449387006975996
2026-09-04T03:35:30.187978+09:00,성수카페거리,성수카페거리,POI068,KEY_4,1030008601,성수이로,1030013502,한국창업경제신문,127.0573338133080341_37.5447929467852788,1030002201,성수역앞교차로,127.0572012394779193_37.5442985484642762,56.0,19.0,서행,127.0572012394779193_37.5442985484642762|127.0572494690148631_37.5444321733197555|127.0573338133080341_37.5447929467852788
2026-09-04T03:35:30.187978+09:00,성수카페거리,성수카페거리,POI068,KEY_4,1030008602,성수이로,1030015302,성수동2가 289-30,127.0577384472191653_37.5463624968232850,1030013501,한국창업경제신문,127.0573600869082753_37.5449005282458117,166.0,23.0,서행,127.0573600869082753_37.5449005282458117|127.0577384472191653_37.5463624968232850
2026-09-04T03:35:30.187978+09:00,성수카페거리,성수카페거리,POI068,KEY_4,1030009102,아차산로,1030016003,뚝섬역(서울2호선),127.0466946591980104_37.5474024880960968,1030017102,뚝섬역앞교차로,127.0445619470601031_37.5480557481142156,202.0,33.0,원활,127.0445619470601031_37.5480557481142156|127.0446249032181640_37.5480437882236018|127.0458005883487971_37.5477079881317337|127.0466946591980104_37.5474024880960968
2026-09-04T03:35:30.187978+09:00,성수카페거리,성수카페거리,POI068,KEY_4,1030009103,아차산로,1030015603,뚝섬미술관,127.0485988749721571_37.5467876679392063,1030016002,뚝섬역(서울2호선),127.0468607627340276_37.5473483609669358,166.0,19.0,서행,127.0468607627340276_37.5473483609669358|127.0485988749721571_37.5467876679392063
2026-09-04T03:35:30.187978+09:00,성수카페거리,성수카페거리,POI068,KEY_4,1030009104,아차산로,1030002603,경동초등교입구교차로,127.0502646094481776_37.5462577464320475,1030015602,뚝섬미술관,127.0487523357495689_37.5467383237563368,144.0,19.0,서행,127.0487523357495689_37.5467383237563368|127.0502646094481776_37.5462577464320475
2026-09-04T03:35:30.187978+09:00,성수카페거리,성수카페거리,POI068,KEY_4,1030009203,아차산로,1030016300,뚝섬역1번출구,127.0458502973536099_37.5478085500334871,1030015604,뚝섬미술관,127.0486498669871906_37.5468878757781184,268.0,18.0,서행,127.0486498669871906_37.5468878757781184|127.0469117528058831_37.5474485695482230|127.0467481960743328_37.5475018476119402|127.0458502973536099_37.5478085500334871
2026-09-04T03:35:30.187978+09:00,성수카페거리,성수카페거리,POI068,KEY_4,1030009204,아차산로,1030015601,뚝섬미술관,127.0488026707037932_37.5468387411565701,1030002604,경동초등교입구교차로,127.0503061250636279_37.5463609661244959,143.0,28.0,원활,127.0503061250636279_37.5463609661244959|127.0488026707037932_37.5468387411565701
2026-09-04T03:35:30.187978+09:00,성수카페거리,성수카페거리,POI068,KEY_4,1030010600,성수일로,1030129800,성수동2가 289-30,127.0506496017160885_37.5468618000411780,1030002601,경동초등교입구교차로,127.0504329599087896_37.5463217931361726,63.0,21.0,서행,127.0504329599087896_37.5463217931361726|127.0506496017160885_37.5468618000411780
2026-09-04T03:35:30.187978+09:00,성수카페거리,성수카페거리,POI068,KEY_4,1030023302,성수이로16길,1030037901,성수동2가 816-4,127.0621568721912524_37.5392269336933992,1030037801,속성변화점,127.0604922348733794_37.5399737831362117,173.0,13.0,정체,127.0604922348733794_37.5399737831362117|127.0618595275038842_37.5395244777699517|127.0621167614787623_37.5392508297864680|127.0621568721912524_37.5392269336933992
2026-09-04T03:35:30.187978+09:00,성수카페거리,성수카페거리,POI068,KEY_4,1030023401,뚝섬로17길,1030074400,성수동2가 269-236,127.0598357008560555_37.5390819065168984,1030037802,속성변화점,127.0604272390665699_37.5401121045390269,126.0,21.0,서행,127.0604272390665699_37.5401121045390269|127.0600046535807337_37.5394385874640051|127.0598475191505088_37.5391161993069318|127.0598357008560555_37.5390819065168984
2026-09-04T03:35:30.187978+09:00,성수카페거리,성수카페거리,POI068,KEY_4,1030023402,성수이로16길,1030037802,속성변화점,127.0604272390665699_37.5401121045390269,1030037902,성수동2가 250-7,127.0622137260167790_37.5393281047465095,185.0,10.0,정체,127.0622137260167790_37.5393281047465095|127.0619458477006418_37.5396130764986964|127.0604272390665699_37.5401121045390269
2026-09-04T03:35:30.187978+09:00,성수카페거리,성수카페거리,POI068,KEY_4,1030025200,연무장길,1030130600,성수동2가 275-24,127.0580091136766612_37.5415980110375500,1030010702,갤러리까르찌나,127.0563089149059834_37.5421174674703337,161.0,10.0,정체,127.0563089149059834_37.5421174674703337|127.0580091136766612_37.5415980110375500
2026-09-04T03:35:30.187978+09:00,성수카페거리,성수카페거리,POI068,KEY_4,1030025300,연무장길,1030082400,성수동2가 275-24,127.0594801592498300_37.5412693964118844,1040016704,성수동2가 276-5,127.0628163093967800_37.5402655849892426,315.0,7.0,정체,127.0628163093967800_37.5402655849892426|127.0621978736841697_37.5404485565288084|127.0615071171166619_37.5406572039244466|127.0595653770350850_37.5412436909119265|127.0594801592498300_37.5412693964118844
2026-09-04T03:35:30.187978+09:00,성수카페거리,성수카페거리,POI068,KEY_4,1030026201,뚝섬로5길,1030007907,성수동2가333-84,127.0511418059016080_37.5419733463633918,1030008301,성수동1가 276-34,127.0505209099312509_37.5400671167226250,219.0,22.0,서행,127.0505209099312509_37.5400671167226250|127.0507009988581331_37.5406931957032413|127.0507129685465060_37.5407249042804665|127.0508491504052273_37.5410856579620003|127.0508645474510132_37.5411323611306713|127.0509856790272210_37.5414997819916394|127.0511418059016080_37.5419733463633918
2026-09-04T03:35:30.187978+09:00,성수카페거리,성수카페거리,POI068,KEY_4,1030026202,뚝섬로5길,1030153900,최소노드배치점,127.0539358567467474_37.5415236710096067,1030007907,성수동2가333-84,127.0511418059016080_37.5419733463633918,279.0,18.0,서행,127.0511418059016080_37.5419733463633918|127.0533057566949822_37.5419987135351718|127.0535888319341069_37.5420086775092159|127.0535916655420721_37.5420074544678215|127.0539384595522705_37.5415398732796817|127.0539362246359900_37.5415239464283061|127.0539358567467474_37.5415236710096067
2026-09-04T03:35:30.187978+09:00,성수카페거리,성수카페거리,POI068,KEY_4,1030026301,뚝섬로5길,1030154000,최소노드배치점,127.0540288655895154_37.5414448991232348,1030007902,성원중학교,127.0518167576303341_37.5397389713006930,272.0,18.0,서행,127.0518167576303341_37.5397389713006930|127.0519510862119006_37.5398521095855244|127.0531043952893810_37.5407527892537374|127.0540288655895154_37.5414448991232348
2026-09-04T03:35:30.187978+09:00,성수카페거리,성수카페거리,POI068,KEY_4,1030026302,뚝섬로5길,1030058200,성수동1가 694-3,127.0508543466555835_37.5415272349326870,1030007908,성수동2가333-84,127.0510408429570361_37.5420318807305975,59.0,10.0,정체,127.0510408429570361_37.5420318807305975|127.0510093731079735_37.5419974645077161|127.0508543466555835_37.5415272349326870
2026-09-04T03:35:30.187978+09:00,성수카페거리,성수카페거리,POI068,KEY_4,1030027500,연무장길,1030046400,성수동1가 16-11,127.0498135853201518_37.5440720015569482,1030012602,경동초교오거리,127.0496362503706678_37.5441262961726352,17.0,5.0,정체,127.0496362503706678_37.5441262961726352|127.0498135853201518_37.5440720015569482
2026-09-04T03:35:30.187978+09:00,성수카페거리,성수카페거리,POI068,KEY_4,1030027600,연무장길,1030056400,성수동2가 314-20,127.0513077026240580_37.5437303719044237,1030010704,갤러리까르찌나,127.0562246716134780_37.5422579759689938,464.0,10.0,정체,127.0562246716134780_37.5422579759689938|127.0545637037083964_37.5427394156326670|127.0541726371046565_37.5428610368981666|127.0532280717800546_37.5431468348450679|127.0526780596860021_37.5433132479891327|127.0519993710612709_37.5435185892961556|127.0513077026240580_37.5437303719044237
2026-09-04T03:35:30.187978+09:00,성수카페거리,성수카페거리,POI068,KEY_4,1030030200,성수일로8길,1030013503,한국창업경제신문,127.0572046441045018_37.5448312398540978,1030014702,롯데캐슬파크아파트,127.0555171066052367_37.5453315049633218,159.0,15.0,서행,127.0555171066052367_37.5453315049633218|127.0572046441045018_37.5448312398540978
2026-09-04T03:35:30.187978+09:00,성수카페거리,성수카페거리,POI068,KEY_4,1030030300,성수일로8길,1030014701,롯데캐슬파크아파트,127.0555644840728888_37.5454328297893198,1030013504,한국창업경제신문,127.0572313244105942_37.5449387006975996,157.0,19.0,서행,127.0572313244105942_37.5449387006975996|127.0555644840728888_37.5454328297893198
2026-09-04T03:35:30.187978+09:00,성수카페거리,성수카페거리,POI068,KEY_4,1030030400,아차산로.성수일로8길,1030014702,롯데캐슬파크아파트,127.0555171066052367_37.5453315049633218,1030013101,제일빌딩,127.0552908264291858_37.5448672411363233,55.0,40.0,원활,127.0552908264291858_37.5448672411363233|127.0555171066052367_37.5453315049633218
2026-09-04T03:35:30.187978+09:00,성수카페거리,성수카페거리,POI068,KEY_4,1030030500,아차산로.성수일로8길,1030013104,제일빌딩,127.0551637436607280_37.5449053482710156,1030014703,롯데캐슬파크아파트,127.0553898422885766_37.5453692393267602,55.0,23.0,서행,127.0553898422885766_37.5453692393267602|127.0551637436607280_37.5449053482710156
2026-09-04T03:35:30.187978+09:00,성수카페거리,성수카페거리,POI068,KEY_4,1030030800,아차산로7길,1030014802,성수미술관,127.0543504174999470_37.5456774935109223,1030014201,성수동2가 289-30,127.0541333653158063_37.5452167369424359,55.0,11.0,정체,127.0541333653158063_37.5452167369424359|127.0543504174999470_37.5456774935109223
2026-09-04T03:35:30.187978+09:00,성수카페거리,성수카페거리,POI068,KEY_4,1030030900,아차산로7길,1030014204,성수동2가 289-30,127.0540063077144595_37.5452548832955628,1030014803,성수미술관,127.0542232774579929_37.5457154645452462,55.0,4.0,정체,127.0542232774579929_37.5457154645452462|127.0540063077144595_37.5452548832955628
2026-09-04T03:35:30.187978+09:00,성수카페거리,성수카페거리,POI068,KEY_4,1030031000,성수일로8길,1030014703,롯데캐슬파크아파트,127.0553898422885766_37.5453692393267602,1030014802,성수미술관,127.0543504174999470_37.5456774935109223,98.0,11.0,정체,127.0543504174999470_37.5456774935109223|127.0553898422885766_37.5453692393267602
2026-09-04T03:35:30.187978+09:00,성수카페거리,성수카페거리,POI068,KEY_4,1030031100,성수일로8길,1030014801,성수미술관,127.0543982553893017_37.5457786826499387,1030014704,롯데캐슬파크아파트,127.0554372382108852_37.5454705586781685,98.0,36.0,원활,127.0554372382108852_37.5454705586781685|127.0543982553893017_37.5457786826499387
2026-09-04T03:35:30.187978+09:00,성수카페거리,성수카페거리,POI068,KEY_4,1030031200,상원1길,1030091200,성수동1가 9-9,127.0475389473704695_37.5463909592910170,1030016003,뚝섬역(서울2호선),127.0466946591980104_37.5474024880960968,136.0,6.0,정체,127.0466946591980104_37.5474024880960968|127.0467667964252172_37.5472315847214801|127.0468079071165732_37.5471725962568641|127.0475389473704695_37.5463909592910170
2026-09-04T03:35:30.187978+09:00,성수카페거리,성수카페거리,POI068,KEY_4,1030031300,상원1길,1030092700,성수동1가 656-596,127.0491527603527828_37.5449023730718565,1030012604,경동초교오거리,127.0495606160925774_37.5443097282205116,75.0,9.0,정체,127.0495606160925774_37.5443097282205116|127.0495429811575576_37.5443262001981850|127.0494710750145373_37.5444208496823464|127.0493422255462690_37.5446591584226965|127.0492106063175726_37.5448424117116630|127.0491527603527828_37.5449023730718565
2026-09-04T03:35:30.187978+09:00,성수카페거리,성수카페거리,POI068,KEY_4,1030031800,아차산로7길,1030015802,성수2가3동주민센터,127.0551108236613373_37.5472806334136706,1030014801,성수미술관,127.0543982553893017_37.5457786826499387,178.0,12.0,정체,127.0543982553893017_37.5457786826499387|127.0551108236613373_37.5472806334136706
2026-09-04T03:35:30.187978+09:00,성수카페거리,성수카페거리,POI068,KEY_4,1030031900,아차산로7길,1030014804,성수미술관,127.0542712260709806_37.5458168891166935,1030015803,성수2가3동주민센터,127.0549936974906160_37.5473397187022684,181.0,9.0,정체,127.0549936974906160_37.5473397187022684|127.0542712260709806_37.5458168891166935
2026-09-04T03:35:30.187978+09:00,성수카페거리,성수카페거리,POI068,KEY_4,1030035200,상원길,1030106300,성수동1가 13-219,127.0486061067635859_37.5475435639625346,1030015601,뚝섬미술관,127.0488026707037932_37.5468387411565701,80.0,13.0,정체,127.0488026707037932_37.5468387411565701|127.0486061067635859_37.5475435639625346
2026-09-04T03:35:30.187978+09:00,성수카페거리,성수카페거리,POI068,KEY_4,1040001301,동일로,1040000604,영동대교북단교차로,127.0610526784373917_37.5373122223369862,1030037901,성수동2가 816-4,127.0621568721912524_37.5392269336933992,234.0,13.0,정체,127.0621568721912524_37.5392269336933992|127.0611551294457797_37.5374646790849980|127.0610526784373917_37.5373122223369862
2026-09-04T03:35:30.187978+09:00,성수카페거리,성수카페거리,POI068,KEY_4,1040001303,동일로,1030123900,성수동2가 276-5,127.0636134955508538_37.5416490130212281,1040017703,성수사거리,127.0639050895056812_37.5421550277301534,62.0,38.0,원활,127.0639050895056812_37.5421550277301534|127.0636134955508538_37.5416490130212281
2026-09-04T03:35:30.187978+09:00,성수카페거리,성수카페거리,POI068,KEY_4,1040001304,동일로,1030037902,성수동2가 250-7,127.0622137260167790_37.5393281047465095,1040015802,영동대교고가차도(북측),127.0623811726308219_37.5394948679126799,24.0,17.0,서행,127.0623811726308219_37.5394948679126799|127.0622166959724524_37.5393334314916913|127.0622137260167790_37.5393281047465095
2026-09-04T03:35:30.187978+09:00,성수카페거리,성수카페거리,POI068,KEY_4,1040001305,동일로,1030151300,성수동2가 250-7,127.0624969443109649_37.5397001913100041,1040016703,성수동2가 276-5,127.0627600875261436_37.5401668764377092,57.0,43.0,원활,127.0627600875261436_37.5401668764377092|127.0624969443109649_37.5397001913100041
2026-09-04T03:35:30.187978+09:00,성수카페거리,성수카페거리,POI068,KEY_4,1040001401,동일로,1040015801,영동대교고가차도(북측),127.0625052128641386_37.5394503728433619,1040000601,영동대교북단교차로,127.0613146223214329_37.5372437064079918,267.0,38.0,원활,127.0613146223214329_37.5372437064079918|127.0613988379963502_37.5373690267760622|127.0624191875248812_37.5391674512574340|127.0624742122687110_37.5392650416171847|127.0625052128641386_37.5394503728433619
2026-09-04T03:35:30.187978+09:00,성수카페거리,성수카페거리,POI068,KEY_4,1040001402,동일로,1040016702,자양동 24-10,127.0628863220353537_37.5401267628382485,1040015801,영동대교고가차도(북측),127.0625052128641386_37.5394503728433619,82.0,27.0,원활,127.0625052128641386_37.5394503728433619|127.0626209903454509_37.5396558553713575|127.0628863220353537_37.5401267628382485
2026-09-04T03:35:30.187978+09:00,성수카페거리,성수카페거리,POI068,KEY_4,1040001403,동일로,1040136200,자양동 23-9,127.0637369066414379_37.5416039221817570,1040016701,자양동 24-10,127.0629424504767826_37.5402252363948463,168.0,17.0,서행,127.0629424504767826_37.5402252363948463|127.0637369066414379_37.5416039221817570
2026-09-04T03:35:30.187978+09:00,성수카페거리,성수카페거리,POI068,KEY_4,1040011000,아차산로,1040140700,최소노드배치점,127.0672902949043674_37.5410070020582083,1040017702,성수사거리,127.0640311954609132_37.5421146116750606,313.0,32.0,원활,127.0640311954609132_37.5421146116750606|127.0672609375260862_37.5410170619344754|127.0672902949043674_37.5410070020582083
2026-09-04T03:35:30.187978+09:00,성수카페거리,성수카페거리,POI068,KEY_4,1040026800,동일로,1030154600,최소노드배치점,127.0610289490025622_37.5371433839890969,1040015802,영동대교고가차도(북측),127.0623811726308219_37.5394948679126799,287.0,63.0,원활,127.0623811726308219_37.5394948679126799|127.0612160481458659_37.5374407538958650|127.0610904233777774_37.5372538118366208|127.0610289490025622_37.5371433839890969
2026-09-04T03:35:30.187978+09:00,성수카페거리,성수카페거리,POI068,KEY_4,1040029200,동일로18길,1040130400,자양동 16-35,127.0636162082404610_37.5398770706210243,1040016702,자양동 24-10,127.0628863220353537_37.5401267628382485,70.0,14.0,정체,127.0628863220353537_37.5401267628382485|127.0636162082404610_37.5398770706210243
2026-09-04T03:35:30.187978+09:00,성수카페거리,성수카페거리,POI068,KEY_4,1040042400,동일로,1040133600,화양동 50-7,127.0643751852390722_37.5427205809451507,1040017701,성수사거리,127.0640874503661450_37.5422130496247988,62.0,16.0,서행,127.0640874503661450_37.5422130496247988|127.0643751852390722_37.5427205809451507
2026-09-04T03:35:30.187978+09:00,송리단길·호수단길,송리단길·호수단길,POI121,KEY_1,1230002901,송파대로,1230403000,석촌동 323,127.1079092974091509_37.5043480585392359,1230001503,석촌역사거리,127.1071785823462221_37.5051497573641299,110.0,54.0,원활,127.1071785823462221_37.5051497573641299|127.1079092974091509_37.5043480585392359
2026-09-04T03:35:30.187978+09:00,송리단길·호수단길,송리단길·호수단길,POI121,KEY_1,1230003102,송파대로,1230412500,석촌동 209,127.1044792274671522_37.5081049831544888,1230036703,석촌호수앞교차로,127.1039824947923051_37.5086487529905597,75.0,34.0,원활,127.1039824947923051_37.5086487529905597|127.1044792274671522_37.5081049831544888
2026-09-04T03:35:30.187978+09:00,송리단길·호수단길,송리단길·호수단길,POI121,KEY_1,1230003202,송파대로,1230374800,송파동 69,127.1062313433935884_37.5063706298099575,1230001501,석촌역사거리,127.1072109621140953_37.5052981513314023,147.0,27.0,원활,127.1072109621140953_37.5052981513314023|127.1062313433935884_37.5063706298099575
2026-09-04T03:35:30.187978+09:00,송리단길·호수단길,송리단길·호수단길,POI121,KEY_1,1230003300,송파대로,1230036704,석촌호수앞교차로,127.1039028911642674_37.5087367936795530,1230001703,석촌호수앞교차로,127.1017878219228550_37.5111046223331428,323.0,47.5,원활,127.1017878219228550_37.5111046223331428|127.1039028911642674_37.5087367936795530
2026-09-04T03:35:30.187978+09:00,송리단길·호수단길,송리단길·호수단길,POI121,KEY_1,1230003400,송파대로,1230001702,석촌호수앞교차로,127.1019076941057762_37.5111569141952117,1230036701,석촌호수앞교차로,127.1040028890472797_37.5088113302377195,320.0,26.0,원활,127.1040028890472797_37.5088113302377195|127.1019076941057762_37.5111569141952117
2026-09-04T03:35:30.187978+09:00,송리단길·호수단길,송리단길·호수단길,POI121,KEY_1,1230017104,백제고분로,1230030504,석촌동주민센터,127.1032847802360806_37.5038619289310020,1230031102,석촌지하차도(동측),127.1046857627125632_37.5042645101804695,133.0,27.0,원활,127.1046857627125632_37.5042645101804695|127.1044083485424636_37.5042361486825016|127.1034318138435708_37.5039319569095682|127.1032847802360806_37.5038619289310020
2026-09-04T03:35:30.187978+09:00,송리단길·호수단길,송리단길·호수단길,POI121,KEY_1,1230017105,백제고분로,1230408300,석촌동 208,127.1063402833136706_37.5048772465737272,1230001504,석촌역사거리,127.1070984507477277_37.5052375718930762,78.0,46.0,원활,127.1070984507477277_37.5052375718930762|127.1063402833136706_37.5048772465737272
2026-09-04T03:35:30.187978+09:00,송리단길·호수단길,송리단길·호수단길,POI121,KEY_1,1230018100,삼학사로,1230399400,삼전동 152,127.0971851736833997_37.5058146183606098,1230034303,석촌호교차로,127.0972427646003808_37.5065427063586085,81.0,20.0,서행,127.0972427646003808_37.5065427063586085|127.0971851736833997_37.5058146183606098
2026-09-04T03:35:30.187978+09:00,송리단길·호수단길,송리단길·호수단길,POI121,KEY_1,1230020300,석촌호수로,1230425400,최소노드배치점,127.1008735740489470_37.5071235777689509,1230036704,석촌호수앞교차로,127.1039028911642674_37.5087367936795530,323.0,30.5,원활,127.1039028911642674_37.5087367936795530|127.1030871966188158_37.5081804312170775|127.1027814029224459_37.5079972621807372|127.1027257780679207_37.5079698553039691|127.1018874551534168_37.5075568002840285|127.1015021632143061_37.5073921700333557|127.1008735740489470_37.5071235777689509
2026-09-04T03:35:30.187978+09:00,송리단길·호수단길,송리단길·호수단길,POI121,KEY_1,1230020400,석촌호수로,1230369400,석촌동 191,127.0987703823118125_37.5064112799268017,1230034302,석촌호교차로,127.0973765618586384_37.5065150079019958,125.0,20.0,서행,127.0973765618586384_37.5065150079019958|127.0976452744375536_37.5064483289197952|127.0979269591683192_37.5064090615062042|127.0982641563232818_37.5063794736021237|127.0986308344447906_37.5063986405236136|127.0987703823118125_37.5064112799268017
2026-09-04T03:35:30.187978+09:00,송리단길·호수단길,송리단길·호수단길,POI121,KEY_1,1230020702,백제고분로,1230001501,석촌역사거리,127.1072109621140953_37.5052981513314023,1230034004,송파1동주민센터,127.1088655538812588_37.5063711660504993,189.0,10.0,정체,127.1088655538812588_37.5063711660504993|127.1081423911864619_37.5058679402322923|127.1078766893419214_37.5057054024290366|127.1072109621140953_37.5052981513314023
2026-09-04T03:35:30.187978+09:00,송리단길·호수단길,송리단길·호수단길,POI121,KEY_1,1230020703,백제고분로,1230379600,송파동 65,127.1103575111599184_37.5077338034744230,1230037103,신도빌딩,127.1112559046677433_37.5088767942406491,150.0,22.0,서행,127.1112559046677433_37.5088767942406491|127.1106628130731337_37.5080966789885863|127.1105723711036433_37.5079891819933167|127.1103575111599184_37.5077338034744230
2026-09-04T03:35:30.187978+09:00,송리단길·호수단길,송리단길·호수단길,POI121,KEY_1,1230020704,백제고분로,1230037104,신도빌딩,127.1113205737348011_37.5089721229789319,1230038703,방이사거리,127.1121447508134281_37.5103227955162382,167.0,12.0,정체,127.1121447508134281_37.5103227955162382|127.1113205737348011_37.5089721229789319
2026-09-04T03:35:30.187978+09:00,송리단길·호수단길,송리단길·호수단길,POI121,KEY_1,1230020802,백제고분로,1230380600,송파동 1-1,127.1079593458693466_37.5056196474404473,1230001502,석촌역사거리,127.1072907892475996_37.5052106659885780,75.0,24.0,서행,127.1072907892475996_37.5052106659885780|127.1079593458693466_37.5056196474404473
2026-09-04T03:35:30.187978+09:00,송리단길·호수단길,송리단길·호수단길,POI121,KEY_1,1230020803,백제고분로,1230374600,송파동 1-10,127.1106851121904526_37.5079289853775180,1230034002,송파1동주민센터,127.1090542359617643_37.5063612342065085,227.0,44.0,원활,127.1090542359617643_37.5063612342065085|127.1092969398728911_37.5065416094445183|127.1103283201647685_37.5075049084885492|127.1104702520797503_37.5076736070397345|127.1106851121904526_37.5079289853775180
2026-09-04T03:35:30.187978+09:00,송리단길·호수단길,송리단길·호수단길,POI121,KEY_1,1230020804,백제고분로,1230038702,방이사거리,127.1122582668871672_37.5102615124608363,1230037101,신도빌딩,127.1114426409161240_37.5089248551582415,165.0,24.0,서행,127.1114426409161240_37.5089248551582415|127.1122582668871672_37.5102615124608363
2026-09-04T03:35:30.187978+09:00,송리단길·호수단길,송리단길·호수단길,POI121,KEY_1,1230022100,오금로,1230367600,송파동 3-15,127.1135151757795256_37.5095306777973931,1230038702,방이사거리,127.1122582668871672_37.5102615124608363,138.0,33.0,원활,127.1122582668871672_37.5102615124608363|127.1125345987760653_37.5100795617425007|127.1131362332325097_37.5097427951161677|127.1135151757795256_37.5095306777973931
2026-09-04T03:35:30.187978+09:00,송리단길·호수단길,송리단길·호수단길,POI121,KEY_1,1230023701,석촌호수로,1230036701,석촌호수앞교차로,127.1040028890472797_37.5088113302377195,1230038204,수림빌딩,127.1051505452613100_37.5097264956549949,144.0,7.0,정체,127.1051505452613100_37.5097264956549949|127.1048424116308126_37.5094807866672255|127.1040028890472797_37.5088113302377195
2026-09-04T03:35:30.187978+09:00,송리단길·호수단길,송리단길·호수단길,POI121,KEY_1,1230023801,석촌호수로,1230383600,송파동 60,127.1049384312716057_37.5094043721425194,1230036702,석촌호수앞교차로,127.1040831324389728_37.5087223370806129,107.0,18.0,서행,127.1040831324389728_37.5087223370806129|127.1049384312716057_37.5094043721425194
2026-09-04T03:35:30.187978+09:00,송리단길·호수단길,송리단길·호수단길,POI121,KEY_1,1230023802,석촌호수로,1230380500,송파동 61,127.1061749184303977_37.5103810412995244,1230038202,수림빌딩,127.1053428869681454_37.5097263595970531,103.0,29.0,원활,127.1053428869681454_37.5097263595970531|127.1061749184303977_37.5103810412995244
2026-09-04T03:35:30.187978+09:00,송리단길·호수단길,송리단길·호수단길,POI121,KEY_1,1230023803,석촌호수로,1230041503,방이삼거리,127.1081921675338720_37.5119304002947942,1230039702,송파동 62,127.1071007108080408_37.5111082344274962,133.0,12.0,정체,127.1071007108080408_37.5111082344274962|127.1080242959557012_37.5118163213665241|127.1081921675338720_37.5119304002947942
2026-09-04T03:35:30.187978+09:00,송리단길·호수단길,송리단길·호수단길,POI121,KEY_1,1230024301,오금로,1230038703,방이사거리,127.1121447508134281_37.5103227955162382,1230039102,송파동 63,127.1111596082041189_37.5107203252610688,98.0,9.0,정체,127.1111596082041189_37.5107203252610688|127.1121447508134281_37.5103227955162382
2026-09-04T03:35:30.187978+09:00,송리단길·호수단길,송리단길·호수단길,POI121,KEY_1,1230024302,오금로,1230384900,송파동 62,127.1086886760872829_37.5117147904571766,1230041503,방이삼거리,127.1081921675338720_37.5119304002947942,50.0,16.0,서행,127.1081921675338720_37.5119304002947942|127.1083902263657990_37.5118348937114661|127.1086886760872829_37.5117147904571766
2026-09-04T03:35:30.187978+09:00,송리단길·호수단길,송리단길·호수단길,POI121,KEY_1,1230024401,오금로,1230418600,방이동 95-2,127.1089129889832350_37.5117456548715751,1230038704,방이사거리,127.1122045332657819_37.5104198722678603,326.0,28.0,원활,127.1122045332657819_37.5104198722678603|127.1112209404749507_37.5108167767394178|127.1110993930582396_37.5108657544525386|127.1089129889832350_37.5117456548715751
2026-09-04T03:35:30.187978+09:00,송리단길·호수단길,송리단길·호수단길,POI121,KEY_1,1230026801,백제고분로,1230392100,방이동 1,127.1132825222936447_37.5119110717846382,1230038701,방이사거리,127.1123196324729321_37.5103613805438485,192.0,28.0,원활,127.1123196324729321_37.5103613805438485|127.1132825222936447_37.5119110717846382
2026-09-04T03:35:30.187978+09:00,송리단길·호수단길,송리단길·호수단길,POI121,KEY_1,1230066800,백제고분로,1230420900,최소노드배치점,127.1020075911652043_37.5034155122325359,1230031102,석촌지하차도(동측),127.1046857627125632_37.5042645101804695,255.0,59.0,원활,127.1046857627125632_37.5042645101804695|127.1032055646133756_37.5037916422219624|127.1020075911652043_37.5034155122325359
2026-09-04T03:35:30.187978+09:00,송리단길·호수단길,송리단길·호수단길,POI121,KEY_1,1230073600,백제고분로41길,1230362400,송파동 74,127.1055839132151277_37.5093570558199474,1230038203,수림빌딩,127.1052465652364560_37.5096500807059527,44.0,11.0,정체,127.1052465652364560_37.5096500807059527|127.1053208564511436_37.5095948198186591|127.1055839132151277_37.5093570558199474
2026-09-04T03:35:30.187978+09:00,송리단길·호수단길,송리단길·호수단길,POI121,KEY_1,1230074600,백제고분로45길,1230389500,송파동 80,127.1105001379963824_37.5092557763212895,1230038002,청원빌딩,127.1102116389035928_37.5094004430019652,30.0,7.0,정체,127.1102116389035928_37.5094004430019652|127.1105001379963824_37.5092557763212895
2026-09-04T03:35:30.187978+09:00,송리단길·호수단길,송리단길·호수단길,POI121,KEY_1,1230074700,백제고분로45길,1230415900,송파동 80,127.1109042025177871_37.5091809150388968,1230037104,신도빌딩,127.1113205737348011_37.5089721229789319,43.0,16.0,서행,127.1113205737348011_37.5089721229789319|127.1109042025177871_37.5091809150388968
2026-09-04T03:35:30.187978+09:00,송리단길·호수단길,송리단길·호수단길,POI121,KEY_1,1230076000,오금로18길,1230404700,송파동 80,127.1108701645754735_37.5103349829974491,1230038001,청원빌딩,127.1102839409552985_37.5094919443537549,107.0,16.0,서행,127.1102839409552985_37.5094919443537549|127.1108670913662877_37.5103308915455216|127.1108701645754735_37.5103349829974491
2026-09-04T03:35:30.187978+09:00,송리단길·호수단길,송리단길·호수단길,POI121,KEY_1,1230076100,오금로18길,1230404800,송파동 81,127.1107536956244104_37.5103904983532033,1230039103,송파동 63,127.1110381891797374_37.5107692507720287,49.0,5.0,정체,127.1110381891797374_37.5107692507720287|127.1107536956244104_37.5103904983532033
2026-09-04T03:35:30.187978+09:00,송리단길·호수단길,송리단길·호수단길,POI121,KEY_1,1230076200,백제고분로45길,1230414400,송파동 83,127.1074305390192620_37.5108125123386174,1230039703,송파동 61,127.1070007103191557_37.5110307962144418,45.0,12.0,정체,127.1070007103191557_37.5110307962144418|127.1074305390192620_37.5108125123386174
2026-09-04T03:35:30.187978+09:00,송리단길·호수단길,송리단길·호수단길,POI121,KEY_1,1230076300,백제고분로45길,1230397400,송파동 80,127.1098883650349052_37.5096925018756622,1230038004,청원빌딩,127.1101690988289334_37.5095499223446183,29.0,9.0,정체,127.1101690988289334_37.5095499223446183|127.1098883650349052_37.5096925018756622
2026-09-04T03:35:30.187978+09:00,신촌 스타광장,신촌 스타광장,POI122,KEY_2,1120003201,명물길,1120098800,창천동 18-54,126.9375123444595204_37.5575602259048438,1120004502,현대백화점유플렉스(신촌점),126.9369730969373080_37.5572180933913842,61.0,27.0,원활,126.9369730969373080_37.5572180933913842|126.9371287798259686_37.5572890262117483|126.9374266006236667_37.5574960038265644|126.9375123444595204_37.5575602259048438
2026-09-04T03:35:30.187978+09:00,신촌 스타광장,신촌 스타광장,POI122,KEY_2,1120003301,연세로,1120004504,현대백화점유플렉스(신촌점),126.9368371308242018_37.5572889150469535,1120004803,창천동 30-18,126.9368510014508757_37.5588996821571541,179.0,14.0,정체,126.9368510014508757_37.5588996821571541|126.9368340470399659_37.5574372784594317|126.9368371308242018_37.5572889150469535
2026-09-04T03:35:30.187978+09:00,신촌 스타광장,신촌 스타광장,POI122,KEY_2,1120003401,연세로,1120004802,창천동 30-18,126.9369867245719377_37.5588913341097239,1120004501,현대백화점유플렉스(신촌점),126.9369718556757505_37.5573421030471337,172.0,9.0,정체,126.9369718556757505_37.5573421030471337|126.9369698696455231_37.5574376736014486|126.9369867245719377_37.5588913341097239
2026-09-04T03:35:30.187978+09:00,신촌 스타광장,신촌 스타광장,POI122,KEY_2,1120014200,신촌로,1130028200,신촌로터리,126.9362638695840104_37.5553903889948231,1120004300,현대백화점(신촌점),126.9368030588893959_37.5556219621744134,57.0,27.0,원활,126.9368030588893959_37.5556219621744134|126.9367619707854544_37.5555447886619120|126.9365015572182216_37.5554290301989795|126.9362638695840104_37.5553903889948231
2026-09-04T03:35:30.187978+09:00,신촌 스타광장,신촌 스타광장,POI122,KEY_2,1120014300,연세로5길,1120004503,현대백화점유플렉스(신촌점),126.9368363451414297_37.5571751207012667,1130028301,신촌현대백화점,126.9352769143878135_37.5557459412116970,218.0,10.0,정체,126.9352769143878135_37.5557459412116970|126.9355227188717095_37.5561809513214655|126.9356969741435961_37.5564893345166482|126.9357357833693243_37.5565340280943047|126.9357546442551836_37.5565557486909398|126.9367282221445237_37.5571473890112912|126.9368363451414297_37.5571751207012667
2026-09-04T03:35:30.187978+09:00,신촌 스타광장,신촌 스타광장,POI122,KEY_2,1120014400,연세로5길,1120046000,창천동 53-47,126.9356240685518031_37.5565955099592088,1120004504,현대백화점유플렉스(신촌점),126.9368371308242018_37.5572889150469535,133.0,5.0,정체,126.9368371308242018_37.5572889150469535|126.9366643652368651_37.5572446039108812|126.9356551527703942_37.5566313071096900|126.9356240685518031_37.5565955099592088
2026-09-04T03:35:30.187978+09:00,신촌 스타광장,신촌 스타광장,POI122,KEY_2,1120061600,신촌로,1130243700,노고산동 31-123,126.9378979886779319_37.5553264048270492,1130027600,신촌로터리,126.9375535313722594_37.5552189146085595,33.0,21.0,서행,126.9375535313722594_37.5552189146085595|126.9376883483507896_37.5552573962598544|126.9378979886779319_37.5553264048270492
2026-09-04T03:35:30.187978+09:00,신촌 스타광장,신촌 스타광장,POI122,KEY_2,1120061700,연세로,1120004502,현대백화점유플렉스(신촌점),126.9369730969373080_37.5572180933913842,1120004200,신촌역(서울2호선),126.9369388461816897_37.5556200624915562,177.0,11.0,정체,126.9369388461816897_37.5556200624915562|126.9369730969373080_37.5572180933913842
2026-09-04T03:35:30.187978+09:00,신촌 스타광장,신촌 스타광장,POI122,KEY_2,1120062000,연세로,1120004300,현대백화점(신촌점),126.9368030588893959_37.5556219621744134,1120004503,현대백화점유플렉스(신촌점),126.9368363451414297_37.5571751207012667,172.0,18.0,서행,126.9368363451414297_37.5571751207012667|126.9368030588893959_37.5556219621744134
2026-09-04T03:35:30.187978+09:00,신촌 스타광장,신촌 스타광장,POI122,KEY_2,1130002903,신촌로,1130027304,신촌로터리,126.9367463936915783_37.5551491321864219,1130027800,신촌로터리,126.9362078795990669_37.5552918851353184,50.0,5.0,정체,126.9362078795990669_37.5552918851353184|126.9362843096010209_37.5552643504737276|126.9364926549409489_37.5552010586219964|126.9366443811309324_37.5551666346300124|126.9367463936915783_37.5551491321864219
2026-09-04T03:35:30.187978+09:00,신촌 스타광장,신촌 스타광장,POI122,KEY_2,1130003002,신촌로,1120063200,창천동 30-16,126.9359793082337546_37.5554929038804843,1130028200,신촌로터리,126.9362638695840104_37.5553903889948231,28.0,42.0,원활,126.9362638695840104_37.5553903889948231|126.9359793082337546_37.5554929038804843
2026-09-04T03:35:30.187978+09:00,신촌 스타광장,신촌 스타광장,POI122,KEY_2,1130003003,신촌로,1130028200,신촌로터리,126.9362638695840104_37.5553903889948231,1130027305,신촌로터리,126.9367949040171339_37.5552525850785059,50.0,27.0,원활,126.9367949040171339_37.5552525850785059|126.9367822077433345_37.5552535889944465|126.9366773331614553_37.5552715833811135|126.9365355543422140_37.5553037503571261|126.9363365592773363_37.5553642010740631|126.9362638695840104_37.5553903889948231
2026-09-04T03:35:30.187978+09:00,신촌 스타광장,신촌 스타광장,POI122,KEY_2,1130003101,신촌로,1130027301,신촌로터리,126.9369309039101665_37.5552479096703777,1130028100,신촌로터리,126.9375107828557248_37.5553215381359138,52.0,10.0,정체,126.9375107828557248_37.5553215381359138|126.9374120463708664_37.5552954695353094|126.9372367545836511_37.5552633433213288|126.9370612427232459_37.5552495051776276|126.9369309039101665_37.5552479096703777
2026-09-04T03:35:30.187978+09:00,신촌 스타광장,신촌 스타광장,POI122,KEY_2,1130003201,신촌로,1130027600,신촌로터리,126.9375535313722594_37.5552189146085595,1130027302,신촌로터리,126.9369363048809589_37.5551398431720429,56.0,38.0,원활,126.9369363048809589_37.5551398431720429|126.9370689919941668_37.5551414670887596|126.9372587703670519_37.5551564300398013|126.9374487359331596_37.5551912462659345|126.9375535313722594_37.5552189146085595
2026-09-04T03:35:30.187978+09:00,신촌 스타광장,신촌 스타광장,POI122,KEY_2,1130015002,백범로,1130027302,신촌로터리,126.9369363048809589_37.5551398431720429,1130026300,신촌로터리,126.9370076539618566_37.5545626830804551,64.0,7.0,정체,126.9370076539618566_37.5545626830804551|126.9369363048809589_37.5551398431720429
2026-09-04T03:35:30.187978+09:00,신촌 스타광장,신촌 스타광장,POI122,KEY_2,1130016102,서강로,1130026900,신촌로터리,126.9362469698456266_37.5547336229279907,1130027304,신촌로터리,126.9367463936915783_37.5551491321864219,64.0,9.0,정체,126.9367463936915783_37.5551491321864219|126.9366482286148994_37.5550253909116165|126.9363557341915083_37.5548026529712615|126.9362469698456266_37.5547336229279907
2026-09-04T03:35:30.187978+09:00,신촌 스타광장,신촌 스타광장,POI122,KEY_2,1130053700,신촌로,1130027600,신촌로터리,126.9375535313722594_37.5552189146085595,1130026300,신촌로터리,126.9370076539618566_37.5545626830804551,87.0,23.0,서행,126.9370076539618566_37.5545626830804551|126.9375535313722594_37.5552189146085595
2026-09-04T03:35:30.187978+09:00,신촌 스타광장,신촌 스타광장,POI122,KEY_2,1130054000,서강로,1130026900,신촌로터리,126.9362469698456266_37.5547336229279907,1130027800,신촌로터리,126.9362078795990669_37.5552918851353184,66.0,23.0,서행,126.9362078795990669_37.5552918851353184|126.9362774483328025_37.5552146864900038|126.9363062591853719_37.5551384172764813|126.9363230977790380_37.5550564211653537|126.9363327714613661_37.5549477201242823|126.9363184780678608_37.5548542645506771|126.9362469698456266_37.5547336229279907
2026-09-04T03:35:30.187978+09:00,압구정로데오거리,압구정로데오거리,POI071,KEY_3,1220034202,도산대로,1220050701,도산공원사거리,127.0339034599154076_37.5216159042956363,1220051504,메종에르메스박물관,127.0358768409066386_37.5222264747469652,187.0,10.0,정체,127.0358768409066386_37.5222264747469652|127.0339034599154076_37.5216159042956363
2026-09-04T03:35:30.187978+09:00,압구정로데오거리,압구정로데오거리,POI071,KEY_3,1220034203,도산대로,1220051501,메종에르메스박물관,127.0360029680279013_37.5222664581804750,1220051804,신사동 501-5,127.0373127024870428_37.5226918366399289,125.0,15.0,서행,127.0373127024870428_37.5226918366399289|127.0360029680279013_37.5222664581804750
2026-09-04T03:35:30.187978+09:00,압구정로데오거리,압구정로데오거리,POI071,KEY_3,1220034204,도산대로,1220393600,신사동 501-5,127.0382594965785756_37.5229821213989680,1220052204,학동사거리,127.0390861363866435_37.5232347757009777,78.0,15.0,서행,127.0390861363866435_37.5232347757009777|127.0382594965785756_37.5229821213989680
2026-09-04T03:35:30.187978+09:00,압구정로데오거리,압구정로데오거리,POI071,KEY_3,1220034601,도산대로,1220420500,청담동 77,127.0400054812010779_37.5233569151823687,1220052404,청담동 77,127.0413071564451570_37.5235176656433396,116.0,35.0,원활,127.0413071564451570_37.5235176656433396|127.0405339348501172_37.5234221784106481|127.0400054812010779_37.5233569151823687
2026-09-04T03:35:30.187978+09:00,압구정로데오거리,압구정로데오거리,POI071,KEY_3,1220034602,도산대로,1220332800,청담동 77,127.0435213934482874_37.5238023106680032,1220052604,청담동 77,127.0445564869975641_37.5239355211408920,93.0,43.0,원활,127.0445564869975641_37.5239355211408920|127.0435213934482874_37.5238023106680032
2026-09-04T03:35:30.187978+09:00,압구정로데오거리,압구정로데오거리,POI071,KEY_3,1220034603,도산대로,1220276100,청담동 77,127.0463338208116113_37.5241605900114052,1220053004,청담사거리,127.0472792767386068_37.5242802278421408,85.0,32.0,원활,127.0472792767386068_37.5242802278421408|127.0469562705251434_37.5242393555858413|127.0463338208116113_37.5241605900114052
2026-09-04T03:35:30.187978+09:00,압구정로데오거리,압구정로데오거리,POI071,KEY_3,1220035302,언주로,1220297300,신사동 668-7,127.0335562010961752_37.5223932298900777,1220050701,도산공원사거리,127.0339034599154076_37.5216159042956363,92.0,39.0,원활,127.0339034599154076_37.5216159042956363|127.0337308185268910_37.5219788135002474|127.0335562010961752_37.5223932298900777
2026-09-04T03:35:30.187978+09:00,압구정로데오거리,압구정로데오거리,POI071,KEY_3,1220035303,언주로,1220313800,신사동 668-7,127.0332157260252188_37.5243745199735770,1220052101,아트스페이스엣,127.0333258336318352_37.5231033777095533,142.0,42.0,원활,127.0333258336318352_37.5231033777095533|127.0332722300848047_37.5232958210834937|127.0332484370027544_37.5234974571660942|127.0332280489652561_37.5236702360984324|127.0332116195424987_37.5239537302291168|127.0332015337768610_37.5241277617779829|127.0332157260252188_37.5243745199735770
2026-09-04T03:35:30.187978+09:00,압구정로데오거리,압구정로데오거리,POI071,KEY_3,1220035304,언주로,1220057702,신사동668-7,127.0336604132832861_37.5278365649310217,1220056501,신구중학교,127.0336233748968766_37.5276208211924214,24.0,42.0,원활,127.0336233748968766_37.5276208211924214|127.0336604132832861_37.5278365649310217
2026-09-04T03:35:30.187978+09:00,압구정로데오거리,압구정로데오거리,POI071,KEY_3,1220035305,언주로,1220258700,신사동 668-7,127.0337520736678130_37.5283998550291500,1220057701,신사동668-7,127.0336782786004619_37.5279437530884863,51.0,44.0,원활,127.0336782786004619_37.5279437530884863|127.0337520736678130_37.5283998550291500
2026-09-04T03:35:30.187978+09:00,압구정로데오거리,압구정로데오거리,POI071,KEY_3,1220035402,선릉로,1220052204,학동사거리,127.0390861363866435_37.5232347757009777,1220053403,신한양빌딩,127.0395014174557389_37.5246137310738916,158.0,14.0,정체,127.0395014174557389_37.5246137310738916|127.0393335370945920_37.5241464881978999|127.0392926724511966_37.5240305434553036|127.0391660322892449_37.5236540272358496|127.0391045399377816_37.5234487055447730|127.0390861363866435_37.5232347757009777
2026-09-04T03:35:30.187978+09:00,압구정로데오거리,압구정로데오거리,POI071,KEY_3,1220035403,선릉로,1220315600,신사동 668-5,127.0397160678826936_37.5252354356371711,1220055403,신사동 668-5,127.0398860261996958_37.5257295332640268,57.0,13.0,정체,127.0398860261996958_37.5257295332640268|127.0397160678826936_37.5252354356371711
2026-09-04T03:35:30.187978+09:00,압구정로데오거리,압구정로데오거리,POI071,KEY_3,1220035404,선릉로,1220246500,신사동 668-5,127.0403281994726257_37.5269638204885396,1220057303,한양아파트앞교차로,127.0406204313811145_37.5277781125819700,94.0,14.0,정체,127.0406204313811145_37.5277781125819700|127.0403965205514112_37.5271541960037496|127.0403281994726257_37.5269638204885396
2026-09-04T03:35:30.187978+09:00,압구정로데오거리,압구정로데오거리,POI071,KEY_3,1220035501,선릉로,1220052702,키네마극장,127.0394238001620124_37.5240025656407425,1220052201,학동사거리,127.0392244122724463_37.5232604498081272,84.0,9.0,정체,127.0392244122724463_37.5232604498081272|127.0392392010293747_37.5234323545396080|127.0392976430606637_37.5236274895412407|127.0394238001620124_37.5240025656407425
2026-09-04T03:35:30.187978+09:00,압구정로데오거리,압구정로데오거리,POI071,KEY_3,1220035502,선릉로,1220053402,신한양빌딩,127.0396319308838002_37.5245839844116418,1220052701,키네마극장,127.0394640495580632_37.5241167418134012,54.0,28.0,원활,127.0394640495580632_37.5241167418134012|127.0396319308838002_37.5245839844116418
2026-09-04T03:35:30.187978+09:00,압구정로데오거리,압구정로데오거리,POI071,KEY_3,1220035503,선릉로,1220055402,청담동 139,127.0400167637479711_37.5257004062011887,1220053401,신한양빌딩,127.0396689596081785_37.5246892784528328,116.0,37.0,원활,127.0396689596081785_37.5246892784528328|127.0398469969231741_37.5252068677753172|127.0400167637479711_37.5257004062011887
2026-09-04T03:35:30.187978+09:00,압구정로데오거리,압구정로데오거리,POI071,KEY_3,1220035504,선릉로,1220248500,청담동 139,127.0402731815181454_37.5264170811549747,1220055401,청담동 139,127.0400533551005253_37.5258045248859986,71.0,28.0,원활,127.0400533551005253_37.5258045248859986|127.0402731815181454_37.5264170811549747
2026-09-04T03:35:30.187978+09:00,압구정로데오거리,압구정로데오거리,POI071,KEY_3,1220035802,압구정로,1220220700,청담동 145,127.0445468381688698_37.5267788078608433,1220056102,갤러리아주유소,127.0438011178044917_37.5269658372789365,69.0,26.0,원활,127.0438011178044917_37.5269658372789365|127.0445468381688698_37.5267788078608433
2026-09-04T03:35:30.187978+09:00,압구정로데오거리,압구정로데오거리,POI071,KEY_3,1220035803,압구정로,1220056103,갤러리아주유소,127.0436709090198946_37.5269988640954608,1220056302,압구정로데오역3번출구,127.0423691118125902_37.5273328330233085,121.0,28.0,원활,127.0423691118125902_37.5273328330233085|127.0431965413789044_37.5271205625181921|127.0436709090198946_37.5269988640954608
2026-09-04T03:35:30.187978+09:00,압구정로데오거리,압구정로데오거리,POI071,KEY_3,1220035804,압구정로,1220056303,압구정로데오역3번출구,127.0422397642238650_37.5273658980511087,1220057302,한양아파트앞교차로,127.0407498452267987_37.5277452900861377,138.0,32.0,원활,127.0407498452267987_37.5277452900861377|127.0422397642238650_37.5273658980511087
2026-09-04T03:35:30.187978+09:00,압구정로데오거리,압구정로데오거리,POI071,KEY_3,1220036201,압구정로,1220058902,치안센터,127.0352184421143562_37.5290634828765022,1220059002,성수대교남단교차로,127.0338689599890216_37.5291222776353735,120.0,21.0,서행,127.0338689599890216_37.5291222776353735|127.0344802556415260_37.5291188555326158|127.0348714559033141_37.5290974977561973|127.0352184421143562_37.5290634828765022
2026-09-04T03:35:30.187978+09:00,압구정로데오거리,압구정로데오거리,POI071,KEY_3,1220036202,압구정로,1220058802,디에이치갤러리,127.0357050675745256_37.5290007857834951,1220058902,치안센터,127.0352184421143562_37.5290634828765022,44.0,32.0,원활,127.0352184421143562_37.5290634828765022|127.0357050675745256_37.5290007857834951
2026-09-04T03:35:30.187978+09:00,압구정로데오거리,압구정로데오거리,POI071,KEY_3,1220036203,압구정로,1220058603,신사동 667-35,127.0368481916816137_37.5287559403852029,1220058801,디에이치갤러리,127.0358386033354350_37.5289791338340208,93.0,36.0,원활,127.0358386033354350_37.5289791338340208|127.0361848364311044_37.5289120558376936|127.0368481916816137_37.5287559403852029
2026-09-04T03:35:30.187978+09:00,압구정로데오거리,압구정로데오거리,POI071,KEY_3,1220036204,압구정로,1220058003,뉴스포유,127.0383098113258313_37.5283845789100567,1220058602,신사동 667-35,127.0369779457113566_37.5287241271574530,124.0,30.0,원활,127.0369779457113566_37.5287241271574530|127.0383098113258313_37.5283845789100567
2026-09-04T03:35:30.187978+09:00,압구정로데오거리,압구정로데오거리,POI071,KEY_3,1220036205,압구정로,1220057902,압구정로데오역6번출구,127.0391308114570563_37.5281543012393257,1220058002,뉴스포유,127.0384385465388561_37.5283499106960861,65.0,21.0,서행,127.0384385465388561_37.5283499106960861|127.0391308114570563_37.5281543012393257
2026-09-04T03:35:30.187978+09:00,압구정로데오거리,압구정로데오거리,POI071,KEY_3,1220036206,압구정로,1220235400,신사동 667-35,127.0398194246827615_37.5279804016432124,1220057902,압구정로데오역6번출구,127.0391308114570563_37.5281543012393257,64.0,13.0,정체,127.0391308114570563_37.5281543012393257|127.0398194246827615_37.5279804016432124
2026-09-04T03:35:30.187978+09:00,압구정로데오거리,압구정로데오거리,POI071,KEY_3,1220094200,언주로154길,1220052303,디아드아스턴갤러리,127.0340560504835707_37.5232158850870405,1220052102,아트스페이스엣,127.0333555975738022_37.5229965212493681,67.0,11.0,정체,127.0333555975738022_37.5229965212493681|127.0340560504835707_37.5232158850870405
2026-09-04T03:35:30.187978+09:00,압구정로데오거리,압구정로데오거리,POI071,KEY_3,1220094300,언주로154길,1220052101,아트스페이스엣,127.0333258336318352_37.5231033777095533,1220052304,디아드아스턴갤러리,127.0340516336079162_37.5233306796815853,69.0,8.0,정체,127.0340516336079162_37.5233306796815853|127.0333258336318352_37.5231033777095533
2026-09-04T03:35:30.187978+09:00,압구정로데오거리,압구정로데오거리,POI071,KEY_3,1220094600,도산대로45길,1220277300,신사동 668-46,127.0347080693143624_37.5234268215054954,1220052302,디아드아스턴갤러리,127.0341902263573672_37.5232584336002688,49.0,11.0,정체,127.0341902263573672_37.5232584336002688|127.0347080693143624_37.5234268215054954
2026-09-04T03:35:30.187978+09:00,압구정로데오거리,압구정로데오거리,POI071,KEY_3,1220094700,도산대로45길,1220052301,디아드아스턴갤러리,127.0341857886132289_37.5233737746786886,1220051501,메종에르메스박물관,127.0360029680279013_37.5222664581804750,272.0,7.0,정체,127.0360029680279013_37.5222664581804750|127.0352934199533905_37.5236579906133016|127.0351486410132509_37.5236868649660238|127.0346567586791764_37.5235269211159306|127.0341857886132289_37.5233737746786886
2026-09-04T03:35:30.187978+09:00,압구정로데오거리,압구정로데오거리,POI071,KEY_3,1220095300,선릉로152길,1220319500,청담동 139-1,127.0402782679631741_37.5241051716234963,1220052702,키네마극장,127.0394238001620124_37.5240025656407425,76.0,15.0,서행,127.0394238001620124_37.5240025656407425|127.0402782679631741_37.5241051716234963
2026-09-04T03:35:30.187978+09:00,압구정로데오거리,압구정로데오거리,POI071,KEY_3,1220095400,선릉로152길,1220319400,청담동 139-1,127.0402580301235815_37.5242120839654163,1220052401,청담동 77,127.0414412487968434_37.5235345793648207,176.0,36.0,원활,127.0414412487968434_37.5235345793648207|127.0413128808020531_37.5242458193041557|127.0412157654857310_37.5243077538981922|127.0411093794579500_37.5243143088269946|127.0402580301235815_37.5242120839654163
2026-09-04T03:35:30.187978+09:00,압구정로데오거리,압구정로데오거리,POI071,KEY_3,1220096100,도산대로49길,1220440700,신사동 668-24,127.0373908494422608_37.5232317047430755,1220051801,신사동 501-5,127.0374445169795194_37.5227330235805070,56.0,36.0,원활,127.0374445169795194_37.5227330235805070|127.0373908494422608_37.5232317047430755
2026-09-04T03:35:30.187978+09:00,압구정로데오거리,압구정로데오거리,POI071,KEY_3,1220096200,도산대로49길,1220388400,신사동 668-27,127.0387418603502709_37.5248916424388383,1220053404,신한양빌딩,127.0395380314040210_37.5247178461193727,73.0,9.0,정체,127.0395380314040210_37.5247178461193727|127.0389386031129675_37.5248486960011931|127.0387418603502709_37.5248916424388383
2026-09-04T03:35:30.187978+09:00,압구정로데오거리,압구정로데오거리,POI071,KEY_3,1220097800,압구정로60길,1220352200,청담동 139-1,127.0407503810591976_37.5255388039052349,1220055402,청담동 139,127.0400167637479711_37.5257004062011887,67.0,36.0,원활,127.0400167637479711_37.5257004062011887|127.0407503810591976_37.5255388039052349
2026-09-04T03:35:30.187978+09:00,압구정로데오거리,압구정로데오거리,POI071,KEY_3,1220097900,압구정로60길,1220206400,청담동 139-2,127.0420188424852199_37.5267405370192932,1220056303,압구정로데오역3번출구,127.0422397642238650_37.5273658980511087,72.0,9.0,정체,127.0422397642238650_37.5273658980511087|127.0420188424852199_37.5267405370192932
2026-09-04T03:35:30.187978+09:00,압구정로데오거리,압구정로데오거리,POI071,KEY_3,1220098000,압구정로42길,1220168900,신사동 636-8,127.0349921764483980_37.5272593817440381,1220057103,갤러리언플러그드,127.0351618412494759_37.5276887643753270,50.0,12.0,정체,127.0351618412494759_37.5276887643753270|127.0349921764483980_37.5272593817440381
2026-09-04T03:35:30.187978+09:00,압구정로데오거리,압구정로데오거리,POI071,KEY_3,1220098800,압구정로50길,1220192600,신사동 668-32,127.0380283676483515_37.5276082080590356,1220058003,뉴스포유,127.0383098113258313_37.5283845789100567,90.0,7.0,정체,127.0383098113258313_37.5283845789100567|127.0380283676483515_37.5276082080590356
2026-09-04T03:35:30.187978+09:00,압구정로데오거리,압구정로데오거리,POI071,KEY_3,1220100200,압구정로46길,1220198800,신사동 668-29,127.0368064909289245_37.5282459368945851,1220057102,갤러리언플러그드,127.0352917319595178_37.5276573064262138,224.0,5.0,정체,127.0352917319595178_37.5276573064262138|127.0363751056718939_37.5272684683231859|127.0364780446013810_37.5273012249340567|127.0368064909289245_37.5282459368945851
2026-09-04T03:35:30.187978+09:00,압구정로데오거리,압구정로데오거리,POI071,KEY_3,1220100300,압구정로46길,1220057101,갤러리언플러그드,127.0353333724486617_37.5277609530066627,1220058603,신사동 667-35,127.0368481916816137_37.5287559403852029,258.0,14.0,정체,127.0368481916816137_37.5287559403852029|127.0367790274979996_37.5285721153675809|127.0366756551665475_37.5282747888026975|127.0363679184725925_37.5273896408760095|127.0353333724486617_37.5277609530066627
2026-09-04T03:35:30.187978+09:00,압구정로데오거리,압구정로데오거리,POI071,KEY_3,1220101300,언주로172길,1220221600,신사동 668-31,127.0343366867367791_37.5277719336935860,1220057702,신사동668-7,127.0336604132832861_37.5278365649310217,60.0,36.0,원활,127.0336604132832861_37.5278365649310217|127.0343366867367791_37.5277719336935860
2026-09-04T03:35:30.187978+09:00,압구정로데오거리,압구정로데오거리,POI071,KEY_3,1220101400,언주로172길,1220221500,신사동 637-1,127.0343528619886087_37.5278792836731370,1220057104,갤러리언플러그드,127.0352036089228704_37.5277927638463282,76.0,36.0,원활,127.0352036089228704_37.5277927638463282|127.0350756293459966_37.5278102049535391|127.0343528619886087_37.5278792836731370
2026-09-04T03:35:30.187978+09:00,압구정로데오거리,압구정로데오거리,POI071,KEY_3,1220102100,압구정로42길,1220057104,갤러리언플러그드,127.0352036089228704_37.5277927638463282,1220058802,디에이치갤러리,127.0357050675745256_37.5290007857834951,141.0,12.0,정체,127.0357050675745256_37.5290007857834951|127.0356527222084253_37.5288599748930167|127.0353921213760771_37.5282524051063504|127.0352036089228704_37.5277927638463282
2026-09-04T03:35:30.187978+09:00,여의도,여의도,POI072,KEY_4,1180033600,은행로,1180216900,여의도동 1-5,126.9219173698385248_37.5285968839280102,1180009804,신한일보,126.9233585883312401_37.5295063067986732,163.0,30.0,원활,126.9233585883312401_37.5295063067986732|126.9219173698385248_37.5285968839280102
2026-09-04T03:35:30.187978+09:00,여의도,여의도,POI072,KEY_4,1180001501,경인로,1180034601,영등포고가차도(동측),126.9148856364626994_37.5201012797874753,1180038804,여의도교차로,126.9173326906496868_37.5216339050043644,275.0,48.5,원활,126.9173326906496868_37.5216339050043644|126.9148856364626994_37.5201012797874753
2026-09-04T03:35:30.187978+09:00,여의도,여의도,POI072,KEY_4,1180001601,경인로,1180038803,여의도교차로,126.9174065780712510_37.5215426374484053,1180034602,영등포고가차도(동측),126.9149485395489876_37.5200031329234420,276.0,23.0,서행,126.9149485395489876_37.5200031329234420|126.9174065780712510_37.5215426374484053
2026-09-04T03:35:30.187978+09:00,여의도,여의도,POI072,KEY_4,1180001900,여의대로,1180044402,여의도공원앞,126.9216257794162317_37.5243012223384227,1180047704,여의도동2-11,126.9258941441588888_37.5269761909264190,480.0,18.0,서행,126.9258941441588888_37.5269761909264190|126.9216257794162317_37.5243012223384227
2026-09-04T03:35:30.187978+09:00,여의도,여의도,POI072,KEY_4,1180002000,여의대로,1180047703,여의도동2-11,126.9259780906076145_37.5268912205965108,1180044401,여의도공원앞,126.9217097283597013_37.5242162542949913,480.0,18.0,서행,126.9217097283597013_37.5242162542949913|126.9259780906076145_37.5268912205965108
2026-09-04T03:35:30.187978+09:00,여의도,여의도,POI072,KEY_4,1180002300,여의대로,1180047701,여의도동2-11,126.9259994169464392_37.5270428260578939,1180050903,마포대교앞교차로,126.9293336830422589_37.5291760389837705,378.0,43.0,원활,126.9293336830422589_37.5291760389837705|126.9259994169464392_37.5270428260578939
2026-09-04T03:35:30.187978+09:00,여의도,여의도,POI072,KEY_4,1180002501,여의대로,1180050904,마포대교앞교차로,126.9294559117414423_37.5292538203661366,1180052400,마포대교,126.9307212821010751_37.5300463600273631,142.0,46.0,원활,126.9307212821010751_37.5300463600273631|126.9294559117414423_37.5292538203661366
2026-09-04T03:35:30.187978+09:00,여의도,여의도,POI072,KEY_4,1180002601,여의대로,1180051800,마포대교,126.9308059681326171_37.5299618570035207,1180050901,마포대교앞교차로,126.9295779021332464_37.5291926767471580,138.0,60.0,원활,126.9295779021332464_37.5291926767471580|126.9308059681326171_37.5299618570035207
2026-09-04T03:35:30.187978+09:00,여의도,여의도,POI072,KEY_4,1180002602,여의대로,1180263600,최소노드배치점,126.9340230665834355_37.5320236982424547,1180051800,마포대교,126.9308059681326171_37.5299618570035207,365.0,65.3,원활,126.9308059681326171_37.5299618570035207|126.9335784255592046_37.5317501054697615|126.9340230665834355_37.5320236982424547
2026-09-04T03:35:30.187978+09:00,여의도,여의도,POI072,KEY_4,1180017603,여의동로,1180231500,여의도동 53-19,126.9343504590003988_37.5174301373925374,1180029004,여의도성모병원앞교차로,126.9349411821330307_37.5176018532841411,58.0,29.5,원활,126.9349411821330307_37.5176018532841411|126.9348356152542294_37.5175085459307311|126.9346541232606143_37.5174549053414381|126.9343504590003988_37.5174301373925374
2026-09-04T03:35:30.187978+09:00,여의도,여의도,POI072,KEY_4,1180017604,여의동로,1180028007,여의교앞교차로,126.9287014635556687_37.5170854408198835,1180028005,여의도동7-1,126.9330688836831342_37.5173255987544749,388.0,20.0,서행,126.9330688836831342_37.5173255987544749|126.9328973427525256_37.5173116050715265|126.9294935445075794_37.5170570638274583|126.9289923768250787_37.5170379776801539|126.9287795609766931_37.5170601520838431|126.9287014635556687_37.5170854408198835
2026-09-04T03:35:30.187978+09:00,여의도,여의도,POI072,KEY_4,1180017701,여의동로,1180028004,여의도동7-1,126.9330827126799619_37.5172180403822111,1180028008,여의교앞교차로,126.9286343708705260_37.5169904528563194,396.0,33.0,원활,126.9286343708705260_37.5169904528563194|126.9287446293766948_37.5169547496645919|126.9289867718019735_37.5169295196363777|126.9295031352358762_37.5169491852132566|126.9329106012311854_37.5172040003699721|126.9330827126799619_37.5172180403822111
2026-09-04T03:35:30.187978+09:00,여의도,여의도,POI072,KEY_4,1180017702,여의동로,1180212400,여의도동 7-18,126.9341125889030053_37.5173020490113700,1180028003,여의도동7-1,126.9332227196865404_37.5172294613749528,79.0,9.0,정체,126.9332227196865404_37.5172294613749528|126.9341125889030053_37.5173020490113700
2026-09-04T03:35:30.187978+09:00,여의도,여의도,POI072,KEY_4,1180017801,여의동로,1180028009,여의교앞교차로,126.9284790582093052_37.5169816909920968,1180028502,여의도동 3-9,126.9263700646838942_37.5171809813683481,190.0,12.0,정체,126.9263700646838942_37.5171809813683481|126.9267092074073844_37.5171065648512680|126.9271923057624747_37.5170058728699303|126.9277377896163870_37.5169434538744397|126.9281694861959551_37.5169240690170369|126.9284790582093052_37.5169816909920968
2026-09-04T03:35:30.187978+09:00,여의도,여의도,POI072,KEY_4,1180017802,여의동로,1180028503,여의도동 3-9,126.9262093538062430_37.5172191529016956,1180005902,윤중중교,126.9243075012715991_37.5179017267780566,185.0,27.0,원활,126.9243075012715991_37.5179017267780566|126.9255065559263898_37.5174428120289818|126.9257850863195785_37.5173417407292575|126.9262093538062430_37.5172191529016956
2026-09-04T03:35:30.187978+09:00,여의도,여의도,POI072,KEY_4,1180017901,여의동로,1180028501,여의도동 3-9,126.9264061143659319_37.5172852192624120,1180028010,여의교앞교차로,126.9284949425250630_37.5170956809386524,189.0,39.0,원활,126.9284949425250630_37.5170956809386524|126.9281576212887757_37.5170328939948732|126.9277512856331498_37.5170511401386335|126.9272192236425525_37.5171120231464954|126.9267444154372555_37.5172109868474237|126.9264061143659319_37.5172852192624120
2026-09-04T03:35:30.187978+09:00,여의도,여의도,POI072,KEY_4,1180017902,여의동로,1180005901,윤중중교,126.9243662892942979_37.5179991816475678,1180028504,여의도동 3-9,126.9262556418987771_37.5173207931159425,183.0,39.0,원활,126.9262556418987771_37.5173207931159425|126.9258364480671446_37.5174419140978017|126.9255640934717064_37.5175407441088709|126.9243662892942979_37.5179991816475678
2026-09-04T03:35:30.187978+09:00,여의도,여의도,POI072,KEY_4,1180018603,여의동로,1180248600,여의도동 7-6,126.9406867369458780_37.5205161735924975,1180007003,시범아파트앞교차로,126.9402919444834907_37.5208989401789523,56.0,35.0,원활,126.9402919444834907_37.5208989401789523|126.9404650735248765_37.5207821875801457|126.9406178353196282_37.5206239357599500|126.9406867369458780_37.5205161735924975
2026-09-04T03:35:30.187978+09:00,여의도,여의도,POI072,KEY_4,1180018604,여의동로,1180029002,여의도성모병원앞교차로,126.9350997210679566_37.5175977027777066,1180029602,여의상류IC,126.9364758954819337_37.5177089882566790,126.0,8.0,정체,126.9364758954819337_37.5177089882566790|126.9353673171677030_37.5175347013783878|126.9351749655291002_37.5175478271988325|126.9350997210679566_37.5175977027777066
2026-09-04T03:35:30.187978+09:00,여의도,여의도,POI072,KEY_4,1180018605,여의동로,1180112400,여의도동 62,126.9372867645856218_37.5178660511535682,1180030304,여의상류IC,126.9386167973851798_37.5180766712669254,120.0,35.0,원활,126.9386167973851798_37.5180766712669254|126.9372923478496773_37.5178671325933735|126.9372867645856218_37.5178660511535682
2026-09-04T03:35:30.187978+09:00,여의도,여의도,POI072,KEY_4,1180018701,여의동로,1180029601,여의상류IC,126.9365050785440872_37.5176034226056245,1180029003,여의도성모병원앞교차로,126.9350199175880505_37.5175099394123706,136.0,38.7,원활,126.9350199175880505_37.5175099394123706|126.9351209053556602_37.5174430000204779|126.9353748169001506_37.5174256723693205|126.9365050785440872_37.5176034226056245
2026-09-04T03:35:30.187978+09:00,여의도,여의도,POI072,KEY_4,1180018702,여의동로,1180112500,여의도동 62,126.9373188332011750_37.5177609917576689,1180029601,여의상류IC,126.9365050785440872_37.5176034226056245,74.0,41.0,원활,126.9365050785440872_37.5176034226056245|126.9373188332011750_37.5177609917576689
2026-09-04T03:35:30.187978+09:00,여의도,여의도,POI072,KEY_4,1180018704,여의동로,1180032700,여의상류IC,126.9408644596989291_37.5190433065538684,1180030302,여의상류IC,126.9388089615749209_37.5179993865758163,226.0,39.0,원활,126.9388089615749209_37.5179993865758163|126.9395937035285726_37.5181361308751633|126.9396772958450867_37.5181625840344495|126.9398184957858717_37.5182072672049287|126.9400594148473544_37.5183033690800016|126.9402528860086647_37.5184268126401008|126.9402658425591568_37.5184356698263670|126.9404404017894734_37.5185549993626708|126.9406033172842569_37.5187003987944934|126.9407382129929545_37.5188571753253512|126.9407941985135011_37.5189357133389834|126.9408504409698537_37.5190146115958214|126.9408644596989291_37.5190433065538684
2026-09-04T03:35:30.187978+09:00,여의도,여의도,POI072,KEY_4,1180018705,여의동로,1180033601,여의상류IC,126.9410620352872030_37.5197641943777285,1180032700,여의상류IC,126.9408644596989291_37.5190433065538684,83.0,15.0,서행,126.9408644596989291_37.5190433065538684|126.9409385909511201_37.5191950815743880|126.9409922183505728_37.5193112485734019|126.9410273832007618_37.5194267107547716|126.9410583553759722_37.5195846269940034|126.9410620352872030_37.5197641943777285
2026-09-04T03:35:30.187978+09:00,여의도,여의도,POI072,KEY_4,1180018706,여의동로,1180248500,여의도동 7-5,126.9408076990061289_37.5205652394176070,1180033601,여의상류IC,126.9410620352872030_37.5197641943777285,92.0,18.0,서행,126.9410620352872030_37.5197641943777285|126.9410197256354849_37.5200367526254936|126.9409429071853452_37.5203021469964426|126.9408500463545408_37.5204990074997298|126.9408076990061289_37.5205652394176070
2026-09-04T03:35:30.187978+09:00,여의도,여의도,POI072,KEY_4,1180019001,의사당대로,1180028010,여의교앞교차로,126.9284949425250630_37.5170956809386524,1180030703,이마트(여의도점),126.9276237094474169_37.5180791890850927,134.0,12.0,정체,126.9276237094474169_37.5180791890850927|126.9282503724807043_37.5174250886371610|126.9284949425250630_37.5170956809386524
2026-09-04T03:35:30.187978+09:00,여의도,여의도,POI072,KEY_4,1180019002,의사당대로,1180030704,이마트(여의도점),126.9275405917458244_37.5181646802247997,1180032903,대한지적공사앞사거리,126.9264435973438907_37.5192761903987275,157.0,22.0,서행,126.9264435973438907_37.5192761903987275|126.9274241496460434_37.5182826651824399|126.9275405917458244_37.5181646802247997
2026-09-04T03:35:30.187978+09:00,여의도,여의도,POI072,KEY_4,1180019102,의사당대로,1180030701,속성변화점,126.9276473072265503_37.5182315002228179,1180028006,여의교앞교차로,126.9286026167275026_37.5171630582704978,146.0,18.0,서행,126.9286026167275026_37.5171630582704978|126.9283631364112210_37.5174856126007654|126.9277316183260922_37.5181447808652777|126.9276473072265503_37.5182315002228179
2026-09-04T03:35:30.187978+09:00,여의도,여의도,POI072,KEY_4,1180019103,의사당대로,1180158500,여의도동 4-6,126.9275308651327805_37.5183494852298693,1180030701,속성변화점,126.9276473072265503_37.5182315002228179,17.0,22.0,서행,126.9276473072265503_37.5182315002228179|126.9275308651327805_37.5183494852298693
2026-09-04T03:35:30.187978+09:00,여의도,여의도,POI072,KEY_4,1180019202,여의대방로,1180028006,여의교앞교차로,126.9286026167275026_37.5171630582704978,1180031509,인도네시아대사관,126.9306994439660485_37.5185627932675629,243.0,24.0,서행,126.9306994439660485_37.5185627932675629|126.9306031366086529_37.5185041290905232|126.9288757489613886_37.5174518878942251|126.9286828339483293_37.5172632357301907|126.9286026167275026_37.5171630582704978
2026-09-04T03:35:30.187978+09:00,여의도,여의도,POI072,KEY_4,1180019203,여의대방로,1180130400,여의도동 5,126.9313888868268947_37.5189843143560324,1180033009,여의도동 5,126.9319553324304906_37.5193307404292185,63.0,42.0,원활,126.9319553324304906_37.5193307404292185|126.9314871570067851_37.5190444147317379|126.9313888868268947_37.5189843143560324
2026-09-04T03:35:30.187978+09:00,여의도,여의도,POI072,KEY_4,1180019204,여의대방로,1180033006,여의도동 5,126.9320621848172266_37.5193974572135858,1180034404,한양아파트앞교차로,126.9328084183614891_37.5198734924336605,85.0,35.0,원활,126.9328084183614891_37.5198734924336605|126.9322735200188532_37.5195322726712277|126.9320621848172266_37.5193974572135858
2026-09-04T03:35:30.187978+09:00,여의도,여의도,POI072,KEY_4,1180019302,여의대방로,1180241400,여의도동 5,126.9306855951908375_37.5184182444828664,1180028007,여의교앞교차로,126.9287014635556687_37.5170854408198835,231.0,47.0,원활,126.9287014635556687_37.5170854408198835|126.9287930450981605_37.5171998112240601|126.9289709014987722_37.5173737371677518|126.9306855951908375_37.5184182444828664
2026-09-04T03:35:30.187978+09:00,여의도,여의도,POI072,KEY_4,1180019303,여의대방로,1180240900,여의도동 5,126.9315698250522786_37.5189586575812442,1180031507,인도네시아대사관,126.9308898838573612_37.5185428140672030,76.0,49.0,원활,126.9308898838573612_37.5185428140672030|126.9314715548845385_37.5188985573068834|126.9315698250522786_37.5189586575812442
2026-09-04T03:35:30.187978+09:00,여의도,여의도,POI072,KEY_4,1180019801,국제금융로,1180189600,여의도동 5-2,126.9338907798894240_37.5187863161933706,1180034403,한양아파트앞교차로,126.9328922937565949_37.5197884754386166,142.0,10.0,정체,126.9328922937565949_37.5197884754386166|126.9338907798894240_37.5187863161933706
2026-09-04T03:35:30.187978+09:00,여의도,여의도,POI072,KEY_4,1180019902,국제금융로,1180189700,여의도동 5-2,126.9339971083820728_37.5188535265460033,1180029001,여의도성모병원앞교차로,126.9350432370004853_37.5177398182181605,155.0,23.0,서행,126.9350432370004853_37.5177398182181605|126.9349629962171520_37.5178840506861349|126.9339971083820728_37.5188535265460033
2026-09-04T03:35:30.187978+09:00,여의도,여의도,POI072,KEY_4,1180020000,여의동로,1180005903,윤중중교,126.9241717358982697_37.5179543351309093,1180006402,윤중초교앞교차로,126.9206614835417213_37.5193540995263746,347.0,43.5,원활,126.9206614835417213_37.5193540995263746|126.9241717358982697_37.5179543351309093
2026-09-04T03:35:30.187978+09:00,여의도,여의도,POI072,KEY_4,1180020100,여의동로,1180006401,윤중초교앞교차로,126.9207650877759193_37.5194336994840612,1180005904,윤중중교,126.9242325042099822_37.5180510147375443,343.0,23.0,서행,126.9242325042099822_37.5180510147375443|126.9207650877759193_37.5194336994840612
2026-09-04T03:35:30.187978+09:00,여의도,여의도,POI072,KEY_4,1180020301,여의동로3길,1180031103,윤중중학교,126.9249231925236501_37.5183700829170732,1180005901,윤중중교,126.9243662892942979_37.5179991816475678,64.0,25.0,원활,126.9243662892942979_37.5179991816475678|126.9249231925236501_37.5183700829170732
2026-09-04T03:35:30.187978+09:00,여의도,여의도,POI072,KEY_4,1180020302,여의동로3길,1180032903,대한지적공사앞사거리,126.9264435973438907_37.5192761903987275,1180031102,윤중중학교,126.9250235086354763_37.5184328852547324,157.0,25.0,원활,126.9250235086354763_37.5184328852547324|126.9253760354125831_37.5186403507661197|126.9259317402423761_37.5189673840996818|126.9261792002282760_37.5191130130005561|126.9264435973438907_37.5192761903987275
2026-09-04T03:35:30.187978+09:00,여의도,여의도,POI072,KEY_4,1180021002,63로,1180166800,여의도동 50,126.9395653585884816_37.5205912479877313,1180007004,시범아파트앞교차로,126.9401991775211798_37.5209785278175971,71.0,22.0,서행,126.9401991775211798_37.5209785278175971|126.9395653585884816_37.5205912479877313
2026-09-04T03:35:30.187978+09:00,여의도,여의도,POI072,KEY_4,1180021101,63로,1180195300,여의도동 6,126.9380119529951827_37.5194963601287341,1180029002,여의도성모병원앞교차로,126.9350997210679566_37.5175977027777066,334.0,27.0,원활,126.9350997210679566_37.5175977027777066|126.9351839323089735_37.5177190713969679|126.9353248760758532_37.5178334697526950|126.9354925925652253_37.5179372646136571|126.9369440439217271_37.5188355036529302|126.9374483762469197_37.5191476033771139|126.9376362472135042_37.5192638637462252|126.9380119529951827_37.5194963601287341
2026-09-04T03:35:30.187978+09:00,여의도,여의도,POI072,KEY_4,1180022001,여의동로,1180006403,윤중초교앞교차로,126.9205331922790805_37.5194057557695260,1180034500,메리어트파크센터오피스텔,126.9191573972615572_37.5200167950090204,139.0,46.0,원활,126.9191573972615572_37.5200167950090204|126.9195487672864573_37.5198172756694817|126.9200046134281195_37.5196196313517518|126.9205331922790805_37.5194057557695260
2026-09-04T03:35:30.187978+09:00,여의도,여의도,POI072,KEY_4,1180022003,여의동로,1180034500,메리어트파크센터오피스텔,126.9191573972615572_37.5200167950090204,1180038708,서울교앞,126.9176384535335274_37.5212437352463297,193.0,44.0,원활,126.9176384535335274_37.5212437352463297|126.9177737130527390_37.5210708680828517|126.9180113765738440_37.5208237738386003|126.9182127611032485_37.5206509623871227|126.9184597884011652_37.5204519962155132|126.9185760471934401_37.5203706965029085|126.9188382590859732_37.5202048586976034|126.9191573972615572_37.5200167950090204
2026-09-04T03:35:30.187978+09:00,여의도,여의도,POI072,KEY_4,1180022004,여의동로,1180038709,서울교앞,126.9175660120804139_37.5213368385697237,1180038803,여의도교차로,126.9174065780712510_37.5215426374484053,27.0,41.0,원활,126.9174065780712510_37.5215426374484053|126.9175660120804139_37.5213368385697237
2026-09-04T03:35:30.187978+09:00,여의도,여의도,POI072,KEY_4,1180022101,여의동로,1180035807,KT여의도지점,126.9186604598271515_37.5204553701592047,1180006404,윤중초교앞교차로,126.9206365839930015_37.5194851920707038,206.0,12.0,정체,126.9206365839930015_37.5194851920707038|126.9200678162411009_37.5197153291130974|126.9196178727489439_37.5199104143355413|126.9192343336486459_37.5201057964449731|126.9189208570016234_37.5202906791802562|126.9186604598271515_37.5204553701592047
2026-09-04T03:35:30.187978+09:00,여의도,여의도,POI072,KEY_4,1180022103,여의동로,1180038707,서울교앞,126.9177536585469710_37.5213009209994013,1180035806,KT여의도지점,126.9185563083192676_37.5205280201315929,112.0,19.0,서행,126.9185563083192676_37.5205280201315929|126.9183107914376052_37.5207257702069512|126.9181152324778310_37.5208935825944394|126.9178854547087951_37.5211324807004090|126.9177536585469710_37.5213009209994013
2026-09-04T03:35:30.187978+09:00,여의도,여의도,POI072,KEY_4,1180022104,여의동로,1180038802,여의도교차로,126.9175141532534923_37.5216096736950604,1180038706,서울교앞,126.9176815364894821_37.5213936151355867,28.0,15.0,서행,126.9176815364894821_37.5213936151355867|126.9175141532534923_37.5216096736950604
2026-09-04T03:35:30.187978+09:00,여의도,여의도,POI072,KEY_4,1180022401,의사당대로,1180032904,대한지적공사앞사거리,126.9263598027269637_37.5193612539994206,1180035903,속성변화점,126.9253081000746164_37.5204308705330831,151.0,23.0,서행,126.9253081000746164_37.5204308705330831|126.9263598027269637_37.5193612539994206
2026-09-04T03:35:30.187978+09:00,여의도,여의도,POI072,KEY_4,1180022402,의사당대로,1180078600,여의도동 3-6,126.9246842218055917_37.5210726004608617,1180038903,여의도역앞교차로,126.9241769575183127_37.5215948246163791,73.0,46.5,원활,126.9241769575183127_37.5215948246163791|126.9246842218055917_37.5210726004608617
2026-09-04T03:35:30.187978+09:00,여의도,여의도,POI072,KEY_4,1180022501,의사당대로,1180035902,여의도동 3-6,126.9254149706603272_37.5204975359694970,1180032901,대한지적공사앞사거리,126.9264657832950292_37.5194288220322676,151.0,27.0,원활,126.9264657832950292_37.5194288220322676|126.9254149706603272_37.5204975359694970
2026-09-04T03:35:30.187978+09:00,여의도,여의도,POI072,KEY_4,1180022502,의사당대로,1180232200,여의도동 3-6,126.9249536728722347_37.5209718922338453,1180035901,여의도동 3-6,126.9253314029925406_37.5205830136610601,55.0,7.0,정체,126.9253314029925406_37.5205830136610601|126.9249536728722347_37.5209718922338453
2026-09-04T03:35:30.187978+09:00,여의도,여의도,POI072,KEY_4,1180022601,여의나루로,1180244800,여의도동 3,126.9215656689733720_37.5200967219306705,1180036804,광장아파트앞,126.9226527303322172_37.5207652863534591,121.0,23.0,서행,126.9226527303322172_37.5207652863534591|126.9217926969060244_37.5202363504555478|126.9215656689733720_37.5200967219306705
2026-09-04T03:35:30.187978+09:00,여의도,여의도,POI072,KEY_4,1180022602,여의나루로,1180036801,광장아파트앞,126.9227595051740991_37.5208320493825696,1180038904,여의도역앞교차로,126.9240944819508456_37.5216807302462740,151.0,15.0,서행,126.9240944819508456_37.5216807302462740|126.9230741785364529_37.5210320988540929|126.9227595051740991_37.5208320493825696
2026-09-04T03:35:30.187978+09:00,여의도,여의도,POI072,KEY_4,1180022701,여의나루로,1180194200,여의도동 3,126.9209663293650578_37.5195741533230844,1180006401,윤중초교앞교차로,126.9207650877759193_37.5194336994840612,24.0,6.0,정체,126.9207650877759193_37.5194336994840612|126.9208553341128010_37.5195030362503985|126.9209663293650578_37.5195741533230844
2026-09-04T03:35:30.187978+09:00,여의도,여의도,POI072,KEY_4,1180022702,여의나루로,1180124200,여의도동 3,126.9231588597579616_37.5209475952101101,1180036802,광장아파트앞,126.9228279546733376_37.5207372265233658,37.0,7.0,정체,126.9228279546733376_37.5207372265233658|126.9231588597579616_37.5209475952101101
2026-09-04T03:35:30.187978+09:00,여의도,여의도,POI072,KEY_4,1180022901,국제금융로8길,1180126900,여의도동 4,126.9279920585710784_37.5202627781520377,1180032902,대한지적공사앞사거리,126.9265496010735461_37.5193437320748941,163.0,12.0,정체,126.9265496010735461_37.5193437320748941|126.9269201916985708_37.5195875873130760|126.9272716623493835_37.5198188587192476|126.9273748360091219_37.5198841753130239|126.9279920585710784_37.5202627781520377
2026-09-04T03:35:30.187978+09:00,여의도,여의도,POI072,KEY_4,1180022903,국제금융로8길,1180234300,여의도동 4,126.9293196295517134_37.5210904417870239,1180036702,매일일보,126.9287164299037443_37.5207081885220788,68.0,25.0,원활,126.9287164299037443_37.5207081885220788|126.9293196295517134_37.5210904417870239
2026-09-04T03:35:30.187978+09:00,여의도,여의도,POI072,KEY_4,1180022904,국제금융로8길,1180040203,수정아파트앞교차로,126.9307509889043502_37.5219799273467487,1180038602,한국금융증권,126.9299951560938382_37.5215173870643000,84.0,8.0,정체,126.9299951560938382_37.5215173870643000|126.9307509889043502_37.5219799273467487
2026-09-04T03:35:30.187978+09:00,여의도,여의도,POI072,KEY_4,1180023002,국제금융로,1180034404,한양아파트앞교차로,126.9328084183614891_37.5198734924336605,1180040203,수정아파트앞교차로,126.9307509889043502_37.5219799273467487,296.0,36.0,원활,126.9307509889043502_37.5219799273467487|126.9318322407762167_37.5208729407229455|126.9328084183614891_37.5198734924336605
2026-09-04T03:35:30.187978+09:00,여의도,여의도,POI072,KEY_4,1180023102,국제금융로,1180122200,여의도동 4-2,126.9319393819449289_37.5209393298269305,1180034401,한양아파트앞교차로,126.9329147543003131_37.5199407045290272,140.0,27.0,원활,126.9329147543003131_37.5199407045290272|126.9319393819449289_37.5209393298269305
2026-09-04T03:35:30.187978+09:00,여의도,여의도,POI072,KEY_4,1180023802,여의대방로,1180148700,여의도동 5,126.9332535039271335_37.5201528891288518,1180036504,삼익아파트,126.9340675747020981_37.5206627945251299,92.0,8.0,정체,126.9340675747020981_37.5206627945251299|126.9337093608596518_37.5204384234820338|126.9332535039271335_37.5201528891288518
2026-09-04T03:35:30.187978+09:00,여의도,여의도,POI072,KEY_4,1180023803,여의대방로,1180089000,여의도동 5,126.9348014519769947_37.5211250042198898,1180038402,원효대교(남측),126.9354288936371944_37.5215199968422155,71.0,10.0,정체,126.9354288936371944_37.5215199968422155|126.9354064649786693_37.5215062088296207|126.9349318528382327_37.5212071673588810|126.9348014519769947_37.5211250042198898
2026-09-04T03:35:30.187978+09:00,여의도,여의도,POI072,KEY_4,1180023804,여의대방로,1180038402,원효대교(남측),126.9354288936371944_37.5215199968422155,1180007603,원효대교앞교차로,126.9376993931907123_37.5229058691159025,253.0,33.3,원활,126.9376993931907123_37.5229058691159025|126.9367576606416321_37.5223368743102839|126.9354288936371944_37.5215199968422155
2026-09-04T03:35:30.187978+09:00,여의도,여의도,POI072,KEY_4,1180023902,여의대방로,1180148600,여의도동 5,126.9333374148772862_37.5200679006656301,1180034402,한양아파트앞교차로,126.9329986208068846_37.5198556883736742,38.0,19.0,서행,126.9329986208068846_37.5198556883736742|126.9333374148772862_37.5200679006656301
2026-09-04T03:35:30.187978+09:00,여의도,여의도,POI072,KEY_4,1180023904,여의대방로,1180007602,원효대교앞교차로,126.9377991695937595_37.5228304435030964,1180038401,원효대교(남측),126.9355118374576392_37.5214344074539099,255.0,39.0,원활,126.9355118374576392_37.5214344074539099|126.9368401546675926_37.5222510078583156|126.9377991695937595_37.5228304435030964
2026-09-04T03:35:30.187978+09:00,여의도,여의도,POI072,KEY_4,1180024601,여의동로,1180007004,시범아파트앞교차로,126.9401991775211798_37.5209785278175971,1180007602,원효대교앞교차로,126.9377991695937595_37.5228304435030964,295.0,42.0,원활,126.9377991695937595_37.5228304435030964|126.9394041207515187_37.5216176335209894|126.9401086909208090_37.5210660656542530|126.9401991775211798_37.5209785278175971
2026-09-04T03:35:30.187978+09:00,여의도,여의도,POI072,KEY_4,1180024701,여의동로,1180039300,원효대교(남측),126.9394984211137256_37.5216954122665811,1180007001,시범아파트앞교차로,126.9403039746038786_37.5210472508129982,101.0,44.0,원활,126.9403039746038786_37.5210472508129982|126.9402089441002488_37.5211391841689448|126.9394984211137256_37.5216954122665811
2026-09-04T03:35:30.187978+09:00,여의도,여의도,POI072,KEY_4,1180024702,여의동로,1180007601,원효대교앞교차로,126.9379087682920613_37.5228966618330730,1180039300,원효대교(남측),126.9394984211137256_37.5216954122665811,194.0,10.0,정체,126.9394984211137256_37.5216954122665811|126.9379087682920613_37.5228966618330730
2026-09-04T03:35:30.187978+09:00,여의도,여의도,POI072,KEY_4,1180025002,여의서로,1180038804,여의도교차로,126.9173326906496868_37.5216339050043644,1180042903,한국방송공사앞,126.9160598886022484_37.5232024405971387,207.0,16.0,서행,126.9160598886022484_37.5232024405971387|126.9162278121554834_37.5229759399330192|126.9171281270170084_37.5218737751130362|126.9173326906496868_37.5216339050043644
2026-09-04T03:35:30.187978+09:00,여의도,여의도,POI072,KEY_4,1180025102,여의서로,1180042902,한국방송공사앞,126.9161767807363361_37.5232574156796943,1180038801,여의도교차로,126.9174398834116033_37.5217006351711717,206.0,32.0,원활,126.9174398834116033_37.5217006351711717|126.9172411767066819_37.5219336377009398|126.9163432053984479_37.5230329362404262|126.9161767807363361_37.5232574156796943
2026-09-04T03:35:30.187978+09:00,여의도,여의도,POI072,KEY_4,1180026401,여의나루로,1180038901,여의도역앞교차로,126.9242012582014354_37.5217475240258054,1180041304,여의도포스트타워,126.9255002248636544_37.5225475166510023,145.0,29.0,원활,126.9255002248636544_37.5225475166510023|126.9242012582014354_37.5217475240258054
2026-09-04T03:35:30.187978+09:00,여의도,여의도,POI072,KEY_4,1180026402,여의나루로,1180041301,여의도포스트타워,126.9256078753944763_37.5226133831529864,1180042304,여의도우체국,126.9263084504317050_37.5230392405150965,78.0,29.0,원활,126.9263084504317050_37.5230392405150965|126.9256078753944763_37.5226133831529864
2026-09-04T03:35:30.187978+09:00,여의도,여의도,POI072,KEY_4,1180026403,여의나루로,1180125200,여의도동 3,126.9273055137644377_37.5236590158115035,1180008104,한국거래소교차로,126.9284262911522063_37.5243565376483375,126.0,15.0,서행,126.9284262911522063_37.5243565376483375|126.9273055137644377_37.5236590158115035
2026-09-04T03:35:30.187978+09:00,여의도,여의도,POI072,KEY_4,1180026501,여의나루로,1180041302,속성변화점,126.9256902342329596_37.5225274343242958,1180038902,여의도역앞교차로,126.9242837002947937_37.5216616256273028,157.0,28.0,원활,126.9242837002947937_37.5216616256273028|126.9255832614961861_37.5224619830475987|126.9256902342329596_37.5225274343242958
2026-09-04T03:35:30.187978+09:00,여의도,여의도,POI072,KEY_4,1180026502,여의나루로,1180042303,여의도우체국,126.9263908079338563_37.5229532919718807,1180041302,속성변화점,126.9256902342329596_37.5225274343242958,78.0,27.0,원활,126.9256902342329596_37.5225274343242958|126.9263908079338563_37.5229532919718807
2026-09-04T03:35:30.187978+09:00,여의도,여의도,POI072,KEY_4,1180026503,여의나루로,1180125300,여의도동 3,126.9273890984019033_37.5235738209484921,1180042302,여의도우체국,126.9264982473671637_37.5230193781161319,100.0,36.0,원활,126.9264982473671637_37.5230193781161319|126.9273890984019033_37.5235738209484921
2026-09-04T03:35:30.187978+09:00,여의도,여의도,POI072,KEY_4,1180026601,국제금융로,1180040204,수정아파트앞교차로,126.9306672829337828_37.5220650517832723,1180042603,동서빌딩,126.9296216888965887_37.5231213788522311,149.0,31.0,원활,126.9296216888965887_37.5231213788522311|126.9306672829337828_37.5220650517832723
2026-09-04T03:35:30.187978+09:00,여의도,여의도,POI072,KEY_4,1180026602,국제금융로,1180042604,동서빌딩,126.9295381668630398_37.5232067155673192,1180008103,한국거래소교차로,126.9285092333859524_37.5242709429893537,149.0,37.0,원활,126.9285092333859524_37.5242709429893537|126.9295381668630398_37.5232067155673192
2026-09-04T03:35:30.187978+09:00,여의도,여의도,POI072,KEY_4,1180026701,국제금융로,1180008102,한국거래소교차로,126.9286163016688818_37.5243374139891230,1180040201,수정아파트앞교차로,126.9307745811657071_37.5221312878077455,310.0,38.0,원활,126.9307745811657071_37.5221312878077455|126.9297282923670735_37.5231883182878576|126.9296457226009380_37.5232726808345376|126.9286163016688818_37.5243374139891230
2026-09-04T03:35:30.187978+09:00,여의도,여의도,POI072,KEY_4,1180027001,국제금융로7길,1180081300,여의도동 3-1,126.9318327118790393_37.5227902671910627,1180042104,여의도한양아파트,126.9319322430067700_37.5228522517926564,11.0,8.0,정체,126.9319322430067700_37.5228522517926564|126.9318327118790393_37.5227902671910627
2026-09-04T03:35:30.187978+09:00,여의도,여의도,POI072,KEY_4,1180027002,국제금융로7길,1180170400,여의도동 30-2,126.9333111517824335_37.5237035923319837,1180008203,여의도선착장앞교차로,126.9351237113233424_37.5248540733071394,205.0,14.0,정체,126.9351237113233424_37.5248540733071394|126.9347308471132010_37.5245861791715924|126.9341471467802336_37.5242210350281624|126.9339693179029922_37.5241097897212015|126.9335585427071464_37.5238562744125730|126.9333111517824335_37.5237035923319837
2026-09-04T03:35:30.187978+09:00,여의도,여의도,POI072,KEY_4,1180027101,국제금융로7길,1180125900,여의도동 4,126.9311872674100243_37.5222510530704270,1180040202,수정아파트앞교차로,126.9308582797666531_37.5220461648026387,37.0,20.0,서행,126.9308582797666531_37.5220461648026387|126.9311872674100243_37.5222510530704270
2026-09-04T03:35:30.187978+09:00,여의도,여의도,POI072,KEY_4,1180027102,국제금융로7길,1180198500,여의도동 4,126.9326315429515404_37.5231473697622491,1180042102,여의도한양아파트,126.9321229804287583_37.5228334900583178,57.0,14.0,정체,126.9321229804287583_37.5228334900583178|126.9326315429515404_37.5231473697622491
2026-09-04T03:35:30.187978+09:00,여의도,여의도,POI072,KEY_4,1180027601,여의동로,1180007603,원효대교앞교차로,126.9376993931907123_37.5229058691159025,1180008202,여의도선착장앞교차로,126.9352222439933087_37.5247789291314646,302.0,29.0,원활,126.9352222439933087_37.5247789291314646|126.9376993931907123_37.5229058691159025
2026-09-04T03:35:30.187978+09:00,여의도,여의도,POI072,KEY_4,1180027701,여의동로,1180044300,원효대교(남측),126.9363222446695119_37.5240962818884185,1180007604,원효대교앞교차로,126.9378089860223895_37.5229720840527037,181.0,43.0,원활,126.9378089860223895_37.5229720840527037|126.9363222446695119_37.5240962818884185
2026-09-04T03:35:30.187978+09:00,여의도,여의도,POI072,KEY_4,1180027702,여의동로,1180008201,여의도선착장앞교차로,126.9353157098191645_37.5248573421928668,1180044300,원효대교(남측),126.9363222446695119_37.5240962818884185,123.0,41.0,원활,126.9363222446695119_37.5240962818884185|126.9353157098191645_37.5248573421928668
2026-09-04T03:35:30.187978+09:00,여의도,여의도,POI072,KEY_4,1180028200,의사당대로,1180042502,여의도지하차도(남측),126.9230739462851005_37.5227496061812005,1180009003,여의도지하차도(북측),126.9191150291965613_37.5267392953712999,564.0,57.7,원활,126.9191150291965613_37.5267392953712999|126.9201443506246108_37.5257459991238065|126.9212525207885562_37.5245910783263668|126.9219274569347249_37.5239031931689340|126.9230739462851005_37.5227496061812005
2026-09-04T03:35:30.187978+09:00,여의도,여의도,POI072,KEY_4,1180028801,여의공원로,1180119800,한국방송공사앞교차로,126.9162376982854141_37.5234303290582289,1180045104,여의도동 2-11,126.9185848101250258_37.5248548993062059,261.0,11.0,정체,126.9185848101250258_37.5248548993062059|126.9162376982854141_37.5234303290582289
2026-09-04T03:35:30.187978+09:00,여의도,여의도,POI072,KEY_4,1180028802,여의공원로,1180045101,여의도동 2-11,126.9186925033394289_37.5249207467094124,1180046204,여의도공원사거리,126.9200468517650648_37.5257551569498133,151.0,8.0,정체,126.9200468517650648_37.5257551569498133|126.9186925033394289_37.5249207467094124
2026-09-04T03:35:30.187978+09:00,여의도,여의도,POI072,KEY_4,1180028902,여의공원로,1180045103,여의도동 2-11,126.9186670908712671_37.5247689025059827,1180042902,한국방송공사앞,126.9161767807363361_37.5232574156796943,277.0,25.0,원활,126.9161767807363361_37.5232574156796943|126.9163199805120570_37.5233443334696943|126.9186670908712671_37.5247689025059827
2026-09-04T03:35:30.187978+09:00,여의도,여의도,POI072,KEY_4,1180028903,여의공원로,1180046203,여의도공원사거리,126.9201299129616700_37.5256696373191119,1180045102,여의도동 2-11,126.9187755656427044_37.5248352275160784,151.0,28.0,원활,126.9187755656427044_37.5248352275160784|126.9201299129616700_37.5256696373191119
2026-09-04T03:35:30.187978+09:00,여의도,여의도,POI072,KEY_4,1180029201,여의서로,1180042904,한국방송공사앞,126.9159903931043800_37.5232960347716684,1180046803,KBS기술연구소,126.9141488563772526_37.5260216283162720,344.0,8.0,정체,126.9141488563772526_37.5260216283162720|126.9145825675221744_37.5253904618593026|126.9155125095740289_37.5239458188810460|126.9158732772367273_37.5234535696549258|126.9159903931043800_37.5232960347716684
2026-09-04T03:35:30.187978+09:00,여의도,여의도,POI072,KEY_4,1180029202,여의서로,1180046804,KBS기술연구소,126.9140828054650996_37.5261159127207975,1180047803,의원회관앞교차로,126.9135274643399640_37.5268977275474711,100.0,6.0,정체,126.9135274643399640_37.5268977275474711|126.9140828054650996_37.5261159127207975
2026-09-04T03:35:30.187978+09:00,여의도,여의도,POI072,KEY_4,1180029301,여의서로,1180046802,KBS기술연구소,126.9142679428666298_37.5260735354667077,1180042901,한국방송공사앞,126.9161072016457155_37.5233511216727109,343.0,41.0,원활,126.9161072016457155_37.5233511216727109|126.9159903024120695_37.5235083663165980|126.9156316188370539_37.5239977738216837|126.9147025329317984_37.5254410884652785|126.9142679428666298_37.5260735354667077
2026-09-04T03:35:30.187978+09:00,여의도,여의도,POI072,KEY_4,1180029302,여의서로,1180047802,의원회관앞교차로,126.9136394602196987_37.5269596416603761,1180046801,KBS기술연구소,126.9142009634784500_37.5261691500808396,101.0,24.0,서행,126.9142009634784500_37.5261691500808396|126.9136394602196987_37.5269596416603761
2026-09-04T03:35:30.187978+09:00,여의도,여의도,POI072,KEY_4,1180030202,국제금융로,1180008104,한국거래소교차로,126.9284262911522063_37.5243565376483375,1180045503,콘래드호텔,126.9275656592524513_37.5252426866880526,124.0,11.0,정체,126.9275656592524513_37.5252426866880526|126.9284262911522063_37.5243565376483375
2026-09-04T03:35:30.187978+09:00,여의도,여의도,POI072,KEY_4,1180030203,국제금융로,1180045504,콘래드호텔,126.9274823003491548_37.5253285166201778,1180047403,파크원타워1,126.9262943673228676_37.5265516473403409,172.0,42.0,원활,126.9262943673228676_37.5265516473403409|126.9274823003491548_37.5253285166201778
2026-09-04T03:35:30.187978+09:00,여의도,여의도,POI072,KEY_4,1180030302,국제금융로,1180047402,파크원타워1,126.9263987935073459_37.5266208412980191,1180008101,한국거래소교차로,126.9285333597918708_37.5244230074264635,308.0,25.0,원활,126.9285333597918708_37.5244230074264635|126.9276730373239701_37.5253088391501777|126.9275896799517085_37.5253946687649673|126.9263987935073459_37.5266208412980191
2026-09-04T03:35:30.187978+09:00,여의도,여의도,POI072,KEY_4,1180030402,여의나루로,1180153000,여의도동 3,126.9295910888797891_37.5250780460679465,1180045704,삼부아파트,126.9301223210420062_37.5254070237092776,59.0,13.0,정체,126.9301223210420062_37.5254070237092776|126.9295910888797891_37.5250780460679465
2026-09-04T03:35:30.187978+09:00,여의도,여의도,POI072,KEY_4,1180030403,여의나루로,1180171700,여의도동 3,126.9321280963523151_37.5266567883219651,1180009103,여의중고교앞교차로,126.9324772431698278_37.5268743677158270,39.0,16.0,서행,126.9324772431698278_37.5268743677158270|126.9323539014093285_37.5267975045387630|126.9321280963523151_37.5266567883219651
2026-09-04T03:35:30.187978+09:00,여의도,여의도,POI072,KEY_4,1180030501,여의나루로,1180045703,삼부아파트,126.9302056495171200_37.5253216690245637,1180008102,한국거래소교차로,126.9286163016688818_37.5243374139891230,178.0,16.0,서행,126.9286163016688818_37.5243374139891230|126.9290852126952274_37.5246278072283701|126.9296744175930627_37.5249926917535461|126.9302056495171200_37.5253216690245637
2026-09-04T03:35:30.187978+09:00,여의도,여의도,POI072,KEY_4,1180030502,여의나루로,1180105800,여의도동 3,126.9316958645969038_37.5262501446870687,1180045702,삼부아파트,126.9303133224847642_37.5253885442037927,155.0,34.0,원활,126.9303133224847642_37.5253885442037927|126.9316958645969038_37.5262501446870687
2026-09-04T03:35:30.187978+09:00,여의도,여의도,POI072,KEY_4,1180030800,여의동로,1180008203,여의도선착장앞교차로,126.9351237113233424_37.5248540733071394,1180009102,여의중고교앞교차로,126.9325768880587333_37.5267991798270799,312.0,40.0,원활,126.9325768880587333_37.5267991798270799|126.9340880918445009_37.5256494381100225|126.9351237113233424_37.5248540733071394
2026-09-04T03:35:30.187978+09:00,여의도,여의도,POI072,KEY_4,1180030900,여의동로,1180009101,여의중고교앞교차로,126.9326849274163322_37.5268665066546987,1180008204,여의도선착장앞교차로,126.9352179426163758_37.5249319019633703,310.0,42.0,원활,126.9352179426163758_37.5249319019633703|126.9341820940272072_37.5257274434280319|126.9326849274163322_37.5268665066546987
2026-09-04T03:35:30.187978+09:00,여의도,여의도,POI072,KEY_4,1180031200,의사당대로,1180046204,여의도공원사거리,126.9200468517650648_37.5257551569498133,1180009003,여의도지하차도(북측),126.9191150291965613_37.5267392953712999,138.0,29.5,원활,126.9191150291965613_37.5267392953712999|126.9191933704532005_37.5265787675293083|126.9200468517650648_37.5257551569498133
2026-09-04T03:35:30.187978+09:00,여의도,여의도,POI072,KEY_4,1180031300,의사당대로,1180009002,여의도지하차도(북측),126.9192224605303210_37.5268054826268056,1180046201,여의도공원사거리,126.9202613782381377_37.5258878549948420,138.0,33.5,원활,126.9202613782381377_37.5258878549948420|126.9194027746886633_37.5267164115458911|126.9192224605303210_37.5268054826268056
2026-09-04T03:35:30.187978+09:00,여의도,여의도,POI072,KEY_4,1180031402,국회대로,1180046001,여의2교남단교차로,126.9110548372880771_37.5257645667991255,1180047804,의원회관앞교차로,126.9134650625379095_37.5269942928087872,253.0,46.0,원활,126.9134650625379095_37.5269942928087872|126.9110548372880771_37.5257645667991255
2026-09-04T03:35:30.187978+09:00,여의도,여의도,POI072,KEY_4,1180031502,국회대로,1180047803,의원회관앞교차로,126.9135274643399640_37.5268977275474711,1180046002,여의2교남단교차로,126.9111139413039098_37.5256663196409335,253.0,44.0,원활,126.9111139413039098_37.5256663196409335|126.9135274643399640_37.5268977275474711
2026-09-04T03:35:30.187978+09:00,여의도,여의도,POI072,KEY_4,1180031700,여의대방로,1180263900,최소노드배치점,126.9423668339206870_37.5252518313100794,1180043100,원효대교남단,126.9389194214592607_37.5234603791527448,364.0,71.0,원활,126.9389194214592607_37.5234603791527448|126.9423668339206870_37.5252518313100794
2026-09-04T03:35:30.187978+09:00,여의도,여의도,POI072,KEY_4,1180032200,여의공원로,1180046201,여의도공원사거리,126.9202613782381377_37.5258878549948420,1180009504,여의도공원앞교차로,126.9243788044885548_37.5284488470021884,462.0,32.0,원활,126.9243788044885548_37.5284488470021884|126.9229106898593642_37.5275333155708140|126.9202613782381377_37.5258878549948420
2026-09-04T03:35:30.187978+09:00,여의도,여의도,POI072,KEY_4,1180032300,여의공원로,1180009503,여의도공원앞교차로,126.9244625001170590_37.5283637182862293,1180046202,여의도공원사거리,126.9203448630397020_37.5258025956584831,462.0,23.0,서행,126.9203448630397020_37.5258025956584831|126.9229942795348052_37.5274481218260405|126.9244625001170590_37.5283637182862293
2026-09-04T03:35:30.187978+09:00,여의도,여의도,POI072,KEY_4,1180033000,의사당대로,1180009004,여의도지하차도(북측),126.9190308136938512_37.5268240980039991,1180050803,국회의사당앞교차로,126.9169751671367123_37.5289842081922771,301.0,29.0,원활,126.9169751671367123_37.5289842081922771|126.9190308136938512_37.5268240980039991
2026-09-04T03:35:30.187978+09:00,여의도,여의도,POI072,KEY_4,1180033100,의사당대로,1180050802,국회의사당앞교차로,126.9170828781558384_37.5290500254580905,1180009001,여의도지하차도(북측),126.9191381861277392_37.5268902681428855,301.0,17.0,서행,126.9191381861277392_37.5268902681428855|126.9170828781558384_37.5290500254580905
2026-09-04T03:35:30.187978+09:00,여의도,여의도,POI072,KEY_4,1180033202,국회대로,1180138900,여의도동 1-1,126.9158268605278437_37.5284233742115916,1180050804,국회의사당앞교차로,126.9168928924711679_37.5290702119511366,118.0,50.7,원활,126.9168928924711679_37.5290702119511366|126.9165053994318129_37.5288350946524574|126.9158268605278437_37.5284233742115916
2026-09-04T03:35:30.187978+09:00,여의도,여의도,POI072,KEY_4,1180033301,국회대로,1180049103,키즈TV,126.9154773852716289_37.5280753781942735,1180047802,의원회관앞교차로,126.9136394602196987_37.5269596416603761,204.0,53.0,원활,126.9136394602196987_37.5269596416603761|126.9146393203885879_37.5275666275930178|126.9150824738661498_37.5278356472698889|126.9154773852716289_37.5280753781942735
2026-09-04T03:35:30.187978+09:00,여의도,여의도,POI072,KEY_4,1180033302,국회대로,1180115400,여의도동 1-1,126.9165876741060259_37.5287490912861017,1180049102,키즈TV,126.9155853725793577_37.5281409178062191,111.0,51.0,원활,126.9155853725793577_37.5281409178062191|126.9159091352979658_37.5283373715814861|126.9165876741060259_37.5287490912861017
2026-09-04T03:35:30.187978+09:00,여의도,여의도,POI072,KEY_4,1180033401,여의동로,1180009103,여의중고교앞교차로,126.9324772431698278_37.5268743677158270,1180049402,여의동로삼거리,126.9306888510367770_37.5282400464787358,219.0,33.0,원활,126.9306888510367770_37.5282400464787358|126.9316099219255705_37.5275248241457220|126.9324772431698278_37.5268743677158270
2026-09-04T03:35:30.187978+09:00,여의도,여의도,POI072,KEY_4,1180033402,여의동로,1180049403,여의동로삼거리,126.9305906868378742_37.5283161715650735,1180050701,마포대교앞,126.9298855635072698_37.5288624491009486,87.0,38.0,원활,126.9298855635072698_37.5288624491009486|126.9305906868378742_37.5283161715650735
2026-09-04T03:35:30.187978+09:00,여의도,여의도,POI072,KEY_4,1180033501,여의동로,1180050000,마포대교남측,126.9304020221015321_37.5286131745307898,1180009104,여의중고교앞교차로,126.9325853985016863_37.5269417668937137,268.0,29.0,원활,126.9325853985016863_37.5269417668937137|126.9317038491518019_37.5276028935370434|126.9307836236958451_37.5283174604033363|126.9306853496340324_37.5283936719680753|126.9304020221015321_37.5286131745307898
2026-09-04T03:35:30.187978+09:00,여의도,여의도,POI072,KEY_4,1180033503,여의동로,1180050901,마포대교앞교차로,126.9295779021332464_37.5291926767471580,1180050000,마포대교남측,126.9304020221015321_37.5286131745307898,97.0,12.0,정체,126.9304020221015321_37.5286131745307898|126.9299369050538218_37.5289735100707489|126.9295779021332464_37.5291926767471580
2026-09-04T03:35:30.187978+09:00,여의도,여의도,POI072,KEY_4,1180033700,은행로,1180009803,신한일보,126.9234414497844057_37.5294206483528754,1180009002,여의도지하차도(북측),126.9192224605303210_37.5268054826268056,473.0,27.0,원활,126.9192224605303210_37.5268054826268056|126.9195732675343748_37.5270189229749036|126.9202338553054545_37.5274208360670514|126.9208296717275886_37.5277833342574425|126.9213053103871687_37.5280727109073098|126.9214090375718911_37.5281381664055473|126.9220016795030261_37.5285121403360407|126.9234414497844057_37.5294206483528754
2026-09-04T03:35:30.187978+09:00,여의도,여의도,POI072,KEY_4,1180034400,국회대로76길,1180009504,여의도공원앞교차로,126.9243788044885548_37.5284488470021884,1180009803,신한일보,126.9234414497844057_37.5294206483528754,136.0,36.0,원활,126.9234414497844057_37.5294206483528754|126.9243788044885548_37.5284488470021884
2026-09-04T03:35:30.187978+09:00,여의도,여의도,POI072,KEY_4,1180034500,국회대로76길,1180009802,신한일보,126.9235485328000550_37.5294871131787886,1180009501,여의도공원앞교차로,126.9244851749435838_37.5285160491735326,136.0,23.0,서행,126.9244851749435838_37.5285160491735326|126.9235485328000550_37.5294871131787886
2026-09-04T03:35:30.187978+09:00,여의도,여의도,POI072,KEY_4,1180034801,여의공원로,1180009501,여의도공원앞교차로,126.9244851749435838_37.5285160491735326,1180051204,국민일보본사,126.9257155110862811_37.5293031839462898,139.0,19.0,서행,126.9257155110862811_37.5293031839462898|126.9244851749435838_37.5285160491735326
2026-09-04T03:35:30.187978+09:00,여의도,여의도,POI072,KEY_4,1180034802,여의공원로,1180051201,국민일보본사,126.9258217891435123_37.5293704606697105,1180052803,여의도동 8-1,126.9270735891385158_37.5301791716015671,143.0,32.0,원활,126.9270735891385158_37.5301791716015671|126.9269146142970186_37.5300549037916227|126.9258217891435123_37.5293704606697105
2026-09-04T03:35:30.187978+09:00,여의도,여의도,POI072,KEY_4,1180034901,여의공원로,1180051203,국민일보본사,126.9258005332342947_37.5292188928723505,1180009502,여의도공원앞교차로,126.9245701975796123_37.5284317589745982,139.0,22.0,서행,126.9245701975796123_37.5284317589745982|126.9258005332342947_37.5292188928723505
2026-09-04T03:35:30.187978+09:00,여의도,여의도,POI072,KEY_4,1180034902,여의공원로,1180052802,여의도동 8-1,126.9271942634312609_37.5301220004860596,1180051202,국민일보본사,126.9259057123857843_37.5292854733296437,147.0,24.0,서행,126.9259057123857843_37.5292854733296437|126.9270043948584146_37.5299735844800821|126.9271942634312609_37.5301220004860596
2026-09-04T03:35:30.187978+09:00,여의도,여의도,POI072,KEY_4,1180035200,여의서로,1180050903,마포대교앞교차로,126.9293336830422589_37.5291760389837705,1180052802,여의도동 8-1,126.9271942634312609_37.5301220004860596,217.0,14.0,정체,126.9271942634312609_37.5301220004860596|126.9289687654274701_37.5292909204113414|126.9293336830422589_37.5291760389837705
2026-09-04T03:35:30.187978+09:00,여의도,여의도,POI072,KEY_4,1180035301,여의서로,1180051900,마포대교(남측),126.9282127564699607_37.5297704303567201,1180050904,마포대교앞교차로,126.9294559117414423_37.5292538203661366,124.0,44.0,원활,126.9294559117414423_37.5292538203661366|126.9290284880619879_37.5293883798018513|126.9282127564699607_37.5297704303567201
2026-09-04T03:35:30.187978+09:00,여의도,여의도,POI072,KEY_4,1180035302,여의서로,1180052801,여의도동 8-1,126.9272946071328505_37.5302004365455559,1180051900,마포대교(남측),126.9282127564699607_37.5297704303567201,94.0,40.0,원활,126.9282127564699607_37.5297704303567201|126.9272946071328505_37.5302004365455559
2026-09-04T03:35:30.187978+09:00,여의도,여의도,POI072,KEY_4,1180036002,은행로,1180009801,신한일보,126.9234656771860301_37.5295727631180682,1180054103,여의도동 8-1,126.9253966778790357_37.5307939856169597,218.0,39.0,원활,126.9253966778790357_37.5307939856169597|126.9247967732784161_37.5303884026922248|126.9246963806167088_37.5303239145643346|126.9234656771860301_37.5295727631180682
2026-09-04T03:35:30.187978+09:00,여의도,여의도,POI072,KEY_4,1180036101,은행로,1180053403,중소기업투데이,126.9247789627892189_37.5302380972319654,1180009802,신한일보,126.9235485328000550_37.5294871131787886,137.0,16.0,서행,126.9235485328000550_37.5294871131787886|126.9247789627892189_37.5302380972319654
2026-09-04T03:35:30.187978+09:00,여의도,여의도,POI072,KEY_4,1180036102,은행로,1180054102,여의도동 8-1,126.9255387467788267_37.5307482084733266,1180053402,중소기업투데이,126.9248846356486524_37.5303059783637281,76.0,19.0,서행,126.9248846356486524_37.5303059783637281|126.9255387467788267_37.5307482084733266
2026-09-04T03:35:30.187978+09:00,여의도,여의도,POI072,KEY_4,1180036200,여의서로,1180052803,여의도동 8-1,126.9270735891385158_37.5301791716015671,1180054102,여의도동 8-1,126.9255387467788267_37.5307482084733266,150.0,27.0,원활,126.9255387467788267_37.5307482084733266|126.9263346255653886_37.5304864014787682|126.9267477914268198_37.5303345757613798|126.9270735891385158_37.5301791716015671
2026-09-04T03:35:30.187978+09:00,여의도,여의도,POI072,KEY_4,1180036300,여의서로,1180054101,여의도동 8,126.9256551428871944_37.5308269003855344,1180052804,여의도동 8-1,126.9271737183142079_37.5302574404772074,149.0,30.0,원활,126.9271737183142079_37.5302574404772074|126.9268112935386910_37.5304303158847645|126.9263890041094953_37.5305854941670134|126.9256551428871944_37.5308269003855344
2026-09-04T03:35:30.187978+09:00,여의도,여의도,POI072,KEY_4,1180071100,여의동로,1180030703,이마트(여의도점),126.9276237094474169_37.5180791890850927,1180028501,여의도동 3-9,126.9264061143659319_37.5172852192624120,139.0,36.0,원활,126.9264061143659319_37.5172852192624120|126.9265378572362124_37.5173842043816279|126.9274329172205142_37.5179584390562226|126.9276237094474169_37.5180791890850927
2026-09-04T03:35:30.187978+09:00,여의도,여의도,POI072,KEY_4,1180036401,국회대로,1180155000,여의도동 1-1,126.9184061280869713_37.5300009967483419,1180010303,서강대교(남측),126.9215102204224763_37.5319506286676088,350.0,25.0,원활,126.9215102204224763_37.5319506286676088|126.9210461430147205_37.5316255718379566|126.9203325255415535_37.5311864488027496|126.9197419650193126_37.5308230414341679|126.9191619518192908_37.5304661181429466|126.9185557758553813_37.5300930883489983|126.9184061280869713_37.5300009967483419
2026-09-04T03:35:30.187978+09:00,여의도,여의도,POI072,KEY_4,1180036501,국회대로,1180142700,국회의사당삼거리,126.9174236015788750_37.5292597110738839,1180050802,국회의사당앞교차로,126.9170828781558384_37.5290500254580905,38.0,24.0,서행,126.9170828781558384_37.5290500254580905|126.9174236015788750_37.5292597110738839
2026-09-04T03:35:30.187978+09:00,여의도,여의도,POI072,KEY_4,1180036502,국회대로,1180010302,서강대교(남측),126.9216542954880822_37.5319075549676455,1180055401,서강대교남단,126.9213526599560566_37.5316962787179307,36.0,19.0,서행,126.9213526599560566_37.5316962787179307|126.9216542954880822_37.5319075549676455
2026-09-04T03:35:30.187978+09:00,여의도,여의도,POI072,KEY_4,1180036801,국회대로76길,1180054700,서강대교남측,126.9217615574708447_37.5313291653935792,1180009801,신한일보,126.9234656771860301_37.5295727631180682,246.0,29.0,원활,126.9234656771860301_37.5295727631180682|126.9217615574708447_37.5313291653935792
2026-09-04T03:35:30.187978+09:00,여의도,여의도,POI072,KEY_4,1180036802,국회대로76길,1180055401,서강대교남단,126.9213526599560566_37.5316962787179307,1180054700,서강대교남측,126.9217615574708447_37.5313291653935792,54.0,29.0,원활,126.9217615574708447_37.5313291653935792|126.9213526599560566_37.5316962787179307
2026-09-04T03:35:30.187978+09:00,여의도,여의도,POI072,KEY_4,1180036900,국회대로76길,1180009804,신한일보,126.9233585883312401_37.5295063067986732,1180055402,서강대교남단,126.9212497207452941_37.5316241760058915,300.0,25.0,원활,126.9212497207452941_37.5316241760058915|126.9216570369709558_37.5312600586952954|126.9233585883312401_37.5295063067986732
2026-09-04T03:35:30.187978+09:00,여의도,여의도,POI072,KEY_4,1180037401,여의서로,1180154900,여의도동 8-1,126.9245116578237855_37.5310611026891863,1180055500,서강대교남측,126.9220936272136981_37.5317745947810906,228.0,19.0,서행,126.9220936272136981_37.5317745947810906|126.9223180243961764_37.5317057160051633|126.9236617313689948_37.5313110990677146|126.9238006335624789_37.5312703054629822|126.9245116578237855_37.5310611026891863
2026-09-04T03:35:30.187978+09:00,여의도,여의도,POI072,KEY_4,1180037402,여의서로,1180055500,서강대교남측,126.9220936272136981_37.5317745947810906,1180010302,서강대교(남측),126.9216542954880822_37.5319075549676455,42.0,16.0,서행,126.9216542954880822_37.5319075549676455|126.9220936272136981_37.5317745947810906
2026-09-04T03:35:30.187978+09:00,여의도,여의도,POI072,KEY_4,1180037501,여의서로,1180154800,여의도동 8,126.9245587084467815_37.5311625223770164,1180054104,여의도동 8,126.9255136750625184_37.5308730840905937,90.0,9.0,정체,126.9255136750625184_37.5308730840905937|126.9251824944995661_37.5309789834896534|126.9245587084467815_37.5311625223770164
2026-09-04T03:35:30.187978+09:00,여의도,여의도,POI072,KEY_4,1180037502,여의서로,1180010301,서강대교(남측),126.9217369577254289_37.5319990605573608,1180054900,여의하류IC,126.9238476077766080_37.5313717470433375,199.0,9.0,정체,126.9238476077766080_37.5313717470433375|126.9237087053164998_37.5314125407943209|126.9223658286871910_37.5318069145412565|126.9217369577254289_37.5319990605573608
2026-09-04T03:35:30.187978+09:00,여의도,여의도,POI072,KEY_4,1180038001,여의서로,1180047804,의원회관앞교차로,126.9134650625379095_37.5269942928087872,1180050300,여의하류IC,126.9125858842577514_37.5288463372735421,220.0,6.0,정체,126.9125858842577514_37.5288463372735421|126.9133384396445194_37.5272156123272751|126.9134650625379095_37.5269942928087872
2026-09-04T03:35:30.187978+09:00,여의도,여의도,POI072,KEY_4,1180038003,여의서로,1180323100,최소노드배치점,126.9117402894865307_37.5311049087075475,1180057702,여의하류IC,126.9116446085465810_37.5333341738394211,262.0,30.0,원활,126.9116446085465810_37.5333341738394211|126.9114652390462226_37.5331501506058203|126.9113732100930463_37.5329943489975122|126.9112983897178282_37.5327900539595092|126.9112674876685105_37.5325516232177918|126.9112865696183974_37.5323367272189188|126.9113546059211899_37.5321355343469492|126.9114569592268964_37.5318631682642589|126.9115238408340929_37.5316841785415747|126.9117402894865307_37.5311049087075475
2026-09-04T03:35:30.187978+09:00,여의도,여의도,POI072,KEY_4,1180038004,여의서로,1180057702,여의하류IC,126.9116446085465810_37.5333341738394211,1180010601,여의하류IC,126.9158866788485369_37.5334891812985134,389.0,18.0,서행,126.9158866788485369_37.5334891812985134|126.9157160525504509_37.5335075640938882|126.9145253690237212_37.5336052142657834|126.9129473608267773_37.5337346107591614|126.9127263123781830_37.5337454488282916|126.9125619724539717_37.5337376282147730|126.9123498788537177_37.5336886646839432|126.9121669423552277_37.5336324766132563|126.9119754499676134_37.5335430187373973|126.9117951706554237_37.5334397412671237|126.9116446085465810_37.5333341738394211
2026-09-04T03:35:30.187978+09:00,여의도,여의도,POI072,KEY_4,1180038101,여의서로,1180141500,여의도동 8-1,126.9125034013571849_37.5294588335489934,1180047801,의원회관앞교차로,126.9135777323507170_37.5270581170031505,283.0,45.0,원활,126.9135777323507170_37.5270581170031505|126.9134640961386822_37.5272567387847005|126.9127147702930785_37.5288800985185560|126.9125034013571849_37.5294588335489934
2026-09-04T03:35:30.187978+09:00,여의도,여의도,POI072,KEY_4,1180038102,여의서로,1180136800,여의도동 8-1,126.9145114614992735_37.5334976629259458,1180057701,여의하류IC,126.9117432717733465_37.5332606350129012,257.0,36.0,원활,126.9117432717733465_37.5332606350129012|126.9118798764054787_37.5333550779968661|126.9120496011042292_37.5334523089724428|126.9122261082116410_37.5335347665300532|126.9123932874727672_37.5335861143590392|126.9125852087945532_37.5336304218281285|126.9127261896915257_37.5336371304333341|126.9129362320318251_37.5336268320589994|126.9145114614992735_37.5334976629259458
2026-09-04T03:35:30.187978+09:00,여의도,여의도,POI072,KEY_4,1180038602,여의서로,1180199400,여의도동 8-1,126.9180805162101962_37.5329548925892027,1180010602,여의하류IC,126.9158651872016321_37.5333825331527251,202.0,35.0,원활,126.9158651872016321_37.5333825331527251|126.9163150027583100_37.5333154038283041|126.9167447105342319_37.5332479919289739|126.9172043329491686_37.5331630452426737|126.9179823764344519_37.5329820256749258|126.9180805162101962_37.5329548925892027
2026-09-04T03:35:30.187978+09:00,여의도,여의도,POI072,KEY_4,1180038702,여의서로,1180323000,최소노드배치점,126.9187881082516611_37.5328709059154022,1180010304,서강대교(남측),126.9216090189517701_37.5320376430852960,266.0,37.0,원활,126.9216090189517701_37.5320376430852960|126.9203533112228826_37.5324099776008708|126.9202812799588713_37.5324311902864451|126.9187881082516611_37.5328709059154022
2026-09-04T03:35:30.187978+09:00,여의도,여의도,POI072,KEY_4,1180039200,올림픽대로,1180058400,여의하류IC,126.9148490647562824_37.5338551834337650,1180010601,여의하류IC,126.9158866788485369_37.5334891812985134,100.0,34.3,서행,126.9158866788485369_37.5334891812985134|126.9155841280332453_37.5335956228786003|126.9148490647562824_37.5338551834337650
2026-09-04T03:35:30.187978+09:00,여의도,여의도,POI072,KEY_4,1180041102,국회대로,1180274900,최소노드배치점,126.9238759567866452_37.5352270758419237,1180010301,서강대교(남측),126.9217369577254289_37.5319990605573608,405.0,70.8,원활,126.9217369577254289_37.5319990605573608|126.9234661246942437_37.5346102805177892|126.9238759567866452_37.5352270758419237
2026-09-04T03:35:30.187978+09:00,여의도,여의도,POI072,KEY_4,1180062600,여의대방로,1190002703,대방역사거리,126.9268958244966257_37.5145487094125656,1190018001,신길초등학교사거리,126.9248789899667997_37.5112367041177919,410.0,57.7,원활,126.9248789899667997_37.5112367041177919|126.9251784864751045_37.5119743169443751|126.9253201831395614_37.5123138355713479|126.9254964946367608_37.5125952899220820|126.9261779210122114_37.5135516559070297|126.9268958244966257_37.5145487094125656
2026-09-04T03:35:30.187978+09:00,여의도,여의도,POI072,KEY_4,1180062700,여의대방로,1190018004,신길초등학교사거리,126.9247482475985862_37.5112660300318268,1190002704,대방역사거리,126.9267562377877425_37.5145721661826528,409.0,56.7,원활,126.9267562377877425_37.5145721661826528|126.9260600278491466_37.5136052369460913|126.9253766642585646_37.5126461480342570|126.9251944266099628_37.5123552364199853|126.9250495134461403_37.5120080075138560|126.9247482475985862_37.5112660300318268
2026-09-04T03:35:30.187978+09:00,여의도,여의도,POI072,KEY_4,1180065700,노들로,1190002704,대방역사거리,126.9267562377877425_37.5145721661826528,1180025902,여의교지하차도(서측),126.9243577826353402_37.5152265372191849,226.0,51.0,원활,126.9243577826353402_37.5152265372191849|126.9245809528478048_37.5150956973008007|126.9252332346312215_37.5148831534130309|126.9254577190681204_37.5148274294658464|126.9263383848454794_37.5146481452327691|126.9267562377877425_37.5145721661826528
2026-09-04T03:35:30.187978+09:00,여의도,여의도,POI072,KEY_4,1180065800,노들로,1180025901,여의교지하차도(서측),126.9244132221409131_37.5153255758902233,1190002701,대방역사거리,126.9269003072911914_37.5147677729739755,229.0,45.0,원활,126.9269003072911914_37.5147677729739755|126.9264022132233549_37.5148583423264341|126.9255317623644288_37.5150355467441798|126.9253251818176551_37.5150868275884335|126.9246837339447040_37.5152958401404746|126.9244132221409131_37.5153255758902233
2026-09-04T03:35:30.187978+09:00,여의도,여의도,POI072,KEY_4,1180070000,영등포로57길,1180231200,신길동 42-7,126.9185933294383659_37.5169703071205234,1180028902,신길역,126.9166440632117485_37.5173560032043412,178.0,22.0,서행,126.9166440632117485_37.5173560032043412|126.9172033039011893_37.5172657449748854|126.9179843661455891_37.5171190957105267|126.9182238987002904_37.5170605709356195|126.9185933294383659_37.5169703071205234
2026-09-04T03:35:30.187978+09:00,여의도,여의도,POI072,KEY_4,1180070100,영등포로57길,1180221800,신길동 20-7,126.9182637047614008_37.5171639378316684,1180028103,신길동15-3,126.9194043750581358_37.5170210107110691,103.0,15.0,서행,126.9194043750581358_37.5170210107110691|126.9192364816635603_37.5170118471295240|126.9187161041369620_37.5170534021318858|126.9186331360129998_37.5170736740641217|126.9182637047614008_37.5171639378316684
2026-09-04T03:35:30.187978+09:00,여의도,여의도,POI072,KEY_4,1180070700,노들로,1180028103,신길동15-3,126.9194043750581358_37.5170210107110691,1180029702,노들길지하차도(남측),126.9173777873138533_37.5177999098372865,199.0,50.0,원활,126.9173777873138533_37.5177999098372865|126.9182827991260893_37.5174256256417635|126.9194043750581358_37.5170210107110691
2026-09-04T03:35:30.187978+09:00,여의도,여의도,POI072,KEY_4,1180070800,노들로,1180029701,노들길지하차도(남측),126.9174454412259223_37.5178935252872279,1180028104,신길동15-3,126.9194603769218617_37.5171195004770794,198.0,60.0,원활,126.9194603769218617_37.5171195004770794|126.9183421015647042_37.5175229245464337|126.9174454412259223_37.5178935252872279
2026-09-04T03:35:30.187978+09:00,여의도,여의도,POI072,KEY_4,1180071200,여의동로,1180028504,여의도동 3-9,126.9262556418987771_37.5173207931159425,1180030704,이마트(여의도점),126.9275405917458244_37.5181646802247997,147.0,13.0,정체,126.9275405917458244_37.5181646802247997|126.9273481211435524_37.5180428676898217|126.9264485774468909_37.5174657562893046|126.9262556418987771_37.5173207931159425
2026-09-04T03:35:30.187978+09:00,여의도,여의도,POI072,KEY_4,1180071500,올림픽대로,1180029900,여의상류IC,126.9404509601255029_37.5178091794502038,1180072900,여의상류IC,126.9406083800987517_37.5174248708792817,45.0,42.0,서행,126.9406083800987517_37.5174248708792817|126.9404509601255029_37.5178091794502038
2026-09-04T03:35:30.187978+09:00,여의도,여의도,POI072,KEY_4,1180071603,올림픽대로,1180029800,여의상류IC,126.9377628191142691_37.5176475456465397,1180029601,여의상류IC,126.9365050785440872_37.5176034226056245,111.0,49.0,서행,126.9365050785440872_37.5176034226056245|126.9367032441416256_37.5175986320360053|126.9369075905664630_37.5176015254681374|126.9377628191142691_37.5176475456465397
2026-09-04T03:35:30.187978+09:00,여의도,여의도,POI072,KEY_4,1180071900,올림픽대로,1180030100,여의상류IC,126.9399292397485937_37.5179051874619134,1180029800,여의상류IC,126.9377628191142691_37.5176475456465397,194.0,47.0,서행,126.9377628191142691_37.5176475456465397|126.9388819762016425_37.5177795458921608|126.9393202235015963_37.5178280530124439|126.9399292397485937_37.5179051874619134
2026-09-04T03:35:30.187978+09:00,여의도,여의도,POI072,KEY_4,1180072400,올림픽대로,1180030100,여의상류IC,126.9399292397485937_37.5179051874619134,1180030303,여의상류IC,126.9386432411447601_37.5179706215453024,116.0,43.0,서행,126.9386432411447601_37.5179706215453024|126.9388356132939606_37.5178999662067767|126.9389554574936199_37.5178743054647086|126.9390645174950265_37.5178690017115315|126.9392529998118562_37.5178723144811457|126.9394993655986497_37.5178917341157501|126.9397551544488181_37.5179079414615089|126.9399292397485937_37.5179051874619134
2026-09-04T03:35:30.187978+09:00,여의도,여의도,POI072,KEY_4,1180072700,올림픽대로,1180072800,여의상류IC,126.9405016513416058_37.5173927522574644,1180030100,여의상류IC,126.9399292397485937_37.5179051874619134,84.0,43.7,서행,126.9399292397485937_37.5179051874619134|126.9400831202883921_37.5178824486165894|126.9402777750538718_37.5177996873365771|126.9403592878800566_37.5177300782674692|126.9404107662331427_37.5176558174294499|126.9404538000154758_37.5175691842385888|126.9405016513416058_37.5173927522574644
2026-09-04T03:35:30.187978+09:00,여의도,여의도,POI072,KEY_4,1180072800,올림픽대로,1180030302,여의상류IC,126.9388089615749209_37.5179993865758163,1180029900,여의상류IC,126.9404509601255029_37.5178091794502038,155.0,15.0,정체,126.9404509601255029_37.5178091794502038|126.9403835973619863_37.5178670232158780|126.9402933476123962_37.5179248544743515|126.9402017670291087_37.5179633936088734|126.9401061504134987_37.5179933557776337|126.9400078586650551_37.5180061677154342|126.9399185009759918_37.5180075323650257|126.9398256116081853_37.5179978389370774|126.9397219567891710_37.5179784938017420|126.9395779254911645_37.5179473373987165|126.9394460007034979_37.5179279775558143|126.9392884871980556_37.5179150348757489|126.9391269249482690_37.5179192395949030|126.9389990109286401_37.5179352502025054|126.9388089615749209_37.5179993865758163
2026-09-04T03:35:30.187978+09:00,여의도,여의도,POI072,KEY_4,1180073700,노들로,1180029702,노들길지하차도(남측),126.9173777873138533_37.5177999098372865,1180034603,영등포고가차도(동측),126.9147300572169001_37.5198605051879994,338.0,45.3,원활,126.9147300572169001_37.5198605051879994|126.9150052415285899_37.5193514519132947|126.9151894424992975_37.5191040580958202|126.9154714844551108_37.5188399519601390|126.9157868976313068_37.5186039234675164|126.9161910198482275_37.5183507776750886|126.9167237512801591_37.5180668276396787|126.9171122463613415_37.5178702360334597|126.9173777873138533_37.5177999098372865
2026-09-04T03:35:30.187978+09:00,여의도,여의도,POI072,KEY_4,1180073800,노들로,1180034602,영등포고가차도(동측),126.9149485395489876_37.5200031329234420,1180029701,노들길지하차도(남측),126.9174454412259223_37.5178935252872279,330.0,54.0,원활,126.9174454412259223_37.5178935252872279|126.9172578247047056_37.5180527585371451|126.9168720512663810_37.5182479724615590|126.9163506557057843_37.5185258800491539|126.9159640945339049_37.5187680250151914|126.9156684392605996_37.5189892700103726|126.9154111841748147_37.5192301665086774|126.9152476751075937_37.5194497696661458|126.9149485395489876_37.5200031329234420
2026-09-04T03:35:30.187978+09:00,여의도,여의도,POI072,KEY_4,1180073900,올림픽대로,1180032700,여의상류IC,126.9408644596989291_37.5190433065538684,1180029900,여의상류IC,126.9404509601255029_37.5178091794502038,146.0,32.0,서행,126.9404509601255029_37.5178091794502038|126.9404310269714529_37.5180692971477612|126.9404593198215707_37.5181945058118345|126.9405293590956347_37.5183363022392768|126.9406428359182541_37.5184650324871498|126.9407039224352047_37.5185554824422525|126.9407671851563748_37.5186563652702816|126.9408217004846762_37.5187746330407421|126.9408521950314110_37.5188789781700649|126.9408673973805293_37.5189902704776017|126.9408644596989291_37.5190433065538684
2026-09-04T03:35:30.187978+09:00,여의도,여의도,POI072,KEY_4,1180074000,영등포로,1180031002,신길역,126.9159335144703817_37.5180872053454948,1180032000,영등포로터리,126.9141035939490507_37.5187705194977141,181.0,43.0,원활,126.9141035939490507_37.5187705194977141|126.9145660929896025_37.5186886104868407|126.9148490250060348_37.5185994181823261|126.9155991033942001_37.5182852803393274|126.9159335144703817_37.5180872053454948
2026-09-04T03:35:30.187978+09:00,여의도,여의도,POI072,KEY_4,1180075100,경인로,1180033100,영등포로터리,126.9147672532710232_37.5194468380783732,1180031001,신길역,126.9160342294389352_37.5181596924073730,183.0,47.0,원활,126.9160342294389352_37.5181596924073730|126.9158010714940445_37.5183319108412903|126.9155449492747891_37.5185355519912989|126.9152932575860575_37.5187892581853575|126.9150370026818848_37.5191073254966128|126.9147672532710232_37.5194468380783732
2026-09-04T03:35:30.187978+09:00,여의도,여의도,POI072,KEY_4,1180076000,노들로,1180263400,최소노드배치점,126.9150215912051465_37.5197313004111095,1180029701,노들길지하차도(남측),126.9174454412259223_37.5178935252872279,302.0,72.5,원활,126.9174454412259223_37.5178935252872279|126.9168349753552718_37.5182026853724011|126.9163107458231110_37.5184821044756731|126.9159197960838981_37.5187269996541488|126.9156192013340245_37.5189519405294618|126.9153557486849166_37.5191986403456426|126.9151870666523791_37.5194251909504075|126.9150215912051465_37.5197313004111095
2026-09-04T03:35:30.187978+09:00,여의도,여의도,POI072,KEY_4,1180076900,여의나루로2길,1180031104,윤중중학교,126.9248361210198794_37.5184530288178522,1180036803,광장아파트앞,126.9227144019653082_37.5206666139467089,310.0,20.0,서행,126.9227144019653082_37.5206666139467089|126.9227532238180629_37.5205737479899568|126.9237453604085886_37.5195748552820376|126.9248361210198794_37.5184530288178522
2026-09-04T03:35:30.187978+09:00,여의도,여의도,POI072,KEY_4,1180077501,여의대방로65길,1180031503,여의도동4-4,126.9297722851941046_37.5196579918983986,1180031506,인도네시아대사관,126.9308072157305389_37.5186285705181319,146.0,7.0,정체,126.9308072157305389_37.5186285705181319|126.9297722851941046_37.5196579918983986
2026-09-04T03:35:30.187978+09:00,여의도,여의도,POI072,KEY_4,1180077502,여의대방로65길,1180036702,매일일보,126.9287164299037443_37.5207081885220788,1180031502,여의도동4-4,126.9296874356870433_37.5197423880918137,137.0,4.0,정체,126.9296874356870433_37.5197423880918137|126.9289620332308317_37.5204639049460980|126.9287164299037443_37.5207081885220788
2026-09-04T03:35:30.187978+09:00,여의도,여의도,POI072,KEY_4,1180079601,여의대방로69길,1180033003,여의도동4-3,126.9310026116467043_37.5204312861576597,1180033006,여의도동 5,126.9320621848172266_37.5193974572135858,148.0,9.0,정체,126.9320621848172266_37.5193974572135858|126.9310026116467043_37.5204312861576597
2026-09-04T03:35:30.187978+09:00,여의도,여의도,POI072,KEY_4,1180079602,여의대방로69길,1180038602,한국금융증권,126.9299951560938382_37.5215173870643000,1180033002,여의도동4-3,126.9309225566694295_37.5205116725064727,138.0,10.0,정체,126.9309225566694295_37.5205116725064727|126.9299951560938382_37.5215173870643000
2026-09-04T03:35:30.187978+09:00,여의도,여의도,POI072,KEY_4,1180079800,국제금융로8길,1180034304,미래에셋빌딩,126.9271852079254330_37.5199022140612897,1180037803,여의도백화점,126.9261701209206308_37.5209339886117448,146.0,11.0,정체,126.9261701209206308_37.5209339886117448|126.9261911265355707_37.5209065883039727|126.9267597615167489_37.5203419468673758|126.9271650176002026_37.5199272613282986|126.9271852079254330_37.5199022140612897
2026-09-04T03:35:30.187978+09:00,여의도,여의도,POI072,KEY_4,1180080400,여의동로,1180034500,메리어트파크센터오피스텔,126.9191573972615572_37.5200167950090204,1180040500,버들광장앞교차로,126.9161939719324579_37.5224229383147687,389.0,36.0,원활,126.9161939719324579_37.5224229383147687|126.9167426059924679_37.5216104139380207|126.9169524263356266_37.5213316445914842|126.9172011738798034_37.5210362146835763|126.9174348747745995_37.5208122908082657|126.9175966520831764_37.5206717527601228|126.9177733818976606_37.5205407611104391|126.9179021742503153_37.5204550301915631|126.9180698803598375_37.5203645580240277|126.9183154036421826_37.5202741394602839|126.9185788763550988_37.5201908849197778|126.9188048366269186_37.5201255204490636|126.9191573972615572_37.5200167950090204
2026-09-04T03:35:30.187978+09:00,여의도,여의도,POI072,KEY_4,1180080700,국제금융로6길,1180035901,여의도동 3-6,126.9253314029925406_37.5205830136610601,1180037804,여의도백화점,126.9260889939629209_37.5210206754039888,83.0,27.0,원활,126.9260889939629209_37.5210206754039888|126.9255710268125199_37.5207131494163306|126.9253314029925406_37.5205830136610601
2026-09-04T03:35:30.187978+09:00,여의도,여의도,POI072,KEY_4,1180082100,여의나루로4길,1180036704,매일일보,126.9285263157772903_37.5207269494805828,1180039603,한국노총회관,126.9275235472930063_37.5217889686242856,147.0,5.0,정체,126.9275235472930063_37.5217889686242856|126.9285263157772903_37.5207269494805828
2026-09-04T03:35:30.187978+09:00,여의도,여의도,POI072,KEY_4,1180082200,여의나루로4길,1180039602,한국노총회관,126.9276303241940980_37.5218557680585860,1180036701,매일일보,126.9286332141362692_37.5207936198378604,148.0,11.0,정체,126.9286332141362692_37.5207936198378604|126.9276303241940980_37.5218557680585860
2026-09-04T03:35:30.187978+09:00,여의도,여의도,POI072,KEY_4,1180082301,여의동로1길,1180210100,여의도동 2-8,126.9192896850102699_37.5208453219656519,1180035807,KT여의도지점,126.9186604598271515_37.5204553701592047,70.0,8.0,정체,126.9186604598271515_37.5204553701592047|126.9187823073190913_37.5205297191339184|126.9192896850102699_37.5208453219656519
2026-09-04T03:35:30.187978+09:00,여의도,여의도,POI072,KEY_4,1180082302,여의동로1길,1180040303,대한투자신탁빌딩,126.9213072068328358_37.5221186397936606,1180035803,LG경영개발원,126.9201321156892703_37.5213693262362895,133.0,11.0,정체,126.9201321156892703_37.5213693262362895|126.9201737094506228_37.5213951978285110|126.9213072068328358_37.5221186397936606
2026-09-04T03:35:30.187978+09:00,여의도,여의도,POI072,KEY_4,1180082401,여의동로1길,1180035802,LG경영개발원,126.9200485653260415_37.5214545403774409,1180040304,대한투자신탁빌딩,126.9212238509502555_37.5222039898002322,133.0,30.0,원활,126.9212238509502555_37.5222039898002322|126.9200894880125929_37.5214799945996305|126.9200485653260415_37.5214545403774409
2026-09-04T03:35:30.187978+09:00,여의도,여의도,POI072,KEY_4,1180082402,여의동로1길,1180035806,KT여의도지점,126.9185563083192676_37.5205280201315929,1180035805,LG경영개발원,126.9199415755927589_37.5213879918803102,155.0,23.0,서행,126.9199415755927589_37.5213879918803102|126.9192061340062878_37.5209305358602236|126.9186992541610692_37.5206152428383959|126.9185563083192676_37.5205280201315929
2026-09-04T03:35:30.187978+09:00,여의도,여의도,POI072,KEY_4,1180082600,여의대로2길,1180252000,여의도동 2-7,126.9213903647884649_37.5220349997937390,1180040303,대한투자신탁빌딩,126.9213072068328358_37.5221186397936606,12.0,9.0,정체,126.9213072068328358_37.5221186397936606|126.9213903647884649_37.5220349997937390
2026-09-04T03:35:30.187978+09:00,여의도,여의도,POI072,KEY_4,1180082700,여의대로2길,1180040302,대한투자신탁빌딩,126.9214136274314626_37.5221857618977026,1180036801,광장아파트앞,126.9227595051740991_37.5208320493825696,192.0,36.0,원활,126.9227595051740991_37.5208320493825696|126.9225686764472556_37.5210239929151470|126.9222044493932202_37.5213903441468659|126.9218506466926186_37.5217462056978377|126.9214967852985296_37.5221021218162605|126.9214136274314626_37.5221857618977026
2026-09-04T03:35:30.187978+09:00,여의도,여의도,POI072,KEY_4,1180083100,국제금융로6길,1180037801,여의도백화점,126.9261939219537965_37.5210848066129898,1180039604,한국노총회관,126.9274411463804313_37.5218749163882279,141.0,8.0,정체,126.9274411463804313_37.5218749163882279|126.9267999492455061_37.5214687252867378|126.9261939219537965_37.5210848066129898
2026-09-04T03:35:30.187978+09:00,여의도,여의도,POI072,KEY_4,1180085000,의사당대로,1180038904,여의도역앞교차로,126.9240944819508456_37.5216807302462740,1180041503,속성변화점,126.9232621945534021_37.5225582878517514,122.0,5.0,정체,126.9232621945534021_37.5225582878517514|126.9240944819508456_37.5216807302462740
2026-09-04T03:35:30.187978+09:00,여의도,여의도,POI072,KEY_4,1180085300,의사당대로,1180041502,국회앞지하차도,126.9233705115822772_37.5226234575251354,1180038901,여의도역앞교차로,126.9242012582014354_37.5217475240258054,122.0,36.0,원활,126.9242012582014354_37.5217475240258054|126.9233705115822772_37.5226234575251354
2026-09-04T03:35:30.187978+09:00,여의도,여의도,POI072,KEY_4,1180085600,여의대로,1180044401,여의도공원앞,126.9217097283597013_37.5242162542949913,1180038802,여의도교차로,126.9175141532534923_37.5216096736950604,470.0,50.0,원활,126.9175141532534923_37.5216096736950604|126.9205649669404323_37.5234987788975545|126.9217097283597013_37.5242162542949913
2026-09-04T03:35:30.187978+09:00,여의도,여의도,POI072,KEY_4,1180085800,여의나루로4길,1180092000,여의도동 3-4,126.9268692185870151_37.5224621159343670,1180042303,여의도우체국,126.9263908079338563_37.5229532919718807,69.0,14.0,정체,126.9263908079338563_37.5229532919718807|126.9268692185870151_37.5224621159343670
2026-09-04T03:35:30.187978+09:00,여의도,여의도,POI072,KEY_4,1180085900,여의나루로4길,1180091900,여의도동 33,126.9269764759797710_37.5225283883706098,1180039601,한국노총회관,126.9275479160526032_37.5219416888512995,82.0,13.0,정체,126.9275479160526032_37.5219416888512995|126.9269764759797710_37.5225283883706098
2026-09-04T03:35:30.187978+09:00,여의도,여의도,POI072,KEY_4,1180086000,여의대방로,1180043100,원효대교남단,126.9389194214592607_37.5234603791527448,1180038401,원효대교(남측),126.9355118374576392_37.5214344074539099,377.0,63.3,원활,126.9355118374576392_37.5214344074539099|126.9357682265078324_37.5215237383808358|126.9368814016096110_37.5222080746101767|126.9378844663648636_37.5228141242598880|126.9386342653729258_37.5232817445596751|126.9389194214592607_37.5234603791527448
2026-09-04T03:35:30.187978+09:00,여의도,여의도,POI072,KEY_4,1180086100,여의대방로,1180038402,원효대교(남측),126.9354288936371944_37.5215199968422155,1180043400,원효대교남단,126.9388452416195463_37.5235509284484792,378.0,68.0,원활,126.9388452416195463_37.5235509284484792|126.9385269005017420_37.5234022392466500|126.9377236729463903_37.5229883934775685|126.9367164135576331_37.5223798075140991|126.9356023408485044_37.5216949187275617|126.9354288936371944_37.5215199968422155
2026-09-04T03:35:30.187978+09:00,여의도,여의도,POI072,KEY_4,1180086200,여의대방로,1180043100,원효대교남단,126.9389194214592607_37.5234603791527448,1180039300,원효대교(남측),126.9394984211137256_37.5216954122665811,256.0,46.3,원활,126.9394984211137256_37.5216954122665811|126.9394143576814571_37.5217932892441297|126.9390639344829168_37.5220578983287538|126.9386058222683715_37.5224039073714266|126.9384454643178373_37.5225455615191805|126.9383732776471589_37.5226476074626873|126.9383372872894142_37.5227369852470787|126.9383282232904264_37.5228406804968202|126.9383416241537788_37.5229229319018529|126.9383954201431948_37.5230195086963576|126.9384806415670255_37.5231196770154796|126.9389194214592607_37.5234603791527448
2026-09-04T03:35:30.187978+09:00,여의도,여의도,POI072,KEY_4,1180086400,국제금융로6길,1180039601,한국노총회관,126.9275479160526032_37.5219416888512995,1180042604,동서빌딩,126.9295381668630398_37.5232067155673192,225.0,9.0,정체,126.9295381668630398_37.5232067155673192|126.9293981951603882_37.5231126381915203|126.9280233154665609_37.5222352311225436|126.9275479160526032_37.5219416888512995
2026-09-04T03:35:30.187978+09:00,여의도,여의도,POI072,KEY_4,1180086800,여의대로2길,1180040304,대한투자신탁빌딩,126.9212238509502555_37.5222039898002322,1180042803,전경련회관,126.9204696857417076_37.5229905971904500,110.0,37.0,원활,126.9204696857417076_37.5229905971904500|126.9212238509502555_37.5222039898002322
2026-09-04T03:35:30.187978+09:00,여의도,여의도,POI072,KEY_4,1180086900,여의대로2길,1180042802,전경련회관,126.9205742637601162_37.5230596706733053,1180040301,대한투자신탁빌딩,126.9213317400245273_37.5222696086659511,110.0,11.0,정체,126.9213317400245273_37.5222696086659511|126.9205742637601162_37.5230596706733053
2026-09-04T03:35:30.187978+09:00,여의도,여의도,POI072,KEY_4,1180087000,여의동로,1180040500,버들광장앞교차로,126.9161939719324579_37.5224229383147687,1180042903,한국방송공사앞,126.9160598886022484_37.5232024405971387,89.0,36.0,원활,126.9160598886022484_37.5232024405971387|126.9160345093533806_37.5231642193772856|126.9160286002892235_37.5230950821679485|126.9160616602082285_37.5229735262128017|126.9161637830189875_37.5226541555588327|126.9161939719324579_37.5224229383147687
2026-09-04T03:35:30.187978+09:00,여의도,여의도,POI072,KEY_4,1180087100,여의대로,1180038801,여의도교차로,126.9174398834116033_37.5217006351711717,1180044402,여의도공원앞,126.9216257794162317_37.5243012223384227,469.0,35.0,원활,126.9216257794162317_37.5243012223384227|126.9204813325683574_37.5235839430196663|126.9174398834116033_37.5217006351711717
2026-09-04T03:35:30.187978+09:00,여의도,여의도,POI072,KEY_4,1180087203,여의대로,1180038704,전경련회관삼거리,126.9191704288033691_37.5221849123008013,1180038707,서울교앞,126.9177536585469710_37.5213009209994013,159.0,33.0,원활,126.9177536585469710_37.5213009209994013|126.9179266555743908_37.5214136032377183|126.9191704288033691_37.5221849123008013
2026-09-04T03:35:30.187978+09:00,여의도,여의도,POI072,KEY_4,1180087204,여의대로,1180042803,전경련회관,126.9204696857417076_37.5229905971904500,1180038703,전경련회관삼거리,126.9192775411875402_37.5222513352049134,134.0,13.0,정체,126.9192775411875402_37.5222513352049134|126.9204696857417076_37.5229905971904500
2026-09-04T03:35:30.187978+09:00,여의도,여의도,POI072,KEY_4,1180087300,의사당대로,1180041503,속성변화점,126.9232621945534021_37.5225582878517514,1180042502,여의도지하차도(남측),126.9230739462851005_37.5227496061812005,27.0,19.0,서행,126.9230739462851005_37.5227496061812005|126.9231810254375432_37.5226418788369287|126.9232621945534021_37.5225582878517514
2026-09-04T03:35:30.187978+09:00,여의도,여의도,POI072,KEY_4,1180087400,의사당대로,1180042501,여의도지하차도(남측),126.9231803886150800_37.5228167082285182,1180041501,국회앞지하차도,126.9232874381288525_37.5227089776975404,15.0,34.0,원활,126.9232874381288525_37.5227089776975404|126.9231803886150800_37.5228167082285182
2026-09-04T03:35:30.187978+09:00,여의도,여의도,POI072,KEY_4,1180087700,여의나루로,1180041304,여의도포스트타워,126.9255002248636544_37.5225475166510023,1180043304,서남미술전시관,126.9246482595642505_37.5234309775800341,124.0,17.0,서행,126.9246482595642505_37.5234309775800341|126.9255002248636544_37.5225475166510023
2026-09-04T03:35:30.187978+09:00,여의도,여의도,POI072,KEY_4,1180087900,국제금융로2길,1180043304,서남미술전시관,126.9246482595642505_37.5234309775800341,1180041502,국회앞지하차도,126.9233705115822772_37.5226234575251354,144.0,16.0,서행,126.9233705115822772_37.5226234575251354|126.9246482595642505_37.5234309775800341
2026-09-04T03:35:30.187978+09:00,여의도,여의도,POI072,KEY_4,1180088000,국제금융로2길,1180041501,국회앞지하차도,126.9232874381288525_37.5227089776975404,1180043305,서남미술전시관,126.9245638815206974_37.5235156738176698,144.0,21.0,서행,126.9245638815206974_37.5235156738176698|126.9232874381288525_37.5227089776975404
2026-09-04T03:35:30.187978+09:00,여의도,여의도,POI072,KEY_4,1180088600,의사당대로,1180042502,여의도지하차도(남측),126.9230739462851005_37.5227496061812005,1180043908,여의도공원앞,126.9219023251390297_37.5238413780774422,160.0,41.5,원활,126.9219023251390297_37.5238413780774422|126.9228522219405306_37.5228856048509840|126.9230739462851005_37.5227496061812005
2026-09-04T03:35:30.187978+09:00,여의도,여의도,POI072,KEY_4,1180088700,의사당대로,1180043907,여의도공원앞,126.9221245522233374_37.5239661861320641,1180042501,여의도지하차도(남측),126.9231803886150800_37.5228167082285182,159.0,22.0,서행,126.9231803886150800_37.5228167082285182|126.9230651003582295_37.5230198156360615|126.9221245522233374_37.5239661861320641
2026-09-04T03:35:30.187978+09:00,여의도,여의도,POI072,KEY_4,1180088800,여의동로,1180044300,원효대교(남측),126.9363222446695119_37.5240962818884185,1180043400,원효대교남단,126.9388452416195463_37.5235509284484792,262.0,50.7,원활,126.9388452416195463_37.5235509284484792|126.9384579493625438_37.5234164617016432|126.9382200598614503_37.5233412443599619|126.9380943813213918_37.5233018443910211|126.9379642022848174_37.5232767444369202|126.9378340066637492_37.5232731008024061|126.9376229810390129_37.5232872929537464|126.9374613272680392_37.5233193903731248|126.9373544849209878_37.5233714062846175|126.9371561824279837_37.5235065711294808|126.9363767315390135_37.5240925820042506|126.9363222446695119_37.5240962818884185
2026-09-04T03:35:30.187978+09:00,여의도,여의도,POI072,KEY_4,1180089700,여의동로,1180040500,버들광장앞교차로,126.9161939719324579_37.5224229383147687,1180046700,여의하류IC,126.9139332883952989_37.5258302984319769,428.0,39.7,원활,126.9139332883952989_37.5258302984319769|126.9144071253527954_37.5250320342758101|126.9147639061961854_37.5245102165586246|126.9154324671464025_37.5235452156443898|126.9160590702339135_37.5226135549969868|126.9161939719324579_37.5224229383147687
2026-09-04T03:35:30.187978+09:00,여의도,여의도,POI072,KEY_4,1180090101,국제금융로2길,1180043307,IFC몰,126.9254731568261292_37.5239442773486331,1180043303,서남미술전시관,126.9247526031822275_37.5235002745017567,81.0,6.0,정체,126.9247526031822275_37.5235002745017567|126.9248563107640138_37.5235729177071065|126.9254731568261292_37.5239442773486331
2026-09-04T03:35:30.187978+09:00,여의도,여의도,POI072,KEY_4,1180090102,국제금융로2길,1180232100,여의도동 2-3,126.9265042604631191_37.5245978717237421,1180043306,IFC몰,126.9255988492387957_37.5240199470525582,103.0,23.5,서행,126.9255988492387957_37.5240199470525582|126.9256627847946106_37.5240584375902699|126.9265012354012185_37.5245959182143096|126.9265042604631191_37.5245978717237421
2026-09-04T03:35:30.187978+09:00,여의도,여의도,POI072,KEY_4,1180090201,국제금융로2길,1180224600,여의도동 2-3,126.9269655222914537_37.5250349352047721,1180045504,콘래드호텔,126.9274823003491548_37.5253285166201778,56.0,11.5,정체,126.9274823003491548_37.5253285166201778|126.9271764669597928_37.5251711551253138|126.9269655222914537_37.5250349352047721
2026-09-04T03:35:30.187978+09:00,여의도,여의도,POI072,KEY_4,1180090202,국제금융로2길,1180043302,서남미술전시관,126.9246629538215672_37.5235814628114355,1180043308,IFC몰,126.9253912997659910_37.5240305296354393,81.0,22.0,서행,126.9253912997659910_37.5240305296354393|126.9247704392448242_37.5236567526637756|126.9246629538215672_37.5235814628114355
2026-09-04T03:35:30.187978+09:00,여의도,여의도,POI072,KEY_4,1180090400,의사당대로,1180009002,여의도지하차도(북측),126.9192224605303210_37.5268054826268056,1180042501,여의도지하차도(남측),126.9231803886150800_37.5228167082285182,564.0,57.7,원활,126.9231803886150800_37.5228167082285182|126.9220341599056354_37.5239700333276289|126.9213599375945734_37.5246571942557807|126.9202506695416304_37.5258132586785891|126.9192224605303210_37.5268054826268056
2026-09-04T03:35:30.187978+09:00,여의도,여의도,POI072,KEY_4,1180090500,국회대로62길,1180045104,여의도동 2-11,126.9185848101250258_37.5248548993062059,1180046303,한국방송공사,126.9176318821814391_37.5258125570049614,136.0,24.0,서행,126.9176318821814391_37.5258125570049614|126.9185848101250258_37.5248548993062059
2026-09-04T03:35:30.187978+09:00,여의도,여의도,POI072,KEY_4,1180090600,국회대로62길,1180046302,한국방송공사,126.9177382756308674_37.5258797120015544,1180045101,여의도동 2-11,126.9186925033394289_37.5249207467094124,136.0,31.0,원활,126.9186925033394289_37.5249207467094124|126.9177382756308674_37.5258797120015544
2026-09-04T03:35:30.187978+09:00,여의도,여의도,POI072,KEY_4,1180090801,여의대로,1180043904,여의도동2-11,126.9242022027608812_37.5252577455223957,1180043907,여의도공원앞,126.9221245522233374_37.5239661861320641,233.0,16.0,서행,126.9221245522233374_37.5239661861320641|126.9224788397255423_37.5242242581977550|126.9229839915675910_37.5245271993776797|126.9242022027608812_37.5252577455223957
2026-09-04T03:35:30.187978+09:00,여의도,여의도,POI072,KEY_4,1180090802,여의대로,1180047403,파크원타워1,126.9262943673228676_37.5265516473403409,1180043903,여의도동2-11,126.9243100860090863_37.5253234175577290,222.0,16.5,서행,126.9243100860090863_37.5253234175577290|126.9250586179575464_37.5257867522824924|126.9262943673228676_37.5265516473403409
2026-09-04T03:35:30.187978+09:00,여의도,여의도,POI072,KEY_4,1180092000,여의대로6길,1180102000,여의도동 2-1,126.9287418519904946_37.5267858846280831,1180047903,파크원타워2,126.9285934622132430_37.5269351592018552,21.0,14.0,정체,126.9285934622132430_37.5269351592018552|126.9287418519904946_37.5267858846280831
2026-09-04T03:35:30.187978+09:00,여의도,여의도,POI072,KEY_4,1180092100,여의대로6길,1180150000,여의도동 2-1,126.9292521757274415_37.5264466977230029,1180045701,삼부아파트,126.9302296645015389_37.5254736937039439,138.0,16.0,서행,126.9302296645015389_37.5254736937039439|126.9301481335322990_37.5255453675584434|126.9296356693374719_37.5260609081082990|126.9292521757274415_37.5264466977230029
2026-09-04T03:35:30.187978+09:00,여의도,여의도,POI072,KEY_4,1180092300,의사당대로,1180009003,여의도지하차도(북측),126.9191150291965613_37.5267392953712999,1180046302,한국방송공사,126.9177382756308674_37.5258797120015544,155.0,4.0,정체,126.9177382756308674_37.5258797120015544|126.9187567674418773_37.5265156162027296|126.9191150291965613_37.5267392953712999
2026-09-04T03:35:30.187978+09:00,여의도,여의도,POI072,KEY_4,1180092400,의사당대로,1180250800,여의도동 1-6,126.9186730128168534_37.5266007063800515,1180009004,여의도지하차도(북측),126.9190308136938512_37.5268240980039991,40.0,11.0,정체,126.9190308136938512_37.5268240980039991|126.9186730128168534_37.5266007063800515
2026-09-04T03:35:30.187978+09:00,여의도,여의도,POI072,KEY_4,1180092900,국회대로62길,1180046304,한국방송공사,126.9175467092823766_37.5259008308065418,1180048303,KBS기술연구소입구,126.9162319363117888_37.5273056306211643,194.0,18.0,서행,126.9162319363117888_37.5273056306211643|126.9175467092823766_37.5259008308065418
2026-09-04T03:35:30.187978+09:00,여의도,여의도,POI072,KEY_4,1180093000,국회대로62길,1180048302,KBS기술연구소입구,126.9163407818515026_37.5273702475385065,1180046301,한국방송공사,126.9176555539196301_37.5259654465264916,194.0,21.0,서행,126.9176555539196301_37.5259654465264916|126.9163407818515026_37.5273702475385065
2026-09-04T03:35:30.187978+09:00,여의도,여의도,POI072,KEY_4,1180093100,여의서로1길,1180048303,KBS기술연구소입구,126.9162319363117888_37.5273056306211643,1180046802,KBS기술연구소,126.9142679428666298_37.5260735354667077,221.0,24.0,서행,126.9142679428666298_37.5260735354667077|126.9162319363117888_37.5273056306211643
2026-09-04T03:35:30.187978+09:00,여의도,여의도,POI072,KEY_4,1180093200,여의서로1길,1180046801,KBS기술연구소,126.9142009634784500_37.5261691500808396,1180048304,KBS기술연구소입구,126.9161495320558402_37.5273915692547035,219.0,22.0,서행,126.9161495320558402_37.5273915692547035|126.9142009634784500_37.5261691500808396
2026-09-04T03:35:30.187978+09:00,여의도,여의도,POI072,KEY_4,1180093600,국제금융로,1180047404,파크원타워1,126.9262125302013118_37.5266379264716790,1180047703,여의도동2-11,126.9259780906076145_37.5268912205965108,35.0,36.0,원활,126.9259780906076145_37.5268912205965108|126.9262125302013118_37.5266379264716790
2026-09-04T03:35:30.187978+09:00,여의도,여의도,POI072,KEY_4,1180093800,올림픽대로,1180046700,여의하류IC,126.9139332883952989_37.5258302984319769,1180049300,여의하류IC,126.9124219382957364_37.5282059407288671,296.0,47.0,원활,126.9124219382957364_37.5282059407288671|126.9126709766838559_37.5276959699368291|126.9130099086824686_37.5271002435067516|126.9134446643213892_37.5264640601462816|126.9135615846091270_37.5263044242820101|126.9139332883952989_37.5258302984319769
2026-09-04T03:35:30.187978+09:00,여의도,여의도,POI072,KEY_4,1180094100,여의대로,1180048603,여의도동 2-11,126.9279281708519562_37.5275947181724518,1180047402,파크원타워1,126.9263987935073459_37.5266208412980191,173.0,45.0,원활,126.9263987935073459_37.5266208412980191|126.9266544949265665_37.5268029647382093|126.9279281708519562_37.5275947181724518
2026-09-04T03:35:30.187978+09:00,여의도,여의도,POI072,KEY_4,1180094200,여의대로6길,1180047904,파크원타워2,126.9285094338057576_37.5270190379973414,1180048603,여의도동 2-11,126.9279281708519562_37.5275947181724518,82.0,14.0,정체,126.9279281708519562_37.5275947181724518|126.9285094338057576_37.5270190379973414
2026-09-04T03:35:30.187978+09:00,여의도,여의도,POI072,KEY_4,1180094300,여의대로6길,1180048602,여의도동 2-11,126.9280343217435671_37.5276621198139964,1180047901,파크원타워2,126.9286152279766497_37.5270867929192846,82.0,13.0,정체,126.9286152279766497_37.5270867929192846|126.9280343217435671_37.5276621198139964
2026-09-04T03:35:30.187978+09:00,여의도,여의도,POI072,KEY_4,1180094800,여의대로,1180049000,여의도동 2-11,126.9279149248875740_37.5281296792607293,1180047702,여의도동2-11,126.9260844397870045_37.5269585366700795,208.0,55.0,원활,126.9260844397870045_37.5269585366700795|126.9279149248875740_37.5281296792607293
2026-09-04T03:35:30.187978+09:00,여의도,여의도,POI072,KEY_4,1180095000,여의동로7길,1180047901,파크원타워2,126.9286152279766497_37.5270867929192846,1180049403,여의동로삼거리,126.9305906868378742_37.5283161715650735,222.0,7.0,정체,126.9305906868378742_37.5283161715650735|126.9286152279766497_37.5270867929192846
2026-09-04T03:35:30.187978+09:00,여의도,여의도,POI072,KEY_4,1180095100,국회대로62길,1180162200,여의도동 1-7,126.9158288842052258_37.5277177825872243,1180049103,키즈TV,126.9154773852716289_37.5280753781942735,50.0,20.0,서행,126.9154773852716289_37.5280753781942735|126.9158288842052258_37.5277177825872243
2026-09-04T03:35:30.187978+09:00,여의도,여의도,POI072,KEY_4,1180095200,국회대로62길,1180049102,키즈TV,126.9155853725793577_37.5281409178062191,1180048301,KBS기술연구소입구,126.9162564298634379_37.5274582162754982,96.0,21.0,서행,126.9162564298634379_37.5274582162754982|126.9159357821919372_37.5277844298947727|126.9155853725793577_37.5281409178062191
2026-09-04T03:35:30.187978+09:00,여의도,여의도,POI072,KEY_4,1180095500,여의대로,1180049000,여의도동 2-11,126.9279149248875740_37.5281296792607293,1180048601,여의도동 2-11,126.9279486089333773_37.5277459654754750,49.0,42.0,원활,126.9279486089333773_37.5277459654754750|126.9279023053807975_37.5277355157637231|126.9278863196264382_37.5278051426226966|126.9278733852933385_37.5278944429118866|126.9278793457358177_37.5280030343716007|126.9279149248875740_37.5281296792607293
2026-09-04T03:35:30.187978+09:00,여의도,여의도,POI072,KEY_4,1180095900,여의대로,1180050701,마포대교앞,126.9298855635072698_37.5288624491009486,1180048602,여의도동 2-11,126.9280343217435671_37.5276621198139964,211.0,36.0,원활,126.9280343217435671_37.5276621198139964|126.9298855635072698_37.5288624491009486
2026-09-04T03:35:30.187978+09:00,여의도,여의도,POI072,KEY_4,1180096400,여의대로,1180050902,마포대교앞교차로,126.9294682427298540_37.5291234386379742,1180049000,여의도동 2-11,126.9279149248875740_37.5281296792607293,176.0,16.0,서행,126.9279149248875740_37.5281296792607293|126.9294682427298540_37.5291234386379742
2026-09-04T03:35:30.187978+09:00,여의도,여의도,POI072,KEY_4,1180097100,여의동로,1180050702,마포대교앞,126.9297800289049007_37.5289334445548945,1180050902,마포대교앞교차로,126.9294682427298540_37.5291234386379742,35.0,32.0,원활,126.9294682427298540_37.5291234386379742|126.9297800289049007_37.5289334445548945
2026-09-04T03:35:30.187978+09:00,여의도,여의도,POI072,KEY_4,1180097300,여의대로,1180051800,마포대교,126.9308059681326171_37.5299618570035207,1180050000,마포대교남측,126.9304020221015321_37.5286131745307898,175.0,45.0,원활,126.9304020221015321_37.5286131745307898|126.9302674992351569_37.5287639444649983|126.9301715807580422_37.5289069217861453|126.9301534341487070_37.5291071595431802|126.9301772199870157_37.5292788143913825|126.9302847624288546_37.5295125003925918|126.9308059681326171_37.5299618570035207
2026-09-04T03:35:30.187978+09:00,여의도,여의도,POI072,KEY_4,1180097500,올림픽대로,1180049300,여의하류IC,126.9124219382957364_37.5282059407288671,1180053000,여의하류IC,126.9116502139587652_37.5302817461312657,241.0,45.0,원활,126.9116502139587652_37.5302817461312657|126.9117554871957765_37.5298527220926914|126.9119085944505940_37.5294737959552691|126.9122868518727643_37.5285372036068665|126.9124219382957364_37.5282059407288671
2026-09-04T03:35:30.187978+09:00,여의도,여의도,POI072,KEY_4,1180098200,여의서로,1180050300,여의하류IC,126.9125858842577514_37.5288463372735421,1180053000,여의하류IC,126.9116502139587652_37.5302817461312657,180.0,40.0,원활,126.9116502139587652_37.5302817461312657|126.9119321014785982_37.5298480867291033|126.9124478698020368_37.5290689337596177|126.9125858842577514_37.5288463372735421
2026-09-04T03:35:30.187978+09:00,여의도,여의도,POI072,KEY_4,1180098300,여의대로,1180051900,마포대교(남측),126.9282127564699607_37.5297704303567201,1180052400,마포대교,126.9307212821010751_37.5300463600273631,231.0,47.0,원활,126.9307212821010751_37.5300463600273631|126.9298072793187941_37.5297592892750274|126.9295379418201009_37.5296911879758781|126.9293044968049458_37.5296517134467038|126.9291024559104528_37.5296408650083890|126.9289048951919625_37.5296407462443824|126.9286983266459004_37.5296692285065987|126.9283704934996138_37.5297333958644117|126.9282127564699607_37.5297704303567201
2026-09-04T03:35:30.187978+09:00,여의도,여의도,POI072,KEY_4,1180098800,여의공원로,1180116800,여의도동 1-2,126.9251712482791419_37.5298465003542461,1180053403,중소기업투데이,126.9247789627892189_37.5302380972319654,56.0,8.0,정체,126.9247789627892189_37.5302380972319654|126.9251712482791419_37.5298465003542461
2026-09-04T03:35:30.187978+09:00,여의도,여의도,POI072,KEY_4,1180098900,여의공원로,1180116900,여의도동 1-2,126.9252773746239455_37.5299139286858292,1180051201,국민일보본사,126.9258217891435123_37.5293704606697105,77.0,20.0,서행,126.9258217891435123_37.5293704606697105|126.9252773746239455_37.5299139286858292
2026-09-04T03:35:30.187978+09:00,여의도,여의도,POI072,KEY_4,1180100100,올림픽대로,1180053000,여의하류IC,126.9116502139587652_37.5302817461312657,1180054600,여의하류IC,126.9113467485372553_37.5312398487618282,110.0,42.0,원활,126.9113467485372553_37.5312398487618282|126.9114940115750727_37.5307441067722678|126.9116502139587652_37.5302817461312657
2026-09-04T03:35:30.187978+09:00,여의도,여의도,POI072,KEY_4,1180101100,올림픽대로,1180054600,여의하류IC,126.9113467485372553_37.5312398487618282,1180053900,여의하류IC,126.9101796785526517_37.5308445942274886,161.0,38.0,서행,126.9101796785526517_37.5308445942274886|126.9101931014992317_37.5310414092060398|126.9102886836397630_37.5312624829991321|126.9103927384446138_37.5313583960722070|126.9105342246899681_37.5314544950895836|126.9107135639955573_37.5314971247237921|126.9109007655329577_37.5314920961623173|126.9111183798562479_37.5314275989006632|126.9112086357648082_37.5313743906016768|126.9113467485372553_37.5312398487618282
2026-09-04T03:35:30.187978+09:00,여의도,여의도,POI072,KEY_4,1180101600,여의서로,1180055500,서강대교남측,126.9220936272136981_37.5317745947810906,1180054700,서강대교남측,126.9217615574708447_37.5313291653935792,67.0,22.0,서행,126.9217615574708447_37.5313291653935792|126.9217629235362779_37.5315398924357950|126.9218301729573000_37.5316910168274589|126.9219347722461606_37.5317503890045288|126.9220358644076327_37.5317673982089559|126.9220936272136981_37.5317745947810906
2026-09-04T03:35:30.187978+09:00,여의도,여의도,POI072,KEY_4,1180102100,올림픽대로,1180055000,여의하류IC앞,126.9097766577302622_37.5319288643150841,1180056700,여의하류IC앞,126.9099677257352141_37.5322885743723162,247.0,40.0,서행,126.9099677257352141_37.5322885743723162|126.9101802749627552_37.5322898012020829|126.9104318980016188_37.5322803263696159|126.9105533440733069_37.5322594692428169|126.9106435161752842_37.5322169922414162|126.9107278503933003_37.5321554077364397|126.9108033508016575_37.5320746999620383|126.9108579076633276_37.5319915030838942|126.9108854019603427_37.5319224810316570|126.9108979423341879_37.5318509987701034|126.9108805013922705_37.5317841367436387|126.9108362782712049_37.5316956773246275|126.9107828271066865_37.5316381747174148|126.9106874170305019_37.5315852327633905|126.9105858681555645_37.5315513377507699|126.9104842061042717_37.5315317522630707|126.9103943910203895_37.5315289189790775|126.9102954982978702_37.5315379647373817|126.9102025389048976_37.5315541941005435|126.9100974322583681_37.5315918264329014|126.9100101221350911_37.5316510106624506|126.9099196124940221_37.5317364124159667|126.9097766577302622_37.5319288643150841
2026-09-04T03:35:30.187978+09:00,여의도,여의도,POI072,KEY_4,1180103300,올림픽대로,1180054600,여의하류IC,126.9113467485372553_37.5312398487618282,1180056700,여의하류IC앞,126.9099677257352141_37.5322885743723162,207.0,43.0,원활,126.9099677257352141_37.5322885743723162|126.9102019059527322_37.5323529642993847|126.9104144226252089_37.5323881863476316|126.9105551300773840_37.5323763736599858|126.9106838828241166_37.5323478643264963|126.9107976882863937_37.5323026561256228|126.9109025353903490_37.5322383695701731|126.9109714553170818_37.5321788239392902|126.9110374194450657_37.5320882852129003|126.9110944195145976_37.5319834363101563|126.9113016746642160_37.5313852328840198|126.9113467485372553_37.5312398487618282
2026-09-04T03:35:30.187978+09:00,여의도,여의도,POI072,KEY_4,1180103700,올림픽대로,1180056900,여의하류IC앞,126.9099107440064671_37.5323785517192547,1180058100,여의하류IC,126.9113470954211209_37.5334759494431651,183.0,46.3,서행,126.9113470954211209_37.5334759494431651|126.9112574345930824_37.5333543028651491|126.9111647860354850_37.5332278867742630|126.9110691582745005_37.5330895481243871|126.9109675293688468_37.5329631251105766|126.9108449616440879_37.5328247659603988|126.9107313287380663_37.5327245564036360|126.9105578407508830_37.5326123820790158|126.9103573956169413_37.5325144895265197|126.9101523716446422_37.5324473163778976|126.9099107440064671_37.5323785517192547
2026-09-04T03:35:30.187978+09:00,여의도,여의도,POI072,KEY_4,1180104000,올림픽대로,1180322800,최소노드배치점,126.9188633519518135_37.5330663833708513,1180054900,여의하류IC,126.9238476077766080_37.5313717470433375,486.0,36.5,서행,126.9238476077766080_37.5313717470433375|126.9235232634260058_37.5316199137243132|126.9232000481612062_37.5318505638760769|126.9230158194888247_37.5319791744498730|126.9228496134543036_37.5320470077723343|126.9224004740734983_37.5321647167067241|126.9210485355217912_37.5325392848552042|126.9195124922006812_37.5329065609222638|126.9188633519518135_37.5330663833708513
2026-09-04T03:35:30.187978+09:00,여의도,여의도,POI072,KEY_4,1190007003,여의대방로,1180028008,여의교앞교차로,126.9286343708705260_37.5169904528563194,1190022301,영등포구-동작구,126.9276025342916370_37.5154837396407004,191.0,20.0,서행,126.9276025342916370_37.5154837396407004|126.9284582427261938_37.5166934225227635|126.9286343708705260_37.5169904528563194
2026-09-04T03:35:30.187978+09:00,여의도,여의도,POI072,KEY_4,1180104200,올림픽대로,1180056900,여의하류IC앞,126.9099107440064671_37.5323785517192547,1180057200,여의하류IC앞,126.9095075762253231_37.5324759606280765,244.0,39.0,서행,126.9095075762253231_37.5324759606280765|126.9094841950826407_37.5325994681253974|126.9094564797182016_37.5327452630529876|126.9094313198684887_37.5328977660792660|126.9094484590793002_37.5330027836566202|126.9095046031765150_37.5330984571128070|126.9095730635125250_37.5331512658508686|126.9096595477012244_37.5331970100760017|126.9097791981177750_37.5332143016489468|126.9099049867064224_37.5332125452215948|126.9100668986708342_37.5331871216565673|126.9101840428222800_37.5331423950281788|126.9102684147233475_37.5330760409922490|126.9103138214403117_37.5330142623253735|126.9103534441543815_37.5329262222845230|126.9103630663362168_37.5328451854664635|126.9103489008242747_37.5327425678390441|126.9103166942296639_37.5326493988199772|126.9102455019530993_37.5325631892314817|126.9101144752508361_37.5324695269450785|126.9099107440064671_37.5323785517192547
2026-09-04T03:35:30.187978+09:00,여의도,여의도,POI072,KEY_4,1180104400,올림픽대로,1180058200,여의하류IC,126.9088719404886518_37.5335782193263654,1180058100,여의하류IC,126.9113470954211209_37.5334759494431651,236.0,52.0,원활,126.9113470954211209_37.5334759494431651|126.9111690623947908_37.5333607524628903|126.9109989641811467_37.5332847817553272|126.9108511282904743_37.5332339637287120|126.9106941120611651_37.5332081395440156|126.9105324361279230_37.5332037554386346|126.9103751385429319_37.5332137012479095|126.9102175873575931_37.5332558412137871|126.9100735400548814_37.5332944719436838|126.9099296329114139_37.5333152159377619|126.9097947662082930_37.5333288514592383|126.9096330327877951_37.5333316200244838|126.9094937305390545_37.5333380780400887|126.9093228160708549_37.5333658410132927|126.9091877513593118_37.5334045154003917|126.9090840728703284_37.5334505001922309|126.9088719404886518_37.5335782193263654
2026-09-04T03:35:30.187978+09:00,여의도,여의도,POI072,KEY_4,1180104700,올림픽대로,1180057702,여의하류IC,126.9116446085465810_37.5333341738394211,1180058600,여의하류IC,126.9124480904624335_37.5340012297976102,103.0,29.0,정체,126.9124480904624335_37.5340012297976102|126.9122745980778859_37.5338890571121127|126.9120682102647208_37.5337482538104155|126.9119545687167232_37.5336528126330577|126.9118678582978959_37.5335669276376009|126.9117632252879702_37.5334476543186142|126.9116446085465810_37.5333341738394211
2026-09-04T03:35:30.187978+09:00,여의도,여의도,POI072,KEY_4,1180105100,올림픽대로,1180058100,여의하류IC,126.9113470954211209_37.5334759494431651,1180058600,여의하류IC,126.9124480904624335_37.5340012297976102,118.0,37.7,서행,126.9124480904624335_37.5340012297976102|126.9122714926787694_37.5339844113092269|126.9121398055384304_37.5339604738344619|126.9119004108432165_37.5338863945131394|126.9117179131641819_37.5337956707200888|126.9115683555591261_37.5336954342220679|126.9114666742656965_37.5336119217694275|126.9113470954211209_37.5334759494431651
2026-09-04T03:35:30.187978+09:00,여의도,여의도,POI072,KEY_4,1180105300,올림픽대로,1180058600,여의하류IC,126.9124480904624335_37.5340012297976102,1180058400,여의하류IC,126.9148490647562824_37.5338551834337650,213.0,36.0,서행,126.9148490647562824_37.5338551834337650|126.9146365081849410_37.5338693333682087|126.9127833540508021_37.5340110131640330|126.9126216957507864_37.5340180458078123|126.9124480904624335_37.5340012297976102
2026-09-04T03:35:30.187978+09:00,여의도,여의도,POI072,KEY_4,1180119300,국제금융로,1180047702,여의도동2-11,126.9260844397870045_37.5269585366700795,1180047401,파크원타워1,126.9263167991109071_37.5267074897627282,35.0,6.0,정체,126.9263167991109071_37.5267074897627282|126.9260844397870045_37.5269585366700795
2026-09-04T03:35:30.187978+09:00,여의도,여의도,POI072,KEY_4,1180125100,여의대로4길,1180043308,IFC몰,126.9253912997659910_37.5240305296354393,1180043904,여의도동2-11,126.9242022027608812_37.5252577455223957,173.0,10.0,정체,126.9242022027608812_37.5252577455223957|126.9246481580183996_37.5247712374463021|126.9246502970791397_37.5247689038512675|126.9247757014081515_37.5246351435260124|126.9247791512703714_37.5246315370412233|126.9253369888391063_37.5240483679096428|126.9253912997659910_37.5240305296354393
2026-09-04T03:35:30.187978+09:00,여의도,여의도,POI072,KEY_4,1180125200,여의대로4길,1180119700,여의도동 23,126.9248871351346679_37.5246970604828931,1180043309,IFC몰,126.9255169922482764_37.5241061994683847,87.0,9.0,정체,126.9255169922482764_37.5241061994683847|126.9254227075627881_37.5241371671839445|126.9248871351346679_37.5246970604828931
2026-09-04T03:35:30.187978+09:00,여의도,여의도,POI072,KEY_4,1180129700,여의대로,1180035805,LG경영개발원,126.9199415755927589_37.5213879918803102,1180038704,전경련회관삼거리,126.9191704288033691_37.5221849123008013,112.0,30.5,원활,126.9191704288033691_37.5221849123008013|126.9199415755927589_37.5213879918803102
2026-09-04T03:35:30.187978+09:00,여의도,여의도,POI072,KEY_4,1180129800,여의대로,1180038703,전경련회관삼거리,126.9192775411875402_37.5222513352049134,1180035802,LG경영개발원,126.9200485653260415_37.5214545403774409,112.0,18.0,서행,126.9200485653260415_37.5214545403774409|126.9192775411875402_37.5222513352049134
2026-09-04T03:35:30.187978+09:00,여의도,여의도,POI072,KEY_4,1190044800,노들로,1190182300,최소노드배치점,126.9272162634406413_37.5145713085371639,1180025902,여의교지하차도(서측),126.9243577826353402_37.5152265372191849,264.0,77.5,원활,126.9243577826353402_37.5152265372191849|126.9252562213810762_37.5149340719642055|126.9254762290053691_37.5148794587899204|126.9263543419064746_37.5147006945100898|126.9268842390227690_37.5146043415104771|126.9272162634406413_37.5145713085371639
2026-09-04T03:35:30.187978+09:00,여의도,여의도,POI072,KEY_4,1180131700,올림픽대로,1180072800,여의상류IC,126.9405016513416058_37.5173927522574644,1180072700,여의상류IC,126.9400317402693616_37.5169229080486772,221.0,38.5,서행,126.9400317402693616_37.5169229080486772|126.9399344802771310_37.5169316289955646|126.9398211359667812_37.5169535882205949|126.9397250814745064_37.5169865204715478|126.9396499126596893_37.5170290914397313|126.9395866670927830_37.5170788728819602|126.9395569131277739_37.5171084448085992|126.9394778696889432_37.5172142920509657|126.9394474129800869_37.5172833077141021|126.9394349378280964_37.5173500233186985|126.9394344204221170_37.5174191813664777|126.9394518846603290_37.5174860393611098|126.9394842642379189_37.5175601229327924|126.9395138118170934_37.5176127296308124|126.9395792139877273_37.5176750458591997|126.9396507655670234_37.5177159276217509|126.9397313518953752_37.5177496969262165|126.9398150389860405_37.5177691724375677|126.9398958040664525_37.5177790948669383|126.9400096093687011_37.5177748648494571|126.9401115632629029_37.5177538853697854|126.9401896368920006_37.5177232520757471|126.9402527950462485_37.5176853941495381|126.9403371051859892_37.5176214033639113|126.9404239541164117_37.5175025778350246|126.9405016513416058_37.5173927522574644
2026-09-04T03:35:30.187978+09:00,여의도,여의도,POI072,KEY_4,1180131800,올림픽대로,1180073200,여의상류IC,126.9413747929981042_37.5171839921024386,1180072900,여의상류IC,126.9406083800987517_37.5174248708792817,223.0,38.0,서행,126.9406083800987517_37.5174248708792817|126.9405930312344424_37.5175435153873309|126.9406092616678592_37.5176670087558009|126.9406471748521454_37.5177969651017236|126.9407050223394009_37.5178687842951106|126.9407719322446866_37.5179299139964257|126.9408479565857988_37.5179732011517402|126.9409330178654471_37.5180093757528255|126.9410361749584411_37.5180277509984137|126.9411618942258571_37.5180319231682446|126.9413057634171480_37.5180111401280030|126.9414454615370147_37.5179474103264710|126.9415493929910213_37.5178620475961679|126.9416038699689295_37.5177836052660467|126.9416231424661277_37.5177302402591408|126.9416451412587463_37.5176693288908751|126.9416504315423992_37.5175620364262841|126.9416241520395943_37.5174724808295537|126.9415895959336780_37.5173712900806677|126.9415130106084462_37.5172832160456764|126.9414200748953476_37.5172121420924327|126.9413747929981042_37.5171839921024386
2026-09-04T03:35:30.187978+09:00,여의도,여의도,POI072,KEY_4,1180131900,올림픽대로,1180033601,여의상류IC,126.9410620352872030_37.5197641943777285,1180073300,여의상류IC,126.9429855095649771_37.5174961988850910,356.0,15.0,정체,126.9429855095649771_37.5174961988850910|126.9425770783428646_37.5174620764480835|126.9423645811656343_37.5174515339232642|126.9422687580351123_37.5174534666303643|126.9421458647768333_37.5174719653657647|126.9420678452474931_37.5174954451136884|126.9419987904991132_37.5175213520105117|126.9419236224377983_37.5175639235214362|126.9418634063433728_37.5176089512716757|126.9418000721829998_37.5176706568276828|126.9417427069557931_37.5177485130741815|126.9416003222524836_37.5179582783130741|126.9415367386929461_37.5180533702759931|126.9414333808193476_37.5182627473598558|126.9414028723800385_37.5183389174551678|126.9413353512353808_37.5185603874609441|126.9413075523894747_37.5186747280699180|126.9411772528702187_37.5192846297340026|126.9411243449818727_37.5195538654257774|126.9410620352872030_37.5197641943777285
2026-09-04T03:35:30.187978+09:00,여의도,여의도,POI072,KEY_4,1180132000,올림픽대로,1180072600,여의상류IC,126.9378948464693480_37.5165074160918977,1180029800,여의상류IC,126.9377628191142691_37.5176475456465397,325.0,37.0,서행,126.9377628191142691_37.5176475456465397|126.9381601723230375_37.5176575716860441|126.9387198855593368_37.5176805047165018|126.9388336718633070_37.5176786598768359|126.9389566551671322_37.5176482416586694|126.9390618000187771_37.5176010446367982|126.9391550758196558_37.5175394812165521|126.9392214417544267_37.5174730213408125|126.9392698981474012_37.5173993216681509|126.9393003717038368_37.5173279211050357|126.9393129014057564_37.5172540506748149|126.9393105136024502_37.5171729555413691|126.9392901098453308_37.5170989285295988|126.9392489783639775_37.5170157736007610|126.9392102730446084_37.5169649983634272|126.9391597703063752_37.5169122924934584|126.9390793806584412_37.5168522901816885|126.9389868734863427_37.5168113080451349|126.9378948464693480_37.5165074160918977
2026-09-04T03:35:30.187978+09:00,여의도,여의도,POI072,KEY_4,1180132101,올림픽대로,1180029701,노들길지하차도(남측),126.9174454412259223_37.5178935252872279,1180073802,신길동 4898,126.9243723430401758_37.5161747318214296,653.0,60.0,원활,126.9243723430401758_37.5161747318214296|126.9226606204918255_37.5168357374757875|126.9219396728078948_37.5171454308969743|126.9207111304239390_37.5176103681835897|126.9204558848613971_37.5176924905913509|126.9203001038399492_37.5177165135415223|126.9201811855750321_37.5177294500317089|126.9199887160019671_37.5177420257544867|126.9196406749877610_37.5177515824785388|126.9190944888944870_37.5177759385469969|126.9185088538632584_37.5177798166117711|126.9182257725997260_37.5178032092262725|126.9180388896296705_37.5178248227006961|126.9177583737531023_37.5178820279200735|126.9174454412259223_37.5178935252872279
2026-09-04T03:35:30.187978+09:00,여의도,여의도,POI072,KEY_4,1190006101,여의대방로,1180024602,대방역(서울1호선),126.9260012336949046_37.5136322383516898,1190002704,대방역사거리,126.9267562377877425_37.5145721661826528,126.0,29.0,원활,126.9267562377877425_37.5145721661826528|126.9266532556327434_37.5145489765688183|126.9266093775832047_37.5144872851627227|126.9260012336949046_37.5136322383516898
2026-09-04T03:35:30.187978+09:00,여의도,여의도,POI072,KEY_4,1190006201,여의대방로,1190002703,대방역사거리,126.9268958244966257_37.5145487094125656,1180024601,대방역(서울1호선),126.9262367161707630_37.5135246544136862,130.0,30.0,원활,126.9262367161707630_37.5135246544136862|126.9268824723927764_37.5144176304682091|126.9269222862782698_37.5144726857951127|126.9268958244966257_37.5145487094125656
2026-09-04T03:35:30.187978+09:00,여의도,여의도,POI072,KEY_4,1190006903,여의대방로,1190022302,영등포구-동작구,126.9274873639790400_37.5155411761891173,1180028009,여의교앞교차로,126.9284790582093052_37.5169816909920968,182.0,51.0,원활,126.9284790582093052_37.5169816909920968|126.9283375899637605_37.5167431126999773|126.9274873639790400_37.5155411761891173
2026-09-04T03:35:30.187978+09:00,연남동,연남동,POI073,KEY_1,1120004702,연희로,1130277000,연남동 226-48,126.9271080598153532_37.5618100657820975,1130034803,해청갤러리,126.9273073914400101_37.5621099056815169,38.0,28.0,원활,126.9273073914400101_37.5621099056815169|126.9271080598153532_37.5618100657820975
2026-09-04T03:35:30.187978+09:00,연남동,연남동,POI073,KEY_1,1120004703,연희로,1130250200,연남동 226-24,126.9280727889166229_37.5631859582277556,1130035903,연희동성당앞,126.9283432785030072_37.5635653407448942,48.0,17.0,서행,126.9283432785030072_37.5635653407448942|126.9280727889166229_37.5631859582277556
2026-09-04T03:35:30.187978+09:00,연남동,연남동,POI073,KEY_1,1120004802,연희로,1120065500,연희동 226-32,126.9276239882496213_37.5623374246412851,1130034801,해청갤러리,126.9274702230425476_37.5621217504392817,28.0,39.0,원활,126.9274702230425476_37.5621217504392817|126.9276239882496213_37.5623374246412851
2026-09-04T03:35:30.187978+09:00,연남동,연남동,POI073,KEY_1,1120060900,연희로,1120028701,연희동 739,126.9288286649398998_37.5621518337985663,1130034802,해청갤러리,126.9273953958239645_37.5620111365759470,147.0,15.0,서행,126.9273953958239645_37.5620111365759470|126.9274286614211036_37.5619672062125005|126.9277400706569807_37.5617957123375845|126.9278934350607244_37.5617729928707433|126.9284634704889925_37.5620666455208649|126.9285543477235052_37.5621045099639375|126.9286568464001022_37.5621272878675327|126.9288286649398998_37.5621518337985663
2026-09-04T03:35:30.187978+09:00,연남동,연남동,POI073,KEY_1,1120062900,동교로,1120007802,조선일보(연희지국),126.9270208438035894_37.5646005680013459,1130036601,서대문구-마포구,126.9267080980032176_37.5643200920704956,42.0,33.0,원활,126.9267080980032176_37.5643200920704956|126.9270208438035894_37.5646005680013459
2026-09-04T03:35:30.187978+09:00,연남동,연남동,POI073,KEY_1,1120063000,동교로,1130036602,서대문구-마포구,126.9266078711886649_37.5643930441057563,1120007803,조선일보(연희지국),126.9269211950978473_37.5646740742852359,42.0,35.0,원활,126.9269211950978473_37.5646740742852359|126.9266078711886649_37.5643930441057563
2026-09-04T03:35:30.187978+09:00,연남동,연남동,POI073,KEY_1,1130018303,동교로,1130267000,동교동 151-3,126.9235602086829147_37.5590265329813064,1130006103,동서빌라,126.9237720218529262_37.5599217838101325,101.0,32.0,원활,126.9237720218529262_37.5599217838101325|126.9237420189898273_37.5597891978450278|126.9236012045125506_37.5591669167257010|126.9235602086829147_37.5590265329813064
2026-09-04T03:35:30.187978+09:00,연남동,연남동,POI073,KEY_1,1130018501,월드컵북로,1130260700,서교동 445-7,126.9200065606029000_37.5564461523167950,1130031203,서교동 445-7,126.9187731280576088_37.5574745284471163,158.0,11.0,정체,126.9187731280576088_37.5574745284471163|126.9200065606029000_37.5564461523167950
2026-09-04T03:35:30.187978+09:00,연남동,연남동,POI073,KEY_1,1130018502,월드컵북로,1130251100,성산동 232-19,126.9170346878931355_37.5594060910254228,1130033003,경성고교입구교차로,126.9163000018430409_37.5602379275557112,113.0,24.0,서행,126.9163000018430409_37.5602379275557112|126.9170346878931355_37.5594060910254228
2026-09-04T03:35:30.187978+09:00,연남동,연남동,POI073,KEY_1,1130018602,월드컵북로,1130257900,연남동 571-19,126.9179061052080186_37.5586077878839077,1130031201,연남동 570-51,126.9187945682714940_37.5576202514821702,135.0,44.0,원활,126.9187945682714940_37.5576202514821702|126.9187015916444921_37.5577134134808404|126.9179061052080186_37.5586077878839077
2026-09-04T03:35:30.187978+09:00,연남동,연남동,POI073,KEY_1,1130018900,성미산로,1130272600,성산동 231-11,126.9158091268138975_37.5600789669375956,1130033004,경성고교입구교차로,126.9162191219763116_37.5603247891752687,45.0,25.0,원활,126.9162191219763116_37.5603247891752687|126.9158091268138975_37.5600789669375956
2026-09-04T03:35:30.187978+09:00,연남동,연남동,POI073,KEY_1,1130019301,연남로,1130240800,연남동 567-43,126.9231287573617948_37.5609100158457139,1130033401,연남동 567-43,126.9233172227791897_37.5606784343822042,31.0,13.0,정체,126.9233172227791897_37.5606784343822042|126.9231287573617948_37.5609100158457139
2026-09-04T03:35:30.187978+09:00,연남동,연남동,POI073,KEY_1,1130019302,연남로,1130033402,연남동 567-43,126.9233912364688450_37.5605875658401018,1130006104,동서빌라,126.9238055697589687_37.5600792539152337,67.0,32.0,원활,126.9238055697589687_37.5600792539152337|126.9233912364688450_37.5605875658401018
2026-09-04T03:35:30.187978+09:00,연남동,연남동,POI073,KEY_1,1130019401,연남로,1130245000,연남동 515-26,126.9217700703665628_37.5623806377983485,1130006303,로얄빌딩,126.9211548639525944_37.5631365364465495,100.0,16.0,서행,126.9211548639525944_37.5631365364465495|126.9217700703665628_37.5623806377983485
2026-09-04T03:35:30.187978+09:00,연남동,연남동,POI073,KEY_1,1130019402,연남로,1130006103,동서빌라,126.9237720218529262_37.5599217838101325,1130033403,동교동 197-41,126.9232773041242268_37.5605287127344880,80.0,12.0,정체,126.9232773041242268_37.5605287127344880|126.9237720218529262_37.5599217838101325
2026-09-04T03:35:30.187978+09:00,연남동,연남동,POI073,KEY_1,1130019700,성미산로,1130238200,연남동 369-8,126.9192663547726170_37.5621460245775722,1130006304,로얄빌딩,126.9210804329262032_37.5632272406674659,200.0,16.0,서행,126.9210804329262032_37.5632272406674659|126.9207517183218528_37.5630313265380593|126.9204200520956078_37.5628336512674252|126.9200100335724386_37.5625892747693442|126.9198326226203619_37.5624835345415917|126.9192663547726170_37.5621460245775722
2026-09-04T03:35:30.187978+09:00,연남동,연남동,POI073,KEY_1,1130019800,성미산로,1130237700,성산동 231-20,126.9169040134700737_37.5605999951076086,1130033002,경성고교입구교차로,126.9164085521041301_37.5603030039980226,55.0,22.0,서행,126.9164085521041301_37.5603030039980226|126.9169040134700737_37.5605999951076086
2026-09-04T03:35:30.187978+09:00,연남동,연남동,POI073,KEY_1,1130020000,월드컵북로,1130243000,성산동 231-22,126.9157321063545254_37.5610348315618126,1130033001,경성고교입구교차로,126.9163276327042809_37.5603898418518440,89.0,20.0,서행,126.9163276327042809_37.5603898418518440|126.9161941072004822_37.5605258680463834|126.9160529479223669_37.5606813771840038|126.9157321063545254_37.5610348315618126
2026-09-04T03:35:30.187978+09:00,연남동,연남동,POI073,KEY_1,1130020301,성미산로,1130006301,로얄빌딩,126.9211915162888573_37.5632895435570831,1130036004,노블레스아파트,126.9217317006510797_37.5635753657036062,57.0,15.0,서행,126.9217317006510797_37.5635753657036062|126.9211915162888573_37.5632895435570831
2026-09-04T03:35:30.187978+09:00,연남동,연남동,POI073,KEY_1,1130020302,성미산로,1130249800,연남동 225-38,126.9250630781282325_37.5641314617751121,1130035804,연남동 225-38,126.9256843986061938_37.5636126984175931,80.0,21.0,서행,126.9256843986061938_37.5636126984175931|126.9250630781282325_37.5641314617751121
2026-09-04T03:35:30.187978+09:00,연남동,연남동,POI073,KEY_1,1130020401,성미산로,1130036003,노블레스아파트,126.9218068862926145_37.5634853229895498,1130006302,로얄빌딩,126.9212658294876519_37.5631990398513125,57.0,27.0,원활,126.9212658294876519_37.5631990398513125|126.9218068862926145_37.5634853229895498
2026-09-04T03:35:30.187978+09:00,연남동,연남동,POI073,KEY_1,1130020402,성미산로,1130251300,연남동 250-10,126.9221693717430242_37.5636724649411420,1130036002,노블레스아파트,126.9219212234222169_37.5635450288828423,26.0,25.0,원활,126.9219212234222169_37.5635450288828423|126.9221693717430242_37.5636724649411420
2026-09-04T03:35:30.187978+09:00,연남동,연남동,POI073,KEY_1,1130021301,동교로,1130270200,연남동 373-20,126.9238877393567293_37.5603936801492893,1130033503,창무빌딩,126.9241748864737787_37.5606341936674681,38.0,8.0,정체,126.9241748864737787_37.5606341936674681|126.9241661103410337_37.5606061520141736|126.9241366858942399_37.5605700517992886|126.9241002899647839_37.5605390962913646|126.9239179770402757_37.5604331415745349|126.9238877393567293_37.5603936801492893
2026-09-04T03:35:30.187978+09:00,연남동,연남동,POI073,KEY_1,1130021302,동교로,1130250600,연남동 229-65,126.9250813106768447_37.5630900163644981,1130035803,연남동 225-36,126.9255917382149761_37.5635333791396420,67.0,27.0,원활,126.9255917382149761_37.5635333791396420|126.9253960018439642_37.5633633613362221|126.9250813106768447_37.5630900163644981
2026-09-04T03:35:30.187978+09:00,연남동,연남동,POI073,KEY_1,1130021303,동교로,1130264400,연남동 225-38,126.9263679639492324_37.5641903218058602,1130036602,서대문구-마포구,126.9266078711886649_37.5643930441057563,31.0,28.0,원활,126.9266078711886649_37.5643930441057563|126.9263679639492324_37.5641903218058602
2026-09-04T03:35:30.187978+09:00,연남동,연남동,POI073,KEY_1,1130021401,동교로,1130270300,동교동 190-1,126.9240036868288968_37.5603373757369283,1130006101,동서빌라,126.9239149665367705_37.5599450424727905,44.0,14.0,정체,126.9239149665367705_37.5599450424727905|126.9239877581506306_37.5602899730970847|126.9239997971928346_37.5603322997610576|126.9240036868288968_37.5603373757369283
2026-09-04T03:35:30.187978+09:00,연남동,연남동,POI073,KEY_1,1130021402,동교로,1130234100,연남동 260-65,126.9243509881973893_37.5610184290997395,1130033501,창무빌딩,126.9243242832398835_37.5606902998111352,36.0,21.0,서행,126.9243242832398835_37.5606902998111352|126.9243327450441683_37.5607736496850464|126.9243509881973893_37.5610184290997395
2026-09-04T03:35:30.187978+09:00,연남동,연남동,POI073,KEY_1,1130021403,동교로,1130036601,서대문구-마포구,126.9267080980032176_37.5643200920704956,1130035801,연남동 224-68,126.9257782460976927_37.5635343239583079,120.0,30.0,원활,126.9257782460976927_37.5635343239583079|126.9261142058849572_37.5638182283647524|126.9264668133956491_37.5641161976511739|126.9267080980032176_37.5643200920704956
2026-09-04T03:35:30.187978+09:00,연남동,연남동,POI073,KEY_1,1130021601,연남로,1130281300,최소노드배치점,126.9194887786172217_37.5653656026151168,1130006301,로얄빌딩,126.9211915162888573_37.5632895435570831,275.0,24.0,서행,126.9211915162888573_37.5632895435570831|126.9205365111346566_37.5640803585334453|126.9202702056518319_37.5644070381809527|126.9200506331480227_37.5646763873924741|126.9196463850846328_37.5651722716135268|126.9194887786172217_37.5653656026151168
2026-09-04T03:35:30.187978+09:00,연남동,연남동,POI073,KEY_1,1130055000,월드컵북로5길,1130254500,서교동 449-44,126.9173185892374249_37.5569228155895019,1130031204,서교동 449-44,126.9186832942457102_37.5575579420634398,140.0,20.0,서행,126.9186832942457102_37.5575579420634398|126.9181245521222081_37.5572974258490646|126.9174760525978627_37.5569950542124857|126.9173185892374249_37.5569228155895019
2026-09-04T03:35:30.187978+09:00,연남동,연남동,POI073,KEY_1,1130057300,월드컵북로6길,1130261300,동교동 203-33,126.9193673333113281_37.5578672419356039,1130031202,동교동 205-15,126.9188838547954674_37.5575387719110481,56.0,30.0,원활,126.9188838547954674_37.5575387719110481|126.9193673333113281_37.5578672419356039
2026-09-04T03:35:30.187978+09:00,연남동,연남동,POI073,KEY_1,1130057400,월드컵북로6길,1130237300,연남동 567-58,126.9228121069769628_37.5603611737690315,1130033404,연남동 567-43,126.9232032360486642_37.5606196477347183,45.0,23.0,서행,126.9232032360486642_37.5606196477347183|126.9230964736037777_37.5605557972101778|126.9228121069769628_37.5603611737690315
2026-09-04T03:35:30.187978+09:00,연남동,연남동,POI073,KEY_1,1130060000,동교로29길,1130033503,창무빌딩,126.9241748864737787_37.5606341936674681,1130036003,노블레스아파트,126.9218068862926145_37.5634853229895498,381.0,22.0,서행,126.9218068862926145_37.5634853229895498|126.9218459298930100_37.5634232918577879|126.9220337933197982_37.5631841000810169|126.9223456371491494_37.5627870497117868|126.9227675631269960_37.5622648309932572|126.9233084612183120_37.5615953472728421|126.9240020675585043_37.5607446270273684|126.9240943496756557_37.5606712830971432|126.9241748864737787_37.5606341936674681
2026-09-04T03:35:30.187978+09:00,연남동,연남동,POI073,KEY_1,1130060100,동교로29길,1130246800,연남동 257-9,126.9228817967008496_37.5623233169991337,1130033504,창무빌딩,126.9241941095302053_37.5607502493276115,210.0,7.0,정체,126.9241941095302053_37.5607502493276115|126.9241777376998783_37.5607577891073205|126.9241081814776919_37.5608130710165966|126.9234225413209742_37.5616540221321031|126.9228817967008496_37.5623233169991337
2026-09-04T03:35:30.187978+09:00,연남동,연남동,POI073,KEY_1,1130060900,성미산로,1130275100,연남동 227-35,126.9263235538300165_37.5629220786752782,1130035802,연남동 224-42,126.9256856633364663_37.5634549376981468,82.0,13.0,정체,126.9256856633364663_37.5634549376981468|126.9258913341547981_37.5632831326951120|126.9263235538300165_37.5629220786752782
2026-09-04T03:35:30.187978+09:00,연남동,연남동,POI073,KEY_1,1130061000,성미산로,1130251800,연남동 226-9,126.9268765102369230_37.5626168868789208,1130034804,해청갤러리,126.9273752792072827_37.5622076263378801,63.0,18.0,서행,126.9273752792072827_37.5622076263378801|126.9272849188586036_37.5622757135550032|126.9268765102369230_37.5626168868789208
2026-09-04T03:35:30.187978+09:00,영등포 타임스퀘어,영등포 타임스퀘어,POI074,KEY_2,1180000901,경인로,1180127400,영등포동3가 39,126.9084229054596591_37.5170881749968004,1180028604,영등포한전,126.9092990278852682_37.5173912699995569,84.0,18.0,서행,126.9092990278852682_37.5173912699995569|126.9084229054596591_37.5170881749968004
2026-09-04T03:35:30.187978+09:00,영등포 타임스퀘어,영등포 타임스퀘어,POI074,KEY_2,1180000902,경인로,1180028601,영등포한전,126.9094281785715310_37.5174358290711183,1180029402,영등포고가차도(서측),126.9105878329916948_37.5178352904877315,112.0,12.0,정체,126.9105878329916948_37.5178352904877315|126.9094281785715310_37.5174358290711183
2026-09-04T03:35:30.187978+09:00,영등포 타임스퀘어,영등포 타임스퀘어,POI074,KEY_2,1180000903,경인로,1180029402,영등포고가차도(서측),126.9105878329916948_37.5178352904877315,1180000603,영등포로터리,126.9120906292499882_37.5184239480049868,149.0,22.0,서행,126.9120906292499882_37.5184239480049868|126.9120097694427898_37.5183896253174680|126.9108093688715826_37.5179714686493213|126.9105878329916948_37.5178352904877315
2026-09-04T03:35:30.187978+09:00,영등포 타임스퀘어,영등포 타임스퀘어,POI074,KEY_2,1180001001,경인로,1180243700,영등포동 481-12,126.9078910549129091_37.5167862984797083,1180000503,영등포역앞교차로,126.9067347975935007_37.5163862687553689,111.0,23.0,서행,126.9067347975935007_37.5163862687553689|126.9078910549129091_37.5167862984797083
2026-09-04T03:35:30.187978+09:00,영등포 타임스퀘어,영등포 타임스퀘어,POI074,KEY_2,1180001002,경인로,1180029401,영등포고가차도(서측),126.9106419673750281_37.5177361416953161,1180028602,영등포한전,126.9094820584459313_37.5173365914275081,112.0,17.0,서행,126.9094820584459313_37.5173365914275081|126.9106419673750281_37.5177361416953161
2026-09-04T03:35:30.187978+09:00,영등포 타임스퀘어,영등포 타임스퀘어,POI074,KEY_2,1180001003,경인로,1180000602,영등포로터리,126.9122093045591271_37.5182292931425820,1180029401,영등포고가차도(서측),126.9106419673750281_37.5177361416953161,150.0,11.0,정체,126.9106419673750281_37.5177361416953161|126.9109181500788281_37.5177733471150248|126.9121281737749598_37.5181948553375548|126.9122093045591271_37.5182292931425820
2026-09-04T03:35:30.187978+09:00,영등포 타임스퀘어,영등포 타임스퀘어,POI074,KEY_2,1180016003,영신로,1180265900,최소노드배치점,126.9050837909057066_37.5148823947284882,1180027207,영등포역고가차도(북측),126.9017626129269445_37.5169443079154448,424.0,56.5,원활,126.9017626129269445_37.5169443079154448|126.9019464525509591_37.5164721407837831|126.9020154613533151_37.5163078036969537|126.9021072569615001_37.5161510250484795|126.9023834280580587_37.5156942430907350|126.9024808980569503_37.5155688327527201|126.9026058694610697_37.5154290361645053|126.9027821758004819_37.5152741394399101|126.9029989752344960_37.5151256782396274|126.9031475369572917_37.5150583618414899|126.9033411285070230_37.5149777905100592|126.9035566614483344_37.5149145414508993|126.9037620354231706_37.5148812538008869|126.9039907983438979_37.5148595753164642|126.9041756644236330_37.5148486827381689|126.9046694087680294_37.5148635163425510|126.9050837909057066_37.5148823947284882
2026-09-04T03:35:30.187978+09:00,영등포 타임스퀘어,영등포 타임스퀘어,POI074,KEY_2,1180016005,영신로,1180027204,속성변화점,126.9015038398044055_37.5176240892620427,1180031203,영등포경방필뒷길교차로,126.9011930366776255_37.5184405339261389,95.0,21.0,서행,126.9011930366776255_37.5184405339261389|126.9014769539015077_37.5176947161951801|126.9015038398044055_37.5176240892620427
2026-09-04T03:35:30.187978+09:00,영등포 타임스퀘어,영등포 타임스퀘어,POI074,KEY_2,1180016006,영신로,1180027207,영등포역고가차도(북측),126.9017626129269445_37.5169443079154448,1180027204,속성변화점,126.9015038398044055_37.5176240892620427,79.0,44.0,원활,126.9015038398044055_37.5176240892620427|126.9017626129269445_37.5169443079154448
2026-09-04T03:35:30.187978+09:00,영등포 타임스퀘어,영등포 타임스퀘어,POI074,KEY_2,1180016103,영신로,1180265800,최소노드배치점,126.9050760407689751_37.5149903383453420,1180024701,영등포역고가차도(남측),126.9087307052849098_37.5135198228046463,408.0,52.7,원활,126.9087307052849098_37.5135198228046463|126.9081487147335281_37.5143569277719564|126.9080029370169314_37.5145411794823147|126.9078261800036671_37.5147038872662648|126.9076601325354972_37.5148245785460830|126.9074559124306631_37.5149151632886202|126.9071306301649145_37.5150148103527030|126.9068239133496121_37.5150552815421747|126.9066637699532407_37.5150626586616553|126.9050760407689751_37.5149903383453420
2026-09-04T03:35:30.187978+09:00,영등포 타임스퀘어,영등포 타임스퀘어,POI074,KEY_2,1180016105,영신로,1180027203,센트럴푸르지오시티아파트,126.9016491472245747_37.5176149848718481,1180027206,영등포역고가차도(북측),126.9018923848414317_37.5169760079907491,74.0,19.0,서행,126.9018923848414317_37.5169760079907491|126.9016491472245747_37.5176149848718481
2026-09-04T03:35:30.187978+09:00,영등포 타임스퀘어,영등포 타임스퀘어,POI074,KEY_2,1180016106,영신로,1180031202,영등포경방필뒷길교차로,126.9013385422641136_37.5184309135766441,1180027202,센트럴푸르지오시티아파트,126.9016068526740924_37.5177260895310454,82.0,6.0,정체,126.9016068526740924_37.5177260895310454|126.9013385422641136_37.5184309135766441
2026-09-04T03:35:30.187978+09:00,영등포 타임스퀘어,영등포 타임스퀘어,POI074,KEY_2,1180016204,신길로,1180029302,영등포지하차도(북측),126.9121994203567283_37.5178579827611216,1180000602,영등포로터리,126.9122093045591271_37.5182292931425820,41.0,24.0,서행,126.9122093045591271_37.5182292931425820|126.9121877240078646_37.5181429270656466|126.9121839563804457_37.5179920900407353|126.9121994203567283_37.5178579827611216
2026-09-04T03:35:30.187978+09:00,영등포 타임스퀘어,영등포 타임스퀘어,POI074,KEY_2,1180016304,신길로,1180000601,영등포로터리,126.9124535820762105_37.5184297931263089,1180029301,영등포지하차도(북측),126.9123346128244236_37.5178676775866151,65.0,36.0,원활,126.9123346128244236_37.5178676775866151|126.9123198197420521_37.5179959706838062|126.9123231986734623_37.5181312083496223|126.9123504037761450_37.5182400823260807|126.9124535820762105_37.5184297931263089
2026-09-04T03:35:30.187978+09:00,영등포 타임스퀘어,영등포 타임스퀘어,POI074,KEY_2,1180018001,영중로,1180000509,영등포역교차로,126.9062411865252500_37.5170589962790046,1180030604,신세계백화점삼거리,126.9057574095607492_37.5180060126119699,113.0,38.0,원활,126.9057574095607492_37.5180060126119699|126.9062411865252500_37.5170589962790046
2026-09-04T03:35:30.187978+09:00,영등포 타임스퀘어,영등포 타임스퀘어,POI074,KEY_2,1180018002,영중로,1180000505,영등포역앞교차로,126.9065561592446301_37.5164424089386372,1180000508,영등포역교차로,126.9062924160255932_37.5169587106358122,62.0,7.0,정체,126.9062924160255932_37.5169587106358122|126.9064372908919864_37.5166751056728529|126.9065561592446301_37.5164424089386372
2026-09-04T03:35:30.187978+09:00,영등포 타임스퀘어,영등포 타임스퀘어,POI074,KEY_2,1180018101,영중로,1180177500,영등포동3가 33,126.9065630179876081_37.5167158549283286,1180000502,영등포역앞교차로,126.9066807209800629_37.5164854387568099,28.0,17.0,서행,126.9066807209800629_37.5164854387568099|126.9065630179876081_37.5167158549283286
2026-09-04T03:35:30.187978+09:00,영등포 타임스퀘어,영등포 타임스퀘어,POI074,KEY_2,1180018404,영등포로,1180126700,신길동 50-3,126.9172841213858050_37.5156221114985726,1180028903,신길역,126.9164897743027893_37.5173809040417936,207.0,25.0,원활,126.9164897743027893_37.5173809040417936|126.9166933585755288_37.5169092955012218|126.9169330965590490_37.5163809977301526|126.9172525179823765_37.5156770933944443|126.9172841213858050_37.5156221114985726
2026-09-04T03:35:30.187978+09:00,영등포 타임스퀘어,영등포 타임스퀘어,POI074,KEY_2,1180018801,문래로,1180030608,영등포동4가123-1,126.9024638451189446_37.5183060983704522,1180031202,영등포경방필뒷길교차로,126.9013385422641136_37.5184309135766441,100.0,14.0,정체,126.9013385422641136_37.5184309135766441|126.9015682760347090_37.5183993935494016|126.9020374138769114_37.5183505223735310|126.9024638451189446_37.5183060983704522
2026-09-04T03:35:30.187978+09:00,영등포 타임스퀘어,영등포 타임스퀘어,POI074,KEY_2,1180018802,문래로,1180197700,영등포동4가 123-1,126.9028974562422434_37.5182609246652419,1180030607,영등포동4가123-1,126.9025987362175556_37.5182920455747819,27.0,20.5,서행,126.9025987362175556_37.5182920455747819|126.9028974562422434_37.5182609246652419
2026-09-04T03:35:30.187978+09:00,영등포 타임스퀘어,영등포 타임스퀘어,POI074,KEY_2,1180018901,문래로,1180164900,영등포동4가 53-3,126.9048292098879642_37.5181734231585580,1180030605,신세계백화점삼거리,126.9057028648952326_37.5181149873021340,78.0,16.0,서행,126.9057028648952326_37.5181149873021340|126.9053638432774704_37.5181201708930843|126.9048292098879642_37.5181734231585580
2026-09-04T03:35:30.187978+09:00,영등포 타임스퀘어,영등포 타임스퀘어,POI074,KEY_2,1180019604,문래로,1180031203,영등포경방필뒷길교차로,126.9011930366776255_37.5184405339261389,1180031302,문래동3가 17,126.9007982551108853_37.5184068062494944,35.0,6.0,정체,126.9007982551108853_37.5184068062494944|126.9011930366776255_37.5184405339261389
2026-09-04T03:35:30.187978+09:00,영등포 타임스퀘어,영등포 타임스퀘어,POI074,KEY_2,1180020400,영중로,1180130300,영등포동4가 53-3,126.9052282035568311_37.5190719619747028,1180034704,영등포시장앞교차로,126.9047990476082077_37.5199371694090047,103.0,33.0,원활,126.9047990476082077_37.5199371694090047|126.9052282035568311_37.5190719619747028
2026-09-04T03:35:30.187978+09:00,영등포 타임스퀘어,영등포 타임스퀘어,POI074,KEY_2,1180020601,영등포로,1180198600,영등포동3가 28,126.9106420024377400_37.5187152938311712,1180032602,영등포야구연습장,126.9095385666399807_37.5189372018608651,101.0,34.0,원활,126.9095385666399807_37.5189372018608651|126.9106420024377400_37.5187152938311712
2026-09-04T03:35:30.187978+09:00,영등포 타임스퀘어,영등포 타임스퀘어,POI074,KEY_2,1180020602,영등포로,1180222700,영등포동3가 31,126.9060516206890838_37.5196741320310707,1180034703,영등포시장앞교차로,126.9049610526885488_37.5199048084829059,100.0,34.0,원활,126.9049610526885488_37.5199048084829059|126.9060516206890838_37.5196741320310707
2026-09-04T03:35:30.187978+09:00,영등포 타임스퀘어,영등포 타임스퀘어,POI074,KEY_2,1180020702,영등포로,1180198700,영등포동2가 5-1,126.9106752312442836_37.5188201178326324,1180000604,영등포로터리,126.9122054556963235_37.5185123526650202,140.0,31.0,원활,126.9122054556963235_37.5185123526650202|126.9106752312442836_37.5188201178326324
2026-09-04T03:35:30.187978+09:00,영등포 타임스퀘어,영등포 타임스퀘어,POI074,KEY_2,1180020703,영등포로,1180194500,영등포동2가 30-1,126.9084229110674045_37.5192843866863441,1180032604,영등포야구연습장,126.9094400795285935_37.5190692022479695,93.0,27.0,원활,126.9094400795285935_37.5190692022479695|126.9084229110674045_37.5192843866863441
2026-09-04T03:35:30.187978+09:00,영등포 타임스퀘어,영등포 타임스퀘어,POI074,KEY_2,1180022301,영등포로,1180106100,영등포동6가 76-1,126.9038369152164876_37.5201972870942271,1180034705,영등포시장앞교차로,126.9047816349661844_37.5200500536503583,85.0,32.0,원활,126.9047816349661844_37.5200500536503583|126.9038369152164876_37.5201972870942271
2026-09-04T03:35:30.187978+09:00,영등포 타임스퀘어,영등포 타임스퀘어,POI074,KEY_2,1180023602,영중로,1180034705,영등포시장앞교차로,126.9047816349661844_37.5200500536503583,1180034708,새길병원,126.9048589892574768_37.5209747297568086,103.0,11.0,정체,126.9048589892574768_37.5209747297568086|126.9047862119519294_37.5203545136103216|126.9047816349661844_37.5200500536503583
2026-09-04T03:35:30.187978+09:00,영등포 타임스퀘어,영등포 타임스퀘어,POI074,KEY_2,1180023701,영중로,1180034706,속성변화점,126.9050067919064873_37.5210724475763513,1180034702,영등포시장앞교차로,126.9049170256530346_37.5200259885010610,116.0,26.0,원활,126.9049170256530346_37.5200259885010610|126.9049218798124485_37.5203488258486004|126.9049941446391756_37.5209646684422538|126.9050067919064873_37.5210724475763513
2026-09-04T03:35:30.187978+09:00,영등포 타임스퀘어,영등포 타임스퀘어,POI074,KEY_2,1180064600,영신로,1180024702,영등포역고가차도(남측),126.9086116519794842_37.5134678994298696,1180026102,영등포역1번출구,126.9076181236332417_37.5147853277155576,171.0,14.0,정체,126.9076181236332417_37.5147853277155576|126.9084207633854646_37.5136308769032922|126.9086116519794842_37.5134678994298696
2026-09-04T03:35:30.187978+09:00,영등포 타임스퀘어,영등포 타임스퀘어,POI074,KEY_2,1180064700,영신로,1180026101,영등포역1번출구,126.9078556055787601_37.5148900936006484,1180024701,영등포역고가차도(남측),126.9087307052849098_37.5135198228046463,171.0,36.0,원활,126.9087307052849098_37.5135198228046463|126.9086582428016641_37.5137356411918148|126.9078556055787601_37.5148900936006484
2026-09-04T03:35:30.187978+09:00,영등포 타임스퀘어,영등포 타임스퀘어,POI074,KEY_2,1180067501,영신로,1180026608,청과시장입구사거리,126.9026871473992344_37.5156177148454049,1180026611,청과시장입구교차로,126.9031194935170959_37.5152570224186022,56.0,7.0,정체,126.9031194935170959_37.5152570224186022|126.9029245062045419_37.5153905454125791|126.9027647649380697_37.5155308912642838|126.9026871473992344_37.5156177148454049
2026-09-04T03:35:30.187978+09:00,영등포 타임스퀘어,영등포 타임스퀘어,POI074,KEY_2,1180067502,영신로,1180027206,영등포역고가차도(북측),126.9018923848414317_37.5169760079907491,1180026607,청과시장입구사거리,126.9026117945604284_37.5157085193453881,155.0,7.0,정체,126.9026117945604284_37.5157085193453881|126.9025622027086087_37.5157723283970412|126.9022912457701011_37.5162204879740173|126.9022048796041844_37.5163679945295740|126.9021402544090336_37.5165218909278124|126.9020376238798065_37.5167854844985698|126.9018923848414317_37.5169760079907491
2026-09-04T03:35:30.187978+09:00,영등포 타임스퀘어,영등포 타임스퀘어,POI074,KEY_2,1180067601,경인로,1180194100,영등포동4가 423-98,126.9049173709000513_37.5157593472424935,1180026612,청과시장입구교차로,126.9031734327549401_37.5151578048967025,168.0,18.0,서행,126.9031734327549401_37.5151578048967025|126.9049173709000513_37.5157593472424935
2026-09-04T03:35:30.187978+09:00,영등포 타임스퀘어,영등포 타임스퀘어,POI074,KEY_2,1180067602,경인로,1180000504,영등포역앞교차로,126.9066100945905049_37.5163431897925648,1180026604,영등포역교차로,126.9064578224589042_37.5162906707129054,15.0,11.0,정체,126.9064578224589042_37.5162906707129054|126.9066100945905049_37.5163431897925648
2026-09-04T03:35:30.187978+09:00,영등포 타임스퀘어,영등포 타임스퀘어,POI074,KEY_2,1180067701,경인로,1180026603,영등포역교차로,126.9064038869495192_37.5163898897900978,1180000505,영등포역앞교차로,126.9065561592446301_37.5164424089386372,15.0,12.0,정체,126.9065561592446301_37.5164424089386372|126.9064038869495192_37.5163898897900978
2026-09-04T03:35:30.187978+09:00,영등포 타임스퀘어,영등포 타임스퀘어,POI074,KEY_2,1180067702,경인로,1180194000,영등포동4가 423-98,126.9048634335346009_37.5158585655532590,1180026606,영등포역교차로,126.9062792989578270_37.5163469187381509,136.0,17.0,서행,126.9062792989578270_37.5163469187381509|126.9048634335346009_37.5158585655532590
2026-09-04T03:35:30.187978+09:00,영등포 타임스퀘어,영등포 타임스퀘어,POI074,KEY_2,1180073100,영등포로50길,1180028604,영등포한전,126.9092990278852682_37.5173912699995569,1180032603,영등포야구연습장,126.9094071216628663_37.5189643058265077,176.0,6.0,정체,126.9094071216628663_37.5189643058265077|126.9092962018217037_37.5185871916409681|126.9092686154928487_37.5184211705609982|126.9092376416866585_37.5178113154560577|126.9092517371507256_37.5176562384217647|126.9092990278852682_37.5173912699995569
2026-09-04T03:35:30.187978+09:00,영등포 타임스퀘어,영등포 타임스퀘어,POI074,KEY_2,1180073600,경인로,1180031400,영등포로터리,126.9135244685563038_37.5187677128586827,1180000601,영등포로터리,126.9124535820762105_37.5184297931263089,102.0,32.0,원활,126.9124535820762105_37.5184297931263089|126.9128100770402767_37.5185012566219456|126.9135244685563038_37.5187677128586827
2026-09-04T03:35:30.187978+09:00,영등포 타임스퀘어,영등포 타임스퀘어,POI074,KEY_2,1180074400,버드나루로,1180000604,영등포로터리,126.9122054556963235_37.5185123526650202,1180032400,영등포로터리,126.9125107094587435_37.5191376677346895,79.0,24.0,서행,126.9125107094587435_37.5191376677346895|126.9123789759963330_37.5188311948415461|126.9123310981761392_37.5186176017848041|126.9122705071853119_37.5185097182430880|126.9122054556963235_37.5185123526650202
2026-09-04T03:35:30.187978+09:00,영등포 타임스퀘어,영등포 타임스퀘어,POI074,KEY_2,1180075600,경인로,1180000604,영등포로터리,126.9122054556963235_37.5185123526650202,1180034604,영등포고가차도(동측),126.9146713619132498_37.5199625605113596,278.0,46.0,원활,126.9146713619132498_37.5199625605113596|126.9145526823699441_37.5199508797338339|126.9143552126644749_37.5198935230305253|126.9133322102916424_37.5193826208748220|126.9130630332413148_37.5192203173122039|126.9127341107558067_37.5189626122592088|126.9125481884640863_37.5187765879230426|126.9124818594804083_37.5186855708289926|126.9124327382808559_37.5186108665007083|126.9122705071853119_37.5185097182430880|126.9122054556963235_37.5185123526650202
2026-09-04T03:35:30.187978+09:00,영등포 타임스퀘어,영등포 타임스퀘어,POI074,KEY_2,1180076800,영등포로53길,1180000604,영등포로터리,126.9122054556963235_37.5185123526650202,1180035308,동일빌딩,126.9103211440061187_37.5202225574950390,253.0,20.0,서행,126.9103211440061187_37.5202225574950390|126.9110936783595065_37.5195510357812481|126.9119678887164326_37.5187633670989484|126.9122054556963235_37.5185123526650202
2026-09-04T03:35:30.187978+09:00,영등포 타임스퀘어,영등포 타임스퀘어,POI074,KEY_2,1180077100,영등포로53길,1180035307,동일빌딩,126.9104219802961921_37.5202949459832169,1180000601,영등포로터리,126.9124535820762105_37.5184297931263089,274.0,13.0,정체,126.9124535820762105_37.5184297931263089|126.9120730951421621_37.5188318189768637|126.9111945763048652_37.5196233694127699|126.9104219802961921_37.5202949459832169
2026-09-04T03:35:30.187978+09:00,영등포 타임스퀘어,영등포 타임스퀘어,POI074,KEY_2,1180077800,영등포로49길,1180035308,동일빌딩,126.9103211440061187_37.5202225574950390,1180032601,영등포야구연습장,126.9095714878148726_37.5190420934544235,152.0,9.0,정체,126.9095714878148726_37.5190420934544235|126.9098488533216766_37.5198729332244412|126.9098507104603897_37.5198744152730441|126.9100362848115253_37.5200225083504151|126.9103211440061187_37.5202225574950390
2026-09-04T03:35:30.187978+09:00,영등포 타임스퀘어,영등포 타임스퀘어,POI074,KEY_2,1180122400,영중로3길,1180070602,영등포동4가440-9,126.9040381864777629_37.5162832372860464,1180000509,영등포역교차로,126.9062411865252500_37.5170589962790046,213.0,8.0,정체,126.9062411865252500_37.5170589962790046|126.9057966058204698_37.5169361302130895|126.9055335280310146_37.5168609647402818|126.9052182848325572_37.5167684936097956|126.9049638245406157_37.5166751920809745|126.9044625088730243_37.5164579567123511|126.9040381864777629_37.5162832372860464
2026-09-04T03:35:30.187978+09:00,영등포 타임스퀘어,영등포 타임스퀘어,POI074,KEY_2,1180127800,영신로24길,1180070601,영등포동4가440-9,126.9040999860292942_37.5161869737218368,1180026608,청과시장입구사거리,126.9026871473992344_37.5156177148454049,140.0,16.0,서행,126.9026871473992344_37.5156177148454049|126.9039609526363819_37.5161309557252665|126.9040999860292942_37.5161869737218368
2026-09-04T03:35:30.187978+09:00,용리단길,용리단길,POI076,KEY_3,1020007302,한강대로,1020015204,용산역,126.9667170087153636_37.5280456524693449,1020016803,전자상가입구교차로,126.9681558223356888_37.5295644873819896,211.0,51.0,원활,126.9681558223356888_37.5295644873819896|126.9672342806026819_37.5285917021841300|126.9667170087153636_37.5280456524693449
2026-09-04T03:35:30.187978+09:00,용리단길,용리단길,POI076,KEY_3,1020007402,한강대로,1020051500,한강로2가 188-1,126.9673426559004668_37.5285265849111056,1020015201,속성변화점,126.9668253836721163_37.5279805356647955,76.0,23.0,서행,126.9668253836721163_37.5279805356647955|126.9673426559004668_37.5285265849111056
2026-09-04T03:35:30.187978+09:00,용리단길,용리단길,POI076,KEY_3,1020008306,새창로,1020016803,전자상가입구교차로,126.9681558223356888_37.5295644873819896,1020017802,신용산지하차도(동측),126.9673959720882692_37.5300726947153009,88.0,30.0,원활,126.9673959720882692_37.5300726947153009|126.9677699989137238_37.5298289272809029|126.9679910930038602_37.5296848305883302|126.9679948818404398_37.5296820626562777|126.9681558223356888_37.5295644873819896
2026-09-04T03:35:30.187978+09:00,용리단길,용리단길,POI076,KEY_3,1020008406,새창로,1020126900,한강로2가 422-1,126.9678559795664512_37.5299126000648968,1020016804,전자상가입구교차로,126.9682403944276103_37.5296494232954956,45.0,31.0,원활,126.9682403944276103_37.5296494232954956|126.9680866539261928_37.5297617379752211|126.9680800395232581_37.5297665700961005|126.9678559795664512_37.5299126000648968
2026-09-04T03:35:30.187978+09:00,용리단길,용리단길,POI076,KEY_3,1020009302,한강대로,1020025100,삼각지역7번출구,126.9734329393310475_37.5350708801419586,1020025603,삼각지역교차로,126.9739472931050841_37.5356089153529453,75.0,53.0,원활,126.9739472931050841_37.5356089153529453|126.9738394312628174_37.5354850527930566|126.9734329393310475_37.5350708801419586
2026-09-04T03:35:30.187978+09:00,용리단길,용리단길,POI076,KEY_3,1020009402,한강대로,1020025602,삼각지역교차로,126.9740601326000160_37.5355487598275559,1020024700,삼각지역7번출구,126.9735399131187421_37.5350043003819138,76.0,39.0,원활,126.9735399131187421_37.5350043003819138|126.9739487928858210_37.5354209040961138|126.9740601326000160_37.5355487598275559
2026-09-04T03:35:30.187978+09:00,용리단길,용리단길,POI076,KEY_3,1020011301,이태원로,1020024900,삼각지역13번출구,126.9749769084332343_37.5349767961125238,1020025602,삼각지역교차로,126.9740601326000160_37.5355487598275559,103.0,53.0,원활,126.9740601326000160_37.5355487598275559|126.9743097291953688_37.5353822428393471|126.9749769084332343_37.5349767961125238
2026-09-04T03:35:30.187978+09:00,용리단길,용리단길,POI076,KEY_3,1020011401,이태원로,1020025601,삼각지역교차로,126.9741286309340893_37.5356441095230551,1020025200,삼각지역(서울6호선),126.9750592746409410_37.5350627473837051,105.0,10.0,정체,126.9750592746409410_37.5350627473837051|126.9743945507994880_37.5354667021441912|126.9741286309340893_37.5356441095230551
2026-09-04T03:35:30.187978+09:00,용리단길,용리단길,POI076,KEY_3,1020012502,백범로,1020025603,삼각지역교차로,126.9739472931050841_37.5356089153529453,1020025800,삼각지역8번출구,126.9732142110164972_37.5358680244183063,71.0,51.5,원활,126.9732142110164972_37.5358680244183063|126.9737037621432734_37.5357113531253859|126.9739472931050841_37.5356089153529453
2026-09-04T03:35:30.187978+09:00,용리단길,용리단길,POI076,KEY_3,1020012602,백범로,1020025900,삼각지역9번출구,126.9732648398461947_37.5359683460905913,1020025604,삼각지역교차로,126.9740127329014001_37.5357036653550509,72.0,33.0,원활,126.9740127329014001_37.5357036653550509|126.9737609376188203_37.5358095794168420|126.9732648398461947_37.5359683460905913
2026-09-04T03:35:30.187978+09:00,용리단길,용리단길,POI076,KEY_3,1020014101,한강대로,1020025604,삼각지역교차로,126.9740127329014001_37.5357036653550509,1020026300,삼각지역10번출구,126.9741534931197577_37.5365074530867560,92.0,44.0,원활,126.9741534931197577_37.5365074530867560|126.9741631206036629_37.5364549845269977|126.9741847918449622_37.5362725862118936|126.9741503498416080_37.5360423405955430|126.9740854223847748_37.5358421943092253|126.9740127329014001_37.5357036653550509
2026-09-04T03:35:30.187978+09:00,용리단길,용리단길,POI076,KEY_3,1020014201,한강대로,1020026100,삼각지역10번출구,126.9742878403268662_37.5365230850403009,1020025601,삼각지역교차로,126.9741286309340893_37.5356441095230551,100.0,48.0,원활,126.9741286309340893_37.5356441095230551|126.9742144475380172_37.5358076529602371|126.9742840895532794_37.5360223351451125|126.9743213281359431_37.5362712689839313|126.9742979653557313_37.5364679009623998|126.9742878403268662_37.5365230850403009
2026-09-04T03:35:30.187978+09:00,용리단길,용리단길,POI076,KEY_3,1020041600,이태원로,1020024900,삼각지역13번출구,126.9749769084332343_37.5349767961125238,1020024700,삼각지역7번출구,126.9735399131187421_37.5350043003819138,133.0,36.0,원활,126.9735399131187421_37.5350043003819138|126.9737871420369544_37.5350683590055922|126.9740745093847494_37.5351141932787655|126.9743259590357241_37.5351428549854020|126.9744936004149025_37.5351390773759803|126.9746804090904675_37.5351124173200219|126.9749769084332343_37.5349767961125238
2026-09-04T03:35:30.187978+09:00,용리단길,용리단길,POI076,KEY_3,1020042000,한강대로,1020025100,삼각지역7번출구,126.9734329393310475_37.5350708801419586,1020025800,삼각지역8번출구,126.9732142110164972_37.5358680244183063,99.0,30.0,원활,126.9732142110164972_37.5358680244183063|126.9733594327573485_37.5358059269681803|126.9734228796811522_37.5357567484317087|126.9734612351895180_37.5356518652658693|126.9734828450604738_37.5354935787201356|126.9734805099240447_37.5353238449836439|126.9734329393310475_37.5350708801419586
2026-09-04T03:35:30.187978+09:00,용리단길,용리단길,POI076,KEY_3,1020042700,한강대로,1020026100,삼각지역10번출구,126.9742878403268662_37.5365230850403009,1020025200,삼각지역(서울6호선),126.9750592746409410_37.5350627473837051,177.0,29.0,원활,126.9750592746409410_37.5350627473837051|126.9748767335852051_37.5352726571772237|126.9747904745872802_37.5354004160112282|126.9747233793208210_37.5355186435926313|126.9746634608651732_37.5356559432532677|126.9746035202002048_37.5358580851873924|126.9744788894439296_37.5361422194916159|126.9743662656054255_37.5363310006673174|126.9742878403268662_37.5365230850403009
2026-09-04T03:35:30.187978+09:00,용리단길,용리단길,POI076,KEY_3,1020043000,백범로,1020025900,삼각지역9번출구,126.9732648398461947_37.5359683460905913,1020026300,삼각지역10번출구,126.9741534931197577_37.5365074530867560,106.0,7.0,정체,126.9741534931197577_37.5365074530867560|126.9740836590516437_37.5363538243993915|126.9739256446785731_37.5362145697140122|126.9738011461972036_37.5361115577945768|126.9736574773157685_37.5360428695899984|126.9734563275352457_37.5359856101105933|126.9732648398461947_37.5359683460905913
2026-09-04T03:35:30.187978+09:00,용리단길,용리단길,POI076,KEY_3,1020043101,백범로,1020025800,삼각지역8번출구,126.9732142110164972_37.5358680244183063,1020037902,삼각지고가차도(동측),126.9728791096191856_37.5359752795594801,32.0,43.0,원활,126.9728791096191856_37.5359752795594801|126.9732142110164972_37.5358680244183063
2026-09-04T03:35:30.187978+09:00,용리단길,용리단길,POI076,KEY_3,1020043201,백범로,1020037901,삼각지고가차도(동측),126.9729282965810881_37.5360760482562767,1020025900,삼각지역9번출구,126.9732648398461947_37.5359683460905913,32.0,42.0,원활,126.9732648398461947_37.5359683460905913|126.9729282965810881_37.5360760482562767
2026-09-04T03:35:30.187978+09:00,용리단길,용리단길,POI076,KEY_3,1020056901,한강대로,1020016804,전자상가입구교차로,126.9682403944276103_37.5296494232954956,1020041504,용산우체국,126.9687693600408522_37.5301748910193922,75.0,38.0,원활,126.9687693600408522_37.5301748910193922|126.9682403944276103_37.5296494232954956
2026-09-04T03:35:30.187978+09:00,용리단길,용리단길,POI076,KEY_3,1020057001,한강대로,1020041503,용산우체국,126.9688709856765172_37.5301100058853052,1020016801,전자상가입구교차로,126.9683459865975124_37.5295827397858162,75.0,51.0,원활,126.9683459865975124_37.5295827397858162|126.9688709856765172_37.5301100058853052
2026-09-04T03:35:30.187978+09:00,용리단길,용리단길,POI076,KEY_3,1020057501,한강대로,1020058400,한강로1가 228-1,126.9732120555661368_37.5348400238888473,1020025100,삼각지역7번출구,126.9734329393310475_37.5350708801419586,32.0,29.0,원활,126.9734329393310475_37.5350708801419586|126.9732120555661368_37.5348400238888473
2026-09-04T03:35:30.187978+09:00,용리단길,용리단길,POI076,KEY_3,1020057601,한강대로,1020071700,한강로2가 140-1,126.9691516325622445_37.5304124021685297,1020041502,용산우체국,126.9689326562372713_37.5301754205949933,33.0,41.5,원활,126.9689326562372713_37.5301754205949933|126.9691516325622445_37.5304124021685297
2026-09-04T03:35:30.187978+09:00,이태원 앤틱가구거리,이태원 앤틱가구거리,POI077,KEY_4,1020006703,장문로,1020015404,우루과이대사관저,126.9926471421809993_37.5283649653095139,1020016400,동빙고동 7-38,126.9918491226028294_37.5291270683586760,110.0,43.0,원활,126.9918491226028294_37.5291270683586760|126.9926471421809993_37.5283649653095139
2026-09-04T03:35:30.187978+09:00,이태원 앤틱가구거리,이태원 앤틱가구거리,POI077,KEY_4,1020006803,장문로,1020017000,용산동4가 19-6,126.9913885945213963_37.5298136745927096,1020015401,우루과이대사관저,126.9927514049631014_37.5284342120850951,195.0,31.0,원활,126.9927514049631014_37.5284342120850951|126.9919533858600289_37.5291963156843167|126.9913885945213963_37.5298136745927096
2026-09-04T03:35:30.187978+09:00,이태원 앤틱가구거리,이태원 앤틱가구거리,POI077,KEY_4,1020007203,녹사평대로,1020017000,용산동4가 19-6,126.9913885945213963_37.5298136745927096,1020016601,동빙고동 10-11,126.9914492657646008_37.5294521431013095,40.0,34.0,원활,126.9914492657646008_37.5294521431013095|126.9913885945213963_37.5298136745927096
2026-09-04T03:35:30.187978+09:00,이태원 앤틱가구거리,이태원 앤틱가구거리,POI077,KEY_4,1020007501,보광로,1020044300,보광동 238-66,126.9969332242469591_37.5301241606732958,1020018102,한국폴리텍1대학(정수캠퍼스),126.9967407762806317_37.5303074430734185,27.0,34.3,원활,126.9967407762806317_37.5303074430734185|126.9969332242469591_37.5301241606732958
2026-09-04T03:35:30.187978+09:00,이태원 앤틱가구거리,이태원 앤틱가구거리,POI077,KEY_4,1020007502,보광로,1020054000,이태원동 92-5,126.9952221008180402_37.5312991493789170,1020020003,예림가구전시장,126.9950410040469677_37.5314672212576141,25.0,20.0,서행,126.9950410040469677_37.5314672212576141|126.9952221008180402_37.5312991493789170
2026-09-04T03:35:30.187978+09:00,이태원 앤틱가구거리,이태원 앤틱가구거리,POI077,KEY_4,1020007602,보광로,1020109400,이태원동 21-5,126.9954404860053501_37.5312782549612436,1020018104,한국폴리텍1대학(정수캠퍼스),126.9967076176607605_37.5304630978737350,145.0,25.0,원활,126.9967076176607605_37.5304630978737350|126.9965855293846175_37.5305326888168906|126.9964251122166132_37.5305994203464621|126.9959926204144836_37.5308464907872477|126.9954404860053501_37.5312782549612436
2026-09-04T03:35:30.187978+09:00,이태원 앤틱가구거리,이태원 앤틱가구거리,POI077,KEY_4,1020008700,녹사평대로26길,1020126500,이태원동 22-50,126.9931660545729102_37.5317363258551211,1020020004,예림가구전시장,126.9949764416404889_37.5315738302358213,165.0,31.0,원활,126.9949764416404889_37.5315738302358213|126.9948202137049975_37.5315700528863516|126.9941705583955240_37.5315213703374440|126.9937565109327267_37.5315396683323783|126.9932035616774613_37.5317280200552048|126.9931660545729102_37.5317363258551211
2026-09-04T03:35:30.187978+09:00,이태원 앤틱가구거리,이태원 앤틱가구거리,POI077,KEY_4,1020008800,녹사평대로26길,1020020003,예림가구전시장,126.9950410040469677_37.5314672212576141,1020018201,찬우물삼거리,126.9914707840366219_37.5305236841626382,422.0,36.0,원활,126.9914707840366219_37.5305236841626382|126.9915775990819213_37.5309419173485210|126.9916711574009298_37.5313082400227600|126.9917600905127557_37.5314454930900681|126.9917753022259319_37.5314618320030959|126.9919517327942486_37.5316513355474726|126.9921092617922511_37.5317812903834565|126.9921946495817480_37.5318190759416268|126.9922696900252816_37.5318225965842629|126.9931296829365266_37.5316321581035055|126.9931584811932765_37.5316257808370324|126.9937251084692917_37.5314327691697116|126.9941731712468425_37.5314129682954984|126.9948286419663361_37.5314620871703255|126.9950410040469677_37.5314672212576141
2026-09-04T03:35:30.187978+09:00,이태원 앤틱가구거리,이태원 앤틱가구거리,POI077,KEY_4,1020008901,녹사평대로,1020016602,용산동4가 19-2,126.9913146151955772_37.5294383407276726,1020022202,이태원지하차도(남측),126.9891497327059682_37.5328152235285657,424.0,57.0,원활,126.9891497327059682_37.5328152235285657|126.9896909605636353_37.5320547926819827|126.9899673314355084_37.5316664817415955|126.9908595519634815_37.5304271853298275|126.9909277275987449_37.5303324863214343|126.9911621302299807_37.5299710321997324|126.9912583492032780_37.5297864854106820|126.9913146151955772_37.5294383407276726
2026-09-04T03:35:30.187978+09:00,이태원 앤틱가구거리,이태원 앤틱가구거리,POI077,KEY_4,1020009001,녹사평대로,1020018000,용산동4가 19-6,126.9909773297691800_37.5304809634511045,1020017000,용산동4가 19-6,126.9913885945213963_37.5298136745927096,83.0,46.0,원활,126.9913885945213963_37.5298136745927096|126.9912856241119101_37.5300162220987090|126.9910469864938420_37.5303842075015055|126.9909773297691800_37.5304809634511045
2026-09-04T03:35:30.187978+09:00,이태원 앤틱가구거리,이태원 앤틱가구거리,POI077,KEY_4,1020009002,녹사평대로,1020143500,이태원동 34-126,126.9898090601809457_37.5321081021588725,1020018000,용산동4가 19-6,126.9909773297691800_37.5304809634511045,208.0,46.0,원활,126.9909773297691800_37.5304809634511045|126.9900852768915342_37.5317200300991516|126.9898090601809457_37.5321081021588725
2026-09-04T03:35:30.187978+09:00,이태원 앤틱가구거리,이태원 앤틱가구거리,POI077,KEY_4,1020009500,보광로,1020157400,이태원동 131-33,126.9940373387562431_37.5339474192291860,1020003103,이태원역앞교차로,126.9938722101036319_37.5344410134072106,57.0,25.5,원활,126.9938722101036319_37.5344410134072106|126.9939255349719502_37.5342547060894063|126.9940373387562431_37.5339474192291860
2026-09-04T03:35:30.187978+09:00,이태원 앤틱가구거리,이태원 앤틱가구거리,POI077,KEY_4,1020009600,보광로,1020067700,이태원동 96-7,126.9950341855753067_37.5317612306550714,1020020001,예림가구전시장,126.9951044639607147_37.5316098203141806,18.0,22.0,서행,126.9951044639607147_37.5316098203141806|126.9950439807781066_37.5317462713097711|126.9950341855753067_37.5317612306550714
2026-09-04T03:35:30.187978+09:00,이태원 앤틱가구거리,이태원 앤틱가구거리,POI077,KEY_4,1020010701,이태원로,1020109600,이태원동 119-23,126.9934065376017003_37.5345186269656637,1020003104,이태원역앞교차로,126.9938609433052790_37.5345487608536530,40.0,23.0,서행,126.9938609433052790_37.5345487608536530|126.9934065376017003_37.5345186269656637
2026-09-04T03:35:30.187978+09:00,이태원 앤틱가구거리,이태원 앤틱가구거리,POI077,KEY_4,1020011101,이태원로,1020167100,이태원동 119-23,126.9944655556111286_37.5345901775849882,1020024204,이태원소방파출소,126.9954968238074144_37.5346610574196760,91.0,4.0,정체,126.9954968238074144_37.5346610574196760|126.9944655556111286_37.5345901775849882
2026-09-04T03:35:30.187978+09:00,이태원 앤틱가구거리,이태원 앤틱가구거리,POI077,KEY_4,1020011102,이태원로,1020024201,이태원소방파출소,126.9956371857134911_37.5346703540578233,1020025304,이태원호텔앞교차로,126.9986418686788028_37.5352583937875650,280.0,28.0,원활,126.9986418686788028_37.5352583937875650|126.9984212314769110_37.5351188313605419|126.9982335515615830_37.5350249822649857|126.9980583342124731_37.5349517245471205|126.9978393040948390_37.5348749734958176|126.9976622321914590_37.5348302588598415|126.9974202076542866_37.5347917072044979|126.9972001370625776_37.5347636612448596|126.9968571305746536_37.5347459155125946|126.9956371857134911_37.5346703540578233
2026-09-04T03:35:30.187978+09:00,이태원 앤틱가구거리,이태원 앤틱가구거리,POI077,KEY_4,1020011201,이태원로,1020024203,이태원소방파출소,126.9955363307621354_37.5345552498172168,1020003102,이태원역앞교차로,126.9940088155564695_37.5344502604877519,136.0,10.0,정체,126.9940088155564695_37.5344502604877519|126.9944772309336969_37.5344824577926843|126.9955363307621354_37.5345552498172168
2026-09-04T03:35:30.187978+09:00,이태원 앤틱가구거리,이태원 앤틱가구거리,POI077,KEY_4,1020011202,이태원로,1020025303,이태원호텔앞교차로,126.9987263153591641_37.5351737312984781,1020024202,이태원소방파출소,126.9956725121214589_37.5345640956228834,285.0,9.0,정체,126.9956725121214589_37.5345640956228834|126.9968667962878328_37.5346380677732867|126.9972152987085821_37.5346560983237794|126.9974442596476365_37.5346852761054279|126.9976961690244082_37.5347254028548534|126.9978873030321580_37.5347736685373405|126.9981173019449585_37.5348542624446893|126.9983013090689639_37.5349311962862444|126.9984997949651415_37.5350304478139734|126.9987263153591641_37.5351737312984781
2026-09-04T03:35:30.187978+09:00,이태원 앤틱가구거리,이태원 앤틱가구거리,POI077,KEY_4,1020031700,장문로,1020016400,동빙고동 7-38,126.9918491226028294_37.5291270683586760,1020015600,동빙고동 10-14,126.9915275433903332_37.5289205865966622,55.0,26.0,원활,126.9915275433903332_37.5289205865966622|126.9915229865147097_37.5290693722826134|126.9915463187575710_37.5291331423484351|126.9916078646116802_37.5291730890426720|126.9916734434981862_37.5291949294596705|126.9917616927946113_37.5291801123692821|126.9918491226028294_37.5291270683586760
2026-09-04T03:35:30.187978+09:00,이태원 앤틱가구거리,이태원 앤틱가구거리,POI077,KEY_4,1020032200,장문로,1020016400,동빙고동 7-38,126.9918491226028294_37.5291270683586760,1020016601,동빙고동 10-11,126.9914492657646008_37.5294521431013095,51.0,37.0,원활,126.9914492657646008_37.5294521431013095|126.9915150568015036_37.5293606619443736|126.9916607489244882_37.5292748176774964|126.9918491226028294_37.5291270683586760
2026-09-04T03:35:30.187978+09:00,이태원 앤틱가구거리,이태원 앤틱가구거리,POI077,KEY_4,1020034300,녹사평대로26길,1020018201,찬우물삼거리,126.9914707840366219_37.5305236841626382,1020017000,용산동4가 19-6,126.9913885945213963_37.5298136745927096,80.0,36.0,원활,126.9913885945213963_37.5298136745927096|126.9913442513651489_37.5300294341915617|126.9914164198635405_37.5303478209552139|126.9914707840366219_37.5305236841626382
2026-09-04T03:35:30.187978+09:00,이태원 앤틱가구거리,이태원 앤틱가구거리,POI077,KEY_4,1020034600,녹사평대로26길,1020018000,용산동4가 19-6,126.9909773297691800_37.5304809634511045,1020018202,찬우물삼거리,126.9913377452865575_37.5305452345433466,46.0,36.0,원활,126.9913377452865575_37.5305452345433466|126.9913156669195189_37.5304568149457580|126.9912955967890156_37.5304265497298886|126.9912791792530129_37.5304108710930961|126.9912378720889734_37.5303937039575430|126.9911893806270911_37.5303879789905181|126.9911408868570533_37.5303922668328198|126.9909773297691800_37.5304809634511045
2026-09-04T03:35:30.187978+09:00,이태원 앤틱가구거리,이태원 앤틱가구거리,POI077,KEY_4,1020035000,우사단로,1020018104,한국폴리텍1대학(정수캠퍼스),126.9967076176607605_37.5304630978737350,1020019603,보광초교,126.9966145408362621_37.5313514395482102,99.0,12.0,정체,126.9966145408362621_37.5313514395482102|126.9966499743015476_37.5311273272665034|126.9967023749042738_37.5306467090184555|126.9967047488624701_37.5306249349299250|126.9967076176607605_37.5304630978737350
2026-09-04T03:35:30.187978+09:00,이태원 앤틱가구거리,이태원 앤틱가구거리,POI077,KEY_4,1020035100,우사단로,1020144400,보광동 273-5,126.9968376292760581_37.5306560616211087,1020018101,한국폴리텍1대학(정수캠퍼스),126.9968449244348392_37.5303768014874137,31.0,36.0,원활,126.9968449244348392_37.5303768014874137|126.9968404290553678_37.5306303815874926|126.9968376292760581_37.5306560616211087
2026-09-04T03:35:30.187978+09:00,이태원 앤틱가구거리,이태원 앤틱가구거리,POI077,KEY_4,1020035700,우사단로10길,1020080000,보광동 264-84,126.9972966635901486_37.5314815655202878,1020019602,보광초교,126.9967492421036752_37.5313649465956800,50.0,4.0,정체,126.9967492421036752_37.5313649465956800|126.9969468538200061_37.5314042959198702|126.9970665124913864_37.5314510113661299|126.9972966635901486_37.5314815655202878
2026-09-04T03:35:30.187978+09:00,이태원 앤틱가구거리,이태원 앤틱가구거리,POI077,KEY_4,1020035800,우사단로10길,1020063700,이태원동 137-71,126.9973461434624795_37.5330913789416840,1020021402,보광초등학교,126.9956899673288291_37.5330078219414247,149.0,14.0,정체,126.9956899673288291_37.5330078219414247|126.9957471709841883_37.5330071120154045|126.9959092532463245_37.5329895166849070|126.9959908705287717_37.5329962436548925|126.9967100332990952_37.5331265163957823|126.9968007706584103_37.5331409709456594|126.9970508064429566_37.5331553276982532|126.9970573683931434_37.5331539068610311|126.9973461434624795_37.5330913789416840
2026-09-04T03:35:30.187978+09:00,이태원 앤틱가구거리,이태원 앤틱가구거리,POI077,KEY_4,1020037200,우사단로,1020019604,보광초교,126.9965895979005239_37.5314169517780911,1020021403,보광초등학교,126.9955478948623835_37.5330095850120031,200.0,36.0,원활,126.9955478948623835_37.5330095850120031|126.9955854463118499_37.5329070733362755|126.9956459380082094_37.5327986977635888|126.9960112393039111_37.5322685994321645|126.9965895979005239_37.5314169517780911
2026-09-04T03:35:30.187978+09:00,이태원 앤틱가구거리,이태원 앤틱가구거리,POI077,KEY_4,1020037300,우사단로,1020021402,보광초등학교,126.9956899673288291_37.5330078219414247,1020019601,보광초교,126.9967090173040560_37.5314683853719586,193.0,16.0,서행,126.9967090173040560_37.5314683853719586|126.9961304606680130_37.5323203253718063|126.9957676933582462_37.5328467489747055|126.9957132225621166_37.5329443380426113|126.9956899673288291_37.5330078219414247
2026-09-04T03:35:30.187978+09:00,이태원 앤틱가구거리,이태원 앤틱가구거리,POI077,KEY_4,1020039700,우사단로,1020063400,이태원동 137-23,126.9955993093615803_37.5340288073665604,1020024203,이태원소방파출소,126.9955363307621354_37.5345552498172168,59.0,9.0,정체,126.9955363307621354_37.5345552498172168|126.9955674338379481_37.5344291020757268|126.9956003436716969_37.5340381328912898|126.9955993093615803_37.5340288073665604
2026-09-04T03:35:30.187978+09:00,이태원 앤틱가구거리,이태원 앤틱가구거리,POI077,KEY_4,1020039800,우사단로,1020127900,이태원동 137-23,126.9956810738919017_37.5335371339901727,1020021401,보광초등학교,126.9956544097363604_37.5331163963296177,47.0,8.0,정체,126.9956544097363604_37.5331163963296177|126.9956431779321804_37.5331593197407258|126.9956452666882569_37.5332142943968208|126.9956810738919017_37.5335371339901727
2026-09-04T03:35:30.187978+09:00,이태원 앤틱가구거리,이태원 앤틱가구거리,POI077,KEY_4,1020041900,이태원로27길,1020091300,이태원동 111-5,126.9942746628349681_37.5355070255918761,1020024201,이태원소방파출소,126.9956371857134911_37.5346703540578233,170.0,17.0,서행,126.9956371857134911_37.5346703540578233|126.9955842562411448_37.5347850178568478|126.9954134054469819_37.5350706997723336|126.9953750142490776_37.5351183002557249|126.9952378837399039_37.5352883250498763|126.9951738511499997_37.5353312605409712|126.9950719982470559_37.5353558347332807|126.9945933761089663_37.5353577392293118|126.9945100556674760_37.5353687933671125|126.9944205701082751_37.5354092765412304|126.9942746628349681_37.5355070255918761
2026-09-04T03:35:30.187978+09:00,익선동,익선동,POI116,KEY_1,1000000503,종로,1000009101,종각지하쇼핑센터,126.9858227292488380_37.5702608423529298,1000008504,종로2가교차로,126.9876156819137520_37.5702574924147754,158.0,33.0,원활,126.9876156819137520_37.5702574924147754|126.9871453036203235_37.5702428823229511|126.9869246551587310_37.5702458796709990|126.9858227292488380_37.5702608423529298
2026-09-04T03:35:30.187978+09:00,익선동,익선동,POI116,KEY_1,1000001101,종로,1000112300,종로2가 34-2,126.9887450442138999_37.5703039837526021,1000009404,육의전박물관,126.9893556006803266_37.5703370254621802,54.0,14.0,정체,126.9893556006803266_37.5703370254621802|126.9887450442138999_37.5703039837526021
2026-09-04T03:35:30.187978+09:00,익선동,익선동,POI116,KEY_1,1000001102,종로,1000009401,육의전박물관,126.9894911528416657_37.5703440400947173,1000009804,종로3가사거리,126.9920644385376676_37.5704709834989146,228.0,19.0,서행,126.9920644385376676_37.5704709834989146|126.9894911528416657_37.5703440400947173
2026-09-04T03:35:30.187978+09:00,익선동,익선동,POI116,KEY_1,1000001201,종로,1000151200,종로2가 34-2,126.9885296395007401_37.5701839568255025,1000008502,종로2가교차로,126.9877530838436002_37.5701530192531123,69.0,30.0,원활,126.9877530838436002_37.5701530192531123|126.9881077158716209_37.5701611205547650|126.9885296395007401_37.5701839568255025
2026-09-04T03:35:30.187978+09:00,익선동,익선동,POI116,KEY_1,1000001202,종로,1000009803,종로3가사거리,126.9920772085238099_37.5703632864036052,1000009402,육의전박물관,126.9894997373196901_37.5702361366249775,228.0,13.0,정체,126.9894997373196901_37.5702361366249775|126.9920772085238099_37.5703632864036052
2026-09-04T03:35:30.187978+09:00,익선동,익선동,POI116,KEY_1,1000001501,종로,1000009801,종로3가사거리,126.9922000608216308_37.5704778715046643,1000010004,종묘공원,126.9937102608658108_37.5705569291297934,134.0,26.0,원활,126.9937102608658108_37.5705569291297934|126.9932582925197551_37.5705332710333550|126.9922000608216308_37.5704778715046643
2026-09-04T03:35:30.187978+09:00,익선동,익선동,POI116,KEY_1,1000001601,종로,1000161000,종로3가 45-4,126.9932672065188228_37.5704253845720260,1000009802,종로3가사거리,126.9922128288669825_37.5703701868235100,93.0,42.0,원활,126.9922128288669825_37.5703701868235100|126.9932672065188228_37.5704253845720260
2026-09-04T03:35:30.187978+09:00,익선동,익선동,POI116,KEY_1,1000003900,삼일대로,1000151000,관철동 268,126.9876175548289154_37.5696044234772373,1000008503,종로2가교차로,126.9876172549084856_37.5701493398525912,60.0,34.5,원활,126.9876172549084856_37.5701493398525912|126.9876175548289154_37.5696044234772373
2026-09-04T03:35:30.187978+09:00,익선동,익선동,POI116,KEY_1,1000004602,돈화문로,1000009802,종로3가사거리,126.9922128288669825_37.5703701868235100,1000001601,청계3가사거리,126.9924197004040280_37.5685221720677589,206.0,13.0,정체,126.9924197004040280_37.5685221720677589|126.9923429257738547_37.5692728725519558|126.9923404394218522_37.5692938442209439|126.9922128288669825_37.5703701868235100
2026-09-04T03:35:30.187978+09:00,익선동,익선동,POI116,KEY_1,1000006901,삼일대로,1000097800,종로2가 37-5,126.9875962641486211_37.5709195815897914,1000011503,탑골공원,126.9875919368493555_37.5710671282627970,16.0,10.0,정체,126.9875919368493555_37.5710671282627970|126.9875962641486211_37.5709195815897914
2026-09-04T03:35:30.187978+09:00,익선동,익선동,POI116,KEY_1,1000006902,삼일대로,1000011504,탑골공원,126.9875885367710850_37.5711969434470845,1000002703,낙원상가앞교차로,126.9877290762876498_37.5725675824815539,153.0,25.0,원활,126.9877290762876498_37.5725675824815539|126.9876077446882761_37.5718586900303819|126.9876046271510717_37.5718404753162005|126.9875832438491017_37.5716846738898411|126.9875802081556628_37.5715262335702747|126.9875885367710850_37.5711969434470845
2026-09-04T03:35:30.187978+09:00,익선동,익선동,POI116,KEY_1,1000007001,삼일대로,1000011502,탑골공원,126.9877277365820021_37.5710696514502871,1000008501,종로2가교차로,126.9877514470551745_37.5702611458311253,90.0,35.3,원활,126.9877514470551745_37.5702611458311253|126.9877320636178837_37.5709221047709576|126.9877277365820021_37.5710696514502871
2026-09-04T03:35:30.187978+09:00,익선동,익선동,POI116,KEY_1,1000007002,삼일대로,1000231900,낙원동 300,126.9877423391079816_37.5718440957152282,1000011501,탑골공원,126.9877243457566749_37.5711991196512258,72.0,32.0,원활,126.9877243457566749_37.5711991196512258|126.9877160657086677_37.5715264973604235|126.9877189692615218_37.5716779639602692|126.9877394652978211_37.5718273051350025|126.9877423391079816_37.5718440957152282
2026-09-04T03:35:30.187978+09:00,익선동,익선동,POI116,KEY_1,1000007100,돈화문로,1000145800,묘동 20-5,126.9916684242814142_37.5719817889873724,1000013303,묘동사거리,126.9914801613035706_37.5725495704926047,65.0,21.0,서행,126.9914801613035706_37.5725495704926047|126.9916684242814142_37.5719817889873724
2026-09-04T03:35:30.187978+09:00,익선동,익선동,POI116,KEY_1,1000007200,돈화문로,1000059400,묘동 20-5,126.9921535095209890_37.5708464956724839,1000009801,종로3가사거리,126.9922000608216308_37.5704778715046643,41.0,17.0,서행,126.9922000608216308_37.5704778715046643|126.9921602362403092_37.5708137185849509|126.9921535095209890_37.5708464956724839
2026-09-04T03:35:30.187978+09:00,익선동,익선동,POI116,KEY_1,1000007701,수표로,1000106600,낙원동 289-3,126.9883777088764134_37.5725004488943028,1000002702,낙원상가앞교차로,126.9878647790248039_37.5725594585001090,46.0,14.0,정체,126.9878647790248039_37.5725594585001090|126.9880935169872345_37.5725337359327440|126.9883777088764134_37.5725004488943028
2026-09-04T03:35:30.187978+09:00,익선동,익선동,POI116,KEY_1,1000007702,돈화문로11길,1000068900,돈의동 57-1,126.9912130015799931_37.5725417718704406,1000013202,낙원상가,126.9887726506805734_37.5725199901669740,216.0,6.0,정체,126.9887726506805734_37.5725199901669740|126.9890905413929829_37.5725122858835405|126.9899620366305442_37.5725242512319468|126.9911899638886581_37.5725410993520086|126.9912130015799931_37.5725417718704406
2026-09-04T03:35:30.187978+09:00,익선동,익선동,POI116,KEY_1,1000007801,수표로,1000002701,낙원상가앞교차로,126.9878820470942031_37.5726667101081873,1000013204,낙원상가,126.9885864658241559_37.5726052162671280,63.0,11.0,정체,126.9885864658241559_37.5726052162671280|126.9885704603793926_37.5726001837020931|126.9884924360897003_37.5725962946357583|126.9883974861043612_37.5726074163225974|126.9881129079827673_37.5726407490651368|126.9878820470942031_37.5726667101081873
2026-09-04T03:35:30.187978+09:00,익선동,익선동,POI116,KEY_1,1000010301,삼일대로,1000002704,낙원상가앞교차로,126.9877465559183491_37.5726754784849746,1000014603,종로세무서,126.9876475861341873_37.5734674544711638,90.0,23.0,서행,126.9876475861341873_37.5734674544711638|126.9877122277218575_37.5733420920681738|126.9877432310391328_37.5732524039509244|126.9877661225475407_37.5731477197251849|126.9877805546539236_37.5730078030122741|126.9877748051182778_37.5728630584769832|126.9877465559183491_37.5726754784849746
2026-09-04T03:35:30.187978+09:00,익선동,익선동,POI116,KEY_1,1000010302,삼일대로,1000014604,종로세무서,126.9875929656630689_37.5735672823235660,1000017003,속성변화점,126.9867672620100478_37.5750673701046694,182.0,12.0,정체,126.9867672620100478_37.5750673701046694|126.9868378748170556_37.5748639419944581|126.9869048219416783_37.5747337421937573|126.9870805066234283_37.5744388641803369|126.9875929656630689_37.5735672823235660
2026-09-04T03:35:30.187978+09:00,익선동,익선동,POI116,KEY_1,1000010401,삼일대로,1000014602,종로세무서,126.9877657603728665_37.5735230393018043,1000002701,낙원상가앞교차로,126.9878820470942031_37.5726667101081873,97.0,11.0,정체,126.9878820470942031_37.5726667101081873|126.9879103891225185_37.5728549004152583|126.9879165707175304_37.5730105263044507|126.9879010050845238_37.5731614404618881|126.9878759387023734_37.5732760696720760|126.9878410192205536_37.5733770856293887|126.9877657603728665_37.5735230393018043
2026-09-04T03:35:30.187978+09:00,익선동,익선동,POI116,KEY_1,1000010402,삼일대로,1000017002,덕성여자대학교(종로캠퍼스),126.9868982009082004_37.5750961619411754,1000014601,종로세무서,126.9877103801226923_37.5736226701394358,179.0,14.0,정체,126.9877103801226923_37.5736226701394358|126.9872033965909139_37.5744849400199143|126.9870291458476430_37.5747774127157186|126.9869666594706388_37.5748989374009099|126.9868982009082004_37.5750961619411754
2026-09-04T03:35:30.187978+09:00,익선동,익선동,POI116,KEY_1,1000010701,돈화문로,1000013304,묘동사거리,126.9914460123658273_37.5726567658355961,1000016403,종로1가2가3가4가동주민센터,126.9909224401901895_37.5743944453165497,198.0,15.0,서행,126.9909224401901895_37.5743944453165497|126.9909947931414820_37.5741499222926407|126.9912406256384259_37.5733190978606615|126.9914460123658273_37.5726567658355961
2026-09-04T03:35:30.187978+09:00,익선동,익선동,POI116,KEY_1,1000010702,돈화문로,1000106400,와룡동 75-4,126.9908241009990917_37.5747256213886658,1000018603,한겨레신문(종로지국),126.9905629465608996_37.5756044925587815,100.0,12.0,정체,126.9905629465608996_37.5756044925587815|126.9908241009990917_37.5747256213886658
2026-09-04T03:35:30.187978+09:00,익선동,익선동,POI116,KEY_1,1000010801,돈화문로,1000174700,묘동 141-2,126.9911270176696547_37.5741747070514336,1000013301,묘동사거리,126.9915850849808550_37.5726594865675594,173.0,30.0,원활,126.9915850849808550_37.5726594865675594|126.9913726822985893_37.5733444453639649|126.9911270176696547_37.5741747070514336
2026-09-04T03:35:30.187978+09:00,익선동,익선동,POI116,KEY_1,1000010802,돈화문로,1000106300,와룡동 75-4,126.9909562970876493_37.5747505051657669,1000016401,종로1가2가3가4가동주민센터,126.9910234246664515_37.5745245938365429,26.0,33.0,원활,126.9910234246664515_37.5745245938365429|126.9909562970876493_37.5747505051657669
2026-09-04T03:35:30.187978+09:00,익선동,익선동,POI116,KEY_1,1000010803,돈화문로,1000021402,창덕궁앞교차로,126.9901841383139782_37.5773932267385504,1000018601,한겨레신문(종로지국),126.9906634515929795_37.5757350308395957,189.0,30.0,원활,126.9906634515929795_37.5757350308395957|126.9903062505280644_37.5769154241969332|126.9902695786729083_37.5770589150526817|126.9901841383139782_37.5773932267385504
2026-09-04T03:35:30.187978+09:00,익선동,익선동,POI116,KEY_1,1000022600,수표로,1000108100,관수동 14-2,126.9894314284546084_37.5692594329428573,1000009403,육의전박물관,126.9893641825799904_37.5702291213036688,108.0,10.0,정체,126.9893641825799904_37.5702291213036688|126.9894314284546084_37.5692594329428573
2026-09-04T03:35:30.187978+09:00,익선동,익선동,POI116,KEY_1,1000026300,수표로,1000088800,낙원동 214-2,126.9891520373242599_37.5714620463629885,1000013203,낙원상가,126.9886363744601709_37.5725046593449861,125.0,7.0,정체,126.9886363744601709_37.5725046593449861|126.9886756986303311_37.5724041634539745|126.9889329320732685_37.5720063300465839|126.9889913902188567_37.5719048429175331|126.9890287759369585_37.5718372348224108|126.9891150600059291_37.5715912496210365|126.9891345581447979_37.5715356626058892|126.9891520373242599_37.5714620463629885
2026-09-04T03:35:30.187978+09:00,익선동,익선동,POI116,KEY_1,1000026400,수표로,1000154200,낙원동 175-1,126.9894625707901525_37.5706502295039755,1000009401,육의전박물관,126.9894911528416657_37.5703440400947173,34.0,9.0,정체,126.9894911528416657_37.5703440400947173|126.9894662327657073_37.5706215014400087|126.9894625707901525_37.5706502295039755
2026-09-04T03:35:30.187978+09:00,익선동,익선동,POI116,KEY_1,1000026900,인사동길,1000011503,탑골공원,126.9875919368493555_37.5710671282627970,1000013403,인사동사거리,126.9865006613109273_37.5725411334574346,194.0,36.0,원활,126.9865006613109273_37.5725411334574346|126.9868138272171620_37.5719423831850889|126.9870930380756420_37.5714807558390476|126.9872417374784419_37.5712905430838973|126.9874380393046636_37.5711449542964360|126.9875919368493555_37.5710671282627970
2026-09-04T03:35:30.187978+09:00,익선동,익선동,POI116,KEY_1,1000028300,서순라길,1000179700,묘동 164-2,126.9918986546224602_37.5725528238137017,1000013302,묘동사거리,126.9916200024151749_37.5725515277908357,25.0,12.0,정체,126.9916200024151749_37.5725515277908357|126.9918986546224602_37.5725528238137017
2026-09-04T03:35:30.187978+09:00,익선동,익선동,POI116,KEY_1,1000028800,인사동길,1000002703,낙원상가앞교차로,126.9877290762876498_37.5725675824815539,1000013402,인사동사거리,126.9866260678605698_37.5725826871621464,97.0,5.0,정체,126.9866260678605698_37.5725826871621464|126.9877290762876498_37.5725675824815539
2026-09-04T03:35:30.187978+09:00,익선동,익선동,POI116,KEY_1,1000030100,인사동4길,1000014603,종로세무서,126.9876475861341873_37.5734674544711638,1000013902,인사동사거리,126.9863347930561730_37.5729914707874855,128.0,4.0,정체,126.9863347930561730_37.5729914707874855|126.9865778431354215_37.5730765437080692|126.9871483595308064_37.5732762343743687|126.9875049026030922_37.5734010287094193|126.9876475861341873_37.5734674544711638
2026-09-04T03:35:30.187978+09:00,익선동,익선동,POI116,KEY_1,1000030200,인사동4길,1000190200,낙원동 280,126.9870936767206047_37.5733752066737097,1000014604,종로세무서,126.9875929656630689_37.5735672823235660,49.0,29.0,원활,126.9875929656630689_37.5735672823235660|126.9874430653368904_37.5734974970765307|126.9870936767206047_37.5733752066737097
2026-09-04T03:35:30.187978+09:00,익선동,익선동,POI116,KEY_1,1000031900,삼일대로30길,1000016403,종로1가2가3가4가동주민센터,126.9909224401901895_37.5743944453165497,1000014602,종로세무서,126.9877657603728665_37.5735230393018043,300.0,10.0,정체,126.9877657603728665_37.5735230393018043|126.9882746610469724_37.5737657051567169|126.9890843013498056_37.5741211801994552|126.9892691286933371_37.5741786634928658|126.9894708395082290_37.5742261685853478|126.9900987751391028_37.5742451717422767|126.9904206259991639_37.5742891136834203|126.9906874025872128_37.5743451108355870|126.9909224401901895_37.5743944453165497
2026-09-04T03:35:30.187978+09:00,익선동,익선동,POI116,KEY_1,1000033700,삼일대로32길,1000225400,익선동 1-2,126.9885198465621414_37.5753772077083354,1000017002,덕성여자대학교(종로캠퍼스),126.9868982009082004_37.5750961619411754,147.0,7.0,정체,126.9868982009082004_37.5750961619411754|126.9876435573690543_37.5752236178379775|126.9880192377179640_37.5752979345582787|126.9885198465621414_37.5753772077083354
2026-09-04T03:35:30.187978+09:00,익선동,익선동,POI116,KEY_1,1000033800,삼일대로32길,1000217900,운니동 44-1,126.9886315479750323_37.5755051337652901,1000018604,한겨레신문(종로지국),126.9905313831492180_37.5757097145699248,170.0,10.0,정체,126.9905313831492180_37.5757097145699248|126.9902144284971968_37.5756583032089253|126.9898011914220319_37.5756393653655252|126.9896790156536639_37.5756303509259837|126.9892762976139409_37.5756006364519877|126.9891382250948197_37.5755697755770228|126.9888125680360531_37.5755337981841890|126.9886315479750323_37.5755051337652901
2026-09-04T03:35:30.187978+09:00,인사동,인사동,POI078,KEY_2,1000000303,종로,1000008703,종로1가사거리,126.9828971865418197_37.5701731264087542,1000007700,종로1가,126.9822109960776402_37.5701758601934444,61.0,6.0,정체,126.9822109960776402_37.5701758601934444|126.9824008620181672_37.5701779915733454|126.9828971865418197_37.5701731264087542
2026-09-04T03:35:30.187978+09:00,인사동,인사동,POI078,KEY_2,1000000403,종로,1000009500,종로1가,126.9822090811274506_37.5702839694386270,1000008704,종로1가사거리,126.9829124807839946_37.5702811035568871,62.0,30.0,원활,126.9829124807839946_37.5702811035568871|126.9824007403594095_37.5702861200097971|126.9822090811274506_37.5702839694386270
2026-09-04T03:35:30.187978+09:00,인사동,인사동,POI078,KEY_2,1000000501,종로,1000008701,종로1가사거리,126.9830485481293891_37.5702800768006568,1000009600,종로1가,126.9837104338048164_37.5702764015435093,58.0,32.0,원활,126.9837104338048164_37.5702764015435093|126.9830485481293891_37.5702800768006568
2026-09-04T03:35:30.187978+09:00,인사동,인사동,POI078,KEY_2,1000000502,종로,1000231500,종로2가 1-2,126.9840871569151233_37.5702743076942411,1000009104,종각지하쇼핑센터,126.9856860459643428_37.5702623526753499,141.0,35.0,원활,126.9856860459643428_37.5702623526753499|126.9846512311403757_37.5702711702886205|126.9844496207387294_37.5702722919640593|126.9840871569151233_37.5702743076942411
2026-09-04T03:35:30.187978+09:00,인사동,인사동,POI078,KEY_2,1000000503,종로,1000009101,종각지하쇼핑센터,126.9858227292488380_37.5702608423529298,1000008504,종로2가교차로,126.9876156819137520_37.5702574924147754,158.0,33.0,원활,126.9876156819137520_37.5702574924147754|126.9871453036203235_37.5702428823229511|126.9869246551587310_37.5702458796709990|126.9858227292488380_37.5702608423529298
2026-09-04T03:35:30.187978+09:00,인사동,인사동,POI078,KEY_2,1000000601,종로,1000007800,종로1가,126.9837094850009294_37.5701682846705296,1000008702,종로1가사거리,126.9830343185050481_37.5701720336345346,60.0,27.0,원활,126.9830343185050481_37.5701720336345346|126.9837094850009294_37.5701682846705296
2026-09-04T03:35:30.187978+09:00,인사동,인사동,POI078,KEY_2,1000000602,종로,1000231400,종로2가 1-2,126.9840862081807984_37.5701661909693030,1000007800,종로1가,126.9837094850009294_37.5701682846705296,33.0,22.0,서행,126.9837094850009294_37.5701682846705296|126.9840862081807984_37.5701661909693030
2026-09-04T03:35:30.187978+09:00,인사동,인사동,POI078,KEY_2,1000000603,종로,1000181900,종로2가 84-11,126.9869223374955283_37.5701377759501440,1000009102,종각지하쇼핑센터,126.9858204131049462_37.5701527379884581,97.0,23.0,서행,126.9858204131049462_37.5701527379884581|126.9869223374955283_37.5701377759501440
2026-09-04T03:35:30.187978+09:00,인사동,인사동,POI078,KEY_2,1000001201,종로,1000151200,종로2가 34-2,126.9885296395007401_37.5701839568255025,1000008502,종로2가교차로,126.9877530838436002_37.5701530192531123,69.0,30.0,원활,126.9877530838436002_37.5701530192531123|126.9881077158716209_37.5701611205547650|126.9885296395007401_37.5701839568255025
2026-09-04T03:35:30.187978+09:00,인사동,인사동,POI078,KEY_2,1000003900,삼일대로,1000151000,관철동 268,126.9876175548289154_37.5696044234772373,1000008503,종로2가교차로,126.9876172549084856_37.5701493398525912,60.0,34.5,원활,126.9876172549084856_37.5701493398525912|126.9876175548289154_37.5696044234772373
2026-09-04T03:35:30.187978+09:00,인사동,인사동,POI078,KEY_2,1000004702,우정국로,1000007200,종로1가,126.9827935302844111_37.5696197701673924,1000008703,종로1가사거리,126.9828971865418197_37.5701731264087542,62.0,19.0,서행,126.9828971865418197_37.5701731264087542|126.9827935302844111_37.5696197701673924
2026-09-04T03:35:30.187978+09:00,인사동,인사동,POI078,KEY_2,1000004802,우정국로,1000008702,종로1가사거리,126.9830343185050481_37.5701720336345346,1000007100,종로1가,126.9829278791696936_37.5696038258341787,64.0,14.0,정체,126.9829278791696936_37.5696038258341787|126.9830343185050481_37.5701720336345346
2026-09-04T03:35:30.187978+09:00,인사동,인사동,POI078,KEY_2,1000006501,우정국로,1000008704,종로1가사거리,126.9829124807839946_37.5702811035568871,1000010800,종로1가,126.9829520973026149_37.5707555248776544,53.0,18.0,서행,126.9829520973026149_37.5707555248776544|126.9829508691110647_37.5707257702316255|126.9829124807839946_37.5702811035568871
2026-09-04T03:35:30.187978+09:00,인사동,인사동,POI078,KEY_2,1000006502,우정국로,1000010800,종로1가,126.9829520973026149_37.5707555248776544,1000012403,조계사앞교차로,126.9829706356902221_37.5719776537276218,136.0,29.0,원활,126.9829706356902221_37.5719776537276218|126.9829821214281083_37.5714823927012560|126.9829655468528955_37.5710811329590442|126.9829520973026149_37.5707555248776544
2026-09-04T03:35:30.187978+09:00,인사동,인사동,POI078,KEY_2,1000006601,우정국로,1000010700,종로1가,126.9830878603485758_37.5707519719581455,1000008701,종로1가사거리,126.9830485481293891_37.5702800768006568,52.0,19.0,서행,126.9830485481293891_37.5702800768006568|126.9830865510382267_37.5707202864689833|126.9830878603485758_37.5707519719581455
2026-09-04T03:35:30.187978+09:00,인사동,인사동,POI078,KEY_2,1000006602,우정국로,1000090100,공평동 98,126.9831013100779558_37.5710775801252623,1000010700,종로1가,126.9830878603485758_37.5707519719581455,36.0,14.0,정체,126.9830878603485758_37.5707519719581455|126.9831013100779558_37.5710775801252623
2026-09-04T03:35:30.187978+09:00,인사동,인사동,POI078,KEY_2,1000006901,삼일대로,1000097800,종로2가 37-5,126.9875962641486211_37.5709195815897914,1000011503,탑골공원,126.9875919368493555_37.5710671282627970,16.0,10.0,정체,126.9875919368493555_37.5710671282627970|126.9875962641486211_37.5709195815897914
2026-09-04T03:35:30.187978+09:00,인사동,인사동,POI078,KEY_2,1000006902,삼일대로,1000011504,탑골공원,126.9875885367710850_37.5711969434470845,1000002703,낙원상가앞교차로,126.9877290762876498_37.5725675824815539,153.0,25.0,원활,126.9877290762876498_37.5725675824815539|126.9876077446882761_37.5718586900303819|126.9876046271510717_37.5718404753162005|126.9875832438491017_37.5716846738898411|126.9875802081556628_37.5715262335702747|126.9875885367710850_37.5711969434470845
2026-09-04T03:35:30.187978+09:00,인사동,인사동,POI078,KEY_2,1000007001,삼일대로,1000011502,탑골공원,126.9877277365820021_37.5710696514502871,1000008501,종로2가교차로,126.9877514470551745_37.5702611458311253,90.0,35.3,원활,126.9877514470551745_37.5702611458311253|126.9877320636178837_37.5709221047709576|126.9877277365820021_37.5710696514502871
2026-09-04T03:35:30.187978+09:00,인사동,인사동,POI078,KEY_2,1000007002,삼일대로,1000231900,낙원동 300,126.9877423391079816_37.5718440957152282,1000011501,탑골공원,126.9877243457566749_37.5711991196512258,72.0,32.0,원활,126.9877243457566749_37.5711991196512258|126.9877160657086677_37.5715264973604235|126.9877189692615218_37.5716779639602692|126.9877394652978211_37.5718273051350025|126.9877423391079816_37.5718440957152282
2026-09-04T03:35:30.187978+09:00,인사동,인사동,POI078,KEY_2,1000007502,삼봉로,1000012403,조계사앞교차로,126.9829706356902221_37.5719776537276218,1000013004,신라스테이(광화문),126.9801805317354280_37.5724047958457916,252.0,19.0,서행,126.9801805317354280_37.5724047958457916|126.9804914824202910_37.5723319178106152|126.9811053055208276_37.5721880522337770|126.9822536902158987_37.5720311041132078|126.9827182491962247_37.5719849537863269|126.9829706356902221_37.5719776537276218
2026-09-04T03:35:30.187978+09:00,인사동,인사동,POI078,KEY_2,1000007602,삼봉로,1000140500,수송동 80-4,126.9805298527977442_37.5724356343591879,1000012404,조계사앞교차로,126.9829679360295245_37.5720859226599799,219.0,12.0,정체,126.9829679360295245_37.5720859226599799|126.9827291479286515_37.5720928297221519|126.9822736058986408_37.5721380840541883|126.9811360893303345_37.5722935474607382|126.9805298527977442_37.5724356343591879
2026-09-04T03:35:30.187978+09:00,인사동,인사동,POI078,KEY_2,1000007701,수표로,1000106600,낙원동 289-3,126.9883777088764134_37.5725004488943028,1000002702,낙원상가앞교차로,126.9878647790248039_37.5725594585001090,46.0,14.0,정체,126.9878647790248039_37.5725594585001090|126.9880935169872345_37.5725337359327440|126.9883777088764134_37.5725004488943028
2026-09-04T03:35:30.187978+09:00,인사동,인사동,POI078,KEY_2,1000007801,수표로,1000002701,낙원상가앞교차로,126.9878820470942031_37.5726667101081873,1000013204,낙원상가,126.9885864658241559_37.5726052162671280,63.0,11.0,정체,126.9885864658241559_37.5726052162671280|126.9885704603793926_37.5726001837020931|126.9884924360897003_37.5725962946357583|126.9883974861043612_37.5726074163225974|126.9881129079827673_37.5726407490651368|126.9878820470942031_37.5726667101081873
2026-09-04T03:35:30.187978+09:00,인사동,인사동,POI078,KEY_2,1000009101,우정국로,1000045300,견지동 37-1,126.9828638620594177_37.5740260581453356,1000017300,안국동사거리,126.9828039229332575_37.5749851341707171,107.0,16.0,서행,126.9828039229332575_37.5749851341707171|126.9828638620594177_37.5740260581453356
2026-09-04T03:35:30.187978+09:00,인사동,인사동,POI078,KEY_2,1000009102,우정국로,1000017300,안국동사거리,126.9828039229332575_37.5749851341707171,1000017904,안국동로터리,126.9829082928001753_37.5755454257557844,63.0,32.0,원활,126.9829082928001753_37.5755454257557844|126.9828499577781997_37.5754008805051001|126.9828163493672974_37.5752357359225755|126.9827996996409070_37.5750526973415191|126.9828039229332575_37.5749851341707171
2026-09-04T03:35:30.187978+09:00,인사동,인사동,POI078,KEY_2,1000009201,우정국로,1000085100,견지동 110-2,126.9830654526105036_37.5729316051841806,1000012401,조계사앞교차로,126.9831034437596884_37.5720995445690349,92.0,15.0,서행,126.9831034437596884_37.5720995445690349|126.9830943674485724_37.5724421623328340|126.9830752766845592_37.5727653133374773|126.9830654526105036_37.5729316051841806
2026-09-04T03:35:30.187978+09:00,인사동,인사동,POI078,KEY_2,1000010301,삼일대로,1000002704,낙원상가앞교차로,126.9877465559183491_37.5726754784849746,1000014603,종로세무서,126.9876475861341873_37.5734674544711638,90.0,23.0,서행,126.9876475861341873_37.5734674544711638|126.9877122277218575_37.5733420920681738|126.9877432310391328_37.5732524039509244|126.9877661225475407_37.5731477197251849|126.9877805546539236_37.5730078030122741|126.9877748051182778_37.5728630584769832|126.9877465559183491_37.5726754784849746
2026-09-04T03:35:30.187978+09:00,인사동,인사동,POI078,KEY_2,1000010302,삼일대로,1000014604,종로세무서,126.9875929656630689_37.5735672823235660,1000017003,속성변화점,126.9867672620100478_37.5750673701046694,182.0,12.0,정체,126.9867672620100478_37.5750673701046694|126.9868378748170556_37.5748639419944581|126.9869048219416783_37.5747337421937573|126.9870805066234283_37.5744388641803369|126.9875929656630689_37.5735672823235660
2026-09-04T03:35:30.187978+09:00,인사동,인사동,POI078,KEY_2,1000010303,삼일대로,1000017003,속성변화점,126.9867672620100478_37.5750673701046694,1000021203,안국역사거리,126.9861392416785293_37.5767777393512361,198.0,25.0,원활,126.9861392416785293_37.5767777393512361|126.9867306429910911_37.5751700115634506|126.9867672620100478_37.5750673701046694
2026-09-04T03:35:30.187978+09:00,인사동,인사동,POI078,KEY_2,1000010401,삼일대로,1000014602,종로세무서,126.9877657603728665_37.5735230393018043,1000002701,낙원상가앞교차로,126.9878820470942031_37.5726667101081873,97.0,11.0,정체,126.9878820470942031_37.5726667101081873|126.9879103891225185_37.5728549004152583|126.9879165707175304_37.5730105263044507|126.9879010050845238_37.5731614404618881|126.9878759387023734_37.5732760696720760|126.9878410192205536_37.5733770856293887|126.9877657603728665_37.5735230393018043
2026-09-04T03:35:30.187978+09:00,인사동,인사동,POI078,KEY_2,1000010402,삼일대로,1000017002,덕성여자대학교(종로캠퍼스),126.9868982009082004_37.5750961619411754,1000014601,종로세무서,126.9877103801226923_37.5736226701394358,179.0,14.0,정체,126.9877103801226923_37.5736226701394358|126.9872033965909139_37.5744849400199143|126.9870291458476430_37.5747774127157186|126.9869666594706388_37.5748989374009099|126.9868982009082004_37.5750961619411754
2026-09-04T03:35:30.187978+09:00,인사동,인사동,POI078,KEY_2,1000010403,삼일대로,1000021202,안국역사거리,126.9862597945630966_37.5768348176280966,1000017001,덕성여자대학교(종로캠퍼스),126.9868610139755560_37.5752003900895701,189.0,12.0,정체,126.9868610139755560_37.5752003900895701|126.9862597945630966_37.5768348176280966
2026-09-04T03:35:30.187978+09:00,인사동,인사동,POI078,KEY_2,1000010702,돈화문로,1000106400,와룡동 75-4,126.9908241009990917_37.5747256213886658,1000018603,한겨레신문(종로지국),126.9905629465608996_37.5756044925587815,100.0,12.0,정체,126.9905629465608996_37.5756044925587815|126.9908241009990917_37.5747256213886658
2026-09-04T03:35:30.187978+09:00,인사동,인사동,POI078,KEY_2,1000010703,돈화문로,1000187700,와룡동 139-4,126.9901364571830698_37.5770373641859052,1000021403,창덕궁앞교차로,126.9900492095065232_37.5773787437811535,39.0,26.0,원활,126.9900492095065232_37.5773787437811535|126.9901364571830698_37.5770373641859052
2026-09-04T03:35:30.187978+09:00,인사동,인사동,POI078,KEY_2,1000010803,돈화문로,1000021402,창덕궁앞교차로,126.9901841383139782_37.5773932267385504,1000018601,한겨레신문(종로지국),126.9906634515929795_37.5757350308395957,189.0,30.0,원활,126.9906634515929795_37.5757350308395957|126.9903062505280644_37.5769154241969332|126.9902695786729083_37.5770589150526817|126.9901841383139782_37.5773932267385504
2026-09-04T03:35:30.187978+09:00,인사동,인사동,POI078,KEY_2,1000011504,율곡로,1000017904,안국동로터리,126.9829082928001753_37.5755454257557844,1000018100,안국동사거리,126.9820370732549009_37.5756052331219763,78.0,13.0,정체,126.9820370732549009_37.5756052331219763|126.9821849025842226_37.5755822792614822|126.9823949596761850_37.5755556593554090|126.9825949987016998_37.5755409919947070|126.9827732334880466_37.5755410181384661|126.9829082928001753_37.5755454257557844
2026-09-04T03:35:30.187978+09:00,인사동,인사동,POI078,KEY_2,1000011603,율곡로,1000020300,경복궁,126.9801205068413168_37.5759892604625989,1000017905,안국동로터리,126.9829348569925571_37.5756562270635044,252.0,14.0,정체,126.9829348569925571_37.5756562270635044|126.9829125468357773_37.5756537744281829|126.9827704373494015_37.5756491370767236|126.9826012303179823_37.5756491122595975|126.9824118889619911_37.5756629946566250|126.9822085957164859_37.5756887578650449|126.9820630846885052_37.5757113517092307|126.9813592631155075_37.5758206328940290|126.9812063475179400_37.5758442987123971|126.9803458434132892_37.5759773239770425|126.9801500700749699_37.5759896573698668|126.9801205068413168_37.5759892604625989
2026-09-04T03:35:30.187978+09:00,인사동,인사동,POI078,KEY_2,1000012702,율곡로,1000204600,안국역,126.9857294779033765_37.5767141333904462,1000021204,안국역사거리,126.9860941353497878_37.5768818686938246,37.0,26.0,원활,126.9860941353497878_37.5768818686938246|126.9857294779033765_37.5767141333904462
2026-09-04T03:35:30.187978+09:00,인사동,인사동,POI078,KEY_2,1000012800,율곡로,1000099700,관훈동 113,126.9843012547585914_37.5759322813818102,1000017902,안국동로터리,126.9831650747284471_37.5755740090362238,108.0,32.0,원활,126.9831650747284471_37.5755740090362238|126.9832157778299404_37.5755801309922148|126.9834207454955077_37.5756172367829961|126.9836820397707413_37.5756980185194678|126.9842468281761967_37.5759072448986657|126.9843012547585914_37.5759322813818102
2026-09-04T03:35:30.187978+09:00,인사동,인사동,POI078,KEY_2,1000013501,율곡로,1000054300,계동 149-3,126.9868657861829462_37.5772407179262302,1000021504,우즈베키스탄대사관,126.9891939676239474_37.5774507625066221,209.0,41.0,원활,126.9891939676239474_37.5774507625066221|126.9886716347625111_37.5774406495643092|126.9876528972208263_37.5774209190205184|126.9874748196535421_37.5774084674404421|126.9872839495136390_37.5773710909105532|126.9870718117635420_37.5773123392589739|126.9868657861829462_37.5772407179262302
2026-09-04T03:35:30.187978+09:00,인사동,인사동,POI078,KEY_2,1000013502,율곡로,1000021501,우즈베키스탄대사관,126.9893297531960883_37.5774544023044541,1000021404,창덕궁앞교차로,126.9900388640569702_37.5774865487865739,63.0,41.0,원활,126.9900388640569702_37.5774865487865739|126.9897463242174780_37.5774687657961053|126.9893297531960883_37.5774544023044541
2026-09-04T03:35:30.187978+09:00,인사동,인사동,POI078,KEY_2,1000013601,율곡로,1000115800,운니동 99,126.9886749388672058_37.5773325621108185,1000021202,안국역사거리,126.9862597945630966_37.5768348176280966,226.0,17.0,서행,126.9862597945630966_37.5768348176280966|126.9866987114048271_37.5770526790006230|126.9869129296675823_37.5771391236163410|126.9869201616997287_37.5771416376904028|126.9871213965557644_37.5772115927930628|126.9873225852521443_37.5772673122363585|126.9874971233893604_37.5773014911490293|126.9876605021504048_37.5773129149276315|126.9886749388672058_37.5773325621108185
2026-09-04T03:35:30.187978+09:00,인사동,인사동,POI078,KEY_2,1000013802,율곡로3길,1000187200,안국동 177-3,126.9825779024490799_37.5773003698629964,1000017901,안국동로터리,126.9830699625115358_37.5756718813989750,188.0,10.0,정체,126.9830699625115358_37.5756718813989750|126.9830564549576764_37.5759140717657090|126.9830330914684993_37.5760255151221827|126.9826494722971120_37.5768341676311906|126.9826150056688476_37.5769949197743074|126.9825779024490799_37.5773003698629964
2026-09-04T03:35:30.187978+09:00,인사동,인사동,POI078,KEY_2,1000014000,북촌로,1000021902,재동초등학교앞교차로,126.9851742297151702_37.5791048269106014,1000021201,안국역사거리,126.9862116059343862_37.5769383209828334,258.0,23.0,서행,126.9862116059343862_37.5769383209828334|126.9861227104490524_37.5771049965042820|126.9858974625520034_37.5775403033717339|126.9855988771401059_37.5781173314432593|126.9855520543728602_37.5782320480744829|126.9853545228100558_37.5787159998899227|126.9853171216767009_37.5788076318220590|126.9852385949747031_37.5790000196943907|126.9851742297151702_37.5791048269106014
2026-09-04T03:35:30.187978+09:00,인사동,인사동,POI078,KEY_2,1000014100,창덕궁길,1000022002,북촌1경,126.9893063929122548_37.5792409569275208,1000021501,우즈베키스탄대사관,126.9893297531960883_37.5774544023044541,199.0,26.0,원활,126.9893297531960883_37.5774544023044541|126.9892548365952365_37.5786955788249983|126.9892562414735409_37.5787264244637242|126.9892665857058205_37.5789535426034647|126.9893063929122548_37.5792409569275208
2026-09-04T03:35:30.187978+09:00,인사동,인사동,POI078,KEY_2,1000023700,종로,1000007800,종로1가,126.9837094850009294_37.5701682846705296,1000007100,종로1가,126.9829278791696936_37.5696038258341787,103.0,29.0,원활,126.9829278791696936_37.5696038258341787|126.9830032097695494_37.5698402452960423|126.9830990215400703_37.5699604067910897|126.9831924475550267_37.5700347972999680|126.9833242130892046_37.5700939366007987|126.9834847309357855_37.5701511723724835|126.9837094850009294_37.5701682846705296
2026-09-04T03:35:30.187978+09:00,인사동,인사동,POI078,KEY_2,1000024400,종로,1000010700,종로1가,126.9830878603485758_37.5707519719581455,1000009600,종로1가,126.9837104338048164_37.5702764015435093,84.0,11.0,정체,126.9837104338048164_37.5702764015435093|126.9834199944166073_37.5703552243340226|126.9832834070776642_37.5704238609181118|126.9831923434160359_37.5704982251536919|126.9830964773624657_37.5706145452795255|126.9830878603485758_37.5707519719581455
2026-09-04T03:35:30.187978+09:00,인사동,인사동,POI078,KEY_2,1000024500,종로,1000009500,종로1가,126.9822090811274506_37.5702839694386270,1000010800,종로1가,126.9829520973026149_37.5707555248776544,92.0,7.0,정체,126.9829520973026149_37.5707555248776544|126.9829359392394394_37.5706431287853420|126.9828401259818236_37.5705267810848440|126.9827754493047394_37.5704619306360499|126.9826892071422293_37.5704047039165019|126.9825119206921613_37.5703322080284821|126.9822090811274506_37.5702839694386270
2026-09-04T03:35:30.187978+09:00,인사동,인사동,POI078,KEY_2,1000026900,인사동길,1000011503,탑골공원,126.9875919368493555_37.5710671282627970,1000013403,인사동사거리,126.9865006613109273_37.5725411334574346,194.0,36.0,원활,126.9865006613109273_37.5725411334574346|126.9868138272171620_37.5719423831850889|126.9870930380756420_37.5714807558390476|126.9872417374784419_37.5712905430838973|126.9874380393046636_37.5711449542964360|126.9875919368493555_37.5710671282627970
2026-09-04T03:35:30.187978+09:00,인사동,인사동,POI078,KEY_2,1000027500,인사동5길,1000231600,공평동 5-12,126.9837015373939977_37.5721207661722474,1000012402,조계사앞교차로,126.9831062491158349_37.5719883384085875,55.0,12.0,정체,126.9831062491158349_37.5719883384085875|126.9832673605664155_37.5720220520782107|126.9837015373939977_37.5721207661722474
2026-09-04T03:35:30.187978+09:00,인사동,인사동,POI078,KEY_2,1000027600,인사동5길,1000036800,인사동 187-4,126.9855567085236174_37.5727903642359919,1000013904,인사동사거리,126.9861168618192977_37.5730266274726361,56.0,3.0,정체,126.9861168618192977_37.5730266274726361|126.9855567085236174_37.5727903642359919
2026-09-04T03:35:30.187978+09:00,인사동,인사동,POI078,KEY_2,1000028800,인사동길,1000002703,낙원상가앞교차로,126.9877290762876498_37.5725675824815539,1000013402,인사동사거리,126.9866260678605698_37.5725826871621464,97.0,5.0,정체,126.9866260678605698_37.5725826871621464|126.9877290762876498_37.5725675824815539
2026-09-04T03:35:30.187978+09:00,인사동,인사동,POI078,KEY_2,1000029400,인사동길,1000013404,인사동사거리,126.9864507347062670_37.5726237878874230,1000013903,인사동사거리,126.9862122245298792_37.5729444875610596,41.0,20.0,서행,126.9862122245298792_37.5729444875610596|126.9863985900872052_37.5726751063462814|126.9864507347062670_37.5726237878874230
2026-09-04T03:35:30.187978+09:00,인사동,인사동,POI078,KEY_2,1000030100,인사동4길,1000014603,종로세무서,126.9876475861341873_37.5734674544711638,1000013902,인사동사거리,126.9863347930561730_37.5729914707874855,128.0,4.0,정체,126.9863347930561730_37.5729914707874855|126.9865778431354215_37.5730765437080692|126.9871483595308064_37.5732762343743687|126.9875049026030922_37.5734010287094193|126.9876475861341873_37.5734674544711638
2026-09-04T03:35:30.187978+09:00,인사동,인사동,POI078,KEY_2,1000030200,인사동4길,1000190200,낙원동 280,126.9870936767206047_37.5733752066737097,1000014604,종로세무서,126.9875929656630689_37.5735672823235660,49.0,29.0,원활,126.9875929656630689_37.5735672823235660|126.9874430653368904_37.5734974970765307|126.9870936767206047_37.5733752066737097
2026-09-04T03:35:30.187978+09:00,인사동,인사동,POI078,KEY_2,1000031700,인사동길,1000200000,관훈동 177-1,126.9846248795644641_37.5741354335962896,1000017903,안국동로터리,126.9830393503038977_37.5755166265144283,209.0,19.0,서행,126.9830393503038977_37.5755166265144283|126.9832578502403493_37.5753718765763765|126.9833833057397072_37.5752802649537472|126.9833874257963799_37.5752759258947009|126.9838138538233210_37.5748268274858290|126.9839983126868219_37.5746325599944413|126.9840028137515446_37.5746278195686330|126.9841931260739045_37.5744516475788828|126.9843256891268339_37.5743491032214507|126.9843944674535408_37.5742999847176264|126.9846248795644641_37.5741354335962896
2026-09-04T03:35:30.187978+09:00,인사동,인사동,POI078,KEY_2,1000031900,삼일대로30길,1000016403,종로1가2가3가4가동주민센터,126.9909224401901895_37.5743944453165497,1000014602,종로세무서,126.9877657603728665_37.5735230393018043,300.0,10.0,정체,126.9877657603728665_37.5735230393018043|126.9882746610469724_37.5737657051567169|126.9890843013498056_37.5741211801994552|126.9892691286933371_37.5741786634928658|126.9894708395082290_37.5742261685853478|126.9900987751391028_37.5742451717422767|126.9904206259991639_37.5742891136834203|126.9906874025872128_37.5743451108355870|126.9909224401901895_37.5743944453165497
2026-09-04T03:35:30.187978+09:00,인사동,인사동,POI078,KEY_2,1000033700,삼일대로32길,1000225400,익선동 1-2,126.9885198465621414_37.5753772077083354,1000017002,덕성여자대학교(종로캠퍼스),126.9868982009082004_37.5750961619411754,147.0,7.0,정체,126.9868982009082004_37.5750961619411754|126.9876435573690543_37.5752236178379775|126.9880192377179640_37.5752979345582787|126.9885198465621414_37.5753772077083354
2026-09-04T03:35:30.187978+09:00,인사동,인사동,POI078,KEY_2,1000033800,삼일대로32길,1000217900,운니동 44-1,126.9886315479750323_37.5755051337652901,1000018604,한겨레신문(종로지국),126.9905313831492180_37.5757097145699248,170.0,10.0,정체,126.9905313831492180_37.5757097145699248|126.9902144284971968_37.5756583032089253|126.9898011914220319_37.5756393653655252|126.9896790156536639_37.5756303509259837|126.9892762976139409_37.5756006364519877|126.9891382250948197_37.5755697755770228|126.9888125680360531_37.5755337981841890|126.9886315479750323_37.5755051337652901
2026-09-04T03:35:30.187978+09:00,인사동,인사동,POI078,KEY_2,1000033900,우정국로,1000017300,안국동사거리,126.9828039229332575_37.5749851341707171,1000018100,안국동사거리,126.9820370732549009_37.5756052331219763,102.0,30.0,원활,126.9820370732549009_37.5756052331219763|126.9822935365986751_37.5755095925525495|126.9827428871539610_37.5751967734075052|126.9827905797247212_37.5750539177611387|126.9828039229332575_37.5749851341707171
2026-09-04T03:35:30.187978+09:00,잠실롯데타워·석촌호수,잠실롯데타워·석촌호수,POI120,KEY_3,1230003102,송파대로,1230412500,석촌동 209,127.1044792274671522_37.5081049831544888,1230036703,석촌호수앞교차로,127.1039824947923051_37.5086487529905597,75.0,34.0,원활,127.1039824947923051_37.5086487529905597|127.1044792274671522_37.5081049831544888
2026-09-04T03:35:30.187978+09:00,잠실롯데타워·석촌호수,잠실롯데타워·석촌호수,POI120,KEY_3,1230003300,송파대로,1230036704,석촌호수앞교차로,127.1039028911642674_37.5087367936795530,1230001703,석촌호수앞교차로,127.1017878219228550_37.5111046223331428,323.0,47.5,원활,127.1017878219228550_37.5111046223331428|127.1039028911642674_37.5087367936795530
2026-09-04T03:35:30.187978+09:00,잠실롯데타워·석촌호수,잠실롯데타워·석촌호수,POI120,KEY_3,1230003400,송파대로,1230001702,석촌호수앞교차로,127.1019076941057762_37.5111569141952117,1230036701,석촌호수앞교차로,127.1040028890472797_37.5088113302377195,320.0,26.0,원활,127.1040028890472797_37.5088113302377195|127.1019076941057762_37.5111569141952117
2026-09-04T03:35:30.187978+09:00,잠실롯데타워·석촌호수,잠실롯데타워·석촌호수,POI120,KEY_3,1230003501,송파대로,1230399700,잠실동 41,127.1007560729534731_37.5124412982623454,1230001803,잠실역사거리,127.1001586829554100_37.5132191939759281,101.0,42.0,원활,127.1001586829554100_37.5132191939759281|127.1007560729534731_37.5124412982623454
2026-09-04T03:35:30.187978+09:00,잠실롯데타워·석촌호수,잠실롯데타워·석촌호수,POI120,KEY_3,1230003601,송파대로,1230001802,잠실역사거리,127.1002879409381165_37.5132580710148957,1230001701,석촌호수앞교차로,127.1018323332335598_37.5112469862295228,262.0,12.0,정체,127.1018323332335598_37.5112469862295228|127.1008718568159566_37.5124977195192244|127.1002879409381165_37.5132580710148957
2026-09-04T03:35:30.187978+09:00,잠실롯데타워·석촌호수,잠실롯데타워·석촌호수,POI120,KEY_3,1230003802,송파대로,1230044702,잠실대교남측,127.0981251707990225_37.5159789121879115,1230001801,잠실역사거리,127.1002155326109744_37.5133509522926616,345.0,28.0,원활,127.1002155326109744_37.5133509522926616|127.0985290071868548_37.5154712346922068|127.0981251707990225_37.5159789121879115
2026-09-04T03:35:30.187978+09:00,잠실롯데타워·석촌호수,잠실롯데타워·석촌호수,POI120,KEY_3,1230018100,삼학사로,1230399400,삼전동 152,127.0971851736833997_37.5058146183606098,1230034303,석촌호교차로,127.0972427646003808_37.5065427063586085,81.0,20.0,서행,127.0972427646003808_37.5065427063586085|127.0971851736833997_37.5058146183606098
2026-09-04T03:35:30.187978+09:00,잠실롯데타워·석촌호수,잠실롯데타워·석촌호수,POI120,KEY_3,1230020203,석촌호수로,1230362100,잠실동 45-1,127.0959603598268473_37.5068429608790908,1230034304,석촌호교차로,127.0972501695385262_37.5066515875651163,116.0,24.0,서행,127.0972501695385262_37.5066515875651163|127.0959603598268473_37.5068429608790908
2026-09-04T03:35:30.187978+09:00,잠실롯데타워·석촌호수,잠실롯데타워·석촌호수,POI120,KEY_3,1230020300,석촌호수로,1230425400,최소노드배치점,127.1008735740489470_37.5071235777689509,1230036704,석촌호수앞교차로,127.1039028911642674_37.5087367936795530,323.0,30.5,원활,127.1039028911642674_37.5087367936795530|127.1030871966188158_37.5081804312170775|127.1027814029224459_37.5079972621807372|127.1027257780679207_37.5079698553039691|127.1018874551534168_37.5075568002840285|127.1015021632143061_37.5073921700333557|127.1008735740489470_37.5071235777689509
2026-09-04T03:35:30.187978+09:00,잠실롯데타워·석촌호수,잠실롯데타워·석촌호수,POI120,KEY_3,1230020400,석촌호수로,1230369400,석촌동 191,127.0987703823118125_37.5064112799268017,1230034302,석촌호교차로,127.0973765618586384_37.5065150079019958,125.0,20.0,서행,127.0973765618586384_37.5065150079019958|127.0976452744375536_37.5064483289197952|127.0979269591683192_37.5064090615062042|127.0982641563232818_37.5063794736021237|127.0986308344447906_37.5063986405236136|127.0987703823118125_37.5064112799268017
2026-09-04T03:35:30.187978+09:00,잠실롯데타워·석촌호수,잠실롯데타워·석촌호수,POI120,KEY_3,1230021500,삼학사로,1230418200,잠실동 46,127.0973734398476296_37.5087240119147722,1230007103,서울놀이마당앞교차로,127.0974453047706589_37.5099321530276910,134.0,35.0,원활,127.0974453047706589_37.5099321530276910|127.0973734398476296_37.5087240119147722
2026-09-04T03:35:30.187978+09:00,잠실롯데타워·석촌호수,잠실롯데타워·석촌호수,POI120,KEY_3,1230021600,삼학사로,1230007102,서울놀이마당앞교차로,127.0975809295277941_37.5099279073468779,1230034301,석촌호교차로,127.0973845362845935_37.5066262726573783,367.0,42.0,원활,127.0973845362845935_37.5066262726573783|127.0975090109694889_37.5087188942394008|127.0975809295277941_37.5099279073468779
2026-09-04T03:35:30.187978+09:00,잠실롯데타워·석촌호수,잠실롯데타워·석촌호수,POI120,KEY_3,1230021900,삼전로,1230356200,잠실동 37,127.0922842977067404_37.5094309777277743,1230038603,잠실3삼거리,127.0929733206664025_37.5103028554533822,115.0,25.0,원활,127.0929733206664025_37.5103028554533822|127.0928602894616830_37.5101024415336113|127.0922842977067404_37.5094309777277743
2026-09-04T03:35:30.187978+09:00,잠실롯데타워·석촌호수,잠실롯데타워·석촌호수,POI120,KEY_3,1230023101,잠실로,1230038303,잠실동 43,127.0947217679651260_37.5101178628557932,1230038602,잠실3삼거리,127.0930971257991189_37.5102585455899913,144.0,19.0,서행,127.0930971257991189_37.5102585455899913|127.0947217679651260_37.5101178628557932
2026-09-04T03:35:30.187978+09:00,잠실롯데타워·석촌호수,잠실롯데타워·석촌호수,POI120,KEY_3,1230023102,잠실로,1230007103,서울놀이마당앞교차로,127.0974453047706589_37.5099321530276910,1230038302,잠실동 43,127.0948609890413223_37.5101069748518370,229.0,10.0,정체,127.0948609890413223_37.5101069748518370|127.0962459094918131_37.5100132959391175|127.0974453047706589_37.5099321530276910
2026-09-04T03:35:30.187978+09:00,잠실롯데타워·석촌호수,잠실롯데타워·석촌호수,POI120,KEY_3,1230023201,잠실로,1230038601,잠실3삼거리,127.0931194165767408_37.5103653726765316,1230038304,잠실동 43,127.0947364363945553_37.5102253498387128,144.0,17.0,서행,127.0947364363945553_37.5102253498387128|127.0931194165767408_37.5103653726765316
2026-09-04T03:35:30.187978+09:00,잠실롯데타워·석촌호수,잠실롯데타워·석촌호수,POI120,KEY_3,1230023202,잠실로,1230393400,잠실동 43,127.0962573939644642_37.5101210286650257,1230007104,서울놀이마당앞교차로,127.0974567909531032_37.5100398856026942,106.0,20.0,서행,127.0974567909531032_37.5100398856026942|127.0962573939644642_37.5101210286650257
2026-09-04T03:35:30.187978+09:00,잠실롯데타워·석촌호수,잠실롯데타워·석촌호수,POI120,KEY_3,1230023500,잠실로,1230412400,잠실동 42,127.1004419094974480_37.5105947295189637,1230001704,석촌호수앞교차로,127.1017131193153915_37.5111950333109547,131.0,25.0,원활,127.1017131193153915_37.5111950333109547|127.1004641614348145_37.5106046485269218|127.1004419094974480_37.5105947295189637
2026-09-04T03:35:30.187978+09:00,잠실롯데타워·석촌호수,잠실롯데타워·석촌호수,POI120,KEY_3,1230023600,잠실로,1230001703,석촌호수앞교차로,127.1017878219228550_37.5111046223331428,1230007102,서울놀이마당앞교차로,127.0975809295277941_37.5099279073468779,403.0,31.0,원활,127.0975809295277941_37.5099279073468779|127.0985541482379375_37.5099332768199432|127.0990046849047843_37.5099841635964921|127.0994430355566607_37.5101001528652276|127.0999744578332411_37.5102624598802024|127.1005081875894263_37.5105003764333560|127.1005319432435670_37.5105109657146656|127.1017878219228550_37.5111046223331428
2026-09-04T03:35:30.187978+09:00,잠실롯데타워·석촌호수,잠실롯데타워·석촌호수,POI120,KEY_3,1230023701,석촌호수로,1230036701,석촌호수앞교차로,127.1040028890472797_37.5088113302377195,1230038204,수림빌딩,127.1051505452613100_37.5097264956549949,144.0,7.0,정체,127.1051505452613100_37.5097264956549949|127.1048424116308126_37.5094807866672255|127.1040028890472797_37.5088113302377195
2026-09-04T03:35:30.187978+09:00,잠실롯데타워·석촌호수,잠실롯데타워·석촌호수,POI120,KEY_3,1230023702,석촌호수로,1230038201,수림빌딩,127.1052475076223942_37.5098032820847891,1230039704,신천동 33,127.1069053310213803_37.5111077200237375,206.0,27.0,원활,127.1069053310213803_37.5111077200237375|127.1060795391087055_37.5104579644505165|127.1052475076223942_37.5098032820847891
2026-09-04T03:35:30.187978+09:00,잠실롯데타워·석촌호수,잠실롯데타워·석촌호수,POI120,KEY_3,1230023703,석촌호수로,1230039701,신천동 33,127.1070065907386635_37.5111861357687459,1230041504,방이삼거리,127.1080898185277164_37.5120029659807344,132.0,20.0,서행,127.1080898185277164_37.5120029659807344|127.1079331088216122_37.5118964724360211|127.1070065907386635_37.5111861357687459
2026-09-04T03:35:30.187978+09:00,잠실롯데타워·석촌호수,잠실롯데타워·석촌호수,POI120,KEY_3,1230023801,석촌호수로,1230383600,송파동 60,127.1049384312716057_37.5094043721425194,1230036702,석촌호수앞교차로,127.1040831324389728_37.5087223370806129,107.0,18.0,서행,127.1040831324389728_37.5087223370806129|127.1049384312716057_37.5094043721425194
2026-09-04T03:35:30.187978+09:00,잠실롯데타워·석촌호수,잠실롯데타워·석촌호수,POI120,KEY_3,1230023802,석촌호수로,1230380500,송파동 61,127.1061749184303977_37.5103810412995244,1230038202,수림빌딩,127.1053428869681454_37.5097263595970531,103.0,29.0,원활,127.1053428869681454_37.5097263595970531|127.1061749184303977_37.5103810412995244
2026-09-04T03:35:30.187978+09:00,잠실롯데타워·석촌호수,잠실롯데타워·석촌호수,POI120,KEY_3,1230023803,석촌호수로,1230041503,방이삼거리,127.1081921675338720_37.5119304002947942,1230039702,송파동 62,127.1071007108080408_37.5111082344274962,133.0,12.0,정체,127.1071007108080408_37.5111082344274962|127.1080242959557012_37.5118163213665241|127.1081921675338720_37.5119304002947942
2026-09-04T03:35:30.187978+09:00,잠실롯데타워·석촌호수,잠실롯데타워·석촌호수,POI120,KEY_3,1230024100,잠실로,1230038604,잠실3삼거리,127.0929839814057658_37.5103582875929717,1230041303,잠실3사거리,127.0924958334099557_37.5118489046082644,171.0,26.0,원활,127.0924958334099557_37.5118489046082644|127.0929749045914718_37.5104683915562376|127.0929839814057658_37.5103582875929717
2026-09-04T03:35:30.187978+09:00,잠실롯데타워·석촌호수,잠실롯데타워·석촌호수,POI120,KEY_3,1230024200,잠실로,1230041302,잠실3사거리,127.0926320843072830_37.5118620680798003,1230038601,잠실3삼거리,127.0931194165767408_37.5103653726765316,172.0,26.0,원활,127.0931194165767408_37.5103653726765316|127.0931094286359553_37.5104865264241667|127.0926320843072830_37.5118620680798003
2026-09-04T03:35:30.187978+09:00,잠실롯데타워·석촌호수,잠실롯데타워·석촌호수,POI120,KEY_3,1230024302,오금로,1230384900,송파동 62,127.1086886760872829_37.5117147904571766,1230041503,방이삼거리,127.1081921675338720_37.5119304002947942,50.0,16.0,서행,127.1081921675338720_37.5119304002947942|127.1083902263657990_37.5118348937114661|127.1086886760872829_37.5117147904571766
2026-09-04T03:35:30.187978+09:00,잠실롯데타워·석촌호수,잠실롯데타워·석촌호수,POI120,KEY_3,1230024900,올림픽로,1230358200,최소노드배치점,127.0890986901108874_37.5116423850120313,1230041304,잠실3사거리,127.0924582513479919_37.5119541794962004,299.0,51.0,원활,127.0924582513479919_37.5119541794962004|127.0894865754439849_37.5116660118753273|127.0890986901108874_37.5116423850120313
2026-09-04T03:35:30.187978+09:00,잠실롯데타워·석촌호수,잠실롯데타워·석촌호수,POI120,KEY_3,1230025702,올림픽로,1230422700,최소노드배치점,127.0963985029439982_37.5124235494134552,1230001804,잠실역사거리,127.1000841139758677_37.5133141607708396,341.0,46.3,원활,127.1000841139758677_37.5133141607708396|127.0963985029439982_37.5124235494134552
2026-09-04T03:35:30.187978+09:00,잠실롯데타워·석촌호수,잠실롯데타워·석촌호수,POI120,KEY_3,1230025801,올림픽로,1230041703,잠실동 39,127.0946882254534103_37.5120601573260686,1230041302,잠실3사거리,127.0926320843072830_37.5118620680798003,183.0,42.0,원활,127.0926320843072830_37.5118620680798003|127.0946882254534103_37.5120601573260686
2026-09-04T03:35:30.187978+09:00,잠실롯데타워·석촌호수,잠실롯데타워·석촌호수,POI120,KEY_3,1230025802,올림픽로,1230001803,잠실역사거리,127.1001586829554100_37.5132191939759281,1230041702,잠실동 39,127.0948236216370191_37.5120740018570373,489.0,31.0,원활,127.0948236216370191_37.5120740018570373|127.0956739088233007_37.5121671905185963|127.0962807923011582_37.5122821169021705|127.0964379064208174_37.5123200858476054|127.1001586829554100_37.5132191939759281
2026-09-04T03:35:30.187978+09:00,잠실롯데타워·석촌호수,잠실롯데타워·석촌호수,POI120,KEY_3,1230026301,오금로,1230041504,방이삼거리,127.1080898185277164_37.5120029659807344,1230043203,잠실전화국,127.1073625915452112_37.5136826385122433,198.0,14.0,정체,127.1073625915452112_37.5136826385122433|127.1076552451824142_37.5129653281818420|127.1080218934859403_37.5120666323530259|127.1080898185277164_37.5120029659807344
2026-09-04T03:35:30.187978+09:00,잠실롯데타워·석촌호수,잠실롯데타워·석촌호수,POI120,KEY_3,1230026400,오금로,1230362200,방이동 95-3,127.1077843306107411_37.5129987458803527,1230041501,방이삼거리,127.1081930791064138_37.5120731373911980,109.0,22.5,서행,127.1081930791064138_37.5120731373911980|127.1081426875516627_37.5121203703189892|127.1077843306107411_37.5129987458803527
2026-09-04T03:35:30.187978+09:00,잠실롯데타워·석촌호수,잠실롯데타워·석촌호수,POI120,KEY_3,1230026702,백제고분로,1230397100,방이동 94-4,127.1155243442379685_37.5158080782483836,1230045403,올림픽공원남4문앞교차로,127.1158353619488821_37.5163285598069436,64.0,27.0,원활,127.1158353619488821_37.5163285598069436|127.1155243442379685_37.5158080782483836
2026-09-04T03:35:30.187978+09:00,잠실롯데타워·석촌호수,잠실롯데타워·석촌호수,POI120,KEY_3,1230026802,백제고분로,1230045402,올림픽공원남4문앞교차로,127.1159592191718559_37.5162842594980717,1230043901,방이중,127.1149670532686144_37.5146238680820474,204.0,10.0,정체,127.1149670532686144_37.5146238680820474|127.1156469051217641_37.5157616102810749|127.1159592191718559_37.5162842594980717
2026-09-04T03:35:30.187978+09:00,잠실롯데타워·석촌호수,잠실롯데타워·석촌호수,POI120,KEY_3,1230027302,올림픽로,1230001801,잠실역사거리,127.1002155326109744_37.5133509522926616,1230043404,신천동 8,127.1021667132219335_37.5140202279747825,188.0,13.0,정체,127.1021667132219335_37.5140202279747825|127.1002155326109744_37.5133509522926616
2026-09-04T03:35:30.187978+09:00,잠실롯데타워·석촌호수,잠실롯데타워·석촌호수,POI120,KEY_3,1230027303,올림픽로,1230043401,신천동 8,127.1022912026975433_37.5140633484028712,1230043804,잠실역(서울8호선),127.1031193148053262_37.5143528991889355,80.0,46.3,원활,127.1031193148053262_37.5143528991889355|127.1022912026975433_37.5140633484028712
2026-09-04T03:35:30.187978+09:00,잠실롯데타워·석촌호수,잠실롯데타워·석촌호수,POI120,KEY_3,1230027304,올림픽로,1230043801,잠실역(서울8호선),127.1032441614670745_37.5143953515620083,1230044104,송파구청앞교차로,127.1065954149593580_37.5155037548529151,321.0,46.7,원활,127.1065954149593580_37.5155037548529151|127.1032441614670745_37.5143953515620083
2026-09-04T03:35:30.187978+09:00,잠실롯데타워·석촌호수,잠실롯데타워·석촌호수,POI120,KEY_3,1230027402,올림픽로,1230425600,최소노드배치점,127.1034569107816310_37.5143486498193468,1230001802,잠실역사거리,127.1002879409381165_37.5132580710148957,305.0,46.0,원활,127.1002879409381165_37.5132580710148957|127.1022203942543456_37.5139209223143766|127.1023457587723016_37.5139643456983833|127.1031738699951745_37.5142538961081584|127.1032962137368543_37.5142954974985372|127.1034569107816310_37.5143486498193468
2026-09-04T03:35:30.187978+09:00,잠실롯데타워·석촌호수,잠실롯데타워·석촌호수,POI120,KEY_3,1230027600,잠실로,1230354600,잠실동 26-1,127.0923490777133509_37.5126418063312386,1230041301,잠실3사거리,127.0925947702226182_37.5119673808282528,78.0,18.0,서행,127.0925947702226182_37.5119673808282528|127.0923490777133509_37.5126418063312386
2026-09-04T03:35:30.187978+09:00,잠실롯데타워·석촌호수,잠실롯데타워·석촌호수,POI120,KEY_3,1230027901,오금로,1230043204,잠실전화국,127.1073301047804875_37.5137619968566653,1230043703,KT송파빌딩,127.1072008780327849_37.5140753242066154,37.0,20.0,서행,127.1072008780327849_37.5140753242066154|127.1073301047804875_37.5137619968566653
2026-09-04T03:35:30.187978+09:00,잠실롯데타워·석촌호수,잠실롯데타워·석촌호수,POI120,KEY_3,1230027902,오금로,1230043704,KT송파빌딩,127.1071582673112630_37.5141777969497454,1230044103,송파구청앞교차로,127.1066451578842873_37.5154031368063627,143.0,16.0,서행,127.1066451578842873_37.5154031368063627|127.1071582673112630_37.5141777969497454
2026-09-04T03:35:30.187978+09:00,잠실롯데타워·석촌호수,잠실롯데타워·석촌호수,POI120,KEY_3,1230028001,오금로,1230043702,KT송파빌딩,127.1073298305418575_37.5141090707700258,1230043201,잠실전화국,127.1074590560679241_37.5137957428479041,37.0,24.0,서행,127.1074590560679241_37.5137957428479041|127.1073298305418575_37.5141090707700258
2026-09-04T03:35:30.187978+09:00,잠실롯데타워·석촌호수,잠실롯데타워·석촌호수,POI120,KEY_3,1230028002,오금로,1230044102,송파구청앞교차로,127.1067706331513705_37.5154451950086951,1230043701,KT송파빌딩,127.1072870264943191_37.5142120080203938,144.0,20.0,서행,127.1072870264943191_37.5142120080203938|127.1067706331513705_37.5154451950086951
2026-09-04T03:35:30.187978+09:00,잠실롯데타워·석촌호수,잠실롯데타워·석촌호수,POI120,KEY_3,1230028100,위례성대로,1230008303,방이초교앞교차로,127.1208213191434737_37.5145580278620869,1230045402,올림픽공원남4문앞교차로,127.1159592191718559_37.5162842594980717,471.0,56.0,원활,127.1159592191718559_37.5162842594980717|127.1194913787483216_37.5150302354333220|127.1208213191434737_37.5145580278620869
2026-09-04T03:35:30.187978+09:00,잠실롯데타워·석촌호수,잠실롯데타워·석촌호수,POI120,KEY_3,1230028301,올림픽로,1230044101,송파구청앞교차로,127.1067205760415391_37.5155457351922763,1230044902,잠실진주아파트앞교차로,127.1087256571209707_37.5162283031640200,193.0,30.0,원활,127.1087256571209707_37.5162283031640200|127.1067205760415391_37.5155457351922763
2026-09-04T03:35:30.187978+09:00,잠실롯데타워·석촌호수,잠실롯데타워·석촌호수,POI120,KEY_3,1230028401,올림픽로,1230421300,최소노드배치점,127.1097120122696964_37.5164468577884307,1230044102,송파구청앞교차로,127.1067706331513705_37.5154451950086951,283.0,20.0,서행,127.1067706331513705_37.5154451950086951|127.1088293438040182_37.5161460190462677|127.1097120122696964_37.5164468577884307
2026-09-04T03:35:30.187978+09:00,잠실롯데타워·석촌호수,잠실롯데타워·석촌호수,POI120,KEY_3,1230029101,올림픽로,1230044901,잠실진주아파트앞교차로,127.1088533723906977_37.5162718111141373,1230047903,올림픽공원앞교차로,127.1125664517782781_37.5175764714066560,359.0,41.0,원활,127.1125664517782781_37.5175764714066560|127.1121927794052340_37.5174099266855308|127.1096586157180326_37.5165462608805385|127.1088533723906977_37.5162718111141373
2026-09-04T03:35:30.187978+09:00,잠실롯데타워·석촌호수,잠실롯데타워·석촌호수,POI120,KEY_3,1230029300,위례성대로,1230045403,올림픽공원남4문앞교차로,127.1158353619488821_37.5163285598069436,1230047902,올림픽공원앞교차로,127.1126327333255119_37.5174821175529445,311.0,26.0,원활,127.1126327333255119_37.5174821175529445|127.1158353619488821_37.5163285598069436
2026-09-04T03:35:30.187978+09:00,잠실롯데타워·석촌호수,잠실롯데타워·석촌호수,POI120,KEY_3,1230029401,위례성대로,1230047901,올림픽공원앞교차로,127.1127294559663170_37.5175659412636975,1230045404,올림픽공원남4문앞교차로,127.1158912913085715_37.5164270745673178,307.0,44.0,원활,127.1158912913085715_37.5164270745673178|127.1127294559663170_37.5175659412636975
2026-09-04T03:35:30.187978+09:00,잠실롯데타워·석촌호수,잠실롯데타워·석촌호수,POI120,KEY_3,1230029800,오금로,1230009202,잠실나루역사거리,127.1050458803196079_37.5186165757193919,1230044101,송파구청앞교차로,127.1067205760415391_37.5155457351922763,372.0,10.0,정체,127.1067205760415391_37.5155457351922763|127.1063870230920116_37.5161245657841746|127.1060062563923623_37.5167853165615099|127.1057041776155785_37.5173095096861147|127.1054650209393913_37.5177245091905434|127.1053636836204817_37.5179234011036442|127.1051267515503156_37.5183884165572152|127.1050458803196079_37.5186165757193919
2026-09-04T03:35:30.187978+09:00,잠실롯데타워·석촌호수,잠실롯데타워·석촌호수,POI120,KEY_3,1230030200,올림픽로33길,1230044902,잠실진주아파트앞교차로,127.1087256571209707_37.5162283031640200,1230009303,파크리오아파트,127.1080198937217318_37.5191489075320419,330.0,31.0,원활,127.1080198937217318_37.5191489075320419|127.1087256571209707_37.5162283031640200
2026-09-04T03:35:30.187978+09:00,잠실롯데타워·석촌호수,잠실롯데타워·석촌호수,POI120,KEY_3,1230030300,올림픽로33길,1230009302,파크리오아파트,127.1081532489597805_37.5191690964758351,1230044901,잠실진주아파트앞교차로,127.1088533723906977_37.5162718111141373,327.0,36.0,원활,127.1088533723906977_37.5162718111141373|127.1081532489597805_37.5191690964758351
2026-09-04T03:35:30.187978+09:00,잠실롯데타워·석촌호수,잠실롯데타워·석촌호수,POI120,KEY_3,1230030701,올림픽로,1230047904,올림픽공원앞교차로,127.1126156383089949_37.5176248562335459,1230050103,올림픽회관앞교차로,127.1141234836901077_37.5200172918018566,297.0,25.0,원활,127.1141234836901077_37.5200172918018566|127.1130967077667009_37.5183006809000261|127.1127808418886076_37.5178273473246833|127.1126156383089949_37.5176248562335459
2026-09-04T03:35:30.187978+09:00,잠실롯데타워·석촌호수,잠실롯데타워·석촌호수,POI120,KEY_3,1230030802,올림픽로,1230050102,올림픽회관앞교차로,127.1142460290998173_37.5199707880909941,1230047901,올림픽공원앞교차로,127.1127294559663170_37.5175659412636975,299.0,44.3,원활,127.1127294559663170_37.5175659412636975|127.1128979059259194_37.5177724112602746|127.1132179682735881_37.5182520322072364|127.1142460290998173_37.5199707880909941
2026-09-04T03:35:30.187978+09:00,잠실롯데타워·석촌호수,잠실롯데타워·석촌호수,POI120,KEY_3,1230073600,백제고분로41길,1230362400,송파동 74,127.1055839132151277_37.5093570558199474,1230038203,수림빌딩,127.1052465652364560_37.5096500807059527,44.0,11.0,정체,127.1052465652364560_37.5096500807059527|127.1053208564511436_37.5095948198186591|127.1055839132151277_37.5093570558199474
2026-09-04T03:35:30.187978+09:00,잠실롯데타워·석촌호수,잠실롯데타워·석촌호수,POI120,KEY_3,1230076200,백제고분로45길,1230414400,송파동 83,127.1074305390192620_37.5108125123386174,1230039703,송파동 61,127.1070007103191557_37.5110307962144418,45.0,12.0,정체,127.1070007103191557_37.5110307962144418|127.1074305390192620_37.5108125123386174
2026-09-04T03:35:30.187978+09:00,잠실롯데타워·석촌호수,잠실롯데타워·석촌호수,POI120,KEY_3,1230077600,올림픽로.잠실로.사이길,1230038304,잠실동 43,127.0947364363945553_37.5102253498387128,1230041703,잠실동 39,127.0946882254534103_37.5120601573260686,204.0,14.0,정체,127.0946882254534103_37.5120601573260686|127.0947364363945553_37.5102253498387128
2026-09-04T03:35:30.187978+09:00,잠실롯데타워·석촌호수,잠실롯데타워·석촌호수,POI120,KEY_3,1230077700,올림픽로.잠실로.사이길,1230041702,잠실동 39,127.0948236216370191_37.5120740018570373,1230038301,잠실동 43,127.0948724715403131_37.5102147077519135,206.0,8.0,정체,127.0948724715403131_37.5102147077519135|127.0948236216370191_37.5120740018570373
2026-09-04T03:35:30.187978+09:00,잠실롯데타워·석촌호수,잠실롯데타워·석촌호수,POI120,KEY_3,1230080800,올림픽로,1230043404,신천동 8,127.1021667132219335_37.5140202279747825,1230044003,어린이교통공원,127.1015862279693067_37.5151316086360467,134.0,28.0,원활,127.1015862279693067_37.5151316086360467|127.1021667132219335_37.5140202279747825
2026-09-04T03:35:30.187978+09:00,잠실롯데타워·석촌호수,잠실롯데타워·석촌호수,POI120,KEY_3,1230080900,올림픽로,1230044002,어린이교통공원,127.1017112605977104_37.5151736946584151,1230043401,신천동 8,127.1022912026975433_37.5140633484028712,133.0,24.0,서행,127.1022912026975433_37.5140633484028712|127.1017112605977104_37.5151736946584151
2026-09-04T03:35:30.187978+09:00,잠실롯데타워·석촌호수,잠실롯데타워·석촌호수,POI120,KEY_3,1230081000,올림픽로,1230043804,잠실역(서울8호선),127.1031193148053262_37.5143528991889355,1230044403,신천동 7-21,127.1025553001734067_37.5154467539088188,131.0,16.0,서행,127.1025553001734067_37.5154467539088188|127.1031193148053262_37.5143528991889355
2026-09-04T03:35:30.187978+09:00,잠실롯데타워·석촌호수,잠실롯데타워·석촌호수,POI120,KEY_3,1230081100,올림픽로,1230044402,신천동 7-21,127.1026803877707039_37.5154887453600807,1230043801,잠실역(서울8호선),127.1032441614670745_37.5143953515620083,131.0,16.0,서행,127.1032441614670745_37.5143953515620083|127.1026803877707039_37.5154887453600807
2026-09-04T03:35:30.187978+09:00,잠실롯데타워·석촌호수,잠실롯데타워·석촌호수,POI120,KEY_3,1230082000,오금로11길,1230382300,방이동 96-5,127.1078356746363340_37.5142776638634814,1230043702,KT송파빌딩,127.1073298305418575_37.5141090707700258,48.0,6.0,정체,127.1073298305418575_37.5141090707700258|127.1078356746363340_37.5142776638634814
2026-09-04T03:35:30.187978+09:00,잠실롯데타워·석촌호수,잠실롯데타워·석촌호수,POI120,KEY_3,1230082100,오금로11길,1230364600,방이동 96-2,127.1142995993866123_37.5148873703963588,1230043904,방이중,127.1148454576012909_37.5146719476403305,54.0,10.0,정체,127.1148454576012909_37.5146719476403305|127.1142995993866123_37.5148873703963588
2026-09-04T03:35:30.187978+09:00,잠실롯데타워·석촌호수,잠실롯데타워·석촌호수,POI120,KEY_3,1230437101,잠실로,1230188302,잠실길지하차도(서측),127.1024547747106510_37.5113805101291220,1230001702,석촌호수앞교차로,127.1019076941057762_37.5111569141952117,54.0,34.0,원활,127.1019076941057762_37.5111569141952117|127.1024547747106510_37.5113805101291220
2026-09-04T03:35:30.187978+09:00,잠실롯데타워·석촌호수,잠실롯데타워·석촌호수,POI120,KEY_3,1230437201,잠실로,1230001701,석촌호수앞교차로,127.1018323332335598_37.5112469862295228,1230188303,잠실길지하차도(서측),127.1023918266045030_37.5114715455822392,55.0,6.0,정체,127.1023918266045030_37.5114715455822392|127.1018323332335598_37.5112469862295228
2026-09-04T03:35:30.187978+09:00,잠실롯데타워·석촌호수,잠실롯데타워·석촌호수,POI120,KEY_3,1230437301,잠실로,1230188502,잠실길지하차도(동측),127.1062173467716150_37.5131578738299325,1230188302,잠실길지하차도(서측),127.1024547747106510_37.5113805101291220,387.0,48.0,원활,127.1024547747106510_37.5113805101291220|127.1030924680476488_37.5116688194554797|127.1037922288458617_37.5120057984034787|127.1044073633298837_37.5122985483592544|127.1051198819620254_37.5126321816150679|127.1062173467716150_37.5131578738299325
2026-09-04T03:35:30.187978+09:00,잠실롯데타워·석촌호수,잠실롯데타워·석촌호수,POI120,KEY_3,1230437401,잠실로,1230188303,잠실길지하차도(서측),127.1023918266045030_37.5114715455822392,1230188503,잠실길지하차도(동측),127.1061687896124681_37.5132231248888246,386.0,10.0,정체,127.1061687896124681_37.5132231248888246|127.1052815756607259_37.5128152477143786|127.1034974052928277_37.5119907247148916|127.1023918266045030_37.5114715455822392
2026-09-04T03:35:30.187978+09:00,잠실롯데타워·석촌호수,잠실롯데타워·석촌호수,POI120,KEY_3,1230437501,-,1230188502,잠실길지하차도(동측),127.1062173467716150_37.5131578738299325,1230188402,신천동 30,127.1050426082693434_37.5125336192748193,126.0,10.0,정체,127.1050426082693434_37.5125336192748193|127.1057099909694585_37.5128445639683008|127.1060250249974217_37.5129978687956296|127.1062173467716150_37.5131578738299325
2026-09-04T03:35:30.187978+09:00,잠실롯데타워·석촌호수,잠실롯데타워·석촌호수,POI120,KEY_3,1230437601,-,1230188403,신천동 30,127.1049002456384613_37.5127083450110632,1230188503,잠실길지하차도(동측),127.1061687896124681_37.5132231248888246,126.0,17.0,서행,127.1061687896124681_37.5132231248888246|127.1058942002584331_37.5131610578152603|127.1056142121499164_37.5130369103311239|127.1049002456384613_37.5127083450110632
2026-09-04T03:35:30.187978+09:00,잠실롯데타워·석촌호수,잠실롯데타워·석촌호수,POI120,KEY_3,1230437701,잠실로,1230394600,신천동 30,127.1067595331203108_37.5134063123268504,1230188502,잠실길지하차도(동측),127.1062173467716150_37.5131578738299325,55.0,8.5,정체,127.1062173467716150_37.5131578738299325|127.1067595331203108_37.5134063123268504
2026-09-04T03:35:30.187978+09:00,잠실롯데타워·석촌호수,잠실롯데타워·석촌호수,POI120,KEY_3,1230437801,잠실로,1230188503,잠실길지하차도(동측),127.1061687896124681_37.5132231248888246,1230043204,잠실전화국,127.1073301047804875_37.5137619968566653,119.0,10.0,정체,127.1073301047804875_37.5137619968566653|127.1067103200439448_37.5134744075350568|127.1061687896124681_37.5132231248888246
2026-09-04T03:35:30.187978+09:00,창동 신경제 중심지,창동 신경제 중심지,POI079,KEY_4,1090005402,노해로,1090115200,창동 339,127.0432127254777726_37.6515539518810272,1090008104,서울북부지방법원등기국,127.0438886664260849_37.6514273575234313,61.0,26.0,원활,127.0438886664260849_37.6514273575234313|127.0432127254777726_37.6515539518810272
2026-09-04T03:35:30.187978+09:00,창동 신경제 중심지,창동 신경제 중심지,POI079,KEY_4,1090007501,마들로11길,1090010101,창동견인차량보관소,127.0506608950045546_37.6539899638653495,1090010204,속성변화점,127.0517956478494312_37.6542713588531939,105.0,11.0,정체,127.0517956478494312_37.6542713588531939|127.0506608950045546_37.6539899638653495
2026-09-04T03:35:30.187978+09:00,창동 신경제 중심지,창동 신경제 중심지,POI079,KEY_4,1090005403,노해로,1090008101,서울북부지방법원등기국,127.0440396816365904_37.6514000141311485,1090007904,이마트사거리,127.0465802038674212_37.6513439220940356,228.0,34.0,원활,127.0465802038674212_37.6513439220940356|127.0460219527137298_37.6512193468005378|127.0458394182708730_37.6511975131724839|127.0456166930732707_37.6511920224222294|127.0454324298890469_37.6511948838736430|127.0452143697198579_37.6512131449817389|127.0450359743676501_37.6512370892679158|127.0440396816365904_37.6514000141311485
2026-09-04T03:35:30.187978+09:00,창동 신경제 중심지,창동 신경제 중심지,POI079,KEY_4,1090006101,노해로65길,1090007904,이마트사거리,127.0465802038674212_37.6513439220940356,1090008603,이마트사거리,127.0464522437678454_37.6516561121472435,36.0,19.0,서행,127.0464522437678454_37.6516561121472435|127.0465802038674212_37.6513439220940356
2026-09-04T03:35:30.187978+09:00,창동 신경제 중심지,창동 신경제 중심지,POI079,KEY_4,1090006102,노해로65길,1090128100,창동 335-3,127.0462173088500180_37.6522375660554189,1090002402,창동역2번출구,127.0460126594412884_37.6527447346004678,59.0,10.0,정체,127.0460126594412884_37.6527447346004678|127.0462173088500180_37.6522375660554189
2026-09-04T03:35:30.187978+09:00,창동 신경제 중심지,창동 신경제 중심지,POI079,KEY_4,1090006201,노해로65길,1090002401,창동역2번출구,127.0461019329523680_37.6528774164723430,1090007901,이마트사거리,127.0467105834980970_37.6513747627778059,175.0,27.0,원활,127.0467105834980970_37.6513747627778059|127.0465815344402642_37.6516896123671287|127.0465398628008842_37.6517921145791874|127.0463467931061103_37.6522705946534657|127.0461019329523680_37.6528774164723430
2026-09-04T03:35:30.187978+09:00,창동 신경제 중심지,창동 신경제 중심지,POI079,KEY_4,1090006303,노해로63길,1090009401,창동아파트2단지,127.0440490804142541_37.6523926268145033,1090009704,창동 325,127.0450594668613746_37.6526400609466378,93.0,10.0,정체,127.0450594668613746_37.6526400609466378|127.0440490804142541_37.6523926268145033
2026-09-04T03:35:30.187978+09:00,창동 신경제 중심지,창동 신경제 중심지,POI079,KEY_4,1090006304,노해로63길,1090009701,창동 325,127.0451951244152013_37.6526717189787234,1090002401,창동역2번출구,127.0461019329523680_37.6528774164723430,83.0,20.0,서행,127.0461019329523680_37.6528774164723430|127.0451951244152013_37.6526717189787234
2026-09-04T03:35:30.187978+09:00,창동 신경제 중심지,창동 신경제 중심지,POI079,KEY_4,1090006402,노해로63길,1090009303,서울특별시북부교육지원청,127.0436075256318276_37.6521768084206414,1090008702,창원초교앞교차로,127.0418672320513025_37.6517533683042629,161.0,32.0,원활,127.0418672320513025_37.6517533683042629|127.0420136679197753_37.6518029016727667|127.0423245483733439_37.6518846988945839|127.0436075256318276_37.6521768084206414
2026-09-04T03:35:30.187978+09:00,창동 신경제 중심지,창동 신경제 중심지,POI079,KEY_4,1090006403,노해로63길,1090009703,창동 325,127.0450606490341130_37.6525272198554504,1090009302,서울특별시북부교육지원청,127.0437381625268358_37.6522068735649924,122.0,25.0,원활,127.0437381625268358_37.6522068735649924|127.0439570121152002_37.6522577653790549|127.0440891099632950_37.6522892989157825|127.0450606490341130_37.6525272198554504
2026-09-04T03:35:30.187978+09:00,창동 신경제 중심지,창동 신경제 중심지,POI079,KEY_4,1090006405,노해로63길,1090002402,창동역2번출구,127.0460126594412884_37.6527447346004678,1090009702,창동 325,127.0451962992695627_37.6525595534808915,75.0,32.0,원활,127.0451962992695627_37.6525595534808915|127.0460126594412884_37.6527447346004678
2026-09-04T03:35:30.187978+09:00,창동 신경제 중심지,창동 신경제 중심지,POI079,KEY_4,1090006501,노해로,1090009601,창4동주민센터앞교차로,127.0512572997302954_37.6524535243682053,1090009804,창4동주민센터,127.0523451053343962_37.6527487519340056,101.0,48.7,원활,127.0523451053343962_37.6527487519340056|127.0512572997302954_37.6524535243682053
2026-09-04T03:35:30.187978+09:00,창동 신경제 중심지,창동 신경제 중심지,POI079,KEY_4,1090006502,노해로,1090024400,창동 25,127.0529396680044698_37.6528803670265688,1090009904,도봉경찰서앞교차로,127.0532355059426379_37.6529440934046775,27.0,44.5,원활,127.0532355059426379_37.6529440934046775|127.0529396680044698_37.6528803670265688
2026-09-04T03:35:30.187978+09:00,창동 신경제 중심지,창동 신경제 중심지,POI079,KEY_4,1090006700,노해로69길,1090038000,창동 23,127.0507241269660881_37.6534404626976524,1090010103,창동견인차량보관소,127.0505700041465218_37.6538544201770620,48.0,13.0,정체,127.0505700041465218_37.6538544201770620|127.0507241269660881_37.6534404626976524
2026-09-04T03:35:30.187978+09:00,창동 신경제 중심지,창동 신경제 중심지,POI079,KEY_4,1090006800,노해로69길,1090029100,창동 23,127.0510627440724818_37.6529118754495755,1090009601,창4동주민센터앞교차로,127.0512572997302954_37.6524535243682053,54.0,8.0,정체,127.0512572997302954_37.6524535243682053|127.0511636230535117_37.6526409168478153|127.0510627440724818_37.6529118754495755
2026-09-04T03:35:30.187978+09:00,창동 신경제 중심지,창동 신경제 중심지,POI079,KEY_4,1090006900,마들로,1090009904,도봉경찰서앞교차로,127.0532355059426379_37.6529440934046775,1090002703,농협창동유통센터앞교차로,127.0532009362000849_37.6544173179488553,164.0,16.0,서행,127.0532009362000849_37.6544173179488553|127.0532307195816202_37.6537430463703586|127.0532355059426379_37.6529440934046775
2026-09-04T03:35:30.187978+09:00,창동 신경제 중심지,창동 신경제 중심지,POI079,KEY_4,1090007000,마들로,1090002702,농협창동유통센터앞교차로,127.0535193718764901_37.6544297702364830,1090009901,도봉경찰서앞교차로,127.0535457248374058_37.6529848170747670,160.0,36.0,원활,127.0535457248374058_37.6529848170747670|127.0535639356680946_37.6537093807940551|127.0535193718764901_37.6544297702364830
2026-09-04T03:35:30.187978+09:00,창동 신경제 중심지,창동 신경제 중심지,POI079,KEY_4,1090007502,마들로11길,1090010204,속성변화점,127.0517956478494312_37.6542713588531939,1090002704,농협창동유통센터앞교차로,127.0531926661678455_37.6545256121384426,127.0,27.0,원활,127.0531926661678455_37.6545256121384426|127.0528413530642098_37.6544851417251039|127.0525371577740543_37.6544418358260700|127.0522236392166775_37.6543767700399670|127.0519258441446198_37.6543035169949860|127.0517956478494312_37.6542713588531939
2026-09-04T03:35:30.187978+09:00,창동 신경제 중심지,창동 신경제 중심지,POI079,KEY_4,1090007601,마들로11길,1090010203,극동방송문화센터,127.0518361380290173_37.6541681443841370,1090010102,창동견인차량보관소,127.0506999231827194_37.6538863868738005,105.0,36.0,원활,127.0506999231827194_37.6538863868738005|127.0518361380290173_37.6541681443841370
2026-09-04T03:35:30.187978+09:00,창동 신경제 중심지,창동 신경제 중심지,POI079,KEY_4,1090007602,마들로11길,1090002703,농협창동유통센터앞교차로,127.0532009362000849_37.6544173179488553,1090010202,극동방송문화센터,127.0519660382969249_37.6542002295480955,112.0,14.0,정체,127.0519660382969249_37.6542002295480955|127.0522609278935562_37.6542727675418547|127.0525663592483170_37.6543361556009444|127.0528630944293980_37.6543783989066441|127.0532009362000849_37.6544173179488553
2026-09-04T03:35:30.187978+09:00,창동 신경제 중심지,창동 신경제 중심지,POI079,KEY_4,1090007901,노해로69길,1090010104,창동견인차량보관소,127.0505309856881695_37.6539579953053831,1090010603,환승주차장앞교차로,127.0500190410047310_37.6553009753965853,156.0,6.0,정체,127.0500190410047310_37.6553009753965853|127.0505309856881695_37.6539579953053831
2026-09-04T03:35:30.187978+09:00,창동 신경제 중심지,창동 신경제 중심지,POI079,KEY_4,1090008001,노해로69길,1090010602,환승주차장앞교차로,127.0501493968661464_37.6553317759183273,1090010101,창동견인차량보관소,127.0506608950045546_37.6539899638653495,156.0,24.0,서행,127.0506608950045546_37.6539899638653495|127.0501493968661464_37.6553317759183273
2026-09-04T03:35:30.187978+09:00,창동 신경제 중심지,창동 신경제 중심지,POI079,KEY_4,1090008002,노해로69길,1090039000,창동 808,127.0498866526589694_37.6582834096207364,1090010601,환승주차장앞교차로,127.0501093119601137_37.6554351045767106,320.0,24.0,서행,127.0501093119601137_37.6554351045767106|127.0498394187731890_37.6561185154286520|127.0498064469087751_37.6562513368248304|127.0497820437332734_37.6563946402228211|127.0497734293798260_37.6565485072733139|127.0497823736429837_37.6567003595224250|127.0498049658418580_37.6570426966649023|127.0498750568326187_37.6581047575258054|127.0498866526589694_37.6582834096207364
2026-09-04T03:35:30.187978+09:00,창동 신경제 중심지,창동 신경제 중심지,POI079,KEY_4,1090008003,노해로69길,1090003202,창동운동장앞교차로,127.0500176890655410_37.6599226131206208,1090012501,자운고등학교,127.0499559426194054_37.6593448583809760,64.0,13.0,정체,127.0499559426194054_37.6593448583809760|127.0499875040031696_37.6597610720166642|127.0500176890655410_37.6599226131206208
2026-09-04T03:35:30.187978+09:00,창동 신경제 중심지,창동 신경제 중심지,POI079,KEY_4,1090008501,마들로,1090002704,농협창동유통센터앞교차로,127.0531926661678455_37.6545256121384426,1090010803,창동열린극장교차로,127.0529077492178516_37.6559697981116415,162.0,51.0,원활,127.0529077492178516_37.6559697981116415|127.0529376525054204_37.6558251484242135|127.0529841751127407_37.6556292846411438|127.0530453407864542_37.6553546089362499|127.0531064381076902_37.6550912000013511|127.0531444844696978_37.6548907962926123|127.0531593169806825_37.6547804390951910|127.0531926661678455_37.6545256121384426
2026-09-04T03:35:30.187978+09:00,창동 신경제 중심지,창동 신경제 중심지,POI079,KEY_4,1090008503,마들로,1090042100,최소노드배치점,127.0517360672634197_37.6581815582025214,1090003202,창동운동장앞교차로,127.0500176890655410_37.6599226131206208,254.0,38.0,원활,127.0500176890655410_37.6599226131206208|127.0508493795606171_37.6594946644890030|127.0509575857941371_37.6594117031579572|127.0510758541167036_37.6593051199380682|127.0511528967889348_37.6592197861152442|127.0512329221193397_37.6591096766521360|127.0513861306880159_37.6588488722121966|127.0517360672634197_37.6581815582025214
2026-09-04T03:35:30.187978+09:00,창동 신경제 중심지,창동 신경제 중심지,POI079,KEY_4,1090008601,마들로,1090010802,창동열린극장교차로,127.0532024456634161_37.6560310399620732,1090002701,농협창동유통센터앞교차로,127.0535074980332269_37.6545489567895331,167.0,48.0,원활,127.0535074980332269_37.6545489567895331|127.0534795413420852_37.6547872850787826|127.0534280946085346_37.6550957975282401|127.0533595691476023_37.6554166394989380|127.0533201267756453_37.6556136570978808|127.0532649139748997_37.6558410349877803|127.0532024456634161_37.6560310399620732
2026-09-04T03:35:30.187978+09:00,창동 신경제 중심지,창동 신경제 중심지,POI079,KEY_4,1090008602,마들로,1090042200,최소노드배치점,127.0520531168905620_37.6582813526645026,1090010801,창동열린극장교차로,127.0531581856521797_37.6561522353032387,256.0,40.0,원활,127.0531581856521797_37.6561522353032387|127.0531323122794021_37.6562123336710997|127.0523052489814688_37.6577741420476073|127.0520531168905620_37.6582813526645026
2026-09-04T03:35:30.187978+09:00,창동 신경제 중심지,창동 신경제 중심지,POI079,KEY_4,1090009601,마들로,1090013401,창동 167-4,127.0489118939009217_37.6606289572230395,1090003204,창동운동장앞교차로,127.0499638421036508_37.6600794154383038,111.0,43.0,원활,127.0499638421036508_37.6600794154383038|127.0491745243841279_37.6604917596906716|127.0489118939009217_37.6606289572230395
2026-09-04T03:35:30.187978+09:00,창동 신경제 중심지,창동 신경제 중심지,POI079,KEY_4,1090009602,마들로,1090013501,창동 167-4,127.0476185886963236_37.6612891364181976,1090013404,창동 167-4,127.0487938245867099_37.6606897192368280,123.0,41.0,원활,127.0487938245867099_37.6606897192368280|127.0476185886963236_37.6612891364181976
2026-09-04T03:35:30.187978+09:00,창동 신경제 중심지,창동 신경제 중심지,POI079,KEY_4,1090009603,마들로,1090083700,창동 754-10,127.0468372888467457_37.6619114992761084,1090013504,창동 167-4,127.0475032887600975_37.6613477181105623,88.0,10.0,정체,127.0475032887600975_37.6613477181105623|127.0472771897853903_37.6614620891754441|127.0471587901959793_37.6615381920083365|127.0470377681162120_37.6616381330299035|127.0469427338822612_37.6617407719362305|127.0468606043055502_37.6618642498403560|127.0468372888467457_37.6619114992761084
2026-09-04T03:35:30.187978+09:00,창동 신경제 중심지,창동 신경제 중심지,POI079,KEY_4,1090019100,노해로,1090007901,이마트사거리,127.0467105834980970_37.6513747627778059,1090008302,창동삼성아파트,127.0478413401837798_37.6517150240130505,107.0,7.0,정체,127.0478413401837798_37.6517150240130505|127.0468852696467792_37.6514752569527573|127.0467105834980970_37.6513747627778059
2026-09-04T03:35:30.187978+09:00,창동 신경제 중심지,창동 신경제 중심지,POI079,KEY_4,1090019200,노해로,1090008104,서울북부지방법원등기국,127.0438886664260849_37.6514273575234313,1090008503,서울북부광역등기소,127.0438186184817511_37.6516245484087051,23.0,8.0,정체,127.0438186184817511_37.6516245484087051|127.0438886664260849_37.6514273575234313
2026-09-04T03:35:30.187978+09:00,창동 신경제 중심지,창동 신경제 중심지,POI079,KEY_4,1090019300,노해로,1090008502,서울북부광역등기소,127.0439494827538027_37.6516539354643385,1090008101,서울북부지방법원등기국,127.0440396816365904_37.6514000141311485,29.0,34.5,원활,127.0440396816365904_37.6514000141311485|127.0439494827538027_37.6516539354643385
2026-09-04T03:35:30.187978+09:00,창동 신경제 중심지,창동 신경제 중심지,POI079,KEY_4,1090019400,노해로65길,1090008603,이마트사거리,127.0464522437678454_37.6516561121472435,1090008502,서울북부광역등기소,127.0439494827538027_37.6516539354643385,238.0,9.0,정체,127.0439494827538027_37.6516539354643385|127.0446064750200179_37.6517989522029097|127.0446611672751658_37.6516566609137939|127.0453248260477750_37.6515398179121235|127.0453528909836933_37.6515390822929490|127.0458583619068094_37.6515258320844879|127.0464522437678454_37.6516561121472435
2026-09-04T03:35:30.187978+09:00,창동 신경제 중심지,창동 신경제 중심지,POI079,KEY_4,1090019700,노해로,1090007901,이마트사거리,127.0467105834980970_37.6513747627778059,1090021802,창동지하차도(동측),127.0502642079050020_37.6522089617535656,327.0,43.0,원활,127.0502642079050020_37.6522089617535656|127.0492794810403296_37.6519793948467267|127.0478628390599738_37.6516637304484831|127.0467105834980970_37.6513747627778059
2026-09-04T03:35:30.187978+09:00,창동 신경제 중심지,창동 신경제 중심지,POI079,KEY_4,1090020100,노해로,1090008504,서울북부광역등기소,127.0437810875314142_37.6517260258120885,1090009303,서울특별시북부교육지원청,127.0436075256318276_37.6521768084206414,52.0,45.0,원활,127.0436075256318276_37.6521768084206414|127.0437810875314142_37.6517260258120885
2026-09-04T03:35:30.187978+09:00,창동 신경제 중심지,창동 신경제 중심지,POI079,KEY_4,1090020200,노해로,1090009302,서울특별시북부교육지원청,127.0437381625268358_37.6522068735649924,1090008501,서울북부광역등기소,127.0439111151810465_37.6517576736682713,52.0,36.0,원활,127.0439111151810465_37.6517576736682713|127.0437381625268358_37.6522068735649924
2026-09-04T03:35:30.187978+09:00,창동 신경제 중심지,창동 신경제 중심지,POI079,KEY_4,1090020401,노해로,1090008802,도봉구보건소,127.0492599596684897_37.6520311788763564,1090021802,창동지하차도(동측),127.0502642079050020_37.6522089617535656,91.0,30.0,원활,127.0502642079050020_37.6522089617535656|127.0499849615824104_37.6522002013272115|127.0492599596684897_37.6520311788763564
2026-09-04T03:35:30.187978+09:00,창동 신경제 중심지,창동 신경제 중심지,POI079,KEY_4,1090020402,노해로,1090021802,창동지하차도(동측),127.0502642079050020_37.6522089617535656,1090009604,창4동주민센터앞교차로,127.0511276330638708_37.6524201902091278,80.0,19.0,서행,127.0511276330638708_37.6524201902091278|127.0502642079050020_37.6522089617535656
2026-09-04T03:35:30.187978+09:00,창동 신경제 중심지,창동 신경제 중심지,POI079,KEY_4,1090021200,해등로12길,1090063400,창동 313,127.0431136629325550_37.6531307651280258,1090009401,창동아파트2단지,127.0440490804142541_37.6523926268145033,126.0,36.0,원활,127.0440490804142541_37.6523926268145033|127.0439692149368796_37.6526054232594589|127.0438831887744442_37.6527865510112463|127.0437970826860692_37.6528651036506545|127.0436583473597949_37.6529506340044122|127.0435754939003203_37.6529819611717400|127.0435278911139250_37.6529938875997772|127.0432585397479528_37.6530613706037016|127.0431136629325550_37.6531307651280258
2026-09-04T03:35:30.187978+09:00,창동 신경제 중심지,창동 신경제 중심지,POI079,KEY_4,1090021400,노해로,1090041600,창동 17,127.0523219613917831_37.6532076459143141,1090009801,창4동주민센터,127.0524751925225360_37.6527803127579261,49.0,7.0,정체,127.0524751925225360_37.6527803127579261|127.0523219613917831_37.6532076459143141
2026-09-04T03:35:30.187978+09:00,창동 신경제 중심지,창동 신경제 중심지,POI079,KEY_4,1090021500,마들로11길,1090010103,창동견인차량보관소,127.0505700041465218_37.6538544201770620,1090010303,창동견인보관소앞,127.0477370548599367_37.6547730543022183,334.0,13.0,정체,127.0477370548599367_37.6547730543022183|127.0477658279710056_37.6547196018357795|127.0480897917361744_37.6539206204484387|127.0490340243173364_37.6535484764502826|127.0491908326687991_37.6535176660388800|127.0505700041465218_37.6538544201770620
2026-09-04T03:35:30.187978+09:00,창동 신경제 중심지,창동 신경제 중심지,POI079,KEY_4,1090021600,마들로11길,1090010302,창동견인보관소앞,127.0478788220612643_37.6547844833917438,1090010104,창동견인차량보관소,127.0505309856881695_37.6539579953053831,312.0,8.0,정체,127.0505309856881695_37.6539579953053831|127.0491869029716554_37.6536298084694820|127.0490810918604581_37.6536505985642478|127.0482016102326384_37.6539972231940396|127.0478933258012404_37.6547575391619631|127.0478788220612643_37.6547844833917438
2026-09-04T03:35:30.187978+09:00,창동 신경제 중심지,창동 신경제 중심지,POI079,KEY_4,1090022000,노해로63가길,1090140200,창동 253-1,127.0454165223832916_37.6545743006389628,1090009701,창동 325,127.0451951244152013_37.6526717189787234,214.0,36.0,원활,127.0451951244152013_37.6526717189787234|127.0451933896516010_37.6528373394430531|127.0451890627641234_37.6532504307674429|127.0451861866165615_37.6533547132366593|127.0451749203609921_37.6537631988765753|127.0451653221435322_37.6538501693338503|127.0451644817283636_37.6538577844143987|127.0451689381018952_37.6539035616293987|127.0452793210056939_37.6542058634360899|127.0453865833976579_37.6544996167404804|127.0454165223832916_37.6545743006389628
2026-09-04T03:35:30.187978+09:00,창동 신경제 중심지,창동 신경제 중심지,POI079,KEY_4,1090022100,마들로13길,1090080600,창동 1-12,127.0484109742130983_37.6549129102225990,1090010302,창동견인보관소앞,127.0478788220612643_37.6547844833917438,49.0,11.0,정체,127.0478788220612643_37.6547844833917438|127.0484109742130983_37.6549129102225990
2026-09-04T03:35:30.187978+09:00,창동 신경제 중심지,창동 신경제 중심지,POI079,KEY_4,1090022200,마들로13길,1090010301,창동견인보관소앞,127.0478249942618305_37.6548844814536636,1090010604,환승주차장앞교차로,127.0499789468198060_37.6554042879631865,199.0,20.0,서행,127.0499789468198060_37.6554042879631865|127.0488958360466967_37.6551429101195723|127.0483714753540312_37.6550163664097539|127.0478249942618305_37.6548844814536636
2026-09-04T03:35:30.187978+09:00,창동 신경제 중심지,창동 신경제 중심지,POI079,KEY_4,1090022700,마들로13길,1090025300,창동 1-12,127.0515185622562058_37.6556484809023360,1090010602,환승주차장앞교차로,127.0501493968661464_37.6553317759183273,126.0,11.0,정체,127.0501493968661464_37.6553317759183273|127.0515185622562058_37.6556484809023360
2026-09-04T03:35:30.187978+09:00,창동 신경제 중심지,창동 신경제 중심지,POI079,KEY_4,1090022800,마들로13길,1090010601,환승주차장앞교차로,127.0501093119601137_37.6554351045767106,1090010804,창동열린극장교차로,127.0528664193991801_37.6560728389500241,253.0,9.0,정체,127.0528664193991801_37.6560728389500241|127.0514805729431913_37.6557522943419443|127.0501093119601137_37.6554351045767106
2026-09-04T03:35:30.187978+09:00,창동 신경제 중심지,창동 신경제 중심지,POI079,KEY_4,1090023100,마들로13길,1090010303,창동견인보관소앞,127.0477370548599367_37.6547730543022183,1090011703,자운초교앞,127.0458329161900934_37.6581275500630355,413.0,25.0,원활,127.0458329161900934_37.6581275500630355|127.0462289135254110_37.6572813650045433|127.0463932541250500_37.6568944512451935|127.0465563232358051_37.6564268331624419|127.0472421607888691_37.6553884746299161|127.0474581288074347_37.6550614920549407|127.0476011819743576_37.6548366960861500|127.0476614770812205_37.6547887097468248|127.0477370548599367_37.6547730543022183
2026-09-04T03:35:30.187978+09:00,창동 신경제 중심지,창동 신경제 중심지,POI079,KEY_4,1090023200,마들로13길,1090113200,창동 135-84,127.0473625603757881_37.6554387405282114,1090010304,창동견인보관소앞,127.0476693650736166_37.6548988028347651,66.0,24.0,서행,127.0476693650736166_37.6548988028347651|127.0475790072573972_37.6551110325286515|127.0473625603757881_37.6554387405282114
2026-09-04T03:35:30.187978+09:00,창동 신경제 중심지,창동 신경제 중심지,POI079,KEY_4,1090025500,마들로13길,1090011704,자운초교앞,127.0457848371309240_37.6582173762313985,1090012903,창동 182-42,127.0452405267065643_37.6594275559219440,143.0,26.0,원활,127.0452405267065643_37.6594275559219440|127.0452856378431363_37.6592700887861511|127.0454740499835680_37.6587549827164807|127.0455877139170866_37.6585375202288759|127.0457848371309240_37.6582173762313985
2026-09-04T03:35:30.187978+09:00,창동 신경제 중심지,창동 신경제 중심지,POI079,KEY_4,1090025600,마들로13길,1090012902,창동 181-43,127.0453731275255507_37.6594515649138302,1090011701,자운초교앞,127.0459069829019256_37.6582649115694394,140.0,24.0,서행,127.0459069829019256_37.6582649115694394|127.0457116955399357_37.6585820735511234|127.0456025303731451_37.6587909309425939|127.0454173469814236_37.6592972108555131|127.0453731275255507_37.6594515649138302
2026-09-04T03:35:30.187978+09:00,창동 신경제 중심지,창동 신경제 중심지,POI079,KEY_4,1090026700,도봉로136길,1090013301,가인지하차도(동측),127.0467851587121118_37.6601264554493653,1090012401,가인지하차도(서측),127.0434019690758447_37.6592482191792328,323.0,45.0,원활,127.0434019690758447_37.6592482191792328|127.0449459729015445_37.6594408745348090|127.0452889685188040_37.6594937760274107|127.0459094737849597_37.6595883924112016|127.0460871253542479_37.6596493826614847|127.0462164208273634_37.6597119908414797|127.0463552639532452_37.6597916263826491|127.0465013091322248_37.6598868585154847|127.0466299946581330_37.6599841362507490|127.0467851587121118_37.6601264554493653
2026-09-04T03:35:30.187978+09:00,창동 신경제 중심지,창동 신경제 중심지,POI079,KEY_4,1090026800,도봉로136길,1090012402,가인지하차도(서측),127.0433808066038495_37.6593550194173048,1090013302,가인지하차도(동측),127.0466786690014942_37.6601935346289025,314.0,41.0,원활,127.0466786690014942_37.6601935346289025|127.0465315242048092_37.6600588908333620|127.0464112099059975_37.6599679417970634|127.0462722745903932_37.6598773459194049|127.0461411508791230_37.6598021364880324|127.0460244898846156_37.6597456490715601|127.0458692292156115_37.6596923435053981|127.0452632093449523_37.6595999359672575|127.0449224698914605_37.6595473831225434|127.0433808066038495_37.6593550194173048
2026-09-04T03:35:30.187978+09:00,창동 신경제 중심지,창동 신경제 중심지,POI079,KEY_4,1090027300,도봉로136길,1090013301,가인지하차도(동측),127.0467851587121118_37.6601264554493653,1090012902,창동 181-43,127.0453731275255507_37.6594515649138302,153.0,38.0,원활,127.0453731275255507_37.6594515649138302|127.0459295954603931_37.6595364159575396|127.0461184430292576_37.6596012507948927|127.0462540574332451_37.6596669179990613|127.0463967585631337_37.6597487665919459|127.0465463603726590_37.6598463181993139|127.0466561771203970_37.6599293322028927|127.0466792286765667_37.6599467575772948|127.0467851587121118_37.6601264554493653
2026-09-04T03:35:30.187978+09:00,창동 신경제 중심지,창동 신경제 중심지,POI079,KEY_4,1090027400,도봉로136길,1090012901,창동 181-33,127.0453095442338025_37.6596620454681101,1090013302,가인지하차도(동측),127.0466786690014942_37.6601935346289025,138.0,26.0,원활,127.0466786690014942_37.6601935346289025|127.0464822889049401_37.6600962694450274|127.0464497241137707_37.6600716525110428|127.0463661585185804_37.6600084820608672|127.0462307798373871_37.6599202056654789|127.0461035141367887_37.6598472092934813|127.0459931720883304_37.6597937809121106|127.0458491074561209_37.6597443199474213|127.0453095442338025_37.6596620454681101
2026-09-04T03:35:30.187978+09:00,창동 신경제 중심지,창동 신경제 중심지,POI079,KEY_4,1090028600,마들로13길,1090012904,창동 182-42,127.0451777079419315_37.6596355056669410,1090015003,방학동이수아파트,127.0447749280397005_37.6626683866843237,339.0,36.0,원활,127.0447749280397005_37.6626683866843237|127.0447781799507965_37.6625605684919194|127.0448094776364343_37.6622725926075290|127.0448330271749455_37.6620559074054384|127.0448660408917902_37.6617521377958155|127.0449787657496898_37.6607266113725672|127.0450308716217052_37.6602367359613410|127.0451179019524801_37.6598232692942716|127.0451777079419315_37.6596355056669410
2026-09-04T03:35:30.187978+09:00,창동 신경제 중심지,창동 신경제 중심지,POI079,KEY_4,1090028700,마들로13길,1090048100,창동 752-1,127.0449685240468511_37.6620652137489174,1090012901,창동 181-33,127.0453095442338025_37.6596620454681101,269.0,36.0,원활,127.0453095442338025_37.6596620454681101|127.0452511118152614_37.6598454986423690|127.0451659196911294_37.6602502350921071|127.0451142654643348_37.6607358721721113|127.0450015311825638_37.6617614969333161|127.0449685240468511_37.6620652137489174
2026-09-04T03:35:30.187978+09:00,창동 신경제 중심지,창동 신경제 중심지,POI079,KEY_4,1090028800,방학로,1090107800,창동 744-14,127.0489627249143183_37.6608726014257869,1090013401,창동 167-4,127.0489118939009217_37.6606289572230395,28.0,44.0,원활,127.0489118939009217_37.6606289572230395|127.0489498056694089_37.6607209344841678|127.0489678202076931_37.6608041551679591|127.0489627249143183_37.6608726014257869
2026-09-04T03:35:30.187978+09:00,창동 신경제 중심지,창동 신경제 중심지,POI079,KEY_4,1090045500,노해로,1090009901,도봉경찰서앞교차로,127.0535457248374058_37.6529848170747670,1100036102,도봉구-노원구,127.0542201693494775_37.6530495292574159,60.0,26.0,원활,127.0542201693494775_37.6530495292574159|127.0535457248374058_37.6529848170747670
2026-09-04T03:35:30.187978+09:00,창동 신경제 중심지,창동 신경제 중심지,POI079,KEY_4,1100003501,동일로,1100118800,상계동 729,127.0607516169090445_37.6535093850099329,1100037200,노원역6번출구,127.0606630381764859_37.6538422534128969,38.0,22.0,서행,127.0606630381764859_37.6538422534128969|127.0607516169090445_37.6535093850099329
2026-09-04T03:35:30.187978+09:00,창동 신경제 중심지,창동 신경제 중심지,POI079,KEY_4,1100003502,동일로,1100037200,노원역6번출구,127.0606630381764859_37.6538422534128969,1100037803,노원역,127.0605624598929069_37.6542202110494344,43.0,22.0,서행,127.0605624598929069_37.6542202110494344|127.0606630381764859_37.6538422534128969
2026-09-04T03:35:30.187978+09:00,창동 신경제 중심지,창동 신경제 중심지,POI079,KEY_4,1100003601,동일로,1100118900,상계동 729,127.0608846580693978_37.6535317641635459,1100035101,상계2-6단지교차로,127.0614219272701604_37.6515126919265697,229.0,29.0,원활,127.0614219272701604_37.6515126919265697|127.0608846580693978_37.6535317641635459
2026-09-04T03:35:30.187978+09:00,창동 신경제 중심지,창동 신경제 중심지,POI079,KEY_4,1100003602,동일로,1100037802,노원역,127.0606939292530768_37.6542485022336564,1100037300,노원역5번출구,127.0607960800482061_37.6538646319994967,44.0,46.0,원활,127.0607960800482061_37.6538646319994967|127.0606939292530768_37.6542485022336564
2026-09-04T03:35:30.187978+09:00,창동 신경제 중심지,창동 신경제 중심지,POI079,KEY_4,1100003803,동부간선도로,1100037402,노원지하차도(북측),127.0551494676314945_37.6548162517717628,1100036201,창동교앞교차로,127.0552628560590733_37.6531854240254873,181.0,31.0,서행,127.0552628560590733_37.6531854240254873|127.0552456307809450_37.6533636469401856|127.0552101207977955_37.6538556847095762|127.0551835032701860_37.6543636332209246|127.0551494676314945_37.6548162517717628
2026-09-04T03:35:30.187978+09:00,창동 신경제 중심지,창동 신경제 중심지,POI079,KEY_4,1100003901,동일로,1100037804,노원역,127.0605341697180251_37.6543260636008839,1100038700,노원역,127.0604128401212449_37.6547779132650504,51.0,21.0,서행,127.0604128401212449_37.6547779132650504|127.0605341697180251_37.6543260636008839
2026-09-04T03:35:30.187978+09:00,창동 신경제 중심지,창동 신경제 중심지,POI079,KEY_4,1100003902,동일로,1100038700,노원역,127.0604128401212449_37.6547779132650504,1100039503,노원역앞교차로,127.0602010162035356_37.6555667697837535,90.0,24.0,서행,127.0602010162035356_37.6555667697837535|127.0604128401212449_37.6547779132650504
2026-09-04T03:35:30.187978+09:00,창동 신경제 중심지,창동 신경제 중심지,POI079,KEY_4,1100004001,동일로,1100038900,노원역3번출구,127.0605458327495398_37.6548004858661827,1100037801,노원역,127.0606655841639991_37.6543545069205265,51.0,21.0,서행,127.0606655841639991_37.6543545069205265|127.0605458327495398_37.6548004858661827
2026-09-04T03:35:30.187978+09:00,창동 신경제 중심지,창동 신경제 중심지,POI079,KEY_4,1100004002,동일로,1100039502,노원역앞교차로,127.0603323409069105_37.6555955551666415,1100038900,노원역3번출구,127.0605458327495398_37.6548004858661827,90.0,14.0,정체,127.0605458327495398_37.6548004858661827|127.0603323409069105_37.6555955551666415
2026-09-04T03:35:30.187978+09:00,창동 신경제 중심지,창동 신경제 중심지,POI079,KEY_4,1100029501,노해로,1100037801,노원역,127.0606655841639991_37.6543545069205265,1100038000,노원역4번출구,127.0611922548889794_37.6544740751006302,48.0,27.0,원활,127.0611922548889794_37.6544740751006302|127.0606655841639991_37.6543545069205265
2026-09-04T03:35:30.187978+09:00,창동 신경제 중심지,창동 신경제 중심지,POI079,KEY_4,1100004201,동부간선도로,1100043101,상계지하차도(남측),127.0531634037664475_37.6594394033891433,1100037401,노원지하차도(북측),127.0550810735712162_37.6548136821399666,544.0,46.0,서행,127.0550810735712162_37.6548136821399666|127.0550754183786353_37.6548876545282312|127.0550350064868041_37.6552723414702726|127.0549942605154996_37.6555073222257377|127.0549352651446071_37.6557679705295314|127.0548623434530811_37.6559895280506751|127.0547626410769055_37.6562386436802115|127.0546675664509024_37.6564477895056200|127.0538272151033539_37.6581441321275960|127.0535934935571163_37.6585986829488846|127.0533198010285787_37.6591310330955693|127.0532160703950382_37.6593465262757903|127.0531634037664475_37.6594394033891433
2026-09-04T03:35:30.187978+09:00,창동 신경제 중심지,창동 신경제 중심지,POI079,KEY_4,1100004202,동부간선로,1100044002,상계교교차로,127.0525798753311761_37.6616411735135159,1100043102,상계지하차도(남측),127.0532250211979317_37.6594615199293088,251.0,21.0,정체,127.0532250211979317_37.6594615199293088|127.0531517721649379_37.6595913943188663|127.0528975679072374_37.6600530138720373|127.0528163525555527_37.6602266198494746|127.0527703698594024_37.6603765367210812|127.0527359662938949_37.6605618650752021|127.0525798753311761_37.6616411735135159
2026-09-04T03:35:30.187978+09:00,창동 신경제 중심지,창동 신경제 중심지,POI079,KEY_4,1100004304,동일로,1100093400,상계동 694-1,127.0595508065029549_37.6580171134395840,1100041708,용화여자고등학교,127.0591558684395892_37.6595067387207934,169.0,44.0,원활,127.0591558684395892_37.6595067387207934|127.0594096658789312_37.6585508591550990|127.0594376678546524_37.6584451578996706|127.0595508065029549_37.6580171134395840
2026-09-04T03:35:30.187978+09:00,창동 신경제 중심지,창동 신경제 중심지,POI079,KEY_4,1100004401,동일로,1100185600,상계동 694-1,127.0601844029978480_37.6561522066921412,1100039501,노원역앞교차로,127.0603040465450704_37.6557015653982390,51.0,48.0,원활,127.0603040465450704_37.6557015653982390|127.0601844029978480_37.6561522066921412
2026-09-04T03:35:30.187978+09:00,창동 신경제 중심지,창동 신경제 중심지,POI079,KEY_4,1100004702,동부간선로,1100044004,상계교교차로,127.0523149905146738_37.6617776542323384,1100044402,상계지하차도(북측),127.0520378561055281_37.6642215993765177,272.0,53.0,원활,127.0520378561055281_37.6642215993765177|127.0521212250492056_37.6635823328015462|127.0522193701827547_37.6625462296288589|127.0522777575375244_37.6620180125495523|127.0523149905146738_37.6617776542323384
2026-09-04T03:35:30.187978+09:00,창동 신경제 중심지,창동 신경제 중심지,POI079,KEY_4,1100004802,동부간선도로,1100002702,상계동699,127.0523840965415587_37.6643456310184632,1100044001,상계교교차로,127.0525935255395922_37.6617487454504882,291.0,51.5,원활,127.0525935255395922_37.6617487454504882|127.0525483028963407_37.6620406979734881|127.0524904805265578_37.6625638117754420|127.0523921692619922_37.6636017117993660|127.0523115180185556_37.6642197151095530|127.0523445020438800_37.6642879542847595|127.0523840965415587_37.6643456310184632
2026-09-04T03:35:30.187978+09:00,창동 신경제 중심지,창동 신경제 중심지,POI079,KEY_4,1100027502,동일로215길,1100088500,상계동 744,127.0607971399296048_37.6513759115603364,1100035104,상계2-6단지교차로,127.0612907362999096_37.6514833723335016,45.0,31.0,원활,127.0612907362999096_37.6514833723335016|127.0607971399296048_37.6513759115603364
2026-09-04T03:35:30.187978+09:00,창동 신경제 중심지,창동 신경제 중심지,POI079,KEY_4,1100028502,노해로,1100036102,도봉구-노원구,127.0542201693494775_37.6530495292574159,1100036204,창동교앞교차로,127.0549921462478125_37.6531412853505643,69.0,16.0,서행,127.0549921462478125_37.6531412853505643|127.0542201693494775_37.6530495292574159
2026-09-04T03:35:30.187978+09:00,창동 신경제 중심지,창동 신경제 중심지,POI079,KEY_4,1100028703,노해로,1100160200,상계동 739,127.0568037160892487_37.6535154115881099,1100037004,상계6동우체국,127.0575257719759037_37.6536755591483541,66.0,48.0,원활,127.0575257719759037_37.6536755591483541|127.0568037160892487_37.6535154115881099
2026-09-04T03:35:30.187978+09:00,창동 신경제 중심지,창동 신경제 중심지,POI079,KEY_4,1100028704,노해로,1100037001,상계6동우체국,127.0576567470603919_37.6537047057676091,1100037504,현대증권빌딩,127.0593355635265027_37.6540794845506213,154.0,41.0,원활,127.0593355635265027_37.6540794845506213|127.0576567470603919_37.6537047057676091
2026-09-04T03:35:30.187978+09:00,창동 신경제 중심지,창동 신경제 중심지,POI079,KEY_4,1100028705,노해로,1100037501,현대증권빌딩,127.0594668905893343_37.6541075996395733,1100037700,노원역7번출구,127.0599891684443605_37.6542145073474472,48.0,41.0,원활,127.0599891684443605_37.6542145073474472|127.0594668905893343_37.6541075996395733
2026-09-04T03:35:30.187978+09:00,창동 신경제 중심지,창동 신경제 중심지,POI079,KEY_4,1100028706,노해로,1100037700,노원역7번출구,127.0599891684443605_37.6542145073474472,1100037804,노원역,127.0605341697180251_37.6543260636008839,50.0,42.3,원활,127.0605341697180251_37.6543260636008839|127.0599891684443605_37.6542145073474472
2026-09-04T03:35:30.187978+09:00,창동 신경제 중심지,창동 신경제 중심지,POI079,KEY_4,1100028803,노해로,1100037600,노원역7번출구,127.0600230742874572_37.6541098040533271,1100037002,상계6동우체국,127.0576932921409679_37.6536005651398114,213.0,26.0,원활,127.0576932921409679_37.6536005651398114|127.0593723237605417_37.6539753916879150|127.0595007964826095_37.6540028963630675|127.0600230742874572_37.6541098040533271
2026-09-04T03:35:30.187978+09:00,창동 신경제 중심지,창동 신경제 중심지,POI079,KEY_4,1100028805,노해로,1100037803,노원역,127.0605624598929069_37.6542202110494344,1100037600,노원역7번출구,127.0600230742874572_37.6541098040533271,49.0,14.0,정체,127.0600230742874572_37.6541098040533271|127.0605624598929069_37.6542202110494344
2026-09-04T03:35:30.187978+09:00,창동 신경제 중심지,창동 신경제 중심지,POI079,KEY_4,1100029502,노해로,1100038000,노원역4번출구,127.0611922548889794_37.6544740751006302,1100038304,롯데백화점(노원점),127.0617632535381034_37.6546037047608451,52.0,8.0,정체,127.0617632535381034_37.6546037047608451|127.0611922548889794_37.6544740751006302
2026-09-04T03:35:30.187978+09:00,창동 신경제 중심지,창동 신경제 중심지,POI079,KEY_4,1100029505,노해로,1100103700,상계동 719,127.0661512914501827_37.6555939228266112,1100039604,상계6·7동주민센터앞교차로,127.0669426069039787_37.6557717283692170,73.0,35.0,원활,127.0669426069039787_37.6557717283692170|127.0661512914501827_37.6555939228266112
2026-09-04T03:35:30.187978+09:00,창동 신경제 중심지,창동 신경제 중심지,POI079,KEY_4,1100029506,노해로,1100038802,한국통신상계,127.0632123465894381_37.6549326661265553,1100038809,상계동323-18,127.0644139438269349_37.6552035258636266,110.0,28.0,원활,127.0644139438269349_37.6552035258636266|127.0635781881673267_37.6550157137258239|127.0632123465894381_37.6549326661265553
2026-09-04T03:35:30.187978+09:00,창동 신경제 중심지,창동 신경제 중심지,POI079,KEY_4,1100029601,노해로,1100037900,노원역4번출구,127.0612295934649723_37.6543701129946840,1100037802,노원역,127.0606939292530768_37.6542485022336564,49.0,17.0,서행,127.0606939292530768_37.6542485022336564|127.0612295934649723_37.6543701129946840
2026-09-04T03:35:30.187978+09:00,창동 신경제 중심지,창동 신경제 중심지,POI079,KEY_4,1100029602,노해로,1100038303,롯데백화점(노원점),127.0618005912647845_37.6544997424504331,1100037900,노원역4번출구,127.0612295934649723_37.6543701129946840,52.0,17.0,서행,127.0612295934649723_37.6543701129946840|127.0618005912647845_37.6544997424504331
2026-09-04T03:35:30.187978+09:00,창동 신경제 중심지,창동 신경제 중심지,POI079,KEY_4,1100029605,노해로,1100038808,상계동323-18,127.0644509316282296_37.6550994845618874,1100038803,한국통신상계,127.0632496825551527_37.6548287033200779,110.0,17.0,서행,127.0632496825551527_37.6548287033200779|127.0636153513994913_37.6549117113266902|127.0644509316282296_37.6550994845618874
2026-09-04T03:35:30.187978+09:00,창동 신경제 중심지,창동 신경제 중심지,POI079,KEY_4,1100029701,상계로,1100038102,노원지하차도,127.0552186408102813_37.6546214256784779,1100038604,속성변화점,127.0557908711694211_37.6547236267635412,52.0,44.0,원활,127.0557908711694211_37.6547236267635412|127.0553671834377667_37.6546338968271357|127.0552186408102813_37.6546214256784779
2026-09-04T03:35:30.187978+09:00,창동 신경제 중심지,창동 신경제 중심지,POI079,KEY_4,1100029702,상계로,1100038604,속성변화점,127.0557908711694211_37.6547236267635412,1100039104,노원구보건소,127.0570870474215752_37.6550080356744132,119.0,36.0,원활,127.0570870474215752_37.6550080356744132|127.0559208786339127_37.6547516866268239|127.0557908711694211_37.6547236267635412
2026-09-04T03:35:30.187978+09:00,창동 신경제 중심지,창동 신경제 중심지,POI079,KEY_4,1100029703,상계로,1100039101,노원구보건소,127.0572186143952251_37.6550367765186706,1100039404,상계동 739-4,127.0588643202721642_37.6553939512818587,151.0,37.0,원활,127.0588643202721642_37.6553939512818587|127.0572186143952251_37.6550367765186706
2026-09-04T03:35:30.187978+09:00,창동 신경제 중심지,창동 신경제 중심지,POI079,KEY_4,1100029704,상계로,1100039401,상계동 739-4,127.0589962601925151_37.6554223038178080,1100039504,노원역앞교차로,127.0601727301481390_37.6556726739564454,107.0,39.0,원활,127.0601727301481390_37.6556726739564454|127.0589962601925151_37.6554223038178080
2026-09-04T03:35:30.187978+09:00,창동 신경제 중심지,창동 신경제 중심지,POI079,KEY_4,1100029801,상계로,1100038603,노원구청,127.0558258743156728_37.6546191522476619,1100038101,노원지하차도,127.0552330818509006_37.6545130739862657,54.0,7.0,정체,127.0552330818509006_37.6545130739862657|127.0553919493096799_37.6545272539378431|127.0558258743156728_37.6546191522476619
2026-09-04T03:35:30.187978+09:00,창동 신경제 중심지,창동 신경제 중심지,POI079,KEY_4,1100029802,상계로,1100039103,노원구보건소,127.0571232861294249_37.6549038277198562,1100038602,노원구청,127.0559571188478429_37.6546474790247601,107.0,29.0,원활,127.0559571188478429_37.6546474790247601|127.0571232861294249_37.6549038277198562
2026-09-04T03:35:30.187978+09:00,창동 신경제 중심지,창동 신경제 중심지,POI079,KEY_4,1100029803,상계로,1100039403,상계동 739-4,127.0589001317584064_37.6552896493156339,1100039102,노원구보건소,127.0572544280862672_37.6549324748313055,151.0,7.0,정체,127.0572544280862672_37.6549324748313055|127.0589001317584064_37.6552896493156339
2026-09-04T03:35:30.187978+09:00,창동 신경제 중심지,창동 신경제 중심지,POI079,KEY_4,1100029804,상계로,1100039503,노원역앞교차로,127.0602010162035356_37.6555667697837535,1100039402,상계동 739-4,127.0590314243780483_37.6553178631760161,107.0,4.0,정체,127.0590314243780483_37.6553178631760161|127.0602010162035356_37.6555667697837535
2026-09-04T03:35:30.187978+09:00,창동 신경제 중심지,창동 신경제 중심지,POI079,KEY_4,1100030102,상계로,1100039501,노원역앞교차로,127.0603040465450704_37.6557015653982390,1100039809,성임빌딩,127.0616502820933391_37.6560069404642164,124.0,11.0,정체,127.0616502820933391_37.6560069404642164|127.0614128756597694_37.6559527379808969|127.0612824146659250_37.6559230764615549|127.0603040465450704_37.6557015653982390
2026-09-04T03:35:30.187978+09:00,창동 신경제 중심지,창동 신경제 중심지,POI079,KEY_4,1100030105,상계로,1100039802,노원역(서울4호선),127.0625678182361469_37.6562131766042825,1100039909,노원역(서울4호선),127.0640678531407275_37.6565499966003827,138.0,21.0,서행,127.0640678531407275_37.6565499966003827|127.0625678182361469_37.6562131766042825
2026-09-04T03:35:30.187978+09:00,창동 신경제 중심지,창동 신경제 중심지,POI079,KEY_4,1100030106,상계로,1100039806,성임빌딩,127.0617837261973904_37.6560371069540665,1100039805,노원역(서울4호선),127.0624372787817009_37.6561838640661151,60.0,23.0,서행,127.0624372787817009_37.6561838640661151|127.0617837261973904_37.6560371069540665
2026-09-04T03:35:30.187978+09:00,창동 신경제 중심지,창동 신경제 중심지,POI079,KEY_4,1100030201,상계로,1100039703,상계동 689-4,127.0613196600456689_37.6558190928418952,1100039502,노원역앞교차로,127.0603323409069105_37.6555955551666415,91.0,20.0,서행,127.0603323409069105_37.6555955551666415|127.0613196600456689_37.6558190928418952
2026-09-04T03:35:30.187978+09:00,창동 신경제 중심지,창동 신경제 중심지,POI079,KEY_4,1100030202,상계로,1100039807,속성변화점,127.0618206904819658_37.6559330592462373,1100039702,상계동 689-4,127.0614504112961498_37.6558488199526451,34.0,18.0,서행,127.0614504112961498_37.6558488199526451|127.0616878173730271_37.6559030221767657|127.0618206904819658_37.6559330592462373
2026-09-04T03:35:30.187978+09:00,창동 신경제 중심지,창동 신경제 중심지,POI079,KEY_4,1100030204,상계로,1100040303,상계초교입구교차로,127.0665586801028297_37.6570292785576513,1100039907,노원역(서울4호선),127.0642133857384408_37.6564684562337533,216.0,17.0,서행,127.0642133857384408_37.6564684562337533|127.0644207962196788_37.6565084470902249|127.0660464057039434_37.6568757110014403|127.0662363313010133_37.6569249576004239|127.0664049700920941_37.6569758547641200|127.0665586801028297_37.6570292785576513
2026-09-04T03:35:30.187978+09:00,창동 신경제 중심지,창동 신경제 중심지,POI079,KEY_4,1100030205,상계로,1100039804,노원역(서울4호선),127.0624656337716658_37.6560778831310046,1100039807,속성변화점,127.0618206904819658_37.6559330592462373,59.0,22.0,서행,127.0618206904819658_37.6559330592462373|127.0624656337716658_37.6560778831310046
2026-09-04T03:35:30.187978+09:00,창동 신경제 중심지,창동 신경제 중심지,POI079,KEY_4,1100030206,상계로,1100039908,노원역(서울4호선),127.0640829296194312_37.6564410345314258,1100039803,노원역(서울4호선),127.0625965572083089_37.6561072819066283,136.0,11.0,정체,127.0625965572083089_37.6561072819066283|127.0640829296194312_37.6564410345314258
2026-09-04T03:35:30.187978+09:00,창동 신경제 중심지,창동 신경제 중심지,POI079,KEY_4,1100030300,노원로,1100172100,상계동 330-40,127.0668101330512201_37.6562287061040379,1100040303,상계초교입구교차로,127.0665586801028297_37.6570292785576513,92.0,30.0,원활,127.0665586801028297_37.6570292785576513|127.0666084395444670_37.6569244507512124|127.0668101330512201_37.6562287061040379
2026-09-04T03:35:30.187978+09:00,창동 신경제 중심지,창동 신경제 중심지,POI079,KEY_4,1100032101,노원로,1100223800,상계동 699,127.0556231703667009_37.6613970760336585,1100044002,상계교교차로,127.0525798753311761_37.6616411735135159,270.0,25.0,원활,127.0525798753311761_37.6616411735135159|127.0556231703667009_37.6613970760336585
2026-09-04T03:35:30.187978+09:00,창동 신경제 중심지,창동 신경제 중심지,POI079,KEY_4,1100032102,노원로,1100043503,온수골사거리,127.0587224144695284_37.6611391975146930,1100043802,상계10단지앞,127.0563734840975627_37.6613366921959454,208.0,29.0,원활,127.0563734840975627_37.6613366921959454|127.0587224144695284_37.6611391975146930
2026-09-04T03:35:30.187978+09:00,창동 신경제 중심지,창동 신경제 중심지,POI079,KEY_4,1100032201,노원로,1100044001,상계교교차로,127.0525935255395922_37.6617487454504882,1100043804,상계10단지앞,127.0562460888175451_37.6614557692127931,324.0,31.0,원활,127.0562460888175451_37.6614557692127931|127.0556368248604571_37.6615046469845751|127.0525935255395922_37.6617487454504882
2026-09-04T03:35:30.187978+09:00,창동 신경제 중심지,창동 신경제 중심지,POI079,KEY_4,1100032202,노원로,1100043801,상계10단지앞,127.0563877863022952_37.6614442102939790,1100043504,온수골사거리,127.0586926817611158_37.6612504184423145,205.0,28.0,원활,127.0586926817611158_37.6612504184423145|127.0563877863022952_37.6614442102939790
2026-09-04T03:35:30.187978+09:00,창동 신경제 중심지,창동 신경제 중심지,POI079,KEY_4,1100032704,방학로,1100044003,상계교교차로,127.0522948218053756_37.6616707337914249,1100044102,도봉구-노원구,127.0513629359133034_37.6617818231301555,83.0,28.0,원활,127.0513629359133034_37.6617818231301555|127.0522948218053756_37.6616707337914249
2026-09-04T03:35:30.187978+09:00,창동 신경제 중심지,창동 신경제 중심지,POI079,KEY_4,1100032804,방학로,1100044101,도봉구-노원구,127.0513817650416115_37.6618888939088308,1100044004,상계교교차로,127.0523149905146738_37.6617776542323384,83.0,40.0,원활,127.0523149905146738_37.6617776542323384|127.0513817650416115_37.6618888939088308
2026-09-04T03:35:30.187978+09:00,창동 신경제 중심지,창동 신경제 중심지,POI079,KEY_4,1100067900,동부간선도로,1100037401,노원지하차도(북측),127.0550810735712162_37.6548136821399666,1100035501,노원지하차도(남측),127.0554050195968330_37.6508008456765353,446.0,65.0,원활,127.0554050195968330_37.6508008456765353|127.0553755713891064_37.6511968811547604|127.0553086107411360_37.6519628930263153|127.0552148689220360_37.6528133123426869|127.0551981671509765_37.6531233789090294|127.0551777961183291_37.6533602558558158|127.0551422352250341_37.6538530117120587|127.0551156205709873_37.6543608728118500|127.0550810735712162_37.6548136821399666
2026-09-04T03:35:30.187978+09:00,창동 신경제 중심지,창동 신경제 중심지,POI079,KEY_4,1100068300,동일로218길,1100190200,상계동 720,127.0634051589872087_37.6539899608348563,1100038804,한국통신상계,127.0631180288482369_37.6548015342588300,94.0,14.0,정체,127.0631180288482369_37.6548015342588300|127.0634051589872087_37.6539899608348563
2026-09-04T03:35:30.187978+09:00,창동 신경제 중심지,창동 신경제 중심지,POI079,KEY_4,1100069300,동일로,1100037200,노원역6번출구,127.0606630381764859_37.6538422534128969,1100037600,노원역7번출구,127.0600230742874572_37.6541098040533271,68.0,48.0,원활,127.0600230742874572_37.6541098040533271|127.0602705087191140_37.6541077984462618|127.0603724161650518_37.6540624530492423|127.0605252744344114_37.6539932432403148|127.0606630381764859_37.6538422534128969
2026-09-04T03:35:30.187978+09:00,창동 신경제 중심지,창동 신경제 중심지,POI079,KEY_4,1100069400,동일로,1100037900,노원역4번출구,127.0612295934649723_37.6543701129946840,1100037300,노원역5번출구,127.0607960800482061_37.6538646319994967,74.0,17.0,서행,127.0607960800482061_37.6538646319994967|127.0609302512468730_37.6542385713914243|127.0610202599500411_37.6543100403441784|127.0612295934649723_37.6543701129946840
2026-09-04T03:35:30.187978+09:00,창동 신경제 중심지,창동 신경제 중심지,POI079,KEY_4,1100069700,노해로75길,1100037004,상계6동우체국,127.0575257719759037_37.6536755591483541,1100039103,노원구보건소,127.0571232861294249_37.6549038277198562,141.0,36.0,원활,127.0571232861294249_37.6549038277198562|127.0572338384282887_37.6545664587634334|127.0573890950643516_37.6540926616434675|127.0575257719759037_37.6536755591483541
2026-09-04T03:35:30.187978+09:00,창동 신경제 중심지,창동 신경제 중심지,POI079,KEY_4,1100069800,노해로75길,1100147500,상계동 739-1,127.0575206901786345_37.6541199193935867,1100037001,상계6동우체국,127.0576567470603919_37.6537047057676091,48.0,14.0,정체,127.0576567470603919_37.6537047057676091|127.0575206901786345_37.6541199193935867
2026-09-04T03:35:30.187978+09:00,창동 신경제 중심지,창동 신경제 중심지,POI079,KEY_4,1100069900,동일로,1100037700,노원역7번출구,127.0599891684443605_37.6542145073474472,1100038700,노원역,127.0604128401212449_37.6547779132650504,77.0,41.0,원활,127.0604128401212449_37.6547779132650504|127.0603608138007559_37.6545463811312402|127.0602407202623709_37.6543485822872128|127.0599891684443605_37.6542145073474472
2026-09-04T03:35:30.187978+09:00,창동 신경제 중심지,창동 신경제 중심지,POI079,KEY_4,1100070000,동일로,1100038900,노원역3번출구,127.0605458327495398_37.6548004858661827,1100038000,노원역4번출구,127.0611922548889794_37.6544740751006302,71.0,15.0,서행,127.0611922548889794_37.6544740751006302|127.0609184791477588_37.6545103362795928|127.0607056837969111_37.6546177196376206|127.0605458327495398_37.6548004858661827
2026-09-04T03:35:30.187978+09:00,창동 신경제 중심지,창동 신경제 중심지,POI079,KEY_4,1100070100,노해로77길,1100090700,상계동 739-1,127.0590171828737880_37.6549643414511834,1100039403,상계동 739-4,127.0589001317584064_37.6552896493156339,38.0,9.0,정체,127.0589001317584064_37.6552896493156339|127.0590171828737880_37.6549643414511834
2026-09-04T03:35:30.187978+09:00,창동 신경제 중심지,창동 신경제 중심지,POI079,KEY_4,1100070200,노해로77길,1100118600,상계동 739-1,127.0593163588078909_37.6545259676868156,1100037501,현대증권빌딩,127.0594668905893343_37.6541075996395733,48.0,10.0,정체,127.0594668905893343_37.6541075996395733|127.0593163588078909_37.6545259676868156
2026-09-04T03:35:30.187978+09:00,창동 신경제 중심지,창동 신경제 중심지,POI079,KEY_4,1100070900,노해로79길,1100038304,롯데백화점(노원점),127.0617632535381034_37.6546037047608451,1100039703,상계동 689-4,127.0613196600456689_37.6558190928418952,140.0,9.0,정체,127.0613196600456689_37.6558190928418952|127.0616408947781792_37.6549389558808443|127.0617632535381034_37.6546037047608451
2026-09-04T03:35:30.187978+09:00,창동 신경제 중심지,창동 신경제 중심지,POI079,KEY_4,1100071000,노해로79길,1100146800,상계동 719-2,127.0617714966166574_37.6549690860650941,1100038301,롯데백화점(노원점),127.0618941423685868_37.6546330462088719,39.0,12.0,정체,127.0618941423685868_37.6546330462088719|127.0617714966166574_37.6549690860650941
2026-09-04T03:35:30.187978+09:00,창동 신경제 중심지,창동 신경제 중심지,POI079,KEY_4,1100072000,상계로1길,1100133400,상계동 689-4,127.0616502907192000_37.6573404427585388,1100039806,성임빌딩,127.0617837261973904_37.6560371069540665,145.0,8.0,정체,127.0617837261973904_37.6560371069540665|127.0617482803136795_37.6563984504689628|127.0617152285937692_37.6567353841633903|127.0616949446273480_37.6569243810628436|127.0616502907192000_37.6573404427585388
2026-09-04T03:35:30.187978+09:00,창동 신경제 중심지,창동 신경제 중심지,POI079,KEY_4,1100072902,상계로5길,1100039909,노원역(서울4호선),127.0640678531407275_37.6565499966003827,1100039903,노원역(서울4호선),127.0635616066518736_37.6569896866315688,103.0,7.0,정체,127.0635616066518736_37.6569896866315688|127.0640509403867071_37.6570758608014131|127.0640678531407275_37.6565499966003827
2026-09-04T03:35:30.187978+09:00,창동 신경제 중심지,창동 신경제 중심지,POI079,KEY_4,1100074000,상계로1길,1100167700,상계동 689-4,127.0615348818948007_37.6584656865977578,1100040801,상계동 689-4,127.0615955129512855_37.6578550941219987,68.0,18.0,서행,127.0615955129512855_37.6578550941219987|127.0615348818948007_37.6584656865977578
2026-09-04T03:35:30.187978+09:00,창동 신경제 중심지,창동 신경제 중심지,POI079,KEY_4,1100075500,상계로1길,1100178200,상계동 689-4,127.0613863709227473_37.6597451288931850,1100042001,상계동 581-197,127.0614905270650326_37.6588970954918310,95.0,12.0,정체,127.0614905270650326_37.6588970954918310|127.0614381565533790_37.6593087331885741|127.0613868385167962_37.6597120938858509|127.0613863709227473_37.6597451288931850
2026-09-04T03:35:30.187978+09:00,창동 신경제 중심지,창동 신경제 중심지,POI079,KEY_4,1100175201,상계로3길,1100084602,상계동358-27,127.0624343956701523_37.6567723394819467,1100039802,노원역(서울4호선),127.0625678182361469_37.6562131766042825,63.0,12.0,정체,127.0625678182361469_37.6562131766042825|127.0624343956701523_37.6567723394819467
2026-09-04T03:35:30.187978+09:00,창동 신경제 중심지,창동 신경제 중심지,POI079,KEY_4,1100077300,동부간선도로,1100044401,상계지하차도(북측),127.0522391122241714_37.6642428852886084,1100043101,상계지하차도(남측),127.0531634037664475_37.6594394033891433,543.0,60.3,원활,127.0531634037664475_37.6594394033891433|127.0530896532811340_37.6595694518560791|127.0528345285101466_37.6600327439112519|127.0527512557655996_37.6602107466547906|127.0527035847874515_37.6603661692527041|127.0526684596108140_37.6605553847439225|127.0525343977077881_37.6616883204855810|127.0524806923268812_37.6620350293671748|127.0524227298465547_37.6625594171862517|127.0523244570151604_37.6635968936766403|127.0522391122241714_37.6642428852886084
2026-09-04T03:35:30.187978+09:00,창동 신경제 중심지,창동 신경제 중심지,POI079,KEY_4,1100078000,한글비석로.노원로사이길,1100043804,상계10단지앞,127.0562460888175451_37.6614557692127931,1100045603,주공10단지앞,127.0550673599237825_37.6643601268637056,352.0,9.0,정체,127.0550673599237825_37.6643601268637056|127.0554504144861028_37.6628553024751653|127.0554784895449956_37.6627981670721965|127.0555290861939852_37.6627525265908076|127.0559344114023475_37.6625536011732436|127.0559614429086253_37.6625382320294477|127.0559763116342396_37.6625158734342236|127.0562460888175451_37.6614557692127931
2026-09-04T03:35:30.187978+09:00,창동 신경제 중심지,창동 신경제 중심지,POI079,KEY_4,1100078100,한글비석로.노원로사이길,1100045602,주공10단지앞,127.0552086527059714_37.6643501883653471,1100043801,상계10단지앞,127.0563877863022952_37.6614442102939790,352.0,8.0,정체,127.0563877863022952_37.6614442102939790|127.0561057210445455_37.6625526080223949|127.0560666734394744_37.6626113255097437|127.0560097782191491_37.6626436743361026|127.0556177444579902_37.6628360769471300|127.0555964221334904_37.6628553112325264|127.0555813803072311_37.6628859210450528|127.0552086527059714_37.6643501883653471
2026-09-04T03:35:30.187978+09:00,창동 신경제 중심지,창동 신경제 중심지,POI079,KEY_4,1100087400,노해로,1100036201,창동교앞교차로,127.0552628560590733_37.6531854240254873,1100036604,노원구청,127.0562587741318907_37.6533952787963315,91.0,45.0,원활,127.0562587741318907_37.6533952787963315|127.0552628560590733_37.6531854240254873
2026-09-04T03:35:30.187978+09:00,창동 신경제 중심지,창동 신경제 중심지,POI079,KEY_4,1100167900,노해로83길,1100038809,상계동323-18,127.0644139438269349_37.6552035258636266,1100084802,상계동327-3,127.0642491087844803_37.6557419745825896,62.0,17.0,서행,127.0642491087844803_37.6557419745825896|127.0644139438269349_37.6552035258636266
2026-09-04T03:35:30.187978+09:00,창동 신경제 중심지,창동 신경제 중심지,POI079,KEY_4,1100168000,노해로83길,1100084801,상계동327-3,127.0643820535794504_37.6557661415304850,1100038806,상계동323-18,127.0645449282982042_37.6552329602418254,61.0,14.0,정체,127.0645449282982042_37.6552329602418254|127.0643820535794504_37.6557661415304850
2026-09-04T03:35:30.187978+09:00,창동 신경제 중심지,창동 신경제 중심지,POI079,KEY_4,1100169300,노해로81길,1100134900,상계동 615-5,127.0626573457765858_37.6559156520498561,1100084701,상계동615-5,127.0627956316247662_37.6554454342408533,54.0,8.0,정체,127.0627956316247662_37.6554454342408533|127.0626573457765858_37.6559156520498561
2026-09-04T03:35:30.187978+09:00,창동 신경제 중심지,창동 신경제 중심지,POI079,KEY_4,1100169400,노해로81길,1100084702,상계동615-5,127.0626624238591944_37.6554244121967372,1100039804,노원역(서울4호선),127.0624656337716658_37.6560778831310046,75.0,16.0,서행,127.0624656337716658_37.6560778831310046|127.0625250625241307_37.6558905771274866|127.0626624238591944_37.6554244121967372
2026-09-04T03:35:30.187978+09:00,창동 신경제 중심지,창동 신경제 중심지,POI079,KEY_4,1100174501,노해로,1100085704,상계동 719-1,127.0628602342563198_37.6547483301789327,1100038302,롯데백화점(노원점),127.0619324534863210_37.6545300954822153,85.0,16.0,서행,127.0619324534863210_37.6545300954822153|127.0628602342563198_37.6547483301789327
2026-09-04T03:35:30.187978+09:00,창동 신경제 중심지,창동 신경제 중심지,POI079,KEY_4,1100174601,노해로,1100038301,롯데백화점(노원점),127.0618941423685868_37.6546330462088719,1100085705,상계동 719-1,127.0628220961756938_37.6548508193401474,85.0,17.0,서행,127.0628220961756938_37.6548508193401474|127.0618941423685868_37.6546330462088719
2026-09-04T03:35:30.187978+09:00,창동 신경제 중심지,창동 신경제 중심지,POI079,KEY_4,1100174701,노해로,1100038804,한국통신상계,127.0631180288482369_37.6548015342588300,1100085703,상계동 719-1,127.0629790946105118_37.6547750764597851,13.0,17.0,서행,127.0629790946105118_37.6547750764597851|127.0631180288482369_37.6548015342588300
2026-09-04T03:35:30.187978+09:00,창동 신경제 중심지,창동 신경제 중심지,POI079,KEY_4,1100174801,노해로,1100085702,상계동 719-1,127.0629479262245525_37.6548785327898230,1100038805,한국통신상계,127.0630856315116972_37.6549056246647567,13.0,27.0,원활,127.0630856315116972_37.6549056246647567|127.0629479262245525_37.6548785327898230
2026-09-04T03:35:30.187978+09:00,창동 신경제 중심지,창동 신경제 중심지,POI079,KEY_4,1100174901,노해로81길,1100099100,상계동 719-2,127.0627236999809924_37.6551624198149781,1100084702,상계동615-5,127.0626624238591944_37.6554244121967372,30.0,8.0,정체,127.0626624238591944_37.6554244121967372|127.0627189374265527_37.6551775017751922|127.0627236999809924_37.6551624198149781
2026-09-04T03:35:30.187978+09:00,창동 신경제 중심지,창동 신경제 중심지,POI079,KEY_4,1100175001,노해로81길,1100099000,상계동 719-2,127.0628497314139480_37.6551876316153340,1100085702,상계동 719-1,127.0629479262245525_37.6548785327898230,35.0,12.0,정체,127.0629479262245525_37.6548785327898230|127.0628497314139480_37.6551876316153340
2026-09-04T03:35:30.187978+09:00,창동 신경제 중심지,창동 신경제 중심지,POI079,KEY_4,1100175101,상계로3길,1100039805,노원역(서울4호선),127.0624372787817009_37.6561838640661151,1100084603,상계동358-27,127.0623057366666870_37.6567535624191336,64.0,12.0,정체,127.0623057366666870_37.6567535624191336|127.0624372787817009_37.6561838640661151
2026-09-04T03:35:30.187978+09:00,창동 신경제 중심지,창동 신경제 중심지,POI079,KEY_4,1100175401,상계로3길,1100085803,상계동 358-27,127.0625982048439795_37.6578902527025861,1100084601,상계동358-27,127.0624185796294512_37.6568807605413056,113.0,10.0,정체,127.0624185796294512_37.6568807605413056|127.0624179095909057_37.6569097680141525|127.0625928662779955_37.6577655585726561|127.0625982048439795_37.6578902527025861
2026-09-04T03:35:30.187978+09:00,창동 신경제 중심지,창동 신경제 중심지,POI079,KEY_4,1100175501,상계로1길,1100085804,상계동 591-23,127.0624768892574679_37.6578730477147872,1100040802,상계동 358-27,127.0616064522038613_37.6577489025194794,78.0,10.0,정체,127.0616064522038613_37.6577489025194794|127.0624768892574679_37.6578730477147872
2026-09-04T03:35:30.187978+09:00,창동 신경제 중심지,창동 신경제 중심지,POI079,KEY_4,1100175601,상계로1길,1100040801,상계동 689-4,127.0615955129512855_37.6578550941219987,1100085805,상계동 358-27,127.0624858941322515_37.6579819113351491,80.0,4.0,정체,127.0624858941322515_37.6579819113351491|127.0615955129512855_37.6578550941219987
2026-09-04T03:35:30.187978+09:00,창동 신경제 중심지,창동 신경제 중심지,POI079,KEY_4,1100175801,노해로83길,1100039907,노원역(서울4호선),127.0642133857384408_37.6564684562337533,1100084801,상계동327-3,127.0643820535794504_37.6557661415304850,79.0,7.0,정체,127.0643820535794504_37.6557661415304850|127.0642966412776644_37.6560694662661248|127.0642133857384408_37.6564684562337533
2026-09-04T03:35:30.187978+09:00,창동 신경제 중심지,창동 신경제 중심지,POI079,KEY_4,1100175901,상계로3길,1100039905,노원역(서울4호선),127.0634069365185468_37.6570838579709033,1100085803,상계동 358-27,127.0625982048439795_37.6578902527025861,173.0,3.0,정체,127.0625982048439795_37.6578902527025861|127.0626958622422791_37.6579039577551100|127.0627553022345921_37.6579176985565311|127.0628443369457869_37.6579597152952061|127.0630645388252589_37.6581092508549489|127.0631083509842227_37.6581296932254901|127.0631226416490307_37.6581094666469198|127.0634069365185468_37.6570838579709033
2026-09-04T03:35:30.187978+09:00,창동 신경제 중심지,창동 신경제 중심지,POI079,KEY_4,1100176301,상계로1길,1100156900,상계동 581-52,127.0620218332388731_37.6588304960798865,1100042002,상계동 689-4,127.0615025806987433_37.6587909756533676,46.0,14.0,정체,127.0615025806987433_37.6587909756533676|127.0617349230349475_37.6588086595681446|127.0620218332388731_37.6588304960798865
2026-09-04T03:35:30.187978+09:00,창동 신경제 중심지,창동 신경제 중심지,POI079,KEY_4,1100176401,상계로1길,1100135100,상계동 581-48,127.0617217468324327_37.6589155227401875,1100085902,상계동 690-3,127.0626532514543925_37.6589897550782453,83.0,11.0,정체,127.0626532514543925_37.6589897550782453|127.0620085000066695_37.6589383751264322|127.0617217468324327_37.6589155227401875
2026-09-04T03:35:30.187978+09:00,청담동 명품거리,청담동 명품거리,POI080,KEY_1,1220033403,선릉로,1220050904,영동고교,127.0395406419754778_37.5217105374167943,1220052203,학동사거리,127.0390906173216194_37.5231203381365219,162.0,33.0,원활,127.0390906173216194_37.5231203381365219|127.0391133064020863_37.5228990829912732|127.0395406419754778_37.5217105374167943
2026-09-04T03:35:30.187978+09:00,청담동 명품거리,청담동 명품거리,POI080,KEY_1,1220033503,선릉로,1220052202,학동사거리,127.0392236802746595_37.5231509477852043,1220050901,영동고교,127.0396699892043557_37.5217435123917369,162.0,36.0,원활,127.0396699892043557_37.5217435123917369|127.0392475112795978_37.5229185559885323|127.0392236802746595_37.5231509477852043
2026-09-04T03:35:30.187978+09:00,청담동 명품거리,청담동 명품거리,POI080,KEY_1,1220034002,삼성로,1220422300,청담동 77-102,127.0477207009805198_37.5234442307542722,1220053003,청담사거리,127.0473345858686827_37.5241777503070679,88.0,47.0,원활,127.0473345858686827_37.5241777503070679|127.0477207009805198_37.5234442307542722
2026-09-04T03:35:30.187978+09:00,청담동 명품거리,청담동 명품거리,POI080,KEY_1,1220034204,도산대로,1220393600,신사동 501-5,127.0382594965785756_37.5229821213989680,1220052204,학동사거리,127.0390861363866435_37.5232347757009777,78.0,15.0,서행,127.0390861363866435_37.5232347757009777|127.0382594965785756_37.5229821213989680
2026-09-04T03:35:30.187978+09:00,청담동 명품거리,청담동 명품거리,POI080,KEY_1,1220034601,도산대로,1220420500,청담동 77,127.0400054812010779_37.5233569151823687,1220052404,청담동 77,127.0413071564451570_37.5235176656433396,116.0,35.0,원활,127.0413071564451570_37.5235176656433396|127.0405339348501172_37.5234221784106481|127.0400054812010779_37.5233569151823687
2026-09-04T03:35:30.187978+09:00,청담동 명품거리,청담동 명품거리,POI080,KEY_1,1220034602,도산대로,1220332800,청담동 77,127.0435213934482874_37.5238023106680032,1220052604,청담동 77,127.0445564869975641_37.5239355211408920,93.0,43.0,원활,127.0445564869975641_37.5239355211408920|127.0435213934482874_37.5238023106680032
2026-09-04T03:35:30.187978+09:00,청담동 명품거리,청담동 명품거리,POI080,KEY_1,1220034603,도산대로,1220276100,청담동 77,127.0463338208116113_37.5241605900114052,1220053004,청담사거리,127.0472792767386068_37.5242802278421408,85.0,32.0,원활,127.0472792767386068_37.5242802278421408|127.0469562705251434_37.5242393555858413|127.0463338208116113_37.5241605900114052
2026-09-04T03:35:30.187978+09:00,청담동 명품거리,청담동 명품거리,POI080,KEY_1,1220034701,도산대로,1220420400,청담동 77,127.0400262819293147_37.5232500722957383,1220052202,학동사거리,127.0392236802746595_37.5231509477852043,72.0,27.0,원활,127.0392236802746595_37.5231509477852043|127.0400262819293147_37.5232500722957383
2026-09-04T03:35:30.187978+09:00,청담동 명품거리,청담동 명품거리,POI080,KEY_1,1220034702,도산대로,1220388200,청담동 77,127.0430425640729339_37.5236311625569741,1220052402,청담동 77,127.0414610013850591_37.5234275992135338,142.0,20.0,서행,127.0414610013850591_37.5234275992135338|127.0430425640729339_37.5236311625569741
2026-09-04T03:35:30.187978+09:00,청담동 명품거리,청담동 명품거리,POI080,KEY_1,1220034703,도산대로,1220334000,청담동 77,127.0455919377749296_37.5239572301738278,1220052602,청담동 77,127.0447121822128764_37.5238458928924103,79.0,18.0,서행,127.0447121822128764_37.5238458928924103|127.0452441209281318_37.5239132131085995|127.0455919377749296_37.5239572301738278
2026-09-04T03:35:30.187978+09:00,청담동 명품거리,청담동 명품거리,POI080,KEY_1,1220034801,도산대로,1220053001,청담사거리,127.0474175095661593_37.5242982591380851,1220053204,송담빌딩,127.0481486203532597_37.5243983508696317,66.0,24.0,서행,127.0481486203532597_37.5243983508696317|127.0474175095661593_37.5242982591380851
2026-09-04T03:35:30.187978+09:00,청담동 명품거리,청담동 명품거리,POI080,KEY_1,1220034901,도산대로,1220419300,청담동 77,127.0488945152498417_37.5243806678289928,1220053002,청담사거리,127.0474721597987724_37.5241960352978836,127.0,31.0,원활,127.0474721597987724_37.5241960352978836|127.0481716169773563_37.5242917934341591|127.0483069155655187_37.5243095041464656|127.0487065910878215_37.5243579088313268|127.0488945152498417_37.5243806678289928
2026-09-04T03:35:30.187978+09:00,청담동 명품거리,청담동 명품거리,POI080,KEY_1,1220035402,선릉로,1220052204,학동사거리,127.0390861363866435_37.5232347757009777,1220053403,신한양빌딩,127.0395014174557389_37.5246137310738916,158.0,14.0,정체,127.0395014174557389_37.5246137310738916|127.0393335370945920_37.5241464881978999|127.0392926724511966_37.5240305434553036|127.0391660322892449_37.5236540272358496|127.0391045399377816_37.5234487055447730|127.0390861363866435_37.5232347757009777
2026-09-04T03:35:30.187978+09:00,청담동 명품거리,청담동 명품거리,POI080,KEY_1,1220035404,선릉로,1220246500,신사동 668-5,127.0403281994726257_37.5269638204885396,1220057303,한양아파트앞교차로,127.0406204313811145_37.5277781125819700,94.0,14.0,정체,127.0406204313811145_37.5277781125819700|127.0403965205514112_37.5271541960037496|127.0403281994726257_37.5269638204885396
2026-09-04T03:35:30.187978+09:00,청담동 명품거리,청담동 명품거리,POI080,KEY_1,1220035501,선릉로,1220052702,키네마극장,127.0394238001620124_37.5240025656407425,1220052201,학동사거리,127.0392244122724463_37.5232604498081272,84.0,9.0,정체,127.0392244122724463_37.5232604498081272|127.0392392010293747_37.5234323545396080|127.0392976430606637_37.5236274895412407|127.0394238001620124_37.5240025656407425
2026-09-04T03:35:30.187978+09:00,청담동 명품거리,청담동 명품거리,POI080,KEY_1,1220035502,선릉로,1220053402,신한양빌딩,127.0396319308838002_37.5245839844116418,1220052701,키네마극장,127.0394640495580632_37.5241167418134012,54.0,28.0,원활,127.0394640495580632_37.5241167418134012|127.0396319308838002_37.5245839844116418
2026-09-04T03:35:30.187978+09:00,청담동 명품거리,청담동 명품거리,POI080,KEY_1,1220035802,압구정로,1220220700,청담동 145,127.0445468381688698_37.5267788078608433,1220056102,갤러리아주유소,127.0438011178044917_37.5269658372789365,69.0,26.0,원활,127.0438011178044917_37.5269658372789365|127.0445468381688698_37.5267788078608433
2026-09-04T03:35:30.187978+09:00,청담동 명품거리,청담동 명품거리,POI080,KEY_1,1220035803,압구정로,1220056103,갤러리아주유소,127.0436709090198946_37.5269988640954608,1220056302,압구정로데오역3번출구,127.0423691118125902_37.5273328330233085,121.0,28.0,원활,127.0423691118125902_37.5273328330233085|127.0431965413789044_37.5271205625181921|127.0436709090198946_37.5269988640954608
2026-09-04T03:35:30.187978+09:00,청담동 명품거리,청담동 명품거리,POI080,KEY_1,1220035804,압구정로,1220056303,압구정로데오역3번출구,127.0422397642238650_37.5273658980511087,1220057302,한양아파트앞교차로,127.0407498452267987_37.5277452900861377,138.0,32.0,원활,127.0407498452267987_37.5277452900861377|127.0422397642238650_37.5273658980511087
2026-09-04T03:35:30.187978+09:00,청담동 명품거리,청담동 명품거리,POI080,KEY_1,1220035901,압구정로,1220054302,갤러리미,127.0470610783825549_37.5249488711662522,1220053001,청담사거리,127.0474175095661593_37.5242982591380851,79.0,31.0,원활,127.0474175095661593_37.5242982591380851|127.0470610783825549_37.5249488711662522
2026-09-04T03:35:30.187978+09:00,청담동 명품거리,청담동 명품거리,POI080,KEY_1,1220035902,압구정로,1220334200,청담동 145,127.0467277844240357_37.5255109620662850,1220054301,갤러리미,127.0470030647285284_37.5250513268144701,57.0,32.0,원활,127.0470030647285284_37.5250513268144701|127.0467277844240357_37.5255109620662850
2026-09-04T03:35:30.187978+09:00,청담동 명품거리,청담동 명품거리,POI080,KEY_1,1220035903,압구정로,1220193500,압구정동 394,127.0432381654295426_37.5272234752543667,1220056104,갤러리아주유소,127.0437125335026849_37.5271017764067949,44.0,21.0,서행,127.0437125335026849_37.5271017764067949|127.0432381654295426_37.5272234752543667
2026-09-04T03:35:30.187978+09:00,청담동 명품거리,청담동 명품거리,POI080,KEY_1,1220036205,압구정로,1220057902,압구정로데오역6번출구,127.0391308114570563_37.5281543012393257,1220058002,뉴스포유,127.0384385465388561_37.5283499106960861,65.0,21.0,서행,127.0384385465388561_37.5283499106960861|127.0391308114570563_37.5281543012393257
2026-09-04T03:35:30.187978+09:00,청담동 명품거리,청담동 명품거리,POI080,KEY_1,1220036206,압구정로,1220235400,신사동 667-35,127.0398194246827615_37.5279804016432124,1220057902,압구정로데오역6번출구,127.0391308114570563_37.5281543012393257,64.0,13.0,정체,127.0391308114570563_37.5281543012393257|127.0398194246827615_37.5279804016432124
2026-09-04T03:35:30.187978+09:00,청담동 명품거리,청담동 명품거리,POI080,KEY_1,1220036305,압구정로,1220058001,뉴스포유,127.0384839451984220_37.5284518029265755,1220057901,압구정로데오역6번출구,127.0391740239717961_37.5282567812238455,65.0,46.0,원활,127.0391740239717961_37.5282567812238455|127.0384839451984220_37.5284518029265755
2026-09-04T03:35:30.187978+09:00,청담동 명품거리,청담동 명품거리,POI080,KEY_1,1220036306,압구정로,1220057901,압구정로데오역6번출구,127.0391740239717961_37.5282567812238455,1220057304,한양아파트앞교차로,127.0406568798343869_37.5278823322351158,138.0,43.3,원활,127.0406568798343869_37.5278823322351158|127.0398604514468985_37.5280834481610981|127.0391740239717961_37.5282567812238455
2026-09-04T03:35:30.187978+09:00,청담동 명품거리,청담동 명품거리,POI080,KEY_1,1220036500,선릉로,1220256600,압구정동 495,127.0411012237221939_37.5287721982316143,1220057301,한양아파트앞교차로,127.0407863594955415_37.5278495043803346,106.0,30.0,원활,127.0407863594955415_37.5278495043803346|127.0411012237221939_37.5287721982316143
2026-09-04T03:35:30.187978+09:00,청담동 명품거리,청담동 명품거리,POI080,KEY_1,1220094100,선릉로148길,1220273700,청담동 77-28,127.0431444223127073_37.5229457315852954,1220052603,청담동 77,127.0445781402144121_37.5238287856286306,217.0,11.0,정체,127.0445781402144121_37.5238287856286306|127.0447120599987159_37.5231471090591455|127.0443800312351357_37.5231044587397022|127.0439681977920259_37.5230515558498112|127.0435562545624606_37.5229986373450899|127.0431444223127073_37.5229457315852954
2026-09-04T03:35:30.187978+09:00,청담동 명품거리,청담동 명품거리,POI080,KEY_1,1220094400,도산대로58길,1220052402,청담동 77,127.0414610013850591_37.5234275992135338,1220052001,금구빌딩,127.0415897599450830_37.5227459992821579,77.0,13.0,정체,127.0415897599450830_37.5227459992821579|127.0414610013850591_37.5234275992135338
2026-09-04T03:35:30.187978+09:00,청담동 명품거리,청담동 명품거리,POI080,KEY_1,1220094500,도산대로58길,1220052004,금구빌딩,127.0414555227100522_37.5227299126895915,1220052403,청담동 77,127.0413269166477477_37.5234106937366789,76.0,36.0,원활,127.0413269166477477_37.5234106937366789|127.0414555227100522_37.5227299126895915
2026-09-04T03:35:30.187978+09:00,청담동 명품거리,청담동 명품거리,POI080,KEY_1,1220095300,선릉로152길,1220319500,청담동 139-1,127.0402782679631741_37.5241051716234963,1220052702,키네마극장,127.0394238001620124_37.5240025656407425,76.0,15.0,서행,127.0394238001620124_37.5240025656407425|127.0402782679631741_37.5241051716234963
2026-09-04T03:35:30.187978+09:00,청담동 명품거리,청담동 명품거리,POI080,KEY_1,1220095400,선릉로152길,1220319400,청담동 139-1,127.0402580301235815_37.5242120839654163,1220052401,청담동 77,127.0414412487968434_37.5235345793648207,176.0,36.0,원활,127.0414412487968434_37.5235345793648207|127.0413128808020531_37.5242458193041557|127.0412157654857310_37.5243077538981922|127.0411093794579500_37.5243143088269946|127.0402580301235815_37.5242120839654163
2026-09-04T03:35:30.187978+09:00,청담동 명품거리,청담동 명품거리,POI080,KEY_1,1220095900,도산대로81길,1220053204,송담빌딩,127.0481486203532597_37.5243983508696317,1220054703,청담동 119-8,127.0478075108107561_37.5250369358867317,77.0,8.0,정체,127.0478075108107561_37.5250369358867317|127.0481486203532597_37.5243983508696317
2026-09-04T03:35:30.187978+09:00,청담동 명품거리,청담동 명품거리,POI080,KEY_1,1220096000,도산대로81길,1220054702,청담동 139-19,127.0479462450272479_37.5250533970465483,1220053201,송담빌딩,127.0482865073313974_37.5244163956772354,77.0,16.0,서행,127.0482865073313974_37.5244163956772354|127.0479462450272479_37.5250533970465483
2026-09-04T03:35:30.187978+09:00,청담동 명품거리,청담동 명품거리,POI080,KEY_1,1220096600,압구정로79길,1220054703,청담동 119-8,127.0478075108107561_37.5250369358867317,1220054302,갤러리미,127.0470610783825549_37.5249488711662522,67.0,36.0,원활,127.0470610783825549_37.5249488711662522|127.0478075108107561_37.5250369358867317
2026-09-04T03:35:30.187978+09:00,청담동 명품거리,청담동 명품거리,POI080,KEY_1,1220096700,압구정로79길,1220054301,갤러리미,127.0470030647285284_37.5250513268144701,1220054704,청담동 118-22,127.0477536352439500_37.5251398799896023,67.0,36.0,원활,127.0477536352439500_37.5251398799896023|127.0470030647285284_37.5250513268144701
2026-09-04T03:35:30.187978+09:00,청담동 명품거리,청담동 명품거리,POI080,KEY_1,1220097400,압구정로79길,1220386200,청담동 139-20,127.0490025359680004_37.5251791459004878,1220054702,청담동 139-19,127.0479462450272479_37.5250533970465483,94.0,9.0,정체,127.0479462450272479_37.5250533970465483|127.0481650432785301_37.5250794452541570|127.0490025359680004_37.5251791459004878
2026-09-04T03:35:30.187978+09:00,청담동 명품거리,청담동 명품거리,POI080,KEY_1,1220097900,압구정로60길,1220206400,청담동 139-2,127.0420188424852199_37.5267405370192932,1220056303,압구정로데오역3번출구,127.0422397642238650_37.5273658980511087,72.0,9.0,정체,127.0422397642238650_37.5273658980511087|127.0420188424852199_37.5267405370192932
2026-09-04T03:35:30.187978+09:00,청담동 명품거리,청담동 명품거리,POI080,KEY_1,1220099600,도산대로81길,1220236300,청담동 139-12,127.0456724149564565_37.5272523241087086,1220057202,청담고등학교,127.0440869789984362_37.5276617362854026,147.0,7.0,정체,127.0440869789984362_37.5276617362854026|127.0455677470908142_37.5272771508824405|127.0456724149564565_37.5272523241087086
2026-09-04T03:35:30.187978+09:00,청담동 명품거리,청담동 명품거리,POI080,KEY_1,1220099700,도산대로81길,1220278300,청담동 117-11,127.0477493139133571_37.5254322932834725,1220054701,청담동 117-41,127.0478919747894366_37.5251562571136645,33.0,9.0,정체,127.0478919747894366_37.5251562571136645|127.0477493139133571_37.5254322932834725
2026-09-04T03:35:30.187978+09:00,청담동 명품거리,청담동 명품거리,POI080,KEY_1,1220100000,압구정로61길,1220057202,청담고등학교,127.0440869789984362_37.5276617362854026,1220056101,갤러리아주유소,127.0438418944384722_37.5270689653471052,69.0,36.0,원활,127.0438418944384722_37.5270689653471052|127.0440869789984362_37.5276617362854026
2026-09-04T03:35:30.187978+09:00,청담동 명품거리,청담동 명품거리,POI080,KEY_1,1220100100,압구정로61길,1220056104,갤러리아주유소,127.0437125335026849_37.5271017764067949,1220057203,청담고등학교,127.0439580323542685_37.5276955526107088,69.0,6.0,정체,127.0439580323542685_37.5276955526107088|127.0437125335026849_37.5271017764067949
2026-09-04T03:35:30.187978+09:00,청담동 명품거리,청담동 명품거리,POI080,KEY_1,1220102200,압구정로61길,1220059202,청담동146,127.0447847882395820_37.5295286080348589,1220057201,청담고등학교,127.0441233321837302_37.5277660190179034,204.0,38.0,원활,127.0441233321837302_37.5277660190179034|127.0441454282712925_37.5278450321291004|127.0447136572623634_37.5293809991963343|127.0447847882395820_37.5295286080348589
2026-09-04T03:35:30.187978+09:00,청담동 명품거리,청담동 명품거리,POI080,KEY_1,1220102300,압구정로61길,1220057204,청담고등학교,127.0439908212839555_37.5277895232034879,1220059203,청담동146,127.0446578851777844_37.5295670242574815,206.0,40.0,원활,127.0446578851777844_37.5295670242574815|127.0445849654173713_37.5294157030726865|127.0440139116746536_37.5278720932492433|127.0439908212839555_37.5277895232034879
2026-09-04T03:35:30.187978+09:00,청량리 제기동 일대 전통시장,청량리 제기동 일대 전통시장,POI081,KEY_2,1050000602,왕산로,1050126800,제기동 65,127.0362189659637409_37.5782333123089956,1050020304,롯데불로장생센터,127.0367530334879262_37.5782346903608229,47.0,48.0,원활,127.0367530334879262_37.5782346903608229|127.0365320150396542_37.5782347589657988|127.0363950854085573_37.5782343662634304|127.0362189659637409_37.5782333123089956
2026-09-04T03:35:30.187978+09:00,청량리 제기동 일대 전통시장,청량리 제기동 일대 전통시장,POI081,KEY_2,1050000603,왕산로,1050146300,경동시장교차로,127.0377568941338069_37.5782291365763186,1050020604,경동시장앞교차로,127.0382626475470005_37.5782304860527674,45.0,50.0,원활,127.0382626475470005_37.5782304860527674|127.0380992447732211_37.5782271168700461|127.0377568941338069_37.5782291365763186
2026-09-04T03:35:30.187978+09:00,청량리 제기동 일대 전통시장,청량리 제기동 일대 전통시장,POI081,KEY_2,1050000701,왕산로,1050020403,거창박물관,127.0363961067295975_37.5781262493958934,1050020202,제기동역앞교차로,127.0350186845859071_37.5781180002810231,122.0,27.0,원활,127.0350186845859071_37.5781180002810231|127.0362199874640794_37.5781251955479050|127.0363961067295975_37.5781262493958934
2026-09-04T03:35:30.187978+09:00,청량리 제기동 일대 전통시장,청량리 제기동 일대 전통시장,POI081,KEY_2,1050000702,왕산로,1050020603,경동시장앞교차로,127.0382559889091851_37.5781221935232352,1050020402,거창박물관,127.0365319622162446_37.5781266396877953,152.0,15.0,서행,127.0365319622162446_37.5781266396877953|127.0367529803449287_37.5781265710830752|127.0368879977427383_37.5781261359952481|127.0377558874124730_37.5781210203146117|127.0381005006231021_37.5781189872597778|127.0382559889091851_37.5781221935232352
2026-09-04T03:35:30.187978+09:00,청량리 제기동 일대 전통시장,청량리 제기동 일대 전통시장,POI081,KEY_2,1050000805,왕산로,1050078400,용두동 237-10,127.0328437287515158_37.5782055282031209,1050020204,제기동역앞교차로,127.0348721570958048_37.5782248982015759,179.0,47.0,원활,127.0348721570958048_37.5782248982015759|127.0342286216703940_37.5782181034275240|127.0340930330730203_37.5782167762136936|127.0333561954754202_37.5782101437556761|127.0328437287515158_37.5782055282031209
2026-09-04T03:35:30.187978+09:00,청량리 제기동 일대 전통시장,청량리 제기동 일대 전통시장,POI081,KEY_2,1050012300,정릉천동로,1050205500,최소노드배치점,127.0352557866026046_37.5805209542112593,1050024903,삼일교교차로,127.0358838975770226_37.5827936480942881,258.0,31.0,원활,127.0358838975770226_37.5827936480942881|127.0357438615155417_37.5822893839192602|127.0356813917577767_37.5820644305913447|127.0356167000519463_37.5818314745652486|127.0354643794722023_37.5812829594291102|127.0352557866026046_37.5805209542112593
2026-09-04T03:35:30.187978+09:00,청량리 제기동 일대 전통시장,청량리 제기동 일대 전통시장,POI081,KEY_2,1050000903,왕산로,1050134300,용두동 237-10,127.0333577323084455_37.5781020315640149,1050019000,용두동 237-10,127.0310923042340221_37.5778729830476337,203.0,46.0,원활,127.0310923042340221_37.5778729830476337|127.0311897460573789_37.5778996024433667|127.0313725461128769_37.5779446496631593|127.0314865147686163_37.5779727357437210|127.0316987920672602_37.5780149121333054|127.0318449369934228_37.5780381337654461|127.0322289141872574_37.5780798528057787|127.0323768897642651_37.5780921361113442|127.0327721188330088_37.5780967572699751|127.0328452663248271_37.5780974162274575|127.0333577323084455_37.5781020315640149
2026-09-04T03:35:30.187978+09:00,청량리 제기동 일대 전통시장,청량리 제기동 일대 전통시장,POI081,KEY_2,1050000904,왕산로,1050020203,제기동역앞교차로,127.0348828212866437_37.5781168818358680,1050020102,제기동역(서울1호선),127.0342304242250435_37.5781099935200587,58.0,43.0,원활,127.0342304242250435_37.5781099935200587|127.0348828212866437_37.5781168818358680
2026-09-04T03:35:30.187978+09:00,청량리 제기동 일대 전통시장,청량리 제기동 일대 전통시장,POI081,KEY_2,1050001001,왕산로,1050058500,제기동 65,127.0401839283384646_37.5786651080944338,1050022504,우리은행청량리중앙지,127.0412171089013640_37.5789936056868541,98.0,18.0,서행,127.0412171089013640_37.5789936056868541|127.0401839283384646_37.5786651080944338
2026-09-04T03:35:30.187978+09:00,청량리 제기동 일대 전통시장,청량리 제기동 일대 전통시장,POI081,KEY_2,1050001002,왕산로,1050022501,우리은행청량리중앙지,127.0413432654145964_37.5790337160642736,1050022904,성바오로병원앞교차로,127.0424652197496442_37.5793904239257515,107.0,43.0,원활,127.0424652197496442_37.5793904239257515|127.0413432654145964_37.5790337160642736
2026-09-04T03:35:30.187978+09:00,청량리 제기동 일대 전통시장,청량리 제기동 일대 전통시장,POI081,KEY_2,1050001102,왕산로,1050106000,용두동 47-1,127.0389112712416306_37.5781951845056170,1050020602,경동시장앞교차로,127.0383924185722861_37.5781286412846640,46.0,38.0,원활,127.0383924185722861_37.5781286412846640|127.0385129351531077_37.5781383554420785|127.0387260227668236_37.5781649344333673|127.0389112712416306_37.5781951845056170
2026-09-04T03:35:30.187978+09:00,청량리 제기동 일대 전통시장,청량리 제기동 일대 전통시장,POI081,KEY_2,1050001201,왕산로,1050157100,청량리동 819,127.0443155962862960_37.5799691385054686,1050023304,청량리역교차로,127.0450836083853687_37.5802111516784834,73.0,8.0,정체,127.0450836083853687_37.5802111516784834|127.0449207607042013_37.5801564626971896|127.0443155962862960_37.5799691385054686
2026-09-04T03:35:30.187978+09:00,청량리 제기동 일대 전통시장,청량리 제기동 일대 전통시장,POI081,KEY_2,1050001300,왕산로,1050125800,전농동 620-67,127.0435716348771962_37.5796223090761288,1050022902,성바오로병원앞교차로,127.0426423168874948_37.5793300644201622,88.0,51.0,원활,127.0426423168874948_37.5793300644201622|127.0435716348771962_37.5796223090761288
2026-09-04T03:35:30.187978+09:00,청량리 제기동 일대 전통시장,청량리 제기동 일대 전통시장,POI081,KEY_2,1050001401,왕산로,1050023301,청량리역교차로,127.0452125325349328_37.5802545562535357,1050023700,청량리역,127.0459363049394881_37.5806812079750898,80.0,9.0,정체,127.0459363049394881_37.5806812079750898|127.0457255197295297_37.5805163728220961|127.0454714752361554_37.5803608251852310|127.0453261446361637_37.5802928641571015|127.0452125325349328_37.5802545562535357
2026-09-04T03:35:30.187978+09:00,청량리 제기동 일대 전통시장,청량리 제기동 일대 전통시장,POI081,KEY_2,1050001501,왕산로,1050034502,청량리역,127.0459964287098984_37.5805780358841730,1050023302,청량리역교차로,127.0452326500566897_37.5801439168176401,84.0,47.0,원활,127.0452326500566897_37.5801439168176401|127.0453873160173117_37.5801960676144873|127.0455476013765690_37.5802710217187794|127.0458149484949075_37.5804347135205106|127.0459964287098984_37.5805780358841730
2026-09-04T03:35:30.187978+09:00,청량리 제기동 일대 전통시장,청량리 제기동 일대 전통시장,POI081,KEY_2,1050001502,왕산로,1050048500,전농동 620-67,127.0464947999503522_37.5810643971102678,1050034501,청량리역,127.0460892333836540_37.5806594998506540,57.0,36.0,원활,127.0460892333836540_37.5806594998506540|127.0463540022838913_37.5809185817681310|127.0464947999503522_37.5810643971102678
2026-09-04T03:35:30.187978+09:00,청량리 제기동 일대 전통시장,청량리 제기동 일대 전통시장,POI081,KEY_2,1050010501,고산자로,1050105600,용두동 47-1,127.0382217953188473_37.5775822640354562,1050020603,경동시장앞교차로,127.0382559889091851_37.5781221935232352,60.0,41.0,원활,127.0382559889091851_37.5781221935232352|127.0382217953188473_37.5775822640354562
2026-09-04T03:35:30.187978+09:00,청량리 제기동 일대 전통시장,청량리 제기동 일대 전통시장,POI081,KEY_2,1050010900,답십리로,1050017604,전농동 673,127.0457576196628935_37.5768828489976059,1050022903,성바오로병원앞교차로,127.0425156165576084_37.5792900196769892,399.0,31.0,원활,127.0425156165576084_37.5792900196769892|127.0426056919961582_37.5791458580297046|127.0430899902156057_37.5785181606433483|127.0432300333997233_37.5783654927604331|127.0433326010899009_37.5782738231559179|127.0435590272505948_37.5781070243800386|127.0441283095776015_37.5777284584770896|127.0443449053242659_37.5776121265381136|127.0457576196628935_37.5768828489976059
2026-09-04T03:35:30.187978+09:00,청량리 제기동 일대 전통시장,청량리 제기동 일대 전통시장,POI081,KEY_2,1050011000,답십리로,1050022902,성바오로병원앞교차로,127.0426423168874948_37.5793300644201622,1050017601,전농동 588-176,127.0458409183235062_37.5769687193368966,392.0,20.0,서행,127.0458409183235062_37.5769687193368966|127.0444198690210698_37.5777022995842671|127.0442100713277256_37.5778149800870054|127.0436487758609871_37.5781882356696144|127.0434296937124969_37.5783496241472719|127.0433358702342588_37.5784334799077229|127.0432029140465886_37.5785784210990315|127.0427246324008195_37.5791983213650767|127.0426423168874948_37.5793300644201622
2026-09-04T03:35:30.187978+09:00,청량리 제기동 일대 전통시장,청량리 제기동 일대 전통시장,POI081,KEY_2,1050012400,정릉천동로,1050161300,제기동 891-2,127.0353295952309054_37.5802826594421475,1050020201,제기동역앞교차로,127.0350088500129999_37.5782260634865750,231.0,28.0,원활,127.0350088500129999_37.5782260634865750|127.0349716319646660_37.5784669023516287|127.0349890060903988_37.5786412323471524|127.0351327525282130_37.5795110371786407|127.0352012851466128_37.5798139264052011|127.0353295952309054_37.5802826594421475
2026-09-04T03:35:30.187978+09:00,청량리 제기동 일대 전통시장,청량리 제기동 일대 전통시장,POI081,KEY_2,1050012500,고산자로,1050050200,제기동 856,127.0385240878603810_37.5824894518006971,1050003703,제기사거리,127.0385501171187173_37.5829003676783273,46.0,28.0,원활,127.0385501171187173_37.5829003676783273|127.0385240878603810_37.5824894518006971
2026-09-04T03:35:30.187978+09:00,청량리 제기동 일대 전통시장,청량리 제기동 일대 전통시장,POI081,KEY_2,1050012600,고산자로,1050101400,제기동 856,127.0384331056866500_37.5788111183911084,1050020601,경동시장앞교차로,127.0383990846547846_37.5782378507115453,64.0,17.0,서행,127.0383990846547846_37.5782378507115453|127.0384331056866500_37.5788111183911084
2026-09-04T03:35:30.187978+09:00,청량리 제기동 일대 전통시장,청량리 제기동 일대 전통시장,POI081,KEY_2,1050013102,홍릉로,1050090300,청량리동 819,127.0443578463446528_37.5826518145000961,1050003803,동대문경찰서앞교차로,127.0442216705502148_37.5830737817513381,48.0,26.0,원활,127.0442216705502148_37.5830737817513381|127.0443578463446528_37.5826518145000961
2026-09-04T03:35:30.187978+09:00,청량리 제기동 일대 전통시장,청량리 제기동 일대 전통시장,POI081,KEY_2,1050013201,홍릉로,1050023900,청량리역2번출구,127.0450753633898699_37.5808453639440785,1050023301,청량리역교차로,127.0452125325349328_37.5802545562535357,67.0,15.0,서행,127.0452125325349328_37.5802545562535357|127.0451539497365872_37.5805498205869384|127.0450753633898699_37.5808453639440785
2026-09-04T03:35:30.187978+09:00,청량리 제기동 일대 전통시장,청량리 제기동 일대 전통시장,POI081,KEY_2,1050013202,홍릉로,1050151800,청량리동 819,127.0449903248618995_37.5811265490759752,1050023900,청량리역2번출구,127.0450753633898699_37.5808453639440785,32.0,19.0,서행,127.0450753633898699_37.5808453639440785|127.0450486820941194_37.5809457078844105|127.0449903248618995_37.5811265490759752
2026-09-04T03:35:30.187978+09:00,청량리 제기동 일대 전통시장,청량리 제기동 일대 전통시장,POI081,KEY_2,1050013500,약령시로,1050048900,제기동 55-11,127.0350291400294651_37.5828772563283451,1050024904,삼일교교차로,127.0359134734853370_37.5829026882320463,78.0,27.5,원활,127.0359134734853370_37.5829026882320463|127.0350291400294651_37.5828772563283451
2026-09-04T03:35:30.187978+09:00,청량리 제기동 일대 전통시장,청량리 제기동 일대 전통시장,POI081,KEY_2,1050013701,약령시로,1050114900,제기동 888-1,127.0366790136575901_37.5829254133888497,1050025004,제기동주민센터,127.0372114253206632_37.5829412517639199,47.0,29.0,원활,127.0372114253206632_37.5829412517639199|127.0366790136575901_37.5829254133888497
2026-09-04T03:35:30.187978+09:00,청량리 제기동 일대 전통시장,청량리 제기동 일대 전통시장,POI081,KEY_2,1050013702,약령시로,1050108800,제기동 852-1,127.0380271771814904_37.5829817223960205,1050003704,제기사거리,127.0385512936609018_37.5830087754357365,46.0,29.0,원활,127.0385512936609018_37.5830087754357365|127.0380271771814904_37.5829817223960205
2026-09-04T03:35:30.187978+09:00,청량리 제기동 일대 전통시장,청량리 제기동 일대 전통시장,POI081,KEY_2,1050013801,약령시로,1050115000,제기동 888-1,127.0366840889514464_37.5828173691781373,1050024902,삼일교교차로,127.0360241678695701_37.5827977342635364,58.0,28.0,원활,127.0360241678695701_37.5827977342635364|127.0366840889514464_37.5828173691781373
2026-09-04T03:35:30.187978+09:00,청량리 제기동 일대 전통시장,청량리 제기동 일대 전통시장,POI081,KEY_2,1050013802,약령시로,1050108900,제기동 852-1,127.0380359706663143_37.5828738295813238,1050025002,제기동주민센터,127.0373532285007769_37.5828385857854954,60.0,28.0,원활,127.0373532285007769_37.5828385857854954|127.0380359706663143_37.5828738295813238
2026-09-04T03:35:30.187978+09:00,청량리 제기동 일대 전통시장,청량리 제기동 일대 전통시장,POI081,KEY_2,1050013901,약령시로,1050116700,제기동 856,127.0392148170582942_37.5830357530155155,1050025204,제기동 856,127.0404427896859261_37.5830841700302614,109.0,7.0,정체,127.0404427896859261_37.5830841700302614|127.0392148170582942_37.5830357530155155
2026-09-04T03:35:30.187978+09:00,청량리 제기동 일대 전통시장,청량리 제기동 일대 전통시장,POI081,KEY_2,1050013902,약령시로,1050098700,제기동 851,127.0435420817761809_37.5831645498471261,1050003804,동대문경찰서앞교차로,127.0441863415581878_37.5831810520431091,57.0,26.0,원활,127.0441863415581878_37.5831810520431091|127.0435420817761809_37.5831645498471261
2026-09-04T03:35:30.187978+09:00,청량리 제기동 일대 전통시장,청량리 제기동 일대 전통시장,POI081,KEY_2,1050014001,약령시로,1050116800,제기동 856,127.0392215406190388_37.5829277664627526,1050003702,제기사거리,127.0386865463234329_37.5829066687372162,47.0,32.0,원활,127.0386865463234329_37.5829066687372162|127.0392215406190388_37.5829277664627526
2026-09-04T03:35:30.187978+09:00,청량리 제기동 일대 전통시장,청량리 제기동 일대 전통시장,POI081,KEY_2,1050014002,약령시로,1050176000,제기동 851,127.0417333242454845_37.5830100259550690,1050025202,제기동 851,127.0405836866488585_37.5829805524707936,102.0,18.0,서행,127.0405836866488585_37.5829805524707936|127.0417333242454845_37.5830100259550690
2026-09-04T03:35:30.187978+09:00,청량리 제기동 일대 전통시장,청량리 제기동 일대 전통시장,POI081,KEY_2,1050014100,약령시로,1050113000,청량리동 341,127.0447216570387070_37.5831596059123498,1050003802,동대문경찰서앞교차로,127.0443568554020004_37.5830895270839775,33.0,25.0,원활,127.0443568554020004_37.5830895270839775|127.0447216570387070_37.5831596059123498
2026-09-04T03:35:30.187978+09:00,청량리 제기동 일대 전통시장,청량리 제기동 일대 전통시장,POI081,KEY_2,1050014800,정릉천동로,1050026302,제1제기교,127.0370689820156684_37.5865134563592207,1050024901,삼일교교차로,127.0360532926812027_37.5829067961363137,410.0,33.5,원활,127.0360532926812027_37.5829067961363137|127.0362840868141774_37.5837924163304962|127.0364223970758530_37.5843231402711382|127.0365653935191546_37.5848428358730189|127.0368585806838979_37.5859083501086104|127.0368601461181015_37.5859140391972204|127.0370123109445331_37.5863739268343124|127.0370689820156684_37.5865134563592207
2026-09-04T03:35:30.187978+09:00,청량리 제기동 일대 전통시장,청량리 제기동 일대 전통시장,POI081,KEY_2,1050015000,고산자로,1050142100,제기동 856,127.0386654248391096_37.5834463439167905,1050003701,제기사거리,127.0386869518905115_37.5830149361830195,48.0,25.0,원활,127.0386869518905115_37.5830149361830195|127.0386654248391096_37.5834463439167905
2026-09-04T03:35:30.187978+09:00,청량리 제기동 일대 전통시장,청량리 제기동 일대 전통시장,POI081,KEY_2,1050015200,홍릉로,1050043600,청량리동 819,127.0441470586146124_37.5837202265381336,1050003801,동대문경찰서앞교차로,127.0443225336728830_37.5831941589460072,60.0,43.0,원활,127.0443225336728830_37.5831941589460072|127.0441470586146124_37.5837202265381336
2026-09-04T03:35:30.187978+09:00,청량리 제기동 일대 전통시장,청량리 제기동 일대 전통시장,POI081,KEY_2,1050038801,왕산로26길,1050017509,롯데캐슬피렌체아파트,127.0363596099260519_37.5768867509562057,1050020403,거창박물관,127.0363961067295975_37.5781262493958934,138.0,9.0,정체,127.0363961067295975_37.5781262493958934|127.0363926283433500_37.5776676586342973|127.0363892401854429_37.5775808494227732|127.0363723353722065_37.5771477220653836|127.0363625354396362_37.5768966303587888|127.0363596099260519_37.5768867509562057
2026-09-04T03:35:30.187978+09:00,청량리 제기동 일대 전통시장,청량리 제기동 일대 전통시장,POI081,KEY_2,1050039400,정릉천동로,1050017505,용두동롯데캐슬피렌체,127.0349257620474077_37.5769109727254005,1050020203,제기동역앞교차로,127.0348828212866437_37.5781168818358680,134.0,13.0,정체,127.0348828212866437_37.5781168818358680|127.0349044161978327_37.5775104349118649|127.0349257620474077_37.5769109727254005
2026-09-04T03:35:30.187978+09:00,청량리 제기동 일대 전통시장,청량리 제기동 일대 전통시장,POI081,KEY_2,1050043000,왕산로40길,1050092800,전농동 620-67,127.0452389886980740_37.5796623142503634,1050023303,청량리역교차로,127.0451025223220682_37.5801001523242419,51.0,10.0,정체,127.0451025223220682_37.5801001523242419|127.0451306248033916_37.5799177490329157|127.0451915069077273_37.5797132983468032|127.0452389886980740_37.5796623142503634
2026-09-04T03:35:30.187978+09:00,청량리 제기동 일대 전통시장,청량리 제기동 일대 전통시장,POI081,KEY_2,1050043100,왕산로40길,1050023302,청량리역교차로,127.0452326500566897_37.5801439168176401,1050034502,청량리역,127.0459964287098984_37.5805780358841730,313.0,10.0,정체,127.0459964287098984_37.5805780358841730|127.0462134258658864_37.5804642171059839|127.0467519950169333_37.5801486599193879|127.0465904637121071_37.5799179657545039|127.0464096144275743_37.5797880929598165|127.0462896809750504_37.5796751734410890|127.0460360832012157_37.5793543331836020|127.0453706247479317_37.5797025411493024|127.0453481299126395_37.5797266950808577|127.0453172628219534_37.5797598387271634|127.0452645517941335_37.5799368537845808|127.0452326500566897_37.5801439168176401
2026-09-04T03:35:30.187978+09:00,청량리 제기동 일대 전통시장,청량리 제기동 일대 전통시장,POI081,KEY_2,1050043700,약령중앙로,1050136600,제기동 852-2,127.0371102410108080_37.5816901819596154,1050025003,제기동주민센터,127.0372164998460960_37.5828332075310030,127.0,13.0,정체,127.0372164998460960_37.5828332075310030|127.0371481924258319_37.5820984291408351|127.0371102410108080_37.5816901819596154
2026-09-04T03:35:30.187978+09:00,청량리 제기동 일대 전통시장,청량리 제기동 일대 전통시장,POI081,KEY_2,1050043800,약령중앙로,1050070200,제기동 852-2,127.0369355547791486_37.5787829052107085,1050020301,롯데불로장생센터,127.0368890032088984_37.5782342522715140,61.0,11.0,정체,127.0368890032088984_37.5782342522715140|127.0369001369950013_37.5784260066059730|127.0369355547791486_37.5787829052107085
2026-09-04T03:35:30.187978+09:00,청량리 제기동 일대 전통시장,청량리 제기동 일대 전통시장,POI081,KEY_2,1050043900,왕산로,1050023900,청량리역2번출구,127.0450753633898699_37.5808453639440785,1050023700,청량리역,127.0459363049394881_37.5806812079750898,89.0,13.0,정체,127.0459363049394881_37.5806812079750898|127.0457671019444490_37.5806231686130943|127.0455753907062331_37.5806137075688440|127.0454166401437845_37.5806233039696735|127.0452968380994321_37.5806448053648339|127.0452159765178664_37.5806686748574208|127.0451438136422837_37.5807199771276288|127.0450753633898699_37.5808453639440785
2026-09-04T03:35:30.187978+09:00,청량리 제기동 일대 전통시장,청량리 제기동 일대 전통시장,POI081,KEY_2,1050044000,경동시장로,1050022504,우리은행청량리중앙지,127.0412171089013640_37.5789936056868541,1050025203,제기동 856,127.0404479224436187_37.5829761201516064,453.0,4.0,정체,127.0404479224436187_37.5829761201516064|127.0405098512004685_37.5809077018177717|127.0405554658246388_37.5803867009460362|127.0405836228622434_37.5802621243739949|127.0412171089013640_37.5789936056868541
2026-09-04T03:35:30.187978+09:00,청량리 제기동 일대 전통시장,청량리 제기동 일대 전통시장,POI081,KEY_2,1050044100,경동시장로,1050025202,제기동 851,127.0405836866488585_37.5829805524707936,1050022501,우리은행청량리중앙지,127.0413432654145964_37.5790337160642736,449.0,8.0,정체,127.0413432654145964_37.5790337160642736|127.0407149128103441_37.5802919597220040|127.0406904784571651_37.5804000684794488|127.0406455938563397_37.5809127502758429|127.0405836866488585_37.5829805524707936
2026-09-04T03:35:30.187978+09:00,청량리 제기동 일대 전통시장,청량리 제기동 일대 전통시장,POI081,KEY_2,1050044600,경동시장로,1050025204,제기동 856,127.0404427896859261_37.5830841700302614,1050026603,홍파초등학교,127.0403012084238696_37.5866159039440646,392.0,20.0,서행,127.0403012084238696_37.5866159039440646|127.0403184677534369_37.5860259300612398|127.0403559575042465_37.5844098204635699|127.0404427896859261_37.5830841700302614
2026-09-04T03:35:30.187978+09:00,청량리 제기동 일대 전통시장,청량리 제기동 일대 전통시장,POI081,KEY_2,1050044700,경동시장로,1050026602,홍파초등학교,127.0404369915547704_37.5866199724589833,1050025201,제기동 851,127.0405785429013292_37.5830885957993956,392.0,14.0,정체,127.0405785429013292_37.5830885957993956|127.0404917522584469_37.5844136329136163|127.0404543019615033_37.5860281856233982|127.0404369915547704_37.5866199724589833
2026-09-04T03:35:30.187978+09:00,청량리 제기동 일대 전통시장,청량리 제기동 일대 전통시장,POI081,KEY_2,1050059900,내부순환도로,1050179100,최소노드배치점,127.0352570949029030_37.5825551594173248,1050012900,마장IC,127.0344965668106454_37.5761957617566935,712.0,76.0,원활,127.0344965668106454_37.5761957617566935|127.0344491702681466_37.5772966870719074|127.0344435741412923_37.5781192801891137|127.0344796246944128_37.5787124796680345|127.0345335200423591_37.5791540194540943|127.0346112952546775_37.5796808600876844|127.0346768953482268_37.5799603111151086|127.0350191756218408_37.5814101648819303|127.0352570949029030_37.5825551594173248
2026-09-04T03:35:30.187978+09:00,청량리 제기동 일대 전통시장,청량리 제기동 일대 전통시장,POI081,KEY_2,1050060101,-,1050036003,전농동127-389,127.0499263689543596_37.5814016936830058,1050037403,청량리역(수인분당선),127.0471606779858860_37.5811540252545413,288.0,14.0,정체,127.0471606779858860_37.5811540252545413|127.0473278168176137_37.5811400190891831|127.0473759430348792_37.5811413305516595|127.0475025711721884_37.5811542089216104|127.0475894915639117_37.5811782025109267|127.0476593937288925_37.5812072007199589|127.0480393625438609_37.5814661039841980|127.0482393918822481_37.5816319286635903|127.0485065989905564_37.5818092770515761|127.0485744130471630_37.5818326335519615|127.0486386899868592_37.5818554130329190|127.0487404980783452_37.5818760821781552|127.0488105330437207_37.5818831098210921|127.0488792111226104_37.5818805559182678|127.0489854936958380_37.5818634984007289|127.0490791331249198_37.5818300560716310|127.0491537006067517_37.5817897803673446|127.0499263689543596_37.5814016936830058
2026-09-04T03:35:30.187978+09:00,청량리 제기동 일대 전통시장,청량리 제기동 일대 전통시장,POI081,KEY_2,1050060201,-,1050037402,청량리역(수인분당선),127.0471671635029765_37.5812520714926137,1050036004,전농동127-389,127.0499983666957178_37.5814941008551173,293.0,14.0,정체,127.0499983666957178_37.5814941008551173|127.0491763974471553_37.5818997182524726|127.0491004748329402_37.5819298484461868|127.0490430204891226_37.5819493464040448|127.0489579426685083_37.5819715551703055|127.0488771840946782_37.5819819500620511|127.0488163090418112_37.5819817166671228|127.0487193550828380_37.5819779662423628|127.0486366391591844_37.5819607499304880|127.0485426382687422_37.5819367302948706|127.0484388505621496_37.5818923926919268|127.0481321778835451_37.5816861626856848|127.0479159156196118_37.5815123886431479|127.0475457612450043_37.5812692961718327|127.0474814676848894_37.5812493335069817|127.0474086008562153_37.5812422935980166|127.0473427885541184_37.5812392241968638|127.0472500176778254_37.5812461927108643|127.0471671635029765_37.5812520714926137
2026-09-04T03:35:30.187978+09:00,해방촌·경리단길,해방촌·경리단길,POI082,KEY_3,1020011903,녹사평대로,1020026002,이태원지하차도,126.9868116742945574_37.5363328242444823,1020028303,재정관리단앞교차로,126.9867451943054704_37.5383435465004709,224.0,46.0,원활,126.9867451943054704_37.5383435465004709|126.9866790861609331_37.5379776086191654|126.9866715093699838_37.5377196225374448|126.9866809795197611_37.5374744033153647|126.9866829093340925_37.5374244326751736|126.9867579204266832_37.5367885280276852|126.9868116742945574_37.5363328242444823
2026-09-04T03:35:30.187978+09:00,해방촌·경리단길,해방촌·경리단길,POI082,KEY_3,1020015000,회나무로,1020099800,이태원동 304-4,126.9886622424707525_37.5388582477845034,1020028302,재정관리단앞교차로,126.9868728727705331_37.5382909807264369,172.0,25.0,원활,126.9868728727705331_37.5382909807264369|126.9870379365778064_37.5382894090684971|126.9872177584471302_37.5383221593059204|126.9876117945158995_37.5384384195195295|126.9881427963085230_37.5386249180070450|126.9885780415344669_37.5388089154147053|126.9886622424707525_37.5388582477845034
2026-09-04T03:35:30.187978+09:00,해방촌·경리단길,해방촌·경리단길,POI082,KEY_3,1020021201,녹사평대로,1020030701,남산3호터널(남측),126.9885345116869644_37.5441997782690322,1020038300,이태원주공아파트105동,126.9885630019689273_37.5429566236067345,139.0,56.5,원활,126.9885630019689273_37.5429566236067345|126.9886252484286189_37.5434097368701032|126.9886061462605227_37.5437918660155177|126.9885345116869644_37.5441997782690322
2026-09-04T03:35:30.187978+09:00,해방촌·경리단길,해방촌·경리단길,POI082,KEY_3,1020015702,녹사평대로,1020028304,재정관리단앞교차로,126.9868014972725092_37.5386413609384206,1020029801,남산2호터널지하차도(남측),126.9880584405187562_37.5419881693523365,388.0,32.0,원활,126.9880584405187562_37.5419881693523365|126.9877986497125733_37.5413125110144321|126.9875498051758598_37.5406653094598894|126.9873701670335180_37.5402197026677626|126.9873034215915197_37.5400541338267928|126.9870673703858444_37.5394685786494975|126.9869350653526254_37.5391403748739023|126.9869241553577126_37.5391133107524411|126.9868014972725092_37.5386413609384206
2026-09-04T03:35:30.187978+09:00,해방촌·경리단길,해방촌·경리단길,POI082,KEY_3,1020015801,녹사평대로,1020065200,이태원동 685,126.9870643464237645_37.5391073289917188,1020028301,재정관리단앞교차로,126.9868922851884747_37.5383989232431858,80.0,54.0,원활,126.9868922851884747_37.5383989232431858|126.9869259230508476_37.5385866123729457|126.9870556490550086_37.5390857537338931|126.9870643464237645_37.5391073289917188
2026-09-04T03:35:30.187978+09:00,해방촌·경리단길,해방촌·경리단길,POI082,KEY_3,1020016901,신흥로,1020191300,용산동2가 18-2,126.9860049971300100_37.5454163852097054,1020032202,해방촌오거리,126.9853598311598830_37.5457921931329466,71.0,20.0,서행,126.9853598311598830_37.5457921931329466|126.9855691282656949_37.5457147141711900|126.9856022324781719_37.5456920562460326|126.9860049971300100_37.5454163852097054
2026-09-04T03:35:30.187978+09:00,해방촌·경리단길,해방촌·경리단길,POI082,KEY_3,1020016902,소월로20길,1020032204,해방촌오거리,126.9852831271626599_37.5459398212019693,1020032504,용산2가동주민센터앞교차로,126.9851223484754286_37.5465573437204512,71.0,18.0,서행,126.9851223484754286_37.5465573437204512|126.9851464015547862_37.5464616656656602|126.9852404969048507_37.5463259230407260|126.9852837713250295_37.5459635844615391|126.9852831271626599_37.5459398212019693
2026-09-04T03:35:30.187978+09:00,해방촌·경리단길,해방촌·경리단길,POI082,KEY_3,1020017002,신흥로,1020046800,용산동2가 45-16,126.9875544530639218_37.5424716848103230,1020028304,재정관리단앞교차로,126.9868014972725092_37.5386413609384206,440.0,25.0,원활,126.9868014972725092_37.5386413609384206|126.9867113647514145_37.5389657094815306|126.9866271706916052_37.5393079157990144|126.9865735456826030_37.5395258726953713|126.9865618560741041_37.5396150055004227|126.9865756752825234_37.5397207952903855|126.9866726034883584_37.5400718647083238|126.9868966945001745_37.5405598127963955|126.9869836970594150_37.5408346985654759|126.9872201539195231_37.5413974276192022|126.9872239610144504_37.5414096617493271|126.9873176908194239_37.5417108619235762|126.9874712155967700_37.5422042074613316|126.9875544530639218_37.5424716848103230
2026-09-04T03:35:30.187978+09:00,해방촌·경리단길,해방촌·경리단길,POI082,KEY_3,1020017003,소월로20길,1020032503,용산2가동주민센터앞교차로,126.9852924555416394_37.5464747175834503,1020032201,해방촌오거리,126.9854176004788400_37.5458900415257588,67.0,14.0,정체,126.9854176004788400_37.5458900415257588|126.9854197016928907_37.5459675495017891|126.9853730083114414_37.5463585106443389|126.9852924555416394_37.5464747175834503
2026-09-04T03:35:30.187978+09:00,해방촌·경리단길,해방촌·경리단길,POI082,KEY_3,1020017601,녹사평대로58길,1020030902,주공이태원아파트,126.9890205413680206_37.5433967778131361,1020038300,이태원주공아파트105동,126.9885630019689273_37.5429566236067345,63.0,51.0,원활,126.9885630019689273_37.5429566236067345|126.9890205413680206_37.5433967778131361
2026-09-04T03:35:30.187978+09:00,해방촌·경리단길,해방촌·경리단길,POI082,KEY_3,1020018400,신흥로,1020180700,용산동2가 1-1600,126.9824734614724235_37.5446883683947803,1020032203,해방촌오거리,126.9852246416165826_37.5458422381929395,305.0,13.0,정체,126.9852246416165826_37.5458422381929395|126.9851109695849374_37.5457644329875748|126.9849640542287830_37.5456474178329813|126.9848578594547632_37.5455243854437128|126.9846662180806760_37.5451642034092785|126.9846095453935959_37.5450974743415458|126.9844754338979413_37.5450337903787315|126.9841448941342605_37.5449677149289158|126.9834261944490663_37.5447995195147044|126.9833705983433845_37.5447980836145234|126.9832401625668012_37.5448257591879653|126.9829850632019799_37.5449045988834627|126.9828958861069026_37.5449045860000936|126.9827806661271694_37.5448786916551640|126.9824734614724235_37.5446883683947803
2026-09-04T03:35:30.187978+09:00,해방촌·경리단길,해방촌·경리단길,POI082,KEY_3,1020019100,소월로,1020197900,용산동2가 48-5,126.9873684771307438_37.5459531342061368,1020032503,용산2가동주민센터앞교차로,126.9852924555416394_37.5464747175834503,193.0,39.5,원활,126.9852924555416394_37.5464747175834503|126.9854160959703222_37.5464172539021490|126.9856026132817277_37.5463430281642374|126.9859444255285581_37.5462580240463808|126.9873565735092455_37.5459537252957105|126.9873684771307438_37.5459531342061368
2026-09-04T03:35:30.187978+09:00,해방촌·경리단길,해방촌·경리단길,POI082,KEY_3,1020020600,소월로,1020202300,최소노드배치점,126.9837884104005923_37.5493862278245416,1020032501,용산2가동주민센터앞교차로,126.9852054592412998_37.5466428470561624,347.0,29.5,원활,126.9852054592412998_37.5466428470561624|126.9847717560129610_37.5469101027995720|126.9845864439278529_37.5470281015069958|126.9845268187721672_37.5471032424247397|126.9844952209674034_37.5472121780575918|126.9844980284595692_37.5480374474067204|126.9844853903748287_37.5481855176849422|126.9844160179153931_37.5483837291718459|126.9842770429615655_37.5486147709639155|126.9839523254951814_37.5490296975246878|126.9837884104005923_37.5493862278245416
2026-09-04T03:35:30.187978+09:00,해방촌·경리단길,해방촌·경리단길,POI082,KEY_3,1020021101,녹사평대로,1020029801,남산2호터널지하차도(남측),126.9880584405187562_37.5419881693523365,1020030702,남산3호터널(남측),126.9884022250705016_37.5441768004450580,248.0,59.7,원활,126.9884022250705016_37.5441768004450580|126.9884707342777546_37.5437822058713024|126.9884891708638435_37.5434134105737201|126.9884317961847557_37.5429844688311434|126.9883423732940742_37.5427173217743189|126.9881927118278497_37.5423329861134789|126.9880584405187562_37.5419881693523365
2026-09-04T03:35:30.187978+09:00,해방촌·경리단길,해방촌·경리단길,POI082,KEY_3,1020047100,녹사평대로,1020029801,남산2호터널지하차도(남측),126.9880584405187562_37.5419881693523365,1020031300,남산2호터널지하차도(북측),126.9893791606359770_37.5439513185613407,253.0,53.7,원활,126.9893791606359770_37.5439513185613407|126.9883602227382369_37.5429687555737317|126.9882771228937486_37.5427322935318131|126.9880584405187562_37.5419881693523365
2026-09-04T03:35:30.187978+09:00,DDP(동대문디자인플라자),DDP(동대문디자인플라자),POI083,KEY_4,1010012002,장충단로,1010025602,동대문역사문화공원,127.0076398432787244_37.5653065784687641,1010023800,광희동2가9,127.0074212496598989_37.5647191039854818,68.0,11.0,정체,127.0074212496598989_37.5647191039854818|127.0076398432787244_37.5653065784687641
2026-09-04T03:35:30.187978+09:00,DDP(동대문디자인플라자),DDP(동대문디자인플라자),POI083,KEY_4,1010010601,마른내로,1010134000,광희동1가 235-6,127.0062746188617808_37.5646055130078267,1010023000,광희동1가169-1,127.0066022342274863_37.5645458036535800,30.0,20.0,서행,127.0066022342274863_37.5645458036535800|127.0063686118675577_37.5645902274929711|127.0062746188617808_37.5646055130078267
2026-09-04T03:35:30.187978+09:00,DDP(동대문디자인플라자),DDP(동대문디자인플라자),POI083,KEY_4,1010011501,을지로,1010025400,한양공고앞,127.0104615863536850_37.5651414229202487,1010025702,동대문역사문화공원역앞교차로,127.0098092568797057_37.5653495503264523,62.0,36.0,원활,127.0098092568797057_37.5653495503264523|127.0104018007762932_37.5651601202690344|127.0104615863536850_37.5651414229202487
2026-09-04T03:35:30.187978+09:00,DDP(동대문디자인플라자),DDP(동대문디자인플라자),POI083,KEY_4,1010011602,을지로,1010025701,동대문역사문화공원역앞교차로,127.0098839022084150_37.5654422003783637,1010024401,한양공고앞,127.0114159293672458_37.5649391116953026,146.0,20.0,서행,127.0114159293672458_37.5649391116953026|127.0111804215872553_37.5650327842942460|127.0105112526830311_37.5652420552738704|127.0104519446709617_37.5652606030398672|127.0098839022084150_37.5654422003783637
2026-09-04T03:35:30.187978+09:00,DDP(동대문디자인플라자),DDP(동대문디자인플라자),POI083,KEY_4,1010011901,장충단로,1010022104,광희동사거리,127.0071286778296695_37.5642723681278099,1010024100,광희동2가9,127.0072910181171153_37.5647498099421497,55.0,37.3,원활,127.0072910181171153_37.5647498099421497|127.0072564348693760_37.5646568662029168|127.0071286778296695_37.5642723681278099
2026-09-04T03:35:30.187978+09:00,DDP(동대문디자인플라자),DDP(동대문디자인플라자),POI083,KEY_4,1010011902,장충단로,1010024100,광희동2가9,127.0072910181171153_37.5647498099421497,1010025603,동대문역사문화공원,127.0075096102102208_37.5653372838946922,68.0,37.0,원활,127.0075096102102208_37.5653372838946922|127.0072910181171153_37.5647498099421497
2026-09-04T03:35:30.187978+09:00,DDP(동대문디자인플라자),DDP(동대문디자인플라자),POI083,KEY_4,1010011904,장충단로,1010026800,동대문역사문화공원,127.0076027310937263_37.5655895835695972,1010027503,동대문역사문화공원앞교차로,127.0077423203471056_37.5659686340729024,44.0,38.0,원활,127.0077423203471056_37.5659686340729024|127.0076027310937263_37.5655895835695972
2026-09-04T03:35:30.187978+09:00,DDP(동대문디자인플라자),DDP(동대문디자인플라자),POI083,KEY_4,1010012001,장충단로,1010023800,광희동2가9,127.0074212496598989_37.5647191039854818,1010022101,광희동사거리,127.0072731356478073_37.5642842960486263,50.0,11.0,정체,127.0072731356478073_37.5642842960486263|127.0073872334830867_37.5646276838331019|127.0074212496598989_37.5647191039854818
2026-09-04T03:35:30.187978+09:00,DDP(동대문디자인플라자),DDP(동대문디자인플라자),POI083,KEY_4,1010012004,장충단로,1010027502,동대문역사문화공원앞교차로,127.0078734506891323_37.5659403597718651,1010026500,동대문역사문화공원,127.0077330726616651_37.5655591691889441,44.0,11.0,정체,127.0077330726616651_37.5655591691889441|127.0078734506891323_37.5659403597718651
2026-09-04T03:35:30.187978+09:00,DDP(동대문디자인플라자),DDP(동대문디자인플라자),POI083,KEY_4,1010013301,을지로,1010026900,동대문역사문화공원,127.0084142117340065_37.5657933815894935,1010027502,동대문역사문화공원앞교차로,127.0078734506891323_37.5659403597718651,51.0,17.0,서행,127.0078734506891323_37.5659403597718651|127.0080862909446040_37.5658896606162571|127.0084142117340065_37.5657933815894935
2026-09-04T03:35:30.187978+09:00,DDP(동대문디자인플라자),DDP(동대문디자인플라자),POI083,KEY_4,1010013302,을지로,1010080900,을지로7가 112-3,127.0088653110683481_37.5656507823329591,1010026900,동대문역사문화공원,127.0084142117340065_37.5657933815894935,43.0,12.0,정체,127.0084142117340065_37.5657933815894935|127.0084667296888910_37.5657779617922074|127.0088653110683481_37.5656507823329591
2026-09-04T03:35:30.187978+09:00,DDP(동대문디자인플라자),DDP(동대문디자인플라자),POI083,KEY_4,1010013401,을지로,1010027501,동대문역사문화공원앞교차로,127.0079126423696891_37.5660438810911330,1010025704,동대문역사문화공원역앞교차로,127.0097555715754112_37.5654831945412937,174.0,18.0,서행,127.0097555715754112_37.5654831945412937|127.0096128053100841_37.5655287500039421|127.0089158485056231_37.5657511395251831|127.0085155097829670_37.5658788797530079|127.0084612158882180_37.5658948204746821|127.0081293049191800_37.5659922730020028|127.0079126423696891_37.5660438810911330
2026-09-04T03:35:30.187978+09:00,DDP(동대문디자인플라자),DDP(동대문디자인플라자),POI083,KEY_4,1010014502,을지로45길,1010025704,동대문역사문화공원역앞교차로,127.0097555715754112_37.5654831945412937,1010031203,신당동 251-159,127.0125199832589118_37.5670528209413206,317.0,31.0,원활,127.0125199832589118_37.5670528209413206|127.0124748534802706_37.5669451006742108|127.0123969525654672_37.5668174774060688|127.0123025116707964_37.5666983314770420|127.0121971172845576_37.5665907571920030|127.0120637838956981_37.5664864490764074|127.0119132422724846_37.5664083993704807|127.0117389300272777_37.5663307203448511|127.0115558621243821_37.5662698698201609|127.0113306725807121_37.5662120107637136|127.0106272887382772_37.5660711531911673|127.0104211268278505_37.5660237206134866|127.0102552544842212_37.5659567055388024|127.0101066121111302_37.5658730843004420|127.0099898103265588_37.5657739315167234|127.0097555715754112_37.5654831945412937
2026-09-04T03:35:30.187978+09:00,DDP(동대문디자인플라자),DDP(동대문디자인플라자),POI083,KEY_4,1010014503,을지로45길,1010031204,신당동 251-159,127.0125599243742585_37.5672394044600324,1010031813,운동장평화시장,127.0124984243057042_37.5678383411287697,68.0,11.0,정체,127.0124984243057042_37.5678383411287697|127.0125278070149193_37.5678140109252396|127.0125545329192533_37.5677608060890265|127.0125807604174355_37.5676720254815848|127.0125874088479208_37.5675818531156409|127.0125803643056344_37.5674031656770779|127.0125599243742585_37.5672394044600324
2026-09-04T03:35:30.187978+09:00,DDP(동대문디자인플라자),DDP(동대문디자인플라자),POI083,KEY_4,1010014602,을지로45길,1010031202,신당동 251-159,127.0126037267031904_37.5669109428648440,1010025701,동대문역사문화공원역앞교차로,127.0098839022084150_37.5654422003783637,305.0,17.0,서행,127.0098839022084150_37.5654422003783637|127.0100974157430329_37.5657072126138019|127.0101962625768266_37.5657911237929127|127.0103255593623715_37.5658638616798513|127.0104711638876438_37.5659226884021962|127.0106627259196870_37.5659667614976271|127.0113681429240273_37.5661080259160514|127.0116029740556911_37.5661683625948655|127.0117984706255356_37.5662333437737743|127.0119835625390436_37.5663158266306780|127.0121493010753682_37.5664017556969796|127.0122987151525393_37.5665186435508005|127.0124137776696784_37.5666360853386863|127.0125158379894970_37.5667648439987900|127.0126009014704351_37.5669041991938073|127.0126037267031904_37.5669109428648440
2026-09-04T03:35:30.187978+09:00,DDP(동대문디자인플라자),DDP(동대문디자인플라자),POI083,KEY_4,1010014603,을지로45길,1010031812,운동장평화시장,127.0126485643679786_37.5678648322467907,1010031201,신당동 199-6,127.0126632942662184_37.5670642770788277,90.0,4.0,정체,127.0126632942662184_37.5670642770788277|127.0126915510936527_37.5672094829220882|127.0127159720722574_37.5673958521818534|127.0127233647992000_37.5675833278878599|127.0127156707868608_37.5676876829484456|127.0126844296511024_37.5677934334783714|127.0126485643679786_37.5678648322467907
2026-09-04T03:35:30.187978+09:00,DDP(동대문디자인플라자),DDP(동대문디자인플라자),POI083,KEY_4,1010014905,을지로,1010027503,동대문역사문화공원앞교차로,127.0077423203471056_37.5659686340729024,1010027300,동대문역사문화공원,127.0072093223593868_37.5660721727252351,48.0,36.0,원활,127.0072093223593868_37.5660721727252351|127.0077423203471056_37.5659686340729024
2026-09-04T03:35:30.187978+09:00,DDP(동대문디자인플라자),DDP(동대문디자인플라자),POI083,KEY_4,1010015005,을지로,1010028100,동대문역사문화공원,127.0072415247333453_37.5661772097702809,1010027504,동대문역사문화공원앞교차로,127.0077815127893501_37.5660723132225556,49.0,37.5,원활,127.0077815127893501_37.5660723132225556|127.0072415247333453_37.5661772097702809
2026-09-04T03:35:30.187978+09:00,DDP(동대문디자인플라자),DDP(동대문디자인플라자),POI083,KEY_4,1010017301,장충단로,1010027504,동대문역사문화공원앞교차로,127.0077815127893501_37.5660723132225556,1010028800,동대문역사문화공원,127.0080565712496110_37.5666288866091591,67.0,16.0,서행,127.0080565712496110_37.5666288866091591|127.0079624699871488_37.5664856769850175|127.0078715207442457_37.5663037548790442|127.0077815127893501_37.5660723132225556
2026-09-04T03:35:30.187978+09:00,DDP(동대문디자인플라자),DDP(동대문디자인플라자),POI083,KEY_4,1010017302,장충단로,1010143800,을지로6가 18-11,127.0082819372846643_37.5669476563761933,1010031703,을지로6가 18-11,127.0088451603658086_37.5677293203079117,100.0,19.0,서행,127.0088451603658086_37.5677293203079117|127.0082819372846643_37.5669476563761933
2026-09-04T03:35:30.187978+09:00,DDP(동대문디자인플라자),DDP(동대문디자인플라자),POI083,KEY_4,1010017303,장충단로,1010151400,을지로6가 18-11,127.0092239635291378_37.5682916548078154,1010033603,흥인시장,127.0095744381944343_37.5688379054322823,68.0,16.0,서행,127.0095744381944343_37.5688379054322823|127.0095441539168775_37.5687836818919578|127.0094685009096480_37.5686576314897209|127.0092239635291378_37.5682916548078154
2026-09-04T03:35:30.187978+09:00,DDP(동대문디자인플라자),DDP(동대문디자인플라자),POI083,KEY_4,1010017401,장충단로,1010031702,을지로6가 18-198,127.0089629856017694_37.5676755281945915,1010027501,동대문역사문화공원앞교차로,127.0079126423696891_37.5660438810911330,204.0,43.0,원활,127.0079126423696891_37.5660438810911330|127.0079996952631092_37.5662677235432056|127.0080860788338697_37.5664405124682617|127.0081769300446410_37.5665787757523901|127.0082204295207475_37.5666449752098757|127.0083997623679863_37.5668938645087991|127.0089629856017694_37.5676755281945915
2026-09-04T03:35:30.187978+09:00,DDP(동대문디자인플라자),DDP(동대문디자인플라자),POI083,KEY_4,1010017402,장충단로,1010033602,흥인시장,127.0096784540469628_37.5687579872561841,1010031701,을지로6가 18-11,127.0090328345347217_37.5677753546081874,123.0,33.0,원활,127.0090328345347217_37.5677753546081874|127.0093438877200214_37.5682408851308693|127.0095898005743607_37.5686089201824345|127.0096675199618375_37.5687384094390211|127.0096784540469628_37.5687579872561841
2026-09-04T03:35:30.187978+09:00,DDP(동대문디자인플라자),DDP(동대문디자인플라자),POI083,KEY_4,1010017405,장충단로,1010034701,청계6가사거리,127.0098099727011487_37.5696292980751281,1010033601,흥인시장,127.0097254442646317_37.5688636970958783,86.0,21.0,서행,127.0097254442646317_37.5688636970958783|127.0097710903643389_37.5690379675287076|127.0098052651739948_37.5692398786983972|127.0098225114876840_37.5694298296446618|127.0098099727011487_37.5696292980751281
2026-09-04T03:35:30.187978+09:00,DDP(동대문디자인플라자),DDP(동대문디자인플라자),POI083,KEY_4,1010017900,마장로,1010031811,운동장평화시장,127.0125602184103286_37.5679573189645097,1010032004,흥인사거리,127.0159347353495747_37.5680686203623893,300.0,17.0,서행,127.0159347353495747_37.5680686203623893|127.0156884666647272_37.5680616007632224|127.0144660810207995_37.5680903184376831|127.0138825710250785_37.5680999453562308|127.0137456855287041_37.5680989709988395|127.0136150764297582_37.5680980411691650|127.0132103478226497_37.5680672217406553|127.0129104055784666_37.5680323170113368|127.0127590991973818_37.5680014116303767|127.0127288182885081_37.5679952265176880|127.0125602184103286_37.5679573189645097
2026-09-04T03:35:30.187978+09:00,DDP(동대문디자인플라자),DDP(동대문디자인플라자),POI083,KEY_4,1010018000,마장로,1010140800,신당동 208-5,127.0127928615110591_37.5678966848153522,1010031812,운동장평화시장,127.0126485643679786_37.5678648322467907,13.0,14.0,정체,127.0126485643679786_37.5678648322467907|127.0127641662878943_37.5678908234252873|127.0127928615110591_37.5678966848153522
2026-09-04T03:35:30.187978+09:00,DDP(동대문디자인플라자),DDP(동대문디자인플라자),POI083,KEY_4,1010018701,마장로,1010152800,신당동 204-97,127.0117072992637475_37.5679805134442333,1010031814,운동장평화시장,127.0124154726912309_37.5679435535466197,63.0,16.0,서행,127.0124154726912309_37.5679435535466197|127.0122590074739151_37.5679378566801887|127.0120605595701875_37.5679355192139823|127.0119126210582579_37.5679377984365175|127.0117849221734048_37.5679599090739913|127.0117072992637475_37.5679805134442333
2026-09-04T03:35:30.187978+09:00,DDP(동대문디자인플라자),DDP(동대문디자인플라자),POI083,KEY_4,1010018702,마장로,1010033601,흥인시장,127.0097254442646317_37.5688636970958783,1010031806,신당동 220-37,127.0108933564805653_37.5683374957941965,119.0,14.0,정체,127.0108933564805653_37.5683374957941965|127.0103128324394817_37.5685983229940632|127.0098862405464928_37.5687745410715479|127.0097254442646317_37.5688636970958783
2026-09-04T03:35:30.187978+09:00,DDP(동대문디자인플라자),DDP(동대문디자인플라자),POI083,KEY_4,1010018801,마장로,1010031805,신당동 222-3,127.0108265877144618_37.5682433405487259,1010033602,흥인시장,127.0096784540469628_37.5687579872561841,117.0,10.0,정체,127.0096784540469628_37.5687579872561841|127.0098158423830341_37.5686818101705882|127.0102481441824267_37.5685032330426054|127.0108265877144618_37.5682433405487259
2026-09-04T03:35:30.187978+09:00,DDP(동대문디자인플라자),DDP(동대문디자인플라자),POI083,KEY_4,1010018802,마장로,1010031813,운동장평화시장,127.0124984243057042_37.5678383411287697,1010031804,신당동 204-25,127.0109614857434366_37.5681827306582221,145.0,9.5,정체,127.0109614857434366_37.5681827306582221|127.0116044562520585_37.5678938389136974|127.0116643298441801_37.5678779462685810|127.0117488970436739_37.5678554989719800|127.0118967207613707_37.5678299039982804|127.0120602489677566_37.5678273844402426|127.0122631167441938_37.5678297737057392|127.0124984243057042_37.5678383411287697
2026-09-04T03:35:30.187978+09:00,DDP(동대문디자인플라자),DDP(동대문디자인플라자),POI083,KEY_4,1010018902,마장로1길,1010031814,운동장평화시장,127.0124154726912309_37.5679435535466197,1010031809,신당동222-8,127.0122750629742399_37.5683759183048167,50.0,5.0,정체,127.0122750629742399_37.5683759183048167|127.0123180657187021_37.5681383238811932|127.0123497877902849_37.5680414779446536|127.0124154726912309_37.5679435535466197
2026-09-04T03:35:30.187978+09:00,DDP(동대문디자인플라자),DDP(동대문디자인플라자),POI083,KEY_4,1010019001,마장로1길,1010031808,신당동222-8,127.0124095059075984_37.5683913354501371,1010031811,운동장평화시장,127.0125602184103286_37.5679573189645097,51.0,11.0,정체,127.0125602184103286_37.5679573189645097|127.0124771732185138_37.5680811245796917|127.0124514225665706_37.5681597391732680|127.0124095059075984_37.5683913354501371
2026-09-04T03:35:30.187978+09:00,DDP(동대문디자인플라자),DDP(동대문디자인플라자),POI083,KEY_4,1010037500,퇴계로,1010022000,광희동1가202-5,127.0064842473273927_37.5641466003637774,1010022800,동대문역사문화공원역(서울5호선),127.0065706763448077_37.5644406429326594,48.0,34.0,원활,127.0065706763448077_37.5644406429326594|127.0066811536361087_37.5643775516764293|127.0066907310278452_37.5643088952173088|127.0066691623191701_37.5642345191936187|127.0066041857510015_37.5641759869182650|127.0064842473273927_37.5641466003637774
2026-09-04T03:35:30.187978+09:00,DDP(동대문디자인플라자),DDP(동대문디자인플라자),POI083,KEY_4,1010038000,장충단로,1010023800,광희동2가9,127.0074212496598989_37.5647191039854818,1010022600,동대문역사문화공원역(서울4호선),127.0077454141687099_37.5643181758701132,63.0,21.0,서행,127.0077454141687099_37.5643181758701132|127.0075819683701184_37.5643336340610148|127.0075100991725066_37.5643889445091830|127.0074478177686927_37.5644766757582289|127.0073975133061595_37.5645491496537787|127.0074212496598989_37.5647191039854818
2026-09-04T03:35:30.187978+09:00,DDP(동대문디자인플라자),DDP(동대문디자인플라자),POI083,KEY_4,1010038700,마른내로,1010023000,광희동1가169-1,127.0066022342274863_37.5645458036535800,1010024100,광희동2가9,127.0072910181171153_37.5647498099421497,71.0,22.0,서행,127.0072910181171153_37.5647498099421497|127.0070884576186359_37.5645796826538856|127.0069375173959259_37.5645243848659760|127.0068231515665786_37.5645069004905352|127.0066022342274863_37.5645458036535800
2026-09-04T03:35:30.187978+09:00,DDP(동대문디자인플라자),DDP(동대문디자인플라자),POI083,KEY_4,1010040800,을지로,1010026900,동대문역사문화공원,127.0084142117340065_37.5657933815894935,1010026500,동대문역사문화공원,127.0077330726616651_37.5655591691889441,68.0,11.0,정체,127.0077330726616651_37.5655591691889441|127.0079381871399988_37.5656946131292102|127.0081740368883487_37.5657810133705610|127.0084142117340065_37.5657933815894935
2026-09-04T03:35:30.187978+09:00,DDP(동대문디자인플라자),DDP(동대문디자인플라자),POI083,KEY_4,1010041000,장충단로,1010026800,동대문역사문화공원,127.0076027310937263_37.5655895835695972,1010027300,동대문역사문화공원,127.0072093223593868_37.5660721727252351,68.0,36.0,원활,127.0072093223593868_37.5660721727252351|127.0074103827092529_37.5659777349919963|127.0075077022791419_37.5658704535518240|127.0075937893706595_37.5657363546045602|127.0076027310937263_37.5655895835695972
2026-09-04T03:35:30.187978+09:00,DDP(동대문디자인플라자),DDP(동대문디자인플라자),POI083,KEY_4,1010041500,퇴계로71길,1010024504,성동여자실업고교앞,127.0122824244794231_37.5649718786512210,1010031202,신당동 251-159,127.0126037267031904_37.5669109428648440,244.0,13.0,정체,127.0126037267031904_37.5669109428648440|127.0126412307703134_37.5668474033094597|127.0126698024754859_37.5667546274016004|127.0127005738834924_37.5665576114049742|127.0127364488098749_37.5663279184632444|127.0127338355630116_37.5663230668818073|127.0123319930443841_37.5662096732445008|127.0122708949118078_37.5661506328379602|127.0122755975942681_37.5650242043360834|127.0122824244794231_37.5649718786512210
2026-09-04T03:35:30.187978+09:00,DDP(동대문디자인플라자),DDP(동대문디자인플라자),POI083,KEY_4,1010041800,을지로,1010028100,동대문역사문화공원,127.0072415247333453_37.5661772097702809,1010028800,동대문역사문화공원,127.0080565712496110_37.5666288866091591,89.0,36.0,원활,127.0080565712496110_37.5666288866091591|127.0077173922156106_37.5663889362043406|127.0073916863854606_37.5661982459288595|127.0072415247333453_37.5661772097702809
2026-09-04T03:35:30.187978+09:00,DDP(동대문디자인플라자),DDP(동대문디자인플라자),POI083,KEY_4,1010044900,장충단로13길,1010031901,현대시티아울렛(동대문점),127.0078041379920819_37.5680116507579029,1010031704,을지로6가 18-11,127.0089129103870960_37.5678261241420017,100.0,13.0,정체,127.0089129103870960_37.5678261241420017|127.0087521862193825_37.5678639356992790|127.0078041379920819_37.5680116507579029
2026-09-04T03:35:30.187978+09:00,DMC(디지털미디어시티),DMC(디지털미디어시티),POI084,KEY_1,1110086500,증산로,1130046402,은평구-마포구,126.9017527415007578_37.5765539742255541,1110005500,증산교,126.9034752758808793_37.5781798772630822,236.0,66.0,원활,126.9034752758808793_37.5781798772630822|126.9026029745643172_37.5773591500215929|126.9017527415007578_37.5765539742255541
2026-09-04T03:35:30.187978+09:00,DMC(디지털미디어시티),DMC(디지털미디어시티),POI084,KEY_1,1130007102,증산로,1130043500,성산동491-1,126.8990562961894852_37.5737647959106411,1130044402,증산지하차도(남측),126.8995968764490669_37.5743540467505426,81.0,49.0,원활,126.8995968764490669_37.5743540467505426|126.8992398926530143_37.5739603793572670|126.8990562961894852_37.5737647959106411
2026-09-04T03:35:30.187978+09:00,DMC(디지털미디어시티),DMC(디지털미디어시티),POI084,KEY_1,1110086400,증산로,1110025301,증산지하차도(북측),126.9039758261172608_37.5784870932225132,1130046401,은평구-마포구,126.9018567383502045_37.5764844121927837,291.0,75.0,원활,126.9018567383502045_37.5764844121927837|126.9027068325619041_37.5772894554844186|126.9035789940010091_37.5781100503089647|126.9039758261172608_37.5784870932225132
2026-09-04T03:35:30.187978+09:00,DMC(디지털미디어시티),DMC(디지털미디어시티),POI084,KEY_1,1130007202,증산로,1130044401,증산지하차도(남측),126.8997070239019962_37.5742907695769190,1130044100,성산동488-2,126.8993493776716974_37.5738963850184291,54.0,55.0,원활,126.8993493776716974_37.5738963850184291|126.8997070239019962_37.5742907695769190
2026-09-04T03:35:30.187978+09:00,DMC(디지털미디어시티),DMC(디지털미디어시티),POI084,KEY_1,1130007501,증산로,1130044402,증산지하차도(남측),126.8995968764490669_37.5743540467505426,1130046402,은평구-마포구,126.9017527415007578_37.5765539742255541,310.0,65.0,원활,126.9017527415007578_37.5765539742255541|126.9006134456184895_37.5754750169051093|126.8995968764490669_37.5743540467505426
2026-09-04T03:35:30.187978+09:00,DMC(디지털미디어시티),DMC(디지털미디어시티),POI084,KEY_1,1130007601,증산로,1130046401,은평구-마포구,126.9018567383502045_37.5764844121927837,1130044401,증산지하차도(남측),126.8997070239019962_37.5742907695769190,309.0,71.0,원활,126.8997070239019962_37.5742907695769190|126.9007206641610566_37.5754085065304366|126.9018567383502045_37.5764844121927837
2026-09-04T03:35:30.187978+09:00,DMC(디지털미디어시티),DMC(디지털미디어시티),POI084,KEY_1,1130023901,성암로,1130045102,중동교,126.9008492951027023_37.5752640367100312,1130003202,중동교,126.9005739786039442_37.5754350244651292,31.0,37.5,원활,126.9005739786039442_37.5754350244651292|126.9008492951027023_37.5752640367100312
2026-09-04T03:35:30.187978+09:00,DMC(디지털미디어시티),DMC(디지털미디어시티),POI084,KEY_1,1130023902,성암로,1130044702,중동교,126.9013932137603007_37.5749262274768512,1130045102,중동교,126.9008492951027023_37.5752640367100312,61.0,42.0,원활,126.9008492951027023_37.5752640367100312|126.9013932137603007_37.5749262274768512
2026-09-04T03:35:30.187978+09:00,DMC(디지털미디어시티),DMC(디지털미디어시티),POI084,KEY_1,1130024001,성암로,1130003201,중동교,126.9006575479311749_37.5755202637415948,1130045101,중동교,126.9009328670204440_37.5753492743804642,31.0,47.0,원활,126.9009328670204440_37.5753492743804642|126.9006575479311749_37.5755202637415948
2026-09-04T03:35:30.187978+09:00,DMC(디지털미디어시티),DMC(디지털미디어시티),POI084,KEY_1,1130024002,성암로,1130045101,중동교,126.9009328670204440_37.5753492743804642,1130044701,중동교,126.9014751720981593_37.5750124364249984,61.0,51.0,원활,126.9014751720981593_37.5750124364249984|126.9009328670204440_37.5753492743804642
2026-09-04T03:35:30.187978+09:00,DMC(디지털미디어시티),DMC(디지털미디어시티),POI084,KEY_1,1130024500,월드컵로,1130042904,월드컵파크3단지교차로,126.8880419598859106_37.5730202691865927,1130007302,디지털미디어시티입구교차로,126.8865044792722472_37.5740977172547161,181.0,16.0,서행,126.8865044792722472_37.5740977172547161|126.8871887145199224_37.5736835642442912|126.8876417608668987_37.5733592229529521|126.8880419598859106_37.5730202691865927
2026-09-04T03:35:30.187978+09:00,DMC(디지털미디어시티),DMC(디지털미디어시티),POI084,KEY_1,1130024600,월드컵로,1130007301,디지털미디어시티입구교차로,126.8865867067047475_37.5741837779433610,1130042901,월드컵파크3단지교차로,126.8881409491589523_37.5730943102150050,183.0,44.0,원활,126.8881409491589523_37.5730943102150050|126.8877368451630474_37.5734365727853401|126.8872753969699261_37.5737669286614562|126.8865867067047475_37.5741837779433610
2026-09-04T03:35:30.187978+09:00,DMC(디지털미디어시티),DMC(디지털미디어시티),POI084,KEY_1,1130024700,매봉산로,1130042901,월드컵파크3단지교차로,126.8881409491589523_37.5730943102150050,1130044603,월드컵파크2단지사거리,126.8900041088949990_37.5748995117424016,259.0,24.0,서행,126.8900041088949990_37.5748995117424016|126.8887517450962719_37.5736649009094705|126.8882989940305492_37.5732185545011106|126.8881409491589523_37.5730943102150050
2026-09-04T03:35:30.187978+09:00,DMC(디지털미디어시티),DMC(디지털미디어시티),POI084,KEY_1,1130025000,상암산로,1130045802,월드컵파크4단지앞교차로,126.8883797106704350_37.5759449782012638,1130007301,디지털미디어시티입구교차로,126.8865867067047475_37.5741837779433610,252.0,18.0,서행,126.8865867067047475_37.5741837779433610|126.8883797106704350_37.5759449782012638
2026-09-04T03:35:30.187978+09:00,DMC(디지털미디어시티),DMC(디지털미디어시티),POI084,KEY_1,1130025302,성중길,1130007104,중암교앞교차로,126.9003625466799292_37.5723898224647499,1130045702,서대문구-마포구,126.9024294366205226_37.5761197309857309,466.0,24.0,서행,126.9024294366205226_37.5761197309857309|126.9018138955969306_37.5755687499806541|126.9015618580273497_37.5753284999021275|126.9015478912081676_37.5753035295780435|126.9013739001951961_37.5749924613626689|126.9010880430100201_37.5745239321889599|126.9010138467866540_37.5744247403146971|126.9008681130194560_37.5742299100118871|126.9006382435482010_37.5739161941188797|126.9004842258342904_37.5736112507413580|126.9004169598244971_37.5732829734208806|126.9003697155043966_37.5725880171336186|126.9003625466799292_37.5723898224647499
2026-09-04T03:35:30.187978+09:00,DMC(디지털미디어시티),DMC(디지털미디어시티),POI084,KEY_1,1130025401,성중길,1130110700,중동 89-7,126.9011305691405198_37.5743694314635519,1130007101,중암교앞교차로,126.9004948048543895_37.5722892982473482,243.0,36.0,원활,126.9004948048543895_37.5722892982473482|126.9005054484899944_37.5725835401371313|126.9005522055344244_37.5732713168361343|126.9006158741737522_37.5735820315699272|126.9007605822510385_37.5738685434168076|126.9009851491210696_37.5741750196416930|126.9011305691405198_37.5743694314635519
2026-09-04T03:35:30.187978+09:00,DMC(디지털미디어시티),DMC(디지털미디어시티),POI084,KEY_1,1130025504,월드컵북로,1130227400,상암동 1715,126.8928691721298350_37.5767846610504463,1130046802,상암초교앞교차로,126.8923681066395375_37.5770772862630835,55.0,49.0,원활,126.8923681066395375_37.5770772862630835|126.8928691721298350_37.5767846610504463
2026-09-04T03:35:30.187978+09:00,DMC(디지털미디어시티),DMC(디지털미디어시티),POI084,KEY_1,1130025601,월드컵북로,1130043400,상암동24-59,126.8984326017897075_37.5737046034107323,1130043204,상암사거리,126.8988065387872979_37.5734987293495166,40.0,40.5,원활,126.8988065387872979_37.5734987293495166|126.8984326017897075_37.5737046034107323
2026-09-04T03:35:30.187978+09:00,DMC(디지털미디어시티),DMC(디지털미디어시티),POI084,KEY_1,1130025602,월드컵북로,1130044206,서울시시설관리공단,126.8974443493847133_37.5742486819677097,1130043400,상암동24-59,126.8984326017897075_37.5737046034107323,106.0,50.5,원활,126.8984326017897075_37.5737046034107323|126.8974443493847133_37.5742486819677097
2026-09-04T03:35:30.187978+09:00,DMC(디지털미디어시티),DMC(디지털미디어시티),POI084,KEY_1,1130025604,월드컵북로,1130232200,상암동 37-2,126.8939439911347620_37.5762910507855992,1130045604,월드컵파크1단지교차로,126.8947828040230235_37.5758011541261752,92.0,21.0,서행,126.8947828040230235_37.5758011541261752|126.8939439911347620_37.5762910507855992
2026-09-04T03:35:30.187978+09:00,DMC(디지털미디어시티),DMC(디지털미디어시티),POI084,KEY_1,1130025605,월드컵북로,1130044202,상암동31-1,126.8958974025637474_37.5751501684494542,1130044209,서울시시설관리공단,126.8973331824673920_37.5743115641671324,157.0,16.0,서행,126.8973331824673920_37.5743115641671324|126.8958974025637474_37.5751501684494542
2026-09-04T03:35:30.187978+09:00,DMC(디지털미디어시티),DMC(디지털미디어시티),POI084,KEY_1,1130025606,월드컵북로,1130143900,상암동 31-1,126.8954351096876678_37.5754201750939032,1130044205,상암동31-1,126.8957878809720938_37.5752141359076433,39.0,43.5,원활,126.8957878809720938_37.5752141359076433|126.8954351096876678_37.5754201750939032
2026-09-04T03:35:30.187978+09:00,DMC(디지털미디어시티),DMC(디지털미디어시티),POI084,KEY_1,1130025702,상암산로,1130044603,월드컵파크2단지사거리,126.8900041088949990_37.5748995117424016,1130045802,월드컵파크4단지앞교차로,126.8883797106704350_37.5759449782012638,185.0,20.0,서행,126.8883797106704350_37.5759449782012638|126.8891094429257294_37.5754773087779412|126.8892146635848093_37.5754096006289160|126.8900041088949990_37.5748995117424016
2026-09-04T03:35:30.187978+09:00,DMC(디지털미디어시티),DMC(디지털미디어시티),POI084,KEY_1,1130025801,상암산로,1130045301,한국공공정책신문,126.8893002827802974_37.5754935420065124,1130044604,월드컵파크2단지사거리,126.8900888980952288_37.5749839882549139,90.0,27.0,원활,126.8900888980952288_37.5749839882549139|126.8893002827802974_37.5754935420065124
2026-09-04T03:35:30.187978+09:00,DMC(디지털미디어시티),DMC(디지털미디어시티),POI084,KEY_1,1130025802,상암산로,1130045801,월드컵파크4단지앞교차로,126.8884645575662233_37.5760294154012371,1130045304,한국공공정책신문,126.8891946406988893_37.5755615201432676,83.0,25.0,원활,126.8891946406988893_37.5755615201432676|126.8884645575662233_37.5760294154012371
2026-09-04T03:35:30.187978+09:00,DMC(디지털미디어시티),DMC(디지털미디어시티),POI084,KEY_1,1130025901,매봉산로,1130149100,상암동 1718,126.8907491326159800_37.5756486885100287,1130046303,상암초등학교,126.8915532409193361_37.5764582146745170,115.0,13.0,정체,126.8915532409193361_37.5764582146745170|126.8907491326159800_37.5756486885100287
2026-09-04T03:35:30.187978+09:00,DMC(디지털미디어시티),DMC(디지털미디어시티),POI084,KEY_1,1130025902,매봉산로,1130046304,상암초등학교,126.8916385575081733_37.5765423522413826,1130046803,상암초교앞교차로,126.8922586587650017_37.5771415893312337,86.0,13.0,정체,126.8922586587650017_37.5771415893312337|126.8916385575081733_37.5765423522413826
2026-09-04T03:35:30.187978+09:00,DMC(디지털미디어시티),DMC(디지털미디어시티),POI084,KEY_1,1130026001,매봉산로,1130046802,상암초교앞교차로,126.8923681066395375_37.5770772862630835,1130044601,월드컵파크2단지사거리,126.8901922548791532_37.5749137067317420,308.0,25.0,원활,126.8901922548791532_37.5749137067317420|126.8908556979909861_37.5755816358774624|126.8916598070790513_37.5763911610855672|126.8917434171382297_37.5764736169634261|126.8923681066395375_37.5770772862630835
2026-09-04T03:35:30.187978+09:00,DMC(디지털미디어시티),DMC(디지털미디어시티),POI084,KEY_1,1130026401,상암산로,1130047102,중앙일보빌딩,126.8899246502134446_37.5775017541936762,1130045801,월드컵파크4단지앞교차로,126.8884645575662233_37.5760294154012371,208.0,12.0,정체,126.8884645575662233_37.5760294154012371|126.8899246502134446_37.5775017541936762
2026-09-04T03:35:30.187978+09:00,DMC(디지털미디어시티),DMC(디지털미디어시티),POI084,KEY_1,1130026402,상암산로,1130047502,디지털미디어시티앞교차로,126.8905616249283810_37.5781439913648541,1130047101,중앙일보빌딩,126.8900088184744988_37.5775866225538309,79.0,17.0,서행,126.8900088184744988_37.5775866225538309|126.8905616249283810_37.5781439913648541
2026-09-04T03:35:30.187978+09:00,DMC(디지털미디어시티),DMC(디지털미디어시티),POI084,KEY_1,1130026500,월드컵북로,1130046803,상암초교앞교차로,126.8922586587650017_37.5771415893312337,1130047502,디지털미디어시티앞교차로,126.8905616249283810_37.5781439913648541,187.0,28.5,원활,126.8905616249283810_37.5781439913648541|126.8922586587650017_37.5771415893312337
2026-09-04T03:35:30.187978+09:00,DMC(디지털미디어시티),DMC(디지털미디어시티),POI084,KEY_1,1130026600,월드컵북로,1130047501,디지털미디어시티앞교차로,126.8906465242374253_37.5782284856381139,1130046804,상암초교앞교차로,126.8923444009224255_37.5772255856267208,187.0,33.5,원활,126.8923444009224255_37.5772255856267208|126.8906465242374253_37.5782284856381139
2026-09-04T03:35:30.187978+09:00,DMC(디지털미디어시티),DMC(디지털미디어시티),POI084,KEY_1,1130026701,성암로,1130003202,중동교,126.9005739786039442_37.5754350244651292,1130045502,상암동 1154-1,126.9002568597358760_37.5756319717856542,36.0,36.0,원활,126.9002568597358760_37.5756319717856542|126.9005739786039442_37.5754350244651292
2026-09-04T03:35:30.187978+09:00,DMC(디지털미디어시티),DMC(디지털미디어시티),POI084,KEY_1,1130026702,성암로,1130045503,상암동 1154-1,126.9001493992533227_37.5756987098997470,1130046002,수색역(서측),126.8994866230595164_37.5761479863590679,77.0,44.0,원활,126.8994866230595164_37.5761479863590679|126.9000166173634625_37.5757811735134624|126.9001493992533227_37.5756987098997470
2026-09-04T03:35:30.187978+09:00,DMC(디지털미디어시티),DMC(디지털미디어시티),POI084,KEY_1,1130026703,성암로,1130046003,수색역(서측),126.8993841122573514_37.5762189341099884,1130046602,데일리임팩트,126.8986663047599421_37.5767157224527040,84.0,43.0,원활,126.8986663047599421_37.5767157224527040|126.8993841122573514_37.5762189341099884
2026-09-04T03:35:30.187978+09:00,DMC(디지털미디어시티),DMC(디지털미디어시티),POI084,KEY_1,1130026704,성암로,1130046603,데일리임팩트,126.8985637517100145_37.5767866976523521,1130047002,디지털미디어시티역(공항철도),126.8977378225588240_37.5773583009889691,97.0,37.0,원활,126.8977378225588240_37.5773583009889691|126.8985637517100145_37.5767866976523521
2026-09-04T03:35:30.187978+09:00,DMC(디지털미디어시티),DMC(디지털미디어시티),POI084,KEY_1,1130026705,성암로,1130228300,상암동 1695,126.8955455733531608_37.5788472502048592,1130008002,성암삼거리,126.8947203404407986_37.5794074408454364,96.0,34.0,원활,126.8947203404407986_37.5794074408454364|126.8955455733531608_37.5788472502048592
2026-09-04T03:35:30.187978+09:00,DMC(디지털미디어시티),DMC(디지털미디어시티),POI084,KEY_1,1130026801,성암로,1130046001,수색역(서측),126.8995757632913666_37.5762295729790523,1130003201,중동교,126.9006575479311749_37.5755202637415948,124.0,32.0,원활,126.9006575479311749_37.5755202637415948|126.9003404289748858_37.5757172113524263|126.9002329685327624_37.5757839495594794|126.9001030333946005_37.5758646453959528|126.8995757632913666_37.5762295729790523
2026-09-04T03:35:30.187978+09:00,DMC(디지털미디어시티),DMC(디지털미디어시티),POI084,KEY_1,1130026803,성암로,1130047001,디지털미디어시티역(공항철도),126.8978269624122817_37.5774398889533572,1130046004,수색역(서측),126.8994732524635225_37.5763005208021355,193.0,32.0,원활,126.8994732524635225_37.5763005208021355|126.8987554448355439_37.5767973097372874|126.8986528917860852_37.5768682850013249|126.8978269624122817_37.5774398889533572
2026-09-04T03:35:30.187978+09:00,DMC(디지털미디어시티),DMC(디지털미디어시티),POI084,KEY_1,1130026805,성암로,1130008001,성암삼거리,126.8948085001043040_37.5794897016194511,1130047004,디지털미디어시티역(공항철도),126.8977228468471594_37.5775112990256872,338.0,32.0,원활,126.8977228468471594_37.5775112990256872|126.8968720930318739_37.5780888511044466|126.8964379623555487_37.5783835639945067|126.8956337334028035_37.5789295104891039|126.8948085001043040_37.5794897016194511
2026-09-04T03:35:30.187978+09:00,DMC(디지털미디어시티),DMC(디지털미디어시티),POI084,KEY_1,1130027102,매봉산로,1130231200,상암동 1708,126.8936160448470645_37.5784875021319564,1130008003,성암삼거리,126.8946161530180916_37.5794768573100697,141.0,13.0,정체,126.8946161530180916_37.5794768573100697|126.8943001506249146_37.5791642562783039|126.8936160448470645_37.5784875021319564
2026-09-04T03:35:30.187978+09:00,DMC(디지털미디어시티),DMC(디지털미디어시티),POI084,KEY_1,1130027201,매봉산로,1130047402,상암동주민센터,126.8931728779294730_37.5778763973820418,1130046801,상암초교앞교차로,126.8924537995065407_37.5771613452104063,102.0,20.0,서행,126.8924537995065407_37.5771613452104063|126.8931728779294730_37.5778763973820418
2026-09-04T03:35:30.187978+09:00,DMC(디지털미디어시티),DMC(디지털미디어시티),POI084,KEY_1,1130027202,매봉산로,1130229600,상암동 1708,126.8935960933187062_37.5782952804950696,1130047401,상암동주민센터,126.8932580052658352_37.5779608186309133,48.0,11.0,정체,126.8932580052658352_37.5779608186309133|126.8935960933187062_37.5782952804950696
2026-09-04T03:35:30.187978+09:00,DMC(디지털미디어시티),DMC(디지털미디어시티),POI084,KEY_1,1130027801,월드컵북로,1130047701,월드컵파크5단지교차로,126.8879562129837808_37.5798223834944807,1130047504,디지털미디어시티앞교차로,126.8905373393383655_37.5782929771257415,284.0,38.3,원활,126.8905373393383655_37.5782929771257415|126.8890176540088817_37.5791905774580002|126.8879562129837808_37.5798223834944807
2026-09-04T03:35:30.187978+09:00,DMC(디지털미디어시티),DMC(디지털미디어시티),POI084,KEY_1,1130027802,월드컵북로,1130048401,LGCNS상암IT센터,126.8869393016809539_37.5804276653714808,1130047704,월드컵파크5단지교차로,126.8878473615480118_37.5798871744750684,100.0,16.0,서행,126.8878473615480118_37.5798871744750684|126.8869393016809539_37.5804276653714808
2026-09-04T03:35:30.187978+09:00,DMC(디지털미디어시티),DMC(디지털미디어시티),POI084,KEY_1,1130027803,월드컵북로,1130049001,상암ITTower,126.8860549963467577_37.5809540024161706,1130048404,LGCNS상암IT센터,126.8868304001961178_37.5804924841435763,86.0,16.0,서행,126.8868304001961178_37.5804924841435763|126.8860549963467577_37.5809540024161706
2026-09-04T03:35:30.187978+09:00,DMC(디지털미디어시티),DMC(디지털미디어시티),POI084,KEY_1,1130027804,월드컵북로,1130049401,월드컵파크6단지앞교차로,126.8850370693500054_37.5815595588284097,1130049004,상암ITTower,126.8859461297215887_37.5810187825645698,100.0,23.0,서행,126.8859461297215887_37.5810187825645698|126.8850370693500054_37.5815595588284097
2026-09-04T03:35:30.187978+09:00,DMC(디지털미디어시티),DMC(디지털미디어시티),POI084,KEY_1,1130028101,성암로,1130008003,성암삼거리,126.8946161530180916_37.5794768573100697,1130048702,YTN미디어센터,126.8929940644010941_37.5805367573738849,185.0,39.0,원활,126.8929940644010941_37.5805367573738849|126.8946161530180916_37.5794768573100697
2026-09-04T03:35:30.187978+09:00,DMC(디지털미디어시티),DMC(디지털미디어시티),POI084,KEY_1,1130028102,성암로,1130048703,YTN미디어센터,126.8928902450410732_37.5806065277136980,1130049802,MBC글로벌미디어센터,126.8902432196895802_37.5821317158528529,290.0,13.0,정체,126.8902432196895802_37.5821317158528529|126.8916848633843983_37.5814405541822225|126.8928902450410732_37.5806065277136980
2026-09-04T03:35:30.187978+09:00,DMC(디지털미디어시티),DMC(디지털미디어시티),POI084,KEY_1,1130028103,성암로,1130049803,MBC글로벌미디어센터,126.8901255531158938_37.5821872546751976,1130051107,상암월드컵7단지,126.8870844323033538_37.5835933665662054,311.0,46.0,원활,126.8870844323033538_37.5835933665662054|126.8882017895862475_37.5830840500806644|126.8901255531158938_37.5821872546751976
2026-09-04T03:35:30.187978+09:00,DMC(디지털미디어시티),DMC(디지털미디어시티),POI084,KEY_1,1130028201,성암로,1130048701,YTN미디어센터,126.8930802693829634_37.5806203208228027,1130008004,성암삼거리,126.8947023591175594_37.5795604200954330,185.0,30.0,원활,126.8947023591175594_37.5795604200954330|126.8930802693829634_37.5806203208228027
2026-09-04T03:35:30.187978+09:00,DMC(디지털미디어시티),DMC(디지털미디어시티),POI084,KEY_1,1130028202,성암로,1130049801,MBC글로벌미디어센터,126.8903133236235590_37.5822243292954283,1130048704,YTN미디어센터,126.8929793808815418_37.5806881204146705,292.0,47.3,원활,126.8929793808815418_37.5806881204146705|126.8917650856113539_37.5815283151309529|126.8903133236235590_37.5822243292954283
2026-09-04T03:35:30.187978+09:00,DMC(디지털미디어시티),DMC(디지털미디어시티),POI084,KEY_1,1130028203,성암로,1130051106,상암월드컵7단지,126.8871519552963463_37.5836871858182704,1130049804,MBC글로벌미디어센터,126.8901942208562588_37.5822805460614902,311.0,43.0,원활,126.8901942208562588_37.5822805460614902|126.8882698867831635_37.5831776087941023|126.8871519552963463_37.5836871858182704
2026-09-04T03:35:30.187978+09:00,DMC(디지털미디어시티),DMC(디지털미디어시티),POI084,KEY_1,1130028401,월드컵북로,1130049701,상암동 1715,126.8840285649525583_37.5821600609072348,1130049404,월드컵파크6단지앞교차로,126.8849281565869092_37.5816243792028004,99.0,32.0,원활,126.8849281565869092_37.5816243792028004|126.8840285649525583_37.5821600609072348
2026-09-04T03:35:30.187978+09:00,DMC(디지털미디어시티),DMC(디지털미디어시티),POI084,KEY_1,1130028402,월드컵북로,1130050603,월드컵파크7단지앞교차로,126.8821398763244019_37.5833081209194830,1130049704,상암동 1715,126.8839196519033266_37.5822248985580174,198.0,13.0,정체,126.8839196519033266_37.5822248985580174|126.8826686765652312_37.5829694057582486|126.8821398763244019_37.5833081209194830
2026-09-04T03:35:30.187978+09:00,DMC(디지털미디어시티),DMC(디지털미디어시티),POI084,KEY_1,1130029202,가양대로,1130051308,DMC첨단산업센터앞교차로,126.8843531662040931_37.5848817670797217,1130050603,월드컵파크7단지앞교차로,126.8821398763244019_37.5833081209194830,262.0,50.0,원활,126.8821398763244019_37.5833081209194830|126.8843531662040931_37.5848817670797217
2026-09-04T03:35:30.187978+09:00,DMC(디지털미디어시티),DMC(디지털미디어시티),POI084,KEY_1,1130029301,성암로,1130051104,서울드와이트외국인학교,126.8858869388385102_37.5841637180196386,1130051308,DMC첨단산업센터앞교차로,126.8843531662040931_37.5848817670797217,157.0,37.0,원활,126.8843531662040931_37.5848817670797217|126.8858869388385102_37.5841637180196386
2026-09-04T03:35:30.187978+09:00,DMC(디지털미디어시티),DMC(디지털미디어시티),POI084,KEY_1,1130029302,성암로,1130051108,상암월드컵7단지,126.8869679526118830_37.5836502072271372,1130051103,서울드와이트외국인학교,126.8860048570749086_37.5841085121615635,99.0,14.0,정체,126.8860048570749086_37.5841085121615635|126.8868092634666596_37.5837319073182599|126.8869679526118830_37.5836502072271372
2026-09-04T03:35:30.187978+09:00,DMC(디지털미디어시티),DMC(디지털미디어시티),POI084,KEY_1,1130029403,성암로,1130051105,속성변화점,126.8859558279229987_37.5842569077612083,1130051109,상암월드컵7단지,126.8870417489205096_37.5837409855167053,112.0,41.0,원활,126.8870417489205096_37.5837409855167053|126.8868806383061525_37.5838239328711907|126.8860737463692487_37.5842017018027050|126.8859558279229987_37.5842569077612083
2026-09-04T03:35:30.187978+09:00,DMC(디지털미디어시티),DMC(디지털미디어시티),POI084,KEY_1,1130029404,성암로,1130051307,DMC첨단산업센터앞교차로,126.8844595822825880_37.5849573881018273,1130051105,속성변화점,126.8859558279229987_37.5842569077612083,153.0,16.0,서행,126.8859558279229987_37.5842569077612083|126.8844595822825880_37.5849573881018273
2026-09-04T03:35:30.187978+09:00,DMC(디지털미디어시티),DMC(디지털미디어시티),POI084,KEY_1,1130029701,가양대로,1130051302,상암동800-2,126.8855807691684419_37.5858988231682716,1110002104,수색교앞교차로,126.8871491881332076_37.5870129955381955,186.0,22.0,서행,126.8871491881332076_37.5870129955381955|126.8855807691684419_37.5858988231682716
2026-09-04T03:35:30.187978+09:00,DMC(디지털미디어시티),DMC(디지털미디어시티),POI084,KEY_1,1130029803,가양대로,1130051304,상암동800-2,126.8855698926924163_37.5857461653515301,1130051307,DMC첨단산업센터앞교차로,126.8844595822825880_37.5849573881018273,131.0,39.0,원활,126.8844595822825880_37.5849573881018273|126.8855698926924163_37.5857461653515301
2026-09-04T03:35:30.187978+09:00,DMC(디지털미디어시티),DMC(디지털미디어시티),POI084,KEY_1,1130029804,가양대로,1110002103,수색교앞교차로,126.8872427699533461_37.5869345435850164,1130051303,상암동800-2,126.8856712462701211_37.5858181666906503,186.0,18.0,서행,126.8856712462701211_37.5858181666906503|126.8872427699533461_37.5869345435850164
2026-09-04T03:35:30.187978+09:00,DMC(디지털미디어시티),DMC(디지털미디어시티),POI084,KEY_1,1130069400,월드컵북로42길,1130045902,상암빌라,126.8980210391311658_37.5760895880111647,1130045404,상암동 1711,126.8987086831504172_37.5755938245076209,82.0,36.0,원활,126.8987086831504172_37.5755938245076209|126.8981312410485742_37.5759845693332508|126.8980210391311658_37.5760895880111647
2026-09-04T03:35:30.187978+09:00,DMC(디지털미디어시티),DMC(디지털미디어시티),POI084,KEY_1,1130066900,월드컵북로,1130043400,상암동24-59,126.8984326017897075_37.5737046034107323,1130043500,성산동491-1,126.8990562961894852_37.5737647959106411,59.0,36.0,원활,126.8990562961894852_37.5737647959106411|126.8989085002055361_37.5736866108833851|126.8987791467213100_37.5736598008740614|126.8986641476944612_37.5736501660897773|126.8985371690847614_37.5736660785077774|126.8984326017897075_37.5737046034107323
2026-09-04T03:35:30.187978+09:00,DMC(디지털미디어시티),DMC(디지털미디어시티),POI084,KEY_1,1130067200,월드컵북로47길,1130192300,상암동 1716,126.8909626371225414_37.5742633434940458,1130044602,월드컵파크2단지사거리,126.8901072799406080_37.5748291059225537,98.0,33.0,원활,126.8901072799406080_37.5748291059225537|126.8904259188012844_37.5746002657640261|126.8907263880997220_37.5744065670365757|126.8908070311500040_37.5743545798713043|126.8909626371225414_37.5742633434940458
2026-09-04T03:35:30.187978+09:00,DMC(디지털미디어시티),DMC(디지털미디어시티),POI084,KEY_1,1130067600,월드컵북로42길,1130044502,디지털미디어시티역2번출구,126.8996768178415522_37.5748358906114177,1130044802,상암동 1711,126.8981204003995344_37.5748786658393286,190.0,10.0,정체,126.8981204003995344_37.5748786658393286|126.8981548997384152_37.5748041674797832|126.8989380650604346_37.5743415501355784|126.8990473331477773_37.5743038487143366|126.8991597518555920_37.5743120798745451|126.8992540899842254_37.5743497228770025|126.8996768178415522_37.5748358906114177
2026-09-04T03:35:30.187978+09:00,DMC(디지털미디어시티),DMC(디지털미디어시티),POI084,KEY_1,1130067700,월드컵북로42길,1130044801,상암동 1711,126.8982215233432527_37.5749729322993389,1130044503,디지털미디어시티역2번출구,126.8995651160360723_37.5748974180213082,170.0,13.0,정체,126.8995651160360723_37.5748974180213082|126.8991621560312382_37.5744339846669391|126.8991217838771917_37.5744178755341096|126.8990694863173019_37.5744140466565923|126.8990064543680489_37.5744357950114960|126.8982683624107608_37.5748717876271385|126.8982215233432527_37.5749729322993389
2026-09-04T03:35:30.187978+09:00,DMC(디지털미디어시티),DMC(디지털미디어시티),POI084,KEY_1,1130067800,월드컵북로42길,1130044802,상암동 1711,126.8981204003995344_37.5748786658393286,1130044206,서울시시설관리공단,126.8974443493847133_37.5742486819677097,92.0,33.0,원활,126.8974443493847133_37.5742486819677097|126.8981204003995344_37.5748786658393286
2026-09-04T03:35:30.187978+09:00,DMC(디지털미디어시티),DMC(디지털미디어시티),POI084,KEY_1,1130067900,월드컵북로42길,1130044209,서울시시설관리공단,126.8973331824673920_37.5743115641671324,1130044803,상암동 1711,126.8980445440763702_37.5749744531417491,97.0,36.0,원활,126.8980445440763702_37.5749744531417491|126.8973331824673920_37.5743115641671324
2026-09-04T03:35:30.187978+09:00,DMC(디지털미디어시티),DMC(디지털미디어시티),POI084,KEY_1,1130068200,증산로,1130045102,중동교,126.9008492951027023_37.5752640367100312,1130044100,성산동488-2,126.8993493776716974_37.5738963850184291,203.0,11.0,정체,126.8993493776716974_37.5738963850184291|126.8997550267243923_37.5741747896741316|126.8999831939128740_37.5743329158112758|126.9008492951027023_37.5752640367100312
2026-09-04T03:35:30.187978+09:00,DMC(디지털미디어시티),DMC(디지털미디어시티),POI084,KEY_1,1130068300,월드컵북로42길,1130044503,디지털미디어시티역2번출구,126.8995651160360723_37.5748974180213082,1130045402,상암동 1711,126.8987247218111918_37.5754425169501260,96.0,39.0,원활,126.8987247218111918_37.5754425169501260|126.8995651160360723_37.5748974180213082
2026-09-04T03:35:30.187978+09:00,DMC(디지털미디어시티),DMC(디지털미디어시티),POI084,KEY_1,1130068400,월드컵북로42길,1130045401,상암동 1711,126.8988131161988804_37.5755246575182369,1130044504,디지털미디어시티역2번출구,126.8996370708927657_37.5749902219936800,94.0,36.0,원활,126.8996370708927657_37.5749902219936800|126.8988131161988804_37.5755246575182369
2026-09-04T03:35:30.187978+09:00,DMC(디지털미디어시티),DMC(디지털미디어시티),POI084,KEY_1,1130068500,월드컵북로42길,1130045402,상암동 1711,126.8987247218111918_37.5754425169501260,1130044801,상암동 1711,126.8982215233432527_37.5749729322993389,68.0,17.0,서행,126.8982215233432527_37.5749729322993389|126.8987247218111918_37.5754425169501260
2026-09-04T03:35:30.187978+09:00,DMC(디지털미디어시티),DMC(디지털미디어시티),POI084,KEY_1,1130068600,월드컵북로42길,1130044804,상암동 1711,126.8981330253056825_37.5750569593229926,1130045403,상암동 1711,126.8986203198311955_37.5755117037941773,66.0,39.5,원활,126.8986203198311955_37.5755117037941773|126.8981330253056825_37.5750569593229926
2026-09-04T03:35:30.187978+09:00,DMC(디지털미디어시티),DMC(디지털미디어시티),POI084,KEY_1,1130068700,성암로,1130045502,상암동 1154-1,126.9002568597358760_37.5756319717856542,1130044501,디지털미디어시티역2번출구,126.8997554586748322_37.5749372010833653,91.0,14.0,정체,126.8997554586748322_37.5749372010833653|126.8998013926707245_37.5750021725140755|126.8999518821993888_37.5753686624393950|126.9002568597358760_37.5756319717856542
2026-09-04T03:35:30.187978+09:00,DMC(디지털미디어시티),DMC(디지털미디어시티),POI084,KEY_1,1130068800,성암로,1130044504,디지털미디어시티역2번출구,126.8996370708927657_37.5749902219936800,1130045503,상암동 1154-1,126.9001493992533227_37.5756987098997470,93.0,46.0,원활,126.9001493992533227_37.5756987098997470|126.8998319496738389_37.5754246323100034|126.8996764327224440_37.5750458979557891|126.8996370708927657_37.5749902219936800
2026-09-04T03:35:30.187978+09:00,DMC(디지털미디어시티),DMC(디지털미디어시티),POI084,KEY_1,1130069300,월드컵북로42길,1130045403,상암동 1711,126.8986203198311955_37.5755117037941773,1130045903,상암빌라,126.8979167747526304_37.5760202816905178,84.0,16.0,서행,126.8979167747526304_37.5760202816905178|126.8980344116927057_37.5759081769391798|126.8986203198311955_37.5755117037941773
2026-09-04T03:35:30.187978+09:00,DMC(디지털미디어시티),DMC(디지털미디어시티),POI084,KEY_1,1130069500,월드컵북로42길,1130046002,수색역(서측),126.8994866230595164_37.5761479863590679,1130045401,상암동 1711,126.8988131161988804_37.5755246575182369,91.0,12.0,정체,126.8988131161988804_37.5755246575182369|126.8994866230595164_37.5761479863590679
2026-09-04T03:35:30.187978+09:00,DMC(디지털미디어시티),DMC(디지털미디어시티),POI084,KEY_1,1130069600,월드컵북로42길,1130045404,상암동 1711,126.8987086831504172_37.5755938245076209,1130046003,수색역(서측),126.8993841122573514_37.5762189341099884,92.0,39.0,원활,126.8993841122573514_37.5762189341099884|126.8987086831504172_37.5755938245076209
2026-09-04T03:35:30.187978+09:00,DMC(디지털미디어시티),DMC(디지털미디어시티),POI084,KEY_1,1130070000,상암산로,1130046702,KBS미디어센터,126.8907708780118213_37.5769657557175876,1130045301,한국공공정책신문,126.8893002827802974_37.5754935420065124,209.0,36.0,원활,126.8893002827802974_37.5754935420065124|126.8907708780118213_37.5769657557175876
2026-09-04T03:35:30.187978+09:00,DMC(디지털미디어시티),DMC(디지털미디어시티),POI084,KEY_1,1130070100,상암산로,1130045304,한국공공정책신문,126.8891946406988893_37.5755615201432676,1130046703,KBS미디어센터,126.8906650467874329_37.5770335465561018,209.0,16.0,서행,126.8906650467874329_37.5770335465561018|126.8891946406988893_37.5755615201432676
2026-09-04T03:35:30.187978+09:00,DMC(디지털미디어시티),DMC(디지털미디어시티),POI084,KEY_1,1130070600,성암로,1130046602,데일리임팩트,126.8986663047599421_37.5767157224527040,1130045902,상암빌라,126.8980210391311658_37.5760895880111647,90.0,13.0,정체,126.8980210391311658_37.5760895880111647|126.8986663047599421_37.5767157224527040
2026-09-04T03:35:30.187978+09:00,DMC(디지털미디어시티),DMC(디지털미디어시티),POI084,KEY_1,1130070700,성암로,1130045901,상암빌라,126.8979371695674416_37.5761786921852803,1130046603,데일리임팩트,126.8985637517100145_37.5767866976523521,87.0,9.0,정체,126.8985637517100145_37.5767866976523521|126.8979371695674416_37.5761786921852803
2026-09-04T03:35:30.187978+09:00,DMC(디지털미디어시티),DMC(디지털미디어시티),POI084,KEY_1,1130070800,상암산로,1130046303,상암초등학교,126.8915532409193361_37.5764582146745170,1130046702,KBS미디어센터,126.8907708780118213_37.5769657557175876,89.0,36.0,원활,126.8907708780118213_37.5769657557175876|126.8915532409193361_37.5764582146745170
2026-09-04T03:35:30.187978+09:00,DMC(디지털미디어시티),DMC(디지털미디어시티),POI084,KEY_1,1130070900,상암산로,1130046701,KBS미디어센터,126.8908567065178516_37.5770495623463958,1130046304,상암초등학교,126.8916385575081733_37.5765423522413826,89.0,36.0,원활,126.8916385575081733_37.5765423522413826|126.8908567065178516_37.5770495623463958
2026-09-04T03:35:30.187978+09:00,DMC(디지털미디어시티),DMC(디지털미디어시티),POI084,KEY_1,1130071000,성암로,1130230100,상암동 1709,126.8973658393318260_37.5766400680182500,1130047003,디지털미디어시티역(공항철도),126.8976346858385824_37.5774290399688340,104.0,17.0,서행,126.8976346858385824_37.5774290399688340|126.8972069079642608_37.5769761157230207|126.8971965231739745_37.5768883093211983|126.8972293764982595_37.5767953166038282|126.8973658393318260_37.5766400680182500
2026-09-04T03:35:30.187978+09:00,DMC(디지털미디어시티),DMC(디지털미디어시티),POI084,KEY_1,1130071100,성암로,1130047002,디지털미디어시티역(공항철도),126.8977378225588240_37.5773583009889691,1130045901,상암빌라,126.8979371695674416_37.5761786921852803,159.0,10.0,정체,126.8979371695674416_37.5761786921852803|126.8974771503392418_37.5767020453298102|126.8973539084312421_37.5768422532145507|126.8973341406117754_37.5768982075732580|126.8973385598150259_37.5769355684291426|126.8977378225588240_37.5773583009889691
2026-09-04T03:35:30.187978+09:00,DMC(디지털미디어시티),DMC(디지털미디어시티),POI084,KEY_1,1130071200,상암산로,1130046703,KBS미디어센터,126.8906650467874329_37.5770335465561018,1130047102,중앙일보빌딩,126.8899246502134446_37.5775017541936762,84.0,15.0,서행,126.8899246502134446_37.5775017541936762|126.8906650467874329_37.5770335465561018
2026-09-04T03:35:30.187978+09:00,DMC(디지털미디어시티),DMC(디지털미디어시티),POI084,KEY_1,1130071300,상암산로,1130047101,중앙일보빌딩,126.8900088184744988_37.5775866225538309,1130046704,KBS미디어센터,126.8907495567892312_37.5771181976975086,84.0,36.0,원활,126.8907495567892312_37.5771181976975086|126.8900088184744988_37.5775866225538309
2026-09-04T03:35:30.187978+09:00,DMC(디지털미디어시티),DMC(디지털미디어시티),POI084,KEY_1,1130072000,상암산로,1130048702,YTN미디어센터,126.8929940644010941_37.5805367573738849,1130047501,디지털미디어시티앞교차로,126.8906465242374253_37.5782284856381139,330.0,32.0,원활,126.8906465242374253_37.5782284856381139|126.8929940644010941_37.5805367573738849
2026-09-04T03:35:30.187978+09:00,DMC(디지털미디어시티),DMC(디지털미디어시티),POI084,KEY_1,1130072100,상암산로,1130047504,디지털미디어시티앞교차로,126.8905373393383655_37.5782929771257415,1130048703,YTN미디어센터,126.8928902450410732_37.5806065277136980,330.0,12.0,정체,126.8928902450410732_37.5806065277136980|126.8905373393383655_37.5782929771257415
2026-09-04T03:35:30.187978+09:00,DMC(디지털미디어시티),DMC(디지털미디어시티),POI084,KEY_1,1130073400,월드컵북로54길,1130227600,상암동 1704,126.8887390930264587_37.5805999182029922,1130047701,월드컵파크5단지교차로,126.8879562129837808_37.5798223834944807,111.0,36.0,원활,126.8879562129837808_37.5798223834944807|126.8887390930264587_37.5805999182029922
2026-09-04T03:35:30.187978+09:00,DMC(디지털미디어시티),DMC(디지털미디어시티),POI084,KEY_1,1130073500,월드컵북로54길,1130047704,월드컵파크5단지교차로,126.8878473615480118_37.5798871744750684,1130049203,MBC문화방송본사,126.8892836564560582_37.5813136494657627,203.0,13.0,정체,126.8892836564560582_37.5813136494657627|126.8886330781796232_37.5806675281166989|126.8878473615480118_37.5798871744750684
2026-09-04T03:35:30.187978+09:00,DMC(디지털미디어시티),DMC(디지털미디어시티),POI084,KEY_1,1130074000,월드컵북로56길,1130228900,상암동 1702,126.8875423772986579_37.5810132902587100,1130048401,LGCNS상암IT센터,126.8869393016809539_37.5804276653714808,84.0,9.0,정체,126.8869393016809539_37.5804276653714808|126.8875423772986579_37.5810132902587100
2026-09-04T03:35:30.187978+09:00,DMC(디지털미디어시티),DMC(디지털미디어시티),POI084,KEY_1,1130074100,월드컵북로56길,1130229000,상암동 1702,126.8874373024892890_37.5810818253805863,1130049603,대원방송,126.8882715653573143_37.5818919280665753,116.0,36.0,원활,126.8882715653573143_37.5818919280665753|126.8878698286892188_37.5815018285952149|126.8874373024892890_37.5810818253805863
2026-09-04T03:35:30.187978+09:00,DMC(디지털미디어시티),DMC(디지털미디어시티),POI084,KEY_1,1130074600,월드컵북로56길,1130049203,MBC문화방송본사,126.8892836564560582_37.5813136494657627,1130049602,대원방송,126.8883858216651532_37.5818323079101333,98.0,4.0,정체,126.8883858216651532_37.5818323079101333|126.8892836564560582_37.5813136494657627
2026-09-04T03:35:30.187978+09:00,DMC(디지털미디어시티),DMC(디지털미디어시티),POI084,KEY_1,1130074700,월드컵북로56길,1130049601,대원방송,126.8884656267736943_37.5819198063311930,1130049204,MBC문화방송본사,126.8893675179688074_37.5813988050588179,98.0,10.0,정체,126.8893675179688074_37.5813988050588179|126.8884656267736943_37.5819198063311930
2026-09-04T03:35:30.187978+09:00,DMC(디지털미디어시티),DMC(디지털미디어시티),POI084,KEY_1,1130074800,월드컵북로58길,1130229300,상암동 1700,126.8866383641144324_37.5815330002816026,1130049001,상암ITTower,126.8860549963467577_37.5809540024161706,82.0,36.0,원활,126.8860549963467577_37.5809540024161706|126.8866383641144324_37.5815330002816026
2026-09-04T03:35:30.187978+09:00,DMC(디지털미디어시티),DMC(디지털미디어시티),POI084,KEY_1,1130074900,월드컵북로58길,1130229400,상암동 1700,126.8865323748690059_37.5816006370995197,1130049903,한국지역정보개발원,126.8872903229448070_37.5823528908183846,107.0,36.0,원활,126.8872903229448070_37.5823528908183846|126.8869392975139192_37.5820045050870206|126.8865323748690059_37.5816006370995197
2026-09-04T03:35:30.187978+09:00,DMC(디지털미디어시티),DMC(디지털미디어시티),POI084,KEY_1,1130075000,월드컵북로54길,1130049802,MBC글로벌미디어센터,126.8902432196895802_37.5821317158528529,1130049201,MBC문화방송본사,126.8894754129642877_37.5813331049980519,112.0,36.0,원활,126.8894754129642877_37.5813331049980519|126.8902432196895802_37.5821317158528529
2026-09-04T03:35:30.187978+09:00,DMC(디지털미디어시티),DMC(디지털미디어시티),POI084,KEY_1,1130075100,월드컵북로54길,1130049204,MBC문화방송본사,126.8893675179688074_37.5813988050588179,1130049803,MBC글로벌미디어센터,126.8901255531158938_37.5821872546751976,110.0,33.0,원활,126.8901255531158938_37.5821872546751976|126.8893675179688074_37.5813988050588179
2026-09-04T03:35:30.187978+09:00,DMC(디지털미디어시티),DMC(디지털미디어시티),POI084,KEY_1,1130075200,월드컵북로56길,1130049603,대원방송,126.8882715653573143_37.5818919280665753,1130049902,한국지역정보개발원,126.8874140089263705_37.5823028164665516,88.0,7.0,정체,126.8874140089263705_37.5823028164665516|126.8882715653573143_37.5818919280665753
2026-09-04T03:35:30.187978+09:00,DMC(디지털미디어시티),DMC(디지털미디어시티),POI084,KEY_1,1130075300,월드컵북로56길,1130049901,한국지역정보개발원,126.8874997672136118_37.5823879290279308,1130049604,대원방송,126.8883416393229169_37.5819845548537756,87.0,8.0,정체,126.8883416393229169_37.5819845548537756|126.8874997672136118_37.5823879290279308
2026-09-04T03:35:30.187978+09:00,DMC(디지털미디어시티),DMC(디지털미디어시티),POI084,KEY_1,1130075400,월드컵북로60길,1130230800,상암동 1698,126.8856024106953129_37.5821067794425474,1130049401,월드컵파크6단지앞교차로,126.8850370693500054_37.5815595588284097,79.0,32.0,원활,126.8850370693500054_37.5815595588284097|126.8856024106953129_37.5821067794425474
2026-09-04T03:35:30.187978+09:00,DMC(디지털미디어시티),DMC(디지털미디어시티),POI084,KEY_1,1130075500,월드컵북로60길,1130049404,월드컵파크6단지앞교차로,126.8849281565869092_37.5816243792028004,1130050003,스탠포드호텔서울,126.8861101278442050_37.5827684534966480,164.0,21.0,서행,126.8861101278442050_37.5827684534966480|126.8854974703182421_37.5821754451747054|126.8849281565869092_37.5816243792028004
2026-09-04T03:35:30.187978+09:00,DMC(디지털미디어시티),DMC(디지털미디어시티),POI084,KEY_1,1130075600,월드컵북로60길,1130049903,한국지역정보개발원,126.8872903229448070_37.5823528908183846,1130050002,스탠포드호텔서울,126.8862442705996045_37.5827280529537973,101.0,12.0,정체,126.8862442705996045_37.5827280529537973|126.8872903229448070_37.5823528908183846
2026-09-04T03:35:30.187978+09:00,DMC(디지털미디어시티),DMC(디지털미디어시티),POI084,KEY_1,1130075700,월드컵북로60길,1130050001,스탠포드호텔서울,126.8863310804255065_37.5828155107780688,1130049904,한국지역정보개발원,126.8873780953404662_37.5824400024958010,101.0,36.0,원활,126.8873780953404662_37.5824400024958010|126.8863310804255065_37.5828155107780688
2026-09-04T03:35:30.187978+09:00,DMC(디지털미디어시티),DMC(디지털미디어시티),POI084,KEY_1,1130075800,월드컵북로62길,1130228600,상암동 1696,126.8845727100091239_37.5826845055324199,1130049701,상암동 1715,126.8840285649525583_37.5821600609072348,75.0,15.0,서행,126.8840285649525583_37.5821600609072348|126.8845727100091239_37.5826845055324199
2026-09-04T03:35:30.187978+09:00,DMC(디지털미디어시티),DMC(디지털미디어시티),POI084,KEY_1,1130075900,월드컵북로62길,1130049704,상암동 1715,126.8839196519033266_37.5822248985580174,1130050404,서울일본인학교,126.8848748758891105_37.5831455330485440,133.0,36.0,원활,126.8848748758891105_37.5831455330485440|126.8844679508670765_37.5827533468660917|126.8839196519033266_37.5822248985580174
2026-09-04T03:35:30.187978+09:00,DMC(디지털미디어시티),DMC(디지털미디어시티),POI084,KEY_1,1130076000,월드컵북로60길,1130050003,스탠포드호텔서울,126.8861101278442050_37.5827684534966480,1130050403,서울일본인학교,126.8849796349235106_37.5830766915166947,106.0,14.0,정체,126.8849796349235106_37.5830766915166947|126.8861101278442050_37.5827684534966480
2026-09-04T03:35:30.187978+09:00,DMC(디지털미디어시티),DMC(디지털미디어시티),POI084,KEY_1,1130076100,월드컵북로60길,1130050402,서울일본인학교,126.8850709902395550_37.5831660711584163,1130050004,스탠포드호텔서울,126.8862007374457335_37.5828580366690090,105.0,44.0,원활,126.8862007374457335_37.5828580366690090|126.8850709902395550_37.5831660711584163
2026-09-04T03:35:30.187978+09:00,DMC(디지털미디어시티),DMC(디지털미디어시티),POI084,KEY_1,1130076300,월드컵북로60길,1130051107,상암월드컵7단지,126.8870844323033538_37.5835933665662054,1130050001,스탠포드호텔서울,126.8863310804255065_37.5828155107780688,109.0,11.0,정체,126.8863310804255065_37.5828155107780688|126.8870844323033538_37.5835933665662054
2026-09-04T03:35:30.187978+09:00,DMC(디지털미디어시티),DMC(디지털미디어시티),POI084,KEY_1,1130076400,월드컵북로60길,1130050004,스탠포드호텔서울,126.8862007374457335_37.5828580366690090,1130051108,상암월드컵7단지,126.8869679526118830_37.5836502072271372,111.0,17.0,서행,126.8869679526118830_37.5836502072271372|126.8862007374457335_37.5828580366690090
2026-09-04T03:35:30.187978+09:00,DMC(디지털미디어시티),DMC(디지털미디어시티),POI084,KEY_1,1130086800,월드컵북로62길,1130050401,서울일본인학교,126.8849652876481997_37.5832339947921312,1130051104,서울드와이트외국인학교,126.8858869388385102_37.5841637180196386,131.0,12.0,정체,126.8858869388385102_37.5841637180196386|126.8855418938747874_37.5838022880318761|126.8849652876481997_37.5832339947921312
2026-09-04T03:35:30.187978+09:00,DMC(디지털미디어시티),DMC(디지털미디어시티),POI084,KEY_1,1130086900,월드컵북로62길,1130051103,서울드와이트외국인학교,126.8860048570749086_37.5841085121615635,1130050402,서울일본인학교,126.8850709902395550_37.5831660711584163,133.0,16.0,서행,126.8850709902395550_37.5831660711584163|126.8856488572541821_37.5837356083076131|126.8860048570749086_37.5841085121615635
2026-09-04T03:35:30.187978+09:00,가산디지털단지역,가산디지털단지역,POI013,KEY_2,1170009200,가산디지털1로,1170017102,우림라이온스밸리,126.8818011270400490_37.4800709604220117,1170002801,창업경영신문,126.8833226910250147_37.4766701422596853,401.0,14.0,정체,126.8833226910250147_37.4766701422596853|126.8818011270400490_37.4800709604220117
2026-09-04T03:35:30.187978+09:00,가산디지털단지역,가산디지털단지역,POI013,KEY_2,1160003501,남부순환로,1170016605,디지털단지오거리,126.8897211418423723_37.4793279122721970,1170017201,가산치안센터,126.8878517040770220_37.4802639980304875,197.0,8.0,정체,126.8878517040770220_37.4802639980304875|126.8881729322508960_37.4800224635507888|126.8884184403771087_37.4798608276333667|126.8885644024226167_37.4797738008962611|126.8887806547894712_37.4796831946810585|126.8894559098646369_37.4794074114802385|126.8896311235157128_37.4793504792482182|126.8897211418423723_37.4793279122721970
2026-09-04T03:35:30.187978+09:00,가산디지털단지역,가산디지털단지역,POI013,KEY_2,1160003502,남부순환로,1170017202,가산치안센터,126.8877563510179272_37.4803409344622338,1170017603,진도로터리,126.8865717208607293_37.4816908228100871,183.0,13.0,정체,126.8865717208607293_37.4816908228100871|126.8871910645151360_37.4808930497281807|126.8872533985144457_37.4808234240947442|126.8874024014183703_37.4806569906409237|126.8874901153701131_37.4805714099006124|126.8877563510179272_37.4803409344622338
2026-09-04T03:35:30.187978+09:00,가산디지털단지역,가산디지털단지역,POI013,KEY_2,1160006501,벚꽃로56길,1170017604,진도로터리,126.8864996062809212_37.4817824247397624,1170018001,가산동 87-228,126.8849888398732020_37.4830651069565590,196.0,13.0,정체,126.8849888398732020_37.4830651069565590|126.8853232502128066_37.4828384705037578|126.8858521011573970_37.4824308281103526|126.8860411166215130_37.4822371023176615|126.8862685425384029_37.4819537373762728|126.8864996062809212_37.4817824247397624
2026-09-04T03:35:30.187978+09:00,가산디지털단지역,가산디지털단지역,POI013,KEY_2,1160006502,벚꽃로56길,1170018002,가산동 87-228,126.8848823508648422_37.4831372761665094,1170018202,가산동교차로,126.8811914499102755_37.4855182683695247,421.0,24.0,서행,126.8811914499102755_37.4855182683695247|126.8813904809196913_37.4854471229337562|126.8819767830358245_37.4851063326005800|126.8838600897582154_37.4838300660555532|126.8848823508648422_37.4831372761665094
2026-09-04T03:35:30.187978+09:00,가산디지털단지역,가산디지털단지역,POI013,KEY_2,1160008101,남부순환로,1170019000,가리봉고가차도,126.8791756496076175_37.4863167028194511,1160009900,구로IC,126.8767113990122795_37.4884030681732270,323.0,54.0,원활,126.8767113990122795_37.4884030681732270|126.8773617738595050_37.4876151761703653|126.8779138587961057_37.4870541454600001|126.8780827941354943_37.4869124175203083|126.8783482283694468_37.4867677307161458|126.8791756496076175_37.4863167028194511
2026-09-04T03:35:30.187978+09:00,가산디지털단지역,가산디지털단지역,POI013,KEY_2,1160276200,남부순환로,1170023204,구로IC,126.8781042169384961_37.4863653494947258,1160119403,구로IC,126.8779377906354995_37.4865789505771190,28.0,27.0,원활,126.8779377906354995_37.4865789505771190|126.8781042169384961_37.4863653494947258
2026-09-04T03:35:30.187978+09:00,가산디지털단지역,가산디지털단지역,POI013,KEY_2,1170007901,디지털로,1170014101,디지털3단지교차로,126.8808941691960683_37.4759382777542669,1170014502,수출의다리고가차도(서측),126.8817270968934139_37.4761604725563657,78.0,41.0,원활,126.8817270968934139_37.4761604725563657|126.8808941691960683_37.4759382777542669
2026-09-04T03:35:30.187978+09:00,가산디지털단지역,가산디지털단지역,POI013,KEY_2,1170007902,디지털로,1170014502,수출의다리고가차도(서측),126.8817270968934139_37.4761604725563657,1170002804,창업경영신문,126.8831950703829676_37.4766334638794163,141.0,35.0,원활,126.8831950703829676_37.4766334638794163|126.8819600632701992_37.4762838037544910|126.8817270968934139_37.4761604725563657
2026-09-04T03:35:30.187978+09:00,가산디지털단지역,가산디지털단지역,POI013,KEY_2,1170008100,디지털로,1170014502,수출의다리고가차도(서측),126.8817270968934139_37.4761604725563657,1170014802,수출의다리고가차도(동측),126.8868851157251072_37.4776397125304612,485.0,42.0,원활,126.8868851157251072_37.4776397125304612|126.8849451085779663_37.4770773261663095|126.8844958007691304_37.4769546947428012|126.8832815434968353_37.4766005762184591|126.8817270968934139_37.4761604725563657
2026-09-04T03:35:30.187978+09:00,가산디지털단지역,가산디지털단지역,POI013,KEY_2,1170008501,디지털로,1170002901,가산동 60-35,126.8849706404372881_37.4771422536530636,1170014802,수출의다리고가차도(동측),126.8868851157251072_37.4776397125304612,179.0,19.0,서행,126.8868851157251072_37.4776397125304612|126.8866068412610275_37.4776165718272409|126.8849706404372881_37.4771422536530636
2026-09-04T03:35:30.187978+09:00,가산디지털단지역,가산디지털단지역,POI013,KEY_2,1170008502,디지털로,1170014802,수출의다리고가차도(동측),126.8868851157251072_37.4776397125304612,1170015304,마리오사거리,126.8879457849973704_37.4779606013956652,100.0,19.0,서행,126.8879457849973704_37.4779606013956652|126.8877937382763292_37.4779018553425018|126.8868851157251072_37.4776397125304612
2026-09-04T03:35:30.187978+09:00,가산디지털단지역,가산디지털단지역,POI013,KEY_2,1170008700,가산디지털2로,1170165900,가산동 450-2,126.8795693852690647_37.4785504672348466,1170003103,넥스트데일리,126.8792068995255988_37.4793524705919339,95.0,23.0,서행,126.8792068995255988_37.4793524705919339|126.8795693852690647_37.4785504672348466
2026-09-04T03:35:30.187978+09:00,가산디지털단지역,가산디지털단지역,POI013,KEY_2,1170008800,가산디지털2로,1170151300,가산동 450-2,126.8799342887909205_37.4780621502048774,1170014101,디지털3단지교차로,126.8808941691960683_37.4759382777542669,251.0,27.0,원활,126.8808941691960683_37.4759382777542669|126.8806351373934405_37.4765114353296767|126.8804550586407345_37.4769098885863343|126.8799342887909205_37.4780621502048774
2026-09-04T03:35:30.187978+09:00,가산디지털단지역,가산디지털단지역,POI013,KEY_2,1170009100,가산디지털1로,1170002804,창업경영신문,126.8831950703829676_37.4766334638794163,1170017103,우림라이온스밸리,126.8816733364257345_37.4800346466289866,401.0,20.0,서행,126.8816733364257345_37.4800346466289866|126.8831950703829676_37.4766334638794163
2026-09-04T03:35:30.187978+09:00,가산디지털단지역,가산디지털단지역,POI013,KEY_2,1170009301,디지털로,1170015301,마리오사거리,126.8880672616053715_37.4780099944341174,1170015804,가산동 60-35,126.8888608195852470_37.4786422669334556,100.0,10.0,정체,126.8888608195852470_37.4786422669334556|126.8881409368257351_37.4780418229270751|126.8880672616053715_37.4780099944341174
2026-09-04T03:35:30.187978+09:00,가산디지털단지역,가산디지털단지역,POI013,KEY_2,1170009302,디지털로,1170015801,가산동 127-34,126.8889577744570971_37.4787220070768754,1170016605,디지털단지오거리,126.8897211418423723_37.4793279122721970,95.0,29.0,원활,126.8897211418423723_37.4793279122721970|126.8895964707636494_37.4792431250065050|126.8893402984789844_37.4790341130758478|126.8889577744570971_37.4787220070768754
2026-09-04T03:35:30.187978+09:00,가산디지털단지역,가산디지털단지역,POI013,KEY_2,1170009501,벚꽃로,1170002904,가산동 60-35,126.8848493716510859_37.4770937824342951,1170017303,가산디지털단지역,126.8833329550342484_37.4805985517580140,412.0,43.0,원활,126.8833329550342484_37.4805985517580140|126.8836020502718611_37.4799046444760648|126.8836391972232320_37.4798198577455253|126.8847971478063670_37.4771767696381630|126.8848493716510859_37.4770937824342951
2026-09-04T03:35:30.187978+09:00,가산디지털단지역,가산디지털단지역,POI013,KEY_2,1170009502,벚꽃로,1170017304,가산디지털단지역,126.8832914721379836_37.4806927127882901,1170003303,가산디지털단지역앞교차로,126.8828894882291110_37.4816141572351995,108.0,25.0,원활,126.8828894882291110_37.4816141572351995|126.8830619523466794_37.4811548390686653|126.8832914721379836_37.4806927127882901
2026-09-04T03:35:30.187978+09:00,가산디지털단지역,가산디지털단지역,POI013,KEY_2,1170009601,벚꽃로,1170168100,가산동 60-35,126.8837672852709773_37.4798554986572157,1170002901,가산동 60-35,126.8849706404372881_37.4771422536530636,319.0,35.0,원활,126.8849706404372881_37.4771422536530636|126.8849223436458260_37.4772190002988594|126.8837672852709773_37.4798554986572157
2026-09-04T03:35:30.187978+09:00,가산디지털단지역,가산디지털단지역,POI013,KEY_2,1170009602,벚꽃로,1170003302,가산디지털단지역앞교차로,126.8830194687454451_37.4816451521612635,1170017301,가산디지털단지역,126.8834176229635631_37.4807325035353074,107.0,11.0,정체,126.8834176229635631_37.4807325035353074|126.8831902554749149_37.4811902972294035|126.8830194687454451_37.4816451521612635
2026-09-04T03:35:30.187978+09:00,가산디지털단지역,가산디지털단지역,POI013,KEY_2,1170009700,가산디지털1로,1170003101,넥스트데일리,126.8792897949768275_37.4794901852118443,1170017104,우림라이온스밸리,126.8816281155147578_37.4801365859910831,219.0,5.0,정체,126.8816281155147578_37.4801365859910831|126.8792897949768275_37.4794901852118443
2026-09-04T03:35:30.187978+09:00,가산디지털단지역,가산디지털단지역,POI013,KEY_2,1170009800,가산디지털1로,1170017103,우림라이온스밸리,126.8816733364257345_37.4800346466289866,1170003102,넥스트데일리,126.8793349417991720_37.4793882254874120,219.0,15.0,서행,126.8793349417991720_37.4793882254874120|126.8816733364257345_37.4800346466289866
2026-09-04T03:35:30.187978+09:00,가산디지털단지역,가산디지털단지역,POI013,KEY_2,1170009901,디지털로9길,1170164100,가산동 60-35,126.8857907737875763_37.4806189633382587,1170017503,가산KS타워,126.8854049819534566_37.4811550680724608,69.0,33.0,원활,126.8854049819534566_37.4811550680724608|126.8854945275656974_37.4809843865200421|126.8857907737875763_37.4806189633382587
2026-09-04T03:35:30.187978+09:00,가산디지털단지역,가산디지털단지역,POI013,KEY_2,1170009902,디지털로9길,1170017504,가산KS타워,126.8853679062811182_37.4812594917756741,1170017803,가산동 602-6,126.8846865555989893_37.4822817629960028,146.0,5.0,정체,126.8846865555989893_37.4822817629960028|126.8847872687601921_37.4822837721918489|126.8849954357073386_37.4822479211715986|126.8850646930436028_37.4822359934149461|126.8850993805177296_37.4821999372626919|126.8853385586020295_37.4814344575109359|126.8853679062811182_37.4812594917756741
2026-09-04T03:35:30.187978+09:00,가산디지털단지역,가산디지털단지역,POI013,KEY_2,1170009903,벚꽃로38길,1170155100,가산동 46-1,126.8840151666784664_37.4820112742903930,1170003302,가산디지털단지역앞교차로,126.8830194687454451_37.4816451521612635,97.0,23.0,서행,126.8830194687454451_37.4816451521612635|126.8831886167514966_37.4817004430020972|126.8840151666784664_37.4820112742903930
2026-09-04T03:35:30.187978+09:00,가산디지털단지역,가산디지털단지역,POI013,KEY_2,1170010001,디지털로9길,1170157900,가산동 60-35,126.8876891962911060_37.4784763829253507,1170015301,마리오사거리,126.8880672616053715_37.4780099944341174,62.0,27.0,원활,126.8880672616053715_37.4780099944341174|126.8876891962911060_37.4784763829253507
2026-09-04T03:35:30.187978+09:00,가산디지털단지역,가산디지털단지역,POI013,KEY_2,1170010002,디지털로9길,1170164300,가산동 83-17,126.8850240952999968_37.4823536023999466,1170017501,가산KS타워,126.8854966385132741_37.4813080721727374,130.0,10.0,정체,126.8854966385132741_37.4813080721727374|126.8854720363983688_37.4814547452319502|126.8852242188884105_37.4822478778168318|126.8851420531717906_37.4823332874456128|126.8850240952999968_37.4823536023999466
2026-09-04T03:35:30.187978+09:00,가산디지털단지역,가산디지털단지역,POI013,KEY_2,1170010003,벚꽃로38길,1170003301,가산디지털단지역앞교차로,126.8829893206686705_37.4817521605425767,1170017805,가산동 44-2,126.8845113234408046_37.4823435056280232,150.0,17.0,서행,126.8845113234408046_37.4823435056280232|126.8844121273338743_37.4822801062946951|126.8839572660004364_37.4821090552079923|126.8831338864580545_37.4817994160133665|126.8829893206686705_37.4817521605425767
2026-09-04T03:35:30.187978+09:00,가산디지털단지역,가산디지털단지역,POI013,KEY_2,1170010100,가산디지털2로,1170163700,가산동 459-16,126.8780659482346493_37.4819818783020651,1170003403,에이스K1타워,126.8776671309272359_37.4829016927615086,108.0,27.0,원활,126.8776671309272359_37.4829016927615086|126.8780659482346493_37.4819818783020651
2026-09-04T03:35:30.187978+09:00,가산디지털단지역,가산디지털단지역,POI013,KEY_2,1170010200,가산디지털2로,1170158600,가산동 459-16,126.8788328581306786_37.4805441223066751,1170003101,넥스트데일리,126.8792897949768275_37.4794901852118443,124.0,15.0,서행,126.8792897949768275_37.4794901852118443|126.8790614862625290_37.4800167893449014|126.8788328581306786_37.4805441223066751
2026-09-04T03:35:30.187978+09:00,가산디지털단지역,가산디지털단지역,POI013,KEY_2,1170010300,가산디지털1로,1170150600,가산동 459-10,126.8808801590886901_37.4818370707626585,1170003503,한국훼스토사옥,126.8801118740768601_37.4835836867734358,205.0,17.0,서행,126.8801118740768601_37.4835836867734358|126.8803369051264553_37.4830721111243506|126.8808801590886901_37.4818370707626585
2026-09-04T03:35:30.187978+09:00,가산디지털단지역,가산디지털단지역,POI013,KEY_2,1170010400,가산디지털1로,1170167300,가산동 616-15,126.8813486780083650_37.4810987530050070,1170017101,우림라이온스밸리,126.8817561488803136_37.4801723509751810,109.0,30.0,원활,126.8817561488803136_37.4801723509751810|126.8815593348671769_37.4806198189058648|126.8813486780083650_37.4810987530050070
2026-09-04T03:35:30.187978+09:00,가산디지털단지역,가산디지털단지역,POI013,KEY_2,1170010500,가산디지털1로,1170003401,에이스K1타워,126.8777503253269572_37.4830394456682896,1170003504,한국훼스토사옥,126.8800667333185430_37.4836856482294465,217.0,41.0,원활,126.8800667333185430_37.4836856482294465|126.8780941474029760_37.4831353644310639|126.8777503253269572_37.4830394456682896
2026-09-04T03:35:30.187978+09:00,가산디지털단지역,가산디지털단지역,POI013,KEY_2,1170010600,가산디지털1로,1170003503,한국훼스토사옥,126.8801118740768601_37.4835836867734358,1170003402,에이스K1타워,126.8777951926237648_37.4829374080324058,217.0,16.0,서행,126.8777951926237648_37.4829374080324058|126.8781389769056318_37.4830333162361384|126.8801118740768601_37.4835836867734358
2026-09-04T03:35:30.187978+09:00,가산디지털단지역,가산디지털단지역,POI013,KEY_2,1170010700,가산디지털2로,1170003404,에이스K1타워,126.8776222640547218_37.4830037301974457,1170023003,한일유앤아이앞교차로,126.8764497305519399_37.4856050416145052,307.0,27.0,원활,126.8764497305519399_37.4856050416145052|126.8769530191521113_37.4844974112430336|126.8771270214393354_37.4841144613098365|126.8776222640547218_37.4830037301974457
2026-09-04T03:35:30.187978+09:00,가산디지털단지역,가산디지털단지역,POI013,KEY_2,1170010800,가산디지털2로,1170156100,가산동 481-16,126.8770714123987062_37.4845325912213241,1170003401,에이스K1타워,126.8777503253269572_37.4830394456682896,176.0,8.0,정체,126.8777503253269572_37.4830394456682896|126.8772551320893029_37.4841500725636081|126.8770714123987062_37.4845325912213241
2026-09-04T03:35:30.187978+09:00,가산디지털단지역,가산디지털단지역,POI013,KEY_2,1170010901,가산디지털1로,1170018402,구로IC,126.8790152981205779_37.4860597091810774,1170023202,구로IC,126.8782894081204518_37.4863251524316681,72.0,34.5,원활,126.8782894081204518_37.4863251524316681|126.8784915212230970_37.4863057342280257|126.8790152981205779_37.4860597091810774
2026-09-04T03:35:30.187978+09:00,가산디지털단지역,가산디지털단지역,POI013,KEY_2,1170010902,가산디지털1로,1170003504,한국훼스토사옥,126.8800667333185430_37.4836856482294465,1170018402,구로IC,126.8790152981205779_37.4860597091810774,279.0,17.0,서행,126.8790152981205779_37.4860597091810774|126.8790604212477149_37.4859441407688223|126.8793212295502570_37.4853588158684659|126.8795574099507206_37.4848287542369079|126.8800667333185430_37.4836856482294465
2026-09-04T03:35:30.187978+09:00,가산디지털단지역,가산디지털단지역,POI013,KEY_2,1170011000,가산디지털1로,1170150700,가산동 505-21,126.8794490895131304_37.4853949931488870,1170003501,한국훼스토사옥,126.8801945904667718_37.4837218246057446,197.0,42.0,원활,126.8801945904667718_37.4837218246057446|126.8796852690211807_37.4848649312325009|126.8794490895131304_37.4853949931488870
2026-09-04T03:35:30.187978+09:00,가산디지털단지역,가산디지털단지역,POI013,KEY_2,1170028300,디지털로,1170023502,철산교고가차도,126.8800949544824590_37.4757125871934207,1170013902,가산동 371-27,126.8802765869246230_37.4757477449477676,17.0,45.0,원활,126.8802765869246230_37.4757477449477676|126.8800949544824590_37.4757125871934207
2026-09-04T03:35:30.187978+09:00,가산디지털단지역,가산디지털단지역,POI013,KEY_2,1170028500,디지털로,1170013902,가산동 371-27,126.8802765869246230_37.4757477449477676,1170014104,디지털3단지교차로,126.8807666706382662_37.4759013303836070,47.0,42.0,원활,126.8807666706382662_37.4759013303836070|126.8802765869246230_37.4757477449477676
2026-09-04T03:35:30.187978+09:00,가산디지털단지역,가산디지털단지역,POI013,KEY_2,1170028900,디지털로,1170002801,창업경영신문,126.8833226910250147_37.4766701422596853,1170019102,가산동 371-37,126.8844718276479000_37.4770052692773135,108.0,5.0,정체,126.8844718276479000_37.4770052692773135|126.8833226910250147_37.4766701422596853
2026-09-04T03:35:30.187978+09:00,가산디지털단지역,가산디지털단지역,POI013,KEY_2,1170029200,서부샛길,1170153800,가산동 547-52,126.8767546681473988_37.4782024378307170,1170015903,가산동 544-13,126.8765381634038363_37.4785920668772263,47.0,35.3,원활,126.8765381634038363_37.4785920668772263|126.8766674236980521_37.4783525686198544|126.8767546681473988_37.4782024378307170
2026-09-04T03:35:30.187978+09:00,가산디지털단지역,가산디지털단지역,POI013,KEY_2,1170029300,서부샛길,1170151400,가산동 550-15,126.8780991489793593_37.4762654423675059,1170014301,가산동 550-22,126.8783120974288749_37.4759271076860259,42.0,31.0,원활,126.8783120974288749_37.4759271076860259|126.8780991489793593_37.4762654423675059
2026-09-04T03:35:30.187978+09:00,가산디지털단지역,가산디지털단지역,POI013,KEY_2,1170030000,가산디지털2로,1170164700,가산동 547-99,126.8773536677577454_37.4788296880376564,1170015902,가산동 544-13,126.8766627919840744_37.4786347879414308,65.0,11.0,정체,126.8766627919840744_37.4786347879414308|126.8773536677577454_37.4788296880376564
2026-09-04T03:35:30.187978+09:00,가산디지털단지역,가산디지털단지역,POI013,KEY_2,1170030100,가산디지털2로,1170015901,가산동 544-12,126.8766133438417967_37.4787355332651373,1170003104,넥스트데일리,126.8791617565880898_37.4794544305682820,239.0,21.0,서행,126.8791617565880898_37.4794544305682820|126.8773083963655779_37.4789316116942430|126.8766133438417967_37.4787355332651373
2026-09-04T03:35:30.187978+09:00,가산디지털단지역,가산디지털단지역,POI013,KEY_2,1170030200,서부간선도로,1170023102,철산교,126.8780496419956876_37.4758314471784288,1170017902,광명대교,126.8742441723002514_37.4831753643997345,884.0,62.3,원활,126.8742441723002514_37.4831753643997345|126.8742841358361062_37.4830666454064314|126.8746521467129043_37.4820934591778610|126.8757447269381515_37.4798258450576327|126.8762013804379194_37.4788734274832294|126.8764080609626461_37.4784287554216320|126.8767237674334041_37.4779089228715350|126.8772010922821636_37.4771584487192797|126.8780496419956876_37.4758314471784288
2026-09-04T03:35:30.187978+09:00,가산디지털단지역,가산디지털단지역,POI013,KEY_2,1170030300,서부간선도로,1170017901,광명대교,126.8743744262892932_37.4832057708655171,1170023101,철산교,126.8781714453113096_37.4758789730092374,881.0,64.0,원활,126.8781714453113096_37.4758789730092374|126.8768453846509772_37.4779569383214692|126.8765330638727704_37.4784711983867780|126.8763284069663797_37.4789115164048496|126.8758714678139228_37.4798645333357214|126.8747806505455884_37.4821284959943171|126.8745671705812583_37.4826930422461686|126.8744142413161313_37.4830974513846513|126.8743744262892932_37.4832057708655171
2026-09-04T03:35:30.187978+09:00,가산디지털단지역,가산디지털단지역,POI013,KEY_2,1170030400,디지털로11길,1170015804,가산동 60-35,126.8888608195852470_37.4786422669334556,1170017202,가산치안센터,126.8877563510179272_37.4803409344622338,225.0,13.0,정체,126.8877563510179272_37.4803409344622338|126.8876487189374700_37.4802532686979433|126.8876152582835175_37.4801857324034202|126.8877781348083573_37.4799839046579919|126.8888608195852470_37.4786422669334556
2026-09-04T03:35:30.187978+09:00,가산디지털단지역,가산디지털단지역,POI013,KEY_2,1170030500,디지털로11길,1170017201,가산치안센터,126.8878517040770220_37.4802639980304875,1170015801,가산동 127-34,126.8889577744570971_37.4787220070768754,205.0,14.0,정체,126.8889577744570971_37.4787220070768754|126.8878922441530221_37.4800423892421009|126.8877682556147874_37.4801960294957510|126.8878517040770220_37.4802639980304875
2026-09-04T03:35:30.187978+09:00,가산디지털단지역,가산디지털단지역,POI013,KEY_2,1170030600,서부샛길,1170156300,가산동 542-18,126.8762015040739612_37.4792846998089075,1170017703,가산동 535-140,126.8748589685998525_37.4821163650056377,336.0,15.0,서행,126.8748589685998525_37.4821163650056377|126.8752476347248290_37.4812862732621923|126.8754964236416640_37.4807660887605039|126.8755720501943642_37.4806079621604198|126.8758630488654546_37.4799995100011856|126.8762015040739612_37.4792846998089075
2026-09-04T03:35:30.187978+09:00,가산디지털단지역,가산디지털단지역,POI013,KEY_2,1170030700,서부샛길,1170156400,가산동 543-1,126.8763284381504661_37.4793228710363309,1170015901,가산동 544-12,126.8766133438417967_37.4787355332651373,70.0,51.0,원활,126.8766133438417967_37.4787355332651373|126.8764689858910373_37.4790635996740278|126.8764086333215033_37.4791534977809491|126.8763284381504661_37.4793228710363309
2026-09-04T03:35:30.187978+09:00,가산디지털단지역,가산디지털단지역,POI013,KEY_2,1170031000,벚꽃로36길,1170017503,가산KS타워,126.8854049819534566_37.4811550680724608,1170017302,가산디지털단지역,126.8834625777253109_37.4806304764118963,181.0,6.0,정체,126.8834625777253109_37.4806304764118963|126.8845092248789683_37.4809084600321043|126.8851637740912679_37.4810822988738792|126.8854049819534566_37.4811550680724608
2026-09-04T03:35:30.187978+09:00,가산디지털단지역,가산디지털단지역,POI013,KEY_2,1170031100,벚꽃로36길,1170168600,가산동 60-35,126.8844663288588350_37.4810110345676577,1170017504,가산KS타워,126.8853679062811182_37.4812594917756741,84.0,13.0,정체,126.8853679062811182_37.4812594917756741|126.8851182907982178_37.4811841866554118|126.8844663288588350_37.4810110345676577
2026-09-04T03:35:30.187978+09:00,가산디지털단지역,가산디지털단지역,POI013,KEY_2,1170031200,벚꽃로36길,1170017603,진도로터리,126.8865717208607293_37.4816908228100871,1170017502,가산KS타워,126.8855287992586085_37.4811993588658439,107.0,6.0,정체,126.8855287992586085_37.4811993588658439|126.8856946300879258_37.4812690241665081|126.8865717208607293_37.4816908228100871
2026-09-04T03:35:30.187978+09:00,가산디지털단지역,가산디지털단지역,POI013,KEY_2,1170031300,벚꽃로36길,1170017501,가산KS타워,126.8854966385132741_37.4813080721727374,1170017604,진도로터리,126.8864996062809212_37.4817824247397624,103.0,20.0,서행,126.8864996062809212_37.4817824247397624|126.8856278911453188_37.4813632104785341|126.8854966385132741_37.4813080721727374
2026-09-04T03:35:30.187978+09:00,가산디지털단지역,가산디지털단지역,POI013,KEY_2,1170031600,가산디지털2로,1170003403,에이스K1타워,126.8776671309272359_37.4829016927615086,1170017702,가산동 535-140,126.8749860827710734_37.4821541629738917,251.0,13.0,정체,126.8749860827710734_37.4821541629738917|126.8771006730682416_37.4827437593072830|126.8776671309272359_37.4829016927615086
2026-09-04T03:35:30.187978+09:00,가산디지털단지역,가산디지털단지역,POI013,KEY_2,1170031700,가산디지털2로,1170017701,가산동 535-140,126.8749405965466508_37.4822560278924541,1170003404,에이스K1타워,126.8776222640547218_37.4830037301974457,251.0,36.0,원활,126.8776222640547218_37.4830037301974457|126.8770558675186066_37.4828458138785905|126.8749405965466508_37.4822560278924541
2026-09-04T03:35:30.187978+09:00,가산디지털단지역,가산디지털단지역,POI013,KEY_2,1170031800,벚꽃로38길,1170018001,가산동 87-228,126.8849888398732020_37.4830651069565590,1170017802,가산동 602-6,126.8846772351536458_37.4823809587892427,81.0,22.0,서행,126.8846772351536458_37.4823809587892427|126.8846856655747217_37.4824789783436785|126.8847230497314200_37.4825887441221894|126.8848857802843639_37.4829088102786230|126.8849888398732020_37.4830651069565590
2026-09-04T03:35:30.187978+09:00,가산디지털단지역,가산디지털단지역,POI013,KEY_2,1170031900,벚꽃로38길,1170017806,가산동 602-6,126.8845429062670860_37.4824003203607106,1170018002,가산동 87-228,126.8848823508648422_37.4831372761665094,88.0,21.0,서행,126.8848823508648422_37.4831372761665094|126.8847625679666606_37.4829543974171813|126.8845942445571637_37.4826233297257261|126.8845512215779223_37.4824970086767024|126.8845429062670860_37.4824003203607106
2026-09-04T03:35:30.187978+09:00,가산디지털단지역,가산디지털단지역,POI013,KEY_2,1170032000,서부샛길,1170017704,가산동 535-140,126.8748120880016330_37.4822213561447128,1170018102,광명대교,126.8740587812258696_37.4851270971715280,330.0,10.0,정체,126.8740587812258696_37.4851270971715280|126.8741436649035990_37.4846873682491832|126.8741537951397902_37.4846348895166557|126.8742036013845649_37.4842427896649255|126.8742494009264590_37.4839837526722377|126.8742891614991066_37.4838292628454326|126.8743330290148634_37.4836588147161365|126.8746081909190053_37.4827012903680625|126.8748120880016330_37.4822213561447128
2026-09-04T03:35:30.187978+09:00,가산디지털단지역,가산디지털단지역,POI013,KEY_2,1170032100,서부샛길,1170168200,가산동 536-14,126.8744238567562235_37.4838473620564159,1170017701,가산동 535-140,126.8749405965466508_37.4822560278924541,183.0,42.0,원활,126.8749405965466508_37.4822560278924541|126.8747379563199473_37.4827330065497080|126.8745128245454907_37.4834893090519898|126.8744308419180982_37.4838078535391972|126.8744238567562235_37.4838473620564159
2026-09-04T03:35:30.187978+09:00,가산디지털단지역,가산디지털단지역,POI013,KEY_2,1170032200,벚꽃로,1170003304,가산디지털단지역앞교차로,126.8828556252263553_37.4817337593798925,1170018203,가산동교차로,126.8810193619301288_37.4855797823955541,457.0,29.0,원활,126.8810193619301288_37.4855797823955541|126.8814549818461330_37.4846175107537718|126.8816762697065883_37.4841371457142856|126.8819732803121099_37.4835805968858509|126.8821895137885321_37.4831754053464792|126.8823893348157696_37.4827592756745958|126.8825550680871004_37.4824141303692215|126.8826465093475946_37.4822236992901168|126.8827737257268780_37.4819587629643607|126.8828437361635224_37.4817886175017208|126.8828556252263553_37.4817337593798925
2026-09-04T03:35:30.187978+09:00,가산디지털단지역,가산디지털단지역,POI013,KEY_2,1170032300,벚꽃로,1170157400,가산동 34-91,126.8827732242271651_37.4822623402857431,1170003301,가산디지털단지역앞교차로,126.8829893206686705_37.4817521605425767,60.0,39.3,원활,126.8829893206686705_37.4817521605425767|126.8829757450834563_37.4818148018831323|126.8829016185382415_37.4819949499432283|126.8827732242271651_37.4822623402857431
2026-09-04T03:35:30.187978+09:00,가산디지털단지역,가산디지털단지역,POI013,KEY_2,1170032400,서부간선도로,1170017902,광명대교,126.8742441723002514_37.4831753643997345,1170022903,금천구-광명시,126.8734821978691230_37.4850995426429492,225.0,45.0,원활,126.8734821978691230_37.4850995426429492|126.8736948615680831_37.4844914584934017|126.8739616413024578_37.4837516950747229|126.8741225826684911_37.4833138490987423|126.8742441723002514_37.4831753643997345
2026-09-04T03:35:30.187978+09:00,가산디지털단지역,가산디지털단지역,POI013,KEY_2,1170032500,서부간선도로,1170022902,금천구-광명시,126.8737588846273923_37.4851140302723067,1170017901,광명대교,126.8743744262892932_37.4832057708655171,219.0,48.0,원활,126.8743744262892932_37.4832057708655171|126.8743604958764450_37.4834381828801071|126.8739559928559828_37.4845504191062844|126.8737588846273923_37.4851140302723067
2026-09-04T03:35:30.187978+09:00,가산디지털단지역,가산디지털단지역,POI013,KEY_2,1170032600,서부간선도로,2130001604,금천구-광명시,126.8734167913569877_37.4857818034045209,1170017901,광명대교,126.8743744262892932_37.4832057708655171,298.0,71.0,원활,126.8743744262892932_37.4832057708655171|126.8738910636768082_37.4845347984241712|126.8734167913569877_37.4857818034045209
2026-09-04T03:35:30.187978+09:00,가산디지털단지역,가산디지털단지역,POI013,KEY_2,1170032700,서부간선도로,1170017902,광명대교,126.8742441723002514_37.4831753643997345,2130001605,금천구-광명시,126.8733111410033843_37.4857606763575504,299.0,62.0,원활,126.8733111410033843_37.4857606763575504|126.8737601144272276_37.4845061759182911|126.8740267697573216_37.4837667537030796|126.8742441723002514_37.4831753643997345
2026-09-04T03:35:30.187978+09:00,가산디지털단지역,가산디지털단지역,POI013,KEY_2,1170032800,서부간선도로,2130001604,금천구-광명시,126.8734167913569877_37.4857818034045209,1170022901,금천구-광명시,126.8737210965491045_37.4852198895296880,68.0,54.0,원활,126.8737210965491045_37.4852198895296880|126.8735624265544004_37.4856033073380033|126.8734167913569877_37.4857818034045209
2026-09-04T03:35:30.187978+09:00,가산디지털단지역,가산디지털단지역,POI013,KEY_2,1170032900,서부간선도로,1170022904,금천구-광명시,126.8734457962195279_37.4852015732672896,2130001605,금천구-광명시,126.8733111410033843_37.4857606763575504,64.0,11.0,정체,126.8733111410033843_37.4857606763575504|126.8733240737339401_37.4855316814037565|126.8734457962195279_37.4852015732672896
2026-09-04T03:35:30.187978+09:00,가산디지털단지역,가산디지털단지역,POI013,KEY_2,1170033000,남부순환로,1170018700,구로구-금천구,126.8790815469585880_37.4864162607002811,1170018401,구로IC,126.8791448623472178_37.4860989419166160,36.0,24.0,서행,126.8791448623472178_37.4860989419166160|126.8791164766049633_37.4862132444492389|126.8790891626350685_37.4863324792847834|126.8790815469585880_37.4864162607002811
2026-09-04T03:35:30.187978+09:00,가산디지털단지역,가산디지털단지역,POI013,KEY_2,1170043300,서부간선도로,1170023101,철산교,126.8781714453113096_37.4758789730092374,1170023401,철산교교차로,126.8792146732295976_37.4741770255893343,210.0,63.0,원활,126.8792146732295976_37.4741770255893343|126.8791512669663177_37.4742680248910673|126.8785461422459235_37.4752412749364154|126.8784617030426745_37.4753839935928355|126.8781714453113096_37.4758789730092374
2026-09-04T03:35:30.187978+09:00,가산디지털단지역,가산디지털단지역,POI013,KEY_2,1170043400,서부간선도로,1170023402,철산교교차로,126.8791102050527684_37.4741042433240850,1170023102,철산교,126.8780496419956876_37.4758314471784288,213.0,67.5,원활,126.8780496419956876_37.4758314471784288|126.8784241722095771_37.4751939636416651|126.8790311411188014_37.4742177436715664|126.8791102050527684_37.4741042433240850
2026-09-04T03:35:30.187978+09:00,가산디지털단지역,가산디지털단지역,POI013,KEY_2,1170043600,디지털로,1170023301,철산대교,126.8786566066053894_37.4753214467683478,1170023502,철산교고가차도,126.8800949544824590_37.4757125871934207,134.0,15.0,서행,126.8800949544824590_37.4757125871934207|126.8786566066053894_37.4753214467683478
2026-09-04T03:35:30.187978+09:00,가산디지털단지역,가산디지털단지역,POI013,KEY_2,1170043700,서부샛길,1170023101,철산교,126.8781714453113096_37.4758789730092374,1170023301,철산대교,126.8786566066053894_37.4753214467683478,75.0,26.0,원활,126.8786566066053894_37.4753214467683478|126.8781714453113096_37.4758789730092374
2026-09-04T03:35:30.187978+09:00,가산디지털단지역,가산디지털단지역,POI013,KEY_2,1170043800,가마산로,1170023203,구로IC,126.8781715420438019_37.4862714751951671,1170023002,한일유앤아이앞교차로,126.8765440518033216_37.4856305734552890,161.0,37.0,원활,126.8765440518033216_37.4856305734552890|126.8768290793187106_37.4857120254992182|126.8773411424120496_37.4858928057238785|126.8779136422489131_37.4861540250904710|126.8781715420438019_37.4862714751951671
2026-09-04T03:35:30.187978+09:00,가산디지털단지역,가산디지털단지역,POI013,KEY_2,1170043900,가마산로,1170023001,한일유앤아이앞교차로,126.8765517662187534_37.4857476377097569,1170023204,구로IC,126.8781042169384961_37.4863653494947258,154.0,12.0,정체,126.8781042169384961_37.4863653494947258|126.8778462666792564_37.4862478999184319|126.8772797986363656_37.4859894003297995|126.8767786420606427_37.4858124623021354|126.8765517662187534_37.4857476377097569
2026-09-04T03:35:30.187978+09:00,가산디지털단지역,가산디지털단지역,POI013,KEY_2,1170044000,가마산로,1160002600,구로구-금천구,126.8787546103777828_37.4865587443682529,1170023202,구로IC,126.8782894081204518_37.4863251524316681,49.0,54.0,원활,126.8782894081204518_37.4863251524316681|126.8783716099286067_37.4863625878676814|126.8787546103777828_37.4865587443682529
2026-09-04T03:35:30.187978+09:00,가산디지털단지역,가산디지털단지역,POI013,KEY_2,1170044100,가마산로,1170023201,구로IC,126.8782220883242502_37.4864190188929030,1160008600,구로IC교차로,126.8786626732868825_37.4866401190959166,46.0,22.0,서행,126.8786626732868825_37.4866401190959166|126.8783012361690226_37.4864550569965189|126.8782220883242502_37.4864190188929030
2026-09-04T03:35:30.187978+09:00,가산디지털단지역,가산디지털단지역,POI013,KEY_2,1170044201,남부순환로,1170169300,최소노드배치점,126.8822665721246352_37.4849710662941860,1170019000,가리봉고가차도,126.8791756496076175_37.4863167028194511,313.0,24.0,서행,126.8791756496076175_37.4863167028194511|126.8795977657532745_37.4861425221933544|126.8803209840576471_37.4858849248429351|126.8809917090289616_37.4856484551944149|126.8812938588655328_37.4855283549657656|126.8814598900988813_37.4854548625366562|126.8821731209506112_37.4850349575400301|126.8822665721246352_37.4849710662941860
2026-09-04T03:35:30.187978+09:00,가산디지털단지역,가산디지털단지역,POI013,KEY_2,1170044401,남부순환로,1170017604,진도로터리,126.8864996062809212_37.4817824247397624,1160119703,가산동 87-228,126.8849676600162297_37.4831497843805792,205.0,23.0,서행,126.8849676600162297_37.4831497843805792|126.8855355875806055_37.4827596705933672|126.8857488716080582_37.4826120558047649|126.8859756879799647_37.4824256035163046|126.8860754726341327_37.4823234017196043|126.8864996062809212_37.4817824247397624
2026-09-04T03:35:30.187978+09:00,가산디지털단지역,가산디지털단지역,POI013,KEY_2,2130003700,가마산로,1170022901,금천구-광명시,126.8737210965491045_37.4852198895296880,1170023004,한일유앤아이앞교차로,126.8764065934058607_37.4857075652449510,244.0,29.0,원활,126.8764065934058607_37.4857075652449510|126.8758372667077765_37.4855633058797721|126.8751884228181837_37.4854021500352275|126.8748092360707460_37.4853289942778574|126.8740455173326467_37.4852429319146481|126.8737210965491045_37.4852198895296880
2026-09-04T03:35:30.187978+09:00,가산디지털단지역,가산디지털단지역,POI013,KEY_2,2130003800,가마산로,1170023003,한일유앤아이앞교차로,126.8764497305519399_37.4856050416145052,1170022902,금천구-광명시,126.8737588846273923_37.4851140302723067,245.0,12.0,정체,126.8737588846273923_37.4851140302723067|126.8740610488251548_37.4851354942786159|126.8748347677250621_37.4852226501480530|126.8752246104701555_37.4852979002086286|126.8758780173978948_37.4854601499689437|126.8764497305519399_37.4856050416145052
2026-09-04T03:35:30.187978+09:00,가산디지털단지역,가산디지털단지역,POI013,KEY_2,2130005900,디지털로,2130010101,철산대교사거리,126.8760760325830859_37.4746055471850141,1170023301,철산대교,126.8786566066053894_37.4753214467683478,242.0,21.0,서행,126.8786566066053894_37.4753214467683478|126.8781441417533955_37.4751502438280255|126.8760760325830859_37.4746055471850141
2026-09-04T03:35:30.187978+09:00,가산디지털단지역,가산디지털단지역,POI013,KEY_2,2130006200,가마산로,1160119302,구로현대로얄아파트,126.8774535794735243_37.4870541215173674,1170023001,한일유앤아이앞교차로,126.8765517662187534_37.4857476377097569,171.0,27.0,원활,126.8765517662187534_37.4857476377097569|126.8765848292610627_37.4859164939894995|126.8765939865786123_37.4860499004509009|126.8766411101054103_37.4862142745454250|126.8767186103615217_37.4863205256784866|126.8768765484934136_37.4864989313129797|126.8771816105266197_37.4868254937788166|126.8773875479257214_37.4870177123956125|126.8774535794735243_37.4870541215173674
2026-09-04T03:35:30.187978+09:00,가산디지털단지역,가산디지털단지역,POI013,KEY_2,2130037200,가마산로,1170022903,금천구-광명시,126.8734821978691230_37.4850995426429492,2130012802,광명대교사거리,126.8710246817804688_37.4849333097879693,218.0,28.0,원활,126.8710246817804688_37.4849333097879693|126.8711334546059959_37.4849340255628292|126.8713709553037603_37.4849265248893673|126.8734821978691230_37.4850995426429492
2026-09-04T03:35:30.187978+09:00,가산디지털단지역,가산디지털단지역,POI013,KEY_2,2130037300,가마산로,2130012801,광명대교사거리,126.8709844969789344_37.4850411728194999,1170022904,금천구-광명시,126.8734457962195279_37.4852015732672896,219.0,26.5,원활,126.8734457962195279_37.4852015732672896|126.8713640170870747_37.4850349311023550|126.8711355799803329_37.4850421497208615|126.8709844969789344_37.4850411728194999
2026-09-04T03:35:30.187978+09:00,가산디지털단지역,가산디지털단지역,POI013,KEY_2,2130048500,서부간선도로,2130001602,세진자동차정비센터,126.8731138749185021_37.4871474213395715,2130001604,금천구-광명시,126.8734167913569877_37.4857818034045209,154.0,75.0,원활,126.8734167913569877_37.4857818034045209|126.8731138749185021_37.4871474213395715
2026-09-04T03:35:30.187978+09:00,가산디지털단지역,가산디지털단지역,POI013,KEY_2,2130048600,서부간선도로,2130001605,금천구-광명시,126.8733111410033843_37.4857606763575504,2130001603,세진자동차정비센터,126.8729809575309986_37.4871260344337003,154.0,18.0,서행,126.8729809575309986_37.4871260344337003|126.8733111410033843_37.4857606763575504
2026-09-04T03:35:30.187978+09:00,강남역,강남역,POI014,KEY_3,1220025103,강남대로,1220323900,역삼동 858,127.0265517996681552_37.5003958528345578,1210035401,속성변화점,127.0269491384972866_37.4995732101292063,98.0,20.0,서행,127.0269491384972866_37.4995732101292063|127.0265517996681552_37.5003958528345578
2026-09-04T03:35:30.187978+09:00,강남역,강남역,POI014,KEY_3,1210020001,사임당로,1210415300,서초동 1419,127.0292323976334075_37.4928850031516703,1220006304,우성아파트앞사거리,127.0298809732350946_37.4930795966086521,61.0,11.0,정체,127.0298809732350946_37.4930795966086521|127.0292323976334075_37.4928850031516703
2026-09-04T03:35:30.187978+09:00,강남역,강남역,POI014,KEY_3,1210020101,사임당로,1210360800,서초동 1419,127.0283021951469919_37.4924903721082217,1210030502,서이초교사거리,127.0266740331770166_37.4920018339467589,154.0,11.0,정체,127.0266740331770166_37.4920018339467589|127.0283021951469919_37.4924903721082217
2026-09-04T03:35:30.187978+09:00,강남역,강남역,POI014,KEY_3,1210022202,서초대로,1210033401,진흥아파트앞교차로,127.0242802822726844_37.4970075567363992,1210033704,윤빌딩,127.0258548542651624_37.4974926936972466,149.0,21.0,서행,127.0258548542651624_37.4974926936972466|127.0251665089917026_37.4972806128327818|127.0250399262904324_37.4972416118408773|127.0242802822726844_37.4970075567363992
2026-09-04T03:35:30.187978+09:00,강남역,강남역,POI014,KEY_3,1210022203,서초대로,1210373100,서초동 1377,127.0264489335689433_37.4976757265136271,1210034104,강남역사거리,127.0275555290794074_37.4980166525441376,105.0,39.0,원활,127.0275555290794074_37.4980166525441376|127.0264489335689433_37.4976757265136271
2026-09-04T03:35:30.187978+09:00,강남역,강남역,POI014,KEY_3,1210022302,서초대로,1210033703,윤빌딩,127.0259041388009109_37.4973919554259822,1210033502,부띠크모나코뮤지엄,127.0252154534745728_37.4971797698303249,65.0,42.0,원활,127.0252154534745728_37.4971797698303249|127.0259041388009109_37.4973919554259822
2026-09-04T03:35:30.187978+09:00,강남역,강남역,POI014,KEY_3,1210022303,서초대로,1210034103,강남역사거리,127.0276030282322353_37.4979153641312806,1210033702,윤빌딩,127.0260307099654398_37.4974309517033291,149.0,8.0,정체,127.0260307099654398_37.4974309517033291|127.0264978765125790_37.4975748829649973|127.0276030282322353_37.4979153641312806
2026-09-04T03:35:30.187978+09:00,강남역,강남역,POI014,KEY_3,1210025402,사평대로,1210134700,반포동 749-35,127.0236141059144614_37.5043118599685954,1210040404,교보타워사거리,127.0243991052031305_37.5045524553287137,74.0,23.0,서행,127.0243991052031305_37.5045524553287137|127.0236141059144614_37.5043118599685954
2026-09-04T03:35:30.187978+09:00,강남역,강남역,POI014,KEY_3,1210025502,사평대로,1210236300,서초동 1413,127.0234894173690634_37.5041577975041776,1210039302,양정빌딩,127.0229020145832664_37.5039777585302119,56.0,10.0,정체,127.0229020145832664_37.5039777585302119|127.0234894173690634_37.5041577975041776
2026-09-04T03:35:30.187978+09:00,강남역,강남역,POI014,KEY_3,1210053600,강남대로55길,1210033004,삼성타운,127.0266857689022544_37.4957536970583831,1210032702,더에셋,127.0259776820794997_37.4955386588283872,67.0,15.0,서행,127.0259776820794997_37.4955386588283872|127.0266857689022544_37.4957536970583831
2026-09-04T03:35:30.187978+09:00,강남역,강남역,POI014,KEY_3,1210053700,강남대로55길,1210032701,더에셋,127.0259293124109234_37.4956396778841849,1210033005,삼성타운,127.0266374387400532_37.4958547278587062,67.0,20.0,서행,127.0266374387400532_37.4958547278587062|127.0259293124109234_37.4956396778841849
2026-09-04T03:35:30.187978+09:00,강남역,강남역,POI014,KEY_3,1210053801,강남대로55길,1210191200,서초동 1327-36,127.0272404832483488_37.4959221540181886,1210033003,삼성타운,127.0268125713474916_37.4957922050099555,40.0,11.0,정체,127.0268125713474916_37.4957922050099555|127.0272404832483488_37.4959221540181886
2026-09-04T03:35:30.187978+09:00,강남역,강남역,POI014,KEY_3,1210053802,강남대로55길,1210033203,강남역(신분당선),127.0283572661165579_37.4962612914871656,1210033007,강남역(신분당선),127.0277803841059381_37.4960861092022952,55.0,11.0,정체,127.0277803841059381_37.4960861092022952|127.0283572661165579_37.4962612914871656
2026-09-04T03:35:30.187978+09:00,강남역,강남역,POI014,KEY_3,1210053901,강남대로55길,1210033006,강남역(신분당선),127.0277320549546687_37.4961871406859260,1210033204,강남역(신분당선),127.0283100116079567_37.4963626493360778,55.0,11.0,정체,127.0283100116079567_37.4963626493360778|127.0277320549546687_37.4961871406859260
2026-09-04T03:35:30.187978+09:00,강남역,강남역,POI014,KEY_3,1210053902,강남대로55길,1210033002,삼성타운,127.0267642413025158_37.4958932358491239,1210033009,강남역(신분당선),127.0276052375956084_37.4961486294656154,80.0,18.5,서행,127.0276052375956084_37.4961486294656154|127.0271921536036501_37.4960231851536534|127.0267642413025158_37.4958932358491239
2026-09-04T03:35:30.187978+09:00,강남역,강남역,POI014,KEY_3,1210054400,서초대로74길,1210216800,서초동 1398,127.0262898811845957_37.4965833263985431,1210033703,윤빌딩,127.0259041388009109_37.4973919554259822,96.0,16.0,서행,127.0259041388009109_37.4973919554259822|127.0262898811845957_37.4965833263985431
2026-09-04T03:35:30.187978+09:00,강남역,강남역,POI014,KEY_3,1210054500,서초대로74길,1210033702,윤빌딩,127.0260307099654398_37.4974309517033291,1210033002,삼성타운,127.0267642413025158_37.4958932358491239,183.0,21.0,서행,127.0267642413025158_37.4958932358491239|127.0264167297892470_37.4966217393929426|127.0260307099654398_37.4974309517033291
2026-09-04T03:35:30.187978+09:00,강남역,강남역,POI014,KEY_3,1210055400,강남대로61길,1210034701,서초초교,127.0235391206333873_37.4985356638665053,1210035204,서초동 1417,127.0251133763993892_37.4990052283610922,149.0,17.0,서행,127.0251133763993892_37.4990052283610922|127.0243740858838351_37.4987847182566867|127.0235391206333873_37.4985356638665053
2026-09-04T03:35:30.187978+09:00,강남역,강남역,POI014,KEY_3,1210055600,강남대로61길,1210418200,서초동 1417,127.0257829298254109_37.4990960560013917,1210035202,서초동 1417,127.0252893737708320_37.4989430293845913,47.0,22.0,서행,127.0252893737708320_37.4989430293845913|127.0257829298254109_37.4990960560013917
2026-09-04T03:35:30.187978+09:00,강남역,강남역,POI014,KEY_3,1210055700,강남대로61길,1210401600,서초동 1417,127.0261124478687265_37.4993142400926160,1210035404,서초동 1373,127.0268224853808761_37.4995343793171756,67.0,22.0,서행,127.0268224853808761_37.4995343793171756|127.0261124478687265_37.4993142400926160
2026-09-04T03:35:30.187978+09:00,강남역,강남역,POI014,KEY_3,1210056100,서초대로73길,1210409800,서초동 1389,127.0236643794922031_37.5020492808981771,1210038103,서초푸르지오써밋2단지아파트,127.0233853819339487_37.5026409362391178,70.0,12.0,정체,127.0233853819339487_37.5026409362391178|127.0236643794922031_37.5020492808981771
2026-09-04T03:35:30.187978+09:00,강남역,강남역,POI014,KEY_3,1210056200,서초대로73길,1210364100,서초동 1391,127.0240545656601086_37.5015292588755429,1210035201,서초동 1417,127.0252401586390647_37.4990437889059507,295.0,28.0,원활,127.0252401586390647_37.4990437889059507|127.0242391703617812_37.5011377644102453|127.0240545656601086_37.5015292588755429
2026-09-04T03:35:30.187978+09:00,강남역,강남역,POI014,KEY_3,1210057000,서운로26길,1210038103,서초푸르지오써밋2단지아파트,127.0233853819339487_37.5026409362391178,1210037402,서초4동주민센터,127.0218282543338546_37.5021676027010855,147.0,15.0,서행,127.0218282543338546_37.5021676027010855|127.0222929628553601_37.5023088669464926|127.0233853819339487_37.5026409362391178
2026-09-04T03:35:30.187978+09:00,강남역,강남역,POI014,KEY_3,1210057100,서운로26길,1210388100,서초동 1302-6,127.0222445833544498_37.5024098842265374,1210038104,서초푸르지오써밋2단지아파트,127.0233377260351233_37.5027421735315016,103.0,19.0,서행,127.0233377260351233_37.5027421735315016|127.0222445833544498_37.5024098842265374
2026-09-04T03:35:30.187978+09:00,강남역,강남역,POI014,KEY_3,1210057700,사평대로56길,1210038104,서초푸르지오써밋2단지아파트,127.0233377260351233_37.5027421735315016,1210039303,양정빌딩,127.0227753209311885_37.5039389866395183,142.0,13.0,정체,127.0227753209311885_37.5039389866395183|127.0233377260351233_37.5027421735315016
2026-09-04T03:35:30.187978+09:00,강남역,강남역,POI014,KEY_3,1210057800,사평대로56길,1210039302,양정빌딩,127.0229020145832664_37.5039777585302119,1210038101,서초푸르지오써밋2단지아파트,127.0234674391860921_37.5027745145973768,143.0,28.0,원활,127.0234674391860921_37.5027745145973768|127.0229020145832664_37.5039777585302119
2026-09-04T03:35:30.187978+09:00,강남역,강남역,POI014,KEY_3,1210172200,서초대로77길,1210082402,서초동 1309-12,127.0246208303307327_37.5023342996229516,1210038102,서초푸르지오써밋2단지아파트,127.0235154848242018_37.5026724719820592,109.0,7.0,정체,127.0235154848242018_37.5026724719820592|127.0235605027470882_37.5026574669446049|127.0238729763156584_37.5024491592639393|127.0239918461970205_37.5024095377816664|127.0242144189857498_37.5023920831073028|127.0242153286376663_37.5023920117694232|127.0244981705713059_37.5023756173163889|127.0245684570023315_37.5023622299920731|127.0246208303307327_37.5023342996229516
2026-09-04T03:35:30.187978+09:00,강남역,강남역,POI014,KEY_3,1210172300,서초대로73길,1210033704,윤빌딩,127.0258548542651624_37.4974926936972466,1210082502,한국무라타전자본사,127.0254697726481936_37.4982778876805085,94.0,3.0,정체,127.0254697726481936_37.4982778876805085|127.0255576288302848_37.4980854506844921|127.0258548542651624_37.4974926936972466
2026-09-04T03:35:30.187978+09:00,강남역,강남역,POI014,KEY_3,1210172400,서초대로73길,1210082501,한국무라타전자본사,127.0255973021892970_37.4983148473285794,1210033701,윤빌딩,127.0259814315018616_37.4975316918531618,93.0,21.0,서행,127.0259814315018616_37.4975316918531618|127.0256844337441891_37.4981239961677630|127.0255973021892970_37.4983148473285794
2026-09-04T03:35:30.187978+09:00,강남역,강남역,POI014,KEY_3,1220016203,강남대로,1210029205,중앙경제TV,127.0305900356174362_37.4915934710394581,1220006303,우성아파트앞사거리,127.0299293519401402_37.4929785798404396,164.0,36.0,원활,127.0299293519401402_37.4929785798404396|127.0305900356174362_37.4915934710394581
2026-09-04T03:35:30.187978+09:00,강남역,강남역,POI014,KEY_3,1220016304,강남대로,1220006302,우성아파트앞사거리,127.0300563841217496_37.4930165951748009,1210029202,속성변화점,127.0307168759066059_37.4916318829225474,164.0,16.0,서행,127.0307168759066059_37.4916318829225474|127.0300563841217496_37.4930165951748009
2026-09-04T03:35:30.187978+09:00,강남역,강남역,POI014,KEY_3,1220017600,도곡로7길,1220379200,역삼동 858-15,127.0340703991431752_37.4925901335485747,1220006603,역삼초교앞교차로,127.0333827720970277_37.4940232440208803,170.0,16.0,서행,127.0333827720970277_37.4940232440208803|127.0336153677406941_37.4935384889359966|127.0337962432027297_37.4931615197673196|127.0340703991431752_37.4925901335485747
2026-09-04T03:35:30.187978+09:00,강남역,강남역,POI014,KEY_3,1220019401,역삼로,1220438500,역삼동 858-14,127.0309432021188627_37.4933967723260864,1220027304,역삼초등학교,127.0316663031210709_37.4936126134126368,68.0,17.0,서행,127.0316663031210709_37.4936126134126368|127.0309432021188627_37.4933967723260864
2026-09-04T03:35:30.187978+09:00,강남역,강남역,POI014,KEY_3,1220019402,역삼로,1220275000,역삼동 858-14,127.0325453290157043_37.4938819369312810,1220006604,역삼초교앞교차로,127.0333341389376045_37.4941241826241694,75.0,38.0,원활,127.0333341389376045_37.4941241826241694|127.0325453290157043_37.4938819369312810
2026-09-04T03:35:30.187978+09:00,강남역,강남역,POI014,KEY_3,1220019501,역삼로,1220438600,역삼동 858-14,127.0309908064247821_37.4932955226971032,1220006302,우성아파트앞사거리,127.0300563841217496_37.4930165951748009,88.0,24.0,서행,127.0300563841217496_37.4930165951748009|127.0309908064247821_37.4932955226971032
2026-09-04T03:35:30.187978+09:00,강남역,강남역,POI014,KEY_3,1220019502,역삼로,1220006603,역삼초교앞교차로,127.0333827720970277_37.4940232440208803,1220027302,역삼초등학교,127.0318512919482572_37.4935529160897403,145.0,20.0,서행,127.0318512919482572_37.4935529160897403|127.0325941313863609_37.4937810503361462|127.0333827720970277_37.4940232440208803
2026-09-04T03:35:30.187978+09:00,강남역,강남역,POI014,KEY_3,1220020700,역삼로,1220375800,역삼동 858-14,127.0338334350395542_37.4941595999640853,1220006602,역삼초교앞교차로,127.0335095296028811_37.4940618362868818,31.0,25.0,원활,127.0335095296028811_37.4940618362868818|127.0338334350395542_37.4941595999640853
2026-09-04T03:35:30.187978+09:00,강남역,강남역,POI014,KEY_3,1220021001,강남대로,1220006304,우성아파트앞사거리,127.0298809732350946_37.4930795966086521,1210032503,속성변화점,127.0291466107050695_37.4946068687934400,182.0,23.0,서행,127.0291466107050695_37.4946068687934400|127.0298809732350946_37.4930795966086521
2026-09-04T03:35:30.187978+09:00,강남역,강남역,POI014,KEY_3,1220021002,강남대로,1210032503,속성변화점,127.0291466107050695_37.4946068687934400,1210033203,강남역(신분당선),127.0283572661165579_37.4962612914871656,196.0,14.0,정체,127.0283572661165579_37.4962612914871656|127.0290981037409779_37.4947081584269171|127.0291466107050695_37.4946068687934400
2026-09-04T03:35:30.187978+09:00,강남역,강남역,POI014,KEY_3,1220021003,강남대로,1210033204,강남역(신분당선),127.0283100116079567_37.4963626493360778,1210034103,강남역사거리,127.0276030282322353_37.4979153641312806,183.0,25.0,원활,127.0276030282322353_37.4979153641312806|127.0283100116079567_37.4963626493360778
2026-09-04T03:35:30.187978+09:00,강남역,강남역,POI014,KEY_3,1220021101,강남대로,1210032502,삼성화재서초사옥,127.0292733269647272_37.4946455507303256,1220006301,우성아파트앞사거리,127.0300080064880888_37.4931176139120410,182.0,31.0,원활,127.0300080064880888_37.4931176139120410|127.0292733269647272_37.4946455507303256
2026-09-04T03:35:30.187978+09:00,강남역,강남역,POI014,KEY_3,1220021102,강남대로,1210034102,강남역사거리,127.0277297558715759_37.4979540832481035,1210032501,삼성화재서초사옥,127.0292249496761201_37.4947465691331274,380.0,23.0,서행,127.0292249496761201_37.4947465691331274|127.0284841143001699_37.4962997029777512|127.0284375777275727_37.4963995211793275|127.0277297558715759_37.4979540832481035
2026-09-04T03:35:30.187978+09:00,강남역,강남역,POI014,KEY_3,1220021600,테헤란로8길,1220382500,역삼동 858-13,127.0317807377698927_37.4973349404078959,1220031503,국기원입구교차로,127.0309935926159000_37.4989426147382048,192.0,19.0,서행,127.0309935926159000_37.4989426147382048|127.0314397690811461_37.4980334728711426|127.0316520402862892_37.4976009346478421|127.0317807377698927_37.4973349404078959
2026-09-04T03:35:30.187978+09:00,강남역,강남역,POI014,KEY_3,1220021700,테헤란로8길,1220401300,역삼동 858-13,127.0333117491822463_37.4944710677349136,1220006601,역삼초교앞교차로,127.0334608974688280_37.4941627761416356,37.0,20.0,서행,127.0334608974688280_37.4941627761416356|127.0333117491822463_37.4944710677349136
2026-09-04T03:35:30.187978+09:00,강남역,강남역,POI014,KEY_3,1220023302,테헤란로,1210034101,강남역사거리,127.0276822389256637_37.4980553605985918,1220031504,국기원입구교차로,127.0309460927545757_37.4990438974112124,309.0,12.0,정체,127.0309460927545757_37.4990438974112124|127.0286612555960488_37.4983518916215388|127.0276822389256637_37.4980553605985918
2026-09-04T03:35:30.187978+09:00,강남역,강남역,POI014,KEY_3,1220023402,테헤란로,1220417400,역삼동 804,127.0287094769204117_37.4982508275695068,1210034102,강남역사거리,127.0277297558715759_37.4979540832481035,93.0,32.0,원활,127.0277297558715759_37.4979540832481035|127.0287094769204117_37.4982508275695068
2026-09-04T03:35:30.187978+09:00,강남역,강남역,POI014,KEY_3,1220024001,테헤란로,1220031501,국기원입구교차로,127.0310728003854166_37.4990827049839055,1220032004,한국타이어빌딩,127.0338550060461245_37.4999438554121411,264.0,17.0,서행,127.0338550060461245_37.4999438554121411|127.0310728003854166_37.4990827049839055
2026-09-04T03:35:30.187978+09:00,강남역,강남역,POI014,KEY_3,1220024101,테헤란로,1220032003,한국타이어빌딩,127.0339011803060885_37.4998421534899293,1220031502,국기원입구교차로,127.0311202675968190_37.4989814033435920,264.0,45.0,원활,127.0311202675968190_37.4989814033435920|127.0339011803060885_37.4998421534899293
2026-09-04T03:35:30.187978+09:00,강남역,강남역,POI014,KEY_3,1220025002,강남대로,1210034104,강남역사거리,127.0275555290794074_37.4980166525441376,1210035403,서초동 1373,127.0268712238501365_37.4994334710894108,168.0,17.0,서행,127.0268712238501365_37.4994334710894108|127.0275555290794074_37.4980166525441376
2026-09-04T03:35:30.187978+09:00,강남역,강남역,POI014,KEY_3,1220025003,강남대로,1210394200,서초동 1373,127.0253434781147917_37.5025963782215541,1210040403,교보타워사거리,127.0244473968313343_37.5044514101080111,221.0,29.0,원활,127.0244473968313343_37.5044514101080111|127.0247108420325048_37.5039060466009033|127.0253434781147917_37.5025963782215541
2026-09-04T03:35:30.187978+09:00,강남역,강남역,POI014,KEY_3,1220025102,강남대로,1210035401,속성변화점,127.0269491384972866_37.4995732101292063,1210034101,강남역사거리,127.0276822389256637_37.4980553605985918,181.0,22.0,서행,127.0276822389256637_37.4980553605985918|127.0269978768356367_37.4994723018201697|127.0269491384972866_37.4995732101292063
2026-09-04T03:35:30.187978+09:00,강남역,강남역,POI014,KEY_3,1220027202,봉은사로,1210040401,교보타워사거리,127.0245260087286567_37.5045907813304069,1220036604,보건타임즈,127.0277136842342856_37.5055392843385320,301.0,29.0,원활,127.0277136842342856_37.5055392843385320|127.0258610708307287_37.5049880469825112|127.0253288463886605_37.5048296789477078|127.0252017084722951_37.5047918474566870|127.0245260087286567_37.5045907813304069
2026-09-04T03:35:30.187978+09:00,강남역,강남역,POI014,KEY_3,1220027301,봉은사로,1220036003,신논현역,127.0252491957505185_37.5046905608852796,1210040402,교보타워사거리,127.0245743023879044_37.5044897355058495,64.0,38.0,원활,127.0245743023879044_37.5044897355058495|127.0252491957505185_37.5046905608852796
2026-09-04T03:35:30.187978+09:00,강남역,강남역,POI014,KEY_3,1220027302,봉은사로,1220317200,역삼동 800,127.0259085572878206_37.5048867600619360,1220036002,신논현역,127.0253763334646919_37.5047283922381283,50.0,35.0,원활,127.0253763334646919_37.5047283922381283|127.0259085572878206_37.5048867600619360
2026-09-04T03:35:30.187978+09:00,강남역,강남역,POI014,KEY_3,1220027801,강남대로,1210040404,교보타워사거리,127.0243991052031305_37.5045524553287137,1210042503,HM타워,127.0238275183942562_37.5057614843330143,143.0,14.0,정체,127.0238275183942562_37.5057614843330143|127.0241540090957244_37.5050708914382724|127.0243991052031305_37.5045524553287137
2026-09-04T03:35:30.187978+09:00,강남역,강남역,POI014,KEY_3,1220027901,강남대로,1220443400,논현동 280,127.0242810161496863_37.5051089999436158,1210040401,교보타워사거리,127.0245260087286567_37.5045907813304069,61.0,25.0,원활,127.0245260087286567_37.5045907813304069|127.0242810161496863_37.5051089999436158
2026-09-04T03:35:30.187978+09:00,강남역,강남역,POI014,KEY_3,1220056300,역삼로4길,1220024004,라이브팜뉴스,127.0330755956318143_37.4906612534684598,1220027303,역삼초등학교,127.0317244448772271_37.4935145090668769,338.0,15.0,서행,127.0317244448772271_37.4935145090668769|127.0324852863543583_37.4919019849371793|127.0326810147735301_37.4914906014038465|127.0330755956318143_37.4906612534684598
2026-09-04T03:35:30.187978+09:00,강남역,강남역,POI014,KEY_3,1220059100,역삼로3길,1220401600,역삼동 831-35,127.0311409663314350_37.4947099662645797,1210032502,삼성화재서초사옥,127.0292733269647272_37.4946455507303256,210.0,6.0,정체,127.0292733269647272_37.4946455507303256|127.0309286768451500_37.4951582359373319|127.0311409663314350_37.4947099662645797
2026-09-04T03:35:30.187978+09:00,강남역,강남역,POI014,KEY_3,1220059200,역삼로3길,1220285400,역삼동 830-33,127.0313905671328598_37.4944891661354802,1220027301,역삼초등학교,127.0317945815014866_37.4936513739525950,100.0,11.0,정체,127.0317945815014866_37.4936513739525950|127.0317722804120706_37.4936831186651816|127.0313905671328598_37.4944891661354802
2026-09-04T03:35:30.187978+09:00,강남역,강남역,POI014,KEY_3,1220063300,테헤란로7길,1220284400,역삼동 800-60,127.0307232034964642_37.4995423064647895,1220032203,과학기술회관,127.0305117723236350_37.5000150872202340,56.0,14.0,정체,127.0305117723236350_37.5000150872202340|127.0307232034964642_37.4995423064647895
2026-09-04T03:35:30.187978+09:00,강남역,강남역,POI014,KEY_3,1220063400,테헤란로7길,1220032202,과학기술회관,127.0306386532190999_37.5000535101687191,1220031501,국기원입구교차로,127.0310728003854166_37.4990827049839055,114.0,14.0,정체,127.0310728003854166_37.4990827049839055|127.0308510382801757_37.4995785950317284|127.0306386532190999_37.5000535101687191
2026-09-04T03:35:30.187978+09:00,강남역,강남역,POI014,KEY_3,1220064300,강남대로94길,1220305300,역삼동 648-9,127.0318547777729066_37.5004256036905161,1220032202,과학기술회관,127.0306386532190999_37.5000535101687191,115.0,14.0,정체,127.0306386532190999_37.5000535101687191|127.0318547777729066_37.5004256036905161
2026-09-04T03:35:30.187978+09:00,강남역,강남역,POI014,KEY_3,1220064500,테헤란로1길,1220438100,역삼동 858-6,127.0255100549291853_37.5041277615367150,1220036003,신논현역,127.0252491957505185_37.5046905608852796,67.0,13.0,정체,127.0252491957505185_37.5046905608852796|127.0255100549291853_37.5041277615367150
2026-09-04T03:35:30.187978+09:00,강남역,강남역,POI014,KEY_3,1220330500,테헤란로7길,1220338600,역삼동 635-1,127.0302003507315618_37.5006905079083666,1220151602,역삼동635,127.0297701679202760_37.5015425004955034,102.0,7.0,정체,127.0297701679202760_37.5015425004955034|127.0301825943231790_37.5007260187034390|127.0302003507315618_37.5006905079083666
2026-09-04T03:35:30.187978+09:00,강남역,강남역,POI014,KEY_3,1220330600,테헤란로7길,1220151601,역삼동635,127.0298960655262306_37.5015828661995272,1220032201,과학기술회관,127.0305936748156626_37.5001555678750762,170.0,11.0,정체,127.0305936748156626_37.5001555678750762|127.0304591873435953_37.5004650064613116|127.0303836281318155_37.5006161187949090|127.0303264238414016_37.5007305223256040|127.0303085800503595_37.5007662082549444|127.0298960655262306_37.5015828661995272
2026-09-04T03:35:30.187978+09:00,건대입구역,건대입구역,POI015,KEY_4,1040011100,아차산로,1040140800,최소노드배치점,127.0673439680819854_37.5411063158663154,1040016304,건대입구역앞교차로,127.0705974213252318_37.5399913944474619,313.0,26.5,원활,127.0705974213252318_37.5399913944474619|127.0673439680819854_37.5411063158663154
2026-09-04T03:35:30.187978+09:00,건대입구역,건대입구역,POI015,KEY_4,1040001403,동일로,1040136200,자양동 23-9,127.0637369066414379_37.5416039221817570,1040016701,자양동 24-10,127.0629424504767826_37.5402252363948463,168.0,17.0,서행,127.0629424504767826_37.5402252363948463|127.0637369066414379_37.5416039221817570
2026-09-04T03:35:30.187978+09:00,건대입구역,건대입구역,POI015,KEY_4,1040007500,강변북로,1040028701,청담대교,127.0701160723116203_37.5386945582041420,1040000201,청담대교(북측),127.0668012691852340_37.5315220172388280,848.0,54.0,원활,127.0668012691852340_37.5315220172388280|127.0669355263784155_37.5317815872931959|127.0672448702695760_37.5324328127955837|127.0677860749237738_37.5336261809339149|127.0685094362804364_37.5351779912987382|127.0689130346604259_37.5360918386047686|127.0694053089361546_37.5371700486358151|127.0701160723116203_37.5386945582041420
2026-09-04T03:35:30.187978+09:00,건대입구역,건대입구역,POI015,KEY_4,1040009001,능동로,1040002904,신양초교앞교차로,127.0683938999842724_37.5353920921553765,1040014303,자양동 510-6,127.0693552008508078_37.5375201646841390,251.0,7.0,정체,127.0693552008508078_37.5375201646841390|127.0683938999842724_37.5353920921553765
2026-09-04T03:35:30.187978+09:00,건대입구역,건대입구역,POI015,KEY_4,1040009002,능동로,1040014304,자양동 544-25,127.0694040333790440_37.5376254711493687,1040014703,광진문화예술회관,127.0695248126943966_37.5378780281476239,30.0,32.0,원활,127.0695248126943966_37.5378780281476239|127.0694040333790440_37.5376254711493687
2026-09-04T03:35:30.187978+09:00,건대입구역,건대입구역,POI015,KEY_4,1040009004,능동로,1040014704,광진문화예술회관,127.0695721820980992_37.5379794092468728,1040028702,청담대교,127.0699887106514012_37.5387318473572122,92.0,39.0,원활,127.0699887106514012_37.5387318473572122|127.0698365174506677_37.5385571365379533|127.0695721820980992_37.5379794092468728
2026-09-04T03:35:30.187978+09:00,건대입구역,건대입구역,POI015,KEY_4,1040009005,능동로,1040138300,자양동 2-5,127.0702940918243513_37.5393862177953963,1040016303,건대입구역앞교차로,127.0705451519353772_37.5398915999283176,60.0,39.0,원활,127.0705451519353772_37.5398915999283176|127.0702940918243513_37.5393862177953963
2026-09-04T03:35:30.187978+09:00,건대입구역,건대입구역,POI015,KEY_4,1040009102,능동로,1040014702,광진문화예술회관,127.0697785872817889_37.5378010707799845,1040014301,자양동 544-25,127.0696578072354725_37.5375485140387042,30.0,48.5,원활,127.0696578072354725_37.5375485140387042|127.0697785872817889_37.5378010707799845
2026-09-04T03:35:30.187978+09:00,건대입구역,건대입구역,POI015,KEY_4,1040009104,능동로,1040028701,청담대교,127.0701160723116203_37.5386945582041420,1040014701,광진문화예술회관,127.0698273271903957_37.5379053837168115,92.0,44.0,원활,127.0698273271903957_37.5379053837168115|127.0700914705954148_37.5384826880863471|127.0701160723116203_37.5386945582041420
2026-09-04T03:35:30.187978+09:00,건대입구역,건대입구역,POI015,KEY_4,1040009105,능동로,1040016302,건대입구역앞교차로,127.0706701763312623_37.5398495303758679,1040028701,청담대교,127.0701160723116203_37.5386945582041420,137.0,11.0,정체,127.0701160723116203_37.5386945582041420|127.0703453921553461_37.5391955560171695|127.0704203352615025_37.5393464600055822|127.0706701763312623_37.5398495303758679
2026-09-04T03:35:30.187978+09:00,건대입구역,건대입구역,POI015,KEY_4,1040010001,아차산로,1040016103,자양동 227-10,127.0722906925684299_37.5393138101561092,1040016302,건대입구역앞교차로,127.0706701763312623_37.5398495303758679,155.0,32.0,원활,127.0706701763312623_37.5398495303758679|127.0722906925684299_37.5393138101561092
2026-09-04T03:35:30.187978+09:00,건대입구역,건대입구역,POI015,KEY_4,1040010002,아차산로,1040015603,건대후문,127.0743028565397594_37.5387659697394866,1040016102,자양동 227-11,127.0724170914304096_37.5392743175297454,176.0,32.0,원활,127.0724170914304096_37.5392743175297454|127.0732440795779752_37.5390305622558316|127.0738492717248533_37.5388771586053096|127.0743028565397594_37.5387659697394866
2026-09-04T03:35:30.187978+09:00,건대입구역,건대입구역,POI015,KEY_4,1040010102,아차산로,1040016301,건대입구역앞교차로,127.0707225025917495_37.5399492998029629,1040015604,건대후문,127.0743428046605885_37.5388693046709747,342.0,24.0,서행,127.0743428046605885_37.5388693046709747|127.0738898387637903_37.5389803409746747|127.0732882623326105_37.5391328280718852|127.0724642243224878_37.5393757141788100|127.0723427547939082_37.5394136659137487|127.0707225025917495_37.5399492998029629
2026-09-04T03:35:30.187978+09:00,건대입구역,건대입구역,POI015,KEY_4,1040011000,아차산로,1040140700,최소노드배치점,127.0672902949043674_37.5410070020582083,1040017702,성수사거리,127.0640311954609132_37.5421146116750606,313.0,32.0,원활,127.0640311954609132_37.5421146116750606|127.0672609375260862_37.5410170619344754|127.0672902949043674_37.5410070020582083
2026-09-04T03:35:30.187978+09:00,건대입구역,건대입구역,POI015,KEY_4,1040020202,강변북로,1040000202,청담대교(북측),127.0666626111006252_37.5315665324150132,1040028702,청담대교,127.0699887106514012_37.5387318473572122,848.0,57.3,원활,127.0699887106514012_37.5387318473572122|127.0692776775772757_37.5372071673034355|127.0687850931199563_37.5361282739688562|127.0683816446363466_37.5352147721280858|127.0676584862117124_37.5336633852443669|127.0671174250280160_37.5324703344999904|127.0668031124959469_37.5318450873398533|127.0666626111006252_37.5315665324150132
2026-09-04T03:35:30.187978+09:00,건대입구역,건대입구역,POI015,KEY_4,1040027600,능동로10길,1040014301,자양동 544-25,127.0696578072354725_37.5375485140387042,1040013604,자양동 533-12,127.0709982985214737_37.5370947600898077,129.0,37.0,원활,127.0709982985214737_37.5370947600898077|127.0703860529624478_37.5373020067107035|127.0696578072354725_37.5375485140387042
2026-09-04T03:35:30.187978+09:00,건대입구역,건대입구역,POI015,KEY_4,1040027900,능동로10길.인접길,1040015305,롯데백화점(건대스타시티점),127.0718152958673386_37.5385927041950112,1040013601,자양동 533-12,127.0711231696489989_37.5370523007099521,189.0,29.0,원활,127.0711231696489989_37.5370523007099521|127.0713025411892829_37.5373939593811485|127.0713648775065963_37.5375597922618951|127.0713994673353255_37.5377317290412122|127.0714026811254342_37.5379540759166446|127.0714313612276527_37.5381221176206239|127.0715447302706309_37.5383922616219081|127.0716025814282517_37.5384821337513586|127.0716992357909163_37.5385508925898677|127.0718152958673386_37.5385927041950112
2026-09-04T03:35:30.187978+09:00,건대입구역,건대입구역,POI015,KEY_4,1040028000,능동로10길.인접길,1040013604,자양동 533-12,127.0709982985214737_37.5370947600898077,1040015306,롯데백화점(건대스타시티점),127.0717558016464750_37.5386899411971910,197.0,20.0,서행,127.0717558016464750_37.5386899411971910|127.0716243019645759_37.5386425670634978|127.0714932793169254_37.5385493587163950|127.0714192116500101_37.5384342944701359|127.0712985397454275_37.5381467474374162|127.0712670108413960_37.5379620082844880|127.0712638156544898_37.5377409525274928|127.0712322307973494_37.5375839515783269|127.0711745171430778_37.5374304144951338|127.0709982985214737_37.5370947600898077
2026-09-04T03:35:30.187978+09:00,건대입구역,건대입구역,POI015,KEY_4,1040028300,아차산로36길.인접길,1040014603,자양동 227-341,127.0740040009059584_37.5378127959524193,1040015304,롯데백화점(건대스타시티점),127.0719246036874495_37.5385692379251523,203.0,12.0,정체,127.0719246036874495_37.5385692379251523|127.0719936563514096_37.5385130426523617|127.0740040009059584_37.5378127959524193
2026-09-04T03:35:30.187978+09:00,건대입구역,건대입구역,POI015,KEY_4,1040028400,아차산로36길.인접길,1040015303,롯데백화점(건대스타시티점),127.0720450891753757_37.5386257803461518,1040014604,자양동 227-341,127.0740365887297401_37.5379194569983099,193.0,42.0,원활,127.0740365887297401_37.5379194569983099|127.0720722466193280_37.5386036794673075|127.0720450891753757_37.5386257803461518
2026-09-04T03:35:30.187978+09:00,건대입구역,건대입구역,POI015,KEY_4,1040028900,아차산로36길,1040014604,자양동 227-341,127.0740365887297401_37.5379194569983099,1040015603,건대후문,127.0743028565397594_37.5387659697394866,97.0,44.0,원활,127.0743028565397594_37.5387659697394866|127.0740365887297401_37.5379194569983099
2026-09-04T03:35:30.187978+09:00,건대입구역,건대입구역,POI015,KEY_4,1040029000,아차산로.인접길,1040016102,자양동 227-11,127.0724170914304096_37.5392743175297454,1040015302,롯데백화점(건대스타시티점),127.0720401866019245_37.5387435624408710,68.0,17.0,서행,127.0720401866019245_37.5387435624408710|127.0721872456988280_37.5388889991784183|127.0722948438208419_37.5390223336112143|127.0724170914304096_37.5392743175297454
2026-09-04T03:35:30.187978+09:00,건대입구역,건대입구역,POI015,KEY_4,1040029100,아차산로.인접길,1040015301,롯데백화점(건대스타시티점),127.0719288145516259_37.5388058163590657,1040016103,자양동 227-10,127.0722906925684299_37.5393138101561092,65.0,21.0,서행,127.0722906925684299_37.5393138101561092|127.0721731592987993_37.5390715422750532|127.0720769406492536_37.5389523077442107|127.0719288145516259_37.5388058163590657
2026-09-04T03:35:30.187978+09:00,건대입구역,건대입구역,POI015,KEY_4,1040029300,동일로18길,1040125100,자양동 2-7,127.0688669950632317_37.5382081798395362,1040014704,광진문화예술회관,127.0695721820980992_37.5379794092468728,67.0,5.0,정체,127.0695721820980992_37.5379794092468728|127.0688669950632317_37.5382081798395362
2026-09-04T03:35:30.187978+09:00,고덕역,고덕역,POI016,KEY_1,1240019702,동남로,1240021904,경희대동서신의학병원,127.1562730618892942_37.5517715790425299,1240022203,동신빌딩,127.1563466001623794_37.5528393489022676,119.0,37.0,원활,127.1563466001623794_37.5528393489022676|127.1562730618892942_37.5517715790425299
2026-09-04T03:35:30.187978+09:00,고덕역,고덕역,POI016,KEY_1,1240019501,고덕로62길,1249015000,명일동 42,127.1526885826783797_37.5515430019917389,1240022003,우성아파트,127.1527027401545951_37.5518473961090180,34.0,15.0,서행,127.1527027401545951_37.5518473961090180|127.1526885826783797_37.5515430019917389
2026-09-04T03:35:30.187978+09:00,고덕역,고덕역,POI016,KEY_1,1240019502,고덕로62길,1240022004,우성아파트,127.1527082571407732_37.5519562014326880,1240022903,속성변화점,127.1532708499726425_37.5543655297540369,279.0,15.0,서행,127.1532708499726425_37.5543655297540369|127.1532787647308282_37.5534142595099638|127.1532474432401898_37.5529950724982982|127.1528297263010359_37.5523642779357587|127.1527199008409639_37.5521674566200190|127.1527082571407732_37.5519562014326880
2026-09-04T03:35:30.187978+09:00,고덕역,고덕역,POI016,KEY_1,1240019503,고덕로62길,1240022903,속성변화점,127.1532708499726425_37.5543655297540369,1240006403,고덕역앞교차로,127.1532674889658239_37.5548705448781277,56.0,17.0,서행,127.1532674889658239_37.5548705448781277|127.1532700432416334_37.5544740363229010|127.1532708499726425_37.5543655297540369
2026-09-04T03:35:30.187978+09:00,고덕역,고덕역,POI016,KEY_1,1240019602,고덕로62길,1240022902,고덕역(서울5호선),127.1534066528685258_37.5543662458503178,1240022001,우성아파트,127.1528439279635165_37.5519514614591188,279.0,12.0,정체,127.1528439279635165_37.5519514614591188|127.1528544449762848_37.5521422672337408|127.1529519809076589_37.5523170650503815|127.1533812641063292_37.5529653226050186|127.1534145959126931_37.5534114044376679|127.1534066528685258_37.5543662458503178
2026-09-04T03:35:30.187978+09:00,고덕역,고덕역,POI016,KEY_1,1240019603,고덕로62길,1240006402,고덕역앞교차로,127.1534031785336936_37.5548889608193335,1240022901,고덕역(서울5호선),127.1534058471205242_37.5544745907377688,46.0,6.0,정체,127.1534058471205242_37.5544745907377688|127.1534031785336936_37.5548889608193335
2026-09-04T03:35:30.187978+09:00,고덕역,고덕역,POI016,KEY_1,1240019701,동남로,1240020904,한영중고교앞교차로,127.1561056866717792_37.5492346583745444,1240021903,경희대동서신의학병원,127.1562657827621621_37.5516636070952501,270.0,37.0,원활,127.1562657827621621_37.5516636070952501|127.1561606582872770_37.5500686961002899|127.1561056866717792_37.5492346583745444
2026-09-04T03:35:30.187978+09:00,고덕역,고덕역,POI016,KEY_1,1240019703,동남로,1240022204,동신빌딩,127.1563542108928431_37.5529473068933370,1240022703,명일지구대,127.1564466598309053_37.5542281682217975,142.0,44.0,원활,127.1564466598309053_37.5542281682217975|127.1564274239220396_37.5539616623274455|127.1563769047034924_37.5532617292401198|127.1563542108928431_37.5529473068933370
2026-09-04T03:35:30.187978+09:00,고덕역,고덕역,POI016,KEY_1,1240019704,동남로,1240022704,명일지구대,127.1564543497274400_37.5543361171717294,1240023703,E마트앞교차로,127.1565244786737310_37.5553339279445311,111.0,38.7,원활,127.1565244786737310_37.5553339279445311|127.1564543497274400_37.5543361171717294
2026-09-04T03:35:30.187978+09:00,고덕역,고덕역,POI016,KEY_1,1240019802,동남로,1240022202,동신빌딩,127.1564821996538370_37.5528334291763528,1240021901,경희대동서신의학병원,127.1564086584289157_37.5517656594490390,119.0,31.0,원활,127.1564086584289157_37.5517656594490390|127.1564821996538370_37.5528334291763528
2026-09-04T03:35:30.187978+09:00,고덕역,고덕역,POI016,KEY_1,1240019803,동남로,1249046100,상일동 147,127.1565124851740052_37.5532555265066890,1240022201,동신빌딩,127.1564897907958596_37.5529411041869068,35.0,55.0,원활,127.1564897907958596_37.5529411041869068|127.1565124851740052_37.5532555265066890
2026-09-04T03:35:30.187978+09:00,고덕역,고덕역,POI016,KEY_1,1240021500,고덕로,1240006001,배재고교앞교차로,127.1502627998174688_37.5547636377300549,1240006404,고덕역앞교차로,127.1532600929711379_37.5549791469369154,267.0,42.7,원활,127.1532600929711379_37.5549791469369154|127.1520963208777317_37.5548269141009783|127.1515498828997863_37.5547554304647662|127.1513403944212541_37.5547487506746620|127.1502627998174688_37.5547636377300549
2026-09-04T03:35:30.187978+09:00,고덕역,고덕역,POI016,KEY_1,1240022100,고덕로,1240006401,고덕역앞교차로,127.1533941373135690_37.5549975120235686,1240023704,E마트앞교차로,127.1565319059284604_37.5554448253468962,282.0,26.0,원활,127.1565319059284604_37.5554448253468962|127.1533941373135690_37.5549975120235686
2026-09-04T03:35:30.187978+09:00,고덕역,고덕역,POI016,KEY_1,1240022200,고덕로,1240023703,E마트앞교차로,127.1565244786737310_37.5553339279445311,1240006402,고덕역앞교차로,127.1534031785336936_37.5548889608193335,280.0,39.0,원활,127.1534031785336936_37.5548889608193335|127.1565244786737310_37.5553339279445311
2026-09-04T03:35:30.187978+09:00,고덕역,고덕역,POI016,KEY_1,1240023000,고덕로,1249096400,최소노드배치점,127.1613824392157710_37.5560035018671883,1240023702,E마트앞교차로,127.1566618576462133_37.5553532574502498,423.0,42.0,원활,127.1566618576462133_37.5553532574502498|127.1573914943176504_37.5554537755565292|127.1613824392157710_37.5560035018671883
2026-09-04T03:35:30.187978+09:00,고덕역,고덕역,POI016,KEY_1,1240023200,고덕로61길,1240024402,고덕1동주민센터,127.1525743134977660_37.5571130062806517,1240006401,고덕역앞교차로,127.1533941373135690_37.5549975120235686,251.0,34.0,원활,127.1533941373135690_37.5549975120235686|127.1533712556684748_37.5551550493848723|127.1531257397310668_37.5563143499174785|127.1530566959877007_37.5565171952235630|127.1529694231436309_37.5566814857628160|127.1529192002355586_37.5567760296908162|127.1527970436217032_37.5569113886853714|127.1525743134977660_37.5571130062806517
2026-09-04T03:35:30.187978+09:00,고덕역,고덕역,POI016,KEY_1,1240023500,동남로,1240023704,E마트앞교차로,127.1565319059284604_37.5554448253468962,1240024703,공무원아파트,127.1566607565064828_37.5575326121566846,232.0,9.0,정체,127.1566607565064828_37.5575326121566846|127.1565319059284604_37.5554448253468962
2026-09-04T03:35:30.187978+09:00,고덕역,고덕역,POI016,KEY_1,1240023600,동남로,1240024702,공무원아파트,127.1567964043278209_37.5575273061670032,1240023701,E마트앞교차로,127.1566690593141971_37.5554639755517101,229.0,28.5,원활,127.1566690593141971_37.5554639755517101|127.1567964043278209_37.5575273061670032
2026-09-04T03:35:30.187978+09:00,고덕역,고덕역,POI016,KEY_1,1240045700,동남로71길,1249084200,명일동 51-1,127.1537923688565428_37.5517933652963904,1240022002,우성아파트,127.1528384484914511_37.5518433951172454,84.0,8.0,정체,127.1528384484914511_37.5518433951172454|127.1537923688565428_37.5517933652963904
2026-09-04T03:35:30.187978+09:00,고덕역,고덕역,POI016,KEY_1,1240045800,동남로71길,1249010500,명일동 48-26,127.1555401193046464_37.5518100355237081,1240021904,경희대동서신의학병원,127.1562730618892942_37.5517715790425299,65.0,10.0,정체,127.1562730618892942_37.5517715790425299|127.1555401193046464_37.5518100355237081
2026-09-04T03:35:30.187978+09:00,고덕역,고덕역,POI016,KEY_1,1240046900,동남로75길,1240022203,동신빌딩,127.1563466001623794_37.5528393489022676,1240022803,이마트(명일점),127.1557406568431503_37.5542565204500747,218.0,7.0,정체,127.1557406568431503_37.5542565204500747|127.1556316973113780_37.5528640997413490|127.1557061495714578_37.5528615223127886|127.1563466001623794_37.5528393489022676
2026-09-04T03:35:30.187978+09:00,고덕역,고덕역,POI016,KEY_1,1240047000,동남로75길,1240022802,이마트(명일점),127.1558762667287965_37.5542506552277473,1240022204,동신빌딩,127.1563542108928431_37.5529473068933370,194.0,10.0,정체,127.1563542108928431_37.5529473068933370|127.1557758420784552_37.5529673306197509|127.1558762667287965_37.5542506552277473
2026-09-04T03:35:30.187978+09:00,고덕역,고덕역,POI016,KEY_1,1240047600,동남로75길,1240022703,명일지구대,127.1564466598309053_37.5542281682217975,1240022802,이마트(명일점),127.1558762667287965_37.5542506552277473,50.0,13.0,정체,127.1558762667287965_37.5542506552277473|127.1564466598309053_37.5542281682217975
2026-09-04T03:35:30.187978+09:00,고덕역,고덕역,POI016,KEY_1,1240047700,동남로75길,1240022801,이마트(명일점),127.1558829830451316_37.5543586425636917,1240022704,명일지구대,127.1564543497274400_37.5543361171717294,51.0,16.0,서행,127.1564543497274400_37.5543361171717294|127.1558829830451316_37.5543586425636917
2026-09-04T03:35:30.187978+09:00,고덕역,고덕역,POI016,KEY_1,1240047800,동남로75길,1249018200,명일동 47,127.1541550445079167_37.5543310677768858,1240022902,고덕역(서울5호선),127.1534066528685258_37.5543662458503178,66.0,7.0,정체,127.1534066528685258_37.5543662458503178|127.1541550445079167_37.5543310677768858
2026-09-04T03:35:30.187978+09:00,고덕역,고덕역,POI016,KEY_1,1240047900,동남로75길,1249080500,명일동 46-7,127.1546630165006633_37.5544154954661806,1240022804,이마트(명일점),127.1557486638497920_37.5543644520193567,96.0,11.0,정체,127.1557486638497920_37.5543644520193567|127.1546630165006633_37.5544154954661806
2026-09-04T03:35:30.187978+09:00,고덕역,고덕역,POI016,KEY_1,1249000400,세종포천고속도로,1249000400,최소노드배치점,127.1562659190031752_37.5482223253238061,1249000600,최소노드배치점,127.1567336886367912_37.5549510932514892,748.0,100.5,원활,127.1567336886367912_37.5549510932514892|127.1562659190031752_37.5482223253238061
2026-09-04T03:35:30.187978+09:00,고덕역,고덕역,POI016,KEY_1,1249002100,세종포천고속도로,1249000600,최소노드배치점,127.1567336886367912_37.5549510932514892,1249002500,속성변화점,127.1567905526363518_37.5621310464831240,798.0,99.7,원활,127.1567905526363518_37.5621310464831240|127.1568099459097425_37.5620296619621925|127.1568207569509781_37.5619515831646140|127.1568335791102555_37.5618515885968520|127.1568460753415621_37.5617445850114962|127.1568528102163782_37.5616821179146712|127.1568617540514907_37.5615927158354950|127.1568699127336970_37.5615033156045541|127.1568787005434302_37.5613961481224194|127.1568839973351572_37.5613245394333930|127.1568882735797530_37.5612618801151825|127.1568927663312678_37.5611900970685753|127.1568973175616719_37.5611095444721101|127.1569030236011315_37.5609930670848513|127.1569093441339220_37.5608315651403046|127.1569113397340516_37.5607687500768037|127.1569139119720546_37.5606745476477712|127.1569156008113026_37.5605981443625225|127.1569176926255551_37.5604723059106931|127.1569187926735225_37.5603735263940735|127.1569192637286534_37.5603106266835951|127.1569197450923525_37.5601487873917179|127.1569196039050809_37.5600588952101546|127.1569362682184874_37.5592688607885918|127.1569315224843990_37.5590408597429715|127.1569258709478305_37.5588129111153322|127.1569193129190154_37.5585849727078909|127.1569118484383125_37.5583570623747178|127.1569034774869209_37.5581291624299922|127.1568942000978950_37.5579012905312055|127.1568840162720164_37.5576734379717294|127.1568729260267645_37.5574456135393291|127.1568474885994107_37.5565944961394464|127.1568321091370706_37.5563666922550112|127.1567336886367912_37.5549510932514892
2026-09-04T03:35:30.187978+09:00,고속터미널역,고속터미널역,POI017,KEY_2,1210024802,사평대로,1210037304,서울성모병원앞교차로,127.0034296050644542_37.5022581526050445,1210038702,사평지하차도(동측),127.0064482891770155_37.5033692509684471,295.0,28.0,원활,127.0064482891770155_37.5033692509684471|127.0061744165954849_37.5033231250553598|127.0034296050644542_37.5022581526050445
2026-09-04T03:35:30.187978+09:00,고속터미널역,고속터미널역,POI017,KEY_2,1210024803,사평대로,1210038702,사평지하차도(동측),127.0064482891770155_37.5033692509684471,1210040604,삼호가든사거리,127.0095817026590339_37.5045780976898939,308.0,58.0,원활,127.0095817026590339_37.5045780976898939|127.0064482891770155_37.5033692509684471
2026-09-04T03:35:30.187978+09:00,고속터미널역,고속터미널역,POI017,KEY_2,1210024805,사평대로,1210040601,삼호가든사거리,127.0097441692551996_37.5046292707813649,1210041204,삼호가든사거리,127.0102897902201988_37.5047887051124746,51.0,16.0,서행,127.0102897902201988_37.5047887051124746|127.0097441692551996_37.5046292707813649
2026-09-04T03:35:30.187978+09:00,고속터미널역,고속터미널역,POI017,KEY_2,1210025002,반포대로,1210037303,서울성모병원앞교차로,127.0033082442591308_37.5022080765398869,1210038902,반포대교고가차도(남측),127.0024364070386440_37.5032310155441309,137.0,13.0,정체,127.0024364070386440_37.5032310155441309|127.0033082442591308_37.5022080765398869
2026-09-04T03:35:30.187978+09:00,고속터미널역,고속터미널역,POI017,KEY_2,1210025102,반포대로,1210038901,반포대교고가차도(남측),127.0025493771764218_37.5032909216012982,1210037304,서울성모병원앞교차로,127.0034296050644542_37.5022581526050445,139.0,43.0,원활,127.0034296050644542_37.5022581526050445|127.0025493771764218_37.5032909216012982
2026-09-04T03:35:30.187978+09:00,고속터미널역,고속터미널역,POI017,KEY_2,1210025103,반포대로,1210041702,고속터미널사거리,127.0012498931297387_37.5049984469199771,1210038901,반포대교고가차도(남측),127.0025493771764218_37.5032909216012982,222.0,26.0,원활,127.0025493771764218_37.5032909216012982|127.0024586016355954_37.5035007380121144|127.0014528013214488_37.5047290217636800|127.0012498931297387_37.5049984469199771
2026-09-04T03:35:30.187978+09:00,고속터미널역,고속터미널역,POI017,KEY_2,1210026002,신반포로,1210393600,잠원동 110,127.0031103815705364_37.5056962380394125,1210042704,고속터미널역앞교차로,127.0043174874553813_37.5060735942867041,115.0,51.0,원활,127.0043174874553813_37.5060735942867041|127.0039498594828302_37.5059586709413040|127.0035607575584038_37.5058370330399740|127.0031103815705364_37.5056962380394125
2026-09-04T03:35:30.187978+09:00,고속터미널역,고속터미널역,POI017,KEY_2,1210026102,신반포로,1210286400,반포동 128-4,127.0036103340112561_37.5057363840915414,1210041702,고속터미널사거리,127.0012498931297387_37.5049984469199771,224.0,36.0,원활,127.0012498931297387_37.5049984469199771|127.0018301415136932_37.5051798538655916|127.0031599584830957_37.5055955893836241|127.0036103340112561_37.5057363840915414
2026-09-04T03:35:30.187978+09:00,고속터미널역,고속터미널역,POI017,KEY_2,1210026203,잠원로,1210241200,반포동 20-19,127.0097477330052698_37.5059341675518851,1210043803,고속터미널앞교차로,127.0089859824615246_37.5073365595586097,170.0,13.0,정체,127.0089859824615246_37.5073365595586097|127.0091639478021790_37.5070467103003224|127.0096229461825743_37.5061913923870804|127.0096714148749442_37.5060954381854685|127.0097477330052698_37.5059341675518851
2026-09-04T03:35:30.187978+09:00,고속터미널역,고속터미널역,POI017,KEY_2,1210027501,신반포로23길,1210466500,잠원동 101,127.0042204769171548_37.5065757828190200,1210042701,고속터미널역앞교차로,127.0044442985191040_37.5061121193226654,55.0,27.0,원활,127.0044442985191040_37.5061121193226654|127.0042204769171548_37.5065757828190200
2026-09-04T03:35:30.187978+09:00,고속터미널역,고속터미널역,POI017,KEY_2,1210056500,사평대로,1210447300,최소노드배치점,127.0030994056385509_37.5020573549217744,1210038702,사평지하차도(동측),127.0064482891770155_37.5033692509684471,330.0,71.0,원활,127.0064482891770155_37.5033692509684471|127.0034140730417960_37.5021919946757052|127.0030994056385509_37.5020573549217744
2026-09-04T03:35:30.187978+09:00,고속터미널역,고속터미널역,POI017,KEY_2,1210059800,반포대로,1210443100,최소노드배치점,127.0010419244075166_37.5052271229805498,1210038901,반포대교고가차도(남측),127.0025493771764218_37.5032909216012982,253.0,53.0,원활,127.0025493771764218_37.5032909216012982|127.0013952695996693_37.5047003362471614|127.0011470013501480_37.5050299906587696|127.0010419244075166_37.5052271229805498
2026-09-04T03:35:30.187978+09:00,교대역,교대역,POI018,KEY_3,1210019402,서초중앙로,1210400700,서초동 1748-19,127.0137837728346994_37.4928232437485249,1210031503,법원검찰청앞교차로,127.0136428736489478_37.4936380570639756,91,24.0,서행,127.0136428736489478_37.4936380570639756|127.0137434820127851_37.4930562454970726|127.0137837728346994_37.4928232437485249
2026-09-04T03:35:30.187978+09:00,교대역,교대역,POI018,KEY_3,1210019502,서초중앙로,1210243500,서초동 1748-21,127.0140319936997599_37.4921799025374156,1210029901,서초동 1748-21,127.0141756387419036_37.4913491659201199,93,17.0,서행,127.0141756387419036_37.4913491659201199|127.0140319936997599_37.4921799025374156
2026-09-04T03:35:30.187978+09:00,교대역,교대역,POI018,KEY_3,1210020203,서초대로,1210269800,서초동 1748-5,127.0124401032801273_37.4933781712096490,1210031504,법원검찰청앞교차로,127.0136216391757529_37.4937475646462133,112,24.0,서행,127.0136216391757529_37.4937475646462133|127.0124401032801273_37.4933781712096490
2026-09-04T03:35:30.187978+09:00,교대역,교대역,POI018,KEY_3,1210020303,서초대로,1210269900,서초동 1748-18,127.0124896684601907_37.4932775211786122,1210031002,법원사거리,127.0111725811120351_37.4928657314468339,125,33.0,원활,127.0111725811120351_37.4928657314468339|127.0124896684601907_37.4932775211786122
2026-09-04T03:35:30.187978+09:00,교대역,교대역,POI018,KEY_3,1210021002,서초대로,1210031501,법원검찰청앞교차로,127.0137505044271506_37.4937873673853872,1210031804,법원검찰청앞,127.0141601505593627_37.4939128508193633,39,23.0,서행,127.0141601505593627_37.4939128508193633|127.0137505044271506_37.4937873673853872
2026-09-04T03:35:30.187978+09:00,교대역,교대역,POI018,KEY_3,1210021102,서초대로,1210031803,법원검찰청앞,127.0142088437567196_37.4938119303480732,1210031502,법원검찰청앞교차로,127.0137728785141036_37.4936783857816565,41,39.3,원활,127.0137728785141036_37.4936783857816565|127.0142088437567196_37.4938119303480732
2026-09-04T03:35:30.187978+09:00,교대역,교대역,POI018,KEY_3,1210021103,서초대로,1210140900,서초동 1748-22,127.0156198886122070_37.4942415051054638,1210031802,법원검찰청앞,127.0143396760256138_37.4938518474941844,121,47.3,원활,127.0143396760256138_37.4938518474941844|127.0156198886122070_37.4942415051054638
2026-09-04T03:35:30.187978+09:00,교대역,교대역,POI018,KEY_3,1210022402,서초중앙로,1210031504,법원검찰청앞교차로,127.0136216391757529_37.4937475646462133,1210032203,법원검찰청,127.0134993661059184_37.4942865056136014,61,6.0,정체,127.0134993661059184_37.4942865056136014|127.0136216391757529_37.4937475646462133
2026-09-04T03:35:30.187978+09:00,교대역,교대역,POI018,KEY_3,1210022502,서초중앙로,1210032202,법원검찰청,127.0136328991116414_37.4943057390382393,1210031501,법원검찰청앞교차로,127.0137505044271506_37.4937873673853872,58,26.0,원활,127.0137505044271506_37.4937873673853872|127.0136328991116414_37.4943057390382393
2026-09-04T03:35:30.187978+09:00,교대역,교대역,POI018,KEY_3,1210050700,서초대로48길,1210113300,서초동 1740-14,127.0125465107975629_37.4883574908379344,1210027901,제우교역,127.0127660370921916_37.4878908233688293,55,11.0,정체,127.0127660370921916_37.4878908233688293|127.0125465107975629_37.4883574908379344
2026-09-04T03:35:30.187978+09:00,교대역,교대역,POI018,KEY_3,1210051000,사임당로17길,1210486000,최소노드배치점,127.0169832520375053_37.4913577937534228,1210029902,서초동 1748-21,127.0141940883130474_37.4912414223335304,263,14.0,정체,127.0141940883130474_37.4912414223335304|127.0143303182462802_37.4912445354333030|127.0148804532487361_37.4913102573158028|127.0168712656599581_37.4915480673583730|127.0169525455043811_37.4913937888368878|127.0169832520375053_37.4913577937534228
2026-09-04T03:35:30.187978+09:00,교대역,교대역,POI018,KEY_3,1210052100,법원로,1210032402,서초동 1704,127.0103123000076977_37.4946878999023383,1210031001,법원사거리,127.0111320342529240_37.4929692006080515,204,13.0,정체,127.0111320342529240_37.4929692006080515|127.0103123000076977_37.4946878999023383
2026-09-04T03:35:30.187978+09:00,교대역,교대역,POI018,KEY_3,1210052400,서초대로51길,1210031804,법원검찰청앞,127.0141601505593627_37.4939128508193633,1210032303,교대역(서울2호선),127.0140873902132341_37.4944548234829895,60,9.0,정체,127.0140873902132341_37.4944548234829895|127.0141601505593627_37.4939128508193633
2026-09-04T03:35:30.187978+09:00,교대역,교대역,POI018,KEY_3,1210052600,서초중앙로24길,1210032303,교대역(서울2호선),127.0140873902132341_37.4944548234829895,1210032202,법원검찰청,127.0136328991116414_37.4943057390382393,43,44.0,원활,127.0136328991116414_37.4943057390382393|127.0140873902132341_37.4944548234829895
2026-09-04T03:35:30.187978+09:00,교대역,교대역,POI018,KEY_3,1210053200,서초중앙로24길,1210248700,서초동 1738-8,127.0153406668385685_37.4948371291268998,1210032302,교대역(서울2호선),127.0142182497646530_37.4944966325160962,106,37.0,원활,127.0142182497646530_37.4944966325160962|127.0153338278322650_37.4948365998414204|127.0153406668385685_37.4948371291268998
2026-09-04T03:35:30.187978+09:00,구로디지털단지역,구로디지털단지역,POI019,KEY_4,1160005502,디지털로,1160006404,어린이뉴스,126.8944434284587572_37.4834656171134597,1160002303,디지털1단지교차로,126.8952796424025138_37.4845376205185374,140.0,9.0,정체,126.8952796424025138_37.4845376205185374|126.8951636473394444_37.4843661583925964|126.8944434284587572_37.4834656171134597
2026-09-04T03:35:30.187978+09:00,구로디지털단지역,구로디지털단지역,POI019,KEY_4,1160004101,디지털로26길,1160182400,구로동 235-3,126.8935931802360528_37.4807606268774833,1160005903,한국농어촌방송본사,126.8972776620144600_37.4817867015770929,371.0,21.0,서행,126.8972776620144600_37.4817867015770929|126.8972546690239795_37.4817632720945042|126.8970781120239621_37.4816132813058331|126.8966736205973547_37.4812696497047924|126.8963971171849892_37.4810923909176736|126.8960631019952672_37.4809340381232516|126.8958190562637043_37.4808350735419467|126.8955610312988398_37.4807653113058663|126.8951553490746704_37.4806855758554462|126.8946221264621386_37.4806172167958138|126.8944167558325091_37.4806026749789396|126.8942013826247148_37.4806145973910247|126.8941088673691979_37.4806197186351824|126.8938885593329076_37.4806563244882653|126.8935931802360528_37.4807606268774833
2026-09-04T03:35:30.187978+09:00,구로디지털단지역,구로디지털단지역,POI019,KEY_4,1160004102,디지털로26길,1160005904,한국농어촌방송본사,126.8973489442759188_37.4818787081438316,1160006603,구로단지우체국,126.8985293618348464_37.4836667423166148,225.0,25.0,원활,126.8985293618348464_37.4836667423166148|126.8983856036246465_37.4835653271991660|126.8975996931281429_37.4822973020260690|126.8973489442759188_37.4818787081438316
2026-09-04T03:35:30.187978+09:00,구로디지털단지역,구로디지털단지역,POI019,KEY_4,1160004202,디지털로26길,1160006602,구로단지우체국,126.8986737843152071_37.4836242263360404,1160005901,한국농어촌방송본사,126.8974713835569190_37.4818321294097245,227.0,30.5,원활,126.8974713835569190_37.4818321294097245|126.8977217421889918_37.4822500705583579|126.8984954653475086_37.4834984298665361|126.8986737843152071_37.4836242263360404
2026-09-04T03:35:30.187978+09:00,구로디지털단지역,구로디지털단지역,POI019,KEY_4,1160004303,시흥대로,1160256200,구로동 1135,126.8999774739549480_37.4812299882525295,1200018703,디지털단지입구교차로,126.9010897237599522_37.4825599240928682,177.0,55.0,원활,126.9010897237599522_37.4825599240928682|126.9008921655430981_37.4823237046259621|126.9005066114061293_37.4818626940330404|126.8999774739549480_37.4812299882525295
2026-09-04T03:35:30.187978+09:00,구로디지털단지역,구로디지털단지역,POI019,KEY_4,1160004700,디지털로,1160001704,서남투데이,126.8924872692041674_37.4815738080084557,1160002003,구로남초교입구교차로,126.8934086030634347_37.4823270181535548,117.0,36.0,원활,126.8934086030634347_37.4823270181535548|126.8924872692041674_37.4815738080084557
2026-09-04T03:35:30.187978+09:00,구로디지털단지역,구로디지털단지역,POI019,KEY_4,1160004800,디지털로,1160002002,구로남초교입구교차로,126.8935057566591382_37.4822515463757284,1160001701,서남투데이,126.8925844222859496_37.4814983374191328,117.0,11.0,정체,126.8925844222859496_37.4814983374191328|126.8935057566591382_37.4822515463757284
2026-09-04T03:35:30.187978+09:00,구로디지털단지역,구로디지털단지역,POI019,KEY_4,1160005100,디지털로32길,1160122600,구로동 814,126.8994064931689536_37.4833014519814824,1160006602,구로단지우체국,126.8986737843152071_37.4836242263360404,74.0,16.0,서행,126.8986737843152071_37.4836242263360404|126.8994064931689536_37.4833014519814824
2026-09-04T03:35:30.187978+09:00,구로디지털단지역,구로디지털단지역,POI019,KEY_4,1160005200,디지털로32길,1160152700,구로동 1125-12,126.9004969408632348_37.4829446144700782,1200018704,디지털단지입구교차로,126.9011652276891908_37.4826502033151101,68.0,19.0,서행,126.9011652276891908_37.4826502033151101|126.9004969408632348_37.4829446144700782
2026-09-04T03:35:30.187978+09:00,구로디지털단지역,구로디지털단지역,POI019,KEY_4,1160005501,디지털로,1160002004,구로남초교입구교차로,126.8934972340672545_37.4824088818278227,1160006403,어린이뉴스,126.8943678431792534_37.4833758245411133,132.0,17.0,서행,126.8943678431792534_37.4833758245411133|126.8936855370631349_37.4826055748467724|126.8934972340672545_37.4824088818278227
2026-09-04T03:35:30.187978+09:00,구로디지털단지역,구로디지털단지역,POI019,KEY_4,1160005601,디지털로,1160006402,어린이뉴스,126.8944792413172991_37.4833140985581466,1160002001,구로남초교입구교차로,126.8936051022042761_37.4823433008935680,133.0,6.0,정체,126.8936051022042761_37.4823433008935680|126.8937949293671466_37.4825415854034105|126.8944792413172991_37.4833140985581466
2026-09-04T03:35:30.187978+09:00,구로디지털단지역,구로디지털단지역,POI019,KEY_4,1160005602,디지털로,1160002302,디지털1단지교차로,126.8953985916931799_37.4844856024406567,1160006401,어린이뉴스,126.8945549359889640_37.4834038701793091,141.0,7.0,정체,126.8945549359889640_37.4834038701793091|126.8952807267612286_37.4843113764102185|126.8953985916931799_37.4844856024406567
2026-09-04T03:35:30.187978+09:00,구로디지털단지역,구로디지털단지역,POI019,KEY_4,1160005701,시흥대로,1200018704,디지털단지입구교차로,126.9011652276891908_37.4826502033151101,1200019603,강남우신병원,126.9022120415721275_37.4839018397197421,167.0,36.0,원활,126.9022120415721275_37.4839018397197421|126.9019032146348849_37.4835325921695102|126.9016526150941928_37.4832329606700370|126.9011652276891908_37.4826502033151101
2026-09-04T03:35:30.187978+09:00,구로디지털단지역,구로디지털단지역,POI019,KEY_4,1160005801,시흥대로,1200064500,신림동 1674-1,126.9017655141786207_37.4831729969411924,1200018701,디지털단지입구교차로,126.9012781259227296_37.4825902402013185,78.0,46.0,원활,126.9012781259227296_37.4825902402013185|126.9017655141786207_37.4831729969411924
2026-09-04T03:35:30.187978+09:00,구로디지털단지역,구로디지털단지역,POI019,KEY_4,1160005900,디지털로32길,1160264900,구로동 218,126.8962716907271044_37.4841177503565461,1160002302,디지털1단지교차로,126.8953985916931799_37.4844856024406567,87.0,13.0,정체,126.8953985916931799_37.4844856024406567|126.8962716907271044_37.4841177503565461
2026-09-04T03:35:30.187978+09:00,구로디지털단지역,구로디지털단지역,POI019,KEY_4,1160006000,디지털로32길,1160173800,구로동 188-15,126.8974394243345927_37.4838718295493152,1160006604,구로단지우체국,126.8986238179200399_37.4837566500810055,106.0,12.0,정체,126.8986238179200399_37.4837566500810055|126.8984122660177007_37.4838087376831908|126.8978251818164011_37.4838468129254636|126.8974394243345927_37.4838718295493152
2026-09-04T03:35:30.187978+09:00,구로디지털단지역,구로디지털단지역,POI019,KEY_4,1160006103,디지털로27길,1160002003,구로남초교입구교차로,126.8934086030634347_37.4823270181535548,1160006503,이-스페이스,126.8917305812735350_37.4835423141444153,201.0,31.0,원활,126.8917305812735350_37.4835423141444153|126.8918104893524088_37.4834371883227107|126.8934086030634347_37.4823270181535548
2026-09-04T03:35:30.187978+09:00,구로디지털단지역,구로디지털단지역,POI019,KEY_4,1160006203,디지털로27길,1160006901,구로3동천주교회,126.8896190447517682_37.4843226177104896,1160006501,이-스페이스,126.8917578654632479_37.4836791360871544,203.0,26.0,원활,126.8917578654632479_37.4836791360871544|126.8916170526133698_37.4837566784791747|126.8915711466728595_37.4837819577517237|126.8912685166112908_37.4839067656981442|126.8910233054121477_37.4839828362498082|126.8910049520434455_37.4839872772442035|126.8906410941285969_37.4840753198361085|126.8896190447517682_37.4843226177104896
2026-09-04T03:35:30.187978+09:00,구로디지털단지역,구로디지털단지역,POI019,KEY_4,1160006204,디지털로27길,1160006502,이-스페이스,126.8918485125667104_37.4835958539846601,1160002004,구로남초교입구교차로,126.8934972340672545_37.4824088818278227,197.0,27.0,원활,126.8934972340672545_37.4824088818278227|126.8919155820691032_37.4835076181120002|126.8918485125667104_37.4835958539846601
2026-09-04T03:35:30.187978+09:00,구로디지털단지역,구로디지털단지역,POI019,KEY_4,1160006701,디지털로,1160002304,디지털1단지교차로,126.8953435093039275_37.4846330611772203,1160007703,롯데시티호텔(구로),126.8962470857265714_37.4858199893710164,154.0,10.0,정체,126.8962470857265714_37.4858199893710164|126.8954956195910313_37.4848627394576752|126.8953435093039275_37.4846330611772203
2026-09-04T03:35:30.187978+09:00,구로디지털단지역,구로디지털단지역,POI019,KEY_4,1160006801,디지털로,1160007702,롯데시티호텔(구로),126.8963657610801619_37.4857672925145806,1160002301,디지털1단지교차로,126.8954624472248867_37.4845810017210894,154.0,6.0,정체,126.8954624472248867_37.4845810017210894|126.8956132886323047_37.4848087640744083|126.8963657610801619_37.4857672925145806
2026-09-04T03:35:30.187978+09:00,구로디지털단지역,구로디지털단지역,POI019,KEY_4,1160006802,디지털로,1160275600,구로동 181-23,126.8972347051497280_37.4868941980659827,1160007701,롯데시티호텔(구로),126.8964372409138690_37.4858591948314981,135.0,17.0,서행,126.8964372409138690_37.4858591948314981|126.8970469168106519_37.4866504766744626|126.8972347051497280_37.4868941980659827
2026-09-04T03:35:30.187978+09:00,구로디지털단지역,구로디지털단지역,POI019,KEY_4,1160020300,디지털로30길,1160005903,한국농어촌방송본사,126.8972776620144600_37.4817867015770929,1160006402,어린이뉴스,126.8944792413172991_37.4833140985581466,300.0,18.0,서행,126.8944792413172991_37.4833140985581466|126.8948413059893596_37.4831095502286615|126.8956357623937805_37.4826388020315520|126.8971832914315030_37.4818345023029238|126.8972776620144600_37.4817867015770929
2026-09-04T03:35:30.187978+09:00,구로디지털단지역,구로디지털단지역,POI019,KEY_4,1160020400,디지털로30길,1160006401,어린이뉴스,126.8945549359889640_37.4834038701793091,1160005904,한국농어촌방송본사,126.8973489442759188_37.4818787081438316,300.0,5.0,정체,126.8973489442759188_37.4818787081438316|126.8972567421730275_37.4819254112818570|126.8957133712641507_37.4827275496055634|126.8949210281995477_37.4831970450921332|126.8945549359889640_37.4834038701793091
2026-09-04T03:35:30.187978+09:00,구로디지털단지역,구로디지털단지역,POI019,KEY_4,1160020700,디지털로29길,1160006403,어린이뉴스,126.8943678431792534_37.4833758245411133,1160007002,이투뉴스,126.8926060338410196_37.4843334001185298,189.0,7.0,정체,126.8926060338410196_37.4843334001185298|126.8943678431792534_37.4833758245411133
2026-09-04T03:35:30.187978+09:00,구로디지털단지역,구로디지털단지역,POI019,KEY_4,1160020800,디지털로29길,1160007001,이투뉴스,126.8926819657823302_37.4844230047648566,1160006404,어린이뉴스,126.8944434284587572_37.4834656171134597,189.0,13.0,정체,126.8944434284587572_37.4834656171134597|126.8926819657823302_37.4844230047648566
2026-09-04T03:35:30.187978+09:00,구로디지털단지역,구로디지털단지역,POI019,KEY_4,1160020900,디지털로27가길,1160007002,이투뉴스,126.8926060338410196_37.4843334001185298,1160006502,이-스페이스,126.8918485125667104_37.4835958539846601,107.0,36.0,원활,126.8918485125667104_37.4835958539846601|126.8919599002950918_37.4836464229215878|126.8920939703165516_37.4837502631997097|126.8921680859276364_37.4838346666103917|126.8926060338410196_37.4843334001185298
2026-09-04T03:35:30.187978+09:00,구로디지털단지역,구로디지털단지역,POI019,KEY_4,1160021000,디지털로27가길,1160127000,구로동 252-63,126.8920569215520828_37.4838966556500779,1160007003,이투뉴스,126.8924948692016841_37.4843953895049040,68.0,36.0,원활,126.8924948692016841_37.4843953895049040|126.8920569215520828_37.4838966556500779
2026-09-04T03:35:30.187978+09:00,구로디지털단지역,구로디지털단지역,POI019,KEY_4,1160021100,시흥대로,1160226100,구로동 1124-77,126.9015770566548156_37.4842913595505109,1160007102,구로디지털단지역,126.9014162506018835_37.4848180029825926,61.0,15.0,서행,126.9014162506018835_37.4848180029825926|126.9014866605190690_37.4844597741793351|126.9015502373806186_37.4843238082773027|126.9015770566548156_37.4842913595505109
2026-09-04T03:35:30.187978+09:00,구로디지털단지역,구로디지털단지역,POI019,KEY_4,1160021600,디지털로27가길,1160007503,동작벼룩시장,126.8934530051471086_37.4853665929568365,1160007001,이투뉴스,126.8926819657823302_37.4844230047648566,125.0,36.0,원활,126.8926819657823302_37.4844230047648566|126.8934530051471086_37.4853665929568365
2026-09-04T03:35:30.187978+09:00,구로디지털단지역,구로디지털단지역,POI019,KEY_4,1160021700,디지털로27가길,1160007004,이투뉴스,126.8925682669420922_37.4844820023724665,1160007504,동작벼룩시장,126.8933353461741689_37.4854207480942847,124.0,44.0,원활,126.8933353461741689_37.4854207480942847|126.8925682669420922_37.4844820023724665
2026-09-04T03:35:30.187978+09:00,구로디지털단지역,구로디지털단지역,POI019,KEY_4,1160021900,디지털로31길,1160002303,디지털1단지교차로,126.8952796424025138_37.4845376205185374,1160007503,동작벼룩시장,126.8934530051471086_37.4853665929568365,186.0,8.0,정체,126.8934530051471086_37.4853665929568365|126.8952796424025138_37.4845376205185374
2026-09-04T03:35:30.187978+09:00,구로디지털단지역,구로디지털단지역,POI019,KEY_4,1160022000,디지털로31길,1160007502,동작벼룩시장,126.8935268697175616_37.4854574967908860,1160002304,디지털1단지교차로,126.8953435093039275_37.4846330611772203,185.0,30.0,원활,126.8953435093039275_37.4846330611772203|126.8935268697175616_37.4854574967908860
2026-09-04T03:35:30.187978+09:00,구로디지털단지역,구로디지털단지역,POI019,KEY_4,1160022100,디지털로34길,1160006604,구로단지우체국,126.8986238179200399_37.4837566500810055,1160007702,롯데시티호텔(구로),126.8963657610801619_37.4857672925145806,328.0,7.0,정체,126.8963657610801619_37.4857672925145806|126.8982267387187051_37.4848363408960239|126.8983738715280793_37.4847418499824627|126.8984734048972740_37.4846451213332514|126.8985743992566171_37.4845003998530188|126.8986311369851876_37.4843455994852945|126.8986930392562584_37.4840401198066218|126.8986689418290013_37.4838515866000037|126.8986238179200399_37.4837566500810055
2026-09-04T03:35:30.187978+09:00,구로디지털단지역,구로디지털단지역,POI019,KEY_4,1160022200,디지털로34길,1160007701,롯데시티호텔(구로),126.8964372409138690_37.4858591948314981,1160006601,구로단지우체국,126.8987489435907605_37.4837146589600820,345.0,28.0,원활,126.8987489435907605_37.4837146589600820|126.8988021200996457_37.4838265373868396|126.8988298283918681_37.4840433148602798|126.8987637368247903_37.4843694655542663|126.8987003707336925_37.4845423516443788|126.8985860552682681_37.4847061631695553|126.8984699121090074_37.4848190336163043|126.8983056516939598_37.4849245247307650|126.8964372409138690_37.4858591948314981
2026-09-04T03:35:30.187978+09:00,구로디지털단지역,구로디지털단지역,POI019,KEY_4,1160022400,시흥대로,1160007102,구로디지털단지역,126.9014162506018835_37.4848180029825926,1160007800,구로디지털단지역3번출구,126.9002348002063911_37.4856322056448832,149.0,12.0,정체,126.9002348002063911_37.4856322056448832|126.9004417563574947_37.4852283060631208|126.9005017145782830_37.4851329992872735|126.9006094867249743_37.4850758759866665|126.9011063006316675_37.4849141862083783|126.9014162506018835_37.4848180029825926
2026-09-04T03:35:30.187978+09:00,구로디지털단지역,구로디지털단지역,POI019,KEY_4,1160023400,디지털로31길,1160159500,구로동 197-57,126.8926750779697272_37.4858537636431279,1160007505,동작벼룩시장,126.8934091963354831_37.4855115845585587,75.0,30.0,원활,126.8934091963354831_37.4855115845585587|126.8926750779697272_37.4858537636431279
2026-09-04T03:35:30.187978+09:00,구로디지털단지역,구로디지털단지역,POI019,KEY_4,1160024201,디지털로33길,1160007507,구로동170-6,126.8944821374542471_37.4866390404158096,1160007502,동작벼룩시장,126.8935268697175616_37.4854574967908860,156.0,23.0,서행,126.8935268697175616_37.4854574967908860|126.8944821374542471_37.4866390404158096
2026-09-04T03:35:30.187978+09:00,구로디지털단지역,구로디지털단지역,POI019,KEY_4,1160024202,디지털로33길,1160007703,롯데시티호텔(구로),126.8962470857265714_37.4858199893710164,1160007507,구로동170-6,126.8944821374542471_37.4866390404158096,181.0,9.0,정체,126.8944821374542471_37.4866390404158096|126.8958791004022544_37.4859657126565011|126.8962470857265714_37.4858199893710164
2026-09-04T03:35:30.187978+09:00,구로디지털단지역,구로디지털단지역,POI019,KEY_4,1160024301,디지털로33길,1160007506,구로동170-6,126.8946532528574238_37.4866829253835476,1160007704,롯데시티호텔(구로),126.8963189246829302_37.4859122766495005,170.0,23.0,서행,126.8963189246829302_37.4859122766495005|126.8959445157643557_37.4860605446026938|126.8946532528574238_37.4866829253835476
2026-09-04T03:35:30.187978+09:00,구로디지털단지역,구로디지털단지역,POI019,KEY_4,1160024302,디지털로33길,1160007505,동작벼룩시장,126.8934091963354831_37.4855115845585587,1160007508,구로동170-6,126.8943602466473664_37.4866879141360343,155.0,20.0,서행,126.8943602466473664_37.4866879141360343|126.8934091963354831_37.4855115845585587
2026-09-04T03:35:30.187978+09:00,구로디지털단지역,구로디지털단지역,POI019,KEY_4,1200006500,조원로,1200064000,신림동 1675-8,126.9029897960255653_37.4834956199973774,1200019602,강남우신병원,126.9023243042701239_37.4838411132313780,70.0,7.0,정체,126.9023243042701239_37.4838411132313780|126.9028094961459772_37.4835667668525545|126.9029503679733324_37.4835056834624254|126.9029897960255653_37.4834956199973774
2026-09-04T03:35:30.187978+09:00,구로디지털단지역,구로디지털단지역,POI019,KEY_4,1200010401,봉천로,1200101300,최소노드배치점,126.9048781530148204_37.4848031964909509,1160007800,구로디지털단지역3번출구,126.9002348002063911_37.4856322056448832,430.0,49.0,원활,126.9002348002063911_37.4856322056448832|126.9007586758196879_37.4853704156801228|126.9011403150620083_37.4852098210022149|126.9015443650774131_37.4850671233676280|126.9018586044769989_37.4849720275228933|126.9022849956394339_37.4849008634215295|126.9026739605597101_37.4848535058282195|126.9033022188487507_37.4848301828163599|126.9048781530148204_37.4848031964909509
2026-09-04T03:35:30.187978+09:00,구로역,구로역,POI020,KEY_1,1160002305,경인로,1160034502,구로기계공구상가단지,126.8784152415114903_37.5021440736997747,1160036403,구로역교차로,126.8796656821958493_37.5030673368874119,151.0,37.0,원활,126.8796656821958493_37.5030673368874119|126.8784152415114903_37.5021440736997747
2026-09-04T03:35:30.187978+09:00,구로역,구로역,POI020,KEY_1,1160002404,경인로,1160036402,구로역교차로,126.8798498461747783_37.5029085407338769,1160034801,구로지하차도(남측),126.8783029444020514_37.5018416464907460,182.0,44.0,원활,126.8783029444020514_37.5018416464907460|126.8785027898019990_37.5019153329666537|126.8798498461747783_37.5029085407338769
2026-09-04T03:35:30.187978+09:00,구로역,구로역,POI020,KEY_1,1160002702,경인로,1160036404,구로역교차로,126.8797656740501054_37.5031404717325572,1160037802,구로지하차도(북측),126.8814935704587299_37.5043183305166821,202.0,27.0,원활,126.8814935704587299_37.5043183305166821|126.8812468828441808_37.5042127918201231|126.8797656740501054_37.5031404717325572
2026-09-04T03:35:30.187978+09:00,구로역,구로역,POI020,KEY_1,1160002703,경인로,1160037802,구로지하차도(북측),126.8814935704587299_37.5043183305166821,1160040905,신도림동사무소,126.8835127714082347_37.5057700823748021,240.0,50.0,원활,126.8835127714082347_37.5057700823748021|126.8814935704587299_37.5043183305166821
2026-09-04T03:35:30.187978+09:00,구로역,구로역,POI020,KEY_1,1160002802,경인로,1160037801,구로지하차도(북측),126.8815846697612244_37.5042381878289319,1160036401,구로역교차로,126.8799498591355785_37.5029816276734707,202.0,30.0,원활,126.8799498591355785_37.5029816276734707|126.8814294227990160_37.5040527548736691|126.8815846697612244_37.5042381878289319
2026-09-04T03:35:30.187978+09:00,구로역,구로역,POI020,KEY_1,1160002803,경인로,1160040904,신도림동사무소,126.8836036985089919_37.5056898153755398,1160037801,구로지하차도(북측),126.8815846697612244_37.5042381878289319,240.0,18.0,서행,126.8815846697612244_37.5042381878289319|126.8836036985089919_37.5056898153755398
2026-09-04T03:35:30.187978+09:00,구로역,구로역,POI020,KEY_1,1160012304,구로동로,1160154900,구로동 462-1,126.8824091172900097_37.4994610619746851,1160004304,AK플라자앞교차로,126.8824439152142389_37.5006446548789327,132.0,21.0,서행,126.8824439152142389_37.5006446548789327|126.8823951197181117_37.5002205163018019|126.8824051244391882_37.4996777003701851|126.8824091172900097_37.4994610619746851
2026-09-04T03:35:30.187978+09:00,구로역,구로역,POI020,KEY_1,1160013702,구로중앙로,1160050102,지하차도(서측),126.8835148282346239_37.4996233978199669,1160004303,AK플라자앞교차로,126.8825668705374738_37.5005288608787382,131.0,47.0,원활,126.8825668705374738_37.5005288608787382|126.8828710307459176_37.5002468361621055|126.8829505981381516_37.5001648826779288|126.8832376273967526_37.4998512991191930|126.8835148282346239_37.4996233978199669
2026-09-04T03:35:30.187978+09:00,구로역,구로역,POI020,KEY_1,1160013801,구로중앙로,1160031302,AK플라자앞,126.8830602464456945_37.5002285892838003,1160050101,지하차도(서측),126.8836055631120132_37.4996996362300692,76.0,19.0,서행,126.8836055631120132_37.4996996362300692|126.8835971196618289_37.4997111069201736|126.8833416853714908_37.4999211136327162|126.8830602464456945_37.5002285892838003
2026-09-04T03:35:30.187978+09:00,구로역,구로역,POI020,KEY_1,1160013802,구로중앙로,1160004302,AK플라자앞교차로,126.8826698006300973_37.5005993241719082,1160031301,AK플라자앞,126.8829739607386529_37.5003172991934548,41.0,15.0,서행,126.8829739607386529_37.5003172991934548|126.8826698006300973_37.5005993241719082
2026-09-04T03:35:30.187978+09:00,구로역,구로역,POI020,KEY_1,1160014701,구로중앙로,1160004304,AK플라자앞교차로,126.8824439152142389_37.5006446548789327,1160036402,구로역교차로,126.8798498461747783_37.5029085407338769,341.0,33.0,원활,126.8798498461747783_37.5029085407338769|126.8802195515829396_37.5025788447226205|126.8808010888238442_37.5020186292574849|126.8812049630685976_37.5016737266998490|126.8822093574845837_37.5008862202708784|126.8824439152142389_37.5006446548789327
2026-09-04T03:35:30.187978+09:00,구로역,구로역,POI020,KEY_1,1160014801,구로중앙로,1160036401,구로역교차로,126.8799498591355785_37.5029816276734707,1160004301,AK플라자앞교차로,126.8825512540485363_37.5007108111362015,342.0,41.0,원활,126.8825512540485363_37.5007108111362015|126.8823110851922564_37.5009581561256553|126.8813022193148470_37.5017491701350210|126.8809030844676187_37.5020900259782337|126.8803224434791872_37.5026493166134713|126.8799498591355785_37.5029816276734707
2026-09-04T03:35:30.187978+09:00,구로역,구로역,POI020,KEY_1,1160016002,구로중앙로,1160318200,구로동 604-15,126.8787840193907925_37.5039589067442876,1160036404,구로역교차로,126.8797656740501054_37.5031404717325572,126.0,38.0,원활,126.8797656740501054_37.5031404717325572|126.8787840193907925_37.5039589067442876
2026-09-04T03:35:30.187978+09:00,구로역,구로역,POI020,KEY_1,1160060200,구로중앙로34길,1160032903,영림빌딩,126.8848678729358284_37.5007540665173380,1160031302,AK플라자앞,126.8830602464456945_37.5002285892838003,170.0,17.0,서행,126.8830602464456945_37.5002285892838003|126.8837347429068956_37.5004481416141644|126.8841599860697329_37.5005629512532863|126.8848678729358284_37.5007540665173380
2026-09-04T03:35:30.187978+09:00,구로역,구로역,POI020,KEY_1,1160064101,새말로,1160201200,구로동 496-128,126.8828911595734468_37.5019979620272395,1160049101,애경백화점주차장입구,126.8827564584221506_37.5019420651198843,13.0,12.0,정체,126.8827564584221506_37.5019420651198843|126.8828911595734468_37.5019979620272395
2026-09-04T03:35:30.187978+09:00,구로역,구로역,POI020,KEY_1,1160064201,새말로,1160241300,구로동 566-16,126.8835953818400526_37.5024120971290884,1160049204,구로롯데아파트앞,126.8843917579443570_37.5027425563835806,79.0,30.0,원활,126.8843917579443570_37.5027425563835806|126.8839858571494403_37.5025741273609654|126.8835953818400526_37.5024120971290884
2026-09-04T03:35:30.187978+09:00,구로역,구로역,POI020,KEY_1,1160067300,경인로,1160037801,구로지하차도(북측),126.8815846697612244_37.5042381878289319,1160034801,구로지하차도(남측),126.8783029444020514_37.5018416464907460,394.0,60.0,원활,126.8783029444020514_37.5018416464907460|126.8798550910123879_37.5029860650246718|126.8815846697612244_37.5042381878289319
2026-09-04T03:35:30.187978+09:00,구로역,구로역,POI020,KEY_1,1160067400,경인로,1160034802,구로지하차도(남측),126.8782114750291896_37.5019215141120696,1160037802,구로지하차도(북측),126.8814935704587299_37.5043183305166821,394.0,60.3,원활,126.8814935704587299_37.5043183305166821|126.8797633638207003_37.5030657520983226|126.8782114750291896_37.5019215141120696
2026-09-04T03:35:30.187978+09:00,구로역,구로역,POI020,KEY_1,1160088400,벚꽃로,1160048902,새말고가교(남측),126.8808562236643098_37.5011540117632762,1160049002,새말고가교(북측),126.8821621334058420_37.5018170387463314,138.0,25.0,원활,126.8821621334058420_37.5018170387463314|126.8818108904469000_37.5016871323605017|126.8813106955592787_37.5014691137450953|126.8810384845925938_37.5012995869694592|126.8808562236643098_37.5011540117632762
2026-09-04T03:35:30.187978+09:00,구로역,구로역,POI020,KEY_1,1160088600,벚꽃로,1160049001,새말고가교(북측),126.8822220968000352_37.5017200764814689,1160048901,새말고가교(남측),126.8809607714558467_37.5010859028210248,133.0,34.0,원활,126.8809607714558467_37.5010859028210248|126.8811286565910166_37.5012185106669875|126.8813855473329824_37.5013784964260068|126.8818721077834653_37.5015905715778359|126.8822220968000352_37.5017200764814689
2026-09-04T03:35:30.187978+09:00,구로역,구로역,POI020,KEY_1,1160088800,새말로,1160049101,애경백화점주차장입구,126.8827564584221506_37.5019420651198843,1160004301,AK플라자앞교차로,126.8825512540485363_37.5007108111362015,195.0,23.0,서행,126.8825512540485363_37.5007108111362015|126.8825109701480471_37.5008058644173587|126.8820157985044403_37.5012387302059977|126.8819625479276567_37.5013452749619560|126.8819309554534556_37.5014560949871125|126.8819419585757373_37.5014967665556327|126.8819931567736461_37.5015712443604912|126.8821845449758428_37.5016717109843896|126.8825234212579574_37.5018237696641208|126.8827564584221506_37.5019420651198843
2026-09-04T03:35:30.187978+09:00,구로역,구로역,POI020,KEY_1,1160088900,새말로,1160049002,새말고가교(북측),126.8821621334058420_37.5018170387463314,1160049102,애경백화점주차장입구,126.8826937386913443_37.5020379469097875,53.0,53.0,원활,126.8826937386913443_37.5020379469097875|126.8821621334058420_37.5018170387463314
2026-09-04T03:35:30.187978+09:00,구로역,구로역,POI020,KEY_1,1160089000,새말로,1160049101,애경백화점주차장입구,126.8827564584221506_37.5019420651198843,1160049001,새말고가교(북측),126.8822220968000352_37.5017200764814689,53.0,14.0,정체,126.8822220968000352_37.5017200764814689|126.8827564584221506_37.5019420651198843
2026-09-04T03:35:30.187978+09:00,군자역,군자역,POI021,KEY_2,1040004403,천호대로,1040058200,중곡동 661,127.0806872902272744_37.5567588534684162,1040024504,속성변화점,127.0817853905452353_37.5563326894010103,108.0,19.0,서행,127.0817853905452353_37.5563326894010103|127.0806872902272744_37.5567588534684162
2026-09-04T03:35:30.187978+09:00,군자역,군자역,POI021,KEY_2,1040004301,천호대로,1040074800,능동 256-16,127.0831087283005871_37.5557047588145991,1040024502,하나은행중곡동지점,127.0818480980083507_37.5561883471965672,124.0,24.0,서행,127.0818480980083507_37.5561883471965672|127.0831087283005871_37.5557047588145991
2026-09-04T03:35:30.187978+09:00,군자역,군자역,POI021,KEY_2,1040004302,천호대로,1040058100,능동 265-10,127.0806277800777764_37.5566616664993660,1040001902,군자역사거리,127.0795348266652240_37.5570858179850333,107.0,36.0,원활,127.0795348266652240_37.5570858179850333|127.0806277800777764_37.5566616664993660
2026-09-04T03:35:30.187978+09:00,군자역,군자역,POI021,KEY_2,1040004701,천호대로,1040001903,군자역사거리,127.0794124264596832_37.5571326952658282,1040024802,군자역(서울5호선),127.0787410926408967_37.5573863002999602,66.0,28.0,원활,127.0787410926408967_37.5573863002999602|127.0794124264596832_37.5571326952658282
2026-09-04T03:35:30.187978+09:00,군자역,군자역,POI021,KEY_2,1040004702,천호대로,1040024803,군자역(서울5호선),127.0786186884951690_37.5574334057867176,1040025102,군자동 484,127.0770083487010851_37.5580635804755758,159.0,42.0,원활,127.0770083487010851_37.5580635804755758|127.0781748461028542_37.5576070980020376|127.0786186884951690_37.5574334057867176
2026-09-04T03:35:30.187978+09:00,군자역,군자역,POI021,KEY_2,1040004801,천호대로,1040118000,중곡동 661,127.0782347592370058_37.5577041280935759,1040001904,군자역사거리,127.0794679514587244_37.5572313947359646,121.0,29.0,원활,127.0794679514587244_37.5572313947359646|127.0787993147264672_37.5574839809709218|127.0786786020649828_37.5575304356554085|127.0782347592370058_37.5577041280935759
2026-09-04T03:35:30.187978+09:00,군자역,군자역,POI021,KEY_2,1040005003,천호대로,1040080100,중곡동 660,127.0762266121017348_37.5585010016227940,1040025104,중곡동 660,127.0769419301756358_37.5582109206187056,71.0,20.0,서행,127.0769419301756358_37.5582109206187056|127.0762266121017348_37.5585010016227940
2026-09-04T03:35:30.187978+09:00,군자역,군자역,POI021,KEY_2,1040014201,능동로,1040050700,군자동 47-1,127.0779016230986826_37.5543875146911716,1040024403,능동119안전센터,127.0784794280852879_37.5554353109497256,127.0,28.0,원활,127.0784794280852879_37.5554353109497256|127.0779016230986826_37.5543875146911716
2026-09-04T03:35:30.187978+09:00,군자역,군자역,POI021,KEY_2,1040014202,능동로,1040024404,능동119안전센터,127.0785327914266389_37.5555337392588058,1040024603,능동시장입구,127.0790245738390212_37.5564603311063223,112.0,19.0,서행,127.0790245738390212_37.5564603311063223|127.0785327914266389_37.5555337392588058
2026-09-04T03:35:30.187978+09:00,군자역,군자역,POI021,KEY_2,1040014203,능동로,1040024604,능동시장입구,127.0790796723156575_37.5565593130955548,1040001903,군자역사거리,127.0794124264596832_37.5571326952658282,70.0,23.0,서행,127.0794124264596832_37.5571326952658282|127.0790796723156575_37.5565593130955548
2026-09-04T03:35:30.187978+09:00,군자역,군자역,POI021,KEY_2,1040014302,능동로,1040001902,군자역사거리,127.0795348266652240_37.5570858179850333,1040024401,능동119안전센터,127.0786578909075786_37.5554916575915527,193.0,28.0,원활,127.0786578909075786_37.5554916575915527|127.0791496745905675_37.5564182489232010|127.0792029604481144_37.5565139666780041|127.0795348266652240_37.5570858179850333
2026-09-04T03:35:30.187978+09:00,군자역,군자역,POI021,KEY_2,1040014401,군자로,1040051100,군자동 498,127.0773859030467037_37.5559192589275526,1040024703,군자동 498,127.0781418254503308_37.5568150974500838,120.0,26.0,원활,127.0781418254503308_37.5568150974500838|127.0773859030467037_37.5559192589275526
2026-09-04T03:35:30.187978+09:00,군자역,군자역,POI021,KEY_2,1040014402,군자로,1040024704,군자동 473-17,127.0782167648829954_37.5569063842871316,1040024803,군자역(서울5호선),127.0786186884951690_37.5574334057867176,68.0,26.0,원활,127.0786186884951690_37.5574334057867176|127.0785251045072073_37.5572958312944110|127.0782167648829954_37.5569063842871316
2026-09-04T03:35:30.187978+09:00,군자역,군자역,POI021,KEY_2,1040014502,군자로,1040024802,군자역(서울5호선),127.0787410926408967_37.5573863002999602,1040024701,군자동 478-3,127.0783391267993352_37.5568581661630958,69.0,5.0,정체,127.0783391267993352_37.5568581661630958|127.0786423903673494_37.5572412023606361|127.0787410926408967_37.5573863002999602
2026-09-04T03:35:30.187978+09:00,군자역,군자역,POI021,KEY_2,1040014601,면목로,1040043600,군자동 55-1,127.0761006675665499_37.5566678876701872,1040024903,덕산빌딩,127.0765332367497393_37.5574279966482294,93.0,24.0,서행,127.0765332367497393_37.5574279966482294|127.0763146059258020_37.5570463247497557|127.0761146941674156_37.5566973276250238|127.0761006675665499_37.5566678876701872
2026-09-04T03:35:30.187978+09:00,군자역,군자역,POI021,KEY_2,1040014602,면목로,1040024904,덕산빌딩,127.0765850070330600_37.5575232608000391,1040025103,군자동 484,127.0768865082141730_37.5581120561590538,71.0,27.0,원활,127.0768865082141730_37.5581120561590538|127.0765850070330600_37.5575232608000391
2026-09-04T03:35:30.187978+09:00,군자역,군자역,POI021,KEY_2,1040014702,면목로,1040025102,군자동 484,127.0770083487010851_37.5580635804755758,1040024901,덕산빌딩,127.0767107698767973_37.5574824468424708,70.0,16.0,서행,127.0767107698767973_37.5574824468424708|127.0770083487010851_37.5580635804755758
2026-09-04T03:35:30.187978+09:00,군자역,군자역,POI021,KEY_2,1040015301,능동로,1040100200,중곡동 672,127.0799523671894633_37.5578476892915063,1040001901,군자역사거리,127.0795904427961460_37.5571845162377826,80.0,18.0,서행,127.0795904427961460_37.5571845162377826|127.0799523671894633_37.5578476892915063
2026-09-04T03:35:30.187978+09:00,군자역,군자역,POI021,KEY_2,1040015700,면목로,1040117400,중곡동 669,127.0774452742331562_37.5588289367580259,1040025101,중곡동 659,127.0770633897610651_37.5581625172458260,81.0,27.0,원활,127.0770633897610651_37.5581625172458260|127.0772236884223787_37.5584272094132317|127.0774452742331562_37.5588289367580259
2026-09-04T03:35:30.187978+09:00,군자역,군자역,POI021,KEY_2,1040036900,천호대로112길,1040113400,능동 265-12,127.0811761263330339_37.5550588496486881,1040024301,능동행정복지센터,127.0808961978493130_37.5546000541827141,57.0,12.0,정체,127.0808961978493130_37.5546000541827141|127.0810767106879382_37.5548917415527583|127.0811761263330339_37.5550588496486881
2026-09-04T03:35:30.187978+09:00,군자역,군자역,POI021,KEY_2,1040037000,천호대로112길,1040031900,능동 265-12,127.0813512873793627_37.5556058644750337,1040024503,하나은행중곡동지점,127.0817258793105822_37.5562355029796677,77.0,17.0,서행,127.0817258793105822_37.5562355029796677|127.0813512873793627_37.5556058644750337
2026-09-04T03:35:30.187978+09:00,군자역,군자역,POI021,KEY_2,1040037300,능동로35길,1040081700,군자동 476-19,127.0785006871383587_37.5566717504792678,1040024702,군자동 498,127.0782648012190208_37.5567669432952229,23.0,11.0,정체,127.0782648012190208_37.5567669432952229|127.0785006871383587_37.5566717504792678
2026-09-04T03:35:30.187978+09:00,군자역,군자역,POI021,KEY_2,1040037400,능동로35길,1040024701,군자동 478-3,127.0783391267993352_37.5568581661630958,1040024604,능동시장입구,127.0790796723156575_37.5565593130955548,73.0,16.0,서행,127.0790796723156575_37.5565593130955548|127.0785620921129038_37.5567681874680659|127.0783391267993352_37.5568581661630958
2026-09-04T03:35:30.187978+09:00,군자역,군자역,POI021,KEY_2,1040037500,능동로35길,1040024703,군자동 498,127.0781418254503308_37.5568150974500838,1040024902,덕산빌딩,127.0766568065223794_37.5573831352894132,146.0,12.0,정체,127.0766568065223794_37.5573831352894132|127.0781418254503308_37.5568150974500838
2026-09-04T03:35:30.187978+09:00,군자역,군자역,POI021,KEY_2,1040037600,능동로35길,1040024901,덕산빌딩,127.0767107698767973_37.5574824468424708,1040024704,군자동 473-17,127.0782167648829954_37.5569063842871316,148.0,14.0,정체,127.0782167648829954_37.5569063842871316|127.0767107698767973_37.5574824468424708
2026-09-04T03:35:30.187978+09:00,대림역,대림역,POI023,KEY_3,1160007302,도림로,1160225400,구로동 772,126.8904010194307972_37.4889164164321826,1160010803,영서중,126.8914297539746627_37.4895657998392124,116.0,26.0,원활,126.8914297539746627_37.4895657998392124|126.8905514013743527_37.4890117568818582|126.8904010194307972_37.4889164164321826
2026-09-04T03:35:30.187978+09:00,대림역,대림역,POI023,KEY_3,1160007303,도림로,1160217800,구로동 141-3,126.8926285085608470_37.4903142599622470,1160011904,이화우성아파트앞교차로,126.8929152890763135_37.4904964352182120,32.0,31.0,원활,126.8929152890763135_37.4904964352182120|126.8926990710762226_37.4903582830098188|126.8926285085608470_37.4903142599622470
2026-09-04T03:35:30.187978+09:00,대림역,대림역,POI023,KEY_3,1160007403,도림로,1160010802,영서중,126.8915139708522020_37.4894810257779127,1160010102,두산아파트,126.8897945974124610_37.4883937786456869,194.0,26.0,원활,126.8897945974124610_37.4883937786456869|126.8904854992964744_37.4888318085023116|126.8906357495298636_37.4889270655138702|126.8915139708522020_37.4894810257779127
2026-09-04T03:35:30.187978+09:00,대림역,대림역,POI023,KEY_3,1160007404,도림로,1160011903,이화우성아파트앞교차로,126.8930001743539435_37.4904120838378958,1160010801,영서중,126.8916296698385224_37.4895537665370497,154.0,13.0,정체,126.8916296698385224_37.4895537665370497|126.8920912355731190_37.4898417393384875|126.8927121587774991_37.4902291295874335|126.8927833415098263_37.4902735396003237|126.8930001743539435_37.4904120838378958
2026-09-04T03:35:30.187978+09:00,대림역,대림역,POI023,KEY_3,1160007702,도림천로,1160048702,대림1교(서측),126.8961721623145422_37.4891819536651596,1160003101,대림역앞교차로,126.8951790541212432_37.4917967493715238,303.0,41.0,원활,126.8951790541212432_37.4917967493715238|126.8957256692603153_37.4903646601817258|126.8961721623145422_37.4891819536651596
2026-09-04T03:35:30.187978+09:00,대림역,대림역,POI023,KEY_3,1160008502,도림로,1160206800,구로동 125-90,126.8946481025246982_37.4916034087912990,1160003102,대림역앞교차로,126.8951368393779262_37.4919075571000988,55.0,16.0,서행,126.8951368393779262_37.4919075571000988|126.8946481025246982_37.4916034087912990
2026-09-04T03:35:30.187978+09:00,대림역,대림역,POI023,KEY_3,1160008600,도림로,1160290800,구로동 125-90,126.8937506634492394_37.4909077328717615,1160011902,이화우성아파트앞교차로,126.8931080201690804_37.4904833570122022,74.0,22.0,서행,126.8931080201690804_37.4904833570122022|126.8935149734357850_37.4907610379991567|126.8937506634492394_37.4909077328717615
2026-09-04T03:35:30.187978+09:00,대림역,대림역,POI023,KEY_3,1160009302,구로중앙로,1160172800,구로동 136-14,126.8912072361346901_37.4922624369484083,1160015703,동구로초등교,126.8907809041495369_37.4927508825685223,66.0,19.0,서행,126.8907809041495369_37.4927508825685223|126.8912072361346901_37.4922624369484083
2026-09-04T03:35:30.187978+09:00,대림역,대림역,POI023,KEY_3,1160009402,구로중앙로,1160144900,구로동 136-14,126.8926556031381807_37.4909335976771700,1160011901,이화우성아파트앞교차로,126.8930197619754523_37.4905654813101421,52.0,19.0,서행,126.8930197619754523_37.4905654813101421|126.8926556031381807_37.4909335976771700
2026-09-04T03:35:30.187978+09:00,대림역,대림역,POI023,KEY_3,1160009403,구로중앙로,1160019802,구로중학교,126.8894587513572816_37.4945975713785131,1160015701,동구로초등교,126.8908134604049849_37.4929068959194325,223.0,33.0,원활,126.8908134604049849_37.4929068959194325|126.8905437421596929_37.4932435113719080|126.8897691103862115_37.4942102517986697|126.8894587513572816_37.4945975713785131
2026-09-04T03:35:30.187978+09:00,대림역,대림역,POI023,KEY_3,1160011101,도림천로,1160003102,대림역앞교차로,126.8951368393779262_37.4919075571000988,1160019901,구로동 72-9,126.8941517206176570_37.4945810739956400,309.0,11.0,정체,126.8941517206176570_37.4945810739956400|126.8942482427834904_37.4942443675041019|126.8951368393779262_37.4919075571000988
2026-09-04T03:35:30.187978+09:00,대림역,대림역,POI023,KEY_3,1160011102,도림천로,1160019902,구로동 72-9,126.8941170254665423_37.4946987368495215,1160025000,거리공원오거리,126.8933050731660046_37.4971960011134016,286.0,18.0,서행,126.8933050731660046_37.4971960011134016|126.8935989143015917_37.4964083812532749|126.8941170254665423_37.4946987368495215
2026-09-04T03:35:30.187978+09:00,대림역,대림역,POI023,KEY_3,1160029200,구로동로26길,1160313400,최소노드배치점,126.8878639163611268_37.4900111269113552,1160010804,영서중,126.8915460186500610_37.4896388966145651,347.0,15.0,서행,126.8915460186500610_37.4896388966145651|126.8906364711194499_37.4900259563153426|126.8903834628753486_37.4901246344105701|126.8901833510556401_37.4901726389422265|126.8898305550219732_37.4902407681095795|126.8894918861310686_37.4902987848196290|126.8892782124872980_37.4903059874365425|126.8889939662046089_37.4903057207039581|126.8887661176781592_37.4902563195181102|126.8882902923041769_37.4901041382504374|126.8880556872973671_37.4900207883635872|126.8879413777153218_37.4900081145503350|126.8878639163611268_37.4900111269113552
2026-09-04T03:35:30.187978+09:00,대림역,대림역,POI023,KEY_3,1160031000,구로동로28길,1160143300,구로동 136-71,126.8903851632108370_37.4926410535080947,1160015704,동구로초등교,126.8907052567209206_37.4928410150700842,36.0,12.0,정체,126.8907052567209206_37.4928410150700842|126.8903851632108370_37.4926410535080947
2026-09-04T03:35:30.187978+09:00,대림역,대림역,POI023,KEY_3,1160034000,도림로,1160014601,대림역,126.8956997149267778_37.4921193661557481,1160003101,대림역앞교차로,126.8951790541212432_37.4917967493715238,58.0,22.0,서행,126.8951790541212432_37.4917967493715238|126.8956997149267778_37.4921193661557481
2026-09-04T03:35:30.187978+09:00,대림역,대림역,POI023,KEY_3,1160034100,도림로,1160003102,대림역앞교차로,126.8951368393779262_37.4919075571000988,1160014602,대림역,126.8956552318730076_37.4922287682018478,58.0,12.0,정체,126.8956552318730076_37.4922287682018478|126.8951368393779262_37.4919075571000988
2026-09-04T03:35:30.187978+09:00,대림역,대림역,POI023,KEY_3,1160041100,구로중앙로14길,1160146700,구로동 130-92,126.8916337032718218_37.4932605226136815,1160015702,동구로초등교,126.8908887156223528_37.4928167280073694,82.0,11.0,정체,126.8908887156223528_37.4928167280073694|126.8916337032718218_37.4932605226136815
2026-09-04T03:35:30.187978+09:00,대림역,대림역,POI023,KEY_3,1180006601,대림로,1180318000,대림동 697-2,126.9003294017936412_37.4942557156031810,1180011603,우성아파트앞교차로,126.8998903883358906_37.4947946768444780,71.0,13.0,정체,126.8998903883358906_37.4947946768444780|126.9003294017936412_37.4942557156031810
2026-09-04T03:35:30.187978+09:00,대림역,대림역,POI023,KEY_3,1180007300,도림로,1180310100,대림동 697-2,126.9007488523201772_37.4953116502085564,1180011602,우성아파트앞교차로,126.8999977976841080_37.4948614162264064,83.0,19.0,서행,126.8999977976841080_37.4948614162264064|126.9005378556376087_37.4951851652660082|126.9007488523201772_37.4953116502085564
2026-09-04T03:35:30.187978+09:00,대림역,대림역,POI023,KEY_3,1180007702,대림로,1180315700,대림동 697,126.8994934939156849_37.4960041756513363,1180011601,우성아파트앞교차로,126.8999404585053128_37.4949623481974044,122.0,39.5,원활,126.8999404585053128_37.4949623481974044|126.8997136385791009_37.4954929565158608|126.8996662727585658_37.4956037601360919|126.8994934939156849_37.4960041756513363
2026-09-04T03:35:30.187978+09:00,대림역,대림역,POI023,KEY_3,1180042300,도림천로,1180322500,최소노드배치점,126.8947276411259679_37.4947538215554133,1160014602,대림역,126.8956552318730076_37.4922287682018478,292.0,25.0,원활,126.8956552318730076_37.4922287682018478|126.8953568311614504_37.4929395634666349|126.8948498948411014_37.4944052224449678|126.8947276411259679_37.4947538215554133
2026-09-04T03:35:30.187978+09:00,대림역,대림역,POI023,KEY_3,1180130000,도림천로,1160014601,대림역,126.8956997149267778_37.4921193661557481,1160048701,대림1교(서측),126.8967107357510145_37.4893263010416717,323.0,28.0,원활,126.8967107357510145_37.4893263010416717|126.8965318687534420_37.4897044279033409|126.8959009581949147_37.4916080288853237|126.8956997149267778_37.4921193661557481
2026-09-04T03:35:30.187978+09:00,대림역,대림역,POI023,KEY_3,1180130100,도림로,1180293600,대림동 1053-10,126.8958992093115086_37.4922466200951519,1160014601,대림역,126.8956997149267778_37.4921193661557481,23.0,16.0,서행,126.8956997149267778_37.4921193661557481|126.8958992093115086_37.4922466200951519
2026-09-04T03:35:30.187978+09:00,대림역,대림역,POI023,KEY_3,1180130200,도림로,1180317000,대림동 697-2,126.8985615880100823_37.4940832619939926,1180011604,우성아파트앞교차로,126.8998268728202277_37.4948927120842370,143.0,19.0,서행,126.8998268728202277_37.4948927120842370|126.8988460866591907_37.4942647866943091|126.8985615880100823_37.4940832619939926
2026-09-04T03:35:30.187978+09:00,동대문역,동대문역,POI024,KEY_4,1000001901,종로,1000235800,종로5가 37-8,127.0063580211496799_37.5711504610907880,1000011404,종로6가,127.0066394054990440_37.5711562818851732,25.0,24.0,서행,127.0066394054990440_37.5711562818851732|127.0063580211496799_37.5711504610907880
2026-09-04T03:35:30.187978+09:00,동대문역,동대문역,POI024,KEY_4,1000001902,종로,1000011401,종로6가,127.0067751976320238_37.5711591343297826,1000011704,흥인지문사거리,127.0089498572394433_37.5713693193848641,196.0,33.0,원활,127.0089498572394433_37.5713693193848641|127.0087391849973528_37.5712937741781943|127.0086199123563517_37.5712544202680050|127.0084602554355655_37.5712135860998870|127.0082631629970535_37.5711908652469759|127.0080635936516842_37.5711866101314982|127.0077077532635457_37.5711790230337357|127.0067751976320238_37.5711591343297826
2026-09-04T03:35:30.187978+09:00,동대문역,동대문역,POI024,KEY_4,1000002002,종로,1000113100,종로6가 272-1,127.0077113909216706_37.5710709430025176,1000011402,종로6가,127.0067780115006570_37.5710510367424106,82.0,41.7,원활,127.0067780115006570_37.5710510367424106|127.0077113909216706_37.5710709430025176
2026-09-04T03:35:30.187978+09:00,동대문역,동대문역,POI024,KEY_4,1000002003,종로,1000011703,흥인지문사거리,127.0090256024343631_37.5712778950010033,1000011300,동대문역10번출구,127.0080672314708750_37.5710785300975587,89.0,10.0,정체,127.0080672314708750_37.5710785300975587|127.0082747571647133_37.5710829540366547|127.0084909821378574_37.5711078809344414|127.0086667767084236_37.5711528422383196|127.0087931039338400_37.5711945228473638|127.0090256024343631_37.5712778950010033
2026-09-04T03:35:30.187978+09:00,동대문역,동대문역,POI024,KEY_4,1000002201,종로,1000176600,창신동 442-1,127.0108777515568477_37.5716621493242968,1000011702,흥인지문사거리,127.0091495968440398_37.5713227254486739,158.0,19.0,서행,127.0091495968440398_37.5713227254486739|127.0092723977128770_37.5713674394156811|127.0094846006979310_37.5714183224799285|127.0097878732437096_37.5714751424867188|127.0103298320711360_37.5715766797035471|127.0103586021919568_37.5715820697737044|127.0108233682804553_37.5716512389232733|127.0108777515568477_37.5716621493242968
2026-09-04T03:35:30.187978+09:00,동대문역,동대문역,POI024,KEY_4,1000005301,청계천로,1010035001,청계5가,127.0020881246934152_37.5698075774404145,1000031402,버들다리(북측),127.0066778573984863_37.5698145407186601,405.0,20.0,서행,127.0066778573984863_37.5698145407186601|127.0020881246934152_37.5698075774404145
2026-09-04T03:35:30.187978+09:00,동대문역,동대문역,POI024,KEY_4,1000005302,청계천로,1000031401,버들다리(북측),127.0068104529230624_37.5697993350473567,1010035102,청계6가사거리,127.0096210652811237_37.5699440857354006,249.0,20.0,서행,127.0096210652811237_37.5699440857354006|127.0093543827214120_37.5699514872757661|127.0068104529230624_37.5697993350473567
2026-09-04T03:35:30.187978+09:00,동대문역,동대문역,POI024,KEY_4,1000005401,청계천로,1010034902,버들다리(남측),127.0065602496820105_37.5695317839187268,1010034601,청계5가교차로,127.0021191180861280_37.5694902995239062,392.0,20.0,서행,127.0021191180861280_37.5694902995239062|127.0024509740674006_37.5695131963120659|127.0065602496820105_37.5695317839187268
2026-09-04T03:35:30.187978+09:00,동대문역,동대문역,POI024,KEY_4,1000005402,청계천로,1010034702,청계6가사거리,127.0096736759349909_37.5696339498216076,1010034901,버들다리(남측),127.0067045342350838_37.5695353837745003,263.0,11.0,정체,127.0067045342350838_37.5695353837745003|127.0093753105708458_37.5696558834258525|127.0096736759349909_37.5696339498216076
2026-09-04T03:35:30.187978+09:00,동대문역,동대문역,POI024,KEY_4,1000005700,청계천로,1000256400,최소노드배치점,127.0127816976351198_37.5699685404101658,1010035202,청계7가사거리,127.0158040936899226_37.5700110354399825,267.0,14.0,정체,127.0158040936899226_37.5700110354399825|127.0155094115753371_37.5699917344054910|127.0127816976351198_37.5699685404101658
2026-09-04T03:35:30.187978+09:00,동대문역,동대문역,POI024,KEY_4,1000005800,청계천로,1010005302,신평화시장,127.0121349816149205_37.5696419493387239,1010034701,청계6가사거리,127.0098099727011487_37.5696292980751281,205.0,22.0,서행,127.0098099727011487_37.5696292980751281|127.0121349816149205_37.5696419493387239
2026-09-04T03:35:30.187978+09:00,동대문역,동대문역,POI024,KEY_4,1000006101,율곡로,1010035102,청계6가사거리,127.0096210652811237_37.5699440857354006,1000009900,흥인지문,127.0093873462230221_37.5706631809010148,83.0,5.0,정체,127.0093873462230221_37.5706631809010148|127.0094292652047443_37.5705741772424844|127.0094975291804218_37.5704036160553798|127.0095564087739035_37.5702141995526446|127.0096210652811237_37.5699440857354006
2026-09-04T03:35:30.187978+09:00,동대문역,동대문역,POI024,KEY_4,1000006102,율곡로,1000009900,흥인지문,127.0093873462230221_37.5706631809010148,1000011703,흥인지문사거리,127.0090256024343631_37.5712778950010033,75.0,13.0,정체,127.0090256024343631_37.5712778950010033|127.0091075737013711_37.5711579258072774|127.0092355138361029_37.5709579814170240|127.0093370098156385_37.5707700537480775|127.0093873462230221_37.5706631809010148
2026-09-04T03:35:30.187978+09:00,동대문역,동대문역,POI024,KEY_4,1000006200,율곡로,1000011702,흥인지문사거리,127.0091495968440398_37.5713227254486739,1010035101,청계6가사거리,127.0097583244985060_37.5699427587399839,163.0,17.0,서행,127.0097583244985060_37.5699427587399839|127.0096891857815962_37.5702372118649492|127.0096283139498468_37.5704330409796157|127.0095576557767316_37.5706095859452489|127.0095145373694692_37.5707011341562094|127.0094630728513749_37.5708104028937200|127.0093585611355422_37.5710039143764831|127.0092277816811901_37.5712082974230555|127.0091495968440398_37.5713227254486739
2026-09-04T03:35:30.187978+09:00,동대문역,동대문역,POI024,KEY_4,1000009501,율곡로,1000236300,종로6가 15-11,127.0080997168361137_37.5722694888985629,1000014003,한양도성박물관,127.0074741969655747_37.5729318015656233,92.0,33.0,원활,127.0074741969655747_37.5729318015656233|127.0080997168361137_37.5722694888985629
2026-09-04T03:35:30.187978+09:00,동대문역,동대문역,POI024,KEY_4,1000009503,율곡로,1000014004,한양도성박물관,127.0073825495362314_37.5730303687179017,1000014900,종로6가 28-1,127.0069550317644911_37.5734941425063624,64.0,48.0,원활,127.0069550317644911_37.5734941425063624|127.0071984295928900_37.5732342235394938|127.0072808550544181_37.5731446580486832|127.0073825495362314_37.5730303687179017
2026-09-04T03:35:30.187978+09:00,동대문역,동대문역,POI024,KEY_4,1000009601,율곡로,1000236200,종로6가 15-11,127.0082082977746438_37.5723344550567262,1000011701,흥인지문사거리,127.0090766087889449_37.5714150445714523,128.0,40.3,원활,127.0090766087889449_37.5714150445714523|127.0082082977746438_37.5723344550567262
2026-09-04T03:35:30.187978+09:00,동대문역,동대문역,POI024,KEY_4,1000009602,율곡로,1000014301,대광빌딩,127.0073917099937546_37.5732071461993300,1000014001,한양도성박물관,127.0074934043910844_37.5730928567742879,16.0,42.0,원활,127.0074934043910844_37.5730928567742879|127.0073917099937546_37.5732071461993300
2026-09-04T03:35:30.187978+09:00,동대문역,동대문역,POI024,KEY_4,1000024200,종로40길,1000056800,종로6가 94-1,127.0066606069363075_37.5704117265212076,1000011403,종로6가,127.0066422217709032_37.5710481835517882,71.0,6.0,정체,127.0066422217709032_37.5710481835517882|127.0066606069363075_37.5704117265212076
2026-09-04T03:35:30.187978+09:00,동대문역,동대문역,POI024,KEY_4,1000025300,종로,1000009900,흥인지문,127.0093873462230221_37.5706631809010148,1000011300,동대문역10번출구,127.0080672314708750_37.5710785300975587,130.0,18.0,서행,127.0080672314708750_37.5710785300975587|127.0085333891818209_37.5710486383400308|127.0087654958763324_37.5709979628760777|127.0089601650943791_37.5709413315209986|127.0091211384305581_37.5708727822850008|127.0093873462230221_37.5706631809010148
2026-09-04T03:35:30.187978+09:00,동대문역,동대문역,POI024,KEY_4,1000026100,종로41길,1000011404,종로6가,127.0066394054990440_37.5711562818851732,1000012303,코리아빌딩,127.0066248908967168_37.5717818376925123,69.0,4.0,정체,127.0066248908967168_37.5717818376925123|127.0066394054990440_37.5711562818851732
2026-09-04T03:35:30.187978+09:00,동대문역,동대문역,POI024,KEY_4,1000026200,종로41길,1000012302,코리아빌딩,127.0067607060210548_37.5717838340609731,1000011401,종로6가,127.0067751976320238_37.5711591343297826,69.0,24.0,서행,127.0067751976320238_37.5711591343297826|127.0067607060210548_37.5717838340609731
2026-09-04T03:35:30.187978+09:00,동대문역,동대문역,POI024,KEY_4,1000027300,율곡로30길,1000014003,한양도성박물관,127.0074741969655747_37.5729318015656233,1000012302,코리아빌딩,127.0067607060210548_37.5717838340609731,144.0,11.0,정체,127.0067607060210548_37.5717838340609731|127.0068418074915257_37.5718254252741346|127.0069006522041235_37.5718722555762383|127.0069736400099885_37.5719679324644389|127.0071577154982805_37.5722899073601511|127.0074307351738696_37.5728587751446241|127.0074741969655747_37.5729318015656233
2026-09-04T03:35:30.187978+09:00,동대문역,동대문역,POI024,KEY_4,1000029300,종로41길,1000015002,더피알,127.0060737018723955_37.5735253769162298,1000012301,코리아빌딩,127.0067500526035360_37.5719069888806700,190.0,21.0,서행,127.0067500526035360_37.5719069888806700|127.0067329640749989_37.5720642069515591|127.0067190865195954_37.5721336699591646|127.0064616068015084_37.5727313017324036|127.0064000674097144_37.5728572794460263|127.0060737018723955_37.5735253769162298
2026-09-04T03:35:30.187978+09:00,동대문역,동대문역,POI024,KEY_4,1000036300,낙산성곽서길,1000255800,최소노드배치점,127.0083988211466419_37.5759719407725825,1000014301,대광빌딩,127.0073917099937546_37.5732071461993300,415.0,36.0,원활,127.0073917099937546_37.5732071461993300|127.0075135881165664_37.5733414617230110|127.0075502035946755_37.5733605830037476|127.0076746407379034_37.5733824787757484|127.0077199575610223_37.5733904526197833|127.0080292967237767_37.5734072184215080|127.0081100191316636_37.5734080447108099|127.0086041930911591_37.5734131019619682|127.0086728628516113_37.5734525677212545|127.0086946620129993_37.5735120371860205|127.0086965588550783_37.5739369119779880|127.0086747547327093_37.5740602147212002|127.0086213070120778_37.5741027627096216|127.0085844357751910_37.5741884788321414|127.0085802973890878_37.5742401520841440|127.0087569235764420_37.5748079270685480|127.0087707947809292_37.5749182231035519|127.0087507649042209_37.5750362783156078|127.0086711883484725_37.5752076218318152|127.0086514625701710_37.5752947296362407|127.0085965127586718_37.5754150353500620|127.0085404101098447_37.5754836222287665|127.0084277005735061_37.5755991738724262|127.0084124632425358_37.5756386006790564|127.0083988211466419_37.5759719407725825
2026-09-04T03:35:30.187978+09:00,동대문역,동대문역,POI024,KEY_4,1010017304,장충단로,1010033604,흥인시장,127.0096221501300420_37.5689990735866033,1010034702,청계6가사거리,127.0096736759349909_37.5696339498216076,71.0,16.0,서행,127.0096736759349909_37.5696339498216076|127.0096864325971779_37.5694310293012208|127.0096700878060432_37.5692510036280254|127.0096371243204487_37.5690562417204532|127.0096221501300420_37.5689990735866033
2026-09-04T03:35:30.187978+09:00,동대문역,동대문역,POI024,KEY_4,1010017305,율곡로,1010034702,청계6가사거리,127.0096736759349909_37.5696339498216076,1010035102,청계6가사거리,127.0096210652811237_37.5699440857354006,35.0,11.0,정체,127.0096210652811237_37.5699440857354006|127.0096736759349909_37.5696339498216076
2026-09-04T03:35:30.187978+09:00,동대문역,동대문역,POI024,KEY_4,1010017405,장충단로,1010034701,청계6가사거리,127.0098099727011487_37.5696292980751281,1010033601,흥인시장,127.0097254442646317_37.5688636970958783,86.0,21.0,서행,127.0097254442646317_37.5688636970958783|127.0097710903643389_37.5690379675287076|127.0098052651739948_37.5692398786983972|127.0098225114876840_37.5694298296446618|127.0098099727011487_37.5696292980751281
2026-09-04T03:35:30.187978+09:00,동대문역,동대문역,POI024,KEY_4,1010017406,율곡로,1010035101,청계6가사거리,127.0097583244985060_37.5699427587399839,1010034701,청계6가사거리,127.0098099727011487_37.5696292980751281,35.0,29.0,원활,127.0098099727011487_37.5696292980751281|127.0097583244985060_37.5699427587399839
2026-09-04T03:35:30.187978+09:00,동대문역,동대문역,POI024,KEY_4,1010018901,마장로1길,1010152100,신당동 213-11,127.0121553033908839_37.5690336687148729,1010005302,신평화시장,127.0121349816149205_37.5696419493387239,68.0,10.0,정체,127.0121349816149205_37.5696419493387239|127.0121421248701665_37.5691843025149339|127.0121553033908839_37.5690336687148729
2026-09-04T03:35:30.187978+09:00,동대문역,동대문역,POI024,KEY_4,1010019002,마장로1길,1010005301,신평화시장,127.0122708151406528_37.5696426709985616,1010031807,신당동222-8,127.0123898303853878_37.5685000458484097,127.0,13.0,정체,127.0123898303853878_37.5685000458484097|127.0123418218841209_37.5687652999462713|127.0122919230176990_37.5690284264960468|127.0122908073151677_37.5690411795721175|127.0122778985721510_37.5691887330836352|127.0122708151406528_37.5696426709985616
2026-09-04T03:35:30.187978+09:00,동대문역,동대문역,POI024,KEY_4,1010019600,청계천로,1010034802,청계7가사거리,127.0158306639446124_37.5696611075855529,1010005301,신평화시장,127.0122708151406528_37.5696426709985616,314.0,17.0,서행,127.0122708151406528_37.5696426709985616|127.0158306639446124_37.5696611075855529
2026-09-04T03:35:30.187978+09:00,뚝섬역,뚝섬역,POI025,KEY_1,1030007302,왕십리로,1030081800,성수동1가 661-10,127.0446704988484328_37.5460928940030882,1030017103,뚝섬역앞교차로,127.0444260436081123_37.5480672996080145,220.0,30.0,원활,127.0444260436081123_37.5480672996080145|127.0444273942489701_37.5479194014410780|127.0444370021755702_37.5477219511594811|127.0444656303823763_37.5475252363644927|127.0445177557166971_37.5471670616016340|127.0446012991971116_37.5465929925257882|127.0446138016338580_37.5465070812594277|127.0446704988484328_37.5460928940030882
2026-09-04T03:35:30.187978+09:00,뚝섬역,뚝섬역,POI025,KEY_1,1030009102,아차산로,1030016003,뚝섬역(서울2호선),127.0466946591980104_37.5474024880960968,1030017102,뚝섬역앞교차로,127.0445619470601031_37.5480557481142156,202.0,33.0,원활,127.0445619470601031_37.5480557481142156|127.0446249032181640_37.5480437882236018|127.0458005883487971_37.5477079881317337|127.0466946591980104_37.5474024880960968
2026-09-04T03:35:30.187978+09:00,뚝섬역,뚝섬역,POI025,KEY_1,1030009103,아차산로,1030015603,뚝섬미술관,127.0485988749721571_37.5467876679392063,1030016002,뚝섬역(서울2호선),127.0468607627340276_37.5473483609669358,166.0,19.0,서행,127.0468607627340276_37.5473483609669358|127.0485988749721571_37.5467876679392063
2026-09-04T03:35:30.187978+09:00,뚝섬역,뚝섬역,POI025,KEY_1,1030009104,아차산로,1030002603,경동초등교입구교차로,127.0502646094481776_37.5462577464320475,1030015602,뚝섬미술관,127.0487523357495689_37.5467383237563368,144.0,19.0,서행,127.0487523357495689_37.5467383237563368|127.0502646094481776_37.5462577464320475
2026-09-04T03:35:30.187978+09:00,뚝섬역,뚝섬역,POI025,KEY_1,1030009201,아차산로,1030017101,뚝섬역앞교차로,127.0445559830420876_37.5481680361730241,1030016300,뚝섬역1번출구,127.0458502973536099_37.5478085500334871,121.0,11.0,정체,127.0458502973536099_37.5478085500334871|127.0446637107324506_37.5481475713041846|127.0445559830420876_37.5481680361730241
2026-09-04T03:35:30.187978+09:00,뚝섬역,뚝섬역,POI025,KEY_1,1030009203,아차산로,1030016300,뚝섬역1번출구,127.0458502973536099_37.5478085500334871,1030015604,뚝섬미술관,127.0486498669871906_37.5468878757781184,268.0,18.0,서행,127.0486498669871906_37.5468878757781184|127.0469117528058831_37.5474485695482230|127.0467481960743328_37.5475018476119402|127.0458502973536099_37.5478085500334871
2026-09-04T03:35:30.187978+09:00,뚝섬역,뚝섬역,POI025,KEY_1,1030009204,아차산로,1030015601,뚝섬미술관,127.0488026707037932_37.5468387411565701,1030002604,경동초등교입구교차로,127.0503061250636279_37.5463609661244959,143.0,28.0,원활,127.0503061250636279_37.5463609661244959|127.0488026707037932_37.5468387411565701
2026-09-04T03:35:30.187978+09:00,뚝섬역,뚝섬역,POI025,KEY_1,1030009300,서울숲길,1030076300,성수동1가 676-8,127.0399213370954214_37.5479548333834785,1030018200,응봉지하차도,127.0374624651740305_37.5484417432670767,239.0,32.0,원활,127.0374624651740305_37.5484417432670767|127.0376197668948919_37.5485990148293283|127.0377691938879821_37.5486030666717809|127.0379335176127427_37.5485712655074408|127.0381567590147682_37.5484853004769974|127.0383340384476725_37.5484272268524180|127.0392064844063640_37.5481559010921799|127.0393057439895301_37.5481250313893327|127.0399213370954214_37.5479548333834785
2026-09-04T03:35:30.187978+09:00,뚝섬역,뚝섬역,POI025,KEY_1,1030009400,서울숲길,1030141200,성수동1가 694-129,127.0438398115211669_37.5481503800310534,1030017104,뚝섬역앞교차로,127.0444185151597907_37.5481752530340955,51.0,28.0,원활,127.0444185151597907_37.5481752530340955|127.0439197015720794_37.5481537474168334|127.0438398115211669_37.5481503800310534
2026-09-04T03:35:30.187978+09:00,뚝섬역,뚝섬역,POI025,KEY_1,1030011001,왕십리로,1030019000,뚝섬역,127.0444131204166638_37.5492628137788813,1030017101,뚝섬역앞교차로,127.0445559830420876_37.5481680361730241,122.0,14.0,정체,127.0445559830420876_37.5481680361730241|127.0445241661342237_37.5484118566767293|127.0444131204166638_37.5492628137788813
2026-09-04T03:35:30.187978+09:00,뚝섬역,뚝섬역,POI025,KEY_1,1030012103,광나루로,1030152300,성수동1가 13-217,127.0483259630721875_37.5515909820218710,1030020602,신양빌딩,127.0473778362250385_37.5516125824966167,84.0,35.0,원활,127.0473778362250385_37.5516125824966167|127.0475011922233080_37.5516193055715917|127.0479181770018613_37.5516134788176288|127.0483099223790902_37.5515925250523281|127.0483259630721875_37.5515909820218710
2026-09-04T03:35:30.187978+09:00,뚝섬역,뚝섬역,POI025,KEY_1,1030012202,광나루로,1030020401,성동교앞,127.0446705815333104_37.5515329876251940,1030020604,신양빌딩,127.0472256675834473_37.5517107262809589,227.0,44.0,원활,127.0472256675834473_37.5517107262809589|127.0468732650669352_37.5516800366620487|127.0459097739890382_37.5515961237774434|127.0448942561788641_37.5515076710365960|127.0446705815333104_37.5515329876251940
2026-09-04T03:35:30.187978+09:00,뚝섬역,뚝섬역,POI025,KEY_1,1030012203,광나루로,1030020601,신양빌딩,127.0473685607118739_37.5517204495909027,1030019904,상원삼거리,127.0521090871754524_37.5509242440641344,430.0,49.3,원활,127.0521090871754524_37.5509242440641344|127.0503670484279297_37.5513158045824582|127.0495149654191778_37.5515073176291594|127.0490669861335533_37.5516014778440379|127.0486456428778013_37.5516691360422712|127.0483422525792889_37.5516983211797850|127.0483226281881173_37.5517002089533136|127.0479239238059392_37.5517215340934527|127.0474977402356700_37.5517274907081742|127.0473685607118739_37.5517204495909027
2026-09-04T03:35:30.187978+09:00,뚝섬역,뚝섬역,POI025,KEY_1,1030031200,상원1길,1030091200,성수동1가 9-9,127.0475389473704695_37.5463909592910170,1030016003,뚝섬역(서울2호선),127.0466946591980104_37.5474024880960968,136.0,6.0,정체,127.0466946591980104_37.5474024880960968|127.0467667964252172_37.5472315847214801|127.0468079071165732_37.5471725962568641|127.0475389473704695_37.5463909592910170
2026-09-04T03:35:30.187978+09:00,뚝섬역,뚝섬역,POI025,KEY_1,1030034800,왕십리로,1030019000,뚝섬역,127.0444131204166638_37.5492628137788813,1030016300,뚝섬역1번출구,127.0458502973536099_37.5478085500334871,215.0,15.0,서행,127.0458502973536099_37.5478085500334871|127.0453006661870035_37.5480594839891566|127.0450986461055578_37.5481954436356062|127.0449370469582107_37.5483313875576457|127.0447799493502288_37.5484852089655234|127.0446587877601274_37.5486533190267195|127.0444131204166638_37.5492628137788813
2026-09-04T03:35:30.187978+09:00,뚝섬역,뚝섬역,POI025,KEY_1,1030035100,상원길,1030061700,성수동1가 706,127.0478692797114491_37.5496458841686547,1030020603,신양빌딩,127.0472404335068717_37.5516032483773969,224.0,18.0,서행,127.0472404335068717_37.5516032483773969|127.0473488387670642_37.5512786326791073|127.0476547182317546_37.5503654406795135|127.0476825679149186_37.5502760059199474|127.0477512443017361_37.5500554618497731|127.0478692797114491_37.5496458841686547
2026-09-04T03:35:30.187978+09:00,뚝섬역,뚝섬역,POI025,KEY_1,1030035200,상원길,1030106300,성수동1가 13-219,127.0486061067635859_37.5475435639625346,1030015601,뚝섬미술관,127.0488026707037932_37.5468387411565701,80.0,13.0,정체,127.0488026707037932_37.5468387411565701|127.0486061067635859_37.5475435639625346
2026-09-04T03:35:30.187978+09:00,미아사거리역,미아사거리역,POI026,KEY_2,1080001403,도봉로16길,1080226700,미아동 860-128,127.0303830050474403_37.6167783790601220,1080004601,송중초교앞교차로,127.0305637850283773_37.6165279116074700,32.0,5.0,정체,127.0305637850283773_37.6165279116074700|127.0303830050474403_37.6167783790601220
2026-09-04T03:35:30.187978+09:00,미아사거리역,미아사거리역,POI026,KEY_2,1070013704,종암로,1070026204,서울북공업고등학교,127.0308707064488374_37.6073065362985730,1070027503,숭곡중학교,127.0305563501388662_37.6083287723153674,117.0,8.0,정체,127.0305563501388662_37.6083287723153674|127.0308707064488374_37.6073065362985730
2026-09-04T03:35:30.187978+09:00,미아사거리역,미아사거리역,POI026,KEY_2,1070013705,종암로,1070027504,숭곡중학교,127.0305221673298632_37.6084359781976971,1070028300,하월곡동200,127.0304743529744798_37.6085781403316659,16.0,8.0,정체,127.0304743529744798_37.6085781403316659|127.0305221673298632_37.6084359781976971
2026-09-04T03:35:30.187978+09:00,미아사거리역,미아사거리역,POI026,KEY_2,1070013706,종암로,1070028300,하월곡동200,127.0304743529744798_37.6085781403316659,1070028903,미아사거리,127.0303294634808964_37.6090089272412911,49.0,8.0,정체,127.0303294634808964_37.6090089272412911|127.0304743529744798_37.6085781403316659
2026-09-04T03:35:30.187978+09:00,미아사거리역,미아사거리역,POI026,KEY_2,1070013803,종암로,1070027502,숭곡중학교,127.0306883607368462_37.6083544657187403,1070025202,하월곡동 88-1,127.0313101977619255_37.6063375624355487,230.0,35.0,원활,127.0313101977619255_37.6063375624355487|127.0310350628994769_37.6072273342227206|127.0310027155827157_37.6073322294012442|127.0306883607368462_37.6083544657187403
2026-09-04T03:35:30.187978+09:00,미아사거리역,미아사거리역,POI026,KEY_2,1070013805,종암로,1070028500,하월곡동200,127.0305489509506458_37.6087746349567809,1070027501,숭곡중학교,127.0306534531509470_37.6084639243302306,36.0,7.0,정체,127.0306534531509470_37.6084639243302306|127.0305489509506458_37.6087746349567809
2026-09-04T03:35:30.187978+09:00,미아사거리역,미아사거리역,POI026,KEY_2,1070013806,종암로,1070028902,미아사거리,127.0304455262968020_37.6090821381163778,1070028500,하월곡동200,127.0305489509506458_37.6087746349567809,35.0,24.0,서행,127.0305489509506458_37.6087746349567809|127.0304455262968020_37.6090821381163778
2026-09-04T03:35:30.187978+09:00,미아사거리역,미아사거리역,POI026,KEY_2,1070013903,동소문로,1070114200,길음동 515,127.0290378256414812_37.6077940245615210,1070026504,현대백화점주차장,127.0291689241680047_37.6079489887094027,21.0,28.0,원활,127.0291689241680047_37.6079489887094027|127.0290378256414812_37.6077940245615210
2026-09-04T03:35:30.187978+09:00,미아사거리역,미아사거리역,POI026,KEY_2,1070013904,동소문로,1070062500,길음동 20-5,127.0295749308021271_37.6084207615687873,1070028600,현대백화점(미아점),127.0297518241092689_37.6086261384038210,28.0,28.0,원활,127.0297518241092689_37.6086261384038210|127.0295749308021271_37.6084207615687873
2026-09-04T03:35:30.187978+09:00,미아사거리역,미아사거리역,POI026,KEY_2,1070013905,동소문로,1070028600,현대백화점(미아점),127.0297518241092689_37.6086261384038210,1070028904,미아사거리,127.0302878192895690_37.6091228549225036,73.0,28.0,원활,127.0302878192895690_37.6091228549225036|127.0301617188182917_37.6090370729491070|127.0300039846915610_37.6088959938862715|127.0298670058183461_37.6087598666022558|127.0297518241092689_37.6086261384038210
2026-09-04T03:35:30.187978+09:00,미아사거리역,미아사거리역,POI026,KEY_2,1070014003,동소문로,1070026503,현대백화점주차장,127.0292816696526046_37.6078886204303515,1070026301,성북우체국,127.0288234793379729_37.6073470158956766,72.0,15.0,서행,127.0288234793379729_37.6073470158956766|127.0291505712628464_37.6077336563754585|127.0292816696526046_37.6078886204303515
2026-09-04T03:35:30.187978+09:00,미아사거리역,미아사거리역,POI026,KEY_2,1070014004,동소문로,1070028200,길음동860-64,127.0298639346089686_37.6085650248024947,1070026502,현대백화점주차장,127.0293804965659064_37.6080037411137909,76.0,20.0,서행,127.0293804965659064_37.6080037411137909|127.0296870407270546_37.6083596477856190|127.0298639346089686_37.6085650248024947
2026-09-04T03:35:30.187978+09:00,미아사거리역,미아사거리역,POI026,KEY_2,1070014005,동소문로,1070028903,미아사거리,127.0303294634808964_37.6090089272412911,1070028200,길음동860-64,127.0298639346089686_37.6085650248024947,64.0,20.0,서행,127.0298639346089686_37.6085650248024947|127.0299762599600797_37.6086954361752319|127.0301078764450438_37.6088262344485784|127.0302570976003977_37.6089596994934823|127.0303294634808964_37.6090089272412911
2026-09-04T03:35:30.187978+09:00,미아사거리역,미아사거리역,POI026,KEY_2,1070014101,오패산로3길,1070048700,하월곡동 84-143,127.0337041733590837_37.6077745143263655,1070030803,하월곡동 96-8,127.0330683656703599_37.6104633882483199,322.0,14.0,정체,127.0330683656703599_37.6104633882483199|127.0329212205034679_37.6102373577853868|127.0328042830951176_37.6100253407290595|127.0327640203279884_37.6099369738772893|127.0327370781031391_37.6098315232622014|127.0327270047354489_37.6097453049848482|127.0327429692750201_37.6096497938881669|127.0328592237434719_37.6093126293853999|127.0329173354287491_37.6091520595868971|127.0329552787660958_37.6090657799486010|127.0330423866319478_37.6088677039173263|127.0331080410727509_37.6087369942952847|127.0331558650049857_37.6086505750789755|127.0335967715632393_37.6079455558291329|127.0337041733590837_37.6077745143263655
2026-09-04T03:35:30.187978+09:00,미아사거리역,미아사거리역,POI026,KEY_2,1080001600,오패산로,1080213700,미아동 1317-4,127.0350445501677967_37.6118498616365429,1070032701,방천시장입구교차로,127.0351361942052364_37.6116746238631379,21.0,20.0,서행,127.0351361942052364_37.6116746238631379|127.0350445501677967_37.6118498616365429
2026-09-04T03:35:30.187978+09:00,미아사거리역,미아사거리역,POI026,KEY_2,1070014905,오패산로,1070147900,하월곡동 77-33,127.0357718046089133_37.6094235200250608,1070032703,방천시장입구교차로,127.0350606765864967_37.6115056996043293,239.0,14.0,정체,127.0350606765864967_37.6115056996043293|127.0351084175312337_37.6113406859324186|127.0353299201961335_37.6107107624071020|127.0353652542247431_37.6106102761977397|127.0355468471979208_37.6100938406920875|127.0357718046089133_37.6094235200250608
2026-09-04T03:35:30.187978+09:00,미아사거리역,미아사거리역,POI026,KEY_2,1070016501,월계로,1070028901,미아사거리,127.0304026912356932_37.6091892319313885,1070029100,미아동13-23,127.0307970607158552_37.6093968261890694,42.0,10.0,정체,127.0307970607158552_37.6093968261890694|127.0307167840027063_37.6093545456603380|127.0304026912356932_37.6091892319313885
2026-09-04T03:35:30.187978+09:00,미아사거리역,미아사거리역,POI026,KEY_2,1070016502,월계로,1080220000,미아동 13-23,127.0324022337639462_37.6102422295950660,1070030804,미아동 46-41,127.0331982309171366_37.6106614455999946,84.0,40.0,원활,127.0331982309171366_37.6106614455999946|127.0324022337639462_37.6102422295950660
2026-09-04T03:35:30.187978+09:00,미아사거리역,미아사거리역,POI026,KEY_2,1070016601,월계로,1080004000,미아사거리,127.0308720855030344_37.6093066743138422,1070028902,미아사거리,127.0304455262968020_37.6090821381163778,45.0,39.0,원활,127.0304455262968020_37.6090821381163778|127.0307917895869849_37.6092643839295988|127.0308720855030344_37.6093066743138422
2026-09-04T03:35:30.187978+09:00,미아사거리역,미아사거리역,POI026,KEY_2,1070016602,월계로,1080219900,미아동 866-1,127.0324772569885710_37.6101520768605795,1080004000,미아사거리,127.0308720855030344_37.6093066743138422,170.0,42.0,원활,127.0308720855030344_37.6093066743138422|127.0313924598670781_37.6095807466134673|127.0324772569885710_37.6101520768605795
2026-09-04T03:35:30.187978+09:00,미아사거리역,미아사거리역,POI026,KEY_2,1070018301,도봉로,1070028904,미아사거리,127.0302878192895690_37.6091228549225036,1070029200,길음동14-1,127.0301679403793429_37.6097308656014064,69.0,10.0,정체,127.0301679403793429_37.6097308656014064|127.0301645608454493_37.6095093591410503|127.0301806086935272_37.6094018219594091|127.0302319143706455_37.6092507354351326|127.0302878192895690_37.6091228549225036
2026-09-04T03:35:30.187978+09:00,미아사거리역,미아사거리역,POI026,KEY_2,1070018302,도봉로,1070123400,길음동 13-1,127.0302192302895179_37.6103794149359558,1070033603,미아삼거리역,127.0301170297419731_37.6122786292103584,212.0,19.0,서행,127.0301170297419731_37.6122786292103584|127.0302560371795693_37.6115868014395502|127.0302780121191546_37.6114512708352606|127.0302896992106128_37.6112864634231272|127.0302906822353037_37.6111829591978051|127.0302911134341883_37.6111375574959439|127.0302836638677206_37.6109684698817546|127.0302192302895179_37.6103794149359558
2026-09-04T03:35:30.187978+09:00,미아사거리역,미아사거리역,POI026,KEY_2,1070018401,도봉로,1070029400,미아동13-23,127.0303037865156597_37.6097324048251664,1070028901,미아사거리,127.0304026912356932_37.6091892319313885,62.0,25.0,원활,127.0304026912356932_37.6091892319313885|127.0303618600728868_37.6092826313368391|127.0303143984526457_37.6094224023050074|127.0303005611853848_37.6095151185633085|127.0303037865156597_37.6097324048251664
2026-09-04T03:35:30.187978+09:00,미아사거리역,미아사거리역,POI026,KEY_2,1070018402,도봉로,1080186800,미아동 13-23,127.0303257828538648_37.6100373225124329,1070029400,미아동13-23,127.0303037865156597_37.6097324048251664,34.0,25.0,원활,127.0303037865156597_37.6097324048251664|127.0303022097731400_37.6097653481018810|127.0303257828538648_37.6100373225124329
2026-09-04T03:35:30.187978+09:00,미아사거리역,미아사거리역,POI026,KEY_2,1070053000,동소문로,1070027503,숭곡중학교,127.0305563501388662_37.6083287723153674,1070026503,현대백화점주차장,127.0292816696526046_37.6078886204303515,124.0,4.0,정체,127.0292816696526046_37.6078886204303515|127.0294677215616446_37.6079010815959478|127.0296323842187434_37.6079350977723266|127.0300221074489002_37.6081178433939058|127.0305563501388662_37.6083287723153674
2026-09-04T03:35:30.187978+09:00,미아사거리역,미아사거리역,POI026,KEY_2,1070053100,동소문로,1070026502,현대백화점주차장,127.0293804965659064_37.6080037411137909,1070027504,숭곡중학교,127.0305221673298632_37.6084359781976971,112.0,27.0,원활,127.0305221673298632_37.6084359781976971|127.0299573115892144_37.6082129620091834|127.0295797887646643_37.6080359362050700|127.0294447779431408_37.6080080464985542|127.0293804965659064_37.6080037411137909
2026-09-04T03:35:30.187978+09:00,미아사거리역,미아사거리역,POI026,KEY_2,1070054800,종암로,1070028300,하월곡동200,127.0304743529744798_37.6085781403316659,1070028200,길음동860-64,127.0298639346089686_37.6085650248024947,63.0,8.0,정체,127.0298639346089686_37.6085650248024947|127.0300244023697900_37.6086795376908185|127.0301412755163284_37.6087009631612332|127.0302419542547483_37.6086909247088244|127.0303156591294282_37.6086665907958277|127.0304743529744798_37.6085781403316659
2026-09-04T03:35:30.187978+09:00,미아사거리역,미아사거리역,POI026,KEY_2,1070055100,동소문로,1070028600,현대백화점(미아점),127.0297518241092689_37.6086261384038210,1070029200,길음동14-1,127.0301679403793429_37.6097308656014064,129.0,28.0,원활,127.0301679403793429_37.6097308656014064|127.0300937824806908_37.6096173788021559|127.0300503302344595_37.6094214472180184|127.0299922669209138_37.6092445238945601|127.0299490669414553_37.6091200965177777|127.0298950801941231_37.6089971026266667|127.0298335365210676_37.6088693218599985|127.0297849821499341_37.6087585394519124|127.0297518241092689_37.6086261384038210
2026-09-04T03:35:30.187978+09:00,미아사거리역,미아사거리역,POI026,KEY_2,1080001900,오현로,1080208300,미아동 89-40,127.0313087266287511_37.6164361744709836,1080004602,송중초교앞교차로,127.0306455696994732_37.6164215546226970,59.0,24.0,서행,127.0306455696994732_37.6164215546226970|127.0313087266287511_37.6164361744709836
2026-09-04T03:35:30.187978+09:00,미아사거리역,미아사거리역,POI026,KEY_2,1070063102,숭인로,1070033603,미아삼거리역,127.0301170297419731_37.6122786292103584,1070033303,영훈초등학교,127.0272366252979594_37.6124997369536160,257.0,9.0,정체,127.0272366252979594_37.6124997369536160|127.0273290177740932_37.6124920237944238|127.0277198994808572_37.6125063943992686|127.0280519294709620_37.6125122120121063|127.0281714809471509_37.6125065226202864|127.0283094040843537_37.6124883905500482|127.0284766085014923_37.6124500698429429|127.0285133251269230_37.6124416549143064|127.0287641695714882_37.6123807502593905|127.0289657378952626_37.6123609656958209|127.0290381633802781_37.6123554605349995|127.0299433135421481_37.6122866550074235|127.0301170297419731_37.6122786292103584
2026-09-04T03:35:30.187978+09:00,미아사거리역,미아사거리역,POI026,KEY_2,1070063201,숭인로,1080208400,미아동 484-11,127.0290510909710093_37.6124630890364458,1070033604,미아삼거리역,127.0300983318171859_37.6123877944740386,93.0,21.0,서행,127.0300983318171859_37.6123877944740386|127.0299537211582788_37.6123944755107473|127.0290510909710093_37.6124630890364458
2026-09-04T03:35:30.187978+09:00,미아사거리역,미아사거리역,POI026,KEY_2,1070070600,숭인로8길,1070075300,길음동 1288-2,127.0274859733274013_37.6098597961299035,1070041801,현대백화점,127.0286222777593963_37.6091855339611456,125.0,15.0,서행,127.0286222777593963_37.6091855339611456|127.0280529599322392_37.6095166127957299|127.0280353703558234_37.6095268416775639|127.0274859733274013_37.6098597961299035
2026-09-04T03:35:30.187978+09:00,미아사거리역,미아사거리역,POI026,KEY_2,1070076400,월계로,1070096700,하월곡동 79-20,127.0338497916468157_37.6108727283433311,1070030802,하월곡동 96-8,127.0333012137834316_37.6105859601554187,58.0,13.0,정체,127.0333012137834316_37.6105859601554187|127.0338497916468157_37.6108727283433311
2026-09-04T03:35:30.187978+09:00,미아사거리역,미아사거리역,POI026,KEY_2,1070076600,월계로,1070082200,하월곡동 산2-76,127.0360750402543033_37.6120372770475058,1070032702,방천시장입구교차로,127.0351818040333285_37.6115690734767298,94.0,41.0,원활,127.0351818040333285_37.6115690734767298|127.0360750402543033_37.6120372770475058
2026-09-04T03:35:30.187978+09:00,미아사거리역,미아사거리역,POI026,KEY_2,1070076900,월계로,1070032701,방천시장입구교차로,127.0351361942052364_37.6116746238631379,1070034803,창문여고앞,127.0375644525691570_37.6132010932717336,277.0,19.0,서행,127.0375644525691570_37.6132010932717336|127.0374326476301974_37.6130317692853424|127.0372709646521940_37.6128522299669044|127.0371916667080683_37.6127751366487999|127.0370529635782049_37.6126787402837692|127.0360004406020806_37.6121273741262740|127.0351361942052364_37.6116746238631379
2026-09-04T03:35:30.187978+09:00,미아사거리역,미아사거리역,POI026,KEY_2,1080000900,월계로,1070030801,미아동 46-41,127.0334139063331946_37.6107742430994421,1070032704,방천시장입구교차로,127.0350206256664194_37.6116141344327843,170.0,41.5,원활,127.0350206256664194_37.6116141344327843|127.0337751563115916_37.6109630853235259|127.0334139063331946_37.6107742430994421
2026-09-04T03:35:30.187978+09:00,미아사거리역,미아사거리역,POI026,KEY_2,1080001301,도봉로8길,1080188000,미아동 860-68,127.0313076593327679_37.6124939066315420,1080004403,롯데백화점(미아점),127.0307655742459758_37.6152294799087770,354.0,13.0,정체,127.0307655742459758_37.6152294799087770|127.0307595083810952_37.6151431414709805|127.0307982049350812_37.6146048520059324|127.0308334377665034_37.6144241108047410|127.0308880019328228_37.6142290723469088|127.0308888194819872_37.6142261500267807|127.0309021182958560_37.6141593634664346|127.0308971769619575_37.6141162866918890|127.0308713303888197_37.6140091037384749|127.0308172547337193_37.6138558335722166|127.0306687476536069_37.6135272070313320|127.0306263756309590_37.6134334427768025|127.0305256407967818_37.6132105275378237|127.0304829018195534_37.6131161834363184|127.0304581524445808_37.6129865258258107|127.0304679093526232_37.6128992805603062|127.0305305543381564_37.6128261392159047|127.0308831459086178_37.6126452505436006|127.0311960791661221_37.6125297876005433|127.0313076593327679_37.6124939066315420
2026-09-04T03:35:30.187978+09:00,미아사거리역,미아사거리역,POI026,KEY_2,1080001302,도봉로10길,1080004404,롯데백화점(미아점),127.0307752511100574_37.6153377881961077,1080004603,송중초교앞교차로,127.0304883063638783_37.6164177510826150,125.0,29.0,원활,127.0304883063638783_37.6164177510826150|127.0305703985691252_37.6163131925084642|127.0306363068363140_37.6162059695205286|127.0307091738091572_37.6160516347061957|127.0307523911061054_37.6159357563504244|127.0307780233704449_37.6158268129668514|127.0307895338175257_37.6157153468896510|127.0307960511374716_37.6155476827439088|127.0307967671710401_37.6155292620652375|127.0307752511100574_37.6153377881961077
2026-09-04T03:35:30.187978+09:00,미아사거리역,미아사거리역,POI026,KEY_2,1080001303,도봉로16길,1080004604,송중초교앞교차로,127.0304102014371495_37.6165235549963413,1080005102,삼양입구사거리,127.0298702192108067_37.6170704681836625,79.0,31.0,원활,127.0298702192108067_37.6170704681836625|127.0298850521788978_37.6170678421002123|127.0299748118788585_37.6170321140735879|127.0300606496514746_37.6169837596280487|127.0301171093192494_37.6169296264748780|127.0302651320415634_37.6167245455032031|127.0304102014371495_37.6165235549963413
2026-09-04T03:35:30.187978+09:00,미아사거리역,미아사거리역,POI026,KEY_2,1080001401,도봉로8길,1080226500,미아동 860-62,127.0333709883061459_37.6111757648604055,1070030801,미아동 46-41,127.0334139063331946_37.6107742430994421,47.0,15.0,서행,127.0334139063331946_37.6107742430994421|127.0334462215943887_37.6108752645659408|127.0334496189833260_37.6109857942447405|127.0334250973174051_37.6110939559240691|127.0334003678912893_37.6111530443839968|127.0333709883061459_37.6111757648604055
2026-09-04T03:35:30.187978+09:00,미아사거리역,미아사거리역,POI026,KEY_2,1080001402,도봉로10길,1080223600,미아동 860-128,127.0309319037914122_37.6155510242293474,1080004401,롯데백화점(미아점),127.0309106282188338_37.6153281619081881,25.0,11.0,정체,127.0309106282188338_37.6153281619081881|127.0309328722385231_37.6155261090471882|127.0309319037914122_37.6155510242293474
2026-09-04T03:35:30.187978+09:00,미아사거리역,미아사거리역,POI026,KEY_2,1080002000,오현로,1080004601,송중초교앞교차로,127.0305637850283773_37.6165279116074700,1080000704,송중동주민센터,127.0333214076489838_37.6165889302136804,244.0,29.0,원활,127.0333214076489838_37.6165889302136804|127.0327048727601778_37.6165751501665611|127.0325535462619797_37.6165717674053610|127.0322799608593556_37.6165657393747779|127.0313049616454890_37.6165442516112378|127.0305637850283773_37.6165279116074700
2026-09-04T03:35:30.187978+09:00,미아사거리역,미아사거리역,POI026,KEY_2,1080013300,도봉로,1070029400,미아동13-23,127.0303037865156597_37.6097324048251664,1070029100,미아동13-23,127.0307970607158552_37.6093968261890694,68.0,26.0,원활,127.0307970607158552_37.6093968261890694|127.0305946239942188_37.6093716682601524|127.0304681352867107_37.6094164675411236|127.0304277962557080_37.6094780299370726|127.0303633502236949_37.6096357439956179|127.0303037865156597_37.6097324048251664
2026-09-04T03:35:30.187978+09:00,미아사거리역,미아사거리역,POI026,KEY_2,1080013600,도봉로14길,1080004403,롯데백화점(미아점),127.0307655742459758_37.6152294799087770,1080004302,롯데백화점,127.0300044147842016_37.6152165221594643,67.0,8.0,정체,127.0300044147842016_37.6152165221594643|127.0307655742459758_37.6152294799087770
2026-09-04T03:35:30.187978+09:00,미아사거리역,미아사거리역,POI026,KEY_2,1080014200,오현로,1080004603,송중초교앞교차로,127.0304883063638783_37.6164177510826150,1080004502,미아4동지구대,127.0299406932083599_37.6164009553699401,48.0,31.0,원활,127.0299406932083599_37.6164009553699401|127.0304883063638783_37.6164177510826150
2026-09-04T03:35:30.187978+09:00,미아사거리역,미아사거리역,POI026,KEY_2,1080014300,오현로,1080004501,미아4동지구대,127.0299378171736464_37.6165090658176240,1080004604,송중초교앞교차로,127.0304102014371495_37.6165235549963413,42.0,9.0,정체,127.0304102014371495_37.6165235549963413|127.0299378171736464_37.6165090658176240
2026-09-04T03:35:30.187978+09:00,미아사거리역,미아사거리역,POI026,KEY_2,1080014600,도봉로15길,1080192800,미아동 458-7,127.0289263823759143_37.6164970010907709,1080005303,솔샘빌딩,127.0271851492296946_37.6171857601041069,173.0,31.0,원활,127.0271851492296946_37.6171857601041069|127.0280001291889533_37.6167779690611326|127.0282120914124135_37.6166948240359034|127.0284782414750566_37.6166076453546765|127.0287039024196645_37.6165457270247074|127.0289263823759143_37.6164970010907709
2026-09-04T03:35:30.187978+09:00,미아사거리역,미아사거리역,POI026,KEY_2,1080014700,도봉로15길,1080192900,미아동 458-7,127.0289624624824540_37.6166012407417867,1080004504,미아4동지구대,127.0298017896812581_37.6165088554968250,75.0,27.0,원활,127.0298017896812581_37.6165088554968250|127.0295487633222109_37.6165152651126817|127.0293179985103222_37.6165373968828902|127.0290397621278942_37.6165843107636775|127.0289624624824540_37.6166012407417867
2026-09-04T03:35:30.187978+09:00,미아사거리역,미아사거리역,POI026,KEY_2,1080035900,도봉로,1080227900,미아동 66-1,127.0299274972616104_37.6144546098941603,1080004303,롯데백화점,127.0298687581600916_37.6152098457852233,84.0,8.0,정체,127.0298687581600916_37.6152098457852233|127.0298853879347121_37.6149960306107900|127.0299274972616104_37.6144546098941603
2026-09-04T03:35:30.187978+09:00,미아사거리역,미아사거리역,POI026,KEY_2,1080036400,도봉로,1080225600,미아동 66-1,127.0299803524425357_37.6155274151514050,1080004301,롯데백화점,127.0299960395229704_37.6153245223647374,23.0,18.0,서행,127.0299960395229704_37.6153245223647374|127.0299803524425357_37.6155274151514050
2026-09-04T03:35:30.187978+09:00,미아사거리역,미아사거리역,POI026,KEY_2,1080036500,도봉로,1080004304,롯데백화점,127.0298603782955666_37.6153178851803318,1080004503,미아4동지구대,127.0298047742597731_37.6164006059727711,120.0,8.0,정체,127.0298047742597731_37.6164006059727711|127.0298046298892842_37.6160389086157849|127.0298446910549472_37.6155207779205440|127.0298603782955666_37.6153178851803318
2026-09-04T03:35:30.187978+09:00,미아사거리역,미아사거리역,POI026,KEY_2,1080036600,도봉로,1080005102,삼양입구사거리,127.0298702192108067_37.6170704681836625,1080004501,미아4동지구대,127.0299378171736464_37.6165090658176240,63.0,19.0,서행,127.0299378171736464_37.6165090658176240|127.0299226736381542_37.6167963269789851|127.0298951691717804_37.6169547114601741|127.0298702192108067_37.6170704681836625
2026-09-04T03:35:30.187978+09:00,미아사거리역,미아사거리역,POI026,KEY_2,1080036700,도봉로,1080004504,미아4동지구대,127.0298017896812581_37.6165088554968250,1080005103,삼양입구사거리,127.0297284688176518_37.6170883149081376,65.0,8.0,정체,127.0297284688176518_37.6170883149081376|127.0297608296273353_37.6169381744416640|127.0297871444125661_37.6167866423070549|127.0298017896812581_37.6165088554968250
2026-09-04T03:35:30.187978+09:00,발산역,발산역,POI027,KEY_3,1150001802,공항대로,1150286100,등촌동 675-7,126.8434851477407221_37.5581068792877204,1150027804,등촌동 675-7,126.8444620467467274_37.5580099188913792,87.0,24.0,서행,126.8444620467467274_37.5580099188913792|126.8434851477407221_37.5581068792877204
2026-09-04T03:35:30.187978+09:00,발산역,발산역,POI027,KEY_3,1150001301,공항대로,1150388100,최소노드배치점,126.8479422913783452_37.5574279579684003,1150027802,내발산동 727-11,126.8445162648301476_37.5578956605161736,308.0,19.0,서행,126.8445162648301476_37.5578956605161736|126.8470260619137662_37.5576543889665260|126.8472895533285225_37.5576081323218673|126.8475700185465627_37.5575380223980133|126.8478776911477155_37.5574499386466130|126.8479422913783452_37.5574279579684003
2026-09-04T03:35:30.187978+09:00,발산역,발산역,POI027,KEY_3,1150001401,공항대로,1150027801,등촌동 665-15,126.8446075434389826_37.5579957914980866,1150027504,KBS88체육관,126.8485838392266203_37.5573272457826803,362.0,21.0,서행,126.8485838392266203_37.5573272457826803|126.8479956668994788_37.5575273772584879|126.8479274007050321_37.5575506052493537|126.8476133601174638_37.5576405117346468|126.8473245865430670_37.5577126995265402|126.8470488797595976_37.5577611001132396|126.8446075434389826_37.5579957914980866
2026-09-04T03:35:30.187978+09:00,발산역,발산역,POI027,KEY_3,1150001702,공항대로,1150156500,내발산동 727-13,126.8389437190157025_37.5584498941833331,1150029007,발산역앞교차로,126.8382868423504277_37.5585154741234675,58.0,34.0,원활,126.8382868423504277_37.5585154741234675|126.8389437190157025_37.5584498941833331
2026-09-04T03:35:30.187978+09:00,발산역,발산역,POI027,KEY_3,1150012402,강서로,1150159900,내발산동 727-3,126.8379581400753864_37.5579157877647489,1150029008,발산역앞교차로,126.8381511771219436_37.5585292798091572,70.0,19.0,서행,126.8381511771219436_37.5585292798091572|126.8379581400753864_37.5579157877647489
2026-09-04T03:35:30.187978+09:00,발산역,발산역,POI027,KEY_3,1150012501,강서로,1150024502,동아빌딩,126.8372882612989372_37.5553437451673062,1150023601,우장산공원입구교차로,126.8371370636826754_37.5548824736412428,53.0,12.0,정체,126.8371370636826754_37.5548824736412428|126.8372882612989372_37.5553437451673062
2026-09-04T03:35:30.187978+09:00,발산역,발산역,POI027,KEY_3,1150012502,강서로,1150160000,내발산동 727-3,126.8380898818052742_37.5578895163977009,1150024501,동아빌딩,126.8373220381356390_37.5554491393520493,279.0,20.0,서행,126.8373220381356390_37.5554491393520493|126.8376715306814759_37.5565599243357937|126.8380898818052742_37.5578895163977009
2026-09-04T03:35:30.187978+09:00,발산역,발산역,POI027,KEY_3,1150013401,공항대로41길,1150199400,등촌동 709-18,126.8448748818911582_37.5586016883165925,1150029903,등촌성당,126.8451274169810858_37.5589636738274208,46.0,12.0,정체,126.8451274169810858_37.5589636738274208|126.8448748818911582_37.5586016883165925
2026-09-04T03:35:30.187978+09:00,발산역,발산역,POI027,KEY_3,1150013501,공항대로41길,1150199500,등촌동 709-18,126.8449936130237745_37.5585491936764626,1150027801,등촌동 665-15,126.8446075434389826_37.5579957914980866,70.0,11.0,정체,126.8446075434389826_37.5579957914980866|126.8449936130237745_37.5585491936764626
2026-09-04T03:35:30.187978+09:00,발산역,발산역,POI027,KEY_3,1150013502,공항대로41길,1150264200,등촌동 709-19,126.8457392751923010_37.5596525373729904,1150029901,등촌성당,126.8453512898314699_37.5590655577672123,74.0,34.0,원활,126.8453512898314699_37.5590655577672123|126.8457392751923010_37.5596525373729904
2026-09-04T03:35:30.187978+09:00,발산역,발산역,POI027,KEY_3,1150014202,강서로,1150175000,마곡동 724-1,126.8383852842325865_37.5592402053588401,1150030703,등촌동 709,126.8385237764946822_37.5596590721435390,48.0,5.0,정체,126.8385237764946822_37.5596590721435390|126.8383852842325865_37.5592402053588401
2026-09-04T03:35:30.187978+09:00,발산역,발산역,POI027,KEY_3,1150014203,강서로,1150030704,등촌동 709,126.8385583871243085_37.5597642315047793,1150031803,등촌동 709,126.8388799352455294_37.5607467891492064,113.0,40.0,원활,126.8388799352455294_37.5607467891492064|126.8385583871243085_37.5597642315047793
2026-09-04T03:35:30.187978+09:00,발산역,발산역,POI027,KEY_3,1150014205,강서로,1150031804,등촌동 709,126.8389140890373454_37.5608509288689092,1150005703,등촌1-10단지앞교차로,126.8396861857425364_37.5631977716060206,269.0,38.0,원활,126.8396861857425364_37.5631977716060206|126.8393141722479385_37.5620670292307963|126.8392797556717255_37.5619624175767370|126.8389140890373454_37.5608509288689092
2026-09-04T03:35:30.187978+09:00,발산역,발산역,POI027,KEY_3,1150014302,강서로,1150175100,등촌동 675-9,126.8385166255535950_37.5592126843741667,1150029006,발산역앞교차로,126.8383210052044774_37.5586210293481884,68.0,11.0,정체,126.8383210052044774_37.5586210293481884|126.8385166255535950_37.5592126843741667
2026-09-04T03:35:30.187978+09:00,발산역,발산역,POI027,KEY_3,1150014303,강서로,1150031802,등촌동 709,126.8390139938301218_37.5607275621226293,1150030701,등촌동 709,126.8386936568455070_37.5597487108810242,112.0,21.0,서행,126.8386936568455070_37.5597487108810242|126.8390139938301218_37.5607275621226293
2026-09-04T03:35:30.187978+09:00,발산역,발산역,POI027,KEY_3,1150014304,강서로,1150034202,국민연금관리공단,126.8394111443076042_37.5619350252835389,1150031801,등촌동 709,126.8390483347155140_37.5608322269258892,127.0,33.0,원활,126.8390483347155140_37.5608322269258892|126.8394111443076042_37.5619350252835389
2026-09-04T03:35:30.187978+09:00,발산역,발산역,POI027,KEY_3,1150014305,강서로,1150005702,등촌1-10단지앞교차로,126.8398205853715410_37.5631795244991835,1150034201,국민연금관리공단,126.8394455610547453_37.5620396368988594,131.0,24.0,서행,126.8394455610547453_37.5620396368988594|126.8398205853715410_37.5631795244991835
2026-09-04T03:35:30.187978+09:00,발산역,발산역,POI027,KEY_3,1150015201,강서로62길,1150036503,등촌동 709-7,126.8406735207926062_37.5630129446335346,1150005702,등촌1-10단지앞교차로,126.8398205853715410_37.5631795244991835,78.0,36.0,원활,126.8398205853715410_37.5631795244991835|126.8406735207926062_37.5630129446335346
2026-09-04T03:35:30.187978+09:00,발산역,발산역,POI027,KEY_3,1150015202,강서로62길,1150035303,등촌동 709-7,126.8421580440403602_37.5627055380148107,1150036502,등촌동 709-7,126.8408051994368861_37.5629864249681731,124.0,12.0,정체,126.8408051994368861_37.5629864249681731|126.8421580440403602_37.5627055380148107
2026-09-04T03:35:30.187978+09:00,발산역,발산역,POI027,KEY_3,1150015301,강서로62길,1150005701,등촌1-10단지앞교차로,126.8398546136223644_37.5632842045207411,1150036504,등촌동 709-7,126.8407073809268581_37.5631176574675862,78.0,6.0,정체,126.8407073809268581_37.5631176574675862|126.8398546136223644_37.5632842045207411
2026-09-04T03:35:30.187978+09:00,발산역,발산역,POI027,KEY_3,1150015302,강서로62길,1150036501,등촌동 709-7,126.8408390519562801_37.5630911327515875,1150035304,등촌동 709-7,126.8421984401591374_37.5628088871163897,124.0,14.0,정체,126.8421984401591374_37.5628088871163897|126.8408390519562801_37.5630911327515875
2026-09-04T03:35:30.187978+09:00,발산역,발산역,POI027,KEY_3,1150061400,강서로50길,1150160400,내발산동 724-31,126.8379970283803289_37.5552640353912395,1150024502,동아빌딩,126.8372882612989372_37.5553437451673062,63.0,38.0,원활,126.8372882612989372_37.5553437451673062|126.8379970283803289_37.5552640353912395
2026-09-04T03:35:30.187978+09:00,발산역,발산역,POI027,KEY_3,1150063600,공항대로42길,1150168900,내발산동 727-10,126.8437845680732181_37.5573454026150557,1150027803,내발산동 727-11,126.8443119302488782_37.5579158619486293,79.0,12.0,정체,126.8443119302488782_37.5579158619486293|126.8442191029553783_37.5578656596487974|126.8439617274123350_37.5575931711129414|126.8439157570281708_37.5575288788179549|126.8437845680732181_37.5573454026150557
2026-09-04T03:35:30.187978+09:00,발산역,발산역,POI027,KEY_3,1150068500,화곡로63길,1150249200,등촌동 665,126.8468281137539435_37.5588151943925652,1150029902,등촌성당,126.8452825414138516_37.5589633449437912,138.0,40.0,원활,126.8452825414138516_37.5589633449437912|126.8456271872231582_37.5589296648363486|126.8457671569491794_37.5589163237876207|126.8468281137539435_37.5588151943925652
2026-09-04T03:35:30.187978+09:00,발산역,발산역,POI027,KEY_3,1150068900,강서로56길,1150029903,등촌성당,126.8451274169810858_37.5589636738274208,1150030102,동명중학교앞사거리,126.8437021070714508_37.5590900784440578,127.0,13.0,정체,126.8437021070714508_37.5590900784440578|126.8450504206099083_37.5589612812080915|126.8451274169810858_37.5589636738274208
2026-09-04T03:35:30.187978+09:00,발산역,발산역,POI027,KEY_3,1150069000,강서로56길,1150030101,동명중학교앞사거리,126.8437182868120630_37.5591974274643690,1150029904,등촌성당,126.8452035600025880_37.5590742413996850,132.0,17.0,서행,126.8452035600025880_37.5590742413996850|126.8450558970051816_37.5590696530153494|126.8437182868120630_37.5591974274643690
2026-09-04T03:35:30.187978+09:00,발산역,발산역,POI027,KEY_3,1150069400,강서로56길,1150253100,등촌동 675-3,126.8420541660963323_37.5592559113364217,1150030302,NC백화점(강서점),126.8412679507252108_37.5593352125803221,70.0,26.0,원활,126.8412679507252108_37.5593352125803221|126.8420541660963323_37.5592559113364217
2026-09-04T03:35:30.187978+09:00,발산역,발산역,POI027,KEY_3,1150069500,강서로56길,1150030301,NC백화점(강서점),126.8412850215417649_37.5594424739169526,1150030104,동명중학교앞사거리,126.8435827794940707_37.5592106973085009,205.0,26.0,원활,126.8435827794940707_37.5592106973085009|126.8420712380346345_37.5593631728529758|126.8412850215417649_37.5594424739169526
2026-09-04T03:35:30.187978+09:00,발산역,발산역,POI027,KEY_3,1150069900,강서로56길,1150222900,등촌동 675-10,126.8398256103945130_37.5594834893855705,1150030502,등촌동 675-10,126.8396404824841710_37.5595279604237717,17.0,10.0,정체,126.8396404824841710_37.5595279604237717|126.8397994820281411_37.5594861781463507|126.8398256103945130_37.5594834893855705
2026-09-04T03:35:30.187978+09:00,발산역,발산역,POI027,KEY_3,1150070000,강서로56길,1150030501,등촌동 709-24,126.8396830550129550_37.5596306307353771,1150030304,NC백화점(강서점),126.8411492775769176_37.5594562882070591,131.0,29.0,원활,126.8411492775769176_37.5594562882070591|126.8404955909356886_37.5595235617705185|126.8398430218055637_37.5595907165936680|126.8398297469764060_37.5595920826459491|126.8396830550129550_37.5596306307353771
2026-09-04T03:35:30.187978+09:00,발산역,발산역,POI027,KEY_3,1150070100,강서로56길,1150030503,등촌동 675-10,126.8395323421799361_37.5595482233216273,1150030702,등촌동 709,126.8386590218707255_37.5596433568766201,78.0,19.0,서행,126.8386590218707255_37.5596433568766201|126.8395323421799361_37.5595482233216273
2026-09-04T03:35:30.187978+09:00,발산역,발산역,POI027,KEY_3,1150070200,강서로56길,1150030701,등촌동 709,126.8386936568455070_37.5597487108810242,1150030504,등촌동 709-24,126.8395507558514197_37.5596553444129242,76.0,26.0,원활,126.8395507558514197_37.5596553444129242|126.8386936568455070_37.5597487108810242
2026-09-04T03:35:30.187978+09:00,발산역,발산역,POI027,KEY_3,1150070500,강서로56나길,1150031102,등촌주공3단지,126.8415189407386379_37.5601714765458112,1150030301,NC백화점(강서점),126.8412850215417649_37.5594424739169526,84.0,29.0,원활,126.8412850215417649_37.5594424739169526|126.8415189407386379_37.5601714765458112
2026-09-04T03:35:30.187978+09:00,발산역,발산역,POI027,KEY_3,1150070600,강서로56나길,1150030304,NC백화점(강서점),126.8411492775769176_37.5594562882070591,1150031103,등촌주공3단지,126.8413873500379907_37.5601982354522050,85.0,19.0,서행,126.8413873500379907_37.5601982354522050|126.8411492775769176_37.5594562882070591
2026-09-04T03:35:30.187978+09:00,발산역,발산역,POI027,KEY_3,1150071200,강서로56가길,1150031302,킴스클럽(강서점),126.8399788271866129_37.5605014032291180,1150030501,등촌동 709-24,126.8396830550129550_37.5596306307353771,100.0,23.0,서행,126.8396830550129550_37.5596306307353771|126.8397331722678132_37.5597781806686797|126.8399788271866129_37.5605014032291180
2026-09-04T03:35:30.187978+09:00,발산역,발산역,POI027,KEY_3,1150071300,강서로56가길,1150177200,등촌동 709-24,126.8396020643651383_37.5598064024523026,1150031303,킴스클럽(강서점),126.8398481363394410_37.5605308572489065,83.0,9.0,정체,126.8398481363394410_37.5605308572489065|126.8396020643651383_37.5598064024523026
2026-09-04T03:35:30.187978+09:00,발산역,발산역,POI027,KEY_3,1150071700,강서로,1150031103,등촌주공3단지,126.8413873500379907_37.5601982354522050,1150031302,킴스클럽(강서점),126.8399788271866129_37.5605014032291180,129.0,25.0,원활,126.8399788271866129_37.5605014032291180|126.8409817156347685_37.5602855454065931|126.8413873500379907_37.5601982354522050
2026-09-04T03:35:30.187978+09:00,발산역,발산역,POI027,KEY_3,1150071800,강서로,1150031301,킴스클럽(강서점),126.8400146179819785_37.5606057011169838,1150031104,등촌주공3단지,126.8414257249843189_37.5603019770891677,129.0,11.0,정체,126.8414257249843189_37.5603019770891677|126.8410171647322500_37.5603899168237874|126.8400146179819785_37.5606057011169838
2026-09-04T03:35:30.187978+09:00,발산역,발산역,POI027,KEY_3,1150071900,강서로,1150031303,킴스클럽(강서점),126.8398481363394410_37.5605308572489065,1150031802,등촌동 709,126.8390139938301218_37.5607275621226293,77.0,23.0,서행,126.8390139938301218_37.5607275621226293|126.8398481363394410_37.5605308572489065
2026-09-04T03:35:30.187978+09:00,발산역,발산역,POI027,KEY_3,1150072000,강서로,1150031801,등촌동 709,126.8390483347155140_37.5608322269258892,1150031304,킴스클럽(강서점),126.8398839413988100_37.5606351767868460,77.0,5.0,정체,126.8398839413988100_37.5606351767868460|126.8390483347155140_37.5608322269258892
2026-09-04T03:35:30.187978+09:00,발산역,발산역,POI027,KEY_3,1150072100,공항대로39길,1150256400,등촌동 709-21,126.8439667127423149_37.5600268748774369,1150030101,동명중학교앞사거리,126.8437182868120630_37.5591974274643690,95.0,14.0,정체,126.8437182868120630_37.5591974274643690|126.8438689490130855_37.5597219963694755|126.8439667127423149_37.5600268748774369
2026-09-04T03:35:30.187978+09:00,발산역,발산역,POI027,KEY_3,1150072300,강서로56가길,1150033502,등촌동 709-24,126.8403937546382281_37.5617408215833422,1150031301,킴스클럽(강서점),126.8400146179819785_37.5606057011169838,130.0,7.0,정체,126.8400146179819785_37.5606057011169838|126.8400855183556359_37.5608102389680525|126.8401212767520718_37.5609159034849611|126.8403937546382281_37.5617408215833422
2026-09-04T03:35:30.187978+09:00,발산역,발산역,POI027,KEY_3,1150072400,강서로56가길,1150031304,킴스클럽(강서점),126.8398839413988100_37.5606351767868460,1150031903,등촌동 709-25,126.8399545939338253_37.5608389991299347,23.0,16.0,서행,126.8399545939338253_37.5608389991299347|126.8398839413988100_37.5606351767868460
2026-09-04T03:35:30.187978+09:00,발산역,발산역,POI027,KEY_3,1150073800,강서로56가길,1150031903,등촌동 709-25,126.8399545939338253_37.5608389991299347,1150033703,청호빌딩,126.8398879643180805_37.5618434951784010,136.0,81.0,원활,126.8398879643180805_37.5618434951784010|126.8396084486025330_37.5609783844197054|126.8396550646368155_37.5609044813812574|126.8399545939338253_37.5608389991299347
2026-09-04T03:35:30.187978+09:00,발산역,발산역,POI027,KEY_3,1150073900,강서로56가길,1150033702,청호빌딩,126.8400198011262034_37.5618174884067031,1150031904,등촌동 678-6,126.8399899238250583_37.5609433981560485,116.0,11.0,정체,126.8399899238250583_37.5609433981560485|126.8397540438665771_37.5609949658284634|126.8400198011262034_37.5618174884067031
2026-09-04T03:35:30.187978+09:00,발산역,발산역,POI027,KEY_3,1150074100,강서로56가길,1150031904,등촌동 678-6,126.8399899238250583_37.5609433981560485,1150033503,등촌동 709-25,126.8402624006093049_37.5617683164986360,95.0,16.0,서행,126.8402624006093049_37.5617683164986360|126.8399899238250583_37.5609433981560485
2026-09-04T03:35:30.187978+09:00,발산역,발산역,POI027,KEY_3,1150074400,강서로56나길,1150224800,등촌동 709-23,126.8421593876177269_37.5622512538104232,1150031101,등촌주공3단지,126.8415577146132023_37.5602764926730970,226.0,11.0,정체,126.8415577146132023_37.5602764926730970|126.8417915836892433_37.5610440910706487|126.8421593876177269_37.5622512538104232
2026-09-04T03:35:30.187978+09:00,발산역,발산역,POI027,KEY_3,1150075500,강서로56가길,1150033503,등촌동 709-25,126.8402624006093049_37.5617683164986360,1150033702,청호빌딩,126.8400198011262034_37.5618174884067031,22.0,16.0,서행,126.8400198011262034_37.5618174884067031|126.8402624006093049_37.5617683164986360
2026-09-04T03:35:30.187978+09:00,발산역,발산역,POI027,KEY_3,1150075600,강서로56가길,1150033701,청호빌딩,126.8400533738930847_37.5619222522369043,1150033504,등촌동 679-6,126.8402969405602931_37.5618728844387348,22.0,4.0,정체,126.8402969405602931_37.5618728844387348|126.8400533738930847_37.5619222522369043
2026-09-04T03:35:30.187978+09:00,발산역,발산역,POI027,KEY_3,1150075800,강서로,1150033703,청호빌딩,126.8398879643180805_37.5618434951784010,1150034202,국민연금관리공단,126.8394111443076042_37.5619350252835389,43.0,20.0,서행,126.8394111443076042_37.5619350252835389|126.8398879643180805_37.5618434951784010
2026-09-04T03:35:30.187978+09:00,발산역,발산역,POI027,KEY_3,1150075900,강서로,1150034201,국민연금관리공단,126.8394455610547453_37.5620396368988594,1150033704,청호빌딩,126.8399215433585283_37.5619482675854854,43.0,6.0,정체,126.8399215433585283_37.5619482675854854|126.8394455610547453_37.5620396368988594
2026-09-04T03:35:30.187978+09:00,발산역,발산역,POI027,KEY_3,1150076300,강서로56가길,1150035502,호서아트갤러리,126.8406970304975800_37.5626589595992826,1150033501,등촌동 709-24,126.8404282947817023_37.5618453895506121,93.0,37.0,원활,126.8404282947817023_37.5618453895506121|126.8406970304975800_37.5626589595992826
2026-09-04T03:35:30.187978+09:00,발산역,발산역,POI027,KEY_3,1150076400,강서로56가길,1150033504,등촌동 679-6,126.8402969405602931_37.5618728844387348,1150035503,호서아트갤러리,126.8405656746963217_37.5626864548314643,93.0,11.0,정체,126.8405656746963217_37.5626864548314643|126.8402969405602931_37.5618728844387348
2026-09-04T03:35:30.187978+09:00,발산역,발산역,POI027,KEY_3,1150076900,강서로56가길,1150033704,청호빌딩,126.8399215433585283_37.5619482675854854,1150035504,호서아트갤러리,126.8406002224921991_37.5627910440640420,136.0,10.0,정체,126.8406002224921991_37.5627910440640420|126.8402872434445356_37.5628508061186608|126.8401954405893264_37.5628100442906998|126.8399215433585283_37.5619482675854854
2026-09-04T03:35:30.187978+09:00,발산역,발산역,POI027,KEY_3,1150078400,강서로56가길,1150036502,등촌동 709-7,126.8408051994368861_37.5629864249681731,1150035501,호서아트갤러리,126.8407315784833003_37.5627635487979958,26.0,6.0,정체,126.8407315784833003_37.5627635487979958|126.8408051994368861_37.5629864249681731
2026-09-04T03:35:30.187978+09:00,발산역,발산역,POI027,KEY_3,1150078500,강서로56가길,1150035504,호서아트갤러리,126.8406002224921991_37.5627910440640420,1150036503,등촌동 709-7,126.8406735207926062_37.5630129446335346,25.0,36.0,원활,126.8406735207926062_37.5630129446335346|126.8406002224921991_37.5627910440640420
2026-09-04T03:35:30.187978+09:00,발산역,발산역,POI027,KEY_3,1150081800,강서로56가길,1150038902,등촌주공1단지아파트,126.8416224738478206_37.5655681810133828,1150036501,등촌동 709-7,126.8408390519562801_37.5630911327515875,284.0,35.5,원활,126.8408390519562801_37.5630911327515875|126.8416224738478206_37.5655681810133828
2026-09-04T03:35:30.187978+09:00,발산역,발산역,POI027,KEY_3,1150081900,강서로56가길,1150036504,등촌동 709-7,126.8407073809268581_37.5631176574675862,1150038903,등촌주공1단지아파트,126.8414907582864544_37.5655945778397111,283.0,12.0,정체,126.8414907582864544_37.5655945778397111|126.8407073809268581_37.5631176574675862
2026-09-04T03:35:30.187978+09:00,발산역,발산역,POI027,KEY_3,1150414700,공항대로,1150143803,마곡동 800-23,126.8331897528281473_37.5590371786249193,1150142902,마곡동 799-23,126.8299789794061354_37.5593544984393830,286.0,44.0,원활,126.8299789794061354_37.5593544984393830|126.8331897528281473_37.5590371786249193
2026-09-04T03:35:30.187978+09:00,발산역,발산역,POI027,KEY_3,1150414800,공항대로,1150142901,마곡동 771-6,126.8299957636812536_37.5594617895610980,1150143804,마곡동 775-3,126.8332050999563307_37.5591446111485254,286.0,26.0,원활,126.8332050999563307_37.5591446111485254|126.8299957636812536_37.5594617895610980
2026-09-04T03:35:30.187978+09:00,발산역,발산역,POI027,KEY_3,1150415000,마곡동로4길,1150143903,더스포츠투데이,126.8332857991649547_37.5596880604673728,1150143002,스포츠니어스,126.8300720826581909_37.5600051057354847,286.0,8.0,정체,126.8300720826581909_37.5600051057354847|126.8332857991649547_37.5596880604673728
2026-09-04T03:35:30.187978+09:00,발산역,발산역,POI027,KEY_3,1150415200,마곡동로4길,1150143001,스포츠니어스,126.8300889340493427_37.5601123893861484,1150143904,더스포츠투데이,126.8333022312357485_37.5597953858369493,286.0,15.0,서행,126.8333022312357485_37.5597953858369493|126.8300889340493427_37.5601123893861484
2026-09-04T03:35:30.187978+09:00,발산역,발산역,POI027,KEY_3,1150415300,마곡중앙6로,1150144003,마곡동796-3,126.8333756769971359_37.5602611156995607,1150143102,마곡동 771-6,126.8301522505480108_37.5604769150319484,286.0,6.0,정체,126.8301522505480108_37.5604769150319484|126.8315992311645601_37.5603293921517363|126.8317903553199244_37.5603190670868727|126.8321654198426671_37.5603292225798029|126.8324684712669921_37.5603342165290286|126.8326274768060671_37.5603290036322974|126.8333756769971359_37.5602611156995607
2026-09-04T03:35:30.187978+09:00,발산역,발산역,POI027,KEY_3,1150415400,마곡중앙6로,1150143101,마곡동 771-6,126.8301695159718747_37.5605841499526605,1150144004,마곡동796-3,126.8333921054945677_37.5603684438512104,286.0,17.0,서행,126.8333921054945677_37.5603684438512104|126.8326428577152853_37.5604364277498135|126.8324742064728667_37.5604422396582009|126.8321626681507439_37.5604373192537437|126.8317857413540537_37.5604271232566731|126.8316086846086961_37.5604372494358998|126.8301695159718747_37.5605841499526605
2026-09-04T03:35:30.187978+09:00,발산역,발산역,POI027,KEY_3,1150415500,마곡중앙8로,1150144103,마곡동 775-3,126.8335156177956549_37.5612009154793540,1150143302,스페이스K서울미술관,126.8303074798785133_37.5615141459653259,286.0,18.0,서행,126.8303074798785133_37.5615141459653259|126.8310422029500444_37.5614424183077915|126.8325672766222709_37.5612935172885685|126.8335156177956549_37.5612009154793540
2026-09-04T03:35:30.187978+09:00,발산역,발산역,POI027,KEY_3,1150415600,마곡중앙8로,1150143301,스페이스K서울미술관,126.8303240117242154_37.5616214608969941,1150144104,마곡동 775-3,126.8335310636990982_37.5613083368637817,285.0,18.0,서행,126.8335310636990982_37.5613083368637817|126.8325838117159350_37.5614008321921915|126.8310587358588606_37.5615497332296471|126.8303240117242154_37.5616214608969941
2026-09-04T03:35:30.187978+09:00,발산역,발산역,POI027,KEY_3,1150416000,마곡동로,1150143704,아트나눔,126.8331006582411220_37.5583873342277244,1150143803,마곡동 800-23,126.8331897528281473_37.5590371786249193,73.0,36.5,원활,126.8331897528281473_37.5590371786249193|126.8331006582411220_37.5583873342277244
2026-09-04T03:35:30.187978+09:00,발산역,발산역,POI027,KEY_3,1150416200,마곡동로,1150143804,마곡동 775-3,126.8332050999563307_37.5591446111485254,1150143903,더스포츠투데이,126.8332857991649547_37.5596880604673728,61.0,5.0,정체,126.8332857991649547_37.5596880604673728|126.8332050999563307_37.5591446111485254
2026-09-04T03:35:30.187978+09:00,발산역,발산역,POI027,KEY_3,1150416400,마곡동로,1150143802,마곡동 800-23,126.8333245244353122_37.5590236911699904,1150143701,아트나눔,126.8332353657170586_37.5583733943382683,73.0,12.0,정체,126.8332353657170586_37.5583733943382683|126.8333245244353122_37.5590236911699904
2026-09-04T03:35:30.187978+09:00,발산역,발산역,POI027,KEY_3,1150416600,마곡동로,1150143904,더스포츠투데이,126.8333022312357485_37.5597953858369493,1150144003,마곡동796-3,126.8333756769971359_37.5602611156995607,52.0,4.0,정체,126.8333756769971359_37.5602611156995607|126.8333022312357485_37.5597953858369493
2026-09-04T03:35:30.187978+09:00,발산역,발산역,POI027,KEY_3,1150416700,마곡동로,1150143902,더스포츠투데이,126.8334205140886155_37.5596742805224650,1150143801,마곡동 775-3,126.8333398581103921_37.5591311289854701,61.0,19.0,서행,126.8333398581103921_37.5591311289854701|126.8334205140886155_37.5596742805224650
2026-09-04T03:35:30.187978+09:00,발산역,발산역,POI027,KEY_3,1150416800,마곡동로,1150144004,마곡동796-3,126.8333921054945677_37.5603684438512104,1150144103,마곡동 775-3,126.8335156177956549_37.5612009154793540,93.0,4.0,정체,126.8335156177956549_37.5612009154793540|126.8333921054945677_37.5603684438512104
2026-09-04T03:35:30.187978+09:00,발산역,발산역,POI027,KEY_3,1150416900,마곡동로,1150144002,마곡동796-3,126.8335106253723552_37.5602488541742048,1150143901,더스포츠투데이,126.8334369408403290_37.5597816127083632,52.0,24.0,서행,126.8334369408403290_37.5597816127083632|126.8335106253723552_37.5602488541742048
2026-09-04T03:35:30.187978+09:00,발산역,발산역,POI027,KEY_3,1150417000,마곡동로,1150144102,마곡동 775-3,126.8336504427879277_37.5611878569099460,1150144001,마곡동796-3,126.8335270465289426_37.5603561826379106,93.0,24.0,서행,126.8335270465289426_37.5603561826379106|126.8336504427879277_37.5611878569099460
2026-09-04T03:35:30.187978+09:00,발산역,발산역,POI027,KEY_3,1150417100,마곡동로,1150144104,마곡동 775-3,126.8335310636990982_37.5613083368637817,1150075303,마곡동 775-3,126.8338665843508579_37.5637171638409200,269.0,21.0,서행,126.8338665843508579_37.5637171638409200|126.8335310636990982_37.5613083368637817
2026-09-04T03:35:30.187978+09:00,발산역,발산역,POI027,KEY_3,1150417200,마곡동로,1150075302,마곡동 775-3,126.8340015234932139_37.5637048487681895,1150144101,마곡동 775-3,126.8336658955196157_37.5612952760720518,269.0,26.0,원활,126.8336658955196157_37.5612952760720518|126.8340015234932139_37.5637048487681895
2026-09-04T03:35:30.187978+09:00,발산역,발산역,POI027,KEY_3,1150418100,공항대로,1150144503,마곡동 808-2,126.8353045369876781_37.5588231594929596,1150143802,마곡동 800-23,126.8333245244353122_37.5590236911699904,176.0,46.0,원활,126.8333245244353122_37.5590236911699904|126.8353045369876781_37.5588231594929596
2026-09-04T03:35:30.187978+09:00,발산역,발산역,POI027,KEY_3,1150418300,마곡동로4길,1150144603,마곡동 797-1,126.8354226221326968_37.5594623538091739,1150143902,더스포츠투데이,126.8334205140886155_37.5596742805224650,178.0,36.0,원활,126.8334205140886155_37.5596742805224650|126.8354226221326968_37.5594623538091739
2026-09-04T03:35:30.187978+09:00,발산역,발산역,POI027,KEY_3,1150418400,마곡동로4길,1150143901,더스포츠투데이,126.8334369408403290_37.5597816127083632,1150144604,마곡동 797-17,126.8354405248635146_37.5595695294607594,179.0,11.0,정체,126.8354405248635146_37.5595695294607594|126.8334369408403290_37.5597816127083632
2026-09-04T03:35:30.187978+09:00,발산역,발산역,POI027,KEY_3,1150418500,마곡중앙6로,1150144803,마곡동795-8,126.8355105459097700_37.5600668693746229,1150144002,마곡동796-3,126.8335106253723552_37.5602488541742048,178.0,14.0,정체,126.8335106253723552_37.5602488541742048|126.8355105459097700_37.5600668693746229
2026-09-04T03:35:30.187978+09:00,발산역,발산역,POI027,KEY_3,1150418600,마곡중앙6로,1150144001,마곡동796-3,126.8335270465289426_37.5603561826379106,1150144804,마곡동795-8,126.8355266360785407_37.5601742289107179,178.0,6.0,정체,126.8355266360785407_37.5601742289107179|126.8335270465289426_37.5603561826379106
2026-09-04T03:35:30.187978+09:00,발산역,발산역,POI027,KEY_3,1150418700,마곡중앙8로,1150215900,마곡동 789-10,126.8348798327747602_37.5610697462614738,1150144102,마곡동 775-3,126.8336504427879277_37.5611878569099460,109.0,36.0,원활,126.8336504427879277_37.5611878569099460|126.8344178057114249_37.5611141359322147|126.8348798327747602_37.5610697462614738
2026-09-04T03:35:30.187978+09:00,발산역,발산역,POI027,KEY_3,1150418800,마곡중앙8로,1150215800,마곡동 789-10,126.8348961067385972_37.5611770861689465,1150144904,마곡동 789-10,126.8356742349839834_37.5611023223528946,69.0,36.0,원활,126.8356742349839834_37.5611023223528946|126.8348961067385972_37.5611770861689465
2026-09-04T03:35:30.187978+09:00,발산역,발산역,POI027,KEY_3,1150419400,마곡중앙2로,1150144404,마곡동801-2,126.8352046735335108_37.5581637508680544,1150144503,마곡동 808-2,126.8353045369876781_37.5588231594929596,74.0,13.0,정체,126.8353045369876781_37.5588231594929596|126.8352046735335108_37.5581637508680544
2026-09-04T03:35:30.187978+09:00,발산역,발산역,POI027,KEY_3,1150419800,마곡중앙2로,1150144502,마곡동 808-2,126.8354392475825705_37.5588093803015113,1150144401,마곡동801-2,126.8353395103048484_37.5581508093880885,74.0,19.0,서행,126.8353395103048484_37.5581508093880885|126.8354392475825705_37.5588093803015113
2026-09-04T03:35:30.187978+09:00,발산역,발산역,POI027,KEY_3,1150419900,마곡중앙6로,1150144604,마곡동 797-17,126.8354405248635146_37.5595695294607594,1150144803,마곡동795-8,126.8355105459097700_37.5600668693746229,56.0,17.0,서행,126.8355105459097700_37.5600668693746229|126.8354405248635146_37.5595695294607594
2026-09-04T03:35:30.187978+09:00,발산역,발산역,POI027,KEY_3,1150420000,마곡중앙6로,1150144804,마곡동795-8,126.8355266360785407_37.5601742289107179,1150144903,마곡동 789-10,126.8356571963544752_37.5609950561465453,92.0,15.0,서행,126.8356571963544752_37.5609950561465453|126.8355266360785407_37.5601742289107179
2026-09-04T03:35:30.187978+09:00,발산역,발산역,POI027,KEY_3,1150420100,마곡중앙6로,1150144802,마곡동795-8,126.8356454133569713_37.5600540899636997,1150144601,마곡동 797-17,126.8355752580511364_37.5595558020758560,56.0,11.0,정체,126.8355752580511364_37.5595558020758560|126.8356454133569713_37.5600540899636997
2026-09-04T03:35:30.187978+09:00,발산역,발산역,POI027,KEY_3,1150420200,마곡중앙6로,1150144902,마곡동 789-10,126.8357920851740062_37.5609823952840856,1150144801,마곡동795-8,126.8356615034770840_37.5601614444259368,92.0,17.0,서행,126.8356615034770840_37.5601614444259368|126.8357920851740062_37.5609823952840856
2026-09-04T03:35:30.187978+09:00,발산역,발산역,POI027,KEY_3,1150420300,마곡중앙8로1길,1150144904,마곡동 789-10,126.8356742349839834_37.5611023223528946,1150145003,마곡동 788-5,126.8360599704796385_37.5635339917327684,272.0,36.0,원활,126.8360599704796385_37.5635339917327684|126.8356742349839834_37.5611023223528946
2026-09-04T03:35:30.187978+09:00,발산역,발산역,POI027,KEY_3,1150420400,마곡중앙8로1길,1150145002,마곡동 788-5,126.8361949639833171_37.5635219719725413,1150144901,마곡동 789-10,126.8358091243757855_37.5610896665506644,272.0,16.0,서행,126.8358091243757855_37.5610896665506644|126.8361949639833171_37.5635219719725413
2026-09-04T03:35:30.187978+09:00,발산역,발산역,POI027,KEY_3,1150420500,마곡중앙8로,1150145203,마곡동 789-10,126.8364770013601657_37.5609196539713821,1150144902,마곡동 789-10,126.8357920851740062_37.5609823952840856,61.0,12.0,정체,126.8357920851740062_37.5609823952840856|126.8364770013601657_37.5609196539713821
2026-09-04T03:35:30.187978+09:00,발산역,발산역,POI027,KEY_3,1150420600,마곡중앙8로,1150144901,마곡동 789-10,126.8358091243757855_37.5610896665506644,1150145204,마곡동 789-10,126.8364925281873639_37.5610270643811788,61.0,40.0,원활,126.8364925281873639_37.5610270643811788|126.8358091243757855_37.5610896665506644
2026-09-04T03:35:30.187978+09:00,발산역,발산역,POI027,KEY_3,1150421500,마곡동로4길,1150144601,마곡동 797-17,126.8355752580511364_37.5595558020758560,1150145903,마곡동 796-8,126.8377695096314568_37.5597528706232140,226.0,36.0,원활,126.8377695096314568_37.5597528706232140|126.8376750367937404_37.5594532066334068|126.8376436383031205_37.5593938770169231|126.8376179384656552_37.5593788608118189|126.8375879805322910_37.5593639856061756|126.8375501436959922_37.5593660292694267|126.8374935312904483_37.5593681993480644|126.8355752580511364_37.5595558020758560
2026-09-04T03:35:30.187978+09:00,발산역,발산역,POI027,KEY_3,1150421600,마곡중앙8로3길,1150145204,마곡동 789-10,126.8364925281873639_37.5610270643811788,1150145403,마곡동790-3,126.8368895854583229_37.5634558056279033,272.0,36.0,원활,126.8368895854583229_37.5634558056279033|126.8364925281873639_37.5610270643811788
2026-09-04T03:35:30.187978+09:00,발산역,발산역,POI027,KEY_3,1150421700,마곡동로4길,1150145902,마곡동 794-3,126.8379038144172029_37.5597347169141997,1150144602,마곡동 797-1,126.8355587376322546_37.5594485003173730,244.0,6.0,정체,126.8355587376322546_37.5594485003173730|126.8374890599963720_37.5592601385319043|126.8375672753137735_37.5592587730342302|126.8376641123460900_37.5592744493026203|126.8377146483493192_37.5593029497080764|126.8377692522320643_37.5593527678433503|126.8378067666416626_37.5594268875707442|126.8379038144172029_37.5597347169141997
2026-09-04T03:35:30.187978+09:00,발산역,발산역,POI027,KEY_3,1150421800,마곡중앙6로,1150145903,마곡동 796-8,126.8377695096314568_37.5597528706232140,1150144802,마곡동795-8,126.8356454133569713_37.5600540899636997,191.0,12.0,정체,126.8356454133569713_37.5600540899636997|126.8366877546921927_37.5599514564631178|126.8369205654560403_37.5599216147159325|126.8371554394351790_37.5598735121656588|126.8374637488971359_37.5598018888513394|126.8376078818179167_37.5597765466474698|126.8377695096314568_37.5597528706232140
2026-09-04T03:35:30.187978+09:00,발산역,발산역,POI027,KEY_3,1150421900,마곡중앙6로,1150144801,마곡동795-8,126.8356615034770840_37.5601614444259368,1150145904,마곡동 796-8,126.8378038370677103_37.5598577766027901,193.0,14.0,정체,126.8378038370677103_37.5598577766027901|126.8376324600815650_37.5598828808636256|126.8374930776610938_37.5599074565809232|126.8371935476745591_37.5599772882827452|126.8369544237169464_37.5600263202725841|126.8367095047433821_37.5600581806902412|126.8356615034770840_37.5601614444259368
2026-09-04T03:35:30.187978+09:00,발산역,발산역,POI027,KEY_3,1150422001,공항대로,1150029004,발산역교차로,126.8374105472545637_37.5586057815653120,1150144502,마곡동 808-2,126.8354392475825705_37.5588093803015113,176.0,25.0,원활,126.8354392475825705_37.5588093803015113|126.8374105472545637_37.5586057815653120
2026-09-04T03:35:30.187978+09:00,발산역,발산역,POI027,KEY_3,1150422002,공항대로,1150029008,발산역앞교차로,126.8381511771219436_37.5585292798091572,1150029003,발산역교차로,126.8375462326909968_37.5585917665558426,54.0,5.0,정체,126.8375462326909968_37.5585917665558426|126.8381511771219436_37.5585292798091572
2026-09-04T03:35:30.187978+09:00,발산역,발산역,POI027,KEY_3,1150422101,공항대로,1150029002,발산역교차로,126.8375637077918725_37.5586989875216517,1150029009,발산역앞교차로,126.8381851184764457_37.5586347998771046,55.0,34.0,원활,126.8381851184764457_37.5586347998771046|126.8375637077918725_37.5586989875216517
2026-09-04T03:35:30.187978+09:00,발산역,발산역,POI027,KEY_3,1150422102,공항대로,1150143801,마곡동 775-3,126.8333398581103921_37.5591311289854701,1150029005,발산역교차로,126.8374280222594592_37.5587130025401308,364.0,32.0,원활,126.8374280222594592_37.5587130025401308|126.8354567198058760_37.5589166015442970|126.8353216785587989_37.5589304145240703|126.8333398581103921_37.5591311289854701
2026-09-04T03:35:30.187978+09:00,발산역,발산역,POI027,KEY_3,1150422300,마곡중앙8로3길,1150145402,마곡동790-3,126.8370244519072685_37.5634429501900655,1150145201,마곡동 789-10,126.8366275461055892_37.5610151619675108,272.0,38.0,원활,126.8366275461055892_37.5610151619675108|126.8370244519072685_37.5634429501900655
2026-09-04T03:35:30.187978+09:00,발산역,발산역,POI027,KEY_3,1150422500,마곡중앙8로,1150145503,마곡동 789-10,126.8371436423929310_37.5608626455951153,1150145202,마곡동 789-10,126.8366131535689050_37.5609076513561604,47.0,12.0,정체,126.8366131535689050_37.5609076513561604|126.8371436423929310_37.5608626455951153
2026-09-04T03:35:30.187978+09:00,발산역,발산역,POI027,KEY_3,1150422600,마곡중앙8로,1150145201,마곡동 789-10,126.8366275461055892_37.5610151619675108,1150145504,마곡동 789-10,126.8371580356739798_37.5609701560716545,47.0,38.0,원활,126.8371580356739798_37.5609701560716545|126.8366275461055892_37.5610151619675108
2026-09-04T03:35:30.187978+09:00,발산역,발산역,POI027,KEY_3,1150423400,마곡중앙8로5길,1150145504,마곡동 789-10,126.8371580356739798_37.5609701560716545,1150145803,마곡동792,126.8375276600782087_37.5633949518694692,271.0,36.0,원활,126.8375276600782087_37.5633949518694692|126.8371580356739798_37.5609701560716545
2026-09-04T03:35:30.187978+09:00,발산역,발산역,POI027,KEY_3,1150423600,마곡중앙8로5길,1150145802,마곡동792,126.8376625044230934_37.5633820021888667,1150145501,마곡동 789-10,126.8372931867405811_37.5609592470734981,271.0,37.0,원활,126.8372931867405811_37.5609592470734981|126.8376625044230934_37.5633820021888667
2026-09-04T03:35:30.187978+09:00,발산역,발산역,POI027,KEY_3,1150424000,마곡중앙8로,1150146103,마곡동 789-10,126.8381208566963210_37.5607870940493456,1150145502,마곡동 789-10,126.8372801516027266_37.5608516269170352,75.0,12.0,정체,126.8372801516027266_37.5608516269170352|126.8381208566963210_37.5607870940493456
2026-09-04T03:35:30.187978+09:00,발산역,발산역,POI027,KEY_3,1150424200,마곡중앙8로,1150145501,마곡동 789-10,126.8372931867405811_37.5609592470734981,1150146104,마곡동 789-10,126.8381561407636298_37.5608930067502698,77.0,33.5,원활,126.8381561407636298_37.5608930067502698|126.8372931867405811_37.5609592470734981
2026-09-04T03:35:30.187978+09:00,발산역,발산역,POI027,KEY_3,1150424800,마곡중앙6로,1150145904,마곡동 796-8,126.8378038370677103_37.5598577766027901,1150146103,마곡동 789-10,126.8381208566963210_37.5607870940493456,107.0,11.0,정체,126.8381208566963210_37.5607870940493456|126.8378038370677103_37.5598577766027901
2026-09-04T03:35:30.187978+09:00,발산역,발산역,POI027,KEY_3,1150425100,마곡중앙6로,1150146102,마곡동 789-10,126.8382584988430608_37.5607780252386831,1150145901,마곡동 794-3,126.8379384640187197_37.5598398709925121,108.0,8.0,정체,126.8379384640187197_37.5598398709925121|126.8382584988430608_37.5607780252386831
2026-09-04T03:35:30.187978+09:00,발산역,발산역,POI027,KEY_3,1150425300,강서로,1150030703,등촌동 709,126.8385237764946822_37.5596590721435390,1150145902,마곡동 794-3,126.8379038144172029_37.5597347169141997,55.0,7.0,정체,126.8379038144172029_37.5597347169141997|126.8385237764946822_37.5596590721435390
2026-09-04T03:35:30.187978+09:00,발산역,발산역,POI027,KEY_3,1150425400,강서로,1150145901,마곡동 794-3,126.8379384640187197_37.5598398709925121,1150030704,등촌동 709,126.8385583871243085_37.5597642315047793,55.0,11.0,정체,126.8385583871243085_37.5597642315047793|126.8379384640187197_37.5598398709925121
2026-09-04T03:35:30.187978+09:00,발산역,발산역,POI027,KEY_3,1150425500,마곡중앙10로,1150146503,마곡동 788-5,126.8389187233626103_37.5632605403728235,1150145802,마곡동792,126.8376625044230934_37.5633820021888667,112.0,23.0,서행,126.8376625044230934_37.5633820021888667|126.8389187233626103_37.5632605403728235
2026-09-04T03:35:30.187978+09:00,발산역,발산역,POI027,KEY_3,1150425700,마곡중앙10로,1150145801,마곡동792,126.8376790860897074_37.5634893130113241,1150146504,마곡동 788-5,126.8389525008029182_37.5633661888971702,113.0,10.0,정체,126.8389525008029182_37.5633661888971702|126.8376790860897074_37.5634893130113241
2026-09-04T03:35:30.187978+09:00,발산역,발산역,POI027,KEY_3,1150426000,마곡중앙8로7길,1150146104,마곡동 789-10,126.8381561407636298_37.5608930067502698,1150146503,마곡동 788-5,126.8389187233626103_37.5632605403728235,271.0,45.0,원활,126.8389187233626103_37.5632605403728235|126.8381561407636298_37.5608930067502698
2026-09-04T03:35:30.187978+09:00,발산역,발산역,POI027,KEY_3,1150426300,마곡중앙8로,1150031803,등촌동 709,126.8388799352455294_37.5607467891492064,1150146102,마곡동 789-10,126.8382584988430608_37.5607780252386831,55.0,12.0,정체,126.8382584988430608_37.5607780252386831|126.8388799352455294_37.5607467891492064
2026-09-04T03:35:30.187978+09:00,발산역,발산역,POI027,KEY_3,1150426400,마곡중앙8로,1150146101,마곡동 789-10,126.8382935502586690_37.5608843100478111,1150031804,등촌동 709,126.8389140890373454_37.5608509288689092,55.0,33.5,원활,126.8389140890373454_37.5608509288689092|126.8382935502586690_37.5608843100478111
2026-09-04T03:35:30.187978+09:00,발산역,발산역,POI027,KEY_3,1150426600,마곡중앙8로7길,1150146502,마곡동 788-5,126.8390550086403010_37.5632483376584787,1150146101,마곡동 789-10,126.8382935502586690_37.5608843100478111,271.0,16.0,서행,126.8382935502586690_37.5608843100478111|126.8390550086403010_37.5632483376584787
2026-09-04T03:35:30.187978+09:00,발산역,발산역,POI027,KEY_3,1150427500,마곡동로10길,1150146504,마곡동 788-5,126.8389525008029182_37.5633661888971702,1150146803,마곡동 781-15,126.8394613145432999_37.5649731732607250,184.0,41.0,원활,126.8394613145432999_37.5649731732607250|126.8389525008029182_37.5633661888971702
2026-09-04T03:35:30.187978+09:00,발산역,발산역,POI027,KEY_3,1150427600,마곡동로10길,1150146802,마곡동 776-9,126.8395972420332782_37.5649600796846030,1150146501,마곡동 788-5,126.8390887719296103_37.5633541913248763,184.0,39.0,원활,126.8390887719296103_37.5633541913248763|126.8395972420332782_37.5649600796846030
2026-09-04T03:35:30.187978+09:00,발산역,발산역,POI027,KEY_3,1150427700,마곡중앙10로,1150005703,등촌1-10단지앞교차로,126.8396861857425364_37.5631977716060206,1150146502,마곡동 788-5,126.8390550086403010_37.5632483376584787,56.0,6.0,정체,126.8390550086403010_37.5632483376584787|126.8396861857425364_37.5631977716060206
2026-09-04T03:35:30.187978+09:00,발산역,발산역,POI027,KEY_3,1150427800,마곡중앙10로,1150146501,마곡동 788-5,126.8390887719296103_37.5633541913248763,1150005704,등촌1-10단지앞교차로,126.8397203720518291_37.5633027237737167,56.0,23.0,서행,126.8397203720518291_37.5633027237737167|126.8390887719296103_37.5633541913248763
2026-09-04T03:35:30.187978+09:00,발산역,발산역,POI027,KEY_3,1150428700,강서로,1150005704,등촌1-10단지앞교차로,126.8397203720518291_37.5633027237737167,1150147003,KT가양빌딩,126.8402339447114286_37.5649013322239611,183.0,24.0,서행,126.8402339447114286_37.5649013322239611|126.8397203720518291_37.5633027237737167
2026-09-04T03:35:30.187978+09:00,발산역,발산역,POI027,KEY_3,1150428800,강서로,1150147002,KT가양빌딩,126.8403655344729373_37.5648745441111132,1150005701,등촌1-10단지앞교차로,126.8398546136223644_37.5632842045207411,182.0,18.0,서행,126.8398546136223644_37.5632842045207411|126.8403655344729373_37.5648745441111132
2026-09-04T03:35:30.187978+09:00,발산역,발산역,POI027,KEY_3,1150431100,마곡동로2길,1150143506,서울가곡초등학교,126.8350271362563717_37.5560819152047785,1150148802,서울가곡초등학교,126.8365609872267328_37.5559474561603963,136.0,16.0,서행,126.8365609872267328_37.5559474561603963|126.8350271362563717_37.5560819152047785
2026-09-04T03:35:30.187978+09:00,발산역,발산역,POI027,KEY_3,1150431200,마곡동로2길,1150148801,서울가곡초등학교,126.8366641738323324_37.5558296369560694,1150143507,서울가곡초등학교,126.8349442511752727_37.5560130568887658,153.0,19.0,서행,126.8349442511752727_37.5560130568887658|126.8366641738323324_37.5558296369560694
2026-09-04T03:35:30.187978+09:00,발산역,발산역,POI027,KEY_3,1150435500,공항대로36길,1150172600,내발산동 654-7,126.8369433124920391_37.5567243744775467,1150148801,서울가곡초등학교,126.8366641738323324_37.5558296369560694,102.0,25.0,원활,126.8366641738323324_37.5558296369560694|126.8369408817935806_37.5567168612510400|126.8369433124920391_37.5567243744775467
2026-09-04T03:35:30.187978+09:00,발산역,발산역,POI027,KEY_3,1150435600,공항대로36길,1150157200,마곡동 808-4,126.8372217203108505_37.5580183968786727,1150029004,발산역교차로,126.8374105472545637_37.5586057815653120,67.0,16.0,서행,126.8374105472545637_37.5586057815653120|126.8372217263437278_37.5580184155255381|126.8372217203108505_37.5580183968786727
2026-09-04T03:35:30.187978+09:00,사당역,사당역,POI029,KEY_4,1200001505,남부순환로,1200132500,남현동 1129-1,126.9783525562753113_37.4766273240377927,1200013402,신한은행사당지점,126.9776771148018355_37.4766039630478005,60.0,39.0,원활,126.9776771148018355_37.4766039630478005|126.9783525562753113_37.4766273240377927
2026-09-04T03:35:30.187978+09:00,사당역,사당역,POI029,KEY_4,1200001506,남부순환로,1200013303,사당역사거리,126.9815670557517393_37.4764560893672538,1200013502,사당고가차도(서측),126.9787009972853724_37.4766393737914996,255.0,13.0,정체,126.9787009972853724_37.4766393737914996|126.9789650020834841_37.4765785388182664|126.9801113064884248_37.4765498880248984|126.9815670557517393_37.4764560893672538
2026-09-04T03:35:30.187978+09:00,사당역,사당역,POI029,KEY_4,1200001605,남부순환로,1190054000,사당동 1129,126.9783466956105258_37.4767352419899780,1200013501,사당고가차도(서측),126.9787001825253299_37.4767474172804356,31.0,28.0,원활,126.9787001825253299_37.4767474172804356|126.9783466956105258_37.4767352419899780
2026-09-04T03:35:30.187978+09:00,사당역,사당역,POI029,KEY_4,1200001606,남부순환로,1200013501,사당고가차도(서측),126.9787001825253299_37.4767474172804356,1200013304,사당역사거리,126.9815732086563997_37.4766726412872657,255.0,35.5,원활,126.9815732086563997_37.4766726412872657|126.9801265014511102_37.4767658562949109|126.9789735053924602_37.4767946745016403|126.9787001825253299_37.4767474172804356
2026-09-04T03:35:30.187978+09:00,사당역,사당역,POI029,KEY_4,1200029400,남현1길,1200124700,남현동 1127,126.9783505255877287_37.4758331487339404,1200012702,남현동 1124,126.9774083343266255_37.4758329723464598,83.0,11.0,정체,126.9774083343266255_37.4758329723464598|126.9783505255877287_37.4758331487339404
2026-09-04T03:35:30.187978+09:00,사당역,사당역,POI029,KEY_4,1200029500,남현1길,1200124800,남현동 1126,126.9783504943989669_37.4759412699036858,1200012604,사당역,126.9815729873653396_37.4759244431946215,285.0,13.0,정체,126.9815729873653396_37.4759244431946215|126.9812548651862727_37.4759025444998670|126.9812539432546714_37.4759025800500751|126.9810035708241287_37.4759122342870654|126.9801469632111974_37.4759452606210459|126.9798496083057984_37.4759272567643791|126.9795261688568644_37.4759303639910115|126.9783894695607387_37.4759412770384230|126.9783504943989669_37.4759412699036858
2026-09-04T03:35:30.187978+09:00,사당역,사당역,POI029,KEY_4,1210008004,과천대로,1200012604,사당역,126.9815729873653396_37.4759244431946215,1200013303,사당역사거리,126.9815670557517393_37.4764560893672538,59.0,41.0,원활,126.9815670557517393_37.4764560893672538|126.9815729873653396_37.4759244431946215
2026-09-04T03:35:30.187978+09:00,사당역,사당역,POI029,KEY_4,1210008011,과천대로,1200062900,최소노드배치점,126.9822525246905229_37.4734022440347303,1200012603,사당역,126.9815823220961875_37.4758165626830646,275.0,37.3,원활,126.9815823220961875_37.4758165626830646|126.9817001113355701_37.4750801148305257|126.9817905847563964_37.4746695755126211|126.9820074384190463_37.4739500549048046|126.9822334447884487_37.4734412030830981|126.9822525246905229_37.4734022440347303
2026-09-04T03:35:30.187978+09:00,사당역,사당역,POI029,KEY_4,1210008103,과천대로,1200013302,사당역사거리,126.9817028736171522_37.4764428156749503,1200012601,사당역,126.9817086454812056_37.4759254044758237,57.0,9.0,정체,126.9817086454812056_37.4759254044758237|126.9817028736171522_37.4764428156749503
2026-09-04T03:35:30.187978+09:00,사당역,사당역,POI029,KEY_4,1210010802,남부순환로,1210017903,사당역,126.9828244412134239_37.4763105643704293,1200013302,사당역사거리,126.9817028736171522_37.4764428156749503,100.0,36.7,원활,126.9817028736171522_37.4764428156749503|126.9828244412134239_37.4763105643704293
2026-09-04T03:35:30.187978+09:00,사당역,사당역,POI029,KEY_4,1210010803,남부순환로,1210003303,서울메트로교차로,126.9859091321453235_37.4757933674249983,1210017903,사당역,126.9828244412134239_37.4763105643704293,280.0,46.0,원활,126.9828244412134239_37.4763105643704293|126.9838822367532885_37.4761741693844570|126.9845101702115926_37.4760682802059222|126.9852145546307440_37.4759088277420105|126.9856963687830245_37.4757894650169021|126.9859091321453235_37.4757933674249983
2026-09-04T03:35:30.187978+09:00,사당역,사당역,POI029,KEY_4,1210010902,남부순환로,1200013301,사당역사거리,126.9817082784629605_37.4766607747569367,1210017904,사당역,126.9827527470157378_37.4765376153703258,93.0,31.0,원활,126.9827527470157378_37.4765376153703258|126.9817082784629605_37.4766607747569367
2026-09-04T03:35:30.187978+09:00,사당역,사당역,POI029,KEY_4,1210010903,남부순환로,1210017902,사당역,126.9830561823782915_37.4764997376228024,1210003304,서울메트로교차로,126.9859494025058098_37.4758966152538164,266.0,45.0,원활,126.9859494025058098_37.4758966152538164|126.9857769093572557_37.4759959608525506|126.9852919046509356_37.4761161137957686|126.9845753962514294_37.4762783105096844|126.9839320162596152_37.4763868045525186|126.9830561823782915_37.4764997376228024
2026-09-04T03:35:30.187978+09:00,사당역,사당역,POI029,KEY_4,1210013202,동작대로,1190033600,사당동 345-15,126.9817861676152404_37.4805935022985111,1210020003,삼산빌딩,126.9818242931630436_37.4813376709689763,83.0,23.0,서행,126.9818242931630436_37.4813376709689763|126.9817861676152404_37.4805935022985111
2026-09-04T03:35:30.187978+09:00,사당역,사당역,POI029,KEY_4,1210013301,동작대로,1210018502,사당역,126.9817437830158013_37.4771994664082868,1200013301,사당역사거리,126.9817082784629605_37.4766607747569367,60.0,20.0,서행,126.9817082784629605_37.4766607747569367|126.9817437830158013_37.4771994664082868
2026-09-04T03:35:30.187978+09:00,사당역,사당역,POI029,KEY_4,1210013302,동작대로,1210468700,방배동 443-12,126.9818049976731800_37.4783394618983792,1210018501,사당역,126.9817502949196921_37.4773079097285162,115.0,20.0,서행,126.9817502949196921_37.4773079097285162|126.9818049976731800_37.4783394618983792
2026-09-04T03:35:30.187978+09:00,사당역,사당역,POI029,KEY_4,1210040300,남부순환로,1210018102,사조비앤엠,126.9832282659307907_37.4770362167618387,1210017902,사당역,126.9830561823782915_37.4764997376228024,62.0,13.0,정체,126.9830561823782915_37.4764997376228024|126.9830940755248747_37.4765277731399067|126.9832282659307907_37.4770362167618387
2026-09-04T03:35:30.187978+09:00,사당역,사당역,POI029,KEY_4,1210040700,방배천로2길,1210018403,방배동 503-2,126.9865499553038575_37.4771840753630201,1210018102,사조비앤엠,126.9832282659307907_37.4770362167618387,312.0,11.0,정체,126.9832282659307907_37.4770362167618387|126.9838387279922500_37.4769433744873552|126.9842264784725216_37.4768844016010547|126.9844843494000770_37.4768366985496968|126.9850479258344080_37.4767324414477372|126.9851328673271667_37.4767167276972017|126.9853016753093016_37.4766847179225664|126.9854463664147772_37.4766991501857447|126.9855880761818980_37.4767611614829477|126.9864528235630843_37.4771395635469844|126.9865499553038575_37.4771840753630201
2026-09-04T03:35:30.187978+09:00,사당역,사당역,POI029,KEY_4,1210040800,방배천로2길,1210481800,방배동 500-2,126.9855227810337936_37.4768559361672118,1210018404,방배동 503-2,126.9867909913023567_37.4774192533986010,128.0,6.0,정체,126.9867909913023567_37.4774192533986010|126.9863863560306783_37.4772338258397397|126.9855227810337936_37.4768559361672118
2026-09-04T03:35:30.187978+09:00,사당역,사당역,POI029,KEY_4,1210041000,방배천로2길,1210018103,사조비앤엠,126.9830940597976507_37.4770529961187151,1210018302,만남의광장,126.9828120263917697_37.4770814474041529,25.0,21.0,서행,126.9828120263917697_37.4770814474041529|126.9830940597976507_37.4770529961187151
2026-09-04T03:35:30.187978+09:00,사당역,사당역,POI029,KEY_4,1210041100,방배천로2길,1210018301,만남의광장,126.9827974715784791_37.4771918993242608,1210018104,사조비앤엠,126.9831110962849863_37.4771602618443040,28.0,9.0,정체,126.9831110962849863_37.4771602618443040|126.9827974715784791_37.4771918993242608
2026-09-04T03:35:30.187978+09:00,사당역,사당역,POI029,KEY_4,1210041200,방배천로,1210018303,만남의광장,126.9826774245232031_37.4770956879658286,1210018502,사당역,126.9817437830158013_37.4771994664082868,83.0,17.0,서행,126.9817437830158013_37.4771994664082868|126.9826774245232031_37.4770956879658286
2026-09-04T03:35:30.187978+09:00,사당역,사당역,POI029,KEY_4,1210041300,방배천로,1210018501,사당역,126.9817502949196921_37.4773079097285162,1210018304,만남의광장,126.9826398554988032_37.4772090314510322,79.0,6.0,정체,126.9826398554988032_37.4772090314510322|126.9817502949196921_37.4773079097285162
2026-09-04T03:35:30.187978+09:00,사당역,사당역,POI029,KEY_4,1210041500,방배천로,1210470700,방배동 493-3,126.9825683523388307_37.4783076787632652,1210018301,만남의광장,126.9827974715784791_37.4771918993242608,126.0,14.0,정체,126.9827974715784791_37.4771918993242608|126.9826927892492421_37.4773818532591676|126.9826336040056276_37.4779466108636683|126.9825683523388307_37.4783076787632652
2026-09-04T03:35:30.187978+09:00,사당역,사당역,POI029,KEY_4,1210041600,방배천로,1210470600,방배동 493-3,126.9824340696896314_37.4782922656353747,1210020108,한국영농신문,126.9823867484598452_37.4813297051922873,338.0,15.0,서행,126.9823867484598452_37.4813297051922873|126.9822960071732609_37.4793999970057357|126.9823413875449205_37.4788051096968715|126.9824340696896314_37.4782922656353747
2026-09-04T03:35:30.187978+09:00,사당역,사당역,POI029,KEY_4,1210178200,남부순환로,1210473400,최소노드배치점,126.9823646816492584_37.4765287259015523,1210003304,서울메트로교차로,126.9859494025058098_37.4758966152538164,325.0,53.5,원활,126.9859494025058098_37.4758966152538164|126.9852725668233688_37.4760642916119622|126.9845590899898724_37.4762258029378472|126.9839195713567648_37.4763336450874291|126.9828555926954294_37.4764708382123786|126.9823646816492584_37.4765287259015523
2026-09-04T03:35:30.187978+09:00,사당역,사당역,POI029,KEY_4,1210178300,남부순환로,1210473300,최소노드배치점,126.9823448255159946_37.4764217699743014,1200013502,사당고가차도(서측),126.9787009972853724_37.4766393737914996,323.0,39.0,원활,126.9787009972853724_37.4766393737914996|126.9801151055036144_37.4766038798681222|126.9816260227920424_37.4765065271099331|126.9823448255159946_37.4764217699743014
2026-09-04T03:35:30.187978+09:00,삼각지역,삼각지역,POI030,KEY_1,1020014201,한강대로,1020026100,삼각지역10번출구,126.9742878403268662_37.5365230850403009,1020025601,삼각지역교차로,126.9741286309340893_37.5356441095230551,100.0,48.0,원활,126.9741286309340893_37.5356441095230551|126.9742144475380172_37.5358076529602371|126.9742840895532794_37.5360223351451125|126.9743213281359431_37.5362712689839313|126.9742979653557313_37.5364679009623998|126.9742878403268662_37.5365230850403009
2026-09-04T03:35:30.187978+09:00,삼각지역,삼각지역,POI030,KEY_1,1020009302,한강대로,1020025100,삼각지역7번출구,126.9734329393310475_37.5350708801419586,1020025603,삼각지역교차로,126.9739472931050841_37.5356089153529453,75.0,53.0,원활,126.9739472931050841_37.5356089153529453|126.9738394312628174_37.5354850527930566|126.9734329393310475_37.5350708801419586
2026-09-04T03:35:30.187978+09:00,삼각지역,삼각지역,POI030,KEY_1,1020009402,한강대로,1020025602,삼각지역교차로,126.9740601326000160_37.5355487598275559,1020024700,삼각지역7번출구,126.9735399131187421_37.5350043003819138,76.0,39.0,원활,126.9735399131187421_37.5350043003819138|126.9739487928858210_37.5354209040961138|126.9740601326000160_37.5355487598275559
2026-09-04T03:35:30.187978+09:00,삼각지역,삼각지역,POI030,KEY_1,1020011301,이태원로,1020024900,삼각지역13번출구,126.9749769084332343_37.5349767961125238,1020025602,삼각지역교차로,126.9740601326000160_37.5355487598275559,103.0,53.0,원활,126.9740601326000160_37.5355487598275559|126.9743097291953688_37.5353822428393471|126.9749769084332343_37.5349767961125238
2026-09-04T03:35:30.187978+09:00,삼각지역,삼각지역,POI030,KEY_1,1020011302,이태원로,1020172000,용산동1가 8-4,126.9758108129347249_37.5345865931169627,1020024900,삼각지역13번출구,126.9749769084332343_37.5349767961125238,86.0,46.5,원활,126.9749769084332343_37.5349767961125238|126.9752246722463696_37.5348262262511767|126.9755579245992294_37.5346530089152211|126.9756727269330270_37.5346093142588373|126.9758108129347249_37.5345865931169627
2026-09-04T03:35:30.187978+09:00,삼각지역,삼각지역,POI030,KEY_1,1020011401,이태원로,1020025601,삼각지역교차로,126.9741286309340893_37.5356441095230551,1020025200,삼각지역(서울6호선),126.9750592746409410_37.5350627473837051,105.0,10.0,정체,126.9750592746409410_37.5350627473837051|126.9743945507994880_37.5354667021441912|126.9741286309340893_37.5356441095230551
2026-09-04T03:35:30.187978+09:00,삼각지역,삼각지역,POI030,KEY_1,1020012501,백범로,1020037902,삼각지고가차도(동측),126.9728791096191856_37.5359752795594801,1020027102,삼각지고가차도(서측),126.9677288676026876_37.5375445517424211,487.0,47.7,원활,126.9677288676026876_37.5375445517424211|126.9695926562404367_37.5369758898650616|126.9701318143721522_37.5368090819879754|126.9706406142201445_37.5366572882838270|126.9714452222487893_37.5364042044241515|126.9728791096191856_37.5359752795594801
2026-09-04T03:35:30.187978+09:00,삼각지역,삼각지역,POI030,KEY_1,1020012502,백범로,1020025603,삼각지역교차로,126.9739472931050841_37.5356089153529453,1020025800,삼각지역8번출구,126.9732142110164972_37.5358680244183063,71.0,51.5,원활,126.9732142110164972_37.5358680244183063|126.9737037621432734_37.5357113531253859|126.9739472931050841_37.5356089153529453
2026-09-04T03:35:30.187978+09:00,삼각지역,삼각지역,POI030,KEY_1,1020012601,백범로,1020027101,삼각지고가차도(서측),126.9677775911532080_37.5376454699409763,1020037901,삼각지고가차도(동측),126.9729282965810881_37.5360760482562767,487.0,44.0,원활,126.9729282965810881_37.5360760482562767|126.9714940374053072_37.5365050994439287|126.9706893741407754_37.5367582007369904|126.9701802172559724_37.5369100999754153|126.9696415303806987_37.5370767622295958|126.9677775911532080_37.5376454699409763
2026-09-04T03:35:30.187978+09:00,삼각지역,삼각지역,POI030,KEY_1,1020012602,백범로,1020025900,삼각지역9번출구,126.9732648398461947_37.5359683460905913,1020025604,삼각지역교차로,126.9740127329014001_37.5357036653550509,72.0,33.0,원활,126.9740127329014001_37.5357036653550509|126.9737609376188203_37.5358095794168420|126.9732648398461947_37.5359683460905913
2026-09-04T03:35:30.187978+09:00,삼각지역,삼각지역,POI030,KEY_1,1020014101,한강대로,1020025604,삼각지역교차로,126.9740127329014001_37.5357036653550509,1020026300,삼각지역10번출구,126.9741534931197577_37.5365074530867560,92.0,44.0,원활,126.9741534931197577_37.5365074530867560|126.9741631206036629_37.5364549845269977|126.9741847918449622_37.5362725862118936|126.9741503498416080_37.5360423405955430|126.9740854223847748_37.5358421943092253|126.9740127329014001_37.5357036653550509
2026-09-04T03:35:30.187978+09:00,삼각지역,삼각지역,POI030,KEY_1,1020014202,한강대로,1020131600,한강로1가 11-13,126.9741900195763549_37.5369252595219507,1020026100,삼각지역10번출구,126.9742878403268662_37.5365230850403009,45.0,24.0,서행,126.9742878403268662_37.5365230850403009|126.9742659023367821_37.5366426475340518|126.9741900195763549_37.5369252595219507
2026-09-04T03:35:30.187978+09:00,삼각지역,삼각지역,POI030,KEY_1,1020041600,이태원로,1020024900,삼각지역13번출구,126.9749769084332343_37.5349767961125238,1020024700,삼각지역7번출구,126.9735399131187421_37.5350043003819138,133.0,36.0,원활,126.9735399131187421_37.5350043003819138|126.9737871420369544_37.5350683590055922|126.9740745093847494_37.5351141932787655|126.9743259590357241_37.5351428549854020|126.9744936004149025_37.5351390773759803|126.9746804090904675_37.5351124173200219|126.9749769084332343_37.5349767961125238
2026-09-04T03:35:30.187978+09:00,삼각지역,삼각지역,POI030,KEY_1,1020042000,한강대로,1020025100,삼각지역7번출구,126.9734329393310475_37.5350708801419586,1020025800,삼각지역8번출구,126.9732142110164972_37.5358680244183063,99.0,30.0,원활,126.9732142110164972_37.5358680244183063|126.9733594327573485_37.5358059269681803|126.9734228796811522_37.5357567484317087|126.9734612351895180_37.5356518652658693|126.9734828450604738_37.5354935787201356|126.9734805099240447_37.5353238449836439|126.9734329393310475_37.5350708801419586
2026-09-04T03:35:30.187978+09:00,삼각지역,삼각지역,POI030,KEY_1,1020042700,한강대로,1020026100,삼각지역10번출구,126.9742878403268662_37.5365230850403009,1020025200,삼각지역(서울6호선),126.9750592746409410_37.5350627473837051,177.0,29.0,원활,126.9750592746409410_37.5350627473837051|126.9748767335852051_37.5352726571772237|126.9747904745872802_37.5354004160112282|126.9747233793208210_37.5355186435926313|126.9746634608651732_37.5356559432532677|126.9746035202002048_37.5358580851873924|126.9744788894439296_37.5361422194916159|126.9743662656054255_37.5363310006673174|126.9742878403268662_37.5365230850403009
2026-09-04T03:35:30.187978+09:00,삼각지역,삼각지역,POI030,KEY_1,1020043000,백범로,1020025900,삼각지역9번출구,126.9732648398461947_37.5359683460905913,1020026300,삼각지역10번출구,126.9741534931197577_37.5365074530867560,106.0,7.0,정체,126.9741534931197577_37.5365074530867560|126.9740836590516437_37.5363538243993915|126.9739256446785731_37.5362145697140122|126.9738011461972036_37.5361115577945768|126.9736574773157685_37.5360428695899984|126.9734563275352457_37.5359856101105933|126.9732648398461947_37.5359683460905913
2026-09-04T03:35:30.187978+09:00,삼각지역,삼각지역,POI030,KEY_1,1020043101,백범로,1020025800,삼각지역8번출구,126.9732142110164972_37.5358680244183063,1020037902,삼각지고가차도(동측),126.9728791096191856_37.5359752795594801,32.0,43.0,원활,126.9728791096191856_37.5359752795594801|126.9732142110164972_37.5358680244183063
2026-09-04T03:35:30.187978+09:00,삼각지역,삼각지역,POI030,KEY_1,1020043102,백범로99길,1020037902,삼각지고가차도(동측),126.9728791096191856_37.5359752795594801,1020037802,삼각지고가차도,126.9714218863204991_37.5363534364092146,136.0,26.0,원활,126.9714218863204991_37.5363534364092146|126.9726010356899621_37.5360007149303883|126.9728791096191856_37.5359752795594801
2026-09-04T03:35:30.187978+09:00,삼각지역,삼각지역,POI030,KEY_1,1020043201,백범로,1020037901,삼각지고가차도(동측),126.9729282965810881_37.5360760482562767,1020025900,삼각지역9번출구,126.9732648398461947_37.5359683460905913,32.0,42.0,원활,126.9732648398461947_37.5359683460905913|126.9729282965810881_37.5360760482562767
2026-09-04T03:35:30.187978+09:00,삼각지역,삼각지역,POI030,KEY_1,1020043202,백범로99길,1020037801,삼각지고가차도,126.9715173745611594_37.5365558674436173,1020037901,삼각지고가차도(동측),126.9729282965810881_37.5360760482562767,136.0,35.0,원활,126.9729282965810881_37.5360760482562767|126.9726965267358452_37.5362031442635811|126.9715173745611594_37.5365558674436173
2026-09-04T03:35:30.187978+09:00,삼각지역,삼각지역,POI030,KEY_1,1020057501,한강대로,1020058400,한강로1가 228-1,126.9732120555661368_37.5348400238888473,1020025100,삼각지역7번출구,126.9734329393310475_37.5350708801419586,32.0,29.0,원활,126.9734329393310475_37.5350708801419586|126.9732120555661368_37.5348400238888473
2026-09-04T03:35:30.187978+09:00,서울대입구역,서울대입구역,POI031,KEY_2,1200000702,관악로,1200147600,봉천동 1693-29,126.9522246538503936_37.4777352134391819,1200015703,관악구청앞교차로,126.9522377459285281_37.4786693925832921,104.0,45.0,원활,126.9522377459285281_37.4786693925832921|126.9522077157591440_37.4782346145373069|126.9522055955279285_37.4782039175510846|126.9521997038051779_37.4779133486468794|126.9522246538503936_37.4777352134391819
2026-09-04T03:35:30.187978+09:00,서울대입구역,서울대입구역,POI031,KEY_2,1200002501,남부순환로,1200016403,대주빌딩,126.9574913970491110_37.4793760798364062,1200016502,원당초교입구교차로,126.9559402890267705_37.4799879964122979,153.0,35.0,원활,126.9559402890267705_37.4799879964122979|126.9574913970491110_37.4793760798364062
2026-09-04T03:35:30.187978+09:00,서울대입구역,서울대입구역,POI031,KEY_2,1200002601,남부순환로,1200016501,원당초교입구교차로,126.9559206387162646_37.4801163909857848,1200016404,대주빌딩,126.9575515870621558_37.4794729778043134,161.0,30.0,원활,126.9575515870621558_37.4794729778043134|126.9559206387162646_37.4801163909857848
2026-09-04T03:35:30.187978+09:00,서울대입구역,서울대입구역,POI031,KEY_2,1200002904,쑥고개로,1200153800,봉천동 1693-14,126.9487765703259896_37.4791184371890367,1200015904,봉천동 1693-14,126.9505376178615847_37.4789435653166905,157.0,16.0,서행,126.9505376178615847_37.4789435653166905|126.9499023027108819_37.4790066551792052|126.9493012906527269_37.4790663353359861|126.9487765703259896_37.4791184371890367
2026-09-04T03:35:30.187978+09:00,서울대입구역,서울대입구역,POI031,KEY_2,1200002905,쑥고개로,1200133600,봉천동 1693-14,126.9513985522525559_37.4788598121389285,1200015704,관악구청앞교차로,126.9522505906299727_37.4787770665901121,76.0,28.0,원활,126.9522505906299727_37.4787770665901121|126.9513985522525559_37.4788598121389285
2026-09-04T03:35:30.187978+09:00,서울대입구역,서울대입구역,POI031,KEY_2,1200003004,쑥고개로,1200133700,봉천동 1693-14,126.9513821417355217_37.4787524843844011,1200015902,봉천동 1693-14,126.9506555196940241_37.4788230451029918,65.0,8.0,정체,126.9506555196940241_37.4788230451029918|126.9513821417355217_37.4787524843844011
2026-09-04T03:35:30.187978+09:00,서울대입구역,서울대입구역,POI031,KEY_2,1200003301,관악로,1200137200,봉천동 979-2,126.9524878048813292_37.4801951810912044,1200017803,서울대입구역앞교차로,126.9526605547101354_37.4812278801779613,116.0,24.0,서행,126.9526605547101354_37.4812278801779613|126.9525338709949125_37.4804705672934091|126.9524878048813292_37.4801951810912044
2026-09-04T03:35:30.187978+09:00,서울대입구역,서울대입구역,POI031,KEY_2,1200003401,관악로,1200154100,봉천동 979-3,126.9524660705434087_37.4792470168027734,1200015701,관악구청앞교차로,126.9523850704364207_37.4787627796784051,54.0,16.0,서행,126.9523850704364207_37.4787627796784051|126.9524660705434087_37.4792470168027734
2026-09-04T03:35:30.187978+09:00,서울대입구역,서울대입구역,POI031,KEY_2,1200003702,남부순환로,1200016503,원당초교입구교차로,126.9557958253940910_37.4800450576380442,1200017802,서울대입구역앞교차로,126.9527915715378725_37.4811928722608272,295.0,26.0,원활,126.9527915715378725_37.4811928722608272|126.9531845048482381_37.4810807920192062|126.9557958253940910_37.4800450576380442
2026-09-04T03:35:30.187978+09:00,서울대입구역,서울대입구역,POI031,KEY_2,1200003802,남부순환로,1200017801,서울대입구역앞교차로,126.9528230848760160_37.4812987216698303,1200016504,원당초교입구교차로,126.9557714315071593_37.4801755064166073,289.0,18.0,서행,126.9557714315071593_37.4801755064166073|126.9532377759305035_37.4811804349692039|126.9528230848760160_37.4812987216698303
2026-09-04T03:35:30.187978+09:00,서울대입구역,서울대입구역,POI031,KEY_2,1200004300,봉천로,1200125700,봉천동 976-2,126.9539561572800608_37.4817575055817400,1200018502,봉천로사거리,126.9532176156306775_37.4820077732204027,71.0,28.0,원활,126.9532176156306775_37.4820077732204027|126.9539561572800608_37.4817575055817400
2026-09-04T03:35:30.187978+09:00,서울대입구역,서울대입구역,POI031,KEY_2,1200004400,봉천로,1200137100,봉천동 1693-67,126.9558280377526103_37.4805793725063552,1200016501,원당초교입구교차로,126.9559206387162646_37.4801163909857848,52.0,14.0,정체,126.9559206387162646_37.4801163909857848|126.9558280377526103_37.4805793725063552
2026-09-04T03:35:30.187978+09:00,서울대입구역,서울대입구역,POI031,KEY_2,1200004801,남부순환로,1200154700,최소노드배치점,126.9495413094698080_37.4816992764322237,1200017804,서울대입구역앞교차로,126.9526941920900214_37.4813327311166375,282.0,45.0,원활,126.9526941920900214_37.4813327311166375|126.9523071664939522_37.4814260600463669|126.9519781168149848_37.4814732693768704|126.9495413094698080_37.4816992764322237
2026-09-04T03:35:30.187978+09:00,서울대입구역,서울대입구역,POI031,KEY_2,1200004902,관악로,1200017804,서울대입구역앞교차로,126.9526941920900214_37.4813327311166375,1200018503,봉천로사거리,126.9530925534990615_37.4820505395562833,87.0,11.0,정체,126.9530925534990615_37.4820505395562833|126.9528795135001928_37.4817271617772008|126.9526941920900214_37.4813327311166375
2026-09-04T03:35:30.187978+09:00,서울대입구역,서울대입구역,POI031,KEY_2,1200005002,관악로,1200018502,봉천로사거리,126.9532176156306775_37.4820077732204027,1200017801,서울대입구역앞교차로,126.9528230848760160_37.4812987216698303,86.0,18.0,서행,126.9528230848760160_37.4812987216698303|126.9530035917882600_37.4816829031847973|126.9532176156306775_37.4820077732204027
2026-09-04T03:35:30.187978+09:00,서울대입구역,서울대입구역,POI031,KEY_2,1200006701,관악로,1200018504,봉천로사거리,126.9531617530743546_37.4821434849747632,1200019003,봉천동 738-2,126.9542278055383804_37.4833743780636368,166.0,37.0,원활,126.9542278055383804_37.4833743780636368|126.9531617530743546_37.4821434849747632
2026-09-04T03:35:30.187978+09:00,서울대입구역,서울대입구역,POI031,KEY_2,1200006801,관악로,1200019002,봉천동 974,126.9543394692249194_37.4833129616067495,1200018501,봉천로사거리,126.9532896763081737_37.4821008446812698,163.0,45.0,원활,126.9532896763081737_37.4821008446812698|126.9543394692249194_37.4833129616067495
2026-09-04T03:35:30.187978+09:00,서울대입구역,서울대입구역,POI031,KEY_2,1200006802,관악로,1200121600,봉천동 33-2,126.9546356552230151_37.4836649816748775,1200019001,봉천동 738-154,126.9544168536153990_37.4834038021005114,35.0,58.0,원활,126.9544168536153990_37.4834038021005114|126.9546356552230151_37.4836649816748775
2026-09-04T03:35:30.187978+09:00,서울대입구역,서울대입구역,POI031,KEY_2,1200033600,봉천로,1200122300,봉천동 1693-61,126.9558457686856912_37.4796869046605181,1200016503,원당초교입구교차로,126.9557958253940910_37.4800450576380442,40.0,7.0,정체,126.9557958253940910_37.4800450576380442|126.9558457686856912_37.4796869046605181
2026-09-04T03:35:30.187978+09:00,서울대입구역,서울대입구역,POI031,KEY_2,1200033700,봉천로,1200016502,원당초교입구교차로,126.9559402890267705_37.4799879964122979,1200015804,봉천동 1693-44,126.9571670665262957_37.4788983823675323,181.0,14.0,정체,126.9571670665262957_37.4788983823675323|126.9569560237969057_37.4789790350281962|126.9561798226016833_37.4792756654327093|126.9560769612357092_37.4793698475757964|126.9560066912847276_37.4795118087694945|126.9559806097831967_37.4796988466465635|126.9559402890267705_37.4799879964122979
2026-09-04T03:35:30.187978+09:00,서울대입구역,서울대입구역,POI031,KEY_2,1200052501,봉천로,1200018503,봉천로사거리,126.9530925534990615_37.4820505395562833,1200030402,봉천로사거리,126.9527961557603106_37.4821293390019150,28.0,6.0,정체,126.9527961557603106_37.4821293390019150|126.9529247768185485_37.4820983233696552|126.9530331363959448_37.4820706577702865|126.9530925534990615_37.4820505395562833
2026-09-04T03:35:30.187978+09:00,서울대입구역,서울대입구역,POI031,KEY_2,1200052601,봉천로,1200130200,봉천동 976-3,126.9526380490989510_37.4822446203455186,1200018504,봉천로사거리,126.9531617530743546_37.4821434849747632,48.0,15.0,서행,126.9531617530743546_37.4821434849747632|126.9531180383010138_37.4821578064242544|126.9530188720877106_37.4821849513698737|126.9529105767887813_37.4822036041905164|126.9528138385163487_37.4822146288342211|126.9526380490989510_37.4822446203455186
2026-09-04T03:35:30.187978+09:00,서울식물원·마곡나루역,서울식물원·마곡나루역,POI032,KEY_3,1150410500,마곡중앙로,1150142404,마곡동727-816,126.8272918915514538_37.5632453378836573,1150074903,마곡동 761-5,126.8274513442039506_37.5643548917567500,124.0,53.0,원활,126.8274513442039506_37.5643548917567500|126.8272918915514538_37.5632453378836573
2026-09-04T03:35:30.187978+09:00,서울식물원·마곡나루역,서울식물원·마곡나루역,POI032,KEY_3,1150092200,양천로47길,1150043105,가양동 259-16,126.8376787257849969_37.5704831139822559,1150045203,안국물류센터,126.8371828053407455_37.5723976729921745,227.0,14.0,정체,126.8371828053407455_37.5723976729921745|126.8372344178457070_37.5722638296760110|126.8374792508476361_37.5718439420828005|126.8378050738606220_37.5712851487789550|126.8378502494829121_37.5711505545359614|126.8378505078834309_37.5710313650556245|126.8377927438611579_37.5707759880537111|126.8377611633382571_37.5706808457399717|126.8377261330084451_37.5705753099356343|126.8376787257849969_37.5704831139822559
2026-09-04T03:35:30.187978+09:00,서울식물원·마곡나루역,서울식물원·마곡나루역,POI032,KEY_3,1150092300,양천로47길,1150263800,가양동 270-1,126.8378924928257305_37.5706532278373118,1150043102,가양동 272-31,126.8377947178878316_37.5704232539362835,27.0,38.0,원활,126.8377947178878316_37.5704232539362835|126.8378552002995718_37.5705408782778889|126.8378924928257305_37.5706532278373118
2026-09-04T03:35:30.187978+09:00,서울식물원·마곡나루역,서울식물원·마곡나루역,POI032,KEY_3,1150162500,마곡중앙로,1150074904,마곡동 761-5,126.8274669943156709_37.5644625852716132,1150075008,마곡나루역,126.8277833312780558_37.5666128805373489,240.0,53.0,원활,126.8277833312780558_37.5666128805373489|126.8276575183308523_37.5657576833248612|126.8274669943156709_37.5644625852716132
2026-09-04T03:35:30.187978+09:00,서울식물원·마곡나루역,서울식물원·마곡나루역,POI032,KEY_3,1150162600,마곡중앙로,1150075007,마곡나루역,126.8279182372204161_37.5666003050689881,1150074901,마곡동 761-5,126.8276018960349489_37.5644500101354311,240.0,12.0,정체,126.8276018960349489_37.5644500101354311|126.8277924230811209_37.5657451076729956|126.8279182372204161_37.5666003050689881
2026-09-04T03:35:30.187978+09:00,서울식물원·마곡나루역,서울식물원·마곡나루역,POI032,KEY_3,1150345700,마곡중앙5로,1150123803,마곡엠밸리7단지아파트,126.8248194327366463_37.5668890819305616,1150041502,마곡동 736-3,126.8229883663928348_37.5670430646556497,163.0,25.0,원활,126.8229883663928348_37.5670430646556497|126.8240917306121815_37.5669502812011729|126.8248194327366463_37.5668890819305616
2026-09-04T03:35:30.187978+09:00,서울식물원·마곡나루역,서울식물원·마곡나루역,POI032,KEY_3,1150345800,마곡중앙5로,1150213100,마곡동 736-3,126.8241060019915096_37.5670578051764892,1150123804,마곡엠밸리7단지아파트,126.8248353308419922_37.5669964661057989,65.0,15.0,서행,126.8248353308419922_37.5669964661057989|126.8241060019915096_37.5670578051764892
2026-09-04T03:35:30.187978+09:00,서울식물원·마곡나루역,서울식물원·마곡나루역,POI032,KEY_3,1150346100,마곡중앙로,1150123903,마곡동 754-6,126.8250189223362980_37.5683858530446315,1150123702,속성변화점,126.8238655983810474_37.5684135391033465,102.0,6.0,정체,126.8238655983810474_37.5684135391033465|126.8250189223362980_37.5683858530446315
2026-09-04T03:35:30.187978+09:00,서울식물원·마곡나루역,서울식물원·마곡나루역,POI032,KEY_3,1150346200,마곡중앙로,1150123701,속성변화점,126.8238696921612529_37.5685216090925493,1150123904,마곡동 754-6,126.8250332753124354_37.5684936763918387,103.0,21.0,서행,126.8250332753124354_37.5684936763918387|126.8238696921612529_37.5685216090925493
2026-09-04T03:35:30.187978+09:00,서울식물원·마곡나루역,서울식물원·마곡나루역,POI032,KEY_3,1150346700,마곡서로,1150123804,마곡엠밸리7단지아파트,126.8248353308419922_37.5669964661057989,1150123903,마곡동 754-6,126.8250189223362980_37.5683858530446315,155.0,10.0,정체,126.8250189223362980_37.5683858530446315|126.8249800749604077_37.5680918674812148|126.8248353308419922_37.5669964661057989
2026-09-04T03:35:30.187978+09:00,서울식물원·마곡나루역,서울식물원·마곡나루역,POI032,KEY_3,1150346900,마곡서로,1150123902,마곡동 754-6,126.8251545831812592_37.5683788917189787,1150123801,마곡엠밸리7단지아파트,126.8249703595226379_37.5669847444380380,156.0,13.0,정체,126.8249703595226379_37.5669847444380380|126.8251151605168872_37.5680805576273471|126.8251545831812592_37.5683788917189787
2026-09-04T03:35:30.187978+09:00,서울식물원·마곡나루역,서울식물원·마곡나루역,POI032,KEY_3,1150347100,마곡서로,1150123904,마곡동 754-6,126.8250332753124354_37.5684936763918387,1150124003,마곡엠밸리4단지아파트,126.8251683287211193_37.5694996548876929,112.0,8.0,정체,126.8251683287211193_37.5694996548876929|126.8250332753124354_37.5684936763918387
2026-09-04T03:35:30.187978+09:00,서울식물원·마곡나루역,서울식물원·마곡나루역,POI032,KEY_3,1150347400,마곡서로,1150124002,마곡엠밸리4단지아파트,126.8253033927255586_37.5694881665028930,1150123901,마곡동 754-6,126.8251689045653734_37.5684864088936621,112.0,10.0,정체,126.8251689045653734_37.5684864088936621|126.8253033927255586_37.5694881665028930
2026-09-04T03:35:30.187978+09:00,서울식물원·마곡나루역,서울식물원·마곡나루역,POI032,KEY_3,1150348000,마곡중앙5로,1150075008,마곡나루역,126.8277833312780558_37.5666128805373489,1150123802,마곡엠밸리7단지아파트,126.8249544940145910_37.5668773639659790,252.0,23.0,서행,126.8249544940145910_37.5668773639659790|126.8260844492597670_37.5667761890566325|126.8262182438895138_37.5667637598528401|126.8277833312780558_37.5666128805373489
2026-09-04T03:35:30.187978+09:00,서울식물원·마곡나루역,서울식물원·마곡나루역,POI032,KEY_3,1150348100,마곡중앙5로,1150123801,마곡엠밸리7단지아파트,126.8249703595226379_37.5669847444380380,1150124404,두산더랜드타워,126.8260996331955255_37.5668836310497909,100.0,6.0,정체,126.8260996331955255_37.5668836310497909|126.8249703595226379_37.5669847444380380
2026-09-04T03:35:30.187978+09:00,서울식물원·마곡나루역,서울식물원·마곡나루역,POI032,KEY_3,1150348400,마곡중앙로,1150124503,라마다앙코르서울마곡호텔,126.8262696732657275_37.5682885029268263,1150123902,마곡동 754-6,126.8251545831812592_37.5683788917189787,99.0,10.0,정체,126.8251545831812592_37.5683788917189787|126.8262696732657275_37.5682885029268263
2026-09-04T03:35:30.187978+09:00,서울식물원·마곡나루역,서울식물원·마곡나루역,POI032,KEY_3,1150348500,마곡중앙로,1150123901,마곡동 754-6,126.8251689045653734_37.5684864088936621,1150124504,라마다앙코르서울마곡호텔,126.8262834041454568_37.5683960690200394,99.0,15.0,서행,126.8262834041454568_37.5683960690200394|126.8251689045653734_37.5684864088936621
2026-09-04T03:35:30.187978+09:00,서울식물원·마곡나루역,서울식물원·마곡나루역,POI032,KEY_3,1150348900,마곡중앙5로1길,1150246400,마곡동 756-10,126.8261924890039722_37.5676508126898696,1150124503,라마다앙코르서울마곡호텔,126.8262696732657275_37.5682885029268263,71.0,6.0,정체,126.8262696732657275_37.5682885029268263|126.8261924890039722_37.5676508126898696
2026-09-04T03:35:30.187978+09:00,서울식물원·마곡나루역,서울식물원·마곡나루역,POI032,KEY_3,1150349200,마곡중앙5로1길,1150246300,마곡동 760,126.8263276928453962_37.5676404440413449,1150124401,두산더랜드타워,126.8262345744409885_37.5668711008752041,86.0,9.0,정체,126.8262345744409885_37.5668711008752041|126.8263276928453962_37.5676404440413449
2026-09-04T03:35:30.187978+09:00,서울식물원·마곡나루역,서울식물원·마곡나루역,POI032,KEY_3,1150349300,마곡중앙5로1길,1150124504,라마다앙코르서울마곡호텔,126.8262834041454568_37.5683960690200394,1150124603,마곡동 755-11,126.8264179078798719_37.5693978253014009,112.0,9.0,정체,126.8264179078798719_37.5693978253014009|126.8262834041454568_37.5683960690200394
2026-09-04T03:35:30.187978+09:00,서울식물원·마곡나루역,서울식물원·마곡나루역,POI032,KEY_3,1150349500,마곡중앙5로1길,1150124602,마곡동 756-10,126.8265530251150182_37.5693867385103744,1150124501,라마다앙코르서울마곡호텔,126.8264185129404780_37.5683849300273707,112.0,9.0,정체,126.8264185129404780_37.5683849300273707|126.8265530251150182_37.5693867385103744
2026-09-04T03:35:30.187978+09:00,서울식물원·마곡나루역,서울식물원·마곡나루역,POI032,KEY_3,1150350400,마곡중앙5로,1150124401,두산더랜드타워,126.8262345744409885_37.5668711008752041,1150075009,마곡나루역,126.8277994809352833_37.5667203788234190,139.0,21.0,서행,126.8277994809352833_37.5667203788234190|126.8262345744409885_37.5668711008752041
2026-09-04T03:35:30.187978+09:00,서울식물원·마곡나루역,서울식물원·마곡나루역,POI032,KEY_3,1150350500,마곡중앙로,1150125003,마곡동 761-5,126.8280174969957130_37.5681421784926002,1150124502,라마다앙코르서울마곡호텔,126.8264047845530769_37.5682773629179252,143.0,13.0,정체,126.8264047845530769_37.5682773629179252|126.8280174969957130_37.5681421784926002
2026-09-04T03:35:30.187978+09:00,서울식물원·마곡나루역,서울식물원·마곡나루역,POI032,KEY_3,1150350600,마곡중앙로,1150124501,라마다앙코르서울마곡호텔,126.8264185129404780_37.5683849300273707,1150125004,마곡동 761-5,126.8280336731774582_37.5682495397938183,143.0,13.0,정체,126.8280336731774582_37.5682495397938183|126.8264185129404780_37.5683849300273707
2026-09-04T03:35:30.187978+09:00,서울식물원·마곡나루역,서울식물원·마곡나루역,POI032,KEY_3,1150351301,마곡중앙로,1150075004,속성변화점,126.8278972863442249_37.5673582246527644,1150125003,마곡동 761-5,126.8280174969957130_37.5681421784926002,88.0,18.0,서행,126.8280174969957130_37.5681421784926002|126.8279137604504427_37.5674656611974243|126.8278972863442249_37.5673582246527644
2026-09-04T03:35:30.187978+09:00,서울식물원·마곡나루역,서울식물원·마곡나루역,POI032,KEY_3,1150351302,마곡중앙로,1150075009,마곡나루역,126.8277994809352833_37.5667203788234190,1150075004,속성변화점,126.8278972863442249_37.5673582246527644,71.0,9.0,정체,126.8278972863442249_37.5673582246527644|126.8277994809352833_37.5667203788234190
2026-09-04T03:35:30.187978+09:00,서울식물원·마곡나루역,서울식물원·마곡나루역,POI032,KEY_3,1150351401,마곡중앙로,1150075003,마곡나루역(서울9호선),126.8280321112912787_37.5673451255178179,1150075006,마곡나루역,126.8279343028494424_37.5667072797274955,71.0,32.0,원활,126.8279343028494424_37.5667072797274955|126.8280321112912787_37.5673451255178179
2026-09-04T03:35:30.187978+09:00,서울식물원·마곡나루역,서울식물원·마곡나루역,POI032,KEY_3,1150351402,마곡중앙로,1150125002,마곡동 761-5,126.8281529581740017_37.5681331949291035,1150075002,마곡나루역(서울9호선),126.8280485860209836_37.5674525620977136,76.0,9.0,정체,126.8280485860209836_37.5674525620977136|126.8281529581740017_37.5681331949291035
2026-09-04T03:35:30.187978+09:00,서울식물원·마곡나루역,서울식물원·마곡나루역,POI032,KEY_3,1150351500,마곡중앙로,1150125004,마곡동 761-5,126.8280336731774582_37.5682495397938183,1150125103,두산더랜드파크,126.8281818807448644_37.5692514510466609,112.0,18.0,서행,126.8281818807448644_37.5692514510466609|126.8280336731774582_37.5682495397938183
2026-09-04T03:35:30.187978+09:00,서울식물원·마곡나루역,서울식물원·마곡나루역,POI032,KEY_3,1150351600,마곡중앙로,1150125202,마곡동302,126.8287027702962320_37.5718417586160029,1150125001,마곡동 761-5,126.8281691405074696_37.5682407381455761,402.0,18.0,서행,126.8281691405074696_37.5682407381455761|126.8283167811732142_37.5692388078092208|126.8283326812459535_37.5693461624015583|126.8287027702962320_37.5718417586160029
2026-09-04T03:35:30.187978+09:00,서울식물원·마곡나루역,서울식물원·마곡나루역,POI032,KEY_3,1150409100,마곡서로,1150142004,마곡동 767-6,126.8240678285792740_37.5622386186809436,1150142103,마곡동768,126.8242446293254773_37.5633729121217712,127.0,9.0,정체,126.8242446293254773_37.5633729121217712|126.8240678285792740_37.5622386186809436
2026-09-04T03:35:30.187978+09:00,서울식물원·마곡나루역,서울식물원·마곡나루역,POI032,KEY_3,1150409200,마곡서로,1150142102,마곡동768,126.8243794172085614_37.5633595988611333,1150142001,마곡동 767-6,126.8242026491620464_37.5622255252647577,127.0,9.0,정체,126.8242026491620464_37.5622255252647577|126.8243794172085614_37.5633595988611333
2026-09-04T03:35:30.187978+09:00,서울식물원·마곡나루역,서울식물원·마곡나루역,POI032,KEY_3,1150409300,마곡서로,1150142104,마곡동768,126.8242618848687613_37.5634808652541281,1150123803,마곡엠밸리7단지아파트,126.8248194327366463_37.5668890819305616,381.0,12.0,정체,126.8248194327366463_37.5668890819305616|126.8242618848687613_37.5634808652541281
2026-09-04T03:35:30.187978+09:00,서울식물원·마곡나루역,서울식물원·마곡나루역,POI032,KEY_3,1150409400,마곡서로,1150123802,마곡엠밸리7단지아파트,126.8249544940145910_37.5668773639659790,1150142101,마곡동768,126.8243965694592674_37.5634669041434393,382.0,12.0,정체,126.8243965694592674_37.5634669041434393|126.8249544940145910_37.5668773639659790
2026-09-04T03:35:30.187978+09:00,서울식물원·마곡나루역,서울식물원·마곡나루역,POI032,KEY_3,1150409700,마곡중앙로,1150142403,마곡동727-816,126.8272764525622875_37.5631379015638203,1150142102,마곡동768,126.8243794172085614_37.5633595988611333,257.0,31.0,원활,126.8243794172085614_37.5633595988611333|126.8272764525622875_37.5631379015638203
2026-09-04T03:35:30.187978+09:00,서울식물원·마곡나루역,서울식물원·마곡나루역,POI032,KEY_3,1150409800,마곡중앙로,1150142101,마곡동768,126.8243965694592674_37.5634669041434393,1150142404,마곡동727-816,126.8272918915514538_37.5632453378836573,257.0,12.0,정체,126.8272918915514538_37.5632453378836573|126.8243965694592674_37.5634669041434393
2026-09-04T03:35:30.187978+09:00,서울식물원·마곡나루역,서울식물원·마곡나루역,POI032,KEY_3,1150410400,마곡중앙로,1150074902,마곡동 761-5,126.8275862789564741_37.5643426040570887,1150142301,마곡동770,126.8272402866037822_37.5619348890641191,269.0,31.0,원활,126.8272402866037822_37.5619348890641191|126.8274113938616381_37.5631256137476086|126.8274268326666459_37.5632330502435607|126.8275862789564741_37.5643426040570887
2026-09-04T03:35:30.187978+09:00,서울식물원·마곡나루역,서울식물원·마곡나루역,POI032,KEY_3,1150414000,마곡중앙10로,1150277800,마곡동 770-7,126.8288092332455363_37.5642208400664828,1150074902,마곡동 761-5,126.8275862789564741_37.5643426040570887,109.0,9.0,정체,126.8275862789564741_37.5643426040570887|126.8288092332455363_37.5642208400664828
2026-09-04T03:35:30.187978+09:00,서울식물원·마곡나루역,서울식물원·마곡나루역,POI032,KEY_3,1150414200,마곡중앙10로,1150389600,최소노드배치점,126.8307424036753446_37.5641372978135877,1150075304,마곡동 775-3,126.8338828853735123_37.5638245018731780,280.0,29.0,원활,126.8338828853735123_37.5638245018731780|126.8328221540902234_37.5639301616883472|126.8315352584256459_37.5640583366140817|126.8307424036753446_37.5641372978135877
2026-09-04T03:35:30.187978+09:00,서울식물원·마곡나루역,서울식물원·마곡나루역,POI032,KEY_3,1150416301,양천로,1150043108,마곡동55-14,126.8311555988990875_37.5725904146730514,1150075102,마곡나루역,126.8288373206273434_37.5727163496919587,205.0,27.5,원활,126.8288373206273434_37.5727163496919587|126.8296823072899855_37.5726704531005353|126.8299698430472375_37.5726548338152426|126.8311555988990875_37.5725904146730514
2026-09-04T03:35:30.187978+09:00,서울식물원·마곡나루역,서울식물원·마곡나루역,POI032,KEY_3,1150416302,양천로,1150291400,최소노드배치점,126.8347335812000694_37.5720301020831613,1150043107,마곡동55-14,126.8312911970061663_37.5725830471349624,313.0,20.0,서행,126.8312911970061663_37.5725830471349624|126.8313223863605401_37.5725813524673455|126.8319183935554975_37.5725385124495546|126.8329974182405095_37.5724286737315580|126.8338233378188562_37.5723299126639461|126.8341794125019959_37.5722589437952905|126.8344474121661420_37.5721717018549342|126.8347335812000694_37.5720301020831613
2026-09-04T03:35:30.187978+09:00,서울식물원·마곡나루역,서울식물원·마곡나루역,POI032,KEY_3,1150416501,양천로,1150291500,최소노드배치점,126.8348051840946482_37.5721214821432099,1150043105,가양동 259-16,126.8376787257849969_37.5704831139822559,313.0,42.5,원활,126.8376787257849969_37.5704831139822559|126.8361258425969709_37.5712621708563859|126.8357944030930753_37.5714717140547876|126.8353576867366996_37.5717917732486484|126.8348837484222003_37.5720824703133829|126.8348051840946482_37.5721214821432099
2026-09-04T03:35:30.187978+09:00,서울식물원·마곡나루역,서울식물원·마곡나루역,POI032,KEY_3,1150416502,양천로,1150254700,마곡동 60-8,126.8299790922617802_37.5727626902760221,1150043109,마곡동55-14,126.8311648498268056_37.5726982577767430,105.0,23.0,서행,126.8311648498268056_37.5726982577767430|126.8299790922617802_37.5727626902760221
2026-09-04T03:35:30.187978+09:00,서울식물원·마곡나루역,서울식물원·마곡나루역,POI032,KEY_3,1150417100,마곡동로,1150144104,마곡동 775-3,126.8335310636990982_37.5613083368637817,1150075303,마곡동 775-3,126.8338665843508579_37.5637171638409200,269.0,21.0,서행,126.8338665843508579_37.5637171638409200|126.8335310636990982_37.5613083368637817
2026-09-04T03:35:30.187978+09:00,서울식물원·마곡나루역,서울식물원·마곡나루역,POI032,KEY_3,1150417200,마곡동로,1150075302,마곡동 775-3,126.8340015234932139_37.5637048487681895,1150144101,마곡동 775-3,126.8336658955196157_37.5612952760720518,269.0,26.0,원활,126.8336658955196157_37.5612952760720518|126.8340015234932139_37.5637048487681895
2026-09-04T03:35:30.187978+09:00,서울식물원·마곡나루역,서울식물원·마곡나루역,POI032,KEY_3,1150417500,마곡동로,1150075304,마곡동 775-3,126.8338828853735123_37.5638245018731780,1150144203,마곡동780-2,126.8341558464182128_37.5654851502626030,186.0,41.0,원활,126.8341558464182128_37.5654851502626030|126.8338828853735123_37.5638245018731780
2026-09-04T03:35:30.187978+09:00,서울식물원·마곡나루역,서울식물원·마곡나루역,POI032,KEY_3,1150417800,마곡동로,1150144202,마곡동780-2,126.8342905242931806_37.5654711230213820,1150075301,마곡동 775-3,126.8340178433640517_37.5638121990224931,186.0,44.0,원활,126.8340178433640517_37.5638121990224931|126.8342905242931806_37.5654711230213820
2026-09-04T03:35:30.187978+09:00,서울식물원·마곡나루역,서울식물원·마곡나루역,POI032,KEY_3,1150418900,마곡동로,1150144204,마곡동780-2,126.8341734390219244_37.5655923282243478,1150144704,마곡동727-303,126.8354565033221064_37.5685517959434634,357.0,39.0,원활,126.8354565033221064_37.5685517959434634|126.8352352314876015_37.5683818105701022|126.8350821970963977_37.5682462656852252|126.8349214230356523_37.5680805174436756|126.8347977069162766_37.5679212503397295|126.8346746464682013_37.5677272641862245|126.8345733320090289_37.5675234947359442|126.8344739994450094_37.5672325405002852|126.8343694867273541_37.5667883088518053|126.8341734390219244_37.5655923282243478
2026-09-04T03:35:30.187978+09:00,서울식물원·마곡나루역,서울식물원·마곡나루역,POI032,KEY_3,1150419000,마곡동로,1150144703,마곡동727-303,126.8355507947878493_37.5684740291864117,1150144201,마곡동780-2,126.8343081233074940_37.5655783391273630,349.0,17.0,서행,126.8343081233074940_37.5655783391273630|126.8345041723628555_37.5667743196739465|126.8346075025500852_37.5672126182991306|126.8347043867980943_37.5674950807237948|126.8348008665867468_37.5676873195743610|126.8349188940197507_37.5678724174548293|126.8350368758045477_37.5680235593591050|126.8351895951969226_37.5681800709160072|126.8353361855195232_37.5683094763074124|126.8355507947878493_37.5684740291864117
2026-09-04T03:35:30.187978+09:00,서울식물원·마곡나루역,서울식물원·마곡나루역,POI032,KEY_3,1150419100,마곡중앙10로,1150145003,마곡동 788-5,126.8360599704796385_37.5635339917327684,1150075302,마곡동 775-3,126.8340015234932139_37.5637048487681895,183.0,28.0,원활,126.8340015234932139_37.5637048487681895|126.8350297428666948_37.5636195081810484|126.8354050095481540_37.5635883593580431|126.8360599704796385_37.5635339917327684
2026-09-04T03:35:30.187978+09:00,서울식물원·마곡나루역,서울식물원·마곡나루역,POI032,KEY_3,1150419200,마곡중앙10로,1150075301,마곡동 775-3,126.8340178433640517_37.5638121990224931,1150145004,마곡동 788-5,126.8360765905275400_37.5636413182444429,183.0,6.0,정체,126.8360765905275400_37.5636413182444429|126.8354190960058077_37.5636958957994480|126.8350438287640003_37.5637270444474254|126.8340178433640517_37.5638121990224931
2026-09-04T03:35:30.187978+09:00,서울식물원·마곡나루역,서울식물원·마곡나루역,POI032,KEY_3,1150419600,마곡동로6길,1150220800,마곡동 788-2,126.8356276088871226_37.5653457857466435,1150144202,마곡동780-2,126.8342905242931806_37.5654711230213820,119.0,25.0,원활,126.8342905242931806_37.5654711230213820|126.8356276088871226_37.5653457857466435
2026-09-04T03:35:30.187978+09:00,서울식물원·마곡나루역,서울식물원·마곡나루역,POI032,KEY_3,1150419700,마곡동로6길,1150144201,마곡동780-2,126.8343081233074940_37.5655783391273630,1150145104,마곡동781-6,126.8363409857659576_37.5653877748030638,181.0,19.0,서행,126.8363409857659576_37.5653877748030638|126.8356434950057263_37.5654531629459782|126.8343081233074940_37.5655783391273630
2026-09-04T03:35:30.187978+09:00,서울식물원·마곡나루역,서울식물원·마곡나루역,POI032,KEY_3,1150420900,마곡동로,1150145303,마곡동775,126.8368886693610023_37.5696143112132717,1150144702,마곡동727-303,126.8356470133750804_37.5685526720342367,161.0,29.0,원활,126.8356470133750804_37.5685526720342367|126.8366161616912109_37.5693813157480037|126.8368886693610023_37.5696143112132717
2026-09-04T03:35:30.187978+09:00,서울식물원·마곡나루역,서울식물원·마곡나루역,POI032,KEY_3,1150421100,마곡동로8길,1150145703,이랜드글로벌R&D센터,126.8374468311080676_37.5674452354668347,1150144703,마곡동727-303,126.8355507947878493_37.5684740291864117,203.0,36.0,원활,126.8355507947878493_37.5684740291864117|126.8374468311080676_37.5674452354668347
2026-09-04T03:35:30.187978+09:00,서울식물원·마곡나루역,서울식물원·마곡나루역,POI032,KEY_3,1150421400,마곡동로8길,1150144702,마곡동727-303,126.8356470133750804_37.5685526720342367,1150145704,이랜드글로벌R&D센터,126.8375229088581762_37.5675348046934658,201.0,36.0,원활,126.8375229088581762_37.5675348046934658|126.8356470133750804_37.5685526720342367
2026-09-04T03:35:30.187978+09:00,서울식물원·마곡나루역,서울식물원·마곡나루역,POI032,KEY_3,1150423100,마곡동로,1150157000,마곡동 775-3,126.8365167423386737_37.5694549864723797,1150043104,마곡동 775-6,126.8376091778656587_37.5703902011560302,142.0,13.0,정체,126.8376091778656587_37.5703902011560302|126.8368825604932653_37.5697678436687639|126.8367892501556184_37.5696879820584471|126.8365167423386737_37.5694549864723797
2026-09-04T03:35:30.187978+09:00,서울식물원·마곡나루역,서울식물원·마곡나루역,POI032,KEY_3,1150423500,마곡동로,1150043103,마곡동 775-6,126.8377179434827156_37.5703340571605153,1150145302,마곡동775,126.8369816630471973_37.5696945381406238,96.0,21.0,서행,126.8369816630471973_37.5696945381406238|126.8377179434827156_37.5703340571605153
2026-09-04T03:35:30.187978+09:00,서울식물원·마곡나루역,서울식물원·마곡나루역,POI032,KEY_3,1150424300,마곡동로10길,1150146303,마곡동775-2,126.8385308873400419_37.5687062546252193,1150145303,마곡동775,126.8368886693610023_37.5696143112132717,177.0,36.0,원활,126.8368886693610023_37.5696143112132717|126.8385308873400419_37.5687062546252193
2026-09-04T03:35:30.187978+09:00,서울식물원·마곡나루역,서울식물원·마곡나루역,POI032,KEY_3,1150424400,마곡동로10길,1150145302,마곡동775,126.8369816630471973_37.5696945381406238,1150146304,마곡동775-2,126.8386067590957111_37.5687959486371170,175.0,16.0,서행,126.8386067590957111_37.5687959486371170|126.8369816630471973_37.5696945381406238
2026-09-04T03:35:30.187978+09:00,서울식물원·마곡나루역,서울식물원·마곡나루역,POI032,KEY_3,1150425900,양천로,1150146603,양천초등학교앞,126.8392163656429830_37.5695287407597860,1150043103,마곡동 775-6,126.8377179434827156_37.5703340571605153,160.0,51.0,원활,126.8377179434827156_37.5703340571605153|126.8392163656429830_37.5695287407597860
2026-09-04T03:35:30.187978+09:00,서울식물원·마곡나루역,서울식물원·마곡나루역,POI032,KEY_3,1150430900,마곡중앙14로,1150125001,마곡동 761-5,126.8281691405074696_37.5682407381455761,1150148704,마곡동269-3,126.8296786246404082_37.5681690681778733,134.0,9.0,정체,126.8296786246404082_37.5681690681778733|126.8281691405074696_37.5682407381455761
2026-09-04T03:35:30.187978+09:00,서울식물원·마곡나루역,서울식물원·마곡나루역,POI032,KEY_3,1150431000,마곡중앙14로,1150148703,마곡동269-3,126.8296705357492442_37.5680611407837404,1150125002,마곡동 761-5,126.8281529581740017_37.5681331949291035,134.0,22.0,서행,126.8281529581740017_37.5681331949291035|126.8296705357492442_37.5680611407837404
2026-09-04T03:35:30.187978+09:00,서울식물원·마곡나루역,서울식물원·마곡나루역,POI032,KEY_3,1150431500,마곡중앙14로,1150148701,마곡동269-3,126.8298140897098847_37.5681599918400622,1150148904,마곡동272-1,126.8305538015969205_37.5680970716601692,66.0,17.0,서행,126.8305538015969205_37.5680970716601692|126.8298140897098847_37.5681599918400622
2026-09-04T03:35:30.187978+09:00,서울식물원·마곡나루역,서울식물원·마곡나루역,POI032,KEY_3,1150431600,마곡중앙14로,1150148903,마곡동272-1,126.8305344297398563_37.5679899841820983,1150148702,마곡동269-3,126.8297996571735098_37.5680524850471116,65.0,28.0,원활,126.8297996571735098_37.5680524850471116|126.8305344297398563_37.5679899841820983
2026-09-04T03:35:30.187978+09:00,서울역,서울역,POI033,KEY_4,1010000501,소월로2길,1010077600,남대문로5가 824-1,126.9765249826189262_37.5549508284745031,1020036803,남산어린이놀이터앞교차로,126.9765460017274421_37.5551782854136533,25.0,27.0,원활,126.9765460017274421_37.5551782854136533|126.9765254807177541_37.5549586352516300|126.9765249826189262_37.5549508284745031
2026-09-04T03:35:30.187978+09:00,서울역,서울역,POI033,KEY_4,1010000502,소월로2길,1010049700,후암삼거리,126.9764266237509247_37.5533494301722683,1010000313,남대문로5가 490-1,126.9764794024509058_37.5542364381138611,99.0,13.0,정체,126.9764794024509058_37.5542364381138611|126.9764680858715593_37.5540590720134091|126.9764324412455494_37.5535004040168090|126.9764314470447459_37.5534746028640782|126.9764266237509247_37.5533494301722683
2026-09-04T03:35:30.187978+09:00,서울역,서울역,POI033,KEY_4,1010001901,통일로,1010001003,서울역,126.9725590319377915_37.5570177603937765,1010009100,서울역,126.9717121828378907_37.5576314695367799,104.0,33.0,원활,126.9717121828378907_37.5576314695367799|126.9717533352314831_37.5575529097224958|126.9719362038334651_37.5573471349099250|126.9722156056808160_37.5571695450368424|126.9725590319377915_37.5570177603937765
2026-09-04T03:35:30.187978+09:00,서울역,서울역,POI033,KEY_4,1010001902,통일로,1010009100,서울역,126.9717121828378907_37.5576314695367799,1010010202,의주로지하차도(남측),126.9715795465149455_37.5581326310857904,57.0,51.0,원활,126.9715795465149455_37.5581326310857904|126.9716801952437919_37.5576925341671597|126.9717121828378907_37.5576314695367799
2026-09-04T03:35:30.187978+09:00,서울역,서울역,POI033,KEY_4,1010001903,통일로,1010010202,의주로지하차도(남측),126.9715795465149455_37.5581326310857904,1010012103,염천교앞교차로,126.9712395112075001_37.5595497858304483,161.0,41.0,원활,126.9712395112075001_37.5595497858304483|126.9712786050966145_37.5593746817197243|126.9714493678720544_37.5584607787226332|126.9714752285433832_37.5583228393018231|126.9715795465149455_37.5581326310857904
2026-09-04T03:35:30.187978+09:00,서울역,서울역,POI033,KEY_4,1010002001,통일로,1010009300,서울역,126.9718375318289674_37.5576730841303998,1010001004,서울역,126.9725768217156627_37.5571335615094881,91.0,26.0,원활,126.9725768217156627_37.5571335615094881|126.9722914624442751_37.5572596833207513|126.9720359689673757_37.5574220765078550|126.9718728932392793_37.5576055781302927|126.9718375318289674_37.5576730841303998
2026-09-04T03:35:30.187978+09:00,서울역,서울역,POI033,KEY_4,1010002002,통일로,1010010201,의주로지하차도(남측),126.9717135157052326_37.5581502975144517,1010009300,서울역,126.9718375318289674_37.5576730841303998,54.0,51.0,원활,126.9718375318289674_37.5576730841303998|126.9718111845805169_37.5577233823227346|126.9717135157052326_37.5581502975144517
2026-09-04T03:35:30.187978+09:00,서울역,서울역,POI033,KEY_4,1010002003,통일로,1010009802,청암빌딩,126.9717279554252372_37.5584396963817682,1010010201,의주로지하차도(남측),126.9717135157052326_37.5581502975144517,32.0,6.0,정체,126.9717135157052326_37.5581502975144517|126.9717438786689598_37.5583547587673294|126.9717279554252372_37.5584396963817682
2026-09-04T03:35:30.187978+09:00,서울역,서울역,POI033,KEY_4,1010002004,통일로,1010012102,염천교앞교차로,126.9715109934232657_37.5595695154306881,1010009801,청암빌딩,126.9717079416461587_37.5585466375375603,115.0,6.0,정체,126.9717079416461587_37.5585466375375603|126.9715467147326677_37.5594095152096656|126.9715109934232657_37.5595695154306881
2026-09-04T03:35:30.187978+09:00,서울역,서울역,POI033,KEY_4,1010002301,소월로,1010155400,최소노드배치점,126.9760533414636114_37.5582497344554369,1010013803,숭례문앞교차로,126.9755809845113532_37.5605189064983307,262.0,25.0,원활,126.9755809845113532_37.5605189064983307|126.9757337889885065_37.5603525891795087|126.9757984686316661_37.5601874326070444|126.9757969708594061_37.5599997077910714|126.9757198667068110_37.5593373627741514|126.9757048763582503_37.5591937029204388|126.9757309859065373_37.5590497713064551|126.9757785893644524_37.5588840435687814|126.9759074328705282_37.5585745471584289|126.9759297486065890_37.5585209420058632|126.9759522152383795_37.5584716422248093|126.9760533414636114_37.5582497344554369
2026-09-04T03:35:30.187978+09:00,서울역,서울역,POI033,KEY_4,1010002506,퇴계로,1010008102,서울역,126.9739254787072014_37.5566063926840243,1010036102,속성변화점,126.9744607168154147_37.5567608633366703,51.0,12.0,정체,126.9744607168154147_37.5567608633366703|126.9743391734486693_37.5567116927890936|126.9742235732120292_37.5566711695761555|126.9739254787072014_37.5566063926840243
2026-09-04T03:35:30.187978+09:00,서울역,서울역,POI033,KEY_4,1010002507,퇴계로,1010036102,속성변화점,126.9744607168154147_37.5567608633366703,1010008802,서울역고가차도(동측),126.9757153290362908_37.5572684121082503,124.0,21.0,서행,126.9757153290362908_37.5572684121082503|126.9744607168154147_37.5567608633366703
2026-09-04T03:35:30.187978+09:00,서울역,서울역,POI033,KEY_4,1010002604,퇴계로,1010008101,서울역,126.9740073233546838_37.5564831416643941,1010036000,서울역(서울1호선),126.9728469457788407_37.5551689665811139,188.0,38.0,원활,126.9728469457788407_37.5551689665811139|126.9730354728597064_37.5557211852762123|126.9732094536090869_37.5559776848255495|126.9733963265082224_37.5561726380715371|126.9735767550837409_37.5562906524971751|126.9737770809038864_37.5564006548910712|126.9740073233546838_37.5564831416643941
2026-09-04T03:35:30.187978+09:00,서울역,서울역,POI033,KEY_4,1010002605,퇴계로,1010036101,속성변화점,126.9745222423205888_37.5566644754830179,1010008101,서울역,126.9740073233546838_37.5564831416643941,50.0,39.0,원활,126.9740073233546838_37.5564831416643941|126.9742734196230174_37.5565705056965129|126.9743973461574740_37.5566139480968246|126.9745222423205888_37.5566644754830179
2026-09-04T03:35:30.187978+09:00,서울역,서울역,POI033,KEY_4,1010002606,퇴계로,1010008801,서울역고가차도(동측),126.9757762804091783_37.5571717943319854,1010036101,속성변화점,126.9745222423205888_37.5566644754830179,124.0,48.0,원활,126.9745222423205888_37.5566644754830179|126.9757762804091783_37.5571717943319854
2026-09-04T03:35:30.187978+09:00,서울역,서울역,POI033,KEY_4,1010002607,퇴계로,1010088200,남대문로5가 292,126.9762491190694220_37.5573586199649654,1010008801,서울역고가차도(동측),126.9757762804091783_37.5571717943319854,47.0,28.0,원활,126.9757762804091783_37.5571717943319854|126.9762491190694220_37.5573586199649654
2026-09-04T03:35:30.187978+09:00,서울역,서울역,POI033,KEY_4,1010002901,세종대로,1010001004,서울역,126.9725768217156627_37.5571335615094881,1010009400,서울역3번출구,126.9729047212582458_37.5576301040073588,63.0,23.0,서행,126.9729047212582458_37.5576301040073588|126.9726802932207335_37.5573569212650042|126.9725966053711232_37.5572076931080829|126.9725768217156627_37.5571335615094881
2026-09-04T03:35:30.187978+09:00,서울역,서울역,POI033,KEY_4,1010002902,세종대로,1010088000,남대문로5가 84-15,126.9732159812998304_37.5579784751034964,1010011400,숭례문학당,126.9742665437086799_37.5591522019033732,160.0,22.0,서행,126.9742665437086799_37.5591522019033732|126.9738617088002712_37.5586999110099455|126.9732159812998304_37.5579784751034964
2026-09-04T03:35:30.187978+09:00,서울역,서울역,POI033,KEY_4,1010002903,세종대로,1010011400,숭례문학당,126.9742665437086799_37.5591522019033732,1010015502,숭례문앞,126.9748954449175216_37.5603663160010157,148.0,42.0,원활,126.9748954449175216_37.5603663160010157|126.9748468953437168_37.5603089259620049|126.9746855723265071_37.5601208840657534|126.9746137545376854_37.5599415792683970|126.9745483394273009_37.5596299211490319|126.9744734144699265_37.5594109852280340|126.9742665437086799_37.5591522019033732
2026-09-04T03:35:30.187978+09:00,서울역,서울역,POI033,KEY_4,1010003001,세종대로,1010008700,서울역4번출구,126.9730184115597211_37.5575709588477622,1010001001,서울역,126.9727010153384299_37.5570786706198803,62.0,18.0,서행,126.9727010153384299_37.5570786706198803|126.9727264690063038_37.5571740475001192|126.9727998873353840_37.5573049631326796|126.9730184115597211_37.5575709588477622
2026-09-04T03:35:30.187978+09:00,서울역,서울역,POI033,KEY_4,1010003002,세종대로,1010087900,남대문로5가 84-15,126.9733265878310959_37.5579157333092937,1010008700,서울역4번출구,126.9730184115597211_37.5575709588477622,47.0,19.0,서행,126.9730184115597211_37.5575709588477622|126.9730229219266846_37.5575764586648120|126.9733265878310959_37.5579157333092937
2026-09-04T03:35:30.187978+09:00,서울역,서울역,POI033,KEY_4,1010023400,세종대로,1010008700,서울역4번출구,126.9730184115597211_37.5575709588477622,1010008102,서울역,126.9739254787072014_37.5566063926840243,162.0,18.0,서행,126.9739254787072014_37.5566063926840243|126.9737622051817567_37.5566040860006964|126.9735713010116314_37.5566308625134724|126.9734365333165442_37.5566814899503854|126.9732830443898450_37.5567499923911043|126.9731407651332091_37.5568691548601450|126.9730396577194114_37.5569942857603749|126.9729647480841948_37.5571283631696460|126.9729384960857459_37.5572684108869552|126.9729459298956016_37.5574144255147857|126.9730184115597211_37.5575709588477622
2026-09-04T03:35:30.187978+09:00,서울역,서울역,POI033,KEY_4,1010023700,통일로,1010035900,서울역,126.9726382859721099_37.5561301693119631,1010009100,서울역,126.9717121828378907_37.5576314695367799,188.0,13.0,정체,126.9717121828378907_37.5576314695367799|126.9717381577070796_37.5575423806400934|126.9718724015783806_37.5573509120254982|126.9719768608054409_37.5572093343208309|126.9722404703145457_37.5569471676151210|126.9723782873772677_37.5567517213420103|126.9726382859721099_37.5561301693119631
2026-09-04T03:35:30.187978+09:00,서울역,서울역,POI033,KEY_4,1010024000,통일로,1010009300,서울역,126.9718375318289674_37.5576730841303998,1010009400,서울역3번출구,126.9729047212582458_37.5576301040073588,102.0,41.0,원활,126.9729047212582458_37.5576301040073588|126.9725548679935372_37.5575079038318833|126.9723512460599437_37.5575030882471950|126.9722194858867397_37.5575125925735875|126.9720340632495663_37.5575548632373852|126.9718375318289674_37.5576730841303998
2026-09-04T03:35:30.187978+09:00,서울역,서울역,POI033,KEY_4,1010025000,세종대로5길,1010009801,청암빌딩,126.9717079416461587_37.5585466375375603,1010012202,숭례문학당,126.9742748764175104_37.5595190981504885,256.0,14.0,정체,126.9742748764175104_37.5595190981504885|126.9738902974027042_37.5594176881754152|126.9732580878187207_37.5590467827891743|126.9725988537744144_37.5587016101154347|126.9723765861687639_37.5586285243969087|126.9717079416461587_37.5585466375375603
2026-09-04T03:35:30.187978+09:00,서울역,서울역,POI033,KEY_4,1010025700,세종대로,1010011400,숭례문학당,126.9742665437086799_37.5591522019033732,1010012201,숭례문학당,126.9742810386167378_37.5594068263078924,28.0,16.0,서행,126.9742810386167378_37.5594068263078924|126.9742665437086799_37.5591522019033732
2026-09-04T03:35:30.187978+09:00,서울역,서울역,POI033,KEY_4,1010025900,통일로,1010015801,의주로지하차도,126.9705766693740969_37.5608929272020475,1010010201,의주로지하차도(남측),126.9717135157052326_37.5581502975144517,326.0,54.0,원활,126.9717135157052326_37.5581502975144517|126.9716508619000876_37.5584846919861022|126.9714796864512891_37.5594008071192960|126.9714288668962752_37.5596284362280457|126.9713406022852240_37.5598094854925790|126.9712395311263293_37.5599958456464336|126.9705766693740969_37.5608929272020475
2026-09-04T03:35:30.187978+09:00,서울역,서울역,POI033,KEY_4,1010026600,세종대로,1010012202,숭례문학당,126.9742748764175104_37.5595190981504885,1010013502,속성변화점,126.9740489449279721_37.5597823376631155,38.0,15.0,서행,126.9740489449279721_37.5597823376631155|126.9741150100377496_37.5597678403268418|126.9741805117776181_37.5597165730551339|126.9742464328148515_37.5595997767984215|126.9742747291389691_37.5595199465246452|126.9742748764175104_37.5595190981504885
2026-09-04T03:35:30.187978+09:00,서울역,서울역,POI033,KEY_4,1010053600,한강대로,1010001002,서울역,126.9727007782336159_37.5569551120884242,1010036000,서울역(서울1호선),126.9728469457788407_37.5551689665811139,199.0,28.0,원활,126.9728469457788407_37.5551689665811139|126.9727738506837085_37.5561366589997760|126.9727007782336159_37.5569551120884242
2026-09-04T03:35:30.187978+09:00,서울역,서울역,POI033,KEY_4,1010054200,한강대로,1010035900,서울역,126.9726382859721099_37.5561301693119631,1010001003,서울역,126.9725590319377915_37.5570177603937765,99.0,33.0,원활,126.9725590319377915_37.5570177603937765|126.9726382859721099_37.5561301693119631
2026-09-04T03:35:30.187978+09:00,서울역,서울역,POI033,KEY_4,1020020904,한강대로,1020203900,최소노드배치점,126.9722876759107919_37.5518756720325513,1020006103,서울역앞교차로,126.9727381744143457_37.5541261601478666,253.0,51.0,원활,126.9727381744143457_37.5541261601478666|126.9727229068416534_37.5538935459301157|126.9726784214511497_37.5535312047517351|126.9726256427587145_37.5532355904220339|126.9725178599615276_37.5528309803471814|126.9722876759107919_37.5518756720325513
2026-09-04T03:35:30.187978+09:00,서울역,서울역,POI033,KEY_4,1020021002,한강대로,1020035400,서울역,126.9727592898207575_37.5532167445227429,1020034701,SR타임스,126.9720743182236049_37.5504162783518467,317.0,20.0,서행,126.9720743182236049_37.5504162783518467|126.9724210456315205_37.5518553022977031|126.9726509821565941_37.5528095774144859|126.9727592898207575_37.5532167445227429
2026-09-04T03:35:30.187978+09:00,서울역,서울역,POI033,KEY_4,1020021003,한강대로,1020006102,서울역앞교차로,126.9728719437852220_37.5540923073772603,1020035400,서울역,126.9727592898207575_37.5532167445227429,98.0,37.0,원활,126.9727592898207575_37.5532167445227429|126.9728132891065684_37.5535183101659840|126.9728583675455553_37.5538854618583358|126.9728719437852220_37.5540923073772603
2026-09-04T03:35:30.187978+09:00,서울역,서울역,POI033,KEY_4,1020022101,후암로,1020035600,서울역,126.9737199051955514_37.5538379912663061,1020006102,서울역앞교차로,126.9728719437852220_37.5540923073772603,80.0,18.0,서행,126.9728719437852220_37.5540923073772603|126.9735274346848541_37.5539264208546015|126.9737199051955514_37.5538379912663061
2026-09-04T03:35:30.187978+09:00,서울역,서울역,POI033,KEY_4,1020022104,후암로,1010000309,LG이노텍본사,126.9752027764478157_37.5534823331146370,1020035503,서울역,126.9741607668503036_37.5536489517180243,94.0,16.0,서행,126.9741607668503036_37.5536489517180243|126.9743753771546579_37.5535781623073959|126.9752027764478157_37.5534823331146370
2026-09-04T03:35:30.187978+09:00,서울역,서울역,POI033,KEY_4,1020022105,후암로,1010000305,후암삼거리,126.9764773617211802_37.5529546135781587,1010000308,LG이노텍본사,126.9753152099327735_37.5534675492286354,119.0,16.0,서행,126.9753152099327735_37.5534675492286354|126.9756306217603310_37.5533867074038383|126.9759065341277875_37.5532885038937039|126.9762800978454038_37.5530903392528472|126.9764773617211802_37.5529546135781587
2026-09-04T03:35:30.187978+09:00,서울역,서울역,POI033,KEY_4,1020022202,후암로,1020006101,서울역앞교차로,126.9728775006100676_37.5542043509851950,1020035501,서울역,126.9740888409367727_37.5537933166131026,117.0,6.0,정체,126.9740888409367727_37.5537933166131026|126.9737877851355989_37.5539316362506170|126.9735825829031910_37.5540259150812474|126.9728775006100676_37.5542043509851950
2026-09-04T03:35:30.187978+09:00,서울역,서울역,POI033,KEY_4,1020022204,후암로,1010000307,LG이노텍본사,126.9753568263294028_37.5535704670573551,1010000306,후암삼거리,126.9764434852530570_37.5531208228510494,109.0,30.0,원활,126.9764434852530570_37.5531208228510494|126.9763624695380884_37.5531765650602836|126.9759723584350724_37.5533835077186069|126.9756792883205350_37.5534878184159808|126.9753568263294028_37.5535704670573551
2026-09-04T03:35:30.187978+09:00,서울역,서울역,POI033,KEY_4,1020022205,후암로,1020035502,서울역,126.9742127476792319_37.5537488377428588,1010000310,LG이노텍본사,126.9752223276996546_37.5535893271465042,91.0,16.0,서행,126.9752223276996546_37.5535893271465042|126.9744116995333343_37.5536832130246765|126.9742127476792319_37.5537488377428588
2026-09-04T03:35:30.187978+09:00,서울역,서울역,POI033,KEY_4,1020022705,소월로,1010109800,남대문로5가 431,126.9765972619878767_37.5555182701131471,1010000704,도동삼거리,126.9768636563198214_37.5560052120861414,59.0,30.0,원활,126.9768636563198214_37.5560052120861414|126.9768061889182320_37.5559210408862967|126.9767141186498520_37.5557820754249434|126.9766585950972626_37.5556855676206496|126.9765972619878767_37.5555182701131471
2026-09-04T03:35:30.187978+09:00,서울역,서울역,POI033,KEY_4,1020022901,한강대로,1020006104,서울역앞교차로,126.9727424266385611_37.5542385337162727,1010035900,서울역,126.9726382859721099_37.5561301693119631,210.0,46.0,원활,126.9726382859721099_37.5561301693119631|126.9727113828136709_37.5551624769767898|126.9727511726894420_37.5546357106512687|126.9727424266385611_37.5542385337162727
2026-09-04T03:35:30.187978+09:00,서울역,서울역,POI033,KEY_4,1020023001,한강대로,1010036000,서울역(서울1호선),126.9728469457788407_37.5551689665811139,1020006101,서울역앞교차로,126.9728775006100676_37.5542043509851950,107.0,21.0,서행,126.9728775006100676_37.5542043509851950|126.9728870508398302_37.5546380115442062|126.9728469457788407_37.5551689665811139
2026-09-04T03:35:30.187978+09:00,서울역,서울역,POI033,KEY_4,1020050600,후암로,1020035600,서울역,126.9737199051955514_37.5538379912663061,1020035400,서울역,126.9727592898207575_37.5532167445227429,115.0,28.0,원활,126.9727592898207575_37.5532167445227429|126.9729413557275279_37.5534694514369036|126.9731097388656735_37.5535976235205595|126.9732594214425347_37.5536900341256157|126.9734053703012080_37.5537586041957994|126.9735615769517239_37.5538343924740516|126.9737199051955514_37.5538379912663061
2026-09-04T03:35:30.187978+09:00,선릉역,선릉역,POI034,KEY_1,1220025803,선릉로,1220382800,역삼동 802-31,127.0494800504940969_37.5033567751413273,1220035503,선릉역(서울2호선),127.0493398594145731_37.5036589428028151,36.0,15.0,서행,127.0493398594145731_37.5036589428028151|127.0494800504940969_37.5033567751413273
2026-09-04T03:35:30.187978+09:00,선릉역,선릉역,POI034,KEY_1,1220025804,선릉로,1220035504,선릉역(서울2호선),127.0492928042660310_37.5037603648988949,1220035903,선릉역사거리,127.0489874547452303_37.5044185049200891,78.0,32.0,원활,127.0489874547452303_37.5044185049200891|127.0492474271719345_37.5038581699360591|127.0492928042660310_37.5037603648988949
2026-09-04T03:35:30.187978+09:00,선릉역,선릉역,POI034,KEY_1,1220025903,선릉로,1220358000,대치동 1011-17,127.0493747245042755_37.5038956551044578,1220034601,진선여고,127.0497736298861042_37.5030358485243909,102.0,37.0,원활,127.0497736298861042_37.5030358485243909|127.0496073469251996_37.5033942600096850|127.0494671565548828_37.5036964278532707|127.0494201015183222_37.5037978500803462|127.0493747245042755_37.5038956551044578
2026-09-04T03:35:30.187978+09:00,선릉역,선릉역,POI034,KEY_1,1220026002,테헤란로,1220034906,블랙베리박물관,127.0443627780408065_37.5031471670482617,1220035704,역삼동 804,127.0471173294836689_37.5039936601345545,261.0,40.0,원활,127.0471173294836689_37.5039936601345545|127.0443627780408065_37.5031471670482617
2026-09-04T03:35:30.187978+09:00,선릉역,선릉역,POI034,KEY_1,1220026003,테헤란로,1220035701,역삼동 804,127.0472444652040593_37.5040315100491171,1220035904,선릉역사거리,127.0489401518829737_37.5045198504901336,159.0,35.0,원활,127.0489401518829737_37.5045198504901336|127.0472444652040593_37.5040315100491171
2026-09-04T03:35:30.187978+09:00,선릉역,선릉역,POI034,KEY_1,1220026004,테헤란로,1220034102,르네상스호텔교차로,127.0436867528111975_37.5029433037034892,1220034909,블랙베리박물관,127.0442359817900950_37.5031085999901350,52.0,38.0,원활,127.0442359817900950_37.5031085999901350|127.0436867528111975_37.5029433037034892
2026-09-04T03:35:30.187978+09:00,선릉역,선릉역,POI034,KEY_1,1220026005,테헤란로,1220034106,르네상스호텔사거리,127.0428318796063962_37.5026860140694112,1220034105,르네상스호텔교차로,127.0435597867368074_37.5029050914540534,69.0,34.0,원활,127.0435597867368074_37.5029050914540534|127.0428318796063962_37.5026860140694112
2026-09-04T03:35:30.187978+09:00,선릉역,선릉역,POI034,KEY_1,1220026102,테헤란로,1220035703,역삼동 804,127.0471670915627840_37.5038930671752482,1220034907,블랙베리박물관,127.0444223112660467_37.5030495771580661,260.0,30.0,원활,127.0444223112660467_37.5030495771580661|127.0471670915627840_37.5038930671752482
2026-09-04T03:35:30.187978+09:00,선릉역,선릉역,POI034,KEY_1,1220026103,테헤란로,1220035903,선릉역사거리,127.0489874547452303_37.5044185049200891,1220035702,역삼동 804,127.0472942790560325_37.5039308877385196,159.0,13.0,정체,127.0472942790560325_37.5039308877385196|127.0489874547452303_37.5044185049200891
2026-09-04T03:35:30.187978+09:00,선릉역,선릉역,POI034,KEY_1,1220026801,테헤란로,1220035901,선릉역사거리,127.0490667656896164_37.5045587941768233,1220036304,월간부동산경제,127.0507097058413279_37.5050961507753726,157.0,41.0,원활,127.0507097058413279_37.5050961507753726|127.0490667656896164_37.5045587941768233
2026-09-04T03:35:30.187978+09:00,선릉역,선릉역,POI034,KEY_1,1220026802,테헤란로,1220036301,월간부동산경제,127.0508357905731600_37.5051361926111113,1220036804,KTF타워,127.0528495126162909_37.5057573699263784,191.0,43.0,원활,127.0528495126162909_37.5057573699263784|127.0508357905731600_37.5051361926111113
2026-09-04T03:35:30.187978+09:00,선릉역,선릉역,POI034,KEY_1,1220026804,테헤란로,1220036801,KTF타워,127.0529760573716800_37.5057964677758875,1220037405,포스코사거리,127.0565476506724707_37.5068995560620664,339.0,39.0,원활,127.0565476506724707_37.5068995560620664|127.0551245320578602_37.5064612571662650|127.0549977448848864_37.5064221165811134|127.0529760573716800_37.5057964677758875
2026-09-04T03:35:30.187978+09:00,선릉역,선릉역,POI034,KEY_1,1220026901,테헤란로,1220036303,월간부동산경제,127.0507602689269504_37.5049958100575296,1220035902,선릉역사거리,127.0491140994473085_37.5044573976487072,157.0,24.0,서행,127.0491140994473085_37.5044573976487072|127.0507602689269504_37.5049958100575296
2026-09-04T03:35:30.187978+09:00,선릉역,선릉역,POI034,KEY_1,1220026902,테헤란로,1220037203,포스코미술관,127.0550468873825025_37.5063213325861398,1220036302,월간부동산경제,127.0508863665850328_37.5050358511375421,395.0,29.0,원활,127.0508863665850328_37.5050358511375421|127.0528985165621947_37.5056565437127531|127.0530252017615993_37.5056956853289023|127.0550468873825025_37.5063213325861398
2026-09-04T03:35:30.187978+09:00,선릉역,선릉역,POI034,KEY_1,1220026904,테헤란로,1220037404,포스코사거리,127.0566007053227366_37.5067999758815986,1220037202,포스코미술관,127.0551734722876205_37.5063604107458772,135.0,25.0,원활,127.0551734722876205_37.5063604107458772|127.0566007053227366_37.5067999758815986
2026-09-04T03:35:30.187978+09:00,선릉역,선릉역,POI034,KEY_1,1220027601,선릉로,1220358300,역삼동 802-31,127.0486586538320637_37.5051194262060719,1220036703,선릉역(수인분당선),127.0484330543986573_37.5055999334302470,57.0,18.0,서행,127.0484330543986573_37.5055999334302470|127.0486078996825796_37.5052275287191392|127.0486586538320637_37.5051194262060719
2026-09-04T03:35:30.187978+09:00,선릉역,선릉역,POI034,KEY_1,1220027602,선릉로,1220448000,역삼동 802-21,127.0472703648739241_37.5068578058261082,1220037903,선릉공원,127.0470897828734138_37.5069674641184108,20.0,46.7,원활,127.0470897828734138_37.5069674641184108|127.0472703648739241_37.5068578058261082
2026-09-04T03:35:30.187978+09:00,선릉역,선릉역,POI034,KEY_1,1220027603,선릉로,1220370100,역삼동 802-3,127.0440604841689805_37.5095866488481064,1220041803,선정릉역사거리,127.0438262673777103_37.5102164759167138,73.0,41.0,원활,127.0438262673777103_37.5102164759167138|127.0440604841689805_37.5095866488481064
2026-09-04T03:35:30.187978+09:00,선릉역,선릉역,POI034,KEY_1,1220027701,선릉로,1220303700,삼성동 111-114,127.0487350154241852_37.5052654063889435,1220035901,선릉역사거리,127.0490667656896164_37.5045587941768233,84.0,39.0,원활,127.0490667656896164_37.5045587941768233|127.0487857693820217_37.5051573038117922|127.0487350154241852_37.5052654063889435
2026-09-04T03:35:30.187978+09:00,선릉역,선릉역,POI034,KEY_1,1220027702,선릉로,1220374600,삼성동 111-114,127.0483605484462402_37.5060104032975730,1220036701,선릉역(수인분당선),127.0485078851592107_37.5057410376844658,33.0,47.7,원활,127.0485078851592107_37.5057410376844658|127.0483605484462402_37.5060104032975730
2026-09-04T03:35:30.187978+09:00,선릉역,선릉역,POI034,KEY_1,1220027703,선릉로,1220365800,삼성동 111-114,127.0443282632564745_37.5092606516299512,1220037901,선릉공원,127.0469965891165742_37.5071602068898287,337.0,29.0,원활,127.0469965891165742_37.5071602068898287|127.0457652914226543_37.5079213112726038|127.0457315935512526_37.5079411118796386|127.0453123945694074_37.5081874282568322|127.0450551787726425_37.5083692241713393|127.0448383445246918_37.5085748402795289|127.0446727771421109_37.5087520328191388|127.0446145508118008_37.5088143472007260|127.0444273773029806_37.5090709040483858|127.0443282632564745_37.5092606516299512
2026-09-04T03:35:30.187978+09:00,선릉역,선릉역,POI034,KEY_1,1220029003,봉은사로,1220334600,논현동 279-165,127.0429218607902868_37.5100587666423735,1220041804,선정릉역사거리,127.0437875852603753_37.5103204253317628,82.0,19.0,서행,127.0437875852603753_37.5103204253317628|127.0432838786139769_37.5101681847940256|127.0429218607902868_37.5100587666423735
2026-09-04T03:35:30.187978+09:00,선릉역,선릉역,POI034,KEY_1,1220030101,봉은사로,1220266300,삼성동 111-147,127.0456546467774217_37.5107534974710006,1220041802,선정릉역사거리,127.0439536961437739_37.5102544648311351,160.0,28.0,원활,127.0439536961437739_37.5102544648311351|127.0456546467774217_37.5107534974710006
2026-09-04T03:35:30.187978+09:00,선릉역,선릉역,POI034,KEY_1,1220031101,선릉로,1220264300,삼성동 111-114,127.0436559026359049_37.5110541949156300,1220041801,선정릉역사거리,127.0439150377636111_37.5103583429885745,81.0,42.0,원활,127.0439150377636111_37.5103583429885745|127.0436559026359049_37.5110541949156300
2026-09-04T03:35:30.187978+09:00,선릉역,선릉역,POI034,KEY_1,1220066400,선릉로85길,1220033802,역삼동 709-6,127.0449918128137057_37.5022563458516913,1220034404,진선여자고등학교,127.0485994425350498_37.5026948948454901,353.0,16.0,서행,127.0485994425350498_37.5026948948454901|127.0458864169672921_37.5018168749480054|127.0458443373064910_37.5018129468389816|127.0458437108576959_37.5018128883602913|127.0450049324684585_37.5022506870223040|127.0449918128137057_37.5022563458516913
2026-09-04T03:35:30.187978+09:00,선릉역,선릉역,POI034,KEY_1,1220066900,언주로86길,1220034503,진선여자중학교,127.0476253937541600_37.5029148927015115,1220033802,역삼동 709-6,127.0449918128137057_37.5022563458516913,244.0,40.0,원활,127.0449918128137057_37.5022563458516913|127.0450373398494150_37.5022704805788649|127.0460858483811535_37.5025342023920842|127.0461241747767502_37.5025440418957388|127.0465088357584165_37.5026427947566461|127.0471586361461931_37.5028096126219666|127.0475001726865116_37.5028972907328964|127.0476253937541600_37.5029148927015115
2026-09-04T03:35:30.187978+09:00,선릉역,선릉역,POI034,KEY_1,1220067000,언주로86길,1220033801,역삼동 707-12,127.0448489661988987_37.5023280363648013,1220034504,진선여자중학교,127.0476018129394333_37.5030213687362988,255.0,36.0,원활,127.0476018129394333_37.5030213687362988|127.0474674171433094_37.5030024773813935|127.0471170126434259_37.5029125227694990|127.0464672114241012_37.5027457047571673|127.0460825499488777_37.5026469518089058|127.0460446065235516_37.5026372106288548|127.0449922237995821_37.5023725132399832|127.0448489661988987_37.5023280363648013
2026-09-04T03:35:30.187978+09:00,선릉역,선릉역,POI034,KEY_1,1220067100,테헤란로44길,1220425200,역삼동 706-28,127.0445594426699216_37.5025715799587829,1220034908,블랙베리박물관,127.0442936787205923_37.5030103853983761,54.0,12.0,정체,127.0442936787205923_37.5030103853983761|127.0444068427994182_37.5028586561034274|127.0445594426699216_37.5025715799587829
2026-09-04T03:35:30.187978+09:00,선릉역,선릉역,POI034,KEY_1,1220067200,테헤란로44길,1220425100,역삼동 805-14,127.0446844104283741_37.5026137429825184,1220033801,역삼동 707-12,127.0448489661988987_37.5023280363648013,35.0,14.0,정체,127.0448489661988987_37.5023280363648013|127.0448257245955972_37.5023478943872206|127.0446844104283741_37.5026137429825184
2026-09-04T03:35:30.187978+09:00,선릉역,선릉역,POI034,KEY_1,1220067300,역삼로63길,1220369600,대치동 899-17,127.0520617732479707_37.5022788964194831,1220035303,대치동 1011-19,127.0514857362790195_37.5034880610051431,144.0,12.0,정체,127.0514857362790195_37.5034880610051431|127.0520617732479707_37.5022788964194831
2026-09-04T03:35:30.187978+09:00,선릉역,선릉역,POI034,KEY_1,1220067700,테헤란로52길,1220034404,진선여자고등학교,127.0485994425350498_37.5026948948454901,1220034502,진선여자중학교,127.0477058613497690_37.5029198869641291,83.0,16.0,서행,127.0477058613497690_37.5029198869641291|127.0482637055277451_37.5027833474549865|127.0485650684316852_37.5027095837196143|127.0485994425350498_37.5026948948454901
2026-09-04T03:35:30.187978+09:00,선릉역,선릉역,POI034,KEY_1,1220067800,테헤란로52길,1220289300,역삼동 708-33,127.0483035617519079_37.5028867005181183,1220034401,진선여자고등학교,127.0487756743473824_37.5027422782434172,45.0,17.0,서행,127.0487756743473824_37.5027422782434172|127.0486175648109253_37.5028098431502173|127.0483035617519079_37.5028867005181183
2026-09-04T03:35:30.187978+09:00,선릉역,선릉역,POI034,KEY_1,1220068000,선릉로85길,1220034401,진선여자고등학교,127.0487756743473824_37.5027422782434172,1220034604,진선여고,127.0496481972099332_37.5029943484915336,83.0,17.0,서행,127.0496481972099332_37.5029943484915336|127.0488838028640259_37.5027428534322240|127.0487756743473824_37.5027422782434172
2026-09-04T03:35:30.187978+09:00,선릉역,선릉역,POI034,KEY_1,1220068400,테헤란로52길,1220034504,진선여자중학교,127.0476018129394333_37.5030213687362988,1220035003,도시개발신문,127.0475579221615732_37.5031154893994980,11.0,13.0,정체,127.0475579221615732_37.5031154893994980|127.0476018129394333_37.5030213687362988
2026-09-04T03:35:30.187978+09:00,선릉역,선릉역,POI034,KEY_1,1220068500,테헤란로52길,1220035002,도시개발신문,127.0476851392119499_37.5031531430107989,1220034501,진선여자중학교,127.0477457167723543_37.5030232397223813,15.0,17.0,서행,127.0477457167723543_37.5030232397223813|127.0476851392119499_37.5031531430107989
2026-09-04T03:35:30.187978+09:00,선릉역,선릉역,POI034,KEY_1,1220068600,선릉로86길,1220271900,대치동 1011-18,127.0502748335649130_37.5030853689336396,1220034602,진선여고,127.0498209559993370_37.5029344252388057,43.0,14.0,정체,127.0498209559993370_37.5029344252388057|127.0502748335649130_37.5030853689336396
2026-09-04T03:35:30.187978+09:00,선릉역,선릉역,POI034,KEY_1,1220068700,선릉로86길,1220272000,대치동 889-46,127.0502225545053534_37.5031851452885192,1220035304,대치동 1011-19,127.0514375857766964_37.5035892110017741,116.0,11.0,정체,127.0514375857766964_37.5035892110017741|127.0510727414042123_37.5034678816585227|127.0506832483399933_37.5033383536890739|127.0502225545053534_37.5031851452885192
2026-09-04T03:35:30.187978+09:00,선릉역,선릉역,POI034,KEY_1,1220069201,테헤란로43길,1220034905,국제섬유신문,127.0440100661521683_37.5035966744363876,1220035603,속성변화점,127.0438833453921603_37.5038704428559555,32.0,20.5,서행,127.0438833453921603_37.5038704428559555|127.0440100661521683_37.5035966744363876
2026-09-04T03:35:30.187978+09:00,선릉역,선릉역,POI034,KEY_1,1220069202,테헤란로43길,1220034909,블랙베리박물관,127.0442359817900950_37.5031085999901350,1220034904,국제섬유신문,127.0440570321479470_37.5034952082934012,46.0,10.0,정체,127.0440570321479470_37.5034952082934012|127.0442359817900950_37.5031085999901350
2026-09-04T03:35:30.187978+09:00,선릉역,선릉역,POI034,KEY_1,1220069301,테헤란로43길,1220034903,국제섬유신문,127.0441843649481370_37.5035326168648098,1220034906,블랙베리박물관,127.0443627780408065_37.5031471670482617,46.0,12.0,정체,127.0443627780408065_37.5031471670482617|127.0441843649481370_37.5035326168648098
2026-09-04T03:35:30.187978+09:00,선릉역,선릉역,POI034,KEY_1,1220069302,테헤란로43길,1220035602,이환빌딩,127.0440106778918334_37.5039078512403847,1220034902,국제섬유신문,127.0441373988766571_37.5036340831138304,32.0,14.0,정체,127.0441373988766571_37.5036340831138304|127.0440106778918334_37.5039078512403847
2026-09-04T03:35:30.187978+09:00,선릉역,선릉역,POI034,KEY_1,1220069400,선릉로89길,1220035001,도시개발신문,127.0476361765401236_37.5032539819536694,1220035504,선릉역(서울2호선),127.0492928042660310_37.5037603648988949,157.0,6.0,정체,127.0492928042660310_37.5037603648988949|127.0476361765401236_37.5032539819536694
2026-09-04T03:35:30.187978+09:00,선릉역,선릉역,POI034,KEY_1,1220069500,테헤란로52길,1220035004,도시개발신문,127.0475102746900689_37.5032136202441109,1220035703,역삼동 804,127.0471670915627840_37.5038930671752482,81.0,40.0,원활,127.0471670915627840_37.5038930671752482|127.0475102746900689_37.5032136202441109
2026-09-04T03:35:30.187978+09:00,선릉역,선릉역,POI034,KEY_1,1220069600,테헤란로52길,1220035702,역삼동 804,127.0472942790560325_37.5039308877385196,1220035001,도시개발신문,127.0476361765401236_37.5032539819536694,81.0,10.0,정체,127.0476361765401236_37.5032539819536694|127.0472942790560325_37.5039308877385196
2026-09-04T03:35:30.187978+09:00,선릉역,선릉역,POI034,KEY_1,1220069900,선릉로86길,1220368500,대치동 896-8,127.0519565654232679_37.5036215470825738,1220035302,대치동 1011-19,127.0516171337999509_37.5035169501664427,32.0,7.0,정체,127.0516171337999509_37.5035169501664427|127.0516507264595560_37.5035213954269935|127.0519565654232679_37.5036215470825738
2026-09-04T03:35:30.187978+09:00,선릉역,선릉역,POI034,KEY_1,1220070000,선릉로86길,1220291800,대치동 1011-12,127.0536876429382716_37.5043052918240960,1220036204,롯데캐슬아파트,127.0557455057748939_37.5049791009656133,197.0,8.0,정체,127.0557455057748939_37.5049791009656133|127.0536876429382716_37.5043052918240960
2026-09-04T03:35:30.187978+09:00,선릉역,선릉역,POI034,KEY_1,1220070100,테헤란로64길,1220327000,대치동 890-49,127.0511666174652987_37.5044640143400940,1220035301,대치동 890-57,127.0515680449655349_37.5036200563672182,100.0,11.0,정체,127.0515680449655349_37.5036200563672182|127.0514128759260046_37.5039462849432255|127.0511666174652987_37.5044640143400940
2026-09-04T03:35:30.187978+09:00,선릉역,선릉역,POI034,KEY_1,1220070200,테헤란로64길,1220327100,대치동 1011-11,127.0510397087366101_37.5044257017429885,1220036303,월간부동산경제,127.0507602689269504_37.5049958100575296,68.0,11.0,정체,127.0507602689269504_37.5049958100575296|127.0508397863444259_37.5048460080051811|127.0510397087366101_37.5044257017429885
2026-09-04T03:35:30.187978+09:00,선릉역,선릉역,POI034,KEY_1,1220070300,선릉로93길,1220374900,역삼동 702-31,127.0452775257639217_37.5043015743408361,1220035602,이환빌딩,127.0440106778918334_37.5039078512403847,120.0,30.0,원활,127.0440106778918334_37.5039078512403847|127.0446181406134656_37.5040968150351475|127.0452456907805328_37.5042920231553651|127.0452775257639217_37.5043015743408361
2026-09-04T03:35:30.187978+09:00,선릉역,선릉역,POI034,KEY_1,1220070400,선릉로93길,1220374800,역삼동 802-37,127.0452296953085209_37.5044027582226391,1220036104,우리빌딩,127.0467047231793600_37.5048452859594335,139.0,22.0,서행,127.0467047231793600_37.5048452859594335|127.0452296953085209_37.5044027582226391
2026-09-04T03:35:30.187978+09:00,선릉역,선릉역,POI034,KEY_1,1220070500,언주로94길,1220035603,속성변화점,127.0438833453921603_37.5038704428559555,1220035802,센터필드EAST,127.0421318287953625_37.5041808866634341,184.0,32.0,원활,127.0421318287953625_37.5041808866634341|127.0426856690897637_37.5043235110338884|127.0428279173818282_37.5043501211974117|127.0429646936048016_37.5043500715293163|127.0436734217523451_37.5042155266854564|127.0437402751845042_37.5041595513156381|127.0438359819385852_37.5039686758785251|127.0438833453921603_37.5038704428559555
2026-09-04T03:35:30.187978+09:00,선릉역,선릉역,POI034,KEY_1,1220070600,언주로94길,1220406900,역삼동 700-38,127.0429923173944360_37.5044559753481082,1220035601,이환빌딩,127.0439620134067269_37.5040087840446006,108.0,15.0,서행,127.0439620134067269_37.5040087840446006|127.0438566121118811_37.5042189961629546|127.0437440122160382_37.5043132731677531|127.0429923173944360_37.5044559753481082
2026-09-04T03:35:30.187978+09:00,선릉역,선릉역,POI034,KEY_1,1220070700,테헤란로51길,1220035704,역삼동 804,127.0471173294836689_37.5039936601345545,1220036103,우리빌딩,127.0467535949327811_37.5047444149913147,89.0,12.0,정체,127.0467535949327811_37.5047444149913147|127.0468396453975544_37.5045668067024280|127.0471173294836689_37.5039936601345545
2026-09-04T03:35:30.187978+09:00,선릉역,선릉역,POI034,KEY_1,1220070800,테헤란로51길,1220323800,역삼동 705-31,127.0469662568829392_37.5046057396921384,1220035701,역삼동 804,127.0472444652040593_37.5040315100491171,68.0,12.0,정체,127.0472444652040593_37.5040315100491171|127.0469662568829392_37.5046057396921384
2026-09-04T03:35:30.187978+09:00,선릉역,선릉역,POI034,KEY_1,1220071100,삼성로85길,1220036503,이비스스타일앰배서더서울강남,127.0573585733390729_37.5053724936751181,1220036202,롯데캐슬아파트,127.0559213381150556_37.5049190420530891,137.0,6.0,정체,127.0559213381150556_37.5049190420530891|127.0573585733390729_37.5053724936751181
2026-09-04T03:35:30.187978+09:00,선릉역,선릉역,POI034,KEY_1,1220071200,삼성로85길,1220036201,롯데캐슬아파트,127.0558713656280361_37.5050195657570598,1220036504,이비스스타일앰배서더서울강남,127.0573055376119243_37.5054720518562945,136.0,24.0,서행,127.0573055376119243_37.5054720518562945|127.0558713656280361_37.5050195657570598
2026-09-04T03:35:30.187978+09:00,선릉역,선릉역,POI034,KEY_1,1220071300,선릉로93길,1220036703,선릉역(수인분당선),127.0484330543986573_37.5055999334302470,1220036102,우리빌딩,127.0468696615953377_37.5048051128072615,169.0,7.0,정체,127.0468696615953377_37.5048051128072615|127.0472577382230241_37.5052092417498173|127.0475341574507979_37.5053011288221043|127.0479304710487156_37.5054328695665120|127.0484330543986573_37.5055999334302470
2026-09-04T03:35:30.187978+09:00,선릉역,선릉역,POI034,KEY_1,1220071400,선릉로93길,1220335200,역삼동 696-45,127.0478782088464129_37.5055326522576777,1220036704,선릉역(수인분당선),127.0483821896187351_37.5057001806225543,48.0,14.0,정체,127.0483821896187351_37.5057001806225543|127.0478782088464129_37.5055326522576777
2026-09-04T03:35:30.187978+09:00,선릉역,선릉역,POI034,KEY_1,1220071500,테헤란로78길,1220268600,대치동 1011-6,127.0553089900937067_37.5058177697578614,1220037203,포스코미술관,127.0550468873825025_37.5063213325861398,61.0,36.0,원활,127.0550468873825025_37.5063213325861398|127.0553089900937067_37.5058177697578614
2026-09-04T03:35:30.187978+09:00,선릉역,선릉역,POI034,KEY_1,1220071600,테헤란로78길,1220037202,포스코미술관,127.0551734722876205_37.5063604107458772,1220036201,롯데캐슬아파트,127.0558713656280361_37.5050195657570598,161.0,9.0,정체,127.0558713656280361_37.5050195657570598|127.0556616943434847_37.5054224074410030|127.0554343582095669_37.5058591832844215|127.0551734722876205_37.5063604107458772
2026-09-04T03:35:30.187978+09:00,선릉역,선릉역,POI034,KEY_1,1220071700,테헤란로63길,1220423600,삼성동 172-98,127.0503997460840679_37.5057459597834253,1220037103,삼성동빌딩,127.0501931847878154_37.5061595041217970,49.0,8.0,정체,127.0501931847878154_37.5061595041217970|127.0502410686189307_37.5060786113238365|127.0503997460840679_37.5057459597834253
2026-09-04T03:35:30.187978+09:00,선릉역,선릉역,POI034,KEY_1,1220071800,테헤란로63길,1220423500,삼성동 142-5,127.0505266121239316_37.5057843667848871,1220036301,월간부동산경제,127.0508357905731600_37.5051361926111113,77.0,19.0,서행,127.0508357905731600_37.5051361926111113|127.0505266121239316_37.5057843667848871
2026-09-04T03:35:30.187978+09:00,선릉역,선릉역,POI034,KEY_1,1220071900,선릉로94길,1220037103,삼성동빌딩,127.0501931847878154_37.5061595041217970,1220036702,선릉역(수인분당선),127.0485587670993652_37.5056408010745486,156.0,21.0,서행,127.0485587670993652_37.5056408010745486|127.0490621091166048_37.5058005461863644|127.0501931847878154_37.5061595041217970
2026-09-04T03:35:30.187978+09:00,선릉역,선릉역,POI034,KEY_1,1220072000,선릉로94길,1220036701,선릉역(수인분당선),127.0485078851592107_37.5057410376844658,1220037104,삼성동빌딩,127.0501601069988027_37.5062653907136010,157.0,6.0,정체,127.0501601069988027_37.5062653907136010|127.0490118813641089_37.5059009903445002|127.0485078851592107_37.5057410376844658
2026-09-04T03:35:30.187978+09:00,선릉역,선릉역,POI034,KEY_1,1220072100,테헤란로69길,1220036804,KTF타워,127.0528495126162909_37.5057573699263784,1220037603,삼성동 172-89,127.0522708430014944_37.5069035359184255,137.0,13.0,정체,127.0522708430014944_37.5069035359184255|127.0524230958238974_37.5066019737352079|127.0526102703543501_37.5062312396574242|127.0528495126162909_37.5057573699263784
2026-09-04T03:35:30.187978+09:00,선릉역,선릉역,POI034,KEY_1,1220072200,테헤란로69길,1220345500,삼성동 172-99,127.0527361859108169_37.5062715853546678,1220036801,KTF타워,127.0529760573716800_37.5057964677758875,57.0,15.0,서행,127.0529760573716800_37.5057964677758875|127.0527361859108169_37.5062715853546678
2026-09-04T03:35:30.187978+09:00,선릉역,선릉역,POI034,KEY_1,1220072700,테헤란로63길,1220037104,삼성동빌딩,127.0501601069988027_37.5062653907136010,1220037303,정든빌딩,127.0501680356160392_37.5067325970078258,52.0,36.0,원활,127.0501680356160392_37.5067325970078258|127.0501601069988027_37.5062653907136010
2026-09-04T03:35:30.187978+09:00,선릉역,선릉역,POI034,KEY_1,1220072800,테헤란로63길,1220037302,정든빌딩,127.0503036864279096_37.5067277996371189,1220037101,삼성동빌딩,127.0502958135916458_37.5062639290552582,51.0,25.0,원활,127.0502958135916458_37.5062639290552582|127.0503036864279096_37.5067277996371189
2026-09-04T03:35:30.187978+09:00,선릉역,선릉역,POI034,KEY_1,1220073500,선릉로100길,1220369700,삼성동 172-89,127.0515841885179213_37.5067796298796594,1220037302,정든빌딩,127.0503036864279096_37.5067277996371189,113.0,36.0,원활,127.0503036864279096_37.5067277996371189|127.0515841885179213_37.5067796298796594
2026-09-04T03:35:30.187978+09:00,선릉역,선릉역,POI034,KEY_1,1220073600,선릉로100길,1220037301,정든빌딩,127.0502967986549976_37.5068357808075135,1220037604,삼성동 172-89,127.0522091422740658_37.5069998373663793,171.0,23.0,서행,127.0522091422740658_37.5069998373663793|127.0520785711498206_37.5069467447646474|127.0518857869076896_37.5069000953744691|127.0515773025849029_37.5068876111003817|127.0502967986549976_37.5068357808075135
2026-09-04T03:35:30.187978+09:00,선릉역,선릉역,POI034,KEY_1,1220073700,선릉로100길,1220419800,삼성동 172-88,127.0489998316540294_37.5068690014972219,1220037902,선릉공원,127.0471720593799319_37.5070534520707710,163.0,41.0,원활,127.0471720593799319_37.5070534520707710|127.0474044325196132_37.5070552676544722|127.0489998316540294_37.5068690014972219
2026-09-04T03:35:30.187978+09:00,선릉역,선릉역,POI034,KEY_1,1220073800,선릉로100길,1220037901,선릉공원,127.0469965891165742_37.5071602068898287,1220037304,정든빌딩,127.0501877186652990_37.5068395748828394,285.0,20.0,서행,127.0501877186652990_37.5068395748828394|127.0490195130558817_37.5069759794436237|127.0474136620712926_37.5071634656356494|127.0469965891165742_37.5071602068898287
2026-09-04T03:35:30.187978+09:00,선릉역,선릉역,POI034,KEY_1,1220074600,삼성로95길,1220038503,마루빌딩,127.0534532547879820_37.5074151103447733,1220037602,삼성동 172-89,127.0523915908889165_37.5069541192693592,107.0,25.0,원활,127.0523915908889165_37.5069541192693592|127.0534532547879820_37.5074151103447733
2026-09-04T03:35:30.187978+09:00,선릉역,선릉역,POI034,KEY_1,1220075600,삼성로95길,1220406500,삼성동 172-90,127.0542714833571409_37.5077257788648311,1220038502,마루빌딩,127.0535960100787065_37.5074744096809738,66.0,25.0,원활,127.0535960100787065_37.5074744096809738|127.0540234447238248_37.5076262489432253|127.0542714833571409_37.5077257788648311
2026-09-04T03:35:30.187978+09:00,선릉역,선릉역,POI034,KEY_1,1220078300,봉은사로68길,1220392700,삼성동 172-73,127.0530668262036471_37.5086067783565937,1220038501,마루빌딩,127.0536095457558048_37.5075976007268892,126.0,51.0,원활,127.0536095457558048_37.5075976007268892|127.0536270441107263_37.5077568563279229|127.0536175999609867_37.5078783512049867|127.0536010378548042_37.5079533619661234|127.0532756349020502_37.5083408529318518|127.0530933339902475_37.5085844180251726|127.0530668262036471_37.5086067783565937
2026-09-04T03:35:30.187978+09:00,선릉역,선릉역,POI034,KEY_1,1220330700,테헤란로43길,1220034105,르네상스호텔교차로,127.0435597867368074_37.5029050914540534,1220034905,국제섬유신문,127.0440100661521683_37.5035966744363876,122.0,7.0,정체,127.0440100661521683_37.5035966744363876|127.0436463251092079_37.5034967442712031|127.0433326699137950_37.5034026470018773|127.0435597867368074_37.5029050914540534
2026-09-04T03:35:30.187978+09:00,선릉역,선릉역,POI034,KEY_1,1220330800,테헤란로43길,1220034904,국제섬유신문,127.0440570321479470_37.5034952082934012,1220034102,르네상스호텔교차로,127.0436867528111975_37.5029433037034892,98.0,6.0,정체,127.0436867528111975_37.5029433037034892|127.0435060706377044_37.5033391353576278|127.0436923689629509_37.5033950244486789|127.0440570321479470_37.5034952082934012
2026-09-04T03:35:30.187978+09:00,성신여대입구역,성신여대입구역,POI035,KEY_2,1070005902,고려대로7길,1070009903,동선동2가 2-12,127.0176192672884525_37.5897727856347075,1070010303,하늘다리(동측),127.0169126278614584_37.5903777968666262,92.0,20.0,서행,127.0169126278614584_37.5903777968666262|127.0169401511210765_37.5903235362831509|127.0170002694840861_37.5902430465021453|127.0176192672884525_37.5897727856347075
2026-09-04T03:35:30.187978+09:00,성신여대입구역,성신여대입구역,POI035,KEY_2,1070006002,고려대로7길,1070010302,하늘다리(동측),127.0170394750946059_37.5904165844383797,1070009904,동선동2가 2-12,127.0177130914113519_37.5898509870969306,87.0,32.0,원활,127.0177130914113519_37.5898509870969306|127.0171075576426318_37.5903110198803319|127.0170622572597949_37.5903716704267481|127.0170394750946059_37.5904165844383797
2026-09-04T03:35:30.187978+09:00,성신여대입구역,성신여대입구역,POI035,KEY_2,1070006502,보문로34길,1070010201,하늘다리(서측),127.0165586656954559_37.5903884913356379,1070010304,하늘다리(동측),127.0168751057147887_37.5904820436575946,30.0,19.0,서행,127.0168751057147887_37.5904820436575946|127.0165586656954559_37.5903884913356379
2026-09-04T03:35:30.187978+09:00,성신여대입구역,성신여대입구역,POI035,KEY_2,1070006602,보문로34길,1070010303,하늘다리(동측),127.0169126278614584_37.5903777968666262,1070010202,하늘다리(서측),127.0166059853883098_37.5902871410901014,29.0,30.0,원활,127.0166059853883098_37.5902871410901014|127.0169126278614584_37.5903777968666262
2026-09-04T03:35:30.187978+09:00,성신여대입구역,성신여대입구역,POI035,KEY_2,1070007000,보문로34길,1070178200,동선동2가 10-1,127.0184456420819572_37.5908604765532530,1070010302,하늘다리(동측),127.0170394750946059_37.5904165844383797,134.0,13.0,정체,127.0170394750946059_37.5904165844383797|127.0184456420819572_37.5908604765532530
2026-09-04T03:35:30.187978+09:00,성신여대입구역,성신여대입구역,POI035,KEY_2,1070007101,동소문로20길,1070010304,하늘다리(동측),127.0168751057147887_37.5904820436575946,1070010403,성신여대입구역(우이신설경전철),127.0167328226829540_37.5911976949289937,80.0,19.0,서행,127.0167328226829540_37.5911976949289937|127.0168015831991823_37.5908518469217512|127.0168751057147887_37.5904820436575946
2026-09-04T03:35:30.187978+09:00,성신여대입구역,성신여대입구역,POI035,KEY_2,1070007102,동소문로20길,1070189800,동소문동5가 65-6,127.0165453469041097_37.5921183733808775,1070011403,성신여대입구역사거리,127.0164391257461887_37.5926067210998767,55.0,37.0,원활,127.0164391257461887_37.5926067210998767|127.0165453469041097_37.5921183733808775
2026-09-04T03:35:30.187978+09:00,성신여대입구역,성신여대입구역,POI035,KEY_2,1070007201,동소문로20길,1070217800,동선동1가 5-1,127.0169357870388751_37.5908687418819838,1070010301,하늘다리(동측),127.0170047370346680_37.5905219344376036,39.0,17.0,서행,127.0170047370346680_37.5905219344376036|127.0169357870388751_37.5908687418819838
2026-09-04T03:35:30.187978+09:00,성신여대입구역,성신여대입구역,POI035,KEY_2,1070007702,동소문로,1070191300,동소문동6가 10-2,127.0145774605457092_37.5924002821867944,1070011204,성신여대입구역,127.0157407964704248_37.5925412837108297,104.0,20.0,서행,127.0157407964704248_37.5925412837108297|127.0155688164207959_37.5925158470959602|127.0152429599720847_37.5924762180501730|127.0150037964714045_37.5924587492791531|127.0148577137105974_37.5924431614350354|127.0147441962490404_37.5924270782359216|127.0145774605457092_37.5924002821867944
2026-09-04T03:35:30.187978+09:00,성신여대입구역,성신여대입구역,POI035,KEY_2,1070007703,동소문로,1070011201,성신여대입구역,127.0158752935630702_37.5925635166821124,1070011404,성신여대입구역사거리,127.0164161787219967_37.5927162489956643,51.0,20.0,서행,127.0164161787219967_37.5927162489956643|127.0161741705460230_37.5926359517155646|127.0159856262325775_37.5925831927881262|127.0158752935630702_37.5925635166821124
2026-09-04T03:35:30.187978+09:00,성신여대입구역,성신여대입구역,POI035,KEY_2,1070007801,동소문로,1070011003,동소문동5가 54-1,127.0148815318724047_37.5923367166396858,1070010802,성북구청입구교차로,127.0133127718712700_37.5917960363692458,152.0,28.0,원활,127.0133127718712700_37.5917960363692458|127.0139621904980771_37.5920947289044349|127.0141232416506938_37.5921587812784352|127.0141441991609810_37.5921671163592848|127.0143532692258077_37.5922299974821783|127.0146050805432481_37.5922944190553423|127.0147695578757663_37.5923208517137724|127.0148815318724047_37.5923367166396858
2026-09-04T03:35:30.187978+09:00,성신여대입구역,성신여대입구역,POI035,KEY_2,1070007802,동소문로,1070011403,성신여대입구역사거리,127.0164391257461887_37.5926067210998767,1070011002,동소문동5가 65-1,127.0150162167295349_37.5923510826165099,130.0,28.0,원활,127.0150162167295349_37.5923510826165099|127.0152594491616185_37.5923688483093557|127.0155915012157806_37.5924092315234120|127.0157656264955506_37.5924349850518809|127.0159050086856922_37.5924580145421103|127.0160231508369577_37.5924790834847826|127.0162228939912552_37.5925349762665917|127.0164391257461887_37.5926067210998767
2026-09-04T03:35:30.187978+09:00,성신여대입구역,성신여대입구역,POI035,KEY_2,1070008600,동소문로,1070217600,동선동1가 101-1,127.0173731193807072_37.5930450746463052,1070011402,성신여대입구역사거리,127.0165670307477939_37.5926526509804191,84.0,45.8,원활,127.0165670307477939_37.5926526509804191|127.0168368755280710_37.5927622646081758|127.0170626909825984_37.5928666328168575|127.0172973428945937_37.5929975253992126|127.0173731193807072_37.5930450746463052
2026-09-04T03:35:30.187978+09:00,성신여대입구역,성신여대입구역,POI035,KEY_2,1070009501,아리랑로,1070011404,성신여대입구역사거리,127.0164161787219967_37.5927162489956643,1070011903,성신여대입구역(서울4호선),127.0163070681390423_37.5932706597657145,62.0,6.0,정체,127.0163070681390423_37.5932706597657145|127.0164161787219967_37.5927162489956643
2026-09-04T03:35:30.187978+09:00,성신여대입구역,성신여대입구역,POI035,KEY_2,1070009502,아리랑로,1070152500,동소문동6가 200-1,127.0161022456183559_37.5942459627278893,1070013303,흥천사입구,127.0153444563614613_37.5964186545611980,252.0,43.0,원활,127.0153444563614613_37.5964186545611980|127.0158188667783890_37.5955277742552951|127.0158434474531646_37.5954639148354701|127.0158506544361643_37.5954451914158199|127.0160294984277414_37.5945904614207151|127.0161022456183559_37.5942459627278893
2026-09-04T03:35:30.187978+09:00,성신여대입구역,성신여대입구역,POI035,KEY_2,1070009601,아리랑로,1070152400,동선동4가 62-1,127.0162362461145733_37.5942638784102030,1070011401,성신여대입구역사거리,127.0165441646656461_37.5927647547090160,169.0,25.0,원활,127.0165441646656461_37.5927647547090160|127.0164413089041631_37.5932873874350264|127.0164179583282191_37.5934033471139699|127.0163543209479826_37.5937047158219642|127.0162362461145733_37.5942638784102030
2026-09-04T03:35:30.187978+09:00,성신여대입구역,성신여대입구역,POI035,KEY_2,1070026500,동소문로,1070181400,동소문동5가 118-1,127.0160530935796004_37.5912416782053072,1070010903,동일하이빌아파트,127.0149594233561601_37.5919301839374782,155.0,6.0,정체,127.0149594233561601_37.5919301839374782|127.0150138337729260_37.5916857225979797|127.0150919169856820_37.5913348985611790|127.0151619182899196_37.5912762458128924|127.0153666425906778_37.5912860924097174|127.0160530935796004_37.5912416782053072
2026-09-04T03:35:30.187978+09:00,성신여대입구역,성신여대입구역,POI035,KEY_2,1070026600,동소문로,1070181500,동소문동5가 118-1,127.0160641056095443_37.5913494417794638,1070010404,성신여대입구역(우이신설경전철),127.0167106452625632_37.5913076060878240,57.0,9.0,정체,127.0167106452625632_37.5913076060878240|127.0160641056095443_37.5913494417794638
2026-09-04T03:35:30.187978+09:00,성신여대입구역,성신여대입구역,POI035,KEY_2,1070026800,보문로40길,1070010903,동일하이빌아파트,127.0149594233561601_37.5919301839374782,1070010602,성북구청입구,127.0135671858635504_37.5915271608862156,131.0,9.0,정체,127.0135671858635504_37.5915271608862156|127.0147074627602990_37.5918996231696596|127.0147774769798161_37.5919135419600607|127.0149594233561601_37.5919301839374782
2026-09-04T03:35:30.187978+09:00,성신여대입구역,성신여대입구역,POI035,KEY_2,1070026900,보문로40길,1070010601,성북구청입구,127.0134721138476550_37.5916129798123109,1070010904,동일하이빌아파트,127.0149376262676526_37.5920370213863748,138.0,52.0,원활,127.0149376262676526_37.5920370213863748|127.0147531482231074_37.5920201476797970|127.0146649758462445_37.5920026190555703|127.0134721138476550_37.5916129798123109
2026-09-04T03:35:30.187978+09:00,성신여대입구역,성신여대입구역,POI035,KEY_2,1070027000,동소문로,1070010904,동일하이빌아파트,127.0149376262676526_37.5920370213863748,1070011003,동소문동5가 54-1,127.0148815318724047_37.5923367166396858,34.0,16.0,서행,127.0148815318724047_37.5923367166396858|127.0149376262676526_37.5920370213863748
2026-09-04T03:35:30.187978+09:00,성신여대입구역,성신여대입구역,POI035,KEY_2,1070027100,동소문로,1070011002,동소문동5가 65-1,127.0150162167295349_37.5923510826165099,1070010901,동일하이빌아파트,127.0150720184948625_37.5920529485815251,33.0,4.0,정체,127.0150720184948625_37.5920529485815251|127.0150162167295349_37.5923510826165099
2026-09-04T03:35:30.187978+09:00,성신여대입구역,성신여대입구역,POI035,KEY_2,1070028700,아리랑로,1070208700,동소문동6가 140-1,127.0157330995905625_37.5927917752668392,1070011904,성신여대입구역(서울4호선),127.0162839594818251_37.5933854316600673,87.0,10.0,정체,127.0162839594818251_37.5933854316600673|127.0159785893586246_37.5932414953664633|127.0158756041946901_37.5931682919617316|127.0157419765480853_37.5928464458237670|127.0157330995905625_37.5927917752668392
2026-09-04T03:35:30.187978+09:00,수유역,수유역,POI036,KEY_3,1080008602,도봉로82길,1080226000,번동 391,127.0241644936939878_37.6357696032203535,1080015202,수유시외버스정류소,127.0236831694384279_37.6360907804609113,55.0,8.0,정체,127.0236831694384279_37.6360907804609113|127.0241644936939878_37.6357696032203535
2026-09-04T03:35:30.187978+09:00,수유역,수유역,POI036,KEY_3,1080008000,도봉로,1080015202,수유시외버스정류소,127.0236831694384279_37.6360907804609113,1080014201,수유사거리,127.0233556679664844_37.6347442902930567,157.0,29.0,원활,127.0233556679664844_37.6347442902930567|127.0233018635561280_37.6352888705356889|127.0233175543222046_37.6354070103498799|127.0233430823840308_37.6355173868229684|127.0233955533373802_37.6356355217398075|127.0234453674785868_37.6357565952720634|127.0235352966461022_37.6359041479519192|127.0236251021237166_37.6360284821932822|127.0236831694384279_37.6360907804609113
2026-09-04T03:35:30.187978+09:00,수유역,수유역,POI036,KEY_3,1080009103,오패산로,1080158500,번동 386-16,127.0260853604169284_37.6375944430184219,1080016102,수유역앞교차로,127.0256194588501444_37.6379067843667983,54.0,20.0,서행,127.0256194588501444_37.6379067843667983|127.0260853604169284_37.6375944430184219
2026-09-04T03:35:30.187978+09:00,수유역,수유역,POI036,KEY_3,1080009301,도봉로,1080002901,번동 386-16,127.0231664465426604_37.6352899337358835,1080015203,수유시외버스정류소,127.0235736061376599_37.6361550867126198,104.0,42.0,원활,127.0235736061376599_37.6361550867126198|127.0235111603072085_37.6360878005974442|127.0234150337191750_37.6359547144529927|127.0233190142585045_37.6357971691573283|127.0232668329031753_37.6356703423469057|127.0232113146315527_37.6355453442665109|127.0231828133108536_37.6354221130901792|127.0231664465426604_37.6352899337358835
2026-09-04T03:35:30.187978+09:00,수유역,수유역,POI036,KEY_3,1080009302,도봉로,1080156300,수유동 140,127.0250179650912514_37.6375154509010059,1080016103,수유역앞교차로,127.0255162867766927_37.6379771983937559,68.0,38.0,원활,127.0255162867766927_37.6379771983937559|127.0250179650912514_37.6375154509010059
2026-09-04T03:35:30.187978+09:00,수유역,수유역,POI036,KEY_3,1080009402,도봉로,1080073400,번동 386-16,127.0242352713134437_37.6366200409223595,1080015201,수유시외버스정류소,127.0237672815486718_37.6361757911882933,64.0,11.0,정체,127.0237672815486718_37.6361757911882933|127.0242352713134437_37.6366200409223595
2026-09-04T03:35:30.187978+09:00,수유역,수유역,POI036,KEY_3,1080009703,한천로,1080016003,번동 386-16,127.0299779896407841_37.6378716339951396,1080016402,강북웨딩홀,127.0282279267782144_37.6390089170082121,199.0,19.0,서행,127.0282279267782144_37.6390089170082121|127.0299779896407841_37.6378716339951396
2026-09-04T03:35:30.187978+09:00,수유역,수유역,POI036,KEY_3,1080009704,한천로,1080016403,강북웨딩홀,127.0281210425953446_37.6390791820698425,1080003302,강북구청사거리,127.0273999361081678_37.6395569047145599,83.0,30.0,원활,127.0273999361081678_37.6395569047145599|127.0278033307742049_37.6392896628693592|127.0281210425953446_37.6390791820698425
2026-09-04T03:35:30.187978+09:00,수유역,수유역,POI036,KEY_3,1080009802,한천로,1080016401,강북웨딩홀,127.0283249364074294_37.6390855039041270,1080016004,번동 386-16,127.0300640215044723_37.6379553522579826,198.0,28.0,원활,127.0300640215044723_37.6379553522579826|127.0283249364074294_37.6390855039041270
2026-09-04T03:35:30.187978+09:00,수유역,수유역,POI036,KEY_3,1080009803,한천로,1080151700,번동 386-16,127.0278903554192169_37.6393727312907700,1080016404,강북웨딩홀,127.0282200410424593_37.6391543174096554,38.0,10.0,정체,127.0282200410424593_37.6391543174096554|127.0278903554192169_37.6393727312907700
2026-09-04T03:35:30.187978+09:00,수유역,수유역,POI036,KEY_3,1080009900,도봉로,1080047000,수유동 140,127.0270207603614807_37.6393715289835100,1080003303,강북구청사거리,127.0272963919230165_37.6396269755500938,37.0,18.0,서행,127.0272963919230165_37.6396269755500938|127.0270207603614807_37.6393715289835100
2026-09-04T03:35:30.187978+09:00,수유역,수유역,POI036,KEY_3,1080010000,도봉로,1080003302,강북구청사거리,127.0273999361081678_37.6395569047145599,1080016101,수유역앞교차로,127.0257080007585841_37.6379888370540669,229.0,29.0,원활,127.0257080007585841_37.6379888370540669|127.0271239431816923_37.6393011235957502|127.0273999361081678_37.6395569047145599
2026-09-04T03:35:30.187978+09:00,수유역,수유역,POI036,KEY_3,1080010301,노해로,1080002901,번동 386-16,127.0231664465426604_37.6352899337358835,1080015303,수유사거리,127.0229982580287214_37.6361886528113985,101.0,4.0,정체,127.0229982580287214_37.6361886528113985|127.0230491409070765_37.6360140073621778|127.0230954897363063_37.6356468837192679|127.0231628676230997_37.6354251713480110|127.0231664465426604_37.6352899337358835
2026-09-04T03:35:30.187978+09:00,수유역,수유역,POI036,KEY_3,1080010302,노해로,1080015304,수유사거리,127.0229876277383028_37.6362964481573314,1080015903,한성빌딩,127.0228494863499407_37.6376972279147566,156.0,20.0,서행,127.0228494863499407_37.6376972279147566|127.0229876277383028_37.6362964481573314
2026-09-04T03:35:30.187978+09:00,수유역,수유역,POI036,KEY_3,1080010303,노해로,1080075700,수유동 140,127.0224197979474923_37.6413919672375812,1080016903,광산사거리,127.0222951825581958_37.6424932997948360,123.0,27.0,원활,127.0222951825581958_37.6424932997948360|127.0223303549133078_37.6421824549928701|127.0223878024834789_37.6416747415900090|127.0224197979474923_37.6413919672375812
2026-09-04T03:35:30.187978+09:00,수유역,수유역,POI036,KEY_3,1080010304,노해로,1080016904,광산사거리,127.0222815961850955_37.6426152684026505,1080017403,광산사거리,127.0222565141699675_37.6432080577765262,66.0,29.0,원활,127.0222565141699675_37.6432080577765262|127.0222415900239241_37.6431089181549936|127.0222383652308054_37.6430211692069321|127.0222815961850955_37.6426152684026505
2026-09-04T03:35:30.187978+09:00,수유역,수유역,POI036,KEY_3,1080010402,노해로,1080015902,한성빌딩,127.0229850488410364_37.6377056824230678,1080015301,수유사거리,127.0231238772314271_37.6363035834235546,156.0,17.0,서행,127.0231238772314271_37.6363035834235546|127.0229850488410364_37.6377056824230678
2026-09-04T03:35:30.187978+09:00,수유역,수유역,POI036,KEY_3,1080010403,노해로,1080128200,수유동 140,127.0229199583416033_37.6382534900182861,1080015901,한성빌딩,127.0229732198363592_37.6378134096389871,49.0,24.0,서행,127.0229732198363592_37.6378134096389871|127.0229199583416033_37.6382534900182861
2026-09-04T03:35:30.187978+09:00,수유역,수유역,POI036,KEY_3,1080010404,노해로,1080017402,광산사거리,127.0223798519249527_37.6431177142399491,1080016901,광산사거리,127.0224170781558968_37.6426243925686279,55.0,11.0,정체,127.0224170781558968_37.6426243925686279|127.0223744999869666_37.6430241617647852|127.0223773205328683_37.6431008980557209|127.0223798519249527_37.6431177142399491
2026-09-04T03:35:30.187978+09:00,수유역,수유역,POI036,KEY_3,1080010900,삼각산로,1080116900,수유동 140,127.0213634369372357_37.6419126554108203,1080016904,광산사거리,127.0222815961850955_37.6426152684026505,113.0,14.0,정체,127.0222815961850955_37.6426152684026505|127.0221156936451194_37.6425294098279721|127.0217836952744790_37.6422534289198722|127.0217078661471390_37.6421919419448017|127.0215164280236877_37.6420367113308743|127.0213634369372357_37.6419126554108203
2026-09-04T03:35:30.187978+09:00,수유역,수유역,POI036,KEY_3,1080011101,한천로,1080003303,강북구청사거리,127.0272963919230165_37.6396269755500938,1080016602,쌍문시장,127.0266863981054115_37.6400485444776081,71.0,25.0,원활,127.0266863981054115_37.6400485444776081|127.0269422583467929_37.6398717195093795|127.0272963919230165_37.6396269755500938
2026-09-04T03:35:30.187978+09:00,수유역,수유역,POI036,KEY_3,1080011104,한천로,1080115800,수유동 140,127.0232223773573992_37.6425073065817628,1080017402,광산사거리,127.0223798519249527_37.6431177142399491,101.0,25.0,원활,127.0223798519249527_37.6431177142399491|127.0226468883839317_37.6429218971916342|127.0227483095569170_37.6428482628419303|127.0232223773573992_37.6425073065817628
2026-09-04T03:35:30.187978+09:00,수유역,수유역,POI036,KEY_3,1080011201,한천로,1080110500,수유동 140,127.0270314454666050_37.6399533258760783,1080003304,강북구청사거리,127.0273850195992651_37.6397089683551442,41.0,30.0,원활,127.0273850195992651_37.6397089683551442|127.0270314454666050_37.6399533258760783
2026-09-04T03:35:30.187978+09:00,수유역,수유역,POI036,KEY_3,1080011202,한천로,1080112100,수유동 140,127.0252466462093679_37.6411988384507481,1080016604,쌍문시장,127.0266738125599062_37.6402009050989221,168.0,30.0,원활,127.0266738125599062_37.6402009050989221|127.0263045023562682_37.6404591461986371|127.0252466462093679_37.6411988384507481
2026-09-04T03:35:30.187978+09:00,수유역,수유역,POI036,KEY_3,1080011203,한천로,1080017401,광산사거리,127.0224184143844752_37.6432365102794435,1080017204,광산사거리,127.0227390640422271_37.6430013781192727,38.0,7.0,정체,127.0227390640422271_37.6430013781192727|127.0224184143844752_37.6432365102794435
2026-09-04T03:35:30.187978+09:00,수유역,수유역,POI036,KEY_3,1080011301,도봉로,1080060100,수유동 140,127.0306004514326617_37.6426841969638559,1080017102,강북구-도봉구,127.0308257491886792_37.6428931106192053,31.0,41.0,원활,127.0308257491886792_37.6428931106192053|127.0306004514326617_37.6426841969638559
2026-09-04T03:35:30.187978+09:00,수유역,수유역,POI036,KEY_3,1080011401,도봉로,1080148000,번동 386-16,127.0288995422619678_37.6409419521947370,1080003301,강북구청사거리,127.0274885730155745_37.6396389056824674,191.0,32.0,원활,127.0274885730155745_37.6396389056824674|127.0286952516696459_37.6407532913383776|127.0288995422619678_37.6409419521947370
2026-09-04T03:35:30.187978+09:00,수유역,수유역,POI036,KEY_3,1080011701,한천로150길,1080017204,광산사거리,127.0227390640422271_37.6430013781192727,1080017603,수유동 147,127.0234399674013446_37.6435776119042629,89.0,22.0,서행,127.0234399674013446_37.6435776119042629|127.0230342462796358_37.6432440579369043|127.0227390640422271_37.6430013781192727
2026-09-04T03:35:30.187978+09:00,수유역,수유역,POI036,KEY_3,1080011702,한천로150길,1080067100,수유동 694-1,127.0270426136358566_37.6449180881712522,1080018002,강북구-도봉구,127.0274281234246558_37.6451501418039811,43.0,23.0,서행,127.0274281234246558_37.6451501418039811|127.0270788313504369_37.6449493887403364|127.0270426136358566_37.6449180881712522
2026-09-04T03:35:30.187978+09:00,수유역,수유역,POI036,KEY_3,1080011801,한천로150길,1080038600,수유동 141,127.0231319780003645_37.6431688921579166,1080017201,광산사거리,127.0228395148250087_37.6429284480442590,37.0,26.0,원활,127.0228395148250087_37.6429284480442590|127.0231319780003645_37.6431688921579166
2026-09-04T03:35:30.187978+09:00,수유역,수유역,POI036,KEY_3,1080011802,한천로150길,1080163300,수유동 147,127.0241618599472559_37.6436534197422503,1080017602,수유동 147,127.0236131674350020_37.6435644896973614,49.0,21.0,서행,127.0236131674350020_37.6435644896973614|127.0240590981584603_37.6436445515889417|127.0241618599472559_37.6436534197422503
2026-09-04T03:35:30.187978+09:00,수유역,수유역,POI036,KEY_3,1080012301,노해로,1080017404,광산사거리,127.0223175758041947_37.6433102339396655,1080017703,원남빌딩,127.0226179050192314_37.6436435751257079,46.0,36.0,원활,127.0226179050192314_37.6436435751257079|127.0223175758041947_37.6433102339396655
2026-09-04T03:35:30.187978+09:00,수유역,수유역,POI036,KEY_3,1080012401,노해로,1080017702,원남빌딩,127.0227796397990403_37.6436374411399228,1080017401,광산사거리,127.0224184143844752_37.6432365102794435,55.0,28.0,원활,127.0224184143844752_37.6432365102794435|127.0227796397990403_37.6436374411399228
2026-09-04T03:35:30.187978+09:00,수유역,수유역,POI036,KEY_3,1080012402,노해로,1080109000,수유동 252-147,127.0235321681217897_37.6445554686688695,1080017701,원남빌딩,127.0228650113697171_37.6437391865908069,108.0,28.0,원활,127.0228650113697171_37.6437391865908069|127.0230607508394485_37.6439786807207284|127.0234439357460161_37.6444475155171503|127.0235321681217897_37.6445554686688695
2026-09-04T03:35:30.187978+09:00,수유역,수유역,POI036,KEY_3,1080012601,한천로,1080017802,성일빌딩,127.0216586112420742_37.6437908797410401,1080017404,광산사거리,127.0223175758041947_37.6433102339396655,79.0,36.0,원활,127.0223175758041947_37.6433102339396655|127.0219574608576494_37.6435729013975973|127.0216586112420742_37.6437908797410401
2026-09-04T03:35:30.187978+09:00,수유역,수유역,POI036,KEY_3,1080028800,수유로,1080015303,수유사거리,127.0229982580287214_37.6361886528113985,1080014701,수유5동사무소,127.0196296035613130_37.6354694768000684,316.0,16.0,서행,127.0196296035613130_37.6354694768000684|127.0196618238943103_37.6354991334178237|127.0197320600272661_37.6355471748465007|127.0198055328148001_37.6355856679477725|127.0198680257195178_37.6356135068326125|127.0199653824943766_37.6356568765132451|127.0202420867677802_37.6357640222951773|127.0205825288630592_37.6358730997497020|127.0206347803766249_37.6358884735904198|127.0209615626878730_37.6359846213166023|127.0210525776655430_37.6360114000487229|127.0213979901811570_37.6361100853538346|127.0216445353368471_37.6361805232032367|127.0217730123288931_37.6362063490435546|127.0217867365767006_37.6362091078179262|127.0219302934594907_37.6362240303695188|127.0220706801763839_37.6362267612068706|127.0222776181497437_37.6362225021000967|127.0224141929671902_37.6362139761998264|127.0229012279700527_37.6361835709619328|127.0229982580287214_37.6361886528113985
2026-09-04T03:35:30.187978+09:00,수유역,수유역,POI036,KEY_3,1080028900,수유로,1080214400,수유동 143,127.0224248327344299_37.6363217629655793,1080015304,수유사거리,127.0229876277383028_37.6362964481573314,50.0,29.0,원활,127.0229876277383028_37.6362964481573314|127.0229020860330280_37.6362919683322943|127.0224248327344299_37.6363217629655793
2026-09-04T03:35:30.187978+09:00,수유역,수유역,POI036,KEY_3,1080029100,도봉로82길,1080015302,수유사거리,127.0231345500635882_37.6361957908305484,1080015203,수유시외버스정류소,127.0235736061376599_37.6361550867126198,42.0,15.0,서행,127.0235736061376599_37.6361550867126198|127.0235145314210854_37.6361122691585663|127.0232717727846534_37.6361373695695676|127.0231345500635882_37.6361957908305484
2026-09-04T03:35:30.187978+09:00,수유역,수유역,POI036,KEY_3,1080030000,덕릉로41길,1080056400,번동 416-118,127.0276656701430369_37.6383417113699252,1080016203,번동 416-19,127.0274257118923913_37.6385046095529532,28.0,7.0,정체,127.0274257118923913_37.6385046095529532|127.0276656701430369_37.6383417113699252
2026-09-04T03:35:30.187978+09:00,수유역,수유역,POI036,KEY_3,1080030200,한천로131길,1080016203,번동 416-19,127.0274257118923913_37.6385046095529532,1080015801,서울강북경찰서,127.0265402141837114_37.6374306750451026,143.0,7.0,정체,127.0265402141837114_37.6374306750451026|127.0266918623168522_37.6376924623126428|127.0268206522959247_37.6378868296333167|127.0269609021722204_37.6380660945815109|127.0273791837187218_37.6384682159555339|127.0274257118923913_37.6385046095529532
2026-09-04T03:35:30.187978+09:00,수유역,수유역,POI036,KEY_3,1080030300,한천로131길,1080015804,서울강북경찰서,127.0264324979401351_37.6375031317895292,1080016204,번동 418-3,127.0273303726697804_37.6385816903498878,145.0,7.0,정체,127.0273303726697804_37.6385816903498878|127.0272788693371098_37.6385414054732266|127.0268503025075404_37.6381293941757562|127.0267026408067892_37.6379406569185022|127.0265698925462488_37.6377403159305146|127.0264324979401351_37.6375031317895292
2026-09-04T03:35:30.187978+09:00,수유역,수유역,POI036,KEY_3,1080030600,한천로139길,1080091000,수유동 142,127.0247879820656038_37.6385298259940555,1080015902,한성빌딩,127.0229850488410364_37.6377056824230678,191.0,13.0,정체,127.0229850488410364_37.6377056824230678|127.0234677051405043_37.6377319368771239|127.0235267678141753_37.6377475797293712|127.0237756329887020_37.6379867161345629|127.0241969008081355_37.6382500965158187|127.0244024240663236_37.6383514825667049|127.0247039950171484_37.6385009283449250|127.0247879820656038_37.6385298259940555
2026-09-04T03:35:30.187978+09:00,수유역,수유역,POI036,KEY_3,1080030800,한천로131길,1080016402,강북웨딩홀,127.0282279267782144_37.6390089170082121,1080016202,번동 417-18,127.0275246363479198_37.6385796093806704,78.0,10.0,정체,127.0275246363479198_37.6385796093806704|127.0275475902735991_37.6385965752124534|127.0279986243420751_37.6388609522476472|127.0282279267782144_37.6390089170082121
2026-09-04T03:35:30.187978+09:00,수유역,수유역,POI036,KEY_3,1080030900,한천로131길,1080016201,번동 418-3,127.0274320745246115_37.6386588024939144,1080016403,강북웨딩홀,127.0281210425953446_37.6390791820698425,77.0,18.0,서행,127.0281210425953446_37.6390791820698425|127.0279154104788688_37.6389464907444165|127.0274606942933957_37.6386799563932897|127.0274320745246115_37.6386588024939144
2026-09-04T03:35:30.187978+09:00,수유역,수유역,POI036,KEY_3,1080031700,노해로22길,1080017603,수유동 147,127.0234399674013446_37.6435776119042629,1080017702,원남빌딩,127.0227796397990403_37.6436374411399228,59.0,17.0,서행,127.0227796397990403_37.6436374411399228|127.0233264025382312_37.6435930200839692|127.0234399674013446_37.6435776119042629
2026-09-04T03:35:30.187978+09:00,수유역,수유역,POI036,KEY_3,1080031800,노해로22길,1080017701,원남빌딩,127.0228650113697171_37.6437391865908069,1080017604,수유동 605-77,127.0235544803541501_37.6436717552080538,61.0,23.0,서행,127.0235544803541501_37.6436717552080538|127.0233447680138283_37.6437002083349483|127.0228650113697171_37.6437391865908069
2026-09-04T03:35:30.187978+09:00,수유역,수유역,POI036,KEY_3,1080031900,노해로,1080017703,원남빌딩,127.0226179050192314_37.6436435751257079,1080017802,성일빌딩,127.0216586112420742_37.6437908797410401,88.0,4.0,정체,127.0216586112420742_37.6437908797410401|127.0217303154022375_37.6437988114114930|127.0221374868864217_37.6437973518002380|127.0221882192326888_37.6437864385601699|127.0224688583896295_37.6436690710073023|127.0225845057136382_37.6436444151185583|127.0226179050192314_37.6436435751257079
2026-09-04T03:35:30.187978+09:00,수유역,수유역,POI036,KEY_3,1080032000,노해로,1080017801,성일빌딩,127.0215279269870052_37.6438855832635184,1080017704,원남빌딩,127.0227112002526297_37.6437494010203721,108.0,15.0,서행,127.0227112002526297_37.6437494010203721|127.0226045245666739_37.6437520842929914|127.0225187236848257_37.6437703762629639|127.0222382213104027_37.6438876871446908|127.0221558543603777_37.6439054051771507|127.0217212086632941_37.6439069627147660|127.0215279269870052_37.6438855832635184
2026-09-04T03:35:30.187978+09:00,수유역,수유역,POI036,KEY_3,1090044400,도봉로,1090000702,우이교앞교차로,127.0311828397790350_37.6430569437685492,1080017101,강북구-도봉구,127.0309288510039636_37.6428226257850653,34.0,32.0,원활,127.0309288510039636_37.6428226257850653|127.0311828397790350_37.6430569437685492
2026-09-04T03:35:30.187978+09:00,수유역,수유역,POI036,KEY_3,1090044500,도봉로,1080017102,강북구-도봉구,127.0308257491886792_37.6428931106192053,1090000703,우이교앞교차로,127.0310729519188158_37.6431211684896070,33.0,29.0,원활,127.0310729519188158_37.6431211684896070|127.0308257491886792_37.6428931106192053
2026-09-04T03:35:30.187978+09:00,수유역,수유역,POI036,KEY_3,1090044600,한천로150길,1090000902,한일병원,127.0279685895414303_37.6450803801061440,1080018001,강북구-도봉구,127.0275077754502036_37.6450625164904054,45.0,26.0,원활,127.0275077754502036_37.6450625164904054|127.0276429361835682_37.6451401989281891|127.0276803680900457_37.6451498423920157|127.0277351194381907_37.6451384257800754|127.0279685895414303_37.6450803801061440
2026-09-04T03:35:30.187978+09:00,수유역,수유역,POI036,KEY_3,1090044700,한천로150길,1080018002,강북구-도봉구,127.0274281234246558_37.6451501418039811,1090000903,한일병원,127.0278597593353567_37.6452207179505223,42.0,22.0,서행,127.0278597593353567_37.6452207179505223|127.0277726737142103_37.6452423697628973|127.0276763386695364_37.6452624555106468|127.0275806464922255_37.6452378026752044|127.0274281234246558_37.6451501418039811
2026-09-04T03:35:30.187978+09:00,숭례문,숭례문,POI131,KEY_4,1010002301,소월로,1010155400,최소노드배치점,126.9760533414636114_37.5582497344554369,1010013803,숭례문앞교차로,126.9755809845113532_37.5605189064983307,262.0,25.0,원활,126.9755809845113532_37.5605189064983307|126.9757337889885065_37.5603525891795087|126.9757984686316661_37.5601874326070444|126.9757969708594061_37.5599997077910714|126.9757198667068110_37.5593373627741514|126.9757048763582503_37.5591937029204388|126.9757309859065373_37.5590497713064551|126.9757785893644524_37.5588840435687814|126.9759074328705282_37.5585745471584289|126.9759297486065890_37.5585209420058632|126.9759522152383795_37.5584716422248093|126.9760533414636114_37.5582497344554369
2026-09-04T03:35:30.187978+09:00,숭례문,숭례문,POI131,KEY_4,1010002402,소월로,1010013802,숭례문앞교차로,126.9757600351255320_37.5605071695408910,1010011100,숭례문,126.9758644071737450_37.5590694809368770,164.0,8.0,정체,126.9758644071737450_37.5590694809368770|126.9758414948468044_37.5591969276911115|126.9758551619603253_37.5593278985156402|126.9759327469906509_37.5599943665054212|126.9759344158917429_37.5602035603088922|126.9758567349293656_37.5604019178341417|126.9757600351255320_37.5605071695408910
2026-09-04T03:35:30.187978+09:00,숭례문,숭례문,POI131,KEY_4,1010002902,세종대로,1010088000,남대문로5가 84-15,126.9732159812998304_37.5579784751034964,1010011400,숭례문학당,126.9742665437086799_37.5591522019033732,160.0,22.0,서행,126.9742665437086799_37.5591522019033732|126.9738617088002712_37.5586999110099455|126.9732159812998304_37.5579784751034964
2026-09-04T03:35:30.187978+09:00,숭례문,숭례문,POI131,KEY_4,1010002903,세종대로,1010011400,숭례문학당,126.9742665437086799_37.5591522019033732,1010015502,숭례문앞,126.9748954449175216_37.5603663160010157,148.0,42.0,원활,126.9748954449175216_37.5603663160010157|126.9748468953437168_37.5603089259620049|126.9746855723265071_37.5601208840657534|126.9746137545376854_37.5599415792683970|126.9745483394273009_37.5596299211490319|126.9744734144699265_37.5594109852280340|126.9742665437086799_37.5591522019033732
2026-09-04T03:35:30.187978+09:00,숭례문,숭례문,POI131,KEY_4,1010003902,칠패로,1010012401,연세봉래빌딩,126.9728961137524550_37.5597716675716882,1010013504,서울태평로우체국,126.9737754401947001_37.5598470846353862,78.0,17.0,서행,126.9737754401947001_37.5598470846353862|126.9736091972524719_37.5598219183409583|126.9728961137524550_37.5597716675716882
2026-09-04T03:35:30.187978+09:00,숭례문,숭례문,POI131,KEY_4,1010004002,칠패로,1010013502,속성변화점,126.9740489449279721_37.5597823376631155,1010012402,속성변화점,126.9729080901224023_37.5596639686996383,102.0,32.0,원활,126.9729080901224023_37.5596639686996383|126.9736279176620428_37.5597146948757512|126.9738890961723428_37.5597566563457050|126.9740489449279721_37.5597823376631155
2026-09-04T03:35:30.187978+09:00,숭례문,숭례문,POI131,KEY_4,1010005101,남대문로,1010013801,숭례문앞교차로,126.9756943412395600_37.5606249038699929,1010015000,숭례문,126.9764459331227329_37.5606350021971664,67.0,20.0,서행,126.9764459331227329_37.5606350021971664|126.9761770959942169_37.5605854916413975|126.9759176766868478_37.5605967861663927|126.9756943412395600_37.5606249038699929
2026-09-04T03:35:30.187978+09:00,숭례문,숭례문,POI131,KEY_4,1010005201,남대문로,1010014800,숭례문,126.9764883666133954_37.5605318420117769,1010013802,숭례문앞교차로,126.9757600351255320_37.5605071695408910,65.0,21.0,서행,126.9757600351255320_37.5605071695408910|126.9759033237710781_37.5604891294319145|126.9761889274862341_37.5604766950548168|126.9764883666133954_37.5605318420117769
2026-09-04T03:35:30.187978+09:00,숭례문,숭례문,POI131,KEY_4,1010005202,남대문로,1010105800,남대문로4가 24-1,126.9773600444245005_37.5608297698874694,1010014800,숭례문,126.9764883666133954_37.5605318420117769,84.0,26.0,원활,126.9764883666133954_37.5605318420117769|126.9773600444245005_37.5608297698874694
2026-09-04T03:35:30.187978+09:00,숭례문,숭례문,POI131,KEY_4,1010005901,세종대로,1010015501,숭례문앞,126.9750008599633020_37.5604365486671696,1010013804,숭례문앞교차로,126.9755531451685755_37.5606249719220884,53.0,40.0,원활,126.9755531451685755_37.5606249719220884|126.9754028377394803_37.5605915921021847|126.9751366781808457_37.5605012366469282|126.9750008599633020_37.5604365486671696
2026-09-04T03:35:30.187978+09:00,숭례문,숭례문,POI131,KEY_4,1010005902,세종대로,1010013804,숭례문앞교차로,126.9755531451685755_37.5606249719220884,1010017804,태평로2가 113-1,126.9759821545367657_37.5618238793823238,138.0,22.0,서행,126.9759821545367657_37.5618238793823238|126.9756910543935362_37.5610103756445426|126.9755531451685755_37.5606249719220884
2026-09-04T03:35:30.187978+09:00,숭례문,숭례문,POI131,KEY_4,1010005904,세종대로,1010017809,소공동주민센터,126.9763214748840596_37.5626583872939435,1010021603,시청앞광장,126.9768324946201261_37.5639716881909536,153.0,20.0,서행,126.9768324946201261_37.5639716881909536|126.9764915927669620_37.5630734109549138|126.9763214748840596_37.5626583872939435
2026-09-04T03:35:30.187978+09:00,숭례문,숭례문,POI131,KEY_4,1010005905,세종대로,1010017805,태평로2가 280,126.9760218053088749_37.5619272971520815,1010017808,소공동주민센터,126.9762793420332230_37.5625555984382302,73.0,28.0,원활,126.9762793420332230_37.5625555984382302|126.9760218053088749_37.5619272971520815
2026-09-04T03:35:30.187978+09:00,숭례문,숭례문,POI131,KEY_4,1010006001,세종대로,1010015700,숭례문,126.9758216757282128_37.5609807560682611,1010013801,숭례문앞교차로,126.9756943412395600_37.5606249038699929,41.0,6.0,정체,126.9756943412395600_37.5606249038699929|126.9758216757282128_37.5609807560682611
2026-09-04T03:35:30.187978+09:00,숭례문,숭례문,POI131,KEY_4,1010006002,세종대로,1010021602,시청앞광장,126.9769689889781006_37.5639574810137518,1010015700,숭례문,126.9758216757282128_37.5609807560682611,346.0,28.0,원활,126.9758216757282128_37.5609807560682611|126.9761127772680140_37.5617942588954108|126.9761509252078469_37.5618937585952821|126.9764084629013752_37.5625220596037011|126.9764505959815182_37.5626248484352132|126.9766211792211692_37.5630410044178191|126.9769689889781006_37.5639574810137518
2026-09-04T03:35:30.187978+09:00,숭례문,숭례문,POI131,KEY_4,1010025000,세종대로5길,1010009801,청암빌딩,126.9717079416461587_37.5585466375375603,1010012202,숭례문학당,126.9742748764175104_37.5595190981504885,256.0,14.0,정체,126.9742748764175104_37.5595190981504885|126.9738902974027042_37.5594176881754152|126.9732580878187207_37.5590467827891743|126.9725988537744144_37.5587016101154347|126.9723765861687639_37.5586285243969087|126.9717079416461587_37.5585466375375603
2026-09-04T03:35:30.187978+09:00,숭례문,숭례문,POI131,KEY_4,1010025700,세종대로,1010011400,숭례문학당,126.9742665437086799_37.5591522019033732,1010012201,숭례문학당,126.9742810386167378_37.5594068263078924,28.0,16.0,서행,126.9742810386167378_37.5594068263078924|126.9742665437086799_37.5591522019033732
2026-09-04T03:35:30.187978+09:00,숭례문,숭례문,POI131,KEY_4,1010026600,세종대로,1010012202,숭례문학당,126.9742748764175104_37.5595190981504885,1010013502,속성변화점,126.9740489449279721_37.5597823376631155,38.0,15.0,서행,126.9740489449279721_37.5597823376631155|126.9741150100377496_37.5597678403268418|126.9741805117776181_37.5597165730551339|126.9742464328148515_37.5595997767984215|126.9742747291389691_37.5595199465246452|126.9742748764175104_37.5595190981504885
2026-09-04T03:35:30.187978+09:00,숭례문,숭례문,POI131,KEY_4,1010026800,남대문로,1010014800,숭례문,126.9764883666133954_37.5605318420117769,1010011100,숭례문,126.9758644071737450_37.5590694809368770,185.0,26.0,원활,126.9758644071737450_37.5590694809368770|126.9758795592592975_37.5591125336731508|126.9758641531054906_37.5591939851637946|126.9759578405099205_37.5599862959824407|126.9759704486266543_37.5601312860724406|126.9760507361714588_37.5602633560949499|126.9761537145355277_37.5603739896225477|126.9763022172343057_37.5604655608040190|126.9764279735615418_37.5605091608890334|126.9764883666133954_37.5605318420117769
2026-09-04T03:35:30.187978+09:00,숭례문,숭례문,POI131,KEY_4,1010028100,칠패로,1010013501,서울태평로우체국,126.9739368551684606_37.5598715198189694,1010015502,숭례문앞,126.9748954449175216_37.5603663160010157,104.0,19.0,서행,126.9748954449175216_37.5603663160010157|126.9747412413605190_37.5602379012476604|126.9745837444805971_37.5601125063439625|126.9743897378353950_37.5599922209763335|126.9741885345064247_37.5598987284625991|126.9739368551684606_37.5598715198189694
2026-09-04T03:35:30.187978+09:00,숭례문,숭례문,POI131,KEY_4,1010028800,남대문로,1010015700,숭례문,126.9758216757282128_37.5609807560682611,1010015000,숭례문,126.9764459331227329_37.5606350021971664,84.0,13.0,정체,126.9764459331227329_37.5606350021971664|126.9763771801474945_37.5606275849701134|126.9762640154305728_37.5606077628684645|126.9761188999622306_37.5606156137238472|126.9760253099623242_37.5606453934247568|126.9759279729758958_37.5606841119779062|126.9758493363337521_37.5607734919220704|126.9758081301075663_37.5608688386806833|126.9758216757282128_37.5609807560682611
2026-09-04T03:35:30.187978+09:00,숭례문,숭례문,POI131,KEY_4,1010029800,세종대로9길,1010016601,서울상공회의소,126.9739942067467524_37.5610861238427134,1010015501,숭례문앞,126.9750008599633020_37.5604365486671696,115.0,12.0,정체,126.9750008599633020_37.5604365486671696|126.9743374081002969_37.5608988908602583|126.9739942067467524_37.5610861238427134
2026-09-04T03:35:30.187978+09:00,숭례문,숭례문,POI131,KEY_4,1010030200,세종대로7길,1010013504,서울태평로우체국,126.9737754401947001_37.5598470846353862,1010017203,삼성공제회관,126.9723447378598280_37.5614351869967891,218.0,11.0,정체,126.9723447378598280_37.5614351869967891|126.9724426435651878_37.5613486396344527|126.9728287590755400_37.5609439824650480|126.9729870635557489_37.5607477483518011|126.9732909060755475_37.5603060974689171|126.9734911044854755_37.5600733096733634|126.9737754401947001_37.5598470846353862
2026-09-04T03:35:30.187978+09:00,숭례문,숭례문,POI131,KEY_4,1010030300,세종대로7길,1010017202,삼성공제회관,126.9724677288777457_37.5614880344311644,1010013501,서울태평로우체국,126.9739368551684606_37.5598715198189694,223.0,42.0,원활,126.9739368551684606_37.5598715198189694|126.9735960423329431_37.5601426793156890|126.9734067863791722_37.5603627440718739|126.9731039079903923_37.5608029953193991|126.9729401492897267_37.5610059894173247|126.9725473673189668_37.5614176353293558|126.9724677288777457_37.5614880344311644
2026-09-04T03:35:30.187978+09:00,숭례문,숭례문,POI131,KEY_4,1010030400,세종대로9길,1010015502,숭례문앞,126.9748954449175216_37.5603663160010157,1010016602,서울상공회의소,126.9739174290618422_37.5609969379700317,111.0,5.0,정체,126.9739174290618422_37.5609969379700317|126.9742539978041691_37.5608133230553776|126.9748954449175216_37.5603663160010157
2026-09-04T03:35:30.187978+09:00,숭례문,숭례문,POI131,KEY_4,1010032200,서소문로12길,1010018502,서소문교회,126.9747633700022931_37.5620674980203830,1010016601,서울상공회의소,126.9739942067467524_37.5610861238427134,128.0,12.0,정체,126.9739942067467524_37.5610861238427134|126.9744465436808554_37.5616737041432032|126.9747633700022931_37.5620674980203830
2026-09-04T03:35:30.187978+09:00,숭례문,숭례문,POI131,KEY_4,1010032300,서소문로12길,1010016604,서울상공회의소,126.9738808575842484_37.5611458069729096,1010018503,서소문교회,126.9746147466654236_37.5620832401554381,123.0,13.0,정체,126.9746147466654236_37.5620832401554381|126.9743314442682589_37.5617311132080829|126.9738808575842484_37.5611458069729096
2026-09-04T03:35:30.187978+09:00,숭례문,숭례문,POI131,KEY_4,1010032700,세종대로9길,1010016603,서울상공회의소,126.9738076756016198_37.5610547243624069,1010017202,삼성공제회관,126.9724677288777457_37.5614880344311644,168.0,15.0,서행,126.9724677288777457_37.5614880344311644|126.9731108178436614_37.5617726360549753|126.9731160404765689_37.5617715983951399|126.9734771479622708_37.5612521915043374|126.9735789952258358_37.5611711606731760|126.9738076756016198_37.5610547243624069
2026-09-04T03:35:30.187978+09:00,숭례문,숭례문,POI131,KEY_4,1010032800,세종대로9길,1010017201,삼성공제회관,126.9723774125475586_37.5615717687771919,1010016604,서울상공회의소,126.9738808575842484_37.5611458069729096,184.0,18.0,서행,126.9738808575842484_37.5611458069729096|126.9736645875834853_37.5612559239453319|126.9735867065820258_37.5613178870136366|126.9732062647113509_37.5618651036139326|126.9730916926246351_37.5618878772773002|126.9723774125475586_37.5615717687771919
2026-09-04T03:35:30.187978+09:00,숭례문,숭례문,POI131,KEY_4,1010033500,세종대로11길,1010017804,태평로2가 113-1,126.9759821545367657_37.5618238793823238,1010018502,서소문교회,126.9747633700022931_37.5620674980203830,111.0,11.0,정체,126.9747633700022931_37.5620674980203830|126.9748858706072667_37.5620545226508469|126.9749991336940695_37.5620338999985037|126.9753712299025068_37.5619661488297325|126.9759821545367657_37.5618238793823238
2026-09-04T03:35:30.187978+09:00,숭례문,숭례문,POI131,KEY_4,1010033600,세종대로11길,1010105500,태평로2가 252,126.9750294174586429_37.5621392977174651,1010017805,태평로2가 280,126.9760218053088749_37.5619272971520815,91.0,15.0,서행,126.9760218053088749_37.5619272971520815|126.9754054696340546_37.5620708256454421|126.9750294174586429_37.5621392977174651
2026-09-04T03:35:30.187978+09:00,숭례문,숭례문,POI131,KEY_4,1010035000,서소문로12길,1010020202,중앙일보사,126.9742502538365869_37.5631241528421853,1010018501,서소문교회,126.9747917025249961_37.5621735699209296,120.0,14.0,정체,126.9747917025249961_37.5621735699209296|126.9747501775862588_37.5625032287475307|126.9746651993805102_37.5625957455904143|126.9745466004009700_37.5626917899282518|126.9744603303331587_37.5627616532963344|126.9742502538365869_37.5631241528421853
2026-09-04T03:35:30.187978+09:00,시의회 앞,시의회 앞,POI130,KEY_1,1000000902,새문안로,1000008401,신문로1가141,126.9756642084840337_37.5702188245241615,1000009300,세종로208,126.9762005801091362_37.5702231750732523,47.0,64.0,원활,126.9762005801091362_37.5702231750732523|126.9756642084840337_37.5702188245241615
2026-09-04T03:35:30.187978+09:00,시의회 앞,시의회 앞,POI130,KEY_1,1000000903,새문안로,1000214200,세종대로사거리,126.9766244379145377_37.5702266110763219,1000009004,세종대로사거리,126.9769755542479714_37.5702294562480148,31.0,47.0,원활,126.9769755542479714_37.5702294562480148|126.9766244379145377_37.5702266110763219
2026-09-04T03:35:30.187978+09:00,시의회 앞,시의회 앞,POI130,KEY_1,1000001002,새문안로,1000007600,주한요르단명예영사관,126.9762019638013300_37.5701150604124336,1000008402,신문로1가141,126.9756655929920299_37.5701107106503116,47.0,45.0,원활,126.9756655929920299_37.5701107106503116|126.9762019638013300_37.5701150604124336
2026-09-04T03:35:30.187978+09:00,시의회 앞,시의회 앞,POI130,KEY_1,1000001003,새문안로,1000009003,세종대로사거리,126.9769600332011521_37.5701212054532618,1000007600,주한요르단명예영사관,126.9762019638013300_37.5701150604124336,67.0,48.0,원활,126.9762019638013300_37.5701150604124336|126.9766258211001428_37.5701184968726238|126.9769600332011521_37.5701212054532618
2026-09-04T03:35:30.187978+09:00,시의회 앞,시의회 앞,POI130,KEY_1,1000001301,종로,1000009001,세종대로사거리,126.9771187019505163_37.5702314111293560,1000009700,종로1가1-3,126.9777559525715844_37.5702421551131351,56.0,47.0,원활,126.9777559525715844_37.5702421551131351|126.9771187019505163_37.5702314111293560
2026-09-04T03:35:30.187978+09:00,시의회 앞,시의회 앞,POI130,KEY_1,1000001302,종로,1000009700,종로1가1-3,126.9777559525715844_37.5702421551131351,1000008804,광화문우체국,126.9784336631558119_37.5702494972367163,60.0,56.0,원활,126.9784336631558119_37.5702494972367163|126.9779432056922133_37.5702453112944994|126.9777559525715844_37.5702421551131351
2026-09-04T03:35:30.187978+09:00,시의회 앞,시의회 앞,POI130,KEY_1,1000001401,종로,1000008000,동아일보사,126.9777588281918099_37.5701340596360964,1000009002,세종대로사거리,126.9770959172438580_37.5701228829325231,59.0,18.0,서행,126.9770959172438580_37.5701228829325231|126.9777588281918099_37.5701340596360964
2026-09-04T03:35:30.187978+09:00,시의회 앞,시의회 앞,POI130,KEY_1,1000001402,종로,1000008803,광화문우체국,126.9784351192109852_37.5701413844145975,1000008000,동아일보사,126.9777588281918099_37.5701340596360964,60.0,18.0,서행,126.9777588281918099_37.5701340596360964|126.9779453713088060_37.5701372048683524|126.9784351192109852_37.5701413844145975
2026-09-04T03:35:30.187978+09:00,시의회 앞,시의회 앞,POI130,KEY_1,1000003700,청계천로,1010034102,무교동사거리,126.9792256224440905_37.5689816845044717,1000002000,청계광장,126.9771060680401717_37.5690311929919076,188.0,18.0,서행,126.9771060680401717_37.5690311929919076|126.9774434053876035_37.5690828687536680|126.9775440319711919_37.5690924240737019|126.9777213322496863_37.5690924576651568|126.9792256224440905_37.5689816845044717
2026-09-04T03:35:30.187978+09:00,시의회 앞,시의회 앞,POI130,KEY_1,1000003801,청계천로,1000031000,청계광장,126.9770921904126482_37.5694157550093379,1000007002,동아일보사,126.9783460265061024_37.5693222473721278,111.0,18.0,서행,126.9783460265061024_37.5693222473721278|126.9773834142662849_37.5693879956262435|126.9770921904126482_37.5694157550093379
2026-09-04T03:35:30.187978+09:00,시의회 앞,시의회 앞,POI130,KEY_1,1000004101,세종대로21길,1010036201,청계광장,126.9769724776174371_37.5689758850454254,1010034202,속성변화점,126.9761089175425468_37.5690525772719468,77.0,36.0,원활,126.9761089175425468_37.5690525772719468|126.9762590231906501_37.5690173503827225|126.9766423549418590_37.5690116154256089|126.9767891468850252_37.5690047706819641|126.9769724776174371_37.5689758850454254
2026-09-04T03:35:30.187978+09:00,시의회 앞,시의회 앞,POI130,KEY_1,1000004201,세종대로21길,1010034201,속성변화점,126.9761701151880970_37.5691453161545397,1010036202,청계광장,126.9769681640981389_37.5690870395436463,71.0,18.0,서행,126.9769681640981389_37.5690870395436463|126.9768062997742106_37.5691122763363623|126.9766476039636132_37.5691196746613940|126.9762762102917009_37.5691252318358337|126.9761701151880970_37.5691453161545397
2026-09-04T03:35:30.187978+09:00,시의회 앞,시의회 앞,POI130,KEY_1,1000004202,세종대로21길,1010034502,조선일보본사,126.9758538003934376_37.5694432589816216,1010034201,속성변화점,126.9761701151880970_37.5691453161545397,44.0,36.0,원활,126.9761701151880970_37.5691453161545397|126.9759646865800136_37.5693016963708999|126.9759165276521173_37.5693486608578553|126.9758538003934376_37.5694432589816216
2026-09-04T03:35:30.187978+09:00,시의회 앞,시의회 앞,POI130,KEY_1,1000004203,세종대로21길,1000008402,신문로1가141,126.9756655929920299_37.5701107106503116,1010034501,조선일보본사,126.9758232836738614_37.5695216067234981,67.0,5.0,정체,126.9758232836738614_37.5695216067234981|126.9756655929920299_37.5701107106503116
2026-09-04T03:35:30.187978+09:00,시의회 앞,시의회 앞,POI130,KEY_1,1000005101,세종대로,1010036202,청계광장,126.9769681640981389_37.5690870395436463,1000007300,세종로1-80,126.9769534872362158_37.5695820797097966,55.0,53.0,원활,126.9769534872362158_37.5695820797097966|126.9769561223222638_37.5694207011224321|126.9769681640981389_37.5690870395436463
2026-09-04T03:35:30.187978+09:00,시의회 앞,시의회 앞,POI130,KEY_1,1000005102,세종대로,1000007300,세종로1-80,126.9769534872362158_37.5695820797097966,1000009003,세종대로사거리,126.9769600332011521_37.5701212054532618,60.0,53.0,원활,126.9769600332011521_37.5701212054532618|126.9769532767960953_37.5697764532188643|126.9769534872362158_37.5695820797097966
2026-09-04T03:35:30.187978+09:00,시의회 앞,시의회 앞,POI130,KEY_1,1000005202,세종대로,1000009002,세종대로사거리,126.9770959172438580_37.5701228829325231,1000007400,청계천광장,126.9770893091757529_37.5695834801641908,60.0,9.0,정체,126.9770893091757529_37.5695834801641908|126.9770891110814688_37.5697756552470636|126.9770959172438580_37.5701228829325231
2026-09-04T03:35:30.187978+09:00,시의회 앞,시의회 앞,POI130,KEY_1,1000005203,세종대로,1000031000,청계광장,126.9770921904126482_37.5694157550093379,1000002000,청계광장,126.9771060680401717_37.5690311929919076,43.0,12.0,정체,126.9771060680401717_37.5690311929919076|126.9770921904126482_37.5694157550093379
2026-09-04T03:35:30.187978+09:00,시의회 앞,시의회 앞,POI130,KEY_1,1000005204,세종대로,1000007400,청계천광장,126.9770893091757529_37.5695834801641908,1000031000,청계광장,126.9770921904126482_37.5694157550093379,19.0,12.0,정체,126.9770921904126482_37.5694157550093379|126.9770893091757529_37.5695834801641908
2026-09-04T03:35:30.187978+09:00,시의회 앞,시의회 앞,POI130,KEY_1,1000023800,세종대로,1000007300,세종로1-80,126.9769534872362158_37.5695820797097966,1000007600,주한요르단명예영사관,126.9762019638013300_37.5701150604124336,93.0,41.0,원활,126.9762019638013300_37.5701150604124336|126.9765157204813590_37.5700245083348179|126.9765948042672790_37.5699744620325760|126.9767188239706144_37.5698815155413541|126.9768230812362049_37.5697756907165257|126.9769442873751473_37.5696462098692763|126.9769534872362158_37.5695820797097966
2026-09-04T03:35:30.187978+09:00,시의회 앞,시의회 앞,POI130,KEY_1,1000023900,종로,1000008000,동아일보사,126.9777588281918099_37.5701340596360964,1000007400,청계천광장,126.9770893091757529_37.5695834801641908,91.0,5.0,정체,126.9770893091757529_37.5695834801641908|126.9770963075021939_37.5696479702720865|126.9772094321437663_37.5697743360528662|126.9773459521211265_37.5699388507560457|126.9774735034476549_37.5700533015790512|126.9775723207871607_37.5701062430602590|126.9777588281918099_37.5701340596360964
2026-09-04T03:35:30.187978+09:00,시의회 앞,시의회 앞,POI130,KEY_1,1010005904,세종대로,1010017809,소공동주민센터,126.9763214748840596_37.5626583872939435,1010021603,시청앞광장,126.9768324946201261_37.5639716881909536,153.0,20.0,서행,126.9768324946201261_37.5639716881909536|126.9764915927669620_37.5630734109549138|126.9763214748840596_37.5626583872939435
2026-09-04T03:35:30.187978+09:00,시의회 앞,시의회 앞,POI130,KEY_1,1010006002,세종대로,1010021602,시청앞광장,126.9769689889781006_37.5639574810137518,1010015700,숭례문,126.9758216757282128_37.5609807560682611,346.0,28.0,원활,126.9758216757282128_37.5609807560682611|126.9761127772680140_37.5617942588954108|126.9761509252078469_37.5618937585952821|126.9764084629013752_37.5625220596037011|126.9764505959815182_37.5626248484352132|126.9766211792211692_37.5630410044178191|126.9769689889781006_37.5639574810137518
2026-09-04T03:35:30.187978+09:00,시의회 앞,시의회 앞,POI130,KEY_1,1010007305,서소문로,1010060500,서소문동 42-3,126.9748814331857290_37.5634753132613639,1010021604,시청앞광장,126.9768728564433928_37.5640783561644085,191.0,23.0,서행,126.9768728564433928_37.5640783561644085|126.9766787939362445_37.5640859652900971|126.9765523317762188_37.5640754535460886|126.9763400428201123_37.5640251139761148|126.9749917778751325_37.5635158830683409|126.9748814331857290_37.5634753132613639
2026-09-04T03:35:30.187978+09:00,시의회 앞,시의회 앞,POI130,KEY_1,1010007405,서소문로,1010021603,시청앞광장,126.9768324946201261_37.5639716881909536,1010020202,중앙일보사,126.9742502538365869_37.5631241528421853,249.0,24.0,서행,126.9742502538365869_37.5631241528421853|126.9749383845103381_37.5633771573157134|126.9750493665217306_37.5634179614493959|126.9763888286545210_37.5639238670732283|126.9765790012718583_37.5639689628774178|126.9766825277856697_37.5639775680622137|126.9768324946201261_37.5639716881909536
2026-09-04T03:35:30.187978+09:00,시의회 앞,시의회 앞,POI130,KEY_1,1010008401,세종대로18길,1010021203,우성빌딩,126.9777193951018148_37.5638099385310227,1010021602,시청앞광장,126.9769689889781006_37.5639574810137518,68.0,27.0,원활,126.9769689889781006_37.5639574810137518|126.9777193951018148_37.5638099385310227
2026-09-04T03:35:30.187978+09:00,시의회 앞,시의회 앞,POI130,KEY_1,1010008402,세종대로18길,1010073800,소공동 87-15,126.9784945856248157_37.5638009334543241,1010021202,우성빌딩,126.9778443694909242_37.5637825313256783,58.0,14.0,정체,126.9778443694909242_37.5637825313256783|126.9779245419285019_37.5637634021338656|126.9780550037610567_37.5637507097928918|126.9781651142375978_37.5637590779395225|126.9784945856248157_37.5638009334543241
2026-09-04T03:35:30.187978+09:00,시의회 앞,시의회 앞,POI130,KEY_1,1010009902,세종대로,1010021604,시청앞광장,126.9768728564433928_37.5640783561644085,1010024204,시청앞교차로,126.9770880989032236_37.5648197786229900,85.0,50.0,원활,126.9770880989032236_37.5648197786229900|126.9770591791834136_37.5646629693451288|126.9770001947957212_37.5644354373990907|126.9769219936512883_37.5642088549141349|126.9768728564433928_37.5640783561644085
2026-09-04T03:35:30.187978+09:00,시의회 앞,시의회 앞,POI130,KEY_1,1010010000,세종대로,1010024203,시청앞교차로,126.9772135411598413_37.5647555843739269,1010021601,시청앞광장,126.9770081698073909_37.5640611462049279,79.0,41.0,원활,126.9770081698073909_37.5640611462049279|126.9770525488461743_37.5641790078298783|126.9771323290460572_37.5644101639924273|126.9771929938028450_37.5646441761629077|126.9772135411598413_37.5647555843739269
2026-09-04T03:35:30.187978+09:00,시의회 앞,시의회 앞,POI130,KEY_1,1010011000,덕수궁길,1010003702,국립현대미술관(덕수궁),126.9734800713954428_37.5653099277390794,1010024205,시청앞교차로,126.9771111379704962_37.5649683842586413,350.0,24.0,서행,126.9771111379704962_37.5649683842586413|126.9769955437966189_37.5648997036250520|126.9769191129801698_37.5648841239987448|126.9762643259252286_37.5649661911538288|126.9761744747147532_37.5649770829893868|126.9759779520215517_37.5650009053778362|126.9758689949813260_37.5650050124235619|126.9752013280298399_37.5649548066137768|126.9751376722967393_37.5649475156969572|126.9743014077374426_37.5648517294047579|126.9740978380537513_37.5648406360021241|126.9740518977143893_37.5648432379020889|126.9740231183313881_37.5648571744892976|126.9736843653272729_37.5652451675209207|126.9735504744861458_37.5653043393530339|126.9734800713954428_37.5653099277390794
2026-09-04T03:35:30.187978+09:00,시의회 앞,시의회 앞,POI130,KEY_1,1010011100,소공로,1010024703,시청앞광장,126.9784672029423973_37.5649273269454653,1010024202,시청앞교차로,126.9772712943529740_37.5649019993645936,106.0,32.0,원활,126.9772712943529740_37.5649019993645936|126.9774098801302102_37.5649281244663342|126.9776269810423628_37.5649428736685351|126.9783249021099323_37.5649392241840445|126.9784672029423973_37.5649273269454653
2026-09-04T03:35:30.187978+09:00,시의회 앞,시의회 앞,POI130,KEY_1,1010011200,소공로,1010024201,시청앞교차로,126.9772516593585294_37.5650094083765893,1010024704,시청앞광장,126.9784659259494219_37.5650361481380060,108.0,30.0,원활,126.9784659259494219_37.5650361481380060|126.9783324600417700_37.5650473063687187|126.9776216401868254_37.5650510228301613|126.9773883375840597_37.5650351731031407|126.9772516593585294_37.5650094083765893
2026-09-04T03:35:30.187978+09:00,시의회 앞,시의회 앞,POI130,KEY_1,1010013800,세종대로,1010004902,강원도민일보(서울본부),126.9771979915670101_37.5670009920858590,1010024201,시청앞교차로,126.9772516593585294_37.5650094083765893,221.0,44.5,원활,126.9772516593585294_37.5650094083765893|126.9772632229602749_37.5651213527824481|126.9772704963173453_37.5652669803863901|126.9772680209366058_37.5654083777349115|126.9772559424266944_37.5656434912380419|126.9771979915670101_37.5670009920858590
2026-09-04T03:35:30.187978+09:00,시의회 앞,시의회 앞,POI130,KEY_1,1010016400,세종대로20길,1010152400,태평로1가 31-1,126.9781614739919320_37.5671149535760875,1010004804,한국체육박물관,126.9791327692852860_37.5670432031565085,86.0,13.0,정체,126.9791327692852860_37.5670432031565085|126.9790021637939503_37.5670657791657803|126.9788569191823626_37.5670778321488825|126.9783926986433755_37.5671163538151802|126.9781614739919320_37.5671149535760875
2026-09-04T03:35:30.187978+09:00,시의회 앞,시의회 앞,POI130,KEY_1,1010018100,세종대로,1010024205,시청앞교차로,126.9771111379704962_37.5649683842586413,1010036201,청계광장,126.9769724776174371_37.5689758850454254,445.0,41.0,원활,126.9769724776174371_37.5689758850454254|126.9770357842986499_37.5675064469025131|126.9770571241010231_37.5671045176161513|126.9770622406749681_37.5669973200828053|126.9771202099424414_37.5656394465692429|126.9771322330851717_37.5654054151655075|126.9771346338183520_37.5652683750225975|126.9771276194723697_37.5651279335943542|126.9771111379704962_37.5649683842586413
2026-09-04T03:35:30.187978+09:00,시의회 앞,시의회 앞,POI130,KEY_1,1010018200,세종대로,1000002000,청계광장,126.9771060680401717_37.5690311929919076,1010004901,강원도민일보(서울본부),126.9771928320576109_37.5671090827981402,213.0,42.3,원활,126.9771928320576109_37.5671090827981402|126.9771715167423451_37.5675105826680635|126.9771060680401717_37.5690311929919076
2026-09-04T03:35:30.187978+09:00,시의회 앞,시의회 앞,POI130,KEY_1,1010037000,남대문로1길,1010023102,서울프라자호텔,126.9781270908112134_37.5644147123986087,1010021201,우성빌딩,126.9778833665384354_37.5638860982800367,62.0,5.0,정체,126.9778833665384354_37.5638860982800367|126.9781270908112134_37.5644147123986087
2026-09-04T03:35:30.187978+09:00,시의회 앞,시의회 앞,POI130,KEY_1,1010037100,남대문로1길,1010021204,우성빌딩,126.9777519647640105_37.5639149035560536,1010023103,서울프라자호텔,126.9779917291016176_37.5644349310718795,61.0,12.0,정체,126.9779917291016176_37.5644349310718795|126.9777519647640105_37.5639149035560536
2026-09-04T03:35:30.187978+09:00,시의회 앞,시의회 앞,POI130,KEY_1,1010038300,소공로,1010023101,서울프라자호텔,126.9781769454158393_37.5645228411741812,1010023304,조선호텔,126.9787312154575005_37.5645930511843886,50.0,17.0,서행,126.9787312154575005_37.5645930511843886|126.9785957557285769_37.5645517262991930|126.9784554783557979_37.5645322032255891|126.9782121876750836_37.5645228476832003|126.9781769454158393_37.5645228411741812
2026-09-04T03:35:30.187978+09:00,시의회 앞,시의회 앞,POI130,KEY_1,1010039000,소공로,1010024202,시청앞교차로,126.9772712943529740_37.5649019993645936,1010023104,서울프라자호텔,126.9780385528240316_37.5645364866542977,82.0,4.0,정체,126.9780385528240316_37.5645364866542977|126.9776055199770184_37.5646501981039478|126.9774312688185773_37.5647230654274864|126.9773645076050741_37.5647713550531037|126.9773054583435652_37.5648401473905977|126.9772712943529740_37.5649019993645936
2026-09-04T03:35:30.187978+09:00,시의회 앞,시의회 앞,POI130,KEY_1,1010045900,새문안로2길,1010034503,조선일보본사,126.9757336729328898_37.5693927914711736,1010034403,덕수초교앞,126.9744623970510844_37.5693699781441666,112.0,13.0,정체,126.9744623970510844_37.5693699781441666|126.9751125420028046_37.5693767090831088|126.9754684882037736_37.5693803926704959|126.9757336729328898_37.5693927914711736
2026-09-04T03:35:30.187978+09:00,시의회 앞,시의회 앞,POI130,KEY_1,1010046000,새문안로2길,1010034402,덕수초교앞,126.9744431042179968_37.5694779067993210,1010034504,조선일보본사,126.9756904321789079_37.5694990761609162,110.0,40.0,원활,126.9756904321789079_37.5694990761609162|126.9754636204795446_37.5694884714731927|126.9751107757574573_37.5694848197226179|126.9744431042179968_37.5694779067993210
2026-09-04T03:35:30.187978+09:00,신논현역·논현역,신논현역·논현역,POI037,KEY_2,1210025402,사평대로,1210134700,반포동 749-35,127.0236141059144614_37.5043118599685954,1210040404,교보타워사거리,127.0243991052031305_37.5045524553287137,74.0,23.0,서행,127.0243991052031305_37.5045524553287137|127.0236141059144614_37.5043118599685954
2026-09-04T03:35:30.187978+09:00,신논현역·논현역,신논현역·논현역,POI037,KEY_2,1210027602,신반포로,1210275400,잠원동 99,127.0203821705510308_37.5108839074530920,1210046004,논현역앞교차로,127.0212424469134902_37.5111447623381054,81.0,31.0,원활,127.0212424469134902_37.5111447623381054|127.0203821705510308_37.5108839074530920
2026-09-04T03:35:30.187978+09:00,신논현역·논현역,신논현역·논현역,POI037,KEY_2,1210027702,신반포로,1210149300,반포동 749,127.0198333910656174_37.5106018115088986,1210045802,중앙일보,127.0194387100755051_37.5104821301408151,37.0,21.0,서행,127.0194387100755051_37.5104821301408151|127.0198333910656174_37.5106018115088986
2026-09-04T03:35:30.187978+09:00,신논현역·논현역,신논현역·논현역,POI037,KEY_2,1220025003,강남대로,1210394200,서초동 1373,127.0253434781147917_37.5025963782215541,1210040403,교보타워사거리,127.0244473968313343_37.5044514101080111,221.0,29.0,원활,127.0244473968313343_37.5044514101080111|127.0247108420325048_37.5039060466009033|127.0253434781147917_37.5025963782215541
2026-09-04T03:35:30.187978+09:00,신논현역·논현역,신논현역·논현역,POI037,KEY_2,1220027202,봉은사로,1210040401,교보타워사거리,127.0245260087286567_37.5045907813304069,1220036604,보건타임즈,127.0277136842342856_37.5055392843385320,301.0,29.0,원활,127.0277136842342856_37.5055392843385320|127.0258610708307287_37.5049880469825112|127.0253288463886605_37.5048296789477078|127.0252017084722951_37.5047918474566870|127.0245260087286567_37.5045907813304069
2026-09-04T03:35:30.187978+09:00,신논현역·논현역,신논현역·논현역,POI037,KEY_2,1220027301,봉은사로,1220036003,신논현역,127.0252491957505185_37.5046905608852796,1210040402,교보타워사거리,127.0245743023879044_37.5044897355058495,64.0,38.0,원활,127.0245743023879044_37.5044897355058495|127.0252491957505185_37.5046905608852796
2026-09-04T03:35:30.187978+09:00,신논현역·논현역,신논현역·논현역,POI037,KEY_2,1220027302,봉은사로,1220317200,역삼동 800,127.0259085572878206_37.5048867600619360,1220036002,신논현역,127.0253763334646919_37.5047283922381283,50.0,35.0,원활,127.0253763334646919_37.5047283922381283|127.0259085572878206_37.5048867600619360
2026-09-04T03:35:30.187978+09:00,신논현역·논현역,신논현역·논현역,POI037,KEY_2,1220027801,강남대로,1210040404,교보타워사거리,127.0243991052031305_37.5045524553287137,1210042503,HM타워,127.0238275183942562_37.5057614843330143,143.0,14.0,정체,127.0238275183942562_37.5057614843330143|127.0241540090957244_37.5050708914382724|127.0243991052031305_37.5045524553287137
2026-09-04T03:35:30.187978+09:00,신논현역·논현역,신논현역·논현역,POI037,KEY_2,1220027802,강남대로,1210042504,HM타워,127.0237750703768711_37.5058715959127795,1210043403,청하빌딩,127.0232278893486892_37.5070167220657709,136.0,37.0,원활,127.0232278893486892_37.5070167220657709|127.0237750703768711_37.5058715959127795
2026-09-04T03:35:30.187978+09:00,신논현역·논현역,신논현역·논현역,POI037,KEY_2,1220027803,강남대로,1210404600,반포동 749-18,127.0215110784695867_37.5105855711166996,1210046003,논현역앞교차로,127.0212906706428271_37.5110436959506757,54.0,27.0,원활,127.0212906706428271_37.5110436959506757|127.0215110784695867_37.5105855711166996
2026-09-04T03:35:30.187978+09:00,신논현역·논현역,신논현역·논현역,POI037,KEY_2,1220027901,강남대로,1220443400,논현동 280,127.0242810161496863_37.5051089999436158,1210040401,교보타워사거리,127.0245260087286567_37.5045907813304069,61.0,25.0,원활,127.0245260087286567_37.5045907813304069|127.0242810161496863_37.5051089999436158
2026-09-04T03:35:30.187978+09:00,신논현역·논현역,신논현역·논현역,POI037,KEY_2,1220027902,강남대로,1210043402,청하빌딩,127.0233547305241473_37.5070551876010612,1210042501,HM타워,127.0239019098950024_37.5059100608685441,136.0,16.0,서행,127.0239019098950024_37.5059100608685441|127.0233547305241473_37.5070551876010612
2026-09-04T03:35:30.187978+09:00,신논현역·논현역,신논현역·논현역,POI037,KEY_2,1220027903,강남대로,1220309900,논현동 280,127.0225878609492725_37.5086494889239788,1210043401,청하빌딩,127.0232987766696908_37.5071716970898308,176.0,23.0,서행,127.0232987766696908_37.5071716970898308|127.0230474222821186_37.5076941986452752|127.0225878609492725_37.5086494889239788
2026-09-04T03:35:30.187978+09:00,신논현역·논현역,신논현역·논현역,POI037,KEY_2,1220030407,학동로,1220325200,논현동 279-67,127.0221311305263896_37.5114114729703303,1220158004,논현역(서울7호선),127.0227048123846032_37.5115835049169206,54.0,14.0,정체,127.0227048123846032_37.5115835049169206|127.0221311305263896_37.5114114729703303
2026-09-04T03:35:30.187978+09:00,신논현역·논현역,신논현역·논현역,POI037,KEY_2,1220030506,학동로,1220325300,논현동 279-67,127.0221789489386168_37.5113102848538986,1210046002,논현역앞교차로,127.0214176087622775_37.5110819738494570,72.0,23.0,서행,127.0214176087622775_37.5110819738494570|127.0221789489386168_37.5113102848538986
2026-09-04T03:35:30.187978+09:00,신논현역·논현역,신논현역·논현역,POI037,KEY_2,1220030507,학동로,1220041903,주한부탄왕국명예총영사관,127.0234136233973601_37.5116805263399442,1220158002,논현역(서울7호선),127.0228796600953984_37.5115204088512186,50.0,40.0,원활,127.0228796600953984_37.5115204088512186|127.0234136233973601_37.5116805263399442
2026-09-04T03:35:30.187978+09:00,신논현역·논현역,신논현역·논현역,POI037,KEY_2,1220030601,강남대로,1210046004,논현역앞교차로,127.0212424469134902_37.5111447623381054,1210046503,원빌딩,127.0207750873245374_37.5121324472905613,117.0,21.0,서행,127.0207750873245374_37.5121324472905613|127.0208603365410340_37.5119522896699067|127.0212424469134902_37.5111447623381054
2026-09-04T03:35:30.187978+09:00,신논현역·논현역,신논현역·논현역,POI037,KEY_2,1220030701,강남대로,1220383100,논현동 280,127.0209873423382589_37.5119904251618195,1210046001,논현역앞교차로,127.0213693851217158_37.5111830402280262,96.0,24.0,서행,127.0213693851217158_37.5111830402280262|127.0209873423382589_37.5119904251618195
2026-09-04T03:35:30.187978+09:00,신논현역·논현역,신논현역·논현역,POI037,KEY_2,1220064500,테헤란로1길,1220438100,역삼동 858-6,127.0255100549291853_37.5041277615367150,1220036003,신논현역,127.0252491957505185_37.5046905608852796,67.0,13.0,정체,127.0252491957505185_37.5046905608852796|127.0255100549291853_37.5041277615367150
2026-09-04T03:35:30.187978+09:00,신논현역·논현역,신논현역·논현역,POI037,KEY_2,1220073300,강남대로118길,1220285600,논현동 280-21,127.0245724546161910_37.5063437576129388,1210042502,HM타워,127.0239545262593310_37.5057995931114334,82.0,36.0,원활,127.0239545262593310_37.5057995931114334|127.0241796229151134_37.5059761899912516|127.0245724546161910_37.5063437576129388
2026-09-04T03:35:30.187978+09:00,신논현역·논현역,신논현역·논현역,POI037,KEY_2,1220073400,강남대로118길,1220344200,논현동 280-22,127.0260578684266903_37.5071566901156643,1220038404,동진빌라,127.0270270582617940_37.5074525861540309,92.0,13.0,정체,127.0270270582617940_37.5074525861540309|127.0267446316322122_37.5073663616738386|127.0260578684266903_37.5071566901156643
2026-09-04T03:35:30.187978+09:00,신논현역·논현역,신논현역·논현역,POI037,KEY_2,1220076200,강남대로122길,1220383300,논현동 280-21,127.0239585511872207_37.5076461467828892,1210043402,청하빌딩,127.0233547305241473_37.5070551876010612,85.0,10.0,정체,127.0233547305241473_37.5070551876010612|127.0239585511872207_37.5076461467828892
2026-09-04T03:35:30.187978+09:00,신도림역,신도림역,POI038,KEY_3,1160002810,경인로,1160046003,신도림역앞교차로,126.8903424587400792_37.5101498583467645,1160044901,신도림1차푸르지오아파트,126.8874005665339268_37.5084270778164779,324.0,18.0,서행,126.8874005665339268_37.5084270778164779|126.8883045512452412_37.5090891878129966|126.8885921501778000_37.5092764511375876|126.8887544663060396_37.5093640420734502|126.8903424587400792_37.5101498583467645
2026-09-04T03:35:30.187978+09:00,신도림역,신도림역,POI038,KEY_3,1160003000,경인로,1160046101,구로구-영등포구,126.8912321353821966_37.5105628597886351,1160046002,신도림역앞교차로,126.8904555821730611_37.5102041121521665,79.0,32.5,원활,126.8904555821730611_37.5102041121521665|126.8912321353821966_37.5105628597886351
2026-09-04T03:35:30.187978+09:00,신도림역,신도림역,POI038,KEY_3,1180052800,대방천로,1180322300,최소노드배치점,126.8935975656483919_37.5081974894365828,1180021900,남성아파트,126.8912162735914109_37.5112358968431892,408.0,64.0,원활,126.8912162735914109_37.5112358968431892|126.8913272395882075_37.5110271967147852|126.8913932951010111_37.5108770709088546|126.8918343349843099_37.5100955527058417|126.8924223350581855_37.5090805434708088|126.8925032943379847_37.5089685736822602|126.8926007325865726_37.5088423144747836|126.8927176122257805_37.5087220329867606|126.8928584330055003_37.5086017730982491|126.8930067151990073_37.5084946321149744|126.8931864263503542_37.5083815583219149|126.8933870642186577_37.5082828074889605|126.8935975656483919_37.5081974894365828
2026-09-04T03:35:30.187978+09:00,신림역,신림역,POI039,KEY_4,1200004102,신원로,1200018202,신림교(남측),126.9286207564022249_37.4816238943609719,1200018402,신림교(북측),126.9290143862204872_37.4819760796263850,53.0,36.0,원활,126.9290143862204872_37.4819760796263850|126.9286924192674775_37.4817310050226524|126.9286207564022249_37.4816238943609719
2026-09-04T03:35:30.187978+09:00,신림역,신림역,POI039,KEY_4,1200004103,신원로,1200018402,신림교(북측),126.9290143862204872_37.4819760796263850,1200002204,청암두산위브센티움아파트,126.9298127276580317_37.4824928509211759,91.0,25.0,원활,126.9298127276580317_37.4824928509211759|126.9296886447191497_37.4824229406256961|126.9294781618747976_37.4822744658780707|126.9291012539534478_37.4820085923506383|126.9290143862204872_37.4819760796263850
2026-09-04T03:35:30.187978+09:00,신림역,신림역,POI039,KEY_4,1200004202,신원로,1200018401,신림교(북측),126.9290904863204332_37.4818883651078352,1200018201,신림교(남측),126.9287243528422948_37.4815571342682148,49.0,7.0,정체,126.9287243528422948_37.4815571342682148|126.9288021597998153_37.4816652191764348|126.9290904863204332_37.4818883651078352
2026-09-04T03:35:30.187978+09:00,신림역,신림역,POI039,KEY_4,1200004203,신원로,1200134200,신림동 1637-28,126.9295680884739426_37.4821935061319849,1200018401,신림교(북측),126.9290904863204332_37.4818883651078352,55.0,9.0,정체,126.9290904863204332_37.4818883651078352|126.9291765809071393_37.4819173338105003|126.9295680884739426_37.4821935061319849
2026-09-04T03:35:30.187978+09:00,신림역,신림역,POI039,KEY_4,1200006301,신림로,1200128900,신림동 1642-9,126.9297651262775162_37.4829859944651815,1200020103,신림역사거리,126.9296473116667414_37.4842065087380831,136.0,19.0,서행,126.9296473116667414_37.4842065087380831|126.9297127106620167_37.4835290051691103|126.9297651262775162_37.4829859944651815
2026-09-04T03:35:30.187978+09:00,신림역,신림역,POI039,KEY_4,1200006401,신림로,1200126800,신림동 1642-9,126.9298479887308844_37.4835372976435508,1200002201,청암두산위브센티움아파트,126.9299480045151114_37.4825011433319801,115.0,29.0,원활,126.9299480045151114_37.4825011433319801|126.9299004037127929_37.4829942868911843|126.9298479887308844_37.4835372976435508
2026-09-04T03:35:30.187978+09:00,신림역,신림역,POI039,KEY_4,1200007101,남부순환로,1200019201,봉림교앞교차로,126.9259814166635607_37.4838452405197131,1200019302,봉림교,126.9265933890458058_37.4839284039129623,55.0,40.0,원활,126.9265933890458058_37.4839284039129623|126.9259814166635607_37.4838452405197131
2026-09-04T03:35:30.187978+09:00,신림역,신림역,POI039,KEY_4,1200007102,남부순환로,1200019302,봉림교,126.9265933890458058_37.4839284039129623,1200019704,신림빌딩,126.9271300263131081_37.4839919793202796,48.0,32.0,원활,126.9271300263131081_37.4839919793202796|126.9265933890458058_37.4839284039129623
2026-09-04T03:35:30.187978+09:00,신림역,신림역,POI039,KEY_4,1200007103,남부순환로,1200080500,신림동 1467-10,126.9281206685292318_37.4841178312982279,1200020104,신림역사거리,126.9296345705553506_37.4843144004965225,136.0,35.0,원활,126.9296345705553506_37.4843144004965225|126.9281206685292318_37.4841178312982279
2026-09-04T03:35:30.187978+09:00,신림역,신림역,POI039,KEY_4,1200007201,남부순환로,1200019301,봉림교,126.9266147704214944_37.4838216396349608,1200019202,봉림교앞교차로,126.9260042284080470_37.4837386582791297,55.0,8.0,정체,126.9260042284080470_37.4837386582791297|126.9266147704214944_37.4838216396349608
2026-09-04T03:35:30.187978+09:00,신림역,신림역,POI039,KEY_4,1200007202,남부순환로,1200019703,신림빌딩,126.9271499741240774_37.4838850371988528,1200019301,봉림교,126.9266147704214944_37.4838216396349608,48.0,8.0,정체,126.9266147704214944_37.4838216396349608|126.9271499741240774_37.4838850371988528
2026-09-04T03:35:30.187978+09:00,신림역,신림역,POI039,KEY_4,1200007203,남부순환로,1200080600,신림동 1467-10,126.9281424889960022_37.4840111176954167,1200019702,신림빌딩,126.9274148922430072_37.4839166369399663,65.0,8.0,정체,126.9274148922430072_37.4839166369399663|126.9278158896297697_37.4839687083113660|126.9281424889960022_37.4840111176954167
2026-09-04T03:35:30.187978+09:00,신림역,신림역,POI039,KEY_4,1200007902,남부순환로,1200020101,신림역사거리,126.9297686662309843_37.4843316191219031,1200020804,프레콘빌딩,126.9334177978626741_37.4847896255204915,327.0,25.0,원활,126.9334177978626741_37.4847896255204915|126.9313947265893603_37.4845382789214909|126.9297686662309843_37.4843316191219031
2026-09-04T03:35:30.187978+09:00,신림역,신림역,POI039,KEY_4,1200008002,남부순환로,1200020803,프레콘빌딩,126.9334386973421545_37.4846827956256874,1200020102,신림역사거리,126.9297817227290892_37.4842237912787937,327.0,41.5,원활,126.9297817227290892_37.4842237912787937|126.9314158613318000_37.4844314775554039|126.9334386973421545_37.4846827956256874
2026-09-04T03:35:30.187978+09:00,신림역,신림역,POI039,KEY_4,1200009902,신림로,1200020104,신림역사거리,126.9296345705553506_37.4843144004965225,1200021103,속성변화점,126.9295553661489748_37.4848688498997049,62.0,7.0,정체,126.9295553661489748_37.4848688498997049|126.9296345705553506_37.4843144004965225
2026-09-04T03:35:30.187978+09:00,신림역,신림역,POI039,KEY_4,1200009903,신림로,1200105700,신림동 1467-9,126.9289535004739378_37.4870088740843457,1200023903,패션거리입구,126.9287320328464403_37.4875074332781750,59.0,25.0,원활,126.9287320328464403_37.4875074332781750|126.9289535004739378_37.4870088740843457
2026-09-04T03:35:30.187978+09:00,신림역,신림역,POI039,KEY_4,1200010002,신림로,1200021102,신림역(신림선),126.9296901754619284_37.4848810790201838,1200020101,신림역사거리,126.9297686662309843_37.4843316191219031,61.0,20.0,서행,126.9297686662309843_37.4843316191219031|126.9296901754619284_37.4848810790201838
2026-09-04T03:35:30.187978+09:00,신림역,신림역,POI039,KEY_4,1200010003,신림로,1200107300,신림동 1467-10,126.9296502982945611_37.4852749534387613,1200021101,신림역(신림선),126.9296775075418395_37.4849889447568003,32.0,29.0,원활,126.9296775075418395_37.4849889447568003|126.9296502982945611_37.4852749534387613
2026-09-04T03:35:30.187978+09:00,신림역,신림역,POI039,KEY_4,1200034700,관천로,1200018401,신림교(북측),126.9290904863204332_37.4818883651078352,1200017501,웅산빌딩,126.9299789404261389_37.4811381328184083,126.0,9.0,정체,126.9299789404261389_37.4811381328184083|126.9298217809850229_37.4810932390031510|126.9297649329152335_37.4811051246699947|126.9295164022418589_37.4813648240106829|126.9294475460358171_37.4814219969730971|126.9291960249631046_37.4816769266020415|126.9290904863204332_37.4818883651078352
2026-09-04T03:35:30.187978+09:00,신림역,신림역,POI039,KEY_4,1200035100,관천로,1200019301,봉림교,126.9266147704214944_37.4838216396349608,1200018402,신림교(북측),126.9290143862204872_37.4819760796263850,295.0,26.0,원활,126.9290143862204872_37.4819760796263850|126.9290012731884332_37.4820034073762258|126.9287378307599710_37.4822082660947515|126.9275014496326293_37.4831491633948630|126.9267769577677711_37.4837113225239165|126.9266147704214944_37.4838216396349608
2026-09-04T03:35:30.187978+09:00,신림역,신림역,POI039,KEY_4,1200035800,관천로,1200084000,신림동 1433-146,126.9260978536034514_37.4844856918411580,1200019701,신림빌딩,126.9273930706725508_37.4840233507243710,126.0,8.0,정체,126.9273930706725508_37.4840233507243710|126.9268531317812858_37.4841985908938327|126.9263496185242275_37.4843722096447465|126.9261137946958087_37.4844764198908393|126.9260978536034514_37.4844856918411580
2026-09-04T03:35:30.187978+09:00,신림역,신림역,POI039,KEY_4,1200035900,관천로,1200019704,신림빌딩,126.9271300263131081_37.4839919793202796,1200021004,봉림교삼거리,126.9252720732605866_37.4848497357513395,191.0,19.0,서행,126.9252720732605866_37.4848497357513395|126.9255012661441242_37.4846988293717587|126.9260178634568774_37.4843983592746426|126.9260406177968008_37.4843851244896413|126.9262896351738732_37.4842750840857164|126.9268005969255029_37.4840988969223616|126.9271300263131081_37.4839919793202796
2026-09-04T03:35:30.187978+09:00,신림역,신림역,POI039,KEY_4,1200037000,남부순환로187길,1200105000,신림동 1412-2,126.9334057669882583_37.4851541017712648,1200021603,서울관악우체국,126.9333993548549131_37.4853483563466554,22.0,14.0,정체,126.9333993548549131_37.4853483563466554|126.9334057669882583_37.4851541017712648
2026-09-04T03:35:30.187978+09:00,신림역,신림역,POI039,KEY_4,1200037200,신림로64길,1200021603,서울관악우체국,126.9333993548549131_37.4853483563466554,1200021102,신림역(신림선),126.9296901754619284_37.4848810790201838,332.0,9.0,정체,126.9296901754619284_37.4848810790201838|126.9309406511893741_37.4850382794090038|126.9333993548549131_37.4853483563466554
2026-09-04T03:35:30.187978+09:00,신정네거리역,신정네거리역,POI117,KEY_1,1140012300,중앙로,1140304000,신정동 1231,126.8527778798694214_37.5203231384960318,1140020503,신정네거리역앞교차로,126.8524641082912154_37.5210454129062327,85.0,12.0,정체,126.8524641082912154_37.5210454129062327|126.8527778798694214_37.5203231384960318
2026-09-04T03:35:30.187978+09:00,신정네거리역,신정네거리역,POI117,KEY_1,1140012400,중앙로,1140292700,신정동 1092,126.8534166988610536_37.5191903498562382,1140003301,목동10단지앞교차로,126.8538153270405218_37.5182869674380797,106.0,14.0,정체,126.8538153270405218_37.5182869674380797|126.8537622755779211_37.5184071955056453|126.8535160562519053_37.5189651855214876|126.8534166988610536_37.5191903498562382
2026-09-04T03:35:30.187978+09:00,신정네거리역,신정네거리역,POI117,KEY_1,1140014902,신월로,1140243500,신정동 1093,126.8532645566517232_37.5212174537458623,1140020904,신정동 1093,126.8543856987749194_37.5213497353641685,100.0,26.0,원활,126.8543856987749194_37.5213497353641685|126.8532645566517232_37.5212174537458623
2026-09-04T03:35:30.187978+09:00,신정네거리역,신정네거리역,POI117,KEY_1,1140014903,신월로,1140267200,신정동 1093,126.8554773918877174_37.5214758708896383,1140021305,동은빌딩,126.8566435580547562_37.5216053651049535,104.0,44.0,원활,126.8566435580547562_37.5216053651049535|126.8560160057808162_37.5215356815056253|126.8554773918877174_37.5214758708896383
2026-09-04T03:35:30.187978+09:00,신정네거리역,신정네거리역,POI117,KEY_1,1140014906,신월로,1140021306,신정동1093,126.8583322449103576_37.5217928596022290,1140021504,꿈꾸는카멜레온어린이미술관,126.8596132846867874_37.5219356418171444,114.0,44.5,원활,126.8596132846867874_37.5219356418171444|126.8591959897358947_37.5218887510016685|126.8583322449103576_37.5217928596022290
2026-09-04T03:35:30.187978+09:00,신정네거리역,신정네거리역,POI117,KEY_1,1140014907,신월로,1140021302,동은빌딩,126.8567780062629282_37.5216202938004884,1140021309,신정동1093,126.8581977948664274_37.5217779325875256,127.0,40.5,원활,126.8581977948664274_37.5217779325875256|126.8567780062629282_37.5216202938004884
2026-09-04T03:35:30.187978+09:00,신정네거리역,신정네거리역,POI117,KEY_1,1140015001,신월로,1140020603,신정네거리역앞,126.8528554777727635_37.5210598841245044,1140020502,신정네거리역앞교차로,126.8526138493944728_37.5210313723228168,22.0,22.0,서행,126.8526138493944728_37.5210313723228168|126.8528554777727635_37.5210598841245044
2026-09-04T03:35:30.187978+09:00,신정네거리역,신정네거리역,POI117,KEY_1,1140015002,신월로,1140243600,신정동 1093,126.8532844491230094_37.5211105006627648,1140020602,신정네거리역앞,126.8530325905116598_37.5210807827743906,23.0,42.0,원활,126.8530325905116598_37.5210807827743906|126.8532844491230094_37.5211105006627648
2026-09-04T03:35:30.187978+09:00,신정네거리역,신정네거리역,POI117,KEY_1,1140015003,신월로,1140267100,신정동 1093,126.8554961365460656_37.5213687864358008,1140020902,신정동 1093,126.8545569843418690_37.5212606440898142,84.0,42.0,원활,126.8545569843418690_37.5212606440898142|126.8551125002585565_37.5213261838740664|126.8554961365460656_37.5213687864358008
2026-09-04T03:35:30.187978+09:00,신정네거리역,신정네거리역,POI117,KEY_1,1140015005,신월로,1140272400,신정동 1094,126.8610576912007701_37.5219887458859915,1140021502,꿈꾸는카멜레온어린이미술관,126.8597665692237371_37.5218436752577844,115.0,36.0,원활,126.8597665692237371_37.5218436752577844|126.8608449515332666_37.5219648434398678|126.8610576912007701_37.5219887458859915
2026-09-04T03:35:30.187978+09:00,신정네거리역,신정네거리역,POI117,KEY_1,1140015006,신월로,1140021308,신정동1093,126.8582165356956324_37.5216708475291441,1140021303,동은빌딩,126.8567967490803738_37.5215132089686207,127.0,43.0,원활,126.8567967490803738_37.5215132089686207|126.8582165356956324_37.5216708475291441
2026-09-04T03:35:30.187978+09:00,신정네거리역,신정네거리역,POI117,KEY_1,1140015007,신월로,1140021503,꿈꾸는카멜레온어린이미술관,126.8596321536522282_37.5218285714619171,1140021307,신정동1093,126.8583509854924927_37.5216857745389447,114.0,26.5,원활,126.8583509854924927_37.5216857745389447|126.8592148414391971_37.5217816785654037|126.8596321536522282_37.5218285714619171
2026-09-04T03:35:30.187978+09:00,신정네거리역,신정네거리역,POI117,KEY_1,1140015902,중앙로,1140020504,신정네거리역앞교차로,126.8523200137848335_37.5213068059378259,1140022603,명성빌딩,126.8516685864229601_37.5225158329285406,146.0,34.0,원활,126.8516685864229601_37.5225158329285406|126.8517987058371261_37.5222713272162238|126.8519436904784499_37.5219988863798335|126.8521324176756337_37.5216442455826495|126.8523200137848335_37.5213068059378259
2026-09-04T03:35:30.187978+09:00,신정네거리역,신정네거리역,POI117,KEY_1,1140016001,중앙로,1140118300,신정동 1092,126.8520686739882422_37.5220410804103963,1140020501,신정네거리역앞교차로,126.8525640943406501_37.5211348016249673,110.0,41.0,원활,126.8525640943406501_37.5211348016249673|126.8522569777203586_37.5216872332956370|126.8520686739882422_37.5220410804103963
2026-09-04T03:35:30.187978+09:00,신정네거리역,신정네거리역,POI117,KEY_1,1140016106,신월로,1140022001,신월동 895,126.8507094594277902_37.5223133908582369,1140020504,신정네거리역앞교차로,126.8523200137848335_37.5213068059378259,182.0,31.0,원활,126.8523200137848335_37.5213068059378259|126.8521160507619499_37.5214639048480976|126.8510318117103566_37.5221668925016729|126.8508268269855961_37.5222704255984212|126.8507094594277902_37.5223133908582369
2026-09-04T03:35:30.187978+09:00,신정네거리역,신정네거리역,POI117,KEY_1,1140054801,중앙로34길,1140019405,신정1동주민센터,126.8538796784740867_37.5193821376289378,1140020603,신정네거리역앞,126.8528554777727635_37.5210598841245044,222.0,17.0,서행,126.8528554777727635_37.5210598841245044|126.8535934020350737_37.5205511930761588|126.8536999963924075_37.5204621007117112|126.8537692383027178_37.5203712086594976|126.8537955704803295_37.5202940803262450|126.8538126090800660_37.5201853955234341|126.8538219892636931_37.5201255616303442|126.8538796784740867_37.5193821376289378
2026-09-04T03:35:30.187978+09:00,신정네거리역,신정네거리역,POI117,KEY_1,1140054802,중앙로34길,1140019409,목동10단지앞,126.8539734917989961_37.5183344603548790,1140019404,신정1동주민센터,126.8538880871001027_37.5192737759540336,105.0,7.0,정체,126.8538880871001027_37.5192737759540336|126.8539379775177309_37.5186308268166684|126.8539734917989961_37.5183344603548790
2026-09-04T03:35:30.187978+09:00,신정네거리역,신정네거리역,POI117,KEY_1,1140054901,중앙로34길,1140019403,신정1동주민센터,126.8540235698495025_37.5192804456659488,1140019406,목동10단지앞,126.8541051135368178_37.5183739826820073,101.0,25.0,원활,126.8541051135368178_37.5183739826820073|126.8540733198426267_37.5186393004506940|126.8540235698495025_37.5192804456659488
2026-09-04T03:35:30.187978+09:00,신정네거리역,신정네거리역,POI117,KEY_1,1140054902,중앙로34길,1140186400,신정동 1146,126.8539473066920351_37.5201987921083031,1140019402,신정1동주민센터,126.8540151614070339_37.5193888074719695,90.0,12.0,정체,126.8540151614070339_37.5193888074719695|126.8539572124395534_37.5201356047961312|126.8539473066920351_37.5201987921083031
2026-09-04T03:35:30.187978+09:00,신정네거리역,신정네거리역,POI117,KEY_1,1140055900,은행정로,1140166500,신정동 1125,126.8597165347587321_37.5213433547744302,1140021503,꿈꾸는카멜레온어린이미술관,126.8596321536522282_37.5218285714619171,54.0,11.0,정체,126.8596321536522282_37.5218285714619171|126.8597165347587321_37.5213433547744302
2026-09-04T03:35:30.187978+09:00,신정네거리역,신정네거리역,POI117,KEY_1,1140058000,오목로30길,1140150600,신정동 1106,126.8546981085227401_37.5223329762819091,1140020901,신정동 1093,126.8545370935655114_37.5213675973558196,111.0,12.0,정체,126.8545370935655114_37.5213675973558196|126.8547338215463469_37.5218205968237299|126.8547705802692747_37.5219357855826985|126.8546981085227401_37.5223329762819091
2026-09-04T03:35:30.187978+09:00,신정네거리역,신정네거리역,POI117,KEY_1,1140058400,오목로38길,1140137400,신정동 1105,126.8566236011362918_37.5225408124600364,1140021302,동은빌딩,126.8567780062629282_37.5216202938004884,103.0,6.0,정체,126.8567780062629282_37.5216202938004884|126.8566236011362918_37.5225408124600364
2026-09-04T03:35:30.187978+09:00,신정네거리역,신정네거리역,POI117,KEY_1,1140058600,은행정로,1140207400,신정동 1113,126.8596569688713629_37.5224588897148266,1140021501,꿈꾸는카멜레온어린이미술관,126.8597477005454266_37.5219507456227035,57.0,7.0,정체,126.8597477005454266_37.5219507456227035|126.8596569688713629_37.5224588897148266
2026-09-04T03:35:30.187978+09:00,신정네거리역,신정네거리역,POI117,KEY_1,1140276400,중앙로36길,1140262500,신정동 1050-36,126.8547144854327797_37.5193650062674351,1140019403,신정1동주민센터,126.8540235698495025_37.5192804456659488,62.0,18.0,서행,126.8540235698495025_37.5192804456659488|126.8547084315488149_37.5193643641604027|126.8547144854327797_37.5193650062674351
2026-09-04T03:35:30.187978+09:00,신정네거리역,신정네거리역,POI117,KEY_1,1140277700,신월로36길,1140175700,신정동 1323-2,126.8584682314931626_37.5203048399161645,1140108303,신정동1125,126.8583172237674432_37.5211313429453099,93.0,22.0,서행,126.8583172237674432_37.5211313429453099|126.8583812989856057_37.5208181099124545|126.8583818978566029_37.5208145740617596|126.8584682314931626_37.5203048399161645
2026-09-04T03:35:30.187978+09:00,신정네거리역,신정네거리역,POI117,KEY_1,1140277900,신월로36길,1140021307,신정동1093,126.8583509854924927_37.5216857745389447,1140108301,신정동1125,126.8584307373469926_37.5212539233509972,48.0,13.0,정체,126.8584307373469926_37.5212539233509972|126.8583509854924927_37.5216857745389447
2026-09-04T03:35:30.187978+09:00,신정네거리역,신정네거리역,POI117,KEY_1,1140278000,신월로36길,1140108304,신정동1125,126.8582964364918979_37.5212381891154365,1140021308,신정동1093,126.8582165356956324_37.5216708475291441,49.0,25.0,원활,126.8582165356956324_37.5216708475291441|126.8582964364918979_37.5212381891154365
2026-09-04T03:35:30.187978+09:00,신정네거리역,신정네거리역,POI117,KEY_1,1140278200,은행정로5길,1140134600,신정동 1127,126.8569637813919257_37.5210795349276367,1140108304,신정동1125,126.8582964364918979_37.5212381891154365,119.0,19.0,서행,126.8582964364918979_37.5212381891154365|126.8569637813919257_37.5210795349276367
2026-09-04T03:35:30.187978+09:00,신촌·이대역,신촌·이대역,POI040,KEY_2,1120000100,신촌로,1120088400,대현동 60-11,126.9446865403610190_37.5567732537023247,1120000209,이대역앞교차로,126.9458093614291130_37.5568354550338697,99.0,49.0,원활,126.9458093614291130_37.5568354550338697|126.9446865403610190_37.5567732537023247
2026-09-04T03:35:30.187978+09:00,신촌·이대역,신촌·이대역,POI040,KEY_2,1120000404,신촌로,1130263200,대흥동 3-63,126.9464914102469635_37.5567658919320806,1120000207,이대역앞교차로,126.9459501043940008_37.5567349831730724,48.0,20.0,서행,126.9459501043940008_37.5567349831730724|126.9464914102469635_37.5567658919320806
2026-09-04T03:35:30.187978+09:00,신촌·이대역,신촌·이대역,POI040,KEY_2,1120002701,신촌역로,1120071600,대현동 60-11,126.9427680418913411_37.5578961046815536,1120004602,신촌역,126.9427440310376340_37.5585203049646097,69.0,16.0,서행,126.9427440310376340_37.5585203049646097|126.9427680418913411_37.5578961046815536
2026-09-04T03:35:30.187978+09:00,신촌·이대역,신촌·이대역,POI040,KEY_2,1120002801,신촌역로,1120115700,대현동 60-11,126.9429316939373678_37.5571739776181843,1130029101,신촌기차역입구교차로,126.9429508064184517_37.5566770773961380,55.0,32.0,원활,126.9429508064184517_37.5566770773961380|126.9429316939373678_37.5571739776181843
2026-09-04T03:35:30.187978+09:00,신촌·이대역,신촌·이대역,POI040,KEY_2,1120002802,신촌역로,1120005103,신촌역,126.9428490112470627_37.5589999804080819,1120004601,신촌역,126.9428797809855354_37.5585236143059831,53.0,31.0,원활,126.9428797809855354_37.5585236143059831|126.9428522809412954_37.5589815940035621|126.9428490112470627_37.5589999804080819
2026-09-04T03:35:30.187978+09:00,신촌·이대역,신촌·이대역,POI040,KEY_2,1120003002,이화여대길,1120050200,대현동 60-11,126.9459111121087034_37.5573503317707704,1120000206,이대역앞교차로,126.9459449283367718_37.5568430846451875,56.0,23.0,서행,126.9459449283367718_37.5568430846451875|126.9459370069837689_37.5570327600623557|126.9459111121087034_37.5573503317707704
2026-09-04T03:35:30.187978+09:00,신촌·이대역,신촌·이대역,POI040,KEY_2,1120003101,명물길,1120103200,창천동 31-62,126.9387014712648210_37.5585993116674715,1120004903,북경어언대학교,126.9392103198794786_37.5589742883029700,61.0,11.0,정체,126.9392103198794786_37.5589742883029700|126.9391313904544205_37.5589213056300650|126.9387014712648210_37.5585993116674715
2026-09-04T03:35:30.187978+09:00,신촌·이대역,신촌·이대역,POI040,KEY_2,1120003102,명물길,1120057200,창천동 31-64,126.9402143091177209_37.5591519755949577,1120001504,명물거리교차로,126.9403451527086730_37.5591543062232276,12.0,35.0,원활,126.9403451527086730_37.5591543062232276|126.9402143091177209_37.5591519755949577
2026-09-04T03:35:30.187978+09:00,신촌·이대역,신촌·이대역,POI040,KEY_2,1120003201,명물길,1120098800,창천동 18-54,126.9375123444595204_37.5575602259048438,1120004502,현대백화점유플렉스(신촌점),126.9369730969373080_37.5572180933913842,61.0,27.0,원활,126.9369730969373080_37.5572180933913842|126.9371287798259686_37.5572890262117483|126.9374266006236667_37.5574960038265644|126.9375123444595204_37.5575602259048438
2026-09-04T03:35:30.187978+09:00,신촌·이대역,신촌·이대역,POI040,KEY_2,1120003202,명물길,1120099300,창천동 31-64,126.9399922025746577_37.5590398721991008,1120004901,북경어언대학교,126.9394401770155696_37.5589847229875957,50.0,23.0,서행,126.9394401770155696_37.5589847229875957|126.9395187556796856_37.5590205224607772|126.9395956552481550_37.5590328072777240|126.9399922025746577_37.5590398721991008
2026-09-04T03:35:30.187978+09:00,신촌·이대역,신촌·이대역,POI040,KEY_2,1120003301,연세로,1120004504,현대백화점유플렉스(신촌점),126.9368371308242018_37.5572889150469535,1120004803,창천동 30-18,126.9368510014508757_37.5588996821571541,179.0,14.0,정체,126.9368510014508757_37.5588996821571541|126.9368340470399659_37.5574372784594317|126.9368371308242018_37.5572889150469535
2026-09-04T03:35:30.187978+09:00,신촌·이대역,신촌·이대역,POI040,KEY_2,1120003302,연세로,1120004804,창천동 30-18,126.9368505138006498_37.5590108985973998,1120005503,연세대앞교차로,126.9368364800660771_37.5599930891343377,109.0,10.0,정체,126.9368364800660771_37.5599930891343377|126.9368505138006498_37.5590108985973998
2026-09-04T03:35:30.187978+09:00,신촌·이대역,신촌·이대역,POI040,KEY_2,1120003401,연세로,1120004802,창천동 30-18,126.9369867245719377_37.5588913341097239,1120004501,현대백화점유플렉스(신촌점),126.9369718556757505_37.5573421030471337,172.0,9.0,정체,126.9369718556757505_37.5573421030471337|126.9369698696455231_37.5574376736014486|126.9369867245719377_37.5588913341097239
2026-09-04T03:35:30.187978+09:00,신촌·이대역,신촌·이대역,POI040,KEY_2,1120003402,연세로,1120005502,연세대앞교차로,126.9369722907914309_37.5599940789319859,1120004801,창천동 30-18,126.9369864978419571_37.5589996318879216,110.0,3.0,정체,126.9369864978419571_37.5589996318879216|126.9369722907914309_37.5599940789319859
2026-09-04T03:35:30.187978+09:00,신촌·이대역,신촌·이대역,POI040,KEY_2,1120003501,이화여대길,1120005002,신촌역,126.9420267726184761_37.5591801830420735,1120005104,신촌역,126.9426661573823623_37.5591824608859142,57.0,18.0,서행,126.9426661573823623_37.5591824608859142|126.9426586391526541_37.5591822440454948|126.9421138457002485_37.5591743855017910|126.9420267726184761_37.5591801830420735
2026-09-04T03:35:30.187978+09:00,신촌·이대역,신촌·이대역,POI040,KEY_2,1120003502,신촌역로,1120001501,명물거리교차로,126.9404809387878714_37.5591565534944891,1120005002,신촌역,126.9420267726184761_37.5591801830420735,137.0,38.0,원활,126.9420267726184761_37.5591801830420735|126.9415767821894292_37.5591733065980620|126.9412142365348615_37.5591677651764968|126.9408768439811013_37.5591626072131248|126.9404809387878714_37.5591565534944891
2026-09-04T03:35:30.187978+09:00,신촌·이대역,신촌·이대역,POI040,KEY_2,1120003601,신촌역로,1120114700,창천동 31-64,126.9408794518354000_37.5590545075459303,1120001502,명물거리교차로,126.9404835471664086_37.5590484540526717,35.0,43.0,원활,126.9404835471664086_37.5590484540526717|126.9408794518354000_37.5590545075459303
2026-09-04T03:35:30.187978+09:00,신촌·이대역,신촌·이대역,POI040,KEY_2,1120003801,이화여대길,1120069800,대현동 60-11,126.9436423389426665_37.5591035513754079,1120005102,신촌역,126.9429796664790473_37.5590839814278610,59.0,17.0,서행,126.9429796664790473_37.5590839814278610|126.9434309302908161_37.5590989851527581|126.9436423389426665_37.5591035513754079
2026-09-04T03:35:30.187978+09:00,신촌·이대역,신촌·이대역,POI040,KEY_2,1120003901,신촌역로,1120001504,명물거리교차로,126.9403451527086730_37.5591543062232276,1120005402,세브란스병원입구,126.9403236648437030_37.5598832986994040,81.0,14.0,정체,126.9403236648437030_37.5598832986994040|126.9403451527086730_37.5591543062232276
2026-09-04T03:35:30.187978+09:00,신촌·이대역,신촌·이대역,POI040,KEY_2,1120004401,성산로,1120005700,세브란스병원입구,126.9399697271517624_37.5600298889541833,1120005502,연세대앞교차로,126.9369722907914309_37.5599940789319859,265.0,47.0,원활,126.9369722907914309_37.5599940789319859|126.9381957544518968_37.5600239454363845|126.9383304604905334_37.5600259947314896|126.9392179638289520_37.5600335435028612|126.9394831195383091_37.5600177212536508|126.9396777836779791_37.5599969609922439|126.9398686749726863_37.5600119581510583|126.9399697271517624_37.5600298889541833
2026-09-04T03:35:30.187978+09:00,신촌·이대역,신촌·이대역,POI040,KEY_2,1120004403,성산로,1120001902,세브란스병원입구,126.9406365826691854_37.5602535248457912,1120005700,세브란스병원입구,126.9399697271517624_37.5600298889541833,65.0,18.0,서행,126.9399697271517624_37.5600298889541833|126.9402429363548492_37.5600866443863382|126.9404262960347580_37.5601582545694228|126.9405647286410925_37.5602417602446934|126.9406365826691854_37.5602535248457912
2026-09-04T03:35:30.187978+09:00,신촌·이대역,신촌·이대역,POI040,KEY_2,1120014200,신촌로,1130028200,신촌로터리,126.9362638695840104_37.5553903889948231,1120004300,현대백화점(신촌점),126.9368030588893959_37.5556219621744134,57.0,27.0,원활,126.9368030588893959_37.5556219621744134|126.9367619707854544_37.5555447886619120|126.9365015572182216_37.5554290301989795|126.9362638695840104_37.5553903889948231
2026-09-04T03:35:30.187978+09:00,신촌·이대역,신촌·이대역,POI040,KEY_2,1120014300,연세로5길,1120004503,현대백화점유플렉스(신촌점),126.9368363451414297_37.5571751207012667,1130028301,신촌현대백화점,126.9352769143878135_37.5557459412116970,218.0,10.0,정체,126.9352769143878135_37.5557459412116970|126.9355227188717095_37.5561809513214655|126.9356969741435961_37.5564893345166482|126.9357357833693243_37.5565340280943047|126.9357546442551836_37.5565557486909398|126.9367282221445237_37.5571473890112912|126.9368363451414297_37.5571751207012667
2026-09-04T03:35:30.187978+09:00,신촌·이대역,신촌·이대역,POI040,KEY_2,1120014400,연세로5길,1120046000,창천동 53-47,126.9356240685518031_37.5565955099592088,1120004504,현대백화점유플렉스(신촌점),126.9368371308242018_37.5572889150469535,133.0,5.0,정체,126.9368371308242018_37.5572889150469535|126.9366643652368651_37.5572446039108812|126.9356551527703942_37.5566313071096900|126.9356240685518031_37.5565955099592088
2026-09-04T03:35:30.187978+09:00,신촌·이대역,신촌·이대역,POI040,KEY_2,1120014600,신촌역로,1120004602,신촌역,126.9427440310376340_37.5585203049646097,1120005001,신촌역,126.9420293779965050_37.5590720827057183,95.0,13.0,정체,126.9420293779965050_37.5590720827057183|126.9421437304203835_37.5590560677133638|126.9422389637944093_37.5590308801191455|126.9426919759452090_37.5587183341767812|126.9427399358533393_37.5586554228029499|126.9427440310376340_37.5585203049646097
2026-09-04T03:35:30.187978+09:00,신촌·이대역,신촌·이대역,POI040,KEY_2,1120014800,연세로12길,1120004801,창천동 30-18,126.9369864978419571_37.5589996318879216,1120004904,북경어언대학교,126.9393727178320859_37.5590785623916332,211.0,29.0,원활,126.9393727178320859_37.5590785623916332|126.9389022167064809_37.5590898448829122|126.9369864978419571_37.5589996318879216
2026-09-04T03:35:30.187978+09:00,신촌·이대역,신촌·이대역,POI040,KEY_2,1120015000,성산로22길,1120088900,창천동 70-59,126.9345245647633504_37.5591495266209137,1120004804,창천동 30-18,126.9368505138006498_37.5590108985973998,211.0,13.0,정체,126.9368505138006498_37.5590108985973998|126.9367700942083559_37.5590260958107223|126.9363607042080844_37.5590258758581754|126.9349766718667780_37.5589958955722949|126.9349592890310134_37.5589955189298124|126.9345722423701091_37.5590852696270119|126.9345245647633504_37.5591495266209137
2026-09-04T03:35:30.187978+09:00,신촌·이대역,신촌·이대역,POI040,KEY_2,1120015200,신촌역로,1120005402,세브란스병원입구,126.9403236648437030_37.5598832986994040,1120005700,세브란스병원입구,126.9399697271517624_37.5600298889541833,38.0,22.0,서행,126.9399697271517624_37.5600298889541833|126.9401906078274891_37.5599912626938561|126.9403000000014856_37.5599500001454203|126.9403236648437030_37.5598832986994040
2026-09-04T03:35:30.187978+09:00,신촌·이대역,신촌·이대역,POI040,KEY_2,1120015501,북아현로11길,1120110000,대현동 62-13,126.9461402896745028_37.5587493431421393,1120004707,무궁화상가아파트,126.9457971823491818_37.5587475204387502,30.0,18.0,서행,126.9457971823491818_37.5587475204387502|126.9461402896745028_37.5587493431421393
2026-09-04T03:35:30.187978+09:00,신촌·이대역,신촌·이대역,POI040,KEY_2,1120061600,신촌로,1130243700,노고산동 31-123,126.9378979886779319_37.5553264048270492,1130027600,신촌로터리,126.9375535313722594_37.5552189146085595,33.0,21.0,서행,126.9375535313722594_37.5552189146085595|126.9376883483507896_37.5552573962598544|126.9378979886779319_37.5553264048270492
2026-09-04T03:35:30.187978+09:00,신촌·이대역,신촌·이대역,POI040,KEY_2,1120061700,연세로,1120004502,현대백화점유플렉스(신촌점),126.9369730969373080_37.5572180933913842,1120004200,신촌역(서울2호선),126.9369388461816897_37.5556200624915562,177.0,11.0,정체,126.9369388461816897_37.5556200624915562|126.9369730969373080_37.5572180933913842
2026-09-04T03:35:30.187978+09:00,신촌·이대역,신촌·이대역,POI040,KEY_2,1120061900,신촌로,1120035100,대현동 60-11,126.9422602990258042_37.5566379052705770,1130029104,신촌기차역입구교차로,126.9428152251685447_37.5566694693811343,49.0,41.5,원활,126.9428152251685447_37.5566694693811343|126.9422602990258042_37.5566379052705770
2026-09-04T03:35:30.187978+09:00,신촌·이대역,신촌·이대역,POI040,KEY_2,1120062000,연세로,1120004300,현대백화점(신촌점),126.9368030588893959_37.5556219621744134,1120004503,현대백화점유플렉스(신촌점),126.9368363451414297_37.5571751207012667,172.0,18.0,서행,126.9368363451414297_37.5571751207012667|126.9368030588893959_37.5556219621744134
2026-09-04T03:35:30.187978+09:00,신촌·이대역,신촌·이대역,POI040,KEY_2,1130002903,신촌로,1130027304,신촌로터리,126.9367463936915783_37.5551491321864219,1130027800,신촌로터리,126.9362078795990669_37.5552918851353184,50.0,5.0,정체,126.9362078795990669_37.5552918851353184|126.9362843096010209_37.5552643504737276|126.9364926549409489_37.5552010586219964|126.9366443811309324_37.5551666346300124|126.9367463936915783_37.5551491321864219
2026-09-04T03:35:30.187978+09:00,신촌·이대역,신촌·이대역,POI040,KEY_2,1130003001,신촌로,1120065800,창천동 30-17,126.9340762364727908_37.5561712001553190,1130028304,신촌현대백화점,126.9351529989082650_37.5557901862083625,104.0,24.0,서행,126.9351529989082650_37.5557901862083625|126.9340762364727908_37.5561712001553190
2026-09-04T03:35:30.187978+09:00,신촌·이대역,신촌·이대역,POI040,KEY_2,1130003002,신촌로,1120063200,창천동 30-16,126.9359793082337546_37.5554929038804843,1130028200,신촌로터리,126.9362638695840104_37.5553903889948231,28.0,42.0,원활,126.9362638695840104_37.5553903889948231|126.9359793082337546_37.5554929038804843
2026-09-04T03:35:30.187978+09:00,신촌·이대역,신촌·이대역,POI040,KEY_2,1130003003,신촌로,1130028200,신촌로터리,126.9362638695840104_37.5553903889948231,1130027305,신촌로터리,126.9367949040171339_37.5552525850785059,50.0,27.0,원활,126.9367949040171339_37.5552525850785059|126.9367822077433345_37.5552535889944465|126.9366773331614553_37.5552715833811135|126.9365355543422140_37.5553037503571261|126.9363365592773363_37.5553642010740631|126.9362638695840104_37.5553903889948231
2026-09-04T03:35:30.187978+09:00,신촌·이대역,신촌·이대역,POI040,KEY_2,1130003101,신촌로,1130027301,신촌로터리,126.9369309039101665_37.5552479096703777,1130028100,신촌로터리,126.9375107828557248_37.5553215381359138,52.0,10.0,정체,126.9375107828557248_37.5553215381359138|126.9374120463708664_37.5552954695353094|126.9372367545836511_37.5552633433213288|126.9370612427232459_37.5552495051776276|126.9369309039101665_37.5552479096703777
2026-09-04T03:35:30.187978+09:00,신촌·이대역,신촌·이대역,POI040,KEY_2,1130003201,신촌로,1130027600,신촌로터리,126.9375535313722594_37.5552189146085595,1130027302,신촌로터리,126.9369363048809589_37.5551398431720429,56.0,38.0,원활,126.9369363048809589_37.5551398431720429|126.9370689919941668_37.5551414670887596|126.9372587703670519_37.5551564300398013|126.9374487359331596_37.5551912462659345|126.9375535313722594_37.5552189146085595
2026-09-04T03:35:30.187978+09:00,신촌·이대역,신촌·이대역,POI040,KEY_2,1130015002,백범로,1130027302,신촌로터리,126.9369363048809589_37.5551398431720429,1130026300,신촌로터리,126.9370076539618566_37.5545626830804551,64.0,7.0,정체,126.9370076539618566_37.5545626830804551|126.9369363048809589_37.5551398431720429
2026-09-04T03:35:30.187978+09:00,신촌·이대역,신촌·이대역,POI040,KEY_2,1130016101,서강로,1130105400,노고산동 31-123,126.9360124624394928_37.5545948546319508,1130026900,신촌로터리,126.9362469698456266_37.5547336229279907,26.0,28.0,원활,126.9362469698456266_37.5547336229279907|126.9360124624394928_37.5545948546319508
2026-09-04T03:35:30.187978+09:00,신촌·이대역,신촌·이대역,POI040,KEY_2,1130016102,서강로,1130026900,신촌로터리,126.9362469698456266_37.5547336229279907,1130027304,신촌로터리,126.9367463936915783_37.5551491321864219,64.0,9.0,정체,126.9367463936915783_37.5551491321864219|126.9366482286148994_37.5550253909116165|126.9363557341915083_37.5548026529712615|126.9362469698456266_37.5547336229279907
2026-09-04T03:35:30.187978+09:00,신촌·이대역,신촌·이대역,POI040,KEY_2,1130016202,서강로,1130027303,신촌로터리,126.9368133181621232_37.5550310181252058,1130026700,신촌로터리,126.9363297908926853_37.5546479548134542,61.0,4.0,정체,126.9363297908926853_37.5546479548134542|126.9364451665790341_37.5547211401372962|126.9367541497696266_37.5549564339847848|126.9368133181621232_37.5550310181252058
2026-09-04T03:35:30.187978+09:00,신촌·이대역,신촌·이대역,POI040,KEY_2,1130053700,신촌로,1130027600,신촌로터리,126.9375535313722594_37.5552189146085595,1130026300,신촌로터리,126.9370076539618566_37.5545626830804551,87.0,23.0,서행,126.9370076539618566_37.5545626830804551|126.9375535313722594_37.5552189146085595
2026-09-04T03:35:30.187978+09:00,신촌·이대역,신촌·이대역,POI040,KEY_2,1130054000,서강로,1130026900,신촌로터리,126.9362469698456266_37.5547336229279907,1130027800,신촌로터리,126.9362078795990669_37.5552918851353184,66.0,23.0,서행,126.9362078795990669_37.5552918851353184|126.9362774483328025_37.5552146864900038|126.9363062591853719_37.5551384172764813|126.9363230977790380_37.5550564211653537|126.9363327714613661_37.5549477201242823|126.9363184780678608_37.5548542645506771|126.9362469698456266_37.5547336229279907
2026-09-04T03:35:30.187978+09:00,쌍문역,쌍문역,POI070,KEY_3,1080011301,도봉로,1080060100,수유동 140,127.0306004514326617_37.6426841969638559,1080017102,강북구-도봉구,127.0308257491886792_37.6428931106192053,31.0,41.0,원활,127.0308257491886792_37.6428931106192053|127.0306004514326617_37.6426841969638559
2026-09-04T03:35:30.187978+09:00,쌍문역,쌍문역,POI070,KEY_3,1090000904,우이천로,1090005403,번창교,127.0318933286728367_37.6426051578388083,1090000702,우이교앞교차로,127.0311828397790350_37.6430569437685492,80.0,29.0,원활,127.0311828397790350_37.6430569437685492|127.0318933286728367_37.6426051578388083
2026-09-04T03:35:30.187978+09:00,쌍문역,쌍문역,POI070,KEY_3,1090001004,우이천로,1090000701,우이교앞교차로,127.0312724373789877_37.6431384065756944,1090005404,번창교,127.0319809335181702_37.6426878882124569,80.0,28.0,원활,127.0319809335181702_37.6426878882124569|127.0312724373789877_37.6431384065756944
2026-09-04T03:35:30.187978+09:00,쌍문역,쌍문역,POI070,KEY_3,1090001500,우이천로,1090000703,우이교앞교차로,127.0310729519188158_37.6431211684896070,1090000902,한일병원,127.0279685895414303_37.6450803801061440,350.0,16.0,서행,127.0279685895414303_37.6450803801061440|127.0280970845996933_37.6449964844622755|127.0284654183674178_37.6447559940197536|127.0287300641372070_37.6445832012974151|127.0287440560925489_37.6445740656200698|127.0291467962950946_37.6443195262820893|127.0303466242784936_37.6435611940581438|127.0308594191241554_37.6432370817667845|127.0310729519188158_37.6431211684896070
2026-09-04T03:35:30.187978+09:00,쌍문역,쌍문역,POI070,KEY_3,1090001600,우이천로,1090097600,쌍문동 83-10,127.0304312281127466_37.6436458315402973,1090000704,우이교앞교차로,127.0311629794475863_37.6432032074832321,81.0,24.0,서행,127.0311629794475863_37.6432032074832321|127.0309401577308392_37.6433241623639816|127.0304312281127466_37.6436458315402973
2026-09-04T03:35:30.187978+09:00,쌍문역,쌍문역,POI070,KEY_3,1090001702,도봉로,1090057800,쌍문동 83-8,127.0322645121424188_37.6446330103546600,1090001303,창동시장입구교차로,127.0333679558157627_37.6464986566063828,229.0,15.0,서행,127.0333679558157627_37.6464986566063828|127.0326215714648015_37.6452398113717877|127.0325635966364075_37.6451416305438258|127.0322645121424188_37.6446330103546600
2026-09-04T03:35:30.187978+09:00,쌍문역,쌍문역,POI070,KEY_3,1090001801,도봉로,1090057900,창동 703-9,127.0323876826054175_37.6445872158534343,1090000701,우이교앞교차로,127.0312724373789877_37.6431384065756944,189.0,42.0,원활,127.0312724373789877_37.6431384065756944|127.0313379882501721_37.6431972177101386|127.0315344838842435_37.6433976928929965|127.0317063615047317_37.6435881292882257|127.0318399394393509_37.6437483018028090|127.0319611171275511_37.6439100560457618|127.0320824040946093_37.6440796622059537|127.0322036071876823_37.6442741759624582|127.0323876826054175_37.6445872158534343
2026-09-04T03:35:30.187978+09:00,쌍문역,쌍문역,POI070,KEY_3,1090001802,도봉로,1090001302,창동시장입구교차로,127.0334909458621269_37.6464525507448045,1090006001,창동 703-9,127.0327445598980489_37.6451937062792226,154.0,41.5,원활,127.0327445598980489_37.6451937062792226|127.0334909458621269_37.6464525507448045
2026-09-04T03:35:30.187978+09:00,쌍문역,쌍문역,POI070,KEY_3,1090002901,도봉로110길,1090001301,창동시장입구교차로,127.0335489194755070_37.6465503488024709,1090006804,창동 703-6,127.0342878211482969_37.6462731281989917,72.0,25.0,원활,127.0342878211482969_37.6462731281989917|127.0340935174179151_37.6463460275834763|127.0335489194755070_37.6465503488024709
2026-09-04T03:35:30.187978+09:00,쌍문역,쌍문역,POI070,KEY_3,1090003001,도봉로110길,1090104700,창동 703-6,127.0340354943073748_37.6462482478843796,1090001302,창동시장입구교차로,127.0334909458621269_37.6464525507448045,53.0,25.0,원활,127.0334909458621269_37.6464525507448045|127.0340354943073748_37.6462482478843796
2026-09-04T03:35:30.187978+09:00,쌍문역,쌍문역,POI070,KEY_3,1090003002,도봉로110길,1090080200,창동 703-7,127.0357360179233837_37.6461069649814846,1090006802,창동 703-6,127.0343549840734454_37.6461328281547765,124.0,25.0,원활,127.0343549840734454_37.6461328281547765|127.0345012774259459_37.6460886710330769|127.0346261544876967_37.6460608796433576|127.0347246771475653_37.6460514498211580|127.0348610739236506_37.6460494013026832|127.0357360179233837_37.6461069649814846
2026-09-04T03:35:30.187978+09:00,쌍문역,쌍문역,POI070,KEY_3,1090003700,도봉로,1090135200,쌍문동 83-5,127.0350228266440666_37.6492923382218478,1090002003,정의여중고교입구교차로,127.0362215685676404_37.6513055778951582,247.0,34.0,원활,127.0362215685676404_37.6513055778951582|127.0360825534525588_37.6510864778828989|127.0358650918987422_37.6507183178536025|127.0356007620248846_37.6502708062316955|127.0350228266440666_37.6492923382218478
2026-09-04T03:35:30.187978+09:00,쌍문역,쌍문역,POI070,KEY_3,1090003801,도봉로,1090137100,창동 703-5,127.0342808907164880_37.6477854429096652,1090001301,창동시장입구교차로,127.0335489194755070_37.6465503488024709,152.0,30.0,원활,127.0335489194755070_37.6465503488024709|127.0342320361945099_37.6477029598049171|127.0342808907164880_37.6477854429096652
2026-09-04T03:35:30.187978+09:00,쌍문역,쌍문역,POI070,KEY_3,1090003802,도봉로,1090002002,정의여중고교입구교차로,127.0363773263417357_37.6513110181991735,1090007800,창동 703-3,127.0359881747483968_37.6506723581663039,79.0,20.0,서행,127.0359881747483968_37.6506723581663039|127.0362048236143977_37.6510391397169215|127.0363773263417357_37.6513110181991735
2026-09-04T03:35:30.187978+09:00,쌍문역,쌍문역,POI070,KEY_3,1090005100,노해로,1090121700,쌍문동 83-4,127.0350101560504044_37.6513313295938374,1090002004,정의여중고교입구교차로,127.0362912697615769_37.6514169783247610,113.0,22.0,서행,127.0362912697615769_37.6514169783247610|127.0358744447874244_37.6513983643391370|127.0356105287372799_37.6513778955387650|127.0350101560504044_37.6513313295938374
2026-09-04T03:35:30.187978+09:00,쌍문역,쌍문역,POI070,KEY_3,1090005500,노해로,1090002001,정의여중고교입구교차로,127.0364434898500150_37.6514195793773183,1090008204,창동고교,127.0376207170842662_37.6514673842390550,104.0,13.0,정체,127.0376207170842662_37.6514673842390550|127.0372124994038785_37.6514364984026884|127.0371634236865077_37.6514327847047809|127.0368827243874392_37.6514224925743335|127.0364434898500150_37.6514195793773183
2026-09-04T03:35:30.187978+09:00,쌍문역,쌍문역,POI070,KEY_3,1090005601,노해로,1090008000,정의여중입구,127.0372253821596331_37.6513288665233219,1090002002,정의여중고교입구교차로,127.0363773263417357_37.6513110181991735,75.0,42.0,원활,127.0363773263417357_37.6513110181991735|127.0368864251738898_37.6513143950908074|127.0371730020149244_37.6513249033987236|127.0372253821596331_37.6513288665233219
2026-09-04T03:35:30.187978+09:00,쌍문역,쌍문역,POI070,KEY_3,1090007201,도봉로,1090060400,창동 723-12,127.0374667021622201_37.6531309026853336,1090002001,정의여중고교입구교차로,127.0364434898500150_37.6514195793773183,210.0,26.0,원활,127.0364434898500150_37.6514195793773183|127.0365670542006740_37.6516255471527472|127.0366115427542724_37.6516990602945469|127.0370435422705526_37.6524128903159365|127.0371049079353014_37.6525142888462554|127.0374667021622201_37.6531309026853336
2026-09-04T03:35:30.187978+09:00,쌍문역,쌍문역,POI070,KEY_3,1090016100,도봉로106길,1090005903,창동 445-27,127.0334595348995492_37.6448135819881742,1090006002,창동 703-9,127.0326867677156883_37.6450958357447760,75.0,14.0,정체,127.0326867677156883_37.6450958357447760|127.0334595348995492_37.6448135819881742
2026-09-04T03:35:30.187978+09:00,쌍문역,쌍문역,POI070,KEY_3,1090016600,도봉로110다길,1090005904,창동 445-27,127.0335171994878181_37.6449114990430758,1090006803,창동 703-6,127.0342297978290986_37.6461753485027018,154.0,18.0,서행,127.0342297978290986_37.6461753485027018|127.0340689432467656_37.6459116372999603|127.0338676118185077_37.6455815638404729|127.0338380059821048_37.6455042068618368|127.0338114727567813_37.6454348781533952|127.0335171994878181_37.6449114990430758
2026-09-04T03:35:30.187978+09:00,쌍문역,쌍문역,POI070,KEY_3,1090018900,노해로,1090008000,정의여중입구,127.0372253821596331_37.6513288665233219,1090007800,창동 703-3,127.0359881747483968_37.6506723581663039,133.0,21.0,서행,127.0359881747483968_37.6506723581663039|127.0362290122563707_37.6508846218187543|127.0369217729405591_37.6512348335471998|127.0372253821596331_37.6513288665233219
2026-09-04T03:35:30.187978+09:00,쌍문역,쌍문역,POI070,KEY_3,1090044400,도봉로,1090000702,우이교앞교차로,127.0311828397790350_37.6430569437685492,1080017101,강북구-도봉구,127.0309288510039636_37.6428226257850653,34.0,32.0,원활,127.0309288510039636_37.6428226257850653|127.0311828397790350_37.6430569437685492
2026-09-04T03:35:30.187978+09:00,쌍문역,쌍문역,POI070,KEY_3,1090044500,도봉로,1080017102,강북구-도봉구,127.0308257491886792_37.6428931106192053,1090000703,우이교앞교차로,127.0310729519188158_37.6431211684896070,33.0,29.0,원활,127.0310729519188158_37.6431211684896070|127.0308257491886792_37.6428931106192053
2026-09-04T03:35:30.187978+09:00,양재역,양재역,POI041,KEY_4,1210013601,강남대로,1210486100,최소노드배치점,127.0378699418751438_37.4804219789779864,1210021103,서초구민회관,127.0362470306922518_37.4823297666331001,257.0,25.0,원활,127.0362470306922518_37.4823297666331001|127.0370531848571858_37.4815620178122231|127.0372178545636501_37.4814051903833061|127.0374052147573991_37.4811810304723849|127.0376834362452172_37.4807607700402627|127.0378699418751438_37.4804219789779864
2026-09-04T03:35:30.187978+09:00,양재역,양재역,POI041,KEY_4,1210013602,강남대로,1210021104,서초구민회관,127.0361598826672207_37.4824126347006299,1210022103,양재역(신분당선),127.0352394844712620_37.4832864839525328,127.0,25.0,원활,127.0352394844712620_37.4832864839525328|127.0359772211679399_37.4825860603316414|127.0361598826672207_37.4824126347006299
2026-09-04T03:35:30.187978+09:00,양재역,양재역,POI041,KEY_4,1210013603,강남대로,1210022104,양재역(신분당선),127.0351524056463148_37.4833697515923561,1210024103,양재역사거리,127.0340762774561654_37.4844728789609647,155.0,25.0,원활,127.0340762774561654_37.4844728789609647|127.0346472974863588_37.4838557653419784|127.0349836352215931_37.4835321429980013|127.0351524056463148_37.4833697515923561
2026-09-04T03:35:30.187978+09:00,양재역,양재역,POI041,KEY_4,1210015200,남부순환로,1210023405,서초구청앞사거리,127.0298160387686437_37.4839266444256793,1210001100,서초IC,127.0288287872834019_37.4837904329522402,89.0,24.0,서행,127.0288287872834019_37.4837904329522402|127.0298160387686437_37.4839266444256793
2026-09-04T03:35:30.187978+09:00,양재역,양재역,POI041,KEY_4,1210015300,남부순환로,1210023100,서초IC,127.0286616071774688_37.4838771371351172,1210023406,서초구청앞사거리,127.0297928843277333_37.4840332206194162,102.0,50.5,원활,127.0297928843277333_37.4840332206194162|127.0286616071774688_37.4838771371351172
2026-09-04T03:35:30.187978+09:00,양재역,양재역,POI041,KEY_4,1210015402,남부순환로,1210023702,양재지하차도(서측),127.0322646148869694_37.4843647429376858,1210024104,양재역사거리,127.0339305823189875_37.4846709888093628,152.0,36.7,원활,127.0339305823189875_37.4846709888093628|127.0325186277341913_37.4844580696051111|127.0322646148869694_37.4843647429376858
2026-09-04T03:35:30.187978+09:00,양재역,양재역,POI041,KEY_4,1210015403,남부순환로,1210023410,속성변화점,127.0312528830012866_37.4842291575750366,1210023702,양재지하차도(서측),127.0322646148869694_37.4843647429376858,91.0,28.0,원활,127.0322646148869694_37.4843647429376858|127.0313866868204684_37.4842470903056082|127.0312528830012866_37.4842291575750366
2026-09-04T03:35:30.187978+09:00,양재역,양재역,POI041,KEY_4,1210015404,남부순환로,1210175900,서초동 1376,127.0304688834092417_37.4841240757012955,1210023410,속성변화점,127.0312528830012866_37.4842291575750366,70.0,22.0,서행,127.0312528830012866_37.4842291575750366|127.0304688834092417_37.4841240757012955
2026-09-04T03:35:30.187978+09:00,양재역,양재역,POI041,KEY_4,1210015502,남부순환로,1210024103,양재역사거리,127.0340762774561654_37.4844728789609647,1210023701,양재지하차도(서측),127.0322884803785684_37.4842583138286400,161.0,12.0,정체,127.0322884803785684_37.4842583138286400|127.0325690840085429_37.4842455987838719|127.0340762774561654_37.4844728789609647
2026-09-04T03:35:30.187978+09:00,양재역,양재역,POI041,KEY_4,1210015503,남부순환로,1210023409,서초동1376,127.0312753868282414_37.4841225344668700,1210023404,서초구청앞사거리,127.0299491468833679_37.4839447711009797,119.0,28.0,원활,127.0299491468833679_37.4839447711009797|127.0304913883419289_37.4840174526615328|127.0312753868282414_37.4841225344668700
2026-09-04T03:35:30.187978+09:00,양재역,양재역,POI041,KEY_4,1210015504,남부순환로,1210023701,양재지하차도(서측),127.0322884803785684_37.4842583138286400,1210023408,서초동1376,127.0314091882127201_37.4841404676964132,79.0,55.0,원활,127.0314091882127201_37.4841404676964132|127.0322884803785684_37.4842583138286400
2026-09-04T03:35:30.187978+09:00,양재역,양재역,POI041,KEY_4,1210016403,서운로,1210119900,서초동 1381,127.0293607853437265_37.4859224457787263,1210026803,지앤이타임즈,127.0293184725809965_37.4861074409803052,21.0,15.0,서행,127.0293184725809965_37.4861074409803052|127.0293607853437265_37.4859224457787263
2026-09-04T03:35:30.187978+09:00,양재역,양재역,POI041,KEY_4,1210016404,서운로,1210198100,서초동 1381,127.0296592234120681_37.4846176232074200,1210023413,서초동1381,127.0295289779158594_37.4851870836886008,64.0,7.0,정체,127.0295289779158594_37.4851870836886008|127.0296592234120681_37.4846176232074200
2026-09-04T03:35:30.187978+09:00,양재역,양재역,POI041,KEY_4,1210016502,서운로,1210265100,서초동 1381,127.0291560231373182_37.4868282893948290,1210026801,지앤이타임즈,127.0294340080851043_37.4861874036643883,75.0,13.0,정체,127.0294340080851043_37.4861874036643883|127.0293261566869347_37.4864753109788253|127.0291560231373182_37.4868282893948290
2026-09-04T03:35:30.187978+09:00,양재역,양재역,POI041,KEY_4,1210016503,서운로,1210221500,서초동 1381,127.0298684823102491_37.4843056849218144,1210023403,서초구청앞사거리,127.0299266411793866_37.4840513940925320,29.0,29.0,원활,127.0299266411793866_37.4840513940925320|127.0298684823102491_37.4843056849218144
2026-09-04T03:35:30.187978+09:00,양재역,양재역,POI041,KEY_4,1210042500,남부순환로348길,1210395800,양재동 25,127.0354836118658142_37.4818234896589502,1210021402,속성변화점,127.0343612916231280_37.4828579968059117,172.0,5.0,정체,127.0343612916231280_37.4828579968059117|127.0345013035312434_37.4826248626667038|127.0345585919445313_37.4824806953361431|127.0346113146708973_37.4823659769818605|127.0346862677207156_37.4822783030647670|127.0349480920600911_37.4820550973857749|127.0352640588052822_37.4817372005637850|127.0353844389002091_37.4817577201900178|127.0354836118658142_37.4818234896589502
2026-09-04T03:35:30.187978+09:00,양재역,양재역,POI041,KEY_4,1210042600,남부순환로348길,1210021401,속성변화점,127.0345286599769850_37.4828297660686118,1210021104,서초구민회관,127.0361598826672207_37.4824126347006299,227.0,46.0,원활,127.0361598826672207_37.4824126347006299|127.0353968258938409_37.4819065974304024|127.0353233590157629_37.4818578756904373|127.0353180887605475_37.4818569771580883|127.0350509984066747_37.4821256996869039|127.0347925138185872_37.4823460574200951|127.0347329234404299_37.4824157616745595|127.0346870275424749_37.4825156249487463|127.0346277833618842_37.4826647151245993|127.0345286599769850_37.4828297660686118
2026-09-04T03:35:30.187978+09:00,양재역,양재역,POI041,KEY_4,1210043300,강남대로,1210022103,양재역(신분당선),127.0352394844712620_37.4832864839525328,1210021401,속성변화점,127.0345286599769850_37.4828297660686118,81.0,12.0,정체,127.0345286599769850_37.4828297660686118|127.0349836505278773_37.4831396959587693|127.0352394844712620_37.4832864839525328
2026-09-04T03:35:30.187978+09:00,양재역,양재역,POI041,KEY_4,1210043400,강남대로,1210021402,속성변화점,127.0343612916231280_37.4828579968059117,1210022104,양재역(신분당선),127.0351524056463148_37.4833697515923561,90.0,36.0,원활,127.0351524056463148_37.4833697515923561|127.0348997885669320_37.4832248093140876|127.0343612916231280_37.4828579968059117
2026-09-04T03:35:30.187978+09:00,양재역,양재역,POI041,KEY_4,1210045900,남부순환로,1210024706,양재지하차도(동측),127.0360586687670121_37.4847936982097849,1210023701,양재지하차도(서측),127.0322884803785684_37.4842583138286400,339.0,65.3,원활,127.0322884803785684_37.4842583138286400|127.0340728272282860_37.4845273783584219|127.0360586687670121_37.4847936982097849
2026-09-04T03:35:30.187978+09:00,양재역,양재역,POI041,KEY_4,1210046000,남부순환로,1210023702,양재지하차도(서측),127.0322646148869694_37.4843647429376858,1210024707,양재지하차도(동측),127.0360357594740179_37.4849002658108148,339.0,61.3,원활,127.0360357594740179_37.4849002658108148|127.0340489540976421_37.4846338186649177|127.0322646148869694_37.4843647429376858
2026-09-04T03:35:30.187978+09:00,양재역,양재역,POI041,KEY_4,1210048900,효령로72길,1210421700,서초동 1344-36,127.0275412444502194_37.4867808964481242,1210026804,지앤이타임즈,127.0292735633250203_37.4862377140809855,165.0,15.0,서행,127.0292735633250203_37.4862377140809855|127.0286110089064096_37.4864454672244634|127.0279410533482150_37.4866555361435800|127.0275412444502194_37.4867808964481242
2026-09-04T03:35:30.187978+09:00,양재역,양재역,POI041,KEY_4,1220010202,남부순환로,1210024101,양재역사거리,127.0340689766054396_37.4846913246563176,1210024707,양재지하차도(동측),127.0360357594740179_37.4849002658108148,176.0,41.0,원활,127.0360357594740179_37.4849002658108148|127.0357572961840731_37.4849177451772491|127.0340689766054396_37.4846913246563176
2026-09-04T03:35:30.187978+09:00,양재역,양재역,POI041,KEY_4,1220010205,남부순환로,1220289700,도곡동 959-64,127.0373549942873836_37.4850835385253944,1210025105,양재빌딩,127.0381419430490553_37.4851928571018931,71.0,57.5,원활,127.0381419430490553_37.4851928571018931|127.0378924560210123_37.4851582003438324|127.0373549942873836_37.4850835385253944
2026-09-04T03:35:30.187978+09:00,양재역,양재역,POI041,KEY_4,1220010206,남부순환로,1210024707,양재지하차도(동측),127.0360357594740179_37.4849002658108148,1210024705,강남피타워,127.0362666923472403_37.4849323486232535,21.0,57.5,원활,127.0362666923472403_37.4849323486232535|127.0360357594740179_37.4849002658108148
2026-09-04T03:35:30.187978+09:00,양재역,양재역,POI041,KEY_4,1220010302,남부순환로,1210024706,양재지하차도(동측),127.0360586687670121_37.4847936982097849,1210024102,양재역사거리,127.0342261265630555_37.4844931178199090,166.0,40.7,원활,127.0342261265630555_37.4844931178199090|127.0358023295931247_37.4847045015941021|127.0360586687670121_37.4847936982097849
2026-09-04T03:35:30.187978+09:00,양재역,양재역,POI041,KEY_4,1220010305,남부순환로,1210024703,속성변화점,127.0364286830664469_37.4848451024516365,1210024706,양재지하차도(동측),127.0360586687670121_37.4847936982097849,33.0,15.0,서행,127.0360586687670121_37.4847936982097849|127.0362899952789348_37.4848258348871610|127.0364286830664469_37.4848451024516365
2026-09-04T03:35:30.187978+09:00,양재역,양재역,POI041,KEY_4,1220010306,남부순환로,1220442500,도곡동 958-3,127.0368025764135211_37.4848970453510688,1210024703,속성변화점,127.0364286830664469_37.4848451024516365,34.0,15.0,서행,127.0364286830664469_37.4848451024516365|127.0368025764135211_37.4848970453510688
2026-09-04T03:35:30.187978+09:00,양재역,양재역,POI041,KEY_4,1220011902,강남대로,1220379300,도곡동 958-2,127.0336693863127380_37.4854787293575669,1210024101,양재역사거리,127.0340689766054396_37.4846913246563176,94.0,29.0,원활,127.0340689766054396_37.4846913246563176|127.0339650333567505_37.4848623610794220|127.0336693863127380_37.4854787293575669
2026-09-04T03:35:30.187978+09:00,역삼역,역삼역,POI042,KEY_1,1220022901,논현로,1220421300,역삼동 803-3,127.0380228090820651_37.4983127742013025,1220031703,역삼동 803-3,127.0375577638543518_37.4992997915635939,117.0,41.5,원활,127.0375577638543518_37.4992997915635939|127.0380228090820651_37.4983127742013025
2026-09-04T03:35:30.187978+09:00,역삼역,역삼역,POI042,KEY_1,1220022902,논현로,1220031704,역삼동 803-3,127.0375106660669928_37.4994012382100053,1220032703,역삼역앞교차로,127.0368909881553634_37.5007549406311398,160.0,40.0,원활,127.0368909881553634_37.5007549406311398|127.0375106660669928_37.4994012382100053
2026-09-04T03:35:30.187978+09:00,역삼역,역삼역,POI042,KEY_1,1220023002,논현로,1220032702,역삼역앞교차로,127.0370178297836929_37.5007934116919515,1220031701,역삼동 803-3,127.0376332097685577_37.4994490942840741,159.0,16.0,서행,127.0376332097685577_37.4994490942840741|127.0370178297836929_37.5007934116919515
2026-09-04T03:35:30.187978+09:00,역삼역,역삼역,POI042,KEY_1,1220024002,테헤란로,1220032001,한국타이어빌딩,127.0339816634749042_37.4999827779347470,1220032504,강남파이낸스센터,127.0355809598226955_37.5004709050617890,151.0,36.0,원활,127.0355809598226955_37.5004709050617890|127.0339816634749042_37.4999827779347470
2026-09-04T03:35:30.187978+09:00,역삼역,역삼역,POI042,KEY_1,1220024003,테헤란로,1220032501,강남파이낸스센터,127.0357139041821881_37.5005114802401565,1220032704,역삼역앞교차로,127.0368445237788109_37.5008565423281937,107.0,21.0,서행,127.0368445237788109_37.5008565423281937|127.0357139041821881_37.5005114802401565
2026-09-04T03:35:30.187978+09:00,역삼역,역삼역,POI042,KEY_1,1220024102,테헤란로,1220032503,강남파이낸스센터,127.0356493611653690_37.5003759986710961,1220032002,한국타이어빌딩,127.0340278079028593_37.4998810786723951,154.0,45.0,원활,127.0340278079028593_37.4998810786723951|127.0356493611653690_37.5003759986710961
2026-09-04T03:35:30.187978+09:00,역삼역,역삼역,POI042,KEY_1,1220024103,테헤란로,1220032703,역삼역앞교차로,127.0368909881553634_37.5007549406311398,1220032502,강남파이낸스센터,127.0357762567149393_37.5004147276981854,106.0,24.0,서행,127.0357762567149393_37.5004147276981854|127.0368909881553634_37.5007549406311398
2026-09-04T03:35:30.187978+09:00,역삼역,역삼역,POI042,KEY_1,1220025201,테헤란로,1220032701,역삼역앞교차로,127.0369713701904999_37.5008950080904739,1220033204,역삼동 804,127.0383036450100747_37.5012965051190150,126.0,7.0,정체,127.0383036450100747_37.5012965051190150|127.0369713701904999_37.5008950080904739
2026-09-04T03:35:30.187978+09:00,역삼역,역삼역,POI042,KEY_1,1220025202,테헤란로,1220033201,역삼동 804,127.0384303599731339_37.5013352470725749,1220033604,조선팰리스서울강남,127.0410901902141632_37.5021604542974885,252.0,28.0,원활,127.0410901902141632_37.5021604542974885|127.0384303599731339_37.5013352470725749
2026-09-04T03:35:30.187978+09:00,역삼역,역삼역,POI042,KEY_1,1220025203,테헤란로,1220033601,조선팰리스서울강남,127.0412168948508196_37.5021992128127692,1220034109,르네상스호텔사거리,127.0427049356462277_37.5026477779311733,141.0,16.0,서행,127.0427049356462277_37.5026477779311733|127.0412168948508196_37.5021992128127692
2026-09-04T03:35:30.187978+09:00,역삼역,역삼역,POI042,KEY_1,1220025301,테헤란로,1220033203,역삼동 804,127.0383619562775550_37.5011984810594541,1220032702,역삼역앞교차로,127.0370178297836929_37.5007934116919515,127.0,42.0,원활,127.0370178297836929_37.5007934116919515|127.0383619562775550_37.5011984810594541
2026-09-04T03:35:30.187978+09:00,역삼역,역삼역,POI042,KEY_1,1220025302,테헤란로,1220033603,조선팰리스서울강남,127.0411472370855819_37.5020621235551701,1220033202,역삼동 804,127.0384900125446848_37.5012377243034365,252.0,40.0,원활,127.0384900125446848_37.5012377243034365|127.0411472370855819_37.5020621235551701
2026-09-04T03:35:30.187978+09:00,역삼역,역삼역,POI042,KEY_1,1220025303,테헤란로,1220034108,르네상스호텔사거리,127.0427524460124999_37.5025464977713199,1220033602,조선팰리스서울강남,127.0412749899103062_37.5021011235286110,140.0,28.0,원활,127.0412749899103062_37.5021011235286110|127.0427524460124999_37.5025464977713199
2026-09-04T03:35:30.187978+09:00,역삼역,역삼역,POI042,KEY_1,1220026201,논현로,1220414300,역삼동 800-3,127.0365795823227160_37.5014364664377027,1220033703,역삼동 800-3,127.0362865170511100_37.5020779389071848,76.0,22.0,서행,127.0362865170511100_37.5020779389071848|127.0365795823227160_37.5014364664377027
2026-09-04T03:35:30.187978+09:00,역삼역,역삼역,POI042,KEY_1,1220026301,논현로,1220033702,역삼동 800-3,127.0364185314605834_37.5021050987604525,1220032701,역삼역앞교차로,127.0369713701904999_37.5008950080904739,143.0,36.3,원활,127.0369713701904999_37.5008950080904739|127.0367071085393178_37.5014734470237059|127.0364185314605834_37.5021050987604525
2026-09-04T03:35:30.187978+09:00,역삼역,역삼역,POI042,KEY_1,1220026302,논현로,1220035107,선&석갤러리미술관,127.0357793801420456_37.5034432024512014,1220033701,역삼동 800-3,127.0363710774077219_37.5022064868924119,147.0,41.0,원활,127.0363710774077219_37.5022064868924119|127.0359496264084811_37.5030873726170029|127.0357793801420456_37.5034432024512014
2026-09-04T03:35:30.187978+09:00,역삼역,역삼역,POI042,KEY_1,1220062900,논현로85길,1220318800,역삼동 803-8,127.0366610795921929_37.4990582363199891,1220031903,강남파이낸스센터,127.0359151742246411_37.4997297381888330,108.0,13.0,정체,127.0359151742246411_37.4997297381888330|127.0361109699647528_37.4992910933509691|127.0366162770087186_37.4990461668587614|127.0366610795921929_37.4990582363199891
2026-09-04T03:35:30.187978+09:00,역삼역,역삼역,POI042,KEY_1,1220063000,논현로85길,1220031902,강남파이낸스센터,127.0360430367235125_37.4997659664220748,1220031704,역삼동 803-3,127.0375106660669928_37.4994012382100053,172.0,17.0,서행,127.0375106660669928_37.4994012382100053|127.0366327519434861_37.4991647395749723|127.0362226810127737_37.4993635036514164|127.0360430367235125_37.4997659664220748
2026-09-04T03:35:30.187978+09:00,역삼역,역삼역,POI042,KEY_1,1220063100,논현로87길,1220377400,역삼동 736-60,127.0350245042144763_37.4994681153879341,1220032003,한국타이어빌딩,127.0339011803060885_37.4998421534899293,150.0,12.0,정체,127.0339011803060885_37.4998421534899293|127.0341720860163406_37.4992537810037732|127.0342451967198230_37.4992391968694818|127.0350245042144763_37.4994681153879341
2026-09-04T03:35:30.187978+09:00,역삼역,역삼역,POI042,KEY_1,1220063200,논현로87길,1220032002,한국타이어빌딩,127.0340278079028593_37.4998810786723951,1220031904,강남파이낸스센터,127.0358713909474631_37.4998321123386660,213.0,8.0,정체,127.0358713909474631_37.4998321123386660|127.0349775599276398_37.4995695607544732|127.0342673023357776_37.4993609254057532|127.0340278079028593_37.4998810786723951
2026-09-04T03:35:30.187978+09:00,역삼역,역삼역,POI042,KEY_1,1220063800,논현로86길,1220355200,역삼동 804-14,127.0385858837944539_37.4996365979730086,1220031702,역삼동 803-3,127.0376812090304384_37.4993454389484810,87.0,17.0,서행,127.0376812090304384_37.4993454389484810|127.0378037738192631_37.4994067530186683|127.0385858837944539_37.4996365979730086
2026-09-04T03:35:30.187978+09:00,역삼역,역삼역,POI042,KEY_1,1220063900,테헤란로26길,1220031904,강남파이낸스센터,127.0358713909474631_37.4998321123386660,1220032503,강남파이낸스센터,127.0356493611653690_37.5003759986710961,63.0,18.0,서행,127.0356493611653690_37.5003759986710961|127.0358713909474631_37.4998321123386660
2026-09-04T03:35:30.187978+09:00,역삼역,역삼역,POI042,KEY_1,1220064000,테헤란로26길,1220032502,강남파이낸스센터,127.0357762567149393_37.5004147276981854,1220031901,강남파이낸스센터,127.0360004440093178_37.4998655532656855,64.0,11.0,정체,127.0360004440093178_37.4998655532656855|127.0357762567149393_37.5004147276981854
2026-09-04T03:35:30.187978+09:00,역삼역,역삼역,POI042,KEY_1,1220064200,테헤란로19길,1220032602,현대해상강남사옥,127.0337088654406443_37.5005926415755724,1220032001,한국타이어빌딩,127.0339816634749042_37.4999827779347470,72.0,17.0,서행,127.0339816634749042_37.4999827779347470|127.0337088654406443_37.5005926415755724
2026-09-04T03:35:30.187978+09:00,역삼역,역삼역,POI042,KEY_1,1220064700,테헤란로25길,1220299000,역삼동 800-55,127.0354261517218362_37.5009351779329592,1220032501,강남파이낸스센터,127.0357139041821881_37.5005114802401565,54.0,13.0,정체,127.0357139041821881_37.5005114802401565|127.0355669976001991_37.5006583522082835|127.0354261517218362_37.5009351779329592
2026-09-04T03:35:30.187978+09:00,역삼역,역삼역,POI042,KEY_1,1220064800,강남대로94길,1220032903,AC호텔서울강남,127.0352188371493725_37.5010548317045789,1220032602,현대해상강남사옥,127.0337088654406443_37.5005926415755724,143.0,7.0,정체,127.0337088654406443_37.5005926415755724|127.0345432586491228_37.5008480456843643|127.0348576265480318_37.5009442703391116|127.0352188371493725_37.5010548317045789
2026-09-04T03:35:30.187978+09:00,역삼역,역삼역,POI042,KEY_1,1220065000,언주로85길,1220425600,역삼동 804-2,127.0413775483893204_37.5016708899374862,1220033603,조선팰리스서울강남,127.0411472370855819_37.5020621235551701,48.0,14.0,정체,127.0411472370855819_37.5020621235551701|127.0412903042234376_37.5018498555624049|127.0413775483893204_37.5016708899374862
2026-09-04T03:35:30.187978+09:00,역삼역,역삼역,POI042,KEY_1,1220065100,언주로85길,1220398400,역삼동 804-5,127.0416682032000608_37.5013733047190456,1220033404,역삼동 804-10,127.0432869693216986_37.5014089252733029,169.0,44.0,원활,127.0432869693216986_37.5014089252733029|127.0427807466158896_37.5012612056344494|127.0423901287035022_37.5011472184706918|127.0423861586326097_37.5011468064563331|127.0418446575615121_37.5010906081298501|127.0417976313598416_37.5011078006535357|127.0416682032000608_37.5013733047190456
2026-09-04T03:35:30.187978+09:00,역삼역,역삼역,POI042,KEY_1,1220066000,테헤란로25길,1220411000,역삼동 800-46,127.0357497043298878_37.5019516544713767,1220032901,AC호텔서울강남,127.0353011884444641_37.5011899349873303,103.0,12.0,정체,127.0353011884444641_37.5011899349873303|127.0352524015514604_37.5013089790965211|127.0354105872832235_37.5016420889215567|127.0355251871199442_37.5018834129373317|127.0357497043298878_37.5019516544713767
2026-09-04T03:35:30.187978+09:00,역삼역,역삼역,POI042,KEY_1,1220066100,테헤란로27길,1220033204,역삼동 804,127.0383036450100747_37.5012965051190150,1220034202,주원빌딩,127.0376735538589088_37.5025242529355367,147.0,10.0,정체,127.0376735538589088_37.5025242529355367|127.0377125497796129_37.5024717782014534|127.0378031339130587_37.5022916726038176|127.0379628362755966_37.5019741391064088|127.0381171969712426_37.5016672235797017|127.0383036450100747_37.5012965051190150
2026-09-04T03:35:30.187978+09:00,역삼역,역삼역,POI042,KEY_1,1220066200,테헤란로27길,1220355800,역삼동 801-43,127.0382431714843676_37.5017074385952114,1220033201,역삼동 804,127.0384303599731339_37.5013352470725749,45.0,13.0,정체,127.0384303599731339_37.5013352470725749|127.0382431714843676_37.5017074385952114
2026-09-04T03:35:30.187978+09:00,역삼역,역삼역,POI042,KEY_1,1220066500,논현로94길,1220446500,역삼동 679-1,127.0370346102444188_37.5023108598895689,1220033702,역삼동 800-3,127.0364185314605834_37.5021050987604525,59.0,11.0,정체,127.0364185314605834_37.5021050987604525|127.0370346102444188_37.5023108598895689
2026-09-04T03:35:30.187978+09:00,역삼역,역삼역,POI042,KEY_1,1220066600,논현로94길,1220293800,역삼동 801-43,127.0371427012136962_37.5024641970630412,1220034203,주원빌딩,127.0376210865578486_37.5026239667892369,46.0,11.0,정체,127.0376210865578486_37.5026239667892369|127.0371427012136962_37.5024641970630412
2026-09-04T03:35:30.187978+09:00,역삼역,역삼역,POI042,KEY_1,1220068100,테헤란로37길,1220264200,역삼동 801-35,127.0407611017780738_37.5031096751308723,1220033601,조선팰리스서울강남,127.0412168948508196_37.5021992128127692,109.0,15.0,서행,127.0412168948508196_37.5021992128127692|127.0409307988315248_37.5027697610468564|127.0407642310578069_37.5031019352162929|127.0407611017780738_37.5031096751308723
2026-09-04T03:35:30.187978+09:00,역삼역,역삼역,POI042,KEY_1,1220068200,테헤란로37길,1220264100,역삼동 677-32,127.0406319239594382_37.5030765261350822,1220035202,역삼동 801-35,127.0404774749732866_37.5034585349666685,45.0,19.0,서행,127.0404774749732866_37.5034585349666685|127.0406319239594382_37.5030765261350822
2026-09-04T03:35:30.187978+09:00,역삼역,역삼역,POI042,KEY_1,1220068300,언주로93길,1220321900,역삼동 801-33,127.0391274307591516_37.5030308203285614,1220034201,주원빌딩,127.0377844825094655_37.5025872091827566,129.0,9.0,정체,127.0377844825094655_37.5025872091827566|127.0378060516913052_37.5026080587615880|127.0384306021221903_37.5028078796534032|127.0387682486888679_37.5029159056779875|127.0391274307591516_37.5030308203285614
2026-09-04T03:35:30.187978+09:00,역삼역,역삼역,POI042,KEY_1,1220069700,언주로93길,1220274400,역삼동 801-35,127.0412737965731509_37.5038968162216406,1220035201,역삼동 676,127.0405990896133375_37.5035103913320995,74.0,11.0,정체,127.0405990896133375_37.5035103913320995|127.0406893594651905_37.5035754025077637|127.0408653580880838_37.5036752510038980|127.0412405043126967_37.5038880792316647|127.0412737965731509_37.5038968162216406
2026-09-04T03:35:30.187978+09:00,역삼역,역삼역,POI042,KEY_1,1220109300,논현로86길,1220031701,역삼동 803-3,127.0376332097685577_37.4994490942840741,1220033203,역삼동 804,127.0383619562775550_37.5011984810594541,269.0,20.0,서행,127.0383619562775550_37.5011984810594541|127.0384939225746734_37.5010126436947360|127.0385785669749765_37.5008379293449394|127.0387523426002332_37.5004792366435709|127.0389134461888858_37.5001466971603179|127.0385215492466671_37.4997329331422051|127.0377435658552514_37.4995043007809841|127.0376332097685577_37.4994490942840741
2026-09-04T03:35:30.187978+09:00,역삼역,역삼역,POI042,KEY_1,1220109400,테헤란로25길,1220032504,강남파이낸스센터,127.0355809598226955_37.5004709050617890,1220032903,AC호텔서울강남,127.0352188371493725_37.5010548317045789,73.0,13.0,정체,127.0352188371493725_37.5010548317045789|127.0353003824151870_37.5008945602992867|127.0354486142979624_37.5006032191951775|127.0355809598226955_37.5004709050617890
2026-09-04T03:35:30.187978+09:00,역삼역,역삼역,POI042,KEY_1,1220109500,테헤란로25길,1220441900,역삼동 800-46,127.0352836579838822_37.5016803480284437,1220033704,역삼동 800-3,127.0362369327934431_37.5021833042211554,111.0,18.0,서행,127.0362369327934431_37.5021833042211554|127.0361038904469950_37.5021750291069296|127.0357013303636364_37.5020526726668919|127.0354198369294210_37.5019671128703962|127.0352836579838822_37.5016803480284437
2026-09-04T03:35:30.187978+09:00,연신내역,연신내역,POI043,KEY_2,1110001503,연서로,1110105600,갈현동 530-2,126.9191210811147101_37.6170033593878657,1110019203,하나은행연신내지점,126.9193918028253876_37.6174113195444662,51.0,31.0,원활,126.9193918028253876_37.6174113195444662|126.9191210811147101_37.6170033593878657
2026-09-04T03:35:30.187978+09:00,연신내역,연신내역,POI043,KEY_2,1110001504,연서로,1110187200,갈현동 389-6,126.9196400799543625_37.6177839798001798,1110019400,연신내역,126.9200614701943834_37.6184160813275312,79.0,24.0,서행,126.9200614701943834_37.6184160813275312|126.9196400799543625_37.6177839798001798
2026-09-04T03:35:30.187978+09:00,연신내역,연신내역,POI043,KEY_2,1110001505,연서로,1110204300,갈현동 439-7,126.9206257333500787_37.6187209331177215,1110000904,연신내역앞교차로,126.9212784764965676_37.6189101493237814,61.0,37.0,원활,126.9212784764965676_37.6189101493237814|126.9206355668252399_37.6187241813834703|126.9206257333500787_37.6187209331177215
2026-09-04T03:35:30.187978+09:00,연신내역,연신내역,POI043,KEY_2,1110001604,연서로,1110211200,대조동 228-1,126.9202548518927500_37.6184314740807295,1110019201,하나은행연신내지점,126.9195769445319968_37.6174587466015211,124.0,12.0,정체,126.9195769445319968_37.6174587466015211|126.9197593257919294_37.6177338047535628|126.9201657311834452_37.6183467163848206|126.9202548518927500_37.6184314740807295
2026-09-04T03:35:30.187978+09:00,연신내역,연신내역,POI043,KEY_2,1110001701,통일로,1110000904,연신내역앞교차로,126.9212784764965676_37.6189101493237814,1110019800,연신내역,126.9207299541102003_37.6195647960508452,87.0,36.0,원활,126.9207299541102003_37.6195647960508452|126.9212784764965676_37.6189101493237814
2026-09-04T03:35:30.187978+09:00,연신내역,연신내역,POI043,KEY_2,1110001802,통일로,1110276900,불광동 484-82,126.9206343140460120_37.6198754773551016,1110000901,연신내역앞교차로,126.9214112017024263_37.6189466943516067,124.0,37.0,원활,126.9214112017024263_37.6189466943516067|126.9208432802010549_37.6196244949793908|126.9206343140460120_37.6198754773551016
2026-09-04T03:35:30.187978+09:00,연신내역,연신내역,POI043,KEY_2,1110013702,통일로,1110203100,불광동 308-3,126.9219105125210376_37.6181746742698593,1110000903,연신내역앞교차로,126.9213567205654414_37.6188177358830984,87.0,22.0,서행,126.9213567205654414_37.6188177358830984|126.9219105125210376_37.6181746742698593
2026-09-04T03:35:30.187978+09:00,연신내역,연신내역,POI043,KEY_2,1110014001,연서로,1110219300,불광동 309-4,126.9226386392597732_37.6193753898948984,1110000902,연신내역앞교차로,126.9214908022308350_37.6188533548093673,121.0,37.5,원활,126.9214908022308350_37.6188533548093673|126.9221600641645722_37.6190222750227292|126.9223610041808143_37.6191151559738088|126.9224330610361591_37.6191709731888508|126.9225061446400247_37.6192275856208340|126.9226386392597732_37.6193753898948984
2026-09-04T03:35:30.187978+09:00,연신내역,연신내역,POI043,KEY_2,1110035000,연서로26길,1110257200,대조동 185-12,126.9200627926501568_37.6171301646562029,1110019202,하나은행연신내지점,126.9195135135817480_37.6173631224620664,55.0,22.0,서행,126.9195135135817480_37.6173631224620664|126.9200627926501568_37.6171301646562029
2026-09-04T03:35:30.187978+09:00,연신내역,연신내역,POI043,KEY_2,1110035500,연서로27길,1110149700,갈현동 420-10,126.9187221737785336_37.6178103221391424,1110019204,하나은행연신내지점,126.9194554443667755_37.6175070154733575,73.0,11.0,정체,126.9194554443667755_37.6175070154733575|126.9193235955441992_37.6175557871926429|126.9187221737785336_37.6178103221391424
2026-09-04T03:35:30.187978+09:00,연신내역,연신내역,POI043,KEY_2,1110036500,통일로,1110128500,갈현동 420-35,126.9197022186026942_37.6197297502046695,1110019501,연신내역(GTX-A),126.9203079864686146_37.6188802936263968,108.0,8.0,정체,126.9203079864686146_37.6188802936263968|126.9202451318865030_37.6189485091594449|126.9198832339485818_37.6194639413064422|126.9197379057777937_37.6196709222245929|126.9197022186026942_37.6197297502046695
2026-09-04T03:35:30.187978+09:00,오목교역·목동운동장,오목교역·목동운동장,POI044,KEY_3,1140018602,오목로,1140307200,목동 406-189,126.8750597810405623_37.5246312199444461,1140005904,오목교역앞교차로,126.8760643398085648_37.5245019045336150,90.0,45.0,원활,126.8760643398085648_37.5245019045336150|126.8750597810405623_37.5246312199444461
2026-09-04T03:35:30.187978+09:00,오목교역·목동운동장,오목교역·목동운동장,POI044,KEY_3,1140012500,안양천로,1140310800,최소노드배치점,126.8775163465214035_37.5198303050041133,1140004904,신정동 137-2,126.8782632688182161_37.5221322207168839,268.0,45.0,원활,126.8782632688182161_37.5221322207168839|126.8782981016445603_37.5218734009839139|126.8782983970848619_37.5216915105551223|126.8782899061957039_37.5215347769621914|126.8782687357557535_37.5214259401943480|126.8782126253799163_37.5212531304698587|126.8776046350151319_37.5200558238897699|126.8775163465214035_37.5198303050041133
2026-09-04T03:35:30.187978+09:00,오목교역·목동운동장,오목교역·목동운동장,POI044,KEY_3,1140012602,안양천로,1140004903,신정동 137-2,126.8783982430570489_37.5221437443696928,1140019200,신정동쌍용아파트,126.8774277767779068_37.5184368802104729,426.0,54.5,원활,126.8774277767779068_37.5184368802104729|126.8774952028564798_37.5191418307164994|126.8775390353828385_37.5194455320804607|126.8776179855951369_37.5197267258202132|126.8776459355257060_37.5197981187704457|126.8777325662202884_37.5200194000170413|126.8783418122356039_37.5212191777890709|126.8784018478279023_37.5214040739357841|126.8784252027244150_37.5215241376156143|126.8784341474975008_37.5216892491856768|126.8784338392301549_37.5218792486221702|126.8783982430570489_37.5221437443696928
2026-09-04T03:35:30.187978+09:00,오목교역·목동운동장,오목교역·목동운동장,POI044,KEY_3,1140014300,신목로,1140120200,신정동 867,126.8739873187226550_37.5218579763837994,1140022703,목동대림아파트,126.8745697226059406_37.5226063103844822,98.0,18.0,서행,126.8745697226059406_37.5226063103844822|126.8744307221974879_37.5224274581294210|126.8740376315152645_37.5219216616090065|126.8739873187226550_37.5218579763837994
2026-09-04T03:35:30.187978+09:00,오목교역·목동운동장,오목교역·목동운동장,POI044,KEY_3,1140015200,목동동로,1140005402,목동초등학교,126.8711441712250974_37.5230982757077953,1140004500,목동중교앞교차로,126.8706828920324767_37.5210163482448067,235.0,47.3,원활,126.8706828920324767_37.5210163482448067|126.8711441712250974_37.5230982757077953
2026-09-04T03:35:30.187978+09:00,오목교역·목동운동장,오목교역·목동운동장,POI044,KEY_3,1140015301,신목로16길,1140249500,신정동 118-1,126.8752005636399076_37.5225073241394256,1140022702,목동대림아파트,126.8747137790712998_37.5225862434658168,44.0,15.0,서행,126.8747137790712998_37.5225862434658168|126.8749527901100720_37.5225391961652974|126.8752005636399076_37.5225073241394256
2026-09-04T03:35:30.187978+09:00,오목교역·목동운동장,오목교역·목동운동장,POI044,KEY_3,1140015302,신목로16길,1140249400,신정동 1279-3,126.8777989258199455_37.5221812276191784,1140004907,신정동869-2,126.8772375700857680_37.5222426464536625,50.0,17.0,서행,126.8772375700857680_37.5222426464536625|126.8773244365227271_37.5222313034119352|126.8777989258199455_37.5221812276191784
2026-09-04T03:35:30.187978+09:00,오목교역·목동운동장,오목교역·목동운동장,POI044,KEY_3,1140015401,신목로16길,1140249300,목동 931-1,126.8778167573564701_37.5222884107940757,1140004905,신정동 137-2,126.8782466548456256_37.5222430390452502,38.0,10.0,정체,126.8782466548456256_37.5222430390452502|126.8778167573564701_37.5222884107940757
2026-09-04T03:35:30.187978+09:00,오목교역·목동운동장,오목교역·목동운동장,POI044,KEY_3,1140015402,신목로16길,1140158900,목동 404-77,126.8759834422349684_37.5225159696095574,1140004909,신정동869-2,126.8771236229552954_37.5223670896548782,102.0,19.0,서행,126.8771236229552954_37.5223670896548782|126.8766435652983375_37.5224297749589510|126.8759834422349684_37.5225159696095574
2026-09-04T03:35:30.187978+09:00,오목교역·목동운동장,오목교역·목동운동장,POI044,KEY_3,1140015700,목동서로,1140004800,신정동 314-7,126.8687327841983716_37.5212909443460276,1140005502,신정동 314-7,126.8692623646753077_37.5234649054807363,246.0,29.0,원활,126.8692623646753077_37.5234649054807363|126.8691738622376448_37.5232295496424726|126.8687327841983716_37.5212909443460276
2026-09-04T03:35:30.187978+09:00,오목교역·목동운동장,오목교역·목동운동장,POI044,KEY_3,1140018601,오목로,1140024201,목동 406-411,126.8716125319034518_37.5251643021964796,1140023701,목동지하차도(북측),126.8741069190683675_37.5247538721865865,226.0,23.0,서행,126.8741069190683675_37.5247538721865865|126.8738527462003276_37.5248450262842681|126.8716125319034518_37.5251643021964796
2026-09-04T03:35:30.187978+09:00,오목교역·목동운동장,오목교역·목동운동장,POI044,KEY_3,1140016300,목동동로12길,1140147700,신정동 866,126.8729486753771027_37.5228267186683766,1140005402,목동초등학교,126.8711441712250974_37.5230982757077953,162.0,11.0,정체,126.8711441712250974_37.5230982757077953|126.8720108283598051_37.5229578902758263|126.8723453037555942_37.5229111099127408|126.8729486753771027_37.5228267186683766
2026-09-04T03:35:30.187978+09:00,오목교역·목동운동장,오목교역·목동운동장,POI044,KEY_3,1140016400,목동동로12길,1140139800,목동 405-496,126.8740954722556609_37.5227760865136304,1140022704,목동대림아파트,126.8746480515111728_37.5227066354428302,49.0,24.0,서행,126.8746480515111728_37.5227066354428302|126.8743513142501200_37.5227402993975758|126.8740954722556609_37.5227760865136304
2026-09-04T03:35:30.187978+09:00,오목교역·목동운동장,오목교역·목동운동장,POI044,KEY_3,1140016500,안양천로,1140004905,신정동 137-2,126.8782466548456256_37.5222430390452502,1140005804,오목교앞,126.8779508992600427_37.5241008203129311,208.0,60.0,원활,126.8779508992600427_37.5241008203129311|126.8782466548456256_37.5222430390452502
2026-09-04T03:35:30.187978+09:00,오목교역·목동운동장,오목교역·목동운동장,POI044,KEY_3,1140016600,안양천로,1140005803,오목교앞,126.8780911957869648_37.5240790938181874,1140004902,신정동 137-2,126.8783813240257246_37.5222566391420145,204.0,63.3,원활,126.8783813240257246_37.5222566391420145|126.8780911957869648_37.5240790938181874
2026-09-04T03:35:30.187978+09:00,오목교역·목동운동장,오목교역·목동운동장,POI044,KEY_3,1140017300,신목로,1140022704,목동대림아파트,126.8746480515111728_37.5227066354428302,1140005903,오목교역앞교차로,126.8759863183296375_37.5244024257695941,222.0,26.0,원활,126.8759863183296375_37.5244024257695941|126.8758374449947581_37.5242137848674417|126.8752987382339228_37.5235311673306313|126.8746480515111728_37.5227066354428302
2026-09-04T03:35:30.187978+09:00,오목교역·목동운동장,오목교역·목동운동장,POI044,KEY_3,1140017400,신목로,1140309400,목동 451,126.8754136698647699_37.5234736306829149,1140022701,목동대림아파트,126.8747895063311830_37.5226827108236449,104.0,15.0,서행,126.8747895063311830_37.5226827108236449|126.8754136698647699_37.5234736306829149
2026-09-04T03:35:30.187978+09:00,오목교역·목동운동장,오목교역·목동운동장,POI044,KEY_3,1140017500,오목로52길,1140005502,신정동 314-7,126.8692623646753077_37.5234649054807363,1140005602,진도아파트,126.8686193171741792_37.5239050293816163,76.0,6.0,정체,126.8686193171741792_37.5239050293816163|126.8691057851297330_37.5236438756357344|126.8691500961154901_37.5235986286673651|126.8692623646753077_37.5234649054807363
2026-09-04T03:35:30.187978+09:00,오목교역·목동운동장,오목교역·목동운동장,POI044,KEY_3,1140017600,오목로52길,1140005601,진도아파트,126.8687459414196042_37.5239674403543688,1140005501,신정동 314-7,126.8693054271715681_37.5236081240057757,64.0,23.0,서행,126.8693054271715681_37.5236081240057757|126.8692601852498569_37.5236620117285966|126.8691995517558411_37.5237239254150978|126.8687459414196042_37.5239674403543688
2026-09-04T03:35:30.187978+09:00,오목교역·목동운동장,오목교역·목동운동장,POI044,KEY_3,1140017800,목동동로,1140024202,목동 405-403,126.8715637411060015_37.5249515816088035,1140005401,목동초등학교,126.8711677708672312_37.5232047866843175,197.0,20.0,서행,126.8711677708672312_37.5232047866843175|126.8712225487244751_37.5234520114673984|126.8715637411060015_37.5249515816088035
2026-09-04T03:35:30.187978+09:00,오목교역·목동운동장,오목교역·목동운동장,POI044,KEY_3,1140017901,오목로,1140005808,오목교역교차로,126.8770947270476057_37.5242334046017945,1140005902,오목교역앞교차로,126.8761310369372666_37.5243826302763139,87.0,13.0,정체,126.8761310369372666_37.5243826302763139|126.8770947270476057_37.5242334046017945
2026-09-04T03:35:30.187978+09:00,오목교역·목동운동장,오목교역·목동운동장,POI044,KEY_3,1140017902,오목로,1140005804,오목교앞,126.8779508992600427_37.5241008203129311,1140005807,오목교역교차로,126.8772308694981206_37.5242123224589861,65.0,49.0,원활,126.8772308694981206_37.5242123224589861|126.8779508992600427_37.5241008203129311
2026-09-04T03:35:30.187978+09:00,오목교역·목동운동장,오목교역·목동운동장,POI044,KEY_3,1140018001,오목로,1140005809,속성변화점,126.8771206355412460_37.5243395372797224,1140005805,오목교앞,126.8779334977156736_37.5242136606699717,73.0,14.0,정체,126.8779334977156736_37.5242136606699717|126.8772567781790173_37.5243184551863749|126.8771206355412460_37.5243395372797224
2026-09-04T03:35:30.187978+09:00,오목교역·목동운동장,오목교역·목동운동장,POI044,KEY_3,1140018002,오목로,1140005901,오목교역앞교차로,126.8762075502601192_37.5244809269495647,1140005809,속성변화점,126.8771206355412460_37.5243395372797224,82.0,25.0,원활,126.8771206355412460_37.5243395372797224|126.8762075502601192_37.5244809269495647
2026-09-04T03:35:30.187978+09:00,오목교역·목동운동장,오목교역·목동운동장,POI044,KEY_3,1140018300,목동서로,1140005501,신정동 314-7,126.8693054271715681_37.5236081240057757,1140024402,이마트(목동점),126.8696881012263020_37.5252426482316679,185.0,21.0,서행,126.8696881012263020_37.5252426482316679|126.8693054271715681_37.5236081240057757
2026-09-04T03:35:30.187978+09:00,오목교역·목동운동장,오목교역·목동운동장,POI044,KEY_3,1140018501,오목로,1140023702,목동지하차도(북측),126.8740841329588278_37.5246472899287866,1140024202,목동 405-403,126.8715637411060015_37.5249515816088035,226.0,36.0,원활,126.8715637411060015_37.5249515816088035|126.8738049182802854_37.5246321684823272|126.8740841329588278_37.5246472899287866
2026-09-04T03:35:30.187978+09:00,오목교역·목동운동장,오목교역·목동운동장,POI044,KEY_3,1140018502,오목로,1140307300,목동 406-30,126.8750381222751429_37.5245244890044916,1140023702,목동지하차도(북측),126.8740841329588278_37.5246472899287866,85.0,29.0,원활,126.8740841329588278_37.5246472899287866|126.8750381222751429_37.5245244890044916
2026-09-04T03:35:30.187978+09:00,오목교역·목동운동장,오목교역·목동운동장,POI044,KEY_3,1140018900,안양천로,1140005805,오목교앞,126.8779334977156736_37.5242136606699717,1140024903,유수지삼거리,126.8778106790796869_37.5254482179826141,138.0,56.0,원활,126.8778106790796869_37.5254482179826141|126.8778076033235180_37.5253311284629376|126.8778033704581389_37.5251353102778893|126.8778219971371328_37.5249492573674033|126.8779334977156736_37.5242136606699717
2026-09-04T03:35:30.187978+09:00,오목교역·목동운동장,오목교역·목동운동장,POI044,KEY_3,1140019000,안양천로,1140024902,유수지삼거리,126.8779464032071473_37.5254459558066031,1140005802,오목교앞,126.8780735218519879_37.5241919764275096,140.0,52.0,원활,126.8780735218519879_37.5241919764275096|126.8779571009713720_37.5249600378836519|126.8779392163644246_37.5251386844469152|126.8779433317381944_37.5253290667624455|126.8779464032071473_37.5254459558066031
2026-09-04T03:35:30.187978+09:00,오목교역·목동운동장,오목교역·목동운동장,POI044,KEY_3,1140019100,오목로,1140024202,목동 405-403,126.8715637411060015_37.5249515816088035,1140024402,이마트(목동점),126.8696881012263020_37.5252426482316679,169.0,7.0,정체,126.8696881012263020_37.5252426482316679|126.8715637411060015_37.5249515816088035
2026-09-04T03:35:30.187978+09:00,오목교역·목동운동장,오목교역·목동운동장,POI044,KEY_3,1140019200,오목로,1140024401,이마트(목동점),126.8697371909397162_37.5254553384607306,1140024201,목동 406-411,126.8716125319034518_37.5251643021964796,169.0,39.0,원활,126.8716125319034518_37.5251643021964796|126.8697371909397162_37.5254553384607306
2026-09-04T03:35:30.187978+09:00,오목교역·목동운동장,오목교역·목동운동장,POI044,KEY_3,1140019500,신목로,1140025202,목동 916-1,126.8770619466196905_37.5255858031045690,1140005901,오목교역앞교차로,126.8762075502601192_37.5244809269495647,144.0,35.5,원활,126.8762075502601192_37.5244809269495647|126.8768165978919740_37.5252685305008669|126.8770619466196905_37.5255858031045690
2026-09-04T03:35:30.187978+09:00,오목교역·목동운동장,오목교역·목동운동장,POI044,KEY_3,1140019600,신목로,1140234700,목동 451,126.8767010085339706_37.5253252300247340,1140025203,목동 916-1,126.8769214036638147_37.5256102349532839,37.0,10.0,정체,126.8769214036638147_37.5256102349532839|126.8767010085339706_37.5253252300247340
2026-09-04T03:35:30.187978+09:00,오목교역·목동운동장,오목교역·목동운동장,POI044,KEY_3,1140019700,오목로,1140024402,이마트(목동점),126.8696881012263020_37.5252426482316679,1140041901,목동 927-7,126.8679905384463638_37.5255090319049103,153.0,30.0,원활,126.8679905384463638_37.5255090319049103|126.8696881012263020_37.5252426482316679
2026-09-04T03:35:30.187978+09:00,오목교역·목동운동장,오목교역·목동운동장,POI044,KEY_3,1140019800,오목로,1140025001,목동지하차도(남측),126.8671078971091220_37.5258140928448327,1140024401,이마트(목동점),126.8697371909397162_37.5254553384607306,236.0,47.5,원활,126.8697371909397162_37.5254553384607306|126.8680718606105700_37.5257167240043117|126.8673889689767265_37.5258247482301499|126.8671078971091220_37.5258140928448327
2026-09-04T03:35:30.187978+09:00,오목교역·목동운동장,오목교역·목동운동장,POI044,KEY_3,1140019901,목동동로,1140025203,목동 916-1,126.8769214036638147_37.5256102349532839,1140006402,현대백화점,126.8757939559254027_37.5258006203416130,102.0,18.0,서행,126.8757939559254027_37.5258006203416130|126.8769214036638147_37.5256102349532839
2026-09-04T03:35:30.187978+09:00,오목교역·목동운동장,오목교역·목동운동장,POI044,KEY_3,1140019902,목동동로,1140024903,유수지삼거리,126.8778106790796869_37.5254482179826141,1140025202,목동 916-1,126.8770619466196905_37.5255858031045690,68.0,6.0,정체,126.8770619466196905_37.5255858031045690|126.8778106790796869_37.5254482179826141
2026-09-04T03:35:30.187978+09:00,오목교역·목동운동장,오목교역·목동운동장,POI044,KEY_3,1140020002,목동동로,1140006401,현대백화점,126.8758221113743332_37.5259063887954838,1140025204,목동 916-1,126.8769495613334470_37.5257160032038541,102.0,6.0,정체,126.8769495613334470_37.5257160032038541|126.8758221113743332_37.5259063887954838
2026-09-04T03:35:30.187978+09:00,오목교역·목동운동장,오목교역·목동운동장,POI044,KEY_3,1140020003,목동동로,1140025201,목동 916-1,126.8770924657217307_37.5256911556177215,1140024904,유수지삼거리,126.8778308169557647_37.5255554783344678,67.0,10.0,정체,126.8778308169557647_37.5255554783344678|126.8770924657217307_37.5256911556177215
2026-09-04T03:35:30.187978+09:00,오목교역·목동운동장,오목교역·목동운동장,POI044,KEY_3,1140020200,목동동로,1140027200,방송회관앞교차로,126.8719171529918981_37.5264818390629102,1140024201,목동 406-411,126.8716125319034518_37.5251643021964796,149.0,25.0,원활,126.8716125319034518_37.5251643021964796|126.8719171529918981_37.5264818390629102
2026-09-04T03:35:30.187978+09:00,오목교역·목동운동장,오목교역·목동운동장,POI044,KEY_3,1140020502,목동동로,1140006402,현대백화점,126.8757939559254027_37.5258006203416130,1140006500,목동 916-1,126.8738928014029597_37.5261701039375168,173.0,36.0,원활,126.8738928014029597_37.5261701039375168|126.8757939559254027_37.5258006203416130
2026-09-04T03:35:30.187978+09:00,오목교역·목동운동장,오목교역·목동운동장,POI044,KEY_3,1140020900,목동서로,1140024401,이마트(목동점),126.8697371909397162_37.5254553384607306,1140006800,목동7단지교차로,126.8700370466621052_37.5267734422290928,149.0,32.0,원활,126.8700370466621052_37.5267734422290928|126.8697371909397162_37.5254553384607306
2026-09-04T03:35:30.187978+09:00,오목교역·목동운동장,오목교역·목동운동장,POI044,KEY_3,1140021300,목동동로,1140006500,목동 916-1,126.8738928014029597_37.5261701039375168,1140027200,방송회관앞교차로,126.8719171529918981_37.5264818390629102,178.0,24.0,서행,126.8719171529918981_37.5264818390629102|126.8738928014029597_37.5261701039375168
2026-09-04T03:35:30.187978+09:00,오목교역·목동운동장,오목교역·목동운동장,POI044,KEY_3,1140021600,목동서로,1140027200,방송회관앞교차로,126.8719171529918981_37.5264818390629102,1140006800,목동7단지교차로,126.8700370466621052_37.5267734422290928,169.0,6.0,정체,126.8700370466621052_37.5267734422290928|126.8719171529918981_37.5264818390629102
2026-09-04T03:35:30.187978+09:00,오목교역·목동운동장,오목교역·목동운동장,POI044,KEY_3,1140021700,목동서로,1140006500,목동 916-1,126.8738928014029597_37.5261701039375168,1140006900,목운초등학교,126.8741154633229371_37.5271522276647929,111.0,15.0,서행,126.8741154633229371_37.5271522276647929|126.8738928014029597_37.5261701039375168
2026-09-04T03:35:30.187978+09:00,오목교역·목동운동장,오목교역·목동운동장,POI044,KEY_3,1140022002,목동동로,1140007100,목동주차장교차로,126.8761975431109761_37.5275646112610417,1140006401,현대백화점,126.8758221113743332_37.5259063887954838,187.0,15.0,서행,126.8758221113743332_37.5259063887954838|126.8761975431109761_37.5275646112610417
2026-09-04T03:35:30.187978+09:00,오목교역·목동운동장,오목교역·목동운동장,POI044,KEY_3,1140022400,목동동로,1140007000,목운중학교,126.8721405737730663_37.5274481402760784,1140027200,방송회관앞교차로,126.8719171529918981_37.5264818390629102,109.0,17.0,서행,126.8719171529918981_37.5264818390629102|126.8721405737730663_37.5274481402760784
2026-09-04T03:35:30.187978+09:00,오목교역·목동운동장,오목교역·목동운동장,POI044,KEY_3,1140022700,안양천로,1140024904,유수지삼거리,126.8778308169557647_37.5255554783344678,1140029804,목동 914-3,126.8802517919727677_37.5287987014459361,421.0,51.0,원활,126.8802517919727677_37.5287987014459361|126.8801811820151499_37.5287329253868762|126.8800611888309646_37.5285781124886810|126.8796216304804858_37.5279546967675728|126.8793985338476347_37.5276446174976570|126.8790646266032951_37.5272250301873171|126.8784238801622450_37.5265380128296968|126.8781472901061704_37.5261975915847756|126.8779873955565591_37.5259420727405697|126.8778954134242127_37.5257508590129163|126.8778308169557647_37.5255554783344678
2026-09-04T03:35:30.187978+09:00,오목교역·목동운동장,오목교역·목동운동장,POI044,KEY_3,1140022800,안양천로,1140029803,목동 914-3,126.8803549801513242_37.5287284420117473,1140024901,유수지삼거리,126.8779620959467849_37.5255279467383502,415.0,49.5,원활,126.8779620959467849_37.5255279467383502|126.8780248173832916_37.5257176556673286|126.8781118197576490_37.5258985161525374|126.8782653980794493_37.5261439407063264|126.8785354739030140_37.5264763432727975|126.8791766036924997_37.5271637712813586|126.8795148196710159_37.5275887722878068|126.8797397136665239_37.5279013489451643|126.8801781868167637_37.5285232242217575|126.8802911905114854_37.5286690199059407|126.8803549801513242_37.5287284420117473
2026-09-04T03:35:30.187978+09:00,오목교역·목동운동장,오목교역·목동운동장,POI044,KEY_3,1140023000,목동서로,1140007000,목운중학교,126.8721405737730663_37.5274481402760784,1140006900,목운초등학교,126.8741154633229371_37.5271522276647929,178.0,36.0,원활,126.8741154633229371_37.5271522276647929|126.8721405737730663_37.5274481402760784
2026-09-04T03:35:30.187978+09:00,오목교역·목동운동장,오목교역·목동운동장,POI044,KEY_3,1140023100,목동서로,1140006900,목운초등학교,126.8741154633229371_37.5271522276647929,1140007200,목동 920-2,126.8742742959669556_37.5278527965658384,79.0,15.0,서행,126.8742742959669556_37.5278527965658384|126.8741154633229371_37.5271522276647929
2026-09-04T03:35:30.187978+09:00,오목교역·목동운동장,오목교역·목동운동장,POI044,KEY_3,1140023500,목동서로,1140006800,목동7단지교차로,126.8700370466621052_37.5267734422290928,1140007600,목동 925-5,126.8703817932222933_37.5284034261129520,183.0,33.0,원활,126.8703817932222933_37.5284034261129520|126.8700370466621052_37.5267734422290928
2026-09-04T03:35:30.187978+09:00,오목교역·목동운동장,오목교역·목동운동장,POI044,KEY_3,1140023800,목동동로,1140007200,목동 920-2,126.8742742959669556_37.5278527965658384,1140007100,목동주차장교차로,126.8761975431109761_37.5275646112610417,173.0,10.0,정체,126.8761975431109761_37.5275646112610417|126.8742742959669556_37.5278527965658384
2026-09-04T03:35:30.187978+09:00,오목교역·목동운동장,오목교역·목동운동장,POI044,KEY_3,1140024000,목동동로,1140007400,목동 924-2,126.8722963649476441_37.5281219280359437,1140007000,목운중학교,126.8721405737730663_37.5274481402760784,76.0,17.0,서행,126.8721405737730663_37.5274481402760784|126.8722963649476441_37.5281219280359437
2026-09-04T03:35:30.187978+09:00,오목교역·목동운동장,오목교역·목동운동장,POI044,KEY_3,1140024500,목동서로,1140007200,목동 920-2,126.8742742959669556_37.5278527965658384,1140007700,CBS기독교방송,126.8744364998262313_37.5285619580008785,80.0,15.0,서행,126.8744364998262313_37.5285619580008785|126.8742742959669556_37.5278527965658384
2026-09-04T03:35:30.187978+09:00,오목교역·목동운동장,오목교역·목동운동장,POI044,KEY_3,1140024700,목동서로,1140007400,목동 924-2,126.8722963649476441_37.5281219280359437,1140007600,목동 925-5,126.8703817932222933_37.5284034261129520,172.0,9.0,정체,126.8703817932222933_37.5284034261129520|126.8722963649476441_37.5281219280359437
2026-09-04T03:35:30.187978+09:00,오목교역·목동운동장,오목교역·목동운동장,POI044,KEY_3,1140025200,목동동로,1140008502,한국통신목동지점,126.8767586051522613_37.5300075904237431,1140007100,목동주차장교차로,126.8761975431109761_37.5275646112610417,276.0,40.0,원활,126.8761975431109761_37.5275646112610417|126.8762869637620554_37.5279574217115623|126.8767586051522613_37.5300075904237431
2026-09-04T03:35:30.187978+09:00,오목교역·목동운동장,오목교역·목동운동장,POI044,KEY_3,1140025400,목동동로,1140007900,오목공원,126.8724636489445885_37.5288454055255940,1140007400,목동 924-2,126.8722963649476441_37.5281219280359437,82.0,17.0,서행,126.8722963649476441_37.5281219280359437|126.8724636489445885_37.5288454055255940
2026-09-04T03:35:30.187978+09:00,오목교역·목동운동장,오목교역·목동운동장,POI044,KEY_3,1140025500,목동동로,1140007700,CBS기독교방송,126.8744364998262313_37.5285619580008785,1140007900,오목공원,126.8724636489445885_37.5288454055255940,177.0,36.0,원활,126.8724636489445885_37.5288454055255940|126.8744364998262313_37.5285619580008785
2026-09-04T03:35:30.187978+09:00,오목교역·목동운동장,오목교역·목동운동장,POI044,KEY_3,1140025900,목동서로,1140007700,CBS기독교방송,126.8744364998262313_37.5285619580008785,1140008100,SBS방송센터교차로,126.8746593923549000_37.5295512957762867,112.0,15.0,서행,126.8746593923549000_37.5295512957762867|126.8744364998262313_37.5285619580008785
2026-09-04T03:35:30.187978+09:00,오목교역·목동운동장,오목교역·목동운동장,POI044,KEY_3,1140026600,목동동로,1140008400,양천소방서교차로,126.8726973678810168_37.5298561817287393,1140007900,오목공원,126.8724636489445885_37.5288454055255940,114.0,17.0,서행,126.8724636489445885_37.5288454055255940|126.8726973678810168_37.5298561817287393
2026-09-04T03:35:30.187978+09:00,오목교역·목동운동장,오목교역·목동운동장,POI044,KEY_3,1140026701,안양천로,1140265400,목동 914-3,126.8840395555670852_37.5296213132311394,1140031500,목동교,126.8845796056343147_37.5298541112350392,54.0,26.0,원활,126.8845796056343147_37.5298541112350392|126.8840395555670852_37.5296213132311394
2026-09-04T03:35:30.187978+09:00,오목교역·목동운동장,오목교역·목동운동장,POI044,KEY_3,1140026702,안양천로,1140031500,목동교,126.8845796056343147_37.5298541112350392,1140031800,목동교,126.8858661791991977_37.5304734230982291,133.0,59.0,원활,126.8858661791991977_37.5304734230982291|126.8857544420663856_37.5303903022336129|126.8855057939607320_37.5302579395494291|126.8845796056343147_37.5298541112350392
2026-09-04T03:35:30.187978+09:00,오목교역·목동운동장,오목교역·목동운동장,POI044,KEY_3,1140026801,안양천로,1140030900,목동교,126.8846448018285855_37.5297592742909174,1140029802,목동 914-3,126.8804368172790049_37.5287942883076511,400.0,51.5,원활,126.8804368172790049_37.5287942883076511|126.8806014916928433_37.5289093373200373|126.8807733399068383_37.5290088273910669|126.8810295841952183_37.5291059929811439|126.8812528945229445_37.5291712294635289|126.8815169140189880_37.5291986300845579|126.8818124685144966_37.5291816206965265|126.8822595377858704_37.5291245356198928|126.8825743120673906_37.5291248490139893|126.8829236106694509_37.5291581436100969|126.8833913339066584_37.5292499327297406|126.8837941457795893_37.5293925807294357|126.8841041799816054_37.5295262287585629|126.8846448018285855_37.5297592742909174
2026-09-04T03:35:30.187978+09:00,오목교역·목동운동장,오목교역·목동운동장,POI044,KEY_3,1140027000,목동서로,1140008400,양천소방서교차로,126.8726973678810168_37.5298561817287393,1140008100,SBS방송센터교차로,126.8746593923549000_37.5295512957762867,177.0,29.0,원활,126.8746593923549000_37.5295512957762867|126.8726973678810168_37.5298561817287393
2026-09-04T03:35:30.187978+09:00,오목교역·목동운동장,오목교역·목동운동장,POI044,KEY_3,1140027500,목동서로,1140008100,SBS방송센터교차로,126.8746593923549000_37.5295512957762867,1140008700,청소년수련관앞,126.8748398802341057_37.5303465971350931,90.0,34.0,원활,126.8748398802341057_37.5303465971350931|126.8746593923549000_37.5295512957762867
2026-09-04T03:35:30.187978+09:00,오목교역·목동운동장,오목교역·목동운동장,POI044,KEY_3,1140027900,목동서로,1140008501,한국통신목동지점,126.8767830729488395_37.5301139460043203,1140008700,청소년수련관앞,126.8748398802341057_37.5303465971350931,174.0,14.0,정체,126.8748398802341057_37.5303465971350931|126.8767830729488395_37.5301139460043203
2026-09-04T03:35:30.187978+09:00,오목교역·목동운동장,오목교역·목동운동장,POI044,KEY_3,1140028600,목동동로,1140009000,양천우체국,126.8770546258868848_37.5312943013899840,1140008501,한국통신목동지점,126.8767830729488395_37.5301139460043203,133.0,40.0,원활,126.8767830729488395_37.5301139460043203|126.8770546258868848_37.5312943013899840
2026-09-04T03:35:30.187978+09:00,오목교역·목동운동장,오목교역·목동운동장,POI044,KEY_3,1140028700,목동서로,1140008700,청소년수련관앞,126.8748398802341057_37.5303465971350931,1140008900,청소년수련관앞교차로,126.8749851771577255_37.5309868184484969,72.0,26.0,원활,126.8749851771577255_37.5309868184484969|126.8748398802341057_37.5303465971350931
2026-09-04T03:35:30.187978+09:00,오목교역·목동운동장,오목교역·목동운동장,POI044,KEY_3,1140029100,국회대로,1140312900,최소노드배치점,126.8723983124313719_37.5309016221429346,1140009201,신월여의지하도로(동측),126.8808443431802715_37.5319377152892457,755.0,51.8,원활,126.8808443431802715_37.5319377152892457|126.8804389867348306_37.5319127100883563|126.8799537888849756_37.5318681967887500|126.8794101563803736_37.5317995858458602|126.8784003800115556_37.5316720337239644|126.8757268552482742_37.5313240538540356|126.8748182748966826_37.5312089563962559|126.8730797268309800_37.5309851275213049|126.8723983124313719_37.5309016221429346
2026-09-04T03:35:30.187978+09:00,오목교역·목동운동장,오목교역·목동운동장,POI044,KEY_3,1140029200,국회대로,1140312800,최소노드배치점,126.8724189685671035_37.5307947208274726,1140031001,홍익병원앞교차로,126.8639907063568870_37.5297465213528838,754.0,57.7,원활,126.8639907063568870_37.5297465213528838|126.8650874531422659_37.5298815229964546|126.8659514513962705_37.5299875464180914|126.8669909996045817_37.5301213175723021|126.8698625278036474_37.5304794687018415|126.8714478965867016_37.5306757112922611|126.8724189685671035_37.5307947208274726
2026-09-04T03:35:30.187978+09:00,오목교역·목동운동장,오목교역·목동운동장,POI044,KEY_3,1140030300,목동서로,1140032900,청소년수련관앞,126.8750649305418960_37.5313299084450378,1140009302,목동 903-6,126.8754059121054496_37.5328403623939266,170.0,22.0,서행,126.8754059121054496_37.5328403623939266|126.8750649305418960_37.5313299084450378
2026-09-04T03:35:30.187978+09:00,오목교역·목동운동장,오목교역·목동운동장,POI044,KEY_3,1140030601,목동동로,1140033400,양천우체국,126.8771228632929393_37.5315914819196266,1140009000,양천우체국,126.8770546258868848_37.5312943013899840,34.0,20.0,서행,126.8770546258868848_37.5312943013899840|126.8771228632929393_37.5315914819196266
2026-09-04T03:35:30.187978+09:00,오목교역·목동운동장,오목교역·목동운동장,POI044,KEY_3,1140030602,목동동로,1140009500,법안정사,126.8776093242993852_37.5336801307362080,1140033400,양천우체국,126.8771228632929393_37.5315914819196266,236.0,26.0,원활,126.8771228632929393_37.5315914819196266|126.8775018319297345_37.5332380794548897|126.8776093242993852_37.5336801307362080
2026-09-04T03:35:30.187978+09:00,오목교역·목동운동장,오목교역·목동운동장,POI044,KEY_3,1140031000,목동서로8길,1140277200,목동 903-5,126.8746424963737098_37.5330737326508270,1140009301,목동 903-6,126.8754300033318430_37.5329467924858804,71.0,24.0,서행,126.8754300033318430_37.5329467924858804|126.8746460016121347_37.5330734143301186|126.8746424963737098_37.5330737326508270
2026-09-04T03:35:30.187978+09:00,오목교역·목동운동장,오목교역·목동운동장,POI044,KEY_3,1140031500,목동서로,1140009301,목동 903-6,126.8754300033318430_37.5329467924858804,1140009600,목동 903-6,126.8756637978666220_37.5339768809772707,116.0,40.0,원활,126.8756637978666220_37.5339768809772707|126.8754300033318430_37.5329467924858804
2026-09-04T03:35:30.187978+09:00,오목교역·목동운동장,오목교역·목동운동장,POI044,KEY_3,1140031700,목동동로16길,1140332200,목동 913-4,126.8798393911997948_37.5351177280643782,1140009902,목동5단지교차로,126.8797154850128663_37.5353485135608196,28.0,36.0,원활,126.8797154850128663_37.5353485135608196|126.8798393911997948_37.5351177280643782
2026-09-04T03:35:30.187978+09:00,오목교역·목동운동장,오목교역·목동운동장,POI044,KEY_3,1140031800,목동동로16길,1140229800,목동 913-4,126.8808217015313176_37.5323896291626937,1140009203,신월여의지하도로(동측),126.8808823152185141_37.5320181494475520,42.0,35.5,원활,126.8808823152185141_37.5320181494475520|126.8808217015313176_37.5323896291626937
2026-09-04T03:35:30.187978+09:00,오목교역·목동운동장,오목교역·목동운동장,POI044,KEY_3,1140032000,목동동로,1140009600,목동 903-6,126.8756637978666220_37.5339768809772707,1140009500,법안정사,126.8776093242993852_37.5336801307362080,175.0,26.0,원활,126.8776093242993852_37.5336801307362080|126.8756637978666220_37.5339768809772707
2026-09-04T03:35:30.187978+09:00,오목교역·목동운동장,오목교역·목동운동장,POI044,KEY_3,1140032100,목동동로18길,1140327600,목동 912-3,126.8830590710973070_37.5360028453064984,1140035002,목동5·6단지앞교차로,126.8828699872771892_37.5364480077944762,52.0,18.0,서행,126.8828699872771892_37.5364480077944762|126.8829311279323520_37.5362664342802006|126.8830184569602579_37.5360768386733312|126.8830590710973070_37.5360028453064984
2026-09-04T03:35:30.187978+09:00,오목교역·목동운동장,오목교역·목동운동장,POI044,KEY_3,1140032200,목동동로18길,1140196900,목동 912-3,126.8837054261265820_37.5322917398549265,1140009101,목동5.6단지,126.8836194087718070_37.5318939270615388,45.0,23.0,서행,126.8836194087718070_37.5318939270615388|126.8837054261265820_37.5322917398549265
2026-09-04T03:35:30.187978+09:00,오목교역·목동운동장,오목교역·목동운동장,POI044,KEY_3,1140032300,목동동로,1140009700,목동 913-3,126.8784391701507985_37.5348828313176668,1140009500,법안정사,126.8776093242993852_37.5336801307362080,156.0,48.3,원활,126.8776093242993852_37.5336801307362080|126.8776623267564929_37.5339138078558179|126.8777070110188987_37.5340479482234315|126.8777741216845527_37.5341970116271497|126.8778562254971973_37.5343311915555660|126.8779533019347241_37.5344624063895651|126.8781027207437120_37.5346204943553587|126.8782820920490195_37.5347696732787952|126.8784391701507985_37.5348828313176668
2026-09-04T03:35:30.187978+09:00,오목교역·목동운동장,오목교역·목동운동장,POI044,KEY_3,1140032700,목동서로,1140009600,목동 903-6,126.8756637978666220_37.5339768809772707,1140010002,목동2.3단지교차로,126.8764419634238294_37.5355209305015336,187.0,37.0,원활,126.8764419634238294_37.5355209305015336|126.8763723690955914_37.5354548490478592|126.8762349330648931_37.5352925998445386|126.8760796061470160_37.5350874215701538|126.8759661743498128_37.5348918223800752|126.8758468437574294_37.5346437714498009|126.8757380699430826_37.5343480532638054|126.8756637978666220_37.5339768809772707
2026-09-04T03:35:30.187978+09:00,오목교역·목동운동장,오목교역·목동운동장,POI044,KEY_3,1140033000,목동동로,1140009902,목동5단지교차로,126.8797154850128663_37.5353485135608196,1140009700,목동 913-3,126.8784391701507985_37.5348828313176668,124.0,23.0,서행,126.8784391701507985_37.5348828313176668|126.8786372474522750_37.5349726701522712|126.8797154850128663_37.5353485135608196
2026-09-04T03:35:30.187978+09:00,오목교역·목동운동장,오목교역·목동운동장,POI044,KEY_3,1140033500,목동서로,1140009700,목동 913-3,126.8784391701507985_37.5348828313176668,1140010400,목동2·3단지교차로,126.8773306552267286_37.5361618405017623,172.0,23.0,서행,126.8773306552267286_37.5361618405017623|126.8784391701507985_37.5348828313176668
2026-09-04T03:35:30.187978+09:00,오목교역·목동운동장,오목교역·목동운동장,POI044,KEY_3,1140033800,목동동로,1140010100,목동 912-2,126.8808228944800476_37.5357345122197046,1140009901,목동5단지교차로,126.8798398671769121_37.5353918688772765,95.0,21.0,서행,126.8798398671769121_37.5353918688772765|126.8808228944800476_37.5357345122197046
2026-09-04T03:35:30.187978+09:00,오목교역·목동운동장,오목교역·목동운동장,POI044,KEY_3,1140034000,목동서로6길,1140334000,목동 902-4,126.8761939543289259_37.5358071939591440,1140010001,목동2.3단지교차로,126.8765293071620306_37.5356038651211890,37.0,14.0,정체,126.8765293071620306_37.5356038651211890|126.8761939543289259_37.5358071939591440
2026-09-04T03:35:30.187978+09:00,오목교역·목동운동장,오목교역·목동운동장,POI044,KEY_3,1140034100,목동서로,1140010001,목동2.3단지교차로,126.8765293071620306_37.5356038651211890,1140010400,목동2·3단지교차로,126.8773306552267286_37.5361618405017623,95.0,48.0,원활,126.8773306552267286_37.5361618405017623|126.8770898739765443_37.5360372692547912|126.8768626030107072_37.5358892306394836|126.8765935481060438_37.5356648629501208|126.8765293071620306_37.5356038651211890
2026-09-04T03:35:30.187978+09:00,오목교역·목동운동장,오목교역·목동운동장,POI044,KEY_3,1140034400,목동동로,1140010300,목동 912-2,126.8819022864357748_37.5361107306896997,1140010100,목동 912-2,126.8808228944800476_37.5357345122197046,104.0,47.0,원활,126.8808228944800476_37.5357345122197046|126.8819022864357748_37.5361107306896997
2026-09-04T03:35:30.187978+09:00,오목교역·목동운동장,오목교역·목동운동장,POI044,KEY_3,1140034600,목동동로,1140035002,목동5·6단지앞교차로,126.8828699872771892_37.5364480077944762,1140010300,목동 912-2,126.8819022864357748_37.5361107306896997,93.0,46.0,원활,126.8819022864357748_37.5361107306896997|126.8828699872771892_37.5364480077944762
2026-09-04T03:35:30.187978+09:00,오목교역·목동운동장,오목교역·목동운동장,POI044,KEY_3,1140035000,목동동로,1140010802,목동1·2단지교차로,126.8799687730722638_37.5371493482495353,1140010100,목동 912-2,126.8808228944800476_37.5357345122197046,174.0,23.0,서행,126.8808228944800476_37.5357345122197046|126.8799687730722638_37.5371493482495353
2026-09-04T03:35:30.187978+09:00,오목교역·목동운동장,오목교역·목동운동장,POI044,KEY_3,1140035101,목동서로,1140010400,목동2·3단지교차로,126.8773306552267286_37.5361618405017623,1140035200,목동 902-5,126.8787896567945523_37.5367371777255556,144.0,52.7,원활,126.8787896567945523_37.5367371777255556|126.8777452658256522_37.5363693409841375|126.8773719312131902_37.5361833379833172|126.8773306552267286_37.5361618405017623
2026-09-04T03:35:30.187978+09:00,오목교역·목동운동장,오목교역·목동운동장,POI044,KEY_3,1140035102,목동서로,1140035200,목동 902-5,126.8787896567945523_37.5367371777255556,1140035400,목동 902-5,126.8794522569202883_37.5369696354992541,64.0,55.3,원활,126.8794522569202883_37.5369696354992541|126.8787896567945523_37.5367371777255556
2026-09-04T03:35:30.187978+09:00,오목교역·목동운동장,오목교역·목동운동장,POI044,KEY_3,1140035103,목동서로,1140035400,목동 902-5,126.8794522569202883_37.5369696354992541,1140010802,목동1·2단지교차로,126.8799687730722638_37.5371493482495353,50.0,53.0,원활,126.8799687730722638_37.5371493482495353|126.8797106292408756_37.5370602773647732|126.8794522569202883_37.5369696354992541
2026-09-04T03:35:30.187978+09:00,오목교역·목동운동장,오목교역·목동운동장,POI044,KEY_3,1140035401,목동서로,1140010300,목동 912-2,126.8819022864357748_37.5361107306896997,1140035501,목5동주민센터,126.8813336608763649_37.5371512511334942,126.0,19.0,서행,126.8813336608763649_37.5371512511334942|126.8819022864357748_37.5361107306896997
2026-09-04T03:35:30.187978+09:00,오목교역·목동운동장,오목교역·목동운동장,POI044,KEY_3,1140035402,목동서로,1140035502,목5동주민센터,126.8812794797658796_37.5372503947860707,1140011100,목동 901-7,126.8811180027535670_37.5375458728608749,36.0,17.0,서행,126.8811180027535670_37.5375458728608749|126.8812794797658796_37.5372503947860707
2026-09-04T03:35:30.187978+09:00,오목교역·목동운동장,오목교역·목동운동장,POI044,KEY_3,1140035600,목동동로,1140010903,목동 911-9,126.8852431717270406_37.5371884307117796,1140035001,목동5·6단지앞교차로,126.8829944458794472_37.5364913851206907,213.0,28.0,원활,126.8829944458794472_37.5364913851206907|126.8852431717270406_37.5371884307117796
2026-09-04T03:35:30.187978+09:00,오목교역·목동운동장,오목교역·목동운동장,POI044,KEY_3,1140035900,목동서로,1140010801,목동1·2단지교차로,126.8800933684234451_37.5371923387842727,1140011100,목동 901-7,126.8811180027535670_37.5375458728608749,99.0,41.0,원활,126.8811180027535670_37.5375458728608749|126.8800933684234451_37.5371923387842727
2026-09-04T03:35:30.187978+09:00,오목교역·목동운동장,오목교역·목동운동장,POI044,KEY_3,1140036500,목동서로,1140011100,목동 901-7,126.8811180027535670_37.5375458728608749,1140011302,월촌중학교,126.8831136085260738_37.5381735273184489,190.0,42.0,원활,126.8831136085260738_37.5381735273184489|126.8811180027535670_37.5375458728608749
2026-09-04T03:35:30.187978+09:00,오목교역·목동운동장,오목교역·목동운동장,POI044,KEY_3,1140037200,목동서로4길,1140333400,목동 901-9,126.8799390790421313_37.5374651832932287,1140010801,목동1·2단지교차로,126.8800933684234451_37.5371923387842727,33.0,19.0,서행,126.8800933684234451_37.5371923387842727|126.8799390790421313_37.5374651832932287
2026-09-04T03:35:30.187978+09:00,오목교역·목동운동장,오목교역·목동운동장,POI044,KEY_3,1140040400,목동서로,1140005402,목동초등학교,126.8711441712250974_37.5230982757077953,1140005502,신정동 314-7,126.8692623646753077_37.5234649054807363,174.0,10.0,정체,126.8692623646753077_37.5234649054807363|126.8693057909037236_37.5234043612395283|126.8693983750727199_37.5233709662043609|126.8703723483932180_37.5232296546835613|126.8709356922444158_37.5231479165233281|126.8711441712250974_37.5230982757077953
2026-09-04T03:35:30.187978+09:00,오목교역·목동운동장,오목교역·목동운동장,POI044,KEY_3,1140059100,오목로,1180072102,양천구-영등포구,126.8798127598729764_37.5238124759839593,1140005803,오목교앞,126.8780911957869648_37.5240790938181874,155.0,57.0,원활,126.8780911957869648_37.5240790938181874|126.8798127598729764_37.5238124759839593
2026-09-04T03:35:30.187978+09:00,오목교역·목동운동장,오목교역·목동운동장,POI044,KEY_3,1140059200,오목로,1140005802,오목교앞,126.8780735218519879_37.5241919764275096,1180072101,양천구-영등포구,126.8798383046578664_37.5239186642518590,159.0,58.0,원활,126.8798383046578664_37.5239186642518590|126.8780735218519879_37.5241919764275096
2026-09-04T03:35:30.187978+09:00,오목교역·목동운동장,오목교역·목동운동장,POI044,KEY_3,1140060300,오목로,1140311400,최소노드배치점,126.8705789568914497_37.5251594795092345,1140025002,목동지하차도(남측),126.8670823231769162_37.5257078971196734,315.0,55.3,원활,126.8670823231769162_37.5257078971196734|126.8680323921005311_37.5255576197932470|126.8696999326072898_37.5252958895737194|126.8705789568914497_37.5251594795092345
2026-09-04T03:35:30.187978+09:00,오목교역·목동운동장,오목교역·목동운동장,POI044,KEY_3,1140060400,오목로,1140311500,최소노드배치점,126.8706049200779802_37.5252656041847530,1140023701,목동지하차도(북측),126.8741069190683675_37.5247538721865865,315.0,62.3,원활,126.8741069190683675_37.5247538721865865|126.8716004171447196_37.5251111113636640|126.8706049200779802_37.5252656041847530
2026-09-04T03:35:30.187978+09:00,오목교역·목동운동장,오목교역·목동운동장,POI044,KEY_3,1140064700,목동서로,1140007600,목동 925-5,126.8703817932222933_37.5284034261129520,1140031702,KT서울통신센터,126.8708864108891561_37.5299765391988984,183.0,36.0,원활,126.8708864108891561_37.5299765391988984|126.8708826562650955_37.5299741403027838|126.8708049479702140_37.5299049224176926|126.8707482016617547_37.5298309593268371|126.8706885113179936_37.5297283862032955|126.8706378223026405_37.5296139035657461|126.8703817932222933_37.5284034261129520
2026-09-04T03:35:30.187978+09:00,오목교역·목동운동장,오목교역·목동운동장,POI044,KEY_3,1140065200,목동동로,1140278700,목동 914-8,126.8787135275921685_37.5297383750703872,1140008502,한국통신목동지점,126.8767586051522613_37.5300075904237431,175.0,19.0,서행,126.8767586051522613_37.5300075904237431|126.8787135275921685_37.5297383750703872
2026-09-04T03:35:30.187978+09:00,오목교역·목동운동장,오목교역·목동운동장,POI044,KEY_3,1140065300,목동동로,1140200000,목동 914-8,126.8794366198333137_37.5295948765360734,1140029801,목동 914-3,126.8803472890119082_37.5288755664340741,113.0,39.0,원활,126.8803472890119082_37.5288755664340741|126.8795457269464038_37.5295264574369938|126.8794366198333137_37.5295948765360734
2026-09-04T03:35:30.187978+09:00,오목교역·목동운동장,오목교역·목동운동장,POI044,KEY_3,1140065400,목동서로,1140031701,KT서울통신센터,126.8710064122143137_37.5300304659751873,1140008400,양천소방서교차로,126.8726973678810168_37.5298561817287393,152.0,42.0,원활,126.8726973678810168_37.5298561817287393|126.8713644600100849_37.5300485670690662|126.8712117696352237_37.5300650880968476|126.8710860692017093_37.5300530316119065|126.8710064122143137_37.5300304659751873
2026-09-04T03:35:30.187978+09:00,오목교역·목동운동장,오목교역·목동운동장,POI044,KEY_3,1140065500,국회대로,1140032102,목1동주민센터,126.8707770773223302_37.5304899448172264,1140030800,홍익병원앞,126.8646468126980551_37.5297289010190696,548.0,53.0,원활,126.8646468126980551_37.5297289010190696|126.8691358789846220_37.5302810663476976|126.8707770773223302_37.5304899448172264
2026-09-04T03:35:30.187978+09:00,오목교역·목동운동장,오목교역·목동운동장,POI044,KEY_3,1140065800,-,1140031702,KT서울통신센터,126.8708864108891561_37.5299765391988984,1140032102,목1동주민센터,126.8707770773223302_37.5304899448172264,58.0,33.0,원활,126.8707770773223302_37.5304899448172264|126.8708154273461588_37.5301353405440707|126.8708864108891561_37.5299765391988984
2026-09-04T03:35:30.187978+09:00,오목교역·목동운동장,오목교역·목동운동장,POI044,KEY_3,1140065900,-,1140032101,목1동주민센터,126.8709115136581858_37.5305068509940867,1140031701,KT서울통신센터,126.8710064122143137_37.5300304659751873,54.0,36.0,원활,126.8710064122143137_37.5300304659751873|126.8709491888728138_37.5301584866351376|126.8709115136581858_37.5305068509940867
2026-09-04T03:35:30.187978+09:00,오목교역·목동운동장,오목교역·목동운동장,POI044,KEY_3,1140066000,국회대로,1140032300,목동교,126.8874592812072706_37.5309134970682692,1140030900,목동교,126.8846448018285855_37.5297592742909174,300.0,41.5,원활,126.8846448018285855_37.5297592742909174|126.8850650412698826_37.5298468207319260|126.8852176368649225_37.5298898802170271|126.8853926600453974_37.5299472637623097|126.8856349365595264_37.5300690770065231|126.8858682234413067_37.5301980341117201|126.8860962319625401_37.5303532074958710|126.8862494340091729_37.5304904298454289|126.8864100708302090_37.5306604375601438|126.8865258476216553_37.5308035827628643|126.8866416654425961_37.5309199095953971|126.8867351286276772_37.5309736367565279|126.8868548550046000_37.5309797116427077|126.8874592812072706_37.5309134970682692
2026-09-04T03:35:30.187978+09:00,오목교역·목동운동장,오목교역·목동운동장,POI044,KEY_3,1140066300,안양천로,1140031500,목동교,126.8845796056343147_37.5298541112350392,1140032600,목동교,126.8843017135001503_37.5315237887279807,216.0,37.0,원활,126.8843017135001503_37.5315237887279807|126.8845478291154762_37.5314537533224737|126.8846297897559054_37.5313856736052571|126.8846728961694907_37.5313143276081433|126.8847283443867582_37.5311732723914062|126.8848913527991584_37.5303818380835850|126.8848914672821735_37.5303073416295092|126.8848617160776371_37.5301881174002929|126.8848281972405232_37.5300867689519677|126.8847572695101036_37.5299794238724616|126.8845796056343147_37.5298541112350392
2026-09-04T03:35:30.187978+09:00,오목교역·목동운동장,오목교역·목동운동장,POI044,KEY_3,1140066600,국회대로,1140032500,목동교,126.8856427398844033_37.5313018773321616,1140031800,목동교,126.8858661791991977_37.5304734230982291,214.0,42.3,원활,126.8858661791991977_37.5304734230982291|126.8856284890071606_37.5303706349086923|126.8854638671550674_37.5303615356366933|126.8853179180124613_37.5303762938548644|126.8852131080252406_37.5304030103262676|126.8851307450970154_37.5304327290510003|126.8850483489604386_37.5304833067597983|126.8849733908632658_37.5305636904608022|126.8849358270675936_37.5306590104051665|126.8849094335674863_37.5307900992467935|126.8849166977411045_37.5309331402237873|126.8849539596190112_37.5310344931801438|126.8850174412507243_37.5311179912911541|126.8851258429127711_37.5311896137283725|126.8853277838037172_37.5312643074386827|126.8856427398844033_37.5313018773321616
2026-09-04T03:35:30.187978+09:00,오목교역·목동운동장,오목교역·목동운동장,POI044,KEY_3,1140066700,안양천로,1140033800,서울경인유치원,126.8874090613953172_37.5328062140190042,1140030900,목동교,126.8846448018285855_37.5297592742909174,435.0,54.0,원활,126.8846448018285855_37.5297592742909174|126.8855762511383176_37.5301653966409390|126.8858390555100186_37.5303052944202946|126.8859588523003339_37.5303944110417476|126.8860447549820378_37.5304583145656494|126.8862305225850520_37.5306548325961415|126.8863509678829047_37.5308287246199441|126.8867650931619124_37.5315997619943076|126.8868135165644588_37.5316899175065330|126.8874090613953172_37.5328062140190042
2026-09-04T03:35:30.187978+09:00,오목교역·목동운동장,오목교역·목동운동장,POI044,KEY_3,1140066800,국회대로,1140008900,청소년수련관앞교차로,126.8749851771577255_37.5309868184484969,1140032101,목1동주민센터,126.8709115136581858_37.5305068509940867,364.0,44.5,원활,126.8709115136581858_37.5305068509940867|126.8746979038654388_37.5309772381993625|126.8749851771577255_37.5309868184484969
2026-09-04T03:35:30.187978+09:00,오목교역·목동운동장,오목교역·목동운동장,POI044,KEY_3,1140066900,국회대로,1140008601,카톨릭스포츠센터,126.8674839304714226_37.5304076183302158,1140032900,청소년수련관앞,126.8750649305418960_37.5313299084450378,678.0,49.3,원활,126.8750649305418960_37.5313299084450378|126.8731974085957290_37.5311109831907501|126.8703243549700090_37.5307526619028593|126.8674839304714226_37.5304076183302158
2026-09-04T03:35:30.187978+09:00,오목교역·목동운동장,오목교역·목동운동장,POI044,KEY_3,1140067000,안양천로,1140031800,목동교,126.8858661791991977_37.5304734230982291,1140033300,목동교,126.8866402689599795_37.5316422821087627,148.0,48.0,원활,126.8866402689599795_37.5316422821087627|126.8862288128544265_37.5308762140925509|126.8861162834759995_37.5307137515685838|126.8859434209870756_37.5305308833755262|126.8858661791991977_37.5304734230982291
2026-09-04T03:35:30.187978+09:00,오목교역·목동운동장,오목교역·목동운동장,POI044,KEY_3,1140067100,국회대로,1140032300,목동교,126.8874592812072706_37.5309134970682692,1140032500,목동교,126.8856427398844033_37.5313018773321616,166.0,23.0,서행,126.8856427398844033_37.5313018773321616|126.8874592812072706_37.5309134970682692
2026-09-04T03:35:30.187978+09:00,오목교역·목동운동장,오목교역·목동운동장,POI044,KEY_3,1140067200,국회대로,1140032700,목동교,126.8856779402811412_37.5314062995702784,1140032400,목동교,126.8874944839553933_37.5310179196766285,166.0,67.0,원활,126.8874944839553933_37.5310179196766285|126.8856779402811412_37.5314062995702784
2026-09-04T03:35:30.187978+09:00,오목교역·목동운동장,오목교역·목동운동장,POI044,KEY_3,1140067500,목동서로,1140008900,청소년수련관앞교차로,126.8749851771577255_37.5309868184484969,1140032900,청소년수련관앞,126.8750649305418960_37.5313299084450378,39.0,25.0,원활,126.8750649305418960_37.5313299084450378|126.8749851771577255_37.5309868184484969
2026-09-04T03:35:30.187978+09:00,오목교역·목동운동장,오목교역·목동운동장,POI044,KEY_3,1140067600,국회대로,1140032500,목동교,126.8856427398844033_37.5313018773321616,1140032600,목동교,126.8843017135001503_37.5315237887279807,122.0,78.0,원활,126.8843017135001503_37.5315237887279807|126.8853586214199112_37.5313072241180805|126.8856427398844033_37.5313018773321616
2026-09-04T03:35:30.187978+09:00,오목교역·목동운동장,오목교역·목동운동장,POI044,KEY_3,1140067700,국회대로,1140033100,목동919-1,126.8846580863304041_37.5316987170409391,1140032700,목동교,126.8856779402811412_37.5314062995702784,96.0,56.3,원활,126.8856779402811412_37.5314062995702784|126.8854226642528573_37.5315161310584671|126.8852300090918419_37.5315830586408552|126.8846580863304041_37.5316987170409391
2026-09-04T03:35:30.187978+09:00,오목교역·목동운동장,오목교역·목동운동장,POI044,KEY_3,1140068000,국회대로,1140032500,목동교,126.8856427398844033_37.5313018773321616,1140009202,신월여의지하도로(동측),126.8808482917957576_37.5318295469259979,430.0,58.5,원활,126.8808482917957576_37.5318295469259979|126.8808607617265807_37.5318303181491117|126.8812315437144775_37.5318398935389439|126.8816011358477596_37.5318450120240783|126.8819879692905204_37.5318406599456083|126.8827149925730424_37.5318111511213601|126.8832868040315702_37.5317585000011462|126.8837211158317331_37.5316939067983526|126.8842769696246933_37.5315938605462023|126.8856427398844033_37.5313018773321616
2026-09-04T03:35:30.187978+09:00,오목교역·목동운동장,오목교역·목동운동장,POI044,KEY_3,1140068100,국회대로,1140009201,신월여의지하도로(동측),126.8808443431802715_37.5319377152892457,1140032700,목동교,126.8856779402811412_37.5314062995702784,434.0,55.5,원활,126.8856779402811412_37.5314062995702784|126.8843095448977749_37.5316988203129114|126.8837485626048363_37.5317998338477565|126.8833070903347959_37.5318654922657657|126.8827262608263027_37.5319189742605417|126.8819923889352879_37.5319487799470082|126.8816009139386125_37.5319531850502628|126.8812281489590248_37.5319480219271782|126.8808532892372796_37.5319382667175248|126.8808443431802715_37.5319377152892457
2026-09-04T03:35:30.187978+09:00,오목교역·목동운동장,오목교역·목동운동장,POI044,KEY_3,1140068200,국회대로,1140032600,목동교,126.8843017135001503_37.5315237887279807,1140009000,양천우체국,126.8770546258868848_37.5312943013899840,647.0,51.3,원활,126.8770546258868848_37.5312943013899840|126.8799373615991470_37.5316647395253540|126.8804785893359934_37.5317256168243460|126.8809376979914418_37.5317617196590447|126.8814691644842725_37.5317719138982540|126.8819186117248847_37.5317665409693930|126.8827622599531253_37.5317297088407074|126.8832712124020503_37.5316809201365160|126.8837082488141306_37.5316173315858208|126.8840670157696167_37.5315605869974007|126.8843017135001503_37.5315237887279807
2026-09-04T03:35:30.187978+09:00,오목교역·목동운동장,오목교역·목동운동장,POI044,KEY_3,1140068300,국회대로,1140009101,목동5.6단지,126.8836194087718070_37.5318939270615388,1140033100,목동919-1,126.8846580863304041_37.5316987170409391,94.0,54.5,원활,126.8846580863304041_37.5316987170409391|126.8840959031976325_37.5318054424971805|126.8836194087718070_37.5318939270615388
2026-09-04T03:35:30.187978+09:00,오목교역·목동운동장,오목교역·목동운동장,POI044,KEY_3,1140068400,국회대로,1140033400,양천우체국,126.8771228632929393_37.5315914819196266,1140009204,신월여의지하도로(동측),126.8807466405625064_37.5320105989073340,324.0,45.3,원활,126.8807466405625064_37.5320105989073340|126.8804381231026213_37.5319902087916830|126.8798675821093696_37.5319368726031399|126.8771228632929393_37.5315914819196266
2026-09-04T03:35:30.187978+09:00,오목교역·목동운동장,오목교역·목동운동장,POI044,KEY_3,1140068500,안양천로,1140033800,서울경인유치원,126.8874090613953172_37.5328062140190042,1140032400,목동교,126.8874944839553933_37.5310179196766285,219.0,29.0,원활,126.8874944839553933_37.5310179196766285|126.8871687813057179_37.5312327057991340|126.8871103083707794_37.5313005907927533|126.8870742839215495_37.5313684981249196|126.8870337550903713_37.5314471275519850|126.8870425999447775_37.5315365324158563|126.8870649052745989_37.5316331022950891|126.8873555271278804_37.5324558259722707|126.8873778008711355_37.5325738503761741|126.8874090613953172_37.5328062140190042
2026-09-04T03:35:30.187978+09:00,오목교역·목동운동장,오목교역·목동운동장,POI044,KEY_3,1140068600,국회대로,1140009203,신월여의지하도로(동측),126.8808823152185141_37.5320181494475520,1140009102,목동5.6단지,126.8834860328442034_37.5319142163712982,231.0,58.0,원활,126.8834860328442034_37.5319142163712982|126.8832391663128334_37.5319435959562213|126.8827960704332867_37.5319860672060983|126.8819159384685662_37.5320233325202040|126.8814549373534533_37.5320300228165635|126.8809221202336488_37.5320199505877667|126.8808823152185141_37.5320181494475520
2026-09-04T03:35:30.187978+09:00,오목교역·목동운동장,오목교역·목동운동장,POI044,KEY_3,1140068900,안양천로,1140033300,목동교,126.8866402689599795_37.5316422821087627,1140033900,경인초등학교,126.8872841046669890_37.5328484932096558,145.0,60.0,원활,126.8872841046669890_37.5328484932096558|126.8866886268011740_37.5317323177754290|126.8866402689599795_37.5316422821087627
2026-09-04T03:35:30.187978+09:00,오목교역·목동운동장,오목교역·목동운동장,POI044,KEY_3,1140069000,안양천로,1140033300,목동교,126.8866402689599795_37.5316422821087627,1140032700,목동교,126.8856779402811412_37.5314062995702784,274.0,35.7,원활,126.8856779402811412_37.5314062995702784|126.8853631263658031_37.5316421899703840|126.8852911418873219_37.5317350925452757|126.8852550553224319_37.5318423324453363|126.8852548745429232_37.5319603354404236|126.8852905832891764_37.5320998288292316|126.8853577985463801_37.5321892904893843|126.8854475033743370_37.5322537432255814|126.8855641663416947_37.5323074938029038|126.8856763826849772_37.5323326331875364|126.8858604691290282_37.5323399633916566|126.8859952075329574_37.5323186380075384|126.8862647264191992_37.5322473809460320|126.8864444523789530_37.5321688848189936|126.8865613054865094_37.5320974801854064|126.8866467643268692_37.5320010146039067|126.8866694155660326_37.5318687297839872|126.8866402689599795_37.5316422821087627
2026-09-04T03:35:30.187978+09:00,오목교역·목동운동장,오목교역·목동운동장,POI044,KEY_3,1140069100,국회대로,1140033100,목동919-1,126.8846580863304041_37.5316987170409391,1140033900,경인초등학교,126.8872841046669890_37.5328484932096558,305.0,32.0,원활,126.8872841046669890_37.5328484932096558|126.8870232047119799_37.5324876913705410|126.8868886823055959_37.5323659833704113|126.8867989706955797_37.5323051077945919|126.8866822755141754_37.5322728130350143|126.8865251566823815_37.5322476314694313|126.8863589551066013_37.5322903818162601|126.8860040566905383_37.5324044668675469|126.8858378871728831_37.5324257618817754|126.8856583018977631_37.5324112847579414|126.8855101749726657_37.5323789584046423|126.8854114562078337_37.5323359525014979|126.8853128087379929_37.5322464603536332|126.8852276383169482_37.5321534051485699|126.8851694358867519_37.5320424975478346|126.8851291613164562_37.5319530619861013|126.8850529547154196_37.5318707426846601|126.8849273515351683_37.5317919521853156|126.8846580863304041_37.5316987170409391
2026-09-04T03:35:30.187978+09:00,오목교역·목동운동장,오목교역·목동운동장,POI044,KEY_3,1140070900,목동서로,1140035400,목동 902-5,126.8794522569202883_37.5369696354992541,1140035200,목동 902-5,126.8787896567945523_37.5367371777255556,139.0,5.0,정체,126.8787896567945523_37.5367371777255556|126.8789346312818367_37.5364400279712456|126.8789735753898071_37.5364233804675678|126.8790274603863537_37.5364234356787847|126.8795719836017355_37.5366194722880664|126.8796018783849746_37.5366457254744006|126.8795988117533398_37.5366910165188727|126.8794522569202883_37.5369696354992541
2026-09-04T03:35:30.187978+09:00,오목교역·목동운동장,오목교역·목동운동장,POI044,KEY_3,1140072100,목동서로,1140035502,목5동주민센터,126.8812794797658796_37.5372503947860707,1140035001,목동5·6단지앞교차로,126.8829944458794472_37.5364913851206907,237.0,21.0,서행,126.8829944458794472_37.5364913851206907|126.8828955898899409_37.5366553292359413|126.8824282154331229_37.5375388998787471|126.8823480626168703_37.5375770873188870|126.8822481670510314_37.5375769877530985|126.8812794797658796_37.5372503947860707
2026-09-04T03:35:30.187978+09:00,왕십리역,왕십리역,POI045,KEY_4,1030013101,살곶이길,1030021705,행당동40-30,127.0406606658124531_37.5550427346378228,1030023503,한양대병원앞교차로,127.0407317596827141_37.5576777615059285,296.0,23.0,서행,127.0407317596827141_37.5576777615059285|127.0407945351501553_37.5571399080762944|127.0408096258599926_37.5570503671522786|127.0407945873468236_37.5570052152632812|127.0407306986277831_37.5569326232404563|127.0406912822892878_37.5568627023168133|127.0406893999771540_37.5568002479541718|127.0406689829890325_37.5561228136161560|127.0406606658124531_37.5550427346378228
2026-09-04T03:35:30.187978+09:00,왕십리역,왕십리역,POI045,KEY_4,1030013900,왕십리로,1030072500,행당동 33,127.0432843193880075_37.5561986724655981,1030023502,한양대병원앞교차로,127.0408689696439808_37.5576533330614595,294.0,44.3,원활,127.0408689696439808_37.5576533330614595|127.0414651523882839_37.5575486984067481|127.0417348064217293_37.5575013713202210|127.0419711005124697_37.5574504902346860|127.0420141955084716_37.5574392859410580|127.0421870399526654_37.5573943478193399|127.0423829627192163_37.5573282057195925|127.0425359187892553_37.5572517965998074|127.0427034755646645_37.5571479493357785|127.0428672032618493_37.5570285114635709|127.0429925912583258_37.5568995286477687|127.0431151520268145_37.5567318227621385|127.0432092746061699_37.5565579805509699|127.0432548152679999_37.5564035797701479|127.0432843193880075_37.5561986724655981
2026-09-04T03:35:30.187978+09:00,왕십리역,왕십리역,POI045,KEY_4,1030014002,왕십리로,1030044300,행당동 33,127.0420563576226129_37.5575420637526918,1030021602,성동교,127.0437483808687773_37.5540070847499905,450.0,21.0,서행,127.0437483808687773_37.5540070847499905|127.0435729718255686_37.5551433159312538|127.0434192453609370_37.5562109855440482|127.0433888397111843_37.5564221569148842|127.0433387450400318_37.5565920007120297|127.0432366421870825_37.5567805817599876|127.0431054757296323_37.5569600633437375|127.0429675078410128_37.5571019873763561|127.0427912070035319_37.5572305966901965|127.0426139249710360_37.5573404716556354|127.0424459658693763_37.5574243753592327|127.0422347194732851_37.5574956911651938|127.0420563576226129_37.5575420637526918
2026-09-04T03:35:30.187978+09:00,왕십리역,왕십리역,POI045,KEY_4,1030014003,왕십리로,1030023501,한양대병원앞교차로,127.0408564347669227_37.5577662484576962,1030023400,한양대병원,127.0414943912409598_37.5576542823099402,58.0,21.0,서행,127.0414943912409598_37.5576542823099402|127.0408564347669227_37.5577662484576962
2026-09-04T03:35:30.187978+09:00,왕십리역,왕십리역,POI045,KEY_4,1030014302,왕십리로,1030023503,한양대병원앞교차로,127.0407317596827141_37.5576777615059285,1030024002,조선일보(행당지국),127.0390317491796708_37.5581207261700101,159.0,56.0,원활,127.0390317491796708_37.5581207261700101|127.0392551736033653_37.5580234612838879|127.0394473516100504_37.5579497920688397|127.0396148722932423_37.5578928506210872|127.0397835145799235_37.5578513273227159|127.0400937599964948_37.5577945406428881|127.0407317596827141_37.5576777615059285
2026-09-04T03:35:30.187978+09:00,왕십리역,왕십리역,POI045,KEY_4,1030014403,왕십리로,1030023600,한양대병원,127.0401241920463349_37.5578999118409200,1030023504,한양대병원앞교차로,127.0407178272021440_37.5577912532816640,54.0,42.0,원활,127.0407178272021440_37.5577912532816640|127.0401241920463349_37.5578999118409200
2026-09-04T03:35:30.187978+09:00,왕십리역,왕십리역,POI045,KEY_4,1030014701,마조로,1030023504,한양대병원앞교차로,127.0407178272021440_37.5577912532816640,1030024202,한양대병원,127.0407612725606299_37.5585544662770658,85.0,8.0,정체,127.0407612725606299_37.5585544662770658|127.0407236552717620_37.5583709119054916|127.0407015370226702_37.5582441411244830|127.0406890440276726_37.5580684726059033|127.0407178272021440_37.5577912532816640
2026-09-04T03:35:30.187978+09:00,왕십리역,왕십리역,POI045,KEY_4,1030014801,마조로,1030024101,한양대병원,127.0408950955423535_37.5585360531750752,1030023501,한양대병원앞교차로,127.0408564347669227_37.5577662484576962,86.0,22.5,서행,127.0408564347669227_37.5577662484576962|127.0408251710542658_37.5580698410820588|127.0408368192400559_37.5582336302307880|127.0408579567847340_37.5583547700938851|127.0408950955423535_37.5585360531750752
2026-09-04T03:35:30.187978+09:00,왕십리역,왕십리역,POI045,KEY_4,1030016100,마조로,1030061200,마장동 804,127.0416483790261850_37.5651550355191404,1030030503,마장역앞교차로,127.0417018327762833_37.5653994420407500,28.0,25.0,원활,127.0417018327762833_37.5653994420407500|127.0416640475275187_37.5653186632740557|127.0416478375684477_37.5652307633108933|127.0416483790261850_37.5651550355191404
2026-09-04T03:35:30.187978+09:00,왕십리역,왕십리역,POI045,KEY_4,1030018102,마장로,1030030803,마장지하차도,127.0386146617530017_37.5657857831450031,1030031502,도선사거리,127.0365873736816980_37.5659823448740369,183.0,39.5,원활,127.0365873736816980_37.5659823448740369|127.0367829784409395_37.5659089223587088|127.0384424182462340_37.5657480261625167|127.0386146617530017_37.5657857831450031
2026-09-04T03:35:30.187978+09:00,왕십리역,왕십리역,POI045,KEY_4,1030018204,마장로,1030144000,마장동 804,127.0411549741083945_37.5655881067383390,1030030504,마장역앞교차로,127.0417495217666470_37.5655013931411759,53.0,38.0,원활,127.0417495217666470_37.5655013931411759|127.0415658280315228_37.5655380183550420|127.0411549741083945_37.5655881067383390
2026-09-04T03:35:30.187978+09:00,왕십리역,왕십리역,POI045,KEY_4,1030018500,마장로,1030061800,마장동 804,127.0432974482949504_37.5664169399821475,1030032804,마장동주민센터앞교차로,127.0440440345155793_37.5669108325866077,86.0,39.0,원활,127.0440440345155793_37.5669108325866077|127.0433958505408043_37.5664809666421746|127.0432974482949504_37.5664169399821475
2026-09-04T03:35:30.187978+09:00,왕십리역,왕십리역,POI045,KEY_4,1030018600,마장로,1030134400,마장동 810,127.0425479832442335_37.5657896399408244,1030030502,마장역앞교차로,127.0418456121557966_37.5653969688591616,76.0,18.0,서행,127.0418456121557966_37.5653969688591616|127.0419850304157876_37.5654460044658123|127.0421341834124576_37.5655203871183048|127.0425479832442335_37.5657896399408244
2026-09-04T03:35:30.187978+09:00,왕십리역,왕십리역,POI045,KEY_4,1030040900,마조로,1030024101,한양대병원,127.0408950955423535_37.5585360531750752,1030023400,한양대병원,127.0414943912409598_37.5576542823099402,125.0,29.0,원활,127.0414943912409598_37.5576542823099402|127.0411961266824932_37.5577409077178999|127.0410544473263457_37.5578356428652285|127.0409871067379868_37.5579012237195897|127.0409497246167376_37.5579906327321069|127.0409086159234846_37.5581098417024819|127.0408950955423535_37.5585360531750752
2026-09-04T03:35:30.187978+09:00,왕십리역,왕십리역,POI045,KEY_4,1030041000,왕십리로,1030023600,한양대병원,127.0401241920463349_37.5578999118409200,1030024202,한양대병원,127.0407612725606299_37.5585544662770658,105.0,33.0,원활,127.0407612725606299_37.5585544662770658|127.0405979599217403_37.5581516669007414|127.0405080350082159_37.5579848249991599|127.0404475997170977_37.5579202802585499|127.0403472512524274_37.5578929999611830|127.0401241920463349_37.5578999118409200
2026-09-04T03:35:30.187978+09:00,왕십리역,왕십리역,POI045,KEY_4,1030041100,마조로1길,1030024102,한양대병원,127.0408742935170920_37.5585051489693527,1030024604,행당동 130-98,127.0392504179304041_37.5586532449253383,180.0,20.0,서행,127.0392504179304041_37.5586532449253383|127.0392814810351751_37.5585267702696868|127.0393697957369739_37.5584314333784306|127.0395271548831602_37.5583286635246267|127.0396861956018171_37.5582582540092886|127.0398075187269029_37.5582159491922383|127.0399309224261373_37.5581852033403223|127.0400668747390114_37.5581685059544839|127.0402144151123451_37.5581726499363526|127.0403519933965129_37.5581994653267088|127.0404650543163854_37.5582329121919187|127.0405965135359025_37.5582977343549516|127.0407379213938697_37.5584042907300102|127.0408742935170920_37.5585051489693527
2026-09-04T03:35:30.187978+09:00,왕십리역,왕십리역,POI045,KEY_4,1030041400,왕십리로,1030024604,행당동 130-98,127.0392504179304041_37.5586532449253383,1030024702,행당동 130-99,127.0371950414791513_37.5591915933272489,207.0,18.0,서행,127.0371950414791513_37.5591915933272489|127.0372938373433271_37.5592689894725993|127.0373044165327343_37.5592719332917255|127.0373458578195169_37.5592598216029501|127.0380813615824138_37.5588691344951968|127.0383532477905675_37.5587247109603766|127.0384819703694603_37.5586615920715730|127.0385888259601472_37.5586211429709351|127.0387058054011362_37.5586029324696327|127.0392504179304041_37.5586532449253383
2026-09-04T03:35:30.187978+09:00,왕십리역,왕십리역,POI045,KEY_4,1030041500,왕십리로,1030050100,행당동 147,127.0381567437530919_37.5589590712692853,1030024605,행당동 161-6,127.0392255234201144_37.5587597901073877,102.0,16.0,서행,127.0392255234201144_37.5587597901073877|127.0387111349351130_37.5587122703245271|127.0386316901602584_37.5587246373024328|127.0385469350028558_37.5587567206779909|127.0384265763602656_37.5588157382791010|127.0381567437530919_37.5589590712692853
2026-09-04T03:35:30.187978+09:00,왕십리역,왕십리역,POI045,KEY_4,1030042300,왕십리광장로,1030024004,조선일보(행당지국),127.0388406648960853_37.5583260986608423,1030026403,왕십리역앞,127.0377517205372015_37.5611993881740602,336.0,32.0,원활,127.0377517205372015_37.5611993881740602|127.0377650980093875_37.5611341446590146|127.0378097194870577_37.5610211543974373|127.0380548421426852_37.5607013821703504|127.0380954469743529_37.5606145084796168|127.0382123294102144_37.5599479231469928|127.0382440467292327_37.5598720705615392|127.0383749086904999_37.5596377571849445|127.0385186513372986_37.5593979442720141|127.0385718630762142_37.5592056229586788|127.0387086320606329_37.5587112989692713|127.0388406648960853_37.5583260986608423
2026-09-04T03:35:30.187978+09:00,왕십리역,왕십리역,POI045,KEY_4,1030042400,왕십리광장로,1030086700,행당동 168-151,127.0387044987476344_37.5592288798914993,1030024001,조선일보(행당지국),127.0390057146199183_37.5582552895193515,111.0,34.0,원활,127.0390057146199183_37.5582552895193515|127.0388405423378373_37.5587371746324052|127.0387044987476344_37.5592288798914993
2026-09-04T03:35:30.187978+09:00,왕십리역,왕십리역,POI045,KEY_4,1030044101,왕십리광장로,1030037400,왕십리역앞,127.0359784820327178_37.5611357748002419,1030026502,왕십리역앞교차로,127.0355510006751132_37.5611328602784198,38.0,31.0,원활,127.0355510006751132_37.5611328602784198|127.0356452401439356_37.5611257414677979|127.0358488591397617_37.5611237030310932|127.0359784820327178_37.5611357748002419
2026-09-04T03:35:30.187978+09:00,왕십리역,왕십리역,POI045,KEY_4,1030044102,왕십리광장로,1030026403,왕십리역앞,127.0377517205372015_37.5611993881740602,1030037400,왕십리역앞,127.0359784820327178_37.5611357748002419,157.0,12.0,정체,127.0359784820327178_37.5611357748002419|127.0368253885831251_37.5612146395864812|127.0368707386068081_37.5612188624500192|127.0370546307386093_37.5612225115798708|127.0377517205372015_37.5611993881740602
2026-09-04T03:35:30.187978+09:00,왕십리역,왕십리역,POI045,KEY_4,1030044500,왕십리광장로,1030026501,왕십리역앞교차로,127.0355939986096558_37.5612382173782393,1030026900,왕십리역앞,127.0359627017570290_37.5612431621990837,33.0,3.0,정체,127.0359627017570290_37.5612431621990837|127.0358417929594026_37.5612319022688581|127.0356525216958659_37.5612337967072207|127.0355939986096558_37.5612382173782393
2026-09-04T03:35:30.187978+09:00,왕십리역,왕십리역,POI045,KEY_4,1030044600,왕십리광장로,1030149300,행당동 188-1,127.0368096089545844_37.5613220274798536,1030026404,왕십리역앞,127.0377309319347319_37.5613082912370047,81.0,10.0,정체,127.0377309319347319_37.5613082912370047|127.0370557674667253_37.5613306866894590|127.0368611362330711_37.5613268255766073|127.0368096089545844_37.5613220274798536
2026-09-04T03:35:30.187978+09:00,왕십리역,왕십리역,POI045,KEY_4,1030044700,고산자로,1030027500,왕십리역,127.0357690042511507_37.5615701035394451,1030026900,왕십리역앞,127.0359627017570290_37.5612431621990837,47.0,10.0,정체,127.0359627017570290_37.5612431621990837|127.0358080594423313_37.5612942434570982|127.0357649548084282_37.5613314451612155|127.0357470069464938_37.5613729306825661|127.0357398437842420_37.5614229949302043|127.0357690042511507_37.5615701035394451
2026-09-04T03:35:30.187978+09:00,왕십리역,왕십리역,POI045,KEY_4,1030045101,마조로19길,1030059100,행당동 19-35,127.0393885431442271_37.5596858738063659,1030024602,행당동 19-82,127.0393592414637567_37.5587787106330353,101.0,11.0,정체,127.0393592414637567_37.5587787106330353|127.0393061338484699_37.5590165774156688|127.0393885431442271_37.5596858738063659
2026-09-04T03:35:30.187978+09:00,왕십리역,왕십리역,POI045,KEY_4,1030045201,마조로19길,1030024609,동마중학교,127.0386752783173279_37.5628242955473439,1030030803,마장지하차도,127.0386146617530017_37.5657857831450031,344.0,20.0,서행,127.0386146617530017_37.5657857831450031|127.0385600737579637_37.5657158398768161|127.0384531427916954_37.5655126821268226|127.0383431649115522_37.5651915713588878|127.0382962620837048_37.5651124301483961|127.0382454592931367_37.5650267081474496|127.0381943156338878_37.5648986481030605|127.0381355308392415_37.5645507186013248|127.0381207495017151_37.5643636783626320|127.0381231637716581_37.5642170728807727|127.0381507909637406_37.5640606672231030|127.0382198112129259_37.5638818466911886|127.0383133694872555_37.5636730478102976|127.0385671182345959_37.5631067372239897|127.0386189991260011_37.5629845505551643|127.0386752783173279_37.5628242955473439
2026-09-04T03:35:30.187978+09:00,왕십리역,왕십리역,POI045,KEY_4,1030045202,마조로19길,1030024605,행당동 161-6,127.0392255234201144_37.5587597901073877,1030024608,동마중학교,127.0387006256198958_37.5627180484271079,449.0,15.0,서행,127.0387006256198958_37.5627180484271079|127.0388678464282748_37.5618895184550681|127.0388970839293989_37.5617448859843179|127.0390868398354201_37.5608061850477739|127.0391428382667698_37.5607124718408514|127.0392818177529932_37.5605845589208940|127.0393043065291465_37.5605473357634239|127.0393238520345562_37.5604294013854982|127.0393250098986897_37.5603550590215463|127.0393260724128055_37.5602868386190920|127.0392729172373265_37.5598551369899667|127.0392533748053978_37.5596964211700453|127.0391691423192668_37.5590123107700862|127.0392255234201144_37.5587597901073877
2026-09-04T03:35:30.187978+09:00,왕십리역,왕십리역,POI045,KEY_4,1030046200,고산자로14길,1030107300,행당동 192-49,127.0366876740809516_37.5620177617034372,1030037302,서울특별시립성동청소,127.0359924631133310_37.5620912285831423,62.0,40.0,원활,127.0359924631133310_37.5620912285831423|127.0362763775775790_37.5620498159350049|127.0366876740809516_37.5620177617034372
2026-09-04T03:35:30.187978+09:00,왕십리역,왕십리역,POI045,KEY_4,1030046300,고산자로14길,1030107400,행당동 7,127.0367009081264911_37.5621253665273116,1030029802,행당동 192-40,127.0364219120025808_37.5647259650895009,353.0,10.0,정체,127.0364219120025808_37.5647259650895009|127.0365416540318364_37.5646629426064109|127.0368387063582674_37.5643967140319930|127.0368600695454404_37.5643514893217016|127.0369325873191855_37.5641979726829760|127.0370938059815558_37.5639997984659360|127.0372484053933135_37.5638121632627175|127.0372649247868395_37.5637665081702323|127.0372564144410035_37.5636098924651449|127.0371987457000813_37.5631351441197268|127.0371888387931136_37.5631127250437302|127.0371318140162202_37.5630787078087138|127.0370607004682029_37.5630362860563309|127.0370234718385944_37.5629770725376417|127.0370487862962818_37.5621556368928395|127.0370417118243580_37.5621203290568957|127.0370404865071947_37.5621189307603132|127.0370306045183639_37.5621076537173337|127.0370022209199448_37.5621018827232405|127.0367009081264911_37.5621253665273116
2026-09-04T03:35:30.187978+09:00,왕십리역,왕십리역,POI045,KEY_4,1030051200,왕십리광장로,1030037400,왕십리역앞,127.0359784820327178_37.5611357748002419,1030037100,왕십리역앞,127.0357826189997326_37.5608364862612945,44.0,8.0,정체,127.0357826189997326_37.5608364862612945|127.0357486607465347_37.5609256519804262|127.0357936330141939_37.5610358933276700|127.0358685325253703_37.5611073872131698|127.0359784820327178_37.5611357748002419
2026-09-04T03:35:30.187978+09:00,왕십리역,왕십리역,POI045,KEY_4,1030064200,왕십리광장로,1030024608,동마중학교,127.0387006256198958_37.5627180484271079,1030026401,왕십리역앞,127.0378689884879009_37.5613037113735189,226.0,23.0,서행,127.0378689884879009_37.5613037113735189|127.0378079757911109_37.5616402018536562|127.0377865977822296_37.5617767934806750|127.0377245417596015_37.5622682132607721|127.0377127997241331_37.5624403920444649|127.0377530330382143_37.5625409754472486|127.0378487239693328_37.5626047686992024|127.0387006256198958_37.5627180484271079
2026-09-04T03:35:30.187978+09:00,왕십리역,왕십리역,POI045,KEY_4,1030064300,왕십리광장로,1030026404,왕십리역앞,127.0377309319347319_37.5613082912370047,1030024609,동마중학교,127.0386752783173279_37.5628242955473439,242.0,21.0,서행,127.0386752783173279_37.5628242955473439|127.0377898698108936_37.5627065605114936|127.0376355840434428_37.5626037042817700|127.0375758292617832_37.5624543164691502|127.0375890895391251_37.5622598708882833|127.0376516210575062_37.5617647010788929|127.0376733614598521_37.5616257937989317|127.0377309319347319_37.5613082912370047
2026-09-04T03:35:30.187978+09:00,용산역,용산역,POI046,KEY_1,1020006501,이촌로,1020019800,원효대교북단교차로,126.9549713924562013_37.5315077158583179,1020020403,원효대교북단,126.9553082852605002_37.5317879306578988,43.0,15.0,서행,126.9553082852605002_37.5317879306578988|126.9552595804082529_37.5317588974850480|126.9551463430920109_37.5316836749914486|126.9550491339785054_37.5315936856741885|126.9549713924562013_37.5315077158583179
2026-09-04T03:35:30.187978+09:00,용산역,용산역,POI046,KEY_1,1020006502,이촌로,1020019104,원효대교(북측),126.9547296547672914_37.5310849407541980,1020019800,원효대교북단교차로,126.9549713924562013_37.5315077158583179,52.0,11.0,정체,126.9549713924562013_37.5315077158583179|126.9548823881418684_37.5314051380367530|126.9547955830909842_37.5312469196548548|126.9547296547672914_37.5310849407541980
2026-09-04T03:35:30.187978+09:00,용산역,용산역,POI046,KEY_1,1020006504,이촌로,1020018400,원효대교(북측),126.9545711623072890_37.5306544215694089,1020019103,원효대교(북측),126.9546751732118395_37.5309512393787443,34.0,38.0,원활,126.9546751732118395_37.5309512393787443|126.9546570380824448_37.5309067457603192|126.9545711623072890_37.5306544215694089
2026-09-04T03:35:30.187978+09:00,용산역,용산역,POI046,KEY_1,1020006505,이촌로,1020106600,이촌동 171-1,126.9544359068926269_37.5302142769447897,1020018400,원효대교(북측),126.9545711623072890_37.5306544215694089,50.0,38.0,원활,126.9545711623072890_37.5306544215694089|126.9544809652151400_37.5304060158969790|126.9544442074129051_37.5302666285182838|126.9544359068926269_37.5302142769447897
2026-09-04T03:35:30.187978+09:00,용산역,용산역,POI046,KEY_1,1020006506,이촌로,1020013502,이촌고가차도(남측),126.9585449269514044_37.5242820013251546,1020014202,이촌고가차도(북측),126.9567284262237763_37.5256034794381890,218.0,42.0,원활,126.9567284262237763_37.5256034794381890|126.9574592703260691_37.5249784632239098|126.9578315467532974_37.5247304021404133|126.9585449269514044_37.5242820013251546
2026-09-04T03:35:30.187978+09:00,용산역,용산역,POI046,KEY_1,1020006601,이촌로,1020020402,원효대교북단,126.9553901102148501_37.5317020507255563,1020019101,원효대교(북측),126.9548588027812031_37.5310516019593976,88.0,19.0,서행,126.9548588027812031_37.5310516019593976|126.9549226689843948_37.5312085125953701|126.9550033116491221_37.5313554984575291|126.9550615398033386_37.5314328679821756|126.9551536553410358_37.5315246564589984|126.9552419361069866_37.5316063792257282|126.9553441400846054_37.5316742723173178|126.9553901102148501_37.5317020507255563
2026-09-04T03:35:30.187978+09:00,용산역,용산역,POI046,KEY_1,1020006602,이촌로,1020205500,최소노드배치점,126.9548358306542184_37.5280745473059696,1020014201,이촌고가차도(북측),126.9568310199770877_37.5256741735968973,321.0,33.0,원활,126.9568310199770877_37.5256741735968973|126.9567137750659356_37.5257905141320904|126.9566032818130168_37.5259001546487454|126.9561863225043794_37.5263138922143824|126.9559119746242430_37.5265861169618304|126.9558554148212153_37.5266429384152786|126.9556176202604121_37.5268818317877120|126.9553630706085698_37.5271950322431351|126.9552216938227076_37.5273988835597478|126.9551608101404412_37.5275054945227566|126.9548358306542184_37.5280745473059696
2026-09-04T03:35:30.187978+09:00,용산역,용산역,POI046,KEY_1,1020006603,이촌로,1020014201,이촌고가차도(북측),126.9568310199770877_37.5256741735968973,1020013501,이촌고가차도(남측),126.9586289791741223_37.5243669044741708,216.0,45.0,원활,126.9586289791741223_37.5243669044741708|126.9579171683803196_37.5248143186944176|126.9575528488126537_37.5250570787040729|126.9568310199770877_37.5256741735968973
2026-09-04T03:35:30.187978+09:00,용산역,용산역,POI046,KEY_1,1020007302,한강대로,1020015204,용산역,126.9667170087153636_37.5280456524693449,1020016803,전자상가입구교차로,126.9681558223356888_37.5295644873819896,211.0,51.0,원활,126.9681558223356888_37.5295644873819896|126.9672342806026819_37.5285917021841300|126.9667170087153636_37.5280456524693449
2026-09-04T03:35:30.187978+09:00,용산역,용산역,POI046,KEY_1,1020007303,한강대로,1020014817,용산역사거리,126.9661319906761747_37.5274253090940633,1020015203,용산역,126.9666353702945258_37.5279592626933010,74.0,47.0,원활,126.9666353702945258_37.5279592626933010|126.9661319906761747_37.5274253090940633
2026-09-04T03:35:30.187978+09:00,용산역,용산역,POI046,KEY_1,1020007402,한강대로,1020051500,한강로2가 188-1,126.9673426559004668_37.5285265849111056,1020015201,속성변화점,126.9668253836721163_37.5279805356647955,76.0,23.0,서행,126.9668253836721163_37.5279805356647955|126.9673426559004668_37.5285265849111056
2026-09-04T03:35:30.187978+09:00,용산역,용산역,POI046,KEY_1,1020007404,한강대로,1020015201,속성변화점,126.9668253836721163_37.5279805356647955,1020014814,용산역사거리,126.9662405537631287_37.5273603918662033,86.0,48.0,원활,126.9662405537631287_37.5273603918662033|126.9667439343401583_37.5278943446378008|126.9668253836721163_37.5279805356647955
2026-09-04T03:35:30.187978+09:00,용산역,용산역,POI046,KEY_1,1020007700,청파로,1020173500,최소노드배치점,126.9542456981875063_37.5317279758192655,1020037602,원효대교,126.9568345198735386_37.5332410447366627,285.0,62.0,원활,126.9568345198735386_37.5332410447366627|126.9565849866213654_37.5331524137163512|126.9561176036738885_37.5328605788594274|126.9556559715311721_37.5326013704243877|126.9553154035325093_37.5324227537399153|126.9549297998321720_37.5322109106913047|126.9546531467051835_37.5320271321003176|126.9542456981875063_37.5317279758192655
2026-09-04T03:35:30.187978+09:00,용산역,용산역,POI046,KEY_1,1020008301,새창로,1020143800,한강로3가 3-38,126.9630915470483501_37.5330272864438896,1020022103,용산전자상가앞교차로,126.9629279568080591_37.5332351639350534,27.0,41.0,원활,126.9629279568080591_37.5332351639350534|126.9630538866097140_37.5330634009447337|126.9630915470483501_37.5330272864438896
2026-09-04T03:35:30.187978+09:00,용산역,용산역,POI046,KEY_1,1020008302,새창로,1020020304,한강로3가 23-4,126.9652119205696295_37.5317965792214139,1020021002,신용산지하차도(서측),126.9641478967900383_37.5325528422241064,127.0,43.5,원활,126.9641478967900383_37.5325528422241064|126.9643316528803609_37.5324303445171026|126.9643497266759482_37.5324240929770170|126.9644789739496247_37.5323619601416141|126.9646508439094248_37.5322560774030194|126.9652119205696295_37.5317965792214139
2026-09-04T03:35:30.187978+09:00,용산역,용산역,POI046,KEY_1,1020008304,새창로,1020017803,신용산지하차도(동측),126.9672920986842541_37.5301423807374377,1020021002,신용산지하차도(서측),126.9641478967900383_37.5325528422241064,388.0,9.0,정체,126.9641478967900383_37.5325528422241064|126.9643809266257364_37.5324722401779951|126.9645174119451809_37.5324066289165401|126.9646961706868211_37.5322965008629552|126.9653089376107715_37.5317946698217355|126.9666662371181047_37.5306072265435589|126.9670883183181331_37.5302833177777018|126.9672920986842541_37.5301423807374377
2026-09-04T03:35:30.187978+09:00,용산역,용산역,POI046,KEY_1,1020008306,새창로,1020016803,전자상가입구교차로,126.9681558223356888_37.5295644873819896,1020017802,신용산지하차도(동측),126.9673959720882692_37.5300726947153009,88.0,30.0,원활,126.9673959720882692_37.5300726947153009|126.9677699989137238_37.5298289272809029|126.9679910930038602_37.5296848305883302|126.9679948818404398_37.5296820626562777|126.9681558223356888_37.5295644873819896
2026-09-04T03:35:30.187978+09:00,용산역,용산역,POI046,KEY_1,1020008401,새창로,1020022102,용산전자상가앞교차로,126.9630710658397987_37.5332544033118722,1020021004,신용산지하차도(서측),126.9640622935567649_37.5327015803896558,110.0,32.0,원활,126.9640622935567649_37.5327015803896558|126.9634749367835127_37.5329119529101760|126.9633867785343142_37.5329492144407979|126.9632743505974162_37.5330212208712055|126.9631959939209196_37.5330963613603785|126.9631654873827102_37.5331256156879931|126.9630710658397987_37.5332544033118722
2026-09-04T03:35:30.187978+09:00,용산역,용산역,POI046,KEY_1,1020008402,새창로,1020021001,신용산지하차도(서측),126.9642019833896285_37.5326520130916776,1020020301,한강로2가 2-367,126.9654108854401215_37.5319438111119723,137.0,19.0,서행,126.9654108854401215_37.5319438111119723|126.9648321479170505_37.5324177738388656|126.9646327205503979_37.5325406342616859|126.9644745301098396_37.5326166817303246|126.9644398268731891_37.5326286851676940|126.9642019833896285_37.5326520130916776
2026-09-04T03:35:30.187978+09:00,용산역,용산역,POI046,KEY_1,1020008404,새창로,1020021001,신용산지하차도(서측),126.9642019833896285_37.5326520130916776,1020017804,신용산지하차도(동측),126.9673811166748720_37.5302240136235596,392.0,50.7,원활,126.9673811166748720_37.5302240136235596|126.9671799908457928_37.5303631161555273|126.9667636396161754_37.5306826263665059|126.9654078286461214_37.5318687710402443|126.9647868221242817_37.5323773504322133|126.9645942835487062_37.5324959655255483|126.9644433289083878_37.5325685345548337|126.9642019833896285_37.5326520130916776
2026-09-04T03:35:30.187978+09:00,용산역,용산역,POI046,KEY_1,1020008406,새창로,1020126900,한강로2가 422-1,126.9678559795664512_37.5299126000648968,1020016804,전자상가입구교차로,126.9682403944276103_37.5296494232954956,45.0,31.0,원활,126.9682403944276103_37.5296494232954956|126.9680866539261928_37.5297617379752211|126.9680800395232581_37.5297665700961005|126.9678559795664512_37.5299126000648968
2026-09-04T03:35:30.187978+09:00,용산역,용산역,POI046,KEY_1,1020009702,청파로,1020020404,원효대교북단,126.9556375536380557_37.5319857483433736,1020020600,한강로3가16-65,126.9565323634393508_37.5323743610575846,90.0,34.0,원활,126.9565323634393508_37.5323743610575846|126.9556375536380557_37.5319857483433736
2026-09-04T03:35:30.187978+09:00,용산역,용산역,POI046,KEY_1,1020009703,청파로,1020020600,한강로3가16-65,126.9565323634393508_37.5323743610575846,1020020902,용산전자단지우체국,126.9569058189334640_37.5325337481242514,37.0,34.0,원활,126.9569058189334640_37.5325337481242514|126.9565323634393508_37.5323743610575846
2026-09-04T03:35:30.187978+09:00,용산역,용산역,POI046,KEY_1,1020009704,청파로,1020020902,용산전자단지우체국,126.9569058189334640_37.5325337481242514,1020021304,한강로3가 16-7,126.9574584875420840_37.5327318107459149,54.0,19.0,서행,126.9574584875420840_37.5327318107459149|126.9572579846815188_37.5326702912132433|126.9569058189334640_37.5325337481242514
2026-09-04T03:35:30.187978+09:00,용산역,용산역,POI046,KEY_1,1020009705,청파로,1020119000,한강로3가 16-7,126.9595695472644508_37.5332638198563799,1020021604,한강로3가 16-19,126.9615014024332140_37.5332163732493740,172.0,46.3,원활,126.9615014024332140_37.5332163732493740|126.9602058425279836_37.5333336741990635|126.9600077776086664_37.5333356039105581|126.9597562586833277_37.5333057692181953|126.9595695472644508_37.5332638198563799
2026-09-04T03:35:30.187978+09:00,용산역,용산역,POI046,KEY_1,1020009706,청파로,1020021601,한강로3가 1-5,126.9616473260760756_37.5332073613940054,1020022104,용산전자상가앞교차로,126.9628484822402044_37.5333341021974505,107.0,42.0,원활,126.9628484822402044_37.5333341021974505|126.9618939521689356_37.5332053139414228|126.9617370896390582_37.5332029917991576|126.9616473260760756_37.5332073613940054
2026-09-04T03:35:30.187978+09:00,용산역,용산역,POI046,KEY_1,1020009708,청파로,1020037500,원효대교(북측),126.9542693846201331_37.5315793811471394,1020020404,원효대교북단,126.9556375536380557_37.5319857483433736,129.0,44.0,원활,126.9556375536380557_37.5319857483433736|126.9551388991962710_37.5318433205660398|126.9547492867794602_37.5317238126920998|126.9542693846201331_37.5315793811471394
2026-09-04T03:35:30.187978+09:00,용산역,용산역,POI046,KEY_1,1020009802,청파로,1020020403,원효대교북단,126.9553082852605002_37.5317879306578988,1020020200,원효대교(북측),126.9548392490623030_37.5316133150025451,46.0,37.0,원활,126.9548392490623030_37.5316133150025451|126.9550620163499985_37.5317058967629364|126.9552021760954830_37.5317598740333125|126.9553082852605002_37.5317879306578988
2026-09-04T03:35:30.187978+09:00,용산역,용산역,POI046,KEY_1,1020009803,청파로,1020020901,용산전자단지우체국,126.9569675898006125_37.5324375365610621,1020020401,원효대교북단,126.9557064644342717_37.5318932133014656,127.0,19.0,서행,126.9557064644342717_37.5318932133014656|126.9565965093453883_37.5322790695441242|126.9569675898006125_37.5324375365610621
2026-09-04T03:35:30.187978+09:00,용산역,용산역,POI046,KEY_1,1020009804,청파로,1020021303,한강로3가 16-7,126.9575072985046518_37.5326309196351815,1020020901,용산전자단지우체국,126.9569675898006125_37.5324375365610621,52.0,25.0,원활,126.9569675898006125_37.5324375365610621|126.9573122042361888_37.5325710592489799|126.9575072985046518_37.5326309196351815
2026-09-04T03:35:30.187978+09:00,용산역,용산역,POI046,KEY_1,1020009805,청파로,1020021603,한강로3가 16-7,126.9614677039148063_37.5331106071503697,1020021302,한강로3가 16-7,126.9576337477824950_37.5326706470732603,349.0,35.0,원활,126.9576337477824950_37.5326706470732603|126.9580664129919683_37.5328101154640095|126.9585225787335219_37.5329162450912719|126.9596064120293448_37.5331597618635868|126.9597848075777904_37.5331998428518006|126.9600170076349457_37.5332273860062742|126.9601973228100036_37.5332256286964352|126.9614677039148063_37.5331106071503697
2026-09-04T03:35:30.187978+09:00,용산역,용산역,POI046,KEY_1,1020009806,청파로,1020022103,용산전자상가앞교차로,126.9629279568080591_37.5332351639350534,1020021602,한강로3가 16-39,126.9616029567967104_37.5331011995652588,118.0,13.0,정체,126.9616029567967104_37.5331011995652588|126.9617342044094386_37.5330948103767668|126.9619066244179351_37.5330973627923612|126.9629279568080591_37.5332351639350534
2026-09-04T03:35:30.187978+09:00,용산역,용산역,POI046,KEY_1,1020010101,원효로,1020020501,현대원효로센터앞교차로,126.9539405868904964_37.5322577712034473,1020021802,성불사,126.9566111307023277_37.5331000118838318,264.0,36.0,원활,126.9566111307023277_37.5331000118838318|126.9561594810851517_37.5328179473307841|126.9556942083330568_37.5325566942213769|126.9553618008372524_37.5323823568818753|126.9550080897569586_37.5322928947044829|126.9546935805942809_37.5322579850113343|126.9545090936698841_37.5322510272462040|126.9544108963312965_37.5322473237002754|126.9541630715034586_37.5322472277727215|126.9539405868904964_37.5322577712034473
2026-09-04T03:35:30.187978+09:00,용산역,용산역,POI046,KEY_1,1020010103,원효로,1020056200,원효로3가 47-12,126.9584348464885011_37.5341146938112047,1020024504,원효전화국,126.9602035658032548_37.5348449023069861,176.0,55.3,원활,126.9602035658032548_37.5348449023069861|126.9585590008392302_37.5341732154492931|126.9584348464885011_37.5341146938112047
2026-09-04T03:35:30.187978+09:00,용산역,용산역,POI046,KEY_1,1020010104,원효로,1020024501,원효전화국,126.9603308476740580_37.5348967079158768,1020025504,원효로2가사거리,126.9615466458641890_37.5353906443280891,121.0,53.0,원활,126.9615466458641890_37.5353906443280891|126.9603308476740580_37.5348967079158768
2026-09-04T03:35:30.187978+09:00,용산역,용산역,POI046,KEY_1,1020010105,원효로,1020021801,성불사,126.9567219150006707_37.5331696767850218,1020037602,원효대교,126.9568345198735386_37.5332410447366627,13.0,53.5,원활,126.9568345198735386_37.5332410447366627|126.9567219150006707_37.5331696767850218
2026-09-04T03:35:30.187978+09:00,용산역,용산역,POI046,KEY_1,1020010106,원효로,1020037602,원효대교,126.9568345198735386_37.5332410447366627,1020022803,원효대교북단,126.9572909752407952_37.5335219124607775,51.0,58.7,원활,126.9572909752407952_37.5335219124607775|126.9569699494762745_37.5333268803031075|126.9568345198735386_37.5332410447366627
2026-09-04T03:35:30.187978+09:00,용산역,용산역,POI046,KEY_1,1020010202,원효로,1020021500,스페이스빌딩,126.9567356509816420_37.5330397231732746,1020021100,원효대교(북측),126.9561715111079963_37.5326923837849762,63.0,45.0,원활,126.9561715111079963_37.5326923837849762|126.9567356509816420_37.5330397231732746
2026-09-04T03:35:30.187978+09:00,용산역,용산역,POI046,KEY_1,1020010204,원효로,1020056300,원효로3가 57-2,126.9585040021752462_37.5340216509975093,1020022801,속성변화점,126.9575143077252903_37.5335198035977271,104.0,19.0,서행,126.9575143077252903_37.5335198035977271|126.9577629164446648_37.5336490491793953|126.9578768727078284_37.5337082919235598|126.9583520494125537_37.5339500260028203|126.9585040021752462_37.5340216509975093
2026-09-04T03:35:30.187978+09:00,용산역,용산역,POI046,KEY_1,1020010205,원효로,1020025503,원효로2가사거리,126.9616066918026007_37.5352936610886161,1020024502,원효전화국,126.9603925485917841_37.5348003971819892,120.0,26.0,원활,126.9603925485917841_37.5348003971819892|126.9616066918026007_37.5352936610886161
2026-09-04T03:35:30.187978+09:00,용산역,용산역,POI046,KEY_1,1020010206,원효로,1020037601,원효대교,126.9569192541430027_37.5331563648474642,1020021500,스페이스빌딩,126.9567356509816420_37.5330397231732746,21.0,32.0,원활,126.9567356509816420_37.5330397231732746|126.9569192541430027_37.5331563648474642
2026-09-04T03:35:30.187978+09:00,용산역,용산역,POI046,KEY_1,1020010207,원효로,1020022801,속성변화점,126.9575143077252903_37.5335198035977271,1020037601,원효대교,126.9569192541430027_37.5331563648474642,66.0,60.0,원활,126.9569192541430027_37.5331563648474642|126.9570534673341626_37.5332416291606350|126.9573733231160020_37.5334359509358393|126.9575143077252903_37.5335198035977271
2026-09-04T03:35:30.187978+09:00,용산역,용산역,POI046,KEY_1,1020010302,청파로,1020022101,용산전자상가앞교차로,126.9629950467819413_37.5333538457541422,1020023304,욱천고가차도,126.9667423822990884_37.5338566798318425,336.0,16.0,서행,126.9667423822990884_37.5338566798318425|126.9640513889183637_37.5334956050625834|126.9639175077057160_37.5334776391437899|126.9629950467819413_37.5333538457541422
2026-09-04T03:35:30.187978+09:00,용산역,용산역,POI046,KEY_1,1020010401,청파로,1020023303,욱천고가차도,126.9666991397419622_37.5337412337859959,1020022402,과학동아천문대,126.9640739486854528_37.5333889875427644,235.0,24.0,서행,126.9640739486854528_37.5333889875427644|126.9666991397419622_37.5337412337859959
2026-09-04T03:35:30.187978+09:00,용산역,용산역,POI046,KEY_1,1020010500,새창로,1020162500,신계동 33-1,126.9620261863349242_37.5346299016487635,1020025503,원효로2가사거리,126.9616066918026007_37.5352936610886161,82.0,17.0,서행,126.9616066918026007_37.5352936610886161|126.9620261863349242_37.5346299016487635
2026-09-04T03:35:30.187978+09:00,용산역,용산역,POI046,KEY_1,1020010600,새창로,1020071900,신계동 33-1,126.9622256102794040_37.5345548543234315,1020022101,용산전자상가앞교차로,126.9629950467819413_37.5333538457541422,150.0,17.0,서행,126.9629950467819413_37.5333538457541422|126.9628865667205702_37.5334837393238701|126.9623753062408724_37.5343179881643252|126.9622256102794040_37.5345548543234315
2026-09-04T03:35:30.187978+09:00,용산역,용산역,POI046,KEY_1,1020012200,새창로,1020053600,원효로2가 69-8,126.9614104165255384_37.5358642039830173,1020025501,원효로2가사거리,126.9616681414131563_37.5354389270863322,52.0,25.0,원활,126.9616681414131563_37.5354389270863322|126.9614104165255384_37.5358642039830173
2026-09-04T03:35:30.187978+09:00,용산역,용산역,POI046,KEY_1,1020013001,원효로,1020156300,원효로2가 85-18,126.9621265329987807_37.5355061956467253,1020025502,원효로2가사거리,126.9617281707655394_37.5353419481051134,40.0,40.0,원활,126.9617281707655394_37.5353419481051134|126.9619750621552043_37.5354379534562739|126.9621265329987807_37.5355061956467253
2026-09-04T03:35:30.187978+09:00,용산역,용산역,POI046,KEY_1,1020031003,한강대로23길,1020014811,한강로3가40-999,126.9650319571767909_37.5280002038717555,1020014808,나인트리프리미어로카우스호텔서울용산,126.9650066545708853_37.5276421187492488,41.0,26.0,원활,126.9650066545708853_37.5276421187492488|126.9649914191819278_37.5277013522904355|126.9649619436993220_37.5278251817468700|126.9649731538123945_37.5279028153889769|126.9650111793189211_37.5279786063186336|126.9650319571767909_37.5280002038717555
2026-09-04T03:35:30.187978+09:00,용산역,용산역,POI046,KEY_1,1020031004,한강대로23길,1020015802,용산역광장앞삼거리,126.9655870495660963_37.5285771917394086,1020014810,한강로3가40-999,126.9651145625119995_37.5280860680841215,69.0,35.0,원활,126.9651145625119995_37.5280860680841215|126.9655870495660963_37.5285771917394086
2026-09-04T03:35:30.187978+09:00,용산역,용산역,POI046,KEY_1,1020031103,한강대로23길,1020014813,한강로3가40-999,126.9649986264322621_37.5281433310974464,1020015803,용산역광장앞삼거리,126.9654792857407983_37.5286429499279635,70.0,14.0,정체,126.9654792857407983_37.5286429499279635|126.9649986264322621_37.5281433310974464
2026-09-04T03:35:30.187978+09:00,용산역,용산역,POI046,KEY_1,1020031104,한강대로23길,1020014809,나인트리프리미어로카우스호텔서울용산,126.9648618974692766_37.5276661459034742,1020014812,한강로3가40-999,126.9649132840756920_37.5280546215653175,45.0,26.0,원활,126.9649132840756920_37.5280546215653175|126.9648920477050780_37.5280325472795724|126.9648403574404796_37.5279295185643349|126.9648247157962260_37.5278211990720649|126.9648582224020572_37.5276804338166627|126.9648618974692766_37.5276661459034742
2026-09-04T03:35:30.187978+09:00,용산역,용산역,POI046,KEY_1,1020031200,한강대로29길,1020015203,용산역,126.9666353702945258_37.5279592626933010,1020015802,용산역광장앞삼거리,126.9655870495660963_37.5285771917394086,115.0,10.0,정체,126.9655870495660963_37.5285771917394086|126.9666353702945258_37.5279592626933010
2026-09-04T03:35:30.187978+09:00,용산역,용산역,POI046,KEY_1,1020031300,한강대로29길,1020015801,용산역광장앞삼거리,126.9656695215508364_37.5286630905805509,1020015204,용산역,126.9667170087153636_37.5280456524693449,115.0,8.0,정체,126.9667170087153636_37.5280456524693449|126.9656695215508364_37.5286630905805509
2026-09-04T03:35:30.187978+09:00,용산역,용산역,POI046,KEY_1,1020031800,한강대로23길,1020016503,래미안용산더센트럴아파트,126.9665866344622600_37.5293810609541154,1020015801,용산역광장앞삼거리,126.9656695215508364_37.5286630905805509,117.0,14.0,정체,126.9656695215508364_37.5286630905805509|126.9662201108448301_37.5292376820034406|126.9663585298970645_37.5293159554833409|126.9664976804328944_37.5293681540214692|126.9665866344622600_37.5293810609541154
2026-09-04T03:35:30.187978+09:00,용산역,용산역,POI046,KEY_1,1020031900,한강대로23길,1020015804,용산역광장앞삼거리,126.9655615980971248_37.5287286830372580,1020016504,래미안용산더센트럴아파트,126.9665623007562090_37.5294874303158039,126.0,28.0,원활,126.9665623007562090_37.5294874303158039|126.9664558863780712_37.5294719906999603|126.9662897668189885_37.5294096751808439|126.9661246990065138_37.5293163310360498|126.9655615980971248_37.5287286830372580
2026-09-04T03:35:30.187978+09:00,용산역,용산역,POI046,KEY_1,1020033800,한강대로23길,1020017802,신용산지하차도(동측),126.9673959720882692_37.5300726947153009,1020016502,래미안용산더센트럴아파트,126.9668186628177295_37.5294998350448381,82.0,13.0,정체,126.9668186628177295_37.5294998350448381|126.9668353525807589_37.5295109193249630|126.9673959720882692_37.5300726947153009
2026-09-04T03:35:30.187978+09:00,용산역,용산역,POI046,KEY_1,1020033900,한강대로23길,1020016501,래미안용산더센트럴아파트,126.9667317143194367_37.5295828712989419,1020017803,신용산지하차도(동측),126.9672920986842541_37.5301423807374377,79.0,8.0,정체,126.9672920986842541_37.5301423807374377|126.9667377225475065_37.5295868616176236|126.9667317143194367_37.5295828712989419
2026-09-04T03:35:30.187978+09:00,용산역,용산역,POI046,KEY_1,1020037600,청파로20길,1020121400,한강로2가 16-8,126.9668210577428340_37.5331389847105044,1020023303,욱천고가차도,126.9666991397419622_37.5337412337859959,68.0,18.0,서행,126.9666991397419622_37.5337412337859959|126.9668024994931272_37.5332225614810042|126.9668210577428340_37.5331389847105044
2026-09-04T03:35:30.187978+09:00,용산역,용산역,POI046,KEY_1,1020034800,이촌로2길,1020017500,이촌119안전센터,126.9523654405978732_37.5299851049663928,1020019104,원효대교(북측),126.9547296547672914_37.5310849407541980,251.0,33.0,원활,126.9547296547672914_37.5310849407541980|126.9545655803105433_37.5310328345768127|126.9543726239541144_37.5309286287612096|126.9540821407545081_37.5307553338088766|126.9530819266436481_37.5301623577747137|126.9528911683399315_37.5300492648525363|126.9527252955329146_37.5299509250104393|126.9526356021338103_37.5299314301440461|126.9525667304034755_37.5299311114793284|126.9525008186408570_37.5299355755796711|126.9523654405978732_37.5299851049663928
2026-09-04T03:35:30.187978+09:00,용산역,용산역,POI046,KEY_1,1020034900,이촌로,1020018400,원효대교(북측),126.9545711623072890_37.5306544215694089,1020018700,원효대교(북측),126.9543146494929005_37.5307598839378187,27.0,36.0,원활,126.9543146494929005_37.5307598839378187|126.9544437703061419_37.5307416362807444|126.9545056917429804_37.5307121037020153|126.9545534666634836_37.5306713040317206|126.9545711623072890_37.5306544215694089
2026-09-04T03:35:30.187978+09:00,용산역,용산역,POI046,KEY_1,1020035200,이촌로2길,1020019103,원효대교(북측),126.9546751732118395_37.5309512393787443,1020018700,원효대교(북측),126.9543146494929005_37.5307598839378187,38.0,36.0,원활,126.9543146494929005_37.5307598839378187|126.9544514644855440_37.5308405709979240|126.9546295685219661_37.5309367565745760|126.9546751732118395_37.5309512393787443
2026-09-04T03:35:30.187978+09:00,용산역,용산역,POI046,KEY_1,1020036100,이촌로,1020019104,원효대교(북측),126.9547296547672914_37.5310849407541980,1020019300,원효대교(북측),126.9543441870368383_37.5313612767879334,53.0,38.3,원활,126.9543441870368383_37.5313612767879334|126.9544303469565278_37.5313660691537123|126.9545129769833665_37.5313541456228563|126.9546005674117595_37.5313227226698274|126.9546616289976413_37.5312789475547532|126.9546937077607396_37.5311873829968690|126.9547296547672914_37.5310849407541980
2026-09-04T03:35:30.187978+09:00,용산역,용산역,POI046,KEY_1,1020036300,청파로,1020173900,최소노드배치점,126.9610232494990356_37.5318170658722465,1020021303,한강로3가 16-7,126.9575072985046518_37.5326309196351815,380.0,10.0,정체,126.9575072985046518_37.5326309196351815|126.9578275642214180_37.5318770888071569|126.9579050787331767_37.5318219157228796|126.9580441527752441_37.5317903247534730|126.9581599223025989_37.5317836200292945|126.9582503389003136_37.5318011098269508|126.9587847846923694_37.5319191178751055|126.9592422416729391_37.5319853479552847|126.9598040293009262_37.5320438172580566|126.9599868096045014_37.5320348945443172|126.9602979712750823_37.5319846984666938|126.9610232494990356_37.5318170658722465
2026-09-04T03:35:30.187978+09:00,용산역,용산역,POI046,KEY_1,1020036400,청파로,1020051600,한강로3가 40-999,126.9651342782798906_37.5308520902996037,1020016501,래미안용산더센트럴아파트,126.9667317143194367_37.5295828712989419,286.0,15.0,서행,126.9667317143194367_37.5295828712989419|126.9667342797360448_37.5295871669884633|126.9670026551513899_37.5298632595946771|126.9670198541459598_37.5299346174117971|126.9670018542596779_37.5300299563627817|126.9669516738453154_37.5301004213707472|126.9665305642197239_37.5304917275435486|126.9663500374824423_37.5306268174460413|126.9662430780638118_37.5306336011953618|126.9657310266158277_37.5303634416177161|126.9655336880002920_37.5305204864041144|126.9651342782798906_37.5308520902996037
2026-09-04T03:35:30.187978+09:00,용산역,용산역,POI046,KEY_1,1020036500,이촌로,1020019800,원효대교북단교차로,126.9549713924562013_37.5315077158583179,1020020200,원효대교(북측),126.9548392490623030_37.5316133150025451,20.0,31.0,원활,126.9548392490623030_37.5316133150025451|126.9549083150940731_37.5316110717711027|126.9549509103713802_37.5315900370343911|126.9549709351302482_37.5315664735781809|126.9549752021724913_37.5315409480382698|126.9549713924562013_37.5315077158583179
2026-09-04T03:35:30.187978+09:00,용산역,용산역,POI046,KEY_1,1020037000,청파로20길,1020079500,한강로3가 40-969,126.9629597330628741_37.5320408152329819,1020021603,한강로3가 16-7,126.9614677039148063_37.5331106071503697,225.0,15.0,서행,126.9614677039148063_37.5331106071503697|126.9614047219316859_37.5325343489783307|126.9614013743318850_37.5324176547259896|126.9614508283752343_37.5323318198881850|126.9615635429022689_37.5322869840670563|126.9619319510057380_37.5322220300683327|126.9629597330628741_37.5320408152329819
2026-09-04T03:35:30.187978+09:00,용산역,용산역,POI046,KEY_1,1020037100,청파로20길,1020099000,한강로3가 23-1,126.9637035399275788_37.5320204024149149,1020020304,한강로3가 23-4,126.9652119205696295_37.5317965792214139,140.0,16.0,서행,126.9652119205696295_37.5317965792214139|126.9651393019003365_37.5317424383839153|126.9650994879791170_37.5317344987149681|126.9649852047470375_37.5317530795719136|126.9640726512030824_37.5319553172189231|126.9637035399275788_37.5320204024149149
2026-09-04T03:35:30.187978+09:00,용산역,용산역,POI046,KEY_1,1020037400,청파로,1020020600,한강로3가16-65,126.9565323634393508_37.5323743610575846,1020021100,원효대교(북측),126.9561715111079963_37.5326923837849762,57.0,20.0,서행,126.9561715111079963_37.5326923837849762|126.9563725209901719_37.5326683519297930|126.9564513229297091_37.5326418852762274|126.9565040511106275_37.5325974123742796|126.9565345586347433_37.5325200456337811|126.9565323634393508_37.5323743610575846
2026-09-04T03:35:30.187978+09:00,용산역,용산역,POI046,KEY_1,1020037500,청파로20길,1020023302,욱천고가차도,126.9668127759471901_37.5337599745325932,1020020302,한강로2가 2-367,126.9655029202062337_37.5318643256554978,269.0,13.0,정체,126.9655029202062337_37.5318643256554978|126.9658228653465244_37.5320992742805473|126.9669454772575961_37.5328926487014982|126.9669788188484318_37.5329657490361228|126.9669825954666464_37.5330324178620387|126.9669547514942423_37.5331578118494633|126.9669364015558273_37.5332404496774856|126.9668127759471901_37.5337599745325932
2026-09-04T03:35:30.187978+09:00,용산역,용산역,POI046,KEY_1,1020057001,한강대로,1020041503,용산우체국,126.9688709856765172_37.5301100058853052,1020016801,전자상가입구교차로,126.9683459865975124_37.5295827397858162,75.0,51.0,원활,126.9683459865975124_37.5295827397858162|126.9688709856765172_37.5301100058853052
2026-09-04T03:35:30.187978+09:00,용산역,용산역,POI046,KEY_1,1020037700,원효로,1020021500,스페이스빌딩,126.9567356509816420_37.5330397231732746,1020020902,용산전자단지우체국,126.9569058189334640_37.5325337481242514,60.0,20.0,서행,126.9569058189334640_37.5325337481242514|126.9568100044306647_37.5326661782408806|126.9567290707744291_37.5328556687790567|126.9567356509816420_37.5330397231732746
2026-09-04T03:35:30.187978+09:00,용산역,용산역,POI046,KEY_1,1020038000,청파로,1020022402,과학동아천문대,126.9640739486854528_37.5333889875427644,1020021001,신용산지하차도(서측),126.9642019833896285_37.5326520130916776,83.0,16.0,서행,126.9642019833896285_37.5326520130916776|126.9641861505747897_37.5328649726940426|126.9640739486854528_37.5333889875427644
2026-09-04T03:35:30.187978+09:00,용산역,용산역,POI046,KEY_1,1020038100,청파로,1020021004,신용산지하차도(서측),126.9640622935567649_37.5327015803896558,1020022403,과학동아천문대,126.9639400680898262_37.5333710217557694,75.0,13.0,정체,126.9639400680898262_37.5333710217557694|126.9640510614697462_37.5328526528075628|126.9640622935567649_37.5327015803896558
2026-09-04T03:35:30.187978+09:00,용산역,용산역,POI046,KEY_1,1020038800,청파로,1020022403,과학동아천문대,126.9639400680898262_37.5333710217557694,1020022102,용산전자상가앞교차로,126.9630710658397987_37.5332544033118722,78.0,27.0,원활,126.9630710658397987_37.5332544033118722|126.9639400680898262_37.5333710217557694
2026-09-04T03:35:30.187978+09:00,용산역,용산역,POI046,KEY_1,1020039000,원효로35길,1020021802,성불사,126.9566111307023277_37.5331000118838318,1020023003,원효로3가 262-8,126.9563711597537008_37.5335700537209007,56.0,36.0,원활,126.9563711597537008_37.5335700537209007|126.9566111307023277_37.5331000118838318
2026-09-04T03:35:30.187978+09:00,용산역,용산역,POI046,KEY_1,1020039100,원효로35길,1020023002,원효로3가 257-1,126.9565130570848197_37.5335791274521071,1020021801,성불사,126.9567219150006707_37.5331696767850218,49.0,17.0,서행,126.9567219150006707_37.5331696767850218|126.9565130570848197_37.5335791274521071
2026-09-04T03:35:30.187978+09:00,용산역,용산역,POI046,KEY_1,1020039400,원효로,1020022803,원효대교북단,126.9572909752407952_37.5335219124607775,1020023002,원효로3가 257-1,126.9565130570848197_37.5335791274521071,69.0,8.0,정체,126.9565130570848197_37.5335791274521071|126.9565400311155940_37.5335807898227074|126.9567851336461501_37.5335674182814358|126.9568120776048801_37.5335659483254318|126.9571675861822229_37.5335396550469582|126.9572909752407952_37.5335219124607775
2026-09-04T03:35:30.187978+09:00,용산역,용산역,POI046,KEY_1,1020039500,원효로,1020079800,원효로3가 133-1,126.9567944129417612_37.5336752857926328,1020022804,원효대교북단,126.9574400905556786_37.5336103391808891,58.0,17.0,서행,126.9574400905556786_37.5336103391808891|126.9571859599558792_37.5336468817203510|126.9568229957344698_37.5336737264434745|126.9567944129417612_37.5336752857926328
2026-09-04T03:35:30.187978+09:00,용산역,용산역,POI046,KEY_1,1020039900,원효로48길,1020168400,신계동 42-4,126.9614756097737569_37.5337831190555633,1020024503,원효전화국,126.9602655248851022_37.5347486963228505,151.0,8.0,정체,126.9602655248851022_37.5347486963228505|126.9610542717761490_37.5341193264917905|126.9614756097737569_37.5337831190555633
2026-09-04T03:35:30.187978+09:00,용산역,용산역,POI046,KEY_1,1020040000,원효로48길,1020096400,신계동 43-24,126.9616992885874680_37.5337337588043596,1020021601,한강로3가 1-5,126.9616473260760756_37.5332073613940054,60.0,14.0,정체,126.9616473260760756_37.5332073613940054|126.9616850607653760_37.5332679821519903|126.9617061301868972_37.5334117541946028|126.9617361756409224_37.5336167752948100|126.9617091124944182_37.5337207321187591|126.9616992885874680_37.5337337588043596
2026-09-04T03:35:30.187978+09:00,용산역,용산역,POI046,KEY_1,1020040900,청파로,1020023304,욱천고가차도,126.9667423822990884_37.5338566798318425,1020026402,용산고가차도(북측),126.9704843093111037_37.5363492385874977,467.0,48.0,원활,126.9704843093111037_37.5363492385874977|126.9704227801793621_37.5361717784474251|126.9701495821165622_37.5355871197905202|126.9699845691585267_37.5353053026188022|126.9698975191507628_37.5351873692026388|126.9697449137036358_37.5350072940416624|126.9695389623419288_37.5348080100099253|126.9693899613785675_37.5346822917854368|126.9691796804427781_37.5345333431076682|126.9688675278101329_37.5343596834213500|126.9687428200648611_37.5342995915658406|126.9686065249130706_37.5342441222367000|126.9683645420976745_37.5341627846816905|126.9679751237316907_37.5340780955624211|126.9676503836511898_37.5340186887597653|126.9667423822990884_37.5338566798318425
2026-09-04T03:35:30.187978+09:00,용산역,용산역,POI046,KEY_1,1020055800,한강대로21나길,1020039901,용산역(경춘선),126.9641176719463544_37.5286186792737837,1020014813,한강로3가40-999,126.9649986264322621_37.5281433310974464,95.0,16.0,서행,126.9649986264322621_37.5281433310974464|126.9647835836461098_37.5282153525752520|126.9647283623979348_37.5282448024578343|126.9641176719463544_37.5286186792737837
2026-09-04T03:35:30.187978+09:00,용산역,용산역,POI046,KEY_1,1020056100,한강대로23길,1020014816,용산역사거리,126.9660504142522797_37.5273387770719893,1020014811,한강로3가40-999,126.9650319571767909_37.5280002038717555,116.0,18.0,서행,126.9650319571767909_37.5280002038717555|126.9660504142522797_37.5273387770719893
2026-09-04T03:35:30.187978+09:00,용산역,용산역,POI046,KEY_1,1020056200,한강대로23길,1020014810,한강로3가40-999,126.9651145625119995_37.5280860680841215,1020014817,용산역사거리,126.9661319906761747_37.5274253090940633,116.0,23.0,서행,126.9661319906761747_37.5274253090940633|126.9651145625119995_37.5280860680841215
2026-09-04T03:35:30.187978+09:00,이태원역,이태원역,POI047,KEY_2,1020009500,보광로,1020157400,이태원동 131-33,126.9940373387562431_37.5339474192291860,1020003103,이태원역앞교차로,126.9938722101036319_37.5344410134072106,57.0,25.5,원활,126.9938722101036319_37.5344410134072106|126.9939255349719502_37.5342547060894063|126.9940373387562431_37.5339474192291860
2026-09-04T03:35:30.187978+09:00,이태원역,이태원역,POI047,KEY_2,1020010701,이태원로,1020109600,이태원동 119-23,126.9934065376017003_37.5345186269656637,1020003104,이태원역앞교차로,126.9938609433052790_37.5345487608536530,40.0,23.0,서행,126.9938609433052790_37.5345487608536530|126.9934065376017003_37.5345186269656637
2026-09-04T03:35:30.187978+09:00,이태원역,이태원역,POI047,KEY_2,1020010800,이태원로,1020093600,이태원동 57-6,126.9901670978671575_37.5341952578389240,1020003002,녹사평역,126.9881954058624700_37.5340760770369641,175.0,18.0,서행,126.9881954058624700_37.5340760770369641|126.9888746584762771_37.5341095041848334|126.9895083789417214_37.5341515534771304|126.9899064253265237_37.5341779633098369|126.9901670978671575_37.5341952578389240
2026-09-04T03:35:30.187978+09:00,이태원역,이태원역,POI047,KEY_2,1020011101,이태원로,1020167100,이태원동 119-23,126.9944655556111286_37.5345901775849882,1020024204,이태원소방파출소,126.9954968238074144_37.5346610574196760,91.0,4.0,정체,126.9954968238074144_37.5346610574196760|126.9944655556111286_37.5345901775849882
2026-09-04T03:35:30.187978+09:00,이태원역,이태원역,POI047,KEY_2,1020011102,이태원로,1020024201,이태원소방파출소,126.9956371857134911_37.5346703540578233,1020025304,이태원호텔앞교차로,126.9986418686788028_37.5352583937875650,280.0,28.0,원활,126.9986418686788028_37.5352583937875650|126.9984212314769110_37.5351188313605419|126.9982335515615830_37.5350249822649857|126.9980583342124731_37.5349517245471205|126.9978393040948390_37.5348749734958176|126.9976622321914590_37.5348302588598415|126.9974202076542866_37.5347917072044979|126.9972001370625776_37.5347636612448596|126.9968571305746536_37.5347459155125946|126.9956371857134911_37.5346703540578233
2026-09-04T03:35:30.187978+09:00,이태원역,이태원역,POI047,KEY_2,1020011201,이태원로,1020024203,이태원소방파출소,126.9955363307621354_37.5345552498172168,1020003102,이태원역앞교차로,126.9940088155564695_37.5344502604877519,136.0,10.0,정체,126.9940088155564695_37.5344502604877519|126.9944772309336969_37.5344824577926843|126.9955363307621354_37.5345552498172168
2026-09-04T03:35:30.187978+09:00,이태원역,이태원역,POI047,KEY_2,1020011202,이태원로,1020025303,이태원호텔앞교차로,126.9987263153591641_37.5351737312984781,1020024202,이태원소방파출소,126.9956725121214589_37.5345640956228834,285.0,9.0,정체,126.9956725121214589_37.5345640956228834|126.9968667962878328_37.5346380677732867|126.9972152987085821_37.5346560983237794|126.9974442596476365_37.5346852761054279|126.9976961690244082_37.5347254028548534|126.9978873030321580_37.5347736685373405|126.9981173019449585_37.5348542624446893|126.9983013090689639_37.5349311962862444|126.9984997949651415_37.5350304478139734|126.9987263153591641_37.5351737312984781
2026-09-04T03:35:30.187978+09:00,이태원역,이태원역,POI047,KEY_2,1020035800,우사단로10길,1020063700,이태원동 137-71,126.9973461434624795_37.5330913789416840,1020021402,보광초등학교,126.9956899673288291_37.5330078219414247,149.0,14.0,정체,126.9956899673288291_37.5330078219414247|126.9957471709841883_37.5330071120154045|126.9959092532463245_37.5329895166849070|126.9959908705287717_37.5329962436548925|126.9967100332990952_37.5331265163957823|126.9968007706584103_37.5331409709456594|126.9970508064429566_37.5331553276982532|126.9970573683931434_37.5331539068610311|126.9973461434624795_37.5330913789416840
2026-09-04T03:35:30.187978+09:00,이태원역,이태원역,POI047,KEY_2,1020037200,우사단로,1020019604,보광초교,126.9965895979005239_37.5314169517780911,1020021403,보광초등학교,126.9955478948623835_37.5330095850120031,200.0,36.0,원활,126.9955478948623835_37.5330095850120031|126.9955854463118499_37.5329070733362755|126.9956459380082094_37.5327986977635888|126.9960112393039111_37.5322685994321645|126.9965895979005239_37.5314169517780911
2026-09-04T03:35:30.187978+09:00,이태원역,이태원역,POI047,KEY_2,1020037300,우사단로,1020021402,보광초등학교,126.9956899673288291_37.5330078219414247,1020019601,보광초교,126.9967090173040560_37.5314683853719586,193.0,16.0,서행,126.9967090173040560_37.5314683853719586|126.9961304606680130_37.5323203253718063|126.9957676933582462_37.5328467489747055|126.9957132225621166_37.5329443380426113|126.9956899673288291_37.5330078219414247
2026-09-04T03:35:30.187978+09:00,이태원역,이태원역,POI047,KEY_2,1020039700,우사단로,1020063400,이태원동 137-23,126.9955993093615803_37.5340288073665604,1020024203,이태원소방파출소,126.9955363307621354_37.5345552498172168,59.0,9.0,정체,126.9955363307621354_37.5345552498172168|126.9955674338379481_37.5344291020757268|126.9956003436716969_37.5340381328912898|126.9955993093615803_37.5340288073665604
2026-09-04T03:35:30.187978+09:00,이태원역,이태원역,POI047,KEY_2,1020039800,우사단로,1020127900,이태원동 137-23,126.9956810738919017_37.5335371339901727,1020021401,보광초등학교,126.9956544097363604_37.5331163963296177,47.0,8.0,정체,126.9956544097363604_37.5331163963296177|126.9956431779321804_37.5331593197407258|126.9956452666882569_37.5332142943968208|126.9956810738919017_37.5335371339901727
2026-09-04T03:35:30.187978+09:00,이태원역,이태원역,POI047,KEY_2,1020041800,이태원로27길,1020091200,이태원동 112-33,126.9941872579211832_37.5354242896055013,1020026204,태국대사관,126.9952756990904561_37.5363269214383237,190.0,16.0,서행,126.9952756990904561_37.5363269214383237|126.9950024930177079_37.5361660973740001|126.9945858125235389_37.5359208138482217|126.9944631524413410_37.5359015925205028|126.9942169223346156_37.5359130027042980|126.9940461223898893_37.5358880581230920|126.9939407102296656_37.5358117362051757|126.9939029380128943_37.5357324209755134|126.9939132882914947_37.5356500538305298|126.9939823977568238_37.5355615331545565|126.9940376114138303_37.5355245435285383|126.9941872579211832_37.5354242896055013
2026-09-04T03:35:30.187978+09:00,이태원역,이태원역,POI047,KEY_2,1020041900,이태원로27길,1020091300,이태원동 111-5,126.9942746628349681_37.5355070255918761,1020024201,이태원소방파출소,126.9956371857134911_37.5346703540578233,170.0,17.0,서행,126.9956371857134911_37.5346703540578233|126.9955842562411448_37.5347850178568478|126.9954134054469819_37.5350706997723336|126.9953750142490776_37.5351183002557249|126.9952378837399039_37.5352883250498763|126.9951738511499997_37.5353312605409712|126.9950719982470559_37.5353558347332807|126.9945933761089663_37.5353577392293118|126.9945100556674760_37.5353687933671125|126.9944205701082751_37.5354092765412304|126.9942746628349681_37.5355070255918761
2026-09-04T03:35:30.187978+09:00,잠실새내역,잠실새내역,POI118,KEY_3,1230021702,석촌호수로,1230353100,잠실동 279,127.0864689721910281_37.5092608070909250,1230039203,잠실동 277-1,127.0857913006940407_37.5107155088263937,173.0,21.0,서행,127.0857913006940407_37.5107155088263937|127.0859355179749457_37.5102051998990049|127.0860448769971782_37.5099333179183532|127.0862025510453179_37.5096427326652702|127.0864085402465520_37.5093331628304583|127.0864689721910281_37.5092608070909250
2026-09-04T03:35:30.187978+09:00,잠실새내역,잠실새내역,POI118,KEY_3,1230021703,석촌호수로,1230039204,잠실동 277-1,127.0857622779248999_37.5108246687258244,1230040503,잠실새내역교차로,127.0855635572315521_37.5116014858236753,88.0,27.0,원활,127.0855635572315521_37.5116014858236753|127.0857622779248999_37.5108246687258244
2026-09-04T03:35:30.187978+09:00,잠실새내역,잠실새내역,POI118,KEY_3,1230021801,석촌호수로,1230353200,잠실동 34-1,127.0865819707457973_37.5093206987781613,1230035804,잠실학원사거리,127.0907435116093893_37.5076347291248027,428.0,38.0,원활,127.0907435116093893_37.5076347291248027|127.0891988654833682_37.5078903869766904|127.0886967870483488_37.5080084362478132|127.0881708286998588_37.5081877992563406|127.0880012683076359_37.5082606960781177|127.0877888032188707_37.5083520377951984|127.0873293019124333_37.5086200596454873|127.0869893609562524_37.5088726575149423|127.0867610863939206_37.5091062405246163|127.0865819707457973_37.5093206987781613
2026-09-04T03:35:30.187978+09:00,잠실새내역,잠실새내역,POI118,KEY_3,1230022501,백제고분로,1230034504,아시아선수촌아파트앞교차로,127.0794760915656525_37.5067976917142687,1230037302,아시아선수촌정문,127.0789846119519098_37.5088462503289861,232.0,17.0,서행,127.0789846119519098_37.5088462503289861|127.0792348638606626_37.5077439618197062|127.0794043146057106_37.5069975607147299|127.0794760915656525_37.5067976917142687
2026-09-04T03:35:30.187978+09:00,잠실새내역,잠실새내역,POI118,KEY_3,1230022502,백제고분로,1230353500,잠실동 125,127.0787072249255090_37.5099907360209954,1230038503,올림피아빌딩,127.0786542685962957_37.5102092272623651,25.0,25.0,원활,127.0786542685962957_37.5102092272623651|127.0787072249255090_37.5099907360209954
2026-09-04T03:35:30.187978+09:00,잠실새내역,잠실새내역,POI118,KEY_3,1230022503,백제고분로,1230038504,올림피아빌딩,127.0786287250056432_37.5103159388886098,1230041203,종합운동장교차로,127.0782816833858391_37.5117845986573144,166.0,18.0,서행,127.0782816833858391_37.5117845986573144|127.0786287250056432_37.5103159388886098
2026-09-04T03:35:30.187978+09:00,잠실새내역,잠실새내역,POI118,KEY_3,1230022601,백제고분로,1230351300,잠실동 258,127.0793710204524842_37.5077634256097809,1230034501,아시아선수촌아파트앞교차로,127.0795914683025813_37.5068694993964726,101.0,30.0,원활,127.0795914683025813_37.5068694993964726|127.0795366621722025_37.5070221123558625|127.0793710204524842_37.5077634256097809
2026-09-04T03:35:30.187978+09:00,잠실새내역,잠실새내역,POI118,KEY_3,1230022602,백제고분로,1230037800,아시아선수촌정문,127.0789738144993350_37.5094612320512866,1230037301,아시아선수촌정문,127.0791244501709514_37.5088668990510925,67.0,13.0,정체,127.0791244501709514_37.5088668990510925|127.0789738144993350_37.5094612320512866
2026-09-04T03:35:30.187978+09:00,잠실새내역,잠실새내역,POI118,KEY_3,1230022604,백제고분로,1230038502,올림피아빌딩,127.0787875343454232_37.5102297243505305,1230037800,아시아선수촌정문,127.0789738144993350_37.5094612320512866,87.0,15.0,서행,127.0789738144993350_37.5094612320512866|127.0788885712924667_37.5098129019347439|127.0788404959359497_37.5100112347870578|127.0787875343454232_37.5102297243505305
2026-09-04T03:35:30.187978+09:00,잠실새내역,잠실새내역,POI118,KEY_3,1230022605,백제고분로,1230041202,종합운동장교차로,127.0784113695261652_37.5118202602699213,1230038501,올림피아빌딩,127.0787621084200936_37.5103359393821023,168.0,12.0,정체,127.0787621084200936_37.5103359393821023|127.0784113695261652_37.5118202602699213
2026-09-04T03:35:30.187978+09:00,잠실새내역,잠실새내역,POI118,KEY_3,1230024502,올림픽로,1230039501,정신여중고교,127.0736954853006182_37.5111786898829180,1230041205,종합운동장교차로,127.0782510546514033_37.5119142943147708,411.0,59.0,원활,127.0782510546514033_37.5119142943147708|127.0777355344654751_37.5118609241788334|127.0736954853006182_37.5111786898829180
2026-09-04T03:35:30.187978+09:00,잠실새내역,잠실새내역,POI118,KEY_3,1230024900,올림픽로,1230358200,최소노드배치점,127.0890986901108874_37.5116423850120313,1230041304,잠실3사거리,127.0924582513479919_37.5119541794962004,299.0,51.0,원활,127.0924582513479919_37.5119541794962004|127.0894865754439849_37.5116660118753273|127.0890986901108874_37.5116423850120313
2026-09-04T03:35:30.187978+09:00,잠실새내역,잠실새내역,POI118,KEY_3,1230025002,올림픽로,1230358100,최소노드배치점,127.0891090387559217_37.5115345789191323,1230040502,잠실새내역교차로,127.0857035804970963_37.5115956032460929,301.0,26.0,원활,127.0857035804970963_37.5115956032460929|127.0879951156214815_37.5115020522100338|127.0885680436061307_37.5115016240106058|127.0891090387559217_37.5115345789191323
2026-09-04T03:35:30.187978+09:00,잠실새내역,잠실새내역,POI118,KEY_3,1230025101,올림픽로,1230040900,잠실동 255,127.0795451503135922_37.5118493118968601,1230041202,종합운동장교차로,127.0784113695261652_37.5118202602699213,101.0,15.0,서행,127.0784113695261652_37.5118202602699213|127.0789150728828076_37.5118612872023789|127.0792928572771814_37.5118610342029228|127.0795451503135922_37.5118493118968601
2026-09-04T03:35:30.187978+09:00,잠실새내역,잠실새내역,POI118,KEY_3,1230025102,올림픽로,1230040600,한국지능형사물인터넷협회,127.0804332107682484_37.5118129433548333,1230040900,잠실동 255,127.0795451503135922_37.5118493118968601,79.0,45.0,원활,127.0795451503135922_37.5118493118968601|127.0804332107682484_37.5118129433548333
2026-09-04T03:35:30.187978+09:00,잠실새내역,잠실새내역,POI118,KEY_3,1230025103,올림픽로,1230040703,잠실지구대,127.0829054041126511_37.5117180965625749,1230040600,한국지능형사물인터넷협회,127.0804332107682484_37.5118129433548333,219.0,42.0,원활,127.0804332107682484_37.5118129433548333|127.0819528580516362_37.5117546475695249|127.0829054041126511_37.5117180965625749
2026-09-04T03:35:30.187978+09:00,잠실새내역,잠실새내역,POI118,KEY_3,1230025104,올림픽로,1230040503,잠실새내역교차로,127.0855635572315521_37.5116014858236753,1230040702,잠실지구대,127.0830409730676962_37.5117125062694399,223.0,41.0,원활,127.0830409730676962_37.5117125062694399|127.0855635572315521_37.5116014858236753
2026-09-04T03:35:30.187978+09:00,잠실새내역,잠실새내역,POI118,KEY_3,1230025202,올림픽로,1230424500,최소노드배치점,127.0819594247720232_37.5118631388527746,1230040504,잠실새내역교차로,127.0855335976985714_37.5117110899299107,316.0,16.0,서행,127.0855335976985714_37.5117110899299107|127.0830484586408744_37.5118204620005500|127.0829120200997835_37.5118261214596131|127.0819594247720232_37.5118631388527746
2026-09-04T03:35:30.187978+09:00,잠실새내역,잠실새내역,POI118,KEY_3,1230027000,석촌호수로,1230356600,잠실동 18-1,127.0850670165109193_37.5140217413784498,1230040501,잠실새내역교차로,127.0856744573367365_37.5117050538603038,263.0,31.0,원활,127.0856744573367365_37.5117050538603038|127.0854547322949060_37.5124799462171339|127.0850670165109193_37.5140217413784498
2026-09-04T03:35:30.187978+09:00,잠실새내역,잠실새내역,POI118,KEY_3,1230027701,백제고분로,1230041205,종합운동장교차로,127.0782510546514033_37.5119142943147708,1230044203,신천중교앞,127.0774299249238197_37.5153939877462790,393.0,30.0,원활,127.0774299249238197_37.5153939877462790|127.0782510546514033_37.5119142943147708
2026-09-04T03:35:30.187978+09:00,잠실새내역,잠실새내역,POI118,KEY_3,1230027801,백제고분로,1230044202,신천중교앞,127.0775633237073521_37.5154139620390339,1230041201,종합운동장교차로,127.0783861885229413_37.5119268938563764,394.0,28.0,원활,127.0783861885229413_37.5119268938563764|127.0775633237073521_37.5154139620390339
2026-09-04T03:35:30.187978+09:00,잠실새내역,잠실새내역,POI118,KEY_3,1230074100,올림픽로12길,1230343800,잠실동 274,127.0833686401427087_37.5069877890081500,1230039303,피처캠프(신천점),127.0828829403486111_37.5108014836183230,434.0,9.0,정체,127.0828829403486111_37.5108014836183230|127.0836489279273422_37.5076846783056865|127.0836420187927303_37.5076355355415885|127.0836385317299033_37.5076107330029842|127.0836104420223052_37.5075215615306234|127.0835997373339410_37.5074979313306827|127.0833686401427087_37.5069877890081500
2026-09-04T03:35:30.187978+09:00,잠실새내역,잠실새내역,POI118,KEY_3,1230074500,백제고분로9길,1230037500,속성변화점,127.0794813125434359_37.5091538969098863,1230037301,아시아선수촌정문,127.0791244501709514_37.5088668990510925,45.0,36.0,원활,127.0791244501709514_37.5088668990510925|127.0794813125434359_37.5091538969098863
2026-09-04T03:35:30.187978+09:00,잠실새내역,잠실새내역,POI118,KEY_3,1230075100,백제고분로9길,1230037800,아시아선수촌정문,127.0789738144993350_37.5094612320512866,1230037700,속성변화점,127.0794532153200009_37.5092637347447635,48.0,8.0,정체,127.0794532153200009_37.5092637347447635|127.0789738144993350_37.5094612320512866
2026-09-04T03:35:30.187978+09:00,잠실새내역,잠실새내역,POI118,KEY_3,1230075200,올림픽로8길,1230345200,잠실동 263,127.0800495933583960_37.5092445044540952,1230037500,속성변화점,127.0794813125434359_37.5091538969098863,51.0,36.0,원활,127.0794813125434359_37.5091538969098863|127.0800495933583960_37.5092445044540952
2026-09-04T03:35:30.187978+09:00,잠실새내역,잠실새내역,POI118,KEY_3,1230075300,올림픽로8길,1230345100,잠실동 257,127.0800231129676234_37.5093519997702458,1230038903,잠실아이파크,127.0801725507411817_37.5104262642441668,147.0,11.0,정체,127.0801725507411817_37.5104262642441668|127.0804008413532671_37.5094548236844929|127.0803904580349553_37.5094333724295268|127.0803522291554515_37.5094029715202808|127.0800231129676234_37.5093519997702458
2026-09-04T03:35:30.187978+09:00,잠실새내역,잠실새내역,POI118,KEY_3,1230076600,백제고분로7길,1230038903,잠실아이파크,127.0801725507411817_37.5104262642441668,1230038502,올림피아빌딩,127.0787875343454232_37.5102297243505305,124.0,11.0,정체,127.0787875343454232_37.5102297243505305|127.0801725507411817_37.5104262642441668
2026-09-04T03:35:30.187978+09:00,잠실새내역,잠실새내역,POI118,KEY_3,1230076700,백제고분로7길,1230038501,올림피아빌딩,127.0787621084200936_37.5103359393821023,1230038904,잠실아이파크,127.0801478779330864_37.5105325853430571,124.0,22.0,서행,127.0801478779330864_37.5105325853430571|127.0787621084200936_37.5103359393821023
2026-09-04T03:35:30.187978+09:00,잠실새내역,잠실새내역,POI118,KEY_3,1230076800,백제고분로7길,1230357500,잠실동 262,127.0811518239590043_37.5105746128225590,1230038902,잠실아이파크,127.0803060223495748_37.5104458918043377,76.0,7.0,정체,127.0803060223495748_37.5104458918043377|127.0811518239590043_37.5105746128225590
2026-09-04T03:35:30.187978+09:00,잠실새내역,잠실새내역,POI118,KEY_3,1230076900,백제고분로7길,1230357600,잠실동 262,127.0811263550866528_37.5106808129218976,1230039304,피처캠프(신천점),127.0828710878363665_37.5109094276610335,156.0,14.0,정체,127.0828710878363665_37.5109094276610335|127.0825055257436702_37.5108644567057610|127.0816055492480956_37.5107537377581792|127.0811263550866528_37.5106808129218976
2026-09-04T03:35:30.187978+09:00,잠실새내역,잠실새내역,POI118,KEY_3,1230077000,백제고분로7길,1230344000,잠실동 271,127.0836883041854435_37.5107842000684073,1230039302,피처캠프(신천점),127.0830201298739155_37.5108060171210980,59.0,9.0,정체,127.0830201298739155_37.5108060171210980|127.0836883041854435_37.5107842000684073
2026-09-04T03:35:30.187978+09:00,잠실새내역,잠실새내역,POI118,KEY_3,1230077100,백제고분로7길,1230039301,피처캠프(신천점),127.0830071143003153_37.5109146527428194,1230039204,잠실동 277-1,127.0857622779248999_37.5108246687258244,244.0,9.0,정체,127.0857622779248999_37.5108246687258244|127.0844068445662174_37.5108689454204338|127.0840316601494067_37.5108811984670325|127.0836938632375279_37.5108922294623497|127.0830071143003153_37.5109146527428194
2026-09-04T03:35:30.187978+09:00,잠실새내역,잠실새내역,POI118,KEY_3,1230077200,올림픽로8길,1230347300,잠실동 253,127.0799794078372571_37.5112677326767354,1230040102,한국지능형사물인터넷협회,127.0799521928648090_37.5115008656669815,26.0,36.0,원활,127.0799521928648090_37.5115008656669815|127.0799748694044808_37.5112875366811664|127.0799794078372571_37.5112677326767354
2026-09-04T03:35:30.187978+09:00,잠실새내역,잠실새내역,POI118,KEY_3,1230077300,올림픽로8길,1230347400,잠실동 253,127.0801129296330458_37.5112871496055504,1230038901,잠실아이파크,127.0802813497855510_37.5105522130446758,83.0,36.0,원활,127.0802813497855510_37.5105522130446758|127.0801129296330458_37.5112871496055504
2026-09-04T03:35:30.187978+09:00,잠실새내역,잠실새내역,POI118,KEY_3,1230078100,올림픽로12길,1230040702,잠실지구대,127.0830409730676962_37.5117125062694399,1230039301,피처캠프(신천점),127.0830071143003153_37.5109146527428194,89.0,7.0,정체,127.0830071143003153_37.5109146527428194|127.0830409730676962_37.5117125062694399
2026-09-04T03:35:30.187978+09:00,잠실새내역,잠실새내역,POI118,KEY_3,1230078200,올림픽로12길,1230039304,피처캠프(신천점),127.0828710878363665_37.5109094276610335,1230040703,잠실지구대,127.0829054041126511_37.5117180965625749,90.0,11.0,정체,127.0829054041126511_37.5117180965625749|127.0828710878363665_37.5109094276610335
2026-09-04T03:35:30.187978+09:00,잠실새내역,잠실새내역,POI118,KEY_3,1230078600,올림픽로8길,1230040600,한국지능형사물인터넷협회,127.0804332107682484_37.5118129433548333,1230040101,한국지능형사물인터넷협회,127.0800845454826629_37.5115034781185273,46.0,36.0,원활,127.0800845454826629_37.5115034781185273|127.0804332107682484_37.5118129433548333
2026-09-04T03:35:30.187978+09:00,잠실새내역,잠실새내역,POI118,KEY_3,1230078700,올림픽로8길,1230040102,한국지능형사물인터넷협회,127.0799521928648090_37.5115008656669815,1230040900,잠실동 255,127.0795451503135922_37.5118493118968601,53.0,36.0,원활,127.0795451503135922_37.5118493118968601|127.0799521928648090_37.5115008656669815
2026-09-04T03:35:30.187978+09:00,잠실새내역,잠실새내역,POI118,KEY_3,1230436901,올림픽로,1230041203,종합운동장교차로,127.0782816833858391_37.5117845986573144,1230188203,종합운동장역,127.0738142849638592_37.5107794587518768,415.0,25.0,원활,127.0738142849638592_37.5107794587518768|127.0766624359143151_37.5112667681648091|127.0776889686936215_37.5114478975817462|127.0777299027053004_37.5114626912692941|127.0777834837586227_37.5114921764978320|127.0782816833858391_37.5117845986573144
2026-09-04T03:35:30.187978+09:00,잠실역,잠실역,POI119,KEY_4,1230027302,올림픽로,1230001801,잠실역사거리,127.1002155326109744_37.5133509522926616,1230043404,신천동 8,127.1021667132219335_37.5140202279747825,188.0,13.0,정체,127.1021667132219335_37.5140202279747825|127.1002155326109744_37.5133509522926616
2026-09-04T03:35:30.187978+09:00,잠실역,잠실역,POI119,KEY_4,1230003300,송파대로,1230036704,석촌호수앞교차로,127.1039028911642674_37.5087367936795530,1230001703,석촌호수앞교차로,127.1017878219228550_37.5111046223331428,323.0,47.5,원활,127.1017878219228550_37.5111046223331428|127.1039028911642674_37.5087367936795530
2026-09-04T03:35:30.187978+09:00,잠실역,잠실역,POI119,KEY_4,1230003400,송파대로,1230001702,석촌호수앞교차로,127.1019076941057762_37.5111569141952117,1230036701,석촌호수앞교차로,127.1040028890472797_37.5088113302377195,320.0,26.0,원활,127.1040028890472797_37.5088113302377195|127.1019076941057762_37.5111569141952117
2026-09-04T03:35:30.187978+09:00,잠실역,잠실역,POI119,KEY_4,1230003501,송파대로,1230399700,잠실동 41,127.1007560729534731_37.5124412982623454,1230001803,잠실역사거리,127.1001586829554100_37.5132191939759281,101.0,42.0,원활,127.1001586829554100_37.5132191939759281|127.1007560729534731_37.5124412982623454
2026-09-04T03:35:30.187978+09:00,잠실역,잠실역,POI119,KEY_4,1230003601,송파대로,1230001802,잠실역사거리,127.1002879409381165_37.5132580710148957,1230001701,석촌호수앞교차로,127.1018323332335598_37.5112469862295228,262.0,12.0,정체,127.1018323332335598_37.5112469862295228|127.1008718568159566_37.5124977195192244|127.1002879409381165_37.5132580710148957
2026-09-04T03:35:30.187978+09:00,잠실역,잠실역,POI119,KEY_4,1230003802,송파대로,1230044702,잠실대교남측,127.0981251707990225_37.5159789121879115,1230001801,잠실역사거리,127.1002155326109744_37.5133509522926616,345.0,28.0,원활,127.1002155326109744_37.5133509522926616|127.0985290071868548_37.5154712346922068|127.0981251707990225_37.5159789121879115
2026-09-04T03:35:30.187978+09:00,잠실역,잠실역,POI119,KEY_4,1230021500,삼학사로,1230418200,잠실동 46,127.0973734398476296_37.5087240119147722,1230007103,서울놀이마당앞교차로,127.0974453047706589_37.5099321530276910,134.0,35.0,원활,127.0974453047706589_37.5099321530276910|127.0973734398476296_37.5087240119147722
2026-09-04T03:35:30.187978+09:00,잠실역,잠실역,POI119,KEY_4,1230021600,삼학사로,1230007102,서울놀이마당앞교차로,127.0975809295277941_37.5099279073468779,1230034301,석촌호교차로,127.0973845362845935_37.5066262726573783,367.0,42.0,원활,127.0973845362845935_37.5066262726573783|127.0975090109694889_37.5087188942394008|127.0975809295277941_37.5099279073468779
2026-09-04T03:35:30.187978+09:00,잠실역,잠실역,POI119,KEY_4,1230023101,잠실로,1230038303,잠실동 43,127.0947217679651260_37.5101178628557932,1230038602,잠실3삼거리,127.0930971257991189_37.5102585455899913,144.0,19.0,서행,127.0930971257991189_37.5102585455899913|127.0947217679651260_37.5101178628557932
2026-09-04T03:35:30.187978+09:00,잠실역,잠실역,POI119,KEY_4,1230023102,잠실로,1230007103,서울놀이마당앞교차로,127.0974453047706589_37.5099321530276910,1230038302,잠실동 43,127.0948609890413223_37.5101069748518370,229.0,10.0,정체,127.0948609890413223_37.5101069748518370|127.0962459094918131_37.5100132959391175|127.0974453047706589_37.5099321530276910
2026-09-04T03:35:30.187978+09:00,잠실역,잠실역,POI119,KEY_4,1230023201,잠실로,1230038601,잠실3삼거리,127.0931194165767408_37.5103653726765316,1230038304,잠실동 43,127.0947364363945553_37.5102253498387128,144.0,17.0,서행,127.0947364363945553_37.5102253498387128|127.0931194165767408_37.5103653726765316
2026-09-04T03:35:30.187978+09:00,잠실역,잠실역,POI119,KEY_4,1230023202,잠실로,1230393400,잠실동 43,127.0962573939644642_37.5101210286650257,1230007104,서울놀이마당앞교차로,127.0974567909531032_37.5100398856026942,106.0,20.0,서행,127.0974567909531032_37.5100398856026942|127.0962573939644642_37.5101210286650257
2026-09-04T03:35:30.187978+09:00,잠실역,잠실역,POI119,KEY_4,1230023500,잠실로,1230412400,잠실동 42,127.1004419094974480_37.5105947295189637,1230001704,석촌호수앞교차로,127.1017131193153915_37.5111950333109547,131.0,25.0,원활,127.1017131193153915_37.5111950333109547|127.1004641614348145_37.5106046485269218|127.1004419094974480_37.5105947295189637
2026-09-04T03:35:30.187978+09:00,잠실역,잠실역,POI119,KEY_4,1230023600,잠실로,1230001703,석촌호수앞교차로,127.1017878219228550_37.5111046223331428,1230007102,서울놀이마당앞교차로,127.0975809295277941_37.5099279073468779,403.0,31.0,원활,127.0975809295277941_37.5099279073468779|127.0985541482379375_37.5099332768199432|127.0990046849047843_37.5099841635964921|127.0994430355566607_37.5101001528652276|127.0999744578332411_37.5102624598802024|127.1005081875894263_37.5105003764333560|127.1005319432435670_37.5105109657146656|127.1017878219228550_37.5111046223331428
2026-09-04T03:35:30.187978+09:00,잠실역,잠실역,POI119,KEY_4,1230025702,올림픽로,1230422700,최소노드배치점,127.0963985029439982_37.5124235494134552,1230001804,잠실역사거리,127.1000841139758677_37.5133141607708396,341.0,46.3,원활,127.1000841139758677_37.5133141607708396|127.0963985029439982_37.5124235494134552
2026-09-04T03:35:30.187978+09:00,잠실역,잠실역,POI119,KEY_4,1230025801,올림픽로,1230041703,잠실동 39,127.0946882254534103_37.5120601573260686,1230041302,잠실3사거리,127.0926320843072830_37.5118620680798003,183.0,42.0,원활,127.0926320843072830_37.5118620680798003|127.0946882254534103_37.5120601573260686
2026-09-04T03:35:30.187978+09:00,잠실역,잠실역,POI119,KEY_4,1230025802,올림픽로,1230001803,잠실역사거리,127.1001586829554100_37.5132191939759281,1230041702,잠실동 39,127.0948236216370191_37.5120740018570373,489.0,31.0,원활,127.0948236216370191_37.5120740018570373|127.0956739088233007_37.5121671905185963|127.0962807923011582_37.5122821169021705|127.0964379064208174_37.5123200858476054|127.1001586829554100_37.5132191939759281
2026-09-04T03:35:30.187978+09:00,잠실역,잠실역,POI119,KEY_4,1230027303,올림픽로,1230043401,신천동 8,127.1022912026975433_37.5140633484028712,1230043804,잠실역(서울8호선),127.1031193148053262_37.5143528991889355,80.0,46.3,원활,127.1031193148053262_37.5143528991889355|127.1022912026975433_37.5140633484028712
2026-09-04T03:35:30.187978+09:00,잠실역,잠실역,POI119,KEY_4,1230027304,올림픽로,1230043801,잠실역(서울8호선),127.1032441614670745_37.5143953515620083,1230044104,송파구청앞교차로,127.1065954149593580_37.5155037548529151,321.0,46.7,원활,127.1065954149593580_37.5155037548529151|127.1032441614670745_37.5143953515620083
2026-09-04T03:35:30.187978+09:00,잠실역,잠실역,POI119,KEY_4,1230027402,올림픽로,1230425600,최소노드배치점,127.1034569107816310_37.5143486498193468,1230001802,잠실역사거리,127.1002879409381165_37.5132580710148957,305.0,46.0,원활,127.1002879409381165_37.5132580710148957|127.1022203942543456_37.5139209223143766|127.1023457587723016_37.5139643456983833|127.1031738699951745_37.5142538961081584|127.1032962137368543_37.5142954974985372|127.1034569107816310_37.5143486498193468
2026-09-04T03:35:30.187978+09:00,잠실역,잠실역,POI119,KEY_4,1230077600,올림픽로.잠실로.사이길,1230038304,잠실동 43,127.0947364363945553_37.5102253498387128,1230041703,잠실동 39,127.0946882254534103_37.5120601573260686,204.0,14.0,정체,127.0946882254534103_37.5120601573260686|127.0947364363945553_37.5102253498387128
2026-09-04T03:35:30.187978+09:00,잠실역,잠실역,POI119,KEY_4,1230077700,올림픽로.잠실로.사이길,1230041702,잠실동 39,127.0948236216370191_37.5120740018570373,1230038301,잠실동 43,127.0948724715403131_37.5102147077519135,206.0,8.0,정체,127.0948724715403131_37.5102147077519135|127.0948236216370191_37.5120740018570373
2026-09-04T03:35:30.187978+09:00,잠실역,잠실역,POI119,KEY_4,1230080800,올림픽로,1230043404,신천동 8,127.1021667132219335_37.5140202279747825,1230044003,어린이교통공원,127.1015862279693067_37.5151316086360467,134.0,28.0,원활,127.1015862279693067_37.5151316086360467|127.1021667132219335_37.5140202279747825
2026-09-04T03:35:30.187978+09:00,잠실역,잠실역,POI119,KEY_4,1230080900,올림픽로,1230044002,어린이교통공원,127.1017112605977104_37.5151736946584151,1230043401,신천동 8,127.1022912026975433_37.5140633484028712,133.0,24.0,서행,127.1022912026975433_37.5140633484028712|127.1017112605977104_37.5151736946584151
2026-09-04T03:35:30.187978+09:00,잠실역,잠실역,POI119,KEY_4,1230081000,올림픽로,1230043804,잠실역(서울8호선),127.1031193148053262_37.5143528991889355,1230044403,신천동 7-21,127.1025553001734067_37.5154467539088188,131.0,16.0,서행,127.1025553001734067_37.5154467539088188|127.1031193148053262_37.5143528991889355
2026-09-04T03:35:30.187978+09:00,잠실역,잠실역,POI119,KEY_4,1230081100,올림픽로,1230044402,신천동 7-21,127.1026803877707039_37.5154887453600807,1230043801,잠실역(서울8호선),127.1032441614670745_37.5143953515620083,131.0,16.0,서행,127.1032441614670745_37.5143953515620083|127.1026803877707039_37.5154887453600807
2026-09-04T03:35:30.187978+09:00,잠실역,잠실역,POI119,KEY_4,1230437101,잠실로,1230188302,잠실길지하차도(서측),127.1024547747106510_37.5113805101291220,1230001702,석촌호수앞교차로,127.1019076941057762_37.5111569141952117,54.0,34.0,원활,127.1019076941057762_37.5111569141952117|127.1024547747106510_37.5113805101291220
2026-09-04T03:35:30.187978+09:00,잠실역,잠실역,POI119,KEY_4,1230437201,잠실로,1230001701,석촌호수앞교차로,127.1018323332335598_37.5112469862295228,1230188303,잠실길지하차도(서측),127.1023918266045030_37.5114715455822392,55.0,6.0,정체,127.1023918266045030_37.5114715455822392|127.1018323332335598_37.5112469862295228
2026-09-04T03:35:30.187978+09:00,잠실역,잠실역,POI119,KEY_4,1230437301,잠실로,1230188502,잠실길지하차도(동측),127.1062173467716150_37.5131578738299325,1230188302,잠실길지하차도(서측),127.1024547747106510_37.5113805101291220,387.0,48.0,원활,127.1024547747106510_37.5113805101291220|127.1030924680476488_37.5116688194554797|127.1037922288458617_37.5120057984034787|127.1044073633298837_37.5122985483592544|127.1051198819620254_37.5126321816150679|127.1062173467716150_37.5131578738299325
2026-09-04T03:35:30.187978+09:00,잠실역,잠실역,POI119,KEY_4,1230437401,잠실로,1230188303,잠실길지하차도(서측),127.1023918266045030_37.5114715455822392,1230188503,잠실길지하차도(동측),127.1061687896124681_37.5132231248888246,386.0,10.0,정체,127.1061687896124681_37.5132231248888246|127.1052815756607259_37.5128152477143786|127.1034974052928277_37.5119907247148916|127.1023918266045030_37.5114715455822392
2026-09-04T03:35:30.187978+09:00,잠실역,잠실역,POI119,KEY_4,1230437501,-,1230188502,잠실길지하차도(동측),127.1062173467716150_37.5131578738299325,1230188402,신천동 30,127.1050426082693434_37.5125336192748193,126.0,10.0,정체,127.1050426082693434_37.5125336192748193|127.1057099909694585_37.5128445639683008|127.1060250249974217_37.5129978687956296|127.1062173467716150_37.5131578738299325
2026-09-04T03:35:30.187978+09:00,잠실역,잠실역,POI119,KEY_4,1230437601,-,1230188403,신천동 30,127.1049002456384613_37.5127083450110632,1230188503,잠실길지하차도(동측),127.1061687896124681_37.5132231248888246,126.0,17.0,서행,127.1061687896124681_37.5132231248888246|127.1058942002584331_37.5131610578152603|127.1056142121499164_37.5130369103311239|127.1049002456384613_37.5127083450110632
2026-09-04T03:35:30.187978+09:00,잠실역,잠실역,POI119,KEY_4,1230437701,잠실로,1230394600,신천동 30,127.1067595331203108_37.5134063123268504,1230188502,잠실길지하차도(동측),127.1062173467716150_37.5131578738299325,55.0,8.5,정체,127.1062173467716150_37.5131578738299325|127.1067595331203108_37.5134063123268504
2026-09-04T03:35:30.187978+09:00,잠실역,잠실역,POI119,KEY_4,1230437801,잠실로,1230188503,잠실길지하차도(동측),127.1061687896124681_37.5132231248888246,1230043204,잠실전화국,127.1073301047804875_37.5137619968566653,119.0,10.0,정체,127.1073301047804875_37.5137619968566653|127.1067103200439448_37.5134744075350568|127.1061687896124681_37.5132231248888246
2026-09-04T03:35:30.187978+09:00,장지역,장지역,POI048,KEY_1,1230045200,충민로,1230322900,문정동 637,127.1265287058943585_37.4796380084969698,1230014704,문정동 637,127.1267997378765671_37.4797175186294069,26.0,5.0,정체,127.1267997378765671_37.4797175186294069|127.1265287058943585_37.4796380084969698
2026-09-04T03:35:30.187978+09:00,장지역,장지역,POI048,KEY_1,1230000501,송파대로,1230000604,장지교앞교차로,127.1269923146135881_37.4759317298926007,1230013503,장지교앞,127.1269689977646067_37.4762489682989113,35.0,8.0,정체,127.1269689977646067_37.4762489682989113|127.1269923146135881_37.4759317298926007
2026-09-04T03:35:30.187978+09:00,장지역,장지역,POI048,KEY_1,1230000601,송파대로,1230013502,장지교앞,127.1271033322769028_37.4762702251211408,1230000601,장지교앞교차로,127.1271286086057017_37.4759263177463851,38.0,41.0,원활,127.1271286086057017_37.4759263177463851|127.1271033322769028_37.4762702251211408
2026-09-04T03:35:30.187978+09:00,장지역,장지역,POI048,KEY_1,1230001301,송파대로,1230013504,장지교앞,127.1269539868962397_37.4763591432306029,1230014403,장지역사거리,127.1257807374389159_37.4792989981545901,344.0,18.0,서행,127.1257807374389159_37.4792989981545901|127.1266032295630311_37.4775940684485604|127.1267153872522897_37.4773199621971926|127.1268566922320247_37.4769095793527001|127.1269539868962397_37.4763591432306029
2026-09-04T03:35:30.187978+09:00,장지역,장지역,POI048,KEY_1,1230001302,송파대로,1230014404,장지역사거리,127.1257315074845877_37.4793999327968521,1230000803,건영아파트앞교차로,127.1241917169870135_37.4825185713341327,372.0,16.0,서행,127.1241917169870135_37.4825185713341327|127.1253292527007233_37.4802146727817842|127.1257315074845877_37.4793999327968521
2026-09-04T03:35:30.187978+09:00,장지역,장지역,POI048,KEY_1,1230001401,송파대로,1230014402,장지역사거리,127.1259062230151216_37.4793401788441329,1230013501,장지교앞,127.1270852807920164_37.4763914485074707,345.0,15.0,서행,127.1270852807920164_37.4763914485074707|127.1269898196586183_37.4769315164777552|127.1268453664058029_37.4773510462986437|127.1267311217031448_37.4776302528188054|127.1259062230151216_37.4793401788441329
2026-09-04T03:35:30.187978+09:00,장지역,장지역,POI048,KEY_1,1230001402,송파대로,1230299900,문정동 250-13,127.1254555029657922_37.4802542605031093,1230014401,장지역사거리,127.1258570426893897_37.4794409654952076,97.0,32.0,원활,127.1258570426893897_37.4794409654952076|127.1254555029657922_37.4802542605031093
2026-09-04T03:35:30.187978+09:00,장지역,장지역,POI048,KEY_1,1230001501,분당수서로,1230421500,최소노드배치점,127.1179952551913601_37.4777917867211272,1220015902,강남구-송파구,127.1125492606370528_37.4828096944516744,765.0,75.7,원활,127.1125492606370528_37.4828096944516744|127.1132128994780004_37.4826811137614868|127.1134929519644601_37.4826040962937412|127.1138131990407345_37.4824883573599479|127.1140990774141670_37.4823548017758341|127.1143755440086665_37.4822075358555367|127.1146615632740549_37.4820106802260398|127.1148953465730642_37.4818309677371317|127.1151103742952415_37.4816381525698290|127.1152902785904359_37.4814418276170329|127.1156015206883723_37.4810510011883409|127.1163127896964369_37.4800714230576233|127.1178486500348725_37.4779922243427137|127.1179952551913601_37.4777917867211272
2026-09-04T03:35:30.187978+09:00,장지역,장지역,POI048,KEY_1,1230001601,분당수서로,1230421600,최소노드배치점,127.1181319981646709_37.4778553114959649,1230000100,한국지역난방공사강남동남권열원,127.1224581721023839_37.4719375362209703,760.0,80.3,원활,127.1224581721023839_37.4719375362209703|127.1216206648475975_37.4730852461134063|127.1181319981646709_37.4778553114959649
2026-09-04T03:35:30.187978+09:00,장지역,장지역,POI048,KEY_1,1230005800,새말로8길,1230296400,문정동 72-6,127.1267939561596876_37.4806959462897851,1230014701,장지동 839,127.1269309130754692_37.4797546600969440,105.0,25.0,원활,127.1269309130754692_37.4797546600969440|127.1268144591286671_37.4805550336894981|127.1267939561596876_37.4806959462897851
2026-09-04T03:35:30.187978+09:00,장지역,장지역,POI048,KEY_1,1230042602,연화로,1230124404,서울동남권물류단지정문,127.1233157925686896_37.4763349610710108,1230013703,장지동 245-50,127.1233993079223552_37.4767322362474857,45.0,7.0,정체,127.1233993079223552_37.4767322362474857|127.1233157925686896_37.4763349610710108
2026-09-04T03:35:30.187978+09:00,장지역,장지역,POI048,KEY_1,1230042702,연화로,1230013702,장지동 237-15,127.1235332577449526_37.4767143506205329,1230124401,서울동남권물류단지정문,127.1234501559201675_37.4763136369767267,45.0,25.0,원활,127.1234501559201675_37.4763136369767267|127.1235332577449526_37.4767143506205329
2026-09-04T03:35:30.187978+09:00,장지역,장지역,POI048,KEY_1,1230042800,송파대로6길,1230013603,탄천길-거여동길삼거리,127.1277333387761388_37.4763585124254632,1230013502,장지교앞,127.1271033322769028_37.4762702251211408,59.0,28.0,원활,127.1271033322769028_37.4762702251211408|127.1272754956391395_37.4763642806537476|127.1273738808052798_37.4763815938462415|127.1277333387761388_37.4763585124254632
2026-09-04T03:35:30.187978+09:00,장지역,장지역,POI048,KEY_1,1230042900,송파대로6길,1230013501,장지교앞,127.1270852807920164_37.4763914485074707,1230013604,탄천길-거여동길삼거리,127.1277442341634156_37.4764662840414218,61.0,30.0,원활,127.1277442341634156_37.4764662840414218|127.1273644970251695_37.4764906684154653|127.1272205203625134_37.4764653321716281|127.1270852807920164_37.4763914485074707
2026-09-04T03:35:30.187978+09:00,장지역,장지역,POI048,KEY_1,1230043000,충민로2길,1230013604,탄천길-거여동길삼거리,127.1277442341634156_37.4764662840414218,1230013903,장지동 839-5,127.1276159253911260_37.4772523095836974,88.0,18.0,서행,127.1276159253911260_37.4772523095836974|127.1277442341634156_37.4764662840414218
2026-09-04T03:35:30.187978+09:00,장지역,장지역,POI048,KEY_1,1230043100,충민로2길,1230013902,장지동 839-5,127.1277504577886788_37.4772662580162432,1230013601,탄천길-거여동길삼거리,127.1278814912486723_37.4764635389202070,90.0,20.0,서행,127.1278814912486723_37.4764635389202070|127.1277504577886788_37.4772662580162432
2026-09-04T03:35:30.187978+09:00,장지역,장지역,POI048,KEY_1,1230045300,연화로,1230014104,송파구시설관리공단,127.1232857178834763_37.4785168717931612,1230015503,송파푸르지오시티,127.1221967121438183_37.4805994669172904,250.0,18.0,서행,127.1221967121438183_37.4805994669172904|127.1226277575302817_37.4797751584865892|127.1228967411226307_37.4792607584681647|127.1232857178834763_37.4785168717931612
2026-09-04T03:35:30.187978+09:00,장지역,장지역,POI048,KEY_1,1230043200,송파대로6길,1230333200,최소노드배치점,127.1324868383645850_37.4777923748985629,1230013602,탄천길-거여동길삼거리,127.1278883144571097_37.4763555551825647,446.0,34.7,원활,127.1278883144571097_37.4763555551825647|127.1280858376613736_37.4763634824942429|127.1285921838900634_37.4763821492441167|127.1291436365430343_37.4764539745276437|127.1297487353769640_37.4765786510002030|127.1304427301450204_37.4767893933662393|127.1309160360531507_37.4769628556507612|127.1313570586968780_37.4771884590788957|127.1323252410417268_37.4776805730498737|127.1324868383645850_37.4777923748985629
2026-09-04T03:35:30.187978+09:00,장지역,장지역,POI048,KEY_1,1230043400,송파대로8길,1230298900,장지동 839-1,127.1290278801988620_37.4775853705287929,1230013902,장지동 839-5,127.1277504577886788_37.4772662580162432,118.0,15.0,서행,127.1277504577886788_37.4772662580162432|127.1287607949420249_37.4775096784668875|127.1290278801988620_37.4775853705287929
2026-09-04T03:35:30.187978+09:00,장지역,장지역,POI048,KEY_1,1230043600,연화로,1230013704,장지동 237-15,127.1234173733339787_37.4768337565781380,1230014103,송파구시설관리공단,127.1233342566863200_37.4784159063536961,179.0,42.5,원활,127.1233342566863200_37.4784159063536961|127.1234362064992922_37.4781841447336674|127.1235101220011785_37.4779506962681666|127.1235313119918544_37.4777830170718289|127.1235222173797297_37.4775671051813575|127.1234173733339787_37.4768337565781380
2026-09-04T03:35:30.187978+09:00,장지역,장지역,POI048,KEY_1,1230043700,연화로,1230014102,송파구시설관리공단,127.1234596003036614_37.4784577788928175,1230013701,장지동 237-15,127.1235521664017654_37.4768215165913574,185.0,9.0,정체,127.1235521664017654_37.4768215165913574|127.1236576258426680_37.4775591590069013|127.1236672090848288_37.4777866366277266|127.1236441065318843_37.4779694412846567|127.1235662560414994_37.4782153197619934|127.1234596003036614_37.4784577788928175
2026-09-04T03:35:30.187978+09:00,장지역,장지역,POI048,KEY_1,1230043800,충민로,1230014103,송파구시설관리공단,127.1233342566863200_37.4784159063536961,1230014303,장사약수터길삼거리,127.1190537152588860_37.4792653210820248,426.0,17.0,서행,127.1190537152588860_37.4792653210820248|127.1193253571912578_37.4789185003177110|127.1195660327592236_37.4787293091517455|127.1197712170566376_37.4786086616826779|127.1200966017663205_37.4784617886132381|127.1204418459357868_37.4783543847228273|127.1207477690774681_37.4782961502269245|127.1216023481827051_37.4781836478253325|127.1216426525138559_37.4781783417377312|127.1220272639370421_37.4781536638628836|127.1223740280481138_37.4781655877837707|127.1227327249021499_37.4782297459976235|127.1233342566863200_37.4784159063536961
2026-09-04T03:35:30.187978+09:00,장지역,장지역,POI048,KEY_1,1230043900,충민로,1230014302,장사약수터길삼거리,127.1191688048404274_37.4793225720070069,1230014104,송파구시설관리공단,127.1232857178834763_37.4785168717931612,410.0,28.0,원활,127.1232857178834763_37.4785168717931612|127.1226930928552150_37.4783334680546858|127.1223561087756622_37.4782731931130684|127.1220297938946544_37.4782619724335149|127.1216591802877645_37.4782857520148340|127.1216244598273875_37.4782903229969904|127.1207746177764477_37.4784022021694767|127.1204824637599415_37.4784578151749841|127.1201549987457469_37.4785596887315293|127.1198451885996974_37.4786995309083579|127.1196543930949474_37.4788117178767379|127.1194319941749598_37.4789865430828897|127.1191688048404274_37.4793225720070069
2026-09-04T03:35:30.187978+09:00,장지역,장지역,POI048,KEY_1,1230044000,충민로2길,1230013904,장지동 839-5,127.1275907972595007_37.4773387947976460,1230014703,장지동 839,127.1268161875644154_37.4796071303601366,262.0,19.0,서행,127.1268161875644154_37.4796071303601366|127.1268580538282151_37.4793302454993480|127.1269073471221134_37.4789978870295073|127.1270523166961794_37.4785330927124036|127.1273393673819498_37.4779625279796278|127.1275907972595007_37.4773387947976460
2026-09-04T03:35:30.187978+09:00,장지역,장지역,POI048,KEY_1,1230044100,충민로2길,1230014702,장지동 839,127.1269471586656010_37.4796447029341593,1230013901,장지동 839-5,127.1277199617084079_37.4773718646166003,263.0,8.0,정체,127.1277199617084079_37.4773718646166003|127.1274670703135570_37.4779992271313063|127.1271817218920717_37.4785664097527587|127.1270410744192105_37.4790173501728816|127.1269927676274278_37.4793430590934662|127.1269471586656010_37.4796447029341593
2026-09-04T03:35:30.187978+09:00,장지역,장지역,POI048,KEY_1,1230044200,충민로,1230014403,장지역사거리,127.1257807374389159_37.4792989981545901,1230014102,송파구시설관리공단,127.1234596003036614_37.4784577788928175,226.0,34.3,원활,127.1234596003036614_37.4784577788928175|127.1257807374389159_37.4792989981545901
2026-09-04T03:35:30.187978+09:00,장지역,장지역,POI048,KEY_1,1230044300,충민로,1230014101,송파구시설관리공단,127.1234107446050103_37.4785588491623827,1230014404,장지역사거리,127.1257315074845877_37.4793999327968521,226.0,10.0,정체,127.1257315074845877_37.4793999327968521|127.1234107446050103_37.4785588491623827
2026-09-04T03:35:30.187978+09:00,장지역,장지역,POI048,KEY_1,1230044400,새말로,1230014203,탄천길사거리,127.1170757806192455_37.4794846455472168,1220014801,강남구-송파구,127.1154931512342046_37.4788010034456249,159.0,9.0,정체,127.1154931512342046_37.4788010034456249|127.1170757806192455_37.4794846455472168
2026-09-04T03:35:30.187978+09:00,장지역,장지역,POI048,KEY_1,1230044500,새말로,1220014802,강남구-송파구,127.1154293096839467_37.4788964022459581,1230014204,탄천길사거리,127.1170049036088585_37.4795773073683449,159.0,16.0,서행,127.1170049036088585_37.4795773073683449|127.1154293096839467_37.4788964022459581
2026-09-04T03:35:30.187978+09:00,장지역,장지역,POI048,KEY_1,1230045100,충민로,1230014703,장지동 839,127.1268161875644154_37.4796071303601366,1230014402,장지역사거리,127.1259062230151216_37.4793401788441329,86.0,28.5,원활,127.1259062230151216_37.4793401788441329|127.1265755733222278_37.4795365434929337|127.1268161875644154_37.4796071303601366
2026-09-04T03:35:30.187978+09:00,장지역,장지역,POI048,KEY_1,1230045400,연화로,1230394900,문정동 619,127.1230219721752803_37.4793023481707124,1230014101,송파구시설관리공단,127.1234107446050103_37.4785588491623827,89.0,23.0,서행,127.1234107446050103_37.4785588491623827|127.1230219721752803_37.4793023481707124
2026-09-04T03:35:30.187978+09:00,장지역,장지역,POI048,KEY_1,1230045500,새말로,1230014903,문정동 305-24,127.1185527755407065_37.4801009985019888,1230014202,탄천길사거리,127.1171956964571308_37.4795355088390565,135.0,34.0,원활,127.1171956964571308_37.4795355088390565|127.1185527755407065_37.4801009985019888
2026-09-04T03:35:30.187978+09:00,장지역,장지역,POI048,KEY_1,1230045600,새말로,1230014201,탄천길사거리,127.1171248775366536_37.4796282212593681,1230014904,문정동 305-24,127.1184941078168151_37.4801985694631412,137.0,23.0,서행,127.1184941078168151_37.4801985694631412|127.1171248775366536_37.4796282212593681
2026-09-04T03:35:30.187978+09:00,장지역,장지역,POI048,KEY_1,1230045700,충민로,1230014304,장사약수터길삼거리,127.1189810465568542_37.4793717077558455,1230014903,문정동 305-24,127.1185527755407065_37.4801009985019888,89.0,17.0,서행,127.1185527755407065_37.4801009985019888|127.1189810465568542_37.4793717077558455
2026-09-04T03:35:30.187978+09:00,장지역,장지역,POI048,KEY_1,1230045800,충민로,1230014902,문정동 305-24,127.1186727562944725_37.4801517654565046,1230014301,장사약수터길삼거리,127.1191039257759741_37.4794175370043092,90.0,24.0,서행,127.1191039257759741_37.4794175370043092|127.1186727562944725_37.4801517654565046
2026-09-04T03:35:30.187978+09:00,장지역,장지역,POI048,KEY_1,1230046000,충민로,1230015003,문현중학교,127.1287597899418103_37.4802465402684959,1230014702,장지동 839,127.1269471586656010_37.4796447029341593,174.0,18.0,서행,127.1269471586656010_37.4796447029341593|127.1279022447124447_37.4799089837245560|127.1281896020368549_37.4800103907757389|127.1287597899418103_37.4802465402684959
2026-09-04T03:35:30.187978+09:00,장지역,장지역,POI048,KEY_1,1230046100,충민로,1230014701,장지동 839,127.1269309130754692_37.4797546600969440,1230015004,문현중학교,127.1286972266236717_37.4803424793124478,170.0,21.0,서행,127.1286972266236717_37.4803424793124478|127.1281307967186649_37.4801078860251593|127.1278524440417073_37.4800096559568630|127.1269309130754692_37.4797546600969440
2026-09-04T03:35:30.187978+09:00,장지역,장지역,POI048,KEY_1,1230046400,연화로.충민로.사이길,1230015503,송파푸르지오시티,127.1221967121438183_37.4805994669172904,1230014302,장사약수터길삼거리,127.1191688048404274_37.4793225720070069,303.0,10.0,정체,127.1191688048404274_37.4793225720070069|127.1221967121438183_37.4805994669172904
2026-09-04T03:35:30.187978+09:00,장지역,장지역,POI048,KEY_1,1230046500,연화로.충민로.사이길,1230014301,장사약수터길삼거리,127.1191039257759741_37.4794175370043092,1230015504,송파푸르지오시티,127.1221468633931693_37.4807007713791833,305.0,11.0,정체,127.1221468633931693_37.4807007713791833|127.1191039257759741_37.4794175370043092
2026-09-04T03:35:30.187978+09:00,장지역,장지역,POI048,KEY_1,1230047400,새말로,1230015804,밤고개로서20길삼거리,127.1217875816867036_37.4814919999727252,1230014902,문정동 305-24,127.1186727562944725_37.4801517654565046,313.0,42.0,원활,127.1186727562944725_37.4801517654565046|127.1217875816867036_37.4814919999727252
2026-09-04T03:35:30.187978+09:00,장지역,장지역,POI048,KEY_1,1230047500,새말로,1230014901,문정동 305-24,127.1186139676453024_37.4802493435114243,1230015805,밤고개로서20길삼거리,127.1217373057993996_37.4815932409139592,314.0,46.0,원활,127.1217373057993996_37.4815932409139592|127.1186139676453024_37.4802493435114243
2026-09-04T03:35:30.187978+09:00,장지역,장지역,POI048,KEY_1,1230047800,연화로,1230015504,송파푸르지오시티,127.1221468633931693_37.4807007713791833,1230015804,밤고개로서20길삼거리,127.1217875816867036_37.4814919999727252,93.0,21.0,서행,127.1217875816867036_37.4814919999727252|127.1221468633931693_37.4807007713791833
2026-09-04T03:35:30.187978+09:00,장지역,장지역,POI048,KEY_1,1230047900,연화로,1230015803,밤고개로서20길삼거리,127.1219083492408828_37.4815437880296969,1230015501,송파푸르지오시티,127.1222744406843645_37.4807375620832630,95.0,15.0,서행,127.1222744406843645_37.4807375620832630|127.1219083492408828_37.4815437880296969
2026-09-04T03:35:30.187978+09:00,장지역,장지역,POI048,KEY_1,1230048400,새말로,1230000803,건영아파트앞교차로,127.1241917169870135_37.4825185713341327,1230015803,밤고개로서20길삼거리,127.1219083492408828_37.4815437880296969,229.0,23.0,서행,127.1219083492408828_37.4815437880296969|127.1241917169870135_37.4825185713341327
2026-09-04T03:35:30.187978+09:00,장지역,장지역,POI048,KEY_1,1230048500,새말로,1230015802,밤고개로서20길삼거리,127.1218571774554107_37.4816446003187878,1230000804,건영아파트앞교차로,127.1241405649993226_37.4826193915541808,229.0,16.0,서행,127.1241405649993226_37.4826193915541808|127.1218571774554107_37.4816446003187878
2026-09-04T03:35:30.187978+09:00,장지역,장지역,POI048,KEY_1,1230247800,탄천동로,1230420800,최소노드배치점,127.1146713685735676_37.4826610947263958,1230014201,탄천길사거리,127.1171248775366536_37.4796282212593681,401.0,24.0,서행,127.1171248775366536_37.4796282212593681|127.1167525544109509_37.4801117059112485|127.1161770444327885_37.4809168351454147|127.1161191890283391_37.4809899385842584|127.1155458448990601_37.4817037128635135|127.1152669905840753_37.4820456224007401|127.1152363650561767_37.4820792986307580|127.1151146958633547_37.4822117411272160|127.1149789575418367_37.4823594972106093|127.1147740271956081_37.4825529438264056|127.1146713685735676_37.4826610947263958
2026-09-04T03:35:30.187978+09:00,장지역,장지역,POI048,KEY_1,1230248500,탄천동로,1230375500,장지동 803-17,127.1181031005176578_37.4781145686661574,1230014203,탄천길사거리,127.1170757806192455_37.4794846455472168,177.0,25.0,원활,127.1170757806192455_37.4794846455472168|127.1180265406988070_37.4782185568334825|127.1181031005176578_37.4781145686661574
2026-09-04T03:35:30.187978+09:00,장지역,장지역,POI048,KEY_1,1230248700,탄천동로,1230014202,탄천길사거리,127.1171956964571308_37.4795355088390565,1230123704,서울동남권물류단지주차장,127.1193655629786292_37.4770488690804982,341.0,13.0,정체,127.1193655629786292_37.4770488690804982|127.1192176397203184_37.4770948524548828|127.1191219842944946_37.4771385757909812|127.1190138353558154_37.4771996137119245|127.1189207250191515_37.4772650360259618|127.1188817639093287_37.4772964411607887|127.1188161190561345_37.4773597409083479|127.1182201131985749_37.4781692847559782|127.1181432556636111_37.4782736774438590|127.1171956964571308_37.4795355088390565
2026-09-04T03:35:30.187978+09:00,장지역,장지역,POI048,KEY_1,1230425600,정의로,1230014904,문정동 305-24,127.1184941078168151_37.4801985694631412,1230184911,동부지방검찰청,127.1177787191544013_37.4813590263818668,143.0,16.0,서행,127.1177787191544013_37.4813590263818668|127.1184941078168151_37.4801985694631412
2026-09-04T03:35:30.187978+09:00,장지역,장지역,POI048,KEY_1,1230425700,정의로,1230184910,동부지방검찰청,127.1179004908147476_37.4814067018039268,1230014901,문정동 305-24,127.1186139676453024_37.4802493435114243,143.0,14.0,정체,127.1186139676453024_37.4802493435114243|127.1179004908147476_37.4814067018039268
2026-09-04T03:35:30.187978+09:00,장지역,장지역,POI048,KEY_1,1230427001,법원로,1230015805,밤고개로서20길삼거리,127.1217373057993996_37.4815932409139592,1230185306,동부지방법원,127.1210112080073174_37.4829087878924270,160.0,35.5,원활,127.1210112080073174_37.4829087878924270|127.1212677420882216_37.4824440038667817|127.1213224066118954_37.4823449628596492|127.1217373057993996_37.4815932409139592
2026-09-04T03:35:30.187978+09:00,장지역,장지역,POI048,KEY_1,1230427101,법원로,1230015807,문정동319-1,127.1214465998811392_37.4823884944289816,1230015802,밤고개로서20길삼거리,127.1218571774554107_37.4816446003187878,90.0,19.0,서행,127.1218571774554107_37.4816446003187878|127.1214465998811392_37.4823884944289816
2026-09-04T03:35:30.187978+09:00,장지역,장지역,POI048,KEY_1,1230438201,송파대로,1230188703,문정동 315-2,127.1239479110468551_37.4833301900742271,1230000801,건영아파트앞교차로,127.1242682197490410_37.4826573644086594,80.0,14.0,정체,127.1242682197490410_37.4826573644086594|127.1239479110468551_37.4833301900742271
2026-09-04T03:35:30.187978+09:00,장지역,장지역,POI048,KEY_1,1230438301,새말로,1230327100,문정동 84-3,127.1259819311826931_37.4827316505952481,1230000802,건영아파트앞교차로,127.1243177664718189_37.4825585751717796,149.0,9.0,정체,127.1243177664718189_37.4825585751717796|127.1243842051824231_37.4825708307456225|127.1246498140282881_37.4826099825514021|127.1248481535320849_37.4826309321312081|127.1249286523521533_37.4826394333383135|127.1254973878396299_37.4826864711153576|127.1259819311826931_37.4827316505952481
2026-09-04T03:35:30.187978+09:00,장지역,장지역,POI048,KEY_1,1230438401,새말로,1230000801,건영아파트앞교차로,127.1242682197490410_37.4826573644086594,1230188805,문정동 84-3,127.1248318838255074_37.4827287527277306,51.0,3.0,정체,127.1248318838255074_37.4827287527277306|127.1245839423819461_37.4827061067117739|127.1243211560425834_37.4826680897622992|127.1242682197490410_37.4826573644086594
2026-09-04T03:35:30.187978+09:00,장지역,장지역,POI048,KEY_1,1230438701,송파대로,1230000804,건영아파트앞교차로,127.1241405649993226_37.4826193915541808,1230000904,문정역앞교차로,127.1223889164570693_37.4860786985646115,414.0,49.5,원활,127.1223889164570693_37.4860786985646115|127.1226010302328149_37.4856577894584291|127.1232300538723479_37.4844095529361496|127.1237511840044618_37.4833753865404802|127.1238001516343417_37.4832819812932385|127.1241405649993226_37.4826193915541808
2026-09-04T03:35:30.187978+09:00,장한평역,장한평역,POI049,KEY_2,1030011902,가람길,1030150700,송정동 73-12,127.0660636492249154_37.5554419149221985,1030023702,용답동 240-2,127.0681080518610599_37.5580381286833358,341.0,40.5,원활,127.0681080518610599_37.5580381286833358|127.0680833790954125_37.5579632071763214|127.0675268791300141_37.5572382691045874|127.0672521834545563_37.5569128883798982|127.0665358814266312_37.5560316575065158|127.0660636492249154_37.5554419149221985
2026-09-04T03:35:30.187978+09:00,장한평역,장한평역,POI049,KEY_2,1030011903,가람길,1030023702,용답동 240-2,127.0681080518610599_37.5580381286833358,1030025002,용답동 240-2,127.0699220168489063_37.5597832874840591,252.0,34.0,원활,127.0699220168489063_37.5597832874840591|127.0693178888312502_37.5592051592301885|127.0681596352914227_37.5581094941159748|127.0681080518610599_37.5580381286833358
2026-09-04T03:35:30.187978+09:00,장한평역,장한평역,POI049,KEY_2,1030011904,가람길,1030025001,용답동 240-1,127.0700092988272303_37.5598645946951990,1030025802,성동구-동대문구,127.0706640715975624_37.5605166515404463,93.0,13.0,정체,127.0706640715975624_37.5605166515404463|127.0705722364046579_37.5603898954754172|127.0704683779562885_37.5602825803238645|127.0700092988272303_37.5598645946951990
2026-09-04T03:35:30.187978+09:00,장한평역,장한평역,POI049,KEY_2,1030012002,가람길,1030025801,성동구-동대문구,127.0707817230801879_37.5604626329549873,1030023701,용답동 240-4,127.0682330886596105_37.5579990528862595,355.0,35.0,원활,127.0682330886596105_37.5579990528862595|127.0682713264218222_37.5580472346584813|127.0694220521514950_37.5591357771302228|127.0700648947949958_37.5597509782769521|127.0705733957858143_37.5602139373299835|127.0706853580158793_37.5603296259075634|127.0707817230801879_37.5604626329549873
2026-09-04T03:35:30.187978+09:00,장한평역,장한평역,POI049,KEY_2,1030017102,천호대로,1030029003,서울교통공사교차로,127.0578745193384265_37.5629294913580480,1030029503,용답동주민센터,127.0564081740788112_37.5640263140196851,178.0,34.0,원활,127.0564081740788112_37.5640263140196851|127.0568949124193523_37.5636634045143367|127.0578745193384265_37.5629294913580480
2026-09-04T03:35:30.187978+09:00,장한평역,장한평역,POI049,KEY_2,1030042100,자동차시장1길,1030025002,용답동 240-2,127.0699220168489063_37.5597832874840591,1030025602,용답동 239-5,127.0694795460457556_37.5601914548097326,61.0,11.0,정체,127.0694795460457556_37.5601914548097326|127.0695305735004013_37.5600964768313617|127.0696184689939514_37.5600157840238040|127.0699220168489063_37.5597832874840591
2026-09-04T03:35:30.187978+09:00,장한평역,장한평역,POI049,KEY_2,1030042200,자동차시장1길,1030025601,용답동 239-5,127.0696120309735733_37.5602198077237688,1030025001,용답동 240-1,127.0700092988272303_37.5598645946951990,53.0,22.0,서행,127.0700092988272303_37.5598645946951990|127.0697171805729795_37.5600901967641434|127.0696470980665111_37.5601545368586756|127.0696120309735733_37.5602198077237688
2026-09-04T03:35:30.187978+09:00,장한평역,장한평역,POI049,KEY_2,1030042700,자동차시장3길,1030080700,용답동 239-3,127.0626580313124947_37.5609577004758961,1030027803,삼우빌딩,127.0628177151623248_37.5616798556884603,81.0,12.0,정체,127.0628177151623248_37.5616798556884603|127.0626580313124947_37.5609577004758961
2026-09-04T03:35:30.187978+09:00,장한평역,장한평역,POI049,KEY_2,1030042800,자동차시장3길,1030080600,용답동 239-3,127.0627917926856298_37.5609389568733505,1030038000,장한평역7번출구,127.0642965515912124_37.5607284470047276,236.0,56.0,원활,127.0642965515912124_37.5607284470047276|127.0642919871739025_37.5606456812307528|127.0642121002419458_37.5602787658555144|127.0626960956658564_37.5605061731907739|127.0627917926856298_37.5609389568733505
2026-09-04T03:35:30.187978+09:00,장한평역,장한평역,POI049,KEY_2,1030042900,동부간선도로,1030025100,군자교,127.0694914376022950_37.5589895207302717,1030025900,군자교,127.0701175317999514_37.5606705619671146,245.0,38.0,서행,127.0701175317999514_37.5606705619671146|127.0701588230862740_37.5606421344186856|127.0703302081732744_37.5605330560024129|127.0704744811331182_37.5604501125154187|127.0705707399724815_37.5603813026632807|127.0706430880468929_37.5603028663759204|127.0706644954758104_37.5602266292418747|127.0706589284612562_37.5601526796620746|127.0706174413148659_37.5600738294254697|127.0705369816159589_37.5599996065564454|127.0701675448919445_37.5596453078755275|127.0696728701305318_37.5591903883753986|127.0694914376022950_37.5589895207302717
2026-09-04T03:35:30.187978+09:00,장한평역,장한평역,POI049,KEY_2,1030043000,천호대로,1030025900,군자교,127.0701175317999514_37.5606705619671146,1030025601,용답동 239-5,127.0696120309735733_37.5602198077237688,75.0,21.0,서행,127.0696120309735733_37.5602198077237688|127.0696067747692268_37.5603510950565536|127.0696425209936535_37.5604426666000180|127.0696971621084259_37.5605078953501774|127.0697978344584129_37.5605650500695276|127.0699303168950109_37.5606141201434482|127.0701175317999514_37.5606705619671146
2026-09-04T03:35:30.187978+09:00,장한평역,장한평역,POI049,KEY_2,1030043100,자동차시장1길,1030025602,용답동 239-5,127.0694795460457556_37.5601914548097326,1030026100,라이온스협회,127.0691306361139681_37.5608034688155001,81.0,35.3,원활,127.0691306361139681_37.5608034688155001|127.0694073891156535_37.5606186787137730|127.0694528594828796_37.5605343709423138|127.0694836450661569_37.5604530829262657|127.0694884192480600_37.5603472850821021|127.0694795460457556_37.5601914548097326
2026-09-04T03:35:30.187978+09:00,장한평역,장한평역,POI049,KEY_2,1030043600,천호대로,1030027202,장한평역교차로,127.0646338799710691_37.5614219416917337,1030026000,장한평역6번출구,127.0644306438098852_37.5607147328150148,81.0,6.0,정체,127.0644306438098852_37.5607147328150148|127.0646338799710691_37.5614219416917337
2026-09-04T03:35:30.187978+09:00,장한평역,장한평역,POI049,KEY_2,1030043700,천호대로,1030038000,장한평역7번출구,127.0642965515912124_37.5607284470047276,1030027203,장한평역교차로,127.0645000404244058_37.5614407132058119,81.0,36.0,원활,127.0645000404244058_37.5614407132058119|127.0642965515912124_37.5607284470047276
2026-09-04T03:35:30.187978+09:00,장한평역,장한평역,POI049,KEY_2,1030043800,천호대로,1030026700,장한평역4번출구,127.0656589832994428_37.5612806361296876,1030026000,장한평역6번출구,127.0644306438098852_37.5607147328150148,137.0,18.0,서행,127.0644306438098852_37.5607147328150148|127.0644883447035483_37.5608696060678895|127.0645396457863825_37.5609422560306925|127.0650642651593358_37.5612257396806299|127.0652499748754849_37.5612756983665648|127.0656589832994428_37.5612806361296876
2026-09-04T03:35:30.187978+09:00,장한평역,장한평역,POI049,KEY_2,1030044400,천호대로,1030038000,장한평역7번출구,127.0642965515912124_37.5607284470047276,1030027300,장한평역,127.0636749913523147_37.5615582305417988,115.0,12.0,정체,127.0636749913523147_37.5615582305417988|127.0639414383298202_37.5614051441747350|127.0643184084713226_37.5609949102709848|127.0643323818184314_37.5609211146359243|127.0642965515912124_37.5607284470047276
2026-09-04T03:35:30.187978+09:00,장한평역,장한평역,POI049,KEY_2,1030045300,자동차시장길,1030029002,서울교통공사교차로,127.0579838383515892_37.5628589219914772,1030028401,용답동 223-7,127.0575234094467589_37.5620294127739029,101.0,5.0,정체,127.0575234094467589_37.5620294127739029|127.0579838383515892_37.5628589219914772
2026-09-04T03:35:30.187978+09:00,장한평역,장한평역,POI049,KEY_2,1030045700,자동차시장길,1030028404,용답동 223-19,127.0573991760311685_37.5620731101225971,1030029003,서울교통공사교차로,127.0578745193384265_37.5629294913580480,104.0,15.0,서행,127.0578745193384265_37.5629294913580480|127.0573991760311685_37.5620731101225971
2026-09-04T03:35:30.187978+09:00,장한평역,장한평역,POI049,KEY_2,1030067701,자동차시장1길,1030042902,용답동 239-2,127.0592655428368971_37.5614411693530243,1030042802,용답동 249-21,127.0586601470560026_37.5584360317965817,338.0,21.0,서행,127.0586601470560026_37.5584360317965817|127.0592655428368971_37.5614411693530243
2026-09-04T03:35:30.187978+09:00,장한평역,장한평역,POI049,KEY_2,1030067801,자동차시장1길,1030042805,용답동 249-21,127.0585192522324434_37.5584540194234151,1030042903,용답동 239-2,127.0591555949161631_37.5614569664410283,338.0,22.0,서행,127.0591555949161631_37.5614569664410283|127.0589707952441216_37.5606568616105108|127.0587149008319727_37.5594097878991775|127.0585192522324434_37.5584540194234151
2026-09-04T03:35:30.187978+09:00,장한평역,장한평역,POI049,KEY_2,1030067901,천호대로,1030042903,용답동 239-2,127.0591555949161631_37.5614569664410283,1050037604,용답동 224-1,127.0593516529250167_37.5622234716224668,87.0,20.0,서행,127.0593516529250167_37.5622234716224668|127.0591555949161631_37.5614569664410283
2026-09-04T03:35:30.187978+09:00,장한평역,장한평역,POI049,KEY_2,1030068001,천호대로,1050037603,용답동 224-1,127.0594543668739362_37.5621991150526071,1030042902,용답동 239-2,127.0592655428368971_37.5614411693530243,86.0,19.0,서행,127.0592655428368971_37.5614411693530243|127.0594543668739362_37.5621991150526071
2026-09-04T03:35:30.187978+09:00,장한평역,장한평역,POI049,KEY_2,1030068101,천호대로,1030028202,속성변화점,127.0611684529429226_37.5619230648949838,1050037603,용답동 224-1,127.0594543668739362_37.5621991150526071,155.0,34.0,원활,127.0594543668739362_37.5621991150526071|127.0599505289799538_37.5621043679588453|127.0605582898425752_37.5620063564312687|127.0610367609639724_37.5619418819347644|127.0611684529429226_37.5619230648949838
2026-09-04T03:35:30.187978+09:00,장한평역,장한평역,POI049,KEY_2,1050003701,천호대로,1030026700,장한평역4번출구,127.0656589832994428_37.5612806361296876,1030027202,장한평역교차로,127.0646338799710691_37.5614219416917337,92.0,39.5,원활,127.0646338799710691_37.5614219416917337|127.0656589832994428_37.5612806361296876
2026-09-04T03:35:30.187978+09:00,장한평역,장한평역,POI049,KEY_2,1050003702,천호대로,1030142800,용답동 224-4,127.0664727944246266_37.5611684491970195,1030026700,장한평역4번출구,127.0656589832994428_37.5612806361296876,73.0,36.5,원활,127.0656589832994428_37.5612806361296876|127.0664727944246266_37.5611684491970195
2026-09-04T03:35:30.187978+09:00,장한평역,장한평역,POI049,KEY_2,1050003703,천호대로,1030025900,군자교,127.0701175317999514_37.5606705619671146,1030026100,라이온스협회,127.0691306361139681_37.5608034688155001,88.0,51.0,원활,127.0691306361139681_37.5608034688155001|127.0701175317999514_37.5606705619671146
2026-09-04T03:35:30.187978+09:00,장한평역,장한평역,POI049,KEY_2,1050003704,천호대로,1050000102,군자교(서측),127.0711993828658564_37.5603647197320356,1030025900,군자교,127.0701175317999514_37.5606705619671146,102.0,50.0,원활,127.0701175317999514_37.5606705619671146|127.0704641978875031_37.5606175571749645|127.0705054805498690_37.5606077738345903|127.0706494170174636_37.5605736634553082|127.0708085808709313_37.5605205660757449|127.0711993828658564_37.5603647197320356
2026-09-04T03:35:30.187978+09:00,장한평역,장한평역,POI049,KEY_2,1050003801,천호대로,1030027201,장한평역교차로,127.0646811371104974_37.5615251565540902,1030027100,장한평역4번출구,127.0656821580608806_37.5613871696903487,90.0,30.0,원활,127.0656821580608806_37.5613871696903487|127.0646811371104974_37.5615251565540902
2026-09-04T03:35:30.187978+09:00,장한평역,장한평역,POI049,KEY_2,1050003802,천호대로,1050182700,장안동 472-2,127.0681955840067872_37.5610410993414305,1030026300,라이온스협회,127.0691536413907556_37.5609100252266259,86.0,30.0,원활,127.0691536413907556_37.5609100252266259|127.0681955840067872_37.5610410993414305
2026-09-04T03:35:30.187978+09:00,장한평역,장한평역,POI049,KEY_2,1050003803,천호대로,1030026300,라이온스협회,127.0691536413907556_37.5609100252266259,1030026200,군자교,127.0705442307436215_37.5607113995430026,125.0,49.0,원활,127.0705442307436215_37.5607113995430026|127.0704971680179369_37.5607225522591150|127.0702565777095998_37.5607614916846231|127.0691536413907556_37.5609100252266259
2026-09-04T03:35:30.187978+09:00,장한평역,장한평역,POI049,KEY_2,1050003804,천호대로,1030026200,군자교,127.0705442307436215_37.5607113995430026,1050000101,군자교(서측),127.0712602140736749_37.5604613880901894,69.0,25.0,원활,127.0712602140736749_37.5604613880901894|127.0708653074909336_37.5606188704233190|127.0706951706114012_37.5606756288918504|127.0705442307436215_37.5607113995430026
2026-09-04T03:35:30.187978+09:00,장한평역,장한평역,POI049,KEY_2,1050004101,장안벚꽃로,1030025802,성동구-동대문구,127.0706640715975624_37.5605166515404463,1050006202,스타PARK아파트,127.0710770045332794_37.5612054138542319,85.0,36.3,원활,127.0710770045332794_37.5612054138542319|127.0710244567467413_37.5610846116788082|127.0708417416250740_37.5607618772411485|127.0706640715975624_37.5605166515404463
2026-09-04T03:35:30.187978+09:00,장한평역,장한평역,POI049,KEY_2,1050004201,장안벚꽃로,1050006902,장평중삼거리,127.0727984448601973_37.5640374509294048,1030025801,성동구-동대문구,127.0707817230801879_37.5604626329549873,435.0,38.0,원활,127.0707817230801879_37.5604626329549873|127.0709627796551615_37.5607125326513867|127.0711508180029909_37.5610446682990400|127.0712256550306734_37.5612171568160065|127.0719049732423827_37.5624755506617305|127.0719083965326774_37.5624815351401935|127.0724829889732064_37.5634860028182516|127.0727984448601973_37.5640374509294048
2026-09-04T03:35:30.187978+09:00,장한평역,장한평역,POI049,KEY_2,1050004301,장한로,1030027204,장한평역교차로,127.0645425885173267_37.5615444898432358,1050006500,장한평역3번출구,127.0649900197555695_37.5622444247279859,87.0,19.0,서행,127.0649900197555695_37.5622444247279859|127.0647189347308625_37.5618452736188502|127.0645425885173267_37.5615444898432358
2026-09-04T03:35:30.187978+09:00,장한평역,장한평역,POI049,KEY_2,1050004401,장한로,1050006400,장한평역3번출구,127.0651094957785290_37.5621930039047314,1030027201,장한평역교차로,127.0646811371104974_37.5615251565540902,83.0,23.0,서행,127.0646811371104974_37.5615251565540902|127.0648403153393673_37.5617966577238533|127.0651094957785290_37.5621930039047314
2026-09-04T03:35:30.187978+09:00,장한평역,장한평역,POI049,KEY_2,1050004402,장한로,1050192900,장안동 469-11,127.0663180099621172_37.5639029871303052,1050006400,장한평역3번출구,127.0651094957785290_37.5621930039047314,218.0,28.0,원활,127.0651094957785290_37.5621930039047314|127.0651485250990049_37.5622504704536908|127.0657164059681463_37.5630528220107180|127.0663142631000824_37.5638975049516048|127.0663180099621172_37.5639029871303052
2026-09-04T03:35:30.187978+09:00,장한평역,장한평역,POI049,KEY_2,1050057700,한천로,1030029004,서울교통공사교차로,127.0579437153332236_37.5630261230406859,1050006708,부품상가삼거리,127.0586134993678229_37.5637686922705853,102.0,11.0,정체,127.0586134993678229_37.5637686922705853|127.0584755531634755_37.5636316051894639|127.0583632433165064_37.5635199943106954|127.0581120472439380_37.5632300505651315|127.0579437153332236_37.5630261230406859
2026-09-04T03:35:30.187978+09:00,장한평역,장한평역,POI049,KEY_2,1050022100,동부간선도로,1030026200,군자교,127.0705442307436215_37.5607113995430026,1050006300,군자교,127.0720004031899322_37.5621203836883524,222.0,46.3,서행,127.0720004031899322_37.5621203836883524|127.0719124162673950_37.5619998686712364|127.0717011281758602_37.5616480562349011|127.0713330110081216_37.5610610060558585|127.0711977074599162_37.5608334788595997|127.0711548207308255_37.5607894423738884|127.0710831415277795_37.5607510247067253|127.0710257228409432_37.5607336456998340|127.0709635215755213_37.5607143405057471|127.0708365577721253_37.5607043400018696|127.0706313913964181_37.5607075218010138|127.0705442307436215_37.5607113995430026
2026-09-04T03:35:30.187978+09:00,장한평역,장한평역,POI049,KEY_2,1050022200,천호대로,1030026300,라이온스협회,127.0691536413907556_37.5609100252266259,1050006102,장안동 480-18,127.0701242734518246_37.5613305352848741,114.0,13.0,정체,127.0701242734518246_37.5613305352848741|127.0700742397946641_37.5611803454351119|127.0700258934481752_37.5610683928558586|127.0699803263200351_37.5610150205068578|127.0699179915692838_37.5609654719892205|127.0698269259394664_37.5609331053207214|127.0691536413907556_37.5609100252266259
2026-09-04T03:35:30.187978+09:00,장한평역,장한평역,POI049,KEY_2,1050022300,장한로6길,1050006101,장안동 480-18,127.0702429499912540_37.5612779573610780,1030026200,군자교,127.0705442307436215_37.5607113995430026,76.0,34.0,원활,127.0705442307436215_37.5607113995430026|127.0702796801526802_37.5609023226316836|127.0702126735769895_37.5609786471802849|127.0701791995159908_37.5610492304342856|127.0701954473470465_37.5611536003310675|127.0702429499912540_37.5612779573610780
2026-09-04T03:35:30.187978+09:00,장한평역,장한평역,POI049,KEY_2,1050022400,장한로6길,1050006202,스타PARK아파트,127.0710770045332794_37.5612054138542319,1050006101,장안동 480-18,127.0702429499912540_37.5612779573610780,83.0,31.0,원활,127.0702429499912540_37.5612779573610780|127.0702801463518199_37.5613311624989521|127.0703338871004888_37.5613656098335653|127.0704211455896342_37.5613866942983634|127.0705169868264193_37.5613850477364934|127.0706453297080998_37.5613572581594894|127.0710770045332794_37.5612054138542319
2026-09-04T03:35:30.187978+09:00,장한평역,장한평역,POI049,KEY_2,1050022500,장한로6길,1050006102,장안동 480-18,127.0701242734518246_37.5613305352848741,1050006201,스타PARK아파트,127.0711261546019557_37.5613063290945135,100.0,25.0,원활,127.0711261546019557_37.5613063290945135|127.0706908564927318_37.5614594480678008|127.0705365648764769_37.5614928555958727|127.0704024220371053_37.5614951602215967|127.0702692269588425_37.5614629766860162|127.0701743445387848_37.5614021572867713|127.0701242734518246_37.5613305352848741
2026-09-04T03:35:30.187978+09:00,장한평역,장한평역,POI049,KEY_2,1050022600,장한로,1050006400,장한평역3번출구,127.0651094957785290_37.5621930039047314,1030027100,장한평역4번출구,127.0656821580608806_37.5613871696903487,116.0,23.0,서행,127.0656821580608806_37.5613871696903487|127.0653729485284629_37.5614973322629879|127.0652831827717080_37.5615808178176422|127.0650499368940558_37.5619671370952375|127.0650380478297450_37.5620696509166976|127.0651094957785290_37.5621930039047314
2026-09-04T03:35:30.187978+09:00,장한평역,장한평역,POI049,KEY_2,1050022700,천호대로,1030027900,장한평역,127.0636987461977441_37.5616646830852758,1050006500,장한평역3번출구,127.0649900197555695_37.5622444247279859,136.0,30.0,원활,127.0649900197555695_37.5622444247279859|127.0648504970743886_37.5620680286746094|127.0647175295089113_37.5619649357354461|127.0640914430972686_37.5617245048653601|127.0636987461977441_37.5616646830852758
2026-09-04T03:35:30.187978+09:00,장한평역,장한평역,POI049,KEY_2,1050056700,천호대로,1030027900,장한평역,127.0636987461977441_37.5616646830852758,1030027204,장한평역교차로,127.0645425885173267_37.5615444898432358,76.0,29.0,원활,127.0645425885173267_37.5615444898432358|127.0636987461977441_37.5616646830852758
2026-09-04T03:35:30.187978+09:00,장한평역,장한평역,POI049,KEY_2,1050056800,천호대로,1030027203,장한평역교차로,127.0645000404244058_37.5614407132058119,1030027300,장한평역,127.0636749913523147_37.5615582305417988,74.0,34.0,원활,127.0636749913523147_37.5615582305417988|127.0645000404244058_37.5614407132058119
2026-09-04T03:35:30.187978+09:00,장한평역,장한평역,POI049,KEY_2,1050056900,천호대로,1030027804,속성변화점,127.0628424554379450_37.5617861664547803,1030027900,장한평역,127.0636987461977441_37.5616646830852758,77.0,27.0,원활,127.0636987461977441_37.5616646830852758|127.0629751084912300_37.5617670089779025|127.0628424554379450_37.5617861664547803
2026-09-04T03:35:30.187978+09:00,장한평역,장한평역,POI049,KEY_2,1050057000,천호대로,1030027300,장한평역,127.0636749913523147_37.5615582305417988,1030027802,삼우빌딩,127.0629513549016281_37.5616605554283538,65.0,34.0,원활,127.0629513549016281_37.5616605554283538|127.0636749913523147_37.5615582305417988
2026-09-04T03:35:30.187978+09:00,장한평역,장한평역,POI049,KEY_2,1050057100,천호대로,1030028201,삼지빌딩,127.0611931909564305_37.5620293760044888,1030027804,속성변화점,127.0628424554379450_37.5617861664547803,148.0,27.0,원활,127.0628424554379450_37.5617861664547803|127.0611931909564305_37.5620293760044888
2026-09-04T03:35:30.187978+09:00,장한평역,장한평역,POI049,KEY_2,1050057200,천호대로,1030027803,삼우빌딩,127.0628177151623248_37.5616798556884603,1030028202,속성변화점,127.0611684529429226_37.5619230648949838,148.0,34.0,원활,127.0611684529429226_37.5619230648949838|127.0628177151623248_37.5616798556884603
2026-09-04T03:35:30.187978+09:00,장한평역,장한평역,POI049,KEY_2,1050057600,한천로,1050186700,장안동 482,127.0585815604546411_37.5635640107395758,1030029001,서울교통공사교차로,127.0580467272918384_37.5629540333191940,83.0,17.0,서행,127.0580467272918384_37.5629540333191940|127.0582247213048817_37.5631696643374866|127.0584722924049856_37.5634554227117903|127.0585815604546411_37.5635640107395758
2026-09-04T03:35:30.187978+09:00,장한평역,장한평역,POI049,KEY_2,1050057800,천호대로,1030029300,국정일보,127.0569879986479975_37.5637421382279157,1030029004,서울교통공사교차로,127.0579437153332236_37.5630261230406859,116.0,29.0,원활,127.0579437153332236_37.5630261230406859|127.0569879986479975_37.5637421382279157
2026-09-04T03:35:30.187978+09:00,장한평역,장한평역,POI049,KEY_2,1050058000,한천로,1050196700,장안동 482,127.0589404032238434_37.5638901989359084,1050006706,부품상가삼거리,127.0588015705685905_37.5637757166667043,18.0,21.0,서행,127.0588015705685905_37.5637757166667043|127.0589253275586685_37.5638795739207936|127.0589404032238434_37.5638901989359084
2026-09-04T03:35:30.187978+09:00,장한평역,장한평역,POI049,KEY_2,1050058100,한천로,1050006709,부품상가삼거리,127.0587030276794707_37.5638501243244036,1050006705,답십리동217-1,127.0608648877731355_37.5653900420829316,256.0,26.0,원활,127.0608648877731355_37.5653900420829316|127.0608585785979727_37.5653846154118582|127.0601635343737428_37.5648966245898634|127.0595596446630680_37.5644710284825152|127.0588503675639771_37.5639711495952753|127.0588308591260471_37.5639574004323364|127.0587030276794707_37.5638501243244036
2026-09-04T03:35:30.187978+09:00,장한평역,장한평역,POI049,KEY_2,1050058300,황물로,1050180200,답십리동 952-2,127.0582500024359831_37.5641933476752001,1050006709,부품상가삼거리,127.0587030276794707_37.5638501243244036,55.0,19.0,서행,127.0587030276794707_37.5638501243244036|127.0582500024359831_37.5641933476752001
2026-09-04T03:35:30.187978+09:00,장한평역,장한평역,POI049,KEY_2,1050058400,황물로,1050006708,부품상가삼거리,127.0586134993678229_37.5637686922705853,1050007304,답십리5지구대,127.0572514594513081_37.5647808125362559,165.0,23.0,서행,127.0572514594513081_37.5647808125362559|127.0574015441680302_37.5646868882744229|127.0581563634882087_37.5641150296059152|127.0586134993678229_37.5637686922705853
2026-09-04T03:35:30.187978+09:00,장한평역,장한평역,POI049,KEY_2,1050060501,천호대로,1050037604,용답동 224-1,127.0593516529250167_37.5622234716224668,1030029002,서울교통공사교차로,127.0579838383515892_37.5628589219914772,141.0,30.0,원활,127.0579838383515892_37.5628589219914772|127.0583281599183607_37.5626484148036894|127.0585326584047294_37.5625320039678314|127.0586760384163370_37.5624593052762776|127.0588775323544439_37.5623721768169858|127.0591413146442079_37.5622827454154162|127.0593516529250167_37.5622234716224668
2026-09-04T03:35:30.187978+09:00,장한평역,장한평역,POI049,KEY_2,1050060701,천호대로,1030029001,서울교통공사교차로,127.0580467272918384_37.5629540333191940,1030028204,삼지빌딩,127.0610595386931436_37.5620489976538323,289.0,27.0,원활,127.0610595386931436_37.5620489976538323|127.0606213566722289_37.5621124992959707|127.0603677903037863_37.5621498628990125|127.0600291775151192_37.5622083156058935|127.0597429978717088_37.5622556964060195|127.0594898707176554_37.5623079996906881|127.0593992958180536_37.5623295887485327|127.0591519469817428_37.5623999606302093|127.0589803520694687_37.5624570624331540|127.0588427266968807_37.5625140092085132|127.0586312982700150_37.5626056078786874|127.0584595127480583_37.5626951007398233|127.0580467272918384_37.5629540333191940
2026-09-04T03:35:30.187978+09:00,천호역,천호역,POI050,KEY_3,1230091500,풍성로25길,1230423100,최소노드배치점,127.1213202475153992_37.5366159926774401,1230057202,풍납1동주민센터,127.1222889993939589_37.5389396716807582,284.0,15.0,서행,127.1222889993939589_37.5389396716807582|127.1219021881112354_37.5382276816301328|127.1213833795709434_37.5372923015735083|127.1214025863991282_37.5372101448766955|127.1215441560175634_37.5371087097441318|127.1215461125996882_37.5370684600636437|127.1213202475153992_37.5366159926774401
2026-09-04T03:35:30.187978+09:00,천호역,천호역,POI050,KEY_3,1230091700,천호대로,1230056700,천호사거리,127.1231991095257143_37.5382127630712290,1230057100,천호사거리,127.1228015509893083_37.5387585883164832,73.0,18.0,서행,127.1228015509893083_37.5387585883164832|127.1229241648776735_37.5386668308833507|127.1230198352073586_37.5385885389022675|127.1231277941631106_37.5384743769456719|127.1231768092596184_37.5383908689299020|127.1231970416041435_37.5382921018591134|127.1231991095257143_37.5382127630712290
2026-09-04T03:35:30.187978+09:00,천호역,천호역,POI050,KEY_3,1230094400,올림픽대로,1230057202,풍납1동주민센터,127.1222889993939589_37.5389396716807582,1230057601,풍납1동사무소,127.1206171273850600_37.5398267942077126,180.0,48.0,서행,127.1206171273850600_37.5398267942077126|127.1206402519064369_37.5398105049192665|127.1208137207095632_37.5397054359141791|127.1211101440944589_37.5395116516381009|127.1213039218144303_37.5393779552428981|127.1217585328710840_37.5391085831531299|127.1221845741995793_37.5389460379588940|127.1222889993939589_37.5389396716807582
2026-09-04T03:35:30.187978+09:00,천호역,천호역,POI050,KEY_3,1240000503,천호대로,1249137600,성내동 5-19,127.1280382627610948_37.5371810929529701,1240015902,천호신사거리,127.1265613525916365_37.5376636665247787,141.0,26.0,원활,127.1265613525916365_37.5376636665247787|127.1275442594800751_37.5373425089920758|127.1280382627610948_37.5371810929529701
2026-09-04T03:35:30.187978+09:00,천호역,천호역,POI050,KEY_3,1240000901,천호대로,1240015903,천호신사거리,127.1264313401249240_37.5377030556450677,1240016102,속성변화점,127.1258227718012819_37.5378782795148567,57.0,14.0,정체,127.1258227718012819_37.5378782795148567|127.1264313401249240_37.5377030556450677
2026-09-04T03:35:30.187978+09:00,천호역,천호역,POI050,KEY_3,1240000902,천호대로,1240016102,속성변화점,127.1258227718012819_37.5378782795148567,1240016400,천호역7번출구,127.1242070043111596_37.5383086791756000,151.0,41.0,원활,127.1242070043111596_37.5383086791756000|127.1248744937185933_37.5381079577954324|127.1255448371520913_37.5379047060162492|127.1258227718012819_37.5378782795148567
2026-09-04T03:35:30.187978+09:00,천호역,천호역,POI050,KEY_3,1240000903,천호대로,1240016400,천호역7번출구,127.1242070043111596_37.5383086791756000,1230057002,천호사거리,127.1234478477520184_37.5385370305723569,72.0,27.0,원활,127.1234478477520184_37.5385370305723569|127.1242070043111596_37.5383086791756000
2026-09-04T03:35:30.187978+09:00,천호역,천호역,POI050,KEY_3,1240001001,천호대로,1240016101,속성변화점,127.1258700127424532_37.5379796401749530,1240015904,천호신사거리,127.1264995678300238_37.5377983808995310,59.0,27.0,원활,127.1264995678300238_37.5377983808995310|127.1258700127424532_37.5379796401749530
2026-09-04T03:35:30.187978+09:00,천호역,천호역,POI050,KEY_3,1240001003,천호대로,1230057001,천호사거리,127.1235172823043769_37.5387460209010086,1240016500,천호사거리,127.1240195713131129_37.5385827314211369,48.0,20.0,서행,127.1240195713131129_37.5385827314211369|127.1235172823043769_37.5387460209010086
2026-09-04T03:35:30.187978+09:00,천호역,천호역,POI050,KEY_3,1240001301,천호대로,1230057003,천호사거리,127.1233208369298211_37.5385774148515452,1230057100,천호사거리,127.1228015509893083_37.5387585883164832,50.0,8.0,정체,127.1228015509893083_37.5387585883164832|127.1233208369298211_37.5385774148515452
2026-09-04T03:35:30.187978+09:00,천호역,천호역,POI050,KEY_3,1240001302,천호대로,1230057100,천호사거리,127.1228015509893083_37.5387585883164832,1230057201,풍납1동주민센터,127.1224128179309645_37.5388942112432815,38.0,8.5,정체,127.1224128179309645_37.5388942112432815|127.1228015509893083_37.5387585883164832
2026-09-04T03:35:30.187978+09:00,천호역,천호역,POI050,KEY_3,1240001303,천호대로,1230057202,풍납1동주민센터,127.1222889993939589_37.5389396716807582,1230425800,최소노드배치점,127.1206473646241477_37.5399649693936297,187.0,8.0,정체,127.1206473646241477_37.5399649693936297|127.1208002690071339_37.5397806065349755|127.1212122107708637_37.5394811670133990|127.1217838639544340_37.5391353320378940|127.1222889993939589_37.5389396716807582
2026-09-04T03:35:30.187978+09:00,천호역,천호역,POI050,KEY_3,1240001402,천호대로,1249154200,속성변화점,127.1207370515739399_37.5400461468424780,1240032502,천호동 458-32,127.1223997000991659_37.5391372566073969,179.0,46.5,원활,127.1223997000991659_37.5391372566073969|127.1219267779063671_37.5393204408960344|127.1213813850969814_37.5396503892687647|127.1209832957351296_37.5399401536630535|127.1207370515739399_37.5400461468424780
2026-09-04T03:35:30.187978+09:00,천호역,천호역,POI050,KEY_3,1240001405,천호대로,1240032600,천호사거리,127.1229181381820865_37.5389539974583073,1230057004,천호사거리,127.1233910826555729_37.5387889914914226,46.0,43.0,원활,127.1233910826555729_37.5387889914914226|127.1229181381820865_37.5389539974583073
2026-09-04T03:35:30.187978+09:00,천호역,천호역,POI050,KEY_3,1240001406,천호대로,1240032501,성내동 71-18,127.1225232060097312_37.5390917822839612,1240032600,천호사거리,127.1229181381820865_37.5389539974583073,38.0,41.0,원활,127.1229181381820865_37.5389539974583073|127.1225232060097312_37.5390917822839612
2026-09-04T03:35:30.187978+09:00,천호역,천호역,POI050,KEY_3,1240009300,천호옛길,1249137900,성내동 610-4,127.1258292313183631_37.5369283484509992,1240015903,천호신사거리,127.1264313401249240_37.5377030556450677,101.0,26.0,원활,127.1264313401249240_37.5377030556450677|127.1263164556896612_37.5375642510170380|127.1262594729914213_37.5374954036653037|127.1260023829827759_37.5371565622425933|127.1258292313183631_37.5369283484509992
2026-09-04T03:35:30.187978+09:00,천호역,천호역,POI050,KEY_3,1240009701,올림픽로,1230270600,풍납동 490-16,127.1226668613505808_37.5366443114647481,1230056700,천호사거리,127.1231991095257143_37.5382127630712290,180.0,23.0,서행,127.1231991095257143_37.5382127630712290|127.1229568202109164_37.5374869408773861|127.1228079874914840_37.5370410778011561|127.1226668613505808_37.5366443114647481
2026-09-04T03:35:30.187978+09:00,천호역,천호역,POI050,KEY_3,1240009702,올림픽로,1230056700,천호사거리,127.1231991095257143_37.5382127630712290,1230057003,천호사거리,127.1233208369298211_37.5385774148515452,42.0,29.0,원활,127.1233208369298211_37.5385774148515452|127.1231991095257143_37.5382127630712290
2026-09-04T03:35:30.187978+09:00,천호역,천호역,POI050,KEY_3,1240009802,올림픽로,1230057002,천호사거리,127.1234478477520184_37.5385370305723569,1230056800,천호사거리,127.1233125521570173_37.5381317339889833,47.0,15.0,서행,127.1233125521570173_37.5381317339889833|127.1234478477520184_37.5385370305723569
2026-09-04T03:35:30.187978+09:00,천호역,천호역,POI050,KEY_3,1240010501,진황도로,1249115700,천호동 410-382,127.1297282195018568_37.5392494506617709,1240003403,천호시장사거리,127.1279040058523577_37.5402699692055037,197.0,22.0,서행,127.1279040058523577_37.5402699692055037|127.1281233888413453_37.5401494195158278|127.1292799313315243_37.5395010700264251|127.1296483811764944_37.5392945149189714|127.1297282195018568_37.5392494506617709
2026-09-04T03:35:30.187978+09:00,천호역,천호역,POI050,KEY_3,1240011101,올림픽로,1230057004,천호사거리,127.1233910826555729_37.5387889914914226,1240017000,천호사거리,127.1235011793470306_37.5391221481703639,38.0,43.3,원활,127.1235011793470306_37.5391221481703639|127.1233910826555729_37.5387889914914226
2026-09-04T03:35:30.187978+09:00,천호역,천호역,POI050,KEY_3,1240011102,올림픽로,1249104900,천호동 428-2,127.1237027452071828_37.5397320880800720,1240003704,광진교남단사거리,127.1242723015992340_37.5412434639985975,175.0,43.3,원활,127.1242723015992340_37.5412434639985975|127.1240122340375507_37.5405538642123275|127.1238499365141621_37.5401235064093299|127.1237057177538929_37.5397410829525455|127.1237027452071828_37.5397320880800720
2026-09-04T03:35:30.187978+09:00,천호역,천호역,POI050,KEY_3,1240011201,올림픽로,1240016900,천호사거리,127.1236242721152223_37.5390697740102013,1230057001,천호사거리,127.1235172823043769_37.5387460209010086,37.0,12.0,정체,127.1235172823043769_37.5387460209010086|127.1236242721152223_37.5390697740102013
2026-09-04T03:35:30.187978+09:00,천호역,천호역,POI050,KEY_3,1240011202,올림픽로,1249118200,천호동 428-2,127.1237604673641783_37.5394819021781032,1240016900,천호사거리,127.1236242721152223_37.5390697740102013,47.0,13.0,정체,127.1236242721152223_37.5390697740102013|127.1237604673641783_37.5394819021781032
2026-09-04T03:35:30.187978+09:00,천호역,천호역,POI050,KEY_3,1240011501,구천면로,1240003408,킴스클럽(천호점),127.1261364525714015_37.5407094515659523,1240003703,광진교남단사거리,127.1243975126236307_37.5411995502778808,163.0,13.0,정체,127.1243975126236307_37.5411995502778808|127.1250523370211170_37.5410149998832807|127.1252564276983179_37.5409574796942067|127.1261364525714015_37.5407094515659523
2026-09-04T03:35:30.187978+09:00,천호역,천호역,POI050,KEY_3,1240011502,구천면로,1249123800,천호동 418-2,127.1266871986057225_37.5405542240687140,1240003407,킴스클럽(천호점),127.1262650007328148_37.5406732206050719,40.0,21.0,서행,127.1262650007328148_37.5406732206050719|127.1266871986057225_37.5405542240687140
2026-09-04T03:35:30.187978+09:00,천호역,천호역,POI050,KEY_3,1240011601,구천면로,1240003406,킴스클럽(천호점),127.1263103069998266_37.5407751443387099,1240003405,천호시장사거리,127.1278224353661557_37.5404323554764829,139.0,11.0,정체,127.1278224353661557_37.5404323554764829|127.1270886044431165_37.5405616113526648|127.1270334400655173_37.5405713277208974|127.1267325053378556_37.5406561474975717|127.1263103069998266_37.5407751443387099
2026-09-04T03:35:30.187978+09:00,천호역,천호역,POI050,KEY_3,1240011602,구천면로,1249150700,천호동 435-2,127.1250976417453842_37.5411169237754336,1240003409,킴스클럽(천호점),127.1261817587292029_37.5408113753436652,102.0,12.0,정체,127.1261817587292029_37.5408113753436652|127.1253017326863954_37.5410594035665426|127.1250976417453842_37.5411169237754336
2026-09-04T03:35:30.187978+09:00,천호역,천호역,POI050,KEY_3,1240012200,구천면로,1249111600,천호동 397-441,127.1300178217984325_37.5410705636680788,1240003402,천호시장사거리,127.1279634389083384_37.5403686754933119,200.0,16.0,서행,127.1279634389083384_37.5403686754933119|127.1280961944452059_37.5404233059771144|127.1286980083948350_37.5405042767628885|127.1290074504487251_37.5405921604635040|127.1293547790916421_37.5407190682850427|127.1296108197300470_37.5408388339810557|127.1298899091390808_37.5409841225037084|127.1300178217984325_37.5410705636680788
2026-09-04T03:35:30.187978+09:00,천호역,천호역,POI050,KEY_3,1240012601,올림픽로,1249109700,천호동 373,127.1246760440397452_37.5419690104642640,1240003702,광진교남단사거리,127.1244358849439777_37.5413034277414468,77.0,22.0,서행,127.1244358849439777_37.5413034277414468|127.1246760440397452_37.5419690104642640
2026-09-04T03:35:30.187978+09:00,천호역,천호역,POI050,KEY_3,1240039600,천호대로,1240016400,천호역7번출구,127.1242070043111596_37.5383086791756000,1230056800,천호사거리,127.1233125521570173_37.5381317339889833,87.0,29.0,원활,127.1233125521570173_37.5381317339889833|127.1233894987534825_37.5382002602406928|127.1235445694257749_37.5382799014588926|127.1235912244469404_37.5383031173539337|127.1237243792602101_37.5383377934522713|127.1238241290205622_37.5383378663987912|127.1239965496080515_37.5383281493004475|127.1242070043111596_37.5383086791756000
2026-09-04T03:35:30.187978+09:00,천호역,천호역,POI050,KEY_3,1240040000,천호대로,1240016900,천호사거리,127.1236242721152223_37.5390697740102013,1240016500,천호사거리,127.1240195713131129_37.5385827314211369,66.0,36.0,원활,127.1240195713131129_37.5385827314211369|127.1238606684004111_37.5387097157003780|127.1237243793176361_37.5388452644014663|127.1236423181457553_37.5389854711084467|127.1236242721152223_37.5390697740102013
2026-09-04T03:35:30.187978+09:00,천호역,천호역,POI050,KEY_3,1240040200,천호대로157길,1249121100,천호동 454-49,127.1267213376215466_37.5381549599408473,1240003404,천호시장사거리,127.1277656314485256_37.5403316272977321,263.0,7.0,정체,127.1277656314485256_37.5403316272977321|127.1277764803604811_37.5400663754616346|127.1276287872081667_37.5395939952034325|127.1274683047712841_37.5391935724405386|127.1273335079728923_37.5389564198065386|127.1267213376215466_37.5381549599408473
2026-09-04T03:35:30.187978+09:00,천호역,천호역,POI050,KEY_3,1240040300,천호대로,1240032600,천호사거리,127.1229181381820865_37.5389539974583073,1240017000,천호사거리,127.1235011793470306_37.5391221481703639,58.0,42.0,원활,127.1235011793470306_37.5391221481703639|127.1233903598605508_37.5390373240800344|127.1232600735032037_37.5389731530963857|127.1231593473902564_37.5389564680612224|127.1230348034606692_37.5389527839542012|127.1229181381820865_37.5389539974583073
2026-09-04T03:35:30.187978+09:00,천호역,천호역,POI050,KEY_3,1240040800,천호대로151길,1249144900,천호동 459-2,127.1229562993439544_37.5398463764838937,1240032501,성내동 71-18,127.1225232060097312_37.5390917822839612,92.0,8.0,정체,127.1225232060097312_37.5390917822839612|127.1229562993439544_37.5398463764838937
2026-09-04T03:35:30.187978+09:00,천호역,천호역,POI050,KEY_3,1240041200,구천면로,1240003704,광진교남단사거리,127.1242723015992340_37.5412434639985975,1240017602,광진교남단사거리,127.1239812132037912_37.5413533959520294,29.0,36.0,원활,127.1239812132037912_37.5413533959520294|127.1241422367008767_37.5413014621294323|127.1242723015992340_37.5412434639985975
2026-09-04T03:35:30.187978+09:00,천호역,천호역,POI050,KEY_3,1240041300,구천면로,1240017604,광진교남단사거리,127.1239000032397968_37.5414954748858349,1240003705,광진교남단사거리,127.1243113956138018_37.5413499499680157,40.0,27.0,원활,127.1243113956138018_37.5413499499680157|127.1242011279294388_37.5413991198798556|127.1240321888513591_37.5414536077047316|127.1239000032397968_37.5414954748858349
2026-09-04T03:35:30.187978+09:00,천호역,천호역,POI050,KEY_3,1240041900,구천면로,1249152700,최소노드배치점,127.1194660888336898_37.5428727643710758,1240017604,광진교남단사거리,127.1239000032397968_37.5414954748858349,421.0,41.0,원활,127.1239000032397968_37.5414954748858349|127.1214621369989999_37.5422587470682814|127.1194660888336898_37.5428727643710758
2026-09-04T03:35:30.187978+09:00,천호역,천호역,POI050,KEY_3,1240221700,구천면로23길,1240003409,킴스클럽(천호점),127.1261817587292029_37.5408113753436652,1240091502,2001아울렛(천호점),127.1265123428250519_37.5413813494056541,70.0,6.0,정체,127.1265123428250519_37.5413813494056541|127.1261817587292029_37.5408113753436652
2026-09-04T03:35:30.187978+09:00,천호역,천호역,POI050,KEY_3,1240221800,구천면로23길,1240091501,2001아울렛(천호점),127.1266356131728088_37.5413360168481560,1240003406,킴스클럽(천호점),127.1263103069998266_37.5407751443387099,69.0,9.0,정체,127.1263103069998266_37.5407751443387099|127.1266356131728088_37.5413360168481560
2026-09-04T03:35:30.187978+09:00,총신대입구(이수)역,총신대입구(이수)역,POI051,KEY_4,1190008600,사당로,1190090200,사당동 1092,126.9783089913764371_37.4840630813367639,1190003002,남성초등학교앞교차로,126.9775810609628337_37.4838343819257673,69.0,16.0,서행,126.9775810609628337_37.4838343819257673|126.9779561785673252_37.4839522361997055|126.9783089913764371_37.4840630813367639
2026-09-04T03:35:30.187978+09:00,총신대입구(이수)역,총신대입구(이수)역,POI051,KEY_4,1190008700,사당로,1190055500,사당동 708-624,126.9789433675313148_37.4843786033373689,1190003204,사당동 708-436,126.9792039752670121_37.4844604770999297,25.0,37.0,원활,126.9792039752670121_37.4844604770999297|126.9789433675313148_37.4843786033373689
2026-09-04T03:35:30.187978+09:00,총신대입구(이수)역,총신대입구(이수)역,POI051,KEY_4,1190008800,동작대로23길,1190047400,사당동 1091,126.9796370105229073_37.4842213526536838,1190003203,사당동 708-624,126.9792537377390147_37.4843598906780784,38.0,18.0,서행,126.9792537377390147_37.4843598906780784|126.9793683365627430_37.4842924228876058|126.9795496091593066_37.4842357088864730|126.9796370105229073_37.4842213526536838
2026-09-04T03:35:30.187978+09:00,총신대입구(이수)역,총신대입구(이수)역,POI051,KEY_4,1190008900,동작대로23길,1190055300,사당동 708-286,126.9810081884948971_37.4842981630243912,1210023904,사당동 708-517,126.9820022856057591_37.4844625134943641,90.0,7.0,정체,126.9820022856057591_37.4844625134943641|126.9814454702967907_37.4843910349356264|126.9810081884948971_37.4842981630243912
2026-09-04T03:35:30.187978+09:00,총신대입구(이수)역,총신대입구(이수)역,POI051,KEY_4,1190009000,사당로,1190053300,사당동 144-4,126.9810923720944231_37.4850378218572331,1190003202,사당동 708-624,126.9793960972202598_37.4844105065625612,165.0,20.0,서행,126.9793960972202598_37.4844105065625612|126.9805441138140196_37.4848352529794440|126.9809554691264140_37.4849874434861832|126.9810923720944231_37.4850378218572331
2026-09-04T03:35:30.187978+09:00,총신대입구(이수)역,총신대입구(이수)역,POI051,KEY_4,1190009100,사당로,1190075300,사당동 144-4,126.9814106321940415_37.4852740285928050,1210025304,이수역앞교차로,126.9820585773020554_37.4854625425216668,61.0,34.0,원활,126.9820585773020554_37.4854625425216668|126.9816021496104241_37.4853445029508165|126.9814106321940415_37.4852740285928050
2026-09-04T03:35:30.187978+09:00,총신대입구(이수)역,총신대입구(이수)역,POI051,KEY_4,1190013101,동작대로33길,1190062300,사당동 737-4,126.9819976691939445_37.4895700925421735,1210028704,삼원빌딩,126.9824873372129446_37.4895576800631645,44.0,17.0,서행,126.9824873372129446_37.4895576800631645|126.9822796434602026_37.4895377492337332|126.9819976691939445_37.4895700925421735
2026-09-04T03:35:30.187978+09:00,총신대입구(이수)역,총신대입구(이수)역,POI051,KEY_4,1190050200,동작대로27길,1190081200,사당동 139-34,126.9811336332786027_37.4876179672351100,1210027105,총신대입구역(서울4호선),126.9821792965293241_37.4876120560627513,92.0,24.0,서행,126.9821792965293241_37.4876120560627513|126.9817506975894617_37.4876180660610103|126.9817500609947558_37.4876180660587366|126.9811357001604080_37.4876180622694832|126.9811336332786027_37.4876179672351100
2026-09-04T03:35:30.187978+09:00,총신대입구(이수)역,총신대입구(이수)역,POI051,KEY_4,1190050300,동작대로27길,1190056000,사당동 139-34,126.9804922927347235_37.4874767312889645,1190026401,사당동130-22,126.9800298494712791_37.4874517319426488,41.0,18.0,서행,126.9800298494712791_37.4874517319426488|126.9804922927347235_37.4874767312889645
2026-09-04T03:35:30.187978+09:00,총신대입구(이수)역,총신대입구(이수)역,POI051,KEY_4,1210013203,동작대로,1190045100,사당동 339-24,126.9819051206889071_37.4827596414189870,1210023903,사당동 708-808,126.9819959904761362_37.4843521900688970,177.0,23.0,서행,126.9819959904761362_37.4843521900688970|126.9819730430722444_37.4839500291722914|126.9819051206889071_37.4827596414189870
2026-09-04T03:35:30.187978+09:00,총신대입구(이수)역,총신대입구(이수)역,POI051,KEY_4,1210013204,동작대로,1210023904,사당동 708-517,126.9820022856057591_37.4844625134943641,1210025303,이수역앞교차로,126.9820527768257676_37.4853473698567683,98.0,23.0,서행,126.9820527768257676_37.4853473698567683|126.9820022856057591_37.4844625134943641
2026-09-04T03:35:30.187978+09:00,총신대입구(이수)역,총신대입구(이수)역,POI051,KEY_4,1210013303,동작대로,1210468300,방배동 495-1,126.9820406568788513_37.4827547301711093,1210020001,삼산빌딩,126.9819657161490056_37.4814413381301179,146.0,20.0,서행,126.9819657161490056_37.4814413381301179|126.9819812696377994_37.4817139283870233|126.9820406568788513_37.4827547301711093
2026-09-04T03:35:30.187978+09:00,총신대입구(이수)역,총신대입구(이수)역,POI051,KEY_4,1210016202,서초대로,1210025301,이수역앞교차로,126.9821951600873575_37.4854855974890171,1210026304,방배동 3151-4,126.9833597973550923_37.4856198848411566,104.0,8.0,정체,126.9833597973550923_37.4856198848411566|126.9821951600873575_37.4854855974890171
2026-09-04T03:35:30.187978+09:00,총신대입구(이수)역,총신대입구(이수)역,POI051,KEY_4,1210016302,서초대로,1210026303,방배동 3151-4,126.9833403088553041_37.4855083913280964,1210025302,이수역앞교차로,126.9821902192167471_37.4853757809412045,103.0,31.0,원활,126.9821902192167471_37.4853757809412045|126.9833403088553041_37.4855083913280964
2026-09-04T03:35:30.187978+09:00,총신대입구(이수)역,총신대입구(이수)역,POI051,KEY_4,1210016303,서초대로,1210468000,방배동 864-41,126.9843637683908071_37.4856223333560337,1210026302,방배동 421-5,126.9834795968043721_37.4855242287525385,79.0,14.0,정체,126.9834795968043721_37.4855242287525385|126.9843637683908071_37.4856223333560337
2026-09-04T03:35:30.187978+09:00,총신대입구(이수)역,총신대입구(이수)역,POI051,KEY_4,1210017602,동작대로,1210025304,이수역앞교차로,126.9820585773020554_37.4854625425216668,1210027108,속성변화점,126.9820894460752214_37.4863064861430431,94.0,14.0,정체,126.9820894460752214_37.4863064861430431|126.9820585773020554_37.4854625425216668
2026-09-04T03:35:30.187978+09:00,총신대입구(이수)역,총신대입구(이수)역,POI051,KEY_4,1210017605,동작대로,1190072600,사당동 708-659,126.9822597372454140_37.4884783486161339,1210028703,삼원빌딩,126.9824624742385737_37.4894463919877055,109.0,47.0,원활,126.9824624742385737_37.4894463919877055|126.9823356718194702_37.4889406987954388|126.9823189008856730_37.4888738151074250|126.9822597372454140_37.4884783486161339
2026-09-04T03:35:30.187978+09:00,총신대입구(이수)역,총신대입구(이수)역,POI051,KEY_4,1210017606,동작대로,1190071600,사당동 708-500,126.9821148939163464_37.4866945255961852,1210027104,총신대입구역(서울4호선),126.9821717135688601_37.4875040246955962,90.0,44.0,원활,126.9821717135688601_37.4875040246955962|126.9821148939163464_37.4866945255961852
2026-09-04T03:35:30.187978+09:00,총신대입구(이수)역,총신대입구(이수)역,POI051,KEY_4,1210017702,동작대로,1210027107,총신대입구역(서울4호선),126.9822250708600251_37.4863033359931279,1210025301,이수역앞교차로,126.9821951600873575_37.4854855974890171,91.0,37.0,원활,126.9821951600873575_37.4854855974890171|126.9822250708600251_37.4863033359931279
2026-09-04T03:35:30.187978+09:00,총신대입구(이수)역,총신대입구(이수)역,POI051,KEY_4,1210017704,동작대로,1210471400,방배동 2279,126.9826680850078873_37.4901113437174232,1210028701,속성변화점,126.9826217390590273_37.4895428255529453,63.0,24.0,서행,126.9826217390590273_37.4895428255529453|126.9826448796264344_37.4896757639483056|126.9826680850078873_37.4901113437174232
2026-09-04T03:35:30.187978+09:00,총신대입구(이수)역,총신대입구(이수)역,POI051,KEY_4,1210017705,동작대로,1210027102,속성변화점,126.9823147704309747_37.4876060179877726,1210027106,총신대입구역(서울4호선),126.9822309209962725_37.4864114578571730,133.0,53.0,원활,126.9822309209962725_37.4864114578571730|126.9822503662360873_37.4866884875043240|126.9823071873458957_37.4874979865397790|126.9823147704309747_37.4876060179877726
2026-09-04T03:35:30.187978+09:00,총신대입구(이수)역,총신대입구(이수)역,POI051,KEY_4,1210017706,동작대로,1210470800,방배동 1809,126.9823525562850932_37.4881443286373823,1210027102,속성변화점,126.9823147704309747_37.4876060179877726,60.0,24.0,서행,126.9823147704309747_37.4876060179877726|126.9823525562850932_37.4881443286373823
2026-09-04T03:35:30.187978+09:00,총신대입구(이수)역,총신대입구(이수)역,POI051,KEY_4,1210044801,방배천로,1210020103,방배동493-5,126.9825978472802603_37.4826827756520018,1210020106,한국영농신문,126.9825278403283733_37.4814329643019377,139.0,13.0,정체,126.9825278403283733_37.4814329643019377|126.9825978472802603_37.4826827756520018
2026-09-04T03:35:30.187978+09:00,총신대입구(이수)역,총신대입구(이수)역,POI051,KEY_4,1210044802,방배천로,1210472400,방배동 493-4,126.9826676586466476_37.4839290493333763,1210020102,방배동493-5,126.9826038978293212_37.4827907919779051,126.0,17.0,서행,126.9826038978293212_37.4827907919779051|126.9826676586466476_37.4839290493333763
2026-09-04T03:35:30.187978+09:00,총신대입구(이수)역,총신대입구(이수)역,POI051,KEY_4,1210044901,방배천로,1210472300,방배동 493-4,126.9825321154947488_37.4839338709411081,1210026303,방배동 3151-4,126.9833403088553041_37.4855083913280964,192.0,20.0,서행,126.9833403088553041_37.4855083913280964|126.9832921070280065_37.4852054761472786|126.9832496822412793_37.4850419299093005|126.9831290782554873_37.4848552868759981|126.9829544187051766_37.4846603556171800|126.9828685313590739_37.4845644993626124|126.9826696632651419_37.4842961995852448|126.9825366906737827_37.4840155473817802|126.9825321154947488_37.4839338709411081
2026-09-04T03:35:30.187978+09:00,총신대입구(이수)역,총신대입구(이수)역,POI051,KEY_4,1210044902,방배천로,1210020109,한국영농신문,126.9823923009376330_37.4814377857296748,1210020104,방배동493-5,126.9824623056363038_37.4826875971584457,139.0,12.0,정체,126.9824623056363038_37.4826875971584457|126.9823923009376330_37.4814377857296748
2026-09-04T03:35:30.187978+09:00,총신대입구(이수)역,총신대입구(이수)역,POI051,KEY_4,1210048000,방배천로,1210027302,방배한진로즈힐아파트,126.9838346401866147_37.4863793944778010,1210026301,방배동 421-5,126.9835004450508791_37.4856357060859082,89.0,24.0,서행,126.9835004450508791_37.4856357060859082|126.9835418963080116_37.4858402058014804|126.9836294430309778_37.4860775561549673|126.9836954062014343_37.4862074845377364|126.9837263206772491_37.4862683769525447|126.9838346401866147_37.4863793944778010
2026-09-04T03:35:30.187978+09:00,총신대입구(이수)역,총신대입구(이수)역,POI051,KEY_4,1210048100,방배천로,1210026304,방배동 3151-4,126.9833597973550923_37.4856198848411566,1210027303,방배한진로즈힐아파트,126.9837275241604146_37.4864457595328773,99.0,15.0,서행,126.9837275241604146_37.4864457595328773|126.9836076191972012_37.4863228679357690|126.9835696266733720_37.4862480332841841|126.9835011543169117_37.4861131614725451|126.9834093116757714_37.4858641657913410|126.9833597973550923_37.4856198848411566
2026-09-04T03:35:30.187978+09:00,총신대입구(이수)역,총신대입구(이수)역,POI051,KEY_4,1210048400,동광로12길,1210027303,방배한진로즈힐아파트,126.9837275241604146_37.4864457595328773,1210027107,총신대입구역(서울4호선),126.9822250708600251_37.4863033359931279,134.0,10.0,정체,126.9822250708600251_37.4863033359931279|126.9826995428011713_37.4863034064230973|126.9830881094296728_37.4863760361900376|126.9834661851801485_37.4864278733475942|126.9837275241604146_37.4864457595328773
2026-09-04T03:35:30.187978+09:00,총신대입구(이수)역,총신대입구(이수)역,POI051,KEY_4,1210048500,동광로12길,1210027106,총신대입구역(서울4호선),126.9822309209962725_37.4864114578571730,1210027304,방배한진로즈힐아파트,126.9838499767115110_37.4865626593792598,145.0,17.0,서행,126.9838499767115110_37.4865626593792598|126.9834488449595256_37.4865352053215162|126.9830610879912456_37.4864820413386965|126.9826838306572370_37.4864115251054315|126.9822309209962725_37.4864114578571730
2026-09-04T03:35:30.187978+09:00,총신대입구(이수)역,총신대입구(이수)역,POI051,KEY_4,1210162600,방배천로18길,1210469000,방배동 492-2,126.9841467143931908_37.4826351298115270,1210020103,방배동493-5,126.9825978472802603_37.4826827756520018,137.0,20.0,서행,126.9825978472802603_37.4826827756520018|126.9833473919327531_37.4826605555061576|126.9841345361255947_37.4826355725340008|126.9841467143931908_37.4826351298115270
2026-09-04T03:35:30.187978+09:00,충정로역,충정로역,POI052,KEY_1,1010003105,중림로,1010010702,충정로역가구상가,126.9640754256734283_37.5590508294670045,1010010902,충정로역가구상가,126.9636848431599390_37.5590704219795128,35.0,24.0,서행,126.9636848431599390_37.5590704219795128|126.9640754256734283_37.5590508294670045
2026-09-04T03:35:30.187978+09:00,충정로역,충정로역,POI052,KEY_1,1010003106,중림로,1010058300,중림동 200,126.9650510841565278_37.5589523597584503,1010010702,충정로역가구상가,126.9640754256734283_37.5590508294670045,87.0,28.0,원활,126.9640754256734283_37.5590508294670045|126.9648587817104612_37.5589857330086545|126.9650510841565278_37.5589523597584503
2026-09-04T03:35:30.187978+09:00,충정로역,충정로역,POI052,KEY_1,1010003203,중림로,1010010901,충정로역가구상가,126.9636933844713411_37.5591783271103310,1010010701,충정로역가구상가,126.9640867414488667_37.5591585507347574,35.0,53.0,원활,126.9640867414488667_37.5591585507347574|126.9636933844713411_37.5591783271103310
2026-09-04T03:35:30.187978+09:00,충정로역,충정로역,POI052,KEY_1,1010004100,청파로,1010053100,중림동 351,126.9677081849395393_37.5609501641540362,1120002003,상수도사업본부교차로,126.9674908459828231_37.5614112452323354,55.0,10.0,정체,126.9674908459828231_37.5614112452323354|126.9677081849395393_37.5609501641540362
2026-09-04T03:35:30.187978+09:00,충정로역,충정로역,POI052,KEY_1,1010004202,청파로,1120002002,상수도사업본부교차로,126.9676167335992716_37.5614519307047843,1010011800,중림동,126.9684502351673530_37.5596836333754780,210.0,39.0,원활,126.9684502351673530_37.5596836333754780|126.9683561139200236_37.5598833187951939|126.9679693788652060_37.5607037947160336|126.9678353453515314_37.5609881483563299|126.9676167335992716_37.5614519307047843
2026-09-04T03:35:30.187978+09:00,충정로역,충정로역,POI052,KEY_1,1010006400,서소문로,1010134800,최소노드배치점,126.9688094991627594_37.5617925136145487,1010015901,서소문고가차도(서측),126.9660808471698346_37.5606758941064101,276.0,58.0,원활,126.9660808471698346_37.5606758941064101|126.9664117212871588_37.5609173619709722|126.9668194179275105_37.5611712880354318|126.9670907245415066_37.5613173299435417|126.9673694926154752_37.5614283839817418|126.9675339141719093_37.5614849578415004|126.9677551811045930_37.5615513111113870|126.9681716153295383_37.5616461476905030|126.9688094991627594_37.5617925136145487
2026-09-04T03:35:30.187978+09:00,충정로역,충정로역,POI052,KEY_1,1010025200,서소문로,1010011200,충정로역가구상가,126.9639333332024052_37.5593892258437165,1010010701,충정로역가구상가,126.9640867414488667_37.5591585507347574,32.0,17.0,서행,126.9640867414488667_37.5591585507347574|126.9640336759729422_37.5591555927884713|126.9640109018983054_37.5591889605807339|126.9639333332024052_37.5593892258437165
2026-09-04T03:35:30.187978+09:00,충정로역,충정로역,POI052,KEY_1,1010046800,중림로,1010010902,충정로역가구상가,126.9636848431599390_37.5590704219795128,1120022800,충정로사거리,126.9630067826871169_37.5591971961966209,62.0,24.0,서행,126.9630067826871169_37.5591971961966209|126.9632871751432361_37.5591616213529562|126.9633814740724631_37.5591398374989325|126.9635318328539313_37.5591038495610121|126.9636848431599390_37.5590704219795128
2026-09-04T03:35:30.187978+09:00,충정로역,충정로역,POI052,KEY_1,1120000702,신촌로,1130277500,북아현동 930-3,126.9609134061408611_37.5584844788521437,1120000509,충정로사거리,126.9619074057619912_37.5592113879016694,119.0,52.0,원활,126.9619074057619912_37.5592113879016694|126.9612918908444641_37.5587812687724991|126.9609134061408611_37.5584844788521437
2026-09-04T03:35:30.187978+09:00,충정로역,충정로역,POI052,KEY_1,1120000801,신촌로,1130031603,아현1동파출소,126.9603608185110346_37.5579007542804106,1130030701,아현교차로,126.9593903711545124_37.5572215324002201,114.0,46.0,원활,126.9593903711545124_37.5572215324002201|126.9599149131550178_37.5575634945568098|126.9603608185110346_37.5579007542804106
2026-09-04T03:35:30.187978+09:00,충정로역,충정로역,POI052,KEY_1,1120000802,신촌로,1120000508,충정로사거리,126.9620080990980853_37.5591378875581938,1130031602,아현1동파출소,126.9604584267966914_37.5579759373505979,188.0,23.0,서행,126.9604584267966914_37.5579759373505979|126.9610087130211866_37.5584074514955262|126.9613844188411349_37.5587020617830092|126.9620080990980853_37.5591378875581938
2026-09-04T03:35:30.187978+09:00,충정로역,충정로역,POI052,KEY_1,1120001001,충정로,1120005300,충정로사거리,126.9627180368454304_37.5598743433504580,1120000507,충정로사거리,126.9621372974823572_37.5592562991161856,86.0,47.0,원활,126.9621372974823572_37.5592562991161856|126.9623795374019153_37.5594882660047844|126.9626383443296902_37.5597704386196014|126.9627180368454304_37.5598743433504580
2026-09-04T03:35:30.187978+09:00,충정로역,충정로역,POI052,KEY_1,1120001002,충정로,1120136900,충정로3가 248-1,126.9633068718442246_37.5607776660404724,1120005300,충정로사거리,126.9627180368454304_37.5598743433504580,113.0,47.5,원활,126.9627180368454304_37.5598743433504580|126.9627893178244875_37.5599672811436491|126.9633068718442246_37.5607776660404724
2026-09-04T03:35:30.187978+09:00,충정로역,충정로역,POI052,KEY_1,1120004101,서소문로,1120134100,충정로3가 281-49,126.9645815660364860_37.5598977280732740,1010015902,서소문고가차도(서측),126.9659908088701030_37.5607568184368503,157.0,28.0,원활,126.9659908088701030_37.5607568184368503|126.9657622305857387_37.5606011985419741|126.9655478502515109_37.5604734670610227|126.9645815660364860_37.5598977280732740
2026-09-04T03:35:30.187978+09:00,충정로역,충정로역,POI052,KEY_1,1120004102,서소문로,1010015902,서소문고가차도(서측),126.9659908088701030_37.5607568184368503,1120002004,상수도사업본부교차로,126.9673830692199346_37.5616097357074139,158.0,31.0,원활,126.9673830692199346_37.5616097357074139|126.9672834243969390_37.5615754487724445|126.9669876407800047_37.5614576160841409|126.9666994465889758_37.5613024853318080|126.9662799084869818_37.5610411844229191|126.9661451257960465_37.5609428038709865|126.9659908088701030_37.5607568184368503
2026-09-04T03:35:30.187978+09:00,충정로역,충정로역,POI052,KEY_1,1120004201,서소문로,1010011200,충정로역가구상가,126.9639333332024052_37.5593892258437165,1120022800,충정로사거리,126.9630067826871169_37.5591971961966209,86.0,18.0,서행,126.9630067826871169_37.5591971961966209|126.9633282461327184_37.5592111925570293|126.9635104493961251_37.5592396304144245|126.9637143972144031_37.5592998340788782|126.9637216136169826_37.5593019642914001|126.9639333332024052_37.5593892258437165
2026-09-04T03:35:30.187978+09:00,충정로역,충정로역,POI052,KEY_1,1120004202,서소문로,1010125800,중림동 591,126.9656292329265881_37.5603869069285068,1010011200,충정로역가구상가,126.9639333332024052_37.5593892258437165,186.0,7.0,정체,126.9639333332024052_37.5593892258437165|126.9639453029332969_37.5593941588540901|126.9640772384998826_37.5594621774906869|126.9646629493658025_37.5598111684287872|126.9656292329265881_37.5603869069285068
2026-09-04T03:35:30.187978+09:00,충정로역,충정로역,POI052,KEY_1,1120004203,서소문로,1120002003,상수도사업본부교차로,126.9674908459828231_37.5614112452323354,1010015901,서소문고가차도(서측),126.9660808471698346_37.5606758941064101,150.0,37.0,원활,126.9660808471698346_37.5606758941064101|126.9663287044560747_37.5607834224243646|126.9664556576583010_37.5608760880869994|126.9668594086569158_37.5611275567769596|126.9671250868416337_37.5612705669752174|126.9673981830782594_37.5613793623703742|126.9674908459828231_37.5614112452323354
2026-09-04T03:35:30.187978+09:00,충정로역,충정로역,POI052,KEY_1,1120015100,충정로,1120005300,충정로사거리,126.9627180368454304_37.5598743433504580,1120005200,충정로사거리,126.9629993658748504_37.5593051549388335,76.0,43.3,원활,126.9629993658748504_37.5593051549388335|126.9628715999865420_37.5593511098260109|126.9627847160042080_37.5594369024355288|126.9627187973606368_37.5595155503887455|126.9626858196171781_37.5595894406433857|126.9626678035905059_37.5596871741968599|126.9627180368454304_37.5598743433504580
2026-09-04T03:35:30.187978+09:00,충정로역,충정로역,POI052,KEY_1,1120016501,경기대로,1120000503,충정로3가26-2,126.9618966230996193_37.5616899669241846,1120000506,충정로사거리,126.9620254998589814_37.5593183699107698,264.0,20.0,서행,126.9620254998589814_37.5593183699107698|126.9619872778432921_37.5595326415076372|126.9619650109536195_37.5597618722879147|126.9619549399386642_37.5601151769762964|126.9619547745921722_37.5601209775248037|126.9619526638429079_37.5604057890847756|126.9619483365010097_37.5609896868436337|126.9619180281690944_37.5614001105234578|126.9618966230996193_37.5616899669241846
2026-09-04T03:35:30.187978+09:00,충정로역,충정로역,POI052,KEY_1,1120062500,서소문로,1120022800,충정로사거리,126.9630067826871169_37.5591971961966209,1120000508,충정로사거리,126.9620080990980853_37.5591378875581938,89.0,30.0,원활,126.9620080990980853_37.5591378875581938|126.9624976738023321_37.5591750287326249|126.9630067826871169_37.5591971961966209
2026-09-04T03:35:30.187978+09:00,충정로역,충정로역,POI052,KEY_1,1120062600,서소문로,1120000507,충정로사거리,126.9621372974823572_37.5592562991161856,1120005200,충정로사거리,126.9629993658748504_37.5593051549388335,76.0,35.0,원활,126.9629993658748504_37.5593051549388335|126.9624875185141093_37.5592828676414570|126.9621372974823572_37.5592562991161856
2026-09-04T03:35:30.187978+09:00,충정로역,충정로역,POI052,KEY_1,1130055200,손기정로,1130276800,아현동 729,126.9610147030383871_37.5573677054923536,1130031603,아현1동파출소,126.9603608185110346_37.5579007542804106,83.0,17.0,서행,126.9603608185110346_37.5579007542804106|126.9604666936073443_37.5578151020777966|126.9610147030383871_37.5573677054923536
2026-09-04T03:35:30.187978+09:00,합정역,합정역,POI053,KEY_2,1130001603,양화로,1130021203,합정동 402,126.9117684440008702_37.5487013098127989,1130020600,양화대교(북측),126.9111269978420609_37.5485526161926089,59.0,12.0,정체,126.9111269978420609_37.5485526161926089|126.9114474860303403_37.5486323980145400|126.9117684440008702_37.5487013098127989
2026-09-04T03:35:30.187978+09:00,합정역,합정역,POI053,KEY_2,1130001605,양화로,1130021800,합정역8번출구,126.9126009251802998_37.5488890850710817,1130021202,합정동 402,126.9119017412713788_37.5487305057125056,64.0,14.0,정체,126.9119017412713788_37.5487305057125056|126.9123690393006569_37.5488358216645253|126.9125492819859886_37.5488764427686803|126.9126009251802998_37.5488890850710817
2026-09-04T03:35:30.187978+09:00,합정역,합정역,POI053,KEY_2,1130001502,양화로,1130019500,양화대교(북측),126.9088702991146818_37.5473486190442571,1130020700,양화대교(북측),126.9110864738484850_37.5486558094690892,247.0,65.3,원활,126.9110864738484850_37.5486558094690892|126.9104702975695886_37.5484316205709661|126.9102030567186858_37.5483158501774241|126.9098751447166222_37.5481333274638018|126.9095562311644869_37.5479092035175839|126.9088702991146818_37.5473486190442571
2026-09-04T03:35:30.187978+09:00,합정역,합정역,POI053,KEY_2,1130001503,양화로,1130020700,양화대교(북측),126.9110864738484850_37.5486558094690892,1130021204,합정동 402,126.9117526504634554_37.5488099012589700,61.0,49.0,원활,126.9117526504634554_37.5488099012589700|126.9114095304818335_37.5487362312337467|126.9110864738484850_37.5486558094690892
2026-09-04T03:35:30.187978+09:00,합정역,합정역,POI053,KEY_2,1130001504,양화로,1130021201,합정동 402,126.9118842718870042_37.5488389364112436,1130052000,합정역8번출구,126.9125610162048474_37.5489924297706352,62.0,47.0,원활,126.9125610162048474_37.5489924297706352|126.9125108300752061_37.5489801444249309|126.9123320541385880_37.5489398539158543|126.9118842718870042_37.5488389364112436
2026-09-04T03:35:30.187978+09:00,합정역,합정역,POI053,KEY_2,1130001505,양화로,1130052000,합정역8번출구,126.9125610162048474_37.5489924297706352,1130021604,합정역교차로,126.9133271355590011_37.5492481379057494,74.0,39.7,원활,126.9133271355590011_37.5492481379057494|126.9131511937065824_37.5491581588815038|126.9128784491420845_37.5490701385518264|126.9125610162048474_37.5489924297706352
2026-09-04T03:35:30.187978+09:00,합정역,합정역,POI053,KEY_2,1130001602,양화로,1130020600,양화대교(북측),126.9111269978420609_37.5485526161926089,1130019000,양화대교(북측),126.9089758149120399_37.5472798488198407,240.0,60.0,원활,126.9089758149120399_37.5472798488198407|126.9096499332892023_37.5478308424299101|126.9099592463067125_37.5480482193369483|126.9102746337613610_37.5482237702880965|126.9105310887964890_37.5483348678804703|126.9111269978420609_37.5485526161926089
2026-09-04T03:35:30.187978+09:00,합정역,합정역,POI053,KEY_2,1130001606,양화로,1130021603,합정역교차로,126.9133979744090510_37.5491558635704337,1130021800,합정역8번출구,126.9126009251802998_37.5488890850710817,77.0,4.0,정체,126.9126009251802998_37.5488890850710817|126.9129239950553085_37.5489681728266333|126.9132139348755288_37.5490617432278029|126.9133979744090510_37.5491558635704337
2026-09-04T03:35:30.187978+09:00,합정역,합정역,POI053,KEY_2,1130002101,양화로,1130021601,합정역교차로,126.9134396891751067_37.5493101529960995,1130022800,합정역(서울2호선),126.9139380043217500_37.5496171809286139,56.0,10.0,정체,126.9139380043217500_37.5496171809286139|126.9138232146117105_37.5495337692831868|126.9134396891751067_37.5493101529960995
2026-09-04T03:35:30.187978+09:00,합정역,합정역,POI053,KEY_2,1130002102,양화로,1130022800,합정역(서울2호선),126.9139380043217500_37.5496171809286139,1130024304,누아갤러리,126.9154925570157388_37.5507467776258252,186.0,34.0,원활,126.9154925570157388_37.5507467776258252|126.9142500058633658_37.5498438974214181|126.9139380043217500_37.5496171809286139
2026-09-04T03:35:30.187978+09:00,합정역,합정역,POI053,KEY_2,1130002201,양화로,1130022400,합정역5번출구,126.9140295476794051_37.5495373218593258,1130021602,합정역교차로,126.9135099145764940_37.5492170875193594,58.0,17.0,서행,126.9135099145764940_37.5492170875193594|126.9139093521257280_37.5494499807109747|126.9140295476794051_37.5495373218593258
2026-09-04T03:35:30.187978+09:00,합정역,합정역,POI053,KEY_2,1130002202,양화로,1130073600,합정동 402,126.9143415490859326_37.5497640377180701,1130022400,합정역5번출구,126.9140295476794051_37.5495373218593258,37.0,15.0,서행,126.9140295476794051_37.5495373218593258|126.9143415490859326_37.5497640377180701
2026-09-04T03:35:30.187978+09:00,합정역,합정역,POI053,KEY_2,1130012502,독막로,1130020103,당인리사거리,126.9200080925505745_37.5478048127950714,1130020302,합정동 402,126.9184253750183302_37.5478817926919461,140.0,27.0,원활,126.9184253750183302_37.5478817926919461|126.9200080925505745_37.5478048127950714
2026-09-04T03:35:30.187978+09:00,합정역,합정역,POI053,KEY_2,1130012504,독막로,1130052100,합정역7번출구,126.9140173730645671_37.5487741682980598,1130021603,합정역교차로,126.9133979744090510_37.5491558635704337,71.0,28.0,원활,126.9133979744090510_37.5491558635704337|126.9135406193636584_37.5489949395947065|126.9136811129909290_37.5488909851792201|126.9137974866256258_37.5488341856604748|126.9139631942102255_37.5487857147723645|126.9140173730645671_37.5487741682980598
2026-09-04T03:35:30.187978+09:00,합정역,합정역,POI053,KEY_2,1130012505,독막로,1130136100,합정동 402,126.9148352538110629_37.5486026780129691,1130052100,합정역7번출구,126.9140173730645671_37.5487741682980598,75.0,30.0,원활,126.9140173730645671_37.5487741682980598|126.9143677077482124_37.5486995039643006|126.9148352538110629_37.5486026780129691
2026-09-04T03:35:30.187978+09:00,합정역,합정역,POI053,KEY_2,1130012601,독막로,1130021602,합정역교차로,126.9135099145764940_37.5492170875193594,1130021400,합정역6번출구,126.9140524865152884_37.5488786114665416,63.0,11.0,정체,126.9140524865152884_37.5488786114665416|126.9140042501253305_37.5488888909759595|126.9138569670299148_37.5489319720761685|126.9137636338956270_37.5489775269032293|126.9136434160954963_37.5490664775041694|126.9135099145764940_37.5492170875193594
2026-09-04T03:35:30.187978+09:00,합정역,합정역,POI053,KEY_2,1130012602,독막로,1130186000,합정동 402,126.9177339751904867_37.5481133092591222,1130020304,합정동 402,126.9183338437030670_37.5480000256765933,55.0,24.0,서행,126.9183338437030670_37.5480000256765933|126.9181046943702569_37.5480347619131436|126.9177339751904867_37.5481133092591222
2026-09-04T03:35:30.187978+09:00,합정역,합정역,POI053,KEY_2,1130012603,독막로,1130020301,합정동 402,126.9184724577285692_37.5479878247379446,1130020104,당인리사거리,126.9200163735166598_37.5479127310459049,137.0,19.0,서행,126.9200163735166598_37.5479127310459049|126.9184724577285692_37.5479878247379446
2026-09-04T03:35:30.187978+09:00,합정역,합정역,POI053,KEY_2,1130014101,월드컵로,1130021604,합정역교차로,126.9133271355590011_37.5492481379057494,1130022900,합정역9번출구,126.9130418149968449_37.5497885897765329,65.0,7.0,정체,126.9130418149968449_37.5497885897765329|126.9130982247336163_37.5496351327381603|126.9132269055929783_37.5494015408536583|126.9133271355590011_37.5492481379057494
2026-09-04T03:35:30.187978+09:00,합정역,합정역,POI053,KEY_2,1130014102,월드컵로,1130135600,합정동 402,126.9128188401226964_37.5505027227293695,1130025203,합정동주민센터,126.9124127492584506_37.5518459734548173,153.0,17.0,서행,126.9124127492584506_37.5518459734548173|126.9128188401226964_37.5505027227293695
2026-09-04T03:35:30.187978+09:00,합정역,합정역,POI053,KEY_2,1130014103,월드컵로,1130076100,합정동 426-38,126.9121437730441926_37.5527273387387908,1130026004,성산초교앞교차로,126.9116840665830637_37.5541751613641424,166.0,15.0,서행,126.9116840665830637_37.5541751613641424|126.9117399457097122_37.5540497782302225|126.9121437730441926_37.5527273387387908
2026-09-04T03:35:30.187978+09:00,합정역,합정역,POI053,KEY_2,1130014201,월드컵로,1130023000,합정역9번출구,126.9131721455813278_37.5498189592265703,1130021601,합정역교차로,126.9134396891751067_37.5493101529960995,61.0,39.0,원활,126.9134396891751067_37.5493101529960995|126.9133494569869924_37.5494482548088371|126.9132260984452927_37.5496721848271662|126.9131721455813278_37.5498189592265703
2026-09-04T03:35:30.187978+09:00,합정역,합정역,POI053,KEY_2,1130053300,포은로,1130154200,망원동 338-40,126.9064483679028399_37.5529482132002812,1130025401,망원동 394-30,126.9065874791183859_37.5526696222780956,33.0,24.0,서행,126.9065874791183859_37.5526696222780956|126.9064483679028399_37.5529482132002812
2026-09-04T03:35:30.187978+09:00,합정역,합정역,POI053,KEY_2,1130014202,월드컵로,1130025202,합정동주민센터,126.9125490838489583_37.5518570392708213,1130023000,합정역9번출구,126.9131721455813278_37.5498189592265703,233.0,18.0,서행,126.9131721455813278_37.5498189592265703|126.9131331753272036_37.5499249762533154|126.9129508683919170_37.5505280238880061|126.9125490838489583_37.5518570392708213
2026-09-04T03:35:30.187978+09:00,합정역,합정역,POI053,KEY_2,1130014203,월드컵로,1130076000,서교동 419-2,126.9122757323099222_37.5527528799291730,1130025201,합정동주민센터,126.9125164449968679_37.5519645743570578,90.0,20.0,서행,126.9125164449968679_37.5519645743570578|126.9124004277404225_37.5523445193010375|126.9122757323099222_37.5527528799291730
2026-09-04T03:35:30.187978+09:00,합정역,합정역,POI053,KEY_2,1130014301,동교로,1130024907,망원동211-43,126.9034465315685054_37.5516644094111740,1130005109,망원정사거리,126.9047886652220853_37.5520868600659128,128.0,23.0,서행,126.9047886652220853_37.5520868600659128|126.9041212381203536_37.5518767713203019|126.9034525233849280_37.5516662722900705|126.9034465315685054_37.5516644094111740
2026-09-04T03:35:30.187978+09:00,합정역,합정역,POI053,KEY_2,1130015101,동교로,1130063700,망원동 394-30,126.9061706467434902_37.5525344400519927,1130025404,망원동 394-30,126.9064616665168330_37.5526289096231380,28.0,29.0,원활,126.9064616665168330_37.5526289096231380|126.9061706467434902_37.5525344400519927
2026-09-04T03:35:30.187978+09:00,합정역,합정역,POI053,KEY_2,1130015102,동교로,1130134300,망원동 378-19,126.9109885347377400_37.5540892854917487,1130026005,성산초교앞교차로,126.9116312431169007_37.5542756338722938,61.0,33.0,원활,126.9116312431169007_37.5542756338722938|126.9114168624829375_37.5542274409565024|126.9109885347377400_37.5540892854917487
2026-09-04T03:35:30.187978+09:00,합정역,합정역,POI053,KEY_2,1130015201,동교로,1130190800,망원동 394-30,126.9058348256742477_37.5523086644254889,1130005107,망원정사거리,126.9051109710454455_37.5520736822240480,69.0,40.0,원활,126.9051109710454455_37.5520736822240480|126.9054727866373042_37.5521911377965623|126.9058348256742477_37.5523086644254889
2026-09-04T03:35:30.187978+09:00,합정역,합정역,POI053,KEY_2,1130015202,동교로,1130086800,망원동 394-30,126.9071685873662005_37.5527404272813783,1130025402,망원동 394-30,126.9066384824819806_37.5525694180905347,51.0,20.0,서행,126.9066384824819806_37.5525694180905347|126.9071685873662005_37.5527404272813783
2026-09-04T03:35:30.187978+09:00,합정역,합정역,POI053,KEY_2,1130016302,희우정로,1130005109,망원정사거리,126.9047886652220853_37.5520868600659128,1130005104,망원동397-5,126.9026414056871062_37.5535367246284864,249.0,10.0,정체,126.9026414056871062_37.5535367246284864|126.9031199330166686_37.5532132140255897|126.9034056646777913_37.5530200415522373|126.9042858127946261_37.5524249957153984|126.9046395349854492_37.5521858485710567|126.9047886652220853_37.5520868600659128
2026-09-04T03:35:30.187978+09:00,합정역,합정역,POI053,KEY_2,1130016401,희우정로,1130091800,망원동 397-5,126.9043737164451358_37.5525074096072515,1130005106,망원정사거리,126.9049321405859132_37.5521323908787252,65.0,30.5,원활,126.9049321405859132_37.5521323908787252|126.9047269699466938_37.5522685793953812|126.9043737164451358_37.5525074096072515
2026-09-04T03:35:30.187978+09:00,합정역,합정역,POI053,KEY_2,1130016601,동교로,1130112700,서교동 480-4,126.9128544885335685_37.5543811077444118,1130026003,성산초교앞교차로,126.9118165724208609_37.5542011783164611,94.0,30.0,원활,126.9118165724208609_37.5542011783164611|126.9128544885335685_37.5543811077444118
2026-09-04T03:35:30.187978+09:00,합정역,합정역,POI053,KEY_2,1130017600,월드컵로,1130269900,서교동 475-24,126.9110403993826708_37.5551324974902272,1130026001,성산초교앞교차로,126.9117481199565418_37.5543318244504860,109.0,21.0,서행,126.9117481199565418_37.5543318244504860|126.9117217336388137_37.5543764564183462|126.9115952004829921_37.5545358301992565|126.9110403993826708_37.5551324974902272
2026-09-04T03:35:30.187978+09:00,합정역,합정역,POI053,KEY_2,1130040300,토정로,1130093900,당인동 32-5,126.9190249087932756_37.5452938711510740,1130016703,정촌빌딩,126.9173355133907251_37.5453976341282143,150.0,39.0,원활,126.9173355133907251_37.5453976341282143|126.9179879318845536_37.5453575653633322|126.9186745789707089_37.5453153904837649|126.9190249087932756_37.5452938711510740
2026-09-04T03:35:30.187978+09:00,합정역,합정역,POI053,KEY_2,1130041101,토정로,1130183900,합정동 198-37,126.9125265728405765_37.5456473243354907,1130051902,양화진지하차도,126.9116494291067738_37.5456921203351399,78.0,33.3,원활,126.9116494291067738_37.5456921203351399|126.9125265728405765_37.5456473243354907
2026-09-04T03:35:30.187978+09:00,합정역,합정역,POI053,KEY_2,1130041102,양화진길,1130051902,양화진지하차도,126.9116494291067738_37.5456921203351399,1130020002,합정동 378-23,126.9123577034040693_37.5476409177885841,225.0,13.0,정체,126.9123577034040693_37.5476409177885841|126.9120955278425953_37.5469227221206481|126.9118933519104644_37.5463280646940518|126.9118639920289553_37.5462417080414497|126.9116494291067738_37.5456921203351399
2026-09-04T03:35:30.187978+09:00,합정역,합정역,POI053,KEY_2,1130041200,토정로,1130062500,합정동 404,126.9169479797956228_37.5455371484787008,1130016705,정촌빌딩,126.9171919837363589_37.5455165733101737,22.0,26.0,원활,126.9171919837363589_37.5455165733101737|126.9169479797956228_37.5455371484787008
2026-09-04T03:35:30.187978+09:00,합정역,합정역,POI053,KEY_2,1130041500,강변북로,1130018200,양화대교(북측),126.9102416078398505_37.5466718111709170,1130016600,잠두봉지하차도,126.9106610590066850_37.5454299420450894,148.0,56.0,원활,126.9106610590066850_37.5454299420450894|126.9103725279893240_37.5457364234116469|126.9103004095069025_37.5458612660095810|126.9102507538453466_37.5459862211416819|126.9102386300255318_37.5460994395440792|126.9102448257733329_37.5462634269317874|126.9102473956978230_37.5464124910196304|126.9102416078398505_37.5466718111709170
2026-09-04T03:35:30.187978+09:00,합정역,합정역,POI053,KEY_2,1130042300,강변북로,1130018200,양화대교(북측),126.9102416078398505_37.5466718111709170,1130017400,양화대교(북측),126.9083263926780347_37.5461870828408806,213.0,45.3,서행,126.9083263926780347_37.5461870828408806|126.9086815580021295_37.5460469364801028|126.9089104715153553_37.5459795194566013|126.9091091277169596_37.5459507036203561|126.9092925034494357_37.5459605637004188|126.9095168029035676_37.5460034206055084|126.9097221477106672_37.5460759910495838|126.9098898204880044_37.5461781842636242|126.9100273785922894_37.5463010934854751|126.9101199879446682_37.5464267596339738|126.9102416078398505_37.5466718111709170
2026-09-04T03:35:30.187978+09:00,합정역,합정역,POI053,KEY_2,1130043000,독막로8길,1130073900,합정동 402-1,126.9177526088323447_37.5463811553820648,1130016702,정촌빌딩,126.9173485910594650_37.5454940535949220,105.0,17.0,서행,126.9173485910594650_37.5454940535949220|126.9175285690358805_37.5458892339993113|126.9177526088323447_37.5463811553820648
2026-09-04T03:35:30.187978+09:00,합정역,합정역,POI053,KEY_2,1130043100,독막로8길,1130082900,합정동 402-1,126.9180671577792907_37.5473994313994197,1130020303,합정동 402,126.9182880539808735_37.5478969049352216,59.0,22.0,서행,126.9182880539808735_37.5478969049352216|126.9180671577792907_37.5473994313994197
2026-09-04T03:35:30.187978+09:00,합정역,합정역,POI053,KEY_2,1130043600,강변북로,1130017700,양화대교(북측),126.9091923154714152_37.5466689501214006,1130019000,양화대교(북측),126.9089758149120399_37.5472798488198407,269.0,51.0,원활,126.9089758149120399_37.5472798488198407|126.9092704009022299_37.5474014805923133|126.9095213494077257_37.5474838189884323|126.9096589738032463_37.5475035859526187|126.9098028895845260_37.5474852273027864|126.9099350121042136_37.5474429604955517|126.9100270967485216_37.5473820114679029|126.9100875149351708_37.5473167305853863|126.9101369139921047_37.5472245662991782|126.9101638016301052_37.5471382503673894|126.9101794580799663_37.5470518790335888|126.9101727697353823_37.5469504908747425|126.9101436876654674_37.5468400477573425|126.9100994191457374_37.5467563581366903|126.9100214803409585_37.5466695190838564|126.9099322148413620_37.5465945474034370|126.9098239967981527_37.5465492905363973|126.9097267976512313_37.5465309187861465|126.9096182270967574_37.5465303762252063|126.9095283045494966_37.5465388695537357|126.9093707102214665_37.5465827967285577|126.9091923154714152_37.5466689501214006
2026-09-04T03:35:30.187978+09:00,합정역,합정역,POI053,KEY_2,1130044800,강변북로,1130020600,양화대교(북측),126.9111269978420609_37.5485526161926089,1130018200,양화대교(북측),126.9102416078398505_37.5466718111709170,232.0,44.7,서행,126.9102416078398505_37.5466718111709170|126.9103448964562659_37.5473430570484155|126.9103986365779804_37.5476503707893841|126.9104238574202981_37.5477756999008818|126.9105048846684127_37.5479460230307964|126.9105824276039556_37.5480835372061037|126.9106640651950073_37.5481763558913002|126.9108350419256226_37.5483352032103284|126.9109652588307142_37.5484401893999191|126.9111269978420609_37.5485526161926089
2026-09-04T03:35:30.187978+09:00,합정역,합정역,POI053,KEY_2,1130045900,양화로,1130156400,합정동 380-8,126.9118151967610686_37.5482356448082584,1130021203,합정동 402,126.9117684440008702_37.5487013098127989,52.0,16.0,서행,126.9117684440008702_37.5487013098127989|126.9118151967610686_37.5482356448082584
2026-09-04T03:35:30.187978+09:00,합정역,합정역,POI053,KEY_2,1130046200,양화진길,1130148400,합정동 406,126.9120365373734387_37.5462972046876189,1130051901,양화진지하차도,126.9118049451303278_37.5457925206284528,60.0,14.0,정체,126.9118049451303278_37.5457925206284528|126.9118907104063112_37.5459270532487039|126.9119814830364277_37.5461349975885597|126.9120365373734387_37.5462972046876189
2026-09-04T03:35:30.187978+09:00,합정역,합정역,POI053,KEY_2,1130046300,양화진길,1130020001,합정동 406,126.9124089735466470_37.5477549671771911,1130021800,합정역8번출구,126.9126009251802998_37.5488890850710817,178.0,26.0,원활,126.9126009251802998_37.5488890850710817|126.9129052599318044_37.5488590463041163|126.9130897233898594_37.5488362968600953|126.9126784164114241_37.5482505084113853|126.9124089735466470_37.5477549671771911
2026-09-04T03:35:30.187978+09:00,합정역,합정역,POI053,KEY_2,1130047000,강변북로,1130020801,양화대교(북측),126.9101361694712296_37.5485270306192120,1130020700,양화대교(북측),126.9110864738484850_37.5486558094690892,85.0,52.7,원활,126.9110864738484850_37.5486558094690892|126.9102173533760265_37.5485274362036847|126.9101361694712296_37.5485270306192120
2026-09-04T03:35:30.187978+09:00,합정역,합정역,POI053,KEY_2,1130047200,강변북로,1130020901,한국전기전자시험연구원서울지원,126.9092400003074346_37.5485532513566937,1130020802,양화대교(북측),126.9099980412515833_37.5485263406705485,67.0,54.0,원활,126.9099980412515833_37.5485263406705485|126.9098848919468878_37.5485257755875352|126.9096197927881491_37.5485280272938056|126.9092400003074346_37.5485532513566937
2026-09-04T03:35:30.187978+09:00,합정역,합정역,POI053,KEY_2,1130047500,강변북로,1130021100,양화대교(북측),126.9082218508906692_37.5486104598507637,1130020902,한국전기전자시험연구원서울지원,126.9090527936751158_37.5485656841098177,74.0,54.0,원활,126.9090527936751158_37.5485656841098177|126.9085679039440464_37.5485978845830530|126.9082218508906692_37.5486104598507637
2026-09-04T03:35:30.187978+09:00,합정역,합정역,POI053,KEY_2,1130048500,양화로,1130022400,합정역5번출구,126.9140295476794051_37.5495373218593258,1130021400,합정역6번출구,126.9140524865152884_37.5488786114665416,86.0,10.0,정체,126.9140524865152884_37.5488786114665416|126.9139230246069445_37.5489343484288156|126.9138762522378556_37.5489900978359401|126.9138420413620167_37.5490572990694389|126.9138329563527492_37.5491459732028474|126.9138508086349617_37.5492446788838663|126.9140295476794051_37.5495373218593258
2026-09-04T03:35:30.187978+09:00,합정역,합정역,POI053,KEY_2,1130049000,양화로,1130052000,합정역8번출구,126.9125610162048474_37.5489924297706352,1130022900,합정역9번출구,126.9130418149968449_37.5497885897765329,105.0,37.0,원활,126.9130418149968449_37.5497885897765329|126.9130618100318912_37.5495401812596441|126.9130421428666295_37.5494586372446904|126.9130134806158026_37.5493885292777207|126.9129740362242984_37.5493212749275216|126.9129004782609655_37.5492368304858175|126.9125610162048474_37.5489924297706352
2026-09-04T03:35:30.187978+09:00,합정역,합정역,POI053,KEY_2,1130049100,포은로,1130159900,합정동 407,126.9090599403653243_37.5494558051850191,1130024204,양화진공원,126.9081052504389504_37.5502802985279587,124.0,27.0,원활,126.9081052504389504_37.5502802985279587|126.9090599403653243_37.5494558051850191
2026-09-04T03:35:30.187978+09:00,합정역,합정역,POI053,KEY_2,1130049200,포은로,1130087400,합정동 407,126.9099495376151907_37.5488516698183616,1130020801,양화대교(북측),126.9101361694712296_37.5485270306192120,41.0,27.0,원활,126.9101361694712296_37.5485270306192120|126.9101056044401190_37.5486532711152776|126.9100648038296697_37.5487471853466914|126.9100156633384415_37.5488022052165391|126.9099495376151907_37.5488516698183616
2026-09-04T03:35:30.187978+09:00,합정역,합정역,POI053,KEY_2,1130049300,양화로,1130023000,합정역9번출구,126.9131721455813278_37.5498189592265703,1130022800,합정역(서울2호선),126.9139380043217500_37.5496171809286139,76.0,24.0,서행,126.9139380043217500_37.5496171809286139|126.9136402094506622_37.5496006797627686|126.9135395936122848_37.5496106180248574|126.9134569354612267_37.5496277214884771|126.9133796540536849_37.5496562715165325|126.9131721455813278_37.5498189592265703
2026-09-04T03:35:30.187978+09:00,합정역,합정역,POI053,KEY_2,1130050900,희우정로,1130138600,합정동 442-13,126.9053671269604564_37.5517187628927047,1130005108,망원정사거리,126.9049245136665292_37.5520133571673611,52.0,26.0,원활,126.9049245136665292_37.5520133571673611|126.9049996895268606_37.5519980826211324|126.9050541918936830_37.5519753005798123|126.9053671269604564_37.5517187628927047
2026-09-04T03:35:30.187978+09:00,합정역,합정역,POI053,KEY_2,1130051000,희우정로,1130147700,합정동 407,126.9086182180221840_37.5491269928968379,1130020901,한국전기전자시험연구원서울지원,126.9092400003074346_37.5485532513566937,84.0,26.0,원활,126.9092400003074346_37.5485532513566937|126.9090294120417752_37.5487607496119153|126.9088628974909767_37.5489201303545315|126.9086182180221840_37.5491269928968379
2026-09-04T03:35:30.187978+09:00,합정역,합정역,POI053,KEY_2,1130051300,포은로,1130063900,합정동 441-34,126.9066598233272600_37.5522450186794572,1130025403,망원동 394-30,126.9065126723004227_37.5525287058559130,34.0,27.0,원활,126.9065126723004227_37.5525287058559130|126.9066598233272600_37.5522450186794572
2026-09-04T03:35:30.187978+09:00,합정역,합정역,POI053,KEY_2,1130051400,포은로,1130131100,합정동 436-31,126.9072140139262928_37.5511825775689090,1130024202,양화진공원,126.9081119283490011_37.5504322494886082,115.0,25.0,원활,126.9081119283490011_37.5504322494886082|126.9072341444415741_37.5511567441295568|126.9072140139262928_37.5511825775689090
2026-09-04T03:35:30.187978+09:00,합정역,합정역,POI053,KEY_2,1130051501,월드컵로5길,1130091000,합정동 407,126.9091548338343785_37.5510585332406777,1130024203,양화진공원,126.9082050934984238_37.5503535841661247,115.0,19.0,서행,126.9082050934984238_37.5503535841661247|126.9091548338343785_37.5510585332406777
2026-09-04T03:35:30.187978+09:00,합정역,합정역,POI053,KEY_2,1130051502,월드컵로5길,1130025203,합정동주민센터,126.9124127492584506_37.5518459734548173,1130024207,합정동주민센터,126.9110609932505014_37.5516236888938550,122.0,9.0,정체,126.9110609932505014_37.5516236888938550|126.9120426543793059_37.5517851162292402|126.9124127492584506_37.5518459734548173
2026-09-04T03:35:30.187978+09:00,합정역,합정역,POI053,KEY_2,1130051601,월드컵로5길,1130159000,합정동 426-6,126.9120151858922725_37.5518910005306523,1130025204,합정동주민센터,126.9123807963445927_37.5519511205839720,33.0,18.0,서행,126.9123807963445927_37.5519511205839720|126.9120151858922725_37.5518910005306523
2026-09-04T03:35:30.187978+09:00,합정역,합정역,POI053,KEY_2,1130051602,월드컵로5길,1130153500,합정동 430-13,126.9098042748595532_37.5515274185667920,1130024209,합정동주민센터,126.9109004564532199_37.5517076897151370,99.0,15.0,서행,126.9109004564532199_37.5517076897151370|126.9100423399230380_37.5515665701927546|126.9098042748595532_37.5515274185667920
2026-09-04T03:35:30.187978+09:00,합정역,합정역,POI053,KEY_2,1130051900,양화로7길,1130145700,서교동 492,126.9135974368144701_37.5520222797338405,1130025202,합정동주민센터,126.9125490838489583_37.5518570392708213,95.0,11.0,정체,126.9125490838489583_37.5518570392708213|126.9126682083433053_37.5518592833619991|126.9129354976850976_37.5518998472612608|126.9129556993787276_37.5519035838338127|126.9135974368144701_37.5520222797338405
2026-09-04T03:35:30.187978+09:00,합정역,합정역,POI053,KEY_2,1130052000,양화로7길,1130138000,서교동 419,126.9152338094359038_37.5512625596168448,1130024301,누아갤러리,126.9155934469087441_37.5508218968336536,58.0,7.0,정체,126.9155934469087441_37.5508218968336536|126.9153007619960079_37.5511871879382042|126.9152338094359038_37.5512625596168448
2026-09-04T03:35:30.187978+09:00,합정역,합정역,POI053,KEY_2,1130087400,양화로3길,1130115500,합정동 407,126.9115648474776918_37.5495020430743978,1130024208,합정동주민센터,126.9109279262303147_37.5516018062342454,240.0,13.0,정체,126.9109279262303147_37.5516018062342454|126.9111023091478216_37.5510270793224734|126.9113023466319703_37.5503436587212889|126.9115648474776918_37.5495020430743978
2026-09-04T03:35:30.187978+09:00,합정역,합정역,POI053,KEY_2,1130087500,양화로3길,1130115600,합정동 407,126.9116969527201491_37.5495270854960594,1130021201,합정동 402,126.9118842718870042_37.5488389364112436,78.0,18.0,서행,126.9118842718870042_37.5488389364112436|126.9118474626460227_37.5490170505902370|126.9116969527201491_37.5495270854960594
2026-09-04T03:35:30.187978+09:00,혜화역,혜화역,POI054,KEY_3,1000015503,창경궁로,1000120100,명륜4가 193-2,126.9985288416550162_37.5829009806544079,1000024004,성균관대입구교차로,126.9986638311449383_37.5830208076827219,18.0,32.0,원활,126.9986638311449383_37.5830208076827219|126.9985288416550162_37.5829009806544079
2026-09-04T03:35:30.187978+09:00,혜화역,혜화역,POI054,KEY_3,1000015901,대학로,1000236800,연건동 72-4,127.0021346925376946_37.5789034735153820,1000022603,한국방송통신대학교(본부),127.0021125194726324_37.5799473301568696,116.0,25.0,원활,127.0021125194726324_37.5799473301568696|127.0021203558879392_37.5795784131897079|127.0021346925376946_37.5789034735153820
2026-09-04T03:35:30.187978+09:00,혜화역,혜화역,POI054,KEY_3,1000015902,대학로,1000124400,명륜4가 96-5,127.0019273467155188_37.5817580324666949,1000023903,혜화역(서울4호선),127.0018302545112618_37.5823277329186567,64.0,24.0,서행,127.0018302545112618_37.5823277329186567|127.0019273467155188_37.5817580324666949
2026-09-04T03:35:30.187978+09:00,혜화역,혜화역,POI054,KEY_3,1000015903,대학로,1000202900,혜화동 142-1,127.0015583946770761_37.5838121669841811,1000024902,혜화동로터리,127.0012507868207052_37.5852575963595541,163.0,17.0,서행,127.0012507868207052_37.5852575963595541|127.0012954946977146_37.5851403426576383|127.0015151443531352_37.5840477506560759|127.0015583946770761_37.5838121669841811
2026-09-04T03:35:30.187978+09:00,혜화역,혜화역,POI054,KEY_3,1000016001,대학로,1000077100,연건동 1-4,127.0022561877208460_37.5795802406985615,1000020701,이화사거리,127.0022876778822081_37.5762198333443180,373.0,29.0,원활,127.0022876778822081_37.5762198333443180|127.0023282656139543_37.5764645289926591|127.0023018153618324_37.5775057466467217|127.0022922645341055_37.5778817090708159|127.0022834454863130_37.5782969256252741|127.0022705236376055_37.5789053010155030|127.0022561877208460_37.5795802406985615
2026-09-04T03:35:30.187978+09:00,혜화역,혜화역,POI054,KEY_3,1000016002,대학로,1000124500,동숭동 67-4,127.0020619699124040_37.5817725636609126,1000022601,한국방송통신대학교(본부),127.0022442668778240_37.5800599005851765,191.0,29.0,원활,127.0022442668778240_37.5800599005851765|127.0022178609099228_37.5805652414491789|127.0022131705630528_37.5806550016484948|127.0021794886454671_37.5809920829626023|127.0021433747690480_37.5812948986010511|127.0020619699124040_37.5817725636609126
2026-09-04T03:35:30.187978+09:00,혜화역,혜화역,POI054,KEY_3,1000016003,대학로,1000107300,동숭동 67-4,127.0018197389143069_37.5831364940714252,1000023901,혜화역(서울4호선),127.0019456426901030_37.5824506710265140,77.0,33.0,원활,127.0019456426901030_37.5824506710265140|127.0018197389143069_37.5831364940714252
2026-09-04T03:35:30.187978+09:00,혜화역,혜화역,POI054,KEY_3,1000017701,창경궁로,1000075400,명륜2가 4-1,127.0006454828255755_37.5850130052527689,1000025002,혜화동로터리,127.0009399906732597_37.5853547783758302,46.0,28.0,원활,127.0009399906732597_37.5853547783758302|127.0007320440542742_37.5851134590106781|127.0006454828255755_37.5850130052527689
2026-09-04T03:35:30.187978+09:00,혜화역,혜화역,POI054,KEY_3,1000017801,창경궁로,1000087700,명륜2가 168-2,126.9993716108596118_37.5834928951299361,1000024002,성균관대입구교차로,126.9988439471047315_37.5830191594735439,70.0,14.0,정체,126.9988439471047315_37.5830191594735439|126.9993716108596118_37.5834928951299361
2026-09-04T03:35:30.187978+09:00,혜화역,혜화역,POI054,KEY_3,1000019001,성균관로,1000178200,명륜2가 204-1,126.9983129803109563_37.5835686144698613,1000024001,성균관대입구교차로,126.9987566656751170_37.5831037931408574,65.0,19.0,서행,126.9987566656751170_37.5831037931408574|126.9987062683989052_37.5831610623215369|126.9983129803109563_37.5835686144698613
2026-09-04T03:35:30.187978+09:00,혜화역,혜화역,POI054,KEY_3,1000019401,창경궁로,1000025301,혜화동로터리,127.0014820459859806_37.5857949668899423,1000025001,혜화동로터리,127.0010427623787166_37.5852828685383429,69.0,17.0,서행,127.0010427623787166_37.5852828685383429|127.0012603459444875_37.5855353690346234|127.0014820459859806_37.5857949668899423
2026-09-04T03:35:30.187978+09:00,혜화역,혜화역,POI054,KEY_3,1000037300,대학로.창경궁로.사이길,1000022603,한국방송통신대학교(본부),127.0021125194726324_37.5799473301568696,1000021801,서울대학교병원,126.9999250498313188_37.5790799916106337,234.0,16.0,서행,126.9999250498313188_37.5790799916106337|126.9999582925761530_37.5791735370360058|127.0000242879586523_37.5793082716843685|127.0001113530142334_37.5794320871287724|127.0001968016411524_37.5795253200711130|127.0002891946536181_37.5795862468942587|127.0004562226640843_37.5796532695046324|127.0014768206154230_37.5799259793942610|127.0015759343299493_37.5799389443158844|127.0021125194726324_37.5799473301568696
2026-09-04T03:35:30.187978+09:00,혜화역,혜화역,POI054,KEY_3,1000037400,대학로.창경궁로.사이길,1000021804,서울대학교병원,126.9997943261698339_37.5791094160175589,1000022604,한국방송통신대학교(본부),127.0021085317335547_37.5800554081267109,249.0,12.0,정체,127.0021085317335547_37.5800554081267109|127.0015635196683945_37.5800468907569041|127.0014439712545311_37.5800312519269823|127.0004037537713657_37.5797532998443131|127.0002143337454470_37.5796772915910893|127.0000970514567342_37.5795999531285929|126.9999967882396703_37.5794905553830176|126.9999011375092977_37.5793545286769728|126.9998293471492445_37.5792079639012684|126.9997943261698339_37.5791094160175589
2026-09-04T03:35:30.187978+09:00,혜화역,혜화역,POI054,KEY_3,1000039000,대학로11길,1000034800,명륜4가 82-6,127.0007214609778856_37.5823234224516582,1000023904,혜화역(서울4호선),127.0018112128841636_37.5824350409261996,97.0,7.0,정체,127.0018112128841636_37.5824350409261996|127.0013170961387061_37.5824067215044337|127.0011475248667807_37.5823910766211640|127.0007214609778856_37.5823234224516582
2026-09-04T03:35:30.187978+09:00,혜화역,혜화역,POI054,KEY_3,1000039800,창경궁로,1000024902,혜화동로터리,127.0012507868207052_37.5852575963595541,1000025001,혜화동로터리,127.0010427623787166_37.5852828685383429,19.0,19.0,서행,127.0010427623787166_37.5852828685383429|127.0010750786859717_37.5852722322397241|127.0011514658529279_37.5852579282541015|127.0012383383490402_37.5852555433470172|127.0012507868207052_37.5852575963595541
2026-09-04T03:35:30.187978+09:00,혜화역,혜화역,POI054,KEY_3,1000039900,창경궁로,1000025301,혜화동로터리,127.0014820459859806_37.5857949668899423,1000024901,혜화동로터리,127.0013812786190641_37.5852877246657400,67.0,23.0,서행,127.0013812786190641_37.5852877246657400|127.0014090861534584_37.5852960681010373|127.0014914662075114_37.5853520881352452|127.0015543752309242_37.5854176435789853|127.0015933195411719_37.5854927354248147|127.0016082988245216_37.5855654435582309|127.0015978153254110_37.5856453041188914|127.0015648653472908_37.5857072856721359|127.0015019588968812_37.5857823788507091|127.0014820459859806_37.5857949668899423
2026-09-04T03:35:30.187978+09:00,홍대입구역(2호선),홍대입구역(2호선),POI055,KEY_4,1130002502,양화로,1130025901,서교동 427,126.9198881225875368_37.5540412931764607,1130027404,홍대입구역앞교차로,126.9214584654919236_37.5552173006732275,190.0,14.0,정체,126.9214584654919236_37.5552173006732275|126.9198881225875368_37.5540412931764607
2026-09-04T03:35:30.187978+09:00,홍대입구역(2호선),홍대입구역(2호선),POI055,KEY_4,1130003701,양화로,1130273800,동교동 155-55,126.9227158165769538_37.5561519142828715,1130030004,홍대입구역(서울2호선),126.9240038282710827_37.5571089892898087,156.0,23.0,서행,126.9240038282710827_37.5571089892898087|126.9227158165769538_37.5561519142828715
2026-09-04T03:35:30.187978+09:00,홍대입구역(2호선),홍대입구역(2호선),POI055,KEY_4,1130003702,양화로,1130030001,홍대입구역(서울2호선),126.9241024975835899_37.5571832879291989,1130031303,대성카센터,126.9247680509792247_37.5576912738708160,81.0,12.0,정체,126.9247680509792247_37.5576912738708160|126.9241024975835899_37.5571832879291989
2026-09-04T03:35:30.187978+09:00,홍대입구역(2호선),홍대입구역(2호선),POI055,KEY_4,1130003703,양화로,1130260400,동교동 155-54,126.9256281988244410_37.5583324442910680,1130032300,동교동삼거리,126.9260758648074869_37.5586455831952080,53.0,16.0,서행,126.9260758648074869_37.5586455831952080|126.9259516460622734_37.5585781495251254|126.9256756439668692_37.5583677527849815|126.9256281988244410_37.5583324442910680
2026-09-04T03:35:30.187978+09:00,홍대입구역(2호선),홍대입구역(2호선),POI055,KEY_4,1130003801,양화로,1130273900,동교동 155-55,126.9228084843940536_37.5560728745735588,1130027402,홍대입구역앞교차로,126.9216455946868933_37.5552087411659343,141.0,23.0,서행,126.9216455946868933_37.5552087411659343|126.9228084843940536_37.5560728745735588
2026-09-04T03:35:30.187978+09:00,홍대입구역(2호선),홍대입구역(2호선),POI055,KEY_4,1130015901,홍익로,1130154700,서교동 427,126.9220359643673390_37.5546826076917313,1130027403,홍대입구역앞교차로,126.9215460181029016_37.5551344303407504,66.0,14.0,정체,126.9215460181029016_37.5551344303407504|126.9217237952683917_37.5549495724854268|126.9220359643673390_37.5546826076917313
2026-09-04T03:35:30.187978+09:00,홍대입구역(2호선),홍대입구역(2호선),POI055,KEY_4,1130015902,홍익로,1130109300,서교동 406,126.9231648679629956_37.5537171543489379,1130005308,서교푸르지오아파트,126.9225993071129750_37.5542008340247122,73.0,13.0,정체,126.9225993071129750_37.5542008340247122|126.9228527697001851_37.5539840685397763|126.9231648679629956_37.5537171543489379
2026-09-04T03:35:30.187978+09:00,홍대입구역(2호선),홍대입구역(2호선),POI055,KEY_4,1130016002,홍익로,1130119400,동교동 155-55,126.9224863431878845_37.5544561207342085,1130005306,속성변화점,126.9226010481489340_37.5543580239452197,15.0,8.0,정체,126.9226010481489340_37.5543580239452197|126.9224863431878845_37.5544561207342085
2026-09-04T03:35:30.187978+09:00,홍대입구역(2호선),홍대입구역(2호선),POI055,KEY_4,1130016702,동교로,1130238700,서교동 446-18,126.9190392211144172_37.5556218287363777,1130028604,롯데호텔L7(홍대),126.9204652226422638_37.5560637316398740,135.0,34.0,원활,126.9204652226422638_37.5560637316398740|126.9198761792323324_37.5558814033141104|126.9196325327701231_37.5558059855936079|126.9193242097296093_37.5557102862871091|126.9191763653079903_37.5556643970031701|126.9190392211144172_37.5556218287363777
2026-09-04T03:35:30.187978+09:00,홍대입구역(2호선),홍대입구역(2호선),POI055,KEY_4,1130016900,월드컵북로,1130267400,서교동 427,126.9210494203991146_37.5555664569088208,1130028603,롯데호텔L7(홍대),126.9205661479972775_37.5559789666732442,63.0,22.0,서행,126.9205661479972775_37.5559789666732442|126.9210494203991146_37.5555664569088208
2026-09-04T03:35:30.187978+09:00,홍대입구역(2호선),홍대입구역(2호선),POI055,KEY_4,1130017000,월드컵북로,1130267500,동교동 155-55,126.9211487362349544_37.5556402014086004,1130027401,홍대입구역앞교차로,126.9215575669487777_37.5552912277757187,53.0,27.0,원활,126.9215575669487777_37.5552912277757187|126.9211487362349544_37.5556402014086004
2026-09-04T03:35:30.187978+09:00,홍대입구역(2호선),홍대입구역(2호선),POI055,KEY_4,1130018301,동교로,1130234800,동교동 201-12,126.9223714576705504_37.5573415856685884,1130031703,우성빌딩,126.9229594770721690_37.5579740539319573,88.0,23.0,서행,126.9229594770721690_37.5579740539319573|126.9225761142016040_37.5575121455362435|126.9224853349252271_37.5574284446085400|126.9223714576705504_37.5573415856685884
2026-09-04T03:35:30.187978+09:00,홍대입구역(2호선),홍대입구역(2호선),POI055,KEY_4,1130018302,동교로,1130031704,우성빌딩,126.9230362835969004_37.5580664636773349,1130032103,동교동 151-3,126.9232918768675518_37.5583894534776732,42.0,27.0,원활,126.9232918768675518_37.5583894534776732|126.9231947644524467_37.5582569650777955|126.9230362835969004_37.5580664636773349
2026-09-04T03:35:30.187978+09:00,홍대입구역(2호선),홍대입구역(2호선),POI055,KEY_4,1130018401,동교로,1130236400,동교동 193-1,126.9218939397593573_37.5568917656500219,1130028602,롯데호텔L7(홍대),126.9207044539840865_37.5560194307797488,153.0,28.0,원활,126.9207044539840865_37.5560194307797488|126.9213020185727601_37.5561898308273214|126.9213990027508032_37.5562174862381255|126.9214983639262613_37.5562825737130197|126.9215763902692657_37.5563664435403197|126.9217678851206443_37.5567011225728038|126.9218286112969025_37.5568118746297515|126.9218939397593573_37.5568917656500219
2026-09-04T03:35:30.187978+09:00,홍대입구역(2호선),홍대입구역(2호선),POI055,KEY_4,1130018402,동교로,1130032102,동교동 192-4,126.9234091793915979_37.5583349617897966,1130031701,우성빌딩,126.9231327245934153_37.5579865800830248,46.0,28.0,원활,126.9231327245934153_37.5579865800830248|126.9233101249413238_37.5581998231503391|126.9234091793915979_37.5583349617897966
2026-09-04T03:35:30.187978+09:00,홍대입구역(2호선),홍대입구역(2호선),POI055,KEY_4,1130018403,동교로,1130267100,동교동 193-1,126.9236924952947447_37.5590020505672726,1130032101,동교동 192-4,126.9234766820471947_37.5584553758656909,64.0,28.0,원활,126.9234766820471947_37.5584553758656909|126.9235707625761904_37.5586374586260803|126.9236499224741550_37.5588562655902223|126.9236924952947447_37.5590020505672726
2026-09-04T03:35:30.187978+09:00,홍대입구역(2호선),홍대입구역(2호선),POI055,KEY_4,1130018601,월드컵북로,1130260800,동교동 205-15,126.9201047852547219_37.5565208181069323,1130028601,롯데호텔L7(홍대),126.9206030650937720_37.5561053644053331,64.0,39.0,원활,126.9206030650937720_37.5561053644053331|126.9201047852547219_37.5565208181069323
2026-09-04T03:35:30.187978+09:00,홍대입구역(2호선),홍대입구역(2호선),POI055,KEY_4,1130056000,동교로,1130244700,동교동 192-44,126.9235969752971585_37.5574460002231092,1130031702,우성빌딩,126.9230559412983723_37.5578941512089344,69.0,11.0,정체,126.9230559412983723_37.5578941512089344|126.9235969752971585_37.5574460002231092
2026-09-04T03:35:30.187978+09:00,홍대입구역(2호선),홍대입구역(2호선),POI055,KEY_4,1130056100,동교로,1130244800,동교동 192-44,126.9236948948308594_37.5575209206440874,1130030001,홍대입구역(서울2호선),126.9241024975835899_37.5571832879291989,52.0,12.0,정체,126.9241024975835899_37.5571832879291989|126.9236948948308594_37.5575209206440874
2026-09-04T03:35:30.187978+09:00,홍대입구역(2호선),홍대입구역(2호선),POI055,KEY_4,1130056500,양화로19길,1130269400,동교동 192-44,126.9242827846036619_37.5579718887892824,1130032102,동교동 192-4,126.9234091793915979_37.5583349617897966,93.0,8.0,정체,126.9234091793915979_37.5583349617897966|126.9235741468609007_37.5583601799000988|126.9237435175153621_37.5583522399045222|126.9237886059845266_37.5583215233953140|126.9242827846036619_37.5579718887892824
2026-09-04T03:35:30.187978+09:00,홍대입구역(2호선),홍대입구역(2호선),POI055,KEY_4,1130056600,양화로19길,1130269300,동교동 192-44,126.9243730039212181_37.5580527040690697,1130031304,대성카센터,126.9248672211749920_37.5577661204474040,54.0,8.0,정체,126.9248672211749920_37.5577661204474040|126.9247523387008556_37.5578433291799882|126.9243935191233703_37.5580381892432413|126.9243730039212181_37.5580527040690697
2026-09-04T03:35:30.187978+09:00,홍대입구역(2호선),홍대입구역(2호선),POI055,KEY_4,1130087300,어울마당로,1130121700,서교동 365-1,126.9222448191466555_37.5539062487640578,1130005309,서교푸르지오아파트,126.9225016470744691_37.5542843540505018,48.0,18.0,서행,126.9225016470744691_37.5542843540505018|126.9222449850932577_37.5539064976814032|126.9222448191466555_37.5539062487640578
2026-09-04T03:35:30.187978+09:00,회기역,회기역,POI056,KEY_1,1050019605,이문로,1050171300,휘경동 183-52,127.0569053681512202_37.5913336230820647,1050028511,속성변화점,127.0567073781321454_37.5910419415285659,37.0,36.0,원활,127.0567073781321454_37.5910419415285659|127.0569053681512202_37.5913336230820647
2026-09-04T03:35:30.187978+09:00,회기역,회기역,POI056,KEY_1,1050002000,왕산로,1050147000,청량리동 2-3,127.0521740305288034_37.5865914207080749,1050027504,시조사삼거리,127.0536344497994889_37.5883081964527719,230.0,42.0,원활,127.0536344497994889_37.5883081964527719|127.0533693812412537_37.5880506891911281|127.0532821315917147_37.5879582237014773|127.0531884417398345_37.5878589333261814|127.0530786029586778_37.5877401031031511|127.0529453852549864_37.5875668506956302|127.0521740305288034_37.5865914207080749
2026-09-04T03:35:30.187978+09:00,회기역,회기역,POI056,KEY_1,1050002103,왕산로,1050027503,시조사삼거리,127.0537378944253106_37.5882380693253708,1050027200,시조사삼거리,127.0533907788699821_37.5878933031426641,49.0,8.0,정체,127.0533907788699821_37.5878933031426641|127.0534763062884451_37.5879839430212641|127.0537378944253106_37.5882380693253708
2026-09-04T03:35:30.187978+09:00,회기역,회기역,POI056,KEY_1,1050002401,망우로,1050027502,시조사삼거리,127.0538253192589622_37.5883242468388588,1050027400,시조사삼거리,127.0541206187562437_37.5882076514237013,29.0,31.0,원활,127.0541206187562437_37.5882076514237013|127.0538253192589622_37.5883242468388588
2026-09-04T03:35:30.187978+09:00,회기역,회기역,POI056,KEY_1,1050002403,망우로,1050164800,휘경동 255-20,127.0566271995283927_37.5885646497494079,1050027904,회기역(경춘선),127.0587229978746819_37.5891560770667468,196.0,42.0,원활,127.0587229978746819_37.5891560770667468|127.0566271995283927_37.5885646497494079
2026-09-04T03:35:30.187978+09:00,회기역,회기역,POI056,KEY_1,1050002404,망우로,1050084600,삼육서울병원앞교차로,127.0623833137998986_37.5902061896011475,1050001303,위생병원앞교차로,127.0632484265541677_37.5904597865263526,81.0,42.0,원활,127.0632484265541677_37.5904597865263526|127.0623833137998986_37.5902061896011475
2026-09-04T03:35:30.187978+09:00,회기역,회기역,POI056,KEY_1,1050002501,망우로,1050027300,시조사삼거리,127.0541999989331146_37.5880556130543226,1050027503,시조사삼거리,127.0537378944253106_37.5882380693253708,46.0,30.0,원활,127.0537378944253106_37.5882380693253708|127.0541999989331146_37.5880556130543226
2026-09-04T03:35:30.187978+09:00,회기역,회기역,POI056,KEY_1,1050002502,망우로,1050156600,휘경동 312-263,127.0549127142937778_37.5877972441917763,1050027300,시조사삼거리,127.0541999989331146_37.5880556130543226,69.0,42.0,원활,127.0541999989331146_37.5880556130543226|127.0543490059122718_37.5879967791021912|127.0544022892117368_37.5879769619772119|127.0548019834277511_37.5878283065988015|127.0549127142937778_37.5877972441917763
2026-09-04T03:35:30.187978+09:00,회기역,회기역,POI056,KEY_1,1050002503,망우로,1050103800,휘경동 312-263,127.0558877492230181_37.5880681398638501,1050027101,동원빌딩,127.0554260527593158_37.5878153625107885,50.0,31.0,원활,127.0554260527593158_37.5878153625107885|127.0555870241268650_37.5878875753104609|127.0558877492230181_37.5880681398638501
2026-09-04T03:35:30.187978+09:00,회기역,회기역,POI056,KEY_1,1050016901,이문로,1050149700,회기동 67-7,127.0549874556031256_37.5894380701676880,1050028505,회기역앞교차로,127.0558403986045448_37.5900485574702969,101.0,29.0,원활,127.0558403986045448_37.5900485574702969|127.0556480315051289_37.5899387594113605|127.0549874556031256_37.5894380701676880
2026-09-04T03:35:30.187978+09:00,회기역,회기역,POI056,KEY_1,1050017001,이문로,1050027600,시조사삼거리,127.0540465630913332_37.5885443925608271,1050027502,시조사삼거리,127.0538253192589622_37.5883242468388588,31.0,16.0,서행,127.0538253192589622_37.5883242468388588|127.0540465630913332_37.5885443925608271
2026-09-04T03:35:30.187978+09:00,회기역,회기역,POI056,KEY_1,1050017002,이문로,1050176700,회기동 67-7,127.0548704471611074_37.5892000639472741,1050027600,시조사삼거리,127.0540465630913332_37.5885443925608271,103.0,16.0,서행,127.0540465630913332_37.5885443925608271|127.0541853301977540_37.5886824691056205|127.0544431845224977_37.5888767060216864|127.0545488681346455_37.5889563150846513|127.0548704471611074_37.5892000639472741
2026-09-04T03:35:30.187978+09:00,회기역,회기역,POI056,KEY_1,1050017300,망우로21길,1050122600,휘경동 255-3,127.0617591501848125_37.5904134381428037,1050001304,위생병원앞교차로,127.0634908901715221_37.5905309344400962,155.0,13.0,정체,127.0634908901715221_37.5905309344400962|127.0632178369145322_37.5905750550639510|127.0630916165366955_37.5905790878648816|127.0626126576069339_37.5905162329112414|127.0623131575363232_37.5904642275628262|127.0617591501848125_37.5904134381428037
2026-09-04T03:35:30.187978+09:00,회기역,회기역,POI056,KEY_1,1050017400,망우로21길,1050001303,위생병원앞교차로,127.0632484265541677_37.5904597865263526,1050027901,회기역(경춘선),127.0588509533018708_37.5891924358330769,487.0,14.0,정체,127.0588509533018708_37.5891924358330769|127.0586222408351631_37.5896998569228415|127.0586234850224088_37.5897155353725907|127.0586558907976809_37.5897438653915401|127.0593663615114792_37.5901249299453752|127.0594071724264751_37.5901360700027922|127.0596966741023550_37.5901535169629497|127.0605348267827281_37.5902040245941436|127.0608602792811297_37.5902236349527001|127.0609061683020826_37.5902263999534085|127.0617747012593099_37.5903060296202796|127.0623354714367110_37.5903574392000976|127.0626382121015610_37.5904100067944142|127.0631000327965552_37.5904706129225801|127.0632014876607059_37.5904673709321102|127.0632484265541677_37.5904597865263526
2026-09-04T03:35:30.187978+09:00,회기역,회기역,POI056,KEY_1,1050017901,회기로,1050108200,회기동 45-41,127.0528521200719609_37.5914237853785167,1050029502,경희대삼거리,127.0523710951539016_37.5915377474733887,45.0,28.0,원활,127.0523710951539016_37.5915377474733887|127.0523876709606839_37.5915392918076137|127.0525137901161372_37.5915202005053146|127.0527658907962945_37.5914653690270413|127.0528442171102199_37.5914282626685718|127.0528521200719609_37.5914237853785167
2026-09-04T03:35:30.187978+09:00,회기역,회기역,POI056,KEY_1,1050018000,회기로,1050090700,회기동 346-34,127.0554194809867994_37.5903301444166829,1050028506,회기역앞교차로,127.0559329204722445_37.5901284797674222,51.0,12.0,정체,127.0559329204722445_37.5901284797674222|127.0558069727111103_37.5902037400693985|127.0554194809867994_37.5903301444166829
2026-09-04T03:35:30.187978+09:00,회기역,회기역,POI056,KEY_1,1050018700,회기로,1050163600,회기동 60-1,127.0507843845696527_37.5915013641051914,1050029504,경희대삼거리,127.0522433043757928_37.5916108396205715,142.0,26.0,원활,127.0522433043757928_37.5916108396205715|127.0521821091064680_37.5915621986856294|127.0521299877231201_37.5914887692426234|127.0520751335120195_37.5914483983794412|127.0520098849486175_37.5914078816053774|127.0519034946834296_37.5913797147717617|127.0517947991007759_37.5913645006145458|127.0517866259030058_37.5913650351109823|127.0516920880945833_37.5913712174869730|127.0516245575307437_37.5913854433012133|127.0515727328529181_37.5913963605241577|127.0513870021773783_37.5914444346731500|127.0512414282786153_37.5914704654519269|127.0510708375150699_37.5914862788164186|127.0507843845696527_37.5915013641051914
2026-09-04T03:35:30.187978+09:00,회기역,회기역,POI056,KEY_1,1050019200,경희대로,1050146600,회기동 16-9,127.0525711480171935_37.5925999739552665,1050029501,경희대삼거리,127.0523841820177466_37.5916478245289412,107.0,12.0,정체,127.0523841820177466_37.5916478245289412|127.0524323066177885_37.5920526103703097|127.0525711480171935_37.5925999739552665
2026-09-04T03:35:30.187978+09:00,회기역,회기역,POI056,KEY_1,1050019502,이문로,1050030104,청량초교,127.0577394956087574_37.5928251591112073,1050030203,이문동 346-131,127.0580271875429759_37.5932372410084241,52.0,20.0,서행,127.0580271875429759_37.5932372410084241|127.0577394956087574_37.5928251591112073
2026-09-04T03:35:30.187978+09:00,회기역,회기역,POI056,KEY_1,1050019504,이문로,1050129400,이문동 346-131,127.0573694032562599_37.5922660294926700,1050030103,청량초교,127.0576749762335425_37.5927299944141922,58.0,20.0,서행,127.0576749762335425_37.5927299944141922|127.0573694032562599_37.5922660294926700
2026-09-04T03:35:30.187978+09:00,회기역,회기역,POI056,KEY_1,1050019505,이문로,1050028506,회기역앞교차로,127.0559329204722445_37.5901284797674222,1050028513,휘경동321-20,127.0565232575148826_37.5909981942095399,110.0,10.0,정체,127.0565232575148826_37.5909981942095399|127.0559329204722445_37.5901284797674222
2026-09-04T03:35:30.187978+09:00,회기역,회기역,POI056,KEY_1,1050019602,이문로,1050030202,이문동 346-131,127.0581459663800246_37.5931847359417901,1050030101,청량초교,127.0578582739937303_37.5927726543307941,52.0,32.0,원활,127.0578582739937303_37.5927726543307941|127.0581459663800246_37.5931847359417901
2026-09-04T03:35:30.187978+09:00,회기역,회기역,POI056,KEY_1,1050019604,이문로,1050028511,속성변화점,127.0567073781321454_37.5910419415285659,1050028503,회기역앞교차로,127.0560411463774244_37.5900604187410963,124.0,37.0,원활,127.0560411463774244_37.5900604187410963|127.0566428056983597_37.5909468118858783|127.0567073781321454_37.5910419415285659
2026-09-04T03:35:30.187978+09:00,회기역,회기역,POI056,KEY_1,1050045000,서울시립대로29길,1050057500,휘경동 312-67,127.0551709010215689_37.5872097744655633,1050027102,동원빌딩,127.0552792290295940_37.5877668966272154,63.0,17.0,서행,127.0552792290295940_37.5877668966272154|127.0551861067910551_37.5872848038543452|127.0551730839952285_37.5872110997316824|127.0551709010215689_37.5872097744655633
2026-09-04T03:35:30.187978+09:00,회기역,회기역,POI056,KEY_1,1050045700,망우로,1050027300,시조사삼거리,127.0541999989331146_37.5880556130543226,1050027200,시조사삼거리,127.0533907788699821_37.5878933031426641,76.0,30.0,원활,127.0533907788699821_37.5878933031426641|127.0536217637957321_37.5880161289625931|127.0537753139503394_37.5880458576351089|127.0539101309762913_37.5880606949511815|127.0540411940321093_37.5880636155024845|127.0541999989331146_37.5880556130543226
2026-09-04T03:35:30.187978+09:00,회기역,회기역,POI056,KEY_1,1050045800,망우로,1050027600,시조사삼거리,127.0540465630913332_37.5885443925608271,1050027400,시조사삼거리,127.0541206187562437_37.5882076514237013,42.0,25.0,원활,127.0541206187562437_37.5882076514237013|127.0541037664381037_37.5882183007721338|127.0540247436433390_37.5883060639055344|127.0539888628242409_37.5883995276613447|127.0540026641759823_37.5884802457704197|127.0540465630913332_37.5885443925608271
2026-09-04T03:35:30.187978+09:00,회기역,회기역,POI056,KEY_1,1050046801,회기로31길,1050136100,회기동 346-33,127.0560943182206870_37.5898996187215104,1050028504,회기역앞교차로,127.0559516903433490_37.5899790240485743,15.0,13.0,정체,127.0559516903433490_37.5899790240485743|127.0560270041918756_37.5899281520509376|127.0560943182206870_37.5898996187215104
2026-09-04T03:35:30.187978+09:00,회기역,회기역,POI056,KEY_1,1050047600,이문로9길,1050177600,이문동 345-4,127.0572646789287603_37.5930223292243824,1050030104,청량초교,127.0577394956087574_37.5928251591112073,47.0,17.0,서행,127.0577394956087574_37.5928251591112073|127.0572646789287603_37.5930223292243824
2026-09-04T03:35:30.187978+09:00,회기역,회기역,POI056,KEY_1,1050056200,이문로1길,1050122100,회기동 65-142,127.0534051830155704_37.5886976397466412,1050027501,시조사삼거리,127.0537232490909645_37.5883957922412506,44.0,17.0,서행,127.0537232490909645_37.5883957922412506|127.0536258598978634_37.5885065292228262|127.0534051830155704_37.5886976397466412
2026-09-04T06:42:24.849833+09:00,경복궁,경복궁,POI008,KEY_1,1000010600,새문안로5길,1000019302,정부서울청사사거리,126.9743957431224146_37.5756988655088620,1000015501,정부중앙청사별관,126.9745359191347660_37.5741633893777163,171.0,28.0,원활,126.9745359191347660_37.5741633893777163|126.9745251838795923_37.5743178497332622|126.9743883747213147_37.5754949317932088|126.9743883466303203_37.5755769520238516|126.9743957431224146_37.5756988655088620
2026-09-04T06:42:24.849833+09:00,경복궁,경복궁,POI008,KEY_1,1000011700,사직로,1000019303,정부서울청사사거리,126.9742603998069796_37.5757097304571062,1000019802,경복궁역사거리,126.9727094012703503_37.5758424186585529,138.0,21.0,서행,126.9727094012703503_37.5758424186585529|126.9729390930378230_37.5758227698022793|126.9733793101036952_37.5757851103966303|126.9742603998069796_37.5757097304571062
2026-09-04T06:42:24.849833+09:00,경복궁,경복궁,POI008,KEY_1,1000011800,사직로,1000242400,적선동 8-1,126.9733938280741512_37.5758926104395314,1000019304,정부서울청사사거리,126.9742589191568953_37.5758185992423250,77.0,37.0,원활,126.9742589191568953_37.5758185992423250|126.9733938280741512_37.5758926104395314
2026-09-04T06:42:24.849833+09:00,경복궁,경복궁,POI008,KEY_1,1000012001,사직로,1000018500,광화문,126.9756248255992830_37.5755943672526271,1000019302,정부서울청사사거리,126.9743957431224146_37.5756988655088620,109.0,25.0,원활,126.9743957431224146_37.5756988655088620|126.9754810818243271_37.5756177185546321|126.9756248255992830_37.5755943672526271
2026-09-04T06:42:24.849833+09:00,경복궁,경복궁,POI008,KEY_1,1000012101,사직로,1000003601,광화문삼거리,126.9772026040190127_37.5752961563211159,1000020200,경복궁,126.9786283706113750_37.5757946408291801,142.0,15.0,서행,126.9786283706113750_37.5757946408291801|126.9780494814518477_37.5757270176835334|126.9778051553330869_37.5756687993840117|126.9775841152535918_37.5755595455980540|126.9773389726312587_37.5753713360195221|126.9772665949307680_37.5753228898854132|126.9772026040190127_37.5752961563211159
2026-09-04T06:42:24.849833+09:00,경복궁,경복궁,POI008,KEY_1,1000012102,사직로,1000020200,경복궁,126.9786283706113750_37.5757946408291801,1000019704,경복궁사거리,126.9793621536958312_37.5759001150550986,66.0,15.0,서행,126.9793621536958312_37.5759001150550986|126.9791440605087161_37.5758645700478056|126.9786283706113750_37.5757946408291801
2026-09-04T06:42:24.849833+09:00,경복궁,경복궁,POI008,KEY_1,1000012203,사직로,1000019703,경복궁사거리,126.9793107532419185_37.5757813746508091,1000019100,경복궁,126.9786480964121154_37.5756876675167888,59.0,15.0,서행,126.9786480964121154_37.5756876675167888|126.9791690991976765_37.5757582877498706|126.9793107532419185_37.5757813746508091
2026-09-04T06:42:24.849833+09:00,경복궁,경복궁,POI008,KEY_1,1000012502,사직로,1000224600,내자동 35,126.9704050096786716_37.5761139325286422,1000019804,경복궁역사거리,126.9725583211622109_37.5759627912727225,191.0,45.0,원활,126.9725583211622109_37.5759627912727225|126.9704050096786716_37.5761139325286422
2026-09-04T06:42:24.849833+09:00,경복궁,경복궁,POI008,KEY_1,1000014301,삼청로,1000019704,경복궁사거리,126.9793621536958312_37.5759001150550986,1000020600,대한출판문화협회,126.9794687888132074_37.5765544121067592,73.0,10.0,정체,126.9794687888132074_37.5765544121067592|126.9794674172659654_37.5764824989996455|126.9794172673057773_37.5761249117022231|126.9793621536958312_37.5759001150550986
2026-09-04T06:42:24.849833+09:00,경복궁,경복궁,POI008,KEY_1,1000014302,삼청로,1000020600,대한출판문화협회,126.9794687888132074_37.5765544121067592,1000022703,국군서울지구병원,126.9798562503477797_37.5800221917764006,388.0,26.0,원활,126.9798562503477797_37.5800221917764006|126.9796182985417516_37.5793264763807215|126.9795665449151443_37.5791397220131316|126.9795478931843604_37.5790381290051698|126.9795326834604623_37.5788730174103378|126.9794969047037227_37.5780275498626395|126.9794687888132074_37.5765544121067592
2026-09-04T06:42:24.849833+09:00,경복궁,경복궁,POI008,KEY_1,1000014303,삼청로,1000022704,국군서울지구병원,126.9798888896173850_37.5801238754593712,1000023003,갤러리스케이프,126.9801383570053588_37.5809954150793715,99.0,30.0,원활,126.9801383570053588_37.5809954150793715|126.9801143803817212_37.5808712068437671|126.9798888896173850_37.5801238754593712
2026-09-04T06:42:24.849833+09:00,경복궁,경복궁,POI008,KEY_1,1000014401,삼청로,1000021000,대한출판문화협회,126.9796046197648423_37.5765527706146756,1000019701,경복궁사거리,126.9795067975766756_37.5759255521593971,70.0,30.7,원활,126.9795067975766756_37.5759255521593971|126.9795516592807161_37.5761085342554608|126.9796031487506696_37.5764756650611034|126.9796046197648423_37.5765527706146756
2026-09-04T06:42:24.849833+09:00,경복궁,경복궁,POI008,KEY_1,1000014402,삼청로,1000022702,국군서울지구병원,126.9799873332334244_37.5799937943622950,1000021000,대한출판문화협회,126.9796046197648423_37.5765527706146756,385.0,29.0,원활,126.9796046197648423_37.5765527706146756|126.9796327193578946_37.5780249082326065|126.9796683669145381_37.5788672429607900|126.9796830227134734_37.5790263448128528|126.9797002616005130_37.5791202376619609|126.9797502489418548_37.5793006189381842|126.9799873332334244_37.5799937943622950
2026-09-04T06:42:24.849833+09:00,경복궁,경복궁,POI008,KEY_1,1000014403,삼청로,1000023002,갤러리스케이프,126.9802726364854522_37.5809789975197504,1000022701,국군서울지구병원,126.9800209872343402_37.5800986304131186,100.0,32.0,원활,126.9800209872343402_37.5800986304131186|126.9802478003755937_37.5808503388031028|126.9802726364854522_37.5809789975197504
2026-09-04T06:42:24.849833+09:00,경복궁,경복궁,POI008,KEY_1,1000015101,효자로,1000219200,통의동 7-2,126.9738823732247113_37.5782737331220034,1000022103,한글전각갤러리,126.9737664393316123_37.5793405707998147,119.0,15.0,서행,126.9737664393316123_37.5793405707998147|126.9738823732247113_37.5782737331220034
2026-09-04T06:42:24.849833+09:00,경복궁,경복궁,POI008,KEY_1,1000015102,효자로,1000041400,창성동 16,126.9736432808576581_37.5805908651879150,1000023603,창성동 75-1,126.9736167411290211_37.5817495935669825,129.0,15.0,서행,126.9736167411290211_37.5817495935669825|126.9736341888375790_37.5807097019062013|126.9736432808576581_37.5805908651879150
2026-09-04T06:42:24.849833+09:00,경복궁,경복궁,POI008,KEY_1,1000015103,효자로,1000023604,세종로 1-82,126.9736148980526167_37.5818577441157089,1000005203,효자동삼거리,126.9736127255228695_37.5835625507457465,189.0,15.0,서행,126.9736127255228695_37.5835625507457465|126.9735913171579114_37.5832181223740136|126.9736148980526167_37.5818577441157089
2026-09-04T06:42:24.849833+09:00,경복궁,경복궁,POI008,KEY_1,1000015201,효자로,1000022102,한글전각갤러리,126.9739017858953645_37.5793498869892204,1000019301,정부서울청사사거리,126.9743957935852450_37.5758074664167268,396.0,27.0,원활,126.9743957935852450_37.5758074664167268|126.9743764184428017_37.5760755345660726|126.9743092662572082_37.5764778948295017|126.9741719066146146_37.5773009081164844|126.9741268698984413_37.5775378120208856|126.9740611119599407_37.5778837117652031|126.9740177174622744_37.5782830491677231|126.9739017858953645_37.5793498869892204
2026-09-04T06:42:24.849833+09:00,경복궁,경복궁,POI008,KEY_1,1000015202,효자로,1000023602,세종로 1-39,126.9737525850962072_37.5817510371078143,1000022101,한글전각갤러리,126.9738905991571443_37.5794569415239579,255.0,39.0,원활,126.9738905991571443_37.5794569415239579|126.9738519824120146_37.5798414672260890|126.9737879055856666_37.5804795024973970|126.9737788834196408_37.5805974360917929|126.9737699881223705_37.5807137109477551|126.9737525850962072_37.5817510371078143
2026-09-04T06:42:24.849833+09:00,경복궁,경복궁,POI008,KEY_1,1000015203,효자로,1000005202,효자동삼거리,126.9737472613430214_37.5835385999729326,1000023601,세종로 1-39,126.9737507411007016_37.5818592353335603,186.0,25.0,원활,126.9737507411007016_37.5818592353335603|126.9737272227124265_37.5832161948422154|126.9737472613430214_37.5835385999729326
2026-09-04T06:42:24.849833+09:00,경복궁,경복궁,POI008,KEY_1,1000015401,자하문로,1000140900,통의동 139,126.9725715057905830_37.5765777524989346,1000019801,경복궁역사거리,126.9726968257656665_37.5759522364072183,70.0,28.0,원활,126.9726968257656665_37.5759522364072183|126.9726385507227491_37.5763288934255186|126.9725895796281208_37.5765259070172135|126.9725715057905830_37.5765777524989346
2026-09-04T06:42:24.849833+09:00,경복궁,경복궁,POI008,KEY_1,1000015800,북촌로5길,1000110800,소격동 101-1,126.9816632165415768_37.5796980355060555,1000022702,국군서울지구병원,126.9799873332334244_37.5799937943622950,152.0,22.0,서행,126.9799873332334244_37.5799937943622950|126.9811117769615265_37.5798023119298961|126.9813717539606586_37.5797580385712706|126.9816632165415768_37.5796980355060555
2026-09-04T06:42:24.849833+09:00,경복궁,경복궁,POI008,KEY_1,1000016301,삼청로,1000023001,갤러리스케이프,126.9802926936486500_37.5811058372642535,1000023403,브라질대사관,126.9810263784892186_37.5815445739605920,82.0,29.0,원활,126.9810263784892186_37.5815445739605920|126.9809131169670025_37.5814523264612390|126.9807572607189741_37.5813324212478079|126.9805732045222584_37.5812254848848113|126.9805004045640970_37.5811831880586382|126.9802926936486500_37.5811058372642535
2026-09-04T06:42:24.849833+09:00,경복궁,경복궁,POI008,KEY_1,1000016401,삼청로,1000154400,소격동 5-2,126.9806533091713163_37.5811381602125181,1000023002,갤러리스케이프,126.9802726364854522_37.5809789975197504,38.0,24.5,서행,126.9802726364854522_37.5809789975197504|126.9805698902694644_37.5810896934890764|126.9806533091713163_37.5811381602125181
2026-09-04T06:42:24.849833+09:00,경복궁,경복궁,POI008,KEY_1,1000016500,청와대로,1000023004,갤러리스케이프,126.9801577660451670_37.5811184473203284,1000024202,퐁데자르갤러리,126.9792888757798295_37.5833973114764888,283.0,23.0,서행,126.9792888757798295_37.5833973114764888|126.9794326695444795_37.5833409548265038|126.9795985399564842_37.5832476848462562|126.9797349654737388_37.5831482053396115|126.9798535787143550_37.5830268942675616|126.9799783199628109_37.5828376834460514|126.9800830519028665_37.5826410034803118|126.9801523342807030_37.5824206537665262|126.9801756947906881_37.5821819448641676|126.9801669773254389_37.5812814489405298|126.9801611478268342_37.5811413659670990|126.9801577660451670_37.5811184473203284
2026-09-04T06:42:24.849833+09:00,경복궁,경복궁,POI008,KEY_1,1000016600,청와대로,1000024201,퐁데자르갤러리,126.9793488993760917_37.5834943060582702,1000023001,갤러리스케이프,126.9802926936486500_37.5811058372642535,298.0,34.3,원활,126.9802926936486500_37.5811058372642535|126.9802967397338023_37.5811332572089398|126.9803028147339035_37.5812792426264579|126.9803115922597812_37.5821857328606441|126.9802868960512399_37.5824380961232620|126.9802122748901070_37.5826754278464534|126.9801012249592418_37.5828839711424081|126.9799682487228267_37.5830856738696752|126.9798351717180509_37.5832217786991762|126.9796839720406183_37.5833320316592037|126.9795023111846888_37.5834341801086822|126.9793488993760917_37.5834943060582702
2026-09-04T06:42:24.849833+09:00,경복궁,경복궁,POI008,KEY_1,1000017102,효자로,1000005203,효자동삼거리,126.9736127255228695_37.5835625507457465,1000024302,효자동 136-1,126.9727651070645038_37.5836899468878016,76.0,18.0,서행,126.9727651070645038_37.5836899468878016|126.9730868519890805_37.5836617458525453|126.9732850493551410_37.5836358134354498|126.9736127255228695_37.5835625507457465
2026-09-04T06:42:24.849833+09:00,경복궁,경복궁,POI008,KEY_1,1000017202,효자로,1000024301,효자동 136-1,126.9727799801869850_37.5837974155542724,1000005204,효자동삼거리,126.9736494719598028_37.5836666397267720,78.0,13.0,정체,126.9736494719598028_37.5836666397267720|126.9733145338289120_37.5837415255394376|126.9731053220007908_37.5837688997887582|126.9727799801869850_37.5837974155542724
2026-09-04T06:42:24.849833+09:00,경복궁,경복궁,POI008,KEY_1,1000017300,청와대로,1000024203,퐁데자르갤러리,126.9791795136897292_37.5834335611764701,1000005202,효자동삼거리,126.9737472613430214_37.5835385999729326,486.0,32.0,원활,126.9737472613430214_37.5835385999729326|126.9739495073895483_37.5835089975692114|126.9741309391237110_37.5835057794776830|126.9743076583270351_37.5835171156289292|126.9752337920588730_37.5836985645955508|126.9754323254462349_37.5837264891222063|126.9757360888294073_37.5837476748394224|126.9763499836077330_37.5837643209452068|126.9766286175151322_37.5837433697827379|126.9789929139192566_37.5834750307908365|126.9791275283093626_37.5834477041164519|126.9791795136897292_37.5834335611764701
2026-09-04T06:42:24.849833+09:00,경복궁,경복궁,POI008,KEY_1,1000017400,청와대로,1000005201,효자동삼거리,126.9737718367323538_37.5836449359611962,1000024204,퐁데자르갤러리,126.9792234607305943_37.5835358668880062,488.0,21.0,서행,126.9792234607305943_37.5835358668880062|126.9791663527855263_37.5835514035953580|126.9790193732068246_37.5835812400857776|126.9766446063162135_37.5838507686442966|126.9763540772180477_37.5838726139501844|126.9757278388116646_37.5838556337628376|126.9754145390009228_37.5838337820068062|126.9752057008707880_37.5838044082914848|126.9742858206583094_37.5836241849198771|126.9741269844044211_37.5836139960176467|126.9739633976216311_37.5836168972867881|126.9737718367323538_37.5836449359611962
2026-09-04T06:42:24.849833+09:00,경복궁,경복궁,POI008,KEY_1,1000034400,새문안로3길,1000018004,서울특별시경찰청,126.9726181216856418_37.5753302820372284,1000019803,경복궁역사거리,126.9725722748504069_37.5758532725264089,58.0,24.0,서행,126.9725722748504069_37.5758532725264089|126.9726181216856418_37.5753302820372284
2026-09-04T06:42:24.849833+09:00,경복궁,경복궁,POI008,KEY_1,1000034500,새문안로3길,1000019802,경복궁역사거리,126.9727094012703503_37.5758424186585529,1000018001,서울특별시경찰청,126.9727536370288590_37.5753378072978137,56.0,26.0,원활,126.9727536370288590_37.5753378072978137|126.9727094012703503_37.5758424186585529
2026-09-04T06:42:24.849833+09:00,경복궁,경복궁,POI008,KEY_1,1000035200,사직로,1000020200,경복궁,126.9786283706113750_37.5757946408291801,1000020600,대한출판문화협회,126.9794687888132074_37.5765544121067592,118.0,15.0,서행,126.9794687888132074_37.5765544121067592|126.9794368084534142_37.5764098329770562|126.9791960602808700_37.5761637733622180|126.9789750836954596_37.5759177176703147|126.9788694300669647_37.5758537146814078|126.9786283706113750_37.5757946408291801
2026-09-04T06:42:24.849833+09:00,경복궁,경복궁,POI008,KEY_1,1000035300,삼청로,1000021000,대한출판문화협회,126.9796046197648423_37.5765527706146756,1000020300,경복궁,126.9801205068413168_37.5759892604625989,93.0,29.0,원활,126.9801205068413168_37.5759892604625989|126.9797298312382878_37.5760780464987292|126.9796597331679635_37.5761137931100748|126.9796040049640879_37.5761795786155588|126.9796046197648423_37.5765527706146756
2026-09-04T06:42:24.849833+09:00,경복궁,경복궁,POI008,KEY_1,1000037000,자하문로10길,1000142900,창성동 130-12,126.9720322425473000_37.5795267662096677,1000022104,한글전각갤러리,126.9737551795793422_37.5794483274217725,153.0,9.0,정체,126.9737551795793422_37.5794483274217725|126.9735697636163820_37.5794379905376914|126.9730629180689760_37.5794543875836595|126.9720322425473000_37.5795267662096677
2026-09-04T06:42:24.849833+09:00,경복궁,경복궁,POI008,KEY_1,1000038800,자하문로16길,1000068600,효자동 158-3,126.9730842997045812_37.5818361876427218,1000023604,세종로 1-82,126.9736148980526167_37.5818577441157089,47.0,10.0,정체,126.9736148980526167_37.5818577441157089|126.9732424959569812_37.5818454811704967|126.9730842997045812_37.5818361876427218
2026-09-04T06:42:24.849833+09:00,광화문·덕수궁,광화문·덕수궁,POI009,KEY_2,1000000301,종로,1000081900,종로1가 82-2,126.9798999832241719_37.5701535606807582,1000008607,종로구청입구교차로,126.9793805233784241_37.5701494116837509,46.0,20.0,서행,126.9793805233784241_37.5701494116837509|126.9798999832241719_37.5701535606807582
2026-09-04T06:42:24.849833+09:00,광화문·덕수궁,광화문·덕수궁,POI009,KEY_2,1000000401,종로,1000008606,종로구청입구교차로,126.9793844377634713_37.5702575676490582,1000008905,SK빌딩,126.9809530025248421_37.5702700889503021,139.0,7.0,정체,126.9809530025248421_37.5702700889503021|126.9798986206276368_37.5702616744867512|126.9793844377634713_37.5702575676490582
2026-09-04T06:42:24.849833+09:00,광화문·덕수궁,광화문·덕수궁,POI009,KEY_2,1000000703,새문안로,1000008201,구세군회관,126.9726666240444217_37.5702234697315518,1000008304,뉴질랜드관광청,126.9749173399443691_37.5702117971802636,199.0,42.0,원활,126.9749173399443691_37.5702117971802636|126.9745065658627396_37.5702088031007975|126.9743721680184052_37.5702090286750732|126.9726666240444217_37.5702234697315518
2026-09-04T06:42:24.849833+09:00,광화문·덕수궁,광화문·덕수궁,POI009,KEY_2,1000000802,새문안로,1000007903,신문로1가 5-4,126.9743707219120381_37.5701009152256020,1000008202,구세군회관,126.9726644410624914_37.5701153625080622,151.0,32.0,원활,126.9726644410624914_37.5701153625080622|126.9743707219120381_37.5701009152256020
2026-09-04T06:42:24.849833+09:00,광화문·덕수궁,광화문·덕수궁,POI009,KEY_2,1000000803,새문안로,1000008403,신문로1가141,126.9755270360325170_37.5701094904468960,1000007902,신문로1가 5-4,126.9745078099836633_37.5701006884260735,90.0,16.0,서행,126.9745078099836633_37.5701006884260735|126.9749185834716059_37.5701036825010561|126.9750548861427575_37.5701048454871938|126.9755270360325170_37.5701094904468960
2026-09-04T06:42:24.849833+09:00,광화문·덕수궁,광화문·덕수궁,POI009,KEY_2,1000000901,새문안로,1000008301,뉴질랜드관광청,126.9750532070518432_37.5702129564638909,1000008404,신문로1가141,126.9755253576206542_37.5702176014390972,42.0,42.0,원활,126.9755253576206542_37.5702176014390972|126.9750532070518432_37.5702129564638909
2026-09-04T06:42:24.849833+09:00,광화문·덕수궁,광화문·덕수궁,POI009,KEY_2,1000000902,새문안로,1000008401,신문로1가141,126.9756642084840337_37.5702188245241615,1000009300,세종로208,126.9762005801091362_37.5702231750732523,47.0,46.0,원활,126.9762005801091362_37.5702231750732523|126.9756642084840337_37.5702188245241615
2026-09-04T06:42:24.849833+09:00,광화문·덕수궁,광화문·덕수궁,POI009,KEY_2,1000000903,새문안로,1000214200,세종대로사거리,126.9766244379145377_37.5702266110763219,1000009004,세종대로사거리,126.9769755542479714_37.5702294562480148,31.0,41.3,원활,126.9769755542479714_37.5702294562480148|126.9766244379145377_37.5702266110763219
2026-09-04T06:42:24.849833+09:00,광화문·덕수궁,광화문·덕수궁,POI009,KEY_2,1000001002,새문안로,1000007600,주한요르단명예영사관,126.9762019638013300_37.5701150604124336,1000008402,신문로1가141,126.9756655929920299_37.5701107106503116,47.0,36.0,원활,126.9756655929920299_37.5701107106503116|126.9762019638013300_37.5701150604124336
2026-09-04T06:42:24.849833+09:00,광화문·덕수궁,광화문·덕수궁,POI009,KEY_2,1000001003,새문안로,1000009003,세종대로사거리,126.9769600332011521_37.5701212054532618,1000007600,주한요르단명예영사관,126.9762019638013300_37.5701150604124336,67.0,37.0,원활,126.9762019638013300_37.5701150604124336|126.9766258211001428_37.5701184968726238|126.9769600332011521_37.5701212054532618
2026-09-04T06:42:24.849833+09:00,광화문·덕수궁,광화문·덕수궁,POI009,KEY_2,1000001301,종로,1000009001,세종대로사거리,126.9771187019505163_37.5702314111293560,1000009700,종로1가1-3,126.9777559525715844_37.5702421551131351,56.0,28.0,원활,126.9777559525715844_37.5702421551131351|126.9771187019505163_37.5702314111293560
2026-09-04T06:42:24.849833+09:00,광화문·덕수궁,광화문·덕수궁,POI009,KEY_2,1000001302,종로,1000009700,종로1가1-3,126.9777559525715844_37.5702421551131351,1000008804,광화문우체국,126.9784336631558119_37.5702494972367163,60.0,34.0,원활,126.9784336631558119_37.5702494972367163|126.9779432056922133_37.5702453112944994|126.9777559525715844_37.5702421551131351
2026-09-04T06:42:24.849833+09:00,광화문·덕수궁,광화문·덕수궁,POI009,KEY_2,1000001303,종로,1000008801,광화문우체국,126.9785701334498214_37.5702506615867833,1000008609,종로구청입구교차로,126.9792481536049564_37.5702564438606927,60.0,34.0,원활,126.9792481536049564_37.5702564438606927|126.9785701334498214_37.5702506615867833
2026-09-04T06:42:24.849833+09:00,광화문·덕수궁,광화문·덕수궁,POI009,KEY_2,1000001401,종로,1000008000,동아일보사,126.9777588281918099_37.5701340596360964,1000009002,세종대로사거리,126.9770959172438580_37.5701228829325231,59.0,27.0,원활,126.9770959172438580_37.5701228829325231|126.9777588281918099_37.5701340596360964
2026-09-04T06:42:24.849833+09:00,광화문·덕수궁,광화문·덕수궁,POI009,KEY_2,1000001402,종로,1000008803,광화문우체국,126.9784351192109852_37.5701413844145975,1000008000,동아일보사,126.9777588281918099_37.5701340596360964,60.0,12.0,정체,126.9777588281918099_37.5701340596360964|126.9779453713088060_37.5701372048683524|126.9784351192109852_37.5701413844145975
2026-09-04T06:42:24.849833+09:00,광화문·덕수궁,광화문·덕수궁,POI009,KEY_2,1000001403,종로,1000008608,종로구청입구교차로,126.9792446499360778_37.5701482878816435,1000008802,광화문우체국,126.9785715892256235_37.5701425486416056,59.0,14.0,정체,126.9785715892256235_37.5701425486416056|126.9792446499360778_37.5701482878816435
2026-09-04T06:42:24.849833+09:00,광화문·덕수궁,광화문·덕수궁,POI009,KEY_2,1000003301,청계천로,1010033802,호주관광청,126.9797619415674745_37.5689431360811881,1010034101,무교동사거리,126.9793610650683036_37.5689718470786644,36.0,26.0,원활,126.9793610650683036_37.5689718470786644|126.9797619415674745_37.5689431360811881
2026-09-04T06:42:24.849833+09:00,광화문·덕수궁,광화문·덕수궁,POI009,KEY_2,1000003400,청계천로,1010034301,무교동사거리,126.9793440155466442_37.5692674718774171,1010033702,광교사거리,126.9827120922386285_37.5690419071249693,299.0,19.3,서행,126.9827120922386285_37.5690419071249693|126.9793440155466442_37.5692674718774171
2026-09-04T06:42:24.849833+09:00,광화문·덕수궁,광화문·덕수궁,POI009,KEY_2,1000003700,청계천로,1010034102,무교동사거리,126.9792256224440905_37.5689816845044717,1000002000,청계광장,126.9771060680401717_37.5690311929919076,188.0,10.0,정체,126.9771060680401717_37.5690311929919076|126.9774434053876035_37.5690828687536680|126.9775440319711919_37.5690924240737019|126.9777213322496863_37.5690924576651568|126.9792256224440905_37.5689816845044717
2026-09-04T06:42:24.849833+09:00,광화문·덕수궁,광화문·덕수궁,POI009,KEY_2,1000003801,청계천로,1000031000,청계광장,126.9770921904126482_37.5694157550093379,1000007002,동아일보사,126.9783460265061024_37.5693222473721278,111.0,27.0,원활,126.9783460265061024_37.5693222473721278|126.9773834142662849_37.5693879956262435|126.9770921904126482_37.5694157550093379
2026-09-04T06:42:24.849833+09:00,광화문·덕수궁,광화문·덕수궁,POI009,KEY_2,1000003802,청계천로,1000007001,동아일보사,126.9784814758997982_37.5693140408546356,1010034302,무교동사거리,126.9792084451945726_37.5692755952973627,64.0,25.7,원활,126.9792084451945726_37.5692755952973627|126.9784814758997982_37.5693140408546356
2026-09-04T06:42:24.849833+09:00,광화문·덕수궁,광화문·덕수궁,POI009,KEY_2,1000004101,세종대로21길,1010036201,청계광장,126.9769724776174371_37.5689758850454254,1010034202,속성변화점,126.9761089175425468_37.5690525772719468,77.0,25.0,원활,126.9761089175425468_37.5690525772719468|126.9762590231906501_37.5690173503827225|126.9766423549418590_37.5690116154256089|126.9767891468850252_37.5690047706819641|126.9769724776174371_37.5689758850454254
2026-09-04T06:42:24.849833+09:00,광화문·덕수궁,광화문·덕수궁,POI009,KEY_2,1000004201,세종대로21길,1010034201,속성변화점,126.9761701151880970_37.5691453161545397,1010036202,청계광장,126.9769681640981389_37.5690870395436463,71.0,19.0,서행,126.9769681640981389_37.5690870395436463|126.9768062997742106_37.5691122763363623|126.9766476039636132_37.5691196746613940|126.9762762102917009_37.5691252318358337|126.9761701151880970_37.5691453161545397
2026-09-04T06:42:24.849833+09:00,광화문·덕수궁,광화문·덕수궁,POI009,KEY_2,1000004202,세종대로21길,1010034502,조선일보본사,126.9758538003934376_37.5694432589816216,1010034201,속성변화점,126.9761701151880970_37.5691453161545397,44.0,28.0,원활,126.9761701151880970_37.5691453161545397|126.9759646865800136_37.5693016963708999|126.9759165276521173_37.5693486608578553|126.9758538003934376_37.5694432589816216
2026-09-04T06:42:24.849833+09:00,광화문·덕수궁,광화문·덕수궁,POI009,KEY_2,1000004203,세종대로21길,1000008402,신문로1가141,126.9756655929920299_37.5701107106503116,1010034501,조선일보본사,126.9758232836738614_37.5695216067234981,67.0,5.0,정체,126.9758232836738614_37.5695216067234981|126.9756655929920299_37.5701107106503116
2026-09-04T06:42:24.849833+09:00,광화문·덕수궁,광화문·덕수궁,POI009,KEY_2,1000005000,무교로,1000008607,종로구청입구교차로,126.9793805233784241_37.5701494116837509,1010034301,무교동사거리,126.9793440155466442_37.5692674718774171,98.0,20.0,서행,126.9793440155466442_37.5692674718774171|126.9793805233784241_37.5701494116837509
2026-09-04T06:42:24.849833+09:00,광화문·덕수궁,광화문·덕수궁,POI009,KEY_2,1000005101,세종대로,1010036202,청계광장,126.9769681640981389_37.5690870395436463,1000007300,세종로1-80,126.9769534872362158_37.5695820797097966,55.0,45.0,원활,126.9769534872362158_37.5695820797097966|126.9769561223222638_37.5694207011224321|126.9769681640981389_37.5690870395436463
2026-09-04T06:42:24.849833+09:00,광화문·덕수궁,광화문·덕수궁,POI009,KEY_2,1000005102,세종대로,1000007300,세종로1-80,126.9769534872362158_37.5695820797097966,1000009003,세종대로사거리,126.9769600332011521_37.5701212054532618,60.0,24.0,서행,126.9769600332011521_37.5701212054532618|126.9769532767960953_37.5697764532188643|126.9769534872362158_37.5695820797097966
2026-09-04T06:42:24.849833+09:00,광화문·덕수궁,광화문·덕수궁,POI009,KEY_2,1000005202,세종대로,1000009002,세종대로사거리,126.9770959172438580_37.5701228829325231,1000007400,청계천광장,126.9770893091757529_37.5695834801641908,60.0,21.0,서행,126.9770893091757529_37.5695834801641908|126.9770891110814688_37.5697756552470636|126.9770959172438580_37.5701228829325231
2026-09-04T06:42:24.849833+09:00,광화문·덕수궁,광화문·덕수궁,POI009,KEY_2,1000005203,세종대로,1000031000,청계광장,126.9770921904126482_37.5694157550093379,1000002000,청계광장,126.9771060680401717_37.5690311929919076,43.0,34.0,원활,126.9771060680401717_37.5690311929919076|126.9770921904126482_37.5694157550093379
2026-09-04T06:42:24.849833+09:00,광화문·덕수궁,광화문·덕수궁,POI009,KEY_2,1000005204,세종대로,1000007400,청계천광장,126.9770893091757529_37.5695834801641908,1000031000,청계광장,126.9770921904126482_37.5694157550093379,19.0,29.0,원활,126.9770921904126482_37.5694157550093379|126.9770893091757529_37.5695834801641908
2026-09-04T06:42:24.849833+09:00,광화문·덕수궁,광화문·덕수궁,POI009,KEY_2,1000006701,종로3길,1000008605,KT광화문빌딩East,126.9792365875387787_37.5713076844087723,1000002503,종로구청앞교차로,126.9791846724866247_37.5724168674636516,123.0,19.0,서행,126.9791846724866247_37.5724168674636516|126.9792127143992531_37.5722886996592322|126.9792365875387787_37.5713076844087723
2026-09-04T06:42:24.849833+09:00,광화문·덕수궁,광화문·덕수궁,POI009,KEY_2,1000006702,종로3길,1000008609,종로구청입구교차로,126.9792481536049564_37.5702564438606927,1000008604,KT광화문빌딩East,126.9792392182412755_37.5711995824609417,105.0,8.0,정체,126.9792392182412755_37.5711995824609417|126.9792562098357678_37.5705013662105856|126.9792481536049564_37.5702564438606927
2026-09-04T06:42:24.849833+09:00,광화문·덕수궁,광화문·덕수궁,POI009,KEY_2,1000006801,종로3길,1000008603,KT광화문빌딩East,126.9793750304311573_37.5712016763059680,1000008606,종로구청입구교차로,126.9793844377634713_37.5702575676490582,105.0,27.0,원활,126.9793844377634713_37.5702575676490582|126.9793920781041692_37.5705010629446505|126.9793750304311573_37.5712016763059680
2026-09-04T06:42:24.849833+09:00,광화문·덕수궁,광화문·덕수궁,POI009,KEY_2,1000006802,종로3길,1000002502,종로구청앞교차로,126.9793217364559581_37.5724206139039367,1000008602,KT광화문빌딩East,126.9793723999539878_37.5713097781531999,124.0,21.5,서행,126.9793723999539878_37.5713097781531999|126.9793483260029632_37.5722990812992776|126.9793217364559581_37.5724206139039367
2026-09-04T06:42:24.849833+09:00,광화문·덕수궁,광화문·덕수궁,POI009,KEY_2,1000007301,새문안로5길,1000191900,당주동 42-1,126.9747945654450376_37.5713741249107471,1000012004,당주동 42-1,126.9747711914900208_37.5715772036542930,23.0,17.0,서행,126.9747711914900208_37.5715772036542930|126.9747764927874840_37.5715266880177694|126.9747945654450376_37.5713741249107471
2026-09-04T06:42:24.849833+09:00,광화문·덕수궁,광화문·덕수궁,POI009,KEY_2,1000007303,새문안로5길,1000012009,국토매일신문,126.9745343892600573_37.5730633074938467,1000015503,정부중앙청사별관,126.9744112783023837_37.5740498591777197,110.0,19.0,서행,126.9744112783023837_37.5740498591777197|126.9744499541339309_37.5737686609407575|126.9744632498496486_37.5736575921968523|126.9745343892600573_37.5730633074938467
2026-09-04T06:42:24.849833+09:00,광화문·덕수궁,광화문·덕수궁,POI009,KEY_2,1000007304,새문안로5길,1000097900,당주동 9-1,126.9746904072748208_37.5722005256472400,1000012008,국토매일신문,126.9745473563027076_37.5729549828790397,85.0,17.0,서행,126.9745473563027076_37.5729549828790397|126.9746153014773142_37.5723873767864731|126.9746904072748208_37.5722005256472400
2026-09-04T06:42:24.849833+09:00,광화문·덕수궁,광화문·덕수궁,POI009,KEY_2,1000007401,새문안로5길,1000122600,당주동 37-5,126.9749949194423237_37.5708345656133957,1000008301,뉴질랜드관광청,126.9750532070518432_37.5702129564638909,69.0,8.0,정체,126.9750532070518432_37.5702129564638909|126.9750441061559343_37.5704193325342715|126.9750097115534828_37.5707096914500909|126.9749949194423237_37.5708345656133957
2026-09-04T06:42:24.849833+09:00,광화문·덕수궁,광화문·덕수궁,POI009,KEY_2,1000007403,새문안로5길,1000012007,국토매일신문,126.9746825846849134_37.5729652378036505,1000012002,당주동 15-5,126.9748960733688961_37.5716933165325884,143.0,4.0,정체,126.9748960733688961_37.5716933165325884|126.9748542851426265_37.5721476425157519|126.9748197861506611_37.5722334714313035|126.9747491405799735_37.5724092275890840|126.9746825846849134_37.5729652378036505
2026-09-04T06:42:24.849833+09:00,광화문·덕수궁,광화문·덕수궁,POI009,KEY_2,1000007404,새문안로5길,1000015502,정부중앙청사별관,126.9745471372090009_37.5740556283939924,1000012006,국토매일신문,126.9746696177836469_37.5730735623354022,110.0,9.0,정체,126.9746696177836469_37.5730735623354022|126.9745984783698276_37.5736678471220458|126.9745850921002415_37.5737796723370465|126.9745471372090009_37.5740556283939924
2026-09-04T06:42:24.849833+09:00,광화문·덕수궁,광화문·덕수궁,POI009,KEY_2,1000007501,삼봉로,1000013006,신라스테이(광화문),126.9800323953105732_37.5724462314692360,1000002502,종로구청앞교차로,126.9793217364559581_37.5724206139039367,63.0,10.0,정체,126.9793217364559581_37.5724206139039367|126.9799519020942853_37.5724644845951588|126.9800031202296822_37.5724557581351775|126.9800323953105732_37.5724462314692360
2026-09-04T06:42:24.849833+09:00,광화문·덕수궁,광화문·덕수궁,POI009,KEY_2,1000007502,삼봉로,1000012403,조계사앞교차로,126.9829706356902221_37.5719776537276218,1000013004,신라스테이(광화문),126.9801805317354280_37.5724047958457916,252.0,22.0,서행,126.9801805317354280_37.5724047958457916|126.9804914824202910_37.5723319178106152|126.9811053055208276_37.5721880522337770|126.9822536902158987_37.5720311041132078|126.9827182491962247_37.5719849537863269|126.9829706356902221_37.5719776537276218
2026-09-04T06:42:24.849833+09:00,광화문·덕수궁,광화문·덕수궁,POI009,KEY_2,1000007601,삼봉로,1000002501,종로구청앞교차로,126.9793098997934777_37.5725283213326406,1000013008,신라스테이(광화문),126.9800853113310097_37.5725458182865282,69.0,25.0,원활,126.9800853113310097_37.5725458182865282|126.9800433552072860_37.5725594712725126|126.9799603876916336_37.5725736073446370|126.9793098997934777_37.5725283213326406
2026-09-04T06:42:24.849833+09:00,광화문·덕수궁,광화문·덕수궁,POI009,KEY_2,1000008305,사직로8길,1000030902,세종로공원,126.9763299470461675_37.5743620222710391,1000016700,광화문,126.9763532157447088_37.5747826865806687,47.0,40.0,원활,126.9763532157447088_37.5747826865806687|126.9763299470461675_37.5743620222710391
2026-09-04T06:42:24.849833+09:00,광화문·덕수궁,광화문·덕수궁,POI009,KEY_2,1000008306,사직로8길,1000030901,세종로공원,126.9763653836261312_37.5741476322646690,1000030902,세종로공원,126.9763299470461675_37.5743620222710391,24.0,23.5,서행,126.9763299470461675_37.5743620222710391|126.9763653836261312_37.5741476322646690
2026-09-04T06:42:24.849833+09:00,광화문·덕수궁,광화문·덕수궁,POI009,KEY_2,1000008403,세종대로,1000178600,세종로 84-12,126.9773435970436708_37.5716353187199061,1000010301,주한네덜란드대사관,126.9773205016073234_37.5708618739457165,86.0,51.0,원활,126.9773205016073234_37.5708618739457165|126.9773435970436708_37.5716353187199061
2026-09-04T06:42:24.849833+09:00,광화문·덕수궁,광화문·덕수궁,POI009,KEY_2,1000008404,세종대로,1000031103,대한민국역사박물관,126.9772668410657133_37.5742389331108342,1000013701,미국대사관,126.9773127388234570_37.5727861811112405,161.0,22.0,서행,126.9773127388234570_37.5727861811112405|126.9772668410657133_37.5742389331108342
2026-09-04T06:42:24.849833+09:00,광화문·덕수궁,광화문·덕수궁,POI009,KEY_2,1000008405,세종대로,1000031102,대한민국역사박물관,126.9772570032702248_37.5744554912241924,1000031103,대한민국역사박물관,126.9772668410657133_37.5742389331108342,24.0,25.0,원활,126.9772668410657133_37.5742389331108342|126.9772570032702248_37.5744554912241924
2026-09-04T06:42:24.849833+09:00,광화문·덕수궁,광화문·덕수궁,POI009,KEY_2,1000008406,세종대로,1000013701,미국대사관,126.9773127388234570_37.5727861811112405,1000013702,미국대사관,126.9773159428094118_37.5726780742018107,12.0,9.0,정체,126.9773159428094118_37.5726780742018107|126.9773127388234570_37.5727861811112405
2026-09-04T06:42:24.849833+09:00,광화문·덕수궁,광화문·덕수궁,POI009,KEY_2,1000008501,삼봉로,1000013502,주한미국대사관,126.9786734195719902_37.5726343147372575,1000002504,종로구청앞교차로,126.9791894907537966_37.5725249183912950,48.0,24.7,서행,126.9791894907537966_37.5725249183912950|126.9790501230296087_37.5725288554711625|126.9789227998701477_37.5725532930203556|126.9786734195719902_37.5726343147372575
2026-09-04T06:42:24.849833+09:00,광화문·덕수궁,광화문·덕수궁,POI009,KEY_2,1000008502,종로1길,1000016104,정부합동민원실,126.9785818993651674_37.5743088383231623,1000013501,주한미국대사관,126.9786285350510866_37.5726918211835468,180.0,23.0,서행,126.9786285350510866_37.5726918211835468|126.9786270745331507_37.5728076925504126|126.9785818993651674_37.5743088383231623
2026-09-04T06:42:24.849833+09:00,광화문·덕수궁,광화문·덕수궁,POI009,KEY_2,1000008601,삼봉로,1000002503,종로구청앞교차로,126.9791846724866247_37.5724168674636516,1000013503,주한미국대사관,126.9786357598149351_37.5725297706543273,51.0,22.0,서행,126.9786357598149351_37.5725297706543273|126.9788809724591374_37.5724501026944324|126.9790316055260035_37.5724211913871144|126.9791846724866247_37.5724168674636516
2026-09-04T06:42:24.849833+09:00,광화문·덕수궁,광화문·덕수궁,POI009,KEY_2,1000008602,종로1길,1000013505,주한미국대사관,126.9784926276747825_37.5726966398339357,1000016105,정부합동민원실,126.9784455851017384_37.5743231998157583,181.0,24.3,서행,126.9784455851017384_37.5743231998157583|126.9784912513626978_37.5728058559814073|126.9784926276747825_37.5726966398339357
2026-09-04T06:42:24.849833+09:00,광화문·덕수궁,광화문·덕수궁,POI009,KEY_2,1000009102,우정국로,1000017300,안국동사거리,126.9828039229332575_37.5749851341707171,1000017904,안국동로터리,126.9829082928001753_37.5755454257557844,63.0,36.0,원활,126.9829082928001753_37.5755454257557844|126.9828499577781997_37.5754008805051001|126.9828163493672974_37.5752357359225755|126.9827996996409070_37.5750526973415191|126.9828039229332575_37.5749851341707171
2026-09-04T06:42:24.849833+09:00,광화문·덕수궁,광화문·덕수궁,POI009,KEY_2,1000009300,사직로8길,1000015301,스타트경제,126.9734883930231888_37.5741271926938722,1000015504,정부중앙청사별관,126.9744002652443839_37.5741577051489486,81.0,29.0,원활,126.9744002652443839_37.5741577051489486|126.9734883930231888_37.5741271926938722
2026-09-04T06:42:24.849833+09:00,광화문·덕수궁,광화문·덕수궁,POI009,KEY_2,1000009400,사직로8길,1000015503,정부중앙청사별관,126.9744112783023837_37.5740498591777197,1000015302,스타트경제,126.9734940995421653_37.5740191692129102,81.0,36.0,원활,126.9734940995421653_37.5740191692129102|126.9744112783023837_37.5740498591777197
2026-09-04T06:42:24.849833+09:00,광화문·덕수궁,광화문·덕수궁,POI009,KEY_2,1000009700,종로5길,1000016102,정부합동민원실,126.9786256776191635_37.5744598668717487,1000003004,서울지방국세청,126.9792726003818757_37.5744097123775163,57.0,22.5,서행,126.9792726003818757_37.5744097123775163|126.9786256776191635_37.5744598668717487
2026-09-04T06:42:24.849833+09:00,광화문·덕수궁,광화문·덕수궁,POI009,KEY_2,1000009800,종로5길,1000003003,서울지방국세청,126.9792594302951443_37.5743021024994945,1000016103,정부합동민원실,126.9786387287132357_37.5743502241267819,55.0,7.0,정체,126.9786387287132357_37.5743502241267819|126.9792594302951443_37.5743021024994945
2026-09-04T06:42:24.849833+09:00,광화문·덕수궁,광화문·덕수궁,POI009,KEY_2,1000009901,사직로8길,1000015501,정부중앙청사별관,126.9745359191347660_37.5741633893777163,1000015902,중앙지하차도(서측),126.9756117227963585_37.5742176029672024,95.0,31.0,원활,126.9756117227963585_37.5742176029672024|126.9745359191347660_37.5741633893777163
2026-09-04T06:42:24.849833+09:00,광화문·덕수궁,광화문·덕수궁,POI009,KEY_2,1000009902,사직로8길,1000015902,중앙지하차도(서측),126.9756117227963585_37.5742176029672024,1000030902,세종로공원,126.9763299470461675_37.5743620222710391,66.0,31.0,원활,126.9763299470461675_37.5743620222710391|126.9758706991731145_37.5743046632961182|126.9756117227963585_37.5742176029672024
2026-09-04T06:42:24.849833+09:00,광화문·덕수궁,광화문·덕수궁,POI009,KEY_2,1000009903,사직로8길,1000031102,대한민국역사박물관,126.9772570032702248_37.5744554912241924,1000016202,중앙지하차도(동측),126.9780305337901893_37.5744492911494277,69.0,4.0,정체,126.9780305337901893_37.5744492911494277|126.9777525987565241_37.5744864077288838|126.9772766588325226_37.5744570835161937|126.9772570032702248_37.5744554912241924
2026-09-04T06:42:24.849833+09:00,광화문·덕수궁,광화문·덕수궁,POI009,KEY_2,1000009904,사직로8길,1000016202,중앙지하차도(동측),126.9780305337901893_37.5744492911494277,1000016107,정부합동민원실,126.9784461006803866_37.5744659883513918,37.0,25.0,원활,126.9784461006803866_37.5744659883513918|126.9780305337901893_37.5744492911494277
2026-09-04T06:42:24.849833+09:00,광화문·덕수궁,광화문·덕수궁,POI009,KEY_2,1000010001,사직로8길,1000015901,중앙지하차도(서측),126.9756254491522043_37.5741101153048476,1000015502,정부중앙청사별관,126.9745471372090009_37.5740556283939924,95.0,35.0,원활,126.9745471372090009_37.5740556283939924|126.9756254491522043_37.5741101153048476
2026-09-04T06:42:24.849833+09:00,광화문·덕수궁,광화문·덕수궁,POI009,KEY_2,1000010002,사직로8길,1000030901,세종로공원,126.9763653836261312_37.5741476322646690,1000015901,중앙지하차도(서측),126.9756254491522043_37.5741101153048476,66.0,18.0,서행,126.9756254491522043_37.5741101153048476|126.9759083891116944_37.5740905296920999|126.9763653836261312_37.5741476322646690
2026-09-04T06:42:24.849833+09:00,광화문·덕수궁,광화문·덕수궁,POI009,KEY_2,1000010003,사직로8길,1000016201,중앙지하차도(동측),126.9780392001640763_37.5743414013185841,1000031103,대한민국역사박물관,126.9772668410657133_37.5742389331108342,70.0,21.5,서행,126.9772668410657133_37.5742389331108342|126.9773009030501640_37.5742416927750185|126.9777735667203871_37.5742708146941595|126.9780392001640763_37.5743414013185841
2026-09-04T06:42:24.849833+09:00,광화문·덕수궁,광화문·덕수궁,POI009,KEY_2,1000010004,사직로8길,1000016106,정부합동민원실,126.9784265292035883_37.5743569447684180,1000016201,중앙지하차도(동측),126.9780392001640763_37.5743414013185841,34.0,23.0,서행,126.9780392001640763_37.5743414013185841|126.9784265292035883_37.5743569447684180
2026-09-04T06:42:24.849833+09:00,광화문·덕수궁,광화문·덕수궁,POI009,KEY_2,1000010600,새문안로5길,1000019302,정부서울청사사거리,126.9743957431224146_37.5756988655088620,1000015501,정부중앙청사별관,126.9745359191347660_37.5741633893777163,171.0,28.0,원활,126.9745359191347660_37.5741633893777163|126.9745251838795923_37.5743178497332622|126.9743883747213147_37.5754949317932088|126.9743883466303203_37.5755769520238516|126.9743957431224146_37.5756988655088620
2026-09-04T06:42:24.849833+09:00,광화문·덕수궁,광화문·덕수궁,POI009,KEY_2,1000011101,종로1길,1000061700,세종로 23-3,126.9788627671283336_37.5751151643689312,1000018300,경복궁사거리,126.9791985772177298_37.5755559719213679,57.0,23.7,서행,126.9791985772177298_37.5755559719213679|126.9791278841071005_37.5754329070121216|126.9790835784237970_37.5753764590680319|126.9788627671283336_37.5751151643689312
2026-09-04T06:42:24.849833+09:00,광화문·덕수궁,광화문·덕수궁,POI009,KEY_2,1000011102,종로1길,1000018300,경복궁사거리,126.9791985772177298_37.5755559719213679,1000019703,경복궁사거리,126.9793107532419185_37.5757813746508091,27.0,27.0,원활,126.9793107532419185_37.5757813746508091|126.9791985772177298_37.5755559719213679
2026-09-04T06:42:24.849833+09:00,광화문·덕수궁,광화문·덕수궁,POI009,KEY_2,1000011201,종로1길,1000018200,경복궁,126.9792457576218681_37.5753789068622197,1000016101,정부합동민원실,126.9785925869651777_37.5744763969490307,116.0,21.0,서행,126.9785925869651777_37.5744763969490307|126.9786030542454114_37.5745264529886569|126.9786595083860163_37.5746487570202206|126.9787160834317490_37.5747406686916463|126.9788572860340707_37.5749149509381581|126.9789754866872897_37.5750548226999328|126.9791975771393453_37.5753176298490956|126.9792457576218681_37.5753789068622197
2026-09-04T06:42:24.849833+09:00,광화문·덕수궁,광화문·덕수궁,POI009,KEY_2,1000011202,종로1길,1000019702,경복궁사거리,126.9794701198467664_37.5758080047390521,1000018200,경복궁,126.9792457576218681_37.5753789068622197,52.0,6.0,정체,126.9792457576218681_37.5753789068622197|126.9793010192322811_37.5754682222458030|126.9794701198467664_37.5758080047390521
2026-09-04T06:42:24.849833+09:00,광화문·덕수궁,광화문·덕수궁,POI009,KEY_2,1000011501,율곡로,1000019401,경복궁,126.9801381644492011_37.5758813627365100,1000019702,경복궁사거리,126.9794701198467664_37.5758080047390521,60.0,45.0,원활,126.9794701198467664_37.5758080047390521|126.9797343426333214_37.5758559422202438|126.9799729505737531_37.5758791430045278|126.9801381644492011_37.5758813627365100
2026-09-04T06:42:24.849833+09:00,광화문·덕수궁,광화문·덕수궁,POI009,KEY_2,1000011502,율곡로,1000019203,주한멕시코대사관,126.9811804454430160_37.5757381628755169,1000019401,경복궁,126.9801381644492011_37.5758813627365100,94.0,37.0,원활,126.9801381644492011_37.5758813627365100|126.9801458468412108_37.5758814661415386|126.9803274747907409_37.5758700232846223|126.9811804454430160_37.5757381628755169
2026-09-04T06:42:24.849833+09:00,광화문·덕수궁,광화문·덕수궁,POI009,KEY_2,1000011503,율곡로,1000018100,안국동사거리,126.9820370732549009_37.5756052331219763,1000019202,주한멕시코대사관,126.9813332527749594_37.5757145141333595,63.0,26.0,원활,126.9813332527749594_37.5757145141333595|126.9820370732549009_37.5756052331219763
2026-09-04T06:42:24.849833+09:00,광화문·덕수궁,광화문·덕수궁,POI009,KEY_2,1000011504,율곡로,1000017904,안국동로터리,126.9829082928001753_37.5755454257557844,1000018100,안국동사거리,126.9820370732549009_37.5756052331219763,78.0,26.0,원활,126.9820370732549009_37.5756052331219763|126.9821849025842226_37.5755822792614822|126.9823949596761850_37.5755556593554090|126.9825949987016998_37.5755409919947070|126.9827732334880466_37.5755410181384661|126.9829082928001753_37.5755454257557844
2026-09-04T06:42:24.849833+09:00,광화문·덕수궁,광화문·덕수궁,POI009,KEY_2,1000011601,율곡로,1000019701,경복궁사거리,126.9795067975766756_37.5759255521593971,1000020300,경복궁,126.9801205068413168_37.5759892604625989,55.0,9.0,정체,126.9801205068413168_37.5759892604625989|126.9799635415281358_37.5759871517272330|126.9797109494754608_37.5759625907229378|126.9795067975766756_37.5759255521593971
2026-09-04T06:42:24.849833+09:00,광화문·덕수궁,광화문·덕수궁,POI009,KEY_2,1000011603,율곡로,1000020300,경복궁,126.9801205068413168_37.5759892604625989,1000017905,안국동로터리,126.9829348569925571_37.5756562270635044,252.0,13.0,정체,126.9829348569925571_37.5756562270635044|126.9829125468357773_37.5756537744281829|126.9827704373494015_37.5756491370767236|126.9826012303179823_37.5756491122595975|126.9824118889619911_37.5756629946566250|126.9822085957164859_37.5756887578650449|126.9820630846885052_37.5757113517092307|126.9813592631155075_37.5758206328940290|126.9812063475179400_37.5758442987123971|126.9803458434132892_37.5759773239770425|126.9801500700749699_37.5759896573698668|126.9801205068413168_37.5759892604625989
2026-09-04T06:42:24.849833+09:00,광화문·덕수궁,광화문·덕수궁,POI009,KEY_2,1000011700,사직로,1000019303,정부서울청사사거리,126.9742603998069796_37.5757097304571062,1000019802,경복궁역사거리,126.9727094012703503_37.5758424186585529,138.0,21.0,서행,126.9727094012703503_37.5758424186585529|126.9729390930378230_37.5758227698022793|126.9733793101036952_37.5757851103966303|126.9742603998069796_37.5757097304571062
2026-09-04T06:42:24.849833+09:00,광화문·덕수궁,광화문·덕수궁,POI009,KEY_2,1000011800,사직로,1000242400,적선동 8-1,126.9733938280741512_37.5758926104395314,1000019304,정부서울청사사거리,126.9742589191568953_37.5758185992423250,77.0,37.0,원활,126.9742589191568953_37.5758185992423250|126.9733938280741512_37.5758926104395314
2026-09-04T06:42:24.849833+09:00,광화문·덕수궁,광화문·덕수궁,POI009,KEY_2,1000012001,사직로,1000018500,광화문,126.9756248255992830_37.5755943672526271,1000019302,정부서울청사사거리,126.9743957431224146_37.5756988655088620,109.0,25.0,원활,126.9743957431224146_37.5756988655088620|126.9754810818243271_37.5756177185546321|126.9756248255992830_37.5755943672526271
2026-09-04T06:42:24.849833+09:00,광화문·덕수궁,광화문·덕수궁,POI009,KEY_2,1000012101,사직로,1000003601,광화문삼거리,126.9772026040190127_37.5752961563211159,1000020200,경복궁,126.9786283706113750_37.5757946408291801,142.0,15.0,서행,126.9786283706113750_37.5757946408291801|126.9780494814518477_37.5757270176835334|126.9778051553330869_37.5756687993840117|126.9775841152535918_37.5755595455980540|126.9773389726312587_37.5753713360195221|126.9772665949307680_37.5753228898854132|126.9772026040190127_37.5752961563211159
2026-09-04T06:42:24.849833+09:00,광화문·덕수궁,광화문·덕수궁,POI009,KEY_2,1000012102,사직로,1000020200,경복궁,126.9786283706113750_37.5757946408291801,1000019704,경복궁사거리,126.9793621536958312_37.5759001150550986,66.0,15.0,서행,126.9793621536958312_37.5759001150550986|126.9791440605087161_37.5758645700478056|126.9786283706113750_37.5757946408291801
2026-09-04T06:42:24.849833+09:00,광화문·덕수궁,광화문·덕수궁,POI009,KEY_2,1000012201,사직로,1000018900,광화문,126.9779451863085598_37.5756050720602488,1000003602,광화문삼거리,126.9772110255811555_37.5752034687002023,79.0,35.0,원활,126.9772110255811555_37.5752034687002023|126.9772928511832646_37.5752335458452649|126.9773935570080141_37.5752794922773816|126.9776603729761888_37.5754731005354259|126.9778509223909992_37.5755747642951761|126.9779451863085598_37.5756050720602488
2026-09-04T06:42:24.849833+09:00,광화문·덕수궁,광화문·덕수궁,POI009,KEY_2,1000012202,사직로,1000019100,경복궁,126.9786480964121154_37.5756876675167888,1000018900,광화문,126.9779451863085598_37.5756050720602488,63.0,29.0,원활,126.9779451863085598_37.5756050720602488|126.9786480964121154_37.5756876675167888
2026-09-04T06:42:24.849833+09:00,광화문·덕수궁,광화문·덕수궁,POI009,KEY_2,1000012203,사직로,1000019703,경복궁사거리,126.9793107532419185_37.5757813746508091,1000019100,경복궁,126.9786480964121154_37.5756876675167888,59.0,15.0,서행,126.9786480964121154_37.5756876675167888|126.9791690991976765_37.5757582877498706|126.9793107532419185_37.5757813746508091
2026-09-04T06:42:24.849833+09:00,광화문·덕수궁,광화문·덕수궁,POI009,KEY_2,1000012800,율곡로,1000099700,관훈동 113,126.9843012547585914_37.5759322813818102,1000017902,안국동로터리,126.9831650747284471_37.5755740090362238,108.0,14.0,정체,126.9831650747284471_37.5755740090362238|126.9832157778299404_37.5755801309922148|126.9834207454955077_37.5756172367829961|126.9836820397707413_37.5756980185194678|126.9842468281761967_37.5759072448986657|126.9843012547585914_37.5759322813818102
2026-09-04T06:42:24.849833+09:00,광화문·덕수궁,광화문·덕수궁,POI009,KEY_2,1000013802,율곡로3길,1000187200,안국동 177-3,126.9825779024490799_37.5773003698629964,1000017901,안국동로터리,126.9830699625115358_37.5756718813989750,188.0,10.0,정체,126.9830699625115358_37.5756718813989750|126.9830564549576764_37.5759140717657090|126.9830330914684993_37.5760255151221827|126.9826494722971120_37.5768341676311906|126.9826150056688476_37.5769949197743074|126.9825779024490799_37.5773003698629964
2026-09-04T06:42:24.849833+09:00,광화문·덕수궁,광화문·덕수궁,POI009,KEY_2,1000014301,삼청로,1000019704,경복궁사거리,126.9793621536958312_37.5759001150550986,1000020600,대한출판문화협회,126.9794687888132074_37.5765544121067592,73.0,10.0,정체,126.9794687888132074_37.5765544121067592|126.9794674172659654_37.5764824989996455|126.9794172673057773_37.5761249117022231|126.9793621536958312_37.5759001150550986
2026-09-04T06:42:24.849833+09:00,광화문·덕수궁,광화문·덕수궁,POI009,KEY_2,1000014302,삼청로,1000020600,대한출판문화협회,126.9794687888132074_37.5765544121067592,1000022703,국군서울지구병원,126.9798562503477797_37.5800221917764006,388.0,26.0,원활,126.9798562503477797_37.5800221917764006|126.9796182985417516_37.5793264763807215|126.9795665449151443_37.5791397220131316|126.9795478931843604_37.5790381290051698|126.9795326834604623_37.5788730174103378|126.9794969047037227_37.5780275498626395|126.9794687888132074_37.5765544121067592
2026-09-04T06:42:24.849833+09:00,광화문·덕수궁,광화문·덕수궁,POI009,KEY_2,1000014401,삼청로,1000021000,대한출판문화협회,126.9796046197648423_37.5765527706146756,1000019701,경복궁사거리,126.9795067975766756_37.5759255521593971,70.0,30.7,원활,126.9795067975766756_37.5759255521593971|126.9795516592807161_37.5761085342554608|126.9796031487506696_37.5764756650611034|126.9796046197648423_37.5765527706146756
2026-09-04T06:42:24.849833+09:00,광화문·덕수궁,광화문·덕수궁,POI009,KEY_2,1000014402,삼청로,1000022702,국군서울지구병원,126.9799873332334244_37.5799937943622950,1000021000,대한출판문화협회,126.9796046197648423_37.5765527706146756,385.0,29.0,원활,126.9796046197648423_37.5765527706146756|126.9796327193578946_37.5780249082326065|126.9796683669145381_37.5788672429607900|126.9796830227134734_37.5790263448128528|126.9797002616005130_37.5791202376619609|126.9797502489418548_37.5793006189381842|126.9799873332334244_37.5799937943622950
2026-09-04T06:42:24.849833+09:00,광화문·덕수궁,광화문·덕수궁,POI009,KEY_2,1000032200,사직로8길,1000015902,중앙지하차도(서측),126.9756117227963585_37.5742176029672024,1000016202,중앙지하차도(동측),126.9780305337901893_37.5744492911494277,215.0,33.0,원활,126.9780305337901893_37.5744492911494277|126.9772827190510327_37.5744032358319444|126.9771755284284893_37.5743945520917961|126.9766024909210955_37.5743251885524288|126.9761774658537661_37.5742806845081674|126.9756117227963585_37.5742176029672024
2026-09-04T06:42:24.849833+09:00,광화문·덕수궁,광화문·덕수궁,POI009,KEY_2,1000015201,효자로,1000022102,한글전각갤러리,126.9739017858953645_37.5793498869892204,1000019301,정부서울청사사거리,126.9743957935852450_37.5758074664167268,396.0,27.0,원활,126.9743957935852450_37.5758074664167268|126.9743764184428017_37.5760755345660726|126.9743092662572082_37.5764778948295017|126.9741719066146146_37.5773009081164844|126.9741268698984413_37.5775378120208856|126.9740611119599407_37.5778837117652031|126.9740177174622744_37.5782830491677231|126.9739017858953645_37.5793498869892204
2026-09-04T06:42:24.849833+09:00,광화문·덕수궁,광화문·덕수궁,POI009,KEY_2,1000023500,종로,1000007002,동아일보사,126.9783460265061024_37.5693222473721278,1000008803,광화문우체국,126.9784351192109852_37.5701413844145975,91.0,38.0,원활,126.9784351192109852_37.5701413844145975|126.9783460265061024_37.5693222473721278
2026-09-04T06:42:24.849833+09:00,광화문·덕수궁,광화문·덕수궁,POI009,KEY_2,1000023800,세종대로,1000007300,세종로1-80,126.9769534872362158_37.5695820797097966,1000007600,주한요르단명예영사관,126.9762019638013300_37.5701150604124336,93.0,24.7,서행,126.9762019638013300_37.5701150604124336|126.9765157204813590_37.5700245083348179|126.9765948042672790_37.5699744620325760|126.9767188239706144_37.5698815155413541|126.9768230812362049_37.5697756907165257|126.9769442873751473_37.5696462098692763|126.9769534872362158_37.5695820797097966
2026-09-04T06:42:24.849833+09:00,광화문·덕수궁,광화문·덕수궁,POI009,KEY_2,1000023900,종로,1000008000,동아일보사,126.9777588281918099_37.5701340596360964,1000007400,청계천광장,126.9770893091757529_37.5695834801641908,91.0,5.0,정체,126.9770893091757529_37.5695834801641908|126.9770963075021939_37.5696479702720865|126.9772094321437663_37.5697743360528662|126.9773459521211265_37.5699388507560457|126.9774735034476549_37.5700533015790512|126.9775723207871607_37.5701062430602590|126.9777588281918099_37.5701340596360964
2026-09-04T06:42:24.849833+09:00,광화문·덕수궁,광화문·덕수궁,POI009,KEY_2,1000025901,종로5길,1000008909,GS건설본사,126.9806366436472871_37.5713225324397655,1000013005,신라스테이(광화문),126.9801024195699028_37.5723985668960268,128.0,5.0,정체,126.9801024195699028_37.5723985668960268|126.9801274853195991_37.5723618756308824|126.9801882517644884_37.5722503255379436|126.9804583466781196_37.5717160525297444|126.9804740373480314_37.5716814217555211|126.9806366436472871_37.5713225324397655
2026-09-04T06:42:24.849833+09:00,광화문·덕수궁,광화문·덕수궁,POI009,KEY_2,1000026600,세종대로23길,1000103800,당주동 5-2,126.9738882499421777_37.5716930130245785,1000012005,당주동 50,126.9747605984092615_37.5716854222088443,77.0,23.0,서행,126.9747605984092615_37.5716854222088443|126.9741381445169708_37.5716908392042441|126.9738882499421777_37.5716930130245785
2026-09-04T06:42:24.849833+09:00,광화문·덕수궁,광화문·덕수궁,POI009,KEY_2,1000029000,삼봉로,1000013504,주한미국대사관,126.9784467211068915_37.5726032215874994,1000013702,미국대사관,126.9773159428094118_37.5726780742018107,102.0,21.0,서행,126.9773159428094118_37.5726780742018107|126.9782512339889990_37.5726820504358230|126.9783129244980984_37.5726656952107234|126.9784467211068915_37.5726032215874994
2026-09-04T06:42:24.849833+09:00,광화문·덕수궁,광화문·덕수궁,POI009,KEY_2,1000029100,삼봉로,1000013701,미국대사관,126.9773127388234570_37.5727861811112405,1000013506,주한미국대사관,126.9785034818852267_37.5727020694592397,108.0,25.5,원활,126.9785034818852267_37.5727020694592397|126.9783693699185818_37.5727646906777721|126.9782729085429054_37.5727902630233856|126.9773127388234570_37.5727861811112405
2026-09-04T06:42:24.849833+09:00,광화문·덕수궁,광화문·덕수궁,POI009,KEY_2,1000030300,종로5길,1000013007,신라스테이(광화문),126.9800318327919655_37.5725027624303252,1000003003,서울지방국세청,126.9792594302951443_37.5743021024994945,212.0,24.0,서행,126.9792594302951443_37.5743021024994945|126.9792759294909956_37.5741870574901426|126.9797264864295556_37.5733456984577785|126.9799216853167252_37.5728080378637372|126.9800098025583424_37.5725355279602269|126.9800318327919655_37.5725027624303252
2026-09-04T06:42:24.849833+09:00,광화문·덕수궁,광화문·덕수궁,POI009,KEY_2,1000030400,종로5길,1000003002,서울지방국세청,126.9793945615540594_37.5743132109144398,1000013001,신라스테이(광화문),126.9801555512632518_37.5725479005761187,208.0,23.0,서행,126.9801555512632518_37.5725479005761187|126.9801372815345815_37.5725750734258099|126.9800527402421295_37.5728365252146901|126.9798546919840163_37.5733820359051833|126.9794086508121325_37.5742149647006229|126.9793945615540594_37.5743132109144398
2026-09-04T06:42:24.849833+09:00,광화문·덕수궁,광화문·덕수궁,POI009,KEY_2,1000031700,인사동길,1000200000,관훈동 177-1,126.9846248795644641_37.5741354335962896,1000017903,안국동로터리,126.9830393503038977_37.5755166265144283,209.0,19.0,서행,126.9830393503038977_37.5755166265144283|126.9832578502403493_37.5753718765763765|126.9833833057397072_37.5752802649537472|126.9833874257963799_37.5752759258947009|126.9838138538233210_37.5748268274858290|126.9839983126868219_37.5746325599944413|126.9840028137515446_37.5746278195686330|126.9841931260739045_37.5744516475788828|126.9843256891268339_37.5743491032214507|126.9843944674535408_37.5742999847176264|126.9846248795644641_37.5741354335962896
2026-09-04T06:42:24.849833+09:00,광화문·덕수궁,광화문·덕수궁,POI009,KEY_2,1000032100,사직로8길,1000016201,중앙지하차도(동측),126.9780392001640763_37.5743414013185841,1000015901,중앙지하차도(서측),126.9756254491522043_37.5741101153048476,215.0,36.0,원활,126.9756254491522043_37.5741101153048476|126.9761957492264486_37.5741735473063159|126.9766215660821871_37.5742181343338189|126.9771926297512294_37.5742872595378330|126.9772948428578871_37.5742955404616978|126.9780392001640763_37.5743414013185841
2026-09-04T06:42:24.849833+09:00,광화문·덕수궁,광화문·덕수궁,POI009,KEY_2,1010005904,세종대로,1010017809,소공동주민센터,126.9763214748840596_37.5626583872939435,1010021603,시청앞광장,126.9768324946201261_37.5639716881909536,153.0,40.0,원활,126.9768324946201261_37.5639716881909536|126.9764915927669620_37.5630734109549138|126.9763214748840596_37.5626583872939435
2026-09-04T06:42:24.849833+09:00,광화문·덕수궁,광화문·덕수궁,POI009,KEY_2,1000032700,율곡로2길,1000064500,수송동 85,126.9808437743933212_37.5753197426095085,1000003002,서울지방국세청,126.9793945615540594_37.5743132109144398,170.0,18.0,서행,126.9793945615540594_37.5743132109144398|126.9794413053962359_37.5743246674037579|126.9795218589004548_37.5743613221576922|126.9800684692065005_37.5747696032537419|126.9808437743933212_37.5753197426095085
2026-09-04T06:42:24.849833+09:00,광화문·덕수궁,광화문·덕수궁,POI009,KEY_2,1000032800,율곡로2길,1000003001,서울지방국세청,126.9793545831470993_37.5744165416395930,1000019203,주한멕시코대사관,126.9811804454430160_37.5757381628755169,219.0,22.0,서행,126.9811804454430160_37.5757381628755169|126.9810303591040253_37.5755969856150003|126.9807533749140589_37.5754004466844975|126.9799767752529789_37.5748493879335896|126.9794405580789487_37.5744488693975143|126.9793869466254961_37.5744244737253723|126.9793545831470993_37.5744165416395930
2026-09-04T06:42:24.849833+09:00,광화문·덕수궁,광화문·덕수궁,POI009,KEY_2,1000033500,사직로8길,1000016700,광화문,126.9763532157447088_37.5747826865806687,1000018500,광화문,126.9756248255992830_37.5755943672526271,120.0,15.0,서행,126.9756248255992830_37.5755943672526271|126.9757224088591272_37.5755618208710729|126.9758504305735158_37.5754900338429323|126.9760508643001629_37.5753564685578638|126.9761754799532412_37.5752709023523934|126.9762520914758284_37.5751999395367235|126.9763079793872578_37.5751369053768087|126.9763381579947321_37.5750888967285448|126.9763591702643026_37.5749970467265655|126.9763532157447088_37.5747826865806687
2026-09-04T06:42:24.849833+09:00,광화문·덕수궁,광화문·덕수궁,POI009,KEY_2,1000033900,우정국로,1000017300,안국동사거리,126.9828039229332575_37.5749851341707171,1000018100,안국동사거리,126.9820370732549009_37.5756052331219763,102.0,22.0,서행,126.9820370732549009_37.5756052331219763|126.9822935365986751_37.5755095925525495|126.9827428871539610_37.5751967734075052|126.9827905797247212_37.5750539177611387|126.9828039229332575_37.5749851341707171
2026-09-04T06:42:24.849833+09:00,광화문·덕수궁,광화문·덕수궁,POI009,KEY_2,1000034600,종로1길,1000018300,경복궁사거리,126.9791985772177298_37.5755559719213679,1000019100,경복궁,126.9786480964121154_37.5756876675167888,52.0,24.0,서행,126.9786480964121154_37.5756876675167888|126.9788862592677674_37.5756563323175570|126.9790599923662171_37.5756153599018674|126.9791438638352332_37.5755915362356276|126.9791953891944161_37.5755648461559062|126.9791985772177298_37.5755559719213679
2026-09-04T06:42:24.849833+09:00,광화문·덕수궁,광화문·덕수궁,POI009,KEY_2,1000034900,율곡로,1000019401,경복궁,126.9801381644492011_37.5758813627365100,1000018200,경복궁,126.9792457576218681_37.5753789068622197,101.0,26.0,원활,126.9792457576218681_37.5753789068622197|126.9793355830232144_37.5754952608411301|126.9794316395642397_37.5755988334256017|126.9795071017629624_37.5756589212616419|126.9796274882100420_37.5757347490756146|126.9797877149027556_37.5758145479697703|126.9801381644492011_37.5758813627365100
2026-09-04T06:42:24.849833+09:00,광화문·덕수궁,광화문·덕수궁,POI009,KEY_2,1000035200,사직로,1000020200,경복궁,126.9786283706113750_37.5757946408291801,1000020600,대한출판문화협회,126.9794687888132074_37.5765544121067592,118.0,15.0,서행,126.9794687888132074_37.5765544121067592|126.9794368084534142_37.5764098329770562|126.9791960602808700_37.5761637733622180|126.9789750836954596_37.5759177176703147|126.9788694300669647_37.5758537146814078|126.9786283706113750_37.5757946408291801
2026-09-04T06:42:24.849833+09:00,광화문·덕수궁,광화문·덕수궁,POI009,KEY_2,1000035300,삼청로,1000021000,대한출판문화협회,126.9796046197648423_37.5765527706146756,1000020300,경복궁,126.9801205068413168_37.5759892604625989,93.0,29.0,원활,126.9801205068413168_37.5759892604625989|126.9797298312382878_37.5760780464987292|126.9796597331679635_37.5761137931100748|126.9796040049640879_37.5761795786155588|126.9796046197648423_37.5765527706146756
2026-09-04T06:42:24.849833+09:00,광화문·덕수궁,광화문·덕수궁,POI009,KEY_2,1000046300,새문안로2길,1000031901,LG생활건강본사,126.9726562477517007_37.5694752037596373,1010034407,덕수초교앞,126.9742405418020041_37.5694753085403192,140.0,15.0,서행,126.9742405418020041_37.5694753085403192|126.9737001184918910_37.5694668895599477|126.9732258257600250_37.5694752072557421|126.9732250058664107_37.5694752072526938|126.9726562477517007_37.5694752037596373
2026-09-04T06:42:24.849833+09:00,광화문·덕수궁,광화문·덕수궁,POI009,KEY_2,1000046400,새문안로2길,1010034406,덕수초교앞,126.9742124026112293_37.5693667298241039,1000031902,LG생활건강본사,126.9726548639586667_37.5693670843502048,138.0,10.0,정체,126.9726548639586667_37.5693670843502048|126.9732243295454310_37.5693670883595701|126.9736984915906817_37.5693587722487976|126.9736999516345151_37.5693587466388053|126.9742124026112293_37.5693667298241039
2026-09-04T06:42:24.849833+09:00,광화문·덕수궁,광화문·덕수궁,POI009,KEY_2,1000046500,종로3길,1000008602,KT광화문빌딩East,126.9793723999539878_37.5713097781531999,1000008909,GS건설본사,126.9806366436472871_37.5713225324397655,112.0,9.0,정체,126.9806366436472871_37.5713225324397655|126.9793723999539878_37.5713097781531999
2026-09-04T06:42:24.849833+09:00,광화문·덕수궁,광화문·덕수궁,POI009,KEY_2,1000046600,종로3길,1000008908,GS건설본사,126.9806854115378769_37.5712148957716821,1000008603,KT광화문빌딩East,126.9793750304311573_37.5712016763059680,116.0,10.0,정체,126.9793750304311573_37.5712016763059680|126.9806854115378769_37.5712148957716821
2026-09-04T06:42:24.849833+09:00,광화문·덕수궁,광화문·덕수궁,POI009,KEY_2,1000046900,새문안로5길,1000012006,국토매일신문,126.9746696177836469_37.5730735623354022,1000032002,세종문화회관,126.9758250290710748_37.5731209316015295,105.0,12.0,정체,126.9758250290710748_37.5731209316015295|126.9757824820902385_37.5730812205397768|126.9757224844348826_37.5730583643911942|126.9746696177836469_37.5730735623354022
2026-09-04T06:42:24.849833+09:00,광화문·덕수궁,광화문·덕수궁,POI009,KEY_2,1010006002,세종대로,1010021602,시청앞광장,126.9769689889781006_37.5639574810137518,1010015700,숭례문,126.9758216757282128_37.5609807560682611,346.0,20.0,서행,126.9758216757282128_37.5609807560682611|126.9761127772680140_37.5617942588954108|126.9761509252078469_37.5618937585952821|126.9764084629013752_37.5625220596037011|126.9764505959815182_37.5626248484352132|126.9766211792211692_37.5630410044178191|126.9769689889781006_37.5639574810137518
2026-09-04T06:42:24.849833+09:00,광화문·덕수궁,광화문·덕수궁,POI009,KEY_2,1010007305,서소문로,1010060500,서소문동 42-3,126.9748814331857290_37.5634753132613639,1010021604,시청앞광장,126.9768728564433928_37.5640783561644085,191.0,18.0,서행,126.9768728564433928_37.5640783561644085|126.9766787939362445_37.5640859652900971|126.9765523317762188_37.5640754535460886|126.9763400428201123_37.5640251139761148|126.9749917778751325_37.5635158830683409|126.9748814331857290_37.5634753132613639
2026-09-04T06:42:24.849833+09:00,광화문·덕수궁,광화문·덕수궁,POI009,KEY_2,1010007405,서소문로,1010021603,시청앞광장,126.9768324946201261_37.5639716881909536,1010020202,중앙일보사,126.9742502538365869_37.5631241528421853,249.0,13.0,정체,126.9742502538365869_37.5631241528421853|126.9749383845103381_37.5633771573157134|126.9750493665217306_37.5634179614493959|126.9763888286545210_37.5639238670732283|126.9765790012718583_37.5639689628774178|126.9766825277856697_37.5639775680622137|126.9768324946201261_37.5639716881909536
2026-09-04T06:42:24.849833+09:00,광화문·덕수궁,광화문·덕수궁,POI009,KEY_2,1010007500,소공로,1010017903,한국은행앞교차로,126.9811556456876929_37.5619216279188848,1010021703,소공로지하상가,126.9793735854893129_37.5639048297059688,271.0,22.5,서행,126.9793735854893129_37.5639048297059688|126.9799260872659801_37.5633234478845921|126.9804607657373765_37.5627352047527836|126.9809958432867205_37.5621465108158432|126.9811556456876929_37.5619216279188848
2026-09-04T06:42:24.849833+09:00,광화문·덕수궁,광화문·덕수궁,POI009,KEY_2,1010008401,세종대로18길,1010021203,우성빌딩,126.9777193951018148_37.5638099385310227,1010021602,시청앞광장,126.9769689889781006_37.5639574810137518,68.0,25.0,원활,126.9769689889781006_37.5639574810137518|126.9777193951018148_37.5638099385310227
2026-09-04T06:42:24.849833+09:00,광화문·덕수궁,광화문·덕수궁,POI009,KEY_2,1010008402,세종대로18길,1010073800,소공동 87-15,126.9784945856248157_37.5638009334543241,1010021202,우성빌딩,126.9778443694909242_37.5637825313256783,58.0,12.0,정체,126.9778443694909242_37.5637825313256783|126.9779245419285019_37.5637634021338656|126.9780550037610567_37.5637507097928918|126.9781651142375978_37.5637590779395225|126.9784945856248157_37.5638009334543241
2026-09-04T06:42:24.849833+09:00,광화문·덕수궁,광화문·덕수궁,POI009,KEY_2,1010009100,남대문로7길,1010021108,호텔이비스명동,126.9820519451972700_37.5636664770067483,1010021702,소공로지하상가,126.9795475428450970_37.5639009918525275,227.0,11.0,정체,126.9795475428450970_37.5639009918525275|126.9796803370022360_37.5638948862261515|126.9806310216740002_37.5639896452279629|126.9820519451972700_37.5636664770067483
2026-09-04T06:42:24.849833+09:00,광화문·덕수궁,광화문·덕수궁,POI009,KEY_2,1010009200,남대문로7길,1010021701,소공로지하상가,126.9794402894512473_37.5640142229526717,1010021109,호텔이비스명동,126.9820873216543333_37.5637708767384169,240.0,19.5,서행,126.9820873216543333_37.5637708767384169|126.9806416666700954_37.5640996703370931|126.9796757766825266_37.5640033960331934|126.9794402894512473_37.5640142229526717
2026-09-04T06:42:24.849833+09:00,광화문·덕수궁,광화문·덕수궁,POI009,KEY_2,1010009501,소공로,1010021704,소공로지하상가,126.9792789797845671_37.5640057968385435,1010023303,조선호텔,126.9788152991022230_37.5645029149171776,69.0,19.0,서행,126.9788152991022230_37.5645029149171776|126.9792789797845671_37.5640057968385435
2026-09-04T06:42:24.849833+09:00,광화문·덕수궁,광화문·덕수궁,POI009,KEY_2,1010009502,소공로,1010023304,조선호텔,126.9787312154575005_37.5645930511843886,1010024703,시청앞광장,126.9784672029423973_37.5649273269454653,44.0,23.0,서행,126.9784672029423973_37.5649273269454653|126.9785328581880179_37.5648259321764542|126.9786099909753290_37.5647229929441977|126.9787312154575005_37.5645930511843886
2026-09-04T06:42:24.849833+09:00,광화문·덕수궁,광화문·덕수궁,POI009,KEY_2,1010009601,소공로,1010023302,조선호텔,126.9789243502561220_37.5645673683433330,1010021701,소공로지하상가,126.9794402894512473_37.5640142229526717,76.0,21.0,서행,126.9794402894512473_37.5640142229526717|126.9789243502561220_37.5645673683433330
2026-09-04T06:42:24.849833+09:00,광화문·덕수궁,광화문·덕수궁,POI009,KEY_2,1010009602,소공로,1010024701,속성변화점,126.9786056986612977_37.5650244624703831,1010023301,조선호텔,126.9788402605382771_37.5646575116433681,47.0,29.0,원활,126.9788402605382771_37.5646575116433681|126.9787231273203787_37.5647830692895752|126.9786516629586544_37.5648784430538711|126.9786287557715099_37.5649138199071757|126.9786056986612977_37.5650244624703831
2026-09-04T06:42:24.849833+09:00,광화문·덕수궁,광화문·덕수궁,POI009,KEY_2,1010009902,세종대로,1010021604,시청앞광장,126.9768728564433928_37.5640783561644085,1010024204,시청앞교차로,126.9770880989032236_37.5648197786229900,85.0,31.0,원활,126.9770880989032236_37.5648197786229900|126.9770591791834136_37.5646629693451288|126.9770001947957212_37.5644354373990907|126.9769219936512883_37.5642088549141349|126.9768728564433928_37.5640783561644085
2026-09-04T06:42:24.849833+09:00,광화문·덕수궁,광화문·덕수궁,POI009,KEY_2,1010010000,세종대로,1010024203,시청앞교차로,126.9772135411598413_37.5647555843739269,1010021601,시청앞광장,126.9770081698073909_37.5640611462049279,79.0,37.0,원활,126.9770081698073909_37.5640611462049279|126.9770525488461743_37.5641790078298783|126.9771323290460572_37.5644101639924273|126.9771929938028450_37.5646441761629077|126.9772135411598413_37.5647555843739269
2026-09-04T06:42:24.849833+09:00,광화문·덕수궁,광화문·덕수궁,POI009,KEY_2,1010011000,덕수궁길,1010003702,국립현대미술관(덕수궁),126.9734800713954428_37.5653099277390794,1010024205,시청앞교차로,126.9771111379704962_37.5649683842586413,350.0,21.5,서행,126.9771111379704962_37.5649683842586413|126.9769955437966189_37.5648997036250520|126.9769191129801698_37.5648841239987448|126.9762643259252286_37.5649661911538288|126.9761744747147532_37.5649770829893868|126.9759779520215517_37.5650009053778362|126.9758689949813260_37.5650050124235619|126.9752013280298399_37.5649548066137768|126.9751376722967393_37.5649475156969572|126.9743014077374426_37.5648517294047579|126.9740978380537513_37.5648406360021241|126.9740518977143893_37.5648432379020889|126.9740231183313881_37.5648571744892976|126.9736843653272729_37.5652451675209207|126.9735504744861458_37.5653043393530339|126.9734800713954428_37.5653099277390794
2026-09-04T06:42:24.849833+09:00,광화문·덕수궁,광화문·덕수궁,POI009,KEY_2,1010011100,소공로,1010024703,시청앞광장,126.9784672029423973_37.5649273269454653,1010024202,시청앞교차로,126.9772712943529740_37.5649019993645936,106.0,13.0,정체,126.9772712943529740_37.5649019993645936|126.9774098801302102_37.5649281244663342|126.9776269810423628_37.5649428736685351|126.9783249021099323_37.5649392241840445|126.9784672029423973_37.5649273269454653
2026-09-04T06:42:24.849833+09:00,광화문·덕수궁,광화문·덕수궁,POI009,KEY_2,1010011200,소공로,1010024201,시청앞교차로,126.9772516593585294_37.5650094083765893,1010024704,시청앞광장,126.9784659259494219_37.5650361481380060,108.0,29.0,원활,126.9784659259494219_37.5650361481380060|126.9783324600417700_37.5650473063687187|126.9776216401868254_37.5650510228301613|126.9773883375840597_37.5650351731031407|126.9772516593585294_37.5650094083765893
2026-09-04T06:42:24.849833+09:00,광화문·덕수궁,광화문·덕수궁,POI009,KEY_2,1010012500,을지로,1010024704,시청앞광장,126.9784659259494219_37.5650361481380060,1010004003,시청앞교차로,126.9789708087737665_37.5659839969886207,114.0,23.0,서행,126.9789708087737665_37.5659839969886207|126.9788675333299039_37.5658318303835728|126.9786502993091943_37.5654208830312371|126.9784659259494219_37.5650361481380060
2026-09-04T06:42:24.849833+09:00,광화문·덕수궁,광화문·덕수궁,POI009,KEY_2,1010012600,을지로,1010004002,시청앞교차로,126.9790903112125449_37.5659326054826721,1010024701,속성변화점,126.9786056986612977_37.5650244624703831,110.0,17.0,서행,126.9786056986612977_37.5650244624703831|126.9787763856751894_37.5653806366447611|126.9789901698400030_37.5657850581407118|126.9790903112125449_37.5659326054826721
2026-09-04T06:42:24.849833+09:00,광화문·덕수궁,광화문·덕수궁,POI009,KEY_2,1010013800,세종대로,1010004902,강원도민일보(서울본부),126.9771979915670101_37.5670009920858590,1010024201,시청앞교차로,126.9772516593585294_37.5650094083765893,221.0,40.5,원활,126.9772516593585294_37.5650094083765893|126.9772632229602749_37.5651213527824481|126.9772704963173453_37.5652669803863901|126.9772680209366058_37.5654083777349115|126.9772559424266944_37.5656434912380419|126.9771979915670101_37.5670009920858590
2026-09-04T06:42:24.849833+09:00,광화문·덕수궁,광화문·덕수궁,POI009,KEY_2,1010013901,을지로,1010004001,시청앞교차로,126.9791355868352127_37.5660429362421766,1010027204,일본국제관광진흥기구서울사무소,126.9796194072220459_37.5660647181267464,43.0,17.0,서행,126.9796194072220459_37.5660647181267464|126.9791355868352127_37.5660429362421766
2026-09-04T06:42:24.849833+09:00,광화문·덕수궁,광화문·덕수궁,POI009,KEY_2,1010014001,을지로,1010141800,을지로1가 50-1,126.9805253177826074_37.5659685214828443,1010004002,시청앞교차로,126.9790903112125449_37.5659326054826721,127.0,35.0,원활,126.9790903112125449_37.5659326054826721|126.9796270767268993_37.5659567711099385|126.9797571380910313_37.5659602844908065|126.9805253177826074_37.5659685214828443
2026-09-04T06:42:24.849833+09:00,광화문·덕수궁,광화문·덕수궁,POI009,KEY_2,1010015200,정동길,1010053500,정동 6-1,126.9726302734250396_37.5657818964494226,1010003701,국립현대미술관(덕수궁),126.9734172515147748_37.5653215661761095,86.0,22.0,서행,126.9734172515147748_37.5653215661761095|126.9731819807769568_37.5654408147970216|126.9726302734250396_37.5657818964494226
2026-09-04T06:42:24.849833+09:00,광화문·덕수궁,광화문·덕수궁,POI009,KEY_2,1010015400,무교로,1010004802,한국체육박물관,126.9792639816276676_37.5669296274705644,1010004001,시청앞교차로,126.9791355868352127_37.5660429362421766,99.0,18.5,서행,126.9791355868352127_37.5660429362421766|126.9792051056433166_37.5662774283455079|126.9792449697865493_37.5664901136539342|126.9792639816276676_37.5669296274705644
2026-09-04T06:42:24.849833+09:00,광화문·덕수궁,광화문·덕수궁,POI009,KEY_2,1010016400,세종대로20길,1010152400,태평로1가 31-1,126.9781614739919320_37.5671149535760875,1010004804,한국체육박물관,126.9791327692852860_37.5670432031565085,86.0,13.0,정체,126.9791327692852860_37.5670432031565085|126.9790021637939503_37.5670657791657803|126.9788569191823626_37.5670778321488825|126.9783926986433755_37.5671163538151802|126.9781614739919320_37.5671149535760875
2026-09-04T06:42:24.849833+09:00,광화문·덕수궁,광화문·덕수궁,POI009,KEY_2,1010017601,무교로,1010141400,무교동 44-1,126.9793100041751046_37.5679689583533047,1010004801,한국체육박물관,126.9792685302403470_37.5670397690594271,103.0,13.0,정체,126.9792685302403470_37.5670397690594271|126.9792880141313276_37.5675278005997768|126.9792897236795000_37.5675706209739317|126.9793100041751046_37.5679689583533047
2026-09-04T06:42:24.849833+09:00,광화문·덕수궁,광화문·덕수궁,POI009,KEY_2,1010017602,무교로,1010034301,무교동사거리,126.9793440155466442_37.5692674718774171,1010034101,무교동사거리,126.9793610650683036_37.5689718470786644,33.0,16.0,서행,126.9793610650683036_37.5689718470786644|126.9793440155466442_37.5692674718774171
2026-09-04T06:42:24.849833+09:00,광화문·덕수궁,광화문·덕수궁,POI009,KEY_2,1010017701,덕수궁길,1010003708,국립현대미술관(덕수궁),126.9733973038882908_37.5653215550209438,1010034405,덕수초교앞,126.9742636314177417_37.5692915440127635,470.0,18.0,서행,126.9742636314177417_37.5692915440127635|126.9742609154399133_37.5692318560367440|126.9741806606774475_37.5688123115606558|126.9741708329106444_37.5687509002550755|126.9741496491990489_37.5687070234402825|126.9733330667186380_37.5677499979341434|126.9732604662010260_37.5676432387449850|126.9732135563309470_37.5675636296405173|126.9732109235822293_37.5675447199477688|126.9732028295893542_37.5674865848597861|126.9732067525657442_37.5673829793437548|126.9732946020034490_37.5669917355047289|126.9734162527930152_37.5666474960378096|126.9734297415941171_37.5665457649226155|126.9734351774182528_37.5662640535461065|126.9734319058327827_37.5653823750330673|126.9734292579386477_37.5653516838069237|126.9734209124859774_37.5653359703583263|126.9733973038882908_37.5653215550209438
2026-09-04T06:42:24.849833+09:00,광화문·덕수궁,광화문·덕수궁,POI009,KEY_2,1010017702,덕수궁길,1010034408,덕수초교앞,126.9742709920243016_37.5695017977150982,1000007903,신문로1가 5-4,126.9743707219120381_37.5701009152256020,67.0,34.0,원활,126.9743707219120381_37.5701009152256020|126.9742714713144238_37.5695298211502120|126.9742709920243016_37.5695017977150982
2026-09-04T06:42:24.849833+09:00,광화문·덕수궁,광화문·덕수궁,POI009,KEY_2,1010017801,덕수궁길,1010142200,정동 1-36,126.9733459274212635_37.5675328106811506,1010003703,국립현대미술관(덕수궁),126.9735218655151243_37.5652613466895460,255.0,16.0,서행,126.9735218655151243_37.5652613466895460|126.9735320491287638_37.5652675646712737|126.9735632083507113_37.5653262373116092|126.9735677185460503_37.5653785069074999|126.9735710082390199_37.5662647237383496|126.9735654610655899_37.5665522825597762|126.9735501225163148_37.5666679552866043|126.9734271477770164_37.5670159427351393|126.9733422194510410_37.5673941796546416|126.9733388862719750_37.5674822368240626|126.9733459274212635_37.5675328106811506
2026-09-04T06:42:24.849833+09:00,광화문·덕수궁,광화문·덕수궁,POI009,KEY_2,1010017802,덕수궁길,1000007902,신문로1가 5-4,126.9745078099836633_37.5701006884260735,1010034401,덕수초교앞,126.9744068784933120_37.5695041013549940,67.0,18.0,서행,126.9744068784933120_37.5695041013549940|126.9744071786620196_37.5695216461825154|126.9745078099836633_37.5701006884260735
2026-09-04T06:42:24.849833+09:00,광화문·덕수궁,광화문·덕수궁,POI009,KEY_2,1010018100,세종대로,1010024205,시청앞교차로,126.9771111379704962_37.5649683842586413,1010036201,청계광장,126.9769724776174371_37.5689758850454254,445.0,26.0,원활,126.9769724776174371_37.5689758850454254|126.9770357842986499_37.5675064469025131|126.9770571241010231_37.5671045176161513|126.9770622406749681_37.5669973200828053|126.9771202099424414_37.5656394465692429|126.9771322330851717_37.5654054151655075|126.9771346338183520_37.5652683750225975|126.9771276194723697_37.5651279335943542|126.9771111379704962_37.5649683842586413
2026-09-04T06:42:24.849833+09:00,광화문·덕수궁,광화문·덕수궁,POI009,KEY_2,1010018200,세종대로,1000002000,청계광장,126.9771060680401717_37.5690311929919076,1010004901,강원도민일보(서울본부),126.9771928320576109_37.5671090827981402,213.0,47.0,원활,126.9771928320576109_37.5671090827981402|126.9771715167423451_37.5675105826680635|126.9771060680401717_37.5690311929919076
2026-09-04T06:42:24.849833+09:00,광화문·덕수궁,광화문·덕수궁,POI009,KEY_2,1010037000,남대문로1길,1010023102,서울프라자호텔,126.9781270908112134_37.5644147123986087,1010021201,우성빌딩,126.9778833665384354_37.5638860982800367,62.0,5.0,정체,126.9778833665384354_37.5638860982800367|126.9781270908112134_37.5644147123986087
2026-09-04T06:42:24.849833+09:00,광화문·덕수궁,광화문·덕수궁,POI009,KEY_2,1010037100,남대문로1길,1010021204,우성빌딩,126.9777519647640105_37.5639149035560536,1010023103,서울프라자호텔,126.9779917291016176_37.5644349310718795,61.0,12.0,정체,126.9779917291016176_37.5644349310718795|126.9777519647640105_37.5639149035560536
2026-09-04T06:42:24.849833+09:00,광화문·덕수궁,광화문·덕수궁,POI009,KEY_2,1010037700,서소문로11길,1010119100,정동 34-31,126.9727951808603876_37.5647038792147114,1010003707,국립현대미술관(덕수궁),126.9733026963352955_37.5652751287957045,97.0,13.0,정체,126.9733026963352955_37.5652751287957045|126.9731147506106339_37.5651909181462429|126.9727976869032062_37.5651133337218468|126.9727288163474412_37.5650455719333536|126.9727288478402016_37.5649591817261097|126.9727803611883274_37.5647836723506359|126.9727951808603876_37.5647038792147114
2026-09-04T06:42:24.849833+09:00,광화문·덕수궁,광화문·덕수궁,POI009,KEY_2,1010038300,소공로,1010023101,서울프라자호텔,126.9781769454158393_37.5645228411741812,1010023304,조선호텔,126.9787312154575005_37.5645930511843886,50.0,17.0,서행,126.9787312154575005_37.5645930511843886|126.9785957557285769_37.5645517262991930|126.9784554783557979_37.5645322032255891|126.9782121876750836_37.5645228476832003|126.9781769454158393_37.5645228411741812
2026-09-04T06:42:24.849833+09:00,광화문·덕수궁,광화문·덕수궁,POI009,KEY_2,1010039000,소공로,1010024202,시청앞교차로,126.9772712943529740_37.5649019993645936,1010023104,서울프라자호텔,126.9780385528240316_37.5645364866542977,82.0,4.0,정체,126.9780385528240316_37.5645364866542977|126.9776055199770184_37.5646501981039478|126.9774312688185773_37.5647230654274864|126.9773645076050741_37.5647713550531037|126.9773054583435652_37.5648401473905977|126.9772712943529740_37.5649019993645936
2026-09-04T06:42:24.849833+09:00,광화문·덕수궁,광화문·덕수궁,POI009,KEY_2,1010045900,새문안로2길,1010034503,조선일보본사,126.9757336729328898_37.5693927914711736,1010034403,덕수초교앞,126.9744623970510844_37.5693699781441666,112.0,24.0,서행,126.9744623970510844_37.5693699781441666|126.9751125420028046_37.5693767090831088|126.9754684882037736_37.5693803926704959|126.9757336729328898_37.5693927914711736
2026-09-04T06:42:24.849833+09:00,광화문·덕수궁,광화문·덕수궁,POI009,KEY_2,1010046000,새문안로2길,1010034402,덕수초교앞,126.9744431042179968_37.5694779067993210,1010034504,조선일보본사,126.9756904321789079_37.5694990761609162,110.0,39.0,원활,126.9756904321789079_37.5694990761609162|126.9754636204795446_37.5694884714731927|126.9751107757574573_37.5694848197226179|126.9744431042179968_37.5694779067993210
2026-09-04T06:42:24.849833+09:00,보신각,보신각,POI010,KEY_3,1000000303,종로,1000008703,종로1가사거리,126.9828971865418197_37.5701731264087542,1000007700,종로1가,126.9822109960776402_37.5701758601934444,61.0,8.0,정체,126.9822109960776402_37.5701758601934444|126.9824008620181672_37.5701779915733454|126.9828971865418197_37.5701731264087542
2026-09-04T06:42:24.849833+09:00,보신각,보신각,POI010,KEY_3,1000000401,종로,1000008606,종로구청입구교차로,126.9793844377634713_37.5702575676490582,1000008905,SK빌딩,126.9809530025248421_37.5702700889503021,139.0,7.0,정체,126.9809530025248421_37.5702700889503021|126.9798986206276368_37.5702616744867512|126.9793844377634713_37.5702575676490582
2026-09-04T06:42:24.849833+09:00,보신각,보신각,POI010,KEY_3,1000000402,종로,1000008902,SK빌딩,126.9810888552751891_37.5702713893331790,1000009500,종로1가,126.9822090811274506_37.5702839694386270,99.0,25.0,원활,126.9822090811274506_37.5702839694386270|126.9810888552751891_37.5702713893331790
2026-09-04T06:42:24.849833+09:00,보신각,보신각,POI010,KEY_3,1000000403,종로,1000009500,종로1가,126.9822090811274506_37.5702839694386270,1000008704,종로1가사거리,126.9829124807839946_37.5702811035568871,62.0,47.0,원활,126.9829124807839946_37.5702811035568871|126.9824007403594095_37.5702861200097971|126.9822090811274506_37.5702839694386270
2026-09-04T06:42:24.849833+09:00,보신각,보신각,POI010,KEY_3,1000000501,종로,1000008701,종로1가사거리,126.9830485481293891_37.5702800768006568,1000009600,종로1가,126.9837104338048164_37.5702764015435093,58.0,26.0,원활,126.9837104338048164_37.5702764015435093|126.9830485481293891_37.5702800768006568
2026-09-04T06:42:24.849833+09:00,보신각,보신각,POI010,KEY_3,1000000502,종로,1000231500,종로2가 1-2,126.9840871569151233_37.5702743076942411,1000009104,종각지하쇼핑센터,126.9856860459643428_37.5702623526753499,141.0,27.3,원활,126.9856860459643428_37.5702623526753499|126.9846512311403757_37.5702711702886205|126.9844496207387294_37.5702722919640593|126.9840871569151233_37.5702743076942411
2026-09-04T06:42:24.849833+09:00,보신각,보신각,POI010,KEY_3,1000000503,종로,1000009101,종각지하쇼핑센터,126.9858227292488380_37.5702608423529298,1000008504,종로2가교차로,126.9876156819137520_37.5702574924147754,158.0,26.5,원활,126.9876156819137520_37.5702574924147754|126.9871453036203235_37.5702428823229511|126.9869246551587310_37.5702458796709990|126.9858227292488380_37.5702608423529298
2026-09-04T06:42:24.849833+09:00,보신각,보신각,POI010,KEY_3,1000000601,종로,1000007800,종로1가,126.9837094850009294_37.5701682846705296,1000008702,종로1가사거리,126.9830343185050481_37.5701720336345346,60.0,34.0,원활,126.9830343185050481_37.5701720336345346|126.9837094850009294_37.5701682846705296
2026-09-04T06:42:24.849833+09:00,보신각,보신각,POI010,KEY_3,1000000602,종로,1000231400,종로2가 1-2,126.9840862081807984_37.5701661909693030,1000007800,종로1가,126.9837094850009294_37.5701682846705296,33.0,33.0,원활,126.9837094850009294_37.5701682846705296|126.9840862081807984_37.5701661909693030
2026-09-04T06:42:24.849833+09:00,보신각,보신각,POI010,KEY_3,1000000603,종로,1000181900,종로2가 84-11,126.9869223374955283_37.5701377759501440,1000009102,종각지하쇼핑센터,126.9858204131049462_37.5701527379884581,97.0,23.0,서행,126.9858204131049462_37.5701527379884581|126.9869223374955283_37.5701377759501440
2026-09-04T06:42:24.849833+09:00,보신각,보신각,POI010,KEY_3,1000003001,청계천로,1010033701,광교사거리,126.9828472617604831_37.5690310653232729,1000006702,동광빌딩,126.9856496555834724_37.5685348675876654,254.0,16.0,서행,126.9856496555834724_37.5685348675876654|126.9845929724430675_37.5687445528897968|126.9830379501262456_37.5690132418433791|126.9828472617604831_37.5690310653232729
2026-09-04T06:42:24.849833+09:00,보신각,보신각,POI010,KEY_3,1000003002,청계천로,1000006701,동광빌딩,126.9857835455856332_37.5685053538768585,1010032702,청계2가,126.9876182832415594_37.5682809508841231,165.0,27.0,원활,126.9876182832415594_37.5682809508841231|126.9873100375229313_37.5682871695245453|126.9868524145434350_37.5683023760080914|126.9865577109127059_37.5683366707556416|126.9863804072084292_37.5683652570468496|126.9861647659198667_37.5684129099601307|126.9857835455856332_37.5685053538768585
2026-09-04T06:42:24.849833+09:00,보신각,보신각,POI010,KEY_3,1000003400,청계천로,1010034301,무교동사거리,126.9793440155466442_37.5692674718774171,1010033702,광교사거리,126.9827120922386285_37.5690419071249693,299.0,19.3,서행,126.9827120922386285_37.5690419071249693|126.9793440155466442_37.5692674718774171
2026-09-04T06:42:24.849833+09:00,보신각,보신각,POI010,KEY_3,1000004701,우정국로,1010033702,광교사거리,126.9827120922386285_37.5690419071249693,1000007200,종로1가,126.9827935302844111_37.5696197701673924,65.0,36.0,원활,126.9827935302844111_37.5696197701673924|126.9827458886658889_37.5693654356143227|126.9827120922386285_37.5690419071249693
2026-09-04T06:42:24.849833+09:00,보신각,보신각,POI010,KEY_3,1000004702,우정국로,1000007200,종로1가,126.9827935302844111_37.5696197701673924,1000008703,종로1가사거리,126.9828971865418197_37.5701731264087542,62.0,36.0,원활,126.9828971865418197_37.5701731264087542|126.9827935302844111_37.5696197701673924
2026-09-04T06:42:24.849833+09:00,보신각,보신각,POI010,KEY_3,1000004801,우정국로,1000007100,종로1가,126.9829278791696936_37.5696038258341787,1010033701,광교사거리,126.9828472617604831_37.5690310653232729,64.0,31.0,원활,126.9828472617604831_37.5690310653232729|126.9828808883077329_37.5693529710736058|126.9829278791696936_37.5696038258341787
2026-09-04T06:42:24.849833+09:00,보신각,보신각,POI010,KEY_3,1000004802,우정국로,1000008702,종로1가사거리,126.9830343185050481_37.5701720336345346,1000007100,종로1가,126.9829278791696936_37.5696038258341787,64.0,14.0,정체,126.9829278791696936_37.5696038258341787|126.9830343185050481_37.5701720336345346
2026-09-04T06:42:24.849833+09:00,보신각,보신각,POI010,KEY_3,1000006501,우정국로,1000008704,종로1가사거리,126.9829124807839946_37.5702811035568871,1000010800,종로1가,126.9829520973026149_37.5707555248776544,53.0,8.0,정체,126.9829520973026149_37.5707555248776544|126.9829508691110647_37.5707257702316255|126.9829124807839946_37.5702811035568871
2026-09-04T06:42:24.849833+09:00,보신각,보신각,POI010,KEY_3,1000006502,우정국로,1000010800,종로1가,126.9829520973026149_37.5707555248776544,1000012403,조계사앞교차로,126.9829706356902221_37.5719776537276218,136.0,8.0,정체,126.9829706356902221_37.5719776537276218|126.9829821214281083_37.5714823927012560|126.9829655468528955_37.5710811329590442|126.9829520973026149_37.5707555248776544
2026-09-04T06:42:24.849833+09:00,보신각,보신각,POI010,KEY_3,1000006601,우정국로,1000010700,종로1가,126.9830878603485758_37.5707519719581455,1000008701,종로1가사거리,126.9830485481293891_37.5702800768006568,52.0,10.0,정체,126.9830485481293891_37.5702800768006568|126.9830865510382267_37.5707202864689833|126.9830878603485758_37.5707519719581455
2026-09-04T06:42:24.849833+09:00,보신각,보신각,POI010,KEY_3,1000006602,우정국로,1000090100,공평동 98,126.9831013100779558_37.5710775801252623,1000010700,종로1가,126.9830878603485758_37.5707519719581455,36.0,10.0,정체,126.9830878603485758_37.5707519719581455|126.9831013100779558_37.5710775801252623
2026-09-04T06:42:24.849833+09:00,보신각,보신각,POI010,KEY_3,1000007502,삼봉로,1000012403,조계사앞교차로,126.9829706356902221_37.5719776537276218,1000013004,신라스테이(광화문),126.9801805317354280_37.5724047958457916,252.0,22.0,서행,126.9801805317354280_37.5724047958457916|126.9804914824202910_37.5723319178106152|126.9811053055208276_37.5721880522337770|126.9822536902158987_37.5720311041132078|126.9827182491962247_37.5719849537863269|126.9829706356902221_37.5719776537276218
2026-09-04T06:42:24.849833+09:00,보신각,보신각,POI010,KEY_3,1000007602,삼봉로,1000140500,수송동 80-4,126.9805298527977442_37.5724356343591879,1000012404,조계사앞교차로,126.9829679360295245_37.5720859226599799,219.0,26.0,원활,126.9829679360295245_37.5720859226599799|126.9827291479286515_37.5720928297221519|126.9822736058986408_37.5721380840541883|126.9811360893303345_37.5722935474607382|126.9805298527977442_37.5724356343591879
2026-09-04T06:42:24.849833+09:00,보신각,보신각,POI010,KEY_3,1000009201,우정국로,1000085100,견지동 110-2,126.9830654526105036_37.5729316051841806,1000012401,조계사앞교차로,126.9831034437596884_37.5720995445690349,92.0,18.0,서행,126.9831034437596884_37.5720995445690349|126.9830943674485724_37.5724421623328340|126.9830752766845592_37.5727653133374773|126.9830654526105036_37.5729316051841806
2026-09-04T06:42:24.849833+09:00,보신각,보신각,POI010,KEY_3,1000023600,종로,1000007200,종로1가,126.9827935302844111_37.5696197701673924,1000007700,종로1가,126.9822109960776402_37.5701758601934444,90.0,30.0,원활,126.9822109960776402_37.5701758601934444|126.9823538247533747_37.5701681727122576|126.9825335459648414_37.5700690295792086|126.9826437791460876_37.5699908547526107|126.9827324536877029_37.5698897904859521|126.9827899849345840_37.5697677437382040|126.9827935302844111_37.5696197701673924
2026-09-04T06:42:24.849833+09:00,보신각,보신각,POI010,KEY_3,1000023700,종로,1000007800,종로1가,126.9837094850009294_37.5701682846705296,1000007100,종로1가,126.9829278791696936_37.5696038258341787,103.0,26.0,원활,126.9829278791696936_37.5696038258341787|126.9830032097695494_37.5698402452960423|126.9830990215400703_37.5699604067910897|126.9831924475550267_37.5700347972999680|126.9833242130892046_37.5700939366007987|126.9834847309357855_37.5701511723724835|126.9837094850009294_37.5701682846705296
2026-09-04T06:42:24.849833+09:00,보신각,보신각,POI010,KEY_3,1000024400,종로,1000010700,종로1가,126.9830878603485758_37.5707519719581455,1000009600,종로1가,126.9837104338048164_37.5702764015435093,84.0,11.0,정체,126.9837104338048164_37.5702764015435093|126.9834199944166073_37.5703552243340226|126.9832834070776642_37.5704238609181118|126.9831923434160359_37.5704982251536919|126.9830964773624657_37.5706145452795255|126.9830878603485758_37.5707519719581455
2026-09-04T06:42:24.849833+09:00,보신각,보신각,POI010,KEY_3,1000024500,종로,1000009500,종로1가,126.9822090811274506_37.5702839694386270,1000010800,종로1가,126.9829520973026149_37.5707555248776544,92.0,25.0,원활,126.9829520973026149_37.5707555248776544|126.9829359392394394_37.5706431287853420|126.9828401259818236_37.5705267810848440|126.9827754493047394_37.5704619306360499|126.9826892071422293_37.5704047039165019|126.9825119206921613_37.5703322080284821|126.9822090811274506_37.5702839694386270
2026-09-04T06:42:24.849833+09:00,보신각,보신각,POI010,KEY_3,1000025901,종로5길,1000008909,GS건설본사,126.9806366436472871_37.5713225324397655,1000013005,신라스테이(광화문),126.9801024195699028_37.5723985668960268,128.0,5.0,정체,126.9801024195699028_37.5723985668960268|126.9801274853195991_37.5723618756308824|126.9801882517644884_37.5722503255379436|126.9804583466781196_37.5717160525297444|126.9804740373480314_37.5716814217555211|126.9806366436472871_37.5713225324397655
2026-09-04T06:42:24.849833+09:00,보신각,보신각,POI010,KEY_3,1000025902,종로5길,1000008905,SK빌딩,126.9809530025248421_37.5702700889503021,1000008908,GS건설본사,126.9806854115378769_37.5712148957716821,109.0,5.0,정체,126.9806854115378769_37.5712148957716821|126.9808934318098466_37.5707557655600937|126.9809177843168158_37.5706870956374530|126.9809314541032421_37.5706019997404184|126.9809431151314243_37.5705149231286057|126.9809530025248421_37.5702700889503021
2026-09-04T06:42:24.849833+09:00,보신각,보신각,POI010,KEY_3,1000026001,종로5길,1000008907,GS건설본사,126.9808291543834713_37.5712163450013819,1000008902,SK빌딩,126.9810888552751891_37.5702713893331790,108.0,8.0,정체,126.9810888552751891_37.5702713893331790|126.9810787188347803_37.5705223997754985|126.9810663740957466_37.5706145876373654|126.9810512464558627_37.5707087563385187|126.9810228489215831_37.5707888322386268|126.9808291543834713_37.5712163450013819
2026-09-04T06:42:24.849833+09:00,보신각,보신각,POI010,KEY_3,1000027500,인사동5길,1000231600,공평동 5-12,126.9837015373939977_37.5721207661722474,1000012402,조계사앞교차로,126.9831062491158349_37.5719883384085875,55.0,12.0,정체,126.9831062491158349_37.5719883384085875|126.9832673605664155_37.5720220520782107|126.9837015373939977_37.5721207661722474
2026-09-04T06:42:24.849833+09:00,보신각,보신각,POI010,KEY_3,1000027600,인사동5길,1000036800,인사동 187-4,126.9855567085236174_37.5727903642359919,1000013904,인사동사거리,126.9861168618192977_37.5730266274726361,56.0,3.0,정체,126.9861168618192977_37.5730266274726361|126.9855567085236174_37.5727903642359919
2026-09-04T06:42:24.849833+09:00,보신각,보신각,POI010,KEY_3,1000046500,종로3길,1000008602,KT광화문빌딩East,126.9793723999539878_37.5713097781531999,1000008909,GS건설본사,126.9806366436472871_37.5713225324397655,112.0,9.0,정체,126.9806366436472871_37.5713225324397655|126.9793723999539878_37.5713097781531999
2026-09-04T06:42:24.849833+09:00,보신각,보신각,POI010,KEY_3,1000046600,종로3길,1000008908,GS건설본사,126.9806854115378769_37.5712148957716821,1000008603,KT광화문빌딩East,126.9793750304311573_37.5712016763059680,116.0,10.0,정체,126.9793750304311573_37.5712016763059680|126.9806854115378769_37.5712148957716821
2026-09-04T06:42:24.849833+09:00,보신각,보신각,POI010,KEY_3,1010016903,우정국로,1010033402,광교교차로,126.9826972926992426_37.5687326607183465,1010033702,광교사거리,126.9827120922386285_37.5690419071249693,34.0,18.0,서행,126.9827120922386285_37.5690419071249693|126.9826972926992426_37.5687326607183465
2026-09-04T06:42:24.849833+09:00,보신각,보신각,POI010,KEY_3,1010017003,우정국로,1010033701,광교사거리,126.9828472617604831_37.5690310653232729,1010033401,광교교차로,126.9828323504512895_37.5687142869809634,35.0,16.0,서행,126.9828323504512895_37.5687142869809634|126.9828472617604831_37.5690310653232729
2026-09-04T06:42:24.849833+09:00,서울 암사동 유적,서울 암사동 유적,POI011,KEY_4,1240026502,올림픽로,1249049800,암사동 138,127.1303868902218426_37.5581213582314959,1240025203,서울암사동유적,127.1310831520760161_37.5596271965427917,178.0,16.0,서행,127.1310831520760161_37.5596271965427917|127.1306279901634753_37.5587636989147882|127.1303868902218426_37.5581213582314959
2026-09-04T06:42:24.849833+09:00,서울 암사동 유적,서울 암사동 유적,POI011,KEY_4,1240026512,올림픽로,1240025204,서울암사동유적,127.1311362462215726_37.5597299172270596,1240001503,암사동서원마을회관,127.1329417839865101_37.5638633628286627,495.0,29.0,원활,127.1329417839865101_37.5638633628286627|127.1329385901726567_37.5638530355215323|127.1328076129944407_37.5625315770132389|127.1325679156605446_37.5619032160946844|127.1324628664250440_37.5616950056665999|127.1324015018273457_37.5615733787883030|127.1320918622332670_37.5610538481508982|127.1318311751461181_37.5607294195891654|127.1314134429880340_37.5602729161990680|127.1311362462215726_37.5597299172270596
2026-09-04T06:42:24.849833+09:00,서울 암사동 유적,서울 암사동 유적,POI011,KEY_4,1240026602,올림픽로,1249049700,암사동 138,127.1305170173570929_37.5580904036952390,1240023801,선사초등학교,127.1296849682262859_37.5558735719696912,257.0,27.0,원활,127.1296849682262859_37.5558735719696912|127.1302524784022268_37.5573856065605156|127.1305170173570929_37.5580904036952390
2026-09-04T06:42:24.849833+09:00,서울 암사동 유적,서울 암사동 유적,POI011,KEY_4,1240026611,올림픽로,1249096700,최소노드배치점,127.1325889005040750_37.5616547095206741,1240025201,서울암사동유적,127.1312497921398688_37.5596651615473789,252.0,38.0,원활,127.1312497921398688_37.5596651615473789|127.1315330077839292_37.5602199513383255|127.1319433727937849_37.5606684031311673|127.1322108955108803_37.5610013373068412|127.1325259892048081_37.5615300174364890|127.1325889005040750_37.5616547095206741
2026-09-04T06:42:24.849833+09:00,서울 암사동 유적,서울 암사동 유적,POI011,KEY_4,1240049600,올림픽로108길,1249054800,암사동 135-1,127.1324513506835387_37.5586179294608584,1240025202,서울암사동유적,127.1311963964887610_37.5595626125415976,153.0,19.0,서행,127.1311963964887610_37.5595626125415976|127.1312906290088449_37.5595088709743194|127.1321441825899257_37.5588537073451434|127.1324513506835387_37.5586179294608584
2026-09-04T06:42:24.849833+09:00,서울 암사동 유적,서울 암사동 유적,POI011,KEY_4,1240049700,올림픽로108길,1249054700,암사동 199-3,127.1325456285770059_37.5586957689652934,1240023906,강일중,127.1350630805942075_37.5567633051846101,309.0,30.0,원활,127.1350630805942075_37.5567633051846101|127.1325456285770059_37.5586957689652934
2026-09-04T06:42:24.849833+09:00,서울 암사동 유적,서울 암사동 유적,POI011,KEY_4,1240216800,올림픽대로,1240001504,암사동서원마을회관,127.1328606037288154_37.5639977455946550,1240090400,암사IC,127.1320967627789713_37.5638268865707303,75.0,33.0,서행,127.1320967627789713_37.5638268865707303|127.1323008177666054_37.5639094235526869|127.1324394046457655_37.5639871880837006|127.1325100130354429_37.5640201033193009|127.1325629529353307_37.5640375916818527|127.1326211702869102_37.5640452487343595|127.1326758409645379_37.5640423789060733|127.1328606037288154_37.5639977455946550
2026-09-04T06:42:24.849833+09:00,창덕궁·종묘,창덕궁·종묘,POI012,KEY_1,1000001501,종로,1000009801,종로3가사거리,126.9922000608216308_37.5704778715046643,1000010004,종묘공원,126.9937102608658108_37.5705569291297934,134.0,28.0,원활,126.9937102608658108_37.5705569291297934|126.9932582925197551_37.5705332710333550|126.9922000608216308_37.5704778715046643
2026-09-04T06:42:24.849833+09:00,창덕궁·종묘,창덕궁·종묘,POI012,KEY_1,1000001502,종로,1000010001,종묘공원,126.9938459149599908_37.5705638014388867,1000010104,세운상가,126.9949902918217504_37.5706199754433428,101.0,16.0,서행,126.9949902918217504_37.5706199754433428|126.9938459149599908_37.5705638014388867
2026-09-04T06:42:24.849833+09:00,창덕궁·종묘,창덕궁·종묘,POI012,KEY_1,1000001503,종로,1000010101,세운상가,126.9951330460539509_37.5706277157350215,1000010504,종로4가 32-8,126.9963629369768086_37.5707037465677516,109.0,33.0,원활,126.9963629369768086_37.5707037465677516|126.9958351088011312_37.5706676576709242|126.9951330460539509_37.5706277157350215
2026-09-04T06:42:24.849833+09:00,창덕궁·종묘,창덕궁·종묘,POI012,KEY_1,1000001504,종로,1000010501,종로4가 32-8,126.9964984168760793_37.5707129060128366,1000010902,종로4가,126.9969778496483315_37.5707449803633011,43.0,26.0,원활,126.9969778496483315_37.5707449803633011|126.9964984168760793_37.5707129060128366
2026-09-04T06:42:24.849833+09:00,창덕궁·종묘,창덕궁·종묘,POI012,KEY_1,1000001505,종로,1000010901,종로4가,126.9970824501172899_37.5707519010579603,1000011004,종로4가사거리,126.9976981845290851_37.5707921454332379,55.0,11.0,정체,126.9976981845290851_37.5707921454332379|126.9970824501172899_37.5707519010579603
2026-09-04T06:42:24.849833+09:00,창덕궁·종묘,창덕궁·종묘,POI012,KEY_1,1000007100,돈화문로,1000145800,묘동 20-5,126.9916684242814142_37.5719817889873724,1000013303,묘동사거리,126.9914801613035706_37.5725495704926047,65.0,19.0,서행,126.9914801613035706_37.5725495704926047|126.9916684242814142_37.5719817889873724
2026-09-04T06:42:24.849833+09:00,창덕궁·종묘,창덕궁·종묘,POI012,KEY_1,1000007200,돈화문로,1000059400,묘동 20-5,126.9921535095209890_37.5708464956724839,1000009801,종로3가사거리,126.9922000608216308_37.5704778715046643,41.0,17.0,서행,126.9922000608216308_37.5704778715046643|126.9921602362403092_37.5708137185849509|126.9921535095209890_37.5708464956724839
2026-09-04T06:42:24.849833+09:00,창덕궁·종묘,창덕궁·종묘,POI012,KEY_1,1000008701,창경궁로,1000011004,종로4가사거리,126.9976981845290851_37.5707921454332379,1000011601,종로4가,126.9976727162272141_37.5712098653190125,46.0,8.0,정체,126.9976727162272141_37.5712098653190125|126.9976981845290851_37.5707921454332379
2026-09-04T06:42:24.849833+09:00,창덕궁·종묘,창덕궁·종묘,POI012,KEY_1,1000008702,창경궁로,1000059900,인의동 101-8,126.9976040275693805_37.5721420297877202,1000014503,서울특별시재향군인회,126.9975145081767209_37.5733082767353750,130.0,17.0,서행,126.9975145081767209_37.5733082767353750|126.9975586489672992_37.5727332208694804|126.9975861399317978_37.5723750705251547|126.9976040275693805_37.5721420297877202
2026-09-04T06:42:24.849833+09:00,창덕궁·종묘,창덕궁·종묘,POI012,KEY_1,1000008801,창경궁로,1000084400,인의동 101-8,126.9977485816959160_37.5720317772708725,1000011001,종로4가사거리,126.9978336320802015_37.5708014801402754,137.0,20.0,서행,126.9978336320802015_37.5708014801402754|126.9977997145428219_37.5713655900292949|126.9977485816959160_37.5720317772708725
2026-09-04T06:42:24.849833+09:00,창덕궁·종묘,창덕궁·종묘,POI012,KEY_1,1000010801,돈화문로,1000174700,묘동 141-2,126.9911270176696547_37.5741747070514336,1000013301,묘동사거리,126.9915850849808550_37.5726594865675594,173.0,32.5,원활,126.9915850849808550_37.5726594865675594|126.9913726822985893_37.5733444453639649|126.9911270176696547_37.5741747070514336
2026-09-04T06:42:24.849833+09:00,창덕궁·종묘,창덕궁·종묘,POI012,KEY_1,1000010802,돈화문로,1000106300,와룡동 75-4,126.9909562970876493_37.5747505051657669,1000016401,종로1가2가3가4가동주민센터,126.9910234246664515_37.5745245938365429,26.0,32.0,원활,126.9910234246664515_37.5745245938365429|126.9909562970876493_37.5747505051657669
2026-09-04T06:42:24.849833+09:00,창덕궁·종묘,창덕궁·종묘,POI012,KEY_1,1000010803,돈화문로,1000021402,창덕궁앞교차로,126.9901841383139782_37.5773932267385504,1000018601,한겨레신문(종로지국),126.9906634515929795_37.5757350308395957,189.0,27.0,원활,126.9906634515929795_37.5757350308395957|126.9903062505280644_37.5769154241969332|126.9902695786729083_37.5770589150526817|126.9901841383139782_37.5773932267385504
2026-09-04T06:42:24.849833+09:00,창덕궁·종묘,창덕궁·종묘,POI012,KEY_1,1000013502,율곡로,1000021501,우즈베키스탄대사관,126.9893297531960883_37.5774544023044541,1000021404,창덕궁앞교차로,126.9900388640569702_37.5774865487865739,63.0,41.0,원활,126.9900388640569702_37.5774865487865739|126.9897463242174780_37.5774687657961053|126.9893297531960883_37.5774544023044541
2026-09-04T06:42:24.849833+09:00,창덕궁·종묘,창덕궁·종묘,POI012,KEY_1,1000014100,창덕궁길,1000022002,북촌1경,126.9893063929122548_37.5792409569275208,1000021501,우즈베키스탄대사관,126.9893297531960883_37.5774544023044541,199.0,27.0,원활,126.9893297531960883_37.5774544023044541|126.9892548365952365_37.5786955788249983|126.9892562414735409_37.5787264244637242|126.9892665857058205_37.5789535426034647|126.9893063929122548_37.5792409569275208
2026-09-04T06:42:24.849833+09:00,창덕궁·종묘,창덕궁·종묘,POI012,KEY_1,1000015602,창경궁로,1000021302,연건동 28-5,126.9972685910119736_37.5770105602906241,1000019601,원남동사거리,126.9974112787328835_37.5759608809491965,117.0,32.0,원활,126.9974112787328835_37.5759608809491965|126.9973105074180921_37.5767022072452619|126.9972685910119736_37.5770105602906241
2026-09-04T06:42:24.849833+09:00,창덕궁·종묘,창덕궁·종묘,POI012,KEY_1,1000024700,동순라길,1000010504,종로4가 32-8,126.9963629369768086_37.5707037465677516,1000011103,종로4가 32-7,126.9963562951020464_37.5708334820153240,14.0,24.0,서행,126.9963562951020464_37.5708334820153240|126.9963629369768086_37.5707037465677516
2026-09-04T06:42:24.849833+09:00,창덕궁·종묘,창덕궁·종묘,POI012,KEY_1,1000024800,동순라길,1000011102,종로4가 32-7,126.9964920187830728_37.5708378841030850,1000010501,종로4가 32-8,126.9964984168760793_37.5707129060128366,14.0,8.0,정체,126.9964984168760793_37.5707129060128366|126.9964920187830728_37.5708378841030850
2026-09-04T06:42:24.849833+09:00,창덕궁·종묘,창덕궁·종묘,POI012,KEY_1,1000024900,종로.동순라길.사이길,1000011103,종로4가 32-7,126.9963562951020464_37.5708334820153240,1000010101,세운상가,126.9951330460539509_37.5706277157350215,120.0,12.0,정체,126.9951330460539509_37.5706277157350215|126.9951743837452085_37.5707556885858693|126.9951919467698929_37.5707641992030830|126.9963562951020464_37.5708334820153240
2026-09-04T06:42:24.849833+09:00,창덕궁·종묘,창덕궁·종묘,POI012,KEY_1,1000025000,종로.동순라길.사이길,1000010104,세운상가,126.9949902918217504_37.5706199754433428,1000011104,종로4가 32-7,126.9963483113230751_37.5709414285277603,139.0,2.0,정체,126.9963483113230751_37.5709414285277603|126.9951492285879624_37.5708700779174407|126.9950565789311838_37.5708251846869601|126.9949902918217504_37.5706199754433428
2026-09-04T06:42:24.849833+09:00,창덕궁·종묘,창덕궁·종묘,POI012,KEY_1,1000025400,종로,1000010902,종로4가,126.9969778496483315_37.5707449803633011,1000011602,종로4가,126.9976685550659852_37.5712805902372935,85.0,19.0,서행,126.9976685550659852_37.5712805902372935|126.9969778496483315_37.5707449803633011
2026-09-04T06:42:24.849833+09:00,창덕궁·종묘,창덕궁·종묘,POI012,KEY_1,1000028300,서순라길,1000179700,묘동 164-2,126.9918986546224602_37.5725528238137017,1000013302,묘동사거리,126.9916200024151749_37.5725515277908357,25.0,12.0,정체,126.9916200024151749_37.5725515277908357|126.9918986546224602_37.5725528238137017
2026-09-04T06:42:24.849833+09:00,창덕궁·종묘,창덕궁·종묘,POI012,KEY_1,1000028500,동순라길,1000143300,인의동 112-10,126.9965136894643791_37.5722112354701423,1000011101,종로4가 32-7,126.9964837407064522_37.5709497945866389,143.0,16.0,서행,126.9964837407064522_37.5709497945866389|126.9963802654962421_37.5720110081513141|126.9965136894643791_37.5722112354701423
2026-09-04T06:42:24.849833+09:00,창덕궁·종묘,창덕궁·종묘,POI012,KEY_1,1000028600,동순라길,1000011104,종로4가 32-7,126.9963483113230751_37.5709414285277603,1000014504,서울특별시재향군인회,126.9975060050786055_37.5734165592808793,347.0,30.0,원활,126.9975060050786055_37.5734165592808793|126.9969911144367956_37.5734250144218507|126.9968404615841990_37.5733955984085384|126.9967470749479901_37.5733345381505828|126.9966990577044896_37.5732294276517820|126.9966908891550048_37.5731275113813510|126.9967289597005760_37.5728378479680103|126.9967212685301092_37.5727949856210941|126.9966862804331384_37.5727009865390329|126.9963936851750645_37.5722618959152896|126.9962417830590056_37.5720339377534884|126.9963483113230751_37.5709414285277603
2026-09-04T06:42:24.849833+09:00,창덕궁·종묘,창덕궁·종묘,POI012,KEY_1,1000029900,김상옥로,1000096500,연지동 253-1,126.9984112007160206_37.5733171805444996,1000014502,서울특별시재향군인회,126.9976506161619483_37.5733080934406729,67.0,10.3,정체,126.9976506161619483_37.5733080934406729|126.9984112007160206_37.5733171805444996
2026-09-04T06:42:24.849833+09:00,창덕궁·종묘,창덕궁·종묘,POI012,KEY_1,1000039200,창덕궁길,1000134400,원서동 2-2,126.9892407733604642_37.5829070876196951,1000022001,북촌1경,126.9893249216224547_37.5793389188440585,401.0,16.0,서행,126.9893249216224547_37.5793389188440585|126.9893432024728526_37.5794117077019152|126.9893374585478654_37.5795962855689609|126.9893189924063250_37.5801896786208189|126.9893532350689895_37.5809623190334960|126.9893738580933729_37.5812665958495344|126.9893978694693288_37.5816208620396139|126.9894570663397531_37.5819414687995632|126.9895023987834435_37.5821303841621628|126.9895105285284274_37.5822120284156327|126.9895040052748669_37.5823078791324363|126.9894734073156428_37.5824257182516135|126.9893881157924085_37.5826046082802492|126.9892904879125695_37.5827681919472880|126.9892407733604642_37.5829070876196951
2026-09-04T06:42:24.849833+09:00,강남 MICE 관광특구,강남 MICE 관광특구,POI001,KEY_2,1220003104,영동대로,1220038604,사조빌딩,127.0637824235113698_37.5075784064484665,1220040303,삼성역사거리,127.0631184701287282_37.5088181934601863,150.0,29.0,원활,127.0631184701287282_37.5088181934601863|127.0637824235113698_37.5075784064484665
2026-09-04T06:42:24.849833+09:00,강남 MICE 관광특구,강남 MICE 관광특구,POI001,KEY_2,1220003204,영동대로,1220040302,삼성역사거리,127.0632451463058885_37.5088571864380711,1220038601,사조빌딩,127.0639078316108197_37.5076197633601041,149.0,10.0,정체,127.0639078316108197_37.5076197633601041|127.0632451463058885_37.5088571864380711
2026-09-04T06:42:24.849833+09:00,강남 MICE 관광특구,강남 MICE 관광특구,POI001,KEY_2,1220003303,영동대로,1220042504,속성변화점,127.0608476713455985_37.5130456722428676,1220043808,코엑스앞교차로,127.0601919456584454_37.5142029024356347,141.0,30.0,원활,127.0601919456584454_37.5142029024356347|127.0603995070934218_37.5138375440934411|127.0607938946184277_37.5131433157650775|127.0608476713455985_37.5130456722428676
2026-09-04T06:42:24.849833+09:00,강남 MICE 관광특구,강남 MICE 관광특구,POI001,KEY_2,1220003402,영동대로,1220434100,삼성동 111-8,127.0623503477867757_37.5105231713021467,1220040301,삼성역사거리,127.0631917873569989_37.5089566792768281,189.0,37.3,원활,127.0631917873569989_37.5089566792768281|127.0623503477867757_37.5105231713021467
2026-09-04T06:42:24.849833+09:00,강남 MICE 관광특구,강남 MICE 관광특구,POI001,KEY_2,1220003403,영동대로,1220043807,코엑스앞교차로,127.0603272282434091_37.5142270211862794,1220042502,아셈타워,127.0609175537963154_37.5131878914081796,127.0,29.0,원활,127.0609175537963154_37.5131878914081796|127.0605231671833053_37.5138821201433714|127.0603272282434091_37.5142270211862794
2026-09-04T06:42:24.849833+09:00,강남 MICE 관광특구,강남 MICE 관광특구,POI001,KEY_2,1220004001,영동대로,1220043809,코엑스앞교차로,127.0601375029284839_37.5143038844831338,1220044403,봉은사역(서울9호선),127.0598624891181174_37.5148335177271051,64.0,10.0,정체,127.0598624891181174_37.5148335177271051|127.0601375029284839_37.5143038844831338
2026-09-04T06:42:24.849833+09:00,강남 MICE 관광특구,강남 MICE 관광특구,POI001,KEY_2,1220004101,영동대로,1220044402,봉은사역(서울9호선),127.0599879180035288_37.5148748429464263,1220043806,코엑스앞교차로,127.0602718568028990_37.5143280204466052,66.0,30.0,원활,127.0602718568028990_37.5143280204466052|127.0599879180035288_37.5148748429464263
2026-09-04T06:42:24.849833+09:00,강남 MICE 관광특구,강남 MICE 관광특구,POI001,KEY_2,1220028002,테헤란로,1220038701,삼성동 172-66,127.0594740418968343_37.5078073048774883,1220039504,슈페리어사옥,127.0619066150805594_37.5085594791171530,231.0,16.0,서행,127.0619066150805594_37.5085594791171530|127.0594740418968343_37.5078073048774883
2026-09-04T06:42:24.849833+09:00,강남 MICE 관광특구,강남 MICE 관광특구,POI001,KEY_2,1220028003,테헤란로,1220039501,슈페리어사옥,127.0620331846530320_37.5085986138393324,1220040304,삼성역사거리,127.0630651113215919_37.5089176743260495,98.0,33.0,원활,127.0630651113215919_37.5089176743260495|127.0620331846530320_37.5085986138393324
2026-09-04T06:42:24.849833+09:00,강남 MICE 관광특구,강남 MICE 관광특구,POI001,KEY_2,1220028103,테헤란로,1220040303,삼성역사거리,127.0631184701287282_37.5088181934601863,1220039502,슈페리어사옥,127.0620822932532974_37.5084978197410663,98.0,9.0,정체,127.0620822932532974_37.5084978197410663|127.0631184701287282_37.5088181934601863
2026-09-04T06:42:24.849833+09:00,강남 MICE 관광특구,강남 MICE 관광특구,POI001,KEY_2,1220028803,테헤란로,1220040301,삼성역사거리,127.0631917873569989_37.5089566792768281,1220041404,서울강남경찰서교차로,127.0663791845268378_37.5099251428739393,302.0,11.0,정체,127.0663791845268378_37.5099251428739393|127.0647076757638558_37.5094210528302128|127.0645797580656193_37.5093821330006207|127.0631917873569989_37.5089566792768281
2026-09-04T06:42:24.849833+09:00,강남 MICE 관광특구,강남 MICE 관광특구,POI001,KEY_2,1220028902,테헤란로,1220040803,대치동 1011,127.0646284979941214_37.5092812253236190,1220040302,삼성역사거리,127.0632451463058885_37.5088571864380711,131.0,44.0,원활,127.0632451463058885_37.5088571864380711|127.0646284979941214_37.5092812253236190
2026-09-04T06:42:24.849833+09:00,강남 MICE 관광특구,강남 MICE 관광특구,POI001,KEY_2,1220030802,봉은사로,1220306300,삼성동 111-86,127.0595673491428670_37.5141997365039970,1220043809,코엑스앞교차로,127.0601375029284839_37.5143038844831338,52.0,22.5,서행,127.0601375029284839_37.5143038844831338|127.0595673491428670_37.5141997365039970
2026-09-04T06:42:24.849833+09:00,강남 MICE 관광특구,강남 MICE 관광특구,POI001,KEY_2,1220031404,봉은사로,1220043806,코엑스앞교차로,127.0602718568028990_37.5143280204466052,1220043805,삼성1동주민센터,127.0617426909060157_37.5145859851302461,133.0,15.5,서행,127.0617426909060157_37.5145859851302461|127.0612478602413944_37.5144992006761413|127.0602718568028990_37.5143280204466052
2026-09-04T06:42:24.849833+09:00,강남 MICE 관광특구,강남 MICE 관광특구,POI001,KEY_2,1220031503,봉은사로,1220304600,삼성동 172,127.0612770466940020_37.5143936087352401,1220043807,코엑스앞교차로,127.0603272282434091_37.5142270211862794,86.0,25.5,원활,127.0603272282434091_37.5142270211862794|127.0612770466940020_37.5143936087352401
2026-09-04T06:42:24.849833+09:00,동대문 관광특구,동대문 관광특구,POI002,KEY_3,1000002003,종로,1000011703,흥인지문사거리,127.0090256024343631_37.5712778950010033,1000011300,동대문역10번출구,127.0080672314708750_37.5710785300975587,89.0,19.0,서행,127.0080672314708750_37.5710785300975587|127.0082747571647133_37.5710829540366547|127.0084909821378574_37.5711078809344414|127.0086667767084236_37.5711528422383196|127.0087931039338400_37.5711945228473638|127.0090256024343631_37.5712778950010033
2026-09-04T06:42:24.849833+09:00,동대문 관광특구,동대문 관광특구,POI002,KEY_3,1000002201,종로,1000176600,창신동 442-1,127.0108777515568477_37.5716621493242968,1000011702,흥인지문사거리,127.0091495968440398_37.5713227254486739,158.0,24.0,서행,127.0091495968440398_37.5713227254486739|127.0092723977128770_37.5713674394156811|127.0094846006979310_37.5714183224799285|127.0097878732437096_37.5714751424867188|127.0103298320711360_37.5715766797035471|127.0103586021919568_37.5715820697737044|127.0108233682804553_37.5716512389232733|127.0108777515568477_37.5716621493242968
2026-09-04T06:42:24.849833+09:00,동대문 관광특구,동대문 관광특구,POI002,KEY_3,1000005401,청계천로,1010034902,버들다리(남측),127.0065602496820105_37.5695317839187268,1010034601,청계5가교차로,127.0021191180861280_37.5694902995239062,392.0,20.0,서행,127.0021191180861280_37.5694902995239062|127.0024509740674006_37.5695131963120659|127.0065602496820105_37.5695317839187268
2026-09-04T06:42:24.849833+09:00,동대문 관광특구,동대문 관광특구,POI002,KEY_3,1000005402,청계천로,1010034702,청계6가사거리,127.0096736759349909_37.5696339498216076,1010034901,버들다리(남측),127.0067045342350838_37.5695353837745003,263.0,14.0,정체,127.0067045342350838_37.5695353837745003|127.0093753105708458_37.5696558834258525|127.0096736759349909_37.5696339498216076
2026-09-04T06:42:24.849833+09:00,동대문 관광특구,동대문 관광특구,POI002,KEY_3,1000005800,청계천로,1010005302,신평화시장,127.0121349816149205_37.5696419493387239,1010034701,청계6가사거리,127.0098099727011487_37.5696292980751281,205.0,14.0,정체,127.0098099727011487_37.5696292980751281|127.0121349816149205_37.5696419493387239
2026-09-04T06:42:24.849833+09:00,동대문 관광특구,동대문 관광특구,POI002,KEY_3,1000006102,율곡로,1000009900,흥인지문,127.0093873462230221_37.5706631809010148,1000011703,흥인지문사거리,127.0090256024343631_37.5712778950010033,75.0,40.0,원활,127.0090256024343631_37.5712778950010033|127.0091075737013711_37.5711579258072774|127.0092355138361029_37.5709579814170240|127.0093370098156385_37.5707700537480775|127.0093873462230221_37.5706631809010148
2026-09-04T06:42:24.849833+09:00,동대문 관광특구,동대문 관광특구,POI002,KEY_3,1010010302,퇴계로,1010055500,광희동2가 106-3,127.0099082789205482_37.5646817382909717,1010024300,한양공고앞,127.0104773475085409_37.5647757639333406,51.0,18.0,서행,127.0104773475085409_37.5647757639333406|127.0099082789205482_37.5646817382909717
2026-09-04T06:42:24.849833+09:00,동대문 관광특구,동대문 관광특구,POI002,KEY_3,1010010303,퇴계로,1010024300,한양공고앞,127.0104773475085409_37.5647757639333406,1010024404,한양공고앞,127.0112090095234549_37.5649005480942861,66.0,36.0,원활,127.0112090095234549_37.5649005480942861|127.0110078071713389_37.5648590073598498|127.0104773475085409_37.5647757639333406
2026-09-04T06:42:24.849833+09:00,동대문 관광특구,동대문 관광특구,POI002,KEY_3,1010010404,퇴계로,1010024403,한양공고앞,127.0112431099512804_37.5647958913381643,1010024000,한양공고앞,127.0105042836972586_37.5646697935721292,67.0,17.0,서행,127.0105042836972586_37.5646697935721292|127.0110380183582066_37.5647535474378884|127.0112431099512804_37.5647958913381643
2026-09-04T06:42:24.849833+09:00,동대문 관광특구,동대문 관광특구,POI002,KEY_3,1010010601,마른내로,1010134000,광희동1가 235-6,127.0062746188617808_37.5646055130078267,1010023000,광희동1가169-1,127.0066022342274863_37.5645458036535800,30.0,15.0,서행,127.0066022342274863_37.5645458036535800|127.0063686118675577_37.5645902274929711|127.0062746188617808_37.5646055130078267
2026-09-04T06:42:24.849833+09:00,동대문 관광특구,동대문 관광특구,POI002,KEY_3,1010011501,을지로,1010025400,한양공고앞,127.0104615863536850_37.5651414229202487,1010025702,동대문역사문화공원역앞교차로,127.0098092568797057_37.5653495503264523,62.0,28.5,원활,127.0098092568797057_37.5653495503264523|127.0104018007762932_37.5651601202690344|127.0104615863536850_37.5651414229202487
2026-09-04T06:42:24.849833+09:00,동대문 관광특구,동대문 관광특구,POI002,KEY_3,1010011502,을지로,1010024404,한양공고앞,127.0112090095234549_37.5649005480942861,1010025400,한양공고앞,127.0104615863536850_37.5651414229202487,71.0,14.0,정체,127.0104615863536850_37.5651414229202487|127.0111251236703254_37.5649339132959668|127.0112090095234549_37.5649005480942861
2026-09-04T06:42:24.849833+09:00,동대문 관광특구,동대문 관광특구,POI002,KEY_3,1010011602,을지로,1010025701,동대문역사문화공원역앞교차로,127.0098839022084150_37.5654422003783637,1010024401,한양공고앞,127.0114159293672458_37.5649391116953026,146.0,24.0,서행,127.0114159293672458_37.5649391116953026|127.0111804215872553_37.5650327842942460|127.0105112526830311_37.5652420552738704|127.0104519446709617_37.5652606030398672|127.0098839022084150_37.5654422003783637
2026-09-04T06:42:24.849833+09:00,동대문 관광특구,동대문 관광특구,POI002,KEY_3,1010011701,퇴계로,1010024401,한양공고앞,127.0114159293672458_37.5649391116953026,1010024504,성동여자실업고교앞,127.0122824244794231_37.5649718786512210,77.0,33.0,원활,127.0122824244794231_37.5649718786512210|127.0116953092412899_37.5649498454663089|127.0116305534288301_37.5649473576079913|127.0114159293672458_37.5649391116953026
2026-09-04T06:42:24.849833+09:00,동대문 관광특구,동대문 관광특구,POI002,KEY_3,1010011703,퇴계로,1010129100,흥인동 162-1,127.0142218597084707_37.5651926228685937,1010025104,신당역,127.0156055414690144_37.5653606672875071,124.0,42.0,원활,127.0156055414690144_37.5653606672875071|127.0148603714920625_37.5652701705125835|127.0142218597084707_37.5651926228685937
2026-09-04T06:42:24.849833+09:00,동대문 관광특구,동대문 관광특구,POI002,KEY_3,1010011704,퇴계로,1010025101,신당역,127.0157472142811628_37.5653765487913560,1010025505,신당역사거리,127.0161301530858964_37.5654176105649569,34.0,34.3,원활,127.0161301530858964_37.5654176105649569|127.0157472142811628_37.5653765487913560
2026-09-04T06:42:24.849833+09:00,동대문 관광특구,동대문 관광특구,POI002,KEY_3,1010011801,퇴계로,1010044500,한양공고앞교차로,127.0116371013748875_37.5648393637238627,1010024402,한양공고앞,127.0114224776999379_37.5648311176682981,19.0,29.0,원활,127.0114224776999379_37.5648311176682981|127.0116371013748875_37.5648393637238627
2026-09-04T06:42:24.849833+09:00,동대문 관광특구,동대문 관광특구,POI002,KEY_3,1010011901,장충단로,1010022104,광희동사거리,127.0071286778296695_37.5642723681278099,1010024100,광희동2가9,127.0072910181171153_37.5647498099421497,55.0,43.0,원활,127.0072910181171153_37.5647498099421497|127.0072564348693760_37.5646568662029168|127.0071286778296695_37.5642723681278099
2026-09-04T06:42:24.849833+09:00,동대문 관광특구,동대문 관광특구,POI002,KEY_3,1010011902,장충단로,1010024100,광희동2가9,127.0072910181171153_37.5647498099421497,1010025603,동대문역사문화공원,127.0075096102102208_37.5653372838946922,68.0,40.0,원활,127.0075096102102208_37.5653372838946922|127.0072910181171153_37.5647498099421497
2026-09-04T06:42:24.849833+09:00,동대문 관광특구,동대문 관광특구,POI002,KEY_3,1010011903,장충단로,1010025604,동대문역사문화공원,127.0075480588206034_37.5654411230059182,1010026800,동대문역사문화공원,127.0076027310937263_37.5655895835695972,17.0,37.0,원활,127.0076027310937263_37.5655895835695972|127.0075480588206034_37.5654411230059182
2026-09-04T06:42:24.849833+09:00,동대문 관광특구,동대문 관광특구,POI002,KEY_3,1010011904,장충단로,1010026800,동대문역사문화공원,127.0076027310937263_37.5655895835695972,1010027503,동대문역사문화공원앞교차로,127.0077423203471056_37.5659686340729024,44.0,40.5,원활,127.0077423203471056_37.5659686340729024|127.0076027310937263_37.5655895835695972
2026-09-04T06:42:24.849833+09:00,동대문 관광특구,동대문 관광특구,POI002,KEY_3,1010012001,장충단로,1010023800,광희동2가9,127.0074212496598989_37.5647191039854818,1010022101,광희동사거리,127.0072731356478073_37.5642842960486263,50.0,10.0,정체,127.0072731356478073_37.5642842960486263|127.0073872334830867_37.5646276838331019|127.0074212496598989_37.5647191039854818
2026-09-04T06:42:24.849833+09:00,동대문 관광특구,동대문 관광특구,POI002,KEY_3,1010012002,장충단로,1010025602,동대문역사문화공원,127.0076398432787244_37.5653065784687641,1010023800,광희동2가9,127.0074212496598989_37.5647191039854818,68.0,18.0,서행,127.0074212496598989_37.5647191039854818|127.0076398432787244_37.5653065784687641
2026-09-04T06:42:24.849833+09:00,동대문 관광특구,동대문 관광특구,POI002,KEY_3,1010012003,장충단로,1010026500,동대문역사문화공원,127.0077330726616651_37.5655591691889441,1010025601,동대문역사문화공원,127.0076784001102084_37.5654107085710436,17.0,4.0,정체,127.0076784001102084_37.5654107085710436|127.0077330726616651_37.5655591691889441
2026-09-04T06:42:24.849833+09:00,동대문 관광특구,동대문 관광특구,POI002,KEY_3,1010012004,장충단로,1010027502,동대문역사문화공원앞교차로,127.0078734506891323_37.5659403597718651,1010026500,동대문역사문화공원,127.0077330726616651_37.5655591691889441,44.0,20.0,서행,127.0077330726616651_37.5655591691889441|127.0078734506891323_37.5659403597718651
2026-09-04T06:42:24.849833+09:00,동대문 관광특구,동대문 관광특구,POI002,KEY_3,1010013104,퇴계로,1010026103,속성변화점,127.0211957674442402_37.5655856117215876,1010026302,신당역(서울2호선),127.0197645442450352_37.5656319651526047,127.0,17.0,서행,127.0197645442450352_37.5656319651526047|127.0205488666692304_37.5656443090833747|127.0206684292129040_37.5656405803761970|127.0207742631976942_37.5656372797099394|127.0210595706817145_37.5656067908117777|127.0210619582555438_37.5656064195453538|127.0211957674442402_37.5655856117215876
2026-09-04T06:42:24.849833+09:00,동대문 관광특구,동대문 관광특구,POI002,KEY_3,1010013201,퇴계로,1010081700,황학동 757,127.0186241650023646_37.5657023223694893,1010026304,신당역(서울2호선),127.0196260547904643_37.5657380666285974,89.0,17.0,서행,127.0196260547904643_37.5657380666285974|127.0191248008310083_37.5657312115641773|127.0188070063581591_37.5657192171997423|127.0186241650023646_37.5657023223694893
2026-09-04T06:42:24.849833+09:00,동대문 관광특구,동대문 관광특구,POI002,KEY_3,1010013205,퇴계로,1010123400,황학동 757,127.0206737469985541_37.5657486168200094,1010026105,신당5동주민센터,127.0210879994097581_37.5657125329307533,37.0,36.0,원활,127.0210879994097581_37.5657125329307533|127.0210816476591305_37.5657135206677495|127.0207859832972161_37.5657451160638232|127.0206737469985541_37.5657486168200094
2026-09-04T06:42:24.849833+09:00,동대문 관광특구,동대문 관광특구,POI002,KEY_3,1010013301,을지로,1010026900,동대문역사문화공원,127.0084142117340065_37.5657933815894935,1010027502,동대문역사문화공원앞교차로,127.0078734506891323_37.5659403597718651,51.0,36.0,원활,127.0078734506891323_37.5659403597718651|127.0080862909446040_37.5658896606162571|127.0084142117340065_37.5657933815894935
2026-09-04T06:42:24.849833+09:00,동대문 관광특구,동대문 관광특구,POI002,KEY_3,1010013302,을지로,1010080900,을지로7가 112-3,127.0088653110683481_37.5656507823329591,1010026900,동대문역사문화공원,127.0084142117340065_37.5657933815894935,43.0,26.0,원활,127.0084142117340065_37.5657933815894935|127.0084667296888910_37.5657779617922074|127.0088653110683481_37.5656507823329591
2026-09-04T06:42:24.849833+09:00,동대문 관광특구,동대문 관광특구,POI002,KEY_3,1010013401,을지로,1010027501,동대문역사문화공원앞교차로,127.0079126423696891_37.5660438810911330,1010025704,동대문역사문화공원역앞교차로,127.0097555715754112_37.5654831945412937,174.0,17.0,서행,127.0097555715754112_37.5654831945412937|127.0096128053100841_37.5655287500039421|127.0089158485056231_37.5657511395251831|127.0085155097829670_37.5658788797530079|127.0084612158882180_37.5658948204746821|127.0081293049191800_37.5659922730020028|127.0079126423696891_37.5660438810911330
2026-09-04T06:42:24.849833+09:00,동대문 관광특구,동대문 관광특구,POI002,KEY_3,1010014502,을지로45길,1010025704,동대문역사문화공원역앞교차로,127.0097555715754112_37.5654831945412937,1010031203,신당동 251-159,127.0125199832589118_37.5670528209413206,317.0,19.0,서행,127.0125199832589118_37.5670528209413206|127.0124748534802706_37.5669451006742108|127.0123969525654672_37.5668174774060688|127.0123025116707964_37.5666983314770420|127.0121971172845576_37.5665907571920030|127.0120637838956981_37.5664864490764074|127.0119132422724846_37.5664083993704807|127.0117389300272777_37.5663307203448511|127.0115558621243821_37.5662698698201609|127.0113306725807121_37.5662120107637136|127.0106272887382772_37.5660711531911673|127.0104211268278505_37.5660237206134866|127.0102552544842212_37.5659567055388024|127.0101066121111302_37.5658730843004420|127.0099898103265588_37.5657739315167234|127.0097555715754112_37.5654831945412937
2026-09-04T06:42:24.849833+09:00,동대문 관광특구,동대문 관광특구,POI002,KEY_3,1010014503,을지로45길,1010031204,신당동 251-159,127.0125599243742585_37.5672394044600324,1010031813,운동장평화시장,127.0124984243057042_37.5678383411287697,68.0,23.0,서행,127.0124984243057042_37.5678383411287697|127.0125278070149193_37.5678140109252396|127.0125545329192533_37.5677608060890265|127.0125807604174355_37.5676720254815848|127.0125874088479208_37.5675818531156409|127.0125803643056344_37.5674031656770779|127.0125599243742585_37.5672394044600324
2026-09-04T06:42:24.849833+09:00,동대문 관광특구,동대문 관광특구,POI002,KEY_3,1010014602,을지로45길,1010031202,신당동 251-159,127.0126037267031904_37.5669109428648440,1010025701,동대문역사문화공원역앞교차로,127.0098839022084150_37.5654422003783637,305.0,17.0,서행,127.0098839022084150_37.5654422003783637|127.0100974157430329_37.5657072126138019|127.0101962625768266_37.5657911237929127|127.0103255593623715_37.5658638616798513|127.0104711638876438_37.5659226884021962|127.0106627259196870_37.5659667614976271|127.0113681429240273_37.5661080259160514|127.0116029740556911_37.5661683625948655|127.0117984706255356_37.5662333437737743|127.0119835625390436_37.5663158266306780|127.0121493010753682_37.5664017556969796|127.0122987151525393_37.5665186435508005|127.0124137776696784_37.5666360853386863|127.0125158379894970_37.5667648439987900|127.0126009014704351_37.5669041991938073|127.0126037267031904_37.5669109428648440
2026-09-04T06:42:24.849833+09:00,동대문 관광특구,동대문 관광특구,POI002,KEY_3,1010014603,을지로45길,1010031812,운동장평화시장,127.0126485643679786_37.5678648322467907,1010031201,신당동 199-6,127.0126632942662184_37.5670642770788277,90.0,17.0,서행,127.0126632942662184_37.5670642770788277|127.0126915510936527_37.5672094829220882|127.0127159720722574_37.5673958521818534|127.0127233647992000_37.5675833278878599|127.0127156707868608_37.5676876829484456|127.0126844296511024_37.5677934334783714|127.0126485643679786_37.5678648322467907
2026-09-04T06:42:24.849833+09:00,동대문 관광특구,동대문 관광특구,POI002,KEY_3,1010014903,을지로,1010142800,을지로6가 55-5,127.0048451725819234_37.5665039662244240,1010029302,노보텔앰배서더서울동대문,127.0044950518891795_37.5665669124054631,32.0,35.0,원활,127.0044950518891795_37.5665669124054631|127.0048451725819234_37.5665039662244240
2026-09-04T06:42:24.849833+09:00,동대문 관광특구,동대문 관광특구,POI002,KEY_3,1010014904,을지로,1010027300,동대문역사문화공원,127.0072093223593868_37.5660721727252351,1010028502,을지로6가 23-30,127.0068099877482979_37.5661497447646155,36.0,18.0,서행,127.0068099877482979_37.5661497447646155|127.0072093223593868_37.5660721727252351
2026-09-04T06:42:24.849833+09:00,동대문 관광특구,동대문 관광특구,POI002,KEY_3,1010014905,을지로,1010027503,동대문역사문화공원앞교차로,127.0077423203471056_37.5659686340729024,1010027300,동대문역사문화공원,127.0072093223593868_37.5660721727252351,48.0,13.0,정체,127.0072093223593868_37.5660721727252351|127.0077423203471056_37.5659686340729024
2026-09-04T06:42:24.849833+09:00,동대문 관광특구,동대문 관광특구,POI002,KEY_3,1010015003,을지로,1010148600,을지로6가 55-5,127.0059756238963331_37.5664115645017986,1010028504,을지로6가 23-30,127.0067077144106662_37.5662799350011980,66.0,36.0,원활,127.0067077144106662_37.5662799350011980|127.0059756238963331_37.5664115645017986
2026-09-04T06:42:24.849833+09:00,동대문 관광특구,동대문 관광특구,POI002,KEY_3,1010015004,을지로,1010028501,을지로6가 23-30,127.0068399544692994_37.5662552159040573,1010028100,동대문역사문화공원,127.0072415247333453_37.5661772097702809,37.0,36.0,원활,127.0072415247333453_37.5661772097702809|127.0068399544692994_37.5662552159040573
2026-09-04T06:42:24.849833+09:00,동대문 관광특구,동대문 관광특구,POI002,KEY_3,1010015005,을지로,1010028100,동대문역사문화공원,127.0072415247333453_37.5661772097702809,1010027504,동대문역사문화공원앞교차로,127.0077815127893501_37.5660723132225556,49.0,40.0,원활,127.0077815127893501_37.5660723132225556|127.0072415247333453_37.5661772097702809
2026-09-04T06:42:24.849833+09:00,동대문 관광특구,동대문 관광특구,POI002,KEY_3,1010015903,다산로,1010030609,광희초교,127.0160617314247702_37.5668749100625661,1010032003,흥인사거리,127.0159430605048101_37.5679606692483219,121.0,31.0,원활,127.0159430605048101_37.5679606692483219|127.0159743421306047_37.5676112312418340|127.0160255927031301_37.5672344083472609|127.0160402251580791_37.5671268232184943|127.0160549534698760_37.5670185344442942|127.0160617314247702_37.5668749100625661
2026-09-04T06:42:24.849833+09:00,동대문 관광특구,동대문 관광특구,POI002,KEY_3,1010015905,다산로,1010025505,신당역사거리,127.0161301530858964_37.5654176105649569,1010030608,광희초교,127.0160674105021883_37.5667646741866150,150.0,35.0,원활,127.0160674105021883_37.5667646741866150|127.0160810448809769_37.5665140691110153|127.0160869222810902_37.5664060394060755|127.0161264200022373_37.5656800402324649|127.0161301530858964_37.5654176105649569
2026-09-04T06:42:24.849833+09:00,동대문 관광특구,동대문 관광특구,POI002,KEY_3,1010016004,다산로,1010032002,흥인사거리,127.0160789424705570_37.5679639438026456,1010030602,흥인사거리,127.0161606333554687_37.5672460453498260,80.0,8.0,정체,127.0161606333554687_37.5672460453498260|127.0161096513763539_37.5676208949564980|127.0160789424705570_37.5679639438026456
2026-09-04T06:42:24.849833+09:00,동대문 관광특구,동대문 관광특구,POI002,KEY_3,1010016005,다산로,1010025507,신당역(서울6호선),127.0162226232657048_37.5664107172522961,1010025502,신당역사거리,127.0162657689687649_37.5654329995531739,109.0,22.0,서행,127.0162657689687649_37.5654329995531739|127.0162622132909576_37.5656829912889449|127.0162226232657048_37.5664107172522961
2026-09-04T06:42:24.849833+09:00,동대문 관광특구,동대문 관광특구,POI002,KEY_3,1010016006,다산로,1010030603,흥인사거리,127.0161752657197951_37.5671384605402565,1010025506,신당역(서울6호선),127.0162167460837139_37.5665187469929265,69.0,12.5,정체,127.0162167460837139_37.5665187469929265|127.0162031121587347_37.5667693520839094|127.0161974648976724_37.5668789685628042|127.0161905080191644_37.5670263924383008|127.0161752657197951_37.5671384605402565
2026-09-04T06:42:24.849833+09:00,동대문 관광특구,동대문 관광특구,POI002,KEY_3,1010017301,장충단로,1010027504,동대문역사문화공원앞교차로,127.0077815127893501_37.5660723132225556,1010028800,동대문역사문화공원,127.0080565712496110_37.5666288866091591,67.0,11.0,정체,127.0080565712496110_37.5666288866091591|127.0079624699871488_37.5664856769850175|127.0078715207442457_37.5663037548790442|127.0077815127893501_37.5660723132225556
2026-09-04T06:42:24.849833+09:00,동대문 관광특구,동대문 관광특구,POI002,KEY_3,1010017302,장충단로,1010143800,을지로6가 18-11,127.0082819372846643_37.5669476563761933,1010031703,을지로6가 18-11,127.0088451603658086_37.5677293203079117,100.0,14.0,정체,127.0088451603658086_37.5677293203079117|127.0082819372846643_37.5669476563761933
2026-09-04T06:42:24.849833+09:00,동대문 관광특구,동대문 관광특구,POI002,KEY_3,1010017303,장충단로,1010151400,을지로6가 18-11,127.0092239635291378_37.5682916548078154,1010033603,흥인시장,127.0095744381944343_37.5688379054322823,68.0,16.0,서행,127.0095744381944343_37.5688379054322823|127.0095441539168775_37.5687836818919578|127.0094685009096480_37.5686576314897209|127.0092239635291378_37.5682916548078154
2026-09-04T06:42:24.849833+09:00,동대문 관광특구,동대문 관광특구,POI002,KEY_3,1010017304,장충단로,1010033604,흥인시장,127.0096221501300420_37.5689990735866033,1010034702,청계6가사거리,127.0096736759349909_37.5696339498216076,71.0,16.0,서행,127.0096736759349909_37.5696339498216076|127.0096864325971779_37.5694310293012208|127.0096700878060432_37.5692510036280254|127.0096371243204487_37.5690562417204532|127.0096221501300420_37.5689990735866033
2026-09-04T06:42:24.849833+09:00,동대문 관광특구,동대문 관광특구,POI002,KEY_3,1010017401,장충단로,1010031702,을지로6가 18-198,127.0089629856017694_37.5676755281945915,1010027501,동대문역사문화공원앞교차로,127.0079126423696891_37.5660438810911330,204.0,35.0,원활,127.0079126423696891_37.5660438810911330|127.0079996952631092_37.5662677235432056|127.0080860788338697_37.5664405124682617|127.0081769300446410_37.5665787757523901|127.0082204295207475_37.5666449752098757|127.0083997623679863_37.5668938645087991|127.0089629856017694_37.5676755281945915
2026-09-04T06:42:24.849833+09:00,동대문 관광특구,동대문 관광특구,POI002,KEY_3,1010017402,장충단로,1010033602,흥인시장,127.0096784540469628_37.5687579872561841,1010031701,을지로6가 18-11,127.0090328345347217_37.5677753546081874,123.0,23.0,서행,127.0090328345347217_37.5677753546081874|127.0093438877200214_37.5682408851308693|127.0095898005743607_37.5686089201824345|127.0096675199618375_37.5687384094390211|127.0096784540469628_37.5687579872561841
2026-09-04T06:42:24.849833+09:00,동대문 관광특구,동대문 관광특구,POI002,KEY_3,1010017405,장충단로,1010034701,청계6가사거리,127.0098099727011487_37.5696292980751281,1010033601,흥인시장,127.0097254442646317_37.5688636970958783,86.0,23.0,서행,127.0097254442646317_37.5688636970958783|127.0097710903643389_37.5690379675287076|127.0098052651739948_37.5692398786983972|127.0098225114876840_37.5694298296446618|127.0098099727011487_37.5696292980751281
2026-09-04T06:42:24.849833+09:00,동대문 관광특구,동대문 관광특구,POI002,KEY_3,1010017406,율곡로,1010035101,청계6가사거리,127.0097583244985060_37.5699427587399839,1010034701,청계6가사거리,127.0098099727011487_37.5696292980751281,35.0,23.0,서행,127.0098099727011487_37.5696292980751281|127.0097583244985060_37.5699427587399839
2026-09-04T06:42:24.849833+09:00,동대문 관광특구,동대문 관광특구,POI002,KEY_3,1010017900,마장로,1010031811,운동장평화시장,127.0125602184103286_37.5679573189645097,1010032004,흥인사거리,127.0159347353495747_37.5680686203623893,300.0,19.0,서행,127.0159347353495747_37.5680686203623893|127.0156884666647272_37.5680616007632224|127.0144660810207995_37.5680903184376831|127.0138825710250785_37.5680999453562308|127.0137456855287041_37.5680989709988395|127.0136150764297582_37.5680980411691650|127.0132103478226497_37.5680672217406553|127.0129104055784666_37.5680323170113368|127.0127590991973818_37.5680014116303767|127.0127288182885081_37.5679952265176880|127.0125602184103286_37.5679573189645097
2026-09-04T06:42:24.849833+09:00,동대문 관광특구,동대문 관광특구,POI002,KEY_3,1010018000,마장로,1010140800,신당동 208-5,127.0127928615110591_37.5678966848153522,1010031812,운동장평화시장,127.0126485643679786_37.5678648322467907,13.0,36.0,원활,127.0126485643679786_37.5678648322467907|127.0127641662878943_37.5678908234252873|127.0127928615110591_37.5678966848153522
2026-09-04T06:42:24.849833+09:00,동대문 관광특구,동대문 관광특구,POI002,KEY_3,1010018501,마장로,1010148000,황학동 160,127.0178811388246203_37.5681858311381092,1010032002,흥인사거리,127.0160789424705570_37.5679639438026456,161.0,23.0,서행,127.0160789424705570_37.5679639438026456|127.0163154668655494_37.5679686852888892|127.0165901118881067_37.5679879931942224|127.0168817457523289_37.5680208363940551|127.0176785581743104_37.5681563529552491|127.0178811388246203_37.5681858311381092
2026-09-04T06:42:24.849833+09:00,동대문 관광특구,동대문 관광특구,POI002,KEY_3,1010018701,마장로,1010152800,신당동 204-97,127.0117072992637475_37.5679805134442333,1010031814,운동장평화시장,127.0124154726912309_37.5679435535466197,63.0,16.0,서행,127.0124154726912309_37.5679435535466197|127.0122590074739151_37.5679378566801887|127.0120605595701875_37.5679355192139823|127.0119126210582579_37.5679377984365175|127.0117849221734048_37.5679599090739913|127.0117072992637475_37.5679805134442333
2026-09-04T06:42:24.849833+09:00,동대문 관광특구,동대문 관광특구,POI002,KEY_3,1010018702,마장로,1010033601,흥인시장,127.0097254442646317_37.5688636970958783,1010031806,신당동 220-37,127.0108933564805653_37.5683374957941965,119.0,14.0,정체,127.0108933564805653_37.5683374957941965|127.0103128324394817_37.5685983229940632|127.0098862405464928_37.5687745410715479|127.0097254442646317_37.5688636970958783
2026-09-04T06:42:24.849833+09:00,동대문 관광특구,동대문 관광특구,POI002,KEY_3,1010018801,마장로,1010031805,신당동 222-3,127.0108265877144618_37.5682433405487259,1010033602,흥인시장,127.0096784540469628_37.5687579872561841,117.0,22.0,서행,127.0096784540469628_37.5687579872561841|127.0098158423830341_37.5686818101705882|127.0102481441824267_37.5685032330426054|127.0108265877144618_37.5682433405487259
2026-09-04T06:42:24.849833+09:00,동대문 관광특구,동대문 관광특구,POI002,KEY_3,1010018802,마장로,1010031813,운동장평화시장,127.0124984243057042_37.5678383411287697,1010031804,신당동 204-25,127.0109614857434366_37.5681827306582221,145.0,9.0,정체,127.0109614857434366_37.5681827306582221|127.0116044562520585_37.5678938389136974|127.0116643298441801_37.5678779462685810|127.0117488970436739_37.5678554989719800|127.0118967207613707_37.5678299039982804|127.0120602489677566_37.5678273844402426|127.0122631167441938_37.5678297737057392|127.0124984243057042_37.5678383411287697
2026-09-04T06:42:24.849833+09:00,동대문 관광특구,동대문 관광특구,POI002,KEY_3,1010018901,마장로1길,1010152100,신당동 213-11,127.0121553033908839_37.5690336687148729,1010005302,신평화시장,127.0121349816149205_37.5696419493387239,68.0,10.0,정체,127.0121349816149205_37.5696419493387239|127.0121421248701665_37.5691843025149339|127.0121553033908839_37.5690336687148729
2026-09-04T06:42:24.849833+09:00,동대문 관광특구,동대문 관광특구,POI002,KEY_3,1010018902,마장로1길,1010031814,운동장평화시장,127.0124154726912309_37.5679435535466197,1010031809,신당동222-8,127.0122750629742399_37.5683759183048167,50.0,5.0,정체,127.0122750629742399_37.5683759183048167|127.0123180657187021_37.5681383238811932|127.0123497877902849_37.5680414779446536|127.0124154726912309_37.5679435535466197
2026-09-04T06:42:24.849833+09:00,동대문 관광특구,동대문 관광특구,POI002,KEY_3,1010019001,마장로1길,1010031808,신당동222-8,127.0124095059075984_37.5683913354501371,1010031811,운동장평화시장,127.0125602184103286_37.5679573189645097,51.0,11.0,정체,127.0125602184103286_37.5679573189645097|127.0124771732185138_37.5680811245796917|127.0124514225665706_37.5681597391732680|127.0124095059075984_37.5683913354501371
2026-09-04T06:42:24.849833+09:00,동대문 관광특구,동대문 관광특구,POI002,KEY_3,1010019002,마장로1길,1010005301,신평화시장,127.0122708151406528_37.5696426709985616,1010031807,신당동222-8,127.0123898303853878_37.5685000458484097,127.0,13.0,정체,127.0123898303853878_37.5685000458484097|127.0123418218841209_37.5687652999462713|127.0122919230176990_37.5690284264960468|127.0122908073151677_37.5690411795721175|127.0122778985721510_37.5691887330836352|127.0122708151406528_37.5696426709985616
2026-09-04T06:42:24.849833+09:00,동대문 관광특구,동대문 관광특구,POI002,KEY_3,1010019101,다산로,1010141200,흥인동 162-1,127.0158502651201076_37.5693611781333274,1010034802,청계7가사거리,127.0158306639446124_37.5696611075855529,33.0,14.0,정체,127.0158306639446124_37.5696611075855529|127.0158502651201076_37.5693611781333274
2026-09-04T06:42:24.849833+09:00,동대문 관광특구,동대문 관광특구,POI002,KEY_3,1010019102,지봉로,1010034802,청계7가사거리,127.0158306639446124_37.5696611075855529,1010035202,청계7가사거리,127.0158040936899226_37.5700110354399825,39.0,14.0,정체,127.0158040936899226_37.5700110354399825|127.0158306639446124_37.5696611075855529
2026-09-04T06:42:24.849833+09:00,동대문 관광특구,동대문 관광특구,POI002,KEY_3,1010019201,다산로,1010034801,청계7가사거리,127.0159658392398683_37.5696730413387101,1010032001,흥인사거리,127.0160705316801852_37.5680719294102587,178.0,14.0,정체,127.0160705316801852_37.5680719294102587|127.0159858642378339_37.5693667947247576|127.0159658392398683_37.5696730413387101
2026-09-04T06:42:24.849833+09:00,동대문 관광특구,동대문 관광특구,POI002,KEY_3,1010019202,지봉로,1010035201,청계7가사거리,127.0159391928957717_37.5700239796054660,1010034801,청계7가사거리,127.0159658392398683_37.5696730413387101,39.0,11.0,정체,127.0159658392398683_37.5696730413387101|127.0159391928957717_37.5700239796054660
2026-09-04T06:42:24.849833+09:00,동대문 관광특구,동대문 관광특구,POI002,KEY_3,1010019600,청계천로,1010034802,청계7가사거리,127.0158306639446124_37.5696611075855529,1010005301,신평화시장,127.0122708151406528_37.5696426709985616,314.0,17.0,서행,127.0122708151406528_37.5696426709985616|127.0158306639446124_37.5696611075855529
2026-09-04T06:42:24.849833+09:00,동대문 관광특구,동대문 관광특구,POI002,KEY_3,1010019801,청계천로,1010035302,영도교,127.0190376795105180_37.5709005304627368,1010034801,청계7가사거리,127.0159658392398683_37.5696730413387101,306.0,30.0,원활,127.0159658392398683_37.5696730413387101|127.0162447649568236_37.5697211440676426|127.0165233090075390_37.5697807026559474|127.0168138383008198_37.5698640974172520|127.0171942285477513_37.5699927732501777|127.0175147209545514_37.5701286070555724|127.0180299167504216_37.5703764545912975|127.0190376795105180_37.5709005304627368
2026-09-04T06:42:24.849833+09:00,동대문 관광특구,동대문 관광특구,POI002,KEY_3,1010037500,퇴계로,1010022000,광희동1가202-5,127.0064842473273927_37.5641466003637774,1010022800,동대문역사문화공원역(서울5호선),127.0065706763448077_37.5644406429326594,48.0,17.0,서행,127.0065706763448077_37.5644406429326594|127.0066811536361087_37.5643775516764293|127.0066907310278452_37.5643088952173088|127.0066691623191701_37.5642345191936187|127.0066041857510015_37.5641759869182650|127.0064842473273927_37.5641466003637774
2026-09-04T06:42:24.849833+09:00,동대문 관광특구,동대문 관광특구,POI002,KEY_3,1010038000,장충단로,1010023800,광희동2가9,127.0074212496598989_37.5647191039854818,1010022600,동대문역사문화공원역(서울4호선),127.0077454141687099_37.5643181758701132,63.0,10.0,정체,127.0077454141687099_37.5643181758701132|127.0075819683701184_37.5643336340610148|127.0075100991725066_37.5643889445091830|127.0074478177686927_37.5644766757582289|127.0073975133061595_37.5645491496537787|127.0074212496598989_37.5647191039854818
2026-09-04T06:42:24.849833+09:00,동대문 관광특구,동대문 관광특구,POI002,KEY_3,1010038700,마른내로,1010023000,광희동1가169-1,127.0066022342274863_37.5645458036535800,1010024100,광희동2가9,127.0072910181171153_37.5647498099421497,71.0,21.0,서행,127.0072910181171153_37.5647498099421497|127.0070884576186359_37.5645796826538856|127.0069375173959259_37.5645243848659760|127.0068231515665786_37.5645069004905352|127.0066022342274863_37.5645458036535800
2026-09-04T06:42:24.849833+09:00,동대문 관광특구,동대문 관광특구,POI002,KEY_3,1010039200,퇴계로,1010024300,한양공고앞,127.0104773475085409_37.5647757639333406,1010025400,한양공고앞,127.0104615863536850_37.5651414229202487,51.0,13.0,정체,127.0104615863536850_37.5651414229202487|127.0105600471430023_37.5650748710828495|127.0105997131547184_37.5650060557475030|127.0106034436050777_37.5649166603729512|127.0105734829310649_37.5648213070281614|127.0104773475085409_37.5647757639333406
2026-09-04T06:42:24.849833+09:00,동대문 관광특구,동대문 관광특구,POI002,KEY_3,1010040100,장충단로,1010092000,광희동1가 181-1,127.0065666581878219_37.5657901895796726,1010028503,을지로6가 23-30,127.0066777601740426_37.5661744771858537,44.0,10.0,정체,127.0066777601740426_37.5661744771858537|127.0065666581878219_37.5657901895796726
2026-09-04T06:42:24.849833+09:00,동대문 관광특구,동대문 관광특구,POI002,KEY_3,1010040200,장충단로,1010028502,을지로6가 23-30,127.0068099877482979_37.5661497447646155,1010025604,동대문역사문화공원,127.0075480588206034_37.5654411230059182,142.0,9.0,정체,127.0075480588206034_37.5654411230059182|127.0066546962787299_37.5656126126095131|127.0066990252346812_37.5657659412754299|127.0068099877482979_37.5661497447646155
2026-09-04T06:42:24.849833+09:00,동대문 관광특구,동대문 관광특구,POI002,KEY_3,1010040800,을지로,1010026900,동대문역사문화공원,127.0084142117340065_37.5657933815894935,1010026500,동대문역사문화공원,127.0077330726616651_37.5655591691889441,68.0,22.0,서행,127.0077330726616651_37.5655591691889441|127.0079381871399988_37.5656946131292102|127.0081740368883487_37.5657810133705610|127.0084142117340065_37.5657933815894935
2026-09-04T06:42:24.849833+09:00,동대문 관광특구,동대문 관광특구,POI002,KEY_3,1010041000,장충단로,1010026800,동대문역사문화공원,127.0076027310937263_37.5655895835695972,1010027300,동대문역사문화공원,127.0072093223593868_37.5660721727252351,68.0,24.0,서행,127.0072093223593868_37.5660721727252351|127.0074103827092529_37.5659777349919963|127.0075077022791419_37.5658704535518240|127.0075937893706595_37.5657363546045602|127.0076027310937263_37.5655895835695972
2026-09-04T06:42:24.849833+09:00,동대문 관광특구,동대문 관광특구,POI002,KEY_3,1010041400,퇴계로71길,1010146500,신당동 251-113,127.0128353641023153_37.5665709505979564,1010024501,성동여자실업고교앞,127.0124180083525971_37.5649793334128219,204.0,14.0,정체,127.0124180083525971_37.5649793334128219|127.0124114001971662_37.5650299826422014|127.0124068834825550_37.5661119920256468|127.0124128800912473_37.5661177857006550|127.0128352490476402_37.5662369720408265|127.0128757748486237_37.5663122143075370|127.0128353641023153_37.5665709505979564
2026-09-04T06:42:24.849833+09:00,동대문 관광특구,동대문 관광특구,POI002,KEY_3,1010041500,퇴계로71길,1010024504,성동여자실업고교앞,127.0122824244794231_37.5649718786512210,1010031202,신당동 251-159,127.0126037267031904_37.5669109428648440,244.0,13.0,정체,127.0126037267031904_37.5669109428648440|127.0126412307703134_37.5668474033094597|127.0126698024754859_37.5667546274016004|127.0127005738834924_37.5665576114049742|127.0127364488098749_37.5663279184632444|127.0127338355630116_37.5663230668818073|127.0123319930443841_37.5662096732445008|127.0122708949118078_37.5661506328379602|127.0122755975942681_37.5650242043360834|127.0122824244794231_37.5649718786512210
2026-09-04T06:42:24.849833+09:00,동대문 관광특구,동대문 관광특구,POI002,KEY_3,1010041600,퇴계로75길,1010030608,광희초교,127.0160674105021883_37.5667646741866150,1010025101,신당역,127.0157472142811628_37.5653765487913560,171.0,10.0,정체,127.0157472142811628_37.5653765487913560|127.0157807694131407_37.5655235857224596|127.0157959514498032_37.5662042009814456|127.0158068552079413_37.5666930119781171|127.0158387126609796_37.5667198528817465|127.0160674105021883_37.5667646741866150
2026-09-04T06:42:24.849833+09:00,동대문 관광특구,동대문 관광특구,POI002,KEY_3,1010041700,퇴계로75길,1010143700,흥인동 117-5,127.0156601453222152_37.5662061203708575,1010030609,광희초교,127.0160617314247702_37.5668749100625661,98.0,12.0,정체,127.0160617314247702_37.5668749100625661|127.0157674288877132_37.5668172312489048|127.0156719822129077_37.5667368138553144|127.0156601453222152_37.5662061203708575
2026-09-04T06:42:24.849833+09:00,동대문 관광특구,동대문 관광특구,POI002,KEY_3,1010041800,을지로,1010028100,동대문역사문화공원,127.0072415247333453_37.5661772097702809,1010028800,동대문역사문화공원,127.0080565712496110_37.5666288866091591,89.0,29.0,원활,127.0080565712496110_37.5666288866091591|127.0077173922156106_37.5663889362043406|127.0073916863854606_37.5661982459288595|127.0072415247333453_37.5661772097702809
2026-09-04T06:42:24.849833+09:00,동대문 관광특구,동대문 관광특구,POI002,KEY_3,1010043800,을지로43길,1010149300,을지로6가 18-222,127.0073782111932843_37.5673699384108701,1010028501,을지로6가 23-30,127.0068399544692994_37.5662552159040573,137.0,8.0,정체,127.0068399544692994_37.5662552159040573|127.0069949714038273_37.5668109051300121|127.0070602814434295_37.5670450194884324|127.0071638649251753_37.5670828028170760|127.0073782111932843_37.5673699384108701
2026-09-04T06:42:24.849833+09:00,동대문 관광특구,동대문 관광특구,POI002,KEY_3,1010044900,장충단로13길,1010031901,현대시티아울렛(동대문점),127.0078041379920819_37.5680116507579029,1010031704,을지로6가 18-11,127.0089129103870960_37.5678261241420017,100.0,21.0,서행,127.0089129103870960_37.5678261241420017|127.0087521862193825_37.5678639356992790|127.0078041379920819_37.5680116507579029
2026-09-04T06:42:24.849833+09:00,동대문 관광특구,동대문 관광특구,POI002,KEY_3,1010045400,장충단로13길,1010032401,라뜰리에,127.0073032393134156_37.5680926349257334,1010031904,현대시티아울렛(동대문점),127.0076640479500298_37.5680340824541119,33.0,9.0,정체,127.0076640479500298_37.5680340824541119|127.0073032393134156_37.5680926349257334
2026-09-04T06:42:24.849833+09:00,동대문 관광특구,동대문 관광특구,POI002,KEY_3,1010045500,을지로39길,1010153200,을지로6가 18-11,127.0048090270473011_37.5670973204548702,1010029301,노보텔앰배서더서울동대문,127.0045543539209376_37.5666670938253304,53.0,15.0,서행,127.0045543539209376_37.5666670938253304|127.0048090270473011_37.5670973204548702
2026-09-04T06:42:24.849833+09:00,동대문 관광특구,동대문 관광특구,POI002,KEY_3,1010045600,을지로39길,1010139800,을지로6가 18-11,127.0066730552178456_37.5681872995602077,1010032404,라뜰리에,127.0071655544813609_37.5681138478869201,44.0,21.0,서행,127.0071655544813609_37.5681138478869201|127.0066730552178456_37.5681872995602077
2026-09-04T06:42:24.849833+09:00,동대문 관광특구,동대문 관광특구,POI002,KEY_3,1010046100,장충단로.장충단로13길,1010149900,을지로6가 18-12,127.0085250946082596_37.5692538356941554,1010032401,라뜰리에,127.0073032393134156_37.5680926349257334,236.0,9.0,정체,127.0073032393134156_37.5680926349257334|127.0072300360729116_37.5690589517777553|127.0072386991814142_37.5691914930984012|127.0072413992780440_37.5691957915825583|127.0072563754432053_37.5692017507484977|127.0085250946082596_37.5692538356941554
2026-09-04T06:42:24.849833+09:00,동대문 관광특구,동대문 관광특구,POI002,KEY_3,1010046200,장충단로,1010149800,을지로6가 17-468,127.0085180990572127_37.5693618116457060,1010033604,흥인시장,127.0096221501300420_37.5689990735866033,120.0,5.0,정체,127.0096221501300420_37.5689990735866033|127.0095287010951211_37.5691419252875107|127.0093799513192749_37.5693199901350354|127.0092838051250510_37.5693743124476072|127.0091918387787189_37.5693894653783715|127.0085180990572127_37.5693618116457060
2026-09-04T06:42:24.849833+09:00,동대문 관광특구,동대문 관광특구,POI002,KEY_3,1010049900,다산로48길,1010030602,흥인사거리,127.0161606333554687_37.5672460453498260,1010037002,흥인동165,127.0168791560236201_37.5672839465636130,64.0,2.0,정체,127.0168791560236201_37.5672839465636130|127.0161606333554687_37.5672460453498260
2026-09-04T06:42:24.849833+09:00,동대문 관광특구,동대문 관광특구,POI002,KEY_3,1010050000,다산로48길,1010037001,흥인동165,127.0168881371641589_37.5671760636422079,1010030603,흥인사거리,127.0161752657197951_37.5671384605402565,63.0,10.0,정체,127.0161752657197951_37.5671384605402565|127.0168881371641589_37.5671760636422079
2026-09-04T06:42:24.849833+09:00,명동 관광특구,명동 관광특구,POI003,KEY_4,1000000303,종로,1000008703,종로1가사거리,126.9828971865418197_37.5701731264087542,1000007700,종로1가,126.9822109960776402_37.5701758601934444,61.0,8.0,정체,126.9822109960776402_37.5701758601934444|126.9824008620181672_37.5701779915733454|126.9828971865418197_37.5701731264087542
2026-09-04T06:42:24.849833+09:00,명동 관광특구,명동 관광특구,POI003,KEY_4,1000000403,종로,1000009500,종로1가,126.9822090811274506_37.5702839694386270,1000008704,종로1가사거리,126.9829124807839946_37.5702811035568871,62.0,47.0,원활,126.9829124807839946_37.5702811035568871|126.9824007403594095_37.5702861200097971|126.9822090811274506_37.5702839694386270
2026-09-04T06:42:24.849833+09:00,명동 관광특구,명동 관광특구,POI003,KEY_4,1000000501,종로,1000008701,종로1가사거리,126.9830485481293891_37.5702800768006568,1000009600,종로1가,126.9837104338048164_37.5702764015435093,58.0,26.0,원활,126.9837104338048164_37.5702764015435093|126.9830485481293891_37.5702800768006568
2026-09-04T06:42:24.849833+09:00,명동 관광특구,명동 관광특구,POI003,KEY_4,1000000502,종로,1000231500,종로2가 1-2,126.9840871569151233_37.5702743076942411,1000009104,종각지하쇼핑센터,126.9856860459643428_37.5702623526753499,141.0,27.3,원활,126.9856860459643428_37.5702623526753499|126.9846512311403757_37.5702711702886205|126.9844496207387294_37.5702722919640593|126.9840871569151233_37.5702743076942411
2026-09-04T06:42:24.849833+09:00,명동 관광특구,명동 관광특구,POI003,KEY_4,1000000601,종로,1000007800,종로1가,126.9837094850009294_37.5701682846705296,1000008702,종로1가사거리,126.9830343185050481_37.5701720336345346,60.0,34.0,원활,126.9830343185050481_37.5701720336345346|126.9837094850009294_37.5701682846705296
2026-09-04T06:42:24.849833+09:00,명동 관광특구,명동 관광특구,POI003,KEY_4,1000000602,종로,1000231400,종로2가 1-2,126.9840862081807984_37.5701661909693030,1000007800,종로1가,126.9837094850009294_37.5701682846705296,33.0,33.0,원활,126.9837094850009294_37.5701682846705296|126.9840862081807984_37.5701661909693030
2026-09-04T06:42:24.849833+09:00,명동 관광특구,명동 관광특구,POI003,KEY_4,1000001301,종로,1000009001,세종대로사거리,126.9771187019505163_37.5702314111293560,1000009700,종로1가1-3,126.9777559525715844_37.5702421551131351,56.0,28.0,원활,126.9777559525715844_37.5702421551131351|126.9771187019505163_37.5702314111293560
2026-09-04T06:42:24.849833+09:00,명동 관광특구,명동 관광특구,POI003,KEY_4,1000001401,종로,1000008000,동아일보사,126.9777588281918099_37.5701340596360964,1000009002,세종대로사거리,126.9770959172438580_37.5701228829325231,59.0,27.0,원활,126.9770959172438580_37.5701228829325231|126.9777588281918099_37.5701340596360964
2026-09-04T06:42:24.849833+09:00,명동 관광특구,명동 관광특구,POI003,KEY_4,1000002901,청계천로,1010032502,삼일교,126.9858176809112962_37.5681887506945316,1010033401,광교교차로,126.9828323504512895_37.5687142869809634,270.0,24.0,서행,126.9828323504512895_37.5687142869809634|126.9831003219411656_37.5686737853844051|126.9852687140431868_37.5682945602868230|126.9858176809112962_37.5681887506945316
2026-09-04T06:42:24.849833+09:00,명동 관광특구,명동 관광특구,POI003,KEY_4,1000002902,청계천로,1010032102,청계2가교차로,126.9875991297301567_37.5679809831949356,1010032501,삼일교,126.9859639352789031_37.5681586090325510,147.0,18.0,서행,126.9859639352789031_37.5681586090325510|126.9863253538070325_37.5680791845531417|126.9865577650626705_37.5680353471692356|126.9867829856370349_37.5680067659841299|126.9869962249077844_37.5679896256958159|126.9871974815225713_37.5679858337771080|126.9875991297301567_37.5679809831949356
2026-09-04T06:42:24.849833+09:00,명동 관광특구,명동 관광특구,POI003,KEY_4,1000003001,청계천로,1010033701,광교사거리,126.9828472617604831_37.5690310653232729,1000006702,동광빌딩,126.9856496555834724_37.5685348675876654,254.0,16.0,서행,126.9856496555834724_37.5685348675876654|126.9845929724430675_37.5687445528897968|126.9830379501262456_37.5690132418433791|126.9828472617604831_37.5690310653232729
2026-09-04T06:42:24.849833+09:00,명동 관광특구,명동 관광특구,POI003,KEY_4,1000003301,청계천로,1010033802,호주관광청,126.9797619415674745_37.5689431360811881,1010034101,무교동사거리,126.9793610650683036_37.5689718470786644,36.0,26.0,원활,126.9793610650683036_37.5689718470786644|126.9797619415674745_37.5689431360811881
2026-09-04T06:42:24.849833+09:00,명동 관광특구,명동 관광특구,POI003,KEY_4,1000003302,청계천로,1010033402,광교교차로,126.9826972926992426_37.5687326607183465,1010033801,호주관광청,126.9798972652306475_37.5689336143038304,248.0,29.0,원활,126.9798972652306475_37.5689336143038304|126.9825540318489203_37.5687499905156059|126.9826972926992426_37.5687326607183465
2026-09-04T06:42:24.849833+09:00,명동 관광특구,명동 관광특구,POI003,KEY_4,1000003400,청계천로,1010034301,무교동사거리,126.9793440155466442_37.5692674718774171,1010033702,광교사거리,126.9827120922386285_37.5690419071249693,299.0,19.3,서행,126.9827120922386285_37.5690419071249693|126.9793440155466442_37.5692674718774171
2026-09-04T06:42:24.849833+09:00,명동 관광특구,명동 관광특구,POI003,KEY_4,1000003700,청계천로,1010034102,무교동사거리,126.9792256224440905_37.5689816845044717,1000002000,청계광장,126.9771060680401717_37.5690311929919076,188.0,10.0,정체,126.9771060680401717_37.5690311929919076|126.9774434053876035_37.5690828687536680|126.9775440319711919_37.5690924240737019|126.9777213322496863_37.5690924576651568|126.9792256224440905_37.5689816845044717
2026-09-04T06:42:24.849833+09:00,명동 관광특구,명동 관광특구,POI003,KEY_4,1000003801,청계천로,1000031000,청계광장,126.9770921904126482_37.5694157550093379,1000007002,동아일보사,126.9783460265061024_37.5693222473721278,111.0,27.0,원활,126.9783460265061024_37.5693222473721278|126.9773834142662849_37.5693879956262435|126.9770921904126482_37.5694157550093379
2026-09-04T06:42:24.849833+09:00,명동 관광특구,명동 관광특구,POI003,KEY_4,1000004701,우정국로,1010033702,광교사거리,126.9827120922386285_37.5690419071249693,1000007200,종로1가,126.9827935302844111_37.5696197701673924,65.0,36.0,원활,126.9827935302844111_37.5696197701673924|126.9827458886658889_37.5693654356143227|126.9827120922386285_37.5690419071249693
2026-09-04T06:42:24.849833+09:00,명동 관광특구,명동 관광특구,POI003,KEY_4,1000004702,우정국로,1000007200,종로1가,126.9827935302844111_37.5696197701673924,1000008703,종로1가사거리,126.9828971865418197_37.5701731264087542,62.0,36.0,원활,126.9828971865418197_37.5701731264087542|126.9827935302844111_37.5696197701673924
2026-09-04T06:42:24.849833+09:00,명동 관광특구,명동 관광특구,POI003,KEY_4,1000004801,우정국로,1000007100,종로1가,126.9829278791696936_37.5696038258341787,1010033701,광교사거리,126.9828472617604831_37.5690310653232729,64.0,31.0,원활,126.9828472617604831_37.5690310653232729|126.9828808883077329_37.5693529710736058|126.9829278791696936_37.5696038258341787
2026-09-04T06:42:24.849833+09:00,명동 관광특구,명동 관광특구,POI003,KEY_4,1000004802,우정국로,1000008702,종로1가사거리,126.9830343185050481_37.5701720336345346,1000007100,종로1가,126.9829278791696936_37.5696038258341787,64.0,14.0,정체,126.9829278791696936_37.5696038258341787|126.9830343185050481_37.5701720336345346
2026-09-04T06:42:24.849833+09:00,명동 관광특구,명동 관광특구,POI003,KEY_4,1000005202,세종대로,1000009002,세종대로사거리,126.9770959172438580_37.5701228829325231,1000007400,청계천광장,126.9770893091757529_37.5695834801641908,60.0,21.0,서행,126.9770893091757529_37.5695834801641908|126.9770891110814688_37.5697756552470636|126.9770959172438580_37.5701228829325231
2026-09-04T06:42:24.849833+09:00,명동 관광특구,명동 관광특구,POI003,KEY_4,1000005203,세종대로,1000031000,청계광장,126.9770921904126482_37.5694157550093379,1000002000,청계광장,126.9771060680401717_37.5690311929919076,43.0,34.0,원활,126.9771060680401717_37.5690311929919076|126.9770921904126482_37.5694157550093379
2026-09-04T06:42:24.849833+09:00,명동 관광특구,명동 관광특구,POI003,KEY_4,1000005204,세종대로,1000007400,청계천광장,126.9770893091757529_37.5695834801641908,1000031000,청계광장,126.9770921904126482_37.5694157550093379,19.0,29.0,원활,126.9770921904126482_37.5694157550093379|126.9770893091757529_37.5695834801641908
2026-09-04T06:42:24.849833+09:00,명동 관광특구,명동 관광특구,POI003,KEY_4,1000006501,우정국로,1000008704,종로1가사거리,126.9829124807839946_37.5702811035568871,1000010800,종로1가,126.9829520973026149_37.5707555248776544,53.0,8.0,정체,126.9829520973026149_37.5707555248776544|126.9829508691110647_37.5707257702316255|126.9829124807839946_37.5702811035568871
2026-09-04T06:42:24.849833+09:00,명동 관광특구,명동 관광특구,POI003,KEY_4,1000006601,우정국로,1000010700,종로1가,126.9830878603485758_37.5707519719581455,1000008701,종로1가사거리,126.9830485481293891_37.5702800768006568,52.0,10.0,정체,126.9830485481293891_37.5702800768006568|126.9830865510382267_37.5707202864689833|126.9830878603485758_37.5707519719581455
2026-09-04T06:42:24.849833+09:00,명동 관광특구,명동 관광특구,POI003,KEY_4,1000008403,세종대로,1000178600,세종로 84-12,126.9773435970436708_37.5716353187199061,1000010301,주한네덜란드대사관,126.9773205016073234_37.5708618739457165,86.0,51.0,원활,126.9773205016073234_37.5708618739457165|126.9773435970436708_37.5716353187199061
2026-09-04T06:42:24.849833+09:00,명동 관광특구,명동 관광특구,POI003,KEY_4,1000023600,종로,1000007200,종로1가,126.9827935302844111_37.5696197701673924,1000007700,종로1가,126.9822109960776402_37.5701758601934444,90.0,30.0,원활,126.9822109960776402_37.5701758601934444|126.9823538247533747_37.5701681727122576|126.9825335459648414_37.5700690295792086|126.9826437791460876_37.5699908547526107|126.9827324536877029_37.5698897904859521|126.9827899849345840_37.5697677437382040|126.9827935302844111_37.5696197701673924
2026-09-04T06:42:24.849833+09:00,명동 관광특구,명동 관광특구,POI003,KEY_4,1000023700,종로,1000007800,종로1가,126.9837094850009294_37.5701682846705296,1000007100,종로1가,126.9829278791696936_37.5696038258341787,103.0,26.0,원활,126.9829278791696936_37.5696038258341787|126.9830032097695494_37.5698402452960423|126.9830990215400703_37.5699604067910897|126.9831924475550267_37.5700347972999680|126.9833242130892046_37.5700939366007987|126.9834847309357855_37.5701511723724835|126.9837094850009294_37.5701682846705296
2026-09-04T06:42:24.849833+09:00,명동 관광특구,명동 관광특구,POI003,KEY_4,1000023900,종로,1000008000,동아일보사,126.9777588281918099_37.5701340596360964,1000007400,청계천광장,126.9770893091757529_37.5695834801641908,91.0,5.0,정체,126.9770893091757529_37.5695834801641908|126.9770963075021939_37.5696479702720865|126.9772094321437663_37.5697743360528662|126.9773459521211265_37.5699388507560457|126.9774735034476549_37.5700533015790512|126.9775723207871607_37.5701062430602590|126.9777588281918099_37.5701340596360964
2026-09-04T06:42:24.849833+09:00,명동 관광특구,명동 관광특구,POI003,KEY_4,1000024400,종로,1000010700,종로1가,126.9830878603485758_37.5707519719581455,1000009600,종로1가,126.9837104338048164_37.5702764015435093,84.0,11.0,정체,126.9837104338048164_37.5702764015435093|126.9834199944166073_37.5703552243340226|126.9832834070776642_37.5704238609181118|126.9831923434160359_37.5704982251536919|126.9830964773624657_37.5706145452795255|126.9830878603485758_37.5707519719581455
2026-09-04T06:42:24.849833+09:00,명동 관광특구,명동 관광특구,POI003,KEY_4,1000024500,종로,1000009500,종로1가,126.9822090811274506_37.5702839694386270,1000010800,종로1가,126.9829520973026149_37.5707555248776544,92.0,25.0,원활,126.9829520973026149_37.5707555248776544|126.9829359392394394_37.5706431287853420|126.9828401259818236_37.5705267810848440|126.9827754493047394_37.5704619306360499|126.9826892071422293_37.5704047039165019|126.9825119206921613_37.5703322080284821|126.9822090811274506_37.5702839694386270
2026-09-04T06:42:24.849833+09:00,명동 관광특구,명동 관광특구,POI003,KEY_4,1010002301,소월로,1010155400,최소노드배치점,126.9760533414636114_37.5582497344554369,1010013803,숭례문앞교차로,126.9755809845113532_37.5605189064983307,262.0,21.0,서행,126.9755809845113532_37.5605189064983307|126.9757337889885065_37.5603525891795087|126.9757984686316661_37.5601874326070444|126.9757969708594061_37.5599997077910714|126.9757198667068110_37.5593373627741514|126.9757048763582503_37.5591937029204388|126.9757309859065373_37.5590497713064551|126.9757785893644524_37.5588840435687814|126.9759074328705282_37.5585745471584289|126.9759297486065890_37.5585209420058632|126.9759522152383795_37.5584716422248093|126.9760533414636114_37.5582497344554369
2026-09-04T06:42:24.849833+09:00,명동 관광특구,명동 관광특구,POI003,KEY_4,1010002402,소월로,1010013802,숭례문앞교차로,126.9757600351255320_37.5605071695408910,1010011100,숭례문,126.9758644071737450_37.5590694809368770,164.0,21.0,서행,126.9758644071737450_37.5590694809368770|126.9758414948468044_37.5591969276911115|126.9758551619603253_37.5593278985156402|126.9759327469906509_37.5599943665054212|126.9759344158917429_37.5602035603088922|126.9758567349293656_37.5604019178341417|126.9757600351255320_37.5605071695408910
2026-09-04T06:42:24.849833+09:00,명동 관광특구,명동 관광특구,POI003,KEY_4,1010002508,퇴계로,1010038200,회현동1가 194-69,126.9793517057243974_37.5593685443415026,1010011702,회현역7번출구,126.9799749525828076_37.5595619956135778,59.0,23.0,서행,126.9799749525828076_37.5595619956135778|126.9797655565294434_37.5594985542619710|126.9793517057243974_37.5593685443415026
2026-09-04T06:42:24.849833+09:00,명동 관광특구,명동 관광특구,POI003,KEY_4,1010004503,퇴계로,1010058100,충무로2가 111,126.9860157278956194_37.5609895542921493,1010016204,롯데호텔L7(명동),126.9867111612325346_37.5610613083895331,62.0,25.3,원활,126.9867111612325346_37.5610613083895331|126.9862655416711590_37.5610153303082797|126.9860157278956194_37.5609895542921493
2026-09-04T06:42:24.849833+09:00,명동 관광특구,명동 관광특구,POI003,KEY_4,1010004505,퇴계로,1010016201,롯데호텔L7(명동),126.9868467299909440_37.5610743853645488,1010017004,퇴계로2가교차로,126.9889474014538138_37.5613140531310350,189.0,33.0,원활,126.9889474014538138_37.5613140531310350|126.9870814163588051_37.5611494769929379|126.9869907146048007_37.5611414765227138|126.9868467299909440_37.5610743853645488
2026-09-04T06:42:24.849833+09:00,명동 관광특구,명동 관광특구,POI003,KEY_4,1010004603,퇴계로,1010108700,충무로2가 94-2,126.9862829994179521_37.5609081074300093,1010016002,명동역(서울4호선),126.9858383483569071_37.5608622275438933,40.0,30.0,원활,126.9858383483569071_37.5608622275438933|126.9860331859943869_37.5608823314504221|126.9862829994179521_37.5609081074300093
2026-09-04T06:42:24.849833+09:00,명동 관광특구,명동 관광특구,POI003,KEY_4,1010004604,퇴계로,1010016301,명동역1번출구,126.9871113334254318_37.5609345528858967,1010016202,롯데호텔L7(명동),126.9868616879201113_37.5609669231657151,23.0,14.0,정체,126.9868616879201113_37.5609669231657151|126.9870206308065406_37.5609265523693381|126.9871113334254318_37.5609345528858967
2026-09-04T06:42:24.849833+09:00,명동 관광특구,명동 관광특구,POI003,KEY_4,1010004605,퇴계로,1010017003,퇴계로2가교차로,126.9889890744976100_37.5611001658779600,1010016301,명동역1번출구,126.9871113334254318_37.5609345528858967,167.0,16.0,서행,126.9871113334254318_37.5609345528858967|126.9889890744976100_37.5611001658779600
2026-09-04T06:42:24.849833+09:00,명동 관광특구,명동 관광특구,POI003,KEY_4,1010004901,소공로,1010014904,회현사거리,126.9819470670801422_37.5604226300890645,1010016100,신세계백화점(본점),126.9816686271532404_37.5609097208093701,59.0,11.0,정체,126.9816686271532404_37.5609097208093701|126.9819470670801422_37.5604226300890645
2026-09-04T06:42:24.849833+09:00,명동 관광특구,명동 관광특구,POI003,KEY_4,1010004903,소공로,1010016100,신세계백화점(본점),126.9816686271532404_37.5609097208093701,1010017902,한국은행앞교차로,126.9812102323787997_37.5618212267858951,109.0,21.0,서행,126.9812102323787997_37.5618212267858951|126.9814215875591117_37.5613304278622451|126.9815191090982296_37.5611692719051433|126.9815779997364160_37.5610682604307513|126.9816686271532404_37.5609097208093701
2026-09-04T06:42:24.849833+09:00,명동 관광특구,명동 관광특구,POI003,KEY_4,1010005001,소공로,1010016400,포스트타워,126.9817922479335550_37.5609545032611152,1010014901,회현사거리,126.9820623967078177_37.5604819136935362,58.0,27.0,원활,126.9820623967078177_37.5604819136935362|126.9817922479335550_37.5609545032611152
2026-09-04T06:42:24.849833+09:00,명동 관광특구,명동 관광특구,POI003,KEY_4,1010005002,소공로,1010016902,한국은행앞,126.9817016201550075_37.5611130425819510,1010016400,포스트타워,126.9817922479335550_37.5609545032611152,19.0,23.0,서행,126.9817922479335550_37.5609545032611152|126.9817016201550075_37.5611130425819510
2026-09-04T06:42:24.849833+09:00,명동 관광특구,명동 관광특구,POI003,KEY_4,1010005003,소공로,1010017901,한국은행앞교차로,126.9813201261830500_37.5618994475613093,1010016901,한국은행앞,126.9816414699309064_37.5612161949658940,81.0,15.0,서행,126.9816414699309064_37.5612161949658940|126.9815474496638501_37.5613715645860893|126.9813201261830500_37.5618994475613093
2026-09-04T06:42:24.849833+09:00,명동 관광특구,명동 관광특구,POI003,KEY_4,1010005101,남대문로,1010013801,숭례문앞교차로,126.9756943412395600_37.5606249038699929,1010015000,숭례문,126.9764459331227329_37.5606350021971664,67.0,25.0,원활,126.9764459331227329_37.5606350021971664|126.9761770959942169_37.5605854916413975|126.9759176766868478_37.5605967861663927|126.9756943412395600_37.5606249038699929
2026-09-04T06:42:24.849833+09:00,명동 관광특구,명동 관광특구,POI003,KEY_4,1010005102,남대문로,1010123700,남대문로3가 110-4,126.9802395481067094_37.5615376279630198,1010017903,한국은행앞교차로,126.9811556456876929_37.5619216279188848,92.0,20.0,서행,126.9811556456876929_37.5619216279188848|126.9809804652948202_37.5618338688153770|126.9804945418923836_37.5616270684645031|126.9802395481067094_37.5615376279630198
2026-09-04T06:42:24.849833+09:00,명동 관광특구,명동 관광특구,POI003,KEY_4,1010005201,남대문로,1010014800,숭례문,126.9764883666133954_37.5605318420117769,1010013802,숭례문앞교차로,126.9757600351255320_37.5605071695408910,65.0,27.0,원활,126.9757600351255320_37.5605071695408910|126.9759033237710781_37.5604891294319145|126.9761889274862341_37.5604766950548168|126.9764883666133954_37.5605318420117769
2026-09-04T06:42:24.849833+09:00,명동 관광특구,명동 관광특구,POI003,KEY_4,1010005202,남대문로,1010105800,남대문로4가 24-1,126.9773600444245005_37.5608297698874694,1010014800,숭례문,126.9764883666133954_37.5605318420117769,84.0,23.5,서행,126.9764883666133954_37.5605318420117769|126.9773600444245005_37.5608297698874694
2026-09-04T06:42:24.849833+09:00,명동 관광특구,명동 관광특구,POI003,KEY_4,1010007100,남대문로,1010017904,한국은행앞교차로,126.9812429466621211_37.5620183676301806,1010021108,호텔이비스명동,126.9820519451972700_37.5636664770067483,197.0,13.0,정체,126.9820519451972700_37.5636664770067483|126.9819793117574847_37.5634775660291922|126.9817625196920829_37.5629137095619114|126.9816744970428033_37.5627384358941327|126.9813726104749207_37.5622249080098740|126.9812429466621211_37.5620183676301806
2026-09-04T06:42:24.849833+09:00,명동 관광특구,명동 관광특구,POI003,KEY_4,1010007200,남대문로,1010090400,남대문로2가 17-2,126.9821091872959755_37.5634459234669080,1010017901,한국은행앞교차로,126.9813201261830500_37.5618994475613093,186.0,36.5,원활,126.9813201261830500_37.5618994475613093|126.9814948864511877_37.5621778204330639|126.9817991665262582_37.5626954199811465|126.9818907371757462_37.5628777579140802|126.9821091872959755_37.5634459234669080
2026-09-04T06:42:24.849833+09:00,명동 관광특구,명동 관광특구,POI003,KEY_4,1010007304,서소문로,1010019501,한산빌딩,126.9730982772283170_37.5628920335954888,1010020204,중앙일보사,126.9740738637650566_37.5631806396414873,92.0,29.0,원활,126.9740738637650566_37.5631806396414873|126.9737013790137468_37.5630578478489241|126.9732815155571188_37.5629364731473245|126.9732301148138589_37.5629240073069894|126.9730982772283170_37.5628920335954888
2026-09-04T06:42:24.849833+09:00,명동 관광특구,명동 관광특구,POI003,KEY_4,1010007305,서소문로,1010060500,서소문동 42-3,126.9748814331857290_37.5634753132613639,1010021604,시청앞광장,126.9768728564433928_37.5640783561644085,191.0,18.0,서행,126.9768728564433928_37.5640783561644085|126.9766787939362445_37.5640859652900971|126.9765523317762188_37.5640754535460886|126.9763400428201123_37.5640251139761148|126.9749917778751325_37.5635158830683409|126.9748814331857290_37.5634753132613639
2026-09-04T06:42:24.849833+09:00,명동 관광특구,명동 관광특구,POI003,KEY_4,1010007405,서소문로,1010021603,시청앞광장,126.9768324946201261_37.5639716881909536,1010020202,중앙일보사,126.9742502538365869_37.5631241528421853,249.0,13.0,정체,126.9742502538365869_37.5631241528421853|126.9749383845103381_37.5633771573157134|126.9750493665217306_37.5634179614493959|126.9763888286545210_37.5639238670732283|126.9765790012718583_37.5639689628774178|126.9766825277856697_37.5639775680622137|126.9768324946201261_37.5639716881909536
2026-09-04T06:42:24.849833+09:00,명동 관광특구,명동 관광특구,POI003,KEY_4,1010007500,소공로,1010017903,한국은행앞교차로,126.9811556456876929_37.5619216279188848,1010021703,소공로지하상가,126.9793735854893129_37.5639048297059688,271.0,22.5,서행,126.9793735854893129_37.5639048297059688|126.9799260872659801_37.5633234478845921|126.9804607657373765_37.5627352047527836|126.9809958432867205_37.5621465108158432|126.9811556456876929_37.5619216279188848
2026-09-04T06:42:24.849833+09:00,명동 관광특구,명동 관광특구,POI003,KEY_4,1010007600,소공로,1010125600,소공동 44-2,126.9805708038916379_37.5627985840057121,1010017904,한국은행앞교차로,126.9812429466621211_37.5620183676301806,105.0,25.5,원활,126.9812429466621211_37.5620183676301806|126.9811103260703646_37.5622049984614250|126.9805708038916379_37.5627985840057121
2026-09-04T06:42:24.849833+09:00,명동 관광특구,명동 관광특구,POI003,KEY_4,1010008401,세종대로18길,1010021203,우성빌딩,126.9777193951018148_37.5638099385310227,1010021602,시청앞광장,126.9769689889781006_37.5639574810137518,68.0,25.0,원활,126.9769689889781006_37.5639574810137518|126.9777193951018148_37.5638099385310227
2026-09-04T06:42:24.849833+09:00,명동 관광특구,명동 관광특구,POI003,KEY_4,1010008402,세종대로18길,1010073800,소공동 87-15,126.9784945856248157_37.5638009334543241,1010021202,우성빌딩,126.9778443694909242_37.5637825313256783,58.0,12.0,정체,126.9778443694909242_37.5637825313256783|126.9779245419285019_37.5637634021338656|126.9780550037610567_37.5637507097928918|126.9781651142375978_37.5637590779395225|126.9784945856248157_37.5638009334543241
2026-09-04T06:42:24.849833+09:00,명동 관광특구,명동 관광특구,POI003,KEY_4,1010008601,명동길,1010094000,명동2가 81-1,126.9851479805942063_37.5638186401739063,1010021107,호텔이비스명동,126.9821837939177840_37.5636399652824764,264.0,9.0,정체,126.9821837939177840_37.5636399652824764|126.9823326124742522_37.5636143047609394|126.9828833689964966_37.5636071193572647|126.9835225261317078_37.5636288098772013|126.9845070950813550_37.5637152298037265|126.9851479805942063_37.5638186401739063
2026-09-04T06:42:24.849833+09:00,명동 관광특구,명동 관광특구,POI003,KEY_4,1010008602,명동길,1010106400,명동2가 1-17,126.9865203350459382_37.5642465490057234,1010021103,천주교서울대교구역사관,126.9862268629406685_37.5640958827178579,31.0,11.0,정체,126.9862268629406685_37.5640958827178579|126.9865203350459382_37.5642465490057234
2026-09-04T06:42:24.849833+09:00,명동 관광특구,명동 관광특구,POI003,KEY_4,1010009100,남대문로7길,1010021108,호텔이비스명동,126.9820519451972700_37.5636664770067483,1010021702,소공로지하상가,126.9795475428450970_37.5639009918525275,227.0,11.0,정체,126.9795475428450970_37.5639009918525275|126.9796803370022360_37.5638948862261515|126.9806310216740002_37.5639896452279629|126.9820519451972700_37.5636664770067483
2026-09-04T06:42:24.849833+09:00,명동 관광특구,명동 관광특구,POI003,KEY_4,1010009200,남대문로7길,1010021701,소공로지하상가,126.9794402894512473_37.5640142229526717,1010021109,호텔이비스명동,126.9820873216543333_37.5637708767384169,240.0,19.5,서행,126.9820873216543333_37.5637708767384169|126.9806416666700954_37.5640996703370931|126.9796757766825266_37.5640033960331934|126.9794402894512473_37.5640142229526717
2026-09-04T06:42:24.849833+09:00,명동 관광특구,명동 관광특구,POI003,KEY_4,1010009501,소공로,1010021704,소공로지하상가,126.9792789797845671_37.5640057968385435,1010023303,조선호텔,126.9788152991022230_37.5645029149171776,69.0,19.0,서행,126.9788152991022230_37.5645029149171776|126.9792789797845671_37.5640057968385435
2026-09-04T06:42:24.849833+09:00,명동 관광특구,명동 관광특구,POI003,KEY_4,1010009502,소공로,1010023304,조선호텔,126.9787312154575005_37.5645930511843886,1010024703,시청앞광장,126.9784672029423973_37.5649273269454653,44.0,23.0,서행,126.9784672029423973_37.5649273269454653|126.9785328581880179_37.5648259321764542|126.9786099909753290_37.5647229929441977|126.9787312154575005_37.5645930511843886
2026-09-04T06:42:24.849833+09:00,명동 관광특구,명동 관광특구,POI003,KEY_4,1010009601,소공로,1010023302,조선호텔,126.9789243502561220_37.5645673683433330,1010021701,소공로지하상가,126.9794402894512473_37.5640142229526717,76.0,21.0,서행,126.9794402894512473_37.5640142229526717|126.9789243502561220_37.5645673683433330
2026-09-04T06:42:24.849833+09:00,명동 관광특구,명동 관광특구,POI003,KEY_4,1010009602,소공로,1010024701,속성변화점,126.9786056986612977_37.5650244624703831,1010023301,조선호텔,126.9788402605382771_37.5646575116433681,47.0,29.0,원활,126.9788402605382771_37.5646575116433681|126.9787231273203787_37.5647830692895752|126.9786516629586544_37.5648784430538711|126.9786287557715099_37.5649138199071757|126.9786056986612977_37.5650244624703831
2026-09-04T06:42:24.849833+09:00,명동 관광특구,명동 관광특구,POI003,KEY_4,1010009902,세종대로,1010021604,시청앞광장,126.9768728564433928_37.5640783561644085,1010024204,시청앞교차로,126.9770880989032236_37.5648197786229900,85.0,31.0,원활,126.9770880989032236_37.5648197786229900|126.9770591791834136_37.5646629693451288|126.9770001947957212_37.5644354373990907|126.9769219936512883_37.5642088549141349|126.9768728564433928_37.5640783561644085
2026-09-04T06:42:24.849833+09:00,명동 관광특구,명동 관광특구,POI003,KEY_4,1010010000,세종대로,1010024203,시청앞교차로,126.9772135411598413_37.5647555843739269,1010021601,시청앞광장,126.9770081698073909_37.5640611462049279,79.0,37.0,원활,126.9770081698073909_37.5640611462049279|126.9770525488461743_37.5641790078298783|126.9771323290460572_37.5644101639924273|126.9771929938028450_37.5646441761629077|126.9772135411598413_37.5647555843739269
2026-09-04T06:42:24.849833+09:00,명동 관광특구,명동 관광특구,POI003,KEY_4,1010011000,덕수궁길,1010003702,국립현대미술관(덕수궁),126.9734800713954428_37.5653099277390794,1010024205,시청앞교차로,126.9771111379704962_37.5649683842586413,350.0,21.5,서행,126.9771111379704962_37.5649683842586413|126.9769955437966189_37.5648997036250520|126.9769191129801698_37.5648841239987448|126.9762643259252286_37.5649661911538288|126.9761744747147532_37.5649770829893868|126.9759779520215517_37.5650009053778362|126.9758689949813260_37.5650050124235619|126.9752013280298399_37.5649548066137768|126.9751376722967393_37.5649475156969572|126.9743014077374426_37.5648517294047579|126.9740978380537513_37.5648406360021241|126.9740518977143893_37.5648432379020889|126.9740231183313881_37.5648571744892976|126.9736843653272729_37.5652451675209207|126.9735504744861458_37.5653043393530339|126.9734800713954428_37.5653099277390794
2026-09-04T06:42:24.849833+09:00,명동 관광특구,명동 관광특구,POI003,KEY_4,1010011100,소공로,1010024703,시청앞광장,126.9784672029423973_37.5649273269454653,1010024202,시청앞교차로,126.9772712943529740_37.5649019993645936,106.0,13.0,정체,126.9772712943529740_37.5649019993645936|126.9774098801302102_37.5649281244663342|126.9776269810423628_37.5649428736685351|126.9783249021099323_37.5649392241840445|126.9784672029423973_37.5649273269454653
2026-09-04T06:42:24.849833+09:00,명동 관광특구,명동 관광특구,POI003,KEY_4,1010011200,소공로,1010024201,시청앞교차로,126.9772516593585294_37.5650094083765893,1010024704,시청앞광장,126.9784659259494219_37.5650361481380060,108.0,29.0,원활,126.9784659259494219_37.5650361481380060|126.9783324600417700_37.5650473063687187|126.9776216401868254_37.5650510228301613|126.9773883375840597_37.5650351731031407|126.9772516593585294_37.5650094083765893
2026-09-04T06:42:24.849833+09:00,명동 관광특구,명동 관광특구,POI003,KEY_4,1010011301,남대문로,1010021109,호텔이비스명동,126.9820873216543333_37.5637708767384169,1010026000,을지로1가,126.9825267031434635_37.5654759873990756,193.0,37.5,원활,126.9825267031434635_37.5654759873990756|126.9824702954355473_37.5651483984699510|126.9824465623792378_37.5650489393979115|126.9823699220778366_37.5647277579612506|126.9821890475419082_37.5641153221354358|126.9820873216543333_37.5637708767384169
2026-09-04T06:42:24.849833+09:00,명동 관광특구,명동 관광특구,POI003,KEY_4,1010011302,남대문로,1010026000,을지로1가,126.9825267031434635_37.5654759873990756,1010027603,을지로1가사거리,126.9825982666405650_37.5659907242088167,58.0,37.0,원활,126.9825982666405650_37.5659907242088167|126.9825744719930611_37.5657534111520093|126.9825267031434635_37.5654759873990756
2026-09-04T06:42:24.849833+09:00,명동 관광특구,명동 관광특구,POI003,KEY_4,1010011401,남대문로,1010091100,남대문로2가 55,126.9823212661627423_37.5640905784940742,1010021106,호텔이비스명동,126.9822190609451695_37.5637445116022164,39.0,18.0,서행,126.9822190609451695_37.5637445116022164|126.9823212661627423_37.5640905784940742
2026-09-04T06:42:24.849833+09:00,명동 관광특구,명동 관광특구,POI003,KEY_4,1010011402,남대문로,1010027602,을지로1가사거리,126.9827347649793126_37.5659931090943999,1010025900,을지로1가,126.9826612707275899_37.5654613047842005,59.0,10.0,정체,126.9826612707275899_37.5654613047842005|126.9827095622990356_37.5657417604116617|126.9827347649793126_37.5659931090943999
2026-09-04T06:42:24.849833+09:00,명동 관광특구,명동 관광특구,POI003,KEY_4,1010012301,삼일대로,1010023607,을지로2가교차로,126.9875153124106788_37.5653314296015850,1010028303,을지로2가사거리,126.9874738711629050_37.5660973882812215,85.0,19.5,서행,126.9874738711629050_37.5660973882812215|126.9875153124106788_37.5653314296015850
2026-09-04T06:42:24.849833+09:00,명동 관광특구,명동 관광특구,POI003,KEY_4,1010012402,삼일대로,1010028302,을지로2가사거리,126.9876096117672972_37.5661013280257805,1010023606,을지로2가교차로,126.9876510130918916_37.5653360815828705,85.0,10.0,정체,126.9876510130918916_37.5653360815828705|126.9876096117672972_37.5661013280257805
2026-09-04T06:42:24.849833+09:00,명동 관광특구,명동 관광특구,POI003,KEY_4,1010012500,을지로,1010024704,시청앞광장,126.9784659259494219_37.5650361481380060,1010004003,시청앞교차로,126.9789708087737665_37.5659839969886207,114.0,23.0,서행,126.9789708087737665_37.5659839969886207|126.9788675333299039_37.5658318303835728|126.9786502993091943_37.5654208830312371|126.9784659259494219_37.5650361481380060
2026-09-04T06:42:24.849833+09:00,명동 관광특구,명동 관광특구,POI003,KEY_4,1010012600,을지로,1010004002,시청앞교차로,126.9790903112125449_37.5659326054826721,1010024701,속성변화점,126.9786056986612977_37.5650244624703831,110.0,17.0,서행,126.9786056986612977_37.5650244624703831|126.9787763856751894_37.5653806366447611|126.9789901698400030_37.5657850581407118|126.9790903112125449_37.5659326054826721
2026-09-04T06:42:24.849833+09:00,명동 관광특구,명동 관광특구,POI003,KEY_4,1010012901,수표로,1010003202,을지로3가역교차로,126.9897291608209429_37.5658390563948359,1010028603,을지로3가역앞교차로,126.9896894051841514_37.5661745923649022,37.0,6.0,정체,126.9896894051841514_37.5661745923649022|126.9897291608209429_37.5658390563948359
2026-09-04T06:42:24.849833+09:00,명동 관광특구,명동 관광특구,POI003,KEY_4,1010013001,수표로,1010028602,을지로3가역앞교차로,126.9898251326520580_37.5661805237763957,1010003203,중부경찰서앞교차로,126.9900253380623667_37.5648767043805805,146.0,8.0,정체,126.9900253380623667_37.5648767043805805|126.9898963568923449_37.5655793760539467|126.9898643876243369_37.5658492083217084|126.9898251326520580_37.5661805237763957
2026-09-04T06:42:24.849833+09:00,명동 관광특구,명동 관광특구,POI003,KEY_4,1010013800,세종대로,1010004902,강원도민일보(서울본부),126.9771979915670101_37.5670009920858590,1010024201,시청앞교차로,126.9772516593585294_37.5650094083765893,221.0,40.5,원활,126.9772516593585294_37.5650094083765893|126.9772632229602749_37.5651213527824481|126.9772704963173453_37.5652669803863901|126.9772680209366058_37.5654083777349115|126.9772559424266944_37.5656434912380419|126.9771979915670101_37.5670009920858590
2026-09-04T06:42:24.849833+09:00,명동 관광특구,명동 관광특구,POI003,KEY_4,1010013901,을지로,1010004001,시청앞교차로,126.9791355868352127_37.5660429362421766,1010027204,일본국제관광진흥기구서울사무소,126.9796194072220459_37.5660647181267464,43.0,17.0,서행,126.9796194072220459_37.5660647181267464|126.9791355868352127_37.5660429362421766
2026-09-04T06:42:24.849833+09:00,명동 관광특구,명동 관광특구,POI003,KEY_4,1010013902,을지로,1010146100,을지로1가 100-1,126.9815109860232241_37.5660872122773881,1010027900,을지로1가,126.9818910787151509_37.5660912827303974,34.0,32.0,원활,126.9818910787151509_37.5660912827303974|126.9815109860232241_37.5660872122773881
2026-09-04T06:42:24.849833+09:00,명동 관광특구,명동 관광특구,POI003,KEY_4,1010013903,을지로,1010027900,을지로1가,126.9818910787151509_37.5660912827303974,1010027604,을지로1가사거리,126.9826058911915396_37.5660989346886538,63.0,14.0,정체,126.9826058911915396_37.5660989346886538|126.9818910787151509_37.5660912827303974
2026-09-04T06:42:24.849833+09:00,명동 관광특구,명동 관광특구,POI003,KEY_4,1010014001,을지로,1010141800,을지로1가 50-1,126.9805253177826074_37.5659685214828443,1010004002,시청앞교차로,126.9790903112125449_37.5659326054826721,127.0,35.0,원활,126.9790903112125449_37.5659326054826721|126.9796270767268993_37.5659567711099385|126.9797571380910313_37.5659602844908065|126.9805253177826074_37.5659685214828443
2026-09-04T06:42:24.849833+09:00,명동 관광특구,명동 관광특구,POI003,KEY_4,1010014003,을지로,1010027603,을지로1가사거리,126.9825982666405650_37.5659907242088167,1010027100,을지로1가,126.9818929057274914_37.5659831733999496,62.0,9.0,정체,126.9818929057274914_37.5659831733999496|126.9825982666405650_37.5659907242088167
2026-09-04T06:42:24.849833+09:00,명동 관광특구,명동 관광특구,POI003,KEY_4,1010014101,을지로,1010027601,을지로1가사거리,126.9827418668225789_37.5661014686323185,1010028200,을지로1가,126.9835099428304233_37.5661212717317525,68.0,22.0,서행,126.9835099428304233_37.5661212717317525|126.9827418668225789_37.5661014686323185
2026-09-04T06:42:24.849833+09:00,명동 관광특구,명동 관광특구,POI003,KEY_4,1010014102,을지로,1010028200,을지로1가,126.9835099428304233_37.5661212717317525,1010027804,하나은행,126.9843493694020538_37.5661429082344682,74.0,27.0,원활,126.9843493694020538_37.5661429082344682|126.9840974032225063_37.5661364143494865|126.9835099428304233_37.5661212717317525
2026-09-04T06:42:24.849833+09:00,명동 관광특구,명동 관광특구,POI003,KEY_4,1010014103,을지로,1010027801,하나은행,126.9844851596662494_37.5661457541766879,1010028004,을지로2가 41-2,126.9856802427402158_37.5661651885926133,106.0,31.0,원활,126.9856802427402158_37.5661651885926133|126.9844851596662494_37.5661457541766879
2026-09-04T06:42:24.849833+09:00,명동 관광특구,명동 관광특구,POI003,KEY_4,1010014104,을지로,1010028001,을지로2가 41-2,126.9858160807349066_37.5661678499220457,1010028304,을지로2가사거리,126.9874737825745115_37.5662055493903111,147.0,27.0,원활,126.9874737825745115_37.5662055493903111|126.9858160807349066_37.5661678499220457
2026-09-04T06:42:24.849833+09:00,명동 관광특구,명동 관광특구,POI003,KEY_4,1010014201,을지로,1010027400,을지로1가,126.9835143391555619_37.5660132086861509,1010027602,을지로1가사거리,126.9827347649793126_37.5659931090943999,69.0,26.0,원활,126.9827347649793126_37.5659931090943999|126.9835143391555619_37.5660132086861509
2026-09-04T06:42:24.849833+09:00,명동 관광특구,명동 관광특구,POI003,KEY_4,1010014202,을지로,1010142400,을지로2가 9-7,126.9841017988764804_37.5660283512678390,1010027400,을지로1가,126.9835143391555619_37.5660132086861509,52.0,38.0,원활,126.9835143391555619_37.5660132086861509|126.9841017988764804_37.5660283512678390
2026-09-04T06:42:24.849833+09:00,명동 관광특구,명동 관광특구,POI003,KEY_4,1010014204,을지로,1010028303,을지로2가사거리,126.9874738711629050_37.5660973882812215,1010028002,을지로2가 193-2,126.9858818140827310_37.5660611820985721,141.0,22.0,서행,126.9858818140827310_37.5660611820985721|126.9874738711629050_37.5660973882812215
2026-09-04T06:42:24.849833+09:00,명동 관광특구,명동 관광특구,POI003,KEY_4,1010014300,을지로,1010146800,을지로2가 149-10,126.9884088923176222_37.5662377135078387,1010028604,을지로3가역앞교차로,126.9896747555891778_37.5662823014544429,112.0,15.0,서행,126.9896747555891778_37.5662823014544429|126.9884088923176222_37.5662377135078387
2026-09-04T06:42:24.849833+09:00,명동 관광특구,명동 관광특구,POI003,KEY_4,1010014400,을지로,1010028603,을지로3가역앞교차로,126.9896894051841514_37.5661745923649022,1010028302,을지로2가사거리,126.9876096117672972_37.5661013280257805,184.0,33.5,원활,126.9876096117672972_37.5661013280257805|126.9884148977249652_37.5661296999875063|126.9896894051841514_37.5661745923649022
2026-09-04T06:42:24.849833+09:00,명동 관광특구,명동 관광특구,POI003,KEY_4,1010014700,을지로,1010151800,을지로3가 335-1,126.9919946469998706_37.5664006855458155,1010028904,을지로3가사거리,126.9925487818469207_37.5664292389546333,49.0,44.0,원활,126.9925487818469207_37.5664292389546333|126.9919946469998706_37.5664006855458155
2026-09-04T06:42:24.849833+09:00,명동 관광특구,명동 관광특구,POI003,KEY_4,1010014800,을지로,1010145900,을지로3가 335-1,126.9914406363359234_37.5662637900358405,1010028602,을지로3가역앞교차로,126.9898251326520580_37.5661805237763957,143.0,25.5,원활,126.9898251326520580_37.5661805237763957|126.9908895242729585_37.5662353871338581|126.9914406363359234_37.5662637900358405
2026-09-04T06:42:24.849833+09:00,명동 관광특구,명동 관광특구,POI003,KEY_4,1010015400,무교로,1010004802,한국체육박물관,126.9792639816276676_37.5669296274705644,1010004001,시청앞교차로,126.9791355868352127_37.5660429362421766,99.0,18.5,서행,126.9791355868352127_37.5660429362421766|126.9792051056433166_37.5662774283455079|126.9792449697865493_37.5664901136539342|126.9792639816276676_37.5669296274705644
2026-09-04T06:42:24.849833+09:00,명동 관광특구,명동 관광특구,POI003,KEY_4,1010015801,을지로,1010141600,을지로3가 282-8,126.9935397848157663_37.5663732801445960,1010028902,을지로3가사거리,126.9926970990682662_37.5663286365962890,75.0,37.0,원활,126.9926970990682662_37.5663286365962890|126.9934021740241121_37.5663659902566422|126.9935397848157663_37.5663732801445960
2026-09-04T06:42:24.849833+09:00,명동 관광특구,명동 관광특구,POI003,KEY_4,1010016400,세종대로20길,1010152400,태평로1가 31-1,126.9781614739919320_37.5671149535760875,1010004804,한국체육박물관,126.9791327692852860_37.5670432031565085,86.0,13.0,정체,126.9791327692852860_37.5670432031565085|126.9790021637939503_37.5670657791657803|126.9788569191823626_37.5670778321488825|126.9783926986433755_37.5671163538151802|126.9781614739919320_37.5671149535760875
2026-09-04T06:42:24.849833+09:00,명동 관광특구,명동 관광특구,POI003,KEY_4,1010016501,삼일대로,1010028304,을지로2가사거리,126.9874737825745115_37.5662055493903111,1010029803,장교빌딩,126.9875051706000590_37.5667709319350678,63.0,8.0,정체,126.9875051706000590_37.5667709319350678|126.9874737825745115_37.5662055493903111
2026-09-04T06:42:24.849833+09:00,명동 관광특구,명동 관광특구,POI003,KEY_4,1010016601,삼일대로,1010032101,청계2가교차로,126.9877349955711310_37.5679787776906622,1010028301,을지로2가사거리,126.9876099653043724_37.5662095656072808,197.0,14.0,정체,126.9876099653043724_37.5662095656072808|126.9876408664182748_37.5667661585678516|126.9876479046651099_37.5668724557024163|126.9877349955711310_37.5679787776906622
2026-09-04T06:42:24.849833+09:00,명동 관광특구,명동 관광특구,POI003,KEY_4,1010016800,충무로,1010032601,청계3가사거리,126.9924532079404145_37.5682271426007404,1010028901,을지로3가사거리,126.9926843734522208_37.5664363213669432,200.0,15.7,서행,126.9926843734522208_37.5664363213669432|126.9926252903373012_37.5669347201085557|126.9924985400868280_37.5680039058879061|126.9924532079404145_37.5682271426007404
2026-09-04T06:42:24.849833+09:00,명동 관광특구,명동 관광특구,POI003,KEY_4,1010016901,남대문로,1010027604,을지로1가사거리,126.9826058911915396_37.5660989346886538,1010030400,을지로1가,126.9826247367543033_37.5666216435254796,58.0,4.0,정체,126.9826247367543033_37.5666216435254796|126.9826226084675653_37.5665596339693408|126.9826058911915396_37.5660989346886538
2026-09-04T06:42:24.849833+09:00,명동 관광특구,명동 관광특구,POI003,KEY_4,1010016902,남대문로,1010150800,남대문로1가 108-2,126.9826731481714006_37.5680301882648422,1010033402,광교교차로,126.9826972926992426_37.5687326607183465,78.0,34.0,원활,126.9826972926992426_37.5687326607183465|126.9826731481714006_37.5680301882648422
2026-09-04T06:42:24.849833+09:00,명동 관광특구,명동 관광특구,POI003,KEY_4,1010016903,우정국로,1010033402,광교교차로,126.9826972926992426_37.5687326607183465,1010033702,광교사거리,126.9827120922386285_37.5690419071249693,34.0,18.0,서행,126.9827120922386285_37.5690419071249693|126.9826972926992426_37.5687326607183465
2026-09-04T06:42:24.849833+09:00,명동 관광특구,명동 관광특구,POI003,KEY_4,1010017001,남대문로,1010029900,을지로1가,126.9827605148126537_37.5666186901436632,1010027601,을지로1가사거리,126.9827418668225789_37.5661014686323185,57.0,36.7,원활,126.9827418668225789_37.5661014686323185|126.9827583830370514_37.5665565967967936|126.9827605148126537_37.5666186901436632
2026-09-04T06:42:24.849833+09:00,명동 관광특구,명동 관광특구,POI003,KEY_4,1010017002,남대문로,1010140600,남대문로1가 48-6,126.9827925225078928_37.5675524365280396,1010029900,을지로1가,126.9827605148126537_37.5666186901436632,104.0,37.7,원활,126.9827605148126537_37.5666186901436632|126.9827925225078928_37.5675524365280396
2026-09-04T06:42:24.849833+09:00,명동 관광특구,명동 관광특구,POI003,KEY_4,1010017003,우정국로,1010033701,광교사거리,126.9828472617604831_37.5690310653232729,1010033401,광교교차로,126.9828323504512895_37.5687142869809634,35.0,16.0,서행,126.9828323504512895_37.5687142869809634|126.9828472617604831_37.5690310653232729
2026-09-04T06:42:24.849833+09:00,명동 관광특구,명동 관광특구,POI003,KEY_4,1010017601,무교로,1010141400,무교동 44-1,126.9793100041751046_37.5679689583533047,1010004801,한국체육박물관,126.9792685302403470_37.5670397690594271,103.0,13.0,정체,126.9792685302403470_37.5670397690594271|126.9792880141313276_37.5675278005997768|126.9792897236795000_37.5675706209739317|126.9793100041751046_37.5679689583533047
2026-09-04T06:42:24.849833+09:00,명동 관광특구,명동 관광특구,POI003,KEY_4,1010017602,무교로,1010034301,무교동사거리,126.9793440155466442_37.5692674718774171,1010034101,무교동사거리,126.9793610650683036_37.5689718470786644,33.0,16.0,서행,126.9793610650683036_37.5689718470786644|126.9793440155466442_37.5692674718774171
2026-09-04T06:42:24.849833+09:00,명동 관광특구,명동 관광특구,POI003,KEY_4,1010018100,세종대로,1010024205,시청앞교차로,126.9771111379704962_37.5649683842586413,1010036201,청계광장,126.9769724776174371_37.5689758850454254,445.0,26.0,원활,126.9769724776174371_37.5689758850454254|126.9770357842986499_37.5675064469025131|126.9770571241010231_37.5671045176161513|126.9770622406749681_37.5669973200828053|126.9771202099424414_37.5656394465692429|126.9771322330851717_37.5654054151655075|126.9771346338183520_37.5652683750225975|126.9771276194723697_37.5651279335943542|126.9771111379704962_37.5649683842586413
2026-09-04T06:42:24.849833+09:00,명동 관광특구,명동 관광특구,POI003,KEY_4,1010018200,세종대로,1000002000,청계광장,126.9771060680401717_37.5690311929919076,1010004901,강원도민일보(서울본부),126.9771928320576109_37.5671090827981402,213.0,47.0,원활,126.9771928320576109_37.5671090827981402|126.9771715167423451_37.5675105826680635|126.9771060680401717_37.5690311929919076
2026-09-04T06:42:24.849833+09:00,명동 관광특구,명동 관광특구,POI003,KEY_4,1010024400,퇴계로18길,1010052800,충무로2가 110-5,126.9855026693382030_37.5605924515809733,1010016003,명동역(서울4호선),126.9856885936606972_37.5608481430984611,33.0,12.0,정체,126.9856885936606972_37.5608481430984611|126.9856564457096937_37.5607738860330755|126.9855938186398134_37.5606936563534290|126.9855157814734383_37.5606165998628825|126.9855026693382030_37.5605924515809733
2026-09-04T06:42:24.849833+09:00,명동 관광특구,명동 관광특구,POI003,KEY_4,1010026800,남대문로,1010014800,숭례문,126.9764883666133954_37.5605318420117769,1010011100,숭례문,126.9758644071737450_37.5590694809368770,185.0,29.0,원활,126.9758644071737450_37.5590694809368770|126.9758795592592975_37.5591125336731508|126.9758641531054906_37.5591939851637946|126.9759578405099205_37.5599862959824407|126.9759704486266543_37.5601312860724406|126.9760507361714588_37.5602633560949499|126.9761537145355277_37.5603739896225477|126.9763022172343057_37.5604655608040190|126.9764279735615418_37.5605091608890334|126.9764883666133954_37.5605318420117769
2026-09-04T06:42:24.849833+09:00,명동 관광특구,명동 관광특구,POI003,KEY_4,1010028000,퇴계로,1010014100,신세계백화점(본점신관),126.9813345597681007_37.5600996831039851,1010015401,충무로1가52-4,126.9817851871179641_37.5605865324912713,69.0,28.0,원활,126.9817851871179641_37.5605865324912713|126.9817851041901093_37.5605860521239734|126.9817447014208653_37.5604906906837641|126.9817012987769544_37.5604120152254382|126.9816174759299514_37.5603059188314958|126.9813345597681007_37.5600996831039851
2026-09-04T06:42:24.849833+09:00,명동 관광특구,명동 관광특구,POI003,KEY_4,1010028800,남대문로,1010015700,숭례문,126.9758216757282128_37.5609807560682611,1010015000,숭례문,126.9764459331227329_37.5606350021971664,84.0,14.0,정체,126.9764459331227329_37.5606350021971664|126.9763771801474945_37.5606275849701134|126.9762640154305728_37.5606077628684645|126.9761188999622306_37.5606156137238472|126.9760253099623242_37.5606453934247568|126.9759279729758958_37.5606841119779062|126.9758493363337521_37.5607734919220704|126.9758081301075663_37.5608688386806833|126.9758216757282128_37.5609807560682611
2026-09-04T06:42:24.849833+09:00,명동 관광특구,명동 관광특구,POI003,KEY_4,1010029201,남대문시장10길,1010036301,충무로1가52-9,126.9802096866011425_37.5606718594319489,1010011701,회현역7번출구,126.9801048978132769_37.5596035774933412,119.0,21.0,서행,126.9801048978132769_37.5596035774933412|126.9800866593272559_37.5597021179481985|126.9800889154790298_37.5598874597116179|126.9802096866011425_37.5606718594319489
2026-09-04T06:42:24.849833+09:00,명동 관광특구,명동 관광특구,POI003,KEY_4,1010029202,남대문시장길,1010015401,충무로1가52-4,126.9817851871179641_37.5605865324912713,1010036301,충무로1가52-9,126.9802096866011425_37.5606718594319489,140.0,18.0,서행,126.9802096866011425_37.5606718594319489|126.9802497030729995_37.5606741822428134|126.9807707845876763_37.5606494140121825|126.9816883147786086_37.5606057960128439|126.9817851871179641_37.5605865324912713
2026-09-04T06:42:24.849833+09:00,명동 관광특구,명동 관광특구,POI003,KEY_4,1010029900,소공로,1010016400,포스트타워,126.9817922479335550_37.5609545032611152,1010015600,중국관광청,126.9827116249739731_37.5606706950213010,91.0,15.0,서행,126.9827116249739731_37.5606706950213010|126.9823825034924312_37.5606779228201688|126.9822612178897288_37.5606993600976651|126.9821728710918194_37.5607267614215701|126.9820875153085780_37.5607648904012166|126.9817922479335550_37.5609545032611152
2026-09-04T06:42:24.849833+09:00,명동 관광특구,명동 관광특구,POI003,KEY_4,1010030001,남대문시장10길,1010011702,회현역7번출구,126.9799749525828076_37.5595619956135778,1010036302,충무로1가52-9,126.9800884608386724_37.5607732287643117,135.0,5.0,정체,126.9800884608386724_37.5607732287643117|126.9799531801049426_37.5598945825498376|126.9799507471012276_37.5596946869498254|126.9799749525828076_37.5595619956135778
2026-09-04T06:42:24.849833+09:00,명동 관광특구,명동 관광특구,POI003,KEY_4,1010030100,소공로,1010015402,충무로1가52-4,126.9817657794933154_37.5607018336872827,1010016100,신세계백화점(본점),126.9816686271532404_37.5609097208093701,25.0,36.0,원활,126.9816686271532404_37.5609097208093701|126.9817657794933154_37.5607018336872827
2026-09-04T06:42:24.849833+09:00,명동 관광특구,명동 관광특구,POI003,KEY_4,1010031000,소파로,1010015300,명동역10번출구,126.9883062927232231_37.5607909574822685,1010016301,명동역1번출구,126.9871113334254318_37.5609345528858967,113.0,19.0,서행,126.9871113334254318_37.5609345528858967|126.9874447180556274_37.5610079416609750|126.9876354659963766_37.5610121135843684|126.9878175418455442_37.5609892471934259|126.9880115986588294_37.5609473112405254|126.9881625342676870_37.5608977410119067|126.9882463915136555_37.5608481648322652|126.9883062927232231_37.5607909574822685
2026-09-04T06:42:24.849833+09:00,명동 관광특구,명동 관광특구,POI003,KEY_4,1010031200,퇴계로,1010016703,흥국빌딩,126.9904228164697599_37.5610767696574754,1010016202,롯데호텔L7(명동),126.9868616879201113_37.5609669231657151,317.0,49.0,원활,126.9868616879201113_37.5609669231657151|126.9890337974489825_37.5611585006403175|126.9894972258370700_37.5611975631426844|126.9896672965873847_37.5611975781491196|126.9898435176610576_37.5611725033829131|126.9901719518890246_37.5611092577799397|126.9904228164697599_37.5610767696574754
2026-09-04T06:42:24.849833+09:00,명동 관광특구,명동 관광특구,POI003,KEY_4,1010031300,퇴계로,1010016201,롯데호텔L7(명동),126.9868467299909440_37.5610743853645488,1010016704,흥국빌딩,126.9904446250492356_37.5611834858824452,321.0,52.0,원활,126.9904446250492356_37.5611834858824452|126.9901988617116615_37.5612153145444125|126.9898714581575661_37.5612783602882132|126.9896793321666593_37.5613056988122338|126.9894900484891167_37.5613056821144156|126.9890191710092893_37.5612659917982157|126.9868467299909440_37.5610743853645488
2026-09-04T06:42:24.849833+09:00,명동 관광특구,명동 관광특구,POI003,KEY_4,1010031800,퇴계로,1010016204,롯데호텔L7(명동),126.9867111612325346_37.5610613083895331,1010017703,LG패션,126.9866201621199338_37.5617417366360087,76.0,6.0,정체,126.9866201621199338_37.5617417366360087|126.9866697601324717_37.5612053795276566|126.9867111612325346_37.5610613083895331
2026-09-04T06:42:24.849833+09:00,명동 관광특구,명동 관광특구,POI003,KEY_4,1010031900,퇴계로,1010017702,LG패션,126.9867557514096319_37.5617482057480316,1010016201,롯데호텔L7(명동),126.9868467299909440_37.5610743853645488,75.0,4.0,정체,126.9868467299909440_37.5610743853645488|126.9868044552684125_37.5612214954705976|126.9867557514096319_37.5617482057480316
2026-09-04T06:42:24.849833+09:00,명동 관광특구,명동 관광특구,POI003,KEY_4,1010032100,명동8나길,1010016901,한국은행앞,126.9816414699309064_37.5612161949658940,1010017704,LG패션,126.9866156676616384_37.5618497971722718,446.0,6.0,정체,126.9866156676616384_37.5618497971722718|126.9864059219120378_37.5618442687355554|126.9861439853324043_37.5618224161464553|126.9858850471473204_37.5617884341175383|126.9849862833789587_37.5616166058945993|126.9832174106051212_37.5613666087159430|126.9816414699309064_37.5612161949658940
2026-09-04T06:42:24.849833+09:00,명동 관광특구,명동 관광특구,POI003,KEY_4,1010033000,명동8가길,1010017701,LG패션,126.9867440976731388_37.5618559267117149,1010018104,이비스스타일앰배서더서울명동호텔,126.9888712977151073_37.5620017408282791,189.0,13.0,정체,126.9888712977151073_37.5620017408282791|126.9867440976731388_37.5618559267117149
2026-09-04T06:42:24.849833+09:00,명동 관광특구,명동 관광특구,POI003,KEY_4,1010035000,서소문로12길,1010020202,중앙일보사,126.9742502538365869_37.5631241528421853,1010018501,서소문교회,126.9747917025249961_37.5621735699209296,120.0,11.0,정체,126.9747917025249961_37.5621735699209296|126.9747501775862588_37.5625032287475307|126.9746651993805102_37.5625957455904143|126.9745466004009700_37.5626917899282518|126.9744603303331587_37.5627616532963344|126.9742502538365869_37.5631241528421853
2026-09-04T06:42:24.849833+09:00,명동 관광특구,명동 관광특구,POI003,KEY_4,1010037000,남대문로1길,1010023102,서울프라자호텔,126.9781270908112134_37.5644147123986087,1010021201,우성빌딩,126.9778833665384354_37.5638860982800367,62.0,5.0,정체,126.9778833665384354_37.5638860982800367|126.9781270908112134_37.5644147123986087
2026-09-04T06:42:24.849833+09:00,명동 관광특구,명동 관광특구,POI003,KEY_4,1010037100,남대문로1길,1010021204,우성빌딩,126.9777519647640105_37.5639149035560536,1010023103,서울프라자호텔,126.9779917291016176_37.5644349310718795,61.0,12.0,정체,126.9779917291016176_37.5644349310718795|126.9777519647640105_37.5639149035560536
2026-09-04T06:42:24.849833+09:00,명동 관광특구,명동 관광특구,POI003,KEY_4,1010038300,소공로,1010023101,서울프라자호텔,126.9781769454158393_37.5645228411741812,1010023304,조선호텔,126.9787312154575005_37.5645930511843886,50.0,17.0,서행,126.9787312154575005_37.5645930511843886|126.9785957557285769_37.5645517262991930|126.9784554783557979_37.5645322032255891|126.9782121876750836_37.5645228476832003|126.9781769454158393_37.5645228411741812
2026-09-04T06:42:24.849833+09:00,명동 관광특구,명동 관광특구,POI003,KEY_4,1010039000,소공로,1010024202,시청앞교차로,126.9772712943529740_37.5649019993645936,1010023104,서울프라자호텔,126.9780385528240316_37.5645364866542977,82.0,4.0,정체,126.9780385528240316_37.5645364866542977|126.9776055199770184_37.5646501981039478|126.9774312688185773_37.5647230654274864|126.9773645076050741_37.5647713550531037|126.9773054583435652_37.5648401473905977|126.9772712943529740_37.5649019993645936
2026-09-04T06:42:24.849833+09:00,명동 관광특구,명동 관광특구,POI003,KEY_4,1010040900,남대문로,1010026000,을지로1가,126.9825267031434635_37.5654759873990756,1010027100,을지로1가,126.9818929057274914_37.5659831733999496,87.0,20.0,서행,126.9818929057274914_37.5659831733999496|126.9821334557953492_37.5659445131698959|126.9822484752895235_37.5658682458889075|126.9824545566445693_37.5656985434546797|126.9825096793449859_37.5656222669993269|126.9825267031434635_37.5654759873990756
2026-09-04T06:42:24.849833+09:00,명동 관광특구,명동 관광특구,POI003,KEY_4,1010041100,을지로,1010027400,을지로1가,126.9835143391555619_37.5660132086861509,1010025900,을지로1가,126.9826612707275899_37.5654613047842005,97.0,25.7,원활,126.9826612707275899_37.5654613047842005|126.9835143391555619_37.5660132086861509
2026-09-04T06:42:24.849833+09:00,명동 관광특구,명동 관광특구,POI003,KEY_4,1010041900,남대문로,1010029900,을지로1가,126.9827605148126537_37.5666186901436632,1010028200,을지로1가,126.9835099428304233_37.5661212717317525,90.0,27.0,원활,126.9835099428304233_37.5661212717317525|126.9832594466967635_37.5661964164851412|126.9828520929630287_37.5664538185209054|126.9827605148126537_37.5666186901436632
2026-09-04T06:42:24.849833+09:00,명동 관광특구,명동 관광특구,POI003,KEY_4,1010042000,을지로,1010027900,을지로1가,126.9818910787151509_37.5660912827303974,1010030400,을지로1가,126.9826247367543033_37.5666216435254796,91.0,11.0,정체,126.9826247367543033_37.5666216435254796|126.9825310467384298_37.5664575853693634|126.9821477775787884_37.5661676469985011|126.9818910787151509_37.5660912827303974
2026-09-04T06:42:24.849833+09:00,명동 관광특구,명동 관광특구,POI003,KEY_4,1010042200,을지로7길,1010030302,SKT타워,126.9858182898443459_37.5667390226410092,1010028001,을지로2가 41-2,126.9858160807349066_37.5661678499220457,63.0,22.0,서행,126.9858160807349066_37.5661678499220457|126.9858182898443459_37.5667390226410092
2026-09-04T06:42:24.849833+09:00,명동 관광특구,명동 관광특구,POI003,KEY_4,1010042300,을지로7길,1010028004,을지로2가 41-2,126.9856802427402158_37.5661651885926133,1010030303,SKT타워,126.9856824597678440_37.5667386786453577,64.0,8.0,정체,126.9856824597678440_37.5667386786453577|126.9856802427402158_37.5661651885926133
2026-09-04T06:42:24.849833+09:00,명동 관광특구,명동 관광특구,POI003,KEY_4,1010042800,삼일대로13길,1010029803,장교빌딩,126.9875051706000590_37.5667709319350678,1010030302,SKT타워,126.9858182898443459_37.5667390226410092,149.0,10.0,정체,126.9858182898443459_37.5667390226410092|126.9875051706000590_37.5667709319350678
2026-09-04T06:42:24.849833+09:00,명동 관광특구,명동 관광특구,POI003,KEY_4,1010042900,삼일대로13길,1010030301,SKT타워,126.9858190045731732_37.5668471857429154,1010029804,장교빌딩,126.9875123442491969_37.5668792171118326,150.0,7.0,정체,126.9875123442491969_37.5668792171118326|126.9858190045731732_37.5668471857429154
2026-09-04T06:42:24.849833+09:00,명동 관광특구,명동 관광특구,POI003,KEY_4,1010043000,삼일대로13길,1010030303,SKT타워,126.9856824597678440_37.5667386786453577,1010027801,하나은행,126.9844851596662494_37.5661457541766879,172.0,19.0,서행,126.9844851596662494_37.5661457541766879|126.9844746816400374_37.5667114251484762|126.9844971680687848_37.5667440774922028|126.9845213954534273_37.5667545277186505|126.9856824597678440_37.5667386786453577
2026-09-04T06:42:24.849833+09:00,명동 관광특구,명동 관광특구,POI003,KEY_4,1010043100,삼일대로13길,1010027804,하나은행,126.9843493694020538_37.5661429082344682,1010030304,SKT타워,126.9856831683010228_37.5668468043910551,192.0,9.0,정체,126.9856831683010228_37.5668468043910551|126.9844880519270873_37.5668631185760020|126.9843972880018157_37.5668239682550222|126.9843383392972669_37.5667383694429446|126.9843493694020538_37.5661429082344682
2026-09-04T06:42:24.849833+09:00,명동 관광특구,명동 관광특구,POI003,KEY_4,1010044100,수표로,1010153600,수표동 50-1,126.9897340487189723_37.5667939813917044,1010028601,을지로3가역앞교차로,126.9898106847127082_37.5662881250014209,57.0,18.5,서행,126.9898106847127082_37.5662881250014209|126.9897340487189723_37.5667939813917044
2026-09-04T06:42:24.849833+09:00,명동 관광특구,명동 관광특구,POI003,KEY_4,1010044200,을지로1길,1010145400,다동 181-3,126.9798420044631087_37.5673496367689879,1010027201,일본국제관광진흥기구서울사무소,126.9797553080136367_37.5660683946489300,148.0,5.0,정체,126.9797553080136367_37.5660683946489300|126.9797612166699281_37.5664251576809960|126.9798879830738372_37.5665161556076299|126.9799037873308833_37.5668339305475030|126.9798653986595411_37.5669604067092635|126.9798492640081520_37.5673065899852574|126.9798420044631087_37.5673496367689879
2026-09-04T06:42:24.849833+09:00,명동 관광특구,명동 관광특구,POI003,KEY_4,1010044300,을지로1길,1010153100,무교동 13-1,126.9797242605662717_37.5679573139925438,1010033802,호주관광청,126.9797619415674745_37.5689431360811881,110.0,10.0,정체,126.9797619415674745_37.5689431360811881|126.9797294037351634_37.5686965769939718|126.9797278110211920_37.5679701534751942|126.9797242605662717_37.5679573139925438
2026-09-04T06:42:24.849833+09:00,명동 관광특구,명동 관광특구,POI003,KEY_4,1010044600,을지로7길,1010032501,삼일교,126.9859639352789031_37.5681586090325510,1010030301,SKT타워,126.9858190045731732_37.5668471857429154,149.0,19.0,서행,126.9858190045731732_37.5668471857429154|126.9858235105325974_37.5673376933759684|126.9858278780456828_37.5678131240137105|126.9858346126576834_37.5680180175580674|126.9858648768505276_37.5680662145450555|126.9859639352789031_37.5681586090325510
2026-09-04T06:42:24.849833+09:00,명동 관광특구,명동 관광특구,POI003,KEY_4,1010044700,을지로7길,1010152200,장교동 1-6,126.9856876838925643_37.5673384838597215,1010032502,삼일교,126.9858176809112962_37.5681887506945316,98.0,10.0,정체,126.9858176809112962_37.5681887506945316|126.9857507900447189_37.5681263594124744|126.9856996176952180_37.5680448635696038|126.9856920596732408_37.5678149339499825|126.9856876838925643_37.5673384838597215
2026-09-04T06:42:24.849833+09:00,명동 관광특구,명동 관광특구,POI003,KEY_4,1010047100,명동11길,1010021105,천주교서울대교구역사관,126.9860324845534620_37.5641352276249094,1010036702,하나생명본사,126.9858686540308810_37.5653162980890372,138.0,12.0,정체,126.9858686540308810_37.5653162980890372|126.9857432038202205_37.5647413878638972|126.9857571822132911_37.5645643609108220|126.9859747526712113_37.5642572157062204|126.9860324845534620_37.5641352276249094
2026-09-04T06:42:24.849833+09:00,명동 관광특구,명동 관광특구,POI003,KEY_4,1010047300,명동11길,1010028002,을지로2가 193-2,126.9858818140827310_37.5660611820985721,1010036701,하나생명본사,126.9860033855318591_37.5653041509724446,86.0,11.0,정체,126.9860033855318591_37.5653041509724446|126.9860169818394837_37.5654967509146118|126.9859913147029999_37.5658560335710519|126.9859355195914645_37.5660048147195980|126.9858818140827310_37.5660611820985721
2026-09-04T06:42:24.849833+09:00,명동 관광특구,명동 관광특구,POI003,KEY_4,1010047400,명동11길,1010036702,하나생명본사,126.9858686540308810_37.5653162980890372,1010028003,을지로2가 193-2,126.9857147459351268_37.5660576077563917,86.0,10.0,정체,126.9857147459351268_37.5660576077563917|126.9858124129876700_37.5659551010490276|126.9858566107715205_37.5658372461591341|126.9858809461957350_37.5654966103869441|126.9858686540308810_37.5653162980890372
2026-09-04T06:42:24.849833+09:00,이태원 관광특구,이태원 관광특구,POI004,KEY_1,1020009001,녹사평대로,1020018000,용산동4가 19-6,126.9909773297691800_37.5304809634511045,1020017000,용산동4가 19-6,126.9913885945213963_37.5298136745927096,83.0,30.0,원활,126.9913885945213963_37.5298136745927096|126.9912856241119101_37.5300162220987090|126.9910469864938420_37.5303842075015055|126.9909773297691800_37.5304809634511045
2026-09-04T06:42:24.849833+09:00,이태원 관광특구,이태원 관광특구,POI004,KEY_1,1020009002,녹사평대로,1020143500,이태원동 34-126,126.9898090601809457_37.5321081021588725,1020018000,용산동4가 19-6,126.9909773297691800_37.5304809634511045,208.0,30.0,원활,126.9909773297691800_37.5304809634511045|126.9900852768915342_37.5317200300991516|126.9898090601809457_37.5321081021588725
2026-09-04T06:42:24.849833+09:00,이태원 관광특구,이태원 관광특구,POI004,KEY_1,1020009003,녹사평대로,1020003002,녹사평역,126.9881954058624700_37.5340760770369641,1020022201,이태원지하차도(남측),126.9892666169127864_37.5328701969023584,166.0,18.0,서행,126.9892666169127864_37.5328701969023584|126.9891809982103155_37.5330843757700805|126.9890194391820586_37.5332936325271902|126.9888311597391066_37.5334983754604465|126.9887002632124080_37.5336341735904142|126.9885375748190626_37.5337996501651361|126.9882692412401042_37.5340175651299930|126.9881954058624700_37.5340760770369641
2026-09-04T06:42:24.849833+09:00,이태원 관광특구,이태원 관광특구,POI004,KEY_1,1020009500,보광로,1020157400,이태원동 131-33,126.9940373387562431_37.5339474192291860,1020003103,이태원역앞교차로,126.9938722101036319_37.5344410134072106,57.0,23.0,서행,126.9938722101036319_37.5344410134072106|126.9939255349719502_37.5342547060894063|126.9940373387562431_37.5339474192291860
2026-09-04T06:42:24.849833+09:00,이태원 관광특구,이태원 관광특구,POI004,KEY_1,1020009904,대사관로,1020039002,한남2동지하차도(남측),127.0004027609345059_37.5343006442184901,1020025303,이태원호텔앞교차로,126.9987263153591641_37.5351737312984781,177.0,29.0,원활,126.9987263153591641_37.5351737312984781|126.9990954478136729_37.5349816259437503|126.9999396501646345_37.5345673699441988|127.0002191213156379_37.5344286922105042|127.0003672073616201_37.5343360329136502|127.0004027609345059_37.5343006442184901
2026-09-04T06:42:24.849833+09:00,이태원 관광특구,이태원 관광특구,POI004,KEY_1,1020010004,대사관로,1020025302,이태원호텔앞교차로,126.9988280672798311_37.5352499378824618,1020039001,한남2동지하차도(남측),127.0005087773131009_37.5343681869459900,178.0,16.0,서행,127.0005087773131009_37.5343681869459900|127.0004634267225185_37.5344133312418080|127.0002971938895513_37.5345173433158550|127.0000111659778099_37.5346592756479964|126.9991682109557161_37.5350729194805908|126.9988280672798311_37.5352499378824618
2026-09-04T06:42:24.849833+09:00,이태원 관광특구,이태원 관광특구,POI004,KEY_1,1020010701,이태원로,1020109600,이태원동 119-23,126.9934065376017003_37.5345186269656637,1020003104,이태원역앞교차로,126.9938609433052790_37.5345487608536530,40.0,30.0,원활,126.9938609433052790_37.5345487608536530|126.9934065376017003_37.5345186269656637
2026-09-04T06:42:24.849833+09:00,이태원 관광특구,이태원 관광특구,POI004,KEY_1,1020010800,이태원로,1020093600,이태원동 57-6,126.9901670978671575_37.5341952578389240,1020003002,녹사평역,126.9881954058624700_37.5340760770369641,175.0,19.5,서행,126.9881954058624700_37.5340760770369641|126.9888746584762771_37.5341095041848334|126.9895083789417214_37.5341515534771304|126.9899064253265237_37.5341779633098369|126.9901670978671575_37.5341952578389240
2026-09-04T06:42:24.849833+09:00,이태원 관광특구,이태원 관광특구,POI004,KEY_1,1020011101,이태원로,1020167100,이태원동 119-23,126.9944655556111286_37.5345901775849882,1020024204,이태원소방파출소,126.9954968238074144_37.5346610574196760,91.0,4.0,정체,126.9954968238074144_37.5346610574196760|126.9944655556111286_37.5345901775849882
2026-09-04T06:42:24.849833+09:00,이태원 관광특구,이태원 관광특구,POI004,KEY_1,1020011102,이태원로,1020024201,이태원소방파출소,126.9956371857134911_37.5346703540578233,1020025304,이태원호텔앞교차로,126.9986418686788028_37.5352583937875650,280.0,16.0,서행,126.9986418686788028_37.5352583937875650|126.9984212314769110_37.5351188313605419|126.9982335515615830_37.5350249822649857|126.9980583342124731_37.5349517245471205|126.9978393040948390_37.5348749734958176|126.9976622321914590_37.5348302588598415|126.9974202076542866_37.5347917072044979|126.9972001370625776_37.5347636612448596|126.9968571305746536_37.5347459155125946|126.9956371857134911_37.5346703540578233
2026-09-04T06:42:24.849833+09:00,이태원 관광특구,이태원 관광특구,POI004,KEY_1,1020011201,이태원로,1020024203,이태원소방파출소,126.9955363307621354_37.5345552498172168,1020003102,이태원역앞교차로,126.9940088155564695_37.5344502604877519,136.0,16.0,서행,126.9940088155564695_37.5344502604877519|126.9944772309336969_37.5344824577926843|126.9955363307621354_37.5345552498172168
2026-09-04T06:42:24.849833+09:00,이태원 관광특구,이태원 관광특구,POI004,KEY_1,1020011202,이태원로,1020025303,이태원호텔앞교차로,126.9987263153591641_37.5351737312984781,1020024202,이태원소방파출소,126.9956725121214589_37.5345640956228834,285.0,33.0,원활,126.9956725121214589_37.5345640956228834|126.9968667962878328_37.5346380677732867|126.9972152987085821_37.5346560983237794|126.9974442596476365_37.5346852761054279|126.9976961690244082_37.5347254028548534|126.9978873030321580_37.5347736685373405|126.9981173019449585_37.5348542624446893|126.9983013090689639_37.5349311962862444|126.9984997949651415_37.5350304478139734|126.9987263153591641_37.5351737312984781
2026-09-04T06:42:24.849833+09:00,이태원 관광특구,이태원 관광특구,POI004,KEY_1,1020011901,녹사평대로,1020003004,녹사평역,126.9876402873352532_37.5341922458149284,1020024403,녹사평역3번출구,126.9871942320691289_37.5345264082409287,54.0,16.0,서행,126.9871942320691289_37.5345264082409287|126.9874994306240978_37.5342855546436809|126.9876402873352532_37.5341922458149284
2026-09-04T06:42:24.849833+09:00,이태원 관광특구,이태원 관광특구,POI004,KEY_1,1020012001,녹사평대로,1020024402,녹사평역3번출구,126.9874278284808042_37.5346464951910121,1020003001,녹사평역,126.9880612839168776_37.5341860241447520,76.0,20.8,서행,126.9880612839168776_37.5341860241447520|126.9878801594456093_37.5343123819876681|126.9876829423078846_37.5344451664072736|126.9874278284808042_37.5346464951910121
2026-09-04T06:42:24.849833+09:00,이태원 관광특구,이태원 관광특구,POI004,KEY_1,1020013501,이태원로,1020082000,한남동 738-29,127.0004845666072555_37.5369043590949900,1020028203,아마도예술공간,127.0014953826060378_37.5382912457230304,179.0,32.5,원활,127.0014953826060378_37.5382912457230304|127.0014356603659564_37.5381444461041909|127.0014309919154414_37.5381362885281789|127.0013038217596630_37.5379140726661760|127.0011379573928849_37.5376822064471440|127.0007877780447814_37.5372550360047725|127.0004845666072555_37.5369043590949900
2026-09-04T06:42:24.849833+09:00,이태원 관광특구,이태원 관광특구,POI004,KEY_1,1020013601,이태원로,1020045200,한남동 738-29,126.9989169963617854_37.5353238031737177,1020025302,이태원호텔앞교차로,126.9988280672798311_37.5352499378824618,11.0,30.0,원활,126.9988280672798311_37.5352499378824618|126.9989169963617854_37.5353238031737177
2026-09-04T06:42:24.849833+09:00,이태원 관광특구,이태원 관광특구,POI004,KEY_1,1020013602,이태원로,1020059700,한남동 726-494,127.0017834196089126_37.5389040486291208,1020028201,아마도예술공간,127.0016665133178009_37.5383661384416030,61.0,30.0,원활,127.0016665133178009_37.5383661384416030|127.0017224666353144_37.5385209000011812|127.0017610145381610_37.5386958484475741|127.0017800432824231_37.5388655227169679|127.0017834196089126_37.5389040486291208
2026-09-04T06:42:24.849833+09:00,이태원 관광특구,이태원 관광특구,POI004,KEY_1,1020034600,녹사평대로26길,1020018000,용산동4가 19-6,126.9909773297691800_37.5304809634511045,1020018202,찬우물삼거리,126.9913377452865575_37.5305452345433466,46.0,16.0,서행,126.9913377452865575_37.5305452345433466|126.9913156669195189_37.5304568149457580|126.9912955967890156_37.5304265497298886|126.9912791792530129_37.5304108710930961|126.9912378720889734_37.5303937039575430|126.9911893806270911_37.5303879789905181|126.9911408868570533_37.5303922668328198|126.9909773297691800_37.5304809634511045
2026-09-04T06:42:24.849833+09:00,이태원 관광특구,이태원 관광특구,POI004,KEY_1,1020039700,우사단로,1020063400,이태원동 137-23,126.9955993093615803_37.5340288073665604,1020024203,이태원소방파출소,126.9955363307621354_37.5345552498172168,59.0,16.0,서행,126.9955363307621354_37.5345552498172168|126.9955674338379481_37.5344291020757268|126.9956003436716969_37.5340381328912898|126.9955993093615803_37.5340288073665604
2026-09-04T06:42:24.849833+09:00,이태원 관광특구,이태원 관광특구,POI004,KEY_1,1020039800,우사단로,1020127900,이태원동 137-23,126.9956810738919017_37.5335371339901727,1020021401,보광초등학교,126.9956544097363604_37.5331163963296177,47.0,8.0,정체,126.9956544097363604_37.5331163963296177|126.9956431779321804_37.5331593197407258|126.9956452666882569_37.5332142943968208|126.9956810738919017_37.5335371339901727
2026-09-04T06:42:24.849833+09:00,이태원 관광특구,이태원 관광특구,POI004,KEY_1,1020040300,녹사평대로,1020022202,이태원지하차도(남측),126.9891497327059682_37.5328152235285657,1020026002,이태원지하차도,126.9868116742945574_37.5363328242444823,460.0,54.0,원활,126.9868116742945574_37.5363328242444823|126.9868538272333325_37.5357070871561049|126.9868812904903166_37.5354814228777371|126.9869364299821228_37.5352656870731707|126.9870236999042561_37.5350207533350897|126.9871658847246181_37.5347578685569943|126.9872591983395012_37.5345735338936208|126.9874007711287476_37.5344348138735882|126.9876675674987609_37.5342527524634377|126.9879724804863770_37.5340099975053576|126.9882501662422953_37.5337975865582933|126.9884625156009008_37.5336198526182443|126.9886696602970630_37.5333995022459348|126.9888502689490508_37.5332031012114840|126.9891497327059682_37.5328152235285657
2026-09-04T06:42:24.849833+09:00,이태원 관광특구,이태원 관광특구,POI004,KEY_1,1020040400,녹사평대로,1020026001,이태원지하차도,126.9869473083997917_37.5363386126122549,1020022201,이태원지하차도(남측),126.9892666169127864_37.5328701969023584,454.0,59.0,원활,126.9892666169127864_37.5328701969023584|126.9889630490588246_37.5332634563500420|126.9887753964363526_37.5334675162952465|126.9886639536934894_37.5335851889942944|126.9883372603884482_37.5338799692030065|126.9880214583303228_37.5341357308534143|126.9878036642156758_37.5343004565738241|126.9876348774150330_37.5344044902058016|126.9874116350989652_37.5345822214730234|126.9873136131370046_37.5347382886526404|126.9871518976878093_37.5350570479496213|126.9870684496982989_37.5352912611919365|126.9870157481944091_37.5354974629360356|126.9869892495657240_37.5357151985455673|126.9869473083997917_37.5363386126122549
2026-09-04T06:42:24.849833+09:00,이태원 관광특구,이태원 관광특구,POI004,KEY_1,1020041800,이태원로27길,1020091200,이태원동 112-33,126.9941872579211832_37.5354242896055013,1020026204,태국대사관,126.9952756990904561_37.5363269214383237,190.0,21.0,서행,126.9952756990904561_37.5363269214383237|126.9950024930177079_37.5361660973740001|126.9945858125235389_37.5359208138482217|126.9944631524413410_37.5359015925205028|126.9942169223346156_37.5359130027042980|126.9940461223898893_37.5358880581230920|126.9939407102296656_37.5358117362051757|126.9939029380128943_37.5357324209755134|126.9939132882914947_37.5356500538305298|126.9939823977568238_37.5355615331545565|126.9940376114138303_37.5355245435285383|126.9941872579211832_37.5354242896055013
2026-09-04T06:42:24.849833+09:00,이태원 관광특구,이태원 관광특구,POI004,KEY_1,1020041900,이태원로27길,1020091300,이태원동 111-5,126.9942746628349681_37.5355070255918761,1020024201,이태원소방파출소,126.9956371857134911_37.5346703540578233,170.0,18.5,서행,126.9956371857134911_37.5346703540578233|126.9955842562411448_37.5347850178568478|126.9954134054469819_37.5350706997723336|126.9953750142490776_37.5351183002557249|126.9952378837399039_37.5352883250498763|126.9951738511499997_37.5353312605409712|126.9950719982470559_37.5353558347332807|126.9945933761089663_37.5353577392293118|126.9945100556674760_37.5353687933671125|126.9944205701082751_37.5354092765412304|126.9942746628349681_37.5355070255918761
2026-09-04T06:42:24.849833+09:00,이태원 관광특구,이태원 관광특구,POI004,KEY_1,1020044200,이태원로55길,1020117100,한남동 743-28,126.9997391668357380_37.5378586004776338,1020028204,아마도예술공간,127.0015360364709949_37.5383960510061243,179.0,27.0,원활,127.0015360364709949_37.5383960510061243|127.0013368209632745_37.5384168160424778|127.0012499160572617_37.5384184910217868|127.0010329755712064_37.5384226719888048|127.0008219211757847_37.5384105245589978|127.0006153256219363_37.5383529464938235|127.0005500769398310_37.5383219398232413|127.0004569571074597_37.5382776884626210|127.0002827447613072_37.5381667082987036|127.0000496884858734_37.5379811250893098|126.9998107834810668_37.5378752339839465|126.9997391668357380_37.5378586004776338
2026-09-04T06:42:24.849833+09:00,이태원 관광특구,이태원 관광특구,POI004,KEY_1,1020052400,이태원로,1020038902,한남동 686-1,126.9999041836640004_37.5345212747176191,1020025303,이태원호텔앞교차로,126.9987263153591641_37.5351737312984781,128.0,17.0,서행,126.9987263153591641_37.5351737312984781|126.9988754803021465_37.5350315221282500|126.9990590663091723_37.5349359791579857|126.9999041836640004_37.5345212747176191
2026-09-04T06:42:24.849833+09:00,이태원 관광특구,이태원 관광특구,POI004,KEY_1,1020052500,이태원로,1020025302,이태원호텔앞교차로,126.9988280672798311_37.5352499378824618,1020038901,한남동 685-46,127.0000466337410785_37.5347053708413583,124.0,11.0,정체,127.0000466337410785_37.5347053708413583|126.9992045925932302_37.5351185662316666|126.9990240300251401_37.5352125351167487|126.9988280672798311_37.5352499378824618
2026-09-04T06:42:24.849833+09:00,잠실 관광특구,잠실 관광특구,POI005,KEY_2,1230003102,송파대로,1230412500,석촌동 209,127.1044792274671522_37.5081049831544888,1230036703,석촌호수앞교차로,127.1039824947923051_37.5086487529905597,75.0,25.7,원활,127.1039824947923051_37.5086487529905597|127.1044792274671522_37.5081049831544888
2026-09-04T06:42:24.849833+09:00,잠실 관광특구,잠실 관광특구,POI005,KEY_2,1230003300,송파대로,1230036704,석촌호수앞교차로,127.1039028911642674_37.5087367936795530,1230001703,석촌호수앞교차로,127.1017878219228550_37.5111046223331428,323.0,51.0,원활,127.1017878219228550_37.5111046223331428|127.1039028911642674_37.5087367936795530
2026-09-04T06:42:24.849833+09:00,잠실 관광특구,잠실 관광특구,POI005,KEY_2,1230003400,송파대로,1230001702,석촌호수앞교차로,127.1019076941057762_37.5111569141952117,1230036701,석촌호수앞교차로,127.1040028890472797_37.5088113302377195,320.0,27.5,원활,127.1040028890472797_37.5088113302377195|127.1019076941057762_37.5111569141952117
2026-09-04T06:42:24.849833+09:00,잠실 관광특구,잠실 관광특구,POI005,KEY_2,1230003501,송파대로,1230399700,잠실동 41,127.1007560729534731_37.5124412982623454,1230001803,잠실역사거리,127.1001586829554100_37.5132191939759281,101.0,24.0,서행,127.1001586829554100_37.5132191939759281|127.1007560729534731_37.5124412982623454
2026-09-04T06:42:24.849833+09:00,잠실 관광특구,잠실 관광특구,POI005,KEY_2,1230003601,송파대로,1230001802,잠실역사거리,127.1002879409381165_37.5132580710148957,1230001701,석촌호수앞교차로,127.1018323332335598_37.5112469862295228,262.0,10.0,정체,127.1018323332335598_37.5112469862295228|127.1008718568159566_37.5124977195192244|127.1002879409381165_37.5132580710148957
2026-09-04T06:42:24.849833+09:00,잠실 관광특구,잠실 관광특구,POI005,KEY_2,1230003802,송파대로,1230044702,잠실대교남측,127.0981251707990225_37.5159789121879115,1230001801,잠실역사거리,127.1002155326109744_37.5133509522926616,345.0,20.0,서행,127.1002155326109744_37.5133509522926616|127.0985290071868548_37.5154712346922068|127.0981251707990225_37.5159789121879115
2026-09-04T06:42:24.849833+09:00,잠실 관광특구,잠실 관광특구,POI005,KEY_2,1230018100,삼학사로,1230399400,삼전동 152,127.0971851736833997_37.5058146183606098,1230034303,석촌호교차로,127.0972427646003808_37.5065427063586085,81.0,25.0,원활,127.0972427646003808_37.5065427063586085|127.0971851736833997_37.5058146183606098
2026-09-04T06:42:24.849833+09:00,잠실 관광특구,잠실 관광특구,POI005,KEY_2,1230020203,석촌호수로,1230362100,잠실동 45-1,127.0959603598268473_37.5068429608790908,1230034304,석촌호교차로,127.0972501695385262_37.5066515875651163,116.0,24.0,서행,127.0972501695385262_37.5066515875651163|127.0959603598268473_37.5068429608790908
2026-09-04T06:42:24.849833+09:00,잠실 관광특구,잠실 관광특구,POI005,KEY_2,1230020300,석촌호수로,1230425400,최소노드배치점,127.1008735740489470_37.5071235777689509,1230036704,석촌호수앞교차로,127.1039028911642674_37.5087367936795530,323.0,21.3,서행,127.1039028911642674_37.5087367936795530|127.1030871966188158_37.5081804312170775|127.1027814029224459_37.5079972621807372|127.1027257780679207_37.5079698553039691|127.1018874551534168_37.5075568002840285|127.1015021632143061_37.5073921700333557|127.1008735740489470_37.5071235777689509
2026-09-04T06:42:24.849833+09:00,잠실 관광특구,잠실 관광특구,POI005,KEY_2,1230020400,석촌호수로,1230369400,석촌동 191,127.0987703823118125_37.5064112799268017,1230034302,석촌호교차로,127.0973765618586384_37.5065150079019958,125.0,31.0,원활,127.0973765618586384_37.5065150079019958|127.0976452744375536_37.5064483289197952|127.0979269591683192_37.5064090615062042|127.0982641563232818_37.5063794736021237|127.0986308344447906_37.5063986405236136|127.0987703823118125_37.5064112799268017
2026-09-04T06:42:24.849833+09:00,잠실 관광특구,잠실 관광특구,POI005,KEY_2,1230021500,삼학사로,1230418200,잠실동 46,127.0973734398476296_37.5087240119147722,1230007103,서울놀이마당앞교차로,127.0974453047706589_37.5099321530276910,134.0,25.5,원활,127.0974453047706589_37.5099321530276910|127.0973734398476296_37.5087240119147722
2026-09-04T06:42:24.849833+09:00,잠실 관광특구,잠실 관광특구,POI005,KEY_2,1230021600,삼학사로,1230007102,서울놀이마당앞교차로,127.0975809295277941_37.5099279073468779,1230034301,석촌호교차로,127.0973845362845935_37.5066262726573783,367.0,33.0,원활,127.0973845362845935_37.5066262726573783|127.0975090109694889_37.5087188942394008|127.0975809295277941_37.5099279073468779
2026-09-04T06:42:24.849833+09:00,잠실 관광특구,잠실 관광특구,POI005,KEY_2,1230021900,삼전로,1230356200,잠실동 37,127.0922842977067404_37.5094309777277743,1230038603,잠실3삼거리,127.0929733206664025_37.5103028554533822,115.0,19.0,서행,127.0929733206664025_37.5103028554533822|127.0928602894616830_37.5101024415336113|127.0922842977067404_37.5094309777277743
2026-09-04T06:42:24.849833+09:00,잠실 관광특구,잠실 관광특구,POI005,KEY_2,1230023101,잠실로,1230038303,잠실동 43,127.0947217679651260_37.5101178628557932,1230038602,잠실3삼거리,127.0930971257991189_37.5102585455899913,144.0,25.0,원활,127.0930971257991189_37.5102585455899913|127.0947217679651260_37.5101178628557932
2026-09-04T06:42:24.849833+09:00,잠실 관광특구,잠실 관광특구,POI005,KEY_2,1230023102,잠실로,1230007103,서울놀이마당앞교차로,127.0974453047706589_37.5099321530276910,1230038302,잠실동 43,127.0948609890413223_37.5101069748518370,229.0,32.0,원활,127.0948609890413223_37.5101069748518370|127.0962459094918131_37.5100132959391175|127.0974453047706589_37.5099321530276910
2026-09-04T06:42:24.849833+09:00,잠실 관광특구,잠실 관광특구,POI005,KEY_2,1230023201,잠실로,1230038601,잠실3삼거리,127.0931194165767408_37.5103653726765316,1230038304,잠실동 43,127.0947364363945553_37.5102253498387128,144.0,17.0,서행,127.0947364363945553_37.5102253498387128|127.0931194165767408_37.5103653726765316
2026-09-04T06:42:24.849833+09:00,잠실 관광특구,잠실 관광특구,POI005,KEY_2,1230023202,잠실로,1230393400,잠실동 43,127.0962573939644642_37.5101210286650257,1230007104,서울놀이마당앞교차로,127.0974567909531032_37.5100398856026942,106.0,20.0,서행,127.0974567909531032_37.5100398856026942|127.0962573939644642_37.5101210286650257
2026-09-04T06:42:24.849833+09:00,잠실 관광특구,잠실 관광특구,POI005,KEY_2,1230023301,양재대로,1230222600,방이동 217-2,127.1268249994781740_37.5100254368363224,1230040803,올림픽공원앞교차로,127.1279156747526429_37.5117452056324225,214.0,19.0,서행,127.1279156747526429_37.5117452056324225|127.1268249994781740_37.5100254368363224
2026-09-04T06:42:24.849833+09:00,잠실 관광특구,잠실 관광특구,POI005,KEY_2,1230023500,잠실로,1230412400,잠실동 42,127.1004419094974480_37.5105947295189637,1230001704,석촌호수앞교차로,127.1017131193153915_37.5111950333109547,131.0,20.0,서행,127.1017131193153915_37.5111950333109547|127.1004641614348145_37.5106046485269218|127.1004419094974480_37.5105947295189637
2026-09-04T06:42:24.849833+09:00,잠실 관광특구,잠실 관광특구,POI005,KEY_2,1230023600,잠실로,1230001703,석촌호수앞교차로,127.1017878219228550_37.5111046223331428,1230007102,서울놀이마당앞교차로,127.0975809295277941_37.5099279073468779,403.0,12.0,정체,127.0975809295277941_37.5099279073468779|127.0985541482379375_37.5099332768199432|127.0990046849047843_37.5099841635964921|127.0994430355566607_37.5101001528652276|127.0999744578332411_37.5102624598802024|127.1005081875894263_37.5105003764333560|127.1005319432435670_37.5105109657146656|127.1017878219228550_37.5111046223331428
2026-09-04T06:42:24.849833+09:00,잠실 관광특구,잠실 관광특구,POI005,KEY_2,1230023701,석촌호수로,1230036701,석촌호수앞교차로,127.1040028890472797_37.5088113302377195,1230038204,수림빌딩,127.1051505452613100_37.5097264956549949,144.0,12.0,정체,127.1051505452613100_37.5097264956549949|127.1048424116308126_37.5094807866672255|127.1040028890472797_37.5088113302377195
2026-09-04T06:42:24.849833+09:00,잠실 관광특구,잠실 관광특구,POI005,KEY_2,1230023702,석촌호수로,1230038201,수림빌딩,127.1052475076223942_37.5098032820847891,1230039704,신천동 33,127.1069053310213803_37.5111077200237375,206.0,27.0,원활,127.1069053310213803_37.5111077200237375|127.1060795391087055_37.5104579644505165|127.1052475076223942_37.5098032820847891
2026-09-04T06:42:24.849833+09:00,잠실 관광특구,잠실 관광특구,POI005,KEY_2,1230023703,석촌호수로,1230039701,신천동 33,127.1070065907386635_37.5111861357687459,1230041504,방이삼거리,127.1080898185277164_37.5120029659807344,132.0,20.0,서행,127.1080898185277164_37.5120029659807344|127.1079331088216122_37.5118964724360211|127.1070065907386635_37.5111861357687459
2026-09-04T06:42:24.849833+09:00,잠실 관광특구,잠실 관광특구,POI005,KEY_2,1230023801,석촌호수로,1230383600,송파동 60,127.1049384312716057_37.5094043721425194,1230036702,석촌호수앞교차로,127.1040831324389728_37.5087223370806129,107.0,21.0,서행,127.1040831324389728_37.5087223370806129|127.1049384312716057_37.5094043721425194
2026-09-04T06:42:24.849833+09:00,잠실 관광특구,잠실 관광특구,POI005,KEY_2,1230023802,석촌호수로,1230380500,송파동 61,127.1061749184303977_37.5103810412995244,1230038202,수림빌딩,127.1053428869681454_37.5097263595970531,103.0,29.0,원활,127.1053428869681454_37.5097263595970531|127.1061749184303977_37.5103810412995244
2026-09-04T06:42:24.849833+09:00,잠실 관광특구,잠실 관광특구,POI005,KEY_2,1230023803,석촌호수로,1230041503,방이삼거리,127.1081921675338720_37.5119304002947942,1230039702,송파동 62,127.1071007108080408_37.5111082344274962,133.0,16.0,서행,127.1071007108080408_37.5111082344274962|127.1080242959557012_37.5118163213665241|127.1081921675338720_37.5119304002947942
2026-09-04T06:42:24.849833+09:00,잠실 관광특구,잠실 관광특구,POI005,KEY_2,1230023904,위례성대로,1230038803,오금초교,127.1315805616083452_37.5102624702576577,1230040802,올림픽공원앞교차로,127.1280368042940410_37.5116964262882320,351.0,27.0,원활,127.1280368042940410_37.5116964262882320|127.1315805616083452_37.5102624702576577
2026-09-04T06:42:24.849833+09:00,잠실 관광특구,잠실 관광특구,POI005,KEY_2,1230024003,위례성대로,1230040801,올림픽공원앞교차로,127.1280993215722361_37.5117923995774305,1230038804,오금초교,127.1316420322552858_37.5103588665718206,351.0,15.0,서행,127.1316420322552858_37.5103588665718206|127.1280993215722361_37.5117923995774305
2026-09-04T06:42:24.849833+09:00,잠실 관광특구,잠실 관광특구,POI005,KEY_2,1230024100,잠실로,1230038604,잠실3삼거리,127.0929839814057658_37.5103582875929717,1230041303,잠실3사거리,127.0924958334099557_37.5118489046082644,171.0,18.0,서행,127.0924958334099557_37.5118489046082644|127.0929749045914718_37.5104683915562376|127.0929839814057658_37.5103582875929717
2026-09-04T06:42:24.849833+09:00,잠실 관광특구,잠실 관광특구,POI005,KEY_2,1230024200,잠실로,1230041302,잠실3사거리,127.0926320843072830_37.5118620680798003,1230038601,잠실3삼거리,127.0931194165767408_37.5103653726765316,172.0,16.0,서행,127.0931194165767408_37.5103653726765316|127.0931094286359553_37.5104865264241667|127.0926320843072830_37.5118620680798003
2026-09-04T06:42:24.849833+09:00,잠실 관광특구,잠실 관광특구,POI005,KEY_2,1230024302,오금로,1230384900,송파동 62,127.1086886760872829_37.5117147904571766,1230041503,방이삼거리,127.1081921675338720_37.5119304002947942,50.0,15.0,서행,127.1081921675338720_37.5119304002947942|127.1083902263657990_37.5118348937114661|127.1086886760872829_37.5117147904571766
2026-09-04T06:42:24.849833+09:00,잠실 관광특구,잠실 관광특구,POI005,KEY_2,1230024703,가락로,1230042404,에뜨왈리코리아,127.1197334005263002_37.5127417204113840,1230008303,방이초교앞교차로,127.1208213191434737_37.5145580278620869,223.0,11.3,정체,127.1208213191434737_37.5145580278620869|127.1197334005263002_37.5127417204113840
2026-09-04T06:42:24.849833+09:00,잠실 관광특구,잠실 관광특구,POI005,KEY_2,1230024803,가락로,1230008302,방이초교앞교차로,127.1209450232393436_37.5145134722125775,1230042401,에뜨왈리코리아,127.1198552228544401_37.5126940280713512,224.0,21.0,서행,127.1198552228544401_37.5126940280713512|127.1209450232393436_37.5145134722125775
2026-09-04T06:42:24.849833+09:00,잠실 관광특구,잠실 관광특구,POI005,KEY_2,1230024900,올림픽로,1230358200,최소노드배치점,127.0890986901108874_37.5116423850120313,1230041304,잠실3사거리,127.0924582513479919_37.5119541794962004,299.0,31.5,원활,127.0924582513479919_37.5119541794962004|127.0894865754439849_37.5116660118753273|127.0890986901108874_37.5116423850120313
2026-09-04T06:42:24.849833+09:00,잠실 관광특구,잠실 관광특구,POI005,KEY_2,1230025502,위례성대로12길,1230384600,방이동 75-1,127.1226867891286361_37.5132366843652107,1230008203,올림픽공원남2문,127.1230115468975583_37.5137580552017056,65.0,23.0,서행,127.1230115468975583_37.5137580552017056|127.1226867891286361_37.5132366843652107
2026-09-04T06:42:24.849833+09:00,잠실 관광특구,잠실 관광특구,POI005,KEY_2,1230025602,위례성대로12길,1230008202,올림픽공원남2문,127.1231332582007383_37.5137101955394456,1230041001,제이에스빌딩,127.1219838454871649_37.5118648795729470,229.0,21.0,서행,127.1219838454871649_37.5118648795729470|127.1228083768162378_37.5131886276024815|127.1231332582007383_37.5137101955394456
2026-09-04T06:42:24.849833+09:00,잠실 관광특구,잠실 관광특구,POI005,KEY_2,1230025702,올림픽로,1230422700,최소노드배치점,127.0963985029439982_37.5124235494134552,1230001804,잠실역사거리,127.1000841139758677_37.5133141607708396,341.0,26.0,원활,127.1000841139758677_37.5133141607708396|127.0963985029439982_37.5124235494134552
2026-09-04T06:42:24.849833+09:00,잠실 관광특구,잠실 관광특구,POI005,KEY_2,1230025801,올림픽로,1230041703,잠실동 39,127.0946882254534103_37.5120601573260686,1230041302,잠실3사거리,127.0926320843072830_37.5118620680798003,183.0,36.0,원활,127.0926320843072830_37.5118620680798003|127.0946882254534103_37.5120601573260686
2026-09-04T06:42:24.849833+09:00,잠실 관광특구,잠실 관광특구,POI005,KEY_2,1230025802,올림픽로,1230001803,잠실역사거리,127.1001586829554100_37.5132191939759281,1230041702,잠실동 39,127.0948236216370191_37.5120740018570373,489.0,21.7,서행,127.0948236216370191_37.5120740018570373|127.0956739088233007_37.5121671905185963|127.0962807923011582_37.5122821169021705|127.0964379064208174_37.5123200858476054|127.1001586829554100_37.5132191939759281
2026-09-04T06:42:24.849833+09:00,잠실 관광특구,잠실 관광특구,POI005,KEY_2,1230026102,위례성대로,1230040803,올림픽공원앞교차로,127.1279156747526429_37.5117452056324225,1230042502,방이동 181-7,127.1254911970844859_37.5127168656425241,240.0,24.0,서행,127.1254911970844859_37.5127168656425241|127.1279156747526429_37.5117452056324225
2026-09-04T06:42:24.849833+09:00,잠실 관광특구,잠실 관광특구,POI005,KEY_2,1230026103,위례성대로,1230042503,방이동 181-7,127.1253705911887266_37.5127664663946732,1230008202,올림픽공원남2문,127.1231332582007383_37.5137101955394456,224.0,24.0,서행,127.1231332582007383_37.5137101955394456|127.1253705911887266_37.5127664663946732
2026-09-04T06:42:24.849833+09:00,잠실 관광특구,잠실 관광특구,POI005,KEY_2,1230026202,위례성대로,1230008201,올림픽공원남2문,127.1231967749277914_37.5138057465937962,1230040804,올림픽공원앞교차로,127.1279781659139445_37.5118411937980127,476.0,40.0,원활,127.1279781659139445_37.5118411937980127|127.1255521973024827_37.5128134512352105|127.1254341104055641_37.5128620169255242|127.1231967749277914_37.5138057465937962
2026-09-04T06:42:24.849833+09:00,잠실 관광특구,잠실 관광특구,POI005,KEY_2,1230026301,오금로,1230041504,방이삼거리,127.1080898185277164_37.5120029659807344,1230043203,잠실전화국,127.1073625915452112_37.5136826385122433,198.0,16.0,서행,127.1073625915452112_37.5136826385122433|127.1076552451824142_37.5129653281818420|127.1080218934859403_37.5120666323530259|127.1080898185277164_37.5120029659807344
2026-09-04T06:42:24.849833+09:00,잠실 관광특구,잠실 관광특구,POI005,KEY_2,1230026400,오금로,1230362200,방이동 95-3,127.1077843306107411_37.5129987458803527,1230041501,방이삼거리,127.1081930791064138_37.5120731373911980,109.0,21.0,서행,127.1081930791064138_37.5120731373911980|127.1081426875516627_37.5121203703189892|127.1077843306107411_37.5129987458803527
2026-09-04T06:42:24.849833+09:00,잠실 관광특구,잠실 관광특구,POI005,KEY_2,1230026702,백제고분로,1230397100,방이동 94-4,127.1155243442379685_37.5158080782483836,1230045403,올림픽공원남4문앞교차로,127.1158353619488821_37.5163285598069436,64.0,21.0,서행,127.1158353619488821_37.5163285598069436|127.1155243442379685_37.5158080782483836
2026-09-04T06:42:24.849833+09:00,잠실 관광특구,잠실 관광특구,POI005,KEY_2,1230026802,백제고분로,1230045402,올림픽공원남4문앞교차로,127.1159592191718559_37.5162842594980717,1230043901,방이중,127.1149670532686144_37.5146238680820474,204.0,26.0,원활,127.1149670532686144_37.5146238680820474|127.1156469051217641_37.5157616102810749|127.1159592191718559_37.5162842594980717
2026-09-04T06:42:24.849833+09:00,잠실 관광특구,잠실 관광특구,POI005,KEY_2,1230027100,위례성대로,1230008203,올림픽공원남2문,127.1230115468975583_37.5137580552017056,1230008302,방이초교앞교차로,127.1209450232393436_37.5145134722125775,201.0,40.0,원활,127.1209450232393436_37.5145134722125775|127.1230115468975583_37.5137580552017056
2026-09-04T06:42:24.849833+09:00,잠실 관광특구,잠실 관광특구,POI005,KEY_2,1230027200,위례성대로,1230424900,최소노드배치점,127.1195466393614311_37.5151289900827436,1230008204,올림픽공원남2문,127.1230681603091739_37.5138563218870544,342.0,34.0,원활,127.1230681603091739_37.5138563218870544|127.1210016343324725_37.5146117395583261|127.1208765811574466_37.5146567818947432|127.1195466393614311_37.5151289900827436
2026-09-04T06:42:24.849833+09:00,잠실 관광특구,잠실 관광특구,POI005,KEY_2,1230027302,올림픽로,1230001801,잠실역사거리,127.1002155326109744_37.5133509522926616,1230043404,신천동 8,127.1021667132219335_37.5140202279747825,188.0,11.0,정체,127.1021667132219335_37.5140202279747825|127.1002155326109744_37.5133509522926616
2026-09-04T06:42:24.849833+09:00,잠실 관광특구,잠실 관광특구,POI005,KEY_2,1230027303,올림픽로,1230043401,신천동 8,127.1022912026975433_37.5140633484028712,1230043804,잠실역(서울8호선),127.1031193148053262_37.5143528991889355,80.0,47.3,원활,127.1031193148053262_37.5143528991889355|127.1022912026975433_37.5140633484028712
2026-09-04T06:42:24.849833+09:00,잠실 관광특구,잠실 관광특구,POI005,KEY_2,1230027304,올림픽로,1230043801,잠실역(서울8호선),127.1032441614670745_37.5143953515620083,1230044104,송파구청앞교차로,127.1065954149593580_37.5155037548529151,321.0,47.5,원활,127.1065954149593580_37.5155037548529151|127.1032441614670745_37.5143953515620083
2026-09-04T06:42:24.849833+09:00,잠실 관광특구,잠실 관광특구,POI005,KEY_2,1230027402,올림픽로,1230425600,최소노드배치점,127.1034569107816310_37.5143486498193468,1230001802,잠실역사거리,127.1002879409381165_37.5132580710148957,305.0,43.0,원활,127.1002879409381165_37.5132580710148957|127.1022203942543456_37.5139209223143766|127.1023457587723016_37.5139643456983833|127.1031738699951745_37.5142538961081584|127.1032962137368543_37.5142954974985372|127.1034569107816310_37.5143486498193468
2026-09-04T06:42:24.849833+09:00,잠실 관광특구,잠실 관광특구,POI005,KEY_2,1230027600,잠실로,1230354600,잠실동 26-1,127.0923490777133509_37.5126418063312386,1230041301,잠실3사거리,127.0925947702226182_37.5119673808282528,78.0,22.0,서행,127.0925947702226182_37.5119673808282528|127.0923490777133509_37.5126418063312386
2026-09-04T06:42:24.849833+09:00,잠실 관광특구,잠실 관광특구,POI005,KEY_2,1230027901,오금로,1230043204,잠실전화국,127.1073301047804875_37.5137619968566653,1230043703,KT송파빌딩,127.1072008780327849_37.5140753242066154,37.0,7.0,정체,127.1072008780327849_37.5140753242066154|127.1073301047804875_37.5137619968566653
2026-09-04T06:42:24.849833+09:00,잠실 관광특구,잠실 관광특구,POI005,KEY_2,1230027902,오금로,1230043704,KT송파빌딩,127.1071582673112630_37.5141777969497454,1230044103,송파구청앞교차로,127.1066451578842873_37.5154031368063627,143.0,16.0,서행,127.1066451578842873_37.5154031368063627|127.1071582673112630_37.5141777969497454
2026-09-04T06:42:24.849833+09:00,잠실 관광특구,잠실 관광특구,POI005,KEY_2,1230028001,오금로,1230043702,KT송파빌딩,127.1073298305418575_37.5141090707700258,1230043201,잠실전화국,127.1074590560679241_37.5137957428479041,37.0,21.0,서행,127.1074590560679241_37.5137957428479041|127.1073298305418575_37.5141090707700258
2026-09-04T06:42:24.849833+09:00,잠실 관광특구,잠실 관광특구,POI005,KEY_2,1230028002,오금로,1230044102,송파구청앞교차로,127.1067706331513705_37.5154451950086951,1230043701,KT송파빌딩,127.1072870264943191_37.5142120080203938,144.0,11.0,정체,127.1072870264943191_37.5142120080203938|127.1067706331513705_37.5154451950086951
2026-09-04T06:42:24.849833+09:00,잠실 관광특구,잠실 관광특구,POI005,KEY_2,1230028100,위례성대로,1230008303,방이초교앞교차로,127.1208213191434737_37.5145580278620869,1230045402,올림픽공원남4문앞교차로,127.1159592191718559_37.5162842594980717,471.0,44.0,원활,127.1159592191718559_37.5162842594980717|127.1194913787483216_37.5150302354333220|127.1208213191434737_37.5145580278620869
2026-09-04T06:42:24.849833+09:00,잠실 관광특구,잠실 관광특구,POI005,KEY_2,1230028301,올림픽로,1230044101,송파구청앞교차로,127.1067205760415391_37.5155457351922763,1230044902,잠실진주아파트앞교차로,127.1087256571209707_37.5162283031640200,193.0,26.0,원활,127.1087256571209707_37.5162283031640200|127.1067205760415391_37.5155457351922763
2026-09-04T06:42:24.849833+09:00,잠실 관광특구,잠실 관광특구,POI005,KEY_2,1230028401,올림픽로,1230421300,최소노드배치점,127.1097120122696964_37.5164468577884307,1230044102,송파구청앞교차로,127.1067706331513705_37.5154451950086951,283.0,17.0,서행,127.1067706331513705_37.5154451950086951|127.1088293438040182_37.5161460190462677|127.1097120122696964_37.5164468577884307
2026-09-04T06:42:24.849833+09:00,잠실 관광특구,잠실 관광특구,POI005,KEY_2,1230028702,양재대로,1230040804,올림픽공원앞교차로,127.1279781659139445_37.5118411937980127,1230043503,방이동 89-28,127.1293137788365044_37.5138391508336753,251.0,33.0,원활,127.1293137788365044_37.5138391508336753|127.1279781659139445_37.5118411937980127
2026-09-04T06:42:24.849833+09:00,잠실 관광특구,잠실 관광특구,POI005,KEY_2,1230028703,양재대로,1230043504,방이동 89-28,127.1293758864878356_37.5139336243623376,1230044603,올림픽공원동문교차로,127.1305797082937374_37.5157953632322290,232.0,33.0,원활,127.1305797082937374_37.5157953632322290|127.1293758864878356_37.5139336243623376
2026-09-04T06:42:24.849833+09:00,잠실 관광특구,잠실 관광특구,POI005,KEY_2,1230028704,양재대로,1230044604,올림픽공원동문교차로,127.1306432453781667_37.5158930503733714,1230047803,오륜교,127.1316412754749763_37.5174145740411831,191.0,32.5,원활,127.1316412754749763_37.5174145740411831|127.1306432453781667_37.5158930503733714
2026-09-04T06:42:24.849833+09:00,잠실 관광특구,잠실 관광특구,POI005,KEY_2,1230028802,양재대로,1230043502,방이동 89-28,127.1294335833399884_37.5137883314546841,1230040801,올림픽공원앞교차로,127.1280993215722361_37.5117923995774305,251.0,21.0,서행,127.1280993215722361_37.5117923995774305|127.1294335833399884_37.5137883314546841
2026-09-04T06:42:24.849833+09:00,잠실 관광특구,잠실 관광특구,POI005,KEY_2,1230028803,양재대로,1230044602,올림픽공원동문교차로,127.1307066675273347_37.5157555807827805,1230043501,방이동 89-28,127.1294965542968640_37.5138841169906101,234.0,25.0,원활,127.1294965542968640_37.5138841169906101|127.1307066675273347_37.5157555807827805
2026-09-04T06:42:24.849833+09:00,잠실 관광특구,잠실 관광특구,POI005,KEY_2,1230028804,양재대로,1230047802,오륜교,127.1317615823722491_37.5173645046840889,1230044601,올림픽공원동문교차로,127.1307691739442731_37.5158515552836462,189.0,21.0,서행,127.1307691739442731_37.5158515552836462|127.1317615823722491_37.5173645046840889
2026-09-04T06:42:24.849833+09:00,잠실 관광특구,잠실 관광특구,POI005,KEY_2,1230029101,올림픽로,1230044901,잠실진주아파트앞교차로,127.1088533723906977_37.5162718111141373,1230047903,올림픽공원앞교차로,127.1125664517782781_37.5175764714066560,359.0,26.0,원활,127.1125664517782781_37.5175764714066560|127.1121927794052340_37.5174099266855308|127.1096586157180326_37.5165462608805385|127.1088533723906977_37.5162718111141373
2026-09-04T06:42:24.849833+09:00,잠실 관광특구,잠실 관광특구,POI005,KEY_2,1230029300,위례성대로,1230045403,올림픽공원남4문앞교차로,127.1158353619488821_37.5163285598069436,1230047902,올림픽공원앞교차로,127.1126327333255119_37.5174821175529445,311.0,26.0,원활,127.1126327333255119_37.5174821175529445|127.1158353619488821_37.5163285598069436
2026-09-04T06:42:24.849833+09:00,잠실 관광특구,잠실 관광특구,POI005,KEY_2,1230029401,위례성대로,1230047901,올림픽공원앞교차로,127.1127294559663170_37.5175659412636975,1230045404,올림픽공원남4문앞교차로,127.1158912913085715_37.5164270745673178,307.0,29.0,원활,127.1158912913085715_37.5164270745673178|127.1127294559663170_37.5175659412636975
2026-09-04T06:42:24.849833+09:00,잠실 관광특구,잠실 관광특구,POI005,KEY_2,1230029800,오금로,1230009202,잠실나루역사거리,127.1050458803196079_37.5186165757193919,1230044101,송파구청앞교차로,127.1067205760415391_37.5155457351922763,372.0,20.0,서행,127.1067205760415391_37.5155457351922763|127.1063870230920116_37.5161245657841746|127.1060062563923623_37.5167853165615099|127.1057041776155785_37.5173095096861147|127.1054650209393913_37.5177245091905434|127.1053636836204817_37.5179234011036442|127.1051267515503156_37.5183884165572152|127.1050458803196079_37.5186165757193919
2026-09-04T06:42:24.849833+09:00,잠실 관광특구,잠실 관광특구,POI005,KEY_2,1230030200,올림픽로33길,1230044902,잠실진주아파트앞교차로,127.1087256571209707_37.5162283031640200,1230009303,파크리오아파트,127.1080198937217318_37.5191489075320419,330.0,14.0,정체,127.1080198937217318_37.5191489075320419|127.1087256571209707_37.5162283031640200
2026-09-04T06:42:24.849833+09:00,잠실 관광특구,잠실 관광특구,POI005,KEY_2,1230030300,올림픽로33길,1230009302,파크리오아파트,127.1081532489597805_37.5191690964758351,1230044901,잠실진주아파트앞교차로,127.1088533723906977_37.5162718111141373,327.0,17.0,서행,127.1088533723906977_37.5162718111141373|127.1081532489597805_37.5191690964758351
2026-09-04T06:42:24.849833+09:00,잠실 관광특구,잠실 관광특구,POI005,KEY_2,1230030701,올림픽로,1230047904,올림픽공원앞교차로,127.1126156383089949_37.5176248562335459,1230050103,올림픽회관앞교차로,127.1141234836901077_37.5200172918018566,297.0,23.0,서행,127.1141234836901077_37.5200172918018566|127.1130967077667009_37.5183006809000261|127.1127808418886076_37.5178273473246833|127.1126156383089949_37.5176248562335459
2026-09-04T06:42:24.849833+09:00,잠실 관광특구,잠실 관광특구,POI005,KEY_2,1230030802,올림픽로,1230050102,올림픽회관앞교차로,127.1142460290998173_37.5199707880909941,1230047901,올림픽공원앞교차로,127.1127294559663170_37.5175659412636975,299.0,27.0,원활,127.1127294559663170_37.5175659412636975|127.1128979059259194_37.5177724112602746|127.1132179682735881_37.5182520322072364|127.1142460290998173_37.5199707880909941
2026-09-04T06:42:24.849833+09:00,잠실 관광특구,잠실 관광특구,POI005,KEY_2,1230031300,올림픽로35길,1230380000,신천동 20-3,127.1120965855774898_37.5198794214376790,1230050104,올림픽회관앞교차로,127.1141869164074905_37.5201219523906175,187.0,12.0,정체,127.1141869164074905_37.5201219523906175|127.1139207414424419_37.5201377237057514|127.1137172639646593_37.5201260770116463|127.1129232291908551_37.5200052336238770|127.1120965855774898_37.5198794214376790
2026-09-04T06:42:24.849833+09:00,잠실 관광특구,잠실 관광특구,POI005,KEY_2,1230032100,올림픽로,1230400900,신천동 26,127.1145514766661790_37.5207067945448216,1230052003,성내교(남측),127.1155399981984147_37.5222925683271740,197.0,24.0,서행,127.1155399981984147_37.5222925683271740|127.1145514766661790_37.5207067945448216
2026-09-04T06:42:24.849833+09:00,잠실 관광특구,잠실 관광특구,POI005,KEY_2,1230032200,올림픽로,1230052001,성내교(남측),127.1156967807111187_37.5223009606581428,1230050101,올림픽회관앞교차로,127.1143085002419610_37.5200738709822801,276.0,48.3,원활,127.1143085002419610_37.5200738709822801|127.1146730610900732_37.5206587128019535|127.1156615842423037_37.5222444857121431|127.1156967807111187_37.5223009606581428
2026-09-04T06:42:24.849833+09:00,잠실 관광특구,잠실 관광특구,POI005,KEY_2,1230032404,강동대로,1230052403,서울체고앞,127.1309465905180929_37.5226422457426523,1230052602,올림픽공원북2문,127.1286484144718969_37.5236389836207067,231.0,15.0,서행,127.1286484144718969_37.5236389836207067|127.1309465905180929_37.5226422457426523
2026-09-04T06:42:24.849833+09:00,잠실 관광특구,잠실 관광특구,POI005,KEY_2,1230032504,강동대로,1230052601,올림픽공원북2문,127.1287133329938257_37.5237339387489186,1230052404,서울체고앞,127.1310115110815389_37.5227371996198542,231.0,33.0,원활,127.1310115110815389_37.5227371996198542|127.1287133329938257_37.5237339387489186
2026-09-04T06:42:24.849833+09:00,잠실 관광특구,잠실 관광특구,POI005,KEY_2,1230032902,올림픽로37길,1230424700,최소노드배치점,127.1116469399134274_37.5231307998258217,1230052004,성내교(남측),127.1156093484237601_37.5224038573356538,390.0,32.0,원활,127.1156093484237601_37.5224038573356538|127.1154210464076897_37.5226254636658609|127.1151860694290434_37.5229714220100377|127.1150231489065732_37.5230568047779158|127.1148610626049589_37.5231117596672803|127.1146813739484145_37.5231312778946844|127.1116469399134274_37.5231307998258217
2026-09-04T06:42:24.849833+09:00,잠실 관광특구,잠실 관광특구,POI005,KEY_2,1230033202,올림픽로,1230052004,성내교(남측),127.1156093484237601_37.5224038573356538,1230053103,올림픽대교남단교차로,127.1174254322370984_37.5253520980877155,364.0,46.3,원활,127.1174254322370984_37.5253520980877155|127.1168266280546959_37.5243574555609811|127.1156093484237601_37.5224038573356538
2026-09-04T06:42:24.849833+09:00,잠실 관광특구,잠실 관광특구,POI005,KEY_2,1230033301,올림픽로,1230053102,올림픽대교남단교차로,127.1176915230806799_37.5255440086627701,1230052001,성내교(남측),127.1156967807111187_37.5223009606581428,401.0,21.0,서행,127.1156967807111187_37.5223009606581428|127.1169486377113884_37.5243100484275445|127.1176915230806799_37.5255440086627701
2026-09-04T06:42:24.849833+09:00,잠실 관광특구,잠실 관광특구,POI005,KEY_2,1230033600,올림픽로43길,1230342000,풍납동 447,127.1141253196765888_37.5248124645393801,1230053104,올림픽대교남단교차로,127.1175353532768639_37.5255915012395889,333.0,26.3,원활,127.1175353532768639_37.5255915012395889|127.1171986824647178_37.5253250746693325|127.1163931251730617_37.5248172882132565|127.1149530945181425_37.5248116617606371|127.1141253196765888_37.5248124645393801
2026-09-04T06:42:24.849833+09:00,잠실 관광특구,잠실 관광특구,POI005,KEY_2,1230033801,강동대로,1230052603,올림픽공원북2문,127.1285292145280152_37.5236906555977967,1230052702,올림픽공원북2문앞교차로,127.1280135683207533_37.5239140807955565,52.0,8.0,정체,127.1280135683207533_37.5239140807955565|127.1285292145280152_37.5236906555977967
2026-09-04T06:42:24.849833+09:00,잠실 관광특구,잠실 관광특구,POI005,KEY_2,1230033802,강동대로,1230052703,올림픽공원북2문앞교차로,127.1278955398801997_37.5239676869855785,1230052902,그린빌딩,127.1255021088525581_37.5251103772284154,247.0,55.0,원활,127.1255021088525581_37.5251103772284154|127.1278955398801997_37.5239676869855785
2026-09-04T06:42:24.849833+09:00,잠실 관광특구,잠실 관광특구,POI005,KEY_2,1230033803,강동대로,1230052903,그린빌딩,127.1253868539951242_37.5251644663839627,1230010402,성내유수지,127.1230687264287127_37.5262344211604315,237.0,56.7,원활,127.1230687264287127_37.5262344211604315|127.1253868539951242_37.5251644663839627
2026-09-04T06:42:24.849833+09:00,잠실 관광특구,잠실 관광특구,POI005,KEY_2,1230033901,강동대로,1230052701,올림픽공원북2문앞교차로,127.1280784406892508_37.5240090563020559,1230052604,올림픽공원북2문,127.1285940873550402_37.5237856308238449,52.0,36.0,원활,127.1285940873550402_37.5237856308238449|127.1280784406892508_37.5240090563020559
2026-09-04T06:42:24.849833+09:00,잠실 관광특구,잠실 관광특구,POI005,KEY_2,1230033902,강동대로,1230052901,그린빌딩,127.1255719037447705_37.5252031128434638,1230052704,올림픽공원북2문앞교차로,127.1279653366622995_37.5240604212007227,247.0,56.0,원활,127.1279653366622995_37.5240604212007227|127.1255719037447705_37.5252031128434638
2026-09-04T06:42:24.849833+09:00,잠실 관광특구,잠실 관광특구,POI005,KEY_2,1230033903,강동대로,1230010401,성내유수지,127.1233271552869013_37.5262401076401133,1230052904,그린빌딩,127.1254549241451741_37.5252580128047128,217.0,55.3,원활,127.1254549241451741_37.5252580128047128|127.1233271552869013_37.5262401076401133
2026-09-04T06:42:24.849833+09:00,잠실 관광특구,잠실 관광특구,POI005,KEY_2,1230034200,강동대로,1230053101,올림픽대교남단교차로,127.1177512410432087_37.5256417956853880,1230010403,성내유수지,127.1228341746085704_37.5263374209143734,467.0,21.0,서행,127.1228341746085704_37.5263374209143734|127.1226119104132124_37.5263325291198058|127.1222182279912971_37.5262594731087304|127.1197935343633674_37.5255708855089978|127.1192764530002961_37.5254871931229914|127.1186659385550399_37.5254644325269382|127.1181404811154323_37.5255300720034626|127.1177512410432087_37.5256417956853880
2026-09-04T06:42:24.849833+09:00,잠실 관광특구,잠실 관광특구,POI005,KEY_2,1230034300,강동대로,1230010402,성내유수지,127.1230687264287127_37.5262344211604315,1230053102,올림픽대교남단교차로,127.1176915230806799_37.5255440086627701,493.0,57.0,원활,127.1176915230806799_37.5255440086627701|127.1181066449297958_37.5254248562288311|127.1186585197018388_37.5253559170246618|127.1192932429278528_37.5253795803410242|127.1198300344327095_37.5254664629282857|127.1222565506296860_37.5261555686853470|127.1226293640594349_37.5262247521119789|127.1230687264287127_37.5262344211604315
2026-09-04T06:42:24.849833+09:00,잠실 관광특구,잠실 관광특구,POI005,KEY_2,1230034600,강동대로,1230053104,올림픽대교남단교차로,127.1175353532768639_37.5255915012395889,1230053301,풍성초등학교,127.1133707067350969_37.5271092576510128,408.0,23.0,서행,127.1133707067350969_37.5271092576510128|127.1138885360357307_37.5270579046375232|127.1141380710895277_37.5270029206930715|127.1144337586637221_37.5269066454630149|127.1172570729713414_37.5256789869567413|127.1175353532768639_37.5255915012395889
2026-09-04T06:42:24.849833+09:00,잠실 관광특구,잠실 관광특구,POI005,KEY_2,1230034700,강동대로,1230058701,풍납동 330-7,127.1135343578604022_37.5272039528378372,1230053105,올림픽대교남단교차로,127.1176235541679063_37.5256800112130264,402.0,35.0,원활,127.1176235541679063_37.5256800112130264|127.1173147432993602_37.5257770947223790|127.1144921531920318_37.5270044385361317|127.1141820098842743_37.5271054212045385|127.1139153828274857_37.5271641707955510|127.1135343578604022_37.5272039528378372
2026-09-04T06:42:24.849833+09:00,잠실 관광특구,잠실 관광특구,POI005,KEY_2,1230034800,강동대로,1230010403,성내유수지,127.1228341746085704_37.5263374209143734,1230053202,성내동 474,127.1214169266581280_37.5269574474404806,143.0,3.0,정체,127.1214169266581280_37.5269574474404806|127.1221246173486747_37.5266478458902597|127.1228341746085704_37.5263374209143734
2026-09-04T06:42:24.849833+09:00,잠실 관광특구,잠실 관광특구,POI005,KEY_2,1230034900,강동대로,1230053201,성내동 474,127.1214822863304903_37.5270522124399051,1230010404,성내유수지,127.1231026366477437_37.5263433289148836,163.0,38.0,원활,127.1231026366477437_37.5263433289148836|127.1221899776439983_37.5267426105018984|127.1214822863304903_37.5270522124399051
2026-09-04T06:42:24.849833+09:00,잠실 관광특구,잠실 관광특구,POI005,KEY_2,1230035100,올림픽로,1230053602,풍납사거리,127.1191638427110746_37.5279285363098012,1230053101,올림픽대교남단교차로,127.1177512410432087_37.5256417956853880,283.0,21.0,서행,127.1177512410432087_37.5256417956853880|127.1182052842400196_37.5263768247819911|127.1185296816843362_37.5269019665074097|127.1189218723730647_37.5275368423195701|127.1191638427110746_37.5279285363098012
2026-09-04T06:42:24.849833+09:00,잠실 관광특구,잠실 관광특구,POI005,KEY_2,1230073600,백제고분로41길,1230362400,송파동 74,127.1055839132151277_37.5093570558199474,1230038203,수림빌딩,127.1052465652364560_37.5096500807059527,44.0,11.0,정체,127.1052465652364560_37.5096500807059527|127.1053208564511436_37.5095948198186591|127.1055839132151277_37.5093570558199474
2026-09-04T06:42:24.849833+09:00,잠실 관광특구,잠실 관광특구,POI005,KEY_2,1230076200,백제고분로45길,1230414400,송파동 83,127.1074305390192620_37.5108125123386174,1230039703,송파동 61,127.1070007103191557_37.5110307962144418,45.0,22.0,서행,127.1070007103191557_37.5110307962144418|127.1074305390192620_37.5108125123386174
2026-09-04T06:42:24.849833+09:00,잠실 관광특구,잠실 관광특구,POI005,KEY_2,1230077600,올림픽로.잠실로.사이길,1230038304,잠실동 43,127.0947364363945553_37.5102253498387128,1230041703,잠실동 39,127.0946882254534103_37.5120601573260686,204.0,14.0,정체,127.0946882254534103_37.5120601573260686|127.0947364363945553_37.5102253498387128
2026-09-04T06:42:24.849833+09:00,잠실 관광특구,잠실 관광특구,POI005,KEY_2,1230077700,올림픽로.잠실로.사이길,1230041702,잠실동 39,127.0948236216370191_37.5120740018570373,1230038301,잠실동 43,127.0948724715403131_37.5102147077519135,206.0,8.0,정체,127.0948724715403131_37.5102147077519135|127.0948236216370191_37.5120740018570373
2026-09-04T06:42:24.849833+09:00,잠실 관광특구,잠실 관광특구,POI005,KEY_2,1230077900,위례성대로16길,1230248000,방이동 200-3,127.1250899543352517_37.5123366148555277,1230042503,방이동 181-7,127.1253705911887266_37.5127664663946732,54.0,13.0,정체,127.1253705911887266_37.5127664663946732|127.1250899543352517_37.5123366148555277
2026-09-04T06:42:24.849833+09:00,잠실 관광특구,잠실 관광특구,POI005,KEY_2,1230079600,올림픽선수촌아파트내부길,1230042003,오륜초등학교,127.1334912399933756_37.5124937085259731,1230043502,방이동 89-28,127.1294335833399884_37.5137883314546841,392.0,22.0,서행,127.1294335833399884_37.5137883314546841|127.1324667918181888_37.5125501930643708|127.1334912399933756_37.5124937085259731
2026-09-04T06:42:24.849833+09:00,잠실 관광특구,잠실 관광특구,POI005,KEY_2,1230079700,올림픽선수촌아파트내부길,1230043501,방이동 89-28,127.1294965542968640_37.5138841169906101,1230042004,오륜초등학교,127.1335006130637026_37.5126015705990881,387.0,13.0,정체,127.1335006130637026_37.5126015705990881|127.1325039266811245_37.5126565247953394|127.1294965542968640_37.5138841169906101
2026-09-04T06:42:24.849833+09:00,잠실 관광특구,잠실 관광특구,POI005,KEY_2,1230080800,올림픽로,1230043404,신천동 8,127.1021667132219335_37.5140202279747825,1230044003,어린이교통공원,127.1015862279693067_37.5151316086360467,134.0,14.0,정체,127.1015862279693067_37.5151316086360467|127.1021667132219335_37.5140202279747825
2026-09-04T06:42:24.849833+09:00,잠실 관광특구,잠실 관광특구,POI005,KEY_2,1230080900,올림픽로,1230044002,어린이교통공원,127.1017112605977104_37.5151736946584151,1230043401,신천동 8,127.1022912026975433_37.5140633484028712,133.0,11.0,정체,127.1022912026975433_37.5140633484028712|127.1017112605977104_37.5151736946584151
2026-09-04T06:42:24.849833+09:00,잠실 관광특구,잠실 관광특구,POI005,KEY_2,1230081000,올림픽로,1230043804,잠실역(서울8호선),127.1031193148053262_37.5143528991889355,1230044403,신천동 7-21,127.1025553001734067_37.5154467539088188,131.0,16.5,서행,127.1025553001734067_37.5154467539088188|127.1031193148053262_37.5143528991889355
2026-09-04T06:42:24.849833+09:00,잠실 관광특구,잠실 관광특구,POI005,KEY_2,1230081100,올림픽로,1230044402,신천동 7-21,127.1026803877707039_37.5154887453600807,1230043801,잠실역(서울8호선),127.1032441614670745_37.5143953515620083,131.0,17.5,서행,127.1032441614670745_37.5143953515620083|127.1026803877707039_37.5154887453600807
2026-09-04T06:42:24.849833+09:00,잠실 관광특구,잠실 관광특구,POI005,KEY_2,1230081200,올림픽선수촌아파트내부길,1230332800,최소노드배치점,127.1337490189227708_37.5151722701553894,1230044602,올림픽공원동문교차로,127.1307066675273347_37.5157555807827805,292.0,12.0,정체,127.1307066675273347_37.5157555807827805|127.1324233734096509_37.5150503918994147|127.1325384533906515_37.5150232903922287|127.1330520009699256_37.5149959261979333|127.1331591568025914_37.5149985589094541|127.1337490189227708_37.5151722701553894
2026-09-04T06:42:24.849833+09:00,잠실 관광특구,잠실 관광특구,POI005,KEY_2,1230082000,오금로11길,1230382300,방이동 96-5,127.1078356746363340_37.5142776638634814,1230043702,KT송파빌딩,127.1073298305418575_37.5141090707700258,48.0,6.0,정체,127.1073298305418575_37.5141090707700258|127.1078356746363340_37.5142776638634814
2026-09-04T06:42:24.849833+09:00,잠실 관광특구,잠실 관광특구,POI005,KEY_2,1230082100,오금로11길,1230364600,방이동 96-2,127.1142995993866123_37.5148873703963588,1230043904,방이중,127.1148454576012909_37.5146719476403305,54.0,10.0,정체,127.1148454576012909_37.5146719476403305|127.1142995993866123_37.5148873703963588
2026-09-04T06:42:24.849833+09:00,잠실 관광특구,잠실 관광특구,POI005,KEY_2,1230085700,양재대로.강동대로사이길,1230334700,최소노드배치점,127.1280130627585407_37.5175316488536268,1230050202,속성변화점,127.1283029621945957_37.5202980729066624,323.0,15.0,서행,127.1283029621945957_37.5202980729066624|127.1284869880934565_37.5198916490292831|127.1286040453807260_37.5194988449093358|127.1286401155603869_37.5191957029570418|127.1286322343100750_37.5188746212359092|127.1285506796273381_37.5184532831418807|127.1284264473650580_37.5181404522839657|127.1280130627585407_37.5175316488536268
2026-09-04T06:42:24.849833+09:00,잠실 관광특구,잠실 관광특구,POI005,KEY_2,1230085800,양재대로.강동대로사이길,1230334600,최소노드배치점,127.1281324577583263_37.5174802131984393,1230044604,올림픽공원동문교차로,127.1306432453781667_37.5158930503733714,333.0,20.0,서행,127.1306432453781667_37.5158930503733714|127.1304306419184798_37.5159439490849564|127.1278436313470053_37.5170548436271218|127.1281324577583263_37.5174802131984393
2026-09-04T06:42:24.849833+09:00,잠실 관광특구,잠실 관광특구,POI005,KEY_2,1230088200,양재대로.강동대로사이길,1230196800,꿈나무다리(남측),127.1283746340457981_37.5204440109063455,1230050201,속성변화점,127.1284296259339470_37.5203368866533751,13.0,11.0,정체,127.1284296259339470_37.5203368866533751|127.1283746340457981_37.5204440109063455
2026-09-04T06:42:24.849833+09:00,잠실 관광특구,잠실 관광특구,POI005,KEY_2,1230088300,양재대로.강동대로사이길,1230196500,꿈나무다리(북측),127.1281832207590128_37.5205312266587470,1230052703,올림픽공원북2문앞교차로,127.1278955398801997_37.5239676869855785,421.0,24.5,서행,127.1278955398801997_37.5239676869855785|127.1273300483411504_37.5230946179717293|127.1271761257750654_37.5227528147954175|127.1271136146098968_37.5224320685814590|127.1271364389473888_37.5221410644727129|127.1272519101088534_37.5217772550903916|127.1276017695838618_37.5212911085732799|127.1279442979174661_37.5209163958855996|127.1281570038538149_37.5205822745236119|127.1281832207590128_37.5205312266587470
2026-09-04T06:42:24.849833+09:00,잠실 관광특구,잠실 관광특구,POI005,KEY_2,1230437101,잠실로,1230188302,잠실길지하차도(서측),127.1024547747106510_37.5113805101291220,1230001702,석촌호수앞교차로,127.1019076941057762_37.5111569141952117,54.0,33.0,원활,127.1019076941057762_37.5111569141952117|127.1024547747106510_37.5113805101291220
2026-09-04T06:42:24.849833+09:00,잠실 관광특구,잠실 관광특구,POI005,KEY_2,1230437201,잠실로,1230001701,석촌호수앞교차로,127.1018323332335598_37.5112469862295228,1230188303,잠실길지하차도(서측),127.1023918266045030_37.5114715455822392,55.0,6.0,정체,127.1023918266045030_37.5114715455822392|127.1018323332335598_37.5112469862295228
2026-09-04T06:42:24.849833+09:00,잠실 관광특구,잠실 관광특구,POI005,KEY_2,1230437301,잠실로,1230188502,잠실길지하차도(동측),127.1062173467716150_37.5131578738299325,1230188302,잠실길지하차도(서측),127.1024547747106510_37.5113805101291220,387.0,48.0,원활,127.1024547747106510_37.5113805101291220|127.1030924680476488_37.5116688194554797|127.1037922288458617_37.5120057984034787|127.1044073633298837_37.5122985483592544|127.1051198819620254_37.5126321816150679|127.1062173467716150_37.5131578738299325
2026-09-04T06:42:24.849833+09:00,잠실 관광특구,잠실 관광특구,POI005,KEY_2,1230437401,잠실로,1230188303,잠실길지하차도(서측),127.1023918266045030_37.5114715455822392,1230188503,잠실길지하차도(동측),127.1061687896124681_37.5132231248888246,386.0,22.0,서행,127.1061687896124681_37.5132231248888246|127.1052815756607259_37.5128152477143786|127.1034974052928277_37.5119907247148916|127.1023918266045030_37.5114715455822392
2026-09-04T06:42:24.849833+09:00,잠실 관광특구,잠실 관광특구,POI005,KEY_2,1230437501,-,1230188502,잠실길지하차도(동측),127.1062173467716150_37.5131578738299325,1230188402,신천동 30,127.1050426082693434_37.5125336192748193,126.0,10.0,정체,127.1050426082693434_37.5125336192748193|127.1057099909694585_37.5128445639683008|127.1060250249974217_37.5129978687956296|127.1062173467716150_37.5131578738299325
2026-09-04T06:42:24.849833+09:00,잠실 관광특구,잠실 관광특구,POI005,KEY_2,1230437601,-,1230188403,신천동 30,127.1049002456384613_37.5127083450110632,1230188503,잠실길지하차도(동측),127.1061687896124681_37.5132231248888246,126.0,18.0,서행,127.1061687896124681_37.5132231248888246|127.1058942002584331_37.5131610578152603|127.1056142121499164_37.5130369103311239|127.1049002456384613_37.5127083450110632
2026-09-04T06:42:24.849833+09:00,잠실 관광특구,잠실 관광특구,POI005,KEY_2,1230437701,잠실로,1230394600,신천동 30,127.1067595331203108_37.5134063123268504,1230188502,잠실길지하차도(동측),127.1062173467716150_37.5131578738299325,55.0,9.0,정체,127.1062173467716150_37.5131578738299325|127.1067595331203108_37.5134063123268504
2026-09-04T06:42:24.849833+09:00,잠실 관광특구,잠실 관광특구,POI005,KEY_2,1230437801,잠실로,1230188503,잠실길지하차도(동측),127.1061687896124681_37.5132231248888246,1230043204,잠실전화국,127.1073301047804875_37.5137619968566653,119.0,10.0,정체,127.1073301047804875_37.5137619968566653|127.1067103200439448_37.5134744075350568|127.1061687896124681_37.5132231248888246
2026-09-04T06:42:24.849833+09:00,잠실 관광특구,잠실 관광특구,POI005,KEY_2,1240030800,성안로,1249118500,성내동 450-2,127.1292262080433062_37.5246357770880579,1230052601,올림픽공원북2문,127.1287133329938257_37.5237339387489186,110.0,15.0,서행,127.1287133329938257_37.5237339387489186|127.1289764894649039_37.5241324489509367|127.1292262080433062_37.5246357770880579
2026-09-04T06:42:24.849833+09:00,잠실 관광특구,잠실 관광특구,POI005,KEY_2,1240031600,성내로14길,1249129200,성내동 492,127.1259457409445162_37.5257312228414079,1230052901,그린빌딩,127.1255719037447705_37.5252031128434638,67.0,23.0,서행,127.1255719037447705_37.5252031128434638|127.1259457409445162_37.5257312228414079
2026-09-04T06:42:24.849833+09:00,종로·청계 관광특구,종로·청계 관광특구,POI006,KEY_3,1000000301,종로,1000081900,종로1가 82-2,126.9798999832241719_37.5701535606807582,1000008607,종로구청입구교차로,126.9793805233784241_37.5701494116837509,46.0,20.0,서행,126.9793805233784241_37.5701494116837509|126.9798999832241719_37.5701535606807582
2026-09-04T06:42:24.849833+09:00,종로·청계 관광특구,종로·청계 관광특구,POI006,KEY_3,1000000303,종로,1000008703,종로1가사거리,126.9828971865418197_37.5701731264087542,1000007700,종로1가,126.9822109960776402_37.5701758601934444,61.0,8.0,정체,126.9822109960776402_37.5701758601934444|126.9824008620181672_37.5701779915733454|126.9828971865418197_37.5701731264087542
2026-09-04T06:42:24.849833+09:00,종로·청계 관광특구,종로·청계 관광특구,POI006,KEY_3,1000000401,종로,1000008606,종로구청입구교차로,126.9793844377634713_37.5702575676490582,1000008905,SK빌딩,126.9809530025248421_37.5702700889503021,139.0,7.0,정체,126.9809530025248421_37.5702700889503021|126.9798986206276368_37.5702616744867512|126.9793844377634713_37.5702575676490582
2026-09-04T06:42:24.849833+09:00,종로·청계 관광특구,종로·청계 관광특구,POI006,KEY_3,1000000501,종로,1000008701,종로1가사거리,126.9830485481293891_37.5702800768006568,1000009600,종로1가,126.9837104338048164_37.5702764015435093,58.0,26.0,원활,126.9837104338048164_37.5702764015435093|126.9830485481293891_37.5702800768006568
2026-09-04T06:42:24.849833+09:00,종로·청계 관광특구,종로·청계 관광특구,POI006,KEY_3,1000000503,종로,1000009101,종각지하쇼핑센터,126.9858227292488380_37.5702608423529298,1000008504,종로2가교차로,126.9876156819137520_37.5702574924147754,158.0,26.5,원활,126.9876156819137520_37.5702574924147754|126.9871453036203235_37.5702428823229511|126.9869246551587310_37.5702458796709990|126.9858227292488380_37.5702608423529298
2026-09-04T06:42:24.849833+09:00,종로·청계 관광특구,종로·청계 관광특구,POI006,KEY_3,1000000601,종로,1000007800,종로1가,126.9837094850009294_37.5701682846705296,1000008702,종로1가사거리,126.9830343185050481_37.5701720336345346,60.0,34.0,원활,126.9830343185050481_37.5701720336345346|126.9837094850009294_37.5701682846705296
2026-09-04T06:42:24.849833+09:00,종로·청계 관광특구,종로·청계 관광특구,POI006,KEY_3,1000000602,종로,1000231400,종로2가 1-2,126.9840862081807984_37.5701661909693030,1000007800,종로1가,126.9837094850009294_37.5701682846705296,33.0,33.0,원활,126.9837094850009294_37.5701682846705296|126.9840862081807984_37.5701661909693030
2026-09-04T06:42:24.849833+09:00,종로·청계 관광특구,종로·청계 관광특구,POI006,KEY_3,1000000603,종로,1000181900,종로2가 84-11,126.9869223374955283_37.5701377759501440,1000009102,종각지하쇼핑센터,126.9858204131049462_37.5701527379884581,97.0,23.0,서행,126.9858204131049462_37.5701527379884581|126.9869223374955283_37.5701377759501440
2026-09-04T06:42:24.849833+09:00,종로·청계 관광특구,종로·청계 관광특구,POI006,KEY_3,1000001102,종로,1000009401,육의전박물관,126.9894911528416657_37.5703440400947173,1000009804,종로3가사거리,126.9920644385376676_37.5704709834989146,228.0,21.0,서행,126.9920644385376676_37.5704709834989146|126.9894911528416657_37.5703440400947173
2026-09-04T06:42:24.849833+09:00,종로·청계 관광특구,종로·청계 관광특구,POI006,KEY_3,1000001201,종로,1000151200,종로2가 34-2,126.9885296395007401_37.5701839568255025,1000008502,종로2가교차로,126.9877530838436002_37.5701530192531123,69.0,40.0,원활,126.9877530838436002_37.5701530192531123|126.9881077158716209_37.5701611205547650|126.9885296395007401_37.5701839568255025
2026-09-04T06:42:24.849833+09:00,종로·청계 관광특구,종로·청계 관광특구,POI006,KEY_3,1000001202,종로,1000009803,종로3가사거리,126.9920772085238099_37.5703632864036052,1000009402,육의전박물관,126.9894997373196901_37.5702361366249775,228.0,19.0,서행,126.9894997373196901_37.5702361366249775|126.9920772085238099_37.5703632864036052
2026-09-04T06:42:24.849833+09:00,종로·청계 관광특구,종로·청계 관광특구,POI006,KEY_3,1000001301,종로,1000009001,세종대로사거리,126.9771187019505163_37.5702314111293560,1000009700,종로1가1-3,126.9777559525715844_37.5702421551131351,56.0,28.0,원활,126.9777559525715844_37.5702421551131351|126.9771187019505163_37.5702314111293560
2026-09-04T06:42:24.849833+09:00,종로·청계 관광특구,종로·청계 관광특구,POI006,KEY_3,1000001302,종로,1000009700,종로1가1-3,126.9777559525715844_37.5702421551131351,1000008804,광화문우체국,126.9784336631558119_37.5702494972367163,60.0,34.0,원활,126.9784336631558119_37.5702494972367163|126.9779432056922133_37.5702453112944994|126.9777559525715844_37.5702421551131351
2026-09-04T06:42:24.849833+09:00,종로·청계 관광특구,종로·청계 관광특구,POI006,KEY_3,1000001303,종로,1000008801,광화문우체국,126.9785701334498214_37.5702506615867833,1000008609,종로구청입구교차로,126.9792481536049564_37.5702564438606927,60.0,34.0,원활,126.9792481536049564_37.5702564438606927|126.9785701334498214_37.5702506615867833
2026-09-04T06:42:24.849833+09:00,종로·청계 관광특구,종로·청계 관광특구,POI006,KEY_3,1000001401,종로,1000008000,동아일보사,126.9777588281918099_37.5701340596360964,1000009002,세종대로사거리,126.9770959172438580_37.5701228829325231,59.0,27.0,원활,126.9770959172438580_37.5701228829325231|126.9777588281918099_37.5701340596360964
2026-09-04T06:42:24.849833+09:00,종로·청계 관광특구,종로·청계 관광특구,POI006,KEY_3,1000001402,종로,1000008803,광화문우체국,126.9784351192109852_37.5701413844145975,1000008000,동아일보사,126.9777588281918099_37.5701340596360964,60.0,12.0,정체,126.9777588281918099_37.5701340596360964|126.9779453713088060_37.5701372048683524|126.9784351192109852_37.5701413844145975
2026-09-04T06:42:24.849833+09:00,종로·청계 관광특구,종로·청계 관광특구,POI006,KEY_3,1000001403,종로,1000008608,종로구청입구교차로,126.9792446499360778_37.5701482878816435,1000008802,광화문우체국,126.9785715892256235_37.5701425486416056,59.0,14.0,정체,126.9785715892256235_37.5701425486416056|126.9792446499360778_37.5701482878816435
2026-09-04T06:42:24.849833+09:00,종로·청계 관광특구,종로·청계 관광특구,POI006,KEY_3,1000001501,종로,1000009801,종로3가사거리,126.9922000608216308_37.5704778715046643,1000010004,종묘공원,126.9937102608658108_37.5705569291297934,134.0,28.0,원활,126.9937102608658108_37.5705569291297934|126.9932582925197551_37.5705332710333550|126.9922000608216308_37.5704778715046643
2026-09-04T06:42:24.849833+09:00,종로·청계 관광특구,종로·청계 관광특구,POI006,KEY_3,1000001601,종로,1000161000,종로3가 45-4,126.9932672065188228_37.5704253845720260,1000009802,종로3가사거리,126.9922128288669825_37.5703701868235100,93.0,19.0,서행,126.9922128288669825_37.5703701868235100|126.9932672065188228_37.5704253845720260
2026-09-04T06:42:24.849833+09:00,종로·청계 관광특구,종로·청계 관광특구,POI006,KEY_3,1000001603,종로,1000010400,종로4가,126.9969798514767092_37.5706375452027856,1000010102,세운상가,126.9951427308156298_37.5705198714942412,163.0,21.0,서행,126.9951427308156298_37.5705198714942412|126.9958457643039083_37.5705598683717241|126.9963745621010816_37.5705960239034340|126.9965100719281992_37.5706053072005162|126.9969798514767092_37.5706375452027856
2026-09-04T06:42:24.849833+09:00,종로·청계 관광특구,종로·청계 관광특구,POI006,KEY_3,1000001605,종로,1000011003,종로4가사거리,126.9977066575793003_37.5706842868909874,1000010400,종로4가,126.9969798514767092_37.5706375452027856,64.0,11.0,정체,126.9969798514767092_37.5706375452027856|126.9977066575793003_37.5706842868909874
2026-09-04T06:42:24.849833+09:00,종로·청계 관광특구,종로·청계 관광특구,POI006,KEY_3,1000001801,종로,1000031300,종로4가,126.9985532581453924_37.5707449132439208,1000011002,종로4가사거리,126.9978420032838642_37.5706935232521886,63.0,32.0,원활,126.9978420032838642_37.5706935232521886|126.9985532581453924_37.5707449132439208
2026-09-04T06:42:24.849833+09:00,종로·청계 관광특구,종로·청계 관광특구,POI006,KEY_3,1000001802,종로,1000169300,종로4가 183,126.9992162622975655_37.5707928126224999,1000031300,종로4가,126.9985532581453924_37.5707449132439208,59.0,46.0,원활,126.9985532581453924_37.5707449132439208|126.9992162622975655_37.5707928126224999
2026-09-04T06:42:24.849833+09:00,종로·청계 관광특구,종로·청계 관광특구,POI006,KEY_3,1000002001,종로,1000245300,종로5가 82-1,127.0027233485987352_37.5709694752928485,1000011202,종로5가사거리,127.0019976949529052_37.5709492579211854,64.0,48.0,원활,127.0019976949529052_37.5709492579211854|127.0026822738535230_37.5709687051739039|127.0027233485987352_37.5709694752928485
2026-09-04T06:42:24.849833+09:00,종로·청계 관광특구,종로·청계 관광특구,POI006,KEY_3,1000002201,종로,1000176600,창신동 442-1,127.0108777515568477_37.5716621493242968,1000011702,흥인지문사거리,127.0091495968440398_37.5713227254486739,158.0,24.0,서행,127.0091495968440398_37.5713227254486739|127.0092723977128770_37.5713674394156811|127.0094846006979310_37.5714183224799285|127.0097878732437096_37.5714751424867188|127.0103298320711360_37.5715766797035471|127.0103586021919568_37.5715820697737044|127.0108233682804553_37.5716512389232733|127.0108777515568477_37.5716621493242968
2026-09-04T06:42:24.849833+09:00,종로·청계 관광특구,종로·청계 관광특구,POI006,KEY_3,1000002401,종로,1000203200,숭인동 282-1,127.0165578114239366_37.5732025866726858,1000014102,동묘앞역사거리,127.0157090127315769_37.5729851199764937,79.0,44.0,원활,127.0157090127315769_37.5729851199764937|127.0165578114239366_37.5732025866726858
2026-09-04T06:42:24.849833+09:00,종로·청계 관광특구,종로·청계 관광특구,POI006,KEY_3,1000002701,청계천로,1010032701,청계2가,126.9877539783027771_37.5682760807968279,1000006602,관수동 152-2,126.9894972350662528_37.5683104742400360,154.0,14.0,정체,126.9894972350662528_37.5683104742400360|126.9885265106382519_37.5682545626433182|126.9880976408843622_37.5682583350004933|126.9877539783027771_37.5682760807968279
2026-09-04T06:42:24.849833+09:00,종로·청계 관광특구,종로·청계 관광특구,POI006,KEY_3,1000002702,청계천로,1000006601,관수동 91-4,126.9896326598155412_37.5683193140372680,1000001602,청계3가사거리,126.9922843827072825_37.5685127633063871,235.0,13.0,정체,126.9922843827072825_37.5685127633063871|126.9896326598155412_37.5683193140372680
2026-09-04T06:42:24.849833+09:00,종로·청계 관광특구,종로·청계 관광특구,POI006,KEY_3,1000003001,청계천로,1010033701,광교사거리,126.9828472617604831_37.5690310653232729,1000006702,동광빌딩,126.9856496555834724_37.5685348675876654,254.0,16.0,서행,126.9856496555834724_37.5685348675876654|126.9845929724430675_37.5687445528897968|126.9830379501262456_37.5690132418433791|126.9828472617604831_37.5690310653232729
2026-09-04T06:42:24.849833+09:00,종로·청계 관광특구,종로·청계 관광특구,POI006,KEY_3,1000003002,청계천로,1000006701,동광빌딩,126.9857835455856332_37.5685053538768585,1010032702,청계2가,126.9876182832415594_37.5682809508841231,165.0,27.0,원활,126.9876182832415594_37.5682809508841231|126.9873100375229313_37.5682871695245453|126.9868524145434350_37.5683023760080914|126.9865577109127059_37.5683366707556416|126.9863804072084292_37.5683652570468496|126.9861647659198667_37.5684129099601307|126.9857835455856332_37.5685053538768585
2026-09-04T06:42:24.849833+09:00,종로·청계 관광특구,종로·청계 관광특구,POI006,KEY_3,1000003101,청계천로,1000001601,청계3가사거리,126.9924197004040280_37.5685221720677589,1000006802,세운교,126.9952943683145179_37.5687121004089306,255.0,9.0,정체,126.9952943683145179_37.5687121004089306|126.9924197004040280_37.5685221720677589
2026-09-04T06:42:24.849833+09:00,종로·청계 관광특구,종로·청계 관광특구,POI006,KEY_3,1000003102,청계천로,1000006802,세운교,126.9952943683145179_37.5687121004089306,1010034002,청계4가사거리,126.9978567741960518_37.5690141197168899,229.0,22.0,서행,126.9978567741960518_37.5690141197168899|126.9977196243080755_37.5689778939568413|126.9973817991979672_37.5689244876432014|126.9962389430763210_37.5687890515443357|126.9952943683145179_37.5687121004089306
2026-09-04T06:42:24.849833+09:00,종로·청계 관광특구,종로·청계 관광특구,POI006,KEY_3,1000003400,청계천로,1010034301,무교동사거리,126.9793440155466442_37.5692674718774171,1010033702,광교사거리,126.9827120922386285_37.5690419071249693,299.0,19.3,서행,126.9827120922386285_37.5690419071249693|126.9793440155466442_37.5692674718774171
2026-09-04T06:42:24.849833+09:00,종로·청계 관광특구,종로·청계 관광특구,POI006,KEY_3,1000003801,청계천로,1000031000,청계광장,126.9770921904126482_37.5694157550093379,1000007002,동아일보사,126.9783460265061024_37.5693222473721278,111.0,27.0,원활,126.9783460265061024_37.5693222473721278|126.9773834142662849_37.5693879956262435|126.9770921904126482_37.5694157550093379
2026-09-04T06:42:24.849833+09:00,종로·청계 관광특구,종로·청계 관광특구,POI006,KEY_3,1000003802,청계천로,1000007001,동아일보사,126.9784814758997982_37.5693140408546356,1010034302,무교동사거리,126.9792084451945726_37.5692755952973627,64.0,25.7,원활,126.9792084451945726_37.5692755952973627|126.9784814758997982_37.5693140408546356
2026-09-04T06:42:24.849833+09:00,종로·청계 관광특구,종로·청계 관광특구,POI006,KEY_3,1000003900,삼일대로,1000151000,관철동 268,126.9876175548289154_37.5696044234772373,1000008503,종로2가교차로,126.9876172549084856_37.5701493398525912,60.0,30.0,원활,126.9876172549084856_37.5701493398525912|126.9876175548289154_37.5696044234772373
2026-09-04T06:42:24.849833+09:00,종로·청계 관광특구,종로·청계 관광특구,POI006,KEY_3,1000004000,삼일대로,1000151100,종로2가 84-11,126.9877533452622771_37.5696044693991666,1010032701,청계2가,126.9877539783027771_37.5682760807968279,147.0,14.0,정체,126.9877539783027771_37.5682760807968279|126.9877537065576405_37.5688463253598712|126.9877535398068744_37.5691962384911236|126.9877533452622771_37.5696044693991666
2026-09-04T06:42:24.849833+09:00,종로·청계 관광특구,종로·청계 관광특구,POI006,KEY_3,1000004300,청계천로,1010034001,청계4가사거리,126.9979899258223242_37.5690487214556867,1010035002,청계5가,127.0019528507516640_37.5697976426441400,360.0,25.0,원활,127.0019528507516640_37.5697976426441400|127.0017358863905201_37.5697659409256488|127.0000347507350966_37.5694727355165128|126.9982497711816194_37.5691151390471632|126.9979899258223242_37.5690487214556867
2026-09-04T06:42:24.849833+09:00,종로·청계 관광특구,종로·청계 관광특구,POI006,KEY_3,1000004601,충무로,1000001601,청계3가사거리,126.9924197004040280_37.5685221720677589,1010032601,청계3가사거리,126.9924532079404145_37.5682271426007404,33.0,15.0,서행,126.9924532079404145_37.5682271426007404|126.9924197004040280_37.5685221720677589
2026-09-04T06:42:24.849833+09:00,종로·청계 관광특구,종로·청계 관광특구,POI006,KEY_3,1000004602,돈화문로,1000009802,종로3가사거리,126.9922128288669825_37.5703701868235100,1000001601,청계3가사거리,126.9924197004040280_37.5685221720677589,206.0,18.0,서행,126.9924197004040280_37.5685221720677589|126.9923429257738547_37.5692728725519558|126.9923404394218522_37.5692938442209439|126.9922128288669825_37.5703701868235100
2026-09-04T06:42:24.849833+09:00,종로·청계 관광특구,종로·청계 관광특구,POI006,KEY_3,1000004701,우정국로,1010033702,광교사거리,126.9827120922386285_37.5690419071249693,1000007200,종로1가,126.9827935302844111_37.5696197701673924,65.0,36.0,원활,126.9827935302844111_37.5696197701673924|126.9827458886658889_37.5693654356143227|126.9827120922386285_37.5690419071249693
2026-09-04T06:42:24.849833+09:00,종로·청계 관광특구,종로·청계 관광특구,POI006,KEY_3,1000004702,우정국로,1000007200,종로1가,126.9827935302844111_37.5696197701673924,1000008703,종로1가사거리,126.9828971865418197_37.5701731264087542,62.0,36.0,원활,126.9828971865418197_37.5701731264087542|126.9827935302844111_37.5696197701673924
2026-09-04T06:42:24.849833+09:00,종로·청계 관광특구,종로·청계 관광특구,POI006,KEY_3,1000004801,우정국로,1000007100,종로1가,126.9829278791696936_37.5696038258341787,1010033701,광교사거리,126.9828472617604831_37.5690310653232729,64.0,31.0,원활,126.9828472617604831_37.5690310653232729|126.9828808883077329_37.5693529710736058|126.9829278791696936_37.5696038258341787
2026-09-04T06:42:24.849833+09:00,종로·청계 관광특구,종로·청계 관광특구,POI006,KEY_3,1000004802,우정국로,1000008702,종로1가사거리,126.9830343185050481_37.5701720336345346,1000007100,종로1가,126.9829278791696936_37.5696038258341787,64.0,14.0,정체,126.9829278791696936_37.5696038258341787|126.9830343185050481_37.5701720336345346
2026-09-04T06:42:24.849833+09:00,종로·청계 관광특구,종로·청계 관광특구,POI006,KEY_3,1000005000,무교로,1000008607,종로구청입구교차로,126.9793805233784241_37.5701494116837509,1010034301,무교동사거리,126.9793440155466442_37.5692674718774171,98.0,20.0,서행,126.9793440155466442_37.5692674718774171|126.9793805233784241_37.5701494116837509
2026-09-04T06:42:24.849833+09:00,종로·청계 관광특구,종로·청계 관광특구,POI006,KEY_3,1000005301,청계천로,1010035001,청계5가,127.0020881246934152_37.5698075774404145,1000031402,버들다리(북측),127.0066778573984863_37.5698145407186601,405.0,19.0,서행,127.0066778573984863_37.5698145407186601|127.0020881246934152_37.5698075774404145
2026-09-04T06:42:24.849833+09:00,종로·청계 관광특구,종로·청계 관광특구,POI006,KEY_3,1000005302,청계천로,1000031401,버들다리(북측),127.0068104529230624_37.5697993350473567,1010035102,청계6가사거리,127.0096210652811237_37.5699440857354006,249.0,28.0,원활,127.0096210652811237_37.5699440857354006|127.0093543827214120_37.5699514872757661|127.0068104529230624_37.5697993350473567
2026-09-04T06:42:24.849833+09:00,종로·청계 관광특구,종로·청계 관광특구,POI006,KEY_3,1000005501,창경궁로,1010034002,청계4가사거리,126.9978567741960518_37.5690141197168899,1000009200,종로4가,126.9977510820364870_37.5702192149541574,134.0,14.0,정체,126.9977510820364870_37.5702192149541574|126.9977619635523922_37.5701052996103186|126.9977928254472488_37.5697501122231543|126.9978567741960518_37.5690141197168899
2026-09-04T06:42:24.849833+09:00,종로·청계 관광특구,종로·청계 관광특구,POI006,KEY_3,1000005502,창경궁로,1000009200,종로4가,126.9977510820364870_37.5702192149541574,1000011003,종로4가사거리,126.9977066575793003_37.5706842868909874,52.0,27.0,원활,126.9977066575793003_37.5706842868909874|126.9977510820364870_37.5702192149541574
2026-09-04T06:42:24.849833+09:00,종로·청계 관광특구,종로·청계 관광특구,POI006,KEY_3,1000005700,청계천로,1000256400,최소노드배치점,127.0127816976351198_37.5699685404101658,1010035202,청계7가사거리,127.0158040936899226_37.5700110354399825,267.0,16.0,서행,127.0158040936899226_37.5700110354399825|127.0155094115753371_37.5699917344054910|127.0127816976351198_37.5699685404101658
2026-09-04T06:42:24.849833+09:00,종로·청계 관광특구,종로·청계 관광특구,POI006,KEY_3,1000005900,동호로,1000080900,종로5가 194-1,127.0019049283621939_37.5704023856927236,1000011203,종로5가사거리,127.0018619903622010_37.5709442212742246,60.0,7.5,정체,127.0018619903622010_37.5709442212742246|127.0019049283621939_37.5704023856927236
2026-09-04T06:42:24.849833+09:00,종로·청계 관광특구,종로·청계 관광특구,POI006,KEY_3,1000006000,동호로,1000081000,종로5가 194-1,127.0020404728760326_37.5704091886523841,1010035001,청계5가,127.0020881246934152_37.5698075774404145,67.0,37.0,원활,127.0020881246934152_37.5698075774404145|127.0020404728760326_37.5704091886523841
2026-09-04T06:42:24.849833+09:00,종로·청계 관광특구,종로·청계 관광특구,POI006,KEY_3,1000006101,율곡로,1010035102,청계6가사거리,127.0096210652811237_37.5699440857354006,1000009900,흥인지문,127.0093873462230221_37.5706631809010148,83.0,41.0,원활,127.0093873462230221_37.5706631809010148|127.0094292652047443_37.5705741772424844|127.0094975291804218_37.5704036160553798|127.0095564087739035_37.5702141995526446|127.0096210652811237_37.5699440857354006
2026-09-04T06:42:24.849833+09:00,종로·청계 관광특구,종로·청계 관광특구,POI006,KEY_3,1000006102,율곡로,1000009900,흥인지문,127.0093873462230221_37.5706631809010148,1000011703,흥인지문사거리,127.0090256024343631_37.5712778950010033,75.0,40.0,원활,127.0090256024343631_37.5712778950010033|127.0091075737013711_37.5711579258072774|127.0092355138361029_37.5709579814170240|127.0093370098156385_37.5707700537480775|127.0093873462230221_37.5706631809010148
2026-09-04T06:42:24.849833+09:00,종로·청계 관광특구,종로·청계 관광특구,POI006,KEY_3,1000006200,율곡로,1000011702,흥인지문사거리,127.0091495968440398_37.5713227254486739,1010035101,청계6가사거리,127.0097583244985060_37.5699427587399839,163.0,29.5,원활,127.0097583244985060_37.5699427587399839|127.0096891857815962_37.5702372118649492|127.0096283139498468_37.5704330409796157|127.0095576557767316_37.5706095859452489|127.0095145373694692_37.5707011341562094|127.0094630728513749_37.5708104028937200|127.0093585611355422_37.5710039143764831|127.0092277816811901_37.5712082974230555|127.0091495968440398_37.5713227254486739
2026-09-04T06:42:24.849833+09:00,종로·청계 관광특구,종로·청계 관광특구,POI006,KEY_3,1000006702,종로3길,1000008609,종로구청입구교차로,126.9792481536049564_37.5702564438606927,1000008604,KT광화문빌딩East,126.9792392182412755_37.5711995824609417,105.0,8.0,정체,126.9792392182412755_37.5711995824609417|126.9792562098357678_37.5705013662105856|126.9792481536049564_37.5702564438606927
2026-09-04T06:42:24.849833+09:00,종로·청계 관광특구,종로·청계 관광특구,POI006,KEY_3,1000006801,종로3길,1000008603,KT광화문빌딩East,126.9793750304311573_37.5712016763059680,1000008606,종로구청입구교차로,126.9793844377634713_37.5702575676490582,105.0,27.0,원활,126.9793844377634713_37.5702575676490582|126.9793920781041692_37.5705010629446505|126.9793750304311573_37.5712016763059680
2026-09-04T06:42:24.849833+09:00,종로·청계 관광특구,종로·청계 관광특구,POI006,KEY_3,1000007100,돈화문로,1000145800,묘동 20-5,126.9916684242814142_37.5719817889873724,1000013303,묘동사거리,126.9914801613035706_37.5725495704926047,65.0,19.0,서행,126.9914801613035706_37.5725495704926047|126.9916684242814142_37.5719817889873724
2026-09-04T06:42:24.849833+09:00,종로·청계 관광특구,종로·청계 관광특구,POI006,KEY_3,1000007200,돈화문로,1000059400,묘동 20-5,126.9921535095209890_37.5708464956724839,1000009801,종로3가사거리,126.9922000608216308_37.5704778715046643,41.0,17.0,서행,126.9922000608216308_37.5704778715046643|126.9921602362403092_37.5708137185849509|126.9921535095209890_37.5708464956724839
2026-09-04T06:42:24.849833+09:00,종로·청계 관광특구,종로·청계 관광특구,POI006,KEY_3,1000022600,수표로,1000108100,관수동 14-2,126.9894314284546084_37.5692594329428573,1000009403,육의전박물관,126.9893641825799904_37.5702291213036688,108.0,10.0,정체,126.9893641825799904_37.5702291213036688|126.9894314284546084_37.5692594329428573
2026-09-04T06:42:24.849833+09:00,종로·청계 관광특구,종로·청계 관광특구,POI006,KEY_3,1000022700,수표로,1000108200,관수동 137-1,126.9895670546993642_37.5692653917909638,1000006601,관수동 91-4,126.9896326598155412_37.5683193140372680,105.0,13.0,정체,126.9896326598155412_37.5683193140372680|126.9895670546993642_37.5692653917909638
2026-09-04T06:42:24.849833+09:00,종로·청계 관광특구,종로·청계 관광특구,POI006,KEY_3,1000023500,종로,1000007002,동아일보사,126.9783460265061024_37.5693222473721278,1000008803,광화문우체국,126.9784351192109852_37.5701413844145975,91.0,38.0,원활,126.9784351192109852_37.5701413844145975|126.9783460265061024_37.5693222473721278
2026-09-04T06:42:24.849833+09:00,종로·청계 관광특구,종로·청계 관광특구,POI006,KEY_3,1000023600,종로,1000007200,종로1가,126.9827935302844111_37.5696197701673924,1000007700,종로1가,126.9822109960776402_37.5701758601934444,90.0,30.0,원활,126.9822109960776402_37.5701758601934444|126.9823538247533747_37.5701681727122576|126.9825335459648414_37.5700690295792086|126.9826437791460876_37.5699908547526107|126.9827324536877029_37.5698897904859521|126.9827899849345840_37.5697677437382040|126.9827935302844111_37.5696197701673924
2026-09-04T06:42:24.849833+09:00,종로·청계 관광특구,종로·청계 관광특구,POI006,KEY_3,1000023700,종로,1000007800,종로1가,126.9837094850009294_37.5701682846705296,1000007100,종로1가,126.9829278791696936_37.5696038258341787,103.0,26.0,원활,126.9829278791696936_37.5696038258341787|126.9830032097695494_37.5698402452960423|126.9830990215400703_37.5699604067910897|126.9831924475550267_37.5700347972999680|126.9833242130892046_37.5700939366007987|126.9834847309357855_37.5701511723724835|126.9837094850009294_37.5701682846705296
2026-09-04T06:42:24.849833+09:00,종로·청계 관광특구,종로·청계 관광특구,POI006,KEY_3,1000023900,종로,1000008000,동아일보사,126.9777588281918099_37.5701340596360964,1000007400,청계천광장,126.9770893091757529_37.5695834801641908,91.0,5.0,정체,126.9770893091757529_37.5695834801641908|126.9770963075021939_37.5696479702720865|126.9772094321437663_37.5697743360528662|126.9773459521211265_37.5699388507560457|126.9774735034476549_37.5700533015790512|126.9775723207871607_37.5701062430602590|126.9777588281918099_37.5701340596360964
2026-09-04T06:42:24.849833+09:00,종로·청계 관광특구,종로·청계 관광특구,POI006,KEY_3,1000024200,종로40길,1000056800,종로6가 94-1,127.0066606069363075_37.5704117265212076,1000011403,종로6가,127.0066422217709032_37.5710481835517882,71.0,6.0,정체,127.0066422217709032_37.5710481835517882|127.0066606069363075_37.5704117265212076
2026-09-04T06:42:24.849833+09:00,종로·청계 관광특구,종로·청계 관광특구,POI006,KEY_3,1000024600,종로,1000009200,종로4가,126.9977510820364870_37.5702192149541574,1000010400,종로4가,126.9969798514767092_37.5706375452027856,82.0,20.0,서행,126.9969798514767092_37.5706375452027856|126.9977510820364870_37.5702192149541574
2026-09-04T06:42:24.849833+09:00,종로·청계 관광특구,종로·청계 관광특구,POI006,KEY_3,1000025300,종로,1000009900,흥인지문,127.0093873462230221_37.5706631809010148,1000011300,동대문역10번출구,127.0080672314708750_37.5710785300975587,130.0,25.0,원활,127.0080672314708750_37.5710785300975587|127.0085333891818209_37.5710486383400308|127.0087654958763324_37.5709979628760777|127.0089601650943791_37.5709413315209986|127.0091211384305581_37.5708727822850008|127.0093873462230221_37.5706631809010148
2026-09-04T06:42:24.849833+09:00,종로·청계 관광특구,종로·청계 관광특구,POI006,KEY_3,1000028300,서순라길,1000179700,묘동 164-2,126.9918986546224602_37.5725528238137017,1000013302,묘동사거리,126.9916200024151749_37.5725515277908357,25.0,12.0,정체,126.9916200024151749_37.5725515277908357|126.9918986546224602_37.5725528238137017
2026-09-04T06:42:24.849833+09:00,종로·청계 관광특구,종로·청계 관광특구,POI006,KEY_3,1000044900,종로,1000031300,종로4가,126.9985532581453924_37.5707449132439208,1000031200,종로4가,126.9978863472252044_37.5702292896807890,82.0,18.0,서행,126.9978863472252044_37.5702292896807890|126.9985532581453924_37.5707449132439208
2026-09-04T06:42:24.849833+09:00,종로·청계 관광특구,종로·청계 관광특구,POI006,KEY_3,1000047200,지봉로,1000074500,창신동 397-6,127.0157169552058747_37.5712846872494310,1000014103,동묘앞역사거리,127.0155780893531698_37.5729481588667227,185.0,14.0,정체,127.0155780893531698_37.5729481588667227|127.0156159971831329_37.5727174560925832|127.0156606543816764_37.5720471206749451|127.0156947959210640_37.5715847731665988|127.0157169552058747_37.5712846872494310
2026-09-04T06:42:24.849833+09:00,종로·청계 관광특구,종로·청계 관광특구,POI006,KEY_3,1010016504,삼일대로,1010032102,청계2가교차로,126.9875991297301567_37.5679809831949356,1010032702,청계2가,126.9876182832415594_37.5682809508841231,33.0,7.0,정체,126.9876182832415594_37.5682809508841231|126.9875991297301567_37.5679809831949356
2026-09-04T06:42:24.849833+09:00,종로·청계 관광특구,종로·청계 관광특구,POI006,KEY_3,1010016603,삼일대로,1010032701,청계2가,126.9877539783027771_37.5682760807968279,1010032101,청계2가교차로,126.9877349955711310_37.5679787776906622,33.0,22.0,서행,126.9877349955711310_37.5679787776906622|126.9877539783027771_37.5682760807968279
2026-09-04T06:42:24.849833+09:00,종로·청계 관광특구,종로·청계 관광특구,POI006,KEY_3,1010016903,우정국로,1010033402,광교교차로,126.9826972926992426_37.5687326607183465,1010033702,광교사거리,126.9827120922386285_37.5690419071249693,34.0,18.0,서행,126.9827120922386285_37.5690419071249693|126.9826972926992426_37.5687326607183465
2026-09-04T06:42:24.849833+09:00,종로·청계 관광특구,종로·청계 관광특구,POI006,KEY_3,1010017003,우정국로,1010033701,광교사거리,126.9828472617604831_37.5690310653232729,1010033401,광교교차로,126.9828323504512895_37.5687142869809634,35.0,16.0,서행,126.9828323504512895_37.5687142869809634|126.9828472617604831_37.5690310653232729
2026-09-04T06:42:24.849833+09:00,종로·청계 관광특구,종로·청계 관광특구,POI006,KEY_3,1010017103,창경궁로,1010033502,청계4가사거리,126.9978802454382389_37.5687215808426274,1010034002,청계4가사거리,126.9978567741960518_37.5690141197168899,33.0,25.0,원활,126.9978567741960518_37.5690141197168899|126.9978802454382389_37.5687215808426274
2026-09-04T06:42:24.849833+09:00,종로·청계 관광특구,종로·청계 관광특구,POI006,KEY_3,1010017305,율곡로,1010034702,청계6가사거리,127.0096736759349909_37.5696339498216076,1010035102,청계6가사거리,127.0096210652811237_37.5699440857354006,35.0,33.0,원활,127.0096210652811237_37.5699440857354006|127.0096736759349909_37.5696339498216076
2026-09-04T06:42:24.849833+09:00,종로·청계 관광특구,종로·청계 관광특구,POI006,KEY_3,1010017406,율곡로,1010035101,청계6가사거리,127.0097583244985060_37.5699427587399839,1010034701,청계6가사거리,127.0098099727011487_37.5696292980751281,35.0,23.0,서행,127.0098099727011487_37.5696292980751281|127.0097583244985060_37.5699427587399839
2026-09-04T06:42:24.849833+09:00,종로·청계 관광특구,종로·청계 관광특구,POI006,KEY_3,1010017602,무교로,1010034301,무교동사거리,126.9793440155466442_37.5692674718774171,1010034101,무교동사거리,126.9793610650683036_37.5689718470786644,33.0,16.0,서행,126.9793610650683036_37.5689718470786644|126.9793440155466442_37.5692674718774171
2026-09-04T06:42:24.849833+09:00,종로·청계 관광특구,종로·청계 관광특구,POI006,KEY_3,1010018304,동호로,1010034602,청계5가교차로,127.0019837396539657_37.5694814402428676,1010035002,청계5가,127.0019528507516640_37.5697976426441400,35.0,20.0,서행,127.0019528507516640_37.5697976426441400|127.0019837396539657_37.5694814402428676
2026-09-04T06:42:24.849833+09:00,종로·청계 관광특구,종로·청계 관광특구,POI006,KEY_3,1010018404,동호로,1010035001,청계5가,127.0020881246934152_37.5698075774404145,1010034601,청계5가교차로,127.0021191180861280_37.5694902995239062,35.0,32.0,원활,127.0021191180861280_37.5694902995239062|127.0020881246934152_37.5698075774404145
2026-09-04T06:42:24.849833+09:00,홍대 관광특구,홍대 관광특구,POI007,KEY_4,1120004701,연희로,1130001804,동교동삼거리,126.9268950567400083_37.5587611086849407,1130032500,동교동삼거리,126.9265306057119460_37.5594558524399389,84.0,35.0,원활,126.9265306057119460_37.5594558524399389|126.9265681925086255_37.5592771793147833|126.9266988610016114_37.5590497894311639|126.9268950567400083_37.5587611086849407
2026-09-04T06:42:24.849833+09:00,홍대 관광특구,홍대 관광특구,POI007,KEY_4,1130001505,양화로,1130052000,합정역8번출구,126.9125610162048474_37.5489924297706352,1130021604,합정역교차로,126.9133271355590011_37.5492481379057494,74.0,41.0,원활,126.9133271355590011_37.5492481379057494|126.9131511937065824_37.5491581588815038|126.9128784491420845_37.5490701385518264|126.9125610162048474_37.5489924297706352
2026-09-04T06:42:24.849833+09:00,홍대 관광특구,홍대 관광특구,POI007,KEY_4,1130001606,양화로,1130021603,합정역교차로,126.9133979744090510_37.5491558635704337,1130021800,합정역8번출구,126.9126009251802998_37.5488890850710817,77.0,7.0,정체,126.9126009251802998_37.5488890850710817|126.9129239950553085_37.5489681728266333|126.9132139348755288_37.5490617432278029|126.9133979744090510_37.5491558635704337
2026-09-04T06:42:24.849833+09:00,홍대 관광특구,홍대 관광특구,POI007,KEY_4,1130002101,양화로,1130021601,합정역교차로,126.9134396891751067_37.5493101529960995,1130022800,합정역(서울2호선),126.9139380043217500_37.5496171809286139,56.0,25.0,원활,126.9139380043217500_37.5496171809286139|126.9138232146117105_37.5495337692831868|126.9134396891751067_37.5493101529960995
2026-09-04T06:42:24.849833+09:00,홍대 관광특구,홍대 관광특구,POI007,KEY_4,1130002102,양화로,1130022800,합정역(서울2호선),126.9139380043217500_37.5496171809286139,1130024304,누아갤러리,126.9154925570157388_37.5507467776258252,186.0,39.0,원활,126.9154925570157388_37.5507467776258252|126.9142500058633658_37.5498438974214181|126.9139380043217500_37.5496171809286139
2026-09-04T06:42:24.849833+09:00,홍대 관광특구,홍대 관광특구,POI007,KEY_4,1130002103,양화로,1130061000,서교동 427,126.9167660297625986_37.5517097625194793,1130025604,서교동사거리,126.9181132815169946_37.5527298448976765,164.0,41.0,원활,126.9181132815169946_37.5527298448976765|126.9171655098772931_37.5520122365821649|126.9167660297625986_37.5517097625194793
2026-09-04T06:42:24.849833+09:00,홍대 관광특구,홍대 관광특구,POI007,KEY_4,1130002201,양화로,1130022400,합정역5번출구,126.9140295476794051_37.5495373218593258,1130021602,합정역교차로,126.9135099145764940_37.5492170875193594,58.0,36.0,원활,126.9135099145764940_37.5492170875193594|126.9139093521257280_37.5494499807109747|126.9140295476794051_37.5495373218593258
2026-09-04T06:42:24.849833+09:00,홍대 관광특구,홍대 관광특구,POI007,KEY_4,1130002202,양화로,1130073600,합정동 402,126.9143415490859326_37.5497640377180701,1130022400,합정역5번출구,126.9140295476794051_37.5495373218593258,37.0,18.0,서행,126.9140295476794051_37.5495373218593258|126.9143415490859326_37.5497640377180701
2026-09-04T06:42:24.849833+09:00,홍대 관광특구,홍대 관광특구,POI007,KEY_4,1130002501,양화로,1130025601,서교동사거리,126.9182122864217916_37.5528038522271572,1130025904,서교동 427,126.9197888664365763_37.5539674961994976,190.0,10.0,정체,126.9197888664365763_37.5539674961994976|126.9185449616588812_37.5530493983241485|126.9182122864217916_37.5528038522271572
2026-09-04T06:42:24.849833+09:00,홍대 관광특구,홍대 관광특구,POI007,KEY_4,1130002502,양화로,1130025901,서교동 427,126.9198881225875368_37.5540412931764607,1130027404,홍대입구역앞교차로,126.9214584654919236_37.5552173006732275,190.0,23.0,서행,126.9214584654919236_37.5552173006732275|126.9198881225875368_37.5540412931764607
2026-09-04T06:42:24.849833+09:00,홍대 관광특구,홍대 관광특구,POI007,KEY_4,1130003701,양화로,1130273800,동교동 155-55,126.9227158165769538_37.5561519142828715,1130030004,홍대입구역(서울2호선),126.9240038282710827_37.5571089892898087,156.0,19.0,서행,126.9240038282710827_37.5571089892898087|126.9227158165769538_37.5561519142828715
2026-09-04T06:42:24.849833+09:00,홍대 관광특구,홍대 관광특구,POI007,KEY_4,1130003702,양화로,1130030001,홍대입구역(서울2호선),126.9241024975835899_37.5571832879291989,1130031303,대성카센터,126.9247680509792247_37.5576912738708160,81.0,20.0,서행,126.9247680509792247_37.5576912738708160|126.9241024975835899_37.5571832879291989
2026-09-04T06:42:24.849833+09:00,홍대 관광특구,홍대 관광특구,POI007,KEY_4,1130003703,양화로,1130260400,동교동 155-54,126.9256281988244410_37.5583324442910680,1130032300,동교동삼거리,126.9260758648074869_37.5586455831952080,53.0,33.0,원활,126.9260758648074869_37.5586455831952080|126.9259516460622734_37.5585781495251254|126.9256756439668692_37.5583677527849815|126.9256281988244410_37.5583324442910680
2026-09-04T06:42:24.849833+09:00,홍대 관광특구,홍대 관광특구,POI007,KEY_4,1130003704,양화로,1130032300,동교동삼거리,126.9260758648074869_37.5586455831952080,1130001804,동교동삼거리,126.9268950567400083_37.5587611086849407,75.0,33.0,원활,126.9268950567400083_37.5587611086849407|126.9268455311802200_37.5587689621708094|126.9267020111609838_37.5587790282963496|126.9265461121104579_37.5587713324019461|126.9263918168373806_37.5587486717422934|126.9262198315530981_37.5587079879979058|126.9260758648074869_37.5586455831952080
2026-09-04T06:42:24.849833+09:00,홍대 관광특구,홍대 관광특구,POI007,KEY_4,1130012504,독막로,1130052100,합정역7번출구,126.9140173730645671_37.5487741682980598,1130021603,합정역교차로,126.9133979744090510_37.5491558635704337,71.0,25.0,원활,126.9133979744090510_37.5491558635704337|126.9135406193636584_37.5489949395947065|126.9136811129909290_37.5488909851792201|126.9137974866256258_37.5488341856604748|126.9139631942102255_37.5487857147723645|126.9140173730645671_37.5487741682980598
2026-09-04T06:42:24.849833+09:00,홍대 관광특구,홍대 관광특구,POI007,KEY_4,1130012601,독막로,1130021602,합정역교차로,126.9135099145764940_37.5492170875193594,1130021400,합정역6번출구,126.9140524865152884_37.5488786114665416,63.0,6.0,정체,126.9140524865152884_37.5488786114665416|126.9140042501253305_37.5488888909759595|126.9138569670299148_37.5489319720761685|126.9137636338956270_37.5489775269032293|126.9136434160954963_37.5490664775041694|126.9135099145764940_37.5492170875193594
2026-09-04T06:42:24.849833+09:00,홍대 관광특구,홍대 관광특구,POI007,KEY_4,1130012604,독막로,1130181200,상수동 309-18,126.9218696837411784_37.5478321154183874,1130004604,상수역앞교차로,126.9229254474764872_37.5478016570923359,93.0,29.0,원활,126.9229254474764872_37.5478016570923359|126.9218696837411784_37.5478321154183874
2026-09-04T06:42:24.849833+09:00,홍대 관광특구,홍대 관광특구,POI007,KEY_4,1130013100,와우산로,1130124200,서교동 406,126.9229920019003544_37.5501657824683832,1130005003,서교동 406,126.9230055961275383_37.5506651939424145,55.0,17.0,서행,126.9230055961275383_37.5506651939424145|126.9229920019003544_37.5501657824683832
2026-09-04T06:42:24.849833+09:00,홍대 관광특구,홍대 관광특구,POI007,KEY_4,1130013701,잔다리로,1130005003,서교동 406,126.9230055961275383_37.5506651939424145,1130024402,태성빌딩,126.9212984594291243_37.5507136993635982,151.0,9.0,정체,126.9212984594291243_37.5507136993635982|126.9217266238917006_37.5507015361146728|126.9221144105031556_37.5506905185719049|126.9230055961275383_37.5506651939424145
2026-09-04T06:42:24.849833+09:00,홍대 관광특구,홍대 관광특구,POI007,KEY_4,1130013702,잔다리로,1130190600,서교동 427,126.9189825850368720_37.5519723209559828,1130025603,서교동사거리,126.9182053202966358_37.5526503262188740,102.0,8.0,정체,126.9182053202966358_37.5526503262188740|126.9189825850368720_37.5519723209559828
2026-09-04T06:42:24.849833+09:00,홍대 관광특구,홍대 관광특구,POI007,KEY_4,1130013801,잔다리로,1130191400,서교동 406,126.9221192536904113_37.5507985694623727,1130005004,서교동 406,126.9230243233857180_37.5507728502407474,80.0,5.0,정체,126.9230243233857180_37.5507728502407474|126.9221192536904113_37.5507985694623727
2026-09-04T06:42:24.849833+09:00,홍대 관광특구,홍대 관광특구,POI007,KEY_4,1130013802,잔다리로,1130078500,서교동 427,126.9207065337273690_37.5508354595409060,1130024404,태성빌딩,126.9211838126956309_37.5508247851285262,42.0,16.0,서행,126.9211838126956309_37.5508247851285262|126.9207065337273690_37.5508354595409060
2026-09-04T06:42:24.849833+09:00,홍대 관광특구,홍대 관광특구,POI007,KEY_4,1130014101,월드컵로,1130021604,합정역교차로,126.9133271355590011_37.5492481379057494,1130022900,합정역9번출구,126.9130418149968449_37.5497885897765329,65.0,28.0,원활,126.9130418149968449_37.5497885897765329|126.9130982247336163_37.5496351327381603|126.9132269055929783_37.5494015408536583|126.9133271355590011_37.5492481379057494
2026-09-04T06:42:24.849833+09:00,홍대 관광특구,홍대 관광특구,POI007,KEY_4,1130014102,월드컵로,1130135600,합정동 402,126.9128188401226964_37.5505027227293695,1130025203,합정동주민센터,126.9124127492584506_37.5518459734548173,153.0,30.0,원활,126.9124127492584506_37.5518459734548173|126.9128188401226964_37.5505027227293695
2026-09-04T06:42:24.849833+09:00,홍대 관광특구,홍대 관광특구,POI007,KEY_4,1130014103,월드컵로,1130076100,합정동 426-38,126.9121437730441926_37.5527273387387908,1130026004,성산초교앞교차로,126.9116840665830637_37.5541751613641424,166.0,41.0,원활,126.9116840665830637_37.5541751613641424|126.9117399457097122_37.5540497782302225|126.9121437730441926_37.5527273387387908
2026-09-04T06:42:24.849833+09:00,홍대 관광특구,홍대 관광특구,POI007,KEY_4,1130014201,월드컵로,1130023000,합정역9번출구,126.9131721455813278_37.5498189592265703,1130021601,합정역교차로,126.9134396891751067_37.5493101529960995,61.0,33.0,원활,126.9134396891751067_37.5493101529960995|126.9133494569869924_37.5494482548088371|126.9132260984452927_37.5496721848271662|126.9131721455813278_37.5498189592265703
2026-09-04T06:42:24.849833+09:00,홍대 관광특구,홍대 관광특구,POI007,KEY_4,1130014202,월드컵로,1130025202,합정동주민센터,126.9125490838489583_37.5518570392708213,1130023000,합정역9번출구,126.9131721455813278_37.5498189592265703,233.0,23.0,서행,126.9131721455813278_37.5498189592265703|126.9131331753272036_37.5499249762533154|126.9129508683919170_37.5505280238880061|126.9125490838489583_37.5518570392708213
2026-09-04T06:42:24.849833+09:00,홍대 관광특구,홍대 관광특구,POI007,KEY_4,1130014203,월드컵로,1130076000,서교동 419-2,126.9122757323099222_37.5527528799291730,1130025201,합정동주민센터,126.9125164449968679_37.5519645743570578,90.0,20.0,서행,126.9125164449968679_37.5519645743570578|126.9124004277404225_37.5523445193010375|126.9122757323099222_37.5527528799291730
2026-09-04T06:42:24.849833+09:00,홍대 관광특구,홍대 관광특구,POI007,KEY_4,1130014501,와우산로,1130065900,서교동 406,126.9239983822778584_37.5526642779511519,1130005305,홍익대앞교차로,126.9241709727699146_37.5528566898356004,26.0,14.5,정체,126.9241709727699146_37.5528566898356004|126.9239983822778584_37.5526642779511519
2026-09-04T06:42:24.849833+09:00,홍대 관광특구,홍대 관광특구,POI007,KEY_4,1130014601,와우산로,1130162700,서교동 406,126.9235886681274508_37.5519414149815205,1130005001,서교동 406,126.9231548424966718_37.5507429936340600,138.0,11.0,정체,126.9231548424966718_37.5507429936340600|126.9232862425119350_37.5511071096942004|126.9235840742390167_37.5519324027044945|126.9235886681274508_37.5519414149815205
2026-09-04T06:42:24.849833+09:00,홍대 관광특구,홍대 관광특구,POI007,KEY_4,1130015300,와우산로,1130068000,서교동 349,126.9297333719006673_37.5544875636568065,1130026604,서교동 349,126.9300858883580219_37.5547938010427984,46.0,32.0,원활,126.9300858883580219_37.5547938010427984|126.9299834944231549_37.5546849402940452|126.9298766861657981_37.5545928751440101|126.9297661535598110_37.5545093833760149|126.9297333719006673_37.5544875636568065
2026-09-04T06:42:24.849833+09:00,홍대 관광특구,홍대 관광특구,POI007,KEY_4,1130015701,잔다리로,1130168500,서교동 427,126.9177057214150892_37.5530785078530158,1130025803,경북신문서울지사,126.9168794495548838_37.5537853595123963,107.0,15.0,서행,126.9168794495548838_37.5537853595123963|126.9177057214150892_37.5530785078530158
2026-09-04T06:42:24.849833+09:00,홍대 관광특구,홍대 관광특구,POI007,KEY_4,1130015702,잔다리로,1130025804,경북신문서울지사,126.9167794658698938_37.5538677598341195,1130027103,마포신문사,126.9157323354683768_37.5548803576989911,146.0,33.0,원활,126.9157323354683768_37.5548803576989911|126.9160958931614829_37.5544314008575242|126.9162129074296530_37.5543260095726907|126.9167794658698938_37.5538677598341195
2026-09-04T06:42:24.849833+09:00,홍대 관광특구,홍대 관광특구,POI007,KEY_4,1130015801,잔다리로,1130168600,서교동 427,126.9178051349914114_37.5531521659568099,1130025601,서교동사거리,126.9182122864217916_37.5528038522271572,53.0,19.0,서행,126.9182122864217916_37.5528038522271572|126.9178051349914114_37.5531521659568099
2026-09-04T06:42:24.849833+09:00,홍대 관광특구,홍대 관광특구,POI007,KEY_4,1130015802,잔다리로,1130027102,마포신문사,126.9158737035807434_37.5549053205329528,1130025801,경북신문서울지사,126.9169099970482506_37.5539163098363460,144.0,14.0,정체,126.9169099970482506_37.5539163098363460|126.9163122473365917_37.5543997888327326|126.9162044591175942_37.5544968696544146|126.9158737035807434_37.5549053205329528
2026-09-04T06:42:24.849833+09:00,홍대 관광특구,홍대 관광특구,POI007,KEY_4,1130015901,홍익로,1130154700,서교동 427,126.9220359643673390_37.5546826076917313,1130027403,홍대입구역앞교차로,126.9215460181029016_37.5551344303407504,66.0,15.5,서행,126.9215460181029016_37.5551344303407504|126.9217237952683917_37.5549495724854268|126.9220359643673390_37.5546826076917313
2026-09-04T06:42:24.849833+09:00,홍대 관광특구,홍대 관광특구,POI007,KEY_4,1130015902,홍익로,1130109300,서교동 406,126.9231648679629956_37.5537171543489379,1130005308,서교푸르지오아파트,126.9225993071129750_37.5542008340247122,73.0,11.0,정체,126.9225993071129750_37.5542008340247122|126.9228527697001851_37.5539840685397763|126.9231648679629956_37.5537171543489379
2026-09-04T06:42:24.849833+09:00,홍대 관광특구,홍대 관광특구,POI007,KEY_4,1130016001,홍익로,1130091300,서교동 349,126.9229521707389097_37.5540577381318670,1130005302,홍익대앞교차로,126.9242716262433675_37.5529292870087730,171.0,14.0,정체,126.9242716262433675_37.5529292870087730|126.9241239492523050_37.5530555887153952|126.9240033040959332_37.5531587708137664|126.9232642689553643_37.5537908236815881|126.9229521707389097_37.5540577381318670
2026-09-04T06:42:24.849833+09:00,홍대 관광특구,홍대 관광특구,POI007,KEY_4,1130016002,홍익로,1130119400,동교동 155-55,126.9224863431878845_37.5544561207342085,1130005306,속성변화점,126.9226010481489340_37.5543580239452197,15.0,16.0,서행,126.9226010481489340_37.5543580239452197|126.9224863431878845_37.5544561207342085
2026-09-04T06:42:24.849833+09:00,홍대 관광특구,홍대 관광특구,POI007,KEY_4,1130016601,동교로,1130112700,서교동 480-4,126.9128544885335685_37.5543811077444118,1130026003,성산초교앞교차로,126.9118165724208609_37.5542011783164611,94.0,30.0,원활,126.9118165724208609_37.5542011783164611|126.9128544885335685_37.5543811077444118
2026-09-04T06:42:24.849833+09:00,홍대 관광특구,홍대 관광특구,POI007,KEY_4,1130016602,동교로,1130027103,마포신문사,126.9157323354683768_37.5548803576989911,1130026802,서교동주민센터,126.9151918884149666_37.5547863283070740,49.0,22.0,서행,126.9151918884149666_37.5547863283070740|126.9157323354683768_37.5548803576989911
2026-09-04T06:42:24.849833+09:00,홍대 관광특구,홍대 관광특구,POI007,KEY_4,1130016801,동교로,1130082800,서교동 461-6,126.9164678276881233_37.5550109832930517,1130027102,마포신문사,126.9158737035807434_37.5549053205329528,54.0,35.0,원활,126.9158737035807434_37.5549053205329528|126.9164678276881233_37.5550109832930517
2026-09-04T06:42:24.849833+09:00,홍대 관광특구,홍대 관광특구,POI007,KEY_4,1130016802,동교로,1130241800,서교동 461-6,126.9185671453848556_37.5553757191433064,1130027702,서교동 461-6,126.9179996526103480_37.5552825577389129,51.0,31.0,원활,126.9179996526103480_37.5552825577389129|126.9185671453848556_37.5553757191433064
2026-09-04T06:42:24.849833+09:00,홍대 관광특구,홍대 관광특구,POI007,KEY_4,1130016900,월드컵북로,1130267400,서교동 427,126.9210494203991146_37.5555664569088208,1130028603,롯데호텔L7(홍대),126.9205661479972775_37.5559789666732442,63.0,13.0,정체,126.9205661479972775_37.5559789666732442|126.9210494203991146_37.5555664569088208
2026-09-04T06:42:24.849833+09:00,홍대 관광특구,홍대 관광특구,POI007,KEY_4,1130017000,월드컵북로,1130267500,동교동 155-55,126.9211487362349544_37.5556402014086004,1130027401,홍대입구역앞교차로,126.9215575669487777_37.5552912277757187,53.0,26.5,원활,126.9215575669487777_37.5552912277757187|126.9211487362349544_37.5556402014086004
2026-09-04T06:42:24.849833+09:00,홍대 관광특구,홍대 관광특구,POI007,KEY_4,1130017300,와우산로,1130279000,동교동 191-3,126.9313970925375656_37.5566259879880349,1130029803,창천동삼거리,126.9316137471090968_37.5569253206561484,38.0,14.7,정체,126.9316137471090968_37.5569253206561484|126.9313970925375656_37.5566259879880349
2026-09-04T06:42:24.849833+09:00,홍대 관광특구,홍대 관광특구,POI007,KEY_4,1130017600,월드컵로,1130269900,서교동 475-24,126.9110403993826708_37.5551324974902272,1130026001,성산초교앞교차로,126.9117481199565418_37.5543318244504860,109.0,20.0,서행,126.9117481199565418_37.5543318244504860|126.9117217336388137_37.5543764564183462|126.9115952004829921_37.5545358301992565|126.9110403993826708_37.5551324974902272
2026-09-04T06:42:24.849833+09:00,홍대 관광특구,홍대 관광특구,POI007,KEY_4,1130018301,동교로,1130234800,동교동 201-12,126.9223714576705504_37.5573415856685884,1130031703,우성빌딩,126.9229594770721690_37.5579740539319573,88.0,15.7,서행,126.9229594770721690_37.5579740539319573|126.9225761142016040_37.5575121455362435|126.9224853349252271_37.5574284446085400|126.9223714576705504_37.5573415856685884
2026-09-04T06:42:24.849833+09:00,홍대 관광특구,홍대 관광특구,POI007,KEY_4,1130018302,동교로,1130031704,우성빌딩,126.9230362835969004_37.5580664636773349,1130032103,동교동 151-3,126.9232918768675518_37.5583894534776732,42.0,22.0,서행,126.9232918768675518_37.5583894534776732|126.9231947644524467_37.5582569650777955|126.9230362835969004_37.5580664636773349
2026-09-04T06:42:24.849833+09:00,홍대 관광특구,홍대 관광특구,POI007,KEY_4,1130018303,동교로,1130267000,동교동 151-3,126.9235602086829147_37.5590265329813064,1130006103,동서빌라,126.9237720218529262_37.5599217838101325,101.0,6.0,정체,126.9237720218529262_37.5599217838101325|126.9237420189898273_37.5597891978450278|126.9236012045125506_37.5591669167257010|126.9235602086829147_37.5590265329813064
2026-09-04T06:42:24.849833+09:00,홍대 관광특구,홍대 관광특구,POI007,KEY_4,1130018401,동교로,1130236400,동교동 193-1,126.9218939397593573_37.5568917656500219,1130028602,롯데호텔L7(홍대),126.9207044539840865_37.5560194307797488,153.0,24.0,서행,126.9207044539840865_37.5560194307797488|126.9213020185727601_37.5561898308273214|126.9213990027508032_37.5562174862381255|126.9214983639262613_37.5562825737130197|126.9215763902692657_37.5563664435403197|126.9217678851206443_37.5567011225728038|126.9218286112969025_37.5568118746297515|126.9218939397593573_37.5568917656500219
2026-09-04T06:42:24.849833+09:00,홍대 관광특구,홍대 관광특구,POI007,KEY_4,1130018402,동교로,1130032102,동교동 192-4,126.9234091793915979_37.5583349617897966,1130031701,우성빌딩,126.9231327245934153_37.5579865800830248,46.0,25.0,원활,126.9231327245934153_37.5579865800830248|126.9233101249413238_37.5581998231503391|126.9234091793915979_37.5583349617897966
2026-09-04T06:42:24.849833+09:00,홍대 관광특구,홍대 관광특구,POI007,KEY_4,1130018403,동교로,1130267100,동교동 193-1,126.9236924952947447_37.5590020505672726,1130032101,동교동 192-4,126.9234766820471947_37.5584553758656909,64.0,24.0,서행,126.9234766820471947_37.5584553758656909|126.9235707625761904_37.5586374586260803|126.9236499224741550_37.5588562655902223|126.9236924952947447_37.5590020505672726
2026-09-04T06:42:24.849833+09:00,홍대 관광특구,홍대 관광특구,POI007,KEY_4,1130018601,월드컵북로,1130260800,동교동 205-15,126.9201047852547219_37.5565208181069323,1130028601,롯데호텔L7(홍대),126.9206030650937720_37.5561053644053331,64.0,37.0,원활,126.9206030650937720_37.5561053644053331|126.9201047852547219_37.5565208181069323
2026-09-04T06:42:24.849833+09:00,홍대 관광특구,홍대 관광특구,POI007,KEY_4,1130019402,연남로,1130006103,동서빌라,126.9237720218529262_37.5599217838101325,1130033403,동교동 197-41,126.9232773041242268_37.5605287127344880,80.0,28.0,원활,126.9232773041242268_37.5605287127344880|126.9237720218529262_37.5599217838101325
2026-09-04T06:42:24.849833+09:00,홍대 관광특구,홍대 관광특구,POI007,KEY_4,1130021301,동교로,1130270200,연남동 373-20,126.9238877393567293_37.5603936801492893,1130033503,창무빌딩,126.9241748864737787_37.5606341936674681,38.0,11.0,정체,126.9241748864737787_37.5606341936674681|126.9241661103410337_37.5606061520141736|126.9241366858942399_37.5605700517992886|126.9241002899647839_37.5605390962913646|126.9239179770402757_37.5604331415745349|126.9238877393567293_37.5603936801492893
2026-09-04T06:42:24.849833+09:00,홍대 관광특구,홍대 관광특구,POI007,KEY_4,1130021401,동교로,1130270300,동교동 190-1,126.9240036868288968_37.5603373757369283,1130006101,동서빌라,126.9239149665367705_37.5599450424727905,44.0,25.0,원활,126.9239149665367705_37.5599450424727905|126.9239877581506306_37.5602899730970847|126.9239997971928346_37.5603322997610576|126.9240036868288968_37.5603373757369283
2026-09-04T06:42:24.849833+09:00,홍대 관광특구,홍대 관광특구,POI007,KEY_4,1130021402,동교로,1130234100,연남동 260-65,126.9243509881973893_37.5610184290997395,1130033501,창무빌딩,126.9243242832398835_37.5606902998111352,36.0,23.0,서행,126.9243242832398835_37.5606902998111352|126.9243327450441683_37.5607736496850464|126.9243509881973893_37.5610184290997395
2026-09-04T06:42:24.849833+09:00,홍대 관광특구,홍대 관광특구,POI007,KEY_4,1130048500,양화로,1130022400,합정역5번출구,126.9140295476794051_37.5495373218593258,1130021400,합정역6번출구,126.9140524865152884_37.5488786114665416,86.0,18.0,서행,126.9140524865152884_37.5488786114665416|126.9139230246069445_37.5489343484288156|126.9138762522378556_37.5489900978359401|126.9138420413620167_37.5490572990694389|126.9138329563527492_37.5491459732028474|126.9138508086349617_37.5492446788838663|126.9140295476794051_37.5495373218593258
2026-09-04T06:42:24.849833+09:00,홍대 관광특구,홍대 관광특구,POI007,KEY_4,1130048800,어울마당로,1130024402,태성빌딩,126.9212984594291243_37.5507136993635982,1130020101,당인리사거리,126.9201577112685442_37.5479060826974020,329.0,12.5,정체,126.9201577112685442_37.5479060826974020|126.9203052286126194_37.5482319014126986|126.9204629847500172_37.5485121849773620|126.9206431597284137_37.5488596987716292|126.9208952920467510_37.5494059973120997|126.9211927078193867_37.5502025480265331|126.9212984594291243_37.5507136993635982
2026-09-04T06:42:24.849833+09:00,홍대 관광특구,홍대 관광특구,POI007,KEY_4,1130048900,어울마당로,1130020104,당인리사거리,126.9200163735166598_37.5479127310459049,1130024403,태성빌딩,126.9211615381937150_37.5507171207813784,328.0,21.0,서행,126.9211615381937150_37.5507171207813784|126.9210601044129163_37.5502268341553247|126.9207663483677209_37.5494400821215706|126.9205166183366913_37.5488989872912740|126.9203382349370202_37.5485549298443289|126.9201792152841790_37.5482723999727952|126.9200163735166598_37.5479127310459049
2026-09-04T06:42:24.849833+09:00,홍대 관광특구,홍대 관광특구,POI007,KEY_4,1130049000,양화로,1130052000,합정역8번출구,126.9125610162048474_37.5489924297706352,1130022900,합정역9번출구,126.9130418149968449_37.5497885897765329,105.0,22.0,서행,126.9130418149968449_37.5497885897765329|126.9130618100318912_37.5495401812596441|126.9130421428666295_37.5494586372446904|126.9130134806158026_37.5493885292777207|126.9129740362242984_37.5493212749275216|126.9129004782609655_37.5492368304858175|126.9125610162048474_37.5489924297706352
2026-09-04T06:42:24.849833+09:00,홍대 관광특구,홍대 관광특구,POI007,KEY_4,1130049300,양화로,1130023000,합정역9번출구,126.9131721455813278_37.5498189592265703,1130022800,합정역(서울2호선),126.9139380043217500_37.5496171809286139,76.0,24.0,서행,126.9139380043217500_37.5496171809286139|126.9136402094506622_37.5496006797627686|126.9135395936122848_37.5496106180248574|126.9134569354612267_37.5496277214884771|126.9133796540536849_37.5496562715165325|126.9131721455813278_37.5498189592265703
2026-09-04T06:42:24.849833+09:00,홍대 관광특구,홍대 관광특구,POI007,KEY_4,1130051502,월드컵로5길,1130025203,합정동주민센터,126.9124127492584506_37.5518459734548173,1130024207,합정동주민센터,126.9110609932505014_37.5516236888938550,122.0,9.0,정체,126.9110609932505014_37.5516236888938550|126.9120426543793059_37.5517851162292402|126.9124127492584506_37.5518459734548173
2026-09-04T06:42:24.849833+09:00,홍대 관광특구,홍대 관광특구,POI007,KEY_4,1130051601,월드컵로5길,1130159000,합정동 426-6,126.9120151858922725_37.5518910005306523,1130025204,합정동주민센터,126.9123807963445927_37.5519511205839720,33.0,18.0,서행,126.9123807963445927_37.5519511205839720|126.9120151858922725_37.5518910005306523
2026-09-04T06:42:24.849833+09:00,홍대 관광특구,홍대 관광특구,POI007,KEY_4,1130051900,양화로7길,1130145700,서교동 492,126.9135974368144701_37.5520222797338405,1130025202,합정동주민센터,126.9125490838489583_37.5518570392708213,95.0,20.0,서행,126.9125490838489583_37.5518570392708213|126.9126682083433053_37.5518592833619991|126.9129354976850976_37.5518998472612608|126.9129556993787276_37.5519035838338127|126.9135974368144701_37.5520222797338405
2026-09-04T06:42:24.849833+09:00,홍대 관광특구,홍대 관광특구,POI007,KEY_4,1130052000,양화로7길,1130138000,서교동 419,126.9152338094359038_37.5512625596168448,1130024301,누아갤러리,126.9155934469087441_37.5508218968336536,58.0,7.0,정체,126.9155934469087441_37.5508218968336536|126.9153007619960079_37.5511871879382042|126.9152338094359038_37.5512625596168448
2026-09-04T06:42:24.849833+09:00,홍대 관광특구,홍대 관광특구,POI007,KEY_4,1130052400,동교로16길,1130025803,경북신문서울지사,126.9168794495548838_37.5537853595123963,1130026803,서교동주민센터,126.9150562264393471_37.5547627600824470,233.0,8.0,정체,126.9150562264393471_37.5547627600824470|126.9151041919509026_37.5546783248440121|126.9155915455989287_37.5540739571268816|126.9161869550941049_37.5535709704613723|126.9162940154244694_37.5535710464076899|126.9168794495548838_37.5537853595123963
2026-09-04T06:42:24.849833+09:00,홍대 관광특구,홍대 관광특구,POI007,KEY_4,1130052600,동교로22길,1130026103,백운아트빌라,126.9180694970235379_37.5542655831425805,1130025802,경북신문서울지사,126.9170081596091819_37.5538339564204833,106.0,15.0,서행,126.9170081596091819_37.5538339564204833|126.9174869227818618_37.5540176960998977|126.9179190228157523_37.5541765386133832|126.9180694970235379_37.5542655831425805
2026-09-04T06:42:24.849833+09:00,홍대 관광특구,홍대 관광특구,POI007,KEY_4,1130052700,동교로22길,1130025801,경북신문서울지사,126.9169099970482506_37.5539163098363460,1130026104,백운아트빌라,126.9180281230511440_37.5543758143779129,112.0,6.0,정체,126.9180281230511440_37.5543758143779129|126.9178493084904318_37.5542700001648413|126.9174289674534464_37.5541154804999380|126.9169099970482506_37.5539163098363460
2026-09-04T06:42:24.849833+09:00,홍대 관광특구,홍대 관광특구,POI007,KEY_4,1130052900,양화로15길,1130189500,서교동 375-3,126.9191627194573044_37.5544961684800782,1130026102,백운아트빌라,126.9181857720605535_37.5543334302643643,114.0,6.0,정체,126.9181857720605535_37.5543334302643643|126.9182551674568060_37.5543727901433684|126.9184496385441321_37.5544938893267428|126.9188541407513924_37.5547457748013329|126.9191627194573044_37.5544961684800782
2026-09-04T06:42:24.849833+09:00,홍대 관광특구,홍대 관광특구,POI007,KEY_4,1130053000,양화로15길,1130119600,서교동 463-27,126.9183659693348716_37.5545790522533025,1130025901,서교동 427,126.9198881225875368_37.5540412931764607,184.0,10.0,정체,126.9198881225875368_37.5540412931764607|126.9194734610042730_37.5543989462411432|126.9192595099514733_37.5545720106137679|126.9189173184498429_37.5548488058227576|126.9188180840116047_37.5548605857523441|126.9183659693348716_37.5545790522533025
2026-09-04T06:42:24.849833+09:00,홍대 관광특구,홍대 관광특구,POI007,KEY_4,1130053400,동교로,1130119900,서교동 464-61,126.9179362134423457_37.5548483553241965,1130027703,서교동 461-6,126.9178664857794274_37.5552597164420305,46.0,10.0,정체,126.9178664857794274_37.5552597164420305|126.9179362134423457_37.5548483553241965
2026-09-04T06:42:24.849833+09:00,홍대 관광특구,홍대 관광특구,POI007,KEY_4,1130056000,동교로,1130244700,동교동 192-44,126.9235969752971585_37.5574460002231092,1130031702,우성빌딩,126.9230559412983723_37.5578941512089344,69.0,17.0,서행,126.9230559412983723_37.5578941512089344|126.9235969752971585_37.5574460002231092
2026-09-04T06:42:24.849833+09:00,홍대 관광특구,홍대 관광특구,POI007,KEY_4,1130056100,동교로,1130244800,동교동 192-44,126.9236948948308594_37.5575209206440874,1130030001,홍대입구역(서울2호선),126.9241024975835899_37.5571832879291989,52.0,18.0,서행,126.9241024975835899_37.5571832879291989|126.9236948948308594_37.5575209206440874
2026-09-04T06:42:24.849833+09:00,홍대 관광특구,홍대 관광특구,POI007,KEY_4,1130056500,양화로19길,1130269400,동교동 192-44,126.9242827846036619_37.5579718887892824,1130032102,동교동 192-4,126.9234091793915979_37.5583349617897966,93.0,8.0,정체,126.9234091793915979_37.5583349617897966|126.9235741468609007_37.5583601799000988|126.9237435175153621_37.5583522399045222|126.9237886059845266_37.5583215233953140|126.9242827846036619_37.5579718887892824
2026-09-04T06:42:24.849833+09:00,홍대 관광특구,홍대 관광특구,POI007,KEY_4,1130056600,양화로19길,1130269300,동교동 192-44,126.9243730039212181_37.5580527040690697,1130031304,대성카센터,126.9248672211749920_37.5577661204474040,54.0,8.0,정체,126.9248672211749920_37.5577661204474040|126.9247523387008556_37.5578433291799882|126.9243935191233703_37.5580381892432413|126.9243730039212181_37.5580527040690697
2026-09-04T06:42:24.849833+09:00,홍대 관광특구,홍대 관광특구,POI007,KEY_4,1130057300,월드컵북로6길,1130261300,동교동 203-33,126.9193673333113281_37.5578672419356039,1130031202,동교동 205-15,126.9188838547954674_37.5575387719110481,56.0,28.0,원활,126.9188838547954674_37.5575387719110481|126.9193673333113281_37.5578672419356039
2026-09-04T06:42:24.849833+09:00,홍대 관광특구,홍대 관광특구,POI007,KEY_4,1130057500,양화로,1130032300,동교동삼거리,126.9260758648074869_37.5586455831952080,1130032500,동교동삼거리,126.9265306057119460_37.5594558524399389,99.0,19.0,서행,126.9265306057119460_37.5594558524399389|126.9264660553294988_37.5592263103355393|126.9260758648074869_37.5586455831952080
2026-09-04T06:42:24.849833+09:00,홍대 관광특구,홍대 관광특구,POI007,KEY_4,1130060000,동교로29길,1130033503,창무빌딩,126.9241748864737787_37.5606341936674681,1130036003,노블레스아파트,126.9218068862926145_37.5634853229895498,381.0,22.0,서행,126.9218068862926145_37.5634853229895498|126.9218459298930100_37.5634232918577879|126.9220337933197982_37.5631841000810169|126.9223456371491494_37.5627870497117868|126.9227675631269960_37.5622648309932572|126.9233084612183120_37.5615953472728421|126.9240020675585043_37.5607446270273684|126.9240943496756557_37.5606712830971432|126.9241748864737787_37.5606341936674681
2026-09-04T06:42:24.849833+09:00,홍대 관광특구,홍대 관광특구,POI007,KEY_4,1130060100,동교로29길,1130246800,연남동 257-9,126.9228817967008496_37.5623233169991337,1130033504,창무빌딩,126.9241941095302053_37.5607502493276115,210.0,7.0,정체,126.9241941095302053_37.5607502493276115|126.9241777376998783_37.5607577891073205|126.9241081814776919_37.5608130710165966|126.9234225413209742_37.5616540221321031|126.9228817967008496_37.5623233169991337
2026-09-04T06:42:24.849833+09:00,홍대 관광특구,홍대 관광특구,POI007,KEY_4,1130087200,어울마당로,1130121800,서교동 413,126.9223646926300830_37.5538554367246178,1130055701,아이스뮤지엄,126.9221148424968106_37.5534806652672515,47.0,8.0,정체,126.9221148424968106_37.5534806652672515|126.9223646926300830_37.5538554367246178
2026-09-04T06:42:24.849833+09:00,홍대 관광특구,홍대 관광특구,POI007,KEY_4,1130087300,어울마당로,1130121700,서교동 365-1,126.9222448191466555_37.5539062487640578,1130005309,서교푸르지오아파트,126.9225016470744691_37.5542843540505018,48.0,18.0,서행,126.9225016470744691_37.5542843540505018|126.9222449850932577_37.5539064976814032|126.9222448191466555_37.5539062487640578
2026-09-04T06:42:24.849833+09:00,강서한강공원,강서한강공원,POI085,KEY_1,1150022400,인천국제공항고속도로,1150297800,최소노드배치점,126.8204153738163740_37.5848105303894116,1150007500,팔팔JC,126.8251458922897115_37.5821572405280335,521.0,72.7,원활,126.8251458922897115_37.5821572405280335|126.8242581309057471_37.5825988923992114|126.8225508326354287_37.5833403164188127|126.8222949416472147_37.5834700113225253|126.8220989259378939_37.5836060109654468|126.8219358934425145_37.5837398156667746|126.8217315846995774_37.5839640048093813|126.8215951501203733_37.5841385028620678|126.8214407374371433_37.5843128978739571|126.8213273924079374_37.5844195615005603|126.8211779927619034_37.5845367498505425|126.8209702243633359_37.5846464478467652|126.8207581882781767_37.5847310806041222|126.8205554011008189_37.5847871484738150|126.8204153738163740_37.5848105303894116
2026-09-04T06:42:24.849833+09:00,강서한강공원,강서한강공원,POI085,KEY_1,1150102400,양천로27길,1150268300,방화동 57-7,126.8189818773737016_37.5842896446790746,1150051603,명성인테리어,126.8193992844918085_37.5848574978405026,73.0,21.0,서행,126.8193992844918085_37.5848574978405026|126.8191354810659277_37.5845649348009871|126.8189882066549785_37.5842980469406385|126.8189818773737016_37.5842896446790746
2026-09-04T06:42:24.849833+09:00,강서한강공원,강서한강공원,POI085,KEY_1,1150102700,올림픽대로,1150051601,명성인테리어,126.8196931240858873_37.5848639111563685,1150051300,신우쌀상회,126.8210223077670520_37.5838477270534099,164.0,33.0,서행,126.8210223077670520_37.5838477270534099|126.8204550407689055_37.5843184565730155|126.8198365622038608_37.5848072925936592|126.8196931240858873_37.5848639111563685
2026-09-04T06:42:24.849833+09:00,강서한강공원,강서한강공원,POI085,KEY_1,1150103000,올림픽대로,1150051700,강서안내센터,126.8168617226006347_37.5859421297018841,1150051604,명성인테리어,126.8193906771097659_37.5849778885091084,248.0,34.3,서행,126.8193906771097659_37.5849778885091084|126.8191196709408928_37.5850751540521557|126.8183996940716156_37.5853415341712136|126.8174179597383215_37.5857138196225620|126.8168617226006347_37.5859421297018841
2026-09-04T06:42:24.849833+09:00,강서한강공원,강서한강공원,POI085,KEY_1,1150408600,올림픽대로,1150297900,최소노드배치점,126.8204022238293049_37.5846952923594699,1150007500,팔팔JC,126.8251458922897115_37.5821572405280335,515.0,57.7,원활,126.8251458922897115_37.5821572405280335|126.8224711907430731_37.5832680578219396|126.8221978552422797_37.5833955305618943|126.8219883433806388_37.5835095435029132|126.8217840770615084_37.5836834979902079|126.8213507897844181_37.5842063933520194|126.8211989310714074_37.5843483886307084|126.8209774563604384_37.5845038083476410|126.8207390262142553_37.5846130431728156|126.8204197757882525_37.5846941616647499|126.8204022238293049_37.5846952923594699
2026-09-04T06:42:24.849833+09:00,강서한강공원,강서한강공원,POI085,KEY_1,1150437100,인천국제공항고속도로,1150298100,최소노드배치점,126.8216063582030131_37.5844601022409819,1150051400,방화대교(남측),126.8154876201350021_37.5837329496539851,561.0,94.9,원활,126.8154876201350021_37.5837329496539851|126.8156228199711535_37.5837019217106345|126.8162488559649717_37.5835902982088541|126.8168139068726958_37.5835510606755392|126.8176549474994061_37.5835257845014610|126.8183178182470101_37.5835660150861770|126.8189841860020408_37.5836543305607833|126.8195530571487097_37.5837543458256320|126.8200936823200351_37.5838910811882769|126.8210372379553377_37.5842098431123475|126.8215775845386446_37.5844440036353475|126.8216063582030131_37.5844601022409819
2026-09-04T06:42:24.849833+09:00,강서한강공원,강서한강공원,POI085,KEY_1,1150437200,인천국제공항고속도로,1150298000,최소노드배치점,126.8214760810631105_37.5846075682720340,1150149502,강서구-고양시덕양구,126.8266486163456932_37.5882576198968295,611.0,90.8,원활,126.8266486163456932_37.5882576198968295|126.8237771167596151_37.5861489077353781|126.8227472164407601_37.5853533062098677|126.8222253278242135_37.5850267596131147|126.8214760810631105_37.5846075682720340
2026-09-04T06:42:24.849833+09:00,고척돔,고척돔,POI086,KEY_2,1160001507,경인로,1160025205,구로소방서앞교차로,126.8646617438848239_37.4978600578237362,1160026904,구로소방서앞,126.8649481363168121_37.4980943173495334,36.0,40.0,원활,126.8649481363168121_37.4980943173495334|126.8646617438848239_37.4978600578237362
2026-09-04T06:42:24.849833+09:00,고척돔,고척돔,POI086,KEY_2,1160001608,경인로,1160026903,구로소방서앞,126.8650453464209704_37.4980188760107680,1160025202,구로소방서앞교차로,126.8647589542741940_37.4977846162542079,36.0,38.0,원활,126.8647589542741940_37.4977846162542079|126.8650453464209704_37.4980188760107680
2026-09-04T06:42:24.849833+09:00,고척돔,고척돔,POI086,KEY_2,1160001901,경인로,1160029303,고척교교차로,126.8716335382674743_37.4988496986391695,1160030602,동양미래대학앞교차로,126.8689427324677865_37.4994868075101664,248.0,22.0,서행,126.8689427324677865_37.4994868075101664|126.8711528967156568_37.4989518486928404|126.8715231913182890_37.4988650895980484|126.8716335382674743_37.4988496986391695
2026-09-04T06:42:24.849833+09:00,고척돔,고척돔,POI086,KEY_2,1160002001,경인로,1160030601,동양미래대학앞교차로,126.8689872290022862_37.4995890371950367,1160029304,고척교교차로,126.8716680741279674_37.4989546467396906,247.0,18.0,서행,126.8716680741279674_37.4989546467396906|126.8715541336007533_37.4989705391101751|126.8711911831498753_37.4990555772781562|126.8689872290022862_37.4995890371950367
2026-09-04T06:42:24.849833+09:00,고척돔,고척돔,POI086,KEY_2,1160002102,경인로,1160026901,구로소방서앞,126.8650507946293686_37.4981773243852032,1160030704,고척동 63-3,126.8674869579498932_37.4996940445519300,278.0,37.0,원활,126.8674869579498932_37.4996940445519300|126.8673777511500731_37.4996751499945233|126.8671788695642988_37.4996233133504546|126.8669493159061687_37.4995461947532931|126.8667640607105227_37.4994684400143257|126.8665382770592061_37.4993469206109040|126.8663359449855790_37.4992109715771136|126.8654632761091818_37.4985090881244290|126.8650507946293686_37.4981773243852032
2026-09-04T06:42:24.849833+09:00,고척돔,고척돔,POI086,KEY_2,1160002103,경인로,1160134900,고척동 63-3,126.8684174202034285_37.4996907760024811,1160030604,동양미래대학앞교차로,126.8687232996965832_37.4996421945641814,28.0,14.0,정체,126.8687232996965832_37.4996421945641814|126.8684174202034285_37.4996907760024811
2026-09-04T06:42:24.849833+09:00,고척돔,고척돔,POI086,KEY_2,1160002201,경인로,1160234100,고척동 63-5,126.8655596867435236_37.4984329974895232,1160026902,구로소방서앞,126.8651472056647407_37.4981012338396624,52.0,19.0,서행,126.8651472056647407_37.4981012338396624|126.8655596867435236_37.4984329974895232
2026-09-04T06:42:24.849833+09:00,고척돔,고척돔,POI086,KEY_2,1160002202,경인로,1160030603,동양미래대학앞교차로,126.8686779646894678_37.4995391473739801,1160030702,고척동 63-3,126.8676654321501900_37.4996121446361812,90.0,20.0,서행,126.8676654321501900_37.4996121446361812|126.8678069625456857_37.4996264010276690|126.8680461031747626_37.4996197405567102|126.8683009934756853_37.4995990198500522|126.8683908896466761_37.4995847422032185|126.8686779646894678_37.4995391473739801
2026-09-04T06:42:24.849833+09:00,고척돔,고척돔,POI086,KEY_2,1160014202,중앙로,1160125100,고척동 52-333,126.8646271411664230_37.4989471657823756,1160026901,구로소방서앞,126.8650507946293686_37.4981773243852032,93.0,15.0,서행,126.8650507946293686_37.4981773243852032|126.8648755784311248_37.4984981040910128|126.8646271411664230_37.4989471657823756
2026-09-04T06:42:24.849833+09:00,고척돔,고척돔,POI086,KEY_2,1160015701,안양천로537길,1160030604,동양미래대학앞교차로,126.8687232996965832_37.4996421945641814,1160038402,고척지하차도(북측),126.8699170172796187_37.5023839464348470,323.0,36.0,원활,126.8699170172796187_37.5023839464348470|126.8697728681989503_37.5021941044543823|126.8694643346875210_37.5013934109902394|126.8687232996965832_37.4996421945641814
2026-09-04T06:42:24.849833+09:00,고척돔,고척돔,POI086,KEY_2,1160015801,안양천로537길,1160038401,고척지하차도(북측),126.8700471287657763_37.5023532266215511,1160030601,동양미래대학앞교차로,126.8689872290022862_37.4995890371950367,322.0,32.5,원활,126.8689872290022862_37.4995890371950367|126.8697227149842348_37.5013271263434547|126.8700323395424050_37.5021306423309682|126.8700471287657763_37.5023532266215511
2026-09-04T06:42:24.849833+09:00,고척돔,고척돔,POI086,KEY_2,1160049000,안양천로,1160026001,고척지하차도(남측),126.8682164931016416_37.4980315828367239,2130015801,구로구-광명시,126.8683061872405204_37.4953711878066613,303.0,65.5,원활,126.8683061872405204_37.4953711878066613|126.8680791301081570_37.4959108832984143|126.8680192247021239_37.4961901165675542|126.8679713339188453_37.4963936246526259|126.8679416938823437_37.4965988803425390|126.8679353024971164_37.4968807087750235|126.8679467286440712_37.4970971053372253|126.8679814883963815_37.4974018031208942|126.8680806147528557_37.4977290078190819|126.8682164931016416_37.4980315828367239
2026-09-04T06:42:24.849833+09:00,고척돔,고척돔,POI086,KEY_2,1160049100,안양천로,2130015802,구로구-광명시,126.8681747476950505_37.4953419563867740,1160026002,고척지하차도(남측),126.8680887281871179_37.4980680227387566,310.0,48.3,원활,126.8680887281871179_37.4980680227387566|126.8679504014649098_37.4977599920923339|126.8678472427124149_37.4974194749191909|126.8678112852119142_37.4971042754339194|126.8677995486469570_37.4968820057548768|126.8678061330137012_37.4965917080895466|126.8678370716341277_37.4963774627470841|126.8678856475315513_37.4961710443316889|126.8679464131163144_37.4958878080200222|126.8681747476950505_37.4953419563867740
2026-09-04T06:42:24.849833+09:00,고척돔,고척돔,POI086,KEY_2,1160054400,안양천로,1160030602,동양미래대학앞교차로,126.8689427324677865_37.4994868075101664,1160026001,고척지하차도(남측),126.8682164931016416_37.4980315828367239,174.0,35.0,원활,126.8682164931016416_37.4980315828367239|126.8683718766255737_37.4982169168125878|126.8689427324677865_37.4994868075101664
2026-09-04T06:42:24.849833+09:00,고척돔,고척돔,POI086,KEY_2,1160054500,안양천로,1160026002,고척지하차도(남측),126.8680887281871179_37.4980680227387566,1160030603,동양미래대학앞교차로,126.8686779646894678_37.4995391473739801,172.0,36.0,원활,126.8686779646894678_37.4995391473739801|126.8681163619592382_37.4982898286822390|126.8680887281871179_37.4980680227387566
2026-09-04T06:42:24.849833+09:00,고척돔,고척돔,POI086,KEY_2,1160058300,경인로47길,1160030704,고척동 63-3,126.8674869579498932_37.4996940445519300,1160031102,동양미래대학교,126.8669875450639069_37.5000831480897503,62.0,14.0,정체,126.8669875450639069_37.5000831480897503|126.8673517388977388_37.4997995352371589|126.8674869579498932_37.4996940445519300
2026-09-04T06:42:24.849833+09:00,고척돔,고척돔,POI086,KEY_2,1160058400,경인로47길,1160031101,동양미래대학교,126.8672357269624626_37.5000410688331058,1160030701,고척동 63-3,126.8676484099707835_37.4997194117280301,51.0,25.0,원활,126.8676484099707835_37.4997194117280301|126.8674466402152063_37.4998768209931157|126.8672357269624626_37.5000410688331058
2026-09-04T06:42:24.849833+09:00,고척돔,고척돔,POI086,KEY_2,1160061600,안양천로,1160312300,최소노드배치점,126.8691669663092796_37.5001830167126542,1160026001,고척지하차도(남측),126.8682164931016416_37.4980315828367239,253.0,60.0,원활,126.8682164931016416_37.4980315828367239|126.8688997309864703_37.4995514775238874|126.8691669663092796_37.5001830167126542
2026-09-04T06:42:24.849833+09:00,광나루한강공원,광나루한강공원,POI087,KEY_3,1230005100,올림픽대로,1230052500,잠실대교JC,127.1008769588409706_37.5229114985517214,1230054000,올림픽대교남단IC,127.1051025385346520_37.5260799913631047,514.0,54.7,원활,127.1051025385346520_37.5260799913631047|127.1031412114076176_37.5243990994672458|127.1028266080407718_37.5241633671182342|127.1022828471172517_37.5237919497680679|127.1018469450196733_37.5234955300521236|127.1008769588409706_37.5229114985517214
2026-09-04T06:42:24.849833+09:00,광나루한강공원,광나루한강공원,POI087,KEY_3,1230005303,올림픽대로,1230056001,올림픽대교남단IC,127.1099294541211577_37.5335917221984587,1230056600,미성카센타,127.1133333362662370_37.5372311246279509,509.0,72.3,원활,127.1133333362662370_37.5372311246279509|127.1122417772533879_37.5363305814544859|127.1116797970572065_37.5358769804391983|127.1114369751523441_37.5356483557694247|127.1111851586531714_37.5354090108490368|127.1109647758809160_37.5351696358490798|127.1107848648134819_37.5349695574394744|127.1106138947897364_37.5347408627111747|127.1103754017710941_37.5343978047017046|127.1102043647706665_37.5341226232009859|127.1100737679640247_37.5338652841078755|127.1099294541211577_37.5335917221984587
2026-09-04T06:42:24.849833+09:00,광나루한강공원,광나루한강공원,POI087,KEY_3,1230005304,올림픽대로,1230056600,미성카센타,127.1133333362662370_37.5372311246279509,1240000703,송파구-강동구,127.1180715211807666_37.5411721498286326,606.0,64.5,원활,127.1180715211807666_37.5411721498286326|127.1178531270779786_37.5409665671253308|127.1174349307113829_37.5406093996140768|127.1157442858759907_37.5392200633587976|127.1133333362662370_37.5372311246279509
2026-09-04T06:42:24.849833+09:00,광나루한강공원,광나루한강공원,POI087,KEY_3,1230035900,강변북로.한가람로사이길,1230342900,최소노드배치점,127.1015149961345827_37.5246010575964561,1230052101,잠실대교JC,127.1014277624528717_37.5224635506086486,473.0,43.0,원활,127.1014277624528717_37.5224635506086486|127.1019012970064210_37.5227419164495544|127.1022293161336734_37.5229454568152008|127.1023955346630316_37.5230204059564443|127.1026425819513577_37.5231060119775464|127.1028940706044494_37.5231558555366931|127.1034374042296093_37.5232197458338632|127.1034778407937154_37.5232411659780993|127.1034868601301469_37.5232697648950335|127.1034734249590059_37.5232948074079431|127.1033926368200042_37.5233127576457974|127.1025529951041904_37.5232562760554629|127.1024721909816861_37.5232634983457274|127.1023734783107670_37.5233064941788044|127.1022972616788422_37.5233852285200129|127.1015149961345827_37.5246010575964561
2026-09-04T06:42:24.849833+09:00,광나루한강공원,광나루한강공원,POI087,KEY_3,1230037000,강동대로,1230002402,올림픽대교(남측),127.1085524663248947_37.5294043437257443,1230055300,올림픽대교JC,127.1070429303796345_37.5308586555323842,209.0,60.5,원활,127.1070429303796345_37.5308586555323842|127.1071826739481168_37.5307235038766933|127.1080659148240812_37.5298788826372558|127.1085524663248947_37.5294043437257443
2026-09-04T06:42:24.849833+09:00,광나루한강공원,광나루한강공원,POI087,KEY_3,1230037100,강동대로,1230055100,올림픽대교남단IC,127.1081706965742200_37.5299476979813633,1230002401,올림픽대교(남측),127.1086576634710497_37.5294727540513975,68.0,55.0,원활,127.1086576634710497_37.5294727540513975|127.1081706965742200_37.5299476979813633
2026-09-04T06:42:24.849833+09:00,광나루한강공원,광나루한강공원,POI087,KEY_3,1230090200,올림픽대로,1230054000,올림픽대교남단IC,127.1051025385346520_37.5260799913631047,1230055601,올림픽대교남단IC,127.1088850042010847_37.5302574334446248,576.0,64.0,원활,127.1088850042010847_37.5302574334446248|127.1087569682559320_37.5299831257084406|127.1086623868030614_37.5297829652675716|127.1085948294174557_37.5296399934726352|127.1085003472445152_37.5295077736948031|127.1082123774365158_37.5290860864164131|127.1079469834661637_37.5287501990476358|127.1075692455725772_37.5283464716297388|127.1067698727563737_37.5275344855949697|127.1051025385346520_37.5260799913631047
2026-09-04T06:42:24.849833+09:00,광나루한강공원,광나루한강공원,POI087,KEY_3,1230090400,올림픽대로,1230055601,올림픽대교남단IC,127.1088850042010847_37.5302574334446248,1230055100,올림픽대교남단IC,127.1081706965742200_37.5299476979813633,339.0,43.0,서행,127.1081706965742200_37.5299476979813633|127.1078345692699685_37.5304007809457758|127.1077032400517055_37.5306042495152852|127.1076712736896184_37.5307043059950090|127.1076482146884530_37.5308187018855577|127.1076699998539539_37.5309475558016175|127.1077233573010830_37.5310514745469277|127.1077813389797910_37.5311303664476981|127.1078887300662217_37.5312094231246149|127.1080142386506679_37.5312599212262654|127.1081398786947716_37.5312853793569801|127.1082745960005838_37.5312929811048477|127.1084543994672345_37.5312685359485343|127.1086209335816193_37.5312046974480467|127.1087245812778406_37.5311406499274369|127.1087878223726619_37.5310728913791465|127.1088422461959766_37.5309729085143360|127.1088832706566194_37.5308585715166814|127.1088927767297747_37.5307584399179603|127.1089025448454493_37.5306082268346017|127.1088850042010847_37.5302574334446248
2026-09-04T06:42:24.849833+09:00,광나루한강공원,광나루한강공원,POI087,KEY_3,1230090700,강동대로,1230055800,올림픽대교JC,127.1057403919076734_37.5322885127339063,1230055100,올림픽대교남단IC,127.1081706965742200_37.5299476979813633,337.0,73.5,원활,127.1081706965742200_37.5299476979813633|127.1072872786940309_37.5307924913453235|127.1057403919076734_37.5322885127339063
2026-09-04T06:42:24.849833+09:00,광나루한강공원,광나루한강공원,POI087,KEY_3,1230090800,올림픽대로,1230055800,올림픽대교JC,127.1057403919076734_37.5322885127339063,1230056001,올림픽대교남단IC,127.1099294541211577_37.5335917221984587,540.0,57.0,원활,127.1099294541211577_37.5335917221984587|127.1096262768232208_37.5330896658542983|127.1094795159279869_37.5328065769456458|127.1093907047227844_37.5326095338056689|127.1092454868847028_37.5323181025886257|127.1091476110435536_37.5321365306090513|127.1090762771443963_37.5320337463737346|127.1089958837828675_37.5319452405059266|127.1088587936477694_37.5318183898052453|127.1086976727481925_37.5317057689452653|127.1085573264984134_37.5316289886031740|127.1083751328115881_37.5315377602104405|127.1081748335834476_37.5314727050775119|127.1079863896938349_37.5314315378132548|127.1078277784543076_37.5314119318962369|127.1076302005832872_37.5313993521511904|127.1074384993772952_37.5314082537991993|127.1072706793245004_37.5314315449563765|127.1070547962320347_37.5314832934178995|127.1069138144955417_37.5315281360046669|127.1067757391387971_37.5315896821536654|127.1066526373526813_37.5316512776893703|127.1063641193078269_37.5318482588181652|127.1057403919076734_37.5322885127339063
2026-09-04T06:42:24.849833+09:00,광나루한강공원,광나루한강공원,POI087,KEY_3,1240045200,올림픽대로,1240020000,광나루안내센터앞,127.1217277682565907_37.5477735136945441,1240001200,경지리버캐슬,127.1230632962747364_37.5514363188395635,423.0,62.0,원활,127.1230632962747364_37.5514363188395635|127.1222773585622576_37.5492997494173082|127.1217277682565907_37.5477735136945441
2026-09-04T06:42:24.849833+09:00,광나루한강공원,광나루한강공원,POI087,KEY_3,1230091800,올림픽대로,1230056600,미성카센타,127.1133333362662370_37.5372311246279509,1230057400,천호대교JC,127.1157174036013373_37.5395156076707224,331.0,51.0,원활,127.1157174036013373_37.5395156076707224|127.1151468092735115_37.5390904403905097|127.1149641714684719_37.5389348300830221|127.1147295222956757_37.5387015434871998|127.1140182220692196_37.5379778060380431|127.1133333362662370_37.5372311246279509
2026-09-04T06:42:24.849833+09:00,광나루한강공원,광나루한강공원,POI087,KEY_3,1230091900,올림픽대로,1230056900,천호대교JC,127.1162142103148085_37.5388537608271946,1230057400,천호대교JC,127.1157174036013373_37.5395156076707224,178.0,34.0,서행,127.1157174036013373_37.5395156076707224|127.1154640026734057_37.5392882235603764|127.1153746464073464_37.5391925382371454|127.1153301531393680_37.5391089238801996|127.1153080896353629_37.5390313450269062|127.1153046362326791_37.5389746935386270|127.1153237071228119_37.5389061917311793|127.1153577047622036_37.5388466817326076|127.1154142265800857_37.5387753204867778|127.1154593628562139_37.5387337321685379|127.1155269466954394_37.5386951987887585|127.1156281753993653_37.5386657181129024|127.1157330715718530_37.5386511543116654|127.1158602757870142_37.5386664736148248|127.1159835987508444_37.5387086094438516|127.1162142103148085_37.5388537608271946
2026-09-04T06:42:24.849833+09:00,광나루한강공원,광나루한강공원,POI087,KEY_3,1230092600,올림픽대로,1230057400,천호대교JC,127.1157174036013373_37.5395156076707224,1240000704,송파구-강동구,127.1177702741646272_37.5412636326827069,266.0,62.3,원활,127.1177702741646272_37.5412636326827069|127.1173955639220026_37.5409316902013757|127.1157174036013373_37.5395156076707224
2026-09-04T06:42:24.849833+09:00,광나루한강공원,광나루한강공원,POI087,KEY_3,1230092900,올림픽대로,1230057400,천호대교JC,127.1157174036013373_37.5395156076707224,1230058100,천호대교,127.1159520970910961_37.5417466710169379,328.0,45.7,서행,127.1159520970910961_37.5417466710169379|127.1165541276385795_37.5414864175535428|127.1167530618793080_37.5413857073547419|127.1168245734631626_37.5413114132071115|127.1168848836948229_37.5412311204375655|127.1169340554431244_37.5411329051754237|127.1169495337675812_37.5410345809067465|127.1169499298096639_37.5409570747468919|127.1169242421861156_37.5408556359407726|127.1168686213662795_37.5407511192081316|127.1167570894564420_37.5405987236708256|127.1161827557995565_37.5400239001523843|127.1157174036013373_37.5395156076707224
2026-09-04T06:42:24.849833+09:00,광나루한강공원,광나루한강공원,POI087,KEY_3,1230093200,천호대로,1230425800,최소노드배치점,127.1206473646241477_37.5399649693936297,1230058100,천호대교,127.1159520970910961_37.5417466710169379,464.0,63.7,원활,127.1159520970910961_37.5417466710169379|127.1161491919131947_37.5416905000389676|127.1183256249000664_37.5410826767303547|127.1184867245484753_37.5410376841720819|127.1189581322967541_37.5408884029799665|127.1192856066919603_37.5407540814178731|127.1196722318756258_37.5405730840098570|127.1200712468310456_37.5403536063656276|127.1206473646241477_37.5399649693936297
2026-09-04T06:42:24.849833+09:00,광나루한강공원,광나루한강공원,POI087,KEY_3,1230093300,천호대로,1230058200,천호대교,127.1159661888353156_37.5418575359492053,1230057900,천호대교JC,127.1196303873800275_37.5407181431623798,348.0,59.0,원활,127.1196303873800275_37.5407181431623798|127.1193511805818588_37.5408488525534025|127.1190144651814933_37.5409869651035706|127.1185343214704062_37.5411390123457025|127.1183705829695612_37.5411847428288681|127.1161945568195506_37.5417924521301600|127.1159661888353156_37.5418575359492053
2026-09-04T06:42:24.849833+09:00,광나루한강공원,광나루한강공원,POI087,KEY_3,1230434300,천호대로,1230058301,광진구-강동구,127.1110000296090448_37.5432727264046662,1230058200,천호대교,127.1159661888353156_37.5418575359492053,466.0,63.0,원활,127.1159661888353156_37.5418575359492053|127.1110000296090448_37.5432727264046662
2026-09-04T06:42:24.849833+09:00,광나루한강공원,광나루한강공원,POI087,KEY_3,1230434400,천호대로,1230058100,천호대교,127.1159520970910961_37.5417466710169379,1230058302,광진구-강동구,127.1109540025240250_37.5431709639418898,469.0,56.5,원활,127.1109540025240250_37.5431709639418898|127.1159520970910961_37.5417466710169379
2026-09-04T06:42:24.849833+09:00,광나루한강공원,광나루한강공원,POI087,KEY_3,1240004002,수도권제1순환고속도로,1240030900,강일IC,127.1651625313621281_37.5734340461809779,1240030500,강일IC,127.1680363385314934_37.5723391779006377,337.0,60.3,원활,127.1680363385314934_37.5723391779006377|127.1679375057071582_37.5726668136497821|127.1678164127926607_37.5729466913235299|127.1676507446742903_37.5731429730831223|127.1673801822541492_37.5733449219623097|127.1671698867062048_37.5734695327726271|127.1669522874906590_37.5735523879642201|127.1666523159129412_37.5736290485050191|127.1663375230439925_37.5736698939382947|127.1660754297366083_37.5736512663853404|127.1656936991961686_37.5735846030556573|127.1651625313621281_37.5734340461809779
2026-09-04T06:42:24.849833+09:00,광나루한강공원,광나루한강공원,POI087,KEY_3,1240004102,수도권제1순환고속도로,1240031000,강일IC(북측),127.1634752871115808_37.5755388690718135,1240030400,강일IC(남측),127.1657495975126295_37.5728096914099865,363.0,91.0,원활,127.1657495975126295_37.5728096914099865|127.1634752871115808_37.5755388690718135
2026-09-04T06:42:24.849833+09:00,광나루한강공원,광나루한강공원,POI087,KEY_3,1240004302,수도권제1순환고속도로,1240030700,강일IC(남측),127.1653218540085248_37.5726985985708808,1240001800,강일IC(북측),127.1637915819941043_37.5745162605052201,243.0,71.2,원활,127.1637915819941043_37.5745162605052201|127.1653218540085248_37.5726985985708808
2026-09-04T06:42:24.849833+09:00,광나루한강공원,광나루한강공원,POI087,KEY_3,1240047100,올림픽대로,1240001200,경지리버캐슬,127.1230632962747364_37.5514363188395635,1240023602,토끼굴입구교차로,127.1239139566358176_37.5547761552695221,378.0,43.3,서행,127.1239139566358176_37.5547761552695221|127.1238319581724454_37.5545467811282307|127.1236789988214184_37.5539882420447455|127.1233559075293158_37.5527137092216492|127.1230632962747364_37.5514363188395635
2026-09-04T06:42:24.849833+09:00,광나루한강공원,광나루한강공원,POI087,KEY_3,1240004400,수도권제1순환고속도로,1240031000,강일IC(북측),127.1634752871115808_37.5755388690718135,1240031100,강일IC,127.1691443708316314_37.5755176901044976,603.0,63.7,원활,127.1691443708316314_37.5755176901044976|127.1683515051425104_37.5752531339766875|127.1671551774036573_37.5747549149552498|127.1659813385120970_37.5742567467394366|127.1657045812182645_37.5741665325013443|127.1655548210494828_37.5741541845667157|127.1653750434233388_37.5741536743072615|127.1651876429522900_37.5741829540882151|127.1650151694652351_37.5742241986279737|127.1648275280877840_37.5743071350576443|127.1646248509363346_37.5744019528390112|127.1634752871115808_37.5755388690718135
2026-09-04T06:42:24.849833+09:00,광나루한강공원,광나루한강공원,POI087,KEY_3,1240004500,수도권제1순환고속도로,1249098300,최소노드배치점,127.1633568206802778_37.5726671424708130,1240031100,강일IC,127.1691443708316314_37.5755176901044976,604.0,60.3,원활,127.1691443708316314_37.5755176901044976|127.1684057617363095_37.5752141751109505|127.1677143859803891_37.5748694120681677|127.1668248690925651_37.5744435969194015|127.1660475110784745_37.5740657898579471|127.1652888200322025_37.5737029359402825|127.1637676876223964_37.5729831642507293|127.1636032703812162_37.5728992267665660|127.1634986974201382_37.5728333458983386|127.1634241141811543_37.5727615876864576|127.1633682832330834_37.5726839217883821|127.1633568206802778_37.5726671424708130
2026-09-04T06:42:24.849833+09:00,광나루한강공원,광나루한강공원,POI087,KEY_3,1240004800,수도권제1순환고속도로,1240030300,강일IC,127.1606499758005384_37.5714359568575702,1240001800,강일IC(북측),127.1637915819941043_37.5745162605052201,502.0,61.7,원활,127.1637915819941043_37.5745162605052201|127.1640728136204643_37.5738936067012759|127.1641112573887256_37.5736731197052549|127.1640745545810915_37.5735060768960238|127.1639705689491251_37.5733090325426957|127.1638363274989985_37.5731774845940123|127.1636796150773421_37.5730458730428509|127.1632012909007443_37.5728060257228620|127.1613554414870180_37.5718468130863954|127.1606499758005384_37.5714359568575702
2026-09-04T06:42:24.849833+09:00,광나루한강공원,광나루한강공원,POI087,KEY_3,1240041400,올림픽대로,1230058200,천호대교,127.1159661888353156_37.5418575359492053,1240017800,천호동480-7,127.1193551490127760_37.5429706223890776,366.0,49.0,서행,127.1193551490127760_37.5429706223890776|127.1191149729041570_37.5426412172727382|127.1186559044189437_37.5422152338548187|127.1184172538477384_37.5420284458060749|127.1182143981745298_37.5418703903455224|127.1180314731057592_37.5417684432610983|127.1178670693293213_37.5417053095727766|127.1176913435667331_37.5416600249226207|127.1175267263362656_37.5416386243567644|127.1173919531962753_37.5416381871796503|127.1171934003703683_37.5416643737201525|127.1159661888353156_37.5418575359492053
2026-09-04T06:42:24.849833+09:00,광나루한강공원,광나루한강공원,POI087,KEY_3,1240041700,올림픽대로,1240000704,송파구-강동구,127.1177702741646272_37.5412636326827069,1240017800,천호동480-7,127.1193551490127760_37.5429706223890776,237.0,61.3,원활,127.1193551490127760_37.5429706223890776|127.1191614498819717_37.5426306349992416|127.1189681247738150_37.5423646982119266|127.1186924398611637_37.5420984952193777|127.1182602045156358_37.5416976373432547|127.1177702741646272_37.5412636326827069
2026-09-04T06:42:24.849833+09:00,광나루한강공원,광나루한강공원,POI087,KEY_3,1240042100,올림픽대로,1240017800,천호동480-7,127.1193551490127760_37.5429706223890776,1240018300,상행4교,127.1200789348837787_37.5446471106927930,197.0,55.7,원활,127.1200789348837787_37.5446471106927930|127.1198037347710965_37.5439880095403069|127.1194795577771686_37.5432428947114047|127.1193551490127760_37.5429706223890776
2026-09-04T06:42:24.849833+09:00,광나루한강공원,광나루한강공원,POI087,KEY_3,1240042302,올림픽대로,1240032400,상행4교,127.1204348553451950_37.5446076809158882,1240020000,광나루안내센터앞,127.1217277682565907_37.5477735136945441,370.0,65.0,원활,127.1217277682565907_37.5477735136945441|127.1213840772890364_37.5468190353825406|127.1212036413887034_37.5463293298339167|127.1210368608753214_37.5459504616287774|127.1207574154174154_37.5453285505199403|127.1204348553451950_37.5446076809158882
2026-09-04T06:42:24.849833+09:00,광나루한강공원,광나루한강공원,POI087,KEY_3,1240042400,올림픽대로,1240018000,광진교(동측),127.1177651433606286_37.5433963082104114,1240018300,상행4교,127.1200789348837787_37.5446471106927930,276.0,45.0,서행,127.1200789348837787_37.5446471106927930|127.1196730132447357_37.5440734423594407|127.1195971491536056_37.5439730353192189|127.1195077699718183_37.5438797381744678|127.1194048407431296_37.5438007066636459|127.1189614043024676_37.5435381364146963|127.1187150792044207_37.5433870966714593|127.1185940715525788_37.5433294696328730|127.1184774296472852_37.5432968975747983|127.1183786120777057_37.5432930007483918|127.1182572765543597_37.5432997635863899|127.1177651433606286_37.5433963082104114
2026-09-04T06:42:24.849833+09:00,광나루한강공원,광나루한강공원,POI087,KEY_3,1240042800,올림픽대로,1240018300,상행4교,127.1200789348837787_37.5446471106927930,1240018200,천호대교JC,127.1211431987809704_37.5447471157151540,162.0,38.7,서행,127.1211431987809704_37.5447471157151540|127.1211604267792268_37.5448938392005402|127.1211239968275066_37.5449903077650191|127.1210651588128684_37.5450759737932458|127.1209840003271978_37.5451329487343273|127.1208984774984714_37.5451648695119218|127.1207950378878309_37.5451860010776883|127.1206871406906345_37.5451999633571774|127.1205703678194112_37.5451924340691718|127.1204761672079258_37.5451635135530495|127.1203911338036221_37.5450988491057771|127.1202036036161900_37.5448693016934172|127.1200789348837787_37.5446471106927930
2026-09-04T06:42:24.849833+09:00,광나루한강공원,광나루한강공원,POI087,KEY_3,1240043700,올림픽대로,1240018300,상행4교,127.1200789348837787_37.5446471106927930,1240020000,광나루안내센터앞,127.1217277682565907_37.5477735136945441,377.0,56.7,원활,127.1217277682565907_37.5477735136945441|127.1212759966970225_37.5469153604550527|127.1210049801465232_37.5463135111228326|127.1209069734959058_37.5461486431880829|127.1206662160814318_37.5457829894321264|127.1204255690761471_37.5453958723591228|127.1202696502783169_37.5451342307823310|127.1201275194644040_37.5448118206155357|127.1200789348837787_37.5446471106927930
2026-09-04T06:42:24.849833+09:00,광나루한강공원,광나루한강공원,POI087,KEY_3,1240048400,올림픽대로,1240023601,토끼굴입구교차로,127.1239539812538482_37.5548831627873270,1240001404,토끼굴입구교차로,127.1250320763398065_37.5548511707998713,95.0,36.7,원활,127.1250320763398065_37.5548511707998713|127.1239539812538482_37.5548831627873270
2026-09-04T06:42:24.849833+09:00,광나루한강공원,광나루한강공원,POI087,KEY_3,1240049000,올림픽대로,1240001200,경지리버캐슬,127.1230632962747364_37.5514363188395635,1240025100,한강공원광나루지구앞,127.1269478033680542_37.5596504528202146,978.0,44.0,서행,127.1269478033680542_37.5596504528202146|127.1267496973602817_37.5593753265502670|127.1265066019370522_37.5590573372870296|127.1262273815180919_37.5586249595653143|127.1260337536956229_37.5583390999885367|127.1258490752626926_37.5580317751064641|127.1256418735539881_37.5576851390736692|127.1254301889410527_37.5573420834741540|127.1252499164838241_37.5569811156751996|127.1250966558760211_37.5566558768257437|127.1248848334649182_37.5562270003697236|127.1247360440222423_37.5558874529512821|127.1245781829503017_37.5554942767383437|127.1244112578118575_37.5550510486342262|127.1242397953772922_37.5545792183717495|127.1238473589382494_37.5535676683159139|127.1230632962747364_37.5514363188395635
2026-09-04T06:42:24.849833+09:00,광나루한강공원,광나루한강공원,POI087,KEY_3,1240055102,올림픽대로,1240090702,암사IC(동측),127.1362722116925994_37.5665738586957119,1240090901,암사IC,127.1394559378402249_37.5670778105045855,290.0,79.0,원활,127.1394559378402249_37.5670778105045855|127.1392235027427517_37.5670837960173998|127.1387484463464119_37.5670734478306017|127.1384095245911254_37.5670446840480778|127.1379356221320194_37.5669908429020794|127.1376427892064527_37.5669474737897886|127.1373686766040549_37.5669013071047218|127.1370990240938568_37.5668372561549120|127.1367978928529539_37.5667553608164653|127.1362722116925994_37.5665738586957119
2026-09-04T06:42:24.849833+09:00,광나루한강공원,광나루한강공원,POI087,KEY_3,1240055103,올림픽대로,1240090202,암사IC(서측),127.1308373655388664_37.5634694337541291,1240090702,암사IC(동측),127.1362722116925994_37.5665738586957119,594.0,76.3,원활,127.1362722116925994_37.5665738586957119|127.1359618092228487_37.5664666845864019|127.1356965859733208_37.5663668666233050|127.1352739684259205_37.5661742566018333|127.1347748760588274_37.5659209431275443|127.1340149204080774_37.5654891321954594|127.1334438721459890_37.5651858336020723|127.1329177577794809_37.5648860567984357|127.1325580067021122_37.5646719116931251|127.1321217855294492_37.5643970609068134|127.1316495417214725_37.5640721875436014|127.1313256970069148_37.5638365431922949|127.1308938962237960_37.5635151978296022|127.1308373655388664_37.5634694337541291
2026-09-04T06:42:24.849833+09:00,광나루한강공원,광나루한강공원,POI087,KEY_3,1240055104,올림픽대로,1240025100,한강공원광나루지구앞,127.1269478033680542_37.5596504528202146,1240090202,암사IC(서측),127.1308373655388664_37.5634694337541291,547.0,71.0,원활,127.1308373655388664_37.5634694337541291|127.1304395565809671_37.5631473897905153|127.1297692396458956_37.5625688430569511|127.1293553268536130_37.5621938351308913|127.1289548887118599_37.5618152340556080|127.1286624204853126_37.5615294868736953|127.1282079077977443_37.5610472428759650|127.1279469249624725_37.5607829142085734|127.1277579236502930_37.5605828724556119|127.1273528761989411_37.5601256030252131|127.1271323445065207_37.5598719561348560|127.1269478033680542_37.5596504528202146
2026-09-04T06:42:24.849833+09:00,광나루한강공원,광나루한강공원,POI087,KEY_3,1240057300,올림픽대로,1240030300,강일IC,127.1606499758005384_37.5714359568575702,1240030900,강일IC,127.1651625313621281_37.5734340461809779,456.0,72.3,원활,127.1651625313621281_37.5734340461809779|127.1632490113124447_37.5725223673562283|127.1606499758005384_37.5714359568575702
2026-09-04T06:42:24.849833+09:00,광나루한강공원,광나루한강공원,POI087,KEY_3,1240057500,서울양양고속도로,1240030900,강일IC,127.1651625313621281_37.5734340461809779,1240031100,강일IC,127.1691443708316314_37.5755176901044976,421.0,74.5,원활,127.1691443708316314_37.5755176901044976|127.1684720445243215_37.5751921035002070|127.1679862738846367_37.5749460640484614|127.1673070552934064_37.5745822937581835|127.1651625313621281_37.5734340461809779
2026-09-04T06:42:24.849833+09:00,광나루한강공원,광나루한강공원,POI087,KEY_3,1240059700,올림픽대로,1240017800,천호동480-7,127.1193551490127760_37.5429706223890776,1240032400,상행4교,127.1204348553451950_37.5446076809158882,206.0,65.0,원활,127.1204348553451950_37.5446076809158882|127.1201623800669296_37.5441394084785358|127.1198193379672148_37.5435695202564261|127.1196945642871015_37.5433687916018997|127.1195071488959343_37.5431177801974911|127.1193551490127760_37.5429706223890776
2026-09-04T06:42:24.849833+09:00,광나루한강공원,광나루한강공원,POI087,KEY_3,1240216500,올림픽대로,1240090202,암사IC(서측),127.1308373655388664_37.5634694337541291,1240090300,암사IC,127.1311901252658743_37.5637979024442927,48.0,61.0,원활,127.1311901252658743_37.5637979024442927|127.1310138827218452_37.5636337964583262|127.1308373655388664_37.5634694337541291
2026-09-04T06:42:24.849833+09:00,광나루한강공원,광나루한강공원,POI087,KEY_3,1240216700,올림픽대로,1240090300,암사IC,127.1311901252658743_37.5637979024442927,1240090500,암사IC,127.1329986169290862_37.5660652670102877,318.0,56.7,원활,127.1329986169290862_37.5660652670102877|127.1328953941539055_37.5659201364822906|127.1328683589674426_37.5657876034544600|127.1328605096152273_37.5656794288641009|127.1328678177050620_37.5654828603696558|127.1328713805042128_37.5653335298719071|127.1328673549299992_37.5652223038032886|127.1328537636253913_37.5651141329609501|127.1328152880906686_37.5650059928144842|127.1327730376240623_37.5649283303708970|127.1326867371606824_37.5648354806896165|127.1325793638164470_37.5647350366917578|127.1319258660842877_37.5643015086600727|127.1313737935168007_37.5639166927200563|127.1311901252658743_37.5637979024442927
2026-09-04T06:42:24.849833+09:00,광나루한강공원,광나루한강공원,POI087,KEY_3,2210114600,수도권제1순환고속도로,2219109600,최소노드배치점,127.1609957002902433_37.5785547087026899,1240031000,강일IC(북측),127.1634752871115808_37.5755388690718135,400.0,95.3,원활,127.1634752871115808_37.5755388690718135|127.1610498332658210_37.5784891172327278|127.1609957002902433_37.5785547087026899
2026-09-04T06:42:24.849833+09:00,광나루한강공원,광나루한강공원,POI087,KEY_3,1240217100,올림픽대로,1240090300,암사IC,127.1311901252658743_37.5637979024442927,1240090800,암사IC,127.1365972294102136_37.5651414590423798,693.0,56.3,원활,127.1365972294102136_37.5651414590423798|127.1366263498069742_37.5655247592747017|127.1366167971389984_37.5656929654523779|127.1365649460693987_37.5658421591015284|127.1365017738534391_37.5659610923698466|127.1364258738261981_37.5660542502193593|127.1363443474445631_37.5661507779322008|127.1362559045065979_37.5662221956221316|127.1361627886459758_37.5662828859782465|127.1360539698548564_37.5663292820469792|127.1359376504363468_37.5663766290928933|127.1358095231906304_37.5664104188161829|127.1356841884783364_37.5664318678621783|127.1355588365373990_37.5664432247464291|127.1354531846279627_37.5664411025320177|127.1353489279283622_37.5664356161090396|127.1352108326978083_37.5664111059951153|127.1350797559133667_37.5663731304233295|127.1349599506734194_37.5663351418212059|127.1347329831988588_37.5662412119071334|127.1345299467184589_37.5661371604368099|127.1342169603501446_37.5659917464286082|127.1340214186574826_37.5658947989163110|127.1335532128112504_37.5656929956492291|127.1332924858514275_37.5655570489759256|127.1331657550513938_37.5654850024289502|127.1330075339983523_37.5653758269636810|127.1328322008377683_37.5652387973408679|127.1326037771345341_37.5650332117797632|127.1323717324360416_37.5648140500230099|127.1322296265415730_37.5646762668406211|127.1320398864888830_37.5645135188209238|127.1318015860040163_37.5643079445266750|127.1315363565676506_37.5641031115349975|127.1313266480101163_37.5639559655156603|127.1311901252658743_37.5637979024442927
2026-09-04T06:42:24.849833+09:00,광나루한강공원,광나루한강공원,POI087,KEY_3,1240217200,올림픽대로,1240090701,암사IC(동측),127.1364229071871677_37.5663677147302906,1240090500,암사IC,127.1329986169290862_37.5660652670102877,429.0,49.0,서행,127.1329986169290862_37.5660652670102877|127.1329600232939043_37.5659203700531990|127.1329477880620686_37.5657735359934364|127.1329571774073059_37.5656667286276971|127.1329953312629755_37.5655656083791030|127.1330524000476601_37.5654702791231472|127.1331395872142025_37.5653680962422101|127.1332719276441736_37.5652471288348551|127.1334574976156517_37.5651451697874421|127.1336425154903651_37.5650873571503965|127.1338331574076790_37.5650681545166520|127.1339956210931490_37.5650678927528929|127.1341503653642917_37.5650884588409824|127.1343907537342943_37.5651804419851203|127.1347988979699153_37.5654176755140767|127.1361786059709686_37.5661791595674472|127.1364229071871677_37.5663677147302906
2026-09-04T06:42:24.849833+09:00,광나루한강공원,광나루한강공원,POI087,KEY_3,1240217300,올림픽대로,1240032202,암사IC,127.1348105358614475_37.5657190763764177,1240090702,암사IC(동측),127.1362722116925994_37.5665738586957119,536.0,52.0,원활,127.1362722116925994_37.5665738586957119|127.1355422138825730_37.5663616190620218|127.1348522274947328_37.5660240593168595|127.1342908298379797_37.5657067127172297|127.1341501924355697_37.5656478330757935|127.1340163428170911_37.5656032849037871|127.1338410826988223_37.5655780026662782|127.1336805566699155_37.5655762771312212|127.1335679829956007_37.5655935685079001|127.1334553318832974_37.5656328324409614|127.1333445177709223_37.5657000728031463|127.1332756414529683_37.5657719725260222|127.1332170858739090_37.5658548445979292|127.1331755937859640_37.5659449107621697|127.1331652662762650_37.5660414865934911|127.1331867609522135_37.5661374994450910|127.1332400486171395_37.5662272919825639|127.1333189293997492_37.5663054624892823|127.1334168092737400_37.5663671403775368|127.1335308265165622_37.5664115431693588|127.1336547605761496_37.5664370029105470|127.1337870236855281_37.5664456260945272|127.1339187209134565_37.5664270829611198|127.1340416062283367_37.5663864212405372|127.1341479884932824_37.5663306954828826|127.1342383507524829_37.5662603980275662|127.1343304101638694_37.5661885497603620|127.1344106509993281_37.5661070895429674|127.1348105358614475_37.5657190763764177
2026-09-04T06:42:24.849833+09:00,광나루한강공원,광나루한강공원,POI087,KEY_3,1240217600,올림픽대로,2210023201,구리암사대교(남측),127.1334726884199142_37.5674589454839420,1240090901,암사IC,127.1394559378402249_37.5670778105045855,575.0,63.7,원활,127.1394559378402249_37.5670778105045855|127.1391618742425180_37.5671175478771460|127.1387317818069249_37.5671512557337621|127.1381680858627021_37.5671271691521014|127.1378284097649924_37.5670932364760404|127.1374725327581388_37.5670450228944262|127.1372447989842129_37.5670107436991003|127.1369697781383366_37.5669581404343518|127.1367585584036846_37.5669140446188194|127.1365455306683003_37.5668628011187735|127.1363783400160372_37.5668179373993993|127.1362139303013947_37.5667647999988148|127.1360363612497935_37.5667022909636685|127.1358671842482835_37.5666359499810625|127.1357252808234790_37.5665890154760760|127.1355862061503359_37.5665495495053392|127.1354603154168927_37.5665272655413673|127.1352987581030334_37.5665184813906166|127.1351409859530435_37.5665253898261540|127.1350085934929695_37.5665449784701764|127.1348612114022671_37.5665847708890581|127.1347194891144881_37.5666380121291681|127.1345881243871787_37.5667061961113262|127.1344361688853581_37.5668140219592956|127.1342926771646944_37.5669293153423993|127.1341501309783979_37.5670475978779947|127.1339456741921055_37.5672093135944110|127.1334726884199142_37.5674589454839420
2026-09-04T06:42:24.849833+09:00,광나루한강공원,광나루한강공원,POI087,KEY_3,1240224500,구천면로,1249098600,최소노드배치점,127.1150320984369557_37.5442471099520390,1240018000,광진교(동측),127.1177651433606286_37.5433963082104114,259.0,53.0,원활,127.1177651433606286_37.5433963082104114|127.1150320984369557_37.5442471099520390
2026-09-04T06:42:24.849833+09:00,광나루한강공원,광나루한강공원,POI087,KEY_3,1240225700,양재대로,2210023201,구리암사대교(남측),127.1334726884199142_37.5674589454839420,1240032201,암사IC,127.1349194171493338_37.5657805051552458,226.0,66.5,원활,127.1349194171493338_37.5657805051552458|127.1347113561779594_37.5660250553624380|127.1343030318637659_37.5664722466768595|127.1334726884199142_37.5674589454839420
2026-09-04T06:42:24.849833+09:00,광나루한강공원,광나루한강공원,POI087,KEY_3,1240225800,양재대로,1240032202,암사IC,127.1348105358614475_37.5657190763764177,2210023202,구리암사대교(남측),127.1333607373298094_37.5673990317431219,226.0,72.5,원활,127.1333607373298094_37.5673990317431219|127.1339898006687719_37.5666507311606352|127.1345996182809017_37.5659635700386403|127.1347596556099120_37.5657752217915260|127.1348105358614475_37.5657190763764177
2026-09-04T06:42:24.849833+09:00,광나루한강공원,광나루한강공원,POI087,KEY_3,1249001300,올림픽대로,1249000900,강동고덕IC,127.1454005448970577_37.5666132262366972,1249001700,강동고덕IC,127.1492121179498014_37.5666314223501203,339.0,64.7,원활,127.1492121179498014_37.5666314223501203|127.1491517684305705_37.5666506266823532|127.1490891987170784_37.5666668338693199|127.1490241536903909_37.5666798852292416|127.1489563782325547_37.5666896220796218|127.1488856172266821_37.5666958857371682|127.1488116155573067_37.5666985175178283|127.1487538341527852_37.5666980124752143|127.1486939787477439_37.5666953082959765|127.1486319417171700_37.5666903380342205|127.1482595541863247_37.5666553171452406|127.1481842141033667_37.5666458129190204|127.1481029864332157_37.5666368475785077|127.1480166691343072_37.5666284947251015|127.1479105974525794_37.5666196220394184|127.1477999514545161_37.5666118000809703|127.1476859982637393_37.5666051457360766|127.1475700050023363_37.5665997758956252|127.1474532387909591_37.5665958074551938|127.1473534987606371_37.5665936099474820|127.1472549197459756_37.5665926015455014|127.1471742331369512_37.5665927226699523|127.1460812311838140_37.5666310345758490|127.1454005448970577_37.5666132262366972
2026-09-04T06:42:24.849833+09:00,광나루한강공원,광나루한강공원,POI087,KEY_3,1249004200,세종포천고속도로,1249003800,속성변화점,127.1538504256544826_37.5669421443272782,1249004200,강동고덕IC,127.1531229995195389_37.5684066576774143,177.0,65.7,원활,127.1531229995195389_37.5684066576774143|127.1535588105884784_37.5677732648299880|127.1535929995864933_37.5677180275478122|127.1536248360431784_37.5676632906555739|127.1536543679879827_37.5676090409917052|127.1536816434500565_37.5675552653944180|127.1537067104583940_37.5675019507018462|127.1537296170416482_37.5674490837518178|127.1537504112283159_37.5673966513820972|127.1537691410466238_37.5673446404302638|127.1537858545246706_37.5672930377337835|127.1538005996902143_37.5672418301299587|127.1538134245708846_37.5671910044559638|127.1538243771941552_37.5671405475488882|127.1538335055871727_37.5670904462456576|127.1538408577770412_37.5670406873831837|127.1538464817905947_37.5669912577981435|127.1538504256544826_37.5669421443272782
2026-09-04T06:42:24.849833+09:00,광나루한강공원,광나루한강공원,POI087,KEY_3,1249004300,세종포천고속도로,1249004000,고덕토평대교남측,127.1545591558637369_37.5669550891076014,1249004200,강동고덕IC,127.1531229995195389_37.5684066576774143,205.0,95.2,원활,127.1531229995195389_37.5684066576774143|127.1532135199928177_37.5683248961847838|127.1533046506330322_37.5682413080580773|127.1533960872386615_37.5681562109459009|127.1534875266374343_37.5680699219237368|127.1535786664171752_37.5679827576630743|127.1536691796681140_37.5678950588425877|127.1537810724618538_37.5677850763585255|127.1538909404785898_37.5676753577294917|127.1539982208116442_37.5675664961815983|127.1541023247567068_37.5674591108636875|127.1542026905767671_37.5673537932635924|127.1542798270779571_37.5672715179325110|127.1543538975981420_37.5671912761153450|127.1544245713835153_37.5671134180022293|127.1545591558637369_37.5669550891076014
2026-09-04T06:42:24.849833+09:00,광나루한강공원,광나루한강공원,POI087,KEY_3,1249004400,세종포천고속도로,1249004200,강동고덕IC,127.1531229995195389_37.5684066576774143,1249004300,속성변화점,127.1522537238791841_37.5691179051641413,110.0,85.0,원활,127.1522537238791841_37.5691179051641413|127.1523607796468411_37.5690333491446182|127.1525902903006937_37.5688563531528530|127.1526498118070663_37.5688094067240073|127.1527108078899033_37.5687602660624833|127.1527731575753677_37.5687090563237618|127.1528367244431763_37.5686559157201145|127.1529013741228908_37.5686009814704747|127.1529669738312691_37.5685443899934768|127.1530333557997778_37.5684863087568388|127.1531229995195389_37.5684066576774143
2026-09-04T06:42:24.849833+09:00,광나루한강공원,광나루한강공원,POI087,KEY_3,1249004900,세종포천고속도로,1249004700,속성변화점,127.1532558940064632_37.5685317270623784,1249004400,강동고덕IC,127.1543111086451745_37.5675084796111562,147.0,88.0,원활,127.1543111086451745_37.5675084796111562|127.1542642049294614_37.5675576974918073|127.1541590918255054_37.5676661240150978|127.1540508224112784_37.5677759894576084|127.1539399686044192_37.5678866927681128|127.1538271281338837_37.5679976069766965|127.1537357464921456_37.5680861473637577|127.1536437611318320_37.5681741204938291|127.1535514394082611_37.5682612423114790|127.1534590731802581_37.5683472047559022|127.1533669535522648_37.5684317001723187|127.1532753706052858_37.5685144214808062|127.1532558940064632_37.5685317270623784
2026-09-04T06:42:24.849833+09:00,광나루한강공원,광나루한강공원,POI087,KEY_3,1249005500,올림픽대로,1249004900,강동고덕IC,127.1556172088553183_37.5685808780140178,1249005100,강동고덕IC,127.1594245200947029_37.5708609109450435,442.0,56.7,원활,127.1594245200947029_37.5708609109450435|127.1588715773559244_37.5706859281288743|127.1580595927379278_37.5703110920263939|127.1579691582908254_37.5702726713072863|127.1578110747222468_37.5702093065536431|127.1569625645828836_37.5698849616775519|127.1565017725998672_37.5696886070384934|127.1564544256262366_37.5696560720357198|127.1564114406254049_37.5696225646814881|127.1563728176568731_37.5695880711070558|127.1563353706094972_37.5695489725379588|127.1563032017711521_37.5695086454000986|127.1562763112197274_37.5694670712322036|127.1562546990325870_37.5694242315722349|127.1562383652865975_37.5693801079574996|127.1561674568100102_37.5691095660189305|127.1561466169877406_37.5690521608998296|127.1561279777383930_37.5690062093171449|127.1561065119989706_37.5689596704125321|127.1560841316127437_37.5689180059745880|127.1560577006417532_37.5688766896133117|127.1560260854565882_37.5688363298500576|127.1559910932286499_37.5688002241587924|127.1559519866989518_37.5687672624400264|127.1559080286109520_37.5687363345928915|127.1558584817111210_37.5687063305148499|127.1556172088553183_37.5685808780140178
2026-09-04T06:42:24.849833+09:00,광나루한강공원,광나루한강공원,POI087,KEY_3,1249005600,세종포천고속도로,2219001400,강동구-구리시,127.1514647427795097_37.5699413360462344,1249004700,속성변화점,127.1532558940064632_37.5685317270623784,223.0,88.0,원활,127.1532558940064632_37.5685317270623784|127.1531846520407072_37.5685950277339202|127.1531172624208637_37.5686539907219981|127.1530506549390651_37.5687114516808691|127.1529849125477512_37.5687673145237468|127.1529201531859457_37.5688214521152730|127.1528564932069401_37.5688737381209066|127.1527940469153464_37.5689240471999000|127.1527329440634304_37.5689722409552118|127.1525034848036881_37.5691491975690255|127.1523967485271243_37.5692335013670586|127.1522547258818037_37.5693439987906217|127.1520462644153895_37.5695038996392867|127.1517314946208330_37.5697420983592494|127.1514647427795097_37.5699413360462344
2026-09-04T06:42:24.849833+09:00,광나루한강공원,광나루한강공원,POI087,KEY_3,2219001100,세종포천고속도로,1249004300,속성변화점,127.1522537238791841_37.5691179051641413,2219001300,강동구-구리시,127.1512993803769831_37.5698423595654631,117.0,90.0,원활,127.1512993803769831_37.5698423595654631|127.1515915337838010_37.5696241497645218|127.1519053223385924_37.5693866939154546|127.1521127670735893_37.5692275731775283|127.1522537238791841_37.5691179051641413
2026-09-04T06:42:24.849833+09:00,광화문광장,광화문광장,POI088,KEY_4,1000000902,새문안로,1000008401,신문로1가141,126.9756642084840337_37.5702188245241615,1000009300,세종로208,126.9762005801091362_37.5702231750732523,47.0,46.0,원활,126.9762005801091362_37.5702231750732523|126.9756642084840337_37.5702188245241615
2026-09-04T06:42:24.849833+09:00,광화문광장,광화문광장,POI088,KEY_4,1000000903,새문안로,1000214200,세종대로사거리,126.9766244379145377_37.5702266110763219,1000009004,세종대로사거리,126.9769755542479714_37.5702294562480148,31.0,41.3,원활,126.9769755542479714_37.5702294562480148|126.9766244379145377_37.5702266110763219
2026-09-04T06:42:24.849833+09:00,광화문광장,광화문광장,POI088,KEY_4,1000001301,종로,1000009001,세종대로사거리,126.9771187019505163_37.5702314111293560,1000009700,종로1가1-3,126.9777559525715844_37.5702421551131351,56.0,28.0,원활,126.9777559525715844_37.5702421551131351|126.9771187019505163_37.5702314111293560
2026-09-04T06:42:24.849833+09:00,광화문광장,광화문광장,POI088,KEY_4,1000001302,종로,1000009700,종로1가1-3,126.9777559525715844_37.5702421551131351,1000008804,광화문우체국,126.9784336631558119_37.5702494972367163,60.0,34.0,원활,126.9784336631558119_37.5702494972367163|126.9779432056922133_37.5702453112944994|126.9777559525715844_37.5702421551131351
2026-09-04T06:42:24.849833+09:00,광화문광장,광화문광장,POI088,KEY_4,1000001402,종로,1000008803,광화문우체국,126.9784351192109852_37.5701413844145975,1000008000,동아일보사,126.9777588281918099_37.5701340596360964,60.0,12.0,정체,126.9777588281918099_37.5701340596360964|126.9779453713088060_37.5701372048683524|126.9784351192109852_37.5701413844145975
2026-09-04T06:42:24.849833+09:00,광화문광장,광화문광장,POI088,KEY_4,1000008305,사직로8길,1000030902,세종로공원,126.9763299470461675_37.5743620222710391,1000016700,광화문,126.9763532157447088_37.5747826865806687,47.0,40.0,원활,126.9763532157447088_37.5747826865806687|126.9763299470461675_37.5743620222710391
2026-09-04T06:42:24.849833+09:00,광화문광장,광화문광장,POI088,KEY_4,1000008306,사직로8길,1000030901,세종로공원,126.9763653836261312_37.5741476322646690,1000030902,세종로공원,126.9763299470461675_37.5743620222710391,24.0,23.5,서행,126.9763299470461675_37.5743620222710391|126.9763653836261312_37.5741476322646690
2026-09-04T06:42:24.849833+09:00,광화문광장,광화문광장,POI088,KEY_4,1000008403,세종대로,1000178600,세종로 84-12,126.9773435970436708_37.5716353187199061,1000010301,주한네덜란드대사관,126.9773205016073234_37.5708618739457165,86.0,51.0,원활,126.9773205016073234_37.5708618739457165|126.9773435970436708_37.5716353187199061
2026-09-04T06:42:24.849833+09:00,광화문광장,광화문광장,POI088,KEY_4,1000008404,세종대로,1000031103,대한민국역사박물관,126.9772668410657133_37.5742389331108342,1000013701,미국대사관,126.9773127388234570_37.5727861811112405,161.0,22.0,서행,126.9773127388234570_37.5727861811112405|126.9772668410657133_37.5742389331108342
2026-09-04T06:42:24.849833+09:00,광화문광장,광화문광장,POI088,KEY_4,1000008405,세종대로,1000031102,대한민국역사박물관,126.9772570032702248_37.5744554912241924,1000031103,대한민국역사박물관,126.9772668410657133_37.5742389331108342,24.0,25.0,원활,126.9772668410657133_37.5742389331108342|126.9772570032702248_37.5744554912241924
2026-09-04T06:42:24.849833+09:00,광화문광장,광화문광장,POI088,KEY_4,1000008406,세종대로,1000013701,미국대사관,126.9773127388234570_37.5727861811112405,1000013702,미국대사관,126.9773159428094118_37.5726780742018107,12.0,9.0,정체,126.9773159428094118_37.5726780742018107|126.9773127388234570_37.5727861811112405
2026-09-04T06:42:24.849833+09:00,광화문광장,광화문광장,POI088,KEY_4,1000009901,사직로8길,1000015501,정부중앙청사별관,126.9745359191347660_37.5741633893777163,1000015902,중앙지하차도(서측),126.9756117227963585_37.5742176029672024,95.0,31.0,원활,126.9756117227963585_37.5742176029672024|126.9745359191347660_37.5741633893777163
2026-09-04T06:42:24.849833+09:00,광화문광장,광화문광장,POI088,KEY_4,1000009902,사직로8길,1000015902,중앙지하차도(서측),126.9756117227963585_37.5742176029672024,1000030902,세종로공원,126.9763299470461675_37.5743620222710391,66.0,31.0,원활,126.9763299470461675_37.5743620222710391|126.9758706991731145_37.5743046632961182|126.9756117227963585_37.5742176029672024
2026-09-04T06:42:24.849833+09:00,광화문광장,광화문광장,POI088,KEY_4,1000009903,사직로8길,1000031102,대한민국역사박물관,126.9772570032702248_37.5744554912241924,1000016202,중앙지하차도(동측),126.9780305337901893_37.5744492911494277,69.0,4.0,정체,126.9780305337901893_37.5744492911494277|126.9777525987565241_37.5744864077288838|126.9772766588325226_37.5744570835161937|126.9772570032702248_37.5744554912241924
2026-09-04T06:42:24.849833+09:00,광화문광장,광화문광장,POI088,KEY_4,1000009904,사직로8길,1000016202,중앙지하차도(동측),126.9780305337901893_37.5744492911494277,1000016107,정부합동민원실,126.9784461006803866_37.5744659883513918,37.0,25.0,원활,126.9784461006803866_37.5744659883513918|126.9780305337901893_37.5744492911494277
2026-09-04T06:42:24.849833+09:00,광화문광장,광화문광장,POI088,KEY_4,1000010001,사직로8길,1000015901,중앙지하차도(서측),126.9756254491522043_37.5741101153048476,1000015502,정부중앙청사별관,126.9745471372090009_37.5740556283939924,95.0,35.0,원활,126.9745471372090009_37.5740556283939924|126.9756254491522043_37.5741101153048476
2026-09-04T06:42:24.849833+09:00,광화문광장,광화문광장,POI088,KEY_4,1000010002,사직로8길,1000030901,세종로공원,126.9763653836261312_37.5741476322646690,1000015901,중앙지하차도(서측),126.9756254491522043_37.5741101153048476,66.0,18.0,서행,126.9756254491522043_37.5741101153048476|126.9759083891116944_37.5740905296920999|126.9763653836261312_37.5741476322646690
2026-09-04T06:42:24.849833+09:00,광화문광장,광화문광장,POI088,KEY_4,1000010003,사직로8길,1000016201,중앙지하차도(동측),126.9780392001640763_37.5743414013185841,1000031103,대한민국역사박물관,126.9772668410657133_37.5742389331108342,70.0,21.5,서행,126.9772668410657133_37.5742389331108342|126.9773009030501640_37.5742416927750185|126.9777735667203871_37.5742708146941595|126.9780392001640763_37.5743414013185841
2026-09-04T06:42:24.849833+09:00,광화문광장,광화문광장,POI088,KEY_4,1000010004,사직로8길,1000016106,정부합동민원실,126.9784265292035883_37.5743569447684180,1000016201,중앙지하차도(동측),126.9780392001640763_37.5743414013185841,34.0,23.0,서행,126.9780392001640763_37.5743414013185841|126.9784265292035883_37.5743569447684180
2026-09-04T06:42:24.849833+09:00,광화문광장,광화문광장,POI088,KEY_4,1000010600,새문안로5길,1000019302,정부서울청사사거리,126.9743957431224146_37.5756988655088620,1000015501,정부중앙청사별관,126.9745359191347660_37.5741633893777163,171.0,28.0,원활,126.9745359191347660_37.5741633893777163|126.9745251838795923_37.5743178497332622|126.9743883747213147_37.5754949317932088|126.9743883466303203_37.5755769520238516|126.9743957431224146_37.5756988655088620
2026-09-04T06:42:24.849833+09:00,광화문광장,광화문광장,POI088,KEY_4,1000011101,종로1길,1000061700,세종로 23-3,126.9788627671283336_37.5751151643689312,1000018300,경복궁사거리,126.9791985772177298_37.5755559719213679,57.0,23.7,서행,126.9791985772177298_37.5755559719213679|126.9791278841071005_37.5754329070121216|126.9790835784237970_37.5753764590680319|126.9788627671283336_37.5751151643689312
2026-09-04T06:42:24.849833+09:00,광화문광장,광화문광장,POI088,KEY_4,1000011102,종로1길,1000018300,경복궁사거리,126.9791985772177298_37.5755559719213679,1000019703,경복궁사거리,126.9793107532419185_37.5757813746508091,27.0,27.0,원활,126.9793107532419185_37.5757813746508091|126.9791985772177298_37.5755559719213679
2026-09-04T06:42:24.849833+09:00,광화문광장,광화문광장,POI088,KEY_4,1000011202,종로1길,1000019702,경복궁사거리,126.9794701198467664_37.5758080047390521,1000018200,경복궁,126.9792457576218681_37.5753789068622197,52.0,6.0,정체,126.9792457576218681_37.5753789068622197|126.9793010192322811_37.5754682222458030|126.9794701198467664_37.5758080047390521
2026-09-04T06:42:24.849833+09:00,광화문광장,광화문광장,POI088,KEY_4,1000011700,사직로,1000019303,정부서울청사사거리,126.9742603998069796_37.5757097304571062,1000019802,경복궁역사거리,126.9727094012703503_37.5758424186585529,138.0,21.0,서행,126.9727094012703503_37.5758424186585529|126.9729390930378230_37.5758227698022793|126.9733793101036952_37.5757851103966303|126.9742603998069796_37.5757097304571062
2026-09-04T06:42:24.849833+09:00,광화문광장,광화문광장,POI088,KEY_4,1000011800,사직로,1000242400,적선동 8-1,126.9733938280741512_37.5758926104395314,1000019304,정부서울청사사거리,126.9742589191568953_37.5758185992423250,77.0,37.0,원활,126.9742589191568953_37.5758185992423250|126.9733938280741512_37.5758926104395314
2026-09-04T06:42:24.849833+09:00,광화문광장,광화문광장,POI088,KEY_4,1000012001,사직로,1000018500,광화문,126.9756248255992830_37.5755943672526271,1000019302,정부서울청사사거리,126.9743957431224146_37.5756988655088620,109.0,25.0,원활,126.9743957431224146_37.5756988655088620|126.9754810818243271_37.5756177185546321|126.9756248255992830_37.5755943672526271
2026-09-04T06:42:24.849833+09:00,광화문광장,광화문광장,POI088,KEY_4,1000012101,사직로,1000003601,광화문삼거리,126.9772026040190127_37.5752961563211159,1000020200,경복궁,126.9786283706113750_37.5757946408291801,142.0,15.0,서행,126.9786283706113750_37.5757946408291801|126.9780494814518477_37.5757270176835334|126.9778051553330869_37.5756687993840117|126.9775841152535918_37.5755595455980540|126.9773389726312587_37.5753713360195221|126.9772665949307680_37.5753228898854132|126.9772026040190127_37.5752961563211159
2026-09-04T06:42:24.849833+09:00,광화문광장,광화문광장,POI088,KEY_4,1000012102,사직로,1000020200,경복궁,126.9786283706113750_37.5757946408291801,1000019704,경복궁사거리,126.9793621536958312_37.5759001150550986,66.0,15.0,서행,126.9793621536958312_37.5759001150550986|126.9791440605087161_37.5758645700478056|126.9786283706113750_37.5757946408291801
2026-09-04T06:42:24.849833+09:00,광화문광장,광화문광장,POI088,KEY_4,1000012201,사직로,1000018900,광화문,126.9779451863085598_37.5756050720602488,1000003602,광화문삼거리,126.9772110255811555_37.5752034687002023,79.0,35.0,원활,126.9772110255811555_37.5752034687002023|126.9772928511832646_37.5752335458452649|126.9773935570080141_37.5752794922773816|126.9776603729761888_37.5754731005354259|126.9778509223909992_37.5755747642951761|126.9779451863085598_37.5756050720602488
2026-09-04T06:42:24.849833+09:00,광화문광장,광화문광장,POI088,KEY_4,1000012202,사직로,1000019100,경복궁,126.9786480964121154_37.5756876675167888,1000018900,광화문,126.9779451863085598_37.5756050720602488,63.0,29.0,원활,126.9779451863085598_37.5756050720602488|126.9786480964121154_37.5756876675167888
2026-09-04T06:42:24.849833+09:00,광화문광장,광화문광장,POI088,KEY_4,1000012203,사직로,1000019703,경복궁사거리,126.9793107532419185_37.5757813746508091,1000019100,경복궁,126.9786480964121154_37.5756876675167888,59.0,15.0,서행,126.9786480964121154_37.5756876675167888|126.9791690991976765_37.5757582877498706|126.9793107532419185_37.5757813746508091
2026-09-04T06:42:24.849833+09:00,광화문광장,광화문광장,POI088,KEY_4,1000012502,사직로,1000224600,내자동 35,126.9704050096786716_37.5761139325286422,1000019804,경복궁역사거리,126.9725583211622109_37.5759627912727225,191.0,45.0,원활,126.9725583211622109_37.5759627912727225|126.9704050096786716_37.5761139325286422
2026-09-04T06:42:24.849833+09:00,광화문광장,광화문광장,POI088,KEY_4,1000015201,효자로,1000022102,한글전각갤러리,126.9739017858953645_37.5793498869892204,1000019301,정부서울청사사거리,126.9743957935852450_37.5758074664167268,396.0,27.0,원활,126.9743957935852450_37.5758074664167268|126.9743764184428017_37.5760755345660726|126.9743092662572082_37.5764778948295017|126.9741719066146146_37.5773009081164844|126.9741268698984413_37.5775378120208856|126.9740611119599407_37.5778837117652031|126.9740177174622744_37.5782830491677231|126.9739017858953645_37.5793498869892204
2026-09-04T06:42:24.849833+09:00,광화문광장,광화문광장,POI088,KEY_4,1000015401,자하문로,1000140900,통의동 139,126.9725715057905830_37.5765777524989346,1000019801,경복궁역사거리,126.9726968257656665_37.5759522364072183,70.0,28.0,원활,126.9726968257656665_37.5759522364072183|126.9726385507227491_37.5763288934255186|126.9725895796281208_37.5765259070172135|126.9725715057905830_37.5765777524989346
2026-09-04T06:42:24.849833+09:00,광화문광장,광화문광장,POI088,KEY_4,1000029000,삼봉로,1000013504,주한미국대사관,126.9784467211068915_37.5726032215874994,1000013702,미국대사관,126.9773159428094118_37.5726780742018107,102.0,21.0,서행,126.9773159428094118_37.5726780742018107|126.9782512339889990_37.5726820504358230|126.9783129244980984_37.5726656952107234|126.9784467211068915_37.5726032215874994
2026-09-04T06:42:24.849833+09:00,광화문광장,광화문광장,POI088,KEY_4,1000029100,삼봉로,1000013701,미국대사관,126.9773127388234570_37.5727861811112405,1000013506,주한미국대사관,126.9785034818852267_37.5727020694592397,108.0,25.5,원활,126.9785034818852267_37.5727020694592397|126.9783693699185818_37.5727646906777721|126.9782729085429054_37.5727902630233856|126.9773127388234570_37.5727861811112405
2026-09-04T06:42:24.849833+09:00,광화문광장,광화문광장,POI088,KEY_4,1000032100,사직로8길,1000016201,중앙지하차도(동측),126.9780392001640763_37.5743414013185841,1000015901,중앙지하차도(서측),126.9756254491522043_37.5741101153048476,215.0,36.0,원활,126.9756254491522043_37.5741101153048476|126.9761957492264486_37.5741735473063159|126.9766215660821871_37.5742181343338189|126.9771926297512294_37.5742872595378330|126.9772948428578871_37.5742955404616978|126.9780392001640763_37.5743414013185841
2026-09-04T06:42:24.849833+09:00,광화문광장,광화문광장,POI088,KEY_4,1000032200,사직로8길,1000015902,중앙지하차도(서측),126.9756117227963585_37.5742176029672024,1000016202,중앙지하차도(동측),126.9780305337901893_37.5744492911494277,215.0,33.0,원활,126.9780305337901893_37.5744492911494277|126.9772827190510327_37.5744032358319444|126.9771755284284893_37.5743945520917961|126.9766024909210955_37.5743251885524288|126.9761774658537661_37.5742806845081674|126.9756117227963585_37.5742176029672024
2026-09-04T06:42:24.849833+09:00,광화문광장,광화문광장,POI088,KEY_4,1000033500,사직로8길,1000016700,광화문,126.9763532157447088_37.5747826865806687,1000018500,광화문,126.9756248255992830_37.5755943672526271,120.0,15.0,서행,126.9756248255992830_37.5755943672526271|126.9757224088591272_37.5755618208710729|126.9758504305735158_37.5754900338429323|126.9760508643001629_37.5753564685578638|126.9761754799532412_37.5752709023523934|126.9762520914758284_37.5751999395367235|126.9763079793872578_37.5751369053768087|126.9763381579947321_37.5750888967285448|126.9763591702643026_37.5749970467265655|126.9763532157447088_37.5747826865806687
2026-09-04T06:42:24.849833+09:00,광화문광장,광화문광장,POI088,KEY_4,1000034400,새문안로3길,1000018004,서울특별시경찰청,126.9726181216856418_37.5753302820372284,1000019803,경복궁역사거리,126.9725722748504069_37.5758532725264089,58.0,24.0,서행,126.9725722748504069_37.5758532725264089|126.9726181216856418_37.5753302820372284
2026-09-04T06:42:24.849833+09:00,광화문광장,광화문광장,POI088,KEY_4,1000034500,새문안로3길,1000019802,경복궁역사거리,126.9727094012703503_37.5758424186585529,1000018001,서울특별시경찰청,126.9727536370288590_37.5753378072978137,56.0,26.0,원활,126.9727536370288590_37.5753378072978137|126.9727094012703503_37.5758424186585529
2026-09-04T06:42:24.849833+09:00,광화문광장,광화문광장,POI088,KEY_4,1000034600,종로1길,1000018300,경복궁사거리,126.9791985772177298_37.5755559719213679,1000019100,경복궁,126.9786480964121154_37.5756876675167888,52.0,24.0,서행,126.9786480964121154_37.5756876675167888|126.9788862592677674_37.5756563323175570|126.9790599923662171_37.5756153599018674|126.9791438638352332_37.5755915362356276|126.9791953891944161_37.5755648461559062|126.9791985772177298_37.5755559719213679
2026-09-04T06:42:24.849833+09:00,광화문광장,광화문광장,POI088,KEY_4,1000034900,율곡로,1000019401,경복궁,126.9801381644492011_37.5758813627365100,1000018200,경복궁,126.9792457576218681_37.5753789068622197,101.0,26.0,원활,126.9792457576218681_37.5753789068622197|126.9793355830232144_37.5754952608411301|126.9794316395642397_37.5755988334256017|126.9795071017629624_37.5756589212616419|126.9796274882100420_37.5757347490756146|126.9797877149027556_37.5758145479697703|126.9801381644492011_37.5758813627365100
2026-09-04T06:42:24.849833+09:00,광화문광장,광화문광장,POI088,KEY_4,1000035200,사직로,1000020200,경복궁,126.9786283706113750_37.5757946408291801,1000020600,대한출판문화협회,126.9794687888132074_37.5765544121067592,118.0,15.0,서행,126.9794687888132074_37.5765544121067592|126.9794368084534142_37.5764098329770562|126.9791960602808700_37.5761637733622180|126.9789750836954596_37.5759177176703147|126.9788694300669647_37.5758537146814078|126.9786283706113750_37.5757946408291801
2026-09-04T06:42:24.849833+09:00,광화문광장,광화문광장,POI088,KEY_4,1000046900,새문안로5길,1000012006,국토매일신문,126.9746696177836469_37.5730735623354022,1000032002,세종문화회관,126.9758250290710748_37.5731209316015295,105.0,12.0,정체,126.9758250290710748_37.5731209316015295|126.9757824820902385_37.5730812205397768|126.9757224844348826_37.5730583643911942|126.9746696177836469_37.5730735623354022
2026-09-04T06:42:24.849833+09:00,국립중앙박물관·용산가족공원,국립중앙박물관·용산가족공원,POI089,KEY_1,1020002703,동작대로,1020008300,동작대교(북측),126.9831231263510745_37.5186454299299683,1020008900,용산동6가68-2,126.9856244599082515_37.5199353315508191,345.0,42.3,원활,126.9856244599082515_37.5199353315508191|126.9851520657106505_37.5199330133943860|126.9849590223187761_37.5199222607252665|126.9844517234037795_37.5198792847619202|126.9837468776516687_37.5198934932959531|126.9834415949089248_37.5198934508918427|126.9833114065726534_37.5198684018021069|126.9832395884266276_37.5198111779369654|126.9831857329131708_37.5197325009994032|126.9831678001106070_37.5196216471319275|126.9831589769449067_37.5189315044776635|126.9831231263510745_37.5186454299299683
2026-09-04T06:42:24.849833+09:00,국립중앙박물관·용산가족공원,국립중앙박물관·용산가족공원,POI089,KEY_1,1020003501,서빙고로,1020008900,용산동6가68-2,126.9856244599082515_37.5199353315508191,1020009600,서빙고역1번출구,126.9892206338615068_37.5202953174309997,322.0,41.8,원활,126.9892206338615068_37.5202953174309997|126.9874372796063824_37.5202347577893534|126.9869599767637851_37.5201713421180116|126.9861687618297594_37.5200308704333310|126.9856244599082515_37.5199353315508191
2026-09-04T06:42:24.849833+09:00,국립중앙박물관·용산가족공원,국립중앙박물관·용산가족공원,POI089,KEY_1,1020003600,서빙고로,1020009803,서빙고역앞교차로,126.9906263345553441_37.5201827478191134,1020009100,용산동6가68-28,126.9856485208616874_37.5198269672326532,444.0,21.5,서행,126.9856485208616874_37.5198269672326532|126.9861984039574878_37.5199253592339943|126.9869859291069929_37.5200651761878134|126.9874513924203825_37.5201270182477344|126.9892261074465267_37.5201872858655250|126.9899322487584783_37.5202087064446914|126.9906263345553441_37.5201827478191134
2026-09-04T06:42:24.849833+09:00,국립중앙박물관·용산가족공원,국립중앙박물관·용산가족공원,POI089,KEY_1,1020003701,서빙고로,1020205300,최소노드배치점,126.9771318206997961_37.5215083602475872,1020013208,이촌역앞교차로,126.9721043872624193_37.5230255837811626,475.0,34.0,원활,126.9721043872624193_37.5230255837811626|126.9724396951435779_37.5229486320181209|126.9727996738355813_37.5228541381284799|126.9759261236798551_37.5218809031478742|126.9771318206997961_37.5215083602475872
2026-09-04T06:42:24.849833+09:00,국립중앙박물관·용산가족공원,국립중앙박물관·용산가족공원,POI089,KEY_1,1020003702,서빙고로,1020009100,용산동6가68-28,126.9856485208616874_37.5198269672326532,1020010400,용산동6가 69-17,126.9821380566905020_37.5199437901041364,315.0,32.0,원활,126.9821380566905020_37.5199437901041364|126.9826383095516746_37.5198210408598669|126.9829979071286772_37.5197577814862271|126.9832537786960671_37.5197221532927898|126.9834537822768112_37.5196943038870074|126.9841416316742198_37.5196883777421704|126.9845049125151775_37.5196974684270046|126.9850144834923640_37.5197426320869454|126.9856485208616874_37.5198269672326532
2026-09-04T06:42:24.849833+09:00,국립중앙박물관·용산가족공원,국립중앙박물관·용산가족공원,POI089,KEY_1,1020003800,서빙고로,1020132300,용산동6가 93-9,126.9832771544528640_37.5198286585956069,1020008900,용산동6가68-2,126.9856244599082515_37.5199353315508191,209.0,44.0,원활,126.9856244599082515_37.5199353315508191|126.9849957939445346_37.5198497634866399|126.9844952603327499_37.5198054001232961|126.9841402343862171_37.5197965168473218|126.9834662864089552_37.5198023232951812|126.9832771544528640_37.5198286585956069
2026-09-04T06:42:24.849833+09:00,난지한강공원,난지한강공원,POI090,KEY_2,1130006902,강변북로,1130199300,최소노드배치점,126.8729418117983414_37.5705812052893933,1130042800,가양대교,126.8697893429894208_37.5724082688915715,344.0,23.0,정체,126.8697893429894208_37.5724082688915715|126.8729418117983414_37.5705812052893933
2026-09-04T06:42:24.849833+09:00,난지한강공원,난지한강공원,POI090,KEY_2,1130006903,강변북로,1130042800,가양대교,126.8697893429894208_37.5724082688915715,1130045000,가양검문소,126.8655270720403223_37.5748441741929255,464.0,21.3,정체,126.8655270720403223_37.5748441741929255|126.8684984002298108_37.5731553579559545|126.8697893429894208_37.5724082688915715
2026-09-04T06:42:24.849833+09:00,난지한강공원,난지한강공원,POI090,KEY_2,1130023704,화곡로,1130043800,가양대교북측(남측),126.8640065465169613_37.5735408103049622,1130003102,가양대교북측(북측),126.8652734328428409_37.5751759287727651,213.0,67.0,원활,126.8652734328428409_37.5751759287727651|126.8650573893713869_37.5749071565173054|126.8640065465169613_37.5735408103049622
2026-09-04T06:42:24.849833+09:00,난지한강공원,난지한강공원,POI090,KEY_2,1130023804,화곡로,1130003101,가양대교북측(북측),126.8653879037502890_37.5751176402787053,1130043700,가양대교북측(남측),126.8641238491476031_37.5734862081748417,213.0,64.3,원활,126.8641238491476031_37.5734862081748417|126.8651729497332923_37.5748502250003824|126.8653879037502890_37.5751176402787053
2026-09-04T06:42:24.849833+09:00,난지한강공원,난지한강공원,POI090,KEY_2,1130066800,강변북로,1130042800,가양대교,126.8697893429894208_37.5724082688915715,1130043900,가양대교(북측),126.8653915391259233_37.5740001396464294,428.0,52.3,원활,126.8653915391259233_37.5740001396464294|126.8655742057499509_37.5739419777835124|126.8658939660418525_37.5738292252444879|126.8670765553321615_37.5734444641728871|126.8679322688668805_37.5731628727649962|126.8680668810109893_37.5731178050788230|126.8683506640299328_37.5730067616893137|126.8686659924354387_37.5728500975266826|126.8690150858697763_37.5726688106692777|126.8692939748631829_37.5725691850813419|126.8697893429894208_37.5724082688915715
2026-09-04T06:42:24.849833+09:00,난지한강공원,난지한강공원,POI090,KEY_2,1130067100,강변북로,1130043900,가양대교(북측),126.8653915391259233_37.5740001396464294,1130043700,가양대교북측(남측),126.8641238491476031_37.5734862081748417,133.0,46.3,서행,126.8641238491476031_37.5734862081748417|126.8643667768084100_37.5736869866731524|126.8645275042349709_37.5738130536306585|126.8646616308736128_37.5738960511847537|126.8648070000908348_37.5739607460517107|126.8649361413688155_37.5739957821690709|126.8650630327634161_37.5740136354167973|126.8651636699805891_37.5740179922855120|126.8652907555269280_37.5740129521496655|126.8653915391259233_37.5740001396464294
2026-09-04T06:42:24.849833+09:00,난지한강공원,난지한강공원,POI090,KEY_2,1130067400,강변북로,1130044900,가양대교(북측),126.8662979111019808_37.5750965324918980,2180012400,마포구-고양시덕양구,126.8621499541622484_37.5761292129435418,867.0,52.0,원활,126.8621499541622484_37.5761292129435418|126.8630365316940498_37.5756983525925961|126.8633496391713038_37.5755235658387008|126.8636024164670175_37.5753961503927982|126.8638549079817466_37.5753021186014351|126.8642093916064510_37.5751943274225582|126.8644317580255318_37.5751192112446475|126.8646243656565815_37.5750200868760302|126.8656963468579306_37.5743962637992084|126.8673222210701397_37.5734653760000015|126.8674191938721094_37.5734247582035579|126.8675616609625365_37.5734076352449335|126.8677301163889410_37.5734174809641033|126.8678459640486977_37.5734479111437594|126.8679578899536153_37.5734991876324784|126.8680656691356319_37.5735981381943773|126.8681136254124340_37.5736848440004394|126.8681425287121556_37.5738102009802120|126.8681227959743723_37.5739293354224060|126.8680618906707167_37.5740452685688453|126.8679938724763190_37.5741164485557846|126.8678959680219123_37.5741785247544513|126.8670114588051803_37.5746924804154645|126.8664732680685887_37.5749996173274710|126.8662979111019808_37.5750965324918980
2026-09-04T06:42:24.849833+09:00,난지한강공원,난지한강공원,POI090,KEY_2,1130068100,강변북로,1130045200,상암동1550-3,126.8641075564550107_37.5759187444953753,1130043900,가양대교(북측),126.8653915391259233_37.5740001396464294,472.0,43.0,서행,126.8653915391259233_37.5740001396464294|126.8655530578639770_37.5739801801802500|126.8656826690621386_37.5739598904694603|126.8661509725368433_37.5738555664648857|126.8662685671453687_37.5738390277396874|126.8663692370552525_37.5738395679072923|126.8664578250642165_37.5738514900970912|126.8665224124056721_37.5738670998852271|126.8665988064661292_37.5739037584917384|126.8666941819490717_37.5739634138358554|126.8667607786702263_37.5740248214943335|126.8668082321833168_37.5740823116192715|126.8668364303619285_37.5741492377416790|126.8668526598945334_37.5742141906959048|126.8668616174391417_37.5742886445381998|126.8668489706226410_37.5743667987229344|126.8668146220147861_37.5744600984612092|126.8667539721880928_37.5745456262622142|126.8666911827972115_37.5746006169252169|126.8666261100899249_37.5746422405294780|126.8660974620481738_37.5749545546124253|126.8655931483691290_37.5752410021525876|126.8650740029988668_37.5755094827713094|126.8645475391721931_37.5757570541415831|126.8641075564550107_37.5759187444953753
2026-09-04T06:42:24.849833+09:00,난지한강공원,난지한강공원,POI090,KEY_2,1130069100,강변북로,1130045000,가양검문소,126.8655270720403223_37.5748441741929255,2180012600,마포구-고양시덕양구,126.8625272257133503_37.5762306272659998,312.0,45.7,서행,126.8625272257133503_37.5762306272659998|126.8626433861685427_37.5760568517554603|126.8627729468719139_37.5759511104311912|126.8635903166779713_37.5754976378824423|126.8637978156018278_37.5754093259839479|126.8640051312374766_37.5753424760846357|126.8644151451120194_37.5752230596518473|126.8648566176255628_37.5751038111562465|126.8655270720403223_37.5748441741929255
2026-09-04T06:42:24.849833+09:00,남산공원,남산공원,POI091,KEY_3,1010021200,녹사평대로,1020035102,중구-용산구,126.9843316265079096_37.5527042883916451,1010000902,남산3호터널(북측),126.9830887618383031_37.5553930310135513,318.0,60.3,원활,126.9830887618383031_37.5553930310135513|126.9832077271294821_37.5551010349056824|126.9843316265079096_37.5527042883916451
2026-09-04T06:42:24.849833+09:00,남산공원,남산공원,POI091,KEY_3,1010022000,녹사평대로58길,1010007300,남산2호터널입구,127.0030929919946061_37.5552358010399345,1010007101,남산2호터널(북측),127.0024253365402274_37.5551584245554793,60.0,35.7,원활,127.0024253365402274_37.5551584245554793|127.0030929919946061_37.5552358010399345
2026-09-04T06:42:24.849833+09:00,남산공원,남산공원,POI091,KEY_3,1010000301,장충단로,1010006900,남산2호터널입구,127.0033988695936671_37.5548935414454093,1010000603,남산2호터널입구,127.0037426485065737_37.5552737772064873,52.0,54.0,원활,127.0037426485065737_37.5552737772064873|127.0035282913233061_37.5550113935567609|127.0033988695936671_37.5548935414454093
2026-09-04T06:42:24.849833+09:00,남산공원,남산공원,POI091,KEY_3,1010000302,장충단로,1010005501,국립극장앞교차로,127.0006486526240224_37.5513665440380251,1010006900,남산2호터널입구,127.0033988695936671_37.5548935414454093,473.0,43.0,원활,127.0033988695936671_37.5548935414454093|127.0031149384006852_37.5546349890521256|127.0029234147354629_37.5544558999171159|127.0027809963428638_37.5542858346147881|127.0026807419987307_37.5541237203930294|127.0026308503079946_37.5539921596100967|127.0026137115633702_37.5539400997707560|127.0023539371052550_37.5531510119431502|127.0023156055375750_37.5530345749592982|127.0022897411065799_37.5529560082666123|127.0022014491112827_37.5527474874638685|127.0021082526436942_37.5525712764668427|127.0020031170222126_37.5524264996161321|127.0018806441535020_37.5523176583549869|127.0016912530339397_37.5521714482379920|127.0006486526240224_37.5513665440380251
2026-09-04T06:42:24.849833+09:00,남산공원,남산공원,POI091,KEY_3,1010000400,장충단로,1010054300,장충동2가 산14-59,127.0017857896011435_37.5520938273146712,1010005502,국립극장앞교차로,127.0007431891368697_37.5512889240241208,128.0,40.0,원활,127.0007431891368697_37.5512889240241208|127.0017857896011435_37.5520938273146712
2026-09-04T06:42:24.849833+09:00,남산공원,남산공원,POI091,KEY_3,1010001102,소파로,1010095500,회현동1가 산1-15,126.9845039711751298_37.5562079515069414,1010008204,숭의여자대학,126.9848938893702410_37.5565212352323172,52.0,23.0,서행,126.9848938893702410_37.5565212352323172|126.9848029126483766_37.5563786781750863|126.9847328238889048_37.5562825435116068|126.9845961173795814_37.5562250817582424|126.9845039711751298_37.5562079515069414
2026-09-04T06:42:24.849833+09:00,남산공원,남산공원,POI091,KEY_3,1010001201,소파로,1010006403,남산공원길삼거리,126.9831261462573053_37.5544988787698557,1010006502,남산삼거리,126.9812787838592385_37.5548495032825187,181.0,29.0,원활,126.9812787838592385_37.5548495032825187|126.9815220498121420_37.5548200034189605|126.9818019244048912_37.5547580294103938|126.9820135627067970_37.5546715471349657|126.9822289312196943_37.5545541563119158|126.9825569048328191_37.5543793323612292|126.9826816379444949_37.5543559860473053|126.9827968050887961_37.5543648759095134|126.9829020167175742_37.5544027231883888|126.9830185822169852_37.5544527319567010|126.9831261462573053_37.5544988787698557
2026-09-04T06:42:24.849833+09:00,남산공원,남산공원,POI091,KEY_3,1010003301,삼일대로,1010008009,남산한옥마을,126.9924991769319149_37.5566378220840988,1010013900,예장동 2-165,126.9907886661840450_37.5596968507301625,392.0,56.0,원활,126.9907886661840450_37.5596968507301625|126.9911072447422669_37.5595627094932709|126.9913094952981822_37.5594477276004284|126.9915421382187901_37.5592741322756680|126.9917249439470197_37.5590908004344186|126.9919044779056492_37.5588866613537036|126.9920094357326974_37.5587224662817363|126.9920543519056224_37.5586350518666592|126.9924229024185962_37.5569649010334317|126.9924991769319149_37.5566378220840988
2026-09-04T06:42:24.849833+09:00,남산공원,남산공원,POI091,KEY_3,1010001202,소파로,1010008203,숭의여자대학,126.9850149682281852_37.5564722624052933,1010006402,남산공원길삼거리,126.9833127479965924_37.5545875210906388,290.0,31.0,원활,126.9833127479965924_37.5545875210906388|126.9834363869461669_37.5546470148075002|126.9836101358687017_37.5547853899607205|126.9837289439065700_37.5549481427998586|126.9838488483216850_37.5551722121612812|126.9839365351384117_37.5554075097513831|126.9839827815822133_37.5556434026180455|126.9839916258128341_37.5559198695204870|126.9840256522176958_37.5560283028777846|126.9840988545075504_37.5560865991909338|126.9841806359164735_37.5561056005014819|126.9843075666088623_37.5561056174395418|126.9844905831734678_37.5560944341132981|126.9845348535011453_37.5561026639138476|126.9846440462466148_37.5561229626348521|126.9848307103494420_37.5562014240048967|126.9849222737715024_37.5563270131622957|126.9850149682281852_37.5564722624052933
2026-09-04T06:42:24.849833+09:00,남산공원,남산공원,POI091,KEY_3,1010001204,소파로,1010008207,퇴계로3가교차로,126.9882272590009933_37.5596084833303152,1010008202,숭의여자대학,126.9850923528635604_37.5565486456338746,492.0,18.5,서행,126.9850923528635604_37.5565486456338746|126.9851906864904691_37.5565858460465520|126.9853074115873142_37.5565988268837856|126.9855164635201703_37.5566135380703940|126.9856485836059363_37.5566459189330004|126.9858039765505708_37.5567232640226294|126.9858337769702672_37.5567433446292895|126.9859306749466015_37.5568086378831225|126.9860186837096307_37.5569046811477207|126.9861537911583866_37.5570964851778513|126.9862311615470674_37.5571580981197428|126.9863421672078232_37.5572115500676844|126.9864935101552135_37.5572334743272833|126.9867624436285354_37.5572654973995910|126.9868864122230860_37.5573106304780140|126.9869736628592989_37.5573772148304528|126.9870438797185983_37.5574750708671417|126.9870728940331759_37.5575906431716717|126.9871341294348213_37.5578206195085542|126.9871851851400208_37.5579104995386004|126.9873590005650499_37.5581028694753982|126.9874298075541503_37.5581914756963187|126.9874415619887742_37.5582394683360974|126.9874576301803870_37.5583050736805504|126.9874544572227535_37.5584030829173372|126.9874587342623329_37.5588887928806940|126.9874602536611121_37.5590613376255789|126.9874882855996105_37.5591301758755023|126.9875554613431632_37.5591874881907586|126.9876829529899709_37.5592492856312745|126.9879414610584405_37.5593534261293627|126.9880748439122300_37.5594389136614808|126.9881827319811975_37.5595404425465915|126.9882272590009933_37.5596084833303152
2026-09-04T06:42:24.849833+09:00,남산공원,남산공원,POI091,KEY_3,1010001301,장충단로,1010000604,남산2호터널입구,127.0038257611614085_37.5553763910344998,1010007600,남산2호터널입구교차로,127.0041260185985266_37.5557914777712298,53.0,53.0,원활,127.0041260185985266_37.5557914777712298|127.0040056243652913_37.5556037942045577|127.0038257611614085_37.5553763910344998
2026-09-04T06:42:24.849833+09:00,남산공원,남산공원,POI091,KEY_3,1010001302,장충단로,1010124300,동국대학교앞교차로,127.0045670624924838_37.5565468094024126,1010009900,장충체육관앞,127.0056977643979934_37.5586970766435471,259.0,31.0,원활,127.0056977643979934_37.5586970766435471|127.0047960363494610_37.5569407351396336|127.0045670624924838_37.5565468094024126
2026-09-04T06:42:24.849833+09:00,남산공원,남산공원,POI091,KEY_3,1010001303,장충단로,1010009900,장충체육관앞,127.0056977643979934_37.5586970766435471,1010010403,장충체육관앞교차로,127.0057665663904487_37.5590390492282040,38.0,38.0,원활,127.0057665663904487_37.5590390492282040|127.0057228446975870_37.5587857894109689|127.0056977643979934_37.5586970766435471
2026-09-04T06:42:24.849833+09:00,남산공원,남산공원,POI091,KEY_3,1010001400,장충단로,1010124400,동국대학교앞교차로,127.0046903157819855_37.5565014032542592,1010000601,남산2호터널입구,127.0039406830343722_37.5553187798869388,147.0,18.5,서행,127.0039406830343722_37.5553187798869388|127.0041237972855726_37.5555502934024474|127.0042469681278305_37.5557423033409137|127.0042695268052455_37.5557774702655394|127.0046903157819855_37.5565014032542592
2026-09-04T06:42:24.849833+09:00,남산공원,남산공원,POI091,KEY_3,1010001502,동호로,1010051200,장충동2가 200-99,127.0072549377270832_37.5585335221268224,1010010402,장충체육관앞교차로,127.0059032168232420_37.5590364937144017,133.0,23.0,서행,127.0059032168232420_37.5590364937144017|127.0060424523246354_37.5590206517219016|127.0062708051007263_37.5589790416794287|127.0064793488934498_37.5589089319431153|127.0066853042447690_37.5588299759944348|127.0068865164345908_37.5587327053933535|127.0072549377270832_37.5585335221268224
2026-09-04T06:42:24.849833+09:00,남산공원,남산공원,POI091,KEY_3,1010002701,소공로,1010000902,남산3호터널(북측),126.9830887618383031_37.5553930310135513,1010008902,속성변화점,126.9832089705039522_37.5572414839973518,206.0,41.0,원활,126.9832089705039522_37.5572414839973518|126.9831555236054470_37.5568017684804758|126.9830521252804942_37.5561027886698611|126.9830385570957532_37.5557769562709893|126.9830478610083446_37.5555376328218600|126.9830887618383031_37.5553930310135513
2026-09-04T06:42:24.849833+09:00,남산공원,남산공원,POI091,KEY_3,1010002801,소공로,1010008901,속성변화점,126.9833444453383180_37.5572378592887901,1010000901,남산3호터널(북측),126.9832195813292657_37.5554216252410669,203.0,47.0,원활,126.9832195813292657_37.5554216252410669|126.9831832021176723_37.5555513049927114|126.9831744347859939_37.5557768369584437|126.9831876703655809_37.5560946603272967|126.9832905738539210_37.5567902882398457|126.9833444453383180_37.5572378592887901
2026-09-04T06:42:24.849833+09:00,남산공원,남산공원,POI091,KEY_3,1010002802,소공로,1010105100,회현동2가 27-3,126.9829293161598969_37.5586746413334183,1010008901,속성변화점,126.9833444453383180_37.5572378592887901,165.0,28.7,원활,126.9833444453383180_37.5572378592887901|126.9833355997514985_37.5575008833025308|126.9832987830692304_37.5577459818027108|126.9832299618999656_37.5579759101541057|126.9831318471378125_37.5582319419447828|126.9831164077535988_37.5582722310573587|126.9829293161598969_37.5586746413334183
2026-09-04T06:42:24.849833+09:00,남산공원,남산공원,POI091,KEY_3,1010021100,녹사평대로,1010000901,남산3호터널(북측),126.9832195813292657_37.5554216252410669,1020035101,중구-용산구,126.9844587143850134_37.5527423976260550,317.0,53.0,원활,126.9844587143850134_37.5527423976260550|126.9833359757020901_37.5551366776229898|126.9832195813292657_37.5554216252410669
2026-09-04T06:42:24.849833+09:00,남산공원,남산공원,POI091,KEY_3,1010003302,삼일대로,1010013900,예장동 2-165,126.9907886661840450_37.5596968507301625,1010017003,퇴계로2가교차로,126.9889890744976100_37.5611001658779600,237.0,43.0,원활,126.9889890744976100_37.5611001658779600|126.9890595408814988_37.5608553446384548|126.9891256328368883_37.5606790112492348|126.9892666382029915_37.5604608081191671|126.9894301254928308_37.5603028087374966|126.9896049396944733_37.5601574925556534|126.9897890949876427_37.5600545841425344|126.9900359820303777_37.5599440574158336|126.9905175640940342_37.5597973426898264|126.9907886661840450_37.5596968507301625
2026-09-04T06:42:24.849833+09:00,남산공원,남산공원,POI091,KEY_3,1010003401,삼일대로,1010013100,예장동 산3-23,126.9921881175068847_37.5586537591868037,1010008006,남산한옥마을,126.9926327057625315_37.5566575572921622,225.0,44.5,원활,126.9926327057625315_37.5566575572921622|126.9925565518997388_37.5569841224033851|126.9921881175068847_37.5586537591868037
2026-09-04T06:42:24.849833+09:00,남산공원,남산공원,POI091,KEY_3,1010003402,삼일대로,1010017002,퇴계로2가교차로,126.9891250549591035_37.5611118311742516,1010013100,예장동 산3-23,126.9921881175068847_37.5586537591868037,403.0,35.0,원활,126.9921881175068847_37.5586537591868037|126.9921333805466759_37.5587669622396305|126.9920211997960280_37.5589424572383876|126.9918338579688566_37.5591554743801126|126.9916423048775016_37.5593475787773414|126.9913957815651457_37.5595315329503165|126.9911787667644205_37.5596549084761975|126.9908490674513786_37.5597936513351200|126.9905705661544317_37.5598969620606340|126.9900938505030723_37.5600421943677034|126.9898615779713822_37.5601461785287327|126.9896938440610228_37.5602399100324220|126.9895317290732208_37.5603746704899848|126.9893807410068831_37.5605205896683501|126.9892521749939931_37.5607195433671706|126.9891909463249533_37.5608829029173350|126.9891250549591035_37.5611118311742516
2026-09-04T06:42:24.849833+09:00,남산공원,남산공원,POI091,KEY_3,1010003701,동호로,1010010403,장충체육관앞교차로,127.0057665663904487_37.5590390492282040,1010010100,장충체육관앞,127.0051102100207174_37.5590018901398537,58.0,7.0,정체,127.0051102100207174_37.5590018901398537|127.0057665663904487_37.5590390492282040
2026-09-04T06:42:24.849833+09:00,남산공원,남산공원,POI091,KEY_3,1010003702,동호로,1010104300,장충동2가 산7-1,127.0030333060906713_37.5591096114287666,1010012003,엠버서더호텔,127.0027977571823641_37.5596709812965557,67.0,16.0,서행,127.0027977571823641_37.5596709812965557|127.0028380218545720_37.5594345353126258|127.0028698468580615_37.5593483830081922|127.0029413209754665_37.5591828437622723|127.0030333060906713_37.5591096114287666
2026-09-04T06:42:24.849833+09:00,남산공원,남산공원,POI091,KEY_3,1010004503,퇴계로,1010058100,충무로2가 111,126.9860157278956194_37.5609895542921493,1010016204,롯데호텔L7(명동),126.9867111612325346_37.5610613083895331,62.0,25.3,원활,126.9867111612325346_37.5610613083895331|126.9862655416711590_37.5610153303082797|126.9860157278956194_37.5609895542921493
2026-09-04T06:42:24.849833+09:00,남산공원,남산공원,POI091,KEY_3,1010004505,퇴계로,1010016201,롯데호텔L7(명동),126.9868467299909440_37.5610743853645488,1010017004,퇴계로2가교차로,126.9889474014538138_37.5613140531310350,189.0,33.0,원활,126.9889474014538138_37.5613140531310350|126.9870814163588051_37.5611494769929379|126.9869907146048007_37.5611414765227138|126.9868467299909440_37.5610743853645488
2026-09-04T06:42:24.849833+09:00,남산공원,남산공원,POI091,KEY_3,1010004604,퇴계로,1010016301,명동역1번출구,126.9871113334254318_37.5609345528858967,1010016202,롯데호텔L7(명동),126.9868616879201113_37.5609669231657151,23.0,14.0,정체,126.9868616879201113_37.5609669231657151|126.9870206308065406_37.5609265523693381|126.9871113334254318_37.5609345528858967
2026-09-04T06:42:24.849833+09:00,남산공원,남산공원,POI091,KEY_3,1010004605,퇴계로,1010017003,퇴계로2가교차로,126.9889890744976100_37.5611001658779600,1010016301,명동역1번출구,126.9871113334254318_37.5609345528858967,167.0,16.0,서행,126.9871113334254318_37.5609345528858967|126.9889890744976100_37.5611001658779600
2026-09-04T06:42:24.849833+09:00,남산공원,남산공원,POI091,KEY_3,1010005601,퇴계로,1010048300,충무로4가 125,126.9952241550831644_37.5614516441202824,1010016502,충무로역앞교차로,126.9933357350378316_37.5610532293559913,173.0,41.0,원활,126.9933357350378316_37.5610532293559913|126.9934886542693988_37.5610692325475668|126.9937811936575400_37.5611177660942559|126.9942724850213409_37.5612314453171834|126.9952241550831644_37.5614516441202824
2026-09-04T06:42:24.849833+09:00,남산공원,남산공원,POI091,KEY_3,1010006601,충무로,1010019402,호운빌딩,126.9931562485942607_37.5626064613558839,1010016501,충무로역앞교차로,126.9932971341834218_37.5611582393921495,161.0,24.0,서행,126.9932971341834218_37.5611582393921495|126.9932863823843547_37.5613599287251034|126.9931836992394096_37.5623435191156148|126.9931562485942607_37.5626064613558839
2026-09-04T06:42:24.849833+09:00,남산공원,남산공원,POI091,KEY_3,1010020600,녹사평대로58길,1010136200,최소노드배치점,126.9968887099839776_37.5508864123452000,1020033801,중구-용산구,126.9942815212881726_37.5482919379464306,370.0,44.0,원활,126.9942815212881726_37.5482919379464306|126.9953611190786091_37.5492577386266291|126.9963457068924129_37.5501404661396307|126.9965665935423402_37.5504285462955778|126.9968887099839776_37.5508864123452000
2026-09-04T06:42:24.849833+09:00,남산공원,남산공원,POI091,KEY_3,1010020700,녹사평대로58길,1010136500,최소노드배치점,126.9988788935205548_37.5538236872194844,1010007102,남산2호터널(북측),127.0024043754121976_37.5552652427156204,381.0,44.5,원활,127.0024043754121976_37.5552652427156204|126.9998659810384680_37.5549279687588040|126.9997652348791775_37.5549070456322696|126.9996575684543387_37.5548474155371821|126.9990770381372442_37.5540952315364933|126.9988788935205548_37.5538236872194844
2026-09-04T06:42:24.849833+09:00,남산공원,남산공원,POI091,KEY_3,1010022100,녹사평대로58길,1010007102,남산2호터널(북측),127.0024043754121976_37.5552652427156204,1010007400,남산2호터널입구,127.0030734265067593_37.5553427932220600,60.0,37.7,원활,127.0030734265067593_37.5553427932220600|127.0024043754121976_37.5552652427156204
2026-09-04T06:42:24.849833+09:00,남산공원,남산공원,POI091,KEY_3,1010022200,장충단로,1010006900,남산2호터널입구,127.0033988695936671_37.5548935414454093,1010007300,남산2호터널입구,127.0030929919946061_37.5552358010399345,66.0,24.0,서행,127.0030929919946061_37.5552358010399345|127.0033199494194918_37.5552405917881416|127.0033768411355197_37.5552072154187329|127.0034397212556030_37.5551595355091337|127.0034696612319607_37.5550880179411095|127.0034756459087646_37.5549926624747599|127.0033988695936671_37.5548935414454093
2026-09-04T06:42:24.849833+09:00,남산공원,남산공원,POI091,KEY_3,1010022400,녹사평대로58길,1010000603,남산2호터널입구,127.0037426485065737_37.5552737772064873,1010007300,남산2호터널입구,127.0030929919946061_37.5552358010399345,58.0,8.0,정체,127.0030929919946061_37.5552358010399345|127.0033892409550873_37.5552701380382103|127.0035699644311080_37.5552861191139016|127.0037426485065737_37.5552737772064873
2026-09-04T06:42:24.849833+09:00,남산공원,남산공원,POI091,KEY_3,1010022500,녹사평대로58길,1010007400,남산2호터널입구,127.0030734265067593_37.5553427932220600,1010000604,남산2호터널입구,127.0038257611614085_37.5553763910344998,67.0,38.0,원활,127.0038257611614085_37.5553763910344998|127.0035685255234768_37.5553947767724097|127.0033719563347603_37.5553773941959363|127.0030734265067593_37.5553427932220600
2026-09-04T06:42:24.849833+09:00,남산공원,남산공원,POI091,KEY_3,1010022800,녹사평대로58길,1010007400,남산2호터널입구,127.0030734265067593_37.5553427932220600,1010007600,남산2호터널입구교차로,127.0041260185985266_37.5557914777712298,109.0,30.5,원활,127.0041260185985266_37.5557914777712298|127.0036433526274493_37.5554479811013522|127.0034462848177839_37.5553951408027018|127.0030734265067593_37.5553427932220600
2026-09-04T06:42:24.849833+09:00,남산공원,남산공원,POI091,KEY_3,1010023100,필동로,1010130100,필동3가 61-16,126.9956758423491578_37.5564886423403124,1010005901,남산학사빌딩,126.9968729328910939_37.5526048160589738,465.0,27.0,원활,126.9968729328910939_37.5526048160589738|126.9969001079877700_37.5526913693534539|126.9969248551049077_37.5528466471043316|126.9969652148841561_37.5529820807668102|126.9971237035859275_37.5533572891303820|126.9971379251871468_37.5534886738987268|126.9970236820477396_37.5536850345630455|126.9968771639210843_37.5538882148150464|126.9968412488034630_37.5539757728333754|126.9966750295618994_37.5544149083081606|126.9963648975606674_37.5549850856884575|126.9962371702020363_37.5550664282652207|126.9962323999813947_37.5550709440456103|126.9961581049851844_37.5551412761027734|126.9960427606810924_37.5553267156352817|126.9959855657400141_37.5555069195413864|126.9958542241982542_37.5557391063254826|126.9957997040461208_37.5558354870824616|126.9956996920190164_37.5560558026157096|126.9956771680994905_37.5561648526345166|126.9956726357914505_37.5561867958577480|126.9956610930827026_37.5564217827936702|126.9956758423491578_37.5564886423403124
2026-09-04T06:42:24.849833+09:00,남산공원,남산공원,POI091,KEY_3,1010024601,퇴계로26길,1010008005,예장동2-102,126.9896564712399396_37.5593178416227360,1010012802,남산안기부터공원,126.9900119969606180_37.5598587489970583,68.0,30.0,원활,126.9900119969606180_37.5598587489970583|126.9899102911458471_37.5597158836745848|126.9896564712399396_37.5593178416227360
2026-09-04T06:42:24.849833+09:00,남산공원,남산공원,POI091,KEY_3,1010024702,퇴계로26길,1010012801,남산안기부터공원,126.9901301560217490_37.5598054406358912,1010008002,예장동2-102,126.9897775762310062_37.5592689009855789,67.0,31.0,원활,126.9897775762310062_37.5592689009855789|126.9900299867471176_37.5596647325304858|126.9901301560217490_37.5598054406358912
2026-09-04T06:42:24.849833+09:00,남산공원,남산공원,POI091,KEY_3,1010024800,장충단로,1010009900,장충체육관앞,127.0056977643979934_37.5586970766435471,1010010100,장충체육관앞,127.0051102100207174_37.5590018901398537,71.0,23.0,서행,127.0051102100207174_37.5590018901398537|127.0053645119635632_37.5589950808362403|127.0055705853889805_37.5589172873120702|127.0056842038645470_37.5588226817040862|127.0056977643979934_37.5586970766435471
2026-09-04T06:42:24.849833+09:00,남산공원,남산공원,POI091,KEY_3,1010026900,소파로,1010012802,남산안기부터공원,126.9900119969606180_37.5598587489970583,1010014000,매일경제티브이아트앤디자인센터,126.9893485137651794_37.5600758880328343,64.0,27.0,원활,126.9893485137651794_37.5600758880328343|126.9894623166251364_37.5600115328254631|126.9900119969606180_37.5598587489970583
2026-09-04T06:42:24.849833+09:00,남산공원,남산공원,POI091,KEY_3,1010027200,소파로,1010012801,남산안기부터공원,126.9901301560217490_37.5598054406358912,1010014301,퇴계로3가교차로,126.9884563236464601_37.5600435340665300,161.0,19.0,서행,126.9884563236464601_37.5600435340665300|126.9885276942571437_37.5601305548015389|126.9885824679438144_37.5601453103317269|126.9886504117103101_37.5601351977860745|126.9899225549276736_37.5597691471587041|126.9899893934116051_37.5597684221360879|126.9901301560217490_37.5598054406358912
2026-09-04T06:42:24.849833+09:00,남산공원,남산공원,POI091,KEY_3,1010027400,퇴계로26길,1010014600,주자동빌딩,126.9901932151330612_37.5601353360127277,1010012801,남산안기부터공원,126.9901301560217490_37.5598054406358912,37.0,30.0,원활,126.9901301560217490_37.5598054406358912|126.9901932151330612_37.5601353360127277
2026-09-04T06:42:24.849833+09:00,남산공원,남산공원,POI091,KEY_3,1010053900,삼일대로,1010008007,남산한옥마을,126.9926793846615709_37.5565231864836875,1010001101,남산1호터널(북측),126.9930465791601222_37.5557259705615749,94.0,51.0,원활,126.9930465791601222_37.5557259705615749|126.9928675379104703_37.5560502009483628|126.9927656627598935_37.5562864029666486|126.9926793846615709_37.5565231864836875
2026-09-04T06:42:24.849833+09:00,남산공원,남산공원,POI091,KEY_3,1010027600,삼일대로2길,1010014600,주자동빌딩,126.9901932151330612_37.5601353360127277,1010013100,예장동 산3-23,126.9921881175068847_37.5586537591868037,254.0,33.0,원활,126.9921881175068847_37.5586537591868037|126.9921524756692293_37.5587701440302766|126.9920713791381388_37.5590129023742847|126.9919815275385133_37.5591618896894772|126.9917456848140773_37.5593704632660419|126.9914873832232871_37.5595730764536810|126.9913002109624216_37.5596833178136009|126.9910943233582117_37.5597786576774837|126.9906600945686534_37.5599276174894143|126.9904092880018283_37.5600199729958746|126.9903010274202586_37.5600743176934699|126.9901932151330612_37.5601353360127277
2026-09-04T06:42:24.849833+09:00,남산공원,남산공원,POI091,KEY_3,1010028600,퇴계로36길,1010096800,필동2가 79,126.9953795008796078_37.5602933387065647,1010016503,충무로역앞교차로,126.9931917886483461_37.5610407128292394,217.0,16.0,서행,126.9931917886483461_37.5610407128292394|126.9932698071303179_37.5609162715643663|126.9933785265103836_37.5608210828932485|126.9934940342237297_37.5607650238862121|126.9939617818677391_37.5606734227620862|126.9942993862487839_37.5606071982569034|126.9946428036166566_37.5605167164118470|126.9949100490692047_37.5604355509489665|126.9953712571787179_37.5602954749963871|126.9953795008796078_37.5602933387065647
2026-09-04T06:42:24.849833+09:00,남산공원,남산공원,POI091,KEY_3,1010029700,소파로,1010014302,퇴계로3가교차로,126.9883285565974944_37.5600802019915889,1010017003,퇴계로2가교차로,126.9889890744976100_37.5611001658779600,132.0,19.0,서행,126.9889890744976100_37.5611001658779600|126.9888682751928997_37.5610849611105877|126.9887988136153467_37.5609915058575083|126.9886623017465155_37.5607149615883316|126.9885784807332954_37.5605299635393948|126.9884314506820715_37.5602734336100710|126.9883285565974944_37.5600802019915889
2026-09-04T06:42:24.849833+09:00,남산공원,남산공원,POI091,KEY_3,1010031000,소파로,1010015300,명동역10번출구,126.9883062927232231_37.5607909574822685,1010016301,명동역1번출구,126.9871113334254318_37.5609345528858967,113.0,19.0,서행,126.9871113334254318_37.5609345528858967|126.9874447180556274_37.5610079416609750|126.9876354659963766_37.5610121135843684|126.9878175418455442_37.5609892471934259|126.9880115986588294_37.5609473112405254|126.9881625342676870_37.5608977410119067|126.9882463915136555_37.5608481648322652|126.9883062927232231_37.5607909574822685
2026-09-04T06:42:24.849833+09:00,남산공원,남산공원,POI091,KEY_3,1010031200,퇴계로,1010016703,흥국빌딩,126.9904228164697599_37.5610767696574754,1010016202,롯데호텔L7(명동),126.9868616879201113_37.5609669231657151,317.0,49.0,원활,126.9868616879201113_37.5609669231657151|126.9890337974489825_37.5611585006403175|126.9894972258370700_37.5611975631426844|126.9896672965873847_37.5611975781491196|126.9898435176610576_37.5611725033829131|126.9901719518890246_37.5611092577799397|126.9904228164697599_37.5610767696574754
2026-09-04T06:42:24.849833+09:00,남산공원,남산공원,POI091,KEY_3,1010031300,퇴계로,1010016201,롯데호텔L7(명동),126.9868467299909440_37.5610743853645488,1010016704,흥국빌딩,126.9904446250492356_37.5611834858824452,321.0,52.0,원활,126.9904446250492356_37.5611834858824452|126.9901988617116615_37.5612153145444125|126.9898714581575661_37.5612783602882132|126.9896793321666593_37.5613056988122338|126.9894900484891167_37.5613056821144156|126.9890191710092893_37.5612659917982157|126.9868467299909440_37.5610743853645488
2026-09-04T06:42:24.849833+09:00,남산공원,남산공원,POI091,KEY_3,1010051400,삼일대로,1010137800,최소노드배치점,126.9951526782604958_37.5522667944259823,1020033901,중구-용산구,126.9973340280127019_37.5488358005655130,427.0,48.0,원활,126.9973340280127019_37.5488358005655130|126.9959822894256405_37.5509523187586822|126.9951526782604958_37.5522667944259823
2026-09-04T06:42:24.849833+09:00,남산공원,남산공원,POI091,KEY_3,1010051500,삼일대로,1010137900,최소노드배치점,126.9950313338340067_37.5522182490636993,1010001102,남산1호터널(북측),126.9929217684921667_37.5556833610261123,428.0,54.0,원활,126.9929217684921667_37.5556833610261123|126.9932770474927821_37.5550067940349024|126.9940013356589503_37.5538501500980217|126.9950313338340067_37.5522182490636993
2026-09-04T06:42:24.849833+09:00,남산공원,남산공원,POI091,KEY_3,1010051600,장충단로,1010005503,국립극장앞교차로,127.0006452620610844_37.5512135010897623,1020034301,중구-용산구,126.9997458610224328_37.5498946352363348,177.0,44.0,원활,126.9997458610224328_37.5498946352363348|126.9997123738225753_37.5500116966741189|126.9997012367280007_37.5501402637217367|126.9997206124440936_37.5502614714863654|126.9997806553506479_37.5504162712518976|126.9998541302150130_37.5505512679565001|127.0000139703703042_37.5507285250612313|127.0006452620610844_37.5512135010897623
2026-09-04T06:42:24.849833+09:00,남산공원,남산공원,POI091,KEY_3,1010051700,장충단로,1020034302,중구-용산구,126.9996178648612641_37.5498600155730813,1010005504,국립극장앞교차로,127.0005509669023098_37.5512913068117129,191.0,55.0,원활,127.0005509669023098_37.5512913068117129|126.9999108283262643_37.5507995327092843|126.9997353193519416_37.5506049014811367|126.9996530970048951_37.5504538299658464|126.9995873859489421_37.5502844195261787|126.9995648441908287_37.5501433987724837|126.9995776621319976_37.5499954341476041|126.9996178648612641_37.5498600155730813
2026-09-04T06:42:24.849833+09:00,남산공원,남산공원,POI091,KEY_3,1010053100,소월로3길,1010006503,남산삼거리,126.9811650329996411_37.5548402580275251,1020035301,중구-용산구,126.9794359625306441_37.5533355630164678,244.0,24.0,서행,126.9794359625306441_37.5533355630164678|126.9794377262654876_37.5533623696143906|126.9794604845724280_37.5534621428795390|126.9795037062092007_37.5535999165766796|126.9795792110562473_37.5537502908920757|126.9796704920301380_37.5539097940801057|126.9797755942381059_37.5540679309457488|126.9799168936921916_37.5542344045017842|126.9800131949856450_37.5543436479056325|126.9801394846269034_37.5544579508745144|126.9803426669009383_37.5545989730072662|126.9804499002827498_37.5546574115057652|126.9806202715629126_37.5547287148210316|126.9808000848712908_37.5547878289260453|126.9809807898117953_37.5548175451464843|126.9811650329996411_37.5548402580275251
2026-09-04T06:42:24.849833+09:00,남산공원,남산공원,POI091,KEY_3,1010054000,삼일대로,1010001102,남산1호터널(북측),126.9929217684921667_37.5556833610261123,1010008008,남산한옥마을,126.9925489514454711_37.5564930643168040,96.0,54.0,원활,126.9925489514454711_37.5564930643168040|126.9926361466641112_37.5562537662359688|126.9927409314109212_37.5560108178373540|126.9929217684921667_37.5556833610261123
2026-09-04T06:42:24.849833+09:00,남산공원,남산공원,POI091,KEY_3,1020013503,이태원로,1020029301,한강진역(서울6호선),127.0017194731485404_37.5403123179937737,1020030604,북한남삼거리,127.0022184589252987_37.5420235281721943,199.0,28.5,원활,127.0022184589252987_37.5420235281721943|127.0020105521671923_37.5418073965013903|127.0019292985444537_37.5416844726601298|127.0018816666390222_37.5415359337069532|127.0018247702718241_37.5412580977982060|127.0018212415865975_37.5412330698797376|127.0017833598613493_37.5409643796915375|127.0017457559744543_37.5406620137023879|127.0017194731485404_37.5403123179937737
2026-09-04T06:42:24.849833+09:00,남산공원,남산공원,POI091,KEY_3,1020016600,소월로,1020205100,최소노드배치점,126.9935065011558351_37.5426620403777989,1020029901,그랜드하얏트서울호텔,126.9968710453129859_37.5412533247676805,341.0,41.0,원활,126.9968710453129859_37.5412533247676805|126.9962030872764700_37.5416642886108249|126.9957120169575830_37.5419664162750450|126.9954912636471676_37.5420753380152732|126.9952976887570202_37.5421359731504651|126.9944654566896247_37.5422765759182084|126.9943312964985012_37.5423188543689648|126.9941288523878455_37.5424092330924211|126.9936904320038025_37.5426049586251693|126.9935065011558351_37.5426620403777989
2026-09-04T06:42:24.849833+09:00,남산공원,남산공원,POI091,KEY_3,1020017101,소월로,1020080500,이태원동 258-466,126.9973230128762225_37.5410483640412878,1020030802,남산관광고가차도(남측),127.0005154463813994_37.5427136145269316,361.0,25.0,원활,127.0005154463813994_37.5427136145269316|127.0003739159875948_37.5425874075405090|126.9994403344769580_37.5417582537453853|126.9990235842738429_37.5414026985069142|126.9988333482718161_37.5412651979035630|126.9986822649016176_37.5411743998592584|126.9984893641391324_37.5410987423950289|126.9983170716432426_37.5410415761301550|126.9982071541269306_37.5410216320229111|126.9980884589850945_37.5410000951226195|126.9979253357986693_37.5409795838106675|126.9977146013374067_37.5409795799202826|126.9974849729743624_37.5410092875252062|126.9973230128762225_37.5410483640412878
2026-09-04T06:42:24.849833+09:00,남산공원,남산공원,POI091,KEY_3,1020017102,소월로,1020030802,남산관광고가차도(남측),127.0005154463813994_37.5427136145269316,1020031500,남산맨션아파트,127.0021365084328409_37.5443554939609854,236.0,41.0,원활,127.0021365084328409_37.5443554939609854|127.0018834255056532_37.5439839702774023|127.0017037840183036_37.5437074409669549|127.0015421068988815_37.5434690531480868|127.0013385176179384_37.5432592723151757|127.0010750516554339_37.5430637959528042|127.0007397338261654_37.5428444790193581|127.0005154463813994_37.5427136145269316
2026-09-04T06:42:24.849833+09:00,남산공원,남산공원,POI091,KEY_3,1020017104,한남대로,1020201800,한남동 726-468,127.0022900780869008_37.5451015287289067,1020032402,한남동 726-466,127.0025220578535681_37.5462372610228172,128.0,25.0,원활,127.0025220578535681_37.5462372610228172|127.0024299606877634_37.5457810591842076|127.0023945789044717_37.5456091805311516|127.0022900780869008_37.5451015287289067
2026-09-04T06:42:24.849833+09:00,남산공원,남산공원,POI091,KEY_3,1020017202,한남대로,1020032100,남산관광고가차도(북측),127.0025639626736762_37.5457635706606467,1020030801,남산관광고가차도(남측),127.0006167288986063_37.5426416007474586,408.0,49.0,원활,127.0006167288986063_37.5426416007474586|127.0008175743112702_37.5427872650328780|127.0012486976299471_37.5430637942442544|127.0016199463885584_37.5433641604487747|127.0020795219007965_37.5437944471662846|127.0022097620136918_37.5439517818238429|127.0022995844048808_37.5441091180285866|127.0023489900632683_37.5442700301371843|127.0025241647842762_37.5451604129389054|127.0025380337342114_37.5453370138918245|127.0025639626736762_37.5457635706606467
2026-09-04T06:42:24.849833+09:00,남산공원,남산공원,POI091,KEY_3,1020017204,한남대로,1020032401,한남동 726-466,127.0026561285417728_37.5462201012591379,1020032100,남산관광고가차도(북측),127.0025639626736762_37.5457635706606467,51.0,44.0,원활,127.0025639626736762_37.5457635706606467|127.0026561285417728_37.5462201012591379
2026-09-04T06:42:24.849833+09:00,남산공원,남산공원,POI091,KEY_3,1020018100,한남대로,1020030604,북한남삼거리,127.0022184589252987_37.5420235281721943,1020031500,남산맨션아파트,127.0021365084328409_37.5443554939609854,266.0,26.0,원활,127.0021365084328409_37.5443554939609854|127.0019440406086204_37.5428386962338010|127.0019378726381660_37.5426228258432886|127.0019817146717145_37.5423435053198347|127.0021036238137242_37.5421340225907798|127.0022184589252987_37.5420235281721943
2026-09-04T06:42:24.849833+09:00,남산공원,남산공원,POI091,KEY_3,1020018200,한남대로,1020032100,남산관광고가차도(북측),127.0025639626736762_37.5457635706606467,1020030601,북한남삼거리,127.0023230676922736_37.5420924597692505,416.0,44.5,원활,127.0023230676922736_37.5420924597692505|127.0022194356072731_37.5421921745940210|127.0021138222907524_37.5423736549821498|127.0020738499172097_37.5426283304431081|127.0020796694266494_37.5428320256251880|127.0022710579769978_37.5443413187302610|127.0024240169706360_37.5450840457689239|127.0025285644748010_37.5455916912076688|127.0025639626736762_37.5457635706606467
2026-09-04T06:42:24.849833+09:00,남산공원,남산공원,POI091,KEY_3,1020019200,소월로,1020198000,용산동2가 5-2146,126.9873787628858111_37.5460609528674567,1020031201,주한파키스탄대사관저,126.9911144667655236_37.5443954669159794,435.0,34.0,원활,126.9911144667655236_37.5443954669159794|126.9910735701488136_37.5444779064234453|126.9905580995526719_37.5452913794631584|126.9904629217780325_37.5454025055591813|126.9903097281450641_37.5455344119793111|126.9895344029768438_37.5460459430190596|126.9893462102989616_37.5461490896824017|126.9891842828923956_37.5462184942362072|126.9890281368240466_37.5462702800681640|126.9888305116261620_37.5462859965873506|126.9887068235050549_37.5462726761659624|126.9878225459612935_37.5460680173489649|126.9876689709004722_37.5460586974375516|126.9875588164478728_37.5460520124403416|126.9873787628858111_37.5460609528674567
2026-09-04T06:42:24.849833+09:00,남산공원,남산공원,POI091,KEY_3,1020020101,장충단로,1020033602,한남동 산9-24,127.0018534544919646_37.5479854852196766,1020034302,중구-용산구,126.9996178648612641_37.5498600155730813,288.0,54.5,원활,126.9996178648612641_37.5498600155730813|126.9996770063061859_37.5497529883793248|126.9997363683108347_37.5496666386303346|126.9998412098966298_37.5495604002782670|127.0015788290318568_37.5481840684392694|127.0018534544919646_37.5479854852196766
2026-09-04T06:42:24.849833+09:00,남산공원,남산공원,POI091,KEY_3,1020020201,장충단로,1020034301,중구-용산구,126.9997458610224328_37.5498946352363348,1020033601,한남동 산9-19,127.0019447500765182_37.5480655221760529,282.0,36.0,원활,127.0019447500765182_37.5480655221760529|127.0016724126737415_37.5482624522401665|126.9999428643421311_37.5496323928575890|126.9998500929740857_37.5497264002596509|126.9997986695977232_37.5498012019808556|126.9997458610224328_37.5498946352363348
2026-09-04T06:42:24.849833+09:00,남산공원,남산공원,POI091,KEY_3,1020020301,삼일대로,1020202900,최소노드배치점,126.9991749524351405_37.5457226778887971,1020033902,중구-용산구,126.9972131284970089_37.5487865670217715,382.0,54.0,원활,126.9972131284970089_37.5487865670217715|126.9976937788828337_37.5480426897664614|126.9991749524351405_37.5457226778887971
2026-09-04T06:42:24.849833+09:00,남산공원,남산공원,POI091,KEY_3,1020020405,삼일대로,1020203000,최소노드배치점,126.9992960011910128_37.5457716707877935,1020030501,남산1호터널,127.0013263761871229_37.5427407685120968,381.0,48.5,원활,127.0013263761871229_37.5427407685120968|127.0001500288212100_37.5444339010368964|126.9992960011910128_37.5457716707877935
2026-09-04T06:42:24.849833+09:00,남산공원,남산공원,POI091,KEY_3,1020020500,소월로,1020202400,최소노드배치점,126.9836608885575231_37.5493490622536683,1020035002,남산도서관,126.9820576561830876_37.5520743432417916,343.0,41.0,원활,126.9820576561830876_37.5520743432417916|126.9822226605565021_37.5519329108021651|126.9827360702505530_37.5514510898937104|126.9833001012622873_37.5506927205511403|126.9833805235940218_37.5505464376930007|126.9834888201302334_37.5502483494537671|126.9835269266317965_37.5500362381177126|126.9835751122179346_37.5496604338540934|126.9836457141962569_37.5493820675401437|126.9836608885575231_37.5493490622536683
2026-09-04T06:42:24.849833+09:00,남산공원,남산공원,POI091,KEY_3,1020020600,소월로,1020202300,최소노드배치점,126.9837884104005923_37.5493862278245416,1020032501,용산2가동주민센터앞교차로,126.9852054592412998_37.5466428470561624,347.0,30.5,원활,126.9852054592412998_37.5466428470561624|126.9847717560129610_37.5469101027995720|126.9845864439278529_37.5470281015069958|126.9845268187721672_37.5471032424247397|126.9844952209674034_37.5472121780575918|126.9844980284595692_37.5480374474067204|126.9844853903748287_37.5481855176849422|126.9844160179153931_37.5483837291718459|126.9842770429615655_37.5486147709639155|126.9839523254951814_37.5490296975246878|126.9837884104005923_37.5493862278245416
2026-09-04T06:42:24.849833+09:00,남산공원,남산공원,POI091,KEY_3,1020021102,녹사평대로,1020202800,최소노드배치점,126.9862234500265004_37.5487401447911182,1020035102,중구-용산구,126.9843316265079096_37.5527042883916451,471.0,59.5,원활,126.9843316265079096_37.5527042883916451|126.9862234500265004_37.5487401447911182
2026-09-04T06:42:24.849833+09:00,남산공원,남산공원,POI091,KEY_3,1020021203,녹사평대로,1020202700,최소노드배치점,126.9863503923400998_37.5487785464141908,1020031700,남산3호터널,126.9882591208348686_37.5448199209281057,471.0,54.0,원활,126.9882591208348686_37.5448199209281057|126.9874456928026518_37.5464987757139923|126.9869567914766435_37.5475077924163756|126.9863503923400998_37.5487785464141908
2026-09-04T06:42:24.849833+09:00,남산공원,남산공원,POI091,KEY_3,1020021503,녹사평대로58길,1020202600,최소노드배치점,126.9920654888585432_37.5464836330589478,1020033802,중구-용산구,126.9941800822392253_37.5483638189793609,280.0,40.5,원활,126.9941800822392253_37.5483638189793609|126.9938148610441147_37.5480370875412888|126.9920654888585432_37.5464836330589478
2026-09-04T06:42:24.849833+09:00,남산공원,남산공원,POI091,KEY_3,1020021602,녹사평대로58길,1020202500,최소노드배치점,126.9921665926364795_37.5464114553124944,1020031601,남산2호터널(남측),126.9900889924239067_37.5445050141916710,280.0,44.0,원활,126.9900889924239067_37.5445050141916710|126.9914916267217109_37.5458120576411361|126.9921665926364795_37.5464114553124944
2026-09-04T06:42:24.849833+09:00,남산공원,남산공원,POI091,KEY_3,1020022000,소월로,1020194800,후암동 30-84,126.9814072594849534_37.5522852306242356,1020035004,남산도서관,126.9820441302999257_37.5522163769606223,59.0,38.7,원활,126.9820441302999257_37.5522163769606223|126.9819088129307261_37.5522833198760679|126.9817703707758199_37.5523143848202494|126.9814072594849534_37.5522852306242356
2026-09-04T06:42:24.849833+09:00,남산공원,남산공원,POI091,KEY_3,1020022501,소월로3길,1020035301,중구-용산구,126.9794359625306441_37.5533355630164678,1020035201,백범삼거리,126.9793662533445655_37.5529532246864122,43.0,38.0,원활,126.9793662533445655_37.5529532246864122|126.9793880800049521_37.5530117222789102|126.9794227439918330_37.5531347848289343|126.9794359625306441_37.5533355630164678
2026-09-04T06:42:24.849833+09:00,남산공원,남산공원,POI091,KEY_3,1020022601,소월로3길,1020035204,백범삼거리,126.9792622165397944_37.5530589862476134,1020035302,중구-용산구,126.9793003435379148_37.5533412224888679,32.0,28.0,원활,126.9793003435379148_37.5533412224888679|126.9792877259997397_37.5531495484006754|126.9792622165397944_37.5530589862476134
2026-09-04T06:42:24.849833+09:00,남산공원,남산공원,POI091,KEY_3,1020022701,소월로,1020035203,백범삼거리,126.9791523207287014_37.5529954657967551,1020035803,남산빌딩,126.9788197492435984_37.5538664469801802,105.0,34.0,원활,126.9788197492435984_37.5538664469801802|126.9788320848520584_37.5537936153429754|126.9788381662664420_37.5534787987545684|126.9788616301610205_37.5533455832039920|126.9789869852372135_37.5531767747786844|126.9791523207287014_37.5529954657967551
2026-09-04T06:42:24.849833+09:00,남산공원,남산공원,POI091,KEY_3,1020022705,소월로,1010109800,남대문로5가 431,126.9765972619878767_37.5555182701131471,1010000704,도동삼거리,126.9768636563198214_37.5560052120861414,59.0,30.0,원활,126.9768636563198214_37.5560052120861414|126.9768061889182320_37.5559210408862967|126.9767141186498520_37.5557820754249434|126.9766585950972626_37.5556855676206496|126.9765972619878767_37.5555182701131471
2026-09-04T06:42:24.849833+09:00,남산공원,남산공원,POI091,KEY_3,1020046700,회나무로,1020029604,주한잠비아대사관,126.9967777014190347_37.5409679675920387,1020029904,그랜드하얏트서울호텔,126.9967880247366026_37.5411677682187985,22.0,23.0,서행,126.9967880247366026_37.5411677682187985|126.9967728360006589_37.5410286281927483|126.9967777014190347_37.5409679675920387
2026-09-04T06:42:24.849833+09:00,남산공원,남산공원,POI091,KEY_3,1020046800,이태원로,1020029301,한강진역(서울6호선),127.0017194731485404_37.5403123179937737,1020030502,남산1호터널,127.0011475233860949_37.5426632134690550,272.0,35.0,원활,127.0011475233860949_37.5426632134690550|127.0015311515307985_37.5421016089276307|127.0015805456080216_37.5419085123277227|127.0015939913932499_37.5406247820271943|127.0016388950282931_37.5405067783538442|127.0017194731485404_37.5403123179937737
2026-09-04T06:42:24.849833+09:00,남산공원,남산공원,POI091,KEY_3,1020046900,삼일대로,1020175500,최소노드배치점,127.0035323192753083_37.5405885434105357,1020030502,남산1호터널,127.0011475233860949_37.5426632134690550,321.0,58.7,원활,127.0011475233860949_37.5426632134690550|127.0014421537468792_37.5421321890763622|127.0016477330503335_37.5418866360372547|127.0018907470175975_37.5416665641116509|127.0022358658835202_37.5414482134012175|127.0025860131714524_37.5412867858314456|127.0028559969429409_37.5411634273289678|127.0031181343200473_37.5410231206069369|127.0032721853626754_37.5409133593387665|127.0033897576778941_37.5407906749780054|127.0035115414202807_37.5406268074686480|127.0035323192753083_37.5405885434105357
2026-09-04T06:42:24.849833+09:00,남산공원,남산공원,POI091,KEY_3,1020048000,한남대로,1020032402,한남동 726-466,127.0025220578535681_37.5462372610228172,1020032900,버티고개삼거리,127.0026105037928943_37.5468688936416513,71.0,51.0,원활,127.0026105037928943_37.5468688936416513|127.0025188872698436_37.5463087905039785|127.0025220578535681_37.5462372610228172
2026-09-04T06:42:24.849833+09:00,남산공원,남산공원,POI091,KEY_3,1020048300,한남대로,1020032900,버티고개삼거리,127.0026105037928943_37.5468688936416513,1020032700,버티고개삼거리,127.0029447673493195_37.5467593288095358,44.0,25.0,원활,127.0029447673493195_37.5467593288095358|127.0029380695280992_37.5468203653495749|127.0029099083530042_37.5468760387726661|127.0028500298482896_37.5469141822217907|127.0027751791743782_37.5469261033197625|127.0027153173217584_37.5469271696922320|127.0026602253265509_37.5469004707433598|127.0026105037928943_37.5468688936416513
2026-09-04T06:42:24.849833+09:00,남산공원,남산공원,POI091,KEY_3,1020048700,한남대로,1020032900,버티고개삼거리,127.0026105037928943_37.5468688936416513,1020033200,버티고개삼거리,127.0025730838910363_37.5470327870720695,18.0,42.0,원활,127.0025730838910363_37.5470327870720695|127.0026105037928943_37.5468688936416513
2026-09-04T06:42:24.849833+09:00,남산공원,남산공원,POI091,KEY_3,1020048902,장충단로,1020039200,금곡마을,127.0025345027781754_37.5476975304652854,1020033400,버티고개삼거리,127.0030416859701603_37.5473790298105854,57.0,32.0,원활,127.0030416859701603_37.5473790298105854|127.0027348020271063_37.5475667685394185|127.0025345027781754_37.5476975304652854
2026-09-04T06:42:24.849833+09:00,남산공원,남산공원,POI091,KEY_3,1020049101,한남대로,1020033200,버티고개삼거리,127.0025730838910363_37.5470327870720695,1020033400,버티고개삼거리,127.0030416859701603_37.5473790298105854,61.0,35.0,원활,127.0030416859701603_37.5473790298105854|127.0028680107847805_37.5473504346501059|127.0027692048318926_37.5473075269365992|127.0026853679474499_37.5472336280425196|127.0025730838910363_37.5470327870720695
2026-09-04T06:42:24.849833+09:00,남산공원,남산공원,POI091,KEY_3,1020049200,한남대로,1020033200,버티고개삼거리,127.0025730838910363_37.5470327870720695,1020033602,한남동 산9-24,127.0018534544919646_37.5479854852196766,125.0,31.0,원활,127.0018534544919646_37.5479854852196766|127.0020491484872736_37.5478403427924476|127.0022886659577210_37.5475512907599622|127.0024084221392684_37.5473665367583962|127.0025730838910363_37.5470327870720695
2026-09-04T06:42:24.849833+09:00,남산공원,남산공원,POI091,KEY_3,1020049300,장충단로,1020033601,한남동 산9-19,127.0019447500765182_37.5480655221760529,1020039200,금곡마을,127.0025345027781754_37.5476975304652854,66.0,50.0,원활,127.0025345027781754_37.5476975304652854|127.0021706652056963_37.5479225801878513|127.0019447500765182_37.5480655221760529
2026-09-04T06:42:24.849833+09:00,남산공원,남산공원,POI091,KEY_3,1020052600,장충단로,1020039200,금곡마을,127.0025345027781754_37.5476975304652854,1020039300,버티고개삼거리,127.0035835950983483_37.5474410033304693,97.0,44.0,원활,127.0035835950983483_37.5474410033304693|127.0029323907036627_37.5475602162392121|127.0025345027781754_37.5476975304652854
2026-09-04T06:42:24.849833+09:00,뚝섬한강공원,뚝섬한강공원,POI093,KEY_1,1040040100,동부간선도로,1040006700,청담대교(북측),127.0658040332418466_37.5296505595828407,1040007000,청담대교,127.0659084467373674_37.5304009255851980,84.0,46.0,서행,127.0659084467373674_37.5304009255851980|127.0658993527911917_37.5302722000947497|127.0658767209621232_37.5300648130206937|127.0658040332418466_37.5296505595828407
2026-09-04T06:42:24.849833+09:00,뚝섬한강공원,뚝섬한강공원,POI093,KEY_1,1040000101,강변북로,1040007200,갈보리교회,127.0717090610578452_37.5301063396273378,1040007700,청담대교,127.0639048821844455_37.5319767570000238,723.0,75.8,원활,127.0639048821844455_37.5319767570000238|127.0641467011488999_37.5319005471695135|127.0644696731657177_37.5318097837486206|127.0647191200326773_37.5317507749984074|127.0648782042396334_37.5317238099468824|127.0651840667161281_37.5317014958161437|127.0655199521013117_37.5316906105589112|127.0657229190443616_37.5316733003715655|127.0659578374756506_37.5316385196029287|127.0662238405564892_37.5315862703501750|127.0675077088500728_37.5312398941677614|127.0688008468883226_37.5308922092799335|127.0697340200764529_37.5306450696274183|127.0708561697146166_37.5303333238003844|127.0717090610578452_37.5301063396273378
2026-09-04T06:42:24.849833+09:00,뚝섬한강공원,뚝섬한강공원,POI093,KEY_1,1040007500,강변북로,1040028701,청담대교,127.0701160723116203_37.5386945582041420,1040000201,청담대교(북측),127.0668012691852340_37.5315220172388280,848.0,54.3,원활,127.0668012691852340_37.5315220172388280|127.0669355263784155_37.5317815872931959|127.0672448702695760_37.5324328127955837|127.0677860749237738_37.5336261809339149|127.0685094362804364_37.5351779912987382|127.0689130346604259_37.5360918386047686|127.0694053089361546_37.5371700486358151|127.0701160723116203_37.5386945582041420
2026-09-04T06:42:24.849833+09:00,뚝섬한강공원,뚝섬한강공원,POI093,KEY_1,1040017500,동부간선도로,1040006500,청담대교(북측),127.0659058096508573_37.5295099655257971,1220054801,광진구-강남구,127.0638527269761511_37.5251377326585711,518.0,71.5,원활,127.0638527269761511_37.5251377326585711|127.0659058096508573_37.5295099655257971
2026-09-04T06:42:24.849833+09:00,뚝섬한강공원,뚝섬한강공원,POI093,KEY_1,1040017600,동부간선도로,1220054802,광진구-강남구,127.0637042681796913_37.5251816470201618,1040006700,청담대교(북측),127.0658040332418466_37.5296505595828407,530.0,51.0,원활,127.0658040332418466_37.5296505595828407|127.0637042681796913_37.5251816470201618
2026-09-04T06:42:24.849833+09:00,뚝섬한강공원,뚝섬한강공원,POI093,KEY_1,1040017800,강변북로,1040005500,자양동571,127.0891044140083466_37.5275091410896735,1040005300,잠실대교(북측),127.0862499791729050_37.5276278416706646,294.0,46.0,서행,127.0862499791729050_37.5276278416706646|127.0870098289398840_37.5278013091686447|127.0873723080057545_37.5279098933669459|127.0876710927343680_37.5280301791059827|127.0878690622159581_37.5281053971571410|127.0879961282403485_37.5281416129128687|127.0881232595525887_37.5281659046285085|127.0882280475711497_37.5281692511000173|127.0883254798830819_37.5281487237361020|127.0884230277934961_37.5281073290094156|127.0886296793605368_37.5279649582207568|127.0887725846017418_37.5278432327973945|127.0891044140083466_37.5275091410896735
2026-09-04T06:42:24.849833+09:00,뚝섬한강공원,뚝섬한강공원,POI093,KEY_1,1040019400,동부간선도로,1040007100,청담대교,127.0661780522084143_37.5301489062000044,1040006500,청담대교(북측),127.0659058096508573_37.5295099655257971,75.0,63.0,원활,127.0659058096508573_37.5295099655257971|127.0661780522084143_37.5301489062000044
2026-09-04T06:42:24.849833+09:00,뚝섬한강공원,뚝섬한강공원,POI093,KEY_1,1040020201,동부간선도로,1040007000,청담대교,127.0659084467373674_37.5304009255851980,1040000202,청담대교(북측),127.0666626111006252_37.5315665324150132,569.0,42.5,서행,127.0666626111006252_37.5315665324150132|127.0665844704566894_37.5314071710942372|127.0663149822559603_37.5307563124062753|127.0662000326143897_37.5305680838471929|127.0660846349030635_37.5304573613561558|127.0659765674722195_37.5303734944058007|127.0658273955304765_37.5302775525286307|127.0656033278221884_37.5301872968624579|127.0653603715604163_37.5301267824677822|127.0651883094761558_37.5301052814653744|127.0649974815679144_37.5300926545932185|127.0647877110491919_37.5301187114876384|127.0646601860693039_37.5301629565729868|127.0645287783082438_37.5302310369297629|127.0644234346550832_37.5303230605501739|127.0643403747003788_37.5304449770722925|127.0642833610659608_37.5305938192979269|127.0642749904788360_37.5307458218700916|127.0642928567745145_37.5308919599562856|127.0643409974126001_37.5309815689468493|127.0644079744791384_37.5310503797447552|127.0644900298670166_37.5311013604668062|127.0645983212158967_37.5311464756817443|127.0647590866586398_37.5311798598309210|127.0649312365971753_37.5311864561425708|127.0651485129710068_37.5311574458794723|127.0653548011039504_37.5310866600695121|127.0655163454597556_37.5309858989919221|127.0656895151263939_37.5308166154867990|127.0657988609960825_37.5306798898420055|127.0659084467373674_37.5304009255851980
2026-09-04T06:42:24.849833+09:00,뚝섬한강공원,뚝섬한강공원,POI093,KEY_1,1040020202,강변북로,1040000202,청담대교(북측),127.0666626111006252_37.5315665324150132,1040028702,청담대교,127.0699887106514012_37.5387318473572122,848.0,43.7,서행,127.0699887106514012_37.5387318473572122|127.0692776775772757_37.5372071673034355|127.0687850931199563_37.5361282739688562|127.0683816446363466_37.5352147721280858|127.0676584862117124_37.5336633852443669|127.0671174250280160_37.5324703344999904|127.0668031124959469_37.5318450873398533|127.0666626111006252_37.5315665324150132
2026-09-04T06:42:24.849833+09:00,뚝섬한강공원,뚝섬한강공원,POI093,KEY_1,1040020300,강변북로,1040007200,갈보리교회,127.0717090610578452_37.5301063396273378,1040006500,청담대교(북측),127.0659058096508573_37.5295099655257971,589.0,68.3,원활,127.0659058096508573_37.5295099655257971|127.0661422395284603_37.5299300856423272|127.0662624382071897_37.5301165444698057|127.0663782912479149_37.5302779469622081|127.0665122982715047_37.5304072202187626|127.0666286278227517_37.5304863472552910|127.0667584332606879_37.5305655233223590|127.0669376489558573_37.5306448802829351|127.0670946529859862_37.5306812285827149|127.0672831216946861_37.5307141142238834|127.0674897015057212_37.5307220260745638|127.0677188016304342_37.5307192874318076|127.0681369279238879_37.5306528494715437|127.0693822761927549_37.5304606472188951|127.0711311633638729_37.5301879846553135|127.0717090610578452_37.5301063396273378
2026-09-04T06:42:24.849833+09:00,뚝섬한강공원,뚝섬한강공원,POI093,KEY_1,1040020500,동부간선도로,1040000201,청담대교(북측),127.0668012691852340_37.5315220172388280,1040007100,청담대교,127.0661780522084143_37.5301489062000044,162.0,55.3,원활,127.0661780522084143_37.5301489062000044|127.0664052488033349_37.5306821173898300|127.0667157921235457_37.5313539937747009|127.0668012691852340_37.5315220172388280
2026-09-04T06:42:24.849833+09:00,뚝섬한강공원,뚝섬한강공원,POI093,KEY_1,1040021000,동부간선도로,1040006700,청담대교(북측),127.0658040332418466_37.5296505595828407,1040009000,자양동97-1,127.0609155736685238_37.5329350367471548,667.0,63.3,원활,127.0609155736685238_37.5329350367471548|127.0635781208483195_37.5322247311841934|127.0648539404698596_37.5318789459323554|127.0650767295477550_37.5317936319202801|127.0653158181221016_37.5317034610872753|127.0654788496418206_37.5315939721514624|127.0656013167870384_37.5315067692669189|127.0657049770766918_37.5314172115909841|127.0658172245582875_37.5313035896028282|127.0659108411356186_37.5311780017973362|127.0659843578464603_37.5310296063900140|127.0660360753247318_37.5309057555864598|127.0660617534609145_37.5307962695734290|127.0660878117391661_37.5306432775922545|127.0660919911500457_37.5304921755342349|127.0660746323654990_37.5303480953147215|127.0660169856809460_37.5301263983296920|127.0658040332418466_37.5296505595828407
2026-09-04T06:42:24.849833+09:00,뚝섬한강공원,뚝섬한강공원,POI093,KEY_1,1040021300,강변북로,1040008900,영동대교(북측),127.0622180343810612_37.5327754229746304,1040007100,청담대교,127.0661780522084143_37.5301489062000044,509.0,66.0,원활,127.0661780522084143_37.5301489062000044|127.0662091213532250_37.5303319154962338|127.0662279483586872_37.5304881872226304|127.0662234250055747_37.5306517647420890|127.0661958813128507_37.5308134783766079|127.0661678792534133_37.5309328767341057|127.0661120615257715_37.5310665481004193|127.0660331851003662_37.5312257613005116|127.0659294695478962_37.5313648977888334|127.0658084369414951_37.5314874122535613|127.0656967341885206_37.5315839185092415|127.0655679104062585_37.5316756480466083|127.0653898901095005_37.5317952023784045|127.0651352239816987_37.5318912483707550|127.0649091457236040_37.5319778229982433|127.0637001264982189_37.5323719601884278|127.0622180343810612_37.5327754229746304
2026-09-04T06:42:24.849833+09:00,뚝섬한강공원,뚝섬한강공원,POI093,KEY_1,1040022900,강변북로,1040028500,뚝섬한강공원벽천마당,127.0614388129309447_37.5326114973567044,1040008500,영동대교북측(남측),127.0584975332097599_37.5323485831343291,299.0,50.0,원활,127.0584975332097599_37.5323485831343291|127.0586732895560260_37.5324789717091889|127.0587699459401705_37.5325926128592471|127.0588552316242925_37.5327300595365685|127.0589407991397479_37.5328198106204880|127.0590489151475424_37.5328947406158733|127.0591385071375470_37.5329368094717353|127.0592505754695907_37.5329759819797673|127.0593664405883203_37.5330062244541409|127.0594824115241863_37.5330185818925273|127.0596283980437136_37.5330191263591999|127.0597595173028367_37.5330017284285375|127.0599319339068529_37.5329636179149517|127.0603781675341111_37.5328311326851605|127.0605468755547491_37.5327870441264153|127.0607343336554607_37.5327370639507691|127.0609329701540418_37.5326960678981081|127.0611090765655149_37.5326669124135179|127.0614388129309447_37.5326114973567044
2026-09-04T06:42:24.849833+09:00,뚝섬한강공원,뚝섬한강공원,POI093,KEY_1,1040023200,강변북로,1040028500,뚝섬한강공원벽천마당,127.0614388129309447_37.5326114973567044,1040009400,성동구-광진구,127.0589888489411123_37.5333278313286485,231.0,47.5,서행,127.0589888489411123_37.5333278313286485|127.0593730424238856_37.5332076489046926|127.0601146754208912_37.5329776536316828|127.0604866550777530_37.5328683822143034|127.0607385812359098_37.5328044512337371|127.0609664941108861_37.5327499710006336|127.0611464257032139_37.5327067587713472|127.0614388129309447_37.5326114973567044
2026-09-04T06:42:24.849833+09:00,뚝섬한강공원,뚝섬한강공원,POI093,KEY_1,1040040200,강변북로,1040007000,청담대교,127.0659084467373674_37.5304009255851980,1040028600,청담대교,127.0628710918014548_37.5322113847492105,364.0,53.7,원활,127.0628710918014548_37.5322113847492105|127.0645647717664133_37.5316794398258153|127.0649620402024738_37.5315528754805783|127.0651954679026687_37.5314848059559907|127.0653391000813741_37.5314239369300040|127.0654333429809810_37.5313666711772527|127.0655455274282843_37.5312879398512464|127.0656307704089016_37.5312092233928993|127.0656935509832692_37.5311162159748619|127.0657563020179310_37.5309910265765865|127.0658100480931978_37.5308372344698995|127.0658458430619930_37.5306941805669751|127.0658906280394405_37.5305618489558483|127.0659084467373674_37.5304009255851980
2026-09-04T06:42:24.849833+09:00,망원한강공원,망원한강공원,POI094,KEY_2,1130002001,강변북로,1130018900,양화대교(북측),126.9079628582625361_37.5476071802752429,1130017700,양화대교(북측),126.9091923154714152_37.5466689501214006,150.0,16.0,정체,126.9091923154714152_37.5466689501214006|126.9079628582625361_37.5476071802752429
2026-09-04T06:42:24.849833+09:00,망원한강공원,망원한강공원,POI094,KEY_2,1130001502,양화로,1130019500,양화대교(북측),126.9088702991146818_37.5473486190442571,1130020700,양화대교(북측),126.9110864738484850_37.5486558094690892,247.0,54.5,원활,126.9110864738484850_37.5486558094690892|126.9104702975695886_37.5484316205709661|126.9102030567186858_37.5483158501774241|126.9098751447166222_37.5481333274638018|126.9095562311644869_37.5479092035175839|126.9088702991146818_37.5473486190442571
2026-09-04T06:42:24.849833+09:00,망원한강공원,망원한강공원,POI094,KEY_2,1130001503,양화로,1130020700,양화대교(북측),126.9110864738484850_37.5486558094690892,1130021204,합정동 402,126.9117526504634554_37.5488099012589700,61.0,22.0,서행,126.9117526504634554_37.5488099012589700|126.9114095304818335_37.5487362312337467|126.9110864738484850_37.5486558094690892
2026-09-04T06:42:24.849833+09:00,망원한강공원,망원한강공원,POI094,KEY_2,1130001504,양화로,1130021201,합정동 402,126.9118842718870042_37.5488389364112436,1130052000,합정역8번출구,126.9125610162048474_37.5489924297706352,62.0,44.0,원활,126.9125610162048474_37.5489924297706352|126.9125108300752061_37.5489801444249309|126.9123320541385880_37.5489398539158543|126.9118842718870042_37.5488389364112436
2026-09-04T06:42:24.849833+09:00,망원한강공원,망원한강공원,POI094,KEY_2,1130001505,양화로,1130052000,합정역8번출구,126.9125610162048474_37.5489924297706352,1130021604,합정역교차로,126.9133271355590011_37.5492481379057494,74.0,41.0,원활,126.9133271355590011_37.5492481379057494|126.9131511937065824_37.5491581588815038|126.9128784491420845_37.5490701385518264|126.9125610162048474_37.5489924297706352
2026-09-04T06:42:24.849833+09:00,망원한강공원,망원한강공원,POI094,KEY_2,1130001602,양화로,1130020600,양화대교(북측),126.9111269978420609_37.5485526161926089,1130019000,양화대교(북측),126.9089758149120399_37.5472798488198407,240.0,61.0,원활,126.9089758149120399_37.5472798488198407|126.9096499332892023_37.5478308424299101|126.9099592463067125_37.5480482193369483|126.9102746337613610_37.5482237702880965|126.9105310887964890_37.5483348678804703|126.9111269978420609_37.5485526161926089
2026-09-04T06:42:24.849833+09:00,망원한강공원,망원한강공원,POI094,KEY_2,1130001603,양화로,1130021203,합정동 402,126.9117684440008702_37.5487013098127989,1130020600,양화대교(북측),126.9111269978420609_37.5485526161926089,59.0,12.0,정체,126.9111269978420609_37.5485526161926089|126.9114474860303403_37.5486323980145400|126.9117684440008702_37.5487013098127989
2026-09-04T06:42:24.849833+09:00,망원한강공원,망원한강공원,POI094,KEY_2,1130001605,양화로,1130021800,합정역8번출구,126.9126009251802998_37.5488890850710817,1130021202,합정동 402,126.9119017412713788_37.5487305057125056,64.0,22.0,서행,126.9119017412713788_37.5487305057125056|126.9123690393006569_37.5488358216645253|126.9125492819859886_37.5488764427686803|126.9126009251802998_37.5488890850710817
2026-09-04T06:42:24.849833+09:00,망원한강공원,망원한강공원,POI094,KEY_2,1130001606,양화로,1130021603,합정역교차로,126.9133979744090510_37.5491558635704337,1130021800,합정역8번출구,126.9126009251802998_37.5488890850710817,77.0,7.0,정체,126.9126009251802998_37.5488890850710817|126.9129239950553085_37.5489681728266333|126.9132139348755288_37.5490617432278029|126.9133979744090510_37.5491558635704337
2026-09-04T06:42:24.849833+09:00,망원한강공원,망원한강공원,POI094,KEY_2,1130001901,강변북로,1130017400,양화대교(북측),126.9083263926780347_37.5461870828408806,1130018500,양화대교(북측),126.9073251434053304_37.5469921878426263,126.0,24.0,정체,126.9073251434053304_37.5469921878426263|126.9079528426240131_37.5464989216316312|126.9083263926780347_37.5461870828408806
2026-09-04T06:42:24.849833+09:00,망원한강공원,망원한강공원,POI094,KEY_2,1130001902,강변북로,1130018500,양화대교(북측),126.9073251434053304_37.5469921878426263,1130021700,양화대교(북측),126.9048603023906736_37.5488546051941512,300.0,19.0,정체,126.9048603023906736_37.5488546051941512|126.9072221258290227_37.5470731409600376|126.9073251434053304_37.5469921878426263
2026-09-04T06:42:24.849833+09:00,망원한강공원,망원한강공원,POI094,KEY_2,1130002002,강변북로,1130022700,양화대교(북측),126.9055080199198642_37.5489541612342776,1130018900,양화대교(북측),126.9079628582625361_37.5476071802752429,264.0,16.0,정체,126.9079628582625361_37.5476071802752429|126.9073936673337926_37.5479978199623545|126.9069694275231797_37.5482389414567947|126.9064914428329871_37.5484583282313551|126.9055080199198642_37.5489541612342776
2026-09-04T06:42:24.849833+09:00,망원한강공원,망원한강공원,POI094,KEY_2,1130002003,강변북로,1130001000,동인리버빌2차,126.9029266853274578_37.5507642647602324,1130022700,양화대교(북측),126.9055080199198642_37.5489541612342776,304.0,16.0,정체,126.9055080199198642_37.5489541612342776|126.9050478801057693_37.5492753502968384|126.9029266853274578_37.5507642647602324
2026-09-04T06:42:24.849833+09:00,망원한강공원,망원한강공원,POI094,KEY_2,1130002101,양화로,1130021601,합정역교차로,126.9134396891751067_37.5493101529960995,1130022800,합정역(서울2호선),126.9139380043217500_37.5496171809286139,56.0,25.0,원활,126.9139380043217500_37.5496171809286139|126.9138232146117105_37.5495337692831868|126.9134396891751067_37.5493101529960995
2026-09-04T06:42:24.849833+09:00,망원한강공원,망원한강공원,POI094,KEY_2,1130002102,양화로,1130022800,합정역(서울2호선),126.9139380043217500_37.5496171809286139,1130024304,누아갤러리,126.9154925570157388_37.5507467776258252,186.0,39.0,원활,126.9154925570157388_37.5507467776258252|126.9142500058633658_37.5498438974214181|126.9139380043217500_37.5496171809286139
2026-09-04T06:42:24.849833+09:00,망원한강공원,망원한강공원,POI094,KEY_2,1130002201,양화로,1130022400,합정역5번출구,126.9140295476794051_37.5495373218593258,1130021602,합정역교차로,126.9135099145764940_37.5492170875193594,58.0,36.0,원활,126.9135099145764940_37.5492170875193594|126.9139093521257280_37.5494499807109747|126.9140295476794051_37.5495373218593258
2026-09-04T06:42:24.849833+09:00,망원한강공원,망원한강공원,POI094,KEY_2,1130002202,양화로,1130073600,합정동 402,126.9143415490859326_37.5497640377180701,1130022400,합정역5번출구,126.9140295476794051_37.5495373218593258,37.0,18.0,서행,126.9140295476794051_37.5495373218593258|126.9143415490859326_37.5497640377180701
2026-09-04T06:42:24.849833+09:00,망원한강공원,망원한강공원,POI094,KEY_2,1130002302,강변북로,1130021700,양화대교(북측),126.9048603023906736_37.5488546051941512,1130025700,망원안내센터,126.9007654903283679_37.5519545470431098,499.0,20.0,정체,126.9007654903283679_37.5519545470431098|126.9031163427670492_37.5502021941284241|126.9039187278760892_37.5495836910314580|126.9048603023906736_37.5488546051941512
2026-09-04T06:42:24.849833+09:00,망원한강공원,망원한강공원,POI094,KEY_2,1130002303,강변북로,1130025700,망원안내센터,126.9007654903283679_37.5519545470431098,1130028000,성산대교(북측),126.8963688755541455_37.5552314842199308,532.0,24.0,정체,126.8963688755541455_37.5552314842199308|126.9007654903283679_37.5519545470431098
2026-09-04T06:42:24.849833+09:00,망원한강공원,망원한강공원,POI094,KEY_2,1130002401,강변북로,1130051800,망원안내센터,126.9009570824425310_37.5522283841895188,1130001000,동인리버빌2차,126.9029266853274578_37.5507642647602324,238.0,16.0,정체,126.9029266853274578_37.5507642647602324|126.9009570824425310_37.5522283841895188
2026-09-04T06:42:24.849833+09:00,망원한강공원,망원한강공원,POI094,KEY_2,1130002402,강변북로,1130027900,성산대교(북측),126.8972467448848818_37.5549676744905199,1130051800,망원안내센터,126.9009570824425310_37.5522283841895188,447.0,16.0,정체,126.9009570824425310_37.5522283841895188|126.8972467448848818_37.5549676744905199
2026-09-04T06:42:24.849833+09:00,망원한강공원,망원한강공원,POI094,KEY_2,1130003401,강변북로,1130028500,성산대교(북측),126.8963294092971381_37.5558625828289365,1130027900,성산대교(북측),126.8972467448848818_37.5549676744905199,128.0,70.0,원활,126.8972467448848818_37.5549676744905199|126.8970402802669923_37.5551901202604625|126.8966418585040685_37.5555636932406571|126.8963294092971381_37.5558625828289365
2026-09-04T06:42:24.849833+09:00,망원한강공원,망원한강공원,POI094,KEY_2,1130003402,강변북로,1130030400,성산대교(북측),126.8947848919604837_37.5573821483062815,1130028500,성산대교(북측),126.8963294092971381_37.5558625828289365,217.0,62.0,원활,126.8963294092971381_37.5558625828289365|126.8955775076021837_37.5566063745334304|126.8949481528685936_37.5571969694140364|126.8947848919604837_37.5573821483062815
2026-09-04T06:42:24.849833+09:00,망원한강공원,망원한강공원,POI094,KEY_2,1130003900,강변북로,1130201400,최소노드배치점,126.8947142757485977_37.5570261297014412,1130034300,성산지하차도,126.8987170904777031_37.5621054838341308,789.0,72.5,원활,126.8987170904777031_37.5621054838341308|126.8969536987574855_37.5615846732236918|126.8963662923212468_37.5614278506331800|126.8961199007135576_37.5613335826976993|126.8958557676520229_37.5612106063692224|126.8956902323749318_37.5611203281630139|126.8954532341929990_37.5609760266916481|126.8951942332924432_37.5607743757100181|126.8949800523225804_37.5605872628649635|126.8948420294957060_37.5604291583902281|126.8947087021021645_37.5602460363635160|126.8946021053882873_37.5600916699249439|126.8944959424210310_37.5598836467254458|126.8944166539394161_37.5596864927554392|126.8943291310609283_37.5593962890377000|126.8942944005902547_37.5592458680922050|126.8942732661792689_37.5590812073427287|126.8942613210597443_37.5588915539580199|126.8942718716697442_37.5586984383601603|126.8943005688038568_37.5584839520411649|126.8943379626907983_37.5583052827078205|126.8944118820898979_37.5580552564431471|126.8947142757485977_37.5570261297014412
2026-09-04T06:42:24.849833+09:00,망원한강공원,망원한강공원,POI094,KEY_2,1130004000,내부순환도로,1130199400,최소노드배치점,126.8958737769441854_37.5567231575300013,1130051800,망원안내센터,126.9009570824425310_37.5522283841895188,675.0,74.7,원활,126.9009570824425310_37.5522283841895188|126.9004216665100273_37.5527558689880081|126.8992644896432012_37.5536192522852588|126.8974878493433636_37.5549623897843006|126.8970581227338243_37.5553179179575167|126.8967684876836159_37.5555739988053006|126.8965601593328500_37.5557768354810761|126.8963650204589584_37.5560155115119159|126.8960834710524210_37.5563825258058159|126.8958737769441854_37.5567231575300013
2026-09-04T06:42:24.849833+09:00,망원한강공원,망원한강공원,POI094,KEY_2,1130004101,성산로,1130001702,성산대교(북측),126.8942680586532674_37.5573968828278240,1130032200,망원동297-2,126.8950002147612537_37.5586295530031435,151.0,49.5,원활,126.8950002147612537_37.5586295530031435|126.8946622839659284_37.5580572433595918|126.8942680586532674_37.5573968828278240
2026-09-04T06:42:24.849833+09:00,망원한강공원,망원한강공원,POI094,KEY_2,1130004102,성산로,1130032200,망원동297-2,126.8950002147612537_37.5586295530031435,1130051700,성산대교(북측),126.8965663447275745_37.5604484258084454,248.0,52.0,원활,126.8965663447275745_37.5604484258084454|126.8961956061885417_37.5601962475844360|126.8960004414220890_37.5600454039845530|126.8957681063122038_37.5598307646228093|126.8955523404559216_37.5595645510922296|126.8950002147612537_37.5586295530031435
2026-09-04T06:42:24.849833+09:00,망원한강공원,망원한강공원,POI094,KEY_2,1130004201,성산로,1130032000,성산대교(북측),126.8948869795846548_37.5581835345159192,1130001701,성산대교(북측),126.8943813250255772_37.5573346406202617,104.0,51.5,원활,126.8943813250255772_37.5573346406202617|126.8947851168518781_37.5580110236248075|126.8948869795846548_37.5581835345159192
2026-09-04T06:42:24.849833+09:00,망원한강공원,망원한강공원,POI094,KEY_2,1130004202,성산로,1130033100,성산대교(북측),126.8962400098648260_37.5600798445252551,1130032000,성산대교(북측),126.8948869795846548_37.5581835345159192,244.0,65.5,원활,126.8948869795846548_37.5581835345159192|126.8956713880452583_37.5595120093113124|126.8958771300655002_37.5597658566190375|126.8960993848130840_37.5599711823067182|126.8962400098648260_37.5600798445252551
2026-09-04T06:42:24.849833+09:00,망원한강공원,망원한강공원,POI094,KEY_2,1130004301,강변북로,1130028000,성산대교(북측),126.8963688755541455_37.5552314842199308,1130031400,성산대교(북측),126.8934765616889280_37.5578619363347244,389.0,14.0,정체,126.8934765616889280_37.5578619363347244|126.8941287036934114_37.5571376348293455|126.8945911533620006_37.5567226042710089|126.8949875801237539_37.5563790865756957|126.8953713328322834_37.5560456826038447|126.8957040277104795_37.5557573830465401|126.8959563276929146_37.5555665113359325|126.8962264597457050_37.5553376236581471|126.8963688755541455_37.5552314842199308
2026-09-04T06:42:24.849833+09:00,망원한강공원,망원한강공원,POI094,KEY_2,1130004401,강변북로,1130031800,성산대교(북측),126.8940421199747988_37.5581045142548078,1130030400,성산대교(북측),126.8947848919604837_37.5573821483062815,104.0,53.0,원활,126.8947848919604837_37.5573821483062815|126.8940421199747988_37.5581045142548078
2026-09-04T06:42:24.849833+09:00,망원한강공원,망원한강공원,POI094,KEY_2,1130004402,강변북로,1130033200,성산대교,126.8911412406119865_37.5603058527702629,1130031800,성산대교(북측),126.8940421199747988_37.5581045142548078,356.0,58.5,원활,126.8940421199747988_37.5581045142548078|126.8937299682216917_37.5583640487572197|126.8932455301918196_37.5588122892025851|126.8927341561938960_37.5592568126717694|126.8923676674887275_37.5595661444779694|126.8920015830471186_37.5598253972085629|126.8918072327847568_37.5599639069689175|126.8911412406119865_37.5603058527702629
2026-09-04T06:42:24.849833+09:00,망원한강공원,망원한강공원,POI094,KEY_2,1130012504,독막로,1130052100,합정역7번출구,126.9140173730645671_37.5487741682980598,1130021603,합정역교차로,126.9133979744090510_37.5491558635704337,71.0,25.0,원활,126.9133979744090510_37.5491558635704337|126.9135406193636584_37.5489949395947065|126.9136811129909290_37.5488909851792201|126.9137974866256258_37.5488341856604748|126.9139631942102255_37.5487857147723645|126.9140173730645671_37.5487741682980598
2026-09-04T06:42:24.849833+09:00,망원한강공원,망원한강공원,POI094,KEY_2,1130012505,독막로,1130136100,합정동 402,126.9148352538110629_37.5486026780129691,1130052100,합정역7번출구,126.9140173730645671_37.5487741682980598,75.0,30.0,원활,126.9140173730645671_37.5487741682980598|126.9143677077482124_37.5486995039643006|126.9148352538110629_37.5486026780129691
2026-09-04T06:42:24.849833+09:00,망원한강공원,망원한강공원,POI094,KEY_2,1130012601,독막로,1130021602,합정역교차로,126.9135099145764940_37.5492170875193594,1130021400,합정역6번출구,126.9140524865152884_37.5488786114665416,63.0,6.0,정체,126.9140524865152884_37.5488786114665416|126.9140042501253305_37.5488888909759595|126.9138569670299148_37.5489319720761685|126.9137636338956270_37.5489775269032293|126.9136434160954963_37.5490664775041694|126.9135099145764940_37.5492170875193594
2026-09-04T06:42:24.849833+09:00,망원한강공원,망원한강공원,POI094,KEY_2,1130014101,월드컵로,1130021604,합정역교차로,126.9133271355590011_37.5492481379057494,1130022900,합정역9번출구,126.9130418149968449_37.5497885897765329,65.0,28.0,원활,126.9130418149968449_37.5497885897765329|126.9130982247336163_37.5496351327381603|126.9132269055929783_37.5494015408536583|126.9133271355590011_37.5492481379057494
2026-09-04T06:42:24.849833+09:00,망원한강공원,망원한강공원,POI094,KEY_2,1130014201,월드컵로,1130023000,합정역9번출구,126.9131721455813278_37.5498189592265703,1130021601,합정역교차로,126.9134396891751067_37.5493101529960995,61.0,33.0,원활,126.9134396891751067_37.5493101529960995|126.9133494569869924_37.5494482548088371|126.9132260984452927_37.5496721848271662|126.9131721455813278_37.5498189592265703
2026-09-04T06:42:24.849833+09:00,망원한강공원,망원한강공원,POI094,KEY_2,1130044800,강변북로,1130020600,양화대교(북측),126.9111269978420609_37.5485526161926089,1130018200,양화대교(북측),126.9102416078398505_37.5466718111709170,232.0,43.0,서행,126.9102416078398505_37.5466718111709170|126.9103448964562659_37.5473430570484155|126.9103986365779804_37.5476503707893841|126.9104238574202981_37.5477756999008818|126.9105048846684127_37.5479460230307964|126.9105824276039556_37.5480835372061037|126.9106640651950073_37.5481763558913002|126.9108350419256226_37.5483352032103284|126.9109652588307142_37.5484401893999191|126.9111269978420609_37.5485526161926089
2026-09-04T06:42:24.849833+09:00,망원한강공원,망원한강공원,POI094,KEY_2,1130045800,강변북로,1130018400,양화대교북측(서측),126.9079539251361695_37.5465977422113681,1130021700,양화대교(북측),126.9048603023906736_37.5488546051941512,399.0,41.7,서행,126.9048603023906736_37.5488546051941512|126.9055266718272748_37.5485396853818898|126.9064149434197049_37.5481399277629464|126.9066089514169136_37.5480371639153034|126.9068527465944953_37.5478881448283275|126.9078918069258606_37.5471671825859303|126.9080115554062900_37.5470801412585331|126.9080494888386426_37.5470177297965719|126.9080763318795846_37.5469373771126413|126.9080619926768776_37.5468568175705784|126.9080364933849836_37.5467672582688436|126.9079539251361695_37.5465977422113681
2026-09-04T06:42:24.849833+09:00,망원한강공원,망원한강공원,POI094,KEY_2,1130045900,양화로,1130156400,합정동 380-8,126.9118151967610686_37.5482356448082584,1130021203,합정동 402,126.9117684440008702_37.5487013098127989,52.0,16.0,서행,126.9117684440008702_37.5487013098127989|126.9118151967610686_37.5482356448082584
2026-09-04T06:42:24.849833+09:00,망원한강공원,망원한강공원,POI094,KEY_2,1130046100,강변북로,1130018500,양화대교(북측),126.9073251434053304_37.5469921878426263,1130021100,양화대교(북측),126.9082218508906692_37.5486104598507637,242.0,26.0,정체,126.9082218508906692_37.5486104598507637|126.9079481053933449_37.5485697378756456|126.9077374574621047_37.5485042916332930|126.9075136716404160_37.5483958525956893|126.9073528686301700_37.5482769965683474|126.9072370781374417_37.5481476349090215|126.9071571446287834_37.5480291853937302|126.9070864795459102_37.5478750095152094|126.9070561930063690_37.5477281913991590|126.9070570707658732_37.5476173016963841|126.9070763730902627_37.5474492689457051|126.9071136463088436_37.5472813269097330|126.9071729281685634_37.5471707299992374|126.9073251434053304_37.5469921878426263
2026-09-04T06:42:24.849833+09:00,망원한강공원,망원한강공원,POI094,KEY_2,1130046300,양화진길,1130020001,합정동 406,126.9124089735466470_37.5477549671771911,1130021800,합정역8번출구,126.9126009251802998_37.5488890850710817,178.0,26.0,원활,126.9126009251802998_37.5488890850710817|126.9129052599318044_37.5488590463041163|126.9130897233898594_37.5488362968600953|126.9126784164114241_37.5482505084113853|126.9124089735466470_37.5477549671771911
2026-09-04T06:42:24.849833+09:00,망원한강공원,망원한강공원,POI094,KEY_2,1130047000,강변북로,1130020801,양화대교(북측),126.9101361694712296_37.5485270306192120,1130020700,양화대교(북측),126.9110864738484850_37.5486558094690892,85.0,21.0,정체,126.9110864738484850_37.5486558094690892|126.9102173533760265_37.5485274362036847|126.9101361694712296_37.5485270306192120
2026-09-04T06:42:24.849833+09:00,망원한강공원,망원한강공원,POI094,KEY_2,1130047100,강변북로,1130019500,양화대교(북측),126.9088702991146818_37.5473486190442571,1130018900,양화대교(북측),126.9079628582625361_37.5476071802752429,325.0,42.3,서행,126.9079628582625361_37.5476071802752429|126.9077617869843664_37.5478774454727855|126.9077121956132999_37.5479934562309055|126.9076963242405185_37.5481066551844478|126.9077181031041022_37.5481932140098991|126.9077660192914578_37.5482888473825298|126.9078179629540131_37.5483487286568902|126.9079222970304244_37.5484118529214044|126.9080081489424288_37.5484450747764527|126.9081353007526332_37.5484635982839308|126.9086293112116124_37.5484899213285814|126.9087792323046813_37.5484698053234780|126.9089407869166877_37.5483990700973962|126.9090537868644617_37.5483131857162320|126.9091257452737693_37.5482092100341518|126.9091714952716217_37.5481051033266340|126.9091836210362487_37.5479918850748717|126.9091696574317609_37.5478636307128539|126.9091072118532821_37.5477112859805118|126.9090111415095521_37.5475498305376476|126.9088702991146818_37.5473486190442571
2026-09-04T06:42:24.849833+09:00,망원한강공원,망원한강공원,POI094,KEY_2,1130048200,강변북로,1130022700,양화대교(북측),126.9055080199198642_37.5489541612342776,1130021100,양화대교(북측),126.9082218508906692_37.5486104598507637,251.0,49.3,서행,126.9082218508906692_37.5486104598507637|126.9077408467245789_37.5486438201896675|126.9074846758116024_37.5486532667477277|126.9072960385176003_37.5486451656873541|126.9070761497593764_37.5486118667423909|126.9068607830846673_37.5485750129122451|126.9067171008075690_37.5485635595252205|126.9065733056602454_37.5485664137284303|126.9063889048232880_37.5485905279660344|126.9062583330403129_37.5486256435050336|126.9055080199198642_37.5489541612342776
2026-09-04T06:42:24.849833+09:00,망원한강공원,망원한강공원,POI094,KEY_2,1130048500,양화로,1130022400,합정역5번출구,126.9140295476794051_37.5495373218593258,1130021400,합정역6번출구,126.9140524865152884_37.5488786114665416,86.0,18.0,서행,126.9140524865152884_37.5488786114665416|126.9139230246069445_37.5489343484288156|126.9138762522378556_37.5489900978359401|126.9138420413620167_37.5490572990694389|126.9138329563527492_37.5491459732028474|126.9138508086349617_37.5492446788838663|126.9140295476794051_37.5495373218593258
2026-09-04T06:42:24.849833+09:00,망원한강공원,망원한강공원,POI094,KEY_2,1130049000,양화로,1130052000,합정역8번출구,126.9125610162048474_37.5489924297706352,1130022900,합정역9번출구,126.9130418149968449_37.5497885897765329,105.0,22.0,서행,126.9130418149968449_37.5497885897765329|126.9130618100318912_37.5495401812596441|126.9130421428666295_37.5494586372446904|126.9130134806158026_37.5493885292777207|126.9129740362242984_37.5493212749275216|126.9129004782609655_37.5492368304858175|126.9125610162048474_37.5489924297706352
2026-09-04T06:42:24.849833+09:00,망원한강공원,망원한강공원,POI094,KEY_2,1130049300,양화로,1130023000,합정역9번출구,126.9131721455813278_37.5498189592265703,1130022800,합정역(서울2호선),126.9139380043217500_37.5496171809286139,76.0,24.0,서행,126.9139380043217500_37.5496171809286139|126.9136402094506622_37.5496006797627686|126.9135395936122848_37.5496106180248574|126.9134569354612267_37.5496277214884771|126.9133796540536849_37.5496562715165325|126.9131721455813278_37.5498189592265703
2026-09-04T06:42:24.849833+09:00,망원한강공원,망원한강공원,POI094,KEY_2,1130051100,강변북로,1130024903,망원동 211-48,126.9028611241875382_37.5513378254563790,1130001000,동인리버빌2차,126.9029266853274578_37.5507642647602324,67.0,17.0,정체,126.9029266853274578_37.5507642647602324|126.9028126717339262_37.5509453472569632|126.9027897505136622_37.5510720564586151|126.9027991886800919_37.5511826770461639|126.9028254134930478_37.5512780539479394|126.9028588751143047_37.5513352948506878|126.9028611241875382_37.5513378254563790
2026-09-04T06:42:24.849833+09:00,망원한강공원,망원한강공원,POI094,KEY_2,1130052801,성산로,1130197900,최소노드배치점,126.8921036592381171_37.5538194662087861,1130051600,성산대교(북측),126.8939006534653657_37.5567814362906276,365.0,53.0,원활,126.8939006534653657_37.5567814362906276|126.8921036592381171_37.5538194662087861
2026-09-04T06:42:24.849833+09:00,망원한강공원,망원한강공원,POI094,KEY_2,1130052802,성산로,1130051600,성산대교(북측),126.8939006534653657_37.5567814362906276,1130001702,성산대교(북측),126.8942680586532674_37.5573968828278240,76.0,49.5,원활,126.8942680586532674_37.5573968828278240|126.8939006534653657_37.5567814362906276
2026-09-04T06:42:24.849833+09:00,망원한강공원,망원한강공원,POI094,KEY_2,1130054500,강변북로,1130030200,성산대교(북측),126.8959477838967871_37.5573272909178115,1130028500,성산대교(북측),126.8963294092971381_37.5558625828289365,167.0,59.0,원활,126.8963294092971381_37.5558625828289365|126.8962548200340024_37.5560109538974203|126.8961901567778057_37.5561358257255833|126.8960829348993116_37.5564303980136032|126.8960440488294239_37.5566090603388716|126.8960201868548268_37.5567818370500675|126.8959949779797540_37.5571215438861472|126.8959477838967871_37.5573272909178115
2026-09-04T06:42:24.849833+09:00,망원한강공원,망원한강공원,POI094,KEY_2,1130054600,강변북로,1130028000,성산대교(북측),126.8963688755541455_37.5552314842199308,1130029500,성산대교(북측),126.8939091133735531_37.5565467017228869,326.0,37.5,서행,126.8939091133735531_37.5565467017228869|126.8941160039223490_37.5567491270422238|126.8942322184528422_37.5568248446779336|126.8943307792081328_37.5568611223742863|126.8944698084482781_37.5568940303965704|126.8946000245683479_37.5569054298960339|126.8947079483467917_37.5568952521194745|126.8948519626013791_37.5568673720655255|126.8949782349178150_37.5568107838051546|126.8950776352305496_37.5567433262311141|126.8952272699656163_37.5565759637522874|126.8953411542366894_37.5564406025223079|126.8960393752678470_37.5556106937079477|126.8961527713011748_37.5554789163318645|126.8963688755541455_37.5552314842199308
2026-09-04T06:42:24.849833+09:00,망원한강공원,망원한강공원,POI094,KEY_2,1130055100,강변북로,1130030200,성산대교(북측),126.8959477838967871_37.5573272909178115,1130031400,성산대교(북측),126.8934765616889280_37.5578619363347244,298.0,41.0,서행,126.8934765616889280_37.5578619363347244|126.8935715870818655_37.5577801484427098|126.8938020760769518_37.5576167799939142|126.8944847836780241_37.5570980087808479|126.8947239079309526_37.5569776093695822|126.8952461613477141_37.5568515063165833|126.8954622110283879_37.5568061082511946|126.8956193864642330_37.5568176449194340|126.8957223845461613_37.5568610991157641|126.8958473271129890_37.5569690551372233|126.8959003502932745_37.5570802200584239|126.8959309083641926_37.5571912705501774|126.8959477838967871_37.5573272909178115
2026-09-04T06:42:24.849833+09:00,망원한강공원,망원한강공원,POI094,KEY_2,1130055600,성산로,1130001701,성산대교(북측),126.8943813250255772_37.5573346406202617,1130029500,성산대교(북측),126.8939091133735531_37.5565467017228869,97.0,20.0,서행,126.8939091133735531_37.5565467017228869|126.8940231764855895_37.5567347016886757|126.8943813250255772_37.5573346406202617
2026-09-04T06:42:24.849833+09:00,망원한강공원,망원한강공원,POI094,KEY_2,1130056200,강변북로,1130030400,성산대교(북측),126.8947848919604837_37.5573821483062815,1130032000,성산대교(북측),126.8948869795846548_37.5581835345159192,302.0,37.3,서행,126.8948869795846548_37.5581835345159192|126.8950464902944901_37.5582798803510869|126.8951406178000667_37.5583089805873769|126.8953021456018462_37.5583384252499357|126.8954280162047326_37.5583319153729320|126.8955405500953191_37.5583074511124764|126.8956443012299502_37.5582579015376083|126.8956941314630313_37.5582080753949441|126.8957350329097835_37.5581510495894904|126.8957489756507186_37.5580938855421920|126.8958222373852891_37.5573680845716851|126.8958094802783023_37.5572785889986918|126.8957786337305009_37.5572033096052138|126.8957475572415774_37.5571566465653888|126.8957029717622191_37.5571134917800222|126.8955955389453294_37.5570628608098858|126.8954833521016923_37.5570444001368173|126.8953889660117085_37.5570474943645962|126.8952674755185512_37.5570683348415173|126.8951682775213072_37.5571107540445794|126.8947848919604837_37.5573821483062815
2026-09-04T06:42:24.849833+09:00,망원한강공원,망원한강공원,POI094,KEY_2,1130057100,강변북로,1130033100,성산대교(북측),126.8962400098648260_37.5600798445252551,1130030200,성산대교(북측),126.8959477838967871_37.5573272909178115,314.0,55.3,원활,126.8959477838967871_37.5573272909178115|126.8958285842760176_37.5586225282904849|126.8958024250376582_37.5588942629468718|126.8958129054658315_37.5590803325226474|126.8958353298008888_37.5592712320608726|126.8958938158745582_37.5594480078332751|126.8959817962853549_37.5596821688064466|126.8960524974649928_37.5598303891524452|126.8961169487055258_37.5599177650610443|126.8962400098648260_37.5600798445252551
2026-09-04T06:42:24.849833+09:00,망원한강공원,망원한강공원,POI094,KEY_2,1130057200,강변북로,1130031400,성산대교(북측),126.8934765616889280_37.5578619363347244,1130032600,성산대교(북측),126.8944996981634006_37.5595429958823459,239.0,31.0,서행,126.8944996981634006_37.5595429958823459|126.8941294575235332_37.5593605658435763|126.8938607550015405_37.5592482928689790|126.8936729614436558_37.5591328575938022|126.8935435829644405_37.5590177224764972|126.8934368449610588_37.5588812396137470|126.8933615604962029_37.5587449184117617|126.8933178448669281_37.5585944503053000|126.8932965095752934_37.5584548296853100|126.8933112370545899_37.5583010842876703|126.8933302832502790_37.5581688252532899|126.8933808399575440_37.5580295741042107|126.8934765616889280_37.5578619363347244
2026-09-04T06:42:24.849833+09:00,망원한강공원,망원한강공원,POI094,KEY_2,1130057600,강변북로,1130032200,망원동297-2,126.8950002147612537_37.5586295530031435,1130031800,성산대교(북측),126.8940421199747988_37.5581045142548078,296.0,43.0,서행,126.8940421199747988_37.5581045142548078|126.8938006897265183_37.5584165792352991|126.8937232601420106_37.5585449619723732|126.8936684125329748_37.5586591508701986|126.8936495121976407_37.5587735243936720|126.8936709924894188_37.5588952602886152|126.8937374944070342_37.5590064959451837|126.8938133878040446_37.5590676986530951|126.8939028207753950_37.5591218154273392|126.8942162540165697_37.5592593590031356|126.8944268626905654_37.5593319831374330|126.8945211364593462_37.5593431983093211|126.8946470364907526_37.5593331123366880|126.8947912005788936_37.5592873477212734|126.8949221728727252_37.5592057430569781|126.8949992832976932_37.5591167075910022|126.8950313433697943_37.5590417506482055|126.8950410538536175_37.5589523695953105|126.8950002147612537_37.5586295530031435
2026-09-04T06:42:24.849833+09:00,망원한강공원,망원한강공원,POI094,KEY_2,1130057700,강변북로,1130033200,성산대교,126.8911412406119865_37.5603058527702629,1130032600,성산대교(북측),126.8944996981634006_37.5595429958823459,326.0,42.0,서행,126.8944996981634006_37.5595429958823459|126.8943293941725443_37.5594872710125642|126.8941530411086944_37.5594386700603451|126.8939286622046154_37.5594017467735526|126.8937640802613203_37.5593794378865411|126.8935933902019855_37.5593714067652158|126.8934495642020437_37.5593754378597282|126.8932726515631657_37.5593959919852907|126.8931075851383383_37.5594333006925396|126.8929244098583382_37.5594872098278643|126.8926237686871303_37.5596192130071884|126.8919590517301259_37.5599472802490411|126.8911412406119865_37.5603058527702629
2026-09-04T06:42:24.849833+09:00,망원한강공원,망원한강공원,POI094,KEY_2,1130058000,강변북로,1130032600,성산대교(북측),126.8944996981634006_37.5595429958823459,1130033300,성산대교(북측),126.8960313586577939_37.5602532631850607,157.0,46.7,서행,126.8960313586577939_37.5602532631850607|126.8959204715099958_37.5601846338889942|126.8958161077995186_37.5601244796121350|126.8952608916589497_37.5598783857262077|126.8944996981634006_37.5595429958823459
2026-09-04T06:42:24.849833+09:00,망원한강공원,망원한강공원,POI094,KEY_2,1130077600,강변북로,1130051600,성산대교(북측),126.8939006534653657_37.5567814362906276,1130032901,상암동 1536-5,126.8907763104595432_37.5602411617639333,509.0,33.0,서행,126.8907763104595432_37.5602411617639333|126.8914515481813510_37.5599570068259894|126.8916725966885934_37.5598508291836310|126.8919166058800556_37.5596839575910550|126.8921021123249062_37.5595275151353363|126.8923374234193773_37.5593248246021076|126.8928854144154599_37.5587982156387596|126.8936462934091765_37.5580616421300277|126.8938410402452490_37.5578730495400208|126.8939317463245260_37.5577697750056032|126.8939818668525277_37.5576841793648271|126.8940368585594598_37.5575521047411414|126.8940509166800297_37.5574806322605426|126.8940609464013676_37.5573519041138013|126.8940571775176807_37.5572624542587903|126.8940267098289780_37.5571406724921744|126.8939006534653657_37.5567814362906276
2026-09-04T06:42:24.849833+09:00,망원한강공원,망원한강공원,POI094,KEY_2,1130087500,양화로3길,1130115600,합정동 407,126.9116969527201491_37.5495270854960594,1130021201,합정동 402,126.9118842718870042_37.5488389364112436,78.0,18.0,서행,126.9118842718870042_37.5488389364112436|126.9118474626460227_37.5490170505902370|126.9116969527201491_37.5495270854960594
2026-09-04T06:42:24.849833+09:00,반포한강공원,반포한강공원,POI095,KEY_3,1210004500,올림픽대로,1210473500,최소노드배치점,126.9849859864246895_37.5052572539861941,1210043100,반포동 1337-4,126.9909393086859950_37.5067245440807682,553.0,72.0,원활,126.9909393086859950_37.5067245440807682|126.9901890908383422_37.5064390997933188|126.9898392708057742_37.5063085407043388|126.9896210377246319_37.5062459316056049|126.9891672180945790_37.5061253742093896|126.9890092184601258_37.5060903943060140|126.9869005703152567_37.5056505401000209|126.9849859864246895_37.5052572539861941
2026-09-04T06:42:24.849833+09:00,반포한강공원,반포한강공원,POI095,KEY_3,1210004600,올림픽대로,1210473600,최소노드배치점,126.9850464041665674_37.5050791504093013,1190028801,동작구-서초구,126.9789823584474249_37.5046639518026268,541.0,57.0,원활,126.9789823584474249_37.5046639518026268|126.9802303681690603_37.5046617417532460|126.9819135711866238_37.5046512840886379|126.9826048000792440_37.5046692674508506|126.9832197188299574_37.5047158428743330|126.9836326487822618_37.5047874181129828|126.9840096720059250_37.5048554109620085|126.9850464041665674_37.5050791504093013
2026-09-04T06:42:24.849833+09:00,반포한강공원,반포한강공원,POI095,KEY_3,1210004901,올림픽대로,1210043100,반포동 1337-4,126.9909393086859950_37.5067245440807682,1210044300,반포동 115-6,126.9939814359000110_37.5081015369480752,310.0,66.5,원활,126.9939814359000110_37.5081015369480752|126.9931929722786066_37.5077169948010720|126.9918464285245676_37.5070696761976734|126.9909393086859950_37.5067245440807682
2026-09-04T06:42:24.849833+09:00,반포한강공원,반포한강공원,POI095,KEY_3,1210004902,올림픽대로,1210044300,반포동 115-6,126.9939814359000110_37.5081015369480752,1210046300,미니스톱반포1점,127.0028235957947658_37.5124656549612254,920.0,48.3,서행,127.0028235957947658_37.5124656549612254|127.0024892527280258_37.5122549419168081|127.0019326101089803_37.5119367005065172|127.0003435122797271_37.5111714802009573|126.9985614268103404_37.5102989599209735|126.9966940965352222_37.5094085307340350|126.9946741968714150_37.5084393965799947|126.9939814359000110_37.5081015369480752
2026-09-04T06:42:24.849833+09:00,반포한강공원,반포한강공원,POI095,KEY_3,1210005301,올림픽대로,1210467000,최소노드배치점,127.0063311684586722_37.5151321080427280,1210048600,한남대교분기점,127.0116483973796164_37.5197328756636708,694.0,37.0,서행,127.0116483973796164_37.5197328756636708|127.0113381325108008_37.5194347621186211|127.0111530941337463_37.5192706692185212|127.0109430122922873_37.5190843650138959|127.0098205372895421_37.5181189800994872|127.0087474791721576_37.5172072192485331|127.0063311684586722_37.5151321080427280
2026-09-04T06:42:24.849833+09:00,반포한강공원,반포한강공원,POI095,KEY_3,1210024100,동작대로,1210042300,동작대교,126.9806649648760128_37.5057967542173571,1210037600,동작구-서초구,126.9811003133906979_37.5023416866593706,402.0,58.3,원활,126.9811003133906979_37.5023416866593706|126.9807516982350393_37.5027332272799541|126.9806465756221598_37.5029030100310194|126.9805412999374425_37.5031160553451315|126.9804608919166640_37.5033252141313085|126.9804082986606772_37.5035319177264057|126.9803587674843186_37.5038518205309757|126.9803461438776395_37.5044511123134754|126.9803862384570579_37.5047636480202087|126.9804912197440103_37.5051623242331402|126.9806649648760128_37.5057967542173571
2026-09-04T06:42:24.849833+09:00,반포한강공원,반포한강공원,POI095,KEY_3,1210026605,반포대로,1210044902,반포대교,126.9992921995695951_37.5086549273924064,1210045500,반포대교,126.9985814437733325_37.5101401536037926,176.0,37.0,원활,126.9985814437733325_37.5101401536037926|126.9992921995695951_37.5086549273924064
2026-09-04T06:42:24.849833+09:00,반포한강공원,반포한강공원,POI095,KEY_3,1210026705,반포대로,1210051600,반포대교,126.9986967105539293_37.5101806127401289,1210044901,반포대교,126.9994191248414523_37.5086931506571730,177.0,28.5,원활,126.9994191248414523_37.5086931506571730|126.9986967105539293_37.5101806127401289
2026-09-04T06:42:24.849833+09:00,반포한강공원,반포한강공원,POI095,KEY_3,1210058200,현충로,1190029000,동작구-서초구,126.9791771252401844_37.5043272220037096,1210040500,한강홍수통제소앞,126.9826300808937276_37.5044384633158856,306.0,29.0,원활,126.9826300808937276_37.5044384633158856|126.9821116639992766_37.5043498801840158|126.9818418690978774_37.5043382205551197|126.9791771252401844_37.5043272220037096
2026-09-04T06:42:24.849833+09:00,반포한강공원,반포한강공원,POI095,KEY_3,1210058300,동작대로,1210042300,동작대교,126.9806649648760128_37.5057967542173571,1210040500,한강홍수통제소앞,126.9826300808937276_37.5044384633158856,316.0,54.0,원활,126.9826300808937276_37.5044384633158856|126.9820741456918398_37.5043962636629544|126.9814073885070229_37.5043800380098489|126.9809749282143798_37.5043960917430752|126.9808838035022802_37.5044214124037936|126.9808013490878125_37.5044628578957528|126.9807434859177704_37.5045100638647781|126.9806928462777478_37.5045699409240783|126.9806668008969837_37.5046240636632362|126.9806479788473865_37.5046873985579055|126.9806436204795972_37.5047691631819120|126.9806776952086693_37.5049367323332348|126.9806964559726055_37.5051071767794966|126.9807036988778037_37.5053218983415277|126.9806732534744356_37.5056051937505188|126.9806649648760128_37.5057967542173571
2026-09-04T06:42:24.849833+09:00,반포한강공원,반포한강공원,POI095,KEY_3,1210060300,올림픽대로,1210040500,한강홍수통제소앞,126.9826300808937276_37.5044384633158856,1210043100,반포동 1337-4,126.9909393086859950_37.5067245440807682,784.0,68.0,원활,126.9909393086859950_37.5067245440807682|126.9904059126604068_37.5066141279368068|126.9884504673063219_37.5062670272108889|126.9881455542998765_37.5062037004910778|126.9879783094321226_37.5061457399460565|126.9877752733192295_37.5060685444103257|126.9851906749843380_37.5049268930149537|126.9846346495238834_37.5048147648617061|126.9833132594171730_37.5045609687905426|126.9826300808937276_37.5044384633158856
2026-09-04T06:42:24.849833+09:00,반포한강공원,반포한강공원,POI095,KEY_3,1210061500,올림픽대로,1210044300,반포동 115-6,126.9939814359000110_37.5081015369480752,1210051500,반포대교JC,126.9982337024220413_37.5097200726367461,417.0,55.5,원활,126.9982337024220413_37.5097200726367461|126.9973859716003517_37.5093492024963311|126.9967144131025520_37.5090534435411271|126.9961887876295634_37.5088651853329011|126.9950834353601437_37.5085218184218760|126.9946891821507080_37.5083865812520614|126.9939814359000110_37.5081015369480752
2026-09-04T06:42:24.849833+09:00,반포한강공원,반포한강공원,POI095,KEY_3,1210062500,올림픽대로,1210051700,잠원동116,126.9996578059465548_37.5103108362172506,1210046300,미니스톱반포1점,127.0028235957947658_37.5124656549612254,370.0,40.0,서행,127.0028235957947658_37.5124656549612254|127.0019652362981617_37.5117753427098535|127.0008853712997166_37.5109658997057878|127.0006022424074246_37.5107739154575412|126.9996578059465548_37.5103108362172506
2026-09-04T06:42:24.849833+09:00,반포한강공원,반포한강공원,POI095,KEY_3,1210062700,반포대로,1210467200,최소노드배치점,126.9975047366202716_37.5127959116777916,1210045100,잠수교,126.9991848898787055_37.5093357874198716,412.0,38.0,원활,126.9991848898787055_37.5093357874198716|126.9989266448896927_37.5098764854581717|126.9985869159005603_37.5105542301294363|126.9975047366202716_37.5127959116777916
2026-09-04T06:42:24.849833+09:00,반포한강공원,반포한강공원,POI095,KEY_3,1210066800,올림픽대로,1210051500,반포대교JC,126.9982337024220413_37.5097200726367461,1210045500,반포대교,126.9985814437733325_37.5101401536037926,63.0,28.0,정체,126.9985814437733325_37.5101401536037926|126.9985769843182197_37.5099470979996710|126.9985693289548720_37.5099110072666377|126.9985492264190583_37.5098763453739963|126.9985149122531993_37.5098453314676092|126.9982337024220413_37.5097200726367461
2026-09-04T06:42:24.849833+09:00,반포한강공원,반포한강공원,POI095,KEY_3,1210067000,올림픽대로,1210051600,반포대교,126.9986967105539293_37.5101806127401289,1210051700,잠원동116,126.9996578059465548_37.5103108362172506,96.0,21.0,정체,126.9996578059465548_37.5103108362172506|126.9990482172973145_37.5100741732167009|126.9989802461160338_37.5100528260487920|126.9989066249661533_37.5100606019608733|126.9988506241951711_37.5100816939465815|126.9987820786087838_37.5101227060872446|126.9986967105539293_37.5101806127401289
2026-09-04T06:42:24.849833+09:00,반포한강공원,반포한강공원,POI095,KEY_3,1210178600,반포대로,1210467400,최소노드배치점,126.9972314575511376_37.5132225242302439,1210051600,반포대교,126.9986967105539293_37.5101806127401289,362.0,58.0,원활,126.9986967105539293_37.5101806127401289|126.9972314575511376_37.5132225242302439
2026-09-04T06:42:24.849833+09:00,보라매공원,보라매공원,POI123,KEY_4,1190013200,보라매로5길,1190170600,신대방동 395-61,126.9227366705831628_37.4904668646938362,1200025701,신림동 808-152,126.9226317395202983_37.4900265482961004,50.0,13.0,정체,126.9226317395202983_37.4900265482961004|126.9227366705831628_37.4904668646938362
2026-09-04T06:42:24.849833+09:00,보라매공원,보라매공원,POI123,KEY_4,1190013300,보라매로5길,1190131900,신대방동 395-61,126.9227968309863712_37.4912988693119473,1190004903,한국컴퓨터(주),126.9229285536427057_37.4918515944887218,62.0,13.0,정체,126.9229285536427057_37.4918515944887218|126.9227968309863712_37.4912988693119473
2026-09-04T06:42:24.849833+09:00,보라매공원,보라매공원,POI123,KEY_4,1190013600,보라매로5길,1200026503,전문건설회관,126.9245918446947883_37.4916188514920350,1190004902,한국컴퓨터(주),126.9230618642969404_37.4918314235246157,137.0,14.0,정체,126.9230618642969404_37.4918314235246157|126.9245918446947883_37.4916188514920350
2026-09-04T06:42:24.849833+09:00,보라매공원,보라매공원,POI123,KEY_4,1190013700,보라매로5길-보라매로,1190004901,한국컴퓨터(주),126.9230872448197687_37.4919376497595991,1200026504,전문건설회관,126.9246181163629643_37.4917249529024517,137.0,10.0,정체,126.9246181163629643_37.4917249529024517|126.9230872448197687_37.4919376497595991
2026-09-04T06:42:24.849833+09:00,보라매공원,보라매공원,POI123,KEY_4,1190014000,보라매로5길,1190000601,속성변화점,126.9233297358312456_37.4929500653999170,1190004901,한국컴퓨터(주),126.9230872448197687_37.4919376497595991,114.0,15.0,서행,126.9230872448197687_37.4919376497595991|126.9231928492696966_37.4923785585905094|126.9233297358312456_37.4929500653999170
2026-09-04T06:42:24.849833+09:00,보라매공원,보라매공원,POI123,KEY_4,1190014100,보라매로5길,1190004904,한국컴퓨터(주),126.9229539576708277_37.4919579182738758,1190000602,속성변화점,126.9232218613518768_37.4930764401332155,126.0,28.5,원활,126.9232218613518768_37.4930764401332155|126.9230595613653776_37.4923988272215638|126.9229539576708277_37.4919579182738758
2026-09-04T06:42:24.849833+09:00,보라매공원,보라매공원,POI123,KEY_4,1190014200,보라매로5길,1200027503,신대방동 395-61,126.9248443409804281_37.4927208881633547,1190000601,속성변화점,126.9233297358312456_37.4929500653999170,136.0,9.0,정체,126.9233297358312456_37.4929500653999170|126.9248443409804281_37.4927208881633547
2026-09-04T06:42:24.849833+09:00,보라매공원,보라매공원,POI123,KEY_4,1190014300,보라매로5길,1190000602,속성변화점,126.9232218613518768_37.4930764401332155,1200027504,신대방동 395-61,126.9248696580128808_37.4928271104749058,148.0,27.0,원활,126.9248696580128808_37.4928271104749058|126.9232218613518768_37.4930764401332155
2026-09-04T06:42:24.849833+09:00,보라매공원,보라매공원,POI123,KEY_4,1190015300,여의대방로16길,1190181700,최소노드배치점,126.9182577898026381_37.4944467326277220,1180002803,보라매공원입구교차로,126.9174794396136008_37.4971467344705047,315.0,21.0,서행,126.9174794396136008_37.4971467344705047|126.9176836590731341_37.4965740922622217|126.9183531540798526_37.4946616280406104|126.9183686092806482_37.4945698810985348|126.9183390140503604_37.4944936652096104|126.9182657352436649_37.4944478893438102|126.9182577898026381_37.4944467326277220
2026-09-04T06:42:24.849833+09:00,북서울꿈의숲,북서울꿈의숲,POI096,KEY_1,1070021501,월계로,1080212200,번동 105,127.0454848732878901_37.6210311282169911,1070039703,상아A빌딩,127.0455536192900894_37.6211584974991595,15.0,19.0,서행,127.0455536192900894_37.6211584974991595|127.0454848732878901_37.6210311282169911
2026-09-04T06:42:24.849833+09:00,북서울꿈의숲,북서울꿈의숲,POI096,KEY_1,1070021502,월계로,1070039704,상아A빌딩,127.0456077776519521_37.6212588607164733,1070039804,장월초등학교,127.0462802478580642_37.6221704051017340,118.0,19.0,서행,127.0462802478580642_37.6221704051017340|127.0460826413426645_37.6219610511300928|127.0459327948366735_37.6217868126396553|127.0458240259468710_37.6216374117474786|127.0457124630564039_37.6214528913420452|127.0456077776519521_37.6212588607164733
2026-09-04T06:42:24.849833+09:00,북서울꿈의숲,북서울꿈의숲,POI096,KEY_1,1070021503,월계로,1070039801,장월초등학교,127.0463893459632345_37.6222718031564298,1070040104,번동 47-33,127.0477746747576333_37.6231889255401484,160.0,19.0,서행,127.0477746747576333_37.6231889255401484|127.0470806863630031_37.6227988312367785|127.0468342172890459_37.6226363551742295|127.0466273780273809_37.6224821817550179|127.0464543217501188_37.6223301948852296|127.0463893459632345_37.6222718031564298
2026-09-04T06:42:24.849833+09:00,북서울꿈의숲,북서울꿈의숲,POI096,KEY_1,1070077300,월계로,1080229400,최소노드배치점,127.0425458966283827_37.6177250516263371,1080001103,북서울꿈의숲동문앞교차로,127.0446748612530001_37.6195665141872198,279.0,45.0,원활,127.0446748612530001_37.6195665141872198|127.0445434286952491_37.6194076045613102|127.0445063415358931_37.6193663455268492|127.0443041935552770_37.6191414572316631|127.0441253531880079_37.6189406021498485|127.0439433826660718_37.6187603121031415|127.0438459398562259_37.6186763310502315|127.0437764753761201_37.6186164629460791|127.0430953054205077_37.6181150210598076|127.0429818097745880_37.6180344625877012|127.0425458966283827_37.6177250516263371
2026-09-04T06:42:24.849833+09:00,북서울꿈의숲,북서울꿈의숲,POI096,KEY_1,1080003204,오현로,1080006102,공주능입구,127.0361318047046382_37.6185224922539447,1080005001,미아동 1-46,127.0350143207193696_37.6168346850441679,212.0,17.0,서행,127.0350143207193696_37.6168346850441679|127.0350450205997959_37.6168659193167940|127.0351051242240885_37.6169501420465764|127.0355840328240618_37.6176862852074336|127.0361318047046382_37.6185224922539447
2026-09-04T06:42:24.849833+09:00,북서울꿈의숲,북서울꿈의숲,POI096,KEY_1,1080003205,오현로,1080218800,번동 120-6,127.0377100072892915_37.6221811532617565,1080006101,공주능입구,127.0361964670142925_37.6186211961319685,422.0,26.0,원활,127.0361964670142925_37.6186211961319685|127.0366822973561653_37.6193626991985397|127.0370572117887917_37.6199956178654062|127.0371336632409083_37.6201486851583482|127.0373786759467691_37.6207278050103326|127.0374520264741562_37.6208954639794300|127.0376240978868907_37.6212887683658153|127.0376661828446885_37.6214224371594526|127.0376912506485638_37.6215578980299483|127.0376974714457958_37.6216876454460802|127.0377100072892915_37.6221811532617565
2026-09-04T06:42:24.849833+09:00,북서울꿈의숲,북서울꿈의숲,POI096,KEY_1,1080004105,한천로109길,1080208500,번동 255,127.0420690581762670_37.6279992677586677,1080010102,번동 621-19,127.0416119537741935_37.6276598609258457,55.0,25.0,원활,127.0416119537741935_37.6276598609258457|127.0420187146939668_37.6279488633456367|127.0420690581762670_37.6279992677586677
2026-09-04T06:42:24.849833+09:00,북서울꿈의숲,북서울꿈의숲,POI096,KEY_1,1080004106,한천로109길,1080011802,번동주공3단지,127.0440770025255404_37.6286515288063796,1080011202,서울번동3행복주택아파트,127.0435150678661529_37.6284354077918337,55.0,14.0,정체,127.0435150678661529_37.6284354077918337|127.0435547632801416_37.6284436795084574|127.0438912618911047_37.6285611704831382|127.0440770025255404_37.6286515288063796
2026-09-04T06:42:24.849833+09:00,북서울꿈의숲,북서울꿈의숲,POI096,KEY_1,1080004205,한천로109길,1080184600,번동 237,127.0427839829520025_37.6284666162161940,1080011204,서울번동3행복주택아파트,127.0433528053765997_37.6285175086048156,51.0,24.0,서행,127.0433528053765997_37.6285175086048156|127.0428809652419915_37.6284971376578525|127.0427839829520025_37.6284666162161940
2026-09-04T06:42:24.849833+09:00,북서울꿈의숲,북서울꿈의숲,POI096,KEY_1,1080004206,한천로109길,1080011201,서울번동3행복주택아파트,127.0434806136058654_37.6285399963380627,1080011803,번동주공3단지,127.0439811538381178_37.6287316404037995,49.0,22.0,서행,127.0439811538381178_37.6287316404037995|127.0438281850549629_37.6286572246620068|127.0435099364932228_37.6285461066658158|127.0434806136058654_37.6285399963380627
2026-09-04T06:42:24.849833+09:00,북서울꿈의숲,북서울꿈의숲,POI096,KEY_1,1080004500,한천로,1080011803,번동주공3단지,127.0439811538381178_37.6287316404037995,1080012402,강북구민운동장앞교차로,127.0415727990643262_37.6305731360132114,296.0,34.0,원활,127.0415727990643262_37.6305731360132114|127.0423787483356648_37.6300923495313384|127.0425736317070999_37.6299654196215769|127.0427335814493119_37.6298462694465030|127.0428767999803767_37.6297240329487224|127.0430753819527894_37.6295469330440824|127.0438304230867317_37.6288647723450964|127.0439811538381178_37.6287316404037995
2026-09-04T06:42:24.849833+09:00,북서울꿈의숲,북서울꿈의숲,POI096,KEY_1,1080004600,한천로,1080012401,강북구민운동장앞교차로,127.0416350558218568_37.6306711503403477,1080011804,번동주공3단지,127.0440991156767581_37.6287890258468778,303.0,25.0,원활,127.0440991156767581_37.6287890258468778|127.0439319559293239_37.6289366684336386|127.0431771323927848_37.6296186341803107|127.0429772698638544_37.6297968753689887|127.0428298867321075_37.6299226669884987|127.0426632627233943_37.6300467886447123|127.0424626389235101_37.6301774580572825|127.0416350558218568_37.6306711503403477
2026-09-04T06:42:24.849833+09:00,북서울꿈의숲,북서울꿈의숲,POI096,KEY_1,1080015400,오현로14길,1080006101,공주능입구,127.0361964670142925_37.6186211961319685,1080005002,미아동 1-46,127.0349215753503671_37.6167528715441719,280.0,5.0,정체,127.0349215753503671_37.6167528715441719|127.0351942306662778_37.6166226459324378|127.0352928677290549_37.6166308749319427|127.0353588654271988_37.6166712266560381|127.0356435851497565_37.6171017620031733|127.0360212110051208_37.6177079799055250|127.0360542021376205_37.6178339504861370|127.0362695727076670_37.6185048628651515|127.0362641784160616_37.6185739441696469|127.0361964670142925_37.6186211961319685
2026-09-04T06:42:24.849833+09:00,북서울꿈의숲,북서울꿈의숲,POI096,KEY_1,1080015500,오현로14길,1080005001,미아동 1-46,127.0350143207193696_37.6168346850441679,1080006102,공주능입구,127.0361318047046382_37.6185224922539447,238.0,26.0,원활,127.0361318047046382_37.6185224922539447|127.0361320240584178_37.6185223391783623|127.0361325857837045_37.6185151347067404|127.0359217561974532_37.6178583626048422|127.0358916952279742_37.6177435813682948|127.0355225275374238_37.6171509393017303|127.0352524323656667_37.6167425194599261|127.0352404895300253_37.6167352169135611|127.0352252421694317_37.6167339447655849|127.0350143207193696_37.6168346850441679
2026-09-04T06:42:24.849833+09:00,북서울꿈의숲,북서울꿈의숲,POI096,KEY_1,1080018800,월계로37길,1070039804,장월초등학교,127.0462802478580642_37.6221704051017340,1080007608,한진아파트,127.0448198705373954_37.6250619397698642,349.0,22.0,서행,127.0448198705373954_37.6250619397698642|127.0453450135076423_37.6243212278256181|127.0456012798674124_37.6239530578342141|127.0457084490999335_37.6237865698143992|127.0458936597036370_37.6233822610333704|127.0460292216023248_37.6230767528485188|127.0461048454251483_37.6228581131876467|127.0461799710472519_37.6225013577183987|127.0462802478580642_37.6221704051017340
2026-09-04T06:42:24.849833+09:00,북서울꿈의숲,북서울꿈의숲,POI096,KEY_1,1080018900,월계로37길,1080007607,한진아파트,127.0449382769235172_37.6251150462080020,1070039801,장월초등학교,127.0463893459632345_37.6222718031564298,343.0,18.0,서행,127.0463893459632345_37.6222718031564298|127.0463132410816485_37.6225229805389176|127.0462377569169377_37.6228814445038537|127.0461590058405363_37.6231091250770504|127.0460216130153981_37.6234187606445261|127.0458332841501630_37.6238298786935417|127.0457212714792377_37.6240038919443620|127.0454636802138850_37.6243739655881626|127.0449382769235172_37.6251150462080020
2026-09-04T06:42:24.849833+09:00,북서울꿈의숲,북서울꿈의숲,POI096,KEY_1,1080020100,오현로20길,1080008903,해모로아파트105동,127.0385479471585626_37.6265558089872272,1080008002,완성아파트,127.0371753798906269_37.6253812312944618,183.0,29.5,원활,127.0371753798906269_37.6253812312944618|127.0373865258954567_37.6254464105757265|127.0374723547953408_37.6254993073195436|127.0376130935286199_37.6256213246378124|127.0380278108809051_37.6261848950123294|127.0381864572136550_37.6263361879287004|127.0382783505832549_37.6264047223438922|127.0384625439472188_37.6265165208501031|127.0385479471585626_37.6265558089872272
2026-09-04T06:42:24.849833+09:00,북서울꿈의숲,북서울꿈의숲,POI096,KEY_1,1080021500,오현로20길,1080009303,아파트상가,127.0397069872915949_37.6269553768017602,1080008902,해모로아파트105동,127.0386566892210709_37.6265997184016427,101.0,24.0,서행,127.0386566892210709_37.6265997184016427|127.0391230076543820_37.6267655400595871|127.0397069872915949_37.6269553768017602
2026-09-04T06:42:24.849833+09:00,북서울꿈의숲,북서울꿈의숲,POI096,KEY_1,1080021701,월계로37길,1080185000,번동 256,127.0437488865762816_37.6280740361808839,1080011203,서울번동3행복주택아파트,127.0433601734675619_37.6284095497175457,51.0,19.0,서행,127.0433601734675619_37.6284095497175457|127.0437488865762816_37.6280740361808839
2026-09-04T06:42:24.849833+09:00,북서울꿈의숲,북서울꿈의숲,POI096,KEY_1,1080021702,월계로37길,1080007609,한진아파트,127.0447534824117497_37.6251483626267031,1080007604,번동256,127.0442817402998372_37.6257590785054745,80.0,9.0,정체,127.0442817402998372_37.6257590785054745|127.0444325615691952_37.6255389083081369|127.0447534824117497_37.6251483626267031
2026-09-04T06:42:24.849833+09:00,북서울꿈의숲,북서울꿈의숲,POI096,KEY_1,1080021802,월계로37길,1080011202,서울번동3행복주택아파트,127.0435150678661529_37.6284354077918337,1080007602,번동256,127.0443694314072616_37.6258666177173566,311.0,23.0,서행,127.0443694314072616_37.6258666177173566|127.0443210064716055_37.6259591777217111|127.0442363585700321_37.6261572535861575|127.0441698358856257_37.6263623268706837|127.0441476477345049_37.6264985778802554|127.0441476968119190_37.6265815559266841|127.0441477060896034_37.6265972422084900|127.0441549271426851_37.6267838635792202|127.0442426045886464_37.6276417934187677|127.0441796981021838_37.6278187878592476|127.0441054805433794_37.6279257969587420|127.0439308155152958_37.6280765589696458|127.0438488574726676_37.6281473007031764|127.0435150678661529_37.6284354077918337
2026-09-04T06:42:24.849833+09:00,북서울꿈의숲,북서울꿈의숲,POI096,KEY_1,1080022700,한천로109길,1080205800,번동 169-5,127.0406038520408316_37.6272645775239454,1080009302,아파트상가,127.0398425759986054_37.6270004561003049,73.0,24.0,서행,127.0398425759986054_37.6270004561003049|127.0406038520408316_37.6272645775239454
2026-09-04T06:42:24.849833+09:00,북서울꿈의숲,북서울꿈의숲,POI096,KEY_1,1080037600,한천로,1080011801,번동주공3단지,127.0441968074792385_37.6287098107447235,1080008701,번3동주민센터앞교차로,127.0474743171278078_37.6266650981888233,371.0,39.5,원활,127.0474743171278078_37.6266650981888233|127.0473273772282425_37.6268399554471671|127.0471539551732860_37.6270058848037934|127.0470082596104220_37.6271400052395038|127.0468653303486803_37.6272550342901226|127.0467033487024082_37.6273517590571771|127.0465136682868916_37.6274472079137112|127.0449742738199888_37.6282150406539841|127.0447102237135653_37.6283555849654192|127.0445296378400997_37.6284654564684047|127.0443468073827802_37.6285945736058807|127.0441968074792385_37.6287098107447235
2026-09-04T06:42:24.849833+09:00,북서울꿈의숲,북서울꿈의숲,POI096,KEY_1,1080037700,한천로,1080008704,번3동주민센터앞교차로,127.0473612995861998_37.6266050192641117,1080011802,번동주공3단지,127.0440770025255404_37.6286515288063796,372.0,36.0,원활,127.0440770025255404_37.6286515288063796|127.0442544133491793_37.6285152331962891|127.0444430935561684_37.6283819847763183|127.0446310435143857_37.6282676336174404|127.0449003424666614_37.6281242953268915|127.0464412148323277_37.6273557259509488|127.0466260753347996_37.6272627018670534|127.0467756922542719_37.6271733620880795|127.0469083712766576_37.6270665812472771|127.0470502458379514_37.6269359790077047|127.0472183028024773_37.6267751821665684|127.0473612995861998_37.6266050192641117
2026-09-04T06:42:24.849833+09:00,서대문독립공원,서대문독립공원,POI124,KEY_2,1000028700,성산로,1120012500,독립문역,126.9598919952445613_37.5726683351508157,1000012700,독립문역,126.9611444653343000_37.5725503641875491,112.0,21.0,서행,126.9611444653343000_37.5725503641875491|126.9607066158732351_37.5725771851431531|126.9605053374135792_37.5725942819316927|126.9602872862410976_37.5726132801422494|126.9598919952445613_37.5726683351508157
2026-09-04T06:42:24.849833+09:00,서대문독립공원,서대문독립공원,POI124,KEY_2,1000034200,인왕산로1길,1000076200,교북동 1-7,126.9598899542721853_37.5731367509671585,1120012707,교북동 1-60,126.9596212753678657_37.5729297550942007,33.0,32.0,원활,126.9596212753678657_37.5729297550942007|126.9598899542721853_37.5731367509671585
2026-09-04T06:42:24.849833+09:00,서대문독립공원,서대문독립공원,POI124,KEY_2,1120006306,성산로,1120011501,현저고가차도(서측),126.9564055171897365_37.5712262135133344,1120011603,천연동주민센터,126.9589920386933102_37.5715963344347088,235.0,38.0,원활,126.9589920386933102_37.5715963344347088|126.9588418305161497_37.5715312891664013|126.9585804741555108_37.5714391025418095|126.9581964015246740_37.5713462133195719|126.9577794178154164_37.5712872867076229|126.9573510374052887_37.5712592973826958|126.9569778939942495_37.5712591619903691|126.9566800510567504_37.5712701781272642|126.9564055171897365_37.5712262135133344
2026-09-04T06:42:24.849833+09:00,서대문독립공원,서대문독립공원,POI124,KEY_2,1120006307,성산로,1120011604,천연동주민센터,126.9591142539042607_37.5716512366634205,1120012100,독립문역,126.9594722825778490_37.5718407936715622,38.0,32.0,원활,126.9594722825778490_37.5718407936715622|126.9594015545951891_37.5717940176359022|126.9591142539042607_37.5716512366634205
2026-09-04T06:42:24.849833+09:00,서대문독립공원,서대문독립공원,POI124,KEY_2,1120006308,성산로,1120012100,독립문역,126.9594722825778490_37.5718407936715622,1120012203,독립문역앞교차로,126.9601372290005941_37.5722615337842427,75.0,28.0,원활,126.9601372290005941_37.5722615337842427|126.9599976215298227_37.5721965289232003|126.9598425469965548_37.5721000139446062|126.9596299905446699_37.5719450964404302|126.9594722825778490_37.5718407936715622
2026-09-04T06:42:24.849833+09:00,서대문독립공원,서대문독립공원,POI124,KEY_2,1120010501,통일로,1120012203,독립문역앞교차로,126.9601372290005941_37.5722615337842427,1120012400,독립문역,126.9597871733457453_37.5725995679923628,49.0,23.0,서행,126.9597871733457453_37.5725995679923628|126.9601372290005941_37.5722615337842427
2026-09-04T06:42:24.849833+09:00,서대문독립공원,서대문독립공원,POI124,KEY_2,1120010502,통일로,1120012400,독립문역,126.9597871733457453_37.5725995679923628,1120012708,속성변화점,126.9595164541550503_37.5728609870910404,38.0,23.0,서행,126.9595164541550503_37.5728609870910404|126.9597871733457453_37.5725995679923628
2026-09-04T06:42:24.849833+09:00,서대문독립공원,서대문독립공원,POI124,KEY_2,1120010506,통일로,1120012705,독립문역(서울3호선),126.9579658462730976_37.5743449827289950,1120013903,독립공원앞교차로,126.9555790578027086_37.5766017870186175,329.0,38.0,원활,126.9555790578027086_37.5766017870186175|126.9561293351889901_37.5759085045612906|126.9564620388117930_37.5755787259048049|126.9565401444808970_37.5755154687112665|126.9567073668758894_37.5753800360160213|126.9569882797126184_37.5751566604908760|126.9577170018074384_37.5745771878050121|126.9579658462730976_37.5743449827289950
2026-09-04T06:42:24.849833+09:00,서대문독립공원,서대문독립공원,POI124,KEY_2,1120010507,통일로,1120012708,속성변화점,126.9595164541550503_37.5728609870910404,1120012704,독립문역(서울3호선),126.9580541026481910_37.5742626271568128,202.0,18.0,서행,126.9580541026481910_37.5742626271568128|126.9590358815766677_37.5733464714259497|126.9594290243780108_37.5729477014797979|126.9595164541550503_37.5728609870910404
2026-09-04T06:42:24.849833+09:00,서대문독립공원,서대문독립공원,POI124,KEY_2,1120010601,통일로,1120012500,독립문역,126.9598919952445613_37.5726683351508157,1120012204,독립문역앞교차로,126.9602579800340010_37.5723149182673737,51.0,39.0,원활,126.9602579800340010_37.5723149182673737|126.9598919952445613_37.5726683351508157
2026-09-04T06:42:24.849833+09:00,서대문독립공원,서대문독립공원,POI124,KEY_2,1120010602,통일로,1120012707,교북동 1-60,126.9596212753678657_37.5729297550942007,1120012500,독립문역,126.9598919952445613_37.5726683351508157,38.0,45.3,원활,126.9598919952445613_37.5726683351508157|126.9596212753678657_37.5729297550942007
2026-09-04T06:42:24.849833+09:00,서대문독립공원,서대문독립공원,POI124,KEY_2,1120010604,통일로,1000257200,최소노드배치점,126.9539057118500125_37.5786303997887146,1120013901,독립공원앞교차로,126.9556245249943345_37.5767457736207788,259.0,43.0,원활,126.9556245249943345_37.5767457736207788|126.9551489155673636_37.5773280410429820|126.9549093920833513_37.5776154894823478|126.9546557954535757_37.5778855302154966|126.9541473648073406_37.5783904287776807|126.9539057118500125_37.5786303997887146
2026-09-04T06:42:24.849833+09:00,서대문독립공원,서대문독립공원,POI124,KEY_2,1120010606,통일로,1120012703,독립문역(서울3호선),126.9581574549469849_37.5743327902645845,1120012706,교북동 1-60,126.9595358909699172_37.5730144465589859,190.0,49.0,원활,126.9595358909699172_37.5730144465589859|126.9591410345318252_37.5734149537420734|126.9581574549469849_37.5743327902645845
2026-09-04T06:42:24.849833+09:00,서대문독립공원,서대문독립공원,POI124,KEY_2,1120010607,통일로,1000119100,무악동 23-1,126.9570842915398572_37.5752331470743286,1120012702,독립문역(서울3호선),126.9580691985351706_37.5744151460965483,126.0,49.5,원활,126.9580691985351706_37.5744151460965483|126.9578168421619324_37.5746506293590272|126.9570842915398572_37.5752331470743286
2026-09-04T06:42:24.849833+09:00,서대문독립공원,서대문독립공원,POI124,KEY_2,1120023400,성산로,1120133100,최소노드배치점,126.9598366501357134_37.5718758172089338,1120011502,현저고가차도(서측),126.9563974518914193_37.5711182938423818,326.0,49.0,원활,126.9563974518914193_37.5711182938423818|126.9569732092367929_37.5710969811519462|126.9573594328844166_37.5710971212840619|126.9578056187436772_37.5711262738220881|126.9582439986790519_37.5711882244444766|126.9586516350865395_37.5712868124550567|126.9589319433781753_37.5713856836947713|126.9591860523892421_37.5714957220573709|126.9595211664746586_37.5716622638495608|126.9597639789680130_37.5718228519238551|126.9598366501357134_37.5718758172089338
2026-09-04T06:42:24.849833+09:00,서대문독립공원,서대문독립공원,POI124,KEY_2,1120023500,성산로,1120133200,최소노드배치점,126.9597449148808010_37.5719555573752615,1000012901,현저고가차도(동측),126.9633524146951800_37.5724808358889888,335.0,54.0,원활,126.9633524146951800_37.5724808358889888|126.9617095115761174_37.5725130836377232|126.9614433829085272_37.5725190481019951|126.9611593490193826_37.5724975689775604|126.9610250437663410_37.5724782569360229|126.9607317559536881_37.5724161451600978|126.9604829199149805_37.5723426959069684|126.9602519572622015_37.5722523233523447|126.9600358602290555_37.5721517029554306|126.9598864664065303_37.5720587236592891|126.9597449148808010_37.5719555573752615
2026-09-04T06:42:24.849833+09:00,서대문독립공원,서대문독립공원,POI124,KEY_2,1120024400,성산로,1120012100,독립문역,126.9594722825778490_37.5718407936715622,1120012400,독립문역,126.9597871733457453_37.5725995679923628,96.0,37.0,원활,126.9597871733457453_37.5725995679923628|126.9598650241106839_37.5724304263712270|126.9598530933969300_37.5723388812228478|126.9598298321479604_37.5722545888308659|126.9597843500730932_37.5721744748884845|126.9596789916165847_37.5720504764494549|126.9594722825778490_37.5718407936715622
2026-09-04T06:42:24.849833+09:00,서대문독립공원,서대문독립공원,POI124,KEY_2,1120024500,독립문공원길,1120129600,현저동 201,126.9546811300403846_37.5729242749960406,1120012301,영천사,126.9542444825959251_37.5722557069659899,267.0,10.0,정체,126.9542444825959251_37.5722557069659899|126.9541959236536570_37.5725293608551780|126.9540692341526835_37.5726423828946423|126.9539689933889548_37.5726596871033820|126.9535014055933289_37.5724715112615968|126.9534713753641313_37.5724854864754150|126.9535139018201306_37.5725458951186724|126.9540071314573169_37.5731436966060457|126.9543564375057372_37.5732013597975296|126.9546143244217831_37.5729535072364556|126.9546811300403846_37.5729242749960406
2026-09-04T06:42:24.849833+09:00,서대문독립공원,서대문독립공원,POI124,KEY_2,1120024600,독립문공원길,1120127700,현저동 207,126.9584613630682384_37.5725913086818011,1120011604,천연동주민센터,126.9591142539042607_37.5716512366634205,122.0,20.0,서행,126.9591142539042607_37.5716512366634205|126.9587534985637518_37.5719486965718588|126.9586998577316734_37.5720442202347797|126.9586510614766581_37.5721632689824716|126.9584921924424492_37.5725508606870662|126.9584613630682384_37.5725913086818011
2026-09-04T06:42:24.849833+09:00,서대문독립공원,서대문독립공원,POI124,KEY_2,1120025400,통일로,1120123700,현저동 산5-5,126.9538792203245663_37.5758367131501885,1120013904,독립공원앞교차로,126.9555057512229013_37.5766928164609340,193.0,21.0,서행,126.9555057512229013_37.5766928164609340|126.9550631009589523_37.5764702194954907|126.9548438412759026_37.5763155062738718|126.9547989242144155_37.5762662167531829|126.9546818418207152_37.5761377365659754|126.9545222999205123_37.5759800318223895|126.9542865563592642_37.5757687431661012|126.9542000233208086_37.5757074645268077|126.9541606256270967_37.5757063292990381|126.9539610384382229_37.5758010939112310|126.9538792203245663_37.5758367131501885
2026-09-04T06:42:24.849833+09:00,서리풀공원·몽마르뜨공원,서리풀공원·몽마르뜨공원,POI098,KEY_3,1210011800,방배로,1210220500,방배동 984-6,126.9979813526685035_37.4808992569514530,1210020213,방배역사거리,126.9976321710106788_37.4814267922410949,66.0,14.0,정체,126.9976321710106788_37.4814267922410949|126.9979813526685035_37.4808992569514530
2026-09-04T06:42:24.849833+09:00,서리풀공원·몽마르뜨공원,서리풀공원·몽마르뜨공원,POI098,KEY_3,1210013000,효령로,1210116600,방배동 912-14,126.9968735291208617_37.4812974085607777,1210020214,방배역사거리,126.9975688246299370_37.4815229789345921,66.0,32.0,원활,126.9975688246299370_37.4815229789345921|126.9968735291208617_37.4812974085607777
2026-09-04T06:42:24.849833+09:00,서리풀공원·몽마르뜨공원,서리풀공원·몽마르뜨공원,POI098,KEY_3,1210013802,효령로,1210020211,방배역사거리,126.9976970818997586_37.4815608386439507,1210020210,방배동912-14,126.9986117144692059_37.4816875991960146,82.0,19.0,서행,126.9986117144692059_37.4816875991960146|126.9979254416350898_37.4816198652729895|126.9976970818997586_37.4815608386439507
2026-09-04T06:42:24.849833+09:00,서리풀공원·몽마르뜨공원,서리풀공원·몽마르뜨공원,POI098,KEY_3,1210013804,효령로,1210020207,방배동912-14,126.9987729537187846_37.4817035126215572,1210020206,히트뉴스,127.0021033700483883_37.4823525121120653,304.0,27.0,원활,127.0021033700483883_37.4823525121120653|127.0019789820658218_37.4823281364793388|127.0006152304751055_37.4819832792475296|127.0005760644728667_37.4819733749067581|126.9999519609822869_37.4818401558295520|126.9997531829779547_37.4818109750550832|126.9995303025066704_37.4817782555937811|126.9990236266257000_37.4817282521577440|126.9987729537187846_37.4817035126215572
2026-09-04T06:42:24.849833+09:00,서리풀공원·몽마르뜨공원,서리풀공원·몽마르뜨공원,POI098,KEY_3,1210013901,효령로,1210020208,속성변화점,126.9987896287997415_37.4815962116531907,1210020212,방배역사거리,126.9977611176580012_37.4814637244191644,92.0,31.0,원활,126.9977611176580012_37.4814637244191644|126.9979549762968531_37.4815138332533166|126.9986283898698503_37.4815802982075112|126.9987896287997415_37.4815962116531907
2026-09-04T06:42:24.849833+09:00,서리풀공원·몽마르뜨공원,서리풀공원·몽마르뜨공원,POI098,KEY_3,1210013903,효령로,1210107000,방배동 190-6,126.9990403013344888_37.4816209511821725,1210020208,속성변화점,126.9987896287997415_37.4815962116531907,22.0,23.0,서행,126.9987896287997415_37.4815962116531907|126.9990403013344888_37.4816209511821725
2026-09-04T06:42:24.849833+09:00,서리풀공원·몽마르뜨공원,서리풀공원·몽마르뜨공원,POI098,KEY_3,1210015701,방배로,1210022202,방림종합시장입구,126.9965746488741019_37.4832722606339175,1210020211,방배역사거리,126.9976970818997586_37.4815608386439507,214.0,15.0,서행,126.9976970818997586_37.4815608386439507|126.9974287991562960_37.4819699090163496|126.9965746488741019_37.4832722606339175
2026-09-04T06:42:24.849833+09:00,서리풀공원·몽마르뜨공원,서리풀공원·몽마르뜨공원,POI098,KEY_3,1210016801,명달로,1210301500,서초동 1748-65,127.0040712378758201_37.4861214996714267,1210028603,서초고교,127.0045599901543483_37.4894897290676354,376.0,30.0,원활,127.0045599901543483_37.4894897290676354|127.0044694535589827_37.4887105284551296|127.0044034359152647_37.4881423391787010|127.0043721260119014_37.4878728634567935|127.0043600663124010_37.4878014747472861|127.0043038817340602_37.4874688821740421|127.0042207570021446_37.4869768080502865|127.0041814813689456_37.4867443054972043|127.0040712378758201_37.4861214996714267
2026-09-04T06:42:24.849833+09:00,서리풀공원·몽마르뜨공원,서리풀공원·몽마르뜨공원,POI098,KEY_3,1210016802,명달로,1210028604,서초고교,127.0045472615645679_37.4895423108705330,1210029403,서울대법원,127.0042729402394457_37.4907812011270849,141.0,19.0,서행,127.0042729402394457_37.4907812011270849|127.0042578299780871_37.4906993551140530|127.0044513081535484_37.4897114138475729|127.0045472615645679_37.4895423108705330
2026-09-04T06:42:24.849833+09:00,서리풀공원·몽마르뜨공원,서리풀공원·몽마르뜨공원,POI098,KEY_3,1210016902,명달로,1210029402,서울대법원,127.0044176822525941_37.4908223180390152,1210028601,서초고교,127.0046686705387344_37.4895860520646877,140.0,27.0,원활,127.0046686705387344_37.4895860520646877|127.0045844225715683_37.4897329455442048|127.0043950687284422_37.4906998330283585|127.0044176822525941_37.4908223180390152
2026-09-04T06:42:24.849833+09:00,서리풀공원·몽마르뜨공원,서리풀공원·몽마르뜨공원,POI098,KEY_3,1210019701,서초대로,1210029808,대법원,127.0062399926017775_37.4913685615963885,1210029402,서울대법원,127.0044176822525941_37.4908223180390152,172.0,26.0,원활,127.0044176822525941_37.4908223180390152|127.0058052151424022_37.4912382388947023|127.0062399926017775_37.4913685615963885
2026-09-04T06:42:24.849833+09:00,서리풀공원·몽마르뜨공원,서리풀공원·몽마르뜨공원,POI098,KEY_3,1210020500,동광로,1210117000,서초동 산172-12,127.0030103162302169_37.4925896623930939,1210029401,서울대법원,127.0043931036492495_37.4909304675424409,224.0,30.0,원활,127.0043931036492495_37.4909304675424409|127.0039912247406590_37.4916747365461589|127.0038774070053051_37.4918057468107406|127.0038268966604562_37.4918514126061311|127.0030103162302169_37.4925896623930939
2026-09-04T06:42:24.849833+09:00,서리풀공원·몽마르뜨공원,서리풀공원·몽마르뜨공원,POI098,KEY_3,1210024802,사평대로,1210037304,서울성모병원앞교차로,127.0034296050644542_37.5022581526050445,1210038702,사평지하차도(동측),127.0064482891770155_37.5033692509684471,295.0,16.0,서행,127.0064482891770155_37.5033692509684471|127.0061744165954849_37.5033231250553598|127.0034296050644542_37.5022581526050445
2026-09-04T06:42:24.849833+09:00,서리풀공원·몽마르뜨공원,서리풀공원·몽마르뜨공원,POI098,KEY_3,1210024902,사평대로,1210038701,사평지하차도(동측),127.0065075748906480_37.5032719917048141,1210037301,서울성모병원앞교차로,127.0035524787514305_37.5020653054771742,294.0,35.0,원활,127.0035524787514305_37.5020653054771742|127.0062932548203207_37.5031287115020859|127.0065075748906480_37.5032719917048141
2026-09-04T06:42:24.849833+09:00,서리풀공원·몽마르뜨공원,서리풀공원·몽마르뜨공원,POI098,KEY_3,1210024903,사평대로,1210040603,삼호가든사거리,127.0096408508530459_37.5044807855888038,1210038701,사평지하차도(동측),127.0065075748906480_37.5032719917048141,308.0,18.0,서행,127.0065075748906480_37.5032719917048141|127.0096408508530459_37.5044807855888038
2026-09-04T06:42:24.849833+09:00,서리풀공원·몽마르뜨공원,서리풀공원·몽마르뜨공원,POI098,KEY_3,1210026002,신반포로,1210393600,잠원동 110,127.0031103815705364_37.5056962380394125,1210042704,고속터미널역앞교차로,127.0043174874553813_37.5060735942867041,115.0,22.0,서행,127.0043174874553813_37.5060735942867041|127.0039498594828302_37.5059586709413040|127.0035607575584038_37.5058370330399740|127.0031103815705364_37.5056962380394125
2026-09-04T06:42:24.849833+09:00,서리풀공원·몽마르뜨공원,서리풀공원·몽마르뜨공원,POI098,KEY_3,1210026102,신반포로,1210286400,반포동 128-4,127.0036103340112561_37.5057363840915414,1210041702,고속터미널사거리,127.0012498931297387_37.5049984469199771,224.0,29.0,원활,127.0012498931297387_37.5049984469199771|127.0018301415136932_37.5051798538655916|127.0031599584830957_37.5055955893836241|127.0036103340112561_37.5057363840915414
2026-09-04T06:42:24.849833+09:00,서리풀공원·몽마르뜨공원,서리풀공원·몽마르뜨공원,POI098,KEY_3,1210027501,신반포로23길,1210466500,잠원동 101,127.0042204769171548_37.5065757828190200,1210042701,고속터미널역앞교차로,127.0044442985191040_37.5061121193226654,55.0,17.0,서행,127.0044442985191040_37.5061121193226654|127.0042204769171548_37.5065757828190200
2026-09-04T06:42:24.849833+09:00,서리풀공원·몽마르뜨공원,서리풀공원·몽마르뜨공원,POI098,KEY_3,1210056500,사평대로,1210447300,최소노드배치점,127.0030994056385509_37.5020573549217744,1210038702,사평지하차도(동측),127.0064482891770155_37.5033692509684471,330.0,58.0,원활,127.0064482891770155_37.5033692509684471|127.0034140730417960_37.5021919946757052|127.0030994056385509_37.5020573549217744
2026-09-04T06:42:24.849833+09:00,서리풀공원·몽마르뜨공원,서리풀공원·몽마르뜨공원,POI098,KEY_3,1210157300,서초대로,1210078702,서리풀터널(서측),126.9989565881344191_37.4893248414787834,1210078802,서리풀터널(동측),127.0037916540739644_37.4907616821414749,456.0,49.5,원활,127.0037916540739644_37.4907616821414749|126.9989565881344191_37.4893248414787834
2026-09-04T06:42:24.849833+09:00,서리풀공원·몽마르뜨공원,서리풀공원·몽마르뜨공원,POI098,KEY_3,1210157400,서초대로,1210078801,서리풀터널(동측),127.0038377451869138_37.4906599963925231,1210078701,서리풀터널(서측),126.9990038846274132_37.4892235014730488,456.0,35.0,원활,126.9990038846274132_37.4892235014730488|127.0038377451869138_37.4906599963925231
2026-09-04T06:42:24.849833+09:00,서리풀공원·몽마르뜨공원,서리풀공원·몽마르뜨공원,POI098,KEY_3,1210157500,서초대로,1210078802,서리풀터널(동측),127.0037916540739644_37.4907616821414749,1210029404,서울대법원,127.0042652980036877_37.4908935921796171,44.0,53.5,원활,127.0042652980036877_37.4908935921796171|127.0037916540739644_37.4907616821414749
2026-09-04T06:42:24.849833+09:00,서리풀공원·몽마르뜨공원,서리풀공원·몽마르뜨공원,POI098,KEY_3,1210157600,서초대로,1210029403,서울대법원,127.0042729402394457_37.4907812011270849,1210078801,서리풀터널(동측),127.0038377451869138_37.4906599963925231,41.0,22.0,서행,127.0038377451869138_37.4906599963925231|127.0042729402394457_37.4907812011270849
2026-09-04T06:42:24.849833+09:00,서울대공원,서울대공원,POI100,KEY_4,2200003401,과천대로,2200066000,최소노드배치점,127.0029893781873085_37.4330879113692063,2200000807,과천시보훈회관,127.0016592458971445_37.4295384538219054,414.0,30.0,원활,127.0016592458971445_37.4295384538219054|127.0016656726336350_37.4295544944481264|127.0016808290951502_37.4295923378440207|127.0017085794528953_37.4296618689190268|127.0021328924420914_37.4305501492686545|127.0021330788781171_37.4305505249892576|127.0021332359380040_37.4305508998093970|127.0021334223739728_37.4305512746289963|127.0021335794338597_37.4305516494491215|127.0021337353639126_37.4305520251702859|127.0021338924237995_37.4305523999904111|127.0021340483547192_37.4305528063461566|127.0023788304229271_37.4311574000942855|127.0027959231863264_37.4319916187944770|127.0027961107579273_37.4319919629783513|127.0027962983306651_37.4319923377967854|127.0027964859033887_37.4319927126152265|127.0027966418397227_37.4319930874343996|127.0027968294124747_37.4319934622528478|127.0027969853488372_37.4319938379730388|127.0027971424150195_37.4319942127922047|127.0027972983513536_37.4319945876113849|127.0027974542876876_37.4319949624305721|127.0027976113538841_37.4319953372497309|127.0027977672902466_37.4319957129699219|127.0027978927200252_37.4319960877898197|127.0027980475264968_37.4319964626090496|127.0027981729574265_37.4319968680634929|127.0027983300236798_37.4319972437836626|127.0027984543235675_37.4319976186036101|127.0027985797533745_37.4319979934235079|127.0027987040532622_37.4319983682434199|127.0027988294842487_37.4319987745989167|127.0027989232776520_37.4319991503205713|127.0027990475775681_37.4319995251405189|127.0027991730085262_37.4319999314959873|127.0027992679317776_37.4320003063166240|127.0027993605963985_37.4320007117718561|127.0027994543898018_37.4320010874935178|127.0027995481843561_37.4320014938497465|127.0027996419777168_37.4320018686704117|127.0027997357711058_37.4320022434910555|127.0029223293061449_37.4325574306588109|127.0029224231020777_37.4325578379159438|127.0029224852613368_37.4325582442728049|127.0029225801870751_37.4325586497278593|127.0029226423463342_37.4325590560847274|127.0029227045043569_37.4325594309060250|127.0030011103725656_37.4330134628184865|127.0030011736624544_37.4330138682742302|127.0030012358212588_37.4330142430954709|127.0030012979813279_37.4330146503532930|127.0030013296344151_37.4330150567108575|127.0030013917944416_37.4330154621666438|127.0030014550843731_37.4330158685234053|127.0030014856075695_37.4330162748810125|127.0030015172606568_37.4330166812386125|127.0030015794206548_37.4330170866943917|127.0030016099438797_37.4330174939530096|127.0030016415969527_37.4330179003105883|127.0030016732500400_37.4330183066681599|127.0030016732649756_37.4330186805899601|127.0030017049180628_37.4330190869475246|127.0030017049342916_37.4330194933059133|127.0030017049505489_37.4330199005652986|127.0030017354737026_37.4330203060218878|127.0030017354899314_37.4330207123802836|127.0030017355061744_37.4330211187386581|127.0030017050154072_37.4330215250978142|127.0030017050316218_37.4330219305551708|127.0030017050478790_37.4330223378145632|127.0030017050641078_37.4330227441729519|127.0030016734434639_37.4330231505321223|127.0030016418228058_37.4330235559902889|127.0030016102021904_37.4330239623494805|127.0030015797114231_37.4330243687086366|127.0030015480907650_37.4330247741668103|127.0030015164701638_37.4330251814270056|127.0030014543425665_37.4330255877869504|127.0030014238518277_37.4330259941461136|127.0030013594644061_37.4330263996051116|127.0030013301035581_37.4330268059642250|127.0030012668460415_37.4330272123242196|127.0030012047172079_37.4330275880496259|127.0030011109527521_37.4330279944103808|127.0030010488250980_37.4330283998693290|127.0030009855676099_37.4330288062293022|127.0030009234399984_37.4330292125892683|127.0029893781873085_37.4330879113692063
2026-09-04T06:42:24.849833+09:00,서울대공원,서울대공원,POI100,KEY_4,2200021000,대공원대로,2200008501,대공원고가교(남측),127.0026171655613894_37.4373008081790388,2200008304,대공원역삼거리,127.0065499805299964_37.4358349906033609,388.0,43.0,원활,127.0065499805299964_37.4358349906033609|127.0064835174808309_37.4359041189738022|127.0063064858203035_37.4360422750141737|127.0050953603984993_37.4365122438352103|127.0046392981143981_37.4367083056359391|127.0042678612085325_37.4368524623347056|127.0036812359890774_37.4370492125447925|127.0026171655613894_37.4373008081790388
2026-09-04T06:42:24.849833+09:00,서울대공원,서울대공원,POI100,KEY_4,2200021100,대공원대로,2200008303,대공원역삼거리,127.0064877905878689_37.4357219553627161,2200008502,대공원고가교(남측),127.0025810450012074_37.4371966195773922,387.0,37.0,원활,127.0025810450012074_37.4371966195773922|127.0036355483765647_37.4369472442036866|127.0042118601151628_37.4367539310591511|127.0045774549838313_37.4366120876679318|127.0050334852050327_37.4364159936674312|127.0062273604819580_37.4359527443574649|127.0063817667330852_37.4358322441634499|127.0064877905878689_37.4357219553627161
2026-09-04T06:42:24.849833+09:00,서울대공원,서울대공원,POI100,KEY_4,2200021200,대공원광장로,2200054900,막계동 289,127.0068923472239391_37.4362228128070527,2200008301,대공원역삼거리,127.0066457822184702_37.4357353467557203,58.0,20.0,서행,127.0066457822184702_37.4357353467557203|127.0068923472239391_37.4362228128070527
2026-09-04T06:42:24.849833+09:00,서울대공원,서울대공원,POI100,KEY_4,2200021300,대공원광장로,2200008304,대공원역삼거리,127.0065499805299964_37.4358349906033609,2200008612,막계동255-3,127.0076509610287019_37.4376132209890429,220.0,23.0,서행,127.0076509610287019_37.4376132209890429|127.0076421735180645_37.4376027753600269|127.0068155789067674_37.4363600557792395|127.0067666120649790_37.4362632531393302|127.0065499805299964_37.4358349906033609
2026-09-04T06:42:24.849833+09:00,서울대공원,서울대공원,POI100,KEY_4,2200021500,대공원광장로,2200057700,막계동 326,127.0058355921950124_37.4347670361327189,2200008303,대공원역삼거리,127.0064877905878689_37.4357219553627161,121.0,31.0,원활,127.0064877905878689_37.4357219553627161|127.0058355921950124_37.4347670361327189
2026-09-04T06:42:24.849833+09:00,서울대공원,서울대공원,POI100,KEY_4,2200022600,대공원광장로,2200008902,국립과천과학관동주차장,127.0084574650786067_37.4387382391346932,2200008611,막계동255-3,127.0077634952381658_37.4375529084523322,146.0,27.0,원활,127.0077634952381658_37.4375529084523322|127.0080855172262488_37.4379349314084564|127.0084574650786067_37.4387382391346932
2026-09-04T06:42:24.849833+09:00,서울대공원,서울대공원,POI100,KEY_4,2200023200,대공원광장로,2200008804,부진입교,127.0088684476730663_37.4388146771083825,2200008902,국립과천과학관동주차장,127.0084574650786067_37.4387382391346932,44.0,24.5,서행,127.0084574650786067_37.4387382391346932|127.0086182979441531_37.4387072127582528|127.0088554238022596_37.4387826192372870|127.0088844548043880_37.4387800879082917|127.0088684476730663_37.4388146771083825
2026-09-04T06:42:24.849833+09:00,서울대공원,서울대공원,POI100,KEY_4,2200030300,과천대로,2200008502,대공원고가교(남측),127.0025810450012074_37.4371966195773922,2200001802,상아벌지하차도(남측),127.0014046720212946_37.4365631797303209,184.0,46.0,원활,127.0014046720212946_37.4365631797303209|127.0013062218505269_37.4370767111946634|127.0013184326599998_37.4371743937791948|127.0013460154439286_37.4372134696193584|127.0013899595908384_37.4372330013296022|127.0014828202305779_37.4372396334788959|127.0025810450012074_37.4371966195773922
2026-09-04T06:42:24.849833+09:00,서울대공원,서울대공원,POI100,KEY_4,2200040300,광명로,2200066800,최소노드배치점,127.0179262719529731_37.4318090801042729,2200026501,막계동579-1,127.0186725129336338_37.4295158870037881,352.0,34.0,원활,127.0186725129336338_37.4295158870037881|127.0184844257098433_37.4296161952381112|127.0184837592780127_37.4296165344177609|127.0173584939860945_37.4301892270314909|127.0173904526724442_37.4303596775883065|127.0173776032648050_37.4305909173157332|127.0172810825387302_37.4315158124468184|127.0179262719529731_37.4318090801042729
2026-09-04T06:42:24.849833+09:00,서울대공원,서울대공원,POI100,KEY_4,2200040400,광명로,2200064400,최소노드배치점,127.0128644829702154_37.4388265717598969,2200008802,부진입교,127.0091676506749963_37.4387479984704754,389.0,35.0,원활,127.0091676506749963_37.4387479984704754|127.0095977730109382_37.4388101026301854|127.0098898497513460_37.4389540229815125|127.0103395740317609_37.4390789472301933|127.0114255964999757_37.4396054988472713|127.0115608143817383_37.4395926219030173|127.0116696759749573_37.4395332460063344|127.0119056536387347_37.4391441081629992|127.0121150672391934_37.4390045051773370|127.0128644829702154_37.4388265717598969
2026-09-04T06:42:24.849833+09:00,서울숲공원,서울숲공원,POI101,KEY_1,1030000401,강변북로,1030006801,수도박물관,127.0427151925593137_37.5381098869044223,1030006601,성수동1가 496,127.0448610462769921_37.5375861963207313,198.0,71.3,원활,127.0448610462769921_37.5375861963207313|127.0445464268946125_37.5376608176332951|127.0435350724843744_37.5379014546380390|127.0429376144479932_37.5380399480896116|127.0427151925593137_37.5381098869044223
2026-09-04T06:42:24.849833+09:00,서울숲공원,서울숲공원,POI101,KEY_1,1030000500,강변북로,1030006500,강변동양아파트,127.0457199441466400_37.5371614419992170,1030007400,민들레,127.0411070650829117_37.5384294612663183,432.0,78.3,원활,127.0411070650829117_37.5384294612663183|127.0419474702915181_37.5381286569360313|127.0426750556077735_37.5379108794709282|127.0448120293160486_37.5373944724523483|127.0457199441466400_37.5371614419992170
2026-09-04T06:42:24.849833+09:00,서울숲공원,서울숲공원,POI101,KEY_1,1030000601,강변북로,1030007300,성수동1가701-1,127.0389959168127234_37.5393979946672758,1030007000,한강공원이촌지구입구,127.0411526317783455_37.5386310153525642,209.0,74.0,원활,127.0411526317783455_37.5386310153525642|127.0408998925125275_37.5387228934488917|127.0396375215554201_37.5391685549233358|127.0389959168127234_37.5393979946672758
2026-09-04T06:42:24.849833+09:00,서울숲공원,서울숲공원,POI101,KEY_1,1030000602,강변북로,1030007000,한강공원이촌지구입구,127.0411526317783455_37.5386310153525642,1030006801,수도박물관,127.0427151925593137_37.5381098869044223,150.0,71.3,원활,127.0427151925593137_37.5381098869044223|127.0422729834904203_37.5382370690409317|127.0418136435815057_37.5383907125557883|127.0411526317783455_37.5386310153525642
2026-09-04T06:42:24.849833+09:00,서울숲공원,서울숲공원,POI101,KEY_1,1030000700,강변북로,1030007400,민들레,127.0411070650829117_37.5384294612663183,1030009300,성수동1가695-1,127.0344033964930475_37.5407497451442893,646.0,77.0,원활,127.0344033964930475_37.5407497451442893|127.0353746709002962_37.5403924198628545|127.0361849511012196_37.5401273119134729|127.0382706512017421_37.5394438838092270|127.0400565032718703_37.5388129095392387|127.0411070650829117_37.5384294612663183
2026-09-04T06:42:24.849833+09:00,서울숲공원,서울숲공원,POI101,KEY_1,1030000800,강변북로,1030010300,옥수동492,127.0318062526681047_37.5420723308692246,1030007300,성수동1가701-1,127.0389959168127234_37.5393979946672758,701.0,74.8,원활,127.0389959168127234_37.5393979946672758|127.0385781455044309_37.5395473870466105|127.0355740478927515_37.5406900926766909|127.0332856937590549_37.5415329045588777|127.0318062526681047_37.5420723308692246
2026-09-04T06:42:24.849833+09:00,서울숲공원,서울숲공원,POI101,KEY_1,1030000901,강변북로,1030011200,동부간선도로입구,127.0297847949010190_37.5425055540992219,1030036500,두모교,127.0262150453302326_37.5435433933201281,337.0,61.7,원활,127.0262150453302326_37.5435433933201281|127.0275035061907545_37.5433072906735745|127.0281111196451320_37.5431308580303877|127.0286140564713833_37.5429301558187731|127.0297847949010190_37.5425055540992219
2026-09-04T06:42:24.849833+09:00,서울숲공원,서울숲공원,POI101,KEY_1,1030000902,강변북로,1030009300,성수동1가695-1,127.0344033964930475_37.5407497451442893,1030036500,두모교,127.0262150453302326_37.5435433933201281,793.0,74.7,원활,127.0262150453302326_37.5435433933201281|127.0263420859732406_37.5435433650486843|127.0265935686574750_37.5435290053148734|127.0269483352357156_37.5434967420871502|127.0273165646364504_37.5434394440140906|127.0276398803257933_37.5433678519471172|127.0280215633972176_37.5432640623576859|127.0283852777987619_37.5431459724865420|127.0294407958222678_37.5427610413079833|127.0303968691536340_37.5423981188109366|127.0313562320281875_37.5419902214887315|127.0327211793242839_37.5414272507229754|127.0337209293278136_37.5410121707927402|127.0344033964930475_37.5407497451442893
2026-09-04T06:42:24.849833+09:00,서울숲공원,서울숲공원,POI101,KEY_1,1030001001,강변북로,1030011700,성수JC,127.0277034763174839_37.5435314558420359,1030010300,옥수동492,127.0318062526681047_37.5420723308692246,397.0,70.8,원활,127.0318062526681047_37.5420723308692246|127.0317011292671481_37.5421106588302322|127.0295362283649325_37.5429145153627459|127.0284706664303940_37.5433031231814809|127.0280969564901881_37.5434244583883654|127.0277034763174839_37.5435314558420359
2026-09-04T06:42:24.849833+09:00,서울숲공원,서울숲공원,POI101,KEY_1,1030005102,강변북로,1030009100,성수대교(북측),127.0337769617486003_37.5407132030334907,1030008900,성수대교(북측),127.0366204592998116_37.5407494361191212,391.0,51.0,원활,127.0366204592998116_37.5407494361191212|127.0362736400008146_37.5408947419886374|127.0359854860295883_37.5409973504146777|127.0348150285060029_37.5413862430326475|127.0344457187267864_37.5415350316108203|127.0342926666647259_37.5415845095064356|127.0341217331513661_37.5416196079110733|127.0339644542110022_37.5416261422525039|127.0338253465951937_37.5416005523428069|127.0337267360757068_37.5415643900919491|127.0336371775573099_37.5415175321155274|127.0335746407953366_37.5414600490100838|127.0335121717437517_37.5413918349446547|127.0334722300060122_37.5413129772588476|127.0334503034915912_37.5412270371034751|127.0334463233892848_37.5411447445142770|127.0334693648077575_37.5410518268865303|127.0335194276366479_37.5409482842039708|127.0335873025506146_37.5408698527050149|127.0336957647755582_37.5407665410948184|127.0337769617486003_37.5407132030334907
2026-09-04T06:42:24.849833+09:00,서울숲공원,서울숲공원,POI101,KEY_1,1030001300,동부간선도로,1030009300,성수동1가695-1,127.0344033964930475_37.5407497451442893,1030036600,성수JC,127.0323619427774275_37.5449326440640903,989.0,53.0,원활,127.0323619427774275_37.5449326440640903|127.0322744211834163_37.5448697440340950|127.0313534821279120_37.5441619743014670|127.0302711561675579_37.5434045468581559|127.0292213225685600_37.5426813636680023|127.0291244493513432_37.5425946961241763|127.0290404411798164_37.5424856354964689|127.0289683965850429_37.5423433772447765|127.0289492441156938_37.5422172789344444|127.0289589663725280_37.5420771666000306|127.0290406841672421_37.5418664180243553|127.0291345094840949_37.5417562440955805|127.0292528012461872_37.5416541396924401|127.0293644662197465_37.5416032937911552|127.0294966916302428_37.5415774733236560|127.0296598992147494_37.5415688441143018|127.0297956329881259_37.5415905366518103|127.0299660142581786_37.5416436813546142|127.0302080506025959_37.5417328835311892|127.0303749985669413_37.5417866745375051|127.0305860820734409_37.5418295301635538|127.0307702075141520_37.5418402096315589|127.0309812692028117_37.5418294271438810|127.0312192598502747_37.5417828782866607|127.0313943777152161_37.5417327696135601|127.0315829533341940_37.5416468991060341|127.0318164273072910_37.5415395607010254|127.0321621433381978_37.5413749778313246|127.0323237815666886_37.5413105689769679|127.0325033866125892_37.5412533061920328|127.0326695215194945_37.5412031980960634|127.0329883271511591_37.5411244404720108|127.0333789797064696_37.5410349343961087|127.0344033964930475_37.5407497451442893
2026-09-04T06:42:24.849833+09:00,서울숲공원,서울숲공원,POI101,KEY_1,1030001401,동부간선도로,1030012000,성수JC,127.0314731932145378_37.5440534747483454,1030011200,동부간선도로입구,127.0297847949010190_37.5425055540992219,513.0,50.3,원활,127.0297847949010190_37.5425055540992219|127.0299878534914342_37.5423632727119809|127.0301011000793920_37.5422146708626414|127.0301245340403682_37.5420597506111804|127.0301028206364720_37.5419404223460518|127.0300361833235030_37.5418209153987874|127.0299243595096925_37.5417429631655111|127.0297973367850091_37.5417007230823003|127.0296688991218446_37.5416767672049758|127.0295175256817117_37.5416847708783266|127.0294153409281535_37.5417047255893195|127.0293384278699591_37.5417397467600580|127.0292412353666265_37.5418236404248020|127.0291644895328034_37.5419137566701835|127.0290936747369557_37.5420963887518155|127.0290855325617230_37.5422137414567914|127.0291010924953383_37.5423161911923629|127.0291621710753986_37.5424367947448658|127.0292339344424875_37.5425299601811346|127.0293168984713077_37.5426041828799129|127.0314731932145378_37.5440534747483454
2026-09-04T06:42:24.849833+09:00,서울숲공원,서울숲공원,POI101,KEY_1,1030001402,동부간선도로,1030018800,뚝섬유수지체육공원,127.0382875770396396_37.5497896869035088,1030012000,성수JC,127.0314731932145378_37.5440534747483454,879.0,75.7,원활,127.0314731932145378_37.5440534747483454|127.0321620057514167_37.5445396044308666|127.0329047457750846_37.5450876965753437|127.0335516609834627_37.5455738297302162|127.0341566432096130_37.5460027579968809|127.0347257052412289_37.5464364617868753|127.0353187467665066_37.5469130648032845|127.0359178026335627_37.5474278067572769|127.0363491413191213_37.5478281687294952|127.0373556589110393_37.5488433954447274|127.0381644948249260_37.5496727329993192|127.0382875770396396_37.5497896869035088
2026-09-04T06:42:24.849833+09:00,서울숲공원,서울숲공원,POI101,KEY_1,1030001901,동부간선도로,1030036600,성수JC,127.0323619427774275_37.5449326440640903,1030014900,성수동1가685-31,127.0343613336856379_37.5465066021287299,249.0,66.0,원활,127.0343613336856379_37.5465066021287299|127.0334694196474317_37.5457812522501087|127.0326922104666920_37.5451699997149859|127.0323619427774275_37.5449326440640903
2026-09-04T06:42:24.849833+09:00,서울숲공원,서울숲공원,POI101,KEY_1,1030003503,성덕정길,1030001308,미러드스피어갤러리,127.0464519405476977_37.5391950904684464,1030008602,뚝도아리수정수센터,127.0438952129735242_37.5400817035135219,247.0,14.0,정체,127.0438952129735242_37.5400817035135219|127.0442789728588338_37.5399443264311756|127.0451914269481790_37.5396455830965792|127.0455079029676710_37.5395158662262887|127.0459034895997235_37.5393691667486706|127.0460520754789684_37.5393140646203705|127.0464519405476977_37.5391950904684464
2026-09-04T06:42:24.849833+09:00,서울숲공원,서울숲공원,POI101,KEY_1,1030004700,왕십리로,1030080900,성수동1가 685-235,127.0438119803910837_37.5405714958717525,1030010203,서울숲입구교차로,127.0441621562491576_37.5418224578429118,142.0,19.0,서행,127.0441621562491576_37.5418224578429118|127.0440725821409558_37.5415338454959340|127.0438641961902988_37.5408624063888681|127.0438595359219391_37.5408415890386138|127.0438248603938689_37.5406866935925194|127.0438119803910837_37.5405714958717525
2026-09-04T06:42:24.849833+09:00,서울숲공원,서울숲공원,POI101,KEY_1,1030004802,왕십리로,1030128800,성수동1가 685-235,127.0439932105147278_37.5408226145050463,1030008601,뚝도아리수정수센터,127.0439063438414848_37.5401962621521079,70.0,13.0,정체,127.0439063438414848_37.5401962621521079|127.0439472262407605_37.5405619077732950|127.0439595786689608_37.5406723851967925|127.0439932105147278_37.5408226145050463
2026-09-04T06:42:24.849833+09:00,서울숲공원,서울숲공원,POI101,KEY_1,1030004901,뚝섬로,1030009204,성수동1가656-277,127.0457205785411929_37.5413201683959912,1030010202,서울숲입구교차로,127.0442908325642293_37.5417863962982779,137.0,26.0,원활,127.0442908325642293_37.5417863962982779|127.0457170505857789_37.5413212981805557|127.0457205785411929_37.5413201683959912
2026-09-04T06:42:24.849833+09:00,서울숲공원,서울숲공원,POI101,KEY_1,1030005002,뚝섬로,1030010201,서울숲입구교차로,127.0443227134553865_37.5418928353680030,1030009205,성수동1가656-277,127.0457712426725436_37.5414204802605198,138.0,6.0,정체,127.0457712426725436_37.5414204802605198|127.0457681139552193_37.5414214821839067|127.0443227134553865_37.5418928353680030
2026-09-04T06:42:24.849833+09:00,서울숲공원,서울숲공원,POI101,KEY_1,1030005101,강변북로,1030008900,성수대교(북측),127.0366204592998116_37.5407494361191212,1030007300,성수동1가701-1,127.0389959168127234_37.5393979946672758,259.0,70.3,원활,127.0389959168127234_37.5393979946672758|127.0380812312561005_37.5399037731009955|127.0374764356561315_37.5403592941123279|127.0371608666084597_37.5405369205504513|127.0368725612304388_37.5406645708815390|127.0366204592998116_37.5407494361191212
2026-09-04T06:42:24.849833+09:00,서울숲공원,서울숲공원,POI101,KEY_1,1030005200,강변북로,1030009800,성수대교(북측),127.0339243946623640_37.5414459285932267,1030008900,성수대교(북측),127.0366204592998116_37.5407494361191212,250.0,73.0,원활,127.0366204592998116_37.5407494361191212|127.0339243946623640_37.5414459285932267
2026-09-04T06:42:24.849833+09:00,서울숲공원,서울숲공원,POI101,KEY_1,1030006301,고산자로,1030000502,성수대교북측(북측),127.0354766600117671_37.5405116623693331,1030011900,성수대교,127.0360005462618460_37.5434631051802086,331.0,43.0,원활,127.0360005462618460_37.5434631051802086|127.0356397284671885_37.5414859989735703|127.0354766600117671_37.5405116623693331
2026-09-04T06:42:24.849833+09:00,서울숲공원,서울숲공원,POI101,KEY_1,1030006302,고산자로,1030011900,성수대교,127.0360005462618460_37.5434631051802086,1030012303,성수대교북단교차로,127.0360826391629558_37.5439129163279333,50.0,44.0,원활,127.0360826391629558_37.5439129163279333|127.0360005462618460_37.5434631051802086
2026-09-04T06:42:24.849833+09:00,서울숲공원,서울숲공원,POI101,KEY_1,1030006303,고산자로,1030012304,성수대교북단교차로,127.0361107182000069_37.5440214432186963,1030012900,성수대교,127.0363032638533412_37.5446862650665025,76.0,7.0,정체,127.0363032638533412_37.5446862650665025|127.0362387402871747_37.5444355836425174|127.0361107182000069_37.5440214432186963
2026-09-04T06:42:24.849833+09:00,서울숲공원,서울숲공원,POI101,KEY_1,1030006401,고산자로,1030011800,성수대교,127.0361349219139697_37.5434475561346019,1030000501,성수대교북측(북측),127.0356112502638837_37.5404973798243304,331.0,31.0,원활,127.0356112502638837_37.5404973798243304|127.0357742152324789_37.5414710828022180|127.0361349219139697_37.5434475561346019
2026-09-04T06:42:24.849833+09:00,서울숲공원,서울숲공원,POI101,KEY_1,1030006402,고산자로,1030012302,성수대교북단교차로,127.0362119535135861_37.5438696362694699,1030011800,성수대교,127.0361349219139697_37.5434475561346019,47.0,21.0,서행,127.0361349219139697_37.5434475561346019|127.0362119535135861_37.5438696362694699
2026-09-04T06:42:24.849833+09:00,서울숲공원,서울숲공원,POI101,KEY_1,1030006403,고산자로,1030012800,성수대교,127.0364370496948396_37.5446681209833670,1030012301,성수대교북단교차로,127.0362371882276165_37.5439781927615286,79.0,33.0,원활,127.0362371882276165_37.5439781927615286|127.0363712284441391_37.5444117997759790|127.0364370496948396_37.5446681209833670
2026-09-04T06:42:24.849833+09:00,서울숲공원,서울숲공원,POI101,KEY_1,1030007301,왕십리로,1030140700,성수동1가 656-924,127.0446136093396774_37.5433513872624047,1030014103,서울숲역4번출구,127.0448437340704970_37.5450473472375776,191.0,37.0,원활,127.0448437340704970_37.5450473472375776|127.0448761766708117_37.5448861908370617|127.0448854061282731_37.5447527583577454|127.0448876560694202_37.5446344887410604|127.0448869911702872_37.5446282772486981|127.0448761719551953_37.5445272039189746|127.0448509665354777_37.5444162085853108|127.0447937498153124_37.5442608259489319|127.0447494222051290_37.5441004009097696|127.0447271040391684_37.5439661327797438|127.0446626140563637_37.5435781523824801|127.0446453492180865_37.5434904437053589|127.0446270842971757_37.5433976541887731|127.0446136093396774_37.5433513872624047
2026-09-04T06:42:24.849833+09:00,서울숲공원,서울숲공원,POI101,KEY_1,1030007401,왕십리로,1030108300,성수동1가 656-924,127.0445405976371944_37.5426578631228907,1030010201,서울숲입구교차로,127.0443227134553865_37.5418928353680030,87.0,19.0,서행,127.0443227134553865_37.5418928353680030|127.0445405976371944_37.5426578631228907
2026-09-04T06:42:24.849833+09:00,서울숲공원,서울숲공원,POI101,KEY_1,1030007702,광나루로,1030013800,용비교앞,127.0333325548071599_37.5450050369533841,1030015000,성수동1가685-366,127.0347281610465444_37.5457320230783580,149.0,38.0,원활,127.0347281610465444_37.5457320230783580|127.0345634495914453_37.5456389612574384|127.0339308281616155_37.5452976975982509|127.0338163721421125_37.5452323683480316|127.0337417705139984_37.5451771052804588|127.0335982894965667_37.5450806500806493|127.0334629512231004_37.5450262429314208|127.0333325548071599_37.5450050369533841
2026-09-04T06:42:24.849833+09:00,서울숲공원,서울숲공원,POI101,KEY_1,1030007803,광나루로,1030015700,응봉교앞,127.0362287011718365_37.5468934194515498,1030013200,뚝섬역앞,127.0340021665685128_37.5447699627491218,335.0,17.0,서행,127.0340021665685128_37.5447699627491218|127.0339119478859402_37.5448533482408919|127.0338390853927564_37.5449373945285672|127.0338227918287686_37.5450024693594102|127.0338138824460401_37.5450640218691802|127.0338381578220464_37.5451008315442252|127.0339025242840307_37.5451485128795497|127.0340084810208623_37.5452089899118064|127.0346408315383542_37.5455501072778191|127.0348067426888434_37.5456438452889145|127.0350260021663757_37.5457746884153849|127.0356313917589119_37.5462775440664771|127.0361171498495167_37.5467784023693270|127.0362287011718365_37.5468934194515498
2026-09-04T06:42:24.849833+09:00,서울숲공원,서울숲공원,POI101,KEY_1,1030007903,뚝섬로,1030153700,최소노드배치점,127.0298541325279302_37.5461734938040195,1030013800,용비교앞,127.0333325548071599_37.5450050369533841,334.0,32.0,원활,127.0333325548071599_37.5450050369533841|127.0320878634865949_37.5454301821306089|127.0301483584728004_37.5461118314372300|127.0298548174119588_37.5461734181233169|127.0298541325279302_37.5461734938040195
2026-09-04T06:42:24.849833+09:00,서울숲공원,서울숲공원,POI101,KEY_1,1030007904,뚝섬로,1030013800,용비교앞,127.0333325548071599_37.5450050369533841,1030013401,서울숲입구,127.0336259699339791_37.5449020311093804,28.0,34.0,원활,127.0336259699339791_37.5449020311093804|127.0333325548071599_37.5450050369533841
2026-09-04T06:42:24.849833+09:00,서울숲공원,서울숲공원,POI101,KEY_1,1030008004,뚝섬로,1030013402,서울숲입구,127.0335712621943571_37.5448039853446431,1030014600,강변북로분기점,127.0320336805205699_37.5453310445884938,148.0,23.0,서행,127.0320336805205699_37.5453310445884938|127.0335605592246537_37.5448077968026155|127.0335712621943571_37.5448039853446431
2026-09-04T06:42:24.849833+09:00,서울숲공원,서울숲공원,POI101,KEY_1,1030008201,고산자로,1030015200,응봉지하차도,127.0366128449075376_37.5457210264910088,1030012800,성수대교,127.0364370496948396_37.5446681209833670,118.0,54.0,원활,127.0364370496948396_37.5446681209833670|127.0366128449075376_37.5457210264910088
2026-09-04T06:42:24.849833+09:00,서울숲공원,서울숲공원,POI101,KEY_1,1030008202,고산자로,1030015902,응봉교앞교차로,127.0366620598710057_37.5470907469341526,1030015200,응봉지하차도,127.0366128449075376_37.5457210264910088,155.0,32.0,원활,127.0366128449075376_37.5457210264910088|127.0367779996532391_37.5467407889137164|127.0367656344953389_37.5469133007197087|127.0367066612591316_37.5470409050150522|127.0366620598710057_37.5470907469341526
2026-09-04T06:42:24.849833+09:00,서울숲공원,서울숲공원,POI101,KEY_1,1030009300,서울숲길,1030076300,성수동1가 676-8,127.0399213370954214_37.5479548333834785,1030018200,응봉지하차도,127.0374624651740305_37.5484417432670767,239.0,32.0,원활,127.0374624651740305_37.5484417432670767|127.0376197668948919_37.5485990148293283|127.0377691938879821_37.5486030666717809|127.0379335176127427_37.5485712655074408|127.0381567590147682_37.5484853004769974|127.0383340384476725_37.5484272268524180|127.0392064844063640_37.5481559010921799|127.0393057439895301_37.5481250313893327|127.0399213370954214_37.5479548333834785
2026-09-04T06:42:24.849833+09:00,서울숲공원,서울숲공원,POI101,KEY_1,1030009502,광나루로,1030015901,응봉교앞교차로,127.0366152887005171_37.5472219483610559,1030003300,성수동1가685-682,127.0377144991523579_37.5489181795884193,214.0,11.0,정체,127.0377144991523579_37.5489181795884193|127.0375766079558133_37.5487776911937914|127.0374329612102429_37.5486111232519235|127.0373464606487204_37.5484979491716757|127.0372495867620586_37.5483712020506317|127.0370899670532054_37.5481557307054956|127.0369658436303979_37.5479582707073689|127.0368520299556110_37.5478161520716753|127.0366852607440364_37.5473419561078501|127.0366152887005171_37.5472219483610559
2026-09-04T06:42:24.849833+09:00,서울숲공원,서울숲공원,POI101,KEY_1,1030009601,광나루로,1030016401,응봉교교차로,127.0369747496989561_37.5477727654258828,1030015902,응봉교앞교차로,127.0366620598710057_37.5470907469341526,81.0,42.0,원활,127.0366620598710057_37.5470907469341526|127.0367310816394308_37.5471637738456607|127.0368132004219177_37.5473046122355285|127.0369747496989561_37.5477727654258828
2026-09-04T06:42:24.849833+09:00,서울숲공원,서울숲공원,POI101,KEY_1,1030009602,광나루로,1030018200,응봉지하차도,127.0374624651740305_37.5484417432670767,1030016401,응봉교교차로,127.0369747496989561_37.5477727654258828,86.0,53.3,원활,127.0369747496989561_37.5477727654258828|127.0370841269440092_37.5479048674630818|127.0372093083618381_37.5481040100708015|127.0373660769487429_37.5483156321913540|127.0374624651740305_37.5484417432670767
2026-09-04T06:42:24.849833+09:00,서울숲공원,서울숲공원,POI101,KEY_1,1030009603,광나루로,1030018600,응봉지하차도,127.0379861625013405_37.5489978732287639,1030018200,응봉지하차도,127.0374624651740305_37.5484417432670767,77.0,20.0,서행,127.0374624651740305_37.5484417432670767|127.0375470226948380_37.5485523752630357|127.0376861857009629_37.5487137421328967|127.0378185869667504_37.5488488351778074|127.0379861625013405_37.5489978732287639
2026-09-04T06:42:24.849833+09:00,서울숲공원,서울숲공원,POI101,KEY_1,1030011501,광나루로,1030174400,최소노드배치점,127.0398169960489128_37.5505495317001561,1030020300,성수동1가672-3,127.0424916727474027_37.5515155229991748,260.0,58.0,원활,127.0424916727474027_37.5515155229991748|127.0423272436774056_37.5514771040283861|127.0419434266120362_37.5513458747840048|127.0406151306876978_37.5508917096208847|127.0405116801708232_37.5508515661850097|127.0401146984400640_37.5506975182419964|127.0398336311208141_37.5505594903515316|127.0398169960489128_37.5505495317001561
2026-09-04T06:42:24.849833+09:00,서울숲공원,서울숲공원,POI101,KEY_1,1030011600,광나루로,1030092500,성수동1가 685-682,127.0383955604428934_37.5493625191709341,1030018600,응봉지하차도,127.0379861625013405_37.5489978732287639,54.0,38.0,원활,127.0379861625013405_37.5489978732287639|127.0382859447694699_37.5492644909027860|127.0383955604428934_37.5493625191709341
2026-09-04T06:42:24.849833+09:00,서울숲공원,서울숲공원,POI101,KEY_1,1030022500,강변북로,1030006500,강변동양아파트,127.0457199441466400_37.5371614419992170,1030008200,성수동1가689-15,127.0386116957061802_37.5399100186691754,732.0,49.7,서행,127.0386116957061802_37.5399100186691754|127.0388094671413626_37.5398929051167940|127.0389980988206418_37.5399007961000279|127.0391732543634902_37.5399086344900752|127.0393260579287897_37.5398984988097268|127.0394565554318120_37.5398632351905448|127.0396188712205685_37.5397672820113897|127.0397092230287228_37.5396853579724663|127.0398132934763566_37.5395641366282575|127.0402208488266780_37.5390362908951474|127.0404468884075158_37.5388046494535104|127.0412228387984328_37.5382710782329667|127.0415022100986846_37.5381326507174720|127.0418939270202827_37.5379875036210677|127.0424249449393841_37.5378357405717580|127.0429738849922785_37.5376911991380950|127.0434372105982987_37.5375892508277289|127.0439229523194200_37.5374945418114123|127.0443443046295755_37.5373995828899609|127.0447580464581847_37.5373248636183803|127.0457199441466400_37.5371614419992170
2026-09-04T06:42:24.849833+09:00,서울숲공원,서울숲공원,POI101,KEY_1,1030023000,강변북로,1030008700,성수동1가685-717,127.0387034330841232_37.5403324927363400,1030007000,한강공원이촌지구입구,127.0411526317783455_37.5386310153525642,296.0,50.7,원활,127.0411526317783455_37.5386310153525642|127.0407533818060841_37.5388833491545242|127.0405051750272207_37.5390672079383378|127.0403168625084618_37.5392512998438548|127.0401282578067139_37.5394830868806224|127.0399244787430320_37.5397470102002941|127.0397481798608510_37.5399251856554201|127.0395181272781286_37.5400781102996177|127.0392477741095405_37.5402094139839022|127.0390542301361450_37.5402694721315768|127.0388742738886378_37.5403116965031529|127.0387034330841232_37.5403324927363400
2026-09-04T06:42:24.849833+09:00,서울숲공원,서울숲공원,POI101,KEY_1,1030023100,강변북로,1030007400,민들레,127.0411070650829117_37.5384294612663183,1030007800,성수대교(북측),127.0368534360828363_37.5396408057627795,400.0,65.0,원활,127.0368534360828363_37.5396408057627795|127.0371121663615810_37.5395732560513053|127.0376707307637503_37.5394502404493267|127.0379819235674006_37.5393739513036451|127.0383382043887082_37.5392710086407959|127.0391560042913142_37.5389969660262821|127.0399475014373252_37.5387377201589345|127.0404688029044422_37.5385847357400735|127.0411070650829117_37.5384294612663183
2026-09-04T06:42:24.849833+09:00,서울숲공원,서울숲공원,POI101,KEY_1,1030023200,강변북로,1030007800,성수대교(북측),127.0368534360828363_37.5396408057627795,1030007600,성수대교북측(남측),127.0353856054661748_37.5391491203814596,172.0,48.5,서행,127.0353856054661748_37.5391491203814596|127.0354519301494349_37.5392596892391666|127.0355294539751867_37.5394358763245677|127.0356147237740174_37.5395703582316855|127.0356778466900352_37.5396540754166210|127.0357710106925424_37.5397230061694600|127.0358755720474022_37.5397651511611272|127.0359727566045080_37.5397893819223896|127.0360513720212055_37.5397896904171802|127.0361712028036294_37.5397841991194525|127.0363398484315809_37.5397550513494167|127.0368534360828363_37.5396408057627795
2026-09-04T06:42:24.849833+09:00,서울숲공원,서울숲공원,POI101,KEY_1,1030023800,언주로,1030000501,성수대교북측(북측),127.0356112502638837_37.5404973798243304,1030007600,성수대교북측(남측),127.0353856054661748_37.5391491203814596,151.0,23.0,서행,127.0353856054661748_37.5391491203814596|127.0356112502638837_37.5404973798243304
2026-09-04T06:42:24.849833+09:00,서울숲공원,서울숲공원,POI101,KEY_1,1030023900,언주로,1030007700,성수대교북측(남측),127.0352537450373660_37.5391797046238054,1030000502,성수대교북측(북측),127.0354766600117671_37.5405116623693331,149.0,41.0,원활,127.0354766600117671_37.5405116623693331|127.0352537450373660_37.5391797046238054
2026-09-04T06:42:24.849833+09:00,서울숲공원,서울숲공원,POI101,KEY_1,1030024400,강변북로,1030008200,성수동1가689-15,127.0386116957061802_37.5399100186691754,1030008700,성수동1가685-717,127.0387034330841232_37.5403324927363400,70.0,30.0,서행,127.0387034330841232_37.5403324927363400|127.0385419074224984_37.5402996662770363|127.0384613765454702_37.5402456929054082|127.0384258357114931_37.5401811631481621|127.0384038369325168_37.5401059548299685|127.0384311435581708_37.5400488261539849|127.0384719932345803_37.5399810180122273|127.0385216066115106_37.5399490163397971|127.0386116957061802_37.5399100186691754
2026-09-04T06:42:24.849833+09:00,서울숲공원,서울숲공원,POI101,KEY_1,1030024600,강변북로,1030007700,성수대교북측(남측),127.0352537450373660_37.5391797046238054,1030009100,성수대교(북측),127.0337769617486003_37.5407132030334907,232.0,21.0,정체,127.0337769617486003_37.5407132030334907|127.0339391981025443_37.5406315664747012|127.0345833361038927_37.5403550816663412|127.0347591365769091_37.5402591888875037|127.0348945951880637_37.5401488278030868|127.0350121281835385_37.5400312413527359|127.0351029072210878_37.5398813537806788|127.0351441154042362_37.5397563124581737|127.0351901036656983_37.5395847853010736|127.0352046463879958_37.5394131341517507|127.0352537450373660_37.5391797046238054
2026-09-04T06:42:24.849833+09:00,서울숲공원,서울숲공원,POI101,KEY_1,1030024900,강변북로,1030009800,성수대교(북측),127.0339243946623640_37.5414459285932267,1030007800,성수대교(북측),127.0368534360828363_37.5396408057627795,443.0,52.7,원활,127.0368534360828363_37.5396408057627795|127.0370181494945712_37.5396420480801467|127.0371527636470574_37.5396676167305898|127.0372737895883120_37.5397110176042972|127.0373676853027973_37.5397829309775091|127.0374390099259898_37.5398726416778246|127.0374656095860360_37.5399299818899905|127.0374784683138927_37.5400301951343636|127.0374688644552776_37.5401303208999835|127.0374323740247178_37.5402196089517304|127.0373689946792553_37.5402980601669327|127.0373057713197937_37.5403514716095259|127.0372291364230506_37.5403940977729462|127.0369949821833870_37.5404826117086117|127.0368329266345881_37.5405356348524464|127.0348571263850914_37.5411181147050996|127.0339243946623640_37.5414459285932267
2026-09-04T06:42:24.849833+09:00,서울숲공원,서울숲공원,POI101,KEY_1,1030025400,강변북로,1030009100,성수대교(북측),127.0337769617486003_37.5407132030334907,1030011200,동부간선도로입구,127.0297847949010190_37.5425055540992219,406.0,70.7,원활,127.0297847949010190_37.5425055540992219|127.0301014443444387_37.5423983044091045|127.0316013885051376_37.5417710906772442|127.0322590225374171_37.5414946717477847|127.0325159372563633_37.5413597540577584|127.0329488123294794_37.5411039051045989|127.0332779588102170_37.5409120349971985|127.0335527716549109_37.5407879165858489|127.0337769617486003_37.5407132030334907
2026-09-04T06:42:24.849833+09:00,서울숲공원,서울숲공원,POI101,KEY_1,1030025800,강변북로,1030010300,옥수동492,127.0318062526681047_37.5420723308692246,1030009800,성수대교(북측),127.0339243946623640_37.5414459285932267,200.0,69.0,원활,127.0339243946623640_37.5414459285932267|127.0325861881406126_37.5418365221240293|127.0318062526681047_37.5420723308692246
2026-09-04T06:42:24.849833+09:00,서울숲공원,서울숲공원,POI101,KEY_1,1030026500,뚝섬로,1030010901,서울숲관리사무소,127.0422149021619873_37.5423764621375895,1030010204,서울숲입구교차로,127.0441934353593894_37.5419277837611602,182.0,38.0,원활,127.0441934353593894_37.5419277837611602|127.0422149021619873_37.5423764621375895
2026-09-04T06:42:24.849833+09:00,서울숲공원,서울숲공원,POI101,KEY_1,1030028000,고산자로,1030011900,성수대교,127.0360005462618460_37.5434631051802086,1030012400,뚝섬역앞,127.0351598907825377_37.5442382170389379,125.0,24.0,서행,127.0351598907825377_37.5442382170389379|127.0357216302386547_37.5440210860030703|127.0358269236664057_37.5439489651457876|127.0358969414481436_37.5438645535781532|127.0359471986930373_37.5437801488859435|127.0359812860939428_37.5436914567381876|127.0360005462618460_37.5434631051802086
2026-09-04T06:42:24.849833+09:00,서울숲공원,서울숲공원,POI101,KEY_1,1030026600,강변북로,1030008200,성수동1가689-15,127.0386116957061802_37.5399100186691754,1030012400,뚝섬역앞,127.0351598907825377_37.5442382170389379,705.0,48.7,서행,127.0351598907825377_37.5442382170389379|127.0354068962458172_37.5441060684462187|127.0355674450624122_37.5439976137586413|127.0356577622891763_37.5439228468216513|127.0357242893047811_37.5438335331714370|127.0357486109102041_37.5437622279278287|127.0357679800487318_37.5436680730317818|127.0357632413711571_37.5435762680332843|127.0357323270163477_37.5434902923140541|127.0350720288963942_37.5420245991552690|127.0350366668427000_37.5419314516935074|127.0350057086922106_37.5418526306111957|127.0349972125870295_37.5417738974697954|127.0349978124110635_37.5416773137281155|127.0350299037809663_37.5415737000574268|127.0350934191691721_37.5414737873586901|127.0351612929096063_37.5413953549625887|127.0352650617556947_37.5413242180194970|127.0353776822518057_37.5412745797914127|127.0355127644148183_37.5412250302087003|127.0369487294088202_37.5407620496736740|127.0371784364439236_37.5406663643740757|127.0373902612695645_37.5405562998266404|127.0376021513677642_37.5404355030668313|127.0377555536119729_37.5403287865443716|127.0379134244137020_37.5402256633759421|127.0380354020996378_37.5401152462535208|127.0381436804458559_37.5400405472650220|127.0383058228510720_37.5399732135098958|127.0384363198342470_37.5399379510186222|127.0386116957061802_37.5399100186691754
2026-09-04T06:42:24.849833+09:00,서울숲공원,서울숲공원,POI101,KEY_1,1030026700,강변북로,1030013401,서울숲입구,127.0336259699339791_37.5449020311093804,1030008700,성수동1가685-717,127.0387034330841232_37.5403324927363400,845.0,47.7,서행,127.0387034330841232_37.5403324927363400|127.0385371511629842_37.5403425752467825|127.0383978666933160_37.5403456074334514|127.0382316516383412_37.5403449576821160|127.0381148287079043_37.5403480786678330|127.0379889118636783_37.5403690494698381|127.0378718901825152_37.5404043639064326|127.0376601982701743_37.5404929665598743|127.0373762310509278_37.5406456762469176|127.0370879036319849_37.5407769040777453|127.0362952125058484_37.5411029014549058|127.0354844785458965_37.5414395541404957|127.0353673215752082_37.5414963288448078|127.0352725369027098_37.5415675010344856|127.0352046178310417_37.5416530874434429|127.0351591164095453_37.5417459165832241|127.0351405248829764_37.5418460069646898|127.0351354551451237_37.5419389952436759|127.0351751538081260_37.5420572008873492|127.0358001798617806_37.5434154374524383|127.0358353439824128_37.5435407792331688|127.0358480445403444_37.5436660323164375|127.0358326844142454_37.5437716016713736|127.0358155281628427_37.5438434318438041|127.0357804123959227_37.5439402458612719|127.0357588038870915_37.5440155390118946|127.0357240209459917_37.5441034969866152|127.0356607451534785_37.5441938214730655|127.0355930812456791_37.5442489605209389|127.0354925813227567_37.5443013739697307|127.0352297106497588_37.5443971397144693|127.0348467896735940_37.5445356792611875|127.0337727652631230_37.5449105304015731|127.0336259699339791_37.5449020311093804
2026-09-04T06:42:24.849833+09:00,서울숲공원,서울숲공원,POI101,KEY_1,1030026800,뚝섬로,1030010203,서울숲입구교차로,127.0441621562491576_37.5418224578429118,1030011002,무지개터널(동측),127.0413473196034317_37.5424602796447218,259.0,36.0,원활,127.0413473196034317_37.5424602796447218|127.0420470149079648_37.5423020740521096|127.0421777116470992_37.5422724767808944|127.0441621562491576_37.5418224578429118
2026-09-04T06:42:24.849833+09:00,서울숲공원,서울숲공원,POI101,KEY_1,1030026900,뚝섬로,1030011001,무지개터널(동측),127.0413856137363098_37.5425640055429071,1030010904,서울숲관리사무소,127.0420841060007007_37.5424060811278437,64.0,35.0,원활,127.0420841060007007_37.5424060811278437|127.0413856137363098_37.5425640055429071
2026-09-04T06:42:24.849833+09:00,서울숲공원,서울숲공원,POI101,KEY_1,1030027000,동부간선도로,1030012000,성수JC,127.0314731932145378_37.5440534747483454,1030009800,성수대교(북측),127.0339243946623640_37.5414459285932267,486.0,61.0,원활,127.0339243946623640_37.5414459285932267|127.0334660672718314_37.5416308850519584|127.0311611799832292_37.5425040231097924|127.0309995450869707_37.5425851177727168|127.0308738370767827_37.5426709718164062|127.0307840622352700_37.5427711188299682|127.0307062751404032_37.5428998693921869|127.0306763922770017_37.5430381436443739|127.0306704646842491_37.5431859469438933|127.0307184282822703_37.5433337362326114|127.0308143019321960_37.5435005844608796|127.0309640663317907_37.5436674175867111|127.0314731932145378_37.5440534747483454
2026-09-04T06:42:24.849833+09:00,서울숲공원,서울숲공원,POI101,KEY_1,1030027100,뚝섬로,1030011002,무지개터널(동측),127.0413473196034317_37.5424602796447218,1030011502,무지개터널(서측),127.0382618561309727_37.5432843303280137,288.0,36.0,원활,127.0382618561309727_37.5432843303280137|127.0401723923043704_37.5427447280211126|127.0413473196034317_37.5424602796447218
2026-09-04T06:42:24.849833+09:00,서울숲공원,서울숲공원,POI101,KEY_1,1030027200,뚝섬로,1030011501,무지개터널(서측),127.0383065031408876_37.5433864362319696,1030011001,무지개터널(동측),127.0413856137363098_37.5425640055429071,287.0,35.0,원활,127.0413856137363098_37.5425640055429071|127.0402148599190326_37.5428474536407961|127.0383065031408876_37.5433864362319696
2026-09-04T06:42:24.849833+09:00,서울숲공원,서울숲공원,POI101,KEY_1,1030027700,뚝섬로,1030011502,무지개터널(서측),127.0382618561309727_37.5432843303280137,1030012100,성수대교,127.0367153495430301_37.5437064666827922,144.0,36.0,원활,127.0367153495430301_37.5437064666827922|127.0367423091030759_37.5436977285142177|127.0382618561309727_37.5432843303280137
2026-09-04T06:42:24.849833+09:00,서울숲공원,서울숲공원,POI101,KEY_1,1030027800,뚝섬로,1030012200,성수대교,127.0367665461850777_37.5438066076472126,1030011501,무지개터널(서측),127.0383065031408876_37.5433864362319696,144.0,35.0,원활,127.0383065031408876_37.5433864362319696|127.0367898966813982_37.5437990382867781|127.0367665461850777_37.5438066076472126
2026-09-04T06:42:24.849833+09:00,서울숲공원,서울숲공원,POI101,KEY_1,1030027900,뚝섬로,1030012100,성수대교,127.0367153495430301_37.5437064666827922,1030011800,성수대교,127.0361349219139697_37.5434475561346019,73.0,32.0,원활,127.0361349219139697_37.5434475561346019|127.0362399483803699_37.5436656315811135|127.0363100343637797_37.5437256841859224|127.0363675331386162_37.5437557040092429|127.0364268175616616_37.5437671284283141|127.0364914867285364_37.5437685392485392|127.0367153495430301_37.5437064666827922
2026-09-04T06:42:24.849833+09:00,서울숲공원,서울숲공원,POI101,KEY_1,1030028100,뚝섬로,1030012100,성수대교,127.0367153495430301_37.5437064666827922,1030012302,성수대교북단교차로,127.0362119535135861_37.5438696362694699,48.0,36.0,원활,127.0362119535135861_37.5438696362694699|127.0367153495430301_37.5437064666827922
2026-09-04T06:42:24.849833+09:00,서울숲공원,서울숲공원,POI101,KEY_1,1030028200,뚝섬로,1030012301,성수대교북단교차로,127.0362371882276165_37.5439781927615286,1030012200,성수대교,127.0367665461850777_37.5438066076472126,51.0,35.0,원활,127.0367665461850777_37.5438066076472126|127.0362371882276165_37.5439781927615286
2026-09-04T06:42:24.849833+09:00,서울숲공원,서울숲공원,POI101,KEY_1,1030028600,강변북로,1030011700,성수JC,127.0277034763174839_37.5435314558420359,1030036600,성수JC,127.0323619427774275_37.5449326440640903,484.0,62.0,원활,127.0323619427774275_37.5449326440640903|127.0311949792518220_37.5441285919077359|127.0304674227492541_37.5436105774788729|127.0301690887583277_37.5434233741345693|127.0299481177394938_37.5433175620449404|127.0297448471371666_37.5432547470848448|127.0295174374858931_37.5432204535432916|127.0292298587921209_37.5432288467092619|127.0289780092224845_37.5432707692171306|127.0286119287075337_37.5433790108575920|127.0282280286061933_37.5434633313840465|127.0279282574757644_37.5435050603725173|127.0277034763174839_37.5435314558420359
2026-09-04T06:42:24.849833+09:00,서울숲공원,서울숲공원,POI101,KEY_1,1030028700,뚝섬로,1030012303,성수대교북단교차로,127.0360826391629558_37.5439129163279333,1030012400,뚝섬역앞,127.0351598907825377_37.5442382170389379,89.0,13.0,정체,127.0351598907825377_37.5442382170389379|127.0360826391629558_37.5439129163279333
2026-09-04T06:42:24.849833+09:00,서울숲공원,서울숲공원,POI101,KEY_1,1030028800,뚝섬로,1030012700,성수대교,127.0355058723116031_37.5442361646540377,1030012304,성수대교북단교차로,127.0361107182000069_37.5440214432186963,59.0,35.0,원활,127.0361107182000069_37.5440214432186963|127.0355058723116031_37.5442361646540377
2026-09-04T06:42:24.849833+09:00,서울숲공원,서울숲공원,POI101,KEY_1,1030028900,고산자로,1030012800,성수대교,127.0364370496948396_37.5446681209833670,1030012200,성수대교,127.0367665461850777_37.5438066076472126,108.0,32.7,원활,127.0367665461850777_37.5438066076472126|127.0365185217943775_37.5439516139629532|127.0364718466361467_37.5440131333070539|127.0364485303973794_37.5440889478878148|127.0364701751367278_37.5442705943811035|127.0364702301823172_37.5443835913891988|127.0364370496948396_37.5446681209833670
2026-09-04T06:42:24.849833+09:00,서울숲공원,서울숲공원,POI101,KEY_1,1030029100,뚝섬로,1030012700,성수대교,127.0355058723116031_37.5442361646540377,1030012900,성수대교,127.0363032638533412_37.5446862650665025,96.0,27.0,원활,127.0363032638533412_37.5446862650665025|127.0360858026865287_37.5443708360154389|127.0360067334721066_37.5443122168106527|127.0359348598702240_37.5442721892855644|127.0358665879682007_37.5442507545453665|127.0357731684678839_37.5442321889604642|127.0355058723116031_37.5442361646540377
2026-09-04T06:42:24.849833+09:00,서울숲공원,서울숲공원,POI101,KEY_1,1030029200,뚝섬로,1030012400,뚝섬역앞,127.0351598907825377_37.5442382170389379,1030013402,서울숲입구,127.0335712621943571_37.5448039853446431,154.0,16.0,서행,127.0335712621943571_37.5448039853446431|127.0351598907825377_37.5442382170389379
2026-09-04T06:42:24.849833+09:00,서울숲공원,서울숲공원,POI101,KEY_1,1030029300,뚝섬로,1030013200,뚝섬역앞,127.0340021665685128_37.5447699627491218,1030012700,성수대교,127.0355058723116031_37.5442361646540377,145.0,45.0,원활,127.0355058723116031_37.5442361646540377|127.0340021665685128_37.5447699627491218
2026-09-04T06:42:24.849833+09:00,서울숲공원,서울숲공원,POI101,KEY_1,1030029400,왕십리로,1030088000,성수동1가 685-703,127.0428329815148061_37.5438084633640159,1030010901,서울숲관리사무소,127.0422149021619873_37.5423764621375895,168.0,17.5,서행,127.0422149021619873_37.5423764621375895|127.0424002084268693_37.5428057963129760|127.0428329815148061_37.5438084633640159
2026-09-04T06:42:24.849833+09:00,서울숲공원,서울숲공원,POI101,KEY_1,1030029500,왕십리로,1030048000,성수동1가 685-703,127.0422717949817439_37.5428409373270853,1030014104,서울숲역4번출구,127.0448202932931565_37.5451684659811562,437.0,20.0,서행,127.0448202932931565_37.5451684659811562|127.0437337797184085_37.5454718229148128|127.0436132250108585_37.5454905344017718|127.0435214686951042_37.5454872471729715|127.0434239332012396_37.5454387588731251|127.0433527486151348_37.5453642534812673|127.0430275322895142_37.5445972039875997|127.0428995455311991_37.5442953320865698|127.0428019950379763_37.5440693275960413|127.0427045667538124_37.5438436047861117|127.0422717949817439_37.5428409373270853
2026-09-04T06:42:24.849833+09:00,서울숲공원,서울숲공원,POI101,KEY_1,1030029600,동부간선도로,1030014600,강변북로분기점,127.0320336805205699_37.5453310445884938,1030014900,성수동1가685-31,127.0343613336856379_37.5465066021287299,571.0,18.0,정체,127.0343613336856379_37.5465066021287299|127.0318255585729048_37.5446617188198246|127.0316912107762022_37.5445926221796640|127.0315418498018971_37.5445294282392652|127.0314110770727751_37.5444871746965418|127.0312875694041850_37.5444807220927714|127.0311226926525450_37.5445039159389822|127.0310025737252744_37.5445541169787873|127.0309085864134317_37.5446163457062099|127.0308294244458125_37.5447024812067696|127.0307689064878502_37.5448006149083895|127.0307534830975413_37.5448720987995159|127.0307565913073802_37.5449734667094219|127.0308009193484367_37.5450690358540484|127.0308528286035710_37.5451497302063615|127.0309309633900057_37.5452275470847212|127.0310353800474701_37.5452935449066558|127.0311324779692654_37.5453326839784367|127.0312708319260508_37.5453600630229474|127.0313980663339208_37.5453695113752985|127.0315478211685019_37.5453701048633306|127.0318025327893849_37.5453502478940848|127.0320336805205699_37.5453310445884938
2026-09-04T06:42:24.849833+09:00,서울숲공원,서울숲공원,POI101,KEY_1,1030029700,뚝섬로,1030013401,서울숲입구,127.0336259699339791_37.5449020311093804,1030013200,뚝섬역앞,127.0340021665685128_37.5447699627491218,36.0,46.0,원활,127.0340021665685128_37.5447699627491218|127.0336259699339791_37.5449020311093804
2026-09-04T06:42:24.849833+09:00,서울숲공원,서울숲공원,POI101,KEY_1,1030032500,광나루로,1030016401,응봉교교차로,127.0369747496989561_37.5477727654258828,1030015200,응봉지하차도,127.0366128449075376_37.5457210264910088,230.0,48.5,원활,127.0366128449075376_37.5457210264910088|127.0368276497498954_37.5470051724699232|127.0369026875021632_37.5473835928909807|127.0369664318891694_37.5476279220281128|127.0369747496989561_37.5477727654258828
2026-09-04T06:42:24.849833+09:00,서울숲공원,서울숲공원,POI101,KEY_1,1030032800,광나루로,1030015000,성수동1가685-366,127.0347281610465444_37.5457320230783580,1030003300,성수동1가685-682,127.0377144991523579_37.5489181795884193,444.0,56.0,원활,127.0377144991523579_37.5489181795884193|127.0376349663708169_37.5488792088440420|127.0375691685638202_37.5488429997423339|127.0374972819558081_37.5487896231078722|127.0369269252125122_37.5482272030721305|127.0362439495232394_37.5475618306844936|127.0361888294393822_37.5475027267513752|127.0361337032097850_37.5474283661806965|127.0355128987986006_37.5465131378379624|127.0354457826970389_37.5464082664061678|127.0353714847591817_37.5463110258443677|127.0352780284328986_37.5462195114021711|127.0349928768071521_37.5459602283603573|127.0348844288978540_37.5458661456903613|127.0347281610465444_37.5457320230783580
2026-09-04T06:42:24.849833+09:00,서울숲공원,서울숲공원,POI101,KEY_1,1030032900,동부간선도로,1030018800,뚝섬유수지체육공원,127.0382875770396396_37.5497896869035088,1030015200,응봉지하차도,127.0366128449075376_37.5457210264910088,483.0,65.3,원활,127.0366128449075376_37.5457210264910088|127.0367395874531695_37.5458139377940583|127.0369539997381594_37.5469993756130123|127.0370342949750864_37.5474726199264097|127.0370915689507143_37.5476591825833665|127.0372061177639154_37.5480049958211382|127.0373900159957685_37.5484437763583472|127.0374702337432922_37.5485840562428734|127.0378471820537527_37.5491260326457947|127.0382687480772859_37.5497553055001063|127.0382875770396396_37.5497896869035088
2026-09-04T06:42:24.849833+09:00,서울숲공원,서울숲공원,POI101,KEY_1,1030066501,강변북로,1030006801,수도박물관,127.0427151925593137_37.5381098869044223,1030042503,뚝도아리수정수센터,127.0437293162950709_37.5396718467509345,242.0,40.0,서행,127.0437293162950709_37.5396718467509345|127.0437158216782620_37.5394558739311748|127.0436997075802168_37.5391979763109163|127.0436816706408365_37.5389072203456848|127.0436712786202520_37.5387550768041294|127.0436602539318045_37.5384744878092533|127.0436159951614457_37.5383075668496176|127.0435936726297541_37.5382556522524453|127.0435557805520119_37.5382048047723771|127.0434880665350477_37.5381718693380719|127.0434174680179638_37.5381479359175430|127.0433467795864289_37.5381386491473776|127.0432448681980304_37.5381450151367630|127.0431330250412572_37.5381558491223046|127.0430240334894876_37.5381633140242101|127.0429108368762172_37.5381640030298840|127.0428358836345950_37.5381580791353997|127.0427751550125492_37.5381398171506078|127.0427151925593137_37.5381098869044223
2026-09-04T06:42:24.849833+09:00,서울숲공원,서울숲공원,POI101,KEY_1,1030066601,왕십리로,1030042502,뚝도아리수정수센터,127.0438509781158700_37.5396651007243065,1030042402,수도박물관,127.0437442315341769_37.5380444160904290,181.0,23.0,서행,127.0437442315341769_37.5380444160904290|127.0437837378023858_37.5381786455282338|127.0438033070933841_37.5384502537906712|127.0438255679363238_37.5387444058637882|127.0438406795499446_37.5390509240955197|127.0438714536466875_37.5394497548960047|127.0438734643708329_37.5394758136334019|127.0438509781158700_37.5396651007243065
2026-09-04T06:42:24.849833+09:00,서울숲공원,서울숲공원,POI101,KEY_1,1030066701,왕십리로,1030042402,수도박물관,127.0437442315341769_37.5380444160904290,1030042503,뚝도아리수정수센터,127.0437293162950709_37.5396718467509345,197.0,24.0,서행,127.0437293162950709_37.5396718467509345|127.0436584084536804_37.5394738561754551|127.0436074642709343_37.5387784903495216|127.0435799846575833_37.5384122096925594|127.0435110066697462_37.5381223833616389|127.0435196323790024_37.5380998831084298|127.0435650529448282_37.5380763980079877|127.0436769846834864_37.5380509169205467|127.0437279737801077_37.5380420997835174|127.0437442315341769_37.5380444160904290
2026-09-04T06:42:24.849833+09:00,서울숲공원,서울숲공원,POI101,KEY_1,1030066801,강변북로,1030042502,뚝도아리수정수센터,127.0438509781158700_37.5396651007243065,1030006601,성수동1가 496,127.0448610462769921_37.5375861963207313,287.0,27.0,정체,127.0448610462769921_37.5375861963207313|127.0443789849651353_37.5377832211987013|127.0439250586849766_37.5379741335692074|127.0438682035410096_37.5380167278659016|127.0438284220830241_37.5380436149692827|127.0437843076973081_37.5380851323055182|127.0437628038830411_37.5381312435571814|127.0437512306277341_37.5381728857687804|127.0437465393209919_37.5382461027841430|127.0437606481121833_37.5384850157771268|127.0438097661079979_37.5392479761743303|127.0438509781158700_37.5396651007243065
2026-09-04T06:42:24.849833+09:00,서울숲공원,서울숲공원,POI101,KEY_1,1030066901,왕십리로,1030042503,뚝도아리수정수센터,127.0437293162950709_37.5396718467509345,1030008603,뚝도아리수정수센터,127.0437630549361216_37.5401290126004596,51.0,41.5,원활,127.0437630549361216_37.5401290126004596|127.0437293162950709_37.5396718467509345
2026-09-04T06:42:24.849833+09:00,서울숲공원,서울숲공원,POI101,KEY_1,1030067001,왕십리로,1030008602,뚝도아리수정수센터,127.0438952129735242_37.5400817035135219,1030042502,뚝도아리수정수센터,127.0438509781158700_37.5396651007243065,46.0,20.0,서행,127.0438509781158700_37.5396651007243065|127.0438952129735242_37.5400817035135219
2026-09-04T06:42:24.849833+09:00,송현녹지광장,송현녹지광장,POI129,KEY_2,1000009102,우정국로,1000017300,안국동사거리,126.9828039229332575_37.5749851341707171,1000017904,안국동로터리,126.9829082928001753_37.5755454257557844,63.0,36.0,원활,126.9829082928001753_37.5755454257557844|126.9828499577781997_37.5754008805051001|126.9828163493672974_37.5752357359225755|126.9827996996409070_37.5750526973415191|126.9828039229332575_37.5749851341707171
2026-09-04T06:42:24.849833+09:00,송현녹지광장,송현녹지광장,POI129,KEY_2,1000010303,삼일대로,1000017003,속성변화점,126.9867672620100478_37.5750673701046694,1000021203,안국역사거리,126.9861392416785293_37.5767777393512361,198.0,22.0,서행,126.9861392416785293_37.5767777393512361|126.9867306429910911_37.5751700115634506|126.9867672620100478_37.5750673701046694
2026-09-04T06:42:24.849833+09:00,송현녹지광장,송현녹지광장,POI129,KEY_2,1000010403,삼일대로,1000021202,안국역사거리,126.9862597945630966_37.5768348176280966,1000017001,덕성여자대학교(종로캠퍼스),126.9868610139755560_37.5752003900895701,189.0,15.0,서행,126.9868610139755560_37.5752003900895701|126.9862597945630966_37.5768348176280966
2026-09-04T06:42:24.849833+09:00,송현녹지광장,송현녹지광장,POI129,KEY_2,1000011202,종로1길,1000019702,경복궁사거리,126.9794701198467664_37.5758080047390521,1000018200,경복궁,126.9792457576218681_37.5753789068622197,52.0,6.0,정체,126.9792457576218681_37.5753789068622197|126.9793010192322811_37.5754682222458030|126.9794701198467664_37.5758080047390521
2026-09-04T06:42:24.849833+09:00,송현녹지광장,송현녹지광장,POI129,KEY_2,1000011501,율곡로,1000019401,경복궁,126.9801381644492011_37.5758813627365100,1000019702,경복궁사거리,126.9794701198467664_37.5758080047390521,60.0,45.0,원활,126.9794701198467664_37.5758080047390521|126.9797343426333214_37.5758559422202438|126.9799729505737531_37.5758791430045278|126.9801381644492011_37.5758813627365100
2026-09-04T06:42:24.849833+09:00,송현녹지광장,송현녹지광장,POI129,KEY_2,1000011502,율곡로,1000019203,주한멕시코대사관,126.9811804454430160_37.5757381628755169,1000019401,경복궁,126.9801381644492011_37.5758813627365100,94.0,37.0,원활,126.9801381644492011_37.5758813627365100|126.9801458468412108_37.5758814661415386|126.9803274747907409_37.5758700232846223|126.9811804454430160_37.5757381628755169
2026-09-04T06:42:24.849833+09:00,송현녹지광장,송현녹지광장,POI129,KEY_2,1000011503,율곡로,1000018100,안국동사거리,126.9820370732549009_37.5756052331219763,1000019202,주한멕시코대사관,126.9813332527749594_37.5757145141333595,63.0,26.0,원활,126.9813332527749594_37.5757145141333595|126.9820370732549009_37.5756052331219763
2026-09-04T06:42:24.849833+09:00,송현녹지광장,송현녹지광장,POI129,KEY_2,1000011504,율곡로,1000017904,안국동로터리,126.9829082928001753_37.5755454257557844,1000018100,안국동사거리,126.9820370732549009_37.5756052331219763,78.0,26.0,원활,126.9820370732549009_37.5756052331219763|126.9821849025842226_37.5755822792614822|126.9823949596761850_37.5755556593554090|126.9825949987016998_37.5755409919947070|126.9827732334880466_37.5755410181384661|126.9829082928001753_37.5755454257557844
2026-09-04T06:42:24.849833+09:00,송현녹지광장,송현녹지광장,POI129,KEY_2,1000011601,율곡로,1000019701,경복궁사거리,126.9795067975766756_37.5759255521593971,1000020300,경복궁,126.9801205068413168_37.5759892604625989,55.0,9.0,정체,126.9801205068413168_37.5759892604625989|126.9799635415281358_37.5759871517272330|126.9797109494754608_37.5759625907229378|126.9795067975766756_37.5759255521593971
2026-09-04T06:42:24.849833+09:00,송현녹지광장,송현녹지광장,POI129,KEY_2,1000011603,율곡로,1000020300,경복궁,126.9801205068413168_37.5759892604625989,1000017905,안국동로터리,126.9829348569925571_37.5756562270635044,252.0,13.0,정체,126.9829348569925571_37.5756562270635044|126.9829125468357773_37.5756537744281829|126.9827704373494015_37.5756491370767236|126.9826012303179823_37.5756491122595975|126.9824118889619911_37.5756629946566250|126.9822085957164859_37.5756887578650449|126.9820630846885052_37.5757113517092307|126.9813592631155075_37.5758206328940290|126.9812063475179400_37.5758442987123971|126.9803458434132892_37.5759773239770425|126.9801500700749699_37.5759896573698668|126.9801205068413168_37.5759892604625989
2026-09-04T06:42:24.849833+09:00,송현녹지광장,송현녹지광장,POI129,KEY_2,1000012702,율곡로,1000204600,안국역,126.9857294779033765_37.5767141333904462,1000021204,안국역사거리,126.9860941353497878_37.5768818686938246,37.0,24.0,서행,126.9860941353497878_37.5768818686938246|126.9857294779033765_37.5767141333904462
2026-09-04T06:42:24.849833+09:00,송현녹지광장,송현녹지광장,POI129,KEY_2,1000012800,율곡로,1000099700,관훈동 113,126.9843012547585914_37.5759322813818102,1000017902,안국동로터리,126.9831650747284471_37.5755740090362238,108.0,14.0,정체,126.9831650747284471_37.5755740090362238|126.9832157778299404_37.5755801309922148|126.9834207454955077_37.5756172367829961|126.9836820397707413_37.5756980185194678|126.9842468281761967_37.5759072448986657|126.9843012547585914_37.5759322813818102
2026-09-04T06:42:24.849833+09:00,송현녹지광장,송현녹지광장,POI129,KEY_2,1000013501,율곡로,1000054300,계동 149-3,126.9868657861829462_37.5772407179262302,1000021504,우즈베키스탄대사관,126.9891939676239474_37.5774507625066221,209.0,36.0,원활,126.9891939676239474_37.5774507625066221|126.9886716347625111_37.5774406495643092|126.9876528972208263_37.5774209190205184|126.9874748196535421_37.5774084674404421|126.9872839495136390_37.5773710909105532|126.9870718117635420_37.5773123392589739|126.9868657861829462_37.5772407179262302
2026-09-04T06:42:24.849833+09:00,송현녹지광장,송현녹지광장,POI129,KEY_2,1000013502,율곡로,1000021501,우즈베키스탄대사관,126.9893297531960883_37.5774544023044541,1000021404,창덕궁앞교차로,126.9900388640569702_37.5774865487865739,63.0,41.0,원활,126.9900388640569702_37.5774865487865739|126.9897463242174780_37.5774687657961053|126.9893297531960883_37.5774544023044541
2026-09-04T06:42:24.849833+09:00,송현녹지광장,송현녹지광장,POI129,KEY_2,1000013601,율곡로,1000115800,운니동 99,126.9886749388672058_37.5773325621108185,1000021202,안국역사거리,126.9862597945630966_37.5768348176280966,226.0,37.0,원활,126.9862597945630966_37.5768348176280966|126.9866987114048271_37.5770526790006230|126.9869129296675823_37.5771391236163410|126.9869201616997287_37.5771416376904028|126.9871213965557644_37.5772115927930628|126.9873225852521443_37.5772673122363585|126.9874971233893604_37.5773014911490293|126.9876605021504048_37.5773129149276315|126.9886749388672058_37.5773325621108185
2026-09-04T06:42:24.849833+09:00,송현녹지광장,송현녹지광장,POI129,KEY_2,1000013802,율곡로3길,1000187200,안국동 177-3,126.9825779024490799_37.5773003698629964,1000017901,안국동로터리,126.9830699625115358_37.5756718813989750,188.0,10.0,정체,126.9830699625115358_37.5756718813989750|126.9830564549576764_37.5759140717657090|126.9830330914684993_37.5760255151221827|126.9826494722971120_37.5768341676311906|126.9826150056688476_37.5769949197743074|126.9825779024490799_37.5773003698629964
2026-09-04T06:42:24.849833+09:00,송현녹지광장,송현녹지광장,POI129,KEY_2,1000013900,북촌로,1000116500,재동 63-1,126.9851879175372176_37.5787742277141632,1000021903,재동초등학교앞교차로,126.9849709248422442_37.5791896537058818,50.0,15.5,서행,126.9849709248422442_37.5791896537058818|126.9851123444681207_37.5789593789195138|126.9851879175372176_37.5787742277141632
2026-09-04T06:42:24.849833+09:00,송현녹지광장,송현녹지광장,POI129,KEY_2,1000014000,북촌로,1000021902,재동초등학교앞교차로,126.9851742297151702_37.5791048269106014,1000021201,안국역사거리,126.9862116059343862_37.5769383209828334,258.0,21.3,서행,126.9862116059343862_37.5769383209828334|126.9861227104490524_37.5771049965042820|126.9858974625520034_37.5775403033717339|126.9855988771401059_37.5781173314432593|126.9855520543728602_37.5782320480744829|126.9853545228100558_37.5787159998899227|126.9853171216767009_37.5788076318220590|126.9852385949747031_37.5790000196943907|126.9851742297151702_37.5791048269106014
2026-09-04T06:42:24.849833+09:00,송현녹지광장,송현녹지광장,POI129,KEY_2,1000014100,창덕궁길,1000022002,북촌1경,126.9893063929122548_37.5792409569275208,1000021501,우즈베키스탄대사관,126.9893297531960883_37.5774544023044541,199.0,27.0,원활,126.9893297531960883_37.5774544023044541|126.9892548365952365_37.5786955788249983|126.9892562414735409_37.5787264244637242|126.9892665857058205_37.5789535426034647|126.9893063929122548_37.5792409569275208
2026-09-04T06:42:24.849833+09:00,송현녹지광장,송현녹지광장,POI129,KEY_2,1000014200,창덕궁길,1000128100,원서동 181,126.9891204798979061_37.5787303411058602,1000022003,북촌1경,126.9891713596778544_37.5792528029310802,58.0,15.0,서행,126.9891713596778544_37.5792528029310802|126.9891310055471081_37.5789614346187477|126.9891204798979061_37.5787303411058602
2026-09-04T06:42:24.849833+09:00,송현녹지광장,송현녹지광장,POI129,KEY_2,1000014301,삼청로,1000019704,경복궁사거리,126.9793621536958312_37.5759001150550986,1000020600,대한출판문화협회,126.9794687888132074_37.5765544121067592,73.0,10.0,정체,126.9794687888132074_37.5765544121067592|126.9794674172659654_37.5764824989996455|126.9794172673057773_37.5761249117022231|126.9793621536958312_37.5759001150550986
2026-09-04T06:42:24.849833+09:00,송현녹지광장,송현녹지광장,POI129,KEY_2,1000014302,삼청로,1000020600,대한출판문화협회,126.9794687888132074_37.5765544121067592,1000022703,국군서울지구병원,126.9798562503477797_37.5800221917764006,388.0,26.0,원활,126.9798562503477797_37.5800221917764006|126.9796182985417516_37.5793264763807215|126.9795665449151443_37.5791397220131316|126.9795478931843604_37.5790381290051698|126.9795326834604623_37.5788730174103378|126.9794969047037227_37.5780275498626395|126.9794687888132074_37.5765544121067592
2026-09-04T06:42:24.849833+09:00,송현녹지광장,송현녹지광장,POI129,KEY_2,1000014303,삼청로,1000022704,국군서울지구병원,126.9798888896173850_37.5801238754593712,1000023003,갤러리스케이프,126.9801383570053588_37.5809954150793715,99.0,30.0,원활,126.9801383570053588_37.5809954150793715|126.9801143803817212_37.5808712068437671|126.9798888896173850_37.5801238754593712
2026-09-04T06:42:24.849833+09:00,송현녹지광장,송현녹지광장,POI129,KEY_2,1000014401,삼청로,1000021000,대한출판문화협회,126.9796046197648423_37.5765527706146756,1000019701,경복궁사거리,126.9795067975766756_37.5759255521593971,70.0,30.7,원활,126.9795067975766756_37.5759255521593971|126.9795516592807161_37.5761085342554608|126.9796031487506696_37.5764756650611034|126.9796046197648423_37.5765527706146756
2026-09-04T06:42:24.849833+09:00,송현녹지광장,송현녹지광장,POI129,KEY_2,1000014402,삼청로,1000022702,국군서울지구병원,126.9799873332334244_37.5799937943622950,1000021000,대한출판문화협회,126.9796046197648423_37.5765527706146756,385.0,29.0,원활,126.9796046197648423_37.5765527706146756|126.9796327193578946_37.5780249082326065|126.9796683669145381_37.5788672429607900|126.9796830227134734_37.5790263448128528|126.9797002616005130_37.5791202376619609|126.9797502489418548_37.5793006189381842|126.9799873332334244_37.5799937943622950
2026-09-04T06:42:24.849833+09:00,송현녹지광장,송현녹지광장,POI129,KEY_2,1000014403,삼청로,1000023002,갤러리스케이프,126.9802726364854522_37.5809789975197504,1000022701,국군서울지구병원,126.9800209872343402_37.5800986304131186,100.0,32.0,원활,126.9800209872343402_37.5800986304131186|126.9802478003755937_37.5808503388031028|126.9802726364854522_37.5809789975197504
2026-09-04T06:42:24.849833+09:00,송현녹지광장,송현녹지광장,POI129,KEY_2,1000014500,창덕궁1길,1000088900,계동 140-16,126.9878476682862356_37.5794101883603631,1000022004,북촌1경,126.9891917052853216_37.5793601104971486,119.0,17.5,서행,126.9891917052853216_37.5793601104971486|126.9885772532278594_37.5793912379346011|126.9881446134938585_37.5794131530335278|126.9878476682862356_37.5794101883603631
2026-09-04T06:42:24.849833+09:00,송현녹지광장,송현녹지광장,POI129,KEY_2,1000014600,창덕궁1길,1000234800,계동 140-86,126.9867245271659613_37.5792908407173911,1000021902,재동초등학교앞교차로,126.9851742297151702_37.5791048269106014,140.0,22.0,서행,126.9851742297151702_37.5791048269106014|126.9852469017435794_37.5790943935501645|126.9854890351706871_37.5791147085421500|126.9857411784709598_37.5791656111606329|126.9863425963181811_37.5792870227705578|126.9867245271659613_37.5792908407173911
2026-09-04T06:42:24.849833+09:00,송현녹지광장,송현녹지광장,POI129,KEY_2,1000014700,북촌로5길,1000088600,재동 25-7,126.9846956415277077_37.5792531158054075,1000004602,아트선재센타,126.9822633488435173_37.5794968175353787,217.0,22.0,서행,126.9822633488435173_37.5794968175353787|126.9823491181884378_37.5794770462139454|126.9831043086073379_37.5794265902338225|126.9836111998907597_37.5794024285617070|126.9843075237738219_37.5793274055110444|126.9845584348345966_37.5792764558543553|126.9846956415277077_37.5792531158054075
2026-09-04T06:42:24.849833+09:00,송현녹지광장,송현녹지광장,POI129,KEY_2,1000014800,북촌로5길,1000004601,아트선재센타,126.9823007060969786_37.5796007692993683,1000021904,재동초등학교앞교차로,126.9849412214244495_37.5793218207986328,236.0,22.0,서행,126.9849412214244495_37.5793218207986328|126.9849408583969392_37.5793219631089599|126.9847240373197081_37.5793588468995097|126.9845894370426578_37.5793817437555475|126.9843335147772478_37.5794337109354046|126.9836243912640441_37.5795101126857958|126.9831140519790864_37.5795344388027459|126.9823739414034378_37.5795838870825634|126.9823007060969786_37.5796007692993683
2026-09-04T06:42:24.849833+09:00,송현녹지광장,송현녹지광장,POI129,KEY_2,1000015700,북촌로5길,1000042100,소격동 129-2,126.9811402027582403_37.5799080374455983,1000004604,아트선재센타,126.9821635225137584_37.5796494081435881,95.0,22.0,서행,126.9821635225137584_37.5796494081435881|126.9819590979485184_37.5797316730103290|126.9817617178907625_37.5797894351325041|126.9816972383664222_37.5798027094324709|126.9814029918968004_37.5798632849907435|126.9811402027582403_37.5799080374455983
2026-09-04T06:42:24.849833+09:00,송현녹지광장,송현녹지광장,POI129,KEY_2,1000015800,북촌로5길,1000110800,소격동 101-1,126.9816632165415768_37.5796980355060555,1000022702,국군서울지구병원,126.9799873332334244_37.5799937943622950,152.0,22.0,서행,126.9799873332334244_37.5799937943622950|126.9811117769615265_37.5798023119298961|126.9813717539606586_37.5797580385712706|126.9816632165415768_37.5796980355060555
2026-09-04T06:42:24.849833+09:00,송현녹지광장,송현녹지광장,POI129,KEY_2,1000018401,북촌로,1000109700,가회동 1-168,126.9850883294862882_37.5801433623240229,1000021901,재동초등학교앞교차로,126.9850860098677572_37.5792604403861148,98.0,12.0,정체,126.9850860098677572_37.5792604403861148|126.9850636853442580_37.5794280545368409|126.9850708428209742_37.5796350854461281|126.9850879859902477_37.5801309490906519|126.9850883294862882_37.5801433623240229
2026-09-04T06:42:24.849833+09:00,송현녹지광장,송현녹지광장,POI129,KEY_2,1000031700,인사동길,1000200000,관훈동 177-1,126.9846248795644641_37.5741354335962896,1000017903,안국동로터리,126.9830393503038977_37.5755166265144283,209.0,19.0,서행,126.9830393503038977_37.5755166265144283|126.9832578502403493_37.5753718765763765|126.9833833057397072_37.5752802649537472|126.9833874257963799_37.5752759258947009|126.9838138538233210_37.5748268274858290|126.9839983126868219_37.5746325599944413|126.9840028137515446_37.5746278195686330|126.9841931260739045_37.5744516475788828|126.9843256891268339_37.5743491032214507|126.9843944674535408_37.5742999847176264|126.9846248795644641_37.5741354335962896
2026-09-04T06:42:24.849833+09:00,송현녹지광장,송현녹지광장,POI129,KEY_2,1000032800,율곡로2길,1000003001,서울지방국세청,126.9793545831470993_37.5744165416395930,1000019203,주한멕시코대사관,126.9811804454430160_37.5757381628755169,219.0,22.0,서행,126.9811804454430160_37.5757381628755169|126.9810303591040253_37.5755969856150003|126.9807533749140589_37.5754004466844975|126.9799767752529789_37.5748493879335896|126.9794405580789487_37.5744488693975143|126.9793869466254961_37.5744244737253723|126.9793545831470993_37.5744165416395930
2026-09-04T06:42:24.849833+09:00,송현녹지광장,송현녹지광장,POI129,KEY_2,1000033900,우정국로,1000017300,안국동사거리,126.9828039229332575_37.5749851341707171,1000018100,안국동사거리,126.9820370732549009_37.5756052331219763,102.0,22.0,서행,126.9820370732549009_37.5756052331219763|126.9822935365986751_37.5755095925525495|126.9827428871539610_37.5751967734075052|126.9827905797247212_37.5750539177611387|126.9828039229332575_37.5749851341707171
2026-09-04T06:42:24.849833+09:00,송현녹지광장,송현녹지광장,POI129,KEY_2,1000034900,율곡로,1000019401,경복궁,126.9801381644492011_37.5758813627365100,1000018200,경복궁,126.9792457576218681_37.5753789068622197,101.0,26.0,원활,126.9792457576218681_37.5753789068622197|126.9793355830232144_37.5754952608411301|126.9794316395642397_37.5755988334256017|126.9795071017629624_37.5756589212616419|126.9796274882100420_37.5757347490756146|126.9797877149027556_37.5758145479697703|126.9801381644492011_37.5758813627365100
2026-09-04T06:42:24.849833+09:00,송현녹지광장,송현녹지광장,POI129,KEY_2,1000035200,사직로,1000020200,경복궁,126.9786283706113750_37.5757946408291801,1000020600,대한출판문화협회,126.9794687888132074_37.5765544121067592,118.0,15.0,서행,126.9794687888132074_37.5765544121067592|126.9794368084534142_37.5764098329770562|126.9791960602808700_37.5761637733622180|126.9789750836954596_37.5759177176703147|126.9788694300669647_37.5758537146814078|126.9786283706113750_37.5757946408291801
2026-09-04T06:42:24.849833+09:00,송현녹지광장,송현녹지광장,POI129,KEY_2,1000035300,삼청로,1000021000,대한출판문화협회,126.9796046197648423_37.5765527706146756,1000020300,경복궁,126.9801205068413168_37.5759892604625989,93.0,29.0,원활,126.9801205068413168_37.5759892604625989|126.9797298312382878_37.5760780464987292|126.9796597331679635_37.5761137931100748|126.9796040049640879_37.5761795786155588|126.9796046197648423_37.5765527706146756
2026-09-04T06:42:24.849833+09:00,송현녹지광장,송현녹지광장,POI129,KEY_2,1000038000,북촌로5가길,1000023401,브라질대사관,126.9812038502894040_37.5815562759534103,1000004601,아트선재센타,126.9823007060969786_37.5796007692993683,250.0,7.0,정체,126.9823007060969786_37.5796007692993683|126.9822972536010894_37.5796292911074730|126.9823917024047972_37.5799273089699213|126.9823779765214056_37.5799764228013515|126.9821552192083942_37.5802224687814075|126.9819546456237020_37.5805311963954978|126.9817179917203873_37.5808954559517758|126.9816141551167590_37.5811617086964844|126.9815165107633987_37.5813307541008967|126.9814068792123862_37.5814306552793056|126.9812038502894040_37.5815562759534103
2026-09-04T06:42:24.849833+09:00,송현녹지광장,송현녹지광장,POI129,KEY_2,1000039200,창덕궁길,1000134400,원서동 2-2,126.9892407733604642_37.5829070876196951,1000022001,북촌1경,126.9893249216224547_37.5793389188440585,401.0,16.0,서행,126.9893249216224547_37.5793389188440585|126.9893432024728526_37.5794117077019152|126.9893374585478654_37.5795962855689609|126.9893189924063250_37.5801896786208189|126.9893532350689895_37.5809623190334960|126.9893738580933729_37.5812665958495344|126.9893978694693288_37.5816208620396139|126.9894570663397531_37.5819414687995632|126.9895023987834435_37.5821303841621628|126.9895105285284274_37.5822120284156327|126.9895040052748669_37.5823078791324363|126.9894734073156428_37.5824257182516135|126.9893881157924085_37.5826046082802492|126.9892904879125695_37.5827681919472880|126.9892407733604642_37.5829070876196951
2026-09-04T06:42:24.849833+09:00,아차산,아차산,POI102,KEY_3,1040013803,워커힐로,1040023301,아차산공원,127.1008930142695732_37.5509054583929469,1040023404,워커힐APT후문,127.1046621654105166_37.5519284766786683,361.0,47.0,원활,127.1046621654105166_37.5519284766786683|127.1045123885116794_37.5519320536423891|127.1039678955502268_37.5519093381437941|127.1033217162343618_37.5518131021411889|127.1033066618318230_37.5518100894500790|127.1027843733849778_37.5517055676046638|127.1020593871072464_37.5515302072632764|127.1016289221158075_37.5513710145273620|127.1012830511546383_37.5511766502113105|127.1008930142695732_37.5509054583929469
2026-09-04T06:42:24.849833+09:00,아차산,아차산,POI102,KEY_3,1040013804,워커힐로,1040023401,워커힐APT후문,127.1049276269984176_37.5519211247376532,1040004502,광장동 5-98,127.1078524178076492_37.5534174306053714,384.0,29.0,원활,127.1078524178076492_37.5534174306053714|127.1076811035192122_37.5530795930431722|127.1072767198500344_37.5527235526060750|127.1071304148010768_37.5524951185490607|127.1070666758819812_37.5521581383454475|127.1069204511945401_37.5519839403942512|127.1067013662202783_37.5517675729472700|127.1066127735316797_37.5517219705812622|127.1063570390410291_37.5516300750843612|127.1061098042711848_37.5515814409139992|127.1058798946651223_37.5515776387596105|127.1057306022039057_37.5516058980850289|127.1050792513768783_37.5518980964882729|127.1049700409938055_37.5519199374068151|127.1049276269984176_37.5519211247376532
2026-09-04T06:42:24.849833+09:00,아차산,아차산,POI102,KEY_3,1040013902,워커힐로,1040037500,광장동 5-116,127.1033397664333791_37.5517052322201295,1040023302,아차산공원,127.1009710046642311_37.5508161397328806,235.0,34.0,원활,127.1009710046642311_37.5508161397328806|127.1013670924174761_37.5510915383037869|127.1016972311609550_37.5512770627219510|127.1021079664083970_37.5514289579738829|127.1028206860444101_37.5516013518060063|127.1033397664333791_37.5517052322201295
2026-09-04T06:42:24.849833+09:00,아차산,아차산,POI102,KEY_3,1040013903,워커힐로,1040004501,광장동 5-98,127.1079420944953142_37.5533362363541343,1040023402,워커힐APT후문,127.1049228550648849_37.5518130720409644,394.0,29.0,원활,127.1049228550648849_37.5518130720409644|127.1049509015872871_37.5518122869850544|127.1050284778533381_37.5517967722012784|127.1056805925240525_37.5515042301097068|127.1058653657010922_37.5514692554390379|127.1061277196661337_37.5514735933910160|127.1064016260464200_37.5515274743309604|127.1066779378455749_37.5516267645540864|127.1067835146799325_37.5516811101132078|127.1070809686040803_37.5519450547321298|127.1071930889892769_37.5520882909308753|127.1072470470903824_37.5523904149471264|127.1073495748650686_37.5526305106411940|127.1075006302712325_37.5527775854154555|127.1077491266862580_37.5530097991801242|127.1079420944953142_37.5533362363541343
2026-09-04T06:42:24.849833+09:00,아차산,아차산,POI102,KEY_3,1040015000,긴고랑로,1040076000,중곡동 438-2,127.0940803110470085_37.5592351580863877,1040004804,관음사,127.0947652352017911_37.5601235011157328,116.0,15.0,서행,127.0947652352017911_37.5601235011157328|127.0945334735480685_37.5598229102943080|127.0940803110470085_37.5592351580863877
2026-09-04T06:42:24.849833+09:00,아차산,아차산,POI102,KEY_3,1040035800,영화사로,1040023304,아차산공원,127.1008060127738588_37.5508156818041030,1040023902,금강유치원,127.0973921911687370_37.5534278259907950,446.0,26.5,원활,127.0973921911687370_37.5534278259907950|127.0976202228682155_37.5533234892310048|127.0977507414220185_37.5532866935278804|127.0979322170566519_37.5532482876912397|127.0983398303619225_37.5531138498259409|127.0993272146760091_37.5527510123888746|127.0994452128869483_37.5526820552185399|127.0995342046890926_37.5526123691506086|127.0995833295077659_37.5525565397521603|127.0996019406459254_37.5525050464495607|127.0996584339095392_37.5521263643794327|127.0996779811088544_37.5520292239200231|127.0997188056076936_37.5519588908967279|127.0997847039527784_37.5518871869768418|127.0998855677940895_37.5518037314638420|127.1001214267548676_37.5516212093827946|127.1002603396649135_37.5514757290182075|127.1006900113672913_37.5509485327873449|127.1008060127738588_37.5508156818041030
2026-09-04T06:42:24.849833+09:00,아차산,아차산,POI102,KEY_3,1040035900,영화사로,1040023901,금강유치원,127.0974780094158234_37.5535132633479805,1040023301,아차산공원,127.1008930142695732_37.5509054583929469,446.0,22.0,서행,127.1008930142695732_37.5509054583929469|127.1008027509701463_37.5510088322909041|127.1003715070149127_37.5515379583983560|127.1002233760503088_37.5516930927998871|127.0999818487328383_37.5518800014346539|127.0998889001829042_37.5519569081877975|127.0998363985145971_37.5520140344068167|127.0998091107366292_37.5520610472150693|127.0997929633906693_37.5521412983215299|127.0997354949309255_37.5525265117099991|127.0997075659435183_37.5526037877441468|127.0996382970092498_37.5526825105262034|127.0995334621833450_37.5527646032513402|127.0993965465031437_37.5528446154590370|127.0983942956821977_37.5532129159948909|127.0979758415217589_37.5533509291907990|127.0977909160551889_37.5533900650563055|127.0976771901570004_37.5534221274872380|127.0974780094158234_37.5535132633479805
2026-09-04T06:42:24.849833+09:00,아차산,아차산,POI102,KEY_3,1040036600,영화사로,1040024201,영화사삼거리,127.0945392348431398_37.5546032858723038,1040023901,금강유치원,127.0974780094158234_37.5535132633479805,379.0,17.5,서행,127.0974780094158234_37.5535132633479805|127.0977822383135560_37.5538544536056946|127.0977886680209963_37.5539275660333800|127.0977520642529015_37.5539780233728280|127.0969567317195583_37.5544790466728244|127.0968770994306567_37.5545292107245459|127.0965242691939068_37.5547022443235079|127.0963272401162385_37.5547666706726488|127.0961289793592641_37.5548125758914679|127.0959124514986911_37.5548481197310480|127.0957455808237313_37.5548603339358635|127.0955488408334588_37.5548515437013606|127.0952229064879049_37.5548132605374718|127.0947469052585745_37.5546546057004775|127.0947279301697534_37.5546498039577088|127.0945472578703885_37.5546040837293731|127.0945392348431398_37.5546032858723038
2026-09-04T06:42:24.849833+09:00,아차산,아차산,POI102,KEY_3,1040038900,긴고랑로,1040032800,중곡동 143-127,127.0958120816944188_37.5610219921190591,1040004802,관음사,127.0950177358912470_37.5601697751550248,123.0,16.0,서행,127.0950177358912470_37.5601697751550248|127.0955765335709913_37.5605344921423665|127.0956459965098020_37.5605940917725789|127.0957037292286032_37.5606835950337938|127.0957857387401617_37.5609121987379737|127.0958120816944188_37.5610219921190591
2026-09-04T06:42:24.849833+09:00,아차산,아차산,POI102,KEY_3,1040047701,워커힐로,1040031002,광장동 383-17,127.0990645876057386_37.5494355369845252,1040023304,아차산공원,127.1008060127738588_37.5508156818041030,259.0,33.0,원활,127.1008060127738588_37.5508156818041030|127.1007925997512018_37.5507935691135231|127.1007710308057597_37.5507250504072232|127.1007604189920812_37.5505920649480416|127.1007643063759076_37.5503937798927510|127.1007650635919077_37.5502518197930542|127.1007541636568021_37.5501729142761178|127.1006899832523089_37.5500014397067403|127.1006423739781184_37.5499066367278402|127.1005891182432919_37.5498095617160885|127.1005187118289257_37.5497439749477522|127.1004397073080270_37.5496986399784447|127.1003068333099293_37.5496711499487006|127.0998769118242109_37.5496201196427037|127.0994979086849526_37.5495737670072103|127.0992971711559250_37.5495347777035136|127.0991778144667279_37.5494938123189002|127.0990645876057386_37.5494355369845252
2026-09-04T06:42:24.849833+09:00,아차산,아차산,POI102,KEY_3,1040047801,워커힐로,1040023303,아차산공원,127.1008908597615203_37.5507185101470071,1040031003,광장동 383-17,127.0991143822563743_37.5493704376081254,256.0,26.0,원활,127.0991143822563743_37.5493704376081254|127.0992192405733618_37.5494212813986437|127.0993654541225908_37.5494679716120316|127.0994771101612315_37.5494937011082897|127.0996319481334496_37.5495156333044022|127.0998766138181537_37.5495435035139451|127.1003129181202098_37.5495917389092568|127.1004436663644981_37.5496197848547766|127.1005227250856393_37.5496549799425523|127.1005960988636190_37.5496946622863774|127.1006383112054863_37.5497398726420357|127.1006769562851701_37.5497907046482595|127.1007483860163774_37.5499295289827515|127.1008077138042012_37.5500823966485697|127.1008466336960794_37.5502143515265274|127.1008595392178506_37.5503152333671437|127.1008666840009056_37.5505676364613024|127.1008712614258087_37.5506380707744967|127.1008871446091320_37.5507113587990773|127.1008908597615203_37.5507185101470071
2026-09-04T06:42:24.849833+09:00,아차산,아차산,POI102,KEY_3,2210000104,아차산로,2210000113,아천동 304-1,127.1148808859241797_37.5629285934982349,2210000105,아천동268,127.1164076630803379_37.5662038218868801,393.0,57.3,원활,127.1164076630803379_37.5662038218868801|127.1162906430716362_37.5660260764270149|127.1160703938195979_37.5657270770442864|127.1160687682345127_37.5657247639847682|127.1157006430136818_37.5651641699431380|127.1154016113760861_37.5647442949758172|127.1154002681514754_37.5647422942762006|127.1153120188190115_37.5646053579684249|127.1153107366244370_37.5646032950394329|127.1153096116640313_37.5646011697881619|127.1152458934182050_37.5644772955287323|127.1151526736599493_37.5643058891441441|127.1151514554129562_37.5643034504356805|127.1151503616254388_37.5643009818729539|127.1151494250715785_37.5642984509881472|127.1150902682137627_37.5641234514869637|127.1150893295690025_37.5641202944115378|127.1150105180551577_37.5638156075563430|127.1150099562526350_37.5638131384738685|127.1149852678241530_37.5636884827079669|127.1149848622680310_37.5636860450080050|127.1149352684571596_37.5633314504835170|127.1149352681221814_37.5633312324428132|127.1148808859241797_37.5629285934982349
2026-09-04T06:42:24.849833+09:00,아차산,아차산,POI102,KEY_3,2210000204,아차산로,2210000104,아천동268,127.1165280035745013_37.5661536019367190,2210000110,아천동 314-17,127.1150159324927245_37.5629170357202895,389.0,49.7,원활,127.1150159324927245_37.5629170357202895|127.1150702994088419_37.5633195762730736|127.1151196745152419_37.5636728582033186|127.1151438930360342_37.5637950447698401|127.1152219865336264_37.5640969193284207|127.1152792995577556_37.5642665758573315|127.1153707988243440_37.5644348573687950|127.1153709871964566_37.5644351698302401|127.1153711439249321_37.5644355138574753|127.1153713300333123_37.5644358263211657|127.1154342060962676_37.5645580759406883|127.1155204553782596_37.5646919516305360|127.1158193615435579_37.5651116390162443|127.1158195805287789_37.5651119829817759|127.1158197994637788_37.5651122945115006|127.1158200184015641_37.5651126078432256|127.1158202373853783_37.5651129509077535|127.1158204551899047_37.5651132633396116|127.1161883937617461_37.5656735139164084|127.1164086432788878_37.5659724824473784|127.1164088622202542_37.5659727948769699|127.1164090812093121_37.5659731379403681|127.1164093307131395_37.5659734512408079|127.1164095496545343_37.5659737636703639|127.1164097674640061_37.5659740761010710|127.1164099875863513_37.5659744200643217|127.1164102053958516_37.5659747324950217|127.1165280035745013_37.5661536019367190
2026-09-04T06:42:24.849833+09:00,아차산,아차산,POI102,KEY_3,2210000700,아차산로,2210000105,아천동268,127.1164076630803379_37.5662038218868801,2210000204,아치울삼거리,127.1192506804836597_37.5692536117197804,424.0,59.0,원활,127.1192506804836597_37.5692536117197804|127.1190496732744322_37.5690724000063696|127.1185543295898981_37.5686479621573852|127.1185524864427663_37.5686463061772571|127.1179837045937973_37.5681171502757962|127.1177293291578536_37.5678918688914081|127.1175577044471225_37.5677438694395605|127.1175555178311214_37.5677418687043598|127.1175534544965302_37.5677398056777250|127.1175515177923359_37.5677376506234353|127.1173843613294565_37.5675426811850528|127.1173838918332990_37.5675421185298077|127.1171630797363861_37.5672774929988407|127.1171618298735666_37.5672758994774370|127.1171606105723839_37.5672743059256860|127.1170134860041969_37.5670682121973556|127.1168223300640108_37.5668150569144785|127.1168212989169035_37.5668136190451420|127.1166347983959639_37.5665486810274487|127.1166339236057468_37.5665473376064512|127.1164076630803379_37.5662038218868801
2026-09-04T06:42:24.849833+09:00,아차산,아차산,POI102,KEY_3,2210000800,아차산로,2210000203,아치울삼거리,127.1193525150356294_37.5691820436574844,2210000104,아천동268,127.1165280035745013_37.5661536019367190,421.0,48.0,원활,127.1165280035745013_37.5661536019367190|127.1167537679690867_37.5664964624706528|127.1169392989007889_37.5667600560767667|127.1171303292096297_37.5670130554248658|127.1171304858049069_37.5670133057462365|127.1171306729136461_37.5670135254034747|127.1171308294595264_37.5670137441900422|127.1171309860533825_37.5670139936103880|127.1171311731607290_37.5670142123666295|127.1172775492191533_37.5672192435190766|127.1174967977411114_37.5674820251561457|127.1176608914456239_37.5676734313503857|127.1178294547480192_37.5678188064072742|127.1178296734552191_37.5678189629621500|127.1178298616474507_37.5678191492803393|127.1178300792723945_37.5678193373711480|127.1180852980999418_37.5680453691276313|127.1180855168566950_37.5680455563158375|127.1180857356632288_37.5680457750388399|127.1180859544199819_37.5680459622270249|127.1180861731781704_37.5680461503162206|127.1180863919846900_37.5680463690392017|127.1186547988044993_37.5685751806489279|127.1191497674074640_37.5689993067157886|127.1191499850879580_37.5689995254378886|127.1191502355443816_37.5689997125921025|127.1191504543065918_37.5689998997782837|127.1191507048132365_37.5690001184672511|127.1191509236256820_37.5690003371882142|127.1193525150356294_37.5691820436574844
2026-09-04T06:42:24.849833+09:00,아차산,아차산,POI102,KEY_3,2210000901,아차산로,2219108700,최소노드배치점,127.1206998377133743_37.5714703267250627,2210019703,아치울마을입구교차로,127.1219933923624126_37.5735438381385620,257.0,48.7,원활,127.1219933923624126_37.5735438381385620|127.1216237678160894_37.5728874513230764|127.1206998377133743_37.5714703267250627
2026-09-04T06:42:24.849833+09:00,아차산,아차산,POI102,KEY_3,2210001001,아차산로,2219108800,최소노드배치점,127.1208204065706013_37.5714205263891898,2210000202,아치울삼거리,127.1194802690020680_37.5693649396868778,257.0,50.5,원활,127.1194802690020680_37.5693649396868778|127.1208204065706013_37.5714205263891898
2026-09-04T06:42:24.849833+09:00,아차산,아차산,POI102,KEY_3,2210046000,토평강변로,2210000202,아치울삼거리,127.1194802690020680_37.5693649396868778,2210006002,속성변화점,127.1239011064881907_37.5712366063836569,442.0,17.0,서행,127.1239011064881907_37.5712366063836569|127.1232388189529132_37.5709623304387108|127.1219628442181886_37.5704268509566077|127.1204129899585666_37.5697587927906440|127.1194802690020680_37.5693649396868778
2026-09-04T06:42:24.849833+09:00,안양천,안양천,POI125,KEY_4,1140012601,안양천로,1140019200,신정동쌍용아파트,126.8774277767779068_37.5184368802104729,1140003001,신정교교차로,126.8773157767078033_37.5174241538264965,113.0,48.0,원활,126.8773157767078033_37.5174241538264965|126.8774277767779068_37.5184368802104729
2026-09-04T06:42:24.849833+09:00,안양천,안양천,POI125,KEY_4,1140005300,안양천로,1140017504,목일중학교앞교차로,126.8754414118770768_37.5133268628390297,1140003003,신정교교차로,126.8771684095813441_37.5173232334173079,487.0,44.0,원활,126.8771684095813441_37.5173232334173079|126.8770492715621714_37.5162325975909283|126.8769254186979083_37.5152220259739053|126.8769038228937802_37.5150934663437070|126.8768603632752132_37.5149507201433607|126.8767902331647548_37.5147577494091067|126.8767160804796674_37.5146112680035841|126.8766340664943471_37.5144698086394968|126.8764959530556098_37.5143077666143867|126.8754414118770768_37.5133268628390297
2026-09-04T06:42:24.849833+09:00,안양천,안양천,POI125,KEY_4,1140005401,안양천로,1140018000,신정동쌍용아파트,126.8771844966631619_37.5162232254841683,1140017501,목일중학교앞교차로,126.8755445066785086_37.5132565360681909,373.0,50.3,원활,126.8755445066785086_37.5132565360681909|126.8766039862775870_37.5142420314940210|126.8767526226287430_37.5144164200124095|126.8768407128762163_37.5145683588944010|126.8769186968702201_37.5147224090392797|126.8769915725535640_37.5149229329656393|126.8770374141606680_37.5150735005047409|126.8770602759908002_37.5152096001231357|126.8771844966631619_37.5162232254841683
2026-09-04T06:42:24.849833+09:00,안양천,안양천,POI125,KEY_4,1140005402,안양천로,1140003002,신정교교차로,126.8773036367130658_37.5173138610034584,1140018000,신정동쌍용아파트,126.8771844966631619_37.5162232254841683,122.0,52.5,원활,126.8771844966631619_37.5162232254841683|126.8773036367130658_37.5173138610034584
2026-09-04T06:42:24.849833+09:00,안양천,안양천,POI125,KEY_4,1140009501,도림천로,1140003003,신정교교차로,126.8771684095813441_37.5173232334173079,1140019102,신정동현대아파트,126.8761126202360856_37.5175917621060364,98.0,24.0,서행,126.8761126202360856_37.5175917621060364|126.8771684095813441_37.5173232334173079
2026-09-04T06:42:24.849833+09:00,안양천,안양천,POI125,KEY_4,1140009601,도림천로,1140019101,신정동현대아파트,126.8761539085131744_37.5176947593198875,1140003004,신정교교차로,126.8771805616940185_37.5174336412253382,95.0,20.0,서행,126.8771805616940185_37.5174336412253382|126.8761539085131744_37.5176947593198875
2026-09-04T06:42:24.849833+09:00,안양천,안양천,POI125,KEY_4,1140012500,안양천로,1140310800,최소노드배치점,126.8775163465214035_37.5198303050041133,1140004904,신정동 137-2,126.8782632688182161_37.5221322207168839,268.0,54.0,원활,126.8782632688182161_37.5221322207168839|126.8782981016445603_37.5218734009839139|126.8782983970848619_37.5216915105551223|126.8782899061957039_37.5215347769621914|126.8782687357557535_37.5214259401943480|126.8782126253799163_37.5212531304698587|126.8776046350151319_37.5200558238897699|126.8775163465214035_37.5198303050041133
2026-09-04T06:42:24.849833+09:00,안양천,안양천,POI125,KEY_4,1140012602,안양천로,1140004903,신정동 137-2,126.8783982430570489_37.5221437443696928,1140019200,신정동쌍용아파트,126.8774277767779068_37.5184368802104729,426.0,41.3,원활,126.8774277767779068_37.5184368802104729|126.8774952028564798_37.5191418307164994|126.8775390353828385_37.5194455320804607|126.8776179855951369_37.5197267258202132|126.8776459355257060_37.5197981187704457|126.8777325662202884_37.5200194000170413|126.8783418122356039_37.5212191777890709|126.8784018478279023_37.5214040739357841|126.8784252027244150_37.5215241376156143|126.8784341474975008_37.5216892491856768|126.8784338392301549_37.5218792486221702|126.8783982430570489_37.5221437443696928
2026-09-04T06:42:24.849833+09:00,안양천,안양천,POI125,KEY_4,1140016600,안양천로,1140005803,오목교앞,126.8780911957869648_37.5240790938181874,1140004902,신정동 137-2,126.8783813240257246_37.5222566391420145,204.0,29.5,원활,126.8783813240257246_37.5222566391420145|126.8780911957869648_37.5240790938181874
2026-09-04T06:42:24.849833+09:00,안양천,안양천,POI125,KEY_4,1140053000,도림천로,1160119602,구로구-영등포구,126.8797245973547803_37.5166854276940924,1140018400,신정교,126.8786197862322069_37.5169667906104252,103.0,32.0,원활,126.8786197862322069_37.5169667906104252|126.8797245973547803_37.5166854276940924
2026-09-04T06:42:24.849833+09:00,안양천,안양천,POI125,KEY_4,1140053100,도림천로,1140018700,신정교,126.8786611225654184_37.5170697753778697,1160119601,구로구-영등포구,126.8797659831452904_37.5167884002737182,103.0,47.0,원활,126.8797659831452904_37.5167884002737182|126.8786611225654184_37.5170697753778697
2026-09-04T06:42:24.849833+09:00,안양천,안양천,POI125,KEY_4,1140053200,도림천로,1140018400,신정교,126.8786197862322069_37.5169667906104252,1140018000,신정동쌍용아파트,126.8771844966631619_37.5162232254841683,179.0,48.0,원활,126.8771844966631619_37.5162232254841683|126.8772780212092641_37.5165177245500558|126.8773854992852677_37.5166787499102909|126.8774885478867418_37.5168040115666628|126.8775782041790308_37.5168827738027630|126.8776858526776863_37.5169400990188606|126.8778159595431276_37.5169902961100377|126.8779460957034217_37.5170226135845652|126.8780304104791270_37.5170269011575996|126.8786197862322069_37.5169667906104252
2026-09-04T06:42:24.849833+09:00,안양천,안양천,POI125,KEY_4,1140053700,안양천로,1140019200,신정동쌍용아파트,126.8774277767779068_37.5184368802104729,1140018700,신정교,126.8786611225654184_37.5170697753778697,208.0,44.7,원활,126.8786611225654184_37.5170697753778697|126.8781736489334548_37.5172408290595598|126.8779815323018596_37.5173158708015322|126.8778781977704000_37.5173658255310087|126.8777613594226779_37.5174372226786232|126.8776849305162102_37.5175050845818490|126.8776219701787227_37.5175729603903463|126.8775544839652980_37.5176622870544563|126.8775094337992755_37.5177587891090099|126.8774688135033557_37.5178910538406782|126.8774371547105915_37.5180340551944767|126.8774277767779068_37.5184368802104729
2026-09-04T06:42:24.849833+09:00,안양천,안양천,POI125,KEY_4,1140053800,신목로,1140018400,신정교,126.8786197862322069_37.5169667906104252,1140019302,신정교(서측),126.8745764250714956_37.5179766998355859,376.0,54.3,원활,126.8745764250714956_37.5179766998355859|126.8746964468175662_37.5178856611709719|126.8747349174787757_37.5178761562431475|126.8760098097402533_37.5175611607569408|126.8772001068155646_37.5172584212099949|126.8786197862322069_37.5169667906104252
2026-09-04T06:42:24.849833+09:00,안양천,안양천,POI125,KEY_4,1140053900,신목로,1140019301,신정교(서측),126.8746215712428409_37.5180786650471632,1140018700,신정교,126.8786611225654184_37.5170697753778697,375.0,46.3,원활,126.8786611225654184_37.5170697753778697|126.8772813433645723_37.5174647569257260|126.8760913149289991_37.5177674281831415|126.8748252720141352_37.5180802368483270|126.8747818393032674_37.5180909677359509|126.8746215712428409_37.5180786650471632
2026-09-04T06:42:24.849833+09:00,안양천,안양천,POI125,KEY_4,1140059100,오목로,1180072102,양천구-영등포구,126.8798127598729764_37.5238124759839593,1140005803,오목교앞,126.8780911957869648_37.5240790938181874,155.0,50.7,원활,126.8780911957869648_37.5240790938181874|126.8798127598729764_37.5238124759839593
2026-09-04T06:42:24.849833+09:00,안양천,안양천,POI125,KEY_4,1140059200,오목로,1140005802,오목교앞,126.8780735218519879_37.5241919764275096,1180072101,양천구-영등포구,126.8798383046578664_37.5239186642518590,159.0,57.0,원활,126.8798383046578664_37.5239186642518590|126.8780735218519879_37.5241919764275096
2026-09-04T06:42:24.849833+09:00,안양천,안양천,POI125,KEY_4,1160003102,서부간선도로,1160044802,지하차도(북측),126.8756726558463157_37.5087758296454012,1160047302,지하차도(남측),126.8808635001100669_37.5145797730726116,791.0,61.7,원활,126.8808635001100669_37.5145797730726116|126.8807057923003470_37.5144308276624585|126.8800689815355156_37.5137965539118028|126.8794977541810880_37.5131814475717249|126.8784949853081230_37.5120165668361594|126.8767394160038577_37.5100185314225953|126.8758964120837334_37.5090544609198560|126.8756726558463157_37.5087758296454012
2026-09-04T06:42:24.849833+09:00,안양천,안양천,POI125,KEY_4,1160003103,서부간선도로,1160047302,지하차도(남측),126.8808635001100669_37.5145797730726116,1160047704,속성변화점,126.8818954820598606_37.5156387959905970,149.0,45.0,원활,126.8818954820598606_37.5156387959905970|126.8818341862618837_37.5155414502111171|126.8816133512363251_37.5152879534536297|126.8810041996648863_37.5147126561865605|126.8808635001100669_37.5145797730726116
2026-09-04T06:42:24.849833+09:00,안양천,안양천,POI125,KEY_4,1160003202,서부간선도로,1160047301,지하차도(남측),126.8809672943436766_37.5145100402310518,1160044801,지하차도(북측),126.8757874324690533_37.5087179220132967,790.0,58.0,원활,126.8757874324690533_37.5087179220132967|126.8760093466115677_37.5089943834283019|126.8768507380769819_37.5099566098020603|126.8786065968032091_37.5119549700440018|126.8796083595338473_37.5131186811187334|126.8801766210233808_37.5137305907656398|126.8808107274078907_37.5143621726202170|126.8809672943436766_37.5145100402310518
2026-09-04T06:42:24.849833+09:00,안양천,안양천,POI125,KEY_4,1160003203,서부간선도로,1160047701,속성변화점,126.8820147707367596_37.5155869944456768,1160047301,지하차도(남측),126.8809672943436766_37.5145100402310518,152.0,14.0,정체,126.8809672943436766_37.5145100402310518|126.8811073391141235_37.5146423024857896|126.8817212650556030_37.5152221099264906|126.8819512390905970_37.5154860951882370|126.8820147707367596_37.5155869944456768
2026-09-04T06:42:24.849833+09:00,안양천,안양천,POI125,KEY_4,1160086400,서부간선도로,1160047702,속성변화점,126.8820744160497327_37.5155610940041981,1160047301,지하차도(남측),126.8809672943436766_37.5145100402310518,154.0,42.0,원활,126.8809672943436766_37.5145100402310518|126.8811828896822504_37.5146297746207438|126.8817752230281428_37.5151891863246689|126.8820097654408698_37.5154584171825221|126.8820744160497327_37.5155610940041981
2026-09-04T06:42:24.849833+09:00,안양천,안양천,POI125,KEY_4,1160086500,서부간선도로,1160047302,지하차도(남측),126.8808635001100669_37.5145797730726116,1160047703,속성변화점,126.8818358373772242_37.5156646964920810,149.0,63.0,원활,126.8818358373772242_37.5156646964920810|126.8817756609145988_37.5155691272293694|126.8815593931245047_37.5153208751787091|126.8809662175801094_37.5147606652219707|126.8808635001100669_37.5145797730726116
2026-09-04T06:42:24.849833+09:00,안양천,안양천,POI125,KEY_4,1180001302,서부간선도로,1180000404,신정교교차로,126.8821548721505508_37.5161762663576610,1180029502,지하차도(북측),126.8821347742308632_37.5181953925741851,226.0,14.0,정체,126.8821347742308632_37.5181953925741851|126.8821764225875199_37.5179333317516850|126.8822522626400513_37.5174561091917340|126.8823032686718761_37.5170219351509999|126.8822933899772067_37.5168032212340421|126.8822600485964784_37.5165639563687208|126.8821803916431321_37.5162355054491172|126.8821548721505508_37.5161762663576610
2026-09-04T06:42:24.849833+09:00,안양천,안양천,POI125,KEY_4,1180001303,서부간선도로,1180029502,지하차도(북측),126.8821347742308632_37.5181953925741851,1180039802,지하차도(남측),126.8816377409904419_37.5220471208314379,430.0,57.0,원활,126.8816377409904419_37.5220471208314379|126.8816588750321870_37.5218659446900631|126.8818010380468877_37.5205983469667856|126.8818795627989147_37.5198012328953183|126.8821347742308632_37.5181953925741851
2026-09-04T06:42:24.849833+09:00,안양천,안양천,POI125,KEY_4,1180001304,서부간선도로,1180039802,지하차도(남측),126.8816377409904419_37.5220471208314379,1180043603,오목교(동측),126.8814322117859632_37.5235690185835296,171.0,39.7,원활,126.8814322117859632_37.5235690185835296|126.8814491142259584_37.5230798735196203|126.8815449824190154_37.5222579698871712|126.8816377409904419_37.5220471208314379
2026-09-04T06:42:24.849833+09:00,안양천,안양천,POI125,KEY_4,1180001401,서부간선도로,1180029501,지하차도(북측),126.8822694875200909_37.5182089755097508,1180000401,신정교교차로,126.8822840164086045_37.5161428086982127,231.0,30.0,원활,126.8822840164086045_37.5161428086982127|126.8823119113908717_37.5162075577046394|126.8823944066752887_37.5165477063838750|126.8824289072809677_37.5167953003374279|126.8824392848786431_37.5170250403142660|126.8823872535443513_37.5174679441118002|126.8823218289801673_37.5178796219673174|126.8822694875200909_37.5182089755097508
2026-09-04T06:42:24.849833+09:00,안양천,안양천,POI125,KEY_4,1180001402,서부간선도로,1180039801,지하차도(남측),126.8817729565984678_37.5220571259198366,1180029501,지하차도(북측),126.8822694875200909_37.5182089755097508,429.0,37.0,원활,126.8822694875200909_37.5182089755097508|126.8820146869627621_37.5198122610743354|126.8819363590698259_37.5206073896224908|126.8817941111366849_37.5218757586812330|126.8817729565984678_37.5220571259198366
2026-09-04T06:42:24.849833+09:00,안양천,안양천,POI125,KEY_4,1180001403,서부간선도로,1180043602,오목교(동측),126.8817053471465925_37.5235261002078246,1180039801,지하차도(남측),126.8817729565984678_37.5220571259198366,164.0,36.0,원활,126.8817729565984678_37.5220571259198366|126.8818156332547176_37.5222756645993343|126.8817203162169847_37.5230928666769614|126.8817053471465925_37.5235261002078246
2026-09-04T06:42:24.849833+09:00,안양천,안양천,POI125,KEY_4,1180017001,도림천로,1180000403,신정교교차로,126.8821108094355594_37.5160739870999933,1160119602,구로구-영등포구,126.8797245973547803_37.5166854276940924,222.0,33.0,원활,126.8797245973547803_37.5166854276940924|126.8815754833351122_37.5162128295313266|126.8821108094355594_37.5160739870999933
2026-09-04T06:42:24.849833+09:00,안양천,안양천,POI125,KEY_4,1180017101,도림천로,1160119601,구로구-영등포구,126.8797659831452904_37.5167884002737182,1180000404,신정교교차로,126.8821548721505508_37.5161762663576610,222.0,47.0,원활,126.8821548721505508_37.5161762663576610|126.8816175090696134_37.5163156373744968|126.8797659831452904_37.5167884002737182
2026-09-04T06:42:24.849833+09:00,안양천,안양천,POI125,KEY_4,1180027800,오목로,1180043603,오목교(동측),126.8814322117859632_37.5235690185835296,1180072102,양천구-영등포구,126.8798127598729764_37.5238124759839593,146.0,50.0,원활,126.8798127598729764_37.5238124759839593|126.8814322117859632_37.5235690185835296
2026-09-04T06:42:24.849833+09:00,안양천,안양천,POI125,KEY_4,1180027901,오목로,1180072101,양천구-영등포구,126.8798383046578664_37.5239186642518590,1180043800,오목교(서측),126.8804633953107981_37.5238246952276810,56.0,48.0,원활,126.8804633953107981_37.5238246952276810|126.8798383046578664_37.5239186642518590
2026-09-04T06:42:24.849833+09:00,안양천,안양천,POI125,KEY_4,1180027902,오목로,1180043800,오목교(서측),126.8804633953107981_37.5238246952276810,1180043604,오목교(동측),126.8814283900210569_37.5236796179324799,87.0,48.0,원활,126.8814283900210569_37.5236796179324799|126.8804633953107981_37.5238246952276810
2026-09-04T06:42:24.849833+09:00,안양천,안양천,POI125,KEY_4,1180069200,서부간선도로,1180029501,지하차도(북측),126.8822694875200909_37.5182089755097508,1160047702,속성변화점,126.8820744160497327_37.5155610940041981,302.0,39.0,원활,126.8820744160497327_37.5155610940041981|126.8821718541549046_37.5157158406422866|126.8823776706625353_37.5161935837768254|126.8824615845632593_37.5165395804319672|126.8824966659229574_37.5167913393802976|126.8825072929849966_37.5170265937381728|126.8824547495795940_37.5174738606135492|126.8823703586272131_37.5180048867798703|126.8822694875200909_37.5182089755097508
2026-09-04T06:42:24.849833+09:00,안양천,안양천,POI125,KEY_4,1180069300,서부간선도로,1160047703,속성변화점,126.8818358373772242_37.5156646964920810,1180029502,지하차도(북측),126.8821347742308632_37.5181953925741851,287.0,62.0,원활,126.8821347742308632_37.5181953925741851|126.8821034416390603_37.5179619274509548|126.8821847666370672_37.5174501925743016|126.8822352605743049_37.5170203816096404|126.8822256313140144_37.5168071820745084|126.8821928695353733_37.5165720813037566|126.8821146323010538_37.5162494774648607|126.8819209169217288_37.5157998167306985|126.8818358373772242_37.5156646964920810
2026-09-04T06:42:24.849833+09:00,안양천,안양천,POI125,KEY_4,1180089100,서부간선도로,1180045301,양평동 488,126.8819829949260480_37.5250903944249004,1180039801,지하차도(남측),126.8817729565984678_37.5220571259198366,342.0,28.0,원활,126.8817729565984678_37.5220571259198366|126.8816525281542766_37.5230896182332216|126.8816213021879520_37.5239933226042837|126.8816890923990712_37.5243066319619558|126.8817580718192630_37.5245520474594514|126.8818563203447809_37.5248208551664248|126.8819829949260480_37.5250903944249004
2026-09-04T06:42:24.849833+09:00,안양천,안양천,POI125,KEY_4,1180089200,서부간선도로,1180039802,지하차도(남측),126.8816377409904419_37.5220471208314379,1180045302,양평동 488,126.8818626446242632_37.5251361728659560,348.0,58.5,원활,126.8818626446242632_37.5251361728659560|126.8817273514576556_37.5248549758679957|126.8816264833464089_37.5245790024652521|126.8815558360683724_37.5243276422111620|126.8814851826298593_37.5240010941867013|126.8815169022707323_37.5230831220800951|126.8816377409904419_37.5220471208314379
2026-09-04T06:42:24.849833+09:00,안양천,안양천,POI125,KEY_4,1180089900,서부간선도로,1180043800,오목교(서측),126.8804633953107981_37.5238246952276810,1180045302,양평동 488,126.8818626446242632_37.5251361728659560,208.0,41.0,원활,126.8818626446242632_37.5251361728659560|126.8816385318922642_37.5248793923368780|126.8815300030075406_37.5245992080018098|126.8814312596801130_37.5243394635966752|126.8813948548748982_37.5242627716034676|126.8813460143441176_37.5241745577067860|126.8812984599446878_37.5241121903218371|126.8812214161666958_37.5240425681289551|126.8811262132405346_37.5239774434312139|126.8810094381192073_37.5239204257641390|126.8808620127177420_37.5238742152199620|126.8807474520110077_37.5238533270029251|126.8805895923610478_37.5238375414289891|126.8804633953107981_37.5238246952276810
2026-09-04T06:42:24.849833+09:00,양화한강공원,양화한강공원,POI103,KEY_1,1180003700,선유로,1180061900,양화대교남측(북측),126.9003162310957862_37.5391581962178265,1180065002,마포구-영등포구,126.9034340062914481_37.5428697829536162,497.0,61.5,원활,126.9034340062914481_37.5428697829536162|126.9031865441036899_37.5426673699542377|126.9028418671644545_37.5423392663843316|126.9024924710115556_37.5419306337797138|126.9003162310957862_37.5391581962178265
2026-09-04T06:42:24.849833+09:00,양화한강공원,양화한강공원,POI103,KEY_1,1180003800,선유로,1180065001,마포구-영등포구,126.9035313025047884_37.5427943648450224,1180061700,양화대교남측(북측),126.9004310790266459_37.5391005237055850,494.0,60.0,원활,126.9004310790266459_37.5391005237055850|126.9026062043023870_37.5418715328792629|126.9029503279271580_37.5422739970822121|126.9032874115673764_37.5425948735123498|126.9035313025047884_37.5427943648450224
2026-09-04T06:42:24.849833+09:00,양화한강공원,양화한강공원,POI103,KEY_1,1180004201,올림픽대로,1180066401,성산대교분기점,126.8888411626850399_37.5477825572430532,1180064302,한강자전거대여소양화,126.8925371457164317_37.5437742927481963,562.0,74.0,원활,126.8925371457164317_37.5437742927481963|126.8920840338608400_37.5440075512365325|126.8918458095331800_37.5441503668725076|126.8916839670621073_37.5442682214603991|126.8915086205845597_37.5444075189047268|126.8912747864056456_37.5446182790339265|126.8910723726072547_37.5448397949720913|126.8908082604970247_37.5451847993744181|126.8904271842300204_37.5458700829895804|126.8902166002092571_37.5462759413564910|126.8900581956828546_37.5465467648014553|126.8898977213294899_37.5467868872686736|126.8896168017271009_37.5471118530247878|126.8893965836439008_37.5473450677299567|126.8891910883715042_37.5475280831896328|126.8889220242193687_37.5477175184840135|126.8888411626850399_37.5477825572430532
2026-09-04T06:42:24.849833+09:00,양화한강공원,양화한강공원,POI103,KEY_1,1180004202,올림픽대로,1180275300,최소노드배치점,126.8973404856717053_37.5409999643048806,1180061502,당산지하차도(북측),126.9013196980885141_37.5387211185546263,433.0,77.3,원활,126.9013196980885141_37.5387211185546263|126.9011851683369798_37.5388053759942224|126.9010147859780204_37.5389041639828065|126.9004464163211310_37.5392052021772926|126.8992840080575490_37.5398659278211255|126.8987716979411147_37.5401444059229448|126.8984481243431901_37.5403264967326322|126.8981425252922151_37.5404978739526811|126.8973404856717053_37.5409999643048806
2026-09-04T06:42:24.849833+09:00,양화한강공원,양화한강공원,POI103,KEY_1,1180106800,양화한강공원.내부도로,1180060401,당산지하차도(북측),126.9052179013469726_37.5363533026194389,1180059701,당산지하차도(남측),126.9041930519550760_37.5351897850495106,158.0,28.0,원활,126.9041930519550760_37.5351897850495106|126.9047283439570037_37.5357132613154292|126.9052179013469726_37.5363533026194389
2026-09-04T06:42:24.849833+09:00,양화한강공원,양화한강공원,POI103,KEY_1,1180106900,양화한강공원.내부도로,1180059702,당산지하차도(남측),126.9040909209916776_37.5352609227878347,1180060402,당산지하차도(북측),126.9050972926407468_37.5364022801269641,155.0,24.0,서행,126.9050972926407468_37.5364022801269641|126.9046172037866143_37.5357758001345374|126.9040909209916776_37.5352609227878347
2026-09-04T06:42:24.849833+09:00,양화한강공원,양화한강공원,POI103,KEY_1,1180107400,올림픽대로,1180061501,당산지하차도(북측),126.9015556784025023_37.5385874968487485,1180001500,여의하류IC,126.9073822654269605_37.5347960718864755,667.0,80.5,원활,126.9073822654269605_37.5347960718864755|126.9072345317692054_37.5349134869402548|126.9069884611113679_37.5350909463555098|126.9066843956993864_37.5352965328221515|126.9063396243953719_37.5355128432645273|126.9060177401819942_37.5357001839244901|126.9056790545791955_37.5358867804719907|126.9054259255949972_37.5360232687841986|126.9050418875323629_37.5362207157517815|126.9046007978930533_37.5364411017063091|126.9042278359899285_37.5366410471238581|126.9039222571481389_37.5368195915804179|126.9036885517153763_37.5369767392636717|126.9034053986285784_37.5371731792037053|126.9032818580892439_37.5372705365657353|126.9028659897484346_37.5375982637741359|126.9021557476865922_37.5381662372690172|126.9016882954194330_37.5384984036018210|126.9015556784025023_37.5385874968487485
2026-09-04T06:42:24.849833+09:00,양화한강공원,양화한강공원,POI103,KEY_1,1180116501,올림픽대로,1180068901,속성변화점,126.8911950618084461_37.5453818553184533,1180064301,한강자전거대여소양화,126.8929620179760462_37.5435397753914373,258.0,31.0,서행,126.8929620179760462_37.5435397753914373|126.8924624352412280_37.5440132348647282|126.8921333363990129_37.5443174516262701|126.8918236172157776_37.5446297185144644|126.8914783258249201_37.5450221939402695|126.8912862280317455_37.5452796272142280|126.8911950618084461_37.5453818553184533
2026-09-04T06:42:24.849833+09:00,양화한강공원,양화한강공원,POI103,KEY_1,1180116502,올림픽대로,1180068801,양화지구요트장,126.8906329199262615_37.5461883353215242,1180068901,속성변화점,126.8911950618084461_37.5453818553184533,103.0,31.5,서행,126.8911950618084461_37.5453818553184533|126.8910827866964581_37.5455077528260404|126.8909175555900362_37.5457420455788693|126.8907568639606609_37.5460066305290283|126.8907556915637258_37.5460085609179472|126.8906329199262615_37.5461883353215242
2026-09-04T06:42:24.849833+09:00,양화한강공원,양화한강공원,POI103,KEY_1,1180116503,올림픽대로,1180066401,성산대교분기점,126.8888411626850399_37.5477825572430532,1180068801,양화지구요트장,126.8906329199262615_37.5461883353215242,243.0,35.7,서행,126.8906329199262615_37.5461883353215242|126.8902923101416604_37.5466870824158718|126.8900853961976480_37.5469673717390222|126.8898821258784295_37.5471728631900064|126.8896131444485746_37.5473865270969185|126.8894001209834528_37.5475258725971770|126.8888411626850399_37.5477825572430532
2026-09-04T06:42:24.849833+09:00,양화한강공원,양화한강공원,POI103,KEY_1,1180120000,올림픽대로,1180064302,한강자전거대여소양화,126.8925371457164317_37.5437742927481963,1180068902,속성변화점,126.8910843041868759_37.5453192348812976,215.0,28.0,정체,126.8910843041868759_37.5453192348812976|126.8911722698863258_37.5452205951209876|126.8913641468294173_37.5449634600574385|126.8917145990619275_37.5445651196867445|126.8920285271805284_37.5442486087197196|126.8923589710925626_37.5439431491933036|126.8925371457164317_37.5437742927481963
2026-09-04T06:42:24.849833+09:00,양화한강공원,양화한강공원,POI103,KEY_1,1180120300,올림픽대로,1180273000,양화동 1-1,126.8906348080487021_37.5459591553834642,1180068802,양화지구요트장,126.8905741506410152_37.5460479760438872,11.0,27.0,정체,126.8905741506410152_37.5460479760438872|126.8906348080487021_37.5459591553834642
2026-09-04T06:42:24.849833+09:00,양화한강공원,양화한강공원,POI103,KEY_1,1180120400,양평로30길.인접길,1180068802,양화지구요트장,126.8905741506410152_37.5460479760438872,1180065702,노들로지하차도(북측),126.8898740097263413_37.5457796920981295,69.0,24.3,서행,126.8898740097263413_37.5457796920981295|126.8899657563483601_37.5458262969566476|126.8905741506410152_37.5460479760438872
2026-09-04T06:42:24.849833+09:00,양화한강공원,양화한강공원,POI103,KEY_1,1180120500,양평로30길.인접길,1180065701,노들로지하차도(북측),126.8898352916660031_37.5458883205518816,1180068801,양화지구요트장,126.8906329199262615_37.5461883353215242,78.0,21.3,정체,126.8906329199262615_37.5461883353215242|126.8899006495960151_37.5459215204837946|126.8898352916660031_37.5458883205518816
2026-09-04T06:42:24.849833+09:00,어린이대공원,어린이대공원,POI104,KEY_2,1040001702,자양로,1040047400,구의동 234-20,127.0850134877562425_37.5445799545474230,1040019303,구의사거리,127.0852016679581027_37.5450327198646008,53.0,26.0,원활,127.0852016679581027_37.5450327198646008|127.0850134877562425_37.5445799545474230
2026-09-04T06:42:24.849833+09:00,어린이대공원,어린이대공원,POI104,KEY_2,1040003702,천호대로,1040023704,아차산역(서울5호선),127.0894152102956696_37.5523730777975402,1040023802,아차산역앞교차로,127.0884235759888412_37.5534828698855989,152.0,22.0,서행,127.0884235759888412_37.5534828698855989|127.0886624862391585_37.5532839277980628|127.0886637034305267_37.5532829142311328|127.0888873635349370_37.5530645974054096|127.0890268085873771_37.5528999527207930|127.0891093055435448_37.5528025470138260|127.0892864462199441_37.5525787801403368|127.0893773157368827_37.5524360852402097|127.0894152102956696_37.5523730777975402
2026-09-04T06:42:24.849833+09:00,어린이대공원,어린이대공원,POI104,KEY_2,1040003703,천호대로,1040023005,아차산역(서울5호선),127.0896155483765142_37.5519975307228222,1040023703,아차산역(서울5호선),127.0894712980461918_37.5522739019515015,33.0,37.0,원활,127.0894712980461918_37.5522739019515015|127.0896155483765142_37.5519975307228222
2026-09-04T06:42:24.849833+09:00,어린이대공원,어린이대공원,POI104,KEY_2,1040003704,천호대로,1040055900,구의동 96,127.0897928318516392_37.5516388382775688,1040023004,아차산역(서울5호선),127.0896662697747672_37.5518971990822621,31.0,27.0,원활,127.0896662697747672_37.5518971990822621|127.0897928318516392_37.5516388382775688
2026-09-04T06:42:24.849833+09:00,어린이대공원,어린이대공원,POI104,KEY_2,1040012000,능동로,1040114300,화양동 164-1,127.0738499175466529_37.5469075575045395,1040021503,어린이대공원역교차로,127.0740638995458625_37.5472462986414683,43.0,16.5,서행,127.0740638995458625_37.5472462986414683|127.0740081337839626_37.5472033770291134|127.0739561575077659_37.5471262732918802|127.0738499175466529_37.5469075575045395
2026-09-04T06:42:24.849833+09:00,어린이대공원,어린이대공원,POI104,KEY_2,1040013002,광나루로,1040057800,능동 18-13,127.0824979527504297_37.5451942361248854,1040019707,능동 465-11,127.0801323371978810_37.5453265943592029,210.0,21.7,서행,127.0801323371978810_37.5453265943592029|127.0824979527504297_37.5451942361248854
2026-09-04T06:42:24.849833+09:00,어린이대공원,어린이대공원,POI104,KEY_2,1040013003,광나루로,1040117200,화양동 523-1,127.0748637792651294_37.5470177472935376,1040021502,어린이대공원역교차로,127.0742105755008993_37.5472088130338690,62.0,21.5,서행,127.0742105755008993_37.5472088130338690|127.0744760629178813_37.5471475290462635|127.0747110648677989_37.5470725121037390|127.0748637792651294_37.5470177472935376
2026-09-04T06:42:24.849833+09:00,어린이대공원,어린이대공원,POI104,KEY_2,1040013004,광나루로,1040106900,능동 465-6,127.0782098816718957_37.5456461445395817,1040019704,능동465-10,127.0762471218919387_37.5463437278881926,192.0,42.0,원활,127.0762471218919387_37.5463437278881926|127.0769710074017240_37.5459868418889471|127.0772206451426740_37.5458814034881883|127.0774360550218915_37.5458142118875813|127.0777244787871325_37.5457522535124895|127.0782098816718957_37.5456461445395817
2026-09-04T06:42:24.849833+09:00,어린이대공원,어린이대공원,POI104,KEY_2,1040013102,광나루로,1040085100,능동 462,127.0845336132097145_37.5451835926679252,1040019304,구의사거리,127.0852617177113899_37.5451373705296305,65.0,28.0,원활,127.0852617177113899_37.5451373705296305|127.0845336132097145_37.5451835926679252
2026-09-04T06:42:24.849833+09:00,어린이대공원,어린이대공원,POI104,KEY_2,1040013103,광나루로,1040090500,능동 465-11,127.0785202210576728_37.5456904243164828,1040019709,능동 465-11,127.0800014772765110_37.5454416646291946,134.0,21.5,서행,127.0800014772765110_37.5454416646291946|127.0797557368217099_37.5454526161265392|127.0795563669481396_37.5454751638663069|127.0794025475084794_37.5454975391919774|127.0791842773309526_37.5455452558775349|127.0785202210576728_37.5456904243164828
2026-09-04T06:42:24.849833+09:00,어린이대공원,어린이대공원,POI104,KEY_2,1040013104,광나루로,1040021501,어린이대공원역교차로,127.0743034621454655_37.5472999431202226,1040019702,능동465-10,127.0761424954991696_37.5465224763344168,185.0,15.0,서행,127.0761424954991696_37.5465224763344168|127.0756119425461179_37.5467840399242760|127.0751851251593791_37.5469944586241908|127.0751691298701047_37.5470022981979028|127.0749826196579164_37.5470937098645052|127.0749195443242172_37.5471163292778130|127.0747642377408795_37.5471720234904396|127.0745203439082331_37.5472498788895024|127.0743034621454655_37.5472999431202226
2026-09-04T06:42:24.849833+09:00,어린이대공원,어린이대공원,POI104,KEY_2,1040013500,광나루로,1040022106,화양삼거리,127.0705751138821142_37.5480841538030390,1040021504,어린이대공원역교차로,127.0741659660582599_37.5473332285597650,329.0,36.5,원활,127.0741659660582599_37.5473332285597650|127.0725793362072835_37.5477529486592232|127.0723983135173967_37.5477978010862756|127.0722290249340176_37.5478397458256126|127.0719422259231237_37.5478921797309795|127.0712641935088385_37.5479873932270394|127.0711515062522068_37.5480032170662241|127.0705751138821142_37.5480841538030390
2026-09-04T06:42:24.849833+09:00,어린이대공원,어린이대공원,POI104,KEY_2,1040014301,능동로,1040035000,능동 436-10,127.0764227755948639_37.5510178459050650,1040021501,어린이대공원역교차로,127.0743034621454655_37.5472999431202226,454.0,18.0,서행,127.0743034621454655_37.5472999431202226|127.0743627740555723_37.5473648979059718|127.0744499846126558_37.5474861903546113|127.0753298565593923_37.5489917495963965|127.0753384687054393_37.5490061886858584|127.0760108959974275_37.5501335583072020|127.0761500673246900_37.5503811278221491|127.0762744416538226_37.5506461437392076|127.0764227755948639_37.5510178459050650
2026-09-04T06:42:24.849833+09:00,어린이대공원,어린이대공원,POI104,KEY_2,1040036100,능동로32길,1040037800,능동 262-3,127.0873003378867026_37.5520986838956929,1040023704,아차산역(서울5호선),127.0894152102956696_37.5523730777975402,203.0,15.0,서행,127.0894152102956696_37.5523730777975402|127.0892263838892546_37.5523242468070180|127.0891766044352096_37.5523166637736523|127.0886595708244471_37.5523412692495668|127.0885738710277053_37.5523532015114228|127.0884820724995592_37.5524244455627922|127.0883918724937871_37.5524282928071429|127.0881666694092615_37.5523307128257855|127.0873648285240307_37.5520520112069249|127.0873476371065038_37.5520558576716894|127.0873003378867026_37.5520986838956929
2026-09-04T06:42:24.849833+09:00,여의도한강공원,여의도한강공원,POI105,KEY_3,1180002601,여의대로,1180051800,마포대교,126.9308059681326171_37.5299618570035207,1180050901,마포대교앞교차로,126.9295779021332464_37.5291926767471580,138.0,56.0,원활,126.9295779021332464_37.5291926767471580|126.9308059681326171_37.5299618570035207
2026-09-04T06:42:24.849833+09:00,여의도한강공원,여의도한강공원,POI105,KEY_3,1180002501,여의대로,1180050904,마포대교앞교차로,126.9294559117414423_37.5292538203661366,1180052400,마포대교,126.9307212821010751_37.5300463600273631,142.0,45.0,원활,126.9307212821010751_37.5300463600273631|126.9294559117414423_37.5292538203661366
2026-09-04T06:42:24.849833+09:00,여의도한강공원,여의도한강공원,POI105,KEY_3,1180002602,여의대로,1180263600,최소노드배치점,126.9340230665834355_37.5320236982424547,1180051800,마포대교,126.9308059681326171_37.5299618570035207,365.0,60.3,원활,126.9308059681326171_37.5299618570035207|126.9335784255592046_37.5317501054697615|126.9340230665834355_37.5320236982424547
2026-09-04T06:42:24.849833+09:00,여의도한강공원,여의도한강공원,POI105,KEY_3,1180018603,여의동로,1180248600,여의도동 7-6,126.9406867369458780_37.5205161735924975,1180007003,시범아파트앞교차로,126.9402919444834907_37.5208989401789523,56.0,41.0,원활,126.9402919444834907_37.5208989401789523|126.9404650735248765_37.5207821875801457|126.9406178353196282_37.5206239357599500|126.9406867369458780_37.5205161735924975
2026-09-04T06:42:24.849833+09:00,여의도한강공원,여의도한강공원,POI105,KEY_3,1180018705,여의동로,1180033601,여의상류IC,126.9410620352872030_37.5197641943777285,1180032700,여의상류IC,126.9408644596989291_37.5190433065538684,83.0,27.0,원활,126.9408644596989291_37.5190433065538684|126.9409385909511201_37.5191950815743880|126.9409922183505728_37.5193112485734019|126.9410273832007618_37.5194267107547716|126.9410583553759722_37.5195846269940034|126.9410620352872030_37.5197641943777285
2026-09-04T06:42:24.849833+09:00,여의도한강공원,여의도한강공원,POI105,KEY_3,1180018706,여의동로,1180248500,여의도동 7-5,126.9408076990061289_37.5205652394176070,1180033601,여의상류IC,126.9410620352872030_37.5197641943777285,92.0,37.5,원활,126.9410620352872030_37.5197641943777285|126.9410197256354849_37.5200367526254936|126.9409429071853452_37.5203021469964426|126.9408500463545408_37.5204990074997298|126.9408076990061289_37.5205652394176070
2026-09-04T06:42:24.849833+09:00,여의도한강공원,여의도한강공원,POI105,KEY_3,1180024601,여의동로,1180007004,시범아파트앞교차로,126.9401991775211798_37.5209785278175971,1180007602,원효대교앞교차로,126.9377991695937595_37.5228304435030964,295.0,42.0,원활,126.9377991695937595_37.5228304435030964|126.9394041207515187_37.5216176335209894|126.9401086909208090_37.5210660656542530|126.9401991775211798_37.5209785278175971
2026-09-04T06:42:24.849833+09:00,여의도한강공원,여의도한강공원,POI105,KEY_3,1180024701,여의동로,1180039300,원효대교(남측),126.9394984211137256_37.5216954122665811,1180007001,시범아파트앞교차로,126.9403039746038786_37.5210472508129982,101.0,53.0,원활,126.9403039746038786_37.5210472508129982|126.9402089441002488_37.5211391841689448|126.9394984211137256_37.5216954122665811
2026-09-04T06:42:24.849833+09:00,여의도한강공원,여의도한강공원,POI105,KEY_3,1180024702,여의동로,1180007601,원효대교앞교차로,126.9379087682920613_37.5228966618330730,1180039300,원효대교(남측),126.9394984211137256_37.5216954122665811,194.0,23.0,서행,126.9394984211137256_37.5216954122665811|126.9379087682920613_37.5228966618330730
2026-09-04T06:42:24.849833+09:00,여의도한강공원,여의도한강공원,POI105,KEY_3,1180027701,여의동로,1180044300,원효대교(남측),126.9363222446695119_37.5240962818884185,1180007604,원효대교앞교차로,126.9378089860223895_37.5229720840527037,181.0,20.0,서행,126.9378089860223895_37.5229720840527037|126.9363222446695119_37.5240962818884185
2026-09-04T06:42:24.849833+09:00,여의도한강공원,여의도한강공원,POI105,KEY_3,1180027702,여의동로,1180008201,여의도선착장앞교차로,126.9353157098191645_37.5248573421928668,1180044300,원효대교(남측),126.9363222446695119_37.5240962818884185,123.0,19.5,서행,126.9363222446695119_37.5240962818884185|126.9353157098191645_37.5248573421928668
2026-09-04T06:42:24.849833+09:00,여의도한강공원,여의도한강공원,POI105,KEY_3,1180031700,여의대방로,1180263900,최소노드배치점,126.9423668339206870_37.5252518313100794,1180043100,원효대교남단,126.9389194214592607_37.5234603791527448,364.0,64.5,원활,126.9389194214592607_37.5234603791527448|126.9423668339206870_37.5252518313100794
2026-09-04T06:42:24.849833+09:00,여의도한강공원,여의도한강공원,POI105,KEY_3,1180033501,여의동로,1180050000,마포대교남측,126.9304020221015321_37.5286131745307898,1180009104,여의중고교앞교차로,126.9325853985016863_37.5269417668937137,268.0,16.0,서행,126.9325853985016863_37.5269417668937137|126.9317038491518019_37.5276028935370434|126.9307836236958451_37.5283174604033363|126.9306853496340324_37.5283936719680753|126.9304020221015321_37.5286131745307898
2026-09-04T06:42:24.849833+09:00,여의도한강공원,여의도한강공원,POI105,KEY_3,1180033503,여의동로,1180050901,마포대교앞교차로,126.9295779021332464_37.5291926767471580,1180050000,마포대교남측,126.9304020221015321_37.5286131745307898,97.0,13.0,정체,126.9304020221015321_37.5286131745307898|126.9299369050538218_37.5289735100707489|126.9295779021332464_37.5291926767471580
2026-09-04T06:42:24.849833+09:00,여의도한강공원,여의도한강공원,POI105,KEY_3,1180038004,여의서로,1180057702,여의하류IC,126.9116446085465810_37.5333341738394211,1180010601,여의하류IC,126.9158866788485369_37.5334891812985134,389.0,18.0,서행,126.9158866788485369_37.5334891812985134|126.9157160525504509_37.5335075640938882|126.9145253690237212_37.5336052142657834|126.9129473608267773_37.5337346107591614|126.9127263123781830_37.5337454488282916|126.9125619724539717_37.5337376282147730|126.9123498788537177_37.5336886646839432|126.9121669423552277_37.5336324766132563|126.9119754499676134_37.5335430187373973|126.9117951706554237_37.5334397412671237|126.9116446085465810_37.5333341738394211
2026-09-04T06:42:24.849833+09:00,여의도한강공원,여의도한강공원,POI105,KEY_3,1180038702,여의서로,1180323000,최소노드배치점,126.9187881082516611_37.5328709059154022,1180010304,서강대교(남측),126.9216090189517701_37.5320376430852960,266.0,34.7,원활,126.9216090189517701_37.5320376430852960|126.9203533112228826_37.5324099776008708|126.9202812799588713_37.5324311902864451|126.9187881082516611_37.5328709059154022
2026-09-04T06:42:24.849833+09:00,여의도한강공원,여의도한강공원,POI105,KEY_3,1180039200,올림픽대로,1180058400,여의하류IC,126.9148490647562824_37.5338551834337650,1180010601,여의하류IC,126.9158866788485369_37.5334891812985134,100.0,29.7,정체,126.9158866788485369_37.5334891812985134|126.9155841280332453_37.5335956228786003|126.9148490647562824_37.5338551834337650
2026-09-04T06:42:24.849833+09:00,여의도한강공원,여의도한강공원,POI105,KEY_3,1180041102,국회대로,1180274900,최소노드배치점,126.9238759567866452_37.5352270758419237,1180010301,서강대교(남측),126.9217369577254289_37.5319990605573608,405.0,60.0,원활,126.9217369577254289_37.5319990605573608|126.9234661246942437_37.5346102805177892|126.9238759567866452_37.5352270758419237
2026-09-04T06:42:24.849833+09:00,여의도한강공원,여의도한강공원,POI105,KEY_3,1180086000,여의대방로,1180043100,원효대교남단,126.9389194214592607_37.5234603791527448,1180038401,원효대교(남측),126.9355118374576392_37.5214344074539099,377.0,51.0,원활,126.9355118374576392_37.5214344074539099|126.9357682265078324_37.5215237383808358|126.9368814016096110_37.5222080746101767|126.9378844663648636_37.5228141242598880|126.9386342653729258_37.5232817445596751|126.9389194214592607_37.5234603791527448
2026-09-04T06:42:24.849833+09:00,여의도한강공원,여의도한강공원,POI105,KEY_3,1180086100,여의대방로,1180038402,원효대교(남측),126.9354288936371944_37.5215199968422155,1180043400,원효대교남단,126.9388452416195463_37.5235509284484792,378.0,59.0,원활,126.9388452416195463_37.5235509284484792|126.9385269005017420_37.5234022392466500|126.9377236729463903_37.5229883934775685|126.9367164135576331_37.5223798075140991|126.9356023408485044_37.5216949187275617|126.9354288936371944_37.5215199968422155
2026-09-04T06:42:24.849833+09:00,여의도한강공원,여의도한강공원,POI105,KEY_3,1180086200,여의대방로,1180043100,원효대교남단,126.9389194214592607_37.5234603791527448,1180039300,원효대교(남측),126.9394984211137256_37.5216954122665811,256.0,47.7,원활,126.9394984211137256_37.5216954122665811|126.9394143576814571_37.5217932892441297|126.9390639344829168_37.5220578983287538|126.9386058222683715_37.5224039073714266|126.9384454643178373_37.5225455615191805|126.9383732776471589_37.5226476074626873|126.9383372872894142_37.5227369852470787|126.9383282232904264_37.5228406804968202|126.9383416241537788_37.5229229319018529|126.9383954201431948_37.5230195086963576|126.9384806415670255_37.5231196770154796|126.9389194214592607_37.5234603791527448
2026-09-04T06:42:24.849833+09:00,여의도한강공원,여의도한강공원,POI105,KEY_3,1180088800,여의동로,1180044300,원효대교(남측),126.9363222446695119_37.5240962818884185,1180043400,원효대교남단,126.9388452416195463_37.5235509284484792,262.0,51.3,원활,126.9388452416195463_37.5235509284484792|126.9384579493625438_37.5234164617016432|126.9382200598614503_37.5233412443599619|126.9380943813213918_37.5233018443910211|126.9379642022848174_37.5232767444369202|126.9378340066637492_37.5232731008024061|126.9376229810390129_37.5232872929537464|126.9374613272680392_37.5233193903731248|126.9373544849209878_37.5233714062846175|126.9371561824279837_37.5235065711294808|126.9363767315390135_37.5240925820042506|126.9363222446695119_37.5240962818884185
2026-09-04T06:42:24.849833+09:00,여의도한강공원,여의도한강공원,POI105,KEY_3,1180097300,여의대로,1180051800,마포대교,126.9308059681326171_37.5299618570035207,1180050000,마포대교남측,126.9304020221015321_37.5286131745307898,175.0,49.0,원활,126.9304020221015321_37.5286131745307898|126.9302674992351569_37.5287639444649983|126.9301715807580422_37.5289069217861453|126.9301534341487070_37.5291071595431802|126.9301772199870157_37.5292788143913825|126.9302847624288546_37.5295125003925918|126.9308059681326171_37.5299618570035207
2026-09-04T06:42:24.849833+09:00,여의도한강공원,여의도한강공원,POI105,KEY_3,1180098300,여의대로,1180051900,마포대교(남측),126.9282127564699607_37.5297704303567201,1180052400,마포대교,126.9307212821010751_37.5300463600273631,231.0,42.0,원활,126.9307212821010751_37.5300463600273631|126.9298072793187941_37.5297592892750274|126.9295379418201009_37.5296911879758781|126.9293044968049458_37.5296517134467038|126.9291024559104528_37.5296408650083890|126.9289048951919625_37.5296407462443824|126.9286983266459004_37.5296692285065987|126.9283704934996138_37.5297333958644117|126.9282127564699607_37.5297704303567201
2026-09-04T06:42:24.849833+09:00,여의도한강공원,여의도한강공원,POI105,KEY_3,1180103700,올림픽대로,1180056900,여의하류IC앞,126.9099107440064671_37.5323785517192547,1180058100,여의하류IC,126.9113470954211209_37.5334759494431651,183.0,46.3,서행,126.9113470954211209_37.5334759494431651|126.9112574345930824_37.5333543028651491|126.9111647860354850_37.5332278867742630|126.9110691582745005_37.5330895481243871|126.9109675293688468_37.5329631251105766|126.9108449616440879_37.5328247659603988|126.9107313287380663_37.5327245564036360|126.9105578407508830_37.5326123820790158|126.9103573956169413_37.5325144895265197|126.9101523716446422_37.5324473163778976|126.9099107440064671_37.5323785517192547
2026-09-04T06:42:24.849833+09:00,여의도한강공원,여의도한강공원,POI105,KEY_3,1180104000,올림픽대로,1180322800,최소노드배치점,126.9188633519518135_37.5330663833708513,1180054900,여의하류IC,126.9238476077766080_37.5313717470433375,486.0,41.0,서행,126.9238476077766080_37.5313717470433375|126.9235232634260058_37.5316199137243132|126.9232000481612062_37.5318505638760769|126.9230158194888247_37.5319791744498730|126.9228496134543036_37.5320470077723343|126.9224004740734983_37.5321647167067241|126.9210485355217912_37.5325392848552042|126.9195124922006812_37.5329065609222638|126.9188633519518135_37.5330663833708513
2026-09-04T06:42:24.849833+09:00,여의도한강공원,여의도한강공원,POI105,KEY_3,1180104100,올림픽대로,1180058200,여의하류IC,126.9088719404886518_37.5335782193263654,1180057200,여의하류IC앞,126.9095075762253231_37.5324759606280765,136.0,54.7,원활,126.9095075762253231_37.5324759606280765|126.9094010991301218_37.5327426013710124|126.9092574981122681_37.5331043762872483|126.9092073553575375_37.5331971336186072|126.9090893547378300_37.5333503643350284|126.9088719404886518_37.5335782193263654
2026-09-04T06:42:24.849833+09:00,여의도한강공원,여의도한강공원,POI105,KEY_3,1180104200,올림픽대로,1180056900,여의하류IC앞,126.9099107440064671_37.5323785517192547,1180057200,여의하류IC앞,126.9095075762253231_37.5324759606280765,244.0,39.3,서행,126.9095075762253231_37.5324759606280765|126.9094841950826407_37.5325994681253974|126.9094564797182016_37.5327452630529876|126.9094313198684887_37.5328977660792660|126.9094484590793002_37.5330027836566202|126.9095046031765150_37.5330984571128070|126.9095730635125250_37.5331512658508686|126.9096595477012244_37.5331970100760017|126.9097791981177750_37.5332143016489468|126.9099049867064224_37.5332125452215948|126.9100668986708342_37.5331871216565673|126.9101840428222800_37.5331423950281788|126.9102684147233475_37.5330760409922490|126.9103138214403117_37.5330142623253735|126.9103534441543815_37.5329262222845230|126.9103630663362168_37.5328451854664635|126.9103489008242747_37.5327425678390441|126.9103166942296639_37.5326493988199772|126.9102455019530993_37.5325631892314817|126.9101144752508361_37.5324695269450785|126.9099107440064671_37.5323785517192547
2026-09-04T06:42:24.849833+09:00,여의도한강공원,여의도한강공원,POI105,KEY_3,1180104400,올림픽대로,1180058200,여의하류IC,126.9088719404886518_37.5335782193263654,1180058100,여의하류IC,126.9113470954211209_37.5334759494431651,236.0,44.5,서행,126.9113470954211209_37.5334759494431651|126.9111690623947908_37.5333607524628903|126.9109989641811467_37.5332847817553272|126.9108511282904743_37.5332339637287120|126.9106941120611651_37.5332081395440156|126.9105324361279230_37.5332037554386346|126.9103751385429319_37.5332137012479095|126.9102175873575931_37.5332558412137871|126.9100735400548814_37.5332944719436838|126.9099296329114139_37.5333152159377619|126.9097947662082930_37.5333288514592383|126.9096330327877951_37.5333316200244838|126.9094937305390545_37.5333380780400887|126.9093228160708549_37.5333658410132927|126.9091877513593118_37.5334045154003917|126.9090840728703284_37.5334505001922309|126.9088719404886518_37.5335782193263654
2026-09-04T06:42:24.849833+09:00,여의도한강공원,여의도한강공원,POI105,KEY_3,1180104700,올림픽대로,1180057702,여의하류IC,126.9116446085465810_37.5333341738394211,1180058600,여의하류IC,126.9124480904624335_37.5340012297976102,103.0,24.0,정체,126.9124480904624335_37.5340012297976102|126.9122745980778859_37.5338890571121127|126.9120682102647208_37.5337482538104155|126.9119545687167232_37.5336528126330577|126.9118678582978959_37.5335669276376009|126.9117632252879702_37.5334476543186142|126.9116446085465810_37.5333341738394211
2026-09-04T06:42:24.849833+09:00,여의도한강공원,여의도한강공원,POI105,KEY_3,1180105100,올림픽대로,1180058100,여의하류IC,126.9113470954211209_37.5334759494431651,1180058600,여의하류IC,126.9124480904624335_37.5340012297976102,118.0,35.0,서행,126.9124480904624335_37.5340012297976102|126.9122714926787694_37.5339844113092269|126.9121398055384304_37.5339604738344619|126.9119004108432165_37.5338863945131394|126.9117179131641819_37.5337956707200888|126.9115683555591261_37.5336954342220679|126.9114666742656965_37.5336119217694275|126.9113470954211209_37.5334759494431651
2026-09-04T06:42:24.849833+09:00,여의도한강공원,여의도한강공원,POI105,KEY_3,1180105300,올림픽대로,1180058600,여의하류IC,126.9124480904624335_37.5340012297976102,1180058400,여의하류IC,126.9148490647562824_37.5338551834337650,213.0,31.5,서행,126.9148490647562824_37.5338551834337650|126.9146365081849410_37.5338693333682087|126.9127833540508021_37.5340110131640330|126.9126216957507864_37.5340180458078123|126.9124480904624335_37.5340012297976102
2026-09-04T06:42:24.849833+09:00,여의도한강공원,여의도한강공원,POI105,KEY_3,1180105700,올림픽대로,1180001500,여의하류IC,126.9073822654269605_37.5347960718864755,1180058200,여의하류IC,126.9088719404886518_37.5335782193263654,189.0,55.0,원활,126.9088719404886518_37.5335782193263654|126.9083242197496730_37.5341084847941602|126.9081522571456162_37.5342685986380289|126.9077456701091364_37.5345598932521654|126.9073822654269605_37.5347960718864755
2026-09-04T06:42:24.849833+09:00,여의도한강공원,여의도한강공원,POI105,KEY_3,1180131800,올림픽대로,1180073200,여의상류IC,126.9413747929981042_37.5171839921024386,1180072900,여의상류IC,126.9406083800987517_37.5174248708792817,223.0,38.0,서행,126.9406083800987517_37.5174248708792817|126.9405930312344424_37.5175435153873309|126.9406092616678592_37.5176670087558009|126.9406471748521454_37.5177969651017236|126.9407050223394009_37.5178687842951106|126.9407719322446866_37.5179299139964257|126.9408479565857988_37.5179732011517402|126.9409330178654471_37.5180093757528255|126.9410361749584411_37.5180277509984137|126.9411618942258571_37.5180319231682446|126.9413057634171480_37.5180111401280030|126.9414454615370147_37.5179474103264710|126.9415493929910213_37.5178620475961679|126.9416038699689295_37.5177836052660467|126.9416231424661277_37.5177302402591408|126.9416451412587463_37.5176693288908751|126.9416504315423992_37.5175620364262841|126.9416241520395943_37.5174724808295537|126.9415895959336780_37.5173712900806677|126.9415130106084462_37.5172832160456764|126.9414200748953476_37.5172121420924327|126.9413747929981042_37.5171839921024386
2026-09-04T06:42:24.849833+09:00,여의도한강공원,여의도한강공원,POI105,KEY_3,1180131900,올림픽대로,1180033601,여의상류IC,126.9410620352872030_37.5197641943777285,1180073300,여의상류IC,126.9429855095649771_37.5174961988850910,356.0,41.0,서행,126.9429855095649771_37.5174961988850910|126.9425770783428646_37.5174620764480835|126.9423645811656343_37.5174515339232642|126.9422687580351123_37.5174534666303643|126.9421458647768333_37.5174719653657647|126.9420678452474931_37.5174954451136884|126.9419987904991132_37.5175213520105117|126.9419236224377983_37.5175639235214362|126.9418634063433728_37.5176089512716757|126.9418000721829998_37.5176706568276828|126.9417427069557931_37.5177485130741815|126.9416003222524836_37.5179582783130741|126.9415367386929461_37.5180533702759931|126.9414333808193476_37.5182627473598558|126.9414028723800385_37.5183389174551678|126.9413353512353808_37.5185603874609441|126.9413075523894747_37.5186747280699180|126.9411772528702187_37.5192846297340026|126.9411243449818727_37.5195538654257774|126.9410620352872030_37.5197641943777285
2026-09-04T06:42:24.849833+09:00,여의서로,여의서로,POI126,KEY_4,1180031402,국회대로,1180046001,여의2교남단교차로,126.9110548372880771_37.5257645667991255,1180047804,의원회관앞교차로,126.9134650625379095_37.5269942928087872,253.0,43.3,원활,126.9134650625379095_37.5269942928087872|126.9110548372880771_37.5257645667991255
2026-09-04T06:42:24.849833+09:00,여의서로,여의서로,POI126,KEY_4,1180031502,국회대로,1180047803,의원회관앞교차로,126.9135274643399640_37.5268977275474711,1180046002,여의2교남단교차로,126.9111139413039098_37.5256663196409335,253.0,16.0,서행,126.9111139413039098_37.5256663196409335|126.9135274643399640_37.5268977275474711
2026-09-04T06:42:24.849833+09:00,여의서로,여의서로,POI126,KEY_4,1180036401,국회대로,1180155000,여의도동 1-1,126.9184061280869713_37.5300009967483419,1180010303,서강대교(남측),126.9215102204224763_37.5319506286676088,350.0,20.0,서행,126.9215102204224763_37.5319506286676088|126.9210461430147205_37.5316255718379566|126.9203325255415535_37.5311864488027496|126.9197419650193126_37.5308230414341679|126.9191619518192908_37.5304661181429466|126.9185557758553813_37.5300930883489983|126.9184061280869713_37.5300009967483419
2026-09-04T06:42:24.849833+09:00,여의서로,여의서로,POI126,KEY_4,1180038001,여의서로,1180047804,의원회관앞교차로,126.9134650625379095_37.5269942928087872,1180050300,여의하류IC,126.9125858842577514_37.5288463372735421,220.0,21.0,서행,126.9125858842577514_37.5288463372735421|126.9133384396445194_37.5272156123272751|126.9134650625379095_37.5269942928087872
2026-09-04T06:42:24.849833+09:00,여의서로,여의서로,POI126,KEY_4,1180038003,여의서로,1180323100,최소노드배치점,126.9117402894865307_37.5311049087075475,1180057702,여의하류IC,126.9116446085465810_37.5333341738394211,262.0,32.0,원활,126.9116446085465810_37.5333341738394211|126.9114652390462226_37.5331501506058203|126.9113732100930463_37.5329943489975122|126.9112983897178282_37.5327900539595092|126.9112674876685105_37.5325516232177918|126.9112865696183974_37.5323367272189188|126.9113546059211899_37.5321355343469492|126.9114569592268964_37.5318631682642589|126.9115238408340929_37.5316841785415747|126.9117402894865307_37.5311049087075475
2026-09-04T06:42:24.849833+09:00,여의서로,여의서로,POI126,KEY_4,1180038004,여의서로,1180057702,여의하류IC,126.9116446085465810_37.5333341738394211,1180010601,여의하류IC,126.9158866788485369_37.5334891812985134,389.0,18.0,서행,126.9158866788485369_37.5334891812985134|126.9157160525504509_37.5335075640938882|126.9145253690237212_37.5336052142657834|126.9129473608267773_37.5337346107591614|126.9127263123781830_37.5337454488282916|126.9125619724539717_37.5337376282147730|126.9123498788537177_37.5336886646839432|126.9121669423552277_37.5336324766132563|126.9119754499676134_37.5335430187373973|126.9117951706554237_37.5334397412671237|126.9116446085465810_37.5333341738394211
2026-09-04T06:42:24.849833+09:00,여의서로,여의서로,POI126,KEY_4,1180038101,여의서로,1180141500,여의도동 8-1,126.9125034013571849_37.5294588335489934,1180047801,의원회관앞교차로,126.9135777323507170_37.5270581170031505,283.0,28.0,원활,126.9135777323507170_37.5270581170031505|126.9134640961386822_37.5272567387847005|126.9127147702930785_37.5288800985185560|126.9125034013571849_37.5294588335489934
2026-09-04T06:42:24.849833+09:00,여의서로,여의서로,POI126,KEY_4,1180038102,여의서로,1180136800,여의도동 8-1,126.9145114614992735_37.5334976629259458,1180057701,여의하류IC,126.9117432717733465_37.5332606350129012,257.0,37.0,원활,126.9117432717733465_37.5332606350129012|126.9118798764054787_37.5333550779968661|126.9120496011042292_37.5334523089724428|126.9122261082116410_37.5335347665300532|126.9123932874727672_37.5335861143590392|126.9125852087945532_37.5336304218281285|126.9127261896915257_37.5336371304333341|126.9129362320318251_37.5336268320589994|126.9145114614992735_37.5334976629259458
2026-09-04T06:42:24.849833+09:00,여의서로,여의서로,POI126,KEY_4,1180038602,여의서로,1180199400,여의도동 8-1,126.9180805162101962_37.5329548925892027,1180010602,여의하류IC,126.9158651872016321_37.5333825331527251,202.0,24.0,서행,126.9158651872016321_37.5333825331527251|126.9163150027583100_37.5333154038283041|126.9167447105342319_37.5332479919289739|126.9172043329491686_37.5331630452426737|126.9179823764344519_37.5329820256749258|126.9180805162101962_37.5329548925892027
2026-09-04T06:42:24.849833+09:00,여의서로,여의서로,POI126,KEY_4,1180038702,여의서로,1180323000,최소노드배치점,126.9187881082516611_37.5328709059154022,1180010304,서강대교(남측),126.9216090189517701_37.5320376430852960,266.0,34.7,원활,126.9216090189517701_37.5320376430852960|126.9203533112228826_37.5324099776008708|126.9202812799588713_37.5324311902864451|126.9187881082516611_37.5328709059154022
2026-09-04T06:42:24.849833+09:00,여의서로,여의서로,POI126,KEY_4,1180039200,올림픽대로,1180058400,여의하류IC,126.9148490647562824_37.5338551834337650,1180010601,여의하류IC,126.9158866788485369_37.5334891812985134,100.0,29.7,정체,126.9158866788485369_37.5334891812985134|126.9155841280332453_37.5335956228786003|126.9148490647562824_37.5338551834337650
2026-09-04T06:42:24.849833+09:00,여의서로,여의서로,POI126,KEY_4,1180041102,국회대로,1180274900,최소노드배치점,126.9238759567866452_37.5352270758419237,1180010301,서강대교(남측),126.9217369577254289_37.5319990605573608,405.0,60.0,원활,126.9217369577254289_37.5319990605573608|126.9234661246942437_37.5346102805177892|126.9238759567866452_37.5352270758419237
2026-09-04T06:42:24.849833+09:00,여의서로,여의서로,POI126,KEY_4,1180093800,올림픽대로,1180046700,여의하류IC,126.9139332883952989_37.5258302984319769,1180049300,여의하류IC,126.9124219382957364_37.5282059407288671,296.0,42.7,원활,126.9124219382957364_37.5282059407288671|126.9126709766838559_37.5276959699368291|126.9130099086824686_37.5271002435067516|126.9134446643213892_37.5264640601462816|126.9135615846091270_37.5263044242820101|126.9139332883952989_37.5258302984319769
2026-09-04T06:42:24.849833+09:00,여의서로,여의서로,POI126,KEY_4,1180097500,올림픽대로,1180049300,여의하류IC,126.9124219382957364_37.5282059407288671,1180053000,여의하류IC,126.9116502139587652_37.5302817461312657,241.0,38.0,원활,126.9116502139587652_37.5302817461312657|126.9117554871957765_37.5298527220926914|126.9119085944505940_37.5294737959552691|126.9122868518727643_37.5285372036068665|126.9124219382957364_37.5282059407288671
2026-09-04T06:42:24.849833+09:00,여의서로,여의서로,POI126,KEY_4,1180098200,여의서로,1180050300,여의하류IC,126.9125858842577514_37.5288463372735421,1180053000,여의하류IC,126.9116502139587652_37.5302817461312657,180.0,38.0,원활,126.9116502139587652_37.5302817461312657|126.9119321014785982_37.5298480867291033|126.9124478698020368_37.5290689337596177|126.9125858842577514_37.5288463372735421
2026-09-04T06:42:24.849833+09:00,여의서로,여의서로,POI126,KEY_4,1180100100,올림픽대로,1180053000,여의하류IC,126.9116502139587652_37.5302817461312657,1180054600,여의하류IC,126.9113467485372553_37.5312398487618282,110.0,42.3,원활,126.9113467485372553_37.5312398487618282|126.9114940115750727_37.5307441067722678|126.9116502139587652_37.5302817461312657
2026-09-04T06:42:24.849833+09:00,여의서로,여의서로,POI126,KEY_4,1180101100,올림픽대로,1180054600,여의하류IC,126.9113467485372553_37.5312398487618282,1180053900,여의하류IC,126.9101796785526517_37.5308445942274886,161.0,38.3,서행,126.9101796785526517_37.5308445942274886|126.9101931014992317_37.5310414092060398|126.9102886836397630_37.5312624829991321|126.9103927384446138_37.5313583960722070|126.9105342246899681_37.5314544950895836|126.9107135639955573_37.5314971247237921|126.9109007655329577_37.5314920961623173|126.9111183798562479_37.5314275989006632|126.9112086357648082_37.5313743906016768|126.9113467485372553_37.5312398487618282
2026-09-04T06:42:24.849833+09:00,여의서로,여의서로,POI126,KEY_4,1180102100,올림픽대로,1180055000,여의하류IC앞,126.9097766577302622_37.5319288643150841,1180056700,여의하류IC앞,126.9099677257352141_37.5322885743723162,247.0,37.7,서행,126.9099677257352141_37.5322885743723162|126.9101802749627552_37.5322898012020829|126.9104318980016188_37.5322803263696159|126.9105533440733069_37.5322594692428169|126.9106435161752842_37.5322169922414162|126.9107278503933003_37.5321554077364397|126.9108033508016575_37.5320746999620383|126.9108579076633276_37.5319915030838942|126.9108854019603427_37.5319224810316570|126.9108979423341879_37.5318509987701034|126.9108805013922705_37.5317841367436387|126.9108362782712049_37.5316956773246275|126.9107828271066865_37.5316381747174148|126.9106874170305019_37.5315852327633905|126.9105858681555645_37.5315513377507699|126.9104842061042717_37.5315317522630707|126.9103943910203895_37.5315289189790775|126.9102954982978702_37.5315379647373817|126.9102025389048976_37.5315541941005435|126.9100974322583681_37.5315918264329014|126.9100101221350911_37.5316510106624506|126.9099196124940221_37.5317364124159667|126.9097766577302622_37.5319288643150841
2026-09-04T06:42:24.849833+09:00,여의서로,여의서로,POI126,KEY_4,1180103300,올림픽대로,1180054600,여의하류IC,126.9113467485372553_37.5312398487618282,1180056700,여의하류IC앞,126.9099677257352141_37.5322885743723162,207.0,46.7,원활,126.9099677257352141_37.5322885743723162|126.9102019059527322_37.5323529642993847|126.9104144226252089_37.5323881863476316|126.9105551300773840_37.5323763736599858|126.9106838828241166_37.5323478643264963|126.9107976882863937_37.5323026561256228|126.9109025353903490_37.5322383695701731|126.9109714553170818_37.5321788239392902|126.9110374194450657_37.5320882852129003|126.9110944195145976_37.5319834363101563|126.9113016746642160_37.5313852328840198|126.9113467485372553_37.5312398487618282
2026-09-04T06:42:24.849833+09:00,여의서로,여의서로,POI126,KEY_4,1180103700,올림픽대로,1180056900,여의하류IC앞,126.9099107440064671_37.5323785517192547,1180058100,여의하류IC,126.9113470954211209_37.5334759494431651,183.0,46.3,서행,126.9113470954211209_37.5334759494431651|126.9112574345930824_37.5333543028651491|126.9111647860354850_37.5332278867742630|126.9110691582745005_37.5330895481243871|126.9109675293688468_37.5329631251105766|126.9108449616440879_37.5328247659603988|126.9107313287380663_37.5327245564036360|126.9105578407508830_37.5326123820790158|126.9103573956169413_37.5325144895265197|126.9101523716446422_37.5324473163778976|126.9099107440064671_37.5323785517192547
2026-09-04T06:42:24.849833+09:00,여의서로,여의서로,POI126,KEY_4,1180104000,올림픽대로,1180322800,최소노드배치점,126.9188633519518135_37.5330663833708513,1180054900,여의하류IC,126.9238476077766080_37.5313717470433375,486.0,41.0,서행,126.9238476077766080_37.5313717470433375|126.9235232634260058_37.5316199137243132|126.9232000481612062_37.5318505638760769|126.9230158194888247_37.5319791744498730|126.9228496134543036_37.5320470077723343|126.9224004740734983_37.5321647167067241|126.9210485355217912_37.5325392848552042|126.9195124922006812_37.5329065609222638|126.9188633519518135_37.5330663833708513
2026-09-04T06:42:24.849833+09:00,여의서로,여의서로,POI126,KEY_4,1180104400,올림픽대로,1180058200,여의하류IC,126.9088719404886518_37.5335782193263654,1180058100,여의하류IC,126.9113470954211209_37.5334759494431651,236.0,44.5,서행,126.9113470954211209_37.5334759494431651|126.9111690623947908_37.5333607524628903|126.9109989641811467_37.5332847817553272|126.9108511282904743_37.5332339637287120|126.9106941120611651_37.5332081395440156|126.9105324361279230_37.5332037554386346|126.9103751385429319_37.5332137012479095|126.9102175873575931_37.5332558412137871|126.9100735400548814_37.5332944719436838|126.9099296329114139_37.5333152159377619|126.9097947662082930_37.5333288514592383|126.9096330327877951_37.5333316200244838|126.9094937305390545_37.5333380780400887|126.9093228160708549_37.5333658410132927|126.9091877513593118_37.5334045154003917|126.9090840728703284_37.5334505001922309|126.9088719404886518_37.5335782193263654
2026-09-04T06:42:24.849833+09:00,여의서로,여의서로,POI126,KEY_4,1180104700,올림픽대로,1180057702,여의하류IC,126.9116446085465810_37.5333341738394211,1180058600,여의하류IC,126.9124480904624335_37.5340012297976102,103.0,24.0,정체,126.9124480904624335_37.5340012297976102|126.9122745980778859_37.5338890571121127|126.9120682102647208_37.5337482538104155|126.9119545687167232_37.5336528126330577|126.9118678582978959_37.5335669276376009|126.9117632252879702_37.5334476543186142|126.9116446085465810_37.5333341738394211
2026-09-04T06:42:24.849833+09:00,여의서로,여의서로,POI126,KEY_4,1180105100,올림픽대로,1180058100,여의하류IC,126.9113470954211209_37.5334759494431651,1180058600,여의하류IC,126.9124480904624335_37.5340012297976102,118.0,35.0,서행,126.9124480904624335_37.5340012297976102|126.9122714926787694_37.5339844113092269|126.9121398055384304_37.5339604738344619|126.9119004108432165_37.5338863945131394|126.9117179131641819_37.5337956707200888|126.9115683555591261_37.5336954342220679|126.9114666742656965_37.5336119217694275|126.9113470954211209_37.5334759494431651
2026-09-04T06:42:24.849833+09:00,여의서로,여의서로,POI126,KEY_4,1180105300,올림픽대로,1180058600,여의하류IC,126.9124480904624335_37.5340012297976102,1180058400,여의하류IC,126.9148490647562824_37.5338551834337650,213.0,31.5,서행,126.9148490647562824_37.5338551834337650|126.9146365081849410_37.5338693333682087|126.9127833540508021_37.5340110131640330|126.9126216957507864_37.5340180458078123|126.9124480904624335_37.5340012297976102
2026-09-04T06:42:24.849833+09:00,올림픽공원,올림픽공원,POI127,KEY_1,1230033803,강동대로,1230052903,그린빌딩,127.1253868539951242_37.5251644663839627,1230010402,성내유수지,127.1230687264287127_37.5262344211604315,237.0,56.7,원활,127.1230687264287127_37.5262344211604315|127.1253868539951242_37.5251644663839627
2026-09-04T06:42:24.849833+09:00,올림픽공원,올림픽공원,POI127,KEY_1,1230023301,양재대로,1230222600,방이동 217-2,127.1268249994781740_37.5100254368363224,1230040803,올림픽공원앞교차로,127.1279156747526429_37.5117452056324225,214.0,19.0,서행,127.1279156747526429_37.5117452056324225|127.1268249994781740_37.5100254368363224
2026-09-04T06:42:24.849833+09:00,올림픽공원,올림픽공원,POI127,KEY_1,1230023904,위례성대로,1230038803,오금초교,127.1315805616083452_37.5102624702576577,1230040802,올림픽공원앞교차로,127.1280368042940410_37.5116964262882320,351.0,27.0,원활,127.1280368042940410_37.5116964262882320|127.1315805616083452_37.5102624702576577
2026-09-04T06:42:24.849833+09:00,올림픽공원,올림픽공원,POI127,KEY_1,1230024003,위례성대로,1230040801,올림픽공원앞교차로,127.1280993215722361_37.5117923995774305,1230038804,오금초교,127.1316420322552858_37.5103588665718206,351.0,15.0,서행,127.1316420322552858_37.5103588665718206|127.1280993215722361_37.5117923995774305
2026-09-04T06:42:24.849833+09:00,올림픽공원,올림픽공원,POI127,KEY_1,1230024703,가락로,1230042404,에뜨왈리코리아,127.1197334005263002_37.5127417204113840,1230008303,방이초교앞교차로,127.1208213191434737_37.5145580278620869,223.0,11.3,정체,127.1208213191434737_37.5145580278620869|127.1197334005263002_37.5127417204113840
2026-09-04T06:42:24.849833+09:00,올림픽공원,올림픽공원,POI127,KEY_1,1230024803,가락로,1230008302,방이초교앞교차로,127.1209450232393436_37.5145134722125775,1230042401,에뜨왈리코리아,127.1198552228544401_37.5126940280713512,224.0,21.0,서행,127.1198552228544401_37.5126940280713512|127.1209450232393436_37.5145134722125775
2026-09-04T06:42:24.849833+09:00,올림픽공원,올림픽공원,POI127,KEY_1,1230025502,위례성대로12길,1230384600,방이동 75-1,127.1226867891286361_37.5132366843652107,1230008203,올림픽공원남2문,127.1230115468975583_37.5137580552017056,65.0,23.0,서행,127.1230115468975583_37.5137580552017056|127.1226867891286361_37.5132366843652107
2026-09-04T06:42:24.849833+09:00,올림픽공원,올림픽공원,POI127,KEY_1,1230025602,위례성대로12길,1230008202,올림픽공원남2문,127.1231332582007383_37.5137101955394456,1230041001,제이에스빌딩,127.1219838454871649_37.5118648795729470,229.0,21.0,서행,127.1219838454871649_37.5118648795729470|127.1228083768162378_37.5131886276024815|127.1231332582007383_37.5137101955394456
2026-09-04T06:42:24.849833+09:00,올림픽공원,올림픽공원,POI127,KEY_1,1230026102,위례성대로,1230040803,올림픽공원앞교차로,127.1279156747526429_37.5117452056324225,1230042502,방이동 181-7,127.1254911970844859_37.5127168656425241,240.0,24.0,서행,127.1254911970844859_37.5127168656425241|127.1279156747526429_37.5117452056324225
2026-09-04T06:42:24.849833+09:00,올림픽공원,올림픽공원,POI127,KEY_1,1230026103,위례성대로,1230042503,방이동 181-7,127.1253705911887266_37.5127664663946732,1230008202,올림픽공원남2문,127.1231332582007383_37.5137101955394456,224.0,24.0,서행,127.1231332582007383_37.5137101955394456|127.1253705911887266_37.5127664663946732
2026-09-04T06:42:24.849833+09:00,올림픽공원,올림픽공원,POI127,KEY_1,1230026202,위례성대로,1230008201,올림픽공원남2문,127.1231967749277914_37.5138057465937962,1230040804,올림픽공원앞교차로,127.1279781659139445_37.5118411937980127,476.0,40.0,원활,127.1279781659139445_37.5118411937980127|127.1255521973024827_37.5128134512352105|127.1254341104055641_37.5128620169255242|127.1231967749277914_37.5138057465937962
2026-09-04T06:42:24.849833+09:00,올림픽공원,올림픽공원,POI127,KEY_1,1230026702,백제고분로,1230397100,방이동 94-4,127.1155243442379685_37.5158080782483836,1230045403,올림픽공원남4문앞교차로,127.1158353619488821_37.5163285598069436,64.0,21.0,서행,127.1158353619488821_37.5163285598069436|127.1155243442379685_37.5158080782483836
2026-09-04T06:42:24.849833+09:00,올림픽공원,올림픽공원,POI127,KEY_1,1230026802,백제고분로,1230045402,올림픽공원남4문앞교차로,127.1159592191718559_37.5162842594980717,1230043901,방이중,127.1149670532686144_37.5146238680820474,204.0,26.0,원활,127.1149670532686144_37.5146238680820474|127.1156469051217641_37.5157616102810749|127.1159592191718559_37.5162842594980717
2026-09-04T06:42:24.849833+09:00,올림픽공원,올림픽공원,POI127,KEY_1,1230027100,위례성대로,1230008203,올림픽공원남2문,127.1230115468975583_37.5137580552017056,1230008302,방이초교앞교차로,127.1209450232393436_37.5145134722125775,201.0,40.0,원활,127.1209450232393436_37.5145134722125775|127.1230115468975583_37.5137580552017056
2026-09-04T06:42:24.849833+09:00,올림픽공원,올림픽공원,POI127,KEY_1,1230027200,위례성대로,1230424900,최소노드배치점,127.1195466393614311_37.5151289900827436,1230008204,올림픽공원남2문,127.1230681603091739_37.5138563218870544,342.0,34.0,원활,127.1230681603091739_37.5138563218870544|127.1210016343324725_37.5146117395583261|127.1208765811574466_37.5146567818947432|127.1195466393614311_37.5151289900827436
2026-09-04T06:42:24.849833+09:00,올림픽공원,올림픽공원,POI127,KEY_1,1230028100,위례성대로,1230008303,방이초교앞교차로,127.1208213191434737_37.5145580278620869,1230045402,올림픽공원남4문앞교차로,127.1159592191718559_37.5162842594980717,471.0,44.0,원활,127.1159592191718559_37.5162842594980717|127.1194913787483216_37.5150302354333220|127.1208213191434737_37.5145580278620869
2026-09-04T06:42:24.849833+09:00,올림픽공원,올림픽공원,POI127,KEY_1,1230028702,양재대로,1230040804,올림픽공원앞교차로,127.1279781659139445_37.5118411937980127,1230043503,방이동 89-28,127.1293137788365044_37.5138391508336753,251.0,33.0,원활,127.1293137788365044_37.5138391508336753|127.1279781659139445_37.5118411937980127
2026-09-04T06:42:24.849833+09:00,올림픽공원,올림픽공원,POI127,KEY_1,1230028703,양재대로,1230043504,방이동 89-28,127.1293758864878356_37.5139336243623376,1230044603,올림픽공원동문교차로,127.1305797082937374_37.5157953632322290,232.0,33.0,원활,127.1305797082937374_37.5157953632322290|127.1293758864878356_37.5139336243623376
2026-09-04T06:42:24.849833+09:00,올림픽공원,올림픽공원,POI127,KEY_1,1230028704,양재대로,1230044604,올림픽공원동문교차로,127.1306432453781667_37.5158930503733714,1230047803,오륜교,127.1316412754749763_37.5174145740411831,191.0,32.5,원활,127.1316412754749763_37.5174145740411831|127.1306432453781667_37.5158930503733714
2026-09-04T06:42:24.849833+09:00,올림픽공원,올림픽공원,POI127,KEY_1,1230028802,양재대로,1230043502,방이동 89-28,127.1294335833399884_37.5137883314546841,1230040801,올림픽공원앞교차로,127.1280993215722361_37.5117923995774305,251.0,21.0,서행,127.1280993215722361_37.5117923995774305|127.1294335833399884_37.5137883314546841
2026-09-04T06:42:24.849833+09:00,올림픽공원,올림픽공원,POI127,KEY_1,1230028803,양재대로,1230044602,올림픽공원동문교차로,127.1307066675273347_37.5157555807827805,1230043501,방이동 89-28,127.1294965542968640_37.5138841169906101,234.0,25.0,원활,127.1294965542968640_37.5138841169906101|127.1307066675273347_37.5157555807827805
2026-09-04T06:42:24.849833+09:00,올림픽공원,올림픽공원,POI127,KEY_1,1230028804,양재대로,1230047802,오륜교,127.1317615823722491_37.5173645046840889,1230044601,올림픽공원동문교차로,127.1307691739442731_37.5158515552836462,189.0,21.0,서행,127.1307691739442731_37.5158515552836462|127.1317615823722491_37.5173645046840889
2026-09-04T06:42:24.849833+09:00,올림픽공원,올림픽공원,POI127,KEY_1,1230029101,올림픽로,1230044901,잠실진주아파트앞교차로,127.1088533723906977_37.5162718111141373,1230047903,올림픽공원앞교차로,127.1125664517782781_37.5175764714066560,359.0,26.0,원활,127.1125664517782781_37.5175764714066560|127.1121927794052340_37.5174099266855308|127.1096586157180326_37.5165462608805385|127.1088533723906977_37.5162718111141373
2026-09-04T06:42:24.849833+09:00,올림픽공원,올림픽공원,POI127,KEY_1,1230029300,위례성대로,1230045403,올림픽공원남4문앞교차로,127.1158353619488821_37.5163285598069436,1230047902,올림픽공원앞교차로,127.1126327333255119_37.5174821175529445,311.0,26.0,원활,127.1126327333255119_37.5174821175529445|127.1158353619488821_37.5163285598069436
2026-09-04T06:42:24.849833+09:00,올림픽공원,올림픽공원,POI127,KEY_1,1230029401,위례성대로,1230047901,올림픽공원앞교차로,127.1127294559663170_37.5175659412636975,1230045404,올림픽공원남4문앞교차로,127.1158912913085715_37.5164270745673178,307.0,29.0,원활,127.1158912913085715_37.5164270745673178|127.1127294559663170_37.5175659412636975
2026-09-04T06:42:24.849833+09:00,올림픽공원,올림픽공원,POI127,KEY_1,1230030701,올림픽로,1230047904,올림픽공원앞교차로,127.1126156383089949_37.5176248562335459,1230050103,올림픽회관앞교차로,127.1141234836901077_37.5200172918018566,297.0,23.0,서행,127.1141234836901077_37.5200172918018566|127.1130967077667009_37.5183006809000261|127.1127808418886076_37.5178273473246833|127.1126156383089949_37.5176248562335459
2026-09-04T06:42:24.849833+09:00,올림픽공원,올림픽공원,POI127,KEY_1,1230030802,올림픽로,1230050102,올림픽회관앞교차로,127.1142460290998173_37.5199707880909941,1230047901,올림픽공원앞교차로,127.1127294559663170_37.5175659412636975,299.0,27.0,원활,127.1127294559663170_37.5175659412636975|127.1128979059259194_37.5177724112602746|127.1132179682735881_37.5182520322072364|127.1142460290998173_37.5199707880909941
2026-09-04T06:42:24.849833+09:00,올림픽공원,올림픽공원,POI127,KEY_1,1230031300,올림픽로35길,1230380000,신천동 20-3,127.1120965855774898_37.5198794214376790,1230050104,올림픽회관앞교차로,127.1141869164074905_37.5201219523906175,187.0,12.0,정체,127.1141869164074905_37.5201219523906175|127.1139207414424419_37.5201377237057514|127.1137172639646593_37.5201260770116463|127.1129232291908551_37.5200052336238770|127.1120965855774898_37.5198794214376790
2026-09-04T06:42:24.849833+09:00,올림픽공원,올림픽공원,POI127,KEY_1,1230032100,올림픽로,1230400900,신천동 26,127.1145514766661790_37.5207067945448216,1230052003,성내교(남측),127.1155399981984147_37.5222925683271740,197.0,24.0,서행,127.1155399981984147_37.5222925683271740|127.1145514766661790_37.5207067945448216
2026-09-04T06:42:24.849833+09:00,올림픽공원,올림픽공원,POI127,KEY_1,1230032200,올림픽로,1230052001,성내교(남측),127.1156967807111187_37.5223009606581428,1230050101,올림픽회관앞교차로,127.1143085002419610_37.5200738709822801,276.0,48.3,원활,127.1143085002419610_37.5200738709822801|127.1146730610900732_37.5206587128019535|127.1156615842423037_37.5222444857121431|127.1156967807111187_37.5223009606581428
2026-09-04T06:42:24.849833+09:00,올림픽공원,올림픽공원,POI127,KEY_1,1230032404,강동대로,1230052403,서울체고앞,127.1309465905180929_37.5226422457426523,1230052602,올림픽공원북2문,127.1286484144718969_37.5236389836207067,231.0,15.0,서행,127.1286484144718969_37.5236389836207067|127.1309465905180929_37.5226422457426523
2026-09-04T06:42:24.849833+09:00,올림픽공원,올림픽공원,POI127,KEY_1,1230032504,강동대로,1230052601,올림픽공원북2문,127.1287133329938257_37.5237339387489186,1230052404,서울체고앞,127.1310115110815389_37.5227371996198542,231.0,33.0,원활,127.1310115110815389_37.5227371996198542|127.1287133329938257_37.5237339387489186
2026-09-04T06:42:24.849833+09:00,올림픽공원,올림픽공원,POI127,KEY_1,1230032902,올림픽로37길,1230424700,최소노드배치점,127.1116469399134274_37.5231307998258217,1230052004,성내교(남측),127.1156093484237601_37.5224038573356538,390.0,32.0,원활,127.1156093484237601_37.5224038573356538|127.1154210464076897_37.5226254636658609|127.1151860694290434_37.5229714220100377|127.1150231489065732_37.5230568047779158|127.1148610626049589_37.5231117596672803|127.1146813739484145_37.5231312778946844|127.1116469399134274_37.5231307998258217
2026-09-04T06:42:24.849833+09:00,올림픽공원,올림픽공원,POI127,KEY_1,1230033202,올림픽로,1230052004,성내교(남측),127.1156093484237601_37.5224038573356538,1230053103,올림픽대교남단교차로,127.1174254322370984_37.5253520980877155,364.0,46.3,원활,127.1174254322370984_37.5253520980877155|127.1168266280546959_37.5243574555609811|127.1156093484237601_37.5224038573356538
2026-09-04T06:42:24.849833+09:00,올림픽공원,올림픽공원,POI127,KEY_1,1230033301,올림픽로,1230053102,올림픽대교남단교차로,127.1176915230806799_37.5255440086627701,1230052001,성내교(남측),127.1156967807111187_37.5223009606581428,401.0,21.0,서행,127.1156967807111187_37.5223009606581428|127.1169486377113884_37.5243100484275445|127.1176915230806799_37.5255440086627701
2026-09-04T06:42:24.849833+09:00,올림픽공원,올림픽공원,POI127,KEY_1,1230033600,올림픽로43길,1230342000,풍납동 447,127.1141253196765888_37.5248124645393801,1230053104,올림픽대교남단교차로,127.1175353532768639_37.5255915012395889,333.0,26.3,원활,127.1175353532768639_37.5255915012395889|127.1171986824647178_37.5253250746693325|127.1163931251730617_37.5248172882132565|127.1149530945181425_37.5248116617606371|127.1141253196765888_37.5248124645393801
2026-09-04T06:42:24.849833+09:00,올림픽공원,올림픽공원,POI127,KEY_1,1230033801,강동대로,1230052603,올림픽공원북2문,127.1285292145280152_37.5236906555977967,1230052702,올림픽공원북2문앞교차로,127.1280135683207533_37.5239140807955565,52.0,8.0,정체,127.1280135683207533_37.5239140807955565|127.1285292145280152_37.5236906555977967
2026-09-04T06:42:24.849833+09:00,올림픽공원,올림픽공원,POI127,KEY_1,1230033802,강동대로,1230052703,올림픽공원북2문앞교차로,127.1278955398801997_37.5239676869855785,1230052902,그린빌딩,127.1255021088525581_37.5251103772284154,247.0,55.0,원활,127.1255021088525581_37.5251103772284154|127.1278955398801997_37.5239676869855785
2026-09-04T06:42:24.849833+09:00,올림픽공원,올림픽공원,POI127,KEY_1,1230033901,강동대로,1230052701,올림픽공원북2문앞교차로,127.1280784406892508_37.5240090563020559,1230052604,올림픽공원북2문,127.1285940873550402_37.5237856308238449,52.0,36.0,원활,127.1285940873550402_37.5237856308238449|127.1280784406892508_37.5240090563020559
2026-09-04T06:42:24.849833+09:00,올림픽공원,올림픽공원,POI127,KEY_1,1230033902,강동대로,1230052901,그린빌딩,127.1255719037447705_37.5252031128434638,1230052704,올림픽공원북2문앞교차로,127.1279653366622995_37.5240604212007227,247.0,56.0,원활,127.1279653366622995_37.5240604212007227|127.1255719037447705_37.5252031128434638
2026-09-04T06:42:24.849833+09:00,올림픽공원,올림픽공원,POI127,KEY_1,1230033903,강동대로,1230010401,성내유수지,127.1233271552869013_37.5262401076401133,1230052904,그린빌딩,127.1254549241451741_37.5252580128047128,217.0,55.3,원활,127.1254549241451741_37.5252580128047128|127.1233271552869013_37.5262401076401133
2026-09-04T06:42:24.849833+09:00,올림픽공원,올림픽공원,POI127,KEY_1,1230034200,강동대로,1230053101,올림픽대교남단교차로,127.1177512410432087_37.5256417956853880,1230010403,성내유수지,127.1228341746085704_37.5263374209143734,467.0,21.0,서행,127.1228341746085704_37.5263374209143734|127.1226119104132124_37.5263325291198058|127.1222182279912971_37.5262594731087304|127.1197935343633674_37.5255708855089978|127.1192764530002961_37.5254871931229914|127.1186659385550399_37.5254644325269382|127.1181404811154323_37.5255300720034626|127.1177512410432087_37.5256417956853880
2026-09-04T06:42:24.849833+09:00,올림픽공원,올림픽공원,POI127,KEY_1,1230034300,강동대로,1230010402,성내유수지,127.1230687264287127_37.5262344211604315,1230053102,올림픽대교남단교차로,127.1176915230806799_37.5255440086627701,493.0,57.0,원활,127.1176915230806799_37.5255440086627701|127.1181066449297958_37.5254248562288311|127.1186585197018388_37.5253559170246618|127.1192932429278528_37.5253795803410242|127.1198300344327095_37.5254664629282857|127.1222565506296860_37.5261555686853470|127.1226293640594349_37.5262247521119789|127.1230687264287127_37.5262344211604315
2026-09-04T06:42:24.849833+09:00,올림픽공원,올림픽공원,POI127,KEY_1,1230034600,강동대로,1230053104,올림픽대교남단교차로,127.1175353532768639_37.5255915012395889,1230053301,풍성초등학교,127.1133707067350969_37.5271092576510128,408.0,23.0,서행,127.1133707067350969_37.5271092576510128|127.1138885360357307_37.5270579046375232|127.1141380710895277_37.5270029206930715|127.1144337586637221_37.5269066454630149|127.1172570729713414_37.5256789869567413|127.1175353532768639_37.5255915012395889
2026-09-04T06:42:24.849833+09:00,올림픽공원,올림픽공원,POI127,KEY_1,1230034700,강동대로,1230058701,풍납동 330-7,127.1135343578604022_37.5272039528378372,1230053105,올림픽대교남단교차로,127.1176235541679063_37.5256800112130264,402.0,35.0,원활,127.1176235541679063_37.5256800112130264|127.1173147432993602_37.5257770947223790|127.1144921531920318_37.5270044385361317|127.1141820098842743_37.5271054212045385|127.1139153828274857_37.5271641707955510|127.1135343578604022_37.5272039528378372
2026-09-04T06:42:24.849833+09:00,올림픽공원,올림픽공원,POI127,KEY_1,1230034800,강동대로,1230010403,성내유수지,127.1228341746085704_37.5263374209143734,1230053202,성내동 474,127.1214169266581280_37.5269574474404806,143.0,3.0,정체,127.1214169266581280_37.5269574474404806|127.1221246173486747_37.5266478458902597|127.1228341746085704_37.5263374209143734
2026-09-04T06:42:24.849833+09:00,올림픽공원,올림픽공원,POI127,KEY_1,1230034900,강동대로,1230053201,성내동 474,127.1214822863304903_37.5270522124399051,1230010404,성내유수지,127.1231026366477437_37.5263433289148836,163.0,38.0,원활,127.1231026366477437_37.5263433289148836|127.1221899776439983_37.5267426105018984|127.1214822863304903_37.5270522124399051
2026-09-04T06:42:24.849833+09:00,올림픽공원,올림픽공원,POI127,KEY_1,1230035100,올림픽로,1230053602,풍납사거리,127.1191638427110746_37.5279285363098012,1230053101,올림픽대교남단교차로,127.1177512410432087_37.5256417956853880,283.0,21.0,서행,127.1177512410432087_37.5256417956853880|127.1182052842400196_37.5263768247819911|127.1185296816843362_37.5269019665074097|127.1189218723730647_37.5275368423195701|127.1191638427110746_37.5279285363098012
2026-09-04T06:42:24.849833+09:00,올림픽공원,올림픽공원,POI127,KEY_1,1230077900,위례성대로16길,1230248000,방이동 200-3,127.1250899543352517_37.5123366148555277,1230042503,방이동 181-7,127.1253705911887266_37.5127664663946732,54.0,13.0,정체,127.1253705911887266_37.5127664663946732|127.1250899543352517_37.5123366148555277
2026-09-04T06:42:24.849833+09:00,올림픽공원,올림픽공원,POI127,KEY_1,1230079600,올림픽선수촌아파트내부길,1230042003,오륜초등학교,127.1334912399933756_37.5124937085259731,1230043502,방이동 89-28,127.1294335833399884_37.5137883314546841,392.0,22.0,서행,127.1294335833399884_37.5137883314546841|127.1324667918181888_37.5125501930643708|127.1334912399933756_37.5124937085259731
2026-09-04T06:42:24.849833+09:00,올림픽공원,올림픽공원,POI127,KEY_1,1230079700,올림픽선수촌아파트내부길,1230043501,방이동 89-28,127.1294965542968640_37.5138841169906101,1230042004,오륜초등학교,127.1335006130637026_37.5126015705990881,387.0,13.0,정체,127.1335006130637026_37.5126015705990881|127.1325039266811245_37.5126565247953394|127.1294965542968640_37.5138841169906101
2026-09-04T06:42:24.849833+09:00,올림픽공원,올림픽공원,POI127,KEY_1,1230081200,올림픽선수촌아파트내부길,1230332800,최소노드배치점,127.1337490189227708_37.5151722701553894,1230044602,올림픽공원동문교차로,127.1307066675273347_37.5157555807827805,292.0,12.0,정체,127.1307066675273347_37.5157555807827805|127.1324233734096509_37.5150503918994147|127.1325384533906515_37.5150232903922287|127.1330520009699256_37.5149959261979333|127.1331591568025914_37.5149985589094541|127.1337490189227708_37.5151722701553894
2026-09-04T06:42:24.849833+09:00,올림픽공원,올림픽공원,POI127,KEY_1,1230085700,양재대로.강동대로사이길,1230334700,최소노드배치점,127.1280130627585407_37.5175316488536268,1230050202,속성변화점,127.1283029621945957_37.5202980729066624,323.0,15.0,서행,127.1283029621945957_37.5202980729066624|127.1284869880934565_37.5198916490292831|127.1286040453807260_37.5194988449093358|127.1286401155603869_37.5191957029570418|127.1286322343100750_37.5188746212359092|127.1285506796273381_37.5184532831418807|127.1284264473650580_37.5181404522839657|127.1280130627585407_37.5175316488536268
2026-09-04T06:42:24.849833+09:00,올림픽공원,올림픽공원,POI127,KEY_1,1230085800,양재대로.강동대로사이길,1230334600,최소노드배치점,127.1281324577583263_37.5174802131984393,1230044604,올림픽공원동문교차로,127.1306432453781667_37.5158930503733714,333.0,20.0,서행,127.1306432453781667_37.5158930503733714|127.1304306419184798_37.5159439490849564|127.1278436313470053_37.5170548436271218|127.1281324577583263_37.5174802131984393
2026-09-04T06:42:24.849833+09:00,올림픽공원,올림픽공원,POI127,KEY_1,1230088200,양재대로.강동대로사이길,1230196800,꿈나무다리(남측),127.1283746340457981_37.5204440109063455,1230050201,속성변화점,127.1284296259339470_37.5203368866533751,13.0,11.0,정체,127.1284296259339470_37.5203368866533751|127.1283746340457981_37.5204440109063455
2026-09-04T06:42:24.849833+09:00,올림픽공원,올림픽공원,POI127,KEY_1,1230088300,양재대로.강동대로사이길,1230196500,꿈나무다리(북측),127.1281832207590128_37.5205312266587470,1230052703,올림픽공원북2문앞교차로,127.1278955398801997_37.5239676869855785,421.0,24.5,서행,127.1278955398801997_37.5239676869855785|127.1273300483411504_37.5230946179717293|127.1271761257750654_37.5227528147954175|127.1271136146098968_37.5224320685814590|127.1271364389473888_37.5221410644727129|127.1272519101088534_37.5217772550903916|127.1276017695838618_37.5212911085732799|127.1279442979174661_37.5209163958855996|127.1281570038538149_37.5205822745236119|127.1281832207590128_37.5205312266587470
2026-09-04T06:42:24.849833+09:00,올림픽공원,올림픽공원,POI127,KEY_1,1240030800,성안로,1249118500,성내동 450-2,127.1292262080433062_37.5246357770880579,1230052601,올림픽공원북2문,127.1287133329938257_37.5237339387489186,110.0,15.0,서행,127.1287133329938257_37.5237339387489186|127.1289764894649039_37.5241324489509367|127.1292262080433062_37.5246357770880579
2026-09-04T06:42:24.849833+09:00,올림픽공원,올림픽공원,POI127,KEY_1,1240031600,성내로14길,1249129200,성내동 492,127.1259457409445162_37.5257312228414079,1230052901,그린빌딩,127.1255719037447705_37.5252031128434638,67.0,23.0,서행,127.1255719037447705_37.5252031128434638|127.1259457409445162_37.5257312228414079
2026-09-04T06:42:24.849833+09:00,월드컵공원,월드컵공원,POI106,KEY_2,1130023901,성암로,1130045102,중동교,126.9008492951027023_37.5752640367100312,1130003202,중동교,126.9005739786039442_37.5754350244651292,31.0,46.0,원활,126.9005739786039442_37.5754350244651292|126.9008492951027023_37.5752640367100312
2026-09-04T06:42:24.849833+09:00,월드컵공원,월드컵공원,POI106,KEY_2,1130023902,성암로,1130044702,중동교,126.9013932137603007_37.5749262274768512,1130045102,중동교,126.9008492951027023_37.5752640367100312,61.0,48.0,원활,126.9008492951027023_37.5752640367100312|126.9013932137603007_37.5749262274768512
2026-09-04T06:42:24.849833+09:00,월드컵공원,월드컵공원,POI106,KEY_2,1130024001,성암로,1130003201,중동교,126.9006575479311749_37.5755202637415948,1130045101,중동교,126.9009328670204440_37.5753492743804642,31.0,51.0,원활,126.9009328670204440_37.5753492743804642|126.9006575479311749_37.5755202637415948
2026-09-04T06:42:24.849833+09:00,월드컵공원,월드컵공원,POI106,KEY_2,1130024002,성암로,1130045101,중동교,126.9009328670204440_37.5753492743804642,1130044701,중동교,126.9014751720981593_37.5750124364249984,61.0,50.0,원활,126.9014751720981593_37.5750124364249984|126.9009328670204440_37.5753492743804642
2026-09-04T06:42:24.849833+09:00,월드컵공원,월드컵공원,POI106,KEY_2,1110086400,증산로,1110025301,증산지하차도(북측),126.9039758261172608_37.5784870932225132,1130046401,은평구-마포구,126.9018567383502045_37.5764844121927837,291.0,57.0,원활,126.9018567383502045_37.5764844121927837|126.9027068325619041_37.5772894554844186|126.9035789940010091_37.5781100503089647|126.9039758261172608_37.5784870932225132
2026-09-04T06:42:24.849833+09:00,월드컵공원,월드컵공원,POI106,KEY_2,1110086500,증산로,1130046402,은평구-마포구,126.9017527415007578_37.5765539742255541,1110005500,증산교,126.9034752758808793_37.5781798772630822,236.0,16.0,서행,126.9034752758808793_37.5781798772630822|126.9026029745643172_37.5773591500215929|126.9017527415007578_37.5765539742255541
2026-09-04T06:42:24.849833+09:00,월드컵공원,월드컵공원,POI106,KEY_2,1130003900,강변북로,1130201400,최소노드배치점,126.8947142757485977_37.5570261297014412,1130034300,성산지하차도,126.8987170904777031_37.5621054838341308,789.0,72.5,원활,126.8987170904777031_37.5621054838341308|126.8969536987574855_37.5615846732236918|126.8963662923212468_37.5614278506331800|126.8961199007135576_37.5613335826976993|126.8958557676520229_37.5612106063692224|126.8956902323749318_37.5611203281630139|126.8954532341929990_37.5609760266916481|126.8951942332924432_37.5607743757100181|126.8949800523225804_37.5605872628649635|126.8948420294957060_37.5604291583902281|126.8947087021021645_37.5602460363635160|126.8946021053882873_37.5600916699249439|126.8944959424210310_37.5598836467254458|126.8944166539394161_37.5596864927554392|126.8943291310609283_37.5593962890377000|126.8942944005902547_37.5592458680922050|126.8942732661792689_37.5590812073427287|126.8942613210597443_37.5588915539580199|126.8942718716697442_37.5586984383601603|126.8943005688038568_37.5584839520411649|126.8943379626907983_37.5583052827078205|126.8944118820898979_37.5580552564431471|126.8947142757485977_37.5570261297014412
2026-09-04T06:42:24.849833+09:00,월드컵공원,월드컵공원,POI106,KEY_2,1130004402,강변북로,1130033200,성산대교,126.8911412406119865_37.5603058527702629,1130031800,성산대교(북측),126.8940421199747988_37.5581045142548078,356.0,58.5,원활,126.8940421199747988_37.5581045142548078|126.8937299682216917_37.5583640487572197|126.8932455301918196_37.5588122892025851|126.8927341561938960_37.5592568126717694|126.8923676674887275_37.5595661444779694|126.8920015830471186_37.5598253972085629|126.8918072327847568_37.5599639069689175|126.8911412406119865_37.5603058527702629
2026-09-04T06:42:24.849833+09:00,월드컵공원,월드컵공원,POI106,KEY_2,1130004404,강변북로,1130033700,난지IC,126.8896339776288613_37.5611813391795977,1130033200,성산대교,126.8911412406119865_37.5603058527702629,165.0,38.0,서행,126.8911412406119865_37.5603058527702629|126.8903331778963519_37.5607879615698508|126.8896389086477683_37.5611784867295526|126.8896339776288613_37.5611813391795977
2026-09-04T06:42:24.849833+09:00,월드컵공원,월드컵공원,POI106,KEY_2,1130005002,농수산시장로,1130034500,성산교,126.8989219885503985_37.5621373717947051,1130036303,평화의공원입구삼거리,126.8990860253315134_37.5639959273358528,207.0,41.0,원활,126.8990860253315134_37.5639959273358528|126.8989219885503985_37.5621373717947051
2026-09-04T06:42:24.849833+09:00,월드컵공원,월드컵공원,POI106,KEY_2,1130005003,농수산시장로,1130036304,평화의공원입구삼거리,126.8990929587228322_37.5641039888147077,1130037803,월드컵경기장앞교차로,126.8991063695936248_37.5662308077124507,236.0,25.7,원활,126.8991063695936248_37.5662308077124507|126.8991198200176740_37.5648080194228982|126.8990929587228322_37.5641039888147077
2026-09-04T06:42:24.849833+09:00,월드컵공원,월드컵공원,POI106,KEY_2,1130005102,농수산시장로,1130036302,평화의공원입구삼거리,126.8992213899087744_37.5639881918106582,1130034600,성산교,126.8990554846838847_37.5621485214101725,205.0,21.0,서행,126.8990554846838847_37.5621485214101725|126.8992213899087744_37.5639881918106582
2026-09-04T06:42:24.849833+09:00,월드컵공원,월드컵공원,POI106,KEY_2,1130005103,농수산시장로,1130037802,월드컵경기장앞교차로,126.8992424444353873_37.5662050990980205,1130036301,평화의공원입구삼거리,126.8992287189742001_37.5641007064985146,234.0,29.0,원활,126.8992287189742001_37.5641007064985146|126.8992556602302244_37.5648067848227996|126.8992424444353873_37.5662050990980205
2026-09-04T06:42:24.849833+09:00,월드컵공원,월드컵공원,POI106,KEY_2,1130005801,강변북로,1130035200,상암동487-92,126.8869824709277339_37.5627146689442810,1130033700,난지IC,126.8896339776288613_37.5611813391795977,290.0,62.0,원활,126.8896339776288613_37.5611813391795977|126.8869824709277339_37.5627146689442810
2026-09-04T06:42:24.849833+09:00,월드컵공원,월드컵공원,POI106,KEY_2,1130005802,강변북로,1130201300,최소노드배치점,126.8805715235547069_37.5664215207717902,1130035200,상암동487-92,126.8869824709277339_37.5627146689442810,700.0,76.3,원활,126.8869824709277339_37.5627146689442810|126.8805715235547069_37.5664215207717902
2026-09-04T06:42:24.849833+09:00,월드컵공원,월드컵공원,POI106,KEY_2,1130005803,강변북로,1130040700,난지하늘다리,126.8776788640752642_37.5680938393486130,1130037600,공중화장실중앙연결브릿지,126.8797079271903243_37.5669208029345754,222.0,77.5,원활,126.8797079271903243_37.5669208029345754|126.8776788640752642_37.5680938393486130
2026-09-04T06:42:24.849833+09:00,월드컵공원,월드컵공원,POI106,KEY_2,1130006101,월드컵로,1130038600,월드컵경기장교차로,126.8944428243858624_37.5671141661657799,1130039502,월드컵경기장교차로,126.8936587855695848_37.5675979976845014,88.0,24.0,서행,126.8936587855695848_37.5675979976845014|126.8939987637868825_37.5673753795305387|126.8944428243858624_37.5671141661657799
2026-09-04T06:42:24.849833+09:00,월드컵공원,월드컵공원,POI106,KEY_2,1130006102,월드컵로,1130163300,성산동 665,126.8953131844907887_37.5667064551793857,1130038600,월드컵경기장교차로,126.8944428243858624_37.5671141661657799,89.0,15.0,서행,126.8944428243858624_37.5671141661657799|126.8944875832715411_37.5670878367418126|126.8948936159094245_37.5668809204063052|126.8953131844907887_37.5667064551793857
2026-09-04T06:42:24.849833+09:00,월드컵공원,월드컵공원,POI106,KEY_2,1130006201,월드컵로,1130039501,월드컵경기장교차로,126.8937381162322424_37.5676860539947057,1130038900,월드컵경기장교차로,126.8945235506847951_37.5672011186045438,88.0,7.0,정체,126.8945235506847951_37.5672011186045438|126.8940823287928907_37.5674606625682159|126.8937381162322424_37.5676860539947057
2026-09-04T06:42:24.849833+09:00,월드컵공원,월드컵공원,POI106,KEY_2,1130006202,월드컵로,1130185900,성산동 665,126.8974372806954136_37.5663634229440433,1130037804,월드컵경기장앞교차로,126.8991050235384819_37.5663389215532177,147.0,19.0,서행,126.8991050235384819_37.5663389215532177|126.8981580057296981_37.5663314468831757|126.8977341761823681_37.5663443972156230|126.8977059872391635_37.5663452584893349|126.8974372806954136_37.5663634229440433
2026-09-04T06:42:24.849833+09:00,월드컵공원,월드컵공원,POI106,KEY_2,1130006302,강변북로,1130038204,하늘공원삼거리,126.8927750177231246_37.5668119719618616,1130038800,월드컵경기장,126.8930701997771990_37.5671361630912628,44.0,36.0,서행,126.8930701997771990_37.5671361630912628|126.8927750177231246_37.5668119719618616
2026-09-04T06:42:24.849833+09:00,월드컵공원,월드컵공원,POI106,KEY_2,1130006303,강변북로,1130038800,월드컵경기장,126.8930701997771990_37.5671361630912628,1130039503,월드컵경기장교차로,126.8935547123719658_37.5676679324827774,73.0,49.0,서행,126.8935547123719658_37.5676679324827774|126.8930701997771990_37.5671361630912628
2026-09-04T06:42:24.849833+09:00,월드컵공원,월드컵공원,POI106,KEY_2,1130006402,강변북로,1130038500,월드컵경기장,126.8931801682920337_37.5670727001149629,1130038201,하늘공원삼거리,126.8928849981851243_37.5667485225148923,44.0,17.0,정체,126.8928849981851243_37.5667485225148923|126.8931801682920337_37.5670727001149629
2026-09-04T06:42:24.849833+09:00,월드컵공원,월드컵공원,POI106,KEY_2,1130006403,강변북로,1130039502,월드컵경기장교차로,126.8936587855695848_37.5675979976845014,1130038500,월드컵경기장,126.8931801682920337_37.5670727001149629,72.0,18.0,정체,126.8931801682920337_37.5670727001149629|126.8936587855695848_37.5675979976845014
2026-09-04T06:42:24.849833+09:00,월드컵공원,월드컵공원,POI106,KEY_2,1130006701,증산로,1130039504,월드컵경기장교차로,126.8936341225956426_37.5677562478545823,1130040500,월드컵경기장,126.8940928477794330_37.5682720534531640,70.0,30.0,원활,126.8940928477794330_37.5682720534531640|126.8936341225956426_37.5677562478545823
2026-09-04T06:42:24.849833+09:00,월드컵공원,월드컵공원,POI106,KEY_2,1130006702,증산로,1130040500,월드컵경기장,126.8940928477794330_37.5682720534531640,1130041002,속성변화점,126.8945908282671553_37.5688321429532905,76.0,17.0,서행,126.8945908282671553_37.5688321429532905|126.8940928477794330_37.5682720534531640
2026-09-04T06:42:24.849833+09:00,월드컵공원,월드컵공원,POI106,KEY_2,1130006703,증산로,1130041002,속성변화점,126.8945908282671553_37.5688321429532905,1130041802,월드컵터널(남측),126.8952351960387688_37.5695567787868399,99.0,49.0,원활,126.8952351960387688_37.5695567787868399|126.8945908282671553_37.5688321429532905
2026-09-04T06:42:24.849833+09:00,월드컵공원,월드컵공원,POI106,KEY_2,1130006704,증산로,1130041802,월드컵터널(남측),126.8952351960387688_37.5695567787868399,1130042700,월드컵터널(북측),126.8984500525647974_37.5731087375812649,486.0,47.0,원활,126.8984500525647974_37.5731087375812649|126.8952351960387688_37.5695567787868399
2026-09-04T06:42:24.849833+09:00,월드컵공원,월드컵공원,POI106,KEY_2,1130006705,증산로,1130042700,월드컵터널(북측),126.8984500525647974_37.5731087375812649,1130043203,상암사거리,126.8987259999710346_37.5734116062475536,42.0,37.0,원활,126.8987259999710346_37.5734116062475536|126.8984500525647974_37.5731087375812649
2026-09-04T06:42:24.849833+09:00,월드컵공원,월드컵공원,POI106,KEY_2,1130006801,증산로,1130040300,월드컵경기장,126.8942037166999768_37.5682095895477133,1130039501,월드컵경기장교차로,126.8937381162322424_37.5676860539947057,71.0,31.0,원활,126.8937381162322424_37.5676860539947057|126.8942037166999768_37.5682095895477133
2026-09-04T06:42:24.849833+09:00,월드컵공원,월드컵공원,POI106,KEY_2,1130006802,증산로,1130041001,속성변화점,126.8947017012762615_37.5687696816076766,1130040300,월드컵경기장,126.8942037166999768_37.5682095895477133,76.0,38.0,원활,126.8942037166999768_37.5682095895477133|126.8947017012762615_37.5687696816076766
2026-09-04T06:42:24.849833+09:00,월드컵공원,월드컵공원,POI106,KEY_2,1130006803,증산로,1130041801,월드컵터널(남측),126.8953457382357044_37.5694939484396357,1130041001,속성변화점,126.8947017012762615_37.5687696816076766,98.0,62.0,원활,126.8947017012762615_37.5687696816076766|126.8953457382357044_37.5694939484396357
2026-09-04T06:42:24.849833+09:00,월드컵공원,월드컵공원,POI106,KEY_2,1130006804,증산로,1130042600,월드컵터널(북측),126.8985600196672294_37.5730452642534374,1130041801,월드컵터널(남측),126.8953457382357044_37.5694939484396357,486.0,29.7,원활,126.8953457382357044_37.5694939484396357|126.8985600196672294_37.5730452642534374
2026-09-04T06:42:24.849833+09:00,월드컵공원,월드컵공원,POI106,KEY_2,1130006805,증산로,1130043202,상암사거리,126.8988336866391791_37.5733456292449119,1130042600,월드컵터널(북측),126.8985600196672294_37.5730452642534374,41.0,20.0,서행,126.8985600196672294_37.5730452642534374|126.8988336866391791_37.5733456292449119
2026-09-04T06:42:24.849833+09:00,월드컵공원,월드컵공원,POI106,KEY_2,1130007001,강변북로,1130199200,최소노드배치점,126.8730919539536188_37.5707453440919394,1130040700,난지하늘다리,126.8776788640752642_37.5680938393486130,501.0,78.3,원활,126.8776788640752642_37.5680938393486130|126.8730919539536188_37.5707453440919394
2026-09-04T06:42:24.849833+09:00,월드컵공원,월드컵공원,POI106,KEY_2,1130007101,증산로,1130043204,상암사거리,126.8988065387872979_37.5734987293495166,1130043500,성산동491-1,126.8990562961894852_37.5737647959106411,37.0,8.0,정체,126.8990562961894852_37.5737647959106411|126.8988065387872979_37.5734987293495166
2026-09-04T06:42:24.849833+09:00,월드컵공원,월드컵공원,POI106,KEY_2,1130007102,증산로,1130043500,성산동491-1,126.8990562961894852_37.5737647959106411,1130044402,증산지하차도(남측),126.8995968764490669_37.5743540467505426,81.0,6.0,정체,126.8995968764490669_37.5743540467505426|126.8992398926530143_37.5739603793572670|126.8990562961894852_37.5737647959106411
2026-09-04T06:42:24.849833+09:00,월드컵공원,월드컵공원,POI106,KEY_2,1130007201,증산로,1130044100,성산동488-2,126.8993493776716974_37.5738963850184291,1130043201,상암사거리,126.8989143573968192_37.5734329477853279,64.0,46.0,원활,126.8989143573968192_37.5734329477853279|126.8991651175588800_37.5737000821793430|126.8993493776716974_37.5738963850184291
2026-09-04T06:42:24.849833+09:00,월드컵공원,월드컵공원,POI106,KEY_2,1130007202,증산로,1130044401,증산지하차도(남측),126.8997070239019962_37.5742907695769190,1130044100,성산동488-2,126.8993493776716974_37.5738963850184291,54.0,50.5,원활,126.8993493776716974_37.5738963850184291|126.8997070239019962_37.5742907695769190
2026-09-04T06:42:24.849833+09:00,월드컵공원,월드컵공원,POI106,KEY_2,1130007501,증산로,1130044402,증산지하차도(남측),126.8995968764490669_37.5743540467505426,1130046402,은평구-마포구,126.9017527415007578_37.5765539742255541,310.0,16.0,서행,126.9017527415007578_37.5765539742255541|126.9006134456184895_37.5754750169051093|126.8995968764490669_37.5743540467505426
2026-09-04T06:42:24.849833+09:00,월드컵공원,월드컵공원,POI106,KEY_2,1130007601,증산로,1130046401,은평구-마포구,126.9018567383502045_37.5764844121927837,1130044401,증산지하차도(남측),126.8997070239019962_37.5742907695769190,309.0,65.0,원활,126.8997070239019962_37.5742907695769190|126.9007206641610566_37.5754085065304366|126.9018567383502045_37.5764844121927837
2026-09-04T06:42:24.849833+09:00,월드컵공원,월드컵공원,POI106,KEY_2,1130021902,월드컵로,1130037503,상암교,126.8999592062094877_37.5659752555764754,1130037802,월드컵경기장앞교차로,126.8992424444353873_37.5662050990980205,68.0,38.7,원활,126.8992424444353873_37.5662050990980205|126.8999592062094877_37.5659752555764754
2026-09-04T06:42:24.849833+09:00,월드컵공원,월드컵공원,POI106,KEY_2,1130022002,월드컵로,1130037801,월드컵경기장앞교차로,126.8992931976572294_37.5663053862595930,1130037504,상암교,126.9000099608666687_37.5660755432390019,68.0,26.0,원활,126.9000099608666687_37.5660755432390019|126.8992931976572294_37.5663053862595930
2026-09-04T06:42:24.849833+09:00,월드컵공원,월드컵공원,POI106,KEY_2,1130023301,월드컵로,1130194500,최소노드배치점,126.8902328706012668_37.5703701596385145,1130042903,월드컵파크3단지교차로,126.8881223856412817_37.5729458818583879,342.0,47.0,원활,126.8881223856412817_37.5729458818583879|126.8883908114686676_37.5726703780645437|126.8894393624499486_37.5713326055581973|126.8900333463798376_37.5705864698741436|126.8902328706012668_37.5703701596385145
2026-09-04T06:42:24.849833+09:00,월드컵공원,월드컵공원,POI106,KEY_2,1130023302,월드컵로,1130039503,월드컵경기장교차로,126.8935547123719658_37.5676679324827774,1130039900,월드컵경기장,126.8929039986858243_37.5681184361734708,76.0,32.0,원활,126.8929039986858243_37.5681184361734708|126.8935547123719658_37.5676679324827774
2026-09-04T06:42:24.849833+09:00,월드컵공원,월드컵공원,POI106,KEY_2,1130023401,월드컵로,1130194400,최소노드배치점,126.8903423639994941_37.5704341460450308,1130040200,월드컵경기장,126.8929931387771859_37.5682000156307865,342.0,36.0,원활,126.8929931387771859_37.5682000156307865|126.8923026998431283_37.5686797885601820|126.8915863422657537_37.5692546075148286|126.8909882827659459_37.5698007733940003|126.8905327633387543_37.5702277271571177|126.8903423639994941_37.5704341460450308
2026-09-04T06:42:24.849833+09:00,월드컵공원,월드컵공원,POI106,KEY_2,1130023402,월드컵로,1130040200,월드컵경기장,126.8929931387771859_37.5682000156307865,1130039504,월드컵경기장교차로,126.8936341225956426_37.5677562478545823,75.0,38.0,원활,126.8936341225956426_37.5677562478545823|126.8929931387771859_37.5682000156307865
2026-09-04T06:42:24.849833+09:00,월드컵공원,월드컵공원,POI106,KEY_2,1130024101,하늘공원로,1130002802,난지하늘다리,126.8790067890186322_37.5679013379083457,1130041503,하늘공원입구교차로,126.8805494049825313_37.5695878566951720,232.0,39.0,원활,126.8805494049825313_37.5695878566951720|126.8790067890186322_37.5679013379083457
2026-09-04T06:42:24.849833+09:00,월드컵공원,월드컵공원,POI106,KEY_2,1130024102,하늘공원로,1130041504,하늘공원입구교차로,126.8806278182475182_37.5696761433924351,1130041704,하늘공원입구,126.8809741483384101_37.5700782293513740,54.0,39.5,원활,126.8809741483384101_37.5700782293513740|126.8806278182475182_37.5696761433924351
2026-09-04T06:42:24.849833+09:00,월드컵공원,월드컵공원,POI106,KEY_2,1130024103,하늘공원로,1130041701,하늘공원입구,126.8811070905664735_37.5702303720602799,1130043603,난지천공원축구장,126.8832904519065465_37.5736664016871273,438.0,35.5,원활,126.8832904519065465_37.5736664016871273|126.8832169793506921_37.5729168480731701|126.8831824572262690_37.5727274419921073|126.8831078471530418_37.5725393395911809|126.8829989250993293_37.5723516491287413|126.8820815554522596_37.5713438253104854|126.8811070905664735_37.5702303720602799
2026-09-04T06:42:24.849833+09:00,월드컵공원,월드컵공원,POI106,KEY_2,1130024104,하늘공원로,1130119100,상암동 478-1,126.8819036280695087_37.5750167829500512,1130046903,난지천공원입구교차로,126.8808038386050328_37.5774410688980609,370.0,35.0,원활,126.8808038386050328_37.5774410688980609|126.8806469221033382_37.5773811452822457|126.8800689661548375_37.5768267465542394|126.8799824556043774_37.5766672971433522|126.8799754600303658_37.5765294406676063|126.8800473960555451_37.5764096023066756|126.8803622906001038_37.5761449134077097|126.8819036280695087_37.5750167829500512
2026-09-04T06:42:24.849833+09:00,월드컵공원,월드컵공원,POI106,KEY_2,1130024201,하늘공원로,1130041502,하늘공원입구교차로,126.8806600810001157_37.5695245329108189,1130002801,난지하늘다리,126.8791284445894973_37.5678284485748435,232.0,33.0,원활,126.8791284445894973_37.5678284485748435|126.8806600810001157_37.5695245329108189
2026-09-04T06:42:24.849833+09:00,월드컵공원,월드컵공원,POI106,KEY_2,1130024202,하늘공원로,1130041703,하늘공원입구,126.8810861781607002_37.5700170935686444,1130041501,하늘공원입구교차로,126.8807398575677894_37.5696150047872237,54.0,19.0,서행,126.8807398575677894_37.5696150047872237|126.8810861781607002_37.5700170935686444
2026-09-04T06:42:24.849833+09:00,월드컵공원,월드컵공원,POI106,KEY_2,1130024203,하늘공원로,1130043602,난지천공원축구장,126.8834195956951163_37.5735938769844608,1130041702,하늘공원입구,126.8812185486830089_37.5701685727438743,438.0,37.0,원활,126.8812185486830089_37.5701685727438743|126.8821922954406176_37.5712812032115693|126.8831166935827923_37.5722967465541373|126.8832347852110303_37.5725002386121716|126.8833153084836312_37.5727032474265030|126.8833520577633180_37.5729048686507099|126.8834195956951163_37.5735938769844608
2026-09-04T06:42:24.849833+09:00,월드컵공원,월드컵공원,POI106,KEY_2,1130024204,하늘공원로,1130119200,상암동 1538,126.8819955811620872_37.5750963663371991,1130043601,난지천공원축구장,126.8834290475820268_37.5737208916380823,206.0,32.5,원활,126.8834290475820268_37.5737208916380823|126.8834287565967287_37.5739075718971094|126.8834008524211328_37.5740288704340273|126.8833040852893816_37.5741386069257430|126.8819955811620872_37.5750963663371991
2026-09-04T06:42:24.849833+09:00,월드컵공원,월드컵공원,POI106,KEY_2,1130024301,월드컵북로,1130007103,중암교앞교차로,126.9003567074412331_37.5722443668917450,1130043101,성산동산50-10,126.8992002042206764_37.5730978684736385,139.0,17.3,서행,126.8992002042206764_37.5730978684736385|126.8993140126868582_37.5730209341606027|126.8995630326002555_37.5728426565414608|126.8997381790937737_37.5727172653403443|126.9003567074412331_37.5722443668917450
2026-09-04T06:42:24.849833+09:00,월드컵공원,월드컵공원,POI106,KEY_2,1130024302,월드컵북로,1130043101,성산동산50-10,126.8992002042206764_37.5730978684736385,1130043202,상암사거리,126.8988336866391791_37.5733456292449119,42.0,16.0,서행,126.8988336866391791_37.5733456292449119|126.8992002042206764_37.5730978684736385
2026-09-04T06:42:24.849833+09:00,월드컵공원,월드컵공원,POI106,KEY_2,1130024400,월드컵북로,1130043201,상암사거리,126.8989143573968192_37.5734329477853279,1130007104,중암교앞교차로,126.9003625466799292_37.5723898224647499,173.0,14.0,정체,126.9003625466799292_37.5723898224647499|126.8998306758195156_37.5727964656059541|126.8996538747944385_37.5729230417552316|126.8994034193962932_37.5731023476670956|126.8992881390889664_37.5731802764086069|126.8989143573968192_37.5734329477853279
2026-09-04T06:42:24.849833+09:00,월드컵공원,월드컵공원,POI106,KEY_2,1130024500,월드컵로,1130042904,월드컵파크3단지교차로,126.8880419598859106_37.5730202691865927,1130007302,디지털미디어시티입구교차로,126.8865044792722472_37.5740977172547161,181.0,30.0,원활,126.8865044792722472_37.5740977172547161|126.8871887145199224_37.5736835642442912|126.8876417608668987_37.5733592229529521|126.8880419598859106_37.5730202691865927
2026-09-04T06:42:24.849833+09:00,월드컵공원,월드컵공원,POI106,KEY_2,1130024600,월드컵로,1130007301,디지털미디어시티입구교차로,126.8865867067047475_37.5741837779433610,1130042901,월드컵파크3단지교차로,126.8881409491589523_37.5730943102150050,183.0,45.5,원활,126.8881409491589523_37.5730943102150050|126.8877368451630474_37.5734365727853401|126.8872753969699261_37.5737669286614562|126.8865867067047475_37.5741837779433610
2026-09-04T06:42:24.849833+09:00,월드컵공원,월드컵공원,POI106,KEY_2,1130024700,매봉산로,1130042901,월드컵파크3단지교차로,126.8881409491589523_37.5730943102150050,1130044603,월드컵파크2단지사거리,126.8900041088949990_37.5748995117424016,259.0,24.0,서행,126.8900041088949990_37.5748995117424016|126.8887517450962719_37.5736649009094705|126.8882989940305492_37.5732185545011106|126.8881409491589523_37.5730943102150050
2026-09-04T06:42:24.849833+09:00,월드컵공원,월드컵공원,POI106,KEY_2,1130024800,매봉산로,1130143300,상암동 1718,126.8888574380232797_37.5735969833114538,1130042902,월드컵파크3단지교차로,126.8882297303751585_37.5730121388944696,85.0,12.0,정체,126.8882297303751585_37.5730121388944696|126.8883998868334544_37.5731459054289232|126.8888574380232797_37.5735969833114538
2026-09-04T06:42:24.849833+09:00,월드컵공원,월드컵공원,POI106,KEY_2,1130024900,상암산로,1130007304,디지털미디어시티입구교차로,126.8864778921370515_37.5742486322207014,1130045803,월드컵파크4단지앞교차로,126.8882742497551561_37.5760131281143472,252.0,20.0,서행,126.8882742497551561_37.5760131281143472|126.8864778921370515_37.5742486322207014
2026-09-04T06:42:24.849833+09:00,월드컵공원,월드컵공원,POI106,KEY_2,1130025000,상암산로,1130045802,월드컵파크4단지앞교차로,126.8883797106704350_37.5759449782012638,1130007301,디지털미디어시티입구교차로,126.8865867067047475_37.5741837779433610,252.0,18.0,서행,126.8865867067047475_37.5741837779433610|126.8883797106704350_37.5759449782012638
2026-09-04T06:42:24.849833+09:00,월드컵공원,월드컵공원,POI106,KEY_2,1130025201,월드컵로,1130200200,최소노드배치점,126.8837926199325068_37.5758224723070740,1130007304,디지털미디어시티입구교차로,126.8864778921370515_37.5742486322207014,295.0,56.0,원활,126.8864778921370515_37.5742486322207014|126.8837926199325068_37.5758224723070740
2026-09-04T06:42:24.849833+09:00,월드컵공원,월드컵공원,POI106,KEY_2,1130025501,월드컵북로,1130043203,상암사거리,126.8987259999710346_37.5734116062475536,1130043300,상암동24-59,126.8983553249005070_37.5736156835259791,40.0,6.0,정체,126.8983553249005070_37.5736156835259791|126.8987259999710346_37.5734116062475536
2026-09-04T06:42:24.849833+09:00,월드컵공원,월드컵공원,POI106,KEY_2,1130025601,월드컵북로,1130043400,상암동24-59,126.8984326017897075_37.5737046034107323,1130043204,상암사거리,126.8988065387872979_37.5734987293495166,40.0,40.0,원활,126.8988065387872979_37.5734987293495166|126.8984326017897075_37.5737046034107323
2026-09-04T06:42:24.849833+09:00,월드컵공원,월드컵공원,POI106,KEY_2,1130026101,월드컵로,1130200300,최소노드배치점,126.8837120711249611_37.5757354111488198,1130046902,난지천공원입구교차로,126.8809731670700387_37.5773405521763664,300.0,27.5,원활,126.8809731670700387_37.5773405521763664|126.8837120711249611_37.5757354111488198
2026-09-04T06:42:24.849833+09:00,월드컵공원,월드컵공원,POI106,KEY_2,1130026701,성암로,1130003202,중동교,126.9005739786039442_37.5754350244651292,1130045502,상암동 1154-1,126.9002568597358760_37.5756319717856542,36.0,36.0,원활,126.9002568597358760_37.5756319717856542|126.9005739786039442_37.5754350244651292
2026-09-04T06:42:24.849833+09:00,월드컵공원,월드컵공원,POI106,KEY_2,1130026801,성암로,1130046001,수색역(서측),126.8995757632913666_37.5762295729790523,1130003201,중동교,126.9006575479311749_37.5755202637415948,124.0,29.0,원활,126.9006575479311749_37.5755202637415948|126.9003404289748858_37.5757172113524263|126.9002329685327624_37.5757839495594794|126.9001030333946005_37.5758646453959528|126.8995757632913666_37.5762295729790523
2026-09-04T06:42:24.849833+09:00,월드컵공원,월드컵공원,POI106,KEY_2,1130026803,성암로,1130047001,디지털미디어시티역(공항철도),126.8978269624122817_37.5774398889533572,1130046004,수색역(서측),126.8994732524635225_37.5763005208021355,193.0,29.0,원활,126.8994732524635225_37.5763005208021355|126.8987554448355439_37.5767973097372874|126.8986528917860852_37.5768682850013249|126.8978269624122817_37.5774398889533572
2026-09-04T06:42:24.849833+09:00,월드컵공원,월드컵공원,POI106,KEY_2,1130026805,성암로,1130008001,성암삼거리,126.8948085001043040_37.5794897016194511,1130047004,디지털미디어시티역(공항철도),126.8977228468471594_37.5775112990256872,338.0,29.0,원활,126.8977228468471594_37.5775112990256872|126.8968720930318739_37.5780888511044466|126.8964379623555487_37.5783835639945067|126.8956337334028035_37.5789295104891039|126.8948085001043040_37.5794897016194511
2026-09-04T06:42:24.849833+09:00,월드컵공원,월드컵공원,POI106,KEY_2,1130026902,가양대로,1130046200,상암동1548-2,126.8667080698376282_37.5766573573538807,1130047202,마포구-고양시덕양구,126.8685200397426769_37.5777218494147363,200.0,64.0,원활,126.8685200397426769_37.5777218494147363|126.8678276058587073_37.5774019125309451|126.8673500858389929_37.5771027767939287|126.8667080698376282_37.5766573573538807
2026-09-04T06:42:24.849833+09:00,월드컵공원,월드컵공원,POI106,KEY_2,1130027001,가양대로,1130046100,상암동1548-2,126.8668103712872721_37.5765861618658121,1130003101,가양대교북측(북측),126.8653879037502890_37.5751176402787053,206.0,71.0,원활,126.8653879037502890_37.5751176402787053|126.8658129554851399_37.5756464246818354|126.8661297220612170_37.5759666290461709|126.8668103712872721_37.5765861618658121
2026-09-04T06:42:24.849833+09:00,월드컵공원,월드컵공원,POI106,KEY_2,1130027002,가양대로,1130047201,마포구-고양시덕양구,126.8685875400640697_37.5776283095015344,1130046100,상암동1548-2,126.8668103712872721_37.5765861618658121,196.0,69.0,원활,126.8668103712872721_37.5765861618658121|126.8674367739413071_37.5770194394513553|126.8679047056204325_37.5773125680000035|126.8685875400640697_37.5776283095015344
2026-09-04T06:42:24.849833+09:00,월드컵공원,월드컵공원,POI106,KEY_2,1130027301,월드컵로,1130046903,난지천공원입구교차로,126.8808038386050328_37.5774410688980609,2180129202,마포구-고양시덕양구,126.8763952068496508_37.5799982060491828,482.0,38.0,원활,126.8763952068496508_37.5799982060491828|126.8773632316619029_37.5794867425515520|126.8808038386050328_37.5774410688980609
2026-09-04T06:42:24.849833+09:00,월드컵공원,월드컵공원,POI106,KEY_2,1130027401,월드컵로,2180129201,마포구-고양시덕양구,126.8764749226956496_37.5800874255298964,1130046904,난지천공원입구교차로,126.8809936867214532_37.5774631452153756,494.0,47.0,원활,126.8809936867214532_37.5774631452153756|126.8774448794777925_37.5795731569323479|126.8764749226956496_37.5800874255298964
2026-09-04T06:42:24.849833+09:00,월드컵공원,월드컵공원,POI106,KEY_2,1130057700,강변북로,1130033200,성산대교,126.8911412406119865_37.5603058527702629,1130032600,성산대교(북측),126.8944996981634006_37.5595429958823459,326.0,42.0,서행,126.8944996981634006_37.5595429958823459|126.8943293941725443_37.5594872710125642|126.8941530411086944_37.5594386700603451|126.8939286622046154_37.5594017467735526|126.8937640802613203_37.5593794378865411|126.8935933902019855_37.5593714067652158|126.8934495642020437_37.5593754378597282|126.8932726515631657_37.5593959919852907|126.8931075851383383_37.5594333006925396|126.8929244098583382_37.5594872098278643|126.8926237686871303_37.5596192130071884|126.8919590517301259_37.5599472802490411|126.8911412406119865_37.5603058527702629
2026-09-04T06:42:24.849833+09:00,월드컵공원,월드컵공원,POI106,KEY_2,1130059800,강변북로,1130035300,난지IC,126.8898104030113245_37.5629860660037380,1130033700,난지IC,126.8896339776288613_37.5611813391795977,226.0,54.0,원활,126.8896339776288613_37.5611813391795977|126.8894176020147597_37.5614684878669536|126.8893153300090262_37.5616110476746101|126.8892318793200928_37.5617417805528220|126.8891819829926249_37.5618905729018380|126.8891735935308986_37.5620008271417234|126.8891911726312003_37.5621410260356967|126.8892312918061833_37.5622723973896910|126.8892941471643923_37.5623710965022468|126.8893792510292542_37.5624967390930635|126.8895054254927999_37.5626374991353629|126.8898104030113245_37.5629860660037380
2026-09-04T06:42:24.849833+09:00,월드컵공원,월드컵공원,POI106,KEY_2,1130060400,강변북로,1130035300,난지IC,126.8898104030113245_37.5629860660037380,1130035400,난지IC,126.8887404508207766_37.5627647059584433,207.0,37.0,서행,126.8887404508207766_37.5627647059584433|126.8886217917344226_37.5626210023311842|126.8885403597886921_37.5625043212687686|126.8885296857777973_37.5624357030392346|126.8885453230687261_37.5623552966885796|126.8886058453901313_37.5622810846940212|126.8887074127081576_37.5622249709323057|126.8888236168811687_37.5622106680788406|126.8889059247495226_37.5622200366281618|126.8890104334459892_37.5622623123526296|126.8890997191290637_37.5623343182722351|126.8894897171077929_37.5627268488306711|126.8898104030113245_37.5629860660037380
2026-09-04T06:42:24.849833+09:00,월드컵공원,월드컵공원,POI106,KEY_2,1130060800,강변북로,1130035200,상암동487-92,126.8869824709277339_37.5627146689442810,1130035400,난지IC,126.8887404508207766_37.5627647059584433,165.0,58.3,원활,126.8887404508207766_37.5627647059584433|126.8885876752644322_37.5626715034093053|126.8884571255752434_37.5626082257223715|126.8883226842041552_37.5625628136654015|126.8881731187654225_37.5625352097352447|126.8880346660856162_37.5625225681853436|126.8879298166337293_37.5625220245149123|126.8877874234350571_37.5625332102818064|126.8876637043857301_37.5625504548253915|126.8874648490535719_37.5625971199513131|126.8869824709277339_37.5627146689442810
2026-09-04T06:42:24.849833+09:00,월드컵공원,월드컵공원,POI106,KEY_2,1130061400,강변북로,1130035400,난지IC,126.8887404508207766_37.5627647059584433,1130036802,월드컵대교북단(북측),126.8904690310220502_37.5644096741189699,238.0,52.7,원활,126.8904690310220502_37.5644096741189699|126.8901651684740699_37.5641182988978670|126.8887404508207766_37.5627647059584433
2026-09-04T06:42:24.849833+09:00,월드컵공원,월드컵공원,POI106,KEY_2,1130061500,월드컵로,1130036303,평화의공원입구삼거리,126.8990860253315134_37.5639959273358528,1130036402,월드컵공원관리사업소,126.8977744243629928_37.5640083581478237,116.0,18.0,서행,126.8977744243629928_37.5640083581478237|126.8990860253315134_37.5639959273358528
2026-09-04T06:42:24.849833+09:00,월드컵공원,월드컵공원,POI106,KEY_2,1130061600,월드컵로,1130036401,월드컵공원관리사업소,126.8977760412117561_37.5641164700524541,1130036304,평화의공원입구삼거리,126.8990929587228322_37.5641039888147077,116.0,15.0,서행,126.8990929587228322_37.5641039888147077|126.8977760412117561_37.5641164700524541
2026-09-04T06:42:24.849833+09:00,월드컵공원,월드컵공원,POI106,KEY_2,1130062900,강변북로,1130002801,난지하늘다리,126.8791284445894973_37.5678284485748435,1130037600,공중화장실중앙연결브릿지,126.8797079271903243_37.5669208029345754,122.0,39.0,서행,126.8797079271903243_37.5669208029345754|126.8793072989835622_37.5672575978672327|126.8791033450198142_37.5674651956459158|126.8790652029663732_37.5675484635056307|126.8790741844070027_37.5676319787488211|126.8790921421632021_37.5677244852051189|126.8791284445894973_37.5678284485748435
2026-09-04T06:42:24.849833+09:00,월드컵공원,월드컵공원,POI106,KEY_2,1130063000,강변북로,1130038600,월드컵경기장교차로,126.8944428243858624_37.5671141661657799,1130038500,월드컵경기장,126.8931801682920337_37.5670727001149629,125.0,15.0,정체,126.8931801682920337_37.5670727001149629|126.8933897681488503_37.5672261579097437|126.8935813632224097_37.5672787759108360|126.8937879608320429_37.5673123366294135|126.8939706670349068_37.5672981975568163|126.8942043606884340_37.5672316578597290|126.8944428243858624_37.5671141661657799
2026-09-04T06:42:24.849833+09:00,월드컵공원,월드컵공원,POI106,KEY_2,1130063400,증산로,1130040300,월드컵경기장,126.8942037166999768_37.5682095895477133,1130038900,월드컵경기장교차로,126.8945235506847951_37.5672011186045438,132.0,31.0,원활,126.8945235506847951_37.5672011186045438|126.8941591507406628_37.5674342485064017|126.8940661142988517_37.5675724300144651|126.8940569783548256_37.5676796970297389|126.8940746403386015_37.5678966464311941|126.8941013742459489_37.5680516235913231|126.8942037166999768_37.5682095895477133
2026-09-04T06:42:24.849833+09:00,월드컵공원,월드컵공원,POI106,KEY_2,1130063500,강변북로,1130038800,월드컵경기장,126.8930701997771990_37.5671361630912628,1130039900,월드컵경기장,126.8929039986858243_37.5681184361734708,118.0,49.0,서행,126.8929039986858243_37.5681184361734708|126.8931462963787595_37.5678481327790266|126.8931914230922331_37.5677051397006991|126.8932036109160464_37.5675597336768163|126.8931828577785836_37.5674119138146949|126.8930701997771990_37.5671361630912628
2026-09-04T06:42:24.849833+09:00,월드컵공원,월드컵공원,POI106,KEY_2,1130063800,강변북로,1130040700,난지하늘다리,126.8776788640752642_37.5680938393486130,1130002802,난지하늘다리,126.8790067890186322_37.5679013379083457,127.0,46.5,서행,126.8790067890186322_37.5679013379083457|126.8788308435538426_37.5678095595811072|126.8786737572404633_37.5677848848747118|126.8783510034137123_37.5678666541355639|126.8776788640752642_37.5680938393486130
2026-09-04T06:42:24.849833+09:00,월드컵공원,월드컵공원,POI106,KEY_2,1130063900,월드컵로,1130040200,월드컵경기장,126.8929931387771859_37.5682000156307865,1130040500,월드컵경기장,126.8940928477794330_37.5682720534531640,109.0,35.0,원활,126.8940928477794330_37.5682720534531640|126.8939125656522293_37.5681444259831849|126.8937000263679380_37.5680751014343741|126.8935293686126613_37.5680391898499764|126.8933975868422834_37.5680438380959885|126.8931848928623936_37.5680841726191517|126.8929931387771859_37.5682000156307865
2026-09-04T06:42:24.849833+09:00,월드컵공원,월드컵공원,POI106,KEY_2,1130065600,증산로,1130042100,속성변화점,126.8962751836689620_37.5706745501291124,1130041801,월드컵터널(남측),126.8953457382357044_37.5694939484396357,186.0,29.0,원활,126.8953457382357044_37.5694939484396357|126.8959901880873531_37.5699362475398502|126.8963117579864530_37.5702168759129691|126.8964882429743852_37.5703743670373029|126.8965301036916884_37.5704244657172666|126.8965179988444589_37.5705150429433061|126.8964640067656120_37.5705745928165271|126.8962751836689620_37.5706745501291124
2026-09-04T06:42:24.849833+09:00,월드컵공원,월드컵공원,POI106,KEY_2,1130065700,증산로,1130041802,월드컵터널(남측),126.8952351960387688_37.5695567787868399,1130042100,속성변화점,126.8962751836689620_37.5706745501291124,175.0,27.0,원활,126.8962751836689620_37.5706745501291124|126.8961193477791625_37.5707435455473870|126.8960085430591676_37.5707362967985716|126.8959217483802888_37.5706933095278472|126.8958500247873076_37.5705812039502050|126.8952351960387688_37.5695567787868399
2026-09-04T06:42:24.849833+09:00,월드컵공원,월드컵공원,POI106,KEY_2,1130066600,월드컵북로,1130043101,성산동산50-10,126.8992002042206764_37.5730978684736385,1130042600,월드컵터널(북측),126.8985600196672294_37.5730452642534374,62.0,26.0,원활,126.8985600196672294_37.5730452642534374|126.8986768445737283_37.5731219076736807|126.8988493070879713_37.5731621056792235|126.8989762827692971_37.5731736570376427|126.8991097236723817_37.5731413353492059|126.8992002042206764_37.5730978684736385
2026-09-04T06:42:24.849833+09:00,월드컵공원,월드컵공원,POI106,KEY_2,1130066700,증산로,1130042700,월드컵터널(북측),126.8984500525647974_37.5731087375812649,1130043300,상암동24-59,126.8983553249005070_37.5736156835259791,60.0,25.0,원활,126.8983553249005070_37.5736156835259791|126.8984534992670916_37.5734974169797056|126.8984848298550645_37.5733639462692608|126.8984969418499560_37.5732666934217008|126.8984500525647974_37.5731087375812649
2026-09-04T06:42:24.849833+09:00,월드컵공원,월드컵공원,POI106,KEY_2,1130066900,월드컵북로,1130043400,상암동24-59,126.8984326017897075_37.5737046034107323,1130043500,성산동491-1,126.8990562961894852_37.5737647959106411,59.0,33.0,원활,126.8990562961894852_37.5737647959106411|126.8989085002055361_37.5736866108833851|126.8987791467213100_37.5736598008740614|126.8986641476944612_37.5736501660897773|126.8985371690847614_37.5736660785077774|126.8984326017897075_37.5737046034107323
2026-09-04T06:42:24.849833+09:00,월드컵공원,월드컵공원,POI106,KEY_2,1130067000,강변북로,1130044000,가양대교,126.8673743583999141_37.5742974351538592,1130043000,상암동496-173,126.8685043667667713_37.5733962814687246,142.0,25.0,정체,126.8685043667667713_37.5733962814687246|126.8682637435223626_37.5736487619131054|126.8675778383089323_37.5741518602001037|126.8673743583999141_37.5742974351538592
2026-09-04T06:42:24.849833+09:00,월드컵공원,월드컵공원,POI106,KEY_2,1130067400,강변북로,1130044900,가양대교(북측),126.8662979111019808_37.5750965324918980,2180012400,마포구-고양시덕양구,126.8621499541622484_37.5761292129435418,867.0,52.0,원활,126.8621499541622484_37.5761292129435418|126.8630365316940498_37.5756983525925961|126.8633496391713038_37.5755235658387008|126.8636024164670175_37.5753961503927982|126.8638549079817466_37.5753021186014351|126.8642093916064510_37.5751943274225582|126.8644317580255318_37.5751192112446475|126.8646243656565815_37.5750200868760302|126.8656963468579306_37.5743962637992084|126.8673222210701397_37.5734653760000015|126.8674191938721094_37.5734247582035579|126.8675616609625365_37.5734076352449335|126.8677301163889410_37.5734174809641033|126.8678459640486977_37.5734479111437594|126.8679578899536153_37.5734991876324784|126.8680656691356319_37.5735981381943773|126.8681136254124340_37.5736848440004394|126.8681425287121556_37.5738102009802120|126.8681227959743723_37.5739293354224060|126.8680618906707167_37.5740452685688453|126.8679938724763190_37.5741164485557846|126.8678959680219123_37.5741785247544513|126.8670114588051803_37.5746924804154645|126.8664732680685887_37.5749996173274710|126.8662979111019808_37.5750965324918980
2026-09-04T06:42:24.849833+09:00,월드컵공원,월드컵공원,POI106,KEY_2,1130068000,강변북로,1130044900,가양대교(북측),126.8662979111019808_37.5750965324918980,1130044000,가양대교,126.8673743583999141_37.5742974351538592,130.0,57.3,원활,126.8673743583999141_37.5742974351538592|126.8671029486819180_37.5745034584801587|126.8668363039734714_37.5746773111499621|126.8665787981325934_37.5748333266504062|126.8662979111019808_37.5750965324918980
2026-09-04T06:42:24.849833+09:00,월드컵공원,월드컵공원,POI106,KEY_2,1130068100,강변북로,1130045200,상암동1550-3,126.8641075564550107_37.5759187444953753,1130043900,가양대교(북측),126.8653915391259233_37.5740001396464294,472.0,43.0,서행,126.8653915391259233_37.5740001396464294|126.8655530578639770_37.5739801801802500|126.8656826690621386_37.5739598904694603|126.8661509725368433_37.5738555664648857|126.8662685671453687_37.5738390277396874|126.8663692370552525_37.5738395679072923|126.8664578250642165_37.5738514900970912|126.8665224124056721_37.5738670998852271|126.8665988064661292_37.5739037584917384|126.8666941819490717_37.5739634138358554|126.8667607786702263_37.5740248214943335|126.8668082321833168_37.5740823116192715|126.8668364303619285_37.5741492377416790|126.8668526598945334_37.5742141906959048|126.8668616174391417_37.5742886445381998|126.8668489706226410_37.5743667987229344|126.8668146220147861_37.5744600984612092|126.8667539721880928_37.5745456262622142|126.8666911827972115_37.5746006169252169|126.8666261100899249_37.5746422405294780|126.8660974620481738_37.5749545546124253|126.8655931483691290_37.5752410021525876|126.8650740029988668_37.5755094827713094|126.8645475391721931_37.5757570541415831|126.8641075564550107_37.5759187444953753
2026-09-04T06:42:24.849833+09:00,월드컵공원,월드컵공원,POI106,KEY_2,1130068200,증산로,1130045102,중동교,126.9008492951027023_37.5752640367100312,1130044100,성산동488-2,126.8993493776716974_37.5738963850184291,203.0,36.0,원활,126.8993493776716974_37.5738963850184291|126.8997550267243923_37.5741747896741316|126.8999831939128740_37.5743329158112758|126.9008492951027023_37.5752640367100312
2026-09-04T06:42:24.849833+09:00,월드컵공원,월드컵공원,POI106,KEY_2,1130069000,강변북로,1130046100,상암동1548-2,126.8668103712872721_37.5765861618658121,1130044900,가양대교(북측),126.8662979111019808_37.5750965324918980,187.0,52.5,원활,126.8662979111019808_37.5750965324918980|126.8662245161535509_37.5751831042431661|126.8661675796174393_37.5752722291032342|126.8661254475466791_37.5753822999128815|126.8661059123572699_37.5754775866996624|126.8661050528011884_37.5755789367306079|126.8661155560571956_37.5756654422576091|126.8661519976949847_37.5757848778879833|126.8662148338686819_37.5758835881253859|126.8663447810881735_37.5760184312028898|126.8665599115308424_37.5762670083014783|126.8668103712872721_37.5765861618658121
2026-09-04T06:42:24.849833+09:00,월드컵공원,월드컵공원,POI106,KEY_2,1130069200,강변북로,1130281600,가양대교북단,126.8660053048504182_37.5750796107830993,1130044000,가양대교,126.8673743583999141_37.5742974351538592,149.0,46.0,서행,126.8673743583999141_37.5742974351538592|126.8665795553867071_37.5747439011434423|126.8661436579312891_37.5750013064232888|126.8660053048504182_37.5750796107830993
2026-09-04T06:42:24.849833+09:00,월드컵공원,월드컵공원,POI106,KEY_2,1130069800,하늘공원로.인접길,1130196200,최소노드배치점,126.8796216688609491_37.5766068101045363,1130043604,난지천공원축구장,126.8832930872955274_37.5737972440663555,451.0,9.0,정체,126.8832930872955274_37.5737972440663555|126.8831478360829408_37.5738788137359450|126.8818446069710149_37.5748528284286962|126.8813502498068573_37.5751596481914305|126.8805852438940889_37.5757456690421776|126.8797692818211829_37.5764610535517178|126.8796216688609491_37.5766068101045363
2026-09-04T06:42:24.849833+09:00,월드컵공원,월드컵공원,POI106,KEY_2,1130069900,하늘공원로.인접길,1130135300,상암동 481-6,126.8800262698801617_37.5700108803724220,1130041504,하늘공원입구교차로,126.8806278182475182_37.5696761433924351,65.0,17.0,서행,126.8806278182475182_37.5696761433924351|126.8800262698801617_37.5700108803724220
2026-09-04T06:42:24.849833+09:00,월드컵공원,월드컵공원,POI106,KEY_2,1130071400,월드컵로42길,1130047301,속성변화점,126.8815283578683051_37.5777569752766922,1130046901,난지천공원입구교차로,126.8811072347717186_37.5773962507000618,55.0,26.0,원활,126.8811072347717186_37.5773962507000618|126.8812495831449496_37.5774833779547421|126.8813405260552258_37.5775507592219284|126.8815283578683051_37.5777569752766922
2026-09-04T06:42:24.849833+09:00,월드컵공원,월드컵공원,POI106,KEY_2,1130071500,월드컵로42길,1130046904,난지천공원입구교차로,126.8809936867214532_37.5774631452153756,1130047302,속성변화점,126.8814183695332076_37.5778204336888777,55.0,18.0,서행,126.8814183695332076_37.5778204336888777|126.8812382924741939_37.5776227305095460|126.8811616986085369_37.5775659809208022|126.8809936867214532_37.5774631452153756
2026-09-04T06:42:24.849833+09:00,월드컵공원,월드컵공원,POI106,KEY_2,2180147000,월드컵로,2180129202,마포구-고양시덕양구,126.8763952068496508_37.5799982060491828,2180012203,구룡사거리,126.8762149289149761_37.5801524042564026,23.0,37.7,원활,126.8762149289149761_37.5801524042564026|126.8763634855326785_37.5800170245039027|126.8763952068496508_37.5799982060491828
2026-09-04T06:42:24.849833+09:00,월드컵공원,월드컵공원,POI106,KEY_2,2180147100,월드컵로,2180012202,구룡사거리,126.8763295675570220_37.5802143042951400,2180129201,마포구-고양시덕양구,126.8764749226956496_37.5800874255298964,19.0,10.0,정체,126.8764749226956496_37.5800874255298964|126.8763295675570220_37.5802143042951400
2026-09-04T06:42:24.849833+09:00,월드컵공원,월드컵공원,POI106,KEY_2,2180147200,가양대로,2180648800,최소노드배치점,126.8724967538337722_37.5787136648142166,1130047201,마포구-고양시덕양구,126.8685875400640697_37.5776283095015344,367.0,35.0,원활,126.8685875400640697_37.5776283095015344|126.8687679231673258_37.5777081191461306|126.8696731106302451_37.5780079626163825|126.8707378927987293_37.5783310556528534|126.8724967538337722_37.5787136648142166
2026-09-04T06:42:24.849833+09:00,응봉산,응봉산,POI107,KEY_3,1030011101,독서당로,1030016901,금호사거리,127.0258355963698307_37.5480872396207204,1030016800,성동야구아카데미,127.0262243759454179_37.5480394677482039,35.0,16.0,서행,127.0262243759454179_37.5480394677482039|127.0260129946544225_37.5480523681525966|127.0258355963698307_37.5480872396207204
2026-09-04T06:42:24.849833+09:00,응봉산,응봉산,POI107,KEY_3,1030001100,강변북로,1030156000,최소노드배치점,127.0213172696816315_37.5418363698245869,1030011700,성수JC,127.0277034763174839_37.5435314558420359,626.0,71.3,원활,127.0277034763174839_37.5435314558420359|127.0273660596918859_37.5436061706099622|127.0269812022349356_37.5436660558017010|127.0266134653938508_37.5436994987565029|127.0263498147619003_37.5437145532157359|127.0260689874350106_37.5437146155462784|127.0257972439317058_37.5437072140486165|127.0256158593587799_37.5436920509719414|127.0253420083322311_37.5436625446649401|127.0251421236166749_37.5436322732668017|127.0248394197989370_37.5435730110211523|127.0245616660347139_37.5435067258282444|127.0242659363870530_37.5434283027086693|127.0240476294227250_37.5433576585535036|127.0238338095811912_37.5432838253520345|127.0235805366022390_37.5431853014490997|127.0233607080480311_37.5430932747052140|127.0231555229665901_37.5429926482434908|127.0229868700822493_37.5428875399539521|127.0226181889339188_37.5426725398474233|127.0213172696816315_37.5418363698245869
2026-09-04T06:42:24.849833+09:00,응봉산,응봉산,POI107,KEY_3,1030007902,뚝섬로,1030013601,금호삼거리,127.0245891214709388_37.5447654759813005,1030014302,금호삼거리,127.0263191362427904_37.5452769580231731,164.0,32.0,원활,127.0263191362427904_37.5452769580231731|127.0261038637831490_37.5452060923529416|127.0259258020346493_37.5451540547291813|127.0256170193134579_37.5450978439079961|127.0253052748234381_37.5450222398063929|127.0250045882675067_37.5449283656812511|127.0246872563924541_37.5448051207934412|127.0245891214709388_37.5447654759813005
2026-09-04T06:42:24.849833+09:00,응봉산,응봉산,POI107,KEY_3,1030007903,뚝섬로,1030153700,최소노드배치점,127.0298541325279302_37.5461734938040195,1030013800,용비교앞,127.0333325548071599_37.5450050369533841,334.0,32.0,원활,127.0333325548071599_37.5450050369533841|127.0320878634865949_37.5454301821306089|127.0301483584728004_37.5461118314372300|127.0298548174119588_37.5461734181233169|127.0298541325279302_37.5461734938040195
2026-09-04T06:42:24.849833+09:00,응봉산,응봉산,POI107,KEY_3,1030008002,뚝섬로,1030014301,금호삼거리,127.0263715716448445_37.5451772275798916,1030013602,금호삼거리,127.0246505601775056_37.5446690560700560,163.0,35.5,원활,127.0246505601775056_37.5446690560700560|127.0247477442928243_37.5447083164846589|127.0250592248637247_37.5448292892327657|127.0253499091777769_37.5449200407027206|127.0256519775122257_37.5449932978853056|127.0259644829495471_37.5450501862500374|127.0261532197348942_37.5451053434148392|127.0263715716448445_37.5451772275798916
2026-09-04T06:42:24.849833+09:00,응봉산,응봉산,POI107,KEY_3,1030008003,뚝섬로,1030153800,최소노드배치점,127.0298280875985313_37.5460672151115205,1030014301,금호삼거리,127.0263715716448445_37.5451772275798916,327.0,11.0,정체,127.0263715716448445_37.5451772275798916|127.0277067042073753_37.5456277749716634|127.0283663117931781_37.5458931608152326|127.0286645473896385_37.5460015438553114|127.0289031949048280_37.5460619400162230|127.0291560364487253_37.5460963879228444|127.0293619782756736_37.5461020897726172|127.0295918951163969_37.5460933152127936|127.0298280875985313_37.5460672151115205
2026-09-04T06:42:24.849833+09:00,응봉산,응봉산,POI107,KEY_3,1030008301,뚝섬로,1030002302,금호삼거리,127.0225396667000410_37.5433334984248930,1030014003,금호삼거리,127.0243831066502196_37.5449660805404974,246.0,36.0,원활,127.0243831066502196_37.5449660805404974|127.0243360987880408_37.5449581175842013|127.0242336645572436_37.5448336998437640|127.0240467802874633_37.5446420720797462|127.0237323247119434_37.5443560684192832|127.0232856057741913_37.5440197800600259|127.0230559677864051_37.5438428535230955|127.0228298698669960_37.5436679242665221|127.0226446269329870_37.5435285236299734|127.0225396667000410_37.5433334984248930
2026-09-04T06:42:24.849833+09:00,응봉산,응봉산,POI107,KEY_3,1030008302,금호로,1030014004,금호삼거리,127.0244003804041171_37.5450849069713186,1030015403,서울숲2차푸르지오아파트,127.0250874895659621_37.5465858605602207,177.0,17.5,서행,127.0250874895659621_37.5465858605602207|127.0248337854645087_37.5460386382467064|127.0247559716229802_37.5458707974138193|127.0244749924089547_37.5452718122957805|127.0244003804041171_37.5450849069713186
2026-09-04T06:42:24.849833+09:00,응봉산,응봉산,POI107,KEY_3,1030008303,금호로,1030158200,금호동4가 136-1,127.0255399332561268_37.5476169553150001,1030016200,금호동4가136-1,127.0255795520311040_37.5477118348494585,11.0,21.0,서행,127.0255795520311040_37.5477118348494585|127.0255399332561268_37.5476169553150001
2026-09-04T06:42:24.849833+09:00,응봉산,응봉산,POI107,KEY_3,1030008304,금호로,1030016200,금호동4가136-1,127.0255795520311040_37.5477118348494585,1030016903,금호사거리,127.0256775098357593_37.5480028846398000,33.0,28.0,원활,127.0256775098357593_37.5480028846398000|127.0256382523289176_37.5478636728514132|127.0255882964010823_37.5477327757710384|127.0255795520311040_37.5477118348494585
2026-09-04T06:42:24.849833+09:00,응봉산,응봉산,POI107,KEY_3,1030008402,금호로,1030161600,금호동4가 189,127.0249611739107110_37.5460011960421554,1030014001,금호삼거리,127.0245297901294350_37.5450521552824128,112.0,17.0,서행,127.0245297901294350_37.5450521552824128|127.0246033800226115_37.5452364997842736|127.0248832696392469_37.5458331611532259|127.0249611739107110_37.5460011960421554
2026-09-04T06:42:24.849833+09:00,응봉산,응봉산,POI107,KEY_3,1030008403,금호로,1030158300,금호동4가 103-1,127.0256687918147662_37.5475828444212425,1030015401,서울숲2차푸르지오아파트,127.0252473374584810_37.5466183593112390,113.0,18.0,서행,127.0252473374584810_37.5466183593112390|127.0254324071465817_37.5470167442117599|127.0256687918147662_37.5475828444212425
2026-09-04T06:42:24.849833+09:00,응봉산,응봉산,POI107,KEY_3,1030008404,금호로,1030016902,금호사거리,127.0258104610465182_37.5479808142442693,1030016100,금호동4가110-1,127.0257084110779715_37.5476777247828579,35.0,12.0,정체,127.0257084110779715_37.5476777247828579|127.0257177115611427_37.5476999972500991|127.0257696441507704_37.5478360745881687|127.0258104610465182_37.5479808142442693
2026-09-04T06:42:24.849833+09:00,응봉산,응봉산,POI107,KEY_3,1030011102,독서당로,1030016800,성동야구아카데미,127.0262243759454179_37.5480394677482039,1030018704,금호삼성아파트,127.0288457542290246_37.5490547942188471,265.0,26.0,원활,127.0288457542290246_37.5490547942188471|127.0277159147608899_37.5484809426068509|127.0272678076244972_37.5481907559656278|127.0271129046379031_37.5481264540184654|127.0269135921910078_37.5480706016531229|127.0266918306376596_37.5480488090773363|127.0262243759454179_37.5480394677482039
2026-09-04T06:42:24.849833+09:00,응봉산,응봉산,POI107,KEY_3,1030011103,독서당로,1030046800,응봉동 산8-14,127.0302999391925312_37.5497975459235462,1030019304,응봉현대아파트,127.0306640401490199_37.5499835776434523,38.0,26.0,원활,127.0306640401490199_37.5499835776434523|127.0302999391925312_37.5497975459235462
2026-09-04T06:42:24.849833+09:00,응봉산,응봉산,POI107,KEY_3,1030011104,독서당로,1030140100,응봉삼거리,127.0341738103327600_37.5545163588240456,1030022204,응봉삼거리,127.0343484654333395_37.5546429357531792,21.0,25.0,원활,127.0343484654333395_37.5546429357531792|127.0341738103327600_37.5545163588240456
2026-09-04T06:42:24.849833+09:00,응봉산,응봉산,POI107,KEY_3,1030011201,독서당로,1030016700,금호동4가76-2,127.0262277838623106_37.5479313822787617,1030016902,금호사거리,127.0258104610465182_37.5479808142442693,37.0,35.0,원활,127.0258104610465182_37.5479808142442693|127.0259914566427284_37.5479452360338399|127.0262232709304726_37.5479312922801824|127.0262277838623106_37.5479313822787617
2026-09-04T06:42:24.849833+09:00,응봉산,응봉산,POI107,KEY_3,1030011202,독서당로,1030098600,금호동4가 산3-4,127.0271710951555235_37.5480286767438614,1030016700,금호동4가76-2,127.0262277838623106_37.5479313822787617,85.0,29.0,원활,127.0262277838623106_37.5479313822787617|127.0267018748789809_37.5479408563429828|127.0269448117447695_37.5479647289813627|127.0271671083666405_37.5480270217543932|127.0271710951555235_37.5480286767438614
2026-09-04T06:42:24.849833+09:00,응봉산,응봉산,POI107,KEY_3,1030011203,독서당로,1030019303,응봉현대아파트,127.0307373825225596_37.5498925829780532,1030018702,금호삼성아파트,127.0290429266333518_37.5490268092057420,178.0,27.0,원활,127.0290429266333518_37.5490268092057420|127.0298580970931113_37.5494433220325661|127.0303732819594131_37.5497065513663557|127.0307373825225596_37.5498925829780532
2026-09-04T06:42:24.849833+09:00,응봉산,응봉산,POI107,KEY_3,1030011204,독서당로,1030156400,최소노드배치점,127.0324901285359402_37.5517415938519079,1030019302,응봉현대아파트,127.0308532474746102_37.5499493209760473,254.0,31.0,원활,127.0308532474746102_37.5499493209760473|127.0311598133465196_37.5500923092155929|127.0314245468871661_37.5502415038619333|127.0316905277874611_37.5504369629417525|127.0319013854685437_37.5506503454654563|127.0320815292466818_37.5508887152306770|127.0322086909415731_37.5511042138192508|127.0323804186302112_37.5515081726606041|127.0324901285359402_37.5517415938519079
2026-09-04T06:42:24.849833+09:00,응봉산,응봉산,POI107,KEY_3,1030011702,고산자로,1030020204,응봉역앞,127.0352176251380740_37.5514632527617636,1030020805,응봉동 59,127.0350352951621602_37.5520646051962572,69.0,17.0,서행,127.0350352951621602_37.5520646051962572|127.0352176251380740_37.5514632527617636
2026-09-04T06:42:24.849833+09:00,응봉산,응봉산,POI107,KEY_3,1030013701,고산자로,1030022204,응봉삼거리,127.0343484654333395_37.5546429357531792,1030022702,행당동 330-2,127.0341912875980626_37.5556766233079600,116.0,9.0,정체,127.0341912875980626_37.5556766233079600|127.0342120672140993_37.5555183447502472|127.0342828586803989_37.5549791203233809|127.0343484654333395_37.5546429357531792
2026-09-04T06:42:24.849833+09:00,응봉산,응봉산,POI107,KEY_3,1030029800,금호로,1030013604,금호삼거리,127.0244660195330226_37.5447157450772906,1030014003,금호삼거리,127.0243831066502196_37.5449660805404974,29.0,25.0,원활,127.0243831066502196_37.5449660805404974|127.0243819232019575_37.5449412170987458|127.0244660195330226_37.5447157450772906
2026-09-04T06:42:24.849833+09:00,응봉산,응봉산,POI107,KEY_3,1030029900,금호로,1030014002,금호삼거리,127.0245187985881046_37.5449619861916730,1030013601,금호삼거리,127.0245891214709388_37.5447654759813005,23.0,19.0,서행,127.0245891214709388_37.5447654759813005|127.0245184623645542_37.5449549218575100|127.0245187985881046_37.5449619861916730
2026-09-04T06:42:24.849833+09:00,응봉산,응봉산,POI107,KEY_3,1030031400,금호로1길,1030014003,금호삼거리,127.0243831066502196_37.5449660805404974,1030016504,금호동4가 505-1,127.0238483837796792_37.5479358798656904,454.0,20.0,서행,127.0238483837796792_37.5479358798656904|127.0235770885817601_37.5476364587372160|127.0233181784719392_37.5474261233172228|127.0231977308909421_37.5472913323833097|127.0231284337929480_37.5471902376842550|127.0230337332526602_37.5469745516509974|127.0229944018157227_37.5468411934546538|127.0230517106162864_37.5467011472214693|127.0230642106844670_37.5465843593454736|127.0230696017737841_37.5465339903971795|127.0231018410010364_37.5464532464752168|127.0232559374913279_37.5463259447105244|127.0232760633650599_37.5463055394242105|127.0232748760431889_37.5462973648940945|127.0232359799152846_37.5462177864088957|127.0232284704929668_37.5459692671184229|127.0232061315526408_37.5457166872262889|127.0232633860120046_37.5455514696615467|127.0233136429695122_37.5454785391859716|127.0233294889235083_37.5454326157334748|127.0233397117676617_37.5453168893803308|127.0233542551236638_37.5450929071155599|127.0233664379930758_37.5450467735456996|127.0234954995279821_37.5449373260855879|127.0235833461806436_37.5448878247946993|127.0236787743664451_37.5448637120767685|127.0237713541191482_37.5448674731677912|127.0240301499684676_37.5449428731654322|127.0240922262797056_37.5449510983525201|127.0242451816518354_37.5449453357904304|127.0243709098179892_37.5449627883928230|127.0243831066502196_37.5449660805404974
2026-09-04T06:42:24.849833+09:00,응봉산,응봉산,POI107,KEY_3,1030031500,금호로1길,1030170600,금호동4가 342,127.0239894492258799_37.5450461462238820,1030014004,금호삼거리,127.0244003804041171_37.5450849069713186,37.0,18.0,서행,127.0244003804041171_37.5450849069713186|127.0243372513306781_37.5450678671607250|127.0242366270141616_37.5450538989428892|127.0240842009909557_37.5450596415639026|127.0239953752521558_37.5450478727755410|127.0239894492258799_37.5450461462238820
2026-09-04T06:42:24.849833+09:00,응봉산,응봉산,POI107,KEY_3,1030032600,금호로3길,1030015403,서울숲2차푸르지오아파트,127.0250874895659621_37.5465858605602207,1030016503,금호동4가 235-5,127.0239194442631998_37.5478295063627385,173.0,20.5,서행,127.0239194442631998_37.5478295063627385|127.0239218379499277_37.5478255558994576|127.0239908175615966_37.5477381715467899|127.0240349006078020_37.5476823263885606|127.0247811874996700_37.5468915402105168|127.0249918043950572_37.5466522562733687|127.0250874895659621_37.5465858605602207
2026-09-04T06:42:24.849833+09:00,응봉산,응봉산,POI107,KEY_3,1030032700,금호로3길,1030161000,금호동4가 162,127.0241057892529284_37.5477957056858145,1030015404,서울숲2차푸르지오아파트,127.0251378478824336_37.5466943339865722,153.0,18.5,서행,127.0251378478824336_37.5466943339865722|127.0250935042581659_37.5467251038971526|127.0248910998353864_37.5469550582399805|127.0241468609991529_37.5477436750801701|127.0241057892529284_37.5477957056858145
2026-09-04T06:42:24.849833+09:00,응봉산,응봉산,POI107,KEY_3,1030033000,독서당로,1030016700,금호동4가76-2,127.0262277838623106_37.5479313822787617,1030016100,금호동4가110-1,127.0257084110779715_37.5476777247828579,59.0,29.0,원활,127.0257084110779715_37.5476777247828579|127.0258361501292654_37.5478382783143019|127.0259188060206981_37.5478911830666533|127.0260122341105529_37.5479283512465543|127.0262277838623106_37.5479313822787617
2026-09-04T06:42:24.849833+09:00,응봉산,응봉산,POI107,KEY_3,1030033100,금호로,1030016200,금호동4가136-1,127.0255795520311040_37.5477118348494585,1030017000,금호동4가116,127.0253168883355812_37.5480374538519825,51.0,15.0,서행,127.0253168883355812_37.5480374538519825|127.0254769187222905_37.5480071359631964|127.0255415757320350_37.5479627820440243|127.0255864659671232_37.5478998375612534|127.0256086918468270_37.5478097734097034|127.0255795520311040_37.5477118348494585
2026-09-04T06:42:24.849833+09:00,응봉산,응봉산,POI107,KEY_3,1030033400,금호로,1030017600,금호동1가1806-1,127.0258826035867230_37.5483405109717623,1030016800,성동야구아카데미,127.0262243759454179_37.5480394677482039,51.0,27.0,원활,127.0262243759454179_37.5480394677482039|127.0260122902762134_37.5480899795996237|127.0259440425159738_37.5481400559065506|127.0258919651416250_37.5481987115429092|127.0258826035867230_37.5483405109717623
2026-09-04T06:42:24.849833+09:00,응봉산,응봉산,POI107,KEY_3,1030035800,독서당로55길,1030019401,금호동1가 635,127.0265686732719814_37.5506119028105729,1030018701,금호삼성아파트,127.0289695825101717_37.5491178034089472,269.0,21.0,서행,127.0289695825101717_37.5491178034089472|127.0284531619766000_37.5494050999312776|127.0279050315179461_37.5497563426537440|127.0275345654433181_37.5500100867125113|127.0275119157961399_37.5500256000861725|127.0265686732719814_37.5506119028105729
2026-09-04T06:42:24.849833+09:00,응봉산,응봉산,POI107,KEY_3,1030036300,독서당로62길,1030044000,응봉동 193-76,127.0309081430659148_37.5497511992183064,1030019303,응봉현대아파트,127.0307373825225596_37.5498925829780532,23.0,21.0,서행,127.0307373825225596_37.5498925829780532|127.0307983143885480_37.5498023978845268|127.0308928097263816_37.5497541355430400|127.0309081430659148_37.5497511992183064
2026-09-04T06:42:24.849833+09:00,응봉산,응봉산,POI107,KEY_3,1030036400,독서당로62길,1030115800,응봉동 100,127.0331540741885163_37.5508112196129389,1030020807,응봉동 59,127.0349470253762831_37.5522432866666946,253.0,17.0,서행,127.0349470253762831_37.5522432866666946|127.0348927337139884_37.5522533951449304|127.0347463640402594_37.5522612067135668|127.0346056172544991_37.5522485151423950|127.0340392251581392_37.5521575140909221|127.0339498538011753_37.5521025726294582|127.0336679641477815_37.5517028399204804|127.0333347532741612_37.5512634320380485|127.0332090570225176_37.5510684553932919|127.0331540741885163_37.5508112196129389
2026-09-04T06:42:24.849833+09:00,응봉산,응봉산,POI107,KEY_3,1030050600,금호로,1030014002,금호삼거리,127.0245187985881046_37.5449619861916730,1030014302,금호삼거리,127.0263191362427904_37.5452769580231731,166.0,12.0,정체,127.0263191362427904_37.5452769580231731|127.0261005100282858_37.5452863826889143|127.0258942993101527_37.5452474499432611|127.0255848366716549_37.5451722743201728|127.0252679662626605_37.5450911580173639|127.0249717297689074_37.5449967008118861|127.0248301010968532_37.5449537241828182|127.0247241087351142_37.5449365823874572|127.0246504579408651_37.5449365977853091|127.0245821989922774_37.5449466239183209|127.0245187985881046_37.5449619861916730
2026-09-04T06:42:24.849833+09:00,응봉산,응봉산,POI107,KEY_3,1030050700,뚝섬로,1030002302,금호삼거리,127.0225396667000410_37.5433334984248930,1030014302,금호삼거리,127.0263191362427904_37.5452769580231731,409.0,62.0,원활,127.0263191362427904_37.5452769580231731|127.0260791857573537_37.5452564663631208|127.0259064609708446_37.5452059880624418|127.0255995407431442_37.5451501164641570|127.0252829570347615_37.5450733393513474|127.0249772704809885_37.5449779038953011|127.0246570129492625_37.5448535224850417|127.0244053744653030_37.5447518654607038|127.0241663157922289_37.5446239979584249|127.0239073468036253_37.5444640458128447|127.0236663621607534_37.5442874822721109|127.0231478159418970_37.5438927410097776|127.0226898898909695_37.5435157252336751|127.0225396667000410_37.5433334984248930
2026-09-04T06:42:24.849833+09:00,응봉산,응봉산,POI107,KEY_3,1030050800,뚝섬로,1030014301,금호삼거리,127.0263715716448445_37.5451772275798916,1030002301,금호삼거리,127.0226342015975263_37.5432558991388277,401.0,60.0,원활,127.0226342015975263_37.5432558991388277|127.0227735424564344_37.5432963462593179|127.0233375538967522_37.5437380146797395|127.0238521589868981_37.5441297546865442|127.0240828291760948_37.5442987614734989|127.0243254469313001_37.5444486137030395|127.0245430436055187_37.5445650012127530|127.0247779887503299_37.5446599147684452|127.0250865436734244_37.5447797509983090|127.0253722257435101_37.5448689411440455|127.0256694571406229_37.5449410244187760|127.0259838239325632_37.5449982520049161|127.0261778976611424_37.5450549693879267|127.0263715716448445_37.5451772275798916
2026-09-04T06:42:24.849833+09:00,응봉산,응봉산,POI107,KEY_3,1030060200,고산자로,1030040502,응봉동 84,127.0345457436668113_37.5537140114381387,1030022203,응봉삼거리,127.0343749878095281_37.5545159488352596,90.0,40.0,원활,127.0343749878095281_37.5545159488352596|127.0345457436668113_37.5537140114381387
2026-09-04T06:42:24.849833+09:00,응봉산,응봉산,POI107,KEY_3,1030060300,고산자로,1030022202,응봉삼거리,127.0344982469721202_37.5545839712216960,1030040501,응봉동 84,127.0346787765228669_37.5537354682910234,96.0,37.5,원활,127.0346787765228669_37.5537354682910234|127.0344982469721202_37.5545839712216960
2026-09-04T06:42:24.849833+09:00,응봉산,응봉산,POI107,KEY_3,1030060400,고산자로,1030020808,응봉동 50-4,127.0349722533052272_37.5522752466610541,1030040502,응봉동 84,127.0345457436668113_37.5537140114381387,164.0,25.0,원활,127.0345457436668113_37.5537140114381387|127.0349722533052272_37.5522752466610541
2026-09-04T06:42:24.849833+09:00,응봉산,응봉산,POI107,KEY_3,1030060500,고산자로,1030040602,응봉교(북측),127.0353039979932106_37.5511793223031063,1030040502,응봉동 84,127.0345457436668113_37.5537140114381387,290.0,57.0,원활,127.0345457436668113_37.5537140114381387|127.0345547094132854_37.5534909140588553|127.0351691257787223_37.5514430022586794|127.0351942408883872_37.5513657567030990|127.0352397142679450_37.5512827837282543|127.0353039979932106_37.5511793223031063
2026-09-04T06:42:24.849833+09:00,응봉산,응봉산,POI107,KEY_3,1030060600,고산자로,1030040501,응봉동 84,127.0346787765228669_37.5537354682910234,1030020801,응봉동 59,127.0351012086756413_37.5523109259349184,162.0,14.0,정체,127.0351012086756413_37.5523109259349184|127.0346787765228669_37.5537354682910234
2026-09-04T06:42:24.849833+09:00,응봉산,응봉산,POI107,KEY_3,1030060800,고산자로,1030040501,응봉동 84,127.0346787765228669_37.5537354682910234,1030040601,응봉교(북측),127.0354323058887900_37.5512155665399234,289.0,36.5,원활,127.0354323058887900_37.5512155665399234|127.0354385491616256_37.5513218203346000|127.0354314127047104_37.5514267130854691|127.0354122260271765_37.5515241500845391|127.0352878611766556_37.5519380319943181|127.0348049216232482_37.5535433180143912|127.0346787765228669_37.5537354682910234
2026-09-04T06:42:24.849833+09:00,응봉산,응봉산,POI107,KEY_3,1030061000,고산자로,1030040802,응봉교(남측),127.0364122199101899_37.5475877422382993,1030040602,응봉교(북측),127.0353039979932106_37.5511793223031063,410.0,22.0,서행,127.0353039979932106_37.5511793223031063|127.0364122199101899_37.5475877422382993
2026-09-04T06:42:24.849833+09:00,응봉산,응봉산,POI107,KEY_3,1030061100,고산자로,1030040601,응봉교(북측),127.0354323058887900_37.5512155665399234,1030040801,응봉교(남측),127.0365453230109836_37.5476083497879003,412.0,70.0,원활,127.0365453230109836_37.5476083497879003|127.0354323058887900_37.5512155665399234
2026-09-04T06:42:24.849833+09:00,이촌한강공원,이촌한강공원,POI108,KEY_4,1020000101,강변북로,1020177700,최소노드배치점,126.9735160758688437_37.5170335682321721,1020008600,장미맨션,126.9674759268883975_37.5192653374396343,589.0,39.0,서행,126.9674759268883975_37.5192653374396343|126.9708113694907041_37.5180220323550628|126.9730614976379854_37.5171832066243809|126.9733548327701698_37.5170831491498902|126.9735160758688437_37.5170335682321721
2026-09-04T06:42:24.849833+09:00,이촌한강공원,이촌한강공원,POI108,KEY_4,1020000104,강변북로,1020006400,동작대교북측(남측),126.9828949892906991_37.5150080800496397,1020006700,동작대교(북측),126.9800256660309117_37.5160519948221989,372.0,46.7,서행,126.9800256660309117_37.5160519948221989|126.9808299968759400_37.5161101275101529|126.9811628406973938_37.5161443822588936|126.9823899641706930_37.5162034251455054|126.9825434009835448_37.5162040975456890|126.9826708465813283_37.5161748445062813|126.9827535076294396_37.5161275097643312|126.9828400343725860_37.5160623059202649|126.9828932089837963_37.5159492592973720|126.9828944431571500_37.5157704012335955|126.9828892630113018_37.5154365011152393|126.9828949892906991_37.5150080800496397
2026-09-04T06:42:24.849833+09:00,이촌한강공원,이촌한강공원,POI108,KEY_4,1020001201,강변북로,1020016900,이촌119안전센터,126.9527707053192813_37.5296032521090837,1020014700,늘봄어린이집,126.9534103419858297_37.5269616177521641,303.0,63.8,원활,126.9534103419858297_37.5269616177521641|126.9534012496742150_37.5270744241099976|126.9532254685826160_37.5287686344059281|126.9531671027491626_37.5289431542131382|126.9531202258240512_37.5290789643106777|126.9530543691655424_37.5292061523673013|126.9529628453764900_37.5293571166056665|126.9528713860592291_37.5294859395831253|126.9527707053192813_37.5296032521090837
2026-09-04T06:42:24.849833+09:00,이촌한강공원,이촌한강공원,POI108,KEY_4,1020001202,강변북로,1020017500,이촌119안전센터,126.9523654405978732_37.5299851049663928,1020016900,이촌119안전센터,126.9527707053192813_37.5296032521090837,56.0,62.3,원활,126.9527707053192813_37.5296032521090837|126.9526111115253713_37.5297638421530593|126.9524261692913427_37.5299314144408740|126.9523654405978732_37.5299851049663928
2026-09-04T06:42:24.849833+09:00,이촌한강공원,이촌한강공원,POI108,KEY_4,1020001203,강변북로,1020018900,현대자동차중부지역본부,126.9515851345648088_37.5306749736558771,1020017500,이촌119안전센터,126.9523654405978732_37.5299851049663928,103.0,62.0,원활,126.9523654405978732_37.5299851049663928|126.9519853330072579_37.5303211606273521|126.9515851345648088_37.5306749736558771
2026-09-04T06:42:24.849833+09:00,이촌한강공원,이촌한강공원,POI108,KEY_4,1020001301,강변북로,1020015100,원효대교(북측),126.9530054534751287_37.5274065558744638,1020020100,원효대교(북측),126.9490556979416453_37.5318418487171641,611.0,48.5,서행,126.9490556979416453_37.5318418487171641|126.9511588605246004_37.5298950607039430|126.9517964502142036_37.5293048486157872|126.9520794947991362_37.5290331982994090|126.9522412504164919_37.5288508956887625|126.9523805449295111_37.5286864623722636|126.9524973865242998_37.5285255959335444|126.9526187348045738_37.5283361243785549|126.9527355979030716_37.5281394987459009|126.9528480107025956_37.5278785063501417|126.9529379639647573_37.5276318073909181|126.9530054534751287_37.5274065558744638
2026-09-04T06:42:24.849833+09:00,이촌한강공원,이촌한강공원,POI108,KEY_4,1020004501,양녕로,1020173400,최소노드배치점,126.9595585500767214_37.5188246703474917,1020037700,한강대교,126.9614504170564686_37.5219168510869849,382.0,57.0,원활,126.9614504170564686_37.5219168510869849|126.9595585500767214_37.5188246703474917
2026-09-04T06:42:24.849833+09:00,이촌한강공원,이촌한강공원,POI108,KEY_4,1020007800,청파로,1020173600,최소노드배치점,126.9544297498901955_37.5315689925581850,1020000701,원효대교북측(동측),126.9517622341474095_37.5300758765918303,288.0,58.0,원활,126.9517622341474095_37.5300758765918303|126.9539847333503388_37.5312739203574566|126.9542620658364172_37.5314458751583899|126.9544297498901955_37.5315689925581850
2026-09-04T06:42:24.849833+09:00,이촌한강공원,이촌한강공원,POI108,KEY_4,1020023300,서빙고로62길,1020174500,최소노드배치점,126.9787187723303674_37.5152580928693737,1020006502,사촌5길삼거리,126.9749717465756760_37.5156880509036554,335.0,41.0,원활,126.9749717465756760_37.5156880509036554|126.9751117329301451_37.5156600647625922|126.9754017049598644_37.5156100828596593|126.9760224047377619_37.5155278109994939|126.9770532987808167_37.5154248967958210|126.9787074137265250_37.5152593209579024|126.9787187723303674_37.5152580928693737
2026-09-04T06:42:24.849833+09:00,이촌한강공원,이촌한강공원,POI108,KEY_4,1020023400,서빙고로62길,1020174800,최소노드배치점,126.9824891213493459_37.5152764328568153,1020006204,여우목길-이촌동길삼거,126.9862607226467901_37.5155372285773865,335.0,38.0,원활,126.9862607226467901_37.5155372285773865|126.9848107248320019_37.5154401903541554|126.9828575452751238_37.5152969238249341|126.9824891213493459_37.5152764328568153
2026-09-04T06:42:24.849833+09:00,이촌한강공원,이촌한강공원,POI108,KEY_4,1020023600,동작대로,1020006400,동작대교북측(남측),126.9828949892906991_37.5150080800496397,1020000102,동작대교북측(북측),126.9830968580070873_37.5162135878794203,135.0,60.0,원활,126.9830968580070873_37.5162135878794203|126.9830973582783855_37.5159265924053926|126.9830855094718913_37.5158320420852931|126.9830500284640493_37.5156150572852383|126.9828949892906991_37.5150080800496397
2026-09-04T06:42:24.849833+09:00,이촌한강공원,이촌한강공원,POI108,KEY_4,1020025900,서빙고로62길,1020141900,이촌동 375-1,126.9596450999449502_37.5218248060785342,1020012002,이촌한강공원한강축구장,126.9584923328509802_37.5219853753291375,104.0,38.0,원활,126.9584923328509802_37.5219853753291375|126.9585875324684139_37.5219485289045878|126.9587560183722843_37.5219160589596896|126.9594890278337971_37.5218356566925237|126.9596450999449502_37.5218248060785342
2026-09-04T06:42:24.849833+09:00,이촌한강공원,이촌한강공원,POI108,KEY_4,1020026000,서빙고로62길,1020161500,이촌동 302-17,126.9704077941686506_37.5172262067152431,1020006501,사촌5길삼거리,126.9749999143509029_37.5157937473941132,438.0,36.0,원활,126.9749999143509029_37.5157937473941132|126.9748202206337169_37.5158189922882812|126.9744904447008196_37.5158831702968598|126.9738607344488059_37.5160198211928844|126.9733243730976966_37.5161583026667174|126.9729818969831854_37.5162548304322385|126.9727131343539668_37.5163419065095027|126.9722761593685192_37.5164882421616070|126.9715818965029257_37.5167388922272593|126.9707166376167891_37.5170984596883486|126.9704077941686506_37.5172262067152431
2026-09-04T06:42:24.849833+09:00,이촌한강공원,이촌한강공원,POI108,KEY_4,1020029000,강변북로,1020011900,이촌동 375,126.9602235794051666_37.5220096584238760,1020012001,이촌한강공원한강축구장,126.9585516639946974_37.5220826215641168,148.0,28.0,정체,126.9585516639946974_37.5220826215641168|126.9587113208574465_37.5220996316526865|126.9591141977425650_37.5220609052510881|126.9596830840466453_37.5220183500368947|126.9602235794051666_37.5220096584238760
2026-09-04T06:42:24.849833+09:00,이촌한강공원,이촌한강공원,POI108,KEY_4,1020029200,강변북로,1020012002,이촌한강공원한강축구장,126.9584923328509802_37.5219853753291375,1020012900,이촌우성아파트,126.9566358774652315_37.5229345434784065,199.0,32.0,서행,126.9566358774652315_37.5229345434784065|126.9570464453038028_37.5225864767338919|126.9574825635857280_37.5223784218399743|126.9580930558484653_37.5221996549528427|126.9583501102936225_37.5221157291829570|126.9584923328509802_37.5219853753291375
2026-09-04T06:42:24.849833+09:00,이촌한강공원,이촌한강공원,POI108,KEY_4,1020032100,강변북로,1020015100,원효대교(북측),126.9530054534751287_37.5274065558744638,1020017300,원효대교북측(서측),126.9512077159163965_37.5298631512081684,389.0,46.0,서행,126.9512077159163965_37.5298631512081684|126.9514822855463336_37.5299090640322532|126.9516216330552822_37.5299292063212135|126.9517511067902262_37.5299467270030931|126.9518970490022127_37.5299546450712000|126.9519877335176687_37.5299455566299400|126.9521077543355858_37.5299127260165122|126.9522368979249620_37.5298608590075560|126.9523270967404471_37.5298111962103320|126.9524084351906055_37.5297447981758694|126.9524777763784442_37.5296807288515026|126.9526166005700532_37.5295335132300067|126.9527584871032815_37.5293767714761159|126.9528702913169127_37.5292389692136652|126.9529309273824396_37.5291367026859675|126.9529675922746605_37.5290367097196622|126.9529801960210875_37.5289509141567166|126.9529811713372993_37.5288173680834305|126.9529769080494788_37.5281710589532835|126.9529840979044479_37.5280065388959798|126.9529943354486932_37.5278348787065212|126.9530054534751287_37.5274065558744638
2026-09-04T06:42:24.849833+09:00,이촌한강공원,이촌한강공원,POI108,KEY_4,1020034000,여의대방로,1020000701,원효대교북측(동측),126.9517622341474095_37.5300758765918303,1020017300,원효대교북측(서측),126.9512077159163965_37.5298631512081684,54.0,60.0,원활,126.9512077159163965_37.5298631512081684|126.9517622341474095_37.5300758765918303
2026-09-04T06:42:24.849833+09:00,이촌한강공원,이촌한강공원,POI108,KEY_4,1020034500,이촌로2길,1020136600,이촌동 172-1,126.9529749817550623_37.5299597795509499,1020016900,이촌119안전센터,126.9527707053192813_37.5296032521090837,48.0,25.0,원활,126.9527707053192813_37.5296032521090837|126.9527510286802681_37.5297077910479260|126.9527654424910708_37.5297841729085633|126.9528069643994144_37.5298392163718901|126.9528474013405344_37.5298835816184777|126.9529749817550623_37.5299597795509499
2026-09-04T06:42:24.849833+09:00,이촌한강공원,이촌한강공원,POI108,KEY_4,1020034800,이촌로2길,1020017500,이촌119안전센터,126.9523654405978732_37.5299851049663928,1020019104,원효대교(북측),126.9547296547672914_37.5310849407541980,251.0,24.0,서행,126.9547296547672914_37.5310849407541980|126.9545655803105433_37.5310328345768127|126.9543726239541144_37.5309286287612096|126.9540821407545081_37.5307553338088766|126.9530819266436481_37.5301623577747137|126.9528911683399315_37.5300492648525363|126.9527252955329146_37.5299509250104393|126.9526356021338103_37.5299314301440461|126.9525667304034755_37.5299311114793284|126.9525008186408570_37.5299355755796711|126.9523654405978732_37.5299851049663928
2026-09-04T06:42:24.849833+09:00,이촌한강공원,이촌한강공원,POI108,KEY_4,1020052000,강변북로,1020037400,원효대교(북측),126.9525421584508535_37.5304082079948245,1020017500,이촌119안전센터,126.9523654405978732_37.5299851049663928,52.0,31.0,서행,126.9523654405978732_37.5299851049663928|126.9523627938557553_37.5300890965853284|126.9523796108926064_37.5301734974690859|126.9524096759291609_37.5302742064081443|126.9524626558254994_37.5303423173229618|126.9525421584508535_37.5304082079948245
2026-09-04T06:42:24.849833+09:00,이촌한강공원,이촌한강공원,POI108,KEY_4,1020052200,청파로,1020020200,원효대교(북측),126.9548392490623030_37.5316133150025451,1020017300,원효대교북측(서측),126.9512077159163965_37.5298631512081684,380.0,50.0,원활,126.9512077159163965_37.5298631512081684|126.9518915547961058_37.5299922272080906|126.9541046333161063_37.5311800268186957|126.9547757568389557_37.5315338800621774|126.9548392490623030_37.5316133150025451
2026-09-04T06:42:24.849833+09:00,잠실종합운동장,잠실종합운동장,POI109,KEY_1,1230024502,올림픽로,1230039501,정신여중고교,127.0736954853006182_37.5111786898829180,1230041205,종합운동장교차로,127.0782510546514033_37.5119142943147708,411.0,44.0,원활,127.0782510546514033_37.5119142943147708|127.0777355344654751_37.5118609241788334|127.0736954853006182_37.5111786898829180
2026-09-04T06:42:24.849833+09:00,잠실종합운동장,잠실종합운동장,POI109,KEY_1,1230024602,올림픽로,1230041204,종합운동장교차로,127.0781055802095096_37.5117902042657008,1230039502,속성변화점,127.0737236350740034_37.5110729205048941,396.0,16.0,서행,127.0737236350740034_37.5110729205048941|127.0777583891545248_37.5117542599830429|127.0781055802095096_37.5117902042657008
2026-09-04T06:42:24.849833+09:00,잠실종합운동장,잠실종합운동장,POI109,KEY_1,1230080400,올림픽로.백제고분로,1230358300,최소노드배치점,127.0741133987251885_37.5141329445928022,1230039501,정신여중고교,127.0736954853006182_37.5111786898829180,348.0,8.0,정체,127.0736954853006182_37.5111786898829180|127.0735109745380811_37.5120468642505998|127.0733871347810577_37.5128886808420958|127.0734162045250599_37.5131457669554109|127.0735033961650799_37.5134180663867554|127.0736294614953579_37.5136367146674488|127.0741133987251885_37.5141329445928022
2026-09-04T06:42:24.849833+09:00,잠실종합운동장,잠실종합운동장,POI109,KEY_1,1230080500,올림픽로.백제고분로,1230358400,최소노드배치점,127.0740062090400500_37.5141992739565353,1230044204,신천중교앞,127.0774044018965441_37.5155003964846543,357.0,20.0,서행,127.0774044018965441_37.5155003964846543|127.0755124993001175_37.5153095096552178|127.0751959624176237_37.5152553387321319|127.0749349587907773_37.5151515936626865|127.0740062090400500_37.5141992739565353
2026-09-04T06:42:24.849833+09:00,잠실종합운동장,잠실종합운동장,POI109,KEY_1,1230085100,올림픽대로,1230048700,탄천IC,127.0712574770913363_37.5181553244251091,1230046800,탄천IC,127.0697459726230250_37.5168231112045873,231.0,41.0,서행,127.0697459726230250_37.5168231112045873|127.0697754002144677_37.5173608675772812|127.0698117639167890_37.5175458256678240|127.0699380842498272_37.5177072629794210|127.0701243878796731_37.5178510319211540|127.0703109993272903_37.5179411420373370|127.0704903324183590_37.5179954539382052|127.0712574770913363_37.5181553244251091
2026-09-04T06:42:24.849833+09:00,잠실종합운동장,잠실종합운동장,POI109,KEY_1,1230436501,올림픽로,1230039502,속성변화점,127.0737236350740034_37.5110729205048941,1230188103,잠실동 121,127.0716318198721382_37.5107177546662882,189.0,29.0,원활,127.0716318198721382_37.5107177546662882|127.0735906339783128_37.5110512148189557|127.0737236350740034_37.5110729205048941
2026-09-04T06:42:24.849833+09:00,잠실한강공원,잠실한강공원,POI110,KEY_2,1230004401,올림픽대로,1230048500,잠실실내체육관북문앞,127.0744105410493603_37.5180587342205172,1230046600,잠실여름파출소,127.0810876316749329_37.5169833092338081,603.0,63.0,원활,127.0810876316749329_37.5169833092338081|127.0804213279931645_37.5170194895651008|127.0800023606424958_37.5170483809421711|127.0792542343313727_37.5171299377557048|127.0789549994236012_37.5171778165530725|127.0776144544349506_37.5174218633083356|127.0765970754220291_37.5176132410161287|127.0755258542856154_37.5178380175560235|127.0747957401812727_37.5179862845251577|127.0744105410493603_37.5180587342205172
2026-09-04T06:42:24.849833+09:00,잠실한강공원,잠실한강공원,POI110,KEY_2,1230004800,올림픽대로,1230053400,올림픽대교남단IC,127.1054403294451021_37.5258712723512531,1230058600,잠실대교JC,127.1009146875278901_37.5224189667535271,555.0,75.5,원활,127.1009146875278901_37.5224189667535271|127.1011093537508287_37.5225414095623506|127.1025922080837773_37.5234805816309276|127.1030011499238270_37.5237591426245700|127.1034011999147282_37.5240984996804912|127.1047630304620668_37.5252732674915777|127.1054403294451021_37.5258712723512531
2026-09-04T06:42:24.849833+09:00,잠실한강공원,잠실한강공원,POI110,KEY_2,1230004901,송파대로,1230002202,잠실대교,127.0957221756853812_37.5188676904711542,1230050400,잠실대교JC,127.0940531440605810_37.5210283294453149,282.0,60.0,원활,127.0940531440605810_37.5210283294453149|127.0943979417753837_37.5205735354890280|127.0957221756853812_37.5188676904711542
2026-09-04T06:42:24.849833+09:00,잠실한강공원,잠실한강공원,POI110,KEY_2,1230005001,송파대로,1230050500,잠실대교JC,127.0941614709712155_37.5210946866676380,1230002201,잠실대교,127.0958376749982079_37.5189245732049699,283.0,64.5,원활,127.0958376749982079_37.5189245732049699|127.0945138178915101_37.5206299338843792|127.0941614709712155_37.5210946866676380
2026-09-04T06:42:24.849833+09:00,잠실한강공원,잠실한강공원,POI110,KEY_2,1230005100,올림픽대로,1230052500,잠실대교JC,127.1008769588409706_37.5229114985517214,1230054000,올림픽대교남단IC,127.1051025385346520_37.5260799913631047,514.0,54.7,원활,127.1051025385346520_37.5260799913631047|127.1031412114076176_37.5243990994672458|127.1028266080407718_37.5241633671182342|127.1022828471172517_37.5237919497680679|127.1018469450196733_37.5234955300521236|127.1008769588409706_37.5229114985517214
2026-09-04T06:42:24.849833+09:00,잠실한강공원,잠실한강공원,POI110,KEY_2,1230032601,오금로2길,1230051402,잠현초등학교앞,127.1032272322034373_37.5217466792184808,1230051702,잠현초등학교앞,127.1042850886722420_37.5222053467216838,111.0,24.0,서행,127.1042850886722420_37.5222053467216838|127.1042497005361156_37.5221103348289660|127.1042277195709289_37.5220785857864811|127.1041621108260529_37.5220413475743726|127.1039663504930388_37.5219727654665149|127.1032272322034373_37.5217466792184808
2026-09-04T06:42:24.849833+09:00,잠실한강공원,잠실한강공원,POI110,KEY_2,1230032700,오금로2길,1230052101,잠실대교JC,127.1014277624528717_37.5224635506086486,1230051402,잠현초등학교앞,127.1032272322034373_37.5217466792184808,218.0,24.5,서행,127.1032272322034373_37.5217466792184808|127.1029991014250413_37.5216712850617142|127.1024125243856844_37.5214774265063795|127.1014277624528717_37.5224635506086486
2026-09-04T06:42:24.849833+09:00,잠실한강공원,잠실한강공원,POI110,KEY_2,1230035900,강변북로.한가람로사이길,1230342900,최소노드배치점,127.1015149961345827_37.5246010575964561,1230052101,잠실대교JC,127.1014277624528717_37.5224635506086486,473.0,43.0,원활,127.1014277624528717_37.5224635506086486|127.1019012970064210_37.5227419164495544|127.1022293161336734_37.5229454568152008|127.1023955346630316_37.5230204059564443|127.1026425819513577_37.5231060119775464|127.1028940706044494_37.5231558555366931|127.1034374042296093_37.5232197458338632|127.1034778407937154_37.5232411659780993|127.1034868601301469_37.5232697648950335|127.1034734249590059_37.5232948074079431|127.1033926368200042_37.5233127576457974|127.1025529951041904_37.5232562760554629|127.1024721909816861_37.5232634983457274|127.1023734783107670_37.5233064941788044|127.1022972616788422_37.5233852285200129|127.1015149961345827_37.5246010575964561
2026-09-04T06:42:24.849833+09:00,잠실한강공원,잠실한강공원,POI110,KEY_2,1230084700,올림픽대로,1230048400,종합운동장분기점,127.0777486454134646_37.5178704259979199,1230046600,잠실여름파출소,127.0810876316749329_37.5169833092338081,314.0,43.0,서행,127.0810876316749329_37.5169833092338081|127.0801927964286335_37.5171577227981317|127.0793309923237757_37.5173394821108701|127.0789711453512041_37.5174395553138140|127.0788360149310137_37.5175106194115884|127.0785881391682750_37.5176647507308303|127.0785130541955965_37.5177062170797271|127.0777486454134646_37.5178704259979199
2026-09-04T06:42:24.849833+09:00,잠실한강공원,잠실한강공원,POI110,KEY_2,1230085300,올림픽대로,1230048400,종합운동장분기점,127.0777486454134646_37.5178704259979199,1230045601,잠실선착장앞,127.0774875189781739_37.5166619666764163,136.0,25.0,정체,127.0774875189781739_37.5166619666764163|127.0777486454134646_37.5178704259979199
2026-09-04T06:42:24.849833+09:00,잠실한강공원,잠실한강공원,POI110,KEY_2,1230085600,올림픽대로,1230048500,잠실실내체육관북문앞,127.0744105410493603_37.5180587342205172,1230048400,종합운동장분기점,127.0777486454134646_37.5178704259979199,300.0,37.0,서행,127.0777486454134646_37.5178704259979199|127.0773650613805614_37.5179316568650449|127.0771467542200384_37.5178855628762733|127.0768209339584587_37.5177913870465716|127.0761140007833632_37.5178508577266143|127.0755388160040695_37.5179084136562651|127.0744105410493603_37.5180587342205172
2026-09-04T06:42:24.849833+09:00,잠실한강공원,잠실한강공원,POI110,KEY_2,1230085900,올림픽대로,1230047500,잠실대교JC,127.0882031183010952_37.5173476816793539,1230049200,잠실대교JC,127.0923739588028951_37.5186948203919854,398.0,54.3,원활,127.0923739588028951_37.5186948203919854|127.0906700937840412_37.5181881092216685|127.0888588349887840_37.5176142250082165|127.0886078102504939_37.5175274965200956|127.0882031183010952_37.5173476816793539
2026-09-04T06:42:24.849833+09:00,잠실한강공원,잠실한강공원,POI110,KEY_2,1230086400,올림픽대로,1230049100,청담IC,127.0707396061695107_37.5184287009435380,1230046800,탄천IC,127.0697459726230250_37.5168231112045873,448.0,38.5,서행,127.0697459726230250_37.5168231112045873|127.0697255394333922_37.5169421476156941|127.0696754767479462_37.5173641215222204|127.0696427964096671_37.5178971851342311|127.0696653241736698_37.5180462680572546|127.0696933359397889_37.5183048124125094|127.0697546894723047_37.5184857525859030|127.0698487706782345_37.5186328686366366|127.0699827934278261_37.5187585702354625|127.0701134307655735_37.5188453314355357|127.0702305969029453_37.5189112963400362|127.0705564071799216_37.5190044839187422|127.0708077692025881_37.5190292462295290|127.0710115288144806_37.5190013676009428|127.0713114784911539_37.5189070636006647|127.0713897595890245_37.5188310320207776|127.0714321672822820_37.5187453318010427|127.0714086790554802_37.5186641620221621|127.0713254192519202_37.5185636955236959|127.0712059303728694_37.5185155657555001|127.0707396061695107_37.5184287009435380
2026-09-04T06:42:24.849833+09:00,잠실한강공원,잠실한강공원,POI110,KEY_2,1230087000,올림픽대로,1230049200,잠실대교JC,127.0923739588028951_37.5186948203919854,1230050400,잠실대교JC,127.0940531440605810_37.5210283294453149,366.0,46.7,서행,127.0940531440605810_37.5210283294453149|127.0944191952030025_37.5203044781990656|127.0944561310460159_37.5201185871230507|127.0944510462596639_37.5199516308761289|127.0943922228928074_37.5197558710782317|127.0943090605750143_37.5196315729957846|127.0941839809711382_37.5195071316884281|127.0940228946276704_37.5193968745701554|127.0937720401544908_37.5192767702937999|127.0931867060835003_37.5189981127720316|127.0923739588028951_37.5186948203919854
2026-09-04T06:42:24.849833+09:00,잠실한강공원,잠실한강공원,POI110,KEY_2,1230087100,올림픽대로,1230049200,잠실대교JC,127.0923739588028951_37.5186948203919854,1230051200,잠실대교JC,127.0974803904301069_37.5212021137005536,534.0,34.5,서행,127.0974803904301069_37.5212021137005536|127.0968061273857188_37.5207514623958787|127.0953376304814242_37.5198926651322751|127.0945972650167306_37.5194894724186341|127.0942747579238556_37.5193309645688444|127.0939999759979742_37.5192060081488634|127.0934799938887778_37.5190229712408154|127.0923739588028951_37.5186948203919854
2026-09-04T06:42:24.849833+09:00,잠실한강공원,잠실한강공원,POI110,KEY_2,1230087500,올림픽대로,1230050500,잠실대교JC,127.0941614709712155_37.5210946866676380,1230051200,잠실대교JC,127.0974803904301069_37.5212021137005536,356.0,54.3,원활,127.0974803904301069_37.5212021137005536|127.0968474033966800_37.5208708456413760|127.0960652565332367_37.5204389013147832|127.0958920359090456_37.5203572238258403|127.0957125445294054_37.5203279913220200|127.0955329497879518_37.5203178373608708|127.0952873557283453_37.5203313048193365|127.0950954496138507_37.5203831139705883|127.0948973740489834_37.5204682891928982|127.0941614709712155_37.5210946866676380
2026-09-04T06:42:24.849833+09:00,잠실한강공원,잠실한강공원,POI110,KEY_2,1230087800,올림픽대로,1230051200,잠실대교JC,127.0974803904301069_37.5212021137005536,1230050700,잠실대교JC,127.0985275932771117_37.5207859447465282,191.0,36.0,서행,127.0985275932771117_37.5207859447465282|127.0986497398156985_37.5209008332440774|127.0987329107394004_37.5210251273303044|127.0987622391326255_37.5211396995225144|127.0987255177263222_37.5212874351721695|127.0986290925901301_37.5214015808490018|127.0985089432221002_37.5214727179596608|127.0983770471739689_37.5215008869134579|127.0982332510044301_37.5215147072423250|127.0979044566973073_37.5214086547447678|127.0974803904301069_37.5212021137005536
2026-09-04T06:42:24.849833+09:00,잠실한강공원,잠실한강공원,POI110,KEY_2,1230088000,올림픽로37길,1230051102,잠현초등학교앞,127.1045800172266951_37.5212171791430293,1230051401,잠현초등학교앞,127.1032558452858154_37.5216390772203923,127.0,14.0,정체,127.1032558452858154_37.5216390772203923|127.1039066435248372_37.5214664456400584|127.1042127017812646_37.5213794148577477|127.1043569968460929_37.5213194897201916|127.1044871741674740_37.5212604256405129|127.1045800172266951_37.5212171791430293
2026-09-04T06:42:24.849833+09:00,잠실한강공원,잠실한강공원,POI110,KEY_2,1230088400,올림픽대로,1230051200,잠실대교JC,127.0974803904301069_37.5212021137005536,1230052500,잠실대교JC,127.1008769588409706_37.5229114985517214,356.0,53.0,원활,127.1008769588409706_37.5229114985517214|127.1002271864062720_37.5226757386651713|127.0995044513345107_37.5223251030228795|127.0989968176467215_37.5220658174711446|127.0974803904301069_37.5212021137005536
2026-09-04T06:42:24.849833+09:00,잠실한강공원,잠실한강공원,POI110,KEY_2,1230094200,올림픽대로,1230046700,탄천IC,127.0696020078595723_37.5168633745709172,1230048500,잠실실내체육관북문앞,127.0744105410493603_37.5180587342205172,659.0,16.0,정체,127.0744105410493603_37.5180587342205172|127.0737644465918663_37.5182398374740700|127.0730716885542506_37.5184376616550637|127.0726308743356014_37.5185576948802080|127.0718747864366662_37.5188339841774621|127.0712897216547645_37.5190464979453040|127.0710108250935519_37.5191241846480992|127.0707592023156991_37.5191447343682398|127.0705168079646370_37.5191223893981984|127.0701522174600910_37.5189996213961336|127.0700306271375979_37.5189311668636947|127.0698868542610569_37.5188356808245729|127.0697349817978932_37.5186932382090816|127.0696272774244591_37.5185248186740381|127.0695590856078496_37.5183237126064597|127.0695302311407602_37.5180573831475215|127.0695066075921886_37.5179010369558412|127.0695399975699189_37.5173563914672599|127.0695906177090961_37.5169297275663567|127.0696020078595723_37.5168633745709172
2026-09-04T06:42:24.849833+09:00,잠원한강공원,잠원한강공원,POI111,KEY_3,1210005301,올림픽대로,1210467000,최소노드배치점,127.0063311684586722_37.5151321080427280,1210048600,한남대교분기점,127.0116483973796164_37.5197328756636708,694.0,37.0,서행,127.0116483973796164_37.5197328756636708|127.0113381325108008_37.5194347621186211|127.0111530941337463_37.5192706692185212|127.0109430122922873_37.5190843650138959|127.0098205372895421_37.5181189800994872|127.0087474791721576_37.5172072192485331|127.0063311684586722_37.5151321080427280
2026-09-04T06:42:24.849833+09:00,잠원한강공원,잠원한강공원,POI111,KEY_3,1210005304,올림픽대로,1210048600,한남대교분기점,127.0116483973796164_37.5197328756636708,1210050600,한남IC,127.0144200511100223_37.5223958397555037,384.0,46.0,서행,127.0144200511100223_37.5223958397555037|127.0116483973796164_37.5197328756636708
2026-09-04T06:42:24.849833+09:00,잠원한강공원,잠원한강공원,POI111,KEY_3,1210030601,강남대로,1210050800,잠원고가차도,127.0171954067127871_37.5225456375150301,1220157700,한남IC,127.0145780793450854_37.5252994305641892,383.0,62.0,원활,127.0145780793450854_37.5252994305641892|127.0159781603691300_37.5238357378014484|127.0167039603145014_37.5230785483821734|127.0171954067127871_37.5225456375150301
2026-09-04T06:42:24.849833+09:00,잠원한강공원,잠원한강공원,POI111,KEY_3,1210030701,강남대로,1220157800,한남대교(남측),127.0146790907489986_37.5253724046406063,1210050500,잠원고가차도,127.0175844575561968_37.5222683840522109,430.0,67.0,원활,127.0175844575561968_37.5222683840522109|127.0173048143189050_37.5226096422798534|127.0168126229697805_37.5231433610007699|127.0160861030461348_37.5239013035145419|127.0146790907489986_37.5253724046406063
2026-09-04T06:42:24.849833+09:00,잠원한강공원,잠원한강공원,POI111,KEY_3,1210065500,올림픽대로,1220053900,한남IC,127.0169213218881623_37.5242444408011622,1210049600,한남IC,127.0132919536855240_37.5215913460039729,547.0,50.0,원활,127.0132919536855240_37.5215913460039729|127.0131764377013468_37.5213976973987542|127.0131545160519551_37.5213153301614213|127.0131550039927646_37.5212402098941311|127.0132140172836444_37.5211438671777131|127.0132726582109086_37.5211047588790620|127.0133582214981942_37.5210693389180960|127.0134525365458131_37.5210697273576983|127.0135512489524530_37.5210844429655666|127.0136138688634730_37.5211240510594735|127.0136897779433696_37.5211923310959961|127.0148471413883442_37.5223310822313749|127.0150702369121944_37.5225585580549250|127.0153899107410211_37.5228997103152295|127.0159514978690822_37.5234535073125173|127.0169213218881623_37.5242444408011622
2026-09-04T06:42:24.849833+09:00,잠원한강공원,잠원한강공원,POI111,KEY_3,1210065700,올림픽대로,1210048600,한남대교분기점,127.0116483973796164_37.5197328756636708,1210049600,한남IC,127.0132919536855240_37.5215913460039729,252.0,61.7,원활,127.0132919536855240_37.5215913460039729|127.0130555709649087_37.5213363858637976|127.0125786238490377_37.5207799430913980|127.0122757179837834_37.5203959260493249|127.0116483973796164_37.5197328756636708
2026-09-04T06:42:24.849833+09:00,잠원한강공원,잠원한강공원,POI111,KEY_3,1210065800,올림픽대로,1210050400,한남대교(남측),127.0155096957228693_37.5225502263552855,1220054400,한남IC,127.0200272274778115_37.5267777660031570,858.0,20.0,정체,127.0200272274778115_37.5267777660031570|127.0192123985727335_37.5262320472879267|127.0184256031381693_37.5256529030607808|127.0180363445848855_37.5254187935745804|127.0166351946520251_37.5246904614057826|127.0163666602473711_37.5245426948937322|127.0161921899377546_37.5244346626288348|127.0159597253565238_37.5242655788244619|127.0157274941423822_37.5240607229278424|127.0155355229140639_37.5238810722285265|127.0153170228297910_37.5236369227872473|127.0150716907118067_37.5233747752288167|127.0143490415408536_37.5226098500547209|127.0142824146727492_37.5224951037274508|127.0142785258566107_37.5224020792743715|127.0143106145724090_37.5223020478728913|127.0143650186087854_37.5222235720411348|127.0144237289814981_37.5221737313262196|127.0145183694337305_37.5221240393409659|127.0146443083077656_37.5220959386366317|127.0147880047045845_37.5221001058899972|127.0148866254190949_37.5221291292150383|127.0150164538753614_37.5221940534525586|127.0155096957228693_37.5225502263552855
2026-09-04T06:42:24.849833+09:00,잠원한강공원,잠원한강공원,POI111,KEY_3,1210066300,올림픽대로,1210049600,한남IC,127.0132919536855240_37.5215913460039729,1220157700,한남IC,127.0145780793450854_37.5252994305641892,460.0,55.0,원활,127.0145780793450854_37.5252994305641892|127.0147104295549099_37.5249005422464350|127.0147863672377895_37.5247339158101951|127.0148579760127063_37.5245883769243278|127.0149310195781425_37.5244062372913092|127.0149770447245032_37.5242347175482251|127.0149917460097839_37.5240451835156819|127.0149749842814657_37.5238590971000932|127.0149399334525668_37.5237230168275246|127.0148737690059306_37.5235367275936440|127.0148115854763091_37.5234291548056120|127.0146423776016888_37.5232030927398981|127.0137688650678029_37.5221549397842438|127.0132919536855240_37.5215913460039729
2026-09-04T06:42:24.849833+09:00,잠원한강공원,잠원한강공원,POI111,KEY_3,1220096300,올림픽대로,1220157800,한남대교(남측),127.0146790907489986_37.5253724046406063,1220054400,한남IC,127.0200272274778115_37.5267777660031570,575.0,54.3,원활,127.0200272274778115_37.5267777660031570|127.0193242289730762_37.5264203087462036|127.0188857178037978_37.5261609604559894|127.0185233361122101_37.5259376936575251|127.0182234214589982_37.5257790711315735|127.0179681452605820_37.5256635576158075|127.0175160321388574_37.5254256122853178|127.0165272393316940_37.5248313212460829|127.0163169527300369_37.5247052561106358|127.0162273333328500_37.5246726936194008|127.0160972225443743_37.5246506972341933|127.0159221050795963_37.5246428254883995|127.0158097059604216_37.5246602506560123|127.0156341030276366_37.5247274987173896|127.0154267130539978_37.5248482747160921|127.0146790907489986_37.5253724046406063
2026-09-04T06:42:24.849833+09:00,잠원한강공원,잠원한강공원,POI111,KEY_3,1220105100,올림픽대로,1220059300,동호대교JC,127.0220780430583289_37.5291616152612590,1220061000,동호대교(남측),127.0229084781207405_37.5333942739204431,522.0,56.3,원활,127.0229084781207405_37.5333942739204431|127.0233635598606838_37.5325665468142446|127.0235829412492023_37.5322097058520612|127.0236738242093537_37.5320455189443791|127.0237150924269685_37.5319133274793018|127.0237159114981580_37.5317845490102897|127.0236941799930719_37.5316699892608909|127.0236589738914148_37.5315553754423448|127.0235878106225016_37.5314441935041714|127.0234184891007061_37.5312288752733068|127.0232223077572939_37.5309991388464397|127.0227364911469152_37.5304033524873617|127.0225805354424722_37.5302059729861313|127.0224870300151281_37.5300768133414024|127.0223848165293816_37.5299046919136003|127.0222960097674587_37.5297433564546594|127.0222118991010092_37.5295498443736761|127.0220780430583289_37.5291616152612590
2026-09-04T06:42:24.849833+09:00,잠원한강공원,잠원한강공원,POI111,KEY_3,1220106000,논현로,1220060104,동호대교JC,127.0244930828705350_37.5312156076113936,1220061000,동호대교(남측),127.0229084781207405_37.5333942739204431,279.0,68.5,원활,127.0229084781207405_37.5333942739204431|127.0232726866820627_37.5328829494918850|127.0244930828705350_37.5312156076113936
2026-09-04T06:42:24.849833+09:00,잠원한강공원,잠원한강공원,POI111,KEY_3,1220342500,올림픽대로,1210002002,서초구-강남구,127.0160756749148590_37.5238982581448965,1220054400,한남IC,127.0200272274778115_37.5267777660031570,473.0,55.0,원활,127.0200272274778115_37.5267777660031570|127.0174926925739385_37.5248921052717748|127.0167692105759869_37.5243778468914542|127.0160756749148590_37.5238982581448965
2026-09-04T06:42:24.849833+09:00,잠원한강공원,잠원한강공원,POI111,KEY_3,1220342800,올림픽대로,1220054400,한남IC,127.0200272274778115_37.5267777660031570,1220059300,동호대교JC,127.0220780430583289_37.5291616152612590,322.0,61.0,원활,127.0220780430583289_37.5291616152612590|127.0220517502220900_37.5291250566255243|127.0213640484212050_37.5281805214620263|127.0212442670701734_37.5280074876508394|127.0209909950696954_37.5276997633197666|127.0208173241896787_37.5274941629031531|127.0206909534822728_37.5273554073890026|127.0205589843227756_37.5272328410129745|127.0204122331301448_37.5270947744028120|127.0203880379195880_37.5270740330117505|127.0202983566571362_37.5269971470395589|127.0200272274778115_37.5267777660031570
2026-09-04T06:42:24.849833+09:00,잠원한강공원,잠원한강공원,POI111,KEY_3,1220343000,올림픽대로,1220059300,동호대교JC,127.0220780430583289_37.5291616152612590,1220061700,동호대교JC,127.0265039145882753_37.5338077911726771,655.0,56.7,원활,127.0265039145882753_37.5338077911726771|127.0263061761544918_37.5337200787946372|127.0261029394426231_37.5336028099630568|127.0258301164592467_37.5334591467799115|127.0255926780643279_37.5333027315416814|127.0254173103755306_37.5331668245794674|127.0252530509295497_37.5330397168580419|127.0250780178394621_37.5328857370346967|127.0248546347229421_37.5326680240083306|127.0246229562475975_37.5324221577972992|127.0240947726871497_37.5318184643953501|127.0236711793850333_37.5313091455595753|127.0232027216458448_37.5306889035906366|127.0228655067426757_37.5302415599729571|127.0224067469877554_37.5296186521967385|127.0220780430583289_37.5291616152612590
2026-09-04T06:42:24.849833+09:00,청계산,청계산,POI112,KEY_4,1210000711,경부고속도로,1210449200,최소노드배치점,127.0572473646991796_37.4446822625857081,1210000303,원지동489-2,127.0611116321153702_37.4392909081442369,689.0,79.0,원활,127.0611116321153702_37.4392909081442369|127.0609315083385411_37.4395346353218912|127.0588239315142545_37.4424793010316677|127.0572473646991796_37.4446822625857081
2026-09-04T06:42:24.849833+09:00,청계산,청계산,POI112,KEY_4,1210031900,청계산로,1210486300,최소노드배치점,127.0608932817513477_37.4400494757925912,1210008321,청계산길삼거리,127.0586823451657352_37.4429910818022265,381.0,46.7,원활,127.0586823451657352_37.4429910818022265|127.0591662640642028_37.4422470485704224|127.0592491678171001_37.4421399553288055|127.0603402860259621_37.4407304388508493|127.0603767585155452_37.4406855268171128|127.0608932817513477_37.4400494757925912
2026-09-04T06:42:24.849833+09:00,청계산,청계산,POI112,KEY_4,1210032000,청계산로,1210382300,신원동 48-16,127.0689133267683673_37.4319923005843833,2040001001,서초구-성남시수정구,127.0712198428584401_37.4305783980768396,260.0,44.5,원활,127.0712198428584401_37.4305783980768396|127.0711028696561584_37.4306114678604231|127.0703107383910719_37.4309818756336128|127.0695397393779444_37.4314271473229923|127.0693310371891442_37.4315845639555036|127.0689133267683673_37.4319923005843833
2026-09-04T06:42:24.849833+09:00,청계산,청계산,POI112,KEY_4,1210032101,청계산로,1210284000,신원동 307,127.0514085152237556_37.4518091803845721,1210008504,신원동501-21,127.0513183620442987_37.4531538308920418,201.0,35.5,원활,127.0513183620442987_37.4531538308920418|127.0506240143684380_37.4527327188383623|127.0506592259591940_37.4526912672754051|127.0514085152237556_37.4518091803845721
2026-09-04T06:42:24.849833+09:00,청계산,청계산,POI112,KEY_4,1210032103,청계산로,1210008310,신원동201-3,127.0559458797580419_37.4469717659356149,1210008325,신원동280-1,127.0531615785309327_37.4497181796301390,392.0,21.0,서행,127.0531615785309327_37.4497181796301390|127.0533221718746262_37.4495056390777634|127.0559458797580419_37.4469717659356149
2026-09-04T06:42:24.849833+09:00,청계산,청계산,POI112,KEY_4,1210032202,청계산로,1210008503,신원동501-21,127.0513688585657803_37.4530533330380067,1210008323,신원동280-1,127.0532074871860857_37.4498669554356738,446.0,24.0,서행,127.0532074871860857_37.4498669554356738|127.0530950000193258_37.4500158268333792|127.0515057194718622_37.4518620167792236|127.0507818684531429_37.4527028419938546|127.0513688585657803_37.4530533330380067
2026-09-04T06:42:24.849833+09:00,청계산,청계산,POI112,KEY_4,1210032204,청계산로,1210008324,신원동280-1,127.0532777455629230_37.4497739712044080,1210008307,신원동201-3,127.0560504946031841_37.4470406208549775,390.0,28.0,원활,127.0560504946031841_37.4470406208549775|127.0534298062270295_37.4495727231995446|127.0532777455629230_37.4497739712044080
2026-09-04T06:42:24.849833+09:00,청계산,청계산,POI112,KEY_4,1210177500,경부고속도로,1210446500,최소노드배치점,127.0653036739185353_37.4349232323748993,1210085501,서초구-성남시수정구,127.0696665356241795_37.4306444654284931,612.0,89.2,원활,127.0696665356241795_37.4306444654284931|127.0653036739185353_37.4349232323748993
2026-09-04T06:42:24.849833+09:00,청계산,청계산,POI112,KEY_4,1210177600,경부고속도로,1210446400,최소노드배치점,127.0651984769812799_37.4348550201566468,1210000304,원지동489-2,127.0609981268950293_37.4392308276163988,612.0,91.7,원활,127.0609981268950293_37.4392308276163988|127.0619913681257458_37.4380483828942161|127.0627090354693252_37.4372961789658376|127.0651984769812799_37.4348550201566468
2026-09-04T06:42:24.849833+09:00,청계산,청계산,POI112,KEY_4,1210177700,경부고속도로,1210449500,최소노드배치점,127.0526747207954372_37.4497035943056531,1210074702,신양재IC,127.0481276841114635_37.4547449692336869,689.0,88.0,원활,127.0481276841114635_37.4547449692336869|127.0488562039205362_37.4539451814088551|127.0499088293466770_37.4527786187978151|127.0507886425474311_37.4518049000086037|127.0516045488923140_37.4508924001779917|127.0526646112414824_37.4497147438476219|127.0526747207954372_37.4497035943056531
2026-09-04T06:42:24.849833+09:00,홍제폭포,홍제폭포,POI128,KEY_1,1120001300,내부순환도로,1120189000,최소노드배치점,126.9355029712090754_37.5797537876482934,1120018100,예그린유치원,126.9353306048413259_37.5859254286256572,782.0,68.5,원활,126.9353306048413259_37.5859254286256572|126.9353720149181157_37.5856896398522622|126.9354206634169913_37.5854295552364022|126.9355132292078991_37.5851258757186955|126.9356226920927213_37.5848470691319108|126.9357642556575456_37.5845605511847225|126.9359608400409485_37.5842493982299857|126.9369854646653977_37.5826831449766772|126.9371085724289401_37.5824456628314110|126.9371785853267482_37.5822326575221055|126.9372196054329152_37.5820190961513987|126.9372314619192110_37.5817916412523019|126.9372081619637669_37.5815484606276442|126.9371731874261968_37.5813433155249186|126.9371097635167871_37.5811454523982604|126.9369753385925321_37.5808984760248705|126.9368523263752451_37.5807116973754205|126.9367005935860959_37.5805256438115265|126.9365006626036063_37.5803335058484080|126.9363068869953679_37.5801650390661877|126.9361325128705431_37.5800446018223511|126.9358819462616168_37.5799006304472769|126.9356007343512687_37.5797885361015034|126.9355029712090754_37.5797537876482934
2026-09-04T06:42:24.849833+09:00,홍제폭포,홍제폭포,POI128,KEY_1,1120010301,연희로,1120143600,연희동 169-1,126.9359270691176391_37.5786224940936506,1120014803,서대문구청,126.9360877140000383_37.5796495017982863,115.0,19.7,서행,126.9360877140000383_37.5796495017982863|126.9360739899393877_37.5793519176538453|126.9360576488695926_37.5792443728082688|126.9360343655483661_37.5790911386545901|126.9359766844867039_37.5788392026325582|126.9359270691176391_37.5786224940936506
2026-09-04T06:42:24.849833+09:00,홍제폭포,홍제폭포,POI128,KEY_1,1120010302,연희로,1120014804,서대문구청,126.9360927246252260_37.5797673993961681,1120015303,서대문구청앞교차로,126.9361095223012796_37.5802604456917777,55.0,48.0,원활,126.9361095223012796_37.5802604456917777|126.9360927246252260_37.5797673993961681
2026-09-04T06:42:24.849833+09:00,홍제폭포,홍제폭포,POI128,KEY_1,1120010402,연희로,1120015302,서대문구청앞교차로,126.9362453257862029_37.5802575151093023,1120014801,서대문구청,126.9362289336807237_37.5797763988674731,53.0,12.0,정체,126.9362289336807237_37.5797763988674731|126.9362453257862029_37.5802575151093023
2026-09-04T06:42:24.849833+09:00,홍제폭포,홍제폭포,POI128,KEY_1,1120010902,연희로,1120014701,홍은동 275-36,126.9341761077857598_37.5796051045167516,1120015304,서대문구청앞교차로,126.9361130599227607_37.5803854760075282,192.0,26.0,원활,126.9361130599227607_37.5803854760075282|126.9355295449089311_37.5801293098410127|126.9341761077857598_37.5796051045167516
2026-09-04T06:42:24.849833+09:00,홍제폭포,홍제폭포,POI128,KEY_1,1120012101,연희로,1120015304,서대문구청앞교차로,126.9361130599227607_37.5803854760075282,1120015900,서대문구청앞,126.9361242751955388_37.5814206624140539,115.0,45.0,원활,126.9361242751955388_37.5814206624140539|126.9361190331520532_37.5809368173319669|126.9361130599227607_37.5803854760075282
2026-09-04T06:42:24.849833+09:00,홍제폭포,홍제폭포,POI128,KEY_1,1120012200,연희로,1120183800,홍은동 274-14,126.9362548820711538_37.5809358850233224,1120015301,서대문구청앞교차로,126.9362489072490945_37.5803845436516468,61.0,41.0,원활,126.9362489072490945_37.5803845436516468|126.9362548820711538_37.5809358850233224
2026-09-04T06:42:24.849833+09:00,홍제폭포,홍제폭포,POI128,KEY_1,1120026100,연희로32길,1120156600,연희동 168-34,126.9366082191874625_37.5795866226403561,1120014802,서대문구청,126.9362244887250029_37.5796675300616769,35.0,16.0,서행,126.9362244887250029_37.5796675300616769|126.9364292255509099_37.5796421835507530|126.9366082191874625_37.5795866226403561
2026-09-04T06:42:24.849833+09:00,가락시장,가락시장,POI058,KEY_2,1230002100,송파대로,1230017304,올림픽훼밀리타운앞교차로,127.1210258428540527_37.4887675565131815,1230019203,가락시장역앞교차로,127.1187411667467586_37.4925136264130430,463.0,26.0,원활,127.1187411667467586_37.4925136264130430|127.1197714201593811_37.4910640833560080|127.1200223071997186_37.4906490297457822|127.1203066139645301_37.4901786821806482|127.1206094301574723_37.4895845644306007|127.1210258428540527_37.4887675565131815
2026-09-04T06:42:24.849833+09:00,가락시장,가락시장,POI058,KEY_2,1230002501,송파대로,1230019204,가락시장역앞교차로,127.1186631577493671_37.4926059869610953,1230019703,속성변화점,127.1180895409655136_37.4932155741045676,85.0,9.0,정체,127.1180895409655136_37.4932155741045676|127.1184380300240377_37.4928470244958234|127.1186631577493671_37.4926059869610953
2026-09-04T06:42:24.849833+09:00,가락시장,가락시장,POI058,KEY_2,1230002502,송파대로,1230019703,속성변화점,127.1180895409655136_37.4932155741045676,1230020403,속성변화점,127.1174565775458518_37.4938968822872383,94.0,18.0,서행,127.1174565775458518_37.4938968822872383|127.1180074799294744_37.4933031352013657|127.1180895409655136_37.4932155741045676
2026-09-04T06:42:24.849833+09:00,가락시장,가락시장,POI058,KEY_2,1230002503,송파대로,1230020403,속성변화점,127.1174565775458518_37.4938968822872383,1230021003,속성변화점,127.1165394302565375_37.4948799779219542,136.0,17.0,서행,127.1165394302565375_37.4948799779219542|127.1173759307437905_37.4939835618050665|127.1174565775458518_37.4938968822872383
2026-09-04T06:42:24.849833+09:00,가락시장,가락시장,POI058,KEY_2,1230002504,송파대로,1230021003,속성변화점,127.1165394302565375_37.4948799779219542,1230022202,송파지하차도(남측),127.1157009408522782_37.4957852674061130,125.0,21.0,서행,127.1157009408522782_37.4957852674061130|127.1164582088762387_37.4949673388322466|127.1165394302565375_37.4948799779219542
2026-09-04T06:42:24.849833+09:00,가락시장,가락시장,POI058,KEY_2,1230002505,송파대로,1230022202,송파지하차도(남측),127.1157009408522782_37.4957852674061130,1230023000,가락동172-9,127.1150412999846395_37.4964072887051572,91.0,35.0,원활,127.1150412999846395_37.4964072887051572|127.1154853088913086_37.4959272692098367|127.1157009408522782_37.4957852674061130
2026-09-04T06:42:24.849833+09:00,가락시장,가락시장,POI058,KEY_2,1230002506,송파대로,1230023000,가락동172-9,127.1150412999846395_37.4964072887051572,1230024503,가락시장앞교차로,127.1139289764058020_37.4976097905047183,166.0,34.0,원활,127.1139289764058020_37.4976097905047183|127.1150412999846395_37.4964072887051572
2026-09-04T06:42:24.849833+09:00,가락시장,가락시장,POI058,KEY_2,1230002601,송파대로,1230019702,가락시장역(서울8호선),127.1181979182710222_37.4932806354653536,1230019201,가락시장역앞교차로,127.1187959472877793_37.4926449140792002,88.0,40.0,원활,127.1187959472877793_37.4926449140792002|127.1185466484956379_37.4929118312852694|127.1181979182710222_37.4932806354653536
2026-09-04T06:42:24.849833+09:00,가락시장,가락시장,POI058,KEY_2,1230002602,송파대로,1230020402,대한소방공제회관,127.1175656927106274_37.4939611574999532,1230019701,가락시장역(서울8호선),127.1181165953376393_37.4933674102880872,82.0,43.3,원활,127.1181165953376393_37.4933674102880872|127.1175656927106274_37.4939611574999532
2026-09-04T06:42:24.849833+09:00,가락시장,가락시장,POI058,KEY_2,1230002603,송파대로,1230021002,금호아파트,127.1166483258781170_37.4949444902828972,1230020401,대한소방공제회관,127.1174848264418529_37.4940480737983179,124.0,44.3,원활,127.1174848264418529_37.4940480737983179|127.1166483258781170_37.4949444902828972
2026-09-04T06:42:24.849833+09:00,가락시장,가락시장,POI058,KEY_2,1230002604,송파대로,1230022201,송파지하차도(남측),127.1158101613083460_37.4958494321184332,1230021001,금호아파트,127.1165674108393091_37.4950315228562872,113.0,49.0,원활,127.1165674108393091_37.4950315228562872|127.1158101613083460_37.4958494321184332
2026-09-04T06:42:24.849833+09:00,가락시장,가락시장,POI058,KEY_2,1230002605,송파대로,1230023100,가락금호아파트,127.1152652544426758_37.4965296586052403,1230022201,송파지하차도(남측),127.1158101613083460_37.4958494321184332,90.0,11.0,정체,127.1158101613083460_37.4958494321184332|127.1157037850572209_37.4960555597114009|127.1152652544426758_37.4965296586052403
2026-09-04T06:42:24.849833+09:00,가락시장,가락시장,POI058,KEY_2,1230002606,송파대로,1230024502,가락시장앞교차로,127.1141561470058008_37.4977286881623826,1230023100,가락금호아파트,127.1152652544426758_37.4965296586052403,165.0,7.0,정체,127.1152652544426758_37.4965296586052403|127.1141561470058008_37.4977286881623826
2026-09-04T06:42:24.849833+09:00,가락시장,가락시장,POI058,KEY_2,1230006701,중대로2길,1230404500,광평교교차로,127.1093634865369353_37.4894577289529849,1230017703,광평교앞교차로,127.1092394510687598_37.4896255728467267,22.0,35.0,원활,127.1092394510687598_37.4896255728467267|127.1093634865369353_37.4894577289529849
2026-09-04T06:42:24.849833+09:00,가락시장,가락시장,POI058,KEY_2,1230008301,중대로,1230017701,광평교앞교차로,127.1092906185560736_37.4897579918237298,1230018104,문정2동주민센터,127.1115601597222593_37.4904720850338151,216.0,27.0,원활,127.1115601597222593_37.4904720850338151|127.1092906185560736_37.4897579918237298
2026-09-04T06:42:24.849833+09:00,가락시장,가락시장,POI058,KEY_2,1230008302,중대로,1230402200,가락동 214-15,127.1156548468998295_37.4917156376188814,1230018904,가락시장역(서울3호선),127.1165507728938735_37.4919875515897090,85.0,29.0,원활,127.1165507728938735_37.4919875515897090|127.1156548468998295_37.4917156376188814
2026-09-04T06:42:24.849833+09:00,가락시장,가락시장,POI058,KEY_2,1230008303,중대로,1230018901,가락시장역(서울3호선),127.1166794195227965_37.4920258866616223,1230019204,가락시장역앞교차로,127.1186631577493671_37.4926059869610953,187.0,19.0,서행,127.1186631577493671_37.4926059869610953|127.1166794195227965_37.4920258866616223
2026-09-04T06:42:24.849833+09:00,가락시장,가락시장,POI058,KEY_2,1230008401,중대로,1230018103,문정2동주민센터,127.1116079808720940_37.4903708873401271,1230017702,광평교앞교차로,127.1093671662392239_37.4896658322966232,213.0,30.0,원활,127.1093671662392239_37.4896658322966232|127.1116079808720940_37.4903708873401271
2026-09-04T06:42:24.849833+09:00,가락시장,가락시장,POI058,KEY_2,1230008402,중대로,1230369800,가락동 214-15,127.1148749173534327_37.4913632225477613,1230018102,문정2동주민센터,127.1117345135237997_37.4904100115912300,297.0,27.0,원활,127.1117345135237997_37.4904100115912300|127.1126865290733008_37.4906989895391050|127.1134352511671608_37.4909262521512474|127.1142273347816030_37.4911666697808599|127.1148749173534327_37.4913632225477613
2026-09-04T06:42:24.849833+09:00,가락시장,가락시장,POI058,KEY_2,1230008403,중대로,1230019203,가락시장역앞교차로,127.1187411667467586_37.4925136264130430,1230018902,가락시장역(서울3호선),127.1167261713873557_37.4919243860885771,190.0,14.0,정체,127.1167261713873557_37.4919243860885771|127.1187411667467586_37.4925136264130430
2026-09-04T06:42:24.849833+09:00,가락시장,가락시장,POI058,KEY_2,1230009100,양재대로,1230421100,최소노드배치점,127.1068132568920532_37.4922308056512179,1230020602,탄천교앞교차로,127.1037134371381967_37.4941541612508757,351.0,26.5,원활,127.1037134371381967_37.4941541612508757|127.1040602054997919_37.4940702958258214|127.1041358426904821_37.4940098959711463|127.1042874408076955_37.4938668220432021|127.1050376852226407_37.4934408894289248|127.1058058447839301_37.4929665113712218|127.1063415329264501_37.4925814887936966|127.1068132568920532_37.4922308056512179
2026-09-04T06:42:24.849833+09:00,가락시장,가락시장,POI058,KEY_2,1230009200,양재대로,1230421200,최소노드배치점,127.1069058251384831_37.4923098611998498,1230017701,광평교앞교차로,127.1092906185560736_37.4897579918237298,356.0,31.5,원활,127.1092906185560736_37.4897579918237298|127.1091246165315027_37.4899268501938678|127.1089168382183630_37.4902518586327673|127.1086917284484201_37.4905864179943222|127.1083045104332001_37.4910935964046459|127.1080776858556334_37.4913544969977579|127.1078545506475876_37.4915690793142886|127.1074077619908849_37.4919367115673055|127.1069058251384831_37.4923098611998498
2026-09-04T06:42:24.849833+09:00,가락시장,가락시장,POI058,KEY_2,1230010001,중대로,1230389000,가락동 100-2,127.1213288954643446_37.4938085150073661,1230019202,가락시장역앞교차로,127.1188701859757515_37.4925515078194422,259.0,14.0,정체,127.1188701859757515_37.4925515078194422|127.1191253945907675_37.4926266562471753|127.1193048451132483_37.4927010271650119|127.1197739351579514_37.4929547661225939|127.1204944491470172_37.4933444976609849|127.1206077359289424_37.4934066955895773|127.1213288954643446_37.4938085150073661
2026-09-04T06:42:24.849833+09:00,가락시장,가락시장,POI058,KEY_2,1230011301,탄천동로,1230020603,탄천교앞교차로,127.1035083522439209_37.4942053452210757,1230020900,가락시영1차아파트,127.1023921618984787_37.4946491021272408,111.0,15.0,서행,127.1023921618984787_37.4946491021272408|127.1032717072850176_37.4942717424955845|127.1033115117363366_37.4942546645723027|127.1035083522439209_37.4942053452210757
2026-09-04T06:42:24.849833+09:00,가락시장,가락시장,POI058,KEY_2,1230011402,탄천동로,1230404200,가락동 913-5,127.1033360425381034_37.4943669393432941,1230020604,탄천교앞교차로,127.1037081302821434_37.4942686301430825,35.0,42.0,원활,127.1037081302821434_37.4942686301430825|127.1033645059181936_37.4943547272602373|127.1033360425381034_37.4943669393432941
2026-09-04T06:42:24.849833+09:00,가락시장,가락시장,POI058,KEY_2,1230011501,양재대로,1230020604,탄천교앞교차로,127.1037081302821434_37.4942686301430825,1230021602,가락지하차도(서측),127.1066159249626821_37.4951597316970222,276.0,23.0,서행,127.1066159249626821_37.4951597316970222|127.1037081302821434_37.4942686301430825
2026-09-04T06:42:24.849833+09:00,가락시장,가락시장,POI058,KEY_2,1230011503,양재대로,1230021602,가락지하차도(서측),127.1066159249626821_37.4951597316970222,1230022404,가락시장입구교차로,127.1088751233200611_37.4959359121374192,218.0,32.0,원활,127.1088751233200611_37.4959359121374192|127.1071119917949375_37.4953848191210000|127.1068397224560442_37.4952934730400784|127.1066159249626821_37.4951597316970222
2026-09-04T06:42:24.849833+09:00,가락시장,가락시장,POI058,KEY_2,1230011504,양재대로,1230022401,가락시장입구교차로,127.1090039674739813_37.4959756436812626,1230022702,가락지하차도(동측),127.1109238161647710_37.4965018932248313,180.0,10.0,정체,127.1109238161647710_37.4965018932248313|127.1106463375335807_37.4964753395489012|127.1090039674739813_37.4959756436812626
2026-09-04T06:42:24.849833+09:00,가락시장,가락시장,POI058,KEY_2,1230011505,양재대로,1230022702,가락지하차도(동측),127.1109238161647710_37.4965018932248313,1230023800,가락지하차도,127.1116511171543522_37.4967260215322469,69.0,44.0,원활,127.1116511171543522_37.4967260215322469|127.1109238161647710_37.4965018932248313
2026-09-04T06:42:24.849833+09:00,가락시장,가락시장,POI058,KEY_2,1230011506,양재대로,1230023800,가락지하차도,127.1116511171543522_37.4967260215322469,1230024504,가락시장앞교차로,127.1138489076628559_37.4976973187640681,223.0,42.0,원활,127.1138489076628559_37.4976973187640681|127.1127794983662085_37.4971502561369405|127.1121184572878491_37.4968847443641735|127.1116511171543522_37.4967260215322469
2026-09-04T06:42:24.849833+09:00,가락시장,가락시장,POI058,KEY_2,1230011601,양재대로,1230021601,가락지하차도(서측),127.1066666120631226_37.4950594505273571,1230020601,탄천교앞교차로,127.1039190442420335_37.4942174272189277,260.0,40.5,원활,127.1039190442420335_37.4942174272189277|127.1066666120631226_37.4950594505273571
2026-09-04T06:42:24.849833+09:00,가락시장,가락시장,POI058,KEY_2,1230011603,양재대로,1230022403,가락시장입구교차로,127.1089742353404120_37.4957346052473497,1230021601,가락지하차도(서측),127.1066666120631226_37.4950594505273571,218.0,15.0,서행,127.1066666120631226_37.4950594505273571|127.1069450436642683_37.4950941788595031|127.1072142261082831_37.4951844894170065|127.1089742353404120_37.4957346052473497
2026-09-04T06:42:24.849833+09:00,가락시장,가락시장,POI058,KEY_2,1230011604,양재대로,1230022701,가락지하차도(동측),127.1109724966751742_37.4964009687156761,1230022402,가락시장입구교차로,127.1091007883985071_37.4957736303197251,180.0,35.0,원활,127.1091007883985071_37.4957736303197251|127.1107431549197742_37.4962733259833385|127.1109724966751742_37.4964009687156761
2026-09-04T06:42:24.849833+09:00,가락시장,가락시장,POI058,KEY_2,1230011605,양재대로,1230023300,가락지하차도,127.1117000683038469_37.4966251805970856,1230022701,가락지하차도(동측),127.1109724966751742_37.4964009687156761,69.0,14.0,정체,127.1109724966751742_37.4964009687156761|127.1117000683038469_37.4966251805970856
2026-09-04T06:42:24.849833+09:00,가락시장,가락시장,POI058,KEY_2,1230011606,양재대로,1230024503,가락시장앞교차로,127.1139289764058020_37.4976097905047183,1230023300,가락지하차도,127.1117000683038469_37.4966251805970856,226.0,14.0,정체,127.1117000683038469_37.4966251805970856|127.1121756604013200_37.4967866380658776|127.1128468823689133_37.4970562393765974|127.1139289764058020_37.4976097905047183
2026-09-04T06:42:24.849833+09:00,가락시장,가락시장,POI058,KEY_2,1230037801,탄천동로,1230017704,광평교앞교차로,127.1091590629308001_37.4897164815972701,1230018400,광평교,127.1081813856774403_37.4907944108752886,149.0,19.0,서행,127.1081813856774403_37.4907944108752886|127.1083606038160809_37.4905939968972461|127.1088443327929838_37.4899451261901149|127.1089279804344869_37.4898616122221782|127.1091590629308001_37.4897164815972701
2026-09-04T06:42:24.849833+09:00,가락시장,가락시장,POI058,KEY_2,1230037802,탄천동로,1230018400,광평교,127.1081813856774403_37.4907944108752886,1230020200,탄천교북측,127.1046982234543350_37.4935032962483277,432.0,48.0,원활,127.1046982234543350_37.4935032962483277|127.1049388716472919_37.4933600479160347|127.1053932176754131_37.4930592694339637|127.1066156422230335_37.4921737388548735|127.1072462173635955_37.4916796974214108|127.1076466228856958_37.4913312805641468|127.1078826618966673_37.4911117448254743|127.1080380223929467_37.4909637998517482|127.1081813856774403_37.4907944108752886
2026-09-04T06:42:24.849833+09:00,가락시장,가락시장,POI058,KEY_2,1230037803,탄천동로,1230020200,탄천교북측,127.1046982234543350_37.4935032962483277,1230020603,탄천교앞교차로,127.1035083522439209_37.4942053452210757,134.0,39.0,원활,127.1035083522439209_37.4942053452210757|127.1040325096386141_37.4940538804506005|127.1041465466602460_37.4939567938172402|127.1042633630689096_37.4938362379005881|127.1046982234543350_37.4935032962483277
2026-09-04T06:42:24.849833+09:00,가락시장,가락시장,POI058,KEY_2,1230050600,중대로4길,1230407200,문정동 150,127.1123299947120131_37.4887823158563123,1230018103,문정2동주민센터,127.1116079808720940_37.4903708873401271,188.0,13.0,정체,127.1116079808720940_37.4903708873401271|127.1118727225017579_37.4897884123905669|127.1120077593992619_37.4894913053738250|127.1123299947120131_37.4887823158563123
2026-09-04T06:42:24.849833+09:00,가락시장,가락시장,POI058,KEY_2,1230051300,탄천동로,1230017101,가락동616-1,127.1097657080771626_37.4886328395552795,1230017703,광평교앞교차로,127.1092394510687598_37.4896255728467267,128.0,33.0,원활,127.1092394510687598_37.4896255728467267|127.1091558106008961_37.4895112849332648|127.1091556753553391_37.4894183407482799|127.1092033232423972_37.4893094586352476|127.1097657080771626_37.4886328395552795
2026-09-04T06:42:24.849833+09:00,가락시장,가락시장,POI058,KEY_2,1230051600,중대로,1230017703,광평교앞교차로,127.1092394510687598_37.4896255728467267,1220023001,강남구-송파구,127.1078485322773020_37.4891860036057949,132.0,26.7,원활,127.1078485322773020_37.4891860036057949|127.1092394510687598_37.4896255728467267
2026-09-04T06:42:24.849833+09:00,가락시장,가락시장,POI058,KEY_2,1230051700,중대로,1220023002,강남구-송파구,127.1077983160486440_37.4892864477850765,1230017704,광평교앞교차로,127.1091590629308001_37.4897164815972701,129.0,44.0,원활,127.1091590629308001_37.4897164815972701|127.1077983160486440_37.4892864477850765
2026-09-04T06:42:24.849833+09:00,가락시장,가락시장,POI058,KEY_2,1230051800,탄천동로,1230017102,가락동616-1,127.1096470218132737_37.4885958507830637,1230018400,광평교,127.1081813856774403_37.4907944108752886,279.0,9.0,정체,127.1081813856774403_37.4907944108752886|127.1082887287691960_37.4905440001390318|127.1086974912796705_37.4897760026649465|127.1088854968754589_37.4894492333212099|127.1090766429304182_37.4892249683685037|127.1093007035074862_37.4890054407837212|127.1095576330975092_37.4887596584706273|127.1096470218132737_37.4885958507830637
2026-09-04T06:42:24.849833+09:00,가락시장,가락시장,POI058,KEY_2,1230051901,중대로8길,1230386000,문정동 150-14,127.1167833241685088_37.4914854397265600,1230018903,가락시장역(서울3호선),127.1165990721881229_37.4918865116658182,47.0,17.0,서행,127.1165990721881229_37.4918865116658182|127.1167833241685088_37.4914854397265600
2026-09-04T06:42:24.849833+09:00,가락시장,가락시장,POI058,KEY_2,1230051902,중대로8길,1230361900,문정동 150-14,127.1172116084218118_37.4905531499749003,1230016908,롯데마트(송파점),127.1169709124956029_37.4910771005723191,62.0,10.0,정체,127.1169709124956029_37.4910771005723191|127.1172116084218118_37.4905531499749003
2026-09-04T06:42:24.849833+09:00,가락시장,가락시장,POI058,KEY_2,1230052002,중대로8길,1230018902,가락시장역(서울3호선),127.1167261713873557_37.4919243860885771,1230016906,롯데마트(송파점),127.1170516918871982_37.4912157989307673,84.0,6.0,정체,127.1170516918871982_37.4912157989307673|127.1169107476193574_37.4915226056316016|127.1167261713873557_37.4919243860885771
2026-09-04T06:42:24.849833+09:00,가락시장,가락시장,POI058,KEY_2,1230054000,양재대로.중대로.사이길,1230422000,최소노드배치점,127.1102674173819196_37.4931029974296166,1230022403,가락시장입구교차로,127.1089742353404120_37.4957346052473497,314.0,22.0,서행,127.1089742353404120_37.4957346052473497|127.1102674173819196_37.4931029974296166
2026-09-04T06:42:24.849833+09:00,가락시장,가락시장,POI058,KEY_2,1230054100,양재대로.중대로.사이길,1230421900,최소노드배치점,127.1103937724681998_37.4931424163455418,1230018101,문정2동주민센터,127.1116866660194091_37.4905111871912951,314.0,15.0,서행,127.1116866660194091_37.4905111871912951|127.1103937724681998_37.4931424163455418
2026-09-04T06:42:24.849833+09:00,가락시장,가락시장,POI058,KEY_2,1230054500,송파대로28길,1230410400,가락동 99-10,127.1190884118777689_37.4937496752694486,1230019702,가락시장역(서울8호선),127.1181979182710222_37.4932806354653536,94.0,17.0,서행,127.1181979182710222_37.4932806354653536|127.1190884118777689_37.4937496752694486
2026-09-04T06:42:24.849833+09:00,가락시장,가락시장,POI058,KEY_2,1230054900,양재대로,1230020602,탄천교앞교차로,127.1037134371381967_37.4941541612508757,1220027201,강남구-송파구,127.1017380867346276_37.4935258095581858,188.0,24.0,서행,127.1017380867346276_37.4935258095581858|127.1037134371381967_37.4941541612508757
2026-09-04T06:42:24.849833+09:00,가락시장,가락시장,POI058,KEY_2,1230055000,양재대로,1220027202,강남구-송파구,127.1016878963476984_37.4936262631744768,1230020603,탄천교앞교차로,127.1035083522439209_37.4942053452210757,173.0,40.5,원활,127.1035083522439209_37.4942053452210757|127.1016878963476984_37.4936262631744768
2026-09-04T06:42:24.849833+09:00,가락시장,가락시장,POI058,KEY_2,1230055100,탄천동로,1230020200,탄천교북측,127.1046982234543350_37.4935032962483277,1230020900,가락시영1차아파트,127.1023921618984787_37.4946491021272408,242.0,46.0,원활,127.1023921618984787_37.4946491021272408|127.1026351641800431_37.4944956246392778|127.1028100011304502_37.4943560139147394|127.1030386932509373_37.4942163550683105|127.1032808577331110_37.4940838361899651|127.1037831652852645_37.4938402368164390|127.1041105962998046_37.4937076412947334|127.1045008466885804_37.4935678371215673|127.1046982234543350_37.4935032962483277
2026-09-04T06:42:24.849833+09:00,가락시장,가락시장,POI058,KEY_2,1230055200,송파대로30길,1230390100,가락동 69,127.1181576884960975_37.4942844707260150,1230020402,대한소방공제회관,127.1175656927106274_37.4939611574999532,63.0,19.0,서행,127.1175656927106274_37.4939611574999532|127.1181576884960975_37.4942844707260150
2026-09-04T06:42:24.849833+09:00,가락시장,가락시장,POI058,KEY_2,1230056400,송파대로32길,1230363800,가락동 95-4,127.1171072649732992_37.4951831927519237,1230021002,금호아파트,127.1166483258781170_37.4949444902828972,48.0,14.0,정체,127.1166483258781170_37.4949444902828972|127.1171072649732992_37.4951831927519237
2026-09-04T06:42:24.849833+09:00,가락시장,가락시장,POI058,KEY_2,1230056500,송파대로32길,1230021001,금호아파트,127.1165674108393091_37.4950315228562872,1230021504,가락우성아파트,127.1172109413439841_37.4953662344504721,68.0,5.0,정체,127.1172109413439841_37.4953662344504721|127.1170330887625113_37.4952737308299717|127.1165674108393091_37.4950315228562872
2026-09-04T06:42:24.849833+09:00,가락시장,가락시장,POI058,KEY_2,1230057400,양재대로,1230022701,가락지하차도(동측),127.1109724966751742_37.4964009687156761,1230021601,가락지하차도(서측),127.1066666120631226_37.4950594505273571,409.0,54.3,원활,127.1066666120631226_37.4950594505273571|127.1071886675820224_37.4952345725276146|127.1090124158185830_37.4958046094001745|127.1109724966751742_37.4964009687156761
2026-09-04T06:42:24.849833+09:00,가락시장,가락시장,POI058,KEY_2,1230057500,양재대로,1230021602,가락지하차도(서측),127.1066159249626821_37.4951597316970222,1230022702,가락지하차도(동측),127.1109238161647710_37.4965018932248313,409.0,49.0,원활,127.1109238161647710_37.4965018932248313|127.1089634310423406_37.4959054420606890|127.1071375504234169_37.4953347360280986|127.1066159249626821_37.4951597316970222
2026-09-04T06:42:24.849833+09:00,가락시장,가락시장,POI058,KEY_2,1230059500,송파대로,1230023000,가락동172-9,127.1150412999846395_37.4964072887051572,1230023300,가락지하차도,127.1117000683038469_37.4966251805970856,334.0,32.0,원활,127.1117000683038469_37.4966251805970856|127.1132133030553462_37.4970539948776178|127.1134714429685602_37.4971044053795453|127.1136659491883449_37.4971191174298255|127.1138791054569595_37.4971010325812486|127.1140735290281469_37.4970621071467463|127.1143127756149056_37.4969843983692925|127.1146639988599105_37.4967605652213081|127.1150412999846395_37.4964072887051572
2026-09-04T06:42:24.849833+09:00,가락시장,가락시장,POI058,KEY_2,1230060100,송파대로,1230421700,최소노드배치점,127.1140721427734945_37.4977283810108872,1230022201,송파지하차도(남측),127.1158101613083460_37.4958494321184332,259.0,55.7,원활,127.1158101613083460_37.4958494321184332|127.1140721427734945_37.4977283810108872
2026-09-04T06:42:24.849833+09:00,가락시장,가락시장,POI058,KEY_2,1230060600,송파대로,1230025300,가락시장,127.1152758863382815_37.4983274724392501,1230023100,가락금호아파트,127.1152652544426758_37.4965296586052403,219.0,35.0,원활,127.1152652544426758_37.4965296586052403|127.1150120367173741_37.4969002819968367|127.1148517221107426_37.4972312072140355|127.1148219697051616_37.4973414922481183|127.1148034295675444_37.4974458062222311|127.1148110824045574_37.4975590345204068|127.1148337147807439_37.4976841685654136|127.1148825004034109_37.4977913976102499|127.1149425202820424_37.4979075545829943|127.1150586916786693_37.4980564363442781|127.1151897560098263_37.4982333364637554|127.1152758863382815_37.4983274724392501
2026-09-04T06:42:24.849833+09:00,가락시장,가락시장,POI058,KEY_2,1230060700,송파대로,1230023800,가락지하차도,127.1116511171543522_37.4967260215322469,1230025400,가락시장,127.1130396665766114_37.4985897582915655,279.0,38.0,원활,127.1130396665766114_37.4985897582915655|127.1131914635941911_37.4982502004138496|127.1132223301329560_37.4980790698056055|127.1132258865675624_37.4979568908886378|127.1132032208043796_37.4978079177548906|127.1131581323575404_37.4976708855017762|127.1130718956508048_37.4975279333659444|127.1128920928922668_37.4973433522305371|127.1126262481860749_37.4971439529376838|127.1116511171543522_37.4967260215322469
2026-09-04T06:42:24.849833+09:00,가로수길,가로수길,POI059,KEY_3,1220032606,도산대로,1220157901,신사역(서울3호선),127.0212177927414388_37.5168872521704131,1220046804,속성변화점,127.0218474243994109_37.5171534779245377,63.0,15.0,서행,127.0218474243994109_37.5171534779245377|127.0212177927414388_37.5168872521704131
2026-09-04T06:42:24.849833+09:00,가로수길,가로수길,POI059,KEY_3,1210005200,경부고속도로,1210050200,한남IC,127.0179230663021883_37.5215654212540883,1210048000,한남IC,127.0163581235578505_37.5170442405948918,561.0,46.0,원활,127.0163581235578505_37.5170442405948918|127.0165343138516363_37.5173858495530155|127.0167723392642358_37.5178670968809271|127.0170761911662964_37.5184149453652935|127.0172780896881903_37.5186691448905876|127.0175392423539904_37.5189538108083624|127.0178552351912344_37.5192549372941286|127.0180991379812383_37.5194738142039839|127.0182190961692754_37.5196134278193227|127.0182996365167583_37.5197270444739175|127.0183619528752246_37.5198563810036632|127.0184053893967047_37.5199980614801021|127.0184358162196929_37.5201630123718175|127.0184386910793393_37.5202890784637049|127.0184285996865725_37.5204319196483027|127.0184009492116246_37.5205590924208536|127.0183243377286288_37.5208205916057693|127.0179230663021883_37.5215654212540883
2026-09-04T06:42:24.849833+09:00,가로수길,가로수길,POI059,KEY_3,1210006302,강남대로,1210050500,잠원고가차도,127.0175844575561968_37.5222683840522109,1210050200,한남IC,127.0179230663021883_37.5215654212540883,84.0,57.5,원활,127.0179230663021883_37.5215654212540883|127.0178330428322369_37.5217757145184265|127.0176826012822175_37.5220826339949767|127.0175844575561968_37.5222683840522109
2026-09-04T06:42:24.849833+09:00,가로수길,가로수길,POI059,KEY_3,1210030102,강남대로,1220278700,신사동 667,127.0193796654159115_37.5169519190738754,1210047901,신사역사거리,127.0196073447006455_37.5162062855192104,85.0,39.5,원활,127.0196073447006455_37.5162062855192104|127.0193796654159115_37.5169519190738754
2026-09-04T06:42:24.849833+09:00,가로수길,가로수길,POI059,KEY_3,1210030103,강남대로,1210050200,한남IC,127.0179230663021883_37.5215654212540883,1210048900,한남IC,127.0191320703633693_37.5177627579261355,435.0,62.0,원활,127.0191320703633693_37.5177627579261355|127.0189310303031931_37.5184211218205093|127.0187293953687515_37.5190814217743309|127.0186579516555696_37.5193153777495993|127.0183961813083613_37.5201679848804446|127.0181460666752287_37.5209458080791194|127.0180078207468881_37.5213674346140280|127.0179230663021883_37.5215654212540883
2026-09-04T06:42:24.849833+09:00,가로수길,가로수길,POI059,KEY_3,1220032603,도산대로,1220301900,신사동 501-5,127.0226731476215747_37.5174979512342688,1220047304,신사동 501-5,127.0233702123766051_37.5177885099050883,70.0,30.0,원활,127.0233702123766051_37.5177885099050883|127.0227971066371566_37.5175496217451894|127.0226731476215747_37.5174979512342688
2026-09-04T06:42:24.849833+09:00,가로수길,가로수길,POI059,KEY_3,1220032604,도산대로,1220333600,신사동 501-5,127.0252630090018755_37.5185850545470387,1220048404,파키스탄대사관,127.0261635430802301_37.5189640959520858,90.0,15.0,서행,127.0261635430802301_37.5189640959520858|127.0252630090018755_37.5185850545470387
2026-09-04T06:42:24.849833+09:00,가로수길,가로수길,POI059,KEY_3,1220032605,도산대로,1220312500,신사동 501-5,127.0271621006632188_37.5193785848759092,1220048904,강남을지병원사거리,127.0280371859392829_37.5197414933169782,87.0,15.0,서행,127.0280371859392829_37.5197414933169782|127.0271621006632188_37.5193785848759092
2026-09-04T06:42:24.849833+09:00,가로수길,가로수길,POI059,KEY_3,1220032607,도산대로,1220314700,신사동 501-5,127.0205588097228713_37.5166086099990750,1220157904,신사역(서울3호선),127.0210978863052702_37.5168365517813100,54.0,12.0,정체,127.0210978863052702_37.5168365517813100|127.0205588097228713_37.5166086099990750
2026-09-04T06:42:24.849833+09:00,가로수길,가로수길,POI059,KEY_3,1220032706,도산대로,1220314600,논현동 279,127.0206224542618116_37.5165131107482495,1210047902,신사역사거리,127.0196397311538306_37.5160975693515226,98.0,32.0,원활,127.0196397311538306_37.5160975693515226|127.0206224542618116_37.5165131107482495
2026-09-04T06:42:24.849833+09:00,가로수길,가로수길,POI059,KEY_3,1220032707,도산대로,1220046803,국민연금관리공단,127.0218796194653237_37.5170446810028935,1220157902,속성변화점,127.0212814368900069_37.5167917523675669,60.0,51.0,원활,127.0212814368900069_37.5167917523675669|127.0218796194653237_37.5170446810028935
2026-09-04T06:42:24.849833+09:00,가로수길,가로수길,POI059,KEY_3,1220034402,논현로,1220048904,강남을지병원사거리,127.0280371859392829_37.5197414933169782,1220049904,포포인츠바이쉐라톤서울강남,127.0280734448643045_37.5206167208549601,97.0,14.0,정체,127.0280734448643045_37.5206167208549601|127.0280371859392829_37.5197414933169782
2026-09-04T06:42:24.849833+09:00,가로수길,가로수길,POI059,KEY_3,1220034404,논현로,1220053804,KT신사지사앞,127.0283248558345122_37.5246129191385620,1220055202,압구정고가차도(남측),127.0283395591130500_37.5250065536841362,44.0,36.7,원활,127.0283395591130500_37.5250065536841362|127.0283248558345122_37.5246129191385620
2026-09-04T06:42:24.849833+09:00,가로수길,가로수길,POI059,KEY_3,1220034405,논현로,1220055202,압구정고가차도(남측),127.0283395591130500_37.5250065536841362,1220010003,압구정역앞교차로,127.0282759409679016_37.5270582615837682,229.0,30.0,원활,127.0282759409679016_37.5270582615837682|127.0283303202405847_37.5268739474045816|127.0283620150373025_37.5266475017756704|127.0283619317290800_37.5264274554737582|127.0283319991274453_37.5259676695780868|127.0282853399793055_37.5252252266081712|127.0283395591130500_37.5250065536841362
2026-09-04T06:42:24.849833+09:00,가로수길,가로수길,POI059,KEY_3,1220034406,논현로,1220049909,신사동668,127.0282766583817988_37.5238348591677067,1220053803,KT신사지사앞,127.0283194174098185_37.5245048688214595,74.0,19.0,서행,127.0283194174098185_37.5245048688214595|127.0282766583817988_37.5238348591677067
2026-09-04T06:42:24.849833+09:00,가로수길,가로수길,POI059,KEY_3,1220034407,논현로,1220373500,신사동 668,127.0282210639870328_37.5229636995892477,1220049908,신사동668,127.0282697656988802_37.5237268530348160,85.0,35.0,원활,127.0282697656988802_37.5237268530348160|127.0282210639870328_37.5229636995892477
2026-09-04T06:42:24.849833+09:00,가로수길,가로수길,POI059,KEY_3,1220034505,논현로,1220010002,압구정역앞교차로,127.0285181437996727_37.5271826705537279,1220055201,압구정고가차도(남측),127.0284751971407360_37.5250022451099099,244.0,14.0,정체,127.0284751971407360_37.5250022451099099|127.0285565062360433_37.5252144169059250|127.0286031556237134_37.5259566660534603|127.0286334403760122_37.5264218208668652|127.0286335312154051_37.5266594844593655|127.0285983577891358_37.5269107887466404|127.0285181437996727_37.5271826705537279
2026-09-04T06:42:24.849833+09:00,가로수길,가로수길,POI059,KEY_3,1220035101,압구정로,1220387500,신사동 667-35,127.0208024983061250_37.5232622623860976,1220051900,한남IC,127.0196414563682623_37.5226786197747799,121.0,32.0,원활,127.0196414563682623_37.5226786197747799|127.0198045751835991_37.5227606189946599|127.0208024983061250_37.5232622623860976
2026-09-04T06:42:24.849833+09:00,가로수길,가로수길,POI059,KEY_3,1220035102,압구정로,1220284700,신사동 667-35,127.0231244458356485_37.5244338308142105,1220052802,현대고,127.0224876254120829_37.5241095444315249,67.0,31.0,원활,127.0224876254120829_37.5241095444315249|127.0231244458356485_37.5244338308142105
2026-09-04T06:42:24.849833+09:00,가로수길,가로수길,POI059,KEY_3,1220035103,압구정로,1220229500,신사동 667-35,127.0254725690620887_37.5256273769602657,1220054201,청작화랑,127.0241083963904600_37.5249346230122711,143.0,40.0,원활,127.0241083963904600_37.5249346230122711|127.0254725690620887_37.5256273769602657
2026-09-04T06:42:24.849833+09:00,가로수길,가로수길,POI059,KEY_3,1220035104,압구정로,1220197700,신사동 667-35,127.0264768016643444_37.5261378314984313,1220055601,갤러리가인로,127.0263447850509237_37.5260702905259507,14.0,23.0,서행,127.0263447850509237_37.5260702905259507|127.0264768016643444_37.5261378314984313
2026-09-04T06:42:24.849833+09:00,가로수길,가로수길,POI059,KEY_3,1220035600,논현로,1220055202,압구정고가차도(남측),127.0283395591130500_37.5250065536841362,1220058304,압구정고가차도(북측),127.0268388941667439_37.5286867952204233,456.0,62.7,원활,127.0268388941667439_37.5286867952204233|127.0276229048477035_37.5280429604157248|127.0278165005547066_37.5278840115926755|127.0279731715236551_37.5277036660985672|127.0281672333874639_37.5274318336580421|127.0283131192877590_37.5271685854789965|127.0283973296032798_37.5268831584729128|127.0284298940737244_37.5266504975051163|127.0284298088944297_37.5264260462047829|127.0283997882590228_37.5259649187552995|127.0283395591130500_37.5250065536841362
2026-09-04T06:42:24.849833+09:00,가로수길,가로수길,POI059,KEY_3,1220035700,논현로,1220058302,압구정고가차도(북측),127.0269363512986587_37.5287620679434681,1220055201,압구정고가차도(남측),127.0284751971407360_37.5250022451099099,466.0,69.0,원활,127.0284751971407360_37.5250022451099099|127.0285353676384261_37.5259594169927198|127.0285655632184074_37.5264232302528455|127.0285656521627686_37.5266564888469674|127.0285313483773990_37.5269015786934403|127.0284480650293517_37.5271838619750469|127.0282888742812872_37.5274801946933394|127.0280882251533114_37.5277612569592449|127.0279217590682350_37.5279528773542097|127.0269363512986587_37.5287620679434681
2026-09-04T06:42:24.849833+09:00,가로수길,가로수길,POI059,KEY_3,1220036101,압구정로,1220213100,신사동 667-35,127.0293474339213446_37.5276110594799661,1220010002,압구정역앞교차로,127.0285181437996727_37.5271826705537279,87.0,19.5,서행,127.0285181437996727_37.5271826705537279|127.0293474339213446_37.5276110594799661
2026-09-04T06:42:24.849833+09:00,가로수길,가로수길,POI059,KEY_3,1220089200,도산대로13길,1220287700,신사동 667-13,127.0230743650847813_37.5193351003487336,1220048603,한교빌딩,127.0230536690337004_37.5194604758461239,14.0,24.5,서행,127.0230536690337004_37.5194604758461239|127.0230743650847813_37.5193351003487336
2026-09-04T06:42:24.849833+09:00,가로수길,가로수길,POI059,KEY_3,1220089300,도산대로13길,1220389400,신사동 667-13,127.0233652346300346_37.5184041868742781,1220047301,신사동 501-5,127.0234959990522157_37.5178412759112945,64.0,25.5,원활,127.0234959990522157_37.5178412759112945|127.0233652346300346_37.5184041868742781
2026-09-04T06:42:24.849833+09:00,가로수길,가로수길,POI059,KEY_3,1220089800,논현로151길,1220443500,신사동 540-17,127.0244909423343387_37.5196152857974283,1220048602,한교빌딩,127.0231882543426423_37.5194745704341912,116.0,16.0,서행,127.0231882543426423_37.5194745704341912|127.0244718919648932_37.5196135745143948|127.0244909423343387_37.5196152857974283
2026-09-04T06:42:24.849833+09:00,가로수길,가로수길,POI059,KEY_3,1220089900,논현로151길,1220418800,신사동 667-21,127.0262498643968883_37.5199608855933420,1220049804,신사동 667-21,127.0274070953705206_37.5204456743626125,116.0,24.0,서행,127.0274070953705206_37.5204456743626125|127.0266396543750886_37.5201241789116082|127.0262498643968883_37.5199608855933420
2026-09-04T06:42:24.849833+09:00,가로수길,가로수길,POI059,KEY_3,1220091000,논현로151길,1220049904,포포인츠바이쉐라톤서울강남,127.0280734448643045_37.5206167208549601,1220049802,신사동 563-37,127.0275930492730652_37.5204031223416550,49.0,15.0,서행,127.0275930492730652_37.5204031223416550|127.0280734448643045_37.5206167208549601
2026-09-04T06:42:24.849833+09:00,가로수길,가로수길,POI059,KEY_3,1220091100,논현로151길,1220049801,신사동 667-21,127.0275268835117117_37.5204975286007425,1220049905,포포인츠바이쉐라톤서울강남,127.0280793639937258_37.5207431780700205,56.0,11.0,정체,127.0280793639937258_37.5207431780700205|127.0275268835117117_37.5204975286007425
2026-09-04T06:42:24.849833+09:00,가로수길,가로수길,POI059,KEY_3,1220092400,압구정로12길,1220417800,신사동 667-13,127.0224302352055901_37.5234937392832748,1220052803,현대고,127.0223574913892861_37.5240439075491210,61.0,24.3,서행,127.0223574913892861_37.5240439075491210|127.0223782425358934_37.5238158829208359|127.0224302352055901_37.5234937392832748
2026-09-04T06:42:24.849833+09:00,가로수길,가로수길,POI059,KEY_3,1220092500,압구정로12길,1220366000,신사동 667-13,127.0231140667746814_37.5199586975137009,1220048601,한교빌딩,127.0231712660938115_37.5195818456572496,42.0,22.0,서행,127.0231712660938115_37.5195818456572496|127.0231140667746814_37.5199586975137009
2026-09-04T06:42:24.849833+09:00,가로수길,가로수길,POI059,KEY_3,1220093002,압구정로,1220051400,한남IC,127.0184647515422967_37.5220740214540527,1210050301,서초구-강남구,127.0177990144592144_37.5217285520426174,70.0,48.0,원활,127.0177990144592144_37.5217285520426174|127.0184647515422967_37.5220740214540527
2026-09-04T06:42:24.849833+09:00,가로수길,가로수길,POI059,KEY_3,1220093400,압구정로,1220051900,한남IC,127.0196414563682623_37.5226786197747799,1220051400,한남IC,127.0184647515422967_37.5220740214540527,124.0,21.0,서행,127.0184647515422967_37.5220740214540527|127.0196414563682623_37.5226786197747799
2026-09-04T06:42:24.849833+09:00,가로수길,가로수길,POI059,KEY_3,1220093600,압구정로18길,1220402700,신사동 667-26,127.0242997575267196_37.5244046914768887,1220054203,청작화랑,127.0238902580922229_37.5248237950768342,60.0,13.0,정체,127.0238902580922229_37.5248237950768342|127.0240075609036410_37.5247631606974252|127.0242997575267196_37.5244046914768887
2026-09-04T06:42:24.849833+09:00,가로수길,가로수길,POI059,KEY_3,1220093700,압구정로18길,1220269200,신사동 667-22,127.0265257201653952_37.5217976687929635,1220049801,신사동 667-21,127.0275268835117117_37.5204975286007425,170.0,9.0,정체,127.0275268835117117_37.5204975286007425|127.0274614673849953_37.5206192024850438|127.0273151084055172_37.5208488732382079|127.0272306072528465_37.5209504397739764|127.0269002741036815_37.5213474819321107|127.0265257201653952_37.5217976687929635
2026-09-04T06:42:24.849833+09:00,가로수길,가로수길,POI059,KEY_3,1220095500,압구정로20길,1220295800,신사동 667-30,127.0249300313320617_37.5246883867516772,1220054202,청작화랑,127.0239993271606807_37.5248792090952108,85.0,9.0,정체,127.0239993271606807_37.5248792090952108|127.0241907646657893_37.5248235301143254|127.0248768749337529_37.5246912303723548|127.0249300313320617_37.5246883867516772
2026-09-04T06:42:24.849833+09:00,가로수길,가로수길,POI059,KEY_3,1220095600,압구정로20길,1220389300,신사동 667-30,127.0276891866743654_37.5246599576587982,1220053804,KT신사지사앞,127.0283248558345122_37.5246129191385620,57.0,9.0,정체,127.0283248558345122_37.5246129191385620|127.0278024437205033_37.5246369682814134|127.0276891866743654_37.5246599576587982
2026-09-04T06:42:24.849833+09:00,가로수길,가로수길,POI059,KEY_3,1220341900,강남대로,1220450900,최소노드배치점,127.0185739660145998_37.5202897635519861,1210048900,한남IC,127.0191320703633693_37.5177627579261355,286.0,44.0,원활,127.0191320703633693_37.5177627579261355|127.0190749075924401_37.5184495173263812|127.0185850281335433_37.5201347966023420|127.0185739660145998_37.5202897635519861
2026-09-04T06:42:24.849833+09:00,가로수길,가로수길,POI059,KEY_3,1220342100,강남대로,1210050200,한남IC,127.0179230663021883_37.5215654212540883,1220051400,한남IC,127.0184647515422967_37.5220740214540527,219.0,37.0,원활,127.0184647515422967_37.5220740214540527|127.0187361940851076_37.5221219841313172|127.0188799124806849_37.5221225694219385|127.0189701046267459_37.5220657007965528|127.0190338533853947_37.5219300247544041|127.0187948665284097_37.5213781528593202|127.0186786484771915_37.5212918254898256|127.0184900646496544_37.5212839020109570|127.0183010678575073_37.5213403675630133|127.0179230663021883_37.5215654212540883
2026-09-04T06:42:24.849833+09:00,광장(전통)시장,광장(전통)시장,POI060,KEY_4,1000001802,종로,1000169300,종로4가 183,126.9992162622975655_37.5707928126224999,1000031300,종로4가,126.9985532581453924_37.5707449132439208,59.0,46.0,원활,126.9985532581453924_37.5707449132439208|126.9992162622975655_37.5707928126224999
2026-09-04T06:42:24.849833+09:00,광장(전통)시장,광장(전통)시장,POI060,KEY_4,1000002001,종로,1000245300,종로5가 82-1,127.0027233485987352_37.5709694752928485,1000011202,종로5가사거리,127.0019976949529052_37.5709492579211854,64.0,48.0,원활,127.0019976949529052_37.5709492579211854|127.0026822738535230_37.5709687051739039|127.0027233485987352_37.5709694752928485
2026-09-04T06:42:24.849833+09:00,광장(전통)시장,광장(전통)시장,POI060,KEY_4,1000001700,종로,1000107700,종로5가 82-1,127.0014559954733784_37.5710337936727115,1000011204,종로5가사거리,127.0018597424576257_37.5710524176874969,36.0,27.0,원활,127.0018597424576257_37.5710524176874969|127.0014559954733784_37.5710337936727115
2026-09-04T06:42:24.849833+09:00,광장(전통)시장,광장(전통)시장,POI060,KEY_4,1000001801,종로,1000031300,종로4가,126.9985532581453924_37.5707449132439208,1000011002,종로4가사거리,126.9978420032838642_37.5706935232521886,63.0,32.0,원활,126.9978420032838642_37.5706935232521886|126.9985532581453924_37.5707449132439208
2026-09-04T06:42:24.849833+09:00,광장(전통)시장,광장(전통)시장,POI060,KEY_4,1000003102,청계천로,1000006802,세운교,126.9952943683145179_37.5687121004089306,1010034002,청계4가사거리,126.9978567741960518_37.5690141197168899,229.0,22.0,서행,126.9978567741960518_37.5690141197168899|126.9977196243080755_37.5689778939568413|126.9973817991979672_37.5689244876432014|126.9962389430763210_37.5687890515443357|126.9952943683145179_37.5687121004089306
2026-09-04T06:42:24.849833+09:00,광장(전통)시장,광장(전통)시장,POI060,KEY_4,1000003202,청계천로,1010033502,청계4가사거리,126.9978802454382389_37.5687215808426274,1000006801,세운교,126.9953276014707626_37.5684416148171678,228.0,13.3,정체,126.9953276014707626_37.5684416148171678|126.9957094599574390_37.5684724533581900|126.9977052575266896_37.5686899192676975|126.9978802454382389_37.5687215808426274
2026-09-04T06:42:24.849833+09:00,광장(전통)시장,광장(전통)시장,POI060,KEY_4,1000004300,청계천로,1010034001,청계4가사거리,126.9979899258223242_37.5690487214556867,1010035002,청계5가,127.0019528507516640_37.5697976426441400,360.0,25.0,원활,127.0019528507516640_37.5697976426441400|127.0017358863905201_37.5697659409256488|127.0000347507350966_37.5694727355165128|126.9982497711816194_37.5691151390471632|126.9979899258223242_37.5690487214556867
2026-09-04T06:42:24.849833+09:00,광장(전통)시장,광장(전통)시장,POI060,KEY_4,1000004400,청계천로,1010034602,청계5가교차로,127.0019837396539657_37.5694814402428676,1010033501,청계4가사거리,126.9980141971210799_37.5687475550074197,360.0,24.0,서행,126.9980141971210799_37.5687475550074197|127.0001365777901867_37.5691866684635656|127.0015262324094891_37.5694417350148697|127.0017658284941149_37.5694679542473580|127.0019837396539657_37.5694814402428676
2026-09-04T06:42:24.849833+09:00,광장(전통)시장,광장(전통)시장,POI060,KEY_4,1000005301,청계천로,1010035001,청계5가,127.0020881246934152_37.5698075774404145,1000031402,버들다리(북측),127.0066778573984863_37.5698145407186601,405.0,19.0,서행,127.0066778573984863_37.5698145407186601|127.0020881246934152_37.5698075774404145
2026-09-04T06:42:24.849833+09:00,광장(전통)시장,광장(전통)시장,POI060,KEY_4,1000005401,청계천로,1010034902,버들다리(남측),127.0065602496820105_37.5695317839187268,1010034601,청계5가교차로,127.0021191180861280_37.5694902995239062,392.0,20.0,서행,127.0021191180861280_37.5694902995239062|127.0024509740674006_37.5695131963120659|127.0065602496820105_37.5695317839187268
2026-09-04T06:42:24.849833+09:00,광장(전통)시장,광장(전통)시장,POI060,KEY_4,1000005501,창경궁로,1010034002,청계4가사거리,126.9978567741960518_37.5690141197168899,1000009200,종로4가,126.9977510820364870_37.5702192149541574,134.0,14.0,정체,126.9977510820364870_37.5702192149541574|126.9977619635523922_37.5701052996103186|126.9977928254472488_37.5697501122231543|126.9978567741960518_37.5690141197168899
2026-09-04T06:42:24.849833+09:00,광장(전통)시장,광장(전통)시장,POI060,KEY_4,1000005502,창경궁로,1000009200,종로4가,126.9977510820364870_37.5702192149541574,1000011003,종로4가사거리,126.9977066575793003_37.5706842868909874,52.0,27.0,원활,126.9977066575793003_37.5706842868909874|126.9977510820364870_37.5702192149541574
2026-09-04T06:42:24.849833+09:00,광장(전통)시장,광장(전통)시장,POI060,KEY_4,1000005900,동호로,1000080900,종로5가 194-1,127.0019049283621939_37.5704023856927236,1000011203,종로5가사거리,127.0018619903622010_37.5709442212742246,60.0,7.5,정체,127.0018619903622010_37.5709442212742246|127.0019049283621939_37.5704023856927236
2026-09-04T06:42:24.849833+09:00,광장(전통)시장,광장(전통)시장,POI060,KEY_4,1000006000,동호로,1000081000,종로5가 194-1,127.0020404728760326_37.5704091886523841,1010035001,청계5가,127.0020881246934152_37.5698075774404145,67.0,37.0,원활,127.0020881246934152_37.5698075774404145|127.0020404728760326_37.5704091886523841
2026-09-04T06:42:24.849833+09:00,광장(전통)시장,광장(전통)시장,POI060,KEY_4,1000009002,대학로,1000211400,효제동 248-3,127.0020354004494578_37.5719845778189736,1000011201,종로5가사거리,127.0019958691737827_37.5710573946658712,103.0,13.0,정체,127.0019958691737827_37.5710573946658712|127.0020354004494578_37.5719845778189736
2026-09-04T06:42:24.849833+09:00,광장(전통)시장,광장(전통)시장,POI060,KEY_4,1000024600,종로,1000009200,종로4가,126.9977510820364870_37.5702192149541574,1000010400,종로4가,126.9969798514767092_37.5706375452027856,82.0,20.0,서행,126.9969798514767092_37.5706375452027856|126.9977510820364870_37.5702192149541574
2026-09-04T06:42:24.849833+09:00,광장(전통)시장,광장(전통)시장,POI060,KEY_4,1000044900,종로,1000031300,종로4가,126.9985532581453924_37.5707449132439208,1000031200,종로4가,126.9978863472252044_37.5702292896807890,82.0,18.0,서행,126.9978863472252044_37.5702292896807890|126.9985532581453924_37.5707449132439208
2026-09-04T06:42:24.849833+09:00,광장(전통)시장,광장(전통)시장,POI060,KEY_4,1010017102,창경궁로,1010144900,주교동 150-1,126.9979022407054572_37.5684599840524882,1010033502,청계4가사거리,126.9978802454382389_37.5687215808426274,29.0,9.0,정체,126.9978802454382389_37.5687215808426274|126.9979022407054572_37.5684599840524882
2026-09-04T06:42:24.849833+09:00,광장(전통)시장,광장(전통)시장,POI060,KEY_4,1010017103,창경궁로,1010033502,청계4가사거리,126.9978802454382389_37.5687215808426274,1010034002,청계4가사거리,126.9978567741960518_37.5690141197168899,33.0,25.0,원활,126.9978567741960518_37.5690141197168899|126.9978802454382389_37.5687215808426274
2026-09-04T06:42:24.849833+09:00,광장(전통)시장,광장(전통)시장,POI060,KEY_4,1010018303,동호로,1010033004,방산종합시장,127.0020517143025671_37.5684662611909843,1010034602,청계5가교차로,127.0019837396539657_37.5694814402428676,113.0,18.0,서행,127.0019837396539657_37.5694814402428676|127.0020303269679118_37.5687856770029711|127.0020517143025671_37.5684662611909843
2026-09-04T06:42:24.849833+09:00,광장(전통)시장,광장(전통)시장,POI060,KEY_4,1010018304,동호로,1010034602,청계5가교차로,127.0019837396539657_37.5694814402428676,1010035002,청계5가,127.0019528507516640_37.5697976426441400,35.0,20.0,서행,127.0019528507516640_37.5697976426441400|127.0019837396539657_37.5694814402428676
2026-09-04T06:42:24.849833+09:00,광장(전통)시장,광장(전통)시장,POI060,KEY_4,1010018404,동호로,1010035001,청계5가,127.0020881246934152_37.5698075774404145,1010034601,청계5가교차로,127.0021191180861280_37.5694902995239062,35.0,32.0,원활,127.0021191180861280_37.5694902995239062|127.0020881246934152_37.5698075774404145
2026-09-04T06:42:24.849833+09:00,김포공항,김포공항,POI061,KEY_1,1150012601,남부순환로,1150389900,최소노드배치점,126.8095743430638294_37.5571410012688958,1150030002,공항지하차도(남측),126.8077168731396398_37.5596785527472150,335.0,40.5,원활,126.8077168731396398_37.5596785527472150|126.8080235123319426_37.5587598772484270|126.8080487310129598_37.5586843223038969|126.8081645923880245_37.5584605680897425|126.8083120730024547_37.5582415061213482|126.8085234864771706_37.5579901613593989|126.8086738654403263_37.5578514718858045|126.8087487100140578_37.5577824449810294|126.8095743430638294_37.5571410012688958
2026-09-04T06:42:24.849833+09:00,김포공항,김포공항,POI061,KEY_1,1150012602,남부순환로,1150030002,공항지하차도(남측),126.8077168731396398_37.5596785527472150,1150033203,김포공항입구교차로,126.8070108813666224_37.5617129549202957,235.0,50.0,원활,126.8070108813666224_37.5617129549202957|126.8075853764430434_37.5598753351117551|126.8077168731396398_37.5596785527472150
2026-09-04T06:42:24.849833+09:00,김포공항,김포공항,POI061,KEY_1,1150012702,남부순환로,1150033202,김포공항입구교차로,126.8073025792230766_37.5616752975893391,1150030001,공항지하차도(남측),126.8078484011787168_37.5597054915840687,225.0,10.0,정체,126.8078484011787168_37.5597054915840687|126.8078489684554739_37.5599275572281215|126.8073025792230766_37.5616752975893391
2026-09-04T06:42:24.849833+09:00,김포공항,김포공항,POI061,KEY_1,1150014601,공항대로,1150032903,김포공항입구,126.8078281271154850_37.5616183037410494,1150033202,김포공항입구교차로,126.8073025792230766_37.5616752975893391,47.0,22.0,서행,126.8073025792230766_37.5616752975893391|126.8078281271154850_37.5616183037410494
2026-09-04T06:42:24.849833+09:00,김포공항,김포공항,POI061,KEY_1,1150014701,공항대로,1150033201,김포공항입구교차로,126.8072672096517124_37.5617882508206051,1150032904,김포공항입구,126.8079101380171778_37.5617185281611867,57.0,24.0,서행,126.8079101380171778_37.5617185281611867|126.8072672096517124_37.5617882508206051
2026-09-04T06:42:24.849833+09:00,김포공항,김포공항,POI061,KEY_1,1150016602,개화동로,1150033204,김포공항입구교차로,126.8069741436833624_37.5618291362629790,1150036802,공항지하차도(북측),126.8066028860935575_37.5632234424859774,159.0,15.0,서행,126.8066028860935575_37.5632234424859774|126.8066032813527642_37.5630009147905142|126.8069741436833624_37.5618291362629790
2026-09-04T06:42:24.849833+09:00,김포공항,김포공항,POI061,KEY_1,1150016603,개화동로,1150036802,공항지하차도(북측),126.8066028860935575_37.5632234424859774,1150039602,개화지하차도(남측),126.8057924187939989_37.5657106945988915,285.0,34.0,원활,126.8057924187939989_37.5657106945988915|126.8062995071421568_37.5641545058068758|126.8066028860935575_37.5632234424859774
2026-09-04T06:42:24.849833+09:00,김포공항,김포공항,POI061,KEY_1,1150016604,개화동로,1150039602,개화지하차도(남측),126.8057924187939989_37.5657106945988915,1150006403,김포공항,126.8050471612343841_37.5677507825846604,236.0,37.0,원활,126.8050471612343841_37.5677507825846604|126.8056575562592201_37.5659060332226744|126.8057924187939989_37.5657106945988915
2026-09-04T06:42:24.849833+09:00,김포공항,김포공항,POI061,KEY_1,1150016701,개화동로,1150036801,공항지하차도(북측),126.8067344748664880_37.5632502226468645,1150033201,김포공항입구교차로,126.8072672096517124_37.5617882508206051,170.0,33.0,원활,126.8072672096517124_37.5617882508206051|126.8068666929418953_37.5630537442273749|126.8067344748664880_37.5632502226468645
2026-09-04T06:42:24.849833+09:00,김포공항,김포공항,POI061,KEY_1,1150016702,개화동로,1150247600,방화동 635-2,126.8064309785913366_37.5641816513473401,1150036801,공항지하차도(북측),126.8067344748664880_37.5632502226468645,107.0,34.3,원활,126.8067344748664880_37.5632502226468645|126.8064309785913366_37.5641816513473401
2026-09-04T06:42:24.849833+09:00,김포공항,김포공항,POI061,KEY_1,1150016703,개화동로,1150006402,김포공항,126.8053283756748613_37.5677499095885210,1150039601,개화지하차도(남측),126.8059238292659359_37.5657380361406368,230.0,31.0,원활,126.8059238292659359_37.5657380361406368|126.8059202518390123_37.5659611079850535|126.8053283756748613_37.5677499095885210
2026-09-04T06:42:24.849833+09:00,김포공항,김포공항,POI061,KEY_1,1150019201,개화동로,1150006404,김포공항,126.8050116383548271_37.5678590131138606,1150042703,개화지하차도(북측),126.8043750832667627_37.5700177472717556,247.0,13.0,정체,126.8043750832667627_37.5700177472717556|126.8043732440636404_37.5698089916991620|126.8050116383548271_37.5678590131138606
2026-09-04T06:42:24.849833+09:00,김포공항,김포공항,POI061,KEY_1,1150019301,개화동로,1150042702,개화지하차도(북측),126.8045065255030863_37.5700450114689204,1150006401,김포공항,126.8052926539899659_37.5678581403692888,253.0,43.5,원활,126.8052926539899659_37.5678581403692888|126.8046362685131214_37.5698630949740959|126.8045065255030863_37.5700450114689204
2026-09-04T06:42:24.849833+09:00,김포공항,김포공항,POI061,KEY_1,1150064000,하늘길,1150025202,속성변화점,126.8082875031500834_37.5555638288103708,1150027102,공항동 1373,126.8068481061529695_37.5568211814329942,190.0,24.3,서행,126.8068481061529695_37.5568211814329942|126.8069636778689784_37.5566653638428392|126.8070672851894329_37.5565384620971159|126.8082875031500834_37.5555638288103708
2026-09-04T06:42:24.849833+09:00,김포공항,김포공항,POI061,KEY_1,1150064100,하늘길,1150027101,공항동 1373,126.8069712276863470_37.5568648222929724,1150025201,속성변화점,126.8083836703710006_37.5556401721833879,185.0,41.0,원활,126.8083836703710006_37.5556401721833879|126.8071734526590006_37.5566068184149557|126.8070788020918229_37.5567227499429279|126.8069712276863470_37.5568648222929724
2026-09-04T06:42:24.849833+09:00,김포공항,김포공항,POI061,KEY_1,1150066200,하늘길,1150027102,공항동 1373,126.8068481061529695_37.5568211814329942,1150027900,꽃뫼마을,126.8066393602112214_37.5579420572046487,126.0,15.0,서행,126.8066393602112214_37.5579420572046487|126.8067209036262284_37.5573619926632958|126.8067425712815322_37.5572078567915852|126.8067860131757527_37.5569836897910534|126.8068481061529695_37.5568211814329942
2026-09-04T06:42:24.849833+09:00,김포공항,김포공항,POI061,KEY_1,1150066500,하늘길,1150247200,공항동 1373,126.8068558770528966_37.5573740172171497,1150027101,공항동 1373,126.8069712276863470_37.5568648222929724,58.0,40.0,원활,126.8069712276863470_37.5568648222929724|126.8069187602059316_37.5570077860468388|126.8068772250646390_37.5572221164367548|126.8068558770528966_37.5573740172171497
2026-09-04T06:42:24.849833+09:00,김포공항,김포공항,POI061,KEY_1,1150073600,남부순환로,1150030002,공항지하차도(남측),126.8077168731396398_37.5596785527472150,1150036802,공항지하차도(북측),126.8066028860935575_37.5632234424859774,406.0,46.0,원활,126.8066028860935575_37.5632234424859774|126.8070741742825192_37.5617343500932535|126.8077168731396398_37.5596785527472150
2026-09-04T06:42:24.849833+09:00,김포공항,김포공항,POI061,KEY_1,1150073700,남부순환로,1150036801,공항지하차도(북측),126.8067344748664880_37.5632502226468645,1150030001,공항지하차도(남측),126.8078484011787168_37.5597054915840687,406.0,29.5,원활,126.8078484011787168_37.5597054915840687|126.8072059248408863_37.5617606130839761|126.8067344748664880_37.5632502226468645
2026-09-04T06:42:24.849833+09:00,김포공항,김포공항,POI061,KEY_1,1150087200,초원로,1150276600,방화동 648-7,126.8061653651844978_37.5677509978913946,1150006402,김포공항,126.8053283756748613_37.5677499095885210,74.0,19.0,서행,126.8053283756748613_37.5677499095885210|126.8055414028596175_37.5677492478255175|126.8061653651844978_37.5677509978913946
2026-09-04T06:42:24.849833+09:00,김포공항,김포공항,POI061,KEY_1,1150087300,초원로,1150006401,김포공항,126.8052926539899659_37.5678581403692888,1150041804,우림루미아트아파트,126.8075307779801193_37.5678629359116485,198.0,21.0,서행,126.8075307779801193_37.5678629359116485|126.8073398019933933_37.5678624027739900|126.8069523157120386_37.5678613200995315|126.8065648290245235_37.5678602361521072|126.8061648869972657_37.5678591160285933|126.8055414285367419_37.5678573671970213|126.8052926539899659_37.5678581403692888
2026-09-04T06:42:24.849833+09:00,김포공항,김포공항,POI061,KEY_1,1150088000,개화동로,1150039602,개화지하차도(남측),126.8057924187939989_37.5657106945988915,1150042703,개화지하차도(북측),126.8043750832667627_37.5700177472717556,494.0,30.0,원활,126.8043750832667627_37.5700177472717556|126.8051041638151162_37.5677907609375552|126.8057924187939989_37.5657106945988915
2026-09-04T06:42:24.849833+09:00,김포공항,김포공항,POI061,KEY_1,1150088100,개화동로,1150042702,개화지하차도(북측),126.8045065255030863_37.5700450114689204,1150039601,개화지하차도(남측),126.8059238292659359_37.5657380361406368,494.0,44.3,원활,126.8059238292659359_37.5657380361406368|126.8052355602882528_37.5678181625819221|126.8045065255030863_37.5700450114689204
2026-09-04T06:42:24.849833+09:00,김포공항,김포공항,POI061,KEY_1,1150106400,하늘길,1150028802,금당엄나무마을,126.8065715832151881_37.5584244799448612,1150028400,속성변화점,126.8048520251257685_37.5583579319005096,185.0,19.0,서행,126.8048520251257685_37.5583579319005096|126.8052377971326763_37.5580516095033374|126.8053823436995202_37.5579701842871785|126.8055353778495942_37.5579424668231496|126.8056745668371832_37.5579540170042065|126.8058403506843348_37.5580050725773518|126.8059860097157099_37.5580901308708448|126.8065715832151881_37.5584244799448612
2026-09-04T06:42:24.849833+09:00,김포공항,김포공항,POI061,KEY_1,1150106500,하늘길,1150027900,꽃뫼마을,126.8066393602112214_37.5579420572046487,1150028100,고가차도(동측),126.8060691893281700_37.5580001571214055,70.0,19.0,서행,126.8060691893281700_37.5580001571214055|126.8062856880729470_37.5581168464145136|126.8063706400496358_37.5581522669607892|126.8064580694506560_37.5581562242252716|126.8065401626594593_37.5581308101262579|126.8066082234555978_37.5580596654638583|126.8066393602112214_37.5579420572046487
2026-09-04T06:42:24.849833+09:00,김포공항,김포공항,POI061,KEY_1,1150106600,하늘길,1150028802,금당엄나무마을,126.8065715832151881_37.5584244799448612,1150028100,고가차도(동측),126.8060691893281700_37.5580001571214055,65.0,7.0,정체,126.8060691893281700_37.5580001571214055|126.8065715832151881_37.5584244799448612
2026-09-04T06:42:24.849833+09:00,김포공항,김포공항,POI061,KEY_1,1150106700,하늘길,1150289200,최소노드배치점,126.8033683591133922_37.5592833803729107,1150032700,고가차도(서측),126.8009776700938573_37.5613568425905200,315.0,22.0,서행,126.8009776700938573_37.5613568425905200|126.8010280242264827_37.5611957637211304|126.8011248860496778_37.5610890211158690|126.8033683591133922_37.5592833803729107
2026-09-04T06:42:24.849833+09:00,김포공항,김포공항,POI061,KEY_1,1150106800,하늘길,1150028400,속성변화점,126.8048520251257685_37.5583579319005096,1150032700,고가차도(서측),126.8009776700938573_37.5613568425905200,478.0,24.0,서행,126.8009776700938573_37.5613568425905200|126.8013035967179007_37.5611997795353290|126.8035334487866663_37.5594139846441664|126.8048520251257685_37.5583579319005096
2026-09-04T06:42:24.849833+09:00,김포공항,김포공항,POI061,KEY_1,1150106900,김포공항내부도로,1150032200,속성변화점,126.8047455373718151_37.5611116336784789,1150028801,금당엄나무마을,126.8067065539106721_37.5584365013286785,359.0,22.0,서행,126.8067065539106721_37.5584365013286785|126.8066109696513877_37.5588857489316297|126.8064624030633780_37.5595840033141712|126.8064141826300073_37.5597031187799502|126.8063180116815687_37.5598364588791966|126.8062219021269073_37.5599459604553729|126.8047455373718151_37.5611116336784789
2026-09-04T06:42:24.849833+09:00,김포공항,김포공항,POI061,KEY_1,1150107000,김포공항내부도로,1150389800,최소노드배치점,126.8067286898441637_37.5607631173226295,1150028801,금당엄나무마을,126.8067065539106721_37.5584365013286785,267.0,48.7,원활,126.8067065539106721_37.5584365013286785|126.8066708925769035_37.5588901607108099|126.8066646253163015_37.5589698879747615|126.8067045329581930_37.5591701996241056|126.8067999267995276_37.5593372282787641|126.8069432095978897_37.5595138704042526|126.8069908756392294_37.5596093034119178|126.8069965453199757_37.5597332752688544|126.8069866614919334_37.5597713874458137|126.8067666698569838_37.5606197059842231|126.8067286898441637_37.5607631173226295
2026-09-04T06:42:24.849833+09:00,김포공항,김포공항,POI061,KEY_1,1150107100,김포공항내부도로,1150033900,방화동886,126.8052833993092463_37.5619393978386995,1150032200,속성변화점,126.8047455373718151_37.5611116336784789,113.0,29.7,원활,126.8047455373718151_37.5611116336784789|126.8048083802269446_37.5615490149788158|126.8048519525371631_37.5616959366339103|126.8049097352545687_37.5617642437812407|126.8049856578287944_37.5618147717900683|126.8052833993092463_37.5619393978386995
2026-09-04T06:42:24.849833+09:00,김포공항,김포공항,POI061,KEY_1,1150107200,하늘길,1150032700,고가차도(서측),126.8009776700938573_37.5613568425905200,1150034800,지하차도,126.7995944673012190_37.5624929202118381,184.0,27.0,원활,126.7995944673012190_37.5624929202118381|126.7996107466501883_37.5622929971972539|126.7998015798858518_37.5620687650094354|126.8003220714264785_37.5616712047205752|126.8009776700938573_37.5613568425905200
2026-09-04T06:42:24.849833+09:00,김포공항,김포공항,POI061,KEY_1,1150107300,하늘길,1150033203,김포공항입구교차로,126.8070108813666224_37.5617129549202957,1150033900,방화동886,126.8052833993092463_37.5619393978386995,155.0,19.3,서행,126.8052833993092463_37.5619393978386995|126.8061205674983825_37.5618551503654459|126.8070108813666224_37.5617129549202957
2026-09-04T06:42:24.849833+09:00,김포공항,김포공항,POI061,KEY_1,1150107400,하늘길,1150034900,김포공항역(공항철도),126.8029854953172162_37.5622967045944236,1150033204,김포공항입구교차로,126.8069741436833624_37.5618291362629790,356.0,49.0,원활,126.8069741436833624_37.5618291362629790|126.8061424791094254_37.5619619642015792|126.8053005219796034_37.5620466931704584|126.8053004393328109_37.5620467020441282|126.8035548962029679_37.5622240961301515|126.8029854953172162_37.5622967045944236
2026-09-04T06:42:24.849833+09:00,김포공항,김포공항,POI061,KEY_1,1150107500,하늘길,1150032700,고가차도(서측),126.8009776700938573_37.5613568425905200,1150036700,지하차도,126.7995614162036446_37.5632407963395494,257.0,31.0,원활,126.7995614162036446_37.5632407963395494|126.7995700031927413_37.5631889631586731|126.7996689684073601_37.5626019355139178|126.7997259457631287_37.5624038582984383|126.7997701717995227_37.5622877418760126|126.7998407061498085_37.5621775057847600|126.7999327368006419_37.5620750285075431|126.8001500459457986_37.5619027027951873|126.8004710632430232_37.5616604022978677|126.8009776700938573_37.5613568425905200
2026-09-04T06:42:24.849833+09:00,김포공항,김포공항,POI061,KEY_1,1150107600,하늘길,1150032700,고가차도(서측),126.8009776700938573_37.5613568425905200,1150034900,김포공항역(공항철도),126.8029854953172162_37.5622967045944236,221.0,13.0,정체,126.8029854953172162_37.5622967045944236|126.8024038149654160_37.5623012502060760|126.8021954186314559_37.5622894586052993|126.8020781093091784_37.5622587480032664|126.8019705670447905_37.5621988226795125|126.8013430762655958_37.5617038420301697|126.8009776700938573_37.5613568425905200
2026-09-04T06:42:24.849833+09:00,김포공항,김포공항,POI061,KEY_1,1150107700,하늘길,1150299800,최소노드배치점,126.8024246026703281_37.5621497575235139,1150034800,지하차도,126.7995944673012190_37.5624929202118381,254.0,56.0,원활,126.7995944673012190_37.5624929202118381|126.8000193989265938_37.5623756689364328|126.8013731312601493_37.5622549088509174|126.8024246026703281_37.5621497575235139
2026-09-04T06:42:24.849833+09:00,김포공항,김포공항,POI061,KEY_1,1150107800,하늘길,1150034800,지하차도,126.7995944673012190_37.5624929202118381,1150034900,김포공항역(공항철도),126.8029854953172162_37.5622967045944236,303.0,36.0,원활,126.8029854953172162_37.5622967045944236|126.8022002166869839_37.5623968364395395|126.8002736857091293_37.5625739227759468|126.7999725900794772_37.5625757150790633|126.7997661912279455_37.5625422959885213|126.7995944673012190_37.5624929202118381
2026-09-04T06:42:24.849833+09:00,김포공항,김포공항,POI061,KEY_1,1150107900,김포공항내부도로,1150034800,지하차도,126.7995944673012190_37.5624929202118381,1150035000,롯데렌터카국내선영업소,126.7985940506221993_37.5626360951519658,90.0,14.0,정체,126.7985940506221993_37.5626360951519658|126.7995944673012190_37.5624929202118381
2026-09-04T06:42:24.849833+09:00,김포공항,김포공항,POI061,KEY_1,1150108000,김포공항내부도로,1150035000,롯데렌터카국내선영업소,126.7985940506221993_37.5626360951519658,1150037900,속성변화점,126.7983021129292069_37.5630189098091307,69.0,27.0,원활,126.7983021129292069_37.5630189098091307|126.7982096451205791_37.5628961389908085|126.7981918453900789_37.5627976604402321|126.7982148156196160_37.5627441391479806|126.7982713199159548_37.5627087031636862|126.7984365839414380_37.5626560267344658|126.7985940506221993_37.5626360951519658
2026-09-04T06:42:24.849833+09:00,김포공항,김포공항,POI061,KEY_1,1150108100,김포공항내부도로,1150037200,김포공항역2번출구,126.8015105464991024_37.5637406961484217,1150034900,김포공항역(공항철도),126.8029854953172162_37.5622967045944236,224.0,36.0,원활,126.8029854953172162_37.5622967045944236|126.8026435167321182_37.5623975981132574|126.8024209948936658_37.5624869055912711|126.8022103875416491_37.5625834378667847|126.8020295362189529_37.5627016084077425|126.8018937973466933_37.5628009677141534|126.8017817563183627_37.5629290840681804|126.8016845605308163_37.5630715970221161|126.8016508513365608_37.5631524812872755|126.8015802361039590_37.5633356925993880|126.8015552917320719_37.5634404760404337|126.8015105464991024_37.5637406961484217
2026-09-04T06:42:24.849833+09:00,김포공항,김포공항,POI061,KEY_1,1150108200,김포공항내부도로,1150037200,김포공항역2번출구,126.8015105464991024_37.5637406961484217,1150037600,김포공항역2번출구,126.8001346503840097_37.5639860917984407,227.0,33.0,원활,126.8001346503840097_37.5639860917984407|126.8001072244096434_37.5638754734673199|126.8000662884100365_37.5637679145538073|126.8000615019386856_37.5636391074166127|126.8000983656984602_37.5635415488353317|126.8001531351182081_37.5634512510361276|126.8002708817475650_37.5633541725600040|126.8003431789846047_37.5633116750763278|126.8006015428384643_37.5632345072076177|126.8007667497781910_37.5631877893086070|126.8009106542144337_37.5631767173647546|126.8010154569920900_37.5631821081042290|126.8011438702288416_37.5632257947703039|126.8012750344631172_37.5632957301106600|126.8013611065026396_37.5633820920717767|126.8014169785191285_37.5634945086059346|126.8015105464991024_37.5637406961484217
2026-09-04T06:42:24.849833+09:00,김포공항,김포공항,POI061,KEY_1,1150108300,김포공항내부도로,1150037200,김포공항역2번출구,126.8015105464991024_37.5637406961484217,1150037700,도심공항터미널,126.8005353893544509_37.5647314688052489,380.0,34.0,원활,126.8005353893544509_37.5647314688052489|126.8001504709565523_37.5643765376844172|126.7999602627294138_37.5642132436054723|126.7998446348872505_37.5640837782937638|126.7997974626711084_37.5640024159575390|126.7997564603626728_37.5639020107266219|126.7997422185323018_37.5638232279006772|126.7997462404500055_37.5637135512019142|126.7997618660982369_37.5636444849060140|126.7997987969324925_37.5635397726324740|126.7998686354479503_37.5634400247530920|126.7999532946344345_37.5633570595498085|126.8000708847145859_37.5632766728403382|126.8002273963702180_37.5631989025939461|126.8005910089229786_37.5630794326731063|126.8007680206251422_37.5630518637346071|126.8009029369462439_37.5630407387900718|126.8010496128956675_37.5630535306005058|126.8011272556779261_37.5630802236472192|126.8012465922204228_37.5631333950045487|126.8013446245621054_37.5632222134043161|126.8014065981104892_37.5633227416721880|126.8014653984647708_37.5634423296246851|126.8015105464991024_37.5637406961484217
2026-09-04T06:42:24.849833+09:00,김포공항,김포공항,POI061,KEY_1,1150108400,김포공항내부도로,1150035000,롯데렌터카국내선영업소,126.7985940506221993_37.5626360951519658,1150037600,김포공항역2번출구,126.8001346503840097_37.5639860917984407,229.0,29.0,원활,126.8001346503840097_37.5639860917984407|126.7999521214609189_37.5638025725482123|126.7998405864598084_37.5637160582818836|126.7996393494245950_37.5636111258423355|126.7992991815572026_37.5634660194623891|126.7987938274058735_37.5632054610151798|126.7985571473165436_37.5630466579929205|126.7984637566289052_37.5629423643065863|126.7984331071625661_37.5628563291241946|126.7984472253013024_37.5627884461292609|126.7984884047937442_37.5627099928980641|126.7985940506221993_37.5626360951519658
2026-09-04T06:42:24.849833+09:00,김포공항,김포공항,POI061,KEY_1,1150108500,김포공항내부도로,1150037900,속성변화점,126.7983021129292069_37.5630189098091307,1150037700,도심공항터미널,126.8005353893544509_37.5647314688052489,274.0,32.0,원활,126.8005353893544509_37.5647314688052489|126.7995993705168303_37.5640520760878971|126.7991235205774814_37.5636796088143541|126.7984879720149394_37.5631660830637344|126.7983021129292069_37.5630189098091307
2026-09-04T06:42:24.849833+09:00,김포공항,김포공항,POI061,KEY_1,1150108600,김포공항내부도로,1150036700,지하차도,126.7995614162036446_37.5632407963395494,1150037700,도심공항터미널,126.8005353893544509_37.5647314688052489,200.0,43.0,원활,126.8005353893544509_37.5647314688052489|126.7997423221904967_37.5640787997897547|126.7996369375317300_37.5639753894983812|126.7995776669586547_37.5639063555770250|126.7995377103744943_37.5638221735569431|126.7995167669065069_37.5637552751601973|126.7995105241441820_37.5636541224698846|126.7995141173256854_37.5635263188312720|126.7995614162036446_37.5632407963395494
2026-09-04T06:42:24.849833+09:00,김포공항,김포공항,POI061,KEY_1,1150108700,김포공항내부도로,1150039400,에어포트빌딩,126.8054199980519314_37.5653693282458718,1150038300,속성변화점,126.8061015993678495_37.5631202624798846,257.0,47.3,원활,126.8061015993678495_37.5631202624798846|126.8059321035797495_37.5637269267169103|126.8054199980519314_37.5653693282458718
2026-09-04T06:42:24.849833+09:00,김포공항,김포공항,POI061,KEY_1,1150108800,김포공항내부도로,1150040200,고가차도,126.8034852971276649_37.5656196609774327,1150037200,김포공항역2번출구,126.8015105464991024_37.5637406961484217,281.0,32.0,원활,126.8015105464991024_37.5637406961484217|126.8015357041857101_37.5639340135730890|126.8015969668641674_37.5641108512010717|126.8016766037265626_37.5642448710447212|126.8018308227888724_37.5644127195580566|126.8019823811680595_37.5645447794917331|126.8029309732480101_37.5653063657249433|126.8030975575997701_37.5654337433964187|126.8031839240266976_37.5654891030670228|126.8032971189519884_37.5655589304998614|126.8034852971276649_37.5656196609774327
2026-09-04T06:42:24.849833+09:00,김포공항,김포공항,POI061,KEY_1,1150108900,김포공항내부도로,1150037600,김포공항역2번출구,126.8001346503840097_37.5639860917984407,1150040100,김포국제공항국제선행사전용주차,126.8028803555274493_37.5664085986469658,364.0,28.5,원활,126.8028803555274493_37.5664085986469658|126.8025555415103298_37.5661435602585243|126.8016983643685194_37.5654441163697115|126.8007304672482007_37.5646657129594246|126.8005254668434532_37.5644820611773724|126.8003740566643103_37.5643344989100783|126.8002586967350567_37.5641764188608462|126.8001346503840097_37.5639860917984407
2026-09-04T06:42:24.849833+09:00,김포공항,김포공항,POI061,KEY_1,1150109000,김포공항내부도로,1150230600,방화동 886,126.8024348662543304_37.5662398015641941,1150040400,김포국제공항국제선행사전용주차,126.8027894261290527_37.5665213396097499,44.0,27.5,원활,126.8027894261290527_37.5665213396097499|126.8024348662543304_37.5662398015641941
2026-09-04T06:42:24.849833+09:00,김포공항,김포공항,POI061,KEY_1,1150109100,김포공항내부도로,1150041000,방화동 886,126.8045183377906397_37.5669683926712068,1150040200,고가차도,126.8034852971276649_37.5656196609774327,230.0,39.0,원활,126.8034852971276649_37.5656196609774327|126.8038598120078717_37.5656171005556203|126.8040245791983551_37.5656180715457495|126.8041980462812290_37.5656500969040295|126.8043592631563854_37.5657106668445309|126.8045051467313868_37.5658093034294893|126.8045999917029718_37.5659195628959566|126.8046735124137001_37.5660678531299581|126.8046871384255923_37.5662134061310837|126.8046429140189559_37.5664587801131731|126.8045621762904034_37.5667890603198273|126.8045183377906397_37.5669683926712068
2026-09-04T06:42:24.849833+09:00,김포공항,김포공항,POI061,KEY_1,1150109200,김포공항내부도로,1150041000,방화동 886,126.8045183377906397_37.5669683926712068,1150039400,에어포트빌딩,126.8054199980519314_37.5653693282458718,195.0,42.0,원활,126.8054199980519314_37.5653693282458718|126.8052708856440205_37.5656182579022513|126.8051516363182998_37.5658774998792708|126.8050359139828487_37.5660795262780098|126.8048750313832045_37.5663051353414588|126.8047956777825931_37.5664620646431686|126.8046114786252758_37.5667983501891527|126.8045183377906397_37.5669683926712068
2026-09-04T06:42:24.849833+09:00,김포공항,김포공항,POI061,KEY_1,1150109300,김포공항내부도로,1150040100,김포국제공항국제선행사전용주차,126.8028803555274493_37.5664085986469658,1150040200,고가차도,126.8034852971276649_37.5656196609774327,284.0,36.0,원활,126.8034852971276649_37.5656196609774327|126.8037092911531829_37.5656949107724856|126.8039213478413529_37.5657653208962614|126.8040856049847491_37.5658211399076123|126.8041899467209817_37.5658766052520434|126.8043000587682911_37.5659559519230015|126.8043650346164810_37.5660564961891268|126.8043969909406741_37.5661640008600628|126.8043960589709513_37.5662641565827897|126.8043682760401367_37.5663522305254460|126.8043044108686530_37.5664544010831989|126.8042197297529015_37.5665397542608659|126.8041171845886481_37.5666130782922849|126.8040118652004651_37.5666625383911637|126.8038617424439281_37.5666974251657493|126.8036968833293230_37.5667059926222748|126.8035562582793006_37.5666860845983379|126.8033055432747886_37.5665844440246985|126.8028803555274493_37.5664085986469658
2026-09-04T06:42:24.849833+09:00,김포공항,김포공항,POI061,KEY_1,1150109400,김포공항내부도로,1150040400,김포국제공항국제선행사전용주차,126.8027894261290527_37.5665213396097499,1150040200,고가차도,126.8034852971276649_37.5656196609774327,325.0,37.7,원활,126.8034852971276649_37.5656196609774327|126.8038472962753502_37.5656742613916776|126.8041074633345033_37.5657258761666881|126.8042626881742905_37.5657864110680890|126.8043907080456449_37.5658730187277072|126.8044736150714442_37.5659784381928930|126.8045263198669659_37.5661099121142357|126.8045371714244425_37.5662316012986750|126.8044998914784856_37.5663744697547912|126.8044178744128061_37.5664956104879550|126.8042728343056496_37.5666283046634888|126.8041613460849533_37.5666968070994187|126.8040018571548018_37.5667721800218857|126.8038667356538127_37.5668047707435235|126.8037077789608134_37.5668229120773987|126.8035849511758926_37.5668221870188859|126.8034592599620964_37.5668071366586176|126.8032978191564979_37.5667704126488431|126.8031277685627884_37.5666930950689633|126.8027894261290527_37.5665213396097499
2026-09-04T06:42:24.849833+09:00,김포공항,김포공항,POI061,KEY_1,1150109500,김포공항내부도로,1150040100,김포국제공항국제선행사전용주차,126.8028803555274493_37.5664085986469658,1150039400,에어포트빌딩,126.8054199980519314_37.5653693282458718,376.0,39.0,원활,126.8054199980519314_37.5653693282458718|126.8052475454865942_37.5658732946121603|126.8051706796212983_37.5660850889471618|126.8051128520501720_37.5661825252739732|126.8049609786541794_37.5664058022311735|126.8048907678706740_37.5665460918130734|126.8048112374909948_37.5667220993863751|126.8047558940367168_37.5668744002905513|126.8046892767711427_37.5669503214266172|126.8046318243050052_37.5670072178743411|126.8045536219927527_37.5670401450249045|126.8044245134226315_37.5670703866327500|126.8043016178312996_37.5670768170044340|126.8041549555153011_37.5670616434222921|126.8040113335603252_37.5670417183552701|126.8038648492974687_37.5670074679516688|126.8037573763743211_37.5669662923032561|126.8036590024200621_37.5669132466707012|126.8033524544107848_37.5666944209830262|126.8028803555274493_37.5664085986469658
2026-09-04T06:42:24.849833+09:00,김포공항,김포공항,POI061,KEY_1,1150109600,동양로,1150042000,방화동886,126.8043496290626138_37.5690016313593063,1150039400,에어포트빌딩,126.8054199980519314_37.5653693282458718,415.0,59.0,원활,126.8054199980519314_37.5653693282458718|126.8053899634556529_37.5657000420245950|126.8052719382406082_37.5661500744627759|126.8050369470159779_37.5669356746776870|126.8046700032554241_37.5680567539646901|126.8044016010786521_37.5688898518380725|126.8043496290626138_37.5690016313593063
2026-09-04T06:42:24.849833+09:00,김포공항,김포공항,POI061,KEY_1,1150109700,김포공항내부도로,1150040400,김포국제공항국제선행사전용주차,126.8027894261290527_37.5665213396097499,1150039400,에어포트빌딩,126.8054199980519314_37.5653693282458718,415.0,42.0,원활,126.8054199980519314_37.5653693282458718|126.8052245812453407_37.5660877907704887|126.8050520545537978_37.5665995070195393|126.8049656904614864_37.5668660966114416|126.8048926608036169_37.5669872912542075|126.8047806848064170_37.5671082565730927|126.8046781173340491_37.5671839659799573|126.8045727754340533_37.5672358105680573|126.8044646150375883_37.5672685610235249|126.8043295358767608_37.5672963824766839|126.8041916836448735_37.5673003399413261|126.8040330596514451_37.5672827109800309|126.8039045051699674_37.5672533359350851|126.8037553117633252_37.5671880659636201|126.8036153745131003_37.5670942334573823|126.8034964512136469_37.5669957550961513|126.8033357432111643_37.5668803367947532|126.8031125447181466_37.5667192381668187|126.8027894261290527_37.5665213396097499
2026-09-04T06:42:24.849833+09:00,김포공항,김포공항,POI061,KEY_1,1150109800,김포공항내부도로,1150040100,김포국제공항국제선행사전용주차,126.8028803555274493_37.5664085986469658,1150042800,방화동886,126.8042907955019558_37.5687117795039498,314.0,36.3,원활,126.8042907955019558_37.5687117795039498|126.8044447834326718_37.5682788825722866|126.8044868755081893_37.5681341354681422|126.8045023381572065_37.5680178481092497|126.8044953256624297_37.5679235276140986|126.8044776550525796_37.5678101460486644|126.8044115504804950_37.5676696490093036|126.8043376251230825_37.5675648787147196|126.8028803555274493_37.5664085986469658
2026-09-04T06:42:24.849833+09:00,김포공항,김포공항,POI061,KEY_1,1150109900,김포공항내부도로,1150040400,김포국제공항국제선행사전용주차,126.8027894261290527_37.5665213396097499,1150042800,방화동886,126.8042907955019558_37.5687117795039498,295.0,44.0,원활,126.8042907955019558_37.5687117795039498|126.8043428985787244_37.5682058242231278|126.8043258377389151_37.5680268638760850|126.8042788189286512_37.5678477268196147|126.8041865573810441_37.5677011144876261|126.8039896345038642_37.5675330180398959|126.8030307240473888_37.5667493201426410|126.8027894261290527_37.5665213396097499
2026-09-04T06:42:24.849833+09:00,김포공항,김포공항,POI061,KEY_1,1150110000,김포공항내부도로,1150006403,김포공항,126.8050471612343841_37.5677507825846604,1150041000,방화동 886,126.8045183377906397_37.5669683926712068,111.0,6.0,정체,126.8045183377906397_37.5669683926712068|126.8044868277380175_37.5671351434086915|126.8044947727027676_37.5672472754189357|126.8045177634208045_37.5673523415138533|126.8045557557905738_37.5674551123775871|126.8046357569593994_37.5675509754502670|126.8047189542533459_37.5676253937799203|126.8048084750304980_37.5676640782547082|126.8049390968690489_37.5677205900781033|126.8050471612343841_37.5677507825846604
2026-09-04T06:42:24.849833+09:00,김포공항,김포공항,POI061,KEY_1,1150110100,김포공항내부도로,1150042000,방화동886,126.8043496290626138_37.5690016313593063,1150041000,방화동 886,126.8045183377906397_37.5669683926712068,232.0,39.0,원활,126.8045183377906397_37.5669683926712068|126.8044296852477970_37.5671586539184261|126.8044137517465373_37.5672611066355557|126.8044306408279454_37.5673780611712615|126.8044567380267864_37.5674712221760458|126.8045036514052697_37.5675811995677122|126.8045505649234315_37.5676911760380960|126.8045929307459403_37.5678123353112312|126.8046013294623862_37.5679402102264959|126.8045806666986550_37.5681003466947629|126.8045362341527635_37.5682658281448383|126.8044189538831716_37.5686347811846346|126.8043496290626138_37.5690016313593063
2026-09-04T06:42:24.849833+09:00,김포공항,김포공항,POI061,KEY_1,1150110200,김포공항진출입도로,1150042800,방화동886,126.8042907955019558_37.5687117795039498,1150036202,방화동 886,126.8039740863463436_37.5697527827448567,119.0,35.0,원활,126.8039740863463436_37.5697527827448567|126.8039933986746490_37.5696818307411888|126.8042907955019558_37.5687117795039498
2026-09-04T06:42:24.849833+09:00,김포공항,김포공항,POI061,KEY_1,1150110300,김포공항진출입도로,1150036201,방화동 886,126.8041058714845235_37.5697760280389303,1150042000,방화동886,126.8043496290626138_37.5690016313593063,89.0,56.0,원활,126.8043496290626138_37.5690016313593063|126.8041120461763427_37.5697543702871357|126.8041058714845235_37.5697760280389303
2026-09-04T06:42:24.849833+09:00,남대문시장,남대문시장,POI115,KEY_2,1010002301,소월로,1010155400,최소노드배치점,126.9760533414636114_37.5582497344554369,1010013803,숭례문앞교차로,126.9755809845113532_37.5605189064983307,262.0,21.0,서행,126.9755809845113532_37.5605189064983307|126.9757337889885065_37.5603525891795087|126.9757984686316661_37.5601874326070444|126.9757969708594061_37.5599997077910714|126.9757198667068110_37.5593373627741514|126.9757048763582503_37.5591937029204388|126.9757309859065373_37.5590497713064551|126.9757785893644524_37.5588840435687814|126.9759074328705282_37.5585745471584289|126.9759297486065890_37.5585209420058632|126.9759522152383795_37.5584716422248093|126.9760533414636114_37.5582497344554369
2026-09-04T06:42:24.849833+09:00,남대문시장,남대문시장,POI115,KEY_2,1010002402,소월로,1010013802,숭례문앞교차로,126.9757600351255320_37.5605071695408910,1010011100,숭례문,126.9758644071737450_37.5590694809368770,164.0,21.0,서행,126.9758644071737450_37.5590694809368770|126.9758414948468044_37.5591969276911115|126.9758551619603253_37.5593278985156402|126.9759327469906509_37.5599943665054212|126.9759344158917429_37.5602035603088922|126.9758567349293656_37.5604019178341417|126.9757600351255320_37.5605071695408910
2026-09-04T06:42:24.849833+09:00,남대문시장,남대문시장,POI115,KEY_2,1010002504,퇴계로,1010011701,회현역7번출구,126.9801048978132769_37.5596035774933412,1010014100,신세계백화점(본점신관),126.9813345597681007_37.5600996831039851,122.0,38.0,원활,126.9813345597681007_37.5600996831039851|126.9811756372389482_37.5600198160300565|126.9804229490495260_37.5597117743107418|126.9801048978132769_37.5596035774933412
2026-09-04T06:42:24.849833+09:00,남대문시장,남대문시장,POI115,KEY_2,1010002505,퇴계로,1010014100,신세계백화점(본점신관),126.9813345597681007_37.5600996831039851,1010014904,회현사거리,126.9819470670801422_37.5604226300890645,65.0,40.0,원활,126.9819470670801422_37.5604226300890645|126.9814522832707127_37.5601588457968916|126.9813345597681007_37.5600996831039851
2026-09-04T06:42:24.849833+09:00,남대문시장,남대문시장,POI115,KEY_2,1010002508,퇴계로,1010038200,회현동1가 194-69,126.9793517057243974_37.5593685443415026,1010011702,회현역7번출구,126.9799749525828076_37.5595619956135778,59.0,23.0,서행,126.9799749525828076_37.5595619956135778|126.9797655565294434_37.5594985542619710|126.9793517057243974_37.5593685443415026
2026-09-04T06:42:24.849833+09:00,남대문시장,남대문시장,POI115,KEY_2,1010002603,퇴계로,1010014903,회현사거리,126.9820015801727067_37.5603215668065360,1010013600,우리은행은행사박물관,126.9814070609472481_37.5600082577712442,63.0,16.0,서행,126.9814070609472481_37.5600082577712442|126.9815263347418437_37.5600681990967189|126.9820015801727067_37.5603215668065360
2026-09-04T06:42:24.849833+09:00,남대문시장,남대문시장,POI115,KEY_2,1010002703,소공로,1010012500,회현동2가73,126.9822136040558433_37.5599025256994565,1010014903,회현사거리,126.9820015801727067_37.5603215668065360,50.0,41.0,원활,126.9820015801727067_37.5603215668065360|126.9821708623236134_37.5599944542781472|126.9822136040558433_37.5599025256994565
2026-09-04T06:42:24.849833+09:00,남대문시장,남대문시장,POI115,KEY_2,1010002803,소공로,1010014902,회현사거리,126.9821173466426387_37.5603817102966602,1010012900,금산갤러리,126.9823409760007848_37.5599400560248142,53.0,20.0,서행,126.9823409760007848_37.5599400560248142|126.9822973783252849_37.5600338243564380|126.9821173466426387_37.5603817102966602
2026-09-04T06:42:24.849833+09:00,남대문시장,남대문시장,POI115,KEY_2,1010004501,퇴계로,1010014901,회현사거리,126.9820623967078177_37.5604819136935362,1010015600,중국관광청,126.9827116249739731_37.5606706950213010,62.0,19.0,서행,126.9827116249739731_37.5606706950213010|126.9825668114146993_37.5606529961696793|126.9823364708074251_37.5606043117085662|126.9821925519696464_37.5605470002049984|126.9820623967078177_37.5604819136935362
2026-09-04T06:42:24.849833+09:00,남대문시장,남대문시장,POI115,KEY_2,1010004601,퇴계로,1010015100,스테이트타워남산,126.9827322350448071_37.5605638271977540,1010014902,회현사거리,126.9821173466426387_37.5603817102966602,59.0,30.5,원활,126.9821173466426387_37.5603817102966602|126.9822592119591746_37.5604526524429048|126.9823847812171778_37.5605026567482270|126.9825946231940890_37.5605470088059334|126.9827322350448071_37.5605638271977540
2026-09-04T06:42:24.849833+09:00,남대문시장,남대문시장,POI115,KEY_2,1010004901,소공로,1010014904,회현사거리,126.9819470670801422_37.5604226300890645,1010016100,신세계백화점(본점),126.9816686271532404_37.5609097208093701,59.0,11.0,정체,126.9816686271532404_37.5609097208093701|126.9819470670801422_37.5604226300890645
2026-09-04T06:42:24.849833+09:00,남대문시장,남대문시장,POI115,KEY_2,1010004903,소공로,1010016100,신세계백화점(본점),126.9816686271532404_37.5609097208093701,1010017902,한국은행앞교차로,126.9812102323787997_37.5618212267858951,109.0,21.0,서행,126.9812102323787997_37.5618212267858951|126.9814215875591117_37.5613304278622451|126.9815191090982296_37.5611692719051433|126.9815779997364160_37.5610682604307513|126.9816686271532404_37.5609097208093701
2026-09-04T06:42:24.849833+09:00,남대문시장,남대문시장,POI115,KEY_2,1010005001,소공로,1010016400,포스트타워,126.9817922479335550_37.5609545032611152,1010014901,회현사거리,126.9820623967078177_37.5604819136935362,58.0,27.0,원활,126.9820623967078177_37.5604819136935362|126.9817922479335550_37.5609545032611152
2026-09-04T06:42:24.849833+09:00,남대문시장,남대문시장,POI115,KEY_2,1010005002,소공로,1010016902,한국은행앞,126.9817016201550075_37.5611130425819510,1010016400,포스트타워,126.9817922479335550_37.5609545032611152,19.0,23.0,서행,126.9817922479335550_37.5609545032611152|126.9817016201550075_37.5611130425819510
2026-09-04T06:42:24.849833+09:00,남대문시장,남대문시장,POI115,KEY_2,1010005003,소공로,1010017901,한국은행앞교차로,126.9813201261830500_37.5618994475613093,1010016901,한국은행앞,126.9816414699309064_37.5612161949658940,81.0,15.0,서행,126.9816414699309064_37.5612161949658940|126.9815474496638501_37.5613715645860893|126.9813201261830500_37.5618994475613093
2026-09-04T06:42:24.849833+09:00,남대문시장,남대문시장,POI115,KEY_2,1010005102,남대문로,1010123700,남대문로3가 110-4,126.9802395481067094_37.5615376279630198,1010017903,한국은행앞교차로,126.9811556456876929_37.5619216279188848,92.0,20.0,서행,126.9811556456876929_37.5619216279188848|126.9809804652948202_37.5618338688153770|126.9804945418923836_37.5616270684645031|126.9802395481067094_37.5615376279630198
2026-09-04T06:42:24.849833+09:00,남대문시장,남대문시장,POI115,KEY_2,1010005201,남대문로,1010014800,숭례문,126.9764883666133954_37.5605318420117769,1010013802,숭례문앞교차로,126.9757600351255320_37.5605071695408910,65.0,27.0,원활,126.9757600351255320_37.5605071695408910|126.9759033237710781_37.5604891294319145|126.9761889274862341_37.5604766950548168|126.9764883666133954_37.5605318420117769
2026-09-04T06:42:24.849833+09:00,남대문시장,남대문시장,POI115,KEY_2,1010005202,남대문로,1010105800,남대문로4가 24-1,126.9773600444245005_37.5608297698874694,1010014800,숭례문,126.9764883666133954_37.5605318420117769,84.0,23.5,서행,126.9764883666133954_37.5605318420117769|126.9773600444245005_37.5608297698874694
2026-09-04T06:42:24.849833+09:00,남대문시장,남대문시장,POI115,KEY_2,1010026800,남대문로,1010014800,숭례문,126.9764883666133954_37.5605318420117769,1010011100,숭례문,126.9758644071737450_37.5590694809368770,185.0,29.0,원활,126.9758644071737450_37.5590694809368770|126.9758795592592975_37.5591125336731508|126.9758641531054906_37.5591939851637946|126.9759578405099205_37.5599862959824407|126.9759704486266543_37.5601312860724406|126.9760507361714588_37.5602633560949499|126.9761537145355277_37.5603739896225477|126.9763022172343057_37.5604655608040190|126.9764279735615418_37.5605091608890334|126.9764883666133954_37.5605318420117769
2026-09-04T06:42:24.849833+09:00,남대문시장,남대문시장,POI115,KEY_2,1010027000,소공로,1010012500,회현동2가73,126.9822136040558433_37.5599025256994565,1010013600,우리은행은행사박물관,126.9814070609472481_37.5600082577712442,77.0,32.0,원활,126.9814070609472481_37.5600082577712442|126.9817283323599497_37.5600723147489930|126.9817987065068365_37.5600687495620491|126.9818795629010708_37.5600532666540161|126.9819694078222909_37.5600199056804485|126.9822136040558433_37.5599025256994565
2026-09-04T06:42:24.849833+09:00,남대문시장,남대문시장,POI115,KEY_2,1010028000,퇴계로,1010014100,신세계백화점(본점신관),126.9813345597681007_37.5600996831039851,1010015401,충무로1가52-4,126.9817851871179641_37.5605865324912713,69.0,28.0,원활,126.9817851871179641_37.5605865324912713|126.9817851041901093_37.5605860521239734|126.9817447014208653_37.5604906906837641|126.9817012987769544_37.5604120152254382|126.9816174759299514_37.5603059188314958|126.9813345597681007_37.5600996831039851
2026-09-04T06:42:24.849833+09:00,남대문시장,남대문시장,POI115,KEY_2,1010029201,남대문시장10길,1010036301,충무로1가52-9,126.9802096866011425_37.5606718594319489,1010011701,회현역7번출구,126.9801048978132769_37.5596035774933412,119.0,21.0,서행,126.9801048978132769_37.5596035774933412|126.9800866593272559_37.5597021179481985|126.9800889154790298_37.5598874597116179|126.9802096866011425_37.5606718594319489
2026-09-04T06:42:24.849833+09:00,남대문시장,남대문시장,POI115,KEY_2,1010029202,남대문시장길,1010015401,충무로1가52-4,126.9817851871179641_37.5605865324912713,1010036301,충무로1가52-9,126.9802096866011425_37.5606718594319489,140.0,18.0,서행,126.9802096866011425_37.5606718594319489|126.9802497030729995_37.5606741822428134|126.9807707845876763_37.5606494140121825|126.9816883147786086_37.5606057960128439|126.9817851871179641_37.5605865324912713
2026-09-04T06:42:24.849833+09:00,남대문시장,남대문시장,POI115,KEY_2,1010029900,소공로,1010016400,포스트타워,126.9817922479335550_37.5609545032611152,1010015600,중국관광청,126.9827116249739731_37.5606706950213010,91.0,15.0,서행,126.9827116249739731_37.5606706950213010|126.9823825034924312_37.5606779228201688|126.9822612178897288_37.5606993600976651|126.9821728710918194_37.5607267614215701|126.9820875153085780_37.5607648904012166|126.9817922479335550_37.5609545032611152
2026-09-04T06:42:24.849833+09:00,남대문시장,남대문시장,POI115,KEY_2,1010030001,남대문시장10길,1010011702,회현역7번출구,126.9799749525828076_37.5595619956135778,1010036302,충무로1가52-9,126.9800884608386724_37.5607732287643117,135.0,5.0,정체,126.9800884608386724_37.5607732287643117|126.9799531801049426_37.5598945825498376|126.9799507471012276_37.5596946869498254|126.9799749525828076_37.5595619956135778
2026-09-04T06:42:24.849833+09:00,남대문시장,남대문시장,POI115,KEY_2,1010030100,소공로,1010015402,충무로1가52-4,126.9817657794933154_37.5607018336872827,1010016100,신세계백화점(본점),126.9816686271532404_37.5609097208093701,25.0,36.0,원활,126.9816686271532404_37.5609097208093701|126.9817657794933154_37.5607018336872827
2026-09-04T06:42:24.849833+09:00,남대문시장,남대문시장,POI115,KEY_2,1010032100,명동8나길,1010016901,한국은행앞,126.9816414699309064_37.5612161949658940,1010017704,LG패션,126.9866156676616384_37.5618497971722718,446.0,6.0,정체,126.9866156676616384_37.5618497971722718|126.9864059219120378_37.5618442687355554|126.9861439853324043_37.5618224161464553|126.9858850471473204_37.5617884341175383|126.9849862833789587_37.5616166058945993|126.9832174106051212_37.5613666087159430|126.9816414699309064_37.5612161949658940
2026-09-04T06:42:24.849833+09:00,노량진,노량진,POI063,KEY_3,1190005403,노량진로23길,1190021702,강변유원아파트앞교차로,126.9517878200399252_37.5144323341285642,1190002800,래미안트윈파크어린이집,126.9513254038714081_37.5151339939864243,90.0,36.0,원활,126.9513254038714081_37.5151339939864243|126.9515276227898823_37.5149837680980554|126.9516261546233409_37.5148351491784879|126.9516943568016671_37.5147120387054969|126.9517717030701789_37.5145057377369682|126.9517878200399252_37.5144323341285642
2026-09-04T06:42:24.849833+09:00,노량진,노량진,POI063,KEY_3,1190004503,장승배기로,1190152600,노량진동 49-1,126.9401167823962169_37.5121780072331958,1190021003,노량진삼거리,126.9401273601333457_37.5134896778213545,146.0,21.0,서행,126.9401273601333457_37.5134896778213545|126.9401211502656963_37.5127196410551917|126.9401192691902907_37.5124863808360871|126.9401167823962169_37.5121780072331958
2026-09-04T06:42:24.849833+09:00,노량진,노량진,POI063,KEY_3,1190004900,만양로,1190166100,노량진동 118-14,126.9442141544357412_37.5118605513789589,1190002603,노량진동 113-1,126.9442112295573821_37.5137418468286512,209.0,25.0,원활,126.9442112295573821_37.5137418468286512|126.9442007157676358_37.5133170529862738|126.9442010082990748_37.5132853486690649|126.9442075422818306_37.5125771934533816|126.9442141544357412_37.5118605513789589
2026-09-04T06:42:24.849833+09:00,노량진,노량진,POI063,KEY_3,1190005000,만양로,1190149500,노량진동 118-14,126.9445072828588934_37.5112337554396333,1190002101,노량진삼익아파트,126.9447316692998697_37.5107279071619644,60.0,24.0,서행,126.9447316692998697_37.5107279071619644|126.9445279473944197_37.5111733767808033|126.9445072828588934_37.5112337554396333
2026-09-04T06:42:24.849833+09:00,노량진,노량진,POI063,KEY_3,1190005101,노량진로,1190020703,수산시장입구교차로,126.9466367290000477_37.5134096602374356,1190002602,노량진동 113-6,126.9443471153927447_37.5137469511950457,207.0,40.7,원활,126.9443471153927447_37.5137469511950457|126.9447018533880680_37.5137501237495457|126.9449800137784337_37.5137432195083349|126.9452206941408434_37.5137189330884127|126.9453360318755699_37.5136987454881279|126.9454805879769310_37.5136734436133423|126.9460307202107430_37.5135490198353878|126.9466367290000477_37.5134096602374356
2026-09-04T06:42:24.849833+09:00,노량진,노량진,POI063,KEY_3,1190005102,노량진로,1190111500,노량진동 148-80,126.9471465220967872_37.5132972498454933,1190020702,수산시장입구교차로,126.9467856169075617_37.5133759098446546,33.0,27.0,원활,126.9467856169075617_37.5133759098446546|126.9471465220967872_37.5132972498454933
2026-09-04T06:42:24.849833+09:00,노량진,노량진,POI063,KEY_3,1190005201,노량진로,1190113600,노량진동 150-2,126.9453651613680023_37.5138043462520159,1190020704,수산시장입구교차로,126.9466743766019192_37.5135135387472616,120.0,20.0,서행,126.9466743766019192_37.5135135387472616|126.9460680803163228_37.5136529641003662|126.9455137197508776_37.5137783438666617|126.9453651613680023_37.5138043462520159
2026-09-04T06:42:24.849833+09:00,노량진,노량진,POI063,KEY_3,1190005202,노량진로,1190117200,본동 365,126.9512041597025416_37.5127679663408102,1190019404,노량진배수지앞교차로,126.9521514565343949_37.5127483356353082,84.0,36.3,원활,126.9521514565343949_37.5127483356353082|126.9515041450622306_37.5127617506074742|126.9512041597025416_37.5127679663408102
2026-09-04T06:42:24.849833+09:00,노량진,노량진,POI063,KEY_3,1190005302,노량진로23길,1190019404,노량진배수지앞교차로,126.9521514565343949_37.5127483356353082,1190021702,강변유원아파트앞교차로,126.9517878200399252_37.5144323341285642,190.0,17.0,서행,126.9517878200399252_37.5144323341285642|126.9521402590242047_37.5130263085339948|126.9521514565343949_37.5127483356353082
2026-09-04T06:42:24.849833+09:00,노량진,노량진,POI063,KEY_3,1190005402,노량진로23길,1190021701,강변유원아파트앞교차로,126.9519265942660269_37.5144356577308216,1190019401,노량진배수지앞교차로,126.9522873805224066_37.5127452624808910,191.0,31.0,원활,126.9522873805224066_37.5127452624808910|126.9522755603509978_37.5130387016279059|126.9519265942660269_37.5144356577308216
2026-09-04T06:42:24.849833+09:00,노량진,노량진,POI063,KEY_3,1190005901,노량진로,1190002301,동작전화국입구교차로,126.9319314618299188_37.5132681113596362,1190020504,노량진전화국,126.9367010324218938_37.5133867368247493,422.0,22.0,서행,126.9367010324218938_37.5133867368247493|126.9349496085363853_37.5132700252727744|126.9346845661618062_37.5132523610597346|126.9343824864800325_37.5132486544900985|126.9319314618299188_37.5132681113596362
2026-09-04T06:42:24.849833+09:00,노량진,노량진,POI063,KEY_3,1190005902,노량진로,1190020501,노량진전화국,126.9368725067964618_37.5133974948874851,1190021004,노량진삼거리,126.9401168906885289_37.5135974767245486,288.0,21.0,서행,126.9401168906885289_37.5135974767245486|126.9384099054870916_37.5134922704434572|126.9376728241927026_37.5134468343409324|126.9372728687352492_37.5134221778299022|126.9368725067964618_37.5133974948874851
2026-09-04T06:42:24.849833+09:00,노량진,노량진,POI063,KEY_3,1190006002,노량진로,1190156700,노량진동 40-12,126.9372833421547142_37.5133143799160251,1190020502,노량진전화국,126.9367832042905064_37.5132835455482123,44.0,42.5,원활,126.9367832042905064_37.5132835455482123|126.9372833421547142_37.5133143799160251
2026-09-04T06:42:24.849833+09:00,노량진,노량진,POI063,KEY_3,1190006300,노량진로,1190021001,노량진삼거리,126.9402528271981794_37.5136058036791340,1190002604,노량진동 149-1,126.9442005819552293_37.5138496342654904,350.0,23.5,서행,126.9442005819552293_37.5138496342654904|126.9436735713390760_37.5138165998370070|126.9425225287408949_37.5137444411450716|126.9422059483943457_37.5137245927783880|126.9419852419011647_37.5137111710165669|126.9414974384053210_37.5136815048798908|126.9413599099681420_37.5136731406162056|126.9402528271981794_37.5136058036791340
2026-09-04T06:42:24.849833+09:00,노량진,노량진,POI063,KEY_3,1190006402,노량진로,1190165400,노량진동 60-11,126.9413702431442630_37.5135653340007238,1190021002,노량진삼거리,126.9402631619478825_37.5134979974577192,98.0,18.3,서행,126.9402631619478825_37.5134979974577192|126.9413702431442630_37.5135653340007238
2026-09-04T06:42:24.849833+09:00,노량진,노량진,POI063,KEY_3,1190006503,노들로,1190002503,한강대교남단교차로,126.9559485654462350_37.5135692375558918,1190021402,노량진북고가차도(남측),126.9535701647488253_37.5144666186535645,234.0,28.5,원활,126.9535701647488253_37.5144666186535645|126.9538055503909391_37.5143453656792119|126.9550106567837133_37.5140170958698604|126.9551952040804679_37.5139503610819247|126.9553662466185671_37.5138687011783389|126.9559485654462350_37.5135692375558918
2026-09-04T06:42:24.849833+09:00,노량진,노량진,POI063,KEY_3,1190035600,매봉로,1190112400,본동 163-2,126.9520505492110658_37.5124639722260156,1190019403,노량진배수지앞교차로,126.9521271874186397_37.5126406813780520,21.0,24.5,서행,126.9521271874186397_37.5126406813780520|126.9520505492110658_37.5124639722260156
2026-09-04T06:42:24.849833+09:00,노량진,노량진,POI063,KEY_3,1190037400,등용로14길,1190147800,노량진동 261-16,126.9360131508652358_37.5128578520058724,1190020503,노량진전화국,126.9366130923878160_37.5132723793395044,71.0,25.0,원활,126.9366130923878160_37.5132723793395044|126.9365424170735963_37.5131804726463116|126.9360131508652358_37.5128578520058724
2026-09-04T06:42:24.849833+09:00,노량진,노량진,POI063,KEY_3,1190038200,노량진로,1190002203,상도터널입구삼거리,126.9541890386700089_37.5126031402648223,1190019402,노량진배수지앞교차로,126.9522694244192564_37.5126375342248082,170.0,10.3,정체,126.9522694244192564_37.5126375342248082|126.9540738186661173_37.5125928966997364|126.9541890386700089_37.5126031402648223
2026-09-04T06:42:24.849833+09:00,노량진,노량진,POI063,KEY_3,1190038300,노량진로,1190019401,노량진배수지앞교차로,126.9522873805224066_37.5127452624808910,1190002204,상도터널입구삼거리,126.9542714927660967_37.5127192624925598,176.0,42.0,원활,126.9542714927660967_37.5127192624925598|126.9540683705858299_37.5127012042861523|126.9522873805224066_37.5127452624808910
2026-09-04T06:42:24.849833+09:00,노량진,노량진,POI063,KEY_3,1190040700,노량진로17길,1190023001,여의상류IC,126.9431116863680842_37.5161708855538407,1190020701,수산시장입구교차로,126.9468214378170643_37.5134801972138732,493.0,26.0,원활,126.9468214378170643_37.5134801972138732|126.9466448548326269_37.5141699643926856|126.9465643597165752_37.5142980228204763|126.9464218282206502_37.5144168285898871|126.9462405404805025_37.5144778270687311|126.9460835780338783_37.5144777555249433|126.9453210615172054_37.5143777449688898|126.9452338575720916_37.5143850162141206|126.9451348889409985_37.5144401324414005|126.9434906876151103_37.5159004906293632|126.9432089104320056_37.5161015222505938|126.9431116863680842_37.5161708855538407
2026-09-04T06:42:24.849833+09:00,노량진,노량진,POI063,KEY_3,1190040900,노들로,1190021800,본동 258-49,126.9522431443229635_37.5148369634925771,1190021701,강변유원아파트앞교차로,126.9519265942660269_37.5144356577308216,60.0,20.0,서행,126.9519265942660269_37.5144356577308216|126.9519056314746734_37.5145429569509261|126.9519136872829819_37.5146399127459347|126.9519623531568016_37.5147094143572275|126.9520672177055758_37.5147752779884840|126.9521798364511511_37.5148124882405014|126.9522431443229635_37.5148369634925771
2026-09-04T06:42:24.849833+09:00,덕수궁길·정동길,덕수궁길·정동길,POI064,KEY_4,1000003501,통일로,1010027003,서대문역사거리,126.9665598949685972_37.5658773201177496,1120008500,서대문역,126.9660434778780029_37.5662892627082314,65.0,9.0,정체,126.9660434778780029_37.5662892627082314|126.9660644805756817_37.5662660599925218|126.9662705451212759_37.5660693694562298|126.9664350799789361_37.5659422317544767|126.9665598949685972_37.5658773201177496
2026-09-04T06:42:24.849833+09:00,덕수궁길·정동길,덕수궁길·정동길,POI064,KEY_4,1000003601,통일로,1120008600,서대문역,126.9661536779906470_37.5663524685838368,1010027004,서대문역사거리,126.9666386902470094_37.5659654915417676,61.0,35.0,원활,126.9666386902470094_37.5659654915417676|126.9665203108583569_37.5660270558958160|126.9663702817105673_37.5661429858535953|126.9661718721607571_37.5663323698760294|126.9661536779906470_37.5663524685838368
2026-09-04T06:42:24.849833+09:00,덕수궁길·정동길,덕수궁길·정동길,POI064,KEY_4,1000006401,송월길,1000006901,강북삼성병원뒤,126.9678155847015262_37.5692462622143637,1010032809,정동사거리,126.9691333679310219_37.5683815810654309,163.0,27.0,원활,126.9691333679310219_37.5683815810654309|126.9688551437995585_37.5683808671272601|126.9687865289426298_37.5683825554918585|126.9687053439467377_37.5683979184998549|126.9686414665824401_37.5684337846019289|126.9685779416765854_37.5684927369736954|126.9685223607223037_37.5685604321071480|126.9682968100973284_37.5688351412147554|126.9681174074262486_37.5690536427198865|126.9679795032923550_37.5691778229461093|126.9678501620556546_37.5692356875673852|126.9678155847015262_37.5692462622143637
2026-09-04T06:42:24.849833+09:00,덕수궁길·정동길,덕수궁길·정동길,POI064,KEY_4,1000022100,새문안로,1120008600,서대문역,126.9661536779906470_37.5663524685838368,1010028700,서대문역4번출구,126.9670324901914711_37.5663666430491148,80.0,32.0,원활,126.9670324901914711_37.5663666430491148|126.9668820265256244_37.5663086732054694|126.9667454719701425_37.5662886101858149|126.9666125029624908_37.5662871418756055|126.9664364041787792_37.5662956739300782|126.9661536779906470_37.5663524685838368
2026-09-04T06:42:24.849833+09:00,덕수궁길·정동길,덕수궁길·정동길,POI064,KEY_4,1000022401,새문안로,1010032804,서울역사박물관,126.9707197881594425_37.5693628093792142,1010032806,정동사거리,126.9692709523976930_37.5683376169548211,171.0,44.0,원활,126.9692709523976930_37.5683376169548211|126.9694171583184641_37.5684519908853858|126.9701987888334713_37.5690024896529167|126.9705789078106477_37.5692702008800268|126.9707197881594425_37.5693628093792142
2026-09-04T06:42:24.849833+09:00,덕수궁길·정동길,덕수궁길·정동길,POI064,KEY_4,1010000101,새문안로,1010027004,서대문역사거리,126.9666386902470094_37.5659654915417676,1010028700,서대문역4번출구,126.9670324901914711_37.5663666430491148,57.0,17.3,서행,126.9670324901914711_37.5663666430491148|126.9668835823451474_37.5662204039694956|126.9666386902470094_37.5659654915417676
2026-09-04T06:42:24.849833+09:00,덕수궁길·정동길,덕수궁길·정동길,POI064,KEY_4,1010000102,새문안로,1010028700,서대문역4번출구,126.9670324901914711_37.5663666430491148,1010029003,서울적십자병원,126.9671546864980343_37.5664866489618561,17.0,15.0,서행,126.9671546864980343_37.5664866489618561|126.9670324901914711_37.5663666430491148
2026-09-04T06:42:24.849833+09:00,덕수궁길·정동길,덕수궁길·정동길,POI064,KEY_4,1010000103,새문안로,1010029004,서울적십자병원,126.9672365893395067_37.5665683518858913,1010031502,서대문고가차도(북측),126.9682797509603347_37.5675570741512246,144.0,24.0,서행,126.9682797509603347_37.5675570741512246|126.9680594800643263_37.5674181616993508|126.9672365893395067_37.5665683518858913
2026-09-04T06:42:24.849833+09:00,덕수궁길·정동길,덕수궁길·정동길,POI064,KEY_4,1010000104,새문안로,1000130100,평동 140,126.9686758248646044_37.5679534765213603,1010032808,정동사거리,126.9690069713246316_37.5682731367375595,46.0,18.0,서행,126.9690069713246316_37.5682731367375595|126.9689149176519578_37.5681927649009353|126.9686758248646044_37.5679534765213603
2026-09-04T06:42:24.849833+09:00,덕수궁길·정동길,덕수궁길·정동길,POI064,KEY_4,1010000201,새문안로,1010028401,서대문역5번출구,126.9672435278120872_37.5662304820158113,1010027001,서대문역사거리,126.9668575711302481_37.5658373549132563,55.0,28.0,원활,126.9668575711302481_37.5658373549132563|126.9670970399012475_37.5660866188988862|126.9672435278120872_37.5662304820158113
2026-09-04T06:42:24.849833+09:00,덕수궁길·정동길,덕수궁길·정동길,POI064,KEY_4,1010000202,새문안로,1010029002,서울적십자병원,126.9673657254923569_37.5663504889476059,1010028401,서대문역5번출구,126.9672435278120872_37.5662304820158113,17.0,29.0,원활,126.9672435278120872_37.5662304820158113|126.9673657254923569_37.5663504889476059
2026-09-04T06:42:24.849833+09:00,덕수궁길·정동길,덕수궁길·정동길,POI064,KEY_4,1010000203,새문안로,1010031501,서대문고가차도(북측),126.9683866953238578_37.5674904209052158,1010029001,서울적십자병원,126.9674517491191921_37.5664363425452308,144.0,24.0,서행,126.9674517491191921_37.5664363425452308|126.9682746406970750_37.5672861516802570|126.9683866953238578_37.5674904209052158
2026-09-04T06:42:24.849833+09:00,덕수궁길·정동길,덕수궁길·정동길,POI064,KEY_4,1010000204,새문안로,1010032807,정동사거리,126.9691736826791697_37.5682582105465954,1010031501,서대문고가차도(북측),126.9683866953238578_37.5674904209052158,110.0,14.0,정체,126.9683866953238578_37.5674904209052158|126.9687821295761694_37.5678861768572077|126.9690183776100270_37.5681226144453078|126.9691736826791697_37.5682582105465954
2026-09-04T06:42:24.849833+09:00,덕수궁길·정동길,덕수궁길·정동길,POI064,KEY_4,1010007305,서소문로,1010060500,서소문동 42-3,126.9748814331857290_37.5634753132613639,1010021604,시청앞광장,126.9768728564433928_37.5640783561644085,191.0,18.0,서행,126.9768728564433928_37.5640783561644085|126.9766787939362445_37.5640859652900971|126.9765523317762188_37.5640754535460886|126.9763400428201123_37.5640251139761148|126.9749917778751325_37.5635158830683409|126.9748814331857290_37.5634753132613639
2026-09-04T06:42:24.849833+09:00,덕수궁길·정동길,덕수궁길·정동길,POI064,KEY_4,1010007405,서소문로,1010021603,시청앞광장,126.9768324946201261_37.5639716881909536,1010020202,중앙일보사,126.9742502538365869_37.5631241528421853,249.0,13.0,정체,126.9742502538365869_37.5631241528421853|126.9749383845103381_37.5633771573157134|126.9750493665217306_37.5634179614493959|126.9763888286545210_37.5639238670732283|126.9765790012718583_37.5639689628774178|126.9766825277856697_37.5639775680622137|126.9768324946201261_37.5639716881909536
2026-09-04T06:42:24.849833+09:00,덕수궁길·정동길,덕수궁길·정동길,POI064,KEY_4,1010008906,통일로,1010025300,서대문역,126.9671252866849898_37.5653671985533322,1010027002,서대문역사거리,126.9667788262273973_37.5657489148118202,53.0,32.7,원활,126.9667788262273973_37.5657489148118202|126.9668162462572951_37.5657244020835108|126.9669569622694496_37.5655921194699403|126.9671252866849898_37.5653671985533322
2026-09-04T06:42:24.849833+09:00,덕수궁길·정동길,덕수궁길·정동길,POI064,KEY_4,1010009006,통일로,1010027001,서대문역사거리,126.9668575711302481_37.5658373549132563,1010025800,서대문역,126.9672419766317830_37.5654225323261173,58.0,12.0,정체,126.9672419766317830_37.5654225323261173|126.9670678922722402_37.5656551508116365|126.9669120004380005_37.5658017001798896|126.9668575711302481_37.5658373549132563
2026-09-04T06:42:24.849833+09:00,덕수궁길·정동길,덕수궁길·정동길,POI064,KEY_4,1010009902,세종대로,1010021604,시청앞광장,126.9768728564433928_37.5640783561644085,1010024204,시청앞교차로,126.9770880989032236_37.5648197786229900,85.0,31.0,원활,126.9770880989032236_37.5648197786229900|126.9770591791834136_37.5646629693451288|126.9770001947957212_37.5644354373990907|126.9769219936512883_37.5642088549141349|126.9768728564433928_37.5640783561644085
2026-09-04T06:42:24.849833+09:00,덕수궁길·정동길,덕수궁길·정동길,POI064,KEY_4,1010010000,세종대로,1010024203,시청앞교차로,126.9772135411598413_37.5647555843739269,1010021601,시청앞광장,126.9770081698073909_37.5640611462049279,79.0,37.0,원활,126.9770081698073909_37.5640611462049279|126.9770525488461743_37.5641790078298783|126.9771323290460572_37.5644101639924273|126.9771929938028450_37.5646441761629077|126.9772135411598413_37.5647555843739269
2026-09-04T06:42:24.849833+09:00,덕수궁길·정동길,덕수궁길·정동길,POI064,KEY_4,1010011000,덕수궁길,1010003702,국립현대미술관(덕수궁),126.9734800713954428_37.5653099277390794,1010024205,시청앞교차로,126.9771111379704962_37.5649683842586413,350.0,21.5,서행,126.9771111379704962_37.5649683842586413|126.9769955437966189_37.5648997036250520|126.9769191129801698_37.5648841239987448|126.9762643259252286_37.5649661911538288|126.9761744747147532_37.5649770829893868|126.9759779520215517_37.5650009053778362|126.9758689949813260_37.5650050124235619|126.9752013280298399_37.5649548066137768|126.9751376722967393_37.5649475156969572|126.9743014077374426_37.5648517294047579|126.9740978380537513_37.5648406360021241|126.9740518977143893_37.5648432379020889|126.9740231183313881_37.5648571744892976|126.9736843653272729_37.5652451675209207|126.9735504744861458_37.5653043393530339|126.9734800713954428_37.5653099277390794
2026-09-04T06:42:24.849833+09:00,덕수궁길·정동길,덕수궁길·정동길,POI064,KEY_4,1010011100,소공로,1010024703,시청앞광장,126.9784672029423973_37.5649273269454653,1010024202,시청앞교차로,126.9772712943529740_37.5649019993645936,106.0,13.0,정체,126.9772712943529740_37.5649019993645936|126.9774098801302102_37.5649281244663342|126.9776269810423628_37.5649428736685351|126.9783249021099323_37.5649392241840445|126.9784672029423973_37.5649273269454653
2026-09-04T06:42:24.849833+09:00,덕수궁길·정동길,덕수궁길·정동길,POI064,KEY_4,1010011200,소공로,1010024201,시청앞교차로,126.9772516593585294_37.5650094083765893,1010024704,시청앞광장,126.9784659259494219_37.5650361481380060,108.0,29.0,원활,126.9784659259494219_37.5650361481380060|126.9783324600417700_37.5650473063687187|126.9776216401868254_37.5650510228301613|126.9773883375840597_37.5650351731031407|126.9772516593585294_37.5650094083765893
2026-09-04T06:42:24.849833+09:00,덕수궁길·정동길,덕수궁길·정동길,POI064,KEY_4,1010013800,세종대로,1010004902,강원도민일보(서울본부),126.9771979915670101_37.5670009920858590,1010024201,시청앞교차로,126.9772516593585294_37.5650094083765893,221.0,40.5,원활,126.9772516593585294_37.5650094083765893|126.9772632229602749_37.5651213527824481|126.9772704963173453_37.5652669803863901|126.9772680209366058_37.5654083777349115|126.9772559424266944_37.5656434912380419|126.9771979915670101_37.5670009920858590
2026-09-04T06:42:24.849833+09:00,덕수궁길·정동길,덕수궁길·정동길,POI064,KEY_4,1010015100,정동길,1010153400,정동 23-20,126.9696811503261245_37.5676424275946701,1010032807,정동사거리,126.9691736826791697_37.5682582105465954,84.0,21.0,서행,126.9691736826791697_37.5682582105465954|126.9693289724986869_37.5681827433020032|126.9694353904340431_37.5680832784538410|126.9695596803049256_37.5678603245802520|126.9696811503261245_37.5676424275946701
2026-09-04T06:42:24.849833+09:00,덕수궁길·정동길,덕수궁길·정동길,POI064,KEY_4,1120001005,충정로,1010027002,서대문역사거리,126.9667788262273973_37.5657489148118202,1120008100,서대문역8번출구,126.9663601701517166_37.5652501751878560,67.0,9.0,정체,126.9663601701517166_37.5652501751878560|126.9667788262273973_37.5657489148118202
2026-09-04T06:42:24.849833+09:00,덕수궁길·정동길,덕수궁길·정동길,POI064,KEY_4,1010015200,정동길,1010053500,정동 6-1,126.9726302734250396_37.5657818964494226,1010003701,국립현대미술관(덕수궁),126.9734172515147748_37.5653215661761095,86.0,22.0,서행,126.9734172515147748_37.5653215661761095|126.9731819807769568_37.5654408147970216|126.9726302734250396_37.5657818964494226
2026-09-04T06:42:24.849833+09:00,덕수궁길·정동길,덕수궁길·정동길,POI064,KEY_4,1010017701,덕수궁길,1010003708,국립현대미술관(덕수궁),126.9733973038882908_37.5653215550209438,1010034405,덕수초교앞,126.9742636314177417_37.5692915440127635,470.0,18.0,서행,126.9742636314177417_37.5692915440127635|126.9742609154399133_37.5692318560367440|126.9741806606774475_37.5688123115606558|126.9741708329106444_37.5687509002550755|126.9741496491990489_37.5687070234402825|126.9733330667186380_37.5677499979341434|126.9732604662010260_37.5676432387449850|126.9732135563309470_37.5675636296405173|126.9732109235822293_37.5675447199477688|126.9732028295893542_37.5674865848597861|126.9732067525657442_37.5673829793437548|126.9732946020034490_37.5669917355047289|126.9734162527930152_37.5666474960378096|126.9734297415941171_37.5665457649226155|126.9734351774182528_37.5662640535461065|126.9734319058327827_37.5653823750330673|126.9734292579386477_37.5653516838069237|126.9734209124859774_37.5653359703583263|126.9733973038882908_37.5653215550209438
2026-09-04T06:42:24.849833+09:00,덕수궁길·정동길,덕수궁길·정동길,POI064,KEY_4,1010017801,덕수궁길,1010142200,정동 1-36,126.9733459274212635_37.5675328106811506,1010003703,국립현대미술관(덕수궁),126.9735218655151243_37.5652613466895460,255.0,16.0,서행,126.9735218655151243_37.5652613466895460|126.9735320491287638_37.5652675646712737|126.9735632083507113_37.5653262373116092|126.9735677185460503_37.5653785069074999|126.9735710082390199_37.5662647237383496|126.9735654610655899_37.5665522825597762|126.9735501225163148_37.5666679552866043|126.9734271477770164_37.5670159427351393|126.9733422194510410_37.5673941796546416|126.9733388862719750_37.5674822368240626|126.9733459274212635_37.5675328106811506
2026-09-04T06:42:24.849833+09:00,덕수궁길·정동길,덕수궁길·정동길,POI064,KEY_4,1010018100,세종대로,1010024205,시청앞교차로,126.9771111379704962_37.5649683842586413,1010036201,청계광장,126.9769724776174371_37.5689758850454254,445.0,26.0,원활,126.9769724776174371_37.5689758850454254|126.9770357842986499_37.5675064469025131|126.9770571241010231_37.5671045176161513|126.9770622406749681_37.5669973200828053|126.9771202099424414_37.5656394465692429|126.9771322330851717_37.5654054151655075|126.9771346338183520_37.5652683750225975|126.9771276194723697_37.5651279335943542|126.9771111379704962_37.5649683842586413
2026-09-04T06:42:24.849833+09:00,덕수궁길·정동길,덕수궁길·정동길,POI064,KEY_4,1010037700,서소문로11길,1010119100,정동 34-31,126.9727951808603876_37.5647038792147114,1010003707,국립현대미술관(덕수궁),126.9733026963352955_37.5652751287957045,97.0,13.0,정체,126.9733026963352955_37.5652751287957045|126.9731147506106339_37.5651909181462429|126.9727976869032062_37.5651133337218468|126.9727288163474412_37.5650455719333536|126.9727288478402016_37.5649591817261097|126.9727803611883274_37.5647836723506359|126.9727951808603876_37.5647038792147114
2026-09-04T06:42:24.849833+09:00,덕수궁길·정동길,덕수궁길·정동길,POI064,KEY_4,1010039000,소공로,1010024202,시청앞교차로,126.9772712943529740_37.5649019993645936,1010023104,서울프라자호텔,126.9780385528240316_37.5645364866542977,82.0,4.0,정체,126.9780385528240316_37.5645364866542977|126.9776055199770184_37.5646501981039478|126.9774312688185773_37.5647230654274864|126.9773645076050741_37.5647713550531037|126.9773054583435652_37.5648401473905977|126.9772712943529740_37.5649019993645936
2026-09-04T06:42:24.849833+09:00,덕수궁길·정동길,덕수궁길·정동길,POI064,KEY_4,1010040700,새문안로,1010028401,서대문역5번출구,126.9672435278120872_37.5662304820158113,1010025800,서대문역,126.9672419766317830_37.5654225323261173,92.0,22.0,서행,126.9672419766317830_37.5654225323261173|126.9671627047004989_37.5655962214450838|126.9671530773462109_37.5656982484603077|126.9671501998966363_37.5657656962227051|126.9671429571134951_37.5658915642520341|126.9671696483151493_37.5660384205100399|126.9672435278120872_37.5662304820158113
2026-09-04T06:42:24.849833+09:00,덕수궁길·정동길,덕수궁길·정동길,POI064,KEY_4,1010041200,통일로4길,1010026704,농협중앙회중앙본부,126.9680009751863565_37.5657474827716342,1010029002,서울적십자병원,126.9673657254923569_37.5663504889476059,87.0,25.0,원활,126.9673657254923569_37.5663504889476059|126.9674678905687699_37.5662580433505866|126.9678098962985331_37.5659327261802858|126.9680009751863565_37.5657474827716342
2026-09-04T06:42:24.849833+09:00,덕수궁길·정동길,덕수궁길·정동길,POI064,KEY_4,1010041300,통일로4길,1010029001,서울적십자병원,126.9674517491191921_37.5664363425452308,1010026701,농협중앙회중앙본부,126.9681059501351683_37.5658160932863012,90.0,32.0,원활,126.9681059501351683_37.5658160932863012|126.9679144693849793_37.5660017267912281|126.9675709803964594_37.5663284539118862|126.9674517491191921_37.5664363425452308
2026-09-04T06:42:24.849833+09:00,덕수궁길·정동길,덕수궁길·정동길,POI064,KEY_4,1120000904,충정로,1120007504,경기대입구교차로,126.9654358551941868_37.5643701192781236,1120008200,서대문역1번출구,126.9661345078370260_37.5653705612373798,128.0,35.0,원활,126.9661345078370260_37.5653705612373798|126.9658063010760287_37.5649795640658724|126.9654882556718718_37.5645480455164105|126.9654358551941868_37.5643701192781236
2026-09-04T06:42:24.849833+09:00,덕수궁길·정동길,덕수궁길·정동길,POI064,KEY_4,1120000905,충정로,1120008200,서대문역1번출구,126.9661345078370260_37.5653705612373798,1010027003,서대문역사거리,126.9665598949685972_37.5658773201177496,68.0,35.0,원활,126.9665598949685972_37.5658773201177496|126.9661345078370260_37.5653705612373798
2026-09-04T06:42:24.849833+09:00,덕수궁길·정동길,덕수궁길·정동길,POI064,KEY_4,1120001004,충정로,1120008100,서대문역8번출구,126.9663601701517166_37.5652501751878560,1120007501,경기대입구교차로,126.9655530068436775_37.5643154067983005,127.0,8.7,정체,126.9655530068436775_37.5643154067983005|126.9657225563985463_37.5644386212690051|126.9660365816878453_37.5648646850507362|126.9663601701517166_37.5652501751878560
2026-09-04T06:42:24.849833+09:00,덕수궁길·정동길,덕수궁길·정동길,POI064,KEY_4,1120018600,새문안로,1010031501,서대문고가차도(북측),126.9683866953238578_37.5674904209052158,1120007501,경기대입구교차로,126.9655530068436775_37.5643154067983005,433.0,9.0,정체,126.9655530068436775_37.5643154067983005|126.9659790116012346_37.5648934048468846|126.9667666082858375_37.5658316625100710|126.9670436755838097_37.5661200652030587|126.9673713851940988_37.5664419018809852|126.9683866953238578_37.5674904209052158
2026-09-04T06:42:24.849833+09:00,덕수궁길·정동길,덕수궁길·정동길,POI064,KEY_4,1120019100,충정로,1010025300,서대문역,126.9671252866849898_37.5653671985533322,1120008100,서대문역8번출구,126.9663601701517166_37.5652501751878560,74.0,24.0,서행,126.9663601701517166_37.5652501751878560|126.9665194783773217_37.5653631197886000|126.9666434455435962_37.5653989136113822|126.9667584409983760_37.5654103886958168|126.9668764802246983_37.5654216401742502|126.9669962758516419_37.5654130917357776|126.9671252866849898_37.5653671985533322
2026-09-04T06:42:24.849833+09:00,덕수궁길·정동길,덕수궁길·정동길,POI064,KEY_4,1120019400,충정로,1120008200,서대문역1번출구,126.9661345078370260_37.5653705612373798,1120008500,서대문역,126.9660434778780029_37.5662892627082314,109.0,19.0,서행,126.9660434778780029_37.5662892627082314|126.9662204775012100_37.5660705723871402|126.9662588552284035_37.5659733199437156|126.9662708684429191_37.5658970396490446|126.9662804865533872_37.5658207577671277|126.9662829231651244_37.5657311237744906|126.9662372680301416_37.5655890326611370|126.9661345078370260_37.5653705612373798
2026-09-04T06:42:24.849833+09:00,북창동 먹자골목,북창동 먹자골목,POI114,KEY_1,1010002402,소월로,1010013802,숭례문앞교차로,126.9757600351255320_37.5605071695408910,1010011100,숭례문,126.9758644071737450_37.5590694809368770,164.0,21.0,서행,126.9758644071737450_37.5590694809368770|126.9758414948468044_37.5591969276911115|126.9758551619603253_37.5593278985156402|126.9759327469906509_37.5599943665054212|126.9759344158917429_37.5602035603088922|126.9758567349293656_37.5604019178341417|126.9757600351255320_37.5605071695408910
2026-09-04T06:42:24.849833+09:00,북창동 먹자골목,북창동 먹자골목,POI114,KEY_1,1010004903,소공로,1010016100,신세계백화점(본점),126.9816686271532404_37.5609097208093701,1010017902,한국은행앞교차로,126.9812102323787997_37.5618212267858951,109.0,21.0,서행,126.9812102323787997_37.5618212267858951|126.9814215875591117_37.5613304278622451|126.9815191090982296_37.5611692719051433|126.9815779997364160_37.5610682604307513|126.9816686271532404_37.5609097208093701
2026-09-04T06:42:24.849833+09:00,북창동 먹자골목,북창동 먹자골목,POI114,KEY_1,1010005003,소공로,1010017901,한국은행앞교차로,126.9813201261830500_37.5618994475613093,1010016901,한국은행앞,126.9816414699309064_37.5612161949658940,81.0,15.0,서행,126.9816414699309064_37.5612161949658940|126.9815474496638501_37.5613715645860893|126.9813201261830500_37.5618994475613093
2026-09-04T06:42:24.849833+09:00,북창동 먹자골목,북창동 먹자골목,POI114,KEY_1,1010005101,남대문로,1010013801,숭례문앞교차로,126.9756943412395600_37.5606249038699929,1010015000,숭례문,126.9764459331227329_37.5606350021971664,67.0,25.0,원활,126.9764459331227329_37.5606350021971664|126.9761770959942169_37.5605854916413975|126.9759176766868478_37.5605967861663927|126.9756943412395600_37.5606249038699929
2026-09-04T06:42:24.849833+09:00,북창동 먹자골목,북창동 먹자골목,POI114,KEY_1,1010005102,남대문로,1010123700,남대문로3가 110-4,126.9802395481067094_37.5615376279630198,1010017903,한국은행앞교차로,126.9811556456876929_37.5619216279188848,92.0,20.0,서행,126.9811556456876929_37.5619216279188848|126.9809804652948202_37.5618338688153770|126.9804945418923836_37.5616270684645031|126.9802395481067094_37.5615376279630198
2026-09-04T06:42:24.849833+09:00,북창동 먹자골목,북창동 먹자골목,POI114,KEY_1,1010005201,남대문로,1010014800,숭례문,126.9764883666133954_37.5605318420117769,1010013802,숭례문앞교차로,126.9757600351255320_37.5605071695408910,65.0,27.0,원활,126.9757600351255320_37.5605071695408910|126.9759033237710781_37.5604891294319145|126.9761889274862341_37.5604766950548168|126.9764883666133954_37.5605318420117769
2026-09-04T06:42:24.849833+09:00,북창동 먹자골목,북창동 먹자골목,POI114,KEY_1,1010005202,남대문로,1010105800,남대문로4가 24-1,126.9773600444245005_37.5608297698874694,1010014800,숭례문,126.9764883666133954_37.5605318420117769,84.0,23.5,서행,126.9764883666133954_37.5605318420117769|126.9773600444245005_37.5608297698874694
2026-09-04T06:42:24.849833+09:00,북창동 먹자골목,북창동 먹자골목,POI114,KEY_1,1010007100,남대문로,1010017904,한국은행앞교차로,126.9812429466621211_37.5620183676301806,1010021108,호텔이비스명동,126.9820519451972700_37.5636664770067483,197.0,13.0,정체,126.9820519451972700_37.5636664770067483|126.9819793117574847_37.5634775660291922|126.9817625196920829_37.5629137095619114|126.9816744970428033_37.5627384358941327|126.9813726104749207_37.5622249080098740|126.9812429466621211_37.5620183676301806
2026-09-04T06:42:24.849833+09:00,북창동 먹자골목,북창동 먹자골목,POI114,KEY_1,1010007200,남대문로,1010090400,남대문로2가 17-2,126.9821091872959755_37.5634459234669080,1010017901,한국은행앞교차로,126.9813201261830500_37.5618994475613093,186.0,36.5,원활,126.9813201261830500_37.5618994475613093|126.9814948864511877_37.5621778204330639|126.9817991665262582_37.5626954199811465|126.9818907371757462_37.5628777579140802|126.9821091872959755_37.5634459234669080
2026-09-04T06:42:24.849833+09:00,북창동 먹자골목,북창동 먹자골목,POI114,KEY_1,1010007500,소공로,1010017903,한국은행앞교차로,126.9811556456876929_37.5619216279188848,1010021703,소공로지하상가,126.9793735854893129_37.5639048297059688,271.0,22.5,서행,126.9793735854893129_37.5639048297059688|126.9799260872659801_37.5633234478845921|126.9804607657373765_37.5627352047527836|126.9809958432867205_37.5621465108158432|126.9811556456876929_37.5619216279188848
2026-09-04T06:42:24.849833+09:00,북창동 먹자골목,북창동 먹자골목,POI114,KEY_1,1010007600,소공로,1010125600,소공동 44-2,126.9805708038916379_37.5627985840057121,1010017904,한국은행앞교차로,126.9812429466621211_37.5620183676301806,105.0,25.5,원활,126.9812429466621211_37.5620183676301806|126.9811103260703646_37.5622049984614250|126.9805708038916379_37.5627985840057121
2026-09-04T06:42:24.849833+09:00,북창동 먹자골목,북창동 먹자골목,POI114,KEY_1,1010008401,세종대로18길,1010021203,우성빌딩,126.9777193951018148_37.5638099385310227,1010021602,시청앞광장,126.9769689889781006_37.5639574810137518,68.0,25.0,원활,126.9769689889781006_37.5639574810137518|126.9777193951018148_37.5638099385310227
2026-09-04T06:42:24.849833+09:00,북창동 먹자골목,북창동 먹자골목,POI114,KEY_1,1010008402,세종대로18길,1010073800,소공동 87-15,126.9784945856248157_37.5638009334543241,1010021202,우성빌딩,126.9778443694909242_37.5637825313256783,58.0,12.0,정체,126.9778443694909242_37.5637825313256783|126.9779245419285019_37.5637634021338656|126.9780550037610567_37.5637507097928918|126.9781651142375978_37.5637590779395225|126.9784945856248157_37.5638009334543241
2026-09-04T06:42:24.849833+09:00,북창동 먹자골목,북창동 먹자골목,POI114,KEY_1,1010009100,남대문로7길,1010021108,호텔이비스명동,126.9820519451972700_37.5636664770067483,1010021702,소공로지하상가,126.9795475428450970_37.5639009918525275,227.0,11.0,정체,126.9795475428450970_37.5639009918525275|126.9796803370022360_37.5638948862261515|126.9806310216740002_37.5639896452279629|126.9820519451972700_37.5636664770067483
2026-09-04T06:42:24.849833+09:00,북창동 먹자골목,북창동 먹자골목,POI114,KEY_1,1010009200,남대문로7길,1010021701,소공로지하상가,126.9794402894512473_37.5640142229526717,1010021109,호텔이비스명동,126.9820873216543333_37.5637708767384169,240.0,19.5,서행,126.9820873216543333_37.5637708767384169|126.9806416666700954_37.5640996703370931|126.9796757766825266_37.5640033960331934|126.9794402894512473_37.5640142229526717
2026-09-04T06:42:24.849833+09:00,북창동 먹자골목,북창동 먹자골목,POI114,KEY_1,1010009501,소공로,1010021704,소공로지하상가,126.9792789797845671_37.5640057968385435,1010023303,조선호텔,126.9788152991022230_37.5645029149171776,69.0,19.0,서행,126.9788152991022230_37.5645029149171776|126.9792789797845671_37.5640057968385435
2026-09-04T06:42:24.849833+09:00,북창동 먹자골목,북창동 먹자골목,POI114,KEY_1,1010009601,소공로,1010023302,조선호텔,126.9789243502561220_37.5645673683433330,1010021701,소공로지하상가,126.9794402894512473_37.5640142229526717,76.0,21.0,서행,126.9794402894512473_37.5640142229526717|126.9789243502561220_37.5645673683433330
2026-09-04T06:42:24.849833+09:00,북창동 먹자골목,북창동 먹자골목,POI114,KEY_1,1010026800,남대문로,1010014800,숭례문,126.9764883666133954_37.5605318420117769,1010011100,숭례문,126.9758644071737450_37.5590694809368770,185.0,29.0,원활,126.9758644071737450_37.5590694809368770|126.9758795592592975_37.5591125336731508|126.9758641531054906_37.5591939851637946|126.9759578405099205_37.5599862959824407|126.9759704486266543_37.5601312860724406|126.9760507361714588_37.5602633560949499|126.9761537145355277_37.5603739896225477|126.9763022172343057_37.5604655608040190|126.9764279735615418_37.5605091608890334|126.9764883666133954_37.5605318420117769
2026-09-04T06:42:24.849833+09:00,북창동 먹자골목,북창동 먹자골목,POI114,KEY_1,1010028800,남대문로,1010015700,숭례문,126.9758216757282128_37.5609807560682611,1010015000,숭례문,126.9764459331227329_37.5606350021971664,84.0,14.0,정체,126.9764459331227329_37.5606350021971664|126.9763771801474945_37.5606275849701134|126.9762640154305728_37.5606077628684645|126.9761188999622306_37.5606156137238472|126.9760253099623242_37.5606453934247568|126.9759279729758958_37.5606841119779062|126.9758493363337521_37.5607734919220704|126.9758081301075663_37.5608688386806833|126.9758216757282128_37.5609807560682611
2026-09-04T06:42:24.849833+09:00,북창동 먹자골목,북창동 먹자골목,POI114,KEY_1,1010037000,남대문로1길,1010023102,서울프라자호텔,126.9781270908112134_37.5644147123986087,1010021201,우성빌딩,126.9778833665384354_37.5638860982800367,62.0,5.0,정체,126.9778833665384354_37.5638860982800367|126.9781270908112134_37.5644147123986087
2026-09-04T06:42:24.849833+09:00,북창동 먹자골목,북창동 먹자골목,POI114,KEY_1,1010037100,남대문로1길,1010021204,우성빌딩,126.9777519647640105_37.5639149035560536,1010023103,서울프라자호텔,126.9779917291016176_37.5644349310718795,61.0,12.0,정체,126.9779917291016176_37.5644349310718795|126.9777519647640105_37.5639149035560536
2026-09-04T06:42:24.849833+09:00,북촌한옥마을,북촌한옥마을,POI066,KEY_2,1000009102,우정국로,1000017300,안국동사거리,126.9828039229332575_37.5749851341707171,1000017904,안국동로터리,126.9829082928001753_37.5755454257557844,63.0,36.0,원활,126.9829082928001753_37.5755454257557844|126.9828499577781997_37.5754008805051001|126.9828163493672974_37.5752357359225755|126.9827996996409070_37.5750526973415191|126.9828039229332575_37.5749851341707171
2026-09-04T06:42:24.849833+09:00,북촌한옥마을,북촌한옥마을,POI066,KEY_2,1000010303,삼일대로,1000017003,속성변화점,126.9867672620100478_37.5750673701046694,1000021203,안국역사거리,126.9861392416785293_37.5767777393512361,198.0,22.0,서행,126.9861392416785293_37.5767777393512361|126.9867306429910911_37.5751700115634506|126.9867672620100478_37.5750673701046694
2026-09-04T06:42:24.849833+09:00,북촌한옥마을,북촌한옥마을,POI066,KEY_2,1000010403,삼일대로,1000021202,안국역사거리,126.9862597945630966_37.5768348176280966,1000017001,덕성여자대학교(종로캠퍼스),126.9868610139755560_37.5752003900895701,189.0,15.0,서행,126.9868610139755560_37.5752003900895701|126.9862597945630966_37.5768348176280966
2026-09-04T06:42:24.849833+09:00,북촌한옥마을,북촌한옥마을,POI066,KEY_2,1000010703,돈화문로,1000187700,와룡동 139-4,126.9901364571830698_37.5770373641859052,1000021403,창덕궁앞교차로,126.9900492095065232_37.5773787437811535,39.0,26.0,원활,126.9900492095065232_37.5773787437811535|126.9901364571830698_37.5770373641859052
2026-09-04T06:42:24.849833+09:00,북촌한옥마을,북촌한옥마을,POI066,KEY_2,1000011102,종로1길,1000018300,경복궁사거리,126.9791985772177298_37.5755559719213679,1000019703,경복궁사거리,126.9793107532419185_37.5757813746508091,27.0,27.0,원활,126.9793107532419185_37.5757813746508091|126.9791985772177298_37.5755559719213679
2026-09-04T06:42:24.849833+09:00,북촌한옥마을,북촌한옥마을,POI066,KEY_2,1000011202,종로1길,1000019702,경복궁사거리,126.9794701198467664_37.5758080047390521,1000018200,경복궁,126.9792457576218681_37.5753789068622197,52.0,6.0,정체,126.9792457576218681_37.5753789068622197|126.9793010192322811_37.5754682222458030|126.9794701198467664_37.5758080047390521
2026-09-04T06:42:24.849833+09:00,북촌한옥마을,북촌한옥마을,POI066,KEY_2,1000011501,율곡로,1000019401,경복궁,126.9801381644492011_37.5758813627365100,1000019702,경복궁사거리,126.9794701198467664_37.5758080047390521,60.0,45.0,원활,126.9794701198467664_37.5758080047390521|126.9797343426333214_37.5758559422202438|126.9799729505737531_37.5758791430045278|126.9801381644492011_37.5758813627365100
2026-09-04T06:42:24.849833+09:00,북촌한옥마을,북촌한옥마을,POI066,KEY_2,1000011502,율곡로,1000019203,주한멕시코대사관,126.9811804454430160_37.5757381628755169,1000019401,경복궁,126.9801381644492011_37.5758813627365100,94.0,37.0,원활,126.9801381644492011_37.5758813627365100|126.9801458468412108_37.5758814661415386|126.9803274747907409_37.5758700232846223|126.9811804454430160_37.5757381628755169
2026-09-04T06:42:24.849833+09:00,북촌한옥마을,북촌한옥마을,POI066,KEY_2,1000011503,율곡로,1000018100,안국동사거리,126.9820370732549009_37.5756052331219763,1000019202,주한멕시코대사관,126.9813332527749594_37.5757145141333595,63.0,26.0,원활,126.9813332527749594_37.5757145141333595|126.9820370732549009_37.5756052331219763
2026-09-04T06:42:24.849833+09:00,북촌한옥마을,북촌한옥마을,POI066,KEY_2,1000011504,율곡로,1000017904,안국동로터리,126.9829082928001753_37.5755454257557844,1000018100,안국동사거리,126.9820370732549009_37.5756052331219763,78.0,26.0,원활,126.9820370732549009_37.5756052331219763|126.9821849025842226_37.5755822792614822|126.9823949596761850_37.5755556593554090|126.9825949987016998_37.5755409919947070|126.9827732334880466_37.5755410181384661|126.9829082928001753_37.5755454257557844
2026-09-04T06:42:24.849833+09:00,북촌한옥마을,북촌한옥마을,POI066,KEY_2,1000011601,율곡로,1000019701,경복궁사거리,126.9795067975766756_37.5759255521593971,1000020300,경복궁,126.9801205068413168_37.5759892604625989,55.0,9.0,정체,126.9801205068413168_37.5759892604625989|126.9799635415281358_37.5759871517272330|126.9797109494754608_37.5759625907229378|126.9795067975766756_37.5759255521593971
2026-09-04T06:42:24.849833+09:00,북촌한옥마을,북촌한옥마을,POI066,KEY_2,1000011603,율곡로,1000020300,경복궁,126.9801205068413168_37.5759892604625989,1000017905,안국동로터리,126.9829348569925571_37.5756562270635044,252.0,13.0,정체,126.9829348569925571_37.5756562270635044|126.9829125468357773_37.5756537744281829|126.9827704373494015_37.5756491370767236|126.9826012303179823_37.5756491122595975|126.9824118889619911_37.5756629946566250|126.9822085957164859_37.5756887578650449|126.9820630846885052_37.5757113517092307|126.9813592631155075_37.5758206328940290|126.9812063475179400_37.5758442987123971|126.9803458434132892_37.5759773239770425|126.9801500700749699_37.5759896573698668|126.9801205068413168_37.5759892604625989
2026-09-04T06:42:24.849833+09:00,북촌한옥마을,북촌한옥마을,POI066,KEY_2,1000012102,사직로,1000020200,경복궁,126.9786283706113750_37.5757946408291801,1000019704,경복궁사거리,126.9793621536958312_37.5759001150550986,66.0,15.0,서행,126.9793621536958312_37.5759001150550986|126.9791440605087161_37.5758645700478056|126.9786283706113750_37.5757946408291801
2026-09-04T06:42:24.849833+09:00,북촌한옥마을,북촌한옥마을,POI066,KEY_2,1000012203,사직로,1000019703,경복궁사거리,126.9793107532419185_37.5757813746508091,1000019100,경복궁,126.9786480964121154_37.5756876675167888,59.0,15.0,서행,126.9786480964121154_37.5756876675167888|126.9791690991976765_37.5757582877498706|126.9793107532419185_37.5757813746508091
2026-09-04T06:42:24.849833+09:00,북촌한옥마을,북촌한옥마을,POI066,KEY_2,1000012702,율곡로,1000204600,안국역,126.9857294779033765_37.5767141333904462,1000021204,안국역사거리,126.9860941353497878_37.5768818686938246,37.0,24.0,서행,126.9860941353497878_37.5768818686938246|126.9857294779033765_37.5767141333904462
2026-09-04T06:42:24.849833+09:00,북촌한옥마을,북촌한옥마을,POI066,KEY_2,1000012800,율곡로,1000099700,관훈동 113,126.9843012547585914_37.5759322813818102,1000017902,안국동로터리,126.9831650747284471_37.5755740090362238,108.0,14.0,정체,126.9831650747284471_37.5755740090362238|126.9832157778299404_37.5755801309922148|126.9834207454955077_37.5756172367829961|126.9836820397707413_37.5756980185194678|126.9842468281761967_37.5759072448986657|126.9843012547585914_37.5759322813818102
2026-09-04T06:42:24.849833+09:00,북촌한옥마을,북촌한옥마을,POI066,KEY_2,1000013501,율곡로,1000054300,계동 149-3,126.9868657861829462_37.5772407179262302,1000021504,우즈베키스탄대사관,126.9891939676239474_37.5774507625066221,209.0,36.0,원활,126.9891939676239474_37.5774507625066221|126.9886716347625111_37.5774406495643092|126.9876528972208263_37.5774209190205184|126.9874748196535421_37.5774084674404421|126.9872839495136390_37.5773710909105532|126.9870718117635420_37.5773123392589739|126.9868657861829462_37.5772407179262302
2026-09-04T06:42:24.849833+09:00,북촌한옥마을,북촌한옥마을,POI066,KEY_2,1000013502,율곡로,1000021501,우즈베키스탄대사관,126.9893297531960883_37.5774544023044541,1000021404,창덕궁앞교차로,126.9900388640569702_37.5774865487865739,63.0,41.0,원활,126.9900388640569702_37.5774865487865739|126.9897463242174780_37.5774687657961053|126.9893297531960883_37.5774544023044541
2026-09-04T06:42:24.849833+09:00,북촌한옥마을,북촌한옥마을,POI066,KEY_2,1000013601,율곡로,1000115800,운니동 99,126.9886749388672058_37.5773325621108185,1000021202,안국역사거리,126.9862597945630966_37.5768348176280966,226.0,37.0,원활,126.9862597945630966_37.5768348176280966|126.9866987114048271_37.5770526790006230|126.9869129296675823_37.5771391236163410|126.9869201616997287_37.5771416376904028|126.9871213965557644_37.5772115927930628|126.9873225852521443_37.5772673122363585|126.9874971233893604_37.5773014911490293|126.9876605021504048_37.5773129149276315|126.9886749388672058_37.5773325621108185
2026-09-04T06:42:24.849833+09:00,북촌한옥마을,북촌한옥마을,POI066,KEY_2,1000013802,율곡로3길,1000187200,안국동 177-3,126.9825779024490799_37.5773003698629964,1000017901,안국동로터리,126.9830699625115358_37.5756718813989750,188.0,10.0,정체,126.9830699625115358_37.5756718813989750|126.9830564549576764_37.5759140717657090|126.9830330914684993_37.5760255151221827|126.9826494722971120_37.5768341676311906|126.9826150056688476_37.5769949197743074|126.9825779024490799_37.5773003698629964
2026-09-04T06:42:24.849833+09:00,북촌한옥마을,북촌한옥마을,POI066,KEY_2,1000013900,북촌로,1000116500,재동 63-1,126.9851879175372176_37.5787742277141632,1000021903,재동초등학교앞교차로,126.9849709248422442_37.5791896537058818,50.0,15.5,서행,126.9849709248422442_37.5791896537058818|126.9851123444681207_37.5789593789195138|126.9851879175372176_37.5787742277141632
2026-09-04T06:42:24.849833+09:00,북촌한옥마을,북촌한옥마을,POI066,KEY_2,1000014000,북촌로,1000021902,재동초등학교앞교차로,126.9851742297151702_37.5791048269106014,1000021201,안국역사거리,126.9862116059343862_37.5769383209828334,258.0,21.3,서행,126.9862116059343862_37.5769383209828334|126.9861227104490524_37.5771049965042820|126.9858974625520034_37.5775403033717339|126.9855988771401059_37.5781173314432593|126.9855520543728602_37.5782320480744829|126.9853545228100558_37.5787159998899227|126.9853171216767009_37.5788076318220590|126.9852385949747031_37.5790000196943907|126.9851742297151702_37.5791048269106014
2026-09-04T06:42:24.849833+09:00,북촌한옥마을,북촌한옥마을,POI066,KEY_2,1000014100,창덕궁길,1000022002,북촌1경,126.9893063929122548_37.5792409569275208,1000021501,우즈베키스탄대사관,126.9893297531960883_37.5774544023044541,199.0,27.0,원활,126.9893297531960883_37.5774544023044541|126.9892548365952365_37.5786955788249983|126.9892562414735409_37.5787264244637242|126.9892665857058205_37.5789535426034647|126.9893063929122548_37.5792409569275208
2026-09-04T06:42:24.849833+09:00,북촌한옥마을,북촌한옥마을,POI066,KEY_2,1000014200,창덕궁길,1000128100,원서동 181,126.9891204798979061_37.5787303411058602,1000022003,북촌1경,126.9891713596778544_37.5792528029310802,58.0,15.0,서행,126.9891713596778544_37.5792528029310802|126.9891310055471081_37.5789614346187477|126.9891204798979061_37.5787303411058602
2026-09-04T06:42:24.849833+09:00,북촌한옥마을,북촌한옥마을,POI066,KEY_2,1000014301,삼청로,1000019704,경복궁사거리,126.9793621536958312_37.5759001150550986,1000020600,대한출판문화협회,126.9794687888132074_37.5765544121067592,73.0,10.0,정체,126.9794687888132074_37.5765544121067592|126.9794674172659654_37.5764824989996455|126.9794172673057773_37.5761249117022231|126.9793621536958312_37.5759001150550986
2026-09-04T06:42:24.849833+09:00,북촌한옥마을,북촌한옥마을,POI066,KEY_2,1000014302,삼청로,1000020600,대한출판문화협회,126.9794687888132074_37.5765544121067592,1000022703,국군서울지구병원,126.9798562503477797_37.5800221917764006,388.0,26.0,원활,126.9798562503477797_37.5800221917764006|126.9796182985417516_37.5793264763807215|126.9795665449151443_37.5791397220131316|126.9795478931843604_37.5790381290051698|126.9795326834604623_37.5788730174103378|126.9794969047037227_37.5780275498626395|126.9794687888132074_37.5765544121067592
2026-09-04T06:42:24.849833+09:00,북촌한옥마을,북촌한옥마을,POI066,KEY_2,1000014303,삼청로,1000022704,국군서울지구병원,126.9798888896173850_37.5801238754593712,1000023003,갤러리스케이프,126.9801383570053588_37.5809954150793715,99.0,30.0,원활,126.9801383570053588_37.5809954150793715|126.9801143803817212_37.5808712068437671|126.9798888896173850_37.5801238754593712
2026-09-04T06:42:24.849833+09:00,북촌한옥마을,북촌한옥마을,POI066,KEY_2,1000014401,삼청로,1000021000,대한출판문화협회,126.9796046197648423_37.5765527706146756,1000019701,경복궁사거리,126.9795067975766756_37.5759255521593971,70.0,30.7,원활,126.9795067975766756_37.5759255521593971|126.9795516592807161_37.5761085342554608|126.9796031487506696_37.5764756650611034|126.9796046197648423_37.5765527706146756
2026-09-04T06:42:24.849833+09:00,북촌한옥마을,북촌한옥마을,POI066,KEY_2,1000014402,삼청로,1000022702,국군서울지구병원,126.9799873332334244_37.5799937943622950,1000021000,대한출판문화협회,126.9796046197648423_37.5765527706146756,385.0,29.0,원활,126.9796046197648423_37.5765527706146756|126.9796327193578946_37.5780249082326065|126.9796683669145381_37.5788672429607900|126.9796830227134734_37.5790263448128528|126.9797002616005130_37.5791202376619609|126.9797502489418548_37.5793006189381842|126.9799873332334244_37.5799937943622950
2026-09-04T06:42:24.849833+09:00,북촌한옥마을,북촌한옥마을,POI066,KEY_2,1000014403,삼청로,1000023002,갤러리스케이프,126.9802726364854522_37.5809789975197504,1000022701,국군서울지구병원,126.9800209872343402_37.5800986304131186,100.0,32.0,원활,126.9800209872343402_37.5800986304131186|126.9802478003755937_37.5808503388031028|126.9802726364854522_37.5809789975197504
2026-09-04T06:42:24.849833+09:00,북촌한옥마을,북촌한옥마을,POI066,KEY_2,1000014500,창덕궁1길,1000088900,계동 140-16,126.9878476682862356_37.5794101883603631,1000022004,북촌1경,126.9891917052853216_37.5793601104971486,119.0,17.5,서행,126.9891917052853216_37.5793601104971486|126.9885772532278594_37.5793912379346011|126.9881446134938585_37.5794131530335278|126.9878476682862356_37.5794101883603631
2026-09-04T06:42:24.849833+09:00,북촌한옥마을,북촌한옥마을,POI066,KEY_2,1000014600,창덕궁1길,1000234800,계동 140-86,126.9867245271659613_37.5792908407173911,1000021902,재동초등학교앞교차로,126.9851742297151702_37.5791048269106014,140.0,22.0,서행,126.9851742297151702_37.5791048269106014|126.9852469017435794_37.5790943935501645|126.9854890351706871_37.5791147085421500|126.9857411784709598_37.5791656111606329|126.9863425963181811_37.5792870227705578|126.9867245271659613_37.5792908407173911
2026-09-04T06:42:24.849833+09:00,북촌한옥마을,북촌한옥마을,POI066,KEY_2,1000014700,북촌로5길,1000088600,재동 25-7,126.9846956415277077_37.5792531158054075,1000004602,아트선재센타,126.9822633488435173_37.5794968175353787,217.0,22.0,서행,126.9822633488435173_37.5794968175353787|126.9823491181884378_37.5794770462139454|126.9831043086073379_37.5794265902338225|126.9836111998907597_37.5794024285617070|126.9843075237738219_37.5793274055110444|126.9845584348345966_37.5792764558543553|126.9846956415277077_37.5792531158054075
2026-09-04T06:42:24.849833+09:00,북촌한옥마을,북촌한옥마을,POI066,KEY_2,1000014800,북촌로5길,1000004601,아트선재센타,126.9823007060969786_37.5796007692993683,1000021904,재동초등학교앞교차로,126.9849412214244495_37.5793218207986328,236.0,22.0,서행,126.9849412214244495_37.5793218207986328|126.9849408583969392_37.5793219631089599|126.9847240373197081_37.5793588468995097|126.9845894370426578_37.5793817437555475|126.9843335147772478_37.5794337109354046|126.9836243912640441_37.5795101126857958|126.9831140519790864_37.5795344388027459|126.9823739414034378_37.5795838870825634|126.9823007060969786_37.5796007692993683
2026-09-04T06:42:24.849833+09:00,북촌한옥마을,북촌한옥마을,POI066,KEY_2,1000015700,북촌로5길,1000042100,소격동 129-2,126.9811402027582403_37.5799080374455983,1000004604,아트선재센타,126.9821635225137584_37.5796494081435881,95.0,22.0,서행,126.9821635225137584_37.5796494081435881|126.9819590979485184_37.5797316730103290|126.9817617178907625_37.5797894351325041|126.9816972383664222_37.5798027094324709|126.9814029918968004_37.5798632849907435|126.9811402027582403_37.5799080374455983
2026-09-04T06:42:24.849833+09:00,북촌한옥마을,북촌한옥마을,POI066,KEY_2,1000015800,북촌로5길,1000110800,소격동 101-1,126.9816632165415768_37.5796980355060555,1000022702,국군서울지구병원,126.9799873332334244_37.5799937943622950,152.0,22.0,서행,126.9799873332334244_37.5799937943622950|126.9811117769615265_37.5798023119298961|126.9813717539606586_37.5797580385712706|126.9816632165415768_37.5796980355060555
2026-09-04T06:42:24.849833+09:00,북촌한옥마을,북촌한옥마을,POI066,KEY_2,1000016301,삼청로,1000023001,갤러리스케이프,126.9802926936486500_37.5811058372642535,1000023403,브라질대사관,126.9810263784892186_37.5815445739605920,82.0,29.0,원활,126.9810263784892186_37.5815445739605920|126.9809131169670025_37.5814523264612390|126.9807572607189741_37.5813324212478079|126.9805732045222584_37.5812254848848113|126.9805004045640970_37.5811831880586382|126.9802926936486500_37.5811058372642535
2026-09-04T06:42:24.849833+09:00,북촌한옥마을,북촌한옥마을,POI066,KEY_2,1000016302,삼청로,1000210000,팔판동 92-4,126.9816300289541431_37.5823353085312490,1000005403,삼청동사무소입구,126.9817700007639871_37.5838068173945885,168.0,26.3,원활,126.9817700007639871_37.5838068173945885|126.9817176007183690_37.5835777740102657|126.9817156895871761_37.5834761236459656|126.9817950795399071_37.5827568972120289|126.9817985139781484_37.5826659271347765|126.9817904338247558_37.5825963322516401|126.9817677049394717_37.5825265071541281|126.9817256020838556_37.5824414018078912|126.9816300289541431_37.5823353085312490
2026-09-04T06:42:24.849833+09:00,북촌한옥마을,북촌한옥마을,POI066,KEY_2,1000016401,삼청로,1000154400,소격동 5-2,126.9806533091713163_37.5811381602125181,1000023002,갤러리스케이프,126.9802726364854522_37.5809789975197504,38.0,24.5,서행,126.9802726364854522_37.5809789975197504|126.9805698902694644_37.5810896934890764|126.9806533091713163_37.5811381602125181
2026-09-04T06:42:24.849833+09:00,북촌한옥마을,북촌한옥마을,POI066,KEY_2,1000016402,삼청로,1000005402,삼청동사무소입구,126.9819036626585955_37.5837874507546630,1000023401,브라질대사관,126.9812038502894040_37.5815562759534103,266.0,27.7,원활,126.9812038502894040_37.5815562759534103|126.9814373883853733_37.5819115014553873|126.9815284353070695_37.5820369682808817|126.9817404422459219_37.5822723126744407|126.9818458380324842_37.5823893095989874|126.9818971476022540_37.5824930218311124|126.9819247050023563_37.5825776797982982|126.9819345601843281_37.5826625639023604|126.9819307590106661_37.5827632565478780|126.9818516381346711_37.5834800567387148|126.9818532755907228_37.5835672100760263|126.9819036626585955_37.5837874507546630
2026-09-04T06:42:24.849833+09:00,북촌한옥마을,북촌한옥마을,POI066,KEY_2,1000016500,청와대로,1000023004,갤러리스케이프,126.9801577660451670_37.5811184473203284,1000024202,퐁데자르갤러리,126.9792888757798295_37.5833973114764888,283.0,23.0,서행,126.9792888757798295_37.5833973114764888|126.9794326695444795_37.5833409548265038|126.9795985399564842_37.5832476848462562|126.9797349654737388_37.5831482053396115|126.9798535787143550_37.5830268942675616|126.9799783199628109_37.5828376834460514|126.9800830519028665_37.5826410034803118|126.9801523342807030_37.5824206537665262|126.9801756947906881_37.5821819448641676|126.9801669773254389_37.5812814489405298|126.9801611478268342_37.5811413659670990|126.9801577660451670_37.5811184473203284
2026-09-04T06:42:24.849833+09:00,북촌한옥마을,북촌한옥마을,POI066,KEY_2,1000016600,청와대로,1000024201,퐁데자르갤러리,126.9793488993760917_37.5834943060582702,1000023001,갤러리스케이프,126.9802926936486500_37.5811058372642535,298.0,34.3,원활,126.9802926936486500_37.5811058372642535|126.9802967397338023_37.5811332572089398|126.9803028147339035_37.5812792426264579|126.9803115922597812_37.5821857328606441|126.9802868960512399_37.5824380961232620|126.9802122748901070_37.5826754278464534|126.9801012249592418_37.5828839711424081|126.9799682487228267_37.5830856738696752|126.9798351717180509_37.5832217786991762|126.9796839720406183_37.5833320316592037|126.9795023111846888_37.5834341801086822|126.9793488993760917_37.5834943060582702
2026-09-04T06:42:24.849833+09:00,북촌한옥마을,북촌한옥마을,POI066,KEY_2,1000017300,청와대로,1000024203,퐁데자르갤러리,126.9791795136897292_37.5834335611764701,1000005202,효자동삼거리,126.9737472613430214_37.5835385999729326,486.0,32.0,원활,126.9737472613430214_37.5835385999729326|126.9739495073895483_37.5835089975692114|126.9741309391237110_37.5835057794776830|126.9743076583270351_37.5835171156289292|126.9752337920588730_37.5836985645955508|126.9754323254462349_37.5837264891222063|126.9757360888294073_37.5837476748394224|126.9763499836077330_37.5837643209452068|126.9766286175151322_37.5837433697827379|126.9789929139192566_37.5834750307908365|126.9791275283093626_37.5834477041164519|126.9791795136897292_37.5834335611764701
2026-09-04T06:42:24.849833+09:00,북촌한옥마을,북촌한옥마을,POI066,KEY_2,1000017400,청와대로,1000005201,효자동삼거리,126.9737718367323538_37.5836449359611962,1000024204,퐁데자르갤러리,126.9792234607305943_37.5835358668880062,488.0,21.0,서행,126.9792234607305943_37.5835358668880062|126.9791663527855263_37.5835514035953580|126.9790193732068246_37.5835812400857776|126.9766446063162135_37.5838507686442966|126.9763540772180477_37.5838726139501844|126.9757278388116646_37.5838556337628376|126.9754145390009228_37.5838337820068062|126.9752057008707880_37.5838044082914848|126.9742858206583094_37.5836241849198771|126.9741269844044211_37.5836139960176467|126.9739633976216311_37.5836168972867881|126.9737718367323538_37.5836449359611962
2026-09-04T06:42:24.849833+09:00,북촌한옥마을,북촌한옥마을,POI066,KEY_2,1000017600,삼청로7길,1000168300,삼청동 150-1,126.9807888773657254_37.5839280973940575,1000005404,삼청동사무소입구,126.9818004132621212_37.5839157131028259,89.0,16.0,서행,126.9818004132621212_37.5839157131028259|126.9815008960389804_37.5839085489495019|126.9807888773657254_37.5839280973940575
2026-09-04T06:42:24.849833+09:00,북촌한옥마을,북촌한옥마을,POI066,KEY_2,1000018301,북촌로,1000101500,가회동 1-168,126.9850236706118665_37.5827874950713436,1000024103,대한불교조계종안국선,126.9850355329563598_37.5832623916933670,53.0,19.0,서행,126.9850355329563598_37.5832623916933670|126.9850236706118665_37.5827874950713436
2026-09-04T06:42:24.849833+09:00,북촌한옥마을,북촌한옥마을,POI066,KEY_2,1000018302,북촌로,1000239600,가회동 1-250,126.9850538870515777_37.5840703753649237,1000025802,베트남대사관관저,126.9852744170840566_37.5863360502147970,264.0,21.0,서행,126.9852744170840566_37.5863360502147970|126.9854225406475905_37.5862215467540466|126.9854612721195082_37.5861804635502068|126.9854692166722714_37.5861615070491197|126.9854835391995778_37.5861273320341027|126.9854883320269181_37.5860386460853348|126.9854767822601076_37.5859465875107048|126.9854501121792936_37.5858656209973319|126.9851025691619526_37.5850827975937278|126.9850792320325041_37.5849836619781286|126.9850735481085025_37.5849004986931448|126.9850538870515777_37.5840703753649237
2026-09-04T06:42:24.849833+09:00,북촌한옥마을,북촌한옥마을,POI066,KEY_2,1000018303,북촌로,1000134600,삼청동 27-1,126.9830345595555485_37.5873874210896801,1000005802,삼청공원입구교차로,126.9817629372389973_37.5869393565507082,123.0,21.0,서행,126.9817629372389973_37.5869393565507082|126.9818503285177655_37.5869529767061579|126.9824132446797762_37.5871443261108524|126.9824860389382621_37.5871690704477928|126.9830345595555485_37.5873874210896801
2026-09-04T06:42:24.849833+09:00,북촌한옥마을,북촌한옥마을,POI066,KEY_2,1000018401,북촌로,1000109700,가회동 1-168,126.9850883294862882_37.5801433623240229,1000021901,재동초등학교앞교차로,126.9850860098677572_37.5792604403861148,98.0,12.0,정체,126.9850860098677572_37.5792604403861148|126.9850636853442580_37.5794280545368409|126.9850708428209742_37.5796350854461281|126.9850879859902477_37.5801309490906519|126.9850883294862882_37.5801433623240229
2026-09-04T06:42:24.849833+09:00,북촌한옥마을,북촌한옥마을,POI066,KEY_2,1000018402,북촌로,1000161100,계동 1-30,126.9855981013200932_37.5861957133021960,1000024101,대한불교조계종안국선,126.9851737974609733_37.5833683543644028,320.0,25.0,원활,126.9851737974609733_37.5833683543644028|126.9851772814684807_37.5835430555352872|126.9851897231882134_37.5840683377949034|126.9852093402149507_37.5848965424064545|126.9852144101615039_37.5849707163997167|126.9852341727705749_37.5850546680059026|126.9855801009655494_37.5858338499159856|126.9856109125878874_37.5859273911633238|126.9856244871780433_37.5860355822506662|126.9856184571485755_37.5861471406611187|126.9855981013200932_37.5861957133021960
2026-09-04T06:42:24.849833+09:00,북촌한옥마을,북촌한옥마을,POI066,KEY_2,1000018403,북촌로,1000045600,삼청동 25-25,126.9842930162338774_37.5868744097116547,1000025804,베트남대사관관저,126.9852588547533827_37.5864775547501324,97.0,20.0,서행,126.9852588547533827_37.5864775547501324|126.9843974414412884_37.5868629172304054|126.9842930162338774_37.5868744097116547
2026-09-04T06:42:24.849833+09:00,북촌한옥마을,북촌한옥마을,POI066,KEY_2,1000018700,삼청로,1000158100,삼청동 120-5,126.9816271173177711_37.5864194371847447,1000005803,삼청공원입구교차로,126.9816270732179078_37.5869388418446206,58.0,29.8,원활,126.9816270732179078_37.5869388418446206|126.9816286782915142_37.5866705766686380|126.9816271173177711_37.5864194371847447
2026-09-04T06:42:24.849833+09:00,북촌한옥마을,북촌한옥마을,POI066,KEY_2,1000018800,삼청로,1000005802,삼청공원입구교차로,126.9817629372389973_37.5869393565507082,1000005401,삼청동사무소입구,126.9819308867779455_37.5838855711679614,348.0,29.3,원활,126.9819308867779455_37.5838855711679614|126.9821032911359282_37.5843581996051483|126.9821729182241796_37.5845113952027390|126.9821895399777247_37.5845908572014835|126.9821835477451515_37.5846748234545416|126.9821529910542779_37.5848519477845642|126.9821273693467703_37.5852755277952255|126.9819245194376265_37.5857127755461562|126.9818086437971232_37.5859625457474067|126.9817611243974085_37.5861204257165156|126.9817629803821291_37.5864189022851320|126.9817645452935722_37.5866705671027574|126.9817629372389973_37.5869393565507082
2026-09-04T06:42:24.849833+09:00,북촌한옥마을,북촌한옥마을,POI066,KEY_2,1000020201,삼청로,1000258100,최소노드배치점,126.9826565286748661_37.5890646971555782,1000005801,삼청공원입구교차로,126.9817557087605167_37.5870484034326111,255.0,28.7,원활,126.9817557087605167_37.5870484034326111|126.9817486263342943_37.5871116673024233|126.9817780622410908_37.5873043071317454|126.9817822119406543_37.5873314642714718|126.9817861708161217_37.5874217371478281|126.9817381732127757_37.5876087102233924|126.9817315742594985_37.5876344161523406|126.9817121707744008_37.5879099808601893|126.9817190400840161_37.5881040043848458|126.9817304105136913_37.5881432497804369|126.9819098649019509_37.5883314502219932|126.9820182409422387_37.5884451075822241|126.9824555696576454_37.5887717597721505|126.9825600561912040_37.5888872870032174|126.9826486782866226_37.5890360674416470|126.9826565286748661_37.5890646971555782
2026-09-04T06:42:24.849833+09:00,북촌한옥마을,북촌한옥마을,POI066,KEY_2,1000031700,인사동길,1000200000,관훈동 177-1,126.9846248795644641_37.5741354335962896,1000017903,안국동로터리,126.9830393503038977_37.5755166265144283,209.0,19.0,서행,126.9830393503038977_37.5755166265144283|126.9832578502403493_37.5753718765763765|126.9833833057397072_37.5752802649537472|126.9833874257963799_37.5752759258947009|126.9838138538233210_37.5748268274858290|126.9839983126868219_37.5746325599944413|126.9840028137515446_37.5746278195686330|126.9841931260739045_37.5744516475788828|126.9843256891268339_37.5743491032214507|126.9843944674535408_37.5742999847176264|126.9846248795644641_37.5741354335962896
2026-09-04T06:42:24.849833+09:00,북촌한옥마을,북촌한옥마을,POI066,KEY_2,1000032800,율곡로2길,1000003001,서울지방국세청,126.9793545831470993_37.5744165416395930,1000019203,주한멕시코대사관,126.9811804454430160_37.5757381628755169,219.0,22.0,서행,126.9811804454430160_37.5757381628755169|126.9810303591040253_37.5755969856150003|126.9807533749140589_37.5754004466844975|126.9799767752529789_37.5748493879335896|126.9794405580789487_37.5744488693975143|126.9793869466254961_37.5744244737253723|126.9793545831470993_37.5744165416395930
2026-09-04T06:42:24.849833+09:00,북촌한옥마을,북촌한옥마을,POI066,KEY_2,1000033900,우정국로,1000017300,안국동사거리,126.9828039229332575_37.5749851341707171,1000018100,안국동사거리,126.9820370732549009_37.5756052331219763,102.0,22.0,서행,126.9820370732549009_37.5756052331219763|126.9822935365986751_37.5755095925525495|126.9827428871539610_37.5751967734075052|126.9827905797247212_37.5750539177611387|126.9828039229332575_37.5749851341707171
2026-09-04T06:42:24.849833+09:00,북촌한옥마을,북촌한옥마을,POI066,KEY_2,1000034900,율곡로,1000019401,경복궁,126.9801381644492011_37.5758813627365100,1000018200,경복궁,126.9792457576218681_37.5753789068622197,101.0,26.0,원활,126.9792457576218681_37.5753789068622197|126.9793355830232144_37.5754952608411301|126.9794316395642397_37.5755988334256017|126.9795071017629624_37.5756589212616419|126.9796274882100420_37.5757347490756146|126.9797877149027556_37.5758145479697703|126.9801381644492011_37.5758813627365100
2026-09-04T06:42:24.849833+09:00,북촌한옥마을,북촌한옥마을,POI066,KEY_2,1000035200,사직로,1000020200,경복궁,126.9786283706113750_37.5757946408291801,1000020600,대한출판문화협회,126.9794687888132074_37.5765544121067592,118.0,15.0,서행,126.9794687888132074_37.5765544121067592|126.9794368084534142_37.5764098329770562|126.9791960602808700_37.5761637733622180|126.9789750836954596_37.5759177176703147|126.9788694300669647_37.5758537146814078|126.9786283706113750_37.5757946408291801
2026-09-04T06:42:24.849833+09:00,북촌한옥마을,북촌한옥마을,POI066,KEY_2,1000035300,삼청로,1000021000,대한출판문화협회,126.9796046197648423_37.5765527706146756,1000020300,경복궁,126.9801205068413168_37.5759892604625989,93.0,29.0,원활,126.9801205068413168_37.5759892604625989|126.9797298312382878_37.5760780464987292|126.9796597331679635_37.5761137931100748|126.9796040049640879_37.5761795786155588|126.9796046197648423_37.5765527706146756
2026-09-04T06:42:24.849833+09:00,북촌한옥마을,북촌한옥마을,POI066,KEY_2,1000038000,북촌로5가길,1000023401,브라질대사관,126.9812038502894040_37.5815562759534103,1000004601,아트선재센타,126.9823007060969786_37.5796007692993683,250.0,7.0,정체,126.9823007060969786_37.5796007692993683|126.9822972536010894_37.5796292911074730|126.9823917024047972_37.5799273089699213|126.9823779765214056_37.5799764228013515|126.9821552192083942_37.5802224687814075|126.9819546456237020_37.5805311963954978|126.9817179917203873_37.5808954559517758|126.9816141551167590_37.5811617086964844|126.9815165107633987_37.5813307541008967|126.9814068792123862_37.5814306552793056|126.9812038502894040_37.5815562759534103
2026-09-04T06:42:24.849833+09:00,북촌한옥마을,북촌한옥마을,POI066,KEY_2,1000039100,창덕궁길,1000145700,가회동 11-149,126.9864376946197240_37.5830959611666202,1000024102,대한불교조계종안국선,126.9851713647794469_37.5832602427580653,114.0,13.0,정체,126.9851713647794469_37.5832602427580653|126.9854761281609683_37.5832527016222571|126.9857016172705642_37.5831925220697443|126.9860258673503353_37.5831672393821279|126.9864376946197240_37.5830959611666202
2026-09-04T06:42:24.849833+09:00,북촌한옥마을,북촌한옥마을,POI066,KEY_2,1000039200,창덕궁길,1000134400,원서동 2-2,126.9892407733604642_37.5829070876196951,1000022001,북촌1경,126.9893249216224547_37.5793389188440585,401.0,16.0,서행,126.9893249216224547_37.5793389188440585|126.9893432024728526_37.5794117077019152|126.9893374585478654_37.5795962855689609|126.9893189924063250_37.5801896786208189|126.9893532350689895_37.5809623190334960|126.9893738580933729_37.5812665958495344|126.9893978694693288_37.5816208620396139|126.9894570663397531_37.5819414687995632|126.9895023987834435_37.5821303841621628|126.9895105285284274_37.5822120284156327|126.9895040052748669_37.5823078791324363|126.9894734073156428_37.5824257182516135|126.9893881157924085_37.5826046082802492|126.9892904879125695_37.5827681919472880|126.9892407733604642_37.5829070876196951
2026-09-04T06:42:24.849833+09:00,북촌한옥마을,북촌한옥마을,POI066,KEY_2,1000040700,와룡공원길,1000253800,최소노드배치점,126.9879881469794896_37.5883603016045313,1000025801,베트남대사관관저,126.9853690834960531_37.5864136030075144,467.0,26.5,원활,126.9853690834960531_37.5864136030075144|126.9855026525219017_37.5865908087390252|126.9859522355681491_37.5872277127589811|126.9860686694551930_37.5875235765388354|126.9860870308064307_37.5876322375257814|126.9860653624489117_37.5879779828046452|126.9860758863282655_37.5880517816519557|126.9861332312026292_37.5881869210807054|126.9863613163946638_37.5886900646209909|126.9864770212350606_37.5888628765896513|126.9865535356519501_37.5889386984454390|126.9866484545570557_37.5889842543916757|126.9866865161106091_37.5889835018571148|126.9867575122499943_37.5889574360212890|126.9868568724144637_37.5888844721387372|126.9869692787548416_37.5886969862523941|126.9870663574523775_37.5886339824111033|126.9871830885473685_37.5886283080789241|126.9873689381485065_37.5886490608527382|126.9874389693339509_37.5886348840000935|126.9875587466999463_37.5885508782276005|126.9877150208619838_37.5883939939446208|126.9878346435790348_37.5883445823847993|126.9879479296750588_37.5883404016875460|126.9879881469794896_37.5883603016045313
2026-09-04T06:42:24.849833+09:00,서촌,서촌,POI067,KEY_3,1000017101,효자로,1000179100,궁정동 15,126.9716215222717182_37.5837476489689593,1000024402,신교동교차로,126.9704348699706884_37.5838048349006826,105.0,16.0,서행,126.9704348699706884_37.5838048349006826|126.9716215222717182_37.5837476489689593
2026-09-04T06:42:24.849833+09:00,서촌,서촌,POI067,KEY_3,1000011700,사직로,1000019303,정부서울청사사거리,126.9742603998069796_37.5757097304571062,1000019802,경복궁역사거리,126.9727094012703503_37.5758424186585529,138.0,21.0,서행,126.9727094012703503_37.5758424186585529|126.9729390930378230_37.5758227698022793|126.9733793101036952_37.5757851103966303|126.9742603998069796_37.5757097304571062
2026-09-04T06:42:24.849833+09:00,서촌,서촌,POI067,KEY_3,1000011800,사직로,1000242400,적선동 8-1,126.9733938280741512_37.5758926104395314,1000019304,정부서울청사사거리,126.9742589191568953_37.5758185992423250,77.0,37.0,원활,126.9742589191568953_37.5758185992423250|126.9733938280741512_37.5758926104395314
2026-09-04T06:42:24.849833+09:00,서촌,서촌,POI067,KEY_3,1000012501,사직로,1000020100,사직공원앞,126.9689331702207369_37.5757871464128712,1000020500,국제로타리3650지구,126.9699690365431621_37.5761370516852082,102.0,34.0,원활,126.9699690365431621_37.5761370516852082|126.9697496373347576_37.5761106821251332|126.9695368224083012_37.5760811684848406|126.9693318547466276_37.5760246401807407|126.9691683291127902_37.5759547479891722|126.9690171874282498_37.5758597156690257|126.9689331702207369_37.5757871464128712
2026-09-04T06:42:24.849833+09:00,서촌,서촌,POI067,KEY_3,1000012502,사직로,1000224600,내자동 35,126.9704050096786716_37.5761139325286422,1000019804,경복궁역사거리,126.9725583211622109_37.5759627912727225,191.0,45.0,원활,126.9725583211622109_37.5759627912727225|126.9704050096786716_37.5761139325286422
2026-09-04T06:42:24.849833+09:00,서촌,서촌,POI067,KEY_3,1000012602,사직로,1000224700,필운동 207-1,126.9703930773551974_37.5760062306696909,1000017801,사직공원앞교차로,126.9688995501142443_37.5755985551712186,147.0,21.0,서행,126.9688995501142443_37.5755985551712186|126.9690330692439915_37.5757138803615405|126.9691098168270997_37.5757801695158165|126.9692431458560407_37.5758640022225663|126.9693865754453270_37.5759253044264554|126.9695709408504030_37.5759761519635802|126.9697714418005745_37.5760039577088207|126.9699893215724700_37.5760301448416101|126.9702616329099527_37.5760154554650541|126.9703930773551974_37.5760062306696909
2026-09-04T06:42:24.849833+09:00,서촌,서촌,POI067,KEY_3,1000013100,사직로9길,1000172800,필운동 32-11,126.9676297869552286_37.5773403479924113,1000020804,사직공원,126.9690520892445704_37.5763687926038799,173.0,20.0,서행,126.9690520892445704_37.5763687926038799|126.9685560332300014_37.5765553062680198|126.9685048115022425_37.5765745651147824|126.9682524535478905_37.5766800895520205|126.9680839636594669_37.5767608552037373|126.9679796347772225_37.5768316045617183|126.9678939615713773_37.5769192101987102|126.9678540001803810_37.5769712588458873|126.9676631837378835_37.5772197909861916|126.9676406476160224_37.5772593636872401|126.9676297869552286_37.5773403479924113
2026-09-04T06:42:24.849833+09:00,서촌,서촌,POI067,KEY_3,1000013200,사직로9길,1000172900,필운동 32-11,126.9674947067161952_37.5773288730763042,1000021702,매동초등학교,126.9665695812889794_37.5780507264933661,147.0,8.0,정체,126.9665695812889794_37.5780507264933661|126.9669007139286805_37.5779062931324006|126.9675646417328352_37.5778158734480030|126.9675272780639261_37.5776768649993116|126.9674879332635697_37.5773793801130367|126.9674947067161952_37.5773288730763042
2026-09-04T06:42:24.849833+09:00,서촌,서촌,POI067,KEY_3,1000015101,효자로,1000219200,통의동 7-2,126.9738823732247113_37.5782737331220034,1000022103,한글전각갤러리,126.9737664393316123_37.5793405707998147,119.0,15.0,서행,126.9737664393316123_37.5793405707998147|126.9738823732247113_37.5782737331220034
2026-09-04T06:42:24.849833+09:00,서촌,서촌,POI067,KEY_3,1000015102,효자로,1000041400,창성동 16,126.9736432808576581_37.5805908651879150,1000023603,창성동 75-1,126.9736167411290211_37.5817495935669825,129.0,15.0,서행,126.9736167411290211_37.5817495935669825|126.9736341888375790_37.5807097019062013|126.9736432808576581_37.5805908651879150
2026-09-04T06:42:24.849833+09:00,서촌,서촌,POI067,KEY_3,1000015103,효자로,1000023604,세종로 1-82,126.9736148980526167_37.5818577441157089,1000005203,효자동삼거리,126.9736127255228695_37.5835625507457465,189.0,15.0,서행,126.9736127255228695_37.5835625507457465|126.9735913171579114_37.5832181223740136|126.9736148980526167_37.5818577441157089
2026-09-04T06:42:24.849833+09:00,서촌,서촌,POI067,KEY_3,1000015201,효자로,1000022102,한글전각갤러리,126.9739017858953645_37.5793498869892204,1000019301,정부서울청사사거리,126.9743957935852450_37.5758074664167268,396.0,27.0,원활,126.9743957935852450_37.5758074664167268|126.9743764184428017_37.5760755345660726|126.9743092662572082_37.5764778948295017|126.9741719066146146_37.5773009081164844|126.9741268698984413_37.5775378120208856|126.9740611119599407_37.5778837117652031|126.9740177174622744_37.5782830491677231|126.9739017858953645_37.5793498869892204
2026-09-04T06:42:24.849833+09:00,서촌,서촌,POI067,KEY_3,1000015202,효자로,1000023602,세종로 1-39,126.9737525850962072_37.5817510371078143,1000022101,한글전각갤러리,126.9738905991571443_37.5794569415239579,255.0,39.0,원활,126.9738905991571443_37.5794569415239579|126.9738519824120146_37.5798414672260890|126.9737879055856666_37.5804795024973970|126.9737788834196408_37.5805974360917929|126.9737699881223705_37.5807137109477551|126.9737525850962072_37.5817510371078143
2026-09-04T06:42:24.849833+09:00,서촌,서촌,POI067,KEY_3,1000015203,효자로,1000005202,효자동삼거리,126.9737472613430214_37.5835385999729326,1000023601,세종로 1-39,126.9737507411007016_37.5818592353335603,186.0,25.0,원활,126.9737507411007016_37.5818592353335603|126.9737272227124265_37.5832161948422154|126.9737472613430214_37.5835385999729326
2026-09-04T06:42:24.849833+09:00,서촌,서촌,POI067,KEY_3,1000015301,자하문로,1000076000,통의동 73-1,126.9718349935423021_37.5780828518930079,1000022503,리안갤러리,126.9713323775752372_37.5794446079368853,158.0,35.0,원활,126.9713323775752372_37.5794446079368853|126.9713955110976968_37.5791270137985762|126.9714746554084002_37.5788753862231246|126.9715598075865159_37.5786553696062313|126.9715915417818906_37.5785893478648205|126.9718349935423021_37.5780828518930079
2026-09-04T06:42:24.849833+09:00,서촌,서촌,POI067,KEY_3,1000015302,자하문로,1000053200,창성동 163,126.9710140964178322_37.5808424098074312,1000023203,효자동사무소앞교차로,126.9708450370815314_37.5814524532384127,69.0,37.5,원활,126.9708450370815314_37.5814524532384127|126.9710140964178322_37.5808424098074312
2026-09-04T06:42:24.849833+09:00,서촌,서촌,POI067,KEY_3,1000015303,자하문로,1000204500,효자동 4-2,126.9702899471897268_37.5833214295289793,1000024403,신교동교차로,126.9702998364025035_37.5837863498341065,52.0,36.0,원활,126.9702998364025035_37.5837863498341065|126.9703050502139376_37.5836834288735204|126.9702899471897268_37.5833214295289793
2026-09-04T06:42:24.849833+09:00,서촌,서촌,POI067,KEY_3,1000015401,자하문로,1000140900,통의동 139,126.9725715057905830_37.5765777524989346,1000019801,경복궁역사거리,126.9726968257656665_37.5759522364072183,70.0,28.0,원활,126.9726968257656665_37.5759522364072183|126.9726385507227491_37.5763288934255186|126.9725895796281208_37.5765259070172135|126.9725715057905830_37.5765777524989346
2026-09-04T06:42:24.849833+09:00,서촌,서촌,POI067,KEY_3,1000015402,자하문로,1000172000,창성동 163,126.9714182708217436_37.5796955468538201,1000022501,리안갤러리,126.9714473753110866_37.5795557790706951,16.0,28.0,원활,126.9714473753110866_37.5795557790706951|126.9714182708217436_37.5796955468538201
2026-09-04T06:42:24.849833+09:00,서촌,서촌,POI067,KEY_3,1000015403,자하문로,1000024402,신교동교차로,126.9704348699706884_37.5838048349006826,1000023201,효자동사무소앞교차로,126.9709509591519208_37.5815723472420373,254.0,28.0,원활,126.9709509591519208_37.5815723472420373|126.9707841597674474_37.5821754431325132|126.9706783778710388_37.5824973418818544|126.9706403038144913_37.5825914055628658|126.9704838660099995_37.5829778896126427|126.9704374478816078_37.5831438761179228|126.9704356331519790_37.5831585594092914|126.9704232618846902_37.5832586573173870|126.9704257312769897_37.5833178415591007|126.9704410010707107_37.5836838125807873|126.9704348699706884_37.5838048349006826
2026-09-04T06:42:24.849833+09:00,서촌,서촌,POI067,KEY_3,1000017102,효자로,1000005203,효자동삼거리,126.9736127255228695_37.5835625507457465,1000024302,효자동 136-1,126.9727651070645038_37.5836899468878016,76.0,18.0,서행,126.9727651070645038_37.5836899468878016|126.9730868519890805_37.5836617458525453|126.9732850493551410_37.5836358134354498|126.9736127255228695_37.5835625507457465
2026-09-04T06:42:24.849833+09:00,서촌,서촌,POI067,KEY_3,1000017201,효자로,1000024401,신교동교차로,126.9704231472952358_37.5839137166392874,1000024304,효자동 136-1,126.9726445962887738_37.5838066534172555,197.0,24.0,서행,126.9726445962887738_37.5838066534172555|126.9725182675997104_37.5838127429855859|126.9716297350931740_37.5838555701006740|126.9704231472952358_37.5839137166392874
2026-09-04T06:42:24.849833+09:00,서촌,서촌,POI067,KEY_3,1000017202,효자로,1000024301,효자동 136-1,126.9727799801869850_37.5837974155542724,1000005204,효자동삼거리,126.9736494719598028_37.5836666397267720,78.0,13.0,정체,126.9736494719598028_37.5836666397267720|126.9733145338289120_37.5837415255394376|126.9731053220007908_37.5837688997887582|126.9727799801869850_37.5837974155542724
2026-09-04T06:42:24.849833+09:00,서촌,서촌,POI067,KEY_3,1000017300,청와대로,1000024203,퐁데자르갤러리,126.9791795136897292_37.5834335611764701,1000005202,효자동삼거리,126.9737472613430214_37.5835385999729326,486.0,32.0,원활,126.9737472613430214_37.5835385999729326|126.9739495073895483_37.5835089975692114|126.9741309391237110_37.5835057794776830|126.9743076583270351_37.5835171156289292|126.9752337920588730_37.5836985645955508|126.9754323254462349_37.5837264891222063|126.9757360888294073_37.5837476748394224|126.9763499836077330_37.5837643209452068|126.9766286175151322_37.5837433697827379|126.9789929139192566_37.5834750307908365|126.9791275283093626_37.5834477041164519|126.9791795136897292_37.5834335611764701
2026-09-04T06:42:24.849833+09:00,서촌,서촌,POI067,KEY_3,1000017400,청와대로,1000005201,효자동삼거리,126.9737718367323538_37.5836449359611962,1000024204,퐁데자르갤러리,126.9792234607305943_37.5835358668880062,488.0,21.0,서행,126.9792234607305943_37.5835358668880062|126.9791663527855263_37.5835514035953580|126.9790193732068246_37.5835812400857776|126.9766446063162135_37.5838507686442966|126.9763540772180477_37.5838726139501844|126.9757278388116646_37.5838556337628376|126.9754145390009228_37.5838337820068062|126.9752057008707880_37.5838044082914848|126.9742858206583094_37.5836241849198771|126.9741269844044211_37.5836139960176467|126.9739633976216311_37.5836168972867881|126.9737718367323538_37.5836449359611962
2026-09-04T06:42:24.849833+09:00,서촌,서촌,POI067,KEY_3,1000017902,자하문로,1000024404,신교동교차로,126.9702887008230903_37.5838981643713623,1000005503,청운초등학교앞교차로,126.9701124524852531_37.5850192577998712,125.0,16.0,서행,126.9701124524852531_37.5850192577998712|126.9702068507207429_37.5843551986274846|126.9702248195549572_37.5842438489710702|126.9702887008230903_37.5838981643713623
2026-09-04T06:42:24.849833+09:00,서촌,서촌,POI067,KEY_3,1000018001,자하문로,1000024502,청운효자동주민센터,126.9703592344808527_37.5842595801432040,1000024401,신교동교차로,126.9704231472952358_37.5839137166392874,39.0,7.0,정체,126.9704231472952358_37.5839137166392874|126.9703592344808527_37.5842595801432040
2026-09-04T06:42:24.849833+09:00,서촌,서촌,POI067,KEY_3,1000018101,창의문로,1000024602,로마교황청대사관,126.9728457675683160_37.5845703909657871,1000024301,효자동 136-1,126.9727799801869850_37.5837974155542724,86.0,12.0,정체,126.9727799801869850_37.5837974155542724|126.9728572081485680_37.5843908508877078|126.9728457675683160_37.5845703909657871
2026-09-04T06:42:24.849833+09:00,서촌,서촌,POI067,KEY_3,1000018201,창의문로,1000024304,효자동 136-1,126.9726445962887738_37.5838066534172555,1000024603,로마교황청대사관,126.9727100809917175_37.5845649151704748,85.0,24.0,서행,126.9727100809917175_37.5845649151704748|126.9727209921497462_37.5843936990613798|126.9726445962887738_37.5838066534172555
2026-09-04T06:42:24.849833+09:00,서촌,서촌,POI067,KEY_3,1000034400,새문안로3길,1000018004,서울특별시경찰청,126.9726181216856418_37.5753302820372284,1000019803,경복궁역사거리,126.9725722748504069_37.5758532725264089,58.0,24.0,서행,126.9725722748504069_37.5758532725264089|126.9726181216856418_37.5753302820372284
2026-09-04T06:42:24.849833+09:00,서촌,서촌,POI067,KEY_3,1000034500,새문안로3길,1000019802,경복궁역사거리,126.9727094012703503_37.5758424186585529,1000018001,서울특별시경찰청,126.9727536370288590_37.5753378072978137,56.0,26.0,원활,126.9727536370288590_37.5753378072978137|126.9727094012703503_37.5758424186585529
2026-09-04T06:42:24.849833+09:00,서촌,서촌,POI067,KEY_3,1000035400,사직로,1000020100,사직공원앞,126.9689331702207369_37.5757871464128712,1000020803,사직공원,126.9690172718299976_37.5762610183806203,55.0,23.0,서행,126.9690172718299976_37.5762610183806203|126.9690176590465711_37.5762534996242081|126.9690431103298778_37.5760029129733368|126.9690094967434533_37.5758696498175411|126.9689331702207369_37.5757871464128712
2026-09-04T06:42:24.849833+09:00,서촌,서촌,POI067,KEY_3,1000035500,사직로,1000020801,사직공원,126.9691784887291703_37.5763212667803046,1000020500,국제로타리3650지구,126.9699690365431621_37.5761370516852082,78.0,25.0,원활,126.9699690365431621_37.5761370516852082|126.9697686833340384_37.5761518351769652|126.9695718138024176_37.5761510649457975|126.9693875998096928_37.5761855767635140|126.9692863070662412_37.5761999828963127|126.9692525167726984_37.5762788253313573|126.9691826010248263_37.5763148742371911|126.9691784887291703_37.5763212667803046
2026-09-04T06:42:24.849833+09:00,서촌,서촌,POI067,KEY_3,1000035900,필운대로,1000224400,필운동 90-7,126.9695040668394768_37.5777922111372149,1000020801,사직공원,126.9691784887291703_37.5763212667803046,166.0,22.5,서행,126.9691784887291703_37.5763212667803046|126.9691969462868855_37.5763828936023430|126.9693405611889006_37.5771403942365367|126.9694408943809663_37.5774874192730906|126.9695029274274418_37.5777725792624508|126.9695040668394768_37.5777922111372149
2026-09-04T06:42:24.849833+09:00,서촌,서촌,POI067,KEY_3,1000036000,필운대로,1000020804,사직공원,126.9690520892445704_37.5763687926038799,1000022203,남전빌라,126.9687138280531968_37.5793704536666908,349.0,22.0,서행,126.9687138280531968_37.5793704536666908|126.9687546239317584_37.5790779267177939|126.9687829273219251_37.5789505291486492|126.9688385080072521_37.5788210169326575|126.9689658751803734_37.5786287179888490|126.9692731652074116_37.5782171287653526|126.9693442324946773_37.5781067907773121|126.9693468981465116_37.5780984483779292|126.9693693129710539_37.5780282990733383|126.9693744364591055_37.5779018476733455|126.9693683636006085_37.5777971997568017|126.9693676174400707_37.5777843418463888|126.9693076730202250_37.5775087806212724|126.9692070091942071_37.5771606129258373|126.9690637051114095_37.5764047484192787|126.9690520892445704_37.5763687926038799
2026-09-04T06:42:24.849833+09:00,서촌,서촌,POI067,KEY_3,1000036700,자하문로9길,1000022303,동아일보(안국센터),126.9695424142532403_37.5793993909012940,1000022202,남전빌라,126.9688488504917387_37.5793823807096530,61.0,23.0,서행,126.9688488504917387_37.5793823807096530|126.9695424142532403_37.5793993909012940
2026-09-04T06:42:24.849833+09:00,서촌,서촌,POI067,KEY_3,1000036800,자하문로9길,1000022201,남전빌라,126.9688328252975538_37.5794901579994871,1000022304,동아일보(안국센터),126.9695382302678865_37.5795074586415865,62.0,16.0,서행,126.9695382302678865_37.5795074586415865|126.9688328252975538_37.5794901579994871
2026-09-04T06:42:24.849833+09:00,서촌,서촌,POI067,KEY_3,1000036900,자하문로10길,1000142800,통의동 111,126.9720203025743501_37.5794190653061619,1000022502,리안갤러리,126.9714692086950407_37.5794481827133779,49.0,20.0,서행,126.9714692086950407_37.5794481827133779|126.9715679753719257_37.5794508267448819|126.9720203025743501_37.5794190653061619
2026-09-04T06:42:24.849833+09:00,서촌,서촌,POI067,KEY_3,1000037000,자하문로10길,1000142900,창성동 130-12,126.9720322425473000_37.5795267662096677,1000022104,한글전각갤러리,126.9737551795793422_37.5794483274217725,153.0,9.0,정체,126.9737551795793422_37.5794483274217725|126.9735697636163820_37.5794379905376914|126.9730629180689760_37.5794543875836595|126.9720322425473000_37.5795267662096677
2026-09-04T06:42:24.849833+09:00,서촌,서촌,POI067,KEY_3,1000037100,자하문로9길,1000022503,리안갤러리,126.9713323775752372_37.5794446079368853,1000022302,동아일보(안국센터),126.9696990031626882_37.5794032615336278,144.0,7.0,정체,126.9696990031626882_37.5794032615336278|126.9713323775752372_37.5794446079368853
2026-09-04T06:42:24.849833+09:00,서촌,서촌,POI067,KEY_3,1000037200,자하문로9길,1000022301,동아일보(안국센터),126.9696946832067397_37.5795113265124883,1000022504,리안갤러리,126.9713104107569848_37.5795522254932521,143.0,24.0,서행,126.9713104107569848_37.5795522254932521|126.9696946832067397_37.5795113265124883
2026-09-04T06:42:24.849833+09:00,서촌,서촌,POI067,KEY_3,1000037500,필운대로,1000022204,남전빌라,126.9686980571639339_37.5794765258018728,1000022803,송림빌딩,126.9685356882712739_37.5804932238092491,114.0,23.0,서행,126.9685356882712739_37.5804932238092491|126.9686980571639339_37.5794765258018728
2026-09-04T06:42:24.849833+09:00,서촌,서촌,POI067,KEY_3,1000037600,필운대로,1000022802,송림빌딩,126.9686741950003608_37.5804834577350633,1000022201,남전빌라,126.9688328252975538_37.5794901579994871,111.0,22.0,서행,126.9688328252975538_37.5794901579994871|126.9686741950003608_37.5804834577350633
2026-09-04T06:42:24.849833+09:00,서촌,서촌,POI067,KEY_3,1000037800,자하문로7길,1000022801,송림빌딩,126.9686578562488535_37.5805965200529855,1000022301,동아일보(안국센터),126.9696946832067397_37.5795113265124883,155.0,9.0,정체,126.9696946832067397_37.5795113265124883|126.9692692652712935_37.5800624706534165|126.9690151109681864_37.5803873097957108|126.9688630090200832_37.5805354967659397|126.9687973192017267_37.5805736734474465|126.9686578562488535_37.5805965200529855
2026-09-04T06:42:24.849833+09:00,서촌,서촌,POI067,KEY_3,1000038100,필운대로,1000022804,송림빌딩,126.9685209429991062_37.5806007274706673,1000023103,에프피디,126.9684342930284089_37.5813501306001712,84.0,21.0,서행,126.9684342930284089_37.5813501306001712|126.9685049891164823_37.5807387077675088|126.9685209429991062_37.5806007274706673
2026-09-04T06:42:24.849833+09:00,서촌,서촌,POI067,KEY_3,1000038200,필운대로,1000241300,옥인동 97-1,126.9686402708510542_37.5807486148447012,1000022801,송림빌딩,126.9686578562488535_37.5805965200529855,17.0,7.0,정체,126.9686578562488535_37.5805965200529855|126.9686402708510542_37.5807486148447012
2026-09-04T06:42:24.849833+09:00,서촌,서촌,POI067,KEY_3,1000038300,자하문로17길,1000225200,통인동 36-3,126.9688857136933535_37.5813167023331687,1000023102,에프피디,126.9685736564711362_37.5813247519515699,28.0,12.0,정체,126.9685736564711362_37.5813247519515699|126.9685749712024005_37.5813245125327882|126.9688857136933535_37.5813167023331687
2026-09-04T06:42:24.849833+09:00,서촌,서촌,POI067,KEY_3,1000038400,자하문로17길,1000076600,옥인동 19-26,126.9700897400566646_37.5814884057875389,1000023204,효자동사무소앞교차로,126.9708156731310424_37.5815585293292997,65.0,9.0,정체,126.9708156731310424_37.5815585293292997|126.9700897400566646_37.5814884057875389
2026-09-04T06:42:24.849833+09:00,서촌,서촌,POI067,KEY_3,1000038500,옥인길,1000180200,옥인동 181-10,126.9642459909743053_37.5820107022262775,1000023802,옥인시범아파트,126.9630428521217311_37.5823319085405387,114.0,15.0,서행,126.9630428521217311_37.5823319085405387|126.9634311160631910_37.5822119657700284|126.9638040801608554_37.5821856320575094|126.9638258846782577_37.5821842503104477|126.9639076755914573_37.5821241187128265|126.9640327536944255_37.5820567418513178|126.9642459909743053_37.5820107022262775
2026-09-04T06:42:24.849833+09:00,서촌,서촌,POI067,KEY_3,1000038600,옥인길,1000069500,옥인동 110-1,126.9680003538320960_37.5805898185397709,1000022804,송림빌딩,126.9685209429991062_37.5806007274706673,46.0,14.0,정체,126.9685209429991062_37.5806007274706673|126.9683671770248168_37.5805899174079840|126.9680003538320960_37.5805898185397709
2026-09-04T06:42:24.849833+09:00,서촌,서촌,POI067,KEY_3,1000038700,자하문로16길,1000172200,창성동 90-1,126.9717327455699944_37.5815185120166007,1000023202,효자동사무소앞교차로,126.9709802887062438_37.5814664128165106,67.0,14.0,정체,126.9709802887062438_37.5814664128165106|126.9711685133139412_37.5814868866181371|126.9717224467045895_37.5815159289932978|126.9717327455699944_37.5815185120166007
2026-09-04T06:42:24.849833+09:00,서촌,서촌,POI067,KEY_3,1000038800,자하문로16길,1000068600,효자동 158-3,126.9730842997045812_37.5818361876427218,1000023604,세종로 1-82,126.9736148980526167_37.5818577441157089,47.0,10.0,정체,126.9736148980526167_37.5818577441157089|126.9732424959569812_37.5818454811704967|126.9730842997045812_37.5818361876427218
2026-09-04T06:42:24.849833+09:00,서촌,서촌,POI067,KEY_3,1000039300,필운대로,1000069600,옥인동 24-2,126.9680470023112520_37.5821075252462720,1000023101,에프피디,126.9685342880232355_37.5814428341535844,86.0,15.0,서행,126.9685342880232355_37.5814428341535844|126.9684759826139953_37.5814965813299722|126.9683288819594651_37.5817502410309743|126.9681719575950041_37.5819491441507481|126.9680470023112520_37.5821075252462720
2026-09-04T06:42:24.849833+09:00,서촌,서촌,POI067,KEY_3,1000039400,필운대로,1000157200,신교동 10-2,126.9694797901877337_37.5840007368938416,1000024404,신교동교차로,126.9702887008230903_37.5838981643713623,73.0,19.0,서행,126.9702887008230903_37.5838981643713623|126.9702525079941466_37.5838876996520881|126.9701811117037664_37.5838899539430642|126.9697766764469833_37.5839520242591547|126.9697121775833182_37.5839619230231463|126.9694797901877337_37.5840007368938416
2026-09-04T06:42:24.849833+09:00,성수카페거리,성수카페거리,POI068,KEY_4,1030007102,성수일로,1030090500,성수동1가 14-22,127.0500497846464754_37.5457251894821411,1030002603,경동초등교입구교차로,127.0502646094481776_37.5462577464320475,62.0,15.0,서행,127.0502646094481776_37.5462577464320475|127.0500497846464754_37.5457251894821411
2026-09-04T06:42:24.849833+09:00,성수카페거리,성수카페거리,POI068,KEY_4,1030007202,성수일로,1030090400,성수동2가 276-5,127.0501790706398992_37.5456921266287651,1030012601,경동초교오거리,127.0496733755156384_37.5442307671763373,168.0,18.0,서행,127.0496733755156384_37.5442307671763373|127.0497212170377708_37.5443631248183181|127.0499300180839839_37.5450095261678314|127.0501646242803133_37.5456563134568739|127.0501790706398992_37.5456921266287651
2026-09-04T06:42:24.849833+09:00,성수카페거리,성수카페거리,POI068,KEY_4,1030005301,성수이로,1030101200,성수동2가 331-178,127.0550821086010416_37.5394988488500658,1030010703,갤러리까르찌나,127.0561816633971404_37.5421553809868200,310.0,19.0,서행,127.0561816633971404_37.5421553809868200|127.0557526736894971_37.5411339142652452|127.0557239227858446_37.5410654544732481|127.0553170924106041_37.5400832535740463|127.0552972968159366_37.5400354608421907|127.0550821086010416_37.5394988488500658
2026-09-04T06:42:24.849833+09:00,성수카페거리,성수카페거리,POI068,KEY_4,1030005302,성수이로,1030073200,성수동2가 276-5,127.0568177720555667_37.5436940280859019,1030002203,성수역앞교차로,127.0570347466332066_37.5442328886752179,63.0,19.0,서행,127.0570347466332066_37.5442328886752179|127.0569509882276407_37.5440193491518812|127.0568177720555667_37.5436940280859019
2026-09-04T06:42:24.849833+09:00,성수카페거리,성수카페거리,POI068,KEY_4,1030005402,성수이로,1030073300,성수동2가 276-5,127.0569468700353042_37.5436605114481381,1030010701,갤러리까르찌나,127.0563519556657468_37.5422201231263841,168.0,18.0,서행,127.0563519556657468_37.5422201231263841|127.0565888381958075_37.5427861677397772|127.0569468700353042_37.5436605114481381
2026-09-04T06:42:24.849833+09:00,성수카페거리,성수카페거리,POI068,KEY_4,1030006700,아차산로,1030155100,최소노드배치점,127.0605345627924692_37.5431769314548376,1030002202,성수역앞교차로,127.0571620452814585_37.5441947558812004,319.0,19.0,서행,127.0571620452814585_37.5441947558812004|127.0596780069787854_37.5434366092217857|127.0605345627924692_37.5431769314548376
2026-09-04T06:42:24.849833+09:00,성수카페거리,성수카페거리,POI068,KEY_4,1030006800,아차산로,1030155200,최소노드배치점,127.0605828789987299_37.5432779751978245,1040017704,성수사거리,127.0639614752629001_37.5422536244032941,319.0,27.8,원활,127.0639614752629001_37.5422536244032941|127.0605828789987299_37.5432779751978245
2026-09-04T06:42:24.849833+09:00,성수카페거리,성수카페거리,POI068,KEY_4,1030007101,성수일로,1030058800,성수동1가 656-6,127.0494476137624815_37.5439902196161697,1030012603,경동초교오거리,127.0495158134506823_37.5441849133654415,22.0,21.0,서행,127.0495158134506823_37.5441849133654415|127.0494476137624815_37.5439902196161697
2026-09-04T06:42:24.849833+09:00,성수카페거리,성수카페거리,POI068,KEY_4,1030007501,아차산로,1030014203,성수동2가 289-36,127.0539586731564441_37.5451536346176411,1030002602,경동초등교입구교차로,127.0503914838047592_37.5462187041797151,337.0,26.0,원활,127.0503914838047592_37.5462187041797151|127.0523124049013006_37.5456446551002117|127.0539586731564441_37.5451536346176411
2026-09-04T06:42:24.849833+09:00,성수카페거리,성수카페거리,POI068,KEY_4,1030007502,아차산로,1030002203,성수역앞교차로,127.0570347466332066_37.5442328886752179,1030014202,성수동2가 289-36,127.0540851813006498_37.5451156524000069,278.0,30.0,원활,127.0540851813006498_37.5451156524000069|127.0551155584557677_37.5448042641446307|127.0552432926114363_37.5447659621741821|127.0570347466332066_37.5442328886752179
2026-09-04T06:42:24.849833+09:00,성수카페거리,성수카페거리,POI068,KEY_4,1030007601,아차산로,1030002601,경동초등교입구교차로,127.0504329599087896_37.5463217931361726,1030014204,성수동2가 289-30,127.0540063077144595_37.5452548832955628,337.0,24.0,서행,127.0540063077144595_37.5452548832955628|127.0523600803686293_37.5457458918457476|127.0504329599087896_37.5463217931361726
2026-09-04T06:42:24.849833+09:00,성수카페거리,성수카페거리,POI068,KEY_4,1030007602,아차산로,1030014201,성수동2가 289-30,127.0541333653158063_37.5452167369424359,1030013104,제일빌딩,127.0551637436607280_37.5449053482710156,97.0,16.0,서행,127.0551637436607280_37.5449053482710156|127.0541333653158063_37.5452167369424359
2026-09-04T06:42:24.849833+09:00,성수카페거리,성수카페거리,POI068,KEY_4,1030007603,아차산로,1030013101,제일빌딩,127.0552908264291858_37.5448672411363233,1030002204,성수역앞교차로,127.0570737295237649_37.5443367120808986,168.0,32.0,원활,127.0570737295237649_37.5443367120808986|127.0552908264291858_37.5448672411363233
2026-09-04T06:42:24.849833+09:00,성수카페거리,성수카페거리,POI068,KEY_4,1030008501,성수이로,1030002204,성수역앞교차로,127.0570737295237649_37.5443367120808986,1030013503,한국창업경제신문,127.0572046441045018_37.5448312398540978,56.0,19.0,서행,127.0572046441045018_37.5448312398540978|127.0571171648273179_37.5444570554124013|127.0570737295237649_37.5443367120808986
2026-09-04T06:42:24.849833+09:00,성수카페거리,성수카페거리,POI068,KEY_4,1030008502,성수이로,1030013504,한국창업경제신문,127.0572313244105942_37.5449387006975996,1030015303,성수동2가 289-30,127.0576054505362151_37.5463843181490162,164.0,26.0,원활,127.0576054505362151_37.5463843181490162|127.0572313244105942_37.5449387006975996
2026-09-04T06:42:24.849833+09:00,성수카페거리,성수카페거리,POI068,KEY_4,1030008601,성수이로,1030013502,한국창업경제신문,127.0573338133080341_37.5447929467852788,1030002201,성수역앞교차로,127.0572012394779193_37.5442985484642762,56.0,19.0,서행,127.0572012394779193_37.5442985484642762|127.0572494690148631_37.5444321733197555|127.0573338133080341_37.5447929467852788
2026-09-04T06:42:24.849833+09:00,성수카페거리,성수카페거리,POI068,KEY_4,1030008602,성수이로,1030015302,성수동2가 289-30,127.0577384472191653_37.5463624968232850,1030013501,한국창업경제신문,127.0573600869082753_37.5449005282458117,166.0,20.0,서행,127.0573600869082753_37.5449005282458117|127.0577384472191653_37.5463624968232850
2026-09-04T06:42:24.849833+09:00,성수카페거리,성수카페거리,POI068,KEY_4,1030009102,아차산로,1030016003,뚝섬역(서울2호선),127.0466946591980104_37.5474024880960968,1030017102,뚝섬역앞교차로,127.0445619470601031_37.5480557481142156,202.0,25.0,원활,127.0445619470601031_37.5480557481142156|127.0446249032181640_37.5480437882236018|127.0458005883487971_37.5477079881317337|127.0466946591980104_37.5474024880960968
2026-09-04T06:42:24.849833+09:00,성수카페거리,성수카페거리,POI068,KEY_4,1030009103,아차산로,1030015603,뚝섬미술관,127.0485988749721571_37.5467876679392063,1030016002,뚝섬역(서울2호선),127.0468607627340276_37.5473483609669358,166.0,30.0,원활,127.0468607627340276_37.5473483609669358|127.0485988749721571_37.5467876679392063
2026-09-04T06:42:24.849833+09:00,성수카페거리,성수카페거리,POI068,KEY_4,1030009104,아차산로,1030002603,경동초등교입구교차로,127.0502646094481776_37.5462577464320475,1030015602,뚝섬미술관,127.0487523357495689_37.5467383237563368,144.0,25.0,원활,127.0487523357495689_37.5467383237563368|127.0502646094481776_37.5462577464320475
2026-09-04T06:42:24.849833+09:00,성수카페거리,성수카페거리,POI068,KEY_4,1030009203,아차산로,1030016300,뚝섬역1번출구,127.0458502973536099_37.5478085500334871,1030015604,뚝섬미술관,127.0486498669871906_37.5468878757781184,268.0,37.0,원활,127.0486498669871906_37.5468878757781184|127.0469117528058831_37.5474485695482230|127.0467481960743328_37.5475018476119402|127.0458502973536099_37.5478085500334871
2026-09-04T06:42:24.849833+09:00,성수카페거리,성수카페거리,POI068,KEY_4,1030009204,아차산로,1030015601,뚝섬미술관,127.0488026707037932_37.5468387411565701,1030002604,경동초등교입구교차로,127.0503061250636279_37.5463609661244959,143.0,28.0,원활,127.0503061250636279_37.5463609661244959|127.0488026707037932_37.5468387411565701
2026-09-04T06:42:24.849833+09:00,성수카페거리,성수카페거리,POI068,KEY_4,1030010600,성수일로,1030129800,성수동2가 289-30,127.0506496017160885_37.5468618000411780,1030002601,경동초등교입구교차로,127.0504329599087896_37.5463217931361726,63.0,16.0,서행,127.0504329599087896_37.5463217931361726|127.0506496017160885_37.5468618000411780
2026-09-04T06:42:24.849833+09:00,성수카페거리,성수카페거리,POI068,KEY_4,1030023302,성수이로16길,1030037901,성수동2가 816-4,127.0621568721912524_37.5392269336933992,1030037801,속성변화점,127.0604922348733794_37.5399737831362117,173.0,13.0,정체,127.0604922348733794_37.5399737831362117|127.0618595275038842_37.5395244777699517|127.0621167614787623_37.5392508297864680|127.0621568721912524_37.5392269336933992
2026-09-04T06:42:24.849833+09:00,성수카페거리,성수카페거리,POI068,KEY_4,1030023401,뚝섬로17길,1030074400,성수동2가 269-236,127.0598357008560555_37.5390819065168984,1030037802,속성변화점,127.0604272390665699_37.5401121045390269,126.0,21.0,서행,127.0604272390665699_37.5401121045390269|127.0600046535807337_37.5394385874640051|127.0598475191505088_37.5391161993069318|127.0598357008560555_37.5390819065168984
2026-09-04T06:42:24.849833+09:00,성수카페거리,성수카페거리,POI068,KEY_4,1030023402,성수이로16길,1030037802,속성변화점,127.0604272390665699_37.5401121045390269,1030037902,성수동2가 250-7,127.0622137260167790_37.5393281047465095,185.0,10.0,정체,127.0622137260167790_37.5393281047465095|127.0619458477006418_37.5396130764986964|127.0604272390665699_37.5401121045390269
2026-09-04T06:42:24.849833+09:00,성수카페거리,성수카페거리,POI068,KEY_4,1030025200,연무장길,1030130600,성수동2가 275-24,127.0580091136766612_37.5415980110375500,1030010702,갤러리까르찌나,127.0563089149059834_37.5421174674703337,161.0,10.0,정체,127.0563089149059834_37.5421174674703337|127.0580091136766612_37.5415980110375500
2026-09-04T06:42:24.849833+09:00,성수카페거리,성수카페거리,POI068,KEY_4,1030025300,연무장길,1030082400,성수동2가 275-24,127.0594801592498300_37.5412693964118844,1040016704,성수동2가 276-5,127.0628163093967800_37.5402655849892426,315.0,7.0,정체,127.0628163093967800_37.5402655849892426|127.0621978736841697_37.5404485565288084|127.0615071171166619_37.5406572039244466|127.0595653770350850_37.5412436909119265|127.0594801592498300_37.5412693964118844
2026-09-04T06:42:24.849833+09:00,성수카페거리,성수카페거리,POI068,KEY_4,1030026201,뚝섬로5길,1030007907,성수동2가333-84,127.0511418059016080_37.5419733463633918,1030008301,성수동1가 276-34,127.0505209099312509_37.5400671167226250,219.0,22.0,서행,127.0505209099312509_37.5400671167226250|127.0507009988581331_37.5406931957032413|127.0507129685465060_37.5407249042804665|127.0508491504052273_37.5410856579620003|127.0508645474510132_37.5411323611306713|127.0509856790272210_37.5414997819916394|127.0511418059016080_37.5419733463633918
2026-09-04T06:42:24.849833+09:00,성수카페거리,성수카페거리,POI068,KEY_4,1030026202,뚝섬로5길,1030153900,최소노드배치점,127.0539358567467474_37.5415236710096067,1030007907,성수동2가333-84,127.0511418059016080_37.5419733463633918,279.0,18.0,서행,127.0511418059016080_37.5419733463633918|127.0533057566949822_37.5419987135351718|127.0535888319341069_37.5420086775092159|127.0535916655420721_37.5420074544678215|127.0539384595522705_37.5415398732796817|127.0539362246359900_37.5415239464283061|127.0539358567467474_37.5415236710096067
2026-09-04T06:42:24.849833+09:00,성수카페거리,성수카페거리,POI068,KEY_4,1030026301,뚝섬로5길,1030154000,최소노드배치점,127.0540288655895154_37.5414448991232348,1030007902,성원중학교,127.0518167576303341_37.5397389713006930,272.0,18.0,서행,127.0518167576303341_37.5397389713006930|127.0519510862119006_37.5398521095855244|127.0531043952893810_37.5407527892537374|127.0540288655895154_37.5414448991232348
2026-09-04T06:42:24.849833+09:00,성수카페거리,성수카페거리,POI068,KEY_4,1030026302,뚝섬로5길,1030058200,성수동1가 694-3,127.0508543466555835_37.5415272349326870,1030007908,성수동2가333-84,127.0510408429570361_37.5420318807305975,59.0,10.0,정체,127.0510408429570361_37.5420318807305975|127.0510093731079735_37.5419974645077161|127.0508543466555835_37.5415272349326870
2026-09-04T06:42:24.849833+09:00,성수카페거리,성수카페거리,POI068,KEY_4,1030027500,연무장길,1030046400,성수동1가 16-11,127.0498135853201518_37.5440720015569482,1030012602,경동초교오거리,127.0496362503706678_37.5441262961726352,17.0,5.0,정체,127.0496362503706678_37.5441262961726352|127.0498135853201518_37.5440720015569482
2026-09-04T06:42:24.849833+09:00,성수카페거리,성수카페거리,POI068,KEY_4,1030027600,연무장길,1030056400,성수동2가 314-20,127.0513077026240580_37.5437303719044237,1030010704,갤러리까르찌나,127.0562246716134780_37.5422579759689938,464.0,10.0,정체,127.0562246716134780_37.5422579759689938|127.0545637037083964_37.5427394156326670|127.0541726371046565_37.5428610368981666|127.0532280717800546_37.5431468348450679|127.0526780596860021_37.5433132479891327|127.0519993710612709_37.5435185892961556|127.0513077026240580_37.5437303719044237
2026-09-04T06:42:24.849833+09:00,성수카페거리,성수카페거리,POI068,KEY_4,1030030200,성수일로8길,1030013503,한국창업경제신문,127.0572046441045018_37.5448312398540978,1030014702,롯데캐슬파크아파트,127.0555171066052367_37.5453315049633218,159.0,21.0,서행,127.0555171066052367_37.5453315049633218|127.0572046441045018_37.5448312398540978
2026-09-04T06:42:24.849833+09:00,성수카페거리,성수카페거리,POI068,KEY_4,1030030300,성수일로8길,1030014701,롯데캐슬파크아파트,127.0555644840728888_37.5454328297893198,1030013504,한국창업경제신문,127.0572313244105942_37.5449387006975996,157.0,20.0,서행,127.0572313244105942_37.5449387006975996|127.0555644840728888_37.5454328297893198
2026-09-04T06:42:24.849833+09:00,성수카페거리,성수카페거리,POI068,KEY_4,1030030400,아차산로.성수일로8길,1030014702,롯데캐슬파크아파트,127.0555171066052367_37.5453315049633218,1030013101,제일빌딩,127.0552908264291858_37.5448672411363233,55.0,35.0,원활,127.0552908264291858_37.5448672411363233|127.0555171066052367_37.5453315049633218
2026-09-04T06:42:24.849833+09:00,성수카페거리,성수카페거리,POI068,KEY_4,1030030500,아차산로.성수일로8길,1030013104,제일빌딩,127.0551637436607280_37.5449053482710156,1030014703,롯데캐슬파크아파트,127.0553898422885766_37.5453692393267602,55.0,24.0,서행,127.0553898422885766_37.5453692393267602|127.0551637436607280_37.5449053482710156
2026-09-04T06:42:24.849833+09:00,성수카페거리,성수카페거리,POI068,KEY_4,1030030800,아차산로7길,1030014802,성수미술관,127.0543504174999470_37.5456774935109223,1030014201,성수동2가 289-30,127.0541333653158063_37.5452167369424359,55.0,20.0,서행,127.0541333653158063_37.5452167369424359|127.0543504174999470_37.5456774935109223
2026-09-04T06:42:24.849833+09:00,성수카페거리,성수카페거리,POI068,KEY_4,1030030900,아차산로7길,1030014204,성수동2가 289-30,127.0540063077144595_37.5452548832955628,1030014803,성수미술관,127.0542232774579929_37.5457154645452462,55.0,4.0,정체,127.0542232774579929_37.5457154645452462|127.0540063077144595_37.5452548832955628
2026-09-04T06:42:24.849833+09:00,성수카페거리,성수카페거리,POI068,KEY_4,1030031000,성수일로8길,1030014703,롯데캐슬파크아파트,127.0553898422885766_37.5453692393267602,1030014802,성수미술관,127.0543504174999470_37.5456774935109223,98.0,20.0,서행,127.0543504174999470_37.5456774935109223|127.0553898422885766_37.5453692393267602
2026-09-04T06:42:24.849833+09:00,성수카페거리,성수카페거리,POI068,KEY_4,1030031100,성수일로8길,1030014801,성수미술관,127.0543982553893017_37.5457786826499387,1030014704,롯데캐슬파크아파트,127.0554372382108852_37.5454705586781685,98.0,30.0,원활,127.0554372382108852_37.5454705586781685|127.0543982553893017_37.5457786826499387
2026-09-04T06:42:24.849833+09:00,성수카페거리,성수카페거리,POI068,KEY_4,1030031200,상원1길,1030091200,성수동1가 9-9,127.0475389473704695_37.5463909592910170,1030016003,뚝섬역(서울2호선),127.0466946591980104_37.5474024880960968,136.0,6.0,정체,127.0466946591980104_37.5474024880960968|127.0467667964252172_37.5472315847214801|127.0468079071165732_37.5471725962568641|127.0475389473704695_37.5463909592910170
2026-09-04T06:42:24.849833+09:00,성수카페거리,성수카페거리,POI068,KEY_4,1030031300,상원1길,1030092700,성수동1가 656-596,127.0491527603527828_37.5449023730718565,1030012604,경동초교오거리,127.0495606160925774_37.5443097282205116,75.0,9.0,정체,127.0495606160925774_37.5443097282205116|127.0495429811575576_37.5443262001981850|127.0494710750145373_37.5444208496823464|127.0493422255462690_37.5446591584226965|127.0492106063175726_37.5448424117116630|127.0491527603527828_37.5449023730718565
2026-09-04T06:42:24.849833+09:00,성수카페거리,성수카페거리,POI068,KEY_4,1030031800,아차산로7길,1030015802,성수2가3동주민센터,127.0551108236613373_37.5472806334136706,1030014801,성수미술관,127.0543982553893017_37.5457786826499387,178.0,16.0,서행,127.0543982553893017_37.5457786826499387|127.0551108236613373_37.5472806334136706
2026-09-04T06:42:24.849833+09:00,성수카페거리,성수카페거리,POI068,KEY_4,1030031900,아차산로7길,1030014804,성수미술관,127.0542712260709806_37.5458168891166935,1030015803,성수2가3동주민센터,127.0549936974906160_37.5473397187022684,181.0,9.0,정체,127.0549936974906160_37.5473397187022684|127.0542712260709806_37.5458168891166935
2026-09-04T06:42:24.849833+09:00,성수카페거리,성수카페거리,POI068,KEY_4,1030035200,상원길,1030106300,성수동1가 13-219,127.0486061067635859_37.5475435639625346,1030015601,뚝섬미술관,127.0488026707037932_37.5468387411565701,80.0,13.0,정체,127.0488026707037932_37.5468387411565701|127.0486061067635859_37.5475435639625346
2026-09-04T06:42:24.849833+09:00,성수카페거리,성수카페거리,POI068,KEY_4,1040001301,동일로,1040000604,영동대교북단교차로,127.0610526784373917_37.5373122223369862,1030037901,성수동2가 816-4,127.0621568721912524_37.5392269336933992,234.0,13.0,정체,127.0621568721912524_37.5392269336933992|127.0611551294457797_37.5374646790849980|127.0610526784373917_37.5373122223369862
2026-09-04T06:42:24.849833+09:00,성수카페거리,성수카페거리,POI068,KEY_4,1040001303,동일로,1030123900,성수동2가 276-5,127.0636134955508538_37.5416490130212281,1040017703,성수사거리,127.0639050895056812_37.5421550277301534,62.0,30.0,원활,127.0639050895056812_37.5421550277301534|127.0636134955508538_37.5416490130212281
2026-09-04T06:42:24.849833+09:00,성수카페거리,성수카페거리,POI068,KEY_4,1040001304,동일로,1030037902,성수동2가 250-7,127.0622137260167790_37.5393281047465095,1040015802,영동대교고가차도(북측),127.0623811726308219_37.5394948679126799,24.0,11.0,정체,127.0623811726308219_37.5394948679126799|127.0622166959724524_37.5393334314916913|127.0622137260167790_37.5393281047465095
2026-09-04T06:42:24.849833+09:00,성수카페거리,성수카페거리,POI068,KEY_4,1040001305,동일로,1030151300,성수동2가 250-7,127.0624969443109649_37.5397001913100041,1040016703,성수동2가 276-5,127.0627600875261436_37.5401668764377092,57.0,18.0,서행,127.0627600875261436_37.5401668764377092|127.0624969443109649_37.5397001913100041
2026-09-04T06:42:24.849833+09:00,성수카페거리,성수카페거리,POI068,KEY_4,1040001401,동일로,1040015801,영동대교고가차도(북측),127.0625052128641386_37.5394503728433619,1040000601,영동대교북단교차로,127.0613146223214329_37.5372437064079918,267.0,24.0,서행,127.0613146223214329_37.5372437064079918|127.0613988379963502_37.5373690267760622|127.0624191875248812_37.5391674512574340|127.0624742122687110_37.5392650416171847|127.0625052128641386_37.5394503728433619
2026-09-04T06:42:24.849833+09:00,성수카페거리,성수카페거리,POI068,KEY_4,1040001402,동일로,1040016702,자양동 24-10,127.0628863220353537_37.5401267628382485,1040015801,영동대교고가차도(북측),127.0625052128641386_37.5394503728433619,82.0,14.0,정체,127.0625052128641386_37.5394503728433619|127.0626209903454509_37.5396558553713575|127.0628863220353537_37.5401267628382485
2026-09-04T06:42:24.849833+09:00,성수카페거리,성수카페거리,POI068,KEY_4,1040001403,동일로,1040136200,자양동 23-9,127.0637369066414379_37.5416039221817570,1040016701,자양동 24-10,127.0629424504767826_37.5402252363948463,168.0,14.0,정체,127.0629424504767826_37.5402252363948463|127.0637369066414379_37.5416039221817570
2026-09-04T06:42:24.849833+09:00,성수카페거리,성수카페거리,POI068,KEY_4,1040011000,아차산로,1040140700,최소노드배치점,127.0672902949043674_37.5410070020582083,1040017702,성수사거리,127.0640311954609132_37.5421146116750606,313.0,29.0,원활,127.0640311954609132_37.5421146116750606|127.0672609375260862_37.5410170619344754|127.0672902949043674_37.5410070020582083
2026-09-04T06:42:24.849833+09:00,성수카페거리,성수카페거리,POI068,KEY_4,1040026800,동일로,1030154600,최소노드배치점,127.0610289490025622_37.5371433839890969,1040015802,영동대교고가차도(북측),127.0623811726308219_37.5394948679126799,287.0,57.7,원활,127.0623811726308219_37.5394948679126799|127.0612160481458659_37.5374407538958650|127.0610904233777774_37.5372538118366208|127.0610289490025622_37.5371433839890969
2026-09-04T06:42:24.849833+09:00,성수카페거리,성수카페거리,POI068,KEY_4,1040029200,동일로18길,1040130400,자양동 16-35,127.0636162082404610_37.5398770706210243,1040016702,자양동 24-10,127.0628863220353537_37.5401267628382485,70.0,20.0,서행,127.0628863220353537_37.5401267628382485|127.0636162082404610_37.5398770706210243
2026-09-04T06:42:24.849833+09:00,성수카페거리,성수카페거리,POI068,KEY_4,1040042400,동일로,1040133600,화양동 50-7,127.0643751852390722_37.5427205809451507,1040017701,성수사거리,127.0640874503661450_37.5422130496247988,62.0,17.0,서행,127.0640874503661450_37.5422130496247988|127.0643751852390722_37.5427205809451507
2026-09-04T06:42:24.849833+09:00,송리단길·호수단길,송리단길·호수단길,POI121,KEY_1,1230002901,송파대로,1230403000,석촌동 323,127.1079092974091509_37.5043480585392359,1230001503,석촌역사거리,127.1071785823462221_37.5051497573641299,110.0,25.3,원활,127.1071785823462221_37.5051497573641299|127.1079092974091509_37.5043480585392359
2026-09-04T06:42:24.849833+09:00,송리단길·호수단길,송리단길·호수단길,POI121,KEY_1,1230003102,송파대로,1230412500,석촌동 209,127.1044792274671522_37.5081049831544888,1230036703,석촌호수앞교차로,127.1039824947923051_37.5086487529905597,75.0,25.7,원활,127.1039824947923051_37.5086487529905597|127.1044792274671522_37.5081049831544888
2026-09-04T06:42:24.849833+09:00,송리단길·호수단길,송리단길·호수단길,POI121,KEY_1,1230003202,송파대로,1230374800,송파동 69,127.1062313433935884_37.5063706298099575,1230001501,석촌역사거리,127.1072109621140953_37.5052981513314023,147.0,19.0,서행,127.1072109621140953_37.5052981513314023|127.1062313433935884_37.5063706298099575
2026-09-04T06:42:24.849833+09:00,송리단길·호수단길,송리단길·호수단길,POI121,KEY_1,1230003300,송파대로,1230036704,석촌호수앞교차로,127.1039028911642674_37.5087367936795530,1230001703,석촌호수앞교차로,127.1017878219228550_37.5111046223331428,323.0,51.0,원활,127.1017878219228550_37.5111046223331428|127.1039028911642674_37.5087367936795530
2026-09-04T06:42:24.849833+09:00,송리단길·호수단길,송리단길·호수단길,POI121,KEY_1,1230003400,송파대로,1230001702,석촌호수앞교차로,127.1019076941057762_37.5111569141952117,1230036701,석촌호수앞교차로,127.1040028890472797_37.5088113302377195,320.0,27.5,원활,127.1040028890472797_37.5088113302377195|127.1019076941057762_37.5111569141952117
2026-09-04T06:42:24.849833+09:00,송리단길·호수단길,송리단길·호수단길,POI121,KEY_1,1230017104,백제고분로,1230030504,석촌동주민센터,127.1032847802360806_37.5038619289310020,1230031102,석촌지하차도(동측),127.1046857627125632_37.5042645101804695,133.0,27.0,원활,127.1046857627125632_37.5042645101804695|127.1044083485424636_37.5042361486825016|127.1034318138435708_37.5039319569095682|127.1032847802360806_37.5038619289310020
2026-09-04T06:42:24.849833+09:00,송리단길·호수단길,송리단길·호수단길,POI121,KEY_1,1230017105,백제고분로,1230408300,석촌동 208,127.1063402833136706_37.5048772465737272,1230001504,석촌역사거리,127.1070984507477277_37.5052375718930762,78.0,35.0,원활,127.1070984507477277_37.5052375718930762|127.1063402833136706_37.5048772465737272
2026-09-04T06:42:24.849833+09:00,송리단길·호수단길,송리단길·호수단길,POI121,KEY_1,1230018100,삼학사로,1230399400,삼전동 152,127.0971851736833997_37.5058146183606098,1230034303,석촌호교차로,127.0972427646003808_37.5065427063586085,81.0,25.0,원활,127.0972427646003808_37.5065427063586085|127.0971851736833997_37.5058146183606098
2026-09-04T06:42:24.849833+09:00,송리단길·호수단길,송리단길·호수단길,POI121,KEY_1,1230020300,석촌호수로,1230425400,최소노드배치점,127.1008735740489470_37.5071235777689509,1230036704,석촌호수앞교차로,127.1039028911642674_37.5087367936795530,323.0,21.3,서행,127.1039028911642674_37.5087367936795530|127.1030871966188158_37.5081804312170775|127.1027814029224459_37.5079972621807372|127.1027257780679207_37.5079698553039691|127.1018874551534168_37.5075568002840285|127.1015021632143061_37.5073921700333557|127.1008735740489470_37.5071235777689509
2026-09-04T06:42:24.849833+09:00,송리단길·호수단길,송리단길·호수단길,POI121,KEY_1,1230020400,석촌호수로,1230369400,석촌동 191,127.0987703823118125_37.5064112799268017,1230034302,석촌호교차로,127.0973765618586384_37.5065150079019958,125.0,31.0,원활,127.0973765618586384_37.5065150079019958|127.0976452744375536_37.5064483289197952|127.0979269591683192_37.5064090615062042|127.0982641563232818_37.5063794736021237|127.0986308344447906_37.5063986405236136|127.0987703823118125_37.5064112799268017
2026-09-04T06:42:24.849833+09:00,송리단길·호수단길,송리단길·호수단길,POI121,KEY_1,1230020702,백제고분로,1230001501,석촌역사거리,127.1072109621140953_37.5052981513314023,1230034004,송파1동주민센터,127.1088655538812588_37.5063711660504993,189.0,8.0,정체,127.1088655538812588_37.5063711660504993|127.1081423911864619_37.5058679402322923|127.1078766893419214_37.5057054024290366|127.1072109621140953_37.5052981513314023
2026-09-04T06:42:24.849833+09:00,송리단길·호수단길,송리단길·호수단길,POI121,KEY_1,1230020703,백제고분로,1230379600,송파동 65,127.1103575111599184_37.5077338034744230,1230037103,신도빌딩,127.1112559046677433_37.5088767942406491,150.0,22.0,서행,127.1112559046677433_37.5088767942406491|127.1106628130731337_37.5080966789885863|127.1105723711036433_37.5079891819933167|127.1103575111599184_37.5077338034744230
2026-09-04T06:42:24.849833+09:00,송리단길·호수단길,송리단길·호수단길,POI121,KEY_1,1230020704,백제고분로,1230037104,신도빌딩,127.1113205737348011_37.5089721229789319,1230038703,방이사거리,127.1121447508134281_37.5103227955162382,167.0,20.7,서행,127.1121447508134281_37.5103227955162382|127.1113205737348011_37.5089721229789319
2026-09-04T06:42:24.849833+09:00,송리단길·호수단길,송리단길·호수단길,POI121,KEY_1,1230020802,백제고분로,1230380600,송파동 1-1,127.1079593458693466_37.5056196474404473,1230001502,석촌역사거리,127.1072907892475996_37.5052106659885780,75.0,33.0,원활,127.1072907892475996_37.5052106659885780|127.1079593458693466_37.5056196474404473
2026-09-04T06:42:24.849833+09:00,송리단길·호수단길,송리단길·호수단길,POI121,KEY_1,1230020803,백제고분로,1230374600,송파동 1-10,127.1106851121904526_37.5079289853775180,1230034002,송파1동주민센터,127.1090542359617643_37.5063612342065085,227.0,43.0,원활,127.1090542359617643_37.5063612342065085|127.1092969398728911_37.5065416094445183|127.1103283201647685_37.5075049084885492|127.1104702520797503_37.5076736070397345|127.1106851121904526_37.5079289853775180
2026-09-04T06:42:24.849833+09:00,송리단길·호수단길,송리단길·호수단길,POI121,KEY_1,1230020804,백제고분로,1230038702,방이사거리,127.1122582668871672_37.5102615124608363,1230037101,신도빌딩,127.1114426409161240_37.5089248551582415,165.0,32.0,원활,127.1114426409161240_37.5089248551582415|127.1122582668871672_37.5102615124608363
2026-09-04T06:42:24.849833+09:00,송리단길·호수단길,송리단길·호수단길,POI121,KEY_1,1230022100,오금로,1230367600,송파동 3-15,127.1135151757795256_37.5095306777973931,1230038702,방이사거리,127.1122582668871672_37.5102615124608363,138.0,34.0,원활,127.1122582668871672_37.5102615124608363|127.1125345987760653_37.5100795617425007|127.1131362332325097_37.5097427951161677|127.1135151757795256_37.5095306777973931
2026-09-04T06:42:24.849833+09:00,송리단길·호수단길,송리단길·호수단길,POI121,KEY_1,1230023701,석촌호수로,1230036701,석촌호수앞교차로,127.1040028890472797_37.5088113302377195,1230038204,수림빌딩,127.1051505452613100_37.5097264956549949,144.0,12.0,정체,127.1051505452613100_37.5097264956549949|127.1048424116308126_37.5094807866672255|127.1040028890472797_37.5088113302377195
2026-09-04T06:42:24.849833+09:00,송리단길·호수단길,송리단길·호수단길,POI121,KEY_1,1230023801,석촌호수로,1230383600,송파동 60,127.1049384312716057_37.5094043721425194,1230036702,석촌호수앞교차로,127.1040831324389728_37.5087223370806129,107.0,21.0,서행,127.1040831324389728_37.5087223370806129|127.1049384312716057_37.5094043721425194
2026-09-04T06:42:24.849833+09:00,송리단길·호수단길,송리단길·호수단길,POI121,KEY_1,1230023802,석촌호수로,1230380500,송파동 61,127.1061749184303977_37.5103810412995244,1230038202,수림빌딩,127.1053428869681454_37.5097263595970531,103.0,29.0,원활,127.1053428869681454_37.5097263595970531|127.1061749184303977_37.5103810412995244
2026-09-04T06:42:24.849833+09:00,송리단길·호수단길,송리단길·호수단길,POI121,KEY_1,1230023803,석촌호수로,1230041503,방이삼거리,127.1081921675338720_37.5119304002947942,1230039702,송파동 62,127.1071007108080408_37.5111082344274962,133.0,16.0,서행,127.1071007108080408_37.5111082344274962|127.1080242959557012_37.5118163213665241|127.1081921675338720_37.5119304002947942
2026-09-04T06:42:24.849833+09:00,송리단길·호수단길,송리단길·호수단길,POI121,KEY_1,1230024301,오금로,1230038703,방이사거리,127.1121447508134281_37.5103227955162382,1230039102,송파동 63,127.1111596082041189_37.5107203252610688,98.0,13.0,정체,127.1111596082041189_37.5107203252610688|127.1121447508134281_37.5103227955162382
2026-09-04T06:42:24.849833+09:00,송리단길·호수단길,송리단길·호수단길,POI121,KEY_1,1230024302,오금로,1230384900,송파동 62,127.1086886760872829_37.5117147904571766,1230041503,방이삼거리,127.1081921675338720_37.5119304002947942,50.0,15.0,서행,127.1081921675338720_37.5119304002947942|127.1083902263657990_37.5118348937114661|127.1086886760872829_37.5117147904571766
2026-09-04T06:42:24.849833+09:00,송리단길·호수단길,송리단길·호수단길,POI121,KEY_1,1230024401,오금로,1230418600,방이동 95-2,127.1089129889832350_37.5117456548715751,1230038704,방이사거리,127.1122045332657819_37.5104198722678603,326.0,20.0,서행,127.1122045332657819_37.5104198722678603|127.1112209404749507_37.5108167767394178|127.1110993930582396_37.5108657544525386|127.1089129889832350_37.5117456548715751
2026-09-04T06:42:24.849833+09:00,송리단길·호수단길,송리단길·호수단길,POI121,KEY_1,1230026801,백제고분로,1230392100,방이동 1,127.1132825222936447_37.5119110717846382,1230038701,방이사거리,127.1123196324729321_37.5103613805438485,192.0,23.7,서행,127.1123196324729321_37.5103613805438485|127.1132825222936447_37.5119110717846382
2026-09-04T06:42:24.849833+09:00,송리단길·호수단길,송리단길·호수단길,POI121,KEY_1,1230066800,백제고분로,1230420900,최소노드배치점,127.1020075911652043_37.5034155122325359,1230031102,석촌지하차도(동측),127.1046857627125632_37.5042645101804695,255.0,56.0,원활,127.1046857627125632_37.5042645101804695|127.1032055646133756_37.5037916422219624|127.1020075911652043_37.5034155122325359
2026-09-04T06:42:24.849833+09:00,송리단길·호수단길,송리단길·호수단길,POI121,KEY_1,1230073600,백제고분로41길,1230362400,송파동 74,127.1055839132151277_37.5093570558199474,1230038203,수림빌딩,127.1052465652364560_37.5096500807059527,44.0,11.0,정체,127.1052465652364560_37.5096500807059527|127.1053208564511436_37.5095948198186591|127.1055839132151277_37.5093570558199474
2026-09-04T06:42:24.849833+09:00,송리단길·호수단길,송리단길·호수단길,POI121,KEY_1,1230074600,백제고분로45길,1230389500,송파동 80,127.1105001379963824_37.5092557763212895,1230038002,청원빌딩,127.1102116389035928_37.5094004430019652,30.0,7.0,정체,127.1102116389035928_37.5094004430019652|127.1105001379963824_37.5092557763212895
2026-09-04T06:42:24.849833+09:00,송리단길·호수단길,송리단길·호수단길,POI121,KEY_1,1230074700,백제고분로45길,1230415900,송파동 80,127.1109042025177871_37.5091809150388968,1230037104,신도빌딩,127.1113205737348011_37.5089721229789319,43.0,22.0,서행,127.1113205737348011_37.5089721229789319|127.1109042025177871_37.5091809150388968
2026-09-04T06:42:24.849833+09:00,송리단길·호수단길,송리단길·호수단길,POI121,KEY_1,1230076000,오금로18길,1230404700,송파동 80,127.1108701645754735_37.5103349829974491,1230038001,청원빌딩,127.1102839409552985_37.5094919443537549,107.0,15.5,서행,127.1102839409552985_37.5094919443537549|127.1108670913662877_37.5103308915455216|127.1108701645754735_37.5103349829974491
2026-09-04T06:42:24.849833+09:00,송리단길·호수단길,송리단길·호수단길,POI121,KEY_1,1230076100,오금로18길,1230404800,송파동 81,127.1107536956244104_37.5103904983532033,1230039103,송파동 63,127.1110381891797374_37.5107692507720287,49.0,5.0,정체,127.1110381891797374_37.5107692507720287|127.1107536956244104_37.5103904983532033
2026-09-04T06:42:24.849833+09:00,송리단길·호수단길,송리단길·호수단길,POI121,KEY_1,1230076200,백제고분로45길,1230414400,송파동 83,127.1074305390192620_37.5108125123386174,1230039703,송파동 61,127.1070007103191557_37.5110307962144418,45.0,22.0,서행,127.1070007103191557_37.5110307962144418|127.1074305390192620_37.5108125123386174
2026-09-04T06:42:24.849833+09:00,송리단길·호수단길,송리단길·호수단길,POI121,KEY_1,1230076300,백제고분로45길,1230397400,송파동 80,127.1098883650349052_37.5096925018756622,1230038004,청원빌딩,127.1101690988289334_37.5095499223446183,29.0,9.0,정체,127.1101690988289334_37.5095499223446183|127.1098883650349052_37.5096925018756622
2026-09-04T06:42:24.849833+09:00,신촌 스타광장,신촌 스타광장,POI122,KEY_2,1120003201,명물길,1120098800,창천동 18-54,126.9375123444595204_37.5575602259048438,1120004502,현대백화점유플렉스(신촌점),126.9369730969373080_37.5572180933913842,61.0,27.7,원활,126.9369730969373080_37.5572180933913842|126.9371287798259686_37.5572890262117483|126.9374266006236667_37.5574960038265644|126.9375123444595204_37.5575602259048438
2026-09-04T06:42:24.849833+09:00,신촌 스타광장,신촌 스타광장,POI122,KEY_2,1120003301,연세로,1120004504,현대백화점유플렉스(신촌점),126.9368371308242018_37.5572889150469535,1120004803,창천동 30-18,126.9368510014508757_37.5588996821571541,179.0,14.0,정체,126.9368510014508757_37.5588996821571541|126.9368340470399659_37.5574372784594317|126.9368371308242018_37.5572889150469535
2026-09-04T06:42:24.849833+09:00,신촌 스타광장,신촌 스타광장,POI122,KEY_2,1120003401,연세로,1120004802,창천동 30-18,126.9369867245719377_37.5588913341097239,1120004501,현대백화점유플렉스(신촌점),126.9369718556757505_37.5573421030471337,172.0,9.0,정체,126.9369718556757505_37.5573421030471337|126.9369698696455231_37.5574376736014486|126.9369867245719377_37.5588913341097239
2026-09-04T06:42:24.849833+09:00,신촌 스타광장,신촌 스타광장,POI122,KEY_2,1120014200,신촌로,1130028200,신촌로터리,126.9362638695840104_37.5553903889948231,1120004300,현대백화점(신촌점),126.9368030588893959_37.5556219621744134,57.0,27.0,원활,126.9368030588893959_37.5556219621744134|126.9367619707854544_37.5555447886619120|126.9365015572182216_37.5554290301989795|126.9362638695840104_37.5553903889948231
2026-09-04T06:42:24.849833+09:00,신촌 스타광장,신촌 스타광장,POI122,KEY_2,1120014300,연세로5길,1120004503,현대백화점유플렉스(신촌점),126.9368363451414297_37.5571751207012667,1130028301,신촌현대백화점,126.9352769143878135_37.5557459412116970,218.0,10.0,정체,126.9352769143878135_37.5557459412116970|126.9355227188717095_37.5561809513214655|126.9356969741435961_37.5564893345166482|126.9357357833693243_37.5565340280943047|126.9357546442551836_37.5565557486909398|126.9367282221445237_37.5571473890112912|126.9368363451414297_37.5571751207012667
2026-09-04T06:42:24.849833+09:00,신촌 스타광장,신촌 스타광장,POI122,KEY_2,1120014400,연세로5길,1120046000,창천동 53-47,126.9356240685518031_37.5565955099592088,1120004504,현대백화점유플렉스(신촌점),126.9368371308242018_37.5572889150469535,133.0,5.0,정체,126.9368371308242018_37.5572889150469535|126.9366643652368651_37.5572446039108812|126.9356551527703942_37.5566313071096900|126.9356240685518031_37.5565955099592088
2026-09-04T06:42:24.849833+09:00,신촌 스타광장,신촌 스타광장,POI122,KEY_2,1120061600,신촌로,1130243700,노고산동 31-123,126.9378979886779319_37.5553264048270492,1130027600,신촌로터리,126.9375535313722594_37.5552189146085595,33.0,20.5,서행,126.9375535313722594_37.5552189146085595|126.9376883483507896_37.5552573962598544|126.9378979886779319_37.5553264048270492
2026-09-04T06:42:24.849833+09:00,신촌 스타광장,신촌 스타광장,POI122,KEY_2,1120061700,연세로,1120004502,현대백화점유플렉스(신촌점),126.9369730969373080_37.5572180933913842,1120004200,신촌역(서울2호선),126.9369388461816897_37.5556200624915562,177.0,11.0,정체,126.9369388461816897_37.5556200624915562|126.9369730969373080_37.5572180933913842
2026-09-04T06:42:24.849833+09:00,신촌 스타광장,신촌 스타광장,POI122,KEY_2,1120062000,연세로,1120004300,현대백화점(신촌점),126.9368030588893959_37.5556219621744134,1120004503,현대백화점유플렉스(신촌점),126.9368363451414297_37.5571751207012667,172.0,17.5,서행,126.9368363451414297_37.5571751207012667|126.9368030588893959_37.5556219621744134
2026-09-04T06:42:24.849833+09:00,신촌 스타광장,신촌 스타광장,POI122,KEY_2,1130002903,신촌로,1130027304,신촌로터리,126.9367463936915783_37.5551491321864219,1130027800,신촌로터리,126.9362078795990669_37.5552918851353184,50.0,17.3,서행,126.9362078795990669_37.5552918851353184|126.9362843096010209_37.5552643504737276|126.9364926549409489_37.5552010586219964|126.9366443811309324_37.5551666346300124|126.9367463936915783_37.5551491321864219
2026-09-04T06:42:24.849833+09:00,신촌 스타광장,신촌 스타광장,POI122,KEY_2,1130003002,신촌로,1120063200,창천동 30-16,126.9359793082337546_37.5554929038804843,1130028200,신촌로터리,126.9362638695840104_37.5553903889948231,28.0,27.5,원활,126.9362638695840104_37.5553903889948231|126.9359793082337546_37.5554929038804843
2026-09-04T06:42:24.849833+09:00,신촌 스타광장,신촌 스타광장,POI122,KEY_2,1130003003,신촌로,1130028200,신촌로터리,126.9362638695840104_37.5553903889948231,1130027305,신촌로터리,126.9367949040171339_37.5552525850785059,50.0,25.0,원활,126.9367949040171339_37.5552525850785059|126.9367822077433345_37.5552535889944465|126.9366773331614553_37.5552715833811135|126.9365355543422140_37.5553037503571261|126.9363365592773363_37.5553642010740631|126.9362638695840104_37.5553903889948231
2026-09-04T06:42:24.849833+09:00,신촌 스타광장,신촌 스타광장,POI122,KEY_2,1130003101,신촌로,1130027301,신촌로터리,126.9369309039101665_37.5552479096703777,1130028100,신촌로터리,126.9375107828557248_37.5553215381359138,52.0,10.0,정체,126.9375107828557248_37.5553215381359138|126.9374120463708664_37.5552954695353094|126.9372367545836511_37.5552633433213288|126.9370612427232459_37.5552495051776276|126.9369309039101665_37.5552479096703777
2026-09-04T06:42:24.849833+09:00,신촌 스타광장,신촌 스타광장,POI122,KEY_2,1130003201,신촌로,1130027600,신촌로터리,126.9375535313722594_37.5552189146085595,1130027302,신촌로터리,126.9369363048809589_37.5551398431720429,56.0,37.0,원활,126.9369363048809589_37.5551398431720429|126.9370689919941668_37.5551414670887596|126.9372587703670519_37.5551564300398013|126.9374487359331596_37.5551912462659345|126.9375535313722594_37.5552189146085595
2026-09-04T06:42:24.849833+09:00,신촌 스타광장,신촌 스타광장,POI122,KEY_2,1130015002,백범로,1130027302,신촌로터리,126.9369363048809589_37.5551398431720429,1130026300,신촌로터리,126.9370076539618566_37.5545626830804551,64.0,17.0,서행,126.9370076539618566_37.5545626830804551|126.9369363048809589_37.5551398431720429
2026-09-04T06:42:24.849833+09:00,신촌 스타광장,신촌 스타광장,POI122,KEY_2,1130016102,서강로,1130026900,신촌로터리,126.9362469698456266_37.5547336229279907,1130027304,신촌로터리,126.9367463936915783_37.5551491321864219,64.0,12.0,정체,126.9367463936915783_37.5551491321864219|126.9366482286148994_37.5550253909116165|126.9363557341915083_37.5548026529712615|126.9362469698456266_37.5547336229279907
2026-09-04T06:42:24.849833+09:00,신촌 스타광장,신촌 스타광장,POI122,KEY_2,1130053700,신촌로,1130027600,신촌로터리,126.9375535313722594_37.5552189146085595,1130026300,신촌로터리,126.9370076539618566_37.5545626830804551,87.0,21.0,서행,126.9370076539618566_37.5545626830804551|126.9375535313722594_37.5552189146085595
2026-09-04T06:42:24.849833+09:00,신촌 스타광장,신촌 스타광장,POI122,KEY_2,1130054000,서강로,1130026900,신촌로터리,126.9362469698456266_37.5547336229279907,1130027800,신촌로터리,126.9362078795990669_37.5552918851353184,66.0,24.0,서행,126.9362078795990669_37.5552918851353184|126.9362774483328025_37.5552146864900038|126.9363062591853719_37.5551384172764813|126.9363230977790380_37.5550564211653537|126.9363327714613661_37.5549477201242823|126.9363184780678608_37.5548542645506771|126.9362469698456266_37.5547336229279907
2026-09-04T06:42:24.849833+09:00,압구정로데오거리,압구정로데오거리,POI071,KEY_3,1220034202,도산대로,1220050701,도산공원사거리,127.0339034599154076_37.5216159042956363,1220051504,메종에르메스박물관,127.0358768409066386_37.5222264747469652,187.0,26.0,원활,127.0358768409066386_37.5222264747469652|127.0339034599154076_37.5216159042956363
2026-09-04T06:42:24.849833+09:00,압구정로데오거리,압구정로데오거리,POI071,KEY_3,1220034203,도산대로,1220051501,메종에르메스박물관,127.0360029680279013_37.5222664581804750,1220051804,신사동 501-5,127.0373127024870428_37.5226918366399289,125.0,37.0,원활,127.0373127024870428_37.5226918366399289|127.0360029680279013_37.5222664581804750
2026-09-04T06:42:24.849833+09:00,압구정로데오거리,압구정로데오거리,POI071,KEY_3,1220034204,도산대로,1220393600,신사동 501-5,127.0382594965785756_37.5229821213989680,1220052204,학동사거리,127.0390861363866435_37.5232347757009777,78.0,48.0,원활,127.0390861363866435_37.5232347757009777|127.0382594965785756_37.5229821213989680
2026-09-04T06:42:24.849833+09:00,압구정로데오거리,압구정로데오거리,POI071,KEY_3,1220034601,도산대로,1220420500,청담동 77,127.0400054812010779_37.5233569151823687,1220052404,청담동 77,127.0413071564451570_37.5235176656433396,116.0,29.0,원활,127.0413071564451570_37.5235176656433396|127.0405339348501172_37.5234221784106481|127.0400054812010779_37.5233569151823687
2026-09-04T06:42:24.849833+09:00,압구정로데오거리,압구정로데오거리,POI071,KEY_3,1220034602,도산대로,1220332800,청담동 77,127.0435213934482874_37.5238023106680032,1220052604,청담동 77,127.0445564869975641_37.5239355211408920,93.0,33.5,원활,127.0445564869975641_37.5239355211408920|127.0435213934482874_37.5238023106680032
2026-09-04T06:42:24.849833+09:00,압구정로데오거리,압구정로데오거리,POI071,KEY_3,1220034603,도산대로,1220276100,청담동 77,127.0463338208116113_37.5241605900114052,1220053004,청담사거리,127.0472792767386068_37.5242802278421408,85.0,33.0,원활,127.0472792767386068_37.5242802278421408|127.0469562705251434_37.5242393555858413|127.0463338208116113_37.5241605900114052
2026-09-04T06:42:24.849833+09:00,압구정로데오거리,압구정로데오거리,POI071,KEY_3,1220035302,언주로,1220297300,신사동 668-7,127.0335562010961752_37.5223932298900777,1220050701,도산공원사거리,127.0339034599154076_37.5216159042956363,92.0,33.0,원활,127.0339034599154076_37.5216159042956363|127.0337308185268910_37.5219788135002474|127.0335562010961752_37.5223932298900777
2026-09-04T06:42:24.849833+09:00,압구정로데오거리,압구정로데오거리,POI071,KEY_3,1220035303,언주로,1220313800,신사동 668-7,127.0332157260252188_37.5243745199735770,1220052101,아트스페이스엣,127.0333258336318352_37.5231033777095533,142.0,29.0,원활,127.0333258336318352_37.5231033777095533|127.0332722300848047_37.5232958210834937|127.0332484370027544_37.5234974571660942|127.0332280489652561_37.5236702360984324|127.0332116195424987_37.5239537302291168|127.0332015337768610_37.5241277617779829|127.0332157260252188_37.5243745199735770
2026-09-04T06:42:24.849833+09:00,압구정로데오거리,압구정로데오거리,POI071,KEY_3,1220035304,언주로,1220057702,신사동668-7,127.0336604132832861_37.5278365649310217,1220056501,신구중학교,127.0336233748968766_37.5276208211924214,24.0,29.0,원활,127.0336233748968766_37.5276208211924214|127.0336604132832861_37.5278365649310217
2026-09-04T06:42:24.849833+09:00,압구정로데오거리,압구정로데오거리,POI071,KEY_3,1220035305,언주로,1220258700,신사동 668-7,127.0337520736678130_37.5283998550291500,1220057701,신사동668-7,127.0336782786004619_37.5279437530884863,51.0,29.0,원활,127.0336782786004619_37.5279437530884863|127.0337520736678130_37.5283998550291500
2026-09-04T06:42:24.849833+09:00,압구정로데오거리,압구정로데오거리,POI071,KEY_3,1220035402,선릉로,1220052204,학동사거리,127.0390861363866435_37.5232347757009777,1220053403,신한양빌딩,127.0395014174557389_37.5246137310738916,158.0,20.0,서행,127.0395014174557389_37.5246137310738916|127.0393335370945920_37.5241464881978999|127.0392926724511966_37.5240305434553036|127.0391660322892449_37.5236540272358496|127.0391045399377816_37.5234487055447730|127.0390861363866435_37.5232347757009777
2026-09-04T06:42:24.849833+09:00,압구정로데오거리,압구정로데오거리,POI071,KEY_3,1220035403,선릉로,1220315600,신사동 668-5,127.0397160678826936_37.5252354356371711,1220055403,신사동 668-5,127.0398860261996958_37.5257295332640268,57.0,35.0,원활,127.0398860261996958_37.5257295332640268|127.0397160678826936_37.5252354356371711
2026-09-04T06:42:24.849833+09:00,압구정로데오거리,압구정로데오거리,POI071,KEY_3,1220035404,선릉로,1220246500,신사동 668-5,127.0403281994726257_37.5269638204885396,1220057303,한양아파트앞교차로,127.0406204313811145_37.5277781125819700,94.0,24.0,서행,127.0406204313811145_37.5277781125819700|127.0403965205514112_37.5271541960037496|127.0403281994726257_37.5269638204885396
2026-09-04T06:42:24.849833+09:00,압구정로데오거리,압구정로데오거리,POI071,KEY_3,1220035501,선릉로,1220052702,키네마극장,127.0394238001620124_37.5240025656407425,1220052201,학동사거리,127.0392244122724463_37.5232604498081272,84.0,22.0,서행,127.0392244122724463_37.5232604498081272|127.0392392010293747_37.5234323545396080|127.0392976430606637_37.5236274895412407|127.0394238001620124_37.5240025656407425
2026-09-04T06:42:24.849833+09:00,압구정로데오거리,압구정로데오거리,POI071,KEY_3,1220035502,선릉로,1220053402,신한양빌딩,127.0396319308838002_37.5245839844116418,1220052701,키네마극장,127.0394640495580632_37.5241167418134012,54.0,19.0,서행,127.0394640495580632_37.5241167418134012|127.0396319308838002_37.5245839844116418
2026-09-04T06:42:24.849833+09:00,압구정로데오거리,압구정로데오거리,POI071,KEY_3,1220035503,선릉로,1220055402,청담동 139,127.0400167637479711_37.5257004062011887,1220053401,신한양빌딩,127.0396689596081785_37.5246892784528328,116.0,25.0,원활,127.0396689596081785_37.5246892784528328|127.0398469969231741_37.5252068677753172|127.0400167637479711_37.5257004062011887
2026-09-04T06:42:24.849833+09:00,압구정로데오거리,압구정로데오거리,POI071,KEY_3,1220035504,선릉로,1220248500,청담동 139,127.0402731815181454_37.5264170811549747,1220055401,청담동 139,127.0400533551005253_37.5258045248859986,71.0,14.0,정체,127.0400533551005253_37.5258045248859986|127.0402731815181454_37.5264170811549747
2026-09-04T06:42:24.849833+09:00,압구정로데오거리,압구정로데오거리,POI071,KEY_3,1220035802,압구정로,1220220700,청담동 145,127.0445468381688698_37.5267788078608433,1220056102,갤러리아주유소,127.0438011178044917_37.5269658372789365,69.0,39.0,원활,127.0438011178044917_37.5269658372789365|127.0445468381688698_37.5267788078608433
2026-09-04T06:42:24.849833+09:00,압구정로데오거리,압구정로데오거리,POI071,KEY_3,1220035803,압구정로,1220056103,갤러리아주유소,127.0436709090198946_37.5269988640954608,1220056302,압구정로데오역3번출구,127.0423691118125902_37.5273328330233085,121.0,39.0,원활,127.0423691118125902_37.5273328330233085|127.0431965413789044_37.5271205625181921|127.0436709090198946_37.5269988640954608
2026-09-04T06:42:24.849833+09:00,압구정로데오거리,압구정로데오거리,POI071,KEY_3,1220035804,압구정로,1220056303,압구정로데오역3번출구,127.0422397642238650_37.5273658980511087,1220057302,한양아파트앞교차로,127.0407498452267987_37.5277452900861377,138.0,39.0,원활,127.0407498452267987_37.5277452900861377|127.0422397642238650_37.5273658980511087
2026-09-04T06:42:24.849833+09:00,압구정로데오거리,압구정로데오거리,POI071,KEY_3,1220036201,압구정로,1220058902,치안센터,127.0352184421143562_37.5290634828765022,1220059002,성수대교남단교차로,127.0338689599890216_37.5291222776353735,120.0,25.0,원활,127.0338689599890216_37.5291222776353735|127.0344802556415260_37.5291188555326158|127.0348714559033141_37.5290974977561973|127.0352184421143562_37.5290634828765022
2026-09-04T06:42:24.849833+09:00,압구정로데오거리,압구정로데오거리,POI071,KEY_3,1220036202,압구정로,1220058802,디에이치갤러리,127.0357050675745256_37.5290007857834951,1220058902,치안센터,127.0352184421143562_37.5290634828765022,44.0,40.0,원활,127.0352184421143562_37.5290634828765022|127.0357050675745256_37.5290007857834951
2026-09-04T06:42:24.849833+09:00,압구정로데오거리,압구정로데오거리,POI071,KEY_3,1220036203,압구정로,1220058603,신사동 667-35,127.0368481916816137_37.5287559403852029,1220058801,디에이치갤러리,127.0358386033354350_37.5289791338340208,93.0,22.0,서행,127.0358386033354350_37.5289791338340208|127.0361848364311044_37.5289120558376936|127.0368481916816137_37.5287559403852029
2026-09-04T06:42:24.849833+09:00,압구정로데오거리,압구정로데오거리,POI071,KEY_3,1220036204,압구정로,1220058003,뉴스포유,127.0383098113258313_37.5283845789100567,1220058602,신사동 667-35,127.0369779457113566_37.5287241271574530,124.0,44.0,원활,127.0369779457113566_37.5287241271574530|127.0383098113258313_37.5283845789100567
2026-09-04T06:42:24.849833+09:00,압구정로데오거리,압구정로데오거리,POI071,KEY_3,1220036205,압구정로,1220057902,압구정로데오역6번출구,127.0391308114570563_37.5281543012393257,1220058002,뉴스포유,127.0384385465388561_37.5283499106960861,65.0,40.0,원활,127.0384385465388561_37.5283499106960861|127.0391308114570563_37.5281543012393257
2026-09-04T06:42:24.849833+09:00,압구정로데오거리,압구정로데오거리,POI071,KEY_3,1220036206,압구정로,1220235400,신사동 667-35,127.0398194246827615_37.5279804016432124,1220057902,압구정로데오역6번출구,127.0391308114570563_37.5281543012393257,64.0,14.0,정체,127.0391308114570563_37.5281543012393257|127.0398194246827615_37.5279804016432124
2026-09-04T06:42:24.849833+09:00,압구정로데오거리,압구정로데오거리,POI071,KEY_3,1220094200,언주로154길,1220052303,디아드아스턴갤러리,127.0340560504835707_37.5232158850870405,1220052102,아트스페이스엣,127.0333555975738022_37.5229965212493681,67.0,11.0,정체,127.0333555975738022_37.5229965212493681|127.0340560504835707_37.5232158850870405
2026-09-04T06:42:24.849833+09:00,압구정로데오거리,압구정로데오거리,POI071,KEY_3,1220094300,언주로154길,1220052101,아트스페이스엣,127.0333258336318352_37.5231033777095533,1220052304,디아드아스턴갤러리,127.0340516336079162_37.5233306796815853,69.0,8.0,정체,127.0340516336079162_37.5233306796815853|127.0333258336318352_37.5231033777095533
2026-09-04T06:42:24.849833+09:00,압구정로데오거리,압구정로데오거리,POI071,KEY_3,1220094600,도산대로45길,1220277300,신사동 668-46,127.0347080693143624_37.5234268215054954,1220052302,디아드아스턴갤러리,127.0341902263573672_37.5232584336002688,49.0,16.0,서행,127.0341902263573672_37.5232584336002688|127.0347080693143624_37.5234268215054954
2026-09-04T06:42:24.849833+09:00,압구정로데오거리,압구정로데오거리,POI071,KEY_3,1220094700,도산대로45길,1220052301,디아드아스턴갤러리,127.0341857886132289_37.5233737746786886,1220051501,메종에르메스박물관,127.0360029680279013_37.5222664581804750,272.0,5.0,정체,127.0360029680279013_37.5222664581804750|127.0352934199533905_37.5236579906133016|127.0351486410132509_37.5236868649660238|127.0346567586791764_37.5235269211159306|127.0341857886132289_37.5233737746786886
2026-09-04T06:42:24.849833+09:00,압구정로데오거리,압구정로데오거리,POI071,KEY_3,1220095300,선릉로152길,1220319500,청담동 139-1,127.0402782679631741_37.5241051716234963,1220052702,키네마극장,127.0394238001620124_37.5240025656407425,76.0,23.0,서행,127.0394238001620124_37.5240025656407425|127.0402782679631741_37.5241051716234963
2026-09-04T06:42:24.849833+09:00,압구정로데오거리,압구정로데오거리,POI071,KEY_3,1220095400,선릉로152길,1220319400,청담동 139-1,127.0402580301235815_37.5242120839654163,1220052401,청담동 77,127.0414412487968434_37.5235345793648207,176.0,14.0,정체,127.0414412487968434_37.5235345793648207|127.0413128808020531_37.5242458193041557|127.0412157654857310_37.5243077538981922|127.0411093794579500_37.5243143088269946|127.0402580301235815_37.5242120839654163
2026-09-04T06:42:24.849833+09:00,압구정로데오거리,압구정로데오거리,POI071,KEY_3,1220096100,도산대로49길,1220440700,신사동 668-24,127.0373908494422608_37.5232317047430755,1220051801,신사동 501-5,127.0374445169795194_37.5227330235805070,56.0,21.0,서행,127.0374445169795194_37.5227330235805070|127.0373908494422608_37.5232317047430755
2026-09-04T06:42:24.849833+09:00,압구정로데오거리,압구정로데오거리,POI071,KEY_3,1220096200,도산대로49길,1220388400,신사동 668-27,127.0387418603502709_37.5248916424388383,1220053404,신한양빌딩,127.0395380314040210_37.5247178461193727,73.0,9.0,정체,127.0395380314040210_37.5247178461193727|127.0389386031129675_37.5248486960011931|127.0387418603502709_37.5248916424388383
2026-09-04T06:42:24.849833+09:00,압구정로데오거리,압구정로데오거리,POI071,KEY_3,1220097800,압구정로60길,1220352200,청담동 139-1,127.0407503810591976_37.5255388039052349,1220055402,청담동 139,127.0400167637479711_37.5257004062011887,67.0,19.0,서행,127.0400167637479711_37.5257004062011887|127.0407503810591976_37.5255388039052349
2026-09-04T06:42:24.849833+09:00,압구정로데오거리,압구정로데오거리,POI071,KEY_3,1220097900,압구정로60길,1220206400,청담동 139-2,127.0420188424852199_37.5267405370192932,1220056303,압구정로데오역3번출구,127.0422397642238650_37.5273658980511087,72.0,18.0,서행,127.0422397642238650_37.5273658980511087|127.0420188424852199_37.5267405370192932
2026-09-04T06:42:24.849833+09:00,압구정로데오거리,압구정로데오거리,POI071,KEY_3,1220098000,압구정로42길,1220168900,신사동 636-8,127.0349921764483980_37.5272593817440381,1220057103,갤러리언플러그드,127.0351618412494759_37.5276887643753270,50.0,12.0,정체,127.0351618412494759_37.5276887643753270|127.0349921764483980_37.5272593817440381
2026-09-04T06:42:24.849833+09:00,압구정로데오거리,압구정로데오거리,POI071,KEY_3,1220098800,압구정로50길,1220192600,신사동 668-32,127.0380283676483515_37.5276082080590356,1220058003,뉴스포유,127.0383098113258313_37.5283845789100567,90.0,7.0,정체,127.0383098113258313_37.5283845789100567|127.0380283676483515_37.5276082080590356
2026-09-04T06:42:24.849833+09:00,압구정로데오거리,압구정로데오거리,POI071,KEY_3,1220100200,압구정로46길,1220198800,신사동 668-29,127.0368064909289245_37.5282459368945851,1220057102,갤러리언플러그드,127.0352917319595178_37.5276573064262138,224.0,5.0,정체,127.0352917319595178_37.5276573064262138|127.0363751056718939_37.5272684683231859|127.0364780446013810_37.5273012249340567|127.0368064909289245_37.5282459368945851
2026-09-04T06:42:24.849833+09:00,압구정로데오거리,압구정로데오거리,POI071,KEY_3,1220100300,압구정로46길,1220057101,갤러리언플러그드,127.0353333724486617_37.5277609530066627,1220058603,신사동 667-35,127.0368481916816137_37.5287559403852029,258.0,20.0,서행,127.0368481916816137_37.5287559403852029|127.0367790274979996_37.5285721153675809|127.0366756551665475_37.5282747888026975|127.0363679184725925_37.5273896408760095|127.0353333724486617_37.5277609530066627
2026-09-04T06:42:24.849833+09:00,압구정로데오거리,압구정로데오거리,POI071,KEY_3,1220101300,언주로172길,1220221600,신사동 668-31,127.0343366867367791_37.5277719336935860,1220057702,신사동668-7,127.0336604132832861_37.5278365649310217,60.0,27.0,원활,127.0336604132832861_37.5278365649310217|127.0343366867367791_37.5277719336935860
2026-09-04T06:42:24.849833+09:00,압구정로데오거리,압구정로데오거리,POI071,KEY_3,1220101400,언주로172길,1220221500,신사동 637-1,127.0343528619886087_37.5278792836731370,1220057104,갤러리언플러그드,127.0352036089228704_37.5277927638463282,76.0,19.0,서행,127.0352036089228704_37.5277927638463282|127.0350756293459966_37.5278102049535391|127.0343528619886087_37.5278792836731370
2026-09-04T06:42:24.849833+09:00,압구정로데오거리,압구정로데오거리,POI071,KEY_3,1220102100,압구정로42길,1220057104,갤러리언플러그드,127.0352036089228704_37.5277927638463282,1220058802,디에이치갤러리,127.0357050675745256_37.5290007857834951,141.0,12.0,정체,127.0357050675745256_37.5290007857834951|127.0356527222084253_37.5288599748930167|127.0353921213760771_37.5282524051063504|127.0352036089228704_37.5277927638463282
2026-09-04T06:42:24.849833+09:00,여의도,여의도,POI072,KEY_4,1180033600,은행로,1180216900,여의도동 1-5,126.9219173698385248_37.5285968839280102,1180009804,신한일보,126.9233585883312401_37.5295063067986732,163.0,24.0,서행,126.9233585883312401_37.5295063067986732|126.9219173698385248_37.5285968839280102
2026-09-04T06:42:24.849833+09:00,여의도,여의도,POI072,KEY_4,1180001501,경인로,1180034601,영등포고가차도(동측),126.9148856364626994_37.5201012797874753,1180038804,여의도교차로,126.9173326906496868_37.5216339050043644,275.0,47.0,원활,126.9173326906496868_37.5216339050043644|126.9148856364626994_37.5201012797874753
2026-09-04T06:42:24.849833+09:00,여의도,여의도,POI072,KEY_4,1180001601,경인로,1180038803,여의도교차로,126.9174065780712510_37.5215426374484053,1180034602,영등포고가차도(동측),126.9149485395489876_37.5200031329234420,276.0,16.0,서행,126.9149485395489876_37.5200031329234420|126.9174065780712510_37.5215426374484053
2026-09-04T06:42:24.849833+09:00,여의도,여의도,POI072,KEY_4,1180001900,여의대로,1180044402,여의도공원앞,126.9216257794162317_37.5243012223384227,1180047704,여의도동2-11,126.9258941441588888_37.5269761909264190,480.0,35.5,원활,126.9258941441588888_37.5269761909264190|126.9216257794162317_37.5243012223384227
2026-09-04T06:42:24.849833+09:00,여의도,여의도,POI072,KEY_4,1180002000,여의대로,1180047703,여의도동2-11,126.9259780906076145_37.5268912205965108,1180044401,여의도공원앞,126.9217097283597013_37.5242162542949913,480.0,35.0,원활,126.9217097283597013_37.5242162542949913|126.9259780906076145_37.5268912205965108
2026-09-04T06:42:24.849833+09:00,여의도,여의도,POI072,KEY_4,1180002300,여의대로,1180047701,여의도동2-11,126.9259994169464392_37.5270428260578939,1180050903,마포대교앞교차로,126.9293336830422589_37.5291760389837705,378.0,42.0,원활,126.9293336830422589_37.5291760389837705|126.9259994169464392_37.5270428260578939
2026-09-04T06:42:24.849833+09:00,여의도,여의도,POI072,KEY_4,1180002501,여의대로,1180050904,마포대교앞교차로,126.9294559117414423_37.5292538203661366,1180052400,마포대교,126.9307212821010751_37.5300463600273631,142.0,45.0,원활,126.9307212821010751_37.5300463600273631|126.9294559117414423_37.5292538203661366
2026-09-04T06:42:24.849833+09:00,여의도,여의도,POI072,KEY_4,1180002601,여의대로,1180051800,마포대교,126.9308059681326171_37.5299618570035207,1180050901,마포대교앞교차로,126.9295779021332464_37.5291926767471580,138.0,56.0,원활,126.9295779021332464_37.5291926767471580|126.9308059681326171_37.5299618570035207
2026-09-04T06:42:24.849833+09:00,여의도,여의도,POI072,KEY_4,1180002602,여의대로,1180263600,최소노드배치점,126.9340230665834355_37.5320236982424547,1180051800,마포대교,126.9308059681326171_37.5299618570035207,365.0,60.3,원활,126.9308059681326171_37.5299618570035207|126.9335784255592046_37.5317501054697615|126.9340230665834355_37.5320236982424547
2026-09-04T06:42:24.849833+09:00,여의도,여의도,POI072,KEY_4,1180017603,여의동로,1180231500,여의도동 53-19,126.9343504590003988_37.5174301373925374,1180029004,여의도성모병원앞교차로,126.9349411821330307_37.5176018532841411,58.0,32.0,원활,126.9349411821330307_37.5176018532841411|126.9348356152542294_37.5175085459307311|126.9346541232606143_37.5174549053414381|126.9343504590003988_37.5174301373925374
2026-09-04T06:42:24.849833+09:00,여의도,여의도,POI072,KEY_4,1180017604,여의동로,1180028007,여의교앞교차로,126.9287014635556687_37.5170854408198835,1180028005,여의도동7-1,126.9330688836831342_37.5173255987544749,388.0,21.0,서행,126.9330688836831342_37.5173255987544749|126.9328973427525256_37.5173116050715265|126.9294935445075794_37.5170570638274583|126.9289923768250787_37.5170379776801539|126.9287795609766931_37.5170601520838431|126.9287014635556687_37.5170854408198835
2026-09-04T06:42:24.849833+09:00,여의도,여의도,POI072,KEY_4,1180017701,여의동로,1180028004,여의도동7-1,126.9330827126799619_37.5172180403822111,1180028008,여의교앞교차로,126.9286343708705260_37.5169904528563194,396.0,24.0,서행,126.9286343708705260_37.5169904528563194|126.9287446293766948_37.5169547496645919|126.9289867718019735_37.5169295196363777|126.9295031352358762_37.5169491852132566|126.9329106012311854_37.5172040003699721|126.9330827126799619_37.5172180403822111
2026-09-04T06:42:24.849833+09:00,여의도,여의도,POI072,KEY_4,1180017702,여의동로,1180212400,여의도동 7-18,126.9341125889030053_37.5173020490113700,1180028003,여의도동7-1,126.9332227196865404_37.5172294613749528,79.0,17.0,서행,126.9332227196865404_37.5172294613749528|126.9341125889030053_37.5173020490113700
2026-09-04T06:42:24.849833+09:00,여의도,여의도,POI072,KEY_4,1180017801,여의동로,1180028009,여의교앞교차로,126.9284790582093052_37.5169816909920968,1180028502,여의도동 3-9,126.9263700646838942_37.5171809813683481,190.0,16.0,서행,126.9263700646838942_37.5171809813683481|126.9267092074073844_37.5171065648512680|126.9271923057624747_37.5170058728699303|126.9277377896163870_37.5169434538744397|126.9281694861959551_37.5169240690170369|126.9284790582093052_37.5169816909920968
2026-09-04T06:42:24.849833+09:00,여의도,여의도,POI072,KEY_4,1180017802,여의동로,1180028503,여의도동 3-9,126.9262093538062430_37.5172191529016956,1180005902,윤중중교,126.9243075012715991_37.5179017267780566,185.0,29.0,원활,126.9243075012715991_37.5179017267780566|126.9255065559263898_37.5174428120289818|126.9257850863195785_37.5173417407292575|126.9262093538062430_37.5172191529016956
2026-09-04T06:42:24.849833+09:00,여의도,여의도,POI072,KEY_4,1180017901,여의동로,1180028501,여의도동 3-9,126.9264061143659319_37.5172852192624120,1180028010,여의교앞교차로,126.9284949425250630_37.5170956809386524,189.0,29.0,원활,126.9284949425250630_37.5170956809386524|126.9281576212887757_37.5170328939948732|126.9277512856331498_37.5170511401386335|126.9272192236425525_37.5171120231464954|126.9267444154372555_37.5172109868474237|126.9264061143659319_37.5172852192624120
2026-09-04T06:42:24.849833+09:00,여의도,여의도,POI072,KEY_4,1180017902,여의동로,1180005901,윤중중교,126.9243662892942979_37.5179991816475678,1180028504,여의도동 3-9,126.9262556418987771_37.5173207931159425,183.0,31.7,원활,126.9262556418987771_37.5173207931159425|126.9258364480671446_37.5174419140978017|126.9255640934717064_37.5175407441088709|126.9243662892942979_37.5179991816475678
2026-09-04T06:42:24.849833+09:00,여의도,여의도,POI072,KEY_4,1180018603,여의동로,1180248600,여의도동 7-6,126.9406867369458780_37.5205161735924975,1180007003,시범아파트앞교차로,126.9402919444834907_37.5208989401789523,56.0,41.0,원활,126.9402919444834907_37.5208989401789523|126.9404650735248765_37.5207821875801457|126.9406178353196282_37.5206239357599500|126.9406867369458780_37.5205161735924975
2026-09-04T06:42:24.849833+09:00,여의도,여의도,POI072,KEY_4,1180018604,여의동로,1180029002,여의도성모병원앞교차로,126.9350997210679566_37.5175977027777066,1180029602,여의상류IC,126.9364758954819337_37.5177089882566790,126.0,12.0,정체,126.9364758954819337_37.5177089882566790|126.9353673171677030_37.5175347013783878|126.9351749655291002_37.5175478271988325|126.9350997210679566_37.5175977027777066
2026-09-04T06:42:24.849833+09:00,여의도,여의도,POI072,KEY_4,1180018605,여의동로,1180112400,여의도동 62,126.9372867645856218_37.5178660511535682,1180030304,여의상류IC,126.9386167973851798_37.5180766712669254,120.0,28.0,원활,126.9386167973851798_37.5180766712669254|126.9372923478496773_37.5178671325933735|126.9372867645856218_37.5178660511535682
2026-09-04T06:42:24.849833+09:00,여의도,여의도,POI072,KEY_4,1180018701,여의동로,1180029601,여의상류IC,126.9365050785440872_37.5176034226056245,1180029003,여의도성모병원앞교차로,126.9350199175880505_37.5175099394123706,136.0,34.5,원활,126.9350199175880505_37.5175099394123706|126.9351209053556602_37.5174430000204779|126.9353748169001506_37.5174256723693205|126.9365050785440872_37.5176034226056245
2026-09-04T06:42:24.849833+09:00,여의도,여의도,POI072,KEY_4,1180018702,여의동로,1180112500,여의도동 62,126.9373188332011750_37.5177609917576689,1180029601,여의상류IC,126.9365050785440872_37.5176034226056245,74.0,34.0,원활,126.9365050785440872_37.5176034226056245|126.9373188332011750_37.5177609917576689
2026-09-04T06:42:24.849833+09:00,여의도,여의도,POI072,KEY_4,1180018704,여의동로,1180032700,여의상류IC,126.9408644596989291_37.5190433065538684,1180030302,여의상류IC,126.9388089615749209_37.5179993865758163,226.0,19.0,서행,126.9388089615749209_37.5179993865758163|126.9395937035285726_37.5181361308751633|126.9396772958450867_37.5181625840344495|126.9398184957858717_37.5182072672049287|126.9400594148473544_37.5183033690800016|126.9402528860086647_37.5184268126401008|126.9402658425591568_37.5184356698263670|126.9404404017894734_37.5185549993626708|126.9406033172842569_37.5187003987944934|126.9407382129929545_37.5188571753253512|126.9407941985135011_37.5189357133389834|126.9408504409698537_37.5190146115958214|126.9408644596989291_37.5190433065538684
2026-09-04T06:42:24.849833+09:00,여의도,여의도,POI072,KEY_4,1180018705,여의동로,1180033601,여의상류IC,126.9410620352872030_37.5197641943777285,1180032700,여의상류IC,126.9408644596989291_37.5190433065538684,83.0,27.0,원활,126.9408644596989291_37.5190433065538684|126.9409385909511201_37.5191950815743880|126.9409922183505728_37.5193112485734019|126.9410273832007618_37.5194267107547716|126.9410583553759722_37.5195846269940034|126.9410620352872030_37.5197641943777285
2026-09-04T06:42:24.849833+09:00,여의도,여의도,POI072,KEY_4,1180018706,여의동로,1180248500,여의도동 7-5,126.9408076990061289_37.5205652394176070,1180033601,여의상류IC,126.9410620352872030_37.5197641943777285,92.0,37.5,원활,126.9410620352872030_37.5197641943777285|126.9410197256354849_37.5200367526254936|126.9409429071853452_37.5203021469964426|126.9408500463545408_37.5204990074997298|126.9408076990061289_37.5205652394176070
2026-09-04T06:42:24.849833+09:00,여의도,여의도,POI072,KEY_4,1180019001,의사당대로,1180028010,여의교앞교차로,126.9284949425250630_37.5170956809386524,1180030703,이마트(여의도점),126.9276237094474169_37.5180791890850927,134.0,15.0,서행,126.9276237094474169_37.5180791890850927|126.9282503724807043_37.5174250886371610|126.9284949425250630_37.5170956809386524
2026-09-04T06:42:24.849833+09:00,여의도,여의도,POI072,KEY_4,1180019002,의사당대로,1180030704,이마트(여의도점),126.9275405917458244_37.5181646802247997,1180032903,대한지적공사앞사거리,126.9264435973438907_37.5192761903987275,157.0,15.0,서행,126.9264435973438907_37.5192761903987275|126.9274241496460434_37.5182826651824399|126.9275405917458244_37.5181646802247997
2026-09-04T06:42:24.849833+09:00,여의도,여의도,POI072,KEY_4,1180019102,의사당대로,1180030701,속성변화점,126.9276473072265503_37.5182315002228179,1180028006,여의교앞교차로,126.9286026167275026_37.5171630582704978,146.0,37.0,원활,126.9286026167275026_37.5171630582704978|126.9283631364112210_37.5174856126007654|126.9277316183260922_37.5181447808652777|126.9276473072265503_37.5182315002228179
2026-09-04T06:42:24.849833+09:00,여의도,여의도,POI072,KEY_4,1180019103,의사당대로,1180158500,여의도동 4-6,126.9275308651327805_37.5183494852298693,1180030701,속성변화점,126.9276473072265503_37.5182315002228179,17.0,23.3,서행,126.9276473072265503_37.5182315002228179|126.9275308651327805_37.5183494852298693
2026-09-04T06:42:24.849833+09:00,여의도,여의도,POI072,KEY_4,1180019202,여의대방로,1180028006,여의교앞교차로,126.9286026167275026_37.5171630582704978,1180031509,인도네시아대사관,126.9306994439660485_37.5185627932675629,243.0,9.0,정체,126.9306994439660485_37.5185627932675629|126.9306031366086529_37.5185041290905232|126.9288757489613886_37.5174518878942251|126.9286828339483293_37.5172632357301907|126.9286026167275026_37.5171630582704978
2026-09-04T06:42:24.849833+09:00,여의도,여의도,POI072,KEY_4,1180019203,여의대방로,1180130400,여의도동 5,126.9313888868268947_37.5189843143560324,1180033009,여의도동 5,126.9319553324304906_37.5193307404292185,63.0,44.0,원활,126.9319553324304906_37.5193307404292185|126.9314871570067851_37.5190444147317379|126.9313888868268947_37.5189843143560324
2026-09-04T06:42:24.849833+09:00,여의도,여의도,POI072,KEY_4,1180019204,여의대방로,1180033006,여의도동 5,126.9320621848172266_37.5193974572135858,1180034404,한양아파트앞교차로,126.9328084183614891_37.5198734924336605,85.0,32.0,원활,126.9328084183614891_37.5198734924336605|126.9322735200188532_37.5195322726712277|126.9320621848172266_37.5193974572135858
2026-09-04T06:42:24.849833+09:00,여의도,여의도,POI072,KEY_4,1180019302,여의대방로,1180241400,여의도동 5,126.9306855951908375_37.5184182444828664,1180028007,여의교앞교차로,126.9287014635556687_37.5170854408198835,231.0,39.0,원활,126.9287014635556687_37.5170854408198835|126.9287930450981605_37.5171998112240601|126.9289709014987722_37.5173737371677518|126.9306855951908375_37.5184182444828664
2026-09-04T06:42:24.849833+09:00,여의도,여의도,POI072,KEY_4,1180019303,여의대방로,1180240900,여의도동 5,126.9315698250522786_37.5189586575812442,1180031507,인도네시아대사관,126.9308898838573612_37.5185428140672030,76.0,38.0,원활,126.9308898838573612_37.5185428140672030|126.9314715548845385_37.5188985573068834|126.9315698250522786_37.5189586575812442
2026-09-04T06:42:24.849833+09:00,여의도,여의도,POI072,KEY_4,1180019801,국제금융로,1180189600,여의도동 5-2,126.9338907798894240_37.5187863161933706,1180034403,한양아파트앞교차로,126.9328922937565949_37.5197884754386166,142.0,12.0,정체,126.9328922937565949_37.5197884754386166|126.9338907798894240_37.5187863161933706
2026-09-04T06:42:24.849833+09:00,여의도,여의도,POI072,KEY_4,1180019902,국제금융로,1180189700,여의도동 5-2,126.9339971083820728_37.5188535265460033,1180029001,여의도성모병원앞교차로,126.9350432370004853_37.5177398182181605,155.0,15.0,서행,126.9350432370004853_37.5177398182181605|126.9349629962171520_37.5178840506861349|126.9339971083820728_37.5188535265460033
2026-09-04T06:42:24.849833+09:00,여의도,여의도,POI072,KEY_4,1180020000,여의동로,1180005903,윤중중교,126.9241717358982697_37.5179543351309093,1180006402,윤중초교앞교차로,126.9206614835417213_37.5193540995263746,347.0,37.0,원활,126.9206614835417213_37.5193540995263746|126.9241717358982697_37.5179543351309093
2026-09-04T06:42:24.849833+09:00,여의도,여의도,POI072,KEY_4,1180020100,여의동로,1180006401,윤중초교앞교차로,126.9207650877759193_37.5194336994840612,1180005904,윤중중교,126.9242325042099822_37.5180510147375443,343.0,20.0,서행,126.9242325042099822_37.5180510147375443|126.9207650877759193_37.5194336994840612
2026-09-04T06:42:24.849833+09:00,여의도,여의도,POI072,KEY_4,1180020301,여의동로3길,1180031103,윤중중학교,126.9249231925236501_37.5183700829170732,1180005901,윤중중교,126.9243662892942979_37.5179991816475678,64.0,22.0,서행,126.9243662892942979_37.5179991816475678|126.9249231925236501_37.5183700829170732
2026-09-04T06:42:24.849833+09:00,여의도,여의도,POI072,KEY_4,1180020302,여의동로3길,1180032903,대한지적공사앞사거리,126.9264435973438907_37.5192761903987275,1180031102,윤중중학교,126.9250235086354763_37.5184328852547324,157.0,13.0,정체,126.9250235086354763_37.5184328852547324|126.9253760354125831_37.5186403507661197|126.9259317402423761_37.5189673840996818|126.9261792002282760_37.5191130130005561|126.9264435973438907_37.5192761903987275
2026-09-04T06:42:24.849833+09:00,여의도,여의도,POI072,KEY_4,1180021002,63로,1180166800,여의도동 50,126.9395653585884816_37.5205912479877313,1180007004,시범아파트앞교차로,126.9401991775211798_37.5209785278175971,71.0,9.0,정체,126.9401991775211798_37.5209785278175971|126.9395653585884816_37.5205912479877313
2026-09-04T06:42:24.849833+09:00,여의도,여의도,POI072,KEY_4,1180021101,63로,1180195300,여의도동 6,126.9380119529951827_37.5194963601287341,1180029002,여의도성모병원앞교차로,126.9350997210679566_37.5175977027777066,334.0,18.0,서행,126.9350997210679566_37.5175977027777066|126.9351839323089735_37.5177190713969679|126.9353248760758532_37.5178334697526950|126.9354925925652253_37.5179372646136571|126.9369440439217271_37.5188355036529302|126.9374483762469197_37.5191476033771139|126.9376362472135042_37.5192638637462252|126.9380119529951827_37.5194963601287341
2026-09-04T06:42:24.849833+09:00,여의도,여의도,POI072,KEY_4,1180022001,여의동로,1180006403,윤중초교앞교차로,126.9205331922790805_37.5194057557695260,1180034500,메리어트파크센터오피스텔,126.9191573972615572_37.5200167950090204,139.0,17.0,서행,126.9191573972615572_37.5200167950090204|126.9195487672864573_37.5198172756694817|126.9200046134281195_37.5196196313517518|126.9205331922790805_37.5194057557695260
2026-09-04T06:42:24.849833+09:00,여의도,여의도,POI072,KEY_4,1180022003,여의동로,1180034500,메리어트파크센터오피스텔,126.9191573972615572_37.5200167950090204,1180038708,서울교앞,126.9176384535335274_37.5212437352463297,193.0,32.0,원활,126.9176384535335274_37.5212437352463297|126.9177737130527390_37.5210708680828517|126.9180113765738440_37.5208237738386003|126.9182127611032485_37.5206509623871227|126.9184597884011652_37.5204519962155132|126.9185760471934401_37.5203706965029085|126.9188382590859732_37.5202048586976034|126.9191573972615572_37.5200167950090204
2026-09-04T06:42:24.849833+09:00,여의도,여의도,POI072,KEY_4,1180022004,여의동로,1180038709,서울교앞,126.9175660120804139_37.5213368385697237,1180038803,여의도교차로,126.9174065780712510_37.5215426374484053,27.0,26.0,원활,126.9174065780712510_37.5215426374484053|126.9175660120804139_37.5213368385697237
2026-09-04T06:42:24.849833+09:00,여의도,여의도,POI072,KEY_4,1180022101,여의동로,1180035807,KT여의도지점,126.9186604598271515_37.5204553701592047,1180006404,윤중초교앞교차로,126.9206365839930015_37.5194851920707038,206.0,42.5,원활,126.9206365839930015_37.5194851920707038|126.9200678162411009_37.5197153291130974|126.9196178727489439_37.5199104143355413|126.9192343336486459_37.5201057964449731|126.9189208570016234_37.5202906791802562|126.9186604598271515_37.5204553701592047
2026-09-04T06:42:24.849833+09:00,여의도,여의도,POI072,KEY_4,1180022103,여의동로,1180038707,서울교앞,126.9177536585469710_37.5213009209994013,1180035806,KT여의도지점,126.9185563083192676_37.5205280201315929,112.0,32.0,원활,126.9185563083192676_37.5205280201315929|126.9183107914376052_37.5207257702069512|126.9181152324778310_37.5208935825944394|126.9178854547087951_37.5211324807004090|126.9177536585469710_37.5213009209994013
2026-09-04T06:42:24.849833+09:00,여의도,여의도,POI072,KEY_4,1180022104,여의동로,1180038802,여의도교차로,126.9175141532534923_37.5216096736950604,1180038706,서울교앞,126.9176815364894821_37.5213936151355867,28.0,12.0,정체,126.9176815364894821_37.5213936151355867|126.9175141532534923_37.5216096736950604
2026-09-04T06:42:24.849833+09:00,여의도,여의도,POI072,KEY_4,1180022401,의사당대로,1180032904,대한지적공사앞사거리,126.9263598027269637_37.5193612539994206,1180035903,속성변화점,126.9253081000746164_37.5204308705330831,151.0,12.0,정체,126.9253081000746164_37.5204308705330831|126.9263598027269637_37.5193612539994206
2026-09-04T06:42:24.849833+09:00,여의도,여의도,POI072,KEY_4,1180022402,의사당대로,1180078600,여의도동 3-6,126.9246842218055917_37.5210726004608617,1180038903,여의도역앞교차로,126.9241769575183127_37.5215948246163791,73.0,38.0,원활,126.9241769575183127_37.5215948246163791|126.9246842218055917_37.5210726004608617
2026-09-04T06:42:24.849833+09:00,여의도,여의도,POI072,KEY_4,1180022501,의사당대로,1180035902,여의도동 3-6,126.9254149706603272_37.5204975359694970,1180032901,대한지적공사앞사거리,126.9264657832950292_37.5194288220322676,151.0,46.0,원활,126.9264657832950292_37.5194288220322676|126.9254149706603272_37.5204975359694970
2026-09-04T06:42:24.849833+09:00,여의도,여의도,POI072,KEY_4,1180022502,의사당대로,1180232200,여의도동 3-6,126.9249536728722347_37.5209718922338453,1180035901,여의도동 3-6,126.9253314029925406_37.5205830136610601,55.0,13.0,정체,126.9253314029925406_37.5205830136610601|126.9249536728722347_37.5209718922338453
2026-09-04T06:42:24.849833+09:00,여의도,여의도,POI072,KEY_4,1180022601,여의나루로,1180244800,여의도동 3,126.9215656689733720_37.5200967219306705,1180036804,광장아파트앞,126.9226527303322172_37.5207652863534591,121.0,24.7,서행,126.9226527303322172_37.5207652863534591|126.9217926969060244_37.5202363504555478|126.9215656689733720_37.5200967219306705
2026-09-04T06:42:24.849833+09:00,여의도,여의도,POI072,KEY_4,1180022602,여의나루로,1180036801,광장아파트앞,126.9227595051740991_37.5208320493825696,1180038904,여의도역앞교차로,126.9240944819508456_37.5216807302462740,151.0,13.0,정체,126.9240944819508456_37.5216807302462740|126.9230741785364529_37.5210320988540929|126.9227595051740991_37.5208320493825696
2026-09-04T06:42:24.849833+09:00,여의도,여의도,POI072,KEY_4,1180022701,여의나루로,1180194200,여의도동 3,126.9209663293650578_37.5195741533230844,1180006401,윤중초교앞교차로,126.9207650877759193_37.5194336994840612,24.0,13.0,정체,126.9207650877759193_37.5194336994840612|126.9208553341128010_37.5195030362503985|126.9209663293650578_37.5195741533230844
2026-09-04T06:42:24.849833+09:00,여의도,여의도,POI072,KEY_4,1180022702,여의나루로,1180124200,여의도동 3,126.9231588597579616_37.5209475952101101,1180036802,광장아파트앞,126.9228279546733376_37.5207372265233658,37.0,10.0,정체,126.9228279546733376_37.5207372265233658|126.9231588597579616_37.5209475952101101
2026-09-04T06:42:24.849833+09:00,여의도,여의도,POI072,KEY_4,1180022901,국제금융로8길,1180126900,여의도동 4,126.9279920585710784_37.5202627781520377,1180032902,대한지적공사앞사거리,126.9265496010735461_37.5193437320748941,163.0,12.0,정체,126.9265496010735461_37.5193437320748941|126.9269201916985708_37.5195875873130760|126.9272716623493835_37.5198188587192476|126.9273748360091219_37.5198841753130239|126.9279920585710784_37.5202627781520377
2026-09-04T06:42:24.849833+09:00,여의도,여의도,POI072,KEY_4,1180022903,국제금융로8길,1180234300,여의도동 4,126.9293196295517134_37.5210904417870239,1180036702,매일일보,126.9287164299037443_37.5207081885220788,68.0,25.0,원활,126.9287164299037443_37.5207081885220788|126.9293196295517134_37.5210904417870239
2026-09-04T06:42:24.849833+09:00,여의도,여의도,POI072,KEY_4,1180022904,국제금융로8길,1180040203,수정아파트앞교차로,126.9307509889043502_37.5219799273467487,1180038602,한국금융증권,126.9299951560938382_37.5215173870643000,84.0,8.0,정체,126.9299951560938382_37.5215173870643000|126.9307509889043502_37.5219799273467487
2026-09-04T06:42:24.849833+09:00,여의도,여의도,POI072,KEY_4,1180023002,국제금융로,1180034404,한양아파트앞교차로,126.9328084183614891_37.5198734924336605,1180040203,수정아파트앞교차로,126.9307509889043502_37.5219799273467487,296.0,14.0,정체,126.9307509889043502_37.5219799273467487|126.9318322407762167_37.5208729407229455|126.9328084183614891_37.5198734924336605
2026-09-04T06:42:24.849833+09:00,여의도,여의도,POI072,KEY_4,1180023102,국제금융로,1180122200,여의도동 4-2,126.9319393819449289_37.5209393298269305,1180034401,한양아파트앞교차로,126.9329147543003131_37.5199407045290272,140.0,19.0,서행,126.9329147543003131_37.5199407045290272|126.9319393819449289_37.5209393298269305
2026-09-04T06:42:24.849833+09:00,여의도,여의도,POI072,KEY_4,1180023802,여의대방로,1180148700,여의도동 5,126.9332535039271335_37.5201528891288518,1180036504,삼익아파트,126.9340675747020981_37.5206627945251299,92.0,13.0,정체,126.9340675747020981_37.5206627945251299|126.9337093608596518_37.5204384234820338|126.9332535039271335_37.5201528891288518
2026-09-04T06:42:24.849833+09:00,여의도,여의도,POI072,KEY_4,1180023803,여의대방로,1180089000,여의도동 5,126.9348014519769947_37.5211250042198898,1180038402,원효대교(남측),126.9354288936371944_37.5215199968422155,71.0,21.0,서행,126.9354288936371944_37.5215199968422155|126.9354064649786693_37.5215062088296207|126.9349318528382327_37.5212071673588810|126.9348014519769947_37.5211250042198898
2026-09-04T06:42:24.849833+09:00,여의도,여의도,POI072,KEY_4,1180023804,여의대방로,1180038402,원효대교(남측),126.9354288936371944_37.5215199968422155,1180007603,원효대교앞교차로,126.9376993931907123_37.5229058691159025,253.0,28.0,원활,126.9376993931907123_37.5229058691159025|126.9367576606416321_37.5223368743102839|126.9354288936371944_37.5215199968422155
2026-09-04T06:42:24.849833+09:00,여의도,여의도,POI072,KEY_4,1180023902,여의대방로,1180148600,여의도동 5,126.9333374148772862_37.5200679006656301,1180034402,한양아파트앞교차로,126.9329986208068846_37.5198556883736742,38.0,42.7,원활,126.9329986208068846_37.5198556883736742|126.9333374148772862_37.5200679006656301
2026-09-04T06:42:24.849833+09:00,여의도,여의도,POI072,KEY_4,1180023904,여의대방로,1180007602,원효대교앞교차로,126.9377991695937595_37.5228304435030964,1180038401,원효대교(남측),126.9355118374576392_37.5214344074539099,255.0,26.0,원활,126.9355118374576392_37.5214344074539099|126.9368401546675926_37.5222510078583156|126.9377991695937595_37.5228304435030964
2026-09-04T06:42:24.849833+09:00,여의도,여의도,POI072,KEY_4,1180024601,여의동로,1180007004,시범아파트앞교차로,126.9401991775211798_37.5209785278175971,1180007602,원효대교앞교차로,126.9377991695937595_37.5228304435030964,295.0,42.0,원활,126.9377991695937595_37.5228304435030964|126.9394041207515187_37.5216176335209894|126.9401086909208090_37.5210660656542530|126.9401991775211798_37.5209785278175971
2026-09-04T06:42:24.849833+09:00,여의도,여의도,POI072,KEY_4,1180024701,여의동로,1180039300,원효대교(남측),126.9394984211137256_37.5216954122665811,1180007001,시범아파트앞교차로,126.9403039746038786_37.5210472508129982,101.0,53.0,원활,126.9403039746038786_37.5210472508129982|126.9402089441002488_37.5211391841689448|126.9394984211137256_37.5216954122665811
2026-09-04T06:42:24.849833+09:00,여의도,여의도,POI072,KEY_4,1180024702,여의동로,1180007601,원효대교앞교차로,126.9379087682920613_37.5228966618330730,1180039300,원효대교(남측),126.9394984211137256_37.5216954122665811,194.0,23.0,서행,126.9394984211137256_37.5216954122665811|126.9379087682920613_37.5228966618330730
2026-09-04T06:42:24.849833+09:00,여의도,여의도,POI072,KEY_4,1180025002,여의서로,1180038804,여의도교차로,126.9173326906496868_37.5216339050043644,1180042903,한국방송공사앞,126.9160598886022484_37.5232024405971387,207.0,12.0,정체,126.9160598886022484_37.5232024405971387|126.9162278121554834_37.5229759399330192|126.9171281270170084_37.5218737751130362|126.9173326906496868_37.5216339050043644
2026-09-04T06:42:24.849833+09:00,여의도,여의도,POI072,KEY_4,1180025102,여의서로,1180042902,한국방송공사앞,126.9161767807363361_37.5232574156796943,1180038801,여의도교차로,126.9174398834116033_37.5217006351711717,206.0,25.0,원활,126.9174398834116033_37.5217006351711717|126.9172411767066819_37.5219336377009398|126.9163432053984479_37.5230329362404262|126.9161767807363361_37.5232574156796943
2026-09-04T06:42:24.849833+09:00,여의도,여의도,POI072,KEY_4,1180026401,여의나루로,1180038901,여의도역앞교차로,126.9242012582014354_37.5217475240258054,1180041304,여의도포스트타워,126.9255002248636544_37.5225475166510023,145.0,17.0,서행,126.9255002248636544_37.5225475166510023|126.9242012582014354_37.5217475240258054
2026-09-04T06:42:24.849833+09:00,여의도,여의도,POI072,KEY_4,1180026402,여의나루로,1180041301,여의도포스트타워,126.9256078753944763_37.5226133831529864,1180042304,여의도우체국,126.9263084504317050_37.5230392405150965,78.0,29.0,원활,126.9263084504317050_37.5230392405150965|126.9256078753944763_37.5226133831529864
2026-09-04T06:42:24.849833+09:00,여의도,여의도,POI072,KEY_4,1180026403,여의나루로,1180125200,여의도동 3,126.9273055137644377_37.5236590158115035,1180008104,한국거래소교차로,126.9284262911522063_37.5243565376483375,126.0,17.0,서행,126.9284262911522063_37.5243565376483375|126.9273055137644377_37.5236590158115035
2026-09-04T06:42:24.849833+09:00,여의도,여의도,POI072,KEY_4,1180026501,여의나루로,1180041302,속성변화점,126.9256902342329596_37.5225274343242958,1180038902,여의도역앞교차로,126.9242837002947937_37.5216616256273028,157.0,27.7,원활,126.9242837002947937_37.5216616256273028|126.9255832614961861_37.5224619830475987|126.9256902342329596_37.5225274343242958
2026-09-04T06:42:24.849833+09:00,여의도,여의도,POI072,KEY_4,1180026502,여의나루로,1180042303,여의도우체국,126.9263908079338563_37.5229532919718807,1180041302,속성변화점,126.9256902342329596_37.5225274343242958,78.0,27.0,원활,126.9256902342329596_37.5225274343242958|126.9263908079338563_37.5229532919718807
2026-09-04T06:42:24.849833+09:00,여의도,여의도,POI072,KEY_4,1180026503,여의나루로,1180125300,여의도동 3,126.9273890984019033_37.5235738209484921,1180042302,여의도우체국,126.9264982473671637_37.5230193781161319,100.0,25.0,원활,126.9264982473671637_37.5230193781161319|126.9273890984019033_37.5235738209484921
2026-09-04T06:42:24.849833+09:00,여의도,여의도,POI072,KEY_4,1180026601,국제금융로,1180040204,수정아파트앞교차로,126.9306672829337828_37.5220650517832723,1180042603,동서빌딩,126.9296216888965887_37.5231213788522311,149.0,29.0,원활,126.9296216888965887_37.5231213788522311|126.9306672829337828_37.5220650517832723
2026-09-04T06:42:24.849833+09:00,여의도,여의도,POI072,KEY_4,1180026602,국제금융로,1180042604,동서빌딩,126.9295381668630398_37.5232067155673192,1180008103,한국거래소교차로,126.9285092333859524_37.5242709429893537,149.0,28.0,원활,126.9285092333859524_37.5242709429893537|126.9295381668630398_37.5232067155673192
2026-09-04T06:42:24.849833+09:00,여의도,여의도,POI072,KEY_4,1180026701,국제금융로,1180008102,한국거래소교차로,126.9286163016688818_37.5243374139891230,1180040201,수정아파트앞교차로,126.9307745811657071_37.5221312878077455,310.0,15.0,서행,126.9307745811657071_37.5221312878077455|126.9297282923670735_37.5231883182878576|126.9296457226009380_37.5232726808345376|126.9286163016688818_37.5243374139891230
2026-09-04T06:42:24.849833+09:00,여의도,여의도,POI072,KEY_4,1180027001,국제금융로7길,1180081300,여의도동 3-1,126.9318327118790393_37.5227902671910627,1180042104,여의도한양아파트,126.9319322430067700_37.5228522517926564,11.0,16.0,서행,126.9319322430067700_37.5228522517926564|126.9318327118790393_37.5227902671910627
2026-09-04T06:42:24.849833+09:00,여의도,여의도,POI072,KEY_4,1180027002,국제금융로7길,1180170400,여의도동 30-2,126.9333111517824335_37.5237035923319837,1180008203,여의도선착장앞교차로,126.9351237113233424_37.5248540733071394,205.0,21.0,서행,126.9351237113233424_37.5248540733071394|126.9347308471132010_37.5245861791715924|126.9341471467802336_37.5242210350281624|126.9339693179029922_37.5241097897212015|126.9335585427071464_37.5238562744125730|126.9333111517824335_37.5237035923319837
2026-09-04T06:42:24.849833+09:00,여의도,여의도,POI072,KEY_4,1180027101,국제금융로7길,1180125900,여의도동 4,126.9311872674100243_37.5222510530704270,1180040202,수정아파트앞교차로,126.9308582797666531_37.5220461648026387,37.0,20.0,서행,126.9308582797666531_37.5220461648026387|126.9311872674100243_37.5222510530704270
2026-09-04T06:42:24.849833+09:00,여의도,여의도,POI072,KEY_4,1180027102,국제금융로7길,1180198500,여의도동 4,126.9326315429515404_37.5231473697622491,1180042102,여의도한양아파트,126.9321229804287583_37.5228334900583178,57.0,14.0,정체,126.9321229804287583_37.5228334900583178|126.9326315429515404_37.5231473697622491
2026-09-04T06:42:24.849833+09:00,여의도,여의도,POI072,KEY_4,1180027601,여의동로,1180007603,원효대교앞교차로,126.9376993931907123_37.5229058691159025,1180008202,여의도선착장앞교차로,126.9352222439933087_37.5247789291314646,302.0,41.0,원활,126.9352222439933087_37.5247789291314646|126.9376993931907123_37.5229058691159025
2026-09-04T06:42:24.849833+09:00,여의도,여의도,POI072,KEY_4,1180027701,여의동로,1180044300,원효대교(남측),126.9363222446695119_37.5240962818884185,1180007604,원효대교앞교차로,126.9378089860223895_37.5229720840527037,181.0,20.0,서행,126.9378089860223895_37.5229720840527037|126.9363222446695119_37.5240962818884185
2026-09-04T06:42:24.849833+09:00,여의도,여의도,POI072,KEY_4,1180027702,여의동로,1180008201,여의도선착장앞교차로,126.9353157098191645_37.5248573421928668,1180044300,원효대교(남측),126.9363222446695119_37.5240962818884185,123.0,19.5,서행,126.9363222446695119_37.5240962818884185|126.9353157098191645_37.5248573421928668
2026-09-04T06:42:24.849833+09:00,여의도,여의도,POI072,KEY_4,1180028200,의사당대로,1180042502,여의도지하차도(남측),126.9230739462851005_37.5227496061812005,1180009003,여의도지하차도(북측),126.9191150291965613_37.5267392953712999,564.0,57.7,원활,126.9191150291965613_37.5267392953712999|126.9201443506246108_37.5257459991238065|126.9212525207885562_37.5245910783263668|126.9219274569347249_37.5239031931689340|126.9230739462851005_37.5227496061812005
2026-09-04T06:42:24.849833+09:00,여의도,여의도,POI072,KEY_4,1180028801,여의공원로,1180119800,한국방송공사앞교차로,126.9162376982854141_37.5234303290582289,1180045104,여의도동 2-11,126.9185848101250258_37.5248548993062059,261.0,16.0,서행,126.9185848101250258_37.5248548993062059|126.9162376982854141_37.5234303290582289
2026-09-04T06:42:24.849833+09:00,여의도,여의도,POI072,KEY_4,1180028802,여의공원로,1180045101,여의도동 2-11,126.9186925033394289_37.5249207467094124,1180046204,여의도공원사거리,126.9200468517650648_37.5257551569498133,151.0,28.0,원활,126.9200468517650648_37.5257551569498133|126.9186925033394289_37.5249207467094124
2026-09-04T06:42:24.849833+09:00,여의도,여의도,POI072,KEY_4,1180028902,여의공원로,1180045103,여의도동 2-11,126.9186670908712671_37.5247689025059827,1180042902,한국방송공사앞,126.9161767807363361_37.5232574156796943,277.0,26.0,원활,126.9161767807363361_37.5232574156796943|126.9163199805120570_37.5233443334696943|126.9186670908712671_37.5247689025059827
2026-09-04T06:42:24.849833+09:00,여의도,여의도,POI072,KEY_4,1180028903,여의공원로,1180046203,여의도공원사거리,126.9201299129616700_37.5256696373191119,1180045102,여의도동 2-11,126.9187755656427044_37.5248352275160784,151.0,30.0,원활,126.9187755656427044_37.5248352275160784|126.9201299129616700_37.5256696373191119
2026-09-04T06:42:24.849833+09:00,여의도,여의도,POI072,KEY_4,1180029201,여의서로,1180042904,한국방송공사앞,126.9159903931043800_37.5232960347716684,1180046803,KBS기술연구소,126.9141488563772526_37.5260216283162720,344.0,33.0,원활,126.9141488563772526_37.5260216283162720|126.9145825675221744_37.5253904618593026|126.9155125095740289_37.5239458188810460|126.9158732772367273_37.5234535696549258|126.9159903931043800_37.5232960347716684
2026-09-04T06:42:24.849833+09:00,여의도,여의도,POI072,KEY_4,1180029202,여의서로,1180046804,KBS기술연구소,126.9140828054650996_37.5261159127207975,1180047803,의원회관앞교차로,126.9135274643399640_37.5268977275474711,100.0,27.0,원활,126.9135274643399640_37.5268977275474711|126.9140828054650996_37.5261159127207975
2026-09-04T06:42:24.849833+09:00,여의도,여의도,POI072,KEY_4,1180029301,여의서로,1180046802,KBS기술연구소,126.9142679428666298_37.5260735354667077,1180042901,한국방송공사앞,126.9161072016457155_37.5233511216727109,343.0,11.0,정체,126.9161072016457155_37.5233511216727109|126.9159903024120695_37.5235083663165980|126.9156316188370539_37.5239977738216837|126.9147025329317984_37.5254410884652785|126.9142679428666298_37.5260735354667077
2026-09-04T06:42:24.849833+09:00,여의도,여의도,POI072,KEY_4,1180029302,여의서로,1180047802,의원회관앞교차로,126.9136394602196987_37.5269596416603761,1180046801,KBS기술연구소,126.9142009634784500_37.5261691500808396,101.0,11.0,정체,126.9142009634784500_37.5261691500808396|126.9136394602196987_37.5269596416603761
2026-09-04T06:42:24.849833+09:00,여의도,여의도,POI072,KEY_4,1180030202,국제금융로,1180008104,한국거래소교차로,126.9284262911522063_37.5243565376483375,1180045503,콘래드호텔,126.9275656592524513_37.5252426866880526,124.0,13.0,정체,126.9275656592524513_37.5252426866880526|126.9284262911522063_37.5243565376483375
2026-09-04T06:42:24.849833+09:00,여의도,여의도,POI072,KEY_4,1180030203,국제금융로,1180045504,콘래드호텔,126.9274823003491548_37.5253285166201778,1180047403,파크원타워1,126.9262943673228676_37.5265516473403409,172.0,35.0,원활,126.9262943673228676_37.5265516473403409|126.9274823003491548_37.5253285166201778
2026-09-04T06:42:24.849833+09:00,여의도,여의도,POI072,KEY_4,1180030302,국제금융로,1180047402,파크원타워1,126.9263987935073459_37.5266208412980191,1180008101,한국거래소교차로,126.9285333597918708_37.5244230074264635,308.0,25.0,원활,126.9285333597918708_37.5244230074264635|126.9276730373239701_37.5253088391501777|126.9275896799517085_37.5253946687649673|126.9263987935073459_37.5266208412980191
2026-09-04T06:42:24.849833+09:00,여의도,여의도,POI072,KEY_4,1180030402,여의나루로,1180153000,여의도동 3,126.9295910888797891_37.5250780460679465,1180045704,삼부아파트,126.9301223210420062_37.5254070237092776,59.0,21.0,서행,126.9301223210420062_37.5254070237092776|126.9295910888797891_37.5250780460679465
2026-09-04T06:42:24.849833+09:00,여의도,여의도,POI072,KEY_4,1180030403,여의나루로,1180171700,여의도동 3,126.9321280963523151_37.5266567883219651,1180009103,여의중고교앞교차로,126.9324772431698278_37.5268743677158270,39.0,18.0,서행,126.9324772431698278_37.5268743677158270|126.9323539014093285_37.5267975045387630|126.9321280963523151_37.5266567883219651
2026-09-04T06:42:24.849833+09:00,여의도,여의도,POI072,KEY_4,1180030501,여의나루로,1180045703,삼부아파트,126.9302056495171200_37.5253216690245637,1180008102,한국거래소교차로,126.9286163016688818_37.5243374139891230,178.0,18.0,서행,126.9286163016688818_37.5243374139891230|126.9290852126952274_37.5246278072283701|126.9296744175930627_37.5249926917535461|126.9302056495171200_37.5253216690245637
2026-09-04T06:42:24.849833+09:00,여의도,여의도,POI072,KEY_4,1180030502,여의나루로,1180105800,여의도동 3,126.9316958645969038_37.5262501446870687,1180045702,삼부아파트,126.9303133224847642_37.5253885442037927,155.0,17.7,서행,126.9303133224847642_37.5253885442037927|126.9316958645969038_37.5262501446870687
2026-09-04T06:42:24.849833+09:00,여의도,여의도,POI072,KEY_4,1180030800,여의동로,1180008203,여의도선착장앞교차로,126.9351237113233424_37.5248540733071394,1180009102,여의중고교앞교차로,126.9325768880587333_37.5267991798270799,312.0,37.0,원활,126.9325768880587333_37.5267991798270799|126.9340880918445009_37.5256494381100225|126.9351237113233424_37.5248540733071394
2026-09-04T06:42:24.849833+09:00,여의도,여의도,POI072,KEY_4,1180030900,여의동로,1180009101,여의중고교앞교차로,126.9326849274163322_37.5268665066546987,1180008204,여의도선착장앞교차로,126.9352179426163758_37.5249319019633703,310.0,31.5,원활,126.9352179426163758_37.5249319019633703|126.9341820940272072_37.5257274434280319|126.9326849274163322_37.5268665066546987
2026-09-04T06:42:24.849833+09:00,여의도,여의도,POI072,KEY_4,1180031200,의사당대로,1180046204,여의도공원사거리,126.9200468517650648_37.5257551569498133,1180009003,여의도지하차도(북측),126.9191150291965613_37.5267392953712999,138.0,30.0,원활,126.9191150291965613_37.5267392953712999|126.9191933704532005_37.5265787675293083|126.9200468517650648_37.5257551569498133
2026-09-04T06:42:24.849833+09:00,여의도,여의도,POI072,KEY_4,1180031300,의사당대로,1180009002,여의도지하차도(북측),126.9192224605303210_37.5268054826268056,1180046201,여의도공원사거리,126.9202613782381377_37.5258878549948420,138.0,29.3,원활,126.9202613782381377_37.5258878549948420|126.9194027746886633_37.5267164115458911|126.9192224605303210_37.5268054826268056
2026-09-04T06:42:24.849833+09:00,여의도,여의도,POI072,KEY_4,1180031402,국회대로,1180046001,여의2교남단교차로,126.9110548372880771_37.5257645667991255,1180047804,의원회관앞교차로,126.9134650625379095_37.5269942928087872,253.0,43.3,원활,126.9134650625379095_37.5269942928087872|126.9110548372880771_37.5257645667991255
2026-09-04T06:42:24.849833+09:00,여의도,여의도,POI072,KEY_4,1180031502,국회대로,1180047803,의원회관앞교차로,126.9135274643399640_37.5268977275474711,1180046002,여의2교남단교차로,126.9111139413039098_37.5256663196409335,253.0,16.0,서행,126.9111139413039098_37.5256663196409335|126.9135274643399640_37.5268977275474711
2026-09-04T06:42:24.849833+09:00,여의도,여의도,POI072,KEY_4,1180031700,여의대방로,1180263900,최소노드배치점,126.9423668339206870_37.5252518313100794,1180043100,원효대교남단,126.9389194214592607_37.5234603791527448,364.0,64.5,원활,126.9389194214592607_37.5234603791527448|126.9423668339206870_37.5252518313100794
2026-09-04T06:42:24.849833+09:00,여의도,여의도,POI072,KEY_4,1180032200,여의공원로,1180046201,여의도공원사거리,126.9202613782381377_37.5258878549948420,1180009504,여의도공원앞교차로,126.9243788044885548_37.5284488470021884,462.0,23.5,서행,126.9243788044885548_37.5284488470021884|126.9229106898593642_37.5275333155708140|126.9202613782381377_37.5258878549948420
2026-09-04T06:42:24.849833+09:00,여의도,여의도,POI072,KEY_4,1180032300,여의공원로,1180009503,여의도공원앞교차로,126.9244625001170590_37.5283637182862293,1180046202,여의도공원사거리,126.9203448630397020_37.5258025956584831,462.0,16.0,서행,126.9203448630397020_37.5258025956584831|126.9229942795348052_37.5274481218260405|126.9244625001170590_37.5283637182862293
2026-09-04T06:42:24.849833+09:00,여의도,여의도,POI072,KEY_4,1180033000,의사당대로,1180009004,여의도지하차도(북측),126.9190308136938512_37.5268240980039991,1180050803,국회의사당앞교차로,126.9169751671367123_37.5289842081922771,301.0,27.0,원활,126.9169751671367123_37.5289842081922771|126.9190308136938512_37.5268240980039991
2026-09-04T06:42:24.849833+09:00,여의도,여의도,POI072,KEY_4,1180033100,의사당대로,1180050802,국회의사당앞교차로,126.9170828781558384_37.5290500254580905,1180009001,여의도지하차도(북측),126.9191381861277392_37.5268902681428855,301.0,19.0,서행,126.9191381861277392_37.5268902681428855|126.9170828781558384_37.5290500254580905
2026-09-04T06:42:24.849833+09:00,여의도,여의도,POI072,KEY_4,1180033202,국회대로,1180138900,여의도동 1-1,126.9158268605278437_37.5284233742115916,1180050804,국회의사당앞교차로,126.9168928924711679_37.5290702119511366,118.0,28.5,원활,126.9168928924711679_37.5290702119511366|126.9165053994318129_37.5288350946524574|126.9158268605278437_37.5284233742115916
2026-09-04T06:42:24.849833+09:00,여의도,여의도,POI072,KEY_4,1180033301,국회대로,1180049103,키즈TV,126.9154773852716289_37.5280753781942735,1180047802,의원회관앞교차로,126.9136394602196987_37.5269596416603761,204.0,47.0,원활,126.9136394602196987_37.5269596416603761|126.9146393203885879_37.5275666275930178|126.9150824738661498_37.5278356472698889|126.9154773852716289_37.5280753781942735
2026-09-04T06:42:24.849833+09:00,여의도,여의도,POI072,KEY_4,1180033302,국회대로,1180115400,여의도동 1-1,126.9165876741060259_37.5287490912861017,1180049102,키즈TV,126.9155853725793577_37.5281409178062191,111.0,29.0,원활,126.9155853725793577_37.5281409178062191|126.9159091352979658_37.5283373715814861|126.9165876741060259_37.5287490912861017
2026-09-04T06:42:24.849833+09:00,여의도,여의도,POI072,KEY_4,1180033401,여의동로,1180009103,여의중고교앞교차로,126.9324772431698278_37.5268743677158270,1180049402,여의동로삼거리,126.9306888510367770_37.5282400464787358,219.0,14.0,정체,126.9306888510367770_37.5282400464787358|126.9316099219255705_37.5275248241457220|126.9324772431698278_37.5268743677158270
2026-09-04T06:42:24.849833+09:00,여의도,여의도,POI072,KEY_4,1180033402,여의동로,1180049403,여의동로삼거리,126.9305906868378742_37.5283161715650735,1180050701,마포대교앞,126.9298855635072698_37.5288624491009486,87.0,40.3,원활,126.9298855635072698_37.5288624491009486|126.9305906868378742_37.5283161715650735
2026-09-04T06:42:24.849833+09:00,여의도,여의도,POI072,KEY_4,1180033501,여의동로,1180050000,마포대교남측,126.9304020221015321_37.5286131745307898,1180009104,여의중고교앞교차로,126.9325853985016863_37.5269417668937137,268.0,16.0,서행,126.9325853985016863_37.5269417668937137|126.9317038491518019_37.5276028935370434|126.9307836236958451_37.5283174604033363|126.9306853496340324_37.5283936719680753|126.9304020221015321_37.5286131745307898
2026-09-04T06:42:24.849833+09:00,여의도,여의도,POI072,KEY_4,1180033503,여의동로,1180050901,마포대교앞교차로,126.9295779021332464_37.5291926767471580,1180050000,마포대교남측,126.9304020221015321_37.5286131745307898,97.0,13.0,정체,126.9304020221015321_37.5286131745307898|126.9299369050538218_37.5289735100707489|126.9295779021332464_37.5291926767471580
2026-09-04T06:42:24.849833+09:00,여의도,여의도,POI072,KEY_4,1180033700,은행로,1180009803,신한일보,126.9234414497844057_37.5294206483528754,1180009002,여의도지하차도(북측),126.9192224605303210_37.5268054826268056,473.0,24.0,서행,126.9192224605303210_37.5268054826268056|126.9195732675343748_37.5270189229749036|126.9202338553054545_37.5274208360670514|126.9208296717275886_37.5277833342574425|126.9213053103871687_37.5280727109073098|126.9214090375718911_37.5281381664055473|126.9220016795030261_37.5285121403360407|126.9234414497844057_37.5294206483528754
2026-09-04T06:42:24.849833+09:00,여의도,여의도,POI072,KEY_4,1180034400,국회대로76길,1180009504,여의도공원앞교차로,126.9243788044885548_37.5284488470021884,1180009803,신한일보,126.9234414497844057_37.5294206483528754,136.0,21.0,서행,126.9234414497844057_37.5294206483528754|126.9243788044885548_37.5284488470021884
2026-09-04T06:42:24.849833+09:00,여의도,여의도,POI072,KEY_4,1180034500,국회대로76길,1180009802,신한일보,126.9235485328000550_37.5294871131787886,1180009501,여의도공원앞교차로,126.9244851749435838_37.5285160491735326,136.0,19.0,서행,126.9244851749435838_37.5285160491735326|126.9235485328000550_37.5294871131787886
2026-09-04T06:42:24.849833+09:00,여의도,여의도,POI072,KEY_4,1180034801,여의공원로,1180009501,여의도공원앞교차로,126.9244851749435838_37.5285160491735326,1180051204,국민일보본사,126.9257155110862811_37.5293031839462898,139.0,19.0,서행,126.9257155110862811_37.5293031839462898|126.9244851749435838_37.5285160491735326
2026-09-04T06:42:24.849833+09:00,여의도,여의도,POI072,KEY_4,1180034802,여의공원로,1180051201,국민일보본사,126.9258217891435123_37.5293704606697105,1180052803,여의도동 8-1,126.9270735891385158_37.5301791716015671,143.0,23.0,서행,126.9270735891385158_37.5301791716015671|126.9269146142970186_37.5300549037916227|126.9258217891435123_37.5293704606697105
2026-09-04T06:42:24.849833+09:00,여의도,여의도,POI072,KEY_4,1180034901,여의공원로,1180051203,국민일보본사,126.9258005332342947_37.5292188928723505,1180009502,여의도공원앞교차로,126.9245701975796123_37.5284317589745982,139.0,24.0,서행,126.9245701975796123_37.5284317589745982|126.9258005332342947_37.5292188928723505
2026-09-04T06:42:24.849833+09:00,여의도,여의도,POI072,KEY_4,1180034902,여의공원로,1180052802,여의도동 8-1,126.9271942634312609_37.5301220004860596,1180051202,국민일보본사,126.9259057123857843_37.5292854733296437,147.0,31.0,원활,126.9259057123857843_37.5292854733296437|126.9270043948584146_37.5299735844800821|126.9271942634312609_37.5301220004860596
2026-09-04T06:42:24.849833+09:00,여의도,여의도,POI072,KEY_4,1180035200,여의서로,1180050903,마포대교앞교차로,126.9293336830422589_37.5291760389837705,1180052802,여의도동 8-1,126.9271942634312609_37.5301220004860596,217.0,11.0,정체,126.9271942634312609_37.5301220004860596|126.9289687654274701_37.5292909204113414|126.9293336830422589_37.5291760389837705
2026-09-04T06:42:24.849833+09:00,여의도,여의도,POI072,KEY_4,1180035301,여의서로,1180051900,마포대교(남측),126.9282127564699607_37.5297704303567201,1180050904,마포대교앞교차로,126.9294559117414423_37.5292538203661366,124.0,45.3,원활,126.9294559117414423_37.5292538203661366|126.9290284880619879_37.5293883798018513|126.9282127564699607_37.5297704303567201
2026-09-04T06:42:24.849833+09:00,여의도,여의도,POI072,KEY_4,1180035302,여의서로,1180052801,여의도동 8-1,126.9272946071328505_37.5302004365455559,1180051900,마포대교(남측),126.9282127564699607_37.5297704303567201,94.0,41.0,원활,126.9282127564699607_37.5297704303567201|126.9272946071328505_37.5302004365455559
2026-09-04T06:42:24.849833+09:00,여의도,여의도,POI072,KEY_4,1180036002,은행로,1180009801,신한일보,126.9234656771860301_37.5295727631180682,1180054103,여의도동 8-1,126.9253966778790357_37.5307939856169597,218.0,31.0,원활,126.9253966778790357_37.5307939856169597|126.9247967732784161_37.5303884026922248|126.9246963806167088_37.5303239145643346|126.9234656771860301_37.5295727631180682
2026-09-04T06:42:24.849833+09:00,여의도,여의도,POI072,KEY_4,1180036101,은행로,1180053403,중소기업투데이,126.9247789627892189_37.5302380972319654,1180009802,신한일보,126.9235485328000550_37.5294871131787886,137.0,16.0,서행,126.9235485328000550_37.5294871131787886|126.9247789627892189_37.5302380972319654
2026-09-04T06:42:24.849833+09:00,여의도,여의도,POI072,KEY_4,1180036102,은행로,1180054102,여의도동 8-1,126.9255387467788267_37.5307482084733266,1180053402,중소기업투데이,126.9248846356486524_37.5303059783637281,76.0,14.0,정체,126.9248846356486524_37.5303059783637281|126.9255387467788267_37.5307482084733266
2026-09-04T06:42:24.849833+09:00,여의도,여의도,POI072,KEY_4,1180036200,여의서로,1180052803,여의도동 8-1,126.9270735891385158_37.5301791716015671,1180054102,여의도동 8-1,126.9255387467788267_37.5307482084733266,150.0,36.0,원활,126.9255387467788267_37.5307482084733266|126.9263346255653886_37.5304864014787682|126.9267477914268198_37.5303345757613798|126.9270735891385158_37.5301791716015671
2026-09-04T06:42:24.849833+09:00,여의도,여의도,POI072,KEY_4,1180036300,여의서로,1180054101,여의도동 8,126.9256551428871944_37.5308269003855344,1180052804,여의도동 8-1,126.9271737183142079_37.5302574404772074,149.0,19.0,서행,126.9271737183142079_37.5302574404772074|126.9268112935386910_37.5304303158847645|126.9263890041094953_37.5305854941670134|126.9256551428871944_37.5308269003855344
2026-09-04T06:42:24.849833+09:00,여의도,여의도,POI072,KEY_4,1180071100,여의동로,1180030703,이마트(여의도점),126.9276237094474169_37.5180791890850927,1180028501,여의도동 3-9,126.9264061143659319_37.5172852192624120,139.0,25.5,원활,126.9264061143659319_37.5172852192624120|126.9265378572362124_37.5173842043816279|126.9274329172205142_37.5179584390562226|126.9276237094474169_37.5180791890850927
2026-09-04T06:42:24.849833+09:00,여의도,여의도,POI072,KEY_4,1180036401,국회대로,1180155000,여의도동 1-1,126.9184061280869713_37.5300009967483419,1180010303,서강대교(남측),126.9215102204224763_37.5319506286676088,350.0,20.0,서행,126.9215102204224763_37.5319506286676088|126.9210461430147205_37.5316255718379566|126.9203325255415535_37.5311864488027496|126.9197419650193126_37.5308230414341679|126.9191619518192908_37.5304661181429466|126.9185557758553813_37.5300930883489983|126.9184061280869713_37.5300009967483419
2026-09-04T06:42:24.849833+09:00,여의도,여의도,POI072,KEY_4,1180036501,국회대로,1180142700,국회의사당삼거리,126.9174236015788750_37.5292597110738839,1180050802,국회의사당앞교차로,126.9170828781558384_37.5290500254580905,38.0,28.0,원활,126.9170828781558384_37.5290500254580905|126.9174236015788750_37.5292597110738839
2026-09-04T06:42:24.849833+09:00,여의도,여의도,POI072,KEY_4,1180036502,국회대로,1180010302,서강대교(남측),126.9216542954880822_37.5319075549676455,1180055401,서강대교남단,126.9213526599560566_37.5316962787179307,36.0,8.0,정체,126.9213526599560566_37.5316962787179307|126.9216542954880822_37.5319075549676455
2026-09-04T06:42:24.849833+09:00,여의도,여의도,POI072,KEY_4,1180036801,국회대로76길,1180054700,서강대교남측,126.9217615574708447_37.5313291653935792,1180009801,신한일보,126.9234656771860301_37.5295727631180682,246.0,26.0,원활,126.9234656771860301_37.5295727631180682|126.9217615574708447_37.5313291653935792
2026-09-04T06:42:24.849833+09:00,여의도,여의도,POI072,KEY_4,1180036802,국회대로76길,1180055401,서강대교남단,126.9213526599560566_37.5316962787179307,1180054700,서강대교남측,126.9217615574708447_37.5313291653935792,54.0,26.0,원활,126.9217615574708447_37.5313291653935792|126.9213526599560566_37.5316962787179307
2026-09-04T06:42:24.849833+09:00,여의도,여의도,POI072,KEY_4,1180036900,국회대로76길,1180009804,신한일보,126.9233585883312401_37.5295063067986732,1180055402,서강대교남단,126.9212497207452941_37.5316241760058915,300.0,16.0,서행,126.9212497207452941_37.5316241760058915|126.9216570369709558_37.5312600586952954|126.9233585883312401_37.5295063067986732
2026-09-04T06:42:24.849833+09:00,여의도,여의도,POI072,KEY_4,1180037401,여의서로,1180154900,여의도동 8-1,126.9245116578237855_37.5310611026891863,1180055500,서강대교남측,126.9220936272136981_37.5317745947810906,228.0,32.0,원활,126.9220936272136981_37.5317745947810906|126.9223180243961764_37.5317057160051633|126.9236617313689948_37.5313110990677146|126.9238006335624789_37.5312703054629822|126.9245116578237855_37.5310611026891863
2026-09-04T06:42:24.849833+09:00,여의도,여의도,POI072,KEY_4,1180037402,여의서로,1180055500,서강대교남측,126.9220936272136981_37.5317745947810906,1180010302,서강대교(남측),126.9216542954880822_37.5319075549676455,42.0,29.0,원활,126.9216542954880822_37.5319075549676455|126.9220936272136981_37.5317745947810906
2026-09-04T06:42:24.849833+09:00,여의도,여의도,POI072,KEY_4,1180037501,여의서로,1180154800,여의도동 8,126.9245587084467815_37.5311625223770164,1180054104,여의도동 8,126.9255136750625184_37.5308730840905937,90.0,44.0,원활,126.9255136750625184_37.5308730840905937|126.9251824944995661_37.5309789834896534|126.9245587084467815_37.5311625223770164
2026-09-04T06:42:24.849833+09:00,여의도,여의도,POI072,KEY_4,1180037502,여의서로,1180010301,서강대교(남측),126.9217369577254289_37.5319990605573608,1180054900,여의하류IC,126.9238476077766080_37.5313717470433375,199.0,9.0,정체,126.9238476077766080_37.5313717470433375|126.9237087053164998_37.5314125407943209|126.9223658286871910_37.5318069145412565|126.9217369577254289_37.5319990605573608
2026-09-04T06:42:24.849833+09:00,여의도,여의도,POI072,KEY_4,1180038001,여의서로,1180047804,의원회관앞교차로,126.9134650625379095_37.5269942928087872,1180050300,여의하류IC,126.9125858842577514_37.5288463372735421,220.0,21.0,서행,126.9125858842577514_37.5288463372735421|126.9133384396445194_37.5272156123272751|126.9134650625379095_37.5269942928087872
2026-09-04T06:42:24.849833+09:00,여의도,여의도,POI072,KEY_4,1180038003,여의서로,1180323100,최소노드배치점,126.9117402894865307_37.5311049087075475,1180057702,여의하류IC,126.9116446085465810_37.5333341738394211,262.0,32.0,원활,126.9116446085465810_37.5333341738394211|126.9114652390462226_37.5331501506058203|126.9113732100930463_37.5329943489975122|126.9112983897178282_37.5327900539595092|126.9112674876685105_37.5325516232177918|126.9112865696183974_37.5323367272189188|126.9113546059211899_37.5321355343469492|126.9114569592268964_37.5318631682642589|126.9115238408340929_37.5316841785415747|126.9117402894865307_37.5311049087075475
2026-09-04T06:42:24.849833+09:00,여의도,여의도,POI072,KEY_4,1180038004,여의서로,1180057702,여의하류IC,126.9116446085465810_37.5333341738394211,1180010601,여의하류IC,126.9158866788485369_37.5334891812985134,389.0,18.0,서행,126.9158866788485369_37.5334891812985134|126.9157160525504509_37.5335075640938882|126.9145253690237212_37.5336052142657834|126.9129473608267773_37.5337346107591614|126.9127263123781830_37.5337454488282916|126.9125619724539717_37.5337376282147730|126.9123498788537177_37.5336886646839432|126.9121669423552277_37.5336324766132563|126.9119754499676134_37.5335430187373973|126.9117951706554237_37.5334397412671237|126.9116446085465810_37.5333341738394211
2026-09-04T06:42:24.849833+09:00,여의도,여의도,POI072,KEY_4,1180038101,여의서로,1180141500,여의도동 8-1,126.9125034013571849_37.5294588335489934,1180047801,의원회관앞교차로,126.9135777323507170_37.5270581170031505,283.0,28.0,원활,126.9135777323507170_37.5270581170031505|126.9134640961386822_37.5272567387847005|126.9127147702930785_37.5288800985185560|126.9125034013571849_37.5294588335489934
2026-09-04T06:42:24.849833+09:00,여의도,여의도,POI072,KEY_4,1180038102,여의서로,1180136800,여의도동 8-1,126.9145114614992735_37.5334976629259458,1180057701,여의하류IC,126.9117432717733465_37.5332606350129012,257.0,37.0,원활,126.9117432717733465_37.5332606350129012|126.9118798764054787_37.5333550779968661|126.9120496011042292_37.5334523089724428|126.9122261082116410_37.5335347665300532|126.9123932874727672_37.5335861143590392|126.9125852087945532_37.5336304218281285|126.9127261896915257_37.5336371304333341|126.9129362320318251_37.5336268320589994|126.9145114614992735_37.5334976629259458
2026-09-04T06:42:24.849833+09:00,여의도,여의도,POI072,KEY_4,1180038602,여의서로,1180199400,여의도동 8-1,126.9180805162101962_37.5329548925892027,1180010602,여의하류IC,126.9158651872016321_37.5333825331527251,202.0,24.0,서행,126.9158651872016321_37.5333825331527251|126.9163150027583100_37.5333154038283041|126.9167447105342319_37.5332479919289739|126.9172043329491686_37.5331630452426737|126.9179823764344519_37.5329820256749258|126.9180805162101962_37.5329548925892027
2026-09-04T06:42:24.849833+09:00,여의도,여의도,POI072,KEY_4,1180038702,여의서로,1180323000,최소노드배치점,126.9187881082516611_37.5328709059154022,1180010304,서강대교(남측),126.9216090189517701_37.5320376430852960,266.0,34.7,원활,126.9216090189517701_37.5320376430852960|126.9203533112228826_37.5324099776008708|126.9202812799588713_37.5324311902864451|126.9187881082516611_37.5328709059154022
2026-09-04T06:42:24.849833+09:00,여의도,여의도,POI072,KEY_4,1180039200,올림픽대로,1180058400,여의하류IC,126.9148490647562824_37.5338551834337650,1180010601,여의하류IC,126.9158866788485369_37.5334891812985134,100.0,29.7,정체,126.9158866788485369_37.5334891812985134|126.9155841280332453_37.5335956228786003|126.9148490647562824_37.5338551834337650
2026-09-04T06:42:24.849833+09:00,여의도,여의도,POI072,KEY_4,1180041102,국회대로,1180274900,최소노드배치점,126.9238759567866452_37.5352270758419237,1180010301,서강대교(남측),126.9217369577254289_37.5319990605573608,405.0,60.0,원활,126.9217369577254289_37.5319990605573608|126.9234661246942437_37.5346102805177892|126.9238759567866452_37.5352270758419237
2026-09-04T06:42:24.849833+09:00,여의도,여의도,POI072,KEY_4,1180062600,여의대방로,1190002703,대방역사거리,126.9268958244966257_37.5145487094125656,1190018001,신길초등학교사거리,126.9248789899667997_37.5112367041177919,410.0,47.3,원활,126.9248789899667997_37.5112367041177919|126.9251784864751045_37.5119743169443751|126.9253201831395614_37.5123138355713479|126.9254964946367608_37.5125952899220820|126.9261779210122114_37.5135516559070297|126.9268958244966257_37.5145487094125656
2026-09-04T06:42:24.849833+09:00,여의도,여의도,POI072,KEY_4,1180062700,여의대방로,1190018004,신길초등학교사거리,126.9247482475985862_37.5112660300318268,1190002704,대방역사거리,126.9267562377877425_37.5145721661826528,409.0,57.7,원활,126.9267562377877425_37.5145721661826528|126.9260600278491466_37.5136052369460913|126.9253766642585646_37.5126461480342570|126.9251944266099628_37.5123552364199853|126.9250495134461403_37.5120080075138560|126.9247482475985862_37.5112660300318268
2026-09-04T06:42:24.849833+09:00,여의도,여의도,POI072,KEY_4,1180065700,노들로,1190002704,대방역사거리,126.9267562377877425_37.5145721661826528,1180025902,여의교지하차도(서측),126.9243577826353402_37.5152265372191849,226.0,51.0,원활,126.9243577826353402_37.5152265372191849|126.9245809528478048_37.5150956973008007|126.9252332346312215_37.5148831534130309|126.9254577190681204_37.5148274294658464|126.9263383848454794_37.5146481452327691|126.9267562377877425_37.5145721661826528
2026-09-04T06:42:24.849833+09:00,여의도,여의도,POI072,KEY_4,1180065800,노들로,1180025901,여의교지하차도(서측),126.9244132221409131_37.5153255758902233,1190002701,대방역사거리,126.9269003072911914_37.5147677729739755,229.0,44.0,원활,126.9269003072911914_37.5147677729739755|126.9264022132233549_37.5148583423264341|126.9255317623644288_37.5150355467441798|126.9253251818176551_37.5150868275884335|126.9246837339447040_37.5152958401404746|126.9244132221409131_37.5153255758902233
2026-09-04T06:42:24.849833+09:00,여의도,여의도,POI072,KEY_4,1180070000,영등포로57길,1180231200,신길동 42-7,126.9185933294383659_37.5169703071205234,1180028902,신길역,126.9166440632117485_37.5173560032043412,178.0,23.5,서행,126.9166440632117485_37.5173560032043412|126.9172033039011893_37.5172657449748854|126.9179843661455891_37.5171190957105267|126.9182238987002904_37.5170605709356195|126.9185933294383659_37.5169703071205234
2026-09-04T06:42:24.849833+09:00,여의도,여의도,POI072,KEY_4,1180070100,영등포로57길,1180221800,신길동 20-7,126.9182637047614008_37.5171639378316684,1180028103,신길동15-3,126.9194043750581358_37.5170210107110691,103.0,16.5,서행,126.9194043750581358_37.5170210107110691|126.9192364816635603_37.5170118471295240|126.9187161041369620_37.5170534021318858|126.9186331360129998_37.5170736740641217|126.9182637047614008_37.5171639378316684
2026-09-04T06:42:24.849833+09:00,여의도,여의도,POI072,KEY_4,1180070700,노들로,1180028103,신길동15-3,126.9194043750581358_37.5170210107110691,1180029702,노들길지하차도(남측),126.9173777873138533_37.5177999098372865,199.0,13.0,정체,126.9173777873138533_37.5177999098372865|126.9182827991260893_37.5174256256417635|126.9194043750581358_37.5170210107110691
2026-09-04T06:42:24.849833+09:00,여의도,여의도,POI072,KEY_4,1180070800,노들로,1180029701,노들길지하차도(남측),126.9174454412259223_37.5178935252872279,1180028104,신길동15-3,126.9194603769218617_37.5171195004770794,198.0,32.0,원활,126.9194603769218617_37.5171195004770794|126.9183421015647042_37.5175229245464337|126.9174454412259223_37.5178935252872279
2026-09-04T06:42:24.849833+09:00,여의도,여의도,POI072,KEY_4,1180071200,여의동로,1180028504,여의도동 3-9,126.9262556418987771_37.5173207931159425,1180030704,이마트(여의도점),126.9275405917458244_37.5181646802247997,147.0,13.0,정체,126.9275405917458244_37.5181646802247997|126.9273481211435524_37.5180428676898217|126.9264485774468909_37.5174657562893046|126.9262556418987771_37.5173207931159425
2026-09-04T06:42:24.849833+09:00,여의도,여의도,POI072,KEY_4,1180071500,올림픽대로,1180029900,여의상류IC,126.9404509601255029_37.5178091794502038,1180072900,여의상류IC,126.9406083800987517_37.5174248708792817,45.0,47.0,서행,126.9406083800987517_37.5174248708792817|126.9404509601255029_37.5178091794502038
2026-09-04T06:42:24.849833+09:00,여의도,여의도,POI072,KEY_4,1180071603,올림픽대로,1180029800,여의상류IC,126.9377628191142691_37.5176475456465397,1180029601,여의상류IC,126.9365050785440872_37.5176034226056245,111.0,39.0,서행,126.9365050785440872_37.5176034226056245|126.9367032441416256_37.5175986320360053|126.9369075905664630_37.5176015254681374|126.9377628191142691_37.5176475456465397
2026-09-04T06:42:24.849833+09:00,여의도,여의도,POI072,KEY_4,1180071900,올림픽대로,1180030100,여의상류IC,126.9399292397485937_37.5179051874619134,1180029800,여의상류IC,126.9377628191142691_37.5176475456465397,194.0,49.5,서행,126.9377628191142691_37.5176475456465397|126.9388819762016425_37.5177795458921608|126.9393202235015963_37.5178280530124439|126.9399292397485937_37.5179051874619134
2026-09-04T06:42:24.849833+09:00,여의도,여의도,POI072,KEY_4,1180072400,올림픽대로,1180030100,여의상류IC,126.9399292397485937_37.5179051874619134,1180030303,여의상류IC,126.9386432411447601_37.5179706215453024,116.0,39.7,서행,126.9386432411447601_37.5179706215453024|126.9388356132939606_37.5178999662067767|126.9389554574936199_37.5178743054647086|126.9390645174950265_37.5178690017115315|126.9392529998118562_37.5178723144811457|126.9394993655986497_37.5178917341157501|126.9397551544488181_37.5179079414615089|126.9399292397485937_37.5179051874619134
2026-09-04T06:42:24.849833+09:00,여의도,여의도,POI072,KEY_4,1180072700,올림픽대로,1180072800,여의상류IC,126.9405016513416058_37.5173927522574644,1180030100,여의상류IC,126.9399292397485937_37.5179051874619134,84.0,42.7,서행,126.9399292397485937_37.5179051874619134|126.9400831202883921_37.5178824486165894|126.9402777750538718_37.5177996873365771|126.9403592878800566_37.5177300782674692|126.9404107662331427_37.5176558174294499|126.9404538000154758_37.5175691842385888|126.9405016513416058_37.5173927522574644
2026-09-04T06:42:24.849833+09:00,여의도,여의도,POI072,KEY_4,1180072800,올림픽대로,1180030302,여의상류IC,126.9388089615749209_37.5179993865758163,1180029900,여의상류IC,126.9404509601255029_37.5178091794502038,155.0,15.0,정체,126.9404509601255029_37.5178091794502038|126.9403835973619863_37.5178670232158780|126.9402933476123962_37.5179248544743515|126.9402017670291087_37.5179633936088734|126.9401061504134987_37.5179933557776337|126.9400078586650551_37.5180061677154342|126.9399185009759918_37.5180075323650257|126.9398256116081853_37.5179978389370774|126.9397219567891710_37.5179784938017420|126.9395779254911645_37.5179473373987165|126.9394460007034979_37.5179279775558143|126.9392884871980556_37.5179150348757489|126.9391269249482690_37.5179192395949030|126.9389990109286401_37.5179352502025054|126.9388089615749209_37.5179993865758163
2026-09-04T06:42:24.849833+09:00,여의도,여의도,POI072,KEY_4,1180073700,노들로,1180029702,노들길지하차도(남측),126.9173777873138533_37.5177999098372865,1180034603,영등포고가차도(동측),126.9147300572169001_37.5198605051879994,338.0,12.0,정체,126.9147300572169001_37.5198605051879994|126.9150052415285899_37.5193514519132947|126.9151894424992975_37.5191040580958202|126.9154714844551108_37.5188399519601390|126.9157868976313068_37.5186039234675164|126.9161910198482275_37.5183507776750886|126.9167237512801591_37.5180668276396787|126.9171122463613415_37.5178702360334597|126.9173777873138533_37.5177999098372865
2026-09-04T06:42:24.849833+09:00,여의도,여의도,POI072,KEY_4,1180073800,노들로,1180034602,영등포고가차도(동측),126.9149485395489876_37.5200031329234420,1180029701,노들길지하차도(남측),126.9174454412259223_37.5178935252872279,330.0,56.5,원활,126.9174454412259223_37.5178935252872279|126.9172578247047056_37.5180527585371451|126.9168720512663810_37.5182479724615590|126.9163506557057843_37.5185258800491539|126.9159640945339049_37.5187680250151914|126.9156684392605996_37.5189892700103726|126.9154111841748147_37.5192301665086774|126.9152476751075937_37.5194497696661458|126.9149485395489876_37.5200031329234420
2026-09-04T06:42:24.849833+09:00,여의도,여의도,POI072,KEY_4,1180073900,올림픽대로,1180032700,여의상류IC,126.9408644596989291_37.5190433065538684,1180029900,여의상류IC,126.9404509601255029_37.5178091794502038,146.0,32.0,서행,126.9404509601255029_37.5178091794502038|126.9404310269714529_37.5180692971477612|126.9404593198215707_37.5181945058118345|126.9405293590956347_37.5183363022392768|126.9406428359182541_37.5184650324871498|126.9407039224352047_37.5185554824422525|126.9407671851563748_37.5186563652702816|126.9408217004846762_37.5187746330407421|126.9408521950314110_37.5188789781700649|126.9408673973805293_37.5189902704776017|126.9408644596989291_37.5190433065538684
2026-09-04T06:42:24.849833+09:00,여의도,여의도,POI072,KEY_4,1180074000,영등포로,1180031002,신길역,126.9159335144703817_37.5180872053454948,1180032000,영등포로터리,126.9141035939490507_37.5187705194977141,181.0,26.0,원활,126.9141035939490507_37.5187705194977141|126.9145660929896025_37.5186886104868407|126.9148490250060348_37.5185994181823261|126.9155991033942001_37.5182852803393274|126.9159335144703817_37.5180872053454948
2026-09-04T06:42:24.849833+09:00,여의도,여의도,POI072,KEY_4,1180075100,경인로,1180033100,영등포로터리,126.9147672532710232_37.5194468380783732,1180031001,신길역,126.9160342294389352_37.5181596924073730,183.0,47.0,원활,126.9160342294389352_37.5181596924073730|126.9158010714940445_37.5183319108412903|126.9155449492747891_37.5185355519912989|126.9152932575860575_37.5187892581853575|126.9150370026818848_37.5191073254966128|126.9147672532710232_37.5194468380783732
2026-09-04T06:42:24.849833+09:00,여의도,여의도,POI072,KEY_4,1180076000,노들로,1180263400,최소노드배치점,126.9150215912051465_37.5197313004111095,1180029701,노들길지하차도(남측),126.9174454412259223_37.5178935252872279,302.0,71.3,원활,126.9174454412259223_37.5178935252872279|126.9168349753552718_37.5182026853724011|126.9163107458231110_37.5184821044756731|126.9159197960838981_37.5187269996541488|126.9156192013340245_37.5189519405294618|126.9153557486849166_37.5191986403456426|126.9151870666523791_37.5194251909504075|126.9150215912051465_37.5197313004111095
2026-09-04T06:42:24.849833+09:00,여의도,여의도,POI072,KEY_4,1180076900,여의나루로2길,1180031104,윤중중학교,126.9248361210198794_37.5184530288178522,1180036803,광장아파트앞,126.9227144019653082_37.5206666139467089,310.0,20.0,서행,126.9227144019653082_37.5206666139467089|126.9227532238180629_37.5205737479899568|126.9237453604085886_37.5195748552820376|126.9248361210198794_37.5184530288178522
2026-09-04T06:42:24.849833+09:00,여의도,여의도,POI072,KEY_4,1180077501,여의대방로65길,1180031503,여의도동4-4,126.9297722851941046_37.5196579918983986,1180031506,인도네시아대사관,126.9308072157305389_37.5186285705181319,146.0,7.0,정체,126.9308072157305389_37.5186285705181319|126.9297722851941046_37.5196579918983986
2026-09-04T06:42:24.849833+09:00,여의도,여의도,POI072,KEY_4,1180077502,여의대방로65길,1180036702,매일일보,126.9287164299037443_37.5207081885220788,1180031502,여의도동4-4,126.9296874356870433_37.5197423880918137,137.0,4.0,정체,126.9296874356870433_37.5197423880918137|126.9289620332308317_37.5204639049460980|126.9287164299037443_37.5207081885220788
2026-09-04T06:42:24.849833+09:00,여의도,여의도,POI072,KEY_4,1180079601,여의대방로69길,1180033003,여의도동4-3,126.9310026116467043_37.5204312861576597,1180033006,여의도동 5,126.9320621848172266_37.5193974572135858,148.0,9.0,정체,126.9320621848172266_37.5193974572135858|126.9310026116467043_37.5204312861576597
2026-09-04T06:42:24.849833+09:00,여의도,여의도,POI072,KEY_4,1180079602,여의대방로69길,1180038602,한국금융증권,126.9299951560938382_37.5215173870643000,1180033002,여의도동4-3,126.9309225566694295_37.5205116725064727,138.0,10.0,정체,126.9309225566694295_37.5205116725064727|126.9299951560938382_37.5215173870643000
2026-09-04T06:42:24.849833+09:00,여의도,여의도,POI072,KEY_4,1180079800,국제금융로8길,1180034304,미래에셋빌딩,126.9271852079254330_37.5199022140612897,1180037803,여의도백화점,126.9261701209206308_37.5209339886117448,146.0,15.0,서행,126.9261701209206308_37.5209339886117448|126.9261911265355707_37.5209065883039727|126.9267597615167489_37.5203419468673758|126.9271650176002026_37.5199272613282986|126.9271852079254330_37.5199022140612897
2026-09-04T06:42:24.849833+09:00,여의도,여의도,POI072,KEY_4,1180080400,여의동로,1180034500,메리어트파크센터오피스텔,126.9191573972615572_37.5200167950090204,1180040500,버들광장앞교차로,126.9161939719324579_37.5224229383147687,389.0,36.0,원활,126.9161939719324579_37.5224229383147687|126.9167426059924679_37.5216104139380207|126.9169524263356266_37.5213316445914842|126.9172011738798034_37.5210362146835763|126.9174348747745995_37.5208122908082657|126.9175966520831764_37.5206717527601228|126.9177733818976606_37.5205407611104391|126.9179021742503153_37.5204550301915631|126.9180698803598375_37.5203645580240277|126.9183154036421826_37.5202741394602839|126.9185788763550988_37.5201908849197778|126.9188048366269186_37.5201255204490636|126.9191573972615572_37.5200167950090204
2026-09-04T06:42:24.849833+09:00,여의도,여의도,POI072,KEY_4,1180080700,국제금융로6길,1180035901,여의도동 3-6,126.9253314029925406_37.5205830136610601,1180037804,여의도백화점,126.9260889939629209_37.5210206754039888,83.0,19.0,서행,126.9260889939629209_37.5210206754039888|126.9255710268125199_37.5207131494163306|126.9253314029925406_37.5205830136610601
2026-09-04T06:42:24.849833+09:00,여의도,여의도,POI072,KEY_4,1180082100,여의나루로4길,1180036704,매일일보,126.9285263157772903_37.5207269494805828,1180039603,한국노총회관,126.9275235472930063_37.5217889686242856,147.0,10.0,정체,126.9275235472930063_37.5217889686242856|126.9285263157772903_37.5207269494805828
2026-09-04T06:42:24.849833+09:00,여의도,여의도,POI072,KEY_4,1180082200,여의나루로4길,1180039602,한국노총회관,126.9276303241940980_37.5218557680585860,1180036701,매일일보,126.9286332141362692_37.5207936198378604,148.0,22.0,서행,126.9286332141362692_37.5207936198378604|126.9276303241940980_37.5218557680585860
2026-09-04T06:42:24.849833+09:00,여의도,여의도,POI072,KEY_4,1180082301,여의동로1길,1180210100,여의도동 2-8,126.9192896850102699_37.5208453219656519,1180035807,KT여의도지점,126.9186604598271515_37.5204553701592047,70.0,8.0,정체,126.9186604598271515_37.5204553701592047|126.9187823073190913_37.5205297191339184|126.9192896850102699_37.5208453219656519
2026-09-04T06:42:24.849833+09:00,여의도,여의도,POI072,KEY_4,1180082302,여의동로1길,1180040303,대한투자신탁빌딩,126.9213072068328358_37.5221186397936606,1180035803,LG경영개발원,126.9201321156892703_37.5213693262362895,133.0,11.0,정체,126.9201321156892703_37.5213693262362895|126.9201737094506228_37.5213951978285110|126.9213072068328358_37.5221186397936606
2026-09-04T06:42:24.849833+09:00,여의도,여의도,POI072,KEY_4,1180082401,여의동로1길,1180035802,LG경영개발원,126.9200485653260415_37.5214545403774409,1180040304,대한투자신탁빌딩,126.9212238509502555_37.5222039898002322,133.0,30.0,원활,126.9212238509502555_37.5222039898002322|126.9200894880125929_37.5214799945996305|126.9200485653260415_37.5214545403774409
2026-09-04T06:42:24.849833+09:00,여의도,여의도,POI072,KEY_4,1180082402,여의동로1길,1180035806,KT여의도지점,126.9185563083192676_37.5205280201315929,1180035805,LG경영개발원,126.9199415755927589_37.5213879918803102,155.0,25.0,원활,126.9199415755927589_37.5213879918803102|126.9192061340062878_37.5209305358602236|126.9186992541610692_37.5206152428383959|126.9185563083192676_37.5205280201315929
2026-09-04T06:42:24.849833+09:00,여의도,여의도,POI072,KEY_4,1180082600,여의대로2길,1180252000,여의도동 2-7,126.9213903647884649_37.5220349997937390,1180040303,대한투자신탁빌딩,126.9213072068328358_37.5221186397936606,12.0,12.0,정체,126.9213072068328358_37.5221186397936606|126.9213903647884649_37.5220349997937390
2026-09-04T06:42:24.849833+09:00,여의도,여의도,POI072,KEY_4,1180082700,여의대로2길,1180040302,대한투자신탁빌딩,126.9214136274314626_37.5221857618977026,1180036801,광장아파트앞,126.9227595051740991_37.5208320493825696,192.0,20.0,서행,126.9227595051740991_37.5208320493825696|126.9225686764472556_37.5210239929151470|126.9222044493932202_37.5213903441468659|126.9218506466926186_37.5217462056978377|126.9214967852985296_37.5221021218162605|126.9214136274314626_37.5221857618977026
2026-09-04T06:42:24.849833+09:00,여의도,여의도,POI072,KEY_4,1180083100,국제금융로6길,1180037801,여의도백화점,126.9261939219537965_37.5210848066129898,1180039604,한국노총회관,126.9274411463804313_37.5218749163882279,141.0,8.0,정체,126.9274411463804313_37.5218749163882279|126.9267999492455061_37.5214687252867378|126.9261939219537965_37.5210848066129898
2026-09-04T06:42:24.849833+09:00,여의도,여의도,POI072,KEY_4,1180085000,의사당대로,1180038904,여의도역앞교차로,126.9240944819508456_37.5216807302462740,1180041503,속성변화점,126.9232621945534021_37.5225582878517514,122.0,12.0,정체,126.9232621945534021_37.5225582878517514|126.9240944819508456_37.5216807302462740
2026-09-04T06:42:24.849833+09:00,여의도,여의도,POI072,KEY_4,1180085300,의사당대로,1180041502,국회앞지하차도,126.9233705115822772_37.5226234575251354,1180038901,여의도역앞교차로,126.9242012582014354_37.5217475240258054,122.0,38.0,원활,126.9242012582014354_37.5217475240258054|126.9233705115822772_37.5226234575251354
2026-09-04T06:42:24.849833+09:00,여의도,여의도,POI072,KEY_4,1180085600,여의대로,1180044401,여의도공원앞,126.9217097283597013_37.5242162542949913,1180038802,여의도교차로,126.9175141532534923_37.5216096736950604,470.0,34.0,원활,126.9175141532534923_37.5216096736950604|126.9205649669404323_37.5234987788975545|126.9217097283597013_37.5242162542949913
2026-09-04T06:42:24.849833+09:00,여의도,여의도,POI072,KEY_4,1180085800,여의나루로4길,1180092000,여의도동 3-4,126.9268692185870151_37.5224621159343670,1180042303,여의도우체국,126.9263908079338563_37.5229532919718807,69.0,16.0,서행,126.9263908079338563_37.5229532919718807|126.9268692185870151_37.5224621159343670
2026-09-04T06:42:24.849833+09:00,여의도,여의도,POI072,KEY_4,1180085900,여의나루로4길,1180091900,여의도동 33,126.9269764759797710_37.5225283883706098,1180039601,한국노총회관,126.9275479160526032_37.5219416888512995,82.0,13.0,정체,126.9275479160526032_37.5219416888512995|126.9269764759797710_37.5225283883706098
2026-09-04T06:42:24.849833+09:00,여의도,여의도,POI072,KEY_4,1180086000,여의대방로,1180043100,원효대교남단,126.9389194214592607_37.5234603791527448,1180038401,원효대교(남측),126.9355118374576392_37.5214344074539099,377.0,51.0,원활,126.9355118374576392_37.5214344074539099|126.9357682265078324_37.5215237383808358|126.9368814016096110_37.5222080746101767|126.9378844663648636_37.5228141242598880|126.9386342653729258_37.5232817445596751|126.9389194214592607_37.5234603791527448
2026-09-04T06:42:24.849833+09:00,여의도,여의도,POI072,KEY_4,1180086100,여의대방로,1180038402,원효대교(남측),126.9354288936371944_37.5215199968422155,1180043400,원효대교남단,126.9388452416195463_37.5235509284484792,378.0,59.0,원활,126.9388452416195463_37.5235509284484792|126.9385269005017420_37.5234022392466500|126.9377236729463903_37.5229883934775685|126.9367164135576331_37.5223798075140991|126.9356023408485044_37.5216949187275617|126.9354288936371944_37.5215199968422155
2026-09-04T06:42:24.849833+09:00,여의도,여의도,POI072,KEY_4,1180086200,여의대방로,1180043100,원효대교남단,126.9389194214592607_37.5234603791527448,1180039300,원효대교(남측),126.9394984211137256_37.5216954122665811,256.0,47.7,원활,126.9394984211137256_37.5216954122665811|126.9394143576814571_37.5217932892441297|126.9390639344829168_37.5220578983287538|126.9386058222683715_37.5224039073714266|126.9384454643178373_37.5225455615191805|126.9383732776471589_37.5226476074626873|126.9383372872894142_37.5227369852470787|126.9383282232904264_37.5228406804968202|126.9383416241537788_37.5229229319018529|126.9383954201431948_37.5230195086963576|126.9384806415670255_37.5231196770154796|126.9389194214592607_37.5234603791527448
2026-09-04T06:42:24.849833+09:00,여의도,여의도,POI072,KEY_4,1180086400,국제금융로6길,1180039601,한국노총회관,126.9275479160526032_37.5219416888512995,1180042604,동서빌딩,126.9295381668630398_37.5232067155673192,225.0,15.0,서행,126.9295381668630398_37.5232067155673192|126.9293981951603882_37.5231126381915203|126.9280233154665609_37.5222352311225436|126.9275479160526032_37.5219416888512995
2026-09-04T06:42:24.849833+09:00,여의도,여의도,POI072,KEY_4,1180086800,여의대로2길,1180040304,대한투자신탁빌딩,126.9212238509502555_37.5222039898002322,1180042803,전경련회관,126.9204696857417076_37.5229905971904500,110.0,24.5,서행,126.9204696857417076_37.5229905971904500|126.9212238509502555_37.5222039898002322
2026-09-04T06:42:24.849833+09:00,여의도,여의도,POI072,KEY_4,1180086900,여의대로2길,1180042802,전경련회관,126.9205742637601162_37.5230596706733053,1180040301,대한투자신탁빌딩,126.9213317400245273_37.5222696086659511,110.0,11.0,정체,126.9213317400245273_37.5222696086659511|126.9205742637601162_37.5230596706733053
2026-09-04T06:42:24.849833+09:00,여의도,여의도,POI072,KEY_4,1180087000,여의동로,1180040500,버들광장앞교차로,126.9161939719324579_37.5224229383147687,1180042903,한국방송공사앞,126.9160598886022484_37.5232024405971387,89.0,34.0,원활,126.9160598886022484_37.5232024405971387|126.9160345093533806_37.5231642193772856|126.9160286002892235_37.5230950821679485|126.9160616602082285_37.5229735262128017|126.9161637830189875_37.5226541555588327|126.9161939719324579_37.5224229383147687
2026-09-04T06:42:24.849833+09:00,여의도,여의도,POI072,KEY_4,1180087100,여의대로,1180038801,여의도교차로,126.9174398834116033_37.5217006351711717,1180044402,여의도공원앞,126.9216257794162317_37.5243012223384227,469.0,28.0,원활,126.9216257794162317_37.5243012223384227|126.9204813325683574_37.5235839430196663|126.9174398834116033_37.5217006351711717
2026-09-04T06:42:24.849833+09:00,여의도,여의도,POI072,KEY_4,1180087203,여의대로,1180038704,전경련회관삼거리,126.9191704288033691_37.5221849123008013,1180038707,서울교앞,126.9177536585469710_37.5213009209994013,159.0,9.0,정체,126.9177536585469710_37.5213009209994013|126.9179266555743908_37.5214136032377183|126.9191704288033691_37.5221849123008013
2026-09-04T06:42:24.849833+09:00,여의도,여의도,POI072,KEY_4,1180087204,여의대로,1180042803,전경련회관,126.9204696857417076_37.5229905971904500,1180038703,전경련회관삼거리,126.9192775411875402_37.5222513352049134,134.0,40.5,원활,126.9192775411875402_37.5222513352049134|126.9204696857417076_37.5229905971904500
2026-09-04T06:42:24.849833+09:00,여의도,여의도,POI072,KEY_4,1180087300,의사당대로,1180041503,속성변화점,126.9232621945534021_37.5225582878517514,1180042502,여의도지하차도(남측),126.9230739462851005_37.5227496061812005,27.0,28.0,원활,126.9230739462851005_37.5227496061812005|126.9231810254375432_37.5226418788369287|126.9232621945534021_37.5225582878517514
2026-09-04T06:42:24.849833+09:00,여의도,여의도,POI072,KEY_4,1180087400,의사당대로,1180042501,여의도지하차도(남측),126.9231803886150800_37.5228167082285182,1180041501,국회앞지하차도,126.9232874381288525_37.5227089776975404,15.0,12.0,정체,126.9232874381288525_37.5227089776975404|126.9231803886150800_37.5228167082285182
2026-09-04T06:42:24.849833+09:00,여의도,여의도,POI072,KEY_4,1180087700,여의나루로,1180041304,여의도포스트타워,126.9255002248636544_37.5225475166510023,1180043304,서남미술전시관,126.9246482595642505_37.5234309775800341,124.0,17.0,서행,126.9246482595642505_37.5234309775800341|126.9255002248636544_37.5225475166510023
2026-09-04T06:42:24.849833+09:00,여의도,여의도,POI072,KEY_4,1180087900,국제금융로2길,1180043304,서남미술전시관,126.9246482595642505_37.5234309775800341,1180041502,국회앞지하차도,126.9233705115822772_37.5226234575251354,144.0,16.0,서행,126.9233705115822772_37.5226234575251354|126.9246482595642505_37.5234309775800341
2026-09-04T06:42:24.849833+09:00,여의도,여의도,POI072,KEY_4,1180088000,국제금융로2길,1180041501,국회앞지하차도,126.9232874381288525_37.5227089776975404,1180043305,서남미술전시관,126.9245638815206974_37.5235156738176698,144.0,15.0,서행,126.9245638815206974_37.5235156738176698|126.9232874381288525_37.5227089776975404
2026-09-04T06:42:24.849833+09:00,여의도,여의도,POI072,KEY_4,1180088600,의사당대로,1180042502,여의도지하차도(남측),126.9230739462851005_37.5227496061812005,1180043908,여의도공원앞,126.9219023251390297_37.5238413780774422,160.0,35.0,원활,126.9219023251390297_37.5238413780774422|126.9228522219405306_37.5228856048509840|126.9230739462851005_37.5227496061812005
2026-09-04T06:42:24.849833+09:00,여의도,여의도,POI072,KEY_4,1180088700,의사당대로,1180043907,여의도공원앞,126.9221245522233374_37.5239661861320641,1180042501,여의도지하차도(남측),126.9231803886150800_37.5228167082285182,159.0,15.0,서행,126.9231803886150800_37.5228167082285182|126.9230651003582295_37.5230198156360615|126.9221245522233374_37.5239661861320641
2026-09-04T06:42:24.849833+09:00,여의도,여의도,POI072,KEY_4,1180088800,여의동로,1180044300,원효대교(남측),126.9363222446695119_37.5240962818884185,1180043400,원효대교남단,126.9388452416195463_37.5235509284484792,262.0,51.3,원활,126.9388452416195463_37.5235509284484792|126.9384579493625438_37.5234164617016432|126.9382200598614503_37.5233412443599619|126.9380943813213918_37.5233018443910211|126.9379642022848174_37.5232767444369202|126.9378340066637492_37.5232731008024061|126.9376229810390129_37.5232872929537464|126.9374613272680392_37.5233193903731248|126.9373544849209878_37.5233714062846175|126.9371561824279837_37.5235065711294808|126.9363767315390135_37.5240925820042506|126.9363222446695119_37.5240962818884185
2026-09-04T06:42:24.849833+09:00,여의도,여의도,POI072,KEY_4,1180089700,여의동로,1180040500,버들광장앞교차로,126.9161939719324579_37.5224229383147687,1180046700,여의하류IC,126.9139332883952989_37.5258302984319769,428.0,42.5,원활,126.9139332883952989_37.5258302984319769|126.9144071253527954_37.5250320342758101|126.9147639061961854_37.5245102165586246|126.9154324671464025_37.5235452156443898|126.9160590702339135_37.5226135549969868|126.9161939719324579_37.5224229383147687
2026-09-04T06:42:24.849833+09:00,여의도,여의도,POI072,KEY_4,1180090101,국제금융로2길,1180043307,IFC몰,126.9254731568261292_37.5239442773486331,1180043303,서남미술전시관,126.9247526031822275_37.5235002745017567,81.0,6.0,정체,126.9247526031822275_37.5235002745017567|126.9248563107640138_37.5235729177071065|126.9254731568261292_37.5239442773486331
2026-09-04T06:42:24.849833+09:00,여의도,여의도,POI072,KEY_4,1180090102,국제금융로2길,1180232100,여의도동 2-3,126.9265042604631191_37.5245978717237421,1180043306,IFC몰,126.9255988492387957_37.5240199470525582,103.0,25.0,원활,126.9255988492387957_37.5240199470525582|126.9256627847946106_37.5240584375902699|126.9265012354012185_37.5245959182143096|126.9265042604631191_37.5245978717237421
2026-09-04T06:42:24.849833+09:00,여의도,여의도,POI072,KEY_4,1180090201,국제금융로2길,1180224600,여의도동 2-3,126.9269655222914537_37.5250349352047721,1180045504,콘래드호텔,126.9274823003491548_37.5253285166201778,56.0,21.0,서행,126.9274823003491548_37.5253285166201778|126.9271764669597928_37.5251711551253138|126.9269655222914537_37.5250349352047721
2026-09-04T06:42:24.849833+09:00,여의도,여의도,POI072,KEY_4,1180090202,국제금융로2길,1180043302,서남미술전시관,126.9246629538215672_37.5235814628114355,1180043308,IFC몰,126.9253912997659910_37.5240305296354393,81.0,18.0,서행,126.9253912997659910_37.5240305296354393|126.9247704392448242_37.5236567526637756|126.9246629538215672_37.5235814628114355
2026-09-04T06:42:24.849833+09:00,여의도,여의도,POI072,KEY_4,1180090400,의사당대로,1180009002,여의도지하차도(북측),126.9192224605303210_37.5268054826268056,1180042501,여의도지하차도(남측),126.9231803886150800_37.5228167082285182,564.0,56.0,원활,126.9231803886150800_37.5228167082285182|126.9220341599056354_37.5239700333276289|126.9213599375945734_37.5246571942557807|126.9202506695416304_37.5258132586785891|126.9192224605303210_37.5268054826268056
2026-09-04T06:42:24.849833+09:00,여의도,여의도,POI072,KEY_4,1180090500,국회대로62길,1180045104,여의도동 2-11,126.9185848101250258_37.5248548993062059,1180046303,한국방송공사,126.9176318821814391_37.5258125570049614,136.0,18.0,서행,126.9176318821814391_37.5258125570049614|126.9185848101250258_37.5248548993062059
2026-09-04T06:42:24.849833+09:00,여의도,여의도,POI072,KEY_4,1180090600,국회대로62길,1180046302,한국방송공사,126.9177382756308674_37.5258797120015544,1180045101,여의도동 2-11,126.9186925033394289_37.5249207467094124,136.0,13.0,정체,126.9186925033394289_37.5249207467094124|126.9177382756308674_37.5258797120015544
2026-09-04T06:42:24.849833+09:00,여의도,여의도,POI072,KEY_4,1180090801,여의대로,1180043904,여의도동2-11,126.9242022027608812_37.5252577455223957,1180043907,여의도공원앞,126.9221245522233374_37.5239661861320641,233.0,22.0,서행,126.9221245522233374_37.5239661861320641|126.9224788397255423_37.5242242581977550|126.9229839915675910_37.5245271993776797|126.9242022027608812_37.5252577455223957
2026-09-04T06:42:24.849833+09:00,여의도,여의도,POI072,KEY_4,1180090802,여의대로,1180047403,파크원타워1,126.9262943673228676_37.5265516473403409,1180043903,여의도동2-11,126.9243100860090863_37.5253234175577290,222.0,19.0,서행,126.9243100860090863_37.5253234175577290|126.9250586179575464_37.5257867522824924|126.9262943673228676_37.5265516473403409
2026-09-04T06:42:24.849833+09:00,여의도,여의도,POI072,KEY_4,1180092000,여의대로6길,1180102000,여의도동 2-1,126.9287418519904946_37.5267858846280831,1180047903,파크원타워2,126.9285934622132430_37.5269351592018552,21.0,15.0,서행,126.9285934622132430_37.5269351592018552|126.9287418519904946_37.5267858846280831
2026-09-04T06:42:24.849833+09:00,여의도,여의도,POI072,KEY_4,1180092100,여의대로6길,1180150000,여의도동 2-1,126.9292521757274415_37.5264466977230029,1180045701,삼부아파트,126.9302296645015389_37.5254736937039439,138.0,16.0,서행,126.9302296645015389_37.5254736937039439|126.9301481335322990_37.5255453675584434|126.9296356693374719_37.5260609081082990|126.9292521757274415_37.5264466977230029
2026-09-04T06:42:24.849833+09:00,여의도,여의도,POI072,KEY_4,1180092300,의사당대로,1180009003,여의도지하차도(북측),126.9191150291965613_37.5267392953712999,1180046302,한국방송공사,126.9177382756308674_37.5258797120015544,155.0,4.0,정체,126.9177382756308674_37.5258797120015544|126.9187567674418773_37.5265156162027296|126.9191150291965613_37.5267392953712999
2026-09-04T06:42:24.849833+09:00,여의도,여의도,POI072,KEY_4,1180092400,의사당대로,1180250800,여의도동 1-6,126.9186730128168534_37.5266007063800515,1180009004,여의도지하차도(북측),126.9190308136938512_37.5268240980039991,40.0,18.0,서행,126.9190308136938512_37.5268240980039991|126.9186730128168534_37.5266007063800515
2026-09-04T06:42:24.849833+09:00,여의도,여의도,POI072,KEY_4,1180092900,국회대로62길,1180046304,한국방송공사,126.9175467092823766_37.5259008308065418,1180048303,KBS기술연구소입구,126.9162319363117888_37.5273056306211643,194.0,18.0,서행,126.9162319363117888_37.5273056306211643|126.9175467092823766_37.5259008308065418
2026-09-04T06:42:24.849833+09:00,여의도,여의도,POI072,KEY_4,1180093000,국회대로62길,1180048302,KBS기술연구소입구,126.9163407818515026_37.5273702475385065,1180046301,한국방송공사,126.9176555539196301_37.5259654465264916,194.0,13.0,정체,126.9176555539196301_37.5259654465264916|126.9163407818515026_37.5273702475385065
2026-09-04T06:42:24.849833+09:00,여의도,여의도,POI072,KEY_4,1180093100,여의서로1길,1180048303,KBS기술연구소입구,126.9162319363117888_37.5273056306211643,1180046802,KBS기술연구소,126.9142679428666298_37.5260735354667077,221.0,24.0,서행,126.9142679428666298_37.5260735354667077|126.9162319363117888_37.5273056306211643
2026-09-04T06:42:24.849833+09:00,여의도,여의도,POI072,KEY_4,1180093200,여의서로1길,1180046801,KBS기술연구소,126.9142009634784500_37.5261691500808396,1180048304,KBS기술연구소입구,126.9161495320558402_37.5273915692547035,219.0,22.0,서행,126.9161495320558402_37.5273915692547035|126.9142009634784500_37.5261691500808396
2026-09-04T06:42:24.849833+09:00,여의도,여의도,POI072,KEY_4,1180093600,국제금융로,1180047404,파크원타워1,126.9262125302013118_37.5266379264716790,1180047703,여의도동2-11,126.9259780906076145_37.5268912205965108,35.0,33.0,원활,126.9259780906076145_37.5268912205965108|126.9262125302013118_37.5266379264716790
2026-09-04T06:42:24.849833+09:00,여의도,여의도,POI072,KEY_4,1180093800,올림픽대로,1180046700,여의하류IC,126.9139332883952989_37.5258302984319769,1180049300,여의하류IC,126.9124219382957364_37.5282059407288671,296.0,42.7,원활,126.9124219382957364_37.5282059407288671|126.9126709766838559_37.5276959699368291|126.9130099086824686_37.5271002435067516|126.9134446643213892_37.5264640601462816|126.9135615846091270_37.5263044242820101|126.9139332883952989_37.5258302984319769
2026-09-04T06:42:24.849833+09:00,여의도,여의도,POI072,KEY_4,1180094100,여의대로,1180048603,여의도동 2-11,126.9279281708519562_37.5275947181724518,1180047402,파크원타워1,126.9263987935073459_37.5266208412980191,173.0,38.3,원활,126.9263987935073459_37.5266208412980191|126.9266544949265665_37.5268029647382093|126.9279281708519562_37.5275947181724518
2026-09-04T06:42:24.849833+09:00,여의도,여의도,POI072,KEY_4,1180094200,여의대로6길,1180047904,파크원타워2,126.9285094338057576_37.5270190379973414,1180048603,여의도동 2-11,126.9279281708519562_37.5275947181724518,82.0,21.0,서행,126.9279281708519562_37.5275947181724518|126.9285094338057576_37.5270190379973414
2026-09-04T06:42:24.849833+09:00,여의도,여의도,POI072,KEY_4,1180094300,여의대로6길,1180048602,여의도동 2-11,126.9280343217435671_37.5276621198139964,1180047901,파크원타워2,126.9286152279766497_37.5270867929192846,82.0,13.0,정체,126.9286152279766497_37.5270867929192846|126.9280343217435671_37.5276621198139964
2026-09-04T06:42:24.849833+09:00,여의도,여의도,POI072,KEY_4,1180094800,여의대로,1180049000,여의도동 2-11,126.9279149248875740_37.5281296792607293,1180047702,여의도동2-11,126.9260844397870045_37.5269585366700795,208.0,49.0,원활,126.9260844397870045_37.5269585366700795|126.9279149248875740_37.5281296792607293
2026-09-04T06:42:24.849833+09:00,여의도,여의도,POI072,KEY_4,1180095000,여의동로7길,1180047901,파크원타워2,126.9286152279766497_37.5270867929192846,1180049403,여의동로삼거리,126.9305906868378742_37.5283161715650735,222.0,7.0,정체,126.9305906868378742_37.5283161715650735|126.9286152279766497_37.5270867929192846
2026-09-04T06:42:24.849833+09:00,여의도,여의도,POI072,KEY_4,1180095100,국회대로62길,1180162200,여의도동 1-7,126.9158288842052258_37.5277177825872243,1180049103,키즈TV,126.9154773852716289_37.5280753781942735,50.0,20.0,서행,126.9154773852716289_37.5280753781942735|126.9158288842052258_37.5277177825872243
2026-09-04T06:42:24.849833+09:00,여의도,여의도,POI072,KEY_4,1180095200,국회대로62길,1180049102,키즈TV,126.9155853725793577_37.5281409178062191,1180048301,KBS기술연구소입구,126.9162564298634379_37.5274582162754982,96.0,13.0,정체,126.9162564298634379_37.5274582162754982|126.9159357821919372_37.5277844298947727|126.9155853725793577_37.5281409178062191
2026-09-04T06:42:24.849833+09:00,여의도,여의도,POI072,KEY_4,1180095500,여의대로,1180049000,여의도동 2-11,126.9279149248875740_37.5281296792607293,1180048601,여의도동 2-11,126.9279486089333773_37.5277459654754750,49.0,25.0,원활,126.9279486089333773_37.5277459654754750|126.9279023053807975_37.5277355157637231|126.9278863196264382_37.5278051426226966|126.9278733852933385_37.5278944429118866|126.9278793457358177_37.5280030343716007|126.9279149248875740_37.5281296792607293
2026-09-04T06:42:24.849833+09:00,여의도,여의도,POI072,KEY_4,1180095900,여의대로,1180050701,마포대교앞,126.9298855635072698_37.5288624491009486,1180048602,여의도동 2-11,126.9280343217435671_37.5276621198139964,211.0,20.0,서행,126.9280343217435671_37.5276621198139964|126.9298855635072698_37.5288624491009486
2026-09-04T06:42:24.849833+09:00,여의도,여의도,POI072,KEY_4,1180096400,여의대로,1180050902,마포대교앞교차로,126.9294682427298540_37.5291234386379742,1180049000,여의도동 2-11,126.9279149248875740_37.5281296792607293,176.0,35.0,원활,126.9279149248875740_37.5281296792607293|126.9294682427298540_37.5291234386379742
2026-09-04T06:42:24.849833+09:00,여의도,여의도,POI072,KEY_4,1180097100,여의동로,1180050702,마포대교앞,126.9297800289049007_37.5289334445548945,1180050902,마포대교앞교차로,126.9294682427298540_37.5291234386379742,35.0,40.0,원활,126.9294682427298540_37.5291234386379742|126.9297800289049007_37.5289334445548945
2026-09-04T06:42:24.849833+09:00,여의도,여의도,POI072,KEY_4,1180097300,여의대로,1180051800,마포대교,126.9308059681326171_37.5299618570035207,1180050000,마포대교남측,126.9304020221015321_37.5286131745307898,175.0,49.0,원활,126.9304020221015321_37.5286131745307898|126.9302674992351569_37.5287639444649983|126.9301715807580422_37.5289069217861453|126.9301534341487070_37.5291071595431802|126.9301772199870157_37.5292788143913825|126.9302847624288546_37.5295125003925918|126.9308059681326171_37.5299618570035207
2026-09-04T06:42:24.849833+09:00,여의도,여의도,POI072,KEY_4,1180097500,올림픽대로,1180049300,여의하류IC,126.9124219382957364_37.5282059407288671,1180053000,여의하류IC,126.9116502139587652_37.5302817461312657,241.0,38.0,원활,126.9116502139587652_37.5302817461312657|126.9117554871957765_37.5298527220926914|126.9119085944505940_37.5294737959552691|126.9122868518727643_37.5285372036068665|126.9124219382957364_37.5282059407288671
2026-09-04T06:42:24.849833+09:00,여의도,여의도,POI072,KEY_4,1180098200,여의서로,1180050300,여의하류IC,126.9125858842577514_37.5288463372735421,1180053000,여의하류IC,126.9116502139587652_37.5302817461312657,180.0,38.0,원활,126.9116502139587652_37.5302817461312657|126.9119321014785982_37.5298480867291033|126.9124478698020368_37.5290689337596177|126.9125858842577514_37.5288463372735421
2026-09-04T06:42:24.849833+09:00,여의도,여의도,POI072,KEY_4,1180098300,여의대로,1180051900,마포대교(남측),126.9282127564699607_37.5297704303567201,1180052400,마포대교,126.9307212821010751_37.5300463600273631,231.0,42.0,원활,126.9307212821010751_37.5300463600273631|126.9298072793187941_37.5297592892750274|126.9295379418201009_37.5296911879758781|126.9293044968049458_37.5296517134467038|126.9291024559104528_37.5296408650083890|126.9289048951919625_37.5296407462443824|126.9286983266459004_37.5296692285065987|126.9283704934996138_37.5297333958644117|126.9282127564699607_37.5297704303567201
2026-09-04T06:42:24.849833+09:00,여의도,여의도,POI072,KEY_4,1180098800,여의공원로,1180116800,여의도동 1-2,126.9251712482791419_37.5298465003542461,1180053403,중소기업투데이,126.9247789627892189_37.5302380972319654,56.0,8.0,정체,126.9247789627892189_37.5302380972319654|126.9251712482791419_37.5298465003542461
2026-09-04T06:42:24.849833+09:00,여의도,여의도,POI072,KEY_4,1180098900,여의공원로,1180116900,여의도동 1-2,126.9252773746239455_37.5299139286858292,1180051201,국민일보본사,126.9258217891435123_37.5293704606697105,77.0,20.0,서행,126.9258217891435123_37.5293704606697105|126.9252773746239455_37.5299139286858292
2026-09-04T06:42:24.849833+09:00,여의도,여의도,POI072,KEY_4,1180100100,올림픽대로,1180053000,여의하류IC,126.9116502139587652_37.5302817461312657,1180054600,여의하류IC,126.9113467485372553_37.5312398487618282,110.0,42.3,원활,126.9113467485372553_37.5312398487618282|126.9114940115750727_37.5307441067722678|126.9116502139587652_37.5302817461312657
2026-09-04T06:42:24.849833+09:00,여의도,여의도,POI072,KEY_4,1180101100,올림픽대로,1180054600,여의하류IC,126.9113467485372553_37.5312398487618282,1180053900,여의하류IC,126.9101796785526517_37.5308445942274886,161.0,38.3,서행,126.9101796785526517_37.5308445942274886|126.9101931014992317_37.5310414092060398|126.9102886836397630_37.5312624829991321|126.9103927384446138_37.5313583960722070|126.9105342246899681_37.5314544950895836|126.9107135639955573_37.5314971247237921|126.9109007655329577_37.5314920961623173|126.9111183798562479_37.5314275989006632|126.9112086357648082_37.5313743906016768|126.9113467485372553_37.5312398487618282
2026-09-04T06:42:24.849833+09:00,여의도,여의도,POI072,KEY_4,1180101600,여의서로,1180055500,서강대교남측,126.9220936272136981_37.5317745947810906,1180054700,서강대교남측,126.9217615574708447_37.5313291653935792,67.0,20.0,서행,126.9217615574708447_37.5313291653935792|126.9217629235362779_37.5315398924357950|126.9218301729573000_37.5316910168274589|126.9219347722461606_37.5317503890045288|126.9220358644076327_37.5317673982089559|126.9220936272136981_37.5317745947810906
2026-09-04T06:42:24.849833+09:00,여의도,여의도,POI072,KEY_4,1180102100,올림픽대로,1180055000,여의하류IC앞,126.9097766577302622_37.5319288643150841,1180056700,여의하류IC앞,126.9099677257352141_37.5322885743723162,247.0,37.7,서행,126.9099677257352141_37.5322885743723162|126.9101802749627552_37.5322898012020829|126.9104318980016188_37.5322803263696159|126.9105533440733069_37.5322594692428169|126.9106435161752842_37.5322169922414162|126.9107278503933003_37.5321554077364397|126.9108033508016575_37.5320746999620383|126.9108579076633276_37.5319915030838942|126.9108854019603427_37.5319224810316570|126.9108979423341879_37.5318509987701034|126.9108805013922705_37.5317841367436387|126.9108362782712049_37.5316956773246275|126.9107828271066865_37.5316381747174148|126.9106874170305019_37.5315852327633905|126.9105858681555645_37.5315513377507699|126.9104842061042717_37.5315317522630707|126.9103943910203895_37.5315289189790775|126.9102954982978702_37.5315379647373817|126.9102025389048976_37.5315541941005435|126.9100974322583681_37.5315918264329014|126.9100101221350911_37.5316510106624506|126.9099196124940221_37.5317364124159667|126.9097766577302622_37.5319288643150841
2026-09-04T06:42:24.849833+09:00,여의도,여의도,POI072,KEY_4,1180103300,올림픽대로,1180054600,여의하류IC,126.9113467485372553_37.5312398487618282,1180056700,여의하류IC앞,126.9099677257352141_37.5322885743723162,207.0,46.7,원활,126.9099677257352141_37.5322885743723162|126.9102019059527322_37.5323529642993847|126.9104144226252089_37.5323881863476316|126.9105551300773840_37.5323763736599858|126.9106838828241166_37.5323478643264963|126.9107976882863937_37.5323026561256228|126.9109025353903490_37.5322383695701731|126.9109714553170818_37.5321788239392902|126.9110374194450657_37.5320882852129003|126.9110944195145976_37.5319834363101563|126.9113016746642160_37.5313852328840198|126.9113467485372553_37.5312398487618282
2026-09-04T06:42:24.849833+09:00,여의도,여의도,POI072,KEY_4,1180103700,올림픽대로,1180056900,여의하류IC앞,126.9099107440064671_37.5323785517192547,1180058100,여의하류IC,126.9113470954211209_37.5334759494431651,183.0,46.3,서행,126.9113470954211209_37.5334759494431651|126.9112574345930824_37.5333543028651491|126.9111647860354850_37.5332278867742630|126.9110691582745005_37.5330895481243871|126.9109675293688468_37.5329631251105766|126.9108449616440879_37.5328247659603988|126.9107313287380663_37.5327245564036360|126.9105578407508830_37.5326123820790158|126.9103573956169413_37.5325144895265197|126.9101523716446422_37.5324473163778976|126.9099107440064671_37.5323785517192547
2026-09-04T06:42:24.849833+09:00,여의도,여의도,POI072,KEY_4,1180104000,올림픽대로,1180322800,최소노드배치점,126.9188633519518135_37.5330663833708513,1180054900,여의하류IC,126.9238476077766080_37.5313717470433375,486.0,41.0,서행,126.9238476077766080_37.5313717470433375|126.9235232634260058_37.5316199137243132|126.9232000481612062_37.5318505638760769|126.9230158194888247_37.5319791744498730|126.9228496134543036_37.5320470077723343|126.9224004740734983_37.5321647167067241|126.9210485355217912_37.5325392848552042|126.9195124922006812_37.5329065609222638|126.9188633519518135_37.5330663833708513
2026-09-04T06:42:24.849833+09:00,여의도,여의도,POI072,KEY_4,1190007003,여의대방로,1180028008,여의교앞교차로,126.9286343708705260_37.5169904528563194,1190022301,영등포구-동작구,126.9276025342916370_37.5154837396407004,191.0,20.0,서행,126.9276025342916370_37.5154837396407004|126.9284582427261938_37.5166934225227635|126.9286343708705260_37.5169904528563194
2026-09-04T06:42:24.849833+09:00,여의도,여의도,POI072,KEY_4,1180104200,올림픽대로,1180056900,여의하류IC앞,126.9099107440064671_37.5323785517192547,1180057200,여의하류IC앞,126.9095075762253231_37.5324759606280765,244.0,39.3,서행,126.9095075762253231_37.5324759606280765|126.9094841950826407_37.5325994681253974|126.9094564797182016_37.5327452630529876|126.9094313198684887_37.5328977660792660|126.9094484590793002_37.5330027836566202|126.9095046031765150_37.5330984571128070|126.9095730635125250_37.5331512658508686|126.9096595477012244_37.5331970100760017|126.9097791981177750_37.5332143016489468|126.9099049867064224_37.5332125452215948|126.9100668986708342_37.5331871216565673|126.9101840428222800_37.5331423950281788|126.9102684147233475_37.5330760409922490|126.9103138214403117_37.5330142623253735|126.9103534441543815_37.5329262222845230|126.9103630663362168_37.5328451854664635|126.9103489008242747_37.5327425678390441|126.9103166942296639_37.5326493988199772|126.9102455019530993_37.5325631892314817|126.9101144752508361_37.5324695269450785|126.9099107440064671_37.5323785517192547
2026-09-04T06:42:24.849833+09:00,여의도,여의도,POI072,KEY_4,1180104400,올림픽대로,1180058200,여의하류IC,126.9088719404886518_37.5335782193263654,1180058100,여의하류IC,126.9113470954211209_37.5334759494431651,236.0,44.5,서행,126.9113470954211209_37.5334759494431651|126.9111690623947908_37.5333607524628903|126.9109989641811467_37.5332847817553272|126.9108511282904743_37.5332339637287120|126.9106941120611651_37.5332081395440156|126.9105324361279230_37.5332037554386346|126.9103751385429319_37.5332137012479095|126.9102175873575931_37.5332558412137871|126.9100735400548814_37.5332944719436838|126.9099296329114139_37.5333152159377619|126.9097947662082930_37.5333288514592383|126.9096330327877951_37.5333316200244838|126.9094937305390545_37.5333380780400887|126.9093228160708549_37.5333658410132927|126.9091877513593118_37.5334045154003917|126.9090840728703284_37.5334505001922309|126.9088719404886518_37.5335782193263654
2026-09-04T06:42:24.849833+09:00,여의도,여의도,POI072,KEY_4,1180104700,올림픽대로,1180057702,여의하류IC,126.9116446085465810_37.5333341738394211,1180058600,여의하류IC,126.9124480904624335_37.5340012297976102,103.0,24.0,정체,126.9124480904624335_37.5340012297976102|126.9122745980778859_37.5338890571121127|126.9120682102647208_37.5337482538104155|126.9119545687167232_37.5336528126330577|126.9118678582978959_37.5335669276376009|126.9117632252879702_37.5334476543186142|126.9116446085465810_37.5333341738394211
2026-09-04T06:42:24.849833+09:00,여의도,여의도,POI072,KEY_4,1180105100,올림픽대로,1180058100,여의하류IC,126.9113470954211209_37.5334759494431651,1180058600,여의하류IC,126.9124480904624335_37.5340012297976102,118.0,35.0,서행,126.9124480904624335_37.5340012297976102|126.9122714926787694_37.5339844113092269|126.9121398055384304_37.5339604738344619|126.9119004108432165_37.5338863945131394|126.9117179131641819_37.5337956707200888|126.9115683555591261_37.5336954342220679|126.9114666742656965_37.5336119217694275|126.9113470954211209_37.5334759494431651
2026-09-04T06:42:24.849833+09:00,여의도,여의도,POI072,KEY_4,1180105300,올림픽대로,1180058600,여의하류IC,126.9124480904624335_37.5340012297976102,1180058400,여의하류IC,126.9148490647562824_37.5338551834337650,213.0,31.5,서행,126.9148490647562824_37.5338551834337650|126.9146365081849410_37.5338693333682087|126.9127833540508021_37.5340110131640330|126.9126216957507864_37.5340180458078123|126.9124480904624335_37.5340012297976102
2026-09-04T06:42:24.849833+09:00,여의도,여의도,POI072,KEY_4,1180119300,국제금융로,1180047702,여의도동2-11,126.9260844397870045_37.5269585366700795,1180047401,파크원타워1,126.9263167991109071_37.5267074897627282,35.0,6.0,정체,126.9263167991109071_37.5267074897627282|126.9260844397870045_37.5269585366700795
2026-09-04T06:42:24.849833+09:00,여의도,여의도,POI072,KEY_4,1180125100,여의대로4길,1180043308,IFC몰,126.9253912997659910_37.5240305296354393,1180043904,여의도동2-11,126.9242022027608812_37.5252577455223957,173.0,10.0,정체,126.9242022027608812_37.5252577455223957|126.9246481580183996_37.5247712374463021|126.9246502970791397_37.5247689038512675|126.9247757014081515_37.5246351435260124|126.9247791512703714_37.5246315370412233|126.9253369888391063_37.5240483679096428|126.9253912997659910_37.5240305296354393
2026-09-04T06:42:24.849833+09:00,여의도,여의도,POI072,KEY_4,1180125200,여의대로4길,1180119700,여의도동 23,126.9248871351346679_37.5246970604828931,1180043309,IFC몰,126.9255169922482764_37.5241061994683847,87.0,9.5,정체,126.9255169922482764_37.5241061994683847|126.9254227075627881_37.5241371671839445|126.9248871351346679_37.5246970604828931
2026-09-04T06:42:24.849833+09:00,여의도,여의도,POI072,KEY_4,1180129700,여의대로,1180035805,LG경영개발원,126.9199415755927589_37.5213879918803102,1180038704,전경련회관삼거리,126.9191704288033691_37.5221849123008013,112.0,28.5,원활,126.9191704288033691_37.5221849123008013|126.9199415755927589_37.5213879918803102
2026-09-04T06:42:24.849833+09:00,여의도,여의도,POI072,KEY_4,1180129800,여의대로,1180038703,전경련회관삼거리,126.9192775411875402_37.5222513352049134,1180035802,LG경영개발원,126.9200485653260415_37.5214545403774409,112.0,18.0,서행,126.9200485653260415_37.5214545403774409|126.9192775411875402_37.5222513352049134
2026-09-04T06:42:24.849833+09:00,여의도,여의도,POI072,KEY_4,1190044800,노들로,1190182300,최소노드배치점,126.9272162634406413_37.5145713085371639,1180025902,여의교지하차도(서측),126.9243577826353402_37.5152265372191849,264.0,21.0,서행,126.9243577826353402_37.5152265372191849|126.9252562213810762_37.5149340719642055|126.9254762290053691_37.5148794587899204|126.9263543419064746_37.5147006945100898|126.9268842390227690_37.5146043415104771|126.9272162634406413_37.5145713085371639
2026-09-04T06:42:24.849833+09:00,여의도,여의도,POI072,KEY_4,1180131700,올림픽대로,1180072800,여의상류IC,126.9405016513416058_37.5173927522574644,1180072700,여의상류IC,126.9400317402693616_37.5169229080486772,221.0,39.0,서행,126.9400317402693616_37.5169229080486772|126.9399344802771310_37.5169316289955646|126.9398211359667812_37.5169535882205949|126.9397250814745064_37.5169865204715478|126.9396499126596893_37.5170290914397313|126.9395866670927830_37.5170788728819602|126.9395569131277739_37.5171084448085992|126.9394778696889432_37.5172142920509657|126.9394474129800869_37.5172833077141021|126.9394349378280964_37.5173500233186985|126.9394344204221170_37.5174191813664777|126.9394518846603290_37.5174860393611098|126.9394842642379189_37.5175601229327924|126.9395138118170934_37.5176127296308124|126.9395792139877273_37.5176750458591997|126.9396507655670234_37.5177159276217509|126.9397313518953752_37.5177496969262165|126.9398150389860405_37.5177691724375677|126.9398958040664525_37.5177790948669383|126.9400096093687011_37.5177748648494571|126.9401115632629029_37.5177538853697854|126.9401896368920006_37.5177232520757471|126.9402527950462485_37.5176853941495381|126.9403371051859892_37.5176214033639113|126.9404239541164117_37.5175025778350246|126.9405016513416058_37.5173927522574644
2026-09-04T06:42:24.849833+09:00,여의도,여의도,POI072,KEY_4,1180131800,올림픽대로,1180073200,여의상류IC,126.9413747929981042_37.5171839921024386,1180072900,여의상류IC,126.9406083800987517_37.5174248708792817,223.0,38.0,서행,126.9406083800987517_37.5174248708792817|126.9405930312344424_37.5175435153873309|126.9406092616678592_37.5176670087558009|126.9406471748521454_37.5177969651017236|126.9407050223394009_37.5178687842951106|126.9407719322446866_37.5179299139964257|126.9408479565857988_37.5179732011517402|126.9409330178654471_37.5180093757528255|126.9410361749584411_37.5180277509984137|126.9411618942258571_37.5180319231682446|126.9413057634171480_37.5180111401280030|126.9414454615370147_37.5179474103264710|126.9415493929910213_37.5178620475961679|126.9416038699689295_37.5177836052660467|126.9416231424661277_37.5177302402591408|126.9416451412587463_37.5176693288908751|126.9416504315423992_37.5175620364262841|126.9416241520395943_37.5174724808295537|126.9415895959336780_37.5173712900806677|126.9415130106084462_37.5172832160456764|126.9414200748953476_37.5172121420924327|126.9413747929981042_37.5171839921024386
2026-09-04T06:42:24.849833+09:00,여의도,여의도,POI072,KEY_4,1180131900,올림픽대로,1180033601,여의상류IC,126.9410620352872030_37.5197641943777285,1180073300,여의상류IC,126.9429855095649771_37.5174961988850910,356.0,41.0,서행,126.9429855095649771_37.5174961988850910|126.9425770783428646_37.5174620764480835|126.9423645811656343_37.5174515339232642|126.9422687580351123_37.5174534666303643|126.9421458647768333_37.5174719653657647|126.9420678452474931_37.5174954451136884|126.9419987904991132_37.5175213520105117|126.9419236224377983_37.5175639235214362|126.9418634063433728_37.5176089512716757|126.9418000721829998_37.5176706568276828|126.9417427069557931_37.5177485130741815|126.9416003222524836_37.5179582783130741|126.9415367386929461_37.5180533702759931|126.9414333808193476_37.5182627473598558|126.9414028723800385_37.5183389174551678|126.9413353512353808_37.5185603874609441|126.9413075523894747_37.5186747280699180|126.9411772528702187_37.5192846297340026|126.9411243449818727_37.5195538654257774|126.9410620352872030_37.5197641943777285
2026-09-04T06:42:24.849833+09:00,여의도,여의도,POI072,KEY_4,1180132000,올림픽대로,1180072600,여의상류IC,126.9378948464693480_37.5165074160918977,1180029800,여의상류IC,126.9377628191142691_37.5176475456465397,325.0,40.0,서행,126.9377628191142691_37.5176475456465397|126.9381601723230375_37.5176575716860441|126.9387198855593368_37.5176805047165018|126.9388336718633070_37.5176786598768359|126.9389566551671322_37.5176482416586694|126.9390618000187771_37.5176010446367982|126.9391550758196558_37.5175394812165521|126.9392214417544267_37.5174730213408125|126.9392698981474012_37.5173993216681509|126.9393003717038368_37.5173279211050357|126.9393129014057564_37.5172540506748149|126.9393105136024502_37.5171729555413691|126.9392901098453308_37.5170989285295988|126.9392489783639775_37.5170157736007610|126.9392102730446084_37.5169649983634272|126.9391597703063752_37.5169122924934584|126.9390793806584412_37.5168522901816885|126.9389868734863427_37.5168113080451349|126.9378948464693480_37.5165074160918977
2026-09-04T06:42:24.849833+09:00,여의도,여의도,POI072,KEY_4,1180132101,올림픽대로,1180029701,노들길지하차도(남측),126.9174454412259223_37.5178935252872279,1180073802,신길동 4898,126.9243723430401758_37.5161747318214296,653.0,59.5,원활,126.9243723430401758_37.5161747318214296|126.9226606204918255_37.5168357374757875|126.9219396728078948_37.5171454308969743|126.9207111304239390_37.5176103681835897|126.9204558848613971_37.5176924905913509|126.9203001038399492_37.5177165135415223|126.9201811855750321_37.5177294500317089|126.9199887160019671_37.5177420257544867|126.9196406749877610_37.5177515824785388|126.9190944888944870_37.5177759385469969|126.9185088538632584_37.5177798166117711|126.9182257725997260_37.5178032092262725|126.9180388896296705_37.5178248227006961|126.9177583737531023_37.5178820279200735|126.9174454412259223_37.5178935252872279
2026-09-04T06:42:24.849833+09:00,여의도,여의도,POI072,KEY_4,1190006101,여의대방로,1180024602,대방역(서울1호선),126.9260012336949046_37.5136322383516898,1190002704,대방역사거리,126.9267562377877425_37.5145721661826528,126.0,27.0,원활,126.9267562377877425_37.5145721661826528|126.9266532556327434_37.5145489765688183|126.9266093775832047_37.5144872851627227|126.9260012336949046_37.5136322383516898
2026-09-04T06:42:24.849833+09:00,여의도,여의도,POI072,KEY_4,1190006201,여의대방로,1190002703,대방역사거리,126.9268958244966257_37.5145487094125656,1180024601,대방역(서울1호선),126.9262367161707630_37.5135246544136862,130.0,25.0,원활,126.9262367161707630_37.5135246544136862|126.9268824723927764_37.5144176304682091|126.9269222862782698_37.5144726857951127|126.9268958244966257_37.5145487094125656
2026-09-04T06:42:24.849833+09:00,여의도,여의도,POI072,KEY_4,1190006903,여의대방로,1190022302,영등포구-동작구,126.9274873639790400_37.5155411761891173,1180028009,여의교앞교차로,126.9284790582093052_37.5169816909920968,182.0,45.5,원활,126.9284790582093052_37.5169816909920968|126.9283375899637605_37.5167431126999773|126.9274873639790400_37.5155411761891173
2026-09-04T06:42:24.849833+09:00,연남동,연남동,POI073,KEY_1,1120004702,연희로,1130277000,연남동 226-48,126.9271080598153532_37.5618100657820975,1130034803,해청갤러리,126.9273073914400101_37.5621099056815169,38.0,33.0,원활,126.9273073914400101_37.5621099056815169|126.9271080598153532_37.5618100657820975
2026-09-04T06:42:24.849833+09:00,연남동,연남동,POI073,KEY_1,1120004703,연희로,1130250200,연남동 226-24,126.9280727889166229_37.5631859582277556,1130035903,연희동성당앞,126.9283432785030072_37.5635653407448942,48.0,11.0,정체,126.9283432785030072_37.5635653407448942|126.9280727889166229_37.5631859582277556
2026-09-04T06:42:24.849833+09:00,연남동,연남동,POI073,KEY_1,1120004802,연희로,1120065500,연희동 226-32,126.9276239882496213_37.5623374246412851,1130034801,해청갤러리,126.9274702230425476_37.5621217504392817,28.0,30.5,원활,126.9274702230425476_37.5621217504392817|126.9276239882496213_37.5623374246412851
2026-09-04T06:42:24.849833+09:00,연남동,연남동,POI073,KEY_1,1120060900,연희로,1120028701,연희동 739,126.9288286649398998_37.5621518337985663,1130034802,해청갤러리,126.9273953958239645_37.5620111365759470,147.0,15.0,서행,126.9273953958239645_37.5620111365759470|126.9274286614211036_37.5619672062125005|126.9277400706569807_37.5617957123375845|126.9278934350607244_37.5617729928707433|126.9284634704889925_37.5620666455208649|126.9285543477235052_37.5621045099639375|126.9286568464001022_37.5621272878675327|126.9288286649398998_37.5621518337985663
2026-09-04T06:42:24.849833+09:00,연남동,연남동,POI073,KEY_1,1120062900,동교로,1120007802,조선일보(연희지국),126.9270208438035894_37.5646005680013459,1130036601,서대문구-마포구,126.9267080980032176_37.5643200920704956,42.0,33.0,원활,126.9267080980032176_37.5643200920704956|126.9270208438035894_37.5646005680013459
2026-09-04T06:42:24.849833+09:00,연남동,연남동,POI073,KEY_1,1120063000,동교로,1130036602,서대문구-마포구,126.9266078711886649_37.5643930441057563,1120007803,조선일보(연희지국),126.9269211950978473_37.5646740742852359,42.0,14.0,정체,126.9269211950978473_37.5646740742852359|126.9266078711886649_37.5643930441057563
2026-09-04T06:42:24.849833+09:00,연남동,연남동,POI073,KEY_1,1130018303,동교로,1130267000,동교동 151-3,126.9235602086829147_37.5590265329813064,1130006103,동서빌라,126.9237720218529262_37.5599217838101325,101.0,6.0,정체,126.9237720218529262_37.5599217838101325|126.9237420189898273_37.5597891978450278|126.9236012045125506_37.5591669167257010|126.9235602086829147_37.5590265329813064
2026-09-04T06:42:24.849833+09:00,연남동,연남동,POI073,KEY_1,1130018501,월드컵북로,1130260700,서교동 445-7,126.9200065606029000_37.5564461523167950,1130031203,서교동 445-7,126.9187731280576088_37.5574745284471163,158.0,19.0,서행,126.9187731280576088_37.5574745284471163|126.9200065606029000_37.5564461523167950
2026-09-04T06:42:24.849833+09:00,연남동,연남동,POI073,KEY_1,1130018502,월드컵북로,1130251100,성산동 232-19,126.9170346878931355_37.5594060910254228,1130033003,경성고교입구교차로,126.9163000018430409_37.5602379275557112,113.0,28.0,원활,126.9163000018430409_37.5602379275557112|126.9170346878931355_37.5594060910254228
2026-09-04T06:42:24.849833+09:00,연남동,연남동,POI073,KEY_1,1130018602,월드컵북로,1130257900,연남동 571-19,126.9179061052080186_37.5586077878839077,1130031201,연남동 570-51,126.9187945682714940_37.5576202514821702,135.0,44.0,원활,126.9187945682714940_37.5576202514821702|126.9187015916444921_37.5577134134808404|126.9179061052080186_37.5586077878839077
2026-09-04T06:42:24.849833+09:00,연남동,연남동,POI073,KEY_1,1130018900,성미산로,1130272600,성산동 231-11,126.9158091268138975_37.5600789669375956,1130033004,경성고교입구교차로,126.9162191219763116_37.5603247891752687,45.0,16.0,서행,126.9162191219763116_37.5603247891752687|126.9158091268138975_37.5600789669375956
2026-09-04T06:42:24.849833+09:00,연남동,연남동,POI073,KEY_1,1130019301,연남로,1130240800,연남동 567-43,126.9231287573617948_37.5609100158457139,1130033401,연남동 567-43,126.9233172227791897_37.5606784343822042,31.0,13.0,정체,126.9233172227791897_37.5606784343822042|126.9231287573617948_37.5609100158457139
2026-09-04T06:42:24.849833+09:00,연남동,연남동,POI073,KEY_1,1130019302,연남로,1130033402,연남동 567-43,126.9233912364688450_37.5605875658401018,1130006104,동서빌라,126.9238055697589687_37.5600792539152337,67.0,30.0,원활,126.9238055697589687_37.5600792539152337|126.9233912364688450_37.5605875658401018
2026-09-04T06:42:24.849833+09:00,연남동,연남동,POI073,KEY_1,1130019401,연남로,1130245000,연남동 515-26,126.9217700703665628_37.5623806377983485,1130006303,로얄빌딩,126.9211548639525944_37.5631365364465495,100.0,32.0,원활,126.9211548639525944_37.5631365364465495|126.9217700703665628_37.5623806377983485
2026-09-04T06:42:24.849833+09:00,연남동,연남동,POI073,KEY_1,1130019402,연남로,1130006103,동서빌라,126.9237720218529262_37.5599217838101325,1130033403,동교동 197-41,126.9232773041242268_37.5605287127344880,80.0,28.0,원활,126.9232773041242268_37.5605287127344880|126.9237720218529262_37.5599217838101325
2026-09-04T06:42:24.849833+09:00,연남동,연남동,POI073,KEY_1,1130019700,성미산로,1130238200,연남동 369-8,126.9192663547726170_37.5621460245775722,1130006304,로얄빌딩,126.9210804329262032_37.5632272406674659,200.0,17.0,서행,126.9210804329262032_37.5632272406674659|126.9207517183218528_37.5630313265380593|126.9204200520956078_37.5628336512674252|126.9200100335724386_37.5625892747693442|126.9198326226203619_37.5624835345415917|126.9192663547726170_37.5621460245775722
2026-09-04T06:42:24.849833+09:00,연남동,연남동,POI073,KEY_1,1130019800,성미산로,1130237700,성산동 231-20,126.9169040134700737_37.5605999951076086,1130033002,경성고교입구교차로,126.9164085521041301_37.5603030039980226,55.0,17.0,서행,126.9164085521041301_37.5603030039980226|126.9169040134700737_37.5605999951076086
2026-09-04T06:42:24.849833+09:00,연남동,연남동,POI073,KEY_1,1130020000,월드컵북로,1130243000,성산동 231-22,126.9157321063545254_37.5610348315618126,1130033001,경성고교입구교차로,126.9163276327042809_37.5603898418518440,89.0,29.0,원활,126.9163276327042809_37.5603898418518440|126.9161941072004822_37.5605258680463834|126.9160529479223669_37.5606813771840038|126.9157321063545254_37.5610348315618126
2026-09-04T06:42:24.849833+09:00,연남동,연남동,POI073,KEY_1,1130020301,성미산로,1130006301,로얄빌딩,126.9211915162888573_37.5632895435570831,1130036004,노블레스아파트,126.9217317006510797_37.5635753657036062,57.0,15.0,서행,126.9217317006510797_37.5635753657036062|126.9211915162888573_37.5632895435570831
2026-09-04T06:42:24.849833+09:00,연남동,연남동,POI073,KEY_1,1130020302,성미산로,1130249800,연남동 225-38,126.9250630781282325_37.5641314617751121,1130035804,연남동 225-38,126.9256843986061938_37.5636126984175931,80.0,22.0,서행,126.9256843986061938_37.5636126984175931|126.9250630781282325_37.5641314617751121
2026-09-04T06:42:24.849833+09:00,연남동,연남동,POI073,KEY_1,1130020401,성미산로,1130036003,노블레스아파트,126.9218068862926145_37.5634853229895498,1130006302,로얄빌딩,126.9212658294876519_37.5631990398513125,57.0,19.7,서행,126.9212658294876519_37.5631990398513125|126.9218068862926145_37.5634853229895498
2026-09-04T06:42:24.849833+09:00,연남동,연남동,POI073,KEY_1,1130020402,성미산로,1130251300,연남동 250-10,126.9221693717430242_37.5636724649411420,1130036002,노블레스아파트,126.9219212234222169_37.5635450288828423,26.0,25.0,원활,126.9219212234222169_37.5635450288828423|126.9221693717430242_37.5636724649411420
2026-09-04T06:42:24.849833+09:00,연남동,연남동,POI073,KEY_1,1130021301,동교로,1130270200,연남동 373-20,126.9238877393567293_37.5603936801492893,1130033503,창무빌딩,126.9241748864737787_37.5606341936674681,38.0,11.0,정체,126.9241748864737787_37.5606341936674681|126.9241661103410337_37.5606061520141736|126.9241366858942399_37.5605700517992886|126.9241002899647839_37.5605390962913646|126.9239179770402757_37.5604331415745349|126.9238877393567293_37.5603936801492893
2026-09-04T06:42:24.849833+09:00,연남동,연남동,POI073,KEY_1,1130021302,동교로,1130250600,연남동 229-65,126.9250813106768447_37.5630900163644981,1130035803,연남동 225-36,126.9255917382149761_37.5635333791396420,67.0,27.7,원활,126.9255917382149761_37.5635333791396420|126.9253960018439642_37.5633633613362221|126.9250813106768447_37.5630900163644981
2026-09-04T06:42:24.849833+09:00,연남동,연남동,POI073,KEY_1,1130021303,동교로,1130264400,연남동 225-38,126.9263679639492324_37.5641903218058602,1130036602,서대문구-마포구,126.9266078711886649_37.5643930441057563,31.0,14.0,정체,126.9266078711886649_37.5643930441057563|126.9263679639492324_37.5641903218058602
2026-09-04T06:42:24.849833+09:00,연남동,연남동,POI073,KEY_1,1130021401,동교로,1130270300,동교동 190-1,126.9240036868288968_37.5603373757369283,1130006101,동서빌라,126.9239149665367705_37.5599450424727905,44.0,25.0,원활,126.9239149665367705_37.5599450424727905|126.9239877581506306_37.5602899730970847|126.9239997971928346_37.5603322997610576|126.9240036868288968_37.5603373757369283
2026-09-04T06:42:24.849833+09:00,연남동,연남동,POI073,KEY_1,1130021402,동교로,1130234100,연남동 260-65,126.9243509881973893_37.5610184290997395,1130033501,창무빌딩,126.9243242832398835_37.5606902998111352,36.0,23.0,서행,126.9243242832398835_37.5606902998111352|126.9243327450441683_37.5607736496850464|126.9243509881973893_37.5610184290997395
2026-09-04T06:42:24.849833+09:00,연남동,연남동,POI073,KEY_1,1130021403,동교로,1130036601,서대문구-마포구,126.9267080980032176_37.5643200920704956,1130035801,연남동 224-68,126.9257782460976927_37.5635343239583079,120.0,29.5,원활,126.9257782460976927_37.5635343239583079|126.9261142058849572_37.5638182283647524|126.9264668133956491_37.5641161976511739|126.9267080980032176_37.5643200920704956
2026-09-04T06:42:24.849833+09:00,연남동,연남동,POI073,KEY_1,1130021601,연남로,1130281300,최소노드배치점,126.9194887786172217_37.5653656026151168,1130006301,로얄빌딩,126.9211915162888573_37.5632895435570831,275.0,24.0,서행,126.9211915162888573_37.5632895435570831|126.9205365111346566_37.5640803585334453|126.9202702056518319_37.5644070381809527|126.9200506331480227_37.5646763873924741|126.9196463850846328_37.5651722716135268|126.9194887786172217_37.5653656026151168
2026-09-04T06:42:24.849833+09:00,연남동,연남동,POI073,KEY_1,1130055000,월드컵북로5길,1130254500,서교동 449-44,126.9173185892374249_37.5569228155895019,1130031204,서교동 449-44,126.9186832942457102_37.5575579420634398,140.0,20.0,서행,126.9186832942457102_37.5575579420634398|126.9181245521222081_37.5572974258490646|126.9174760525978627_37.5569950542124857|126.9173185892374249_37.5569228155895019
2026-09-04T06:42:24.849833+09:00,연남동,연남동,POI073,KEY_1,1130057300,월드컵북로6길,1130261300,동교동 203-33,126.9193673333113281_37.5578672419356039,1130031202,동교동 205-15,126.9188838547954674_37.5575387719110481,56.0,28.0,원활,126.9188838547954674_37.5575387719110481|126.9193673333113281_37.5578672419356039
2026-09-04T06:42:24.849833+09:00,연남동,연남동,POI073,KEY_1,1130057400,월드컵북로6길,1130237300,연남동 567-58,126.9228121069769628_37.5603611737690315,1130033404,연남동 567-43,126.9232032360486642_37.5606196477347183,45.0,17.0,서행,126.9232032360486642_37.5606196477347183|126.9230964736037777_37.5605557972101778|126.9228121069769628_37.5603611737690315
2026-09-04T06:42:24.849833+09:00,연남동,연남동,POI073,KEY_1,1130060000,동교로29길,1130033503,창무빌딩,126.9241748864737787_37.5606341936674681,1130036003,노블레스아파트,126.9218068862926145_37.5634853229895498,381.0,22.0,서행,126.9218068862926145_37.5634853229895498|126.9218459298930100_37.5634232918577879|126.9220337933197982_37.5631841000810169|126.9223456371491494_37.5627870497117868|126.9227675631269960_37.5622648309932572|126.9233084612183120_37.5615953472728421|126.9240020675585043_37.5607446270273684|126.9240943496756557_37.5606712830971432|126.9241748864737787_37.5606341936674681
2026-09-04T06:42:24.849833+09:00,연남동,연남동,POI073,KEY_1,1130060100,동교로29길,1130246800,연남동 257-9,126.9228817967008496_37.5623233169991337,1130033504,창무빌딩,126.9241941095302053_37.5607502493276115,210.0,7.0,정체,126.9241941095302053_37.5607502493276115|126.9241777376998783_37.5607577891073205|126.9241081814776919_37.5608130710165966|126.9234225413209742_37.5616540221321031|126.9228817967008496_37.5623233169991337
2026-09-04T06:42:24.849833+09:00,연남동,연남동,POI073,KEY_1,1130060900,성미산로,1130275100,연남동 227-35,126.9263235538300165_37.5629220786752782,1130035802,연남동 224-42,126.9256856633364663_37.5634549376981468,82.0,21.0,서행,126.9256856633364663_37.5634549376981468|126.9258913341547981_37.5632831326951120|126.9263235538300165_37.5629220786752782
2026-09-04T06:42:24.849833+09:00,연남동,연남동,POI073,KEY_1,1130061000,성미산로,1130251800,연남동 226-9,126.9268765102369230_37.5626168868789208,1130034804,해청갤러리,126.9273752792072827_37.5622076263378801,63.0,19.0,서행,126.9273752792072827_37.5622076263378801|126.9272849188586036_37.5622757135550032|126.9268765102369230_37.5626168868789208
2026-09-04T06:42:24.849833+09:00,영등포 타임스퀘어,영등포 타임스퀘어,POI074,KEY_2,1180000901,경인로,1180127400,영등포동3가 39,126.9084229054596591_37.5170881749968004,1180028604,영등포한전,126.9092990278852682_37.5173912699995569,84.0,29.0,원활,126.9092990278852682_37.5173912699995569|126.9084229054596591_37.5170881749968004
2026-09-04T06:42:24.849833+09:00,영등포 타임스퀘어,영등포 타임스퀘어,POI074,KEY_2,1180000902,경인로,1180028601,영등포한전,126.9094281785715310_37.5174358290711183,1180029402,영등포고가차도(서측),126.9105878329916948_37.5178352904877315,112.0,15.0,서행,126.9105878329916948_37.5178352904877315|126.9094281785715310_37.5174358290711183
2026-09-04T06:42:24.849833+09:00,영등포 타임스퀘어,영등포 타임스퀘어,POI074,KEY_2,1180000903,경인로,1180029402,영등포고가차도(서측),126.9105878329916948_37.5178352904877315,1180000603,영등포로터리,126.9120906292499882_37.5184239480049868,149.0,22.0,서행,126.9120906292499882_37.5184239480049868|126.9120097694427898_37.5183896253174680|126.9108093688715826_37.5179714686493213|126.9105878329916948_37.5178352904877315
2026-09-04T06:42:24.849833+09:00,영등포 타임스퀘어,영등포 타임스퀘어,POI074,KEY_2,1180001001,경인로,1180243700,영등포동 481-12,126.9078910549129091_37.5167862984797083,1180000503,영등포역앞교차로,126.9067347975935007_37.5163862687553689,111.0,18.0,서행,126.9067347975935007_37.5163862687553689|126.9078910549129091_37.5167862984797083
2026-09-04T06:42:24.849833+09:00,영등포 타임스퀘어,영등포 타임스퀘어,POI074,KEY_2,1180001002,경인로,1180029401,영등포고가차도(서측),126.9106419673750281_37.5177361416953161,1180028602,영등포한전,126.9094820584459313_37.5173365914275081,112.0,18.0,서행,126.9094820584459313_37.5173365914275081|126.9106419673750281_37.5177361416953161
2026-09-04T06:42:24.849833+09:00,영등포 타임스퀘어,영등포 타임스퀘어,POI074,KEY_2,1180001003,경인로,1180000602,영등포로터리,126.9122093045591271_37.5182292931425820,1180029401,영등포고가차도(서측),126.9106419673750281_37.5177361416953161,150.0,8.0,정체,126.9106419673750281_37.5177361416953161|126.9109181500788281_37.5177733471150248|126.9121281737749598_37.5181948553375548|126.9122093045591271_37.5182292931425820
2026-09-04T06:42:24.849833+09:00,영등포 타임스퀘어,영등포 타임스퀘어,POI074,KEY_2,1180016003,영신로,1180265900,최소노드배치점,126.9050837909057066_37.5148823947284882,1180027207,영등포역고가차도(북측),126.9017626129269445_37.5169443079154448,424.0,55.0,원활,126.9017626129269445_37.5169443079154448|126.9019464525509591_37.5164721407837831|126.9020154613533151_37.5163078036969537|126.9021072569615001_37.5161510250484795|126.9023834280580587_37.5156942430907350|126.9024808980569503_37.5155688327527201|126.9026058694610697_37.5154290361645053|126.9027821758004819_37.5152741394399101|126.9029989752344960_37.5151256782396274|126.9031475369572917_37.5150583618414899|126.9033411285070230_37.5149777905100592|126.9035566614483344_37.5149145414508993|126.9037620354231706_37.5148812538008869|126.9039907983438979_37.5148595753164642|126.9041756644236330_37.5148486827381689|126.9046694087680294_37.5148635163425510|126.9050837909057066_37.5148823947284882
2026-09-04T06:42:24.849833+09:00,영등포 타임스퀘어,영등포 타임스퀘어,POI074,KEY_2,1180016005,영신로,1180027204,속성변화점,126.9015038398044055_37.5176240892620427,1180031203,영등포경방필뒷길교차로,126.9011930366776255_37.5184405339261389,95.0,15.0,서행,126.9011930366776255_37.5184405339261389|126.9014769539015077_37.5176947161951801|126.9015038398044055_37.5176240892620427
2026-09-04T06:42:24.849833+09:00,영등포 타임스퀘어,영등포 타임스퀘어,POI074,KEY_2,1180016006,영신로,1180027207,영등포역고가차도(북측),126.9017626129269445_37.5169443079154448,1180027204,속성변화점,126.9015038398044055_37.5176240892620427,79.0,29.0,원활,126.9015038398044055_37.5176240892620427|126.9017626129269445_37.5169443079154448
2026-09-04T06:42:24.849833+09:00,영등포 타임스퀘어,영등포 타임스퀘어,POI074,KEY_2,1180016103,영신로,1180265800,최소노드배치점,126.9050760407689751_37.5149903383453420,1180024701,영등포역고가차도(남측),126.9087307052849098_37.5135198228046463,408.0,57.5,원활,126.9087307052849098_37.5135198228046463|126.9081487147335281_37.5143569277719564|126.9080029370169314_37.5145411794823147|126.9078261800036671_37.5147038872662648|126.9076601325354972_37.5148245785460830|126.9074559124306631_37.5149151632886202|126.9071306301649145_37.5150148103527030|126.9068239133496121_37.5150552815421747|126.9066637699532407_37.5150626586616553|126.9050760407689751_37.5149903383453420
2026-09-04T06:42:24.849833+09:00,영등포 타임스퀘어,영등포 타임스퀘어,POI074,KEY_2,1180016105,영신로,1180027203,센트럴푸르지오시티아파트,126.9016491472245747_37.5176149848718481,1180027206,영등포역고가차도(북측),126.9018923848414317_37.5169760079907491,74.0,19.0,서행,126.9018923848414317_37.5169760079907491|126.9016491472245747_37.5176149848718481
2026-09-04T06:42:24.849833+09:00,영등포 타임스퀘어,영등포 타임스퀘어,POI074,KEY_2,1180016106,영신로,1180031202,영등포경방필뒷길교차로,126.9013385422641136_37.5184309135766441,1180027202,센트럴푸르지오시티아파트,126.9016068526740924_37.5177260895310454,82.0,11.0,정체,126.9016068526740924_37.5177260895310454|126.9013385422641136_37.5184309135766441
2026-09-04T06:42:24.849833+09:00,영등포 타임스퀘어,영등포 타임스퀘어,POI074,KEY_2,1180016204,신길로,1180029302,영등포지하차도(북측),126.9121994203567283_37.5178579827611216,1180000602,영등포로터리,126.9122093045591271_37.5182292931425820,41.0,18.0,서행,126.9122093045591271_37.5182292931425820|126.9121877240078646_37.5181429270656466|126.9121839563804457_37.5179920900407353|126.9121994203567283_37.5178579827611216
2026-09-04T06:42:24.849833+09:00,영등포 타임스퀘어,영등포 타임스퀘어,POI074,KEY_2,1180016304,신길로,1180000601,영등포로터리,126.9124535820762105_37.5184297931263089,1180029301,영등포지하차도(북측),126.9123346128244236_37.5178676775866151,65.0,8.0,정체,126.9123346128244236_37.5178676775866151|126.9123198197420521_37.5179959706838062|126.9123231986734623_37.5181312083496223|126.9123504037761450_37.5182400823260807|126.9124535820762105_37.5184297931263089
2026-09-04T06:42:24.849833+09:00,영등포 타임스퀘어,영등포 타임스퀘어,POI074,KEY_2,1180018001,영중로,1180000509,영등포역교차로,126.9062411865252500_37.5170589962790046,1180030604,신세계백화점삼거리,126.9057574095607492_37.5180060126119699,113.0,11.0,정체,126.9057574095607492_37.5180060126119699|126.9062411865252500_37.5170589962790046
2026-09-04T06:42:24.849833+09:00,영등포 타임스퀘어,영등포 타임스퀘어,POI074,KEY_2,1180018002,영중로,1180000505,영등포역앞교차로,126.9065561592446301_37.5164424089386372,1180000508,영등포역교차로,126.9062924160255932_37.5169587106358122,62.0,11.5,정체,126.9062924160255932_37.5169587106358122|126.9064372908919864_37.5166751056728529|126.9065561592446301_37.5164424089386372
2026-09-04T06:42:24.849833+09:00,영등포 타임스퀘어,영등포 타임스퀘어,POI074,KEY_2,1180018101,영중로,1180177500,영등포동3가 33,126.9065630179876081_37.5167158549283286,1180000502,영등포역앞교차로,126.9066807209800629_37.5164854387568099,28.0,17.0,서행,126.9066807209800629_37.5164854387568099|126.9065630179876081_37.5167158549283286
2026-09-04T06:42:24.849833+09:00,영등포 타임스퀘어,영등포 타임스퀘어,POI074,KEY_2,1180018404,영등포로,1180126700,신길동 50-3,126.9172841213858050_37.5156221114985726,1180028903,신길역,126.9164897743027893_37.5173809040417936,207.0,22.0,서행,126.9164897743027893_37.5173809040417936|126.9166933585755288_37.5169092955012218|126.9169330965590490_37.5163809977301526|126.9172525179823765_37.5156770933944443|126.9172841213858050_37.5156221114985726
2026-09-04T06:42:24.849833+09:00,영등포 타임스퀘어,영등포 타임스퀘어,POI074,KEY_2,1180018801,문래로,1180030608,영등포동4가123-1,126.9024638451189446_37.5183060983704522,1180031202,영등포경방필뒷길교차로,126.9013385422641136_37.5184309135766441,100.0,14.0,정체,126.9013385422641136_37.5184309135766441|126.9015682760347090_37.5183993935494016|126.9020374138769114_37.5183505223735310|126.9024638451189446_37.5183060983704522
2026-09-04T06:42:24.849833+09:00,영등포 타임스퀘어,영등포 타임스퀘어,POI074,KEY_2,1180018802,문래로,1180197700,영등포동4가 123-1,126.9028974562422434_37.5182609246652419,1180030607,영등포동4가123-1,126.9025987362175556_37.5182920455747819,27.0,23.0,서행,126.9025987362175556_37.5182920455747819|126.9028974562422434_37.5182609246652419
2026-09-04T06:42:24.849833+09:00,영등포 타임스퀘어,영등포 타임스퀘어,POI074,KEY_2,1180018901,문래로,1180164900,영등포동4가 53-3,126.9048292098879642_37.5181734231585580,1180030605,신세계백화점삼거리,126.9057028648952326_37.5181149873021340,78.0,15.0,서행,126.9057028648952326_37.5181149873021340|126.9053638432774704_37.5181201708930843|126.9048292098879642_37.5181734231585580
2026-09-04T06:42:24.849833+09:00,영등포 타임스퀘어,영등포 타임스퀘어,POI074,KEY_2,1180019604,문래로,1180031203,영등포경방필뒷길교차로,126.9011930366776255_37.5184405339261389,1180031302,문래동3가 17,126.9007982551108853_37.5184068062494944,35.0,6.0,정체,126.9007982551108853_37.5184068062494944|126.9011930366776255_37.5184405339261389
2026-09-04T06:42:24.849833+09:00,영등포 타임스퀘어,영등포 타임스퀘어,POI074,KEY_2,1180020400,영중로,1180130300,영등포동4가 53-3,126.9052282035568311_37.5190719619747028,1180034704,영등포시장앞교차로,126.9047990476082077_37.5199371694090047,103.0,39.0,원활,126.9047990476082077_37.5199371694090047|126.9052282035568311_37.5190719619747028
2026-09-04T06:42:24.849833+09:00,영등포 타임스퀘어,영등포 타임스퀘어,POI074,KEY_2,1180020601,영등포로,1180198600,영등포동3가 28,126.9106420024377400_37.5187152938311712,1180032602,영등포야구연습장,126.9095385666399807_37.5189372018608651,101.0,10.0,정체,126.9095385666399807_37.5189372018608651|126.9106420024377400_37.5187152938311712
2026-09-04T06:42:24.849833+09:00,영등포 타임스퀘어,영등포 타임스퀘어,POI074,KEY_2,1180020602,영등포로,1180222700,영등포동3가 31,126.9060516206890838_37.5196741320310707,1180034703,영등포시장앞교차로,126.9049610526885488_37.5199048084829059,100.0,37.0,원활,126.9049610526885488_37.5199048084829059|126.9060516206890838_37.5196741320310707
2026-09-04T06:42:24.849833+09:00,영등포 타임스퀘어,영등포 타임스퀘어,POI074,KEY_2,1180020702,영등포로,1180198700,영등포동2가 5-1,126.9106752312442836_37.5188201178326324,1180000604,영등포로터리,126.9122054556963235_37.5185123526650202,140.0,22.0,서행,126.9122054556963235_37.5185123526650202|126.9106752312442836_37.5188201178326324
2026-09-04T06:42:24.849833+09:00,영등포 타임스퀘어,영등포 타임스퀘어,POI074,KEY_2,1180020703,영등포로,1180194500,영등포동2가 30-1,126.9084229110674045_37.5192843866863441,1180032604,영등포야구연습장,126.9094400795285935_37.5190692022479695,93.0,21.0,서행,126.9094400795285935_37.5190692022479695|126.9084229110674045_37.5192843866863441
2026-09-04T06:42:24.849833+09:00,영등포 타임스퀘어,영등포 타임스퀘어,POI074,KEY_2,1180022301,영등포로,1180106100,영등포동6가 76-1,126.9038369152164876_37.5201972870942271,1180034705,영등포시장앞교차로,126.9047816349661844_37.5200500536503583,85.0,23.0,서행,126.9047816349661844_37.5200500536503583|126.9038369152164876_37.5201972870942271
2026-09-04T06:42:24.849833+09:00,영등포 타임스퀘어,영등포 타임스퀘어,POI074,KEY_2,1180023602,영중로,1180034705,영등포시장앞교차로,126.9047816349661844_37.5200500536503583,1180034708,새길병원,126.9048589892574768_37.5209747297568086,103.0,11.0,정체,126.9048589892574768_37.5209747297568086|126.9047862119519294_37.5203545136103216|126.9047816349661844_37.5200500536503583
2026-09-04T06:42:24.849833+09:00,영등포 타임스퀘어,영등포 타임스퀘어,POI074,KEY_2,1180023701,영중로,1180034706,속성변화점,126.9050067919064873_37.5210724475763513,1180034702,영등포시장앞교차로,126.9049170256530346_37.5200259885010610,116.0,22.5,서행,126.9049170256530346_37.5200259885010610|126.9049218798124485_37.5203488258486004|126.9049941446391756_37.5209646684422538|126.9050067919064873_37.5210724475763513
2026-09-04T06:42:24.849833+09:00,영등포 타임스퀘어,영등포 타임스퀘어,POI074,KEY_2,1180064600,영신로,1180024702,영등포역고가차도(남측),126.9086116519794842_37.5134678994298696,1180026102,영등포역1번출구,126.9076181236332417_37.5147853277155576,171.0,23.0,서행,126.9076181236332417_37.5147853277155576|126.9084207633854646_37.5136308769032922|126.9086116519794842_37.5134678994298696
2026-09-04T06:42:24.849833+09:00,영등포 타임스퀘어,영등포 타임스퀘어,POI074,KEY_2,1180064700,영신로,1180026101,영등포역1번출구,126.9078556055787601_37.5148900936006484,1180024701,영등포역고가차도(남측),126.9087307052849098_37.5135198228046463,171.0,22.0,서행,126.9087307052849098_37.5135198228046463|126.9086582428016641_37.5137356411918148|126.9078556055787601_37.5148900936006484
2026-09-04T06:42:24.849833+09:00,영등포 타임스퀘어,영등포 타임스퀘어,POI074,KEY_2,1180067501,영신로,1180026608,청과시장입구사거리,126.9026871473992344_37.5156177148454049,1180026611,청과시장입구교차로,126.9031194935170959_37.5152570224186022,56.0,24.5,서행,126.9031194935170959_37.5152570224186022|126.9029245062045419_37.5153905454125791|126.9027647649380697_37.5155308912642838|126.9026871473992344_37.5156177148454049
2026-09-04T06:42:24.849833+09:00,영등포 타임스퀘어,영등포 타임스퀘어,POI074,KEY_2,1180067502,영신로,1180027206,영등포역고가차도(북측),126.9018923848414317_37.5169760079907491,1180026607,청과시장입구사거리,126.9026117945604284_37.5157085193453881,155.0,32.0,원활,126.9026117945604284_37.5157085193453881|126.9025622027086087_37.5157723283970412|126.9022912457701011_37.5162204879740173|126.9022048796041844_37.5163679945295740|126.9021402544090336_37.5165218909278124|126.9020376238798065_37.5167854844985698|126.9018923848414317_37.5169760079907491
2026-09-04T06:42:24.849833+09:00,영등포 타임스퀘어,영등포 타임스퀘어,POI074,KEY_2,1180067601,경인로,1180194100,영등포동4가 423-98,126.9049173709000513_37.5157593472424935,1180026612,청과시장입구교차로,126.9031734327549401_37.5151578048967025,168.0,10.5,정체,126.9031734327549401_37.5151578048967025|126.9049173709000513_37.5157593472424935
2026-09-04T06:42:24.849833+09:00,영등포 타임스퀘어,영등포 타임스퀘어,POI074,KEY_2,1180067602,경인로,1180000504,영등포역앞교차로,126.9066100945905049_37.5163431897925648,1180026604,영등포역교차로,126.9064578224589042_37.5162906707129054,15.0,10.0,정체,126.9064578224589042_37.5162906707129054|126.9066100945905049_37.5163431897925648
2026-09-04T06:42:24.849833+09:00,영등포 타임스퀘어,영등포 타임스퀘어,POI074,KEY_2,1180067701,경인로,1180026603,영등포역교차로,126.9064038869495192_37.5163898897900978,1180000505,영등포역앞교차로,126.9065561592446301_37.5164424089386372,15.0,36.0,원활,126.9065561592446301_37.5164424089386372|126.9064038869495192_37.5163898897900978
2026-09-04T06:42:24.849833+09:00,영등포 타임스퀘어,영등포 타임스퀘어,POI074,KEY_2,1180067702,경인로,1180194000,영등포동4가 423-98,126.9048634335346009_37.5158585655532590,1180026606,영등포역교차로,126.9062792989578270_37.5163469187381509,136.0,37.5,원활,126.9062792989578270_37.5163469187381509|126.9048634335346009_37.5158585655532590
2026-09-04T06:42:24.849833+09:00,영등포 타임스퀘어,영등포 타임스퀘어,POI074,KEY_2,1180073100,영등포로50길,1180028604,영등포한전,126.9092990278852682_37.5173912699995569,1180032603,영등포야구연습장,126.9094071216628663_37.5189643058265077,176.0,6.0,정체,126.9094071216628663_37.5189643058265077|126.9092962018217037_37.5185871916409681|126.9092686154928487_37.5184211705609982|126.9092376416866585_37.5178113154560577|126.9092517371507256_37.5176562384217647|126.9092990278852682_37.5173912699995569
2026-09-04T06:42:24.849833+09:00,영등포 타임스퀘어,영등포 타임스퀘어,POI074,KEY_2,1180073600,경인로,1180031400,영등포로터리,126.9135244685563038_37.5187677128586827,1180000601,영등포로터리,126.9124535820762105_37.5184297931263089,102.0,25.5,원활,126.9124535820762105_37.5184297931263089|126.9128100770402767_37.5185012566219456|126.9135244685563038_37.5187677128586827
2026-09-04T06:42:24.849833+09:00,영등포 타임스퀘어,영등포 타임스퀘어,POI074,KEY_2,1180074400,버드나루로,1180000604,영등포로터리,126.9122054556963235_37.5185123526650202,1180032400,영등포로터리,126.9125107094587435_37.5191376677346895,79.0,35.5,원활,126.9125107094587435_37.5191376677346895|126.9123789759963330_37.5188311948415461|126.9123310981761392_37.5186176017848041|126.9122705071853119_37.5185097182430880|126.9122054556963235_37.5185123526650202
2026-09-04T06:42:24.849833+09:00,영등포 타임스퀘어,영등포 타임스퀘어,POI074,KEY_2,1180075600,경인로,1180000604,영등포로터리,126.9122054556963235_37.5185123526650202,1180034604,영등포고가차도(동측),126.9146713619132498_37.5199625605113596,278.0,31.0,원활,126.9146713619132498_37.5199625605113596|126.9145526823699441_37.5199508797338339|126.9143552126644749_37.5198935230305253|126.9133322102916424_37.5193826208748220|126.9130630332413148_37.5192203173122039|126.9127341107558067_37.5189626122592088|126.9125481884640863_37.5187765879230426|126.9124818594804083_37.5186855708289926|126.9124327382808559_37.5186108665007083|126.9122705071853119_37.5185097182430880|126.9122054556963235_37.5185123526650202
2026-09-04T06:42:24.849833+09:00,영등포 타임스퀘어,영등포 타임스퀘어,POI074,KEY_2,1180076800,영등포로53길,1180000604,영등포로터리,126.9122054556963235_37.5185123526650202,1180035308,동일빌딩,126.9103211440061187_37.5202225574950390,253.0,20.0,서행,126.9103211440061187_37.5202225574950390|126.9110936783595065_37.5195510357812481|126.9119678887164326_37.5187633670989484|126.9122054556963235_37.5185123526650202
2026-09-04T06:42:24.849833+09:00,영등포 타임스퀘어,영등포 타임스퀘어,POI074,KEY_2,1180077100,영등포로53길,1180035307,동일빌딩,126.9104219802961921_37.5202949459832169,1180000601,영등포로터리,126.9124535820762105_37.5184297931263089,274.0,13.0,정체,126.9124535820762105_37.5184297931263089|126.9120730951421621_37.5188318189768637|126.9111945763048652_37.5196233694127699|126.9104219802961921_37.5202949459832169
2026-09-04T06:42:24.849833+09:00,영등포 타임스퀘어,영등포 타임스퀘어,POI074,KEY_2,1180077800,영등포로49길,1180035308,동일빌딩,126.9103211440061187_37.5202225574950390,1180032601,영등포야구연습장,126.9095714878148726_37.5190420934544235,152.0,9.0,정체,126.9095714878148726_37.5190420934544235|126.9098488533216766_37.5198729332244412|126.9098507104603897_37.5198744152730441|126.9100362848115253_37.5200225083504151|126.9103211440061187_37.5202225574950390
2026-09-04T06:42:24.849833+09:00,영등포 타임스퀘어,영등포 타임스퀘어,POI074,KEY_2,1180122400,영중로3길,1180070602,영등포동4가440-9,126.9040381864777629_37.5162832372860464,1180000509,영등포역교차로,126.9062411865252500_37.5170589962790046,213.0,8.0,정체,126.9062411865252500_37.5170589962790046|126.9057966058204698_37.5169361302130895|126.9055335280310146_37.5168609647402818|126.9052182848325572_37.5167684936097956|126.9049638245406157_37.5166751920809745|126.9044625088730243_37.5164579567123511|126.9040381864777629_37.5162832372860464
2026-09-04T06:42:24.849833+09:00,영등포 타임스퀘어,영등포 타임스퀘어,POI074,KEY_2,1180127800,영신로24길,1180070601,영등포동4가440-9,126.9040999860292942_37.5161869737218368,1180026608,청과시장입구사거리,126.9026871473992344_37.5156177148454049,140.0,16.0,서행,126.9026871473992344_37.5156177148454049|126.9039609526363819_37.5161309557252665|126.9040999860292942_37.5161869737218368
2026-09-04T06:42:24.849833+09:00,용리단길,용리단길,POI076,KEY_3,1020007302,한강대로,1020015204,용산역,126.9667170087153636_37.5280456524693449,1020016803,전자상가입구교차로,126.9681558223356888_37.5295644873819896,211.0,36.0,원활,126.9681558223356888_37.5295644873819896|126.9672342806026819_37.5285917021841300|126.9667170087153636_37.5280456524693449
2026-09-04T06:42:24.849833+09:00,용리단길,용리단길,POI076,KEY_3,1020007402,한강대로,1020051500,한강로2가 188-1,126.9673426559004668_37.5285265849111056,1020015201,속성변화점,126.9668253836721163_37.5279805356647955,76.0,51.7,원활,126.9668253836721163_37.5279805356647955|126.9673426559004668_37.5285265849111056
2026-09-04T06:42:24.849833+09:00,용리단길,용리단길,POI076,KEY_3,1020008306,새창로,1020016803,전자상가입구교차로,126.9681558223356888_37.5295644873819896,1020017802,신용산지하차도(동측),126.9673959720882692_37.5300726947153009,88.0,16.3,서행,126.9673959720882692_37.5300726947153009|126.9677699989137238_37.5298289272809029|126.9679910930038602_37.5296848305883302|126.9679948818404398_37.5296820626562777|126.9681558223356888_37.5295644873819896
2026-09-04T06:42:24.849833+09:00,용리단길,용리단길,POI076,KEY_3,1020008406,새창로,1020126900,한강로2가 422-1,126.9678559795664512_37.5299126000648968,1020016804,전자상가입구교차로,126.9682403944276103_37.5296494232954956,45.0,4.0,정체,126.9682403944276103_37.5296494232954956|126.9680866539261928_37.5297617379752211|126.9680800395232581_37.5297665700961005|126.9678559795664512_37.5299126000648968
2026-09-04T06:42:24.849833+09:00,용리단길,용리단길,POI076,KEY_3,1020009302,한강대로,1020025100,삼각지역7번출구,126.9734329393310475_37.5350708801419586,1020025603,삼각지역교차로,126.9739472931050841_37.5356089153529453,75.0,47.0,원활,126.9739472931050841_37.5356089153529453|126.9738394312628174_37.5354850527930566|126.9734329393310475_37.5350708801419586
2026-09-04T06:42:24.849833+09:00,용리단길,용리단길,POI076,KEY_3,1020009402,한강대로,1020025602,삼각지역교차로,126.9740601326000160_37.5355487598275559,1020024700,삼각지역7번출구,126.9735399131187421_37.5350043003819138,76.0,12.0,정체,126.9735399131187421_37.5350043003819138|126.9739487928858210_37.5354209040961138|126.9740601326000160_37.5355487598275559
2026-09-04T06:42:24.849833+09:00,용리단길,용리단길,POI076,KEY_3,1020011301,이태원로,1020024900,삼각지역13번출구,126.9749769084332343_37.5349767961125238,1020025602,삼각지역교차로,126.9740601326000160_37.5355487598275559,103.0,39.0,원활,126.9740601326000160_37.5355487598275559|126.9743097291953688_37.5353822428393471|126.9749769084332343_37.5349767961125238
2026-09-04T06:42:24.849833+09:00,용리단길,용리단길,POI076,KEY_3,1020011401,이태원로,1020025601,삼각지역교차로,126.9741286309340893_37.5356441095230551,1020025200,삼각지역(서울6호선),126.9750592746409410_37.5350627473837051,105.0,24.5,서행,126.9750592746409410_37.5350627473837051|126.9743945507994880_37.5354667021441912|126.9741286309340893_37.5356441095230551
2026-09-04T06:42:24.849833+09:00,용리단길,용리단길,POI076,KEY_3,1020012502,백범로,1020025603,삼각지역교차로,126.9739472931050841_37.5356089153529453,1020025800,삼각지역8번출구,126.9732142110164972_37.5358680244183063,71.0,19.3,서행,126.9732142110164972_37.5358680244183063|126.9737037621432734_37.5357113531253859|126.9739472931050841_37.5356089153529453
2026-09-04T06:42:24.849833+09:00,용리단길,용리단길,POI076,KEY_3,1020012602,백범로,1020025900,삼각지역9번출구,126.9732648398461947_37.5359683460905913,1020025604,삼각지역교차로,126.9740127329014001_37.5357036653550509,72.0,34.0,원활,126.9740127329014001_37.5357036653550509|126.9737609376188203_37.5358095794168420|126.9732648398461947_37.5359683460905913
2026-09-04T06:42:24.849833+09:00,용리단길,용리단길,POI076,KEY_3,1020014101,한강대로,1020025604,삼각지역교차로,126.9740127329014001_37.5357036653550509,1020026300,삼각지역10번출구,126.9741534931197577_37.5365074530867560,92.0,12.0,정체,126.9741534931197577_37.5365074530867560|126.9741631206036629_37.5364549845269977|126.9741847918449622_37.5362725862118936|126.9741503498416080_37.5360423405955430|126.9740854223847748_37.5358421943092253|126.9740127329014001_37.5357036653550509
2026-09-04T06:42:24.849833+09:00,용리단길,용리단길,POI076,KEY_3,1020014201,한강대로,1020026100,삼각지역10번출구,126.9742878403268662_37.5365230850403009,1020025601,삼각지역교차로,126.9741286309340893_37.5356441095230551,100.0,45.0,원활,126.9741286309340893_37.5356441095230551|126.9742144475380172_37.5358076529602371|126.9742840895532794_37.5360223351451125|126.9743213281359431_37.5362712689839313|126.9742979653557313_37.5364679009623998|126.9742878403268662_37.5365230850403009
2026-09-04T06:42:24.849833+09:00,용리단길,용리단길,POI076,KEY_3,1020041600,이태원로,1020024900,삼각지역13번출구,126.9749769084332343_37.5349767961125238,1020024700,삼각지역7번출구,126.9735399131187421_37.5350043003819138,133.0,31.0,원활,126.9735399131187421_37.5350043003819138|126.9737871420369544_37.5350683590055922|126.9740745093847494_37.5351141932787655|126.9743259590357241_37.5351428549854020|126.9744936004149025_37.5351390773759803|126.9746804090904675_37.5351124173200219|126.9749769084332343_37.5349767961125238
2026-09-04T06:42:24.849833+09:00,용리단길,용리단길,POI076,KEY_3,1020042000,한강대로,1020025100,삼각지역7번출구,126.9734329393310475_37.5350708801419586,1020025800,삼각지역8번출구,126.9732142110164972_37.5358680244183063,99.0,30.5,원활,126.9732142110164972_37.5358680244183063|126.9733594327573485_37.5358059269681803|126.9734228796811522_37.5357567484317087|126.9734612351895180_37.5356518652658693|126.9734828450604738_37.5354935787201356|126.9734805099240447_37.5353238449836439|126.9734329393310475_37.5350708801419586
2026-09-04T06:42:24.849833+09:00,용리단길,용리단길,POI076,KEY_3,1020042700,한강대로,1020026100,삼각지역10번출구,126.9742878403268662_37.5365230850403009,1020025200,삼각지역(서울6호선),126.9750592746409410_37.5350627473837051,177.0,33.0,원활,126.9750592746409410_37.5350627473837051|126.9748767335852051_37.5352726571772237|126.9747904745872802_37.5354004160112282|126.9747233793208210_37.5355186435926313|126.9746634608651732_37.5356559432532677|126.9746035202002048_37.5358580851873924|126.9744788894439296_37.5361422194916159|126.9743662656054255_37.5363310006673174|126.9742878403268662_37.5365230850403009
2026-09-04T06:42:24.849833+09:00,용리단길,용리단길,POI076,KEY_3,1020043000,백범로,1020025900,삼각지역9번출구,126.9732648398461947_37.5359683460905913,1020026300,삼각지역10번출구,126.9741534931197577_37.5365074530867560,106.0,24.0,서행,126.9741534931197577_37.5365074530867560|126.9740836590516437_37.5363538243993915|126.9739256446785731_37.5362145697140122|126.9738011461972036_37.5361115577945768|126.9736574773157685_37.5360428695899984|126.9734563275352457_37.5359856101105933|126.9732648398461947_37.5359683460905913
2026-09-04T06:42:24.849833+09:00,용리단길,용리단길,POI076,KEY_3,1020043101,백범로,1020025800,삼각지역8번출구,126.9732142110164972_37.5358680244183063,1020037902,삼각지고가차도(동측),126.9728791096191856_37.5359752795594801,32.0,19.3,서행,126.9728791096191856_37.5359752795594801|126.9732142110164972_37.5358680244183063
2026-09-04T06:42:24.849833+09:00,용리단길,용리단길,POI076,KEY_3,1020043201,백범로,1020037901,삼각지고가차도(동측),126.9729282965810881_37.5360760482562767,1020025900,삼각지역9번출구,126.9732648398461947_37.5359683460905913,32.0,34.0,원활,126.9732648398461947_37.5359683460905913|126.9729282965810881_37.5360760482562767
2026-09-04T06:42:24.849833+09:00,용리단길,용리단길,POI076,KEY_3,1020056901,한강대로,1020016804,전자상가입구교차로,126.9682403944276103_37.5296494232954956,1020041504,용산우체국,126.9687693600408522_37.5301748910193922,75.0,9.0,정체,126.9687693600408522_37.5301748910193922|126.9682403944276103_37.5296494232954956
2026-09-04T06:42:24.849833+09:00,용리단길,용리단길,POI076,KEY_3,1020057001,한강대로,1020041503,용산우체국,126.9688709856765172_37.5301100058853052,1020016801,전자상가입구교차로,126.9683459865975124_37.5295827397858162,75.0,26.0,원활,126.9683459865975124_37.5295827397858162|126.9688709856765172_37.5301100058853052
2026-09-04T06:42:24.849833+09:00,용리단길,용리단길,POI076,KEY_3,1020057501,한강대로,1020058400,한강로1가 228-1,126.9732120555661368_37.5348400238888473,1020025100,삼각지역7번출구,126.9734329393310475_37.5350708801419586,32.0,51.0,원활,126.9734329393310475_37.5350708801419586|126.9732120555661368_37.5348400238888473
2026-09-04T06:42:24.849833+09:00,용리단길,용리단길,POI076,KEY_3,1020057601,한강대로,1020071700,한강로2가 140-1,126.9691516325622445_37.5304124021685297,1020041502,용산우체국,126.9689326562372713_37.5301754205949933,33.0,44.0,원활,126.9689326562372713_37.5301754205949933|126.9691516325622445_37.5304124021685297
2026-09-04T06:42:24.849833+09:00,이태원 앤틱가구거리,이태원 앤틱가구거리,POI077,KEY_4,1020006703,장문로,1020015404,우루과이대사관저,126.9926471421809993_37.5283649653095139,1020016400,동빙고동 7-38,126.9918491226028294_37.5291270683586760,110.0,28.0,원활,126.9918491226028294_37.5291270683586760|126.9926471421809993_37.5283649653095139
2026-09-04T06:42:24.849833+09:00,이태원 앤틱가구거리,이태원 앤틱가구거리,POI077,KEY_4,1020006803,장문로,1020017000,용산동4가 19-6,126.9913885945213963_37.5298136745927096,1020015401,우루과이대사관저,126.9927514049631014_37.5284342120850951,195.0,29.0,원활,126.9927514049631014_37.5284342120850951|126.9919533858600289_37.5291963156843167|126.9913885945213963_37.5298136745927096
2026-09-04T06:42:24.849833+09:00,이태원 앤틱가구거리,이태원 앤틱가구거리,POI077,KEY_4,1020007203,녹사평대로,1020017000,용산동4가 19-6,126.9913885945213963_37.5298136745927096,1020016601,동빙고동 10-11,126.9914492657646008_37.5294521431013095,40.0,37.0,원활,126.9914492657646008_37.5294521431013095|126.9913885945213963_37.5298136745927096
2026-09-04T06:42:24.849833+09:00,이태원 앤틱가구거리,이태원 앤틱가구거리,POI077,KEY_4,1020007501,보광로,1020044300,보광동 238-66,126.9969332242469591_37.5301241606732958,1020018102,한국폴리텍1대학(정수캠퍼스),126.9967407762806317_37.5303074430734185,27.0,22.0,서행,126.9967407762806317_37.5303074430734185|126.9969332242469591_37.5301241606732958
2026-09-04T06:42:24.849833+09:00,이태원 앤틱가구거리,이태원 앤틱가구거리,POI077,KEY_4,1020007502,보광로,1020054000,이태원동 92-5,126.9952221008180402_37.5312991493789170,1020020003,예림가구전시장,126.9950410040469677_37.5314672212576141,25.0,18.0,서행,126.9950410040469677_37.5314672212576141|126.9952221008180402_37.5312991493789170
2026-09-04T06:42:24.849833+09:00,이태원 앤틱가구거리,이태원 앤틱가구거리,POI077,KEY_4,1020007602,보광로,1020109400,이태원동 21-5,126.9954404860053501_37.5312782549612436,1020018104,한국폴리텍1대학(정수캠퍼스),126.9967076176607605_37.5304630978737350,145.0,25.0,원활,126.9967076176607605_37.5304630978737350|126.9965855293846175_37.5305326888168906|126.9964251122166132_37.5305994203464621|126.9959926204144836_37.5308464907872477|126.9954404860053501_37.5312782549612436
2026-09-04T06:42:24.849833+09:00,이태원 앤틱가구거리,이태원 앤틱가구거리,POI077,KEY_4,1020008700,녹사평대로26길,1020126500,이태원동 22-50,126.9931660545729102_37.5317363258551211,1020020004,예림가구전시장,126.9949764416404889_37.5315738302358213,165.0,23.0,서행,126.9949764416404889_37.5315738302358213|126.9948202137049975_37.5315700528863516|126.9941705583955240_37.5315213703374440|126.9937565109327267_37.5315396683323783|126.9932035616774613_37.5317280200552048|126.9931660545729102_37.5317363258551211
2026-09-04T06:42:24.849833+09:00,이태원 앤틱가구거리,이태원 앤틱가구거리,POI077,KEY_4,1020008800,녹사평대로26길,1020020003,예림가구전시장,126.9950410040469677_37.5314672212576141,1020018201,찬우물삼거리,126.9914707840366219_37.5305236841626382,422.0,18.0,서행,126.9914707840366219_37.5305236841626382|126.9915775990819213_37.5309419173485210|126.9916711574009298_37.5313082400227600|126.9917600905127557_37.5314454930900681|126.9917753022259319_37.5314618320030959|126.9919517327942486_37.5316513355474726|126.9921092617922511_37.5317812903834565|126.9921946495817480_37.5318190759416268|126.9922696900252816_37.5318225965842629|126.9931296829365266_37.5316321581035055|126.9931584811932765_37.5316257808370324|126.9937251084692917_37.5314327691697116|126.9941731712468425_37.5314129682954984|126.9948286419663361_37.5314620871703255|126.9950410040469677_37.5314672212576141
2026-09-04T06:42:24.849833+09:00,이태원 앤틱가구거리,이태원 앤틱가구거리,POI077,KEY_4,1020008901,녹사평대로,1020016602,용산동4가 19-2,126.9913146151955772_37.5294383407276726,1020022202,이태원지하차도(남측),126.9891497327059682_37.5328152235285657,424.0,53.0,원활,126.9891497327059682_37.5328152235285657|126.9896909605636353_37.5320547926819827|126.9899673314355084_37.5316664817415955|126.9908595519634815_37.5304271853298275|126.9909277275987449_37.5303324863214343|126.9911621302299807_37.5299710321997324|126.9912583492032780_37.5297864854106820|126.9913146151955772_37.5294383407276726
2026-09-04T06:42:24.849833+09:00,이태원 앤틱가구거리,이태원 앤틱가구거리,POI077,KEY_4,1020009001,녹사평대로,1020018000,용산동4가 19-6,126.9909773297691800_37.5304809634511045,1020017000,용산동4가 19-6,126.9913885945213963_37.5298136745927096,83.0,30.0,원활,126.9913885945213963_37.5298136745927096|126.9912856241119101_37.5300162220987090|126.9910469864938420_37.5303842075015055|126.9909773297691800_37.5304809634511045
2026-09-04T06:42:24.849833+09:00,이태원 앤틱가구거리,이태원 앤틱가구거리,POI077,KEY_4,1020009002,녹사평대로,1020143500,이태원동 34-126,126.9898090601809457_37.5321081021588725,1020018000,용산동4가 19-6,126.9909773297691800_37.5304809634511045,208.0,30.0,원활,126.9909773297691800_37.5304809634511045|126.9900852768915342_37.5317200300991516|126.9898090601809457_37.5321081021588725
2026-09-04T06:42:24.849833+09:00,이태원 앤틱가구거리,이태원 앤틱가구거리,POI077,KEY_4,1020009500,보광로,1020157400,이태원동 131-33,126.9940373387562431_37.5339474192291860,1020003103,이태원역앞교차로,126.9938722101036319_37.5344410134072106,57.0,23.0,서행,126.9938722101036319_37.5344410134072106|126.9939255349719502_37.5342547060894063|126.9940373387562431_37.5339474192291860
2026-09-04T06:42:24.849833+09:00,이태원 앤틱가구거리,이태원 앤틱가구거리,POI077,KEY_4,1020009600,보광로,1020067700,이태원동 96-7,126.9950341855753067_37.5317612306550714,1020020001,예림가구전시장,126.9951044639607147_37.5316098203141806,18.0,20.0,서행,126.9951044639607147_37.5316098203141806|126.9950439807781066_37.5317462713097711|126.9950341855753067_37.5317612306550714
2026-09-04T06:42:24.849833+09:00,이태원 앤틱가구거리,이태원 앤틱가구거리,POI077,KEY_4,1020010701,이태원로,1020109600,이태원동 119-23,126.9934065376017003_37.5345186269656637,1020003104,이태원역앞교차로,126.9938609433052790_37.5345487608536530,40.0,30.0,원활,126.9938609433052790_37.5345487608536530|126.9934065376017003_37.5345186269656637
2026-09-04T06:42:24.849833+09:00,이태원 앤틱가구거리,이태원 앤틱가구거리,POI077,KEY_4,1020011101,이태원로,1020167100,이태원동 119-23,126.9944655556111286_37.5345901775849882,1020024204,이태원소방파출소,126.9954968238074144_37.5346610574196760,91.0,4.0,정체,126.9954968238074144_37.5346610574196760|126.9944655556111286_37.5345901775849882
2026-09-04T06:42:24.849833+09:00,이태원 앤틱가구거리,이태원 앤틱가구거리,POI077,KEY_4,1020011102,이태원로,1020024201,이태원소방파출소,126.9956371857134911_37.5346703540578233,1020025304,이태원호텔앞교차로,126.9986418686788028_37.5352583937875650,280.0,16.0,서행,126.9986418686788028_37.5352583937875650|126.9984212314769110_37.5351188313605419|126.9982335515615830_37.5350249822649857|126.9980583342124731_37.5349517245471205|126.9978393040948390_37.5348749734958176|126.9976622321914590_37.5348302588598415|126.9974202076542866_37.5347917072044979|126.9972001370625776_37.5347636612448596|126.9968571305746536_37.5347459155125946|126.9956371857134911_37.5346703540578233
2026-09-04T06:42:24.849833+09:00,이태원 앤틱가구거리,이태원 앤틱가구거리,POI077,KEY_4,1020011201,이태원로,1020024203,이태원소방파출소,126.9955363307621354_37.5345552498172168,1020003102,이태원역앞교차로,126.9940088155564695_37.5344502604877519,136.0,16.0,서행,126.9940088155564695_37.5344502604877519|126.9944772309336969_37.5344824577926843|126.9955363307621354_37.5345552498172168
2026-09-04T06:42:24.849833+09:00,이태원 앤틱가구거리,이태원 앤틱가구거리,POI077,KEY_4,1020011202,이태원로,1020025303,이태원호텔앞교차로,126.9987263153591641_37.5351737312984781,1020024202,이태원소방파출소,126.9956725121214589_37.5345640956228834,285.0,33.0,원활,126.9956725121214589_37.5345640956228834|126.9968667962878328_37.5346380677732867|126.9972152987085821_37.5346560983237794|126.9974442596476365_37.5346852761054279|126.9976961690244082_37.5347254028548534|126.9978873030321580_37.5347736685373405|126.9981173019449585_37.5348542624446893|126.9983013090689639_37.5349311962862444|126.9984997949651415_37.5350304478139734|126.9987263153591641_37.5351737312984781
2026-09-04T06:42:24.849833+09:00,이태원 앤틱가구거리,이태원 앤틱가구거리,POI077,KEY_4,1020031700,장문로,1020016400,동빙고동 7-38,126.9918491226028294_37.5291270683586760,1020015600,동빙고동 10-14,126.9915275433903332_37.5289205865966622,55.0,24.0,서행,126.9915275433903332_37.5289205865966622|126.9915229865147097_37.5290693722826134|126.9915463187575710_37.5291331423484351|126.9916078646116802_37.5291730890426720|126.9916734434981862_37.5291949294596705|126.9917616927946113_37.5291801123692821|126.9918491226028294_37.5291270683586760
2026-09-04T06:42:24.849833+09:00,이태원 앤틱가구거리,이태원 앤틱가구거리,POI077,KEY_4,1020032200,장문로,1020016400,동빙고동 7-38,126.9918491226028294_37.5291270683586760,1020016601,동빙고동 10-11,126.9914492657646008_37.5294521431013095,51.0,26.0,원활,126.9914492657646008_37.5294521431013095|126.9915150568015036_37.5293606619443736|126.9916607489244882_37.5292748176774964|126.9918491226028294_37.5291270683586760
2026-09-04T06:42:24.849833+09:00,이태원 앤틱가구거리,이태원 앤틱가구거리,POI077,KEY_4,1020034300,녹사평대로26길,1020018201,찬우물삼거리,126.9914707840366219_37.5305236841626382,1020017000,용산동4가 19-6,126.9913885945213963_37.5298136745927096,80.0,8.0,정체,126.9913885945213963_37.5298136745927096|126.9913442513651489_37.5300294341915617|126.9914164198635405_37.5303478209552139|126.9914707840366219_37.5305236841626382
2026-09-04T06:42:24.849833+09:00,이태원 앤틱가구거리,이태원 앤틱가구거리,POI077,KEY_4,1020034600,녹사평대로26길,1020018000,용산동4가 19-6,126.9909773297691800_37.5304809634511045,1020018202,찬우물삼거리,126.9913377452865575_37.5305452345433466,46.0,16.0,서행,126.9913377452865575_37.5305452345433466|126.9913156669195189_37.5304568149457580|126.9912955967890156_37.5304265497298886|126.9912791792530129_37.5304108710930961|126.9912378720889734_37.5303937039575430|126.9911893806270911_37.5303879789905181|126.9911408868570533_37.5303922668328198|126.9909773297691800_37.5304809634511045
2026-09-04T06:42:24.849833+09:00,이태원 앤틱가구거리,이태원 앤틱가구거리,POI077,KEY_4,1020035000,우사단로,1020018104,한국폴리텍1대학(정수캠퍼스),126.9967076176607605_37.5304630978737350,1020019603,보광초교,126.9966145408362621_37.5313514395482102,99.0,14.5,정체,126.9966145408362621_37.5313514395482102|126.9966499743015476_37.5311273272665034|126.9967023749042738_37.5306467090184555|126.9967047488624701_37.5306249349299250|126.9967076176607605_37.5304630978737350
2026-09-04T06:42:24.849833+09:00,이태원 앤틱가구거리,이태원 앤틱가구거리,POI077,KEY_4,1020035100,우사단로,1020144400,보광동 273-5,126.9968376292760581_37.5306560616211087,1020018101,한국폴리텍1대학(정수캠퍼스),126.9968449244348392_37.5303768014874137,31.0,21.0,서행,126.9968449244348392_37.5303768014874137|126.9968404290553678_37.5306303815874926|126.9968376292760581_37.5306560616211087
2026-09-04T06:42:24.849833+09:00,이태원 앤틱가구거리,이태원 앤틱가구거리,POI077,KEY_4,1020035700,우사단로10길,1020080000,보광동 264-84,126.9972966635901486_37.5314815655202878,1020019602,보광초교,126.9967492421036752_37.5313649465956800,50.0,4.0,정체,126.9967492421036752_37.5313649465956800|126.9969468538200061_37.5314042959198702|126.9970665124913864_37.5314510113661299|126.9972966635901486_37.5314815655202878
2026-09-04T06:42:24.849833+09:00,이태원 앤틱가구거리,이태원 앤틱가구거리,POI077,KEY_4,1020035800,우사단로10길,1020063700,이태원동 137-71,126.9973461434624795_37.5330913789416840,1020021402,보광초등학교,126.9956899673288291_37.5330078219414247,149.0,20.0,서행,126.9956899673288291_37.5330078219414247|126.9957471709841883_37.5330071120154045|126.9959092532463245_37.5329895166849070|126.9959908705287717_37.5329962436548925|126.9967100332990952_37.5331265163957823|126.9968007706584103_37.5331409709456594|126.9970508064429566_37.5331553276982532|126.9970573683931434_37.5331539068610311|126.9973461434624795_37.5330913789416840
2026-09-04T06:42:24.849833+09:00,이태원 앤틱가구거리,이태원 앤틱가구거리,POI077,KEY_4,1020037200,우사단로,1020019604,보광초교,126.9965895979005239_37.5314169517780911,1020021403,보광초등학교,126.9955478948623835_37.5330095850120031,200.0,10.0,정체,126.9955478948623835_37.5330095850120031|126.9955854463118499_37.5329070733362755|126.9956459380082094_37.5327986977635888|126.9960112393039111_37.5322685994321645|126.9965895979005239_37.5314169517780911
2026-09-04T06:42:24.849833+09:00,이태원 앤틱가구거리,이태원 앤틱가구거리,POI077,KEY_4,1020037300,우사단로,1020021402,보광초등학교,126.9956899673288291_37.5330078219414247,1020019601,보광초교,126.9967090173040560_37.5314683853719586,193.0,16.0,서행,126.9967090173040560_37.5314683853719586|126.9961304606680130_37.5323203253718063|126.9957676933582462_37.5328467489747055|126.9957132225621166_37.5329443380426113|126.9956899673288291_37.5330078219414247
2026-09-04T06:42:24.849833+09:00,이태원 앤틱가구거리,이태원 앤틱가구거리,POI077,KEY_4,1020039700,우사단로,1020063400,이태원동 137-23,126.9955993093615803_37.5340288073665604,1020024203,이태원소방파출소,126.9955363307621354_37.5345552498172168,59.0,16.0,서행,126.9955363307621354_37.5345552498172168|126.9955674338379481_37.5344291020757268|126.9956003436716969_37.5340381328912898|126.9955993093615803_37.5340288073665604
2026-09-04T06:42:24.849833+09:00,이태원 앤틱가구거리,이태원 앤틱가구거리,POI077,KEY_4,1020039800,우사단로,1020127900,이태원동 137-23,126.9956810738919017_37.5335371339901727,1020021401,보광초등학교,126.9956544097363604_37.5331163963296177,47.0,8.0,정체,126.9956544097363604_37.5331163963296177|126.9956431779321804_37.5331593197407258|126.9956452666882569_37.5332142943968208|126.9956810738919017_37.5335371339901727
2026-09-04T06:42:24.849833+09:00,이태원 앤틱가구거리,이태원 앤틱가구거리,POI077,KEY_4,1020041900,이태원로27길,1020091300,이태원동 111-5,126.9942746628349681_37.5355070255918761,1020024201,이태원소방파출소,126.9956371857134911_37.5346703540578233,170.0,18.5,서행,126.9956371857134911_37.5346703540578233|126.9955842562411448_37.5347850178568478|126.9954134054469819_37.5350706997723336|126.9953750142490776_37.5351183002557249|126.9952378837399039_37.5352883250498763|126.9951738511499997_37.5353312605409712|126.9950719982470559_37.5353558347332807|126.9945933761089663_37.5353577392293118|126.9945100556674760_37.5353687933671125|126.9944205701082751_37.5354092765412304|126.9942746628349681_37.5355070255918761
2026-09-04T06:42:24.849833+09:00,익선동,익선동,POI116,KEY_1,1000000503,종로,1000009101,종각지하쇼핑센터,126.9858227292488380_37.5702608423529298,1000008504,종로2가교차로,126.9876156819137520_37.5702574924147754,158.0,26.5,원활,126.9876156819137520_37.5702574924147754|126.9871453036203235_37.5702428823229511|126.9869246551587310_37.5702458796709990|126.9858227292488380_37.5702608423529298
2026-09-04T06:42:24.849833+09:00,익선동,익선동,POI116,KEY_1,1000001101,종로,1000112300,종로2가 34-2,126.9887450442138999_37.5703039837526021,1000009404,육의전박물관,126.9893556006803266_37.5703370254621802,54.0,15.0,서행,126.9893556006803266_37.5703370254621802|126.9887450442138999_37.5703039837526021
2026-09-04T06:42:24.849833+09:00,익선동,익선동,POI116,KEY_1,1000001102,종로,1000009401,육의전박물관,126.9894911528416657_37.5703440400947173,1000009804,종로3가사거리,126.9920644385376676_37.5704709834989146,228.0,21.0,서행,126.9920644385376676_37.5704709834989146|126.9894911528416657_37.5703440400947173
2026-09-04T06:42:24.849833+09:00,익선동,익선동,POI116,KEY_1,1000001201,종로,1000151200,종로2가 34-2,126.9885296395007401_37.5701839568255025,1000008502,종로2가교차로,126.9877530838436002_37.5701530192531123,69.0,40.0,원활,126.9877530838436002_37.5701530192531123|126.9881077158716209_37.5701611205547650|126.9885296395007401_37.5701839568255025
2026-09-04T06:42:24.849833+09:00,익선동,익선동,POI116,KEY_1,1000001202,종로,1000009803,종로3가사거리,126.9920772085238099_37.5703632864036052,1000009402,육의전박물관,126.9894997373196901_37.5702361366249775,228.0,19.0,서행,126.9894997373196901_37.5702361366249775|126.9920772085238099_37.5703632864036052
2026-09-04T06:42:24.849833+09:00,익선동,익선동,POI116,KEY_1,1000001501,종로,1000009801,종로3가사거리,126.9922000608216308_37.5704778715046643,1000010004,종묘공원,126.9937102608658108_37.5705569291297934,134.0,28.0,원활,126.9937102608658108_37.5705569291297934|126.9932582925197551_37.5705332710333550|126.9922000608216308_37.5704778715046643
2026-09-04T06:42:24.849833+09:00,익선동,익선동,POI116,KEY_1,1000001601,종로,1000161000,종로3가 45-4,126.9932672065188228_37.5704253845720260,1000009802,종로3가사거리,126.9922128288669825_37.5703701868235100,93.0,19.0,서행,126.9922128288669825_37.5703701868235100|126.9932672065188228_37.5704253845720260
2026-09-04T06:42:24.849833+09:00,익선동,익선동,POI116,KEY_1,1000003900,삼일대로,1000151000,관철동 268,126.9876175548289154_37.5696044234772373,1000008503,종로2가교차로,126.9876172549084856_37.5701493398525912,60.0,30.0,원활,126.9876172549084856_37.5701493398525912|126.9876175548289154_37.5696044234772373
2026-09-04T06:42:24.849833+09:00,익선동,익선동,POI116,KEY_1,1000004602,돈화문로,1000009802,종로3가사거리,126.9922128288669825_37.5703701868235100,1000001601,청계3가사거리,126.9924197004040280_37.5685221720677589,206.0,18.0,서행,126.9924197004040280_37.5685221720677589|126.9923429257738547_37.5692728725519558|126.9923404394218522_37.5692938442209439|126.9922128288669825_37.5703701868235100
2026-09-04T06:42:24.849833+09:00,익선동,익선동,POI116,KEY_1,1000006901,삼일대로,1000097800,종로2가 37-5,126.9875962641486211_37.5709195815897914,1000011503,탑골공원,126.9875919368493555_37.5710671282627970,16.0,9.0,정체,126.9875919368493555_37.5710671282627970|126.9875962641486211_37.5709195815897914
2026-09-04T06:42:24.849833+09:00,익선동,익선동,POI116,KEY_1,1000006902,삼일대로,1000011504,탑골공원,126.9875885367710850_37.5711969434470845,1000002703,낙원상가앞교차로,126.9877290762876498_37.5725675824815539,153.0,28.0,원활,126.9877290762876498_37.5725675824815539|126.9876077446882761_37.5718586900303819|126.9876046271510717_37.5718404753162005|126.9875832438491017_37.5716846738898411|126.9875802081556628_37.5715262335702747|126.9875885367710850_37.5711969434470845
2026-09-04T06:42:24.849833+09:00,익선동,익선동,POI116,KEY_1,1000007001,삼일대로,1000011502,탑골공원,126.9877277365820021_37.5710696514502871,1000008501,종로2가교차로,126.9877514470551745_37.5702611458311253,90.0,14.0,정체,126.9877514470551745_37.5702611458311253|126.9877320636178837_37.5709221047709576|126.9877277365820021_37.5710696514502871
2026-09-04T06:42:24.849833+09:00,익선동,익선동,POI116,KEY_1,1000007002,삼일대로,1000231900,낙원동 300,126.9877423391079816_37.5718440957152282,1000011501,탑골공원,126.9877243457566749_37.5711991196512258,72.0,18.0,서행,126.9877243457566749_37.5711991196512258|126.9877160657086677_37.5715264973604235|126.9877189692615218_37.5716779639602692|126.9877394652978211_37.5718273051350025|126.9877423391079816_37.5718440957152282
2026-09-04T06:42:24.849833+09:00,익선동,익선동,POI116,KEY_1,1000007100,돈화문로,1000145800,묘동 20-5,126.9916684242814142_37.5719817889873724,1000013303,묘동사거리,126.9914801613035706_37.5725495704926047,65.0,19.0,서행,126.9914801613035706_37.5725495704926047|126.9916684242814142_37.5719817889873724
2026-09-04T06:42:24.849833+09:00,익선동,익선동,POI116,KEY_1,1000007200,돈화문로,1000059400,묘동 20-5,126.9921535095209890_37.5708464956724839,1000009801,종로3가사거리,126.9922000608216308_37.5704778715046643,41.0,17.0,서행,126.9922000608216308_37.5704778715046643|126.9921602362403092_37.5708137185849509|126.9921535095209890_37.5708464956724839
2026-09-04T06:42:24.849833+09:00,익선동,익선동,POI116,KEY_1,1000007701,수표로,1000106600,낙원동 289-3,126.9883777088764134_37.5725004488943028,1000002702,낙원상가앞교차로,126.9878647790248039_37.5725594585001090,46.0,5.0,정체,126.9878647790248039_37.5725594585001090|126.9880935169872345_37.5725337359327440|126.9883777088764134_37.5725004488943028
2026-09-04T06:42:24.849833+09:00,익선동,익선동,POI116,KEY_1,1000007702,돈화문로11길,1000068900,돈의동 57-1,126.9912130015799931_37.5725417718704406,1000013202,낙원상가,126.9887726506805734_37.5725199901669740,216.0,6.0,정체,126.9887726506805734_37.5725199901669740|126.9890905413929829_37.5725122858835405|126.9899620366305442_37.5725242512319468|126.9911899638886581_37.5725410993520086|126.9912130015799931_37.5725417718704406
2026-09-04T06:42:24.849833+09:00,익선동,익선동,POI116,KEY_1,1000007801,수표로,1000002701,낙원상가앞교차로,126.9878820470942031_37.5726667101081873,1000013204,낙원상가,126.9885864658241559_37.5726052162671280,63.0,14.0,정체,126.9885864658241559_37.5726052162671280|126.9885704603793926_37.5726001837020931|126.9884924360897003_37.5725962946357583|126.9883974861043612_37.5726074163225974|126.9881129079827673_37.5726407490651368|126.9878820470942031_37.5726667101081873
2026-09-04T06:42:24.849833+09:00,익선동,익선동,POI116,KEY_1,1000010301,삼일대로,1000002704,낙원상가앞교차로,126.9877465559183491_37.5726754784849746,1000014603,종로세무서,126.9876475861341873_37.5734674544711638,90.0,28.0,원활,126.9876475861341873_37.5734674544711638|126.9877122277218575_37.5733420920681738|126.9877432310391328_37.5732524039509244|126.9877661225475407_37.5731477197251849|126.9877805546539236_37.5730078030122741|126.9877748051182778_37.5728630584769832|126.9877465559183491_37.5726754784849746
2026-09-04T06:42:24.849833+09:00,익선동,익선동,POI116,KEY_1,1000010302,삼일대로,1000014604,종로세무서,126.9875929656630689_37.5735672823235660,1000017003,속성변화점,126.9867672620100478_37.5750673701046694,182.0,33.0,원활,126.9867672620100478_37.5750673701046694|126.9868378748170556_37.5748639419944581|126.9869048219416783_37.5747337421937573|126.9870805066234283_37.5744388641803369|126.9875929656630689_37.5735672823235660
2026-09-04T06:42:24.849833+09:00,익선동,익선동,POI116,KEY_1,1000010401,삼일대로,1000014602,종로세무서,126.9877657603728665_37.5735230393018043,1000002701,낙원상가앞교차로,126.9878820470942031_37.5726667101081873,97.0,11.0,정체,126.9878820470942031_37.5726667101081873|126.9879103891225185_37.5728549004152583|126.9879165707175304_37.5730105263044507|126.9879010050845238_37.5731614404618881|126.9878759387023734_37.5732760696720760|126.9878410192205536_37.5733770856293887|126.9877657603728665_37.5735230393018043
2026-09-04T06:42:24.849833+09:00,익선동,익선동,POI116,KEY_1,1000010402,삼일대로,1000017002,덕성여자대학교(종로캠퍼스),126.9868982009082004_37.5750961619411754,1000014601,종로세무서,126.9877103801226923_37.5736226701394358,179.0,21.0,서행,126.9877103801226923_37.5736226701394358|126.9872033965909139_37.5744849400199143|126.9870291458476430_37.5747774127157186|126.9869666594706388_37.5748989374009099|126.9868982009082004_37.5750961619411754
2026-09-04T06:42:24.849833+09:00,익선동,익선동,POI116,KEY_1,1000010701,돈화문로,1000013304,묘동사거리,126.9914460123658273_37.5726567658355961,1000016403,종로1가2가3가4가동주민센터,126.9909224401901895_37.5743944453165497,198.0,22.0,서행,126.9909224401901895_37.5743944453165497|126.9909947931414820_37.5741499222926407|126.9912406256384259_37.5733190978606615|126.9914460123658273_37.5726567658355961
2026-09-04T06:42:24.849833+09:00,익선동,익선동,POI116,KEY_1,1000010702,돈화문로,1000106400,와룡동 75-4,126.9908241009990917_37.5747256213886658,1000018603,한겨레신문(종로지국),126.9905629465608996_37.5756044925587815,100.0,30.0,원활,126.9905629465608996_37.5756044925587815|126.9908241009990917_37.5747256213886658
2026-09-04T06:42:24.849833+09:00,익선동,익선동,POI116,KEY_1,1000010801,돈화문로,1000174700,묘동 141-2,126.9911270176696547_37.5741747070514336,1000013301,묘동사거리,126.9915850849808550_37.5726594865675594,173.0,32.5,원활,126.9915850849808550_37.5726594865675594|126.9913726822985893_37.5733444453639649|126.9911270176696547_37.5741747070514336
2026-09-04T06:42:24.849833+09:00,익선동,익선동,POI116,KEY_1,1000010802,돈화문로,1000106300,와룡동 75-4,126.9909562970876493_37.5747505051657669,1000016401,종로1가2가3가4가동주민센터,126.9910234246664515_37.5745245938365429,26.0,32.0,원활,126.9910234246664515_37.5745245938365429|126.9909562970876493_37.5747505051657669
2026-09-04T06:42:24.849833+09:00,익선동,익선동,POI116,KEY_1,1000010803,돈화문로,1000021402,창덕궁앞교차로,126.9901841383139782_37.5773932267385504,1000018601,한겨레신문(종로지국),126.9906634515929795_37.5757350308395957,189.0,27.0,원활,126.9906634515929795_37.5757350308395957|126.9903062505280644_37.5769154241969332|126.9902695786729083_37.5770589150526817|126.9901841383139782_37.5773932267385504
2026-09-04T06:42:24.849833+09:00,익선동,익선동,POI116,KEY_1,1000022600,수표로,1000108100,관수동 14-2,126.9894314284546084_37.5692594329428573,1000009403,육의전박물관,126.9893641825799904_37.5702291213036688,108.0,10.0,정체,126.9893641825799904_37.5702291213036688|126.9894314284546084_37.5692594329428573
2026-09-04T06:42:24.849833+09:00,익선동,익선동,POI116,KEY_1,1000026300,수표로,1000088800,낙원동 214-2,126.9891520373242599_37.5714620463629885,1000013203,낙원상가,126.9886363744601709_37.5725046593449861,125.0,7.0,정체,126.9886363744601709_37.5725046593449861|126.9886756986303311_37.5724041634539745|126.9889329320732685_37.5720063300465839|126.9889913902188567_37.5719048429175331|126.9890287759369585_37.5718372348224108|126.9891150600059291_37.5715912496210365|126.9891345581447979_37.5715356626058892|126.9891520373242599_37.5714620463629885
2026-09-04T06:42:24.849833+09:00,익선동,익선동,POI116,KEY_1,1000026400,수표로,1000154200,낙원동 175-1,126.9894625707901525_37.5706502295039755,1000009401,육의전박물관,126.9894911528416657_37.5703440400947173,34.0,9.0,정체,126.9894911528416657_37.5703440400947173|126.9894662327657073_37.5706215014400087|126.9894625707901525_37.5706502295039755
2026-09-04T06:42:24.849833+09:00,익선동,익선동,POI116,KEY_1,1000026900,인사동길,1000011503,탑골공원,126.9875919368493555_37.5710671282627970,1000013403,인사동사거리,126.9865006613109273_37.5725411334574346,194.0,19.5,서행,126.9865006613109273_37.5725411334574346|126.9868138272171620_37.5719423831850889|126.9870930380756420_37.5714807558390476|126.9872417374784419_37.5712905430838973|126.9874380393046636_37.5711449542964360|126.9875919368493555_37.5710671282627970
2026-09-04T06:42:24.849833+09:00,익선동,익선동,POI116,KEY_1,1000028300,서순라길,1000179700,묘동 164-2,126.9918986546224602_37.5725528238137017,1000013302,묘동사거리,126.9916200024151749_37.5725515277908357,25.0,12.0,정체,126.9916200024151749_37.5725515277908357|126.9918986546224602_37.5725528238137017
2026-09-04T06:42:24.849833+09:00,익선동,익선동,POI116,KEY_1,1000028800,인사동길,1000002703,낙원상가앞교차로,126.9877290762876498_37.5725675824815539,1000013402,인사동사거리,126.9866260678605698_37.5725826871621464,97.0,5.0,정체,126.9866260678605698_37.5725826871621464|126.9877290762876498_37.5725675824815539
2026-09-04T06:42:24.849833+09:00,익선동,익선동,POI116,KEY_1,1000030100,인사동4길,1000014603,종로세무서,126.9876475861341873_37.5734674544711638,1000013902,인사동사거리,126.9863347930561730_37.5729914707874855,128.0,4.0,정체,126.9863347930561730_37.5729914707874855|126.9865778431354215_37.5730765437080692|126.9871483595308064_37.5732762343743687|126.9875049026030922_37.5734010287094193|126.9876475861341873_37.5734674544711638
2026-09-04T06:42:24.849833+09:00,익선동,익선동,POI116,KEY_1,1000030200,인사동4길,1000190200,낙원동 280,126.9870936767206047_37.5733752066737097,1000014604,종로세무서,126.9875929656630689_37.5735672823235660,49.0,29.0,원활,126.9875929656630689_37.5735672823235660|126.9874430653368904_37.5734974970765307|126.9870936767206047_37.5733752066737097
2026-09-04T06:42:24.849833+09:00,익선동,익선동,POI116,KEY_1,1000031900,삼일대로30길,1000016403,종로1가2가3가4가동주민센터,126.9909224401901895_37.5743944453165497,1000014602,종로세무서,126.9877657603728665_37.5735230393018043,300.0,10.0,정체,126.9877657603728665_37.5735230393018043|126.9882746610469724_37.5737657051567169|126.9890843013498056_37.5741211801994552|126.9892691286933371_37.5741786634928658|126.9894708395082290_37.5742261685853478|126.9900987751391028_37.5742451717422767|126.9904206259991639_37.5742891136834203|126.9906874025872128_37.5743451108355870|126.9909224401901895_37.5743944453165497
2026-09-04T06:42:24.849833+09:00,익선동,익선동,POI116,KEY_1,1000033700,삼일대로32길,1000225400,익선동 1-2,126.9885198465621414_37.5753772077083354,1000017002,덕성여자대학교(종로캠퍼스),126.9868982009082004_37.5750961619411754,147.0,7.0,정체,126.9868982009082004_37.5750961619411754|126.9876435573690543_37.5752236178379775|126.9880192377179640_37.5752979345582787|126.9885198465621414_37.5753772077083354
2026-09-04T06:42:24.849833+09:00,익선동,익선동,POI116,KEY_1,1000033800,삼일대로32길,1000217900,운니동 44-1,126.9886315479750323_37.5755051337652901,1000018604,한겨레신문(종로지국),126.9905313831492180_37.5757097145699248,170.0,10.0,정체,126.9905313831492180_37.5757097145699248|126.9902144284971968_37.5756583032089253|126.9898011914220319_37.5756393653655252|126.9896790156536639_37.5756303509259837|126.9892762976139409_37.5756006364519877|126.9891382250948197_37.5755697755770228|126.9888125680360531_37.5755337981841890|126.9886315479750323_37.5755051337652901
2026-09-04T06:42:24.849833+09:00,인사동,인사동,POI078,KEY_2,1000000303,종로,1000008703,종로1가사거리,126.9828971865418197_37.5701731264087542,1000007700,종로1가,126.9822109960776402_37.5701758601934444,61.0,8.0,정체,126.9822109960776402_37.5701758601934444|126.9824008620181672_37.5701779915733454|126.9828971865418197_37.5701731264087542
2026-09-04T06:42:24.849833+09:00,인사동,인사동,POI078,KEY_2,1000000403,종로,1000009500,종로1가,126.9822090811274506_37.5702839694386270,1000008704,종로1가사거리,126.9829124807839946_37.5702811035568871,62.0,47.0,원활,126.9829124807839946_37.5702811035568871|126.9824007403594095_37.5702861200097971|126.9822090811274506_37.5702839694386270
2026-09-04T06:42:24.849833+09:00,인사동,인사동,POI078,KEY_2,1000000501,종로,1000008701,종로1가사거리,126.9830485481293891_37.5702800768006568,1000009600,종로1가,126.9837104338048164_37.5702764015435093,58.0,26.0,원활,126.9837104338048164_37.5702764015435093|126.9830485481293891_37.5702800768006568
2026-09-04T06:42:24.849833+09:00,인사동,인사동,POI078,KEY_2,1000000502,종로,1000231500,종로2가 1-2,126.9840871569151233_37.5702743076942411,1000009104,종각지하쇼핑센터,126.9856860459643428_37.5702623526753499,141.0,27.3,원활,126.9856860459643428_37.5702623526753499|126.9846512311403757_37.5702711702886205|126.9844496207387294_37.5702722919640593|126.9840871569151233_37.5702743076942411
2026-09-04T06:42:24.849833+09:00,인사동,인사동,POI078,KEY_2,1000000503,종로,1000009101,종각지하쇼핑센터,126.9858227292488380_37.5702608423529298,1000008504,종로2가교차로,126.9876156819137520_37.5702574924147754,158.0,26.5,원활,126.9876156819137520_37.5702574924147754|126.9871453036203235_37.5702428823229511|126.9869246551587310_37.5702458796709990|126.9858227292488380_37.5702608423529298
2026-09-04T06:42:24.849833+09:00,인사동,인사동,POI078,KEY_2,1000000601,종로,1000007800,종로1가,126.9837094850009294_37.5701682846705296,1000008702,종로1가사거리,126.9830343185050481_37.5701720336345346,60.0,34.0,원활,126.9830343185050481_37.5701720336345346|126.9837094850009294_37.5701682846705296
2026-09-04T06:42:24.849833+09:00,인사동,인사동,POI078,KEY_2,1000000602,종로,1000231400,종로2가 1-2,126.9840862081807984_37.5701661909693030,1000007800,종로1가,126.9837094850009294_37.5701682846705296,33.0,33.0,원활,126.9837094850009294_37.5701682846705296|126.9840862081807984_37.5701661909693030
2026-09-04T06:42:24.849833+09:00,인사동,인사동,POI078,KEY_2,1000000603,종로,1000181900,종로2가 84-11,126.9869223374955283_37.5701377759501440,1000009102,종각지하쇼핑센터,126.9858204131049462_37.5701527379884581,97.0,23.0,서행,126.9858204131049462_37.5701527379884581|126.9869223374955283_37.5701377759501440
2026-09-04T06:42:24.849833+09:00,인사동,인사동,POI078,KEY_2,1000001201,종로,1000151200,종로2가 34-2,126.9885296395007401_37.5701839568255025,1000008502,종로2가교차로,126.9877530838436002_37.5701530192531123,69.0,40.0,원활,126.9877530838436002_37.5701530192531123|126.9881077158716209_37.5701611205547650|126.9885296395007401_37.5701839568255025
2026-09-04T06:42:24.849833+09:00,인사동,인사동,POI078,KEY_2,1000003900,삼일대로,1000151000,관철동 268,126.9876175548289154_37.5696044234772373,1000008503,종로2가교차로,126.9876172549084856_37.5701493398525912,60.0,30.0,원활,126.9876172549084856_37.5701493398525912|126.9876175548289154_37.5696044234772373
2026-09-04T06:42:24.849833+09:00,인사동,인사동,POI078,KEY_2,1000004702,우정국로,1000007200,종로1가,126.9827935302844111_37.5696197701673924,1000008703,종로1가사거리,126.9828971865418197_37.5701731264087542,62.0,36.0,원활,126.9828971865418197_37.5701731264087542|126.9827935302844111_37.5696197701673924
2026-09-04T06:42:24.849833+09:00,인사동,인사동,POI078,KEY_2,1000004802,우정국로,1000008702,종로1가사거리,126.9830343185050481_37.5701720336345346,1000007100,종로1가,126.9829278791696936_37.5696038258341787,64.0,14.0,정체,126.9829278791696936_37.5696038258341787|126.9830343185050481_37.5701720336345346
2026-09-04T06:42:24.849833+09:00,인사동,인사동,POI078,KEY_2,1000006501,우정국로,1000008704,종로1가사거리,126.9829124807839946_37.5702811035568871,1000010800,종로1가,126.9829520973026149_37.5707555248776544,53.0,8.0,정체,126.9829520973026149_37.5707555248776544|126.9829508691110647_37.5707257702316255|126.9829124807839946_37.5702811035568871
2026-09-04T06:42:24.849833+09:00,인사동,인사동,POI078,KEY_2,1000006502,우정국로,1000010800,종로1가,126.9829520973026149_37.5707555248776544,1000012403,조계사앞교차로,126.9829706356902221_37.5719776537276218,136.0,8.0,정체,126.9829706356902221_37.5719776537276218|126.9829821214281083_37.5714823927012560|126.9829655468528955_37.5710811329590442|126.9829520973026149_37.5707555248776544
2026-09-04T06:42:24.849833+09:00,인사동,인사동,POI078,KEY_2,1000006601,우정국로,1000010700,종로1가,126.9830878603485758_37.5707519719581455,1000008701,종로1가사거리,126.9830485481293891_37.5702800768006568,52.0,10.0,정체,126.9830485481293891_37.5702800768006568|126.9830865510382267_37.5707202864689833|126.9830878603485758_37.5707519719581455
2026-09-04T06:42:24.849833+09:00,인사동,인사동,POI078,KEY_2,1000006602,우정국로,1000090100,공평동 98,126.9831013100779558_37.5710775801252623,1000010700,종로1가,126.9830878603485758_37.5707519719581455,36.0,10.0,정체,126.9830878603485758_37.5707519719581455|126.9831013100779558_37.5710775801252623
2026-09-04T06:42:24.849833+09:00,인사동,인사동,POI078,KEY_2,1000006901,삼일대로,1000097800,종로2가 37-5,126.9875962641486211_37.5709195815897914,1000011503,탑골공원,126.9875919368493555_37.5710671282627970,16.0,9.0,정체,126.9875919368493555_37.5710671282627970|126.9875962641486211_37.5709195815897914
2026-09-04T06:42:24.849833+09:00,인사동,인사동,POI078,KEY_2,1000006902,삼일대로,1000011504,탑골공원,126.9875885367710850_37.5711969434470845,1000002703,낙원상가앞교차로,126.9877290762876498_37.5725675824815539,153.0,28.0,원활,126.9877290762876498_37.5725675824815539|126.9876077446882761_37.5718586900303819|126.9876046271510717_37.5718404753162005|126.9875832438491017_37.5716846738898411|126.9875802081556628_37.5715262335702747|126.9875885367710850_37.5711969434470845
2026-09-04T06:42:24.849833+09:00,인사동,인사동,POI078,KEY_2,1000007001,삼일대로,1000011502,탑골공원,126.9877277365820021_37.5710696514502871,1000008501,종로2가교차로,126.9877514470551745_37.5702611458311253,90.0,14.0,정체,126.9877514470551745_37.5702611458311253|126.9877320636178837_37.5709221047709576|126.9877277365820021_37.5710696514502871
2026-09-04T06:42:24.849833+09:00,인사동,인사동,POI078,KEY_2,1000007002,삼일대로,1000231900,낙원동 300,126.9877423391079816_37.5718440957152282,1000011501,탑골공원,126.9877243457566749_37.5711991196512258,72.0,18.0,서행,126.9877243457566749_37.5711991196512258|126.9877160657086677_37.5715264973604235|126.9877189692615218_37.5716779639602692|126.9877394652978211_37.5718273051350025|126.9877423391079816_37.5718440957152282
2026-09-04T06:42:24.849833+09:00,인사동,인사동,POI078,KEY_2,1000007502,삼봉로,1000012403,조계사앞교차로,126.9829706356902221_37.5719776537276218,1000013004,신라스테이(광화문),126.9801805317354280_37.5724047958457916,252.0,22.0,서행,126.9801805317354280_37.5724047958457916|126.9804914824202910_37.5723319178106152|126.9811053055208276_37.5721880522337770|126.9822536902158987_37.5720311041132078|126.9827182491962247_37.5719849537863269|126.9829706356902221_37.5719776537276218
2026-09-04T06:42:24.849833+09:00,인사동,인사동,POI078,KEY_2,1000007602,삼봉로,1000140500,수송동 80-4,126.9805298527977442_37.5724356343591879,1000012404,조계사앞교차로,126.9829679360295245_37.5720859226599799,219.0,26.0,원활,126.9829679360295245_37.5720859226599799|126.9827291479286515_37.5720928297221519|126.9822736058986408_37.5721380840541883|126.9811360893303345_37.5722935474607382|126.9805298527977442_37.5724356343591879
2026-09-04T06:42:24.849833+09:00,인사동,인사동,POI078,KEY_2,1000007701,수표로,1000106600,낙원동 289-3,126.9883777088764134_37.5725004488943028,1000002702,낙원상가앞교차로,126.9878647790248039_37.5725594585001090,46.0,5.0,정체,126.9878647790248039_37.5725594585001090|126.9880935169872345_37.5725337359327440|126.9883777088764134_37.5725004488943028
2026-09-04T06:42:24.849833+09:00,인사동,인사동,POI078,KEY_2,1000007801,수표로,1000002701,낙원상가앞교차로,126.9878820470942031_37.5726667101081873,1000013204,낙원상가,126.9885864658241559_37.5726052162671280,63.0,14.0,정체,126.9885864658241559_37.5726052162671280|126.9885704603793926_37.5726001837020931|126.9884924360897003_37.5725962946357583|126.9883974861043612_37.5726074163225974|126.9881129079827673_37.5726407490651368|126.9878820470942031_37.5726667101081873
2026-09-04T06:42:24.849833+09:00,인사동,인사동,POI078,KEY_2,1000009101,우정국로,1000045300,견지동 37-1,126.9828638620594177_37.5740260581453356,1000017300,안국동사거리,126.9828039229332575_37.5749851341707171,107.0,16.7,서행,126.9828039229332575_37.5749851341707171|126.9828638620594177_37.5740260581453356
2026-09-04T06:42:24.849833+09:00,인사동,인사동,POI078,KEY_2,1000009102,우정국로,1000017300,안국동사거리,126.9828039229332575_37.5749851341707171,1000017904,안국동로터리,126.9829082928001753_37.5755454257557844,63.0,36.0,원활,126.9829082928001753_37.5755454257557844|126.9828499577781997_37.5754008805051001|126.9828163493672974_37.5752357359225755|126.9827996996409070_37.5750526973415191|126.9828039229332575_37.5749851341707171
2026-09-04T06:42:24.849833+09:00,인사동,인사동,POI078,KEY_2,1000009201,우정국로,1000085100,견지동 110-2,126.9830654526105036_37.5729316051841806,1000012401,조계사앞교차로,126.9831034437596884_37.5720995445690349,92.0,18.0,서행,126.9831034437596884_37.5720995445690349|126.9830943674485724_37.5724421623328340|126.9830752766845592_37.5727653133374773|126.9830654526105036_37.5729316051841806
2026-09-04T06:42:24.849833+09:00,인사동,인사동,POI078,KEY_2,1000010301,삼일대로,1000002704,낙원상가앞교차로,126.9877465559183491_37.5726754784849746,1000014603,종로세무서,126.9876475861341873_37.5734674544711638,90.0,28.0,원활,126.9876475861341873_37.5734674544711638|126.9877122277218575_37.5733420920681738|126.9877432310391328_37.5732524039509244|126.9877661225475407_37.5731477197251849|126.9877805546539236_37.5730078030122741|126.9877748051182778_37.5728630584769832|126.9877465559183491_37.5726754784849746
2026-09-04T06:42:24.849833+09:00,인사동,인사동,POI078,KEY_2,1000010302,삼일대로,1000014604,종로세무서,126.9875929656630689_37.5735672823235660,1000017003,속성변화점,126.9867672620100478_37.5750673701046694,182.0,33.0,원활,126.9867672620100478_37.5750673701046694|126.9868378748170556_37.5748639419944581|126.9869048219416783_37.5747337421937573|126.9870805066234283_37.5744388641803369|126.9875929656630689_37.5735672823235660
2026-09-04T06:42:24.849833+09:00,인사동,인사동,POI078,KEY_2,1000010303,삼일대로,1000017003,속성변화점,126.9867672620100478_37.5750673701046694,1000021203,안국역사거리,126.9861392416785293_37.5767777393512361,198.0,22.0,서행,126.9861392416785293_37.5767777393512361|126.9867306429910911_37.5751700115634506|126.9867672620100478_37.5750673701046694
2026-09-04T06:42:24.849833+09:00,인사동,인사동,POI078,KEY_2,1000010401,삼일대로,1000014602,종로세무서,126.9877657603728665_37.5735230393018043,1000002701,낙원상가앞교차로,126.9878820470942031_37.5726667101081873,97.0,11.0,정체,126.9878820470942031_37.5726667101081873|126.9879103891225185_37.5728549004152583|126.9879165707175304_37.5730105263044507|126.9879010050845238_37.5731614404618881|126.9878759387023734_37.5732760696720760|126.9878410192205536_37.5733770856293887|126.9877657603728665_37.5735230393018043
2026-09-04T06:42:24.849833+09:00,인사동,인사동,POI078,KEY_2,1000010402,삼일대로,1000017002,덕성여자대학교(종로캠퍼스),126.9868982009082004_37.5750961619411754,1000014601,종로세무서,126.9877103801226923_37.5736226701394358,179.0,21.0,서행,126.9877103801226923_37.5736226701394358|126.9872033965909139_37.5744849400199143|126.9870291458476430_37.5747774127157186|126.9869666594706388_37.5748989374009099|126.9868982009082004_37.5750961619411754
2026-09-04T06:42:24.849833+09:00,인사동,인사동,POI078,KEY_2,1000010403,삼일대로,1000021202,안국역사거리,126.9862597945630966_37.5768348176280966,1000017001,덕성여자대학교(종로캠퍼스),126.9868610139755560_37.5752003900895701,189.0,15.0,서행,126.9868610139755560_37.5752003900895701|126.9862597945630966_37.5768348176280966
2026-09-04T06:42:24.849833+09:00,인사동,인사동,POI078,KEY_2,1000010702,돈화문로,1000106400,와룡동 75-4,126.9908241009990917_37.5747256213886658,1000018603,한겨레신문(종로지국),126.9905629465608996_37.5756044925587815,100.0,30.0,원활,126.9905629465608996_37.5756044925587815|126.9908241009990917_37.5747256213886658
2026-09-04T06:42:24.849833+09:00,인사동,인사동,POI078,KEY_2,1000010703,돈화문로,1000187700,와룡동 139-4,126.9901364571830698_37.5770373641859052,1000021403,창덕궁앞교차로,126.9900492095065232_37.5773787437811535,39.0,26.0,원활,126.9900492095065232_37.5773787437811535|126.9901364571830698_37.5770373641859052
2026-09-04T06:42:24.849833+09:00,인사동,인사동,POI078,KEY_2,1000010803,돈화문로,1000021402,창덕궁앞교차로,126.9901841383139782_37.5773932267385504,1000018601,한겨레신문(종로지국),126.9906634515929795_37.5757350308395957,189.0,27.0,원활,126.9906634515929795_37.5757350308395957|126.9903062505280644_37.5769154241969332|126.9902695786729083_37.5770589150526817|126.9901841383139782_37.5773932267385504
2026-09-04T06:42:24.849833+09:00,인사동,인사동,POI078,KEY_2,1000011504,율곡로,1000017904,안국동로터리,126.9829082928001753_37.5755454257557844,1000018100,안국동사거리,126.9820370732549009_37.5756052331219763,78.0,26.0,원활,126.9820370732549009_37.5756052331219763|126.9821849025842226_37.5755822792614822|126.9823949596761850_37.5755556593554090|126.9825949987016998_37.5755409919947070|126.9827732334880466_37.5755410181384661|126.9829082928001753_37.5755454257557844
2026-09-04T06:42:24.849833+09:00,인사동,인사동,POI078,KEY_2,1000011603,율곡로,1000020300,경복궁,126.9801205068413168_37.5759892604625989,1000017905,안국동로터리,126.9829348569925571_37.5756562270635044,252.0,13.0,정체,126.9829348569925571_37.5756562270635044|126.9829125468357773_37.5756537744281829|126.9827704373494015_37.5756491370767236|126.9826012303179823_37.5756491122595975|126.9824118889619911_37.5756629946566250|126.9822085957164859_37.5756887578650449|126.9820630846885052_37.5757113517092307|126.9813592631155075_37.5758206328940290|126.9812063475179400_37.5758442987123971|126.9803458434132892_37.5759773239770425|126.9801500700749699_37.5759896573698668|126.9801205068413168_37.5759892604625989
2026-09-04T06:42:24.849833+09:00,인사동,인사동,POI078,KEY_2,1000012702,율곡로,1000204600,안국역,126.9857294779033765_37.5767141333904462,1000021204,안국역사거리,126.9860941353497878_37.5768818686938246,37.0,24.0,서행,126.9860941353497878_37.5768818686938246|126.9857294779033765_37.5767141333904462
2026-09-04T06:42:24.849833+09:00,인사동,인사동,POI078,KEY_2,1000012800,율곡로,1000099700,관훈동 113,126.9843012547585914_37.5759322813818102,1000017902,안국동로터리,126.9831650747284471_37.5755740090362238,108.0,14.0,정체,126.9831650747284471_37.5755740090362238|126.9832157778299404_37.5755801309922148|126.9834207454955077_37.5756172367829961|126.9836820397707413_37.5756980185194678|126.9842468281761967_37.5759072448986657|126.9843012547585914_37.5759322813818102
2026-09-04T06:42:24.849833+09:00,인사동,인사동,POI078,KEY_2,1000013501,율곡로,1000054300,계동 149-3,126.9868657861829462_37.5772407179262302,1000021504,우즈베키스탄대사관,126.9891939676239474_37.5774507625066221,209.0,36.0,원활,126.9891939676239474_37.5774507625066221|126.9886716347625111_37.5774406495643092|126.9876528972208263_37.5774209190205184|126.9874748196535421_37.5774084674404421|126.9872839495136390_37.5773710909105532|126.9870718117635420_37.5773123392589739|126.9868657861829462_37.5772407179262302
2026-09-04T06:42:24.849833+09:00,인사동,인사동,POI078,KEY_2,1000013502,율곡로,1000021501,우즈베키스탄대사관,126.9893297531960883_37.5774544023044541,1000021404,창덕궁앞교차로,126.9900388640569702_37.5774865487865739,63.0,41.0,원활,126.9900388640569702_37.5774865487865739|126.9897463242174780_37.5774687657961053|126.9893297531960883_37.5774544023044541
2026-09-04T06:42:24.849833+09:00,인사동,인사동,POI078,KEY_2,1000013601,율곡로,1000115800,운니동 99,126.9886749388672058_37.5773325621108185,1000021202,안국역사거리,126.9862597945630966_37.5768348176280966,226.0,37.0,원활,126.9862597945630966_37.5768348176280966|126.9866987114048271_37.5770526790006230|126.9869129296675823_37.5771391236163410|126.9869201616997287_37.5771416376904028|126.9871213965557644_37.5772115927930628|126.9873225852521443_37.5772673122363585|126.9874971233893604_37.5773014911490293|126.9876605021504048_37.5773129149276315|126.9886749388672058_37.5773325621108185
2026-09-04T06:42:24.849833+09:00,인사동,인사동,POI078,KEY_2,1000013802,율곡로3길,1000187200,안국동 177-3,126.9825779024490799_37.5773003698629964,1000017901,안국동로터리,126.9830699625115358_37.5756718813989750,188.0,10.0,정체,126.9830699625115358_37.5756718813989750|126.9830564549576764_37.5759140717657090|126.9830330914684993_37.5760255151221827|126.9826494722971120_37.5768341676311906|126.9826150056688476_37.5769949197743074|126.9825779024490799_37.5773003698629964
2026-09-04T06:42:24.849833+09:00,인사동,인사동,POI078,KEY_2,1000014000,북촌로,1000021902,재동초등학교앞교차로,126.9851742297151702_37.5791048269106014,1000021201,안국역사거리,126.9862116059343862_37.5769383209828334,258.0,21.3,서행,126.9862116059343862_37.5769383209828334|126.9861227104490524_37.5771049965042820|126.9858974625520034_37.5775403033717339|126.9855988771401059_37.5781173314432593|126.9855520543728602_37.5782320480744829|126.9853545228100558_37.5787159998899227|126.9853171216767009_37.5788076318220590|126.9852385949747031_37.5790000196943907|126.9851742297151702_37.5791048269106014
2026-09-04T06:42:24.849833+09:00,인사동,인사동,POI078,KEY_2,1000014100,창덕궁길,1000022002,북촌1경,126.9893063929122548_37.5792409569275208,1000021501,우즈베키스탄대사관,126.9893297531960883_37.5774544023044541,199.0,27.0,원활,126.9893297531960883_37.5774544023044541|126.9892548365952365_37.5786955788249983|126.9892562414735409_37.5787264244637242|126.9892665857058205_37.5789535426034647|126.9893063929122548_37.5792409569275208
2026-09-04T06:42:24.849833+09:00,인사동,인사동,POI078,KEY_2,1000023700,종로,1000007800,종로1가,126.9837094850009294_37.5701682846705296,1000007100,종로1가,126.9829278791696936_37.5696038258341787,103.0,26.0,원활,126.9829278791696936_37.5696038258341787|126.9830032097695494_37.5698402452960423|126.9830990215400703_37.5699604067910897|126.9831924475550267_37.5700347972999680|126.9833242130892046_37.5700939366007987|126.9834847309357855_37.5701511723724835|126.9837094850009294_37.5701682846705296
2026-09-04T06:42:24.849833+09:00,인사동,인사동,POI078,KEY_2,1000024400,종로,1000010700,종로1가,126.9830878603485758_37.5707519719581455,1000009600,종로1가,126.9837104338048164_37.5702764015435093,84.0,11.0,정체,126.9837104338048164_37.5702764015435093|126.9834199944166073_37.5703552243340226|126.9832834070776642_37.5704238609181118|126.9831923434160359_37.5704982251536919|126.9830964773624657_37.5706145452795255|126.9830878603485758_37.5707519719581455
2026-09-04T06:42:24.849833+09:00,인사동,인사동,POI078,KEY_2,1000024500,종로,1000009500,종로1가,126.9822090811274506_37.5702839694386270,1000010800,종로1가,126.9829520973026149_37.5707555248776544,92.0,25.0,원활,126.9829520973026149_37.5707555248776544|126.9829359392394394_37.5706431287853420|126.9828401259818236_37.5705267810848440|126.9827754493047394_37.5704619306360499|126.9826892071422293_37.5704047039165019|126.9825119206921613_37.5703322080284821|126.9822090811274506_37.5702839694386270
2026-09-04T06:42:24.849833+09:00,인사동,인사동,POI078,KEY_2,1000026900,인사동길,1000011503,탑골공원,126.9875919368493555_37.5710671282627970,1000013403,인사동사거리,126.9865006613109273_37.5725411334574346,194.0,19.5,서행,126.9865006613109273_37.5725411334574346|126.9868138272171620_37.5719423831850889|126.9870930380756420_37.5714807558390476|126.9872417374784419_37.5712905430838973|126.9874380393046636_37.5711449542964360|126.9875919368493555_37.5710671282627970
2026-09-04T06:42:24.849833+09:00,인사동,인사동,POI078,KEY_2,1000027500,인사동5길,1000231600,공평동 5-12,126.9837015373939977_37.5721207661722474,1000012402,조계사앞교차로,126.9831062491158349_37.5719883384085875,55.0,12.0,정체,126.9831062491158349_37.5719883384085875|126.9832673605664155_37.5720220520782107|126.9837015373939977_37.5721207661722474
2026-09-04T06:42:24.849833+09:00,인사동,인사동,POI078,KEY_2,1000027600,인사동5길,1000036800,인사동 187-4,126.9855567085236174_37.5727903642359919,1000013904,인사동사거리,126.9861168618192977_37.5730266274726361,56.0,3.0,정체,126.9861168618192977_37.5730266274726361|126.9855567085236174_37.5727903642359919
2026-09-04T06:42:24.849833+09:00,인사동,인사동,POI078,KEY_2,1000028800,인사동길,1000002703,낙원상가앞교차로,126.9877290762876498_37.5725675824815539,1000013402,인사동사거리,126.9866260678605698_37.5725826871621464,97.0,5.0,정체,126.9866260678605698_37.5725826871621464|126.9877290762876498_37.5725675824815539
2026-09-04T06:42:24.849833+09:00,인사동,인사동,POI078,KEY_2,1000029400,인사동길,1000013404,인사동사거리,126.9864507347062670_37.5726237878874230,1000013903,인사동사거리,126.9862122245298792_37.5729444875610596,41.0,20.0,서행,126.9862122245298792_37.5729444875610596|126.9863985900872052_37.5726751063462814|126.9864507347062670_37.5726237878874230
2026-09-04T06:42:24.849833+09:00,인사동,인사동,POI078,KEY_2,1000030100,인사동4길,1000014603,종로세무서,126.9876475861341873_37.5734674544711638,1000013902,인사동사거리,126.9863347930561730_37.5729914707874855,128.0,4.0,정체,126.9863347930561730_37.5729914707874855|126.9865778431354215_37.5730765437080692|126.9871483595308064_37.5732762343743687|126.9875049026030922_37.5734010287094193|126.9876475861341873_37.5734674544711638
2026-09-04T06:42:24.849833+09:00,인사동,인사동,POI078,KEY_2,1000030200,인사동4길,1000190200,낙원동 280,126.9870936767206047_37.5733752066737097,1000014604,종로세무서,126.9875929656630689_37.5735672823235660,49.0,29.0,원활,126.9875929656630689_37.5735672823235660|126.9874430653368904_37.5734974970765307|126.9870936767206047_37.5733752066737097
2026-09-04T06:42:24.849833+09:00,인사동,인사동,POI078,KEY_2,1000031700,인사동길,1000200000,관훈동 177-1,126.9846248795644641_37.5741354335962896,1000017903,안국동로터리,126.9830393503038977_37.5755166265144283,209.0,19.0,서행,126.9830393503038977_37.5755166265144283|126.9832578502403493_37.5753718765763765|126.9833833057397072_37.5752802649537472|126.9833874257963799_37.5752759258947009|126.9838138538233210_37.5748268274858290|126.9839983126868219_37.5746325599944413|126.9840028137515446_37.5746278195686330|126.9841931260739045_37.5744516475788828|126.9843256891268339_37.5743491032214507|126.9843944674535408_37.5742999847176264|126.9846248795644641_37.5741354335962896
2026-09-04T06:42:24.849833+09:00,인사동,인사동,POI078,KEY_2,1000031900,삼일대로30길,1000016403,종로1가2가3가4가동주민센터,126.9909224401901895_37.5743944453165497,1000014602,종로세무서,126.9877657603728665_37.5735230393018043,300.0,10.0,정체,126.9877657603728665_37.5735230393018043|126.9882746610469724_37.5737657051567169|126.9890843013498056_37.5741211801994552|126.9892691286933371_37.5741786634928658|126.9894708395082290_37.5742261685853478|126.9900987751391028_37.5742451717422767|126.9904206259991639_37.5742891136834203|126.9906874025872128_37.5743451108355870|126.9909224401901895_37.5743944453165497
2026-09-04T06:42:24.849833+09:00,인사동,인사동,POI078,KEY_2,1000033700,삼일대로32길,1000225400,익선동 1-2,126.9885198465621414_37.5753772077083354,1000017002,덕성여자대학교(종로캠퍼스),126.9868982009082004_37.5750961619411754,147.0,7.0,정체,126.9868982009082004_37.5750961619411754|126.9876435573690543_37.5752236178379775|126.9880192377179640_37.5752979345582787|126.9885198465621414_37.5753772077083354
2026-09-04T06:42:24.849833+09:00,인사동,인사동,POI078,KEY_2,1000033800,삼일대로32길,1000217900,운니동 44-1,126.9886315479750323_37.5755051337652901,1000018604,한겨레신문(종로지국),126.9905313831492180_37.5757097145699248,170.0,10.0,정체,126.9905313831492180_37.5757097145699248|126.9902144284971968_37.5756583032089253|126.9898011914220319_37.5756393653655252|126.9896790156536639_37.5756303509259837|126.9892762976139409_37.5756006364519877|126.9891382250948197_37.5755697755770228|126.9888125680360531_37.5755337981841890|126.9886315479750323_37.5755051337652901
2026-09-04T06:42:24.849833+09:00,인사동,인사동,POI078,KEY_2,1000033900,우정국로,1000017300,안국동사거리,126.9828039229332575_37.5749851341707171,1000018100,안국동사거리,126.9820370732549009_37.5756052331219763,102.0,22.0,서행,126.9820370732549009_37.5756052331219763|126.9822935365986751_37.5755095925525495|126.9827428871539610_37.5751967734075052|126.9827905797247212_37.5750539177611387|126.9828039229332575_37.5749851341707171
2026-09-04T06:42:24.849833+09:00,잠실롯데타워·석촌호수,잠실롯데타워·석촌호수,POI120,KEY_3,1230003102,송파대로,1230412500,석촌동 209,127.1044792274671522_37.5081049831544888,1230036703,석촌호수앞교차로,127.1039824947923051_37.5086487529905597,75.0,25.7,원활,127.1039824947923051_37.5086487529905597|127.1044792274671522_37.5081049831544888
2026-09-04T06:42:24.849833+09:00,잠실롯데타워·석촌호수,잠실롯데타워·석촌호수,POI120,KEY_3,1230003300,송파대로,1230036704,석촌호수앞교차로,127.1039028911642674_37.5087367936795530,1230001703,석촌호수앞교차로,127.1017878219228550_37.5111046223331428,323.0,51.0,원활,127.1017878219228550_37.5111046223331428|127.1039028911642674_37.5087367936795530
2026-09-04T06:42:24.849833+09:00,잠실롯데타워·석촌호수,잠실롯데타워·석촌호수,POI120,KEY_3,1230003400,송파대로,1230001702,석촌호수앞교차로,127.1019076941057762_37.5111569141952117,1230036701,석촌호수앞교차로,127.1040028890472797_37.5088113302377195,320.0,27.5,원활,127.1040028890472797_37.5088113302377195|127.1019076941057762_37.5111569141952117
2026-09-04T06:42:24.849833+09:00,잠실롯데타워·석촌호수,잠실롯데타워·석촌호수,POI120,KEY_3,1230003501,송파대로,1230399700,잠실동 41,127.1007560729534731_37.5124412982623454,1230001803,잠실역사거리,127.1001586829554100_37.5132191939759281,101.0,24.0,서행,127.1001586829554100_37.5132191939759281|127.1007560729534731_37.5124412982623454
2026-09-04T06:42:24.849833+09:00,잠실롯데타워·석촌호수,잠실롯데타워·석촌호수,POI120,KEY_3,1230003601,송파대로,1230001802,잠실역사거리,127.1002879409381165_37.5132580710148957,1230001701,석촌호수앞교차로,127.1018323332335598_37.5112469862295228,262.0,10.0,정체,127.1018323332335598_37.5112469862295228|127.1008718568159566_37.5124977195192244|127.1002879409381165_37.5132580710148957
2026-09-04T06:42:24.849833+09:00,잠실롯데타워·석촌호수,잠실롯데타워·석촌호수,POI120,KEY_3,1230003802,송파대로,1230044702,잠실대교남측,127.0981251707990225_37.5159789121879115,1230001801,잠실역사거리,127.1002155326109744_37.5133509522926616,345.0,20.0,서행,127.1002155326109744_37.5133509522926616|127.0985290071868548_37.5154712346922068|127.0981251707990225_37.5159789121879115
2026-09-04T06:42:24.849833+09:00,잠실롯데타워·석촌호수,잠실롯데타워·석촌호수,POI120,KEY_3,1230018100,삼학사로,1230399400,삼전동 152,127.0971851736833997_37.5058146183606098,1230034303,석촌호교차로,127.0972427646003808_37.5065427063586085,81.0,25.0,원활,127.0972427646003808_37.5065427063586085|127.0971851736833997_37.5058146183606098
2026-09-04T06:42:24.849833+09:00,잠실롯데타워·석촌호수,잠실롯데타워·석촌호수,POI120,KEY_3,1230020203,석촌호수로,1230362100,잠실동 45-1,127.0959603598268473_37.5068429608790908,1230034304,석촌호교차로,127.0972501695385262_37.5066515875651163,116.0,24.0,서행,127.0972501695385262_37.5066515875651163|127.0959603598268473_37.5068429608790908
2026-09-04T06:42:24.849833+09:00,잠실롯데타워·석촌호수,잠실롯데타워·석촌호수,POI120,KEY_3,1230020300,석촌호수로,1230425400,최소노드배치점,127.1008735740489470_37.5071235777689509,1230036704,석촌호수앞교차로,127.1039028911642674_37.5087367936795530,323.0,21.3,서행,127.1039028911642674_37.5087367936795530|127.1030871966188158_37.5081804312170775|127.1027814029224459_37.5079972621807372|127.1027257780679207_37.5079698553039691|127.1018874551534168_37.5075568002840285|127.1015021632143061_37.5073921700333557|127.1008735740489470_37.5071235777689509
2026-09-04T06:42:24.849833+09:00,잠실롯데타워·석촌호수,잠실롯데타워·석촌호수,POI120,KEY_3,1230020400,석촌호수로,1230369400,석촌동 191,127.0987703823118125_37.5064112799268017,1230034302,석촌호교차로,127.0973765618586384_37.5065150079019958,125.0,31.0,원활,127.0973765618586384_37.5065150079019958|127.0976452744375536_37.5064483289197952|127.0979269591683192_37.5064090615062042|127.0982641563232818_37.5063794736021237|127.0986308344447906_37.5063986405236136|127.0987703823118125_37.5064112799268017
2026-09-04T06:42:24.849833+09:00,잠실롯데타워·석촌호수,잠실롯데타워·석촌호수,POI120,KEY_3,1230021500,삼학사로,1230418200,잠실동 46,127.0973734398476296_37.5087240119147722,1230007103,서울놀이마당앞교차로,127.0974453047706589_37.5099321530276910,134.0,25.5,원활,127.0974453047706589_37.5099321530276910|127.0973734398476296_37.5087240119147722
2026-09-04T06:42:24.849833+09:00,잠실롯데타워·석촌호수,잠실롯데타워·석촌호수,POI120,KEY_3,1230021600,삼학사로,1230007102,서울놀이마당앞교차로,127.0975809295277941_37.5099279073468779,1230034301,석촌호교차로,127.0973845362845935_37.5066262726573783,367.0,33.0,원활,127.0973845362845935_37.5066262726573783|127.0975090109694889_37.5087188942394008|127.0975809295277941_37.5099279073468779
2026-09-04T06:42:24.849833+09:00,잠실롯데타워·석촌호수,잠실롯데타워·석촌호수,POI120,KEY_3,1230021900,삼전로,1230356200,잠실동 37,127.0922842977067404_37.5094309777277743,1230038603,잠실3삼거리,127.0929733206664025_37.5103028554533822,115.0,19.0,서행,127.0929733206664025_37.5103028554533822|127.0928602894616830_37.5101024415336113|127.0922842977067404_37.5094309777277743
2026-09-04T06:42:24.849833+09:00,잠실롯데타워·석촌호수,잠실롯데타워·석촌호수,POI120,KEY_3,1230023101,잠실로,1230038303,잠실동 43,127.0947217679651260_37.5101178628557932,1230038602,잠실3삼거리,127.0930971257991189_37.5102585455899913,144.0,25.0,원활,127.0930971257991189_37.5102585455899913|127.0947217679651260_37.5101178628557932
2026-09-04T06:42:24.849833+09:00,잠실롯데타워·석촌호수,잠실롯데타워·석촌호수,POI120,KEY_3,1230023102,잠실로,1230007103,서울놀이마당앞교차로,127.0974453047706589_37.5099321530276910,1230038302,잠실동 43,127.0948609890413223_37.5101069748518370,229.0,32.0,원활,127.0948609890413223_37.5101069748518370|127.0962459094918131_37.5100132959391175|127.0974453047706589_37.5099321530276910
2026-09-04T06:42:24.849833+09:00,잠실롯데타워·석촌호수,잠실롯데타워·석촌호수,POI120,KEY_3,1230023201,잠실로,1230038601,잠실3삼거리,127.0931194165767408_37.5103653726765316,1230038304,잠실동 43,127.0947364363945553_37.5102253498387128,144.0,17.0,서행,127.0947364363945553_37.5102253498387128|127.0931194165767408_37.5103653726765316
2026-09-04T06:42:24.849833+09:00,잠실롯데타워·석촌호수,잠실롯데타워·석촌호수,POI120,KEY_3,1230023202,잠실로,1230393400,잠실동 43,127.0962573939644642_37.5101210286650257,1230007104,서울놀이마당앞교차로,127.0974567909531032_37.5100398856026942,106.0,20.0,서행,127.0974567909531032_37.5100398856026942|127.0962573939644642_37.5101210286650257
2026-09-04T06:42:24.849833+09:00,잠실롯데타워·석촌호수,잠실롯데타워·석촌호수,POI120,KEY_3,1230023500,잠실로,1230412400,잠실동 42,127.1004419094974480_37.5105947295189637,1230001704,석촌호수앞교차로,127.1017131193153915_37.5111950333109547,131.0,20.0,서행,127.1017131193153915_37.5111950333109547|127.1004641614348145_37.5106046485269218|127.1004419094974480_37.5105947295189637
2026-09-04T06:42:24.849833+09:00,잠실롯데타워·석촌호수,잠실롯데타워·석촌호수,POI120,KEY_3,1230023600,잠실로,1230001703,석촌호수앞교차로,127.1017878219228550_37.5111046223331428,1230007102,서울놀이마당앞교차로,127.0975809295277941_37.5099279073468779,403.0,12.0,정체,127.0975809295277941_37.5099279073468779|127.0985541482379375_37.5099332768199432|127.0990046849047843_37.5099841635964921|127.0994430355566607_37.5101001528652276|127.0999744578332411_37.5102624598802024|127.1005081875894263_37.5105003764333560|127.1005319432435670_37.5105109657146656|127.1017878219228550_37.5111046223331428
2026-09-04T06:42:24.849833+09:00,잠실롯데타워·석촌호수,잠실롯데타워·석촌호수,POI120,KEY_3,1230023701,석촌호수로,1230036701,석촌호수앞교차로,127.1040028890472797_37.5088113302377195,1230038204,수림빌딩,127.1051505452613100_37.5097264956549949,144.0,12.0,정체,127.1051505452613100_37.5097264956549949|127.1048424116308126_37.5094807866672255|127.1040028890472797_37.5088113302377195
2026-09-04T06:42:24.849833+09:00,잠실롯데타워·석촌호수,잠실롯데타워·석촌호수,POI120,KEY_3,1230023702,석촌호수로,1230038201,수림빌딩,127.1052475076223942_37.5098032820847891,1230039704,신천동 33,127.1069053310213803_37.5111077200237375,206.0,27.0,원활,127.1069053310213803_37.5111077200237375|127.1060795391087055_37.5104579644505165|127.1052475076223942_37.5098032820847891
2026-09-04T06:42:24.849833+09:00,잠실롯데타워·석촌호수,잠실롯데타워·석촌호수,POI120,KEY_3,1230023703,석촌호수로,1230039701,신천동 33,127.1070065907386635_37.5111861357687459,1230041504,방이삼거리,127.1080898185277164_37.5120029659807344,132.0,20.0,서행,127.1080898185277164_37.5120029659807344|127.1079331088216122_37.5118964724360211|127.1070065907386635_37.5111861357687459
2026-09-04T06:42:24.849833+09:00,잠실롯데타워·석촌호수,잠실롯데타워·석촌호수,POI120,KEY_3,1230023801,석촌호수로,1230383600,송파동 60,127.1049384312716057_37.5094043721425194,1230036702,석촌호수앞교차로,127.1040831324389728_37.5087223370806129,107.0,21.0,서행,127.1040831324389728_37.5087223370806129|127.1049384312716057_37.5094043721425194
2026-09-04T06:42:24.849833+09:00,잠실롯데타워·석촌호수,잠실롯데타워·석촌호수,POI120,KEY_3,1230023802,석촌호수로,1230380500,송파동 61,127.1061749184303977_37.5103810412995244,1230038202,수림빌딩,127.1053428869681454_37.5097263595970531,103.0,29.0,원활,127.1053428869681454_37.5097263595970531|127.1061749184303977_37.5103810412995244
2026-09-04T06:42:24.849833+09:00,잠실롯데타워·석촌호수,잠실롯데타워·석촌호수,POI120,KEY_3,1230023803,석촌호수로,1230041503,방이삼거리,127.1081921675338720_37.5119304002947942,1230039702,송파동 62,127.1071007108080408_37.5111082344274962,133.0,16.0,서행,127.1071007108080408_37.5111082344274962|127.1080242959557012_37.5118163213665241|127.1081921675338720_37.5119304002947942
2026-09-04T06:42:24.849833+09:00,잠실롯데타워·석촌호수,잠실롯데타워·석촌호수,POI120,KEY_3,1230024100,잠실로,1230038604,잠실3삼거리,127.0929839814057658_37.5103582875929717,1230041303,잠실3사거리,127.0924958334099557_37.5118489046082644,171.0,18.0,서행,127.0924958334099557_37.5118489046082644|127.0929749045914718_37.5104683915562376|127.0929839814057658_37.5103582875929717
2026-09-04T06:42:24.849833+09:00,잠실롯데타워·석촌호수,잠실롯데타워·석촌호수,POI120,KEY_3,1230024200,잠실로,1230041302,잠실3사거리,127.0926320843072830_37.5118620680798003,1230038601,잠실3삼거리,127.0931194165767408_37.5103653726765316,172.0,16.0,서행,127.0931194165767408_37.5103653726765316|127.0931094286359553_37.5104865264241667|127.0926320843072830_37.5118620680798003
2026-09-04T06:42:24.849833+09:00,잠실롯데타워·석촌호수,잠실롯데타워·석촌호수,POI120,KEY_3,1230024302,오금로,1230384900,송파동 62,127.1086886760872829_37.5117147904571766,1230041503,방이삼거리,127.1081921675338720_37.5119304002947942,50.0,15.0,서행,127.1081921675338720_37.5119304002947942|127.1083902263657990_37.5118348937114661|127.1086886760872829_37.5117147904571766
2026-09-04T06:42:24.849833+09:00,잠실롯데타워·석촌호수,잠실롯데타워·석촌호수,POI120,KEY_3,1230024900,올림픽로,1230358200,최소노드배치점,127.0890986901108874_37.5116423850120313,1230041304,잠실3사거리,127.0924582513479919_37.5119541794962004,299.0,31.5,원활,127.0924582513479919_37.5119541794962004|127.0894865754439849_37.5116660118753273|127.0890986901108874_37.5116423850120313
2026-09-04T06:42:24.849833+09:00,잠실롯데타워·석촌호수,잠실롯데타워·석촌호수,POI120,KEY_3,1230025702,올림픽로,1230422700,최소노드배치점,127.0963985029439982_37.5124235494134552,1230001804,잠실역사거리,127.1000841139758677_37.5133141607708396,341.0,26.0,원활,127.1000841139758677_37.5133141607708396|127.0963985029439982_37.5124235494134552
2026-09-04T06:42:24.849833+09:00,잠실롯데타워·석촌호수,잠실롯데타워·석촌호수,POI120,KEY_3,1230025801,올림픽로,1230041703,잠실동 39,127.0946882254534103_37.5120601573260686,1230041302,잠실3사거리,127.0926320843072830_37.5118620680798003,183.0,36.0,원활,127.0926320843072830_37.5118620680798003|127.0946882254534103_37.5120601573260686
2026-09-04T06:42:24.849833+09:00,잠실롯데타워·석촌호수,잠실롯데타워·석촌호수,POI120,KEY_3,1230025802,올림픽로,1230001803,잠실역사거리,127.1001586829554100_37.5132191939759281,1230041702,잠실동 39,127.0948236216370191_37.5120740018570373,489.0,21.7,서행,127.0948236216370191_37.5120740018570373|127.0956739088233007_37.5121671905185963|127.0962807923011582_37.5122821169021705|127.0964379064208174_37.5123200858476054|127.1001586829554100_37.5132191939759281
2026-09-04T06:42:24.849833+09:00,잠실롯데타워·석촌호수,잠실롯데타워·석촌호수,POI120,KEY_3,1230026301,오금로,1230041504,방이삼거리,127.1080898185277164_37.5120029659807344,1230043203,잠실전화국,127.1073625915452112_37.5136826385122433,198.0,16.0,서행,127.1073625915452112_37.5136826385122433|127.1076552451824142_37.5129653281818420|127.1080218934859403_37.5120666323530259|127.1080898185277164_37.5120029659807344
2026-09-04T06:42:24.849833+09:00,잠실롯데타워·석촌호수,잠실롯데타워·석촌호수,POI120,KEY_3,1230026400,오금로,1230362200,방이동 95-3,127.1077843306107411_37.5129987458803527,1230041501,방이삼거리,127.1081930791064138_37.5120731373911980,109.0,21.0,서행,127.1081930791064138_37.5120731373911980|127.1081426875516627_37.5121203703189892|127.1077843306107411_37.5129987458803527
2026-09-04T06:42:24.849833+09:00,잠실롯데타워·석촌호수,잠실롯데타워·석촌호수,POI120,KEY_3,1230026702,백제고분로,1230397100,방이동 94-4,127.1155243442379685_37.5158080782483836,1230045403,올림픽공원남4문앞교차로,127.1158353619488821_37.5163285598069436,64.0,21.0,서행,127.1158353619488821_37.5163285598069436|127.1155243442379685_37.5158080782483836
2026-09-04T06:42:24.849833+09:00,잠실롯데타워·석촌호수,잠실롯데타워·석촌호수,POI120,KEY_3,1230026802,백제고분로,1230045402,올림픽공원남4문앞교차로,127.1159592191718559_37.5162842594980717,1230043901,방이중,127.1149670532686144_37.5146238680820474,204.0,26.0,원활,127.1149670532686144_37.5146238680820474|127.1156469051217641_37.5157616102810749|127.1159592191718559_37.5162842594980717
2026-09-04T06:42:24.849833+09:00,잠실롯데타워·석촌호수,잠실롯데타워·석촌호수,POI120,KEY_3,1230027302,올림픽로,1230001801,잠실역사거리,127.1002155326109744_37.5133509522926616,1230043404,신천동 8,127.1021667132219335_37.5140202279747825,188.0,11.0,정체,127.1021667132219335_37.5140202279747825|127.1002155326109744_37.5133509522926616
2026-09-04T06:42:24.849833+09:00,잠실롯데타워·석촌호수,잠실롯데타워·석촌호수,POI120,KEY_3,1230027303,올림픽로,1230043401,신천동 8,127.1022912026975433_37.5140633484028712,1230043804,잠실역(서울8호선),127.1031193148053262_37.5143528991889355,80.0,47.3,원활,127.1031193148053262_37.5143528991889355|127.1022912026975433_37.5140633484028712
2026-09-04T06:42:24.849833+09:00,잠실롯데타워·석촌호수,잠실롯데타워·석촌호수,POI120,KEY_3,1230027304,올림픽로,1230043801,잠실역(서울8호선),127.1032441614670745_37.5143953515620083,1230044104,송파구청앞교차로,127.1065954149593580_37.5155037548529151,321.0,47.5,원활,127.1065954149593580_37.5155037548529151|127.1032441614670745_37.5143953515620083
2026-09-04T06:42:24.849833+09:00,잠실롯데타워·석촌호수,잠실롯데타워·석촌호수,POI120,KEY_3,1230027402,올림픽로,1230425600,최소노드배치점,127.1034569107816310_37.5143486498193468,1230001802,잠실역사거리,127.1002879409381165_37.5132580710148957,305.0,43.0,원활,127.1002879409381165_37.5132580710148957|127.1022203942543456_37.5139209223143766|127.1023457587723016_37.5139643456983833|127.1031738699951745_37.5142538961081584|127.1032962137368543_37.5142954974985372|127.1034569107816310_37.5143486498193468
2026-09-04T06:42:24.849833+09:00,잠실롯데타워·석촌호수,잠실롯데타워·석촌호수,POI120,KEY_3,1230027600,잠실로,1230354600,잠실동 26-1,127.0923490777133509_37.5126418063312386,1230041301,잠실3사거리,127.0925947702226182_37.5119673808282528,78.0,22.0,서행,127.0925947702226182_37.5119673808282528|127.0923490777133509_37.5126418063312386
2026-09-04T06:42:24.849833+09:00,잠실롯데타워·석촌호수,잠실롯데타워·석촌호수,POI120,KEY_3,1230027901,오금로,1230043204,잠실전화국,127.1073301047804875_37.5137619968566653,1230043703,KT송파빌딩,127.1072008780327849_37.5140753242066154,37.0,7.0,정체,127.1072008780327849_37.5140753242066154|127.1073301047804875_37.5137619968566653
2026-09-04T06:42:24.849833+09:00,잠실롯데타워·석촌호수,잠실롯데타워·석촌호수,POI120,KEY_3,1230027902,오금로,1230043704,KT송파빌딩,127.1071582673112630_37.5141777969497454,1230044103,송파구청앞교차로,127.1066451578842873_37.5154031368063627,143.0,16.0,서행,127.1066451578842873_37.5154031368063627|127.1071582673112630_37.5141777969497454
2026-09-04T06:42:24.849833+09:00,잠실롯데타워·석촌호수,잠실롯데타워·석촌호수,POI120,KEY_3,1230028001,오금로,1230043702,KT송파빌딩,127.1073298305418575_37.5141090707700258,1230043201,잠실전화국,127.1074590560679241_37.5137957428479041,37.0,21.0,서행,127.1074590560679241_37.5137957428479041|127.1073298305418575_37.5141090707700258
2026-09-04T06:42:24.849833+09:00,잠실롯데타워·석촌호수,잠실롯데타워·석촌호수,POI120,KEY_3,1230028002,오금로,1230044102,송파구청앞교차로,127.1067706331513705_37.5154451950086951,1230043701,KT송파빌딩,127.1072870264943191_37.5142120080203938,144.0,11.0,정체,127.1072870264943191_37.5142120080203938|127.1067706331513705_37.5154451950086951
2026-09-04T06:42:24.849833+09:00,잠실롯데타워·석촌호수,잠실롯데타워·석촌호수,POI120,KEY_3,1230028100,위례성대로,1230008303,방이초교앞교차로,127.1208213191434737_37.5145580278620869,1230045402,올림픽공원남4문앞교차로,127.1159592191718559_37.5162842594980717,471.0,44.0,원활,127.1159592191718559_37.5162842594980717|127.1194913787483216_37.5150302354333220|127.1208213191434737_37.5145580278620869
2026-09-04T06:42:24.849833+09:00,잠실롯데타워·석촌호수,잠실롯데타워·석촌호수,POI120,KEY_3,1230028301,올림픽로,1230044101,송파구청앞교차로,127.1067205760415391_37.5155457351922763,1230044902,잠실진주아파트앞교차로,127.1087256571209707_37.5162283031640200,193.0,26.0,원활,127.1087256571209707_37.5162283031640200|127.1067205760415391_37.5155457351922763
2026-09-04T06:42:24.849833+09:00,잠실롯데타워·석촌호수,잠실롯데타워·석촌호수,POI120,KEY_3,1230028401,올림픽로,1230421300,최소노드배치점,127.1097120122696964_37.5164468577884307,1230044102,송파구청앞교차로,127.1067706331513705_37.5154451950086951,283.0,17.0,서행,127.1067706331513705_37.5154451950086951|127.1088293438040182_37.5161460190462677|127.1097120122696964_37.5164468577884307
2026-09-04T06:42:24.849833+09:00,잠실롯데타워·석촌호수,잠실롯데타워·석촌호수,POI120,KEY_3,1230029101,올림픽로,1230044901,잠실진주아파트앞교차로,127.1088533723906977_37.5162718111141373,1230047903,올림픽공원앞교차로,127.1125664517782781_37.5175764714066560,359.0,26.0,원활,127.1125664517782781_37.5175764714066560|127.1121927794052340_37.5174099266855308|127.1096586157180326_37.5165462608805385|127.1088533723906977_37.5162718111141373
2026-09-04T06:42:24.849833+09:00,잠실롯데타워·석촌호수,잠실롯데타워·석촌호수,POI120,KEY_3,1230029300,위례성대로,1230045403,올림픽공원남4문앞교차로,127.1158353619488821_37.5163285598069436,1230047902,올림픽공원앞교차로,127.1126327333255119_37.5174821175529445,311.0,26.0,원활,127.1126327333255119_37.5174821175529445|127.1158353619488821_37.5163285598069436
2026-09-04T06:42:24.849833+09:00,잠실롯데타워·석촌호수,잠실롯데타워·석촌호수,POI120,KEY_3,1230029401,위례성대로,1230047901,올림픽공원앞교차로,127.1127294559663170_37.5175659412636975,1230045404,올림픽공원남4문앞교차로,127.1158912913085715_37.5164270745673178,307.0,29.0,원활,127.1158912913085715_37.5164270745673178|127.1127294559663170_37.5175659412636975
2026-09-04T06:42:24.849833+09:00,잠실롯데타워·석촌호수,잠실롯데타워·석촌호수,POI120,KEY_3,1230029800,오금로,1230009202,잠실나루역사거리,127.1050458803196079_37.5186165757193919,1230044101,송파구청앞교차로,127.1067205760415391_37.5155457351922763,372.0,20.0,서행,127.1067205760415391_37.5155457351922763|127.1063870230920116_37.5161245657841746|127.1060062563923623_37.5167853165615099|127.1057041776155785_37.5173095096861147|127.1054650209393913_37.5177245091905434|127.1053636836204817_37.5179234011036442|127.1051267515503156_37.5183884165572152|127.1050458803196079_37.5186165757193919
2026-09-04T06:42:24.849833+09:00,잠실롯데타워·석촌호수,잠실롯데타워·석촌호수,POI120,KEY_3,1230030200,올림픽로33길,1230044902,잠실진주아파트앞교차로,127.1087256571209707_37.5162283031640200,1230009303,파크리오아파트,127.1080198937217318_37.5191489075320419,330.0,14.0,정체,127.1080198937217318_37.5191489075320419|127.1087256571209707_37.5162283031640200
2026-09-04T06:42:24.849833+09:00,잠실롯데타워·석촌호수,잠실롯데타워·석촌호수,POI120,KEY_3,1230030300,올림픽로33길,1230009302,파크리오아파트,127.1081532489597805_37.5191690964758351,1230044901,잠실진주아파트앞교차로,127.1088533723906977_37.5162718111141373,327.0,17.0,서행,127.1088533723906977_37.5162718111141373|127.1081532489597805_37.5191690964758351
2026-09-04T06:42:24.849833+09:00,잠실롯데타워·석촌호수,잠실롯데타워·석촌호수,POI120,KEY_3,1230030701,올림픽로,1230047904,올림픽공원앞교차로,127.1126156383089949_37.5176248562335459,1230050103,올림픽회관앞교차로,127.1141234836901077_37.5200172918018566,297.0,23.0,서행,127.1141234836901077_37.5200172918018566|127.1130967077667009_37.5183006809000261|127.1127808418886076_37.5178273473246833|127.1126156383089949_37.5176248562335459
2026-09-04T06:42:24.849833+09:00,잠실롯데타워·석촌호수,잠실롯데타워·석촌호수,POI120,KEY_3,1230030802,올림픽로,1230050102,올림픽회관앞교차로,127.1142460290998173_37.5199707880909941,1230047901,올림픽공원앞교차로,127.1127294559663170_37.5175659412636975,299.0,27.0,원활,127.1127294559663170_37.5175659412636975|127.1128979059259194_37.5177724112602746|127.1132179682735881_37.5182520322072364|127.1142460290998173_37.5199707880909941
2026-09-04T06:42:24.849833+09:00,잠실롯데타워·석촌호수,잠실롯데타워·석촌호수,POI120,KEY_3,1230073600,백제고분로41길,1230362400,송파동 74,127.1055839132151277_37.5093570558199474,1230038203,수림빌딩,127.1052465652364560_37.5096500807059527,44.0,11.0,정체,127.1052465652364560_37.5096500807059527|127.1053208564511436_37.5095948198186591|127.1055839132151277_37.5093570558199474
2026-09-04T06:42:24.849833+09:00,잠실롯데타워·석촌호수,잠실롯데타워·석촌호수,POI120,KEY_3,1230076200,백제고분로45길,1230414400,송파동 83,127.1074305390192620_37.5108125123386174,1230039703,송파동 61,127.1070007103191557_37.5110307962144418,45.0,22.0,서행,127.1070007103191557_37.5110307962144418|127.1074305390192620_37.5108125123386174
2026-09-04T06:42:24.849833+09:00,잠실롯데타워·석촌호수,잠실롯데타워·석촌호수,POI120,KEY_3,1230077600,올림픽로.잠실로.사이길,1230038304,잠실동 43,127.0947364363945553_37.5102253498387128,1230041703,잠실동 39,127.0946882254534103_37.5120601573260686,204.0,14.0,정체,127.0946882254534103_37.5120601573260686|127.0947364363945553_37.5102253498387128
2026-09-04T06:42:24.849833+09:00,잠실롯데타워·석촌호수,잠실롯데타워·석촌호수,POI120,KEY_3,1230077700,올림픽로.잠실로.사이길,1230041702,잠실동 39,127.0948236216370191_37.5120740018570373,1230038301,잠실동 43,127.0948724715403131_37.5102147077519135,206.0,8.0,정체,127.0948724715403131_37.5102147077519135|127.0948236216370191_37.5120740018570373
2026-09-04T06:42:24.849833+09:00,잠실롯데타워·석촌호수,잠실롯데타워·석촌호수,POI120,KEY_3,1230080800,올림픽로,1230043404,신천동 8,127.1021667132219335_37.5140202279747825,1230044003,어린이교통공원,127.1015862279693067_37.5151316086360467,134.0,14.0,정체,127.1015862279693067_37.5151316086360467|127.1021667132219335_37.5140202279747825
2026-09-04T06:42:24.849833+09:00,잠실롯데타워·석촌호수,잠실롯데타워·석촌호수,POI120,KEY_3,1230080900,올림픽로,1230044002,어린이교통공원,127.1017112605977104_37.5151736946584151,1230043401,신천동 8,127.1022912026975433_37.5140633484028712,133.0,11.0,정체,127.1022912026975433_37.5140633484028712|127.1017112605977104_37.5151736946584151
2026-09-04T06:42:24.849833+09:00,잠실롯데타워·석촌호수,잠실롯데타워·석촌호수,POI120,KEY_3,1230081000,올림픽로,1230043804,잠실역(서울8호선),127.1031193148053262_37.5143528991889355,1230044403,신천동 7-21,127.1025553001734067_37.5154467539088188,131.0,16.5,서행,127.1025553001734067_37.5154467539088188|127.1031193148053262_37.5143528991889355
2026-09-04T06:42:24.849833+09:00,잠실롯데타워·석촌호수,잠실롯데타워·석촌호수,POI120,KEY_3,1230081100,올림픽로,1230044402,신천동 7-21,127.1026803877707039_37.5154887453600807,1230043801,잠실역(서울8호선),127.1032441614670745_37.5143953515620083,131.0,17.5,서행,127.1032441614670745_37.5143953515620083|127.1026803877707039_37.5154887453600807
2026-09-04T06:42:24.849833+09:00,잠실롯데타워·석촌호수,잠실롯데타워·석촌호수,POI120,KEY_3,1230082000,오금로11길,1230382300,방이동 96-5,127.1078356746363340_37.5142776638634814,1230043702,KT송파빌딩,127.1073298305418575_37.5141090707700258,48.0,6.0,정체,127.1073298305418575_37.5141090707700258|127.1078356746363340_37.5142776638634814
2026-09-04T06:42:24.849833+09:00,잠실롯데타워·석촌호수,잠실롯데타워·석촌호수,POI120,KEY_3,1230082100,오금로11길,1230364600,방이동 96-2,127.1142995993866123_37.5148873703963588,1230043904,방이중,127.1148454576012909_37.5146719476403305,54.0,10.0,정체,127.1148454576012909_37.5146719476403305|127.1142995993866123_37.5148873703963588
2026-09-04T06:42:24.849833+09:00,잠실롯데타워·석촌호수,잠실롯데타워·석촌호수,POI120,KEY_3,1230437101,잠실로,1230188302,잠실길지하차도(서측),127.1024547747106510_37.5113805101291220,1230001702,석촌호수앞교차로,127.1019076941057762_37.5111569141952117,54.0,33.0,원활,127.1019076941057762_37.5111569141952117|127.1024547747106510_37.5113805101291220
2026-09-04T06:42:24.849833+09:00,잠실롯데타워·석촌호수,잠실롯데타워·석촌호수,POI120,KEY_3,1230437201,잠실로,1230001701,석촌호수앞교차로,127.1018323332335598_37.5112469862295228,1230188303,잠실길지하차도(서측),127.1023918266045030_37.5114715455822392,55.0,6.0,정체,127.1023918266045030_37.5114715455822392|127.1018323332335598_37.5112469862295228
2026-09-04T06:42:24.849833+09:00,잠실롯데타워·석촌호수,잠실롯데타워·석촌호수,POI120,KEY_3,1230437301,잠실로,1230188502,잠실길지하차도(동측),127.1062173467716150_37.5131578738299325,1230188302,잠실길지하차도(서측),127.1024547747106510_37.5113805101291220,387.0,48.0,원활,127.1024547747106510_37.5113805101291220|127.1030924680476488_37.5116688194554797|127.1037922288458617_37.5120057984034787|127.1044073633298837_37.5122985483592544|127.1051198819620254_37.5126321816150679|127.1062173467716150_37.5131578738299325
2026-09-04T06:42:24.849833+09:00,잠실롯데타워·석촌호수,잠실롯데타워·석촌호수,POI120,KEY_3,1230437401,잠실로,1230188303,잠실길지하차도(서측),127.1023918266045030_37.5114715455822392,1230188503,잠실길지하차도(동측),127.1061687896124681_37.5132231248888246,386.0,22.0,서행,127.1061687896124681_37.5132231248888246|127.1052815756607259_37.5128152477143786|127.1034974052928277_37.5119907247148916|127.1023918266045030_37.5114715455822392
2026-09-04T06:42:24.849833+09:00,잠실롯데타워·석촌호수,잠실롯데타워·석촌호수,POI120,KEY_3,1230437501,-,1230188502,잠실길지하차도(동측),127.1062173467716150_37.5131578738299325,1230188402,신천동 30,127.1050426082693434_37.5125336192748193,126.0,10.0,정체,127.1050426082693434_37.5125336192748193|127.1057099909694585_37.5128445639683008|127.1060250249974217_37.5129978687956296|127.1062173467716150_37.5131578738299325
2026-09-04T06:42:24.849833+09:00,잠실롯데타워·석촌호수,잠실롯데타워·석촌호수,POI120,KEY_3,1230437601,-,1230188403,신천동 30,127.1049002456384613_37.5127083450110632,1230188503,잠실길지하차도(동측),127.1061687896124681_37.5132231248888246,126.0,18.0,서행,127.1061687896124681_37.5132231248888246|127.1058942002584331_37.5131610578152603|127.1056142121499164_37.5130369103311239|127.1049002456384613_37.5127083450110632
2026-09-04T06:42:24.849833+09:00,잠실롯데타워·석촌호수,잠실롯데타워·석촌호수,POI120,KEY_3,1230437701,잠실로,1230394600,신천동 30,127.1067595331203108_37.5134063123268504,1230188502,잠실길지하차도(동측),127.1062173467716150_37.5131578738299325,55.0,9.0,정체,127.1062173467716150_37.5131578738299325|127.1067595331203108_37.5134063123268504
2026-09-04T06:42:24.849833+09:00,잠실롯데타워·석촌호수,잠실롯데타워·석촌호수,POI120,KEY_3,1230437801,잠실로,1230188503,잠실길지하차도(동측),127.1061687896124681_37.5132231248888246,1230043204,잠실전화국,127.1073301047804875_37.5137619968566653,119.0,10.0,정체,127.1073301047804875_37.5137619968566653|127.1067103200439448_37.5134744075350568|127.1061687896124681_37.5132231248888246
2026-09-04T06:42:24.849833+09:00,창동 신경제 중심지,창동 신경제 중심지,POI079,KEY_4,1090005402,노해로,1090115200,창동 339,127.0432127254777726_37.6515539518810272,1090008104,서울북부지방법원등기국,127.0438886664260849_37.6514273575234313,61.0,17.0,서행,127.0438886664260849_37.6514273575234313|127.0432127254777726_37.6515539518810272
2026-09-04T06:42:24.849833+09:00,창동 신경제 중심지,창동 신경제 중심지,POI079,KEY_4,1090007501,마들로11길,1090010101,창동견인차량보관소,127.0506608950045546_37.6539899638653495,1090010204,속성변화점,127.0517956478494312_37.6542713588531939,105.0,11.0,정체,127.0517956478494312_37.6542713588531939|127.0506608950045546_37.6539899638653495
2026-09-04T06:42:24.849833+09:00,창동 신경제 중심지,창동 신경제 중심지,POI079,KEY_4,1090005403,노해로,1090008101,서울북부지방법원등기국,127.0440396816365904_37.6514000141311485,1090007904,이마트사거리,127.0465802038674212_37.6513439220940356,228.0,33.0,원활,127.0465802038674212_37.6513439220940356|127.0460219527137298_37.6512193468005378|127.0458394182708730_37.6511975131724839|127.0456166930732707_37.6511920224222294|127.0454324298890469_37.6511948838736430|127.0452143697198579_37.6512131449817389|127.0450359743676501_37.6512370892679158|127.0440396816365904_37.6514000141311485
2026-09-04T06:42:24.849833+09:00,창동 신경제 중심지,창동 신경제 중심지,POI079,KEY_4,1090006101,노해로65길,1090007904,이마트사거리,127.0465802038674212_37.6513439220940356,1090008603,이마트사거리,127.0464522437678454_37.6516561121472435,36.0,23.0,서행,127.0464522437678454_37.6516561121472435|127.0465802038674212_37.6513439220940356
2026-09-04T06:42:24.849833+09:00,창동 신경제 중심지,창동 신경제 중심지,POI079,KEY_4,1090006102,노해로65길,1090128100,창동 335-3,127.0462173088500180_37.6522375660554189,1090002402,창동역2번출구,127.0460126594412884_37.6527447346004678,59.0,10.0,정체,127.0460126594412884_37.6527447346004678|127.0462173088500180_37.6522375660554189
2026-09-04T06:42:24.849833+09:00,창동 신경제 중심지,창동 신경제 중심지,POI079,KEY_4,1090006201,노해로65길,1090002401,창동역2번출구,127.0461019329523680_37.6528774164723430,1090007901,이마트사거리,127.0467105834980970_37.6513747627778059,175.0,14.0,정체,127.0467105834980970_37.6513747627778059|127.0465815344402642_37.6516896123671287|127.0465398628008842_37.6517921145791874|127.0463467931061103_37.6522705946534657|127.0461019329523680_37.6528774164723430
2026-09-04T06:42:24.849833+09:00,창동 신경제 중심지,창동 신경제 중심지,POI079,KEY_4,1090006303,노해로63길,1090009401,창동아파트2단지,127.0440490804142541_37.6523926268145033,1090009704,창동 325,127.0450594668613746_37.6526400609466378,93.0,29.0,원활,127.0450594668613746_37.6526400609466378|127.0440490804142541_37.6523926268145033
2026-09-04T06:42:24.849833+09:00,창동 신경제 중심지,창동 신경제 중심지,POI079,KEY_4,1090006304,노해로63길,1090009701,창동 325,127.0451951244152013_37.6526717189787234,1090002401,창동역2번출구,127.0461019329523680_37.6528774164723430,83.0,22.0,서행,127.0461019329523680_37.6528774164723430|127.0451951244152013_37.6526717189787234
2026-09-04T06:42:24.849833+09:00,창동 신경제 중심지,창동 신경제 중심지,POI079,KEY_4,1090006402,노해로63길,1090009303,서울특별시북부교육지원청,127.0436075256318276_37.6521768084206414,1090008702,창원초교앞교차로,127.0418672320513025_37.6517533683042629,161.0,30.0,원활,127.0418672320513025_37.6517533683042629|127.0420136679197753_37.6518029016727667|127.0423245483733439_37.6518846988945839|127.0436075256318276_37.6521768084206414
2026-09-04T06:42:24.849833+09:00,창동 신경제 중심지,창동 신경제 중심지,POI079,KEY_4,1090006403,노해로63길,1090009703,창동 325,127.0450606490341130_37.6525272198554504,1090009302,서울특별시북부교육지원청,127.0437381625268358_37.6522068735649924,122.0,25.0,원활,127.0437381625268358_37.6522068735649924|127.0439570121152002_37.6522577653790549|127.0440891099632950_37.6522892989157825|127.0450606490341130_37.6525272198554504
2026-09-04T06:42:24.849833+09:00,창동 신경제 중심지,창동 신경제 중심지,POI079,KEY_4,1090006405,노해로63길,1090002402,창동역2번출구,127.0460126594412884_37.6527447346004678,1090009702,창동 325,127.0451962992695627_37.6525595534808915,75.0,22.0,서행,127.0451962992695627_37.6525595534808915|127.0460126594412884_37.6527447346004678
2026-09-04T06:42:24.849833+09:00,창동 신경제 중심지,창동 신경제 중심지,POI079,KEY_4,1090006501,노해로,1090009601,창4동주민센터앞교차로,127.0512572997302954_37.6524535243682053,1090009804,창4동주민센터,127.0523451053343962_37.6527487519340056,101.0,27.0,원활,127.0523451053343962_37.6527487519340056|127.0512572997302954_37.6524535243682053
2026-09-04T06:42:24.849833+09:00,창동 신경제 중심지,창동 신경제 중심지,POI079,KEY_4,1090006502,노해로,1090024400,창동 25,127.0529396680044698_37.6528803670265688,1090009904,도봉경찰서앞교차로,127.0532355059426379_37.6529440934046775,27.0,41.0,원활,127.0532355059426379_37.6529440934046775|127.0529396680044698_37.6528803670265688
2026-09-04T06:42:24.849833+09:00,창동 신경제 중심지,창동 신경제 중심지,POI079,KEY_4,1090006700,노해로69길,1090038000,창동 23,127.0507241269660881_37.6534404626976524,1090010103,창동견인차량보관소,127.0505700041465218_37.6538544201770620,48.0,23.0,서행,127.0505700041465218_37.6538544201770620|127.0507241269660881_37.6534404626976524
2026-09-04T06:42:24.849833+09:00,창동 신경제 중심지,창동 신경제 중심지,POI079,KEY_4,1090006800,노해로69길,1090029100,창동 23,127.0510627440724818_37.6529118754495755,1090009601,창4동주민센터앞교차로,127.0512572997302954_37.6524535243682053,54.0,8.0,정체,127.0512572997302954_37.6524535243682053|127.0511636230535117_37.6526409168478153|127.0510627440724818_37.6529118754495755
2026-09-04T06:42:24.849833+09:00,창동 신경제 중심지,창동 신경제 중심지,POI079,KEY_4,1090006900,마들로,1090009904,도봉경찰서앞교차로,127.0532355059426379_37.6529440934046775,1090002703,농협창동유통센터앞교차로,127.0532009362000849_37.6544173179488553,164.0,7.0,정체,127.0532009362000849_37.6544173179488553|127.0532307195816202_37.6537430463703586|127.0532355059426379_37.6529440934046775
2026-09-04T06:42:24.849833+09:00,창동 신경제 중심지,창동 신경제 중심지,POI079,KEY_4,1090007000,마들로,1090002702,농협창동유통센터앞교차로,127.0535193718764901_37.6544297702364830,1090009901,도봉경찰서앞교차로,127.0535457248374058_37.6529848170747670,160.0,25.0,원활,127.0535457248374058_37.6529848170747670|127.0535639356680946_37.6537093807940551|127.0535193718764901_37.6544297702364830
2026-09-04T06:42:24.849833+09:00,창동 신경제 중심지,창동 신경제 중심지,POI079,KEY_4,1090007502,마들로11길,1090010204,속성변화점,127.0517956478494312_37.6542713588531939,1090002704,농협창동유통센터앞교차로,127.0531926661678455_37.6545256121384426,127.0,12.0,정체,127.0531926661678455_37.6545256121384426|127.0528413530642098_37.6544851417251039|127.0525371577740543_37.6544418358260700|127.0522236392166775_37.6543767700399670|127.0519258441446198_37.6543035169949860|127.0517956478494312_37.6542713588531939
2026-09-04T06:42:24.849833+09:00,창동 신경제 중심지,창동 신경제 중심지,POI079,KEY_4,1090007601,마들로11길,1090010203,극동방송문화센터,127.0518361380290173_37.6541681443841370,1090010102,창동견인차량보관소,127.0506999231827194_37.6538863868738005,105.0,31.0,원활,127.0506999231827194_37.6538863868738005|127.0518361380290173_37.6541681443841370
2026-09-04T06:42:24.849833+09:00,창동 신경제 중심지,창동 신경제 중심지,POI079,KEY_4,1090007602,마들로11길,1090002703,농협창동유통센터앞교차로,127.0532009362000849_37.6544173179488553,1090010202,극동방송문화센터,127.0519660382969249_37.6542002295480955,112.0,35.0,원활,127.0519660382969249_37.6542002295480955|127.0522609278935562_37.6542727675418547|127.0525663592483170_37.6543361556009444|127.0528630944293980_37.6543783989066441|127.0532009362000849_37.6544173179488553
2026-09-04T06:42:24.849833+09:00,창동 신경제 중심지,창동 신경제 중심지,POI079,KEY_4,1090007901,노해로69길,1090010104,창동견인차량보관소,127.0505309856881695_37.6539579953053831,1090010603,환승주차장앞교차로,127.0500190410047310_37.6553009753965853,156.0,6.0,정체,127.0500190410047310_37.6553009753965853|127.0505309856881695_37.6539579953053831
2026-09-04T06:42:24.849833+09:00,창동 신경제 중심지,창동 신경제 중심지,POI079,KEY_4,1090008001,노해로69길,1090010602,환승주차장앞교차로,127.0501493968661464_37.6553317759183273,1090010101,창동견인차량보관소,127.0506608950045546_37.6539899638653495,156.0,26.0,원활,127.0506608950045546_37.6539899638653495|127.0501493968661464_37.6553317759183273
2026-09-04T06:42:24.849833+09:00,창동 신경제 중심지,창동 신경제 중심지,POI079,KEY_4,1090008002,노해로69길,1090039000,창동 808,127.0498866526589694_37.6582834096207364,1090010601,환승주차장앞교차로,127.0501093119601137_37.6554351045767106,320.0,24.0,서행,127.0501093119601137_37.6554351045767106|127.0498394187731890_37.6561185154286520|127.0498064469087751_37.6562513368248304|127.0497820437332734_37.6563946402228211|127.0497734293798260_37.6565485072733139|127.0497823736429837_37.6567003595224250|127.0498049658418580_37.6570426966649023|127.0498750568326187_37.6581047575258054|127.0498866526589694_37.6582834096207364
2026-09-04T06:42:24.849833+09:00,창동 신경제 중심지,창동 신경제 중심지,POI079,KEY_4,1090008003,노해로69길,1090003202,창동운동장앞교차로,127.0500176890655410_37.6599226131206208,1090012501,자운고등학교,127.0499559426194054_37.6593448583809760,64.0,19.0,서행,127.0499559426194054_37.6593448583809760|127.0499875040031696_37.6597610720166642|127.0500176890655410_37.6599226131206208
2026-09-04T06:42:24.849833+09:00,창동 신경제 중심지,창동 신경제 중심지,POI079,KEY_4,1090008501,마들로,1090002704,농협창동유통센터앞교차로,127.0531926661678455_37.6545256121384426,1090010803,창동열린극장교차로,127.0529077492178516_37.6559697981116415,162.0,20.0,서행,127.0529077492178516_37.6559697981116415|127.0529376525054204_37.6558251484242135|127.0529841751127407_37.6556292846411438|127.0530453407864542_37.6553546089362499|127.0531064381076902_37.6550912000013511|127.0531444844696978_37.6548907962926123|127.0531593169806825_37.6547804390951910|127.0531926661678455_37.6545256121384426
2026-09-04T06:42:24.849833+09:00,창동 신경제 중심지,창동 신경제 중심지,POI079,KEY_4,1090008503,마들로,1090042100,최소노드배치점,127.0517360672634197_37.6581815582025214,1090003202,창동운동장앞교차로,127.0500176890655410_37.6599226131206208,254.0,27.0,원활,127.0500176890655410_37.6599226131206208|127.0508493795606171_37.6594946644890030|127.0509575857941371_37.6594117031579572|127.0510758541167036_37.6593051199380682|127.0511528967889348_37.6592197861152442|127.0512329221193397_37.6591096766521360|127.0513861306880159_37.6588488722121966|127.0517360672634197_37.6581815582025214
2026-09-04T06:42:24.849833+09:00,창동 신경제 중심지,창동 신경제 중심지,POI079,KEY_4,1090008601,마들로,1090010802,창동열린극장교차로,127.0532024456634161_37.6560310399620732,1090002701,농협창동유통센터앞교차로,127.0535074980332269_37.6545489567895331,167.0,36.0,원활,127.0535074980332269_37.6545489567895331|127.0534795413420852_37.6547872850787826|127.0534280946085346_37.6550957975282401|127.0533595691476023_37.6554166394989380|127.0533201267756453_37.6556136570978808|127.0532649139748997_37.6558410349877803|127.0532024456634161_37.6560310399620732
2026-09-04T06:42:24.849833+09:00,창동 신경제 중심지,창동 신경제 중심지,POI079,KEY_4,1090008602,마들로,1090042200,최소노드배치점,127.0520531168905620_37.6582813526645026,1090010801,창동열린극장교차로,127.0531581856521797_37.6561522353032387,256.0,35.5,원활,127.0531581856521797_37.6561522353032387|127.0531323122794021_37.6562123336710997|127.0523052489814688_37.6577741420476073|127.0520531168905620_37.6582813526645026
2026-09-04T06:42:24.849833+09:00,창동 신경제 중심지,창동 신경제 중심지,POI079,KEY_4,1090009601,마들로,1090013401,창동 167-4,127.0489118939009217_37.6606289572230395,1090003204,창동운동장앞교차로,127.0499638421036508_37.6600794154383038,111.0,24.0,서행,127.0499638421036508_37.6600794154383038|127.0491745243841279_37.6604917596906716|127.0489118939009217_37.6606289572230395
2026-09-04T06:42:24.849833+09:00,창동 신경제 중심지,창동 신경제 중심지,POI079,KEY_4,1090009602,마들로,1090013501,창동 167-4,127.0476185886963236_37.6612891364181976,1090013404,창동 167-4,127.0487938245867099_37.6606897192368280,123.0,24.0,서행,127.0487938245867099_37.6606897192368280|127.0476185886963236_37.6612891364181976
2026-09-04T06:42:24.849833+09:00,창동 신경제 중심지,창동 신경제 중심지,POI079,KEY_4,1090009603,마들로,1090083700,창동 754-10,127.0468372888467457_37.6619114992761084,1090013504,창동 167-4,127.0475032887600975_37.6613477181105623,88.0,10.0,정체,127.0475032887600975_37.6613477181105623|127.0472771897853903_37.6614620891754441|127.0471587901959793_37.6615381920083365|127.0470377681162120_37.6616381330299035|127.0469427338822612_37.6617407719362305|127.0468606043055502_37.6618642498403560|127.0468372888467457_37.6619114992761084
2026-09-04T06:42:24.849833+09:00,창동 신경제 중심지,창동 신경제 중심지,POI079,KEY_4,1090019100,노해로,1090007901,이마트사거리,127.0467105834980970_37.6513747627778059,1090008302,창동삼성아파트,127.0478413401837798_37.6517150240130505,107.0,7.0,정체,127.0478413401837798_37.6517150240130505|127.0468852696467792_37.6514752569527573|127.0467105834980970_37.6513747627778059
2026-09-04T06:42:24.849833+09:00,창동 신경제 중심지,창동 신경제 중심지,POI079,KEY_4,1090019200,노해로,1090008104,서울북부지방법원등기국,127.0438886664260849_37.6514273575234313,1090008503,서울북부광역등기소,127.0438186184817511_37.6516245484087051,23.0,13.0,정체,127.0438186184817511_37.6516245484087051|127.0438886664260849_37.6514273575234313
2026-09-04T06:42:24.849833+09:00,창동 신경제 중심지,창동 신경제 중심지,POI079,KEY_4,1090019300,노해로,1090008502,서울북부광역등기소,127.0439494827538027_37.6516539354643385,1090008101,서울북부지방법원등기국,127.0440396816365904_37.6514000141311485,29.0,21.0,서행,127.0440396816365904_37.6514000141311485|127.0439494827538027_37.6516539354643385
2026-09-04T06:42:24.849833+09:00,창동 신경제 중심지,창동 신경제 중심지,POI079,KEY_4,1090019400,노해로65길,1090008603,이마트사거리,127.0464522437678454_37.6516561121472435,1090008502,서울북부광역등기소,127.0439494827538027_37.6516539354643385,238.0,9.0,정체,127.0439494827538027_37.6516539354643385|127.0446064750200179_37.6517989522029097|127.0446611672751658_37.6516566609137939|127.0453248260477750_37.6515398179121235|127.0453528909836933_37.6515390822929490|127.0458583619068094_37.6515258320844879|127.0464522437678454_37.6516561121472435
2026-09-04T06:42:24.849833+09:00,창동 신경제 중심지,창동 신경제 중심지,POI079,KEY_4,1090019700,노해로,1090007901,이마트사거리,127.0467105834980970_37.6513747627778059,1090021802,창동지하차도(동측),127.0502642079050020_37.6522089617535656,327.0,43.0,원활,127.0502642079050020_37.6522089617535656|127.0492794810403296_37.6519793948467267|127.0478628390599738_37.6516637304484831|127.0467105834980970_37.6513747627778059
2026-09-04T06:42:24.849833+09:00,창동 신경제 중심지,창동 신경제 중심지,POI079,KEY_4,1090020100,노해로,1090008504,서울북부광역등기소,127.0437810875314142_37.6517260258120885,1090009303,서울특별시북부교육지원청,127.0436075256318276_37.6521768084206414,52.0,15.0,서행,127.0436075256318276_37.6521768084206414|127.0437810875314142_37.6517260258120885
2026-09-04T06:42:24.849833+09:00,창동 신경제 중심지,창동 신경제 중심지,POI079,KEY_4,1090020200,노해로,1090009302,서울특별시북부교육지원청,127.0437381625268358_37.6522068735649924,1090008501,서울북부광역등기소,127.0439111151810465_37.6517576736682713,52.0,27.5,원활,127.0439111151810465_37.6517576736682713|127.0437381625268358_37.6522068735649924
2026-09-04T06:42:24.849833+09:00,창동 신경제 중심지,창동 신경제 중심지,POI079,KEY_4,1090020401,노해로,1090008802,도봉구보건소,127.0492599596684897_37.6520311788763564,1090021802,창동지하차도(동측),127.0502642079050020_37.6522089617535656,91.0,30.0,원활,127.0502642079050020_37.6522089617535656|127.0499849615824104_37.6522002013272115|127.0492599596684897_37.6520311788763564
2026-09-04T06:42:24.849833+09:00,창동 신경제 중심지,창동 신경제 중심지,POI079,KEY_4,1090020402,노해로,1090021802,창동지하차도(동측),127.0502642079050020_37.6522089617535656,1090009604,창4동주민센터앞교차로,127.0511276330638708_37.6524201902091278,80.0,40.0,원활,127.0511276330638708_37.6524201902091278|127.0502642079050020_37.6522089617535656
2026-09-04T06:42:24.849833+09:00,창동 신경제 중심지,창동 신경제 중심지,POI079,KEY_4,1090021200,해등로12길,1090063400,창동 313,127.0431136629325550_37.6531307651280258,1090009401,창동아파트2단지,127.0440490804142541_37.6523926268145033,126.0,19.5,서행,127.0440490804142541_37.6523926268145033|127.0439692149368796_37.6526054232594589|127.0438831887744442_37.6527865510112463|127.0437970826860692_37.6528651036506545|127.0436583473597949_37.6529506340044122|127.0435754939003203_37.6529819611717400|127.0435278911139250_37.6529938875997772|127.0432585397479528_37.6530613706037016|127.0431136629325550_37.6531307651280258
2026-09-04T06:42:24.849833+09:00,창동 신경제 중심지,창동 신경제 중심지,POI079,KEY_4,1090021400,노해로,1090041600,창동 17,127.0523219613917831_37.6532076459143141,1090009801,창4동주민센터,127.0524751925225360_37.6527803127579261,49.0,7.0,정체,127.0524751925225360_37.6527803127579261|127.0523219613917831_37.6532076459143141
2026-09-04T06:42:24.849833+09:00,창동 신경제 중심지,창동 신경제 중심지,POI079,KEY_4,1090021500,마들로11길,1090010103,창동견인차량보관소,127.0505700041465218_37.6538544201770620,1090010303,창동견인보관소앞,127.0477370548599367_37.6547730543022183,334.0,12.5,정체,127.0477370548599367_37.6547730543022183|127.0477658279710056_37.6547196018357795|127.0480897917361744_37.6539206204484387|127.0490340243173364_37.6535484764502826|127.0491908326687991_37.6535176660388800|127.0505700041465218_37.6538544201770620
2026-09-04T06:42:24.849833+09:00,창동 신경제 중심지,창동 신경제 중심지,POI079,KEY_4,1090021600,마들로11길,1090010302,창동견인보관소앞,127.0478788220612643_37.6547844833917438,1090010104,창동견인차량보관소,127.0505309856881695_37.6539579953053831,312.0,8.0,정체,127.0505309856881695_37.6539579953053831|127.0491869029716554_37.6536298084694820|127.0490810918604581_37.6536505985642478|127.0482016102326384_37.6539972231940396|127.0478933258012404_37.6547575391619631|127.0478788220612643_37.6547844833917438
2026-09-04T06:42:24.849833+09:00,창동 신경제 중심지,창동 신경제 중심지,POI079,KEY_4,1090022000,노해로63가길,1090140200,창동 253-1,127.0454165223832916_37.6545743006389628,1090009701,창동 325,127.0451951244152013_37.6526717189787234,214.0,28.5,원활,127.0451951244152013_37.6526717189787234|127.0451933896516010_37.6528373394430531|127.0451890627641234_37.6532504307674429|127.0451861866165615_37.6533547132366593|127.0451749203609921_37.6537631988765753|127.0451653221435322_37.6538501693338503|127.0451644817283636_37.6538577844143987|127.0451689381018952_37.6539035616293987|127.0452793210056939_37.6542058634360899|127.0453865833976579_37.6544996167404804|127.0454165223832916_37.6545743006389628
2026-09-04T06:42:24.849833+09:00,창동 신경제 중심지,창동 신경제 중심지,POI079,KEY_4,1090022100,마들로13길,1090080600,창동 1-12,127.0484109742130983_37.6549129102225990,1090010302,창동견인보관소앞,127.0478788220612643_37.6547844833917438,49.0,21.0,서행,127.0478788220612643_37.6547844833917438|127.0484109742130983_37.6549129102225990
2026-09-04T06:42:24.849833+09:00,창동 신경제 중심지,창동 신경제 중심지,POI079,KEY_4,1090022200,마들로13길,1090010301,창동견인보관소앞,127.0478249942618305_37.6548844814536636,1090010604,환승주차장앞교차로,127.0499789468198060_37.6554042879631865,199.0,24.0,서행,127.0499789468198060_37.6554042879631865|127.0488958360466967_37.6551429101195723|127.0483714753540312_37.6550163664097539|127.0478249942618305_37.6548844814536636
2026-09-04T06:42:24.849833+09:00,창동 신경제 중심지,창동 신경제 중심지,POI079,KEY_4,1090022700,마들로13길,1090025300,창동 1-12,127.0515185622562058_37.6556484809023360,1090010602,환승주차장앞교차로,127.0501493968661464_37.6553317759183273,126.0,20.0,서행,127.0501493968661464_37.6553317759183273|127.0515185622562058_37.6556484809023360
2026-09-04T06:42:24.849833+09:00,창동 신경제 중심지,창동 신경제 중심지,POI079,KEY_4,1090022800,마들로13길,1090010601,환승주차장앞교차로,127.0501093119601137_37.6554351045767106,1090010804,창동열린극장교차로,127.0528664193991801_37.6560728389500241,253.0,10.0,정체,127.0528664193991801_37.6560728389500241|127.0514805729431913_37.6557522943419443|127.0501093119601137_37.6554351045767106
2026-09-04T06:42:24.849833+09:00,창동 신경제 중심지,창동 신경제 중심지,POI079,KEY_4,1090023100,마들로13길,1090010303,창동견인보관소앞,127.0477370548599367_37.6547730543022183,1090011703,자운초교앞,127.0458329161900934_37.6581275500630355,413.0,25.0,원활,127.0458329161900934_37.6581275500630355|127.0462289135254110_37.6572813650045433|127.0463932541250500_37.6568944512451935|127.0465563232358051_37.6564268331624419|127.0472421607888691_37.6553884746299161|127.0474581288074347_37.6550614920549407|127.0476011819743576_37.6548366960861500|127.0476614770812205_37.6547887097468248|127.0477370548599367_37.6547730543022183
2026-09-04T06:42:24.849833+09:00,창동 신경제 중심지,창동 신경제 중심지,POI079,KEY_4,1090023200,마들로13길,1090113200,창동 135-84,127.0473625603757881_37.6554387405282114,1090010304,창동견인보관소앞,127.0476693650736166_37.6548988028347651,66.0,25.3,원활,127.0476693650736166_37.6548988028347651|127.0475790072573972_37.6551110325286515|127.0473625603757881_37.6554387405282114
2026-09-04T06:42:24.849833+09:00,창동 신경제 중심지,창동 신경제 중심지,POI079,KEY_4,1090025500,마들로13길,1090011704,자운초교앞,127.0457848371309240_37.6582173762313985,1090012903,창동 182-42,127.0452405267065643_37.6594275559219440,143.0,26.7,원활,127.0452405267065643_37.6594275559219440|127.0452856378431363_37.6592700887861511|127.0454740499835680_37.6587549827164807|127.0455877139170866_37.6585375202288759|127.0457848371309240_37.6582173762313985
2026-09-04T06:42:24.849833+09:00,창동 신경제 중심지,창동 신경제 중심지,POI079,KEY_4,1090025600,마들로13길,1090012902,창동 181-43,127.0453731275255507_37.6594515649138302,1090011701,자운초교앞,127.0459069829019256_37.6582649115694394,140.0,26.0,원활,127.0459069829019256_37.6582649115694394|127.0457116955399357_37.6585820735511234|127.0456025303731451_37.6587909309425939|127.0454173469814236_37.6592972108555131|127.0453731275255507_37.6594515649138302
2026-09-04T06:42:24.849833+09:00,창동 신경제 중심지,창동 신경제 중심지,POI079,KEY_4,1090026700,도봉로136길,1090013301,가인지하차도(동측),127.0467851587121118_37.6601264554493653,1090012401,가인지하차도(서측),127.0434019690758447_37.6592482191792328,323.0,44.0,원활,127.0434019690758447_37.6592482191792328|127.0449459729015445_37.6594408745348090|127.0452889685188040_37.6594937760274107|127.0459094737849597_37.6595883924112016|127.0460871253542479_37.6596493826614847|127.0462164208273634_37.6597119908414797|127.0463552639532452_37.6597916263826491|127.0465013091322248_37.6598868585154847|127.0466299946581330_37.6599841362507490|127.0467851587121118_37.6601264554493653
2026-09-04T06:42:24.849833+09:00,창동 신경제 중심지,창동 신경제 중심지,POI079,KEY_4,1090026800,도봉로136길,1090012402,가인지하차도(서측),127.0433808066038495_37.6593550194173048,1090013302,가인지하차도(동측),127.0466786690014942_37.6601935346289025,314.0,41.0,원활,127.0466786690014942_37.6601935346289025|127.0465315242048092_37.6600588908333620|127.0464112099059975_37.6599679417970634|127.0462722745903932_37.6598773459194049|127.0461411508791230_37.6598021364880324|127.0460244898846156_37.6597456490715601|127.0458692292156115_37.6596923435053981|127.0452632093449523_37.6595999359672575|127.0449224698914605_37.6595473831225434|127.0433808066038495_37.6593550194173048
2026-09-04T06:42:24.849833+09:00,창동 신경제 중심지,창동 신경제 중심지,POI079,KEY_4,1090027300,도봉로136길,1090013301,가인지하차도(동측),127.0467851587121118_37.6601264554493653,1090012902,창동 181-43,127.0453731275255507_37.6594515649138302,153.0,27.0,원활,127.0453731275255507_37.6594515649138302|127.0459295954603931_37.6595364159575396|127.0461184430292576_37.6596012507948927|127.0462540574332451_37.6596669179990613|127.0463967585631337_37.6597487665919459|127.0465463603726590_37.6598463181993139|127.0466561771203970_37.6599293322028927|127.0466792286765667_37.6599467575772948|127.0467851587121118_37.6601264554493653
2026-09-04T06:42:24.849833+09:00,창동 신경제 중심지,창동 신경제 중심지,POI079,KEY_4,1090027400,도봉로136길,1090012901,창동 181-33,127.0453095442338025_37.6596620454681101,1090013302,가인지하차도(동측),127.0466786690014942_37.6601935346289025,138.0,32.0,원활,127.0466786690014942_37.6601935346289025|127.0464822889049401_37.6600962694450274|127.0464497241137707_37.6600716525110428|127.0463661585185804_37.6600084820608672|127.0462307798373871_37.6599202056654789|127.0461035141367887_37.6598472092934813|127.0459931720883304_37.6597937809121106|127.0458491074561209_37.6597443199474213|127.0453095442338025_37.6596620454681101
2026-09-04T06:42:24.849833+09:00,창동 신경제 중심지,창동 신경제 중심지,POI079,KEY_4,1090028600,마들로13길,1090012904,창동 182-42,127.0451777079419315_37.6596355056669410,1090015003,방학동이수아파트,127.0447749280397005_37.6626683866843237,339.0,28.0,원활,127.0447749280397005_37.6626683866843237|127.0447781799507965_37.6625605684919194|127.0448094776364343_37.6622725926075290|127.0448330271749455_37.6620559074054384|127.0448660408917902_37.6617521377958155|127.0449787657496898_37.6607266113725672|127.0450308716217052_37.6602367359613410|127.0451179019524801_37.6598232692942716|127.0451777079419315_37.6596355056669410
2026-09-04T06:42:24.849833+09:00,창동 신경제 중심지,창동 신경제 중심지,POI079,KEY_4,1090028700,마들로13길,1090048100,창동 752-1,127.0449685240468511_37.6620652137489174,1090012901,창동 181-33,127.0453095442338025_37.6596620454681101,269.0,33.0,원활,127.0453095442338025_37.6596620454681101|127.0452511118152614_37.6598454986423690|127.0451659196911294_37.6602502350921071|127.0451142654643348_37.6607358721721113|127.0450015311825638_37.6617614969333161|127.0449685240468511_37.6620652137489174
2026-09-04T06:42:24.849833+09:00,창동 신경제 중심지,창동 신경제 중심지,POI079,KEY_4,1090028800,방학로,1090107800,창동 744-14,127.0489627249143183_37.6608726014257869,1090013401,창동 167-4,127.0489118939009217_37.6606289572230395,28.0,19.0,서행,127.0489118939009217_37.6606289572230395|127.0489498056694089_37.6607209344841678|127.0489678202076931_37.6608041551679591|127.0489627249143183_37.6608726014257869
2026-09-04T06:42:24.849833+09:00,창동 신경제 중심지,창동 신경제 중심지,POI079,KEY_4,1090045500,노해로,1090009901,도봉경찰서앞교차로,127.0535457248374058_37.6529848170747670,1100036102,도봉구-노원구,127.0542201693494775_37.6530495292574159,60.0,11.0,정체,127.0542201693494775_37.6530495292574159|127.0535457248374058_37.6529848170747670
2026-09-04T06:42:24.849833+09:00,창동 신경제 중심지,창동 신경제 중심지,POI079,KEY_4,1100003501,동일로,1100118800,상계동 729,127.0607516169090445_37.6535093850099329,1100037200,노원역6번출구,127.0606630381764859_37.6538422534128969,38.0,21.5,서행,127.0606630381764859_37.6538422534128969|127.0607516169090445_37.6535093850099329
2026-09-04T06:42:24.849833+09:00,창동 신경제 중심지,창동 신경제 중심지,POI079,KEY_4,1100003502,동일로,1100037200,노원역6번출구,127.0606630381764859_37.6538422534128969,1100037803,노원역,127.0605624598929069_37.6542202110494344,43.0,14.0,정체,127.0605624598929069_37.6542202110494344|127.0606630381764859_37.6538422534128969
2026-09-04T06:42:24.849833+09:00,창동 신경제 중심지,창동 신경제 중심지,POI079,KEY_4,1100003601,동일로,1100118900,상계동 729,127.0608846580693978_37.6535317641635459,1100035101,상계2-6단지교차로,127.0614219272701604_37.6515126919265697,229.0,26.0,원활,127.0614219272701604_37.6515126919265697|127.0608846580693978_37.6535317641635459
2026-09-04T06:42:24.849833+09:00,창동 신경제 중심지,창동 신경제 중심지,POI079,KEY_4,1100003602,동일로,1100037802,노원역,127.0606939292530768_37.6542485022336564,1100037300,노원역5번출구,127.0607960800482061_37.6538646319994967,44.0,26.0,원활,127.0607960800482061_37.6538646319994967|127.0606939292530768_37.6542485022336564
2026-09-04T06:42:24.849833+09:00,창동 신경제 중심지,창동 신경제 중심지,POI079,KEY_4,1100003803,동부간선도로,1100037402,노원지하차도(북측),127.0551494676314945_37.6548162517717628,1100036201,창동교앞교차로,127.0552628560590733_37.6531854240254873,181.0,26.5,정체,127.0552628560590733_37.6531854240254873|127.0552456307809450_37.6533636469401856|127.0552101207977955_37.6538556847095762|127.0551835032701860_37.6543636332209246|127.0551494676314945_37.6548162517717628
2026-09-04T06:42:24.849833+09:00,창동 신경제 중심지,창동 신경제 중심지,POI079,KEY_4,1100003901,동일로,1100037804,노원역,127.0605341697180251_37.6543260636008839,1100038700,노원역,127.0604128401212449_37.6547779132650504,51.0,21.0,서행,127.0604128401212449_37.6547779132650504|127.0605341697180251_37.6543260636008839
2026-09-04T06:42:24.849833+09:00,창동 신경제 중심지,창동 신경제 중심지,POI079,KEY_4,1100003902,동일로,1100038700,노원역,127.0604128401212449_37.6547779132650504,1100039503,노원역앞교차로,127.0602010162035356_37.6555667697837535,90.0,17.0,서행,127.0602010162035356_37.6555667697837535|127.0604128401212449_37.6547779132650504
2026-09-04T06:42:24.849833+09:00,창동 신경제 중심지,창동 신경제 중심지,POI079,KEY_4,1100004001,동일로,1100038900,노원역3번출구,127.0605458327495398_37.6548004858661827,1100037801,노원역,127.0606655841639991_37.6543545069205265,51.0,21.0,서행,127.0606655841639991_37.6543545069205265|127.0605458327495398_37.6548004858661827
2026-09-04T06:42:24.849833+09:00,창동 신경제 중심지,창동 신경제 중심지,POI079,KEY_4,1100004002,동일로,1100039502,노원역앞교차로,127.0603323409069105_37.6555955551666415,1100038900,노원역3번출구,127.0605458327495398_37.6548004858661827,90.0,9.0,정체,127.0605458327495398_37.6548004858661827|127.0603323409069105_37.6555955551666415
2026-09-04T06:42:24.849833+09:00,창동 신경제 중심지,창동 신경제 중심지,POI079,KEY_4,1100029501,노해로,1100037801,노원역,127.0606655841639991_37.6543545069205265,1100038000,노원역4번출구,127.0611922548889794_37.6544740751006302,48.0,23.0,서행,127.0611922548889794_37.6544740751006302|127.0606655841639991_37.6543545069205265
2026-09-04T06:42:24.849833+09:00,창동 신경제 중심지,창동 신경제 중심지,POI079,KEY_4,1100004201,동부간선도로,1100043101,상계지하차도(남측),127.0531634037664475_37.6594394033891433,1100037401,노원지하차도(북측),127.0550810735712162_37.6548136821399666,544.0,27.0,정체,127.0550810735712162_37.6548136821399666|127.0550754183786353_37.6548876545282312|127.0550350064868041_37.6552723414702726|127.0549942605154996_37.6555073222257377|127.0549352651446071_37.6557679705295314|127.0548623434530811_37.6559895280506751|127.0547626410769055_37.6562386436802115|127.0546675664509024_37.6564477895056200|127.0538272151033539_37.6581441321275960|127.0535934935571163_37.6585986829488846|127.0533198010285787_37.6591310330955693|127.0532160703950382_37.6593465262757903|127.0531634037664475_37.6594394033891433
2026-09-04T06:42:24.849833+09:00,창동 신경제 중심지,창동 신경제 중심지,POI079,KEY_4,1100004202,동부간선로,1100044002,상계교교차로,127.0525798753311761_37.6616411735135159,1100043102,상계지하차도(남측),127.0532250211979317_37.6594615199293088,251.0,5.0,정체,127.0532250211979317_37.6594615199293088|127.0531517721649379_37.6595913943188663|127.0528975679072374_37.6600530138720373|127.0528163525555527_37.6602266198494746|127.0527703698594024_37.6603765367210812|127.0527359662938949_37.6605618650752021|127.0525798753311761_37.6616411735135159
2026-09-04T06:42:24.849833+09:00,창동 신경제 중심지,창동 신경제 중심지,POI079,KEY_4,1100004304,동일로,1100093400,상계동 694-1,127.0595508065029549_37.6580171134395840,1100041708,용화여자고등학교,127.0591558684395892_37.6595067387207934,169.0,50.0,원활,127.0591558684395892_37.6595067387207934|127.0594096658789312_37.6585508591550990|127.0594376678546524_37.6584451578996706|127.0595508065029549_37.6580171134395840
2026-09-04T06:42:24.849833+09:00,창동 신경제 중심지,창동 신경제 중심지,POI079,KEY_4,1100004401,동일로,1100185600,상계동 694-1,127.0601844029978480_37.6561522066921412,1100039501,노원역앞교차로,127.0603040465450704_37.6557015653982390,51.0,22.0,서행,127.0603040465450704_37.6557015653982390|127.0601844029978480_37.6561522066921412
2026-09-04T06:42:24.849833+09:00,창동 신경제 중심지,창동 신경제 중심지,POI079,KEY_4,1100004702,동부간선로,1100044004,상계교교차로,127.0523149905146738_37.6617776542323384,1100044402,상계지하차도(북측),127.0520378561055281_37.6642215993765177,272.0,34.0,서행,127.0520378561055281_37.6642215993765177|127.0521212250492056_37.6635823328015462|127.0522193701827547_37.6625462296288589|127.0522777575375244_37.6620180125495523|127.0523149905146738_37.6617776542323384
2026-09-04T06:42:24.849833+09:00,창동 신경제 중심지,창동 신경제 중심지,POI079,KEY_4,1100004802,동부간선도로,1100002702,상계동699,127.0523840965415587_37.6643456310184632,1100044001,상계교교차로,127.0525935255395922_37.6617487454504882,291.0,38.0,서행,127.0525935255395922_37.6617487454504882|127.0525483028963407_37.6620406979734881|127.0524904805265578_37.6625638117754420|127.0523921692619922_37.6636017117993660|127.0523115180185556_37.6642197151095530|127.0523445020438800_37.6642879542847595|127.0523840965415587_37.6643456310184632
2026-09-04T06:42:24.849833+09:00,창동 신경제 중심지,창동 신경제 중심지,POI079,KEY_4,1100027502,동일로215길,1100088500,상계동 744,127.0607971399296048_37.6513759115603364,1100035104,상계2-6단지교차로,127.0612907362999096_37.6514833723335016,45.0,18.0,서행,127.0612907362999096_37.6514833723335016|127.0607971399296048_37.6513759115603364
2026-09-04T06:42:24.849833+09:00,창동 신경제 중심지,창동 신경제 중심지,POI079,KEY_4,1100028502,노해로,1100036102,도봉구-노원구,127.0542201693494775_37.6530495292574159,1100036204,창동교앞교차로,127.0549921462478125_37.6531412853505643,69.0,15.5,서행,127.0549921462478125_37.6531412853505643|127.0542201693494775_37.6530495292574159
2026-09-04T06:42:24.849833+09:00,창동 신경제 중심지,창동 신경제 중심지,POI079,KEY_4,1100028703,노해로,1100160200,상계동 739,127.0568037160892487_37.6535154115881099,1100037004,상계6동우체국,127.0575257719759037_37.6536755591483541,66.0,34.0,원활,127.0575257719759037_37.6536755591483541|127.0568037160892487_37.6535154115881099
2026-09-04T06:42:24.849833+09:00,창동 신경제 중심지,창동 신경제 중심지,POI079,KEY_4,1100028704,노해로,1100037001,상계6동우체국,127.0576567470603919_37.6537047057676091,1100037504,현대증권빌딩,127.0593355635265027_37.6540794845506213,154.0,26.7,원활,127.0593355635265027_37.6540794845506213|127.0576567470603919_37.6537047057676091
2026-09-04T06:42:24.849833+09:00,창동 신경제 중심지,창동 신경제 중심지,POI079,KEY_4,1100028705,노해로,1100037501,현대증권빌딩,127.0594668905893343_37.6541075996395733,1100037700,노원역7번출구,127.0599891684443605_37.6542145073474472,48.0,24.0,서행,127.0599891684443605_37.6542145073474472|127.0594668905893343_37.6541075996395733
2026-09-04T06:42:24.849833+09:00,창동 신경제 중심지,창동 신경제 중심지,POI079,KEY_4,1100028706,노해로,1100037700,노원역7번출구,127.0599891684443605_37.6542145073474472,1100037804,노원역,127.0605341697180251_37.6543260636008839,50.0,24.0,서행,127.0605341697180251_37.6543260636008839|127.0599891684443605_37.6542145073474472
2026-09-04T06:42:24.849833+09:00,창동 신경제 중심지,창동 신경제 중심지,POI079,KEY_4,1100028803,노해로,1100037600,노원역7번출구,127.0600230742874572_37.6541098040533271,1100037002,상계6동우체국,127.0576932921409679_37.6536005651398114,213.0,31.0,원활,127.0576932921409679_37.6536005651398114|127.0593723237605417_37.6539753916879150|127.0595007964826095_37.6540028963630675|127.0600230742874572_37.6541098040533271
2026-09-04T06:42:24.849833+09:00,창동 신경제 중심지,창동 신경제 중심지,POI079,KEY_4,1100028805,노해로,1100037803,노원역,127.0605624598929069_37.6542202110494344,1100037600,노원역7번출구,127.0600230742874572_37.6541098040533271,49.0,24.0,서행,127.0600230742874572_37.6541098040533271|127.0605624598929069_37.6542202110494344
2026-09-04T06:42:24.849833+09:00,창동 신경제 중심지,창동 신경제 중심지,POI079,KEY_4,1100029502,노해로,1100038000,노원역4번출구,127.0611922548889794_37.6544740751006302,1100038304,롯데백화점(노원점),127.0617632535381034_37.6546037047608451,52.0,12.0,정체,127.0617632535381034_37.6546037047608451|127.0611922548889794_37.6544740751006302
2026-09-04T06:42:24.849833+09:00,창동 신경제 중심지,창동 신경제 중심지,POI079,KEY_4,1100029505,노해로,1100103700,상계동 719,127.0661512914501827_37.6555939228266112,1100039604,상계6·7동주민센터앞교차로,127.0669426069039787_37.6557717283692170,73.0,29.0,원활,127.0669426069039787_37.6557717283692170|127.0661512914501827_37.6555939228266112
2026-09-04T06:42:24.849833+09:00,창동 신경제 중심지,창동 신경제 중심지,POI079,KEY_4,1100029506,노해로,1100038802,한국통신상계,127.0632123465894381_37.6549326661265553,1100038809,상계동323-18,127.0644139438269349_37.6552035258636266,110.0,17.0,서행,127.0644139438269349_37.6552035258636266|127.0635781881673267_37.6550157137258239|127.0632123465894381_37.6549326661265553
2026-09-04T06:42:24.849833+09:00,창동 신경제 중심지,창동 신경제 중심지,POI079,KEY_4,1100029601,노해로,1100037900,노원역4번출구,127.0612295934649723_37.6543701129946840,1100037802,노원역,127.0606939292530768_37.6542485022336564,49.0,18.0,서행,127.0606939292530768_37.6542485022336564|127.0612295934649723_37.6543701129946840
2026-09-04T06:42:24.849833+09:00,창동 신경제 중심지,창동 신경제 중심지,POI079,KEY_4,1100029602,노해로,1100038303,롯데백화점(노원점),127.0618005912647845_37.6544997424504331,1100037900,노원역4번출구,127.0612295934649723_37.6543701129946840,52.0,18.0,서행,127.0612295934649723_37.6543701129946840|127.0618005912647845_37.6544997424504331
2026-09-04T06:42:24.849833+09:00,창동 신경제 중심지,창동 신경제 중심지,POI079,KEY_4,1100029605,노해로,1100038808,상계동323-18,127.0644509316282296_37.6550994845618874,1100038803,한국통신상계,127.0632496825551527_37.6548287033200779,110.0,20.0,서행,127.0632496825551527_37.6548287033200779|127.0636153513994913_37.6549117113266902|127.0644509316282296_37.6550994845618874
2026-09-04T06:42:24.849833+09:00,창동 신경제 중심지,창동 신경제 중심지,POI079,KEY_4,1100029701,상계로,1100038102,노원지하차도,127.0552186408102813_37.6546214256784779,1100038604,속성변화점,127.0557908711694211_37.6547236267635412,52.0,17.0,서행,127.0557908711694211_37.6547236267635412|127.0553671834377667_37.6546338968271357|127.0552186408102813_37.6546214256784779
2026-09-04T06:42:24.849833+09:00,창동 신경제 중심지,창동 신경제 중심지,POI079,KEY_4,1100029702,상계로,1100038604,속성변화점,127.0557908711694211_37.6547236267635412,1100039104,노원구보건소,127.0570870474215752_37.6550080356744132,119.0,23.0,서행,127.0570870474215752_37.6550080356744132|127.0559208786339127_37.6547516866268239|127.0557908711694211_37.6547236267635412
2026-09-04T06:42:24.849833+09:00,창동 신경제 중심지,창동 신경제 중심지,POI079,KEY_4,1100029703,상계로,1100039101,노원구보건소,127.0572186143952251_37.6550367765186706,1100039404,상계동 739-4,127.0588643202721642_37.6553939512818587,151.0,34.0,원활,127.0588643202721642_37.6553939512818587|127.0572186143952251_37.6550367765186706
2026-09-04T06:42:24.849833+09:00,창동 신경제 중심지,창동 신경제 중심지,POI079,KEY_4,1100029704,상계로,1100039401,상계동 739-4,127.0589962601925151_37.6554223038178080,1100039504,노원역앞교차로,127.0601727301481390_37.6556726739564454,107.0,25.0,원활,127.0601727301481390_37.6556726739564454|127.0589962601925151_37.6554223038178080
2026-09-04T06:42:24.849833+09:00,창동 신경제 중심지,창동 신경제 중심지,POI079,KEY_4,1100029801,상계로,1100038603,노원구청,127.0558258743156728_37.6546191522476619,1100038101,노원지하차도,127.0552330818509006_37.6545130739862657,54.0,33.0,원활,127.0552330818509006_37.6545130739862657|127.0553919493096799_37.6545272539378431|127.0558258743156728_37.6546191522476619
2026-09-04T06:42:24.849833+09:00,창동 신경제 중심지,창동 신경제 중심지,POI079,KEY_4,1100029802,상계로,1100039103,노원구보건소,127.0571232861294249_37.6549038277198562,1100038602,노원구청,127.0559571188478429_37.6546474790247601,107.0,33.0,원활,127.0559571188478429_37.6546474790247601|127.0571232861294249_37.6549038277198562
2026-09-04T06:42:24.849833+09:00,창동 신경제 중심지,창동 신경제 중심지,POI079,KEY_4,1100029803,상계로,1100039403,상계동 739-4,127.0589001317584064_37.6552896493156339,1100039102,노원구보건소,127.0572544280862672_37.6549324748313055,151.0,28.0,원활,127.0572544280862672_37.6549324748313055|127.0589001317584064_37.6552896493156339
2026-09-04T06:42:24.849833+09:00,창동 신경제 중심지,창동 신경제 중심지,POI079,KEY_4,1100029804,상계로,1100039503,노원역앞교차로,127.0602010162035356_37.6555667697837535,1100039402,상계동 739-4,127.0590314243780483_37.6553178631760161,107.0,14.0,정체,127.0590314243780483_37.6553178631760161|127.0602010162035356_37.6555667697837535
2026-09-04T06:42:24.849833+09:00,창동 신경제 중심지,창동 신경제 중심지,POI079,KEY_4,1100030102,상계로,1100039501,노원역앞교차로,127.0603040465450704_37.6557015653982390,1100039809,성임빌딩,127.0616502820933391_37.6560069404642164,124.0,12.0,정체,127.0616502820933391_37.6560069404642164|127.0614128756597694_37.6559527379808969|127.0612824146659250_37.6559230764615549|127.0603040465450704_37.6557015653982390
2026-09-04T06:42:24.849833+09:00,창동 신경제 중심지,창동 신경제 중심지,POI079,KEY_4,1100030105,상계로,1100039802,노원역(서울4호선),127.0625678182361469_37.6562131766042825,1100039909,노원역(서울4호선),127.0640678531407275_37.6565499966003827,138.0,21.0,서행,127.0640678531407275_37.6565499966003827|127.0625678182361469_37.6562131766042825
2026-09-04T06:42:24.849833+09:00,창동 신경제 중심지,창동 신경제 중심지,POI079,KEY_4,1100030106,상계로,1100039806,성임빌딩,127.0617837261973904_37.6560371069540665,1100039805,노원역(서울4호선),127.0624372787817009_37.6561838640661151,60.0,17.0,서행,127.0624372787817009_37.6561838640661151|127.0617837261973904_37.6560371069540665
2026-09-04T06:42:24.849833+09:00,창동 신경제 중심지,창동 신경제 중심지,POI079,KEY_4,1100030201,상계로,1100039703,상계동 689-4,127.0613196600456689_37.6558190928418952,1100039502,노원역앞교차로,127.0603323409069105_37.6555955551666415,91.0,20.0,서행,127.0603323409069105_37.6555955551666415|127.0613196600456689_37.6558190928418952
2026-09-04T06:42:24.849833+09:00,창동 신경제 중심지,창동 신경제 중심지,POI079,KEY_4,1100030202,상계로,1100039807,속성변화점,127.0618206904819658_37.6559330592462373,1100039702,상계동 689-4,127.0614504112961498_37.6558488199526451,34.0,13.0,정체,127.0614504112961498_37.6558488199526451|127.0616878173730271_37.6559030221767657|127.0618206904819658_37.6559330592462373
2026-09-04T06:42:24.849833+09:00,창동 신경제 중심지,창동 신경제 중심지,POI079,KEY_4,1100030204,상계로,1100040303,상계초교입구교차로,127.0665586801028297_37.6570292785576513,1100039907,노원역(서울4호선),127.0642133857384408_37.6564684562337533,216.0,16.0,서행,127.0642133857384408_37.6564684562337533|127.0644207962196788_37.6565084470902249|127.0660464057039434_37.6568757110014403|127.0662363313010133_37.6569249576004239|127.0664049700920941_37.6569758547641200|127.0665586801028297_37.6570292785576513
2026-09-04T06:42:24.849833+09:00,창동 신경제 중심지,창동 신경제 중심지,POI079,KEY_4,1100030205,상계로,1100039804,노원역(서울4호선),127.0624656337716658_37.6560778831310046,1100039807,속성변화점,127.0618206904819658_37.6559330592462373,59.0,14.0,정체,127.0618206904819658_37.6559330592462373|127.0624656337716658_37.6560778831310046
2026-09-04T06:42:24.849833+09:00,창동 신경제 중심지,창동 신경제 중심지,POI079,KEY_4,1100030206,상계로,1100039908,노원역(서울4호선),127.0640829296194312_37.6564410345314258,1100039803,노원역(서울4호선),127.0625965572083089_37.6561072819066283,136.0,11.0,정체,127.0625965572083089_37.6561072819066283|127.0640829296194312_37.6564410345314258
2026-09-04T06:42:24.849833+09:00,창동 신경제 중심지,창동 신경제 중심지,POI079,KEY_4,1100030300,노원로,1100172100,상계동 330-40,127.0668101330512201_37.6562287061040379,1100040303,상계초교입구교차로,127.0665586801028297_37.6570292785576513,92.0,28.0,원활,127.0665586801028297_37.6570292785576513|127.0666084395444670_37.6569244507512124|127.0668101330512201_37.6562287061040379
2026-09-04T06:42:24.849833+09:00,창동 신경제 중심지,창동 신경제 중심지,POI079,KEY_4,1100032101,노원로,1100223800,상계동 699,127.0556231703667009_37.6613970760336585,1100044002,상계교교차로,127.0525798753311761_37.6616411735135159,270.0,27.0,원활,127.0525798753311761_37.6616411735135159|127.0556231703667009_37.6613970760336585
2026-09-04T06:42:24.849833+09:00,창동 신경제 중심지,창동 신경제 중심지,POI079,KEY_4,1100032102,노원로,1100043503,온수골사거리,127.0587224144695284_37.6611391975146930,1100043802,상계10단지앞,127.0563734840975627_37.6613366921959454,208.0,18.7,서행,127.0563734840975627_37.6613366921959454|127.0587224144695284_37.6611391975146930
2026-09-04T06:42:24.849833+09:00,창동 신경제 중심지,창동 신경제 중심지,POI079,KEY_4,1100032201,노원로,1100044001,상계교교차로,127.0525935255395922_37.6617487454504882,1100043804,상계10단지앞,127.0562460888175451_37.6614557692127931,324.0,21.3,서행,127.0562460888175451_37.6614557692127931|127.0556368248604571_37.6615046469845751|127.0525935255395922_37.6617487454504882
2026-09-04T06:42:24.849833+09:00,창동 신경제 중심지,창동 신경제 중심지,POI079,KEY_4,1100032202,노원로,1100043801,상계10단지앞,127.0563877863022952_37.6614442102939790,1100043504,온수골사거리,127.0586926817611158_37.6612504184423145,205.0,40.0,원활,127.0586926817611158_37.6612504184423145|127.0563877863022952_37.6614442102939790
2026-09-04T06:42:24.849833+09:00,창동 신경제 중심지,창동 신경제 중심지,POI079,KEY_4,1100032704,방학로,1100044003,상계교교차로,127.0522948218053756_37.6616707337914249,1100044102,도봉구-노원구,127.0513629359133034_37.6617818231301555,83.0,16.0,서행,127.0513629359133034_37.6617818231301555|127.0522948218053756_37.6616707337914249
2026-09-04T06:42:24.849833+09:00,창동 신경제 중심지,창동 신경제 중심지,POI079,KEY_4,1100032804,방학로,1100044101,도봉구-노원구,127.0513817650416115_37.6618888939088308,1100044004,상계교교차로,127.0523149905146738_37.6617776542323384,83.0,25.0,원활,127.0523149905146738_37.6617776542323384|127.0513817650416115_37.6618888939088308
2026-09-04T06:42:24.849833+09:00,창동 신경제 중심지,창동 신경제 중심지,POI079,KEY_4,1100067900,동부간선도로,1100037401,노원지하차도(북측),127.0550810735712162_37.6548136821399666,1100035501,노원지하차도(남측),127.0554050195968330_37.6508008456765353,446.0,24.0,정체,127.0554050195968330_37.6508008456765353|127.0553755713891064_37.6511968811547604|127.0553086107411360_37.6519628930263153|127.0552148689220360_37.6528133123426869|127.0551981671509765_37.6531233789090294|127.0551777961183291_37.6533602558558158|127.0551422352250341_37.6538530117120587|127.0551156205709873_37.6543608728118500|127.0550810735712162_37.6548136821399666
2026-09-04T06:42:24.849833+09:00,창동 신경제 중심지,창동 신경제 중심지,POI079,KEY_4,1100068300,동일로218길,1100190200,상계동 720,127.0634051589872087_37.6539899608348563,1100038804,한국통신상계,127.0631180288482369_37.6548015342588300,94.0,14.0,정체,127.0631180288482369_37.6548015342588300|127.0634051589872087_37.6539899608348563
2026-09-04T06:42:24.849833+09:00,창동 신경제 중심지,창동 신경제 중심지,POI079,KEY_4,1100069300,동일로,1100037200,노원역6번출구,127.0606630381764859_37.6538422534128969,1100037600,노원역7번출구,127.0600230742874572_37.6541098040533271,68.0,14.0,정체,127.0600230742874572_37.6541098040533271|127.0602705087191140_37.6541077984462618|127.0603724161650518_37.6540624530492423|127.0605252744344114_37.6539932432403148|127.0606630381764859_37.6538422534128969
2026-09-04T06:42:24.849833+09:00,창동 신경제 중심지,창동 신경제 중심지,POI079,KEY_4,1100069400,동일로,1100037900,노원역4번출구,127.0612295934649723_37.6543701129946840,1100037300,노원역5번출구,127.0607960800482061_37.6538646319994967,74.0,18.0,서행,127.0607960800482061_37.6538646319994967|127.0609302512468730_37.6542385713914243|127.0610202599500411_37.6543100403441784|127.0612295934649723_37.6543701129946840
2026-09-04T06:42:24.849833+09:00,창동 신경제 중심지,창동 신경제 중심지,POI079,KEY_4,1100069700,노해로75길,1100037004,상계6동우체국,127.0575257719759037_37.6536755591483541,1100039103,노원구보건소,127.0571232861294249_37.6549038277198562,141.0,21.0,서행,127.0571232861294249_37.6549038277198562|127.0572338384282887_37.6545664587634334|127.0573890950643516_37.6540926616434675|127.0575257719759037_37.6536755591483541
2026-09-04T06:42:24.849833+09:00,창동 신경제 중심지,창동 신경제 중심지,POI079,KEY_4,1100069800,노해로75길,1100147500,상계동 739-1,127.0575206901786345_37.6541199193935867,1100037001,상계6동우체국,127.0576567470603919_37.6537047057676091,48.0,20.0,서행,127.0576567470603919_37.6537047057676091|127.0575206901786345_37.6541199193935867
2026-09-04T06:42:24.849833+09:00,창동 신경제 중심지,창동 신경제 중심지,POI079,KEY_4,1100069900,동일로,1100037700,노원역7번출구,127.0599891684443605_37.6542145073474472,1100038700,노원역,127.0604128401212449_37.6547779132650504,77.0,24.0,서행,127.0604128401212449_37.6547779132650504|127.0603608138007559_37.6545463811312402|127.0602407202623709_37.6543485822872128|127.0599891684443605_37.6542145073474472
2026-09-04T06:42:24.849833+09:00,창동 신경제 중심지,창동 신경제 중심지,POI079,KEY_4,1100070000,동일로,1100038900,노원역3번출구,127.0605458327495398_37.6548004858661827,1100038000,노원역4번출구,127.0611922548889794_37.6544740751006302,71.0,9.0,정체,127.0611922548889794_37.6544740751006302|127.0609184791477588_37.6545103362795928|127.0607056837969111_37.6546177196376206|127.0605458327495398_37.6548004858661827
2026-09-04T06:42:24.849833+09:00,창동 신경제 중심지,창동 신경제 중심지,POI079,KEY_4,1100070100,노해로77길,1100090700,상계동 739-1,127.0590171828737880_37.6549643414511834,1100039403,상계동 739-4,127.0589001317584064_37.6552896493156339,38.0,9.0,정체,127.0589001317584064_37.6552896493156339|127.0590171828737880_37.6549643414511834
2026-09-04T06:42:24.849833+09:00,창동 신경제 중심지,창동 신경제 중심지,POI079,KEY_4,1100070200,노해로77길,1100118600,상계동 739-1,127.0593163588078909_37.6545259676868156,1100037501,현대증권빌딩,127.0594668905893343_37.6541075996395733,48.0,10.0,정체,127.0594668905893343_37.6541075996395733|127.0593163588078909_37.6545259676868156
2026-09-04T06:42:24.849833+09:00,창동 신경제 중심지,창동 신경제 중심지,POI079,KEY_4,1100070900,노해로79길,1100038304,롯데백화점(노원점),127.0617632535381034_37.6546037047608451,1100039703,상계동 689-4,127.0613196600456689_37.6558190928418952,140.0,9.0,정체,127.0613196600456689_37.6558190928418952|127.0616408947781792_37.6549389558808443|127.0617632535381034_37.6546037047608451
2026-09-04T06:42:24.849833+09:00,창동 신경제 중심지,창동 신경제 중심지,POI079,KEY_4,1100071000,노해로79길,1100146800,상계동 719-2,127.0617714966166574_37.6549690860650941,1100038301,롯데백화점(노원점),127.0618941423685868_37.6546330462088719,39.0,12.0,정체,127.0618941423685868_37.6546330462088719|127.0617714966166574_37.6549690860650941
2026-09-04T06:42:24.849833+09:00,창동 신경제 중심지,창동 신경제 중심지,POI079,KEY_4,1100072000,상계로1길,1100133400,상계동 689-4,127.0616502907192000_37.6573404427585388,1100039806,성임빌딩,127.0617837261973904_37.6560371069540665,145.0,8.0,정체,127.0617837261973904_37.6560371069540665|127.0617482803136795_37.6563984504689628|127.0617152285937692_37.6567353841633903|127.0616949446273480_37.6569243810628436|127.0616502907192000_37.6573404427585388
2026-09-04T06:42:24.849833+09:00,창동 신경제 중심지,창동 신경제 중심지,POI079,KEY_4,1100072902,상계로5길,1100039909,노원역(서울4호선),127.0640678531407275_37.6565499966003827,1100039903,노원역(서울4호선),127.0635616066518736_37.6569896866315688,103.0,7.0,정체,127.0635616066518736_37.6569896866315688|127.0640509403867071_37.6570758608014131|127.0640678531407275_37.6565499966003827
2026-09-04T06:42:24.849833+09:00,창동 신경제 중심지,창동 신경제 중심지,POI079,KEY_4,1100074000,상계로1길,1100167700,상계동 689-4,127.0615348818948007_37.6584656865977578,1100040801,상계동 689-4,127.0615955129512855_37.6578550941219987,68.0,23.0,서행,127.0615955129512855_37.6578550941219987|127.0615348818948007_37.6584656865977578
2026-09-04T06:42:24.849833+09:00,창동 신경제 중심지,창동 신경제 중심지,POI079,KEY_4,1100075500,상계로1길,1100178200,상계동 689-4,127.0613863709227473_37.6597451288931850,1100042001,상계동 581-197,127.0614905270650326_37.6588970954918310,95.0,12.0,정체,127.0614905270650326_37.6588970954918310|127.0614381565533790_37.6593087331885741|127.0613868385167962_37.6597120938858509|127.0613863709227473_37.6597451288931850
2026-09-04T06:42:24.849833+09:00,창동 신경제 중심지,창동 신경제 중심지,POI079,KEY_4,1100175201,상계로3길,1100084602,상계동358-27,127.0624343956701523_37.6567723394819467,1100039802,노원역(서울4호선),127.0625678182361469_37.6562131766042825,63.0,12.0,정체,127.0625678182361469_37.6562131766042825|127.0624343956701523_37.6567723394819467
2026-09-04T06:42:24.849833+09:00,창동 신경제 중심지,창동 신경제 중심지,POI079,KEY_4,1100077300,동부간선도로,1100044401,상계지하차도(북측),127.0522391122241714_37.6642428852886084,1100043101,상계지하차도(남측),127.0531634037664475_37.6594394033891433,543.0,45.7,서행,127.0531634037664475_37.6594394033891433|127.0530896532811340_37.6595694518560791|127.0528345285101466_37.6600327439112519|127.0527512557655996_37.6602107466547906|127.0527035847874515_37.6603661692527041|127.0526684596108140_37.6605553847439225|127.0525343977077881_37.6616883204855810|127.0524806923268812_37.6620350293671748|127.0524227298465547_37.6625594171862517|127.0523244570151604_37.6635968936766403|127.0522391122241714_37.6642428852886084
2026-09-04T06:42:24.849833+09:00,창동 신경제 중심지,창동 신경제 중심지,POI079,KEY_4,1100078000,한글비석로.노원로사이길,1100043804,상계10단지앞,127.0562460888175451_37.6614557692127931,1100045603,주공10단지앞,127.0550673599237825_37.6643601268637056,352.0,9.0,정체,127.0550673599237825_37.6643601268637056|127.0554504144861028_37.6628553024751653|127.0554784895449956_37.6627981670721965|127.0555290861939852_37.6627525265908076|127.0559344114023475_37.6625536011732436|127.0559614429086253_37.6625382320294477|127.0559763116342396_37.6625158734342236|127.0562460888175451_37.6614557692127931
2026-09-04T06:42:24.849833+09:00,창동 신경제 중심지,창동 신경제 중심지,POI079,KEY_4,1100078100,한글비석로.노원로사이길,1100045602,주공10단지앞,127.0552086527059714_37.6643501883653471,1100043801,상계10단지앞,127.0563877863022952_37.6614442102939790,352.0,8.0,정체,127.0563877863022952_37.6614442102939790|127.0561057210445455_37.6625526080223949|127.0560666734394744_37.6626113255097437|127.0560097782191491_37.6626436743361026|127.0556177444579902_37.6628360769471300|127.0555964221334904_37.6628553112325264|127.0555813803072311_37.6628859210450528|127.0552086527059714_37.6643501883653471
2026-09-04T06:42:24.849833+09:00,창동 신경제 중심지,창동 신경제 중심지,POI079,KEY_4,1100087400,노해로,1100036201,창동교앞교차로,127.0552628560590733_37.6531854240254873,1100036604,노원구청,127.0562587741318907_37.6533952787963315,91.0,39.0,원활,127.0562587741318907_37.6533952787963315|127.0552628560590733_37.6531854240254873
2026-09-04T06:42:24.849833+09:00,창동 신경제 중심지,창동 신경제 중심지,POI079,KEY_4,1100167900,노해로83길,1100038809,상계동323-18,127.0644139438269349_37.6552035258636266,1100084802,상계동327-3,127.0642491087844803_37.6557419745825896,62.0,17.0,서행,127.0642491087844803_37.6557419745825896|127.0644139438269349_37.6552035258636266
2026-09-04T06:42:24.849833+09:00,창동 신경제 중심지,창동 신경제 중심지,POI079,KEY_4,1100168000,노해로83길,1100084801,상계동327-3,127.0643820535794504_37.6557661415304850,1100038806,상계동323-18,127.0645449282982042_37.6552329602418254,61.0,14.0,정체,127.0645449282982042_37.6552329602418254|127.0643820535794504_37.6557661415304850
2026-09-04T06:42:24.849833+09:00,창동 신경제 중심지,창동 신경제 중심지,POI079,KEY_4,1100169300,노해로81길,1100134900,상계동 615-5,127.0626573457765858_37.6559156520498561,1100084701,상계동615-5,127.0627956316247662_37.6554454342408533,54.0,8.0,정체,127.0627956316247662_37.6554454342408533|127.0626573457765858_37.6559156520498561
2026-09-04T06:42:24.849833+09:00,창동 신경제 중심지,창동 신경제 중심지,POI079,KEY_4,1100169400,노해로81길,1100084702,상계동615-5,127.0626624238591944_37.6554244121967372,1100039804,노원역(서울4호선),127.0624656337716658_37.6560778831310046,75.0,16.0,서행,127.0624656337716658_37.6560778831310046|127.0625250625241307_37.6558905771274866|127.0626624238591944_37.6554244121967372
2026-09-04T06:42:24.849833+09:00,창동 신경제 중심지,창동 신경제 중심지,POI079,KEY_4,1100174501,노해로,1100085704,상계동 719-1,127.0628602342563198_37.6547483301789327,1100038302,롯데백화점(노원점),127.0619324534863210_37.6545300954822153,85.0,17.0,서행,127.0619324534863210_37.6545300954822153|127.0628602342563198_37.6547483301789327
2026-09-04T06:42:24.849833+09:00,창동 신경제 중심지,창동 신경제 중심지,POI079,KEY_4,1100174601,노해로,1100038301,롯데백화점(노원점),127.0618941423685868_37.6546330462088719,1100085705,상계동 719-1,127.0628220961756938_37.6548508193401474,85.0,16.0,서행,127.0628220961756938_37.6548508193401474|127.0618941423685868_37.6546330462088719
2026-09-04T06:42:24.849833+09:00,창동 신경제 중심지,창동 신경제 중심지,POI079,KEY_4,1100174701,노해로,1100038804,한국통신상계,127.0631180288482369_37.6548015342588300,1100085703,상계동 719-1,127.0629790946105118_37.6547750764597851,13.0,18.0,서행,127.0629790946105118_37.6547750764597851|127.0631180288482369_37.6548015342588300
2026-09-04T06:42:24.849833+09:00,창동 신경제 중심지,창동 신경제 중심지,POI079,KEY_4,1100174801,노해로,1100085702,상계동 719-1,127.0629479262245525_37.6548785327898230,1100038805,한국통신상계,127.0630856315116972_37.6549056246647567,13.0,23.0,서행,127.0630856315116972_37.6549056246647567|127.0629479262245525_37.6548785327898230
2026-09-04T06:42:24.849833+09:00,창동 신경제 중심지,창동 신경제 중심지,POI079,KEY_4,1100174901,노해로81길,1100099100,상계동 719-2,127.0627236999809924_37.6551624198149781,1100084702,상계동615-5,127.0626624238591944_37.6554244121967372,30.0,8.0,정체,127.0626624238591944_37.6554244121967372|127.0627189374265527_37.6551775017751922|127.0627236999809924_37.6551624198149781
2026-09-04T06:42:24.849833+09:00,창동 신경제 중심지,창동 신경제 중심지,POI079,KEY_4,1100175001,노해로81길,1100099000,상계동 719-2,127.0628497314139480_37.6551876316153340,1100085702,상계동 719-1,127.0629479262245525_37.6548785327898230,35.0,12.0,정체,127.0629479262245525_37.6548785327898230|127.0628497314139480_37.6551876316153340
2026-09-04T06:42:24.849833+09:00,창동 신경제 중심지,창동 신경제 중심지,POI079,KEY_4,1100175101,상계로3길,1100039805,노원역(서울4호선),127.0624372787817009_37.6561838640661151,1100084603,상계동358-27,127.0623057366666870_37.6567535624191336,64.0,12.0,정체,127.0623057366666870_37.6567535624191336|127.0624372787817009_37.6561838640661151
2026-09-04T06:42:24.849833+09:00,창동 신경제 중심지,창동 신경제 중심지,POI079,KEY_4,1100175401,상계로3길,1100085803,상계동 358-27,127.0625982048439795_37.6578902527025861,1100084601,상계동358-27,127.0624185796294512_37.6568807605413056,113.0,10.0,정체,127.0624185796294512_37.6568807605413056|127.0624179095909057_37.6569097680141525|127.0625928662779955_37.6577655585726561|127.0625982048439795_37.6578902527025861
2026-09-04T06:42:24.849833+09:00,창동 신경제 중심지,창동 신경제 중심지,POI079,KEY_4,1100175501,상계로1길,1100085804,상계동 591-23,127.0624768892574679_37.6578730477147872,1100040802,상계동 358-27,127.0616064522038613_37.6577489025194794,78.0,10.0,정체,127.0616064522038613_37.6577489025194794|127.0624768892574679_37.6578730477147872
2026-09-04T06:42:24.849833+09:00,창동 신경제 중심지,창동 신경제 중심지,POI079,KEY_4,1100175601,상계로1길,1100040801,상계동 689-4,127.0615955129512855_37.6578550941219987,1100085805,상계동 358-27,127.0624858941322515_37.6579819113351491,80.0,4.0,정체,127.0624858941322515_37.6579819113351491|127.0615955129512855_37.6578550941219987
2026-09-04T06:42:24.849833+09:00,창동 신경제 중심지,창동 신경제 중심지,POI079,KEY_4,1100175801,노해로83길,1100039907,노원역(서울4호선),127.0642133857384408_37.6564684562337533,1100084801,상계동327-3,127.0643820535794504_37.6557661415304850,79.0,7.0,정체,127.0643820535794504_37.6557661415304850|127.0642966412776644_37.6560694662661248|127.0642133857384408_37.6564684562337533
2026-09-04T06:42:24.849833+09:00,창동 신경제 중심지,창동 신경제 중심지,POI079,KEY_4,1100175901,상계로3길,1100039905,노원역(서울4호선),127.0634069365185468_37.6570838579709033,1100085803,상계동 358-27,127.0625982048439795_37.6578902527025861,173.0,3.0,정체,127.0625982048439795_37.6578902527025861|127.0626958622422791_37.6579039577551100|127.0627553022345921_37.6579176985565311|127.0628443369457869_37.6579597152952061|127.0630645388252589_37.6581092508549489|127.0631083509842227_37.6581296932254901|127.0631226416490307_37.6581094666469198|127.0634069365185468_37.6570838579709033
2026-09-04T06:42:24.849833+09:00,창동 신경제 중심지,창동 신경제 중심지,POI079,KEY_4,1100176301,상계로1길,1100156900,상계동 581-52,127.0620218332388731_37.6588304960798865,1100042002,상계동 689-4,127.0615025806987433_37.6587909756533676,46.0,14.0,정체,127.0615025806987433_37.6587909756533676|127.0617349230349475_37.6588086595681446|127.0620218332388731_37.6588304960798865
2026-09-04T06:42:24.849833+09:00,창동 신경제 중심지,창동 신경제 중심지,POI079,KEY_4,1100176401,상계로1길,1100135100,상계동 581-48,127.0617217468324327_37.6589155227401875,1100085902,상계동 690-3,127.0626532514543925_37.6589897550782453,83.0,11.0,정체,127.0626532514543925_37.6589897550782453|127.0620085000066695_37.6589383751264322|127.0617217468324327_37.6589155227401875
2026-09-04T06:42:24.849833+09:00,청담동 명품거리,청담동 명품거리,POI080,KEY_1,1220033403,선릉로,1220050904,영동고교,127.0395406419754778_37.5217105374167943,1220052203,학동사거리,127.0390906173216194_37.5231203381365219,162.0,41.0,원활,127.0390906173216194_37.5231203381365219|127.0391133064020863_37.5228990829912732|127.0395406419754778_37.5217105374167943
2026-09-04T06:42:24.849833+09:00,청담동 명품거리,청담동 명품거리,POI080,KEY_1,1220033503,선릉로,1220052202,학동사거리,127.0392236802746595_37.5231509477852043,1220050901,영동고교,127.0396699892043557_37.5217435123917369,162.0,17.7,서행,127.0396699892043557_37.5217435123917369|127.0392475112795978_37.5229185559885323|127.0392236802746595_37.5231509477852043
2026-09-04T06:42:24.849833+09:00,청담동 명품거리,청담동 명품거리,POI080,KEY_1,1220034002,삼성로,1220422300,청담동 77-102,127.0477207009805198_37.5234442307542722,1220053003,청담사거리,127.0473345858686827_37.5241777503070679,88.0,36.0,원활,127.0473345858686827_37.5241777503070679|127.0477207009805198_37.5234442307542722
2026-09-04T06:42:24.849833+09:00,청담동 명품거리,청담동 명품거리,POI080,KEY_1,1220034204,도산대로,1220393600,신사동 501-5,127.0382594965785756_37.5229821213989680,1220052204,학동사거리,127.0390861363866435_37.5232347757009777,78.0,48.0,원활,127.0390861363866435_37.5232347757009777|127.0382594965785756_37.5229821213989680
2026-09-04T06:42:24.849833+09:00,청담동 명품거리,청담동 명품거리,POI080,KEY_1,1220034601,도산대로,1220420500,청담동 77,127.0400054812010779_37.5233569151823687,1220052404,청담동 77,127.0413071564451570_37.5235176656433396,116.0,29.0,원활,127.0413071564451570_37.5235176656433396|127.0405339348501172_37.5234221784106481|127.0400054812010779_37.5233569151823687
2026-09-04T06:42:24.849833+09:00,청담동 명품거리,청담동 명품거리,POI080,KEY_1,1220034602,도산대로,1220332800,청담동 77,127.0435213934482874_37.5238023106680032,1220052604,청담동 77,127.0445564869975641_37.5239355211408920,93.0,33.5,원활,127.0445564869975641_37.5239355211408920|127.0435213934482874_37.5238023106680032
2026-09-04T06:42:24.849833+09:00,청담동 명품거리,청담동 명품거리,POI080,KEY_1,1220034603,도산대로,1220276100,청담동 77,127.0463338208116113_37.5241605900114052,1220053004,청담사거리,127.0472792767386068_37.5242802278421408,85.0,33.0,원활,127.0472792767386068_37.5242802278421408|127.0469562705251434_37.5242393555858413|127.0463338208116113_37.5241605900114052
2026-09-04T06:42:24.849833+09:00,청담동 명품거리,청담동 명품거리,POI080,KEY_1,1220034701,도산대로,1220420400,청담동 77,127.0400262819293147_37.5232500722957383,1220052202,학동사거리,127.0392236802746595_37.5231509477852043,72.0,42.0,원활,127.0392236802746595_37.5231509477852043|127.0400262819293147_37.5232500722957383
2026-09-04T06:42:24.849833+09:00,청담동 명품거리,청담동 명품거리,POI080,KEY_1,1220034702,도산대로,1220388200,청담동 77,127.0430425640729339_37.5236311625569741,1220052402,청담동 77,127.0414610013850591_37.5234275992135338,142.0,41.7,원활,127.0414610013850591_37.5234275992135338|127.0430425640729339_37.5236311625569741
2026-09-04T06:42:24.849833+09:00,청담동 명품거리,청담동 명품거리,POI080,KEY_1,1220034703,도산대로,1220334000,청담동 77,127.0455919377749296_37.5239572301738278,1220052602,청담동 77,127.0447121822128764_37.5238458928924103,79.0,31.0,원활,127.0447121822128764_37.5238458928924103|127.0452441209281318_37.5239132131085995|127.0455919377749296_37.5239572301738278
2026-09-04T06:42:24.849833+09:00,청담동 명품거리,청담동 명품거리,POI080,KEY_1,1220034801,도산대로,1220053001,청담사거리,127.0474175095661593_37.5242982591380851,1220053204,송담빌딩,127.0481486203532597_37.5243983508696317,66.0,14.0,정체,127.0481486203532597_37.5243983508696317|127.0474175095661593_37.5242982591380851
2026-09-04T06:42:24.849833+09:00,청담동 명품거리,청담동 명품거리,POI080,KEY_1,1220034901,도산대로,1220419300,청담동 77,127.0488945152498417_37.5243806678289928,1220053002,청담사거리,127.0474721597987724_37.5241960352978836,127.0,27.0,원활,127.0474721597987724_37.5241960352978836|127.0481716169773563_37.5242917934341591|127.0483069155655187_37.5243095041464656|127.0487065910878215_37.5243579088313268|127.0488945152498417_37.5243806678289928
2026-09-04T06:42:24.849833+09:00,청담동 명품거리,청담동 명품거리,POI080,KEY_1,1220035402,선릉로,1220052204,학동사거리,127.0390861363866435_37.5232347757009777,1220053403,신한양빌딩,127.0395014174557389_37.5246137310738916,158.0,20.0,서행,127.0395014174557389_37.5246137310738916|127.0393335370945920_37.5241464881978999|127.0392926724511966_37.5240305434553036|127.0391660322892449_37.5236540272358496|127.0391045399377816_37.5234487055447730|127.0390861363866435_37.5232347757009777
2026-09-04T06:42:24.849833+09:00,청담동 명품거리,청담동 명품거리,POI080,KEY_1,1220035404,선릉로,1220246500,신사동 668-5,127.0403281994726257_37.5269638204885396,1220057303,한양아파트앞교차로,127.0406204313811145_37.5277781125819700,94.0,24.0,서행,127.0406204313811145_37.5277781125819700|127.0403965205514112_37.5271541960037496|127.0403281994726257_37.5269638204885396
2026-09-04T06:42:24.849833+09:00,청담동 명품거리,청담동 명품거리,POI080,KEY_1,1220035501,선릉로,1220052702,키네마극장,127.0394238001620124_37.5240025656407425,1220052201,학동사거리,127.0392244122724463_37.5232604498081272,84.0,22.0,서행,127.0392244122724463_37.5232604498081272|127.0392392010293747_37.5234323545396080|127.0392976430606637_37.5236274895412407|127.0394238001620124_37.5240025656407425
2026-09-04T06:42:24.849833+09:00,청담동 명품거리,청담동 명품거리,POI080,KEY_1,1220035502,선릉로,1220053402,신한양빌딩,127.0396319308838002_37.5245839844116418,1220052701,키네마극장,127.0394640495580632_37.5241167418134012,54.0,19.0,서행,127.0394640495580632_37.5241167418134012|127.0396319308838002_37.5245839844116418
2026-09-04T06:42:24.849833+09:00,청담동 명품거리,청담동 명품거리,POI080,KEY_1,1220035802,압구정로,1220220700,청담동 145,127.0445468381688698_37.5267788078608433,1220056102,갤러리아주유소,127.0438011178044917_37.5269658372789365,69.0,39.0,원활,127.0438011178044917_37.5269658372789365|127.0445468381688698_37.5267788078608433
2026-09-04T06:42:24.849833+09:00,청담동 명품거리,청담동 명품거리,POI080,KEY_1,1220035803,압구정로,1220056103,갤러리아주유소,127.0436709090198946_37.5269988640954608,1220056302,압구정로데오역3번출구,127.0423691118125902_37.5273328330233085,121.0,39.0,원활,127.0423691118125902_37.5273328330233085|127.0431965413789044_37.5271205625181921|127.0436709090198946_37.5269988640954608
2026-09-04T06:42:24.849833+09:00,청담동 명품거리,청담동 명품거리,POI080,KEY_1,1220035804,압구정로,1220056303,압구정로데오역3번출구,127.0422397642238650_37.5273658980511087,1220057302,한양아파트앞교차로,127.0407498452267987_37.5277452900861377,138.0,39.0,원활,127.0407498452267987_37.5277452900861377|127.0422397642238650_37.5273658980511087
2026-09-04T06:42:24.849833+09:00,청담동 명품거리,청담동 명품거리,POI080,KEY_1,1220035901,압구정로,1220054302,갤러리미,127.0470610783825549_37.5249488711662522,1220053001,청담사거리,127.0474175095661593_37.5242982591380851,79.0,33.0,원활,127.0474175095661593_37.5242982591380851|127.0470610783825549_37.5249488711662522
2026-09-04T06:42:24.849833+09:00,청담동 명품거리,청담동 명품거리,POI080,KEY_1,1220035902,압구정로,1220334200,청담동 145,127.0467277844240357_37.5255109620662850,1220054301,갤러리미,127.0470030647285284_37.5250513268144701,57.0,37.0,원활,127.0470030647285284_37.5250513268144701|127.0467277844240357_37.5255109620662850
2026-09-04T06:42:24.849833+09:00,청담동 명품거리,청담동 명품거리,POI080,KEY_1,1220035903,압구정로,1220193500,압구정동 394,127.0432381654295426_37.5272234752543667,1220056104,갤러리아주유소,127.0437125335026849_37.5271017764067949,44.0,48.0,원활,127.0437125335026849_37.5271017764067949|127.0432381654295426_37.5272234752543667
2026-09-04T06:42:24.849833+09:00,청담동 명품거리,청담동 명품거리,POI080,KEY_1,1220036205,압구정로,1220057902,압구정로데오역6번출구,127.0391308114570563_37.5281543012393257,1220058002,뉴스포유,127.0384385465388561_37.5283499106960861,65.0,40.0,원활,127.0384385465388561_37.5283499106960861|127.0391308114570563_37.5281543012393257
2026-09-04T06:42:24.849833+09:00,청담동 명품거리,청담동 명품거리,POI080,KEY_1,1220036206,압구정로,1220235400,신사동 667-35,127.0398194246827615_37.5279804016432124,1220057902,압구정로데오역6번출구,127.0391308114570563_37.5281543012393257,64.0,14.0,정체,127.0391308114570563_37.5281543012393257|127.0398194246827615_37.5279804016432124
2026-09-04T06:42:24.849833+09:00,청담동 명품거리,청담동 명품거리,POI080,KEY_1,1220036305,압구정로,1220058001,뉴스포유,127.0384839451984220_37.5284518029265755,1220057901,압구정로데오역6번출구,127.0391740239717961_37.5282567812238455,65.0,39.0,원활,127.0391740239717961_37.5282567812238455|127.0384839451984220_37.5284518029265755
2026-09-04T06:42:24.849833+09:00,청담동 명품거리,청담동 명품거리,POI080,KEY_1,1220036306,압구정로,1220057901,압구정로데오역6번출구,127.0391740239717961_37.5282567812238455,1220057304,한양아파트앞교차로,127.0406568798343869_37.5278823322351158,138.0,34.0,원활,127.0406568798343869_37.5278823322351158|127.0398604514468985_37.5280834481610981|127.0391740239717961_37.5282567812238455
2026-09-04T06:42:24.849833+09:00,청담동 명품거리,청담동 명품거리,POI080,KEY_1,1220036500,선릉로,1220256600,압구정동 495,127.0411012237221939_37.5287721982316143,1220057301,한양아파트앞교차로,127.0407863594955415_37.5278495043803346,106.0,27.0,원활,127.0407863594955415_37.5278495043803346|127.0411012237221939_37.5287721982316143
2026-09-04T06:42:24.849833+09:00,청담동 명품거리,청담동 명품거리,POI080,KEY_1,1220094100,선릉로148길,1220273700,청담동 77-28,127.0431444223127073_37.5229457315852954,1220052603,청담동 77,127.0445781402144121_37.5238287856286306,217.0,21.0,서행,127.0445781402144121_37.5238287856286306|127.0447120599987159_37.5231471090591455|127.0443800312351357_37.5231044587397022|127.0439681977920259_37.5230515558498112|127.0435562545624606_37.5229986373450899|127.0431444223127073_37.5229457315852954
2026-09-04T06:42:24.849833+09:00,청담동 명품거리,청담동 명품거리,POI080,KEY_1,1220094400,도산대로58길,1220052402,청담동 77,127.0414610013850591_37.5234275992135338,1220052001,금구빌딩,127.0415897599450830_37.5227459992821579,77.0,21.0,서행,127.0415897599450830_37.5227459992821579|127.0414610013850591_37.5234275992135338
2026-09-04T06:42:24.849833+09:00,청담동 명품거리,청담동 명품거리,POI080,KEY_1,1220094500,도산대로58길,1220052004,금구빌딩,127.0414555227100522_37.5227299126895915,1220052403,청담동 77,127.0413269166477477_37.5234106937366789,76.0,19.5,서행,127.0413269166477477_37.5234106937366789|127.0414555227100522_37.5227299126895915
2026-09-04T06:42:24.849833+09:00,청담동 명품거리,청담동 명품거리,POI080,KEY_1,1220095300,선릉로152길,1220319500,청담동 139-1,127.0402782679631741_37.5241051716234963,1220052702,키네마극장,127.0394238001620124_37.5240025656407425,76.0,23.0,서행,127.0394238001620124_37.5240025656407425|127.0402782679631741_37.5241051716234963
2026-09-04T06:42:24.849833+09:00,청담동 명품거리,청담동 명품거리,POI080,KEY_1,1220095400,선릉로152길,1220319400,청담동 139-1,127.0402580301235815_37.5242120839654163,1220052401,청담동 77,127.0414412487968434_37.5235345793648207,176.0,14.0,정체,127.0414412487968434_37.5235345793648207|127.0413128808020531_37.5242458193041557|127.0412157654857310_37.5243077538981922|127.0411093794579500_37.5243143088269946|127.0402580301235815_37.5242120839654163
2026-09-04T06:42:24.849833+09:00,청담동 명품거리,청담동 명품거리,POI080,KEY_1,1220095900,도산대로81길,1220053204,송담빌딩,127.0481486203532597_37.5243983508696317,1220054703,청담동 119-8,127.0478075108107561_37.5250369358867317,77.0,8.0,정체,127.0478075108107561_37.5250369358867317|127.0481486203532597_37.5243983508696317
2026-09-04T06:42:24.849833+09:00,청담동 명품거리,청담동 명품거리,POI080,KEY_1,1220096000,도산대로81길,1220054702,청담동 139-19,127.0479462450272479_37.5250533970465483,1220053201,송담빌딩,127.0482865073313974_37.5244163956772354,77.0,16.0,서행,127.0482865073313974_37.5244163956772354|127.0479462450272479_37.5250533970465483
2026-09-04T06:42:24.849833+09:00,청담동 명품거리,청담동 명품거리,POI080,KEY_1,1220096600,압구정로79길,1220054703,청담동 119-8,127.0478075108107561_37.5250369358867317,1220054302,갤러리미,127.0470610783825549_37.5249488711662522,67.0,16.0,서행,127.0470610783825549_37.5249488711662522|127.0478075108107561_37.5250369358867317
2026-09-04T06:42:24.849833+09:00,청담동 명품거리,청담동 명품거리,POI080,KEY_1,1220096700,압구정로79길,1220054301,갤러리미,127.0470030647285284_37.5250513268144701,1220054704,청담동 118-22,127.0477536352439500_37.5251398799896023,67.0,20.5,서행,127.0477536352439500_37.5251398799896023|127.0470030647285284_37.5250513268144701
2026-09-04T06:42:24.849833+09:00,청담동 명품거리,청담동 명품거리,POI080,KEY_1,1220097400,압구정로79길,1220386200,청담동 139-20,127.0490025359680004_37.5251791459004878,1220054702,청담동 139-19,127.0479462450272479_37.5250533970465483,94.0,9.0,정체,127.0479462450272479_37.5250533970465483|127.0481650432785301_37.5250794452541570|127.0490025359680004_37.5251791459004878
2026-09-04T06:42:24.849833+09:00,청담동 명품거리,청담동 명품거리,POI080,KEY_1,1220097900,압구정로60길,1220206400,청담동 139-2,127.0420188424852199_37.5267405370192932,1220056303,압구정로데오역3번출구,127.0422397642238650_37.5273658980511087,72.0,18.0,서행,127.0422397642238650_37.5273658980511087|127.0420188424852199_37.5267405370192932
2026-09-04T06:42:24.849833+09:00,청담동 명품거리,청담동 명품거리,POI080,KEY_1,1220099600,도산대로81길,1220236300,청담동 139-12,127.0456724149564565_37.5272523241087086,1220057202,청담고등학교,127.0440869789984362_37.5276617362854026,147.0,7.0,정체,127.0440869789984362_37.5276617362854026|127.0455677470908142_37.5272771508824405|127.0456724149564565_37.5272523241087086
2026-09-04T06:42:24.849833+09:00,청담동 명품거리,청담동 명품거리,POI080,KEY_1,1220099700,도산대로81길,1220278300,청담동 117-11,127.0477493139133571_37.5254322932834725,1220054701,청담동 117-41,127.0478919747894366_37.5251562571136645,33.0,9.0,정체,127.0478919747894366_37.5251562571136645|127.0477493139133571_37.5254322932834725
2026-09-04T06:42:24.849833+09:00,청담동 명품거리,청담동 명품거리,POI080,KEY_1,1220100000,압구정로61길,1220057202,청담고등학교,127.0440869789984362_37.5276617362854026,1220056101,갤러리아주유소,127.0438418944384722_37.5270689653471052,69.0,21.5,서행,127.0438418944384722_37.5270689653471052|127.0440869789984362_37.5276617362854026
2026-09-04T06:42:24.849833+09:00,청담동 명품거리,청담동 명품거리,POI080,KEY_1,1220100100,압구정로61길,1220056104,갤러리아주유소,127.0437125335026849_37.5271017764067949,1220057203,청담고등학교,127.0439580323542685_37.5276955526107088,69.0,6.0,정체,127.0439580323542685_37.5276955526107088|127.0437125335026849_37.5271017764067949
2026-09-04T06:42:24.849833+09:00,청담동 명품거리,청담동 명품거리,POI080,KEY_1,1220102200,압구정로61길,1220059202,청담동146,127.0447847882395820_37.5295286080348589,1220057201,청담고등학교,127.0441233321837302_37.5277660190179034,204.0,30.0,원활,127.0441233321837302_37.5277660190179034|127.0441454282712925_37.5278450321291004|127.0447136572623634_37.5293809991963343|127.0447847882395820_37.5295286080348589
2026-09-04T06:42:24.849833+09:00,청담동 명품거리,청담동 명품거리,POI080,KEY_1,1220102300,압구정로61길,1220057204,청담고등학교,127.0439908212839555_37.5277895232034879,1220059203,청담동146,127.0446578851777844_37.5295670242574815,206.0,27.0,원활,127.0446578851777844_37.5295670242574815|127.0445849654173713_37.5294157030726865|127.0440139116746536_37.5278720932492433|127.0439908212839555_37.5277895232034879
2026-09-04T06:42:24.849833+09:00,청량리 제기동 일대 전통시장,청량리 제기동 일대 전통시장,POI081,KEY_2,1050000602,왕산로,1050126800,제기동 65,127.0362189659637409_37.5782333123089956,1050020304,롯데불로장생센터,127.0367530334879262_37.5782346903608229,47.0,31.0,원활,127.0367530334879262_37.5782346903608229|127.0365320150396542_37.5782347589657988|127.0363950854085573_37.5782343662634304|127.0362189659637409_37.5782333123089956
2026-09-04T06:42:24.849833+09:00,청량리 제기동 일대 전통시장,청량리 제기동 일대 전통시장,POI081,KEY_2,1050000603,왕산로,1050146300,경동시장교차로,127.0377568941338069_37.5782291365763186,1050020604,경동시장앞교차로,127.0382626475470005_37.5782304860527674,45.0,26.0,원활,127.0382626475470005_37.5782304860527674|127.0380992447732211_37.5782271168700461|127.0377568941338069_37.5782291365763186
2026-09-04T06:42:24.849833+09:00,청량리 제기동 일대 전통시장,청량리 제기동 일대 전통시장,POI081,KEY_2,1050000701,왕산로,1050020403,거창박물관,127.0363961067295975_37.5781262493958934,1050020202,제기동역앞교차로,127.0350186845859071_37.5781180002810231,122.0,34.0,원활,127.0350186845859071_37.5781180002810231|127.0362199874640794_37.5781251955479050|127.0363961067295975_37.5781262493958934
2026-09-04T06:42:24.849833+09:00,청량리 제기동 일대 전통시장,청량리 제기동 일대 전통시장,POI081,KEY_2,1050000702,왕산로,1050020603,경동시장앞교차로,127.0382559889091851_37.5781221935232352,1050020402,거창박물관,127.0365319622162446_37.5781266396877953,152.0,8.0,정체,127.0365319622162446_37.5781266396877953|127.0367529803449287_37.5781265710830752|127.0368879977427383_37.5781261359952481|127.0377558874124730_37.5781210203146117|127.0381005006231021_37.5781189872597778|127.0382559889091851_37.5781221935232352
2026-09-04T06:42:24.849833+09:00,청량리 제기동 일대 전통시장,청량리 제기동 일대 전통시장,POI081,KEY_2,1050000805,왕산로,1050078400,용두동 237-10,127.0328437287515158_37.5782055282031209,1050020204,제기동역앞교차로,127.0348721570958048_37.5782248982015759,179.0,40.0,원활,127.0348721570958048_37.5782248982015759|127.0342286216703940_37.5782181034275240|127.0340930330730203_37.5782167762136936|127.0333561954754202_37.5782101437556761|127.0328437287515158_37.5782055282031209
2026-09-04T06:42:24.849833+09:00,청량리 제기동 일대 전통시장,청량리 제기동 일대 전통시장,POI081,KEY_2,1050012300,정릉천동로,1050205500,최소노드배치점,127.0352557866026046_37.5805209542112593,1050024903,삼일교교차로,127.0358838975770226_37.5827936480942881,258.0,20.5,서행,127.0358838975770226_37.5827936480942881|127.0357438615155417_37.5822893839192602|127.0356813917577767_37.5820644305913447|127.0356167000519463_37.5818314745652486|127.0354643794722023_37.5812829594291102|127.0352557866026046_37.5805209542112593
2026-09-04T06:42:24.849833+09:00,청량리 제기동 일대 전통시장,청량리 제기동 일대 전통시장,POI081,KEY_2,1050000903,왕산로,1050134300,용두동 237-10,127.0333577323084455_37.5781020315640149,1050019000,용두동 237-10,127.0310923042340221_37.5778729830476337,203.0,13.0,정체,127.0310923042340221_37.5778729830476337|127.0311897460573789_37.5778996024433667|127.0313725461128769_37.5779446496631593|127.0314865147686163_37.5779727357437210|127.0316987920672602_37.5780149121333054|127.0318449369934228_37.5780381337654461|127.0322289141872574_37.5780798528057787|127.0323768897642651_37.5780921361113442|127.0327721188330088_37.5780967572699751|127.0328452663248271_37.5780974162274575|127.0333577323084455_37.5781020315640149
2026-09-04T06:42:24.849833+09:00,청량리 제기동 일대 전통시장,청량리 제기동 일대 전통시장,POI081,KEY_2,1050000904,왕산로,1050020203,제기동역앞교차로,127.0348828212866437_37.5781168818358680,1050020102,제기동역(서울1호선),127.0342304242250435_37.5781099935200587,58.0,13.0,정체,127.0342304242250435_37.5781099935200587|127.0348828212866437_37.5781168818358680
2026-09-04T06:42:24.849833+09:00,청량리 제기동 일대 전통시장,청량리 제기동 일대 전통시장,POI081,KEY_2,1050001001,왕산로,1050058500,제기동 65,127.0401839283384646_37.5786651080944338,1050022504,우리은행청량리중앙지,127.0412171089013640_37.5789936056868541,98.0,16.0,서행,127.0412171089013640_37.5789936056868541|127.0401839283384646_37.5786651080944338
2026-09-04T06:42:24.849833+09:00,청량리 제기동 일대 전통시장,청량리 제기동 일대 전통시장,POI081,KEY_2,1050001002,왕산로,1050022501,우리은행청량리중앙지,127.0413432654145964_37.5790337160642736,1050022904,성바오로병원앞교차로,127.0424652197496442_37.5793904239257515,107.0,25.0,원활,127.0424652197496442_37.5793904239257515|127.0413432654145964_37.5790337160642736
2026-09-04T06:42:24.849833+09:00,청량리 제기동 일대 전통시장,청량리 제기동 일대 전통시장,POI081,KEY_2,1050001102,왕산로,1050106000,용두동 47-1,127.0389112712416306_37.5781951845056170,1050020602,경동시장앞교차로,127.0383924185722861_37.5781286412846640,46.0,32.0,원활,127.0383924185722861_37.5781286412846640|127.0385129351531077_37.5781383554420785|127.0387260227668236_37.5781649344333673|127.0389112712416306_37.5781951845056170
2026-09-04T06:42:24.849833+09:00,청량리 제기동 일대 전통시장,청량리 제기동 일대 전통시장,POI081,KEY_2,1050001201,왕산로,1050157100,청량리동 819,127.0443155962862960_37.5799691385054686,1050023304,청량리역교차로,127.0450836083853687_37.5802111516784834,73.0,11.0,정체,127.0450836083853687_37.5802111516784834|127.0449207607042013_37.5801564626971896|127.0443155962862960_37.5799691385054686
2026-09-04T06:42:24.849833+09:00,청량리 제기동 일대 전통시장,청량리 제기동 일대 전통시장,POI081,KEY_2,1050001300,왕산로,1050125800,전농동 620-67,127.0435716348771962_37.5796223090761288,1050022902,성바오로병원앞교차로,127.0426423168874948_37.5793300644201622,88.0,43.0,원활,127.0426423168874948_37.5793300644201622|127.0435716348771962_37.5796223090761288
2026-09-04T06:42:24.849833+09:00,청량리 제기동 일대 전통시장,청량리 제기동 일대 전통시장,POI081,KEY_2,1050001401,왕산로,1050023301,청량리역교차로,127.0452125325349328_37.5802545562535357,1050023700,청량리역,127.0459363049394881_37.5806812079750898,80.0,16.7,서행,127.0459363049394881_37.5806812079750898|127.0457255197295297_37.5805163728220961|127.0454714752361554_37.5803608251852310|127.0453261446361637_37.5802928641571015|127.0452125325349328_37.5802545562535357
2026-09-04T06:42:24.849833+09:00,청량리 제기동 일대 전통시장,청량리 제기동 일대 전통시장,POI081,KEY_2,1050001501,왕산로,1050034502,청량리역,127.0459964287098984_37.5805780358841730,1050023302,청량리역교차로,127.0452326500566897_37.5801439168176401,84.0,39.0,원활,127.0452326500566897_37.5801439168176401|127.0453873160173117_37.5801960676144873|127.0455476013765690_37.5802710217187794|127.0458149484949075_37.5804347135205106|127.0459964287098984_37.5805780358841730
2026-09-04T06:42:24.849833+09:00,청량리 제기동 일대 전통시장,청량리 제기동 일대 전통시장,POI081,KEY_2,1050001502,왕산로,1050048500,전농동 620-67,127.0464947999503522_37.5810643971102678,1050034501,청량리역,127.0460892333836540_37.5806594998506540,57.0,42.0,원활,127.0460892333836540_37.5806594998506540|127.0463540022838913_37.5809185817681310|127.0464947999503522_37.5810643971102678
2026-09-04T06:42:24.849833+09:00,청량리 제기동 일대 전통시장,청량리 제기동 일대 전통시장,POI081,KEY_2,1050010501,고산자로,1050105600,용두동 47-1,127.0382217953188473_37.5775822640354562,1050020603,경동시장앞교차로,127.0382559889091851_37.5781221935232352,60.0,29.0,원활,127.0382559889091851_37.5781221935232352|127.0382217953188473_37.5775822640354562
2026-09-04T06:42:24.849833+09:00,청량리 제기동 일대 전통시장,청량리 제기동 일대 전통시장,POI081,KEY_2,1050010900,답십리로,1050017604,전농동 673,127.0457576196628935_37.5768828489976059,1050022903,성바오로병원앞교차로,127.0425156165576084_37.5792900196769892,399.0,21.0,서행,127.0425156165576084_37.5792900196769892|127.0426056919961582_37.5791458580297046|127.0430899902156057_37.5785181606433483|127.0432300333997233_37.5783654927604331|127.0433326010899009_37.5782738231559179|127.0435590272505948_37.5781070243800386|127.0441283095776015_37.5777284584770896|127.0443449053242659_37.5776121265381136|127.0457576196628935_37.5768828489976059
2026-09-04T06:42:24.849833+09:00,청량리 제기동 일대 전통시장,청량리 제기동 일대 전통시장,POI081,KEY_2,1050011000,답십리로,1050022902,성바오로병원앞교차로,127.0426423168874948_37.5793300644201622,1050017601,전농동 588-176,127.0458409183235062_37.5769687193368966,392.0,12.5,정체,127.0458409183235062_37.5769687193368966|127.0444198690210698_37.5777022995842671|127.0442100713277256_37.5778149800870054|127.0436487758609871_37.5781882356696144|127.0434296937124969_37.5783496241472719|127.0433358702342588_37.5784334799077229|127.0432029140465886_37.5785784210990315|127.0427246324008195_37.5791983213650767|127.0426423168874948_37.5793300644201622
2026-09-04T06:42:24.849833+09:00,청량리 제기동 일대 전통시장,청량리 제기동 일대 전통시장,POI081,KEY_2,1050012400,정릉천동로,1050161300,제기동 891-2,127.0353295952309054_37.5802826594421475,1050020201,제기동역앞교차로,127.0350088500129999_37.5782260634865750,231.0,24.0,서행,127.0350088500129999_37.5782260634865750|127.0349716319646660_37.5784669023516287|127.0349890060903988_37.5786412323471524|127.0351327525282130_37.5795110371786407|127.0352012851466128_37.5798139264052011|127.0353295952309054_37.5802826594421475
2026-09-04T06:42:24.849833+09:00,청량리 제기동 일대 전통시장,청량리 제기동 일대 전통시장,POI081,KEY_2,1050012500,고산자로,1050050200,제기동 856,127.0385240878603810_37.5824894518006971,1050003703,제기사거리,127.0385501171187173_37.5829003676783273,46.0,12.5,정체,127.0385501171187173_37.5829003676783273|127.0385240878603810_37.5824894518006971
2026-09-04T06:42:24.849833+09:00,청량리 제기동 일대 전통시장,청량리 제기동 일대 전통시장,POI081,KEY_2,1050012600,고산자로,1050101400,제기동 856,127.0384331056866500_37.5788111183911084,1050020601,경동시장앞교차로,127.0383990846547846_37.5782378507115453,64.0,18.0,서행,127.0383990846547846_37.5782378507115453|127.0384331056866500_37.5788111183911084
2026-09-04T06:42:24.849833+09:00,청량리 제기동 일대 전통시장,청량리 제기동 일대 전통시장,POI081,KEY_2,1050013102,홍릉로,1050090300,청량리동 819,127.0443578463446528_37.5826518145000961,1050003803,동대문경찰서앞교차로,127.0442216705502148_37.5830737817513381,48.0,23.0,서행,127.0442216705502148_37.5830737817513381|127.0443578463446528_37.5826518145000961
2026-09-04T06:42:24.849833+09:00,청량리 제기동 일대 전통시장,청량리 제기동 일대 전통시장,POI081,KEY_2,1050013201,홍릉로,1050023900,청량리역2번출구,127.0450753633898699_37.5808453639440785,1050023301,청량리역교차로,127.0452125325349328_37.5802545562535357,67.0,28.0,원활,127.0452125325349328_37.5802545562535357|127.0451539497365872_37.5805498205869384|127.0450753633898699_37.5808453639440785
2026-09-04T06:42:24.849833+09:00,청량리 제기동 일대 전통시장,청량리 제기동 일대 전통시장,POI081,KEY_2,1050013202,홍릉로,1050151800,청량리동 819,127.0449903248618995_37.5811265490759752,1050023900,청량리역2번출구,127.0450753633898699_37.5808453639440785,32.0,19.0,서행,127.0450753633898699_37.5808453639440785|127.0450486820941194_37.5809457078844105|127.0449903248618995_37.5811265490759752
2026-09-04T06:42:24.849833+09:00,청량리 제기동 일대 전통시장,청량리 제기동 일대 전통시장,POI081,KEY_2,1050013500,약령시로,1050048900,제기동 55-11,127.0350291400294651_37.5828772563283451,1050024904,삼일교교차로,127.0359134734853370_37.5829026882320463,78.0,27.0,원활,127.0359134734853370_37.5829026882320463|127.0350291400294651_37.5828772563283451
2026-09-04T06:42:24.849833+09:00,청량리 제기동 일대 전통시장,청량리 제기동 일대 전통시장,POI081,KEY_2,1050013701,약령시로,1050114900,제기동 888-1,127.0366790136575901_37.5829254133888497,1050025004,제기동주민센터,127.0372114253206632_37.5829412517639199,47.0,20.0,서행,127.0372114253206632_37.5829412517639199|127.0366790136575901_37.5829254133888497
2026-09-04T06:42:24.849833+09:00,청량리 제기동 일대 전통시장,청량리 제기동 일대 전통시장,POI081,KEY_2,1050013702,약령시로,1050108800,제기동 852-1,127.0380271771814904_37.5829817223960205,1050003704,제기사거리,127.0385512936609018_37.5830087754357365,46.0,22.0,서행,127.0385512936609018_37.5830087754357365|127.0380271771814904_37.5829817223960205
2026-09-04T06:42:24.849833+09:00,청량리 제기동 일대 전통시장,청량리 제기동 일대 전통시장,POI081,KEY_2,1050013801,약령시로,1050115000,제기동 888-1,127.0366840889514464_37.5828173691781373,1050024902,삼일교교차로,127.0360241678695701_37.5827977342635364,58.0,12.0,정체,127.0360241678695701_37.5827977342635364|127.0366840889514464_37.5828173691781373
2026-09-04T06:42:24.849833+09:00,청량리 제기동 일대 전통시장,청량리 제기동 일대 전통시장,POI081,KEY_2,1050013802,약령시로,1050108900,제기동 852-1,127.0380359706663143_37.5828738295813238,1050025002,제기동주민센터,127.0373532285007769_37.5828385857854954,60.0,17.0,서행,127.0373532285007769_37.5828385857854954|127.0380359706663143_37.5828738295813238
2026-09-04T06:42:24.849833+09:00,청량리 제기동 일대 전통시장,청량리 제기동 일대 전통시장,POI081,KEY_2,1050013901,약령시로,1050116700,제기동 856,127.0392148170582942_37.5830357530155155,1050025204,제기동 856,127.0404427896859261_37.5830841700302614,109.0,10.0,정체,127.0404427896859261_37.5830841700302614|127.0392148170582942_37.5830357530155155
2026-09-04T06:42:24.849833+09:00,청량리 제기동 일대 전통시장,청량리 제기동 일대 전통시장,POI081,KEY_2,1050013902,약령시로,1050098700,제기동 851,127.0435420817761809_37.5831645498471261,1050003804,동대문경찰서앞교차로,127.0441863415581878_37.5831810520431091,57.0,28.0,원활,127.0441863415581878_37.5831810520431091|127.0435420817761809_37.5831645498471261
2026-09-04T06:42:24.849833+09:00,청량리 제기동 일대 전통시장,청량리 제기동 일대 전통시장,POI081,KEY_2,1050014001,약령시로,1050116800,제기동 856,127.0392215406190388_37.5829277664627526,1050003702,제기사거리,127.0386865463234329_37.5829066687372162,47.0,25.0,원활,127.0386865463234329_37.5829066687372162|127.0392215406190388_37.5829277664627526
2026-09-04T06:42:24.849833+09:00,청량리 제기동 일대 전통시장,청량리 제기동 일대 전통시장,POI081,KEY_2,1050014002,약령시로,1050176000,제기동 851,127.0417333242454845_37.5830100259550690,1050025202,제기동 851,127.0405836866488585_37.5829805524707936,102.0,23.0,서행,127.0405836866488585_37.5829805524707936|127.0417333242454845_37.5830100259550690
2026-09-04T06:42:24.849833+09:00,청량리 제기동 일대 전통시장,청량리 제기동 일대 전통시장,POI081,KEY_2,1050014100,약령시로,1050113000,청량리동 341,127.0447216570387070_37.5831596059123498,1050003802,동대문경찰서앞교차로,127.0443568554020004_37.5830895270839775,33.0,19.5,서행,127.0443568554020004_37.5830895270839775|127.0447216570387070_37.5831596059123498
2026-09-04T06:42:24.849833+09:00,청량리 제기동 일대 전통시장,청량리 제기동 일대 전통시장,POI081,KEY_2,1050014800,정릉천동로,1050026302,제1제기교,127.0370689820156684_37.5865134563592207,1050024901,삼일교교차로,127.0360532926812027_37.5829067961363137,410.0,28.0,원활,127.0360532926812027_37.5829067961363137|127.0362840868141774_37.5837924163304962|127.0364223970758530_37.5843231402711382|127.0365653935191546_37.5848428358730189|127.0368585806838979_37.5859083501086104|127.0368601461181015_37.5859140391972204|127.0370123109445331_37.5863739268343124|127.0370689820156684_37.5865134563592207
2026-09-04T06:42:24.849833+09:00,청량리 제기동 일대 전통시장,청량리 제기동 일대 전통시장,POI081,KEY_2,1050015000,고산자로,1050142100,제기동 856,127.0386654248391096_37.5834463439167905,1050003701,제기사거리,127.0386869518905115_37.5830149361830195,48.0,14.0,정체,127.0386869518905115_37.5830149361830195|127.0386654248391096_37.5834463439167905
2026-09-04T06:42:24.849833+09:00,청량리 제기동 일대 전통시장,청량리 제기동 일대 전통시장,POI081,KEY_2,1050015200,홍릉로,1050043600,청량리동 819,127.0441470586146124_37.5837202265381336,1050003801,동대문경찰서앞교차로,127.0443225336728830_37.5831941589460072,60.0,29.0,원활,127.0443225336728830_37.5831941589460072|127.0441470586146124_37.5837202265381336
2026-09-04T06:42:24.849833+09:00,청량리 제기동 일대 전통시장,청량리 제기동 일대 전통시장,POI081,KEY_2,1050038801,왕산로26길,1050017509,롯데캐슬피렌체아파트,127.0363596099260519_37.5768867509562057,1050020403,거창박물관,127.0363961067295975_37.5781262493958934,138.0,9.0,정체,127.0363961067295975_37.5781262493958934|127.0363926283433500_37.5776676586342973|127.0363892401854429_37.5775808494227732|127.0363723353722065_37.5771477220653836|127.0363625354396362_37.5768966303587888|127.0363596099260519_37.5768867509562057
2026-09-04T06:42:24.849833+09:00,청량리 제기동 일대 전통시장,청량리 제기동 일대 전통시장,POI081,KEY_2,1050039400,정릉천동로,1050017505,용두동롯데캐슬피렌체,127.0349257620474077_37.5769109727254005,1050020203,제기동역앞교차로,127.0348828212866437_37.5781168818358680,134.0,25.0,원활,127.0348828212866437_37.5781168818358680|127.0349044161978327_37.5775104349118649|127.0349257620474077_37.5769109727254005
2026-09-04T06:42:24.849833+09:00,청량리 제기동 일대 전통시장,청량리 제기동 일대 전통시장,POI081,KEY_2,1050043000,왕산로40길,1050092800,전농동 620-67,127.0452389886980740_37.5796623142503634,1050023303,청량리역교차로,127.0451025223220682_37.5801001523242419,51.0,10.0,정체,127.0451025223220682_37.5801001523242419|127.0451306248033916_37.5799177490329157|127.0451915069077273_37.5797132983468032|127.0452389886980740_37.5796623142503634
2026-09-04T06:42:24.849833+09:00,청량리 제기동 일대 전통시장,청량리 제기동 일대 전통시장,POI081,KEY_2,1050043100,왕산로40길,1050023302,청량리역교차로,127.0452326500566897_37.5801439168176401,1050034502,청량리역,127.0459964287098984_37.5805780358841730,313.0,10.0,정체,127.0459964287098984_37.5805780358841730|127.0462134258658864_37.5804642171059839|127.0467519950169333_37.5801486599193879|127.0465904637121071_37.5799179657545039|127.0464096144275743_37.5797880929598165|127.0462896809750504_37.5796751734410890|127.0460360832012157_37.5793543331836020|127.0453706247479317_37.5797025411493024|127.0453481299126395_37.5797266950808577|127.0453172628219534_37.5797598387271634|127.0452645517941335_37.5799368537845808|127.0452326500566897_37.5801439168176401
2026-09-04T06:42:24.849833+09:00,청량리 제기동 일대 전통시장,청량리 제기동 일대 전통시장,POI081,KEY_2,1050043700,약령중앙로,1050136600,제기동 852-2,127.0371102410108080_37.5816901819596154,1050025003,제기동주민센터,127.0372164998460960_37.5828332075310030,127.0,13.0,정체,127.0372164998460960_37.5828332075310030|127.0371481924258319_37.5820984291408351|127.0371102410108080_37.5816901819596154
2026-09-04T06:42:24.849833+09:00,청량리 제기동 일대 전통시장,청량리 제기동 일대 전통시장,POI081,KEY_2,1050043800,약령중앙로,1050070200,제기동 852-2,127.0369355547791486_37.5787829052107085,1050020301,롯데불로장생센터,127.0368890032088984_37.5782342522715140,61.0,17.0,서행,127.0368890032088984_37.5782342522715140|127.0369001369950013_37.5784260066059730|127.0369355547791486_37.5787829052107085
2026-09-04T06:42:24.849833+09:00,청량리 제기동 일대 전통시장,청량리 제기동 일대 전통시장,POI081,KEY_2,1050043900,왕산로,1050023900,청량리역2번출구,127.0450753633898699_37.5808453639440785,1050023700,청량리역,127.0459363049394881_37.5806812079750898,89.0,16.0,서행,127.0459363049394881_37.5806812079750898|127.0457671019444490_37.5806231686130943|127.0455753907062331_37.5806137075688440|127.0454166401437845_37.5806233039696735|127.0452968380994321_37.5806448053648339|127.0452159765178664_37.5806686748574208|127.0451438136422837_37.5807199771276288|127.0450753633898699_37.5808453639440785
2026-09-04T06:42:24.849833+09:00,청량리 제기동 일대 전통시장,청량리 제기동 일대 전통시장,POI081,KEY_2,1050044000,경동시장로,1050022504,우리은행청량리중앙지,127.0412171089013640_37.5789936056868541,1050025203,제기동 856,127.0404479224436187_37.5829761201516064,453.0,4.0,정체,127.0404479224436187_37.5829761201516064|127.0405098512004685_37.5809077018177717|127.0405554658246388_37.5803867009460362|127.0405836228622434_37.5802621243739949|127.0412171089013640_37.5789936056868541
2026-09-04T06:42:24.849833+09:00,청량리 제기동 일대 전통시장,청량리 제기동 일대 전통시장,POI081,KEY_2,1050044100,경동시장로,1050025202,제기동 851,127.0405836866488585_37.5829805524707936,1050022501,우리은행청량리중앙지,127.0413432654145964_37.5790337160642736,449.0,8.0,정체,127.0413432654145964_37.5790337160642736|127.0407149128103441_37.5802919597220040|127.0406904784571651_37.5804000684794488|127.0406455938563397_37.5809127502758429|127.0405836866488585_37.5829805524707936
2026-09-04T06:42:24.849833+09:00,청량리 제기동 일대 전통시장,청량리 제기동 일대 전통시장,POI081,KEY_2,1050044600,경동시장로,1050025204,제기동 856,127.0404427896859261_37.5830841700302614,1050026603,홍파초등학교,127.0403012084238696_37.5866159039440646,392.0,28.0,원활,127.0403012084238696_37.5866159039440646|127.0403184677534369_37.5860259300612398|127.0403559575042465_37.5844098204635699|127.0404427896859261_37.5830841700302614
2026-09-04T06:42:24.849833+09:00,청량리 제기동 일대 전통시장,청량리 제기동 일대 전통시장,POI081,KEY_2,1050044700,경동시장로,1050026602,홍파초등학교,127.0404369915547704_37.5866199724589833,1050025201,제기동 851,127.0405785429013292_37.5830885957993956,392.0,19.0,서행,127.0405785429013292_37.5830885957993956|127.0404917522584469_37.5844136329136163|127.0404543019615033_37.5860281856233982|127.0404369915547704_37.5866199724589833
2026-09-04T06:42:24.849833+09:00,청량리 제기동 일대 전통시장,청량리 제기동 일대 전통시장,POI081,KEY_2,1050059900,내부순환도로,1050179100,최소노드배치점,127.0352570949029030_37.5825551594173248,1050012900,마장IC,127.0344965668106454_37.5761957617566935,712.0,75.3,원활,127.0344965668106454_37.5761957617566935|127.0344491702681466_37.5772966870719074|127.0344435741412923_37.5781192801891137|127.0344796246944128_37.5787124796680345|127.0345335200423591_37.5791540194540943|127.0346112952546775_37.5796808600876844|127.0346768953482268_37.5799603111151086|127.0350191756218408_37.5814101648819303|127.0352570949029030_37.5825551594173248
2026-09-04T06:42:24.849833+09:00,청량리 제기동 일대 전통시장,청량리 제기동 일대 전통시장,POI081,KEY_2,1050060101,-,1050036003,전농동127-389,127.0499263689543596_37.5814016936830058,1050037403,청량리역(수인분당선),127.0471606779858860_37.5811540252545413,288.0,14.0,정체,127.0471606779858860_37.5811540252545413|127.0473278168176137_37.5811400190891831|127.0473759430348792_37.5811413305516595|127.0475025711721884_37.5811542089216104|127.0475894915639117_37.5811782025109267|127.0476593937288925_37.5812072007199589|127.0480393625438609_37.5814661039841980|127.0482393918822481_37.5816319286635903|127.0485065989905564_37.5818092770515761|127.0485744130471630_37.5818326335519615|127.0486386899868592_37.5818554130329190|127.0487404980783452_37.5818760821781552|127.0488105330437207_37.5818831098210921|127.0488792111226104_37.5818805559182678|127.0489854936958380_37.5818634984007289|127.0490791331249198_37.5818300560716310|127.0491537006067517_37.5817897803673446|127.0499263689543596_37.5814016936830058
2026-09-04T06:42:24.849833+09:00,청량리 제기동 일대 전통시장,청량리 제기동 일대 전통시장,POI081,KEY_2,1050060201,-,1050037402,청량리역(수인분당선),127.0471671635029765_37.5812520714926137,1050036004,전농동127-389,127.0499983666957178_37.5814941008551173,293.0,14.0,정체,127.0499983666957178_37.5814941008551173|127.0491763974471553_37.5818997182524726|127.0491004748329402_37.5819298484461868|127.0490430204891226_37.5819493464040448|127.0489579426685083_37.5819715551703055|127.0488771840946782_37.5819819500620511|127.0488163090418112_37.5819817166671228|127.0487193550828380_37.5819779662423628|127.0486366391591844_37.5819607499304880|127.0485426382687422_37.5819367302948706|127.0484388505621496_37.5818923926919268|127.0481321778835451_37.5816861626856848|127.0479159156196118_37.5815123886431479|127.0475457612450043_37.5812692961718327|127.0474814676848894_37.5812493335069817|127.0474086008562153_37.5812422935980166|127.0473427885541184_37.5812392241968638|127.0472500176778254_37.5812461927108643|127.0471671635029765_37.5812520714926137
2026-09-04T06:42:24.849833+09:00,해방촌·경리단길,해방촌·경리단길,POI082,KEY_3,1020011903,녹사평대로,1020026002,이태원지하차도,126.9868116742945574_37.5363328242444823,1020028303,재정관리단앞교차로,126.9867451943054704_37.5383435465004709,224.0,47.0,원활,126.9867451943054704_37.5383435465004709|126.9866790861609331_37.5379776086191654|126.9866715093699838_37.5377196225374448|126.9866809795197611_37.5374744033153647|126.9866829093340925_37.5374244326751736|126.9867579204266832_37.5367885280276852|126.9868116742945574_37.5363328242444823
2026-09-04T06:42:24.849833+09:00,해방촌·경리단길,해방촌·경리단길,POI082,KEY_3,1020015000,회나무로,1020099800,이태원동 304-4,126.9886622424707525_37.5388582477845034,1020028302,재정관리단앞교차로,126.9868728727705331_37.5382909807264369,172.0,27.0,원활,126.9868728727705331_37.5382909807264369|126.9870379365778064_37.5382894090684971|126.9872177584471302_37.5383221593059204|126.9876117945158995_37.5384384195195295|126.9881427963085230_37.5386249180070450|126.9885780415344669_37.5388089154147053|126.9886622424707525_37.5388582477845034
2026-09-04T06:42:24.849833+09:00,해방촌·경리단길,해방촌·경리단길,POI082,KEY_3,1020021201,녹사평대로,1020030701,남산3호터널(남측),126.9885345116869644_37.5441997782690322,1020038300,이태원주공아파트105동,126.9885630019689273_37.5429566236067345,139.0,55.0,원활,126.9885630019689273_37.5429566236067345|126.9886252484286189_37.5434097368701032|126.9886061462605227_37.5437918660155177|126.9885345116869644_37.5441997782690322
2026-09-04T06:42:24.849833+09:00,해방촌·경리단길,해방촌·경리단길,POI082,KEY_3,1020015702,녹사평대로,1020028304,재정관리단앞교차로,126.9868014972725092_37.5386413609384206,1020029801,남산2호터널지하차도(남측),126.9880584405187562_37.5419881693523365,388.0,33.0,원활,126.9880584405187562_37.5419881693523365|126.9877986497125733_37.5413125110144321|126.9875498051758598_37.5406653094598894|126.9873701670335180_37.5402197026677626|126.9873034215915197_37.5400541338267928|126.9870673703858444_37.5394685786494975|126.9869350653526254_37.5391403748739023|126.9869241553577126_37.5391133107524411|126.9868014972725092_37.5386413609384206
2026-09-04T06:42:24.849833+09:00,해방촌·경리단길,해방촌·경리단길,POI082,KEY_3,1020015801,녹사평대로,1020065200,이태원동 685,126.9870643464237645_37.5391073289917188,1020028301,재정관리단앞교차로,126.9868922851884747_37.5383989232431858,80.0,51.0,원활,126.9868922851884747_37.5383989232431858|126.9869259230508476_37.5385866123729457|126.9870556490550086_37.5390857537338931|126.9870643464237645_37.5391073289917188
2026-09-04T06:42:24.849833+09:00,해방촌·경리단길,해방촌·경리단길,POI082,KEY_3,1020016901,신흥로,1020191300,용산동2가 18-2,126.9860049971300100_37.5454163852097054,1020032202,해방촌오거리,126.9853598311598830_37.5457921931329466,71.0,25.5,원활,126.9853598311598830_37.5457921931329466|126.9855691282656949_37.5457147141711900|126.9856022324781719_37.5456920562460326|126.9860049971300100_37.5454163852097054
2026-09-04T06:42:24.849833+09:00,해방촌·경리단길,해방촌·경리단길,POI082,KEY_3,1020016902,소월로20길,1020032204,해방촌오거리,126.9852831271626599_37.5459398212019693,1020032504,용산2가동주민센터앞교차로,126.9851223484754286_37.5465573437204512,71.0,17.5,서행,126.9851223484754286_37.5465573437204512|126.9851464015547862_37.5464616656656602|126.9852404969048507_37.5463259230407260|126.9852837713250295_37.5459635844615391|126.9852831271626599_37.5459398212019693
2026-09-04T06:42:24.849833+09:00,해방촌·경리단길,해방촌·경리단길,POI082,KEY_3,1020017002,신흥로,1020046800,용산동2가 45-16,126.9875544530639218_37.5424716848103230,1020028304,재정관리단앞교차로,126.9868014972725092_37.5386413609384206,440.0,24.3,서행,126.9868014972725092_37.5386413609384206|126.9867113647514145_37.5389657094815306|126.9866271706916052_37.5393079157990144|126.9865735456826030_37.5395258726953713|126.9865618560741041_37.5396150055004227|126.9865756752825234_37.5397207952903855|126.9866726034883584_37.5400718647083238|126.9868966945001745_37.5405598127963955|126.9869836970594150_37.5408346985654759|126.9872201539195231_37.5413974276192022|126.9872239610144504_37.5414096617493271|126.9873176908194239_37.5417108619235762|126.9874712155967700_37.5422042074613316|126.9875544530639218_37.5424716848103230
2026-09-04T06:42:24.849833+09:00,해방촌·경리단길,해방촌·경리단길,POI082,KEY_3,1020017003,소월로20길,1020032503,용산2가동주민센터앞교차로,126.9852924555416394_37.5464747175834503,1020032201,해방촌오거리,126.9854176004788400_37.5458900415257588,67.0,15.5,서행,126.9854176004788400_37.5458900415257588|126.9854197016928907_37.5459675495017891|126.9853730083114414_37.5463585106443389|126.9852924555416394_37.5464747175834503
2026-09-04T06:42:24.849833+09:00,해방촌·경리단길,해방촌·경리단길,POI082,KEY_3,1020017601,녹사평대로58길,1020030902,주공이태원아파트,126.9890205413680206_37.5433967778131361,1020038300,이태원주공아파트105동,126.9885630019689273_37.5429566236067345,63.0,45.7,원활,126.9885630019689273_37.5429566236067345|126.9890205413680206_37.5433967778131361
2026-09-04T06:42:24.849833+09:00,해방촌·경리단길,해방촌·경리단길,POI082,KEY_3,1020018400,신흥로,1020180700,용산동2가 1-1600,126.9824734614724235_37.5446883683947803,1020032203,해방촌오거리,126.9852246416165826_37.5458422381929395,305.0,13.5,정체,126.9852246416165826_37.5458422381929395|126.9851109695849374_37.5457644329875748|126.9849640542287830_37.5456474178329813|126.9848578594547632_37.5455243854437128|126.9846662180806760_37.5451642034092785|126.9846095453935959_37.5450974743415458|126.9844754338979413_37.5450337903787315|126.9841448941342605_37.5449677149289158|126.9834261944490663_37.5447995195147044|126.9833705983433845_37.5447980836145234|126.9832401625668012_37.5448257591879653|126.9829850632019799_37.5449045988834627|126.9828958861069026_37.5449045860000936|126.9827806661271694_37.5448786916551640|126.9824734614724235_37.5446883683947803
2026-09-04T06:42:24.849833+09:00,해방촌·경리단길,해방촌·경리단길,POI082,KEY_3,1020019100,소월로,1020197900,용산동2가 48-5,126.9873684771307438_37.5459531342061368,1020032503,용산2가동주민센터앞교차로,126.9852924555416394_37.5464747175834503,193.0,40.5,원활,126.9852924555416394_37.5464747175834503|126.9854160959703222_37.5464172539021490|126.9856026132817277_37.5463430281642374|126.9859444255285581_37.5462580240463808|126.9873565735092455_37.5459537252957105|126.9873684771307438_37.5459531342061368
2026-09-04T06:42:24.849833+09:00,해방촌·경리단길,해방촌·경리단길,POI082,KEY_3,1020020600,소월로,1020202300,최소노드배치점,126.9837884104005923_37.5493862278245416,1020032501,용산2가동주민센터앞교차로,126.9852054592412998_37.5466428470561624,347.0,30.5,원활,126.9852054592412998_37.5466428470561624|126.9847717560129610_37.5469101027995720|126.9845864439278529_37.5470281015069958|126.9845268187721672_37.5471032424247397|126.9844952209674034_37.5472121780575918|126.9844980284595692_37.5480374474067204|126.9844853903748287_37.5481855176849422|126.9844160179153931_37.5483837291718459|126.9842770429615655_37.5486147709639155|126.9839523254951814_37.5490296975246878|126.9837884104005923_37.5493862278245416
2026-09-04T06:42:24.849833+09:00,해방촌·경리단길,해방촌·경리단길,POI082,KEY_3,1020021101,녹사평대로,1020029801,남산2호터널지하차도(남측),126.9880584405187562_37.5419881693523365,1020030702,남산3호터널(남측),126.9884022250705016_37.5441768004450580,248.0,58.8,원활,126.9884022250705016_37.5441768004450580|126.9884707342777546_37.5437822058713024|126.9884891708638435_37.5434134105737201|126.9884317961847557_37.5429844688311434|126.9883423732940742_37.5427173217743189|126.9881927118278497_37.5423329861134789|126.9880584405187562_37.5419881693523365
2026-09-04T06:42:24.849833+09:00,해방촌·경리단길,해방촌·경리단길,POI082,KEY_3,1020047100,녹사평대로,1020029801,남산2호터널지하차도(남측),126.9880584405187562_37.5419881693523365,1020031300,남산2호터널지하차도(북측),126.9893791606359770_37.5439513185613407,253.0,50.0,원활,126.9893791606359770_37.5439513185613407|126.9883602227382369_37.5429687555737317|126.9882771228937486_37.5427322935318131|126.9880584405187562_37.5419881693523365
2026-09-04T06:42:24.849833+09:00,DDP(동대문디자인플라자),DDP(동대문디자인플라자),POI083,KEY_4,1010012002,장충단로,1010025602,동대문역사문화공원,127.0076398432787244_37.5653065784687641,1010023800,광희동2가9,127.0074212496598989_37.5647191039854818,68.0,18.0,서행,127.0074212496598989_37.5647191039854818|127.0076398432787244_37.5653065784687641
2026-09-04T06:42:24.849833+09:00,DDP(동대문디자인플라자),DDP(동대문디자인플라자),POI083,KEY_4,1010010601,마른내로,1010134000,광희동1가 235-6,127.0062746188617808_37.5646055130078267,1010023000,광희동1가169-1,127.0066022342274863_37.5645458036535800,30.0,15.0,서행,127.0066022342274863_37.5645458036535800|127.0063686118675577_37.5645902274929711|127.0062746188617808_37.5646055130078267
2026-09-04T06:42:24.849833+09:00,DDP(동대문디자인플라자),DDP(동대문디자인플라자),POI083,KEY_4,1010011501,을지로,1010025400,한양공고앞,127.0104615863536850_37.5651414229202487,1010025702,동대문역사문화공원역앞교차로,127.0098092568797057_37.5653495503264523,62.0,28.5,원활,127.0098092568797057_37.5653495503264523|127.0104018007762932_37.5651601202690344|127.0104615863536850_37.5651414229202487
2026-09-04T06:42:24.849833+09:00,DDP(동대문디자인플라자),DDP(동대문디자인플라자),POI083,KEY_4,1010011602,을지로,1010025701,동대문역사문화공원역앞교차로,127.0098839022084150_37.5654422003783637,1010024401,한양공고앞,127.0114159293672458_37.5649391116953026,146.0,24.0,서행,127.0114159293672458_37.5649391116953026|127.0111804215872553_37.5650327842942460|127.0105112526830311_37.5652420552738704|127.0104519446709617_37.5652606030398672|127.0098839022084150_37.5654422003783637
2026-09-04T06:42:24.849833+09:00,DDP(동대문디자인플라자),DDP(동대문디자인플라자),POI083,KEY_4,1010011901,장충단로,1010022104,광희동사거리,127.0071286778296695_37.5642723681278099,1010024100,광희동2가9,127.0072910181171153_37.5647498099421497,55.0,43.0,원활,127.0072910181171153_37.5647498099421497|127.0072564348693760_37.5646568662029168|127.0071286778296695_37.5642723681278099
2026-09-04T06:42:24.849833+09:00,DDP(동대문디자인플라자),DDP(동대문디자인플라자),POI083,KEY_4,1010011902,장충단로,1010024100,광희동2가9,127.0072910181171153_37.5647498099421497,1010025603,동대문역사문화공원,127.0075096102102208_37.5653372838946922,68.0,40.0,원활,127.0075096102102208_37.5653372838946922|127.0072910181171153_37.5647498099421497
2026-09-04T06:42:24.849833+09:00,DDP(동대문디자인플라자),DDP(동대문디자인플라자),POI083,KEY_4,1010011904,장충단로,1010026800,동대문역사문화공원,127.0076027310937263_37.5655895835695972,1010027503,동대문역사문화공원앞교차로,127.0077423203471056_37.5659686340729024,44.0,40.5,원활,127.0077423203471056_37.5659686340729024|127.0076027310937263_37.5655895835695972
2026-09-04T06:42:24.849833+09:00,DDP(동대문디자인플라자),DDP(동대문디자인플라자),POI083,KEY_4,1010012001,장충단로,1010023800,광희동2가9,127.0074212496598989_37.5647191039854818,1010022101,광희동사거리,127.0072731356478073_37.5642842960486263,50.0,10.0,정체,127.0072731356478073_37.5642842960486263|127.0073872334830867_37.5646276838331019|127.0074212496598989_37.5647191039854818
2026-09-04T06:42:24.849833+09:00,DDP(동대문디자인플라자),DDP(동대문디자인플라자),POI083,KEY_4,1010012004,장충단로,1010027502,동대문역사문화공원앞교차로,127.0078734506891323_37.5659403597718651,1010026500,동대문역사문화공원,127.0077330726616651_37.5655591691889441,44.0,20.0,서행,127.0077330726616651_37.5655591691889441|127.0078734506891323_37.5659403597718651
2026-09-04T06:42:24.849833+09:00,DDP(동대문디자인플라자),DDP(동대문디자인플라자),POI083,KEY_4,1010013301,을지로,1010026900,동대문역사문화공원,127.0084142117340065_37.5657933815894935,1010027502,동대문역사문화공원앞교차로,127.0078734506891323_37.5659403597718651,51.0,36.0,원활,127.0078734506891323_37.5659403597718651|127.0080862909446040_37.5658896606162571|127.0084142117340065_37.5657933815894935
2026-09-04T06:42:24.849833+09:00,DDP(동대문디자인플라자),DDP(동대문디자인플라자),POI083,KEY_4,1010013302,을지로,1010080900,을지로7가 112-3,127.0088653110683481_37.5656507823329591,1010026900,동대문역사문화공원,127.0084142117340065_37.5657933815894935,43.0,26.0,원활,127.0084142117340065_37.5657933815894935|127.0084667296888910_37.5657779617922074|127.0088653110683481_37.5656507823329591
2026-09-04T06:42:24.849833+09:00,DDP(동대문디자인플라자),DDP(동대문디자인플라자),POI083,KEY_4,1010013401,을지로,1010027501,동대문역사문화공원앞교차로,127.0079126423696891_37.5660438810911330,1010025704,동대문역사문화공원역앞교차로,127.0097555715754112_37.5654831945412937,174.0,17.0,서행,127.0097555715754112_37.5654831945412937|127.0096128053100841_37.5655287500039421|127.0089158485056231_37.5657511395251831|127.0085155097829670_37.5658788797530079|127.0084612158882180_37.5658948204746821|127.0081293049191800_37.5659922730020028|127.0079126423696891_37.5660438810911330
2026-09-04T06:42:24.849833+09:00,DDP(동대문디자인플라자),DDP(동대문디자인플라자),POI083,KEY_4,1010014502,을지로45길,1010025704,동대문역사문화공원역앞교차로,127.0097555715754112_37.5654831945412937,1010031203,신당동 251-159,127.0125199832589118_37.5670528209413206,317.0,19.0,서행,127.0125199832589118_37.5670528209413206|127.0124748534802706_37.5669451006742108|127.0123969525654672_37.5668174774060688|127.0123025116707964_37.5666983314770420|127.0121971172845576_37.5665907571920030|127.0120637838956981_37.5664864490764074|127.0119132422724846_37.5664083993704807|127.0117389300272777_37.5663307203448511|127.0115558621243821_37.5662698698201609|127.0113306725807121_37.5662120107637136|127.0106272887382772_37.5660711531911673|127.0104211268278505_37.5660237206134866|127.0102552544842212_37.5659567055388024|127.0101066121111302_37.5658730843004420|127.0099898103265588_37.5657739315167234|127.0097555715754112_37.5654831945412937
2026-09-04T06:42:24.849833+09:00,DDP(동대문디자인플라자),DDP(동대문디자인플라자),POI083,KEY_4,1010014503,을지로45길,1010031204,신당동 251-159,127.0125599243742585_37.5672394044600324,1010031813,운동장평화시장,127.0124984243057042_37.5678383411287697,68.0,23.0,서행,127.0124984243057042_37.5678383411287697|127.0125278070149193_37.5678140109252396|127.0125545329192533_37.5677608060890265|127.0125807604174355_37.5676720254815848|127.0125874088479208_37.5675818531156409|127.0125803643056344_37.5674031656770779|127.0125599243742585_37.5672394044600324
2026-09-04T06:42:24.849833+09:00,DDP(동대문디자인플라자),DDP(동대문디자인플라자),POI083,KEY_4,1010014602,을지로45길,1010031202,신당동 251-159,127.0126037267031904_37.5669109428648440,1010025701,동대문역사문화공원역앞교차로,127.0098839022084150_37.5654422003783637,305.0,17.0,서행,127.0098839022084150_37.5654422003783637|127.0100974157430329_37.5657072126138019|127.0101962625768266_37.5657911237929127|127.0103255593623715_37.5658638616798513|127.0104711638876438_37.5659226884021962|127.0106627259196870_37.5659667614976271|127.0113681429240273_37.5661080259160514|127.0116029740556911_37.5661683625948655|127.0117984706255356_37.5662333437737743|127.0119835625390436_37.5663158266306780|127.0121493010753682_37.5664017556969796|127.0122987151525393_37.5665186435508005|127.0124137776696784_37.5666360853386863|127.0125158379894970_37.5667648439987900|127.0126009014704351_37.5669041991938073|127.0126037267031904_37.5669109428648440
2026-09-04T06:42:24.849833+09:00,DDP(동대문디자인플라자),DDP(동대문디자인플라자),POI083,KEY_4,1010014603,을지로45길,1010031812,운동장평화시장,127.0126485643679786_37.5678648322467907,1010031201,신당동 199-6,127.0126632942662184_37.5670642770788277,90.0,17.0,서행,127.0126632942662184_37.5670642770788277|127.0126915510936527_37.5672094829220882|127.0127159720722574_37.5673958521818534|127.0127233647992000_37.5675833278878599|127.0127156707868608_37.5676876829484456|127.0126844296511024_37.5677934334783714|127.0126485643679786_37.5678648322467907
2026-09-04T06:42:24.849833+09:00,DDP(동대문디자인플라자),DDP(동대문디자인플라자),POI083,KEY_4,1010014905,을지로,1010027503,동대문역사문화공원앞교차로,127.0077423203471056_37.5659686340729024,1010027300,동대문역사문화공원,127.0072093223593868_37.5660721727252351,48.0,13.0,정체,127.0072093223593868_37.5660721727252351|127.0077423203471056_37.5659686340729024
2026-09-04T06:42:24.849833+09:00,DDP(동대문디자인플라자),DDP(동대문디자인플라자),POI083,KEY_4,1010015005,을지로,1010028100,동대문역사문화공원,127.0072415247333453_37.5661772097702809,1010027504,동대문역사문화공원앞교차로,127.0077815127893501_37.5660723132225556,49.0,40.0,원활,127.0077815127893501_37.5660723132225556|127.0072415247333453_37.5661772097702809
2026-09-04T06:42:24.849833+09:00,DDP(동대문디자인플라자),DDP(동대문디자인플라자),POI083,KEY_4,1010017301,장충단로,1010027504,동대문역사문화공원앞교차로,127.0077815127893501_37.5660723132225556,1010028800,동대문역사문화공원,127.0080565712496110_37.5666288866091591,67.0,11.0,정체,127.0080565712496110_37.5666288866091591|127.0079624699871488_37.5664856769850175|127.0078715207442457_37.5663037548790442|127.0077815127893501_37.5660723132225556
2026-09-04T06:42:24.849833+09:00,DDP(동대문디자인플라자),DDP(동대문디자인플라자),POI083,KEY_4,1010017302,장충단로,1010143800,을지로6가 18-11,127.0082819372846643_37.5669476563761933,1010031703,을지로6가 18-11,127.0088451603658086_37.5677293203079117,100.0,14.0,정체,127.0088451603658086_37.5677293203079117|127.0082819372846643_37.5669476563761933
2026-09-04T06:42:24.849833+09:00,DDP(동대문디자인플라자),DDP(동대문디자인플라자),POI083,KEY_4,1010017303,장충단로,1010151400,을지로6가 18-11,127.0092239635291378_37.5682916548078154,1010033603,흥인시장,127.0095744381944343_37.5688379054322823,68.0,16.0,서행,127.0095744381944343_37.5688379054322823|127.0095441539168775_37.5687836818919578|127.0094685009096480_37.5686576314897209|127.0092239635291378_37.5682916548078154
2026-09-04T06:42:24.849833+09:00,DDP(동대문디자인플라자),DDP(동대문디자인플라자),POI083,KEY_4,1010017401,장충단로,1010031702,을지로6가 18-198,127.0089629856017694_37.5676755281945915,1010027501,동대문역사문화공원앞교차로,127.0079126423696891_37.5660438810911330,204.0,35.0,원활,127.0079126423696891_37.5660438810911330|127.0079996952631092_37.5662677235432056|127.0080860788338697_37.5664405124682617|127.0081769300446410_37.5665787757523901|127.0082204295207475_37.5666449752098757|127.0083997623679863_37.5668938645087991|127.0089629856017694_37.5676755281945915
2026-09-04T06:42:24.849833+09:00,DDP(동대문디자인플라자),DDP(동대문디자인플라자),POI083,KEY_4,1010017402,장충단로,1010033602,흥인시장,127.0096784540469628_37.5687579872561841,1010031701,을지로6가 18-11,127.0090328345347217_37.5677753546081874,123.0,23.0,서행,127.0090328345347217_37.5677753546081874|127.0093438877200214_37.5682408851308693|127.0095898005743607_37.5686089201824345|127.0096675199618375_37.5687384094390211|127.0096784540469628_37.5687579872561841
2026-09-04T06:42:24.849833+09:00,DDP(동대문디자인플라자),DDP(동대문디자인플라자),POI083,KEY_4,1010017405,장충단로,1010034701,청계6가사거리,127.0098099727011487_37.5696292980751281,1010033601,흥인시장,127.0097254442646317_37.5688636970958783,86.0,23.0,서행,127.0097254442646317_37.5688636970958783|127.0097710903643389_37.5690379675287076|127.0098052651739948_37.5692398786983972|127.0098225114876840_37.5694298296446618|127.0098099727011487_37.5696292980751281
2026-09-04T06:42:24.849833+09:00,DDP(동대문디자인플라자),DDP(동대문디자인플라자),POI083,KEY_4,1010017900,마장로,1010031811,운동장평화시장,127.0125602184103286_37.5679573189645097,1010032004,흥인사거리,127.0159347353495747_37.5680686203623893,300.0,19.0,서행,127.0159347353495747_37.5680686203623893|127.0156884666647272_37.5680616007632224|127.0144660810207995_37.5680903184376831|127.0138825710250785_37.5680999453562308|127.0137456855287041_37.5680989709988395|127.0136150764297582_37.5680980411691650|127.0132103478226497_37.5680672217406553|127.0129104055784666_37.5680323170113368|127.0127590991973818_37.5680014116303767|127.0127288182885081_37.5679952265176880|127.0125602184103286_37.5679573189645097
2026-09-04T06:42:24.849833+09:00,DDP(동대문디자인플라자),DDP(동대문디자인플라자),POI083,KEY_4,1010018000,마장로,1010140800,신당동 208-5,127.0127928615110591_37.5678966848153522,1010031812,운동장평화시장,127.0126485643679786_37.5678648322467907,13.0,36.0,원활,127.0126485643679786_37.5678648322467907|127.0127641662878943_37.5678908234252873|127.0127928615110591_37.5678966848153522
2026-09-04T06:42:24.849833+09:00,DDP(동대문디자인플라자),DDP(동대문디자인플라자),POI083,KEY_4,1010018701,마장로,1010152800,신당동 204-97,127.0117072992637475_37.5679805134442333,1010031814,운동장평화시장,127.0124154726912309_37.5679435535466197,63.0,16.0,서행,127.0124154726912309_37.5679435535466197|127.0122590074739151_37.5679378566801887|127.0120605595701875_37.5679355192139823|127.0119126210582579_37.5679377984365175|127.0117849221734048_37.5679599090739913|127.0117072992637475_37.5679805134442333
2026-09-04T06:42:24.849833+09:00,DDP(동대문디자인플라자),DDP(동대문디자인플라자),POI083,KEY_4,1010018702,마장로,1010033601,흥인시장,127.0097254442646317_37.5688636970958783,1010031806,신당동 220-37,127.0108933564805653_37.5683374957941965,119.0,14.0,정체,127.0108933564805653_37.5683374957941965|127.0103128324394817_37.5685983229940632|127.0098862405464928_37.5687745410715479|127.0097254442646317_37.5688636970958783
2026-09-04T06:42:24.849833+09:00,DDP(동대문디자인플라자),DDP(동대문디자인플라자),POI083,KEY_4,1010018801,마장로,1010031805,신당동 222-3,127.0108265877144618_37.5682433405487259,1010033602,흥인시장,127.0096784540469628_37.5687579872561841,117.0,22.0,서행,127.0096784540469628_37.5687579872561841|127.0098158423830341_37.5686818101705882|127.0102481441824267_37.5685032330426054|127.0108265877144618_37.5682433405487259
2026-09-04T06:42:24.849833+09:00,DDP(동대문디자인플라자),DDP(동대문디자인플라자),POI083,KEY_4,1010018802,마장로,1010031813,운동장평화시장,127.0124984243057042_37.5678383411287697,1010031804,신당동 204-25,127.0109614857434366_37.5681827306582221,145.0,9.0,정체,127.0109614857434366_37.5681827306582221|127.0116044562520585_37.5678938389136974|127.0116643298441801_37.5678779462685810|127.0117488970436739_37.5678554989719800|127.0118967207613707_37.5678299039982804|127.0120602489677566_37.5678273844402426|127.0122631167441938_37.5678297737057392|127.0124984243057042_37.5678383411287697
2026-09-04T06:42:24.849833+09:00,DDP(동대문디자인플라자),DDP(동대문디자인플라자),POI083,KEY_4,1010018902,마장로1길,1010031814,운동장평화시장,127.0124154726912309_37.5679435535466197,1010031809,신당동222-8,127.0122750629742399_37.5683759183048167,50.0,5.0,정체,127.0122750629742399_37.5683759183048167|127.0123180657187021_37.5681383238811932|127.0123497877902849_37.5680414779446536|127.0124154726912309_37.5679435535466197
2026-09-04T06:42:24.849833+09:00,DDP(동대문디자인플라자),DDP(동대문디자인플라자),POI083,KEY_4,1010019001,마장로1길,1010031808,신당동222-8,127.0124095059075984_37.5683913354501371,1010031811,운동장평화시장,127.0125602184103286_37.5679573189645097,51.0,11.0,정체,127.0125602184103286_37.5679573189645097|127.0124771732185138_37.5680811245796917|127.0124514225665706_37.5681597391732680|127.0124095059075984_37.5683913354501371
2026-09-04T06:42:24.849833+09:00,DDP(동대문디자인플라자),DDP(동대문디자인플라자),POI083,KEY_4,1010037500,퇴계로,1010022000,광희동1가202-5,127.0064842473273927_37.5641466003637774,1010022800,동대문역사문화공원역(서울5호선),127.0065706763448077_37.5644406429326594,48.0,17.0,서행,127.0065706763448077_37.5644406429326594|127.0066811536361087_37.5643775516764293|127.0066907310278452_37.5643088952173088|127.0066691623191701_37.5642345191936187|127.0066041857510015_37.5641759869182650|127.0064842473273927_37.5641466003637774
2026-09-04T06:42:24.849833+09:00,DDP(동대문디자인플라자),DDP(동대문디자인플라자),POI083,KEY_4,1010038000,장충단로,1010023800,광희동2가9,127.0074212496598989_37.5647191039854818,1010022600,동대문역사문화공원역(서울4호선),127.0077454141687099_37.5643181758701132,63.0,10.0,정체,127.0077454141687099_37.5643181758701132|127.0075819683701184_37.5643336340610148|127.0075100991725066_37.5643889445091830|127.0074478177686927_37.5644766757582289|127.0073975133061595_37.5645491496537787|127.0074212496598989_37.5647191039854818
2026-09-04T06:42:24.849833+09:00,DDP(동대문디자인플라자),DDP(동대문디자인플라자),POI083,KEY_4,1010038700,마른내로,1010023000,광희동1가169-1,127.0066022342274863_37.5645458036535800,1010024100,광희동2가9,127.0072910181171153_37.5647498099421497,71.0,21.0,서행,127.0072910181171153_37.5647498099421497|127.0070884576186359_37.5645796826538856|127.0069375173959259_37.5645243848659760|127.0068231515665786_37.5645069004905352|127.0066022342274863_37.5645458036535800
2026-09-04T06:42:24.849833+09:00,DDP(동대문디자인플라자),DDP(동대문디자인플라자),POI083,KEY_4,1010040800,을지로,1010026900,동대문역사문화공원,127.0084142117340065_37.5657933815894935,1010026500,동대문역사문화공원,127.0077330726616651_37.5655591691889441,68.0,22.0,서행,127.0077330726616651_37.5655591691889441|127.0079381871399988_37.5656946131292102|127.0081740368883487_37.5657810133705610|127.0084142117340065_37.5657933815894935
2026-09-04T06:42:24.849833+09:00,DDP(동대문디자인플라자),DDP(동대문디자인플라자),POI083,KEY_4,1010041000,장충단로,1010026800,동대문역사문화공원,127.0076027310937263_37.5655895835695972,1010027300,동대문역사문화공원,127.0072093223593868_37.5660721727252351,68.0,24.0,서행,127.0072093223593868_37.5660721727252351|127.0074103827092529_37.5659777349919963|127.0075077022791419_37.5658704535518240|127.0075937893706595_37.5657363546045602|127.0076027310937263_37.5655895835695972
2026-09-04T06:42:24.849833+09:00,DDP(동대문디자인플라자),DDP(동대문디자인플라자),POI083,KEY_4,1010041500,퇴계로71길,1010024504,성동여자실업고교앞,127.0122824244794231_37.5649718786512210,1010031202,신당동 251-159,127.0126037267031904_37.5669109428648440,244.0,13.0,정체,127.0126037267031904_37.5669109428648440|127.0126412307703134_37.5668474033094597|127.0126698024754859_37.5667546274016004|127.0127005738834924_37.5665576114049742|127.0127364488098749_37.5663279184632444|127.0127338355630116_37.5663230668818073|127.0123319930443841_37.5662096732445008|127.0122708949118078_37.5661506328379602|127.0122755975942681_37.5650242043360834|127.0122824244794231_37.5649718786512210
2026-09-04T06:42:24.849833+09:00,DDP(동대문디자인플라자),DDP(동대문디자인플라자),POI083,KEY_4,1010041800,을지로,1010028100,동대문역사문화공원,127.0072415247333453_37.5661772097702809,1010028800,동대문역사문화공원,127.0080565712496110_37.5666288866091591,89.0,29.0,원활,127.0080565712496110_37.5666288866091591|127.0077173922156106_37.5663889362043406|127.0073916863854606_37.5661982459288595|127.0072415247333453_37.5661772097702809
2026-09-04T06:42:24.849833+09:00,DDP(동대문디자인플라자),DDP(동대문디자인플라자),POI083,KEY_4,1010044900,장충단로13길,1010031901,현대시티아울렛(동대문점),127.0078041379920819_37.5680116507579029,1010031704,을지로6가 18-11,127.0089129103870960_37.5678261241420017,100.0,21.0,서행,127.0089129103870960_37.5678261241420017|127.0087521862193825_37.5678639356992790|127.0078041379920819_37.5680116507579029
2026-09-04T06:42:24.849833+09:00,DMC(디지털미디어시티),DMC(디지털미디어시티),POI084,KEY_1,1110086500,증산로,1130046402,은평구-마포구,126.9017527415007578_37.5765539742255541,1110005500,증산교,126.9034752758808793_37.5781798772630822,236.0,16.0,서행,126.9034752758808793_37.5781798772630822|126.9026029745643172_37.5773591500215929|126.9017527415007578_37.5765539742255541
2026-09-04T06:42:24.849833+09:00,DMC(디지털미디어시티),DMC(디지털미디어시티),POI084,KEY_1,1130007102,증산로,1130043500,성산동491-1,126.8990562961894852_37.5737647959106411,1130044402,증산지하차도(남측),126.8995968764490669_37.5743540467505426,81.0,6.0,정체,126.8995968764490669_37.5743540467505426|126.8992398926530143_37.5739603793572670|126.8990562961894852_37.5737647959106411
2026-09-04T06:42:24.849833+09:00,DMC(디지털미디어시티),DMC(디지털미디어시티),POI084,KEY_1,1110086400,증산로,1110025301,증산지하차도(북측),126.9039758261172608_37.5784870932225132,1130046401,은평구-마포구,126.9018567383502045_37.5764844121927837,291.0,57.0,원활,126.9018567383502045_37.5764844121927837|126.9027068325619041_37.5772894554844186|126.9035789940010091_37.5781100503089647|126.9039758261172608_37.5784870932225132
2026-09-04T06:42:24.849833+09:00,DMC(디지털미디어시티),DMC(디지털미디어시티),POI084,KEY_1,1130007202,증산로,1130044401,증산지하차도(남측),126.8997070239019962_37.5742907695769190,1130044100,성산동488-2,126.8993493776716974_37.5738963850184291,54.0,50.5,원활,126.8993493776716974_37.5738963850184291|126.8997070239019962_37.5742907695769190
2026-09-04T06:42:24.849833+09:00,DMC(디지털미디어시티),DMC(디지털미디어시티),POI084,KEY_1,1130007501,증산로,1130044402,증산지하차도(남측),126.8995968764490669_37.5743540467505426,1130046402,은평구-마포구,126.9017527415007578_37.5765539742255541,310.0,16.0,서행,126.9017527415007578_37.5765539742255541|126.9006134456184895_37.5754750169051093|126.8995968764490669_37.5743540467505426
2026-09-04T06:42:24.849833+09:00,DMC(디지털미디어시티),DMC(디지털미디어시티),POI084,KEY_1,1130007601,증산로,1130046401,은평구-마포구,126.9018567383502045_37.5764844121927837,1130044401,증산지하차도(남측),126.8997070239019962_37.5742907695769190,309.0,65.0,원활,126.8997070239019962_37.5742907695769190|126.9007206641610566_37.5754085065304366|126.9018567383502045_37.5764844121927837
2026-09-04T06:42:24.849833+09:00,DMC(디지털미디어시티),DMC(디지털미디어시티),POI084,KEY_1,1130023901,성암로,1130045102,중동교,126.9008492951027023_37.5752640367100312,1130003202,중동교,126.9005739786039442_37.5754350244651292,31.0,46.0,원활,126.9005739786039442_37.5754350244651292|126.9008492951027023_37.5752640367100312
2026-09-04T06:42:24.849833+09:00,DMC(디지털미디어시티),DMC(디지털미디어시티),POI084,KEY_1,1130023902,성암로,1130044702,중동교,126.9013932137603007_37.5749262274768512,1130045102,중동교,126.9008492951027023_37.5752640367100312,61.0,48.0,원활,126.9008492951027023_37.5752640367100312|126.9013932137603007_37.5749262274768512
2026-09-04T06:42:24.849833+09:00,DMC(디지털미디어시티),DMC(디지털미디어시티),POI084,KEY_1,1130024001,성암로,1130003201,중동교,126.9006575479311749_37.5755202637415948,1130045101,중동교,126.9009328670204440_37.5753492743804642,31.0,51.0,원활,126.9009328670204440_37.5753492743804642|126.9006575479311749_37.5755202637415948
2026-09-04T06:42:24.849833+09:00,DMC(디지털미디어시티),DMC(디지털미디어시티),POI084,KEY_1,1130024002,성암로,1130045101,중동교,126.9009328670204440_37.5753492743804642,1130044701,중동교,126.9014751720981593_37.5750124364249984,61.0,50.0,원활,126.9014751720981593_37.5750124364249984|126.9009328670204440_37.5753492743804642
2026-09-04T06:42:24.849833+09:00,DMC(디지털미디어시티),DMC(디지털미디어시티),POI084,KEY_1,1130024500,월드컵로,1130042904,월드컵파크3단지교차로,126.8880419598859106_37.5730202691865927,1130007302,디지털미디어시티입구교차로,126.8865044792722472_37.5740977172547161,181.0,30.0,원활,126.8865044792722472_37.5740977172547161|126.8871887145199224_37.5736835642442912|126.8876417608668987_37.5733592229529521|126.8880419598859106_37.5730202691865927
2026-09-04T06:42:24.849833+09:00,DMC(디지털미디어시티),DMC(디지털미디어시티),POI084,KEY_1,1130024600,월드컵로,1130007301,디지털미디어시티입구교차로,126.8865867067047475_37.5741837779433610,1130042901,월드컵파크3단지교차로,126.8881409491589523_37.5730943102150050,183.0,45.5,원활,126.8881409491589523_37.5730943102150050|126.8877368451630474_37.5734365727853401|126.8872753969699261_37.5737669286614562|126.8865867067047475_37.5741837779433610
2026-09-04T06:42:24.849833+09:00,DMC(디지털미디어시티),DMC(디지털미디어시티),POI084,KEY_1,1130024700,매봉산로,1130042901,월드컵파크3단지교차로,126.8881409491589523_37.5730943102150050,1130044603,월드컵파크2단지사거리,126.8900041088949990_37.5748995117424016,259.0,24.0,서행,126.8900041088949990_37.5748995117424016|126.8887517450962719_37.5736649009094705|126.8882989940305492_37.5732185545011106|126.8881409491589523_37.5730943102150050
2026-09-04T06:42:24.849833+09:00,DMC(디지털미디어시티),DMC(디지털미디어시티),POI084,KEY_1,1130025000,상암산로,1130045802,월드컵파크4단지앞교차로,126.8883797106704350_37.5759449782012638,1130007301,디지털미디어시티입구교차로,126.8865867067047475_37.5741837779433610,252.0,18.0,서행,126.8865867067047475_37.5741837779433610|126.8883797106704350_37.5759449782012638
2026-09-04T06:42:24.849833+09:00,DMC(디지털미디어시티),DMC(디지털미디어시티),POI084,KEY_1,1130025302,성중길,1130007104,중암교앞교차로,126.9003625466799292_37.5723898224647499,1130045702,서대문구-마포구,126.9024294366205226_37.5761197309857309,466.0,25.0,원활,126.9024294366205226_37.5761197309857309|126.9018138955969306_37.5755687499806541|126.9015618580273497_37.5753284999021275|126.9015478912081676_37.5753035295780435|126.9013739001951961_37.5749924613626689|126.9010880430100201_37.5745239321889599|126.9010138467866540_37.5744247403146971|126.9008681130194560_37.5742299100118871|126.9006382435482010_37.5739161941188797|126.9004842258342904_37.5736112507413580|126.9004169598244971_37.5732829734208806|126.9003697155043966_37.5725880171336186|126.9003625466799292_37.5723898224647499
2026-09-04T06:42:24.849833+09:00,DMC(디지털미디어시티),DMC(디지털미디어시티),POI084,KEY_1,1130025401,성중길,1130110700,중동 89-7,126.9011305691405198_37.5743694314635519,1130007101,중암교앞교차로,126.9004948048543895_37.5722892982473482,243.0,15.0,서행,126.9004948048543895_37.5722892982473482|126.9005054484899944_37.5725835401371313|126.9005522055344244_37.5732713168361343|126.9006158741737522_37.5735820315699272|126.9007605822510385_37.5738685434168076|126.9009851491210696_37.5741750196416930|126.9011305691405198_37.5743694314635519
2026-09-04T06:42:24.849833+09:00,DMC(디지털미디어시티),DMC(디지털미디어시티),POI084,KEY_1,1130025504,월드컵북로,1130227400,상암동 1715,126.8928691721298350_37.5767846610504463,1130046802,상암초교앞교차로,126.8923681066395375_37.5770772862630835,55.0,45.3,원활,126.8923681066395375_37.5770772862630835|126.8928691721298350_37.5767846610504463
2026-09-04T06:42:24.849833+09:00,DMC(디지털미디어시티),DMC(디지털미디어시티),POI084,KEY_1,1130025601,월드컵북로,1130043400,상암동24-59,126.8984326017897075_37.5737046034107323,1130043204,상암사거리,126.8988065387872979_37.5734987293495166,40.0,40.0,원활,126.8988065387872979_37.5734987293495166|126.8984326017897075_37.5737046034107323
2026-09-04T06:42:24.849833+09:00,DMC(디지털미디어시티),DMC(디지털미디어시티),POI084,KEY_1,1130025602,월드컵북로,1130044206,서울시시설관리공단,126.8974443493847133_37.5742486819677097,1130043400,상암동24-59,126.8984326017897075_37.5737046034107323,106.0,40.5,원활,126.8984326017897075_37.5737046034107323|126.8974443493847133_37.5742486819677097
2026-09-04T06:42:24.849833+09:00,DMC(디지털미디어시티),DMC(디지털미디어시티),POI084,KEY_1,1130025604,월드컵북로,1130232200,상암동 37-2,126.8939439911347620_37.5762910507855992,1130045604,월드컵파크1단지교차로,126.8947828040230235_37.5758011541261752,92.0,21.0,서행,126.8947828040230235_37.5758011541261752|126.8939439911347620_37.5762910507855992
2026-09-04T06:42:24.849833+09:00,DMC(디지털미디어시티),DMC(디지털미디어시티),POI084,KEY_1,1130025605,월드컵북로,1130044202,상암동31-1,126.8958974025637474_37.5751501684494542,1130044209,서울시시설관리공단,126.8973331824673920_37.5743115641671324,157.0,25.0,원활,126.8973331824673920_37.5743115641671324|126.8958974025637474_37.5751501684494542
2026-09-04T06:42:24.849833+09:00,DMC(디지털미디어시티),DMC(디지털미디어시티),POI084,KEY_1,1130025606,월드컵북로,1130143900,상암동 31-1,126.8954351096876678_37.5754201750939032,1130044205,상암동31-1,126.8957878809720938_37.5752141359076433,39.0,46.5,원활,126.8957878809720938_37.5752141359076433|126.8954351096876678_37.5754201750939032
2026-09-04T06:42:24.849833+09:00,DMC(디지털미디어시티),DMC(디지털미디어시티),POI084,KEY_1,1130025702,상암산로,1130044603,월드컵파크2단지사거리,126.8900041088949990_37.5748995117424016,1130045802,월드컵파크4단지앞교차로,126.8883797106704350_37.5759449782012638,185.0,33.0,원활,126.8883797106704350_37.5759449782012638|126.8891094429257294_37.5754773087779412|126.8892146635848093_37.5754096006289160|126.8900041088949990_37.5748995117424016
2026-09-04T06:42:24.849833+09:00,DMC(디지털미디어시티),DMC(디지털미디어시티),POI084,KEY_1,1130025801,상암산로,1130045301,한국공공정책신문,126.8893002827802974_37.5754935420065124,1130044604,월드컵파크2단지사거리,126.8900888980952288_37.5749839882549139,90.0,27.0,원활,126.8900888980952288_37.5749839882549139|126.8893002827802974_37.5754935420065124
2026-09-04T06:42:24.849833+09:00,DMC(디지털미디어시티),DMC(디지털미디어시티),POI084,KEY_1,1130025802,상암산로,1130045801,월드컵파크4단지앞교차로,126.8884645575662233_37.5760294154012371,1130045304,한국공공정책신문,126.8891946406988893_37.5755615201432676,83.0,10.0,정체,126.8891946406988893_37.5755615201432676|126.8884645575662233_37.5760294154012371
2026-09-04T06:42:24.849833+09:00,DMC(디지털미디어시티),DMC(디지털미디어시티),POI084,KEY_1,1130025901,매봉산로,1130149100,상암동 1718,126.8907491326159800_37.5756486885100287,1130046303,상암초등학교,126.8915532409193361_37.5764582146745170,115.0,19.0,서행,126.8915532409193361_37.5764582146745170|126.8907491326159800_37.5756486885100287
2026-09-04T06:42:24.849833+09:00,DMC(디지털미디어시티),DMC(디지털미디어시티),POI084,KEY_1,1130025902,매봉산로,1130046304,상암초등학교,126.8916385575081733_37.5765423522413826,1130046803,상암초교앞교차로,126.8922586587650017_37.5771415893312337,86.0,29.0,원활,126.8922586587650017_37.5771415893312337|126.8916385575081733_37.5765423522413826
2026-09-04T06:42:24.849833+09:00,DMC(디지털미디어시티),DMC(디지털미디어시티),POI084,KEY_1,1130026001,매봉산로,1130046802,상암초교앞교차로,126.8923681066395375_37.5770772862630835,1130044601,월드컵파크2단지사거리,126.8901922548791532_37.5749137067317420,308.0,25.0,원활,126.8901922548791532_37.5749137067317420|126.8908556979909861_37.5755816358774624|126.8916598070790513_37.5763911610855672|126.8917434171382297_37.5764736169634261|126.8923681066395375_37.5770772862630835
2026-09-04T06:42:24.849833+09:00,DMC(디지털미디어시티),DMC(디지털미디어시티),POI084,KEY_1,1130026401,상암산로,1130047102,중앙일보빌딩,126.8899246502134446_37.5775017541936762,1130045801,월드컵파크4단지앞교차로,126.8884645575662233_37.5760294154012371,208.0,22.0,서행,126.8884645575662233_37.5760294154012371|126.8899246502134446_37.5775017541936762
2026-09-04T06:42:24.849833+09:00,DMC(디지털미디어시티),DMC(디지털미디어시티),POI084,KEY_1,1130026402,상암산로,1130047502,디지털미디어시티앞교차로,126.8905616249283810_37.5781439913648541,1130047101,중앙일보빌딩,126.8900088184744988_37.5775866225538309,79.0,12.0,정체,126.8900088184744988_37.5775866225538309|126.8905616249283810_37.5781439913648541
2026-09-04T06:42:24.849833+09:00,DMC(디지털미디어시티),DMC(디지털미디어시티),POI084,KEY_1,1130026500,월드컵북로,1130046803,상암초교앞교차로,126.8922586587650017_37.5771415893312337,1130047502,디지털미디어시티앞교차로,126.8905616249283810_37.5781439913648541,187.0,14.3,정체,126.8905616249283810_37.5781439913648541|126.8922586587650017_37.5771415893312337
2026-09-04T06:42:24.849833+09:00,DMC(디지털미디어시티),DMC(디지털미디어시티),POI084,KEY_1,1130026600,월드컵북로,1130047501,디지털미디어시티앞교차로,126.8906465242374253_37.5782284856381139,1130046804,상암초교앞교차로,126.8923444009224255_37.5772255856267208,187.0,38.5,원활,126.8923444009224255_37.5772255856267208|126.8906465242374253_37.5782284856381139
2026-09-04T06:42:24.849833+09:00,DMC(디지털미디어시티),DMC(디지털미디어시티),POI084,KEY_1,1130026701,성암로,1130003202,중동교,126.9005739786039442_37.5754350244651292,1130045502,상암동 1154-1,126.9002568597358760_37.5756319717856542,36.0,36.0,원활,126.9002568597358760_37.5756319717856542|126.9005739786039442_37.5754350244651292
2026-09-04T06:42:24.849833+09:00,DMC(디지털미디어시티),DMC(디지털미디어시티),POI084,KEY_1,1130026702,성암로,1130045503,상암동 1154-1,126.9001493992533227_37.5756987098997470,1130046002,수색역(서측),126.8994866230595164_37.5761479863590679,77.0,43.0,원활,126.8994866230595164_37.5761479863590679|126.9000166173634625_37.5757811735134624|126.9001493992533227_37.5756987098997470
2026-09-04T06:42:24.849833+09:00,DMC(디지털미디어시티),DMC(디지털미디어시티),POI084,KEY_1,1130026703,성암로,1130046003,수색역(서측),126.8993841122573514_37.5762189341099884,1130046602,데일리임팩트,126.8986663047599421_37.5767157224527040,84.0,26.0,원활,126.8986663047599421_37.5767157224527040|126.8993841122573514_37.5762189341099884
2026-09-04T06:42:24.849833+09:00,DMC(디지털미디어시티),DMC(디지털미디어시티),POI084,KEY_1,1130026704,성암로,1130046603,데일리임팩트,126.8985637517100145_37.5767866976523521,1130047002,디지털미디어시티역(공항철도),126.8977378225588240_37.5773583009889691,97.0,37.0,원활,126.8977378225588240_37.5773583009889691|126.8985637517100145_37.5767866976523521
2026-09-04T06:42:24.849833+09:00,DMC(디지털미디어시티),DMC(디지털미디어시티),POI084,KEY_1,1130026705,성암로,1130228300,상암동 1695,126.8955455733531608_37.5788472502048592,1130008002,성암삼거리,126.8947203404407986_37.5794074408454364,96.0,23.0,서행,126.8947203404407986_37.5794074408454364|126.8955455733531608_37.5788472502048592
2026-09-04T06:42:24.849833+09:00,DMC(디지털미디어시티),DMC(디지털미디어시티),POI084,KEY_1,1130026801,성암로,1130046001,수색역(서측),126.8995757632913666_37.5762295729790523,1130003201,중동교,126.9006575479311749_37.5755202637415948,124.0,29.0,원활,126.9006575479311749_37.5755202637415948|126.9003404289748858_37.5757172113524263|126.9002329685327624_37.5757839495594794|126.9001030333946005_37.5758646453959528|126.8995757632913666_37.5762295729790523
2026-09-04T06:42:24.849833+09:00,DMC(디지털미디어시티),DMC(디지털미디어시티),POI084,KEY_1,1130026803,성암로,1130047001,디지털미디어시티역(공항철도),126.8978269624122817_37.5774398889533572,1130046004,수색역(서측),126.8994732524635225_37.5763005208021355,193.0,29.0,원활,126.8994732524635225_37.5763005208021355|126.8987554448355439_37.5767973097372874|126.8986528917860852_37.5768682850013249|126.8978269624122817_37.5774398889533572
2026-09-04T06:42:24.849833+09:00,DMC(디지털미디어시티),DMC(디지털미디어시티),POI084,KEY_1,1130026805,성암로,1130008001,성암삼거리,126.8948085001043040_37.5794897016194511,1130047004,디지털미디어시티역(공항철도),126.8977228468471594_37.5775112990256872,338.0,29.0,원활,126.8977228468471594_37.5775112990256872|126.8968720930318739_37.5780888511044466|126.8964379623555487_37.5783835639945067|126.8956337334028035_37.5789295104891039|126.8948085001043040_37.5794897016194511
2026-09-04T06:42:24.849833+09:00,DMC(디지털미디어시티),DMC(디지털미디어시티),POI084,KEY_1,1130027102,매봉산로,1130231200,상암동 1708,126.8936160448470645_37.5784875021319564,1130008003,성암삼거리,126.8946161530180916_37.5794768573100697,141.0,15.0,서행,126.8946161530180916_37.5794768573100697|126.8943001506249146_37.5791642562783039|126.8936160448470645_37.5784875021319564
2026-09-04T06:42:24.849833+09:00,DMC(디지털미디어시티),DMC(디지털미디어시티),POI084,KEY_1,1130027201,매봉산로,1130047402,상암동주민센터,126.8931728779294730_37.5778763973820418,1130046801,상암초교앞교차로,126.8924537995065407_37.5771613452104063,102.0,21.7,서행,126.8924537995065407_37.5771613452104063|126.8931728779294730_37.5778763973820418
2026-09-04T06:42:24.849833+09:00,DMC(디지털미디어시티),DMC(디지털미디어시티),POI084,KEY_1,1130027202,매봉산로,1130229600,상암동 1708,126.8935960933187062_37.5782952804950696,1130047401,상암동주민센터,126.8932580052658352_37.5779608186309133,48.0,14.0,정체,126.8932580052658352_37.5779608186309133|126.8935960933187062_37.5782952804950696
2026-09-04T06:42:24.849833+09:00,DMC(디지털미디어시티),DMC(디지털미디어시티),POI084,KEY_1,1130027801,월드컵북로,1130047701,월드컵파크5단지교차로,126.8879562129837808_37.5798223834944807,1130047504,디지털미디어시티앞교차로,126.8905373393383655_37.5782929771257415,284.0,12.0,정체,126.8905373393383655_37.5782929771257415|126.8890176540088817_37.5791905774580002|126.8879562129837808_37.5798223834944807
2026-09-04T06:42:24.849833+09:00,DMC(디지털미디어시티),DMC(디지털미디어시티),POI084,KEY_1,1130027802,월드컵북로,1130048401,LGCNS상암IT센터,126.8869393016809539_37.5804276653714808,1130047704,월드컵파크5단지교차로,126.8878473615480118_37.5798871744750684,100.0,39.0,원활,126.8878473615480118_37.5798871744750684|126.8869393016809539_37.5804276653714808
2026-09-04T06:42:24.849833+09:00,DMC(디지털미디어시티),DMC(디지털미디어시티),POI084,KEY_1,1130027803,월드컵북로,1130049001,상암ITTower,126.8860549963467577_37.5809540024161706,1130048404,LGCNS상암IT센터,126.8868304001961178_37.5804924841435763,86.0,45.0,원활,126.8868304001961178_37.5804924841435763|126.8860549963467577_37.5809540024161706
2026-09-04T06:42:24.849833+09:00,DMC(디지털미디어시티),DMC(디지털미디어시티),POI084,KEY_1,1130027804,월드컵북로,1130049401,월드컵파크6단지앞교차로,126.8850370693500054_37.5815595588284097,1130049004,상암ITTower,126.8859461297215887_37.5810187825645698,100.0,36.0,원활,126.8859461297215887_37.5810187825645698|126.8850370693500054_37.5815595588284097
2026-09-04T06:42:24.849833+09:00,DMC(디지털미디어시티),DMC(디지털미디어시티),POI084,KEY_1,1130028101,성암로,1130008003,성암삼거리,126.8946161530180916_37.5794768573100697,1130048702,YTN미디어센터,126.8929940644010941_37.5805367573738849,185.0,48.0,원활,126.8929940644010941_37.5805367573738849|126.8946161530180916_37.5794768573100697
2026-09-04T06:42:24.849833+09:00,DMC(디지털미디어시티),DMC(디지털미디어시티),POI084,KEY_1,1130028102,성암로,1130048703,YTN미디어센터,126.8928902450410732_37.5806065277136980,1130049802,MBC글로벌미디어센터,126.8902432196895802_37.5821317158528529,290.0,47.5,원활,126.8902432196895802_37.5821317158528529|126.8916848633843983_37.5814405541822225|126.8928902450410732_37.5806065277136980
2026-09-04T06:42:24.849833+09:00,DMC(디지털미디어시티),DMC(디지털미디어시티),POI084,KEY_1,1130028103,성암로,1130049803,MBC글로벌미디어센터,126.8901255531158938_37.5821872546751976,1130051107,상암월드컵7단지,126.8870844323033538_37.5835933665662054,311.0,23.0,서행,126.8870844323033538_37.5835933665662054|126.8882017895862475_37.5830840500806644|126.8901255531158938_37.5821872546751976
2026-09-04T06:42:24.849833+09:00,DMC(디지털미디어시티),DMC(디지털미디어시티),POI084,KEY_1,1130028201,성암로,1130048701,YTN미디어센터,126.8930802693829634_37.5806203208228027,1130008004,성암삼거리,126.8947023591175594_37.5795604200954330,185.0,30.0,원활,126.8947023591175594_37.5795604200954330|126.8930802693829634_37.5806203208228027
2026-09-04T06:42:24.849833+09:00,DMC(디지털미디어시티),DMC(디지털미디어시티),POI084,KEY_1,1130028202,성암로,1130049801,MBC글로벌미디어센터,126.8903133236235590_37.5822243292954283,1130048704,YTN미디어센터,126.8929793808815418_37.5806881204146705,292.0,37.0,원활,126.8929793808815418_37.5806881204146705|126.8917650856113539_37.5815283151309529|126.8903133236235590_37.5822243292954283
2026-09-04T06:42:24.849833+09:00,DMC(디지털미디어시티),DMC(디지털미디어시티),POI084,KEY_1,1130028203,성암로,1130051106,상암월드컵7단지,126.8871519552963463_37.5836871858182704,1130049804,MBC글로벌미디어센터,126.8901942208562588_37.5822805460614902,311.0,29.0,원활,126.8901942208562588_37.5822805460614902|126.8882698867831635_37.5831776087941023|126.8871519552963463_37.5836871858182704
2026-09-04T06:42:24.849833+09:00,DMC(디지털미디어시티),DMC(디지털미디어시티),POI084,KEY_1,1130028401,월드컵북로,1130049701,상암동 1715,126.8840285649525583_37.5821600609072348,1130049404,월드컵파크6단지앞교차로,126.8849281565869092_37.5816243792028004,99.0,46.0,원활,126.8849281565869092_37.5816243792028004|126.8840285649525583_37.5821600609072348
2026-09-04T06:42:24.849833+09:00,DMC(디지털미디어시티),DMC(디지털미디어시티),POI084,KEY_1,1130028402,월드컵북로,1130050603,월드컵파크7단지앞교차로,126.8821398763244019_37.5833081209194830,1130049704,상암동 1715,126.8839196519033266_37.5822248985580174,198.0,19.0,서행,126.8839196519033266_37.5822248985580174|126.8826686765652312_37.5829694057582486|126.8821398763244019_37.5833081209194830
2026-09-04T06:42:24.849833+09:00,DMC(디지털미디어시티),DMC(디지털미디어시티),POI084,KEY_1,1130029202,가양대로,1130051308,DMC첨단산업센터앞교차로,126.8843531662040931_37.5848817670797217,1130050603,월드컵파크7단지앞교차로,126.8821398763244019_37.5833081209194830,262.0,34.0,원활,126.8821398763244019_37.5833081209194830|126.8843531662040931_37.5848817670797217
2026-09-04T06:42:24.849833+09:00,DMC(디지털미디어시티),DMC(디지털미디어시티),POI084,KEY_1,1130029301,성암로,1130051104,서울드와이트외국인학교,126.8858869388385102_37.5841637180196386,1130051308,DMC첨단산업센터앞교차로,126.8843531662040931_37.5848817670797217,157.0,45.0,원활,126.8843531662040931_37.5848817670797217|126.8858869388385102_37.5841637180196386
2026-09-04T06:42:24.849833+09:00,DMC(디지털미디어시티),DMC(디지털미디어시티),POI084,KEY_1,1130029302,성암로,1130051108,상암월드컵7단지,126.8869679526118830_37.5836502072271372,1130051103,서울드와이트외국인학교,126.8860048570749086_37.5841085121615635,99.0,28.0,원활,126.8860048570749086_37.5841085121615635|126.8868092634666596_37.5837319073182599|126.8869679526118830_37.5836502072271372
2026-09-04T06:42:24.849833+09:00,DMC(디지털미디어시티),DMC(디지털미디어시티),POI084,KEY_1,1130029403,성암로,1130051105,속성변화점,126.8859558279229987_37.5842569077612083,1130051109,상암월드컵7단지,126.8870417489205096_37.5837409855167053,112.0,10.0,정체,126.8870417489205096_37.5837409855167053|126.8868806383061525_37.5838239328711907|126.8860737463692487_37.5842017018027050|126.8859558279229987_37.5842569077612083
2026-09-04T06:42:24.849833+09:00,DMC(디지털미디어시티),DMC(디지털미디어시티),POI084,KEY_1,1130029404,성암로,1130051307,DMC첨단산업센터앞교차로,126.8844595822825880_37.5849573881018273,1130051105,속성변화점,126.8859558279229987_37.5842569077612083,153.0,16.0,서행,126.8859558279229987_37.5842569077612083|126.8844595822825880_37.5849573881018273
2026-09-04T06:42:24.849833+09:00,DMC(디지털미디어시티),DMC(디지털미디어시티),POI084,KEY_1,1130029701,가양대로,1130051302,상암동800-2,126.8855807691684419_37.5858988231682716,1110002104,수색교앞교차로,126.8871491881332076_37.5870129955381955,186.0,26.0,원활,126.8871491881332076_37.5870129955381955|126.8855807691684419_37.5858988231682716
2026-09-04T06:42:24.849833+09:00,DMC(디지털미디어시티),DMC(디지털미디어시티),POI084,KEY_1,1130029803,가양대로,1130051304,상암동800-2,126.8855698926924163_37.5857461653515301,1130051307,DMC첨단산업센터앞교차로,126.8844595822825880_37.5849573881018273,131.0,37.0,원활,126.8844595822825880_37.5849573881018273|126.8855698926924163_37.5857461653515301
2026-09-04T06:42:24.849833+09:00,DMC(디지털미디어시티),DMC(디지털미디어시티),POI084,KEY_1,1130029804,가양대로,1110002103,수색교앞교차로,126.8872427699533461_37.5869345435850164,1130051303,상암동800-2,126.8856712462701211_37.5858181666906503,186.0,23.0,서행,126.8856712462701211_37.5858181666906503|126.8872427699533461_37.5869345435850164
2026-09-04T06:42:24.849833+09:00,DMC(디지털미디어시티),DMC(디지털미디어시티),POI084,KEY_1,1130069400,월드컵북로42길,1130045902,상암빌라,126.8980210391311658_37.5760895880111647,1130045404,상암동 1711,126.8987086831504172_37.5755938245076209,82.0,27.0,원활,126.8987086831504172_37.5755938245076209|126.8981312410485742_37.5759845693332508|126.8980210391311658_37.5760895880111647
2026-09-04T06:42:24.849833+09:00,DMC(디지털미디어시티),DMC(디지털미디어시티),POI084,KEY_1,1130066900,월드컵북로,1130043400,상암동24-59,126.8984326017897075_37.5737046034107323,1130043500,성산동491-1,126.8990562961894852_37.5737647959106411,59.0,33.0,원활,126.8990562961894852_37.5737647959106411|126.8989085002055361_37.5736866108833851|126.8987791467213100_37.5736598008740614|126.8986641476944612_37.5736501660897773|126.8985371690847614_37.5736660785077774|126.8984326017897075_37.5737046034107323
2026-09-04T06:42:24.849833+09:00,DMC(디지털미디어시티),DMC(디지털미디어시티),POI084,KEY_1,1130067200,월드컵북로47길,1130192300,상암동 1716,126.8909626371225414_37.5742633434940458,1130044602,월드컵파크2단지사거리,126.8901072799406080_37.5748291059225537,98.0,30.0,원활,126.8901072799406080_37.5748291059225537|126.8904259188012844_37.5746002657640261|126.8907263880997220_37.5744065670365757|126.8908070311500040_37.5743545798713043|126.8909626371225414_37.5742633434940458
2026-09-04T06:42:24.849833+09:00,DMC(디지털미디어시티),DMC(디지털미디어시티),POI084,KEY_1,1130067600,월드컵북로42길,1130044502,디지털미디어시티역2번출구,126.8996768178415522_37.5748358906114177,1130044802,상암동 1711,126.8981204003995344_37.5748786658393286,190.0,10.0,정체,126.8981204003995344_37.5748786658393286|126.8981548997384152_37.5748041674797832|126.8989380650604346_37.5743415501355784|126.8990473331477773_37.5743038487143366|126.8991597518555920_37.5743120798745451|126.8992540899842254_37.5743497228770025|126.8996768178415522_37.5748358906114177
2026-09-04T06:42:24.849833+09:00,DMC(디지털미디어시티),DMC(디지털미디어시티),POI084,KEY_1,1130067700,월드컵북로42길,1130044801,상암동 1711,126.8982215233432527_37.5749729322993389,1130044503,디지털미디어시티역2번출구,126.8995651160360723_37.5748974180213082,170.0,22.0,서행,126.8995651160360723_37.5748974180213082|126.8991621560312382_37.5744339846669391|126.8991217838771917_37.5744178755341096|126.8990694863173019_37.5744140466565923|126.8990064543680489_37.5744357950114960|126.8982683624107608_37.5748717876271385|126.8982215233432527_37.5749729322993389
2026-09-04T06:42:24.849833+09:00,DMC(디지털미디어시티),DMC(디지털미디어시티),POI084,KEY_1,1130067800,월드컵북로42길,1130044802,상암동 1711,126.8981204003995344_37.5748786658393286,1130044206,서울시시설관리공단,126.8974443493847133_37.5742486819677097,92.0,29.5,원활,126.8974443493847133_37.5742486819677097|126.8981204003995344_37.5748786658393286
2026-09-04T06:42:24.849833+09:00,DMC(디지털미디어시티),DMC(디지털미디어시티),POI084,KEY_1,1130067900,월드컵북로42길,1130044209,서울시시설관리공단,126.8973331824673920_37.5743115641671324,1130044803,상암동 1711,126.8980445440763702_37.5749744531417491,97.0,22.0,서행,126.8980445440763702_37.5749744531417491|126.8973331824673920_37.5743115641671324
2026-09-04T06:42:24.849833+09:00,DMC(디지털미디어시티),DMC(디지털미디어시티),POI084,KEY_1,1130068200,증산로,1130045102,중동교,126.9008492951027023_37.5752640367100312,1130044100,성산동488-2,126.8993493776716974_37.5738963850184291,203.0,36.0,원활,126.8993493776716974_37.5738963850184291|126.8997550267243923_37.5741747896741316|126.8999831939128740_37.5743329158112758|126.9008492951027023_37.5752640367100312
2026-09-04T06:42:24.849833+09:00,DMC(디지털미디어시티),DMC(디지털미디어시티),POI084,KEY_1,1130068300,월드컵북로42길,1130044503,디지털미디어시티역2번출구,126.8995651160360723_37.5748974180213082,1130045402,상암동 1711,126.8987247218111918_37.5754425169501260,96.0,28.0,원활,126.8987247218111918_37.5754425169501260|126.8995651160360723_37.5748974180213082
2026-09-04T06:42:24.849833+09:00,DMC(디지털미디어시티),DMC(디지털미디어시티),POI084,KEY_1,1130068400,월드컵북로42길,1130045401,상암동 1711,126.8988131161988804_37.5755246575182369,1130044504,디지털미디어시티역2번출구,126.8996370708927657_37.5749902219936800,94.0,23.0,서행,126.8996370708927657_37.5749902219936800|126.8988131161988804_37.5755246575182369
2026-09-04T06:42:24.849833+09:00,DMC(디지털미디어시티),DMC(디지털미디어시티),POI084,KEY_1,1130068500,월드컵북로42길,1130045402,상암동 1711,126.8987247218111918_37.5754425169501260,1130044801,상암동 1711,126.8982215233432527_37.5749729322993389,68.0,31.0,원활,126.8982215233432527_37.5749729322993389|126.8987247218111918_37.5754425169501260
2026-09-04T06:42:24.849833+09:00,DMC(디지털미디어시티),DMC(디지털미디어시티),POI084,KEY_1,1130068600,월드컵북로42길,1130044804,상암동 1711,126.8981330253056825_37.5750569593229926,1130045403,상암동 1711,126.8986203198311955_37.5755117037941773,66.0,34.5,원활,126.8986203198311955_37.5755117037941773|126.8981330253056825_37.5750569593229926
2026-09-04T06:42:24.849833+09:00,DMC(디지털미디어시티),DMC(디지털미디어시티),POI084,KEY_1,1130068700,성암로,1130045502,상암동 1154-1,126.9002568597358760_37.5756319717856542,1130044501,디지털미디어시티역2번출구,126.8997554586748322_37.5749372010833653,91.0,14.0,정체,126.8997554586748322_37.5749372010833653|126.8998013926707245_37.5750021725140755|126.8999518821993888_37.5753686624393950|126.9002568597358760_37.5756319717856542
2026-09-04T06:42:24.849833+09:00,DMC(디지털미디어시티),DMC(디지털미디어시티),POI084,KEY_1,1130068800,성암로,1130044504,디지털미디어시티역2번출구,126.8996370708927657_37.5749902219936800,1130045503,상암동 1154-1,126.9001493992533227_37.5756987098997470,93.0,7.0,정체,126.9001493992533227_37.5756987098997470|126.8998319496738389_37.5754246323100034|126.8996764327224440_37.5750458979557891|126.8996370708927657_37.5749902219936800
2026-09-04T06:42:24.849833+09:00,DMC(디지털미디어시티),DMC(디지털미디어시티),POI084,KEY_1,1130069300,월드컵북로42길,1130045403,상암동 1711,126.8986203198311955_37.5755117037941773,1130045903,상암빌라,126.8979167747526304_37.5760202816905178,84.0,27.0,원활,126.8979167747526304_37.5760202816905178|126.8980344116927057_37.5759081769391798|126.8986203198311955_37.5755117037941773
2026-09-04T06:42:24.849833+09:00,DMC(디지털미디어시티),DMC(디지털미디어시티),POI084,KEY_1,1130069500,월드컵북로42길,1130046002,수색역(서측),126.8994866230595164_37.5761479863590679,1130045401,상암동 1711,126.8988131161988804_37.5755246575182369,91.0,22.0,서행,126.8988131161988804_37.5755246575182369|126.8994866230595164_37.5761479863590679
2026-09-04T06:42:24.849833+09:00,DMC(디지털미디어시티),DMC(디지털미디어시티),POI084,KEY_1,1130069600,월드컵북로42길,1130045404,상암동 1711,126.8987086831504172_37.5755938245076209,1130046003,수색역(서측),126.8993841122573514_37.5762189341099884,92.0,26.5,원활,126.8993841122573514_37.5762189341099884|126.8987086831504172_37.5755938245076209
2026-09-04T06:42:24.849833+09:00,DMC(디지털미디어시티),DMC(디지털미디어시티),POI084,KEY_1,1130070000,상암산로,1130046702,KBS미디어센터,126.8907708780118213_37.5769657557175876,1130045301,한국공공정책신문,126.8893002827802974_37.5754935420065124,209.0,13.0,정체,126.8893002827802974_37.5754935420065124|126.8907708780118213_37.5769657557175876
2026-09-04T06:42:24.849833+09:00,DMC(디지털미디어시티),DMC(디지털미디어시티),POI084,KEY_1,1130070100,상암산로,1130045304,한국공공정책신문,126.8891946406988893_37.5755615201432676,1130046703,KBS미디어센터,126.8906650467874329_37.5770335465561018,209.0,21.0,서행,126.8906650467874329_37.5770335465561018|126.8891946406988893_37.5755615201432676
2026-09-04T06:42:24.849833+09:00,DMC(디지털미디어시티),DMC(디지털미디어시티),POI084,KEY_1,1130070600,성암로,1130046602,데일리임팩트,126.8986663047599421_37.5767157224527040,1130045902,상암빌라,126.8980210391311658_37.5760895880111647,90.0,16.0,서행,126.8980210391311658_37.5760895880111647|126.8986663047599421_37.5767157224527040
2026-09-04T06:42:24.849833+09:00,DMC(디지털미디어시티),DMC(디지털미디어시티),POI084,KEY_1,1130070700,성암로,1130045901,상암빌라,126.8979371695674416_37.5761786921852803,1130046603,데일리임팩트,126.8985637517100145_37.5767866976523521,87.0,17.0,서행,126.8985637517100145_37.5767866976523521|126.8979371695674416_37.5761786921852803
2026-09-04T06:42:24.849833+09:00,DMC(디지털미디어시티),DMC(디지털미디어시티),POI084,KEY_1,1130070800,상암산로,1130046303,상암초등학교,126.8915532409193361_37.5764582146745170,1130046702,KBS미디어센터,126.8907708780118213_37.5769657557175876,89.0,21.5,서행,126.8907708780118213_37.5769657557175876|126.8915532409193361_37.5764582146745170
2026-09-04T06:42:24.849833+09:00,DMC(디지털미디어시티),DMC(디지털미디어시티),POI084,KEY_1,1130070900,상암산로,1130046701,KBS미디어센터,126.8908567065178516_37.5770495623463958,1130046304,상암초등학교,126.8916385575081733_37.5765423522413826,89.0,17.5,서행,126.8916385575081733_37.5765423522413826|126.8908567065178516_37.5770495623463958
2026-09-04T06:42:24.849833+09:00,DMC(디지털미디어시티),DMC(디지털미디어시티),POI084,KEY_1,1130071000,성암로,1130230100,상암동 1709,126.8973658393318260_37.5766400680182500,1130047003,디지털미디어시티역(공항철도),126.8976346858385824_37.5774290399688340,104.0,22.0,서행,126.8976346858385824_37.5774290399688340|126.8972069079642608_37.5769761157230207|126.8971965231739745_37.5768883093211983|126.8972293764982595_37.5767953166038282|126.8973658393318260_37.5766400680182500
2026-09-04T06:42:24.849833+09:00,DMC(디지털미디어시티),DMC(디지털미디어시티),POI084,KEY_1,1130071100,성암로,1130047002,디지털미디어시티역(공항철도),126.8977378225588240_37.5773583009889691,1130045901,상암빌라,126.8979371695674416_37.5761786921852803,159.0,11.0,정체,126.8979371695674416_37.5761786921852803|126.8974771503392418_37.5767020453298102|126.8973539084312421_37.5768422532145507|126.8973341406117754_37.5768982075732580|126.8973385598150259_37.5769355684291426|126.8977378225588240_37.5773583009889691
2026-09-04T06:42:24.849833+09:00,DMC(디지털미디어시티),DMC(디지털미디어시티),POI084,KEY_1,1130071200,상암산로,1130046703,KBS미디어센터,126.8906650467874329_37.5770335465561018,1130047102,중앙일보빌딩,126.8899246502134446_37.5775017541936762,84.0,19.0,서행,126.8899246502134446_37.5775017541936762|126.8906650467874329_37.5770335465561018
2026-09-04T06:42:24.849833+09:00,DMC(디지털미디어시티),DMC(디지털미디어시티),POI084,KEY_1,1130071300,상암산로,1130047101,중앙일보빌딩,126.8900088184744988_37.5775866225538309,1130046704,KBS미디어센터,126.8907495567892312_37.5771181976975086,84.0,14.0,정체,126.8907495567892312_37.5771181976975086|126.8900088184744988_37.5775866225538309
2026-09-04T06:42:24.849833+09:00,DMC(디지털미디어시티),DMC(디지털미디어시티),POI084,KEY_1,1130072000,상암산로,1130048702,YTN미디어센터,126.8929940644010941_37.5805367573738849,1130047501,디지털미디어시티앞교차로,126.8906465242374253_37.5782284856381139,330.0,13.5,정체,126.8906465242374253_37.5782284856381139|126.8929940644010941_37.5805367573738849
2026-09-04T06:42:24.849833+09:00,DMC(디지털미디어시티),DMC(디지털미디어시티),POI084,KEY_1,1130072100,상암산로,1130047504,디지털미디어시티앞교차로,126.8905373393383655_37.5782929771257415,1130048703,YTN미디어센터,126.8928902450410732_37.5806065277136980,330.0,23.0,서행,126.8928902450410732_37.5806065277136980|126.8905373393383655_37.5782929771257415
2026-09-04T06:42:24.849833+09:00,DMC(디지털미디어시티),DMC(디지털미디어시티),POI084,KEY_1,1130073400,월드컵북로54길,1130227600,상암동 1704,126.8887390930264587_37.5805999182029922,1130047701,월드컵파크5단지교차로,126.8879562129837808_37.5798223834944807,111.0,15.0,서행,126.8879562129837808_37.5798223834944807|126.8887390930264587_37.5805999182029922
2026-09-04T06:42:24.849833+09:00,DMC(디지털미디어시티),DMC(디지털미디어시티),POI084,KEY_1,1130073500,월드컵북로54길,1130047704,월드컵파크5단지교차로,126.8878473615480118_37.5798871744750684,1130049203,MBC문화방송본사,126.8892836564560582_37.5813136494657627,203.0,13.0,정체,126.8892836564560582_37.5813136494657627|126.8886330781796232_37.5806675281166989|126.8878473615480118_37.5798871744750684
2026-09-04T06:42:24.849833+09:00,DMC(디지털미디어시티),DMC(디지털미디어시티),POI084,KEY_1,1130074000,월드컵북로56길,1130228900,상암동 1702,126.8875423772986579_37.5810132902587100,1130048401,LGCNS상암IT센터,126.8869393016809539_37.5804276653714808,84.0,15.0,서행,126.8869393016809539_37.5804276653714808|126.8875423772986579_37.5810132902587100
2026-09-04T06:42:24.849833+09:00,DMC(디지털미디어시티),DMC(디지털미디어시티),POI084,KEY_1,1130074100,월드컵북로56길,1130229000,상암동 1702,126.8874373024892890_37.5810818253805863,1130049603,대원방송,126.8882715653573143_37.5818919280665753,116.0,23.5,서행,126.8882715653573143_37.5818919280665753|126.8878698286892188_37.5815018285952149|126.8874373024892890_37.5810818253805863
2026-09-04T06:42:24.849833+09:00,DMC(디지털미디어시티),DMC(디지털미디어시티),POI084,KEY_1,1130074600,월드컵북로56길,1130049203,MBC문화방송본사,126.8892836564560582_37.5813136494657627,1130049602,대원방송,126.8883858216651532_37.5818323079101333,98.0,4.0,정체,126.8883858216651532_37.5818323079101333|126.8892836564560582_37.5813136494657627
2026-09-04T06:42:24.849833+09:00,DMC(디지털미디어시티),DMC(디지털미디어시티),POI084,KEY_1,1130074700,월드컵북로56길,1130049601,대원방송,126.8884656267736943_37.5819198063311930,1130049204,MBC문화방송본사,126.8893675179688074_37.5813988050588179,98.0,19.0,서행,126.8893675179688074_37.5813988050588179|126.8884656267736943_37.5819198063311930
2026-09-04T06:42:24.849833+09:00,DMC(디지털미디어시티),DMC(디지털미디어시티),POI084,KEY_1,1130074800,월드컵북로58길,1130229300,상암동 1700,126.8866383641144324_37.5815330002816026,1130049001,상암ITTower,126.8860549963467577_37.5809540024161706,82.0,15.0,서행,126.8860549963467577_37.5809540024161706|126.8866383641144324_37.5815330002816026
2026-09-04T06:42:24.849833+09:00,DMC(디지털미디어시티),DMC(디지털미디어시티),POI084,KEY_1,1130074900,월드컵북로58길,1130229400,상암동 1700,126.8865323748690059_37.5816006370995197,1130049903,한국지역정보개발원,126.8872903229448070_37.5823528908183846,107.0,17.0,서행,126.8872903229448070_37.5823528908183846|126.8869392975139192_37.5820045050870206|126.8865323748690059_37.5816006370995197
2026-09-04T06:42:24.849833+09:00,DMC(디지털미디어시티),DMC(디지털미디어시티),POI084,KEY_1,1130075000,월드컵북로54길,1130049802,MBC글로벌미디어센터,126.8902432196895802_37.5821317158528529,1130049201,MBC문화방송본사,126.8894754129642877_37.5813331049980519,112.0,10.0,정체,126.8894754129642877_37.5813331049980519|126.8902432196895802_37.5821317158528529
2026-09-04T06:42:24.849833+09:00,DMC(디지털미디어시티),DMC(디지털미디어시티),POI084,KEY_1,1130075100,월드컵북로54길,1130049204,MBC문화방송본사,126.8893675179688074_37.5813988050588179,1130049803,MBC글로벌미디어센터,126.8901255531158938_37.5821872546751976,110.0,13.0,정체,126.8901255531158938_37.5821872546751976|126.8893675179688074_37.5813988050588179
2026-09-04T06:42:24.849833+09:00,DMC(디지털미디어시티),DMC(디지털미디어시티),POI084,KEY_1,1130075200,월드컵북로56길,1130049603,대원방송,126.8882715653573143_37.5818919280665753,1130049902,한국지역정보개발원,126.8874140089263705_37.5823028164665516,88.0,12.0,정체,126.8874140089263705_37.5823028164665516|126.8882715653573143_37.5818919280665753
2026-09-04T06:42:24.849833+09:00,DMC(디지털미디어시티),DMC(디지털미디어시티),POI084,KEY_1,1130075300,월드컵북로56길,1130049901,한국지역정보개발원,126.8874997672136118_37.5823879290279308,1130049604,대원방송,126.8883416393229169_37.5819845548537756,87.0,8.0,정체,126.8883416393229169_37.5819845548537756|126.8874997672136118_37.5823879290279308
2026-09-04T06:42:24.849833+09:00,DMC(디지털미디어시티),DMC(디지털미디어시티),POI084,KEY_1,1130075400,월드컵북로60길,1130230800,상암동 1698,126.8856024106953129_37.5821067794425474,1130049401,월드컵파크6단지앞교차로,126.8850370693500054_37.5815595588284097,79.0,19.0,서행,126.8850370693500054_37.5815595588284097|126.8856024106953129_37.5821067794425474
2026-09-04T06:42:24.849833+09:00,DMC(디지털미디어시티),DMC(디지털미디어시티),POI084,KEY_1,1130075500,월드컵북로60길,1130049404,월드컵파크6단지앞교차로,126.8849281565869092_37.5816243792028004,1130050003,스탠포드호텔서울,126.8861101278442050_37.5827684534966480,164.0,16.0,서행,126.8861101278442050_37.5827684534966480|126.8854974703182421_37.5821754451747054|126.8849281565869092_37.5816243792028004
2026-09-04T06:42:24.849833+09:00,DMC(디지털미디어시티),DMC(디지털미디어시티),POI084,KEY_1,1130075600,월드컵북로60길,1130049903,한국지역정보개발원,126.8872903229448070_37.5823528908183846,1130050002,스탠포드호텔서울,126.8862442705996045_37.5827280529537973,101.0,23.0,서행,126.8862442705996045_37.5827280529537973|126.8872903229448070_37.5823528908183846
2026-09-04T06:42:24.849833+09:00,DMC(디지털미디어시티),DMC(디지털미디어시티),POI084,KEY_1,1130075700,월드컵북로60길,1130050001,스탠포드호텔서울,126.8863310804255065_37.5828155107780688,1130049904,한국지역정보개발원,126.8873780953404662_37.5824400024958010,101.0,25.0,원활,126.8873780953404662_37.5824400024958010|126.8863310804255065_37.5828155107780688
2026-09-04T06:42:24.849833+09:00,DMC(디지털미디어시티),DMC(디지털미디어시티),POI084,KEY_1,1130075800,월드컵북로62길,1130228600,상암동 1696,126.8845727100091239_37.5826845055324199,1130049701,상암동 1715,126.8840285649525583_37.5821600609072348,75.0,27.0,원활,126.8840285649525583_37.5821600609072348|126.8845727100091239_37.5826845055324199
2026-09-04T06:42:24.849833+09:00,DMC(디지털미디어시티),DMC(디지털미디어시티),POI084,KEY_1,1130075900,월드컵북로62길,1130049704,상암동 1715,126.8839196519033266_37.5822248985580174,1130050404,서울일본인학교,126.8848748758891105_37.5831455330485440,133.0,18.0,서행,126.8848748758891105_37.5831455330485440|126.8844679508670765_37.5827533468660917|126.8839196519033266_37.5822248985580174
2026-09-04T06:42:24.849833+09:00,DMC(디지털미디어시티),DMC(디지털미디어시티),POI084,KEY_1,1130076000,월드컵북로60길,1130050003,스탠포드호텔서울,126.8861101278442050_37.5827684534966480,1130050403,서울일본인학교,126.8849796349235106_37.5830766915166947,106.0,25.0,원활,126.8849796349235106_37.5830766915166947|126.8861101278442050_37.5827684534966480
2026-09-04T06:42:24.849833+09:00,DMC(디지털미디어시티),DMC(디지털미디어시티),POI084,KEY_1,1130076100,월드컵북로60길,1130050402,서울일본인학교,126.8850709902395550_37.5831660711584163,1130050004,스탠포드호텔서울,126.8862007374457335_37.5828580366690090,105.0,11.0,정체,126.8862007374457335_37.5828580366690090|126.8850709902395550_37.5831660711584163
2026-09-04T06:42:24.849833+09:00,DMC(디지털미디어시티),DMC(디지털미디어시티),POI084,KEY_1,1130076300,월드컵북로60길,1130051107,상암월드컵7단지,126.8870844323033538_37.5835933665662054,1130050001,스탠포드호텔서울,126.8863310804255065_37.5828155107780688,109.0,20.0,서행,126.8863310804255065_37.5828155107780688|126.8870844323033538_37.5835933665662054
2026-09-04T06:42:24.849833+09:00,DMC(디지털미디어시티),DMC(디지털미디어시티),POI084,KEY_1,1130076400,월드컵북로60길,1130050004,스탠포드호텔서울,126.8862007374457335_37.5828580366690090,1130051108,상암월드컵7단지,126.8869679526118830_37.5836502072271372,111.0,17.0,서행,126.8869679526118830_37.5836502072271372|126.8862007374457335_37.5828580366690090
2026-09-04T06:42:24.849833+09:00,DMC(디지털미디어시티),DMC(디지털미디어시티),POI084,KEY_1,1130086800,월드컵북로62길,1130050401,서울일본인학교,126.8849652876481997_37.5832339947921312,1130051104,서울드와이트외국인학교,126.8858869388385102_37.5841637180196386,131.0,12.0,정체,126.8858869388385102_37.5841637180196386|126.8855418938747874_37.5838022880318761|126.8849652876481997_37.5832339947921312
2026-09-04T06:42:24.849833+09:00,DMC(디지털미디어시티),DMC(디지털미디어시티),POI084,KEY_1,1130086900,월드컵북로62길,1130051103,서울드와이트외국인학교,126.8860048570749086_37.5841085121615635,1130050402,서울일본인학교,126.8850709902395550_37.5831660711584163,133.0,16.0,서행,126.8850709902395550_37.5831660711584163|126.8856488572541821_37.5837356083076131|126.8860048570749086_37.5841085121615635
2026-09-04T06:42:24.849833+09:00,가산디지털단지역,가산디지털단지역,POI013,KEY_2,1170009200,가산디지털1로,1170017102,우림라이온스밸리,126.8818011270400490_37.4800709604220117,1170002801,창업경영신문,126.8833226910250147_37.4766701422596853,401.0,17.0,서행,126.8833226910250147_37.4766701422596853|126.8818011270400490_37.4800709604220117
2026-09-04T06:42:24.849833+09:00,가산디지털단지역,가산디지털단지역,POI013,KEY_2,1160003501,남부순환로,1170016605,디지털단지오거리,126.8897211418423723_37.4793279122721970,1170017201,가산치안센터,126.8878517040770220_37.4802639980304875,197.0,5.5,정체,126.8878517040770220_37.4802639980304875|126.8881729322508960_37.4800224635507888|126.8884184403771087_37.4798608276333667|126.8885644024226167_37.4797738008962611|126.8887806547894712_37.4796831946810585|126.8894559098646369_37.4794074114802385|126.8896311235157128_37.4793504792482182|126.8897211418423723_37.4793279122721970
2026-09-04T06:42:24.849833+09:00,가산디지털단지역,가산디지털단지역,POI013,KEY_2,1160003502,남부순환로,1170017202,가산치안센터,126.8877563510179272_37.4803409344622338,1170017603,진도로터리,126.8865717208607293_37.4816908228100871,183.0,5.0,정체,126.8865717208607293_37.4816908228100871|126.8871910645151360_37.4808930497281807|126.8872533985144457_37.4808234240947442|126.8874024014183703_37.4806569906409237|126.8874901153701131_37.4805714099006124|126.8877563510179272_37.4803409344622338
2026-09-04T06:42:24.849833+09:00,가산디지털단지역,가산디지털단지역,POI013,KEY_2,1160006501,벚꽃로56길,1170017604,진도로터리,126.8864996062809212_37.4817824247397624,1170018001,가산동 87-228,126.8849888398732020_37.4830651069565590,196.0,14.0,정체,126.8849888398732020_37.4830651069565590|126.8853232502128066_37.4828384705037578|126.8858521011573970_37.4824308281103526|126.8860411166215130_37.4822371023176615|126.8862685425384029_37.4819537373762728|126.8864996062809212_37.4817824247397624
2026-09-04T06:42:24.849833+09:00,가산디지털단지역,가산디지털단지역,POI013,KEY_2,1160006502,벚꽃로56길,1170018002,가산동 87-228,126.8848823508648422_37.4831372761665094,1170018202,가산동교차로,126.8811914499102755_37.4855182683695247,421.0,24.0,서행,126.8811914499102755_37.4855182683695247|126.8813904809196913_37.4854471229337562|126.8819767830358245_37.4851063326005800|126.8838600897582154_37.4838300660555532|126.8848823508648422_37.4831372761665094
2026-09-04T06:42:24.849833+09:00,가산디지털단지역,가산디지털단지역,POI013,KEY_2,1160008101,남부순환로,1170019000,가리봉고가차도,126.8791756496076175_37.4863167028194511,1160009900,구로IC,126.8767113990122795_37.4884030681732270,323.0,58.0,원활,126.8767113990122795_37.4884030681732270|126.8773617738595050_37.4876151761703653|126.8779138587961057_37.4870541454600001|126.8780827941354943_37.4869124175203083|126.8783482283694468_37.4867677307161458|126.8791756496076175_37.4863167028194511
2026-09-04T06:42:24.849833+09:00,가산디지털단지역,가산디지털단지역,POI013,KEY_2,1160276200,남부순환로,1170023204,구로IC,126.8781042169384961_37.4863653494947258,1160119403,구로IC,126.8779377906354995_37.4865789505771190,28.0,19.5,서행,126.8779377906354995_37.4865789505771190|126.8781042169384961_37.4863653494947258
2026-09-04T06:42:24.849833+09:00,가산디지털단지역,가산디지털단지역,POI013,KEY_2,1170007901,디지털로,1170014101,디지털3단지교차로,126.8808941691960683_37.4759382777542669,1170014502,수출의다리고가차도(서측),126.8817270968934139_37.4761604725563657,78.0,17.0,서행,126.8817270968934139_37.4761604725563657|126.8808941691960683_37.4759382777542669
2026-09-04T06:42:24.849833+09:00,가산디지털단지역,가산디지털단지역,POI013,KEY_2,1170007902,디지털로,1170014502,수출의다리고가차도(서측),126.8817270968934139_37.4761604725563657,1170002804,창업경영신문,126.8831950703829676_37.4766334638794163,141.0,25.0,원활,126.8831950703829676_37.4766334638794163|126.8819600632701992_37.4762838037544910|126.8817270968934139_37.4761604725563657
2026-09-04T06:42:24.849833+09:00,가산디지털단지역,가산디지털단지역,POI013,KEY_2,1170008100,디지털로,1170014502,수출의다리고가차도(서측),126.8817270968934139_37.4761604725563657,1170014802,수출의다리고가차도(동측),126.8868851157251072_37.4776397125304612,485.0,30.0,원활,126.8868851157251072_37.4776397125304612|126.8849451085779663_37.4770773261663095|126.8844958007691304_37.4769546947428012|126.8832815434968353_37.4766005762184591|126.8817270968934139_37.4761604725563657
2026-09-04T06:42:24.849833+09:00,가산디지털단지역,가산디지털단지역,POI013,KEY_2,1170008501,디지털로,1170002901,가산동 60-35,126.8849706404372881_37.4771422536530636,1170014802,수출의다리고가차도(동측),126.8868851157251072_37.4776397125304612,179.0,19.0,서행,126.8868851157251072_37.4776397125304612|126.8866068412610275_37.4776165718272409|126.8849706404372881_37.4771422536530636
2026-09-04T06:42:24.849833+09:00,가산디지털단지역,가산디지털단지역,POI013,KEY_2,1170008502,디지털로,1170014802,수출의다리고가차도(동측),126.8868851157251072_37.4776397125304612,1170015304,마리오사거리,126.8879457849973704_37.4779606013956652,100.0,30.0,원활,126.8879457849973704_37.4779606013956652|126.8877937382763292_37.4779018553425018|126.8868851157251072_37.4776397125304612
2026-09-04T06:42:24.849833+09:00,가산디지털단지역,가산디지털단지역,POI013,KEY_2,1170008700,가산디지털2로,1170165900,가산동 450-2,126.8795693852690647_37.4785504672348466,1170003103,넥스트데일리,126.8792068995255988_37.4793524705919339,95.0,31.0,원활,126.8792068995255988_37.4793524705919339|126.8795693852690647_37.4785504672348466
2026-09-04T06:42:24.849833+09:00,가산디지털단지역,가산디지털단지역,POI013,KEY_2,1170008800,가산디지털2로,1170151300,가산동 450-2,126.8799342887909205_37.4780621502048774,1170014101,디지털3단지교차로,126.8808941691960683_37.4759382777542669,251.0,24.7,서행,126.8808941691960683_37.4759382777542669|126.8806351373934405_37.4765114353296767|126.8804550586407345_37.4769098885863343|126.8799342887909205_37.4780621502048774
2026-09-04T06:42:24.849833+09:00,가산디지털단지역,가산디지털단지역,POI013,KEY_2,1170009100,가산디지털1로,1170002804,창업경영신문,126.8831950703829676_37.4766334638794163,1170017103,우림라이온스밸리,126.8816733364257345_37.4800346466289866,401.0,23.0,서행,126.8816733364257345_37.4800346466289866|126.8831950703829676_37.4766334638794163
2026-09-04T06:42:24.849833+09:00,가산디지털단지역,가산디지털단지역,POI013,KEY_2,1170009301,디지털로,1170015301,마리오사거리,126.8880672616053715_37.4780099944341174,1170015804,가산동 60-35,126.8888608195852470_37.4786422669334556,100.0,10.0,정체,126.8888608195852470_37.4786422669334556|126.8881409368257351_37.4780418229270751|126.8880672616053715_37.4780099944341174
2026-09-04T06:42:24.849833+09:00,가산디지털단지역,가산디지털단지역,POI013,KEY_2,1170009302,디지털로,1170015801,가산동 127-34,126.8889577744570971_37.4787220070768754,1170016605,디지털단지오거리,126.8897211418423723_37.4793279122721970,95.0,28.0,원활,126.8897211418423723_37.4793279122721970|126.8895964707636494_37.4792431250065050|126.8893402984789844_37.4790341130758478|126.8889577744570971_37.4787220070768754
2026-09-04T06:42:24.849833+09:00,가산디지털단지역,가산디지털단지역,POI013,KEY_2,1170009501,벚꽃로,1170002904,가산동 60-35,126.8848493716510859_37.4770937824342951,1170017303,가산디지털단지역,126.8833329550342484_37.4805985517580140,412.0,28.0,원활,126.8833329550342484_37.4805985517580140|126.8836020502718611_37.4799046444760648|126.8836391972232320_37.4798198577455253|126.8847971478063670_37.4771767696381630|126.8848493716510859_37.4770937824342951
2026-09-04T06:42:24.849833+09:00,가산디지털단지역,가산디지털단지역,POI013,KEY_2,1170009502,벚꽃로,1170017304,가산디지털단지역,126.8832914721379836_37.4806927127882901,1170003303,가산디지털단지역앞교차로,126.8828894882291110_37.4816141572351995,108.0,37.0,원활,126.8828894882291110_37.4816141572351995|126.8830619523466794_37.4811548390686653|126.8832914721379836_37.4806927127882901
2026-09-04T06:42:24.849833+09:00,가산디지털단지역,가산디지털단지역,POI013,KEY_2,1170009601,벚꽃로,1170168100,가산동 60-35,126.8837672852709773_37.4798554986572157,1170002901,가산동 60-35,126.8849706404372881_37.4771422536530636,319.0,33.0,원활,126.8849706404372881_37.4771422536530636|126.8849223436458260_37.4772190002988594|126.8837672852709773_37.4798554986572157
2026-09-04T06:42:24.849833+09:00,가산디지털단지역,가산디지털단지역,POI013,KEY_2,1170009602,벚꽃로,1170003302,가산디지털단지역앞교차로,126.8830194687454451_37.4816451521612635,1170017301,가산디지털단지역,126.8834176229635631_37.4807325035353074,107.0,20.0,서행,126.8834176229635631_37.4807325035353074|126.8831902554749149_37.4811902972294035|126.8830194687454451_37.4816451521612635
2026-09-04T06:42:24.849833+09:00,가산디지털단지역,가산디지털단지역,POI013,KEY_2,1170009700,가산디지털1로,1170003101,넥스트데일리,126.8792897949768275_37.4794901852118443,1170017104,우림라이온스밸리,126.8816281155147578_37.4801365859910831,219.0,5.0,정체,126.8816281155147578_37.4801365859910831|126.8792897949768275_37.4794901852118443
2026-09-04T06:42:24.849833+09:00,가산디지털단지역,가산디지털단지역,POI013,KEY_2,1170009800,가산디지털1로,1170017103,우림라이온스밸리,126.8816733364257345_37.4800346466289866,1170003102,넥스트데일리,126.8793349417991720_37.4793882254874120,219.0,19.0,서행,126.8793349417991720_37.4793882254874120|126.8816733364257345_37.4800346466289866
2026-09-04T06:42:24.849833+09:00,가산디지털단지역,가산디지털단지역,POI013,KEY_2,1170009901,디지털로9길,1170164100,가산동 60-35,126.8857907737875763_37.4806189633382587,1170017503,가산KS타워,126.8854049819534566_37.4811550680724608,69.0,20.7,서행,126.8854049819534566_37.4811550680724608|126.8854945275656974_37.4809843865200421|126.8857907737875763_37.4806189633382587
2026-09-04T06:42:24.849833+09:00,가산디지털단지역,가산디지털단지역,POI013,KEY_2,1170009902,디지털로9길,1170017504,가산KS타워,126.8853679062811182_37.4812594917756741,1170017803,가산동 602-6,126.8846865555989893_37.4822817629960028,146.0,5.0,정체,126.8846865555989893_37.4822817629960028|126.8847872687601921_37.4822837721918489|126.8849954357073386_37.4822479211715986|126.8850646930436028_37.4822359934149461|126.8850993805177296_37.4821999372626919|126.8853385586020295_37.4814344575109359|126.8853679062811182_37.4812594917756741
2026-09-04T06:42:24.849833+09:00,가산디지털단지역,가산디지털단지역,POI013,KEY_2,1170009903,벚꽃로38길,1170155100,가산동 46-1,126.8840151666784664_37.4820112742903930,1170003302,가산디지털단지역앞교차로,126.8830194687454451_37.4816451521612635,97.0,20.0,서행,126.8830194687454451_37.4816451521612635|126.8831886167514966_37.4817004430020972|126.8840151666784664_37.4820112742903930
2026-09-04T06:42:24.849833+09:00,가산디지털단지역,가산디지털단지역,POI013,KEY_2,1170010001,디지털로9길,1170157900,가산동 60-35,126.8876891962911060_37.4784763829253507,1170015301,마리오사거리,126.8880672616053715_37.4780099944341174,62.0,25.0,원활,126.8880672616053715_37.4780099944341174|126.8876891962911060_37.4784763829253507
2026-09-04T06:42:24.849833+09:00,가산디지털단지역,가산디지털단지역,POI013,KEY_2,1170010002,디지털로9길,1170164300,가산동 83-17,126.8850240952999968_37.4823536023999466,1170017501,가산KS타워,126.8854966385132741_37.4813080721727374,130.0,25.0,원활,126.8854966385132741_37.4813080721727374|126.8854720363983688_37.4814547452319502|126.8852242188884105_37.4822478778168318|126.8851420531717906_37.4823332874456128|126.8850240952999968_37.4823536023999466
2026-09-04T06:42:24.849833+09:00,가산디지털단지역,가산디지털단지역,POI013,KEY_2,1170010003,벚꽃로38길,1170003301,가산디지털단지역앞교차로,126.8829893206686705_37.4817521605425767,1170017805,가산동 44-2,126.8845113234408046_37.4823435056280232,150.0,17.0,서행,126.8845113234408046_37.4823435056280232|126.8844121273338743_37.4822801062946951|126.8839572660004364_37.4821090552079923|126.8831338864580545_37.4817994160133665|126.8829893206686705_37.4817521605425767
2026-09-04T06:42:24.849833+09:00,가산디지털단지역,가산디지털단지역,POI013,KEY_2,1170010100,가산디지털2로,1170163700,가산동 459-16,126.8780659482346493_37.4819818783020651,1170003403,에이스K1타워,126.8776671309272359_37.4829016927615086,108.0,18.3,서행,126.8776671309272359_37.4829016927615086|126.8780659482346493_37.4819818783020651
2026-09-04T06:42:24.849833+09:00,가산디지털단지역,가산디지털단지역,POI013,KEY_2,1170010200,가산디지털2로,1170158600,가산동 459-16,126.8788328581306786_37.4805441223066751,1170003101,넥스트데일리,126.8792897949768275_37.4794901852118443,124.0,21.0,서행,126.8792897949768275_37.4794901852118443|126.8790614862625290_37.4800167893449014|126.8788328581306786_37.4805441223066751
2026-09-04T06:42:24.849833+09:00,가산디지털단지역,가산디지털단지역,POI013,KEY_2,1170010300,가산디지털1로,1170150600,가산동 459-10,126.8808801590886901_37.4818370707626585,1170003503,한국훼스토사옥,126.8801118740768601_37.4835836867734358,205.0,27.8,원활,126.8801118740768601_37.4835836867734358|126.8803369051264553_37.4830721111243506|126.8808801590886901_37.4818370707626585
2026-09-04T06:42:24.849833+09:00,가산디지털단지역,가산디지털단지역,POI013,KEY_2,1170010400,가산디지털1로,1170167300,가산동 616-15,126.8813486780083650_37.4810987530050070,1170017101,우림라이온스밸리,126.8817561488803136_37.4801723509751810,109.0,20.5,서행,126.8817561488803136_37.4801723509751810|126.8815593348671769_37.4806198189058648|126.8813486780083650_37.4810987530050070
2026-09-04T06:42:24.849833+09:00,가산디지털단지역,가산디지털단지역,POI013,KEY_2,1170010500,가산디지털1로,1170003401,에이스K1타워,126.8777503253269572_37.4830394456682896,1170003504,한국훼스토사옥,126.8800667333185430_37.4836856482294465,217.0,27.5,원활,126.8800667333185430_37.4836856482294465|126.8780941474029760_37.4831353644310639|126.8777503253269572_37.4830394456682896
2026-09-04T06:42:24.849833+09:00,가산디지털단지역,가산디지털단지역,POI013,KEY_2,1170010600,가산디지털1로,1170003503,한국훼스토사옥,126.8801118740768601_37.4835836867734358,1170003402,에이스K1타워,126.8777951926237648_37.4829374080324058,217.0,16.0,서행,126.8777951926237648_37.4829374080324058|126.8781389769056318_37.4830333162361384|126.8801118740768601_37.4835836867734358
2026-09-04T06:42:24.849833+09:00,가산디지털단지역,가산디지털단지역,POI013,KEY_2,1170010700,가산디지털2로,1170003404,에이스K1타워,126.8776222640547218_37.4830037301974457,1170023003,한일유앤아이앞교차로,126.8764497305519399_37.4856050416145052,307.0,17.5,서행,126.8764497305519399_37.4856050416145052|126.8769530191521113_37.4844974112430336|126.8771270214393354_37.4841144613098365|126.8776222640547218_37.4830037301974457
2026-09-04T06:42:24.849833+09:00,가산디지털단지역,가산디지털단지역,POI013,KEY_2,1170010800,가산디지털2로,1170156100,가산동 481-16,126.8770714123987062_37.4845325912213241,1170003401,에이스K1타워,126.8777503253269572_37.4830394456682896,176.0,20.5,서행,126.8777503253269572_37.4830394456682896|126.8772551320893029_37.4841500725636081|126.8770714123987062_37.4845325912213241
2026-09-04T06:42:24.849833+09:00,가산디지털단지역,가산디지털단지역,POI013,KEY_2,1170010901,가산디지털1로,1170018402,구로IC,126.8790152981205779_37.4860597091810774,1170023202,구로IC,126.8782894081204518_37.4863251524316681,72.0,29.0,원활,126.8782894081204518_37.4863251524316681|126.8784915212230970_37.4863057342280257|126.8790152981205779_37.4860597091810774
2026-09-04T06:42:24.849833+09:00,가산디지털단지역,가산디지털단지역,POI013,KEY_2,1170010902,가산디지털1로,1170003504,한국훼스토사옥,126.8800667333185430_37.4836856482294465,1170018402,구로IC,126.8790152981205779_37.4860597091810774,279.0,22.0,서행,126.8790152981205779_37.4860597091810774|126.8790604212477149_37.4859441407688223|126.8793212295502570_37.4853588158684659|126.8795574099507206_37.4848287542369079|126.8800667333185430_37.4836856482294465
2026-09-04T06:42:24.849833+09:00,가산디지털단지역,가산디지털단지역,POI013,KEY_2,1170011000,가산디지털1로,1170150700,가산동 505-21,126.8794490895131304_37.4853949931488870,1170003501,한국훼스토사옥,126.8801945904667718_37.4837218246057446,197.0,22.0,서행,126.8801945904667718_37.4837218246057446|126.8796852690211807_37.4848649312325009|126.8794490895131304_37.4853949931488870
2026-09-04T06:42:24.849833+09:00,가산디지털단지역,가산디지털단지역,POI013,KEY_2,1170028300,디지털로,1170023502,철산교고가차도,126.8800949544824590_37.4757125871934207,1170013902,가산동 371-27,126.8802765869246230_37.4757477449477676,17.0,26.0,원활,126.8802765869246230_37.4757477449477676|126.8800949544824590_37.4757125871934207
2026-09-04T06:42:24.849833+09:00,가산디지털단지역,가산디지털단지역,POI013,KEY_2,1170028500,디지털로,1170013902,가산동 371-27,126.8802765869246230_37.4757477449477676,1170014104,디지털3단지교차로,126.8807666706382662_37.4759013303836070,47.0,30.0,원활,126.8807666706382662_37.4759013303836070|126.8802765869246230_37.4757477449477676
2026-09-04T06:42:24.849833+09:00,가산디지털단지역,가산디지털단지역,POI013,KEY_2,1170028900,디지털로,1170002801,창업경영신문,126.8833226910250147_37.4766701422596853,1170019102,가산동 371-37,126.8844718276479000_37.4770052692773135,108.0,5.0,정체,126.8844718276479000_37.4770052692773135|126.8833226910250147_37.4766701422596853
2026-09-04T06:42:24.849833+09:00,가산디지털단지역,가산디지털단지역,POI013,KEY_2,1170029200,서부샛길,1170153800,가산동 547-52,126.8767546681473988_37.4782024378307170,1170015903,가산동 544-13,126.8765381634038363_37.4785920668772263,47.0,31.0,원활,126.8765381634038363_37.4785920668772263|126.8766674236980521_37.4783525686198544|126.8767546681473988_37.4782024378307170
2026-09-04T06:42:24.849833+09:00,가산디지털단지역,가산디지털단지역,POI013,KEY_2,1170029300,서부샛길,1170151400,가산동 550-15,126.8780991489793593_37.4762654423675059,1170014301,가산동 550-22,126.8783120974288749_37.4759271076860259,42.0,24.5,서행,126.8783120974288749_37.4759271076860259|126.8780991489793593_37.4762654423675059
2026-09-04T06:42:24.849833+09:00,가산디지털단지역,가산디지털단지역,POI013,KEY_2,1170030000,가산디지털2로,1170164700,가산동 547-99,126.8773536677577454_37.4788296880376564,1170015902,가산동 544-13,126.8766627919840744_37.4786347879414308,65.0,11.0,정체,126.8766627919840744_37.4786347879414308|126.8773536677577454_37.4788296880376564
2026-09-04T06:42:24.849833+09:00,가산디지털단지역,가산디지털단지역,POI013,KEY_2,1170030100,가산디지털2로,1170015901,가산동 544-12,126.8766133438417967_37.4787355332651373,1170003104,넥스트데일리,126.8791617565880898_37.4794544305682820,239.0,9.0,정체,126.8791617565880898_37.4794544305682820|126.8773083963655779_37.4789316116942430|126.8766133438417967_37.4787355332651373
2026-09-04T06:42:24.849833+09:00,가산디지털단지역,가산디지털단지역,POI013,KEY_2,1170030200,서부간선도로,1170023102,철산교,126.8780496419956876_37.4758314471784288,1170017902,광명대교,126.8742441723002514_37.4831753643997345,884.0,10.0,정체,126.8742441723002514_37.4831753643997345|126.8742841358361062_37.4830666454064314|126.8746521467129043_37.4820934591778610|126.8757447269381515_37.4798258450576327|126.8762013804379194_37.4788734274832294|126.8764080609626461_37.4784287554216320|126.8767237674334041_37.4779089228715350|126.8772010922821636_37.4771584487192797|126.8780496419956876_37.4758314471784288
2026-09-04T06:42:24.849833+09:00,가산디지털단지역,가산디지털단지역,POI013,KEY_2,1170030300,서부간선도로,1170017901,광명대교,126.8743744262892932_37.4832057708655171,1170023101,철산교,126.8781714453113096_37.4758789730092374,881.0,42.0,원활,126.8781714453113096_37.4758789730092374|126.8768453846509772_37.4779569383214692|126.8765330638727704_37.4784711983867780|126.8763284069663797_37.4789115164048496|126.8758714678139228_37.4798645333357214|126.8747806505455884_37.4821284959943171|126.8745671705812583_37.4826930422461686|126.8744142413161313_37.4830974513846513|126.8743744262892932_37.4832057708655171
2026-09-04T06:42:24.849833+09:00,가산디지털단지역,가산디지털단지역,POI013,KEY_2,1170030400,디지털로11길,1170015804,가산동 60-35,126.8888608195852470_37.4786422669334556,1170017202,가산치안센터,126.8877563510179272_37.4803409344622338,225.0,17.0,서행,126.8877563510179272_37.4803409344622338|126.8876487189374700_37.4802532686979433|126.8876152582835175_37.4801857324034202|126.8877781348083573_37.4799839046579919|126.8888608195852470_37.4786422669334556
2026-09-04T06:42:24.849833+09:00,가산디지털단지역,가산디지털단지역,POI013,KEY_2,1170030500,디지털로11길,1170017201,가산치안센터,126.8878517040770220_37.4802639980304875,1170015801,가산동 127-34,126.8889577744570971_37.4787220070768754,205.0,14.0,정체,126.8889577744570971_37.4787220070768754|126.8878922441530221_37.4800423892421009|126.8877682556147874_37.4801960294957510|126.8878517040770220_37.4802639980304875
2026-09-04T06:42:24.849833+09:00,가산디지털단지역,가산디지털단지역,POI013,KEY_2,1170030600,서부샛길,1170156300,가산동 542-18,126.8762015040739612_37.4792846998089075,1170017703,가산동 535-140,126.8748589685998525_37.4821163650056377,336.0,15.0,서행,126.8748589685998525_37.4821163650056377|126.8752476347248290_37.4812862732621923|126.8754964236416640_37.4807660887605039|126.8755720501943642_37.4806079621604198|126.8758630488654546_37.4799995100011856|126.8762015040739612_37.4792846998089075
2026-09-04T06:42:24.849833+09:00,가산디지털단지역,가산디지털단지역,POI013,KEY_2,1170030700,서부샛길,1170156400,가산동 543-1,126.8763284381504661_37.4793228710363309,1170015901,가산동 544-12,126.8766133438417967_37.4787355332651373,70.0,35.5,원활,126.8766133438417967_37.4787355332651373|126.8764689858910373_37.4790635996740278|126.8764086333215033_37.4791534977809491|126.8763284381504661_37.4793228710363309
2026-09-04T06:42:24.849833+09:00,가산디지털단지역,가산디지털단지역,POI013,KEY_2,1170031000,벚꽃로36길,1170017503,가산KS타워,126.8854049819534566_37.4811550680724608,1170017302,가산디지털단지역,126.8834625777253109_37.4806304764118963,181.0,10.0,정체,126.8834625777253109_37.4806304764118963|126.8845092248789683_37.4809084600321043|126.8851637740912679_37.4810822988738792|126.8854049819534566_37.4811550680724608
2026-09-04T06:42:24.849833+09:00,가산디지털단지역,가산디지털단지역,POI013,KEY_2,1170031100,벚꽃로36길,1170168600,가산동 60-35,126.8844663288588350_37.4810110345676577,1170017504,가산KS타워,126.8853679062811182_37.4812594917756741,84.0,14.0,정체,126.8853679062811182_37.4812594917756741|126.8851182907982178_37.4811841866554118|126.8844663288588350_37.4810110345676577
2026-09-04T06:42:24.849833+09:00,가산디지털단지역,가산디지털단지역,POI013,KEY_2,1170031200,벚꽃로36길,1170017603,진도로터리,126.8865717208607293_37.4816908228100871,1170017502,가산KS타워,126.8855287992586085_37.4811993588658439,107.0,7.0,정체,126.8855287992586085_37.4811993588658439|126.8856946300879258_37.4812690241665081|126.8865717208607293_37.4816908228100871
2026-09-04T06:42:24.849833+09:00,가산디지털단지역,가산디지털단지역,POI013,KEY_2,1170031300,벚꽃로36길,1170017501,가산KS타워,126.8854966385132741_37.4813080721727374,1170017604,진도로터리,126.8864996062809212_37.4817824247397624,103.0,8.0,정체,126.8864996062809212_37.4817824247397624|126.8856278911453188_37.4813632104785341|126.8854966385132741_37.4813080721727374
2026-09-04T06:42:24.849833+09:00,가산디지털단지역,가산디지털단지역,POI013,KEY_2,1170031600,가산디지털2로,1170003403,에이스K1타워,126.8776671309272359_37.4829016927615086,1170017702,가산동 535-140,126.8749860827710734_37.4821541629738917,251.0,26.0,원활,126.8749860827710734_37.4821541629738917|126.8771006730682416_37.4827437593072830|126.8776671309272359_37.4829016927615086
2026-09-04T06:42:24.849833+09:00,가산디지털단지역,가산디지털단지역,POI013,KEY_2,1170031700,가산디지털2로,1170017701,가산동 535-140,126.8749405965466508_37.4822560278924541,1170003404,에이스K1타워,126.8776222640547218_37.4830037301974457,251.0,26.0,원활,126.8776222640547218_37.4830037301974457|126.8770558675186066_37.4828458138785905|126.8749405965466508_37.4822560278924541
2026-09-04T06:42:24.849833+09:00,가산디지털단지역,가산디지털단지역,POI013,KEY_2,1170031800,벚꽃로38길,1170018001,가산동 87-228,126.8849888398732020_37.4830651069565590,1170017802,가산동 602-6,126.8846772351536458_37.4823809587892427,81.0,22.0,서행,126.8846772351536458_37.4823809587892427|126.8846856655747217_37.4824789783436785|126.8847230497314200_37.4825887441221894|126.8848857802843639_37.4829088102786230|126.8849888398732020_37.4830651069565590
2026-09-04T06:42:24.849833+09:00,가산디지털단지역,가산디지털단지역,POI013,KEY_2,1170031900,벚꽃로38길,1170017806,가산동 602-6,126.8845429062670860_37.4824003203607106,1170018002,가산동 87-228,126.8848823508648422_37.4831372761665094,88.0,21.0,서행,126.8848823508648422_37.4831372761665094|126.8847625679666606_37.4829543974171813|126.8845942445571637_37.4826233297257261|126.8845512215779223_37.4824970086767024|126.8845429062670860_37.4824003203607106
2026-09-04T06:42:24.849833+09:00,가산디지털단지역,가산디지털단지역,POI013,KEY_2,1170032000,서부샛길,1170017704,가산동 535-140,126.8748120880016330_37.4822213561447128,1170018102,광명대교,126.8740587812258696_37.4851270971715280,330.0,10.0,정체,126.8740587812258696_37.4851270971715280|126.8741436649035990_37.4846873682491832|126.8741537951397902_37.4846348895166557|126.8742036013845649_37.4842427896649255|126.8742494009264590_37.4839837526722377|126.8742891614991066_37.4838292628454326|126.8743330290148634_37.4836588147161365|126.8746081909190053_37.4827012903680625|126.8748120880016330_37.4822213561447128
2026-09-04T06:42:24.849833+09:00,가산디지털단지역,가산디지털단지역,POI013,KEY_2,1170032100,서부샛길,1170168200,가산동 536-14,126.8744238567562235_37.4838473620564159,1170017701,가산동 535-140,126.8749405965466508_37.4822560278924541,183.0,37.0,원활,126.8749405965466508_37.4822560278924541|126.8747379563199473_37.4827330065497080|126.8745128245454907_37.4834893090519898|126.8744308419180982_37.4838078535391972|126.8744238567562235_37.4838473620564159
2026-09-04T06:42:24.849833+09:00,가산디지털단지역,가산디지털단지역,POI013,KEY_2,1170032200,벚꽃로,1170003304,가산디지털단지역앞교차로,126.8828556252263553_37.4817337593798925,1170018203,가산동교차로,126.8810193619301288_37.4855797823955541,457.0,31.0,원활,126.8810193619301288_37.4855797823955541|126.8814549818461330_37.4846175107537718|126.8816762697065883_37.4841371457142856|126.8819732803121099_37.4835805968858509|126.8821895137885321_37.4831754053464792|126.8823893348157696_37.4827592756745958|126.8825550680871004_37.4824141303692215|126.8826465093475946_37.4822236992901168|126.8827737257268780_37.4819587629643607|126.8828437361635224_37.4817886175017208|126.8828556252263553_37.4817337593798925
2026-09-04T06:42:24.849833+09:00,가산디지털단지역,가산디지털단지역,POI013,KEY_2,1170032300,벚꽃로,1170157400,가산동 34-91,126.8827732242271651_37.4822623402857431,1170003301,가산디지털단지역앞교차로,126.8829893206686705_37.4817521605425767,60.0,38.3,원활,126.8829893206686705_37.4817521605425767|126.8829757450834563_37.4818148018831323|126.8829016185382415_37.4819949499432283|126.8827732242271651_37.4822623402857431
2026-09-04T06:42:24.849833+09:00,가산디지털단지역,가산디지털단지역,POI013,KEY_2,1170032400,서부간선도로,1170017902,광명대교,126.8742441723002514_37.4831753643997345,1170022903,금천구-광명시,126.8734821978691230_37.4850995426429492,225.0,11.0,정체,126.8734821978691230_37.4850995426429492|126.8736948615680831_37.4844914584934017|126.8739616413024578_37.4837516950747229|126.8741225826684911_37.4833138490987423|126.8742441723002514_37.4831753643997345
2026-09-04T06:42:24.849833+09:00,가산디지털단지역,가산디지털단지역,POI013,KEY_2,1170032500,서부간선도로,1170022902,금천구-광명시,126.8737588846273923_37.4851140302723067,1170017901,광명대교,126.8743744262892932_37.4832057708655171,219.0,4.0,정체,126.8743744262892932_37.4832057708655171|126.8743604958764450_37.4834381828801071|126.8739559928559828_37.4845504191062844|126.8737588846273923_37.4851140302723067
2026-09-04T06:42:24.849833+09:00,가산디지털단지역,가산디지털단지역,POI013,KEY_2,1170032600,서부간선도로,2130001604,금천구-광명시,126.8734167913569877_37.4857818034045209,1170017901,광명대교,126.8743744262892932_37.4832057708655171,298.0,65.0,원활,126.8743744262892932_37.4832057708655171|126.8738910636768082_37.4845347984241712|126.8734167913569877_37.4857818034045209
2026-09-04T06:42:24.849833+09:00,가산디지털단지역,가산디지털단지역,POI013,KEY_2,1170032700,서부간선도로,1170017902,광명대교,126.8742441723002514_37.4831753643997345,2130001605,금천구-광명시,126.8733111410033843_37.4857606763575504,299.0,8.0,정체,126.8733111410033843_37.4857606763575504|126.8737601144272276_37.4845061759182911|126.8740267697573216_37.4837667537030796|126.8742441723002514_37.4831753643997345
2026-09-04T06:42:24.849833+09:00,가산디지털단지역,가산디지털단지역,POI013,KEY_2,1170032800,서부간선도로,2130001604,금천구-광명시,126.8734167913569877_37.4857818034045209,1170022901,금천구-광명시,126.8737210965491045_37.4852198895296880,68.0,48.0,원활,126.8737210965491045_37.4852198895296880|126.8735624265544004_37.4856033073380033|126.8734167913569877_37.4857818034045209
2026-09-04T06:42:24.849833+09:00,가산디지털단지역,가산디지털단지역,POI013,KEY_2,1170032900,서부간선도로,1170022904,금천구-광명시,126.8734457962195279_37.4852015732672896,2130001605,금천구-광명시,126.8733111410033843_37.4857606763575504,64.0,7.0,정체,126.8733111410033843_37.4857606763575504|126.8733240737339401_37.4855316814037565|126.8734457962195279_37.4852015732672896
2026-09-04T06:42:24.849833+09:00,가산디지털단지역,가산디지털단지역,POI013,KEY_2,1170033000,남부순환로,1170018700,구로구-금천구,126.8790815469585880_37.4864162607002811,1170018401,구로IC,126.8791448623472178_37.4860989419166160,36.0,24.0,서행,126.8791448623472178_37.4860989419166160|126.8791164766049633_37.4862132444492389|126.8790891626350685_37.4863324792847834|126.8790815469585880_37.4864162607002811
2026-09-04T06:42:24.849833+09:00,가산디지털단지역,가산디지털단지역,POI013,KEY_2,1170043300,서부간선도로,1170023101,철산교,126.8781714453113096_37.4758789730092374,1170023401,철산교교차로,126.8792146732295976_37.4741770255893343,210.0,52.0,원활,126.8792146732295976_37.4741770255893343|126.8791512669663177_37.4742680248910673|126.8785461422459235_37.4752412749364154|126.8784617030426745_37.4753839935928355|126.8781714453113096_37.4758789730092374
2026-09-04T06:42:24.849833+09:00,가산디지털단지역,가산디지털단지역,POI013,KEY_2,1170043400,서부간선도로,1170023402,철산교교차로,126.8791102050527684_37.4741042433240850,1170023102,철산교,126.8780496419956876_37.4758314471784288,213.0,9.0,정체,126.8780496419956876_37.4758314471784288|126.8784241722095771_37.4751939636416651|126.8790311411188014_37.4742177436715664|126.8791102050527684_37.4741042433240850
2026-09-04T06:42:24.849833+09:00,가산디지털단지역,가산디지털단지역,POI013,KEY_2,1170043600,디지털로,1170023301,철산대교,126.8786566066053894_37.4753214467683478,1170023502,철산교고가차도,126.8800949544824590_37.4757125871934207,134.0,33.5,원활,126.8800949544824590_37.4757125871934207|126.8786566066053894_37.4753214467683478
2026-09-04T06:42:24.849833+09:00,가산디지털단지역,가산디지털단지역,POI013,KEY_2,1170043700,서부샛길,1170023101,철산교,126.8781714453113096_37.4758789730092374,1170023301,철산대교,126.8786566066053894_37.4753214467683478,75.0,29.0,원활,126.8786566066053894_37.4753214467683478|126.8781714453113096_37.4758789730092374
2026-09-04T06:42:24.849833+09:00,가산디지털단지역,가산디지털단지역,POI013,KEY_2,1170043800,가마산로,1170023203,구로IC,126.8781715420438019_37.4862714751951671,1170023002,한일유앤아이앞교차로,126.8765440518033216_37.4856305734552890,161.0,27.0,원활,126.8765440518033216_37.4856305734552890|126.8768290793187106_37.4857120254992182|126.8773411424120496_37.4858928057238785|126.8779136422489131_37.4861540250904710|126.8781715420438019_37.4862714751951671
2026-09-04T06:42:24.849833+09:00,가산디지털단지역,가산디지털단지역,POI013,KEY_2,1170043900,가마산로,1170023001,한일유앤아이앞교차로,126.8765517662187534_37.4857476377097569,1170023204,구로IC,126.8781042169384961_37.4863653494947258,154.0,8.0,정체,126.8781042169384961_37.4863653494947258|126.8778462666792564_37.4862478999184319|126.8772797986363656_37.4859894003297995|126.8767786420606427_37.4858124623021354|126.8765517662187534_37.4857476377097569
2026-09-04T06:42:24.849833+09:00,가산디지털단지역,가산디지털단지역,POI013,KEY_2,1170044000,가마산로,1160002600,구로구-금천구,126.8787546103777828_37.4865587443682529,1170023202,구로IC,126.8782894081204518_37.4863251524316681,49.0,46.0,원활,126.8782894081204518_37.4863251524316681|126.8783716099286067_37.4863625878676814|126.8787546103777828_37.4865587443682529
2026-09-04T06:42:24.849833+09:00,가산디지털단지역,가산디지털단지역,POI013,KEY_2,1170044100,가마산로,1170023201,구로IC,126.8782220883242502_37.4864190188929030,1160008600,구로IC교차로,126.8786626732868825_37.4866401190959166,46.0,16.0,서행,126.8786626732868825_37.4866401190959166|126.8783012361690226_37.4864550569965189|126.8782220883242502_37.4864190188929030
2026-09-04T06:42:24.849833+09:00,가산디지털단지역,가산디지털단지역,POI013,KEY_2,1170044201,남부순환로,1170169300,최소노드배치점,126.8822665721246352_37.4849710662941860,1170019000,가리봉고가차도,126.8791756496076175_37.4863167028194511,313.0,33.0,원활,126.8791756496076175_37.4863167028194511|126.8795977657532745_37.4861425221933544|126.8803209840576471_37.4858849248429351|126.8809917090289616_37.4856484551944149|126.8812938588655328_37.4855283549657656|126.8814598900988813_37.4854548625366562|126.8821731209506112_37.4850349575400301|126.8822665721246352_37.4849710662941860
2026-09-04T06:42:24.849833+09:00,가산디지털단지역,가산디지털단지역,POI013,KEY_2,1170044401,남부순환로,1170017604,진도로터리,126.8864996062809212_37.4817824247397624,1160119703,가산동 87-228,126.8849676600162297_37.4831497843805792,205.0,33.0,원활,126.8849676600162297_37.4831497843805792|126.8855355875806055_37.4827596705933672|126.8857488716080582_37.4826120558047649|126.8859756879799647_37.4824256035163046|126.8860754726341327_37.4823234017196043|126.8864996062809212_37.4817824247397624
2026-09-04T06:42:24.849833+09:00,가산디지털단지역,가산디지털단지역,POI013,KEY_2,2130003700,가마산로,1170022901,금천구-광명시,126.8737210965491045_37.4852198895296880,1170023004,한일유앤아이앞교차로,126.8764065934058607_37.4857075652449510,244.0,21.0,서행,126.8764065934058607_37.4857075652449510|126.8758372667077765_37.4855633058797721|126.8751884228181837_37.4854021500352275|126.8748092360707460_37.4853289942778574|126.8740455173326467_37.4852429319146481|126.8737210965491045_37.4852198895296880
2026-09-04T06:42:24.849833+09:00,가산디지털단지역,가산디지털단지역,POI013,KEY_2,2130003800,가마산로,1170023003,한일유앤아이앞교차로,126.8764497305519399_37.4856050416145052,1170022902,금천구-광명시,126.8737588846273923_37.4851140302723067,245.0,10.0,정체,126.8737588846273923_37.4851140302723067|126.8740610488251548_37.4851354942786159|126.8748347677250621_37.4852226501480530|126.8752246104701555_37.4852979002086286|126.8758780173978948_37.4854601499689437|126.8764497305519399_37.4856050416145052
2026-09-04T06:42:24.849833+09:00,가산디지털단지역,가산디지털단지역,POI013,KEY_2,2130005900,디지털로,2130010101,철산대교사거리,126.8760760325830859_37.4746055471850141,1170023301,철산대교,126.8786566066053894_37.4753214467683478,242.0,14.0,정체,126.8786566066053894_37.4753214467683478|126.8781441417533955_37.4751502438280255|126.8760760325830859_37.4746055471850141
2026-09-04T06:42:24.849833+09:00,가산디지털단지역,가산디지털단지역,POI013,KEY_2,2130006200,가마산로,1160119302,구로현대로얄아파트,126.8774535794735243_37.4870541215173674,1170023001,한일유앤아이앞교차로,126.8765517662187534_37.4857476377097569,171.0,15.0,서행,126.8765517662187534_37.4857476377097569|126.8765848292610627_37.4859164939894995|126.8765939865786123_37.4860499004509009|126.8766411101054103_37.4862142745454250|126.8767186103615217_37.4863205256784866|126.8768765484934136_37.4864989313129797|126.8771816105266197_37.4868254937788166|126.8773875479257214_37.4870177123956125|126.8774535794735243_37.4870541215173674
2026-09-04T06:42:24.849833+09:00,가산디지털단지역,가산디지털단지역,POI013,KEY_2,2130037200,가마산로,1170022903,금천구-광명시,126.8734821978691230_37.4850995426429492,2130012802,광명대교사거리,126.8710246817804688_37.4849333097879693,218.0,12.0,정체,126.8710246817804688_37.4849333097879693|126.8711334546059959_37.4849340255628292|126.8713709553037603_37.4849265248893673|126.8734821978691230_37.4850995426429492
2026-09-04T06:42:24.849833+09:00,가산디지털단지역,가산디지털단지역,POI013,KEY_2,2130037300,가마산로,2130012801,광명대교사거리,126.8709844969789344_37.4850411728194999,1170022904,금천구-광명시,126.8734457962195279_37.4852015732672896,219.0,16.0,서행,126.8734457962195279_37.4852015732672896|126.8713640170870747_37.4850349311023550|126.8711355799803329_37.4850421497208615|126.8709844969789344_37.4850411728194999
2026-09-04T06:42:24.849833+09:00,가산디지털단지역,가산디지털단지역,POI013,KEY_2,2130048500,서부간선도로,2130001602,세진자동차정비센터,126.8731138749185021_37.4871474213395715,2130001604,금천구-광명시,126.8734167913569877_37.4857818034045209,154.0,64.0,원활,126.8734167913569877_37.4857818034045209|126.8731138749185021_37.4871474213395715
2026-09-04T06:42:24.849833+09:00,가산디지털단지역,가산디지털단지역,POI013,KEY_2,2130048600,서부간선도로,2130001605,금천구-광명시,126.8733111410033843_37.4857606763575504,2130001603,세진자동차정비센터,126.8729809575309986_37.4871260344337003,154.0,28.0,원활,126.8729809575309986_37.4871260344337003|126.8733111410033843_37.4857606763575504
2026-09-04T06:42:24.849833+09:00,강남역,강남역,POI014,KEY_3,1220025103,강남대로,1220323900,역삼동 858,127.0265517996681552_37.5003958528345578,1210035401,속성변화점,127.0269491384972866_37.4995732101292063,98.0,20.0,서행,127.0269491384972866_37.4995732101292063|127.0265517996681552_37.5003958528345578
2026-09-04T06:42:24.849833+09:00,강남역,강남역,POI014,KEY_3,1210020001,사임당로,1210415300,서초동 1419,127.0292323976334075_37.4928850031516703,1220006304,우성아파트앞사거리,127.0298809732350946_37.4930795966086521,61.0,20.0,서행,127.0298809732350946_37.4930795966086521|127.0292323976334075_37.4928850031516703
2026-09-04T06:42:24.849833+09:00,강남역,강남역,POI014,KEY_3,1210020101,사임당로,1210360800,서초동 1419,127.0283021951469919_37.4924903721082217,1210030502,서이초교사거리,127.0266740331770166_37.4920018339467589,154.0,11.0,정체,127.0266740331770166_37.4920018339467589|127.0283021951469919_37.4924903721082217
2026-09-04T06:42:24.849833+09:00,강남역,강남역,POI014,KEY_3,1210022202,서초대로,1210033401,진흥아파트앞교차로,127.0242802822726844_37.4970075567363992,1210033704,윤빌딩,127.0258548542651624_37.4974926936972466,149.0,45.0,원활,127.0258548542651624_37.4974926936972466|127.0251665089917026_37.4972806128327818|127.0250399262904324_37.4972416118408773|127.0242802822726844_37.4970075567363992
2026-09-04T06:42:24.849833+09:00,강남역,강남역,POI014,KEY_3,1210022203,서초대로,1210373100,서초동 1377,127.0264489335689433_37.4976757265136271,1210034104,강남역사거리,127.0275555290794074_37.4980166525441376,105.0,34.7,원활,127.0275555290794074_37.4980166525441376|127.0264489335689433_37.4976757265136271
2026-09-04T06:42:24.849833+09:00,강남역,강남역,POI014,KEY_3,1210022302,서초대로,1210033703,윤빌딩,127.0259041388009109_37.4973919554259822,1210033502,부띠크모나코뮤지엄,127.0252154534745728_37.4971797698303249,65.0,44.0,원활,127.0252154534745728_37.4971797698303249|127.0259041388009109_37.4973919554259822
2026-09-04T06:42:24.849833+09:00,강남역,강남역,POI014,KEY_3,1210022303,서초대로,1210034103,강남역사거리,127.0276030282322353_37.4979153641312806,1210033702,윤빌딩,127.0260307099654398_37.4974309517033291,149.0,11.0,정체,127.0260307099654398_37.4974309517033291|127.0264978765125790_37.4975748829649973|127.0276030282322353_37.4979153641312806
2026-09-04T06:42:24.849833+09:00,강남역,강남역,POI014,KEY_3,1210025402,사평대로,1210134700,반포동 749-35,127.0236141059144614_37.5043118599685954,1210040404,교보타워사거리,127.0243991052031305_37.5045524553287137,74.0,38.3,원활,127.0243991052031305_37.5045524553287137|127.0236141059144614_37.5043118599685954
2026-09-04T06:42:24.849833+09:00,강남역,강남역,POI014,KEY_3,1210025502,사평대로,1210236300,서초동 1413,127.0234894173690634_37.5041577975041776,1210039302,양정빌딩,127.0229020145832664_37.5039777585302119,56.0,10.0,정체,127.0229020145832664_37.5039777585302119|127.0234894173690634_37.5041577975041776
2026-09-04T06:42:24.849833+09:00,강남역,강남역,POI014,KEY_3,1210053600,강남대로55길,1210033004,삼성타운,127.0266857689022544_37.4957536970583831,1210032702,더에셋,127.0259776820794997_37.4955386588283872,67.0,15.0,서행,127.0259776820794997_37.4955386588283872|127.0266857689022544_37.4957536970583831
2026-09-04T06:42:24.849833+09:00,강남역,강남역,POI014,KEY_3,1210053700,강남대로55길,1210032701,더에셋,127.0259293124109234_37.4956396778841849,1210033005,삼성타운,127.0266374387400532_37.4958547278587062,67.0,20.0,서행,127.0266374387400532_37.4958547278587062|127.0259293124109234_37.4956396778841849
2026-09-04T06:42:24.849833+09:00,강남역,강남역,POI014,KEY_3,1210053801,강남대로55길,1210191200,서초동 1327-36,127.0272404832483488_37.4959221540181886,1210033003,삼성타운,127.0268125713474916_37.4957922050099555,40.0,11.0,정체,127.0268125713474916_37.4957922050099555|127.0272404832483488_37.4959221540181886
2026-09-04T06:42:24.849833+09:00,강남역,강남역,POI014,KEY_3,1210053802,강남대로55길,1210033203,강남역(신분당선),127.0283572661165579_37.4962612914871656,1210033007,강남역(신분당선),127.0277803841059381_37.4960861092022952,55.0,11.0,정체,127.0277803841059381_37.4960861092022952|127.0283572661165579_37.4962612914871656
2026-09-04T06:42:24.849833+09:00,강남역,강남역,POI014,KEY_3,1210053901,강남대로55길,1210033006,강남역(신분당선),127.0277320549546687_37.4961871406859260,1210033204,강남역(신분당선),127.0283100116079567_37.4963626493360778,55.0,11.0,정체,127.0283100116079567_37.4963626493360778|127.0277320549546687_37.4961871406859260
2026-09-04T06:42:24.849833+09:00,강남역,강남역,POI014,KEY_3,1210053902,강남대로55길,1210033002,삼성타운,127.0267642413025158_37.4958932358491239,1210033009,강남역(신분당선),127.0276052375956084_37.4961486294656154,80.0,18.5,서행,127.0276052375956084_37.4961486294656154|127.0271921536036501_37.4960231851536534|127.0267642413025158_37.4958932358491239
2026-09-04T06:42:24.849833+09:00,강남역,강남역,POI014,KEY_3,1210054400,서초대로74길,1210216800,서초동 1398,127.0262898811845957_37.4965833263985431,1210033703,윤빌딩,127.0259041388009109_37.4973919554259822,96.0,16.0,서행,127.0259041388009109_37.4973919554259822|127.0262898811845957_37.4965833263985431
2026-09-04T06:42:24.849833+09:00,강남역,강남역,POI014,KEY_3,1210054500,서초대로74길,1210033702,윤빌딩,127.0260307099654398_37.4974309517033291,1210033002,삼성타운,127.0267642413025158_37.4958932358491239,183.0,17.0,서행,127.0267642413025158_37.4958932358491239|127.0264167297892470_37.4966217393929426|127.0260307099654398_37.4974309517033291
2026-09-04T06:42:24.849833+09:00,강남역,강남역,POI014,KEY_3,1210055400,강남대로61길,1210034701,서초초교,127.0235391206333873_37.4985356638665053,1210035204,서초동 1417,127.0251133763993892_37.4990052283610922,149.0,17.0,서행,127.0251133763993892_37.4990052283610922|127.0243740858838351_37.4987847182566867|127.0235391206333873_37.4985356638665053
2026-09-04T06:42:24.849833+09:00,강남역,강남역,POI014,KEY_3,1210055600,강남대로61길,1210418200,서초동 1417,127.0257829298254109_37.4990960560013917,1210035202,서초동 1417,127.0252893737708320_37.4989430293845913,47.0,6.0,정체,127.0252893737708320_37.4989430293845913|127.0257829298254109_37.4990960560013917
2026-09-04T06:42:24.849833+09:00,강남역,강남역,POI014,KEY_3,1210055700,강남대로61길,1210401600,서초동 1417,127.0261124478687265_37.4993142400926160,1210035404,서초동 1373,127.0268224853808761_37.4995343793171756,67.0,5.0,정체,127.0268224853808761_37.4995343793171756|127.0261124478687265_37.4993142400926160
2026-09-04T06:42:24.849833+09:00,강남역,강남역,POI014,KEY_3,1210056100,서초대로73길,1210409800,서초동 1389,127.0236643794922031_37.5020492808981771,1210038103,서초푸르지오써밋2단지아파트,127.0233853819339487_37.5026409362391178,70.0,12.0,정체,127.0233853819339487_37.5026409362391178|127.0236643794922031_37.5020492808981771
2026-09-04T06:42:24.849833+09:00,강남역,강남역,POI014,KEY_3,1210056200,서초대로73길,1210364100,서초동 1391,127.0240545656601086_37.5015292588755429,1210035201,서초동 1417,127.0252401586390647_37.4990437889059507,295.0,23.0,서행,127.0252401586390647_37.4990437889059507|127.0242391703617812_37.5011377644102453|127.0240545656601086_37.5015292588755429
2026-09-04T06:42:24.849833+09:00,강남역,강남역,POI014,KEY_3,1210057000,서운로26길,1210038103,서초푸르지오써밋2단지아파트,127.0233853819339487_37.5026409362391178,1210037402,서초4동주민센터,127.0218282543338546_37.5021676027010855,147.0,15.0,서행,127.0218282543338546_37.5021676027010855|127.0222929628553601_37.5023088669464926|127.0233853819339487_37.5026409362391178
2026-09-04T06:42:24.849833+09:00,강남역,강남역,POI014,KEY_3,1210057100,서운로26길,1210388100,서초동 1302-6,127.0222445833544498_37.5024098842265374,1210038104,서초푸르지오써밋2단지아파트,127.0233377260351233_37.5027421735315016,103.0,19.0,서행,127.0233377260351233_37.5027421735315016|127.0222445833544498_37.5024098842265374
2026-09-04T06:42:24.849833+09:00,강남역,강남역,POI014,KEY_3,1210057700,사평대로56길,1210038104,서초푸르지오써밋2단지아파트,127.0233377260351233_37.5027421735315016,1210039303,양정빌딩,127.0227753209311885_37.5039389866395183,142.0,17.0,서행,127.0227753209311885_37.5039389866395183|127.0233377260351233_37.5027421735315016
2026-09-04T06:42:24.849833+09:00,강남역,강남역,POI014,KEY_3,1210057800,사평대로56길,1210039302,양정빌딩,127.0229020145832664_37.5039777585302119,1210038101,서초푸르지오써밋2단지아파트,127.0234674391860921_37.5027745145973768,143.0,20.0,서행,127.0234674391860921_37.5027745145973768|127.0229020145832664_37.5039777585302119
2026-09-04T06:42:24.849833+09:00,강남역,강남역,POI014,KEY_3,1210172200,서초대로77길,1210082402,서초동 1309-12,127.0246208303307327_37.5023342996229516,1210038102,서초푸르지오써밋2단지아파트,127.0235154848242018_37.5026724719820592,109.0,7.0,정체,127.0235154848242018_37.5026724719820592|127.0235605027470882_37.5026574669446049|127.0238729763156584_37.5024491592639393|127.0239918461970205_37.5024095377816664|127.0242144189857498_37.5023920831073028|127.0242153286376663_37.5023920117694232|127.0244981705713059_37.5023756173163889|127.0245684570023315_37.5023622299920731|127.0246208303307327_37.5023342996229516
2026-09-04T06:42:24.849833+09:00,강남역,강남역,POI014,KEY_3,1210172300,서초대로73길,1210033704,윤빌딩,127.0258548542651624_37.4974926936972466,1210082502,한국무라타전자본사,127.0254697726481936_37.4982778876805085,94.0,17.0,서행,127.0254697726481936_37.4982778876805085|127.0255576288302848_37.4980854506844921|127.0258548542651624_37.4974926936972466
2026-09-04T06:42:24.849833+09:00,강남역,강남역,POI014,KEY_3,1210172400,서초대로73길,1210082501,한국무라타전자본사,127.0255973021892970_37.4983148473285794,1210033701,윤빌딩,127.0259814315018616_37.4975316918531618,93.0,19.0,서행,127.0259814315018616_37.4975316918531618|127.0256844337441891_37.4981239961677630|127.0255973021892970_37.4983148473285794
2026-09-04T06:42:24.849833+09:00,강남역,강남역,POI014,KEY_3,1220016203,강남대로,1210029205,중앙경제TV,127.0305900356174362_37.4915934710394581,1220006303,우성아파트앞사거리,127.0299293519401402_37.4929785798404396,164.0,26.0,원활,127.0299293519401402_37.4929785798404396|127.0305900356174362_37.4915934710394581
2026-09-04T06:42:24.849833+09:00,강남역,강남역,POI014,KEY_3,1220016304,강남대로,1220006302,우성아파트앞사거리,127.0300563841217496_37.4930165951748009,1210029202,속성변화점,127.0307168759066059_37.4916318829225474,164.0,12.0,정체,127.0307168759066059_37.4916318829225474|127.0300563841217496_37.4930165951748009
2026-09-04T06:42:24.849833+09:00,강남역,강남역,POI014,KEY_3,1220017600,도곡로7길,1220379200,역삼동 858-15,127.0340703991431752_37.4925901335485747,1220006603,역삼초교앞교차로,127.0333827720970277_37.4940232440208803,170.0,16.0,서행,127.0333827720970277_37.4940232440208803|127.0336153677406941_37.4935384889359966|127.0337962432027297_37.4931615197673196|127.0340703991431752_37.4925901335485747
2026-09-04T06:42:24.849833+09:00,강남역,강남역,POI014,KEY_3,1220019401,역삼로,1220438500,역삼동 858-14,127.0309432021188627_37.4933967723260864,1220027304,역삼초등학교,127.0316663031210709_37.4936126134126368,68.0,35.0,원활,127.0316663031210709_37.4936126134126368|127.0309432021188627_37.4933967723260864
2026-09-04T06:42:24.849833+09:00,강남역,강남역,POI014,KEY_3,1220019402,역삼로,1220275000,역삼동 858-14,127.0325453290157043_37.4938819369312810,1220006604,역삼초교앞교차로,127.0333341389376045_37.4941241826241694,75.0,27.0,원활,127.0333341389376045_37.4941241826241694|127.0325453290157043_37.4938819369312810
2026-09-04T06:42:24.849833+09:00,강남역,강남역,POI014,KEY_3,1220019501,역삼로,1220438600,역삼동 858-14,127.0309908064247821_37.4932955226971032,1220006302,우성아파트앞사거리,127.0300563841217496_37.4930165951748009,88.0,26.0,원활,127.0300563841217496_37.4930165951748009|127.0309908064247821_37.4932955226971032
2026-09-04T06:42:24.849833+09:00,강남역,강남역,POI014,KEY_3,1220019502,역삼로,1220006603,역삼초교앞교차로,127.0333827720970277_37.4940232440208803,1220027302,역삼초등학교,127.0318512919482572_37.4935529160897403,145.0,8.0,정체,127.0318512919482572_37.4935529160897403|127.0325941313863609_37.4937810503361462|127.0333827720970277_37.4940232440208803
2026-09-04T06:42:24.849833+09:00,강남역,강남역,POI014,KEY_3,1220020700,역삼로,1220375800,역삼동 858-14,127.0338334350395542_37.4941595999640853,1220006602,역삼초교앞교차로,127.0335095296028811_37.4940618362868818,31.0,12.0,정체,127.0335095296028811_37.4940618362868818|127.0338334350395542_37.4941595999640853
2026-09-04T06:42:24.849833+09:00,강남역,강남역,POI014,KEY_3,1220021001,강남대로,1220006304,우성아파트앞사거리,127.0298809732350946_37.4930795966086521,1210032503,속성변화점,127.0291466107050695_37.4946068687934400,182.0,23.0,서행,127.0291466107050695_37.4946068687934400|127.0298809732350946_37.4930795966086521
2026-09-04T06:42:24.849833+09:00,강남역,강남역,POI014,KEY_3,1220021002,강남대로,1210032503,속성변화점,127.0291466107050695_37.4946068687934400,1210033203,강남역(신분당선),127.0283572661165579_37.4962612914871656,196.0,29.0,원활,127.0283572661165579_37.4962612914871656|127.0290981037409779_37.4947081584269171|127.0291466107050695_37.4946068687934400
2026-09-04T06:42:24.849833+09:00,강남역,강남역,POI014,KEY_3,1220021003,강남대로,1210033204,강남역(신분당선),127.0283100116079567_37.4963626493360778,1210034103,강남역사거리,127.0276030282322353_37.4979153641312806,183.0,38.0,원활,127.0276030282322353_37.4979153641312806|127.0283100116079567_37.4963626493360778
2026-09-04T06:42:24.849833+09:00,강남역,강남역,POI014,KEY_3,1220021101,강남대로,1210032502,삼성화재서초사옥,127.0292733269647272_37.4946455507303256,1220006301,우성아파트앞사거리,127.0300080064880888_37.4931176139120410,182.0,15.0,서행,127.0300080064880888_37.4931176139120410|127.0292733269647272_37.4946455507303256
2026-09-04T06:42:24.849833+09:00,강남역,강남역,POI014,KEY_3,1220021102,강남대로,1210034102,강남역사거리,127.0277297558715759_37.4979540832481035,1210032501,삼성화재서초사옥,127.0292249496761201_37.4947465691331274,380.0,16.0,서행,127.0292249496761201_37.4947465691331274|127.0284841143001699_37.4962997029777512|127.0284375777275727_37.4963995211793275|127.0277297558715759_37.4979540832481035
2026-09-04T06:42:24.849833+09:00,강남역,강남역,POI014,KEY_3,1220021600,테헤란로8길,1220382500,역삼동 858-13,127.0317807377698927_37.4973349404078959,1220031503,국기원입구교차로,127.0309935926159000_37.4989426147382048,192.0,19.0,서행,127.0309935926159000_37.4989426147382048|127.0314397690811461_37.4980334728711426|127.0316520402862892_37.4976009346478421|127.0317807377698927_37.4973349404078959
2026-09-04T06:42:24.849833+09:00,강남역,강남역,POI014,KEY_3,1220021700,테헤란로8길,1220401300,역삼동 858-13,127.0333117491822463_37.4944710677349136,1220006601,역삼초교앞교차로,127.0334608974688280_37.4941627761416356,37.0,23.0,서행,127.0334608974688280_37.4941627761416356|127.0333117491822463_37.4944710677349136
2026-09-04T06:42:24.849833+09:00,강남역,강남역,POI014,KEY_3,1220023302,테헤란로,1210034101,강남역사거리,127.0276822389256637_37.4980553605985918,1220031504,국기원입구교차로,127.0309460927545757_37.4990438974112124,309.0,18.0,서행,127.0309460927545757_37.4990438974112124|127.0286612555960488_37.4983518916215388|127.0276822389256637_37.4980553605985918
2026-09-04T06:42:24.849833+09:00,강남역,강남역,POI014,KEY_3,1220023402,테헤란로,1220417400,역삼동 804,127.0287094769204117_37.4982508275695068,1210034102,강남역사거리,127.0277297558715759_37.4979540832481035,93.0,24.5,서행,127.0277297558715759_37.4979540832481035|127.0287094769204117_37.4982508275695068
2026-09-04T06:42:24.849833+09:00,강남역,강남역,POI014,KEY_3,1220024001,테헤란로,1220031501,국기원입구교차로,127.0310728003854166_37.4990827049839055,1220032004,한국타이어빌딩,127.0338550060461245_37.4999438554121411,264.0,33.0,원활,127.0338550060461245_37.4999438554121411|127.0310728003854166_37.4990827049839055
2026-09-04T06:42:24.849833+09:00,강남역,강남역,POI014,KEY_3,1220024101,테헤란로,1220032003,한국타이어빌딩,127.0339011803060885_37.4998421534899293,1220031502,국기원입구교차로,127.0311202675968190_37.4989814033435920,264.0,31.0,원활,127.0311202675968190_37.4989814033435920|127.0339011803060885_37.4998421534899293
2026-09-04T06:42:24.849833+09:00,강남역,강남역,POI014,KEY_3,1220025002,강남대로,1210034104,강남역사거리,127.0275555290794074_37.4980166525441376,1210035403,서초동 1373,127.0268712238501365_37.4994334710894108,168.0,17.0,서행,127.0268712238501365_37.4994334710894108|127.0275555290794074_37.4980166525441376
2026-09-04T06:42:24.849833+09:00,강남역,강남역,POI014,KEY_3,1220025003,강남대로,1210394200,서초동 1373,127.0253434781147917_37.5025963782215541,1210040403,교보타워사거리,127.0244473968313343_37.5044514101080111,221.0,28.0,원활,127.0244473968313343_37.5044514101080111|127.0247108420325048_37.5039060466009033|127.0253434781147917_37.5025963782215541
2026-09-04T06:42:24.849833+09:00,강남역,강남역,POI014,KEY_3,1220025102,강남대로,1210035401,속성변화점,127.0269491384972866_37.4995732101292063,1210034101,강남역사거리,127.0276822389256637_37.4980553605985918,181.0,31.0,원활,127.0276822389256637_37.4980553605985918|127.0269978768356367_37.4994723018201697|127.0269491384972866_37.4995732101292063
2026-09-04T06:42:24.849833+09:00,강남역,강남역,POI014,KEY_3,1220027202,봉은사로,1210040401,교보타워사거리,127.0245260087286567_37.5045907813304069,1220036604,보건타임즈,127.0277136842342856_37.5055392843385320,301.0,33.0,원활,127.0277136842342856_37.5055392843385320|127.0258610708307287_37.5049880469825112|127.0253288463886605_37.5048296789477078|127.0252017084722951_37.5047918474566870|127.0245260087286567_37.5045907813304069
2026-09-04T06:42:24.849833+09:00,강남역,강남역,POI014,KEY_3,1220027301,봉은사로,1220036003,신논현역,127.0252491957505185_37.5046905608852796,1210040402,교보타워사거리,127.0245743023879044_37.5044897355058495,64.0,40.0,원활,127.0245743023879044_37.5044897355058495|127.0252491957505185_37.5046905608852796
2026-09-04T06:42:24.849833+09:00,강남역,강남역,POI014,KEY_3,1220027302,봉은사로,1220317200,역삼동 800,127.0259085572878206_37.5048867600619360,1220036002,신논현역,127.0253763334646919_37.5047283922381283,50.0,26.0,원활,127.0253763334646919_37.5047283922381283|127.0259085572878206_37.5048867600619360
2026-09-04T06:42:24.849833+09:00,강남역,강남역,POI014,KEY_3,1220027801,강남대로,1210040404,교보타워사거리,127.0243991052031305_37.5045524553287137,1210042503,HM타워,127.0238275183942562_37.5057614843330143,143.0,22.0,서행,127.0238275183942562_37.5057614843330143|127.0241540090957244_37.5050708914382724|127.0243991052031305_37.5045524553287137
2026-09-04T06:42:24.849833+09:00,강남역,강남역,POI014,KEY_3,1220027901,강남대로,1220443400,논현동 280,127.0242810161496863_37.5051089999436158,1210040401,교보타워사거리,127.0245260087286567_37.5045907813304069,61.0,28.0,원활,127.0245260087286567_37.5045907813304069|127.0242810161496863_37.5051089999436158
2026-09-04T06:42:24.849833+09:00,강남역,강남역,POI014,KEY_3,1220056300,역삼로4길,1220024004,라이브팜뉴스,127.0330755956318143_37.4906612534684598,1220027303,역삼초등학교,127.0317244448772271_37.4935145090668769,338.0,18.5,서행,127.0317244448772271_37.4935145090668769|127.0324852863543583_37.4919019849371793|127.0326810147735301_37.4914906014038465|127.0330755956318143_37.4906612534684598
2026-09-04T06:42:24.849833+09:00,강남역,강남역,POI014,KEY_3,1220059100,역삼로3길,1220401600,역삼동 831-35,127.0311409663314350_37.4947099662645797,1210032502,삼성화재서초사옥,127.0292733269647272_37.4946455507303256,210.0,6.0,정체,127.0292733269647272_37.4946455507303256|127.0309286768451500_37.4951582359373319|127.0311409663314350_37.4947099662645797
2026-09-04T06:42:24.849833+09:00,강남역,강남역,POI014,KEY_3,1220059200,역삼로3길,1220285400,역삼동 830-33,127.0313905671328598_37.4944891661354802,1220027301,역삼초등학교,127.0317945815014866_37.4936513739525950,100.0,10.5,정체,127.0317945815014866_37.4936513739525950|127.0317722804120706_37.4936831186651816|127.0313905671328598_37.4944891661354802
2026-09-04T06:42:24.849833+09:00,강남역,강남역,POI014,KEY_3,1220063300,테헤란로7길,1220284400,역삼동 800-60,127.0307232034964642_37.4995423064647895,1220032203,과학기술회관,127.0305117723236350_37.5000150872202340,56.0,14.0,정체,127.0305117723236350_37.5000150872202340|127.0307232034964642_37.4995423064647895
2026-09-04T06:42:24.849833+09:00,강남역,강남역,POI014,KEY_3,1220063400,테헤란로7길,1220032202,과학기술회관,127.0306386532190999_37.5000535101687191,1220031501,국기원입구교차로,127.0310728003854166_37.4990827049839055,114.0,27.0,원활,127.0310728003854166_37.4990827049839055|127.0308510382801757_37.4995785950317284|127.0306386532190999_37.5000535101687191
2026-09-04T06:42:24.849833+09:00,강남역,강남역,POI014,KEY_3,1220064300,강남대로94길,1220305300,역삼동 648-9,127.0318547777729066_37.5004256036905161,1220032202,과학기술회관,127.0306386532190999_37.5000535101687191,115.0,14.0,정체,127.0306386532190999_37.5000535101687191|127.0318547777729066_37.5004256036905161
2026-09-04T06:42:24.849833+09:00,강남역,강남역,POI014,KEY_3,1220064500,테헤란로1길,1220438100,역삼동 858-6,127.0255100549291853_37.5041277615367150,1220036003,신논현역,127.0252491957505185_37.5046905608852796,67.0,19.0,서행,127.0252491957505185_37.5046905608852796|127.0255100549291853_37.5041277615367150
2026-09-04T06:42:24.849833+09:00,강남역,강남역,POI014,KEY_3,1220330500,테헤란로7길,1220338600,역삼동 635-1,127.0302003507315618_37.5006905079083666,1220151602,역삼동635,127.0297701679202760_37.5015425004955034,102.0,7.0,정체,127.0297701679202760_37.5015425004955034|127.0301825943231790_37.5007260187034390|127.0302003507315618_37.5006905079083666
2026-09-04T06:42:24.849833+09:00,강남역,강남역,POI014,KEY_3,1220330600,테헤란로7길,1220151601,역삼동635,127.0298960655262306_37.5015828661995272,1220032201,과학기술회관,127.0305936748156626_37.5001555678750762,170.0,11.0,정체,127.0305936748156626_37.5001555678750762|127.0304591873435953_37.5004650064613116|127.0303836281318155_37.5006161187949090|127.0303264238414016_37.5007305223256040|127.0303085800503595_37.5007662082549444|127.0298960655262306_37.5015828661995272
2026-09-04T06:42:24.849833+09:00,건대입구역,건대입구역,POI015,KEY_4,1040011100,아차산로,1040140800,최소노드배치점,127.0673439680819854_37.5411063158663154,1040016304,건대입구역앞교차로,127.0705974213252318_37.5399913944474619,313.0,21.5,서행,127.0705974213252318_37.5399913944474619|127.0673439680819854_37.5411063158663154
2026-09-04T06:42:24.849833+09:00,건대입구역,건대입구역,POI015,KEY_4,1040001403,동일로,1040136200,자양동 23-9,127.0637369066414379_37.5416039221817570,1040016701,자양동 24-10,127.0629424504767826_37.5402252363948463,168.0,14.0,정체,127.0629424504767826_37.5402252363948463|127.0637369066414379_37.5416039221817570
2026-09-04T06:42:24.849833+09:00,건대입구역,건대입구역,POI015,KEY_4,1040007500,강변북로,1040028701,청담대교,127.0701160723116203_37.5386945582041420,1040000201,청담대교(북측),127.0668012691852340_37.5315220172388280,848.0,54.3,원활,127.0668012691852340_37.5315220172388280|127.0669355263784155_37.5317815872931959|127.0672448702695760_37.5324328127955837|127.0677860749237738_37.5336261809339149|127.0685094362804364_37.5351779912987382|127.0689130346604259_37.5360918386047686|127.0694053089361546_37.5371700486358151|127.0701160723116203_37.5386945582041420
2026-09-04T06:42:24.849833+09:00,건대입구역,건대입구역,POI015,KEY_4,1040009001,능동로,1040002904,신양초교앞교차로,127.0683938999842724_37.5353920921553765,1040014303,자양동 510-6,127.0693552008508078_37.5375201646841390,251.0,20.0,서행,127.0693552008508078_37.5375201646841390|127.0683938999842724_37.5353920921553765
2026-09-04T06:42:24.849833+09:00,건대입구역,건대입구역,POI015,KEY_4,1040009002,능동로,1040014304,자양동 544-25,127.0694040333790440_37.5376254711493687,1040014703,광진문화예술회관,127.0695248126943966_37.5378780281476239,30.0,32.0,원활,127.0695248126943966_37.5378780281476239|127.0694040333790440_37.5376254711493687
2026-09-04T06:42:24.849833+09:00,건대입구역,건대입구역,POI015,KEY_4,1040009004,능동로,1040014704,광진문화예술회관,127.0695721820980992_37.5379794092468728,1040028702,청담대교,127.0699887106514012_37.5387318473572122,92.0,39.0,원활,127.0699887106514012_37.5387318473572122|127.0698365174506677_37.5385571365379533|127.0695721820980992_37.5379794092468728
2026-09-04T06:42:24.849833+09:00,건대입구역,건대입구역,POI015,KEY_4,1040009005,능동로,1040138300,자양동 2-5,127.0702940918243513_37.5393862177953963,1040016303,건대입구역앞교차로,127.0705451519353772_37.5398915999283176,60.0,22.0,서행,127.0705451519353772_37.5398915999283176|127.0702940918243513_37.5393862177953963
2026-09-04T06:42:24.849833+09:00,건대입구역,건대입구역,POI015,KEY_4,1040009102,능동로,1040014702,광진문화예술회관,127.0697785872817889_37.5378010707799845,1040014301,자양동 544-25,127.0696578072354725_37.5375485140387042,30.0,47.5,원활,127.0696578072354725_37.5375485140387042|127.0697785872817889_37.5378010707799845
2026-09-04T06:42:24.849833+09:00,건대입구역,건대입구역,POI015,KEY_4,1040009104,능동로,1040028701,청담대교,127.0701160723116203_37.5386945582041420,1040014701,광진문화예술회관,127.0698273271903957_37.5379053837168115,92.0,45.0,원활,127.0698273271903957_37.5379053837168115|127.0700914705954148_37.5384826880863471|127.0701160723116203_37.5386945582041420
2026-09-04T06:42:24.849833+09:00,건대입구역,건대입구역,POI015,KEY_4,1040009105,능동로,1040016302,건대입구역앞교차로,127.0706701763312623_37.5398495303758679,1040028701,청담대교,127.0701160723116203_37.5386945582041420,137.0,9.0,정체,127.0701160723116203_37.5386945582041420|127.0703453921553461_37.5391955560171695|127.0704203352615025_37.5393464600055822|127.0706701763312623_37.5398495303758679
2026-09-04T06:42:24.849833+09:00,건대입구역,건대입구역,POI015,KEY_4,1040010001,아차산로,1040016103,자양동 227-10,127.0722906925684299_37.5393138101561092,1040016302,건대입구역앞교차로,127.0706701763312623_37.5398495303758679,155.0,22.0,서행,127.0706701763312623_37.5398495303758679|127.0722906925684299_37.5393138101561092
2026-09-04T06:42:24.849833+09:00,건대입구역,건대입구역,POI015,KEY_4,1040010002,아차산로,1040015603,건대후문,127.0743028565397594_37.5387659697394866,1040016102,자양동 227-11,127.0724170914304096_37.5392743175297454,176.0,18.5,서행,127.0724170914304096_37.5392743175297454|127.0732440795779752_37.5390305622558316|127.0738492717248533_37.5388771586053096|127.0743028565397594_37.5387659697394866
2026-09-04T06:42:24.849833+09:00,건대입구역,건대입구역,POI015,KEY_4,1040010102,아차산로,1040016301,건대입구역앞교차로,127.0707225025917495_37.5399492998029629,1040015604,건대후문,127.0743428046605885_37.5388693046709747,342.0,12.0,정체,127.0743428046605885_37.5388693046709747|127.0738898387637903_37.5389803409746747|127.0732882623326105_37.5391328280718852|127.0724642243224878_37.5393757141788100|127.0723427547939082_37.5394136659137487|127.0707225025917495_37.5399492998029629
2026-09-04T06:42:24.849833+09:00,건대입구역,건대입구역,POI015,KEY_4,1040011000,아차산로,1040140700,최소노드배치점,127.0672902949043674_37.5410070020582083,1040017702,성수사거리,127.0640311954609132_37.5421146116750606,313.0,29.0,원활,127.0640311954609132_37.5421146116750606|127.0672609375260862_37.5410170619344754|127.0672902949043674_37.5410070020582083
2026-09-04T06:42:24.849833+09:00,건대입구역,건대입구역,POI015,KEY_4,1040020202,강변북로,1040000202,청담대교(북측),127.0666626111006252_37.5315665324150132,1040028702,청담대교,127.0699887106514012_37.5387318473572122,848.0,43.7,서행,127.0699887106514012_37.5387318473572122|127.0692776775772757_37.5372071673034355|127.0687850931199563_37.5361282739688562|127.0683816446363466_37.5352147721280858|127.0676584862117124_37.5336633852443669|127.0671174250280160_37.5324703344999904|127.0668031124959469_37.5318450873398533|127.0666626111006252_37.5315665324150132
2026-09-04T06:42:24.849833+09:00,건대입구역,건대입구역,POI015,KEY_4,1040027600,능동로10길,1040014301,자양동 544-25,127.0696578072354725_37.5375485140387042,1040013604,자양동 533-12,127.0709982985214737_37.5370947600898077,129.0,22.5,서행,127.0709982985214737_37.5370947600898077|127.0703860529624478_37.5373020067107035|127.0696578072354725_37.5375485140387042
2026-09-04T06:42:24.849833+09:00,건대입구역,건대입구역,POI015,KEY_4,1040027900,능동로10길.인접길,1040015305,롯데백화점(건대스타시티점),127.0718152958673386_37.5385927041950112,1040013601,자양동 533-12,127.0711231696489989_37.5370523007099521,189.0,8.0,정체,127.0711231696489989_37.5370523007099521|127.0713025411892829_37.5373939593811485|127.0713648775065963_37.5375597922618951|127.0713994673353255_37.5377317290412122|127.0714026811254342_37.5379540759166446|127.0714313612276527_37.5381221176206239|127.0715447302706309_37.5383922616219081|127.0716025814282517_37.5384821337513586|127.0716992357909163_37.5385508925898677|127.0718152958673386_37.5385927041950112
2026-09-04T06:42:24.849833+09:00,건대입구역,건대입구역,POI015,KEY_4,1040028000,능동로10길.인접길,1040013604,자양동 533-12,127.0709982985214737_37.5370947600898077,1040015306,롯데백화점(건대스타시티점),127.0717558016464750_37.5386899411971910,197.0,20.0,서행,127.0717558016464750_37.5386899411971910|127.0716243019645759_37.5386425670634978|127.0714932793169254_37.5385493587163950|127.0714192116500101_37.5384342944701359|127.0712985397454275_37.5381467474374162|127.0712670108413960_37.5379620082844880|127.0712638156544898_37.5377409525274928|127.0712322307973494_37.5375839515783269|127.0711745171430778_37.5374304144951338|127.0709982985214737_37.5370947600898077
2026-09-04T06:42:24.849833+09:00,건대입구역,건대입구역,POI015,KEY_4,1040028300,아차산로36길.인접길,1040014603,자양동 227-341,127.0740040009059584_37.5378127959524193,1040015304,롯데백화점(건대스타시티점),127.0719246036874495_37.5385692379251523,203.0,12.5,정체,127.0719246036874495_37.5385692379251523|127.0719936563514096_37.5385130426523617|127.0740040009059584_37.5378127959524193
2026-09-04T06:42:24.849833+09:00,건대입구역,건대입구역,POI015,KEY_4,1040028400,아차산로36길.인접길,1040015303,롯데백화점(건대스타시티점),127.0720450891753757_37.5386257803461518,1040014604,자양동 227-341,127.0740365887297401_37.5379194569983099,193.0,19.0,서행,127.0740365887297401_37.5379194569983099|127.0720722466193280_37.5386036794673075|127.0720450891753757_37.5386257803461518
2026-09-04T06:42:24.849833+09:00,건대입구역,건대입구역,POI015,KEY_4,1040028900,아차산로36길,1040014604,자양동 227-341,127.0740365887297401_37.5379194569983099,1040015603,건대후문,127.0743028565397594_37.5387659697394866,97.0,24.5,서행,127.0743028565397594_37.5387659697394866|127.0740365887297401_37.5379194569983099
2026-09-04T06:42:24.849833+09:00,건대입구역,건대입구역,POI015,KEY_4,1040029000,아차산로.인접길,1040016102,자양동 227-11,127.0724170914304096_37.5392743175297454,1040015302,롯데백화점(건대스타시티점),127.0720401866019245_37.5387435624408710,68.0,16.5,서행,127.0720401866019245_37.5387435624408710|127.0721872456988280_37.5388889991784183|127.0722948438208419_37.5390223336112143|127.0724170914304096_37.5392743175297454
2026-09-04T06:42:24.849833+09:00,건대입구역,건대입구역,POI015,KEY_4,1040029100,아차산로.인접길,1040015301,롯데백화점(건대스타시티점),127.0719288145516259_37.5388058163590657,1040016103,자양동 227-10,127.0722906925684299_37.5393138101561092,65.0,20.0,서행,127.0722906925684299_37.5393138101561092|127.0721731592987993_37.5390715422750532|127.0720769406492536_37.5389523077442107|127.0719288145516259_37.5388058163590657
2026-09-04T06:42:24.849833+09:00,건대입구역,건대입구역,POI015,KEY_4,1040029300,동일로18길,1040125100,자양동 2-7,127.0688669950632317_37.5382081798395362,1040014704,광진문화예술회관,127.0695721820980992_37.5379794092468728,67.0,5.0,정체,127.0695721820980992_37.5379794092468728|127.0688669950632317_37.5382081798395362
2026-09-04T06:42:24.849833+09:00,고덕역,고덕역,POI016,KEY_1,1240019702,동남로,1240021904,경희대동서신의학병원,127.1562730618892942_37.5517715790425299,1240022203,동신빌딩,127.1563466001623794_37.5528393489022676,119.0,30.0,원활,127.1563466001623794_37.5528393489022676|127.1562730618892942_37.5517715790425299
2026-09-04T06:42:24.849833+09:00,고덕역,고덕역,POI016,KEY_1,1240019501,고덕로62길,1249015000,명일동 42,127.1526885826783797_37.5515430019917389,1240022003,우성아파트,127.1527027401545951_37.5518473961090180,34.0,19.0,서행,127.1527027401545951_37.5518473961090180|127.1526885826783797_37.5515430019917389
2026-09-04T06:42:24.849833+09:00,고덕역,고덕역,POI016,KEY_1,1240019502,고덕로62길,1240022004,우성아파트,127.1527082571407732_37.5519562014326880,1240022903,속성변화점,127.1532708499726425_37.5543655297540369,279.0,18.5,서행,127.1532708499726425_37.5543655297540369|127.1532787647308282_37.5534142595099638|127.1532474432401898_37.5529950724982982|127.1528297263010359_37.5523642779357587|127.1527199008409639_37.5521674566200190|127.1527082571407732_37.5519562014326880
2026-09-04T06:42:24.849833+09:00,고덕역,고덕역,POI016,KEY_1,1240019503,고덕로62길,1240022903,속성변화점,127.1532708499726425_37.5543655297540369,1240006403,고덕역앞교차로,127.1532674889658239_37.5548705448781277,56.0,18.0,서행,127.1532674889658239_37.5548705448781277|127.1532700432416334_37.5544740363229010|127.1532708499726425_37.5543655297540369
2026-09-04T06:42:24.849833+09:00,고덕역,고덕역,POI016,KEY_1,1240019602,고덕로62길,1240022902,고덕역(서울5호선),127.1534066528685258_37.5543662458503178,1240022001,우성아파트,127.1528439279635165_37.5519514614591188,279.0,18.0,서행,127.1528439279635165_37.5519514614591188|127.1528544449762848_37.5521422672337408|127.1529519809076589_37.5523170650503815|127.1533812641063292_37.5529653226050186|127.1534145959126931_37.5534114044376679|127.1534066528685258_37.5543662458503178
2026-09-04T06:42:24.849833+09:00,고덕역,고덕역,POI016,KEY_1,1240019603,고덕로62길,1240006402,고덕역앞교차로,127.1534031785336936_37.5548889608193335,1240022901,고덕역(서울5호선),127.1534058471205242_37.5544745907377688,46.0,16.0,서행,127.1534058471205242_37.5544745907377688|127.1534031785336936_37.5548889608193335
2026-09-04T06:42:24.849833+09:00,고덕역,고덕역,POI016,KEY_1,1240019701,동남로,1240020904,한영중고교앞교차로,127.1561056866717792_37.5492346583745444,1240021903,경희대동서신의학병원,127.1562657827621621_37.5516636070952501,270.0,48.0,원활,127.1562657827621621_37.5516636070952501|127.1561606582872770_37.5500686961002899|127.1561056866717792_37.5492346583745444
2026-09-04T06:42:24.849833+09:00,고덕역,고덕역,POI016,KEY_1,1240019703,동남로,1240022204,동신빌딩,127.1563542108928431_37.5529473068933370,1240022703,명일지구대,127.1564466598309053_37.5542281682217975,142.0,31.0,원활,127.1564466598309053_37.5542281682217975|127.1564274239220396_37.5539616623274455|127.1563769047034924_37.5532617292401198|127.1563542108928431_37.5529473068933370
2026-09-04T06:42:24.849833+09:00,고덕역,고덕역,POI016,KEY_1,1240019704,동남로,1240022704,명일지구대,127.1564543497274400_37.5543361171717294,1240023703,E마트앞교차로,127.1565244786737310_37.5553339279445311,111.0,30.0,원활,127.1565244786737310_37.5553339279445311|127.1564543497274400_37.5543361171717294
2026-09-04T06:42:24.849833+09:00,고덕역,고덕역,POI016,KEY_1,1240019802,동남로,1240022202,동신빌딩,127.1564821996538370_37.5528334291763528,1240021901,경희대동서신의학병원,127.1564086584289157_37.5517656594490390,119.0,33.0,원활,127.1564086584289157_37.5517656594490390|127.1564821996538370_37.5528334291763528
2026-09-04T06:42:24.849833+09:00,고덕역,고덕역,POI016,KEY_1,1240019803,동남로,1249046100,상일동 147,127.1565124851740052_37.5532555265066890,1240022201,동신빌딩,127.1564897907958596_37.5529411041869068,35.0,38.0,원활,127.1564897907958596_37.5529411041869068|127.1565124851740052_37.5532555265066890
2026-09-04T06:42:24.849833+09:00,고덕역,고덕역,POI016,KEY_1,1240021500,고덕로,1240006001,배재고교앞교차로,127.1502627998174688_37.5547636377300549,1240006404,고덕역앞교차로,127.1532600929711379_37.5549791469369154,267.0,37.5,원활,127.1532600929711379_37.5549791469369154|127.1520963208777317_37.5548269141009783|127.1515498828997863_37.5547554304647662|127.1513403944212541_37.5547487506746620|127.1502627998174688_37.5547636377300549
2026-09-04T06:42:24.849833+09:00,고덕역,고덕역,POI016,KEY_1,1240022100,고덕로,1240006401,고덕역앞교차로,127.1533941373135690_37.5549975120235686,1240023704,E마트앞교차로,127.1565319059284604_37.5554448253468962,282.0,23.5,서행,127.1565319059284604_37.5554448253468962|127.1533941373135690_37.5549975120235686
2026-09-04T06:42:24.849833+09:00,고덕역,고덕역,POI016,KEY_1,1240022200,고덕로,1240023703,E마트앞교차로,127.1565244786737310_37.5553339279445311,1240006402,고덕역앞교차로,127.1534031785336936_37.5548889608193335,280.0,22.0,서행,127.1534031785336936_37.5548889608193335|127.1565244786737310_37.5553339279445311
2026-09-04T06:42:24.849833+09:00,고덕역,고덕역,POI016,KEY_1,1240023000,고덕로,1249096400,최소노드배치점,127.1613824392157710_37.5560035018671883,1240023702,E마트앞교차로,127.1566618576462133_37.5553532574502498,423.0,18.0,서행,127.1566618576462133_37.5553532574502498|127.1573914943176504_37.5554537755565292|127.1613824392157710_37.5560035018671883
2026-09-04T06:42:24.849833+09:00,고덕역,고덕역,POI016,KEY_1,1240023200,고덕로61길,1240024402,고덕1동주민센터,127.1525743134977660_37.5571130062806517,1240006401,고덕역앞교차로,127.1533941373135690_37.5549975120235686,251.0,35.0,원활,127.1533941373135690_37.5549975120235686|127.1533712556684748_37.5551550493848723|127.1531257397310668_37.5563143499174785|127.1530566959877007_37.5565171952235630|127.1529694231436309_37.5566814857628160|127.1529192002355586_37.5567760296908162|127.1527970436217032_37.5569113886853714|127.1525743134977660_37.5571130062806517
2026-09-04T06:42:24.849833+09:00,고덕역,고덕역,POI016,KEY_1,1240023500,동남로,1240023704,E마트앞교차로,127.1565319059284604_37.5554448253468962,1240024703,공무원아파트,127.1566607565064828_37.5575326121566846,232.0,14.0,정체,127.1566607565064828_37.5575326121566846|127.1565319059284604_37.5554448253468962
2026-09-04T06:42:24.849833+09:00,고덕역,고덕역,POI016,KEY_1,1240023600,동남로,1240024702,공무원아파트,127.1567964043278209_37.5575273061670032,1240023701,E마트앞교차로,127.1566690593141971_37.5554639755517101,229.0,17.0,서행,127.1566690593141971_37.5554639755517101|127.1567964043278209_37.5575273061670032
2026-09-04T06:42:24.849833+09:00,고덕역,고덕역,POI016,KEY_1,1240045700,동남로71길,1249084200,명일동 51-1,127.1537923688565428_37.5517933652963904,1240022002,우성아파트,127.1528384484914511_37.5518433951172454,84.0,16.0,서행,127.1528384484914511_37.5518433951172454|127.1537923688565428_37.5517933652963904
2026-09-04T06:42:24.849833+09:00,고덕역,고덕역,POI016,KEY_1,1240045800,동남로71길,1249010500,명일동 48-26,127.1555401193046464_37.5518100355237081,1240021904,경희대동서신의학병원,127.1562730618892942_37.5517715790425299,65.0,17.0,서행,127.1562730618892942_37.5517715790425299|127.1555401193046464_37.5518100355237081
2026-09-04T06:42:24.849833+09:00,고덕역,고덕역,POI016,KEY_1,1240046900,동남로75길,1240022203,동신빌딩,127.1563466001623794_37.5528393489022676,1240022803,이마트(명일점),127.1557406568431503_37.5542565204500747,218.0,7.0,정체,127.1557406568431503_37.5542565204500747|127.1556316973113780_37.5528640997413490|127.1557061495714578_37.5528615223127886|127.1563466001623794_37.5528393489022676
2026-09-04T06:42:24.849833+09:00,고덕역,고덕역,POI016,KEY_1,1240047000,동남로75길,1240022802,이마트(명일점),127.1558762667287965_37.5542506552277473,1240022204,동신빌딩,127.1563542108928431_37.5529473068933370,194.0,10.0,정체,127.1563542108928431_37.5529473068933370|127.1557758420784552_37.5529673306197509|127.1558762667287965_37.5542506552277473
2026-09-04T06:42:24.849833+09:00,고덕역,고덕역,POI016,KEY_1,1240047600,동남로75길,1240022703,명일지구대,127.1564466598309053_37.5542281682217975,1240022802,이마트(명일점),127.1558762667287965_37.5542506552277473,50.0,13.0,정체,127.1558762667287965_37.5542506552277473|127.1564466598309053_37.5542281682217975
2026-09-04T06:42:24.849833+09:00,고덕역,고덕역,POI016,KEY_1,1240047700,동남로75길,1240022801,이마트(명일점),127.1558829830451316_37.5543586425636917,1240022704,명일지구대,127.1564543497274400_37.5543361171717294,51.0,16.0,서행,127.1564543497274400_37.5543361171717294|127.1558829830451316_37.5543586425636917
2026-09-04T06:42:24.849833+09:00,고덕역,고덕역,POI016,KEY_1,1240047800,동남로75길,1249018200,명일동 47,127.1541550445079167_37.5543310677768858,1240022902,고덕역(서울5호선),127.1534066528685258_37.5543662458503178,66.0,7.0,정체,127.1534066528685258_37.5543662458503178|127.1541550445079167_37.5543310677768858
2026-09-04T06:42:24.849833+09:00,고덕역,고덕역,POI016,KEY_1,1240047900,동남로75길,1249080500,명일동 46-7,127.1546630165006633_37.5544154954661806,1240022804,이마트(명일점),127.1557486638497920_37.5543644520193567,96.0,11.0,정체,127.1557486638497920_37.5543644520193567|127.1546630165006633_37.5544154954661806
2026-09-04T06:42:24.849833+09:00,고덕역,고덕역,POI016,KEY_1,1249000400,세종포천고속도로,1249000400,최소노드배치점,127.1562659190031752_37.5482223253238061,1249000600,최소노드배치점,127.1567336886367912_37.5549510932514892,748.0,88.6,원활,127.1567336886367912_37.5549510932514892|127.1562659190031752_37.5482223253238061
2026-09-04T06:42:24.849833+09:00,고덕역,고덕역,POI016,KEY_1,1249002100,세종포천고속도로,1249000600,최소노드배치점,127.1567336886367912_37.5549510932514892,1249002500,속성변화점,127.1567905526363518_37.5621310464831240,798.0,81.0,원활,127.1567905526363518_37.5621310464831240|127.1568099459097425_37.5620296619621925|127.1568207569509781_37.5619515831646140|127.1568335791102555_37.5618515885968520|127.1568460753415621_37.5617445850114962|127.1568528102163782_37.5616821179146712|127.1568617540514907_37.5615927158354950|127.1568699127336970_37.5615033156045541|127.1568787005434302_37.5613961481224194|127.1568839973351572_37.5613245394333930|127.1568882735797530_37.5612618801151825|127.1568927663312678_37.5611900970685753|127.1568973175616719_37.5611095444721101|127.1569030236011315_37.5609930670848513|127.1569093441339220_37.5608315651403046|127.1569113397340516_37.5607687500768037|127.1569139119720546_37.5606745476477712|127.1569156008113026_37.5605981443625225|127.1569176926255551_37.5604723059106931|127.1569187926735225_37.5603735263940735|127.1569192637286534_37.5603106266835951|127.1569197450923525_37.5601487873917179|127.1569196039050809_37.5600588952101546|127.1569362682184874_37.5592688607885918|127.1569315224843990_37.5590408597429715|127.1569258709478305_37.5588129111153322|127.1569193129190154_37.5585849727078909|127.1569118484383125_37.5583570623747178|127.1569034774869209_37.5581291624299922|127.1568942000978950_37.5579012905312055|127.1568840162720164_37.5576734379717294|127.1568729260267645_37.5574456135393291|127.1568474885994107_37.5565944961394464|127.1568321091370706_37.5563666922550112|127.1567336886367912_37.5549510932514892
2026-09-04T06:42:24.849833+09:00,고속터미널역,고속터미널역,POI017,KEY_2,1210024802,사평대로,1210037304,서울성모병원앞교차로,127.0034296050644542_37.5022581526050445,1210038702,사평지하차도(동측),127.0064482891770155_37.5033692509684471,295.0,16.0,서행,127.0064482891770155_37.5033692509684471|127.0061744165954849_37.5033231250553598|127.0034296050644542_37.5022581526050445
2026-09-04T06:42:24.849833+09:00,고속터미널역,고속터미널역,POI017,KEY_2,1210024803,사평대로,1210038702,사평지하차도(동측),127.0064482891770155_37.5033692509684471,1210040604,삼호가든사거리,127.0095817026590339_37.5045780976898939,308.0,53.0,원활,127.0095817026590339_37.5045780976898939|127.0064482891770155_37.5033692509684471
2026-09-04T06:42:24.849833+09:00,고속터미널역,고속터미널역,POI017,KEY_2,1210024805,사평대로,1210040601,삼호가든사거리,127.0097441692551996_37.5046292707813649,1210041204,삼호가든사거리,127.0102897902201988_37.5047887051124746,51.0,31.7,원활,127.0102897902201988_37.5047887051124746|127.0097441692551996_37.5046292707813649
2026-09-04T06:42:24.849833+09:00,고속터미널역,고속터미널역,POI017,KEY_2,1210025002,반포대로,1210037303,서울성모병원앞교차로,127.0033082442591308_37.5022080765398869,1210038902,반포대교고가차도(남측),127.0024364070386440_37.5032310155441309,137.0,20.5,서행,127.0024364070386440_37.5032310155441309|127.0033082442591308_37.5022080765398869
2026-09-04T06:42:24.849833+09:00,고속터미널역,고속터미널역,POI017,KEY_2,1210025102,반포대로,1210038901,반포대교고가차도(남측),127.0025493771764218_37.5032909216012982,1210037304,서울성모병원앞교차로,127.0034296050644542_37.5022581526050445,139.0,39.0,원활,127.0034296050644542_37.5022581526050445|127.0025493771764218_37.5032909216012982
2026-09-04T06:42:24.849833+09:00,고속터미널역,고속터미널역,POI017,KEY_2,1210025103,반포대로,1210041702,고속터미널사거리,127.0012498931297387_37.5049984469199771,1210038901,반포대교고가차도(남측),127.0025493771764218_37.5032909216012982,222.0,24.5,서행,127.0025493771764218_37.5032909216012982|127.0024586016355954_37.5035007380121144|127.0014528013214488_37.5047290217636800|127.0012498931297387_37.5049984469199771
2026-09-04T06:42:24.849833+09:00,고속터미널역,고속터미널역,POI017,KEY_2,1210026002,신반포로,1210393600,잠원동 110,127.0031103815705364_37.5056962380394125,1210042704,고속터미널역앞교차로,127.0043174874553813_37.5060735942867041,115.0,22.0,서행,127.0043174874553813_37.5060735942867041|127.0039498594828302_37.5059586709413040|127.0035607575584038_37.5058370330399740|127.0031103815705364_37.5056962380394125
2026-09-04T06:42:24.849833+09:00,고속터미널역,고속터미널역,POI017,KEY_2,1210026102,신반포로,1210286400,반포동 128-4,127.0036103340112561_37.5057363840915414,1210041702,고속터미널사거리,127.0012498931297387_37.5049984469199771,224.0,29.0,원활,127.0012498931297387_37.5049984469199771|127.0018301415136932_37.5051798538655916|127.0031599584830957_37.5055955893836241|127.0036103340112561_37.5057363840915414
2026-09-04T06:42:24.849833+09:00,고속터미널역,고속터미널역,POI017,KEY_2,1210026203,잠원로,1210241200,반포동 20-19,127.0097477330052698_37.5059341675518851,1210043803,고속터미널앞교차로,127.0089859824615246_37.5073365595586097,170.0,28.0,원활,127.0089859824615246_37.5073365595586097|127.0091639478021790_37.5070467103003224|127.0096229461825743_37.5061913923870804|127.0096714148749442_37.5060954381854685|127.0097477330052698_37.5059341675518851
2026-09-04T06:42:24.849833+09:00,고속터미널역,고속터미널역,POI017,KEY_2,1210027501,신반포로23길,1210466500,잠원동 101,127.0042204769171548_37.5065757828190200,1210042701,고속터미널역앞교차로,127.0044442985191040_37.5061121193226654,55.0,17.0,서행,127.0044442985191040_37.5061121193226654|127.0042204769171548_37.5065757828190200
2026-09-04T06:42:24.849833+09:00,고속터미널역,고속터미널역,POI017,KEY_2,1210056500,사평대로,1210447300,최소노드배치점,127.0030994056385509_37.5020573549217744,1210038702,사평지하차도(동측),127.0064482891770155_37.5033692509684471,330.0,58.0,원활,127.0064482891770155_37.5033692509684471|127.0034140730417960_37.5021919946757052|127.0030994056385509_37.5020573549217744
2026-09-04T06:42:24.849833+09:00,고속터미널역,고속터미널역,POI017,KEY_2,1210059800,반포대로,1210443100,최소노드배치점,127.0010419244075166_37.5052271229805498,1210038901,반포대교고가차도(남측),127.0025493771764218_37.5032909216012982,253.0,46.0,원활,127.0025493771764218_37.5032909216012982|127.0013952695996693_37.5047003362471614|127.0011470013501480_37.5050299906587696|127.0010419244075166_37.5052271229805498
2026-09-04T06:42:24.849833+09:00,교대역,교대역,POI018,KEY_3,1210019402,서초중앙로,1210400700,서초동 1748-19,127.0137837728346994_37.4928232437485249,1210031503,법원검찰청앞교차로,127.0136428736489478_37.4936380570639756,91.0,12.0,정체,127.0136428736489478_37.4936380570639756|127.0137434820127851_37.4930562454970726|127.0137837728346994_37.4928232437485249
2026-09-04T06:42:24.849833+09:00,교대역,교대역,POI018,KEY_3,1210019502,서초중앙로,1210243500,서초동 1748-21,127.0140319936997599_37.4921799025374156,1210029901,서초동 1748-21,127.0141756387419036_37.4913491659201199,93.0,18.0,서행,127.0141756387419036_37.4913491659201199|127.0140319936997599_37.4921799025374156
2026-09-04T06:42:24.849833+09:00,교대역,교대역,POI018,KEY_3,1210020203,서초대로,1210269800,서초동 1748-5,127.0124401032801273_37.4933781712096490,1210031504,법원검찰청앞교차로,127.0136216391757529_37.4937475646462133,112.0,25.0,원활,127.0136216391757529_37.4937475646462133|127.0124401032801273_37.4933781712096490
2026-09-04T06:42:24.849833+09:00,교대역,교대역,POI018,KEY_3,1210020303,서초대로,1210269900,서초동 1748-18,127.0124896684601907_37.4932775211786122,1210031002,법원사거리,127.0111725811120351_37.4928657314468339,125.0,10.0,정체,127.0111725811120351_37.4928657314468339|127.0124896684601907_37.4932775211786122
2026-09-04T06:42:24.849833+09:00,교대역,교대역,POI018,KEY_3,1210021002,서초대로,1210031501,법원검찰청앞교차로,127.0137505044271506_37.4937873673853872,1210031804,법원검찰청앞,127.0141601505593627_37.4939128508193633,39.0,3.0,정체,127.0141601505593627_37.4939128508193633|127.0137505044271506_37.4937873673853872
2026-09-04T06:42:24.849833+09:00,교대역,교대역,POI018,KEY_3,1210021102,서초대로,1210031803,법원검찰청앞,127.0142088437567196_37.4938119303480732,1210031502,법원검찰청앞교차로,127.0137728785141036_37.4936783857816565,41.0,34.0,원활,127.0137728785141036_37.4936783857816565|127.0142088437567196_37.4938119303480732
2026-09-04T06:42:24.849833+09:00,교대역,교대역,POI018,KEY_3,1210021103,서초대로,1210140900,서초동 1748-22,127.0156198886122070_37.4942415051054638,1210031802,법원검찰청앞,127.0143396760256138_37.4938518474941844,121.0,38.3,원활,127.0143396760256138_37.4938518474941844|127.0156198886122070_37.4942415051054638
2026-09-04T06:42:24.849833+09:00,교대역,교대역,POI018,KEY_3,1210022402,서초중앙로,1210031504,법원검찰청앞교차로,127.0136216391757529_37.4937475646462133,1210032203,법원검찰청,127.0134993661059184_37.4942865056136014,61.0,20.0,서행,127.0134993661059184_37.4942865056136014|127.0136216391757529_37.4937475646462133
2026-09-04T06:42:24.849833+09:00,교대역,교대역,POI018,KEY_3,1210022502,서초중앙로,1210032202,법원검찰청,127.0136328991116414_37.4943057390382393,1210031501,법원검찰청앞교차로,127.0137505044271506_37.4937873673853872,58.0,17.0,서행,127.0137505044271506_37.4937873673853872|127.0136328991116414_37.4943057390382393
2026-09-04T06:42:24.849833+09:00,교대역,교대역,POI018,KEY_3,1210050700,서초대로48길,1210113300,서초동 1740-14,127.0125465107975629_37.4883574908379344,1210027901,제우교역,127.0127660370921916_37.4878908233688293,55.0,11.0,정체,127.0127660370921916_37.4878908233688293|127.0125465107975629_37.4883574908379344
2026-09-04T06:42:24.849833+09:00,교대역,교대역,POI018,KEY_3,1210051000,사임당로17길,1210486000,최소노드배치점,127.0169832520375053_37.4913577937534228,1210029902,서초동 1748-21,127.0141940883130474_37.4912414223335304,263.0,14.0,정체,127.0141940883130474_37.4912414223335304|127.0143303182462802_37.4912445354333030|127.0148804532487361_37.4913102573158028|127.0168712656599581_37.4915480673583730|127.0169525455043811_37.4913937888368878|127.0169832520375053_37.4913577937534228
2026-09-04T06:42:24.849833+09:00,교대역,교대역,POI018,KEY_3,1210052100,법원로,1210032402,서초동 1704,127.0103123000076977_37.4946878999023383,1210031001,법원사거리,127.0111320342529240_37.4929692006080515,204.0,26.0,원활,127.0111320342529240_37.4929692006080515|127.0103123000076977_37.4946878999023383
2026-09-04T06:42:24.849833+09:00,교대역,교대역,POI018,KEY_3,1210052400,서초대로51길,1210031804,법원검찰청앞,127.0141601505593627_37.4939128508193633,1210032303,교대역(서울2호선),127.0140873902132341_37.4944548234829895,60.0,9.0,정체,127.0140873902132341_37.4944548234829895|127.0141601505593627_37.4939128508193633
2026-09-04T06:42:24.849833+09:00,교대역,교대역,POI018,KEY_3,1210052600,서초중앙로24길,1210032303,교대역(서울2호선),127.0140873902132341_37.4944548234829895,1210032202,법원검찰청,127.0136328991116414_37.4943057390382393,43.0,23.0,서행,127.0136328991116414_37.4943057390382393|127.0140873902132341_37.4944548234829895
2026-09-04T06:42:24.849833+09:00,교대역,교대역,POI018,KEY_3,1210053200,서초중앙로24길,1210248700,서초동 1738-8,127.0153406668385685_37.4948371291268998,1210032302,교대역(서울2호선),127.0142182497646530_37.4944966325160962,106.0,27.0,원활,127.0142182497646530_37.4944966325160962|127.0153338278322650_37.4948365998414204|127.0153406668385685_37.4948371291268998
2026-09-04T06:42:24.849833+09:00,구로디지털단지역,구로디지털단지역,POI019,KEY_4,1160005502,디지털로,1160006404,어린이뉴스,126.8944434284587572_37.4834656171134597,1160002303,디지털1단지교차로,126.8952796424025138_37.4845376205185374,140.0,19.0,서행,126.8952796424025138_37.4845376205185374|126.8951636473394444_37.4843661583925964|126.8944434284587572_37.4834656171134597
2026-09-04T06:42:24.849833+09:00,구로디지털단지역,구로디지털단지역,POI019,KEY_4,1160004101,디지털로26길,1160182400,구로동 235-3,126.8935931802360528_37.4807606268774833,1160005903,한국농어촌방송본사,126.8972776620144600_37.4817867015770929,371.0,26.0,원활,126.8972776620144600_37.4817867015770929|126.8972546690239795_37.4817632720945042|126.8970781120239621_37.4816132813058331|126.8966736205973547_37.4812696497047924|126.8963971171849892_37.4810923909176736|126.8960631019952672_37.4809340381232516|126.8958190562637043_37.4808350735419467|126.8955610312988398_37.4807653113058663|126.8951553490746704_37.4806855758554462|126.8946221264621386_37.4806172167958138|126.8944167558325091_37.4806026749789396|126.8942013826247148_37.4806145973910247|126.8941088673691979_37.4806197186351824|126.8938885593329076_37.4806563244882653|126.8935931802360528_37.4807606268774833
2026-09-04T06:42:24.849833+09:00,구로디지털단지역,구로디지털단지역,POI019,KEY_4,1160004102,디지털로26길,1160005904,한국농어촌방송본사,126.8973489442759188_37.4818787081438316,1160006603,구로단지우체국,126.8985293618348464_37.4836667423166148,225.0,30.0,원활,126.8985293618348464_37.4836667423166148|126.8983856036246465_37.4835653271991660|126.8975996931281429_37.4822973020260690|126.8973489442759188_37.4818787081438316
2026-09-04T06:42:24.849833+09:00,구로디지털단지역,구로디지털단지역,POI019,KEY_4,1160004202,디지털로26길,1160006602,구로단지우체국,126.8986737843152071_37.4836242263360404,1160005901,한국농어촌방송본사,126.8974713835569190_37.4818321294097245,227.0,24.0,서행,126.8974713835569190_37.4818321294097245|126.8977217421889918_37.4822500705583579|126.8984954653475086_37.4834984298665361|126.8986737843152071_37.4836242263360404
2026-09-04T06:42:24.849833+09:00,구로디지털단지역,구로디지털단지역,POI019,KEY_4,1160004303,시흥대로,1160256200,구로동 1135,126.8999774739549480_37.4812299882525295,1200018703,디지털단지입구교차로,126.9010897237599522_37.4825599240928682,177.0,52.0,원활,126.9010897237599522_37.4825599240928682|126.9008921655430981_37.4823237046259621|126.9005066114061293_37.4818626940330404|126.8999774739549480_37.4812299882525295
2026-09-04T06:42:24.849833+09:00,구로디지털단지역,구로디지털단지역,POI019,KEY_4,1160004700,디지털로,1160001704,서남투데이,126.8924872692041674_37.4815738080084557,1160002003,구로남초교입구교차로,126.8934086030634347_37.4823270181535548,117.0,9.0,정체,126.8934086030634347_37.4823270181535548|126.8924872692041674_37.4815738080084557
2026-09-04T06:42:24.849833+09:00,구로디지털단지역,구로디지털단지역,POI019,KEY_4,1160004800,디지털로,1160002002,구로남초교입구교차로,126.8935057566591382_37.4822515463757284,1160001701,서남투데이,126.8925844222859496_37.4814983374191328,117.0,31.0,원활,126.8925844222859496_37.4814983374191328|126.8935057566591382_37.4822515463757284
2026-09-04T06:42:24.849833+09:00,구로디지털단지역,구로디지털단지역,POI019,KEY_4,1160005100,디지털로32길,1160122600,구로동 814,126.8994064931689536_37.4833014519814824,1160006602,구로단지우체국,126.8986737843152071_37.4836242263360404,74.0,23.0,서행,126.8986737843152071_37.4836242263360404|126.8994064931689536_37.4833014519814824
2026-09-04T06:42:24.849833+09:00,구로디지털단지역,구로디지털단지역,POI019,KEY_4,1160005200,디지털로32길,1160152700,구로동 1125-12,126.9004969408632348_37.4829446144700782,1200018704,디지털단지입구교차로,126.9011652276891908_37.4826502033151101,68.0,28.0,원활,126.9011652276891908_37.4826502033151101|126.9004969408632348_37.4829446144700782
2026-09-04T06:42:24.849833+09:00,구로디지털단지역,구로디지털단지역,POI019,KEY_4,1160005501,디지털로,1160002004,구로남초교입구교차로,126.8934972340672545_37.4824088818278227,1160006403,어린이뉴스,126.8943678431792534_37.4833758245411133,132.0,11.0,정체,126.8943678431792534_37.4833758245411133|126.8936855370631349_37.4826055748467724|126.8934972340672545_37.4824088818278227
2026-09-04T06:42:24.849833+09:00,구로디지털단지역,구로디지털단지역,POI019,KEY_4,1160005601,디지털로,1160006402,어린이뉴스,126.8944792413172991_37.4833140985581466,1160002001,구로남초교입구교차로,126.8936051022042761_37.4823433008935680,133.0,10.0,정체,126.8936051022042761_37.4823433008935680|126.8937949293671466_37.4825415854034105|126.8944792413172991_37.4833140985581466
2026-09-04T06:42:24.849833+09:00,구로디지털단지역,구로디지털단지역,POI019,KEY_4,1160005602,디지털로,1160002302,디지털1단지교차로,126.8953985916931799_37.4844856024406567,1160006401,어린이뉴스,126.8945549359889640_37.4834038701793091,141.0,21.0,서행,126.8945549359889640_37.4834038701793091|126.8952807267612286_37.4843113764102185|126.8953985916931799_37.4844856024406567
2026-09-04T06:42:24.849833+09:00,구로디지털단지역,구로디지털단지역,POI019,KEY_4,1160005701,시흥대로,1200018704,디지털단지입구교차로,126.9011652276891908_37.4826502033151101,1200019603,강남우신병원,126.9022120415721275_37.4839018397197421,167.0,14.3,정체,126.9022120415721275_37.4839018397197421|126.9019032146348849_37.4835325921695102|126.9016526150941928_37.4832329606700370|126.9011652276891908_37.4826502033151101
2026-09-04T06:42:24.849833+09:00,구로디지털단지역,구로디지털단지역,POI019,KEY_4,1160005801,시흥대로,1200064500,신림동 1674-1,126.9017655141786207_37.4831729969411924,1200018701,디지털단지입구교차로,126.9012781259227296_37.4825902402013185,78.0,15.0,서행,126.9012781259227296_37.4825902402013185|126.9017655141786207_37.4831729969411924
2026-09-04T06:42:24.849833+09:00,구로디지털단지역,구로디지털단지역,POI019,KEY_4,1160005900,디지털로32길,1160264900,구로동 218,126.8962716907271044_37.4841177503565461,1160002302,디지털1단지교차로,126.8953985916931799_37.4844856024406567,87.0,12.0,정체,126.8953985916931799_37.4844856024406567|126.8962716907271044_37.4841177503565461
2026-09-04T06:42:24.849833+09:00,구로디지털단지역,구로디지털단지역,POI019,KEY_4,1160006000,디지털로32길,1160173800,구로동 188-15,126.8974394243345927_37.4838718295493152,1160006604,구로단지우체국,126.8986238179200399_37.4837566500810055,106.0,12.0,정체,126.8986238179200399_37.4837566500810055|126.8984122660177007_37.4838087376831908|126.8978251818164011_37.4838468129254636|126.8974394243345927_37.4838718295493152
2026-09-04T06:42:24.849833+09:00,구로디지털단지역,구로디지털단지역,POI019,KEY_4,1160006103,디지털로27길,1160002003,구로남초교입구교차로,126.8934086030634347_37.4823270181535548,1160006503,이-스페이스,126.8917305812735350_37.4835423141444153,201.0,20.5,서행,126.8917305812735350_37.4835423141444153|126.8918104893524088_37.4834371883227107|126.8934086030634347_37.4823270181535548
2026-09-04T06:42:24.849833+09:00,구로디지털단지역,구로디지털단지역,POI019,KEY_4,1160006203,디지털로27길,1160006901,구로3동천주교회,126.8896190447517682_37.4843226177104896,1160006501,이-스페이스,126.8917578654632479_37.4836791360871544,203.0,17.0,서행,126.8917578654632479_37.4836791360871544|126.8916170526133698_37.4837566784791747|126.8915711466728595_37.4837819577517237|126.8912685166112908_37.4839067656981442|126.8910233054121477_37.4839828362498082|126.8910049520434455_37.4839872772442035|126.8906410941285969_37.4840753198361085|126.8896190447517682_37.4843226177104896
2026-09-04T06:42:24.849833+09:00,구로디지털단지역,구로디지털단지역,POI019,KEY_4,1160006204,디지털로27길,1160006502,이-스페이스,126.8918485125667104_37.4835958539846601,1160002004,구로남초교입구교차로,126.8934972340672545_37.4824088818278227,197.0,11.0,정체,126.8934972340672545_37.4824088818278227|126.8919155820691032_37.4835076181120002|126.8918485125667104_37.4835958539846601
2026-09-04T06:42:24.849833+09:00,구로디지털단지역,구로디지털단지역,POI019,KEY_4,1160006701,디지털로,1160002304,디지털1단지교차로,126.8953435093039275_37.4846330611772203,1160007703,롯데시티호텔(구로),126.8962470857265714_37.4858199893710164,154.0,33.0,원활,126.8962470857265714_37.4858199893710164|126.8954956195910313_37.4848627394576752|126.8953435093039275_37.4846330611772203
2026-09-04T06:42:24.849833+09:00,구로디지털단지역,구로디지털단지역,POI019,KEY_4,1160006801,디지털로,1160007702,롯데시티호텔(구로),126.8963657610801619_37.4857672925145806,1160002301,디지털1단지교차로,126.8954624472248867_37.4845810017210894,154.0,26.0,원활,126.8954624472248867_37.4845810017210894|126.8956132886323047_37.4848087640744083|126.8963657610801619_37.4857672925145806
2026-09-04T06:42:24.849833+09:00,구로디지털단지역,구로디지털단지역,POI019,KEY_4,1160006802,디지털로,1160275600,구로동 181-23,126.8972347051497280_37.4868941980659827,1160007701,롯데시티호텔(구로),126.8964372409138690_37.4858591948314981,135.0,22.0,서행,126.8964372409138690_37.4858591948314981|126.8970469168106519_37.4866504766744626|126.8972347051497280_37.4868941980659827
2026-09-04T06:42:24.849833+09:00,구로디지털단지역,구로디지털단지역,POI019,KEY_4,1160020300,디지털로30길,1160005903,한국농어촌방송본사,126.8972776620144600_37.4817867015770929,1160006402,어린이뉴스,126.8944792413172991_37.4833140985581466,300.0,20.0,서행,126.8944792413172991_37.4833140985581466|126.8948413059893596_37.4831095502286615|126.8956357623937805_37.4826388020315520|126.8971832914315030_37.4818345023029238|126.8972776620144600_37.4817867015770929
2026-09-04T06:42:24.849833+09:00,구로디지털단지역,구로디지털단지역,POI019,KEY_4,1160020400,디지털로30길,1160006401,어린이뉴스,126.8945549359889640_37.4834038701793091,1160005904,한국농어촌방송본사,126.8973489442759188_37.4818787081438316,300.0,5.0,정체,126.8973489442759188_37.4818787081438316|126.8972567421730275_37.4819254112818570|126.8957133712641507_37.4827275496055634|126.8949210281995477_37.4831970450921332|126.8945549359889640_37.4834038701793091
2026-09-04T06:42:24.849833+09:00,구로디지털단지역,구로디지털단지역,POI019,KEY_4,1160020700,디지털로29길,1160006403,어린이뉴스,126.8943678431792534_37.4833758245411133,1160007002,이투뉴스,126.8926060338410196_37.4843334001185298,189.0,7.0,정체,126.8926060338410196_37.4843334001185298|126.8943678431792534_37.4833758245411133
2026-09-04T06:42:24.849833+09:00,구로디지털단지역,구로디지털단지역,POI019,KEY_4,1160020800,디지털로29길,1160007001,이투뉴스,126.8926819657823302_37.4844230047648566,1160006404,어린이뉴스,126.8944434284587572_37.4834656171134597,189.0,13.0,정체,126.8944434284587572_37.4834656171134597|126.8926819657823302_37.4844230047648566
2026-09-04T06:42:24.849833+09:00,구로디지털단지역,구로디지털단지역,POI019,KEY_4,1160020900,디지털로27가길,1160007002,이투뉴스,126.8926060338410196_37.4843334001185298,1160006502,이-스페이스,126.8918485125667104_37.4835958539846601,107.0,20.0,서행,126.8918485125667104_37.4835958539846601|126.8919599002950918_37.4836464229215878|126.8920939703165516_37.4837502631997097|126.8921680859276364_37.4838346666103917|126.8926060338410196_37.4843334001185298
2026-09-04T06:42:24.849833+09:00,구로디지털단지역,구로디지털단지역,POI019,KEY_4,1160021000,디지털로27가길,1160127000,구로동 252-63,126.8920569215520828_37.4838966556500779,1160007003,이투뉴스,126.8924948692016841_37.4843953895049040,68.0,22.5,서행,126.8924948692016841_37.4843953895049040|126.8920569215520828_37.4838966556500779
2026-09-04T06:42:24.849833+09:00,구로디지털단지역,구로디지털단지역,POI019,KEY_4,1160021100,시흥대로,1160226100,구로동 1124-77,126.9015770566548156_37.4842913595505109,1160007102,구로디지털단지역,126.9014162506018835_37.4848180029825926,61.0,16.0,서행,126.9014162506018835_37.4848180029825926|126.9014866605190690_37.4844597741793351|126.9015502373806186_37.4843238082773027|126.9015770566548156_37.4842913595505109
2026-09-04T06:42:24.849833+09:00,구로디지털단지역,구로디지털단지역,POI019,KEY_4,1160021600,디지털로27가길,1160007503,동작벼룩시장,126.8934530051471086_37.4853665929568365,1160007001,이투뉴스,126.8926819657823302_37.4844230047648566,125.0,25.0,원활,126.8926819657823302_37.4844230047648566|126.8934530051471086_37.4853665929568365
2026-09-04T06:42:24.849833+09:00,구로디지털단지역,구로디지털단지역,POI019,KEY_4,1160021700,디지털로27가길,1160007004,이투뉴스,126.8925682669420922_37.4844820023724665,1160007504,동작벼룩시장,126.8933353461741689_37.4854207480942847,124.0,26.0,원활,126.8933353461741689_37.4854207480942847|126.8925682669420922_37.4844820023724665
2026-09-04T06:42:24.849833+09:00,구로디지털단지역,구로디지털단지역,POI019,KEY_4,1160021900,디지털로31길,1160002303,디지털1단지교차로,126.8952796424025138_37.4845376205185374,1160007503,동작벼룩시장,126.8934530051471086_37.4853665929568365,186.0,12.0,정체,126.8934530051471086_37.4853665929568365|126.8952796424025138_37.4845376205185374
2026-09-04T06:42:24.849833+09:00,구로디지털단지역,구로디지털단지역,POI019,KEY_4,1160022000,디지털로31길,1160007502,동작벼룩시장,126.8935268697175616_37.4854574967908860,1160002304,디지털1단지교차로,126.8953435093039275_37.4846330611772203,185.0,17.0,서행,126.8953435093039275_37.4846330611772203|126.8935268697175616_37.4854574967908860
2026-09-04T06:42:24.849833+09:00,구로디지털단지역,구로디지털단지역,POI019,KEY_4,1160022100,디지털로34길,1160006604,구로단지우체국,126.8986238179200399_37.4837566500810055,1160007702,롯데시티호텔(구로),126.8963657610801619_37.4857672925145806,328.0,14.0,정체,126.8963657610801619_37.4857672925145806|126.8982267387187051_37.4848363408960239|126.8983738715280793_37.4847418499824627|126.8984734048972740_37.4846451213332514|126.8985743992566171_37.4845003998530188|126.8986311369851876_37.4843455994852945|126.8986930392562584_37.4840401198066218|126.8986689418290013_37.4838515866000037|126.8986238179200399_37.4837566500810055
2026-09-04T06:42:24.849833+09:00,구로디지털단지역,구로디지털단지역,POI019,KEY_4,1160022200,디지털로34길,1160007701,롯데시티호텔(구로),126.8964372409138690_37.4858591948314981,1160006601,구로단지우체국,126.8987489435907605_37.4837146589600820,345.0,22.0,서행,126.8987489435907605_37.4837146589600820|126.8988021200996457_37.4838265373868396|126.8988298283918681_37.4840433148602798|126.8987637368247903_37.4843694655542663|126.8987003707336925_37.4845423516443788|126.8985860552682681_37.4847061631695553|126.8984699121090074_37.4848190336163043|126.8983056516939598_37.4849245247307650|126.8964372409138690_37.4858591948314981
2026-09-04T06:42:24.849833+09:00,구로디지털단지역,구로디지털단지역,POI019,KEY_4,1160022400,시흥대로,1160007102,구로디지털단지역,126.9014162506018835_37.4848180029825926,1160007800,구로디지털단지역3번출구,126.9002348002063911_37.4856322056448832,149.0,23.0,서행,126.9002348002063911_37.4856322056448832|126.9004417563574947_37.4852283060631208|126.9005017145782830_37.4851329992872735|126.9006094867249743_37.4850758759866665|126.9011063006316675_37.4849141862083783|126.9014162506018835_37.4848180029825926
2026-09-04T06:42:24.849833+09:00,구로디지털단지역,구로디지털단지역,POI019,KEY_4,1160023400,디지털로31길,1160159500,구로동 197-57,126.8926750779697272_37.4858537636431279,1160007505,동작벼룩시장,126.8934091963354831_37.4855115845585587,75.0,20.0,서행,126.8934091963354831_37.4855115845585587|126.8926750779697272_37.4858537636431279
2026-09-04T06:42:24.849833+09:00,구로디지털단지역,구로디지털단지역,POI019,KEY_4,1160024201,디지털로33길,1160007507,구로동170-6,126.8944821374542471_37.4866390404158096,1160007502,동작벼룩시장,126.8935268697175616_37.4854574967908860,156.0,23.0,서행,126.8935268697175616_37.4854574967908860|126.8944821374542471_37.4866390404158096
2026-09-04T06:42:24.849833+09:00,구로디지털단지역,구로디지털단지역,POI019,KEY_4,1160024202,디지털로33길,1160007703,롯데시티호텔(구로),126.8962470857265714_37.4858199893710164,1160007507,구로동170-6,126.8944821374542471_37.4866390404158096,181.0,9.0,정체,126.8944821374542471_37.4866390404158096|126.8958791004022544_37.4859657126565011|126.8962470857265714_37.4858199893710164
2026-09-04T06:42:24.849833+09:00,구로디지털단지역,구로디지털단지역,POI019,KEY_4,1160024301,디지털로33길,1160007506,구로동170-6,126.8946532528574238_37.4866829253835476,1160007704,롯데시티호텔(구로),126.8963189246829302_37.4859122766495005,170.0,23.0,서행,126.8963189246829302_37.4859122766495005|126.8959445157643557_37.4860605446026938|126.8946532528574238_37.4866829253835476
2026-09-04T06:42:24.849833+09:00,구로디지털단지역,구로디지털단지역,POI019,KEY_4,1160024302,디지털로33길,1160007505,동작벼룩시장,126.8934091963354831_37.4855115845585587,1160007508,구로동170-6,126.8943602466473664_37.4866879141360343,155.0,20.0,서행,126.8943602466473664_37.4866879141360343|126.8934091963354831_37.4855115845585587
2026-09-04T06:42:24.849833+09:00,구로디지털단지역,구로디지털단지역,POI019,KEY_4,1200006500,조원로,1200064000,신림동 1675-8,126.9029897960255653_37.4834956199973774,1200019602,강남우신병원,126.9023243042701239_37.4838411132313780,70.0,14.0,정체,126.9023243042701239_37.4838411132313780|126.9028094961459772_37.4835667668525545|126.9029503679733324_37.4835056834624254|126.9029897960255653_37.4834956199973774
2026-09-04T06:42:24.849833+09:00,구로디지털단지역,구로디지털단지역,POI019,KEY_4,1200010401,봉천로,1200101300,최소노드배치점,126.9048781530148204_37.4848031964909509,1160007800,구로디지털단지역3번출구,126.9002348002063911_37.4856322056448832,430.0,37.0,원활,126.9002348002063911_37.4856322056448832|126.9007586758196879_37.4853704156801228|126.9011403150620083_37.4852098210022149|126.9015443650774131_37.4850671233676280|126.9018586044769989_37.4849720275228933|126.9022849956394339_37.4849008634215295|126.9026739605597101_37.4848535058282195|126.9033022188487507_37.4848301828163599|126.9048781530148204_37.4848031964909509
2026-09-04T06:42:24.849833+09:00,구로역,구로역,POI020,KEY_1,1160002305,경인로,1160034502,구로기계공구상가단지,126.8784152415114903_37.5021440736997747,1160036403,구로역교차로,126.8796656821958493_37.5030673368874119,151.0,15.0,서행,126.8796656821958493_37.5030673368874119|126.8784152415114903_37.5021440736997747
2026-09-04T06:42:24.849833+09:00,구로역,구로역,POI020,KEY_1,1160002404,경인로,1160036402,구로역교차로,126.8798498461747783_37.5029085407338769,1160034801,구로지하차도(남측),126.8783029444020514_37.5018416464907460,182.0,36.0,원활,126.8783029444020514_37.5018416464907460|126.8785027898019990_37.5019153329666537|126.8798498461747783_37.5029085407338769
2026-09-04T06:42:24.849833+09:00,구로역,구로역,POI020,KEY_1,1160002702,경인로,1160036404,구로역교차로,126.8797656740501054_37.5031404717325572,1160037802,구로지하차도(북측),126.8814935704587299_37.5043183305166821,202.0,25.0,원활,126.8814935704587299_37.5043183305166821|126.8812468828441808_37.5042127918201231|126.8797656740501054_37.5031404717325572
2026-09-04T06:42:24.849833+09:00,구로역,구로역,POI020,KEY_1,1160002703,경인로,1160037802,구로지하차도(북측),126.8814935704587299_37.5043183305166821,1160040905,신도림동사무소,126.8835127714082347_37.5057700823748021,240.0,50.0,원활,126.8835127714082347_37.5057700823748021|126.8814935704587299_37.5043183305166821
2026-09-04T06:42:24.849833+09:00,구로역,구로역,POI020,KEY_1,1160002802,경인로,1160037801,구로지하차도(북측),126.8815846697612244_37.5042381878289319,1160036401,구로역교차로,126.8799498591355785_37.5029816276734707,202.0,34.5,원활,126.8799498591355785_37.5029816276734707|126.8814294227990160_37.5040527548736691|126.8815846697612244_37.5042381878289319
2026-09-04T06:42:24.849833+09:00,구로역,구로역,POI020,KEY_1,1160002803,경인로,1160040904,신도림동사무소,126.8836036985089919_37.5056898153755398,1160037801,구로지하차도(북측),126.8815846697612244_37.5042381878289319,240.0,14.0,정체,126.8815846697612244_37.5042381878289319|126.8836036985089919_37.5056898153755398
2026-09-04T06:42:24.849833+09:00,구로역,구로역,POI020,KEY_1,1160012304,구로동로,1160154900,구로동 462-1,126.8824091172900097_37.4994610619746851,1160004304,AK플라자앞교차로,126.8824439152142389_37.5006446548789327,132.0,25.0,원활,126.8824439152142389_37.5006446548789327|126.8823951197181117_37.5002205163018019|126.8824051244391882_37.4996777003701851|126.8824091172900097_37.4994610619746851
2026-09-04T06:42:24.849833+09:00,구로역,구로역,POI020,KEY_1,1160013702,구로중앙로,1160050102,지하차도(서측),126.8835148282346239_37.4996233978199669,1160004303,AK플라자앞교차로,126.8825668705374738_37.5005288608787382,131.0,45.3,원활,126.8825668705374738_37.5005288608787382|126.8828710307459176_37.5002468361621055|126.8829505981381516_37.5001648826779288|126.8832376273967526_37.4998512991191930|126.8835148282346239_37.4996233978199669
2026-09-04T06:42:24.849833+09:00,구로역,구로역,POI020,KEY_1,1160013801,구로중앙로,1160031302,AK플라자앞,126.8830602464456945_37.5002285892838003,1160050101,지하차도(서측),126.8836055631120132_37.4996996362300692,76.0,31.0,원활,126.8836055631120132_37.4996996362300692|126.8835971196618289_37.4997111069201736|126.8833416853714908_37.4999211136327162|126.8830602464456945_37.5002285892838003
2026-09-04T06:42:24.849833+09:00,구로역,구로역,POI020,KEY_1,1160013802,구로중앙로,1160004302,AK플라자앞교차로,126.8826698006300973_37.5005993241719082,1160031301,AK플라자앞,126.8829739607386529_37.5003172991934548,41.0,15.0,서행,126.8829739607386529_37.5003172991934548|126.8826698006300973_37.5005993241719082
2026-09-04T06:42:24.849833+09:00,구로역,구로역,POI020,KEY_1,1160014701,구로중앙로,1160004304,AK플라자앞교차로,126.8824439152142389_37.5006446548789327,1160036402,구로역교차로,126.8798498461747783_37.5029085407338769,341.0,38.0,원활,126.8798498461747783_37.5029085407338769|126.8802195515829396_37.5025788447226205|126.8808010888238442_37.5020186292574849|126.8812049630685976_37.5016737266998490|126.8822093574845837_37.5008862202708784|126.8824439152142389_37.5006446548789327
2026-09-04T06:42:24.849833+09:00,구로역,구로역,POI020,KEY_1,1160014801,구로중앙로,1160036401,구로역교차로,126.8799498591355785_37.5029816276734707,1160004301,AK플라자앞교차로,126.8825512540485363_37.5007108111362015,342.0,19.0,서행,126.8825512540485363_37.5007108111362015|126.8823110851922564_37.5009581561256553|126.8813022193148470_37.5017491701350210|126.8809030844676187_37.5020900259782337|126.8803224434791872_37.5026493166134713|126.8799498591355785_37.5029816276734707
2026-09-04T06:42:24.849833+09:00,구로역,구로역,POI020,KEY_1,1160016002,구로중앙로,1160318200,구로동 604-15,126.8787840193907925_37.5039589067442876,1160036404,구로역교차로,126.8797656740501054_37.5031404717325572,126.0,24.0,서행,126.8797656740501054_37.5031404717325572|126.8787840193907925_37.5039589067442876
2026-09-04T06:42:24.849833+09:00,구로역,구로역,POI020,KEY_1,1160060200,구로중앙로34길,1160032903,영림빌딩,126.8848678729358284_37.5007540665173380,1160031302,AK플라자앞,126.8830602464456945_37.5002285892838003,170.0,30.0,원활,126.8830602464456945_37.5002285892838003|126.8837347429068956_37.5004481416141644|126.8841599860697329_37.5005629512532863|126.8848678729358284_37.5007540665173380
2026-09-04T06:42:24.849833+09:00,구로역,구로역,POI020,KEY_1,1160064101,새말로,1160201200,구로동 496-128,126.8828911595734468_37.5019979620272395,1160049101,애경백화점주차장입구,126.8827564584221506_37.5019420651198843,13.0,12.0,정체,126.8827564584221506_37.5019420651198843|126.8828911595734468_37.5019979620272395
2026-09-04T06:42:24.849833+09:00,구로역,구로역,POI020,KEY_1,1160064201,새말로,1160241300,구로동 566-16,126.8835953818400526_37.5024120971290884,1160049204,구로롯데아파트앞,126.8843917579443570_37.5027425563835806,79.0,35.0,원활,126.8843917579443570_37.5027425563835806|126.8839858571494403_37.5025741273609654|126.8835953818400526_37.5024120971290884
2026-09-04T06:42:24.849833+09:00,구로역,구로역,POI020,KEY_1,1160067300,경인로,1160037801,구로지하차도(북측),126.8815846697612244_37.5042381878289319,1160034801,구로지하차도(남측),126.8783029444020514_37.5018416464907460,394.0,49.0,원활,126.8783029444020514_37.5018416464907460|126.8798550910123879_37.5029860650246718|126.8815846697612244_37.5042381878289319
2026-09-04T06:42:24.849833+09:00,구로역,구로역,POI020,KEY_1,1160067400,경인로,1160034802,구로지하차도(남측),126.8782114750291896_37.5019215141120696,1160037802,구로지하차도(북측),126.8814935704587299_37.5043183305166821,394.0,49.7,원활,126.8814935704587299_37.5043183305166821|126.8797633638207003_37.5030657520983226|126.8782114750291896_37.5019215141120696
2026-09-04T06:42:24.849833+09:00,구로역,구로역,POI020,KEY_1,1160088400,벚꽃로,1160048902,새말고가교(남측),126.8808562236643098_37.5011540117632762,1160049002,새말고가교(북측),126.8821621334058420_37.5018170387463314,138.0,40.0,원활,126.8821621334058420_37.5018170387463314|126.8818108904469000_37.5016871323605017|126.8813106955592787_37.5014691137450953|126.8810384845925938_37.5012995869694592|126.8808562236643098_37.5011540117632762
2026-09-04T06:42:24.849833+09:00,구로역,구로역,POI020,KEY_1,1160088600,벚꽃로,1160049001,새말고가교(북측),126.8822220968000352_37.5017200764814689,1160048901,새말고가교(남측),126.8809607714558467_37.5010859028210248,133.0,39.0,원활,126.8809607714558467_37.5010859028210248|126.8811286565910166_37.5012185106669875|126.8813855473329824_37.5013784964260068|126.8818721077834653_37.5015905715778359|126.8822220968000352_37.5017200764814689
2026-09-04T06:42:24.849833+09:00,구로역,구로역,POI020,KEY_1,1160088800,새말로,1160049101,애경백화점주차장입구,126.8827564584221506_37.5019420651198843,1160004301,AK플라자앞교차로,126.8825512540485363_37.5007108111362015,195.0,17.0,서행,126.8825512540485363_37.5007108111362015|126.8825109701480471_37.5008058644173587|126.8820157985044403_37.5012387302059977|126.8819625479276567_37.5013452749619560|126.8819309554534556_37.5014560949871125|126.8819419585757373_37.5014967665556327|126.8819931567736461_37.5015712443604912|126.8821845449758428_37.5016717109843896|126.8825234212579574_37.5018237696641208|126.8827564584221506_37.5019420651198843
2026-09-04T06:42:24.849833+09:00,구로역,구로역,POI020,KEY_1,1160088900,새말로,1160049002,새말고가교(북측),126.8821621334058420_37.5018170387463314,1160049102,애경백화점주차장입구,126.8826937386913443_37.5020379469097875,53.0,23.0,서행,126.8826937386913443_37.5020379469097875|126.8821621334058420_37.5018170387463314
2026-09-04T06:42:24.849833+09:00,구로역,구로역,POI020,KEY_1,1160089000,새말로,1160049101,애경백화점주차장입구,126.8827564584221506_37.5019420651198843,1160049001,새말고가교(북측),126.8822220968000352_37.5017200764814689,53.0,12.0,정체,126.8822220968000352_37.5017200764814689|126.8827564584221506_37.5019420651198843
2026-09-04T06:42:24.849833+09:00,군자역,군자역,POI021,KEY_2,1040004403,천호대로,1040058200,중곡동 661,127.0806872902272744_37.5567588534684162,1040024504,속성변화점,127.0817853905452353_37.5563326894010103,108.0,20.0,서행,127.0817853905452353_37.5563326894010103|127.0806872902272744_37.5567588534684162
2026-09-04T06:42:24.849833+09:00,군자역,군자역,POI021,KEY_2,1040004301,천호대로,1040074800,능동 256-16,127.0831087283005871_37.5557047588145991,1040024502,하나은행중곡동지점,127.0818480980083507_37.5561883471965672,124.0,21.5,서행,127.0818480980083507_37.5561883471965672|127.0831087283005871_37.5557047588145991
2026-09-04T06:42:24.849833+09:00,군자역,군자역,POI021,KEY_2,1040004302,천호대로,1040058100,능동 265-10,127.0806277800777764_37.5566616664993660,1040001902,군자역사거리,127.0795348266652240_37.5570858179850333,107.0,43.0,원활,127.0795348266652240_37.5570858179850333|127.0806277800777764_37.5566616664993660
2026-09-04T06:42:24.849833+09:00,군자역,군자역,POI021,KEY_2,1040004701,천호대로,1040001903,군자역사거리,127.0794124264596832_37.5571326952658282,1040024802,군자역(서울5호선),127.0787410926408967_37.5573863002999602,66.0,7.0,정체,127.0787410926408967_37.5573863002999602|127.0794124264596832_37.5571326952658282
2026-09-04T06:42:24.849833+09:00,군자역,군자역,POI021,KEY_2,1040004702,천호대로,1040024803,군자역(서울5호선),127.0786186884951690_37.5574334057867176,1040025102,군자동 484,127.0770083487010851_37.5580635804755758,159.0,35.0,원활,127.0770083487010851_37.5580635804755758|127.0781748461028542_37.5576070980020376|127.0786186884951690_37.5574334057867176
2026-09-04T06:42:24.849833+09:00,군자역,군자역,POI021,KEY_2,1040004801,천호대로,1040118000,중곡동 661,127.0782347592370058_37.5577041280935759,1040001904,군자역사거리,127.0794679514587244_37.5572313947359646,121.0,48.3,원활,127.0794679514587244_37.5572313947359646|127.0787993147264672_37.5574839809709218|127.0786786020649828_37.5575304356554085|127.0782347592370058_37.5577041280935759
2026-09-04T06:42:24.849833+09:00,군자역,군자역,POI021,KEY_2,1040005003,천호대로,1040080100,중곡동 660,127.0762266121017348_37.5585010016227940,1040025104,중곡동 660,127.0769419301756358_37.5582109206187056,71.0,52.0,원활,127.0769419301756358_37.5582109206187056|127.0762266121017348_37.5585010016227940
2026-09-04T06:42:24.849833+09:00,군자역,군자역,POI021,KEY_2,1040014201,능동로,1040050700,군자동 47-1,127.0779016230986826_37.5543875146911716,1040024403,능동119안전센터,127.0784794280852879_37.5554353109497256,127.0,26.0,원활,127.0784794280852879_37.5554353109497256|127.0779016230986826_37.5543875146911716
2026-09-04T06:42:24.849833+09:00,군자역,군자역,POI021,KEY_2,1040014202,능동로,1040024404,능동119안전센터,127.0785327914266389_37.5555337392588058,1040024603,능동시장입구,127.0790245738390212_37.5564603311063223,112.0,20.0,서행,127.0790245738390212_37.5564603311063223|127.0785327914266389_37.5555337392588058
2026-09-04T06:42:24.849833+09:00,군자역,군자역,POI021,KEY_2,1040014203,능동로,1040024604,능동시장입구,127.0790796723156575_37.5565593130955548,1040001903,군자역사거리,127.0794124264596832_37.5571326952658282,70.0,18.5,서행,127.0794124264596832_37.5571326952658282|127.0790796723156575_37.5565593130955548
2026-09-04T06:42:24.849833+09:00,군자역,군자역,POI021,KEY_2,1040014302,능동로,1040001902,군자역사거리,127.0795348266652240_37.5570858179850333,1040024401,능동119안전센터,127.0786578909075786_37.5554916575915527,193.0,18.0,서행,127.0786578909075786_37.5554916575915527|127.0791496745905675_37.5564182489232010|127.0792029604481144_37.5565139666780041|127.0795348266652240_37.5570858179850333
2026-09-04T06:42:24.849833+09:00,군자역,군자역,POI021,KEY_2,1040014401,군자로,1040051100,군자동 498,127.0773859030467037_37.5559192589275526,1040024703,군자동 498,127.0781418254503308_37.5568150974500838,120.0,26.3,원활,127.0781418254503308_37.5568150974500838|127.0773859030467037_37.5559192589275526
2026-09-04T06:42:24.849833+09:00,군자역,군자역,POI021,KEY_2,1040014402,군자로,1040024704,군자동 473-17,127.0782167648829954_37.5569063842871316,1040024803,군자역(서울5호선),127.0786186884951690_37.5574334057867176,68.0,18.0,서행,127.0786186884951690_37.5574334057867176|127.0785251045072073_37.5572958312944110|127.0782167648829954_37.5569063842871316
2026-09-04T06:42:24.849833+09:00,군자역,군자역,POI021,KEY_2,1040014502,군자로,1040024802,군자역(서울5호선),127.0787410926408967_37.5573863002999602,1040024701,군자동 478-3,127.0783391267993352_37.5568581661630958,69.0,12.0,정체,127.0783391267993352_37.5568581661630958|127.0786423903673494_37.5572412023606361|127.0787410926408967_37.5573863002999602
2026-09-04T06:42:24.849833+09:00,군자역,군자역,POI021,KEY_2,1040014601,면목로,1040043600,군자동 55-1,127.0761006675665499_37.5566678876701872,1040024903,덕산빌딩,127.0765332367497393_37.5574279966482294,93.0,25.0,원활,127.0765332367497393_37.5574279966482294|127.0763146059258020_37.5570463247497557|127.0761146941674156_37.5566973276250238|127.0761006675665499_37.5566678876701872
2026-09-04T06:42:24.849833+09:00,군자역,군자역,POI021,KEY_2,1040014602,면목로,1040024904,덕산빌딩,127.0765850070330600_37.5575232608000391,1040025103,군자동 484,127.0768865082141730_37.5581120561590538,71.0,24.7,서행,127.0768865082141730_37.5581120561590538|127.0765850070330600_37.5575232608000391
2026-09-04T06:42:24.849833+09:00,군자역,군자역,POI021,KEY_2,1040014702,면목로,1040025102,군자동 484,127.0770083487010851_37.5580635804755758,1040024901,덕산빌딩,127.0767107698767973_37.5574824468424708,70.0,15.0,서행,127.0767107698767973_37.5574824468424708|127.0770083487010851_37.5580635804755758
2026-09-04T06:42:24.849833+09:00,군자역,군자역,POI021,KEY_2,1040015301,능동로,1040100200,중곡동 672,127.0799523671894633_37.5578476892915063,1040001901,군자역사거리,127.0795904427961460_37.5571845162377826,80.0,22.0,서행,127.0795904427961460_37.5571845162377826|127.0799523671894633_37.5578476892915063
2026-09-04T06:42:24.849833+09:00,군자역,군자역,POI021,KEY_2,1040015700,면목로,1040117400,중곡동 669,127.0774452742331562_37.5588289367580259,1040025101,중곡동 659,127.0770633897610651_37.5581625172458260,81.0,15.0,서행,127.0770633897610651_37.5581625172458260|127.0772236884223787_37.5584272094132317|127.0774452742331562_37.5588289367580259
2026-09-04T06:42:24.849833+09:00,군자역,군자역,POI021,KEY_2,1040036900,천호대로112길,1040113400,능동 265-12,127.0811761263330339_37.5550588496486881,1040024301,능동행정복지센터,127.0808961978493130_37.5546000541827141,57.0,20.0,서행,127.0808961978493130_37.5546000541827141|127.0810767106879382_37.5548917415527583|127.0811761263330339_37.5550588496486881
2026-09-04T06:42:24.849833+09:00,군자역,군자역,POI021,KEY_2,1040037000,천호대로112길,1040031900,능동 265-12,127.0813512873793627_37.5556058644750337,1040024503,하나은행중곡동지점,127.0817258793105822_37.5562355029796677,77.0,21.0,서행,127.0817258793105822_37.5562355029796677|127.0813512873793627_37.5556058644750337
2026-09-04T06:42:24.849833+09:00,군자역,군자역,POI021,KEY_2,1040037300,능동로35길,1040081700,군자동 476-19,127.0785006871383587_37.5566717504792678,1040024702,군자동 498,127.0782648012190208_37.5567669432952229,23.0,11.0,정체,127.0782648012190208_37.5567669432952229|127.0785006871383587_37.5566717504792678
2026-09-04T06:42:24.849833+09:00,군자역,군자역,POI021,KEY_2,1040037400,능동로35길,1040024701,군자동 478-3,127.0783391267993352_37.5568581661630958,1040024604,능동시장입구,127.0790796723156575_37.5565593130955548,73.0,16.0,서행,127.0790796723156575_37.5565593130955548|127.0785620921129038_37.5567681874680659|127.0783391267993352_37.5568581661630958
2026-09-04T06:42:24.849833+09:00,군자역,군자역,POI021,KEY_2,1040037500,능동로35길,1040024703,군자동 498,127.0781418254503308_37.5568150974500838,1040024902,덕산빌딩,127.0766568065223794_37.5573831352894132,146.0,12.0,정체,127.0766568065223794_37.5573831352894132|127.0781418254503308_37.5568150974500838
2026-09-04T06:42:24.849833+09:00,군자역,군자역,POI021,KEY_2,1040037600,능동로35길,1040024901,덕산빌딩,127.0767107698767973_37.5574824468424708,1040024704,군자동 473-17,127.0782167648829954_37.5569063842871316,148.0,14.0,정체,127.0782167648829954_37.5569063842871316|127.0767107698767973_37.5574824468424708
2026-09-04T06:42:24.849833+09:00,대림역,대림역,POI023,KEY_3,1160007302,도림로,1160225400,구로동 772,126.8904010194307972_37.4889164164321826,1160010803,영서중,126.8914297539746627_37.4895657998392124,116.0,20.0,서행,126.8914297539746627_37.4895657998392124|126.8905514013743527_37.4890117568818582|126.8904010194307972_37.4889164164321826
2026-09-04T06:42:24.849833+09:00,대림역,대림역,POI023,KEY_3,1160007303,도림로,1160217800,구로동 141-3,126.8926285085608470_37.4903142599622470,1160011904,이화우성아파트앞교차로,126.8929152890763135_37.4904964352182120,32.0,24.0,서행,126.8929152890763135_37.4904964352182120|126.8926990710762226_37.4903582830098188|126.8926285085608470_37.4903142599622470
2026-09-04T06:42:24.849833+09:00,대림역,대림역,POI023,KEY_3,1160007403,도림로,1160010802,영서중,126.8915139708522020_37.4894810257779127,1160010102,두산아파트,126.8897945974124610_37.4883937786456869,194.0,16.0,서행,126.8897945974124610_37.4883937786456869|126.8904854992964744_37.4888318085023116|126.8906357495298636_37.4889270655138702|126.8915139708522020_37.4894810257779127
2026-09-04T06:42:24.849833+09:00,대림역,대림역,POI023,KEY_3,1160007404,도림로,1160011903,이화우성아파트앞교차로,126.8930001743539435_37.4904120838378958,1160010801,영서중,126.8916296698385224_37.4895537665370497,154.0,12.0,정체,126.8916296698385224_37.4895537665370497|126.8920912355731190_37.4898417393384875|126.8927121587774991_37.4902291295874335|126.8927833415098263_37.4902735396003237|126.8930001743539435_37.4904120838378958
2026-09-04T06:42:24.849833+09:00,대림역,대림역,POI023,KEY_3,1160007702,도림천로,1160048702,대림1교(서측),126.8961721623145422_37.4891819536651596,1160003101,대림역앞교차로,126.8951790541212432_37.4917967493715238,303.0,36.0,원활,126.8951790541212432_37.4917967493715238|126.8957256692603153_37.4903646601817258|126.8961721623145422_37.4891819536651596
2026-09-04T06:42:24.849833+09:00,대림역,대림역,POI023,KEY_3,1160008502,도림로,1160206800,구로동 125-90,126.8946481025246982_37.4916034087912990,1160003102,대림역앞교차로,126.8951368393779262_37.4919075571000988,55.0,21.7,서행,126.8951368393779262_37.4919075571000988|126.8946481025246982_37.4916034087912990
2026-09-04T06:42:24.849833+09:00,대림역,대림역,POI023,KEY_3,1160008600,도림로,1160290800,구로동 125-90,126.8937506634492394_37.4909077328717615,1160011902,이화우성아파트앞교차로,126.8931080201690804_37.4904833570122022,74.0,22.5,서행,126.8931080201690804_37.4904833570122022|126.8935149734357850_37.4907610379991567|126.8937506634492394_37.4909077328717615
2026-09-04T06:42:24.849833+09:00,대림역,대림역,POI023,KEY_3,1160009302,구로중앙로,1160172800,구로동 136-14,126.8912072361346901_37.4922624369484083,1160015703,동구로초등교,126.8907809041495369_37.4927508825685223,66.0,22.0,서행,126.8907809041495369_37.4927508825685223|126.8912072361346901_37.4922624369484083
2026-09-04T06:42:24.849833+09:00,대림역,대림역,POI023,KEY_3,1160009402,구로중앙로,1160144900,구로동 136-14,126.8926556031381807_37.4909335976771700,1160011901,이화우성아파트앞교차로,126.8930197619754523_37.4905654813101421,52.0,25.0,원활,126.8930197619754523_37.4905654813101421|126.8926556031381807_37.4909335976771700
2026-09-04T06:42:24.849833+09:00,대림역,대림역,POI023,KEY_3,1160009403,구로중앙로,1160019802,구로중학교,126.8894587513572816_37.4945975713785131,1160015701,동구로초등교,126.8908134604049849_37.4929068959194325,223.0,21.0,서행,126.8908134604049849_37.4929068959194325|126.8905437421596929_37.4932435113719080|126.8897691103862115_37.4942102517986697|126.8894587513572816_37.4945975713785131
2026-09-04T06:42:24.849833+09:00,대림역,대림역,POI023,KEY_3,1160011101,도림천로,1160003102,대림역앞교차로,126.8951368393779262_37.4919075571000988,1160019901,구로동 72-9,126.8941517206176570_37.4945810739956400,309.0,16.5,서행,126.8941517206176570_37.4945810739956400|126.8942482427834904_37.4942443675041019|126.8951368393779262_37.4919075571000988
2026-09-04T06:42:24.849833+09:00,대림역,대림역,POI023,KEY_3,1160011102,도림천로,1160019902,구로동 72-9,126.8941170254665423_37.4946987368495215,1160025000,거리공원오거리,126.8933050731660046_37.4971960011134016,286.0,33.0,원활,126.8933050731660046_37.4971960011134016|126.8935989143015917_37.4964083812532749|126.8941170254665423_37.4946987368495215
2026-09-04T06:42:24.849833+09:00,대림역,대림역,POI023,KEY_3,1160029200,구로동로26길,1160313400,최소노드배치점,126.8878639163611268_37.4900111269113552,1160010804,영서중,126.8915460186500610_37.4896388966145651,347.0,15.0,서행,126.8915460186500610_37.4896388966145651|126.8906364711194499_37.4900259563153426|126.8903834628753486_37.4901246344105701|126.8901833510556401_37.4901726389422265|126.8898305550219732_37.4902407681095795|126.8894918861310686_37.4902987848196290|126.8892782124872980_37.4903059874365425|126.8889939662046089_37.4903057207039581|126.8887661176781592_37.4902563195181102|126.8882902923041769_37.4901041382504374|126.8880556872973671_37.4900207883635872|126.8879413777153218_37.4900081145503350|126.8878639163611268_37.4900111269113552
2026-09-04T06:42:24.849833+09:00,대림역,대림역,POI023,KEY_3,1160031000,구로동로28길,1160143300,구로동 136-71,126.8903851632108370_37.4926410535080947,1160015704,동구로초등교,126.8907052567209206_37.4928410150700842,36.0,12.0,정체,126.8907052567209206_37.4928410150700842|126.8903851632108370_37.4926410535080947
2026-09-04T06:42:24.849833+09:00,대림역,대림역,POI023,KEY_3,1160034000,도림로,1160014601,대림역,126.8956997149267778_37.4921193661557481,1160003101,대림역앞교차로,126.8951790541212432_37.4917967493715238,58.0,12.0,정체,126.8951790541212432_37.4917967493715238|126.8956997149267778_37.4921193661557481
2026-09-04T06:42:24.849833+09:00,대림역,대림역,POI023,KEY_3,1160034100,도림로,1160003102,대림역앞교차로,126.8951368393779262_37.4919075571000988,1160014602,대림역,126.8956552318730076_37.4922287682018478,58.0,30.0,원활,126.8956552318730076_37.4922287682018478|126.8951368393779262_37.4919075571000988
2026-09-04T06:42:24.849833+09:00,대림역,대림역,POI023,KEY_3,1160041100,구로중앙로14길,1160146700,구로동 130-92,126.8916337032718218_37.4932605226136815,1160015702,동구로초등교,126.8908887156223528_37.4928167280073694,82.0,11.0,정체,126.8908887156223528_37.4928167280073694|126.8916337032718218_37.4932605226136815
2026-09-04T06:42:24.849833+09:00,대림역,대림역,POI023,KEY_3,1180006601,대림로,1180318000,대림동 697-2,126.9003294017936412_37.4942557156031810,1180011603,우성아파트앞교차로,126.8998903883358906_37.4947946768444780,71.0,17.0,서행,126.8998903883358906_37.4947946768444780|126.9003294017936412_37.4942557156031810
2026-09-04T06:42:24.849833+09:00,대림역,대림역,POI023,KEY_3,1180007300,도림로,1180310100,대림동 697-2,126.9007488523201772_37.4953116502085564,1180011602,우성아파트앞교차로,126.8999977976841080_37.4948614162264064,83.0,31.0,원활,126.8999977976841080_37.4948614162264064|126.9005378556376087_37.4951851652660082|126.9007488523201772_37.4953116502085564
2026-09-04T06:42:24.849833+09:00,대림역,대림역,POI023,KEY_3,1180007702,대림로,1180315700,대림동 697,126.8994934939156849_37.4960041756513363,1180011601,우성아파트앞교차로,126.8999404585053128_37.4949623481974044,122.0,37.0,원활,126.8999404585053128_37.4949623481974044|126.8997136385791009_37.4954929565158608|126.8996662727585658_37.4956037601360919|126.8994934939156849_37.4960041756513363
2026-09-04T06:42:24.849833+09:00,대림역,대림역,POI023,KEY_3,1180042300,도림천로,1180322500,최소노드배치점,126.8947276411259679_37.4947538215554133,1160014602,대림역,126.8956552318730076_37.4922287682018478,292.0,15.0,서행,126.8956552318730076_37.4922287682018478|126.8953568311614504_37.4929395634666349|126.8948498948411014_37.4944052224449678|126.8947276411259679_37.4947538215554133
2026-09-04T06:42:24.849833+09:00,대림역,대림역,POI023,KEY_3,1180130000,도림천로,1160014601,대림역,126.8956997149267778_37.4921193661557481,1160048701,대림1교(서측),126.8967107357510145_37.4893263010416717,323.0,12.0,정체,126.8967107357510145_37.4893263010416717|126.8965318687534420_37.4897044279033409|126.8959009581949147_37.4916080288853237|126.8956997149267778_37.4921193661557481
2026-09-04T06:42:24.849833+09:00,대림역,대림역,POI023,KEY_3,1180130100,도림로,1180293600,대림동 1053-10,126.8958992093115086_37.4922466200951519,1160014601,대림역,126.8956997149267778_37.4921193661557481,23.0,21.0,서행,126.8956997149267778_37.4921193661557481|126.8958992093115086_37.4922466200951519
2026-09-04T06:42:24.849833+09:00,대림역,대림역,POI023,KEY_3,1180130200,도림로,1180317000,대림동 697-2,126.8985615880100823_37.4940832619939926,1180011604,우성아파트앞교차로,126.8998268728202277_37.4948927120842370,143.0,11.0,정체,126.8998268728202277_37.4948927120842370|126.8988460866591907_37.4942647866943091|126.8985615880100823_37.4940832619939926
2026-09-04T06:42:24.849833+09:00,동대문역,동대문역,POI024,KEY_4,1000001901,종로,1000235800,종로5가 37-8,127.0063580211496799_37.5711504610907880,1000011404,종로6가,127.0066394054990440_37.5711562818851732,25.0,18.0,서행,127.0066394054990440_37.5711562818851732|127.0063580211496799_37.5711504610907880
2026-09-04T06:42:24.849833+09:00,동대문역,동대문역,POI024,KEY_4,1000001902,종로,1000011401,종로6가,127.0067751976320238_37.5711591343297826,1000011704,흥인지문사거리,127.0089498572394433_37.5713693193848641,196.0,20.0,서행,127.0089498572394433_37.5713693193848641|127.0087391849973528_37.5712937741781943|127.0086199123563517_37.5712544202680050|127.0084602554355655_37.5712135860998870|127.0082631629970535_37.5711908652469759|127.0080635936516842_37.5711866101314982|127.0077077532635457_37.5711790230337357|127.0067751976320238_37.5711591343297826
2026-09-04T06:42:24.849833+09:00,동대문역,동대문역,POI024,KEY_4,1000002002,종로,1000113100,종로6가 272-1,127.0077113909216706_37.5710709430025176,1000011402,종로6가,127.0067780115006570_37.5710510367424106,82.0,41.0,원활,127.0067780115006570_37.5710510367424106|127.0077113909216706_37.5710709430025176
2026-09-04T06:42:24.849833+09:00,동대문역,동대문역,POI024,KEY_4,1000002003,종로,1000011703,흥인지문사거리,127.0090256024343631_37.5712778950010033,1000011300,동대문역10번출구,127.0080672314708750_37.5710785300975587,89.0,19.0,서행,127.0080672314708750_37.5710785300975587|127.0082747571647133_37.5710829540366547|127.0084909821378574_37.5711078809344414|127.0086667767084236_37.5711528422383196|127.0087931039338400_37.5711945228473638|127.0090256024343631_37.5712778950010033
2026-09-04T06:42:24.849833+09:00,동대문역,동대문역,POI024,KEY_4,1000002201,종로,1000176600,창신동 442-1,127.0108777515568477_37.5716621493242968,1000011702,흥인지문사거리,127.0091495968440398_37.5713227254486739,158.0,24.0,서행,127.0091495968440398_37.5713227254486739|127.0092723977128770_37.5713674394156811|127.0094846006979310_37.5714183224799285|127.0097878732437096_37.5714751424867188|127.0103298320711360_37.5715766797035471|127.0103586021919568_37.5715820697737044|127.0108233682804553_37.5716512389232733|127.0108777515568477_37.5716621493242968
2026-09-04T06:42:24.849833+09:00,동대문역,동대문역,POI024,KEY_4,1000005301,청계천로,1010035001,청계5가,127.0020881246934152_37.5698075774404145,1000031402,버들다리(북측),127.0066778573984863_37.5698145407186601,405.0,19.0,서행,127.0066778573984863_37.5698145407186601|127.0020881246934152_37.5698075774404145
2026-09-04T06:42:24.849833+09:00,동대문역,동대문역,POI024,KEY_4,1000005302,청계천로,1000031401,버들다리(북측),127.0068104529230624_37.5697993350473567,1010035102,청계6가사거리,127.0096210652811237_37.5699440857354006,249.0,28.0,원활,127.0096210652811237_37.5699440857354006|127.0093543827214120_37.5699514872757661|127.0068104529230624_37.5697993350473567
2026-09-04T06:42:24.849833+09:00,동대문역,동대문역,POI024,KEY_4,1000005401,청계천로,1010034902,버들다리(남측),127.0065602496820105_37.5695317839187268,1010034601,청계5가교차로,127.0021191180861280_37.5694902995239062,392.0,20.0,서행,127.0021191180861280_37.5694902995239062|127.0024509740674006_37.5695131963120659|127.0065602496820105_37.5695317839187268
2026-09-04T06:42:24.849833+09:00,동대문역,동대문역,POI024,KEY_4,1000005402,청계천로,1010034702,청계6가사거리,127.0096736759349909_37.5696339498216076,1010034901,버들다리(남측),127.0067045342350838_37.5695353837745003,263.0,14.0,정체,127.0067045342350838_37.5695353837745003|127.0093753105708458_37.5696558834258525|127.0096736759349909_37.5696339498216076
2026-09-04T06:42:24.849833+09:00,동대문역,동대문역,POI024,KEY_4,1000005700,청계천로,1000256400,최소노드배치점,127.0127816976351198_37.5699685404101658,1010035202,청계7가사거리,127.0158040936899226_37.5700110354399825,267.0,16.0,서행,127.0158040936899226_37.5700110354399825|127.0155094115753371_37.5699917344054910|127.0127816976351198_37.5699685404101658
2026-09-04T06:42:24.849833+09:00,동대문역,동대문역,POI024,KEY_4,1000005800,청계천로,1010005302,신평화시장,127.0121349816149205_37.5696419493387239,1010034701,청계6가사거리,127.0098099727011487_37.5696292980751281,205.0,14.0,정체,127.0098099727011487_37.5696292980751281|127.0121349816149205_37.5696419493387239
2026-09-04T06:42:24.849833+09:00,동대문역,동대문역,POI024,KEY_4,1000006101,율곡로,1010035102,청계6가사거리,127.0096210652811237_37.5699440857354006,1000009900,흥인지문,127.0093873462230221_37.5706631809010148,83.0,41.0,원활,127.0093873462230221_37.5706631809010148|127.0094292652047443_37.5705741772424844|127.0094975291804218_37.5704036160553798|127.0095564087739035_37.5702141995526446|127.0096210652811237_37.5699440857354006
2026-09-04T06:42:24.849833+09:00,동대문역,동대문역,POI024,KEY_4,1000006102,율곡로,1000009900,흥인지문,127.0093873462230221_37.5706631809010148,1000011703,흥인지문사거리,127.0090256024343631_37.5712778950010033,75.0,40.0,원활,127.0090256024343631_37.5712778950010033|127.0091075737013711_37.5711579258072774|127.0092355138361029_37.5709579814170240|127.0093370098156385_37.5707700537480775|127.0093873462230221_37.5706631809010148
2026-09-04T06:42:24.849833+09:00,동대문역,동대문역,POI024,KEY_4,1000006200,율곡로,1000011702,흥인지문사거리,127.0091495968440398_37.5713227254486739,1010035101,청계6가사거리,127.0097583244985060_37.5699427587399839,163.0,29.5,원활,127.0097583244985060_37.5699427587399839|127.0096891857815962_37.5702372118649492|127.0096283139498468_37.5704330409796157|127.0095576557767316_37.5706095859452489|127.0095145373694692_37.5707011341562094|127.0094630728513749_37.5708104028937200|127.0093585611355422_37.5710039143764831|127.0092277816811901_37.5712082974230555|127.0091495968440398_37.5713227254486739
2026-09-04T06:42:24.849833+09:00,동대문역,동대문역,POI024,KEY_4,1000009501,율곡로,1000236300,종로6가 15-11,127.0080997168361137_37.5722694888985629,1000014003,한양도성박물관,127.0074741969655747_37.5729318015656233,92.0,12.0,정체,127.0074741969655747_37.5729318015656233|127.0080997168361137_37.5722694888985629
2026-09-04T06:42:24.849833+09:00,동대문역,동대문역,POI024,KEY_4,1000009503,율곡로,1000014004,한양도성박물관,127.0073825495362314_37.5730303687179017,1000014900,종로6가 28-1,127.0069550317644911_37.5734941425063624,64.0,12.0,정체,127.0069550317644911_37.5734941425063624|127.0071984295928900_37.5732342235394938|127.0072808550544181_37.5731446580486832|127.0073825495362314_37.5730303687179017
2026-09-04T06:42:24.849833+09:00,동대문역,동대문역,POI024,KEY_4,1000009601,율곡로,1000236200,종로6가 15-11,127.0082082977746438_37.5723344550567262,1000011701,흥인지문사거리,127.0090766087889449_37.5714150445714523,128.0,28.0,원활,127.0090766087889449_37.5714150445714523|127.0082082977746438_37.5723344550567262
2026-09-04T06:42:24.849833+09:00,동대문역,동대문역,POI024,KEY_4,1000009602,율곡로,1000014301,대광빌딩,127.0073917099937546_37.5732071461993300,1000014001,한양도성박물관,127.0074934043910844_37.5730928567742879,16.0,28.0,원활,127.0074934043910844_37.5730928567742879|127.0073917099937546_37.5732071461993300
2026-09-04T06:42:24.849833+09:00,동대문역,동대문역,POI024,KEY_4,1000024200,종로40길,1000056800,종로6가 94-1,127.0066606069363075_37.5704117265212076,1000011403,종로6가,127.0066422217709032_37.5710481835517882,71.0,6.0,정체,127.0066422217709032_37.5710481835517882|127.0066606069363075_37.5704117265212076
2026-09-04T06:42:24.849833+09:00,동대문역,동대문역,POI024,KEY_4,1000025300,종로,1000009900,흥인지문,127.0093873462230221_37.5706631809010148,1000011300,동대문역10번출구,127.0080672314708750_37.5710785300975587,130.0,25.0,원활,127.0080672314708750_37.5710785300975587|127.0085333891818209_37.5710486383400308|127.0087654958763324_37.5709979628760777|127.0089601650943791_37.5709413315209986|127.0091211384305581_37.5708727822850008|127.0093873462230221_37.5706631809010148
2026-09-04T06:42:24.849833+09:00,동대문역,동대문역,POI024,KEY_4,1000026100,종로41길,1000011404,종로6가,127.0066394054990440_37.5711562818851732,1000012303,코리아빌딩,127.0066248908967168_37.5717818376925123,69.0,18.0,서행,127.0066248908967168_37.5717818376925123|127.0066394054990440_37.5711562818851732
2026-09-04T06:42:24.849833+09:00,동대문역,동대문역,POI024,KEY_4,1000026200,종로41길,1000012302,코리아빌딩,127.0067607060210548_37.5717838340609731,1000011401,종로6가,127.0067751976320238_37.5711591343297826,69.0,8.0,정체,127.0067751976320238_37.5711591343297826|127.0067607060210548_37.5717838340609731
2026-09-04T06:42:24.849833+09:00,동대문역,동대문역,POI024,KEY_4,1000027300,율곡로30길,1000014003,한양도성박물관,127.0074741969655747_37.5729318015656233,1000012302,코리아빌딩,127.0067607060210548_37.5717838340609731,144.0,22.0,서행,127.0067607060210548_37.5717838340609731|127.0068418074915257_37.5718254252741346|127.0069006522041235_37.5718722555762383|127.0069736400099885_37.5719679324644389|127.0071577154982805_37.5722899073601511|127.0074307351738696_37.5728587751446241|127.0074741969655747_37.5729318015656233
2026-09-04T06:42:24.849833+09:00,동대문역,동대문역,POI024,KEY_4,1000029300,종로41길,1000015002,더피알,127.0060737018723955_37.5735253769162298,1000012301,코리아빌딩,127.0067500526035360_37.5719069888806700,190.0,21.5,서행,127.0067500526035360_37.5719069888806700|127.0067329640749989_37.5720642069515591|127.0067190865195954_37.5721336699591646|127.0064616068015084_37.5727313017324036|127.0064000674097144_37.5728572794460263|127.0060737018723955_37.5735253769162298
2026-09-04T06:42:24.849833+09:00,동대문역,동대문역,POI024,KEY_4,1000036300,낙산성곽서길,1000255800,최소노드배치점,127.0083988211466419_37.5759719407725825,1000014301,대광빌딩,127.0073917099937546_37.5732071461993300,415.0,21.0,서행,127.0073917099937546_37.5732071461993300|127.0075135881165664_37.5733414617230110|127.0075502035946755_37.5733605830037476|127.0076746407379034_37.5733824787757484|127.0077199575610223_37.5733904526197833|127.0080292967237767_37.5734072184215080|127.0081100191316636_37.5734080447108099|127.0086041930911591_37.5734131019619682|127.0086728628516113_37.5734525677212545|127.0086946620129993_37.5735120371860205|127.0086965588550783_37.5739369119779880|127.0086747547327093_37.5740602147212002|127.0086213070120778_37.5741027627096216|127.0085844357751910_37.5741884788321414|127.0085802973890878_37.5742401520841440|127.0087569235764420_37.5748079270685480|127.0087707947809292_37.5749182231035519|127.0087507649042209_37.5750362783156078|127.0086711883484725_37.5752076218318152|127.0086514625701710_37.5752947296362407|127.0085965127586718_37.5754150353500620|127.0085404101098447_37.5754836222287665|127.0084277005735061_37.5755991738724262|127.0084124632425358_37.5756386006790564|127.0083988211466419_37.5759719407725825
2026-09-04T06:42:24.849833+09:00,동대문역,동대문역,POI024,KEY_4,1010017304,장충단로,1010033604,흥인시장,127.0096221501300420_37.5689990735866033,1010034702,청계6가사거리,127.0096736759349909_37.5696339498216076,71.0,16.0,서행,127.0096736759349909_37.5696339498216076|127.0096864325971779_37.5694310293012208|127.0096700878060432_37.5692510036280254|127.0096371243204487_37.5690562417204532|127.0096221501300420_37.5689990735866033
2026-09-04T06:42:24.849833+09:00,동대문역,동대문역,POI024,KEY_4,1010017305,율곡로,1010034702,청계6가사거리,127.0096736759349909_37.5696339498216076,1010035102,청계6가사거리,127.0096210652811237_37.5699440857354006,35.0,33.0,원활,127.0096210652811237_37.5699440857354006|127.0096736759349909_37.5696339498216076
2026-09-04T06:42:24.849833+09:00,동대문역,동대문역,POI024,KEY_4,1010017405,장충단로,1010034701,청계6가사거리,127.0098099727011487_37.5696292980751281,1010033601,흥인시장,127.0097254442646317_37.5688636970958783,86.0,23.0,서행,127.0097254442646317_37.5688636970958783|127.0097710903643389_37.5690379675287076|127.0098052651739948_37.5692398786983972|127.0098225114876840_37.5694298296446618|127.0098099727011487_37.5696292980751281
2026-09-04T06:42:24.849833+09:00,동대문역,동대문역,POI024,KEY_4,1010017406,율곡로,1010035101,청계6가사거리,127.0097583244985060_37.5699427587399839,1010034701,청계6가사거리,127.0098099727011487_37.5696292980751281,35.0,23.0,서행,127.0098099727011487_37.5696292980751281|127.0097583244985060_37.5699427587399839
2026-09-04T06:42:24.849833+09:00,동대문역,동대문역,POI024,KEY_4,1010018901,마장로1길,1010152100,신당동 213-11,127.0121553033908839_37.5690336687148729,1010005302,신평화시장,127.0121349816149205_37.5696419493387239,68.0,10.0,정체,127.0121349816149205_37.5696419493387239|127.0121421248701665_37.5691843025149339|127.0121553033908839_37.5690336687148729
2026-09-04T06:42:24.849833+09:00,동대문역,동대문역,POI024,KEY_4,1010019002,마장로1길,1010005301,신평화시장,127.0122708151406528_37.5696426709985616,1010031807,신당동222-8,127.0123898303853878_37.5685000458484097,127.0,13.0,정체,127.0123898303853878_37.5685000458484097|127.0123418218841209_37.5687652999462713|127.0122919230176990_37.5690284264960468|127.0122908073151677_37.5690411795721175|127.0122778985721510_37.5691887330836352|127.0122708151406528_37.5696426709985616
2026-09-04T06:42:24.849833+09:00,동대문역,동대문역,POI024,KEY_4,1010019600,청계천로,1010034802,청계7가사거리,127.0158306639446124_37.5696611075855529,1010005301,신평화시장,127.0122708151406528_37.5696426709985616,314.0,17.0,서행,127.0122708151406528_37.5696426709985616|127.0158306639446124_37.5696611075855529
2026-09-04T06:42:24.849833+09:00,뚝섬역,뚝섬역,POI025,KEY_1,1030007302,왕십리로,1030081800,성수동1가 661-10,127.0446704988484328_37.5460928940030882,1030017103,뚝섬역앞교차로,127.0444260436081123_37.5480672996080145,220.0,35.0,원활,127.0444260436081123_37.5480672996080145|127.0444273942489701_37.5479194014410780|127.0444370021755702_37.5477219511594811|127.0444656303823763_37.5475252363644927|127.0445177557166971_37.5471670616016340|127.0446012991971116_37.5465929925257882|127.0446138016338580_37.5465070812594277|127.0446704988484328_37.5460928940030882
2026-09-04T06:42:24.849833+09:00,뚝섬역,뚝섬역,POI025,KEY_1,1030009102,아차산로,1030016003,뚝섬역(서울2호선),127.0466946591980104_37.5474024880960968,1030017102,뚝섬역앞교차로,127.0445619470601031_37.5480557481142156,202.0,25.0,원활,127.0445619470601031_37.5480557481142156|127.0446249032181640_37.5480437882236018|127.0458005883487971_37.5477079881317337|127.0466946591980104_37.5474024880960968
2026-09-04T06:42:24.849833+09:00,뚝섬역,뚝섬역,POI025,KEY_1,1030009103,아차산로,1030015603,뚝섬미술관,127.0485988749721571_37.5467876679392063,1030016002,뚝섬역(서울2호선),127.0468607627340276_37.5473483609669358,166.0,30.0,원활,127.0468607627340276_37.5473483609669358|127.0485988749721571_37.5467876679392063
2026-09-04T06:42:24.849833+09:00,뚝섬역,뚝섬역,POI025,KEY_1,1030009104,아차산로,1030002603,경동초등교입구교차로,127.0502646094481776_37.5462577464320475,1030015602,뚝섬미술관,127.0487523357495689_37.5467383237563368,144.0,25.0,원활,127.0487523357495689_37.5467383237563368|127.0502646094481776_37.5462577464320475
2026-09-04T06:42:24.849833+09:00,뚝섬역,뚝섬역,POI025,KEY_1,1030009201,아차산로,1030017101,뚝섬역앞교차로,127.0445559830420876_37.5481680361730241,1030016300,뚝섬역1번출구,127.0458502973536099_37.5478085500334871,121.0,11.0,정체,127.0458502973536099_37.5478085500334871|127.0446637107324506_37.5481475713041846|127.0445559830420876_37.5481680361730241
2026-09-04T06:42:24.849833+09:00,뚝섬역,뚝섬역,POI025,KEY_1,1030009203,아차산로,1030016300,뚝섬역1번출구,127.0458502973536099_37.5478085500334871,1030015604,뚝섬미술관,127.0486498669871906_37.5468878757781184,268.0,37.0,원활,127.0486498669871906_37.5468878757781184|127.0469117528058831_37.5474485695482230|127.0467481960743328_37.5475018476119402|127.0458502973536099_37.5478085500334871
2026-09-04T06:42:24.849833+09:00,뚝섬역,뚝섬역,POI025,KEY_1,1030009204,아차산로,1030015601,뚝섬미술관,127.0488026707037932_37.5468387411565701,1030002604,경동초등교입구교차로,127.0503061250636279_37.5463609661244959,143.0,28.0,원활,127.0503061250636279_37.5463609661244959|127.0488026707037932_37.5468387411565701
2026-09-04T06:42:24.849833+09:00,뚝섬역,뚝섬역,POI025,KEY_1,1030009300,서울숲길,1030076300,성수동1가 676-8,127.0399213370954214_37.5479548333834785,1030018200,응봉지하차도,127.0374624651740305_37.5484417432670767,239.0,32.0,원활,127.0374624651740305_37.5484417432670767|127.0376197668948919_37.5485990148293283|127.0377691938879821_37.5486030666717809|127.0379335176127427_37.5485712655074408|127.0381567590147682_37.5484853004769974|127.0383340384476725_37.5484272268524180|127.0392064844063640_37.5481559010921799|127.0393057439895301_37.5481250313893327|127.0399213370954214_37.5479548333834785
2026-09-04T06:42:24.849833+09:00,뚝섬역,뚝섬역,POI025,KEY_1,1030009400,서울숲길,1030141200,성수동1가 694-129,127.0438398115211669_37.5481503800310534,1030017104,뚝섬역앞교차로,127.0444185151597907_37.5481752530340955,51.0,16.0,서행,127.0444185151597907_37.5481752530340955|127.0439197015720794_37.5481537474168334|127.0438398115211669_37.5481503800310534
2026-09-04T06:42:24.849833+09:00,뚝섬역,뚝섬역,POI025,KEY_1,1030011001,왕십리로,1030019000,뚝섬역,127.0444131204166638_37.5492628137788813,1030017101,뚝섬역앞교차로,127.0445559830420876_37.5481680361730241,122.0,15.0,서행,127.0445559830420876_37.5481680361730241|127.0445241661342237_37.5484118566767293|127.0444131204166638_37.5492628137788813
2026-09-04T06:42:24.849833+09:00,뚝섬역,뚝섬역,POI025,KEY_1,1030012103,광나루로,1030152300,성수동1가 13-217,127.0483259630721875_37.5515909820218710,1030020602,신양빌딩,127.0473778362250385_37.5516125824966167,84.0,23.7,서행,127.0473778362250385_37.5516125824966167|127.0475011922233080_37.5516193055715917|127.0479181770018613_37.5516134788176288|127.0483099223790902_37.5515925250523281|127.0483259630721875_37.5515909820218710
2026-09-04T06:42:24.849833+09:00,뚝섬역,뚝섬역,POI025,KEY_1,1030012202,광나루로,1030020401,성동교앞,127.0446705815333104_37.5515329876251940,1030020604,신양빌딩,127.0472256675834473_37.5517107262809589,227.0,36.0,원활,127.0472256675834473_37.5517107262809589|127.0468732650669352_37.5516800366620487|127.0459097739890382_37.5515961237774434|127.0448942561788641_37.5515076710365960|127.0446705815333104_37.5515329876251940
2026-09-04T06:42:24.849833+09:00,뚝섬역,뚝섬역,POI025,KEY_1,1030012203,광나루로,1030020601,신양빌딩,127.0473685607118739_37.5517204495909027,1030019904,상원삼거리,127.0521090871754524_37.5509242440641344,430.0,44.0,원활,127.0521090871754524_37.5509242440641344|127.0503670484279297_37.5513158045824582|127.0495149654191778_37.5515073176291594|127.0490669861335533_37.5516014778440379|127.0486456428778013_37.5516691360422712|127.0483422525792889_37.5516983211797850|127.0483226281881173_37.5517002089533136|127.0479239238059392_37.5517215340934527|127.0474977402356700_37.5517274907081742|127.0473685607118739_37.5517204495909027
2026-09-04T06:42:24.849833+09:00,뚝섬역,뚝섬역,POI025,KEY_1,1030031200,상원1길,1030091200,성수동1가 9-9,127.0475389473704695_37.5463909592910170,1030016003,뚝섬역(서울2호선),127.0466946591980104_37.5474024880960968,136.0,6.0,정체,127.0466946591980104_37.5474024880960968|127.0467667964252172_37.5472315847214801|127.0468079071165732_37.5471725962568641|127.0475389473704695_37.5463909592910170
2026-09-04T06:42:24.849833+09:00,뚝섬역,뚝섬역,POI025,KEY_1,1030034800,왕십리로,1030019000,뚝섬역,127.0444131204166638_37.5492628137788813,1030016300,뚝섬역1번출구,127.0458502973536099_37.5478085500334871,215.0,20.0,서행,127.0458502973536099_37.5478085500334871|127.0453006661870035_37.5480594839891566|127.0450986461055578_37.5481954436356062|127.0449370469582107_37.5483313875576457|127.0447799493502288_37.5484852089655234|127.0446587877601274_37.5486533190267195|127.0444131204166638_37.5492628137788813
2026-09-04T06:42:24.849833+09:00,뚝섬역,뚝섬역,POI025,KEY_1,1030035100,상원길,1030061700,성수동1가 706,127.0478692797114491_37.5496458841686547,1030020603,신양빌딩,127.0472404335068717_37.5516032483773969,224.0,18.0,서행,127.0472404335068717_37.5516032483773969|127.0473488387670642_37.5512786326791073|127.0476547182317546_37.5503654406795135|127.0476825679149186_37.5502760059199474|127.0477512443017361_37.5500554618497731|127.0478692797114491_37.5496458841686547
2026-09-04T06:42:24.849833+09:00,뚝섬역,뚝섬역,POI025,KEY_1,1030035200,상원길,1030106300,성수동1가 13-219,127.0486061067635859_37.5475435639625346,1030015601,뚝섬미술관,127.0488026707037932_37.5468387411565701,80.0,13.0,정체,127.0488026707037932_37.5468387411565701|127.0486061067635859_37.5475435639625346
2026-09-04T06:42:24.849833+09:00,미아사거리역,미아사거리역,POI026,KEY_2,1080001403,도봉로16길,1080226700,미아동 860-128,127.0303830050474403_37.6167783790601220,1080004601,송중초교앞교차로,127.0305637850283773_37.6165279116074700,32.0,5.0,정체,127.0305637850283773_37.6165279116074700|127.0303830050474403_37.6167783790601220
2026-09-04T06:42:24.849833+09:00,미아사거리역,미아사거리역,POI026,KEY_2,1070013704,종암로,1070026204,서울북공업고등학교,127.0308707064488374_37.6073065362985730,1070027503,숭곡중학교,127.0305563501388662_37.6083287723153674,117.0,30.0,원활,127.0305563501388662_37.6083287723153674|127.0308707064488374_37.6073065362985730
2026-09-04T06:42:24.849833+09:00,미아사거리역,미아사거리역,POI026,KEY_2,1070013705,종암로,1070027504,숭곡중학교,127.0305221673298632_37.6084359781976971,1070028300,하월곡동200,127.0304743529744798_37.6085781403316659,16.0,34.0,원활,127.0304743529744798_37.6085781403316659|127.0305221673298632_37.6084359781976971
2026-09-04T06:42:24.849833+09:00,미아사거리역,미아사거리역,POI026,KEY_2,1070013706,종암로,1070028300,하월곡동200,127.0304743529744798_37.6085781403316659,1070028903,미아사거리,127.0303294634808964_37.6090089272412911,49.0,29.0,원활,127.0303294634808964_37.6090089272412911|127.0304743529744798_37.6085781403316659
2026-09-04T06:42:24.849833+09:00,미아사거리역,미아사거리역,POI026,KEY_2,1070013803,종암로,1070027502,숭곡중학교,127.0306883607368462_37.6083544657187403,1070025202,하월곡동 88-1,127.0313101977619255_37.6063375624355487,230.0,21.0,서행,127.0313101977619255_37.6063375624355487|127.0310350628994769_37.6072273342227206|127.0310027155827157_37.6073322294012442|127.0306883607368462_37.6083544657187403
2026-09-04T06:42:24.849833+09:00,미아사거리역,미아사거리역,POI026,KEY_2,1070013805,종암로,1070028500,하월곡동200,127.0305489509506458_37.6087746349567809,1070027501,숭곡중학교,127.0306534531509470_37.6084639243302306,36.0,22.5,서행,127.0306534531509470_37.6084639243302306|127.0305489509506458_37.6087746349567809
2026-09-04T06:42:24.849833+09:00,미아사거리역,미아사거리역,POI026,KEY_2,1070013806,종암로,1070028902,미아사거리,127.0304455262968020_37.6090821381163778,1070028500,하월곡동200,127.0305489509506458_37.6087746349567809,35.0,10.0,정체,127.0305489509506458_37.6087746349567809|127.0304455262968020_37.6090821381163778
2026-09-04T06:42:24.849833+09:00,미아사거리역,미아사거리역,POI026,KEY_2,1070013903,동소문로,1070114200,길음동 515,127.0290378256414812_37.6077940245615210,1070026504,현대백화점주차장,127.0291689241680047_37.6079489887094027,21.0,29.0,원활,127.0291689241680047_37.6079489887094027|127.0290378256414812_37.6077940245615210
2026-09-04T06:42:24.849833+09:00,미아사거리역,미아사거리역,POI026,KEY_2,1070013904,동소문로,1070062500,길음동 20-5,127.0295749308021271_37.6084207615687873,1070028600,현대백화점(미아점),127.0297518241092689_37.6086261384038210,28.0,29.0,원활,127.0297518241092689_37.6086261384038210|127.0295749308021271_37.6084207615687873
2026-09-04T06:42:24.849833+09:00,미아사거리역,미아사거리역,POI026,KEY_2,1070013905,동소문로,1070028600,현대백화점(미아점),127.0297518241092689_37.6086261384038210,1070028904,미아사거리,127.0302878192895690_37.6091228549225036,73.0,30.5,원활,127.0302878192895690_37.6091228549225036|127.0301617188182917_37.6090370729491070|127.0300039846915610_37.6088959938862715|127.0298670058183461_37.6087598666022558|127.0297518241092689_37.6086261384038210
2026-09-04T06:42:24.849833+09:00,미아사거리역,미아사거리역,POI026,KEY_2,1070014003,동소문로,1070026503,현대백화점주차장,127.0292816696526046_37.6078886204303515,1070026301,성북우체국,127.0288234793379729_37.6073470158956766,72.0,19.0,서행,127.0288234793379729_37.6073470158956766|127.0291505712628464_37.6077336563754585|127.0292816696526046_37.6078886204303515
2026-09-04T06:42:24.849833+09:00,미아사거리역,미아사거리역,POI026,KEY_2,1070014004,동소문로,1070028200,길음동860-64,127.0298639346089686_37.6085650248024947,1070026502,현대백화점주차장,127.0293804965659064_37.6080037411137909,76.0,20.0,서행,127.0293804965659064_37.6080037411137909|127.0296870407270546_37.6083596477856190|127.0298639346089686_37.6085650248024947
2026-09-04T06:42:24.849833+09:00,미아사거리역,미아사거리역,POI026,KEY_2,1070014005,동소문로,1070028903,미아사거리,127.0303294634808964_37.6090089272412911,1070028200,길음동860-64,127.0298639346089686_37.6085650248024947,64.0,19.0,서행,127.0298639346089686_37.6085650248024947|127.0299762599600797_37.6086954361752319|127.0301078764450438_37.6088262344485784|127.0302570976003977_37.6089596994934823|127.0303294634808964_37.6090089272412911
2026-09-04T06:42:24.849833+09:00,미아사거리역,미아사거리역,POI026,KEY_2,1070014101,오패산로3길,1070048700,하월곡동 84-143,127.0337041733590837_37.6077745143263655,1070030803,하월곡동 96-8,127.0330683656703599_37.6104633882483199,322.0,20.0,서행,127.0330683656703599_37.6104633882483199|127.0329212205034679_37.6102373577853868|127.0328042830951176_37.6100253407290595|127.0327640203279884_37.6099369738772893|127.0327370781031391_37.6098315232622014|127.0327270047354489_37.6097453049848482|127.0327429692750201_37.6096497938881669|127.0328592237434719_37.6093126293853999|127.0329173354287491_37.6091520595868971|127.0329552787660958_37.6090657799486010|127.0330423866319478_37.6088677039173263|127.0331080410727509_37.6087369942952847|127.0331558650049857_37.6086505750789755|127.0335967715632393_37.6079455558291329|127.0337041733590837_37.6077745143263655
2026-09-04T06:42:24.849833+09:00,미아사거리역,미아사거리역,POI026,KEY_2,1080001600,오패산로,1080213700,미아동 1317-4,127.0350445501677967_37.6118498616365429,1070032701,방천시장입구교차로,127.0351361942052364_37.6116746238631379,21.0,21.0,서행,127.0351361942052364_37.6116746238631379|127.0350445501677967_37.6118498616365429
2026-09-04T06:42:24.849833+09:00,미아사거리역,미아사거리역,POI026,KEY_2,1070014905,오패산로,1070147900,하월곡동 77-33,127.0357718046089133_37.6094235200250608,1070032703,방천시장입구교차로,127.0350606765864967_37.6115056996043293,239.0,17.7,서행,127.0350606765864967_37.6115056996043293|127.0351084175312337_37.6113406859324186|127.0353299201961335_37.6107107624071020|127.0353652542247431_37.6106102761977397|127.0355468471979208_37.6100938406920875|127.0357718046089133_37.6094235200250608
2026-09-04T06:42:24.849833+09:00,미아사거리역,미아사거리역,POI026,KEY_2,1070016501,월계로,1070028901,미아사거리,127.0304026912356932_37.6091892319313885,1070029100,미아동13-23,127.0307970607158552_37.6093968261890694,42.0,3.0,정체,127.0307970607158552_37.6093968261890694|127.0307167840027063_37.6093545456603380|127.0304026912356932_37.6091892319313885
2026-09-04T06:42:24.849833+09:00,미아사거리역,미아사거리역,POI026,KEY_2,1070016502,월계로,1080220000,미아동 13-23,127.0324022337639462_37.6102422295950660,1070030804,미아동 46-41,127.0331982309171366_37.6106614455999946,84.0,6.0,정체,127.0331982309171366_37.6106614455999946|127.0324022337639462_37.6102422295950660
2026-09-04T06:42:24.849833+09:00,미아사거리역,미아사거리역,POI026,KEY_2,1070016601,월계로,1080004000,미아사거리,127.0308720855030344_37.6093066743138422,1070028902,미아사거리,127.0304455262968020_37.6090821381163778,45.0,26.0,원활,127.0304455262968020_37.6090821381163778|127.0307917895869849_37.6092643839295988|127.0308720855030344_37.6093066743138422
2026-09-04T06:42:24.849833+09:00,미아사거리역,미아사거리역,POI026,KEY_2,1070016602,월계로,1080219900,미아동 866-1,127.0324772569885710_37.6101520768605795,1080004000,미아사거리,127.0308720855030344_37.6093066743138422,170.0,38.0,원활,127.0308720855030344_37.6093066743138422|127.0313924598670781_37.6095807466134673|127.0324772569885710_37.6101520768605795
2026-09-04T06:42:24.849833+09:00,미아사거리역,미아사거리역,POI026,KEY_2,1070018301,도봉로,1070028904,미아사거리,127.0302878192895690_37.6091228549225036,1070029200,길음동14-1,127.0301679403793429_37.6097308656014064,69.0,8.0,정체,127.0301679403793429_37.6097308656014064|127.0301645608454493_37.6095093591410503|127.0301806086935272_37.6094018219594091|127.0302319143706455_37.6092507354351326|127.0302878192895690_37.6091228549225036
2026-09-04T06:42:24.849833+09:00,미아사거리역,미아사거리역,POI026,KEY_2,1070018302,도봉로,1070123400,길음동 13-1,127.0302192302895179_37.6103794149359558,1070033603,미아삼거리역,127.0301170297419731_37.6122786292103584,212.0,9.0,정체,127.0301170297419731_37.6122786292103584|127.0302560371795693_37.6115868014395502|127.0302780121191546_37.6114512708352606|127.0302896992106128_37.6112864634231272|127.0302906822353037_37.6111829591978051|127.0302911134341883_37.6111375574959439|127.0302836638677206_37.6109684698817546|127.0302192302895179_37.6103794149359558
2026-09-04T06:42:24.849833+09:00,미아사거리역,미아사거리역,POI026,KEY_2,1070018401,도봉로,1070029400,미아동13-23,127.0303037865156597_37.6097324048251664,1070028901,미아사거리,127.0304026912356932_37.6091892319313885,62.0,21.0,서행,127.0304026912356932_37.6091892319313885|127.0303618600728868_37.6092826313368391|127.0303143984526457_37.6094224023050074|127.0303005611853848_37.6095151185633085|127.0303037865156597_37.6097324048251664
2026-09-04T06:42:24.849833+09:00,미아사거리역,미아사거리역,POI026,KEY_2,1070018402,도봉로,1080186800,미아동 13-23,127.0303257828538648_37.6100373225124329,1070029400,미아동13-23,127.0303037865156597_37.6097324048251664,34.0,21.0,서행,127.0303037865156597_37.6097324048251664|127.0303022097731400_37.6097653481018810|127.0303257828538648_37.6100373225124329
2026-09-04T06:42:24.849833+09:00,미아사거리역,미아사거리역,POI026,KEY_2,1070053000,동소문로,1070027503,숭곡중학교,127.0305563501388662_37.6083287723153674,1070026503,현대백화점주차장,127.0292816696526046_37.6078886204303515,124.0,4.0,정체,127.0292816696526046_37.6078886204303515|127.0294677215616446_37.6079010815959478|127.0296323842187434_37.6079350977723266|127.0300221074489002_37.6081178433939058|127.0305563501388662_37.6083287723153674
2026-09-04T06:42:24.849833+09:00,미아사거리역,미아사거리역,POI026,KEY_2,1070053100,동소문로,1070026502,현대백화점주차장,127.0293804965659064_37.6080037411137909,1070027504,숭곡중학교,127.0305221673298632_37.6084359781976971,112.0,27.0,원활,127.0305221673298632_37.6084359781976971|127.0299573115892144_37.6082129620091834|127.0295797887646643_37.6080359362050700|127.0294447779431408_37.6080080464985542|127.0293804965659064_37.6080037411137909
2026-09-04T06:42:24.849833+09:00,미아사거리역,미아사거리역,POI026,KEY_2,1070054800,종암로,1070028300,하월곡동200,127.0304743529744798_37.6085781403316659,1070028200,길음동860-64,127.0298639346089686_37.6085650248024947,63.0,21.0,서행,127.0298639346089686_37.6085650248024947|127.0300244023697900_37.6086795376908185|127.0301412755163284_37.6087009631612332|127.0302419542547483_37.6086909247088244|127.0303156591294282_37.6086665907958277|127.0304743529744798_37.6085781403316659
2026-09-04T06:42:24.849833+09:00,미아사거리역,미아사거리역,POI026,KEY_2,1070055100,동소문로,1070028600,현대백화점(미아점),127.0297518241092689_37.6086261384038210,1070029200,길음동14-1,127.0301679403793429_37.6097308656014064,129.0,24.0,서행,127.0301679403793429_37.6097308656014064|127.0300937824806908_37.6096173788021559|127.0300503302344595_37.6094214472180184|127.0299922669209138_37.6092445238945601|127.0299490669414553_37.6091200965177777|127.0298950801941231_37.6089971026266667|127.0298335365210676_37.6088693218599985|127.0297849821499341_37.6087585394519124|127.0297518241092689_37.6086261384038210
2026-09-04T06:42:24.849833+09:00,미아사거리역,미아사거리역,POI026,KEY_2,1080001900,오현로,1080208300,미아동 89-40,127.0313087266287511_37.6164361744709836,1080004602,송중초교앞교차로,127.0306455696994732_37.6164215546226970,59.0,22.0,서행,127.0306455696994732_37.6164215546226970|127.0313087266287511_37.6164361744709836
2026-09-04T06:42:24.849833+09:00,미아사거리역,미아사거리역,POI026,KEY_2,1070063102,숭인로,1070033603,미아삼거리역,127.0301170297419731_37.6122786292103584,1070033303,영훈초등학교,127.0272366252979594_37.6124997369536160,257.0,9.0,정체,127.0272366252979594_37.6124997369536160|127.0273290177740932_37.6124920237944238|127.0277198994808572_37.6125063943992686|127.0280519294709620_37.6125122120121063|127.0281714809471509_37.6125065226202864|127.0283094040843537_37.6124883905500482|127.0284766085014923_37.6124500698429429|127.0285133251269230_37.6124416549143064|127.0287641695714882_37.6123807502593905|127.0289657378952626_37.6123609656958209|127.0290381633802781_37.6123554605349995|127.0299433135421481_37.6122866550074235|127.0301170297419731_37.6122786292103584
2026-09-04T06:42:24.849833+09:00,미아사거리역,미아사거리역,POI026,KEY_2,1070063201,숭인로,1080208400,미아동 484-11,127.0290510909710093_37.6124630890364458,1070033604,미아삼거리역,127.0300983318171859_37.6123877944740386,93.0,21.0,서행,127.0300983318171859_37.6123877944740386|127.0299537211582788_37.6123944755107473|127.0290510909710093_37.6124630890364458
2026-09-04T06:42:24.849833+09:00,미아사거리역,미아사거리역,POI026,KEY_2,1070070600,숭인로8길,1070075300,길음동 1288-2,127.0274859733274013_37.6098597961299035,1070041801,현대백화점,127.0286222777593963_37.6091855339611456,125.0,15.0,서행,127.0286222777593963_37.6091855339611456|127.0280529599322392_37.6095166127957299|127.0280353703558234_37.6095268416775639|127.0274859733274013_37.6098597961299035
2026-09-04T06:42:24.849833+09:00,미아사거리역,미아사거리역,POI026,KEY_2,1070076400,월계로,1070096700,하월곡동 79-20,127.0338497916468157_37.6108727283433311,1070030802,하월곡동 96-8,127.0333012137834316_37.6105859601554187,58.0,18.0,서행,127.0333012137834316_37.6105859601554187|127.0338497916468157_37.6108727283433311
2026-09-04T06:42:24.849833+09:00,미아사거리역,미아사거리역,POI026,KEY_2,1070076600,월계로,1070082200,하월곡동 산2-76,127.0360750402543033_37.6120372770475058,1070032702,방천시장입구교차로,127.0351818040333285_37.6115690734767298,94.0,39.0,원활,127.0351818040333285_37.6115690734767298|127.0360750402543033_37.6120372770475058
2026-09-04T06:42:24.849833+09:00,미아사거리역,미아사거리역,POI026,KEY_2,1070076900,월계로,1070032701,방천시장입구교차로,127.0351361942052364_37.6116746238631379,1070034803,창문여고앞,127.0375644525691570_37.6132010932717336,277.0,14.0,정체,127.0375644525691570_37.6132010932717336|127.0374326476301974_37.6130317692853424|127.0372709646521940_37.6128522299669044|127.0371916667080683_37.6127751366487999|127.0370529635782049_37.6126787402837692|127.0360004406020806_37.6121273741262740|127.0351361942052364_37.6116746238631379
2026-09-04T06:42:24.849833+09:00,미아사거리역,미아사거리역,POI026,KEY_2,1080000900,월계로,1070030801,미아동 46-41,127.0334139063331946_37.6107742430994421,1070032704,방천시장입구교차로,127.0350206256664194_37.6116141344327843,170.0,6.0,정체,127.0350206256664194_37.6116141344327843|127.0337751563115916_37.6109630853235259|127.0334139063331946_37.6107742430994421
2026-09-04T06:42:24.849833+09:00,미아사거리역,미아사거리역,POI026,KEY_2,1080001301,도봉로8길,1080188000,미아동 860-68,127.0313076593327679_37.6124939066315420,1080004403,롯데백화점(미아점),127.0307655742459758_37.6152294799087770,354.0,16.0,서행,127.0307655742459758_37.6152294799087770|127.0307595083810952_37.6151431414709805|127.0307982049350812_37.6146048520059324|127.0308334377665034_37.6144241108047410|127.0308880019328228_37.6142290723469088|127.0308888194819872_37.6142261500267807|127.0309021182958560_37.6141593634664346|127.0308971769619575_37.6141162866918890|127.0308713303888197_37.6140091037384749|127.0308172547337193_37.6138558335722166|127.0306687476536069_37.6135272070313320|127.0306263756309590_37.6134334427768025|127.0305256407967818_37.6132105275378237|127.0304829018195534_37.6131161834363184|127.0304581524445808_37.6129865258258107|127.0304679093526232_37.6128992805603062|127.0305305543381564_37.6128261392159047|127.0308831459086178_37.6126452505436006|127.0311960791661221_37.6125297876005433|127.0313076593327679_37.6124939066315420
2026-09-04T06:42:24.849833+09:00,미아사거리역,미아사거리역,POI026,KEY_2,1080001302,도봉로10길,1080004404,롯데백화점(미아점),127.0307752511100574_37.6153377881961077,1080004603,송중초교앞교차로,127.0304883063638783_37.6164177510826150,125.0,25.5,원활,127.0304883063638783_37.6164177510826150|127.0305703985691252_37.6163131925084642|127.0306363068363140_37.6162059695205286|127.0307091738091572_37.6160516347061957|127.0307523911061054_37.6159357563504244|127.0307780233704449_37.6158268129668514|127.0307895338175257_37.6157153468896510|127.0307960511374716_37.6155476827439088|127.0307967671710401_37.6155292620652375|127.0307752511100574_37.6153377881961077
2026-09-04T06:42:24.849833+09:00,미아사거리역,미아사거리역,POI026,KEY_2,1080001303,도봉로16길,1080004604,송중초교앞교차로,127.0304102014371495_37.6165235549963413,1080005102,삼양입구사거리,127.0298702192108067_37.6170704681836625,79.0,31.0,원활,127.0298702192108067_37.6170704681836625|127.0298850521788978_37.6170678421002123|127.0299748118788585_37.6170321140735879|127.0300606496514746_37.6169837596280487|127.0301171093192494_37.6169296264748780|127.0302651320415634_37.6167245455032031|127.0304102014371495_37.6165235549963413
2026-09-04T06:42:24.849833+09:00,미아사거리역,미아사거리역,POI026,KEY_2,1080001401,도봉로8길,1080226500,미아동 860-62,127.0333709883061459_37.6111757648604055,1070030801,미아동 46-41,127.0334139063331946_37.6107742430994421,47.0,21.0,서행,127.0334139063331946_37.6107742430994421|127.0334462215943887_37.6108752645659408|127.0334496189833260_37.6109857942447405|127.0334250973174051_37.6110939559240691|127.0334003678912893_37.6111530443839968|127.0333709883061459_37.6111757648604055
2026-09-04T06:42:24.849833+09:00,미아사거리역,미아사거리역,POI026,KEY_2,1080001402,도봉로10길,1080223600,미아동 860-128,127.0309319037914122_37.6155510242293474,1080004401,롯데백화점(미아점),127.0309106282188338_37.6153281619081881,25.0,11.0,정체,127.0309106282188338_37.6153281619081881|127.0309328722385231_37.6155261090471882|127.0309319037914122_37.6155510242293474
2026-09-04T06:42:24.849833+09:00,미아사거리역,미아사거리역,POI026,KEY_2,1080002000,오현로,1080004601,송중초교앞교차로,127.0305637850283773_37.6165279116074700,1080000704,송중동주민센터,127.0333214076489838_37.6165889302136804,244.0,25.0,원활,127.0333214076489838_37.6165889302136804|127.0327048727601778_37.6165751501665611|127.0325535462619797_37.6165717674053610|127.0322799608593556_37.6165657393747779|127.0313049616454890_37.6165442516112378|127.0305637850283773_37.6165279116074700
2026-09-04T06:42:24.849833+09:00,미아사거리역,미아사거리역,POI026,KEY_2,1080013300,도봉로,1070029400,미아동13-23,127.0303037865156597_37.6097324048251664,1070029100,미아동13-23,127.0307970607158552_37.6093968261890694,68.0,26.0,원활,127.0307970607158552_37.6093968261890694|127.0305946239942188_37.6093716682601524|127.0304681352867107_37.6094164675411236|127.0304277962557080_37.6094780299370726|127.0303633502236949_37.6096357439956179|127.0303037865156597_37.6097324048251664
2026-09-04T06:42:24.849833+09:00,미아사거리역,미아사거리역,POI026,KEY_2,1080013600,도봉로14길,1080004403,롯데백화점(미아점),127.0307655742459758_37.6152294799087770,1080004302,롯데백화점,127.0300044147842016_37.6152165221594643,67.0,8.0,정체,127.0300044147842016_37.6152165221594643|127.0307655742459758_37.6152294799087770
2026-09-04T06:42:24.849833+09:00,미아사거리역,미아사거리역,POI026,KEY_2,1080014200,오현로,1080004603,송중초교앞교차로,127.0304883063638783_37.6164177510826150,1080004502,미아4동지구대,127.0299406932083599_37.6164009553699401,48.0,9.0,정체,127.0299406932083599_37.6164009553699401|127.0304883063638783_37.6164177510826150
2026-09-04T06:42:24.849833+09:00,미아사거리역,미아사거리역,POI026,KEY_2,1080014300,오현로,1080004501,미아4동지구대,127.0299378171736464_37.6165090658176240,1080004604,송중초교앞교차로,127.0304102014371495_37.6165235549963413,42.0,9.0,정체,127.0304102014371495_37.6165235549963413|127.0299378171736464_37.6165090658176240
2026-09-04T06:42:24.849833+09:00,미아사거리역,미아사거리역,POI026,KEY_2,1080014600,도봉로15길,1080192800,미아동 458-7,127.0289263823759143_37.6164970010907709,1080005303,솔샘빌딩,127.0271851492296946_37.6171857601041069,173.0,26.0,원활,127.0271851492296946_37.6171857601041069|127.0280001291889533_37.6167779690611326|127.0282120914124135_37.6166948240359034|127.0284782414750566_37.6166076453546765|127.0287039024196645_37.6165457270247074|127.0289263823759143_37.6164970010907709
2026-09-04T06:42:24.849833+09:00,미아사거리역,미아사거리역,POI026,KEY_2,1080014700,도봉로15길,1080192900,미아동 458-7,127.0289624624824540_37.6166012407417867,1080004504,미아4동지구대,127.0298017896812581_37.6165088554968250,75.0,17.0,서행,127.0298017896812581_37.6165088554968250|127.0295487633222109_37.6165152651126817|127.0293179985103222_37.6165373968828902|127.0290397621278942_37.6165843107636775|127.0289624624824540_37.6166012407417867
2026-09-04T06:42:24.849833+09:00,미아사거리역,미아사거리역,POI026,KEY_2,1080035900,도봉로,1080227900,미아동 66-1,127.0299274972616104_37.6144546098941603,1080004303,롯데백화점,127.0298687581600916_37.6152098457852233,84.0,8.0,정체,127.0298687581600916_37.6152098457852233|127.0298853879347121_37.6149960306107900|127.0299274972616104_37.6144546098941603
2026-09-04T06:42:24.849833+09:00,미아사거리역,미아사거리역,POI026,KEY_2,1080036400,도봉로,1080225600,미아동 66-1,127.0299803524425357_37.6155274151514050,1080004301,롯데백화점,127.0299960395229704_37.6153245223647374,23.0,27.0,원활,127.0299960395229704_37.6153245223647374|127.0299803524425357_37.6155274151514050
2026-09-04T06:42:24.849833+09:00,미아사거리역,미아사거리역,POI026,KEY_2,1080036500,도봉로,1080004304,롯데백화점,127.0298603782955666_37.6153178851803318,1080004503,미아4동지구대,127.0298047742597731_37.6164006059727711,120.0,20.0,서행,127.0298047742597731_37.6164006059727711|127.0298046298892842_37.6160389086157849|127.0298446910549472_37.6155207779205440|127.0298603782955666_37.6153178851803318
2026-09-04T06:42:24.849833+09:00,미아사거리역,미아사거리역,POI026,KEY_2,1080036600,도봉로,1080005102,삼양입구사거리,127.0298702192108067_37.6170704681836625,1080004501,미아4동지구대,127.0299378171736464_37.6165090658176240,63.0,10.0,정체,127.0299378171736464_37.6165090658176240|127.0299226736381542_37.6167963269789851|127.0298951691717804_37.6169547114601741|127.0298702192108067_37.6170704681836625
2026-09-04T06:42:24.849833+09:00,미아사거리역,미아사거리역,POI026,KEY_2,1080036700,도봉로,1080004504,미아4동지구대,127.0298017896812581_37.6165088554968250,1080005103,삼양입구사거리,127.0297284688176518_37.6170883149081376,65.0,20.0,서행,127.0297284688176518_37.6170883149081376|127.0297608296273353_37.6169381744416640|127.0297871444125661_37.6167866423070549|127.0298017896812581_37.6165088554968250
2026-09-04T06:42:24.849833+09:00,발산역,발산역,POI027,KEY_3,1150001802,공항대로,1150286100,등촌동 675-7,126.8434851477407221_37.5581068792877204,1150027804,등촌동 675-7,126.8444620467467274_37.5580099188913792,87.0,26.0,원활,126.8444620467467274_37.5580099188913792|126.8434851477407221_37.5581068792877204
2026-09-04T06:42:24.849833+09:00,발산역,발산역,POI027,KEY_3,1150001301,공항대로,1150388100,최소노드배치점,126.8479422913783452_37.5574279579684003,1150027802,내발산동 727-11,126.8445162648301476_37.5578956605161736,308.0,32.0,원활,126.8445162648301476_37.5578956605161736|126.8470260619137662_37.5576543889665260|126.8472895533285225_37.5576081323218673|126.8475700185465627_37.5575380223980133|126.8478776911477155_37.5574499386466130|126.8479422913783452_37.5574279579684003
2026-09-04T06:42:24.849833+09:00,발산역,발산역,POI027,KEY_3,1150001401,공항대로,1150027801,등촌동 665-15,126.8446075434389826_37.5579957914980866,1150027504,KBS88체육관,126.8485838392266203_37.5573272457826803,362.0,15.3,서행,126.8485838392266203_37.5573272457826803|126.8479956668994788_37.5575273772584879|126.8479274007050321_37.5575506052493537|126.8476133601174638_37.5576405117346468|126.8473245865430670_37.5577126995265402|126.8470488797595976_37.5577611001132396|126.8446075434389826_37.5579957914980866
2026-09-04T06:42:24.849833+09:00,발산역,발산역,POI027,KEY_3,1150001702,공항대로,1150156500,내발산동 727-13,126.8389437190157025_37.5584498941833331,1150029007,발산역앞교차로,126.8382868423504277_37.5585154741234675,58.0,24.0,서행,126.8382868423504277_37.5585154741234675|126.8389437190157025_37.5584498941833331
2026-09-04T06:42:24.849833+09:00,발산역,발산역,POI027,KEY_3,1150012402,강서로,1150159900,내발산동 727-3,126.8379581400753864_37.5579157877647489,1150029008,발산역앞교차로,126.8381511771219436_37.5585292798091572,70.0,18.0,서행,126.8381511771219436_37.5585292798091572|126.8379581400753864_37.5579157877647489
2026-09-04T06:42:24.849833+09:00,발산역,발산역,POI027,KEY_3,1150012501,강서로,1150024502,동아빌딩,126.8372882612989372_37.5553437451673062,1150023601,우장산공원입구교차로,126.8371370636826754_37.5548824736412428,53.0,38.0,원활,126.8371370636826754_37.5548824736412428|126.8372882612989372_37.5553437451673062
2026-09-04T06:42:24.849833+09:00,발산역,발산역,POI027,KEY_3,1150012502,강서로,1150160000,내발산동 727-3,126.8380898818052742_37.5578895163977009,1150024501,동아빌딩,126.8373220381356390_37.5554491393520493,279.0,18.0,서행,126.8373220381356390_37.5554491393520493|126.8376715306814759_37.5565599243357937|126.8380898818052742_37.5578895163977009
2026-09-04T06:42:24.849833+09:00,발산역,발산역,POI027,KEY_3,1150013401,공항대로41길,1150199400,등촌동 709-18,126.8448748818911582_37.5586016883165925,1150029903,등촌성당,126.8451274169810858_37.5589636738274208,46.0,12.0,정체,126.8451274169810858_37.5589636738274208|126.8448748818911582_37.5586016883165925
2026-09-04T06:42:24.849833+09:00,발산역,발산역,POI027,KEY_3,1150013501,공항대로41길,1150199500,등촌동 709-18,126.8449936130237745_37.5585491936764626,1150027801,등촌동 665-15,126.8446075434389826_37.5579957914980866,70.0,27.0,원활,126.8446075434389826_37.5579957914980866|126.8449936130237745_37.5585491936764626
2026-09-04T06:42:24.849833+09:00,발산역,발산역,POI027,KEY_3,1150013502,공항대로41길,1150264200,등촌동 709-19,126.8457392751923010_37.5596525373729904,1150029901,등촌성당,126.8453512898314699_37.5590655577672123,74.0,17.5,서행,126.8453512898314699_37.5590655577672123|126.8457392751923010_37.5596525373729904
2026-09-04T06:42:24.849833+09:00,발산역,발산역,POI027,KEY_3,1150014202,강서로,1150175000,마곡동 724-1,126.8383852842325865_37.5592402053588401,1150030703,등촌동 709,126.8385237764946822_37.5596590721435390,48.0,13.0,정체,126.8385237764946822_37.5596590721435390|126.8383852842325865_37.5592402053588401
2026-09-04T06:42:24.849833+09:00,발산역,발산역,POI027,KEY_3,1150014203,강서로,1150030704,등촌동 709,126.8385583871243085_37.5597642315047793,1150031803,등촌동 709,126.8388799352455294_37.5607467891492064,113.0,38.0,원활,126.8388799352455294_37.5607467891492064|126.8385583871243085_37.5597642315047793
2026-09-04T06:42:24.849833+09:00,발산역,발산역,POI027,KEY_3,1150014205,강서로,1150031804,등촌동 709,126.8389140890373454_37.5608509288689092,1150005703,등촌1-10단지앞교차로,126.8396861857425364_37.5631977716060206,269.0,36.0,원활,126.8396861857425364_37.5631977716060206|126.8393141722479385_37.5620670292307963|126.8392797556717255_37.5619624175767370|126.8389140890373454_37.5608509288689092
2026-09-04T06:42:24.849833+09:00,발산역,발산역,POI027,KEY_3,1150014302,강서로,1150175100,등촌동 675-9,126.8385166255535950_37.5592126843741667,1150029006,발산역앞교차로,126.8383210052044774_37.5586210293481884,68.0,28.0,원활,126.8383210052044774_37.5586210293481884|126.8385166255535950_37.5592126843741667
2026-09-04T06:42:24.849833+09:00,발산역,발산역,POI027,KEY_3,1150014303,강서로,1150031802,등촌동 709,126.8390139938301218_37.5607275621226293,1150030701,등촌동 709,126.8386936568455070_37.5597487108810242,112.0,39.0,원활,126.8386936568455070_37.5597487108810242|126.8390139938301218_37.5607275621226293
2026-09-04T06:42:24.849833+09:00,발산역,발산역,POI027,KEY_3,1150014304,강서로,1150034202,국민연금관리공단,126.8394111443076042_37.5619350252835389,1150031801,등촌동 709,126.8390483347155140_37.5608322269258892,127.0,12.0,정체,126.8390483347155140_37.5608322269258892|126.8394111443076042_37.5619350252835389
2026-09-04T06:42:24.849833+09:00,발산역,발산역,POI027,KEY_3,1150014305,강서로,1150005702,등촌1-10단지앞교차로,126.8398205853715410_37.5631795244991835,1150034201,국민연금관리공단,126.8394455610547453_37.5620396368988594,131.0,7.0,정체,126.8394455610547453_37.5620396368988594|126.8398205853715410_37.5631795244991835
2026-09-04T06:42:24.849833+09:00,발산역,발산역,POI027,KEY_3,1150015201,강서로62길,1150036503,등촌동 709-7,126.8406735207926062_37.5630129446335346,1150005702,등촌1-10단지앞교차로,126.8398205853715410_37.5631795244991835,78.0,24.0,서행,126.8398205853715410_37.5631795244991835|126.8406735207926062_37.5630129446335346
2026-09-04T06:42:24.849833+09:00,발산역,발산역,POI027,KEY_3,1150015202,강서로62길,1150035303,등촌동 709-7,126.8421580440403602_37.5627055380148107,1150036502,등촌동 709-7,126.8408051994368861_37.5629864249681731,124.0,19.0,서행,126.8408051994368861_37.5629864249681731|126.8421580440403602_37.5627055380148107
2026-09-04T06:42:24.849833+09:00,발산역,발산역,POI027,KEY_3,1150015301,강서로62길,1150005701,등촌1-10단지앞교차로,126.8398546136223644_37.5632842045207411,1150036504,등촌동 709-7,126.8407073809268581_37.5631176574675862,78.0,17.0,서행,126.8407073809268581_37.5631176574675862|126.8398546136223644_37.5632842045207411
2026-09-04T06:42:24.849833+09:00,발산역,발산역,POI027,KEY_3,1150015302,강서로62길,1150036501,등촌동 709-7,126.8408390519562801_37.5630911327515875,1150035304,등촌동 709-7,126.8421984401591374_37.5628088871163897,124.0,17.0,서행,126.8421984401591374_37.5628088871163897|126.8408390519562801_37.5630911327515875
2026-09-04T06:42:24.849833+09:00,발산역,발산역,POI027,KEY_3,1150061400,강서로50길,1150160400,내발산동 724-31,126.8379970283803289_37.5552640353912395,1150024502,동아빌딩,126.8372882612989372_37.5553437451673062,63.0,21.5,서행,126.8372882612989372_37.5553437451673062|126.8379970283803289_37.5552640353912395
2026-09-04T06:42:24.849833+09:00,발산역,발산역,POI027,KEY_3,1150063600,공항대로42길,1150168900,내발산동 727-10,126.8437845680732181_37.5573454026150557,1150027803,내발산동 727-11,126.8443119302488782_37.5579158619486293,79.0,17.0,서행,126.8443119302488782_37.5579158619486293|126.8442191029553783_37.5578656596487974|126.8439617274123350_37.5575931711129414|126.8439157570281708_37.5575288788179549|126.8437845680732181_37.5573454026150557
2026-09-04T06:42:24.849833+09:00,발산역,발산역,POI027,KEY_3,1150068500,화곡로63길,1150249200,등촌동 665,126.8468281137539435_37.5588151943925652,1150029902,등촌성당,126.8452825414138516_37.5589633449437912,138.0,22.0,서행,126.8452825414138516_37.5589633449437912|126.8456271872231582_37.5589296648363486|126.8457671569491794_37.5589163237876207|126.8468281137539435_37.5588151943925652
2026-09-04T06:42:24.849833+09:00,발산역,발산역,POI027,KEY_3,1150068900,강서로56길,1150029903,등촌성당,126.8451274169810858_37.5589636738274208,1150030102,동명중학교앞사거리,126.8437021070714508_37.5590900784440578,127.0,17.0,서행,126.8437021070714508_37.5590900784440578|126.8450504206099083_37.5589612812080915|126.8451274169810858_37.5589636738274208
2026-09-04T06:42:24.849833+09:00,발산역,발산역,POI027,KEY_3,1150069000,강서로56길,1150030101,동명중학교앞사거리,126.8437182868120630_37.5591974274643690,1150029904,등촌성당,126.8452035600025880_37.5590742413996850,132.0,24.0,서행,126.8452035600025880_37.5590742413996850|126.8450558970051816_37.5590696530153494|126.8437182868120630_37.5591974274643690
2026-09-04T06:42:24.849833+09:00,발산역,발산역,POI027,KEY_3,1150069400,강서로56길,1150253100,등촌동 675-3,126.8420541660963323_37.5592559113364217,1150030302,NC백화점(강서점),126.8412679507252108_37.5593352125803221,70.0,26.0,원활,126.8412679507252108_37.5593352125803221|126.8420541660963323_37.5592559113364217
2026-09-04T06:42:24.849833+09:00,발산역,발산역,POI027,KEY_3,1150069500,강서로56길,1150030301,NC백화점(강서점),126.8412850215417649_37.5594424739169526,1150030104,동명중학교앞사거리,126.8435827794940707_37.5592106973085009,205.0,31.0,원활,126.8435827794940707_37.5592106973085009|126.8420712380346345_37.5593631728529758|126.8412850215417649_37.5594424739169526
2026-09-04T06:42:24.849833+09:00,발산역,발산역,POI027,KEY_3,1150069900,강서로56길,1150222900,등촌동 675-10,126.8398256103945130_37.5594834893855705,1150030502,등촌동 675-10,126.8396404824841710_37.5595279604237717,17.0,23.0,서행,126.8396404824841710_37.5595279604237717|126.8397994820281411_37.5594861781463507|126.8398256103945130_37.5594834893855705
2026-09-04T06:42:24.849833+09:00,발산역,발산역,POI027,KEY_3,1150070000,강서로56길,1150030501,등촌동 709-24,126.8396830550129550_37.5596306307353771,1150030304,NC백화점(강서점),126.8411492775769176_37.5594562882070591,131.0,9.0,정체,126.8411492775769176_37.5594562882070591|126.8404955909356886_37.5595235617705185|126.8398430218055637_37.5595907165936680|126.8398297469764060_37.5595920826459491|126.8396830550129550_37.5596306307353771
2026-09-04T06:42:24.849833+09:00,발산역,발산역,POI027,KEY_3,1150070100,강서로56길,1150030503,등촌동 675-10,126.8395323421799361_37.5595482233216273,1150030702,등촌동 709,126.8386590218707255_37.5596433568766201,78.0,19.0,서행,126.8386590218707255_37.5596433568766201|126.8395323421799361_37.5595482233216273
2026-09-04T06:42:24.849833+09:00,발산역,발산역,POI027,KEY_3,1150070200,강서로56길,1150030701,등촌동 709,126.8386936568455070_37.5597487108810242,1150030504,등촌동 709-24,126.8395507558514197_37.5596553444129242,76.0,5.0,정체,126.8395507558514197_37.5596553444129242|126.8386936568455070_37.5597487108810242
2026-09-04T06:42:24.849833+09:00,발산역,발산역,POI027,KEY_3,1150070500,강서로56나길,1150031102,등촌주공3단지,126.8415189407386379_37.5601714765458112,1150030301,NC백화점(강서점),126.8412850215417649_37.5594424739169526,84.0,26.0,원활,126.8412850215417649_37.5594424739169526|126.8415189407386379_37.5601714765458112
2026-09-04T06:42:24.849833+09:00,발산역,발산역,POI027,KEY_3,1150070600,강서로56나길,1150030304,NC백화점(강서점),126.8411492775769176_37.5594562882070591,1150031103,등촌주공3단지,126.8413873500379907_37.5601982354522050,85.0,22.0,서행,126.8413873500379907_37.5601982354522050|126.8411492775769176_37.5594562882070591
2026-09-04T06:42:24.849833+09:00,발산역,발산역,POI027,KEY_3,1150071200,강서로56가길,1150031302,킴스클럽(강서점),126.8399788271866129_37.5605014032291180,1150030501,등촌동 709-24,126.8396830550129550_37.5596306307353771,100.0,17.0,서행,126.8396830550129550_37.5596306307353771|126.8397331722678132_37.5597781806686797|126.8399788271866129_37.5605014032291180
2026-09-04T06:42:24.849833+09:00,발산역,발산역,POI027,KEY_3,1150071300,강서로56가길,1150177200,등촌동 709-24,126.8396020643651383_37.5598064024523026,1150031303,킴스클럽(강서점),126.8398481363394410_37.5605308572489065,83.0,16.0,서행,126.8398481363394410_37.5605308572489065|126.8396020643651383_37.5598064024523026
2026-09-04T06:42:24.849833+09:00,발산역,발산역,POI027,KEY_3,1150071700,강서로,1150031103,등촌주공3단지,126.8413873500379907_37.5601982354522050,1150031302,킴스클럽(강서점),126.8399788271866129_37.5605014032291180,129.0,25.0,원활,126.8399788271866129_37.5605014032291180|126.8409817156347685_37.5602855454065931|126.8413873500379907_37.5601982354522050
2026-09-04T06:42:24.849833+09:00,발산역,발산역,POI027,KEY_3,1150071800,강서로,1150031301,킴스클럽(강서점),126.8400146179819785_37.5606057011169838,1150031104,등촌주공3단지,126.8414257249843189_37.5603019770891677,129.0,19.0,서행,126.8414257249843189_37.5603019770891677|126.8410171647322500_37.5603899168237874|126.8400146179819785_37.5606057011169838
2026-09-04T06:42:24.849833+09:00,발산역,발산역,POI027,KEY_3,1150071900,강서로,1150031303,킴스클럽(강서점),126.8398481363394410_37.5605308572489065,1150031802,등촌동 709,126.8390139938301218_37.5607275621226293,77.0,14.0,정체,126.8390139938301218_37.5607275621226293|126.8398481363394410_37.5605308572489065
2026-09-04T06:42:24.849833+09:00,발산역,발산역,POI027,KEY_3,1150072000,강서로,1150031801,등촌동 709,126.8390483347155140_37.5608322269258892,1150031304,킴스클럽(강서점),126.8398839413988100_37.5606351767868460,77.0,5.0,정체,126.8398839413988100_37.5606351767868460|126.8390483347155140_37.5608322269258892
2026-09-04T06:42:24.849833+09:00,발산역,발산역,POI027,KEY_3,1150072100,공항대로39길,1150256400,등촌동 709-21,126.8439667127423149_37.5600268748774369,1150030101,동명중학교앞사거리,126.8437182868120630_37.5591974274643690,95.0,26.0,원활,126.8437182868120630_37.5591974274643690|126.8438689490130855_37.5597219963694755|126.8439667127423149_37.5600268748774369
2026-09-04T06:42:24.849833+09:00,발산역,발산역,POI027,KEY_3,1150072300,강서로56가길,1150033502,등촌동 709-24,126.8403937546382281_37.5617408215833422,1150031301,킴스클럽(강서점),126.8400146179819785_37.5606057011169838,130.0,7.0,정체,126.8400146179819785_37.5606057011169838|126.8400855183556359_37.5608102389680525|126.8401212767520718_37.5609159034849611|126.8403937546382281_37.5617408215833422
2026-09-04T06:42:24.849833+09:00,발산역,발산역,POI027,KEY_3,1150072400,강서로56가길,1150031304,킴스클럽(강서점),126.8398839413988100_37.5606351767868460,1150031903,등촌동 709-25,126.8399545939338253_37.5608389991299347,23.0,12.0,정체,126.8399545939338253_37.5608389991299347|126.8398839413988100_37.5606351767868460
2026-09-04T06:42:24.849833+09:00,발산역,발산역,POI027,KEY_3,1150073800,강서로56가길,1150031903,등촌동 709-25,126.8399545939338253_37.5608389991299347,1150033703,청호빌딩,126.8398879643180805_37.5618434951784010,136.0,81.0,원활,126.8398879643180805_37.5618434951784010|126.8396084486025330_37.5609783844197054|126.8396550646368155_37.5609044813812574|126.8399545939338253_37.5608389991299347
2026-09-04T06:42:24.849833+09:00,발산역,발산역,POI027,KEY_3,1150073900,강서로56가길,1150033702,청호빌딩,126.8400198011262034_37.5618174884067031,1150031904,등촌동 678-6,126.8399899238250583_37.5609433981560485,116.0,11.0,정체,126.8399899238250583_37.5609433981560485|126.8397540438665771_37.5609949658284634|126.8400198011262034_37.5618174884067031
2026-09-04T06:42:24.849833+09:00,발산역,발산역,POI027,KEY_3,1150074100,강서로56가길,1150031904,등촌동 678-6,126.8399899238250583_37.5609433981560485,1150033503,등촌동 709-25,126.8402624006093049_37.5617683164986360,95.0,29.0,원활,126.8402624006093049_37.5617683164986360|126.8399899238250583_37.5609433981560485
2026-09-04T06:42:24.849833+09:00,발산역,발산역,POI027,KEY_3,1150074400,강서로56나길,1150224800,등촌동 709-23,126.8421593876177269_37.5622512538104232,1150031101,등촌주공3단지,126.8415577146132023_37.5602764926730970,226.0,20.0,서행,126.8415577146132023_37.5602764926730970|126.8417915836892433_37.5610440910706487|126.8421593876177269_37.5622512538104232
2026-09-04T06:42:24.849833+09:00,발산역,발산역,POI027,KEY_3,1150075500,강서로56가길,1150033503,등촌동 709-25,126.8402624006093049_37.5617683164986360,1150033702,청호빌딩,126.8400198011262034_37.5618174884067031,22.0,16.0,서행,126.8400198011262034_37.5618174884067031|126.8402624006093049_37.5617683164986360
2026-09-04T06:42:24.849833+09:00,발산역,발산역,POI027,KEY_3,1150075600,강서로56가길,1150033701,청호빌딩,126.8400533738930847_37.5619222522369043,1150033504,등촌동 679-6,126.8402969405602931_37.5618728844387348,22.0,4.0,정체,126.8402969405602931_37.5618728844387348|126.8400533738930847_37.5619222522369043
2026-09-04T06:42:24.849833+09:00,발산역,발산역,POI027,KEY_3,1150075800,강서로,1150033703,청호빌딩,126.8398879643180805_37.5618434951784010,1150034202,국민연금관리공단,126.8394111443076042_37.5619350252835389,43.0,14.0,정체,126.8394111443076042_37.5619350252835389|126.8398879643180805_37.5618434951784010
2026-09-04T06:42:24.849833+09:00,발산역,발산역,POI027,KEY_3,1150075900,강서로,1150034201,국민연금관리공단,126.8394455610547453_37.5620396368988594,1150033704,청호빌딩,126.8399215433585283_37.5619482675854854,43.0,6.0,정체,126.8399215433585283_37.5619482675854854|126.8394455610547453_37.5620396368988594
2026-09-04T06:42:24.849833+09:00,발산역,발산역,POI027,KEY_3,1150076300,강서로56가길,1150035502,호서아트갤러리,126.8406970304975800_37.5626589595992826,1150033501,등촌동 709-24,126.8404282947817023_37.5618453895506121,93.0,20.5,서행,126.8404282947817023_37.5618453895506121|126.8406970304975800_37.5626589595992826
2026-09-04T06:42:24.849833+09:00,발산역,발산역,POI027,KEY_3,1150076400,강서로56가길,1150033504,등촌동 679-6,126.8402969405602931_37.5618728844387348,1150035503,호서아트갤러리,126.8405656746963217_37.5626864548314643,93.0,11.0,정체,126.8405656746963217_37.5626864548314643|126.8402969405602931_37.5618728844387348
2026-09-04T06:42:24.849833+09:00,발산역,발산역,POI027,KEY_3,1150076900,강서로56가길,1150033704,청호빌딩,126.8399215433585283_37.5619482675854854,1150035504,호서아트갤러리,126.8406002224921991_37.5627910440640420,136.0,10.0,정체,126.8406002224921991_37.5627910440640420|126.8402872434445356_37.5628508061186608|126.8401954405893264_37.5628100442906998|126.8399215433585283_37.5619482675854854
2026-09-04T06:42:24.849833+09:00,발산역,발산역,POI027,KEY_3,1150078400,강서로56가길,1150036502,등촌동 709-7,126.8408051994368861_37.5629864249681731,1150035501,호서아트갤러리,126.8407315784833003_37.5627635487979958,26.0,10.0,정체,126.8407315784833003_37.5627635487979958|126.8408051994368861_37.5629864249681731
2026-09-04T06:42:24.849833+09:00,발산역,발산역,POI027,KEY_3,1150078500,강서로56가길,1150035504,호서아트갤러리,126.8406002224921991_37.5627910440640420,1150036503,등촌동 709-7,126.8406735207926062_37.5630129446335346,25.0,27.0,원활,126.8406735207926062_37.5630129446335346|126.8406002224921991_37.5627910440640420
2026-09-04T06:42:24.849833+09:00,발산역,발산역,POI027,KEY_3,1150081800,강서로56가길,1150038902,등촌주공1단지아파트,126.8416224738478206_37.5655681810133828,1150036501,등촌동 709-7,126.8408390519562801_37.5630911327515875,284.0,25.0,원활,126.8408390519562801_37.5630911327515875|126.8416224738478206_37.5655681810133828
2026-09-04T06:42:24.849833+09:00,발산역,발산역,POI027,KEY_3,1150081900,강서로56가길,1150036504,등촌동 709-7,126.8407073809268581_37.5631176574675862,1150038903,등촌주공1단지아파트,126.8414907582864544_37.5655945778397111,283.0,19.0,서행,126.8414907582864544_37.5655945778397111|126.8407073809268581_37.5631176574675862
2026-09-04T06:42:24.849833+09:00,발산역,발산역,POI027,KEY_3,1150414700,공항대로,1150143803,마곡동 800-23,126.8331897528281473_37.5590371786249193,1150142902,마곡동 799-23,126.8299789794061354_37.5593544984393830,286.0,18.0,서행,126.8299789794061354_37.5593544984393830|126.8331897528281473_37.5590371786249193
2026-09-04T06:42:24.849833+09:00,발산역,발산역,POI027,KEY_3,1150414800,공항대로,1150142901,마곡동 771-6,126.8299957636812536_37.5594617895610980,1150143804,마곡동 775-3,126.8332050999563307_37.5591446111485254,286.0,31.0,원활,126.8332050999563307_37.5591446111485254|126.8299957636812536_37.5594617895610980
2026-09-04T06:42:24.849833+09:00,발산역,발산역,POI027,KEY_3,1150415000,마곡동로4길,1150143903,더스포츠투데이,126.8332857991649547_37.5596880604673728,1150143002,스포츠니어스,126.8300720826581909_37.5600051057354847,286.0,16.0,서행,126.8300720826581909_37.5600051057354847|126.8332857991649547_37.5596880604673728
2026-09-04T06:42:24.849833+09:00,발산역,발산역,POI027,KEY_3,1150415200,마곡동로4길,1150143001,스포츠니어스,126.8300889340493427_37.5601123893861484,1150143904,더스포츠투데이,126.8333022312357485_37.5597953858369493,286.0,22.0,서행,126.8333022312357485_37.5597953858369493|126.8300889340493427_37.5601123893861484
2026-09-04T06:42:24.849833+09:00,발산역,발산역,POI027,KEY_3,1150415300,마곡중앙6로,1150144003,마곡동796-3,126.8333756769971359_37.5602611156995607,1150143102,마곡동 771-6,126.8301522505480108_37.5604769150319484,286.0,10.0,정체,126.8301522505480108_37.5604769150319484|126.8315992311645601_37.5603293921517363|126.8317903553199244_37.5603190670868727|126.8321654198426671_37.5603292225798029|126.8324684712669921_37.5603342165290286|126.8326274768060671_37.5603290036322974|126.8333756769971359_37.5602611156995607
2026-09-04T06:42:24.849833+09:00,발산역,발산역,POI027,KEY_3,1150415400,마곡중앙6로,1150143101,마곡동 771-6,126.8301695159718747_37.5605841499526605,1150144004,마곡동796-3,126.8333921054945677_37.5603684438512104,286.0,27.0,원활,126.8333921054945677_37.5603684438512104|126.8326428577152853_37.5604364277498135|126.8324742064728667_37.5604422396582009|126.8321626681507439_37.5604373192537437|126.8317857413540537_37.5604271232566731|126.8316086846086961_37.5604372494358998|126.8301695159718747_37.5605841499526605
2026-09-04T06:42:24.849833+09:00,발산역,발산역,POI027,KEY_3,1150415500,마곡중앙8로,1150144103,마곡동 775-3,126.8335156177956549_37.5612009154793540,1150143302,스페이스K서울미술관,126.8303074798785133_37.5615141459653259,286.0,18.0,서행,126.8303074798785133_37.5615141459653259|126.8310422029500444_37.5614424183077915|126.8325672766222709_37.5612935172885685|126.8335156177956549_37.5612009154793540
2026-09-04T06:42:24.849833+09:00,발산역,발산역,POI027,KEY_3,1150415600,마곡중앙8로,1150143301,스페이스K서울미술관,126.8303240117242154_37.5616214608969941,1150144104,마곡동 775-3,126.8335310636990982_37.5613083368637817,285.0,19.0,서행,126.8335310636990982_37.5613083368637817|126.8325838117159350_37.5614008321921915|126.8310587358588606_37.5615497332296471|126.8303240117242154_37.5616214608969941
2026-09-04T06:42:24.849833+09:00,발산역,발산역,POI027,KEY_3,1150416000,마곡동로,1150143704,아트나눔,126.8331006582411220_37.5583873342277244,1150143803,마곡동 800-23,126.8331897528281473_37.5590371786249193,73.0,33.5,원활,126.8331897528281473_37.5590371786249193|126.8331006582411220_37.5583873342277244
2026-09-04T06:42:24.849833+09:00,발산역,발산역,POI027,KEY_3,1150416200,마곡동로,1150143804,마곡동 775-3,126.8332050999563307_37.5591446111485254,1150143903,더스포츠투데이,126.8332857991649547_37.5596880604673728,61.0,14.0,정체,126.8332857991649547_37.5596880604673728|126.8332050999563307_37.5591446111485254
2026-09-04T06:42:24.849833+09:00,발산역,발산역,POI027,KEY_3,1150416400,마곡동로,1150143802,마곡동 800-23,126.8333245244353122_37.5590236911699904,1150143701,아트나눔,126.8332353657170586_37.5583733943382683,73.0,12.0,정체,126.8332353657170586_37.5583733943382683|126.8333245244353122_37.5590236911699904
2026-09-04T06:42:24.849833+09:00,발산역,발산역,POI027,KEY_3,1150416600,마곡동로,1150143904,더스포츠투데이,126.8333022312357485_37.5597953858369493,1150144003,마곡동796-3,126.8333756769971359_37.5602611156995607,52.0,11.0,정체,126.8333756769971359_37.5602611156995607|126.8333022312357485_37.5597953858369493
2026-09-04T06:42:24.849833+09:00,발산역,발산역,POI027,KEY_3,1150416700,마곡동로,1150143902,더스포츠투데이,126.8334205140886155_37.5596742805224650,1150143801,마곡동 775-3,126.8333398581103921_37.5591311289854701,61.0,19.0,서행,126.8333398581103921_37.5591311289854701|126.8334205140886155_37.5596742805224650
2026-09-04T06:42:24.849833+09:00,발산역,발산역,POI027,KEY_3,1150416800,마곡동로,1150144004,마곡동796-3,126.8333921054945677_37.5603684438512104,1150144103,마곡동 775-3,126.8335156177956549_37.5612009154793540,93.0,16.0,서행,126.8335156177956549_37.5612009154793540|126.8333921054945677_37.5603684438512104
2026-09-04T06:42:24.849833+09:00,발산역,발산역,POI027,KEY_3,1150416900,마곡동로,1150144002,마곡동796-3,126.8335106253723552_37.5602488541742048,1150143901,더스포츠투데이,126.8334369408403290_37.5597816127083632,52.0,13.0,정체,126.8334369408403290_37.5597816127083632|126.8335106253723552_37.5602488541742048
2026-09-04T06:42:24.849833+09:00,발산역,발산역,POI027,KEY_3,1150417000,마곡동로,1150144102,마곡동 775-3,126.8336504427879277_37.5611878569099460,1150144001,마곡동796-3,126.8335270465289426_37.5603561826379106,93.0,19.0,서행,126.8335270465289426_37.5603561826379106|126.8336504427879277_37.5611878569099460
2026-09-04T06:42:24.849833+09:00,발산역,발산역,POI027,KEY_3,1150417100,마곡동로,1150144104,마곡동 775-3,126.8335310636990982_37.5613083368637817,1150075303,마곡동 775-3,126.8338665843508579_37.5637171638409200,269.0,16.0,서행,126.8338665843508579_37.5637171638409200|126.8335310636990982_37.5613083368637817
2026-09-04T06:42:24.849833+09:00,발산역,발산역,POI027,KEY_3,1150417200,마곡동로,1150075302,마곡동 775-3,126.8340015234932139_37.5637048487681895,1150144101,마곡동 775-3,126.8336658955196157_37.5612952760720518,269.0,21.0,서행,126.8336658955196157_37.5612952760720518|126.8340015234932139_37.5637048487681895
2026-09-04T06:42:24.849833+09:00,발산역,발산역,POI027,KEY_3,1150418100,공항대로,1150144503,마곡동 808-2,126.8353045369876781_37.5588231594929596,1150143802,마곡동 800-23,126.8333245244353122_37.5590236911699904,176.0,43.0,원활,126.8333245244353122_37.5590236911699904|126.8353045369876781_37.5588231594929596
2026-09-04T06:42:24.849833+09:00,발산역,발산역,POI027,KEY_3,1150418300,마곡동로4길,1150144603,마곡동 797-1,126.8354226221326968_37.5594623538091739,1150143902,더스포츠투데이,126.8334205140886155_37.5596742805224650,178.0,19.0,서행,126.8334205140886155_37.5596742805224650|126.8354226221326968_37.5594623538091739
2026-09-04T06:42:24.849833+09:00,발산역,발산역,POI027,KEY_3,1150418400,마곡동로4길,1150143901,더스포츠투데이,126.8334369408403290_37.5597816127083632,1150144604,마곡동 797-17,126.8354405248635146_37.5595695294607594,179.0,11.0,정체,126.8354405248635146_37.5595695294607594|126.8334369408403290_37.5597816127083632
2026-09-04T06:42:24.849833+09:00,발산역,발산역,POI027,KEY_3,1150418500,마곡중앙6로,1150144803,마곡동795-8,126.8355105459097700_37.5600668693746229,1150144002,마곡동796-3,126.8335106253723552_37.5602488541742048,178.0,19.0,서행,126.8335106253723552_37.5602488541742048|126.8355105459097700_37.5600668693746229
2026-09-04T06:42:24.849833+09:00,발산역,발산역,POI027,KEY_3,1150418600,마곡중앙6로,1150144001,마곡동796-3,126.8335270465289426_37.5603561826379106,1150144804,마곡동795-8,126.8355266360785407_37.5601742289107179,178.0,6.0,정체,126.8355266360785407_37.5601742289107179|126.8335270465289426_37.5603561826379106
2026-09-04T06:42:24.849833+09:00,발산역,발산역,POI027,KEY_3,1150418700,마곡중앙8로,1150215900,마곡동 789-10,126.8348798327747602_37.5610697462614738,1150144102,마곡동 775-3,126.8336504427879277_37.5611878569099460,109.0,21.0,서행,126.8336504427879277_37.5611878569099460|126.8344178057114249_37.5611141359322147|126.8348798327747602_37.5610697462614738
2026-09-04T06:42:24.849833+09:00,발산역,발산역,POI027,KEY_3,1150418800,마곡중앙8로,1150215800,마곡동 789-10,126.8348961067385972_37.5611770861689465,1150144904,마곡동 789-10,126.8356742349839834_37.5611023223528946,69.0,25.0,원활,126.8356742349839834_37.5611023223528946|126.8348961067385972_37.5611770861689465
2026-09-04T06:42:24.849833+09:00,발산역,발산역,POI027,KEY_3,1150419400,마곡중앙2로,1150144404,마곡동801-2,126.8352046735335108_37.5581637508680544,1150144503,마곡동 808-2,126.8353045369876781_37.5588231594929596,74.0,13.0,정체,126.8353045369876781_37.5588231594929596|126.8352046735335108_37.5581637508680544
2026-09-04T06:42:24.849833+09:00,발산역,발산역,POI027,KEY_3,1150419800,마곡중앙2로,1150144502,마곡동 808-2,126.8354392475825705_37.5588093803015113,1150144401,마곡동801-2,126.8353395103048484_37.5581508093880885,74.0,19.5,서행,126.8353395103048484_37.5581508093880885|126.8354392475825705_37.5588093803015113
2026-09-04T06:42:24.849833+09:00,발산역,발산역,POI027,KEY_3,1150419900,마곡중앙6로,1150144604,마곡동 797-17,126.8354405248635146_37.5595695294607594,1150144803,마곡동795-8,126.8355105459097700_37.5600668693746229,56.0,21.0,서행,126.8355105459097700_37.5600668693746229|126.8354405248635146_37.5595695294607594
2026-09-04T06:42:24.849833+09:00,발산역,발산역,POI027,KEY_3,1150420000,마곡중앙6로,1150144804,마곡동795-8,126.8355266360785407_37.5601742289107179,1150144903,마곡동 789-10,126.8356571963544752_37.5609950561465453,92.0,16.0,서행,126.8356571963544752_37.5609950561465453|126.8355266360785407_37.5601742289107179
2026-09-04T06:42:24.849833+09:00,발산역,발산역,POI027,KEY_3,1150420100,마곡중앙6로,1150144802,마곡동795-8,126.8356454133569713_37.5600540899636997,1150144601,마곡동 797-17,126.8355752580511364_37.5595558020758560,56.0,20.0,서행,126.8355752580511364_37.5595558020758560|126.8356454133569713_37.5600540899636997
2026-09-04T06:42:24.849833+09:00,발산역,발산역,POI027,KEY_3,1150420200,마곡중앙6로,1150144902,마곡동 789-10,126.8357920851740062_37.5609823952840856,1150144801,마곡동795-8,126.8356615034770840_37.5601614444259368,92.0,23.0,서행,126.8356615034770840_37.5601614444259368|126.8357920851740062_37.5609823952840856
2026-09-04T06:42:24.849833+09:00,발산역,발산역,POI027,KEY_3,1150420300,마곡중앙8로1길,1150144904,마곡동 789-10,126.8356742349839834_37.5611023223528946,1150145003,마곡동 788-5,126.8360599704796385_37.5635339917327684,272.0,17.0,서행,126.8360599704796385_37.5635339917327684|126.8356742349839834_37.5611023223528946
2026-09-04T06:42:24.849833+09:00,발산역,발산역,POI027,KEY_3,1150420400,마곡중앙8로1길,1150145002,마곡동 788-5,126.8361949639833171_37.5635219719725413,1150144901,마곡동 789-10,126.8358091243757855_37.5610896665506644,272.0,18.5,서행,126.8358091243757855_37.5610896665506644|126.8361949639833171_37.5635219719725413
2026-09-04T06:42:24.849833+09:00,발산역,발산역,POI027,KEY_3,1150420500,마곡중앙8로,1150145203,마곡동 789-10,126.8364770013601657_37.5609196539713821,1150144902,마곡동 789-10,126.8357920851740062_37.5609823952840856,61.0,28.0,원활,126.8357920851740062_37.5609823952840856|126.8364770013601657_37.5609196539713821
2026-09-04T06:42:24.849833+09:00,발산역,발산역,POI027,KEY_3,1150420600,마곡중앙8로,1150144901,마곡동 789-10,126.8358091243757855_37.5610896665506644,1150145204,마곡동 789-10,126.8364925281873639_37.5610270643811788,61.0,34.0,원활,126.8364925281873639_37.5610270643811788|126.8358091243757855_37.5610896665506644
2026-09-04T06:42:24.849833+09:00,발산역,발산역,POI027,KEY_3,1150421500,마곡동로4길,1150144601,마곡동 797-17,126.8355752580511364_37.5595558020758560,1150145903,마곡동 796-8,126.8377695096314568_37.5597528706232140,226.0,25.0,원활,126.8377695096314568_37.5597528706232140|126.8376750367937404_37.5594532066334068|126.8376436383031205_37.5593938770169231|126.8376179384656552_37.5593788608118189|126.8375879805322910_37.5593639856061756|126.8375501436959922_37.5593660292694267|126.8374935312904483_37.5593681993480644|126.8355752580511364_37.5595558020758560
2026-09-04T06:42:24.849833+09:00,발산역,발산역,POI027,KEY_3,1150421600,마곡중앙8로3길,1150145204,마곡동 789-10,126.8364925281873639_37.5610270643811788,1150145403,마곡동790-3,126.8368895854583229_37.5634558056279033,272.0,23.0,서행,126.8368895854583229_37.5634558056279033|126.8364925281873639_37.5610270643811788
2026-09-04T06:42:24.849833+09:00,발산역,발산역,POI027,KEY_3,1150421700,마곡동로4길,1150145902,마곡동 794-3,126.8379038144172029_37.5597347169141997,1150144602,마곡동 797-1,126.8355587376322546_37.5594485003173730,244.0,6.0,정체,126.8355587376322546_37.5594485003173730|126.8374890599963720_37.5592601385319043|126.8375672753137735_37.5592587730342302|126.8376641123460900_37.5592744493026203|126.8377146483493192_37.5593029497080764|126.8377692522320643_37.5593527678433503|126.8378067666416626_37.5594268875707442|126.8379038144172029_37.5597347169141997
2026-09-04T06:42:24.849833+09:00,발산역,발산역,POI027,KEY_3,1150421800,마곡중앙6로,1150145903,마곡동 796-8,126.8377695096314568_37.5597528706232140,1150144802,마곡동795-8,126.8356454133569713_37.5600540899636997,191.0,12.5,정체,126.8356454133569713_37.5600540899636997|126.8366877546921927_37.5599514564631178|126.8369205654560403_37.5599216147159325|126.8371554394351790_37.5598735121656588|126.8374637488971359_37.5598018888513394|126.8376078818179167_37.5597765466474698|126.8377695096314568_37.5597528706232140
2026-09-04T06:42:24.849833+09:00,발산역,발산역,POI027,KEY_3,1150421900,마곡중앙6로,1150144801,마곡동795-8,126.8356615034770840_37.5601614444259368,1150145904,마곡동 796-8,126.8378038370677103_37.5598577766027901,193.0,15.5,서행,126.8378038370677103_37.5598577766027901|126.8376324600815650_37.5598828808636256|126.8374930776610938_37.5599074565809232|126.8371935476745591_37.5599772882827452|126.8369544237169464_37.5600263202725841|126.8367095047433821_37.5600581806902412|126.8356615034770840_37.5601614444259368
2026-09-04T06:42:24.849833+09:00,발산역,발산역,POI027,KEY_3,1150422001,공항대로,1150029004,발산역교차로,126.8374105472545637_37.5586057815653120,1150144502,마곡동 808-2,126.8354392475825705_37.5588093803015113,176.0,21.5,서행,126.8354392475825705_37.5588093803015113|126.8374105472545637_37.5586057815653120
2026-09-04T06:42:24.849833+09:00,발산역,발산역,POI027,KEY_3,1150422002,공항대로,1150029008,발산역앞교차로,126.8381511771219436_37.5585292798091572,1150029003,발산역교차로,126.8375462326909968_37.5585917665558426,54.0,10.0,정체,126.8375462326909968_37.5585917665558426|126.8381511771219436_37.5585292798091572
2026-09-04T06:42:24.849833+09:00,발산역,발산역,POI027,KEY_3,1150422101,공항대로,1150029002,발산역교차로,126.8375637077918725_37.5586989875216517,1150029009,발산역앞교차로,126.8381851184764457_37.5586347998771046,55.0,19.0,서행,126.8381851184764457_37.5586347998771046|126.8375637077918725_37.5586989875216517
2026-09-04T06:42:24.849833+09:00,발산역,발산역,POI027,KEY_3,1150422102,공항대로,1150143801,마곡동 775-3,126.8333398581103921_37.5591311289854701,1150029005,발산역교차로,126.8374280222594592_37.5587130025401308,364.0,20.5,서행,126.8374280222594592_37.5587130025401308|126.8354567198058760_37.5589166015442970|126.8353216785587989_37.5589304145240703|126.8333398581103921_37.5591311289854701
2026-09-04T06:42:24.849833+09:00,발산역,발산역,POI027,KEY_3,1150422300,마곡중앙8로3길,1150145402,마곡동790-3,126.8370244519072685_37.5634429501900655,1150145201,마곡동 789-10,126.8366275461055892_37.5610151619675108,272.0,43.0,원활,126.8366275461055892_37.5610151619675108|126.8370244519072685_37.5634429501900655
2026-09-04T06:42:24.849833+09:00,발산역,발산역,POI027,KEY_3,1150422500,마곡중앙8로,1150145503,마곡동 789-10,126.8371436423929310_37.5608626455951153,1150145202,마곡동 789-10,126.8366131535689050_37.5609076513561604,47.0,25.0,원활,126.8366131535689050_37.5609076513561604|126.8371436423929310_37.5608626455951153
2026-09-04T06:42:24.849833+09:00,발산역,발산역,POI027,KEY_3,1150422600,마곡중앙8로,1150145201,마곡동 789-10,126.8366275461055892_37.5610151619675108,1150145504,마곡동 789-10,126.8371580356739798_37.5609701560716545,47.0,35.0,원활,126.8371580356739798_37.5609701560716545|126.8366275461055892_37.5610151619675108
2026-09-04T06:42:24.849833+09:00,발산역,발산역,POI027,KEY_3,1150423400,마곡중앙8로5길,1150145504,마곡동 789-10,126.8371580356739798_37.5609701560716545,1150145803,마곡동792,126.8375276600782087_37.5633949518694692,271.0,11.0,정체,126.8375276600782087_37.5633949518694692|126.8371580356739798_37.5609701560716545
2026-09-04T06:42:24.849833+09:00,발산역,발산역,POI027,KEY_3,1150423600,마곡중앙8로5길,1150145802,마곡동792,126.8376625044230934_37.5633820021888667,1150145501,마곡동 789-10,126.8372931867405811_37.5609592470734981,271.0,22.0,서행,126.8372931867405811_37.5609592470734981|126.8376625044230934_37.5633820021888667
2026-09-04T06:42:24.849833+09:00,발산역,발산역,POI027,KEY_3,1150424000,마곡중앙8로,1150146103,마곡동 789-10,126.8381208566963210_37.5607870940493456,1150145502,마곡동 789-10,126.8372801516027266_37.5608516269170352,75.0,31.0,원활,126.8372801516027266_37.5608516269170352|126.8381208566963210_37.5607870940493456
2026-09-04T06:42:24.849833+09:00,발산역,발산역,POI027,KEY_3,1150424200,마곡중앙8로,1150145501,마곡동 789-10,126.8372931867405811_37.5609592470734981,1150146104,마곡동 789-10,126.8381561407636298_37.5608930067502698,77.0,23.0,서행,126.8381561407636298_37.5608930067502698|126.8372931867405811_37.5609592470734981
2026-09-04T06:42:24.849833+09:00,발산역,발산역,POI027,KEY_3,1150424800,마곡중앙6로,1150145904,마곡동 796-8,126.8378038370677103_37.5598577766027901,1150146103,마곡동 789-10,126.8381208566963210_37.5607870940493456,107.0,16.0,서행,126.8381208566963210_37.5607870940493456|126.8378038370677103_37.5598577766027901
2026-09-04T06:42:24.849833+09:00,발산역,발산역,POI027,KEY_3,1150425100,마곡중앙6로,1150146102,마곡동 789-10,126.8382584988430608_37.5607780252386831,1150145901,마곡동 794-3,126.8379384640187197_37.5598398709925121,108.0,8.0,정체,126.8379384640187197_37.5598398709925121|126.8382584988430608_37.5607780252386831
2026-09-04T06:42:24.849833+09:00,발산역,발산역,POI027,KEY_3,1150425300,강서로,1150030703,등촌동 709,126.8385237764946822_37.5596590721435390,1150145902,마곡동 794-3,126.8379038144172029_37.5597347169141997,55.0,7.0,정체,126.8379038144172029_37.5597347169141997|126.8385237764946822_37.5596590721435390
2026-09-04T06:42:24.849833+09:00,발산역,발산역,POI027,KEY_3,1150425400,강서로,1150145901,마곡동 794-3,126.8379384640187197_37.5598398709925121,1150030704,등촌동 709,126.8385583871243085_37.5597642315047793,55.0,11.0,정체,126.8385583871243085_37.5597642315047793|126.8379384640187197_37.5598398709925121
2026-09-04T06:42:24.849833+09:00,발산역,발산역,POI027,KEY_3,1150425500,마곡중앙10로,1150146503,마곡동 788-5,126.8389187233626103_37.5632605403728235,1150145802,마곡동792,126.8376625044230934_37.5633820021888667,112.0,29.0,원활,126.8376625044230934_37.5633820021888667|126.8389187233626103_37.5632605403728235
2026-09-04T06:42:24.849833+09:00,발산역,발산역,POI027,KEY_3,1150425700,마곡중앙10로,1150145801,마곡동792,126.8376790860897074_37.5634893130113241,1150146504,마곡동 788-5,126.8389525008029182_37.5633661888971702,113.0,20.0,서행,126.8389525008029182_37.5633661888971702|126.8376790860897074_37.5634893130113241
2026-09-04T06:42:24.849833+09:00,발산역,발산역,POI027,KEY_3,1150426000,마곡중앙8로7길,1150146104,마곡동 789-10,126.8381561407636298_37.5608930067502698,1150146503,마곡동 788-5,126.8389187233626103_37.5632605403728235,271.0,24.5,서행,126.8389187233626103_37.5632605403728235|126.8381561407636298_37.5608930067502698
2026-09-04T06:42:24.849833+09:00,발산역,발산역,POI027,KEY_3,1150426300,마곡중앙8로,1150031803,등촌동 709,126.8388799352455294_37.5607467891492064,1150146102,마곡동 789-10,126.8382584988430608_37.5607780252386831,55.0,21.0,서행,126.8382584988430608_37.5607780252386831|126.8388799352455294_37.5607467891492064
2026-09-04T06:42:24.849833+09:00,발산역,발산역,POI027,KEY_3,1150426400,마곡중앙8로,1150146101,마곡동 789-10,126.8382935502586690_37.5608843100478111,1150031804,등촌동 709,126.8389140890373454_37.5608509288689092,55.0,24.0,서행,126.8389140890373454_37.5608509288689092|126.8382935502586690_37.5608843100478111
2026-09-04T06:42:24.849833+09:00,발산역,발산역,POI027,KEY_3,1150426600,마곡중앙8로7길,1150146502,마곡동 788-5,126.8390550086403010_37.5632483376584787,1150146101,마곡동 789-10,126.8382935502586690_37.5608843100478111,271.0,22.0,서행,126.8382935502586690_37.5608843100478111|126.8390550086403010_37.5632483376584787
2026-09-04T06:42:24.849833+09:00,발산역,발산역,POI027,KEY_3,1150427500,마곡동로10길,1150146504,마곡동 788-5,126.8389525008029182_37.5633661888971702,1150146803,마곡동 781-15,126.8394613145432999_37.5649731732607250,184.0,37.0,원활,126.8394613145432999_37.5649731732607250|126.8389525008029182_37.5633661888971702
2026-09-04T06:42:24.849833+09:00,발산역,발산역,POI027,KEY_3,1150427600,마곡동로10길,1150146802,마곡동 776-9,126.8395972420332782_37.5649600796846030,1150146501,마곡동 788-5,126.8390887719296103_37.5633541913248763,184.0,28.0,원활,126.8390887719296103_37.5633541913248763|126.8395972420332782_37.5649600796846030
2026-09-04T06:42:24.849833+09:00,발산역,발산역,POI027,KEY_3,1150427700,마곡중앙10로,1150005703,등촌1-10단지앞교차로,126.8396861857425364_37.5631977716060206,1150146502,마곡동 788-5,126.8390550086403010_37.5632483376584787,56.0,13.0,정체,126.8390550086403010_37.5632483376584787|126.8396861857425364_37.5631977716060206
2026-09-04T06:42:24.849833+09:00,발산역,발산역,POI027,KEY_3,1150427800,마곡중앙10로,1150146501,마곡동 788-5,126.8390887719296103_37.5633541913248763,1150005704,등촌1-10단지앞교차로,126.8397203720518291_37.5633027237737167,56.0,21.3,서행,126.8397203720518291_37.5633027237737167|126.8390887719296103_37.5633541913248763
2026-09-04T06:42:24.849833+09:00,발산역,발산역,POI027,KEY_3,1150428700,강서로,1150005704,등촌1-10단지앞교차로,126.8397203720518291_37.5633027237737167,1150147003,KT가양빌딩,126.8402339447114286_37.5649013322239611,183.0,39.0,원활,126.8402339447114286_37.5649013322239611|126.8397203720518291_37.5633027237737167
2026-09-04T06:42:24.849833+09:00,발산역,발산역,POI027,KEY_3,1150428800,강서로,1150147002,KT가양빌딩,126.8403655344729373_37.5648745441111132,1150005701,등촌1-10단지앞교차로,126.8398546136223644_37.5632842045207411,182.0,25.0,원활,126.8398546136223644_37.5632842045207411|126.8403655344729373_37.5648745441111132
2026-09-04T06:42:24.849833+09:00,발산역,발산역,POI027,KEY_3,1150431100,마곡동로2길,1150143506,서울가곡초등학교,126.8350271362563717_37.5560819152047785,1150148802,서울가곡초등학교,126.8365609872267328_37.5559474561603963,136.0,16.0,서행,126.8365609872267328_37.5559474561603963|126.8350271362563717_37.5560819152047785
2026-09-04T06:42:24.849833+09:00,발산역,발산역,POI027,KEY_3,1150431200,마곡동로2길,1150148801,서울가곡초등학교,126.8366641738323324_37.5558296369560694,1150143507,서울가곡초등학교,126.8349442511752727_37.5560130568887658,153.0,19.0,서행,126.8349442511752727_37.5560130568887658|126.8366641738323324_37.5558296369560694
2026-09-04T06:42:24.849833+09:00,발산역,발산역,POI027,KEY_3,1150435500,공항대로36길,1150172600,내발산동 654-7,126.8369433124920391_37.5567243744775467,1150148801,서울가곡초등학교,126.8366641738323324_37.5558296369560694,102.0,25.0,원활,126.8366641738323324_37.5558296369560694|126.8369408817935806_37.5567168612510400|126.8369433124920391_37.5567243744775467
2026-09-04T06:42:24.849833+09:00,발산역,발산역,POI027,KEY_3,1150435600,공항대로36길,1150157200,마곡동 808-4,126.8372217203108505_37.5580183968786727,1150029004,발산역교차로,126.8374105472545637_37.5586057815653120,67.0,16.0,서행,126.8374105472545637_37.5586057815653120|126.8372217263437278_37.5580184155255381|126.8372217203108505_37.5580183968786727
2026-09-04T06:42:24.849833+09:00,사당역,사당역,POI029,KEY_4,1200001505,남부순환로,1200132500,남현동 1129-1,126.9783525562753113_37.4766273240377927,1200013402,신한은행사당지점,126.9776771148018355_37.4766039630478005,60.0,20.0,서행,126.9776771148018355_37.4766039630478005|126.9783525562753113_37.4766273240377927
2026-09-04T06:42:24.849833+09:00,사당역,사당역,POI029,KEY_4,1200001506,남부순환로,1200013303,사당역사거리,126.9815670557517393_37.4764560893672538,1200013502,사당고가차도(서측),126.9787009972853724_37.4766393737914996,255.0,18.0,서행,126.9787009972853724_37.4766393737914996|126.9789650020834841_37.4765785388182664|126.9801113064884248_37.4765498880248984|126.9815670557517393_37.4764560893672538
2026-09-04T06:42:24.849833+09:00,사당역,사당역,POI029,KEY_4,1200001605,남부순환로,1190054000,사당동 1129,126.9783466956105258_37.4767352419899780,1200013501,사당고가차도(서측),126.9787001825253299_37.4767474172804356,31.0,16.0,서행,126.9787001825253299_37.4767474172804356|126.9783466956105258_37.4767352419899780
2026-09-04T06:42:24.849833+09:00,사당역,사당역,POI029,KEY_4,1200001606,남부순환로,1200013501,사당고가차도(서측),126.9787001825253299_37.4767474172804356,1200013304,사당역사거리,126.9815732086563997_37.4766726412872657,255.0,30.3,원활,126.9815732086563997_37.4766726412872657|126.9801265014511102_37.4767658562949109|126.9789735053924602_37.4767946745016403|126.9787001825253299_37.4767474172804356
2026-09-04T06:42:24.849833+09:00,사당역,사당역,POI029,KEY_4,1200029400,남현1길,1200124700,남현동 1127,126.9783505255877287_37.4758331487339404,1200012702,남현동 1124,126.9774083343266255_37.4758329723464598,83.0,11.0,정체,126.9774083343266255_37.4758329723464598|126.9783505255877287_37.4758331487339404
2026-09-04T06:42:24.849833+09:00,사당역,사당역,POI029,KEY_4,1200029500,남현1길,1200124800,남현동 1126,126.9783504943989669_37.4759412699036858,1200012604,사당역,126.9815729873653396_37.4759244431946215,285.0,13.0,정체,126.9815729873653396_37.4759244431946215|126.9812548651862727_37.4759025444998670|126.9812539432546714_37.4759025800500751|126.9810035708241287_37.4759122342870654|126.9801469632111974_37.4759452606210459|126.9798496083057984_37.4759272567643791|126.9795261688568644_37.4759303639910115|126.9783894695607387_37.4759412770384230|126.9783504943989669_37.4759412699036858
2026-09-04T06:42:24.849833+09:00,사당역,사당역,POI029,KEY_4,1210008004,과천대로,1200012604,사당역,126.9815729873653396_37.4759244431946215,1200013303,사당역사거리,126.9815670557517393_37.4764560893672538,59.0,31.0,원활,126.9815670557517393_37.4764560893672538|126.9815729873653396_37.4759244431946215
2026-09-04T06:42:24.849833+09:00,사당역,사당역,POI029,KEY_4,1210008011,과천대로,1200062900,최소노드배치점,126.9822525246905229_37.4734022440347303,1200012603,사당역,126.9815823220961875_37.4758165626830646,275.0,31.0,원활,126.9815823220961875_37.4758165626830646|126.9817001113355701_37.4750801148305257|126.9817905847563964_37.4746695755126211|126.9820074384190463_37.4739500549048046|126.9822334447884487_37.4734412030830981|126.9822525246905229_37.4734022440347303
2026-09-04T06:42:24.849833+09:00,사당역,사당역,POI029,KEY_4,1210008103,과천대로,1200013302,사당역사거리,126.9817028736171522_37.4764428156749503,1200012601,사당역,126.9817086454812056_37.4759254044758237,57.0,26.0,원활,126.9817086454812056_37.4759254044758237|126.9817028736171522_37.4764428156749503
2026-09-04T06:42:24.849833+09:00,사당역,사당역,POI029,KEY_4,1210010802,남부순환로,1210017903,사당역,126.9828244412134239_37.4763105643704293,1200013302,사당역사거리,126.9817028736171522_37.4764428156749503,100.0,17.0,서행,126.9817028736171522_37.4764428156749503|126.9828244412134239_37.4763105643704293
2026-09-04T06:42:24.849833+09:00,사당역,사당역,POI029,KEY_4,1210010803,남부순환로,1210003303,서울메트로교차로,126.9859091321453235_37.4757933674249983,1210017903,사당역,126.9828244412134239_37.4763105643704293,280.0,34.0,원활,126.9828244412134239_37.4763105643704293|126.9838822367532885_37.4761741693844570|126.9845101702115926_37.4760682802059222|126.9852145546307440_37.4759088277420105|126.9856963687830245_37.4757894650169021|126.9859091321453235_37.4757933674249983
2026-09-04T06:42:24.849833+09:00,사당역,사당역,POI029,KEY_4,1210010902,남부순환로,1200013301,사당역사거리,126.9817082784629605_37.4766607747569367,1210017904,사당역,126.9827527470157378_37.4765376153703258,93.0,9.0,정체,126.9827527470157378_37.4765376153703258|126.9817082784629605_37.4766607747569367
2026-09-04T06:42:24.849833+09:00,사당역,사당역,POI029,KEY_4,1210010903,남부순환로,1210017902,사당역,126.9830561823782915_37.4764997376228024,1210003304,서울메트로교차로,126.9859494025058098_37.4758966152538164,266.0,28.0,원활,126.9859494025058098_37.4758966152538164|126.9857769093572557_37.4759959608525506|126.9852919046509356_37.4761161137957686|126.9845753962514294_37.4762783105096844|126.9839320162596152_37.4763868045525186|126.9830561823782915_37.4764997376228024
2026-09-04T06:42:24.849833+09:00,사당역,사당역,POI029,KEY_4,1210013202,동작대로,1190033600,사당동 345-15,126.9817861676152404_37.4805935022985111,1210020003,삼산빌딩,126.9818242931630436_37.4813376709689763,83.0,19.0,서행,126.9818242931630436_37.4813376709689763|126.9817861676152404_37.4805935022985111
2026-09-04T06:42:24.849833+09:00,사당역,사당역,POI029,KEY_4,1210013301,동작대로,1210018502,사당역,126.9817437830158013_37.4771994664082868,1200013301,사당역사거리,126.9817082784629605_37.4766607747569367,60.0,8.0,정체,126.9817082784629605_37.4766607747569367|126.9817437830158013_37.4771994664082868
2026-09-04T06:42:24.849833+09:00,사당역,사당역,POI029,KEY_4,1210013302,동작대로,1210468700,방배동 443-12,126.9818049976731800_37.4783394618983792,1210018501,사당역,126.9817502949196921_37.4773079097285162,115.0,8.0,정체,126.9817502949196921_37.4773079097285162|126.9818049976731800_37.4783394618983792
2026-09-04T06:42:24.849833+09:00,사당역,사당역,POI029,KEY_4,1210040300,남부순환로,1210018102,사조비앤엠,126.9832282659307907_37.4770362167618387,1210017902,사당역,126.9830561823782915_37.4764997376228024,62.0,23.0,서행,126.9830561823782915_37.4764997376228024|126.9830940755248747_37.4765277731399067|126.9832282659307907_37.4770362167618387
2026-09-04T06:42:24.849833+09:00,사당역,사당역,POI029,KEY_4,1210040700,방배천로2길,1210018403,방배동 503-2,126.9865499553038575_37.4771840753630201,1210018102,사조비앤엠,126.9832282659307907_37.4770362167618387,312.0,11.0,정체,126.9832282659307907_37.4770362167618387|126.9838387279922500_37.4769433744873552|126.9842264784725216_37.4768844016010547|126.9844843494000770_37.4768366985496968|126.9850479258344080_37.4767324414477372|126.9851328673271667_37.4767167276972017|126.9853016753093016_37.4766847179225664|126.9854463664147772_37.4766991501857447|126.9855880761818980_37.4767611614829477|126.9864528235630843_37.4771395635469844|126.9865499553038575_37.4771840753630201
2026-09-04T06:42:24.849833+09:00,사당역,사당역,POI029,KEY_4,1210040800,방배천로2길,1210481800,방배동 500-2,126.9855227810337936_37.4768559361672118,1210018404,방배동 503-2,126.9867909913023567_37.4774192533986010,128.0,24.0,서행,126.9867909913023567_37.4774192533986010|126.9863863560306783_37.4772338258397397|126.9855227810337936_37.4768559361672118
2026-09-04T06:42:24.849833+09:00,사당역,사당역,POI029,KEY_4,1210041000,방배천로2길,1210018103,사조비앤엠,126.9830940597976507_37.4770529961187151,1210018302,만남의광장,126.9828120263917697_37.4770814474041529,25.0,21.0,서행,126.9828120263917697_37.4770814474041529|126.9830940597976507_37.4770529961187151
2026-09-04T06:42:24.849833+09:00,사당역,사당역,POI029,KEY_4,1210041100,방배천로2길,1210018301,만남의광장,126.9827974715784791_37.4771918993242608,1210018104,사조비앤엠,126.9831110962849863_37.4771602618443040,28.0,20.0,서행,126.9831110962849863_37.4771602618443040|126.9827974715784791_37.4771918993242608
2026-09-04T06:42:24.849833+09:00,사당역,사당역,POI029,KEY_4,1210041200,방배천로,1210018303,만남의광장,126.9826774245232031_37.4770956879658286,1210018502,사당역,126.9817437830158013_37.4771994664082868,83.0,20.5,서행,126.9817437830158013_37.4771994664082868|126.9826774245232031_37.4770956879658286
2026-09-04T06:42:24.849833+09:00,사당역,사당역,POI029,KEY_4,1210041300,방배천로,1210018501,사당역,126.9817502949196921_37.4773079097285162,1210018304,만남의광장,126.9826398554988032_37.4772090314510322,79.0,13.0,정체,126.9826398554988032_37.4772090314510322|126.9817502949196921_37.4773079097285162
2026-09-04T06:42:24.849833+09:00,사당역,사당역,POI029,KEY_4,1210041500,방배천로,1210470700,방배동 493-3,126.9825683523388307_37.4783076787632652,1210018301,만남의광장,126.9827974715784791_37.4771918993242608,126.0,20.0,서행,126.9827974715784791_37.4771918993242608|126.9826927892492421_37.4773818532591676|126.9826336040056276_37.4779466108636683|126.9825683523388307_37.4783076787632652
2026-09-04T06:42:24.849833+09:00,사당역,사당역,POI029,KEY_4,1210041600,방배천로,1210470600,방배동 493-3,126.9824340696896314_37.4782922656353747,1210020108,한국영농신문,126.9823867484598452_37.4813297051922873,338.0,22.0,서행,126.9823867484598452_37.4813297051922873|126.9822960071732609_37.4793999970057357|126.9823413875449205_37.4788051096968715|126.9824340696896314_37.4782922656353747
2026-09-04T06:42:24.849833+09:00,사당역,사당역,POI029,KEY_4,1210178200,남부순환로,1210473400,최소노드배치점,126.9823646816492584_37.4765287259015523,1210003304,서울메트로교차로,126.9859494025058098_37.4758966152538164,325.0,57.5,원활,126.9859494025058098_37.4758966152538164|126.9852725668233688_37.4760642916119622|126.9845590899898724_37.4762258029378472|126.9839195713567648_37.4763336450874291|126.9828555926954294_37.4764708382123786|126.9823646816492584_37.4765287259015523
2026-09-04T06:42:24.849833+09:00,사당역,사당역,POI029,KEY_4,1210178300,남부순환로,1210473300,최소노드배치점,126.9823448255159946_37.4764217699743014,1200013502,사당고가차도(서측),126.9787009972853724_37.4766393737914996,323.0,32.0,원활,126.9787009972853724_37.4766393737914996|126.9801151055036144_37.4766038798681222|126.9816260227920424_37.4765065271099331|126.9823448255159946_37.4764217699743014
2026-09-04T06:42:24.849833+09:00,삼각지역,삼각지역,POI030,KEY_1,1020014201,한강대로,1020026100,삼각지역10번출구,126.9742878403268662_37.5365230850403009,1020025601,삼각지역교차로,126.9741286309340893_37.5356441095230551,100.0,45.0,원활,126.9741286309340893_37.5356441095230551|126.9742144475380172_37.5358076529602371|126.9742840895532794_37.5360223351451125|126.9743213281359431_37.5362712689839313|126.9742979653557313_37.5364679009623998|126.9742878403268662_37.5365230850403009
2026-09-04T06:42:24.849833+09:00,삼각지역,삼각지역,POI030,KEY_1,1020009302,한강대로,1020025100,삼각지역7번출구,126.9734329393310475_37.5350708801419586,1020025603,삼각지역교차로,126.9739472931050841_37.5356089153529453,75.0,47.0,원활,126.9739472931050841_37.5356089153529453|126.9738394312628174_37.5354850527930566|126.9734329393310475_37.5350708801419586
2026-09-04T06:42:24.849833+09:00,삼각지역,삼각지역,POI030,KEY_1,1020009402,한강대로,1020025602,삼각지역교차로,126.9740601326000160_37.5355487598275559,1020024700,삼각지역7번출구,126.9735399131187421_37.5350043003819138,76.0,12.0,정체,126.9735399131187421_37.5350043003819138|126.9739487928858210_37.5354209040961138|126.9740601326000160_37.5355487598275559
2026-09-04T06:42:24.849833+09:00,삼각지역,삼각지역,POI030,KEY_1,1020011301,이태원로,1020024900,삼각지역13번출구,126.9749769084332343_37.5349767961125238,1020025602,삼각지역교차로,126.9740601326000160_37.5355487598275559,103.0,39.0,원활,126.9740601326000160_37.5355487598275559|126.9743097291953688_37.5353822428393471|126.9749769084332343_37.5349767961125238
2026-09-04T06:42:24.849833+09:00,삼각지역,삼각지역,POI030,KEY_1,1020011302,이태원로,1020172000,용산동1가 8-4,126.9758108129347249_37.5345865931169627,1020024900,삼각지역13번출구,126.9749769084332343_37.5349767961125238,86.0,33.3,원활,126.9749769084332343_37.5349767961125238|126.9752246722463696_37.5348262262511767|126.9755579245992294_37.5346530089152211|126.9756727269330270_37.5346093142588373|126.9758108129347249_37.5345865931169627
2026-09-04T06:42:24.849833+09:00,삼각지역,삼각지역,POI030,KEY_1,1020011401,이태원로,1020025601,삼각지역교차로,126.9741286309340893_37.5356441095230551,1020025200,삼각지역(서울6호선),126.9750592746409410_37.5350627473837051,105.0,24.5,서행,126.9750592746409410_37.5350627473837051|126.9743945507994880_37.5354667021441912|126.9741286309340893_37.5356441095230551
2026-09-04T06:42:24.849833+09:00,삼각지역,삼각지역,POI030,KEY_1,1020012501,백범로,1020037902,삼각지고가차도(동측),126.9728791096191856_37.5359752795594801,1020027102,삼각지고가차도(서측),126.9677288676026876_37.5375445517424211,487.0,20.0,서행,126.9677288676026876_37.5375445517424211|126.9695926562404367_37.5369758898650616|126.9701318143721522_37.5368090819879754|126.9706406142201445_37.5366572882838270|126.9714452222487893_37.5364042044241515|126.9728791096191856_37.5359752795594801
2026-09-04T06:42:24.849833+09:00,삼각지역,삼각지역,POI030,KEY_1,1020012502,백범로,1020025603,삼각지역교차로,126.9739472931050841_37.5356089153529453,1020025800,삼각지역8번출구,126.9732142110164972_37.5358680244183063,71.0,19.3,서행,126.9732142110164972_37.5358680244183063|126.9737037621432734_37.5357113531253859|126.9739472931050841_37.5356089153529453
2026-09-04T06:42:24.849833+09:00,삼각지역,삼각지역,POI030,KEY_1,1020012601,백범로,1020027101,삼각지고가차도(서측),126.9677775911532080_37.5376454699409763,1020037901,삼각지고가차도(동측),126.9729282965810881_37.5360760482562767,487.0,36.0,원활,126.9729282965810881_37.5360760482562767|126.9714940374053072_37.5365050994439287|126.9706893741407754_37.5367582007369904|126.9701802172559724_37.5369100999754153|126.9696415303806987_37.5370767622295958|126.9677775911532080_37.5376454699409763
2026-09-04T06:42:24.849833+09:00,삼각지역,삼각지역,POI030,KEY_1,1020012602,백범로,1020025900,삼각지역9번출구,126.9732648398461947_37.5359683460905913,1020025604,삼각지역교차로,126.9740127329014001_37.5357036653550509,72.0,34.0,원활,126.9740127329014001_37.5357036653550509|126.9737609376188203_37.5358095794168420|126.9732648398461947_37.5359683460905913
2026-09-04T06:42:24.849833+09:00,삼각지역,삼각지역,POI030,KEY_1,1020014101,한강대로,1020025604,삼각지역교차로,126.9740127329014001_37.5357036653550509,1020026300,삼각지역10번출구,126.9741534931197577_37.5365074530867560,92.0,12.0,정체,126.9741534931197577_37.5365074530867560|126.9741631206036629_37.5364549845269977|126.9741847918449622_37.5362725862118936|126.9741503498416080_37.5360423405955430|126.9740854223847748_37.5358421943092253|126.9740127329014001_37.5357036653550509
2026-09-04T06:42:24.849833+09:00,삼각지역,삼각지역,POI030,KEY_1,1020014202,한강대로,1020131600,한강로1가 11-13,126.9741900195763549_37.5369252595219507,1020026100,삼각지역10번출구,126.9742878403268662_37.5365230850403009,45.0,34.0,원활,126.9742878403268662_37.5365230850403009|126.9742659023367821_37.5366426475340518|126.9741900195763549_37.5369252595219507
2026-09-04T06:42:24.849833+09:00,삼각지역,삼각지역,POI030,KEY_1,1020041600,이태원로,1020024900,삼각지역13번출구,126.9749769084332343_37.5349767961125238,1020024700,삼각지역7번출구,126.9735399131187421_37.5350043003819138,133.0,31.0,원활,126.9735399131187421_37.5350043003819138|126.9737871420369544_37.5350683590055922|126.9740745093847494_37.5351141932787655|126.9743259590357241_37.5351428549854020|126.9744936004149025_37.5351390773759803|126.9746804090904675_37.5351124173200219|126.9749769084332343_37.5349767961125238
2026-09-04T06:42:24.849833+09:00,삼각지역,삼각지역,POI030,KEY_1,1020042000,한강대로,1020025100,삼각지역7번출구,126.9734329393310475_37.5350708801419586,1020025800,삼각지역8번출구,126.9732142110164972_37.5358680244183063,99.0,30.5,원활,126.9732142110164972_37.5358680244183063|126.9733594327573485_37.5358059269681803|126.9734228796811522_37.5357567484317087|126.9734612351895180_37.5356518652658693|126.9734828450604738_37.5354935787201356|126.9734805099240447_37.5353238449836439|126.9734329393310475_37.5350708801419586
2026-09-04T06:42:24.849833+09:00,삼각지역,삼각지역,POI030,KEY_1,1020042700,한강대로,1020026100,삼각지역10번출구,126.9742878403268662_37.5365230850403009,1020025200,삼각지역(서울6호선),126.9750592746409410_37.5350627473837051,177.0,33.0,원활,126.9750592746409410_37.5350627473837051|126.9748767335852051_37.5352726571772237|126.9747904745872802_37.5354004160112282|126.9747233793208210_37.5355186435926313|126.9746634608651732_37.5356559432532677|126.9746035202002048_37.5358580851873924|126.9744788894439296_37.5361422194916159|126.9743662656054255_37.5363310006673174|126.9742878403268662_37.5365230850403009
2026-09-04T06:42:24.849833+09:00,삼각지역,삼각지역,POI030,KEY_1,1020043000,백범로,1020025900,삼각지역9번출구,126.9732648398461947_37.5359683460905913,1020026300,삼각지역10번출구,126.9741534931197577_37.5365074530867560,106.0,24.0,서행,126.9741534931197577_37.5365074530867560|126.9740836590516437_37.5363538243993915|126.9739256446785731_37.5362145697140122|126.9738011461972036_37.5361115577945768|126.9736574773157685_37.5360428695899984|126.9734563275352457_37.5359856101105933|126.9732648398461947_37.5359683460905913
2026-09-04T06:42:24.849833+09:00,삼각지역,삼각지역,POI030,KEY_1,1020043101,백범로,1020025800,삼각지역8번출구,126.9732142110164972_37.5358680244183063,1020037902,삼각지고가차도(동측),126.9728791096191856_37.5359752795594801,32.0,19.3,서행,126.9728791096191856_37.5359752795594801|126.9732142110164972_37.5358680244183063
2026-09-04T06:42:24.849833+09:00,삼각지역,삼각지역,POI030,KEY_1,1020043102,백범로99길,1020037902,삼각지고가차도(동측),126.9728791096191856_37.5359752795594801,1020037802,삼각지고가차도,126.9714218863204991_37.5363534364092146,136.0,26.5,원활,126.9714218863204991_37.5363534364092146|126.9726010356899621_37.5360007149303883|126.9728791096191856_37.5359752795594801
2026-09-04T06:42:24.849833+09:00,삼각지역,삼각지역,POI030,KEY_1,1020043201,백범로,1020037901,삼각지고가차도(동측),126.9729282965810881_37.5360760482562767,1020025900,삼각지역9번출구,126.9732648398461947_37.5359683460905913,32.0,34.0,원활,126.9732648398461947_37.5359683460905913|126.9729282965810881_37.5360760482562767
2026-09-04T06:42:24.849833+09:00,삼각지역,삼각지역,POI030,KEY_1,1020043202,백범로99길,1020037801,삼각지고가차도,126.9715173745611594_37.5365558674436173,1020037901,삼각지고가차도(동측),126.9729282965810881_37.5360760482562767,136.0,27.5,원활,126.9729282965810881_37.5360760482562767|126.9726965267358452_37.5362031442635811|126.9715173745611594_37.5365558674436173
2026-09-04T06:42:24.849833+09:00,삼각지역,삼각지역,POI030,KEY_1,1020057501,한강대로,1020058400,한강로1가 228-1,126.9732120555661368_37.5348400238888473,1020025100,삼각지역7번출구,126.9734329393310475_37.5350708801419586,32.0,51.0,원활,126.9734329393310475_37.5350708801419586|126.9732120555661368_37.5348400238888473
2026-09-04T06:42:24.849833+09:00,서울대입구역,서울대입구역,POI031,KEY_2,1200000702,관악로,1200147600,봉천동 1693-29,126.9522246538503936_37.4777352134391819,1200015703,관악구청앞교차로,126.9522377459285281_37.4786693925832921,104.0,45.0,원활,126.9522377459285281_37.4786693925832921|126.9522077157591440_37.4782346145373069|126.9522055955279285_37.4782039175510846|126.9521997038051779_37.4779133486468794|126.9522246538503936_37.4777352134391819
2026-09-04T06:42:24.849833+09:00,서울대입구역,서울대입구역,POI031,KEY_2,1200002501,남부순환로,1200016403,대주빌딩,126.9574913970491110_37.4793760798364062,1200016502,원당초교입구교차로,126.9559402890267705_37.4799879964122979,153.0,23.0,서행,126.9559402890267705_37.4799879964122979|126.9574913970491110_37.4793760798364062
2026-09-04T06:42:24.849833+09:00,서울대입구역,서울대입구역,POI031,KEY_2,1200002601,남부순환로,1200016501,원당초교입구교차로,126.9559206387162646_37.4801163909857848,1200016404,대주빌딩,126.9575515870621558_37.4794729778043134,161.0,29.0,원활,126.9575515870621558_37.4794729778043134|126.9559206387162646_37.4801163909857848
2026-09-04T06:42:24.849833+09:00,서울대입구역,서울대입구역,POI031,KEY_2,1200002904,쑥고개로,1200153800,봉천동 1693-14,126.9487765703259896_37.4791184371890367,1200015904,봉천동 1693-14,126.9505376178615847_37.4789435653166905,157.0,26.0,원활,126.9505376178615847_37.4789435653166905|126.9499023027108819_37.4790066551792052|126.9493012906527269_37.4790663353359861|126.9487765703259896_37.4791184371890367
2026-09-04T06:42:24.849833+09:00,서울대입구역,서울대입구역,POI031,KEY_2,1200002905,쑥고개로,1200133600,봉천동 1693-14,126.9513985522525559_37.4788598121389285,1200015704,관악구청앞교차로,126.9522505906299727_37.4787770665901121,76.0,27.0,원활,126.9522505906299727_37.4787770665901121|126.9513985522525559_37.4788598121389285
2026-09-04T06:42:24.849833+09:00,서울대입구역,서울대입구역,POI031,KEY_2,1200003004,쑥고개로,1200133700,봉천동 1693-14,126.9513821417355217_37.4787524843844011,1200015902,봉천동 1693-14,126.9506555196940241_37.4788230451029918,65.0,10.0,정체,126.9506555196940241_37.4788230451029918|126.9513821417355217_37.4787524843844011
2026-09-04T06:42:24.849833+09:00,서울대입구역,서울대입구역,POI031,KEY_2,1200003301,관악로,1200137200,봉천동 979-2,126.9524878048813292_37.4801951810912044,1200017803,서울대입구역앞교차로,126.9526605547101354_37.4812278801779613,116.0,15.0,서행,126.9526605547101354_37.4812278801779613|126.9525338709949125_37.4804705672934091|126.9524878048813292_37.4801951810912044
2026-09-04T06:42:24.849833+09:00,서울대입구역,서울대입구역,POI031,KEY_2,1200003401,관악로,1200154100,봉천동 979-3,126.9524660705434087_37.4792470168027734,1200015701,관악구청앞교차로,126.9523850704364207_37.4787627796784051,54.0,19.0,서행,126.9523850704364207_37.4787627796784051|126.9524660705434087_37.4792470168027734
2026-09-04T06:42:24.849833+09:00,서울대입구역,서울대입구역,POI031,KEY_2,1200003702,남부순환로,1200016503,원당초교입구교차로,126.9557958253940910_37.4800450576380442,1200017802,서울대입구역앞교차로,126.9527915715378725_37.4811928722608272,295.0,28.0,원활,126.9527915715378725_37.4811928722608272|126.9531845048482381_37.4810807920192062|126.9557958253940910_37.4800450576380442
2026-09-04T06:42:24.849833+09:00,서울대입구역,서울대입구역,POI031,KEY_2,1200003802,남부순환로,1200017801,서울대입구역앞교차로,126.9528230848760160_37.4812987216698303,1200016504,원당초교입구교차로,126.9557714315071593_37.4801755064166073,289.0,19.0,서행,126.9557714315071593_37.4801755064166073|126.9532377759305035_37.4811804349692039|126.9528230848760160_37.4812987216698303
2026-09-04T06:42:24.849833+09:00,서울대입구역,서울대입구역,POI031,KEY_2,1200004300,봉천로,1200125700,봉천동 976-2,126.9539561572800608_37.4817575055817400,1200018502,봉천로사거리,126.9532176156306775_37.4820077732204027,71.0,15.0,서행,126.9532176156306775_37.4820077732204027|126.9539561572800608_37.4817575055817400
2026-09-04T06:42:24.849833+09:00,서울대입구역,서울대입구역,POI031,KEY_2,1200004400,봉천로,1200137100,봉천동 1693-67,126.9558280377526103_37.4805793725063552,1200016501,원당초교입구교차로,126.9559206387162646_37.4801163909857848,52.0,18.5,서행,126.9559206387162646_37.4801163909857848|126.9558280377526103_37.4805793725063552
2026-09-04T06:42:24.849833+09:00,서울대입구역,서울대입구역,POI031,KEY_2,1200004801,남부순환로,1200154700,최소노드배치점,126.9495413094698080_37.4816992764322237,1200017804,서울대입구역앞교차로,126.9526941920900214_37.4813327311166375,282.0,30.5,원활,126.9526941920900214_37.4813327311166375|126.9523071664939522_37.4814260600463669|126.9519781168149848_37.4814732693768704|126.9495413094698080_37.4816992764322237
2026-09-04T06:42:24.849833+09:00,서울대입구역,서울대입구역,POI031,KEY_2,1200004902,관악로,1200017804,서울대입구역앞교차로,126.9526941920900214_37.4813327311166375,1200018503,봉천로사거리,126.9530925534990615_37.4820505395562833,87.0,7.0,정체,126.9530925534990615_37.4820505395562833|126.9528795135001928_37.4817271617772008|126.9526941920900214_37.4813327311166375
2026-09-04T06:42:24.849833+09:00,서울대입구역,서울대입구역,POI031,KEY_2,1200005002,관악로,1200018502,봉천로사거리,126.9532176156306775_37.4820077732204027,1200017801,서울대입구역앞교차로,126.9528230848760160_37.4812987216698303,86.0,16.0,서행,126.9528230848760160_37.4812987216698303|126.9530035917882600_37.4816829031847973|126.9532176156306775_37.4820077732204027
2026-09-04T06:42:24.849833+09:00,서울대입구역,서울대입구역,POI031,KEY_2,1200006701,관악로,1200018504,봉천로사거리,126.9531617530743546_37.4821434849747632,1200019003,봉천동 738-2,126.9542278055383804_37.4833743780636368,166.0,19.0,서행,126.9542278055383804_37.4833743780636368|126.9531617530743546_37.4821434849747632
2026-09-04T06:42:24.849833+09:00,서울대입구역,서울대입구역,POI031,KEY_2,1200006801,관악로,1200019002,봉천동 974,126.9543394692249194_37.4833129616067495,1200018501,봉천로사거리,126.9532896763081737_37.4821008446812698,163.0,46.7,원활,126.9532896763081737_37.4821008446812698|126.9543394692249194_37.4833129616067495
2026-09-04T06:42:24.849833+09:00,서울대입구역,서울대입구역,POI031,KEY_2,1200006802,관악로,1200121600,봉천동 33-2,126.9546356552230151_37.4836649816748775,1200019001,봉천동 738-154,126.9544168536153990_37.4834038021005114,35.0,58.0,원활,126.9544168536153990_37.4834038021005114|126.9546356552230151_37.4836649816748775
2026-09-04T06:42:24.849833+09:00,서울대입구역,서울대입구역,POI031,KEY_2,1200033600,봉천로,1200122300,봉천동 1693-61,126.9558457686856912_37.4796869046605181,1200016503,원당초교입구교차로,126.9557958253940910_37.4800450576380442,40.0,10.0,정체,126.9557958253940910_37.4800450576380442|126.9558457686856912_37.4796869046605181
2026-09-04T06:42:24.849833+09:00,서울대입구역,서울대입구역,POI031,KEY_2,1200033700,봉천로,1200016502,원당초교입구교차로,126.9559402890267705_37.4799879964122979,1200015804,봉천동 1693-44,126.9571670665262957_37.4788983823675323,181.0,19.0,서행,126.9571670665262957_37.4788983823675323|126.9569560237969057_37.4789790350281962|126.9561798226016833_37.4792756654327093|126.9560769612357092_37.4793698475757964|126.9560066912847276_37.4795118087694945|126.9559806097831967_37.4796988466465635|126.9559402890267705_37.4799879964122979
2026-09-04T06:42:24.849833+09:00,서울대입구역,서울대입구역,POI031,KEY_2,1200052501,봉천로,1200018503,봉천로사거리,126.9530925534990615_37.4820505395562833,1200030402,봉천로사거리,126.9527961557603106_37.4821293390019150,28.0,5.0,정체,126.9527961557603106_37.4821293390019150|126.9529247768185485_37.4820983233696552|126.9530331363959448_37.4820706577702865|126.9530925534990615_37.4820505395562833
2026-09-04T06:42:24.849833+09:00,서울대입구역,서울대입구역,POI031,KEY_2,1200052601,봉천로,1200130200,봉천동 976-3,126.9526380490989510_37.4822446203455186,1200018504,봉천로사거리,126.9531617530743546_37.4821434849747632,48.0,10.0,정체,126.9531617530743546_37.4821434849747632|126.9531180383010138_37.4821578064242544|126.9530188720877106_37.4821849513698737|126.9529105767887813_37.4822036041905164|126.9528138385163487_37.4822146288342211|126.9526380490989510_37.4822446203455186
2026-09-04T06:42:24.849833+09:00,서울식물원·마곡나루역,서울식물원·마곡나루역,POI032,KEY_3,1150410500,마곡중앙로,1150142404,마곡동727-816,126.8272918915514538_37.5632453378836573,1150074903,마곡동 761-5,126.8274513442039506_37.5643548917567500,124.0,47.0,원활,126.8274513442039506_37.5643548917567500|126.8272918915514538_37.5632453378836573
2026-09-04T06:42:24.849833+09:00,서울식물원·마곡나루역,서울식물원·마곡나루역,POI032,KEY_3,1150092200,양천로47길,1150043105,가양동 259-16,126.8376787257849969_37.5704831139822559,1150045203,안국물류센터,126.8371828053407455_37.5723976729921745,227.0,20.0,서행,126.8371828053407455_37.5723976729921745|126.8372344178457070_37.5722638296760110|126.8374792508476361_37.5718439420828005|126.8378050738606220_37.5712851487789550|126.8378502494829121_37.5711505545359614|126.8378505078834309_37.5710313650556245|126.8377927438611579_37.5707759880537111|126.8377611633382571_37.5706808457399717|126.8377261330084451_37.5705753099356343|126.8376787257849969_37.5704831139822559
2026-09-04T06:42:24.849833+09:00,서울식물원·마곡나루역,서울식물원·마곡나루역,POI032,KEY_3,1150092300,양천로47길,1150263800,가양동 270-1,126.8378924928257305_37.5706532278373118,1150043102,가양동 272-31,126.8377947178878316_37.5704232539362835,27.0,22.0,서행,126.8377947178878316_37.5704232539362835|126.8378552002995718_37.5705408782778889|126.8378924928257305_37.5706532278373118
2026-09-04T06:42:24.849833+09:00,서울식물원·마곡나루역,서울식물원·마곡나루역,POI032,KEY_3,1150162500,마곡중앙로,1150074904,마곡동 761-5,126.8274669943156709_37.5644625852716132,1150075008,마곡나루역,126.8277833312780558_37.5666128805373489,240.0,11.5,정체,126.8277833312780558_37.5666128805373489|126.8276575183308523_37.5657576833248612|126.8274669943156709_37.5644625852716132
2026-09-04T06:42:24.849833+09:00,서울식물원·마곡나루역,서울식물원·마곡나루역,POI032,KEY_3,1150162600,마곡중앙로,1150075007,마곡나루역,126.8279182372204161_37.5666003050689881,1150074901,마곡동 761-5,126.8276018960349489_37.5644500101354311,240.0,16.0,서행,126.8276018960349489_37.5644500101354311|126.8277924230811209_37.5657451076729956|126.8279182372204161_37.5666003050689881
2026-09-04T06:42:24.849833+09:00,서울식물원·마곡나루역,서울식물원·마곡나루역,POI032,KEY_3,1150345700,마곡중앙5로,1150123803,마곡엠밸리7단지아파트,126.8248194327366463_37.5668890819305616,1150041502,마곡동 736-3,126.8229883663928348_37.5670430646556497,163.0,25.0,원활,126.8229883663928348_37.5670430646556497|126.8240917306121815_37.5669502812011729|126.8248194327366463_37.5668890819305616
2026-09-04T06:42:24.849833+09:00,서울식물원·마곡나루역,서울식물원·마곡나루역,POI032,KEY_3,1150345800,마곡중앙5로,1150213100,마곡동 736-3,126.8241060019915096_37.5670578051764892,1150123804,마곡엠밸리7단지아파트,126.8248353308419922_37.5669964661057989,65.0,16.0,서행,126.8248353308419922_37.5669964661057989|126.8241060019915096_37.5670578051764892
2026-09-04T06:42:24.849833+09:00,서울식물원·마곡나루역,서울식물원·마곡나루역,POI032,KEY_3,1150346100,마곡중앙로,1150123903,마곡동 754-6,126.8250189223362980_37.5683858530446315,1150123702,속성변화점,126.8238655983810474_37.5684135391033465,102.0,6.0,정체,126.8238655983810474_37.5684135391033465|126.8250189223362980_37.5683858530446315
2026-09-04T06:42:24.849833+09:00,서울식물원·마곡나루역,서울식물원·마곡나루역,POI032,KEY_3,1150346200,마곡중앙로,1150123701,속성변화점,126.8238696921612529_37.5685216090925493,1150123904,마곡동 754-6,126.8250332753124354_37.5684936763918387,103.0,21.0,서행,126.8250332753124354_37.5684936763918387|126.8238696921612529_37.5685216090925493
2026-09-04T06:42:24.849833+09:00,서울식물원·마곡나루역,서울식물원·마곡나루역,POI032,KEY_3,1150346700,마곡서로,1150123804,마곡엠밸리7단지아파트,126.8248353308419922_37.5669964661057989,1150123903,마곡동 754-6,126.8250189223362980_37.5683858530446315,155.0,10.5,정체,126.8250189223362980_37.5683858530446315|126.8249800749604077_37.5680918674812148|126.8248353308419922_37.5669964661057989
2026-09-04T06:42:24.849833+09:00,서울식물원·마곡나루역,서울식물원·마곡나루역,POI032,KEY_3,1150346900,마곡서로,1150123902,마곡동 754-6,126.8251545831812592_37.5683788917189787,1150123801,마곡엠밸리7단지아파트,126.8249703595226379_37.5669847444380380,156.0,13.0,정체,126.8249703595226379_37.5669847444380380|126.8251151605168872_37.5680805576273471|126.8251545831812592_37.5683788917189787
2026-09-04T06:42:24.849833+09:00,서울식물원·마곡나루역,서울식물원·마곡나루역,POI032,KEY_3,1150347100,마곡서로,1150123904,마곡동 754-6,126.8250332753124354_37.5684936763918387,1150124003,마곡엠밸리4단지아파트,126.8251683287211193_37.5694996548876929,112.0,8.0,정체,126.8251683287211193_37.5694996548876929|126.8250332753124354_37.5684936763918387
2026-09-04T06:42:24.849833+09:00,서울식물원·마곡나루역,서울식물원·마곡나루역,POI032,KEY_3,1150347400,마곡서로,1150124002,마곡엠밸리4단지아파트,126.8253033927255586_37.5694881665028930,1150123901,마곡동 754-6,126.8251689045653734_37.5684864088936621,112.0,10.0,정체,126.8251689045653734_37.5684864088936621|126.8253033927255586_37.5694881665028930
2026-09-04T06:42:24.849833+09:00,서울식물원·마곡나루역,서울식물원·마곡나루역,POI032,KEY_3,1150348000,마곡중앙5로,1150075008,마곡나루역,126.8277833312780558_37.5666128805373489,1150123802,마곡엠밸리7단지아파트,126.8249544940145910_37.5668773639659790,252.0,26.0,원활,126.8249544940145910_37.5668773639659790|126.8260844492597670_37.5667761890566325|126.8262182438895138_37.5667637598528401|126.8277833312780558_37.5666128805373489
2026-09-04T06:42:24.849833+09:00,서울식물원·마곡나루역,서울식물원·마곡나루역,POI032,KEY_3,1150348100,마곡중앙5로,1150123801,마곡엠밸리7단지아파트,126.8249703595226379_37.5669847444380380,1150124404,두산더랜드타워,126.8260996331955255_37.5668836310497909,100.0,13.0,정체,126.8260996331955255_37.5668836310497909|126.8249703595226379_37.5669847444380380
2026-09-04T06:42:24.849833+09:00,서울식물원·마곡나루역,서울식물원·마곡나루역,POI032,KEY_3,1150348400,마곡중앙로,1150124503,라마다앙코르서울마곡호텔,126.8262696732657275_37.5682885029268263,1150123902,마곡동 754-6,126.8251545831812592_37.5683788917189787,99.0,10.0,정체,126.8251545831812592_37.5683788917189787|126.8262696732657275_37.5682885029268263
2026-09-04T06:42:24.849833+09:00,서울식물원·마곡나루역,서울식물원·마곡나루역,POI032,KEY_3,1150348500,마곡중앙로,1150123901,마곡동 754-6,126.8251689045653734_37.5684864088936621,1150124504,라마다앙코르서울마곡호텔,126.8262834041454568_37.5683960690200394,99.0,15.0,서행,126.8262834041454568_37.5683960690200394|126.8251689045653734_37.5684864088936621
2026-09-04T06:42:24.849833+09:00,서울식물원·마곡나루역,서울식물원·마곡나루역,POI032,KEY_3,1150348900,마곡중앙5로1길,1150246400,마곡동 756-10,126.8261924890039722_37.5676508126898696,1150124503,라마다앙코르서울마곡호텔,126.8262696732657275_37.5682885029268263,71.0,6.0,정체,126.8262696732657275_37.5682885029268263|126.8261924890039722_37.5676508126898696
2026-09-04T06:42:24.849833+09:00,서울식물원·마곡나루역,서울식물원·마곡나루역,POI032,KEY_3,1150349200,마곡중앙5로1길,1150246300,마곡동 760,126.8263276928453962_37.5676404440413449,1150124401,두산더랜드타워,126.8262345744409885_37.5668711008752041,86.0,9.0,정체,126.8262345744409885_37.5668711008752041|126.8263276928453962_37.5676404440413449
2026-09-04T06:42:24.849833+09:00,서울식물원·마곡나루역,서울식물원·마곡나루역,POI032,KEY_3,1150349300,마곡중앙5로1길,1150124504,라마다앙코르서울마곡호텔,126.8262834041454568_37.5683960690200394,1150124603,마곡동 755-11,126.8264179078798719_37.5693978253014009,112.0,9.0,정체,126.8264179078798719_37.5693978253014009|126.8262834041454568_37.5683960690200394
2026-09-04T06:42:24.849833+09:00,서울식물원·마곡나루역,서울식물원·마곡나루역,POI032,KEY_3,1150349500,마곡중앙5로1길,1150124602,마곡동 756-10,126.8265530251150182_37.5693867385103744,1150124501,라마다앙코르서울마곡호텔,126.8264185129404780_37.5683849300273707,112.0,9.0,정체,126.8264185129404780_37.5683849300273707|126.8265530251150182_37.5693867385103744
2026-09-04T06:42:24.849833+09:00,서울식물원·마곡나루역,서울식물원·마곡나루역,POI032,KEY_3,1150350400,마곡중앙5로,1150124401,두산더랜드타워,126.8262345744409885_37.5668711008752041,1150075009,마곡나루역,126.8277994809352833_37.5667203788234190,139.0,20.5,서행,126.8277994809352833_37.5667203788234190|126.8262345744409885_37.5668711008752041
2026-09-04T06:42:24.849833+09:00,서울식물원·마곡나루역,서울식물원·마곡나루역,POI032,KEY_3,1150350500,마곡중앙로,1150125003,마곡동 761-5,126.8280174969957130_37.5681421784926002,1150124502,라마다앙코르서울마곡호텔,126.8264047845530769_37.5682773629179252,143.0,13.0,정체,126.8264047845530769_37.5682773629179252|126.8280174969957130_37.5681421784926002
2026-09-04T06:42:24.849833+09:00,서울식물원·마곡나루역,서울식물원·마곡나루역,POI032,KEY_3,1150350600,마곡중앙로,1150124501,라마다앙코르서울마곡호텔,126.8264185129404780_37.5683849300273707,1150125004,마곡동 761-5,126.8280336731774582_37.5682495397938183,143.0,13.0,정체,126.8280336731774582_37.5682495397938183|126.8264185129404780_37.5683849300273707
2026-09-04T06:42:24.849833+09:00,서울식물원·마곡나루역,서울식물원·마곡나루역,POI032,KEY_3,1150351301,마곡중앙로,1150075004,속성변화점,126.8278972863442249_37.5673582246527644,1150125003,마곡동 761-5,126.8280174969957130_37.5681421784926002,88.0,19.5,서행,126.8280174969957130_37.5681421784926002|126.8279137604504427_37.5674656611974243|126.8278972863442249_37.5673582246527644
2026-09-04T06:42:24.849833+09:00,서울식물원·마곡나루역,서울식물원·마곡나루역,POI032,KEY_3,1150351302,마곡중앙로,1150075009,마곡나루역,126.8277994809352833_37.5667203788234190,1150075004,속성변화점,126.8278972863442249_37.5673582246527644,71.0,11.0,정체,126.8278972863442249_37.5673582246527644|126.8277994809352833_37.5667203788234190
2026-09-04T06:42:24.849833+09:00,서울식물원·마곡나루역,서울식물원·마곡나루역,POI032,KEY_3,1150351401,마곡중앙로,1150075003,마곡나루역(서울9호선),126.8280321112912787_37.5673451255178179,1150075006,마곡나루역,126.8279343028494424_37.5667072797274955,71.0,18.0,서행,126.8279343028494424_37.5667072797274955|126.8280321112912787_37.5673451255178179
2026-09-04T06:42:24.849833+09:00,서울식물원·마곡나루역,서울식물원·마곡나루역,POI032,KEY_3,1150351402,마곡중앙로,1150125002,마곡동 761-5,126.8281529581740017_37.5681331949291035,1150075002,마곡나루역(서울9호선),126.8280485860209836_37.5674525620977136,76.0,49.5,원활,126.8280485860209836_37.5674525620977136|126.8281529581740017_37.5681331949291035
2026-09-04T06:42:24.849833+09:00,서울식물원·마곡나루역,서울식물원·마곡나루역,POI032,KEY_3,1150351500,마곡중앙로,1150125004,마곡동 761-5,126.8280336731774582_37.5682495397938183,1150125103,두산더랜드파크,126.8281818807448644_37.5692514510466609,112.0,11.0,정체,126.8281818807448644_37.5692514510466609|126.8280336731774582_37.5682495397938183
2026-09-04T06:42:24.849833+09:00,서울식물원·마곡나루역,서울식물원·마곡나루역,POI032,KEY_3,1150351600,마곡중앙로,1150125202,마곡동302,126.8287027702962320_37.5718417586160029,1150125001,마곡동 761-5,126.8281691405074696_37.5682407381455761,402.0,48.5,원활,126.8281691405074696_37.5682407381455761|126.8283167811732142_37.5692388078092208|126.8283326812459535_37.5693461624015583|126.8287027702962320_37.5718417586160029
2026-09-04T06:42:24.849833+09:00,서울식물원·마곡나루역,서울식물원·마곡나루역,POI032,KEY_3,1150409100,마곡서로,1150142004,마곡동 767-6,126.8240678285792740_37.5622386186809436,1150142103,마곡동768,126.8242446293254773_37.5633729121217712,127.0,9.0,정체,126.8242446293254773_37.5633729121217712|126.8240678285792740_37.5622386186809436
2026-09-04T06:42:24.849833+09:00,서울식물원·마곡나루역,서울식물원·마곡나루역,POI032,KEY_3,1150409200,마곡서로,1150142102,마곡동768,126.8243794172085614_37.5633595988611333,1150142001,마곡동 767-6,126.8242026491620464_37.5622255252647577,127.0,17.0,서행,126.8242026491620464_37.5622255252647577|126.8243794172085614_37.5633595988611333
2026-09-04T06:42:24.849833+09:00,서울식물원·마곡나루역,서울식물원·마곡나루역,POI032,KEY_3,1150409300,마곡서로,1150142104,마곡동768,126.8242618848687613_37.5634808652541281,1150123803,마곡엠밸리7단지아파트,126.8248194327366463_37.5668890819305616,381.0,12.0,정체,126.8248194327366463_37.5668890819305616|126.8242618848687613_37.5634808652541281
2026-09-04T06:42:24.849833+09:00,서울식물원·마곡나루역,서울식물원·마곡나루역,POI032,KEY_3,1150409400,마곡서로,1150123802,마곡엠밸리7단지아파트,126.8249544940145910_37.5668773639659790,1150142101,마곡동768,126.8243965694592674_37.5634669041434393,382.0,15.0,서행,126.8243965694592674_37.5634669041434393|126.8249544940145910_37.5668773639659790
2026-09-04T06:42:24.849833+09:00,서울식물원·마곡나루역,서울식물원·마곡나루역,POI032,KEY_3,1150409700,마곡중앙로,1150142403,마곡동727-816,126.8272764525622875_37.5631379015638203,1150142102,마곡동768,126.8243794172085614_37.5633595988611333,257.0,19.0,서행,126.8243794172085614_37.5633595988611333|126.8272764525622875_37.5631379015638203
2026-09-04T06:42:24.849833+09:00,서울식물원·마곡나루역,서울식물원·마곡나루역,POI032,KEY_3,1150409800,마곡중앙로,1150142101,마곡동768,126.8243965694592674_37.5634669041434393,1150142404,마곡동727-816,126.8272918915514538_37.5632453378836573,257.0,12.0,정체,126.8272918915514538_37.5632453378836573|126.8243965694592674_37.5634669041434393
2026-09-04T06:42:24.849833+09:00,서울식물원·마곡나루역,서울식물원·마곡나루역,POI032,KEY_3,1150410400,마곡중앙로,1150074902,마곡동 761-5,126.8275862789564741_37.5643426040570887,1150142301,마곡동770,126.8272402866037822_37.5619348890641191,269.0,34.0,원활,126.8272402866037822_37.5619348890641191|126.8274113938616381_37.5631256137476086|126.8274268326666459_37.5632330502435607|126.8275862789564741_37.5643426040570887
2026-09-04T06:42:24.849833+09:00,서울식물원·마곡나루역,서울식물원·마곡나루역,POI032,KEY_3,1150414000,마곡중앙10로,1150277800,마곡동 770-7,126.8288092332455363_37.5642208400664828,1150074902,마곡동 761-5,126.8275862789564741_37.5643426040570887,109.0,15.0,서행,126.8275862789564741_37.5643426040570887|126.8288092332455363_37.5642208400664828
2026-09-04T06:42:24.849833+09:00,서울식물원·마곡나루역,서울식물원·마곡나루역,POI032,KEY_3,1150414200,마곡중앙10로,1150389600,최소노드배치점,126.8307424036753446_37.5641372978135877,1150075304,마곡동 775-3,126.8338828853735123_37.5638245018731780,280.0,21.0,서행,126.8338828853735123_37.5638245018731780|126.8328221540902234_37.5639301616883472|126.8315352584256459_37.5640583366140817|126.8307424036753446_37.5641372978135877
2026-09-04T06:42:24.849833+09:00,서울식물원·마곡나루역,서울식물원·마곡나루역,POI032,KEY_3,1150416301,양천로,1150043108,마곡동55-14,126.8311555988990875_37.5725904146730514,1150075102,마곡나루역,126.8288373206273434_37.5727163496919587,205.0,28.0,원활,126.8288373206273434_37.5727163496919587|126.8296823072899855_37.5726704531005353|126.8299698430472375_37.5726548338152426|126.8311555988990875_37.5725904146730514
2026-09-04T06:42:24.849833+09:00,서울식물원·마곡나루역,서울식물원·마곡나루역,POI032,KEY_3,1150416302,양천로,1150291400,최소노드배치점,126.8347335812000694_37.5720301020831613,1150043107,마곡동55-14,126.8312911970061663_37.5725830471349624,313.0,22.0,서행,126.8312911970061663_37.5725830471349624|126.8313223863605401_37.5725813524673455|126.8319183935554975_37.5725385124495546|126.8329974182405095_37.5724286737315580|126.8338233378188562_37.5723299126639461|126.8341794125019959_37.5722589437952905|126.8344474121661420_37.5721717018549342|126.8347335812000694_37.5720301020831613
2026-09-04T06:42:24.849833+09:00,서울식물원·마곡나루역,서울식물원·마곡나루역,POI032,KEY_3,1150416501,양천로,1150291500,최소노드배치점,126.8348051840946482_37.5721214821432099,1150043105,가양동 259-16,126.8376787257849969_37.5704831139822559,313.0,40.0,원활,126.8376787257849969_37.5704831139822559|126.8361258425969709_37.5712621708563859|126.8357944030930753_37.5714717140547876|126.8353576867366996_37.5717917732486484|126.8348837484222003_37.5720824703133829|126.8348051840946482_37.5721214821432099
2026-09-04T06:42:24.849833+09:00,서울식물원·마곡나루역,서울식물원·마곡나루역,POI032,KEY_3,1150416502,양천로,1150254700,마곡동 60-8,126.8299790922617802_37.5727626902760221,1150043109,마곡동55-14,126.8311648498268056_37.5726982577767430,105.0,11.0,정체,126.8311648498268056_37.5726982577767430|126.8299790922617802_37.5727626902760221
2026-09-04T06:42:24.849833+09:00,서울식물원·마곡나루역,서울식물원·마곡나루역,POI032,KEY_3,1150417100,마곡동로,1150144104,마곡동 775-3,126.8335310636990982_37.5613083368637817,1150075303,마곡동 775-3,126.8338665843508579_37.5637171638409200,269.0,16.0,서행,126.8338665843508579_37.5637171638409200|126.8335310636990982_37.5613083368637817
2026-09-04T06:42:24.849833+09:00,서울식물원·마곡나루역,서울식물원·마곡나루역,POI032,KEY_3,1150417200,마곡동로,1150075302,마곡동 775-3,126.8340015234932139_37.5637048487681895,1150144101,마곡동 775-3,126.8336658955196157_37.5612952760720518,269.0,21.0,서행,126.8336658955196157_37.5612952760720518|126.8340015234932139_37.5637048487681895
2026-09-04T06:42:24.849833+09:00,서울식물원·마곡나루역,서울식물원·마곡나루역,POI032,KEY_3,1150417500,마곡동로,1150075304,마곡동 775-3,126.8338828853735123_37.5638245018731780,1150144203,마곡동780-2,126.8341558464182128_37.5654851502626030,186.0,23.0,서행,126.8341558464182128_37.5654851502626030|126.8338828853735123_37.5638245018731780
2026-09-04T06:42:24.849833+09:00,서울식물원·마곡나루역,서울식물원·마곡나루역,POI032,KEY_3,1150417800,마곡동로,1150144202,마곡동780-2,126.8342905242931806_37.5654711230213820,1150075301,마곡동 775-3,126.8340178433640517_37.5638121990224931,186.0,21.0,서행,126.8340178433640517_37.5638121990224931|126.8342905242931806_37.5654711230213820
2026-09-04T06:42:24.849833+09:00,서울식물원·마곡나루역,서울식물원·마곡나루역,POI032,KEY_3,1150418900,마곡동로,1150144204,마곡동780-2,126.8341734390219244_37.5655923282243478,1150144704,마곡동727-303,126.8354565033221064_37.5685517959434634,357.0,28.0,원활,126.8354565033221064_37.5685517959434634|126.8352352314876015_37.5683818105701022|126.8350821970963977_37.5682462656852252|126.8349214230356523_37.5680805174436756|126.8347977069162766_37.5679212503397295|126.8346746464682013_37.5677272641862245|126.8345733320090289_37.5675234947359442|126.8344739994450094_37.5672325405002852|126.8343694867273541_37.5667883088518053|126.8341734390219244_37.5655923282243478
2026-09-04T06:42:24.849833+09:00,서울식물원·마곡나루역,서울식물원·마곡나루역,POI032,KEY_3,1150419000,마곡동로,1150144703,마곡동727-303,126.8355507947878493_37.5684740291864117,1150144201,마곡동780-2,126.8343081233074940_37.5655783391273630,349.0,17.0,서행,126.8343081233074940_37.5655783391273630|126.8345041723628555_37.5667743196739465|126.8346075025500852_37.5672126182991306|126.8347043867980943_37.5674950807237948|126.8348008665867468_37.5676873195743610|126.8349188940197507_37.5678724174548293|126.8350368758045477_37.5680235593591050|126.8351895951969226_37.5681800709160072|126.8353361855195232_37.5683094763074124|126.8355507947878493_37.5684740291864117
2026-09-04T06:42:24.849833+09:00,서울식물원·마곡나루역,서울식물원·마곡나루역,POI032,KEY_3,1150419100,마곡중앙10로,1150145003,마곡동 788-5,126.8360599704796385_37.5635339917327684,1150075302,마곡동 775-3,126.8340015234932139_37.5637048487681895,183.0,22.0,서행,126.8340015234932139_37.5637048487681895|126.8350297428666948_37.5636195081810484|126.8354050095481540_37.5635883593580431|126.8360599704796385_37.5635339917327684
2026-09-04T06:42:24.849833+09:00,서울식물원·마곡나루역,서울식물원·마곡나루역,POI032,KEY_3,1150419200,마곡중앙10로,1150075301,마곡동 775-3,126.8340178433640517_37.5638121990224931,1150145004,마곡동 788-5,126.8360765905275400_37.5636413182444429,183.0,6.0,정체,126.8360765905275400_37.5636413182444429|126.8354190960058077_37.5636958957994480|126.8350438287640003_37.5637270444474254|126.8340178433640517_37.5638121990224931
2026-09-04T06:42:24.849833+09:00,서울식물원·마곡나루역,서울식물원·마곡나루역,POI032,KEY_3,1150419600,마곡동로6길,1150220800,마곡동 788-2,126.8356276088871226_37.5653457857466435,1150144202,마곡동780-2,126.8342905242931806_37.5654711230213820,119.0,31.0,원활,126.8342905242931806_37.5654711230213820|126.8356276088871226_37.5653457857466435
2026-09-04T06:42:24.849833+09:00,서울식물원·마곡나루역,서울식물원·마곡나루역,POI032,KEY_3,1150419700,마곡동로6길,1150144201,마곡동780-2,126.8343081233074940_37.5655783391273630,1150145104,마곡동781-6,126.8363409857659576_37.5653877748030638,181.0,16.0,서행,126.8363409857659576_37.5653877748030638|126.8356434950057263_37.5654531629459782|126.8343081233074940_37.5655783391273630
2026-09-04T06:42:24.849833+09:00,서울식물원·마곡나루역,서울식물원·마곡나루역,POI032,KEY_3,1150420900,마곡동로,1150145303,마곡동775,126.8368886693610023_37.5696143112132717,1150144702,마곡동727-303,126.8356470133750804_37.5685526720342367,161.0,29.0,원활,126.8356470133750804_37.5685526720342367|126.8366161616912109_37.5693813157480037|126.8368886693610023_37.5696143112132717
2026-09-04T06:42:24.849833+09:00,서울식물원·마곡나루역,서울식물원·마곡나루역,POI032,KEY_3,1150421100,마곡동로8길,1150145703,이랜드글로벌R&D센터,126.8374468311080676_37.5674452354668347,1150144703,마곡동727-303,126.8355507947878493_37.5684740291864117,203.0,22.0,서행,126.8355507947878493_37.5684740291864117|126.8374468311080676_37.5674452354668347
2026-09-04T06:42:24.849833+09:00,서울식물원·마곡나루역,서울식물원·마곡나루역,POI032,KEY_3,1150421400,마곡동로8길,1150144702,마곡동727-303,126.8356470133750804_37.5685526720342367,1150145704,이랜드글로벌R&D센터,126.8375229088581762_37.5675348046934658,201.0,15.0,서행,126.8375229088581762_37.5675348046934658|126.8356470133750804_37.5685526720342367
2026-09-04T06:42:24.849833+09:00,서울식물원·마곡나루역,서울식물원·마곡나루역,POI032,KEY_3,1150423100,마곡동로,1150157000,마곡동 775-3,126.8365167423386737_37.5694549864723797,1150043104,마곡동 775-6,126.8376091778656587_37.5703902011560302,142.0,13.0,정체,126.8376091778656587_37.5703902011560302|126.8368825604932653_37.5697678436687639|126.8367892501556184_37.5696879820584471|126.8365167423386737_37.5694549864723797
2026-09-04T06:42:24.849833+09:00,서울식물원·마곡나루역,서울식물원·마곡나루역,POI032,KEY_3,1150423500,마곡동로,1150043103,마곡동 775-6,126.8377179434827156_37.5703340571605153,1150145302,마곡동775,126.8369816630471973_37.5696945381406238,96.0,13.0,정체,126.8369816630471973_37.5696945381406238|126.8377179434827156_37.5703340571605153
2026-09-04T06:42:24.849833+09:00,서울식물원·마곡나루역,서울식물원·마곡나루역,POI032,KEY_3,1150424300,마곡동로10길,1150146303,마곡동775-2,126.8385308873400419_37.5687062546252193,1150145303,마곡동775,126.8368886693610023_37.5696143112132717,177.0,11.0,정체,126.8368886693610023_37.5696143112132717|126.8385308873400419_37.5687062546252193
2026-09-04T06:42:24.849833+09:00,서울식물원·마곡나루역,서울식물원·마곡나루역,POI032,KEY_3,1150424400,마곡동로10길,1150145302,마곡동775,126.8369816630471973_37.5696945381406238,1150146304,마곡동775-2,126.8386067590957111_37.5687959486371170,175.0,22.0,서행,126.8386067590957111_37.5687959486371170|126.8369816630471973_37.5696945381406238
2026-09-04T06:42:24.849833+09:00,서울식물원·마곡나루역,서울식물원·마곡나루역,POI032,KEY_3,1150425900,양천로,1150146603,양천초등학교앞,126.8392163656429830_37.5695287407597860,1150043103,마곡동 775-6,126.8377179434827156_37.5703340571605153,160.0,44.0,원활,126.8377179434827156_37.5703340571605153|126.8392163656429830_37.5695287407597860
2026-09-04T06:42:24.849833+09:00,서울식물원·마곡나루역,서울식물원·마곡나루역,POI032,KEY_3,1150430900,마곡중앙14로,1150125001,마곡동 761-5,126.8281691405074696_37.5682407381455761,1150148704,마곡동269-3,126.8296786246404082_37.5681690681778733,134.0,9.0,정체,126.8296786246404082_37.5681690681778733|126.8281691405074696_37.5682407381455761
2026-09-04T06:42:24.849833+09:00,서울식물원·마곡나루역,서울식물원·마곡나루역,POI032,KEY_3,1150431000,마곡중앙14로,1150148703,마곡동269-3,126.8296705357492442_37.5680611407837404,1150125002,마곡동 761-5,126.8281529581740017_37.5681331949291035,134.0,22.0,서행,126.8281529581740017_37.5681331949291035|126.8296705357492442_37.5680611407837404
2026-09-04T06:42:24.849833+09:00,서울식물원·마곡나루역,서울식물원·마곡나루역,POI032,KEY_3,1150431500,마곡중앙14로,1150148701,마곡동269-3,126.8298140897098847_37.5681599918400622,1150148904,마곡동272-1,126.8305538015969205_37.5680970716601692,66.0,17.0,서행,126.8305538015969205_37.5680970716601692|126.8298140897098847_37.5681599918400622
2026-09-04T06:42:24.849833+09:00,서울식물원·마곡나루역,서울식물원·마곡나루역,POI032,KEY_3,1150431600,마곡중앙14로,1150148903,마곡동272-1,126.8305344297398563_37.5679899841820983,1150148702,마곡동269-3,126.8297996571735098_37.5680524850471116,65.0,28.0,원활,126.8297996571735098_37.5680524850471116|126.8305344297398563_37.5679899841820983
2026-09-04T06:42:24.849833+09:00,서울역,서울역,POI033,KEY_4,1010000501,소월로2길,1010077600,남대문로5가 824-1,126.9765249826189262_37.5549508284745031,1020036803,남산어린이놀이터앞교차로,126.9765460017274421_37.5551782854136533,25.0,25.5,원활,126.9765460017274421_37.5551782854136533|126.9765254807177541_37.5549586352516300|126.9765249826189262_37.5549508284745031
2026-09-04T06:42:24.849833+09:00,서울역,서울역,POI033,KEY_4,1010000502,소월로2길,1010049700,후암삼거리,126.9764266237509247_37.5533494301722683,1010000313,남대문로5가 490-1,126.9764794024509058_37.5542364381138611,99.0,13.0,정체,126.9764794024509058_37.5542364381138611|126.9764680858715593_37.5540590720134091|126.9764324412455494_37.5535004040168090|126.9764314470447459_37.5534746028640782|126.9764266237509247_37.5533494301722683
2026-09-04T06:42:24.849833+09:00,서울역,서울역,POI033,KEY_4,1010001901,통일로,1010001003,서울역,126.9725590319377915_37.5570177603937765,1010009100,서울역,126.9717121828378907_37.5576314695367799,104.0,22.0,서행,126.9717121828378907_37.5576314695367799|126.9717533352314831_37.5575529097224958|126.9719362038334651_37.5573471349099250|126.9722156056808160_37.5571695450368424|126.9725590319377915_37.5570177603937765
2026-09-04T06:42:24.849833+09:00,서울역,서울역,POI033,KEY_4,1010001902,통일로,1010009100,서울역,126.9717121828378907_37.5576314695367799,1010010202,의주로지하차도(남측),126.9715795465149455_37.5581326310857904,57.0,15.0,서행,126.9715795465149455_37.5581326310857904|126.9716801952437919_37.5576925341671597|126.9717121828378907_37.5576314695367799
2026-09-04T06:42:24.849833+09:00,서울역,서울역,POI033,KEY_4,1010001903,통일로,1010010202,의주로지하차도(남측),126.9715795465149455_37.5581326310857904,1010012103,염천교앞교차로,126.9712395112075001_37.5595497858304483,161.0,14.0,정체,126.9712395112075001_37.5595497858304483|126.9712786050966145_37.5593746817197243|126.9714493678720544_37.5584607787226332|126.9714752285433832_37.5583228393018231|126.9715795465149455_37.5581326310857904
2026-09-04T06:42:24.849833+09:00,서울역,서울역,POI033,KEY_4,1010002001,통일로,1010009300,서울역,126.9718375318289674_37.5576730841303998,1010001004,서울역,126.9725768217156627_37.5571335615094881,91.0,14.0,정체,126.9725768217156627_37.5571335615094881|126.9722914624442751_37.5572596833207513|126.9720359689673757_37.5574220765078550|126.9718728932392793_37.5576055781302927|126.9718375318289674_37.5576730841303998
2026-09-04T06:42:24.849833+09:00,서울역,서울역,POI033,KEY_4,1010002002,통일로,1010010201,의주로지하차도(남측),126.9717135157052326_37.5581502975144517,1010009300,서울역,126.9718375318289674_37.5576730841303998,54.0,37.0,원활,126.9718375318289674_37.5576730841303998|126.9718111845805169_37.5577233823227346|126.9717135157052326_37.5581502975144517
2026-09-04T06:42:24.849833+09:00,서울역,서울역,POI033,KEY_4,1010002003,통일로,1010009802,청암빌딩,126.9717279554252372_37.5584396963817682,1010010201,의주로지하차도(남측),126.9717135157052326_37.5581502975144517,32.0,17.0,서행,126.9717135157052326_37.5581502975144517|126.9717438786689598_37.5583547587673294|126.9717279554252372_37.5584396963817682
2026-09-04T06:42:24.849833+09:00,서울역,서울역,POI033,KEY_4,1010002004,통일로,1010012102,염천교앞교차로,126.9715109934232657_37.5595695154306881,1010009801,청암빌딩,126.9717079416461587_37.5585466375375603,115.0,14.5,정체,126.9717079416461587_37.5585466375375603|126.9715467147326677_37.5594095152096656|126.9715109934232657_37.5595695154306881
2026-09-04T06:42:24.849833+09:00,서울역,서울역,POI033,KEY_4,1010002301,소월로,1010155400,최소노드배치점,126.9760533414636114_37.5582497344554369,1010013803,숭례문앞교차로,126.9755809845113532_37.5605189064983307,262.0,21.0,서행,126.9755809845113532_37.5605189064983307|126.9757337889885065_37.5603525891795087|126.9757984686316661_37.5601874326070444|126.9757969708594061_37.5599997077910714|126.9757198667068110_37.5593373627741514|126.9757048763582503_37.5591937029204388|126.9757309859065373_37.5590497713064551|126.9757785893644524_37.5588840435687814|126.9759074328705282_37.5585745471584289|126.9759297486065890_37.5585209420058632|126.9759522152383795_37.5584716422248093|126.9760533414636114_37.5582497344554369
2026-09-04T06:42:24.849833+09:00,서울역,서울역,POI033,KEY_4,1010002506,퇴계로,1010008102,서울역,126.9739254787072014_37.5566063926840243,1010036102,속성변화점,126.9744607168154147_37.5567608633366703,51.0,17.0,서행,126.9744607168154147_37.5567608633366703|126.9743391734486693_37.5567116927890936|126.9742235732120292_37.5566711695761555|126.9739254787072014_37.5566063926840243
2026-09-04T06:42:24.849833+09:00,서울역,서울역,POI033,KEY_4,1010002507,퇴계로,1010036102,속성변화점,126.9744607168154147_37.5567608633366703,1010008802,서울역고가차도(동측),126.9757153290362908_37.5572684121082503,124.0,22.0,서행,126.9757153290362908_37.5572684121082503|126.9744607168154147_37.5567608633366703
2026-09-04T06:42:24.849833+09:00,서울역,서울역,POI033,KEY_4,1010002604,퇴계로,1010008101,서울역,126.9740073233546838_37.5564831416643941,1010036000,서울역(서울1호선),126.9728469457788407_37.5551689665811139,188.0,20.0,서행,126.9728469457788407_37.5551689665811139|126.9730354728597064_37.5557211852762123|126.9732094536090869_37.5559776848255495|126.9733963265082224_37.5561726380715371|126.9735767550837409_37.5562906524971751|126.9737770809038864_37.5564006548910712|126.9740073233546838_37.5564831416643941
2026-09-04T06:42:24.849833+09:00,서울역,서울역,POI033,KEY_4,1010002605,퇴계로,1010036101,속성변화점,126.9745222423205888_37.5566644754830179,1010008101,서울역,126.9740073233546838_37.5564831416643941,50.0,20.0,서행,126.9740073233546838_37.5564831416643941|126.9742734196230174_37.5565705056965129|126.9743973461574740_37.5566139480968246|126.9745222423205888_37.5566644754830179
2026-09-04T06:42:24.849833+09:00,서울역,서울역,POI033,KEY_4,1010002606,퇴계로,1010008801,서울역고가차도(동측),126.9757762804091783_37.5571717943319854,1010036101,속성변화점,126.9745222423205888_37.5566644754830179,124.0,16.0,서행,126.9745222423205888_37.5566644754830179|126.9757762804091783_37.5571717943319854
2026-09-04T06:42:24.849833+09:00,서울역,서울역,POI033,KEY_4,1010002607,퇴계로,1010088200,남대문로5가 292,126.9762491190694220_37.5573586199649654,1010008801,서울역고가차도(동측),126.9757762804091783_37.5571717943319854,47.0,16.0,서행,126.9757762804091783_37.5571717943319854|126.9762491190694220_37.5573586199649654
2026-09-04T06:42:24.849833+09:00,서울역,서울역,POI033,KEY_4,1010002901,세종대로,1010001004,서울역,126.9725768217156627_37.5571335615094881,1010009400,서울역3번출구,126.9729047212582458_37.5576301040073588,63.0,19.0,서행,126.9729047212582458_37.5576301040073588|126.9726802932207335_37.5573569212650042|126.9725966053711232_37.5572076931080829|126.9725768217156627_37.5571335615094881
2026-09-04T06:42:24.849833+09:00,서울역,서울역,POI033,KEY_4,1010002902,세종대로,1010088000,남대문로5가 84-15,126.9732159812998304_37.5579784751034964,1010011400,숭례문학당,126.9742665437086799_37.5591522019033732,160.0,23.0,서행,126.9742665437086799_37.5591522019033732|126.9738617088002712_37.5586999110099455|126.9732159812998304_37.5579784751034964
2026-09-04T06:42:24.849833+09:00,서울역,서울역,POI033,KEY_4,1010002903,세종대로,1010011400,숭례문학당,126.9742665437086799_37.5591522019033732,1010015502,숭례문앞,126.9748954449175216_37.5603663160010157,148.0,44.0,원활,126.9748954449175216_37.5603663160010157|126.9748468953437168_37.5603089259620049|126.9746855723265071_37.5601208840657534|126.9746137545376854_37.5599415792683970|126.9745483394273009_37.5596299211490319|126.9744734144699265_37.5594109852280340|126.9742665437086799_37.5591522019033732
2026-09-04T06:42:24.849833+09:00,서울역,서울역,POI033,KEY_4,1010003001,세종대로,1010008700,서울역4번출구,126.9730184115597211_37.5575709588477622,1010001001,서울역,126.9727010153384299_37.5570786706198803,62.0,12.0,정체,126.9727010153384299_37.5570786706198803|126.9727264690063038_37.5571740475001192|126.9727998873353840_37.5573049631326796|126.9730184115597211_37.5575709588477622
2026-09-04T06:42:24.849833+09:00,서울역,서울역,POI033,KEY_4,1010003002,세종대로,1010087900,남대문로5가 84-15,126.9733265878310959_37.5579157333092937,1010008700,서울역4번출구,126.9730184115597211_37.5575709588477622,47.0,15.0,서행,126.9730184115597211_37.5575709588477622|126.9730229219266846_37.5575764586648120|126.9733265878310959_37.5579157333092937
2026-09-04T06:42:24.849833+09:00,서울역,서울역,POI033,KEY_4,1010023400,세종대로,1010008700,서울역4번출구,126.9730184115597211_37.5575709588477622,1010008102,서울역,126.9739254787072014_37.5566063926840243,162.0,12.0,정체,126.9739254787072014_37.5566063926840243|126.9737622051817567_37.5566040860006964|126.9735713010116314_37.5566308625134724|126.9734365333165442_37.5566814899503854|126.9732830443898450_37.5567499923911043|126.9731407651332091_37.5568691548601450|126.9730396577194114_37.5569942857603749|126.9729647480841948_37.5571283631696460|126.9729384960857459_37.5572684108869552|126.9729459298956016_37.5574144255147857|126.9730184115597211_37.5575709588477622
2026-09-04T06:42:24.849833+09:00,서울역,서울역,POI033,KEY_4,1010023700,통일로,1010035900,서울역,126.9726382859721099_37.5561301693119631,1010009100,서울역,126.9717121828378907_37.5576314695367799,188.0,19.0,서행,126.9717121828378907_37.5576314695367799|126.9717381577070796_37.5575423806400934|126.9718724015783806_37.5573509120254982|126.9719768608054409_37.5572093343208309|126.9722404703145457_37.5569471676151210|126.9723782873772677_37.5567517213420103|126.9726382859721099_37.5561301693119631
2026-09-04T06:42:24.849833+09:00,서울역,서울역,POI033,KEY_4,1010024000,통일로,1010009300,서울역,126.9718375318289674_37.5576730841303998,1010009400,서울역3번출구,126.9729047212582458_37.5576301040073588,102.0,29.0,원활,126.9729047212582458_37.5576301040073588|126.9725548679935372_37.5575079038318833|126.9723512460599437_37.5575030882471950|126.9722194858867397_37.5575125925735875|126.9720340632495663_37.5575548632373852|126.9718375318289674_37.5576730841303998
2026-09-04T06:42:24.849833+09:00,서울역,서울역,POI033,KEY_4,1010025000,세종대로5길,1010009801,청암빌딩,126.9717079416461587_37.5585466375375603,1010012202,숭례문학당,126.9742748764175104_37.5595190981504885,256.0,14.0,정체,126.9742748764175104_37.5595190981504885|126.9738902974027042_37.5594176881754152|126.9732580878187207_37.5590467827891743|126.9725988537744144_37.5587016101154347|126.9723765861687639_37.5586285243969087|126.9717079416461587_37.5585466375375603
2026-09-04T06:42:24.849833+09:00,서울역,서울역,POI033,KEY_4,1010025700,세종대로,1010011400,숭례문학당,126.9742665437086799_37.5591522019033732,1010012201,숭례문학당,126.9742810386167378_37.5594068263078924,28.0,23.0,서행,126.9742810386167378_37.5594068263078924|126.9742665437086799_37.5591522019033732
2026-09-04T06:42:24.849833+09:00,서울역,서울역,POI033,KEY_4,1010025900,통일로,1010015801,의주로지하차도,126.9705766693740969_37.5608929272020475,1010010201,의주로지하차도(남측),126.9717135157052326_37.5581502975144517,326.0,47.0,원활,126.9717135157052326_37.5581502975144517|126.9716508619000876_37.5584846919861022|126.9714796864512891_37.5594008071192960|126.9714288668962752_37.5596284362280457|126.9713406022852240_37.5598094854925790|126.9712395311263293_37.5599958456464336|126.9705766693740969_37.5608929272020475
2026-09-04T06:42:24.849833+09:00,서울역,서울역,POI033,KEY_4,1010026600,세종대로,1010012202,숭례문학당,126.9742748764175104_37.5595190981504885,1010013502,속성변화점,126.9740489449279721_37.5597823376631155,38.0,15.0,서행,126.9740489449279721_37.5597823376631155|126.9741150100377496_37.5597678403268418|126.9741805117776181_37.5597165730551339|126.9742464328148515_37.5595997767984215|126.9742747291389691_37.5595199465246452|126.9742748764175104_37.5595190981504885
2026-09-04T06:42:24.849833+09:00,서울역,서울역,POI033,KEY_4,1010053600,한강대로,1010001002,서울역,126.9727007782336159_37.5569551120884242,1010036000,서울역(서울1호선),126.9728469457788407_37.5551689665811139,199.0,14.0,정체,126.9728469457788407_37.5551689665811139|126.9727738506837085_37.5561366589997760|126.9727007782336159_37.5569551120884242
2026-09-04T06:42:24.849833+09:00,서울역,서울역,POI033,KEY_4,1010054200,한강대로,1010035900,서울역,126.9726382859721099_37.5561301693119631,1010001003,서울역,126.9725590319377915_37.5570177603937765,99.0,22.0,서행,126.9725590319377915_37.5570177603937765|126.9726382859721099_37.5561301693119631
2026-09-04T06:42:24.849833+09:00,서울역,서울역,POI033,KEY_4,1020020904,한강대로,1020203900,최소노드배치점,126.9722876759107919_37.5518756720325513,1020006103,서울역앞교차로,126.9727381744143457_37.5541261601478666,253.0,33.0,원활,126.9727381744143457_37.5541261601478666|126.9727229068416534_37.5538935459301157|126.9726784214511497_37.5535312047517351|126.9726256427587145_37.5532355904220339|126.9725178599615276_37.5528309803471814|126.9722876759107919_37.5518756720325513
2026-09-04T06:42:24.849833+09:00,서울역,서울역,POI033,KEY_4,1020021002,한강대로,1020035400,서울역,126.9727592898207575_37.5532167445227429,1020034701,SR타임스,126.9720743182236049_37.5504162783518467,317.0,42.0,원활,126.9720743182236049_37.5504162783518467|126.9724210456315205_37.5518553022977031|126.9726509821565941_37.5528095774144859|126.9727592898207575_37.5532167445227429
2026-09-04T06:42:24.849833+09:00,서울역,서울역,POI033,KEY_4,1020021003,한강대로,1020006102,서울역앞교차로,126.9728719437852220_37.5540923073772603,1020035400,서울역,126.9727592898207575_37.5532167445227429,98.0,13.0,정체,126.9727592898207575_37.5532167445227429|126.9728132891065684_37.5535183101659840|126.9728583675455553_37.5538854618583358|126.9728719437852220_37.5540923073772603
2026-09-04T06:42:24.849833+09:00,서울역,서울역,POI033,KEY_4,1020022101,후암로,1020035600,서울역,126.9737199051955514_37.5538379912663061,1020006102,서울역앞교차로,126.9728719437852220_37.5540923073772603,80.0,14.0,정체,126.9728719437852220_37.5540923073772603|126.9735274346848541_37.5539264208546015|126.9737199051955514_37.5538379912663061
2026-09-04T06:42:24.849833+09:00,서울역,서울역,POI033,KEY_4,1020022104,후암로,1010000309,LG이노텍본사,126.9752027764478157_37.5534823331146370,1020035503,서울역,126.9741607668503036_37.5536489517180243,94.0,34.0,원활,126.9741607668503036_37.5536489517180243|126.9743753771546579_37.5535781623073959|126.9752027764478157_37.5534823331146370
2026-09-04T06:42:24.849833+09:00,서울역,서울역,POI033,KEY_4,1020022105,후암로,1010000305,후암삼거리,126.9764773617211802_37.5529546135781587,1010000308,LG이노텍본사,126.9753152099327735_37.5534675492286354,119.0,16.5,서행,126.9753152099327735_37.5534675492286354|126.9756306217603310_37.5533867074038383|126.9759065341277875_37.5532885038937039|126.9762800978454038_37.5530903392528472|126.9764773617211802_37.5529546135781587
2026-09-04T06:42:24.849833+09:00,서울역,서울역,POI033,KEY_4,1020022202,후암로,1020006101,서울역앞교차로,126.9728775006100676_37.5542043509851950,1020035501,서울역,126.9740888409367727_37.5537933166131026,117.0,20.0,서행,126.9740888409367727_37.5537933166131026|126.9737877851355989_37.5539316362506170|126.9735825829031910_37.5540259150812474|126.9728775006100676_37.5542043509851950
2026-09-04T06:42:24.849833+09:00,서울역,서울역,POI033,KEY_4,1020022204,후암로,1010000307,LG이노텍본사,126.9753568263294028_37.5535704670573551,1010000306,후암삼거리,126.9764434852530570_37.5531208228510494,109.0,33.0,원활,126.9764434852530570_37.5531208228510494|126.9763624695380884_37.5531765650602836|126.9759723584350724_37.5533835077186069|126.9756792883205350_37.5534878184159808|126.9753568263294028_37.5535704670573551
2026-09-04T06:42:24.849833+09:00,서울역,서울역,POI033,KEY_4,1020022205,후암로,1020035502,서울역,126.9742127476792319_37.5537488377428588,1010000310,LG이노텍본사,126.9752223276996546_37.5535893271465042,91.0,15.0,서행,126.9752223276996546_37.5535893271465042|126.9744116995333343_37.5536832130246765|126.9742127476792319_37.5537488377428588
2026-09-04T06:42:24.849833+09:00,서울역,서울역,POI033,KEY_4,1020022705,소월로,1010109800,남대문로5가 431,126.9765972619878767_37.5555182701131471,1010000704,도동삼거리,126.9768636563198214_37.5560052120861414,59.0,30.0,원활,126.9768636563198214_37.5560052120861414|126.9768061889182320_37.5559210408862967|126.9767141186498520_37.5557820754249434|126.9766585950972626_37.5556855676206496|126.9765972619878767_37.5555182701131471
2026-09-04T06:42:24.849833+09:00,서울역,서울역,POI033,KEY_4,1020022901,한강대로,1020006104,서울역앞교차로,126.9727424266385611_37.5542385337162727,1010035900,서울역,126.9726382859721099_37.5561301693119631,210.0,29.0,원활,126.9726382859721099_37.5561301693119631|126.9727113828136709_37.5551624769767898|126.9727511726894420_37.5546357106512687|126.9727424266385611_37.5542385337162727
2026-09-04T06:42:24.849833+09:00,서울역,서울역,POI033,KEY_4,1020023001,한강대로,1010036000,서울역(서울1호선),126.9728469457788407_37.5551689665811139,1020006101,서울역앞교차로,126.9728775006100676_37.5542043509851950,107.0,14.0,정체,126.9728775006100676_37.5542043509851950|126.9728870508398302_37.5546380115442062|126.9728469457788407_37.5551689665811139
2026-09-04T06:42:24.849833+09:00,서울역,서울역,POI033,KEY_4,1020050600,후암로,1020035600,서울역,126.9737199051955514_37.5538379912663061,1020035400,서울역,126.9727592898207575_37.5532167445227429,115.0,24.0,서행,126.9727592898207575_37.5532167445227429|126.9729413557275279_37.5534694514369036|126.9731097388656735_37.5535976235205595|126.9732594214425347_37.5536900341256157|126.9734053703012080_37.5537586041957994|126.9735615769517239_37.5538343924740516|126.9737199051955514_37.5538379912663061
2026-09-04T06:42:24.849833+09:00,선릉역,선릉역,POI034,KEY_1,1220025803,선릉로,1220382800,역삼동 802-31,127.0494800504940969_37.5033567751413273,1220035503,선릉역(서울2호선),127.0493398594145731_37.5036589428028151,36.0,31.0,원활,127.0493398594145731_37.5036589428028151|127.0494800504940969_37.5033567751413273
2026-09-04T06:42:24.849833+09:00,선릉역,선릉역,POI034,KEY_1,1220025804,선릉로,1220035504,선릉역(서울2호선),127.0492928042660310_37.5037603648988949,1220035903,선릉역사거리,127.0489874547452303_37.5044185049200891,78.0,35.5,원활,127.0489874547452303_37.5044185049200891|127.0492474271719345_37.5038581699360591|127.0492928042660310_37.5037603648988949
2026-09-04T06:42:24.849833+09:00,선릉역,선릉역,POI034,KEY_1,1220025903,선릉로,1220358000,대치동 1011-17,127.0493747245042755_37.5038956551044578,1220034601,진선여고,127.0497736298861042_37.5030358485243909,102.0,38.0,원활,127.0497736298861042_37.5030358485243909|127.0496073469251996_37.5033942600096850|127.0494671565548828_37.5036964278532707|127.0494201015183222_37.5037978500803462|127.0493747245042755_37.5038956551044578
2026-09-04T06:42:24.849833+09:00,선릉역,선릉역,POI034,KEY_1,1220026002,테헤란로,1220034906,블랙베리박물관,127.0443627780408065_37.5031471670482617,1220035704,역삼동 804,127.0471173294836689_37.5039936601345545,261.0,48.0,원활,127.0471173294836689_37.5039936601345545|127.0443627780408065_37.5031471670482617
2026-09-04T06:42:24.849833+09:00,선릉역,선릉역,POI034,KEY_1,1220026003,테헤란로,1220035701,역삼동 804,127.0472444652040593_37.5040315100491171,1220035904,선릉역사거리,127.0489401518829737_37.5045198504901336,159.0,43.0,원활,127.0489401518829737_37.5045198504901336|127.0472444652040593_37.5040315100491171
2026-09-04T06:42:24.849833+09:00,선릉역,선릉역,POI034,KEY_1,1220026004,테헤란로,1220034102,르네상스호텔교차로,127.0436867528111975_37.5029433037034892,1220034909,블랙베리박물관,127.0442359817900950_37.5031085999901350,52.0,10.0,정체,127.0442359817900950_37.5031085999901350|127.0436867528111975_37.5029433037034892
2026-09-04T06:42:24.849833+09:00,선릉역,선릉역,POI034,KEY_1,1220026005,테헤란로,1220034106,르네상스호텔사거리,127.0428318796063962_37.5026860140694112,1220034105,르네상스호텔교차로,127.0435597867368074_37.5029050914540534,69.0,8.0,정체,127.0435597867368074_37.5029050914540534|127.0428318796063962_37.5026860140694112
2026-09-04T06:42:24.849833+09:00,선릉역,선릉역,POI034,KEY_1,1220026102,테헤란로,1220035703,역삼동 804,127.0471670915627840_37.5038930671752482,1220034907,블랙베리박물관,127.0444223112660467_37.5030495771580661,260.0,18.0,서행,127.0444223112660467_37.5030495771580661|127.0471670915627840_37.5038930671752482
2026-09-04T06:42:24.849833+09:00,선릉역,선릉역,POI034,KEY_1,1220026103,테헤란로,1220035903,선릉역사거리,127.0489874547452303_37.5044185049200891,1220035702,역삼동 804,127.0472942790560325_37.5039308877385196,159.0,13.0,정체,127.0472942790560325_37.5039308877385196|127.0489874547452303_37.5044185049200891
2026-09-04T06:42:24.849833+09:00,선릉역,선릉역,POI034,KEY_1,1220026801,테헤란로,1220035901,선릉역사거리,127.0490667656896164_37.5045587941768233,1220036304,월간부동산경제,127.0507097058413279_37.5050961507753726,157.0,24.0,서행,127.0507097058413279_37.5050961507753726|127.0490667656896164_37.5045587941768233
2026-09-04T06:42:24.849833+09:00,선릉역,선릉역,POI034,KEY_1,1220026802,테헤란로,1220036301,월간부동산경제,127.0508357905731600_37.5051361926111113,1220036804,KTF타워,127.0528495126162909_37.5057573699263784,191.0,44.0,원활,127.0528495126162909_37.5057573699263784|127.0508357905731600_37.5051361926111113
2026-09-04T06:42:24.849833+09:00,선릉역,선릉역,POI034,KEY_1,1220026804,테헤란로,1220036801,KTF타워,127.0529760573716800_37.5057964677758875,1220037405,포스코사거리,127.0565476506724707_37.5068995560620664,339.0,45.0,원활,127.0565476506724707_37.5068995560620664|127.0551245320578602_37.5064612571662650|127.0549977448848864_37.5064221165811134|127.0529760573716800_37.5057964677758875
2026-09-04T06:42:24.849833+09:00,선릉역,선릉역,POI034,KEY_1,1220026901,테헤란로,1220036303,월간부동산경제,127.0507602689269504_37.5049958100575296,1220035902,선릉역사거리,127.0491140994473085_37.5044573976487072,157.0,39.0,원활,127.0491140994473085_37.5044573976487072|127.0507602689269504_37.5049958100575296
2026-09-04T06:42:24.849833+09:00,선릉역,선릉역,POI034,KEY_1,1220026902,테헤란로,1220037203,포스코미술관,127.0550468873825025_37.5063213325861398,1220036302,월간부동산경제,127.0508863665850328_37.5050358511375421,395.0,51.0,원활,127.0508863665850328_37.5050358511375421|127.0528985165621947_37.5056565437127531|127.0530252017615993_37.5056956853289023|127.0550468873825025_37.5063213325861398
2026-09-04T06:42:24.849833+09:00,선릉역,선릉역,POI034,KEY_1,1220026904,테헤란로,1220037404,포스코사거리,127.0566007053227366_37.5067999758815986,1220037202,포스코미술관,127.0551734722876205_37.5063604107458772,135.0,22.0,서행,127.0551734722876205_37.5063604107458772|127.0566007053227366_37.5067999758815986
2026-09-04T06:42:24.849833+09:00,선릉역,선릉역,POI034,KEY_1,1220027601,선릉로,1220358300,역삼동 802-31,127.0486586538320637_37.5051194262060719,1220036703,선릉역(수인분당선),127.0484330543986573_37.5055999334302470,57.0,7.0,정체,127.0484330543986573_37.5055999334302470|127.0486078996825796_37.5052275287191392|127.0486586538320637_37.5051194262060719
2026-09-04T06:42:24.849833+09:00,선릉역,선릉역,POI034,KEY_1,1220027602,선릉로,1220448000,역삼동 802-21,127.0472703648739241_37.5068578058261082,1220037903,선릉공원,127.0470897828734138_37.5069674641184108,20.0,48.0,원활,127.0470897828734138_37.5069674641184108|127.0472703648739241_37.5068578058261082
2026-09-04T06:42:24.849833+09:00,선릉역,선릉역,POI034,KEY_1,1220027603,선릉로,1220370100,역삼동 802-3,127.0440604841689805_37.5095866488481064,1220041803,선정릉역사거리,127.0438262673777103_37.5102164759167138,73.0,36.0,원활,127.0438262673777103_37.5102164759167138|127.0440604841689805_37.5095866488481064
2026-09-04T06:42:24.849833+09:00,선릉역,선릉역,POI034,KEY_1,1220027701,선릉로,1220303700,삼성동 111-114,127.0487350154241852_37.5052654063889435,1220035901,선릉역사거리,127.0490667656896164_37.5045587941768233,84.0,36.0,원활,127.0490667656896164_37.5045587941768233|127.0487857693820217_37.5051573038117922|127.0487350154241852_37.5052654063889435
2026-09-04T06:42:24.849833+09:00,선릉역,선릉역,POI034,KEY_1,1220027702,선릉로,1220374600,삼성동 111-114,127.0483605484462402_37.5060104032975730,1220036701,선릉역(수인분당선),127.0485078851592107_37.5057410376844658,33.0,43.7,원활,127.0485078851592107_37.5057410376844658|127.0483605484462402_37.5060104032975730
2026-09-04T06:42:24.849833+09:00,선릉역,선릉역,POI034,KEY_1,1220027703,선릉로,1220365800,삼성동 111-114,127.0443282632564745_37.5092606516299512,1220037901,선릉공원,127.0469965891165742_37.5071602068898287,337.0,24.0,서행,127.0469965891165742_37.5071602068898287|127.0457652914226543_37.5079213112726038|127.0457315935512526_37.5079411118796386|127.0453123945694074_37.5081874282568322|127.0450551787726425_37.5083692241713393|127.0448383445246918_37.5085748402795289|127.0446727771421109_37.5087520328191388|127.0446145508118008_37.5088143472007260|127.0444273773029806_37.5090709040483858|127.0443282632564745_37.5092606516299512
2026-09-04T06:42:24.849833+09:00,선릉역,선릉역,POI034,KEY_1,1220029003,봉은사로,1220334600,논현동 279-165,127.0429218607902868_37.5100587666423735,1220041804,선정릉역사거리,127.0437875852603753_37.5103204253317628,82.0,41.0,원활,127.0437875852603753_37.5103204253317628|127.0432838786139769_37.5101681847940256|127.0429218607902868_37.5100587666423735
2026-09-04T06:42:24.849833+09:00,선릉역,선릉역,POI034,KEY_1,1220030101,봉은사로,1220266300,삼성동 111-147,127.0456546467774217_37.5107534974710006,1220041802,선정릉역사거리,127.0439536961437739_37.5102544648311351,160.0,23.0,서행,127.0439536961437739_37.5102544648311351|127.0456546467774217_37.5107534974710006
2026-09-04T06:42:24.849833+09:00,선릉역,선릉역,POI034,KEY_1,1220031101,선릉로,1220264300,삼성동 111-114,127.0436559026359049_37.5110541949156300,1220041801,선정릉역사거리,127.0439150377636111_37.5103583429885745,81.0,44.0,원활,127.0439150377636111_37.5103583429885745|127.0436559026359049_37.5110541949156300
2026-09-04T06:42:24.849833+09:00,선릉역,선릉역,POI034,KEY_1,1220066400,선릉로85길,1220033802,역삼동 709-6,127.0449918128137057_37.5022563458516913,1220034404,진선여자고등학교,127.0485994425350498_37.5026948948454901,353.0,16.0,서행,127.0485994425350498_37.5026948948454901|127.0458864169672921_37.5018168749480054|127.0458443373064910_37.5018129468389816|127.0458437108576959_37.5018128883602913|127.0450049324684585_37.5022506870223040|127.0449918128137057_37.5022563458516913
2026-09-04T06:42:24.849833+09:00,선릉역,선릉역,POI034,KEY_1,1220066900,언주로86길,1220034503,진선여자중학교,127.0476253937541600_37.5029148927015115,1220033802,역삼동 709-6,127.0449918128137057_37.5022563458516913,244.0,21.5,서행,127.0449918128137057_37.5022563458516913|127.0450373398494150_37.5022704805788649|127.0460858483811535_37.5025342023920842|127.0461241747767502_37.5025440418957388|127.0465088357584165_37.5026427947566461|127.0471586361461931_37.5028096126219666|127.0475001726865116_37.5028972907328964|127.0476253937541600_37.5029148927015115
2026-09-04T06:42:24.849833+09:00,선릉역,선릉역,POI034,KEY_1,1220067000,언주로86길,1220033801,역삼동 707-12,127.0448489661988987_37.5023280363648013,1220034504,진선여자중학교,127.0476018129394333_37.5030213687362988,255.0,23.5,서행,127.0476018129394333_37.5030213687362988|127.0474674171433094_37.5030024773813935|127.0471170126434259_37.5029125227694990|127.0464672114241012_37.5027457047571673|127.0460825499488777_37.5026469518089058|127.0460446065235516_37.5026372106288548|127.0449922237995821_37.5023725132399832|127.0448489661988987_37.5023280363648013
2026-09-04T06:42:24.849833+09:00,선릉역,선릉역,POI034,KEY_1,1220067100,테헤란로44길,1220425200,역삼동 706-28,127.0445594426699216_37.5025715799587829,1220034908,블랙베리박물관,127.0442936787205923_37.5030103853983761,54.0,12.0,정체,127.0442936787205923_37.5030103853983761|127.0444068427994182_37.5028586561034274|127.0445594426699216_37.5025715799587829
2026-09-04T06:42:24.849833+09:00,선릉역,선릉역,POI034,KEY_1,1220067200,테헤란로44길,1220425100,역삼동 805-14,127.0446844104283741_37.5026137429825184,1220033801,역삼동 707-12,127.0448489661988987_37.5023280363648013,35.0,24.0,서행,127.0448489661988987_37.5023280363648013|127.0448257245955972_37.5023478943872206|127.0446844104283741_37.5026137429825184
2026-09-04T06:42:24.849833+09:00,선릉역,선릉역,POI034,KEY_1,1220067300,역삼로63길,1220369600,대치동 899-17,127.0520617732479707_37.5022788964194831,1220035303,대치동 1011-19,127.0514857362790195_37.5034880610051431,144.0,12.0,정체,127.0514857362790195_37.5034880610051431|127.0520617732479707_37.5022788964194831
2026-09-04T06:42:24.849833+09:00,선릉역,선릉역,POI034,KEY_1,1220067700,테헤란로52길,1220034404,진선여자고등학교,127.0485994425350498_37.5026948948454901,1220034502,진선여자중학교,127.0477058613497690_37.5029198869641291,83.0,31.0,원활,127.0477058613497690_37.5029198869641291|127.0482637055277451_37.5027833474549865|127.0485650684316852_37.5027095837196143|127.0485994425350498_37.5026948948454901
2026-09-04T06:42:24.849833+09:00,선릉역,선릉역,POI034,KEY_1,1220067800,테헤란로52길,1220289300,역삼동 708-33,127.0483035617519079_37.5028867005181183,1220034401,진선여자고등학교,127.0487756743473824_37.5027422782434172,45.0,24.0,서행,127.0487756743473824_37.5027422782434172|127.0486175648109253_37.5028098431502173|127.0483035617519079_37.5028867005181183
2026-09-04T06:42:24.849833+09:00,선릉역,선릉역,POI034,KEY_1,1220068000,선릉로85길,1220034401,진선여자고등학교,127.0487756743473824_37.5027422782434172,1220034604,진선여고,127.0496481972099332_37.5029943484915336,83.0,23.0,서행,127.0496481972099332_37.5029943484915336|127.0488838028640259_37.5027428534322240|127.0487756743473824_37.5027422782434172
2026-09-04T06:42:24.849833+09:00,선릉역,선릉역,POI034,KEY_1,1220068400,테헤란로52길,1220034504,진선여자중학교,127.0476018129394333_37.5030213687362988,1220035003,도시개발신문,127.0475579221615732_37.5031154893994980,11.0,17.0,서행,127.0475579221615732_37.5031154893994980|127.0476018129394333_37.5030213687362988
2026-09-04T06:42:24.849833+09:00,선릉역,선릉역,POI034,KEY_1,1220068500,테헤란로52길,1220035002,도시개발신문,127.0476851392119499_37.5031531430107989,1220034501,진선여자중학교,127.0477457167723543_37.5030232397223813,15.0,16.0,서행,127.0477457167723543_37.5030232397223813|127.0476851392119499_37.5031531430107989
2026-09-04T06:42:24.849833+09:00,선릉역,선릉역,POI034,KEY_1,1220068600,선릉로86길,1220271900,대치동 1011-18,127.0502748335649130_37.5030853689336396,1220034602,진선여고,127.0498209559993370_37.5029344252388057,43.0,14.0,정체,127.0498209559993370_37.5029344252388057|127.0502748335649130_37.5030853689336396
2026-09-04T06:42:24.849833+09:00,선릉역,선릉역,POI034,KEY_1,1220068700,선릉로86길,1220272000,대치동 889-46,127.0502225545053534_37.5031851452885192,1220035304,대치동 1011-19,127.0514375857766964_37.5035892110017741,116.0,12.0,정체,127.0514375857766964_37.5035892110017741|127.0510727414042123_37.5034678816585227|127.0506832483399933_37.5033383536890739|127.0502225545053534_37.5031851452885192
2026-09-04T06:42:24.849833+09:00,선릉역,선릉역,POI034,KEY_1,1220069201,테헤란로43길,1220034905,국제섬유신문,127.0440100661521683_37.5035966744363876,1220035603,속성변화점,127.0438833453921603_37.5038704428559555,32.0,21.0,서행,127.0438833453921603_37.5038704428559555|127.0440100661521683_37.5035966744363876
2026-09-04T06:42:24.849833+09:00,선릉역,선릉역,POI034,KEY_1,1220069202,테헤란로43길,1220034909,블랙베리박물관,127.0442359817900950_37.5031085999901350,1220034904,국제섬유신문,127.0440570321479470_37.5034952082934012,46.0,10.5,정체,127.0440570321479470_37.5034952082934012|127.0442359817900950_37.5031085999901350
2026-09-04T06:42:24.849833+09:00,선릉역,선릉역,POI034,KEY_1,1220069301,테헤란로43길,1220034903,국제섬유신문,127.0441843649481370_37.5035326168648098,1220034906,블랙베리박물관,127.0443627780408065_37.5031471670482617,46.0,12.0,정체,127.0443627780408065_37.5031471670482617|127.0441843649481370_37.5035326168648098
2026-09-04T06:42:24.849833+09:00,선릉역,선릉역,POI034,KEY_1,1220069302,테헤란로43길,1220035602,이환빌딩,127.0440106778918334_37.5039078512403847,1220034902,국제섬유신문,127.0441373988766571_37.5036340831138304,32.0,14.0,정체,127.0441373988766571_37.5036340831138304|127.0440106778918334_37.5039078512403847
2026-09-04T06:42:24.849833+09:00,선릉역,선릉역,POI034,KEY_1,1220069400,선릉로89길,1220035001,도시개발신문,127.0476361765401236_37.5032539819536694,1220035504,선릉역(서울2호선),127.0492928042660310_37.5037603648988949,157.0,6.0,정체,127.0492928042660310_37.5037603648988949|127.0476361765401236_37.5032539819536694
2026-09-04T06:42:24.849833+09:00,선릉역,선릉역,POI034,KEY_1,1220069500,테헤란로52길,1220035004,도시개발신문,127.0475102746900689_37.5032136202441109,1220035703,역삼동 804,127.0471670915627840_37.5038930671752482,81.0,21.0,서행,127.0471670915627840_37.5038930671752482|127.0475102746900689_37.5032136202441109
2026-09-04T06:42:24.849833+09:00,선릉역,선릉역,POI034,KEY_1,1220069600,테헤란로52길,1220035702,역삼동 804,127.0472942790560325_37.5039308877385196,1220035001,도시개발신문,127.0476361765401236_37.5032539819536694,81.0,15.0,서행,127.0476361765401236_37.5032539819536694|127.0472942790560325_37.5039308877385196
2026-09-04T06:42:24.849833+09:00,선릉역,선릉역,POI034,KEY_1,1220069900,선릉로86길,1220368500,대치동 896-8,127.0519565654232679_37.5036215470825738,1220035302,대치동 1011-19,127.0516171337999509_37.5035169501664427,32.0,7.0,정체,127.0516171337999509_37.5035169501664427|127.0516507264595560_37.5035213954269935|127.0519565654232679_37.5036215470825738
2026-09-04T06:42:24.849833+09:00,선릉역,선릉역,POI034,KEY_1,1220070000,선릉로86길,1220291800,대치동 1011-12,127.0536876429382716_37.5043052918240960,1220036204,롯데캐슬아파트,127.0557455057748939_37.5049791009656133,197.0,8.0,정체,127.0557455057748939_37.5049791009656133|127.0536876429382716_37.5043052918240960
2026-09-04T06:42:24.849833+09:00,선릉역,선릉역,POI034,KEY_1,1220070100,테헤란로64길,1220327000,대치동 890-49,127.0511666174652987_37.5044640143400940,1220035301,대치동 890-57,127.0515680449655349_37.5036200563672182,100.0,11.0,정체,127.0515680449655349_37.5036200563672182|127.0514128759260046_37.5039462849432255|127.0511666174652987_37.5044640143400940
2026-09-04T06:42:24.849833+09:00,선릉역,선릉역,POI034,KEY_1,1220070200,테헤란로64길,1220327100,대치동 1011-11,127.0510397087366101_37.5044257017429885,1220036303,월간부동산경제,127.0507602689269504_37.5049958100575296,68.0,11.0,정체,127.0507602689269504_37.5049958100575296|127.0508397863444259_37.5048460080051811|127.0510397087366101_37.5044257017429885
2026-09-04T06:42:24.849833+09:00,선릉역,선릉역,POI034,KEY_1,1220070300,선릉로93길,1220374900,역삼동 702-31,127.0452775257639217_37.5043015743408361,1220035602,이환빌딩,127.0440106778918334_37.5039078512403847,120.0,23.0,서행,127.0440106778918334_37.5039078512403847|127.0446181406134656_37.5040968150351475|127.0452456907805328_37.5042920231553651|127.0452775257639217_37.5043015743408361
2026-09-04T06:42:24.849833+09:00,선릉역,선릉역,POI034,KEY_1,1220070400,선릉로93길,1220374800,역삼동 802-37,127.0452296953085209_37.5044027582226391,1220036104,우리빌딩,127.0467047231793600_37.5048452859594335,139.0,14.0,정체,127.0467047231793600_37.5048452859594335|127.0452296953085209_37.5044027582226391
2026-09-04T06:42:24.849833+09:00,선릉역,선릉역,POI034,KEY_1,1220070500,언주로94길,1220035603,속성변화점,127.0438833453921603_37.5038704428559555,1220035802,센터필드EAST,127.0421318287953625_37.5041808866634341,184.0,26.0,원활,127.0421318287953625_37.5041808866634341|127.0426856690897637_37.5043235110338884|127.0428279173818282_37.5043501211974117|127.0429646936048016_37.5043500715293163|127.0436734217523451_37.5042155266854564|127.0437402751845042_37.5041595513156381|127.0438359819385852_37.5039686758785251|127.0438833453921603_37.5038704428559555
2026-09-04T06:42:24.849833+09:00,선릉역,선릉역,POI034,KEY_1,1220070600,언주로94길,1220406900,역삼동 700-38,127.0429923173944360_37.5044559753481082,1220035601,이환빌딩,127.0439620134067269_37.5040087840446006,108.0,25.0,원활,127.0439620134067269_37.5040087840446006|127.0438566121118811_37.5042189961629546|127.0437440122160382_37.5043132731677531|127.0429923173944360_37.5044559753481082
2026-09-04T06:42:24.849833+09:00,선릉역,선릉역,POI034,KEY_1,1220070700,테헤란로51길,1220035704,역삼동 804,127.0471173294836689_37.5039936601345545,1220036103,우리빌딩,127.0467535949327811_37.5047444149913147,89.0,21.0,서행,127.0467535949327811_37.5047444149913147|127.0468396453975544_37.5045668067024280|127.0471173294836689_37.5039936601345545
2026-09-04T06:42:24.849833+09:00,선릉역,선릉역,POI034,KEY_1,1220070800,테헤란로51길,1220323800,역삼동 705-31,127.0469662568829392_37.5046057396921384,1220035701,역삼동 804,127.0472444652040593_37.5040315100491171,68.0,19.0,서행,127.0472444652040593_37.5040315100491171|127.0469662568829392_37.5046057396921384
2026-09-04T06:42:24.849833+09:00,선릉역,선릉역,POI034,KEY_1,1220071100,삼성로85길,1220036503,이비스스타일앰배서더서울강남,127.0573585733390729_37.5053724936751181,1220036202,롯데캐슬아파트,127.0559213381150556_37.5049190420530891,137.0,6.0,정체,127.0559213381150556_37.5049190420530891|127.0573585733390729_37.5053724936751181
2026-09-04T06:42:24.849833+09:00,선릉역,선릉역,POI034,KEY_1,1220071200,삼성로85길,1220036201,롯데캐슬아파트,127.0558713656280361_37.5050195657570598,1220036504,이비스스타일앰배서더서울강남,127.0573055376119243_37.5054720518562945,136.0,23.0,서행,127.0573055376119243_37.5054720518562945|127.0558713656280361_37.5050195657570598
2026-09-04T06:42:24.849833+09:00,선릉역,선릉역,POI034,KEY_1,1220071300,선릉로93길,1220036703,선릉역(수인분당선),127.0484330543986573_37.5055999334302470,1220036102,우리빌딩,127.0468696615953377_37.5048051128072615,169.0,20.0,서행,127.0468696615953377_37.5048051128072615|127.0472577382230241_37.5052092417498173|127.0475341574507979_37.5053011288221043|127.0479304710487156_37.5054328695665120|127.0484330543986573_37.5055999334302470
2026-09-04T06:42:24.849833+09:00,선릉역,선릉역,POI034,KEY_1,1220071400,선릉로93길,1220335200,역삼동 696-45,127.0478782088464129_37.5055326522576777,1220036704,선릉역(수인분당선),127.0483821896187351_37.5057001806225543,48.0,21.0,서행,127.0483821896187351_37.5057001806225543|127.0478782088464129_37.5055326522576777
2026-09-04T06:42:24.849833+09:00,선릉역,선릉역,POI034,KEY_1,1220071500,테헤란로78길,1220268600,대치동 1011-6,127.0553089900937067_37.5058177697578614,1220037203,포스코미술관,127.0550468873825025_37.5063213325861398,61.0,19.0,서행,127.0550468873825025_37.5063213325861398|127.0553089900937067_37.5058177697578614
2026-09-04T06:42:24.849833+09:00,선릉역,선릉역,POI034,KEY_1,1220071600,테헤란로78길,1220037202,포스코미술관,127.0551734722876205_37.5063604107458772,1220036201,롯데캐슬아파트,127.0558713656280361_37.5050195657570598,161.0,9.0,정체,127.0558713656280361_37.5050195657570598|127.0556616943434847_37.5054224074410030|127.0554343582095669_37.5058591832844215|127.0551734722876205_37.5063604107458772
2026-09-04T06:42:24.849833+09:00,선릉역,선릉역,POI034,KEY_1,1220071700,테헤란로63길,1220423600,삼성동 172-98,127.0503997460840679_37.5057459597834253,1220037103,삼성동빌딩,127.0501931847878154_37.5061595041217970,49.0,8.0,정체,127.0501931847878154_37.5061595041217970|127.0502410686189307_37.5060786113238365|127.0503997460840679_37.5057459597834253
2026-09-04T06:42:24.849833+09:00,선릉역,선릉역,POI034,KEY_1,1220071800,테헤란로63길,1220423500,삼성동 142-5,127.0505266121239316_37.5057843667848871,1220036301,월간부동산경제,127.0508357905731600_37.5051361926111113,77.0,15.0,서행,127.0508357905731600_37.5051361926111113|127.0505266121239316_37.5057843667848871
2026-09-04T06:42:24.849833+09:00,선릉역,선릉역,POI034,KEY_1,1220071900,선릉로94길,1220037103,삼성동빌딩,127.0501931847878154_37.5061595041217970,1220036702,선릉역(수인분당선),127.0485587670993652_37.5056408010745486,156.0,20.5,서행,127.0485587670993652_37.5056408010745486|127.0490621091166048_37.5058005461863644|127.0501931847878154_37.5061595041217970
2026-09-04T06:42:24.849833+09:00,선릉역,선릉역,POI034,KEY_1,1220072000,선릉로94길,1220036701,선릉역(수인분당선),127.0485078851592107_37.5057410376844658,1220037104,삼성동빌딩,127.0501601069988027_37.5062653907136010,157.0,6.0,정체,127.0501601069988027_37.5062653907136010|127.0490118813641089_37.5059009903445002|127.0485078851592107_37.5057410376844658
2026-09-04T06:42:24.849833+09:00,선릉역,선릉역,POI034,KEY_1,1220072100,테헤란로69길,1220036804,KTF타워,127.0528495126162909_37.5057573699263784,1220037603,삼성동 172-89,127.0522708430014944_37.5069035359184255,137.0,18.0,서행,127.0522708430014944_37.5069035359184255|127.0524230958238974_37.5066019737352079|127.0526102703543501_37.5062312396574242|127.0528495126162909_37.5057573699263784
2026-09-04T06:42:24.849833+09:00,선릉역,선릉역,POI034,KEY_1,1220072200,테헤란로69길,1220345500,삼성동 172-99,127.0527361859108169_37.5062715853546678,1220036801,KTF타워,127.0529760573716800_37.5057964677758875,57.0,20.0,서행,127.0529760573716800_37.5057964677758875|127.0527361859108169_37.5062715853546678
2026-09-04T06:42:24.849833+09:00,선릉역,선릉역,POI034,KEY_1,1220072700,테헤란로63길,1220037104,삼성동빌딩,127.0501601069988027_37.5062653907136010,1220037303,정든빌딩,127.0501680356160392_37.5067325970078258,52.0,19.5,서행,127.0501680356160392_37.5067325970078258|127.0501601069988027_37.5062653907136010
2026-09-04T06:42:24.849833+09:00,선릉역,선릉역,POI034,KEY_1,1220072800,테헤란로63길,1220037302,정든빌딩,127.0503036864279096_37.5067277996371189,1220037101,삼성동빌딩,127.0502958135916458_37.5062639290552582,51.0,19.7,서행,127.0502958135916458_37.5062639290552582|127.0503036864279096_37.5067277996371189
2026-09-04T06:42:24.849833+09:00,선릉역,선릉역,POI034,KEY_1,1220073500,선릉로100길,1220369700,삼성동 172-89,127.0515841885179213_37.5067796298796594,1220037302,정든빌딩,127.0503036864279096_37.5067277996371189,113.0,27.0,원활,127.0503036864279096_37.5067277996371189|127.0515841885179213_37.5067796298796594
2026-09-04T06:42:24.849833+09:00,선릉역,선릉역,POI034,KEY_1,1220073600,선릉로100길,1220037301,정든빌딩,127.0502967986549976_37.5068357808075135,1220037604,삼성동 172-89,127.0522091422740658_37.5069998373663793,171.0,23.0,서행,127.0522091422740658_37.5069998373663793|127.0520785711498206_37.5069467447646474|127.0518857869076896_37.5069000953744691|127.0515773025849029_37.5068876111003817|127.0502967986549976_37.5068357808075135
2026-09-04T06:42:24.849833+09:00,선릉역,선릉역,POI034,KEY_1,1220073700,선릉로100길,1220419800,삼성동 172-88,127.0489998316540294_37.5068690014972219,1220037902,선릉공원,127.0471720593799319_37.5070534520707710,163.0,25.0,원활,127.0471720593799319_37.5070534520707710|127.0474044325196132_37.5070552676544722|127.0489998316540294_37.5068690014972219
2026-09-04T06:42:24.849833+09:00,선릉역,선릉역,POI034,KEY_1,1220073800,선릉로100길,1220037901,선릉공원,127.0469965891165742_37.5071602068898287,1220037304,정든빌딩,127.0501877186652990_37.5068395748828394,285.0,20.0,서행,127.0501877186652990_37.5068395748828394|127.0490195130558817_37.5069759794436237|127.0474136620712926_37.5071634656356494|127.0469965891165742_37.5071602068898287
2026-09-04T06:42:24.849833+09:00,선릉역,선릉역,POI034,KEY_1,1220074600,삼성로95길,1220038503,마루빌딩,127.0534532547879820_37.5074151103447733,1220037602,삼성동 172-89,127.0523915908889165_37.5069541192693592,107.0,20.0,서행,127.0523915908889165_37.5069541192693592|127.0534532547879820_37.5074151103447733
2026-09-04T06:42:24.849833+09:00,선릉역,선릉역,POI034,KEY_1,1220075600,삼성로95길,1220406500,삼성동 172-90,127.0542714833571409_37.5077257788648311,1220038502,마루빌딩,127.0535960100787065_37.5074744096809738,66.0,17.0,서행,127.0535960100787065_37.5074744096809738|127.0540234447238248_37.5076262489432253|127.0542714833571409_37.5077257788648311
2026-09-04T06:42:24.849833+09:00,선릉역,선릉역,POI034,KEY_1,1220078300,봉은사로68길,1220392700,삼성동 172-73,127.0530668262036471_37.5086067783565937,1220038501,마루빌딩,127.0536095457558048_37.5075976007268892,126.0,16.0,서행,127.0536095457558048_37.5075976007268892|127.0536270441107263_37.5077568563279229|127.0536175999609867_37.5078783512049867|127.0536010378548042_37.5079533619661234|127.0532756349020502_37.5083408529318518|127.0530933339902475_37.5085844180251726|127.0530668262036471_37.5086067783565937
2026-09-04T06:42:24.849833+09:00,선릉역,선릉역,POI034,KEY_1,1220330700,테헤란로43길,1220034105,르네상스호텔교차로,127.0435597867368074_37.5029050914540534,1220034905,국제섬유신문,127.0440100661521683_37.5035966744363876,122.0,7.0,정체,127.0440100661521683_37.5035966744363876|127.0436463251092079_37.5034967442712031|127.0433326699137950_37.5034026470018773|127.0435597867368074_37.5029050914540534
2026-09-04T06:42:24.849833+09:00,선릉역,선릉역,POI034,KEY_1,1220330800,테헤란로43길,1220034904,국제섬유신문,127.0440570321479470_37.5034952082934012,1220034102,르네상스호텔교차로,127.0436867528111975_37.5029433037034892,98.0,6.0,정체,127.0436867528111975_37.5029433037034892|127.0435060706377044_37.5033391353576278|127.0436923689629509_37.5033950244486789|127.0440570321479470_37.5034952082934012
2026-09-04T06:42:24.849833+09:00,성신여대입구역,성신여대입구역,POI035,KEY_2,1070005902,고려대로7길,1070009903,동선동2가 2-12,127.0176192672884525_37.5897727856347075,1070010303,하늘다리(동측),127.0169126278614584_37.5903777968666262,92.0,20.0,서행,127.0169126278614584_37.5903777968666262|127.0169401511210765_37.5903235362831509|127.0170002694840861_37.5902430465021453|127.0176192672884525_37.5897727856347075
2026-09-04T06:42:24.849833+09:00,성신여대입구역,성신여대입구역,POI035,KEY_2,1070006002,고려대로7길,1070010302,하늘다리(동측),127.0170394750946059_37.5904165844383797,1070009904,동선동2가 2-12,127.0177130914113519_37.5898509870969306,87.0,12.0,정체,127.0177130914113519_37.5898509870969306|127.0171075576426318_37.5903110198803319|127.0170622572597949_37.5903716704267481|127.0170394750946059_37.5904165844383797
2026-09-04T06:42:24.849833+09:00,성신여대입구역,성신여대입구역,POI035,KEY_2,1070006502,보문로34길,1070010201,하늘다리(서측),127.0165586656954559_37.5903884913356379,1070010304,하늘다리(동측),127.0168751057147887_37.5904820436575946,30.0,8.0,정체,127.0168751057147887_37.5904820436575946|127.0165586656954559_37.5903884913356379
2026-09-04T06:42:24.849833+09:00,성신여대입구역,성신여대입구역,POI035,KEY_2,1070006602,보문로34길,1070010303,하늘다리(동측),127.0169126278614584_37.5903777968666262,1070010202,하늘다리(서측),127.0166059853883098_37.5902871410901014,29.0,9.0,정체,127.0166059853883098_37.5902871410901014|127.0169126278614584_37.5903777968666262
2026-09-04T06:42:24.849833+09:00,성신여대입구역,성신여대입구역,POI035,KEY_2,1070007000,보문로34길,1070178200,동선동2가 10-1,127.0184456420819572_37.5908604765532530,1070010302,하늘다리(동측),127.0170394750946059_37.5904165844383797,134.0,13.0,정체,127.0170394750946059_37.5904165844383797|127.0184456420819572_37.5908604765532530
2026-09-04T06:42:24.849833+09:00,성신여대입구역,성신여대입구역,POI035,KEY_2,1070007101,동소문로20길,1070010304,하늘다리(동측),127.0168751057147887_37.5904820436575946,1070010403,성신여대입구역(우이신설경전철),127.0167328226829540_37.5911976949289937,80.0,13.0,정체,127.0167328226829540_37.5911976949289937|127.0168015831991823_37.5908518469217512|127.0168751057147887_37.5904820436575946
2026-09-04T06:42:24.849833+09:00,성신여대입구역,성신여대입구역,POI035,KEY_2,1070007102,동소문로20길,1070189800,동소문동5가 65-6,127.0165453469041097_37.5921183733808775,1070011403,성신여대입구역사거리,127.0164391257461887_37.5926067210998767,55.0,16.0,서행,127.0164391257461887_37.5926067210998767|127.0165453469041097_37.5921183733808775
2026-09-04T06:42:24.849833+09:00,성신여대입구역,성신여대입구역,POI035,KEY_2,1070007201,동소문로20길,1070217800,동선동1가 5-1,127.0169357870388751_37.5908687418819838,1070010301,하늘다리(동측),127.0170047370346680_37.5905219344376036,39.0,15.0,서행,127.0170047370346680_37.5905219344376036|127.0169357870388751_37.5908687418819838
2026-09-04T06:42:24.849833+09:00,성신여대입구역,성신여대입구역,POI035,KEY_2,1070007702,동소문로,1070191300,동소문동6가 10-2,127.0145774605457092_37.5924002821867944,1070011204,성신여대입구역,127.0157407964704248_37.5925412837108297,104.0,12.0,정체,127.0157407964704248_37.5925412837108297|127.0155688164207959_37.5925158470959602|127.0152429599720847_37.5924762180501730|127.0150037964714045_37.5924587492791531|127.0148577137105974_37.5924431614350354|127.0147441962490404_37.5924270782359216|127.0145774605457092_37.5924002821867944
2026-09-04T06:42:24.849833+09:00,성신여대입구역,성신여대입구역,POI035,KEY_2,1070007703,동소문로,1070011201,성신여대입구역,127.0158752935630702_37.5925635166821124,1070011404,성신여대입구역사거리,127.0164161787219967_37.5927162489956643,51.0,18.0,서행,127.0164161787219967_37.5927162489956643|127.0161741705460230_37.5926359517155646|127.0159856262325775_37.5925831927881262|127.0158752935630702_37.5925635166821124
2026-09-04T06:42:24.849833+09:00,성신여대입구역,성신여대입구역,POI035,KEY_2,1070007801,동소문로,1070011003,동소문동5가 54-1,127.0148815318724047_37.5923367166396858,1070010802,성북구청입구교차로,127.0133127718712700_37.5917960363692458,152.0,32.0,원활,127.0133127718712700_37.5917960363692458|127.0139621904980771_37.5920947289044349|127.0141232416506938_37.5921587812784352|127.0141441991609810_37.5921671163592848|127.0143532692258077_37.5922299974821783|127.0146050805432481_37.5922944190553423|127.0147695578757663_37.5923208517137724|127.0148815318724047_37.5923367166396858
2026-09-04T06:42:24.849833+09:00,성신여대입구역,성신여대입구역,POI035,KEY_2,1070007802,동소문로,1070011403,성신여대입구역사거리,127.0164391257461887_37.5926067210998767,1070011002,동소문동5가 65-1,127.0150162167295349_37.5923510826165099,130.0,24.0,서행,127.0150162167295349_37.5923510826165099|127.0152594491616185_37.5923688483093557|127.0155915012157806_37.5924092315234120|127.0157656264955506_37.5924349850518809|127.0159050086856922_37.5924580145421103|127.0160231508369577_37.5924790834847826|127.0162228939912552_37.5925349762665917|127.0164391257461887_37.5926067210998767
2026-09-04T06:42:24.849833+09:00,성신여대입구역,성신여대입구역,POI035,KEY_2,1070008600,동소문로,1070217600,동선동1가 101-1,127.0173731193807072_37.5930450746463052,1070011402,성신여대입구역사거리,127.0165670307477939_37.5926526509804191,84.0,53.7,원활,127.0165670307477939_37.5926526509804191|127.0168368755280710_37.5927622646081758|127.0170626909825984_37.5928666328168575|127.0172973428945937_37.5929975253992126|127.0173731193807072_37.5930450746463052
2026-09-04T06:42:24.849833+09:00,성신여대입구역,성신여대입구역,POI035,KEY_2,1070009501,아리랑로,1070011404,성신여대입구역사거리,127.0164161787219967_37.5927162489956643,1070011903,성신여대입구역(서울4호선),127.0163070681390423_37.5932706597657145,62.0,14.0,정체,127.0163070681390423_37.5932706597657145|127.0164161787219967_37.5927162489956643
2026-09-04T06:42:24.849833+09:00,성신여대입구역,성신여대입구역,POI035,KEY_2,1070009502,아리랑로,1070152500,동소문동6가 200-1,127.0161022456183559_37.5942459627278893,1070013303,흥천사입구,127.0153444563614613_37.5964186545611980,252.0,31.0,원활,127.0153444563614613_37.5964186545611980|127.0158188667783890_37.5955277742552951|127.0158434474531646_37.5954639148354701|127.0158506544361643_37.5954451914158199|127.0160294984277414_37.5945904614207151|127.0161022456183559_37.5942459627278893
2026-09-04T06:42:24.849833+09:00,성신여대입구역,성신여대입구역,POI035,KEY_2,1070009601,아리랑로,1070152400,동선동4가 62-1,127.0162362461145733_37.5942638784102030,1070011401,성신여대입구역사거리,127.0165441646656461_37.5927647547090160,169.0,30.0,원활,127.0165441646656461_37.5927647547090160|127.0164413089041631_37.5932873874350264|127.0164179583282191_37.5934033471139699|127.0163543209479826_37.5937047158219642|127.0162362461145733_37.5942638784102030
2026-09-04T06:42:24.849833+09:00,성신여대입구역,성신여대입구역,POI035,KEY_2,1070026500,동소문로,1070181400,동소문동5가 118-1,127.0160530935796004_37.5912416782053072,1070010903,동일하이빌아파트,127.0149594233561601_37.5919301839374782,155.0,6.0,정체,127.0149594233561601_37.5919301839374782|127.0150138337729260_37.5916857225979797|127.0150919169856820_37.5913348985611790|127.0151619182899196_37.5912762458128924|127.0153666425906778_37.5912860924097174|127.0160530935796004_37.5912416782053072
2026-09-04T06:42:24.849833+09:00,성신여대입구역,성신여대입구역,POI035,KEY_2,1070026600,동소문로,1070181500,동소문동5가 118-1,127.0160641056095443_37.5913494417794638,1070010404,성신여대입구역(우이신설경전철),127.0167106452625632_37.5913076060878240,57.0,9.0,정체,127.0167106452625632_37.5913076060878240|127.0160641056095443_37.5913494417794638
2026-09-04T06:42:24.849833+09:00,성신여대입구역,성신여대입구역,POI035,KEY_2,1070026800,보문로40길,1070010903,동일하이빌아파트,127.0149594233561601_37.5919301839374782,1070010602,성북구청입구,127.0135671858635504_37.5915271608862156,131.0,9.0,정체,127.0135671858635504_37.5915271608862156|127.0147074627602990_37.5918996231696596|127.0147774769798161_37.5919135419600607|127.0149594233561601_37.5919301839374782
2026-09-04T06:42:24.849833+09:00,성신여대입구역,성신여대입구역,POI035,KEY_2,1070026900,보문로40길,1070010601,성북구청입구,127.0134721138476550_37.5916129798123109,1070010904,동일하이빌아파트,127.0149376262676526_37.5920370213863748,138.0,22.0,서행,127.0149376262676526_37.5920370213863748|127.0147531482231074_37.5920201476797970|127.0146649758462445_37.5920026190555703|127.0134721138476550_37.5916129798123109
2026-09-04T06:42:24.849833+09:00,성신여대입구역,성신여대입구역,POI035,KEY_2,1070027000,동소문로,1070010904,동일하이빌아파트,127.0149376262676526_37.5920370213863748,1070011003,동소문동5가 54-1,127.0148815318724047_37.5923367166396858,34.0,26.0,원활,127.0148815318724047_37.5923367166396858|127.0149376262676526_37.5920370213863748
2026-09-04T06:42:24.849833+09:00,성신여대입구역,성신여대입구역,POI035,KEY_2,1070027100,동소문로,1070011002,동소문동5가 65-1,127.0150162167295349_37.5923510826165099,1070010901,동일하이빌아파트,127.0150720184948625_37.5920529485815251,33.0,4.0,정체,127.0150720184948625_37.5920529485815251|127.0150162167295349_37.5923510826165099
2026-09-04T06:42:24.849833+09:00,성신여대입구역,성신여대입구역,POI035,KEY_2,1070028700,아리랑로,1070208700,동소문동6가 140-1,127.0157330995905625_37.5927917752668392,1070011904,성신여대입구역(서울4호선),127.0162839594818251_37.5933854316600673,87.0,10.0,정체,127.0162839594818251_37.5933854316600673|127.0159785893586246_37.5932414953664633|127.0158756041946901_37.5931682919617316|127.0157419765480853_37.5928464458237670|127.0157330995905625_37.5927917752668392
2026-09-04T06:42:24.849833+09:00,수유역,수유역,POI036,KEY_3,1080008602,도봉로82길,1080226000,번동 391,127.0241644936939878_37.6357696032203535,1080015202,수유시외버스정류소,127.0236831694384279_37.6360907804609113,55.0,9.0,정체,127.0236831694384279_37.6360907804609113|127.0241644936939878_37.6357696032203535
2026-09-04T06:42:24.849833+09:00,수유역,수유역,POI036,KEY_3,1080008000,도봉로,1080015202,수유시외버스정류소,127.0236831694384279_37.6360907804609113,1080014201,수유사거리,127.0233556679664844_37.6347442902930567,157.0,31.0,원활,127.0233556679664844_37.6347442902930567|127.0233018635561280_37.6352888705356889|127.0233175543222046_37.6354070103498799|127.0233430823840308_37.6355173868229684|127.0233955533373802_37.6356355217398075|127.0234453674785868_37.6357565952720634|127.0235352966461022_37.6359041479519192|127.0236251021237166_37.6360284821932822|127.0236831694384279_37.6360907804609113
2026-09-04T06:42:24.849833+09:00,수유역,수유역,POI036,KEY_3,1080009103,오패산로,1080158500,번동 386-16,127.0260853604169284_37.6375944430184219,1080016102,수유역앞교차로,127.0256194588501444_37.6379067843667983,54.0,24.0,서행,127.0256194588501444_37.6379067843667983|127.0260853604169284_37.6375944430184219
2026-09-04T06:42:24.849833+09:00,수유역,수유역,POI036,KEY_3,1080009301,도봉로,1080002901,번동 386-16,127.0231664465426604_37.6352899337358835,1080015203,수유시외버스정류소,127.0235736061376599_37.6361550867126198,104.0,35.0,원활,127.0235736061376599_37.6361550867126198|127.0235111603072085_37.6360878005974442|127.0234150337191750_37.6359547144529927|127.0233190142585045_37.6357971691573283|127.0232668329031753_37.6356703423469057|127.0232113146315527_37.6355453442665109|127.0231828133108536_37.6354221130901792|127.0231664465426604_37.6352899337358835
2026-09-04T06:42:24.849833+09:00,수유역,수유역,POI036,KEY_3,1080009302,도봉로,1080156300,수유동 140,127.0250179650912514_37.6375154509010059,1080016103,수유역앞교차로,127.0255162867766927_37.6379771983937559,68.0,24.0,서행,127.0255162867766927_37.6379771983937559|127.0250179650912514_37.6375154509010059
2026-09-04T06:42:24.849833+09:00,수유역,수유역,POI036,KEY_3,1080009402,도봉로,1080073400,번동 386-16,127.0242352713134437_37.6366200409223595,1080015201,수유시외버스정류소,127.0237672815486718_37.6361757911882933,64.0,26.0,원활,127.0237672815486718_37.6361757911882933|127.0242352713134437_37.6366200409223595
2026-09-04T06:42:24.849833+09:00,수유역,수유역,POI036,KEY_3,1080009703,한천로,1080016003,번동 386-16,127.0299779896407841_37.6378716339951396,1080016402,강북웨딩홀,127.0282279267782144_37.6390089170082121,199.0,20.0,서행,127.0282279267782144_37.6390089170082121|127.0299779896407841_37.6378716339951396
2026-09-04T06:42:24.849833+09:00,수유역,수유역,POI036,KEY_3,1080009704,한천로,1080016403,강북웨딩홀,127.0281210425953446_37.6390791820698425,1080003302,강북구청사거리,127.0273999361081678_37.6395569047145599,83.0,21.0,서행,127.0273999361081678_37.6395569047145599|127.0278033307742049_37.6392896628693592|127.0281210425953446_37.6390791820698425
2026-09-04T06:42:24.849833+09:00,수유역,수유역,POI036,KEY_3,1080009802,한천로,1080016401,강북웨딩홀,127.0283249364074294_37.6390855039041270,1080016004,번동 386-16,127.0300640215044723_37.6379553522579826,198.0,26.0,원활,127.0300640215044723_37.6379553522579826|127.0283249364074294_37.6390855039041270
2026-09-04T06:42:24.849833+09:00,수유역,수유역,POI036,KEY_3,1080009803,한천로,1080151700,번동 386-16,127.0278903554192169_37.6393727312907700,1080016404,강북웨딩홀,127.0282200410424593_37.6391543174096554,38.0,14.0,정체,127.0282200410424593_37.6391543174096554|127.0278903554192169_37.6393727312907700
2026-09-04T06:42:24.849833+09:00,수유역,수유역,POI036,KEY_3,1080009900,도봉로,1080047000,수유동 140,127.0270207603614807_37.6393715289835100,1080003303,강북구청사거리,127.0272963919230165_37.6396269755500938,37.0,12.0,정체,127.0272963919230165_37.6396269755500938|127.0270207603614807_37.6393715289835100
2026-09-04T06:42:24.849833+09:00,수유역,수유역,POI036,KEY_3,1080010000,도봉로,1080003302,강북구청사거리,127.0273999361081678_37.6395569047145599,1080016101,수유역앞교차로,127.0257080007585841_37.6379888370540669,229.0,20.5,서행,127.0257080007585841_37.6379888370540669|127.0271239431816923_37.6393011235957502|127.0273999361081678_37.6395569047145599
2026-09-04T06:42:24.849833+09:00,수유역,수유역,POI036,KEY_3,1080010301,노해로,1080002901,번동 386-16,127.0231664465426604_37.6352899337358835,1080015303,수유사거리,127.0229982580287214_37.6361886528113985,101.0,6.0,정체,127.0229982580287214_37.6361886528113985|127.0230491409070765_37.6360140073621778|127.0230954897363063_37.6356468837192679|127.0231628676230997_37.6354251713480110|127.0231664465426604_37.6352899337358835
2026-09-04T06:42:24.849833+09:00,수유역,수유역,POI036,KEY_3,1080010302,노해로,1080015304,수유사거리,127.0229876277383028_37.6362964481573314,1080015903,한성빌딩,127.0228494863499407_37.6376972279147566,156.0,14.0,정체,127.0228494863499407_37.6376972279147566|127.0229876277383028_37.6362964481573314
2026-09-04T06:42:24.849833+09:00,수유역,수유역,POI036,KEY_3,1080010303,노해로,1080075700,수유동 140,127.0224197979474923_37.6413919672375812,1080016903,광산사거리,127.0222951825581958_37.6424932997948360,123.0,24.0,서행,127.0222951825581958_37.6424932997948360|127.0223303549133078_37.6421824549928701|127.0223878024834789_37.6416747415900090|127.0224197979474923_37.6413919672375812
2026-09-04T06:42:24.849833+09:00,수유역,수유역,POI036,KEY_3,1080010304,노해로,1080016904,광산사거리,127.0222815961850955_37.6426152684026505,1080017403,광산사거리,127.0222565141699675_37.6432080577765262,66.0,27.0,원활,127.0222565141699675_37.6432080577765262|127.0222415900239241_37.6431089181549936|127.0222383652308054_37.6430211692069321|127.0222815961850955_37.6426152684026505
2026-09-04T06:42:24.849833+09:00,수유역,수유역,POI036,KEY_3,1080010402,노해로,1080015902,한성빌딩,127.0229850488410364_37.6377056824230678,1080015301,수유사거리,127.0231238772314271_37.6363035834235546,156.0,17.0,서행,127.0231238772314271_37.6363035834235546|127.0229850488410364_37.6377056824230678
2026-09-04T06:42:24.849833+09:00,수유역,수유역,POI036,KEY_3,1080010403,노해로,1080128200,수유동 140,127.0229199583416033_37.6382534900182861,1080015901,한성빌딩,127.0229732198363592_37.6378134096389871,49.0,26.0,원활,127.0229732198363592_37.6378134096389871|127.0229199583416033_37.6382534900182861
2026-09-04T06:42:24.849833+09:00,수유역,수유역,POI036,KEY_3,1080010404,노해로,1080017402,광산사거리,127.0223798519249527_37.6431177142399491,1080016901,광산사거리,127.0224170781558968_37.6426243925686279,55.0,11.0,정체,127.0224170781558968_37.6426243925686279|127.0223744999869666_37.6430241617647852|127.0223773205328683_37.6431008980557209|127.0223798519249527_37.6431177142399491
2026-09-04T06:42:24.849833+09:00,수유역,수유역,POI036,KEY_3,1080010900,삼각산로,1080116900,수유동 140,127.0213634369372357_37.6419126554108203,1080016904,광산사거리,127.0222815961850955_37.6426152684026505,113.0,16.0,서행,127.0222815961850955_37.6426152684026505|127.0221156936451194_37.6425294098279721|127.0217836952744790_37.6422534289198722|127.0217078661471390_37.6421919419448017|127.0215164280236877_37.6420367113308743|127.0213634369372357_37.6419126554108203
2026-09-04T06:42:24.849833+09:00,수유역,수유역,POI036,KEY_3,1080011101,한천로,1080003303,강북구청사거리,127.0272963919230165_37.6396269755500938,1080016602,쌍문시장,127.0266863981054115_37.6400485444776081,71.0,11.0,정체,127.0266863981054115_37.6400485444776081|127.0269422583467929_37.6398717195093795|127.0272963919230165_37.6396269755500938
2026-09-04T06:42:24.849833+09:00,수유역,수유역,POI036,KEY_3,1080011104,한천로,1080115800,수유동 140,127.0232223773573992_37.6425073065817628,1080017402,광산사거리,127.0223798519249527_37.6431177142399491,101.0,35.0,원활,127.0223798519249527_37.6431177142399491|127.0226468883839317_37.6429218971916342|127.0227483095569170_37.6428482628419303|127.0232223773573992_37.6425073065817628
2026-09-04T06:42:24.849833+09:00,수유역,수유역,POI036,KEY_3,1080011201,한천로,1080110500,수유동 140,127.0270314454666050_37.6399533258760783,1080003304,강북구청사거리,127.0273850195992651_37.6397089683551442,41.0,16.0,서행,127.0273850195992651_37.6397089683551442|127.0270314454666050_37.6399533258760783
2026-09-04T06:42:24.849833+09:00,수유역,수유역,POI036,KEY_3,1080011202,한천로,1080112100,수유동 140,127.0252466462093679_37.6411988384507481,1080016604,쌍문시장,127.0266738125599062_37.6402009050989221,168.0,17.0,서행,127.0266738125599062_37.6402009050989221|127.0263045023562682_37.6404591461986371|127.0252466462093679_37.6411988384507481
2026-09-04T06:42:24.849833+09:00,수유역,수유역,POI036,KEY_3,1080011203,한천로,1080017401,광산사거리,127.0224184143844752_37.6432365102794435,1080017204,광산사거리,127.0227390640422271_37.6430013781192727,38.0,16.0,서행,127.0227390640422271_37.6430013781192727|127.0224184143844752_37.6432365102794435
2026-09-04T06:42:24.849833+09:00,수유역,수유역,POI036,KEY_3,1080011301,도봉로,1080060100,수유동 140,127.0306004514326617_37.6426841969638559,1080017102,강북구-도봉구,127.0308257491886792_37.6428931106192053,31.0,19.0,서행,127.0308257491886792_37.6428931106192053|127.0306004514326617_37.6426841969638559
2026-09-04T06:42:24.849833+09:00,수유역,수유역,POI036,KEY_3,1080011401,도봉로,1080148000,번동 386-16,127.0288995422619678_37.6409419521947370,1080003301,강북구청사거리,127.0274885730155745_37.6396389056824674,191.0,20.0,서행,127.0274885730155745_37.6396389056824674|127.0286952516696459_37.6407532913383776|127.0288995422619678_37.6409419521947370
2026-09-04T06:42:24.849833+09:00,수유역,수유역,POI036,KEY_3,1080011701,한천로150길,1080017204,광산사거리,127.0227390640422271_37.6430013781192727,1080017603,수유동 147,127.0234399674013446_37.6435776119042629,89.0,15.0,서행,127.0234399674013446_37.6435776119042629|127.0230342462796358_37.6432440579369043|127.0227390640422271_37.6430013781192727
2026-09-04T06:42:24.849833+09:00,수유역,수유역,POI036,KEY_3,1080011702,한천로150길,1080067100,수유동 694-1,127.0270426136358566_37.6449180881712522,1080018002,강북구-도봉구,127.0274281234246558_37.6451501418039811,43.0,23.0,서행,127.0274281234246558_37.6451501418039811|127.0270788313504369_37.6449493887403364|127.0270426136358566_37.6449180881712522
2026-09-04T06:42:24.849833+09:00,수유역,수유역,POI036,KEY_3,1080011801,한천로150길,1080038600,수유동 141,127.0231319780003645_37.6431688921579166,1080017201,광산사거리,127.0228395148250087_37.6429284480442590,37.0,27.0,원활,127.0228395148250087_37.6429284480442590|127.0231319780003645_37.6431688921579166
2026-09-04T06:42:24.849833+09:00,수유역,수유역,POI036,KEY_3,1080011802,한천로150길,1080163300,수유동 147,127.0241618599472559_37.6436534197422503,1080017602,수유동 147,127.0236131674350020_37.6435644896973614,49.0,25.0,원활,127.0236131674350020_37.6435644896973614|127.0240590981584603_37.6436445515889417|127.0241618599472559_37.6436534197422503
2026-09-04T06:42:24.849833+09:00,수유역,수유역,POI036,KEY_3,1080012301,노해로,1080017404,광산사거리,127.0223175758041947_37.6433102339396655,1080017703,원남빌딩,127.0226179050192314_37.6436435751257079,46.0,16.0,서행,127.0226179050192314_37.6436435751257079|127.0223175758041947_37.6433102339396655
2026-09-04T06:42:24.849833+09:00,수유역,수유역,POI036,KEY_3,1080012401,노해로,1080017702,원남빌딩,127.0227796397990403_37.6436374411399228,1080017401,광산사거리,127.0224184143844752_37.6432365102794435,55.0,28.0,원활,127.0224184143844752_37.6432365102794435|127.0227796397990403_37.6436374411399228
2026-09-04T06:42:24.849833+09:00,수유역,수유역,POI036,KEY_3,1080012402,노해로,1080109000,수유동 252-147,127.0235321681217897_37.6445554686688695,1080017701,원남빌딩,127.0228650113697171_37.6437391865908069,108.0,26.0,원활,127.0228650113697171_37.6437391865908069|127.0230607508394485_37.6439786807207284|127.0234439357460161_37.6444475155171503|127.0235321681217897_37.6445554686688695
2026-09-04T06:42:24.849833+09:00,수유역,수유역,POI036,KEY_3,1080012601,한천로,1080017802,성일빌딩,127.0216586112420742_37.6437908797410401,1080017404,광산사거리,127.0223175758041947_37.6433102339396655,79.0,37.0,원활,127.0223175758041947_37.6433102339396655|127.0219574608576494_37.6435729013975973|127.0216586112420742_37.6437908797410401
2026-09-04T06:42:24.849833+09:00,수유역,수유역,POI036,KEY_3,1080028800,수유로,1080015303,수유사거리,127.0229982580287214_37.6361886528113985,1080014701,수유5동사무소,127.0196296035613130_37.6354694768000684,316.0,18.0,서행,127.0196296035613130_37.6354694768000684|127.0196618238943103_37.6354991334178237|127.0197320600272661_37.6355471748465007|127.0198055328148001_37.6355856679477725|127.0198680257195178_37.6356135068326125|127.0199653824943766_37.6356568765132451|127.0202420867677802_37.6357640222951773|127.0205825288630592_37.6358730997497020|127.0206347803766249_37.6358884735904198|127.0209615626878730_37.6359846213166023|127.0210525776655430_37.6360114000487229|127.0213979901811570_37.6361100853538346|127.0216445353368471_37.6361805232032367|127.0217730123288931_37.6362063490435546|127.0217867365767006_37.6362091078179262|127.0219302934594907_37.6362240303695188|127.0220706801763839_37.6362267612068706|127.0222776181497437_37.6362225021000967|127.0224141929671902_37.6362139761998264|127.0229012279700527_37.6361835709619328|127.0229982580287214_37.6361886528113985
2026-09-04T06:42:24.849833+09:00,수유역,수유역,POI036,KEY_3,1080028900,수유로,1080214400,수유동 143,127.0224248327344299_37.6363217629655793,1080015304,수유사거리,127.0229876277383028_37.6362964481573314,50.0,23.7,서행,127.0229876277383028_37.6362964481573314|127.0229020860330280_37.6362919683322943|127.0224248327344299_37.6363217629655793
2026-09-04T06:42:24.849833+09:00,수유역,수유역,POI036,KEY_3,1080029100,도봉로82길,1080015302,수유사거리,127.0231345500635882_37.6361957908305484,1080015203,수유시외버스정류소,127.0235736061376599_37.6361550867126198,42.0,11.0,정체,127.0235736061376599_37.6361550867126198|127.0235145314210854_37.6361122691585663|127.0232717727846534_37.6361373695695676|127.0231345500635882_37.6361957908305484
2026-09-04T06:42:24.849833+09:00,수유역,수유역,POI036,KEY_3,1080030000,덕릉로41길,1080056400,번동 416-118,127.0276656701430369_37.6383417113699252,1080016203,번동 416-19,127.0274257118923913_37.6385046095529532,28.0,7.0,정체,127.0274257118923913_37.6385046095529532|127.0276656701430369_37.6383417113699252
2026-09-04T06:42:24.849833+09:00,수유역,수유역,POI036,KEY_3,1080030200,한천로131길,1080016203,번동 416-19,127.0274257118923913_37.6385046095529532,1080015801,서울강북경찰서,127.0265402141837114_37.6374306750451026,143.0,7.0,정체,127.0265402141837114_37.6374306750451026|127.0266918623168522_37.6376924623126428|127.0268206522959247_37.6378868296333167|127.0269609021722204_37.6380660945815109|127.0273791837187218_37.6384682159555339|127.0274257118923913_37.6385046095529532
2026-09-04T06:42:24.849833+09:00,수유역,수유역,POI036,KEY_3,1080030300,한천로131길,1080015804,서울강북경찰서,127.0264324979401351_37.6375031317895292,1080016204,번동 418-3,127.0273303726697804_37.6385816903498878,145.0,7.0,정체,127.0273303726697804_37.6385816903498878|127.0272788693371098_37.6385414054732266|127.0268503025075404_37.6381293941757562|127.0267026408067892_37.6379406569185022|127.0265698925462488_37.6377403159305146|127.0264324979401351_37.6375031317895292
2026-09-04T06:42:24.849833+09:00,수유역,수유역,POI036,KEY_3,1080030600,한천로139길,1080091000,수유동 142,127.0247879820656038_37.6385298259940555,1080015902,한성빌딩,127.0229850488410364_37.6377056824230678,191.0,13.0,정체,127.0229850488410364_37.6377056824230678|127.0234677051405043_37.6377319368771239|127.0235267678141753_37.6377475797293712|127.0237756329887020_37.6379867161345629|127.0241969008081355_37.6382500965158187|127.0244024240663236_37.6383514825667049|127.0247039950171484_37.6385009283449250|127.0247879820656038_37.6385298259940555
2026-09-04T06:42:24.849833+09:00,수유역,수유역,POI036,KEY_3,1080030800,한천로131길,1080016402,강북웨딩홀,127.0282279267782144_37.6390089170082121,1080016202,번동 417-18,127.0275246363479198_37.6385796093806704,78.0,10.0,정체,127.0275246363479198_37.6385796093806704|127.0275475902735991_37.6385965752124534|127.0279986243420751_37.6388609522476472|127.0282279267782144_37.6390089170082121
2026-09-04T06:42:24.849833+09:00,수유역,수유역,POI036,KEY_3,1080030900,한천로131길,1080016201,번동 418-3,127.0274320745246115_37.6386588024939144,1080016403,강북웨딩홀,127.0281210425953446_37.6390791820698425,77.0,18.0,서행,127.0281210425953446_37.6390791820698425|127.0279154104788688_37.6389464907444165|127.0274606942933957_37.6386799563932897|127.0274320745246115_37.6386588024939144
2026-09-04T06:42:24.849833+09:00,수유역,수유역,POI036,KEY_3,1080031700,노해로22길,1080017603,수유동 147,127.0234399674013446_37.6435776119042629,1080017702,원남빌딩,127.0227796397990403_37.6436374411399228,59.0,27.0,원활,127.0227796397990403_37.6436374411399228|127.0233264025382312_37.6435930200839692|127.0234399674013446_37.6435776119042629
2026-09-04T06:42:24.849833+09:00,수유역,수유역,POI036,KEY_3,1080031800,노해로22길,1080017701,원남빌딩,127.0228650113697171_37.6437391865908069,1080017604,수유동 605-77,127.0235544803541501_37.6436717552080538,61.0,42.0,원활,127.0235544803541501_37.6436717552080538|127.0233447680138283_37.6437002083349483|127.0228650113697171_37.6437391865908069
2026-09-04T06:42:24.849833+09:00,수유역,수유역,POI036,KEY_3,1080031900,노해로,1080017703,원남빌딩,127.0226179050192314_37.6436435751257079,1080017802,성일빌딩,127.0216586112420742_37.6437908797410401,88.0,4.0,정체,127.0216586112420742_37.6437908797410401|127.0217303154022375_37.6437988114114930|127.0221374868864217_37.6437973518002380|127.0221882192326888_37.6437864385601699|127.0224688583896295_37.6436690710073023|127.0225845057136382_37.6436444151185583|127.0226179050192314_37.6436435751257079
2026-09-04T06:42:24.849833+09:00,수유역,수유역,POI036,KEY_3,1080032000,노해로,1080017801,성일빌딩,127.0215279269870052_37.6438855832635184,1080017704,원남빌딩,127.0227112002526297_37.6437494010203721,108.0,14.5,정체,127.0227112002526297_37.6437494010203721|127.0226045245666739_37.6437520842929914|127.0225187236848257_37.6437703762629639|127.0222382213104027_37.6438876871446908|127.0221558543603777_37.6439054051771507|127.0217212086632941_37.6439069627147660|127.0215279269870052_37.6438855832635184
2026-09-04T06:42:24.849833+09:00,수유역,수유역,POI036,KEY_3,1090044400,도봉로,1090000702,우이교앞교차로,127.0311828397790350_37.6430569437685492,1080017101,강북구-도봉구,127.0309288510039636_37.6428226257850653,34.0,20.0,서행,127.0309288510039636_37.6428226257850653|127.0311828397790350_37.6430569437685492
2026-09-04T06:42:24.849833+09:00,수유역,수유역,POI036,KEY_3,1090044500,도봉로,1080017102,강북구-도봉구,127.0308257491886792_37.6428931106192053,1090000703,우이교앞교차로,127.0310729519188158_37.6431211684896070,33.0,24.0,서행,127.0310729519188158_37.6431211684896070|127.0308257491886792_37.6428931106192053
2026-09-04T06:42:24.849833+09:00,수유역,수유역,POI036,KEY_3,1090044600,한천로150길,1090000902,한일병원,127.0279685895414303_37.6450803801061440,1080018001,강북구-도봉구,127.0275077754502036_37.6450625164904054,45.0,27.0,원활,127.0275077754502036_37.6450625164904054|127.0276429361835682_37.6451401989281891|127.0276803680900457_37.6451498423920157|127.0277351194381907_37.6451384257800754|127.0279685895414303_37.6450803801061440
2026-09-04T06:42:24.849833+09:00,수유역,수유역,POI036,KEY_3,1090044700,한천로150길,1080018002,강북구-도봉구,127.0274281234246558_37.6451501418039811,1090000903,한일병원,127.0278597593353567_37.6452207179505223,42.0,15.0,서행,127.0278597593353567_37.6452207179505223|127.0277726737142103_37.6452423697628973|127.0276763386695364_37.6452624555106468|127.0275806464922255_37.6452378026752044|127.0274281234246558_37.6451501418039811
2026-09-04T06:42:24.849833+09:00,숭례문,숭례문,POI131,KEY_4,1010002301,소월로,1010155400,최소노드배치점,126.9760533414636114_37.5582497344554369,1010013803,숭례문앞교차로,126.9755809845113532_37.5605189064983307,262.0,21.0,서행,126.9755809845113532_37.5605189064983307|126.9757337889885065_37.5603525891795087|126.9757984686316661_37.5601874326070444|126.9757969708594061_37.5599997077910714|126.9757198667068110_37.5593373627741514|126.9757048763582503_37.5591937029204388|126.9757309859065373_37.5590497713064551|126.9757785893644524_37.5588840435687814|126.9759074328705282_37.5585745471584289|126.9759297486065890_37.5585209420058632|126.9759522152383795_37.5584716422248093|126.9760533414636114_37.5582497344554369
2026-09-04T06:42:24.849833+09:00,숭례문,숭례문,POI131,KEY_4,1010002402,소월로,1010013802,숭례문앞교차로,126.9757600351255320_37.5605071695408910,1010011100,숭례문,126.9758644071737450_37.5590694809368770,164.0,21.0,서행,126.9758644071737450_37.5590694809368770|126.9758414948468044_37.5591969276911115|126.9758551619603253_37.5593278985156402|126.9759327469906509_37.5599943665054212|126.9759344158917429_37.5602035603088922|126.9758567349293656_37.5604019178341417|126.9757600351255320_37.5605071695408910
2026-09-04T06:42:24.849833+09:00,숭례문,숭례문,POI131,KEY_4,1010002902,세종대로,1010088000,남대문로5가 84-15,126.9732159812998304_37.5579784751034964,1010011400,숭례문학당,126.9742665437086799_37.5591522019033732,160.0,23.0,서행,126.9742665437086799_37.5591522019033732|126.9738617088002712_37.5586999110099455|126.9732159812998304_37.5579784751034964
2026-09-04T06:42:24.849833+09:00,숭례문,숭례문,POI131,KEY_4,1010002903,세종대로,1010011400,숭례문학당,126.9742665437086799_37.5591522019033732,1010015502,숭례문앞,126.9748954449175216_37.5603663160010157,148.0,44.0,원활,126.9748954449175216_37.5603663160010157|126.9748468953437168_37.5603089259620049|126.9746855723265071_37.5601208840657534|126.9746137545376854_37.5599415792683970|126.9745483394273009_37.5596299211490319|126.9744734144699265_37.5594109852280340|126.9742665437086799_37.5591522019033732
2026-09-04T06:42:24.849833+09:00,숭례문,숭례문,POI131,KEY_4,1010003902,칠패로,1010012401,연세봉래빌딩,126.9728961137524550_37.5597716675716882,1010013504,서울태평로우체국,126.9737754401947001_37.5598470846353862,78.0,17.0,서행,126.9737754401947001_37.5598470846353862|126.9736091972524719_37.5598219183409583|126.9728961137524550_37.5597716675716882
2026-09-04T06:42:24.849833+09:00,숭례문,숭례문,POI131,KEY_4,1010004002,칠패로,1010013502,속성변화점,126.9740489449279721_37.5597823376631155,1010012402,속성변화점,126.9729080901224023_37.5596639686996383,102.0,32.0,원활,126.9729080901224023_37.5596639686996383|126.9736279176620428_37.5597146948757512|126.9738890961723428_37.5597566563457050|126.9740489449279721_37.5597823376631155
2026-09-04T06:42:24.849833+09:00,숭례문,숭례문,POI131,KEY_4,1010005101,남대문로,1010013801,숭례문앞교차로,126.9756943412395600_37.5606249038699929,1010015000,숭례문,126.9764459331227329_37.5606350021971664,67.0,25.0,원활,126.9764459331227329_37.5606350021971664|126.9761770959942169_37.5605854916413975|126.9759176766868478_37.5605967861663927|126.9756943412395600_37.5606249038699929
2026-09-04T06:42:24.849833+09:00,숭례문,숭례문,POI131,KEY_4,1010005201,남대문로,1010014800,숭례문,126.9764883666133954_37.5605318420117769,1010013802,숭례문앞교차로,126.9757600351255320_37.5605071695408910,65.0,27.0,원활,126.9757600351255320_37.5605071695408910|126.9759033237710781_37.5604891294319145|126.9761889274862341_37.5604766950548168|126.9764883666133954_37.5605318420117769
2026-09-04T06:42:24.849833+09:00,숭례문,숭례문,POI131,KEY_4,1010005202,남대문로,1010105800,남대문로4가 24-1,126.9773600444245005_37.5608297698874694,1010014800,숭례문,126.9764883666133954_37.5605318420117769,84.0,23.5,서행,126.9764883666133954_37.5605318420117769|126.9773600444245005_37.5608297698874694
2026-09-04T06:42:24.849833+09:00,숭례문,숭례문,POI131,KEY_4,1010005901,세종대로,1010015501,숭례문앞,126.9750008599633020_37.5604365486671696,1010013804,숭례문앞교차로,126.9755531451685755_37.5606249719220884,53.0,37.0,원활,126.9755531451685755_37.5606249719220884|126.9754028377394803_37.5605915921021847|126.9751366781808457_37.5605012366469282|126.9750008599633020_37.5604365486671696
2026-09-04T06:42:24.849833+09:00,숭례문,숭례문,POI131,KEY_4,1010005902,세종대로,1010013804,숭례문앞교차로,126.9755531451685755_37.5606249719220884,1010017804,태평로2가 113-1,126.9759821545367657_37.5618238793823238,138.0,21.0,서행,126.9759821545367657_37.5618238793823238|126.9756910543935362_37.5610103756445426|126.9755531451685755_37.5606249719220884
2026-09-04T06:42:24.849833+09:00,숭례문,숭례문,POI131,KEY_4,1010005904,세종대로,1010017809,소공동주민센터,126.9763214748840596_37.5626583872939435,1010021603,시청앞광장,126.9768324946201261_37.5639716881909536,153.0,40.0,원활,126.9768324946201261_37.5639716881909536|126.9764915927669620_37.5630734109549138|126.9763214748840596_37.5626583872939435
2026-09-04T06:42:24.849833+09:00,숭례문,숭례문,POI131,KEY_4,1010005905,세종대로,1010017805,태평로2가 280,126.9760218053088749_37.5619272971520815,1010017808,소공동주민센터,126.9762793420332230_37.5625555984382302,73.0,41.0,원활,126.9762793420332230_37.5625555984382302|126.9760218053088749_37.5619272971520815
2026-09-04T06:42:24.849833+09:00,숭례문,숭례문,POI131,KEY_4,1010006001,세종대로,1010015700,숭례문,126.9758216757282128_37.5609807560682611,1010013801,숭례문앞교차로,126.9756943412395600_37.5606249038699929,41.0,6.0,정체,126.9756943412395600_37.5606249038699929|126.9758216757282128_37.5609807560682611
2026-09-04T06:42:24.849833+09:00,숭례문,숭례문,POI131,KEY_4,1010006002,세종대로,1010021602,시청앞광장,126.9769689889781006_37.5639574810137518,1010015700,숭례문,126.9758216757282128_37.5609807560682611,346.0,20.0,서행,126.9758216757282128_37.5609807560682611|126.9761127772680140_37.5617942588954108|126.9761509252078469_37.5618937585952821|126.9764084629013752_37.5625220596037011|126.9764505959815182_37.5626248484352132|126.9766211792211692_37.5630410044178191|126.9769689889781006_37.5639574810137518
2026-09-04T06:42:24.849833+09:00,숭례문,숭례문,POI131,KEY_4,1010025000,세종대로5길,1010009801,청암빌딩,126.9717079416461587_37.5585466375375603,1010012202,숭례문학당,126.9742748764175104_37.5595190981504885,256.0,14.0,정체,126.9742748764175104_37.5595190981504885|126.9738902974027042_37.5594176881754152|126.9732580878187207_37.5590467827891743|126.9725988537744144_37.5587016101154347|126.9723765861687639_37.5586285243969087|126.9717079416461587_37.5585466375375603
2026-09-04T06:42:24.849833+09:00,숭례문,숭례문,POI131,KEY_4,1010025700,세종대로,1010011400,숭례문학당,126.9742665437086799_37.5591522019033732,1010012201,숭례문학당,126.9742810386167378_37.5594068263078924,28.0,23.0,서행,126.9742810386167378_37.5594068263078924|126.9742665437086799_37.5591522019033732
2026-09-04T06:42:24.849833+09:00,숭례문,숭례문,POI131,KEY_4,1010026600,세종대로,1010012202,숭례문학당,126.9742748764175104_37.5595190981504885,1010013502,속성변화점,126.9740489449279721_37.5597823376631155,38.0,15.0,서행,126.9740489449279721_37.5597823376631155|126.9741150100377496_37.5597678403268418|126.9741805117776181_37.5597165730551339|126.9742464328148515_37.5595997767984215|126.9742747291389691_37.5595199465246452|126.9742748764175104_37.5595190981504885
2026-09-04T06:42:24.849833+09:00,숭례문,숭례문,POI131,KEY_4,1010026800,남대문로,1010014800,숭례문,126.9764883666133954_37.5605318420117769,1010011100,숭례문,126.9758644071737450_37.5590694809368770,185.0,29.0,원활,126.9758644071737450_37.5590694809368770|126.9758795592592975_37.5591125336731508|126.9758641531054906_37.5591939851637946|126.9759578405099205_37.5599862959824407|126.9759704486266543_37.5601312860724406|126.9760507361714588_37.5602633560949499|126.9761537145355277_37.5603739896225477|126.9763022172343057_37.5604655608040190|126.9764279735615418_37.5605091608890334|126.9764883666133954_37.5605318420117769
2026-09-04T06:42:24.849833+09:00,숭례문,숭례문,POI131,KEY_4,1010028100,칠패로,1010013501,서울태평로우체국,126.9739368551684606_37.5598715198189694,1010015502,숭례문앞,126.9748954449175216_37.5603663160010157,104.0,21.0,서행,126.9748954449175216_37.5603663160010157|126.9747412413605190_37.5602379012476604|126.9745837444805971_37.5601125063439625|126.9743897378353950_37.5599922209763335|126.9741885345064247_37.5598987284625991|126.9739368551684606_37.5598715198189694
2026-09-04T06:42:24.849833+09:00,숭례문,숭례문,POI131,KEY_4,1010028800,남대문로,1010015700,숭례문,126.9758216757282128_37.5609807560682611,1010015000,숭례문,126.9764459331227329_37.5606350021971664,84.0,14.0,정체,126.9764459331227329_37.5606350021971664|126.9763771801474945_37.5606275849701134|126.9762640154305728_37.5606077628684645|126.9761188999622306_37.5606156137238472|126.9760253099623242_37.5606453934247568|126.9759279729758958_37.5606841119779062|126.9758493363337521_37.5607734919220704|126.9758081301075663_37.5608688386806833|126.9758216757282128_37.5609807560682611
2026-09-04T06:42:24.849833+09:00,숭례문,숭례문,POI131,KEY_4,1010029800,세종대로9길,1010016601,서울상공회의소,126.9739942067467524_37.5610861238427134,1010015501,숭례문앞,126.9750008599633020_37.5604365486671696,115.0,23.0,서행,126.9750008599633020_37.5604365486671696|126.9743374081002969_37.5608988908602583|126.9739942067467524_37.5610861238427134
2026-09-04T06:42:24.849833+09:00,숭례문,숭례문,POI131,KEY_4,1010030200,세종대로7길,1010013504,서울태평로우체국,126.9737754401947001_37.5598470846353862,1010017203,삼성공제회관,126.9723447378598280_37.5614351869967891,218.0,16.0,서행,126.9723447378598280_37.5614351869967891|126.9724426435651878_37.5613486396344527|126.9728287590755400_37.5609439824650480|126.9729870635557489_37.5607477483518011|126.9732909060755475_37.5603060974689171|126.9734911044854755_37.5600733096733634|126.9737754401947001_37.5598470846353862
2026-09-04T06:42:24.849833+09:00,숭례문,숭례문,POI131,KEY_4,1010030300,세종대로7길,1010017202,삼성공제회관,126.9724677288777457_37.5614880344311644,1010013501,서울태평로우체국,126.9739368551684606_37.5598715198189694,223.0,21.0,서행,126.9739368551684606_37.5598715198189694|126.9735960423329431_37.5601426793156890|126.9734067863791722_37.5603627440718739|126.9731039079903923_37.5608029953193991|126.9729401492897267_37.5610059894173247|126.9725473673189668_37.5614176353293558|126.9724677288777457_37.5614880344311644
2026-09-04T06:42:24.849833+09:00,숭례문,숭례문,POI131,KEY_4,1010030400,세종대로9길,1010015502,숭례문앞,126.9748954449175216_37.5603663160010157,1010016602,서울상공회의소,126.9739174290618422_37.5609969379700317,111.0,5.0,정체,126.9739174290618422_37.5609969379700317|126.9742539978041691_37.5608133230553776|126.9748954449175216_37.5603663160010157
2026-09-04T06:42:24.849833+09:00,숭례문,숭례문,POI131,KEY_4,1010032200,서소문로12길,1010018502,서소문교회,126.9747633700022931_37.5620674980203830,1010016601,서울상공회의소,126.9739942067467524_37.5610861238427134,128.0,19.0,서행,126.9739942067467524_37.5610861238427134|126.9744465436808554_37.5616737041432032|126.9747633700022931_37.5620674980203830
2026-09-04T06:42:24.849833+09:00,숭례문,숭례문,POI131,KEY_4,1010032300,서소문로12길,1010016604,서울상공회의소,126.9738808575842484_37.5611458069729096,1010018503,서소문교회,126.9746147466654236_37.5620832401554381,123.0,24.0,서행,126.9746147466654236_37.5620832401554381|126.9743314442682589_37.5617311132080829|126.9738808575842484_37.5611458069729096
2026-09-04T06:42:24.849833+09:00,숭례문,숭례문,POI131,KEY_4,1010032700,세종대로9길,1010016603,서울상공회의소,126.9738076756016198_37.5610547243624069,1010017202,삼성공제회관,126.9724677288777457_37.5614880344311644,168.0,19.0,서행,126.9724677288777457_37.5614880344311644|126.9731108178436614_37.5617726360549753|126.9731160404765689_37.5617715983951399|126.9734771479622708_37.5612521915043374|126.9735789952258358_37.5611711606731760|126.9738076756016198_37.5610547243624069
2026-09-04T06:42:24.849833+09:00,숭례문,숭례문,POI131,KEY_4,1010032800,세종대로9길,1010017201,삼성공제회관,126.9723774125475586_37.5615717687771919,1010016604,서울상공회의소,126.9738808575842484_37.5611458069729096,184.0,14.0,정체,126.9738808575842484_37.5611458069729096|126.9736645875834853_37.5612559239453319|126.9735867065820258_37.5613178870136366|126.9732062647113509_37.5618651036139326|126.9730916926246351_37.5618878772773002|126.9723774125475586_37.5615717687771919
2026-09-04T06:42:24.849833+09:00,숭례문,숭례문,POI131,KEY_4,1010033500,세종대로11길,1010017804,태평로2가 113-1,126.9759821545367657_37.5618238793823238,1010018502,서소문교회,126.9747633700022931_37.5620674980203830,111.0,18.0,서행,126.9747633700022931_37.5620674980203830|126.9748858706072667_37.5620545226508469|126.9749991336940695_37.5620338999985037|126.9753712299025068_37.5619661488297325|126.9759821545367657_37.5618238793823238
2026-09-04T06:42:24.849833+09:00,숭례문,숭례문,POI131,KEY_4,1010033600,세종대로11길,1010105500,태평로2가 252,126.9750294174586429_37.5621392977174651,1010017805,태평로2가 280,126.9760218053088749_37.5619272971520815,91.0,19.0,서행,126.9760218053088749_37.5619272971520815|126.9754054696340546_37.5620708256454421|126.9750294174586429_37.5621392977174651
2026-09-04T06:42:24.849833+09:00,숭례문,숭례문,POI131,KEY_4,1010035000,서소문로12길,1010020202,중앙일보사,126.9742502538365869_37.5631241528421853,1010018501,서소문교회,126.9747917025249961_37.5621735699209296,120.0,11.0,정체,126.9747917025249961_37.5621735699209296|126.9747501775862588_37.5625032287475307|126.9746651993805102_37.5625957455904143|126.9745466004009700_37.5626917899282518|126.9744603303331587_37.5627616532963344|126.9742502538365869_37.5631241528421853
2026-09-04T06:42:24.849833+09:00,시의회 앞,시의회 앞,POI130,KEY_1,1000000902,새문안로,1000008401,신문로1가141,126.9756642084840337_37.5702188245241615,1000009300,세종로208,126.9762005801091362_37.5702231750732523,47.0,46.0,원활,126.9762005801091362_37.5702231750732523|126.9756642084840337_37.5702188245241615
2026-09-04T06:42:24.849833+09:00,시의회 앞,시의회 앞,POI130,KEY_1,1000000903,새문안로,1000214200,세종대로사거리,126.9766244379145377_37.5702266110763219,1000009004,세종대로사거리,126.9769755542479714_37.5702294562480148,31.0,41.3,원활,126.9769755542479714_37.5702294562480148|126.9766244379145377_37.5702266110763219
2026-09-04T06:42:24.849833+09:00,시의회 앞,시의회 앞,POI130,KEY_1,1000001002,새문안로,1000007600,주한요르단명예영사관,126.9762019638013300_37.5701150604124336,1000008402,신문로1가141,126.9756655929920299_37.5701107106503116,47.0,36.0,원활,126.9756655929920299_37.5701107106503116|126.9762019638013300_37.5701150604124336
2026-09-04T06:42:24.849833+09:00,시의회 앞,시의회 앞,POI130,KEY_1,1000001003,새문안로,1000009003,세종대로사거리,126.9769600332011521_37.5701212054532618,1000007600,주한요르단명예영사관,126.9762019638013300_37.5701150604124336,67.0,37.0,원활,126.9762019638013300_37.5701150604124336|126.9766258211001428_37.5701184968726238|126.9769600332011521_37.5701212054532618
2026-09-04T06:42:24.849833+09:00,시의회 앞,시의회 앞,POI130,KEY_1,1000001301,종로,1000009001,세종대로사거리,126.9771187019505163_37.5702314111293560,1000009700,종로1가1-3,126.9777559525715844_37.5702421551131351,56.0,28.0,원활,126.9777559525715844_37.5702421551131351|126.9771187019505163_37.5702314111293560
2026-09-04T06:42:24.849833+09:00,시의회 앞,시의회 앞,POI130,KEY_1,1000001302,종로,1000009700,종로1가1-3,126.9777559525715844_37.5702421551131351,1000008804,광화문우체국,126.9784336631558119_37.5702494972367163,60.0,34.0,원활,126.9784336631558119_37.5702494972367163|126.9779432056922133_37.5702453112944994|126.9777559525715844_37.5702421551131351
2026-09-04T06:42:24.849833+09:00,시의회 앞,시의회 앞,POI130,KEY_1,1000001401,종로,1000008000,동아일보사,126.9777588281918099_37.5701340596360964,1000009002,세종대로사거리,126.9770959172438580_37.5701228829325231,59.0,27.0,원활,126.9770959172438580_37.5701228829325231|126.9777588281918099_37.5701340596360964
2026-09-04T06:42:24.849833+09:00,시의회 앞,시의회 앞,POI130,KEY_1,1000001402,종로,1000008803,광화문우체국,126.9784351192109852_37.5701413844145975,1000008000,동아일보사,126.9777588281918099_37.5701340596360964,60.0,12.0,정체,126.9777588281918099_37.5701340596360964|126.9779453713088060_37.5701372048683524|126.9784351192109852_37.5701413844145975
2026-09-04T06:42:24.849833+09:00,시의회 앞,시의회 앞,POI130,KEY_1,1000003700,청계천로,1010034102,무교동사거리,126.9792256224440905_37.5689816845044717,1000002000,청계광장,126.9771060680401717_37.5690311929919076,188.0,10.0,정체,126.9771060680401717_37.5690311929919076|126.9774434053876035_37.5690828687536680|126.9775440319711919_37.5690924240737019|126.9777213322496863_37.5690924576651568|126.9792256224440905_37.5689816845044717
2026-09-04T06:42:24.849833+09:00,시의회 앞,시의회 앞,POI130,KEY_1,1000003801,청계천로,1000031000,청계광장,126.9770921904126482_37.5694157550093379,1000007002,동아일보사,126.9783460265061024_37.5693222473721278,111.0,27.0,원활,126.9783460265061024_37.5693222473721278|126.9773834142662849_37.5693879956262435|126.9770921904126482_37.5694157550093379
2026-09-04T06:42:24.849833+09:00,시의회 앞,시의회 앞,POI130,KEY_1,1000004101,세종대로21길,1010036201,청계광장,126.9769724776174371_37.5689758850454254,1010034202,속성변화점,126.9761089175425468_37.5690525772719468,77.0,25.0,원활,126.9761089175425468_37.5690525772719468|126.9762590231906501_37.5690173503827225|126.9766423549418590_37.5690116154256089|126.9767891468850252_37.5690047706819641|126.9769724776174371_37.5689758850454254
2026-09-04T06:42:24.849833+09:00,시의회 앞,시의회 앞,POI130,KEY_1,1000004201,세종대로21길,1010034201,속성변화점,126.9761701151880970_37.5691453161545397,1010036202,청계광장,126.9769681640981389_37.5690870395436463,71.0,19.0,서행,126.9769681640981389_37.5690870395436463|126.9768062997742106_37.5691122763363623|126.9766476039636132_37.5691196746613940|126.9762762102917009_37.5691252318358337|126.9761701151880970_37.5691453161545397
2026-09-04T06:42:24.849833+09:00,시의회 앞,시의회 앞,POI130,KEY_1,1000004202,세종대로21길,1010034502,조선일보본사,126.9758538003934376_37.5694432589816216,1010034201,속성변화점,126.9761701151880970_37.5691453161545397,44.0,28.0,원활,126.9761701151880970_37.5691453161545397|126.9759646865800136_37.5693016963708999|126.9759165276521173_37.5693486608578553|126.9758538003934376_37.5694432589816216
2026-09-04T06:42:24.849833+09:00,시의회 앞,시의회 앞,POI130,KEY_1,1000004203,세종대로21길,1000008402,신문로1가141,126.9756655929920299_37.5701107106503116,1010034501,조선일보본사,126.9758232836738614_37.5695216067234981,67.0,5.0,정체,126.9758232836738614_37.5695216067234981|126.9756655929920299_37.5701107106503116
2026-09-04T06:42:24.849833+09:00,시의회 앞,시의회 앞,POI130,KEY_1,1000005101,세종대로,1010036202,청계광장,126.9769681640981389_37.5690870395436463,1000007300,세종로1-80,126.9769534872362158_37.5695820797097966,55.0,45.0,원활,126.9769534872362158_37.5695820797097966|126.9769561223222638_37.5694207011224321|126.9769681640981389_37.5690870395436463
2026-09-04T06:42:24.849833+09:00,시의회 앞,시의회 앞,POI130,KEY_1,1000005102,세종대로,1000007300,세종로1-80,126.9769534872362158_37.5695820797097966,1000009003,세종대로사거리,126.9769600332011521_37.5701212054532618,60.0,24.0,서행,126.9769600332011521_37.5701212054532618|126.9769532767960953_37.5697764532188643|126.9769534872362158_37.5695820797097966
2026-09-04T06:42:24.849833+09:00,시의회 앞,시의회 앞,POI130,KEY_1,1000005202,세종대로,1000009002,세종대로사거리,126.9770959172438580_37.5701228829325231,1000007400,청계천광장,126.9770893091757529_37.5695834801641908,60.0,21.0,서행,126.9770893091757529_37.5695834801641908|126.9770891110814688_37.5697756552470636|126.9770959172438580_37.5701228829325231
2026-09-04T06:42:24.849833+09:00,시의회 앞,시의회 앞,POI130,KEY_1,1000005203,세종대로,1000031000,청계광장,126.9770921904126482_37.5694157550093379,1000002000,청계광장,126.9771060680401717_37.5690311929919076,43.0,34.0,원활,126.9771060680401717_37.5690311929919076|126.9770921904126482_37.5694157550093379
2026-09-04T06:42:24.849833+09:00,시의회 앞,시의회 앞,POI130,KEY_1,1000005204,세종대로,1000007400,청계천광장,126.9770893091757529_37.5695834801641908,1000031000,청계광장,126.9770921904126482_37.5694157550093379,19.0,29.0,원활,126.9770921904126482_37.5694157550093379|126.9770893091757529_37.5695834801641908
2026-09-04T06:42:24.849833+09:00,시의회 앞,시의회 앞,POI130,KEY_1,1000023800,세종대로,1000007300,세종로1-80,126.9769534872362158_37.5695820797097966,1000007600,주한요르단명예영사관,126.9762019638013300_37.5701150604124336,93.0,24.7,서행,126.9762019638013300_37.5701150604124336|126.9765157204813590_37.5700245083348179|126.9765948042672790_37.5699744620325760|126.9767188239706144_37.5698815155413541|126.9768230812362049_37.5697756907165257|126.9769442873751473_37.5696462098692763|126.9769534872362158_37.5695820797097966
2026-09-04T06:42:24.849833+09:00,시의회 앞,시의회 앞,POI130,KEY_1,1000023900,종로,1000008000,동아일보사,126.9777588281918099_37.5701340596360964,1000007400,청계천광장,126.9770893091757529_37.5695834801641908,91.0,5.0,정체,126.9770893091757529_37.5695834801641908|126.9770963075021939_37.5696479702720865|126.9772094321437663_37.5697743360528662|126.9773459521211265_37.5699388507560457|126.9774735034476549_37.5700533015790512|126.9775723207871607_37.5701062430602590|126.9777588281918099_37.5701340596360964
2026-09-04T06:42:24.849833+09:00,시의회 앞,시의회 앞,POI130,KEY_1,1010005904,세종대로,1010017809,소공동주민센터,126.9763214748840596_37.5626583872939435,1010021603,시청앞광장,126.9768324946201261_37.5639716881909536,153.0,40.0,원활,126.9768324946201261_37.5639716881909536|126.9764915927669620_37.5630734109549138|126.9763214748840596_37.5626583872939435
2026-09-04T06:42:24.849833+09:00,시의회 앞,시의회 앞,POI130,KEY_1,1010006002,세종대로,1010021602,시청앞광장,126.9769689889781006_37.5639574810137518,1010015700,숭례문,126.9758216757282128_37.5609807560682611,346.0,20.0,서행,126.9758216757282128_37.5609807560682611|126.9761127772680140_37.5617942588954108|126.9761509252078469_37.5618937585952821|126.9764084629013752_37.5625220596037011|126.9764505959815182_37.5626248484352132|126.9766211792211692_37.5630410044178191|126.9769689889781006_37.5639574810137518
2026-09-04T06:42:24.849833+09:00,시의회 앞,시의회 앞,POI130,KEY_1,1010007305,서소문로,1010060500,서소문동 42-3,126.9748814331857290_37.5634753132613639,1010021604,시청앞광장,126.9768728564433928_37.5640783561644085,191.0,18.0,서행,126.9768728564433928_37.5640783561644085|126.9766787939362445_37.5640859652900971|126.9765523317762188_37.5640754535460886|126.9763400428201123_37.5640251139761148|126.9749917778751325_37.5635158830683409|126.9748814331857290_37.5634753132613639
2026-09-04T06:42:24.849833+09:00,시의회 앞,시의회 앞,POI130,KEY_1,1010007405,서소문로,1010021603,시청앞광장,126.9768324946201261_37.5639716881909536,1010020202,중앙일보사,126.9742502538365869_37.5631241528421853,249.0,13.0,정체,126.9742502538365869_37.5631241528421853|126.9749383845103381_37.5633771573157134|126.9750493665217306_37.5634179614493959|126.9763888286545210_37.5639238670732283|126.9765790012718583_37.5639689628774178|126.9766825277856697_37.5639775680622137|126.9768324946201261_37.5639716881909536
2026-09-04T06:42:24.849833+09:00,시의회 앞,시의회 앞,POI130,KEY_1,1010008401,세종대로18길,1010021203,우성빌딩,126.9777193951018148_37.5638099385310227,1010021602,시청앞광장,126.9769689889781006_37.5639574810137518,68.0,25.0,원활,126.9769689889781006_37.5639574810137518|126.9777193951018148_37.5638099385310227
2026-09-04T06:42:24.849833+09:00,시의회 앞,시의회 앞,POI130,KEY_1,1010008402,세종대로18길,1010073800,소공동 87-15,126.9784945856248157_37.5638009334543241,1010021202,우성빌딩,126.9778443694909242_37.5637825313256783,58.0,12.0,정체,126.9778443694909242_37.5637825313256783|126.9779245419285019_37.5637634021338656|126.9780550037610567_37.5637507097928918|126.9781651142375978_37.5637590779395225|126.9784945856248157_37.5638009334543241
2026-09-04T06:42:24.849833+09:00,시의회 앞,시의회 앞,POI130,KEY_1,1010009902,세종대로,1010021604,시청앞광장,126.9768728564433928_37.5640783561644085,1010024204,시청앞교차로,126.9770880989032236_37.5648197786229900,85.0,31.0,원활,126.9770880989032236_37.5648197786229900|126.9770591791834136_37.5646629693451288|126.9770001947957212_37.5644354373990907|126.9769219936512883_37.5642088549141349|126.9768728564433928_37.5640783561644085
2026-09-04T06:42:24.849833+09:00,시의회 앞,시의회 앞,POI130,KEY_1,1010010000,세종대로,1010024203,시청앞교차로,126.9772135411598413_37.5647555843739269,1010021601,시청앞광장,126.9770081698073909_37.5640611462049279,79.0,37.0,원활,126.9770081698073909_37.5640611462049279|126.9770525488461743_37.5641790078298783|126.9771323290460572_37.5644101639924273|126.9771929938028450_37.5646441761629077|126.9772135411598413_37.5647555843739269
2026-09-04T06:42:24.849833+09:00,시의회 앞,시의회 앞,POI130,KEY_1,1010011000,덕수궁길,1010003702,국립현대미술관(덕수궁),126.9734800713954428_37.5653099277390794,1010024205,시청앞교차로,126.9771111379704962_37.5649683842586413,350.0,21.5,서행,126.9771111379704962_37.5649683842586413|126.9769955437966189_37.5648997036250520|126.9769191129801698_37.5648841239987448|126.9762643259252286_37.5649661911538288|126.9761744747147532_37.5649770829893868|126.9759779520215517_37.5650009053778362|126.9758689949813260_37.5650050124235619|126.9752013280298399_37.5649548066137768|126.9751376722967393_37.5649475156969572|126.9743014077374426_37.5648517294047579|126.9740978380537513_37.5648406360021241|126.9740518977143893_37.5648432379020889|126.9740231183313881_37.5648571744892976|126.9736843653272729_37.5652451675209207|126.9735504744861458_37.5653043393530339|126.9734800713954428_37.5653099277390794
2026-09-04T06:42:24.849833+09:00,시의회 앞,시의회 앞,POI130,KEY_1,1010011100,소공로,1010024703,시청앞광장,126.9784672029423973_37.5649273269454653,1010024202,시청앞교차로,126.9772712943529740_37.5649019993645936,106.0,13.0,정체,126.9772712943529740_37.5649019993645936|126.9774098801302102_37.5649281244663342|126.9776269810423628_37.5649428736685351|126.9783249021099323_37.5649392241840445|126.9784672029423973_37.5649273269454653
2026-09-04T06:42:24.849833+09:00,시의회 앞,시의회 앞,POI130,KEY_1,1010011200,소공로,1010024201,시청앞교차로,126.9772516593585294_37.5650094083765893,1010024704,시청앞광장,126.9784659259494219_37.5650361481380060,108.0,29.0,원활,126.9784659259494219_37.5650361481380060|126.9783324600417700_37.5650473063687187|126.9776216401868254_37.5650510228301613|126.9773883375840597_37.5650351731031407|126.9772516593585294_37.5650094083765893
2026-09-04T06:42:24.849833+09:00,시의회 앞,시의회 앞,POI130,KEY_1,1010013800,세종대로,1010004902,강원도민일보(서울본부),126.9771979915670101_37.5670009920858590,1010024201,시청앞교차로,126.9772516593585294_37.5650094083765893,221.0,40.5,원활,126.9772516593585294_37.5650094083765893|126.9772632229602749_37.5651213527824481|126.9772704963173453_37.5652669803863901|126.9772680209366058_37.5654083777349115|126.9772559424266944_37.5656434912380419|126.9771979915670101_37.5670009920858590
2026-09-04T06:42:24.849833+09:00,시의회 앞,시의회 앞,POI130,KEY_1,1010016400,세종대로20길,1010152400,태평로1가 31-1,126.9781614739919320_37.5671149535760875,1010004804,한국체육박물관,126.9791327692852860_37.5670432031565085,86.0,13.0,정체,126.9791327692852860_37.5670432031565085|126.9790021637939503_37.5670657791657803|126.9788569191823626_37.5670778321488825|126.9783926986433755_37.5671163538151802|126.9781614739919320_37.5671149535760875
2026-09-04T06:42:24.849833+09:00,시의회 앞,시의회 앞,POI130,KEY_1,1010018100,세종대로,1010024205,시청앞교차로,126.9771111379704962_37.5649683842586413,1010036201,청계광장,126.9769724776174371_37.5689758850454254,445.0,26.0,원활,126.9769724776174371_37.5689758850454254|126.9770357842986499_37.5675064469025131|126.9770571241010231_37.5671045176161513|126.9770622406749681_37.5669973200828053|126.9771202099424414_37.5656394465692429|126.9771322330851717_37.5654054151655075|126.9771346338183520_37.5652683750225975|126.9771276194723697_37.5651279335943542|126.9771111379704962_37.5649683842586413
2026-09-04T06:42:24.849833+09:00,시의회 앞,시의회 앞,POI130,KEY_1,1010018200,세종대로,1000002000,청계광장,126.9771060680401717_37.5690311929919076,1010004901,강원도민일보(서울본부),126.9771928320576109_37.5671090827981402,213.0,47.0,원활,126.9771928320576109_37.5671090827981402|126.9771715167423451_37.5675105826680635|126.9771060680401717_37.5690311929919076
2026-09-04T06:42:24.849833+09:00,시의회 앞,시의회 앞,POI130,KEY_1,1010037000,남대문로1길,1010023102,서울프라자호텔,126.9781270908112134_37.5644147123986087,1010021201,우성빌딩,126.9778833665384354_37.5638860982800367,62.0,5.0,정체,126.9778833665384354_37.5638860982800367|126.9781270908112134_37.5644147123986087
2026-09-04T06:42:24.849833+09:00,시의회 앞,시의회 앞,POI130,KEY_1,1010037100,남대문로1길,1010021204,우성빌딩,126.9777519647640105_37.5639149035560536,1010023103,서울프라자호텔,126.9779917291016176_37.5644349310718795,61.0,12.0,정체,126.9779917291016176_37.5644349310718795|126.9777519647640105_37.5639149035560536
2026-09-04T06:42:24.849833+09:00,시의회 앞,시의회 앞,POI130,KEY_1,1010038300,소공로,1010023101,서울프라자호텔,126.9781769454158393_37.5645228411741812,1010023304,조선호텔,126.9787312154575005_37.5645930511843886,50.0,17.0,서행,126.9787312154575005_37.5645930511843886|126.9785957557285769_37.5645517262991930|126.9784554783557979_37.5645322032255891|126.9782121876750836_37.5645228476832003|126.9781769454158393_37.5645228411741812
2026-09-04T06:42:24.849833+09:00,시의회 앞,시의회 앞,POI130,KEY_1,1010039000,소공로,1010024202,시청앞교차로,126.9772712943529740_37.5649019993645936,1010023104,서울프라자호텔,126.9780385528240316_37.5645364866542977,82.0,4.0,정체,126.9780385528240316_37.5645364866542977|126.9776055199770184_37.5646501981039478|126.9774312688185773_37.5647230654274864|126.9773645076050741_37.5647713550531037|126.9773054583435652_37.5648401473905977|126.9772712943529740_37.5649019993645936
2026-09-04T06:42:24.849833+09:00,시의회 앞,시의회 앞,POI130,KEY_1,1010045900,새문안로2길,1010034503,조선일보본사,126.9757336729328898_37.5693927914711736,1010034403,덕수초교앞,126.9744623970510844_37.5693699781441666,112.0,24.0,서행,126.9744623970510844_37.5693699781441666|126.9751125420028046_37.5693767090831088|126.9754684882037736_37.5693803926704959|126.9757336729328898_37.5693927914711736
2026-09-04T06:42:24.849833+09:00,시의회 앞,시의회 앞,POI130,KEY_1,1010046000,새문안로2길,1010034402,덕수초교앞,126.9744431042179968_37.5694779067993210,1010034504,조선일보본사,126.9756904321789079_37.5694990761609162,110.0,39.0,원활,126.9756904321789079_37.5694990761609162|126.9754636204795446_37.5694884714731927|126.9751107757574573_37.5694848197226179|126.9744431042179968_37.5694779067993210
2026-09-04T06:42:24.849833+09:00,신논현역·논현역,신논현역·논현역,POI037,KEY_2,1210025402,사평대로,1210134700,반포동 749-35,127.0236141059144614_37.5043118599685954,1210040404,교보타워사거리,127.0243991052031305_37.5045524553287137,74.0,38.3,원활,127.0243991052031305_37.5045524553287137|127.0236141059144614_37.5043118599685954
2026-09-04T06:42:24.849833+09:00,신논현역·논현역,신논현역·논현역,POI037,KEY_2,1210027602,신반포로,1210275400,잠원동 99,127.0203821705510308_37.5108839074530920,1210046004,논현역앞교차로,127.0212424469134902_37.5111447623381054,81.0,30.0,원활,127.0212424469134902_37.5111447623381054|127.0203821705510308_37.5108839074530920
2026-09-04T06:42:24.849833+09:00,신논현역·논현역,신논현역·논현역,POI037,KEY_2,1210027702,신반포로,1210149300,반포동 749,127.0198333910656174_37.5106018115088986,1210045802,중앙일보,127.0194387100755051_37.5104821301408151,37.0,12.0,정체,127.0194387100755051_37.5104821301408151|127.0198333910656174_37.5106018115088986
2026-09-04T06:42:24.849833+09:00,신논현역·논현역,신논현역·논현역,POI037,KEY_2,1220025003,강남대로,1210394200,서초동 1373,127.0253434781147917_37.5025963782215541,1210040403,교보타워사거리,127.0244473968313343_37.5044514101080111,221.0,28.0,원활,127.0244473968313343_37.5044514101080111|127.0247108420325048_37.5039060466009033|127.0253434781147917_37.5025963782215541
2026-09-04T06:42:24.849833+09:00,신논현역·논현역,신논현역·논현역,POI037,KEY_2,1220027202,봉은사로,1210040401,교보타워사거리,127.0245260087286567_37.5045907813304069,1220036604,보건타임즈,127.0277136842342856_37.5055392843385320,301.0,33.0,원활,127.0277136842342856_37.5055392843385320|127.0258610708307287_37.5049880469825112|127.0253288463886605_37.5048296789477078|127.0252017084722951_37.5047918474566870|127.0245260087286567_37.5045907813304069
2026-09-04T06:42:24.849833+09:00,신논현역·논현역,신논현역·논현역,POI037,KEY_2,1220027301,봉은사로,1220036003,신논현역,127.0252491957505185_37.5046905608852796,1210040402,교보타워사거리,127.0245743023879044_37.5044897355058495,64.0,40.0,원활,127.0245743023879044_37.5044897355058495|127.0252491957505185_37.5046905608852796
2026-09-04T06:42:24.849833+09:00,신논현역·논현역,신논현역·논현역,POI037,KEY_2,1220027302,봉은사로,1220317200,역삼동 800,127.0259085572878206_37.5048867600619360,1220036002,신논현역,127.0253763334646919_37.5047283922381283,50.0,26.0,원활,127.0253763334646919_37.5047283922381283|127.0259085572878206_37.5048867600619360
2026-09-04T06:42:24.849833+09:00,신논현역·논현역,신논현역·논현역,POI037,KEY_2,1220027801,강남대로,1210040404,교보타워사거리,127.0243991052031305_37.5045524553287137,1210042503,HM타워,127.0238275183942562_37.5057614843330143,143.0,22.0,서행,127.0238275183942562_37.5057614843330143|127.0241540090957244_37.5050708914382724|127.0243991052031305_37.5045524553287137
2026-09-04T06:42:24.849833+09:00,신논현역·논현역,신논현역·논현역,POI037,KEY_2,1220027802,강남대로,1210042504,HM타워,127.0237750703768711_37.5058715959127795,1210043403,청하빌딩,127.0232278893486892_37.5070167220657709,136.0,24.0,서행,127.0232278893486892_37.5070167220657709|127.0237750703768711_37.5058715959127795
2026-09-04T06:42:24.849833+09:00,신논현역·논현역,신논현역·논현역,POI037,KEY_2,1220027803,강남대로,1210404600,반포동 749-18,127.0215110784695867_37.5105855711166996,1210046003,논현역앞교차로,127.0212906706428271_37.5110436959506757,54.0,24.0,서행,127.0212906706428271_37.5110436959506757|127.0215110784695867_37.5105855711166996
2026-09-04T06:42:24.849833+09:00,신논현역·논현역,신논현역·논현역,POI037,KEY_2,1220027901,강남대로,1220443400,논현동 280,127.0242810161496863_37.5051089999436158,1210040401,교보타워사거리,127.0245260087286567_37.5045907813304069,61.0,28.0,원활,127.0245260087286567_37.5045907813304069|127.0242810161496863_37.5051089999436158
2026-09-04T06:42:24.849833+09:00,신논현역·논현역,신논현역·논현역,POI037,KEY_2,1220027902,강남대로,1210043402,청하빌딩,127.0233547305241473_37.5070551876010612,1210042501,HM타워,127.0239019098950024_37.5059100608685441,136.0,28.0,원활,127.0239019098950024_37.5059100608685441|127.0233547305241473_37.5070551876010612
2026-09-04T06:42:24.849833+09:00,신논현역·논현역,신논현역·논현역,POI037,KEY_2,1220027903,강남대로,1220309900,논현동 280,127.0225878609492725_37.5086494889239788,1210043401,청하빌딩,127.0232987766696908_37.5071716970898308,176.0,31.0,원활,127.0232987766696908_37.5071716970898308|127.0230474222821186_37.5076941986452752|127.0225878609492725_37.5086494889239788
2026-09-04T06:42:24.849833+09:00,신논현역·논현역,신논현역·논현역,POI037,KEY_2,1220030407,학동로,1220325200,논현동 279-67,127.0221311305263896_37.5114114729703303,1220158004,논현역(서울7호선),127.0227048123846032_37.5115835049169206,54.0,7.0,정체,127.0227048123846032_37.5115835049169206|127.0221311305263896_37.5114114729703303
2026-09-04T06:42:24.849833+09:00,신논현역·논현역,신논현역·논현역,POI037,KEY_2,1220030506,학동로,1220325300,논현동 279-67,127.0221789489386168_37.5113102848538986,1210046002,논현역앞교차로,127.0214176087622775_37.5110819738494570,72.0,19.0,서행,127.0214176087622775_37.5110819738494570|127.0221789489386168_37.5113102848538986
2026-09-04T06:42:24.849833+09:00,신논현역·논현역,신논현역·논현역,POI037,KEY_2,1220030507,학동로,1220041903,주한부탄왕국명예총영사관,127.0234136233973601_37.5116805263399442,1220158002,논현역(서울7호선),127.0228796600953984_37.5115204088512186,50.0,48.0,원활,127.0228796600953984_37.5115204088512186|127.0234136233973601_37.5116805263399442
2026-09-04T06:42:24.849833+09:00,신논현역·논현역,신논현역·논현역,POI037,KEY_2,1220030601,강남대로,1210046004,논현역앞교차로,127.0212424469134902_37.5111447623381054,1210046503,원빌딩,127.0207750873245374_37.5121324472905613,117.0,16.0,서행,127.0207750873245374_37.5121324472905613|127.0208603365410340_37.5119522896699067|127.0212424469134902_37.5111447623381054
2026-09-04T06:42:24.849833+09:00,신논현역·논현역,신논현역·논현역,POI037,KEY_2,1220030701,강남대로,1220383100,논현동 280,127.0209873423382589_37.5119904251618195,1210046001,논현역앞교차로,127.0213693851217158_37.5111830402280262,96.0,15.0,서행,127.0213693851217158_37.5111830402280262|127.0209873423382589_37.5119904251618195
2026-09-04T06:42:24.849833+09:00,신논현역·논현역,신논현역·논현역,POI037,KEY_2,1220064500,테헤란로1길,1220438100,역삼동 858-6,127.0255100549291853_37.5041277615367150,1220036003,신논현역,127.0252491957505185_37.5046905608852796,67.0,19.0,서행,127.0252491957505185_37.5046905608852796|127.0255100549291853_37.5041277615367150
2026-09-04T06:42:24.849833+09:00,신논현역·논현역,신논현역·논현역,POI037,KEY_2,1220073300,강남대로118길,1220285600,논현동 280-21,127.0245724546161910_37.5063437576129388,1210042502,HM타워,127.0239545262593310_37.5057995931114334,82.0,18.0,서행,127.0239545262593310_37.5057995931114334|127.0241796229151134_37.5059761899912516|127.0245724546161910_37.5063437576129388
2026-09-04T06:42:24.849833+09:00,신논현역·논현역,신논현역·논현역,POI037,KEY_2,1220073400,강남대로118길,1220344200,논현동 280-22,127.0260578684266903_37.5071566901156643,1220038404,동진빌라,127.0270270582617940_37.5074525861540309,92.0,21.0,서행,127.0270270582617940_37.5074525861540309|127.0267446316322122_37.5073663616738386|127.0260578684266903_37.5071566901156643
2026-09-04T06:42:24.849833+09:00,신논현역·논현역,신논현역·논현역,POI037,KEY_2,1220076200,강남대로122길,1220383300,논현동 280-21,127.0239585511872207_37.5076461467828892,1210043402,청하빌딩,127.0233547305241473_37.5070551876010612,85.0,16.0,서행,127.0233547305241473_37.5070551876010612|127.0239585511872207_37.5076461467828892
2026-09-04T06:42:24.849833+09:00,신도림역,신도림역,POI038,KEY_3,1160002810,경인로,1160046003,신도림역앞교차로,126.8903424587400792_37.5101498583467645,1160044901,신도림1차푸르지오아파트,126.8874005665339268_37.5084270778164779,324.0,40.0,원활,126.8874005665339268_37.5084270778164779|126.8883045512452412_37.5090891878129966|126.8885921501778000_37.5092764511375876|126.8887544663060396_37.5093640420734502|126.8903424587400792_37.5101498583467645
2026-09-04T06:42:24.849833+09:00,신도림역,신도림역,POI038,KEY_3,1160003000,경인로,1160046101,구로구-영등포구,126.8912321353821966_37.5105628597886351,1160046002,신도림역앞교차로,126.8904555821730611_37.5102041121521665,79.0,7.0,정체,126.8904555821730611_37.5102041121521665|126.8912321353821966_37.5105628597886351
2026-09-04T06:42:24.849833+09:00,신도림역,신도림역,POI038,KEY_3,1180052800,대방천로,1180322300,최소노드배치점,126.8935975656483919_37.5081974894365828,1180021900,남성아파트,126.8912162735914109_37.5112358968431892,408.0,51.0,원활,126.8912162735914109_37.5112358968431892|126.8913272395882075_37.5110271967147852|126.8913932951010111_37.5108770709088546|126.8918343349843099_37.5100955527058417|126.8924223350581855_37.5090805434708088|126.8925032943379847_37.5089685736822602|126.8926007325865726_37.5088423144747836|126.8927176122257805_37.5087220329867606|126.8928584330055003_37.5086017730982491|126.8930067151990073_37.5084946321149744|126.8931864263503542_37.5083815583219149|126.8933870642186577_37.5082828074889605|126.8935975656483919_37.5081974894365828
2026-09-04T06:42:24.849833+09:00,신림역,신림역,POI039,KEY_4,1200004102,신원로,1200018202,신림교(남측),126.9286207564022249_37.4816238943609719,1200018402,신림교(북측),126.9290143862204872_37.4819760796263850,53.0,22.0,서행,126.9290143862204872_37.4819760796263850|126.9286924192674775_37.4817310050226524|126.9286207564022249_37.4816238943609719
2026-09-04T06:42:24.849833+09:00,신림역,신림역,POI039,KEY_4,1200004103,신원로,1200018402,신림교(북측),126.9290143862204872_37.4819760796263850,1200002204,청암두산위브센티움아파트,126.9298127276580317_37.4824928509211759,91.0,17.0,서행,126.9298127276580317_37.4824928509211759|126.9296886447191497_37.4824229406256961|126.9294781618747976_37.4822744658780707|126.9291012539534478_37.4820085923506383|126.9290143862204872_37.4819760796263850
2026-09-04T06:42:24.849833+09:00,신림역,신림역,POI039,KEY_4,1200004202,신원로,1200018401,신림교(북측),126.9290904863204332_37.4818883651078352,1200018201,신림교(남측),126.9287243528422948_37.4815571342682148,49.0,7.0,정체,126.9287243528422948_37.4815571342682148|126.9288021597998153_37.4816652191764348|126.9290904863204332_37.4818883651078352
2026-09-04T06:42:24.849833+09:00,신림역,신림역,POI039,KEY_4,1200004203,신원로,1200134200,신림동 1637-28,126.9295680884739426_37.4821935061319849,1200018401,신림교(북측),126.9290904863204332_37.4818883651078352,55.0,10.0,정체,126.9290904863204332_37.4818883651078352|126.9291765809071393_37.4819173338105003|126.9295680884739426_37.4821935061319849
2026-09-04T06:42:24.849833+09:00,신림역,신림역,POI039,KEY_4,1200006301,신림로,1200128900,신림동 1642-9,126.9297651262775162_37.4829859944651815,1200020103,신림역사거리,126.9296473116667414_37.4842065087380831,136.0,23.0,서행,126.9296473116667414_37.4842065087380831|126.9297127106620167_37.4835290051691103|126.9297651262775162_37.4829859944651815
2026-09-04T06:42:24.849833+09:00,신림역,신림역,POI039,KEY_4,1200006401,신림로,1200126800,신림동 1642-9,126.9298479887308844_37.4835372976435508,1200002201,청암두산위브센티움아파트,126.9299480045151114_37.4825011433319801,115.0,16.0,서행,126.9299480045151114_37.4825011433319801|126.9299004037127929_37.4829942868911843|126.9298479887308844_37.4835372976435508
2026-09-04T06:42:24.849833+09:00,신림역,신림역,POI039,KEY_4,1200007101,남부순환로,1200019201,봉림교앞교차로,126.9259814166635607_37.4838452405197131,1200019302,봉림교,126.9265933890458058_37.4839284039129623,55.0,26.0,원활,126.9265933890458058_37.4839284039129623|126.9259814166635607_37.4838452405197131
2026-09-04T06:42:24.849833+09:00,신림역,신림역,POI039,KEY_4,1200007102,남부순환로,1200019302,봉림교,126.9265933890458058_37.4839284039129623,1200019704,신림빌딩,126.9271300263131081_37.4839919793202796,48.0,29.0,원활,126.9271300263131081_37.4839919793202796|126.9265933890458058_37.4839284039129623
2026-09-04T06:42:24.849833+09:00,신림역,신림역,POI039,KEY_4,1200007103,남부순환로,1200080500,신림동 1467-10,126.9281206685292318_37.4841178312982279,1200020104,신림역사거리,126.9296345705553506_37.4843144004965225,136.0,25.0,원활,126.9296345705553506_37.4843144004965225|126.9281206685292318_37.4841178312982279
2026-09-04T06:42:24.849833+09:00,신림역,신림역,POI039,KEY_4,1200007201,남부순환로,1200019301,봉림교,126.9266147704214944_37.4838216396349608,1200019202,봉림교앞교차로,126.9260042284080470_37.4837386582791297,55.0,7.0,정체,126.9260042284080470_37.4837386582791297|126.9266147704214944_37.4838216396349608
2026-09-04T06:42:24.849833+09:00,신림역,신림역,POI039,KEY_4,1200007202,남부순환로,1200019703,신림빌딩,126.9271499741240774_37.4838850371988528,1200019301,봉림교,126.9266147704214944_37.4838216396349608,48.0,7.0,정체,126.9266147704214944_37.4838216396349608|126.9271499741240774_37.4838850371988528
2026-09-04T06:42:24.849833+09:00,신림역,신림역,POI039,KEY_4,1200007203,남부순환로,1200080600,신림동 1467-10,126.9281424889960022_37.4840111176954167,1200019702,신림빌딩,126.9274148922430072_37.4839166369399663,65.0,7.8,정체,126.9274148922430072_37.4839166369399663|126.9278158896297697_37.4839687083113660|126.9281424889960022_37.4840111176954167
2026-09-04T06:42:24.849833+09:00,신림역,신림역,POI039,KEY_4,1200007902,남부순환로,1200020101,신림역사거리,126.9297686662309843_37.4843316191219031,1200020804,프레콘빌딩,126.9334177978626741_37.4847896255204915,327.0,20.0,서행,126.9334177978626741_37.4847896255204915|126.9313947265893603_37.4845382789214909|126.9297686662309843_37.4843316191219031
2026-09-04T06:42:24.849833+09:00,신림역,신림역,POI039,KEY_4,1200008002,남부순환로,1200020803,프레콘빌딩,126.9334386973421545_37.4846827956256874,1200020102,신림역사거리,126.9297817227290892_37.4842237912787937,327.0,22.0,서행,126.9297817227290892_37.4842237912787937|126.9314158613318000_37.4844314775554039|126.9334386973421545_37.4846827956256874
2026-09-04T06:42:24.849833+09:00,신림역,신림역,POI039,KEY_4,1200009902,신림로,1200020104,신림역사거리,126.9296345705553506_37.4843144004965225,1200021103,속성변화점,126.9295553661489748_37.4848688498997049,62.0,7.0,정체,126.9295553661489748_37.4848688498997049|126.9296345705553506_37.4843144004965225
2026-09-04T06:42:24.849833+09:00,신림역,신림역,POI039,KEY_4,1200009903,신림로,1200105700,신림동 1467-9,126.9289535004739378_37.4870088740843457,1200023903,패션거리입구,126.9287320328464403_37.4875074332781750,59.0,26.0,원활,126.9287320328464403_37.4875074332781750|126.9289535004739378_37.4870088740843457
2026-09-04T06:42:24.849833+09:00,신림역,신림역,POI039,KEY_4,1200010002,신림로,1200021102,신림역(신림선),126.9296901754619284_37.4848810790201838,1200020101,신림역사거리,126.9297686662309843_37.4843316191219031,61.0,30.0,원활,126.9297686662309843_37.4843316191219031|126.9296901754619284_37.4848810790201838
2026-09-04T06:42:24.849833+09:00,신림역,신림역,POI039,KEY_4,1200010003,신림로,1200107300,신림동 1467-10,126.9296502982945611_37.4852749534387613,1200021101,신림역(신림선),126.9296775075418395_37.4849889447568003,32.0,28.0,원활,126.9296775075418395_37.4849889447568003|126.9296502982945611_37.4852749534387613
2026-09-04T06:42:24.849833+09:00,신림역,신림역,POI039,KEY_4,1200034700,관천로,1200018401,신림교(북측),126.9290904863204332_37.4818883651078352,1200017501,웅산빌딩,126.9299789404261389_37.4811381328184083,126.0,9.0,정체,126.9299789404261389_37.4811381328184083|126.9298217809850229_37.4810932390031510|126.9297649329152335_37.4811051246699947|126.9295164022418589_37.4813648240106829|126.9294475460358171_37.4814219969730971|126.9291960249631046_37.4816769266020415|126.9290904863204332_37.4818883651078352
2026-09-04T06:42:24.849833+09:00,신림역,신림역,POI039,KEY_4,1200035100,관천로,1200019301,봉림교,126.9266147704214944_37.4838216396349608,1200018402,신림교(북측),126.9290143862204872_37.4819760796263850,295.0,26.0,원활,126.9290143862204872_37.4819760796263850|126.9290012731884332_37.4820034073762258|126.9287378307599710_37.4822082660947515|126.9275014496326293_37.4831491633948630|126.9267769577677711_37.4837113225239165|126.9266147704214944_37.4838216396349608
2026-09-04T06:42:24.849833+09:00,신림역,신림역,POI039,KEY_4,1200035800,관천로,1200084000,신림동 1433-146,126.9260978536034514_37.4844856918411580,1200019701,신림빌딩,126.9273930706725508_37.4840233507243710,126.0,8.0,정체,126.9273930706725508_37.4840233507243710|126.9268531317812858_37.4841985908938327|126.9263496185242275_37.4843722096447465|126.9261137946958087_37.4844764198908393|126.9260978536034514_37.4844856918411580
2026-09-04T06:42:24.849833+09:00,신림역,신림역,POI039,KEY_4,1200035900,관천로,1200019704,신림빌딩,126.9271300263131081_37.4839919793202796,1200021004,봉림교삼거리,126.9252720732605866_37.4848497357513395,191.0,25.0,원활,126.9252720732605866_37.4848497357513395|126.9255012661441242_37.4846988293717587|126.9260178634568774_37.4843983592746426|126.9260406177968008_37.4843851244896413|126.9262896351738732_37.4842750840857164|126.9268005969255029_37.4840988969223616|126.9271300263131081_37.4839919793202796
2026-09-04T06:42:24.849833+09:00,신림역,신림역,POI039,KEY_4,1200037000,남부순환로187길,1200105000,신림동 1412-2,126.9334057669882583_37.4851541017712648,1200021603,서울관악우체국,126.9333993548549131_37.4853483563466554,22.0,14.0,정체,126.9333993548549131_37.4853483563466554|126.9334057669882583_37.4851541017712648
2026-09-04T06:42:24.849833+09:00,신림역,신림역,POI039,KEY_4,1200037200,신림로64길,1200021603,서울관악우체국,126.9333993548549131_37.4853483563466554,1200021102,신림역(신림선),126.9296901754619284_37.4848810790201838,332.0,9.0,정체,126.9296901754619284_37.4848810790201838|126.9309406511893741_37.4850382794090038|126.9333993548549131_37.4853483563466554
2026-09-04T06:42:24.849833+09:00,신정네거리역,신정네거리역,POI117,KEY_1,1140012300,중앙로,1140304000,신정동 1231,126.8527778798694214_37.5203231384960318,1140020503,신정네거리역앞교차로,126.8524641082912154_37.5210454129062327,85.0,19.0,서행,126.8524641082912154_37.5210454129062327|126.8527778798694214_37.5203231384960318
2026-09-04T06:42:24.849833+09:00,신정네거리역,신정네거리역,POI117,KEY_1,1140012400,중앙로,1140292700,신정동 1092,126.8534166988610536_37.5191903498562382,1140003301,목동10단지앞교차로,126.8538153270405218_37.5182869674380797,106.0,21.0,서행,126.8538153270405218_37.5182869674380797|126.8537622755779211_37.5184071955056453|126.8535160562519053_37.5189651855214876|126.8534166988610536_37.5191903498562382
2026-09-04T06:42:24.849833+09:00,신정네거리역,신정네거리역,POI117,KEY_1,1140014902,신월로,1140243500,신정동 1093,126.8532645566517232_37.5212174537458623,1140020904,신정동 1093,126.8543856987749194_37.5213497353641685,100.0,14.0,정체,126.8543856987749194_37.5213497353641685|126.8532645566517232_37.5212174537458623
2026-09-04T06:42:24.849833+09:00,신정네거리역,신정네거리역,POI117,KEY_1,1140014903,신월로,1140267200,신정동 1093,126.8554773918877174_37.5214758708896383,1140021305,동은빌딩,126.8566435580547562_37.5216053651049535,104.0,44.0,원활,126.8566435580547562_37.5216053651049535|126.8560160057808162_37.5215356815056253|126.8554773918877174_37.5214758708896383
2026-09-04T06:42:24.849833+09:00,신정네거리역,신정네거리역,POI117,KEY_1,1140014906,신월로,1140021306,신정동1093,126.8583322449103576_37.5217928596022290,1140021504,꿈꾸는카멜레온어린이미술관,126.8596132846867874_37.5219356418171444,114.0,48.0,원활,126.8596132846867874_37.5219356418171444|126.8591959897358947_37.5218887510016685|126.8583322449103576_37.5217928596022290
2026-09-04T06:42:24.849833+09:00,신정네거리역,신정네거리역,POI117,KEY_1,1140014907,신월로,1140021302,동은빌딩,126.8567780062629282_37.5216202938004884,1140021309,신정동1093,126.8581977948664274_37.5217779325875256,127.0,53.0,원활,126.8581977948664274_37.5217779325875256|126.8567780062629282_37.5216202938004884
2026-09-04T06:42:24.849833+09:00,신정네거리역,신정네거리역,POI117,KEY_1,1140015001,신월로,1140020603,신정네거리역앞,126.8528554777727635_37.5210598841245044,1140020502,신정네거리역앞교차로,126.8526138493944728_37.5210313723228168,22.0,33.0,원활,126.8526138493944728_37.5210313723228168|126.8528554777727635_37.5210598841245044
2026-09-04T06:42:24.849833+09:00,신정네거리역,신정네거리역,POI117,KEY_1,1140015002,신월로,1140243600,신정동 1093,126.8532844491230094_37.5211105006627648,1140020602,신정네거리역앞,126.8530325905116598_37.5210807827743906,23.0,35.0,원활,126.8530325905116598_37.5210807827743906|126.8532844491230094_37.5211105006627648
2026-09-04T06:42:24.849833+09:00,신정네거리역,신정네거리역,POI117,KEY_1,1140015003,신월로,1140267100,신정동 1093,126.8554961365460656_37.5213687864358008,1140020902,신정동 1093,126.8545569843418690_37.5212606440898142,84.0,31.0,원활,126.8545569843418690_37.5212606440898142|126.8551125002585565_37.5213261838740664|126.8554961365460656_37.5213687864358008
2026-09-04T06:42:24.849833+09:00,신정네거리역,신정네거리역,POI117,KEY_1,1140015005,신월로,1140272400,신정동 1094,126.8610576912007701_37.5219887458859915,1140021502,꿈꾸는카멜레온어린이미술관,126.8597665692237371_37.5218436752577844,115.0,26.0,원활,126.8597665692237371_37.5218436752577844|126.8608449515332666_37.5219648434398678|126.8610576912007701_37.5219887458859915
2026-09-04T06:42:24.849833+09:00,신정네거리역,신정네거리역,POI117,KEY_1,1140015006,신월로,1140021308,신정동1093,126.8582165356956324_37.5216708475291441,1140021303,동은빌딩,126.8567967490803738_37.5215132089686207,127.0,49.0,원활,126.8567967490803738_37.5215132089686207|126.8582165356956324_37.5216708475291441
2026-09-04T06:42:24.849833+09:00,신정네거리역,신정네거리역,POI117,KEY_1,1140015007,신월로,1140021503,꿈꾸는카멜레온어린이미술관,126.8596321536522282_37.5218285714619171,1140021307,신정동1093,126.8583509854924927_37.5216857745389447,114.0,10.0,정체,126.8583509854924927_37.5216857745389447|126.8592148414391971_37.5217816785654037|126.8596321536522282_37.5218285714619171
2026-09-04T06:42:24.849833+09:00,신정네거리역,신정네거리역,POI117,KEY_1,1140015902,중앙로,1140020504,신정네거리역앞교차로,126.8523200137848335_37.5213068059378259,1140022603,명성빌딩,126.8516685864229601_37.5225158329285406,146.0,11.0,정체,126.8516685864229601_37.5225158329285406|126.8517987058371261_37.5222713272162238|126.8519436904784499_37.5219988863798335|126.8521324176756337_37.5216442455826495|126.8523200137848335_37.5213068059378259
2026-09-04T06:42:24.849833+09:00,신정네거리역,신정네거리역,POI117,KEY_1,1140016001,중앙로,1140118300,신정동 1092,126.8520686739882422_37.5220410804103963,1140020501,신정네거리역앞교차로,126.8525640943406501_37.5211348016249673,110.0,27.0,원활,126.8525640943406501_37.5211348016249673|126.8522569777203586_37.5216872332956370|126.8520686739882422_37.5220410804103963
2026-09-04T06:42:24.849833+09:00,신정네거리역,신정네거리역,POI117,KEY_1,1140016106,신월로,1140022001,신월동 895,126.8507094594277902_37.5223133908582369,1140020504,신정네거리역앞교차로,126.8523200137848335_37.5213068059378259,182.0,31.0,원활,126.8523200137848335_37.5213068059378259|126.8521160507619499_37.5214639048480976|126.8510318117103566_37.5221668925016729|126.8508268269855961_37.5222704255984212|126.8507094594277902_37.5223133908582369
2026-09-04T06:42:24.849833+09:00,신정네거리역,신정네거리역,POI117,KEY_1,1140054801,중앙로34길,1140019405,신정1동주민센터,126.8538796784740867_37.5193821376289378,1140020603,신정네거리역앞,126.8528554777727635_37.5210598841245044,222.0,17.0,서행,126.8528554777727635_37.5210598841245044|126.8535934020350737_37.5205511930761588|126.8536999963924075_37.5204621007117112|126.8537692383027178_37.5203712086594976|126.8537955704803295_37.5202940803262450|126.8538126090800660_37.5201853955234341|126.8538219892636931_37.5201255616303442|126.8538796784740867_37.5193821376289378
2026-09-04T06:42:24.849833+09:00,신정네거리역,신정네거리역,POI117,KEY_1,1140054802,중앙로34길,1140019409,목동10단지앞,126.8539734917989961_37.5183344603548790,1140019404,신정1동주민센터,126.8538880871001027_37.5192737759540336,105.0,7.0,정체,126.8538880871001027_37.5192737759540336|126.8539379775177309_37.5186308268166684|126.8539734917989961_37.5183344603548790
2026-09-04T06:42:24.849833+09:00,신정네거리역,신정네거리역,POI117,KEY_1,1140054901,중앙로34길,1140019403,신정1동주민센터,126.8540235698495025_37.5192804456659488,1140019406,목동10단지앞,126.8541051135368178_37.5183739826820073,101.0,25.0,원활,126.8541051135368178_37.5183739826820073|126.8540733198426267_37.5186393004506940|126.8540235698495025_37.5192804456659488
2026-09-04T06:42:24.849833+09:00,신정네거리역,신정네거리역,POI117,KEY_1,1140054902,중앙로34길,1140186400,신정동 1146,126.8539473066920351_37.5201987921083031,1140019402,신정1동주민센터,126.8540151614070339_37.5193888074719695,90.0,12.0,정체,126.8540151614070339_37.5193888074719695|126.8539572124395534_37.5201356047961312|126.8539473066920351_37.5201987921083031
2026-09-04T06:42:24.849833+09:00,신정네거리역,신정네거리역,POI117,KEY_1,1140055900,은행정로,1140166500,신정동 1125,126.8597165347587321_37.5213433547744302,1140021503,꿈꾸는카멜레온어린이미술관,126.8596321536522282_37.5218285714619171,54.0,16.0,서행,126.8596321536522282_37.5218285714619171|126.8597165347587321_37.5213433547744302
2026-09-04T06:42:24.849833+09:00,신정네거리역,신정네거리역,POI117,KEY_1,1140058000,오목로30길,1140150600,신정동 1106,126.8546981085227401_37.5223329762819091,1140020901,신정동 1093,126.8545370935655114_37.5213675973558196,111.0,12.0,정체,126.8545370935655114_37.5213675973558196|126.8547338215463469_37.5218205968237299|126.8547705802692747_37.5219357855826985|126.8546981085227401_37.5223329762819091
2026-09-04T06:42:24.849833+09:00,신정네거리역,신정네거리역,POI117,KEY_1,1140058400,오목로38길,1140137400,신정동 1105,126.8566236011362918_37.5225408124600364,1140021302,동은빌딩,126.8567780062629282_37.5216202938004884,103.0,6.0,정체,126.8567780062629282_37.5216202938004884|126.8566236011362918_37.5225408124600364
2026-09-04T06:42:24.849833+09:00,신정네거리역,신정네거리역,POI117,KEY_1,1140058600,은행정로,1140207400,신정동 1113,126.8596569688713629_37.5224588897148266,1140021501,꿈꾸는카멜레온어린이미술관,126.8597477005454266_37.5219507456227035,57.0,7.0,정체,126.8597477005454266_37.5219507456227035|126.8596569688713629_37.5224588897148266
2026-09-04T06:42:24.849833+09:00,신정네거리역,신정네거리역,POI117,KEY_1,1140276400,중앙로36길,1140262500,신정동 1050-36,126.8547144854327797_37.5193650062674351,1140019403,신정1동주민센터,126.8540235698495025_37.5192804456659488,62.0,18.0,서행,126.8540235698495025_37.5192804456659488|126.8547084315488149_37.5193643641604027|126.8547144854327797_37.5193650062674351
2026-09-04T06:42:24.849833+09:00,신정네거리역,신정네거리역,POI117,KEY_1,1140277700,신월로36길,1140175700,신정동 1323-2,126.8584682314931626_37.5203048399161645,1140108303,신정동1125,126.8583172237674432_37.5211313429453099,93.0,22.0,서행,126.8583172237674432_37.5211313429453099|126.8583812989856057_37.5208181099124545|126.8583818978566029_37.5208145740617596|126.8584682314931626_37.5203048399161645
2026-09-04T06:42:24.849833+09:00,신정네거리역,신정네거리역,POI117,KEY_1,1140277900,신월로36길,1140021307,신정동1093,126.8583509854924927_37.5216857745389447,1140108301,신정동1125,126.8584307373469926_37.5212539233509972,48.0,13.0,정체,126.8584307373469926_37.5212539233509972|126.8583509854924927_37.5216857745389447
2026-09-04T06:42:24.849833+09:00,신정네거리역,신정네거리역,POI117,KEY_1,1140278000,신월로36길,1140108304,신정동1125,126.8582964364918979_37.5212381891154365,1140021308,신정동1093,126.8582165356956324_37.5216708475291441,49.0,25.0,원활,126.8582165356956324_37.5216708475291441|126.8582964364918979_37.5212381891154365
2026-09-04T06:42:24.849833+09:00,신정네거리역,신정네거리역,POI117,KEY_1,1140278200,은행정로5길,1140134600,신정동 1127,126.8569637813919257_37.5210795349276367,1140108304,신정동1125,126.8582964364918979_37.5212381891154365,119.0,19.0,서행,126.8582964364918979_37.5212381891154365|126.8569637813919257_37.5210795349276367
2026-09-04T06:42:24.849833+09:00,신촌·이대역,신촌·이대역,POI040,KEY_2,1120000100,신촌로,1120088400,대현동 60-11,126.9446865403610190_37.5567732537023247,1120000209,이대역앞교차로,126.9458093614291130_37.5568354550338697,99.0,19.5,서행,126.9458093614291130_37.5568354550338697|126.9446865403610190_37.5567732537023247
2026-09-04T06:42:24.849833+09:00,신촌·이대역,신촌·이대역,POI040,KEY_2,1120000404,신촌로,1130263200,대흥동 3-63,126.9464914102469635_37.5567658919320806,1120000207,이대역앞교차로,126.9459501043940008_37.5567349831730724,48.0,26.5,원활,126.9459501043940008_37.5567349831730724|126.9464914102469635_37.5567658919320806
2026-09-04T06:42:24.849833+09:00,신촌·이대역,신촌·이대역,POI040,KEY_2,1120002701,신촌역로,1120071600,대현동 60-11,126.9427680418913411_37.5578961046815536,1120004602,신촌역,126.9427440310376340_37.5585203049646097,69.0,11.0,정체,126.9427440310376340_37.5585203049646097|126.9427680418913411_37.5578961046815536
2026-09-04T06:42:24.849833+09:00,신촌·이대역,신촌·이대역,POI040,KEY_2,1120002801,신촌역로,1120115700,대현동 60-11,126.9429316939373678_37.5571739776181843,1130029101,신촌기차역입구교차로,126.9429508064184517_37.5566770773961380,55.0,21.5,서행,126.9429508064184517_37.5566770773961380|126.9429316939373678_37.5571739776181843
2026-09-04T06:42:24.849833+09:00,신촌·이대역,신촌·이대역,POI040,KEY_2,1120002802,신촌역로,1120005103,신촌역,126.9428490112470627_37.5589999804080819,1120004601,신촌역,126.9428797809855354_37.5585236143059831,53.0,21.0,서행,126.9428797809855354_37.5585236143059831|126.9428522809412954_37.5589815940035621|126.9428490112470627_37.5589999804080819
2026-09-04T06:42:24.849833+09:00,신촌·이대역,신촌·이대역,POI040,KEY_2,1120003002,이화여대길,1120050200,대현동 60-11,126.9459111121087034_37.5573503317707704,1120000206,이대역앞교차로,126.9459449283367718_37.5568430846451875,56.0,24.0,서행,126.9459449283367718_37.5568430846451875|126.9459370069837689_37.5570327600623557|126.9459111121087034_37.5573503317707704
2026-09-04T06:42:24.849833+09:00,신촌·이대역,신촌·이대역,POI040,KEY_2,1120003101,명물길,1120103200,창천동 31-62,126.9387014712648210_37.5585993116674715,1120004903,북경어언대학교,126.9392103198794786_37.5589742883029700,61.0,16.0,서행,126.9392103198794786_37.5589742883029700|126.9391313904544205_37.5589213056300650|126.9387014712648210_37.5585993116674715
2026-09-04T06:42:24.849833+09:00,신촌·이대역,신촌·이대역,POI040,KEY_2,1120003102,명물길,1120057200,창천동 31-64,126.9402143091177209_37.5591519755949577,1120001504,명물거리교차로,126.9403451527086730_37.5591543062232276,12.0,25.0,원활,126.9403451527086730_37.5591543062232276|126.9402143091177209_37.5591519755949577
2026-09-04T06:42:24.849833+09:00,신촌·이대역,신촌·이대역,POI040,KEY_2,1120003201,명물길,1120098800,창천동 18-54,126.9375123444595204_37.5575602259048438,1120004502,현대백화점유플렉스(신촌점),126.9369730969373080_37.5572180933913842,61.0,27.7,원활,126.9369730969373080_37.5572180933913842|126.9371287798259686_37.5572890262117483|126.9374266006236667_37.5574960038265644|126.9375123444595204_37.5575602259048438
2026-09-04T06:42:24.849833+09:00,신촌·이대역,신촌·이대역,POI040,KEY_2,1120003202,명물길,1120099300,창천동 31-64,126.9399922025746577_37.5590398721991008,1120004901,북경어언대학교,126.9394401770155696_37.5589847229875957,50.0,10.0,정체,126.9394401770155696_37.5589847229875957|126.9395187556796856_37.5590205224607772|126.9395956552481550_37.5590328072777240|126.9399922025746577_37.5590398721991008
2026-09-04T06:42:24.849833+09:00,신촌·이대역,신촌·이대역,POI040,KEY_2,1120003301,연세로,1120004504,현대백화점유플렉스(신촌점),126.9368371308242018_37.5572889150469535,1120004803,창천동 30-18,126.9368510014508757_37.5588996821571541,179.0,14.0,정체,126.9368510014508757_37.5588996821571541|126.9368340470399659_37.5574372784594317|126.9368371308242018_37.5572889150469535
2026-09-04T06:42:24.849833+09:00,신촌·이대역,신촌·이대역,POI040,KEY_2,1120003302,연세로,1120004804,창천동 30-18,126.9368505138006498_37.5590108985973998,1120005503,연세대앞교차로,126.9368364800660771_37.5599930891343377,109.0,10.0,정체,126.9368364800660771_37.5599930891343377|126.9368505138006498_37.5590108985973998
2026-09-04T06:42:24.849833+09:00,신촌·이대역,신촌·이대역,POI040,KEY_2,1120003401,연세로,1120004802,창천동 30-18,126.9369867245719377_37.5588913341097239,1120004501,현대백화점유플렉스(신촌점),126.9369718556757505_37.5573421030471337,172.0,9.0,정체,126.9369718556757505_37.5573421030471337|126.9369698696455231_37.5574376736014486|126.9369867245719377_37.5588913341097239
2026-09-04T06:42:24.849833+09:00,신촌·이대역,신촌·이대역,POI040,KEY_2,1120003402,연세로,1120005502,연세대앞교차로,126.9369722907914309_37.5599940789319859,1120004801,창천동 30-18,126.9369864978419571_37.5589996318879216,110.0,7.5,정체,126.9369864978419571_37.5589996318879216|126.9369722907914309_37.5599940789319859
2026-09-04T06:42:24.849833+09:00,신촌·이대역,신촌·이대역,POI040,KEY_2,1120003501,이화여대길,1120005002,신촌역,126.9420267726184761_37.5591801830420735,1120005104,신촌역,126.9426661573823623_37.5591824608859142,57.0,24.0,서행,126.9426661573823623_37.5591824608859142|126.9426586391526541_37.5591822440454948|126.9421138457002485_37.5591743855017910|126.9420267726184761_37.5591801830420735
2026-09-04T06:42:24.849833+09:00,신촌·이대역,신촌·이대역,POI040,KEY_2,1120003502,신촌역로,1120001501,명물거리교차로,126.9404809387878714_37.5591565534944891,1120005002,신촌역,126.9420267726184761_37.5591801830420735,137.0,29.0,원활,126.9420267726184761_37.5591801830420735|126.9415767821894292_37.5591733065980620|126.9412142365348615_37.5591677651764968|126.9408768439811013_37.5591626072131248|126.9404809387878714_37.5591565534944891
2026-09-04T06:42:24.849833+09:00,신촌·이대역,신촌·이대역,POI040,KEY_2,1120003601,신촌역로,1120114700,창천동 31-64,126.9408794518354000_37.5590545075459303,1120001502,명물거리교차로,126.9404835471664086_37.5590484540526717,35.0,27.0,원활,126.9404835471664086_37.5590484540526717|126.9408794518354000_37.5590545075459303
2026-09-04T06:42:24.849833+09:00,신촌·이대역,신촌·이대역,POI040,KEY_2,1120003801,이화여대길,1120069800,대현동 60-11,126.9436423389426665_37.5591035513754079,1120005102,신촌역,126.9429796664790473_37.5590839814278610,59.0,18.0,서행,126.9429796664790473_37.5590839814278610|126.9434309302908161_37.5590989851527581|126.9436423389426665_37.5591035513754079
2026-09-04T06:42:24.849833+09:00,신촌·이대역,신촌·이대역,POI040,KEY_2,1120003901,신촌역로,1120001504,명물거리교차로,126.9403451527086730_37.5591543062232276,1120005402,세브란스병원입구,126.9403236648437030_37.5598832986994040,81.0,22.0,서행,126.9403236648437030_37.5598832986994040|126.9403451527086730_37.5591543062232276
2026-09-04T06:42:24.849833+09:00,신촌·이대역,신촌·이대역,POI040,KEY_2,1120004401,성산로,1120005700,세브란스병원입구,126.9399697271517624_37.5600298889541833,1120005502,연세대앞교차로,126.9369722907914309_37.5599940789319859,265.0,32.0,원활,126.9369722907914309_37.5599940789319859|126.9381957544518968_37.5600239454363845|126.9383304604905334_37.5600259947314896|126.9392179638289520_37.5600335435028612|126.9394831195383091_37.5600177212536508|126.9396777836779791_37.5599969609922439|126.9398686749726863_37.5600119581510583|126.9399697271517624_37.5600298889541833
2026-09-04T06:42:24.849833+09:00,신촌·이대역,신촌·이대역,POI040,KEY_2,1120004403,성산로,1120001902,세브란스병원입구,126.9406365826691854_37.5602535248457912,1120005700,세브란스병원입구,126.9399697271517624_37.5600298889541833,65.0,34.0,원활,126.9399697271517624_37.5600298889541833|126.9402429363548492_37.5600866443863382|126.9404262960347580_37.5601582545694228|126.9405647286410925_37.5602417602446934|126.9406365826691854_37.5602535248457912
2026-09-04T06:42:24.849833+09:00,신촌·이대역,신촌·이대역,POI040,KEY_2,1120014200,신촌로,1130028200,신촌로터리,126.9362638695840104_37.5553903889948231,1120004300,현대백화점(신촌점),126.9368030588893959_37.5556219621744134,57.0,27.0,원활,126.9368030588893959_37.5556219621744134|126.9367619707854544_37.5555447886619120|126.9365015572182216_37.5554290301989795|126.9362638695840104_37.5553903889948231
2026-09-04T06:42:24.849833+09:00,신촌·이대역,신촌·이대역,POI040,KEY_2,1120014300,연세로5길,1120004503,현대백화점유플렉스(신촌점),126.9368363451414297_37.5571751207012667,1130028301,신촌현대백화점,126.9352769143878135_37.5557459412116970,218.0,10.0,정체,126.9352769143878135_37.5557459412116970|126.9355227188717095_37.5561809513214655|126.9356969741435961_37.5564893345166482|126.9357357833693243_37.5565340280943047|126.9357546442551836_37.5565557486909398|126.9367282221445237_37.5571473890112912|126.9368363451414297_37.5571751207012667
2026-09-04T06:42:24.849833+09:00,신촌·이대역,신촌·이대역,POI040,KEY_2,1120014400,연세로5길,1120046000,창천동 53-47,126.9356240685518031_37.5565955099592088,1120004504,현대백화점유플렉스(신촌점),126.9368371308242018_37.5572889150469535,133.0,5.0,정체,126.9368371308242018_37.5572889150469535|126.9366643652368651_37.5572446039108812|126.9356551527703942_37.5566313071096900|126.9356240685518031_37.5565955099592088
2026-09-04T06:42:24.849833+09:00,신촌·이대역,신촌·이대역,POI040,KEY_2,1120014600,신촌역로,1120004602,신촌역,126.9427440310376340_37.5585203049646097,1120005001,신촌역,126.9420293779965050_37.5590720827057183,95.0,16.0,서행,126.9420293779965050_37.5590720827057183|126.9421437304203835_37.5590560677133638|126.9422389637944093_37.5590308801191455|126.9426919759452090_37.5587183341767812|126.9427399358533393_37.5586554228029499|126.9427440310376340_37.5585203049646097
2026-09-04T06:42:24.849833+09:00,신촌·이대역,신촌·이대역,POI040,KEY_2,1120014800,연세로12길,1120004801,창천동 30-18,126.9369864978419571_37.5589996318879216,1120004904,북경어언대학교,126.9393727178320859_37.5590785623916332,211.0,21.0,서행,126.9393727178320859_37.5590785623916332|126.9389022167064809_37.5590898448829122|126.9369864978419571_37.5589996318879216
2026-09-04T06:42:24.849833+09:00,신촌·이대역,신촌·이대역,POI040,KEY_2,1120015000,성산로22길,1120088900,창천동 70-59,126.9345245647633504_37.5591495266209137,1120004804,창천동 30-18,126.9368505138006498_37.5590108985973998,211.0,13.0,정체,126.9368505138006498_37.5590108985973998|126.9367700942083559_37.5590260958107223|126.9363607042080844_37.5590258758581754|126.9349766718667780_37.5589958955722949|126.9349592890310134_37.5589955189298124|126.9345722423701091_37.5590852696270119|126.9345245647633504_37.5591495266209137
2026-09-04T06:42:24.849833+09:00,신촌·이대역,신촌·이대역,POI040,KEY_2,1120015200,신촌역로,1120005402,세브란스병원입구,126.9403236648437030_37.5598832986994040,1120005700,세브란스병원입구,126.9399697271517624_37.5600298889541833,38.0,19.0,서행,126.9399697271517624_37.5600298889541833|126.9401906078274891_37.5599912626938561|126.9403000000014856_37.5599500001454203|126.9403236648437030_37.5598832986994040
2026-09-04T06:42:24.849833+09:00,신촌·이대역,신촌·이대역,POI040,KEY_2,1120015501,북아현로11길,1120110000,대현동 62-13,126.9461402896745028_37.5587493431421393,1120004707,무궁화상가아파트,126.9457971823491818_37.5587475204387502,30.0,18.0,서행,126.9457971823491818_37.5587475204387502|126.9461402896745028_37.5587493431421393
2026-09-04T06:42:24.849833+09:00,신촌·이대역,신촌·이대역,POI040,KEY_2,1120061600,신촌로,1130243700,노고산동 31-123,126.9378979886779319_37.5553264048270492,1130027600,신촌로터리,126.9375535313722594_37.5552189146085595,33.0,20.5,서행,126.9375535313722594_37.5552189146085595|126.9376883483507896_37.5552573962598544|126.9378979886779319_37.5553264048270492
2026-09-04T06:42:24.849833+09:00,신촌·이대역,신촌·이대역,POI040,KEY_2,1120061700,연세로,1120004502,현대백화점유플렉스(신촌점),126.9369730969373080_37.5572180933913842,1120004200,신촌역(서울2호선),126.9369388461816897_37.5556200624915562,177.0,11.0,정체,126.9369388461816897_37.5556200624915562|126.9369730969373080_37.5572180933913842
2026-09-04T06:42:24.849833+09:00,신촌·이대역,신촌·이대역,POI040,KEY_2,1120061900,신촌로,1120035100,대현동 60-11,126.9422602990258042_37.5566379052705770,1130029104,신촌기차역입구교차로,126.9428152251685447_37.5566694693811343,49.0,22.5,서행,126.9428152251685447_37.5566694693811343|126.9422602990258042_37.5566379052705770
2026-09-04T06:42:24.849833+09:00,신촌·이대역,신촌·이대역,POI040,KEY_2,1120062000,연세로,1120004300,현대백화점(신촌점),126.9368030588893959_37.5556219621744134,1120004503,현대백화점유플렉스(신촌점),126.9368363451414297_37.5571751207012667,172.0,17.5,서행,126.9368363451414297_37.5571751207012667|126.9368030588893959_37.5556219621744134
2026-09-04T06:42:24.849833+09:00,신촌·이대역,신촌·이대역,POI040,KEY_2,1130002903,신촌로,1130027304,신촌로터리,126.9367463936915783_37.5551491321864219,1130027800,신촌로터리,126.9362078795990669_37.5552918851353184,50.0,17.3,서행,126.9362078795990669_37.5552918851353184|126.9362843096010209_37.5552643504737276|126.9364926549409489_37.5552010586219964|126.9366443811309324_37.5551666346300124|126.9367463936915783_37.5551491321864219
2026-09-04T06:42:24.849833+09:00,신촌·이대역,신촌·이대역,POI040,KEY_2,1130003001,신촌로,1120065800,창천동 30-17,126.9340762364727908_37.5561712001553190,1130028304,신촌현대백화점,126.9351529989082650_37.5557901862083625,104.0,27.0,원활,126.9351529989082650_37.5557901862083625|126.9340762364727908_37.5561712001553190
2026-09-04T06:42:24.849833+09:00,신촌·이대역,신촌·이대역,POI040,KEY_2,1130003002,신촌로,1120063200,창천동 30-16,126.9359793082337546_37.5554929038804843,1130028200,신촌로터리,126.9362638695840104_37.5553903889948231,28.0,27.5,원활,126.9362638695840104_37.5553903889948231|126.9359793082337546_37.5554929038804843
2026-09-04T06:42:24.849833+09:00,신촌·이대역,신촌·이대역,POI040,KEY_2,1130003003,신촌로,1130028200,신촌로터리,126.9362638695840104_37.5553903889948231,1130027305,신촌로터리,126.9367949040171339_37.5552525850785059,50.0,25.0,원활,126.9367949040171339_37.5552525850785059|126.9367822077433345_37.5552535889944465|126.9366773331614553_37.5552715833811135|126.9365355543422140_37.5553037503571261|126.9363365592773363_37.5553642010740631|126.9362638695840104_37.5553903889948231
2026-09-04T06:42:24.849833+09:00,신촌·이대역,신촌·이대역,POI040,KEY_2,1130003101,신촌로,1130027301,신촌로터리,126.9369309039101665_37.5552479096703777,1130028100,신촌로터리,126.9375107828557248_37.5553215381359138,52.0,10.0,정체,126.9375107828557248_37.5553215381359138|126.9374120463708664_37.5552954695353094|126.9372367545836511_37.5552633433213288|126.9370612427232459_37.5552495051776276|126.9369309039101665_37.5552479096703777
2026-09-04T06:42:24.849833+09:00,신촌·이대역,신촌·이대역,POI040,KEY_2,1130003201,신촌로,1130027600,신촌로터리,126.9375535313722594_37.5552189146085595,1130027302,신촌로터리,126.9369363048809589_37.5551398431720429,56.0,37.0,원활,126.9369363048809589_37.5551398431720429|126.9370689919941668_37.5551414670887596|126.9372587703670519_37.5551564300398013|126.9374487359331596_37.5551912462659345|126.9375535313722594_37.5552189146085595
2026-09-04T06:42:24.849833+09:00,신촌·이대역,신촌·이대역,POI040,KEY_2,1130015002,백범로,1130027302,신촌로터리,126.9369363048809589_37.5551398431720429,1130026300,신촌로터리,126.9370076539618566_37.5545626830804551,64.0,17.0,서행,126.9370076539618566_37.5545626830804551|126.9369363048809589_37.5551398431720429
2026-09-04T06:42:24.849833+09:00,신촌·이대역,신촌·이대역,POI040,KEY_2,1130016101,서강로,1130105400,노고산동 31-123,126.9360124624394928_37.5545948546319508,1130026900,신촌로터리,126.9362469698456266_37.5547336229279907,26.0,20.0,서행,126.9362469698456266_37.5547336229279907|126.9360124624394928_37.5545948546319508
2026-09-04T06:42:24.849833+09:00,신촌·이대역,신촌·이대역,POI040,KEY_2,1130016102,서강로,1130026900,신촌로터리,126.9362469698456266_37.5547336229279907,1130027304,신촌로터리,126.9367463936915783_37.5551491321864219,64.0,12.0,정체,126.9367463936915783_37.5551491321864219|126.9366482286148994_37.5550253909116165|126.9363557341915083_37.5548026529712615|126.9362469698456266_37.5547336229279907
2026-09-04T06:42:24.849833+09:00,신촌·이대역,신촌·이대역,POI040,KEY_2,1130016202,서강로,1130027303,신촌로터리,126.9368133181621232_37.5550310181252058,1130026700,신촌로터리,126.9363297908926853_37.5546479548134542,61.0,6.0,정체,126.9363297908926853_37.5546479548134542|126.9364451665790341_37.5547211401372962|126.9367541497696266_37.5549564339847848|126.9368133181621232_37.5550310181252058
2026-09-04T06:42:24.849833+09:00,신촌·이대역,신촌·이대역,POI040,KEY_2,1130053700,신촌로,1130027600,신촌로터리,126.9375535313722594_37.5552189146085595,1130026300,신촌로터리,126.9370076539618566_37.5545626830804551,87.0,21.0,서행,126.9370076539618566_37.5545626830804551|126.9375535313722594_37.5552189146085595
2026-09-04T06:42:24.849833+09:00,신촌·이대역,신촌·이대역,POI040,KEY_2,1130054000,서강로,1130026900,신촌로터리,126.9362469698456266_37.5547336229279907,1130027800,신촌로터리,126.9362078795990669_37.5552918851353184,66.0,24.0,서행,126.9362078795990669_37.5552918851353184|126.9362774483328025_37.5552146864900038|126.9363062591853719_37.5551384172764813|126.9363230977790380_37.5550564211653537|126.9363327714613661_37.5549477201242823|126.9363184780678608_37.5548542645506771|126.9362469698456266_37.5547336229279907
2026-09-04T06:42:24.849833+09:00,쌍문역,쌍문역,POI070,KEY_3,1080011301,도봉로,1080060100,수유동 140,127.0306004514326617_37.6426841969638559,1080017102,강북구-도봉구,127.0308257491886792_37.6428931106192053,31.0,19.0,서행,127.0308257491886792_37.6428931106192053|127.0306004514326617_37.6426841969638559
2026-09-04T06:42:24.849833+09:00,쌍문역,쌍문역,POI070,KEY_3,1090000904,우이천로,1090005403,번창교,127.0318933286728367_37.6426051578388083,1090000702,우이교앞교차로,127.0311828397790350_37.6430569437685492,80.0,25.0,원활,127.0311828397790350_37.6430569437685492|127.0318933286728367_37.6426051578388083
2026-09-04T06:42:24.849833+09:00,쌍문역,쌍문역,POI070,KEY_3,1090001004,우이천로,1090000701,우이교앞교차로,127.0312724373789877_37.6431384065756944,1090005404,번창교,127.0319809335181702_37.6426878882124569,80.0,21.0,서행,127.0319809335181702_37.6426878882124569|127.0312724373789877_37.6431384065756944
2026-09-04T06:42:24.849833+09:00,쌍문역,쌍문역,POI070,KEY_3,1090001500,우이천로,1090000703,우이교앞교차로,127.0310729519188158_37.6431211684896070,1090000902,한일병원,127.0279685895414303_37.6450803801061440,350.0,17.5,서행,127.0279685895414303_37.6450803801061440|127.0280970845996933_37.6449964844622755|127.0284654183674178_37.6447559940197536|127.0287300641372070_37.6445832012974151|127.0287440560925489_37.6445740656200698|127.0291467962950946_37.6443195262820893|127.0303466242784936_37.6435611940581438|127.0308594191241554_37.6432370817667845|127.0310729519188158_37.6431211684896070
2026-09-04T06:42:24.849833+09:00,쌍문역,쌍문역,POI070,KEY_3,1090001600,우이천로,1090097600,쌍문동 83-10,127.0304312281127466_37.6436458315402973,1090000704,우이교앞교차로,127.0311629794475863_37.6432032074832321,81.0,23.0,서행,127.0311629794475863_37.6432032074832321|127.0309401577308392_37.6433241623639816|127.0304312281127466_37.6436458315402973
2026-09-04T06:42:24.849833+09:00,쌍문역,쌍문역,POI070,KEY_3,1090001702,도봉로,1090057800,쌍문동 83-8,127.0322645121424188_37.6446330103546600,1090001303,창동시장입구교차로,127.0333679558157627_37.6464986566063828,229.0,13.0,정체,127.0333679558157627_37.6464986566063828|127.0326215714648015_37.6452398113717877|127.0325635966364075_37.6451416305438258|127.0322645121424188_37.6446330103546600
2026-09-04T06:42:24.849833+09:00,쌍문역,쌍문역,POI070,KEY_3,1090001801,도봉로,1090057900,창동 703-9,127.0323876826054175_37.6445872158534343,1090000701,우이교앞교차로,127.0312724373789877_37.6431384065756944,189.0,29.0,원활,127.0312724373789877_37.6431384065756944|127.0313379882501721_37.6431972177101386|127.0315344838842435_37.6433976928929965|127.0317063615047317_37.6435881292882257|127.0318399394393509_37.6437483018028090|127.0319611171275511_37.6439100560457618|127.0320824040946093_37.6440796622059537|127.0322036071876823_37.6442741759624582|127.0323876826054175_37.6445872158534343
2026-09-04T06:42:24.849833+09:00,쌍문역,쌍문역,POI070,KEY_3,1090001802,도봉로,1090001302,창동시장입구교차로,127.0334909458621269_37.6464525507448045,1090006001,창동 703-9,127.0327445598980489_37.6451937062792226,154.0,20.0,서행,127.0327445598980489_37.6451937062792226|127.0334909458621269_37.6464525507448045
2026-09-04T06:42:24.849833+09:00,쌍문역,쌍문역,POI070,KEY_3,1090002901,도봉로110길,1090001301,창동시장입구교차로,127.0335489194755070_37.6465503488024709,1090006804,창동 703-6,127.0342878211482969_37.6462731281989917,72.0,19.0,서행,127.0342878211482969_37.6462731281989917|127.0340935174179151_37.6463460275834763|127.0335489194755070_37.6465503488024709
2026-09-04T06:42:24.849833+09:00,쌍문역,쌍문역,POI070,KEY_3,1090003001,도봉로110길,1090104700,창동 703-6,127.0340354943073748_37.6462482478843796,1090001302,창동시장입구교차로,127.0334909458621269_37.6464525507448045,53.0,19.0,서행,127.0334909458621269_37.6464525507448045|127.0340354943073748_37.6462482478843796
2026-09-04T06:42:24.849833+09:00,쌍문역,쌍문역,POI070,KEY_3,1090003002,도봉로110길,1090080200,창동 703-7,127.0357360179233837_37.6461069649814846,1090006802,창동 703-6,127.0343549840734454_37.6461328281547765,124.0,19.0,서행,127.0343549840734454_37.6461328281547765|127.0345012774259459_37.6460886710330769|127.0346261544876967_37.6460608796433576|127.0347246771475653_37.6460514498211580|127.0348610739236506_37.6460494013026832|127.0357360179233837_37.6461069649814846
2026-09-04T06:42:24.849833+09:00,쌍문역,쌍문역,POI070,KEY_3,1090003700,도봉로,1090135200,쌍문동 83-5,127.0350228266440666_37.6492923382218478,1090002003,정의여중고교입구교차로,127.0362215685676404_37.6513055778951582,247.0,34.5,원활,127.0362215685676404_37.6513055778951582|127.0360825534525588_37.6510864778828989|127.0358650918987422_37.6507183178536025|127.0356007620248846_37.6502708062316955|127.0350228266440666_37.6492923382218478
2026-09-04T06:42:24.849833+09:00,쌍문역,쌍문역,POI070,KEY_3,1090003801,도봉로,1090137100,창동 703-5,127.0342808907164880_37.6477854429096652,1090001301,창동시장입구교차로,127.0335489194755070_37.6465503488024709,152.0,28.0,원활,127.0335489194755070_37.6465503488024709|127.0342320361945099_37.6477029598049171|127.0342808907164880_37.6477854429096652
2026-09-04T06:42:24.849833+09:00,쌍문역,쌍문역,POI070,KEY_3,1090003802,도봉로,1090002002,정의여중고교입구교차로,127.0363773263417357_37.6513110181991735,1090007800,창동 703-3,127.0359881747483968_37.6506723581663039,79.0,28.0,원활,127.0359881747483968_37.6506723581663039|127.0362048236143977_37.6510391397169215|127.0363773263417357_37.6513110181991735
2026-09-04T06:42:24.849833+09:00,쌍문역,쌍문역,POI070,KEY_3,1090005100,노해로,1090121700,쌍문동 83-4,127.0350101560504044_37.6513313295938374,1090002004,정의여중고교입구교차로,127.0362912697615769_37.6514169783247610,113.0,20.5,서행,127.0362912697615769_37.6514169783247610|127.0358744447874244_37.6513983643391370|127.0356105287372799_37.6513778955387650|127.0350101560504044_37.6513313295938374
2026-09-04T06:42:24.849833+09:00,쌍문역,쌍문역,POI070,KEY_3,1090005500,노해로,1090002001,정의여중고교입구교차로,127.0364434898500150_37.6514195793773183,1090008204,창동고교,127.0376207170842662_37.6514673842390550,104.0,12.0,정체,127.0376207170842662_37.6514673842390550|127.0372124994038785_37.6514364984026884|127.0371634236865077_37.6514327847047809|127.0368827243874392_37.6514224925743335|127.0364434898500150_37.6514195793773183
2026-09-04T06:42:24.849833+09:00,쌍문역,쌍문역,POI070,KEY_3,1090005601,노해로,1090008000,정의여중입구,127.0372253821596331_37.6513288665233219,1090002002,정의여중고교입구교차로,127.0363773263417357_37.6513110181991735,75.0,11.0,정체,127.0363773263417357_37.6513110181991735|127.0368864251738898_37.6513143950908074|127.0371730020149244_37.6513249033987236|127.0372253821596331_37.6513288665233219
2026-09-04T06:42:24.849833+09:00,쌍문역,쌍문역,POI070,KEY_3,1090007201,도봉로,1090060400,창동 723-12,127.0374667021622201_37.6531309026853336,1090002001,정의여중고교입구교차로,127.0364434898500150_37.6514195793773183,210.0,13.0,정체,127.0364434898500150_37.6514195793773183|127.0365670542006740_37.6516255471527472|127.0366115427542724_37.6516990602945469|127.0370435422705526_37.6524128903159365|127.0371049079353014_37.6525142888462554|127.0374667021622201_37.6531309026853336
2026-09-04T06:42:24.849833+09:00,쌍문역,쌍문역,POI070,KEY_3,1090016100,도봉로106길,1090005903,창동 445-27,127.0334595348995492_37.6448135819881742,1090006002,창동 703-9,127.0326867677156883_37.6450958357447760,75.0,14.0,정체,127.0326867677156883_37.6450958357447760|127.0334595348995492_37.6448135819881742
2026-09-04T06:42:24.849833+09:00,쌍문역,쌍문역,POI070,KEY_3,1090016600,도봉로110다길,1090005904,창동 445-27,127.0335171994878181_37.6449114990430758,1090006803,창동 703-6,127.0342297978290986_37.6461753485027018,154.0,18.0,서행,127.0342297978290986_37.6461753485027018|127.0340689432467656_37.6459116372999603|127.0338676118185077_37.6455815638404729|127.0338380059821048_37.6455042068618368|127.0338114727567813_37.6454348781533952|127.0335171994878181_37.6449114990430758
2026-09-04T06:42:24.849833+09:00,쌍문역,쌍문역,POI070,KEY_3,1090018900,노해로,1090008000,정의여중입구,127.0372253821596331_37.6513288665233219,1090007800,창동 703-3,127.0359881747483968_37.6506723581663039,133.0,23.0,서행,127.0359881747483968_37.6506723581663039|127.0362290122563707_37.6508846218187543|127.0369217729405591_37.6512348335471998|127.0372253821596331_37.6513288665233219
2026-09-04T06:42:24.849833+09:00,쌍문역,쌍문역,POI070,KEY_3,1090044400,도봉로,1090000702,우이교앞교차로,127.0311828397790350_37.6430569437685492,1080017101,강북구-도봉구,127.0309288510039636_37.6428226257850653,34.0,20.0,서행,127.0309288510039636_37.6428226257850653|127.0311828397790350_37.6430569437685492
2026-09-04T06:42:24.849833+09:00,쌍문역,쌍문역,POI070,KEY_3,1090044500,도봉로,1080017102,강북구-도봉구,127.0308257491886792_37.6428931106192053,1090000703,우이교앞교차로,127.0310729519188158_37.6431211684896070,33.0,24.0,서행,127.0310729519188158_37.6431211684896070|127.0308257491886792_37.6428931106192053
2026-09-04T06:42:24.849833+09:00,양재역,양재역,POI041,KEY_4,1210013601,강남대로,1210486100,최소노드배치점,127.0378699418751438_37.4804219789779864,1210021103,서초구민회관,127.0362470306922518_37.4823297666331001,257.0,24.0,서행,127.0362470306922518_37.4823297666331001|127.0370531848571858_37.4815620178122231|127.0372178545636501_37.4814051903833061|127.0374052147573991_37.4811810304723849|127.0376834362452172_37.4807607700402627|127.0378699418751438_37.4804219789779864
2026-09-04T06:42:24.849833+09:00,양재역,양재역,POI041,KEY_4,1210013602,강남대로,1210021104,서초구민회관,127.0361598826672207_37.4824126347006299,1210022103,양재역(신분당선),127.0352394844712620_37.4832864839525328,127.0,35.0,원활,127.0352394844712620_37.4832864839525328|127.0359772211679399_37.4825860603316414|127.0361598826672207_37.4824126347006299
2026-09-04T06:42:24.849833+09:00,양재역,양재역,POI041,KEY_4,1210013603,강남대로,1210022104,양재역(신분당선),127.0351524056463148_37.4833697515923561,1210024103,양재역사거리,127.0340762774561654_37.4844728789609647,155.0,30.5,원활,127.0340762774561654_37.4844728789609647|127.0346472974863588_37.4838557653419784|127.0349836352215931_37.4835321429980013|127.0351524056463148_37.4833697515923561
2026-09-04T06:42:24.849833+09:00,양재역,양재역,POI041,KEY_4,1210015200,남부순환로,1210023405,서초구청앞사거리,127.0298160387686437_37.4839266444256793,1210001100,서초IC,127.0288287872834019_37.4837904329522402,89.0,19.7,서행,127.0288287872834019_37.4837904329522402|127.0298160387686437_37.4839266444256793
2026-09-04T06:42:24.849833+09:00,양재역,양재역,POI041,KEY_4,1210015300,남부순환로,1210023100,서초IC,127.0286616071774688_37.4838771371351172,1210023406,서초구청앞사거리,127.0297928843277333_37.4840332206194162,102.0,47.3,원활,127.0297928843277333_37.4840332206194162|127.0286616071774688_37.4838771371351172
2026-09-04T06:42:24.849833+09:00,양재역,양재역,POI041,KEY_4,1210015402,남부순환로,1210023702,양재지하차도(서측),127.0322646148869694_37.4843647429376858,1210024104,양재역사거리,127.0339305823189875_37.4846709888093628,152.0,26.0,원활,127.0339305823189875_37.4846709888093628|127.0325186277341913_37.4844580696051111|127.0322646148869694_37.4843647429376858
2026-09-04T06:42:24.849833+09:00,양재역,양재역,POI041,KEY_4,1210015403,남부순환로,1210023410,속성변화점,127.0312528830012866_37.4842291575750366,1210023702,양재지하차도(서측),127.0322646148869694_37.4843647429376858,91.0,20.0,서행,127.0322646148869694_37.4843647429376858|127.0313866868204684_37.4842470903056082|127.0312528830012866_37.4842291575750366
2026-09-04T06:42:24.849833+09:00,양재역,양재역,POI041,KEY_4,1210015404,남부순환로,1210175900,서초동 1376,127.0304688834092417_37.4841240757012955,1210023410,속성변화점,127.0312528830012866_37.4842291575750366,70.0,33.0,원활,127.0312528830012866_37.4842291575750366|127.0304688834092417_37.4841240757012955
2026-09-04T06:42:24.849833+09:00,양재역,양재역,POI041,KEY_4,1210015502,남부순환로,1210024103,양재역사거리,127.0340762774561654_37.4844728789609647,1210023701,양재지하차도(서측),127.0322884803785684_37.4842583138286400,161.0,12.0,정체,127.0322884803785684_37.4842583138286400|127.0325690840085429_37.4842455987838719|127.0340762774561654_37.4844728789609647
2026-09-04T06:42:24.849833+09:00,양재역,양재역,POI041,KEY_4,1210015503,남부순환로,1210023409,서초동1376,127.0312753868282414_37.4841225344668700,1210023404,서초구청앞사거리,127.0299491468833679_37.4839447711009797,119.0,45.0,원활,127.0299491468833679_37.4839447711009797|127.0304913883419289_37.4840174526615328|127.0312753868282414_37.4841225344668700
2026-09-04T06:42:24.849833+09:00,양재역,양재역,POI041,KEY_4,1210015504,남부순환로,1210023701,양재지하차도(서측),127.0322884803785684_37.4842583138286400,1210023408,서초동1376,127.0314091882127201_37.4841404676964132,79.0,48.5,원활,127.0314091882127201_37.4841404676964132|127.0322884803785684_37.4842583138286400
2026-09-04T06:42:24.849833+09:00,양재역,양재역,POI041,KEY_4,1210016403,서운로,1210119900,서초동 1381,127.0293607853437265_37.4859224457787263,1210026803,지앤이타임즈,127.0293184725809965_37.4861074409803052,21.0,30.0,원활,127.0293184725809965_37.4861074409803052|127.0293607853437265_37.4859224457787263
2026-09-04T06:42:24.849833+09:00,양재역,양재역,POI041,KEY_4,1210016404,서운로,1210198100,서초동 1381,127.0296592234120681_37.4846176232074200,1210023413,서초동1381,127.0295289779158594_37.4851870836886008,64.0,33.0,원활,127.0295289779158594_37.4851870836886008|127.0296592234120681_37.4846176232074200
2026-09-04T06:42:24.849833+09:00,양재역,양재역,POI041,KEY_4,1210016502,서운로,1210265100,서초동 1381,127.0291560231373182_37.4868282893948290,1210026801,지앤이타임즈,127.0294340080851043_37.4861874036643883,75.0,17.0,서행,127.0294340080851043_37.4861874036643883|127.0293261566869347_37.4864753109788253|127.0291560231373182_37.4868282893948290
2026-09-04T06:42:24.849833+09:00,양재역,양재역,POI041,KEY_4,1210016503,서운로,1210221500,서초동 1381,127.0298684823102491_37.4843056849218144,1210023403,서초구청앞사거리,127.0299266411793866_37.4840513940925320,29.0,25.0,원활,127.0299266411793866_37.4840513940925320|127.0298684823102491_37.4843056849218144
2026-09-04T06:42:24.849833+09:00,양재역,양재역,POI041,KEY_4,1210042500,남부순환로348길,1210395800,양재동 25,127.0354836118658142_37.4818234896589502,1210021402,속성변화점,127.0343612916231280_37.4828579968059117,172.0,5.0,정체,127.0343612916231280_37.4828579968059117|127.0345013035312434_37.4826248626667038|127.0345585919445313_37.4824806953361431|127.0346113146708973_37.4823659769818605|127.0346862677207156_37.4822783030647670|127.0349480920600911_37.4820550973857749|127.0352640588052822_37.4817372005637850|127.0353844389002091_37.4817577201900178|127.0354836118658142_37.4818234896589502
2026-09-04T06:42:24.849833+09:00,양재역,양재역,POI041,KEY_4,1210042600,남부순환로348길,1210021401,속성변화점,127.0345286599769850_37.4828297660686118,1210021104,서초구민회관,127.0361598826672207_37.4824126347006299,227.0,37.0,원활,127.0361598826672207_37.4824126347006299|127.0353968258938409_37.4819065974304024|127.0353233590157629_37.4818578756904373|127.0353180887605475_37.4818569771580883|127.0350509984066747_37.4821256996869039|127.0347925138185872_37.4823460574200951|127.0347329234404299_37.4824157616745595|127.0346870275424749_37.4825156249487463|127.0346277833618842_37.4826647151245993|127.0345286599769850_37.4828297660686118
2026-09-04T06:42:24.849833+09:00,양재역,양재역,POI041,KEY_4,1210043300,강남대로,1210022103,양재역(신분당선),127.0352394844712620_37.4832864839525328,1210021401,속성변화점,127.0345286599769850_37.4828297660686118,81.0,12.0,정체,127.0345286599769850_37.4828297660686118|127.0349836505278773_37.4831396959587693|127.0352394844712620_37.4832864839525328
2026-09-04T06:42:24.849833+09:00,양재역,양재역,POI041,KEY_4,1210043400,강남대로,1210021402,속성변화점,127.0343612916231280_37.4828579968059117,1210022104,양재역(신분당선),127.0351524056463148_37.4833697515923561,90.0,14.0,정체,127.0351524056463148_37.4833697515923561|127.0348997885669320_37.4832248093140876|127.0343612916231280_37.4828579968059117
2026-09-04T06:42:24.849833+09:00,양재역,양재역,POI041,KEY_4,1210045900,남부순환로,1210024706,양재지하차도(동측),127.0360586687670121_37.4847936982097849,1210023701,양재지하차도(서측),127.0322884803785684_37.4842583138286400,339.0,50.3,원활,127.0322884803785684_37.4842583138286400|127.0340728272282860_37.4845273783584219|127.0360586687670121_37.4847936982097849
2026-09-04T06:42:24.849833+09:00,양재역,양재역,POI041,KEY_4,1210046000,남부순환로,1210023702,양재지하차도(서측),127.0322646148869694_37.4843647429376858,1210024707,양재지하차도(동측),127.0360357594740179_37.4849002658108148,339.0,46.7,원활,127.0360357594740179_37.4849002658108148|127.0340489540976421_37.4846338186649177|127.0322646148869694_37.4843647429376858
2026-09-04T06:42:24.849833+09:00,양재역,양재역,POI041,KEY_4,1210048900,효령로72길,1210421700,서초동 1344-36,127.0275412444502194_37.4867808964481242,1210026804,지앤이타임즈,127.0292735633250203_37.4862377140809855,165.0,15.0,서행,127.0292735633250203_37.4862377140809855|127.0286110089064096_37.4864454672244634|127.0279410533482150_37.4866555361435800|127.0275412444502194_37.4867808964481242
2026-09-04T06:42:24.849833+09:00,양재역,양재역,POI041,KEY_4,1220010202,남부순환로,1210024101,양재역사거리,127.0340689766054396_37.4846913246563176,1210024707,양재지하차도(동측),127.0360357594740179_37.4849002658108148,176.0,5.0,정체,127.0360357594740179_37.4849002658108148|127.0357572961840731_37.4849177451772491|127.0340689766054396_37.4846913246563176
2026-09-04T06:42:24.849833+09:00,양재역,양재역,POI041,KEY_4,1220010205,남부순환로,1220289700,도곡동 959-64,127.0373549942873836_37.4850835385253944,1210025105,양재빌딩,127.0381419430490553_37.4851928571018931,71.0,51.5,원활,127.0381419430490553_37.4851928571018931|127.0378924560210123_37.4851582003438324|127.0373549942873836_37.4850835385253944
2026-09-04T06:42:24.849833+09:00,양재역,양재역,POI041,KEY_4,1220010206,남부순환로,1210024707,양재지하차도(동측),127.0360357594740179_37.4849002658108148,1210024705,강남피타워,127.0362666923472403_37.4849323486232535,21.0,49.0,원활,127.0362666923472403_37.4849323486232535|127.0360357594740179_37.4849002658108148
2026-09-04T06:42:24.849833+09:00,양재역,양재역,POI041,KEY_4,1220010302,남부순환로,1210024706,양재지하차도(동측),127.0360586687670121_37.4847936982097849,1210024102,양재역사거리,127.0342261265630555_37.4844931178199090,166.0,33.5,원활,127.0342261265630555_37.4844931178199090|127.0358023295931247_37.4847045015941021|127.0360586687670121_37.4847936982097849
2026-09-04T06:42:24.849833+09:00,양재역,양재역,POI041,KEY_4,1220010305,남부순환로,1210024703,속성변화점,127.0364286830664469_37.4848451024516365,1210024706,양재지하차도(동측),127.0360586687670121_37.4847936982097849,33.0,21.0,서행,127.0360586687670121_37.4847936982097849|127.0362899952789348_37.4848258348871610|127.0364286830664469_37.4848451024516365
2026-09-04T06:42:24.849833+09:00,양재역,양재역,POI041,KEY_4,1220010306,남부순환로,1220442500,도곡동 958-3,127.0368025764135211_37.4848970453510688,1210024703,속성변화점,127.0364286830664469_37.4848451024516365,34.0,21.0,서행,127.0364286830664469_37.4848451024516365|127.0368025764135211_37.4848970453510688
2026-09-04T06:42:24.849833+09:00,양재역,양재역,POI041,KEY_4,1220011902,강남대로,1220379300,도곡동 958-2,127.0336693863127380_37.4854787293575669,1210024101,양재역사거리,127.0340689766054396_37.4846913246563176,94.0,24.5,서행,127.0340689766054396_37.4846913246563176|127.0339650333567505_37.4848623610794220|127.0336693863127380_37.4854787293575669
2026-09-04T06:42:24.849833+09:00,역삼역,역삼역,POI042,KEY_1,1220022901,논현로,1220421300,역삼동 803-3,127.0380228090820651_37.4983127742013025,1220031703,역삼동 803-3,127.0375577638543518_37.4992997915635939,117.0,22.0,서행,127.0375577638543518_37.4992997915635939|127.0380228090820651_37.4983127742013025
2026-09-04T06:42:24.849833+09:00,역삼역,역삼역,POI042,KEY_1,1220022902,논현로,1220031704,역삼동 803-3,127.0375106660669928_37.4994012382100053,1220032703,역삼역앞교차로,127.0368909881553634_37.5007549406311398,160.0,40.0,원활,127.0368909881553634_37.5007549406311398|127.0375106660669928_37.4994012382100053
2026-09-04T06:42:24.849833+09:00,역삼역,역삼역,POI042,KEY_1,1220023002,논현로,1220032702,역삼역앞교차로,127.0370178297836929_37.5007934116919515,1220031701,역삼동 803-3,127.0376332097685577_37.4994490942840741,159.0,38.5,원활,127.0376332097685577_37.4994490942840741|127.0370178297836929_37.5007934116919515
2026-09-04T06:42:24.849833+09:00,역삼역,역삼역,POI042,KEY_1,1220024002,테헤란로,1220032001,한국타이어빌딩,127.0339816634749042_37.4999827779347470,1220032504,강남파이낸스센터,127.0355809598226955_37.5004709050617890,151.0,40.0,원활,127.0355809598226955_37.5004709050617890|127.0339816634749042_37.4999827779347470
2026-09-04T06:42:24.849833+09:00,역삼역,역삼역,POI042,KEY_1,1220024003,테헤란로,1220032501,강남파이낸스센터,127.0357139041821881_37.5005114802401565,1220032704,역삼역앞교차로,127.0368445237788109_37.5008565423281937,107.0,33.0,원활,127.0368445237788109_37.5008565423281937|127.0357139041821881_37.5005114802401565
2026-09-04T06:42:24.849833+09:00,역삼역,역삼역,POI042,KEY_1,1220024102,테헤란로,1220032503,강남파이낸스센터,127.0356493611653690_37.5003759986710961,1220032002,한국타이어빌딩,127.0340278079028593_37.4998810786723951,154.0,46.0,원활,127.0340278079028593_37.4998810786723951|127.0356493611653690_37.5003759986710961
2026-09-04T06:42:24.849833+09:00,역삼역,역삼역,POI042,KEY_1,1220024103,테헤란로,1220032703,역삼역앞교차로,127.0368909881553634_37.5007549406311398,1220032502,강남파이낸스센터,127.0357762567149393_37.5004147276981854,106.0,9.0,정체,127.0357762567149393_37.5004147276981854|127.0368909881553634_37.5007549406311398
2026-09-04T06:42:24.849833+09:00,역삼역,역삼역,POI042,KEY_1,1220025201,테헤란로,1220032701,역삼역앞교차로,127.0369713701904999_37.5008950080904739,1220033204,역삼동 804,127.0383036450100747_37.5012965051190150,126.0,9.0,정체,127.0383036450100747_37.5012965051190150|127.0369713701904999_37.5008950080904739
2026-09-04T06:42:24.849833+09:00,역삼역,역삼역,POI042,KEY_1,1220025202,테헤란로,1220033201,역삼동 804,127.0384303599731339_37.5013352470725749,1220033604,조선팰리스서울강남,127.0410901902141632_37.5021604542974885,252.0,17.0,서행,127.0410901902141632_37.5021604542974885|127.0384303599731339_37.5013352470725749
2026-09-04T06:42:24.849833+09:00,역삼역,역삼역,POI042,KEY_1,1220025203,테헤란로,1220033601,조선팰리스서울강남,127.0412168948508196_37.5021992128127692,1220034109,르네상스호텔사거리,127.0427049356462277_37.5026477779311733,141.0,17.0,서행,127.0427049356462277_37.5026477779311733|127.0412168948508196_37.5021992128127692
2026-09-04T06:42:24.849833+09:00,역삼역,역삼역,POI042,KEY_1,1220025301,테헤란로,1220033203,역삼동 804,127.0383619562775550_37.5011984810594541,1220032702,역삼역앞교차로,127.0370178297836929_37.5007934116919515,127.0,37.0,원활,127.0370178297836929_37.5007934116919515|127.0383619562775550_37.5011984810594541
2026-09-04T06:42:24.849833+09:00,역삼역,역삼역,POI042,KEY_1,1220025302,테헤란로,1220033603,조선팰리스서울강남,127.0411472370855819_37.5020621235551701,1220033202,역삼동 804,127.0384900125446848_37.5012377243034365,252.0,50.0,원활,127.0384900125446848_37.5012377243034365|127.0411472370855819_37.5020621235551701
2026-09-04T06:42:24.849833+09:00,역삼역,역삼역,POI042,KEY_1,1220025303,테헤란로,1220034108,르네상스호텔사거리,127.0427524460124999_37.5025464977713199,1220033602,조선팰리스서울강남,127.0412749899103062_37.5021011235286110,140.0,31.0,원활,127.0412749899103062_37.5021011235286110|127.0427524460124999_37.5025464977713199
2026-09-04T06:42:24.849833+09:00,역삼역,역삼역,POI042,KEY_1,1220026201,논현로,1220414300,역삼동 800-3,127.0365795823227160_37.5014364664377027,1220033703,역삼동 800-3,127.0362865170511100_37.5020779389071848,76.0,17.0,서행,127.0362865170511100_37.5020779389071848|127.0365795823227160_37.5014364664377027
2026-09-04T06:42:24.849833+09:00,역삼역,역삼역,POI042,KEY_1,1220026301,논현로,1220033702,역삼동 800-3,127.0364185314605834_37.5021050987604525,1220032701,역삼역앞교차로,127.0369713701904999_37.5008950080904739,143.0,45.0,원활,127.0369713701904999_37.5008950080904739|127.0367071085393178_37.5014734470237059|127.0364185314605834_37.5021050987604525
2026-09-04T06:42:24.849833+09:00,역삼역,역삼역,POI042,KEY_1,1220026302,논현로,1220035107,선&석갤러리미술관,127.0357793801420456_37.5034432024512014,1220033701,역삼동 800-3,127.0363710774077219_37.5022064868924119,147.0,47.0,원활,127.0363710774077219_37.5022064868924119|127.0359496264084811_37.5030873726170029|127.0357793801420456_37.5034432024512014
2026-09-04T06:42:24.849833+09:00,역삼역,역삼역,POI042,KEY_1,1220062900,논현로85길,1220318800,역삼동 803-8,127.0366610795921929_37.4990582363199891,1220031903,강남파이낸스센터,127.0359151742246411_37.4997297381888330,108.0,22.0,서행,127.0359151742246411_37.4997297381888330|127.0361109699647528_37.4992910933509691|127.0366162770087186_37.4990461668587614|127.0366610795921929_37.4990582363199891
2026-09-04T06:42:24.849833+09:00,역삼역,역삼역,POI042,KEY_1,1220063000,논현로85길,1220031902,강남파이낸스센터,127.0360430367235125_37.4997659664220748,1220031704,역삼동 803-3,127.0375106660669928_37.4994012382100053,172.0,17.0,서행,127.0375106660669928_37.4994012382100053|127.0366327519434861_37.4991647395749723|127.0362226810127737_37.4993635036514164|127.0360430367235125_37.4997659664220748
2026-09-04T06:42:24.849833+09:00,역삼역,역삼역,POI042,KEY_1,1220063100,논현로87길,1220377400,역삼동 736-60,127.0350245042144763_37.4994681153879341,1220032003,한국타이어빌딩,127.0339011803060885_37.4998421534899293,150.0,20.0,서행,127.0339011803060885_37.4998421534899293|127.0341720860163406_37.4992537810037732|127.0342451967198230_37.4992391968694818|127.0350245042144763_37.4994681153879341
2026-09-04T06:42:24.849833+09:00,역삼역,역삼역,POI042,KEY_1,1220063200,논현로87길,1220032002,한국타이어빌딩,127.0340278079028593_37.4998810786723951,1220031904,강남파이낸스센터,127.0358713909474631_37.4998321123386660,213.0,8.0,정체,127.0358713909474631_37.4998321123386660|127.0349775599276398_37.4995695607544732|127.0342673023357776_37.4993609254057532|127.0340278079028593_37.4998810786723951
2026-09-04T06:42:24.849833+09:00,역삼역,역삼역,POI042,KEY_1,1220063800,논현로86길,1220355200,역삼동 804-14,127.0385858837944539_37.4996365979730086,1220031702,역삼동 803-3,127.0376812090304384_37.4993454389484810,87.0,26.0,원활,127.0376812090304384_37.4993454389484810|127.0378037738192631_37.4994067530186683|127.0385858837944539_37.4996365979730086
2026-09-04T06:42:24.849833+09:00,역삼역,역삼역,POI042,KEY_1,1220063900,테헤란로26길,1220031904,강남파이낸스센터,127.0358713909474631_37.4998321123386660,1220032503,강남파이낸스센터,127.0356493611653690_37.5003759986710961,63.0,23.0,서행,127.0356493611653690_37.5003759986710961|127.0358713909474631_37.4998321123386660
2026-09-04T06:42:24.849833+09:00,역삼역,역삼역,POI042,KEY_1,1220064000,테헤란로26길,1220032502,강남파이낸스센터,127.0357762567149393_37.5004147276981854,1220031901,강남파이낸스센터,127.0360004440093178_37.4998655532656855,64.0,20.0,서행,127.0360004440093178_37.4998655532656855|127.0357762567149393_37.5004147276981854
2026-09-04T06:42:24.849833+09:00,역삼역,역삼역,POI042,KEY_1,1220064200,테헤란로19길,1220032602,현대해상강남사옥,127.0337088654406443_37.5005926415755724,1220032001,한국타이어빌딩,127.0339816634749042_37.4999827779347470,72.0,12.0,정체,127.0339816634749042_37.4999827779347470|127.0337088654406443_37.5005926415755724
2026-09-04T06:42:24.849833+09:00,역삼역,역삼역,POI042,KEY_1,1220064700,테헤란로25길,1220299000,역삼동 800-55,127.0354261517218362_37.5009351779329592,1220032501,강남파이낸스센터,127.0357139041821881_37.5005114802401565,54.0,22.0,서행,127.0357139041821881_37.5005114802401565|127.0355669976001991_37.5006583522082835|127.0354261517218362_37.5009351779329592
2026-09-04T06:42:24.849833+09:00,역삼역,역삼역,POI042,KEY_1,1220064800,강남대로94길,1220032903,AC호텔서울강남,127.0352188371493725_37.5010548317045789,1220032602,현대해상강남사옥,127.0337088654406443_37.5005926415755724,143.0,7.0,정체,127.0337088654406443_37.5005926415755724|127.0345432586491228_37.5008480456843643|127.0348576265480318_37.5009442703391116|127.0352188371493725_37.5010548317045789
2026-09-04T06:42:24.849833+09:00,역삼역,역삼역,POI042,KEY_1,1220065000,언주로85길,1220425600,역삼동 804-2,127.0413775483893204_37.5016708899374862,1220033603,조선팰리스서울강남,127.0411472370855819_37.5020621235551701,48.0,15.0,서행,127.0411472370855819_37.5020621235551701|127.0412903042234376_37.5018498555624049|127.0413775483893204_37.5016708899374862
2026-09-04T06:42:24.849833+09:00,역삼역,역삼역,POI042,KEY_1,1220065100,언주로85길,1220398400,역삼동 804-5,127.0416682032000608_37.5013733047190456,1220033404,역삼동 804-10,127.0432869693216986_37.5014089252733029,169.0,27.5,원활,127.0432869693216986_37.5014089252733029|127.0427807466158896_37.5012612056344494|127.0423901287035022_37.5011472184706918|127.0423861586326097_37.5011468064563331|127.0418446575615121_37.5010906081298501|127.0417976313598416_37.5011078006535357|127.0416682032000608_37.5013733047190456
2026-09-04T06:42:24.849833+09:00,역삼역,역삼역,POI042,KEY_1,1220066000,테헤란로25길,1220411000,역삼동 800-46,127.0357497043298878_37.5019516544713767,1220032901,AC호텔서울강남,127.0353011884444641_37.5011899349873303,103.0,12.5,정체,127.0353011884444641_37.5011899349873303|127.0352524015514604_37.5013089790965211|127.0354105872832235_37.5016420889215567|127.0355251871199442_37.5018834129373317|127.0357497043298878_37.5019516544713767
2026-09-04T06:42:24.849833+09:00,역삼역,역삼역,POI042,KEY_1,1220066100,테헤란로27길,1220033204,역삼동 804,127.0383036450100747_37.5012965051190150,1220034202,주원빌딩,127.0376735538589088_37.5025242529355367,147.0,10.0,정체,127.0376735538589088_37.5025242529355367|127.0377125497796129_37.5024717782014534|127.0378031339130587_37.5022916726038176|127.0379628362755966_37.5019741391064088|127.0381171969712426_37.5016672235797017|127.0383036450100747_37.5012965051190150
2026-09-04T06:42:24.849833+09:00,역삼역,역삼역,POI042,KEY_1,1220066200,테헤란로27길,1220355800,역삼동 801-43,127.0382431714843676_37.5017074385952114,1220033201,역삼동 804,127.0384303599731339_37.5013352470725749,45.0,19.0,서행,127.0384303599731339_37.5013352470725749|127.0382431714843676_37.5017074385952114
2026-09-04T06:42:24.849833+09:00,역삼역,역삼역,POI042,KEY_1,1220066500,논현로94길,1220446500,역삼동 679-1,127.0370346102444188_37.5023108598895689,1220033702,역삼동 800-3,127.0364185314605834_37.5021050987604525,59.0,21.0,서행,127.0364185314605834_37.5021050987604525|127.0370346102444188_37.5023108598895689
2026-09-04T06:42:24.849833+09:00,역삼역,역삼역,POI042,KEY_1,1220066600,논현로94길,1220293800,역삼동 801-43,127.0371427012136962_37.5024641970630412,1220034203,주원빌딩,127.0376210865578486_37.5026239667892369,46.0,11.0,정체,127.0376210865578486_37.5026239667892369|127.0371427012136962_37.5024641970630412
2026-09-04T06:42:24.849833+09:00,역삼역,역삼역,POI042,KEY_1,1220068100,테헤란로37길,1220264200,역삼동 801-35,127.0407611017780738_37.5031096751308723,1220033601,조선팰리스서울강남,127.0412168948508196_37.5021992128127692,109.0,15.5,서행,127.0412168948508196_37.5021992128127692|127.0409307988315248_37.5027697610468564|127.0407642310578069_37.5031019352162929|127.0407611017780738_37.5031096751308723
2026-09-04T06:42:24.849833+09:00,역삼역,역삼역,POI042,KEY_1,1220068200,테헤란로37길,1220264100,역삼동 677-32,127.0406319239594382_37.5030765261350822,1220035202,역삼동 801-35,127.0404774749732866_37.5034585349666685,45.0,19.5,서행,127.0404774749732866_37.5034585349666685|127.0406319239594382_37.5030765261350822
2026-09-04T06:42:24.849833+09:00,역삼역,역삼역,POI042,KEY_1,1220068300,언주로93길,1220321900,역삼동 801-33,127.0391274307591516_37.5030308203285614,1220034201,주원빌딩,127.0377844825094655_37.5025872091827566,129.0,9.0,정체,127.0377844825094655_37.5025872091827566|127.0378060516913052_37.5026080587615880|127.0384306021221903_37.5028078796534032|127.0387682486888679_37.5029159056779875|127.0391274307591516_37.5030308203285614
2026-09-04T06:42:24.849833+09:00,역삼역,역삼역,POI042,KEY_1,1220069700,언주로93길,1220274400,역삼동 801-35,127.0412737965731509_37.5038968162216406,1220035201,역삼동 676,127.0405990896133375_37.5035103913320995,74.0,17.0,서행,127.0405990896133375_37.5035103913320995|127.0406893594651905_37.5035754025077637|127.0408653580880838_37.5036752510038980|127.0412405043126967_37.5038880792316647|127.0412737965731509_37.5038968162216406
2026-09-04T06:42:24.849833+09:00,역삼역,역삼역,POI042,KEY_1,1220109300,논현로86길,1220031701,역삼동 803-3,127.0376332097685577_37.4994490942840741,1220033203,역삼동 804,127.0383619562775550_37.5011984810594541,269.0,27.0,원활,127.0383619562775550_37.5011984810594541|127.0384939225746734_37.5010126436947360|127.0385785669749765_37.5008379293449394|127.0387523426002332_37.5004792366435709|127.0389134461888858_37.5001466971603179|127.0385215492466671_37.4997329331422051|127.0377435658552514_37.4995043007809841|127.0376332097685577_37.4994490942840741
2026-09-04T06:42:24.849833+09:00,역삼역,역삼역,POI042,KEY_1,1220109400,테헤란로25길,1220032504,강남파이낸스센터,127.0355809598226955_37.5004709050617890,1220032903,AC호텔서울강남,127.0352188371493725_37.5010548317045789,73.0,13.0,정체,127.0352188371493725_37.5010548317045789|127.0353003824151870_37.5008945602992867|127.0354486142979624_37.5006032191951775|127.0355809598226955_37.5004709050617890
2026-09-04T06:42:24.849833+09:00,역삼역,역삼역,POI042,KEY_1,1220109500,테헤란로25길,1220441900,역삼동 800-46,127.0352836579838822_37.5016803480284437,1220033704,역삼동 800-3,127.0362369327934431_37.5021833042211554,111.0,20.0,서행,127.0362369327934431_37.5021833042211554|127.0361038904469950_37.5021750291069296|127.0357013303636364_37.5020526726668919|127.0354198369294210_37.5019671128703962|127.0352836579838822_37.5016803480284437
2026-09-04T06:42:24.849833+09:00,연신내역,연신내역,POI043,KEY_2,1110001503,연서로,1110105600,갈현동 530-2,126.9191210811147101_37.6170033593878657,1110019203,하나은행연신내지점,126.9193918028253876_37.6174113195444662,51.0,19.0,서행,126.9193918028253876_37.6174113195444662|126.9191210811147101_37.6170033593878657
2026-09-04T06:42:24.849833+09:00,연신내역,연신내역,POI043,KEY_2,1110001504,연서로,1110187200,갈현동 389-6,126.9196400799543625_37.6177839798001798,1110019400,연신내역,126.9200614701943834_37.6184160813275312,79.0,27.0,원활,126.9200614701943834_37.6184160813275312|126.9196400799543625_37.6177839798001798
2026-09-04T06:42:24.849833+09:00,연신내역,연신내역,POI043,KEY_2,1110001505,연서로,1110204300,갈현동 439-7,126.9206257333500787_37.6187209331177215,1110000904,연신내역앞교차로,126.9212784764965676_37.6189101493237814,61.0,24.0,서행,126.9212784764965676_37.6189101493237814|126.9206355668252399_37.6187241813834703|126.9206257333500787_37.6187209331177215
2026-09-04T06:42:24.849833+09:00,연신내역,연신내역,POI043,KEY_2,1110001604,연서로,1110211200,대조동 228-1,126.9202548518927500_37.6184314740807295,1110019201,하나은행연신내지점,126.9195769445319968_37.6174587466015211,124.0,14.0,정체,126.9195769445319968_37.6174587466015211|126.9197593257919294_37.6177338047535628|126.9201657311834452_37.6183467163848206|126.9202548518927500_37.6184314740807295
2026-09-04T06:42:24.849833+09:00,연신내역,연신내역,POI043,KEY_2,1110001701,통일로,1110000904,연신내역앞교차로,126.9212784764965676_37.6189101493237814,1110019800,연신내역,126.9207299541102003_37.6195647960508452,87.0,14.0,정체,126.9207299541102003_37.6195647960508452|126.9212784764965676_37.6189101493237814
2026-09-04T06:42:24.849833+09:00,연신내역,연신내역,POI043,KEY_2,1110001802,통일로,1110276900,불광동 484-82,126.9206343140460120_37.6198754773551016,1110000901,연신내역앞교차로,126.9214112017024263_37.6189466943516067,124.0,32.0,원활,126.9214112017024263_37.6189466943516067|126.9208432802010549_37.6196244949793908|126.9206343140460120_37.6198754773551016
2026-09-04T06:42:24.849833+09:00,연신내역,연신내역,POI043,KEY_2,1110013702,통일로,1110203100,불광동 308-3,126.9219105125210376_37.6181746742698593,1110000903,연신내역앞교차로,126.9213567205654414_37.6188177358830984,87.0,13.0,정체,126.9213567205654414_37.6188177358830984|126.9219105125210376_37.6181746742698593
2026-09-04T06:42:24.849833+09:00,연신내역,연신내역,POI043,KEY_2,1110014001,연서로,1110219300,불광동 309-4,126.9226386392597732_37.6193753898948984,1110000902,연신내역앞교차로,126.9214908022308350_37.6188533548093673,121.0,28.5,원활,126.9214908022308350_37.6188533548093673|126.9221600641645722_37.6190222750227292|126.9223610041808143_37.6191151559738088|126.9224330610361591_37.6191709731888508|126.9225061446400247_37.6192275856208340|126.9226386392597732_37.6193753898948984
2026-09-04T06:42:24.849833+09:00,연신내역,연신내역,POI043,KEY_2,1110035000,연서로26길,1110257200,대조동 185-12,126.9200627926501568_37.6171301646562029,1110019202,하나은행연신내지점,126.9195135135817480_37.6173631224620664,55.0,22.0,서행,126.9195135135817480_37.6173631224620664|126.9200627926501568_37.6171301646562029
2026-09-04T06:42:24.849833+09:00,연신내역,연신내역,POI043,KEY_2,1110035500,연서로27길,1110149700,갈현동 420-10,126.9187221737785336_37.6178103221391424,1110019204,하나은행연신내지점,126.9194554443667755_37.6175070154733575,73.0,12.0,정체,126.9194554443667755_37.6175070154733575|126.9193235955441992_37.6175557871926429|126.9187221737785336_37.6178103221391424
2026-09-04T06:42:24.849833+09:00,연신내역,연신내역,POI043,KEY_2,1110036500,통일로,1110128500,갈현동 420-35,126.9197022186026942_37.6197297502046695,1110019501,연신내역(GTX-A),126.9203079864686146_37.6188802936263968,108.0,8.0,정체,126.9203079864686146_37.6188802936263968|126.9202451318865030_37.6189485091594449|126.9198832339485818_37.6194639413064422|126.9197379057777937_37.6196709222245929|126.9197022186026942_37.6197297502046695
2026-09-04T06:42:24.849833+09:00,오목교역·목동운동장,오목교역·목동운동장,POI044,KEY_3,1140018602,오목로,1140307200,목동 406-189,126.8750597810405623_37.5246312199444461,1140005904,오목교역앞교차로,126.8760643398085648_37.5245019045336150,90.0,39.0,원활,126.8760643398085648_37.5245019045336150|126.8750597810405623_37.5246312199444461
2026-09-04T06:42:24.849833+09:00,오목교역·목동운동장,오목교역·목동운동장,POI044,KEY_3,1140012500,안양천로,1140310800,최소노드배치점,126.8775163465214035_37.5198303050041133,1140004904,신정동 137-2,126.8782632688182161_37.5221322207168839,268.0,54.0,원활,126.8782632688182161_37.5221322207168839|126.8782981016445603_37.5218734009839139|126.8782983970848619_37.5216915105551223|126.8782899061957039_37.5215347769621914|126.8782687357557535_37.5214259401943480|126.8782126253799163_37.5212531304698587|126.8776046350151319_37.5200558238897699|126.8775163465214035_37.5198303050041133
2026-09-04T06:42:24.849833+09:00,오목교역·목동운동장,오목교역·목동운동장,POI044,KEY_3,1140012602,안양천로,1140004903,신정동 137-2,126.8783982430570489_37.5221437443696928,1140019200,신정동쌍용아파트,126.8774277767779068_37.5184368802104729,426.0,41.3,원활,126.8774277767779068_37.5184368802104729|126.8774952028564798_37.5191418307164994|126.8775390353828385_37.5194455320804607|126.8776179855951369_37.5197267258202132|126.8776459355257060_37.5197981187704457|126.8777325662202884_37.5200194000170413|126.8783418122356039_37.5212191777890709|126.8784018478279023_37.5214040739357841|126.8784252027244150_37.5215241376156143|126.8784341474975008_37.5216892491856768|126.8784338392301549_37.5218792486221702|126.8783982430570489_37.5221437443696928
2026-09-04T06:42:24.849833+09:00,오목교역·목동운동장,오목교역·목동운동장,POI044,KEY_3,1140014300,신목로,1140120200,신정동 867,126.8739873187226550_37.5218579763837994,1140022703,목동대림아파트,126.8745697226059406_37.5226063103844822,98.0,22.5,서행,126.8745697226059406_37.5226063103844822|126.8744307221974879_37.5224274581294210|126.8740376315152645_37.5219216616090065|126.8739873187226550_37.5218579763837994
2026-09-04T06:42:24.849833+09:00,오목교역·목동운동장,오목교역·목동운동장,POI044,KEY_3,1140015200,목동동로,1140005402,목동초등학교,126.8711441712250974_37.5230982757077953,1140004500,목동중교앞교차로,126.8706828920324767_37.5210163482448067,235.0,47.3,원활,126.8706828920324767_37.5210163482448067|126.8711441712250974_37.5230982757077953
2026-09-04T06:42:24.849833+09:00,오목교역·목동운동장,오목교역·목동운동장,POI044,KEY_3,1140015301,신목로16길,1140249500,신정동 118-1,126.8752005636399076_37.5225073241394256,1140022702,목동대림아파트,126.8747137790712998_37.5225862434658168,44.0,15.0,서행,126.8747137790712998_37.5225862434658168|126.8749527901100720_37.5225391961652974|126.8752005636399076_37.5225073241394256
2026-09-04T06:42:24.849833+09:00,오목교역·목동운동장,오목교역·목동운동장,POI044,KEY_3,1140015302,신목로16길,1140249400,신정동 1279-3,126.8777989258199455_37.5221812276191784,1140004907,신정동869-2,126.8772375700857680_37.5222426464536625,50.0,17.0,서행,126.8772375700857680_37.5222426464536625|126.8773244365227271_37.5222313034119352|126.8777989258199455_37.5221812276191784
2026-09-04T06:42:24.849833+09:00,오목교역·목동운동장,오목교역·목동운동장,POI044,KEY_3,1140015401,신목로16길,1140249300,목동 931-1,126.8778167573564701_37.5222884107940757,1140004905,신정동 137-2,126.8782466548456256_37.5222430390452502,38.0,22.0,서행,126.8782466548456256_37.5222430390452502|126.8778167573564701_37.5222884107940757
2026-09-04T06:42:24.849833+09:00,오목교역·목동운동장,오목교역·목동운동장,POI044,KEY_3,1140015402,신목로16길,1140158900,목동 404-77,126.8759834422349684_37.5225159696095574,1140004909,신정동869-2,126.8771236229552954_37.5223670896548782,102.0,19.5,서행,126.8771236229552954_37.5223670896548782|126.8766435652983375_37.5224297749589510|126.8759834422349684_37.5225159696095574
2026-09-04T06:42:24.849833+09:00,오목교역·목동운동장,오목교역·목동운동장,POI044,KEY_3,1140015700,목동서로,1140004800,신정동 314-7,126.8687327841983716_37.5212909443460276,1140005502,신정동 314-7,126.8692623646753077_37.5234649054807363,246.0,21.0,서행,126.8692623646753077_37.5234649054807363|126.8691738622376448_37.5232295496424726|126.8687327841983716_37.5212909443460276
2026-09-04T06:42:24.849833+09:00,오목교역·목동운동장,오목교역·목동운동장,POI044,KEY_3,1140018601,오목로,1140024201,목동 406-411,126.8716125319034518_37.5251643021964796,1140023701,목동지하차도(북측),126.8741069190683675_37.5247538721865865,226.0,23.0,서행,126.8741069190683675_37.5247538721865865|126.8738527462003276_37.5248450262842681|126.8716125319034518_37.5251643021964796
2026-09-04T06:42:24.849833+09:00,오목교역·목동운동장,오목교역·목동운동장,POI044,KEY_3,1140016300,목동동로12길,1140147700,신정동 866,126.8729486753771027_37.5228267186683766,1140005402,목동초등학교,126.8711441712250974_37.5230982757077953,162.0,11.0,정체,126.8711441712250974_37.5230982757077953|126.8720108283598051_37.5229578902758263|126.8723453037555942_37.5229111099127408|126.8729486753771027_37.5228267186683766
2026-09-04T06:42:24.849833+09:00,오목교역·목동운동장,오목교역·목동운동장,POI044,KEY_3,1140016400,목동동로12길,1140139800,목동 405-496,126.8740954722556609_37.5227760865136304,1140022704,목동대림아파트,126.8746480515111728_37.5227066354428302,49.0,14.0,정체,126.8746480515111728_37.5227066354428302|126.8743513142501200_37.5227402993975758|126.8740954722556609_37.5227760865136304
2026-09-04T06:42:24.849833+09:00,오목교역·목동운동장,오목교역·목동운동장,POI044,KEY_3,1140016500,안양천로,1140004905,신정동 137-2,126.8782466548456256_37.5222430390452502,1140005804,오목교앞,126.8779508992600427_37.5241008203129311,208.0,47.0,원활,126.8779508992600427_37.5241008203129311|126.8782466548456256_37.5222430390452502
2026-09-04T06:42:24.849833+09:00,오목교역·목동운동장,오목교역·목동운동장,POI044,KEY_3,1140016600,안양천로,1140005803,오목교앞,126.8780911957869648_37.5240790938181874,1140004902,신정동 137-2,126.8783813240257246_37.5222566391420145,204.0,29.5,원활,126.8783813240257246_37.5222566391420145|126.8780911957869648_37.5240790938181874
2026-09-04T06:42:24.849833+09:00,오목교역·목동운동장,오목교역·목동운동장,POI044,KEY_3,1140017300,신목로,1140022704,목동대림아파트,126.8746480515111728_37.5227066354428302,1140005903,오목교역앞교차로,126.8759863183296375_37.5244024257695941,222.0,23.0,서행,126.8759863183296375_37.5244024257695941|126.8758374449947581_37.5242137848674417|126.8752987382339228_37.5235311673306313|126.8746480515111728_37.5227066354428302
2026-09-04T06:42:24.849833+09:00,오목교역·목동운동장,오목교역·목동운동장,POI044,KEY_3,1140017400,신목로,1140309400,목동 451,126.8754136698647699_37.5234736306829149,1140022701,목동대림아파트,126.8747895063311830_37.5226827108236449,104.0,22.0,서행,126.8747895063311830_37.5226827108236449|126.8754136698647699_37.5234736306829149
2026-09-04T06:42:24.849833+09:00,오목교역·목동운동장,오목교역·목동운동장,POI044,KEY_3,1140017500,오목로52길,1140005502,신정동 314-7,126.8692623646753077_37.5234649054807363,1140005602,진도아파트,126.8686193171741792_37.5239050293816163,76.0,6.0,정체,126.8686193171741792_37.5239050293816163|126.8691057851297330_37.5236438756357344|126.8691500961154901_37.5235986286673651|126.8692623646753077_37.5234649054807363
2026-09-04T06:42:24.849833+09:00,오목교역·목동운동장,오목교역·목동운동장,POI044,KEY_3,1140017600,오목로52길,1140005601,진도아파트,126.8687459414196042_37.5239674403543688,1140005501,신정동 314-7,126.8693054271715681_37.5236081240057757,64.0,23.0,서행,126.8693054271715681_37.5236081240057757|126.8692601852498569_37.5236620117285966|126.8691995517558411_37.5237239254150978|126.8687459414196042_37.5239674403543688
2026-09-04T06:42:24.849833+09:00,오목교역·목동운동장,오목교역·목동운동장,POI044,KEY_3,1140017800,목동동로,1140024202,목동 405-403,126.8715637411060015_37.5249515816088035,1140005401,목동초등학교,126.8711677708672312_37.5232047866843175,197.0,24.5,서행,126.8711677708672312_37.5232047866843175|126.8712225487244751_37.5234520114673984|126.8715637411060015_37.5249515816088035
2026-09-04T06:42:24.849833+09:00,오목교역·목동운동장,오목교역·목동운동장,POI044,KEY_3,1140017901,오목로,1140005808,오목교역교차로,126.8770947270476057_37.5242334046017945,1140005902,오목교역앞교차로,126.8761310369372666_37.5243826302763139,87.0,43.5,원활,126.8761310369372666_37.5243826302763139|126.8770947270476057_37.5242334046017945
2026-09-04T06:42:24.849833+09:00,오목교역·목동운동장,오목교역·목동운동장,POI044,KEY_3,1140017902,오목로,1140005804,오목교앞,126.8779508992600427_37.5241008203129311,1140005807,오목교역교차로,126.8772308694981206_37.5242123224589861,65.0,45.0,원활,126.8772308694981206_37.5242123224589861|126.8779508992600427_37.5241008203129311
2026-09-04T06:42:24.849833+09:00,오목교역·목동운동장,오목교역·목동운동장,POI044,KEY_3,1140018001,오목로,1140005809,속성변화점,126.8771206355412460_37.5243395372797224,1140005805,오목교앞,126.8779334977156736_37.5242136606699717,73.0,14.0,정체,126.8779334977156736_37.5242136606699717|126.8772567781790173_37.5243184551863749|126.8771206355412460_37.5243395372797224
2026-09-04T06:42:24.849833+09:00,오목교역·목동운동장,오목교역·목동운동장,POI044,KEY_3,1140018002,오목로,1140005901,오목교역앞교차로,126.8762075502601192_37.5244809269495647,1140005809,속성변화점,126.8771206355412460_37.5243395372797224,82.0,13.0,정체,126.8771206355412460_37.5243395372797224|126.8762075502601192_37.5244809269495647
2026-09-04T06:42:24.849833+09:00,오목교역·목동운동장,오목교역·목동운동장,POI044,KEY_3,1140018300,목동서로,1140005501,신정동 314-7,126.8693054271715681_37.5236081240057757,1140024402,이마트(목동점),126.8696881012263020_37.5252426482316679,185.0,22.0,서행,126.8696881012263020_37.5252426482316679|126.8693054271715681_37.5236081240057757
2026-09-04T06:42:24.849833+09:00,오목교역·목동운동장,오목교역·목동운동장,POI044,KEY_3,1140018501,오목로,1140023702,목동지하차도(북측),126.8740841329588278_37.5246472899287866,1140024202,목동 405-403,126.8715637411060015_37.5249515816088035,226.0,31.0,원활,126.8715637411060015_37.5249515816088035|126.8738049182802854_37.5246321684823272|126.8740841329588278_37.5246472899287866
2026-09-04T06:42:24.849833+09:00,오목교역·목동운동장,오목교역·목동운동장,POI044,KEY_3,1140018502,오목로,1140307300,목동 406-30,126.8750381222751429_37.5245244890044916,1140023702,목동지하차도(북측),126.8740841329588278_37.5246472899287866,85.0,7.7,정체,126.8740841329588278_37.5246472899287866|126.8750381222751429_37.5245244890044916
2026-09-04T06:42:24.849833+09:00,오목교역·목동운동장,오목교역·목동운동장,POI044,KEY_3,1140018900,안양천로,1140005805,오목교앞,126.8779334977156736_37.5242136606699717,1140024903,유수지삼거리,126.8778106790796869_37.5254482179826141,138.0,42.0,원활,126.8778106790796869_37.5254482179826141|126.8778076033235180_37.5253311284629376|126.8778033704581389_37.5251353102778893|126.8778219971371328_37.5249492573674033|126.8779334977156736_37.5242136606699717
2026-09-04T06:42:24.849833+09:00,오목교역·목동운동장,오목교역·목동운동장,POI044,KEY_3,1140019000,안양천로,1140024902,유수지삼거리,126.8779464032071473_37.5254459558066031,1140005802,오목교앞,126.8780735218519879_37.5241919764275096,140.0,22.0,서행,126.8780735218519879_37.5241919764275096|126.8779571009713720_37.5249600378836519|126.8779392163644246_37.5251386844469152|126.8779433317381944_37.5253290667624455|126.8779464032071473_37.5254459558066031
2026-09-04T06:42:24.849833+09:00,오목교역·목동운동장,오목교역·목동운동장,POI044,KEY_3,1140019100,오목로,1140024202,목동 405-403,126.8715637411060015_37.5249515816088035,1140024402,이마트(목동점),126.8696881012263020_37.5252426482316679,169.0,7.0,정체,126.8696881012263020_37.5252426482316679|126.8715637411060015_37.5249515816088035
2026-09-04T06:42:24.849833+09:00,오목교역·목동운동장,오목교역·목동운동장,POI044,KEY_3,1140019200,오목로,1140024401,이마트(목동점),126.8697371909397162_37.5254553384607306,1140024201,목동 406-411,126.8716125319034518_37.5251643021964796,169.0,25.0,원활,126.8716125319034518_37.5251643021964796|126.8697371909397162_37.5254553384607306
2026-09-04T06:42:24.849833+09:00,오목교역·목동운동장,오목교역·목동운동장,POI044,KEY_3,1140019500,신목로,1140025202,목동 916-1,126.8770619466196905_37.5255858031045690,1140005901,오목교역앞교차로,126.8762075502601192_37.5244809269495647,144.0,25.0,원활,126.8762075502601192_37.5244809269495647|126.8768165978919740_37.5252685305008669|126.8770619466196905_37.5255858031045690
2026-09-04T06:42:24.849833+09:00,오목교역·목동운동장,오목교역·목동운동장,POI044,KEY_3,1140019600,신목로,1140234700,목동 451,126.8767010085339706_37.5253252300247340,1140025203,목동 916-1,126.8769214036638147_37.5256102349532839,37.0,18.0,서행,126.8769214036638147_37.5256102349532839|126.8767010085339706_37.5253252300247340
2026-09-04T06:42:24.849833+09:00,오목교역·목동운동장,오목교역·목동운동장,POI044,KEY_3,1140019700,오목로,1140024402,이마트(목동점),126.8696881012263020_37.5252426482316679,1140041901,목동 927-7,126.8679905384463638_37.5255090319049103,153.0,30.0,원활,126.8679905384463638_37.5255090319049103|126.8696881012263020_37.5252426482316679
2026-09-04T06:42:24.849833+09:00,오목교역·목동운동장,오목교역·목동운동장,POI044,KEY_3,1140019800,오목로,1140025001,목동지하차도(남측),126.8671078971091220_37.5258140928448327,1140024401,이마트(목동점),126.8697371909397162_37.5254553384607306,236.0,33.0,원활,126.8697371909397162_37.5254553384607306|126.8680718606105700_37.5257167240043117|126.8673889689767265_37.5258247482301499|126.8671078971091220_37.5258140928448327
2026-09-04T06:42:24.849833+09:00,오목교역·목동운동장,오목교역·목동운동장,POI044,KEY_3,1140019901,목동동로,1140025203,목동 916-1,126.8769214036638147_37.5256102349532839,1140006402,현대백화점,126.8757939559254027_37.5258006203416130,102.0,13.0,정체,126.8757939559254027_37.5258006203416130|126.8769214036638147_37.5256102349532839
2026-09-04T06:42:24.849833+09:00,오목교역·목동운동장,오목교역·목동운동장,POI044,KEY_3,1140019902,목동동로,1140024903,유수지삼거리,126.8778106790796869_37.5254482179826141,1140025202,목동 916-1,126.8770619466196905_37.5255858031045690,68.0,10.0,정체,126.8770619466196905_37.5255858031045690|126.8778106790796869_37.5254482179826141
2026-09-04T06:42:24.849833+09:00,오목교역·목동운동장,오목교역·목동운동장,POI044,KEY_3,1140020002,목동동로,1140006401,현대백화점,126.8758221113743332_37.5259063887954838,1140025204,목동 916-1,126.8769495613334470_37.5257160032038541,102.0,8.0,정체,126.8769495613334470_37.5257160032038541|126.8758221113743332_37.5259063887954838
2026-09-04T06:42:24.849833+09:00,오목교역·목동운동장,오목교역·목동운동장,POI044,KEY_3,1140020003,목동동로,1140025201,목동 916-1,126.8770924657217307_37.5256911556177215,1140024904,유수지삼거리,126.8778308169557647_37.5255554783344678,67.0,10.0,정체,126.8778308169557647_37.5255554783344678|126.8770924657217307_37.5256911556177215
2026-09-04T06:42:24.849833+09:00,오목교역·목동운동장,오목교역·목동운동장,POI044,KEY_3,1140020200,목동동로,1140027200,방송회관앞교차로,126.8719171529918981_37.5264818390629102,1140024201,목동 406-411,126.8716125319034518_37.5251643021964796,149.0,27.0,원활,126.8716125319034518_37.5251643021964796|126.8719171529918981_37.5264818390629102
2026-09-04T06:42:24.849833+09:00,오목교역·목동운동장,오목교역·목동운동장,POI044,KEY_3,1140020502,목동동로,1140006402,현대백화점,126.8757939559254027_37.5258006203416130,1140006500,목동 916-1,126.8738928014029597_37.5261701039375168,173.0,28.0,원활,126.8738928014029597_37.5261701039375168|126.8757939559254027_37.5258006203416130
2026-09-04T06:42:24.849833+09:00,오목교역·목동운동장,오목교역·목동운동장,POI044,KEY_3,1140020900,목동서로,1140024401,이마트(목동점),126.8697371909397162_37.5254553384607306,1140006800,목동7단지교차로,126.8700370466621052_37.5267734422290928,149.0,24.0,서행,126.8700370466621052_37.5267734422290928|126.8697371909397162_37.5254553384607306
2026-09-04T06:42:24.849833+09:00,오목교역·목동운동장,오목교역·목동운동장,POI044,KEY_3,1140021300,목동동로,1140006500,목동 916-1,126.8738928014029597_37.5261701039375168,1140027200,방송회관앞교차로,126.8719171529918981_37.5264818390629102,178.0,17.8,서행,126.8719171529918981_37.5264818390629102|126.8738928014029597_37.5261701039375168
2026-09-04T06:42:24.849833+09:00,오목교역·목동운동장,오목교역·목동운동장,POI044,KEY_3,1140021600,목동서로,1140027200,방송회관앞교차로,126.8719171529918981_37.5264818390629102,1140006800,목동7단지교차로,126.8700370466621052_37.5267734422290928,169.0,9.0,정체,126.8700370466621052_37.5267734422290928|126.8719171529918981_37.5264818390629102
2026-09-04T06:42:24.849833+09:00,오목교역·목동운동장,오목교역·목동운동장,POI044,KEY_3,1140021700,목동서로,1140006500,목동 916-1,126.8738928014029597_37.5261701039375168,1140006900,목운초등학교,126.8741154633229371_37.5271522276647929,111.0,20.0,서행,126.8741154633229371_37.5271522276647929|126.8738928014029597_37.5261701039375168
2026-09-04T06:42:24.849833+09:00,오목교역·목동운동장,오목교역·목동운동장,POI044,KEY_3,1140022002,목동동로,1140007100,목동주차장교차로,126.8761975431109761_37.5275646112610417,1140006401,현대백화점,126.8758221113743332_37.5259063887954838,187.0,42.0,원활,126.8758221113743332_37.5259063887954838|126.8761975431109761_37.5275646112610417
2026-09-04T06:42:24.849833+09:00,오목교역·목동운동장,오목교역·목동운동장,POI044,KEY_3,1140022400,목동동로,1140007000,목운중학교,126.8721405737730663_37.5274481402760784,1140027200,방송회관앞교차로,126.8719171529918981_37.5264818390629102,109.0,14.0,정체,126.8719171529918981_37.5264818390629102|126.8721405737730663_37.5274481402760784
2026-09-04T06:42:24.849833+09:00,오목교역·목동운동장,오목교역·목동운동장,POI044,KEY_3,1140022700,안양천로,1140024904,유수지삼거리,126.8778308169557647_37.5255554783344678,1140029804,목동 914-3,126.8802517919727677_37.5287987014459361,421.0,52.0,원활,126.8802517919727677_37.5287987014459361|126.8801811820151499_37.5287329253868762|126.8800611888309646_37.5285781124886810|126.8796216304804858_37.5279546967675728|126.8793985338476347_37.5276446174976570|126.8790646266032951_37.5272250301873171|126.8784238801622450_37.5265380128296968|126.8781472901061704_37.5261975915847756|126.8779873955565591_37.5259420727405697|126.8778954134242127_37.5257508590129163|126.8778308169557647_37.5255554783344678
2026-09-04T06:42:24.849833+09:00,오목교역·목동운동장,오목교역·목동운동장,POI044,KEY_3,1140022800,안양천로,1140029803,목동 914-3,126.8803549801513242_37.5287284420117473,1140024901,유수지삼거리,126.8779620959467849_37.5255279467383502,415.0,39.5,원활,126.8779620959467849_37.5255279467383502|126.8780248173832916_37.5257176556673286|126.8781118197576490_37.5258985161525374|126.8782653980794493_37.5261439407063264|126.8785354739030140_37.5264763432727975|126.8791766036924997_37.5271637712813586|126.8795148196710159_37.5275887722878068|126.8797397136665239_37.5279013489451643|126.8801781868167637_37.5285232242217575|126.8802911905114854_37.5286690199059407|126.8803549801513242_37.5287284420117473
2026-09-04T06:42:24.849833+09:00,오목교역·목동운동장,오목교역·목동운동장,POI044,KEY_3,1140023000,목동서로,1140007000,목운중학교,126.8721405737730663_37.5274481402760784,1140006900,목운초등학교,126.8741154633229371_37.5271522276647929,178.0,21.0,서행,126.8741154633229371_37.5271522276647929|126.8721405737730663_37.5274481402760784
2026-09-04T06:42:24.849833+09:00,오목교역·목동운동장,오목교역·목동운동장,POI044,KEY_3,1140023100,목동서로,1140006900,목운초등학교,126.8741154633229371_37.5271522276647929,1140007200,목동 920-2,126.8742742959669556_37.5278527965658384,79.0,25.0,원활,126.8742742959669556_37.5278527965658384|126.8741154633229371_37.5271522276647929
2026-09-04T06:42:24.849833+09:00,오목교역·목동운동장,오목교역·목동운동장,POI044,KEY_3,1140023500,목동서로,1140006800,목동7단지교차로,126.8700370466621052_37.5267734422290928,1140007600,목동 925-5,126.8703817932222933_37.5284034261129520,183.0,30.0,원활,126.8703817932222933_37.5284034261129520|126.8700370466621052_37.5267734422290928
2026-09-04T06:42:24.849833+09:00,오목교역·목동운동장,오목교역·목동운동장,POI044,KEY_3,1140023800,목동동로,1140007200,목동 920-2,126.8742742959669556_37.5278527965658384,1140007100,목동주차장교차로,126.8761975431109761_37.5275646112610417,173.0,16.0,서행,126.8761975431109761_37.5275646112610417|126.8742742959669556_37.5278527965658384
2026-09-04T06:42:24.849833+09:00,오목교역·목동운동장,오목교역·목동운동장,POI044,KEY_3,1140024000,목동동로,1140007400,목동 924-2,126.8722963649476441_37.5281219280359437,1140007000,목운중학교,126.8721405737730663_37.5274481402760784,76.0,24.0,서행,126.8721405737730663_37.5274481402760784|126.8722963649476441_37.5281219280359437
2026-09-04T06:42:24.849833+09:00,오목교역·목동운동장,오목교역·목동운동장,POI044,KEY_3,1140024500,목동서로,1140007200,목동 920-2,126.8742742959669556_37.5278527965658384,1140007700,CBS기독교방송,126.8744364998262313_37.5285619580008785,80.0,20.0,서행,126.8744364998262313_37.5285619580008785|126.8742742959669556_37.5278527965658384
2026-09-04T06:42:24.849833+09:00,오목교역·목동운동장,오목교역·목동운동장,POI044,KEY_3,1140024700,목동서로,1140007400,목동 924-2,126.8722963649476441_37.5281219280359437,1140007600,목동 925-5,126.8703817932222933_37.5284034261129520,172.0,8.5,정체,126.8703817932222933_37.5284034261129520|126.8722963649476441_37.5281219280359437
2026-09-04T06:42:24.849833+09:00,오목교역·목동운동장,오목교역·목동운동장,POI044,KEY_3,1140025200,목동동로,1140008502,한국통신목동지점,126.8767586051522613_37.5300075904237431,1140007100,목동주차장교차로,126.8761975431109761_37.5275646112610417,276.0,27.0,원활,126.8761975431109761_37.5275646112610417|126.8762869637620554_37.5279574217115623|126.8767586051522613_37.5300075904237431
2026-09-04T06:42:24.849833+09:00,오목교역·목동운동장,오목교역·목동운동장,POI044,KEY_3,1140025400,목동동로,1140007900,오목공원,126.8724636489445885_37.5288454055255940,1140007400,목동 924-2,126.8722963649476441_37.5281219280359437,82.0,18.0,서행,126.8722963649476441_37.5281219280359437|126.8724636489445885_37.5288454055255940
2026-09-04T06:42:24.849833+09:00,오목교역·목동운동장,오목교역·목동운동장,POI044,KEY_3,1140025500,목동동로,1140007700,CBS기독교방송,126.8744364998262313_37.5285619580008785,1140007900,오목공원,126.8724636489445885_37.5288454055255940,177.0,23.0,서행,126.8724636489445885_37.5288454055255940|126.8744364998262313_37.5285619580008785
2026-09-04T06:42:24.849833+09:00,오목교역·목동운동장,오목교역·목동운동장,POI044,KEY_3,1140025900,목동서로,1140007700,CBS기독교방송,126.8744364998262313_37.5285619580008785,1140008100,SBS방송센터교차로,126.8746593923549000_37.5295512957762867,112.0,27.0,원활,126.8746593923549000_37.5295512957762867|126.8744364998262313_37.5285619580008785
2026-09-04T06:42:24.849833+09:00,오목교역·목동운동장,오목교역·목동운동장,POI044,KEY_3,1140026600,목동동로,1140008400,양천소방서교차로,126.8726973678810168_37.5298561817287393,1140007900,오목공원,126.8724636489445885_37.5288454055255940,114.0,18.0,서행,126.8724636489445885_37.5288454055255940|126.8726973678810168_37.5298561817287393
2026-09-04T06:42:24.849833+09:00,오목교역·목동운동장,오목교역·목동운동장,POI044,KEY_3,1140026701,안양천로,1140265400,목동 914-3,126.8840395555670852_37.5296213132311394,1140031500,목동교,126.8845796056343147_37.5298541112350392,54.0,31.0,원활,126.8845796056343147_37.5298541112350392|126.8840395555670852_37.5296213132311394
2026-09-04T06:42:24.849833+09:00,오목교역·목동운동장,오목교역·목동운동장,POI044,KEY_3,1140026702,안양천로,1140031500,목동교,126.8845796056343147_37.5298541112350392,1140031800,목동교,126.8858661791991977_37.5304734230982291,133.0,51.0,원활,126.8858661791991977_37.5304734230982291|126.8857544420663856_37.5303903022336129|126.8855057939607320_37.5302579395494291|126.8845796056343147_37.5298541112350392
2026-09-04T06:42:24.849833+09:00,오목교역·목동운동장,오목교역·목동운동장,POI044,KEY_3,1140026801,안양천로,1140030900,목동교,126.8846448018285855_37.5297592742909174,1140029802,목동 914-3,126.8804368172790049_37.5287942883076511,400.0,53.3,원활,126.8804368172790049_37.5287942883076511|126.8806014916928433_37.5289093373200373|126.8807733399068383_37.5290088273910669|126.8810295841952183_37.5291059929811439|126.8812528945229445_37.5291712294635289|126.8815169140189880_37.5291986300845579|126.8818124685144966_37.5291816206965265|126.8822595377858704_37.5291245356198928|126.8825743120673906_37.5291248490139893|126.8829236106694509_37.5291581436100969|126.8833913339066584_37.5292499327297406|126.8837941457795893_37.5293925807294357|126.8841041799816054_37.5295262287585629|126.8846448018285855_37.5297592742909174
2026-09-04T06:42:24.849833+09:00,오목교역·목동운동장,오목교역·목동운동장,POI044,KEY_3,1140027000,목동서로,1140008400,양천소방서교차로,126.8726973678810168_37.5298561817287393,1140008100,SBS방송센터교차로,126.8746593923549000_37.5295512957762867,177.0,24.0,서행,126.8746593923549000_37.5295512957762867|126.8726973678810168_37.5298561817287393
2026-09-04T06:42:24.849833+09:00,오목교역·목동운동장,오목교역·목동운동장,POI044,KEY_3,1140027500,목동서로,1140008100,SBS방송센터교차로,126.8746593923549000_37.5295512957762867,1140008700,청소년수련관앞,126.8748398802341057_37.5303465971350931,90.0,34.0,원활,126.8748398802341057_37.5303465971350931|126.8746593923549000_37.5295512957762867
2026-09-04T06:42:24.849833+09:00,오목교역·목동운동장,오목교역·목동운동장,POI044,KEY_3,1140027900,목동서로,1140008501,한국통신목동지점,126.8767830729488395_37.5301139460043203,1140008700,청소년수련관앞,126.8748398802341057_37.5303465971350931,174.0,13.3,정체,126.8748398802341057_37.5303465971350931|126.8767830729488395_37.5301139460043203
2026-09-04T06:42:24.849833+09:00,오목교역·목동운동장,오목교역·목동운동장,POI044,KEY_3,1140028600,목동동로,1140009000,양천우체국,126.8770546258868848_37.5312943013899840,1140008501,한국통신목동지점,126.8767830729488395_37.5301139460043203,133.0,35.7,원활,126.8767830729488395_37.5301139460043203|126.8770546258868848_37.5312943013899840
2026-09-04T06:42:24.849833+09:00,오목교역·목동운동장,오목교역·목동운동장,POI044,KEY_3,1140028700,목동서로,1140008700,청소년수련관앞,126.8748398802341057_37.5303465971350931,1140008900,청소년수련관앞교차로,126.8749851771577255_37.5309868184484969,72.0,27.0,원활,126.8749851771577255_37.5309868184484969|126.8748398802341057_37.5303465971350931
2026-09-04T06:42:24.849833+09:00,오목교역·목동운동장,오목교역·목동운동장,POI044,KEY_3,1140029100,국회대로,1140312900,최소노드배치점,126.8723983124313719_37.5309016221429346,1140009201,신월여의지하도로(동측),126.8808443431802715_37.5319377152892457,755.0,27.8,원활,126.8808443431802715_37.5319377152892457|126.8804389867348306_37.5319127100883563|126.8799537888849756_37.5318681967887500|126.8794101563803736_37.5317995858458602|126.8784003800115556_37.5316720337239644|126.8757268552482742_37.5313240538540356|126.8748182748966826_37.5312089563962559|126.8730797268309800_37.5309851275213049|126.8723983124313719_37.5309016221429346
2026-09-04T06:42:24.849833+09:00,오목교역·목동운동장,오목교역·목동운동장,POI044,KEY_3,1140029200,국회대로,1140312800,최소노드배치점,126.8724189685671035_37.5307947208274726,1140031001,홍익병원앞교차로,126.8639907063568870_37.5297465213528838,754.0,33.5,원활,126.8639907063568870_37.5297465213528838|126.8650874531422659_37.5298815229964546|126.8659514513962705_37.5299875464180914|126.8669909996045817_37.5301213175723021|126.8698625278036474_37.5304794687018415|126.8714478965867016_37.5306757112922611|126.8724189685671035_37.5307947208274726
2026-09-04T06:42:24.849833+09:00,오목교역·목동운동장,오목교역·목동운동장,POI044,KEY_3,1140030300,목동서로,1140032900,청소년수련관앞,126.8750649305418960_37.5313299084450378,1140009302,목동 903-6,126.8754059121054496_37.5328403623939266,170.0,30.0,원활,126.8754059121054496_37.5328403623939266|126.8750649305418960_37.5313299084450378
2026-09-04T06:42:24.849833+09:00,오목교역·목동운동장,오목교역·목동운동장,POI044,KEY_3,1140030601,목동동로,1140033400,양천우체국,126.8771228632929393_37.5315914819196266,1140009000,양천우체국,126.8770546258868848_37.5312943013899840,34.0,21.0,서행,126.8770546258868848_37.5312943013899840|126.8771228632929393_37.5315914819196266
2026-09-04T06:42:24.849833+09:00,오목교역·목동운동장,오목교역·목동운동장,POI044,KEY_3,1140030602,목동동로,1140009500,법안정사,126.8776093242993852_37.5336801307362080,1140033400,양천우체국,126.8771228632929393_37.5315914819196266,236.0,30.0,원활,126.8771228632929393_37.5315914819196266|126.8775018319297345_37.5332380794548897|126.8776093242993852_37.5336801307362080
2026-09-04T06:42:24.849833+09:00,오목교역·목동운동장,오목교역·목동운동장,POI044,KEY_3,1140031000,목동서로8길,1140277200,목동 903-5,126.8746424963737098_37.5330737326508270,1140009301,목동 903-6,126.8754300033318430_37.5329467924858804,71.0,18.5,서행,126.8754300033318430_37.5329467924858804|126.8746460016121347_37.5330734143301186|126.8746424963737098_37.5330737326508270
2026-09-04T06:42:24.849833+09:00,오목교역·목동운동장,오목교역·목동운동장,POI044,KEY_3,1140031500,목동서로,1140009301,목동 903-6,126.8754300033318430_37.5329467924858804,1140009600,목동 903-6,126.8756637978666220_37.5339768809772707,116.0,41.0,원활,126.8756637978666220_37.5339768809772707|126.8754300033318430_37.5329467924858804
2026-09-04T06:42:24.849833+09:00,오목교역·목동운동장,오목교역·목동운동장,POI044,KEY_3,1140031700,목동동로16길,1140332200,목동 913-4,126.8798393911997948_37.5351177280643782,1140009902,목동5단지교차로,126.8797154850128663_37.5353485135608196,28.0,20.5,서행,126.8797154850128663_37.5353485135608196|126.8798393911997948_37.5351177280643782
2026-09-04T06:42:24.849833+09:00,오목교역·목동운동장,오목교역·목동운동장,POI044,KEY_3,1140031800,목동동로16길,1140229800,목동 913-4,126.8808217015313176_37.5323896291626937,1140009203,신월여의지하도로(동측),126.8808823152185141_37.5320181494475520,42.0,26.0,원활,126.8808823152185141_37.5320181494475520|126.8808217015313176_37.5323896291626937
2026-09-04T06:42:24.849833+09:00,오목교역·목동운동장,오목교역·목동운동장,POI044,KEY_3,1140032000,목동동로,1140009600,목동 903-6,126.8756637978666220_37.5339768809772707,1140009500,법안정사,126.8776093242993852_37.5336801307362080,175.0,19.0,서행,126.8776093242993852_37.5336801307362080|126.8756637978666220_37.5339768809772707
2026-09-04T06:42:24.849833+09:00,오목교역·목동운동장,오목교역·목동운동장,POI044,KEY_3,1140032100,목동동로18길,1140327600,목동 912-3,126.8830590710973070_37.5360028453064984,1140035002,목동5·6단지앞교차로,126.8828699872771892_37.5364480077944762,52.0,19.0,서행,126.8828699872771892_37.5364480077944762|126.8829311279323520_37.5362664342802006|126.8830184569602579_37.5360768386733312|126.8830590710973070_37.5360028453064984
2026-09-04T06:42:24.849833+09:00,오목교역·목동운동장,오목교역·목동운동장,POI044,KEY_3,1140032200,목동동로18길,1140196900,목동 912-3,126.8837054261265820_37.5322917398549265,1140009101,목동5.6단지,126.8836194087718070_37.5318939270615388,45.0,17.0,서행,126.8836194087718070_37.5318939270615388|126.8837054261265820_37.5322917398549265
2026-09-04T06:42:24.849833+09:00,오목교역·목동운동장,오목교역·목동운동장,POI044,KEY_3,1140032300,목동동로,1140009700,목동 913-3,126.8784391701507985_37.5348828313176668,1140009500,법안정사,126.8776093242993852_37.5336801307362080,156.0,33.0,원활,126.8776093242993852_37.5336801307362080|126.8776623267564929_37.5339138078558179|126.8777070110188987_37.5340479482234315|126.8777741216845527_37.5341970116271497|126.8778562254971973_37.5343311915555660|126.8779533019347241_37.5344624063895651|126.8781027207437120_37.5346204943553587|126.8782820920490195_37.5347696732787952|126.8784391701507985_37.5348828313176668
2026-09-04T06:42:24.849833+09:00,오목교역·목동운동장,오목교역·목동운동장,POI044,KEY_3,1140032700,목동서로,1140009600,목동 903-6,126.8756637978666220_37.5339768809772707,1140010002,목동2.3단지교차로,126.8764419634238294_37.5355209305015336,187.0,34.0,원활,126.8764419634238294_37.5355209305015336|126.8763723690955914_37.5354548490478592|126.8762349330648931_37.5352925998445386|126.8760796061470160_37.5350874215701538|126.8759661743498128_37.5348918223800752|126.8758468437574294_37.5346437714498009|126.8757380699430826_37.5343480532638054|126.8756637978666220_37.5339768809772707
2026-09-04T06:42:24.849833+09:00,오목교역·목동운동장,오목교역·목동운동장,POI044,KEY_3,1140033000,목동동로,1140009902,목동5단지교차로,126.8797154850128663_37.5353485135608196,1140009700,목동 913-3,126.8784391701507985_37.5348828313176668,124.0,20.0,서행,126.8784391701507985_37.5348828313176668|126.8786372474522750_37.5349726701522712|126.8797154850128663_37.5353485135608196
2026-09-04T06:42:24.849833+09:00,오목교역·목동운동장,오목교역·목동운동장,POI044,KEY_3,1140033500,목동서로,1140009700,목동 913-3,126.8784391701507985_37.5348828313176668,1140010400,목동2·3단지교차로,126.8773306552267286_37.5361618405017623,172.0,9.0,정체,126.8773306552267286_37.5361618405017623|126.8784391701507985_37.5348828313176668
2026-09-04T06:42:24.849833+09:00,오목교역·목동운동장,오목교역·목동운동장,POI044,KEY_3,1140033800,목동동로,1140010100,목동 912-2,126.8808228944800476_37.5357345122197046,1140009901,목동5단지교차로,126.8798398671769121_37.5353918688772765,95.0,28.0,원활,126.8798398671769121_37.5353918688772765|126.8808228944800476_37.5357345122197046
2026-09-04T06:42:24.849833+09:00,오목교역·목동운동장,오목교역·목동운동장,POI044,KEY_3,1140034000,목동서로6길,1140334000,목동 902-4,126.8761939543289259_37.5358071939591440,1140010001,목동2.3단지교차로,126.8765293071620306_37.5356038651211890,37.0,14.7,정체,126.8765293071620306_37.5356038651211890|126.8761939543289259_37.5358071939591440
2026-09-04T06:42:24.849833+09:00,오목교역·목동운동장,오목교역·목동운동장,POI044,KEY_3,1140034100,목동서로,1140010001,목동2.3단지교차로,126.8765293071620306_37.5356038651211890,1140010400,목동2·3단지교차로,126.8773306552267286_37.5361618405017623,95.0,33.0,원활,126.8773306552267286_37.5361618405017623|126.8770898739765443_37.5360372692547912|126.8768626030107072_37.5358892306394836|126.8765935481060438_37.5356648629501208|126.8765293071620306_37.5356038651211890
2026-09-04T06:42:24.849833+09:00,오목교역·목동운동장,오목교역·목동운동장,POI044,KEY_3,1140034400,목동동로,1140010300,목동 912-2,126.8819022864357748_37.5361107306896997,1140010100,목동 912-2,126.8808228944800476_37.5357345122197046,104.0,41.0,원활,126.8808228944800476_37.5357345122197046|126.8819022864357748_37.5361107306896997
2026-09-04T06:42:24.849833+09:00,오목교역·목동운동장,오목교역·목동운동장,POI044,KEY_3,1140034600,목동동로,1140035002,목동5·6단지앞교차로,126.8828699872771892_37.5364480077944762,1140010300,목동 912-2,126.8819022864357748_37.5361107306896997,93.0,40.0,원활,126.8819022864357748_37.5361107306896997|126.8828699872771892_37.5364480077944762
2026-09-04T06:42:24.849833+09:00,오목교역·목동운동장,오목교역·목동운동장,POI044,KEY_3,1140035000,목동동로,1140010802,목동1·2단지교차로,126.8799687730722638_37.5371493482495353,1140010100,목동 912-2,126.8808228944800476_37.5357345122197046,174.0,9.0,정체,126.8808228944800476_37.5357345122197046|126.8799687730722638_37.5371493482495353
2026-09-04T06:42:24.849833+09:00,오목교역·목동운동장,오목교역·목동운동장,POI044,KEY_3,1140035101,목동서로,1140010400,목동2·3단지교차로,126.8773306552267286_37.5361618405017623,1140035200,목동 902-5,126.8787896567945523_37.5367371777255556,144.0,51.3,원활,126.8787896567945523_37.5367371777255556|126.8777452658256522_37.5363693409841375|126.8773719312131902_37.5361833379833172|126.8773306552267286_37.5361618405017623
2026-09-04T06:42:24.849833+09:00,오목교역·목동운동장,오목교역·목동운동장,POI044,KEY_3,1140035102,목동서로,1140035200,목동 902-5,126.8787896567945523_37.5367371777255556,1140035400,목동 902-5,126.8794522569202883_37.5369696354992541,64.0,57.0,원활,126.8794522569202883_37.5369696354992541|126.8787896567945523_37.5367371777255556
2026-09-04T06:42:24.849833+09:00,오목교역·목동운동장,오목교역·목동운동장,POI044,KEY_3,1140035103,목동서로,1140035400,목동 902-5,126.8794522569202883_37.5369696354992541,1140010802,목동1·2단지교차로,126.8799687730722638_37.5371493482495353,50.0,51.3,원활,126.8799687730722638_37.5371493482495353|126.8797106292408756_37.5370602773647732|126.8794522569202883_37.5369696354992541
2026-09-04T06:42:24.849833+09:00,오목교역·목동운동장,오목교역·목동운동장,POI044,KEY_3,1140035401,목동서로,1140010300,목동 912-2,126.8819022864357748_37.5361107306896997,1140035501,목5동주민센터,126.8813336608763649_37.5371512511334942,126.0,15.5,서행,126.8813336608763649_37.5371512511334942|126.8819022864357748_37.5361107306896997
2026-09-04T06:42:24.849833+09:00,오목교역·목동운동장,오목교역·목동운동장,POI044,KEY_3,1140035402,목동서로,1140035502,목5동주민센터,126.8812794797658796_37.5372503947860707,1140011100,목동 901-7,126.8811180027535670_37.5375458728608749,36.0,17.0,서행,126.8811180027535670_37.5375458728608749|126.8812794797658796_37.5372503947860707
2026-09-04T06:42:24.849833+09:00,오목교역·목동운동장,오목교역·목동운동장,POI044,KEY_3,1140035600,목동동로,1140010903,목동 911-9,126.8852431717270406_37.5371884307117796,1140035001,목동5·6단지앞교차로,126.8829944458794472_37.5364913851206907,213.0,17.5,서행,126.8829944458794472_37.5364913851206907|126.8852431717270406_37.5371884307117796
2026-09-04T06:42:24.849833+09:00,오목교역·목동운동장,오목교역·목동운동장,POI044,KEY_3,1140035900,목동서로,1140010801,목동1·2단지교차로,126.8800933684234451_37.5371923387842727,1140011100,목동 901-7,126.8811180027535670_37.5375458728608749,99.0,39.0,원활,126.8811180027535670_37.5375458728608749|126.8800933684234451_37.5371923387842727
2026-09-04T06:42:24.849833+09:00,오목교역·목동운동장,오목교역·목동운동장,POI044,KEY_3,1140036500,목동서로,1140011100,목동 901-7,126.8811180027535670_37.5375458728608749,1140011302,월촌중학교,126.8831136085260738_37.5381735273184489,190.0,25.0,원활,126.8831136085260738_37.5381735273184489|126.8811180027535670_37.5375458728608749
2026-09-04T06:42:24.849833+09:00,오목교역·목동운동장,오목교역·목동운동장,POI044,KEY_3,1140037200,목동서로4길,1140333400,목동 901-9,126.8799390790421313_37.5374651832932287,1140010801,목동1·2단지교차로,126.8800933684234451_37.5371923387842727,33.0,19.0,서행,126.8800933684234451_37.5371923387842727|126.8799390790421313_37.5374651832932287
2026-09-04T06:42:24.849833+09:00,오목교역·목동운동장,오목교역·목동운동장,POI044,KEY_3,1140040400,목동서로,1140005402,목동초등학교,126.8711441712250974_37.5230982757077953,1140005502,신정동 314-7,126.8692623646753077_37.5234649054807363,174.0,19.0,서행,126.8692623646753077_37.5234649054807363|126.8693057909037236_37.5234043612395283|126.8693983750727199_37.5233709662043609|126.8703723483932180_37.5232296546835613|126.8709356922444158_37.5231479165233281|126.8711441712250974_37.5230982757077953
2026-09-04T06:42:24.849833+09:00,오목교역·목동운동장,오목교역·목동운동장,POI044,KEY_3,1140059100,오목로,1180072102,양천구-영등포구,126.8798127598729764_37.5238124759839593,1140005803,오목교앞,126.8780911957869648_37.5240790938181874,155.0,50.7,원활,126.8780911957869648_37.5240790938181874|126.8798127598729764_37.5238124759839593
2026-09-04T06:42:24.849833+09:00,오목교역·목동운동장,오목교역·목동운동장,POI044,KEY_3,1140059200,오목로,1140005802,오목교앞,126.8780735218519879_37.5241919764275096,1180072101,양천구-영등포구,126.8798383046578664_37.5239186642518590,159.0,57.0,원활,126.8798383046578664_37.5239186642518590|126.8780735218519879_37.5241919764275096
2026-09-04T06:42:24.849833+09:00,오목교역·목동운동장,오목교역·목동운동장,POI044,KEY_3,1140060300,오목로,1140311400,최소노드배치점,126.8705789568914497_37.5251594795092345,1140025002,목동지하차도(남측),126.8670823231769162_37.5257078971196734,315.0,51.0,원활,126.8670823231769162_37.5257078971196734|126.8680323921005311_37.5255576197932470|126.8696999326072898_37.5252958895737194|126.8705789568914497_37.5251594795092345
2026-09-04T06:42:24.849833+09:00,오목교역·목동운동장,오목교역·목동운동장,POI044,KEY_3,1140060400,오목로,1140311500,최소노드배치점,126.8706049200779802_37.5252656041847530,1140023701,목동지하차도(북측),126.8741069190683675_37.5247538721865865,315.0,53.5,원활,126.8741069190683675_37.5247538721865865|126.8716004171447196_37.5251111113636640|126.8706049200779802_37.5252656041847530
2026-09-04T06:42:24.849833+09:00,오목교역·목동운동장,오목교역·목동운동장,POI044,KEY_3,1140064700,목동서로,1140007600,목동 925-5,126.8703817932222933_37.5284034261129520,1140031702,KT서울통신센터,126.8708864108891561_37.5299765391988984,183.0,34.0,원활,126.8708864108891561_37.5299765391988984|126.8708826562650955_37.5299741403027838|126.8708049479702140_37.5299049224176926|126.8707482016617547_37.5298309593268371|126.8706885113179936_37.5297283862032955|126.8706378223026405_37.5296139035657461|126.8703817932222933_37.5284034261129520
2026-09-04T06:42:24.849833+09:00,오목교역·목동운동장,오목교역·목동운동장,POI044,KEY_3,1140065200,목동동로,1140278700,목동 914-8,126.8787135275921685_37.5297383750703872,1140008502,한국통신목동지점,126.8767586051522613_37.5300075904237431,175.0,30.0,원활,126.8767586051522613_37.5300075904237431|126.8787135275921685_37.5297383750703872
2026-09-04T06:42:24.849833+09:00,오목교역·목동운동장,오목교역·목동운동장,POI044,KEY_3,1140065300,목동동로,1140200000,목동 914-8,126.8794366198333137_37.5295948765360734,1140029801,목동 914-3,126.8803472890119082_37.5288755664340741,113.0,23.0,서행,126.8803472890119082_37.5288755664340741|126.8795457269464038_37.5295264574369938|126.8794366198333137_37.5295948765360734
2026-09-04T06:42:24.849833+09:00,오목교역·목동운동장,오목교역·목동운동장,POI044,KEY_3,1140065400,목동서로,1140031701,KT서울통신센터,126.8710064122143137_37.5300304659751873,1140008400,양천소방서교차로,126.8726973678810168_37.5298561817287393,152.0,41.0,원활,126.8726973678810168_37.5298561817287393|126.8713644600100849_37.5300485670690662|126.8712117696352237_37.5300650880968476|126.8710860692017093_37.5300530316119065|126.8710064122143137_37.5300304659751873
2026-09-04T06:42:24.849833+09:00,오목교역·목동운동장,오목교역·목동운동장,POI044,KEY_3,1140065500,국회대로,1140032102,목1동주민센터,126.8707770773223302_37.5304899448172264,1140030800,홍익병원앞,126.8646468126980551_37.5297289010190696,548.0,54.0,원활,126.8646468126980551_37.5297289010190696|126.8691358789846220_37.5302810663476976|126.8707770773223302_37.5304899448172264
2026-09-04T06:42:24.849833+09:00,오목교역·목동운동장,오목교역·목동운동장,POI044,KEY_3,1140065800,-,1140031702,KT서울통신센터,126.8708864108891561_37.5299765391988984,1140032102,목1동주민센터,126.8707770773223302_37.5304899448172264,58.0,21.0,서행,126.8707770773223302_37.5304899448172264|126.8708154273461588_37.5301353405440707|126.8708864108891561_37.5299765391988984
2026-09-04T06:42:24.849833+09:00,오목교역·목동운동장,오목교역·목동운동장,POI044,KEY_3,1140065900,-,1140032101,목1동주민센터,126.8709115136581858_37.5305068509940867,1140031701,KT서울통신센터,126.8710064122143137_37.5300304659751873,54.0,25.0,원활,126.8710064122143137_37.5300304659751873|126.8709491888728138_37.5301584866351376|126.8709115136581858_37.5305068509940867
2026-09-04T06:42:24.849833+09:00,오목교역·목동운동장,오목교역·목동운동장,POI044,KEY_3,1140066000,국회대로,1140032300,목동교,126.8874592812072706_37.5309134970682692,1140030900,목동교,126.8846448018285855_37.5297592742909174,300.0,33.0,원활,126.8846448018285855_37.5297592742909174|126.8850650412698826_37.5298468207319260|126.8852176368649225_37.5298898802170271|126.8853926600453974_37.5299472637623097|126.8856349365595264_37.5300690770065231|126.8858682234413067_37.5301980341117201|126.8860962319625401_37.5303532074958710|126.8862494340091729_37.5304904298454289|126.8864100708302090_37.5306604375601438|126.8865258476216553_37.5308035827628643|126.8866416654425961_37.5309199095953971|126.8867351286276772_37.5309736367565279|126.8868548550046000_37.5309797116427077|126.8874592812072706_37.5309134970682692
2026-09-04T06:42:24.849833+09:00,오목교역·목동운동장,오목교역·목동운동장,POI044,KEY_3,1140066300,안양천로,1140031500,목동교,126.8845796056343147_37.5298541112350392,1140032600,목동교,126.8843017135001503_37.5315237887279807,216.0,37.0,원활,126.8843017135001503_37.5315237887279807|126.8845478291154762_37.5314537533224737|126.8846297897559054_37.5313856736052571|126.8846728961694907_37.5313143276081433|126.8847283443867582_37.5311732723914062|126.8848913527991584_37.5303818380835850|126.8848914672821735_37.5303073416295092|126.8848617160776371_37.5301881174002929|126.8848281972405232_37.5300867689519677|126.8847572695101036_37.5299794238724616|126.8845796056343147_37.5298541112350392
2026-09-04T06:42:24.849833+09:00,오목교역·목동운동장,오목교역·목동운동장,POI044,KEY_3,1140066600,국회대로,1140032500,목동교,126.8856427398844033_37.5313018773321616,1140031800,목동교,126.8858661791991977_37.5304734230982291,214.0,38.7,원활,126.8858661791991977_37.5304734230982291|126.8856284890071606_37.5303706349086923|126.8854638671550674_37.5303615356366933|126.8853179180124613_37.5303762938548644|126.8852131080252406_37.5304030103262676|126.8851307450970154_37.5304327290510003|126.8850483489604386_37.5304833067597983|126.8849733908632658_37.5305636904608022|126.8849358270675936_37.5306590104051665|126.8849094335674863_37.5307900992467935|126.8849166977411045_37.5309331402237873|126.8849539596190112_37.5310344931801438|126.8850174412507243_37.5311179912911541|126.8851258429127711_37.5311896137283725|126.8853277838037172_37.5312643074386827|126.8856427398844033_37.5313018773321616
2026-09-04T06:42:24.849833+09:00,오목교역·목동운동장,오목교역·목동운동장,POI044,KEY_3,1140066700,안양천로,1140033800,서울경인유치원,126.8874090613953172_37.5328062140190042,1140030900,목동교,126.8846448018285855_37.5297592742909174,435.0,57.0,원활,126.8846448018285855_37.5297592742909174|126.8855762511383176_37.5301653966409390|126.8858390555100186_37.5303052944202946|126.8859588523003339_37.5303944110417476|126.8860447549820378_37.5304583145656494|126.8862305225850520_37.5306548325961415|126.8863509678829047_37.5308287246199441|126.8867650931619124_37.5315997619943076|126.8868135165644588_37.5316899175065330|126.8874090613953172_37.5328062140190042
2026-09-04T06:42:24.849833+09:00,오목교역·목동운동장,오목교역·목동운동장,POI044,KEY_3,1140066800,국회대로,1140008900,청소년수련관앞교차로,126.8749851771577255_37.5309868184484969,1140032101,목1동주민센터,126.8709115136581858_37.5305068509940867,364.0,20.7,서행,126.8709115136581858_37.5305068509940867|126.8746979038654388_37.5309772381993625|126.8749851771577255_37.5309868184484969
2026-09-04T06:42:24.849833+09:00,오목교역·목동운동장,오목교역·목동운동장,POI044,KEY_3,1140066900,국회대로,1140008601,카톨릭스포츠센터,126.8674839304714226_37.5304076183302158,1140032900,청소년수련관앞,126.8750649305418960_37.5313299084450378,678.0,55.0,원활,126.8750649305418960_37.5313299084450378|126.8731974085957290_37.5311109831907501|126.8703243549700090_37.5307526619028593|126.8674839304714226_37.5304076183302158
2026-09-04T06:42:24.849833+09:00,오목교역·목동운동장,오목교역·목동운동장,POI044,KEY_3,1140067000,안양천로,1140031800,목동교,126.8858661791991977_37.5304734230982291,1140033300,목동교,126.8866402689599795_37.5316422821087627,148.0,55.0,원활,126.8866402689599795_37.5316422821087627|126.8862288128544265_37.5308762140925509|126.8861162834759995_37.5307137515685838|126.8859434209870756_37.5305308833755262|126.8858661791991977_37.5304734230982291
2026-09-04T06:42:24.849833+09:00,오목교역·목동운동장,오목교역·목동운동장,POI044,KEY_3,1140067100,국회대로,1140032300,목동교,126.8874592812072706_37.5309134970682692,1140032500,목동교,126.8856427398844033_37.5313018773321616,166.0,19.0,서행,126.8856427398844033_37.5313018773321616|126.8874592812072706_37.5309134970682692
2026-09-04T06:42:24.849833+09:00,오목교역·목동운동장,오목교역·목동운동장,POI044,KEY_3,1140067200,국회대로,1140032700,목동교,126.8856779402811412_37.5314062995702784,1140032400,목동교,126.8874944839553933_37.5310179196766285,166.0,51.0,원활,126.8874944839553933_37.5310179196766285|126.8856779402811412_37.5314062995702784
2026-09-04T06:42:24.849833+09:00,오목교역·목동운동장,오목교역·목동운동장,POI044,KEY_3,1140067500,목동서로,1140008900,청소년수련관앞교차로,126.8749851771577255_37.5309868184484969,1140032900,청소년수련관앞,126.8750649305418960_37.5313299084450378,39.0,40.0,원활,126.8750649305418960_37.5313299084450378|126.8749851771577255_37.5309868184484969
2026-09-04T06:42:24.849833+09:00,오목교역·목동운동장,오목교역·목동운동장,POI044,KEY_3,1140067600,국회대로,1140032500,목동교,126.8856427398844033_37.5313018773321616,1140032600,목동교,126.8843017135001503_37.5315237887279807,122.0,70.0,원활,126.8843017135001503_37.5315237887279807|126.8853586214199112_37.5313072241180805|126.8856427398844033_37.5313018773321616
2026-09-04T06:42:24.849833+09:00,오목교역·목동운동장,오목교역·목동운동장,POI044,KEY_3,1140067700,국회대로,1140033100,목동919-1,126.8846580863304041_37.5316987170409391,1140032700,목동교,126.8856779402811412_37.5314062995702784,96.0,54.3,원활,126.8856779402811412_37.5314062995702784|126.8854226642528573_37.5315161310584671|126.8852300090918419_37.5315830586408552|126.8846580863304041_37.5316987170409391
2026-09-04T06:42:24.849833+09:00,오목교역·목동운동장,오목교역·목동운동장,POI044,KEY_3,1140068000,국회대로,1140032500,목동교,126.8856427398844033_37.5313018773321616,1140009202,신월여의지하도로(동측),126.8808482917957576_37.5318295469259979,430.0,29.0,원활,126.8808482917957576_37.5318295469259979|126.8808607617265807_37.5318303181491117|126.8812315437144775_37.5318398935389439|126.8816011358477596_37.5318450120240783|126.8819879692905204_37.5318406599456083|126.8827149925730424_37.5318111511213601|126.8832868040315702_37.5317585000011462|126.8837211158317331_37.5316939067983526|126.8842769696246933_37.5315938605462023|126.8856427398844033_37.5313018773321616
2026-09-04T06:42:24.849833+09:00,오목교역·목동운동장,오목교역·목동운동장,POI044,KEY_3,1140068100,국회대로,1140009201,신월여의지하도로(동측),126.8808443431802715_37.5319377152892457,1140032700,목동교,126.8856779402811412_37.5314062995702784,434.0,20.0,서행,126.8856779402811412_37.5314062995702784|126.8843095448977749_37.5316988203129114|126.8837485626048363_37.5317998338477565|126.8833070903347959_37.5318654922657657|126.8827262608263027_37.5319189742605417|126.8819923889352879_37.5319487799470082|126.8816009139386125_37.5319531850502628|126.8812281489590248_37.5319480219271782|126.8808532892372796_37.5319382667175248|126.8808443431802715_37.5319377152892457
2026-09-04T06:42:24.849833+09:00,오목교역·목동운동장,오목교역·목동운동장,POI044,KEY_3,1140068200,국회대로,1140032600,목동교,126.8843017135001503_37.5315237887279807,1140009000,양천우체국,126.8770546258868848_37.5312943013899840,647.0,42.0,원활,126.8770546258868848_37.5312943013899840|126.8799373615991470_37.5316647395253540|126.8804785893359934_37.5317256168243460|126.8809376979914418_37.5317617196590447|126.8814691644842725_37.5317719138982540|126.8819186117248847_37.5317665409693930|126.8827622599531253_37.5317297088407074|126.8832712124020503_37.5316809201365160|126.8837082488141306_37.5316173315858208|126.8840670157696167_37.5315605869974007|126.8843017135001503_37.5315237887279807
2026-09-04T06:42:24.849833+09:00,오목교역·목동운동장,오목교역·목동운동장,POI044,KEY_3,1140068300,국회대로,1140009101,목동5.6단지,126.8836194087718070_37.5318939270615388,1140033100,목동919-1,126.8846580863304041_37.5316987170409391,94.0,51.0,원활,126.8846580863304041_37.5316987170409391|126.8840959031976325_37.5318054424971805|126.8836194087718070_37.5318939270615388
2026-09-04T06:42:24.849833+09:00,오목교역·목동운동장,오목교역·목동운동장,POI044,KEY_3,1140068400,국회대로,1140033400,양천우체국,126.8771228632929393_37.5315914819196266,1140009204,신월여의지하도로(동측),126.8807466405625064_37.5320105989073340,324.0,43.0,원활,126.8807466405625064_37.5320105989073340|126.8804381231026213_37.5319902087916830|126.8798675821093696_37.5319368726031399|126.8771228632929393_37.5315914819196266
2026-09-04T06:42:24.849833+09:00,오목교역·목동운동장,오목교역·목동운동장,POI044,KEY_3,1140068500,안양천로,1140033800,서울경인유치원,126.8874090613953172_37.5328062140190042,1140032400,목동교,126.8874944839553933_37.5310179196766285,219.0,33.0,원활,126.8874944839553933_37.5310179196766285|126.8871687813057179_37.5312327057991340|126.8871103083707794_37.5313005907927533|126.8870742839215495_37.5313684981249196|126.8870337550903713_37.5314471275519850|126.8870425999447775_37.5315365324158563|126.8870649052745989_37.5316331022950891|126.8873555271278804_37.5324558259722707|126.8873778008711355_37.5325738503761741|126.8874090613953172_37.5328062140190042
2026-09-04T06:42:24.849833+09:00,오목교역·목동운동장,오목교역·목동운동장,POI044,KEY_3,1140068600,국회대로,1140009203,신월여의지하도로(동측),126.8808823152185141_37.5320181494475520,1140009102,목동5.6단지,126.8834860328442034_37.5319142163712982,231.0,49.0,원활,126.8834860328442034_37.5319142163712982|126.8832391663128334_37.5319435959562213|126.8827960704332867_37.5319860672060983|126.8819159384685662_37.5320233325202040|126.8814549373534533_37.5320300228165635|126.8809221202336488_37.5320199505877667|126.8808823152185141_37.5320181494475520
2026-09-04T06:42:24.849833+09:00,오목교역·목동운동장,오목교역·목동운동장,POI044,KEY_3,1140068900,안양천로,1140033300,목동교,126.8866402689599795_37.5316422821087627,1140033900,경인초등학교,126.8872841046669890_37.5328484932096558,145.0,55.0,원활,126.8872841046669890_37.5328484932096558|126.8866886268011740_37.5317323177754290|126.8866402689599795_37.5316422821087627
2026-09-04T06:42:24.849833+09:00,오목교역·목동운동장,오목교역·목동운동장,POI044,KEY_3,1140069000,안양천로,1140033300,목동교,126.8866402689599795_37.5316422821087627,1140032700,목동교,126.8856779402811412_37.5314062995702784,274.0,36.7,원활,126.8856779402811412_37.5314062995702784|126.8853631263658031_37.5316421899703840|126.8852911418873219_37.5317350925452757|126.8852550553224319_37.5318423324453363|126.8852548745429232_37.5319603354404236|126.8852905832891764_37.5320998288292316|126.8853577985463801_37.5321892904893843|126.8854475033743370_37.5322537432255814|126.8855641663416947_37.5323074938029038|126.8856763826849772_37.5323326331875364|126.8858604691290282_37.5323399633916566|126.8859952075329574_37.5323186380075384|126.8862647264191992_37.5322473809460320|126.8864444523789530_37.5321688848189936|126.8865613054865094_37.5320974801854064|126.8866467643268692_37.5320010146039067|126.8866694155660326_37.5318687297839872|126.8866402689599795_37.5316422821087627
2026-09-04T06:42:24.849833+09:00,오목교역·목동운동장,오목교역·목동운동장,POI044,KEY_3,1140069100,국회대로,1140033100,목동919-1,126.8846580863304041_37.5316987170409391,1140033900,경인초등학교,126.8872841046669890_37.5328484932096558,305.0,32.0,원활,126.8872841046669890_37.5328484932096558|126.8870232047119799_37.5324876913705410|126.8868886823055959_37.5323659833704113|126.8867989706955797_37.5323051077945919|126.8866822755141754_37.5322728130350143|126.8865251566823815_37.5322476314694313|126.8863589551066013_37.5322903818162601|126.8860040566905383_37.5324044668675469|126.8858378871728831_37.5324257618817754|126.8856583018977631_37.5324112847579414|126.8855101749726657_37.5323789584046423|126.8854114562078337_37.5323359525014979|126.8853128087379929_37.5322464603536332|126.8852276383169482_37.5321534051485699|126.8851694358867519_37.5320424975478346|126.8851291613164562_37.5319530619861013|126.8850529547154196_37.5318707426846601|126.8849273515351683_37.5317919521853156|126.8846580863304041_37.5316987170409391
2026-09-04T06:42:24.849833+09:00,오목교역·목동운동장,오목교역·목동운동장,POI044,KEY_3,1140070900,목동서로,1140035400,목동 902-5,126.8794522569202883_37.5369696354992541,1140035200,목동 902-5,126.8787896567945523_37.5367371777255556,139.0,5.0,정체,126.8787896567945523_37.5367371777255556|126.8789346312818367_37.5364400279712456|126.8789735753898071_37.5364233804675678|126.8790274603863537_37.5364234356787847|126.8795719836017355_37.5366194722880664|126.8796018783849746_37.5366457254744006|126.8795988117533398_37.5366910165188727|126.8794522569202883_37.5369696354992541
2026-09-04T06:42:24.849833+09:00,오목교역·목동운동장,오목교역·목동운동장,POI044,KEY_3,1140072100,목동서로,1140035502,목5동주민센터,126.8812794797658796_37.5372503947860707,1140035001,목동5·6단지앞교차로,126.8829944458794472_37.5364913851206907,237.0,20.0,서행,126.8829944458794472_37.5364913851206907|126.8828955898899409_37.5366553292359413|126.8824282154331229_37.5375388998787471|126.8823480626168703_37.5375770873188870|126.8822481670510314_37.5375769877530985|126.8812794797658796_37.5372503947860707
2026-09-04T06:42:24.849833+09:00,왕십리역,왕십리역,POI045,KEY_4,1030013101,살곶이길,1030021705,행당동40-30,127.0406606658124531_37.5550427346378228,1030023503,한양대병원앞교차로,127.0407317596827141_37.5576777615059285,296.0,25.5,원활,127.0407317596827141_37.5576777615059285|127.0407945351501553_37.5571399080762944|127.0408096258599926_37.5570503671522786|127.0407945873468236_37.5570052152632812|127.0407306986277831_37.5569326232404563|127.0406912822892878_37.5568627023168133|127.0406893999771540_37.5568002479541718|127.0406689829890325_37.5561228136161560|127.0406606658124531_37.5550427346378228
2026-09-04T06:42:24.849833+09:00,왕십리역,왕십리역,POI045,KEY_4,1030013900,왕십리로,1030072500,행당동 33,127.0432843193880075_37.5561986724655981,1030023502,한양대병원앞교차로,127.0408689696439808_37.5576533330614595,294.0,49.0,원활,127.0408689696439808_37.5576533330614595|127.0414651523882839_37.5575486984067481|127.0417348064217293_37.5575013713202210|127.0419711005124697_37.5574504902346860|127.0420141955084716_37.5574392859410580|127.0421870399526654_37.5573943478193399|127.0423829627192163_37.5573282057195925|127.0425359187892553_37.5572517965998074|127.0427034755646645_37.5571479493357785|127.0428672032618493_37.5570285114635709|127.0429925912583258_37.5568995286477687|127.0431151520268145_37.5567318227621385|127.0432092746061699_37.5565579805509699|127.0432548152679999_37.5564035797701479|127.0432843193880075_37.5561986724655981
2026-09-04T06:42:24.849833+09:00,왕십리역,왕십리역,POI045,KEY_4,1030014002,왕십리로,1030044300,행당동 33,127.0420563576226129_37.5575420637526918,1030021602,성동교,127.0437483808687773_37.5540070847499905,450.0,43.0,원활,127.0437483808687773_37.5540070847499905|127.0435729718255686_37.5551433159312538|127.0434192453609370_37.5562109855440482|127.0433888397111843_37.5564221569148842|127.0433387450400318_37.5565920007120297|127.0432366421870825_37.5567805817599876|127.0431054757296323_37.5569600633437375|127.0429675078410128_37.5571019873763561|127.0427912070035319_37.5572305966901965|127.0426139249710360_37.5573404716556354|127.0424459658693763_37.5574243753592327|127.0422347194732851_37.5574956911651938|127.0420563576226129_37.5575420637526918
2026-09-04T06:42:24.849833+09:00,왕십리역,왕십리역,POI045,KEY_4,1030014003,왕십리로,1030023501,한양대병원앞교차로,127.0408564347669227_37.5577662484576962,1030023400,한양대병원,127.0414943912409598_37.5576542823099402,58.0,27.0,원활,127.0414943912409598_37.5576542823099402|127.0408564347669227_37.5577662484576962
2026-09-04T06:42:24.849833+09:00,왕십리역,왕십리역,POI045,KEY_4,1030014302,왕십리로,1030023503,한양대병원앞교차로,127.0407317596827141_37.5576777615059285,1030024002,조선일보(행당지국),127.0390317491796708_37.5581207261700101,159.0,17.0,서행,127.0390317491796708_37.5581207261700101|127.0392551736033653_37.5580234612838879|127.0394473516100504_37.5579497920688397|127.0396148722932423_37.5578928506210872|127.0397835145799235_37.5578513273227159|127.0400937599964948_37.5577945406428881|127.0407317596827141_37.5576777615059285
2026-09-04T06:42:24.849833+09:00,왕십리역,왕십리역,POI045,KEY_4,1030014403,왕십리로,1030023600,한양대병원,127.0401241920463349_37.5578999118409200,1030023504,한양대병원앞교차로,127.0407178272021440_37.5577912532816640,54.0,43.0,원활,127.0407178272021440_37.5577912532816640|127.0401241920463349_37.5578999118409200
2026-09-04T06:42:24.849833+09:00,왕십리역,왕십리역,POI045,KEY_4,1030014701,마조로,1030023504,한양대병원앞교차로,127.0407178272021440_37.5577912532816640,1030024202,한양대병원,127.0407612725606299_37.5585544662770658,85.0,6.0,정체,127.0407612725606299_37.5585544662770658|127.0407236552717620_37.5583709119054916|127.0407015370226702_37.5582441411244830|127.0406890440276726_37.5580684726059033|127.0407178272021440_37.5577912532816640
2026-09-04T06:42:24.849833+09:00,왕십리역,왕십리역,POI045,KEY_4,1030014801,마조로,1030024101,한양대병원,127.0408950955423535_37.5585360531750752,1030023501,한양대병원앞교차로,127.0408564347669227_37.5577662484576962,86.0,22.0,서행,127.0408564347669227_37.5577662484576962|127.0408251710542658_37.5580698410820588|127.0408368192400559_37.5582336302307880|127.0408579567847340_37.5583547700938851|127.0408950955423535_37.5585360531750752
2026-09-04T06:42:24.849833+09:00,왕십리역,왕십리역,POI045,KEY_4,1030016100,마조로,1030061200,마장동 804,127.0416483790261850_37.5651550355191404,1030030503,마장역앞교차로,127.0417018327762833_37.5653994420407500,28.0,20.5,서행,127.0417018327762833_37.5653994420407500|127.0416640475275187_37.5653186632740557|127.0416478375684477_37.5652307633108933|127.0416483790261850_37.5651550355191404
2026-09-04T06:42:24.849833+09:00,왕십리역,왕십리역,POI045,KEY_4,1030018102,마장로,1030030803,마장지하차도,127.0386146617530017_37.5657857831450031,1030031502,도선사거리,127.0365873736816980_37.5659823448740369,183.0,38.7,원활,127.0365873736816980_37.5659823448740369|127.0367829784409395_37.5659089223587088|127.0384424182462340_37.5657480261625167|127.0386146617530017_37.5657857831450031
2026-09-04T06:42:24.849833+09:00,왕십리역,왕십리역,POI045,KEY_4,1030018204,마장로,1030144000,마장동 804,127.0411549741083945_37.5655881067383390,1030030504,마장역앞교차로,127.0417495217666470_37.5655013931411759,53.0,38.7,원활,127.0417495217666470_37.5655013931411759|127.0415658280315228_37.5655380183550420|127.0411549741083945_37.5655881067383390
2026-09-04T06:42:24.849833+09:00,왕십리역,왕십리역,POI045,KEY_4,1030018500,마장로,1030061800,마장동 804,127.0432974482949504_37.5664169399821475,1030032804,마장동주민센터앞교차로,127.0440440345155793_37.5669108325866077,86.0,19.7,서행,127.0440440345155793_37.5669108325866077|127.0433958505408043_37.5664809666421746|127.0432974482949504_37.5664169399821475
2026-09-04T06:42:24.849833+09:00,왕십리역,왕십리역,POI045,KEY_4,1030018600,마장로,1030134400,마장동 810,127.0425479832442335_37.5657896399408244,1030030502,마장역앞교차로,127.0418456121557966_37.5653969688591616,76.0,31.3,원활,127.0418456121557966_37.5653969688591616|127.0419850304157876_37.5654460044658123|127.0421341834124576_37.5655203871183048|127.0425479832442335_37.5657896399408244
2026-09-04T06:42:24.849833+09:00,왕십리역,왕십리역,POI045,KEY_4,1030040900,마조로,1030024101,한양대병원,127.0408950955423535_37.5585360531750752,1030023400,한양대병원,127.0414943912409598_37.5576542823099402,125.0,11.0,정체,127.0414943912409598_37.5576542823099402|127.0411961266824932_37.5577409077178999|127.0410544473263457_37.5578356428652285|127.0409871067379868_37.5579012237195897|127.0409497246167376_37.5579906327321069|127.0409086159234846_37.5581098417024819|127.0408950955423535_37.5585360531750752
2026-09-04T06:42:24.849833+09:00,왕십리역,왕십리역,POI045,KEY_4,1030041000,왕십리로,1030023600,한양대병원,127.0401241920463349_37.5578999118409200,1030024202,한양대병원,127.0407612725606299_37.5585544662770658,105.0,27.5,원활,127.0407612725606299_37.5585544662770658|127.0405979599217403_37.5581516669007414|127.0405080350082159_37.5579848249991599|127.0404475997170977_37.5579202802585499|127.0403472512524274_37.5578929999611830|127.0401241920463349_37.5578999118409200
2026-09-04T06:42:24.849833+09:00,왕십리역,왕십리역,POI045,KEY_4,1030041100,마조로1길,1030024102,한양대병원,127.0408742935170920_37.5585051489693527,1030024604,행당동 130-98,127.0392504179304041_37.5586532449253383,180.0,20.0,서행,127.0392504179304041_37.5586532449253383|127.0392814810351751_37.5585267702696868|127.0393697957369739_37.5584314333784306|127.0395271548831602_37.5583286635246267|127.0396861956018171_37.5582582540092886|127.0398075187269029_37.5582159491922383|127.0399309224261373_37.5581852033403223|127.0400668747390114_37.5581685059544839|127.0402144151123451_37.5581726499363526|127.0403519933965129_37.5581994653267088|127.0404650543163854_37.5582329121919187|127.0405965135359025_37.5582977343549516|127.0407379213938697_37.5584042907300102|127.0408742935170920_37.5585051489693527
2026-09-04T06:42:24.849833+09:00,왕십리역,왕십리역,POI045,KEY_4,1030041400,왕십리로,1030024604,행당동 130-98,127.0392504179304041_37.5586532449253383,1030024702,행당동 130-99,127.0371950414791513_37.5591915933272489,207.0,18.0,서행,127.0371950414791513_37.5591915933272489|127.0372938373433271_37.5592689894725993|127.0373044165327343_37.5592719332917255|127.0373458578195169_37.5592598216029501|127.0380813615824138_37.5588691344951968|127.0383532477905675_37.5587247109603766|127.0384819703694603_37.5586615920715730|127.0385888259601472_37.5586211429709351|127.0387058054011362_37.5586029324696327|127.0392504179304041_37.5586532449253383
2026-09-04T06:42:24.849833+09:00,왕십리역,왕십리역,POI045,KEY_4,1030041500,왕십리로,1030050100,행당동 147,127.0381567437530919_37.5589590712692853,1030024605,행당동 161-6,127.0392255234201144_37.5587597901073877,102.0,16.0,서행,127.0392255234201144_37.5587597901073877|127.0387111349351130_37.5587122703245271|127.0386316901602584_37.5587246373024328|127.0385469350028558_37.5587567206779909|127.0384265763602656_37.5588157382791010|127.0381567437530919_37.5589590712692853
2026-09-04T06:42:24.849833+09:00,왕십리역,왕십리역,POI045,KEY_4,1030042300,왕십리광장로,1030024004,조선일보(행당지국),127.0388406648960853_37.5583260986608423,1030026403,왕십리역앞,127.0377517205372015_37.5611993881740602,336.0,13.0,정체,127.0377517205372015_37.5611993881740602|127.0377650980093875_37.5611341446590146|127.0378097194870577_37.5610211543974373|127.0380548421426852_37.5607013821703504|127.0380954469743529_37.5606145084796168|127.0382123294102144_37.5599479231469928|127.0382440467292327_37.5598720705615392|127.0383749086904999_37.5596377571849445|127.0385186513372986_37.5593979442720141|127.0385718630762142_37.5592056229586788|127.0387086320606329_37.5587112989692713|127.0388406648960853_37.5583260986608423
2026-09-04T06:42:24.849833+09:00,왕십리역,왕십리역,POI045,KEY_4,1030042400,왕십리광장로,1030086700,행당동 168-151,127.0387044987476344_37.5592288798914993,1030024001,조선일보(행당지국),127.0390057146199183_37.5582552895193515,111.0,28.0,원활,127.0390057146199183_37.5582552895193515|127.0388405423378373_37.5587371746324052|127.0387044987476344_37.5592288798914993
2026-09-04T06:42:24.849833+09:00,왕십리역,왕십리역,POI045,KEY_4,1030044101,왕십리광장로,1030037400,왕십리역앞,127.0359784820327178_37.5611357748002419,1030026502,왕십리역앞교차로,127.0355510006751132_37.5611328602784198,38.0,13.0,정체,127.0355510006751132_37.5611328602784198|127.0356452401439356_37.5611257414677979|127.0358488591397617_37.5611237030310932|127.0359784820327178_37.5611357748002419
2026-09-04T06:42:24.849833+09:00,왕십리역,왕십리역,POI045,KEY_4,1030044102,왕십리광장로,1030026403,왕십리역앞,127.0377517205372015_37.5611993881740602,1030037400,왕십리역앞,127.0359784820327178_37.5611357748002419,157.0,12.0,정체,127.0359784820327178_37.5611357748002419|127.0368253885831251_37.5612146395864812|127.0368707386068081_37.5612188624500192|127.0370546307386093_37.5612225115798708|127.0377517205372015_37.5611993881740602
2026-09-04T06:42:24.849833+09:00,왕십리역,왕십리역,POI045,KEY_4,1030044500,왕십리광장로,1030026501,왕십리역앞교차로,127.0355939986096558_37.5612382173782393,1030026900,왕십리역앞,127.0359627017570290_37.5612431621990837,33.0,3.0,정체,127.0359627017570290_37.5612431621990837|127.0358417929594026_37.5612319022688581|127.0356525216958659_37.5612337967072207|127.0355939986096558_37.5612382173782393
2026-09-04T06:42:24.849833+09:00,왕십리역,왕십리역,POI045,KEY_4,1030044600,왕십리광장로,1030149300,행당동 188-1,127.0368096089545844_37.5613220274798536,1030026404,왕십리역앞,127.0377309319347319_37.5613082912370047,81.0,10.0,정체,127.0377309319347319_37.5613082912370047|127.0370557674667253_37.5613306866894590|127.0368611362330711_37.5613268255766073|127.0368096089545844_37.5613220274798536
2026-09-04T06:42:24.849833+09:00,왕십리역,왕십리역,POI045,KEY_4,1030044700,고산자로,1030027500,왕십리역,127.0357690042511507_37.5615701035394451,1030026900,왕십리역앞,127.0359627017570290_37.5612431621990837,47.0,10.0,정체,127.0359627017570290_37.5612431621990837|127.0358080594423313_37.5612942434570982|127.0357649548084282_37.5613314451612155|127.0357470069464938_37.5613729306825661|127.0357398437842420_37.5614229949302043|127.0357690042511507_37.5615701035394451
2026-09-04T06:42:24.849833+09:00,왕십리역,왕십리역,POI045,KEY_4,1030045101,마조로19길,1030059100,행당동 19-35,127.0393885431442271_37.5596858738063659,1030024602,행당동 19-82,127.0393592414637567_37.5587787106330353,101.0,11.0,정체,127.0393592414637567_37.5587787106330353|127.0393061338484699_37.5590165774156688|127.0393885431442271_37.5596858738063659
2026-09-04T06:42:24.849833+09:00,왕십리역,왕십리역,POI045,KEY_4,1030045201,마조로19길,1030024609,동마중학교,127.0386752783173279_37.5628242955473439,1030030803,마장지하차도,127.0386146617530017_37.5657857831450031,344.0,20.0,서행,127.0386146617530017_37.5657857831450031|127.0385600737579637_37.5657158398768161|127.0384531427916954_37.5655126821268226|127.0383431649115522_37.5651915713588878|127.0382962620837048_37.5651124301483961|127.0382454592931367_37.5650267081474496|127.0381943156338878_37.5648986481030605|127.0381355308392415_37.5645507186013248|127.0381207495017151_37.5643636783626320|127.0381231637716581_37.5642170728807727|127.0381507909637406_37.5640606672231030|127.0382198112129259_37.5638818466911886|127.0383133694872555_37.5636730478102976|127.0385671182345959_37.5631067372239897|127.0386189991260011_37.5629845505551643|127.0386752783173279_37.5628242955473439
2026-09-04T06:42:24.849833+09:00,왕십리역,왕십리역,POI045,KEY_4,1030045202,마조로19길,1030024605,행당동 161-6,127.0392255234201144_37.5587597901073877,1030024608,동마중학교,127.0387006256198958_37.5627180484271079,449.0,15.0,서행,127.0387006256198958_37.5627180484271079|127.0388678464282748_37.5618895184550681|127.0388970839293989_37.5617448859843179|127.0390868398354201_37.5608061850477739|127.0391428382667698_37.5607124718408514|127.0392818177529932_37.5605845589208940|127.0393043065291465_37.5605473357634239|127.0393238520345562_37.5604294013854982|127.0393250098986897_37.5603550590215463|127.0393260724128055_37.5602868386190920|127.0392729172373265_37.5598551369899667|127.0392533748053978_37.5596964211700453|127.0391691423192668_37.5590123107700862|127.0392255234201144_37.5587597901073877
2026-09-04T06:42:24.849833+09:00,왕십리역,왕십리역,POI045,KEY_4,1030046200,고산자로14길,1030107300,행당동 192-49,127.0366876740809516_37.5620177617034372,1030037302,서울특별시립성동청소,127.0359924631133310_37.5620912285831423,62.0,38.0,원활,127.0359924631133310_37.5620912285831423|127.0362763775775790_37.5620498159350049|127.0366876740809516_37.5620177617034372
2026-09-04T06:42:24.849833+09:00,왕십리역,왕십리역,POI045,KEY_4,1030046300,고산자로14길,1030107400,행당동 7,127.0367009081264911_37.5621253665273116,1030029802,행당동 192-40,127.0364219120025808_37.5647259650895009,353.0,18.0,서행,127.0364219120025808_37.5647259650895009|127.0365416540318364_37.5646629426064109|127.0368387063582674_37.5643967140319930|127.0368600695454404_37.5643514893217016|127.0369325873191855_37.5641979726829760|127.0370938059815558_37.5639997984659360|127.0372484053933135_37.5638121632627175|127.0372649247868395_37.5637665081702323|127.0372564144410035_37.5636098924651449|127.0371987457000813_37.5631351441197268|127.0371888387931136_37.5631127250437302|127.0371318140162202_37.5630787078087138|127.0370607004682029_37.5630362860563309|127.0370234718385944_37.5629770725376417|127.0370487862962818_37.5621556368928395|127.0370417118243580_37.5621203290568957|127.0370404865071947_37.5621189307603132|127.0370306045183639_37.5621076537173337|127.0370022209199448_37.5621018827232405|127.0367009081264911_37.5621253665273116
2026-09-04T06:42:24.849833+09:00,왕십리역,왕십리역,POI045,KEY_4,1030051200,왕십리광장로,1030037400,왕십리역앞,127.0359784820327178_37.5611357748002419,1030037100,왕십리역앞,127.0357826189997326_37.5608364862612945,44.0,8.0,정체,127.0357826189997326_37.5608364862612945|127.0357486607465347_37.5609256519804262|127.0357936330141939_37.5610358933276700|127.0358685325253703_37.5611073872131698|127.0359784820327178_37.5611357748002419
2026-09-04T06:42:24.849833+09:00,왕십리역,왕십리역,POI045,KEY_4,1030064200,왕십리광장로,1030024608,동마중학교,127.0387006256198958_37.5627180484271079,1030026401,왕십리역앞,127.0378689884879009_37.5613037113735189,226.0,20.0,서행,127.0378689884879009_37.5613037113735189|127.0378079757911109_37.5616402018536562|127.0377865977822296_37.5617767934806750|127.0377245417596015_37.5622682132607721|127.0377127997241331_37.5624403920444649|127.0377530330382143_37.5625409754472486|127.0378487239693328_37.5626047686992024|127.0387006256198958_37.5627180484271079
2026-09-04T06:42:24.849833+09:00,왕십리역,왕십리역,POI045,KEY_4,1030064300,왕십리광장로,1030026404,왕십리역앞,127.0377309319347319_37.5613082912370047,1030024609,동마중학교,127.0386752783173279_37.5628242955473439,242.0,30.0,원활,127.0386752783173279_37.5628242955473439|127.0377898698108936_37.5627065605114936|127.0376355840434428_37.5626037042817700|127.0375758292617832_37.5624543164691502|127.0375890895391251_37.5622598708882833|127.0376516210575062_37.5617647010788929|127.0376733614598521_37.5616257937989317|127.0377309319347319_37.5613082912370047
2026-09-04T06:42:24.849833+09:00,용산역,용산역,POI046,KEY_1,1020006501,이촌로,1020019800,원효대교북단교차로,126.9549713924562013_37.5315077158583179,1020020403,원효대교북단,126.9553082852605002_37.5317879306578988,43.0,23.0,서행,126.9553082852605002_37.5317879306578988|126.9552595804082529_37.5317588974850480|126.9551463430920109_37.5316836749914486|126.9550491339785054_37.5315936856741885|126.9549713924562013_37.5315077158583179
2026-09-04T06:42:24.849833+09:00,용산역,용산역,POI046,KEY_1,1020006502,이촌로,1020019104,원효대교(북측),126.9547296547672914_37.5310849407541980,1020019800,원효대교북단교차로,126.9549713924562013_37.5315077158583179,52.0,19.0,서행,126.9549713924562013_37.5315077158583179|126.9548823881418684_37.5314051380367530|126.9547955830909842_37.5312469196548548|126.9547296547672914_37.5310849407541980
2026-09-04T06:42:24.849833+09:00,용산역,용산역,POI046,KEY_1,1020006504,이촌로,1020018400,원효대교(북측),126.9545711623072890_37.5306544215694089,1020019103,원효대교(북측),126.9546751732118395_37.5309512393787443,34.0,29.0,원활,126.9546751732118395_37.5309512393787443|126.9546570380824448_37.5309067457603192|126.9545711623072890_37.5306544215694089
2026-09-04T06:42:24.849833+09:00,용산역,용산역,POI046,KEY_1,1020006505,이촌로,1020106600,이촌동 171-1,126.9544359068926269_37.5302142769447897,1020018400,원효대교(북측),126.9545711623072890_37.5306544215694089,50.0,35.3,원활,126.9545711623072890_37.5306544215694089|126.9544809652151400_37.5304060158969790|126.9544442074129051_37.5302666285182838|126.9544359068926269_37.5302142769447897
2026-09-04T06:42:24.849833+09:00,용산역,용산역,POI046,KEY_1,1020006506,이촌로,1020013502,이촌고가차도(남측),126.9585449269514044_37.5242820013251546,1020014202,이촌고가차도(북측),126.9567284262237763_37.5256034794381890,218.0,45.0,원활,126.9567284262237763_37.5256034794381890|126.9574592703260691_37.5249784632239098|126.9578315467532974_37.5247304021404133|126.9585449269514044_37.5242820013251546
2026-09-04T06:42:24.849833+09:00,용산역,용산역,POI046,KEY_1,1020006601,이촌로,1020020402,원효대교북단,126.9553901102148501_37.5317020507255563,1020019101,원효대교(북측),126.9548588027812031_37.5310516019593976,88.0,26.0,원활,126.9548588027812031_37.5310516019593976|126.9549226689843948_37.5312085125953701|126.9550033116491221_37.5313554984575291|126.9550615398033386_37.5314328679821756|126.9551536553410358_37.5315246564589984|126.9552419361069866_37.5316063792257282|126.9553441400846054_37.5316742723173178|126.9553901102148501_37.5317020507255563
2026-09-04T06:42:24.849833+09:00,용산역,용산역,POI046,KEY_1,1020006602,이촌로,1020205500,최소노드배치점,126.9548358306542184_37.5280745473059696,1020014201,이촌고가차도(북측),126.9568310199770877_37.5256741735968973,321.0,33.0,원활,126.9568310199770877_37.5256741735968973|126.9567137750659356_37.5257905141320904|126.9566032818130168_37.5259001546487454|126.9561863225043794_37.5263138922143824|126.9559119746242430_37.5265861169618304|126.9558554148212153_37.5266429384152786|126.9556176202604121_37.5268818317877120|126.9553630706085698_37.5271950322431351|126.9552216938227076_37.5273988835597478|126.9551608101404412_37.5275054945227566|126.9548358306542184_37.5280745473059696
2026-09-04T06:42:24.849833+09:00,용산역,용산역,POI046,KEY_1,1020006603,이촌로,1020014201,이촌고가차도(북측),126.9568310199770877_37.5256741735968973,1020013501,이촌고가차도(남측),126.9586289791741223_37.5243669044741708,216.0,35.3,원활,126.9586289791741223_37.5243669044741708|126.9579171683803196_37.5248143186944176|126.9575528488126537_37.5250570787040729|126.9568310199770877_37.5256741735968973
2026-09-04T06:42:24.849833+09:00,용산역,용산역,POI046,KEY_1,1020007302,한강대로,1020015204,용산역,126.9667170087153636_37.5280456524693449,1020016803,전자상가입구교차로,126.9681558223356888_37.5295644873819896,211.0,36.0,원활,126.9681558223356888_37.5295644873819896|126.9672342806026819_37.5285917021841300|126.9667170087153636_37.5280456524693449
2026-09-04T06:42:24.849833+09:00,용산역,용산역,POI046,KEY_1,1020007303,한강대로,1020014817,용산역사거리,126.9661319906761747_37.5274253090940633,1020015203,용산역,126.9666353702945258_37.5279592626933010,74.0,42.0,원활,126.9666353702945258_37.5279592626933010|126.9661319906761747_37.5274253090940633
2026-09-04T06:42:24.849833+09:00,용산역,용산역,POI046,KEY_1,1020007402,한강대로,1020051500,한강로2가 188-1,126.9673426559004668_37.5285265849111056,1020015201,속성변화점,126.9668253836721163_37.5279805356647955,76.0,51.7,원활,126.9668253836721163_37.5279805356647955|126.9673426559004668_37.5285265849111056
2026-09-04T06:42:24.849833+09:00,용산역,용산역,POI046,KEY_1,1020007404,한강대로,1020015201,속성변화점,126.9668253836721163_37.5279805356647955,1020014814,용산역사거리,126.9662405537631287_37.5273603918662033,86.0,48.0,원활,126.9662405537631287_37.5273603918662033|126.9667439343401583_37.5278943446378008|126.9668253836721163_37.5279805356647955
2026-09-04T06:42:24.849833+09:00,용산역,용산역,POI046,KEY_1,1020007700,청파로,1020173500,최소노드배치점,126.9542456981875063_37.5317279758192655,1020037602,원효대교,126.9568345198735386_37.5332410447366627,285.0,58.5,원활,126.9568345198735386_37.5332410447366627|126.9565849866213654_37.5331524137163512|126.9561176036738885_37.5328605788594274|126.9556559715311721_37.5326013704243877|126.9553154035325093_37.5324227537399153|126.9549297998321720_37.5322109106913047|126.9546531467051835_37.5320271321003176|126.9542456981875063_37.5317279758192655
2026-09-04T06:42:24.849833+09:00,용산역,용산역,POI046,KEY_1,1020008301,새창로,1020143800,한강로3가 3-38,126.9630915470483501_37.5330272864438896,1020022103,용산전자상가앞교차로,126.9629279568080591_37.5332351639350534,27.0,40.3,원활,126.9629279568080591_37.5332351639350534|126.9630538866097140_37.5330634009447337|126.9630915470483501_37.5330272864438896
2026-09-04T06:42:24.849833+09:00,용산역,용산역,POI046,KEY_1,1020008302,새창로,1020020304,한강로3가 23-4,126.9652119205696295_37.5317965792214139,1020021002,신용산지하차도(서측),126.9641478967900383_37.5325528422241064,127.0,50.0,원활,126.9641478967900383_37.5325528422241064|126.9643316528803609_37.5324303445171026|126.9643497266759482_37.5324240929770170|126.9644789739496247_37.5323619601416141|126.9646508439094248_37.5322560774030194|126.9652119205696295_37.5317965792214139
2026-09-04T06:42:24.849833+09:00,용산역,용산역,POI046,KEY_1,1020008304,새창로,1020017803,신용산지하차도(동측),126.9672920986842541_37.5301423807374377,1020021002,신용산지하차도(서측),126.9641478967900383_37.5325528422241064,388.0,21.0,서행,126.9641478967900383_37.5325528422241064|126.9643809266257364_37.5324722401779951|126.9645174119451809_37.5324066289165401|126.9646961706868211_37.5322965008629552|126.9653089376107715_37.5317946698217355|126.9666662371181047_37.5306072265435589|126.9670883183181331_37.5302833177777018|126.9672920986842541_37.5301423807374377
2026-09-04T06:42:24.849833+09:00,용산역,용산역,POI046,KEY_1,1020008306,새창로,1020016803,전자상가입구교차로,126.9681558223356888_37.5295644873819896,1020017802,신용산지하차도(동측),126.9673959720882692_37.5300726947153009,88.0,16.3,서행,126.9673959720882692_37.5300726947153009|126.9677699989137238_37.5298289272809029|126.9679910930038602_37.5296848305883302|126.9679948818404398_37.5296820626562777|126.9681558223356888_37.5295644873819896
2026-09-04T06:42:24.849833+09:00,용산역,용산역,POI046,KEY_1,1020008401,새창로,1020022102,용산전자상가앞교차로,126.9630710658397987_37.5332544033118722,1020021004,신용산지하차도(서측),126.9640622935567649_37.5327015803896558,110.0,20.0,서행,126.9640622935567649_37.5327015803896558|126.9634749367835127_37.5329119529101760|126.9633867785343142_37.5329492144407979|126.9632743505974162_37.5330212208712055|126.9631959939209196_37.5330963613603785|126.9631654873827102_37.5331256156879931|126.9630710658397987_37.5332544033118722
2026-09-04T06:42:24.849833+09:00,용산역,용산역,POI046,KEY_1,1020008402,새창로,1020021001,신용산지하차도(서측),126.9642019833896285_37.5326520130916776,1020020301,한강로2가 2-367,126.9654108854401215_37.5319438111119723,137.0,19.0,서행,126.9654108854401215_37.5319438111119723|126.9648321479170505_37.5324177738388656|126.9646327205503979_37.5325406342616859|126.9644745301098396_37.5326166817303246|126.9644398268731891_37.5326286851676940|126.9642019833896285_37.5326520130916776
2026-09-04T06:42:24.849833+09:00,용산역,용산역,POI046,KEY_1,1020008404,새창로,1020021001,신용산지하차도(서측),126.9642019833896285_37.5326520130916776,1020017804,신용산지하차도(동측),126.9673811166748720_37.5302240136235596,392.0,43.0,원활,126.9673811166748720_37.5302240136235596|126.9671799908457928_37.5303631161555273|126.9667636396161754_37.5306826263665059|126.9654078286461214_37.5318687710402443|126.9647868221242817_37.5323773504322133|126.9645942835487062_37.5324959655255483|126.9644433289083878_37.5325685345548337|126.9642019833896285_37.5326520130916776
2026-09-04T06:42:24.849833+09:00,용산역,용산역,POI046,KEY_1,1020008406,새창로,1020126900,한강로2가 422-1,126.9678559795664512_37.5299126000648968,1020016804,전자상가입구교차로,126.9682403944276103_37.5296494232954956,45.0,4.0,정체,126.9682403944276103_37.5296494232954956|126.9680866539261928_37.5297617379752211|126.9680800395232581_37.5297665700961005|126.9678559795664512_37.5299126000648968
2026-09-04T06:42:24.849833+09:00,용산역,용산역,POI046,KEY_1,1020009702,청파로,1020020404,원효대교북단,126.9556375536380557_37.5319857483433736,1020020600,한강로3가16-65,126.9565323634393508_37.5323743610575846,90.0,34.0,원활,126.9565323634393508_37.5323743610575846|126.9556375536380557_37.5319857483433736
2026-09-04T06:42:24.849833+09:00,용산역,용산역,POI046,KEY_1,1020009703,청파로,1020020600,한강로3가16-65,126.9565323634393508_37.5323743610575846,1020020902,용산전자단지우체국,126.9569058189334640_37.5325337481242514,37.0,34.0,원활,126.9569058189334640_37.5325337481242514|126.9565323634393508_37.5323743610575846
2026-09-04T06:42:24.849833+09:00,용산역,용산역,POI046,KEY_1,1020009704,청파로,1020020902,용산전자단지우체국,126.9569058189334640_37.5325337481242514,1020021304,한강로3가 16-7,126.9574584875420840_37.5327318107459149,54.0,52.7,원활,126.9574584875420840_37.5327318107459149|126.9572579846815188_37.5326702912132433|126.9569058189334640_37.5325337481242514
2026-09-04T06:42:24.849833+09:00,용산역,용산역,POI046,KEY_1,1020009705,청파로,1020119000,한강로3가 16-7,126.9595695472644508_37.5332638198563799,1020021604,한강로3가 16-19,126.9615014024332140_37.5332163732493740,172.0,45.0,원활,126.9615014024332140_37.5332163732493740|126.9602058425279836_37.5333336741990635|126.9600077776086664_37.5333356039105581|126.9597562586833277_37.5333057692181953|126.9595695472644508_37.5332638198563799
2026-09-04T06:42:24.849833+09:00,용산역,용산역,POI046,KEY_1,1020009706,청파로,1020021601,한강로3가 1-5,126.9616473260760756_37.5332073613940054,1020022104,용산전자상가앞교차로,126.9628484822402044_37.5333341021974505,107.0,36.7,원활,126.9628484822402044_37.5333341021974505|126.9618939521689356_37.5332053139414228|126.9617370896390582_37.5332029917991576|126.9616473260760756_37.5332073613940054
2026-09-04T06:42:24.849833+09:00,용산역,용산역,POI046,KEY_1,1020009708,청파로,1020037500,원효대교(북측),126.9542693846201331_37.5315793811471394,1020020404,원효대교북단,126.9556375536380557_37.5319857483433736,129.0,40.0,원활,126.9556375536380557_37.5319857483433736|126.9551388991962710_37.5318433205660398|126.9547492867794602_37.5317238126920998|126.9542693846201331_37.5315793811471394
2026-09-04T06:42:24.849833+09:00,용산역,용산역,POI046,KEY_1,1020009802,청파로,1020020403,원효대교북단,126.9553082852605002_37.5317879306578988,1020020200,원효대교(북측),126.9548392490623030_37.5316133150025451,46.0,25.0,원활,126.9548392490623030_37.5316133150025451|126.9550620163499985_37.5317058967629364|126.9552021760954830_37.5317598740333125|126.9553082852605002_37.5317879306578988
2026-09-04T06:42:24.849833+09:00,용산역,용산역,POI046,KEY_1,1020009803,청파로,1020020901,용산전자단지우체국,126.9569675898006125_37.5324375365610621,1020020401,원효대교북단,126.9557064644342717_37.5318932133014656,127.0,22.0,서행,126.9557064644342717_37.5318932133014656|126.9565965093453883_37.5322790695441242|126.9569675898006125_37.5324375365610621
2026-09-04T06:42:24.849833+09:00,용산역,용산역,POI046,KEY_1,1020009804,청파로,1020021303,한강로3가 16-7,126.9575072985046518_37.5326309196351815,1020020901,용산전자단지우체국,126.9569675898006125_37.5324375365610621,52.0,12.0,정체,126.9569675898006125_37.5324375365610621|126.9573122042361888_37.5325710592489799|126.9575072985046518_37.5326309196351815
2026-09-04T06:42:24.849833+09:00,용산역,용산역,POI046,KEY_1,1020009805,청파로,1020021603,한강로3가 16-7,126.9614677039148063_37.5331106071503697,1020021302,한강로3가 16-7,126.9576337477824950_37.5326706470732603,349.0,25.0,원활,126.9576337477824950_37.5326706470732603|126.9580664129919683_37.5328101154640095|126.9585225787335219_37.5329162450912719|126.9596064120293448_37.5331597618635868|126.9597848075777904_37.5331998428518006|126.9600170076349457_37.5332273860062742|126.9601973228100036_37.5332256286964352|126.9614677039148063_37.5331106071503697
2026-09-04T06:42:24.849833+09:00,용산역,용산역,POI046,KEY_1,1020009806,청파로,1020022103,용산전자상가앞교차로,126.9629279568080591_37.5332351639350534,1020021602,한강로3가 16-39,126.9616029567967104_37.5331011995652588,118.0,18.0,서행,126.9616029567967104_37.5331011995652588|126.9617342044094386_37.5330948103767668|126.9619066244179351_37.5330973627923612|126.9629279568080591_37.5332351639350534
2026-09-04T06:42:24.849833+09:00,용산역,용산역,POI046,KEY_1,1020010101,원효로,1020020501,현대원효로센터앞교차로,126.9539405868904964_37.5322577712034473,1020021802,성불사,126.9566111307023277_37.5331000118838318,264.0,33.0,원활,126.9566111307023277_37.5331000118838318|126.9561594810851517_37.5328179473307841|126.9556942083330568_37.5325566942213769|126.9553618008372524_37.5323823568818753|126.9550080897569586_37.5322928947044829|126.9546935805942809_37.5322579850113343|126.9545090936698841_37.5322510272462040|126.9544108963312965_37.5322473237002754|126.9541630715034586_37.5322472277727215|126.9539405868904964_37.5322577712034473
2026-09-04T06:42:24.849833+09:00,용산역,용산역,POI046,KEY_1,1020010103,원효로,1020056200,원효로3가 47-12,126.9584348464885011_37.5341146938112047,1020024504,원효전화국,126.9602035658032548_37.5348449023069861,176.0,52.0,원활,126.9602035658032548_37.5348449023069861|126.9585590008392302_37.5341732154492931|126.9584348464885011_37.5341146938112047
2026-09-04T06:42:24.849833+09:00,용산역,용산역,POI046,KEY_1,1020010104,원효로,1020024501,원효전화국,126.9603308476740580_37.5348967079158768,1020025504,원효로2가사거리,126.9615466458641890_37.5353906443280891,121.0,44.0,원활,126.9615466458641890_37.5353906443280891|126.9603308476740580_37.5348967079158768
2026-09-04T06:42:24.849833+09:00,용산역,용산역,POI046,KEY_1,1020010105,원효로,1020021801,성불사,126.9567219150006707_37.5331696767850218,1020037602,원효대교,126.9568345198735386_37.5332410447366627,13.0,58.0,원활,126.9568345198735386_37.5332410447366627|126.9567219150006707_37.5331696767850218
2026-09-04T06:42:24.849833+09:00,용산역,용산역,POI046,KEY_1,1020010106,원효로,1020037602,원효대교,126.9568345198735386_37.5332410447366627,1020022803,원효대교북단,126.9572909752407952_37.5335219124607775,51.0,53.3,원활,126.9572909752407952_37.5335219124607775|126.9569699494762745_37.5333268803031075|126.9568345198735386_37.5332410447366627
2026-09-04T06:42:24.849833+09:00,용산역,용산역,POI046,KEY_1,1020010202,원효로,1020021500,스페이스빌딩,126.9567356509816420_37.5330397231732746,1020021100,원효대교(북측),126.9561715111079963_37.5326923837849762,63.0,50.0,원활,126.9561715111079963_37.5326923837849762|126.9567356509816420_37.5330397231732746
2026-09-04T06:42:24.849833+09:00,용산역,용산역,POI046,KEY_1,1020010204,원효로,1020056300,원효로3가 57-2,126.9585040021752462_37.5340216509975093,1020022801,속성변화점,126.9575143077252903_37.5335198035977271,104.0,28.0,원활,126.9575143077252903_37.5335198035977271|126.9577629164446648_37.5336490491793953|126.9578768727078284_37.5337082919235598|126.9583520494125537_37.5339500260028203|126.9585040021752462_37.5340216509975093
2026-09-04T06:42:24.849833+09:00,용산역,용산역,POI046,KEY_1,1020010205,원효로,1020025503,원효로2가사거리,126.9616066918026007_37.5352936610886161,1020024502,원효전화국,126.9603925485917841_37.5348003971819892,120.0,20.0,서행,126.9603925485917841_37.5348003971819892|126.9616066918026007_37.5352936610886161
2026-09-04T06:42:24.849833+09:00,용산역,용산역,POI046,KEY_1,1020010206,원효로,1020037601,원효대교,126.9569192541430027_37.5331563648474642,1020021500,스페이스빌딩,126.9567356509816420_37.5330397231732746,21.0,46.0,원활,126.9567356509816420_37.5330397231732746|126.9569192541430027_37.5331563648474642
2026-09-04T06:42:24.849833+09:00,용산역,용산역,POI046,KEY_1,1020010207,원효로,1020022801,속성변화점,126.9575143077252903_37.5335198035977271,1020037601,원효대교,126.9569192541430027_37.5331563648474642,66.0,49.0,원활,126.9569192541430027_37.5331563648474642|126.9570534673341626_37.5332416291606350|126.9573733231160020_37.5334359509358393|126.9575143077252903_37.5335198035977271
2026-09-04T06:42:24.849833+09:00,용산역,용산역,POI046,KEY_1,1020010302,청파로,1020022101,용산전자상가앞교차로,126.9629950467819413_37.5333538457541422,1020023304,욱천고가차도,126.9667423822990884_37.5338566798318425,336.0,22.0,서행,126.9667423822990884_37.5338566798318425|126.9640513889183637_37.5334956050625834|126.9639175077057160_37.5334776391437899|126.9629950467819413_37.5333538457541422
2026-09-04T06:42:24.849833+09:00,용산역,용산역,POI046,KEY_1,1020010401,청파로,1020023303,욱천고가차도,126.9666991397419622_37.5337412337859959,1020022402,과학동아천문대,126.9640739486854528_37.5333889875427644,235.0,49.3,원활,126.9640739486854528_37.5333889875427644|126.9666991397419622_37.5337412337859959
2026-09-04T06:42:24.849833+09:00,용산역,용산역,POI046,KEY_1,1020010500,새창로,1020162500,신계동 33-1,126.9620261863349242_37.5346299016487635,1020025503,원효로2가사거리,126.9616066918026007_37.5352936610886161,82.0,14.5,정체,126.9616066918026007_37.5352936610886161|126.9620261863349242_37.5346299016487635
2026-09-04T06:42:24.849833+09:00,용산역,용산역,POI046,KEY_1,1020010600,새창로,1020071900,신계동 33-1,126.9622256102794040_37.5345548543234315,1020022101,용산전자상가앞교차로,126.9629950467819413_37.5333538457541422,150.0,17.0,서행,126.9629950467819413_37.5333538457541422|126.9628865667205702_37.5334837393238701|126.9623753062408724_37.5343179881643252|126.9622256102794040_37.5345548543234315
2026-09-04T06:42:24.849833+09:00,용산역,용산역,POI046,KEY_1,1020012200,새창로,1020053600,원효로2가 69-8,126.9614104165255384_37.5358642039830173,1020025501,원효로2가사거리,126.9616681414131563_37.5354389270863322,52.0,23.0,서행,126.9616681414131563_37.5354389270863322|126.9614104165255384_37.5358642039830173
2026-09-04T06:42:24.849833+09:00,용산역,용산역,POI046,KEY_1,1020013001,원효로,1020156300,원효로2가 85-18,126.9621265329987807_37.5355061956467253,1020025502,원효로2가사거리,126.9617281707655394_37.5353419481051134,40.0,25.0,원활,126.9617281707655394_37.5353419481051134|126.9619750621552043_37.5354379534562739|126.9621265329987807_37.5355061956467253
2026-09-04T06:42:24.849833+09:00,용산역,용산역,POI046,KEY_1,1020031003,한강대로23길,1020014811,한강로3가40-999,126.9650319571767909_37.5280002038717555,1020014808,나인트리프리미어로카우스호텔서울용산,126.9650066545708853_37.5276421187492488,41.0,32.0,원활,126.9650066545708853_37.5276421187492488|126.9649914191819278_37.5277013522904355|126.9649619436993220_37.5278251817468700|126.9649731538123945_37.5279028153889769|126.9650111793189211_37.5279786063186336|126.9650319571767909_37.5280002038717555
2026-09-04T06:42:24.849833+09:00,용산역,용산역,POI046,KEY_1,1020031004,한강대로23길,1020015802,용산역광장앞삼거리,126.9655870495660963_37.5285771917394086,1020014810,한강로3가40-999,126.9651145625119995_37.5280860680841215,69.0,35.0,원활,126.9651145625119995_37.5280860680841215|126.9655870495660963_37.5285771917394086
2026-09-04T06:42:24.849833+09:00,용산역,용산역,POI046,KEY_1,1020031103,한강대로23길,1020014813,한강로3가40-999,126.9649986264322621_37.5281433310974464,1020015803,용산역광장앞삼거리,126.9654792857407983_37.5286429499279635,70.0,21.5,서행,126.9654792857407983_37.5286429499279635|126.9649986264322621_37.5281433310974464
2026-09-04T06:42:24.849833+09:00,용산역,용산역,POI046,KEY_1,1020031104,한강대로23길,1020014809,나인트리프리미어로카우스호텔서울용산,126.9648618974692766_37.5276661459034742,1020014812,한강로3가40-999,126.9649132840756920_37.5280546215653175,45.0,32.0,원활,126.9649132840756920_37.5280546215653175|126.9648920477050780_37.5280325472795724|126.9648403574404796_37.5279295185643349|126.9648247157962260_37.5278211990720649|126.9648582224020572_37.5276804338166627|126.9648618974692766_37.5276661459034742
2026-09-04T06:42:24.849833+09:00,용산역,용산역,POI046,KEY_1,1020031200,한강대로29길,1020015203,용산역,126.9666353702945258_37.5279592626933010,1020015802,용산역광장앞삼거리,126.9655870495660963_37.5285771917394086,115.0,26.0,원활,126.9655870495660963_37.5285771917394086|126.9666353702945258_37.5279592626933010
2026-09-04T06:42:24.849833+09:00,용산역,용산역,POI046,KEY_1,1020031300,한강대로29길,1020015801,용산역광장앞삼거리,126.9656695215508364_37.5286630905805509,1020015204,용산역,126.9667170087153636_37.5280456524693449,115.0,13.0,정체,126.9667170087153636_37.5280456524693449|126.9656695215508364_37.5286630905805509
2026-09-04T06:42:24.849833+09:00,용산역,용산역,POI046,KEY_1,1020031800,한강대로23길,1020016503,래미안용산더센트럴아파트,126.9665866344622600_37.5293810609541154,1020015801,용산역광장앞삼거리,126.9656695215508364_37.5286630905805509,117.0,14.0,정체,126.9656695215508364_37.5286630905805509|126.9662201108448301_37.5292376820034406|126.9663585298970645_37.5293159554833409|126.9664976804328944_37.5293681540214692|126.9665866344622600_37.5293810609541154
2026-09-04T06:42:24.849833+09:00,용산역,용산역,POI046,KEY_1,1020031900,한강대로23길,1020015804,용산역광장앞삼거리,126.9655615980971248_37.5287286830372580,1020016504,래미안용산더센트럴아파트,126.9665623007562090_37.5294874303158039,126.0,4.0,정체,126.9665623007562090_37.5294874303158039|126.9664558863780712_37.5294719906999603|126.9662897668189885_37.5294096751808439|126.9661246990065138_37.5293163310360498|126.9655615980971248_37.5287286830372580
2026-09-04T06:42:24.849833+09:00,용산역,용산역,POI046,KEY_1,1020033800,한강대로23길,1020017802,신용산지하차도(동측),126.9673959720882692_37.5300726947153009,1020016502,래미안용산더센트럴아파트,126.9668186628177295_37.5294998350448381,82.0,12.0,정체,126.9668186628177295_37.5294998350448381|126.9668353525807589_37.5295109193249630|126.9673959720882692_37.5300726947153009
2026-09-04T06:42:24.849833+09:00,용산역,용산역,POI046,KEY_1,1020033900,한강대로23길,1020016501,래미안용산더센트럴아파트,126.9667317143194367_37.5295828712989419,1020017803,신용산지하차도(동측),126.9672920986842541_37.5301423807374377,79.0,8.0,정체,126.9672920986842541_37.5301423807374377|126.9667377225475065_37.5295868616176236|126.9667317143194367_37.5295828712989419
2026-09-04T06:42:24.849833+09:00,용산역,용산역,POI046,KEY_1,1020037600,청파로20길,1020121400,한강로2가 16-8,126.9668210577428340_37.5331389847105044,1020023303,욱천고가차도,126.9666991397419622_37.5337412337859959,68.0,25.0,원활,126.9666991397419622_37.5337412337859959|126.9668024994931272_37.5332225614810042|126.9668210577428340_37.5331389847105044
2026-09-04T06:42:24.849833+09:00,용산역,용산역,POI046,KEY_1,1020034800,이촌로2길,1020017500,이촌119안전센터,126.9523654405978732_37.5299851049663928,1020019104,원효대교(북측),126.9547296547672914_37.5310849407541980,251.0,24.0,서행,126.9547296547672914_37.5310849407541980|126.9545655803105433_37.5310328345768127|126.9543726239541144_37.5309286287612096|126.9540821407545081_37.5307553338088766|126.9530819266436481_37.5301623577747137|126.9528911683399315_37.5300492648525363|126.9527252955329146_37.5299509250104393|126.9526356021338103_37.5299314301440461|126.9525667304034755_37.5299311114793284|126.9525008186408570_37.5299355755796711|126.9523654405978732_37.5299851049663928
2026-09-04T06:42:24.849833+09:00,용산역,용산역,POI046,KEY_1,1020034900,이촌로,1020018400,원효대교(북측),126.9545711623072890_37.5306544215694089,1020018700,원효대교(북측),126.9543146494929005_37.5307598839378187,27.0,17.0,서행,126.9543146494929005_37.5307598839378187|126.9544437703061419_37.5307416362807444|126.9545056917429804_37.5307121037020153|126.9545534666634836_37.5306713040317206|126.9545711623072890_37.5306544215694089
2026-09-04T06:42:24.849833+09:00,용산역,용산역,POI046,KEY_1,1020035200,이촌로2길,1020019103,원효대교(북측),126.9546751732118395_37.5309512393787443,1020018700,원효대교(북측),126.9543146494929005_37.5307598839378187,38.0,16.0,서행,126.9543146494929005_37.5307598839378187|126.9544514644855440_37.5308405709979240|126.9546295685219661_37.5309367565745760|126.9546751732118395_37.5309512393787443
2026-09-04T06:42:24.849833+09:00,용산역,용산역,POI046,KEY_1,1020036100,이촌로,1020019104,원효대교(북측),126.9547296547672914_37.5310849407541980,1020019300,원효대교(북측),126.9543441870368383_37.5313612767879334,53.0,35.0,원활,126.9543441870368383_37.5313612767879334|126.9544303469565278_37.5313660691537123|126.9545129769833665_37.5313541456228563|126.9546005674117595_37.5313227226698274|126.9546616289976413_37.5312789475547532|126.9546937077607396_37.5311873829968690|126.9547296547672914_37.5310849407541980
2026-09-04T06:42:24.849833+09:00,용산역,용산역,POI046,KEY_1,1020036300,청파로,1020173900,최소노드배치점,126.9610232494990356_37.5318170658722465,1020021303,한강로3가 16-7,126.9575072985046518_37.5326309196351815,380.0,10.0,정체,126.9575072985046518_37.5326309196351815|126.9578275642214180_37.5318770888071569|126.9579050787331767_37.5318219157228796|126.9580441527752441_37.5317903247534730|126.9581599223025989_37.5317836200292945|126.9582503389003136_37.5318011098269508|126.9587847846923694_37.5319191178751055|126.9592422416729391_37.5319853479552847|126.9598040293009262_37.5320438172580566|126.9599868096045014_37.5320348945443172|126.9602979712750823_37.5319846984666938|126.9610232494990356_37.5318170658722465
2026-09-04T06:42:24.849833+09:00,용산역,용산역,POI046,KEY_1,1020036400,청파로,1020051600,한강로3가 40-999,126.9651342782798906_37.5308520902996037,1020016501,래미안용산더센트럴아파트,126.9667317143194367_37.5295828712989419,286.0,15.0,서행,126.9667317143194367_37.5295828712989419|126.9667342797360448_37.5295871669884633|126.9670026551513899_37.5298632595946771|126.9670198541459598_37.5299346174117971|126.9670018542596779_37.5300299563627817|126.9669516738453154_37.5301004213707472|126.9665305642197239_37.5304917275435486|126.9663500374824423_37.5306268174460413|126.9662430780638118_37.5306336011953618|126.9657310266158277_37.5303634416177161|126.9655336880002920_37.5305204864041144|126.9651342782798906_37.5308520902996037
2026-09-04T06:42:24.849833+09:00,용산역,용산역,POI046,KEY_1,1020036500,이촌로,1020019800,원효대교북단교차로,126.9549713924562013_37.5315077158583179,1020020200,원효대교(북측),126.9548392490623030_37.5316133150025451,20.0,23.0,서행,126.9548392490623030_37.5316133150025451|126.9549083150940731_37.5316110717711027|126.9549509103713802_37.5315900370343911|126.9549709351302482_37.5315664735781809|126.9549752021724913_37.5315409480382698|126.9549713924562013_37.5315077158583179
2026-09-04T06:42:24.849833+09:00,용산역,용산역,POI046,KEY_1,1020037000,청파로20길,1020079500,한강로3가 40-969,126.9629597330628741_37.5320408152329819,1020021603,한강로3가 16-7,126.9614677039148063_37.5331106071503697,225.0,20.0,서행,126.9614677039148063_37.5331106071503697|126.9614047219316859_37.5325343489783307|126.9614013743318850_37.5324176547259896|126.9614508283752343_37.5323318198881850|126.9615635429022689_37.5322869840670563|126.9619319510057380_37.5322220300683327|126.9629597330628741_37.5320408152329819
2026-09-04T06:42:24.849833+09:00,용산역,용산역,POI046,KEY_1,1020037100,청파로20길,1020099000,한강로3가 23-1,126.9637035399275788_37.5320204024149149,1020020304,한강로3가 23-4,126.9652119205696295_37.5317965792214139,140.0,24.0,서행,126.9652119205696295_37.5317965792214139|126.9651393019003365_37.5317424383839153|126.9650994879791170_37.5317344987149681|126.9649852047470375_37.5317530795719136|126.9640726512030824_37.5319553172189231|126.9637035399275788_37.5320204024149149
2026-09-04T06:42:24.849833+09:00,용산역,용산역,POI046,KEY_1,1020037400,청파로,1020020600,한강로3가16-65,126.9565323634393508_37.5323743610575846,1020021100,원효대교(북측),126.9561715111079963_37.5326923837849762,57.0,20.0,서행,126.9561715111079963_37.5326923837849762|126.9563725209901719_37.5326683519297930|126.9564513229297091_37.5326418852762274|126.9565040511106275_37.5325974123742796|126.9565345586347433_37.5325200456337811|126.9565323634393508_37.5323743610575846
2026-09-04T06:42:24.849833+09:00,용산역,용산역,POI046,KEY_1,1020037500,청파로20길,1020023302,욱천고가차도,126.9668127759471901_37.5337599745325932,1020020302,한강로2가 2-367,126.9655029202062337_37.5318643256554978,269.0,16.0,서행,126.9655029202062337_37.5318643256554978|126.9658228653465244_37.5320992742805473|126.9669454772575961_37.5328926487014982|126.9669788188484318_37.5329657490361228|126.9669825954666464_37.5330324178620387|126.9669547514942423_37.5331578118494633|126.9669364015558273_37.5332404496774856|126.9668127759471901_37.5337599745325932
2026-09-04T06:42:24.849833+09:00,용산역,용산역,POI046,KEY_1,1020057001,한강대로,1020041503,용산우체국,126.9688709856765172_37.5301100058853052,1020016801,전자상가입구교차로,126.9683459865975124_37.5295827397858162,75.0,26.0,원활,126.9683459865975124_37.5295827397858162|126.9688709856765172_37.5301100058853052
2026-09-04T06:42:24.849833+09:00,용산역,용산역,POI046,KEY_1,1020037700,원효로,1020021500,스페이스빌딩,126.9567356509816420_37.5330397231732746,1020020902,용산전자단지우체국,126.9569058189334640_37.5325337481242514,60.0,18.0,서행,126.9569058189334640_37.5325337481242514|126.9568100044306647_37.5326661782408806|126.9567290707744291_37.5328556687790567|126.9567356509816420_37.5330397231732746
2026-09-04T06:42:24.849833+09:00,용산역,용산역,POI046,KEY_1,1020038000,청파로,1020022402,과학동아천문대,126.9640739486854528_37.5333889875427644,1020021001,신용산지하차도(서측),126.9642019833896285_37.5326520130916776,83.0,16.0,서행,126.9642019833896285_37.5326520130916776|126.9641861505747897_37.5328649726940426|126.9640739486854528_37.5333889875427644
2026-09-04T06:42:24.849833+09:00,용산역,용산역,POI046,KEY_1,1020038100,청파로,1020021004,신용산지하차도(서측),126.9640622935567649_37.5327015803896558,1020022403,과학동아천문대,126.9639400680898262_37.5333710217557694,75.0,13.0,정체,126.9639400680898262_37.5333710217557694|126.9640510614697462_37.5328526528075628|126.9640622935567649_37.5327015803896558
2026-09-04T06:42:24.849833+09:00,용산역,용산역,POI046,KEY_1,1020038800,청파로,1020022403,과학동아천문대,126.9639400680898262_37.5333710217557694,1020022102,용산전자상가앞교차로,126.9630710658397987_37.5332544033118722,78.0,27.0,원활,126.9630710658397987_37.5332544033118722|126.9639400680898262_37.5333710217557694
2026-09-04T06:42:24.849833+09:00,용산역,용산역,POI046,KEY_1,1020039000,원효로35길,1020021802,성불사,126.9566111307023277_37.5331000118838318,1020023003,원효로3가 262-8,126.9563711597537008_37.5335700537209007,56.0,24.0,서행,126.9563711597537008_37.5335700537209007|126.9566111307023277_37.5331000118838318
2026-09-04T06:42:24.849833+09:00,용산역,용산역,POI046,KEY_1,1020039100,원효로35길,1020023002,원효로3가 257-1,126.9565130570848197_37.5335791274521071,1020021801,성불사,126.9567219150006707_37.5331696767850218,49.0,24.0,서행,126.9567219150006707_37.5331696767850218|126.9565130570848197_37.5335791274521071
2026-09-04T06:42:24.849833+09:00,용산역,용산역,POI046,KEY_1,1020039400,원효로,1020022803,원효대교북단,126.9572909752407952_37.5335219124607775,1020023002,원효로3가 257-1,126.9565130570848197_37.5335791274521071,69.0,8.0,정체,126.9565130570848197_37.5335791274521071|126.9565400311155940_37.5335807898227074|126.9567851336461501_37.5335674182814358|126.9568120776048801_37.5335659483254318|126.9571675861822229_37.5335396550469582|126.9572909752407952_37.5335219124607775
2026-09-04T06:42:24.849833+09:00,용산역,용산역,POI046,KEY_1,1020039500,원효로,1020079800,원효로3가 133-1,126.9567944129417612_37.5336752857926328,1020022804,원효대교북단,126.9574400905556786_37.5336103391808891,58.0,17.0,서행,126.9574400905556786_37.5336103391808891|126.9571859599558792_37.5336468817203510|126.9568229957344698_37.5336737264434745|126.9567944129417612_37.5336752857926328
2026-09-04T06:42:24.849833+09:00,용산역,용산역,POI046,KEY_1,1020039900,원효로48길,1020168400,신계동 42-4,126.9614756097737569_37.5337831190555633,1020024503,원효전화국,126.9602655248851022_37.5347486963228505,151.0,8.0,정체,126.9602655248851022_37.5347486963228505|126.9610542717761490_37.5341193264917905|126.9614756097737569_37.5337831190555633
2026-09-04T06:42:24.849833+09:00,용산역,용산역,POI046,KEY_1,1020040000,원효로48길,1020096400,신계동 43-24,126.9616992885874680_37.5337337588043596,1020021601,한강로3가 1-5,126.9616473260760756_37.5332073613940054,60.0,14.0,정체,126.9616473260760756_37.5332073613940054|126.9616850607653760_37.5332679821519903|126.9617061301868972_37.5334117541946028|126.9617361756409224_37.5336167752948100|126.9617091124944182_37.5337207321187591|126.9616992885874680_37.5337337588043596
2026-09-04T06:42:24.849833+09:00,용산역,용산역,POI046,KEY_1,1020040900,청파로,1020023304,욱천고가차도,126.9667423822990884_37.5338566798318425,1020026402,용산고가차도(북측),126.9704843093111037_37.5363492385874977,467.0,49.0,원활,126.9704843093111037_37.5363492385874977|126.9704227801793621_37.5361717784474251|126.9701495821165622_37.5355871197905202|126.9699845691585267_37.5353053026188022|126.9698975191507628_37.5351873692026388|126.9697449137036358_37.5350072940416624|126.9695389623419288_37.5348080100099253|126.9693899613785675_37.5346822917854368|126.9691796804427781_37.5345333431076682|126.9688675278101329_37.5343596834213500|126.9687428200648611_37.5342995915658406|126.9686065249130706_37.5342441222367000|126.9683645420976745_37.5341627846816905|126.9679751237316907_37.5340780955624211|126.9676503836511898_37.5340186887597653|126.9667423822990884_37.5338566798318425
2026-09-04T06:42:24.849833+09:00,용산역,용산역,POI046,KEY_1,1020055800,한강대로21나길,1020039901,용산역(경춘선),126.9641176719463544_37.5286186792737837,1020014813,한강로3가40-999,126.9649986264322621_37.5281433310974464,95.0,16.0,서행,126.9649986264322621_37.5281433310974464|126.9647835836461098_37.5282153525752520|126.9647283623979348_37.5282448024578343|126.9641176719463544_37.5286186792737837
2026-09-04T06:42:24.849833+09:00,용산역,용산역,POI046,KEY_1,1020056100,한강대로23길,1020014816,용산역사거리,126.9660504142522797_37.5273387770719893,1020014811,한강로3가40-999,126.9650319571767909_37.5280002038717555,116.0,25.0,원활,126.9650319571767909_37.5280002038717555|126.9660504142522797_37.5273387770719893
2026-09-04T06:42:24.849833+09:00,용산역,용산역,POI046,KEY_1,1020056200,한강대로23길,1020014810,한강로3가40-999,126.9651145625119995_37.5280860680841215,1020014817,용산역사거리,126.9661319906761747_37.5274253090940633,116.0,24.0,서행,126.9661319906761747_37.5274253090940633|126.9651145625119995_37.5280860680841215
2026-09-04T06:42:24.849833+09:00,이태원역,이태원역,POI047,KEY_2,1020009500,보광로,1020157400,이태원동 131-33,126.9940373387562431_37.5339474192291860,1020003103,이태원역앞교차로,126.9938722101036319_37.5344410134072106,57.0,23.0,서행,126.9938722101036319_37.5344410134072106|126.9939255349719502_37.5342547060894063|126.9940373387562431_37.5339474192291860
2026-09-04T06:42:24.849833+09:00,이태원역,이태원역,POI047,KEY_2,1020010701,이태원로,1020109600,이태원동 119-23,126.9934065376017003_37.5345186269656637,1020003104,이태원역앞교차로,126.9938609433052790_37.5345487608536530,40.0,30.0,원활,126.9938609433052790_37.5345487608536530|126.9934065376017003_37.5345186269656637
2026-09-04T06:42:24.849833+09:00,이태원역,이태원역,POI047,KEY_2,1020010800,이태원로,1020093600,이태원동 57-6,126.9901670978671575_37.5341952578389240,1020003002,녹사평역,126.9881954058624700_37.5340760770369641,175.0,19.5,서행,126.9881954058624700_37.5340760770369641|126.9888746584762771_37.5341095041848334|126.9895083789417214_37.5341515534771304|126.9899064253265237_37.5341779633098369|126.9901670978671575_37.5341952578389240
2026-09-04T06:42:24.849833+09:00,이태원역,이태원역,POI047,KEY_2,1020011101,이태원로,1020167100,이태원동 119-23,126.9944655556111286_37.5345901775849882,1020024204,이태원소방파출소,126.9954968238074144_37.5346610574196760,91.0,4.0,정체,126.9954968238074144_37.5346610574196760|126.9944655556111286_37.5345901775849882
2026-09-04T06:42:24.849833+09:00,이태원역,이태원역,POI047,KEY_2,1020011102,이태원로,1020024201,이태원소방파출소,126.9956371857134911_37.5346703540578233,1020025304,이태원호텔앞교차로,126.9986418686788028_37.5352583937875650,280.0,16.0,서행,126.9986418686788028_37.5352583937875650|126.9984212314769110_37.5351188313605419|126.9982335515615830_37.5350249822649857|126.9980583342124731_37.5349517245471205|126.9978393040948390_37.5348749734958176|126.9976622321914590_37.5348302588598415|126.9974202076542866_37.5347917072044979|126.9972001370625776_37.5347636612448596|126.9968571305746536_37.5347459155125946|126.9956371857134911_37.5346703540578233
2026-09-04T06:42:24.849833+09:00,이태원역,이태원역,POI047,KEY_2,1020011201,이태원로,1020024203,이태원소방파출소,126.9955363307621354_37.5345552498172168,1020003102,이태원역앞교차로,126.9940088155564695_37.5344502604877519,136.0,16.0,서행,126.9940088155564695_37.5344502604877519|126.9944772309336969_37.5344824577926843|126.9955363307621354_37.5345552498172168
2026-09-04T06:42:24.849833+09:00,이태원역,이태원역,POI047,KEY_2,1020011202,이태원로,1020025303,이태원호텔앞교차로,126.9987263153591641_37.5351737312984781,1020024202,이태원소방파출소,126.9956725121214589_37.5345640956228834,285.0,33.0,원활,126.9956725121214589_37.5345640956228834|126.9968667962878328_37.5346380677732867|126.9972152987085821_37.5346560983237794|126.9974442596476365_37.5346852761054279|126.9976961690244082_37.5347254028548534|126.9978873030321580_37.5347736685373405|126.9981173019449585_37.5348542624446893|126.9983013090689639_37.5349311962862444|126.9984997949651415_37.5350304478139734|126.9987263153591641_37.5351737312984781
2026-09-04T06:42:24.849833+09:00,이태원역,이태원역,POI047,KEY_2,1020035800,우사단로10길,1020063700,이태원동 137-71,126.9973461434624795_37.5330913789416840,1020021402,보광초등학교,126.9956899673288291_37.5330078219414247,149.0,20.0,서행,126.9956899673288291_37.5330078219414247|126.9957471709841883_37.5330071120154045|126.9959092532463245_37.5329895166849070|126.9959908705287717_37.5329962436548925|126.9967100332990952_37.5331265163957823|126.9968007706584103_37.5331409709456594|126.9970508064429566_37.5331553276982532|126.9970573683931434_37.5331539068610311|126.9973461434624795_37.5330913789416840
2026-09-04T06:42:24.849833+09:00,이태원역,이태원역,POI047,KEY_2,1020037200,우사단로,1020019604,보광초교,126.9965895979005239_37.5314169517780911,1020021403,보광초등학교,126.9955478948623835_37.5330095850120031,200.0,10.0,정체,126.9955478948623835_37.5330095850120031|126.9955854463118499_37.5329070733362755|126.9956459380082094_37.5327986977635888|126.9960112393039111_37.5322685994321645|126.9965895979005239_37.5314169517780911
2026-09-04T06:42:24.849833+09:00,이태원역,이태원역,POI047,KEY_2,1020037300,우사단로,1020021402,보광초등학교,126.9956899673288291_37.5330078219414247,1020019601,보광초교,126.9967090173040560_37.5314683853719586,193.0,16.0,서행,126.9967090173040560_37.5314683853719586|126.9961304606680130_37.5323203253718063|126.9957676933582462_37.5328467489747055|126.9957132225621166_37.5329443380426113|126.9956899673288291_37.5330078219414247
2026-09-04T06:42:24.849833+09:00,이태원역,이태원역,POI047,KEY_2,1020039700,우사단로,1020063400,이태원동 137-23,126.9955993093615803_37.5340288073665604,1020024203,이태원소방파출소,126.9955363307621354_37.5345552498172168,59.0,16.0,서행,126.9955363307621354_37.5345552498172168|126.9955674338379481_37.5344291020757268|126.9956003436716969_37.5340381328912898|126.9955993093615803_37.5340288073665604
2026-09-04T06:42:24.849833+09:00,이태원역,이태원역,POI047,KEY_2,1020039800,우사단로,1020127900,이태원동 137-23,126.9956810738919017_37.5335371339901727,1020021401,보광초등학교,126.9956544097363604_37.5331163963296177,47.0,8.0,정체,126.9956544097363604_37.5331163963296177|126.9956431779321804_37.5331593197407258|126.9956452666882569_37.5332142943968208|126.9956810738919017_37.5335371339901727
2026-09-04T06:42:24.849833+09:00,이태원역,이태원역,POI047,KEY_2,1020041800,이태원로27길,1020091200,이태원동 112-33,126.9941872579211832_37.5354242896055013,1020026204,태국대사관,126.9952756990904561_37.5363269214383237,190.0,21.0,서행,126.9952756990904561_37.5363269214383237|126.9950024930177079_37.5361660973740001|126.9945858125235389_37.5359208138482217|126.9944631524413410_37.5359015925205028|126.9942169223346156_37.5359130027042980|126.9940461223898893_37.5358880581230920|126.9939407102296656_37.5358117362051757|126.9939029380128943_37.5357324209755134|126.9939132882914947_37.5356500538305298|126.9939823977568238_37.5355615331545565|126.9940376114138303_37.5355245435285383|126.9941872579211832_37.5354242896055013
2026-09-04T06:42:24.849833+09:00,이태원역,이태원역,POI047,KEY_2,1020041900,이태원로27길,1020091300,이태원동 111-5,126.9942746628349681_37.5355070255918761,1020024201,이태원소방파출소,126.9956371857134911_37.5346703540578233,170.0,18.5,서행,126.9956371857134911_37.5346703540578233|126.9955842562411448_37.5347850178568478|126.9954134054469819_37.5350706997723336|126.9953750142490776_37.5351183002557249|126.9952378837399039_37.5352883250498763|126.9951738511499997_37.5353312605409712|126.9950719982470559_37.5353558347332807|126.9945933761089663_37.5353577392293118|126.9945100556674760_37.5353687933671125|126.9944205701082751_37.5354092765412304|126.9942746628349681_37.5355070255918761
2026-09-04T06:42:24.849833+09:00,잠실새내역,잠실새내역,POI118,KEY_3,1230021702,석촌호수로,1230353100,잠실동 279,127.0864689721910281_37.5092608070909250,1230039203,잠실동 277-1,127.0857913006940407_37.5107155088263937,173.0,22.0,서행,127.0857913006940407_37.5107155088263937|127.0859355179749457_37.5102051998990049|127.0860448769971782_37.5099333179183532|127.0862025510453179_37.5096427326652702|127.0864085402465520_37.5093331628304583|127.0864689721910281_37.5092608070909250
2026-09-04T06:42:24.849833+09:00,잠실새내역,잠실새내역,POI118,KEY_3,1230021703,석촌호수로,1230039204,잠실동 277-1,127.0857622779248999_37.5108246687258244,1230040503,잠실새내역교차로,127.0855635572315521_37.5116014858236753,88.0,29.0,원활,127.0855635572315521_37.5116014858236753|127.0857622779248999_37.5108246687258244
2026-09-04T06:42:24.849833+09:00,잠실새내역,잠실새내역,POI118,KEY_3,1230021801,석촌호수로,1230353200,잠실동 34-1,127.0865819707457973_37.5093206987781613,1230035804,잠실학원사거리,127.0907435116093893_37.5076347291248027,428.0,31.0,원활,127.0907435116093893_37.5076347291248027|127.0891988654833682_37.5078903869766904|127.0886967870483488_37.5080084362478132|127.0881708286998588_37.5081877992563406|127.0880012683076359_37.5082606960781177|127.0877888032188707_37.5083520377951984|127.0873293019124333_37.5086200596454873|127.0869893609562524_37.5088726575149423|127.0867610863939206_37.5091062405246163|127.0865819707457973_37.5093206987781613
2026-09-04T06:42:24.849833+09:00,잠실새내역,잠실새내역,POI118,KEY_3,1230022501,백제고분로,1230034504,아시아선수촌아파트앞교차로,127.0794760915656525_37.5067976917142687,1230037302,아시아선수촌정문,127.0789846119519098_37.5088462503289861,232.0,14.0,정체,127.0789846119519098_37.5088462503289861|127.0792348638606626_37.5077439618197062|127.0794043146057106_37.5069975607147299|127.0794760915656525_37.5067976917142687
2026-09-04T06:42:24.849833+09:00,잠실새내역,잠실새내역,POI118,KEY_3,1230022502,백제고분로,1230353500,잠실동 125,127.0787072249255090_37.5099907360209954,1230038503,올림피아빌딩,127.0786542685962957_37.5102092272623651,25.0,16.0,서행,127.0786542685962957_37.5102092272623651|127.0787072249255090_37.5099907360209954
2026-09-04T06:42:24.849833+09:00,잠실새내역,잠실새내역,POI118,KEY_3,1230022503,백제고분로,1230038504,올림피아빌딩,127.0786287250056432_37.5103159388886098,1230041203,종합운동장교차로,127.0782816833858391_37.5117845986573144,166.0,16.0,서행,127.0782816833858391_37.5117845986573144|127.0786287250056432_37.5103159388886098
2026-09-04T06:42:24.849833+09:00,잠실새내역,잠실새내역,POI118,KEY_3,1230022601,백제고분로,1230351300,잠실동 258,127.0793710204524842_37.5077634256097809,1230034501,아시아선수촌아파트앞교차로,127.0795914683025813_37.5068694993964726,101.0,26.0,원활,127.0795914683025813_37.5068694993964726|127.0795366621722025_37.5070221123558625|127.0793710204524842_37.5077634256097809
2026-09-04T06:42:24.849833+09:00,잠실새내역,잠실새내역,POI118,KEY_3,1230022602,백제고분로,1230037800,아시아선수촌정문,127.0789738144993350_37.5094612320512866,1230037301,아시아선수촌정문,127.0791244501709514_37.5088668990510925,67.0,21.0,서행,127.0791244501709514_37.5088668990510925|127.0789738144993350_37.5094612320512866
2026-09-04T06:42:24.849833+09:00,잠실새내역,잠실새내역,POI118,KEY_3,1230022604,백제고분로,1230038502,올림피아빌딩,127.0787875343454232_37.5102297243505305,1230037800,아시아선수촌정문,127.0789738144993350_37.5094612320512866,87.0,25.0,원활,127.0789738144993350_37.5094612320512866|127.0788885712924667_37.5098129019347439|127.0788404959359497_37.5100112347870578|127.0787875343454232_37.5102297243505305
2026-09-04T06:42:24.849833+09:00,잠실새내역,잠실새내역,POI118,KEY_3,1230022605,백제고분로,1230041202,종합운동장교차로,127.0784113695261652_37.5118202602699213,1230038501,올림피아빌딩,127.0787621084200936_37.5103359393821023,168.0,9.0,정체,127.0787621084200936_37.5103359393821023|127.0784113695261652_37.5118202602699213
2026-09-04T06:42:24.849833+09:00,잠실새내역,잠실새내역,POI118,KEY_3,1230024502,올림픽로,1230039501,정신여중고교,127.0736954853006182_37.5111786898829180,1230041205,종합운동장교차로,127.0782510546514033_37.5119142943147708,411.0,44.0,원활,127.0782510546514033_37.5119142943147708|127.0777355344654751_37.5118609241788334|127.0736954853006182_37.5111786898829180
2026-09-04T06:42:24.849833+09:00,잠실새내역,잠실새내역,POI118,KEY_3,1230024900,올림픽로,1230358200,최소노드배치점,127.0890986901108874_37.5116423850120313,1230041304,잠실3사거리,127.0924582513479919_37.5119541794962004,299.0,31.5,원활,127.0924582513479919_37.5119541794962004|127.0894865754439849_37.5116660118753273|127.0890986901108874_37.5116423850120313
2026-09-04T06:42:24.849833+09:00,잠실새내역,잠실새내역,POI118,KEY_3,1230025002,올림픽로,1230358100,최소노드배치점,127.0891090387559217_37.5115345789191323,1230040502,잠실새내역교차로,127.0857035804970963_37.5115956032460929,301.0,20.0,서행,127.0857035804970963_37.5115956032460929|127.0879951156214815_37.5115020522100338|127.0885680436061307_37.5115016240106058|127.0891090387559217_37.5115345789191323
2026-09-04T06:42:24.849833+09:00,잠실새내역,잠실새내역,POI118,KEY_3,1230025101,올림픽로,1230040900,잠실동 255,127.0795451503135922_37.5118493118968601,1230041202,종합운동장교차로,127.0784113695261652_37.5118202602699213,101.0,19.0,서행,127.0784113695261652_37.5118202602699213|127.0789150728828076_37.5118612872023789|127.0792928572771814_37.5118610342029228|127.0795451503135922_37.5118493118968601
2026-09-04T06:42:24.849833+09:00,잠실새내역,잠실새내역,POI118,KEY_3,1230025102,올림픽로,1230040600,한국지능형사물인터넷협회,127.0804332107682484_37.5118129433548333,1230040900,잠실동 255,127.0795451503135922_37.5118493118968601,79.0,19.0,서행,127.0795451503135922_37.5118493118968601|127.0804332107682484_37.5118129433548333
2026-09-04T06:42:24.849833+09:00,잠실새내역,잠실새내역,POI118,KEY_3,1230025103,올림픽로,1230040703,잠실지구대,127.0829054041126511_37.5117180965625749,1230040600,한국지능형사물인터넷협회,127.0804332107682484_37.5118129433548333,219.0,33.0,원활,127.0804332107682484_37.5118129433548333|127.0819528580516362_37.5117546475695249|127.0829054041126511_37.5117180965625749
2026-09-04T06:42:24.849833+09:00,잠실새내역,잠실새내역,POI118,KEY_3,1230025104,올림픽로,1230040503,잠실새내역교차로,127.0855635572315521_37.5116014858236753,1230040702,잠실지구대,127.0830409730676962_37.5117125062694399,223.0,19.0,서행,127.0830409730676962_37.5117125062694399|127.0855635572315521_37.5116014858236753
2026-09-04T06:42:24.849833+09:00,잠실새내역,잠실새내역,POI118,KEY_3,1230025202,올림픽로,1230424500,최소노드배치점,127.0819594247720232_37.5118631388527746,1230040504,잠실새내역교차로,127.0855335976985714_37.5117110899299107,316.0,22.0,서행,127.0855335976985714_37.5117110899299107|127.0830484586408744_37.5118204620005500|127.0829120200997835_37.5118261214596131|127.0819594247720232_37.5118631388527746
2026-09-04T06:42:24.849833+09:00,잠실새내역,잠실새내역,POI118,KEY_3,1230027000,석촌호수로,1230356600,잠실동 18-1,127.0850670165109193_37.5140217413784498,1230040501,잠실새내역교차로,127.0856744573367365_37.5117050538603038,263.0,25.3,원활,127.0856744573367365_37.5117050538603038|127.0854547322949060_37.5124799462171339|127.0850670165109193_37.5140217413784498
2026-09-04T06:42:24.849833+09:00,잠실새내역,잠실새내역,POI118,KEY_3,1230027701,백제고분로,1230041205,종합운동장교차로,127.0782510546514033_37.5119142943147708,1230044203,신천중교앞,127.0774299249238197_37.5153939877462790,393.0,19.0,서행,127.0774299249238197_37.5153939877462790|127.0782510546514033_37.5119142943147708
2026-09-04T06:42:24.849833+09:00,잠실새내역,잠실새내역,POI118,KEY_3,1230027801,백제고분로,1230044202,신천중교앞,127.0775633237073521_37.5154139620390339,1230041201,종합운동장교차로,127.0783861885229413_37.5119268938563764,394.0,23.0,서행,127.0783861885229413_37.5119268938563764|127.0775633237073521_37.5154139620390339
2026-09-04T06:42:24.849833+09:00,잠실새내역,잠실새내역,POI118,KEY_3,1230074100,올림픽로12길,1230343800,잠실동 274,127.0833686401427087_37.5069877890081500,1230039303,피처캠프(신천점),127.0828829403486111_37.5108014836183230,434.0,9.0,정체,127.0828829403486111_37.5108014836183230|127.0836489279273422_37.5076846783056865|127.0836420187927303_37.5076355355415885|127.0836385317299033_37.5076107330029842|127.0836104420223052_37.5075215615306234|127.0835997373339410_37.5074979313306827|127.0833686401427087_37.5069877890081500
2026-09-04T06:42:24.849833+09:00,잠실새내역,잠실새내역,POI118,KEY_3,1230074500,백제고분로9길,1230037500,속성변화점,127.0794813125434359_37.5091538969098863,1230037301,아시아선수촌정문,127.0791244501709514_37.5088668990510925,45.0,22.5,서행,127.0791244501709514_37.5088668990510925|127.0794813125434359_37.5091538969098863
2026-09-04T06:42:24.849833+09:00,잠실새내역,잠실새내역,POI118,KEY_3,1230075100,백제고분로9길,1230037800,아시아선수촌정문,127.0789738144993350_37.5094612320512866,1230037700,속성변화점,127.0794532153200009_37.5092637347447635,48.0,8.0,정체,127.0794532153200009_37.5092637347447635|127.0789738144993350_37.5094612320512866
2026-09-04T06:42:24.849833+09:00,잠실새내역,잠실새내역,POI118,KEY_3,1230075200,올림픽로8길,1230345200,잠실동 263,127.0800495933583960_37.5092445044540952,1230037500,속성변화점,127.0794813125434359_37.5091538969098863,51.0,19.5,서행,127.0794813125434359_37.5091538969098863|127.0800495933583960_37.5092445044540952
2026-09-04T06:42:24.849833+09:00,잠실새내역,잠실새내역,POI118,KEY_3,1230075300,올림픽로8길,1230345100,잠실동 257,127.0800231129676234_37.5093519997702458,1230038903,잠실아이파크,127.0801725507411817_37.5104262642441668,147.0,11.0,정체,127.0801725507411817_37.5104262642441668|127.0804008413532671_37.5094548236844929|127.0803904580349553_37.5094333724295268|127.0803522291554515_37.5094029715202808|127.0800231129676234_37.5093519997702458
2026-09-04T06:42:24.849833+09:00,잠실새내역,잠실새내역,POI118,KEY_3,1230076600,백제고분로7길,1230038903,잠실아이파크,127.0801725507411817_37.5104262642441668,1230038502,올림피아빌딩,127.0787875343454232_37.5102297243505305,124.0,11.0,정체,127.0787875343454232_37.5102297243505305|127.0801725507411817_37.5104262642441668
2026-09-04T06:42:24.849833+09:00,잠실새내역,잠실새내역,POI118,KEY_3,1230076700,백제고분로7길,1230038501,올림피아빌딩,127.0787621084200936_37.5103359393821023,1230038904,잠실아이파크,127.0801478779330864_37.5105325853430571,124.0,22.0,서행,127.0801478779330864_37.5105325853430571|127.0787621084200936_37.5103359393821023
2026-09-04T06:42:24.849833+09:00,잠실새내역,잠실새내역,POI118,KEY_3,1230076800,백제고분로7길,1230357500,잠실동 262,127.0811518239590043_37.5105746128225590,1230038902,잠실아이파크,127.0803060223495748_37.5104458918043377,76.0,7.0,정체,127.0803060223495748_37.5104458918043377|127.0811518239590043_37.5105746128225590
2026-09-04T06:42:24.849833+09:00,잠실새내역,잠실새내역,POI118,KEY_3,1230076900,백제고분로7길,1230357600,잠실동 262,127.0811263550866528_37.5106808129218976,1230039304,피처캠프(신천점),127.0828710878363665_37.5109094276610335,156.0,14.0,정체,127.0828710878363665_37.5109094276610335|127.0825055257436702_37.5108644567057610|127.0816055492480956_37.5107537377581792|127.0811263550866528_37.5106808129218976
2026-09-04T06:42:24.849833+09:00,잠실새내역,잠실새내역,POI118,KEY_3,1230077000,백제고분로7길,1230344000,잠실동 271,127.0836883041854435_37.5107842000684073,1230039302,피처캠프(신천점),127.0830201298739155_37.5108060171210980,59.0,9.0,정체,127.0830201298739155_37.5108060171210980|127.0836883041854435_37.5107842000684073
2026-09-04T06:42:24.849833+09:00,잠실새내역,잠실새내역,POI118,KEY_3,1230077100,백제고분로7길,1230039301,피처캠프(신천점),127.0830071143003153_37.5109146527428194,1230039204,잠실동 277-1,127.0857622779248999_37.5108246687258244,244.0,9.0,정체,127.0857622779248999_37.5108246687258244|127.0844068445662174_37.5108689454204338|127.0840316601494067_37.5108811984670325|127.0836938632375279_37.5108922294623497|127.0830071143003153_37.5109146527428194
2026-09-04T06:42:24.849833+09:00,잠실새내역,잠실새내역,POI118,KEY_3,1230077200,올림픽로8길,1230347300,잠실동 253,127.0799794078372571_37.5112677326767354,1230040102,한국지능형사물인터넷협회,127.0799521928648090_37.5115008656669815,26.0,23.5,서행,127.0799521928648090_37.5115008656669815|127.0799748694044808_37.5112875366811664|127.0799794078372571_37.5112677326767354
2026-09-04T06:42:24.849833+09:00,잠실새내역,잠실새내역,POI118,KEY_3,1230077300,올림픽로8길,1230347400,잠실동 253,127.0801129296330458_37.5112871496055504,1230038901,잠실아이파크,127.0802813497855510_37.5105522130446758,83.0,24.0,서행,127.0802813497855510_37.5105522130446758|127.0801129296330458_37.5112871496055504
2026-09-04T06:42:24.849833+09:00,잠실새내역,잠실새내역,POI118,KEY_3,1230078100,올림픽로12길,1230040702,잠실지구대,127.0830409730676962_37.5117125062694399,1230039301,피처캠프(신천점),127.0830071143003153_37.5109146527428194,89.0,7.0,정체,127.0830071143003153_37.5109146527428194|127.0830409730676962_37.5117125062694399
2026-09-04T06:42:24.849833+09:00,잠실새내역,잠실새내역,POI118,KEY_3,1230078200,올림픽로12길,1230039304,피처캠프(신천점),127.0828710878363665_37.5109094276610335,1230040703,잠실지구대,127.0829054041126511_37.5117180965625749,90.0,11.0,정체,127.0829054041126511_37.5117180965625749|127.0828710878363665_37.5109094276610335
2026-09-04T06:42:24.849833+09:00,잠실새내역,잠실새내역,POI118,KEY_3,1230078600,올림픽로8길,1230040600,한국지능형사물인터넷협회,127.0804332107682484_37.5118129433548333,1230040101,한국지능형사물인터넷협회,127.0800845454826629_37.5115034781185273,46.0,17.0,서행,127.0800845454826629_37.5115034781185273|127.0804332107682484_37.5118129433548333
2026-09-04T06:42:24.849833+09:00,잠실새내역,잠실새내역,POI118,KEY_3,1230078700,올림픽로8길,1230040102,한국지능형사물인터넷협회,127.0799521928648090_37.5115008656669815,1230040900,잠실동 255,127.0795451503135922_37.5118493118968601,53.0,23.0,서행,127.0795451503135922_37.5118493118968601|127.0799521928648090_37.5115008656669815
2026-09-04T06:42:24.849833+09:00,잠실새내역,잠실새내역,POI118,KEY_3,1230436901,올림픽로,1230041203,종합운동장교차로,127.0782816833858391_37.5117845986573144,1230188203,종합운동장역,127.0738142849638592_37.5107794587518768,415.0,27.0,원활,127.0738142849638592_37.5107794587518768|127.0766624359143151_37.5112667681648091|127.0776889686936215_37.5114478975817462|127.0777299027053004_37.5114626912692941|127.0777834837586227_37.5114921764978320|127.0782816833858391_37.5117845986573144
2026-09-04T06:42:24.849833+09:00,잠실역,잠실역,POI119,KEY_4,1230027302,올림픽로,1230001801,잠실역사거리,127.1002155326109744_37.5133509522926616,1230043404,신천동 8,127.1021667132219335_37.5140202279747825,188.0,11.0,정체,127.1021667132219335_37.5140202279747825|127.1002155326109744_37.5133509522926616
2026-09-04T06:42:24.849833+09:00,잠실역,잠실역,POI119,KEY_4,1230003300,송파대로,1230036704,석촌호수앞교차로,127.1039028911642674_37.5087367936795530,1230001703,석촌호수앞교차로,127.1017878219228550_37.5111046223331428,323.0,51.0,원활,127.1017878219228550_37.5111046223331428|127.1039028911642674_37.5087367936795530
2026-09-04T06:42:24.849833+09:00,잠실역,잠실역,POI119,KEY_4,1230003400,송파대로,1230001702,석촌호수앞교차로,127.1019076941057762_37.5111569141952117,1230036701,석촌호수앞교차로,127.1040028890472797_37.5088113302377195,320.0,27.5,원활,127.1040028890472797_37.5088113302377195|127.1019076941057762_37.5111569141952117
2026-09-04T06:42:24.849833+09:00,잠실역,잠실역,POI119,KEY_4,1230003501,송파대로,1230399700,잠실동 41,127.1007560729534731_37.5124412982623454,1230001803,잠실역사거리,127.1001586829554100_37.5132191939759281,101.0,24.0,서행,127.1001586829554100_37.5132191939759281|127.1007560729534731_37.5124412982623454
2026-09-04T06:42:24.849833+09:00,잠실역,잠실역,POI119,KEY_4,1230003601,송파대로,1230001802,잠실역사거리,127.1002879409381165_37.5132580710148957,1230001701,석촌호수앞교차로,127.1018323332335598_37.5112469862295228,262.0,10.0,정체,127.1018323332335598_37.5112469862295228|127.1008718568159566_37.5124977195192244|127.1002879409381165_37.5132580710148957
2026-09-04T06:42:24.849833+09:00,잠실역,잠실역,POI119,KEY_4,1230003802,송파대로,1230044702,잠실대교남측,127.0981251707990225_37.5159789121879115,1230001801,잠실역사거리,127.1002155326109744_37.5133509522926616,345.0,20.0,서행,127.1002155326109744_37.5133509522926616|127.0985290071868548_37.5154712346922068|127.0981251707990225_37.5159789121879115
2026-09-04T06:42:24.849833+09:00,잠실역,잠실역,POI119,KEY_4,1230021500,삼학사로,1230418200,잠실동 46,127.0973734398476296_37.5087240119147722,1230007103,서울놀이마당앞교차로,127.0974453047706589_37.5099321530276910,134.0,25.5,원활,127.0974453047706589_37.5099321530276910|127.0973734398476296_37.5087240119147722
2026-09-04T06:42:24.849833+09:00,잠실역,잠실역,POI119,KEY_4,1230021600,삼학사로,1230007102,서울놀이마당앞교차로,127.0975809295277941_37.5099279073468779,1230034301,석촌호교차로,127.0973845362845935_37.5066262726573783,367.0,33.0,원활,127.0973845362845935_37.5066262726573783|127.0975090109694889_37.5087188942394008|127.0975809295277941_37.5099279073468779
2026-09-04T06:42:24.849833+09:00,잠실역,잠실역,POI119,KEY_4,1230023101,잠실로,1230038303,잠실동 43,127.0947217679651260_37.5101178628557932,1230038602,잠실3삼거리,127.0930971257991189_37.5102585455899913,144.0,25.0,원활,127.0930971257991189_37.5102585455899913|127.0947217679651260_37.5101178628557932
2026-09-04T06:42:24.849833+09:00,잠실역,잠실역,POI119,KEY_4,1230023102,잠실로,1230007103,서울놀이마당앞교차로,127.0974453047706589_37.5099321530276910,1230038302,잠실동 43,127.0948609890413223_37.5101069748518370,229.0,32.0,원활,127.0948609890413223_37.5101069748518370|127.0962459094918131_37.5100132959391175|127.0974453047706589_37.5099321530276910
2026-09-04T06:42:24.849833+09:00,잠실역,잠실역,POI119,KEY_4,1230023201,잠실로,1230038601,잠실3삼거리,127.0931194165767408_37.5103653726765316,1230038304,잠실동 43,127.0947364363945553_37.5102253498387128,144.0,17.0,서행,127.0947364363945553_37.5102253498387128|127.0931194165767408_37.5103653726765316
2026-09-04T06:42:24.849833+09:00,잠실역,잠실역,POI119,KEY_4,1230023202,잠실로,1230393400,잠실동 43,127.0962573939644642_37.5101210286650257,1230007104,서울놀이마당앞교차로,127.0974567909531032_37.5100398856026942,106.0,20.0,서행,127.0974567909531032_37.5100398856026942|127.0962573939644642_37.5101210286650257
2026-09-04T06:42:24.849833+09:00,잠실역,잠실역,POI119,KEY_4,1230023500,잠실로,1230412400,잠실동 42,127.1004419094974480_37.5105947295189637,1230001704,석촌호수앞교차로,127.1017131193153915_37.5111950333109547,131.0,20.0,서행,127.1017131193153915_37.5111950333109547|127.1004641614348145_37.5106046485269218|127.1004419094974480_37.5105947295189637
2026-09-04T06:42:24.849833+09:00,잠실역,잠실역,POI119,KEY_4,1230023600,잠실로,1230001703,석촌호수앞교차로,127.1017878219228550_37.5111046223331428,1230007102,서울놀이마당앞교차로,127.0975809295277941_37.5099279073468779,403.0,12.0,정체,127.0975809295277941_37.5099279073468779|127.0985541482379375_37.5099332768199432|127.0990046849047843_37.5099841635964921|127.0994430355566607_37.5101001528652276|127.0999744578332411_37.5102624598802024|127.1005081875894263_37.5105003764333560|127.1005319432435670_37.5105109657146656|127.1017878219228550_37.5111046223331428
2026-09-04T06:42:24.849833+09:00,잠실역,잠실역,POI119,KEY_4,1230025702,올림픽로,1230422700,최소노드배치점,127.0963985029439982_37.5124235494134552,1230001804,잠실역사거리,127.1000841139758677_37.5133141607708396,341.0,26.0,원활,127.1000841139758677_37.5133141607708396|127.0963985029439982_37.5124235494134552
2026-09-04T06:42:24.849833+09:00,잠실역,잠실역,POI119,KEY_4,1230025801,올림픽로,1230041703,잠실동 39,127.0946882254534103_37.5120601573260686,1230041302,잠실3사거리,127.0926320843072830_37.5118620680798003,183.0,36.0,원활,127.0926320843072830_37.5118620680798003|127.0946882254534103_37.5120601573260686
2026-09-04T06:42:24.849833+09:00,잠실역,잠실역,POI119,KEY_4,1230025802,올림픽로,1230001803,잠실역사거리,127.1001586829554100_37.5132191939759281,1230041702,잠실동 39,127.0948236216370191_37.5120740018570373,489.0,21.7,서행,127.0948236216370191_37.5120740018570373|127.0956739088233007_37.5121671905185963|127.0962807923011582_37.5122821169021705|127.0964379064208174_37.5123200858476054|127.1001586829554100_37.5132191939759281
2026-09-04T06:42:24.849833+09:00,잠실역,잠실역,POI119,KEY_4,1230027303,올림픽로,1230043401,신천동 8,127.1022912026975433_37.5140633484028712,1230043804,잠실역(서울8호선),127.1031193148053262_37.5143528991889355,80.0,47.3,원활,127.1031193148053262_37.5143528991889355|127.1022912026975433_37.5140633484028712
2026-09-04T06:42:24.849833+09:00,잠실역,잠실역,POI119,KEY_4,1230027304,올림픽로,1230043801,잠실역(서울8호선),127.1032441614670745_37.5143953515620083,1230044104,송파구청앞교차로,127.1065954149593580_37.5155037548529151,321.0,47.5,원활,127.1065954149593580_37.5155037548529151|127.1032441614670745_37.5143953515620083
2026-09-04T06:42:24.849833+09:00,잠실역,잠실역,POI119,KEY_4,1230027402,올림픽로,1230425600,최소노드배치점,127.1034569107816310_37.5143486498193468,1230001802,잠실역사거리,127.1002879409381165_37.5132580710148957,305.0,43.0,원활,127.1002879409381165_37.5132580710148957|127.1022203942543456_37.5139209223143766|127.1023457587723016_37.5139643456983833|127.1031738699951745_37.5142538961081584|127.1032962137368543_37.5142954974985372|127.1034569107816310_37.5143486498193468
2026-09-04T06:42:24.849833+09:00,잠실역,잠실역,POI119,KEY_4,1230077600,올림픽로.잠실로.사이길,1230038304,잠실동 43,127.0947364363945553_37.5102253498387128,1230041703,잠실동 39,127.0946882254534103_37.5120601573260686,204.0,14.0,정체,127.0946882254534103_37.5120601573260686|127.0947364363945553_37.5102253498387128
2026-09-04T06:42:24.849833+09:00,잠실역,잠실역,POI119,KEY_4,1230077700,올림픽로.잠실로.사이길,1230041702,잠실동 39,127.0948236216370191_37.5120740018570373,1230038301,잠실동 43,127.0948724715403131_37.5102147077519135,206.0,8.0,정체,127.0948724715403131_37.5102147077519135|127.0948236216370191_37.5120740018570373
2026-09-04T06:42:24.849833+09:00,잠실역,잠실역,POI119,KEY_4,1230080800,올림픽로,1230043404,신천동 8,127.1021667132219335_37.5140202279747825,1230044003,어린이교통공원,127.1015862279693067_37.5151316086360467,134.0,14.0,정체,127.1015862279693067_37.5151316086360467|127.1021667132219335_37.5140202279747825
2026-09-04T06:42:24.849833+09:00,잠실역,잠실역,POI119,KEY_4,1230080900,올림픽로,1230044002,어린이교통공원,127.1017112605977104_37.5151736946584151,1230043401,신천동 8,127.1022912026975433_37.5140633484028712,133.0,11.0,정체,127.1022912026975433_37.5140633484028712|127.1017112605977104_37.5151736946584151
2026-09-04T06:42:24.849833+09:00,잠실역,잠실역,POI119,KEY_4,1230081000,올림픽로,1230043804,잠실역(서울8호선),127.1031193148053262_37.5143528991889355,1230044403,신천동 7-21,127.1025553001734067_37.5154467539088188,131.0,16.5,서행,127.1025553001734067_37.5154467539088188|127.1031193148053262_37.5143528991889355
2026-09-04T06:42:24.849833+09:00,잠실역,잠실역,POI119,KEY_4,1230081100,올림픽로,1230044402,신천동 7-21,127.1026803877707039_37.5154887453600807,1230043801,잠실역(서울8호선),127.1032441614670745_37.5143953515620083,131.0,17.5,서행,127.1032441614670745_37.5143953515620083|127.1026803877707039_37.5154887453600807
2026-09-04T06:42:24.849833+09:00,잠실역,잠실역,POI119,KEY_4,1230437101,잠실로,1230188302,잠실길지하차도(서측),127.1024547747106510_37.5113805101291220,1230001702,석촌호수앞교차로,127.1019076941057762_37.5111569141952117,54.0,33.0,원활,127.1019076941057762_37.5111569141952117|127.1024547747106510_37.5113805101291220
2026-09-04T06:42:24.849833+09:00,잠실역,잠실역,POI119,KEY_4,1230437201,잠실로,1230001701,석촌호수앞교차로,127.1018323332335598_37.5112469862295228,1230188303,잠실길지하차도(서측),127.1023918266045030_37.5114715455822392,55.0,6.0,정체,127.1023918266045030_37.5114715455822392|127.1018323332335598_37.5112469862295228
2026-09-04T06:42:24.849833+09:00,잠실역,잠실역,POI119,KEY_4,1230437301,잠실로,1230188502,잠실길지하차도(동측),127.1062173467716150_37.5131578738299325,1230188302,잠실길지하차도(서측),127.1024547747106510_37.5113805101291220,387.0,48.0,원활,127.1024547747106510_37.5113805101291220|127.1030924680476488_37.5116688194554797|127.1037922288458617_37.5120057984034787|127.1044073633298837_37.5122985483592544|127.1051198819620254_37.5126321816150679|127.1062173467716150_37.5131578738299325
2026-09-04T06:42:24.849833+09:00,잠실역,잠실역,POI119,KEY_4,1230437401,잠실로,1230188303,잠실길지하차도(서측),127.1023918266045030_37.5114715455822392,1230188503,잠실길지하차도(동측),127.1061687896124681_37.5132231248888246,386.0,22.0,서행,127.1061687896124681_37.5132231248888246|127.1052815756607259_37.5128152477143786|127.1034974052928277_37.5119907247148916|127.1023918266045030_37.5114715455822392
2026-09-04T06:42:24.849833+09:00,잠실역,잠실역,POI119,KEY_4,1230437501,-,1230188502,잠실길지하차도(동측),127.1062173467716150_37.5131578738299325,1230188402,신천동 30,127.1050426082693434_37.5125336192748193,126.0,10.0,정체,127.1050426082693434_37.5125336192748193|127.1057099909694585_37.5128445639683008|127.1060250249974217_37.5129978687956296|127.1062173467716150_37.5131578738299325
2026-09-04T06:42:24.849833+09:00,잠실역,잠실역,POI119,KEY_4,1230437601,-,1230188403,신천동 30,127.1049002456384613_37.5127083450110632,1230188503,잠실길지하차도(동측),127.1061687896124681_37.5132231248888246,126.0,18.0,서행,127.1061687896124681_37.5132231248888246|127.1058942002584331_37.5131610578152603|127.1056142121499164_37.5130369103311239|127.1049002456384613_37.5127083450110632
2026-09-04T06:42:24.849833+09:00,잠실역,잠실역,POI119,KEY_4,1230437701,잠실로,1230394600,신천동 30,127.1067595331203108_37.5134063123268504,1230188502,잠실길지하차도(동측),127.1062173467716150_37.5131578738299325,55.0,9.0,정체,127.1062173467716150_37.5131578738299325|127.1067595331203108_37.5134063123268504
2026-09-04T06:42:24.849833+09:00,잠실역,잠실역,POI119,KEY_4,1230437801,잠실로,1230188503,잠실길지하차도(동측),127.1061687896124681_37.5132231248888246,1230043204,잠실전화국,127.1073301047804875_37.5137619968566653,119.0,10.0,정체,127.1073301047804875_37.5137619968566653|127.1067103200439448_37.5134744075350568|127.1061687896124681_37.5132231248888246
2026-09-04T06:42:24.849833+09:00,장지역,장지역,POI048,KEY_1,1230045200,충민로,1230322900,문정동 637,127.1265287058943585_37.4796380084969698,1230014704,문정동 637,127.1267997378765671_37.4797175186294069,26.0,8.0,정체,127.1267997378765671_37.4797175186294069|127.1265287058943585_37.4796380084969698
2026-09-04T06:42:24.849833+09:00,장지역,장지역,POI048,KEY_1,1230000501,송파대로,1230000604,장지교앞교차로,127.1269923146135881_37.4759317298926007,1230013503,장지교앞,127.1269689977646067_37.4762489682989113,35.0,6.0,정체,127.1269689977646067_37.4762489682989113|127.1269923146135881_37.4759317298926007
2026-09-04T06:42:24.849833+09:00,장지역,장지역,POI048,KEY_1,1230000601,송파대로,1230013502,장지교앞,127.1271033322769028_37.4762702251211408,1230000601,장지교앞교차로,127.1271286086057017_37.4759263177463851,38.0,14.0,정체,127.1271286086057017_37.4759263177463851|127.1271033322769028_37.4762702251211408
2026-09-04T06:42:24.849833+09:00,장지역,장지역,POI048,KEY_1,1230001301,송파대로,1230013504,장지교앞,127.1269539868962397_37.4763591432306029,1230014403,장지역사거리,127.1257807374389159_37.4792989981545901,344.0,15.0,서행,127.1257807374389159_37.4792989981545901|127.1266032295630311_37.4775940684485604|127.1267153872522897_37.4773199621971926|127.1268566922320247_37.4769095793527001|127.1269539868962397_37.4763591432306029
2026-09-04T06:42:24.849833+09:00,장지역,장지역,POI048,KEY_1,1230001302,송파대로,1230014404,장지역사거리,127.1257315074845877_37.4793999327968521,1230000803,건영아파트앞교차로,127.1241917169870135_37.4825185713341327,372.0,11.0,정체,127.1241917169870135_37.4825185713341327|127.1253292527007233_37.4802146727817842|127.1257315074845877_37.4793999327968521
2026-09-04T06:42:24.849833+09:00,장지역,장지역,POI048,KEY_1,1230001401,송파대로,1230014402,장지역사거리,127.1259062230151216_37.4793401788441329,1230013501,장지교앞,127.1270852807920164_37.4763914485074707,345.0,13.0,정체,127.1270852807920164_37.4763914485074707|127.1269898196586183_37.4769315164777552|127.1268453664058029_37.4773510462986437|127.1267311217031448_37.4776302528188054|127.1259062230151216_37.4793401788441329
2026-09-04T06:42:24.849833+09:00,장지역,장지역,POI048,KEY_1,1230001402,송파대로,1230299900,문정동 250-13,127.1254555029657922_37.4802542605031093,1230014401,장지역사거리,127.1258570426893897_37.4794409654952076,97.0,37.0,원활,127.1258570426893897_37.4794409654952076|127.1254555029657922_37.4802542605031093
2026-09-04T06:42:24.849833+09:00,장지역,장지역,POI048,KEY_1,1230001501,분당수서로,1230421500,최소노드배치점,127.1179952551913601_37.4777917867211272,1220015902,강남구-송파구,127.1125492606370528_37.4828096944516744,765.0,75.0,원활,127.1125492606370528_37.4828096944516744|127.1132128994780004_37.4826811137614868|127.1134929519644601_37.4826040962937412|127.1138131990407345_37.4824883573599479|127.1140990774141670_37.4823548017758341|127.1143755440086665_37.4822075358555367|127.1146615632740549_37.4820106802260398|127.1148953465730642_37.4818309677371317|127.1151103742952415_37.4816381525698290|127.1152902785904359_37.4814418276170329|127.1156015206883723_37.4810510011883409|127.1163127896964369_37.4800714230576233|127.1178486500348725_37.4779922243427137|127.1179952551913601_37.4777917867211272
2026-09-04T06:42:24.849833+09:00,장지역,장지역,POI048,KEY_1,1230001601,분당수서로,1230421600,최소노드배치점,127.1181319981646709_37.4778553114959649,1230000100,한국지역난방공사강남동남권열원,127.1224581721023839_37.4719375362209703,760.0,55.0,원활,127.1224581721023839_37.4719375362209703|127.1216206648475975_37.4730852461134063|127.1181319981646709_37.4778553114959649
2026-09-04T06:42:24.849833+09:00,장지역,장지역,POI048,KEY_1,1230005800,새말로8길,1230296400,문정동 72-6,127.1267939561596876_37.4806959462897851,1230014701,장지동 839,127.1269309130754692_37.4797546600969440,105.0,24.0,서행,127.1269309130754692_37.4797546600969440|127.1268144591286671_37.4805550336894981|127.1267939561596876_37.4806959462897851
2026-09-04T06:42:24.849833+09:00,장지역,장지역,POI048,KEY_1,1230042602,연화로,1230124404,서울동남권물류단지정문,127.1233157925686896_37.4763349610710108,1230013703,장지동 245-50,127.1233993079223552_37.4767322362474857,45.0,24.0,서행,127.1233993079223552_37.4767322362474857|127.1233157925686896_37.4763349610710108
2026-09-04T06:42:24.849833+09:00,장지역,장지역,POI048,KEY_1,1230042702,연화로,1230013702,장지동 237-15,127.1235332577449526_37.4767143506205329,1230124401,서울동남권물류단지정문,127.1234501559201675_37.4763136369767267,45.0,28.0,원활,127.1234501559201675_37.4763136369767267|127.1235332577449526_37.4767143506205329
2026-09-04T06:42:24.849833+09:00,장지역,장지역,POI048,KEY_1,1230042800,송파대로6길,1230013603,탄천길-거여동길삼거리,127.1277333387761388_37.4763585124254632,1230013502,장지교앞,127.1271033322769028_37.4762702251211408,59.0,25.0,원활,127.1271033322769028_37.4762702251211408|127.1272754956391395_37.4763642806537476|127.1273738808052798_37.4763815938462415|127.1277333387761388_37.4763585124254632
2026-09-04T06:42:24.849833+09:00,장지역,장지역,POI048,KEY_1,1230042900,송파대로6길,1230013501,장지교앞,127.1270852807920164_37.4763914485074707,1230013604,탄천길-거여동길삼거리,127.1277442341634156_37.4764662840414218,61.0,25.0,원활,127.1277442341634156_37.4764662840414218|127.1273644970251695_37.4764906684154653|127.1272205203625134_37.4764653321716281|127.1270852807920164_37.4763914485074707
2026-09-04T06:42:24.849833+09:00,장지역,장지역,POI048,KEY_1,1230043000,충민로2길,1230013604,탄천길-거여동길삼거리,127.1277442341634156_37.4764662840414218,1230013903,장지동 839-5,127.1276159253911260_37.4772523095836974,88.0,26.0,원활,127.1276159253911260_37.4772523095836974|127.1277442341634156_37.4764662840414218
2026-09-04T06:42:24.849833+09:00,장지역,장지역,POI048,KEY_1,1230043100,충민로2길,1230013902,장지동 839-5,127.1277504577886788_37.4772662580162432,1230013601,탄천길-거여동길삼거리,127.1278814912486723_37.4764635389202070,90.0,6.0,정체,127.1278814912486723_37.4764635389202070|127.1277504577886788_37.4772662580162432
2026-09-04T06:42:24.849833+09:00,장지역,장지역,POI048,KEY_1,1230045300,연화로,1230014104,송파구시설관리공단,127.1232857178834763_37.4785168717931612,1230015503,송파푸르지오시티,127.1221967121438183_37.4805994669172904,250.0,18.0,서행,127.1221967121438183_37.4805994669172904|127.1226277575302817_37.4797751584865892|127.1228967411226307_37.4792607584681647|127.1232857178834763_37.4785168717931612
2026-09-04T06:42:24.849833+09:00,장지역,장지역,POI048,KEY_1,1230043200,송파대로6길,1230333200,최소노드배치점,127.1324868383645850_37.4777923748985629,1230013602,탄천길-거여동길삼거리,127.1278883144571097_37.4763555551825647,446.0,33.7,원활,127.1278883144571097_37.4763555551825647|127.1280858376613736_37.4763634824942429|127.1285921838900634_37.4763821492441167|127.1291436365430343_37.4764539745276437|127.1297487353769640_37.4765786510002030|127.1304427301450204_37.4767893933662393|127.1309160360531507_37.4769628556507612|127.1313570586968780_37.4771884590788957|127.1323252410417268_37.4776805730498737|127.1324868383645850_37.4777923748985629
2026-09-04T06:42:24.849833+09:00,장지역,장지역,POI048,KEY_1,1230043400,송파대로8길,1230298900,장지동 839-1,127.1290278801988620_37.4775853705287929,1230013902,장지동 839-5,127.1277504577886788_37.4772662580162432,118.0,15.0,서행,127.1277504577886788_37.4772662580162432|127.1287607949420249_37.4775096784668875|127.1290278801988620_37.4775853705287929
2026-09-04T06:42:24.849833+09:00,장지역,장지역,POI048,KEY_1,1230043600,연화로,1230013704,장지동 237-15,127.1234173733339787_37.4768337565781380,1230014103,송파구시설관리공단,127.1233342566863200_37.4784159063536961,179.0,33.0,원활,127.1233342566863200_37.4784159063536961|127.1234362064992922_37.4781841447336674|127.1235101220011785_37.4779506962681666|127.1235313119918544_37.4777830170718289|127.1235222173797297_37.4775671051813575|127.1234173733339787_37.4768337565781380
2026-09-04T06:42:24.849833+09:00,장지역,장지역,POI048,KEY_1,1230043700,연화로,1230014102,송파구시설관리공단,127.1234596003036614_37.4784577788928175,1230013701,장지동 237-15,127.1235521664017654_37.4768215165913574,185.0,13.0,정체,127.1235521664017654_37.4768215165913574|127.1236576258426680_37.4775591590069013|127.1236672090848288_37.4777866366277266|127.1236441065318843_37.4779694412846567|127.1235662560414994_37.4782153197619934|127.1234596003036614_37.4784577788928175
2026-09-04T06:42:24.849833+09:00,장지역,장지역,POI048,KEY_1,1230043800,충민로,1230014103,송파구시설관리공단,127.1233342566863200_37.4784159063536961,1230014303,장사약수터길삼거리,127.1190537152588860_37.4792653210820248,426.0,29.0,원활,127.1190537152588860_37.4792653210820248|127.1193253571912578_37.4789185003177110|127.1195660327592236_37.4787293091517455|127.1197712170566376_37.4786086616826779|127.1200966017663205_37.4784617886132381|127.1204418459357868_37.4783543847228273|127.1207477690774681_37.4782961502269245|127.1216023481827051_37.4781836478253325|127.1216426525138559_37.4781783417377312|127.1220272639370421_37.4781536638628836|127.1223740280481138_37.4781655877837707|127.1227327249021499_37.4782297459976235|127.1233342566863200_37.4784159063536961
2026-09-04T06:42:24.849833+09:00,장지역,장지역,POI048,KEY_1,1230043900,충민로,1230014302,장사약수터길삼거리,127.1191688048404274_37.4793225720070069,1230014104,송파구시설관리공단,127.1232857178834763_37.4785168717931612,410.0,26.0,원활,127.1232857178834763_37.4785168717931612|127.1226930928552150_37.4783334680546858|127.1223561087756622_37.4782731931130684|127.1220297938946544_37.4782619724335149|127.1216591802877645_37.4782857520148340|127.1216244598273875_37.4782903229969904|127.1207746177764477_37.4784022021694767|127.1204824637599415_37.4784578151749841|127.1201549987457469_37.4785596887315293|127.1198451885996974_37.4786995309083579|127.1196543930949474_37.4788117178767379|127.1194319941749598_37.4789865430828897|127.1191688048404274_37.4793225720070069
2026-09-04T06:42:24.849833+09:00,장지역,장지역,POI048,KEY_1,1230044000,충민로2길,1230013904,장지동 839-5,127.1275907972595007_37.4773387947976460,1230014703,장지동 839,127.1268161875644154_37.4796071303601366,262.0,18.3,서행,127.1268161875644154_37.4796071303601366|127.1268580538282151_37.4793302454993480|127.1269073471221134_37.4789978870295073|127.1270523166961794_37.4785330927124036|127.1273393673819498_37.4779625279796278|127.1275907972595007_37.4773387947976460
2026-09-04T06:42:24.849833+09:00,장지역,장지역,POI048,KEY_1,1230044100,충민로2길,1230014702,장지동 839,127.1269471586656010_37.4796447029341593,1230013901,장지동 839-5,127.1277199617084079_37.4773718646166003,263.0,8.0,정체,127.1277199617084079_37.4773718646166003|127.1274670703135570_37.4779992271313063|127.1271817218920717_37.4785664097527587|127.1270410744192105_37.4790173501728816|127.1269927676274278_37.4793430590934662|127.1269471586656010_37.4796447029341593
2026-09-04T06:42:24.849833+09:00,장지역,장지역,POI048,KEY_1,1230044200,충민로,1230014403,장지역사거리,127.1257807374389159_37.4792989981545901,1230014102,송파구시설관리공단,127.1234596003036614_37.4784577788928175,226.0,12.0,정체,127.1234596003036614_37.4784577788928175|127.1257807374389159_37.4792989981545901
2026-09-04T06:42:24.849833+09:00,장지역,장지역,POI048,KEY_1,1230044300,충민로,1230014101,송파구시설관리공단,127.1234107446050103_37.4785588491623827,1230014404,장지역사거리,127.1257315074845877_37.4793999327968521,226.0,24.0,서행,127.1257315074845877_37.4793999327968521|127.1234107446050103_37.4785588491623827
2026-09-04T06:42:24.849833+09:00,장지역,장지역,POI048,KEY_1,1230044400,새말로,1230014203,탄천길사거리,127.1170757806192455_37.4794846455472168,1220014801,강남구-송파구,127.1154931512342046_37.4788010034456249,159.0,26.0,원활,127.1154931512342046_37.4788010034456249|127.1170757806192455_37.4794846455472168
2026-09-04T06:42:24.849833+09:00,장지역,장지역,POI048,KEY_1,1230044500,새말로,1220014802,강남구-송파구,127.1154293096839467_37.4788964022459581,1230014204,탄천길사거리,127.1170049036088585_37.4795773073683449,159.0,36.0,원활,127.1170049036088585_37.4795773073683449|127.1154293096839467_37.4788964022459581
2026-09-04T06:42:24.849833+09:00,장지역,장지역,POI048,KEY_1,1230045100,충민로,1230014703,장지동 839,127.1268161875644154_37.4796071303601366,1230014402,장지역사거리,127.1259062230151216_37.4793401788441329,86.0,23.0,서행,127.1259062230151216_37.4793401788441329|127.1265755733222278_37.4795365434929337|127.1268161875644154_37.4796071303601366
2026-09-04T06:42:24.849833+09:00,장지역,장지역,POI048,KEY_1,1230045400,연화로,1230394900,문정동 619,127.1230219721752803_37.4793023481707124,1230014101,송파구시설관리공단,127.1234107446050103_37.4785588491623827,89.0,28.3,원활,127.1234107446050103_37.4785588491623827|127.1230219721752803_37.4793023481707124
2026-09-04T06:42:24.849833+09:00,장지역,장지역,POI048,KEY_1,1230045500,새말로,1230014903,문정동 305-24,127.1185527755407065_37.4801009985019888,1230014202,탄천길사거리,127.1171956964571308_37.4795355088390565,135.0,26.0,원활,127.1171956964571308_37.4795355088390565|127.1185527755407065_37.4801009985019888
2026-09-04T06:42:24.849833+09:00,장지역,장지역,POI048,KEY_1,1230045600,새말로,1230014201,탄천길사거리,127.1171248775366536_37.4796282212593681,1230014904,문정동 305-24,127.1184941078168151_37.4801985694631412,137.0,23.0,서행,127.1184941078168151_37.4801985694631412|127.1171248775366536_37.4796282212593681
2026-09-04T06:42:24.849833+09:00,장지역,장지역,POI048,KEY_1,1230045700,충민로,1230014304,장사약수터길삼거리,127.1189810465568542_37.4793717077558455,1230014903,문정동 305-24,127.1185527755407065_37.4801009985019888,89.0,28.0,원활,127.1185527755407065_37.4801009985019888|127.1189810465568542_37.4793717077558455
2026-09-04T06:42:24.849833+09:00,장지역,장지역,POI048,KEY_1,1230045800,충민로,1230014902,문정동 305-24,127.1186727562944725_37.4801517654565046,1230014301,장사약수터길삼거리,127.1191039257759741_37.4794175370043092,90.0,13.0,정체,127.1191039257759741_37.4794175370043092|127.1186727562944725_37.4801517654565046
2026-09-04T06:42:24.849833+09:00,장지역,장지역,POI048,KEY_1,1230046000,충민로,1230015003,문현중학교,127.1287597899418103_37.4802465402684959,1230014702,장지동 839,127.1269471586656010_37.4796447029341593,174.0,18.0,서행,127.1269471586656010_37.4796447029341593|127.1279022447124447_37.4799089837245560|127.1281896020368549_37.4800103907757389|127.1287597899418103_37.4802465402684959
2026-09-04T06:42:24.849833+09:00,장지역,장지역,POI048,KEY_1,1230046100,충민로,1230014701,장지동 839,127.1269309130754692_37.4797546600969440,1230015004,문현중학교,127.1286972266236717_37.4803424793124478,170.0,30.0,원활,127.1286972266236717_37.4803424793124478|127.1281307967186649_37.4801078860251593|127.1278524440417073_37.4800096559568630|127.1269309130754692_37.4797546600969440
2026-09-04T06:42:24.849833+09:00,장지역,장지역,POI048,KEY_1,1230046400,연화로.충민로.사이길,1230015503,송파푸르지오시티,127.1221967121438183_37.4805994669172904,1230014302,장사약수터길삼거리,127.1191688048404274_37.4793225720070069,303.0,18.0,서행,127.1191688048404274_37.4793225720070069|127.1221967121438183_37.4805994669172904
2026-09-04T06:42:24.849833+09:00,장지역,장지역,POI048,KEY_1,1230046500,연화로.충민로.사이길,1230014301,장사약수터길삼거리,127.1191039257759741_37.4794175370043092,1230015504,송파푸르지오시티,127.1221468633931693_37.4807007713791833,305.0,18.0,서행,127.1221468633931693_37.4807007713791833|127.1191039257759741_37.4794175370043092
2026-09-04T06:42:24.849833+09:00,장지역,장지역,POI048,KEY_1,1230047400,새말로,1230015804,밤고개로서20길삼거리,127.1217875816867036_37.4814919999727252,1230014902,문정동 305-24,127.1186727562944725_37.4801517654565046,313.0,34.0,원활,127.1186727562944725_37.4801517654565046|127.1217875816867036_37.4814919999727252
2026-09-04T06:42:24.849833+09:00,장지역,장지역,POI048,KEY_1,1230047500,새말로,1230014901,문정동 305-24,127.1186139676453024_37.4802493435114243,1230015805,밤고개로서20길삼거리,127.1217373057993996_37.4815932409139592,314.0,33.0,원활,127.1217373057993996_37.4815932409139592|127.1186139676453024_37.4802493435114243
2026-09-04T06:42:24.849833+09:00,장지역,장지역,POI048,KEY_1,1230047800,연화로,1230015504,송파푸르지오시티,127.1221468633931693_37.4807007713791833,1230015804,밤고개로서20길삼거리,127.1217875816867036_37.4814919999727252,93.0,14.0,정체,127.1217875816867036_37.4814919999727252|127.1221468633931693_37.4807007713791833
2026-09-04T06:42:24.849833+09:00,장지역,장지역,POI048,KEY_1,1230047900,연화로,1230015803,밤고개로서20길삼거리,127.1219083492408828_37.4815437880296969,1230015501,송파푸르지오시티,127.1222744406843645_37.4807375620832630,95.0,13.0,정체,127.1222744406843645_37.4807375620832630|127.1219083492408828_37.4815437880296969
2026-09-04T06:42:24.849833+09:00,장지역,장지역,POI048,KEY_1,1230048400,새말로,1230000803,건영아파트앞교차로,127.1241917169870135_37.4825185713341327,1230015803,밤고개로서20길삼거리,127.1219083492408828_37.4815437880296969,229.0,19.5,서행,127.1219083492408828_37.4815437880296969|127.1241917169870135_37.4825185713341327
2026-09-04T06:42:24.849833+09:00,장지역,장지역,POI048,KEY_1,1230048500,새말로,1230015802,밤고개로서20길삼거리,127.1218571774554107_37.4816446003187878,1230000804,건영아파트앞교차로,127.1241405649993226_37.4826193915541808,229.0,20.5,서행,127.1241405649993226_37.4826193915541808|127.1218571774554107_37.4816446003187878
2026-09-04T06:42:24.849833+09:00,장지역,장지역,POI048,KEY_1,1230247800,탄천동로,1230420800,최소노드배치점,127.1146713685735676_37.4826610947263958,1230014201,탄천길사거리,127.1171248775366536_37.4796282212593681,401.0,33.0,원활,127.1171248775366536_37.4796282212593681|127.1167525544109509_37.4801117059112485|127.1161770444327885_37.4809168351454147|127.1161191890283391_37.4809899385842584|127.1155458448990601_37.4817037128635135|127.1152669905840753_37.4820456224007401|127.1152363650561767_37.4820792986307580|127.1151146958633547_37.4822117411272160|127.1149789575418367_37.4823594972106093|127.1147740271956081_37.4825529438264056|127.1146713685735676_37.4826610947263958
2026-09-04T06:42:24.849833+09:00,장지역,장지역,POI048,KEY_1,1230248500,탄천동로,1230375500,장지동 803-17,127.1181031005176578_37.4781145686661574,1230014203,탄천길사거리,127.1170757806192455_37.4794846455472168,177.0,37.0,원활,127.1170757806192455_37.4794846455472168|127.1180265406988070_37.4782185568334825|127.1181031005176578_37.4781145686661574
2026-09-04T06:42:24.849833+09:00,장지역,장지역,POI048,KEY_1,1230248700,탄천동로,1230014202,탄천길사거리,127.1171956964571308_37.4795355088390565,1230123704,서울동남권물류단지주차장,127.1193655629786292_37.4770488690804982,341.0,15.0,서행,127.1193655629786292_37.4770488690804982|127.1192176397203184_37.4770948524548828|127.1191219842944946_37.4771385757909812|127.1190138353558154_37.4771996137119245|127.1189207250191515_37.4772650360259618|127.1188817639093287_37.4772964411607887|127.1188161190561345_37.4773597409083479|127.1182201131985749_37.4781692847559782|127.1181432556636111_37.4782736774438590|127.1171956964571308_37.4795355088390565
2026-09-04T06:42:24.849833+09:00,장지역,장지역,POI048,KEY_1,1230425600,정의로,1230014904,문정동 305-24,127.1184941078168151_37.4801985694631412,1230184911,동부지방검찰청,127.1177787191544013_37.4813590263818668,143.0,16.5,서행,127.1177787191544013_37.4813590263818668|127.1184941078168151_37.4801985694631412
2026-09-04T06:42:24.849833+09:00,장지역,장지역,POI048,KEY_1,1230425700,정의로,1230184910,동부지방검찰청,127.1179004908147476_37.4814067018039268,1230014901,문정동 305-24,127.1186139676453024_37.4802493435114243,143.0,14.0,정체,127.1186139676453024_37.4802493435114243|127.1179004908147476_37.4814067018039268
2026-09-04T06:42:24.849833+09:00,장지역,장지역,POI048,KEY_1,1230427001,법원로,1230015805,밤고개로서20길삼거리,127.1217373057993996_37.4815932409139592,1230185306,동부지방법원,127.1210112080073174_37.4829087878924270,160.0,36.5,원활,127.1210112080073174_37.4829087878924270|127.1212677420882216_37.4824440038667817|127.1213224066118954_37.4823449628596492|127.1217373057993996_37.4815932409139592
2026-09-04T06:42:24.849833+09:00,장지역,장지역,POI048,KEY_1,1230427101,법원로,1230015807,문정동319-1,127.1214465998811392_37.4823884944289816,1230015802,밤고개로서20길삼거리,127.1218571774554107_37.4816446003187878,90.0,24.0,서행,127.1218571774554107_37.4816446003187878|127.1214465998811392_37.4823884944289816
2026-09-04T06:42:24.849833+09:00,장지역,장지역,POI048,KEY_1,1230438201,송파대로,1230188703,문정동 315-2,127.1239479110468551_37.4833301900742271,1230000801,건영아파트앞교차로,127.1242682197490410_37.4826573644086594,80.0,19.0,서행,127.1242682197490410_37.4826573644086594|127.1239479110468551_37.4833301900742271
2026-09-04T06:42:24.849833+09:00,장지역,장지역,POI048,KEY_1,1230438301,새말로,1230327100,문정동 84-3,127.1259819311826931_37.4827316505952481,1230000802,건영아파트앞교차로,127.1243177664718189_37.4825585751717796,149.0,24.0,서행,127.1243177664718189_37.4825585751717796|127.1243842051824231_37.4825708307456225|127.1246498140282881_37.4826099825514021|127.1248481535320849_37.4826309321312081|127.1249286523521533_37.4826394333383135|127.1254973878396299_37.4826864711153576|127.1259819311826931_37.4827316505952481
2026-09-04T06:42:24.849833+09:00,장지역,장지역,POI048,KEY_1,1230438401,새말로,1230000801,건영아파트앞교차로,127.1242682197490410_37.4826573644086594,1230188805,문정동 84-3,127.1248318838255074_37.4827287527277306,51.0,7.0,정체,127.1248318838255074_37.4827287527277306|127.1245839423819461_37.4827061067117739|127.1243211560425834_37.4826680897622992|127.1242682197490410_37.4826573644086594
2026-09-04T06:42:24.849833+09:00,장지역,장지역,POI048,KEY_1,1230438701,송파대로,1230000804,건영아파트앞교차로,127.1241405649993226_37.4826193915541808,1230000904,문정역앞교차로,127.1223889164570693_37.4860786985646115,414.0,38.0,원활,127.1223889164570693_37.4860786985646115|127.1226010302328149_37.4856577894584291|127.1232300538723479_37.4844095529361496|127.1237511840044618_37.4833753865404802|127.1238001516343417_37.4832819812932385|127.1241405649993226_37.4826193915541808
2026-09-04T06:42:24.849833+09:00,장한평역,장한평역,POI049,KEY_2,1030011902,가람길,1030150700,송정동 73-12,127.0660636492249154_37.5554419149221985,1030023702,용답동 240-2,127.0681080518610599_37.5580381286833358,341.0,29.7,원활,127.0681080518610599_37.5580381286833358|127.0680833790954125_37.5579632071763214|127.0675268791300141_37.5572382691045874|127.0672521834545563_37.5569128883798982|127.0665358814266312_37.5560316575065158|127.0660636492249154_37.5554419149221985
2026-09-04T06:42:24.849833+09:00,장한평역,장한평역,POI049,KEY_2,1030011903,가람길,1030023702,용답동 240-2,127.0681080518610599_37.5580381286833358,1030025002,용답동 240-2,127.0699220168489063_37.5597832874840591,252.0,25.0,원활,127.0699220168489063_37.5597832874840591|127.0693178888312502_37.5592051592301885|127.0681596352914227_37.5581094941159748|127.0681080518610599_37.5580381286833358
2026-09-04T06:42:24.849833+09:00,장한평역,장한평역,POI049,KEY_2,1030011904,가람길,1030025001,용답동 240-1,127.0700092988272303_37.5598645946951990,1030025802,성동구-동대문구,127.0706640715975624_37.5605166515404463,93.0,20.0,서행,127.0706640715975624_37.5605166515404463|127.0705722364046579_37.5603898954754172|127.0704683779562885_37.5602825803238645|127.0700092988272303_37.5598645946951990
2026-09-04T06:42:24.849833+09:00,장한평역,장한평역,POI049,KEY_2,1030012002,가람길,1030025801,성동구-동대문구,127.0707817230801879_37.5604626329549873,1030023701,용답동 240-4,127.0682330886596105_37.5579990528862595,355.0,27.0,원활,127.0682330886596105_37.5579990528862595|127.0682713264218222_37.5580472346584813|127.0694220521514950_37.5591357771302228|127.0700648947949958_37.5597509782769521|127.0705733957858143_37.5602139373299835|127.0706853580158793_37.5603296259075634|127.0707817230801879_37.5604626329549873
2026-09-04T06:42:24.849833+09:00,장한평역,장한평역,POI049,KEY_2,1030017102,천호대로,1030029003,서울교통공사교차로,127.0578745193384265_37.5629294913580480,1030029503,용답동주민센터,127.0564081740788112_37.5640263140196851,178.0,29.0,원활,127.0564081740788112_37.5640263140196851|127.0568949124193523_37.5636634045143367|127.0578745193384265_37.5629294913580480
2026-09-04T06:42:24.849833+09:00,장한평역,장한평역,POI049,KEY_2,1030042100,자동차시장1길,1030025002,용답동 240-2,127.0699220168489063_37.5597832874840591,1030025602,용답동 239-5,127.0694795460457556_37.5601914548097326,61.0,23.0,서행,127.0694795460457556_37.5601914548097326|127.0695305735004013_37.5600964768313617|127.0696184689939514_37.5600157840238040|127.0699220168489063_37.5597832874840591
2026-09-04T06:42:24.849833+09:00,장한평역,장한평역,POI049,KEY_2,1030042200,자동차시장1길,1030025601,용답동 239-5,127.0696120309735733_37.5602198077237688,1030025001,용답동 240-1,127.0700092988272303_37.5598645946951990,53.0,26.0,원활,127.0700092988272303_37.5598645946951990|127.0697171805729795_37.5600901967641434|127.0696470980665111_37.5601545368586756|127.0696120309735733_37.5602198077237688
2026-09-04T06:42:24.849833+09:00,장한평역,장한평역,POI049,KEY_2,1030042700,자동차시장3길,1030080700,용답동 239-3,127.0626580313124947_37.5609577004758961,1030027803,삼우빌딩,127.0628177151623248_37.5616798556884603,81.0,21.0,서행,127.0628177151623248_37.5616798556884603|127.0626580313124947_37.5609577004758961
2026-09-04T06:42:24.849833+09:00,장한평역,장한평역,POI049,KEY_2,1030042800,자동차시장3길,1030080600,용답동 239-3,127.0627917926856298_37.5609389568733505,1030038000,장한평역7번출구,127.0642965515912124_37.5607284470047276,236.0,28.0,원활,127.0642965515912124_37.5607284470047276|127.0642919871739025_37.5606456812307528|127.0642121002419458_37.5602787658555144|127.0626960956658564_37.5605061731907739|127.0627917926856298_37.5609389568733505
2026-09-04T06:42:24.849833+09:00,장한평역,장한평역,POI049,KEY_2,1030042900,동부간선도로,1030025100,군자교,127.0694914376022950_37.5589895207302717,1030025900,군자교,127.0701175317999514_37.5606705619671146,245.0,39.0,서행,127.0701175317999514_37.5606705619671146|127.0701588230862740_37.5606421344186856|127.0703302081732744_37.5605330560024129|127.0704744811331182_37.5604501125154187|127.0705707399724815_37.5603813026632807|127.0706430880468929_37.5603028663759204|127.0706644954758104_37.5602266292418747|127.0706589284612562_37.5601526796620746|127.0706174413148659_37.5600738294254697|127.0705369816159589_37.5599996065564454|127.0701675448919445_37.5596453078755275|127.0696728701305318_37.5591903883753986|127.0694914376022950_37.5589895207302717
2026-09-04T06:42:24.849833+09:00,장한평역,장한평역,POI049,KEY_2,1030043000,천호대로,1030025900,군자교,127.0701175317999514_37.5606705619671146,1030025601,용답동 239-5,127.0696120309735733_37.5602198077237688,75.0,25.5,원활,127.0696120309735733_37.5602198077237688|127.0696067747692268_37.5603510950565536|127.0696425209936535_37.5604426666000180|127.0696971621084259_37.5605078953501774|127.0697978344584129_37.5605650500695276|127.0699303168950109_37.5606141201434482|127.0701175317999514_37.5606705619671146
2026-09-04T06:42:24.849833+09:00,장한평역,장한평역,POI049,KEY_2,1030043100,자동차시장1길,1030025602,용답동 239-5,127.0694795460457556_37.5601914548097326,1030026100,라이온스협회,127.0691306361139681_37.5608034688155001,81.0,35.0,원활,127.0691306361139681_37.5608034688155001|127.0694073891156535_37.5606186787137730|127.0694528594828796_37.5605343709423138|127.0694836450661569_37.5604530829262657|127.0694884192480600_37.5603472850821021|127.0694795460457556_37.5601914548097326
2026-09-04T06:42:24.849833+09:00,장한평역,장한평역,POI049,KEY_2,1030043600,천호대로,1030027202,장한평역교차로,127.0646338799710691_37.5614219416917337,1030026000,장한평역6번출구,127.0644306438098852_37.5607147328150148,81.0,6.5,정체,127.0644306438098852_37.5607147328150148|127.0646338799710691_37.5614219416917337
2026-09-04T06:42:24.849833+09:00,장한평역,장한평역,POI049,KEY_2,1030043700,천호대로,1030038000,장한평역7번출구,127.0642965515912124_37.5607284470047276,1030027203,장한평역교차로,127.0645000404244058_37.5614407132058119,81.0,26.0,원활,127.0645000404244058_37.5614407132058119|127.0642965515912124_37.5607284470047276
2026-09-04T06:42:24.849833+09:00,장한평역,장한평역,POI049,KEY_2,1030043800,천호대로,1030026700,장한평역4번출구,127.0656589832994428_37.5612806361296876,1030026000,장한평역6번출구,127.0644306438098852_37.5607147328150148,137.0,15.0,서행,127.0644306438098852_37.5607147328150148|127.0644883447035483_37.5608696060678895|127.0645396457863825_37.5609422560306925|127.0650642651593358_37.5612257396806299|127.0652499748754849_37.5612756983665648|127.0656589832994428_37.5612806361296876
2026-09-04T06:42:24.849833+09:00,장한평역,장한평역,POI049,KEY_2,1030044400,천호대로,1030038000,장한평역7번출구,127.0642965515912124_37.5607284470047276,1030027300,장한평역,127.0636749913523147_37.5615582305417988,115.0,22.0,서행,127.0636749913523147_37.5615582305417988|127.0639414383298202_37.5614051441747350|127.0643184084713226_37.5609949102709848|127.0643323818184314_37.5609211146359243|127.0642965515912124_37.5607284470047276
2026-09-04T06:42:24.849833+09:00,장한평역,장한평역,POI049,KEY_2,1030045300,자동차시장길,1030029002,서울교통공사교차로,127.0579838383515892_37.5628589219914772,1030028401,용답동 223-7,127.0575234094467589_37.5620294127739029,101.0,5.0,정체,127.0575234094467589_37.5620294127739029|127.0579838383515892_37.5628589219914772
2026-09-04T06:42:24.849833+09:00,장한평역,장한평역,POI049,KEY_2,1030045700,자동차시장길,1030028404,용답동 223-19,127.0573991760311685_37.5620731101225971,1030029003,서울교통공사교차로,127.0578745193384265_37.5629294913580480,104.0,22.0,서행,127.0578745193384265_37.5629294913580480|127.0573991760311685_37.5620731101225971
2026-09-04T06:42:24.849833+09:00,장한평역,장한평역,POI049,KEY_2,1030067701,자동차시장1길,1030042902,용답동 239-2,127.0592655428368971_37.5614411693530243,1030042802,용답동 249-21,127.0586601470560026_37.5584360317965817,338.0,21.0,서행,127.0586601470560026_37.5584360317965817|127.0592655428368971_37.5614411693530243
2026-09-04T06:42:24.849833+09:00,장한평역,장한평역,POI049,KEY_2,1030067801,자동차시장1길,1030042805,용답동 249-21,127.0585192522324434_37.5584540194234151,1030042903,용답동 239-2,127.0591555949161631_37.5614569664410283,338.0,22.0,서행,127.0591555949161631_37.5614569664410283|127.0589707952441216_37.5606568616105108|127.0587149008319727_37.5594097878991775|127.0585192522324434_37.5584540194234151
2026-09-04T06:42:24.849833+09:00,장한평역,장한평역,POI049,KEY_2,1030067901,천호대로,1030042903,용답동 239-2,127.0591555949161631_37.5614569664410283,1050037604,용답동 224-1,127.0593516529250167_37.5622234716224668,87.0,20.0,서행,127.0593516529250167_37.5622234716224668|127.0591555949161631_37.5614569664410283
2026-09-04T06:42:24.849833+09:00,장한평역,장한평역,POI049,KEY_2,1030068001,천호대로,1050037603,용답동 224-1,127.0594543668739362_37.5621991150526071,1030042902,용답동 239-2,127.0592655428368971_37.5614411693530243,86.0,19.0,서행,127.0592655428368971_37.5614411693530243|127.0594543668739362_37.5621991150526071
2026-09-04T06:42:24.849833+09:00,장한평역,장한평역,POI049,KEY_2,1030068101,천호대로,1030028202,속성변화점,127.0611684529429226_37.5619230648949838,1050037603,용답동 224-1,127.0594543668739362_37.5621991150526071,155.0,36.0,원활,127.0594543668739362_37.5621991150526071|127.0599505289799538_37.5621043679588453|127.0605582898425752_37.5620063564312687|127.0610367609639724_37.5619418819347644|127.0611684529429226_37.5619230648949838
2026-09-04T06:42:24.849833+09:00,장한평역,장한평역,POI049,KEY_2,1050003701,천호대로,1030026700,장한평역4번출구,127.0656589832994428_37.5612806361296876,1030027202,장한평역교차로,127.0646338799710691_37.5614219416917337,92.0,37.3,원활,127.0646338799710691_37.5614219416917337|127.0656589832994428_37.5612806361296876
2026-09-04T06:42:24.849833+09:00,장한평역,장한평역,POI049,KEY_2,1050003702,천호대로,1030142800,용답동 224-4,127.0664727944246266_37.5611684491970195,1030026700,장한평역4번출구,127.0656589832994428_37.5612806361296876,73.0,36.0,원활,127.0656589832994428_37.5612806361296876|127.0664727944246266_37.5611684491970195
2026-09-04T06:42:24.849833+09:00,장한평역,장한평역,POI049,KEY_2,1050003703,천호대로,1030025900,군자교,127.0701175317999514_37.5606705619671146,1030026100,라이온스협회,127.0691306361139681_37.5608034688155001,88.0,48.0,원활,127.0691306361139681_37.5608034688155001|127.0701175317999514_37.5606705619671146
2026-09-04T06:42:24.849833+09:00,장한평역,장한평역,POI049,KEY_2,1050003704,천호대로,1050000102,군자교(서측),127.0711993828658564_37.5603647197320356,1030025900,군자교,127.0701175317999514_37.5606705619671146,102.0,42.0,원활,127.0701175317999514_37.5606705619671146|127.0704641978875031_37.5606175571749645|127.0705054805498690_37.5606077738345903|127.0706494170174636_37.5605736634553082|127.0708085808709313_37.5605205660757449|127.0711993828658564_37.5603647197320356
2026-09-04T06:42:24.849833+09:00,장한평역,장한평역,POI049,KEY_2,1050003801,천호대로,1030027201,장한평역교차로,127.0646811371104974_37.5615251565540902,1030027100,장한평역4번출구,127.0656821580608806_37.5613871696903487,90.0,32.0,원활,127.0656821580608806_37.5613871696903487|127.0646811371104974_37.5615251565540902
2026-09-04T06:42:24.849833+09:00,장한평역,장한평역,POI049,KEY_2,1050003802,천호대로,1050182700,장안동 472-2,127.0681955840067872_37.5610410993414305,1030026300,라이온스협회,127.0691536413907556_37.5609100252266259,86.0,38.0,원활,127.0691536413907556_37.5609100252266259|127.0681955840067872_37.5610410993414305
2026-09-04T06:42:24.849833+09:00,장한평역,장한평역,POI049,KEY_2,1050003803,천호대로,1030026300,라이온스협회,127.0691536413907556_37.5609100252266259,1030026200,군자교,127.0705442307436215_37.5607113995430026,125.0,49.0,원활,127.0705442307436215_37.5607113995430026|127.0704971680179369_37.5607225522591150|127.0702565777095998_37.5607614916846231|127.0691536413907556_37.5609100252266259
2026-09-04T06:42:24.849833+09:00,장한평역,장한평역,POI049,KEY_2,1050003804,천호대로,1030026200,군자교,127.0705442307436215_37.5607113995430026,1050000101,군자교(서측),127.0712602140736749_37.5604613880901894,69.0,42.5,원활,127.0712602140736749_37.5604613880901894|127.0708653074909336_37.5606188704233190|127.0706951706114012_37.5606756288918504|127.0705442307436215_37.5607113995430026
2026-09-04T06:42:24.849833+09:00,장한평역,장한평역,POI049,KEY_2,1050004101,장안벚꽃로,1030025802,성동구-동대문구,127.0706640715975624_37.5605166515404463,1050006202,스타PARK아파트,127.0710770045332794_37.5612054138542319,85.0,24.5,서행,127.0710770045332794_37.5612054138542319|127.0710244567467413_37.5610846116788082|127.0708417416250740_37.5607618772411485|127.0706640715975624_37.5605166515404463
2026-09-04T06:42:24.849833+09:00,장한평역,장한평역,POI049,KEY_2,1050004201,장안벚꽃로,1050006902,장평중삼거리,127.0727984448601973_37.5640374509294048,1030025801,성동구-동대문구,127.0707817230801879_37.5604626329549873,435.0,28.0,원활,127.0707817230801879_37.5604626329549873|127.0709627796551615_37.5607125326513867|127.0711508180029909_37.5610446682990400|127.0712256550306734_37.5612171568160065|127.0719049732423827_37.5624755506617305|127.0719083965326774_37.5624815351401935|127.0724829889732064_37.5634860028182516|127.0727984448601973_37.5640374509294048
2026-09-04T06:42:24.849833+09:00,장한평역,장한평역,POI049,KEY_2,1050004301,장한로,1030027204,장한평역교차로,127.0645425885173267_37.5615444898432358,1050006500,장한평역3번출구,127.0649900197555695_37.5622444247279859,87.0,7.0,정체,127.0649900197555695_37.5622444247279859|127.0647189347308625_37.5618452736188502|127.0645425885173267_37.5615444898432358
2026-09-04T06:42:24.849833+09:00,장한평역,장한평역,POI049,KEY_2,1050004401,장한로,1050006400,장한평역3번출구,127.0651094957785290_37.5621930039047314,1030027201,장한평역교차로,127.0646811371104974_37.5615251565540902,83.0,29.0,원활,127.0646811371104974_37.5615251565540902|127.0648403153393673_37.5617966577238533|127.0651094957785290_37.5621930039047314
2026-09-04T06:42:24.849833+09:00,장한평역,장한평역,POI049,KEY_2,1050004402,장한로,1050192900,장안동 469-11,127.0663180099621172_37.5639029871303052,1050006400,장한평역3번출구,127.0651094957785290_37.5621930039047314,218.0,28.0,원활,127.0651094957785290_37.5621930039047314|127.0651485250990049_37.5622504704536908|127.0657164059681463_37.5630528220107180|127.0663142631000824_37.5638975049516048|127.0663180099621172_37.5639029871303052
2026-09-04T06:42:24.849833+09:00,장한평역,장한평역,POI049,KEY_2,1050057700,한천로,1030029004,서울교통공사교차로,127.0579437153332236_37.5630261230406859,1050006708,부품상가삼거리,127.0586134993678229_37.5637686922705853,102.0,6.0,정체,127.0586134993678229_37.5637686922705853|127.0584755531634755_37.5636316051894639|127.0583632433165064_37.5635199943106954|127.0581120472439380_37.5632300505651315|127.0579437153332236_37.5630261230406859
2026-09-04T06:42:24.849833+09:00,장한평역,장한평역,POI049,KEY_2,1050022100,동부간선도로,1030026200,군자교,127.0705442307436215_37.5607113995430026,1050006300,군자교,127.0720004031899322_37.5621203836883524,222.0,33.3,서행,127.0720004031899322_37.5621203836883524|127.0719124162673950_37.5619998686712364|127.0717011281758602_37.5616480562349011|127.0713330110081216_37.5610610060558585|127.0711977074599162_37.5608334788595997|127.0711548207308255_37.5607894423738884|127.0710831415277795_37.5607510247067253|127.0710257228409432_37.5607336456998340|127.0709635215755213_37.5607143405057471|127.0708365577721253_37.5607043400018696|127.0706313913964181_37.5607075218010138|127.0705442307436215_37.5607113995430026
2026-09-04T06:42:24.849833+09:00,장한평역,장한평역,POI049,KEY_2,1050022200,천호대로,1030026300,라이온스협회,127.0691536413907556_37.5609100252266259,1050006102,장안동 480-18,127.0701242734518246_37.5613305352848741,114.0,23.0,서행,127.0701242734518246_37.5613305352848741|127.0700742397946641_37.5611803454351119|127.0700258934481752_37.5610683928558586|127.0699803263200351_37.5610150205068578|127.0699179915692838_37.5609654719892205|127.0698269259394664_37.5609331053207214|127.0691536413907556_37.5609100252266259
2026-09-04T06:42:24.849833+09:00,장한평역,장한평역,POI049,KEY_2,1050022300,장한로6길,1050006101,장안동 480-18,127.0702429499912540_37.5612779573610780,1030026200,군자교,127.0705442307436215_37.5607113995430026,76.0,30.0,원활,127.0705442307436215_37.5607113995430026|127.0702796801526802_37.5609023226316836|127.0702126735769895_37.5609786471802849|127.0701791995159908_37.5610492304342856|127.0701954473470465_37.5611536003310675|127.0702429499912540_37.5612779573610780
2026-09-04T06:42:24.849833+09:00,장한평역,장한평역,POI049,KEY_2,1050022400,장한로6길,1050006202,스타PARK아파트,127.0710770045332794_37.5612054138542319,1050006101,장안동 480-18,127.0702429499912540_37.5612779573610780,83.0,18.0,서행,127.0702429499912540_37.5612779573610780|127.0702801463518199_37.5613311624989521|127.0703338871004888_37.5613656098335653|127.0704211455896342_37.5613866942983634|127.0705169868264193_37.5613850477364934|127.0706453297080998_37.5613572581594894|127.0710770045332794_37.5612054138542319
2026-09-04T06:42:24.849833+09:00,장한평역,장한평역,POI049,KEY_2,1050022500,장한로6길,1050006102,장안동 480-18,127.0701242734518246_37.5613305352848741,1050006201,스타PARK아파트,127.0711261546019557_37.5613063290945135,100.0,25.0,원활,127.0711261546019557_37.5613063290945135|127.0706908564927318_37.5614594480678008|127.0705365648764769_37.5614928555958727|127.0704024220371053_37.5614951602215967|127.0702692269588425_37.5614629766860162|127.0701743445387848_37.5614021572867713|127.0701242734518246_37.5613305352848741
2026-09-04T06:42:24.849833+09:00,장한평역,장한평역,POI049,KEY_2,1050022600,장한로,1050006400,장한평역3번출구,127.0651094957785290_37.5621930039047314,1030027100,장한평역4번출구,127.0656821580608806_37.5613871696903487,116.0,22.0,서행,127.0656821580608806_37.5613871696903487|127.0653729485284629_37.5614973322629879|127.0652831827717080_37.5615808178176422|127.0650499368940558_37.5619671370952375|127.0650380478297450_37.5620696509166976|127.0651094957785290_37.5621930039047314
2026-09-04T06:42:24.849833+09:00,장한평역,장한평역,POI049,KEY_2,1050022700,천호대로,1030027900,장한평역,127.0636987461977441_37.5616646830852758,1050006500,장한평역3번출구,127.0649900197555695_37.5622444247279859,136.0,23.0,서행,127.0649900197555695_37.5622444247279859|127.0648504970743886_37.5620680286746094|127.0647175295089113_37.5619649357354461|127.0640914430972686_37.5617245048653601|127.0636987461977441_37.5616646830852758
2026-09-04T06:42:24.849833+09:00,장한평역,장한평역,POI049,KEY_2,1050056700,천호대로,1030027900,장한평역,127.0636987461977441_37.5616646830852758,1030027204,장한평역교차로,127.0645425885173267_37.5615444898432358,76.0,23.0,서행,127.0645425885173267_37.5615444898432358|127.0636987461977441_37.5616646830852758
2026-09-04T06:42:24.849833+09:00,장한평역,장한평역,POI049,KEY_2,1050056800,천호대로,1030027203,장한평역교차로,127.0645000404244058_37.5614407132058119,1030027300,장한평역,127.0636749913523147_37.5615582305417988,74.0,25.0,원활,127.0636749913523147_37.5615582305417988|127.0645000404244058_37.5614407132058119
2026-09-04T06:42:24.849833+09:00,장한평역,장한평역,POI049,KEY_2,1050056900,천호대로,1030027804,속성변화점,127.0628424554379450_37.5617861664547803,1030027900,장한평역,127.0636987461977441_37.5616646830852758,77.0,23.0,서행,127.0636987461977441_37.5616646830852758|127.0629751084912300_37.5617670089779025|127.0628424554379450_37.5617861664547803
2026-09-04T06:42:24.849833+09:00,장한평역,장한평역,POI049,KEY_2,1050057000,천호대로,1030027300,장한평역,127.0636749913523147_37.5615582305417988,1030027802,삼우빌딩,127.0629513549016281_37.5616605554283538,65.0,36.0,원활,127.0629513549016281_37.5616605554283538|127.0636749913523147_37.5615582305417988
2026-09-04T06:42:24.849833+09:00,장한평역,장한평역,POI049,KEY_2,1050057100,천호대로,1030028201,삼지빌딩,127.0611931909564305_37.5620293760044888,1030027804,속성변화점,127.0628424554379450_37.5617861664547803,148.0,31.0,원활,127.0628424554379450_37.5617861664547803|127.0611931909564305_37.5620293760044888
2026-09-04T06:42:24.849833+09:00,장한평역,장한평역,POI049,KEY_2,1050057200,천호대로,1030027803,삼우빌딩,127.0628177151623248_37.5616798556884603,1030028202,속성변화점,127.0611684529429226_37.5619230648949838,148.0,36.0,원활,127.0611684529429226_37.5619230648949838|127.0628177151623248_37.5616798556884603
2026-09-04T06:42:24.849833+09:00,장한평역,장한평역,POI049,KEY_2,1050057600,한천로,1050186700,장안동 482,127.0585815604546411_37.5635640107395758,1030029001,서울교통공사교차로,127.0580467272918384_37.5629540333191940,83.0,17.0,서행,127.0580467272918384_37.5629540333191940|127.0582247213048817_37.5631696643374866|127.0584722924049856_37.5634554227117903|127.0585815604546411_37.5635640107395758
2026-09-04T06:42:24.849833+09:00,장한평역,장한평역,POI049,KEY_2,1050057800,천호대로,1030029300,국정일보,127.0569879986479975_37.5637421382279157,1030029004,서울교통공사교차로,127.0579437153332236_37.5630261230406859,116.0,25.0,원활,127.0579437153332236_37.5630261230406859|127.0569879986479975_37.5637421382279157
2026-09-04T06:42:24.849833+09:00,장한평역,장한평역,POI049,KEY_2,1050058000,한천로,1050196700,장안동 482,127.0589404032238434_37.5638901989359084,1050006706,부품상가삼거리,127.0588015705685905_37.5637757166667043,18.0,21.0,서행,127.0588015705685905_37.5637757166667043|127.0589253275586685_37.5638795739207936|127.0589404032238434_37.5638901989359084
2026-09-04T06:42:24.849833+09:00,장한평역,장한평역,POI049,KEY_2,1050058100,한천로,1050006709,부품상가삼거리,127.0587030276794707_37.5638501243244036,1050006705,답십리동217-1,127.0608648877731355_37.5653900420829316,256.0,26.0,원활,127.0608648877731355_37.5653900420829316|127.0608585785979727_37.5653846154118582|127.0601635343737428_37.5648966245898634|127.0595596446630680_37.5644710284825152|127.0588503675639771_37.5639711495952753|127.0588308591260471_37.5639574004323364|127.0587030276794707_37.5638501243244036
2026-09-04T06:42:24.849833+09:00,장한평역,장한평역,POI049,KEY_2,1050058300,황물로,1050180200,답십리동 952-2,127.0582500024359831_37.5641933476752001,1050006709,부품상가삼거리,127.0587030276794707_37.5638501243244036,55.0,19.0,서행,127.0587030276794707_37.5638501243244036|127.0582500024359831_37.5641933476752001
2026-09-04T06:42:24.849833+09:00,장한평역,장한평역,POI049,KEY_2,1050058400,황물로,1050006708,부품상가삼거리,127.0586134993678229_37.5637686922705853,1050007304,답십리5지구대,127.0572514594513081_37.5647808125362559,165.0,23.0,서행,127.0572514594513081_37.5647808125362559|127.0574015441680302_37.5646868882744229|127.0581563634882087_37.5641150296059152|127.0586134993678229_37.5637686922705853
2026-09-04T06:42:24.849833+09:00,장한평역,장한평역,POI049,KEY_2,1050060501,천호대로,1050037604,용답동 224-1,127.0593516529250167_37.5622234716224668,1030029002,서울교통공사교차로,127.0579838383515892_37.5628589219914772,141.0,30.0,원활,127.0579838383515892_37.5628589219914772|127.0583281599183607_37.5626484148036894|127.0585326584047294_37.5625320039678314|127.0586760384163370_37.5624593052762776|127.0588775323544439_37.5623721768169858|127.0591413146442079_37.5622827454154162|127.0593516529250167_37.5622234716224668
2026-09-04T06:42:24.849833+09:00,장한평역,장한평역,POI049,KEY_2,1050060701,천호대로,1030029001,서울교통공사교차로,127.0580467272918384_37.5629540333191940,1030028204,삼지빌딩,127.0610595386931436_37.5620489976538323,289.0,23.0,서행,127.0610595386931436_37.5620489976538323|127.0606213566722289_37.5621124992959707|127.0603677903037863_37.5621498628990125|127.0600291775151192_37.5622083156058935|127.0597429978717088_37.5622556964060195|127.0594898707176554_37.5623079996906881|127.0593992958180536_37.5623295887485327|127.0591519469817428_37.5623999606302093|127.0589803520694687_37.5624570624331540|127.0588427266968807_37.5625140092085132|127.0586312982700150_37.5626056078786874|127.0584595127480583_37.5626951007398233|127.0580467272918384_37.5629540333191940
2026-09-04T06:42:24.849833+09:00,천호역,천호역,POI050,KEY_3,1230091500,풍성로25길,1230423100,최소노드배치점,127.1213202475153992_37.5366159926774401,1230057202,풍납1동주민센터,127.1222889993939589_37.5389396716807582,284.0,15.0,서행,127.1222889993939589_37.5389396716807582|127.1219021881112354_37.5382276816301328|127.1213833795709434_37.5372923015735083|127.1214025863991282_37.5372101448766955|127.1215441560175634_37.5371087097441318|127.1215461125996882_37.5370684600636437|127.1213202475153992_37.5366159926774401
2026-09-04T06:42:24.849833+09:00,천호역,천호역,POI050,KEY_3,1230091700,천호대로,1230056700,천호사거리,127.1231991095257143_37.5382127630712290,1230057100,천호사거리,127.1228015509893083_37.5387585883164832,73.0,22.0,서행,127.1228015509893083_37.5387585883164832|127.1229241648776735_37.5386668308833507|127.1230198352073586_37.5385885389022675|127.1231277941631106_37.5384743769456719|127.1231768092596184_37.5383908689299020|127.1231970416041435_37.5382921018591134|127.1231991095257143_37.5382127630712290
2026-09-04T06:42:24.849833+09:00,천호역,천호역,POI050,KEY_3,1230094400,올림픽대로,1230057202,풍납1동주민센터,127.1222889993939589_37.5389396716807582,1230057601,풍납1동사무소,127.1206171273850600_37.5398267942077126,180.0,41.3,서행,127.1206171273850600_37.5398267942077126|127.1206402519064369_37.5398105049192665|127.1208137207095632_37.5397054359141791|127.1211101440944589_37.5395116516381009|127.1213039218144303_37.5393779552428981|127.1217585328710840_37.5391085831531299|127.1221845741995793_37.5389460379588940|127.1222889993939589_37.5389396716807582
2026-09-04T06:42:24.849833+09:00,천호역,천호역,POI050,KEY_3,1240000503,천호대로,1249137600,성내동 5-19,127.1280382627610948_37.5371810929529701,1240015902,천호신사거리,127.1265613525916365_37.5376636665247787,141.0,38.0,원활,127.1265613525916365_37.5376636665247787|127.1275442594800751_37.5373425089920758|127.1280382627610948_37.5371810929529701
2026-09-04T06:42:24.849833+09:00,천호역,천호역,POI050,KEY_3,1240000901,천호대로,1240015903,천호신사거리,127.1264313401249240_37.5377030556450677,1240016102,속성변화점,127.1258227718012819_37.5378782795148567,57.0,28.5,원활,127.1258227718012819_37.5378782795148567|127.1264313401249240_37.5377030556450677
2026-09-04T06:42:24.849833+09:00,천호역,천호역,POI050,KEY_3,1240000902,천호대로,1240016102,속성변화점,127.1258227718012819_37.5378782795148567,1240016400,천호역7번출구,127.1242070043111596_37.5383086791756000,151.0,41.0,원활,127.1242070043111596_37.5383086791756000|127.1248744937185933_37.5381079577954324|127.1255448371520913_37.5379047060162492|127.1258227718012819_37.5378782795148567
2026-09-04T06:42:24.849833+09:00,천호역,천호역,POI050,KEY_3,1240000903,천호대로,1240016400,천호역7번출구,127.1242070043111596_37.5383086791756000,1230057002,천호사거리,127.1234478477520184_37.5385370305723569,72.0,32.0,원활,127.1234478477520184_37.5385370305723569|127.1242070043111596_37.5383086791756000
2026-09-04T06:42:24.849833+09:00,천호역,천호역,POI050,KEY_3,1240001001,천호대로,1240016101,속성변화점,127.1258700127424532_37.5379796401749530,1240015904,천호신사거리,127.1264995678300238_37.5377983808995310,59.0,31.5,원활,127.1264995678300238_37.5377983808995310|127.1258700127424532_37.5379796401749530
2026-09-04T06:42:24.849833+09:00,천호역,천호역,POI050,KEY_3,1240001003,천호대로,1230057001,천호사거리,127.1235172823043769_37.5387460209010086,1240016500,천호사거리,127.1240195713131129_37.5385827314211369,48.0,7.0,정체,127.1240195713131129_37.5385827314211369|127.1235172823043769_37.5387460209010086
2026-09-04T06:42:24.849833+09:00,천호역,천호역,POI050,KEY_3,1240001301,천호대로,1230057003,천호사거리,127.1233208369298211_37.5385774148515452,1230057100,천호사거리,127.1228015509893083_37.5387585883164832,50.0,11.0,정체,127.1228015509893083_37.5387585883164832|127.1233208369298211_37.5385774148515452
2026-09-04T06:42:24.849833+09:00,천호역,천호역,POI050,KEY_3,1240001302,천호대로,1230057100,천호사거리,127.1228015509893083_37.5387585883164832,1230057201,풍납1동주민센터,127.1224128179309645_37.5388942112432815,38.0,5.0,정체,127.1224128179309645_37.5388942112432815|127.1228015509893083_37.5387585883164832
2026-09-04T06:42:24.849833+09:00,천호역,천호역,POI050,KEY_3,1240001303,천호대로,1230057202,풍납1동주민센터,127.1222889993939589_37.5389396716807582,1230425800,최소노드배치점,127.1206473646241477_37.5399649693936297,187.0,11.0,정체,127.1206473646241477_37.5399649693936297|127.1208002690071339_37.5397806065349755|127.1212122107708637_37.5394811670133990|127.1217838639544340_37.5391353320378940|127.1222889993939589_37.5389396716807582
2026-09-04T06:42:24.849833+09:00,천호역,천호역,POI050,KEY_3,1240001402,천호대로,1249154200,속성변화점,127.1207370515739399_37.5400461468424780,1240032502,천호동 458-32,127.1223997000991659_37.5391372566073969,179.0,44.0,원활,127.1223997000991659_37.5391372566073969|127.1219267779063671_37.5393204408960344|127.1213813850969814_37.5396503892687647|127.1209832957351296_37.5399401536630535|127.1207370515739399_37.5400461468424780
2026-09-04T06:42:24.849833+09:00,천호역,천호역,POI050,KEY_3,1240001405,천호대로,1240032600,천호사거리,127.1229181381820865_37.5389539974583073,1230057004,천호사거리,127.1233910826555729_37.5387889914914226,46.0,32.0,원활,127.1233910826555729_37.5387889914914226|127.1229181381820865_37.5389539974583073
2026-09-04T06:42:24.849833+09:00,천호역,천호역,POI050,KEY_3,1240001406,천호대로,1240032501,성내동 71-18,127.1225232060097312_37.5390917822839612,1240032600,천호사거리,127.1229181381820865_37.5389539974583073,38.0,15.0,서행,127.1229181381820865_37.5389539974583073|127.1225232060097312_37.5390917822839612
2026-09-04T06:42:24.849833+09:00,천호역,천호역,POI050,KEY_3,1240009300,천호옛길,1249137900,성내동 610-4,127.1258292313183631_37.5369283484509992,1240015903,천호신사거리,127.1264313401249240_37.5377030556450677,101.0,16.0,서행,127.1264313401249240_37.5377030556450677|127.1263164556896612_37.5375642510170380|127.1262594729914213_37.5374954036653037|127.1260023829827759_37.5371565622425933|127.1258292313183631_37.5369283484509992
2026-09-04T06:42:24.849833+09:00,천호역,천호역,POI050,KEY_3,1240009701,올림픽로,1230270600,풍납동 490-16,127.1226668613505808_37.5366443114647481,1230056700,천호사거리,127.1231991095257143_37.5382127630712290,180.0,18.0,서행,127.1231991095257143_37.5382127630712290|127.1229568202109164_37.5374869408773861|127.1228079874914840_37.5370410778011561|127.1226668613505808_37.5366443114647481
2026-09-04T06:42:24.849833+09:00,천호역,천호역,POI050,KEY_3,1240009702,올림픽로,1230056700,천호사거리,127.1231991095257143_37.5382127630712290,1230057003,천호사거리,127.1233208369298211_37.5385774148515452,42.0,25.0,원활,127.1233208369298211_37.5385774148515452|127.1231991095257143_37.5382127630712290
2026-09-04T06:42:24.849833+09:00,천호역,천호역,POI050,KEY_3,1240009802,올림픽로,1230057002,천호사거리,127.1234478477520184_37.5385370305723569,1230056800,천호사거리,127.1233125521570173_37.5381317339889833,47.0,7.0,정체,127.1233125521570173_37.5381317339889833|127.1234478477520184_37.5385370305723569
2026-09-04T06:42:24.849833+09:00,천호역,천호역,POI050,KEY_3,1240010501,진황도로,1249115700,천호동 410-382,127.1297282195018568_37.5392494506617709,1240003403,천호시장사거리,127.1279040058523577_37.5402699692055037,197.0,21.0,서행,127.1279040058523577_37.5402699692055037|127.1281233888413453_37.5401494195158278|127.1292799313315243_37.5395010700264251|127.1296483811764944_37.5392945149189714|127.1297282195018568_37.5392494506617709
2026-09-04T06:42:24.849833+09:00,천호역,천호역,POI050,KEY_3,1240011101,올림픽로,1230057004,천호사거리,127.1233910826555729_37.5387889914914226,1240017000,천호사거리,127.1235011793470306_37.5391221481703639,38.0,17.0,서행,127.1235011793470306_37.5391221481703639|127.1233910826555729_37.5387889914914226
2026-09-04T06:42:24.849833+09:00,천호역,천호역,POI050,KEY_3,1240011102,올림픽로,1249104900,천호동 428-2,127.1237027452071828_37.5397320880800720,1240003704,광진교남단사거리,127.1242723015992340_37.5412434639985975,175.0,22.0,서행,127.1242723015992340_37.5412434639985975|127.1240122340375507_37.5405538642123275|127.1238499365141621_37.5401235064093299|127.1237057177538929_37.5397410829525455|127.1237027452071828_37.5397320880800720
2026-09-04T06:42:24.849833+09:00,천호역,천호역,POI050,KEY_3,1240011201,올림픽로,1240016900,천호사거리,127.1236242721152223_37.5390697740102013,1230057001,천호사거리,127.1235172823043769_37.5387460209010086,37.0,7.0,정체,127.1235172823043769_37.5387460209010086|127.1236242721152223_37.5390697740102013
2026-09-04T06:42:24.849833+09:00,천호역,천호역,POI050,KEY_3,1240011202,올림픽로,1249118200,천호동 428-2,127.1237604673641783_37.5394819021781032,1240016900,천호사거리,127.1236242721152223_37.5390697740102013,47.0,29.5,원활,127.1236242721152223_37.5390697740102013|127.1237604673641783_37.5394819021781032
2026-09-04T06:42:24.849833+09:00,천호역,천호역,POI050,KEY_3,1240011501,구천면로,1240003408,킴스클럽(천호점),127.1261364525714015_37.5407094515659523,1240003703,광진교남단사거리,127.1243975126236307_37.5411995502778808,163.0,14.0,정체,127.1243975126236307_37.5411995502778808|127.1250523370211170_37.5410149998832807|127.1252564276983179_37.5409574796942067|127.1261364525714015_37.5407094515659523
2026-09-04T06:42:24.849833+09:00,천호역,천호역,POI050,KEY_3,1240011502,구천면로,1249123800,천호동 418-2,127.1266871986057225_37.5405542240687140,1240003407,킴스클럽(천호점),127.1262650007328148_37.5406732206050719,40.0,13.0,정체,127.1262650007328148_37.5406732206050719|127.1266871986057225_37.5405542240687140
2026-09-04T06:42:24.849833+09:00,천호역,천호역,POI050,KEY_3,1240011601,구천면로,1240003406,킴스클럽(천호점),127.1263103069998266_37.5407751443387099,1240003405,천호시장사거리,127.1278224353661557_37.5404323554764829,139.0,11.0,정체,127.1278224353661557_37.5404323554764829|127.1270886044431165_37.5405616113526648|127.1270334400655173_37.5405713277208974|127.1267325053378556_37.5406561474975717|127.1263103069998266_37.5407751443387099
2026-09-04T06:42:24.849833+09:00,천호역,천호역,POI050,KEY_3,1240011602,구천면로,1249150700,천호동 435-2,127.1250976417453842_37.5411169237754336,1240003409,킴스클럽(천호점),127.1261817587292029_37.5408113753436652,102.0,12.0,정체,127.1261817587292029_37.5408113753436652|127.1253017326863954_37.5410594035665426|127.1250976417453842_37.5411169237754336
2026-09-04T06:42:24.849833+09:00,천호역,천호역,POI050,KEY_3,1240012200,구천면로,1249111600,천호동 397-441,127.1300178217984325_37.5410705636680788,1240003402,천호시장사거리,127.1279634389083384_37.5403686754933119,200.0,13.0,정체,127.1279634389083384_37.5403686754933119|127.1280961944452059_37.5404233059771144|127.1286980083948350_37.5405042767628885|127.1290074504487251_37.5405921604635040|127.1293547790916421_37.5407190682850427|127.1296108197300470_37.5408388339810557|127.1298899091390808_37.5409841225037084|127.1300178217984325_37.5410705636680788
2026-09-04T06:42:24.849833+09:00,천호역,천호역,POI050,KEY_3,1240012601,올림픽로,1249109700,천호동 373,127.1246760440397452_37.5419690104642640,1240003702,광진교남단사거리,127.1244358849439777_37.5413034277414468,77.0,22.0,서행,127.1244358849439777_37.5413034277414468|127.1246760440397452_37.5419690104642640
2026-09-04T06:42:24.849833+09:00,천호역,천호역,POI050,KEY_3,1240039600,천호대로,1240016400,천호역7번출구,127.1242070043111596_37.5383086791756000,1230056800,천호사거리,127.1233125521570173_37.5381317339889833,87.0,29.0,원활,127.1233125521570173_37.5381317339889833|127.1233894987534825_37.5382002602406928|127.1235445694257749_37.5382799014588926|127.1235912244469404_37.5383031173539337|127.1237243792602101_37.5383377934522713|127.1238241290205622_37.5383378663987912|127.1239965496080515_37.5383281493004475|127.1242070043111596_37.5383086791756000
2026-09-04T06:42:24.849833+09:00,천호역,천호역,POI050,KEY_3,1240040000,천호대로,1240016900,천호사거리,127.1236242721152223_37.5390697740102013,1240016500,천호사거리,127.1240195713131129_37.5385827314211369,66.0,29.3,원활,127.1240195713131129_37.5385827314211369|127.1238606684004111_37.5387097157003780|127.1237243793176361_37.5388452644014663|127.1236423181457553_37.5389854711084467|127.1236242721152223_37.5390697740102013
2026-09-04T06:42:24.849833+09:00,천호역,천호역,POI050,KEY_3,1240040200,천호대로157길,1249121100,천호동 454-49,127.1267213376215466_37.5381549599408473,1240003404,천호시장사거리,127.1277656314485256_37.5403316272977321,263.0,7.0,정체,127.1277656314485256_37.5403316272977321|127.1277764803604811_37.5400663754616346|127.1276287872081667_37.5395939952034325|127.1274683047712841_37.5391935724405386|127.1273335079728923_37.5389564198065386|127.1267213376215466_37.5381549599408473
2026-09-04T06:42:24.849833+09:00,천호역,천호역,POI050,KEY_3,1240040300,천호대로,1240032600,천호사거리,127.1229181381820865_37.5389539974583073,1240017000,천호사거리,127.1235011793470306_37.5391221481703639,58.0,24.0,서행,127.1235011793470306_37.5391221481703639|127.1233903598605508_37.5390373240800344|127.1232600735032037_37.5389731530963857|127.1231593473902564_37.5389564680612224|127.1230348034606692_37.5389527839542012|127.1229181381820865_37.5389539974583073
2026-09-04T06:42:24.849833+09:00,천호역,천호역,POI050,KEY_3,1240040800,천호대로151길,1249144900,천호동 459-2,127.1229562993439544_37.5398463764838937,1240032501,성내동 71-18,127.1225232060097312_37.5390917822839612,92.0,8.0,정체,127.1225232060097312_37.5390917822839612|127.1229562993439544_37.5398463764838937
2026-09-04T06:42:24.849833+09:00,천호역,천호역,POI050,KEY_3,1240041200,구천면로,1240003704,광진교남단사거리,127.1242723015992340_37.5412434639985975,1240017602,광진교남단사거리,127.1239812132037912_37.5413533959520294,29.0,19.0,서행,127.1239812132037912_37.5413533959520294|127.1241422367008767_37.5413014621294323|127.1242723015992340_37.5412434639985975
2026-09-04T06:42:24.849833+09:00,천호역,천호역,POI050,KEY_3,1240041300,구천면로,1240017604,광진교남단사거리,127.1239000032397968_37.5414954748858349,1240003705,광진교남단사거리,127.1243113956138018_37.5413499499680157,40.0,27.0,원활,127.1243113956138018_37.5413499499680157|127.1242011279294388_37.5413991198798556|127.1240321888513591_37.5414536077047316|127.1239000032397968_37.5414954748858349
2026-09-04T06:42:24.849833+09:00,천호역,천호역,POI050,KEY_3,1240041900,구천면로,1249152700,최소노드배치점,127.1194660888336898_37.5428727643710758,1240017604,광진교남단사거리,127.1239000032397968_37.5414954748858349,421.0,33.0,원활,127.1239000032397968_37.5414954748858349|127.1214621369989999_37.5422587470682814|127.1194660888336898_37.5428727643710758
2026-09-04T06:42:24.849833+09:00,천호역,천호역,POI050,KEY_3,1240221700,구천면로23길,1240003409,킴스클럽(천호점),127.1261817587292029_37.5408113753436652,1240091502,2001아울렛(천호점),127.1265123428250519_37.5413813494056541,70.0,6.0,정체,127.1265123428250519_37.5413813494056541|127.1261817587292029_37.5408113753436652
2026-09-04T06:42:24.849833+09:00,천호역,천호역,POI050,KEY_3,1240221800,구천면로23길,1240091501,2001아울렛(천호점),127.1266356131728088_37.5413360168481560,1240003406,킴스클럽(천호점),127.1263103069998266_37.5407751443387099,69.0,9.0,정체,127.1263103069998266_37.5407751443387099|127.1266356131728088_37.5413360168481560
2026-09-04T06:42:24.849833+09:00,총신대입구(이수)역,총신대입구(이수)역,POI051,KEY_4,1190008600,사당로,1190090200,사당동 1092,126.9783089913764371_37.4840630813367639,1190003002,남성초등학교앞교차로,126.9775810609628337_37.4838343819257673,69.0,29.0,원활,126.9775810609628337_37.4838343819257673|126.9779561785673252_37.4839522361997055|126.9783089913764371_37.4840630813367639
2026-09-04T06:42:24.849833+09:00,총신대입구(이수)역,총신대입구(이수)역,POI051,KEY_4,1190008700,사당로,1190055500,사당동 708-624,126.9789433675313148_37.4843786033373689,1190003204,사당동 708-436,126.9792039752670121_37.4844604770999297,25.0,33.0,원활,126.9792039752670121_37.4844604770999297|126.9789433675313148_37.4843786033373689
2026-09-04T06:42:24.849833+09:00,총신대입구(이수)역,총신대입구(이수)역,POI051,KEY_4,1190008800,동작대로23길,1190047400,사당동 1091,126.9796370105229073_37.4842213526536838,1190003203,사당동 708-624,126.9792537377390147_37.4843598906780784,38.0,19.5,서행,126.9792537377390147_37.4843598906780784|126.9793683365627430_37.4842924228876058|126.9795496091593066_37.4842357088864730|126.9796370105229073_37.4842213526536838
2026-09-04T06:42:24.849833+09:00,총신대입구(이수)역,총신대입구(이수)역,POI051,KEY_4,1190008900,동작대로23길,1190055300,사당동 708-286,126.9810081884948971_37.4842981630243912,1210023904,사당동 708-517,126.9820022856057591_37.4844625134943641,90.0,7.0,정체,126.9820022856057591_37.4844625134943641|126.9814454702967907_37.4843910349356264|126.9810081884948971_37.4842981630243912
2026-09-04T06:42:24.849833+09:00,총신대입구(이수)역,총신대입구(이수)역,POI051,KEY_4,1190009000,사당로,1190053300,사당동 144-4,126.9810923720944231_37.4850378218572331,1190003202,사당동 708-624,126.9793960972202598_37.4844105065625612,165.0,13.0,정체,126.9793960972202598_37.4844105065625612|126.9805441138140196_37.4848352529794440|126.9809554691264140_37.4849874434861832|126.9810923720944231_37.4850378218572331
2026-09-04T06:42:24.849833+09:00,총신대입구(이수)역,총신대입구(이수)역,POI051,KEY_4,1190009100,사당로,1190075300,사당동 144-4,126.9814106321940415_37.4852740285928050,1210025304,이수역앞교차로,126.9820585773020554_37.4854625425216668,61.0,28.0,원활,126.9820585773020554_37.4854625425216668|126.9816021496104241_37.4853445029508165|126.9814106321940415_37.4852740285928050
2026-09-04T06:42:24.849833+09:00,총신대입구(이수)역,총신대입구(이수)역,POI051,KEY_4,1190013101,동작대로33길,1190062300,사당동 737-4,126.9819976691939445_37.4895700925421735,1210028704,삼원빌딩,126.9824873372129446_37.4895576800631645,44.0,18.0,서행,126.9824873372129446_37.4895576800631645|126.9822796434602026_37.4895377492337332|126.9819976691939445_37.4895700925421735
2026-09-04T06:42:24.849833+09:00,총신대입구(이수)역,총신대입구(이수)역,POI051,KEY_4,1190050200,동작대로27길,1190081200,사당동 139-34,126.9811336332786027_37.4876179672351100,1210027105,총신대입구역(서울4호선),126.9821792965293241_37.4876120560627513,92.0,19.0,서행,126.9821792965293241_37.4876120560627513|126.9817506975894617_37.4876180660610103|126.9817500609947558_37.4876180660587366|126.9811357001604080_37.4876180622694832|126.9811336332786027_37.4876179672351100
2026-09-04T06:42:24.849833+09:00,총신대입구(이수)역,총신대입구(이수)역,POI051,KEY_4,1190050300,동작대로27길,1190056000,사당동 139-34,126.9804922927347235_37.4874767312889645,1190026401,사당동130-22,126.9800298494712791_37.4874517319426488,41.0,17.0,서행,126.9800298494712791_37.4874517319426488|126.9804922927347235_37.4874767312889645
2026-09-04T06:42:24.849833+09:00,총신대입구(이수)역,총신대입구(이수)역,POI051,KEY_4,1210013203,동작대로,1190045100,사당동 339-24,126.9819051206889071_37.4827596414189870,1210023903,사당동 708-808,126.9819959904761362_37.4843521900688970,177.0,18.0,서행,126.9819959904761362_37.4843521900688970|126.9819730430722444_37.4839500291722914|126.9819051206889071_37.4827596414189870
2026-09-04T06:42:24.849833+09:00,총신대입구(이수)역,총신대입구(이수)역,POI051,KEY_4,1210013204,동작대로,1210023904,사당동 708-517,126.9820022856057591_37.4844625134943641,1210025303,이수역앞교차로,126.9820527768257676_37.4853473698567683,98.0,18.0,서행,126.9820527768257676_37.4853473698567683|126.9820022856057591_37.4844625134943641
2026-09-04T06:42:24.849833+09:00,총신대입구(이수)역,총신대입구(이수)역,POI051,KEY_4,1210013303,동작대로,1210468300,방배동 495-1,126.9820406568788513_37.4827547301711093,1210020001,삼산빌딩,126.9819657161490056_37.4814413381301179,146.0,9.0,정체,126.9819657161490056_37.4814413381301179|126.9819812696377994_37.4817139283870233|126.9820406568788513_37.4827547301711093
2026-09-04T06:42:24.849833+09:00,총신대입구(이수)역,총신대입구(이수)역,POI051,KEY_4,1210016202,서초대로,1210025301,이수역앞교차로,126.9821951600873575_37.4854855974890171,1210026304,방배동 3151-4,126.9833597973550923_37.4856198848411566,104.0,6.0,정체,126.9833597973550923_37.4856198848411566|126.9821951600873575_37.4854855974890171
2026-09-04T06:42:24.849833+09:00,총신대입구(이수)역,총신대입구(이수)역,POI051,KEY_4,1210016302,서초대로,1210026303,방배동 3151-4,126.9833403088553041_37.4855083913280964,1210025302,이수역앞교차로,126.9821902192167471_37.4853757809412045,103.0,32.0,원활,126.9821902192167471_37.4853757809412045|126.9833403088553041_37.4855083913280964
2026-09-04T06:42:24.849833+09:00,총신대입구(이수)역,총신대입구(이수)역,POI051,KEY_4,1210016303,서초대로,1210468000,방배동 864-41,126.9843637683908071_37.4856223333560337,1210026302,방배동 421-5,126.9834795968043721_37.4855242287525385,79.0,14.0,정체,126.9834795968043721_37.4855242287525385|126.9843637683908071_37.4856223333560337
2026-09-04T06:42:24.849833+09:00,총신대입구(이수)역,총신대입구(이수)역,POI051,KEY_4,1210017602,동작대로,1210025304,이수역앞교차로,126.9820585773020554_37.4854625425216668,1210027108,속성변화점,126.9820894460752214_37.4863064861430431,94.0,12.0,정체,126.9820894460752214_37.4863064861430431|126.9820585773020554_37.4854625425216668
2026-09-04T06:42:24.849833+09:00,총신대입구(이수)역,총신대입구(이수)역,POI051,KEY_4,1210017605,동작대로,1190072600,사당동 708-659,126.9822597372454140_37.4884783486161339,1210028703,삼원빌딩,126.9824624742385737_37.4894463919877055,109.0,26.0,원활,126.9824624742385737_37.4894463919877055|126.9823356718194702_37.4889406987954388|126.9823189008856730_37.4888738151074250|126.9822597372454140_37.4884783486161339
2026-09-04T06:42:24.849833+09:00,총신대입구(이수)역,총신대입구(이수)역,POI051,KEY_4,1210017606,동작대로,1190071600,사당동 708-500,126.9821148939163464_37.4866945255961852,1210027104,총신대입구역(서울4호선),126.9821717135688601_37.4875040246955962,90.0,15.0,서행,126.9821717135688601_37.4875040246955962|126.9821148939163464_37.4866945255961852
2026-09-04T06:42:24.849833+09:00,총신대입구(이수)역,총신대입구(이수)역,POI051,KEY_4,1210017702,동작대로,1210027107,총신대입구역(서울4호선),126.9822250708600251_37.4863033359931279,1210025301,이수역앞교차로,126.9821951600873575_37.4854855974890171,91.0,32.0,원활,126.9821951600873575_37.4854855974890171|126.9822250708600251_37.4863033359931279
2026-09-04T06:42:24.849833+09:00,총신대입구(이수)역,총신대입구(이수)역,POI051,KEY_4,1210017704,동작대로,1210471400,방배동 2279,126.9826680850078873_37.4901113437174232,1210028701,속성변화점,126.9826217390590273_37.4895428255529453,63.0,17.5,서행,126.9826217390590273_37.4895428255529453|126.9826448796264344_37.4896757639483056|126.9826680850078873_37.4901113437174232
2026-09-04T06:42:24.849833+09:00,총신대입구(이수)역,총신대입구(이수)역,POI051,KEY_4,1210017705,동작대로,1210027102,속성변화점,126.9823147704309747_37.4876060179877726,1210027106,총신대입구역(서울4호선),126.9822309209962725_37.4864114578571730,133.0,33.0,원활,126.9822309209962725_37.4864114578571730|126.9822503662360873_37.4866884875043240|126.9823071873458957_37.4874979865397790|126.9823147704309747_37.4876060179877726
2026-09-04T06:42:24.849833+09:00,총신대입구(이수)역,총신대입구(이수)역,POI051,KEY_4,1210017706,동작대로,1210470800,방배동 1809,126.9823525562850932_37.4881443286373823,1210027102,속성변화점,126.9823147704309747_37.4876060179877726,60.0,33.0,원활,126.9823147704309747_37.4876060179877726|126.9823525562850932_37.4881443286373823
2026-09-04T06:42:24.849833+09:00,총신대입구(이수)역,총신대입구(이수)역,POI051,KEY_4,1210044801,방배천로,1210020103,방배동493-5,126.9825978472802603_37.4826827756520018,1210020106,한국영농신문,126.9825278403283733_37.4814329643019377,139.0,22.0,서행,126.9825278403283733_37.4814329643019377|126.9825978472802603_37.4826827756520018
2026-09-04T06:42:24.849833+09:00,총신대입구(이수)역,총신대입구(이수)역,POI051,KEY_4,1210044802,방배천로,1210472400,방배동 493-4,126.9826676586466476_37.4839290493333763,1210020102,방배동493-5,126.9826038978293212_37.4827907919779051,126.0,24.0,서행,126.9826038978293212_37.4827907919779051|126.9826676586466476_37.4839290493333763
2026-09-04T06:42:24.849833+09:00,총신대입구(이수)역,총신대입구(이수)역,POI051,KEY_4,1210044901,방배천로,1210472300,방배동 493-4,126.9825321154947488_37.4839338709411081,1210026303,방배동 3151-4,126.9833403088553041_37.4855083913280964,192.0,20.0,서행,126.9833403088553041_37.4855083913280964|126.9832921070280065_37.4852054761472786|126.9832496822412793_37.4850419299093005|126.9831290782554873_37.4848552868759981|126.9829544187051766_37.4846603556171800|126.9828685313590739_37.4845644993626124|126.9826696632651419_37.4842961995852448|126.9825366906737827_37.4840155473817802|126.9825321154947488_37.4839338709411081
2026-09-04T06:42:24.849833+09:00,총신대입구(이수)역,총신대입구(이수)역,POI051,KEY_4,1210044902,방배천로,1210020109,한국영농신문,126.9823923009376330_37.4814377857296748,1210020104,방배동493-5,126.9824623056363038_37.4826875971584457,139.0,12.0,정체,126.9824623056363038_37.4826875971584457|126.9823923009376330_37.4814377857296748
2026-09-04T06:42:24.849833+09:00,총신대입구(이수)역,총신대입구(이수)역,POI051,KEY_4,1210048000,방배천로,1210027302,방배한진로즈힐아파트,126.9838346401866147_37.4863793944778010,1210026301,방배동 421-5,126.9835004450508791_37.4856357060859082,89.0,15.0,서행,126.9835004450508791_37.4856357060859082|126.9835418963080116_37.4858402058014804|126.9836294430309778_37.4860775561549673|126.9836954062014343_37.4862074845377364|126.9837263206772491_37.4862683769525447|126.9838346401866147_37.4863793944778010
2026-09-04T06:42:24.849833+09:00,총신대입구(이수)역,총신대입구(이수)역,POI051,KEY_4,1210048100,방배천로,1210026304,방배동 3151-4,126.9833597973550923_37.4856198848411566,1210027303,방배한진로즈힐아파트,126.9837275241604146_37.4864457595328773,99.0,15.0,서행,126.9837275241604146_37.4864457595328773|126.9836076191972012_37.4863228679357690|126.9835696266733720_37.4862480332841841|126.9835011543169117_37.4861131614725451|126.9834093116757714_37.4858641657913410|126.9833597973550923_37.4856198848411566
2026-09-04T06:42:24.849833+09:00,총신대입구(이수)역,총신대입구(이수)역,POI051,KEY_4,1210048400,동광로12길,1210027303,방배한진로즈힐아파트,126.9837275241604146_37.4864457595328773,1210027107,총신대입구역(서울4호선),126.9822250708600251_37.4863033359931279,134.0,10.0,정체,126.9822250708600251_37.4863033359931279|126.9826995428011713_37.4863034064230973|126.9830881094296728_37.4863760361900376|126.9834661851801485_37.4864278733475942|126.9837275241604146_37.4864457595328773
2026-09-04T06:42:24.849833+09:00,총신대입구(이수)역,총신대입구(이수)역,POI051,KEY_4,1210048500,동광로12길,1210027106,총신대입구역(서울4호선),126.9822309209962725_37.4864114578571730,1210027304,방배한진로즈힐아파트,126.9838499767115110_37.4865626593792598,145.0,30.0,원활,126.9838499767115110_37.4865626593792598|126.9834488449595256_37.4865352053215162|126.9830610879912456_37.4864820413386965|126.9826838306572370_37.4864115251054315|126.9822309209962725_37.4864114578571730
2026-09-04T06:42:24.849833+09:00,총신대입구(이수)역,총신대입구(이수)역,POI051,KEY_4,1210162600,방배천로18길,1210469000,방배동 492-2,126.9841467143931908_37.4826351298115270,1210020103,방배동493-5,126.9825978472802603_37.4826827756520018,137.0,20.0,서행,126.9825978472802603_37.4826827756520018|126.9833473919327531_37.4826605555061576|126.9841345361255947_37.4826355725340008|126.9841467143931908_37.4826351298115270
2026-09-04T06:42:24.849833+09:00,충정로역,충정로역,POI052,KEY_1,1010003105,중림로,1010010702,충정로역가구상가,126.9640754256734283_37.5590508294670045,1010010902,충정로역가구상가,126.9636848431599390_37.5590704219795128,35.0,21.0,서행,126.9636848431599390_37.5590704219795128|126.9640754256734283_37.5590508294670045
2026-09-04T06:42:24.849833+09:00,충정로역,충정로역,POI052,KEY_1,1010003106,중림로,1010058300,중림동 200,126.9650510841565278_37.5589523597584503,1010010702,충정로역가구상가,126.9640754256734283_37.5590508294670045,87.0,23.0,서행,126.9640754256734283_37.5590508294670045|126.9648587817104612_37.5589857330086545|126.9650510841565278_37.5589523597584503
2026-09-04T06:42:24.849833+09:00,충정로역,충정로역,POI052,KEY_1,1010003203,중림로,1010010901,충정로역가구상가,126.9636933844713411_37.5591783271103310,1010010701,충정로역가구상가,126.9640867414488667_37.5591585507347574,35.0,51.0,원활,126.9640867414488667_37.5591585507347574|126.9636933844713411_37.5591783271103310
2026-09-04T06:42:24.849833+09:00,충정로역,충정로역,POI052,KEY_1,1010004100,청파로,1010053100,중림동 351,126.9677081849395393_37.5609501641540362,1120002003,상수도사업본부교차로,126.9674908459828231_37.5614112452323354,55.0,13.0,정체,126.9674908459828231_37.5614112452323354|126.9677081849395393_37.5609501641540362
2026-09-04T06:42:24.849833+09:00,충정로역,충정로역,POI052,KEY_1,1010004202,청파로,1120002002,상수도사업본부교차로,126.9676167335992716_37.5614519307047843,1010011800,중림동,126.9684502351673530_37.5596836333754780,210.0,20.7,서행,126.9684502351673530_37.5596836333754780|126.9683561139200236_37.5598833187951939|126.9679693788652060_37.5607037947160336|126.9678353453515314_37.5609881483563299|126.9676167335992716_37.5614519307047843
2026-09-04T06:42:24.849833+09:00,충정로역,충정로역,POI052,KEY_1,1010006400,서소문로,1010134800,최소노드배치점,126.9688094991627594_37.5617925136145487,1010015901,서소문고가차도(서측),126.9660808471698346_37.5606758941064101,276.0,58.0,원활,126.9660808471698346_37.5606758941064101|126.9664117212871588_37.5609173619709722|126.9668194179275105_37.5611712880354318|126.9670907245415066_37.5613173299435417|126.9673694926154752_37.5614283839817418|126.9675339141719093_37.5614849578415004|126.9677551811045930_37.5615513111113870|126.9681716153295383_37.5616461476905030|126.9688094991627594_37.5617925136145487
2026-09-04T06:42:24.849833+09:00,충정로역,충정로역,POI052,KEY_1,1010025200,서소문로,1010011200,충정로역가구상가,126.9639333332024052_37.5593892258437165,1010010701,충정로역가구상가,126.9640867414488667_37.5591585507347574,32.0,17.0,서행,126.9640867414488667_37.5591585507347574|126.9640336759729422_37.5591555927884713|126.9640109018983054_37.5591889605807339|126.9639333332024052_37.5593892258437165
2026-09-04T06:42:24.849833+09:00,충정로역,충정로역,POI052,KEY_1,1010046800,중림로,1010010902,충정로역가구상가,126.9636848431599390_37.5590704219795128,1120022800,충정로사거리,126.9630067826871169_37.5591971961966209,62.0,25.0,원활,126.9630067826871169_37.5591971961966209|126.9632871751432361_37.5591616213529562|126.9633814740724631_37.5591398374989325|126.9635318328539313_37.5591038495610121|126.9636848431599390_37.5590704219795128
2026-09-04T06:42:24.849833+09:00,충정로역,충정로역,POI052,KEY_1,1120000702,신촌로,1130277500,북아현동 930-3,126.9609134061408611_37.5584844788521437,1120000509,충정로사거리,126.9619074057619912_37.5592113879016694,119.0,48.0,원활,126.9619074057619912_37.5592113879016694|126.9612918908444641_37.5587812687724991|126.9609134061408611_37.5584844788521437
2026-09-04T06:42:24.849833+09:00,충정로역,충정로역,POI052,KEY_1,1120000801,신촌로,1130031603,아현1동파출소,126.9603608185110346_37.5579007542804106,1130030701,아현교차로,126.9593903711545124_37.5572215324002201,114.0,41.0,원활,126.9593903711545124_37.5572215324002201|126.9599149131550178_37.5575634945568098|126.9603608185110346_37.5579007542804106
2026-09-04T06:42:24.849833+09:00,충정로역,충정로역,POI052,KEY_1,1120000802,신촌로,1120000508,충정로사거리,126.9620080990980853_37.5591378875581938,1130031602,아현1동파출소,126.9604584267966914_37.5579759373505979,188.0,33.0,원활,126.9604584267966914_37.5579759373505979|126.9610087130211866_37.5584074514955262|126.9613844188411349_37.5587020617830092|126.9620080990980853_37.5591378875581938
2026-09-04T06:42:24.849833+09:00,충정로역,충정로역,POI052,KEY_1,1120001001,충정로,1120005300,충정로사거리,126.9627180368454304_37.5598743433504580,1120000507,충정로사거리,126.9621372974823572_37.5592562991161856,86.0,33.0,원활,126.9621372974823572_37.5592562991161856|126.9623795374019153_37.5594882660047844|126.9626383443296902_37.5597704386196014|126.9627180368454304_37.5598743433504580
2026-09-04T06:42:24.849833+09:00,충정로역,충정로역,POI052,KEY_1,1120001002,충정로,1120136900,충정로3가 248-1,126.9633068718442246_37.5607776660404724,1120005300,충정로사거리,126.9627180368454304_37.5598743433504580,113.0,38.0,원활,126.9627180368454304_37.5598743433504580|126.9627893178244875_37.5599672811436491|126.9633068718442246_37.5607776660404724
2026-09-04T06:42:24.849833+09:00,충정로역,충정로역,POI052,KEY_1,1120004101,서소문로,1120134100,충정로3가 281-49,126.9645815660364860_37.5598977280732740,1010015902,서소문고가차도(서측),126.9659908088701030_37.5607568184368503,157.0,18.0,서행,126.9659908088701030_37.5607568184368503|126.9657622305857387_37.5606011985419741|126.9655478502515109_37.5604734670610227|126.9645815660364860_37.5598977280732740
2026-09-04T06:42:24.849833+09:00,충정로역,충정로역,POI052,KEY_1,1120004102,서소문로,1010015902,서소문고가차도(서측),126.9659908088701030_37.5607568184368503,1120002004,상수도사업본부교차로,126.9673830692199346_37.5616097357074139,158.0,36.0,원활,126.9673830692199346_37.5616097357074139|126.9672834243969390_37.5615754487724445|126.9669876407800047_37.5614576160841409|126.9666994465889758_37.5613024853318080|126.9662799084869818_37.5610411844229191|126.9661451257960465_37.5609428038709865|126.9659908088701030_37.5607568184368503
2026-09-04T06:42:24.849833+09:00,충정로역,충정로역,POI052,KEY_1,1120004201,서소문로,1010011200,충정로역가구상가,126.9639333332024052_37.5593892258437165,1120022800,충정로사거리,126.9630067826871169_37.5591971961966209,86.0,27.0,원활,126.9630067826871169_37.5591971961966209|126.9633282461327184_37.5592111925570293|126.9635104493961251_37.5592396304144245|126.9637143972144031_37.5592998340788782|126.9637216136169826_37.5593019642914001|126.9639333332024052_37.5593892258437165
2026-09-04T06:42:24.849833+09:00,충정로역,충정로역,POI052,KEY_1,1120004202,서소문로,1010125800,중림동 591,126.9656292329265881_37.5603869069285068,1010011200,충정로역가구상가,126.9639333332024052_37.5593892258437165,186.0,7.0,정체,126.9639333332024052_37.5593892258437165|126.9639453029332969_37.5593941588540901|126.9640772384998826_37.5594621774906869|126.9646629493658025_37.5598111684287872|126.9656292329265881_37.5603869069285068
2026-09-04T06:42:24.849833+09:00,충정로역,충정로역,POI052,KEY_1,1120004203,서소문로,1120002003,상수도사업본부교차로,126.9674908459828231_37.5614112452323354,1010015901,서소문고가차도(서측),126.9660808471698346_37.5606758941064101,150.0,22.0,서행,126.9660808471698346_37.5606758941064101|126.9663287044560747_37.5607834224243646|126.9664556576583010_37.5608760880869994|126.9668594086569158_37.5611275567769596|126.9671250868416337_37.5612705669752174|126.9673981830782594_37.5613793623703742|126.9674908459828231_37.5614112452323354
2026-09-04T06:42:24.849833+09:00,충정로역,충정로역,POI052,KEY_1,1120015100,충정로,1120005300,충정로사거리,126.9627180368454304_37.5598743433504580,1120005200,충정로사거리,126.9629993658748504_37.5593051549388335,76.0,31.0,원활,126.9629993658748504_37.5593051549388335|126.9628715999865420_37.5593511098260109|126.9627847160042080_37.5594369024355288|126.9627187973606368_37.5595155503887455|126.9626858196171781_37.5595894406433857|126.9626678035905059_37.5596871741968599|126.9627180368454304_37.5598743433504580
2026-09-04T06:42:24.849833+09:00,충정로역,충정로역,POI052,KEY_1,1120016501,경기대로,1120000503,충정로3가26-2,126.9618966230996193_37.5616899669241846,1120000506,충정로사거리,126.9620254998589814_37.5593183699107698,264.0,20.0,서행,126.9620254998589814_37.5593183699107698|126.9619872778432921_37.5595326415076372|126.9619650109536195_37.5597618722879147|126.9619549399386642_37.5601151769762964|126.9619547745921722_37.5601209775248037|126.9619526638429079_37.5604057890847756|126.9619483365010097_37.5609896868436337|126.9619180281690944_37.5614001105234578|126.9618966230996193_37.5616899669241846
2026-09-04T06:42:24.849833+09:00,충정로역,충정로역,POI052,KEY_1,1120062500,서소문로,1120022800,충정로사거리,126.9630067826871169_37.5591971961966209,1120000508,충정로사거리,126.9620080990980853_37.5591378875581938,89.0,31.0,원활,126.9620080990980853_37.5591378875581938|126.9624976738023321_37.5591750287326249|126.9630067826871169_37.5591971961966209
2026-09-04T06:42:24.849833+09:00,충정로역,충정로역,POI052,KEY_1,1120062600,서소문로,1120000507,충정로사거리,126.9621372974823572_37.5592562991161856,1120005200,충정로사거리,126.9629993658748504_37.5593051549388335,76.0,21.0,서행,126.9629993658748504_37.5593051549388335|126.9624875185141093_37.5592828676414570|126.9621372974823572_37.5592562991161856
2026-09-04T06:42:24.849833+09:00,충정로역,충정로역,POI052,KEY_1,1130055200,손기정로,1130276800,아현동 729,126.9610147030383871_37.5573677054923536,1130031603,아현1동파출소,126.9603608185110346_37.5579007542804106,83.0,17.0,서행,126.9603608185110346_37.5579007542804106|126.9604666936073443_37.5578151020777966|126.9610147030383871_37.5573677054923536
2026-09-04T06:42:24.849833+09:00,합정역,합정역,POI053,KEY_2,1130001603,양화로,1130021203,합정동 402,126.9117684440008702_37.5487013098127989,1130020600,양화대교(북측),126.9111269978420609_37.5485526161926089,59.0,10.0,정체,126.9111269978420609_37.5485526161926089|126.9114474860303403_37.5486323980145400|126.9117684440008702_37.5487013098127989
2026-09-04T06:42:24.849833+09:00,합정역,합정역,POI053,KEY_2,1130001605,양화로,1130021800,합정역8번출구,126.9126009251802998_37.5488890850710817,1130021202,합정동 402,126.9119017412713788_37.5487305057125056,64.0,13.0,정체,126.9119017412713788_37.5487305057125056|126.9123690393006569_37.5488358216645253|126.9125492819859886_37.5488764427686803|126.9126009251802998_37.5488890850710817
2026-09-04T06:42:24.849833+09:00,합정역,합정역,POI053,KEY_2,1130001502,양화로,1130019500,양화대교(북측),126.9088702991146818_37.5473486190442571,1130020700,양화대교(북측),126.9110864738484850_37.5486558094690892,247.0,57.0,원활,126.9110864738484850_37.5486558094690892|126.9104702975695886_37.5484316205709661|126.9102030567186858_37.5483158501774241|126.9098751447166222_37.5481333274638018|126.9095562311644869_37.5479092035175839|126.9088702991146818_37.5473486190442571
2026-09-04T06:42:24.849833+09:00,합정역,합정역,POI053,KEY_2,1130001503,양화로,1130020700,양화대교(북측),126.9110864738484850_37.5486558094690892,1130021204,합정동 402,126.9117526504634554_37.5488099012589700,61.0,46.0,원활,126.9117526504634554_37.5488099012589700|126.9114095304818335_37.5487362312337467|126.9110864738484850_37.5486558094690892
2026-09-04T06:42:24.849833+09:00,합정역,합정역,POI053,KEY_2,1130001504,양화로,1130021201,합정동 402,126.9118842718870042_37.5488389364112436,1130052000,합정역8번출구,126.9125610162048474_37.5489924297706352,62.0,44.0,원활,126.9125610162048474_37.5489924297706352|126.9125108300752061_37.5489801444249309|126.9123320541385880_37.5489398539158543|126.9118842718870042_37.5488389364112436
2026-09-04T06:42:24.849833+09:00,합정역,합정역,POI053,KEY_2,1130001505,양화로,1130052000,합정역8번출구,126.9125610162048474_37.5489924297706352,1130021604,합정역교차로,126.9133271355590011_37.5492481379057494,74.0,41.0,원활,126.9133271355590011_37.5492481379057494|126.9131511937065824_37.5491581588815038|126.9128784491420845_37.5490701385518264|126.9125610162048474_37.5489924297706352
2026-09-04T06:42:24.849833+09:00,합정역,합정역,POI053,KEY_2,1130001602,양화로,1130020600,양화대교(북측),126.9111269978420609_37.5485526161926089,1130019000,양화대교(북측),126.9089758149120399_37.5472798488198407,240.0,60.3,원활,126.9089758149120399_37.5472798488198407|126.9096499332892023_37.5478308424299101|126.9099592463067125_37.5480482193369483|126.9102746337613610_37.5482237702880965|126.9105310887964890_37.5483348678804703|126.9111269978420609_37.5485526161926089
2026-09-04T06:42:24.849833+09:00,합정역,합정역,POI053,KEY_2,1130001606,양화로,1130021603,합정역교차로,126.9133979744090510_37.5491558635704337,1130021800,합정역8번출구,126.9126009251802998_37.5488890850710817,77.0,7.0,정체,126.9126009251802998_37.5488890850710817|126.9129239950553085_37.5489681728266333|126.9132139348755288_37.5490617432278029|126.9133979744090510_37.5491558635704337
2026-09-04T06:42:24.849833+09:00,합정역,합정역,POI053,KEY_2,1130002101,양화로,1130021601,합정역교차로,126.9134396891751067_37.5493101529960995,1130022800,합정역(서울2호선),126.9139380043217500_37.5496171809286139,56.0,48.0,원활,126.9139380043217500_37.5496171809286139|126.9138232146117105_37.5495337692831868|126.9134396891751067_37.5493101529960995
2026-09-04T06:42:24.849833+09:00,합정역,합정역,POI053,KEY_2,1130002102,양화로,1130022800,합정역(서울2호선),126.9139380043217500_37.5496171809286139,1130024304,누아갤러리,126.9154925570157388_37.5507467776258252,186.0,39.0,원활,126.9154925570157388_37.5507467776258252|126.9142500058633658_37.5498438974214181|126.9139380043217500_37.5496171809286139
2026-09-04T06:42:24.849833+09:00,합정역,합정역,POI053,KEY_2,1130002201,양화로,1130022400,합정역5번출구,126.9140295476794051_37.5495373218593258,1130021602,합정역교차로,126.9135099145764940_37.5492170875193594,58.0,30.0,원활,126.9135099145764940_37.5492170875193594|126.9139093521257280_37.5494499807109747|126.9140295476794051_37.5495373218593258
2026-09-04T06:42:24.849833+09:00,합정역,합정역,POI053,KEY_2,1130002202,양화로,1130073600,합정동 402,126.9143415490859326_37.5497640377180701,1130022400,합정역5번출구,126.9140295476794051_37.5495373218593258,37.0,44.0,원활,126.9140295476794051_37.5495373218593258|126.9143415490859326_37.5497640377180701
2026-09-04T06:42:24.849833+09:00,합정역,합정역,POI053,KEY_2,1130012502,독막로,1130020103,당인리사거리,126.9200080925505745_37.5478048127950714,1130020302,합정동 402,126.9184253750183302_37.5478817926919461,140.0,35.0,원활,126.9184253750183302_37.5478817926919461|126.9200080925505745_37.5478048127950714
2026-09-04T06:42:24.849833+09:00,합정역,합정역,POI053,KEY_2,1130012504,독막로,1130052100,합정역7번출구,126.9140173730645671_37.5487741682980598,1130021603,합정역교차로,126.9133979744090510_37.5491558635704337,71.0,17.0,서행,126.9133979744090510_37.5491558635704337|126.9135406193636584_37.5489949395947065|126.9136811129909290_37.5488909851792201|126.9137974866256258_37.5488341856604748|126.9139631942102255_37.5487857147723645|126.9140173730645671_37.5487741682980598
2026-09-04T06:42:24.849833+09:00,합정역,합정역,POI053,KEY_2,1130012505,독막로,1130136100,합정동 402,126.9148352538110629_37.5486026780129691,1130052100,합정역7번출구,126.9140173730645671_37.5487741682980598,75.0,30.3,원활,126.9140173730645671_37.5487741682980598|126.9143677077482124_37.5486995039643006|126.9148352538110629_37.5486026780129691
2026-09-04T06:42:24.849833+09:00,합정역,합정역,POI053,KEY_2,1130012601,독막로,1130021602,합정역교차로,126.9135099145764940_37.5492170875193594,1130021400,합정역6번출구,126.9140524865152884_37.5488786114665416,63.0,6.0,정체,126.9140524865152884_37.5488786114665416|126.9140042501253305_37.5488888909759595|126.9138569670299148_37.5489319720761685|126.9137636338956270_37.5489775269032293|126.9136434160954963_37.5490664775041694|126.9135099145764940_37.5492170875193594
2026-09-04T06:42:24.849833+09:00,합정역,합정역,POI053,KEY_2,1130012602,독막로,1130186000,합정동 402,126.9177339751904867_37.5481133092591222,1130020304,합정동 402,126.9183338437030670_37.5480000256765933,55.0,22.0,서행,126.9183338437030670_37.5480000256765933|126.9181046943702569_37.5480347619131436|126.9177339751904867_37.5481133092591222
2026-09-04T06:42:24.849833+09:00,합정역,합정역,POI053,KEY_2,1130012603,독막로,1130020301,합정동 402,126.9184724577285692_37.5479878247379446,1130020104,당인리사거리,126.9200163735166598_37.5479127310459049,137.0,38.3,원활,126.9200163735166598_37.5479127310459049|126.9184724577285692_37.5479878247379446
2026-09-04T06:42:24.849833+09:00,합정역,합정역,POI053,KEY_2,1130014101,월드컵로,1130021604,합정역교차로,126.9133271355590011_37.5492481379057494,1130022900,합정역9번출구,126.9130418149968449_37.5497885897765329,65.0,7.0,정체,126.9130418149968449_37.5497885897765329|126.9130982247336163_37.5496351327381603|126.9132269055929783_37.5494015408536583|126.9133271355590011_37.5492481379057494
2026-09-04T06:42:24.849833+09:00,합정역,합정역,POI053,KEY_2,1130014102,월드컵로,1130135600,합정동 402,126.9128188401226964_37.5505027227293695,1130025203,합정동주민센터,126.9124127492584506_37.5518459734548173,153.0,28.0,원활,126.9124127492584506_37.5518459734548173|126.9128188401226964_37.5505027227293695
2026-09-04T06:42:24.849833+09:00,합정역,합정역,POI053,KEY_2,1130014103,월드컵로,1130076100,합정동 426-38,126.9121437730441926_37.5527273387387908,1130026004,성산초교앞교차로,126.9116840665830637_37.5541751613641424,166.0,41.0,원활,126.9116840665830637_37.5541751613641424|126.9117399457097122_37.5540497782302225|126.9121437730441926_37.5527273387387908
2026-09-04T06:42:24.849833+09:00,합정역,합정역,POI053,KEY_2,1130014201,월드컵로,1130023000,합정역9번출구,126.9131721455813278_37.5498189592265703,1130021601,합정역교차로,126.9134396891751067_37.5493101529960995,61.0,26.0,원활,126.9134396891751067_37.5493101529960995|126.9133494569869924_37.5494482548088371|126.9132260984452927_37.5496721848271662|126.9131721455813278_37.5498189592265703
2026-09-04T06:42:24.849833+09:00,합정역,합정역,POI053,KEY_2,1130053300,포은로,1130154200,망원동 338-40,126.9064483679028399_37.5529482132002812,1130025401,망원동 394-30,126.9065874791183859_37.5526696222780956,33.0,22.3,서행,126.9065874791183859_37.5526696222780956|126.9064483679028399_37.5529482132002812
2026-09-04T06:42:24.849833+09:00,합정역,합정역,POI053,KEY_2,1130014202,월드컵로,1130025202,합정동주민센터,126.9125490838489583_37.5518570392708213,1130023000,합정역9번출구,126.9131721455813278_37.5498189592265703,233.0,26.0,원활,126.9131721455813278_37.5498189592265703|126.9131331753272036_37.5499249762533154|126.9129508683919170_37.5505280238880061|126.9125490838489583_37.5518570392708213
2026-09-04T06:42:24.849833+09:00,합정역,합정역,POI053,KEY_2,1130014203,월드컵로,1130076000,서교동 419-2,126.9122757323099222_37.5527528799291730,1130025201,합정동주민센터,126.9125164449968679_37.5519645743570578,90.0,26.0,원활,126.9125164449968679_37.5519645743570578|126.9124004277404225_37.5523445193010375|126.9122757323099222_37.5527528799291730
2026-09-04T06:42:24.849833+09:00,합정역,합정역,POI053,KEY_2,1130014301,동교로,1130024907,망원동211-43,126.9034465315685054_37.5516644094111740,1130005109,망원정사거리,126.9047886652220853_37.5520868600659128,128.0,24.0,서행,126.9047886652220853_37.5520868600659128|126.9041212381203536_37.5518767713203019|126.9034525233849280_37.5516662722900705|126.9034465315685054_37.5516644094111740
2026-09-04T06:42:24.849833+09:00,합정역,합정역,POI053,KEY_2,1130015101,동교로,1130063700,망원동 394-30,126.9061706467434902_37.5525344400519927,1130025404,망원동 394-30,126.9064616665168330_37.5526289096231380,28.0,15.0,서행,126.9064616665168330_37.5526289096231380|126.9061706467434902_37.5525344400519927
2026-09-04T06:42:24.849833+09:00,합정역,합정역,POI053,KEY_2,1130015102,동교로,1130134300,망원동 378-19,126.9109885347377400_37.5540892854917487,1130026005,성산초교앞교차로,126.9116312431169007_37.5542756338722938,61.0,28.0,원활,126.9116312431169007_37.5542756338722938|126.9114168624829375_37.5542274409565024|126.9109885347377400_37.5540892854917487
2026-09-04T06:42:24.849833+09:00,합정역,합정역,POI053,KEY_2,1130015201,동교로,1130190800,망원동 394-30,126.9058348256742477_37.5523086644254889,1130005107,망원정사거리,126.9051109710454455_37.5520736822240480,69.0,11.0,정체,126.9051109710454455_37.5520736822240480|126.9054727866373042_37.5521911377965623|126.9058348256742477_37.5523086644254889
2026-09-04T06:42:24.849833+09:00,합정역,합정역,POI053,KEY_2,1130015202,동교로,1130086800,망원동 394-30,126.9071685873662005_37.5527404272813783,1130025402,망원동 394-30,126.9066384824819806_37.5525694180905347,51.0,20.0,서행,126.9066384824819806_37.5525694180905347|126.9071685873662005_37.5527404272813783
2026-09-04T06:42:24.849833+09:00,합정역,합정역,POI053,KEY_2,1130016302,희우정로,1130005109,망원정사거리,126.9047886652220853_37.5520868600659128,1130005104,망원동397-5,126.9026414056871062_37.5535367246284864,249.0,9.0,정체,126.9026414056871062_37.5535367246284864|126.9031199330166686_37.5532132140255897|126.9034056646777913_37.5530200415522373|126.9042858127946261_37.5524249957153984|126.9046395349854492_37.5521858485710567|126.9047886652220853_37.5520868600659128
2026-09-04T06:42:24.849833+09:00,합정역,합정역,POI053,KEY_2,1130016401,희우정로,1130091800,망원동 397-5,126.9043737164451358_37.5525074096072515,1130005106,망원정사거리,126.9049321405859132_37.5521323908787252,65.0,29.0,원활,126.9049321405859132_37.5521323908787252|126.9047269699466938_37.5522685793953812|126.9043737164451358_37.5525074096072515
2026-09-04T06:42:24.849833+09:00,합정역,합정역,POI053,KEY_2,1130016601,동교로,1130112700,서교동 480-4,126.9128544885335685_37.5543811077444118,1130026003,성산초교앞교차로,126.9118165724208609_37.5542011783164611,94.0,30.0,원활,126.9118165724208609_37.5542011783164611|126.9128544885335685_37.5543811077444118
2026-09-04T06:42:24.849833+09:00,합정역,합정역,POI053,KEY_2,1130017600,월드컵로,1130269900,서교동 475-24,126.9110403993826708_37.5551324974902272,1130026001,성산초교앞교차로,126.9117481199565418_37.5543318244504860,109.0,21.0,서행,126.9117481199565418_37.5543318244504860|126.9117217336388137_37.5543764564183462|126.9115952004829921_37.5545358301992565|126.9110403993826708_37.5551324974902272
2026-09-04T06:42:24.849833+09:00,합정역,합정역,POI053,KEY_2,1130040300,토정로,1130093900,당인동 32-5,126.9190249087932756_37.5452938711510740,1130016703,정촌빌딩,126.9173355133907251_37.5453976341282143,150.0,20.0,서행,126.9173355133907251_37.5453976341282143|126.9179879318845536_37.5453575653633322|126.9186745789707089_37.5453153904837649|126.9190249087932756_37.5452938711510740
2026-09-04T06:42:24.849833+09:00,합정역,합정역,POI053,KEY_2,1130041101,토정로,1130183900,합정동 198-37,126.9125265728405765_37.5456473243354907,1130051902,양화진지하차도,126.9116494291067738_37.5456921203351399,78.0,26.5,원활,126.9116494291067738_37.5456921203351399|126.9125265728405765_37.5456473243354907
2026-09-04T06:42:24.849833+09:00,합정역,합정역,POI053,KEY_2,1130041102,양화진길,1130051902,양화진지하차도,126.9116494291067738_37.5456921203351399,1130020002,합정동 378-23,126.9123577034040693_37.5476409177885841,225.0,20.0,서행,126.9123577034040693_37.5476409177885841|126.9120955278425953_37.5469227221206481|126.9118933519104644_37.5463280646940518|126.9118639920289553_37.5462417080414497|126.9116494291067738_37.5456921203351399
2026-09-04T06:42:24.849833+09:00,합정역,합정역,POI053,KEY_2,1130041200,토정로,1130062500,합정동 404,126.9169479797956228_37.5455371484787008,1130016705,정촌빌딩,126.9171919837363589_37.5455165733101737,22.0,25.0,원활,126.9171919837363589_37.5455165733101737|126.9169479797956228_37.5455371484787008
2026-09-04T06:42:24.849833+09:00,합정역,합정역,POI053,KEY_2,1130041500,강변북로,1130018200,양화대교(북측),126.9102416078398505_37.5466718111709170,1130016600,잠두봉지하차도,126.9106610590066850_37.5454299420450894,148.0,49.5,서행,126.9106610590066850_37.5454299420450894|126.9103725279893240_37.5457364234116469|126.9103004095069025_37.5458612660095810|126.9102507538453466_37.5459862211416819|126.9102386300255318_37.5460994395440792|126.9102448257733329_37.5462634269317874|126.9102473956978230_37.5464124910196304|126.9102416078398505_37.5466718111709170
2026-09-04T06:42:24.849833+09:00,합정역,합정역,POI053,KEY_2,1130042300,강변북로,1130018200,양화대교(북측),126.9102416078398505_37.5466718111709170,1130017400,양화대교(북측),126.9083263926780347_37.5461870828408806,213.0,43.3,서행,126.9083263926780347_37.5461870828408806|126.9086815580021295_37.5460469364801028|126.9089104715153553_37.5459795194566013|126.9091091277169596_37.5459507036203561|126.9092925034494357_37.5459605637004188|126.9095168029035676_37.5460034206055084|126.9097221477106672_37.5460759910495838|126.9098898204880044_37.5461781842636242|126.9100273785922894_37.5463010934854751|126.9101199879446682_37.5464267596339738|126.9102416078398505_37.5466718111709170
2026-09-04T06:42:24.849833+09:00,합정역,합정역,POI053,KEY_2,1130043000,독막로8길,1130073900,합정동 402-1,126.9177526088323447_37.5463811553820648,1130016702,정촌빌딩,126.9173485910594650_37.5454940535949220,105.0,19.0,서행,126.9173485910594650_37.5454940535949220|126.9175285690358805_37.5458892339993113|126.9177526088323447_37.5463811553820648
2026-09-04T06:42:24.849833+09:00,합정역,합정역,POI053,KEY_2,1130043100,독막로8길,1130082900,합정동 402-1,126.9180671577792907_37.5473994313994197,1130020303,합정동 402,126.9182880539808735_37.5478969049352216,59.0,22.0,서행,126.9182880539808735_37.5478969049352216|126.9180671577792907_37.5473994313994197
2026-09-04T06:42:24.849833+09:00,합정역,합정역,POI053,KEY_2,1130043600,강변북로,1130017700,양화대교(북측),126.9091923154714152_37.5466689501214006,1130019000,양화대교(북측),126.9089758149120399_37.5472798488198407,269.0,59.0,원활,126.9089758149120399_37.5472798488198407|126.9092704009022299_37.5474014805923133|126.9095213494077257_37.5474838189884323|126.9096589738032463_37.5475035859526187|126.9098028895845260_37.5474852273027864|126.9099350121042136_37.5474429604955517|126.9100270967485216_37.5473820114679029|126.9100875149351708_37.5473167305853863|126.9101369139921047_37.5472245662991782|126.9101638016301052_37.5471382503673894|126.9101794580799663_37.5470518790335888|126.9101727697353823_37.5469504908747425|126.9101436876654674_37.5468400477573425|126.9100994191457374_37.5467563581366903|126.9100214803409585_37.5466695190838564|126.9099322148413620_37.5465945474034370|126.9098239967981527_37.5465492905363973|126.9097267976512313_37.5465309187861465|126.9096182270967574_37.5465303762252063|126.9095283045494966_37.5465388695537357|126.9093707102214665_37.5465827967285577|126.9091923154714152_37.5466689501214006
2026-09-04T06:42:24.849833+09:00,합정역,합정역,POI053,KEY_2,1130044800,강변북로,1130020600,양화대교(북측),126.9111269978420609_37.5485526161926089,1130018200,양화대교(북측),126.9102416078398505_37.5466718111709170,232.0,41.0,서행,126.9102416078398505_37.5466718111709170|126.9103448964562659_37.5473430570484155|126.9103986365779804_37.5476503707893841|126.9104238574202981_37.5477756999008818|126.9105048846684127_37.5479460230307964|126.9105824276039556_37.5480835372061037|126.9106640651950073_37.5481763558913002|126.9108350419256226_37.5483352032103284|126.9109652588307142_37.5484401893999191|126.9111269978420609_37.5485526161926089
2026-09-04T06:42:24.849833+09:00,합정역,합정역,POI053,KEY_2,1130045900,양화로,1130156400,합정동 380-8,126.9118151967610686_37.5482356448082584,1130021203,합정동 402,126.9117684440008702_37.5487013098127989,52.0,16.0,서행,126.9117684440008702_37.5487013098127989|126.9118151967610686_37.5482356448082584
2026-09-04T06:42:24.849833+09:00,합정역,합정역,POI053,KEY_2,1130046200,양화진길,1130148400,합정동 406,126.9120365373734387_37.5462972046876189,1130051901,양화진지하차도,126.9118049451303278_37.5457925206284528,60.0,14.0,정체,126.9118049451303278_37.5457925206284528|126.9118907104063112_37.5459270532487039|126.9119814830364277_37.5461349975885597|126.9120365373734387_37.5462972046876189
2026-09-04T06:42:24.849833+09:00,합정역,합정역,POI053,KEY_2,1130046300,양화진길,1130020001,합정동 406,126.9124089735466470_37.5477549671771911,1130021800,합정역8번출구,126.9126009251802998_37.5488890850710817,178.0,26.0,원활,126.9126009251802998_37.5488890850710817|126.9129052599318044_37.5488590463041163|126.9130897233898594_37.5488362968600953|126.9126784164114241_37.5482505084113853|126.9124089735466470_37.5477549671771911
2026-09-04T06:42:24.849833+09:00,합정역,합정역,POI053,KEY_2,1130047000,강변북로,1130020801,양화대교(북측),126.9101361694712296_37.5485270306192120,1130020700,양화대교(북측),126.9110864738484850_37.5486558094690892,85.0,47.0,서행,126.9110864738484850_37.5486558094690892|126.9102173533760265_37.5485274362036847|126.9101361694712296_37.5485270306192120
2026-09-04T06:42:24.849833+09:00,합정역,합정역,POI053,KEY_2,1130047200,강변북로,1130020901,한국전기전자시험연구원서울지원,126.9092400003074346_37.5485532513566937,1130020802,양화대교(북측),126.9099980412515833_37.5485263406705485,67.0,42.0,서행,126.9099980412515833_37.5485263406705485|126.9098848919468878_37.5485257755875352|126.9096197927881491_37.5485280272938056|126.9092400003074346_37.5485532513566937
2026-09-04T06:42:24.849833+09:00,합정역,합정역,POI053,KEY_2,1130047500,강변북로,1130021100,양화대교(북측),126.9082218508906692_37.5486104598507637,1130020902,한국전기전자시험연구원서울지원,126.9090527936751158_37.5485656841098177,74.0,40.7,서행,126.9090527936751158_37.5485656841098177|126.9085679039440464_37.5485978845830530|126.9082218508906692_37.5486104598507637
2026-09-04T06:42:24.849833+09:00,합정역,합정역,POI053,KEY_2,1130048500,양화로,1130022400,합정역5번출구,126.9140295476794051_37.5495373218593258,1130021400,합정역6번출구,126.9140524865152884_37.5488786114665416,86.0,10.0,정체,126.9140524865152884_37.5488786114665416|126.9139230246069445_37.5489343484288156|126.9138762522378556_37.5489900978359401|126.9138420413620167_37.5490572990694389|126.9138329563527492_37.5491459732028474|126.9138508086349617_37.5492446788838663|126.9140295476794051_37.5495373218593258
2026-09-04T06:42:24.849833+09:00,합정역,합정역,POI053,KEY_2,1130049000,양화로,1130052000,합정역8번출구,126.9125610162048474_37.5489924297706352,1130022900,합정역9번출구,126.9130418149968449_37.5497885897765329,105.0,28.0,원활,126.9130418149968449_37.5497885897765329|126.9130618100318912_37.5495401812596441|126.9130421428666295_37.5494586372446904|126.9130134806158026_37.5493885292777207|126.9129740362242984_37.5493212749275216|126.9129004782609655_37.5492368304858175|126.9125610162048474_37.5489924297706352
2026-09-04T06:42:24.849833+09:00,합정역,합정역,POI053,KEY_2,1130049100,포은로,1130159900,합정동 407,126.9090599403653243_37.5494558051850191,1130024204,양화진공원,126.9081052504389504_37.5502802985279587,124.0,22.0,서행,126.9081052504389504_37.5502802985279587|126.9090599403653243_37.5494558051850191
2026-09-04T06:42:24.849833+09:00,합정역,합정역,POI053,KEY_2,1130049200,포은로,1130087400,합정동 407,126.9099495376151907_37.5488516698183616,1130020801,양화대교(북측),126.9101361694712296_37.5485270306192120,41.0,22.5,서행,126.9101361694712296_37.5485270306192120|126.9101056044401190_37.5486532711152776|126.9100648038296697_37.5487471853466914|126.9100156633384415_37.5488022052165391|126.9099495376151907_37.5488516698183616
2026-09-04T06:42:24.849833+09:00,합정역,합정역,POI053,KEY_2,1130049300,양화로,1130023000,합정역9번출구,126.9131721455813278_37.5498189592265703,1130022800,합정역(서울2호선),126.9139380043217500_37.5496171809286139,76.0,26.3,원활,126.9139380043217500_37.5496171809286139|126.9136402094506622_37.5496006797627686|126.9135395936122848_37.5496106180248574|126.9134569354612267_37.5496277214884771|126.9133796540536849_37.5496562715165325|126.9131721455813278_37.5498189592265703
2026-09-04T06:42:24.849833+09:00,합정역,합정역,POI053,KEY_2,1130050900,희우정로,1130138600,합정동 442-13,126.9053671269604564_37.5517187628927047,1130005108,망원정사거리,126.9049245136665292_37.5520133571673611,52.0,25.3,원활,126.9049245136665292_37.5520133571673611|126.9049996895268606_37.5519980826211324|126.9050541918936830_37.5519753005798123|126.9053671269604564_37.5517187628927047
2026-09-04T06:42:24.849833+09:00,합정역,합정역,POI053,KEY_2,1130051000,희우정로,1130147700,합정동 407,126.9086182180221840_37.5491269928968379,1130020901,한국전기전자시험연구원서울지원,126.9092400003074346_37.5485532513566937,84.0,18.0,서행,126.9092400003074346_37.5485532513566937|126.9090294120417752_37.5487607496119153|126.9088628974909767_37.5489201303545315|126.9086182180221840_37.5491269928968379
2026-09-04T06:42:24.849833+09:00,합정역,합정역,POI053,KEY_2,1130051300,포은로,1130063900,합정동 441-34,126.9066598233272600_37.5522450186794572,1130025403,망원동 394-30,126.9065126723004227_37.5525287058559130,34.0,23.0,서행,126.9065126723004227_37.5525287058559130|126.9066598233272600_37.5522450186794572
2026-09-04T06:42:24.849833+09:00,합정역,합정역,POI053,KEY_2,1130051400,포은로,1130131100,합정동 436-31,126.9072140139262928_37.5511825775689090,1130024202,양화진공원,126.9081119283490011_37.5504322494886082,115.0,9.0,정체,126.9081119283490011_37.5504322494886082|126.9072341444415741_37.5511567441295568|126.9072140139262928_37.5511825775689090
2026-09-04T06:42:24.849833+09:00,합정역,합정역,POI053,KEY_2,1130051501,월드컵로5길,1130091000,합정동 407,126.9091548338343785_37.5510585332406777,1130024203,양화진공원,126.9082050934984238_37.5503535841661247,115.0,19.0,서행,126.9082050934984238_37.5503535841661247|126.9091548338343785_37.5510585332406777
2026-09-04T06:42:24.849833+09:00,합정역,합정역,POI053,KEY_2,1130051502,월드컵로5길,1130025203,합정동주민센터,126.9124127492584506_37.5518459734548173,1130024207,합정동주민센터,126.9110609932505014_37.5516236888938550,122.0,9.0,정체,126.9110609932505014_37.5516236888938550|126.9120426543793059_37.5517851162292402|126.9124127492584506_37.5518459734548173
2026-09-04T06:42:24.849833+09:00,합정역,합정역,POI053,KEY_2,1130051601,월드컵로5길,1130159000,합정동 426-6,126.9120151858922725_37.5518910005306523,1130025204,합정동주민센터,126.9123807963445927_37.5519511205839720,33.0,18.0,서행,126.9123807963445927_37.5519511205839720|126.9120151858922725_37.5518910005306523
2026-09-04T06:42:24.849833+09:00,합정역,합정역,POI053,KEY_2,1130051602,월드컵로5길,1130153500,합정동 430-13,126.9098042748595532_37.5515274185667920,1130024209,합정동주민센터,126.9109004564532199_37.5517076897151370,99.0,15.0,서행,126.9109004564532199_37.5517076897151370|126.9100423399230380_37.5515665701927546|126.9098042748595532_37.5515274185667920
2026-09-04T06:42:24.849833+09:00,합정역,합정역,POI053,KEY_2,1130051900,양화로7길,1130145700,서교동 492,126.9135974368144701_37.5520222797338405,1130025202,합정동주민센터,126.9125490838489583_37.5518570392708213,95.0,20.0,서행,126.9125490838489583_37.5518570392708213|126.9126682083433053_37.5518592833619991|126.9129354976850976_37.5518998472612608|126.9129556993787276_37.5519035838338127|126.9135974368144701_37.5520222797338405
2026-09-04T06:42:24.849833+09:00,합정역,합정역,POI053,KEY_2,1130052000,양화로7길,1130138000,서교동 419,126.9152338094359038_37.5512625596168448,1130024301,누아갤러리,126.9155934469087441_37.5508218968336536,58.0,7.0,정체,126.9155934469087441_37.5508218968336536|126.9153007619960079_37.5511871879382042|126.9152338094359038_37.5512625596168448
2026-09-04T06:42:24.849833+09:00,합정역,합정역,POI053,KEY_2,1130087400,양화로3길,1130115500,합정동 407,126.9115648474776918_37.5495020430743978,1130024208,합정동주민센터,126.9109279262303147_37.5516018062342454,240.0,13.0,정체,126.9109279262303147_37.5516018062342454|126.9111023091478216_37.5510270793224734|126.9113023466319703_37.5503436587212889|126.9115648474776918_37.5495020430743978
2026-09-04T06:42:24.849833+09:00,합정역,합정역,POI053,KEY_2,1130087500,양화로3길,1130115600,합정동 407,126.9116969527201491_37.5495270854960594,1130021201,합정동 402,126.9118842718870042_37.5488389364112436,78.0,18.0,서행,126.9118842718870042_37.5488389364112436|126.9118474626460227_37.5490170505902370|126.9116969527201491_37.5495270854960594
2026-09-04T06:42:24.849833+09:00,혜화역,혜화역,POI054,KEY_3,1000015503,창경궁로,1000120100,명륜4가 193-2,126.9985288416550162_37.5829009806544079,1000024004,성균관대입구교차로,126.9986638311449383_37.5830208076827219,18.0,28.5,원활,126.9986638311449383_37.5830208076827219|126.9985288416550162_37.5829009806544079
2026-09-04T06:42:24.849833+09:00,혜화역,혜화역,POI054,KEY_3,1000015901,대학로,1000236800,연건동 72-4,127.0021346925376946_37.5789034735153820,1000022603,한국방송통신대학교(본부),127.0021125194726324_37.5799473301568696,116.0,15.0,서행,127.0021125194726324_37.5799473301568696|127.0021203558879392_37.5795784131897079|127.0021346925376946_37.5789034735153820
2026-09-04T06:42:24.849833+09:00,혜화역,혜화역,POI054,KEY_3,1000015902,대학로,1000124400,명륜4가 96-5,127.0019273467155188_37.5817580324666949,1000023903,혜화역(서울4호선),127.0018302545112618_37.5823277329186567,64.0,24.0,서행,127.0018302545112618_37.5823277329186567|127.0019273467155188_37.5817580324666949
2026-09-04T06:42:24.849833+09:00,혜화역,혜화역,POI054,KEY_3,1000015903,대학로,1000202900,혜화동 142-1,127.0015583946770761_37.5838121669841811,1000024902,혜화동로터리,127.0012507868207052_37.5852575963595541,163.0,24.5,서행,127.0012507868207052_37.5852575963595541|127.0012954946977146_37.5851403426576383|127.0015151443531352_37.5840477506560759|127.0015583946770761_37.5838121669841811
2026-09-04T06:42:24.849833+09:00,혜화역,혜화역,POI054,KEY_3,1000016001,대학로,1000077100,연건동 1-4,127.0022561877208460_37.5795802406985615,1000020701,이화사거리,127.0022876778822081_37.5762198333443180,373.0,33.0,원활,127.0022876778822081_37.5762198333443180|127.0023282656139543_37.5764645289926591|127.0023018153618324_37.5775057466467217|127.0022922645341055_37.5778817090708159|127.0022834454863130_37.5782969256252741|127.0022705236376055_37.5789053010155030|127.0022561877208460_37.5795802406985615
2026-09-04T06:42:24.849833+09:00,혜화역,혜화역,POI054,KEY_3,1000016002,대학로,1000124500,동숭동 67-4,127.0020619699124040_37.5817725636609126,1000022601,한국방송통신대학교(본부),127.0022442668778240_37.5800599005851765,191.0,26.0,원활,127.0022442668778240_37.5800599005851765|127.0022178609099228_37.5805652414491789|127.0022131705630528_37.5806550016484948|127.0021794886454671_37.5809920829626023|127.0021433747690480_37.5812948986010511|127.0020619699124040_37.5817725636609126
2026-09-04T06:42:24.849833+09:00,혜화역,혜화역,POI054,KEY_3,1000016003,대학로,1000107300,동숭동 67-4,127.0018197389143069_37.5831364940714252,1000023901,혜화역(서울4호선),127.0019456426901030_37.5824506710265140,77.0,26.3,원활,127.0019456426901030_37.5824506710265140|127.0018197389143069_37.5831364940714252
2026-09-04T06:42:24.849833+09:00,혜화역,혜화역,POI054,KEY_3,1000017701,창경궁로,1000075400,명륜2가 4-1,127.0006454828255755_37.5850130052527689,1000025002,혜화동로터리,127.0009399906732597_37.5853547783758302,46.0,21.0,서행,127.0009399906732597_37.5853547783758302|127.0007320440542742_37.5851134590106781|127.0006454828255755_37.5850130052527689
2026-09-04T06:42:24.849833+09:00,혜화역,혜화역,POI054,KEY_3,1000017801,창경궁로,1000087700,명륜2가 168-2,126.9993716108596118_37.5834928951299361,1000024002,성균관대입구교차로,126.9988439471047315_37.5830191594735439,70.0,36.0,원활,126.9988439471047315_37.5830191594735439|126.9993716108596118_37.5834928951299361
2026-09-04T06:42:24.849833+09:00,혜화역,혜화역,POI054,KEY_3,1000019001,성균관로,1000178200,명륜2가 204-1,126.9983129803109563_37.5835686144698613,1000024001,성균관대입구교차로,126.9987566656751170_37.5831037931408574,65.0,19.0,서행,126.9987566656751170_37.5831037931408574|126.9987062683989052_37.5831610623215369|126.9983129803109563_37.5835686144698613
2026-09-04T06:42:24.849833+09:00,혜화역,혜화역,POI054,KEY_3,1000019401,창경궁로,1000025301,혜화동로터리,127.0014820459859806_37.5857949668899423,1000025001,혜화동로터리,127.0010427623787166_37.5852828685383429,69.0,14.0,정체,127.0010427623787166_37.5852828685383429|127.0012603459444875_37.5855353690346234|127.0014820459859806_37.5857949668899423
2026-09-04T06:42:24.849833+09:00,혜화역,혜화역,POI054,KEY_3,1000037300,대학로.창경궁로.사이길,1000022603,한국방송통신대학교(본부),127.0021125194726324_37.5799473301568696,1000021801,서울대학교병원,126.9999250498313188_37.5790799916106337,234.0,16.0,서행,126.9999250498313188_37.5790799916106337|126.9999582925761530_37.5791735370360058|127.0000242879586523_37.5793082716843685|127.0001113530142334_37.5794320871287724|127.0001968016411524_37.5795253200711130|127.0002891946536181_37.5795862468942587|127.0004562226640843_37.5796532695046324|127.0014768206154230_37.5799259793942610|127.0015759343299493_37.5799389443158844|127.0021125194726324_37.5799473301568696
2026-09-04T06:42:24.849833+09:00,혜화역,혜화역,POI054,KEY_3,1000037400,대학로.창경궁로.사이길,1000021804,서울대학교병원,126.9997943261698339_37.5791094160175589,1000022604,한국방송통신대학교(본부),127.0021085317335547_37.5800554081267109,249.0,12.0,정체,127.0021085317335547_37.5800554081267109|127.0015635196683945_37.5800468907569041|127.0014439712545311_37.5800312519269823|127.0004037537713657_37.5797532998443131|127.0002143337454470_37.5796772915910893|127.0000970514567342_37.5795999531285929|126.9999967882396703_37.5794905553830176|126.9999011375092977_37.5793545286769728|126.9998293471492445_37.5792079639012684|126.9997943261698339_37.5791094160175589
2026-09-04T06:42:24.849833+09:00,혜화역,혜화역,POI054,KEY_3,1000039000,대학로11길,1000034800,명륜4가 82-6,127.0007214609778856_37.5823234224516582,1000023904,혜화역(서울4호선),127.0018112128841636_37.5824350409261996,97.0,7.0,정체,127.0018112128841636_37.5824350409261996|127.0013170961387061_37.5824067215044337|127.0011475248667807_37.5823910766211640|127.0007214609778856_37.5823234224516582
2026-09-04T06:42:24.849833+09:00,혜화역,혜화역,POI054,KEY_3,1000039800,창경궁로,1000024902,혜화동로터리,127.0012507868207052_37.5852575963595541,1000025001,혜화동로터리,127.0010427623787166_37.5852828685383429,19.0,10.0,정체,127.0010427623787166_37.5852828685383429|127.0010750786859717_37.5852722322397241|127.0011514658529279_37.5852579282541015|127.0012383383490402_37.5852555433470172|127.0012507868207052_37.5852575963595541
2026-09-04T06:42:24.849833+09:00,혜화역,혜화역,POI054,KEY_3,1000039900,창경궁로,1000025301,혜화동로터리,127.0014820459859806_37.5857949668899423,1000024901,혜화동로터리,127.0013812786190641_37.5852877246657400,67.0,15.0,서행,127.0013812786190641_37.5852877246657400|127.0014090861534584_37.5852960681010373|127.0014914662075114_37.5853520881352452|127.0015543752309242_37.5854176435789853|127.0015933195411719_37.5854927354248147|127.0016082988245216_37.5855654435582309|127.0015978153254110_37.5856453041188914|127.0015648653472908_37.5857072856721359|127.0015019588968812_37.5857823788507091|127.0014820459859806_37.5857949668899423
2026-09-04T06:42:24.849833+09:00,홍대입구역(2호선),홍대입구역(2호선),POI055,KEY_4,1130002502,양화로,1130025901,서교동 427,126.9198881225875368_37.5540412931764607,1130027404,홍대입구역앞교차로,126.9214584654919236_37.5552173006732275,190.0,19.0,서행,126.9214584654919236_37.5552173006732275|126.9198881225875368_37.5540412931764607
2026-09-04T06:42:24.849833+09:00,홍대입구역(2호선),홍대입구역(2호선),POI055,KEY_4,1130003701,양화로,1130273800,동교동 155-55,126.9227158165769538_37.5561519142828715,1130030004,홍대입구역(서울2호선),126.9240038282710827_37.5571089892898087,156.0,19.7,서행,126.9240038282710827_37.5571089892898087|126.9227158165769538_37.5561519142828715
2026-09-04T06:42:24.849833+09:00,홍대입구역(2호선),홍대입구역(2호선),POI055,KEY_4,1130003702,양화로,1130030001,홍대입구역(서울2호선),126.9241024975835899_37.5571832879291989,1130031303,대성카센터,126.9247680509792247_37.5576912738708160,81.0,24.0,서행,126.9247680509792247_37.5576912738708160|126.9241024975835899_37.5571832879291989
2026-09-04T06:42:24.849833+09:00,홍대입구역(2호선),홍대입구역(2호선),POI055,KEY_4,1130003703,양화로,1130260400,동교동 155-54,126.9256281988244410_37.5583324442910680,1130032300,동교동삼거리,126.9260758648074869_37.5586455831952080,53.0,33.0,원활,126.9260758648074869_37.5586455831952080|126.9259516460622734_37.5585781495251254|126.9256756439668692_37.5583677527849815|126.9256281988244410_37.5583324442910680
2026-09-04T06:42:24.849833+09:00,홍대입구역(2호선),홍대입구역(2호선),POI055,KEY_4,1130003801,양화로,1130273900,동교동 155-55,126.9228084843940536_37.5560728745735588,1130027402,홍대입구역앞교차로,126.9216455946868933_37.5552087411659343,141.0,27.0,원활,126.9216455946868933_37.5552087411659343|126.9228084843940536_37.5560728745735588
2026-09-04T06:42:24.849833+09:00,홍대입구역(2호선),홍대입구역(2호선),POI055,KEY_4,1130015901,홍익로,1130154700,서교동 427,126.9220359643673390_37.5546826076917313,1130027403,홍대입구역앞교차로,126.9215460181029016_37.5551344303407504,66.0,17.0,서행,126.9215460181029016_37.5551344303407504|126.9217237952683917_37.5549495724854268|126.9220359643673390_37.5546826076917313
2026-09-04T06:42:24.849833+09:00,홍대입구역(2호선),홍대입구역(2호선),POI055,KEY_4,1130015902,홍익로,1130109300,서교동 406,126.9231648679629956_37.5537171543489379,1130005308,서교푸르지오아파트,126.9225993071129750_37.5542008340247122,73.0,10.5,정체,126.9225993071129750_37.5542008340247122|126.9228527697001851_37.5539840685397763|126.9231648679629956_37.5537171543489379
2026-09-04T06:42:24.849833+09:00,홍대입구역(2호선),홍대입구역(2호선),POI055,KEY_4,1130016002,홍익로,1130119400,동교동 155-55,126.9224863431878845_37.5544561207342085,1130005306,속성변화점,126.9226010481489340_37.5543580239452197,15.0,17.0,서행,126.9226010481489340_37.5543580239452197|126.9224863431878845_37.5544561207342085
2026-09-04T06:42:24.849833+09:00,홍대입구역(2호선),홍대입구역(2호선),POI055,KEY_4,1130016702,동교로,1130238700,서교동 446-18,126.9190392211144172_37.5556218287363777,1130028604,롯데호텔L7(홍대),126.9204652226422638_37.5560637316398740,135.0,26.0,원활,126.9204652226422638_37.5560637316398740|126.9198761792323324_37.5558814033141104|126.9196325327701231_37.5558059855936079|126.9193242097296093_37.5557102862871091|126.9191763653079903_37.5556643970031701|126.9190392211144172_37.5556218287363777
2026-09-04T06:42:24.849833+09:00,홍대입구역(2호선),홍대입구역(2호선),POI055,KEY_4,1130016900,월드컵북로,1130267400,서교동 427,126.9210494203991146_37.5555664569088208,1130028603,롯데호텔L7(홍대),126.9205661479972775_37.5559789666732442,63.0,13.5,정체,126.9205661479972775_37.5559789666732442|126.9210494203991146_37.5555664569088208
2026-09-04T06:42:24.849833+09:00,홍대입구역(2호선),홍대입구역(2호선),POI055,KEY_4,1130017000,월드컵북로,1130267500,동교동 155-55,126.9211487362349544_37.5556402014086004,1130027401,홍대입구역앞교차로,126.9215575669487777_37.5552912277757187,53.0,29.0,원활,126.9215575669487777_37.5552912277757187|126.9211487362349544_37.5556402014086004
2026-09-04T06:42:24.849833+09:00,홍대입구역(2호선),홍대입구역(2호선),POI055,KEY_4,1130018301,동교로,1130234800,동교동 201-12,126.9223714576705504_37.5573415856685884,1130031703,우성빌딩,126.9229594770721690_37.5579740539319573,88.0,16.0,서행,126.9229594770721690_37.5579740539319573|126.9225761142016040_37.5575121455362435|126.9224853349252271_37.5574284446085400|126.9223714576705504_37.5573415856685884
2026-09-04T06:42:24.849833+09:00,홍대입구역(2호선),홍대입구역(2호선),POI055,KEY_4,1130018302,동교로,1130031704,우성빌딩,126.9230362835969004_37.5580664636773349,1130032103,동교동 151-3,126.9232918768675518_37.5583894534776732,42.0,22.0,서행,126.9232918768675518_37.5583894534776732|126.9231947644524467_37.5582569650777955|126.9230362835969004_37.5580664636773349
2026-09-04T06:42:24.849833+09:00,홍대입구역(2호선),홍대입구역(2호선),POI055,KEY_4,1130018401,동교로,1130236400,동교동 193-1,126.9218939397593573_37.5568917656500219,1130028602,롯데호텔L7(홍대),126.9207044539840865_37.5560194307797488,153.0,28.5,원활,126.9207044539840865_37.5560194307797488|126.9213020185727601_37.5561898308273214|126.9213990027508032_37.5562174862381255|126.9214983639262613_37.5562825737130197|126.9215763902692657_37.5563664435403197|126.9217678851206443_37.5567011225728038|126.9218286112969025_37.5568118746297515|126.9218939397593573_37.5568917656500219
2026-09-04T06:42:24.849833+09:00,홍대입구역(2호선),홍대입구역(2호선),POI055,KEY_4,1130018402,동교로,1130032102,동교동 192-4,126.9234091793915979_37.5583349617897966,1130031701,우성빌딩,126.9231327245934153_37.5579865800830248,46.0,29.0,원활,126.9231327245934153_37.5579865800830248|126.9233101249413238_37.5581998231503391|126.9234091793915979_37.5583349617897966
2026-09-04T06:42:24.849833+09:00,홍대입구역(2호선),홍대입구역(2호선),POI055,KEY_4,1130018403,동교로,1130267100,동교동 193-1,126.9236924952947447_37.5590020505672726,1130032101,동교동 192-4,126.9234766820471947_37.5584553758656909,64.0,17.0,서행,126.9234766820471947_37.5584553758656909|126.9235707625761904_37.5586374586260803|126.9236499224741550_37.5588562655902223|126.9236924952947447_37.5590020505672726
2026-09-04T06:42:24.849833+09:00,홍대입구역(2호선),홍대입구역(2호선),POI055,KEY_4,1130018601,월드컵북로,1130260800,동교동 205-15,126.9201047852547219_37.5565208181069323,1130028601,롯데호텔L7(홍대),126.9206030650937720_37.5561053644053331,64.0,16.0,서행,126.9206030650937720_37.5561053644053331|126.9201047852547219_37.5565208181069323
2026-09-04T06:42:24.849833+09:00,홍대입구역(2호선),홍대입구역(2호선),POI055,KEY_4,1130056000,동교로,1130244700,동교동 192-44,126.9235969752971585_37.5574460002231092,1130031702,우성빌딩,126.9230559412983723_37.5578941512089344,69.0,17.0,서행,126.9230559412983723_37.5578941512089344|126.9235969752971585_37.5574460002231092
2026-09-04T06:42:24.849833+09:00,홍대입구역(2호선),홍대입구역(2호선),POI055,KEY_4,1130056100,동교로,1130244800,동교동 192-44,126.9236948948308594_37.5575209206440874,1130030001,홍대입구역(서울2호선),126.9241024975835899_37.5571832879291989,52.0,18.0,서행,126.9241024975835899_37.5571832879291989|126.9236948948308594_37.5575209206440874
2026-09-04T06:42:24.849833+09:00,홍대입구역(2호선),홍대입구역(2호선),POI055,KEY_4,1130056500,양화로19길,1130269400,동교동 192-44,126.9242827846036619_37.5579718887892824,1130032102,동교동 192-4,126.9234091793915979_37.5583349617897966,93.0,8.0,정체,126.9234091793915979_37.5583349617897966|126.9235741468609007_37.5583601799000988|126.9237435175153621_37.5583522399045222|126.9237886059845266_37.5583215233953140|126.9242827846036619_37.5579718887892824
2026-09-04T06:42:24.849833+09:00,홍대입구역(2호선),홍대입구역(2호선),POI055,KEY_4,1130056600,양화로19길,1130269300,동교동 192-44,126.9243730039212181_37.5580527040690697,1130031304,대성카센터,126.9248672211749920_37.5577661204474040,54.0,8.0,정체,126.9248672211749920_37.5577661204474040|126.9247523387008556_37.5578433291799882|126.9243935191233703_37.5580381892432413|126.9243730039212181_37.5580527040690697
2026-09-04T06:42:24.849833+09:00,홍대입구역(2호선),홍대입구역(2호선),POI055,KEY_4,1130087300,어울마당로,1130121700,서교동 365-1,126.9222448191466555_37.5539062487640578,1130005309,서교푸르지오아파트,126.9225016470744691_37.5542843540505018,48.0,18.0,서행,126.9225016470744691_37.5542843540505018|126.9222449850932577_37.5539064976814032|126.9222448191466555_37.5539062487640578
2026-09-04T06:42:24.849833+09:00,회기역,회기역,POI056,KEY_1,1050019605,이문로,1050171300,휘경동 183-52,127.0569053681512202_37.5913336230820647,1050028511,속성변화점,127.0567073781321454_37.5910419415285659,37.0,35.0,원활,127.0567073781321454_37.5910419415285659|127.0569053681512202_37.5913336230820647
2026-09-04T06:42:24.849833+09:00,회기역,회기역,POI056,KEY_1,1050002000,왕산로,1050147000,청량리동 2-3,127.0521740305288034_37.5865914207080749,1050027504,시조사삼거리,127.0536344497994889_37.5883081964527719,230.0,20.0,서행,127.0536344497994889_37.5883081964527719|127.0533693812412537_37.5880506891911281|127.0532821315917147_37.5879582237014773|127.0531884417398345_37.5878589333261814|127.0530786029586778_37.5877401031031511|127.0529453852549864_37.5875668506956302|127.0521740305288034_37.5865914207080749
2026-09-04T06:42:24.849833+09:00,회기역,회기역,POI056,KEY_1,1050002103,왕산로,1050027503,시조사삼거리,127.0537378944253106_37.5882380693253708,1050027200,시조사삼거리,127.0533907788699821_37.5878933031426641,49.0,6.0,정체,127.0533907788699821_37.5878933031426641|127.0534763062884451_37.5879839430212641|127.0537378944253106_37.5882380693253708
2026-09-04T06:42:24.849833+09:00,회기역,회기역,POI056,KEY_1,1050002401,망우로,1050027502,시조사삼거리,127.0538253192589622_37.5883242468388588,1050027400,시조사삼거리,127.0541206187562437_37.5882076514237013,29.0,5.0,정체,127.0541206187562437_37.5882076514237013|127.0538253192589622_37.5883242468388588
2026-09-04T06:42:24.849833+09:00,회기역,회기역,POI056,KEY_1,1050002403,망우로,1050164800,휘경동 255-20,127.0566271995283927_37.5885646497494079,1050027904,회기역(경춘선),127.0587229978746819_37.5891560770667468,196.0,37.0,원활,127.0587229978746819_37.5891560770667468|127.0566271995283927_37.5885646497494079
2026-09-04T06:42:24.849833+09:00,회기역,회기역,POI056,KEY_1,1050002404,망우로,1050084600,삼육서울병원앞교차로,127.0623833137998986_37.5902061896011475,1050001303,위생병원앞교차로,127.0632484265541677_37.5904597865263526,81.0,23.5,서행,127.0632484265541677_37.5904597865263526|127.0623833137998986_37.5902061896011475
2026-09-04T06:42:24.849833+09:00,회기역,회기역,POI056,KEY_1,1050002501,망우로,1050027300,시조사삼거리,127.0541999989331146_37.5880556130543226,1050027503,시조사삼거리,127.0537378944253106_37.5882380693253708,46.0,29.3,원활,127.0537378944253106_37.5882380693253708|127.0541999989331146_37.5880556130543226
2026-09-04T06:42:24.849833+09:00,회기역,회기역,POI056,KEY_1,1050002502,망우로,1050156600,휘경동 312-263,127.0549127142937778_37.5877972441917763,1050027300,시조사삼거리,127.0541999989331146_37.5880556130543226,69.0,34.0,원활,127.0541999989331146_37.5880556130543226|127.0543490059122718_37.5879967791021912|127.0544022892117368_37.5879769619772119|127.0548019834277511_37.5878283065988015|127.0549127142937778_37.5877972441917763
2026-09-04T06:42:24.849833+09:00,회기역,회기역,POI056,KEY_1,1050002503,망우로,1050103800,휘경동 312-263,127.0558877492230181_37.5880681398638501,1050027101,동원빌딩,127.0554260527593158_37.5878153625107885,50.0,31.0,원활,127.0554260527593158_37.5878153625107885|127.0555870241268650_37.5878875753104609|127.0558877492230181_37.5880681398638501
2026-09-04T06:42:24.849833+09:00,회기역,회기역,POI056,KEY_1,1050016901,이문로,1050149700,회기동 67-7,127.0549874556031256_37.5894380701676880,1050028505,회기역앞교차로,127.0558403986045448_37.5900485574702969,101.0,21.0,서행,127.0558403986045448_37.5900485574702969|127.0556480315051289_37.5899387594113605|127.0549874556031256_37.5894380701676880
2026-09-04T06:42:24.849833+09:00,회기역,회기역,POI056,KEY_1,1050017001,이문로,1050027600,시조사삼거리,127.0540465630913332_37.5885443925608271,1050027502,시조사삼거리,127.0538253192589622_37.5883242468388588,31.0,18.0,서행,127.0538253192589622_37.5883242468388588|127.0540465630913332_37.5885443925608271
2026-09-04T06:42:24.849833+09:00,회기역,회기역,POI056,KEY_1,1050017002,이문로,1050176700,회기동 67-7,127.0548704471611074_37.5892000639472741,1050027600,시조사삼거리,127.0540465630913332_37.5885443925608271,103.0,13.0,정체,127.0540465630913332_37.5885443925608271|127.0541853301977540_37.5886824691056205|127.0544431845224977_37.5888767060216864|127.0545488681346455_37.5889563150846513|127.0548704471611074_37.5892000639472741
2026-09-04T06:42:24.849833+09:00,회기역,회기역,POI056,KEY_1,1050017300,망우로21길,1050122600,휘경동 255-3,127.0617591501848125_37.5904134381428037,1050001304,위생병원앞교차로,127.0634908901715221_37.5905309344400962,155.0,12.5,정체,127.0634908901715221_37.5905309344400962|127.0632178369145322_37.5905750550639510|127.0630916165366955_37.5905790878648816|127.0626126576069339_37.5905162329112414|127.0623131575363232_37.5904642275628262|127.0617591501848125_37.5904134381428037
2026-09-04T06:42:24.849833+09:00,회기역,회기역,POI056,KEY_1,1050017400,망우로21길,1050001303,위생병원앞교차로,127.0632484265541677_37.5904597865263526,1050027901,회기역(경춘선),127.0588509533018708_37.5891924358330769,487.0,14.0,정체,127.0588509533018708_37.5891924358330769|127.0586222408351631_37.5896998569228415|127.0586234850224088_37.5897155353725907|127.0586558907976809_37.5897438653915401|127.0593663615114792_37.5901249299453752|127.0594071724264751_37.5901360700027922|127.0596966741023550_37.5901535169629497|127.0605348267827281_37.5902040245941436|127.0608602792811297_37.5902236349527001|127.0609061683020826_37.5902263999534085|127.0617747012593099_37.5903060296202796|127.0623354714367110_37.5903574392000976|127.0626382121015610_37.5904100067944142|127.0631000327965552_37.5904706129225801|127.0632014876607059_37.5904673709321102|127.0632484265541677_37.5904597865263526
2026-09-04T06:42:24.849833+09:00,회기역,회기역,POI056,KEY_1,1050017901,회기로,1050108200,회기동 45-41,127.0528521200719609_37.5914237853785167,1050029502,경희대삼거리,127.0523710951539016_37.5915377474733887,45.0,11.0,정체,127.0523710951539016_37.5915377474733887|127.0523876709606839_37.5915392918076137|127.0525137901161372_37.5915202005053146|127.0527658907962945_37.5914653690270413|127.0528442171102199_37.5914282626685718|127.0528521200719609_37.5914237853785167
2026-09-04T06:42:24.849833+09:00,회기역,회기역,POI056,KEY_1,1050018000,회기로,1050090700,회기동 346-34,127.0554194809867994_37.5903301444166829,1050028506,회기역앞교차로,127.0559329204722445_37.5901284797674222,51.0,21.3,서행,127.0559329204722445_37.5901284797674222|127.0558069727111103_37.5902037400693985|127.0554194809867994_37.5903301444166829
2026-09-04T06:42:24.849833+09:00,회기역,회기역,POI056,KEY_1,1050018700,회기로,1050163600,회기동 60-1,127.0507843845696527_37.5915013641051914,1050029504,경희대삼거리,127.0522433043757928_37.5916108396205715,142.0,25.5,원활,127.0522433043757928_37.5916108396205715|127.0521821091064680_37.5915621986856294|127.0521299877231201_37.5914887692426234|127.0520751335120195_37.5914483983794412|127.0520098849486175_37.5914078816053774|127.0519034946834296_37.5913797147717617|127.0517947991007759_37.5913645006145458|127.0517866259030058_37.5913650351109823|127.0516920880945833_37.5913712174869730|127.0516245575307437_37.5913854433012133|127.0515727328529181_37.5913963605241577|127.0513870021773783_37.5914444346731500|127.0512414282786153_37.5914704654519269|127.0510708375150699_37.5914862788164186|127.0507843845696527_37.5915013641051914
2026-09-04T06:42:24.849833+09:00,회기역,회기역,POI056,KEY_1,1050019200,경희대로,1050146600,회기동 16-9,127.0525711480171935_37.5925999739552665,1050029501,경희대삼거리,127.0523841820177466_37.5916478245289412,107.0,19.0,서행,127.0523841820177466_37.5916478245289412|127.0524323066177885_37.5920526103703097|127.0525711480171935_37.5925999739552665
2026-09-04T06:42:24.849833+09:00,회기역,회기역,POI056,KEY_1,1050019502,이문로,1050030104,청량초교,127.0577394956087574_37.5928251591112073,1050030203,이문동 346-131,127.0580271875429759_37.5932372410084241,52.0,23.0,서행,127.0580271875429759_37.5932372410084241|127.0577394956087574_37.5928251591112073
2026-09-04T06:42:24.849833+09:00,회기역,회기역,POI056,KEY_1,1050019504,이문로,1050129400,이문동 346-131,127.0573694032562599_37.5922660294926700,1050030103,청량초교,127.0576749762335425_37.5927299944141922,58.0,36.0,원활,127.0576749762335425_37.5927299944141922|127.0573694032562599_37.5922660294926700
2026-09-04T06:42:24.849833+09:00,회기역,회기역,POI056,KEY_1,1050019505,이문로,1050028506,회기역앞교차로,127.0559329204722445_37.5901284797674222,1050028513,휘경동321-20,127.0565232575148826_37.5909981942095399,110.0,11.0,정체,127.0565232575148826_37.5909981942095399|127.0559329204722445_37.5901284797674222
2026-09-04T06:42:24.849833+09:00,회기역,회기역,POI056,KEY_1,1050019602,이문로,1050030202,이문동 346-131,127.0581459663800246_37.5931847359417901,1050030101,청량초교,127.0578582739937303_37.5927726543307941,52.0,33.0,원활,127.0578582739937303_37.5927726543307941|127.0581459663800246_37.5931847359417901
2026-09-04T06:42:24.849833+09:00,회기역,회기역,POI056,KEY_1,1050019604,이문로,1050028511,속성변화점,127.0567073781321454_37.5910419415285659,1050028503,회기역앞교차로,127.0560411463774244_37.5900604187410963,124.0,35.5,원활,127.0560411463774244_37.5900604187410963|127.0566428056983597_37.5909468118858783|127.0567073781321454_37.5910419415285659
2026-09-04T06:42:24.849833+09:00,회기역,회기역,POI056,KEY_1,1050045000,서울시립대로29길,1050057500,휘경동 312-67,127.0551709010215689_37.5872097744655633,1050027102,동원빌딩,127.0552792290295940_37.5877668966272154,63.0,16.0,서행,127.0552792290295940_37.5877668966272154|127.0551861067910551_37.5872848038543452|127.0551730839952285_37.5872110997316824|127.0551709010215689_37.5872097744655633
2026-09-04T06:42:24.849833+09:00,회기역,회기역,POI056,KEY_1,1050045700,망우로,1050027300,시조사삼거리,127.0541999989331146_37.5880556130543226,1050027200,시조사삼거리,127.0533907788699821_37.5878933031426641,76.0,30.0,원활,127.0533907788699821_37.5878933031426641|127.0536217637957321_37.5880161289625931|127.0537753139503394_37.5880458576351089|127.0539101309762913_37.5880606949511815|127.0540411940321093_37.5880636155024845|127.0541999989331146_37.5880556130543226
2026-09-04T06:42:24.849833+09:00,회기역,회기역,POI056,KEY_1,1050045800,망우로,1050027600,시조사삼거리,127.0540465630913332_37.5885443925608271,1050027400,시조사삼거리,127.0541206187562437_37.5882076514237013,42.0,20.0,서행,127.0541206187562437_37.5882076514237013|127.0541037664381037_37.5882183007721338|127.0540247436433390_37.5883060639055344|127.0539888628242409_37.5883995276613447|127.0540026641759823_37.5884802457704197|127.0540465630913332_37.5885443925608271
2026-09-04T06:42:24.849833+09:00,회기역,회기역,POI056,KEY_1,1050046801,회기로31길,1050136100,회기동 346-33,127.0560943182206870_37.5898996187215104,1050028504,회기역앞교차로,127.0559516903433490_37.5899790240485743,15.0,13.0,정체,127.0559516903433490_37.5899790240485743|127.0560270041918756_37.5899281520509376|127.0560943182206870_37.5898996187215104
2026-09-04T06:42:24.849833+09:00,회기역,회기역,POI056,KEY_1,1050047600,이문로9길,1050177600,이문동 345-4,127.0572646789287603_37.5930223292243824,1050030104,청량초교,127.0577394956087574_37.5928251591112073,47.0,17.0,서행,127.0577394956087574_37.5928251591112073|127.0572646789287603_37.5930223292243824
2026-09-04T06:42:24.849833+09:00,회기역,회기역,POI056,KEY_1,1050056200,이문로1길,1050122100,회기동 65-142,127.0534051830155704_37.5886976397466412,1050027501,시조사삼거리,127.0537232490909645_37.5883957922412506,44.0,17.0,서행,127.0537232490909645_37.5883957922412506|127.0536258598978634_37.5885065292228262|127.0534051830155704_37.5886976397466412
2026-09-04T09:00:31.559343+09:00,경복궁,경복궁,POI008,KEY_1,1000014303,삼청로,1000022704,국군서울지구병원,126.9798888896173850_37.5801238754593712,1000023003,갤러리스케이프,126.9801383570053588_37.5809954150793715,99.0,20.0,서행,126.9801383570053588_37.5809954150793715|126.9801143803817212_37.5808712068437671|126.9798888896173850_37.5801238754593712
2026-09-04T09:00:31.559343+09:00,경복궁,경복궁,POI008,KEY_1,1000010600,새문안로5길,1000019302,정부서울청사사거리,126.9743957431224146_37.5756988655088620,1000015501,정부중앙청사별관,126.9745359191347660_37.5741633893777163,171.0,10.0,정체,126.9745359191347660_37.5741633893777163|126.9745251838795923_37.5743178497332622|126.9743883747213147_37.5754949317932088|126.9743883466303203_37.5755769520238516|126.9743957431224146_37.5756988655088620
2026-09-04T09:00:31.559343+09:00,경복궁,경복궁,POI008,KEY_1,1000011700,사직로,1000019303,정부서울청사사거리,126.9742603998069796_37.5757097304571062,1000019802,경복궁역사거리,126.9727094012703503_37.5758424186585529,138.0,8.5,정체,126.9727094012703503_37.5758424186585529|126.9729390930378230_37.5758227698022793|126.9733793101036952_37.5757851103966303|126.9742603998069796_37.5757097304571062
2026-09-04T09:00:31.559343+09:00,경복궁,경복궁,POI008,KEY_1,1000011800,사직로,1000242400,적선동 8-1,126.9733938280741512_37.5758926104395314,1000019304,정부서울청사사거리,126.9742589191568953_37.5758185992423250,77.0,20.5,서행,126.9742589191568953_37.5758185992423250|126.9733938280741512_37.5758926104395314
2026-09-04T09:00:31.559343+09:00,경복궁,경복궁,POI008,KEY_1,1000012001,사직로,1000018500,광화문,126.9756248255992830_37.5755943672526271,1000019302,정부서울청사사거리,126.9743957431224146_37.5756988655088620,109.0,12.0,정체,126.9743957431224146_37.5756988655088620|126.9754810818243271_37.5756177185546321|126.9756248255992830_37.5755943672526271
2026-09-04T09:00:31.559343+09:00,경복궁,경복궁,POI008,KEY_1,1000012101,사직로,1000003601,광화문삼거리,126.9772026040190127_37.5752961563211159,1000020200,경복궁,126.9786283706113750_37.5757946408291801,142.0,13.0,정체,126.9786283706113750_37.5757946408291801|126.9780494814518477_37.5757270176835334|126.9778051553330869_37.5756687993840117|126.9775841152535918_37.5755595455980540|126.9773389726312587_37.5753713360195221|126.9772665949307680_37.5753228898854132|126.9772026040190127_37.5752961563211159
2026-09-04T09:00:31.559343+09:00,경복궁,경복궁,POI008,KEY_1,1000012102,사직로,1000020200,경복궁,126.9786283706113750_37.5757946408291801,1000019704,경복궁사거리,126.9793621536958312_37.5759001150550986,66.0,13.0,정체,126.9793621536958312_37.5759001150550986|126.9791440605087161_37.5758645700478056|126.9786283706113750_37.5757946408291801
2026-09-04T09:00:31.559343+09:00,경복궁,경복궁,POI008,KEY_1,1000012203,사직로,1000019703,경복궁사거리,126.9793107532419185_37.5757813746508091,1000019100,경복궁,126.9786480964121154_37.5756876675167888,59.0,12.0,정체,126.9786480964121154_37.5756876675167888|126.9791690991976765_37.5757582877498706|126.9793107532419185_37.5757813746508091
2026-09-04T09:00:31.559343+09:00,경복궁,경복궁,POI008,KEY_1,1000012502,사직로,1000224600,내자동 35,126.9704050096786716_37.5761139325286422,1000019804,경복궁역사거리,126.9725583211622109_37.5759627912727225,191.0,19.0,서행,126.9725583211622109_37.5759627912727225|126.9704050096786716_37.5761139325286422
2026-09-04T09:00:31.559343+09:00,경복궁,경복궁,POI008,KEY_1,1000014301,삼청로,1000019704,경복궁사거리,126.9793621536958312_37.5759001150550986,1000020600,대한출판문화협회,126.9794687888132074_37.5765544121067592,73.0,13.0,정체,126.9794687888132074_37.5765544121067592|126.9794674172659654_37.5764824989996455|126.9794172673057773_37.5761249117022231|126.9793621536958312_37.5759001150550986
2026-09-04T09:00:31.559343+09:00,경복궁,경복궁,POI008,KEY_1,1000014302,삼청로,1000020600,대한출판문화협회,126.9794687888132074_37.5765544121067592,1000022703,국군서울지구병원,126.9798562503477797_37.5800221917764006,388.0,13.0,정체,126.9798562503477797_37.5800221917764006|126.9796182985417516_37.5793264763807215|126.9795665449151443_37.5791397220131316|126.9795478931843604_37.5790381290051698|126.9795326834604623_37.5788730174103378|126.9794969047037227_37.5780275498626395|126.9794687888132074_37.5765544121067592
2026-09-04T09:00:31.559343+09:00,경복궁,경복궁,POI008,KEY_1,1000014401,삼청로,1000021000,대한출판문화협회,126.9796046197648423_37.5765527706146756,1000019701,경복궁사거리,126.9795067975766756_37.5759255521593971,70.0,22.3,서행,126.9795067975766756_37.5759255521593971|126.9795516592807161_37.5761085342554608|126.9796031487506696_37.5764756650611034|126.9796046197648423_37.5765527706146756
2026-09-04T09:00:31.559343+09:00,경복궁,경복궁,POI008,KEY_1,1000014402,삼청로,1000022702,국군서울지구병원,126.9799873332334244_37.5799937943622950,1000021000,대한출판문화협회,126.9796046197648423_37.5765527706146756,385.0,27.0,원활,126.9796046197648423_37.5765527706146756|126.9796327193578946_37.5780249082326065|126.9796683669145381_37.5788672429607900|126.9796830227134734_37.5790263448128528|126.9797002616005130_37.5791202376619609|126.9797502489418548_37.5793006189381842|126.9799873332334244_37.5799937943622950
2026-09-04T09:00:31.559343+09:00,경복궁,경복궁,POI008,KEY_1,1000014403,삼청로,1000023002,갤러리스케이프,126.9802726364854522_37.5809789975197504,1000022701,국군서울지구병원,126.9800209872343402_37.5800986304131186,100.0,23.7,서행,126.9800209872343402_37.5800986304131186|126.9802478003755937_37.5808503388031028|126.9802726364854522_37.5809789975197504
2026-09-04T09:00:31.559343+09:00,경복궁,경복궁,POI008,KEY_1,1000015101,효자로,1000219200,통의동 7-2,126.9738823732247113_37.5782737331220034,1000022103,한글전각갤러리,126.9737664393316123_37.5793405707998147,119.0,12.0,정체,126.9737664393316123_37.5793405707998147|126.9738823732247113_37.5782737331220034
2026-09-04T09:00:31.559343+09:00,경복궁,경복궁,POI008,KEY_1,1000015102,효자로,1000041400,창성동 16,126.9736432808576581_37.5805908651879150,1000023603,창성동 75-1,126.9736167411290211_37.5817495935669825,129.0,12.0,정체,126.9736167411290211_37.5817495935669825|126.9736341888375790_37.5807097019062013|126.9736432808576581_37.5805908651879150
2026-09-04T09:00:31.559343+09:00,경복궁,경복궁,POI008,KEY_1,1000015103,효자로,1000023604,세종로 1-82,126.9736148980526167_37.5818577441157089,1000005203,효자동삼거리,126.9736127255228695_37.5835625507457465,189.0,12.0,정체,126.9736127255228695_37.5835625507457465|126.9735913171579114_37.5832181223740136|126.9736148980526167_37.5818577441157089
2026-09-04T09:00:31.559343+09:00,경복궁,경복궁,POI008,KEY_1,1000015201,효자로,1000022102,한글전각갤러리,126.9739017858953645_37.5793498869892204,1000019301,정부서울청사사거리,126.9743957935852450_37.5758074664167268,396.0,26.0,원활,126.9743957935852450_37.5758074664167268|126.9743764184428017_37.5760755345660726|126.9743092662572082_37.5764778948295017|126.9741719066146146_37.5773009081164844|126.9741268698984413_37.5775378120208856|126.9740611119599407_37.5778837117652031|126.9740177174622744_37.5782830491677231|126.9739017858953645_37.5793498869892204
2026-09-04T09:00:31.559343+09:00,경복궁,경복궁,POI008,KEY_1,1000015202,효자로,1000023602,세종로 1-39,126.9737525850962072_37.5817510371078143,1000022101,한글전각갤러리,126.9738905991571443_37.5794569415239579,255.0,29.0,원활,126.9738905991571443_37.5794569415239579|126.9738519824120146_37.5798414672260890|126.9737879055856666_37.5804795024973970|126.9737788834196408_37.5805974360917929|126.9737699881223705_37.5807137109477551|126.9737525850962072_37.5817510371078143
2026-09-04T09:00:31.559343+09:00,경복궁,경복궁,POI008,KEY_1,1000015203,효자로,1000005202,효자동삼거리,126.9737472613430214_37.5835385999729326,1000023601,세종로 1-39,126.9737507411007016_37.5818592353335603,186.0,22.0,서행,126.9737507411007016_37.5818592353335603|126.9737272227124265_37.5832161948422154|126.9737472613430214_37.5835385999729326
2026-09-04T09:00:31.559343+09:00,경복궁,경복궁,POI008,KEY_1,1000015401,자하문로,1000140900,통의동 139,126.9725715057905830_37.5765777524989346,1000019801,경복궁역사거리,126.9726968257656665_37.5759522364072183,70.0,26.5,원활,126.9726968257656665_37.5759522364072183|126.9726385507227491_37.5763288934255186|126.9725895796281208_37.5765259070172135|126.9725715057905830_37.5765777524989346
2026-09-04T09:00:31.559343+09:00,경복궁,경복궁,POI008,KEY_1,1000015800,북촌로5길,1000110800,소격동 101-1,126.9816632165415768_37.5796980355060555,1000022702,국군서울지구병원,126.9799873332334244_37.5799937943622950,152.0,21.0,서행,126.9799873332334244_37.5799937943622950|126.9811117769615265_37.5798023119298961|126.9813717539606586_37.5797580385712706|126.9816632165415768_37.5796980355060555
2026-09-04T09:00:31.559343+09:00,경복궁,경복궁,POI008,KEY_1,1000016301,삼청로,1000023001,갤러리스케이프,126.9802926936486500_37.5811058372642535,1000023403,브라질대사관,126.9810263784892186_37.5815445739605920,82.0,8.0,정체,126.9810263784892186_37.5815445739605920|126.9809131169670025_37.5814523264612390|126.9807572607189741_37.5813324212478079|126.9805732045222584_37.5812254848848113|126.9805004045640970_37.5811831880586382|126.9802926936486500_37.5811058372642535
2026-09-04T09:00:31.559343+09:00,경복궁,경복궁,POI008,KEY_1,1000016401,삼청로,1000154400,소격동 5-2,126.9806533091713163_37.5811381602125181,1000023002,갤러리스케이프,126.9802726364854522_37.5809789975197504,38.0,21.5,서행,126.9802726364854522_37.5809789975197504|126.9805698902694644_37.5810896934890764|126.9806533091713163_37.5811381602125181
2026-09-04T09:00:31.559343+09:00,경복궁,경복궁,POI008,KEY_1,1000016500,청와대로,1000023004,갤러리스케이프,126.9801577660451670_37.5811184473203284,1000024202,퐁데자르갤러리,126.9792888757798295_37.5833973114764888,283.0,19.0,서행,126.9792888757798295_37.5833973114764888|126.9794326695444795_37.5833409548265038|126.9795985399564842_37.5832476848462562|126.9797349654737388_37.5831482053396115|126.9798535787143550_37.5830268942675616|126.9799783199628109_37.5828376834460514|126.9800830519028665_37.5826410034803118|126.9801523342807030_37.5824206537665262|126.9801756947906881_37.5821819448641676|126.9801669773254389_37.5812814489405298|126.9801611478268342_37.5811413659670990|126.9801577660451670_37.5811184473203284
2026-09-04T09:00:31.559343+09:00,경복궁,경복궁,POI008,KEY_1,1000016600,청와대로,1000024201,퐁데자르갤러리,126.9793488993760917_37.5834943060582702,1000023001,갤러리스케이프,126.9802926936486500_37.5811058372642535,298.0,30.5,원활,126.9802926936486500_37.5811058372642535|126.9802967397338023_37.5811332572089398|126.9803028147339035_37.5812792426264579|126.9803115922597812_37.5821857328606441|126.9802868960512399_37.5824380961232620|126.9802122748901070_37.5826754278464534|126.9801012249592418_37.5828839711424081|126.9799682487228267_37.5830856738696752|126.9798351717180509_37.5832217786991762|126.9796839720406183_37.5833320316592037|126.9795023111846888_37.5834341801086822|126.9793488993760917_37.5834943060582702
2026-09-04T09:00:31.559343+09:00,경복궁,경복궁,POI008,KEY_1,1000017102,효자로,1000005203,효자동삼거리,126.9736127255228695_37.5835625507457465,1000024302,효자동 136-1,126.9727651070645038_37.5836899468878016,76.0,8.0,정체,126.9727651070645038_37.5836899468878016|126.9730868519890805_37.5836617458525453|126.9732850493551410_37.5836358134354498|126.9736127255228695_37.5835625507457465
2026-09-04T09:00:31.559343+09:00,경복궁,경복궁,POI008,KEY_1,1000017202,효자로,1000024301,효자동 136-1,126.9727799801869850_37.5837974155542724,1000005204,효자동삼거리,126.9736494719598028_37.5836666397267720,78.0,10.0,정체,126.9736494719598028_37.5836666397267720|126.9733145338289120_37.5837415255394376|126.9731053220007908_37.5837688997887582|126.9727799801869850_37.5837974155542724
2026-09-04T09:00:31.559343+09:00,경복궁,경복궁,POI008,KEY_1,1000017300,청와대로,1000024203,퐁데자르갤러리,126.9791795136897292_37.5834335611764701,1000005202,효자동삼거리,126.9737472613430214_37.5835385999729326,486.0,26.0,원활,126.9737472613430214_37.5835385999729326|126.9739495073895483_37.5835089975692114|126.9741309391237110_37.5835057794776830|126.9743076583270351_37.5835171156289292|126.9752337920588730_37.5836985645955508|126.9754323254462349_37.5837264891222063|126.9757360888294073_37.5837476748394224|126.9763499836077330_37.5837643209452068|126.9766286175151322_37.5837433697827379|126.9789929139192566_37.5834750307908365|126.9791275283093626_37.5834477041164519|126.9791795136897292_37.5834335611764701
2026-09-04T09:00:31.559343+09:00,경복궁,경복궁,POI008,KEY_1,1000017400,청와대로,1000005201,효자동삼거리,126.9737718367323538_37.5836449359611962,1000024204,퐁데자르갤러리,126.9792234607305943_37.5835358668880062,488.0,27.0,원활,126.9792234607305943_37.5835358668880062|126.9791663527855263_37.5835514035953580|126.9790193732068246_37.5835812400857776|126.9766446063162135_37.5838507686442966|126.9763540772180477_37.5838726139501844|126.9757278388116646_37.5838556337628376|126.9754145390009228_37.5838337820068062|126.9752057008707880_37.5838044082914848|126.9742858206583094_37.5836241849198771|126.9741269844044211_37.5836139960176467|126.9739633976216311_37.5836168972867881|126.9737718367323538_37.5836449359611962
2026-09-04T09:00:31.559343+09:00,경복궁,경복궁,POI008,KEY_1,1000034400,새문안로3길,1000018004,서울특별시경찰청,126.9726181216856418_37.5753302820372284,1000019803,경복궁역사거리,126.9725722748504069_37.5758532725264089,58.0,21.0,서행,126.9725722748504069_37.5758532725264089|126.9726181216856418_37.5753302820372284
2026-09-04T09:00:31.559343+09:00,경복궁,경복궁,POI008,KEY_1,1000034500,새문안로3길,1000019802,경복궁역사거리,126.9727094012703503_37.5758424186585529,1000018001,서울특별시경찰청,126.9727536370288590_37.5753378072978137,56.0,13.0,정체,126.9727536370288590_37.5753378072978137|126.9727094012703503_37.5758424186585529
2026-09-04T09:00:31.559343+09:00,경복궁,경복궁,POI008,KEY_1,1000035200,사직로,1000020200,경복궁,126.9786283706113750_37.5757946408291801,1000020600,대한출판문화협회,126.9794687888132074_37.5765544121067592,118.0,13.0,정체,126.9794687888132074_37.5765544121067592|126.9794368084534142_37.5764098329770562|126.9791960602808700_37.5761637733622180|126.9789750836954596_37.5759177176703147|126.9788694300669647_37.5758537146814078|126.9786283706113750_37.5757946408291801
2026-09-04T09:00:31.559343+09:00,경복궁,경복궁,POI008,KEY_1,1000035300,삼청로,1000021000,대한출판문화협회,126.9796046197648423_37.5765527706146756,1000020300,경복궁,126.9801205068413168_37.5759892604625989,93.0,20.0,서행,126.9801205068413168_37.5759892604625989|126.9797298312382878_37.5760780464987292|126.9796597331679635_37.5761137931100748|126.9796040049640879_37.5761795786155588|126.9796046197648423_37.5765527706146756
2026-09-04T09:00:31.559343+09:00,경복궁,경복궁,POI008,KEY_1,1000037000,자하문로10길,1000142900,창성동 130-12,126.9720322425473000_37.5795267662096677,1000022104,한글전각갤러리,126.9737551795793422_37.5794483274217725,153.0,6.0,정체,126.9737551795793422_37.5794483274217725|126.9735697636163820_37.5794379905376914|126.9730629180689760_37.5794543875836595|126.9720322425473000_37.5795267662096677
2026-09-04T09:00:31.559343+09:00,경복궁,경복궁,POI008,KEY_1,1000038800,자하문로16길,1000068600,효자동 158-3,126.9730842997045812_37.5818361876427218,1000023604,세종로 1-82,126.9736148980526167_37.5818577441157089,47.0,10.0,정체,126.9736148980526167_37.5818577441157089|126.9732424959569812_37.5818454811704967|126.9730842997045812_37.5818361876427218
2026-09-04T09:00:31.559343+09:00,광화문·덕수궁,광화문·덕수궁,POI009,KEY_2,1000005204,세종대로,1000007400,청계천광장,126.9770893091757529_37.5695834801641908,1000031000,청계광장,126.9770921904126482_37.5694157550093379,19.0,14.0,정체,126.9770921904126482_37.5694157550093379|126.9770893091757529_37.5695834801641908
2026-09-04T09:00:31.559343+09:00,광화문·덕수궁,광화문·덕수궁,POI009,KEY_2,1000001401,종로,1000008000,동아일보사,126.9777588281918099_37.5701340596360964,1000009002,세종대로사거리,126.9770959172438580_37.5701228829325231,59.0,19.0,서행,126.9770959172438580_37.5701228829325231|126.9777588281918099_37.5701340596360964
2026-09-04T09:00:31.559343+09:00,광화문·덕수궁,광화문·덕수궁,POI009,KEY_2,1000000301,종로,1000081900,종로1가 82-2,126.9798999832241719_37.5701535606807582,1000008607,종로구청입구교차로,126.9793805233784241_37.5701494116837509,46.0,37.0,원활,126.9793805233784241_37.5701494116837509|126.9798999832241719_37.5701535606807582
2026-09-04T09:00:31.559343+09:00,광화문·덕수궁,광화문·덕수궁,POI009,KEY_2,1000000401,종로,1000008606,종로구청입구교차로,126.9793844377634713_37.5702575676490582,1000008905,SK빌딩,126.9809530025248421_37.5702700889503021,139.0,13.0,정체,126.9809530025248421_37.5702700889503021|126.9798986206276368_37.5702616744867512|126.9793844377634713_37.5702575676490582
2026-09-04T09:00:31.559343+09:00,광화문·덕수궁,광화문·덕수궁,POI009,KEY_2,1000000703,새문안로,1000008201,구세군회관,126.9726666240444217_37.5702234697315518,1000008304,뉴질랜드관광청,126.9749173399443691_37.5702117971802636,199.0,15.0,서행,126.9749173399443691_37.5702117971802636|126.9745065658627396_37.5702088031007975|126.9743721680184052_37.5702090286750732|126.9726666240444217_37.5702234697315518
2026-09-04T09:00:31.559343+09:00,광화문·덕수궁,광화문·덕수궁,POI009,KEY_2,1000000802,새문안로,1000007903,신문로1가 5-4,126.9743707219120381_37.5701009152256020,1000008202,구세군회관,126.9726644410624914_37.5701153625080622,151.0,2.0,정체,126.9726644410624914_37.5701153625080622|126.9743707219120381_37.5701009152256020
2026-09-04T09:00:31.559343+09:00,광화문·덕수궁,광화문·덕수궁,POI009,KEY_2,1000000803,새문안로,1000008403,신문로1가141,126.9755270360325170_37.5701094904468960,1000007902,신문로1가 5-4,126.9745078099836633_37.5701006884260735,90.0,4.0,정체,126.9745078099836633_37.5701006884260735|126.9749185834716059_37.5701036825010561|126.9750548861427575_37.5701048454871938|126.9755270360325170_37.5701094904468960
2026-09-04T09:00:31.559343+09:00,광화문·덕수궁,광화문·덕수궁,POI009,KEY_2,1000000901,새문안로,1000008301,뉴질랜드관광청,126.9750532070518432_37.5702129564638909,1000008404,신문로1가141,126.9755253576206542_37.5702176014390972,42.0,35.0,원활,126.9755253576206542_37.5702176014390972|126.9750532070518432_37.5702129564638909
2026-09-04T09:00:31.559343+09:00,광화문·덕수궁,광화문·덕수궁,POI009,KEY_2,1000000902,새문안로,1000008401,신문로1가141,126.9756642084840337_37.5702188245241615,1000009300,세종로208,126.9762005801091362_37.5702231750732523,47.0,37.0,원활,126.9762005801091362_37.5702231750732523|126.9756642084840337_37.5702188245241615
2026-09-04T09:00:31.559343+09:00,광화문·덕수궁,광화문·덕수궁,POI009,KEY_2,1000000903,새문안로,1000214200,세종대로사거리,126.9766244379145377_37.5702266110763219,1000009004,세종대로사거리,126.9769755542479714_37.5702294562480148,31.0,34.0,원활,126.9769755542479714_37.5702294562480148|126.9766244379145377_37.5702266110763219
2026-09-04T09:00:31.559343+09:00,광화문·덕수궁,광화문·덕수궁,POI009,KEY_2,1000001002,새문안로,1000007600,주한요르단명예영사관,126.9762019638013300_37.5701150604124336,1000008402,신문로1가141,126.9756655929920299_37.5701107106503116,47.0,9.0,정체,126.9756655929920299_37.5701107106503116|126.9762019638013300_37.5701150604124336
2026-09-04T09:00:31.559343+09:00,광화문·덕수궁,광화문·덕수궁,POI009,KEY_2,1000001003,새문안로,1000009003,세종대로사거리,126.9769600332011521_37.5701212054532618,1000007600,주한요르단명예영사관,126.9762019638013300_37.5701150604124336,67.0,7.0,정체,126.9762019638013300_37.5701150604124336|126.9766258211001428_37.5701184968726238|126.9769600332011521_37.5701212054532618
2026-09-04T09:00:31.559343+09:00,광화문·덕수궁,광화문·덕수궁,POI009,KEY_2,1000001301,종로,1000009001,세종대로사거리,126.9771187019505163_37.5702314111293560,1000009700,종로1가1-3,126.9777559525715844_37.5702421551131351,56.0,16.0,서행,126.9777559525715844_37.5702421551131351|126.9771187019505163_37.5702314111293560
2026-09-04T09:00:31.559343+09:00,광화문·덕수궁,광화문·덕수궁,POI009,KEY_2,1000001302,종로,1000009700,종로1가1-3,126.9777559525715844_37.5702421551131351,1000008804,광화문우체국,126.9784336631558119_37.5702494972367163,60.0,15.0,서행,126.9784336631558119_37.5702494972367163|126.9779432056922133_37.5702453112944994|126.9777559525715844_37.5702421551131351
2026-09-04T09:00:31.559343+09:00,광화문·덕수궁,광화문·덕수궁,POI009,KEY_2,1000001303,종로,1000008801,광화문우체국,126.9785701334498214_37.5702506615867833,1000008609,종로구청입구교차로,126.9792481536049564_37.5702564438606927,60.0,22.0,서행,126.9792481536049564_37.5702564438606927|126.9785701334498214_37.5702506615867833
2026-09-04T09:00:31.559343+09:00,광화문·덕수궁,광화문·덕수궁,POI009,KEY_2,1000001402,종로,1000008803,광화문우체국,126.9784351192109852_37.5701413844145975,1000008000,동아일보사,126.9777588281918099_37.5701340596360964,60.0,13.0,정체,126.9777588281918099_37.5701340596360964|126.9779453713088060_37.5701372048683524|126.9784351192109852_37.5701413844145975
2026-09-04T09:00:31.559343+09:00,광화문·덕수궁,광화문·덕수궁,POI009,KEY_2,1000001403,종로,1000008608,종로구청입구교차로,126.9792446499360778_37.5701482878816435,1000008802,광화문우체국,126.9785715892256235_37.5701425486416056,59.0,18.0,서행,126.9785715892256235_37.5701425486416056|126.9792446499360778_37.5701482878816435
2026-09-04T09:00:31.559343+09:00,광화문·덕수궁,광화문·덕수궁,POI009,KEY_2,1000003301,청계천로,1010033802,호주관광청,126.9797619415674745_37.5689431360811881,1010034101,무교동사거리,126.9793610650683036_37.5689718470786644,36.0,15.0,서행,126.9793610650683036_37.5689718470786644|126.9797619415674745_37.5689431360811881
2026-09-04T09:00:31.559343+09:00,광화문·덕수궁,광화문·덕수궁,POI009,KEY_2,1000003400,청계천로,1010034301,무교동사거리,126.9793440155466442_37.5692674718774171,1010033702,광교사거리,126.9827120922386285_37.5690419071249693,299.0,12.0,정체,126.9827120922386285_37.5690419071249693|126.9793440155466442_37.5692674718774171
2026-09-04T09:00:31.559343+09:00,광화문·덕수궁,광화문·덕수궁,POI009,KEY_2,1000003700,청계천로,1010034102,무교동사거리,126.9792256224440905_37.5689816845044717,1000002000,청계광장,126.9771060680401717_37.5690311929919076,188.0,10.0,정체,126.9771060680401717_37.5690311929919076|126.9774434053876035_37.5690828687536680|126.9775440319711919_37.5690924240737019|126.9777213322496863_37.5690924576651568|126.9792256224440905_37.5689816845044717
2026-09-04T09:00:31.559343+09:00,광화문·덕수궁,광화문·덕수궁,POI009,KEY_2,1000003801,청계천로,1000031000,청계광장,126.9770921904126482_37.5694157550093379,1000007002,동아일보사,126.9783460265061024_37.5693222473721278,111.0,7.0,정체,126.9783460265061024_37.5693222473721278|126.9773834142662849_37.5693879956262435|126.9770921904126482_37.5694157550093379
2026-09-04T09:00:31.559343+09:00,광화문·덕수궁,광화문·덕수궁,POI009,KEY_2,1000003802,청계천로,1000007001,동아일보사,126.9784814758997982_37.5693140408546356,1010034302,무교동사거리,126.9792084451945726_37.5692755952973627,64.0,10.0,정체,126.9792084451945726_37.5692755952973627|126.9784814758997982_37.5693140408546356
2026-09-04T09:00:31.559343+09:00,광화문·덕수궁,광화문·덕수궁,POI009,KEY_2,1000004101,세종대로21길,1010036201,청계광장,126.9769724776174371_37.5689758850454254,1010034202,속성변화점,126.9761089175425468_37.5690525772719468,77.0,26.0,원활,126.9761089175425468_37.5690525772719468|126.9762590231906501_37.5690173503827225|126.9766423549418590_37.5690116154256089|126.9767891468850252_37.5690047706819641|126.9769724776174371_37.5689758850454254
2026-09-04T09:00:31.559343+09:00,광화문·덕수궁,광화문·덕수궁,POI009,KEY_2,1000004201,세종대로21길,1010034201,속성변화점,126.9761701151880970_37.5691453161545397,1010036202,청계광장,126.9769681640981389_37.5690870395436463,71.0,16.0,서행,126.9769681640981389_37.5690870395436463|126.9768062997742106_37.5691122763363623|126.9766476039636132_37.5691196746613940|126.9762762102917009_37.5691252318358337|126.9761701151880970_37.5691453161545397
2026-09-04T09:00:31.559343+09:00,광화문·덕수궁,광화문·덕수궁,POI009,KEY_2,1000004202,세종대로21길,1010034502,조선일보본사,126.9758538003934376_37.5694432589816216,1010034201,속성변화점,126.9761701151880970_37.5691453161545397,44.0,19.0,서행,126.9761701151880970_37.5691453161545397|126.9759646865800136_37.5693016963708999|126.9759165276521173_37.5693486608578553|126.9758538003934376_37.5694432589816216
2026-09-04T09:00:31.559343+09:00,광화문·덕수궁,광화문·덕수궁,POI009,KEY_2,1000004203,세종대로21길,1000008402,신문로1가141,126.9756655929920299_37.5701107106503116,1010034501,조선일보본사,126.9758232836738614_37.5695216067234981,67.0,4.0,정체,126.9758232836738614_37.5695216067234981|126.9756655929920299_37.5701107106503116
2026-09-04T09:00:31.559343+09:00,광화문·덕수궁,광화문·덕수궁,POI009,KEY_2,1000005000,무교로,1000008607,종로구청입구교차로,126.9793805233784241_37.5701494116837509,1010034301,무교동사거리,126.9793440155466442_37.5692674718774171,98.0,4.0,정체,126.9793440155466442_37.5692674718774171|126.9793805233784241_37.5701494116837509
2026-09-04T09:00:31.559343+09:00,광화문·덕수궁,광화문·덕수궁,POI009,KEY_2,1000005101,세종대로,1010036202,청계광장,126.9769681640981389_37.5690870395436463,1000007300,세종로1-80,126.9769534872362158_37.5695820797097966,55.0,39.0,원활,126.9769534872362158_37.5695820797097966|126.9769561223222638_37.5694207011224321|126.9769681640981389_37.5690870395436463
2026-09-04T09:00:31.559343+09:00,광화문·덕수궁,광화문·덕수궁,POI009,KEY_2,1000005102,세종대로,1000007300,세종로1-80,126.9769534872362158_37.5695820797097966,1000009003,세종대로사거리,126.9769600332011521_37.5701212054532618,60.0,39.0,원활,126.9769600332011521_37.5701212054532618|126.9769532767960953_37.5697764532188643|126.9769534872362158_37.5695820797097966
2026-09-04T09:00:31.559343+09:00,광화문·덕수궁,광화문·덕수궁,POI009,KEY_2,1000005202,세종대로,1000009002,세종대로사거리,126.9770959172438580_37.5701228829325231,1000007400,청계천광장,126.9770893091757529_37.5695834801641908,60.0,6.0,정체,126.9770893091757529_37.5695834801641908|126.9770891110814688_37.5697756552470636|126.9770959172438580_37.5701228829325231
2026-09-04T09:00:31.559343+09:00,광화문·덕수궁,광화문·덕수궁,POI009,KEY_2,1000005203,세종대로,1000031000,청계광장,126.9770921904126482_37.5694157550093379,1000002000,청계광장,126.9771060680401717_37.5690311929919076,43.0,11.0,정체,126.9771060680401717_37.5690311929919076|126.9770921904126482_37.5694157550093379
2026-09-04T09:00:31.559343+09:00,광화문·덕수궁,광화문·덕수궁,POI009,KEY_2,1000006701,종로3길,1000008605,KT광화문빌딩East,126.9792365875387787_37.5713076844087723,1000002503,종로구청앞교차로,126.9791846724866247_37.5724168674636516,123.0,12.0,정체,126.9791846724866247_37.5724168674636516|126.9792127143992531_37.5722886996592322|126.9792365875387787_37.5713076844087723
2026-09-04T09:00:31.559343+09:00,광화문·덕수궁,광화문·덕수궁,POI009,KEY_2,1000006702,종로3길,1000008609,종로구청입구교차로,126.9792481536049564_37.5702564438606927,1000008604,KT광화문빌딩East,126.9792392182412755_37.5711995824609417,105.0,22.0,서행,126.9792392182412755_37.5711995824609417|126.9792562098357678_37.5705013662105856|126.9792481536049564_37.5702564438606927
2026-09-04T09:00:31.559343+09:00,광화문·덕수궁,광화문·덕수궁,POI009,KEY_2,1000006801,종로3길,1000008603,KT광화문빌딩East,126.9793750304311573_37.5712016763059680,1000008606,종로구청입구교차로,126.9793844377634713_37.5702575676490582,105.0,4.0,정체,126.9793844377634713_37.5702575676490582|126.9793920781041692_37.5705010629446505|126.9793750304311573_37.5712016763059680
2026-09-04T09:00:31.559343+09:00,광화문·덕수궁,광화문·덕수궁,POI009,KEY_2,1000006802,종로3길,1000002502,종로구청앞교차로,126.9793217364559581_37.5724206139039367,1000008602,KT광화문빌딩East,126.9793723999539878_37.5713097781531999,124.0,5.0,정체,126.9793723999539878_37.5713097781531999|126.9793483260029632_37.5722990812992776|126.9793217364559581_37.5724206139039367
2026-09-04T09:00:31.559343+09:00,광화문·덕수궁,광화문·덕수궁,POI009,KEY_2,1000007301,새문안로5길,1000191900,당주동 42-1,126.9747945654450376_37.5713741249107471,1000012004,당주동 42-1,126.9747711914900208_37.5715772036542930,23.0,13.3,정체,126.9747711914900208_37.5715772036542930|126.9747764927874840_37.5715266880177694|126.9747945654450376_37.5713741249107471
2026-09-04T09:00:31.559343+09:00,광화문·덕수궁,광화문·덕수궁,POI009,KEY_2,1000007303,새문안로5길,1000012009,국토매일신문,126.9745343892600573_37.5730633074938467,1000015503,정부중앙청사별관,126.9744112783023837_37.5740498591777197,110.0,19.0,서행,126.9744112783023837_37.5740498591777197|126.9744499541339309_37.5737686609407575|126.9744632498496486_37.5736575921968523|126.9745343892600573_37.5730633074938467
2026-09-04T09:00:31.559343+09:00,광화문·덕수궁,광화문·덕수궁,POI009,KEY_2,1000007304,새문안로5길,1000097900,당주동 9-1,126.9746904072748208_37.5722005256472400,1000012008,국토매일신문,126.9745473563027076_37.5729549828790397,85.0,17.0,서행,126.9745473563027076_37.5729549828790397|126.9746153014773142_37.5723873767864731|126.9746904072748208_37.5722005256472400
2026-09-04T09:00:31.559343+09:00,광화문·덕수궁,광화문·덕수궁,POI009,KEY_2,1000007401,새문안로5길,1000122600,당주동 37-5,126.9749949194423237_37.5708345656133957,1000008301,뉴질랜드관광청,126.9750532070518432_37.5702129564638909,69.0,12.0,정체,126.9750532070518432_37.5702129564638909|126.9750441061559343_37.5704193325342715|126.9750097115534828_37.5707096914500909|126.9749949194423237_37.5708345656133957
2026-09-04T09:00:31.559343+09:00,광화문·덕수궁,광화문·덕수궁,POI009,KEY_2,1000007403,새문안로5길,1000012007,국토매일신문,126.9746825846849134_37.5729652378036505,1000012002,당주동 15-5,126.9748960733688961_37.5716933165325884,143.0,15.0,서행,126.9748960733688961_37.5716933165325884|126.9748542851426265_37.5721476425157519|126.9748197861506611_37.5722334714313035|126.9747491405799735_37.5724092275890840|126.9746825846849134_37.5729652378036505
2026-09-04T09:00:31.559343+09:00,광화문·덕수궁,광화문·덕수궁,POI009,KEY_2,1000007404,새문안로5길,1000015502,정부중앙청사별관,126.9745471372090009_37.5740556283939924,1000012006,국토매일신문,126.9746696177836469_37.5730735623354022,110.0,8.0,정체,126.9746696177836469_37.5730735623354022|126.9745984783698276_37.5736678471220458|126.9745850921002415_37.5737796723370465|126.9745471372090009_37.5740556283939924
2026-09-04T09:00:31.559343+09:00,광화문·덕수궁,광화문·덕수궁,POI009,KEY_2,1000007501,삼봉로,1000013006,신라스테이(광화문),126.9800323953105732_37.5724462314692360,1000002502,종로구청앞교차로,126.9793217364559581_37.5724206139039367,63.0,5.0,정체,126.9793217364559581_37.5724206139039367|126.9799519020942853_37.5724644845951588|126.9800031202296822_37.5724557581351775|126.9800323953105732_37.5724462314692360
2026-09-04T09:00:31.559343+09:00,광화문·덕수궁,광화문·덕수궁,POI009,KEY_2,1000007502,삼봉로,1000012403,조계사앞교차로,126.9829706356902221_37.5719776537276218,1000013004,신라스테이(광화문),126.9801805317354280_37.5724047958457916,252.0,6.0,정체,126.9801805317354280_37.5724047958457916|126.9804914824202910_37.5723319178106152|126.9811053055208276_37.5721880522337770|126.9822536902158987_37.5720311041132078|126.9827182491962247_37.5719849537863269|126.9829706356902221_37.5719776537276218
2026-09-04T09:00:31.559343+09:00,광화문·덕수궁,광화문·덕수궁,POI009,KEY_2,1000007601,삼봉로,1000002501,종로구청앞교차로,126.9793098997934777_37.5725283213326406,1000013008,신라스테이(광화문),126.9800853113310097_37.5725458182865282,69.0,13.0,정체,126.9800853113310097_37.5725458182865282|126.9800433552072860_37.5725594712725126|126.9799603876916336_37.5725736073446370|126.9793098997934777_37.5725283213326406
2026-09-04T09:00:31.559343+09:00,광화문·덕수궁,광화문·덕수궁,POI009,KEY_2,1000008305,사직로8길,1000030902,세종로공원,126.9763299470461675_37.5743620222710391,1000016700,광화문,126.9763532157447088_37.5747826865806687,47.0,26.0,원활,126.9763532157447088_37.5747826865806687|126.9763299470461675_37.5743620222710391
2026-09-04T09:00:31.559343+09:00,광화문·덕수궁,광화문·덕수궁,POI009,KEY_2,1000008306,사직로8길,1000030901,세종로공원,126.9763653836261312_37.5741476322646690,1000030902,세종로공원,126.9763299470461675_37.5743620222710391,24.0,17.0,서행,126.9763299470461675_37.5743620222710391|126.9763653836261312_37.5741476322646690
2026-09-04T09:00:31.559343+09:00,광화문·덕수궁,광화문·덕수궁,POI009,KEY_2,1000008403,세종대로,1000178600,세종로 84-12,126.9773435970436708_37.5716353187199061,1000010301,주한네덜란드대사관,126.9773205016073234_37.5708618739457165,86.0,28.0,원활,126.9773205016073234_37.5708618739457165|126.9773435970436708_37.5716353187199061
2026-09-04T09:00:31.559343+09:00,광화문·덕수궁,광화문·덕수궁,POI009,KEY_2,1000008404,세종대로,1000031103,대한민국역사박물관,126.9772668410657133_37.5742389331108342,1000013701,미국대사관,126.9773127388234570_37.5727861811112405,161.0,9.0,정체,126.9773127388234570_37.5727861811112405|126.9772668410657133_37.5742389331108342
2026-09-04T09:00:31.559343+09:00,광화문·덕수궁,광화문·덕수궁,POI009,KEY_2,1000008405,세종대로,1000031102,대한민국역사박물관,126.9772570032702248_37.5744554912241924,1000031103,대한민국역사박물관,126.9772668410657133_37.5742389331108342,24.0,12.0,정체,126.9772668410657133_37.5742389331108342|126.9772570032702248_37.5744554912241924
2026-09-04T09:00:31.559343+09:00,광화문·덕수궁,광화문·덕수궁,POI009,KEY_2,1000008406,세종대로,1000013701,미국대사관,126.9773127388234570_37.5727861811112405,1000013702,미국대사관,126.9773159428094118_37.5726780742018107,12.0,5.0,정체,126.9773159428094118_37.5726780742018107|126.9773127388234570_37.5727861811112405
2026-09-04T09:00:31.559343+09:00,광화문·덕수궁,광화문·덕수궁,POI009,KEY_2,1000008501,삼봉로,1000013502,주한미국대사관,126.9786734195719902_37.5726343147372575,1000002504,종로구청앞교차로,126.9791894907537966_37.5725249183912950,48.0,11.0,정체,126.9791894907537966_37.5725249183912950|126.9790501230296087_37.5725288554711625|126.9789227998701477_37.5725532930203556|126.9786734195719902_37.5726343147372575
2026-09-04T09:00:31.559343+09:00,광화문·덕수궁,광화문·덕수궁,POI009,KEY_2,1000008502,종로1길,1000016104,정부합동민원실,126.9785818993651674_37.5743088383231623,1000013501,주한미국대사관,126.9786285350510866_37.5726918211835468,180.0,11.0,정체,126.9786285350510866_37.5726918211835468|126.9786270745331507_37.5728076925504126|126.9785818993651674_37.5743088383231623
2026-09-04T09:00:31.559343+09:00,광화문·덕수궁,광화문·덕수궁,POI009,KEY_2,1000008601,삼봉로,1000002503,종로구청앞교차로,126.9791846724866247_37.5724168674636516,1000013503,주한미국대사관,126.9786357598149351_37.5725297706543273,51.0,3.0,정체,126.9786357598149351_37.5725297706543273|126.9788809724591374_37.5724501026944324|126.9790316055260035_37.5724211913871144|126.9791846724866247_37.5724168674636516
2026-09-04T09:00:31.559343+09:00,광화문·덕수궁,광화문·덕수궁,POI009,KEY_2,1000008602,종로1길,1000013505,주한미국대사관,126.9784926276747825_37.5726966398339357,1000016105,정부합동민원실,126.9784455851017384_37.5743231998157583,181.0,6.0,정체,126.9784455851017384_37.5743231998157583|126.9784912513626978_37.5728058559814073|126.9784926276747825_37.5726966398339357
2026-09-04T09:00:31.559343+09:00,광화문·덕수궁,광화문·덕수궁,POI009,KEY_2,1000009102,우정국로,1000017300,안국동사거리,126.9828039229332575_37.5749851341707171,1000017904,안국동로터리,126.9829082928001753_37.5755454257557844,63.0,13.0,정체,126.9829082928001753_37.5755454257557844|126.9828499577781997_37.5754008805051001|126.9828163493672974_37.5752357359225755|126.9827996996409070_37.5750526973415191|126.9828039229332575_37.5749851341707171
2026-09-04T09:00:31.559343+09:00,광화문·덕수궁,광화문·덕수궁,POI009,KEY_2,1000009300,사직로8길,1000015301,스타트경제,126.9734883930231888_37.5741271926938722,1000015504,정부중앙청사별관,126.9744002652443839_37.5741577051489486,81.0,21.5,서행,126.9744002652443839_37.5741577051489486|126.9734883930231888_37.5741271926938722
2026-09-04T09:00:31.559343+09:00,광화문·덕수궁,광화문·덕수궁,POI009,KEY_2,1000009400,사직로8길,1000015503,정부중앙청사별관,126.9744112783023837_37.5740498591777197,1000015302,스타트경제,126.9734940995421653_37.5740191692129102,81.0,17.0,서행,126.9734940995421653_37.5740191692129102|126.9744112783023837_37.5740498591777197
2026-09-04T09:00:31.559343+09:00,광화문·덕수궁,광화문·덕수궁,POI009,KEY_2,1000009700,종로5길,1000016102,정부합동민원실,126.9786256776191635_37.5744598668717487,1000003004,서울지방국세청,126.9792726003818757_37.5744097123775163,57.0,21.0,서행,126.9792726003818757_37.5744097123775163|126.9786256776191635_37.5744598668717487
2026-09-04T09:00:31.559343+09:00,광화문·덕수궁,광화문·덕수궁,POI009,KEY_2,1000009800,종로5길,1000003003,서울지방국세청,126.9792594302951443_37.5743021024994945,1000016103,정부합동민원실,126.9786387287132357_37.5743502241267819,55.0,15.0,서행,126.9786387287132357_37.5743502241267819|126.9792594302951443_37.5743021024994945
2026-09-04T09:00:31.559343+09:00,광화문·덕수궁,광화문·덕수궁,POI009,KEY_2,1000009901,사직로8길,1000015501,정부중앙청사별관,126.9745359191347660_37.5741633893777163,1000015902,중앙지하차도(서측),126.9756117227963585_37.5742176029672024,95.0,15.0,서행,126.9756117227963585_37.5742176029672024|126.9745359191347660_37.5741633893777163
2026-09-04T09:00:31.559343+09:00,광화문·덕수궁,광화문·덕수궁,POI009,KEY_2,1000009902,사직로8길,1000015902,중앙지하차도(서측),126.9756117227963585_37.5742176029672024,1000030902,세종로공원,126.9763299470461675_37.5743620222710391,66.0,25.5,원활,126.9763299470461675_37.5743620222710391|126.9758706991731145_37.5743046632961182|126.9756117227963585_37.5742176029672024
2026-09-04T09:00:31.559343+09:00,광화문·덕수궁,광화문·덕수궁,POI009,KEY_2,1000009903,사직로8길,1000031102,대한민국역사박물관,126.9772570032702248_37.5744554912241924,1000016202,중앙지하차도(동측),126.9780305337901893_37.5744492911494277,69.0,4.0,정체,126.9780305337901893_37.5744492911494277|126.9777525987565241_37.5744864077288838|126.9772766588325226_37.5744570835161937|126.9772570032702248_37.5744554912241924
2026-09-04T09:00:31.559343+09:00,광화문·덕수궁,광화문·덕수궁,POI009,KEY_2,1000009904,사직로8길,1000016202,중앙지하차도(동측),126.9780305337901893_37.5744492911494277,1000016107,정부합동민원실,126.9784461006803866_37.5744659883513918,37.0,23.7,서행,126.9784461006803866_37.5744659883513918|126.9780305337901893_37.5744492911494277
2026-09-04T09:00:31.559343+09:00,광화문·덕수궁,광화문·덕수궁,POI009,KEY_2,1000010001,사직로8길,1000015901,중앙지하차도(서측),126.9756254491522043_37.5741101153048476,1000015502,정부중앙청사별관,126.9745471372090009_37.5740556283939924,95.0,9.0,정체,126.9745471372090009_37.5740556283939924|126.9756254491522043_37.5741101153048476
2026-09-04T09:00:31.559343+09:00,광화문·덕수궁,광화문·덕수궁,POI009,KEY_2,1000010002,사직로8길,1000030901,세종로공원,126.9763653836261312_37.5741476322646690,1000015901,중앙지하차도(서측),126.9756254491522043_37.5741101153048476,66.0,17.0,서행,126.9756254491522043_37.5741101153048476|126.9759083891116944_37.5740905296920999|126.9763653836261312_37.5741476322646690
2026-09-04T09:00:31.559343+09:00,광화문·덕수궁,광화문·덕수궁,POI009,KEY_2,1000010003,사직로8길,1000016201,중앙지하차도(동측),126.9780392001640763_37.5743414013185841,1000031103,대한민국역사박물관,126.9772668410657133_37.5742389331108342,70.0,17.0,서행,126.9772668410657133_37.5742389331108342|126.9773009030501640_37.5742416927750185|126.9777735667203871_37.5742708146941595|126.9780392001640763_37.5743414013185841
2026-09-04T09:00:31.559343+09:00,광화문·덕수궁,광화문·덕수궁,POI009,KEY_2,1000010004,사직로8길,1000016106,정부합동민원실,126.9784265292035883_37.5743569447684180,1000016201,중앙지하차도(동측),126.9780392001640763_37.5743414013185841,34.0,7.0,정체,126.9780392001640763_37.5743414013185841|126.9784265292035883_37.5743569447684180
2026-09-04T09:00:31.559343+09:00,광화문·덕수궁,광화문·덕수궁,POI009,KEY_2,1000010600,새문안로5길,1000019302,정부서울청사사거리,126.9743957431224146_37.5756988655088620,1000015501,정부중앙청사별관,126.9745359191347660_37.5741633893777163,171.0,10.0,정체,126.9745359191347660_37.5741633893777163|126.9745251838795923_37.5743178497332622|126.9743883747213147_37.5754949317932088|126.9743883466303203_37.5755769520238516|126.9743957431224146_37.5756988655088620
2026-09-04T09:00:31.559343+09:00,광화문·덕수궁,광화문·덕수궁,POI009,KEY_2,1000011101,종로1길,1000061700,세종로 23-3,126.9788627671283336_37.5751151643689312,1000018300,경복궁사거리,126.9791985772177298_37.5755559719213679,57.0,16.0,서행,126.9791985772177298_37.5755559719213679|126.9791278841071005_37.5754329070121216|126.9790835784237970_37.5753764590680319|126.9788627671283336_37.5751151643689312
2026-09-04T09:00:31.559343+09:00,광화문·덕수궁,광화문·덕수궁,POI009,KEY_2,1000011102,종로1길,1000018300,경복궁사거리,126.9791985772177298_37.5755559719213679,1000019703,경복궁사거리,126.9793107532419185_37.5757813746508091,27.0,16.0,서행,126.9793107532419185_37.5757813746508091|126.9791985772177298_37.5755559719213679
2026-09-04T09:00:31.559343+09:00,광화문·덕수궁,광화문·덕수궁,POI009,KEY_2,1000011201,종로1길,1000018200,경복궁,126.9792457576218681_37.5753789068622197,1000016101,정부합동민원실,126.9785925869651777_37.5744763969490307,116.0,12.0,정체,126.9785925869651777_37.5744763969490307|126.9786030542454114_37.5745264529886569|126.9786595083860163_37.5746487570202206|126.9787160834317490_37.5747406686916463|126.9788572860340707_37.5749149509381581|126.9789754866872897_37.5750548226999328|126.9791975771393453_37.5753176298490956|126.9792457576218681_37.5753789068622197
2026-09-04T09:00:31.559343+09:00,광화문·덕수궁,광화문·덕수궁,POI009,KEY_2,1000011202,종로1길,1000019702,경복궁사거리,126.9794701198467664_37.5758080047390521,1000018200,경복궁,126.9792457576218681_37.5753789068622197,52.0,7.0,정체,126.9792457576218681_37.5753789068622197|126.9793010192322811_37.5754682222458030|126.9794701198467664_37.5758080047390521
2026-09-04T09:00:31.559343+09:00,광화문·덕수궁,광화문·덕수궁,POI009,KEY_2,1000011501,율곡로,1000019401,경복궁,126.9801381644492011_37.5758813627365100,1000019702,경복궁사거리,126.9794701198467664_37.5758080047390521,60.0,23.0,서행,126.9794701198467664_37.5758080047390521|126.9797343426333214_37.5758559422202438|126.9799729505737531_37.5758791430045278|126.9801381644492011_37.5758813627365100
2026-09-04T09:00:31.559343+09:00,광화문·덕수궁,광화문·덕수궁,POI009,KEY_2,1000011502,율곡로,1000019203,주한멕시코대사관,126.9811804454430160_37.5757381628755169,1000019401,경복궁,126.9801381644492011_37.5758813627365100,94.0,26.0,원활,126.9801381644492011_37.5758813627365100|126.9801458468412108_37.5758814661415386|126.9803274747907409_37.5758700232846223|126.9811804454430160_37.5757381628755169
2026-09-04T09:00:31.559343+09:00,광화문·덕수궁,광화문·덕수궁,POI009,KEY_2,1000011503,율곡로,1000018100,안국동사거리,126.9820370732549009_37.5756052331219763,1000019202,주한멕시코대사관,126.9813332527749594_37.5757145141333595,63.0,13.0,정체,126.9813332527749594_37.5757145141333595|126.9820370732549009_37.5756052331219763
2026-09-04T09:00:31.559343+09:00,광화문·덕수궁,광화문·덕수궁,POI009,KEY_2,1000011504,율곡로,1000017904,안국동로터리,126.9829082928001753_37.5755454257557844,1000018100,안국동사거리,126.9820370732549009_37.5756052331219763,78.0,13.0,정체,126.9820370732549009_37.5756052331219763|126.9821849025842226_37.5755822792614822|126.9823949596761850_37.5755556593554090|126.9825949987016998_37.5755409919947070|126.9827732334880466_37.5755410181384661|126.9829082928001753_37.5755454257557844
2026-09-04T09:00:31.559343+09:00,광화문·덕수궁,광화문·덕수궁,POI009,KEY_2,1000011601,율곡로,1000019701,경복궁사거리,126.9795067975766756_37.5759255521593971,1000020300,경복궁,126.9801205068413168_37.5759892604625989,55.0,12.0,정체,126.9801205068413168_37.5759892604625989|126.9799635415281358_37.5759871517272330|126.9797109494754608_37.5759625907229378|126.9795067975766756_37.5759255521593971
2026-09-04T09:00:31.559343+09:00,광화문·덕수궁,광화문·덕수궁,POI009,KEY_2,1000011603,율곡로,1000020300,경복궁,126.9801205068413168_37.5759892604625989,1000017905,안국동로터리,126.9829348569925571_37.5756562270635044,252.0,17.0,서행,126.9829348569925571_37.5756562270635044|126.9829125468357773_37.5756537744281829|126.9827704373494015_37.5756491370767236|126.9826012303179823_37.5756491122595975|126.9824118889619911_37.5756629946566250|126.9822085957164859_37.5756887578650449|126.9820630846885052_37.5757113517092307|126.9813592631155075_37.5758206328940290|126.9812063475179400_37.5758442987123971|126.9803458434132892_37.5759773239770425|126.9801500700749699_37.5759896573698668|126.9801205068413168_37.5759892604625989
2026-09-04T09:00:31.559343+09:00,광화문·덕수궁,광화문·덕수궁,POI009,KEY_2,1000011700,사직로,1000019303,정부서울청사사거리,126.9742603998069796_37.5757097304571062,1000019802,경복궁역사거리,126.9727094012703503_37.5758424186585529,138.0,8.5,정체,126.9727094012703503_37.5758424186585529|126.9729390930378230_37.5758227698022793|126.9733793101036952_37.5757851103966303|126.9742603998069796_37.5757097304571062
2026-09-04T09:00:31.559343+09:00,광화문·덕수궁,광화문·덕수궁,POI009,KEY_2,1000011800,사직로,1000242400,적선동 8-1,126.9733938280741512_37.5758926104395314,1000019304,정부서울청사사거리,126.9742589191568953_37.5758185992423250,77.0,20.5,서행,126.9742589191568953_37.5758185992423250|126.9733938280741512_37.5758926104395314
2026-09-04T09:00:31.559343+09:00,광화문·덕수궁,광화문·덕수궁,POI009,KEY_2,1000012001,사직로,1000018500,광화문,126.9756248255992830_37.5755943672526271,1000019302,정부서울청사사거리,126.9743957431224146_37.5756988655088620,109.0,12.0,정체,126.9743957431224146_37.5756988655088620|126.9754810818243271_37.5756177185546321|126.9756248255992830_37.5755943672526271
2026-09-04T09:00:31.559343+09:00,광화문·덕수궁,광화문·덕수궁,POI009,KEY_2,1000012101,사직로,1000003601,광화문삼거리,126.9772026040190127_37.5752961563211159,1000020200,경복궁,126.9786283706113750_37.5757946408291801,142.0,13.0,정체,126.9786283706113750_37.5757946408291801|126.9780494814518477_37.5757270176835334|126.9778051553330869_37.5756687993840117|126.9775841152535918_37.5755595455980540|126.9773389726312587_37.5753713360195221|126.9772665949307680_37.5753228898854132|126.9772026040190127_37.5752961563211159
2026-09-04T09:00:31.559343+09:00,광화문·덕수궁,광화문·덕수궁,POI009,KEY_2,1000012102,사직로,1000020200,경복궁,126.9786283706113750_37.5757946408291801,1000019704,경복궁사거리,126.9793621536958312_37.5759001150550986,66.0,13.0,정체,126.9793621536958312_37.5759001150550986|126.9791440605087161_37.5758645700478056|126.9786283706113750_37.5757946408291801
2026-09-04T09:00:31.559343+09:00,광화문·덕수궁,광화문·덕수궁,POI009,KEY_2,1000012201,사직로,1000018900,광화문,126.9779451863085598_37.5756050720602488,1000003602,광화문삼거리,126.9772110255811555_37.5752034687002023,79.0,16.0,서행,126.9772110255811555_37.5752034687002023|126.9772928511832646_37.5752335458452649|126.9773935570080141_37.5752794922773816|126.9776603729761888_37.5754731005354259|126.9778509223909992_37.5755747642951761|126.9779451863085598_37.5756050720602488
2026-09-04T09:00:31.559343+09:00,광화문·덕수궁,광화문·덕수궁,POI009,KEY_2,1000012202,사직로,1000019100,경복궁,126.9786480964121154_37.5756876675167888,1000018900,광화문,126.9779451863085598_37.5756050720602488,63.0,9.0,정체,126.9779451863085598_37.5756050720602488|126.9786480964121154_37.5756876675167888
2026-09-04T09:00:31.559343+09:00,광화문·덕수궁,광화문·덕수궁,POI009,KEY_2,1000012203,사직로,1000019703,경복궁사거리,126.9793107532419185_37.5757813746508091,1000019100,경복궁,126.9786480964121154_37.5756876675167888,59.0,12.0,정체,126.9786480964121154_37.5756876675167888|126.9791690991976765_37.5757582877498706|126.9793107532419185_37.5757813746508091
2026-09-04T09:00:31.559343+09:00,광화문·덕수궁,광화문·덕수궁,POI009,KEY_2,1000012800,율곡로,1000099700,관훈동 113,126.9843012547585914_37.5759322813818102,1000017902,안국동로터리,126.9831650747284471_37.5755740090362238,108.0,18.0,서행,126.9831650747284471_37.5755740090362238|126.9832157778299404_37.5755801309922148|126.9834207454955077_37.5756172367829961|126.9836820397707413_37.5756980185194678|126.9842468281761967_37.5759072448986657|126.9843012547585914_37.5759322813818102
2026-09-04T09:00:31.559343+09:00,광화문·덕수궁,광화문·덕수궁,POI009,KEY_2,1000013802,율곡로3길,1000187200,안국동 177-3,126.9825779024490799_37.5773003698629964,1000017901,안국동로터리,126.9830699625115358_37.5756718813989750,188.0,10.0,정체,126.9830699625115358_37.5756718813989750|126.9830564549576764_37.5759140717657090|126.9830330914684993_37.5760255151221827|126.9826494722971120_37.5768341676311906|126.9826150056688476_37.5769949197743074|126.9825779024490799_37.5773003698629964
2026-09-04T09:00:31.559343+09:00,광화문·덕수궁,광화문·덕수궁,POI009,KEY_2,1000014301,삼청로,1000019704,경복궁사거리,126.9793621536958312_37.5759001150550986,1000020600,대한출판문화협회,126.9794687888132074_37.5765544121067592,73.0,13.0,정체,126.9794687888132074_37.5765544121067592|126.9794674172659654_37.5764824989996455|126.9794172673057773_37.5761249117022231|126.9793621536958312_37.5759001150550986
2026-09-04T09:00:31.559343+09:00,광화문·덕수궁,광화문·덕수궁,POI009,KEY_2,1000014302,삼청로,1000020600,대한출판문화협회,126.9794687888132074_37.5765544121067592,1000022703,국군서울지구병원,126.9798562503477797_37.5800221917764006,388.0,13.0,정체,126.9798562503477797_37.5800221917764006|126.9796182985417516_37.5793264763807215|126.9795665449151443_37.5791397220131316|126.9795478931843604_37.5790381290051698|126.9795326834604623_37.5788730174103378|126.9794969047037227_37.5780275498626395|126.9794687888132074_37.5765544121067592
2026-09-04T09:00:31.559343+09:00,광화문·덕수궁,광화문·덕수궁,POI009,KEY_2,1000014401,삼청로,1000021000,대한출판문화협회,126.9796046197648423_37.5765527706146756,1000019701,경복궁사거리,126.9795067975766756_37.5759255521593971,70.0,22.3,서행,126.9795067975766756_37.5759255521593971|126.9795516592807161_37.5761085342554608|126.9796031487506696_37.5764756650611034|126.9796046197648423_37.5765527706146756
2026-09-04T09:00:31.559343+09:00,광화문·덕수궁,광화문·덕수궁,POI009,KEY_2,1000014402,삼청로,1000022702,국군서울지구병원,126.9799873332334244_37.5799937943622950,1000021000,대한출판문화협회,126.9796046197648423_37.5765527706146756,385.0,27.0,원활,126.9796046197648423_37.5765527706146756|126.9796327193578946_37.5780249082326065|126.9796683669145381_37.5788672429607900|126.9796830227134734_37.5790263448128528|126.9797002616005130_37.5791202376619609|126.9797502489418548_37.5793006189381842|126.9799873332334244_37.5799937943622950
2026-09-04T09:00:31.559343+09:00,광화문·덕수궁,광화문·덕수궁,POI009,KEY_2,1000015201,효자로,1000022102,한글전각갤러리,126.9739017858953645_37.5793498869892204,1000019301,정부서울청사사거리,126.9743957935852450_37.5758074664167268,396.0,26.0,원활,126.9743957935852450_37.5758074664167268|126.9743764184428017_37.5760755345660726|126.9743092662572082_37.5764778948295017|126.9741719066146146_37.5773009081164844|126.9741268698984413_37.5775378120208856|126.9740611119599407_37.5778837117652031|126.9740177174622744_37.5782830491677231|126.9739017858953645_37.5793498869892204
2026-09-04T09:00:31.559343+09:00,광화문·덕수궁,광화문·덕수궁,POI009,KEY_2,1000023500,종로,1000007002,동아일보사,126.9783460265061024_37.5693222473721278,1000008803,광화문우체국,126.9784351192109852_37.5701413844145975,91.0,10.0,정체,126.9784351192109852_37.5701413844145975|126.9783460265061024_37.5693222473721278
2026-09-04T09:00:31.559343+09:00,광화문·덕수궁,광화문·덕수궁,POI009,KEY_2,1000023800,세종대로,1000007300,세종로1-80,126.9769534872362158_37.5695820797097966,1000007600,주한요르단명예영사관,126.9762019638013300_37.5701150604124336,93.0,12.0,정체,126.9762019638013300_37.5701150604124336|126.9765157204813590_37.5700245083348179|126.9765948042672790_37.5699744620325760|126.9767188239706144_37.5698815155413541|126.9768230812362049_37.5697756907165257|126.9769442873751473_37.5696462098692763|126.9769534872362158_37.5695820797097966
2026-09-04T09:00:31.559343+09:00,광화문·덕수궁,광화문·덕수궁,POI009,KEY_2,1000023900,종로,1000008000,동아일보사,126.9777588281918099_37.5701340596360964,1000007400,청계천광장,126.9770893091757529_37.5695834801641908,91.0,11.0,정체,126.9770893091757529_37.5695834801641908|126.9770963075021939_37.5696479702720865|126.9772094321437663_37.5697743360528662|126.9773459521211265_37.5699388507560457|126.9774735034476549_37.5700533015790512|126.9775723207871607_37.5701062430602590|126.9777588281918099_37.5701340596360964
2026-09-04T09:00:31.559343+09:00,광화문·덕수궁,광화문·덕수궁,POI009,KEY_2,1000025901,종로5길,1000008909,GS건설본사,126.9806366436472871_37.5713225324397655,1000013005,신라스테이(광화문),126.9801024195699028_37.5723985668960268,128.0,15.0,서행,126.9801024195699028_37.5723985668960268|126.9801274853195991_37.5723618756308824|126.9801882517644884_37.5722503255379436|126.9804583466781196_37.5717160525297444|126.9804740373480314_37.5716814217555211|126.9806366436472871_37.5713225324397655
2026-09-04T09:00:31.559343+09:00,광화문·덕수궁,광화문·덕수궁,POI009,KEY_2,1000026600,세종대로23길,1000103800,당주동 5-2,126.9738882499421777_37.5716930130245785,1000012005,당주동 50,126.9747605984092615_37.5716854222088443,77.0,13.0,정체,126.9747605984092615_37.5716854222088443|126.9741381445169708_37.5716908392042441|126.9738882499421777_37.5716930130245785
2026-09-04T09:00:31.559343+09:00,광화문·덕수궁,광화문·덕수궁,POI009,KEY_2,1000029000,삼봉로,1000013504,주한미국대사관,126.9784467211068915_37.5726032215874994,1000013702,미국대사관,126.9773159428094118_37.5726780742018107,102.0,6.0,정체,126.9773159428094118_37.5726780742018107|126.9782512339889990_37.5726820504358230|126.9783129244980984_37.5726656952107234|126.9784467211068915_37.5726032215874994
2026-09-04T09:00:31.559343+09:00,광화문·덕수궁,광화문·덕수궁,POI009,KEY_2,1000029100,삼봉로,1000013701,미국대사관,126.9773127388234570_37.5727861811112405,1000013506,주한미국대사관,126.9785034818852267_37.5727020694592397,108.0,8.0,정체,126.9785034818852267_37.5727020694592397|126.9783693699185818_37.5727646906777721|126.9782729085429054_37.5727902630233856|126.9773127388234570_37.5727861811112405
2026-09-04T09:00:31.559343+09:00,광화문·덕수궁,광화문·덕수궁,POI009,KEY_2,1000030300,종로5길,1000013007,신라스테이(광화문),126.9800318327919655_37.5725027624303252,1000003003,서울지방국세청,126.9792594302951443_37.5743021024994945,212.0,17.0,서행,126.9792594302951443_37.5743021024994945|126.9792759294909956_37.5741870574901426|126.9797264864295556_37.5733456984577785|126.9799216853167252_37.5728080378637372|126.9800098025583424_37.5725355279602269|126.9800318327919655_37.5725027624303252
2026-09-04T09:00:31.559343+09:00,광화문·덕수궁,광화문·덕수궁,POI009,KEY_2,1000030400,종로5길,1000003002,서울지방국세청,126.9793945615540594_37.5743132109144398,1000013001,신라스테이(광화문),126.9801555512632518_37.5725479005761187,208.0,17.5,서행,126.9801555512632518_37.5725479005761187|126.9801372815345815_37.5725750734258099|126.9800527402421295_37.5728365252146901|126.9798546919840163_37.5733820359051833|126.9794086508121325_37.5742149647006229|126.9793945615540594_37.5743132109144398
2026-09-04T09:00:31.559343+09:00,광화문·덕수궁,광화문·덕수궁,POI009,KEY_2,1000031700,인사동길,1000200000,관훈동 177-1,126.9846248795644641_37.5741354335962896,1000017903,안국동로터리,126.9830393503038977_37.5755166265144283,209.0,23.0,서행,126.9830393503038977_37.5755166265144283|126.9832578502403493_37.5753718765763765|126.9833833057397072_37.5752802649537472|126.9833874257963799_37.5752759258947009|126.9838138538233210_37.5748268274858290|126.9839983126868219_37.5746325599944413|126.9840028137515446_37.5746278195686330|126.9841931260739045_37.5744516475788828|126.9843256891268339_37.5743491032214507|126.9843944674535408_37.5742999847176264|126.9846248795644641_37.5741354335962896
2026-09-04T09:00:31.559343+09:00,광화문·덕수궁,광화문·덕수궁,POI009,KEY_2,1000032100,사직로8길,1000016201,중앙지하차도(동측),126.9780392001640763_37.5743414013185841,1000015901,중앙지하차도(서측),126.9756254491522043_37.5741101153048476,215.0,6.0,정체,126.9756254491522043_37.5741101153048476|126.9761957492264486_37.5741735473063159|126.9766215660821871_37.5742181343338189|126.9771926297512294_37.5742872595378330|126.9772948428578871_37.5742955404616978|126.9780392001640763_37.5743414013185841
2026-09-04T09:00:31.559343+09:00,광화문·덕수궁,광화문·덕수궁,POI009,KEY_2,1000032200,사직로8길,1000015902,중앙지하차도(서측),126.9756117227963585_37.5742176029672024,1000016202,중앙지하차도(동측),126.9780305337901893_37.5744492911494277,215.0,26.0,원활,126.9780305337901893_37.5744492911494277|126.9772827190510327_37.5744032358319444|126.9771755284284893_37.5743945520917961|126.9766024909210955_37.5743251885524288|126.9761774658537661_37.5742806845081674|126.9756117227963585_37.5742176029672024
2026-09-04T09:00:31.559343+09:00,광화문·덕수궁,광화문·덕수궁,POI009,KEY_2,1000032700,율곡로2길,1000064500,수송동 85,126.9808437743933212_37.5753197426095085,1000003002,서울지방국세청,126.9793945615540594_37.5743132109144398,170.0,16.0,서행,126.9793945615540594_37.5743132109144398|126.9794413053962359_37.5743246674037579|126.9795218589004548_37.5743613221576922|126.9800684692065005_37.5747696032537419|126.9808437743933212_37.5753197426095085
2026-09-04T09:00:31.559343+09:00,광화문·덕수궁,광화문·덕수궁,POI009,KEY_2,1000032800,율곡로2길,1000003001,서울지방국세청,126.9793545831470993_37.5744165416395930,1000019203,주한멕시코대사관,126.9811804454430160_37.5757381628755169,219.0,11.0,정체,126.9811804454430160_37.5757381628755169|126.9810303591040253_37.5755969856150003|126.9807533749140589_37.5754004466844975|126.9799767752529789_37.5748493879335896|126.9794405580789487_37.5744488693975143|126.9793869466254961_37.5744244737253723|126.9793545831470993_37.5744165416395930
2026-09-04T09:00:31.559343+09:00,광화문·덕수궁,광화문·덕수궁,POI009,KEY_2,1000033500,사직로8길,1000016700,광화문,126.9763532157447088_37.5747826865806687,1000018500,광화문,126.9756248255992830_37.5755943672526271,120.0,15.0,서행,126.9756248255992830_37.5755943672526271|126.9757224088591272_37.5755618208710729|126.9758504305735158_37.5754900338429323|126.9760508643001629_37.5753564685578638|126.9761754799532412_37.5752709023523934|126.9762520914758284_37.5751999395367235|126.9763079793872578_37.5751369053768087|126.9763381579947321_37.5750888967285448|126.9763591702643026_37.5749970467265655|126.9763532157447088_37.5747826865806687
2026-09-04T09:00:31.559343+09:00,광화문·덕수궁,광화문·덕수궁,POI009,KEY_2,1000033900,우정국로,1000017300,안국동사거리,126.9828039229332575_37.5749851341707171,1000018100,안국동사거리,126.9820370732549009_37.5756052331219763,102.0,15.0,서행,126.9820370732549009_37.5756052331219763|126.9822935365986751_37.5755095925525495|126.9827428871539610_37.5751967734075052|126.9827905797247212_37.5750539177611387|126.9828039229332575_37.5749851341707171
2026-09-04T09:00:31.559343+09:00,광화문·덕수궁,광화문·덕수궁,POI009,KEY_2,1000034600,종로1길,1000018300,경복궁사거리,126.9791985772177298_37.5755559719213679,1000019100,경복궁,126.9786480964121154_37.5756876675167888,52.0,20.0,서행,126.9786480964121154_37.5756876675167888|126.9788862592677674_37.5756563323175570|126.9790599923662171_37.5756153599018674|126.9791438638352332_37.5755915362356276|126.9791953891944161_37.5755648461559062|126.9791985772177298_37.5755559719213679
2026-09-04T09:00:31.559343+09:00,광화문·덕수궁,광화문·덕수궁,POI009,KEY_2,1000034900,율곡로,1000019401,경복궁,126.9801381644492011_37.5758813627365100,1000018200,경복궁,126.9792457576218681_37.5753789068622197,101.0,17.0,서행,126.9792457576218681_37.5753789068622197|126.9793355830232144_37.5754952608411301|126.9794316395642397_37.5755988334256017|126.9795071017629624_37.5756589212616419|126.9796274882100420_37.5757347490756146|126.9797877149027556_37.5758145479697703|126.9801381644492011_37.5758813627365100
2026-09-04T09:00:31.559343+09:00,광화문·덕수궁,광화문·덕수궁,POI009,KEY_2,1000035200,사직로,1000020200,경복궁,126.9786283706113750_37.5757946408291801,1000020600,대한출판문화협회,126.9794687888132074_37.5765544121067592,118.0,13.0,정체,126.9794687888132074_37.5765544121067592|126.9794368084534142_37.5764098329770562|126.9791960602808700_37.5761637733622180|126.9789750836954596_37.5759177176703147|126.9788694300669647_37.5758537146814078|126.9786283706113750_37.5757946408291801
2026-09-04T09:00:31.559343+09:00,광화문·덕수궁,광화문·덕수궁,POI009,KEY_2,1000035300,삼청로,1000021000,대한출판문화협회,126.9796046197648423_37.5765527706146756,1000020300,경복궁,126.9801205068413168_37.5759892604625989,93.0,20.0,서행,126.9801205068413168_37.5759892604625989|126.9797298312382878_37.5760780464987292|126.9796597331679635_37.5761137931100748|126.9796040049640879_37.5761795786155588|126.9796046197648423_37.5765527706146756
2026-09-04T09:00:31.559343+09:00,광화문·덕수궁,광화문·덕수궁,POI009,KEY_2,1000046300,새문안로2길,1000031901,LG생활건강본사,126.9726562477517007_37.5694752037596373,1010034407,덕수초교앞,126.9742405418020041_37.5694753085403192,140.0,15.0,서행,126.9742405418020041_37.5694753085403192|126.9737001184918910_37.5694668895599477|126.9732258257600250_37.5694752072557421|126.9732250058664107_37.5694752072526938|126.9726562477517007_37.5694752037596373
2026-09-04T09:00:31.559343+09:00,광화문·덕수궁,광화문·덕수궁,POI009,KEY_2,1000046400,새문안로2길,1010034406,덕수초교앞,126.9742124026112293_37.5693667298241039,1000031902,LG생활건강본사,126.9726548639586667_37.5693670843502048,138.0,24.0,서행,126.9726548639586667_37.5693670843502048|126.9732243295454310_37.5693670883595701|126.9736984915906817_37.5693587722487976|126.9736999516345151_37.5693587466388053|126.9742124026112293_37.5693667298241039
2026-09-04T09:00:31.559343+09:00,광화문·덕수궁,광화문·덕수궁,POI009,KEY_2,1000046500,종로3길,1000008602,KT광화문빌딩East,126.9793723999539878_37.5713097781531999,1000008909,GS건설본사,126.9806366436472871_37.5713225324397655,112.0,19.0,서행,126.9806366436472871_37.5713225324397655|126.9793723999539878_37.5713097781531999
2026-09-04T09:00:31.559343+09:00,광화문·덕수궁,광화문·덕수궁,POI009,KEY_2,1000046600,종로3길,1000008908,GS건설본사,126.9806854115378769_37.5712148957716821,1000008603,KT광화문빌딩East,126.9793750304311573_37.5712016763059680,116.0,10.0,정체,126.9793750304311573_37.5712016763059680|126.9806854115378769_37.5712148957716821
2026-09-04T09:00:31.559343+09:00,광화문·덕수궁,광화문·덕수궁,POI009,KEY_2,1000046900,새문안로5길,1000012006,국토매일신문,126.9746696177836469_37.5730735623354022,1000032002,세종문화회관,126.9758250290710748_37.5731209316015295,105.0,12.0,정체,126.9758250290710748_37.5731209316015295|126.9757824820902385_37.5730812205397768|126.9757224844348826_37.5730583643911942|126.9746696177836469_37.5730735623354022
2026-09-04T09:00:31.559343+09:00,광화문·덕수궁,광화문·덕수궁,POI009,KEY_2,1010005904,세종대로,1010017809,소공동주민센터,126.9763214748840596_37.5626583872939435,1010021603,시청앞광장,126.9768324946201261_37.5639716881909536,153.0,19.0,서행,126.9768324946201261_37.5639716881909536|126.9764915927669620_37.5630734109549138|126.9763214748840596_37.5626583872939435
2026-09-04T09:00:31.559343+09:00,광화문·덕수궁,광화문·덕수궁,POI009,KEY_2,1010006002,세종대로,1010021602,시청앞광장,126.9769689889781006_37.5639574810137518,1010015700,숭례문,126.9758216757282128_37.5609807560682611,346.0,16.3,서행,126.9758216757282128_37.5609807560682611|126.9761127772680140_37.5617942588954108|126.9761509252078469_37.5618937585952821|126.9764084629013752_37.5625220596037011|126.9764505959815182_37.5626248484352132|126.9766211792211692_37.5630410044178191|126.9769689889781006_37.5639574810137518
2026-09-04T09:00:31.559343+09:00,광화문·덕수궁,광화문·덕수궁,POI009,KEY_2,1010007305,서소문로,1010060500,서소문동 42-3,126.9748814331857290_37.5634753132613639,1010021604,시청앞광장,126.9768728564433928_37.5640783561644085,191.0,19.0,서행,126.9768728564433928_37.5640783561644085|126.9766787939362445_37.5640859652900971|126.9765523317762188_37.5640754535460886|126.9763400428201123_37.5640251139761148|126.9749917778751325_37.5635158830683409|126.9748814331857290_37.5634753132613639
2026-09-04T09:00:31.559343+09:00,광화문·덕수궁,광화문·덕수궁,POI009,KEY_2,1010007405,서소문로,1010021603,시청앞광장,126.9768324946201261_37.5639716881909536,1010020202,중앙일보사,126.9742502538365869_37.5631241528421853,249.0,14.0,정체,126.9742502538365869_37.5631241528421853|126.9749383845103381_37.5633771573157134|126.9750493665217306_37.5634179614493959|126.9763888286545210_37.5639238670732283|126.9765790012718583_37.5639689628774178|126.9766825277856697_37.5639775680622137|126.9768324946201261_37.5639716881909536
2026-09-04T09:00:31.559343+09:00,광화문·덕수궁,광화문·덕수궁,POI009,KEY_2,1010007500,소공로,1010017903,한국은행앞교차로,126.9811556456876929_37.5619216279188848,1010021703,소공로지하상가,126.9793735854893129_37.5639048297059688,271.0,5.0,정체,126.9793735854893129_37.5639048297059688|126.9799260872659801_37.5633234478845921|126.9804607657373765_37.5627352047527836|126.9809958432867205_37.5621465108158432|126.9811556456876929_37.5619216279188848
2026-09-04T09:00:31.559343+09:00,광화문·덕수궁,광화문·덕수궁,POI009,KEY_2,1010008401,세종대로18길,1010021203,우성빌딩,126.9777193951018148_37.5638099385310227,1010021602,시청앞광장,126.9769689889781006_37.5639574810137518,68.0,9.0,정체,126.9769689889781006_37.5639574810137518|126.9777193951018148_37.5638099385310227
2026-09-04T09:00:31.559343+09:00,광화문·덕수궁,광화문·덕수궁,POI009,KEY_2,1010008402,세종대로18길,1010073800,소공동 87-15,126.9784945856248157_37.5638009334543241,1010021202,우성빌딩,126.9778443694909242_37.5637825313256783,58.0,9.0,정체,126.9778443694909242_37.5637825313256783|126.9779245419285019_37.5637634021338656|126.9780550037610567_37.5637507097928918|126.9781651142375978_37.5637590779395225|126.9784945856248157_37.5638009334543241
2026-09-04T09:00:31.559343+09:00,광화문·덕수궁,광화문·덕수궁,POI009,KEY_2,1010009100,남대문로7길,1010021108,호텔이비스명동,126.9820519451972700_37.5636664770067483,1010021702,소공로지하상가,126.9795475428450970_37.5639009918525275,227.0,11.0,정체,126.9795475428450970_37.5639009918525275|126.9796803370022360_37.5638948862261515|126.9806310216740002_37.5639896452279629|126.9820519451972700_37.5636664770067483
2026-09-04T09:00:31.559343+09:00,광화문·덕수궁,광화문·덕수궁,POI009,KEY_2,1010009200,남대문로7길,1010021701,소공로지하상가,126.9794402894512473_37.5640142229526717,1010021109,호텔이비스명동,126.9820873216543333_37.5637708767384169,240.0,18.5,서행,126.9820873216543333_37.5637708767384169|126.9806416666700954_37.5640996703370931|126.9796757766825266_37.5640033960331934|126.9794402894512473_37.5640142229526717
2026-09-04T09:00:31.559343+09:00,광화문·덕수궁,광화문·덕수궁,POI009,KEY_2,1010009501,소공로,1010021704,소공로지하상가,126.9792789797845671_37.5640057968385435,1010023303,조선호텔,126.9788152991022230_37.5645029149171776,69.0,6.0,정체,126.9788152991022230_37.5645029149171776|126.9792789797845671_37.5640057968385435
2026-09-04T09:00:31.559343+09:00,광화문·덕수궁,광화문·덕수궁,POI009,KEY_2,1010009502,소공로,1010023304,조선호텔,126.9787312154575005_37.5645930511843886,1010024703,시청앞광장,126.9784672029423973_37.5649273269454653,44.0,4.0,정체,126.9784672029423973_37.5649273269454653|126.9785328581880179_37.5648259321764542|126.9786099909753290_37.5647229929441977|126.9787312154575005_37.5645930511843886
2026-09-04T09:00:31.559343+09:00,광화문·덕수궁,광화문·덕수궁,POI009,KEY_2,1010009601,소공로,1010023302,조선호텔,126.9789243502561220_37.5645673683433330,1010021701,소공로지하상가,126.9794402894512473_37.5640142229526717,76.0,18.0,서행,126.9794402894512473_37.5640142229526717|126.9789243502561220_37.5645673683433330
2026-09-04T09:00:31.559343+09:00,광화문·덕수궁,광화문·덕수궁,POI009,KEY_2,1010009602,소공로,1010024701,속성변화점,126.9786056986612977_37.5650244624703831,1010023301,조선호텔,126.9788402605382771_37.5646575116433681,47.0,18.0,서행,126.9788402605382771_37.5646575116433681|126.9787231273203787_37.5647830692895752|126.9786516629586544_37.5648784430538711|126.9786287557715099_37.5649138199071757|126.9786056986612977_37.5650244624703831
2026-09-04T09:00:31.559343+09:00,광화문·덕수궁,광화문·덕수궁,POI009,KEY_2,1010009902,세종대로,1010021604,시청앞광장,126.9768728564433928_37.5640783561644085,1010024204,시청앞교차로,126.9770880989032236_37.5648197786229900,85.0,20.0,서행,126.9770880989032236_37.5648197786229900|126.9770591791834136_37.5646629693451288|126.9770001947957212_37.5644354373990907|126.9769219936512883_37.5642088549141349|126.9768728564433928_37.5640783561644085
2026-09-04T09:00:31.559343+09:00,광화문·덕수궁,광화문·덕수궁,POI009,KEY_2,1010010000,세종대로,1010024203,시청앞교차로,126.9772135411598413_37.5647555843739269,1010021601,시청앞광장,126.9770081698073909_37.5640611462049279,79.0,13.5,정체,126.9770081698073909_37.5640611462049279|126.9770525488461743_37.5641790078298783|126.9771323290460572_37.5644101639924273|126.9771929938028450_37.5646441761629077|126.9772135411598413_37.5647555843739269
2026-09-04T09:00:31.559343+09:00,광화문·덕수궁,광화문·덕수궁,POI009,KEY_2,1010011000,덕수궁길,1010003702,국립현대미술관(덕수궁),126.9734800713954428_37.5653099277390794,1010024205,시청앞교차로,126.9771111379704962_37.5649683842586413,350.0,19.3,서행,126.9771111379704962_37.5649683842586413|126.9769955437966189_37.5648997036250520|126.9769191129801698_37.5648841239987448|126.9762643259252286_37.5649661911538288|126.9761744747147532_37.5649770829893868|126.9759779520215517_37.5650009053778362|126.9758689949813260_37.5650050124235619|126.9752013280298399_37.5649548066137768|126.9751376722967393_37.5649475156969572|126.9743014077374426_37.5648517294047579|126.9740978380537513_37.5648406360021241|126.9740518977143893_37.5648432379020889|126.9740231183313881_37.5648571744892976|126.9736843653272729_37.5652451675209207|126.9735504744861458_37.5653043393530339|126.9734800713954428_37.5653099277390794
2026-09-04T09:00:31.559343+09:00,광화문·덕수궁,광화문·덕수궁,POI009,KEY_2,1010011100,소공로,1010024703,시청앞광장,126.9784672029423973_37.5649273269454653,1010024202,시청앞교차로,126.9772712943529740_37.5649019993645936,106.0,6.0,정체,126.9772712943529740_37.5649019993645936|126.9774098801302102_37.5649281244663342|126.9776269810423628_37.5649428736685351|126.9783249021099323_37.5649392241840445|126.9784672029423973_37.5649273269454653
2026-09-04T09:00:31.559343+09:00,광화문·덕수궁,광화문·덕수궁,POI009,KEY_2,1010011200,소공로,1010024201,시청앞교차로,126.9772516593585294_37.5650094083765893,1010024704,시청앞광장,126.9784659259494219_37.5650361481380060,108.0,17.0,서행,126.9784659259494219_37.5650361481380060|126.9783324600417700_37.5650473063687187|126.9776216401868254_37.5650510228301613|126.9773883375840597_37.5650351731031407|126.9772516593585294_37.5650094083765893
2026-09-04T09:00:31.559343+09:00,광화문·덕수궁,광화문·덕수궁,POI009,KEY_2,1010012500,을지로,1010024704,시청앞광장,126.9784659259494219_37.5650361481380060,1010004003,시청앞교차로,126.9789708087737665_37.5659839969886207,114.0,14.0,정체,126.9789708087737665_37.5659839969886207|126.9788675333299039_37.5658318303835728|126.9786502993091943_37.5654208830312371|126.9784659259494219_37.5650361481380060
2026-09-04T09:00:31.559343+09:00,광화문·덕수궁,광화문·덕수궁,POI009,KEY_2,1010012600,을지로,1010004002,시청앞교차로,126.9790903112125449_37.5659326054826721,1010024701,속성변화점,126.9786056986612977_37.5650244624703831,110.0,18.5,서행,126.9786056986612977_37.5650244624703831|126.9787763856751894_37.5653806366447611|126.9789901698400030_37.5657850581407118|126.9790903112125449_37.5659326054826721
2026-09-04T09:00:31.559343+09:00,광화문·덕수궁,광화문·덕수궁,POI009,KEY_2,1010013800,세종대로,1010004902,강원도민일보(서울본부),126.9771979915670101_37.5670009920858590,1010024201,시청앞교차로,126.9772516593585294_37.5650094083765893,221.0,22.0,서행,126.9772516593585294_37.5650094083765893|126.9772632229602749_37.5651213527824481|126.9772704963173453_37.5652669803863901|126.9772680209366058_37.5654083777349115|126.9772559424266944_37.5656434912380419|126.9771979915670101_37.5670009920858590
2026-09-04T09:00:31.559343+09:00,광화문·덕수궁,광화문·덕수궁,POI009,KEY_2,1010013901,을지로,1010004001,시청앞교차로,126.9791355868352127_37.5660429362421766,1010027204,일본국제관광진흥기구서울사무소,126.9796194072220459_37.5660647181267464,43.0,16.0,서행,126.9796194072220459_37.5660647181267464|126.9791355868352127_37.5660429362421766
2026-09-04T09:00:31.559343+09:00,광화문·덕수궁,광화문·덕수궁,POI009,KEY_2,1010014001,을지로,1010141800,을지로1가 50-1,126.9805253177826074_37.5659685214828443,1010004002,시청앞교차로,126.9790903112125449_37.5659326054826721,127.0,19.0,서행,126.9790903112125449_37.5659326054826721|126.9796270767268993_37.5659567711099385|126.9797571380910313_37.5659602844908065|126.9805253177826074_37.5659685214828443
2026-09-04T09:00:31.559343+09:00,광화문·덕수궁,광화문·덕수궁,POI009,KEY_2,1010015200,정동길,1010053500,정동 6-1,126.9726302734250396_37.5657818964494226,1010003701,국립현대미술관(덕수궁),126.9734172515147748_37.5653215661761095,86.0,5.0,정체,126.9734172515147748_37.5653215661761095|126.9731819807769568_37.5654408147970216|126.9726302734250396_37.5657818964494226
2026-09-04T09:00:31.559343+09:00,광화문·덕수궁,광화문·덕수궁,POI009,KEY_2,1010015400,무교로,1010004802,한국체육박물관,126.9792639816276676_37.5669296274705644,1010004001,시청앞교차로,126.9791355868352127_37.5660429362421766,99.0,18.0,서행,126.9791355868352127_37.5660429362421766|126.9792051056433166_37.5662774283455079|126.9792449697865493_37.5664901136539342|126.9792639816276676_37.5669296274705644
2026-09-04T09:00:31.559343+09:00,광화문·덕수궁,광화문·덕수궁,POI009,KEY_2,1010016400,세종대로20길,1010152400,태평로1가 31-1,126.9781614739919320_37.5671149535760875,1010004804,한국체육박물관,126.9791327692852860_37.5670432031565085,86.0,12.0,정체,126.9791327692852860_37.5670432031565085|126.9790021637939503_37.5670657791657803|126.9788569191823626_37.5670778321488825|126.9783926986433755_37.5671163538151802|126.9781614739919320_37.5671149535760875
2026-09-04T09:00:31.559343+09:00,광화문·덕수궁,광화문·덕수궁,POI009,KEY_2,1010017601,무교로,1010141400,무교동 44-1,126.9793100041751046_37.5679689583533047,1010004801,한국체육박물관,126.9792685302403470_37.5670397690594271,103.0,9.0,정체,126.9792685302403470_37.5670397690594271|126.9792880141313276_37.5675278005997768|126.9792897236795000_37.5675706209739317|126.9793100041751046_37.5679689583533047
2026-09-04T09:00:31.559343+09:00,광화문·덕수궁,광화문·덕수궁,POI009,KEY_2,1010017602,무교로,1010034301,무교동사거리,126.9793440155466442_37.5692674718774171,1010034101,무교동사거리,126.9793610650683036_37.5689718470786644,33.0,8.0,정체,126.9793610650683036_37.5689718470786644|126.9793440155466442_37.5692674718774171
2026-09-04T09:00:31.559343+09:00,광화문·덕수궁,광화문·덕수궁,POI009,KEY_2,1010017701,덕수궁길,1010003708,국립현대미술관(덕수궁),126.9733973038882908_37.5653215550209438,1010034405,덕수초교앞,126.9742636314177417_37.5692915440127635,470.0,18.0,서행,126.9742636314177417_37.5692915440127635|126.9742609154399133_37.5692318560367440|126.9741806606774475_37.5688123115606558|126.9741708329106444_37.5687509002550755|126.9741496491990489_37.5687070234402825|126.9733330667186380_37.5677499979341434|126.9732604662010260_37.5676432387449850|126.9732135563309470_37.5675636296405173|126.9732109235822293_37.5675447199477688|126.9732028295893542_37.5674865848597861|126.9732067525657442_37.5673829793437548|126.9732946020034490_37.5669917355047289|126.9734162527930152_37.5666474960378096|126.9734297415941171_37.5665457649226155|126.9734351774182528_37.5662640535461065|126.9734319058327827_37.5653823750330673|126.9734292579386477_37.5653516838069237|126.9734209124859774_37.5653359703583263|126.9733973038882908_37.5653215550209438
2026-09-04T09:00:31.559343+09:00,광화문·덕수궁,광화문·덕수궁,POI009,KEY_2,1010017702,덕수궁길,1010034408,덕수초교앞,126.9742709920243016_37.5695017977150982,1000007903,신문로1가 5-4,126.9743707219120381_37.5701009152256020,67.0,18.0,서행,126.9743707219120381_37.5701009152256020|126.9742714713144238_37.5695298211502120|126.9742709920243016_37.5695017977150982
2026-09-04T09:00:31.559343+09:00,광화문·덕수궁,광화문·덕수궁,POI009,KEY_2,1010017801,덕수궁길,1010142200,정동 1-36,126.9733459274212635_37.5675328106811506,1010003703,국립현대미술관(덕수궁),126.9735218655151243_37.5652613466895460,255.0,19.0,서행,126.9735218655151243_37.5652613466895460|126.9735320491287638_37.5652675646712737|126.9735632083507113_37.5653262373116092|126.9735677185460503_37.5653785069074999|126.9735710082390199_37.5662647237383496|126.9735654610655899_37.5665522825597762|126.9735501225163148_37.5666679552866043|126.9734271477770164_37.5670159427351393|126.9733422194510410_37.5673941796546416|126.9733388862719750_37.5674822368240626|126.9733459274212635_37.5675328106811506
2026-09-04T09:00:31.559343+09:00,광화문·덕수궁,광화문·덕수궁,POI009,KEY_2,1010017802,덕수궁길,1000007902,신문로1가 5-4,126.9745078099836633_37.5701006884260735,1010034401,덕수초교앞,126.9744068784933120_37.5695041013549940,67.0,14.5,정체,126.9744068784933120_37.5695041013549940|126.9744071786620196_37.5695216461825154|126.9745078099836633_37.5701006884260735
2026-09-04T09:00:31.559343+09:00,광화문·덕수궁,광화문·덕수궁,POI009,KEY_2,1010018100,세종대로,1010024205,시청앞교차로,126.9771111379704962_37.5649683842586413,1010036201,청계광장,126.9769724776174371_37.5689758850454254,445.0,19.5,서행,126.9769724776174371_37.5689758850454254|126.9770357842986499_37.5675064469025131|126.9770571241010231_37.5671045176161513|126.9770622406749681_37.5669973200828053|126.9771202099424414_37.5656394465692429|126.9771322330851717_37.5654054151655075|126.9771346338183520_37.5652683750225975|126.9771276194723697_37.5651279335943542|126.9771111379704962_37.5649683842586413
2026-09-04T09:00:31.559343+09:00,광화문·덕수궁,광화문·덕수궁,POI009,KEY_2,1010018200,세종대로,1000002000,청계광장,126.9771060680401717_37.5690311929919076,1010004901,강원도민일보(서울본부),126.9771928320576109_37.5671090827981402,213.0,24.0,서행,126.9771928320576109_37.5671090827981402|126.9771715167423451_37.5675105826680635|126.9771060680401717_37.5690311929919076
2026-09-04T09:00:31.559343+09:00,광화문·덕수궁,광화문·덕수궁,POI009,KEY_2,1010037000,남대문로1길,1010023102,서울프라자호텔,126.9781270908112134_37.5644147123986087,1010021201,우성빌딩,126.9778833665384354_37.5638860982800367,62.0,5.0,정체,126.9778833665384354_37.5638860982800367|126.9781270908112134_37.5644147123986087
2026-09-04T09:00:31.559343+09:00,광화문·덕수궁,광화문·덕수궁,POI009,KEY_2,1010037100,남대문로1길,1010021204,우성빌딩,126.9777519647640105_37.5639149035560536,1010023103,서울프라자호텔,126.9779917291016176_37.5644349310718795,61.0,12.0,정체,126.9779917291016176_37.5644349310718795|126.9777519647640105_37.5639149035560536
2026-09-04T09:00:31.559343+09:00,광화문·덕수궁,광화문·덕수궁,POI009,KEY_2,1010037700,서소문로11길,1010119100,정동 34-31,126.9727951808603876_37.5647038792147114,1010003707,국립현대미술관(덕수궁),126.9733026963352955_37.5652751287957045,97.0,11.0,정체,126.9733026963352955_37.5652751287957045|126.9731147506106339_37.5651909181462429|126.9727976869032062_37.5651133337218468|126.9727288163474412_37.5650455719333536|126.9727288478402016_37.5649591817261097|126.9727803611883274_37.5647836723506359|126.9727951808603876_37.5647038792147114
2026-09-04T09:00:31.559343+09:00,광화문·덕수궁,광화문·덕수궁,POI009,KEY_2,1010038300,소공로,1010023101,서울프라자호텔,126.9781769454158393_37.5645228411741812,1010023304,조선호텔,126.9787312154575005_37.5645930511843886,50.0,17.0,서행,126.9787312154575005_37.5645930511843886|126.9785957557285769_37.5645517262991930|126.9784554783557979_37.5645322032255891|126.9782121876750836_37.5645228476832003|126.9781769454158393_37.5645228411741812
2026-09-04T09:00:31.559343+09:00,광화문·덕수궁,광화문·덕수궁,POI009,KEY_2,1010039000,소공로,1010024202,시청앞교차로,126.9772712943529740_37.5649019993645936,1010023104,서울프라자호텔,126.9780385528240316_37.5645364866542977,82.0,4.0,정체,126.9780385528240316_37.5645364866542977|126.9776055199770184_37.5646501981039478|126.9774312688185773_37.5647230654274864|126.9773645076050741_37.5647713550531037|126.9773054583435652_37.5648401473905977|126.9772712943529740_37.5649019993645936
2026-09-04T09:00:31.559343+09:00,광화문·덕수궁,광화문·덕수궁,POI009,KEY_2,1010045900,새문안로2길,1010034503,조선일보본사,126.9757336729328898_37.5693927914711736,1010034403,덕수초교앞,126.9744623970510844_37.5693699781441666,112.0,17.5,서행,126.9744623970510844_37.5693699781441666|126.9751125420028046_37.5693767090831088|126.9754684882037736_37.5693803926704959|126.9757336729328898_37.5693927914711736
2026-09-04T09:00:31.559343+09:00,광화문·덕수궁,광화문·덕수궁,POI009,KEY_2,1010046000,새문안로2길,1010034402,덕수초교앞,126.9744431042179968_37.5694779067993210,1010034504,조선일보본사,126.9756904321789079_37.5694990761609162,110.0,21.0,서행,126.9756904321789079_37.5694990761609162|126.9754636204795446_37.5694884714731927|126.9751107757574573_37.5694848197226179|126.9744431042179968_37.5694779067993210
2026-09-04T09:00:31.559343+09:00,보신각,보신각,POI010,KEY_3,1000000303,종로,1000008703,종로1가사거리,126.9828971865418197_37.5701731264087542,1000007700,종로1가,126.9822109960776402_37.5701758601934444,61.0,11.0,정체,126.9822109960776402_37.5701758601934444|126.9824008620181672_37.5701779915733454|126.9828971865418197_37.5701731264087542
2026-09-04T09:00:31.559343+09:00,보신각,보신각,POI010,KEY_3,1000000401,종로,1000008606,종로구청입구교차로,126.9793844377634713_37.5702575676490582,1000008905,SK빌딩,126.9809530025248421_37.5702700889503021,139.0,13.0,정체,126.9809530025248421_37.5702700889503021|126.9798986206276368_37.5702616744867512|126.9793844377634713_37.5702575676490582
2026-09-04T09:00:31.559343+09:00,보신각,보신각,POI010,KEY_3,1000000402,종로,1000008902,SK빌딩,126.9810888552751891_37.5702713893331790,1000009500,종로1가,126.9822090811274506_37.5702839694386270,99.0,14.0,정체,126.9822090811274506_37.5702839694386270|126.9810888552751891_37.5702713893331790
2026-09-04T09:00:31.559343+09:00,보신각,보신각,POI010,KEY_3,1000000403,종로,1000009500,종로1가,126.9822090811274506_37.5702839694386270,1000008704,종로1가사거리,126.9829124807839946_37.5702811035568871,62.0,11.0,정체,126.9829124807839946_37.5702811035568871|126.9824007403594095_37.5702861200097971|126.9822090811274506_37.5702839694386270
2026-09-04T09:00:31.559343+09:00,보신각,보신각,POI010,KEY_3,1000000501,종로,1000008701,종로1가사거리,126.9830485481293891_37.5702800768006568,1000009600,종로1가,126.9837104338048164_37.5702764015435093,58.0,7.0,정체,126.9837104338048164_37.5702764015435093|126.9830485481293891_37.5702800768006568
2026-09-04T09:00:31.559343+09:00,보신각,보신각,POI010,KEY_3,1000000502,종로,1000231500,종로2가 1-2,126.9840871569151233_37.5702743076942411,1000009104,종각지하쇼핑센터,126.9856860459643428_37.5702623526753499,141.0,7.0,정체,126.9856860459643428_37.5702623526753499|126.9846512311403757_37.5702711702886205|126.9844496207387294_37.5702722919640593|126.9840871569151233_37.5702743076942411
2026-09-04T09:00:31.559343+09:00,보신각,보신각,POI010,KEY_3,1000000503,종로,1000009101,종각지하쇼핑센터,126.9858227292488380_37.5702608423529298,1000008504,종로2가교차로,126.9876156819137520_37.5702574924147754,158.0,8.0,정체,126.9876156819137520_37.5702574924147754|126.9871453036203235_37.5702428823229511|126.9869246551587310_37.5702458796709990|126.9858227292488380_37.5702608423529298
2026-09-04T09:00:31.559343+09:00,보신각,보신각,POI010,KEY_3,1000000601,종로,1000007800,종로1가,126.9837094850009294_37.5701682846705296,1000008702,종로1가사거리,126.9830343185050481_37.5701720336345346,60.0,11.0,정체,126.9830343185050481_37.5701720336345346|126.9837094850009294_37.5701682846705296
2026-09-04T09:00:31.559343+09:00,보신각,보신각,POI010,KEY_3,1000000602,종로,1000231400,종로2가 1-2,126.9840862081807984_37.5701661909693030,1000007800,종로1가,126.9837094850009294_37.5701682846705296,33.0,11.0,정체,126.9837094850009294_37.5701682846705296|126.9840862081807984_37.5701661909693030
2026-09-04T09:00:31.559343+09:00,보신각,보신각,POI010,KEY_3,1000000603,종로,1000181900,종로2가 84-11,126.9869223374955283_37.5701377759501440,1000009102,종각지하쇼핑센터,126.9858204131049462_37.5701527379884581,97.0,11.0,정체,126.9858204131049462_37.5701527379884581|126.9869223374955283_37.5701377759501440
2026-09-04T09:00:31.559343+09:00,보신각,보신각,POI010,KEY_3,1000003001,청계천로,1010033701,광교사거리,126.9828472617604831_37.5690310653232729,1000006702,동광빌딩,126.9856496555834724_37.5685348675876654,254.0,7.0,정체,126.9856496555834724_37.5685348675876654|126.9845929724430675_37.5687445528897968|126.9830379501262456_37.5690132418433791|126.9828472617604831_37.5690310653232729
2026-09-04T09:00:31.559343+09:00,보신각,보신각,POI010,KEY_3,1000003002,청계천로,1000006701,동광빌딩,126.9857835455856332_37.5685053538768585,1010032702,청계2가,126.9876182832415594_37.5682809508841231,165.0,20.0,서행,126.9876182832415594_37.5682809508841231|126.9873100375229313_37.5682871695245453|126.9868524145434350_37.5683023760080914|126.9865577109127059_37.5683366707556416|126.9863804072084292_37.5683652570468496|126.9861647659198667_37.5684129099601307|126.9857835455856332_37.5685053538768585
2026-09-04T09:00:31.559343+09:00,보신각,보신각,POI010,KEY_3,1000003400,청계천로,1010034301,무교동사거리,126.9793440155466442_37.5692674718774171,1010033702,광교사거리,126.9827120922386285_37.5690419071249693,299.0,12.0,정체,126.9827120922386285_37.5690419071249693|126.9793440155466442_37.5692674718774171
2026-09-04T09:00:31.559343+09:00,보신각,보신각,POI010,KEY_3,1000004701,우정국로,1010033702,광교사거리,126.9827120922386285_37.5690419071249693,1000007200,종로1가,126.9827935302844111_37.5696197701673924,65.0,11.0,정체,126.9827935302844111_37.5696197701673924|126.9827458886658889_37.5693654356143227|126.9827120922386285_37.5690419071249693
2026-09-04T09:00:31.559343+09:00,보신각,보신각,POI010,KEY_3,1000004702,우정국로,1000007200,종로1가,126.9827935302844111_37.5696197701673924,1000008703,종로1가사거리,126.9828971865418197_37.5701731264087542,62.0,17.0,서행,126.9828971865418197_37.5701731264087542|126.9827935302844111_37.5696197701673924
2026-09-04T09:00:31.559343+09:00,보신각,보신각,POI010,KEY_3,1000004801,우정국로,1000007100,종로1가,126.9829278791696936_37.5696038258341787,1010033701,광교사거리,126.9828472617604831_37.5690310653232729,64.0,18.0,서행,126.9828472617604831_37.5690310653232729|126.9828808883077329_37.5693529710736058|126.9829278791696936_37.5696038258341787
2026-09-04T09:00:31.559343+09:00,보신각,보신각,POI010,KEY_3,1000004802,우정국로,1000008702,종로1가사거리,126.9830343185050481_37.5701720336345346,1000007100,종로1가,126.9829278791696936_37.5696038258341787,64.0,6.0,정체,126.9829278791696936_37.5696038258341787|126.9830343185050481_37.5701720336345346
2026-09-04T09:00:31.559343+09:00,보신각,보신각,POI010,KEY_3,1000006501,우정국로,1000008704,종로1가사거리,126.9829124807839946_37.5702811035568871,1000010800,종로1가,126.9829520973026149_37.5707555248776544,53.0,7.0,정체,126.9829520973026149_37.5707555248776544|126.9829508691110647_37.5707257702316255|126.9829124807839946_37.5702811035568871
2026-09-04T09:00:31.559343+09:00,보신각,보신각,POI010,KEY_3,1000006502,우정국로,1000010800,종로1가,126.9829520973026149_37.5707555248776544,1000012403,조계사앞교차로,126.9829706356902221_37.5719776537276218,136.0,19.0,서행,126.9829706356902221_37.5719776537276218|126.9829821214281083_37.5714823927012560|126.9829655468528955_37.5710811329590442|126.9829520973026149_37.5707555248776544
2026-09-04T09:00:31.559343+09:00,보신각,보신각,POI010,KEY_3,1000006601,우정국로,1000010700,종로1가,126.9830878603485758_37.5707519719581455,1000008701,종로1가사거리,126.9830485481293891_37.5702800768006568,52.0,12.0,정체,126.9830485481293891_37.5702800768006568|126.9830865510382267_37.5707202864689833|126.9830878603485758_37.5707519719581455
2026-09-04T09:00:31.559343+09:00,보신각,보신각,POI010,KEY_3,1000006602,우정국로,1000090100,공평동 98,126.9831013100779558_37.5710775801252623,1000010700,종로1가,126.9830878603485758_37.5707519719581455,36.0,7.0,정체,126.9830878603485758_37.5707519719581455|126.9831013100779558_37.5710775801252623
2026-09-04T09:00:31.559343+09:00,보신각,보신각,POI010,KEY_3,1000007502,삼봉로,1000012403,조계사앞교차로,126.9829706356902221_37.5719776537276218,1000013004,신라스테이(광화문),126.9801805317354280_37.5724047958457916,252.0,6.0,정체,126.9801805317354280_37.5724047958457916|126.9804914824202910_37.5723319178106152|126.9811053055208276_37.5721880522337770|126.9822536902158987_37.5720311041132078|126.9827182491962247_37.5719849537863269|126.9829706356902221_37.5719776537276218
2026-09-04T09:00:31.559343+09:00,보신각,보신각,POI010,KEY_3,1000007602,삼봉로,1000140500,수송동 80-4,126.9805298527977442_37.5724356343591879,1000012404,조계사앞교차로,126.9829679360295245_37.5720859226599799,219.0,13.0,정체,126.9829679360295245_37.5720859226599799|126.9827291479286515_37.5720928297221519|126.9822736058986408_37.5721380840541883|126.9811360893303345_37.5722935474607382|126.9805298527977442_37.5724356343591879
2026-09-04T09:00:31.559343+09:00,보신각,보신각,POI010,KEY_3,1000009201,우정국로,1000085100,견지동 110-2,126.9830654526105036_37.5729316051841806,1000012401,조계사앞교차로,126.9831034437596884_37.5720995445690349,92.0,10.0,정체,126.9831034437596884_37.5720995445690349|126.9830943674485724_37.5724421623328340|126.9830752766845592_37.5727653133374773|126.9830654526105036_37.5729316051841806
2026-09-04T09:00:31.559343+09:00,보신각,보신각,POI010,KEY_3,1000023600,종로,1000007200,종로1가,126.9827935302844111_37.5696197701673924,1000007700,종로1가,126.9822109960776402_37.5701758601934444,90.0,18.0,서행,126.9822109960776402_37.5701758601934444|126.9823538247533747_37.5701681727122576|126.9825335459648414_37.5700690295792086|126.9826437791460876_37.5699908547526107|126.9827324536877029_37.5698897904859521|126.9827899849345840_37.5697677437382040|126.9827935302844111_37.5696197701673924
2026-09-04T09:00:31.559343+09:00,보신각,보신각,POI010,KEY_3,1000023700,종로,1000007800,종로1가,126.9837094850009294_37.5701682846705296,1000007100,종로1가,126.9829278791696936_37.5696038258341787,103.0,21.0,서행,126.9829278791696936_37.5696038258341787|126.9830032097695494_37.5698402452960423|126.9830990215400703_37.5699604067910897|126.9831924475550267_37.5700347972999680|126.9833242130892046_37.5700939366007987|126.9834847309357855_37.5701511723724835|126.9837094850009294_37.5701682846705296
2026-09-04T09:00:31.559343+09:00,보신각,보신각,POI010,KEY_3,1000024400,종로,1000010700,종로1가,126.9830878603485758_37.5707519719581455,1000009600,종로1가,126.9837104338048164_37.5702764015435093,84.0,8.0,정체,126.9837104338048164_37.5702764015435093|126.9834199944166073_37.5703552243340226|126.9832834070776642_37.5704238609181118|126.9831923434160359_37.5704982251536919|126.9830964773624657_37.5706145452795255|126.9830878603485758_37.5707519719581455
2026-09-04T09:00:31.559343+09:00,보신각,보신각,POI010,KEY_3,1000024500,종로,1000009500,종로1가,126.9822090811274506_37.5702839694386270,1000010800,종로1가,126.9829520973026149_37.5707555248776544,92.0,20.0,서행,126.9829520973026149_37.5707555248776544|126.9829359392394394_37.5706431287853420|126.9828401259818236_37.5705267810848440|126.9827754493047394_37.5704619306360499|126.9826892071422293_37.5704047039165019|126.9825119206921613_37.5703322080284821|126.9822090811274506_37.5702839694386270
2026-09-04T09:00:31.559343+09:00,보신각,보신각,POI010,KEY_3,1000025901,종로5길,1000008909,GS건설본사,126.9806366436472871_37.5713225324397655,1000013005,신라스테이(광화문),126.9801024195699028_37.5723985668960268,128.0,15.0,서행,126.9801024195699028_37.5723985668960268|126.9801274853195991_37.5723618756308824|126.9801882517644884_37.5722503255379436|126.9804583466781196_37.5717160525297444|126.9804740373480314_37.5716814217555211|126.9806366436472871_37.5713225324397655
2026-09-04T09:00:31.559343+09:00,보신각,보신각,POI010,KEY_3,1000025902,종로5길,1000008905,SK빌딩,126.9809530025248421_37.5702700889503021,1000008908,GS건설본사,126.9806854115378769_37.5712148957716821,109.0,5.0,정체,126.9806854115378769_37.5712148957716821|126.9808934318098466_37.5707557655600937|126.9809177843168158_37.5706870956374530|126.9809314541032421_37.5706019997404184|126.9809431151314243_37.5705149231286057|126.9809530025248421_37.5702700889503021
2026-09-04T09:00:31.559343+09:00,보신각,보신각,POI010,KEY_3,1000026001,종로5길,1000008907,GS건설본사,126.9808291543834713_37.5712163450013819,1000008902,SK빌딩,126.9810888552751891_37.5702713893331790,108.0,8.0,정체,126.9810888552751891_37.5702713893331790|126.9810787188347803_37.5705223997754985|126.9810663740957466_37.5706145876373654|126.9810512464558627_37.5707087563385187|126.9810228489215831_37.5707888322386268|126.9808291543834713_37.5712163450013819
2026-09-04T09:00:31.559343+09:00,보신각,보신각,POI010,KEY_3,1000027500,인사동5길,1000231600,공평동 5-12,126.9837015373939977_37.5721207661722474,1000012402,조계사앞교차로,126.9831062491158349_37.5719883384085875,55.0,12.0,정체,126.9831062491158349_37.5719883384085875|126.9832673605664155_37.5720220520782107|126.9837015373939977_37.5721207661722474
2026-09-04T09:00:31.559343+09:00,보신각,보신각,POI010,KEY_3,1000027600,인사동5길,1000036800,인사동 187-4,126.9855567085236174_37.5727903642359919,1000013904,인사동사거리,126.9861168618192977_37.5730266274726361,56.0,3.0,정체,126.9861168618192977_37.5730266274726361|126.9855567085236174_37.5727903642359919
2026-09-04T09:00:31.559343+09:00,보신각,보신각,POI010,KEY_3,1000046500,종로3길,1000008602,KT광화문빌딩East,126.9793723999539878_37.5713097781531999,1000008909,GS건설본사,126.9806366436472871_37.5713225324397655,112.0,19.0,서행,126.9806366436472871_37.5713225324397655|126.9793723999539878_37.5713097781531999
2026-09-04T09:00:31.559343+09:00,보신각,보신각,POI010,KEY_3,1000046600,종로3길,1000008908,GS건설본사,126.9806854115378769_37.5712148957716821,1000008603,KT광화문빌딩East,126.9793750304311573_37.5712016763059680,116.0,10.0,정체,126.9793750304311573_37.5712016763059680|126.9806854115378769_37.5712148957716821
2026-09-04T09:00:31.559343+09:00,보신각,보신각,POI010,KEY_3,1010016903,우정국로,1010033402,광교교차로,126.9826972926992426_37.5687326607183465,1010033702,광교사거리,126.9827120922386285_37.5690419071249693,34.0,25.0,원활,126.9827120922386285_37.5690419071249693|126.9826972926992426_37.5687326607183465
2026-09-04T09:00:31.559343+09:00,보신각,보신각,POI010,KEY_3,1010017003,우정국로,1010033701,광교사거리,126.9828472617604831_37.5690310653232729,1010033401,광교교차로,126.9828323504512895_37.5687142869809634,35.0,14.0,정체,126.9828323504512895_37.5687142869809634|126.9828472617604831_37.5690310653232729
2026-09-04T09:00:31.559343+09:00,서울 암사동 유적,서울 암사동 유적,POI011,KEY_4,1240026502,올림픽로,1249049800,암사동 138,127.1303868902218426_37.5581213582314959,1240025203,서울암사동유적,127.1310831520760161_37.5596271965427917,178.0,14.5,정체,127.1310831520760161_37.5596271965427917|127.1306279901634753_37.5587636989147882|127.1303868902218426_37.5581213582314959
2026-09-04T09:00:31.559343+09:00,서울 암사동 유적,서울 암사동 유적,POI011,KEY_4,1240026512,올림픽로,1240025204,서울암사동유적,127.1311362462215726_37.5597299172270596,1240001503,암사동서원마을회관,127.1329417839865101_37.5638633628286627,495.0,25.0,원활,127.1329417839865101_37.5638633628286627|127.1329385901726567_37.5638530355215323|127.1328076129944407_37.5625315770132389|127.1325679156605446_37.5619032160946844|127.1324628664250440_37.5616950056665999|127.1324015018273457_37.5615733787883030|127.1320918622332670_37.5610538481508982|127.1318311751461181_37.5607294195891654|127.1314134429880340_37.5602729161990680|127.1311362462215726_37.5597299172270596
2026-09-04T09:00:31.559343+09:00,서울 암사동 유적,서울 암사동 유적,POI011,KEY_4,1240026602,올림픽로,1249049700,암사동 138,127.1305170173570929_37.5580904036952390,1240023801,선사초등학교,127.1296849682262859_37.5558735719696912,257.0,25.0,원활,127.1296849682262859_37.5558735719696912|127.1302524784022268_37.5573856065605156|127.1305170173570929_37.5580904036952390
2026-09-04T09:00:31.559343+09:00,서울 암사동 유적,서울 암사동 유적,POI011,KEY_4,1240026611,올림픽로,1249096700,최소노드배치점,127.1325889005040750_37.5616547095206741,1240025201,서울암사동유적,127.1312497921398688_37.5596651615473789,252.0,35.0,원활,127.1312497921398688_37.5596651615473789|127.1315330077839292_37.5602199513383255|127.1319433727937849_37.5606684031311673|127.1322108955108803_37.5610013373068412|127.1325259892048081_37.5615300174364890|127.1325889005040750_37.5616547095206741
2026-09-04T09:00:31.559343+09:00,서울 암사동 유적,서울 암사동 유적,POI011,KEY_4,1240049600,올림픽로108길,1249054800,암사동 135-1,127.1324513506835387_37.5586179294608584,1240025202,서울암사동유적,127.1311963964887610_37.5595626125415976,153.0,12.5,정체,127.1311963964887610_37.5595626125415976|127.1312906290088449_37.5595088709743194|127.1321441825899257_37.5588537073451434|127.1324513506835387_37.5586179294608584
2026-09-04T09:00:31.559343+09:00,서울 암사동 유적,서울 암사동 유적,POI011,KEY_4,1240049700,올림픽로108길,1249054700,암사동 199-3,127.1325456285770059_37.5586957689652934,1240023906,강일중,127.1350630805942075_37.5567633051846101,309.0,29.0,원활,127.1350630805942075_37.5567633051846101|127.1325456285770059_37.5586957689652934
2026-09-04T09:00:31.559343+09:00,서울 암사동 유적,서울 암사동 유적,POI011,KEY_4,1240216800,올림픽대로,1240001504,암사동서원마을회관,127.1328606037288154_37.5639977455946550,1240090400,암사IC,127.1320967627789713_37.5638268865707303,75.0,30.0,서행,127.1320967627789713_37.5638268865707303|127.1323008177666054_37.5639094235526869|127.1324394046457655_37.5639871880837006|127.1325100130354429_37.5640201033193009|127.1325629529353307_37.5640375916818527|127.1326211702869102_37.5640452487343595|127.1326758409645379_37.5640423789060733|127.1328606037288154_37.5639977455946550
2026-09-04T09:00:31.559343+09:00,창덕궁·종묘,창덕궁·종묘,POI012,KEY_1,1000025400,종로,1000010902,종로4가,126.9969778496483315_37.5707449803633011,1000011602,종로4가,126.9976685550659852_37.5712805902372935,85.0,13.0,정체,126.9976685550659852_37.5712805902372935|126.9969778496483315_37.5707449803633011
2026-09-04T09:00:31.559343+09:00,창덕궁·종묘,창덕궁·종묘,POI012,KEY_1,1000001501,종로,1000009801,종로3가사거리,126.9922000608216308_37.5704778715046643,1000010004,종묘공원,126.9937102608658108_37.5705569291297934,134.0,21.0,서행,126.9937102608658108_37.5705569291297934|126.9932582925197551_37.5705332710333550|126.9922000608216308_37.5704778715046643
2026-09-04T09:00:31.559343+09:00,창덕궁·종묘,창덕궁·종묘,POI012,KEY_1,1000001502,종로,1000010001,종묘공원,126.9938459149599908_37.5705638014388867,1000010104,세운상가,126.9949902918217504_37.5706199754433428,101.0,21.0,서행,126.9949902918217504_37.5706199754433428|126.9938459149599908_37.5705638014388867
2026-09-04T09:00:31.559343+09:00,창덕궁·종묘,창덕궁·종묘,POI012,KEY_1,1000001503,종로,1000010101,세운상가,126.9951330460539509_37.5706277157350215,1000010504,종로4가 32-8,126.9963629369768086_37.5707037465677516,109.0,36.0,원활,126.9963629369768086_37.5707037465677516|126.9958351088011312_37.5706676576709242|126.9951330460539509_37.5706277157350215
2026-09-04T09:00:31.559343+09:00,창덕궁·종묘,창덕궁·종묘,POI012,KEY_1,1000001504,종로,1000010501,종로4가 32-8,126.9964984168760793_37.5707129060128366,1000010902,종로4가,126.9969778496483315_37.5707449803633011,43.0,24.0,서행,126.9969778496483315_37.5707449803633011|126.9964984168760793_37.5707129060128366
2026-09-04T09:00:31.559343+09:00,창덕궁·종묘,창덕궁·종묘,POI012,KEY_1,1000001505,종로,1000010901,종로4가,126.9970824501172899_37.5707519010579603,1000011004,종로4가사거리,126.9976981845290851_37.5707921454332379,55.0,37.0,원활,126.9976981845290851_37.5707921454332379|126.9970824501172899_37.5707519010579603
2026-09-04T09:00:31.559343+09:00,창덕궁·종묘,창덕궁·종묘,POI012,KEY_1,1000007100,돈화문로,1000145800,묘동 20-5,126.9916684242814142_37.5719817889873724,1000013303,묘동사거리,126.9914801613035706_37.5725495704926047,65.0,6.0,정체,126.9914801613035706_37.5725495704926047|126.9916684242814142_37.5719817889873724
2026-09-04T09:00:31.559343+09:00,창덕궁·종묘,창덕궁·종묘,POI012,KEY_1,1000007200,돈화문로,1000059400,묘동 20-5,126.9921535095209890_37.5708464956724839,1000009801,종로3가사거리,126.9922000608216308_37.5704778715046643,41.0,13.0,정체,126.9922000608216308_37.5704778715046643|126.9921602362403092_37.5708137185849509|126.9921535095209890_37.5708464956724839
2026-09-04T09:00:31.559343+09:00,창덕궁·종묘,창덕궁·종묘,POI012,KEY_1,1000008701,창경궁로,1000011004,종로4가사거리,126.9976981845290851_37.5707921454332379,1000011601,종로4가,126.9976727162272141_37.5712098653190125,46.0,6.5,정체,126.9976727162272141_37.5712098653190125|126.9976981845290851_37.5707921454332379
2026-09-04T09:00:31.559343+09:00,창덕궁·종묘,창덕궁·종묘,POI012,KEY_1,1000008702,창경궁로,1000059900,인의동 101-8,126.9976040275693805_37.5721420297877202,1000014503,서울특별시재향군인회,126.9975145081767209_37.5733082767353750,130.0,7.0,정체,126.9975145081767209_37.5733082767353750|126.9975586489672992_37.5727332208694804|126.9975861399317978_37.5723750705251547|126.9976040275693805_37.5721420297877202
2026-09-04T09:00:31.559343+09:00,창덕궁·종묘,창덕궁·종묘,POI012,KEY_1,1000008801,창경궁로,1000084400,인의동 101-8,126.9977485816959160_37.5720317772708725,1000011001,종로4가사거리,126.9978336320802015_37.5708014801402754,137.0,20.0,서행,126.9978336320802015_37.5708014801402754|126.9977997145428219_37.5713655900292949|126.9977485816959160_37.5720317772708725
2026-09-04T09:00:31.559343+09:00,창덕궁·종묘,창덕궁·종묘,POI012,KEY_1,1000010801,돈화문로,1000174700,묘동 141-2,126.9911270176696547_37.5741747070514336,1000013301,묘동사거리,126.9915850849808550_37.5726594865675594,173.0,23.0,서행,126.9915850849808550_37.5726594865675594|126.9913726822985893_37.5733444453639649|126.9911270176696547_37.5741747070514336
2026-09-04T09:00:31.559343+09:00,창덕궁·종묘,창덕궁·종묘,POI012,KEY_1,1000010802,돈화문로,1000106300,와룡동 75-4,126.9909562970876493_37.5747505051657669,1000016401,종로1가2가3가4가동주민센터,126.9910234246664515_37.5745245938365429,26.0,25.0,원활,126.9910234246664515_37.5745245938365429|126.9909562970876493_37.5747505051657669
2026-09-04T09:00:31.559343+09:00,창덕궁·종묘,창덕궁·종묘,POI012,KEY_1,1000010803,돈화문로,1000021402,창덕궁앞교차로,126.9901841383139782_37.5773932267385504,1000018601,한겨레신문(종로지국),126.9906634515929795_37.5757350308395957,189.0,11.0,정체,126.9906634515929795_37.5757350308395957|126.9903062505280644_37.5769154241969332|126.9902695786729083_37.5770589150526817|126.9901841383139782_37.5773932267385504
2026-09-04T09:00:31.559343+09:00,창덕궁·종묘,창덕궁·종묘,POI012,KEY_1,1000013502,율곡로,1000021501,우즈베키스탄대사관,126.9893297531960883_37.5774544023044541,1000021404,창덕궁앞교차로,126.9900388640569702_37.5774865487865739,63.0,30.0,원활,126.9900388640569702_37.5774865487865739|126.9897463242174780_37.5774687657961053|126.9893297531960883_37.5774544023044541
2026-09-04T09:00:31.559343+09:00,창덕궁·종묘,창덕궁·종묘,POI012,KEY_1,1000014100,창덕궁길,1000022002,북촌1경,126.9893063929122548_37.5792409569275208,1000021501,우즈베키스탄대사관,126.9893297531960883_37.5774544023044541,199.0,23.3,서행,126.9893297531960883_37.5774544023044541|126.9892548365952365_37.5786955788249983|126.9892562414735409_37.5787264244637242|126.9892665857058205_37.5789535426034647|126.9893063929122548_37.5792409569275208
2026-09-04T09:00:31.559343+09:00,창덕궁·종묘,창덕궁·종묘,POI012,KEY_1,1000015602,창경궁로,1000021302,연건동 28-5,126.9972685910119736_37.5770105602906241,1000019601,원남동사거리,126.9974112787328835_37.5759608809491965,117.0,24.0,서행,126.9974112787328835_37.5759608809491965|126.9973105074180921_37.5767022072452619|126.9972685910119736_37.5770105602906241
2026-09-04T09:00:31.559343+09:00,창덕궁·종묘,창덕궁·종묘,POI012,KEY_1,1000024700,동순라길,1000010504,종로4가 32-8,126.9963629369768086_37.5707037465677516,1000011103,종로4가 32-7,126.9963562951020464_37.5708334820153240,14.0,21.0,서행,126.9963562951020464_37.5708334820153240|126.9963629369768086_37.5707037465677516
2026-09-04T09:00:31.559343+09:00,창덕궁·종묘,창덕궁·종묘,POI012,KEY_1,1000024800,동순라길,1000011102,종로4가 32-7,126.9964920187830728_37.5708378841030850,1000010501,종로4가 32-8,126.9964984168760793_37.5707129060128366,14.0,8.0,정체,126.9964984168760793_37.5707129060128366|126.9964920187830728_37.5708378841030850
2026-09-04T09:00:31.559343+09:00,창덕궁·종묘,창덕궁·종묘,POI012,KEY_1,1000024900,종로.동순라길.사이길,1000011103,종로4가 32-7,126.9963562951020464_37.5708334820153240,1000010101,세운상가,126.9951330460539509_37.5706277157350215,120.0,12.0,정체,126.9951330460539509_37.5706277157350215|126.9951743837452085_37.5707556885858693|126.9951919467698929_37.5707641992030830|126.9963562951020464_37.5708334820153240
2026-09-04T09:00:31.559343+09:00,창덕궁·종묘,창덕궁·종묘,POI012,KEY_1,1000025000,종로.동순라길.사이길,1000010104,세운상가,126.9949902918217504_37.5706199754433428,1000011104,종로4가 32-7,126.9963483113230751_37.5709414285277603,139.0,2.0,정체,126.9963483113230751_37.5709414285277603|126.9951492285879624_37.5708700779174407|126.9950565789311838_37.5708251846869601|126.9949902918217504_37.5706199754433428
2026-09-04T09:00:31.559343+09:00,창덕궁·종묘,창덕궁·종묘,POI012,KEY_1,1000028300,서순라길,1000179700,묘동 164-2,126.9918986546224602_37.5725528238137017,1000013302,묘동사거리,126.9916200024151749_37.5725515277908357,25.0,12.0,정체,126.9916200024151749_37.5725515277908357|126.9918986546224602_37.5725528238137017
2026-09-04T09:00:31.559343+09:00,창덕궁·종묘,창덕궁·종묘,POI012,KEY_1,1000028500,동순라길,1000143300,인의동 112-10,126.9965136894643791_37.5722112354701423,1000011101,종로4가 32-7,126.9964837407064522_37.5709497945866389,143.0,10.0,정체,126.9964837407064522_37.5709497945866389|126.9963802654962421_37.5720110081513141|126.9965136894643791_37.5722112354701423
2026-09-04T09:00:31.559343+09:00,창덕궁·종묘,창덕궁·종묘,POI012,KEY_1,1000028600,동순라길,1000011104,종로4가 32-7,126.9963483113230751_37.5709414285277603,1000014504,서울특별시재향군인회,126.9975060050786055_37.5734165592808793,347.0,16.0,서행,126.9975060050786055_37.5734165592808793|126.9969911144367956_37.5734250144218507|126.9968404615841990_37.5733955984085384|126.9967470749479901_37.5733345381505828|126.9966990577044896_37.5732294276517820|126.9966908891550048_37.5731275113813510|126.9967289597005760_37.5728378479680103|126.9967212685301092_37.5727949856210941|126.9966862804331384_37.5727009865390329|126.9963936851750645_37.5722618959152896|126.9962417830590056_37.5720339377534884|126.9963483113230751_37.5709414285277603
2026-09-04T09:00:31.559343+09:00,창덕궁·종묘,창덕궁·종묘,POI012,KEY_1,1000029900,김상옥로,1000096500,연지동 253-1,126.9984112007160206_37.5733171805444996,1000014502,서울특별시재향군인회,126.9976506161619483_37.5733080934406729,67.0,12.0,정체,126.9976506161619483_37.5733080934406729|126.9984112007160206_37.5733171805444996
2026-09-04T09:00:31.559343+09:00,창덕궁·종묘,창덕궁·종묘,POI012,KEY_1,1000039200,창덕궁길,1000134400,원서동 2-2,126.9892407733604642_37.5829070876196951,1000022001,북촌1경,126.9893249216224547_37.5793389188440585,401.0,16.0,서행,126.9893249216224547_37.5793389188440585|126.9893432024728526_37.5794117077019152|126.9893374585478654_37.5795962855689609|126.9893189924063250_37.5801896786208189|126.9893532350689895_37.5809623190334960|126.9893738580933729_37.5812665958495344|126.9893978694693288_37.5816208620396139|126.9894570663397531_37.5819414687995632|126.9895023987834435_37.5821303841621628|126.9895105285284274_37.5822120284156327|126.9895040052748669_37.5823078791324363|126.9894734073156428_37.5824257182516135|126.9893881157924085_37.5826046082802492|126.9892904879125695_37.5827681919472880|126.9892407733604642_37.5829070876196951
2026-09-04T09:00:31.559343+09:00,강남 MICE 관광특구,강남 MICE 관광특구,POI001,KEY_2,1220003104,영동대로,1220038604,사조빌딩,127.0637824235113698_37.5075784064484665,1220040303,삼성역사거리,127.0631184701287282_37.5088181934601863,150.0,22.0,서행,127.0631184701287282_37.5088181934601863|127.0637824235113698_37.5075784064484665
2026-09-04T09:00:31.559343+09:00,강남 MICE 관광특구,강남 MICE 관광특구,POI001,KEY_2,1220003204,영동대로,1220040302,삼성역사거리,127.0632451463058885_37.5088571864380711,1220038601,사조빌딩,127.0639078316108197_37.5076197633601041,149.0,5.0,정체,127.0639078316108197_37.5076197633601041|127.0632451463058885_37.5088571864380711
2026-09-04T09:00:31.559343+09:00,강남 MICE 관광특구,강남 MICE 관광특구,POI001,KEY_2,1220003303,영동대로,1220042504,속성변화점,127.0608476713455985_37.5130456722428676,1220043808,코엑스앞교차로,127.0601919456584454_37.5142029024356347,141.0,15.0,서행,127.0601919456584454_37.5142029024356347|127.0603995070934218_37.5138375440934411|127.0607938946184277_37.5131433157650775|127.0608476713455985_37.5130456722428676
2026-09-04T09:00:31.559343+09:00,강남 MICE 관광특구,강남 MICE 관광특구,POI001,KEY_2,1220003402,영동대로,1220434100,삼성동 111-8,127.0623503477867757_37.5105231713021467,1220040301,삼성역사거리,127.0631917873569989_37.5089566792768281,189.0,14.0,정체,127.0631917873569989_37.5089566792768281|127.0623503477867757_37.5105231713021467
2026-09-04T09:00:31.559343+09:00,강남 MICE 관광특구,강남 MICE 관광특구,POI001,KEY_2,1220003403,영동대로,1220043807,코엑스앞교차로,127.0603272282434091_37.5142270211862794,1220042502,아셈타워,127.0609175537963154_37.5131878914081796,127.0,8.0,정체,127.0609175537963154_37.5131878914081796|127.0605231671833053_37.5138821201433714|127.0603272282434091_37.5142270211862794
2026-09-04T09:00:31.559343+09:00,강남 MICE 관광특구,강남 MICE 관광특구,POI001,KEY_2,1220004001,영동대로,1220043809,코엑스앞교차로,127.0601375029284839_37.5143038844831338,1220044403,봉은사역(서울9호선),127.0598624891181174_37.5148335177271051,64.0,9.0,정체,127.0598624891181174_37.5148335177271051|127.0601375029284839_37.5143038844831338
2026-09-04T09:00:31.559343+09:00,강남 MICE 관광특구,강남 MICE 관광특구,POI001,KEY_2,1220004101,영동대로,1220044402,봉은사역(서울9호선),127.0599879180035288_37.5148748429464263,1220043806,코엑스앞교차로,127.0602718568028990_37.5143280204466052,66.0,34.0,원활,127.0602718568028990_37.5143280204466052|127.0599879180035288_37.5148748429464263
2026-09-04T09:00:31.559343+09:00,강남 MICE 관광특구,강남 MICE 관광특구,POI001,KEY_2,1220028002,테헤란로,1220038701,삼성동 172-66,127.0594740418968343_37.5078073048774883,1220039504,슈페리어사옥,127.0619066150805594_37.5085594791171530,231.0,11.7,정체,127.0619066150805594_37.5085594791171530|127.0594740418968343_37.5078073048774883
2026-09-04T09:00:31.559343+09:00,강남 MICE 관광특구,강남 MICE 관광특구,POI001,KEY_2,1220028003,테헤란로,1220039501,슈페리어사옥,127.0620331846530320_37.5085986138393324,1220040304,삼성역사거리,127.0630651113215919_37.5089176743260495,98.0,12.0,정체,127.0630651113215919_37.5089176743260495|127.0620331846530320_37.5085986138393324
2026-09-04T09:00:31.559343+09:00,강남 MICE 관광특구,강남 MICE 관광특구,POI001,KEY_2,1220028103,테헤란로,1220040303,삼성역사거리,127.0631184701287282_37.5088181934601863,1220039502,슈페리어사옥,127.0620822932532974_37.5084978197410663,98.0,4.0,정체,127.0620822932532974_37.5084978197410663|127.0631184701287282_37.5088181934601863
2026-09-04T09:00:31.559343+09:00,강남 MICE 관광특구,강남 MICE 관광특구,POI001,KEY_2,1220028803,테헤란로,1220040301,삼성역사거리,127.0631917873569989_37.5089566792768281,1220041404,서울강남경찰서교차로,127.0663791845268378_37.5099251428739393,302.0,8.0,정체,127.0663791845268378_37.5099251428739393|127.0647076757638558_37.5094210528302128|127.0645797580656193_37.5093821330006207|127.0631917873569989_37.5089566792768281
2026-09-04T09:00:31.559343+09:00,강남 MICE 관광특구,강남 MICE 관광특구,POI001,KEY_2,1220028902,테헤란로,1220040803,대치동 1011,127.0646284979941214_37.5092812253236190,1220040302,삼성역사거리,127.0632451463058885_37.5088571864380711,131.0,29.0,원활,127.0632451463058885_37.5088571864380711|127.0646284979941214_37.5092812253236190
2026-09-04T09:00:31.559343+09:00,강남 MICE 관광특구,강남 MICE 관광특구,POI001,KEY_2,1220030802,봉은사로,1220306300,삼성동 111-86,127.0595673491428670_37.5141997365039970,1220043809,코엑스앞교차로,127.0601375029284839_37.5143038844831338,52.0,17.0,서행,127.0601375029284839_37.5143038844831338|127.0595673491428670_37.5141997365039970
2026-09-04T09:00:31.559343+09:00,강남 MICE 관광특구,강남 MICE 관광특구,POI001,KEY_2,1220031404,봉은사로,1220043806,코엑스앞교차로,127.0602718568028990_37.5143280204466052,1220043805,삼성1동주민센터,127.0617426909060157_37.5145859851302461,133.0,7.0,정체,127.0617426909060157_37.5145859851302461|127.0612478602413944_37.5144992006761413|127.0602718568028990_37.5143280204466052
2026-09-04T09:00:31.559343+09:00,강남 MICE 관광특구,강남 MICE 관광특구,POI001,KEY_2,1220031503,봉은사로,1220304600,삼성동 172,127.0612770466940020_37.5143936087352401,1220043807,코엑스앞교차로,127.0603272282434091_37.5142270211862794,86.0,21.0,서행,127.0603272282434091_37.5142270211862794|127.0612770466940020_37.5143936087352401
2026-09-04T09:00:31.559343+09:00,동대문 관광특구,동대문 관광특구,POI002,KEY_3,1000002003,종로,1000011703,흥인지문사거리,127.0090256024343631_37.5712778950010033,1000011300,동대문역10번출구,127.0080672314708750_37.5710785300975587,89.0,10.0,정체,127.0080672314708750_37.5710785300975587|127.0082747571647133_37.5710829540366547|127.0084909821378574_37.5711078809344414|127.0086667767084236_37.5711528422383196|127.0087931039338400_37.5711945228473638|127.0090256024343631_37.5712778950010033
2026-09-04T09:00:31.559343+09:00,동대문 관광특구,동대문 관광특구,POI002,KEY_3,1000002201,종로,1000176600,창신동 442-1,127.0108777515568477_37.5716621493242968,1000011702,흥인지문사거리,127.0091495968440398_37.5713227254486739,158.0,16.0,서행,127.0091495968440398_37.5713227254486739|127.0092723977128770_37.5713674394156811|127.0094846006979310_37.5714183224799285|127.0097878732437096_37.5714751424867188|127.0103298320711360_37.5715766797035471|127.0103586021919568_37.5715820697737044|127.0108233682804553_37.5716512389232733|127.0108777515568477_37.5716621493242968
2026-09-04T09:00:31.559343+09:00,동대문 관광특구,동대문 관광특구,POI002,KEY_3,1000005401,청계천로,1010034902,버들다리(남측),127.0065602496820105_37.5695317839187268,1010034601,청계5가교차로,127.0021191180861280_37.5694902995239062,392.0,27.0,원활,127.0021191180861280_37.5694902995239062|127.0024509740674006_37.5695131963120659|127.0065602496820105_37.5695317839187268
2026-09-04T09:00:31.559343+09:00,동대문 관광특구,동대문 관광특구,POI002,KEY_3,1000005402,청계천로,1010034702,청계6가사거리,127.0096736759349909_37.5696339498216076,1010034901,버들다리(남측),127.0067045342350838_37.5695353837745003,263.0,16.0,서행,127.0067045342350838_37.5695353837745003|127.0093753105708458_37.5696558834258525|127.0096736759349909_37.5696339498216076
2026-09-04T09:00:31.559343+09:00,동대문 관광특구,동대문 관광특구,POI002,KEY_3,1000005800,청계천로,1010005302,신평화시장,127.0121349816149205_37.5696419493387239,1010034701,청계6가사거리,127.0098099727011487_37.5696292980751281,205.0,21.5,서행,127.0098099727011487_37.5696292980751281|127.0121349816149205_37.5696419493387239
2026-09-04T09:00:31.559343+09:00,동대문 관광특구,동대문 관광특구,POI002,KEY_3,1000006102,율곡로,1000009900,흥인지문,127.0093873462230221_37.5706631809010148,1000011703,흥인지문사거리,127.0090256024343631_37.5712778950010033,75.0,36.0,원활,127.0090256024343631_37.5712778950010033|127.0091075737013711_37.5711579258072774|127.0092355138361029_37.5709579814170240|127.0093370098156385_37.5707700537480775|127.0093873462230221_37.5706631809010148
2026-09-04T09:00:31.559343+09:00,동대문 관광특구,동대문 관광특구,POI002,KEY_3,1010010302,퇴계로,1010055500,광희동2가 106-3,127.0099082789205482_37.5646817382909717,1010024300,한양공고앞,127.0104773475085409_37.5647757639333406,51.0,10.0,정체,127.0104773475085409_37.5647757639333406|127.0099082789205482_37.5646817382909717
2026-09-04T09:00:31.559343+09:00,동대문 관광특구,동대문 관광특구,POI002,KEY_3,1010010303,퇴계로,1010024300,한양공고앞,127.0104773475085409_37.5647757639333406,1010024404,한양공고앞,127.0112090095234549_37.5649005480942861,66.0,39.0,원활,127.0112090095234549_37.5649005480942861|127.0110078071713389_37.5648590073598498|127.0104773475085409_37.5647757639333406
2026-09-04T09:00:31.559343+09:00,동대문 관광특구,동대문 관광특구,POI002,KEY_3,1010010404,퇴계로,1010024403,한양공고앞,127.0112431099512804_37.5647958913381643,1010024000,한양공고앞,127.0105042836972586_37.5646697935721292,67.0,41.0,원활,127.0105042836972586_37.5646697935721292|127.0110380183582066_37.5647535474378884|127.0112431099512804_37.5647958913381643
2026-09-04T09:00:31.559343+09:00,동대문 관광특구,동대문 관광특구,POI002,KEY_3,1010010601,마른내로,1010134000,광희동1가 235-6,127.0062746188617808_37.5646055130078267,1010023000,광희동1가169-1,127.0066022342274863_37.5645458036535800,30.0,14.0,정체,127.0066022342274863_37.5645458036535800|127.0063686118675577_37.5645902274929711|127.0062746188617808_37.5646055130078267
2026-09-04T09:00:31.559343+09:00,동대문 관광특구,동대문 관광특구,POI002,KEY_3,1010011501,을지로,1010025400,한양공고앞,127.0104615863536850_37.5651414229202487,1010025702,동대문역사문화공원역앞교차로,127.0098092568797057_37.5653495503264523,62.0,29.0,원활,127.0098092568797057_37.5653495503264523|127.0104018007762932_37.5651601202690344|127.0104615863536850_37.5651414229202487
2026-09-04T09:00:31.559343+09:00,동대문 관광특구,동대문 관광특구,POI002,KEY_3,1010011502,을지로,1010024404,한양공고앞,127.0112090095234549_37.5649005480942861,1010025400,한양공고앞,127.0104615863536850_37.5651414229202487,71.0,13.0,정체,127.0104615863536850_37.5651414229202487|127.0111251236703254_37.5649339132959668|127.0112090095234549_37.5649005480942861
2026-09-04T09:00:31.559343+09:00,동대문 관광특구,동대문 관광특구,POI002,KEY_3,1010011602,을지로,1010025701,동대문역사문화공원역앞교차로,127.0098839022084150_37.5654422003783637,1010024401,한양공고앞,127.0114159293672458_37.5649391116953026,146.0,13.0,정체,127.0114159293672458_37.5649391116953026|127.0111804215872553_37.5650327842942460|127.0105112526830311_37.5652420552738704|127.0104519446709617_37.5652606030398672|127.0098839022084150_37.5654422003783637
2026-09-04T09:00:31.559343+09:00,동대문 관광특구,동대문 관광특구,POI002,KEY_3,1010011701,퇴계로,1010024401,한양공고앞,127.0114159293672458_37.5649391116953026,1010024504,성동여자실업고교앞,127.0122824244794231_37.5649718786512210,77.0,39.5,원활,127.0122824244794231_37.5649718786512210|127.0116953092412899_37.5649498454663089|127.0116305534288301_37.5649473576079913|127.0114159293672458_37.5649391116953026
2026-09-04T09:00:31.559343+09:00,동대문 관광특구,동대문 관광특구,POI002,KEY_3,1010011703,퇴계로,1010129100,흥인동 162-1,127.0142218597084707_37.5651926228685937,1010025104,신당역,127.0156055414690144_37.5653606672875071,124.0,40.7,원활,127.0156055414690144_37.5653606672875071|127.0148603714920625_37.5652701705125835|127.0142218597084707_37.5651926228685937
2026-09-04T09:00:31.559343+09:00,동대문 관광특구,동대문 관광특구,POI002,KEY_3,1010011704,퇴계로,1010025101,신당역,127.0157472142811628_37.5653765487913560,1010025505,신당역사거리,127.0161301530858964_37.5654176105649569,34.0,36.7,원활,127.0161301530858964_37.5654176105649569|127.0157472142811628_37.5653765487913560
2026-09-04T09:00:31.559343+09:00,동대문 관광특구,동대문 관광특구,POI002,KEY_3,1010011801,퇴계로,1010044500,한양공고앞교차로,127.0116371013748875_37.5648393637238627,1010024402,한양공고앞,127.0114224776999379_37.5648311176682981,19.0,21.0,서행,127.0114224776999379_37.5648311176682981|127.0116371013748875_37.5648393637238627
2026-09-04T09:00:31.559343+09:00,동대문 관광특구,동대문 관광특구,POI002,KEY_3,1010011901,장충단로,1010022104,광희동사거리,127.0071286778296695_37.5642723681278099,1010024100,광희동2가9,127.0072910181171153_37.5647498099421497,55.0,12.0,정체,127.0072910181171153_37.5647498099421497|127.0072564348693760_37.5646568662029168|127.0071286778296695_37.5642723681278099
2026-09-04T09:00:31.559343+09:00,동대문 관광특구,동대문 관광특구,POI002,KEY_3,1010011902,장충단로,1010024100,광희동2가9,127.0072910181171153_37.5647498099421497,1010025603,동대문역사문화공원,127.0075096102102208_37.5653372838946922,68.0,25.0,원활,127.0075096102102208_37.5653372838946922|127.0072910181171153_37.5647498099421497
2026-09-04T09:00:31.559343+09:00,동대문 관광특구,동대문 관광특구,POI002,KEY_3,1010011903,장충단로,1010025604,동대문역사문화공원,127.0075480588206034_37.5654411230059182,1010026800,동대문역사문화공원,127.0076027310937263_37.5655895835695972,17.0,14.0,정체,127.0076027310937263_37.5655895835695972|127.0075480588206034_37.5654411230059182
2026-09-04T09:00:31.559343+09:00,동대문 관광특구,동대문 관광특구,POI002,KEY_3,1010011904,장충단로,1010026800,동대문역사문화공원,127.0076027310937263_37.5655895835695972,1010027503,동대문역사문화공원앞교차로,127.0077423203471056_37.5659686340729024,44.0,12.0,정체,127.0077423203471056_37.5659686340729024|127.0076027310937263_37.5655895835695972
2026-09-04T09:00:31.559343+09:00,동대문 관광특구,동대문 관광특구,POI002,KEY_3,1010012001,장충단로,1010023800,광희동2가9,127.0074212496598989_37.5647191039854818,1010022101,광희동사거리,127.0072731356478073_37.5642842960486263,50.0,14.0,정체,127.0072731356478073_37.5642842960486263|127.0073872334830867_37.5646276838331019|127.0074212496598989_37.5647191039854818
2026-09-04T09:00:31.559343+09:00,동대문 관광특구,동대문 관광특구,POI002,KEY_3,1010012002,장충단로,1010025602,동대문역사문화공원,127.0076398432787244_37.5653065784687641,1010023800,광희동2가9,127.0074212496598989_37.5647191039854818,68.0,19.0,서행,127.0074212496598989_37.5647191039854818|127.0076398432787244_37.5653065784687641
2026-09-04T09:00:31.559343+09:00,동대문 관광특구,동대문 관광특구,POI002,KEY_3,1010012003,장충단로,1010026500,동대문역사문화공원,127.0077330726616651_37.5655591691889441,1010025601,동대문역사문화공원,127.0076784001102084_37.5654107085710436,17.0,12.0,정체,127.0076784001102084_37.5654107085710436|127.0077330726616651_37.5655591691889441
2026-09-04T09:00:31.559343+09:00,동대문 관광특구,동대문 관광특구,POI002,KEY_3,1010012004,장충단로,1010027502,동대문역사문화공원앞교차로,127.0078734506891323_37.5659403597718651,1010026500,동대문역사문화공원,127.0077330726616651_37.5655591691889441,44.0,14.0,정체,127.0077330726616651_37.5655591691889441|127.0078734506891323_37.5659403597718651
2026-09-04T09:00:31.559343+09:00,동대문 관광특구,동대문 관광특구,POI002,KEY_3,1010013104,퇴계로,1010026103,속성변화점,127.0211957674442402_37.5655856117215876,1010026302,신당역(서울2호선),127.0197645442450352_37.5656319651526047,127.0,37.0,원활,127.0197645442450352_37.5656319651526047|127.0205488666692304_37.5656443090833747|127.0206684292129040_37.5656405803761970|127.0207742631976942_37.5656372797099394|127.0210595706817145_37.5656067908117777|127.0210619582555438_37.5656064195453538|127.0211957674442402_37.5655856117215876
2026-09-04T09:00:31.559343+09:00,동대문 관광특구,동대문 관광특구,POI002,KEY_3,1010013201,퇴계로,1010081700,황학동 757,127.0186241650023646_37.5657023223694893,1010026304,신당역(서울2호선),127.0196260547904643_37.5657380666285974,89.0,7.3,정체,127.0196260547904643_37.5657380666285974|127.0191248008310083_37.5657312115641773|127.0188070063581591_37.5657192171997423|127.0186241650023646_37.5657023223694893
2026-09-04T09:00:31.559343+09:00,동대문 관광특구,동대문 관광특구,POI002,KEY_3,1010013205,퇴계로,1010123400,황학동 757,127.0206737469985541_37.5657486168200094,1010026105,신당5동주민센터,127.0210879994097581_37.5657125329307533,37.0,6.5,정체,127.0210879994097581_37.5657125329307533|127.0210816476591305_37.5657135206677495|127.0207859832972161_37.5657451160638232|127.0206737469985541_37.5657486168200094
2026-09-04T09:00:31.559343+09:00,동대문 관광특구,동대문 관광특구,POI002,KEY_3,1010013301,을지로,1010026900,동대문역사문화공원,127.0084142117340065_37.5657933815894935,1010027502,동대문역사문화공원앞교차로,127.0078734506891323_37.5659403597718651,51.0,13.0,정체,127.0078734506891323_37.5659403597718651|127.0080862909446040_37.5658896606162571|127.0084142117340065_37.5657933815894935
2026-09-04T09:00:31.559343+09:00,동대문 관광특구,동대문 관광특구,POI002,KEY_3,1010013302,을지로,1010080900,을지로7가 112-3,127.0088653110683481_37.5656507823329591,1010026900,동대문역사문화공원,127.0084142117340065_37.5657933815894935,43.0,27.0,원활,127.0084142117340065_37.5657933815894935|127.0084667296888910_37.5657779617922074|127.0088653110683481_37.5656507823329591
2026-09-04T09:00:31.559343+09:00,동대문 관광특구,동대문 관광특구,POI002,KEY_3,1010013401,을지로,1010027501,동대문역사문화공원앞교차로,127.0079126423696891_37.5660438810911330,1010025704,동대문역사문화공원역앞교차로,127.0097555715754112_37.5654831945412937,174.0,10.0,정체,127.0097555715754112_37.5654831945412937|127.0096128053100841_37.5655287500039421|127.0089158485056231_37.5657511395251831|127.0085155097829670_37.5658788797530079|127.0084612158882180_37.5658948204746821|127.0081293049191800_37.5659922730020028|127.0079126423696891_37.5660438810911330
2026-09-04T09:00:31.559343+09:00,동대문 관광특구,동대문 관광특구,POI002,KEY_3,1010014502,을지로45길,1010025704,동대문역사문화공원역앞교차로,127.0097555715754112_37.5654831945412937,1010031203,신당동 251-159,127.0125199832589118_37.5670528209413206,317.0,24.0,서행,127.0125199832589118_37.5670528209413206|127.0124748534802706_37.5669451006742108|127.0123969525654672_37.5668174774060688|127.0123025116707964_37.5666983314770420|127.0121971172845576_37.5665907571920030|127.0120637838956981_37.5664864490764074|127.0119132422724846_37.5664083993704807|127.0117389300272777_37.5663307203448511|127.0115558621243821_37.5662698698201609|127.0113306725807121_37.5662120107637136|127.0106272887382772_37.5660711531911673|127.0104211268278505_37.5660237206134866|127.0102552544842212_37.5659567055388024|127.0101066121111302_37.5658730843004420|127.0099898103265588_37.5657739315167234|127.0097555715754112_37.5654831945412937
2026-09-04T09:00:31.559343+09:00,동대문 관광특구,동대문 관광특구,POI002,KEY_3,1010014503,을지로45길,1010031204,신당동 251-159,127.0125599243742585_37.5672394044600324,1010031813,운동장평화시장,127.0124984243057042_37.5678383411287697,68.0,12.0,정체,127.0124984243057042_37.5678383411287697|127.0125278070149193_37.5678140109252396|127.0125545329192533_37.5677608060890265|127.0125807604174355_37.5676720254815848|127.0125874088479208_37.5675818531156409|127.0125803643056344_37.5674031656770779|127.0125599243742585_37.5672394044600324
2026-09-04T09:00:31.559343+09:00,동대문 관광특구,동대문 관광특구,POI002,KEY_3,1010014602,을지로45길,1010031202,신당동 251-159,127.0126037267031904_37.5669109428648440,1010025701,동대문역사문화공원역앞교차로,127.0098839022084150_37.5654422003783637,305.0,33.0,원활,127.0098839022084150_37.5654422003783637|127.0100974157430329_37.5657072126138019|127.0101962625768266_37.5657911237929127|127.0103255593623715_37.5658638616798513|127.0104711638876438_37.5659226884021962|127.0106627259196870_37.5659667614976271|127.0113681429240273_37.5661080259160514|127.0116029740556911_37.5661683625948655|127.0117984706255356_37.5662333437737743|127.0119835625390436_37.5663158266306780|127.0121493010753682_37.5664017556969796|127.0122987151525393_37.5665186435508005|127.0124137776696784_37.5666360853386863|127.0125158379894970_37.5667648439987900|127.0126009014704351_37.5669041991938073|127.0126037267031904_37.5669109428648440
2026-09-04T09:00:31.559343+09:00,동대문 관광특구,동대문 관광특구,POI002,KEY_3,1010014603,을지로45길,1010031812,운동장평화시장,127.0126485643679786_37.5678648322467907,1010031201,신당동 199-6,127.0126632942662184_37.5670642770788277,90.0,18.0,서행,127.0126632942662184_37.5670642770788277|127.0126915510936527_37.5672094829220882|127.0127159720722574_37.5673958521818534|127.0127233647992000_37.5675833278878599|127.0127156707868608_37.5676876829484456|127.0126844296511024_37.5677934334783714|127.0126485643679786_37.5678648322467907
2026-09-04T09:00:31.559343+09:00,동대문 관광특구,동대문 관광특구,POI002,KEY_3,1010014903,을지로,1010142800,을지로6가 55-5,127.0048451725819234_37.5665039662244240,1010029302,노보텔앰배서더서울동대문,127.0044950518891795_37.5665669124054631,32.0,24.0,서행,127.0044950518891795_37.5665669124054631|127.0048451725819234_37.5665039662244240
2026-09-04T09:00:31.559343+09:00,동대문 관광특구,동대문 관광특구,POI002,KEY_3,1010014904,을지로,1010027300,동대문역사문화공원,127.0072093223593868_37.5660721727252351,1010028502,을지로6가 23-30,127.0068099877482979_37.5661497447646155,36.0,4.0,정체,127.0068099877482979_37.5661497447646155|127.0072093223593868_37.5660721727252351
2026-09-04T09:00:31.559343+09:00,동대문 관광특구,동대문 관광특구,POI002,KEY_3,1010014905,을지로,1010027503,동대문역사문화공원앞교차로,127.0077423203471056_37.5659686340729024,1010027300,동대문역사문화공원,127.0072093223593868_37.5660721727252351,48.0,10.0,정체,127.0072093223593868_37.5660721727252351|127.0077423203471056_37.5659686340729024
2026-09-04T09:00:31.559343+09:00,동대문 관광특구,동대문 관광특구,POI002,KEY_3,1010015003,을지로,1010148600,을지로6가 55-5,127.0059756238963331_37.5664115645017986,1010028504,을지로6가 23-30,127.0067077144106662_37.5662799350011980,66.0,13.0,정체,127.0067077144106662_37.5662799350011980|127.0059756238963331_37.5664115645017986
2026-09-04T09:00:31.559343+09:00,동대문 관광특구,동대문 관광특구,POI002,KEY_3,1010015004,을지로,1010028501,을지로6가 23-30,127.0068399544692994_37.5662552159040573,1010028100,동대문역사문화공원,127.0072415247333453_37.5661772097702809,37.0,15.0,서행,127.0072415247333453_37.5661772097702809|127.0068399544692994_37.5662552159040573
2026-09-04T09:00:31.559343+09:00,동대문 관광특구,동대문 관광특구,POI002,KEY_3,1010015005,을지로,1010028100,동대문역사문화공원,127.0072415247333453_37.5661772097702809,1010027504,동대문역사문화공원앞교차로,127.0077815127893501_37.5660723132225556,49.0,27.0,원활,127.0077815127893501_37.5660723132225556|127.0072415247333453_37.5661772097702809
2026-09-04T09:00:31.559343+09:00,동대문 관광특구,동대문 관광특구,POI002,KEY_3,1010019202,지봉로,1010035201,청계7가사거리,127.0159391928957717_37.5700239796054660,1010034801,청계7가사거리,127.0159658392398683_37.5696730413387101,39.0,22.0,서행,127.0159658392398683_37.5696730413387101|127.0159391928957717_37.5700239796054660
2026-09-04T09:00:31.559343+09:00,동대문 관광특구,동대문 관광특구,POI002,KEY_3,1010015903,다산로,1010030609,광희초교,127.0160617314247702_37.5668749100625661,1010032003,흥인사거리,127.0159430605048101_37.5679606692483219,121.0,17.0,서행,127.0159430605048101_37.5679606692483219|127.0159743421306047_37.5676112312418340|127.0160255927031301_37.5672344083472609|127.0160402251580791_37.5671268232184943|127.0160549534698760_37.5670185344442942|127.0160617314247702_37.5668749100625661
2026-09-04T09:00:31.559343+09:00,동대문 관광특구,동대문 관광특구,POI002,KEY_3,1010015905,다산로,1010025505,신당역사거리,127.0161301530858964_37.5654176105649569,1010030608,광희초교,127.0160674105021883_37.5667646741866150,150.0,7.0,정체,127.0160674105021883_37.5667646741866150|127.0160810448809769_37.5665140691110153|127.0160869222810902_37.5664060394060755|127.0161264200022373_37.5656800402324649|127.0161301530858964_37.5654176105649569
2026-09-04T09:00:31.559343+09:00,동대문 관광특구,동대문 관광특구,POI002,KEY_3,1010016004,다산로,1010032002,흥인사거리,127.0160789424705570_37.5679639438026456,1010030602,흥인사거리,127.0161606333554687_37.5672460453498260,80.0,7.0,정체,127.0161606333554687_37.5672460453498260|127.0161096513763539_37.5676208949564980|127.0160789424705570_37.5679639438026456
2026-09-04T09:00:31.559343+09:00,동대문 관광특구,동대문 관광특구,POI002,KEY_3,1010016005,다산로,1010025507,신당역(서울6호선),127.0162226232657048_37.5664107172522961,1010025502,신당역사거리,127.0162657689687649_37.5654329995531739,109.0,17.0,서행,127.0162657689687649_37.5654329995531739|127.0162622132909576_37.5656829912889449|127.0162226232657048_37.5664107172522961
2026-09-04T09:00:31.559343+09:00,동대문 관광특구,동대문 관광특구,POI002,KEY_3,1010016006,다산로,1010030603,흥인사거리,127.0161752657197951_37.5671384605402565,1010025506,신당역(서울6호선),127.0162167460837139_37.5665187469929265,69.0,34.0,원활,127.0162167460837139_37.5665187469929265|127.0162031121587347_37.5667693520839094|127.0161974648976724_37.5668789685628042|127.0161905080191644_37.5670263924383008|127.0161752657197951_37.5671384605402565
2026-09-04T09:00:31.559343+09:00,동대문 관광특구,동대문 관광특구,POI002,KEY_3,1010017301,장충단로,1010027504,동대문역사문화공원앞교차로,127.0077815127893501_37.5660723132225556,1010028800,동대문역사문화공원,127.0080565712496110_37.5666288866091591,67.0,4.0,정체,127.0080565712496110_37.5666288866091591|127.0079624699871488_37.5664856769850175|127.0078715207442457_37.5663037548790442|127.0077815127893501_37.5660723132225556
2026-09-04T09:00:31.559343+09:00,동대문 관광특구,동대문 관광특구,POI002,KEY_3,1010017302,장충단로,1010143800,을지로6가 18-11,127.0082819372846643_37.5669476563761933,1010031703,을지로6가 18-11,127.0088451603658086_37.5677293203079117,100.0,18.0,서행,127.0088451603658086_37.5677293203079117|127.0082819372846643_37.5669476563761933
2026-09-04T09:00:31.559343+09:00,동대문 관광특구,동대문 관광특구,POI002,KEY_3,1010017303,장충단로,1010151400,을지로6가 18-11,127.0092239635291378_37.5682916548078154,1010033603,흥인시장,127.0095744381944343_37.5688379054322823,68.0,30.0,원활,127.0095744381944343_37.5688379054322823|127.0095441539168775_37.5687836818919578|127.0094685009096480_37.5686576314897209|127.0092239635291378_37.5682916548078154
2026-09-04T09:00:31.559343+09:00,동대문 관광특구,동대문 관광특구,POI002,KEY_3,1010017304,장충단로,1010033604,흥인시장,127.0096221501300420_37.5689990735866033,1010034702,청계6가사거리,127.0096736759349909_37.5696339498216076,71.0,24.0,서행,127.0096736759349909_37.5696339498216076|127.0096864325971779_37.5694310293012208|127.0096700878060432_37.5692510036280254|127.0096371243204487_37.5690562417204532|127.0096221501300420_37.5689990735866033
2026-09-04T09:00:31.559343+09:00,동대문 관광특구,동대문 관광특구,POI002,KEY_3,1010017401,장충단로,1010031702,을지로6가 18-198,127.0089629856017694_37.5676755281945915,1010027501,동대문역사문화공원앞교차로,127.0079126423696891_37.5660438810911330,204.0,28.0,원활,127.0079126423696891_37.5660438810911330|127.0079996952631092_37.5662677235432056|127.0080860788338697_37.5664405124682617|127.0081769300446410_37.5665787757523901|127.0082204295207475_37.5666449752098757|127.0083997623679863_37.5668938645087991|127.0089629856017694_37.5676755281945915
2026-09-04T09:00:31.559343+09:00,동대문 관광특구,동대문 관광특구,POI002,KEY_3,1010017402,장충단로,1010033602,흥인시장,127.0096784540469628_37.5687579872561841,1010031701,을지로6가 18-11,127.0090328345347217_37.5677753546081874,123.0,18.0,서행,127.0090328345347217_37.5677753546081874|127.0093438877200214_37.5682408851308693|127.0095898005743607_37.5686089201824345|127.0096675199618375_37.5687384094390211|127.0096784540469628_37.5687579872561841
2026-09-04T09:00:31.559343+09:00,동대문 관광특구,동대문 관광특구,POI002,KEY_3,1010017405,장충단로,1010034701,청계6가사거리,127.0098099727011487_37.5696292980751281,1010033601,흥인시장,127.0097254442646317_37.5688636970958783,86.0,12.0,정체,127.0097254442646317_37.5688636970958783|127.0097710903643389_37.5690379675287076|127.0098052651739948_37.5692398786983972|127.0098225114876840_37.5694298296446618|127.0098099727011487_37.5696292980751281
2026-09-04T09:00:31.559343+09:00,동대문 관광특구,동대문 관광특구,POI002,KEY_3,1010017406,율곡로,1010035101,청계6가사거리,127.0097583244985060_37.5699427587399839,1010034701,청계6가사거리,127.0098099727011487_37.5696292980751281,35.0,28.0,원활,127.0098099727011487_37.5696292980751281|127.0097583244985060_37.5699427587399839
2026-09-04T09:00:31.559343+09:00,동대문 관광특구,동대문 관광특구,POI002,KEY_3,1010019600,청계천로,1010034802,청계7가사거리,127.0158306639446124_37.5696611075855529,1010005301,신평화시장,127.0122708151406528_37.5696426709985616,314.0,15.0,서행,127.0122708151406528_37.5696426709985616|127.0158306639446124_37.5696611075855529
2026-09-04T09:00:31.559343+09:00,동대문 관광특구,동대문 관광특구,POI002,KEY_3,1010017900,마장로,1010031811,운동장평화시장,127.0125602184103286_37.5679573189645097,1010032004,흥인사거리,127.0159347353495747_37.5680686203623893,300.0,21.0,서행,127.0159347353495747_37.5680686203623893|127.0156884666647272_37.5680616007632224|127.0144660810207995_37.5680903184376831|127.0138825710250785_37.5680999453562308|127.0137456855287041_37.5680989709988395|127.0136150764297582_37.5680980411691650|127.0132103478226497_37.5680672217406553|127.0129104055784666_37.5680323170113368|127.0127590991973818_37.5680014116303767|127.0127288182885081_37.5679952265176880|127.0125602184103286_37.5679573189645097
2026-09-04T09:00:31.559343+09:00,동대문 관광특구,동대문 관광특구,POI002,KEY_3,1010018000,마장로,1010140800,신당동 208-5,127.0127928615110591_37.5678966848153522,1010031812,운동장평화시장,127.0126485643679786_37.5678648322467907,13.0,12.0,정체,127.0126485643679786_37.5678648322467907|127.0127641662878943_37.5678908234252873|127.0127928615110591_37.5678966848153522
2026-09-04T09:00:31.559343+09:00,동대문 관광특구,동대문 관광특구,POI002,KEY_3,1010018501,마장로,1010148000,황학동 160,127.0178811388246203_37.5681858311381092,1010032002,흥인사거리,127.0160789424705570_37.5679639438026456,161.0,17.0,서행,127.0160789424705570_37.5679639438026456|127.0163154668655494_37.5679686852888892|127.0165901118881067_37.5679879931942224|127.0168817457523289_37.5680208363940551|127.0176785581743104_37.5681563529552491|127.0178811388246203_37.5681858311381092
2026-09-04T09:00:31.559343+09:00,동대문 관광특구,동대문 관광특구,POI002,KEY_3,1010018701,마장로,1010152800,신당동 204-97,127.0117072992637475_37.5679805134442333,1010031814,운동장평화시장,127.0124154726912309_37.5679435535466197,63.0,31.0,원활,127.0124154726912309_37.5679435535466197|127.0122590074739151_37.5679378566801887|127.0120605595701875_37.5679355192139823|127.0119126210582579_37.5679377984365175|127.0117849221734048_37.5679599090739913|127.0117072992637475_37.5679805134442333
2026-09-04T09:00:31.559343+09:00,동대문 관광특구,동대문 관광특구,POI002,KEY_3,1010018702,마장로,1010033601,흥인시장,127.0097254442646317_37.5688636970958783,1010031806,신당동 220-37,127.0108933564805653_37.5683374957941965,119.0,23.0,서행,127.0108933564805653_37.5683374957941965|127.0103128324394817_37.5685983229940632|127.0098862405464928_37.5687745410715479|127.0097254442646317_37.5688636970958783
2026-09-04T09:00:31.559343+09:00,동대문 관광특구,동대문 관광특구,POI002,KEY_3,1010018801,마장로,1010031805,신당동 222-3,127.0108265877144618_37.5682433405487259,1010033602,흥인시장,127.0096784540469628_37.5687579872561841,117.0,11.0,정체,127.0096784540469628_37.5687579872561841|127.0098158423830341_37.5686818101705882|127.0102481441824267_37.5685032330426054|127.0108265877144618_37.5682433405487259
2026-09-04T09:00:31.559343+09:00,동대문 관광특구,동대문 관광특구,POI002,KEY_3,1010018802,마장로,1010031813,운동장평화시장,127.0124984243057042_37.5678383411287697,1010031804,신당동 204-25,127.0109614857434366_37.5681827306582221,145.0,12.0,정체,127.0109614857434366_37.5681827306582221|127.0116044562520585_37.5678938389136974|127.0116643298441801_37.5678779462685810|127.0117488970436739_37.5678554989719800|127.0118967207613707_37.5678299039982804|127.0120602489677566_37.5678273844402426|127.0122631167441938_37.5678297737057392|127.0124984243057042_37.5678383411287697
2026-09-04T09:00:31.559343+09:00,동대문 관광특구,동대문 관광특구,POI002,KEY_3,1010018901,마장로1길,1010152100,신당동 213-11,127.0121553033908839_37.5690336687148729,1010005302,신평화시장,127.0121349816149205_37.5696419493387239,68.0,10.0,정체,127.0121349816149205_37.5696419493387239|127.0121421248701665_37.5691843025149339|127.0121553033908839_37.5690336687148729
2026-09-04T09:00:31.559343+09:00,동대문 관광특구,동대문 관광특구,POI002,KEY_3,1010018902,마장로1길,1010031814,운동장평화시장,127.0124154726912309_37.5679435535466197,1010031809,신당동222-8,127.0122750629742399_37.5683759183048167,50.0,5.0,정체,127.0122750629742399_37.5683759183048167|127.0123180657187021_37.5681383238811932|127.0123497877902849_37.5680414779446536|127.0124154726912309_37.5679435535466197
2026-09-04T09:00:31.559343+09:00,동대문 관광특구,동대문 관광특구,POI002,KEY_3,1010019001,마장로1길,1010031808,신당동222-8,127.0124095059075984_37.5683913354501371,1010031811,운동장평화시장,127.0125602184103286_37.5679573189645097,51.0,11.0,정체,127.0125602184103286_37.5679573189645097|127.0124771732185138_37.5680811245796917|127.0124514225665706_37.5681597391732680|127.0124095059075984_37.5683913354501371
2026-09-04T09:00:31.559343+09:00,동대문 관광특구,동대문 관광특구,POI002,KEY_3,1010019002,마장로1길,1010005301,신평화시장,127.0122708151406528_37.5696426709985616,1010031807,신당동222-8,127.0123898303853878_37.5685000458484097,127.0,13.0,정체,127.0123898303853878_37.5685000458484097|127.0123418218841209_37.5687652999462713|127.0122919230176990_37.5690284264960468|127.0122908073151677_37.5690411795721175|127.0122778985721510_37.5691887330836352|127.0122708151406528_37.5696426709985616
2026-09-04T09:00:31.559343+09:00,동대문 관광특구,동대문 관광특구,POI002,KEY_3,1010019101,다산로,1010141200,흥인동 162-1,127.0158502651201076_37.5693611781333274,1010034802,청계7가사거리,127.0158306639446124_37.5696611075855529,33.0,13.3,정체,127.0158306639446124_37.5696611075855529|127.0158502651201076_37.5693611781333274
2026-09-04T09:00:31.559343+09:00,동대문 관광특구,동대문 관광특구,POI002,KEY_3,1010019102,지봉로,1010034802,청계7가사거리,127.0158306639446124_37.5696611075855529,1010035202,청계7가사거리,127.0158040936899226_37.5700110354399825,39.0,15.0,서행,127.0158040936899226_37.5700110354399825|127.0158306639446124_37.5696611075855529
2026-09-04T09:00:31.559343+09:00,동대문 관광특구,동대문 관광특구,POI002,KEY_3,1010019201,다산로,1010034801,청계7가사거리,127.0159658392398683_37.5696730413387101,1010032001,흥인사거리,127.0160705316801852_37.5680719294102587,178.0,10.0,정체,127.0160705316801852_37.5680719294102587|127.0159858642378339_37.5693667947247576|127.0159658392398683_37.5696730413387101
2026-09-04T09:00:31.559343+09:00,동대문 관광특구,동대문 관광특구,POI002,KEY_3,1010019801,청계천로,1010035302,영도교,127.0190376795105180_37.5709005304627368,1010034801,청계7가사거리,127.0159658392398683_37.5696730413387101,306.0,23.0,서행,127.0159658392398683_37.5696730413387101|127.0162447649568236_37.5697211440676426|127.0165233090075390_37.5697807026559474|127.0168138383008198_37.5698640974172520|127.0171942285477513_37.5699927732501777|127.0175147209545514_37.5701286070555724|127.0180299167504216_37.5703764545912975|127.0190376795105180_37.5709005304627368
2026-09-04T09:00:31.559343+09:00,동대문 관광특구,동대문 관광특구,POI002,KEY_3,1010037500,퇴계로,1010022000,광희동1가202-5,127.0064842473273927_37.5641466003637774,1010022800,동대문역사문화공원역(서울5호선),127.0065706763448077_37.5644406429326594,48.0,10.0,정체,127.0065706763448077_37.5644406429326594|127.0066811536361087_37.5643775516764293|127.0066907310278452_37.5643088952173088|127.0066691623191701_37.5642345191936187|127.0066041857510015_37.5641759869182650|127.0064842473273927_37.5641466003637774
2026-09-04T09:00:31.559343+09:00,동대문 관광특구,동대문 관광특구,POI002,KEY_3,1010038000,장충단로,1010023800,광희동2가9,127.0074212496598989_37.5647191039854818,1010022600,동대문역사문화공원역(서울4호선),127.0077454141687099_37.5643181758701132,63.0,14.0,정체,127.0077454141687099_37.5643181758701132|127.0075819683701184_37.5643336340610148|127.0075100991725066_37.5643889445091830|127.0074478177686927_37.5644766757582289|127.0073975133061595_37.5645491496537787|127.0074212496598989_37.5647191039854818
2026-09-04T09:00:31.559343+09:00,동대문 관광특구,동대문 관광특구,POI002,KEY_3,1010038700,마른내로,1010023000,광희동1가169-1,127.0066022342274863_37.5645458036535800,1010024100,광희동2가9,127.0072910181171153_37.5647498099421497,71.0,23.0,서행,127.0072910181171153_37.5647498099421497|127.0070884576186359_37.5645796826538856|127.0069375173959259_37.5645243848659760|127.0068231515665786_37.5645069004905352|127.0066022342274863_37.5645458036535800
2026-09-04T09:00:31.559343+09:00,동대문 관광특구,동대문 관광특구,POI002,KEY_3,1010039200,퇴계로,1010024300,한양공고앞,127.0104773475085409_37.5647757639333406,1010025400,한양공고앞,127.0104615863536850_37.5651414229202487,51.0,13.0,정체,127.0104615863536850_37.5651414229202487|127.0105600471430023_37.5650748710828495|127.0105997131547184_37.5650060557475030|127.0106034436050777_37.5649166603729512|127.0105734829310649_37.5648213070281614|127.0104773475085409_37.5647757639333406
2026-09-04T09:00:31.559343+09:00,동대문 관광특구,동대문 관광특구,POI002,KEY_3,1010040100,장충단로,1010092000,광희동1가 181-1,127.0065666581878219_37.5657901895796726,1010028503,을지로6가 23-30,127.0066777601740426_37.5661744771858537,44.0,10.0,정체,127.0066777601740426_37.5661744771858537|127.0065666581878219_37.5657901895796726
2026-09-04T09:00:31.559343+09:00,동대문 관광특구,동대문 관광특구,POI002,KEY_3,1010040200,장충단로,1010028502,을지로6가 23-30,127.0068099877482979_37.5661497447646155,1010025604,동대문역사문화공원,127.0075480588206034_37.5654411230059182,142.0,9.0,정체,127.0075480588206034_37.5654411230059182|127.0066546962787299_37.5656126126095131|127.0066990252346812_37.5657659412754299|127.0068099877482979_37.5661497447646155
2026-09-04T09:00:31.559343+09:00,동대문 관광특구,동대문 관광특구,POI002,KEY_3,1010040800,을지로,1010026900,동대문역사문화공원,127.0084142117340065_37.5657933815894935,1010026500,동대문역사문화공원,127.0077330726616651_37.5655591691889441,68.0,18.0,서행,127.0077330726616651_37.5655591691889441|127.0079381871399988_37.5656946131292102|127.0081740368883487_37.5657810133705610|127.0084142117340065_37.5657933815894935
2026-09-04T09:00:31.559343+09:00,동대문 관광특구,동대문 관광특구,POI002,KEY_3,1010041000,장충단로,1010026800,동대문역사문화공원,127.0076027310937263_37.5655895835695972,1010027300,동대문역사문화공원,127.0072093223593868_37.5660721727252351,68.0,12.0,정체,127.0072093223593868_37.5660721727252351|127.0074103827092529_37.5659777349919963|127.0075077022791419_37.5658704535518240|127.0075937893706595_37.5657363546045602|127.0076027310937263_37.5655895835695972
2026-09-04T09:00:31.559343+09:00,동대문 관광특구,동대문 관광특구,POI002,KEY_3,1010041400,퇴계로71길,1010146500,신당동 251-113,127.0128353641023153_37.5665709505979564,1010024501,성동여자실업고교앞,127.0124180083525971_37.5649793334128219,204.0,14.0,정체,127.0124180083525971_37.5649793334128219|127.0124114001971662_37.5650299826422014|127.0124068834825550_37.5661119920256468|127.0124128800912473_37.5661177857006550|127.0128352490476402_37.5662369720408265|127.0128757748486237_37.5663122143075370|127.0128353641023153_37.5665709505979564
2026-09-04T09:00:31.559343+09:00,동대문 관광특구,동대문 관광특구,POI002,KEY_3,1010041500,퇴계로71길,1010024504,성동여자실업고교앞,127.0122824244794231_37.5649718786512210,1010031202,신당동 251-159,127.0126037267031904_37.5669109428648440,244.0,13.0,정체,127.0126037267031904_37.5669109428648440|127.0126412307703134_37.5668474033094597|127.0126698024754859_37.5667546274016004|127.0127005738834924_37.5665576114049742|127.0127364488098749_37.5663279184632444|127.0127338355630116_37.5663230668818073|127.0123319930443841_37.5662096732445008|127.0122708949118078_37.5661506328379602|127.0122755975942681_37.5650242043360834|127.0122824244794231_37.5649718786512210
2026-09-04T09:00:31.559343+09:00,동대문 관광특구,동대문 관광특구,POI002,KEY_3,1010041600,퇴계로75길,1010030608,광희초교,127.0160674105021883_37.5667646741866150,1010025101,신당역,127.0157472142811628_37.5653765487913560,171.0,10.0,정체,127.0157472142811628_37.5653765487913560|127.0157807694131407_37.5655235857224596|127.0157959514498032_37.5662042009814456|127.0158068552079413_37.5666930119781171|127.0158387126609796_37.5667198528817465|127.0160674105021883_37.5667646741866150
2026-09-04T09:00:31.559343+09:00,동대문 관광특구,동대문 관광특구,POI002,KEY_3,1010041700,퇴계로75길,1010143700,흥인동 117-5,127.0156601453222152_37.5662061203708575,1010030609,광희초교,127.0160617314247702_37.5668749100625661,98.0,13.0,정체,127.0160617314247702_37.5668749100625661|127.0157674288877132_37.5668172312489048|127.0156719822129077_37.5667368138553144|127.0156601453222152_37.5662061203708575
2026-09-04T09:00:31.559343+09:00,동대문 관광특구,동대문 관광특구,POI002,KEY_3,1010041800,을지로,1010028100,동대문역사문화공원,127.0072415247333453_37.5661772097702809,1010028800,동대문역사문화공원,127.0080565712496110_37.5666288866091591,89.0,23.0,서행,127.0080565712496110_37.5666288866091591|127.0077173922156106_37.5663889362043406|127.0073916863854606_37.5661982459288595|127.0072415247333453_37.5661772097702809
2026-09-04T09:00:31.559343+09:00,동대문 관광특구,동대문 관광특구,POI002,KEY_3,1010043800,을지로43길,1010149300,을지로6가 18-222,127.0073782111932843_37.5673699384108701,1010028501,을지로6가 23-30,127.0068399544692994_37.5662552159040573,137.0,18.0,서행,127.0068399544692994_37.5662552159040573|127.0069949714038273_37.5668109051300121|127.0070602814434295_37.5670450194884324|127.0071638649251753_37.5670828028170760|127.0073782111932843_37.5673699384108701
2026-09-04T09:00:31.559343+09:00,동대문 관광특구,동대문 관광특구,POI002,KEY_3,1010044900,장충단로13길,1010031901,현대시티아울렛(동대문점),127.0078041379920819_37.5680116507579029,1010031704,을지로6가 18-11,127.0089129103870960_37.5678261241420017,100.0,18.5,서행,127.0089129103870960_37.5678261241420017|127.0087521862193825_37.5678639356992790|127.0078041379920819_37.5680116507579029
2026-09-04T09:00:31.559343+09:00,동대문 관광특구,동대문 관광특구,POI002,KEY_3,1010045400,장충단로13길,1010032401,라뜰리에,127.0073032393134156_37.5680926349257334,1010031904,현대시티아울렛(동대문점),127.0076640479500298_37.5680340824541119,33.0,17.5,서행,127.0076640479500298_37.5680340824541119|127.0073032393134156_37.5680926349257334
2026-09-04T09:00:31.559343+09:00,동대문 관광특구,동대문 관광특구,POI002,KEY_3,1010045500,을지로39길,1010153200,을지로6가 18-11,127.0048090270473011_37.5670973204548702,1010029301,노보텔앰배서더서울동대문,127.0045543539209376_37.5666670938253304,53.0,13.0,정체,127.0045543539209376_37.5666670938253304|127.0048090270473011_37.5670973204548702
2026-09-04T09:00:31.559343+09:00,동대문 관광특구,동대문 관광특구,POI002,KEY_3,1010045600,을지로39길,1010139800,을지로6가 18-11,127.0066730552178456_37.5681872995602077,1010032404,라뜰리에,127.0071655544813609_37.5681138478869201,44.0,14.0,정체,127.0071655544813609_37.5681138478869201|127.0066730552178456_37.5681872995602077
2026-09-04T09:00:31.559343+09:00,동대문 관광특구,동대문 관광특구,POI002,KEY_3,1010046100,장충단로.장충단로13길,1010149900,을지로6가 18-12,127.0085250946082596_37.5692538356941554,1010032401,라뜰리에,127.0073032393134156_37.5680926349257334,236.0,17.0,서행,127.0073032393134156_37.5680926349257334|127.0072300360729116_37.5690589517777553|127.0072386991814142_37.5691914930984012|127.0072413992780440_37.5691957915825583|127.0072563754432053_37.5692017507484977|127.0085250946082596_37.5692538356941554
2026-09-04T09:00:31.559343+09:00,동대문 관광특구,동대문 관광특구,POI002,KEY_3,1010046200,장충단로,1010149800,을지로6가 17-468,127.0085180990572127_37.5693618116457060,1010033604,흥인시장,127.0096221501300420_37.5689990735866033,120.0,5.0,정체,127.0096221501300420_37.5689990735866033|127.0095287010951211_37.5691419252875107|127.0093799513192749_37.5693199901350354|127.0092838051250510_37.5693743124476072|127.0091918387787189_37.5693894653783715|127.0085180990572127_37.5693618116457060
2026-09-04T09:00:31.559343+09:00,동대문 관광특구,동대문 관광특구,POI002,KEY_3,1010049900,다산로48길,1010030602,흥인사거리,127.0161606333554687_37.5672460453498260,1010037002,흥인동165,127.0168791560236201_37.5672839465636130,64.0,2.0,정체,127.0168791560236201_37.5672839465636130|127.0161606333554687_37.5672460453498260
2026-09-04T09:00:31.559343+09:00,동대문 관광특구,동대문 관광특구,POI002,KEY_3,1010050000,다산로48길,1010037001,흥인동165,127.0168881371641589_37.5671760636422079,1010030603,흥인사거리,127.0161752657197951_37.5671384605402565,63.0,10.0,정체,127.0161752657197951_37.5671384605402565|127.0168881371641589_37.5671760636422079
2026-09-04T09:00:31.559343+09:00,명동 관광특구,명동 관광특구,POI003,KEY_4,1000000303,종로,1000008703,종로1가사거리,126.9828971865418197_37.5701731264087542,1000007700,종로1가,126.9822109960776402_37.5701758601934444,61.0,11.0,정체,126.9822109960776402_37.5701758601934444|126.9824008620181672_37.5701779915733454|126.9828971865418197_37.5701731264087542
2026-09-04T09:00:31.559343+09:00,명동 관광특구,명동 관광특구,POI003,KEY_4,1000000403,종로,1000009500,종로1가,126.9822090811274506_37.5702839694386270,1000008704,종로1가사거리,126.9829124807839946_37.5702811035568871,62.0,11.0,정체,126.9829124807839946_37.5702811035568871|126.9824007403594095_37.5702861200097971|126.9822090811274506_37.5702839694386270
2026-09-04T09:00:31.559343+09:00,명동 관광특구,명동 관광특구,POI003,KEY_4,1000000501,종로,1000008701,종로1가사거리,126.9830485481293891_37.5702800768006568,1000009600,종로1가,126.9837104338048164_37.5702764015435093,58.0,7.0,정체,126.9837104338048164_37.5702764015435093|126.9830485481293891_37.5702800768006568
2026-09-04T09:00:31.559343+09:00,명동 관광특구,명동 관광특구,POI003,KEY_4,1000000502,종로,1000231500,종로2가 1-2,126.9840871569151233_37.5702743076942411,1000009104,종각지하쇼핑센터,126.9856860459643428_37.5702623526753499,141.0,7.0,정체,126.9856860459643428_37.5702623526753499|126.9846512311403757_37.5702711702886205|126.9844496207387294_37.5702722919640593|126.9840871569151233_37.5702743076942411
2026-09-04T09:00:31.559343+09:00,명동 관광특구,명동 관광특구,POI003,KEY_4,1000000601,종로,1000007800,종로1가,126.9837094850009294_37.5701682846705296,1000008702,종로1가사거리,126.9830343185050481_37.5701720336345346,60.0,11.0,정체,126.9830343185050481_37.5701720336345346|126.9837094850009294_37.5701682846705296
2026-09-04T09:00:31.559343+09:00,명동 관광특구,명동 관광특구,POI003,KEY_4,1000000602,종로,1000231400,종로2가 1-2,126.9840862081807984_37.5701661909693030,1000007800,종로1가,126.9837094850009294_37.5701682846705296,33.0,11.0,정체,126.9837094850009294_37.5701682846705296|126.9840862081807984_37.5701661909693030
2026-09-04T09:00:31.559343+09:00,명동 관광특구,명동 관광특구,POI003,KEY_4,1000001301,종로,1000009001,세종대로사거리,126.9771187019505163_37.5702314111293560,1000009700,종로1가1-3,126.9777559525715844_37.5702421551131351,56.0,16.0,서행,126.9777559525715844_37.5702421551131351|126.9771187019505163_37.5702314111293560
2026-09-04T09:00:31.559343+09:00,명동 관광특구,명동 관광특구,POI003,KEY_4,1000001401,종로,1000008000,동아일보사,126.9777588281918099_37.5701340596360964,1000009002,세종대로사거리,126.9770959172438580_37.5701228829325231,59.0,19.0,서행,126.9770959172438580_37.5701228829325231|126.9777588281918099_37.5701340596360964
2026-09-04T09:00:31.559343+09:00,명동 관광특구,명동 관광특구,POI003,KEY_4,1000002901,청계천로,1010032502,삼일교,126.9858176809112962_37.5681887506945316,1010033401,광교교차로,126.9828323504512895_37.5687142869809634,270.0,17.0,서행,126.9828323504512895_37.5687142869809634|126.9831003219411656_37.5686737853844051|126.9852687140431868_37.5682945602868230|126.9858176809112962_37.5681887506945316
2026-09-04T09:00:31.559343+09:00,명동 관광특구,명동 관광특구,POI003,KEY_4,1000002902,청계천로,1010032102,청계2가교차로,126.9875991297301567_37.5679809831949356,1010032501,삼일교,126.9859639352789031_37.5681586090325510,147.0,21.0,서행,126.9859639352789031_37.5681586090325510|126.9863253538070325_37.5680791845531417|126.9865577650626705_37.5680353471692356|126.9867829856370349_37.5680067659841299|126.9869962249077844_37.5679896256958159|126.9871974815225713_37.5679858337771080|126.9875991297301567_37.5679809831949356
2026-09-04T09:00:31.559343+09:00,명동 관광특구,명동 관광특구,POI003,KEY_4,1000003001,청계천로,1010033701,광교사거리,126.9828472617604831_37.5690310653232729,1000006702,동광빌딩,126.9856496555834724_37.5685348675876654,254.0,7.0,정체,126.9856496555834724_37.5685348675876654|126.9845929724430675_37.5687445528897968|126.9830379501262456_37.5690132418433791|126.9828472617604831_37.5690310653232729
2026-09-04T09:00:31.559343+09:00,명동 관광특구,명동 관광특구,POI003,KEY_4,1000003301,청계천로,1010033802,호주관광청,126.9797619415674745_37.5689431360811881,1010034101,무교동사거리,126.9793610650683036_37.5689718470786644,36.0,15.0,서행,126.9793610650683036_37.5689718470786644|126.9797619415674745_37.5689431360811881
2026-09-04T09:00:31.559343+09:00,명동 관광특구,명동 관광특구,POI003,KEY_4,1000003302,청계천로,1010033402,광교교차로,126.9826972926992426_37.5687326607183465,1010033801,호주관광청,126.9798972652306475_37.5689336143038304,248.0,11.0,정체,126.9798972652306475_37.5689336143038304|126.9825540318489203_37.5687499905156059|126.9826972926992426_37.5687326607183465
2026-09-04T09:00:31.559343+09:00,명동 관광특구,명동 관광특구,POI003,KEY_4,1000003400,청계천로,1010034301,무교동사거리,126.9793440155466442_37.5692674718774171,1010033702,광교사거리,126.9827120922386285_37.5690419071249693,299.0,12.0,정체,126.9827120922386285_37.5690419071249693|126.9793440155466442_37.5692674718774171
2026-09-04T09:00:31.559343+09:00,명동 관광특구,명동 관광특구,POI003,KEY_4,1000003700,청계천로,1010034102,무교동사거리,126.9792256224440905_37.5689816845044717,1000002000,청계광장,126.9771060680401717_37.5690311929919076,188.0,10.0,정체,126.9771060680401717_37.5690311929919076|126.9774434053876035_37.5690828687536680|126.9775440319711919_37.5690924240737019|126.9777213322496863_37.5690924576651568|126.9792256224440905_37.5689816845044717
2026-09-04T09:00:31.559343+09:00,명동 관광특구,명동 관광특구,POI003,KEY_4,1000003801,청계천로,1000031000,청계광장,126.9770921904126482_37.5694157550093379,1000007002,동아일보사,126.9783460265061024_37.5693222473721278,111.0,7.0,정체,126.9783460265061024_37.5693222473721278|126.9773834142662849_37.5693879956262435|126.9770921904126482_37.5694157550093379
2026-09-04T09:00:31.559343+09:00,명동 관광특구,명동 관광특구,POI003,KEY_4,1000004701,우정국로,1010033702,광교사거리,126.9827120922386285_37.5690419071249693,1000007200,종로1가,126.9827935302844111_37.5696197701673924,65.0,11.0,정체,126.9827935302844111_37.5696197701673924|126.9827458886658889_37.5693654356143227|126.9827120922386285_37.5690419071249693
2026-09-04T09:00:31.559343+09:00,명동 관광특구,명동 관광특구,POI003,KEY_4,1000004702,우정국로,1000007200,종로1가,126.9827935302844111_37.5696197701673924,1000008703,종로1가사거리,126.9828971865418197_37.5701731264087542,62.0,17.0,서행,126.9828971865418197_37.5701731264087542|126.9827935302844111_37.5696197701673924
2026-09-04T09:00:31.559343+09:00,명동 관광특구,명동 관광특구,POI003,KEY_4,1000004801,우정국로,1000007100,종로1가,126.9829278791696936_37.5696038258341787,1010033701,광교사거리,126.9828472617604831_37.5690310653232729,64.0,18.0,서행,126.9828472617604831_37.5690310653232729|126.9828808883077329_37.5693529710736058|126.9829278791696936_37.5696038258341787
2026-09-04T09:00:31.559343+09:00,명동 관광특구,명동 관광특구,POI003,KEY_4,1000004802,우정국로,1000008702,종로1가사거리,126.9830343185050481_37.5701720336345346,1000007100,종로1가,126.9829278791696936_37.5696038258341787,64.0,6.0,정체,126.9829278791696936_37.5696038258341787|126.9830343185050481_37.5701720336345346
2026-09-04T09:00:31.559343+09:00,명동 관광특구,명동 관광특구,POI003,KEY_4,1000005202,세종대로,1000009002,세종대로사거리,126.9770959172438580_37.5701228829325231,1000007400,청계천광장,126.9770893091757529_37.5695834801641908,60.0,6.0,정체,126.9770893091757529_37.5695834801641908|126.9770891110814688_37.5697756552470636|126.9770959172438580_37.5701228829325231
2026-09-04T09:00:31.559343+09:00,명동 관광특구,명동 관광특구,POI003,KEY_4,1000005203,세종대로,1000031000,청계광장,126.9770921904126482_37.5694157550093379,1000002000,청계광장,126.9771060680401717_37.5690311929919076,43.0,11.0,정체,126.9771060680401717_37.5690311929919076|126.9770921904126482_37.5694157550093379
2026-09-04T09:00:31.559343+09:00,명동 관광특구,명동 관광특구,POI003,KEY_4,1000005204,세종대로,1000007400,청계천광장,126.9770893091757529_37.5695834801641908,1000031000,청계광장,126.9770921904126482_37.5694157550093379,19.0,14.0,정체,126.9770921904126482_37.5694157550093379|126.9770893091757529_37.5695834801641908
2026-09-04T09:00:31.559343+09:00,명동 관광특구,명동 관광특구,POI003,KEY_4,1000006501,우정국로,1000008704,종로1가사거리,126.9829124807839946_37.5702811035568871,1000010800,종로1가,126.9829520973026149_37.5707555248776544,53.0,7.0,정체,126.9829520973026149_37.5707555248776544|126.9829508691110647_37.5707257702316255|126.9829124807839946_37.5702811035568871
2026-09-04T09:00:31.559343+09:00,명동 관광특구,명동 관광특구,POI003,KEY_4,1000006601,우정국로,1000010700,종로1가,126.9830878603485758_37.5707519719581455,1000008701,종로1가사거리,126.9830485481293891_37.5702800768006568,52.0,12.0,정체,126.9830485481293891_37.5702800768006568|126.9830865510382267_37.5707202864689833|126.9830878603485758_37.5707519719581455
2026-09-04T09:00:31.559343+09:00,명동 관광특구,명동 관광특구,POI003,KEY_4,1000008403,세종대로,1000178600,세종로 84-12,126.9773435970436708_37.5716353187199061,1000010301,주한네덜란드대사관,126.9773205016073234_37.5708618739457165,86.0,28.0,원활,126.9773205016073234_37.5708618739457165|126.9773435970436708_37.5716353187199061
2026-09-04T09:00:31.559343+09:00,명동 관광특구,명동 관광특구,POI003,KEY_4,1000023600,종로,1000007200,종로1가,126.9827935302844111_37.5696197701673924,1000007700,종로1가,126.9822109960776402_37.5701758601934444,90.0,18.0,서행,126.9822109960776402_37.5701758601934444|126.9823538247533747_37.5701681727122576|126.9825335459648414_37.5700690295792086|126.9826437791460876_37.5699908547526107|126.9827324536877029_37.5698897904859521|126.9827899849345840_37.5697677437382040|126.9827935302844111_37.5696197701673924
2026-09-04T09:00:31.559343+09:00,명동 관광특구,명동 관광특구,POI003,KEY_4,1000023700,종로,1000007800,종로1가,126.9837094850009294_37.5701682846705296,1000007100,종로1가,126.9829278791696936_37.5696038258341787,103.0,21.0,서행,126.9829278791696936_37.5696038258341787|126.9830032097695494_37.5698402452960423|126.9830990215400703_37.5699604067910897|126.9831924475550267_37.5700347972999680|126.9833242130892046_37.5700939366007987|126.9834847309357855_37.5701511723724835|126.9837094850009294_37.5701682846705296
2026-09-04T09:00:31.559343+09:00,명동 관광특구,명동 관광특구,POI003,KEY_4,1000023900,종로,1000008000,동아일보사,126.9777588281918099_37.5701340596360964,1000007400,청계천광장,126.9770893091757529_37.5695834801641908,91.0,11.0,정체,126.9770893091757529_37.5695834801641908|126.9770963075021939_37.5696479702720865|126.9772094321437663_37.5697743360528662|126.9773459521211265_37.5699388507560457|126.9774735034476549_37.5700533015790512|126.9775723207871607_37.5701062430602590|126.9777588281918099_37.5701340596360964
2026-09-04T09:00:31.559343+09:00,명동 관광특구,명동 관광특구,POI003,KEY_4,1000024400,종로,1000010700,종로1가,126.9830878603485758_37.5707519719581455,1000009600,종로1가,126.9837104338048164_37.5702764015435093,84.0,8.0,정체,126.9837104338048164_37.5702764015435093|126.9834199944166073_37.5703552243340226|126.9832834070776642_37.5704238609181118|126.9831923434160359_37.5704982251536919|126.9830964773624657_37.5706145452795255|126.9830878603485758_37.5707519719581455
2026-09-04T09:00:31.559343+09:00,명동 관광특구,명동 관광특구,POI003,KEY_4,1000024500,종로,1000009500,종로1가,126.9822090811274506_37.5702839694386270,1000010800,종로1가,126.9829520973026149_37.5707555248776544,92.0,20.0,서행,126.9829520973026149_37.5707555248776544|126.9829359392394394_37.5706431287853420|126.9828401259818236_37.5705267810848440|126.9827754493047394_37.5704619306360499|126.9826892071422293_37.5704047039165019|126.9825119206921613_37.5703322080284821|126.9822090811274506_37.5702839694386270
2026-09-04T09:00:31.559343+09:00,명동 관광특구,명동 관광특구,POI003,KEY_4,1010002301,소월로,1010155400,최소노드배치점,126.9760533414636114_37.5582497344554369,1010013803,숭례문앞교차로,126.9755809845113532_37.5605189064983307,262.0,23.7,서행,126.9755809845113532_37.5605189064983307|126.9757337889885065_37.5603525891795087|126.9757984686316661_37.5601874326070444|126.9757969708594061_37.5599997077910714|126.9757198667068110_37.5593373627741514|126.9757048763582503_37.5591937029204388|126.9757309859065373_37.5590497713064551|126.9757785893644524_37.5588840435687814|126.9759074328705282_37.5585745471584289|126.9759297486065890_37.5585209420058632|126.9759522152383795_37.5584716422248093|126.9760533414636114_37.5582497344554369
2026-09-04T09:00:31.559343+09:00,명동 관광특구,명동 관광특구,POI003,KEY_4,1010002402,소월로,1010013802,숭례문앞교차로,126.9757600351255320_37.5605071695408910,1010011100,숭례문,126.9758644071737450_37.5590694809368770,164.0,9.0,정체,126.9758644071737450_37.5590694809368770|126.9758414948468044_37.5591969276911115|126.9758551619603253_37.5593278985156402|126.9759327469906509_37.5599943665054212|126.9759344158917429_37.5602035603088922|126.9758567349293656_37.5604019178341417|126.9757600351255320_37.5605071695408910
2026-09-04T09:00:31.559343+09:00,명동 관광특구,명동 관광특구,POI003,KEY_4,1010002508,퇴계로,1010038200,회현동1가 194-69,126.9793517057243974_37.5593685443415026,1010011702,회현역7번출구,126.9799749525828076_37.5595619956135778,59.0,19.0,서행,126.9799749525828076_37.5595619956135778|126.9797655565294434_37.5594985542619710|126.9793517057243974_37.5593685443415026
2026-09-04T09:00:31.559343+09:00,명동 관광특구,명동 관광특구,POI003,KEY_4,1010004503,퇴계로,1010058100,충무로2가 111,126.9860157278956194_37.5609895542921493,1010016204,롯데호텔L7(명동),126.9867111612325346_37.5610613083895331,62.0,17.0,서행,126.9867111612325346_37.5610613083895331|126.9862655416711590_37.5610153303082797|126.9860157278956194_37.5609895542921493
2026-09-04T09:00:31.559343+09:00,명동 관광특구,명동 관광특구,POI003,KEY_4,1010004505,퇴계로,1010016201,롯데호텔L7(명동),126.9868467299909440_37.5610743853645488,1010017004,퇴계로2가교차로,126.9889474014538138_37.5613140531310350,189.0,26.0,원활,126.9889474014538138_37.5613140531310350|126.9870814163588051_37.5611494769929379|126.9869907146048007_37.5611414765227138|126.9868467299909440_37.5610743853645488
2026-09-04T09:00:31.559343+09:00,명동 관광특구,명동 관광특구,POI003,KEY_4,1010004603,퇴계로,1010108700,충무로2가 94-2,126.9862829994179521_37.5609081074300093,1010016002,명동역(서울4호선),126.9858383483569071_37.5608622275438933,40.0,23.0,서행,126.9858383483569071_37.5608622275438933|126.9860331859943869_37.5608823314504221|126.9862829994179521_37.5609081074300093
2026-09-04T09:00:31.559343+09:00,명동 관광특구,명동 관광특구,POI003,KEY_4,1010004604,퇴계로,1010016301,명동역1번출구,126.9871113334254318_37.5609345528858967,1010016202,롯데호텔L7(명동),126.9868616879201113_37.5609669231657151,23.0,34.0,원활,126.9868616879201113_37.5609669231657151|126.9870206308065406_37.5609265523693381|126.9871113334254318_37.5609345528858967
2026-09-04T09:00:31.559343+09:00,명동 관광특구,명동 관광특구,POI003,KEY_4,1010004605,퇴계로,1010017003,퇴계로2가교차로,126.9889890744976100_37.5611001658779600,1010016301,명동역1번출구,126.9871113334254318_37.5609345528858967,167.0,13.0,정체,126.9871113334254318_37.5609345528858967|126.9889890744976100_37.5611001658779600
2026-09-04T09:00:31.559343+09:00,명동 관광특구,명동 관광특구,POI003,KEY_4,1010004901,소공로,1010014904,회현사거리,126.9819470670801422_37.5604226300890645,1010016100,신세계백화점(본점),126.9816686271532404_37.5609097208093701,59.0,12.0,정체,126.9816686271532404_37.5609097208093701|126.9819470670801422_37.5604226300890645
2026-09-04T09:00:31.559343+09:00,명동 관광특구,명동 관광특구,POI003,KEY_4,1010004903,소공로,1010016100,신세계백화점(본점),126.9816686271532404_37.5609097208093701,1010017902,한국은행앞교차로,126.9812102323787997_37.5618212267858951,109.0,30.0,원활,126.9812102323787997_37.5618212267858951|126.9814215875591117_37.5613304278622451|126.9815191090982296_37.5611692719051433|126.9815779997364160_37.5610682604307513|126.9816686271532404_37.5609097208093701
2026-09-04T09:00:31.559343+09:00,명동 관광특구,명동 관광특구,POI003,KEY_4,1010005001,소공로,1010016400,포스트타워,126.9817922479335550_37.5609545032611152,1010014901,회현사거리,126.9820623967078177_37.5604819136935362,58.0,13.0,정체,126.9820623967078177_37.5604819136935362|126.9817922479335550_37.5609545032611152
2026-09-04T09:00:31.559343+09:00,명동 관광특구,명동 관광특구,POI003,KEY_4,1010005002,소공로,1010016902,한국은행앞,126.9817016201550075_37.5611130425819510,1010016400,포스트타워,126.9817922479335550_37.5609545032611152,19.0,15.0,서행,126.9817922479335550_37.5609545032611152|126.9817016201550075_37.5611130425819510
2026-09-04T09:00:31.559343+09:00,명동 관광특구,명동 관광특구,POI003,KEY_4,1010005003,소공로,1010017901,한국은행앞교차로,126.9813201261830500_37.5618994475613093,1010016901,한국은행앞,126.9816414699309064_37.5612161949658940,81.0,13.0,정체,126.9816414699309064_37.5612161949658940|126.9815474496638501_37.5613715645860893|126.9813201261830500_37.5618994475613093
2026-09-04T09:00:31.559343+09:00,명동 관광특구,명동 관광특구,POI003,KEY_4,1010005101,남대문로,1010013801,숭례문앞교차로,126.9756943412395600_37.5606249038699929,1010015000,숭례문,126.9764459331227329_37.5606350021971664,67.0,11.5,정체,126.9764459331227329_37.5606350021971664|126.9761770959942169_37.5605854916413975|126.9759176766868478_37.5605967861663927|126.9756943412395600_37.5606249038699929
2026-09-04T09:00:31.559343+09:00,명동 관광특구,명동 관광특구,POI003,KEY_4,1010005102,남대문로,1010123700,남대문로3가 110-4,126.9802395481067094_37.5615376279630198,1010017903,한국은행앞교차로,126.9811556456876929_37.5619216279188848,92.0,11.0,정체,126.9811556456876929_37.5619216279188848|126.9809804652948202_37.5618338688153770|126.9804945418923836_37.5616270684645031|126.9802395481067094_37.5615376279630198
2026-09-04T09:00:31.559343+09:00,명동 관광특구,명동 관광특구,POI003,KEY_4,1010005201,남대문로,1010014800,숭례문,126.9764883666133954_37.5605318420117769,1010013802,숭례문앞교차로,126.9757600351255320_37.5605071695408910,65.0,11.0,정체,126.9757600351255320_37.5605071695408910|126.9759033237710781_37.5604891294319145|126.9761889274862341_37.5604766950548168|126.9764883666133954_37.5605318420117769
2026-09-04T09:00:31.559343+09:00,명동 관광특구,명동 관광특구,POI003,KEY_4,1010005202,남대문로,1010105800,남대문로4가 24-1,126.9773600444245005_37.5608297698874694,1010014800,숭례문,126.9764883666133954_37.5605318420117769,84.0,10.0,정체,126.9764883666133954_37.5605318420117769|126.9773600444245005_37.5608297698874694
2026-09-04T09:00:31.559343+09:00,명동 관광특구,명동 관광특구,POI003,KEY_4,1010007100,남대문로,1010017904,한국은행앞교차로,126.9812429466621211_37.5620183676301806,1010021108,호텔이비스명동,126.9820519451972700_37.5636664770067483,197.0,10.0,정체,126.9820519451972700_37.5636664770067483|126.9819793117574847_37.5634775660291922|126.9817625196920829_37.5629137095619114|126.9816744970428033_37.5627384358941327|126.9813726104749207_37.5622249080098740|126.9812429466621211_37.5620183676301806
2026-09-04T09:00:31.559343+09:00,명동 관광특구,명동 관광특구,POI003,KEY_4,1010007200,남대문로,1010090400,남대문로2가 17-2,126.9821091872959755_37.5634459234669080,1010017901,한국은행앞교차로,126.9813201261830500_37.5618994475613093,186.0,31.5,원활,126.9813201261830500_37.5618994475613093|126.9814948864511877_37.5621778204330639|126.9817991665262582_37.5626954199811465|126.9818907371757462_37.5628777579140802|126.9821091872959755_37.5634459234669080
2026-09-04T09:00:31.559343+09:00,명동 관광특구,명동 관광특구,POI003,KEY_4,1010007304,서소문로,1010019501,한산빌딩,126.9730982772283170_37.5628920335954888,1010020204,중앙일보사,126.9740738637650566_37.5631806396414873,92.0,16.0,서행,126.9740738637650566_37.5631806396414873|126.9737013790137468_37.5630578478489241|126.9732815155571188_37.5629364731473245|126.9732301148138589_37.5629240073069894|126.9730982772283170_37.5628920335954888
2026-09-04T09:00:31.559343+09:00,명동 관광특구,명동 관광특구,POI003,KEY_4,1010007305,서소문로,1010060500,서소문동 42-3,126.9748814331857290_37.5634753132613639,1010021604,시청앞광장,126.9768728564433928_37.5640783561644085,191.0,19.0,서행,126.9768728564433928_37.5640783561644085|126.9766787939362445_37.5640859652900971|126.9765523317762188_37.5640754535460886|126.9763400428201123_37.5640251139761148|126.9749917778751325_37.5635158830683409|126.9748814331857290_37.5634753132613639
2026-09-04T09:00:31.559343+09:00,명동 관광특구,명동 관광특구,POI003,KEY_4,1010007405,서소문로,1010021603,시청앞광장,126.9768324946201261_37.5639716881909536,1010020202,중앙일보사,126.9742502538365869_37.5631241528421853,249.0,14.0,정체,126.9742502538365869_37.5631241528421853|126.9749383845103381_37.5633771573157134|126.9750493665217306_37.5634179614493959|126.9763888286545210_37.5639238670732283|126.9765790012718583_37.5639689628774178|126.9766825277856697_37.5639775680622137|126.9768324946201261_37.5639716881909536
2026-09-04T09:00:31.559343+09:00,명동 관광특구,명동 관광특구,POI003,KEY_4,1010007500,소공로,1010017903,한국은행앞교차로,126.9811556456876929_37.5619216279188848,1010021703,소공로지하상가,126.9793735854893129_37.5639048297059688,271.0,5.0,정체,126.9793735854893129_37.5639048297059688|126.9799260872659801_37.5633234478845921|126.9804607657373765_37.5627352047527836|126.9809958432867205_37.5621465108158432|126.9811556456876929_37.5619216279188848
2026-09-04T09:00:31.559343+09:00,명동 관광특구,명동 관광특구,POI003,KEY_4,1010007600,소공로,1010125600,소공동 44-2,126.9805708038916379_37.5627985840057121,1010017904,한국은행앞교차로,126.9812429466621211_37.5620183676301806,105.0,22.8,서행,126.9812429466621211_37.5620183676301806|126.9811103260703646_37.5622049984614250|126.9805708038916379_37.5627985840057121
2026-09-04T09:00:31.559343+09:00,명동 관광특구,명동 관광특구,POI003,KEY_4,1010008401,세종대로18길,1010021203,우성빌딩,126.9777193951018148_37.5638099385310227,1010021602,시청앞광장,126.9769689889781006_37.5639574810137518,68.0,9.0,정체,126.9769689889781006_37.5639574810137518|126.9777193951018148_37.5638099385310227
2026-09-04T09:00:31.559343+09:00,명동 관광특구,명동 관광특구,POI003,KEY_4,1010008402,세종대로18길,1010073800,소공동 87-15,126.9784945856248157_37.5638009334543241,1010021202,우성빌딩,126.9778443694909242_37.5637825313256783,58.0,9.0,정체,126.9778443694909242_37.5637825313256783|126.9779245419285019_37.5637634021338656|126.9780550037610567_37.5637507097928918|126.9781651142375978_37.5637590779395225|126.9784945856248157_37.5638009334543241
2026-09-04T09:00:31.559343+09:00,명동 관광특구,명동 관광특구,POI003,KEY_4,1010008601,명동길,1010094000,명동2가 81-1,126.9851479805942063_37.5638186401739063,1010021107,호텔이비스명동,126.9821837939177840_37.5636399652824764,264.0,6.0,정체,126.9821837939177840_37.5636399652824764|126.9823326124742522_37.5636143047609394|126.9828833689964966_37.5636071193572647|126.9835225261317078_37.5636288098772013|126.9845070950813550_37.5637152298037265|126.9851479805942063_37.5638186401739063
2026-09-04T09:00:31.559343+09:00,명동 관광특구,명동 관광특구,POI003,KEY_4,1010008602,명동길,1010106400,명동2가 1-17,126.9865203350459382_37.5642465490057234,1010021103,천주교서울대교구역사관,126.9862268629406685_37.5640958827178579,31.0,8.0,정체,126.9862268629406685_37.5640958827178579|126.9865203350459382_37.5642465490057234
2026-09-04T09:00:31.559343+09:00,명동 관광특구,명동 관광특구,POI003,KEY_4,1010009100,남대문로7길,1010021108,호텔이비스명동,126.9820519451972700_37.5636664770067483,1010021702,소공로지하상가,126.9795475428450970_37.5639009918525275,227.0,11.0,정체,126.9795475428450970_37.5639009918525275|126.9796803370022360_37.5638948862261515|126.9806310216740002_37.5639896452279629|126.9820519451972700_37.5636664770067483
2026-09-04T09:00:31.559343+09:00,명동 관광특구,명동 관광특구,POI003,KEY_4,1010009200,남대문로7길,1010021701,소공로지하상가,126.9794402894512473_37.5640142229526717,1010021109,호텔이비스명동,126.9820873216543333_37.5637708767384169,240.0,18.5,서행,126.9820873216543333_37.5637708767384169|126.9806416666700954_37.5640996703370931|126.9796757766825266_37.5640033960331934|126.9794402894512473_37.5640142229526717
2026-09-04T09:00:31.559343+09:00,명동 관광특구,명동 관광특구,POI003,KEY_4,1010009501,소공로,1010021704,소공로지하상가,126.9792789797845671_37.5640057968385435,1010023303,조선호텔,126.9788152991022230_37.5645029149171776,69.0,6.0,정체,126.9788152991022230_37.5645029149171776|126.9792789797845671_37.5640057968385435
2026-09-04T09:00:31.559343+09:00,명동 관광특구,명동 관광특구,POI003,KEY_4,1010009502,소공로,1010023304,조선호텔,126.9787312154575005_37.5645930511843886,1010024703,시청앞광장,126.9784672029423973_37.5649273269454653,44.0,4.0,정체,126.9784672029423973_37.5649273269454653|126.9785328581880179_37.5648259321764542|126.9786099909753290_37.5647229929441977|126.9787312154575005_37.5645930511843886
2026-09-04T09:00:31.559343+09:00,명동 관광특구,명동 관광특구,POI003,KEY_4,1010009601,소공로,1010023302,조선호텔,126.9789243502561220_37.5645673683433330,1010021701,소공로지하상가,126.9794402894512473_37.5640142229526717,76.0,18.0,서행,126.9794402894512473_37.5640142229526717|126.9789243502561220_37.5645673683433330
2026-09-04T09:00:31.559343+09:00,명동 관광특구,명동 관광특구,POI003,KEY_4,1010009602,소공로,1010024701,속성변화점,126.9786056986612977_37.5650244624703831,1010023301,조선호텔,126.9788402605382771_37.5646575116433681,47.0,18.0,서행,126.9788402605382771_37.5646575116433681|126.9787231273203787_37.5647830692895752|126.9786516629586544_37.5648784430538711|126.9786287557715099_37.5649138199071757|126.9786056986612977_37.5650244624703831
2026-09-04T09:00:31.559343+09:00,명동 관광특구,명동 관광특구,POI003,KEY_4,1010009902,세종대로,1010021604,시청앞광장,126.9768728564433928_37.5640783561644085,1010024204,시청앞교차로,126.9770880989032236_37.5648197786229900,85.0,20.0,서행,126.9770880989032236_37.5648197786229900|126.9770591791834136_37.5646629693451288|126.9770001947957212_37.5644354373990907|126.9769219936512883_37.5642088549141349|126.9768728564433928_37.5640783561644085
2026-09-04T09:00:31.559343+09:00,명동 관광특구,명동 관광특구,POI003,KEY_4,1010010000,세종대로,1010024203,시청앞교차로,126.9772135411598413_37.5647555843739269,1010021601,시청앞광장,126.9770081698073909_37.5640611462049279,79.0,13.5,정체,126.9770081698073909_37.5640611462049279|126.9770525488461743_37.5641790078298783|126.9771323290460572_37.5644101639924273|126.9771929938028450_37.5646441761629077|126.9772135411598413_37.5647555843739269
2026-09-04T09:00:31.559343+09:00,명동 관광특구,명동 관광특구,POI003,KEY_4,1010011000,덕수궁길,1010003702,국립현대미술관(덕수궁),126.9734800713954428_37.5653099277390794,1010024205,시청앞교차로,126.9771111379704962_37.5649683842586413,350.0,19.3,서행,126.9771111379704962_37.5649683842586413|126.9769955437966189_37.5648997036250520|126.9769191129801698_37.5648841239987448|126.9762643259252286_37.5649661911538288|126.9761744747147532_37.5649770829893868|126.9759779520215517_37.5650009053778362|126.9758689949813260_37.5650050124235619|126.9752013280298399_37.5649548066137768|126.9751376722967393_37.5649475156969572|126.9743014077374426_37.5648517294047579|126.9740978380537513_37.5648406360021241|126.9740518977143893_37.5648432379020889|126.9740231183313881_37.5648571744892976|126.9736843653272729_37.5652451675209207|126.9735504744861458_37.5653043393530339|126.9734800713954428_37.5653099277390794
2026-09-04T09:00:31.559343+09:00,명동 관광특구,명동 관광특구,POI003,KEY_4,1010011100,소공로,1010024703,시청앞광장,126.9784672029423973_37.5649273269454653,1010024202,시청앞교차로,126.9772712943529740_37.5649019993645936,106.0,6.0,정체,126.9772712943529740_37.5649019993645936|126.9774098801302102_37.5649281244663342|126.9776269810423628_37.5649428736685351|126.9783249021099323_37.5649392241840445|126.9784672029423973_37.5649273269454653
2026-09-04T09:00:31.559343+09:00,명동 관광특구,명동 관광특구,POI003,KEY_4,1010011200,소공로,1010024201,시청앞교차로,126.9772516593585294_37.5650094083765893,1010024704,시청앞광장,126.9784659259494219_37.5650361481380060,108.0,17.0,서행,126.9784659259494219_37.5650361481380060|126.9783324600417700_37.5650473063687187|126.9776216401868254_37.5650510228301613|126.9773883375840597_37.5650351731031407|126.9772516593585294_37.5650094083765893
2026-09-04T09:00:31.559343+09:00,명동 관광특구,명동 관광특구,POI003,KEY_4,1010011301,남대문로,1010021109,호텔이비스명동,126.9820873216543333_37.5637708767384169,1010026000,을지로1가,126.9825267031434635_37.5654759873990756,193.0,40.7,원활,126.9825267031434635_37.5654759873990756|126.9824702954355473_37.5651483984699510|126.9824465623792378_37.5650489393979115|126.9823699220778366_37.5647277579612506|126.9821890475419082_37.5641153221354358|126.9820873216543333_37.5637708767384169
2026-09-04T09:00:31.559343+09:00,명동 관광특구,명동 관광특구,POI003,KEY_4,1010011302,남대문로,1010026000,을지로1가,126.9825267031434635_37.5654759873990756,1010027603,을지로1가사거리,126.9825982666405650_37.5659907242088167,58.0,38.7,원활,126.9825982666405650_37.5659907242088167|126.9825744719930611_37.5657534111520093|126.9825267031434635_37.5654759873990756
2026-09-04T09:00:31.559343+09:00,명동 관광특구,명동 관광특구,POI003,KEY_4,1010011401,남대문로,1010091100,남대문로2가 55,126.9823212661627423_37.5640905784940742,1010021106,호텔이비스명동,126.9822190609451695_37.5637445116022164,39.0,9.7,정체,126.9822190609451695_37.5637445116022164|126.9823212661627423_37.5640905784940742
2026-09-04T09:00:31.559343+09:00,명동 관광특구,명동 관광특구,POI003,KEY_4,1010011402,남대문로,1010027602,을지로1가사거리,126.9827347649793126_37.5659931090943999,1010025900,을지로1가,126.9826612707275899_37.5654613047842005,59.0,9.0,정체,126.9826612707275899_37.5654613047842005|126.9827095622990356_37.5657417604116617|126.9827347649793126_37.5659931090943999
2026-09-04T09:00:31.559343+09:00,명동 관광특구,명동 관광특구,POI003,KEY_4,1010012301,삼일대로,1010023607,을지로2가교차로,126.9875153124106788_37.5653314296015850,1010028303,을지로2가사거리,126.9874738711629050_37.5660973882812215,85.0,24.0,서행,126.9874738711629050_37.5660973882812215|126.9875153124106788_37.5653314296015850
2026-09-04T09:00:31.559343+09:00,명동 관광특구,명동 관광특구,POI003,KEY_4,1010012402,삼일대로,1010028302,을지로2가사거리,126.9876096117672972_37.5661013280257805,1010023606,을지로2가교차로,126.9876510130918916_37.5653360815828705,85.0,5.0,정체,126.9876510130918916_37.5653360815828705|126.9876096117672972_37.5661013280257805
2026-09-04T09:00:31.559343+09:00,명동 관광특구,명동 관광특구,POI003,KEY_4,1010012500,을지로,1010024704,시청앞광장,126.9784659259494219_37.5650361481380060,1010004003,시청앞교차로,126.9789708087737665_37.5659839969886207,114.0,14.0,정체,126.9789708087737665_37.5659839969886207|126.9788675333299039_37.5658318303835728|126.9786502993091943_37.5654208830312371|126.9784659259494219_37.5650361481380060
2026-09-04T09:00:31.559343+09:00,명동 관광특구,명동 관광특구,POI003,KEY_4,1010012600,을지로,1010004002,시청앞교차로,126.9790903112125449_37.5659326054826721,1010024701,속성변화점,126.9786056986612977_37.5650244624703831,110.0,18.5,서행,126.9786056986612977_37.5650244624703831|126.9787763856751894_37.5653806366447611|126.9789901698400030_37.5657850581407118|126.9790903112125449_37.5659326054826721
2026-09-04T09:00:31.559343+09:00,명동 관광특구,명동 관광특구,POI003,KEY_4,1010012901,수표로,1010003202,을지로3가역교차로,126.9897291608209429_37.5658390563948359,1010028603,을지로3가역앞교차로,126.9896894051841514_37.5661745923649022,37.0,17.0,서행,126.9896894051841514_37.5661745923649022|126.9897291608209429_37.5658390563948359
2026-09-04T09:00:31.559343+09:00,명동 관광특구,명동 관광특구,POI003,KEY_4,1010013001,수표로,1010028602,을지로3가역앞교차로,126.9898251326520580_37.5661805237763957,1010003203,중부경찰서앞교차로,126.9900253380623667_37.5648767043805805,146.0,8.0,정체,126.9900253380623667_37.5648767043805805|126.9898963568923449_37.5655793760539467|126.9898643876243369_37.5658492083217084|126.9898251326520580_37.5661805237763957
2026-09-04T09:00:31.559343+09:00,명동 관광특구,명동 관광특구,POI003,KEY_4,1010013800,세종대로,1010004902,강원도민일보(서울본부),126.9771979915670101_37.5670009920858590,1010024201,시청앞교차로,126.9772516593585294_37.5650094083765893,221.0,22.0,서행,126.9772516593585294_37.5650094083765893|126.9772632229602749_37.5651213527824481|126.9772704963173453_37.5652669803863901|126.9772680209366058_37.5654083777349115|126.9772559424266944_37.5656434912380419|126.9771979915670101_37.5670009920858590
2026-09-04T09:00:31.559343+09:00,명동 관광특구,명동 관광특구,POI003,KEY_4,1010013901,을지로,1010004001,시청앞교차로,126.9791355868352127_37.5660429362421766,1010027204,일본국제관광진흥기구서울사무소,126.9796194072220459_37.5660647181267464,43.0,16.0,서행,126.9796194072220459_37.5660647181267464|126.9791355868352127_37.5660429362421766
2026-09-04T09:00:31.559343+09:00,명동 관광특구,명동 관광특구,POI003,KEY_4,1010013902,을지로,1010146100,을지로1가 100-1,126.9815109860232241_37.5660872122773881,1010027900,을지로1가,126.9818910787151509_37.5660912827303974,34.0,22.0,서행,126.9818910787151509_37.5660912827303974|126.9815109860232241_37.5660872122773881
2026-09-04T09:00:31.559343+09:00,명동 관광특구,명동 관광특구,POI003,KEY_4,1010013903,을지로,1010027900,을지로1가,126.9818910787151509_37.5660912827303974,1010027604,을지로1가사거리,126.9826058911915396_37.5660989346886538,63.0,22.0,서행,126.9826058911915396_37.5660989346886538|126.9818910787151509_37.5660912827303974
2026-09-04T09:00:31.559343+09:00,명동 관광특구,명동 관광특구,POI003,KEY_4,1010014001,을지로,1010141800,을지로1가 50-1,126.9805253177826074_37.5659685214828443,1010004002,시청앞교차로,126.9790903112125449_37.5659326054826721,127.0,19.0,서행,126.9790903112125449_37.5659326054826721|126.9796270767268993_37.5659567711099385|126.9797571380910313_37.5659602844908065|126.9805253177826074_37.5659685214828443
2026-09-04T09:00:31.559343+09:00,명동 관광특구,명동 관광특구,POI003,KEY_4,1010014003,을지로,1010027603,을지로1가사거리,126.9825982666405650_37.5659907242088167,1010027100,을지로1가,126.9818929057274914_37.5659831733999496,62.0,4.0,정체,126.9818929057274914_37.5659831733999496|126.9825982666405650_37.5659907242088167
2026-09-04T09:00:31.559343+09:00,명동 관광특구,명동 관광특구,POI003,KEY_4,1010014101,을지로,1010027601,을지로1가사거리,126.9827418668225789_37.5661014686323185,1010028200,을지로1가,126.9835099428304233_37.5661212717317525,68.0,14.0,정체,126.9835099428304233_37.5661212717317525|126.9827418668225789_37.5661014686323185
2026-09-04T09:00:31.559343+09:00,명동 관광특구,명동 관광특구,POI003,KEY_4,1010014102,을지로,1010028200,을지로1가,126.9835099428304233_37.5661212717317525,1010027804,하나은행,126.9843493694020538_37.5661429082344682,74.0,14.0,정체,126.9843493694020538_37.5661429082344682|126.9840974032225063_37.5661364143494865|126.9835099428304233_37.5661212717317525
2026-09-04T09:00:31.559343+09:00,명동 관광특구,명동 관광특구,POI003,KEY_4,1010014103,을지로,1010027801,하나은행,126.9844851596662494_37.5661457541766879,1010028004,을지로2가 41-2,126.9856802427402158_37.5661651885926133,106.0,17.5,서행,126.9856802427402158_37.5661651885926133|126.9844851596662494_37.5661457541766879
2026-09-04T09:00:31.559343+09:00,명동 관광특구,명동 관광특구,POI003,KEY_4,1010014104,을지로,1010028001,을지로2가 41-2,126.9858160807349066_37.5661678499220457,1010028304,을지로2가사거리,126.9874737825745115_37.5662055493903111,147.0,16.0,서행,126.9874737825745115_37.5662055493903111|126.9858160807349066_37.5661678499220457
2026-09-04T09:00:31.559343+09:00,명동 관광특구,명동 관광특구,POI003,KEY_4,1010014201,을지로,1010027400,을지로1가,126.9835143391555619_37.5660132086861509,1010027602,을지로1가사거리,126.9827347649793126_37.5659931090943999,69.0,20.0,서행,126.9827347649793126_37.5659931090943999|126.9835143391555619_37.5660132086861509
2026-09-04T09:00:31.559343+09:00,명동 관광특구,명동 관광특구,POI003,KEY_4,1010014202,을지로,1010142400,을지로2가 9-7,126.9841017988764804_37.5660283512678390,1010027400,을지로1가,126.9835143391555619_37.5660132086861509,52.0,35.0,원활,126.9835143391555619_37.5660132086861509|126.9841017988764804_37.5660283512678390
2026-09-04T09:00:31.559343+09:00,명동 관광특구,명동 관광특구,POI003,KEY_4,1010014204,을지로,1010028303,을지로2가사거리,126.9874738711629050_37.5660973882812215,1010028002,을지로2가 193-2,126.9858818140827310_37.5660611820985721,141.0,17.0,서행,126.9858818140827310_37.5660611820985721|126.9874738711629050_37.5660973882812215
2026-09-04T09:00:31.559343+09:00,명동 관광특구,명동 관광특구,POI003,KEY_4,1010014300,을지로,1010146800,을지로2가 149-10,126.9884088923176222_37.5662377135078387,1010028604,을지로3가역앞교차로,126.9896747555891778_37.5662823014544429,112.0,6.0,정체,126.9896747555891778_37.5662823014544429|126.9884088923176222_37.5662377135078387
2026-09-04T09:00:31.559343+09:00,명동 관광특구,명동 관광특구,POI003,KEY_4,1010014400,을지로,1010028603,을지로3가역앞교차로,126.9896894051841514_37.5661745923649022,1010028302,을지로2가사거리,126.9876096117672972_37.5661013280257805,184.0,29.0,원활,126.9876096117672972_37.5661013280257805|126.9884148977249652_37.5661296999875063|126.9896894051841514_37.5661745923649022
2026-09-04T09:00:31.559343+09:00,명동 관광특구,명동 관광특구,POI003,KEY_4,1010014700,을지로,1010151800,을지로3가 335-1,126.9919946469998706_37.5664006855458155,1010028904,을지로3가사거리,126.9925487818469207_37.5664292389546333,49.0,14.0,정체,126.9925487818469207_37.5664292389546333|126.9919946469998706_37.5664006855458155
2026-09-04T09:00:31.559343+09:00,명동 관광특구,명동 관광특구,POI003,KEY_4,1010014800,을지로,1010145900,을지로3가 335-1,126.9914406363359234_37.5662637900358405,1010028602,을지로3가역앞교차로,126.9898251326520580_37.5661805237763957,143.0,28.7,원활,126.9898251326520580_37.5661805237763957|126.9908895242729585_37.5662353871338581|126.9914406363359234_37.5662637900358405
2026-09-04T09:00:31.559343+09:00,명동 관광특구,명동 관광특구,POI003,KEY_4,1010015400,무교로,1010004802,한국체육박물관,126.9792639816276676_37.5669296274705644,1010004001,시청앞교차로,126.9791355868352127_37.5660429362421766,99.0,18.0,서행,126.9791355868352127_37.5660429362421766|126.9792051056433166_37.5662774283455079|126.9792449697865493_37.5664901136539342|126.9792639816276676_37.5669296274705644
2026-09-04T09:00:31.559343+09:00,명동 관광특구,명동 관광특구,POI003,KEY_4,1010015801,을지로,1010141600,을지로3가 282-8,126.9935397848157663_37.5663732801445960,1010028902,을지로3가사거리,126.9926970990682662_37.5663286365962890,75.0,41.0,원활,126.9926970990682662_37.5663286365962890|126.9934021740241121_37.5663659902566422|126.9935397848157663_37.5663732801445960
2026-09-04T09:00:31.559343+09:00,명동 관광특구,명동 관광특구,POI003,KEY_4,1010016400,세종대로20길,1010152400,태평로1가 31-1,126.9781614739919320_37.5671149535760875,1010004804,한국체육박물관,126.9791327692852860_37.5670432031565085,86.0,12.0,정체,126.9791327692852860_37.5670432031565085|126.9790021637939503_37.5670657791657803|126.9788569191823626_37.5670778321488825|126.9783926986433755_37.5671163538151802|126.9781614739919320_37.5671149535760875
2026-09-04T09:00:31.559343+09:00,명동 관광특구,명동 관광특구,POI003,KEY_4,1010016501,삼일대로,1010028304,을지로2가사거리,126.9874737825745115_37.5662055493903111,1010029803,장교빌딩,126.9875051706000590_37.5667709319350678,63.0,7.0,정체,126.9875051706000590_37.5667709319350678|126.9874737825745115_37.5662055493903111
2026-09-04T09:00:31.559343+09:00,명동 관광특구,명동 관광특구,POI003,KEY_4,1010016601,삼일대로,1010032101,청계2가교차로,126.9877349955711310_37.5679787776906622,1010028301,을지로2가사거리,126.9876099653043724_37.5662095656072808,197.0,10.0,정체,126.9876099653043724_37.5662095656072808|126.9876408664182748_37.5667661585678516|126.9876479046651099_37.5668724557024163|126.9877349955711310_37.5679787776906622
2026-09-04T09:00:31.559343+09:00,명동 관광특구,명동 관광특구,POI003,KEY_4,1010016800,충무로,1010032601,청계3가사거리,126.9924532079404145_37.5682271426007404,1010028901,을지로3가사거리,126.9926843734522208_37.5664363213669432,200.0,13.0,정체,126.9926843734522208_37.5664363213669432|126.9926252903373012_37.5669347201085557|126.9924985400868280_37.5680039058879061|126.9924532079404145_37.5682271426007404
2026-09-04T09:00:31.559343+09:00,명동 관광특구,명동 관광특구,POI003,KEY_4,1010016901,남대문로,1010027604,을지로1가사거리,126.9826058911915396_37.5660989346886538,1010030400,을지로1가,126.9826247367543033_37.5666216435254796,58.0,11.0,정체,126.9826247367543033_37.5666216435254796|126.9826226084675653_37.5665596339693408|126.9826058911915396_37.5660989346886538
2026-09-04T09:00:31.559343+09:00,명동 관광특구,명동 관광특구,POI003,KEY_4,1010016902,남대문로,1010150800,남대문로1가 108-2,126.9826731481714006_37.5680301882648422,1010033402,광교교차로,126.9826972926992426_37.5687326607183465,78.0,15.0,서행,126.9826972926992426_37.5687326607183465|126.9826731481714006_37.5680301882648422
2026-09-04T09:00:31.559343+09:00,명동 관광특구,명동 관광특구,POI003,KEY_4,1010016903,우정국로,1010033402,광교교차로,126.9826972926992426_37.5687326607183465,1010033702,광교사거리,126.9827120922386285_37.5690419071249693,34.0,25.0,원활,126.9827120922386285_37.5690419071249693|126.9826972926992426_37.5687326607183465
2026-09-04T09:00:31.559343+09:00,명동 관광특구,명동 관광특구,POI003,KEY_4,1010017001,남대문로,1010029900,을지로1가,126.9827605148126537_37.5666186901436632,1010027601,을지로1가사거리,126.9827418668225789_37.5661014686323185,57.0,20.0,서행,126.9827418668225789_37.5661014686323185|126.9827583830370514_37.5665565967967936|126.9827605148126537_37.5666186901436632
2026-09-04T09:00:31.559343+09:00,명동 관광특구,명동 관광특구,POI003,KEY_4,1010017002,남대문로,1010140600,남대문로1가 48-6,126.9827925225078928_37.5675524365280396,1010029900,을지로1가,126.9827605148126537_37.5666186901436632,104.0,21.0,서행,126.9827605148126537_37.5666186901436632|126.9827925225078928_37.5675524365280396
2026-09-04T09:00:31.559343+09:00,명동 관광특구,명동 관광특구,POI003,KEY_4,1010017003,우정국로,1010033701,광교사거리,126.9828472617604831_37.5690310653232729,1010033401,광교교차로,126.9828323504512895_37.5687142869809634,35.0,14.0,정체,126.9828323504512895_37.5687142869809634|126.9828472617604831_37.5690310653232729
2026-09-04T09:00:31.559343+09:00,명동 관광특구,명동 관광특구,POI003,KEY_4,1010017601,무교로,1010141400,무교동 44-1,126.9793100041751046_37.5679689583533047,1010004801,한국체육박물관,126.9792685302403470_37.5670397690594271,103.0,9.0,정체,126.9792685302403470_37.5670397690594271|126.9792880141313276_37.5675278005997768|126.9792897236795000_37.5675706209739317|126.9793100041751046_37.5679689583533047
2026-09-04T09:00:31.559343+09:00,명동 관광특구,명동 관광특구,POI003,KEY_4,1010017602,무교로,1010034301,무교동사거리,126.9793440155466442_37.5692674718774171,1010034101,무교동사거리,126.9793610650683036_37.5689718470786644,33.0,8.0,정체,126.9793610650683036_37.5689718470786644|126.9793440155466442_37.5692674718774171
2026-09-04T09:00:31.559343+09:00,명동 관광특구,명동 관광특구,POI003,KEY_4,1010018100,세종대로,1010024205,시청앞교차로,126.9771111379704962_37.5649683842586413,1010036201,청계광장,126.9769724776174371_37.5689758850454254,445.0,19.5,서행,126.9769724776174371_37.5689758850454254|126.9770357842986499_37.5675064469025131|126.9770571241010231_37.5671045176161513|126.9770622406749681_37.5669973200828053|126.9771202099424414_37.5656394465692429|126.9771322330851717_37.5654054151655075|126.9771346338183520_37.5652683750225975|126.9771276194723697_37.5651279335943542|126.9771111379704962_37.5649683842586413
2026-09-04T09:00:31.559343+09:00,명동 관광특구,명동 관광특구,POI003,KEY_4,1010018200,세종대로,1000002000,청계광장,126.9771060680401717_37.5690311929919076,1010004901,강원도민일보(서울본부),126.9771928320576109_37.5671090827981402,213.0,24.0,서행,126.9771928320576109_37.5671090827981402|126.9771715167423451_37.5675105826680635|126.9771060680401717_37.5690311929919076
2026-09-04T09:00:31.559343+09:00,명동 관광특구,명동 관광특구,POI003,KEY_4,1010024400,퇴계로18길,1010052800,충무로2가 110-5,126.9855026693382030_37.5605924515809733,1010016003,명동역(서울4호선),126.9856885936606972_37.5608481430984611,33.0,12.0,정체,126.9856885936606972_37.5608481430984611|126.9856564457096937_37.5607738860330755|126.9855938186398134_37.5606936563534290|126.9855157814734383_37.5606165998628825|126.9855026693382030_37.5605924515809733
2026-09-04T09:00:31.559343+09:00,명동 관광특구,명동 관광특구,POI003,KEY_4,1010026800,남대문로,1010014800,숭례문,126.9764883666133954_37.5605318420117769,1010011100,숭례문,126.9758644071737450_37.5590694809368770,185.0,12.0,정체,126.9758644071737450_37.5590694809368770|126.9758795592592975_37.5591125336731508|126.9758641531054906_37.5591939851637946|126.9759578405099205_37.5599862959824407|126.9759704486266543_37.5601312860724406|126.9760507361714588_37.5602633560949499|126.9761537145355277_37.5603739896225477|126.9763022172343057_37.5604655608040190|126.9764279735615418_37.5605091608890334|126.9764883666133954_37.5605318420117769
2026-09-04T09:00:31.559343+09:00,명동 관광특구,명동 관광특구,POI003,KEY_4,1010028000,퇴계로,1010014100,신세계백화점(본점신관),126.9813345597681007_37.5600996831039851,1010015401,충무로1가52-4,126.9817851871179641_37.5605865324912713,69.0,27.3,원활,126.9817851871179641_37.5605865324912713|126.9817851041901093_37.5605860521239734|126.9817447014208653_37.5604906906837641|126.9817012987769544_37.5604120152254382|126.9816174759299514_37.5603059188314958|126.9813345597681007_37.5600996831039851
2026-09-04T09:00:31.559343+09:00,명동 관광특구,명동 관광특구,POI003,KEY_4,1010028800,남대문로,1010015700,숭례문,126.9758216757282128_37.5609807560682611,1010015000,숭례문,126.9764459331227329_37.5606350021971664,84.0,15.0,서행,126.9764459331227329_37.5606350021971664|126.9763771801474945_37.5606275849701134|126.9762640154305728_37.5606077628684645|126.9761188999622306_37.5606156137238472|126.9760253099623242_37.5606453934247568|126.9759279729758958_37.5606841119779062|126.9758493363337521_37.5607734919220704|126.9758081301075663_37.5608688386806833|126.9758216757282128_37.5609807560682611
2026-09-04T09:00:31.559343+09:00,명동 관광특구,명동 관광특구,POI003,KEY_4,1010029201,남대문시장10길,1010036301,충무로1가52-9,126.9802096866011425_37.5606718594319489,1010011701,회현역7번출구,126.9801048978132769_37.5596035774933412,119.0,17.5,서행,126.9801048978132769_37.5596035774933412|126.9800866593272559_37.5597021179481985|126.9800889154790298_37.5598874597116179|126.9802096866011425_37.5606718594319489
2026-09-04T09:00:31.559343+09:00,명동 관광특구,명동 관광특구,POI003,KEY_4,1010029202,남대문시장길,1010015401,충무로1가52-4,126.9817851871179641_37.5605865324912713,1010036301,충무로1가52-9,126.9802096866011425_37.5606718594319489,140.0,9.5,정체,126.9802096866011425_37.5606718594319489|126.9802497030729995_37.5606741822428134|126.9807707845876763_37.5606494140121825|126.9816883147786086_37.5606057960128439|126.9817851871179641_37.5605865324912713
2026-09-04T09:00:31.559343+09:00,명동 관광특구,명동 관광특구,POI003,KEY_4,1010029900,소공로,1010016400,포스트타워,126.9817922479335550_37.5609545032611152,1010015600,중국관광청,126.9827116249739731_37.5606706950213010,91.0,11.0,정체,126.9827116249739731_37.5606706950213010|126.9823825034924312_37.5606779228201688|126.9822612178897288_37.5606993600976651|126.9821728710918194_37.5607267614215701|126.9820875153085780_37.5607648904012166|126.9817922479335550_37.5609545032611152
2026-09-04T09:00:31.559343+09:00,명동 관광특구,명동 관광특구,POI003,KEY_4,1010030001,남대문시장10길,1010011702,회현역7번출구,126.9799749525828076_37.5595619956135778,1010036302,충무로1가52-9,126.9800884608386724_37.5607732287643117,135.0,5.0,정체,126.9800884608386724_37.5607732287643117|126.9799531801049426_37.5598945825498376|126.9799507471012276_37.5596946869498254|126.9799749525828076_37.5595619956135778
2026-09-04T09:00:31.559343+09:00,명동 관광특구,명동 관광특구,POI003,KEY_4,1010030100,소공로,1010015402,충무로1가52-4,126.9817657794933154_37.5607018336872827,1010016100,신세계백화점(본점),126.9816686271532404_37.5609097208093701,25.0,32.0,원활,126.9816686271532404_37.5609097208093701|126.9817657794933154_37.5607018336872827
2026-09-04T09:00:31.559343+09:00,명동 관광특구,명동 관광특구,POI003,KEY_4,1010031000,소파로,1010015300,명동역10번출구,126.9883062927232231_37.5607909574822685,1010016301,명동역1번출구,126.9871113334254318_37.5609345528858967,113.0,15.0,서행,126.9871113334254318_37.5609345528858967|126.9874447180556274_37.5610079416609750|126.9876354659963766_37.5610121135843684|126.9878175418455442_37.5609892471934259|126.9880115986588294_37.5609473112405254|126.9881625342676870_37.5608977410119067|126.9882463915136555_37.5608481648322652|126.9883062927232231_37.5607909574822685
2026-09-04T09:00:31.559343+09:00,명동 관광특구,명동 관광특구,POI003,KEY_4,1010031200,퇴계로,1010016703,흥국빌딩,126.9904228164697599_37.5610767696574754,1010016202,롯데호텔L7(명동),126.9868616879201113_37.5609669231657151,317.0,48.0,원활,126.9868616879201113_37.5609669231657151|126.9890337974489825_37.5611585006403175|126.9894972258370700_37.5611975631426844|126.9896672965873847_37.5611975781491196|126.9898435176610576_37.5611725033829131|126.9901719518890246_37.5611092577799397|126.9904228164697599_37.5610767696574754
2026-09-04T09:00:31.559343+09:00,명동 관광특구,명동 관광특구,POI003,KEY_4,1010031300,퇴계로,1010016201,롯데호텔L7(명동),126.9868467299909440_37.5610743853645488,1010016704,흥국빌딩,126.9904446250492356_37.5611834858824452,321.0,47.0,원활,126.9904446250492356_37.5611834858824452|126.9901988617116615_37.5612153145444125|126.9898714581575661_37.5612783602882132|126.9896793321666593_37.5613056988122338|126.9894900484891167_37.5613056821144156|126.9890191710092893_37.5612659917982157|126.9868467299909440_37.5610743853645488
2026-09-04T09:00:31.559343+09:00,명동 관광특구,명동 관광특구,POI003,KEY_4,1010031800,퇴계로,1010016204,롯데호텔L7(명동),126.9867111612325346_37.5610613083895331,1010017703,LG패션,126.9866201621199338_37.5617417366360087,76.0,6.0,정체,126.9866201621199338_37.5617417366360087|126.9866697601324717_37.5612053795276566|126.9867111612325346_37.5610613083895331
2026-09-04T09:00:31.559343+09:00,명동 관광특구,명동 관광특구,POI003,KEY_4,1010031900,퇴계로,1010017702,LG패션,126.9867557514096319_37.5617482057480316,1010016201,롯데호텔L7(명동),126.9868467299909440_37.5610743853645488,75.0,13.0,정체,126.9868467299909440_37.5610743853645488|126.9868044552684125_37.5612214954705976|126.9867557514096319_37.5617482057480316
2026-09-04T09:00:31.559343+09:00,명동 관광특구,명동 관광특구,POI003,KEY_4,1010032100,명동8나길,1010016901,한국은행앞,126.9816414699309064_37.5612161949658940,1010017704,LG패션,126.9866156676616384_37.5618497971722718,446.0,8.0,정체,126.9866156676616384_37.5618497971722718|126.9864059219120378_37.5618442687355554|126.9861439853324043_37.5618224161464553|126.9858850471473204_37.5617884341175383|126.9849862833789587_37.5616166058945993|126.9832174106051212_37.5613666087159430|126.9816414699309064_37.5612161949658940
2026-09-04T09:00:31.559343+09:00,명동 관광특구,명동 관광특구,POI003,KEY_4,1010033000,명동8가길,1010017701,LG패션,126.9867440976731388_37.5618559267117149,1010018104,이비스스타일앰배서더서울명동호텔,126.9888712977151073_37.5620017408282791,189.0,13.0,정체,126.9888712977151073_37.5620017408282791|126.9867440976731388_37.5618559267117149
2026-09-04T09:00:31.559343+09:00,명동 관광특구,명동 관광특구,POI003,KEY_4,1010035000,서소문로12길,1010020202,중앙일보사,126.9742502538365869_37.5631241528421853,1010018501,서소문교회,126.9747917025249961_37.5621735699209296,120.0,13.5,정체,126.9747917025249961_37.5621735699209296|126.9747501775862588_37.5625032287475307|126.9746651993805102_37.5625957455904143|126.9745466004009700_37.5626917899282518|126.9744603303331587_37.5627616532963344|126.9742502538365869_37.5631241528421853
2026-09-04T09:00:31.559343+09:00,명동 관광특구,명동 관광특구,POI003,KEY_4,1010037000,남대문로1길,1010023102,서울프라자호텔,126.9781270908112134_37.5644147123986087,1010021201,우성빌딩,126.9778833665384354_37.5638860982800367,62.0,5.0,정체,126.9778833665384354_37.5638860982800367|126.9781270908112134_37.5644147123986087
2026-09-04T09:00:31.559343+09:00,명동 관광특구,명동 관광특구,POI003,KEY_4,1010037100,남대문로1길,1010021204,우성빌딩,126.9777519647640105_37.5639149035560536,1010023103,서울프라자호텔,126.9779917291016176_37.5644349310718795,61.0,12.0,정체,126.9779917291016176_37.5644349310718795|126.9777519647640105_37.5639149035560536
2026-09-04T09:00:31.559343+09:00,명동 관광특구,명동 관광특구,POI003,KEY_4,1010038300,소공로,1010023101,서울프라자호텔,126.9781769454158393_37.5645228411741812,1010023304,조선호텔,126.9787312154575005_37.5645930511843886,50.0,17.0,서행,126.9787312154575005_37.5645930511843886|126.9785957557285769_37.5645517262991930|126.9784554783557979_37.5645322032255891|126.9782121876750836_37.5645228476832003|126.9781769454158393_37.5645228411741812
2026-09-04T09:00:31.559343+09:00,명동 관광특구,명동 관광특구,POI003,KEY_4,1010039000,소공로,1010024202,시청앞교차로,126.9772712943529740_37.5649019993645936,1010023104,서울프라자호텔,126.9780385528240316_37.5645364866542977,82.0,4.0,정체,126.9780385528240316_37.5645364866542977|126.9776055199770184_37.5646501981039478|126.9774312688185773_37.5647230654274864|126.9773645076050741_37.5647713550531037|126.9773054583435652_37.5648401473905977|126.9772712943529740_37.5649019993645936
2026-09-04T09:00:31.559343+09:00,명동 관광특구,명동 관광특구,POI003,KEY_4,1010040900,남대문로,1010026000,을지로1가,126.9825267031434635_37.5654759873990756,1010027100,을지로1가,126.9818929057274914_37.5659831733999496,87.0,16.0,서행,126.9818929057274914_37.5659831733999496|126.9821334557953492_37.5659445131698959|126.9822484752895235_37.5658682458889075|126.9824545566445693_37.5656985434546797|126.9825096793449859_37.5656222669993269|126.9825267031434635_37.5654759873990756
2026-09-04T09:00:31.559343+09:00,명동 관광특구,명동 관광특구,POI003,KEY_4,1010041100,을지로,1010027400,을지로1가,126.9835143391555619_37.5660132086861509,1010025900,을지로1가,126.9826612707275899_37.5654613047842005,97.0,18.0,서행,126.9826612707275899_37.5654613047842005|126.9835143391555619_37.5660132086861509
2026-09-04T09:00:31.559343+09:00,명동 관광특구,명동 관광특구,POI003,KEY_4,1010041900,남대문로,1010029900,을지로1가,126.9827605148126537_37.5666186901436632,1010028200,을지로1가,126.9835099428304233_37.5661212717317525,90.0,19.0,서행,126.9835099428304233_37.5661212717317525|126.9832594466967635_37.5661964164851412|126.9828520929630287_37.5664538185209054|126.9827605148126537_37.5666186901436632
2026-09-04T09:00:31.559343+09:00,명동 관광특구,명동 관광특구,POI003,KEY_4,1010042000,을지로,1010027900,을지로1가,126.9818910787151509_37.5660912827303974,1010030400,을지로1가,126.9826247367543033_37.5666216435254796,91.0,16.7,서행,126.9826247367543033_37.5666216435254796|126.9825310467384298_37.5664575853693634|126.9821477775787884_37.5661676469985011|126.9818910787151509_37.5660912827303974
2026-09-04T09:00:31.559343+09:00,명동 관광특구,명동 관광특구,POI003,KEY_4,1010042200,을지로7길,1010030302,SKT타워,126.9858182898443459_37.5667390226410092,1010028001,을지로2가 41-2,126.9858160807349066_37.5661678499220457,63.0,16.5,서행,126.9858160807349066_37.5661678499220457|126.9858182898443459_37.5667390226410092
2026-09-04T09:00:31.559343+09:00,명동 관광특구,명동 관광특구,POI003,KEY_4,1010042300,을지로7길,1010028004,을지로2가 41-2,126.9856802427402158_37.5661651885926133,1010030303,SKT타워,126.9856824597678440_37.5667386786453577,64.0,16.0,서행,126.9856824597678440_37.5667386786453577|126.9856802427402158_37.5661651885926133
2026-09-04T09:00:31.559343+09:00,명동 관광특구,명동 관광특구,POI003,KEY_4,1010042800,삼일대로13길,1010029803,장교빌딩,126.9875051706000590_37.5667709319350678,1010030302,SKT타워,126.9858182898443459_37.5667390226410092,149.0,10.0,정체,126.9858182898443459_37.5667390226410092|126.9875051706000590_37.5667709319350678
2026-09-04T09:00:31.559343+09:00,명동 관광특구,명동 관광특구,POI003,KEY_4,1010042900,삼일대로13길,1010030301,SKT타워,126.9858190045731732_37.5668471857429154,1010029804,장교빌딩,126.9875123442491969_37.5668792171118326,150.0,7.0,정체,126.9875123442491969_37.5668792171118326|126.9858190045731732_37.5668471857429154
2026-09-04T09:00:31.559343+09:00,명동 관광특구,명동 관광특구,POI003,KEY_4,1010043000,삼일대로13길,1010030303,SKT타워,126.9856824597678440_37.5667386786453577,1010027801,하나은행,126.9844851596662494_37.5661457541766879,172.0,15.0,서행,126.9844851596662494_37.5661457541766879|126.9844746816400374_37.5667114251484762|126.9844971680687848_37.5667440774922028|126.9845213954534273_37.5667545277186505|126.9856824597678440_37.5667386786453577
2026-09-04T09:00:31.559343+09:00,명동 관광특구,명동 관광특구,POI003,KEY_4,1010043100,삼일대로13길,1010027804,하나은행,126.9843493694020538_37.5661429082344682,1010030304,SKT타워,126.9856831683010228_37.5668468043910551,192.0,12.0,정체,126.9856831683010228_37.5668468043910551|126.9844880519270873_37.5668631185760020|126.9843972880018157_37.5668239682550222|126.9843383392972669_37.5667383694429446|126.9843493694020538_37.5661429082344682
2026-09-04T09:00:31.559343+09:00,명동 관광특구,명동 관광특구,POI003,KEY_4,1010044100,수표로,1010153600,수표동 50-1,126.9897340487189723_37.5667939813917044,1010028601,을지로3가역앞교차로,126.9898106847127082_37.5662881250014209,57.0,30.0,원활,126.9898106847127082_37.5662881250014209|126.9897340487189723_37.5667939813917044
2026-09-04T09:00:31.559343+09:00,명동 관광특구,명동 관광특구,POI003,KEY_4,1010044200,을지로1길,1010145400,다동 181-3,126.9798420044631087_37.5673496367689879,1010027201,일본국제관광진흥기구서울사무소,126.9797553080136367_37.5660683946489300,148.0,5.0,정체,126.9797553080136367_37.5660683946489300|126.9797612166699281_37.5664251576809960|126.9798879830738372_37.5665161556076299|126.9799037873308833_37.5668339305475030|126.9798653986595411_37.5669604067092635|126.9798492640081520_37.5673065899852574|126.9798420044631087_37.5673496367689879
2026-09-04T09:00:31.559343+09:00,명동 관광특구,명동 관광특구,POI003,KEY_4,1010044300,을지로1길,1010153100,무교동 13-1,126.9797242605662717_37.5679573139925438,1010033802,호주관광청,126.9797619415674745_37.5689431360811881,110.0,16.0,서행,126.9797619415674745_37.5689431360811881|126.9797294037351634_37.5686965769939718|126.9797278110211920_37.5679701534751942|126.9797242605662717_37.5679573139925438
2026-09-04T09:00:31.559343+09:00,명동 관광특구,명동 관광특구,POI003,KEY_4,1010044600,을지로7길,1010032501,삼일교,126.9859639352789031_37.5681586090325510,1010030301,SKT타워,126.9858190045731732_37.5668471857429154,149.0,18.0,서행,126.9858190045731732_37.5668471857429154|126.9858235105325974_37.5673376933759684|126.9858278780456828_37.5678131240137105|126.9858346126576834_37.5680180175580674|126.9858648768505276_37.5680662145450555|126.9859639352789031_37.5681586090325510
2026-09-04T09:00:31.559343+09:00,명동 관광특구,명동 관광특구,POI003,KEY_4,1010044700,을지로7길,1010152200,장교동 1-6,126.9856876838925643_37.5673384838597215,1010032502,삼일교,126.9858176809112962_37.5681887506945316,98.0,10.0,정체,126.9858176809112962_37.5681887506945316|126.9857507900447189_37.5681263594124744|126.9856996176952180_37.5680448635696038|126.9856920596732408_37.5678149339499825|126.9856876838925643_37.5673384838597215
2026-09-04T09:00:31.559343+09:00,명동 관광특구,명동 관광특구,POI003,KEY_4,1010047100,명동11길,1010021105,천주교서울대교구역사관,126.9860324845534620_37.5641352276249094,1010036702,하나생명본사,126.9858686540308810_37.5653162980890372,138.0,12.0,정체,126.9858686540308810_37.5653162980890372|126.9857432038202205_37.5647413878638972|126.9857571822132911_37.5645643609108220|126.9859747526712113_37.5642572157062204|126.9860324845534620_37.5641352276249094
2026-09-04T09:00:31.559343+09:00,명동 관광특구,명동 관광특구,POI003,KEY_4,1010047300,명동11길,1010028002,을지로2가 193-2,126.9858818140827310_37.5660611820985721,1010036701,하나생명본사,126.9860033855318591_37.5653041509724446,86.0,11.0,정체,126.9860033855318591_37.5653041509724446|126.9860169818394837_37.5654967509146118|126.9859913147029999_37.5658560335710519|126.9859355195914645_37.5660048147195980|126.9858818140827310_37.5660611820985721
2026-09-04T09:00:31.559343+09:00,명동 관광특구,명동 관광특구,POI003,KEY_4,1010047400,명동11길,1010036702,하나생명본사,126.9858686540308810_37.5653162980890372,1010028003,을지로2가 193-2,126.9857147459351268_37.5660576077563917,86.0,7.0,정체,126.9857147459351268_37.5660576077563917|126.9858124129876700_37.5659551010490276|126.9858566107715205_37.5658372461591341|126.9858809461957350_37.5654966103869441|126.9858686540308810_37.5653162980890372
2026-09-04T09:00:31.559343+09:00,이태원 관광특구,이태원 관광특구,POI004,KEY_1,1020009001,녹사평대로,1020018000,용산동4가 19-6,126.9909773297691800_37.5304809634511045,1020017000,용산동4가 19-6,126.9913885945213963_37.5298136745927096,83.0,16.0,서행,126.9913885945213963_37.5298136745927096|126.9912856241119101_37.5300162220987090|126.9910469864938420_37.5303842075015055|126.9909773297691800_37.5304809634511045
2026-09-04T09:00:31.559343+09:00,이태원 관광특구,이태원 관광특구,POI004,KEY_1,1020009002,녹사평대로,1020143500,이태원동 34-126,126.9898090601809457_37.5321081021588725,1020018000,용산동4가 19-6,126.9909773297691800_37.5304809634511045,208.0,16.0,서행,126.9909773297691800_37.5304809634511045|126.9900852768915342_37.5317200300991516|126.9898090601809457_37.5321081021588725
2026-09-04T09:00:31.559343+09:00,이태원 관광특구,이태원 관광특구,POI004,KEY_1,1020009003,녹사평대로,1020003002,녹사평역,126.9881954058624700_37.5340760770369641,1020022201,이태원지하차도(남측),126.9892666169127864_37.5328701969023584,166.0,8.0,정체,126.9892666169127864_37.5328701969023584|126.9891809982103155_37.5330843757700805|126.9890194391820586_37.5332936325271902|126.9888311597391066_37.5334983754604465|126.9887002632124080_37.5336341735904142|126.9885375748190626_37.5337996501651361|126.9882692412401042_37.5340175651299930|126.9881954058624700_37.5340760770369641
2026-09-04T09:00:31.559343+09:00,이태원 관광특구,이태원 관광특구,POI004,KEY_1,1020009500,보광로,1020157400,이태원동 131-33,126.9940373387562431_37.5339474192291860,1020003103,이태원역앞교차로,126.9938722101036319_37.5344410134072106,57.0,13.0,정체,126.9938722101036319_37.5344410134072106|126.9939255349719502_37.5342547060894063|126.9940373387562431_37.5339474192291860
2026-09-04T09:00:31.559343+09:00,이태원 관광특구,이태원 관광특구,POI004,KEY_1,1020009904,대사관로,1020039002,한남2동지하차도(남측),127.0004027609345059_37.5343006442184901,1020025303,이태원호텔앞교차로,126.9987263153591641_37.5351737312984781,177.0,19.7,서행,126.9987263153591641_37.5351737312984781|126.9990954478136729_37.5349816259437503|126.9999396501646345_37.5345673699441988|127.0002191213156379_37.5344286922105042|127.0003672073616201_37.5343360329136502|127.0004027609345059_37.5343006442184901
2026-09-04T09:00:31.559343+09:00,이태원 관광특구,이태원 관광특구,POI004,KEY_1,1020010004,대사관로,1020025302,이태원호텔앞교차로,126.9988280672798311_37.5352499378824618,1020039001,한남2동지하차도(남측),127.0005087773131009_37.5343681869459900,178.0,11.0,정체,127.0005087773131009_37.5343681869459900|127.0004634267225185_37.5344133312418080|127.0002971938895513_37.5345173433158550|127.0000111659778099_37.5346592756479964|126.9991682109557161_37.5350729194805908|126.9988280672798311_37.5352499378824618
2026-09-04T09:00:31.559343+09:00,이태원 관광특구,이태원 관광특구,POI004,KEY_1,1020010701,이태원로,1020109600,이태원동 119-23,126.9934065376017003_37.5345186269656637,1020003104,이태원역앞교차로,126.9938609433052790_37.5345487608536530,40.0,25.0,원활,126.9938609433052790_37.5345487608536530|126.9934065376017003_37.5345186269656637
2026-09-04T09:00:31.559343+09:00,이태원 관광특구,이태원 관광특구,POI004,KEY_1,1020010800,이태원로,1020093600,이태원동 57-6,126.9901670978671575_37.5341952578389240,1020003002,녹사평역,126.9881954058624700_37.5340760770369641,175.0,17.0,서행,126.9881954058624700_37.5340760770369641|126.9888746584762771_37.5341095041848334|126.9895083789417214_37.5341515534771304|126.9899064253265237_37.5341779633098369|126.9901670978671575_37.5341952578389240
2026-09-04T09:00:31.559343+09:00,이태원 관광특구,이태원 관광특구,POI004,KEY_1,1020011101,이태원로,1020167100,이태원동 119-23,126.9944655556111286_37.5345901775849882,1020024204,이태원소방파출소,126.9954968238074144_37.5346610574196760,91.0,14.0,정체,126.9954968238074144_37.5346610574196760|126.9944655556111286_37.5345901775849882
2026-09-04T09:00:31.559343+09:00,이태원 관광특구,이태원 관광특구,POI004,KEY_1,1020011102,이태원로,1020024201,이태원소방파출소,126.9956371857134911_37.5346703540578233,1020025304,이태원호텔앞교차로,126.9986418686788028_37.5352583937875650,280.0,16.0,서행,126.9986418686788028_37.5352583937875650|126.9984212314769110_37.5351188313605419|126.9982335515615830_37.5350249822649857|126.9980583342124731_37.5349517245471205|126.9978393040948390_37.5348749734958176|126.9976622321914590_37.5348302588598415|126.9974202076542866_37.5347917072044979|126.9972001370625776_37.5347636612448596|126.9968571305746536_37.5347459155125946|126.9956371857134911_37.5346703540578233
2026-09-04T09:00:31.559343+09:00,이태원 관광특구,이태원 관광특구,POI004,KEY_1,1020011201,이태원로,1020024203,이태원소방파출소,126.9955363307621354_37.5345552498172168,1020003102,이태원역앞교차로,126.9940088155564695_37.5344502604877519,136.0,17.0,서행,126.9940088155564695_37.5344502604877519|126.9944772309336969_37.5344824577926843|126.9955363307621354_37.5345552498172168
2026-09-04T09:00:31.559343+09:00,이태원 관광특구,이태원 관광특구,POI004,KEY_1,1020011202,이태원로,1020025303,이태원호텔앞교차로,126.9987263153591641_37.5351737312984781,1020024202,이태원소방파출소,126.9956725121214589_37.5345640956228834,285.0,26.0,원활,126.9956725121214589_37.5345640956228834|126.9968667962878328_37.5346380677732867|126.9972152987085821_37.5346560983237794|126.9974442596476365_37.5346852761054279|126.9976961690244082_37.5347254028548534|126.9978873030321580_37.5347736685373405|126.9981173019449585_37.5348542624446893|126.9983013090689639_37.5349311962862444|126.9984997949651415_37.5350304478139734|126.9987263153591641_37.5351737312984781
2026-09-04T09:00:31.559343+09:00,이태원 관광특구,이태원 관광특구,POI004,KEY_1,1020011901,녹사평대로,1020003004,녹사평역,126.9876402873352532_37.5341922458149284,1020024403,녹사평역3번출구,126.9871942320691289_37.5345264082409287,54.0,18.0,서행,126.9871942320691289_37.5345264082409287|126.9874994306240978_37.5342855546436809|126.9876402873352532_37.5341922458149284
2026-09-04T09:00:31.559343+09:00,이태원 관광특구,이태원 관광특구,POI004,KEY_1,1020012001,녹사평대로,1020024402,녹사평역3번출구,126.9874278284808042_37.5346464951910121,1020003001,녹사평역,126.9880612839168776_37.5341860241447520,76.0,14.0,정체,126.9880612839168776_37.5341860241447520|126.9878801594456093_37.5343123819876681|126.9876829423078846_37.5344451664072736|126.9874278284808042_37.5346464951910121
2026-09-04T09:00:31.559343+09:00,이태원 관광특구,이태원 관광특구,POI004,KEY_1,1020013501,이태원로,1020082000,한남동 738-29,127.0004845666072555_37.5369043590949900,1020028203,아마도예술공간,127.0014953826060378_37.5382912457230304,179.0,32.0,원활,127.0014953826060378_37.5382912457230304|127.0014356603659564_37.5381444461041909|127.0014309919154414_37.5381362885281789|127.0013038217596630_37.5379140726661760|127.0011379573928849_37.5376822064471440|127.0007877780447814_37.5372550360047725|127.0004845666072555_37.5369043590949900
2026-09-04T09:00:31.559343+09:00,이태원 관광특구,이태원 관광특구,POI004,KEY_1,1020013601,이태원로,1020045200,한남동 738-29,126.9989169963617854_37.5353238031737177,1020025302,이태원호텔앞교차로,126.9988280672798311_37.5352499378824618,11.0,26.0,원활,126.9988280672798311_37.5352499378824618|126.9989169963617854_37.5353238031737177
2026-09-04T09:00:31.559343+09:00,이태원 관광특구,이태원 관광특구,POI004,KEY_1,1020013602,이태원로,1020059700,한남동 726-494,127.0017834196089126_37.5389040486291208,1020028201,아마도예술공간,127.0016665133178009_37.5383661384416030,61.0,26.5,원활,127.0016665133178009_37.5383661384416030|127.0017224666353144_37.5385209000011812|127.0017610145381610_37.5386958484475741|127.0017800432824231_37.5388655227169679|127.0017834196089126_37.5389040486291208
2026-09-04T09:00:31.559343+09:00,이태원 관광특구,이태원 관광특구,POI004,KEY_1,1020034600,녹사평대로26길,1020018000,용산동4가 19-6,126.9909773297691800_37.5304809634511045,1020018202,찬우물삼거리,126.9913377452865575_37.5305452345433466,46.0,9.0,정체,126.9913377452865575_37.5305452345433466|126.9913156669195189_37.5304568149457580|126.9912955967890156_37.5304265497298886|126.9912791792530129_37.5304108710930961|126.9912378720889734_37.5303937039575430|126.9911893806270911_37.5303879789905181|126.9911408868570533_37.5303922668328198|126.9909773297691800_37.5304809634511045
2026-09-04T09:00:31.559343+09:00,이태원 관광특구,이태원 관광특구,POI004,KEY_1,1020039700,우사단로,1020063400,이태원동 137-23,126.9955993093615803_37.5340288073665604,1020024203,이태원소방파출소,126.9955363307621354_37.5345552498172168,59.0,9.0,정체,126.9955363307621354_37.5345552498172168|126.9955674338379481_37.5344291020757268|126.9956003436716969_37.5340381328912898|126.9955993093615803_37.5340288073665604
2026-09-04T09:00:31.559343+09:00,이태원 관광특구,이태원 관광특구,POI004,KEY_1,1020039800,우사단로,1020127900,이태원동 137-23,126.9956810738919017_37.5335371339901727,1020021401,보광초등학교,126.9956544097363604_37.5331163963296177,47.0,16.0,서행,126.9956544097363604_37.5331163963296177|126.9956431779321804_37.5331593197407258|126.9956452666882569_37.5332142943968208|126.9956810738919017_37.5335371339901727
2026-09-04T09:00:31.559343+09:00,이태원 관광특구,이태원 관광특구,POI004,KEY_1,1020040300,녹사평대로,1020022202,이태원지하차도(남측),126.9891497327059682_37.5328152235285657,1020026002,이태원지하차도,126.9868116742945574_37.5363328242444823,460.0,47.7,원활,126.9868116742945574_37.5363328242444823|126.9868538272333325_37.5357070871561049|126.9868812904903166_37.5354814228777371|126.9869364299821228_37.5352656870731707|126.9870236999042561_37.5350207533350897|126.9871658847246181_37.5347578685569943|126.9872591983395012_37.5345735338936208|126.9874007711287476_37.5344348138735882|126.9876675674987609_37.5342527524634377|126.9879724804863770_37.5340099975053576|126.9882501662422953_37.5337975865582933|126.9884625156009008_37.5336198526182443|126.9886696602970630_37.5333995022459348|126.9888502689490508_37.5332031012114840|126.9891497327059682_37.5328152235285657
2026-09-04T09:00:31.559343+09:00,이태원 관광특구,이태원 관광특구,POI004,KEY_1,1020040400,녹사평대로,1020026001,이태원지하차도,126.9869473083997917_37.5363386126122549,1020022201,이태원지하차도(남측),126.9892666169127864_37.5328701969023584,454.0,23.0,서행,126.9892666169127864_37.5328701969023584|126.9889630490588246_37.5332634563500420|126.9887753964363526_37.5334675162952465|126.9886639536934894_37.5335851889942944|126.9883372603884482_37.5338799692030065|126.9880214583303228_37.5341357308534143|126.9878036642156758_37.5343004565738241|126.9876348774150330_37.5344044902058016|126.9874116350989652_37.5345822214730234|126.9873136131370046_37.5347382886526404|126.9871518976878093_37.5350570479496213|126.9870684496982989_37.5352912611919365|126.9870157481944091_37.5354974629360356|126.9869892495657240_37.5357151985455673|126.9869473083997917_37.5363386126122549
2026-09-04T09:00:31.559343+09:00,이태원 관광특구,이태원 관광특구,POI004,KEY_1,1020041800,이태원로27길,1020091200,이태원동 112-33,126.9941872579211832_37.5354242896055013,1020026204,태국대사관,126.9952756990904561_37.5363269214383237,190.0,17.5,서행,126.9952756990904561_37.5363269214383237|126.9950024930177079_37.5361660973740001|126.9945858125235389_37.5359208138482217|126.9944631524413410_37.5359015925205028|126.9942169223346156_37.5359130027042980|126.9940461223898893_37.5358880581230920|126.9939407102296656_37.5358117362051757|126.9939029380128943_37.5357324209755134|126.9939132882914947_37.5356500538305298|126.9939823977568238_37.5355615331545565|126.9940376114138303_37.5355245435285383|126.9941872579211832_37.5354242896055013
2026-09-04T09:00:31.559343+09:00,이태원 관광특구,이태원 관광특구,POI004,KEY_1,1020041900,이태원로27길,1020091300,이태원동 111-5,126.9942746628349681_37.5355070255918761,1020024201,이태원소방파출소,126.9956371857134911_37.5346703540578233,170.0,21.0,서행,126.9956371857134911_37.5346703540578233|126.9955842562411448_37.5347850178568478|126.9954134054469819_37.5350706997723336|126.9953750142490776_37.5351183002557249|126.9952378837399039_37.5352883250498763|126.9951738511499997_37.5353312605409712|126.9950719982470559_37.5353558347332807|126.9945933761089663_37.5353577392293118|126.9945100556674760_37.5353687933671125|126.9944205701082751_37.5354092765412304|126.9942746628349681_37.5355070255918761
2026-09-04T09:00:31.559343+09:00,이태원 관광특구,이태원 관광특구,POI004,KEY_1,1020044200,이태원로55길,1020117100,한남동 743-28,126.9997391668357380_37.5378586004776338,1020028204,아마도예술공간,127.0015360364709949_37.5383960510061243,179.0,18.5,서행,127.0015360364709949_37.5383960510061243|127.0013368209632745_37.5384168160424778|127.0012499160572617_37.5384184910217868|127.0010329755712064_37.5384226719888048|127.0008219211757847_37.5384105245589978|127.0006153256219363_37.5383529464938235|127.0005500769398310_37.5383219398232413|127.0004569571074597_37.5382776884626210|127.0002827447613072_37.5381667082987036|127.0000496884858734_37.5379811250893098|126.9998107834810668_37.5378752339839465|126.9997391668357380_37.5378586004776338
2026-09-04T09:00:31.559343+09:00,이태원 관광특구,이태원 관광특구,POI004,KEY_1,1020052400,이태원로,1020038902,한남동 686-1,126.9999041836640004_37.5345212747176191,1020025303,이태원호텔앞교차로,126.9987263153591641_37.5351737312984781,128.0,14.0,정체,126.9987263153591641_37.5351737312984781|126.9988754803021465_37.5350315221282500|126.9990590663091723_37.5349359791579857|126.9999041836640004_37.5345212747176191
2026-09-04T09:00:31.559343+09:00,이태원 관광특구,이태원 관광특구,POI004,KEY_1,1020052500,이태원로,1020025302,이태원호텔앞교차로,126.9988280672798311_37.5352499378824618,1020038901,한남동 685-46,127.0000466337410785_37.5347053708413583,124.0,15.0,서행,127.0000466337410785_37.5347053708413583|126.9992045925932302_37.5351185662316666|126.9990240300251401_37.5352125351167487|126.9988280672798311_37.5352499378824618
2026-09-04T09:00:31.559343+09:00,잠실 관광특구,잠실 관광특구,POI005,KEY_2,1230003102,송파대로,1230412500,석촌동 209,127.1044792274671522_37.5081049831544888,1230036703,석촌호수앞교차로,127.1039824947923051_37.5086487529905597,75.0,28.0,원활,127.1039824947923051_37.5086487529905597|127.1044792274671522_37.5081049831544888
2026-09-04T09:00:31.559343+09:00,잠실 관광특구,잠실 관광특구,POI005,KEY_2,1230003300,송파대로,1230036704,석촌호수앞교차로,127.1039028911642674_37.5087367936795530,1230001703,석촌호수앞교차로,127.1017878219228550_37.5111046223331428,323.0,35.0,원활,127.1017878219228550_37.5111046223331428|127.1039028911642674_37.5087367936795530
2026-09-04T09:00:31.559343+09:00,잠실 관광특구,잠실 관광특구,POI005,KEY_2,1230003400,송파대로,1230001702,석촌호수앞교차로,127.1019076941057762_37.5111569141952117,1230036701,석촌호수앞교차로,127.1040028890472797_37.5088113302377195,320.0,8.0,정체,127.1040028890472797_37.5088113302377195|127.1019076941057762_37.5111569141952117
2026-09-04T09:00:31.559343+09:00,잠실 관광특구,잠실 관광특구,POI005,KEY_2,1230003501,송파대로,1230399700,잠실동 41,127.1007560729534731_37.5124412982623454,1230001803,잠실역사거리,127.1001586829554100_37.5132191939759281,101.0,23.0,서행,127.1001586829554100_37.5132191939759281|127.1007560729534731_37.5124412982623454
2026-09-04T09:00:31.559343+09:00,잠실 관광특구,잠실 관광특구,POI005,KEY_2,1230003601,송파대로,1230001802,잠실역사거리,127.1002879409381165_37.5132580710148957,1230001701,석촌호수앞교차로,127.1018323332335598_37.5112469862295228,262.0,6.0,정체,127.1018323332335598_37.5112469862295228|127.1008718568159566_37.5124977195192244|127.1002879409381165_37.5132580710148957
2026-09-04T09:00:31.559343+09:00,잠실 관광특구,잠실 관광특구,POI005,KEY_2,1230003802,송파대로,1230044702,잠실대교남측,127.0981251707990225_37.5159789121879115,1230001801,잠실역사거리,127.1002155326109744_37.5133509522926616,345.0,12.5,정체,127.1002155326109744_37.5133509522926616|127.0985290071868548_37.5154712346922068|127.0981251707990225_37.5159789121879115
2026-09-04T09:00:31.559343+09:00,잠실 관광특구,잠실 관광특구,POI005,KEY_2,1230018100,삼학사로,1230399400,삼전동 152,127.0971851736833997_37.5058146183606098,1230034303,석촌호교차로,127.0972427646003808_37.5065427063586085,81.0,17.0,서행,127.0972427646003808_37.5065427063586085|127.0971851736833997_37.5058146183606098
2026-09-04T09:00:31.559343+09:00,잠실 관광특구,잠실 관광특구,POI005,KEY_2,1230020203,석촌호수로,1230362100,잠실동 45-1,127.0959603598268473_37.5068429608790908,1230034304,석촌호교차로,127.0972501695385262_37.5066515875651163,116.0,27.0,원활,127.0972501695385262_37.5066515875651163|127.0959603598268473_37.5068429608790908
2026-09-04T09:00:31.559343+09:00,잠실 관광특구,잠실 관광특구,POI005,KEY_2,1230020300,석촌호수로,1230425400,최소노드배치점,127.1008735740489470_37.5071235777689509,1230036704,석촌호수앞교차로,127.1039028911642674_37.5087367936795530,323.0,26.0,원활,127.1039028911642674_37.5087367936795530|127.1030871966188158_37.5081804312170775|127.1027814029224459_37.5079972621807372|127.1027257780679207_37.5079698553039691|127.1018874551534168_37.5075568002840285|127.1015021632143061_37.5073921700333557|127.1008735740489470_37.5071235777689509
2026-09-04T09:00:31.559343+09:00,잠실 관광특구,잠실 관광특구,POI005,KEY_2,1230020400,석촌호수로,1230369400,석촌동 191,127.0987703823118125_37.5064112799268017,1230034302,석촌호교차로,127.0973765618586384_37.5065150079019958,125.0,20.0,서행,127.0973765618586384_37.5065150079019958|127.0976452744375536_37.5064483289197952|127.0979269591683192_37.5064090615062042|127.0982641563232818_37.5063794736021237|127.0986308344447906_37.5063986405236136|127.0987703823118125_37.5064112799268017
2026-09-04T09:00:31.559343+09:00,잠실 관광특구,잠실 관광특구,POI005,KEY_2,1230021500,삼학사로,1230418200,잠실동 46,127.0973734398476296_37.5087240119147722,1230007103,서울놀이마당앞교차로,127.0974453047706589_37.5099321530276910,134.0,29.0,원활,127.0974453047706589_37.5099321530276910|127.0973734398476296_37.5087240119147722
2026-09-04T09:00:31.559343+09:00,잠실 관광특구,잠실 관광특구,POI005,KEY_2,1230021600,삼학사로,1230007102,서울놀이마당앞교차로,127.0975809295277941_37.5099279073468779,1230034301,석촌호교차로,127.0973845362845935_37.5066262726573783,367.0,20.0,서행,127.0973845362845935_37.5066262726573783|127.0975090109694889_37.5087188942394008|127.0975809295277941_37.5099279073468779
2026-09-04T09:00:31.559343+09:00,잠실 관광특구,잠실 관광특구,POI005,KEY_2,1230021900,삼전로,1230356200,잠실동 37,127.0922842977067404_37.5094309777277743,1230038603,잠실3삼거리,127.0929733206664025_37.5103028554533822,115.0,20.0,서행,127.0929733206664025_37.5103028554533822|127.0928602894616830_37.5101024415336113|127.0922842977067404_37.5094309777277743
2026-09-04T09:00:31.559343+09:00,잠실 관광특구,잠실 관광특구,POI005,KEY_2,1230023101,잠실로,1230038303,잠실동 43,127.0947217679651260_37.5101178628557932,1230038602,잠실3삼거리,127.0930971257991189_37.5102585455899913,144.0,23.0,서행,127.0930971257991189_37.5102585455899913|127.0947217679651260_37.5101178628557932
2026-09-04T09:00:31.559343+09:00,잠실 관광특구,잠실 관광특구,POI005,KEY_2,1230023102,잠실로,1230007103,서울놀이마당앞교차로,127.0974453047706589_37.5099321530276910,1230038302,잠실동 43,127.0948609890413223_37.5101069748518370,229.0,33.0,원활,127.0948609890413223_37.5101069748518370|127.0962459094918131_37.5100132959391175|127.0974453047706589_37.5099321530276910
2026-09-04T09:00:31.559343+09:00,잠실 관광특구,잠실 관광특구,POI005,KEY_2,1230023201,잠실로,1230038601,잠실3삼거리,127.0931194165767408_37.5103653726765316,1230038304,잠실동 43,127.0947364363945553_37.5102253498387128,144.0,15.0,서행,127.0947364363945553_37.5102253498387128|127.0931194165767408_37.5103653726765316
2026-09-04T09:00:31.559343+09:00,잠실 관광특구,잠실 관광특구,POI005,KEY_2,1230023202,잠실로,1230393400,잠실동 43,127.0962573939644642_37.5101210286650257,1230007104,서울놀이마당앞교차로,127.0974567909531032_37.5100398856026942,106.0,16.3,서행,127.0974567909531032_37.5100398856026942|127.0962573939644642_37.5101210286650257
2026-09-04T09:00:31.559343+09:00,잠실 관광특구,잠실 관광특구,POI005,KEY_2,1230023301,양재대로,1230222600,방이동 217-2,127.1268249994781740_37.5100254368363224,1230040803,올림픽공원앞교차로,127.1279156747526429_37.5117452056324225,214.0,13.0,정체,127.1279156747526429_37.5117452056324225|127.1268249994781740_37.5100254368363224
2026-09-04T09:00:31.559343+09:00,잠실 관광특구,잠실 관광특구,POI005,KEY_2,1230023500,잠실로,1230412400,잠실동 42,127.1004419094974480_37.5105947295189637,1230001704,석촌호수앞교차로,127.1017131193153915_37.5111950333109547,131.0,17.0,서행,127.1017131193153915_37.5111950333109547|127.1004641614348145_37.5106046485269218|127.1004419094974480_37.5105947295189637
2026-09-04T09:00:31.559343+09:00,잠실 관광특구,잠실 관광특구,POI005,KEY_2,1230023600,잠실로,1230001703,석촌호수앞교차로,127.1017878219228550_37.5111046223331428,1230007102,서울놀이마당앞교차로,127.0975809295277941_37.5099279073468779,403.0,19.0,서행,127.0975809295277941_37.5099279073468779|127.0985541482379375_37.5099332768199432|127.0990046849047843_37.5099841635964921|127.0994430355566607_37.5101001528652276|127.0999744578332411_37.5102624598802024|127.1005081875894263_37.5105003764333560|127.1005319432435670_37.5105109657146656|127.1017878219228550_37.5111046223331428
2026-09-04T09:00:31.559343+09:00,잠실 관광특구,잠실 관광특구,POI005,KEY_2,1230023701,석촌호수로,1230036701,석촌호수앞교차로,127.1040028890472797_37.5088113302377195,1230038204,수림빌딩,127.1051505452613100_37.5097264956549949,144.0,9.0,정체,127.1051505452613100_37.5097264956549949|127.1048424116308126_37.5094807866672255|127.1040028890472797_37.5088113302377195
2026-09-04T09:00:31.559343+09:00,잠실 관광특구,잠실 관광특구,POI005,KEY_2,1230023702,석촌호수로,1230038201,수림빌딩,127.1052475076223942_37.5098032820847891,1230039704,신천동 33,127.1069053310213803_37.5111077200237375,206.0,13.0,정체,127.1069053310213803_37.5111077200237375|127.1060795391087055_37.5104579644505165|127.1052475076223942_37.5098032820847891
2026-09-04T09:00:31.559343+09:00,잠실 관광특구,잠실 관광특구,POI005,KEY_2,1230023703,석촌호수로,1230039701,신천동 33,127.1070065907386635_37.5111861357687459,1230041504,방이삼거리,127.1080898185277164_37.5120029659807344,132.0,21.0,서행,127.1080898185277164_37.5120029659807344|127.1079331088216122_37.5118964724360211|127.1070065907386635_37.5111861357687459
2026-09-04T09:00:31.559343+09:00,잠실 관광특구,잠실 관광특구,POI005,KEY_2,1230023801,석촌호수로,1230383600,송파동 60,127.1049384312716057_37.5094043721425194,1230036702,석촌호수앞교차로,127.1040831324389728_37.5087223370806129,107.0,13.0,정체,127.1040831324389728_37.5087223370806129|127.1049384312716057_37.5094043721425194
2026-09-04T09:00:31.559343+09:00,잠실 관광특구,잠실 관광특구,POI005,KEY_2,1230023802,석촌호수로,1230380500,송파동 61,127.1061749184303977_37.5103810412995244,1230038202,수림빌딩,127.1053428869681454_37.5097263595970531,103.0,19.0,서행,127.1053428869681454_37.5097263595970531|127.1061749184303977_37.5103810412995244
2026-09-04T09:00:31.559343+09:00,잠실 관광특구,잠실 관광특구,POI005,KEY_2,1230023803,석촌호수로,1230041503,방이삼거리,127.1081921675338720_37.5119304002947942,1230039702,송파동 62,127.1071007108080408_37.5111082344274962,133.0,11.0,정체,127.1071007108080408_37.5111082344274962|127.1080242959557012_37.5118163213665241|127.1081921675338720_37.5119304002947942
2026-09-04T09:00:31.559343+09:00,잠실 관광특구,잠실 관광특구,POI005,KEY_2,1230023904,위례성대로,1230038803,오금초교,127.1315805616083452_37.5102624702576577,1230040802,올림픽공원앞교차로,127.1280368042940410_37.5116964262882320,351.0,28.0,원활,127.1280368042940410_37.5116964262882320|127.1315805616083452_37.5102624702576577
2026-09-04T09:00:31.559343+09:00,잠실 관광특구,잠실 관광특구,POI005,KEY_2,1230024003,위례성대로,1230040801,올림픽공원앞교차로,127.1280993215722361_37.5117923995774305,1230038804,오금초교,127.1316420322552858_37.5103588665718206,351.0,11.0,정체,127.1316420322552858_37.5103588665718206|127.1280993215722361_37.5117923995774305
2026-09-04T09:00:31.559343+09:00,잠실 관광특구,잠실 관광특구,POI005,KEY_2,1230024100,잠실로,1230038604,잠실3삼거리,127.0929839814057658_37.5103582875929717,1230041303,잠실3사거리,127.0924958334099557_37.5118489046082644,171.0,12.5,정체,127.0924958334099557_37.5118489046082644|127.0929749045914718_37.5104683915562376|127.0929839814057658_37.5103582875929717
2026-09-04T09:00:31.559343+09:00,잠실 관광특구,잠실 관광특구,POI005,KEY_2,1230024200,잠실로,1230041302,잠실3사거리,127.0926320843072830_37.5118620680798003,1230038601,잠실3삼거리,127.0931194165767408_37.5103653726765316,172.0,10.0,정체,127.0931194165767408_37.5103653726765316|127.0931094286359553_37.5104865264241667|127.0926320843072830_37.5118620680798003
2026-09-04T09:00:31.559343+09:00,잠실 관광특구,잠실 관광특구,POI005,KEY_2,1230024302,오금로,1230384900,송파동 62,127.1086886760872829_37.5117147904571766,1230041503,방이삼거리,127.1081921675338720_37.5119304002947942,50.0,10.0,정체,127.1081921675338720_37.5119304002947942|127.1083902263657990_37.5118348937114661|127.1086886760872829_37.5117147904571766
2026-09-04T09:00:31.559343+09:00,잠실 관광특구,잠실 관광특구,POI005,KEY_2,1230024703,가락로,1230042404,에뜨왈리코리아,127.1197334005263002_37.5127417204113840,1230008303,방이초교앞교차로,127.1208213191434737_37.5145580278620869,223.0,14.0,정체,127.1208213191434737_37.5145580278620869|127.1197334005263002_37.5127417204113840
2026-09-04T09:00:31.559343+09:00,잠실 관광특구,잠실 관광특구,POI005,KEY_2,1230024803,가락로,1230008302,방이초교앞교차로,127.1209450232393436_37.5145134722125775,1230042401,에뜨왈리코리아,127.1198552228544401_37.5126940280713512,224.0,18.0,서행,127.1198552228544401_37.5126940280713512|127.1209450232393436_37.5145134722125775
2026-09-04T09:00:31.559343+09:00,잠실 관광특구,잠실 관광특구,POI005,KEY_2,1230024900,올림픽로,1230358200,최소노드배치점,127.0890986901108874_37.5116423850120313,1230041304,잠실3사거리,127.0924582513479919_37.5119541794962004,299.0,18.0,서행,127.0924582513479919_37.5119541794962004|127.0894865754439849_37.5116660118753273|127.0890986901108874_37.5116423850120313
2026-09-04T09:00:31.559343+09:00,잠실 관광특구,잠실 관광특구,POI005,KEY_2,1230025502,위례성대로12길,1230384600,방이동 75-1,127.1226867891286361_37.5132366843652107,1230008203,올림픽공원남2문,127.1230115468975583_37.5137580552017056,65.0,15.0,서행,127.1230115468975583_37.5137580552017056|127.1226867891286361_37.5132366843652107
2026-09-04T09:00:31.559343+09:00,잠실 관광특구,잠실 관광특구,POI005,KEY_2,1230025602,위례성대로12길,1230008202,올림픽공원남2문,127.1231332582007383_37.5137101955394456,1230041001,제이에스빌딩,127.1219838454871649_37.5118648795729470,229.0,10.0,정체,127.1219838454871649_37.5118648795729470|127.1228083768162378_37.5131886276024815|127.1231332582007383_37.5137101955394456
2026-09-04T09:00:31.559343+09:00,잠실 관광특구,잠실 관광특구,POI005,KEY_2,1230025702,올림픽로,1230422700,최소노드배치점,127.0963985029439982_37.5124235494134552,1230001804,잠실역사거리,127.1000841139758677_37.5133141607708396,341.0,23.0,서행,127.1000841139758677_37.5133141607708396|127.0963985029439982_37.5124235494134552
2026-09-04T09:00:31.559343+09:00,잠실 관광특구,잠실 관광특구,POI005,KEY_2,1230025801,올림픽로,1230041703,잠실동 39,127.0946882254534103_37.5120601573260686,1230041302,잠실3사거리,127.0926320843072830_37.5118620680798003,183.0,11.0,정체,127.0926320843072830_37.5118620680798003|127.0946882254534103_37.5120601573260686
2026-09-04T09:00:31.559343+09:00,잠실 관광특구,잠실 관광특구,POI005,KEY_2,1230025802,올림픽로,1230001803,잠실역사거리,127.1001586829554100_37.5132191939759281,1230041702,잠실동 39,127.0948236216370191_37.5120740018570373,489.0,11.0,정체,127.0948236216370191_37.5120740018570373|127.0956739088233007_37.5121671905185963|127.0962807923011582_37.5122821169021705|127.0964379064208174_37.5123200858476054|127.1001586829554100_37.5132191939759281
2026-09-04T09:00:31.559343+09:00,잠실 관광특구,잠실 관광특구,POI005,KEY_2,1230026102,위례성대로,1230040803,올림픽공원앞교차로,127.1279156747526429_37.5117452056324225,1230042502,방이동 181-7,127.1254911970844859_37.5127168656425241,240.0,11.0,정체,127.1254911970844859_37.5127168656425241|127.1279156747526429_37.5117452056324225
2026-09-04T09:00:31.559343+09:00,잠실 관광특구,잠실 관광특구,POI005,KEY_2,1230026103,위례성대로,1230042503,방이동 181-7,127.1253705911887266_37.5127664663946732,1230008202,올림픽공원남2문,127.1231332582007383_37.5137101955394456,224.0,13.0,정체,127.1231332582007383_37.5137101955394456|127.1253705911887266_37.5127664663946732
2026-09-04T09:00:31.559343+09:00,잠실 관광특구,잠실 관광특구,POI005,KEY_2,1230026202,위례성대로,1230008201,올림픽공원남2문,127.1231967749277914_37.5138057465937962,1230040804,올림픽공원앞교차로,127.1279781659139445_37.5118411937980127,476.0,41.7,원활,127.1279781659139445_37.5118411937980127|127.1255521973024827_37.5128134512352105|127.1254341104055641_37.5128620169255242|127.1231967749277914_37.5138057465937962
2026-09-04T09:00:31.559343+09:00,잠실 관광특구,잠실 관광특구,POI005,KEY_2,1230026301,오금로,1230041504,방이삼거리,127.1080898185277164_37.5120029659807344,1230043203,잠실전화국,127.1073625915452112_37.5136826385122433,198.0,29.0,원활,127.1073625915452112_37.5136826385122433|127.1076552451824142_37.5129653281818420|127.1080218934859403_37.5120666323530259|127.1080898185277164_37.5120029659807344
2026-09-04T09:00:31.559343+09:00,잠실 관광특구,잠실 관광특구,POI005,KEY_2,1230026400,오금로,1230362200,방이동 95-3,127.1077843306107411_37.5129987458803527,1230041501,방이삼거리,127.1081930791064138_37.5120731373911980,109.0,14.5,정체,127.1081930791064138_37.5120731373911980|127.1081426875516627_37.5121203703189892|127.1077843306107411_37.5129987458803527
2026-09-04T09:00:31.559343+09:00,잠실 관광특구,잠실 관광특구,POI005,KEY_2,1230026702,백제고분로,1230397100,방이동 94-4,127.1155243442379685_37.5158080782483836,1230045403,올림픽공원남4문앞교차로,127.1158353619488821_37.5163285598069436,64.0,11.0,정체,127.1158353619488821_37.5163285598069436|127.1155243442379685_37.5158080782483836
2026-09-04T09:00:31.559343+09:00,잠실 관광특구,잠실 관광특구,POI005,KEY_2,1230026802,백제고분로,1230045402,올림픽공원남4문앞교차로,127.1159592191718559_37.5162842594980717,1230043901,방이중,127.1149670532686144_37.5146238680820474,204.0,14.0,정체,127.1149670532686144_37.5146238680820474|127.1156469051217641_37.5157616102810749|127.1159592191718559_37.5162842594980717
2026-09-04T09:00:31.559343+09:00,잠실 관광특구,잠실 관광특구,POI005,KEY_2,1230027100,위례성대로,1230008203,올림픽공원남2문,127.1230115468975583_37.5137580552017056,1230008302,방이초교앞교차로,127.1209450232393436_37.5145134722125775,201.0,37.0,원활,127.1209450232393436_37.5145134722125775|127.1230115468975583_37.5137580552017056
2026-09-04T09:00:31.559343+09:00,잠실 관광특구,잠실 관광특구,POI005,KEY_2,1230027200,위례성대로,1230424900,최소노드배치점,127.1195466393614311_37.5151289900827436,1230008204,올림픽공원남2문,127.1230681603091739_37.5138563218870544,342.0,42.0,원활,127.1230681603091739_37.5138563218870544|127.1210016343324725_37.5146117395583261|127.1208765811574466_37.5146567818947432|127.1195466393614311_37.5151289900827436
2026-09-04T09:00:31.559343+09:00,잠실 관광특구,잠실 관광특구,POI005,KEY_2,1230027302,올림픽로,1230001801,잠실역사거리,127.1002155326109744_37.5133509522926616,1230043404,신천동 8,127.1021667132219335_37.5140202279747825,188.0,11.0,정체,127.1021667132219335_37.5140202279747825|127.1002155326109744_37.5133509522926616
2026-09-04T09:00:31.559343+09:00,잠실 관광특구,잠실 관광특구,POI005,KEY_2,1230027303,올림픽로,1230043401,신천동 8,127.1022912026975433_37.5140633484028712,1230043804,잠실역(서울8호선),127.1031193148053262_37.5143528991889355,80.0,27.0,원활,127.1031193148053262_37.5143528991889355|127.1022912026975433_37.5140633484028712
2026-09-04T09:00:31.559343+09:00,잠실 관광특구,잠실 관광특구,POI005,KEY_2,1230027304,올림픽로,1230043801,잠실역(서울8호선),127.1032441614670745_37.5143953515620083,1230044104,송파구청앞교차로,127.1065954149593580_37.5155037548529151,321.0,44.5,원활,127.1065954149593580_37.5155037548529151|127.1032441614670745_37.5143953515620083
2026-09-04T09:00:31.559343+09:00,잠실 관광특구,잠실 관광특구,POI005,KEY_2,1230027402,올림픽로,1230425600,최소노드배치점,127.1034569107816310_37.5143486498193468,1230001802,잠실역사거리,127.1002879409381165_37.5132580710148957,305.0,39.0,원활,127.1002879409381165_37.5132580710148957|127.1022203942543456_37.5139209223143766|127.1023457587723016_37.5139643456983833|127.1031738699951745_37.5142538961081584|127.1032962137368543_37.5142954974985372|127.1034569107816310_37.5143486498193468
2026-09-04T09:00:31.559343+09:00,잠실 관광특구,잠실 관광특구,POI005,KEY_2,1230027600,잠실로,1230354600,잠실동 26-1,127.0923490777133509_37.5126418063312386,1230041301,잠실3사거리,127.0925947702226182_37.5119673808282528,78.0,18.5,서행,127.0925947702226182_37.5119673808282528|127.0923490777133509_37.5126418063312386
2026-09-04T09:00:31.559343+09:00,잠실 관광특구,잠실 관광특구,POI005,KEY_2,1230027901,오금로,1230043204,잠실전화국,127.1073301047804875_37.5137619968566653,1230043703,KT송파빌딩,127.1072008780327849_37.5140753242066154,37.0,6.0,정체,127.1072008780327849_37.5140753242066154|127.1073301047804875_37.5137619968566653
2026-09-04T09:00:31.559343+09:00,잠실 관광특구,잠실 관광특구,POI005,KEY_2,1230027902,오금로,1230043704,KT송파빌딩,127.1071582673112630_37.5141777969497454,1230044103,송파구청앞교차로,127.1066451578842873_37.5154031368063627,143.0,16.0,서행,127.1066451578842873_37.5154031368063627|127.1071582673112630_37.5141777969497454
2026-09-04T09:00:31.559343+09:00,잠실 관광특구,잠실 관광특구,POI005,KEY_2,1230028001,오금로,1230043702,KT송파빌딩,127.1073298305418575_37.5141090707700258,1230043201,잠실전화국,127.1074590560679241_37.5137957428479041,37.0,7.0,정체,127.1074590560679241_37.5137957428479041|127.1073298305418575_37.5141090707700258
2026-09-04T09:00:31.559343+09:00,잠실 관광특구,잠실 관광특구,POI005,KEY_2,1230028002,오금로,1230044102,송파구청앞교차로,127.1067706331513705_37.5154451950086951,1230043701,KT송파빌딩,127.1072870264943191_37.5142120080203938,144.0,5.0,정체,127.1072870264943191_37.5142120080203938|127.1067706331513705_37.5154451950086951
2026-09-04T09:00:31.559343+09:00,잠실 관광특구,잠실 관광특구,POI005,KEY_2,1230028100,위례성대로,1230008303,방이초교앞교차로,127.1208213191434737_37.5145580278620869,1230045402,올림픽공원남4문앞교차로,127.1159592191718559_37.5162842594980717,471.0,48.7,원활,127.1159592191718559_37.5162842594980717|127.1194913787483216_37.5150302354333220|127.1208213191434737_37.5145580278620869
2026-09-04T09:00:31.559343+09:00,잠실 관광특구,잠실 관광특구,POI005,KEY_2,1230028301,올림픽로,1230044101,송파구청앞교차로,127.1067205760415391_37.5155457351922763,1230044902,잠실진주아파트앞교차로,127.1087256571209707_37.5162283031640200,193.0,12.0,정체,127.1087256571209707_37.5162283031640200|127.1067205760415391_37.5155457351922763
2026-09-04T09:00:31.559343+09:00,잠실 관광특구,잠실 관광특구,POI005,KEY_2,1230028401,올림픽로,1230421300,최소노드배치점,127.1097120122696964_37.5164468577884307,1230044102,송파구청앞교차로,127.1067706331513705_37.5154451950086951,283.0,20.0,서행,127.1067706331513705_37.5154451950086951|127.1088293438040182_37.5161460190462677|127.1097120122696964_37.5164468577884307
2026-09-04T09:00:31.559343+09:00,잠실 관광특구,잠실 관광특구,POI005,KEY_2,1230028702,양재대로,1230040804,올림픽공원앞교차로,127.1279781659139445_37.5118411937980127,1230043503,방이동 89-28,127.1293137788365044_37.5138391508336753,251.0,7.0,정체,127.1293137788365044_37.5138391508336753|127.1279781659139445_37.5118411937980127
2026-09-04T09:00:31.559343+09:00,잠실 관광특구,잠실 관광특구,POI005,KEY_2,1230028703,양재대로,1230043504,방이동 89-28,127.1293758864878356_37.5139336243623376,1230044603,올림픽공원동문교차로,127.1305797082937374_37.5157953632322290,232.0,10.0,정체,127.1305797082937374_37.5157953632322290|127.1293758864878356_37.5139336243623376
2026-09-04T09:00:31.559343+09:00,잠실 관광특구,잠실 관광특구,POI005,KEY_2,1230028704,양재대로,1230044604,올림픽공원동문교차로,127.1306432453781667_37.5158930503733714,1230047803,오륜교,127.1316412754749763_37.5174145740411831,191.0,7.0,정체,127.1316412754749763_37.5174145740411831|127.1306432453781667_37.5158930503733714
2026-09-04T09:00:31.559343+09:00,잠실 관광특구,잠실 관광특구,POI005,KEY_2,1230028802,양재대로,1230043502,방이동 89-28,127.1294335833399884_37.5137883314546841,1230040801,올림픽공원앞교차로,127.1280993215722361_37.5117923995774305,251.0,35.0,원활,127.1280993215722361_37.5117923995774305|127.1294335833399884_37.5137883314546841
2026-09-04T09:00:31.559343+09:00,잠실 관광특구,잠실 관광특구,POI005,KEY_2,1230028803,양재대로,1230044602,올림픽공원동문교차로,127.1307066675273347_37.5157555807827805,1230043501,방이동 89-28,127.1294965542968640_37.5138841169906101,234.0,28.0,원활,127.1294965542968640_37.5138841169906101|127.1307066675273347_37.5157555807827805
2026-09-04T09:00:31.559343+09:00,잠실 관광특구,잠실 관광특구,POI005,KEY_2,1230028804,양재대로,1230047802,오륜교,127.1317615823722491_37.5173645046840889,1230044601,올림픽공원동문교차로,127.1307691739442731_37.5158515552836462,189.0,28.0,원활,127.1307691739442731_37.5158515552836462|127.1317615823722491_37.5173645046840889
2026-09-04T09:00:31.559343+09:00,잠실 관광특구,잠실 관광특구,POI005,KEY_2,1230029101,올림픽로,1230044901,잠실진주아파트앞교차로,127.1088533723906977_37.5162718111141373,1230047903,올림픽공원앞교차로,127.1125664517782781_37.5175764714066560,359.0,8.7,정체,127.1125664517782781_37.5175764714066560|127.1121927794052340_37.5174099266855308|127.1096586157180326_37.5165462608805385|127.1088533723906977_37.5162718111141373
2026-09-04T09:00:31.559343+09:00,잠실 관광특구,잠실 관광특구,POI005,KEY_2,1230029300,위례성대로,1230045403,올림픽공원남4문앞교차로,127.1158353619488821_37.5163285598069436,1230047902,올림픽공원앞교차로,127.1126327333255119_37.5174821175529445,311.0,20.0,서행,127.1126327333255119_37.5174821175529445|127.1158353619488821_37.5163285598069436
2026-09-04T09:00:31.559343+09:00,잠실 관광특구,잠실 관광특구,POI005,KEY_2,1230029401,위례성대로,1230047901,올림픽공원앞교차로,127.1127294559663170_37.5175659412636975,1230045404,올림픽공원남4문앞교차로,127.1158912913085715_37.5164270745673178,307.0,16.0,서행,127.1158912913085715_37.5164270745673178|127.1127294559663170_37.5175659412636975
2026-09-04T09:00:31.559343+09:00,잠실 관광특구,잠실 관광특구,POI005,KEY_2,1230029800,오금로,1230009202,잠실나루역사거리,127.1050458803196079_37.5186165757193919,1230044101,송파구청앞교차로,127.1067205760415391_37.5155457351922763,372.0,20.0,서행,127.1067205760415391_37.5155457351922763|127.1063870230920116_37.5161245657841746|127.1060062563923623_37.5167853165615099|127.1057041776155785_37.5173095096861147|127.1054650209393913_37.5177245091905434|127.1053636836204817_37.5179234011036442|127.1051267515503156_37.5183884165572152|127.1050458803196079_37.5186165757193919
2026-09-04T09:00:31.559343+09:00,잠실 관광특구,잠실 관광특구,POI005,KEY_2,1230030200,올림픽로33길,1230044902,잠실진주아파트앞교차로,127.1087256571209707_37.5162283031640200,1230009303,파크리오아파트,127.1080198937217318_37.5191489075320419,330.0,13.0,정체,127.1080198937217318_37.5191489075320419|127.1087256571209707_37.5162283031640200
2026-09-04T09:00:31.559343+09:00,잠실 관광특구,잠실 관광특구,POI005,KEY_2,1230030300,올림픽로33길,1230009302,파크리오아파트,127.1081532489597805_37.5191690964758351,1230044901,잠실진주아파트앞교차로,127.1088533723906977_37.5162718111141373,327.0,19.0,서행,127.1088533723906977_37.5162718111141373|127.1081532489597805_37.5191690964758351
2026-09-04T09:00:31.559343+09:00,잠실 관광특구,잠실 관광특구,POI005,KEY_2,1230030701,올림픽로,1230047904,올림픽공원앞교차로,127.1126156383089949_37.5176248562335459,1230050103,올림픽회관앞교차로,127.1141234836901077_37.5200172918018566,297.0,20.0,서행,127.1141234836901077_37.5200172918018566|127.1130967077667009_37.5183006809000261|127.1127808418886076_37.5178273473246833|127.1126156383089949_37.5176248562335459
2026-09-04T09:00:31.559343+09:00,잠실 관광특구,잠실 관광특구,POI005,KEY_2,1230030802,올림픽로,1230050102,올림픽회관앞교차로,127.1142460290998173_37.5199707880909941,1230047901,올림픽공원앞교차로,127.1127294559663170_37.5175659412636975,299.0,23.0,서행,127.1127294559663170_37.5175659412636975|127.1128979059259194_37.5177724112602746|127.1132179682735881_37.5182520322072364|127.1142460290998173_37.5199707880909941
2026-09-04T09:00:31.559343+09:00,잠실 관광특구,잠실 관광특구,POI005,KEY_2,1230031300,올림픽로35길,1230380000,신천동 20-3,127.1120965855774898_37.5198794214376790,1230050104,올림픽회관앞교차로,127.1141869164074905_37.5201219523906175,187.0,9.0,정체,127.1141869164074905_37.5201219523906175|127.1139207414424419_37.5201377237057514|127.1137172639646593_37.5201260770116463|127.1129232291908551_37.5200052336238770|127.1120965855774898_37.5198794214376790
2026-09-04T09:00:31.559343+09:00,잠실 관광특구,잠실 관광특구,POI005,KEY_2,1230032100,올림픽로,1230400900,신천동 26,127.1145514766661790_37.5207067945448216,1230052003,성내교(남측),127.1155399981984147_37.5222925683271740,197.0,26.0,원활,127.1155399981984147_37.5222925683271740|127.1145514766661790_37.5207067945448216
2026-09-04T09:00:31.559343+09:00,잠실 관광특구,잠실 관광특구,POI005,KEY_2,1230032200,올림픽로,1230052001,성내교(남측),127.1156967807111187_37.5223009606581428,1230050101,올림픽회관앞교차로,127.1143085002419610_37.5200738709822801,276.0,46.0,원활,127.1143085002419610_37.5200738709822801|127.1146730610900732_37.5206587128019535|127.1156615842423037_37.5222444857121431|127.1156967807111187_37.5223009606581428
2026-09-04T09:00:31.559343+09:00,잠실 관광특구,잠실 관광특구,POI005,KEY_2,1230032404,강동대로,1230052403,서울체고앞,127.1309465905180929_37.5226422457426523,1230052602,올림픽공원북2문,127.1286484144718969_37.5236389836207067,231.0,21.0,서행,127.1286484144718969_37.5236389836207067|127.1309465905180929_37.5226422457426523
2026-09-04T09:00:31.559343+09:00,잠실 관광특구,잠실 관광특구,POI005,KEY_2,1230032504,강동대로,1230052601,올림픽공원북2문,127.1287133329938257_37.5237339387489186,1230052404,서울체고앞,127.1310115110815389_37.5227371996198542,231.0,14.0,정체,127.1310115110815389_37.5227371996198542|127.1287133329938257_37.5237339387489186
2026-09-04T09:00:31.559343+09:00,잠실 관광특구,잠실 관광특구,POI005,KEY_2,1230032902,올림픽로37길,1230424700,최소노드배치점,127.1116469399134274_37.5231307998258217,1230052004,성내교(남측),127.1156093484237601_37.5224038573356538,390.0,28.7,원활,127.1156093484237601_37.5224038573356538|127.1154210464076897_37.5226254636658609|127.1151860694290434_37.5229714220100377|127.1150231489065732_37.5230568047779158|127.1148610626049589_37.5231117596672803|127.1146813739484145_37.5231312778946844|127.1116469399134274_37.5231307998258217
2026-09-04T09:00:31.559343+09:00,잠실 관광특구,잠실 관광특구,POI005,KEY_2,1230033202,올림픽로,1230052004,성내교(남측),127.1156093484237601_37.5224038573356538,1230053103,올림픽대교남단교차로,127.1174254322370984_37.5253520980877155,364.0,37.7,원활,127.1174254322370984_37.5253520980877155|127.1168266280546959_37.5243574555609811|127.1156093484237601_37.5224038573356538
2026-09-04T09:00:31.559343+09:00,잠실 관광특구,잠실 관광특구,POI005,KEY_2,1230033301,올림픽로,1230053102,올림픽대교남단교차로,127.1176915230806799_37.5255440086627701,1230052001,성내교(남측),127.1156967807111187_37.5223009606581428,401.0,22.0,서행,127.1156967807111187_37.5223009606581428|127.1169486377113884_37.5243100484275445|127.1176915230806799_37.5255440086627701
2026-09-04T09:00:31.559343+09:00,잠실 관광특구,잠실 관광특구,POI005,KEY_2,1230033600,올림픽로43길,1230342000,풍납동 447,127.1141253196765888_37.5248124645393801,1230053104,올림픽대교남단교차로,127.1175353532768639_37.5255915012395889,333.0,23.3,서행,127.1175353532768639_37.5255915012395889|127.1171986824647178_37.5253250746693325|127.1163931251730617_37.5248172882132565|127.1149530945181425_37.5248116617606371|127.1141253196765888_37.5248124645393801
2026-09-04T09:00:31.559343+09:00,잠실 관광특구,잠실 관광특구,POI005,KEY_2,1230033801,강동대로,1230052603,올림픽공원북2문,127.1285292145280152_37.5236906555977967,1230052702,올림픽공원북2문앞교차로,127.1280135683207533_37.5239140807955565,52.0,40.0,원활,127.1280135683207533_37.5239140807955565|127.1285292145280152_37.5236906555977967
2026-09-04T09:00:31.559343+09:00,잠실 관광특구,잠실 관광특구,POI005,KEY_2,1230033802,강동대로,1230052703,올림픽공원북2문앞교차로,127.1278955398801997_37.5239676869855785,1230052902,그린빌딩,127.1255021088525581_37.5251103772284154,247.0,19.0,서행,127.1255021088525581_37.5251103772284154|127.1278955398801997_37.5239676869855785
2026-09-04T09:00:31.559343+09:00,잠실 관광특구,잠실 관광특구,POI005,KEY_2,1230033803,강동대로,1230052903,그린빌딩,127.1253868539951242_37.5251644663839627,1230010402,성내유수지,127.1230687264287127_37.5262344211604315,237.0,54.0,원활,127.1230687264287127_37.5262344211604315|127.1253868539951242_37.5251644663839627
2026-09-04T09:00:31.559343+09:00,잠실 관광특구,잠실 관광특구,POI005,KEY_2,1230033901,강동대로,1230052701,올림픽공원북2문앞교차로,127.1280784406892508_37.5240090563020559,1230052604,올림픽공원북2문,127.1285940873550402_37.5237856308238449,52.0,32.0,원활,127.1285940873550402_37.5237856308238449|127.1280784406892508_37.5240090563020559
2026-09-04T09:00:31.559343+09:00,잠실 관광특구,잠실 관광특구,POI005,KEY_2,1230033902,강동대로,1230052901,그린빌딩,127.1255719037447705_37.5252031128434638,1230052704,올림픽공원북2문앞교차로,127.1279653366622995_37.5240604212007227,247.0,21.0,서행,127.1279653366622995_37.5240604212007227|127.1255719037447705_37.5252031128434638
2026-09-04T09:00:31.559343+09:00,잠실 관광특구,잠실 관광특구,POI005,KEY_2,1230033903,강동대로,1230010401,성내유수지,127.1233271552869013_37.5262401076401133,1230052904,그린빌딩,127.1254549241451741_37.5252580128047128,217.0,50.0,원활,127.1254549241451741_37.5252580128047128|127.1233271552869013_37.5262401076401133
2026-09-04T09:00:31.559343+09:00,잠실 관광특구,잠실 관광특구,POI005,KEY_2,1230034200,강동대로,1230053101,올림픽대교남단교차로,127.1177512410432087_37.5256417956853880,1230010403,성내유수지,127.1228341746085704_37.5263374209143734,467.0,9.0,정체,127.1228341746085704_37.5263374209143734|127.1226119104132124_37.5263325291198058|127.1222182279912971_37.5262594731087304|127.1197935343633674_37.5255708855089978|127.1192764530002961_37.5254871931229914|127.1186659385550399_37.5254644325269382|127.1181404811154323_37.5255300720034626|127.1177512410432087_37.5256417956853880
2026-09-04T09:00:31.559343+09:00,잠실 관광특구,잠실 관광특구,POI005,KEY_2,1230034300,강동대로,1230010402,성내유수지,127.1230687264287127_37.5262344211604315,1230053102,올림픽대교남단교차로,127.1176915230806799_37.5255440086627701,493.0,53.0,원활,127.1176915230806799_37.5255440086627701|127.1181066449297958_37.5254248562288311|127.1186585197018388_37.5253559170246618|127.1192932429278528_37.5253795803410242|127.1198300344327095_37.5254664629282857|127.1222565506296860_37.5261555686853470|127.1226293640594349_37.5262247521119789|127.1230687264287127_37.5262344211604315
2026-09-04T09:00:31.559343+09:00,잠실 관광특구,잠실 관광특구,POI005,KEY_2,1230034600,강동대로,1230053104,올림픽대교남단교차로,127.1175353532768639_37.5255915012395889,1230053301,풍성초등학교,127.1133707067350969_37.5271092576510128,408.0,9.0,정체,127.1133707067350969_37.5271092576510128|127.1138885360357307_37.5270579046375232|127.1141380710895277_37.5270029206930715|127.1144337586637221_37.5269066454630149|127.1172570729713414_37.5256789869567413|127.1175353532768639_37.5255915012395889
2026-09-04T09:00:31.559343+09:00,잠실 관광특구,잠실 관광특구,POI005,KEY_2,1230034700,강동대로,1230058701,풍납동 330-7,127.1135343578604022_37.5272039528378372,1230053105,올림픽대교남단교차로,127.1176235541679063_37.5256800112130264,402.0,34.0,원활,127.1176235541679063_37.5256800112130264|127.1173147432993602_37.5257770947223790|127.1144921531920318_37.5270044385361317|127.1141820098842743_37.5271054212045385|127.1139153828274857_37.5271641707955510|127.1135343578604022_37.5272039528378372
2026-09-04T09:00:31.559343+09:00,잠실 관광특구,잠실 관광특구,POI005,KEY_2,1230034800,강동대로,1230010403,성내유수지,127.1228341746085704_37.5263374209143734,1230053202,성내동 474,127.1214169266581280_37.5269574474404806,143.0,5.0,정체,127.1214169266581280_37.5269574474404806|127.1221246173486747_37.5266478458902597|127.1228341746085704_37.5263374209143734
2026-09-04T09:00:31.559343+09:00,잠실 관광특구,잠실 관광특구,POI005,KEY_2,1230034900,강동대로,1230053201,성내동 474,127.1214822863304903_37.5270522124399051,1230010404,성내유수지,127.1231026366477437_37.5263433289148836,163.0,26.5,원활,127.1231026366477437_37.5263433289148836|127.1221899776439983_37.5267426105018984|127.1214822863304903_37.5270522124399051
2026-09-04T09:00:31.559343+09:00,잠실 관광특구,잠실 관광특구,POI005,KEY_2,1230035100,올림픽로,1230053602,풍납사거리,127.1191638427110746_37.5279285363098012,1230053101,올림픽대교남단교차로,127.1177512410432087_37.5256417956853880,283.0,27.5,원활,127.1177512410432087_37.5256417956853880|127.1182052842400196_37.5263768247819911|127.1185296816843362_37.5269019665074097|127.1189218723730647_37.5275368423195701|127.1191638427110746_37.5279285363098012
2026-09-04T09:00:31.559343+09:00,잠실 관광특구,잠실 관광특구,POI005,KEY_2,1230073600,백제고분로41길,1230362400,송파동 74,127.1055839132151277_37.5093570558199474,1230038203,수림빌딩,127.1052465652364560_37.5096500807059527,44.0,11.5,정체,127.1052465652364560_37.5096500807059527|127.1053208564511436_37.5095948198186591|127.1055839132151277_37.5093570558199474
2026-09-04T09:00:31.559343+09:00,잠실 관광특구,잠실 관광특구,POI005,KEY_2,1230076200,백제고분로45길,1230414400,송파동 83,127.1074305390192620_37.5108125123386174,1230039703,송파동 61,127.1070007103191557_37.5110307962144418,45.0,20.0,서행,127.1070007103191557_37.5110307962144418|127.1074305390192620_37.5108125123386174
2026-09-04T09:00:31.559343+09:00,잠실 관광특구,잠실 관광특구,POI005,KEY_2,1230077600,올림픽로.잠실로.사이길,1230038304,잠실동 43,127.0947364363945553_37.5102253498387128,1230041703,잠실동 39,127.0946882254534103_37.5120601573260686,204.0,14.0,정체,127.0946882254534103_37.5120601573260686|127.0947364363945553_37.5102253498387128
2026-09-04T09:00:31.559343+09:00,잠실 관광특구,잠실 관광특구,POI005,KEY_2,1230077700,올림픽로.잠실로.사이길,1230041702,잠실동 39,127.0948236216370191_37.5120740018570373,1230038301,잠실동 43,127.0948724715403131_37.5102147077519135,206.0,8.0,정체,127.0948724715403131_37.5102147077519135|127.0948236216370191_37.5120740018570373
2026-09-04T09:00:31.559343+09:00,잠실 관광특구,잠실 관광특구,POI005,KEY_2,1230077900,위례성대로16길,1230248000,방이동 200-3,127.1250899543352517_37.5123366148555277,1230042503,방이동 181-7,127.1253705911887266_37.5127664663946732,54.0,9.5,정체,127.1253705911887266_37.5127664663946732|127.1250899543352517_37.5123366148555277
2026-09-04T09:00:31.559343+09:00,잠실 관광특구,잠실 관광특구,POI005,KEY_2,1230079600,올림픽선수촌아파트내부길,1230042003,오륜초등학교,127.1334912399933756_37.5124937085259731,1230043502,방이동 89-28,127.1294335833399884_37.5137883314546841,392.0,22.0,서행,127.1294335833399884_37.5137883314546841|127.1324667918181888_37.5125501930643708|127.1334912399933756_37.5124937085259731
2026-09-04T09:00:31.559343+09:00,잠실 관광특구,잠실 관광특구,POI005,KEY_2,1230079700,올림픽선수촌아파트내부길,1230043501,방이동 89-28,127.1294965542968640_37.5138841169906101,1230042004,오륜초등학교,127.1335006130637026_37.5126015705990881,387.0,13.0,정체,127.1335006130637026_37.5126015705990881|127.1325039266811245_37.5126565247953394|127.1294965542968640_37.5138841169906101
2026-09-04T09:00:31.559343+09:00,잠실 관광특구,잠실 관광특구,POI005,KEY_2,1230080800,올림픽로,1230043404,신천동 8,127.1021667132219335_37.5140202279747825,1230044003,어린이교통공원,127.1015862279693067_37.5151316086360467,134.0,12.0,정체,127.1015862279693067_37.5151316086360467|127.1021667132219335_37.5140202279747825
2026-09-04T09:00:31.559343+09:00,잠실 관광특구,잠실 관광특구,POI005,KEY_2,1230080900,올림픽로,1230044002,어린이교통공원,127.1017112605977104_37.5151736946584151,1230043401,신천동 8,127.1022912026975433_37.5140633484028712,133.0,19.0,서행,127.1022912026975433_37.5140633484028712|127.1017112605977104_37.5151736946584151
2026-09-04T09:00:31.559343+09:00,잠실 관광특구,잠실 관광특구,POI005,KEY_2,1230081000,올림픽로,1230043804,잠실역(서울8호선),127.1031193148053262_37.5143528991889355,1230044403,신천동 7-21,127.1025553001734067_37.5154467539088188,131.0,10.0,정체,127.1025553001734067_37.5154467539088188|127.1031193148053262_37.5143528991889355
2026-09-04T09:00:31.559343+09:00,잠실 관광특구,잠실 관광특구,POI005,KEY_2,1230081100,올림픽로,1230044402,신천동 7-21,127.1026803877707039_37.5154887453600807,1230043801,잠실역(서울8호선),127.1032441614670745_37.5143953515620083,131.0,11.5,정체,127.1032441614670745_37.5143953515620083|127.1026803877707039_37.5154887453600807
2026-09-04T09:00:31.559343+09:00,잠실 관광특구,잠실 관광특구,POI005,KEY_2,1230081200,올림픽선수촌아파트내부길,1230332800,최소노드배치점,127.1337490189227708_37.5151722701553894,1230044602,올림픽공원동문교차로,127.1307066675273347_37.5157555807827805,292.0,12.0,정체,127.1307066675273347_37.5157555807827805|127.1324233734096509_37.5150503918994147|127.1325384533906515_37.5150232903922287|127.1330520009699256_37.5149959261979333|127.1331591568025914_37.5149985589094541|127.1337490189227708_37.5151722701553894
2026-09-04T09:00:31.559343+09:00,잠실 관광특구,잠실 관광특구,POI005,KEY_2,1230082000,오금로11길,1230382300,방이동 96-5,127.1078356746363340_37.5142776638634814,1230043702,KT송파빌딩,127.1073298305418575_37.5141090707700258,48.0,6.0,정체,127.1073298305418575_37.5141090707700258|127.1078356746363340_37.5142776638634814
2026-09-04T09:00:31.559343+09:00,잠실 관광특구,잠실 관광특구,POI005,KEY_2,1230082100,오금로11길,1230364600,방이동 96-2,127.1142995993866123_37.5148873703963588,1230043904,방이중,127.1148454576012909_37.5146719476403305,54.0,15.5,서행,127.1148454576012909_37.5146719476403305|127.1142995993866123_37.5148873703963588
2026-09-04T09:00:31.559343+09:00,잠실 관광특구,잠실 관광특구,POI005,KEY_2,1230085700,양재대로.강동대로사이길,1230334700,최소노드배치점,127.1280130627585407_37.5175316488536268,1230050202,속성변화점,127.1283029621945957_37.5202980729066624,323.0,29.0,원활,127.1283029621945957_37.5202980729066624|127.1284869880934565_37.5198916490292831|127.1286040453807260_37.5194988449093358|127.1286401155603869_37.5191957029570418|127.1286322343100750_37.5188746212359092|127.1285506796273381_37.5184532831418807|127.1284264473650580_37.5181404522839657|127.1280130627585407_37.5175316488536268
2026-09-04T09:00:31.559343+09:00,잠실 관광특구,잠실 관광특구,POI005,KEY_2,1230085800,양재대로.강동대로사이길,1230334600,최소노드배치점,127.1281324577583263_37.5174802131984393,1230044604,올림픽공원동문교차로,127.1306432453781667_37.5158930503733714,333.0,20.0,서행,127.1306432453781667_37.5158930503733714|127.1304306419184798_37.5159439490849564|127.1278436313470053_37.5170548436271218|127.1281324577583263_37.5174802131984393
2026-09-04T09:00:31.559343+09:00,잠실 관광특구,잠실 관광특구,POI005,KEY_2,1230088200,양재대로.강동대로사이길,1230196800,꿈나무다리(남측),127.1283746340457981_37.5204440109063455,1230050201,속성변화점,127.1284296259339470_37.5203368866533751,13.0,12.0,정체,127.1284296259339470_37.5203368866533751|127.1283746340457981_37.5204440109063455
2026-09-04T09:00:31.559343+09:00,잠실 관광특구,잠실 관광특구,POI005,KEY_2,1230088300,양재대로.강동대로사이길,1230196500,꿈나무다리(북측),127.1281832207590128_37.5205312266587470,1230052703,올림픽공원북2문앞교차로,127.1278955398801997_37.5239676869855785,421.0,24.0,서행,127.1278955398801997_37.5239676869855785|127.1273300483411504_37.5230946179717293|127.1271761257750654_37.5227528147954175|127.1271136146098968_37.5224320685814590|127.1271364389473888_37.5221410644727129|127.1272519101088534_37.5217772550903916|127.1276017695838618_37.5212911085732799|127.1279442979174661_37.5209163958855996|127.1281570038538149_37.5205822745236119|127.1281832207590128_37.5205312266587470
2026-09-04T09:00:31.559343+09:00,잠실 관광특구,잠실 관광특구,POI005,KEY_2,1230437101,잠실로,1230188302,잠실길지하차도(서측),127.1024547747106510_37.5113805101291220,1230001702,석촌호수앞교차로,127.1019076941057762_37.5111569141952117,54.0,15.0,서행,127.1019076941057762_37.5111569141952117|127.1024547747106510_37.5113805101291220
2026-09-04T09:00:31.559343+09:00,잠실 관광특구,잠실 관광특구,POI005,KEY_2,1230437201,잠실로,1230001701,석촌호수앞교차로,127.1018323332335598_37.5112469862295228,1230188303,잠실길지하차도(서측),127.1023918266045030_37.5114715455822392,55.0,7.0,정체,127.1023918266045030_37.5114715455822392|127.1018323332335598_37.5112469862295228
2026-09-04T09:00:31.559343+09:00,잠실 관광특구,잠실 관광특구,POI005,KEY_2,1230437301,잠실로,1230188502,잠실길지하차도(동측),127.1062173467716150_37.5131578738299325,1230188302,잠실길지하차도(서측),127.1024547747106510_37.5113805101291220,387.0,45.5,원활,127.1024547747106510_37.5113805101291220|127.1030924680476488_37.5116688194554797|127.1037922288458617_37.5120057984034787|127.1044073633298837_37.5122985483592544|127.1051198819620254_37.5126321816150679|127.1062173467716150_37.5131578738299325
2026-09-04T09:00:31.559343+09:00,잠실 관광특구,잠실 관광특구,POI005,KEY_2,1230437401,잠실로,1230188303,잠실길지하차도(서측),127.1023918266045030_37.5114715455822392,1230188503,잠실길지하차도(동측),127.1061687896124681_37.5132231248888246,386.0,31.0,원활,127.1061687896124681_37.5132231248888246|127.1052815756607259_37.5128152477143786|127.1034974052928277_37.5119907247148916|127.1023918266045030_37.5114715455822392
2026-09-04T09:00:31.559343+09:00,잠실 관광특구,잠실 관광특구,POI005,KEY_2,1230437501,-,1230188502,잠실길지하차도(동측),127.1062173467716150_37.5131578738299325,1230188402,신천동 30,127.1050426082693434_37.5125336192748193,126.0,10.0,정체,127.1050426082693434_37.5125336192748193|127.1057099909694585_37.5128445639683008|127.1060250249974217_37.5129978687956296|127.1062173467716150_37.5131578738299325
2026-09-04T09:00:31.559343+09:00,잠실 관광특구,잠실 관광특구,POI005,KEY_2,1230437601,-,1230188403,신천동 30,127.1049002456384613_37.5127083450110632,1230188503,잠실길지하차도(동측),127.1061687896124681_37.5132231248888246,126.0,17.0,서행,127.1061687896124681_37.5132231248888246|127.1058942002584331_37.5131610578152603|127.1056142121499164_37.5130369103311239|127.1049002456384613_37.5127083450110632
2026-09-04T09:00:31.559343+09:00,잠실 관광특구,잠실 관광특구,POI005,KEY_2,1230437701,잠실로,1230394600,신천동 30,127.1067595331203108_37.5134063123268504,1230188502,잠실길지하차도(동측),127.1062173467716150_37.5131578738299325,55.0,31.0,원활,127.1062173467716150_37.5131578738299325|127.1067595331203108_37.5134063123268504
2026-09-04T09:00:31.559343+09:00,잠실 관광특구,잠실 관광특구,POI005,KEY_2,1230437801,잠실로,1230188503,잠실길지하차도(동측),127.1061687896124681_37.5132231248888246,1230043204,잠실전화국,127.1073301047804875_37.5137619968566653,119.0,17.0,서행,127.1073301047804875_37.5137619968566653|127.1067103200439448_37.5134744075350568|127.1061687896124681_37.5132231248888246
2026-09-04T09:00:31.559343+09:00,잠실 관광특구,잠실 관광특구,POI005,KEY_2,1240030800,성안로,1249118500,성내동 450-2,127.1292262080433062_37.5246357770880579,1230052601,올림픽공원북2문,127.1287133329938257_37.5237339387489186,110.0,9.0,정체,127.1287133329938257_37.5237339387489186|127.1289764894649039_37.5241324489509367|127.1292262080433062_37.5246357770880579
2026-09-04T09:00:31.559343+09:00,잠실 관광특구,잠실 관광특구,POI005,KEY_2,1240031600,성내로14길,1249129200,성내동 492,127.1259457409445162_37.5257312228414079,1230052901,그린빌딩,127.1255719037447705_37.5252031128434638,67.0,20.0,서행,127.1255719037447705_37.5252031128434638|127.1259457409445162_37.5257312228414079
2026-09-04T09:00:31.559343+09:00,종로·청계 관광특구,종로·청계 관광특구,POI006,KEY_3,1000000301,종로,1000081900,종로1가 82-2,126.9798999832241719_37.5701535606807582,1000008607,종로구청입구교차로,126.9793805233784241_37.5701494116837509,46.0,37.0,원활,126.9793805233784241_37.5701494116837509|126.9798999832241719_37.5701535606807582
2026-09-04T09:00:31.559343+09:00,종로·청계 관광특구,종로·청계 관광특구,POI006,KEY_3,1000000303,종로,1000008703,종로1가사거리,126.9828971865418197_37.5701731264087542,1000007700,종로1가,126.9822109960776402_37.5701758601934444,61.0,11.0,정체,126.9822109960776402_37.5701758601934444|126.9824008620181672_37.5701779915733454|126.9828971865418197_37.5701731264087542
2026-09-04T09:00:31.559343+09:00,종로·청계 관광특구,종로·청계 관광특구,POI006,KEY_3,1000000401,종로,1000008606,종로구청입구교차로,126.9793844377634713_37.5702575676490582,1000008905,SK빌딩,126.9809530025248421_37.5702700889503021,139.0,13.0,정체,126.9809530025248421_37.5702700889503021|126.9798986206276368_37.5702616744867512|126.9793844377634713_37.5702575676490582
2026-09-04T09:00:31.559343+09:00,종로·청계 관광특구,종로·청계 관광특구,POI006,KEY_3,1000000501,종로,1000008701,종로1가사거리,126.9830485481293891_37.5702800768006568,1000009600,종로1가,126.9837104338048164_37.5702764015435093,58.0,7.0,정체,126.9837104338048164_37.5702764015435093|126.9830485481293891_37.5702800768006568
2026-09-04T09:00:31.559343+09:00,종로·청계 관광특구,종로·청계 관광특구,POI006,KEY_3,1000000503,종로,1000009101,종각지하쇼핑센터,126.9858227292488380_37.5702608423529298,1000008504,종로2가교차로,126.9876156819137520_37.5702574924147754,158.0,8.0,정체,126.9876156819137520_37.5702574924147754|126.9871453036203235_37.5702428823229511|126.9869246551587310_37.5702458796709990|126.9858227292488380_37.5702608423529298
2026-09-04T09:00:31.559343+09:00,종로·청계 관광특구,종로·청계 관광특구,POI006,KEY_3,1000000601,종로,1000007800,종로1가,126.9837094850009294_37.5701682846705296,1000008702,종로1가사거리,126.9830343185050481_37.5701720336345346,60.0,11.0,정체,126.9830343185050481_37.5701720336345346|126.9837094850009294_37.5701682846705296
2026-09-04T09:00:31.559343+09:00,종로·청계 관광특구,종로·청계 관광특구,POI006,KEY_3,1000000602,종로,1000231400,종로2가 1-2,126.9840862081807984_37.5701661909693030,1000007800,종로1가,126.9837094850009294_37.5701682846705296,33.0,11.0,정체,126.9837094850009294_37.5701682846705296|126.9840862081807984_37.5701661909693030
2026-09-04T09:00:31.559343+09:00,종로·청계 관광특구,종로·청계 관광특구,POI006,KEY_3,1000000603,종로,1000181900,종로2가 84-11,126.9869223374955283_37.5701377759501440,1000009102,종각지하쇼핑센터,126.9858204131049462_37.5701527379884581,97.0,11.0,정체,126.9858204131049462_37.5701527379884581|126.9869223374955283_37.5701377759501440
2026-09-04T09:00:31.559343+09:00,종로·청계 관광특구,종로·청계 관광특구,POI006,KEY_3,1000001102,종로,1000009401,육의전박물관,126.9894911528416657_37.5703440400947173,1000009804,종로3가사거리,126.9920644385376676_37.5704709834989146,228.0,8.0,정체,126.9920644385376676_37.5704709834989146|126.9894911528416657_37.5703440400947173
2026-09-04T09:00:31.559343+09:00,종로·청계 관광특구,종로·청계 관광특구,POI006,KEY_3,1000001201,종로,1000151200,종로2가 34-2,126.9885296395007401_37.5701839568255025,1000008502,종로2가교차로,126.9877530838436002_37.5701530192531123,69.0,34.5,원활,126.9877530838436002_37.5701530192531123|126.9881077158716209_37.5701611205547650|126.9885296395007401_37.5701839568255025
2026-09-04T09:00:31.559343+09:00,종로·청계 관광특구,종로·청계 관광특구,POI006,KEY_3,1000001202,종로,1000009803,종로3가사거리,126.9920772085238099_37.5703632864036052,1000009402,육의전박물관,126.9894997373196901_37.5702361366249775,228.0,17.0,서행,126.9894997373196901_37.5702361366249775|126.9920772085238099_37.5703632864036052
2026-09-04T09:00:31.559343+09:00,종로·청계 관광특구,종로·청계 관광특구,POI006,KEY_3,1000001301,종로,1000009001,세종대로사거리,126.9771187019505163_37.5702314111293560,1000009700,종로1가1-3,126.9777559525715844_37.5702421551131351,56.0,16.0,서행,126.9777559525715844_37.5702421551131351|126.9771187019505163_37.5702314111293560
2026-09-04T09:00:31.559343+09:00,종로·청계 관광특구,종로·청계 관광특구,POI006,KEY_3,1000001302,종로,1000009700,종로1가1-3,126.9777559525715844_37.5702421551131351,1000008804,광화문우체국,126.9784336631558119_37.5702494972367163,60.0,15.0,서행,126.9784336631558119_37.5702494972367163|126.9779432056922133_37.5702453112944994|126.9777559525715844_37.5702421551131351
2026-09-04T09:00:31.559343+09:00,종로·청계 관광특구,종로·청계 관광특구,POI006,KEY_3,1000001303,종로,1000008801,광화문우체국,126.9785701334498214_37.5702506615867833,1000008609,종로구청입구교차로,126.9792481536049564_37.5702564438606927,60.0,22.0,서행,126.9792481536049564_37.5702564438606927|126.9785701334498214_37.5702506615867833
2026-09-04T09:00:31.559343+09:00,종로·청계 관광특구,종로·청계 관광특구,POI006,KEY_3,1000001401,종로,1000008000,동아일보사,126.9777588281918099_37.5701340596360964,1000009002,세종대로사거리,126.9770959172438580_37.5701228829325231,59.0,19.0,서행,126.9770959172438580_37.5701228829325231|126.9777588281918099_37.5701340596360964
2026-09-04T09:00:31.559343+09:00,종로·청계 관광특구,종로·청계 관광특구,POI006,KEY_3,1000001402,종로,1000008803,광화문우체국,126.9784351192109852_37.5701413844145975,1000008000,동아일보사,126.9777588281918099_37.5701340596360964,60.0,13.0,정체,126.9777588281918099_37.5701340596360964|126.9779453713088060_37.5701372048683524|126.9784351192109852_37.5701413844145975
2026-09-04T09:00:31.559343+09:00,종로·청계 관광특구,종로·청계 관광특구,POI006,KEY_3,1000001403,종로,1000008608,종로구청입구교차로,126.9792446499360778_37.5701482878816435,1000008802,광화문우체국,126.9785715892256235_37.5701425486416056,59.0,18.0,서행,126.9785715892256235_37.5701425486416056|126.9792446499360778_37.5701482878816435
2026-09-04T09:00:31.559343+09:00,종로·청계 관광특구,종로·청계 관광특구,POI006,KEY_3,1000001501,종로,1000009801,종로3가사거리,126.9922000608216308_37.5704778715046643,1000010004,종묘공원,126.9937102608658108_37.5705569291297934,134.0,21.0,서행,126.9937102608658108_37.5705569291297934|126.9932582925197551_37.5705332710333550|126.9922000608216308_37.5704778715046643
2026-09-04T09:00:31.559343+09:00,종로·청계 관광특구,종로·청계 관광특구,POI006,KEY_3,1000001601,종로,1000161000,종로3가 45-4,126.9932672065188228_37.5704253845720260,1000009802,종로3가사거리,126.9922128288669825_37.5703701868235100,93.0,42.0,원활,126.9922128288669825_37.5703701868235100|126.9932672065188228_37.5704253845720260
2026-09-04T09:00:31.559343+09:00,종로·청계 관광특구,종로·청계 관광특구,POI006,KEY_3,1000001603,종로,1000010400,종로4가,126.9969798514767092_37.5706375452027856,1000010102,세운상가,126.9951427308156298_37.5705198714942412,163.0,30.0,원활,126.9951427308156298_37.5705198714942412|126.9958457643039083_37.5705598683717241|126.9963745621010816_37.5705960239034340|126.9965100719281992_37.5706053072005162|126.9969798514767092_37.5706375452027856
2026-09-04T09:00:31.559343+09:00,종로·청계 관광특구,종로·청계 관광특구,POI006,KEY_3,1000001605,종로,1000011003,종로4가사거리,126.9977066575793003_37.5706842868909874,1000010400,종로4가,126.9969798514767092_37.5706375452027856,64.0,16.0,서행,126.9969798514767092_37.5706375452027856|126.9977066575793003_37.5706842868909874
2026-09-04T09:00:31.559343+09:00,종로·청계 관광특구,종로·청계 관광특구,POI006,KEY_3,1000001801,종로,1000031300,종로4가,126.9985532581453924_37.5707449132439208,1000011002,종로4가사거리,126.9978420032838642_37.5706935232521886,63.0,34.0,원활,126.9978420032838642_37.5706935232521886|126.9985532581453924_37.5707449132439208
2026-09-04T09:00:31.559343+09:00,종로·청계 관광특구,종로·청계 관광특구,POI006,KEY_3,1000001802,종로,1000169300,종로4가 183,126.9992162622975655_37.5707928126224999,1000031300,종로4가,126.9985532581453924_37.5707449132439208,59.0,28.0,원활,126.9985532581453924_37.5707449132439208|126.9992162622975655_37.5707928126224999
2026-09-04T09:00:31.559343+09:00,종로·청계 관광특구,종로·청계 관광특구,POI006,KEY_3,1000002001,종로,1000245300,종로5가 82-1,127.0027233485987352_37.5709694752928485,1000011202,종로5가사거리,127.0019976949529052_37.5709492579211854,64.0,32.0,원활,127.0019976949529052_37.5709492579211854|127.0026822738535230_37.5709687051739039|127.0027233485987352_37.5709694752928485
2026-09-04T09:00:31.559343+09:00,종로·청계 관광특구,종로·청계 관광특구,POI006,KEY_3,1000002201,종로,1000176600,창신동 442-1,127.0108777515568477_37.5716621493242968,1000011702,흥인지문사거리,127.0091495968440398_37.5713227254486739,158.0,16.0,서행,127.0091495968440398_37.5713227254486739|127.0092723977128770_37.5713674394156811|127.0094846006979310_37.5714183224799285|127.0097878732437096_37.5714751424867188|127.0103298320711360_37.5715766797035471|127.0103586021919568_37.5715820697737044|127.0108233682804553_37.5716512389232733|127.0108777515568477_37.5716621493242968
2026-09-04T09:00:31.559343+09:00,종로·청계 관광특구,종로·청계 관광특구,POI006,KEY_3,1000002401,종로,1000203200,숭인동 282-1,127.0165578114239366_37.5732025866726858,1000014102,동묘앞역사거리,127.0157090127315769_37.5729851199764937,79.0,16.0,서행,127.0157090127315769_37.5729851199764937|127.0165578114239366_37.5732025866726858
2026-09-04T09:00:31.559343+09:00,종로·청계 관광특구,종로·청계 관광특구,POI006,KEY_3,1000002701,청계천로,1010032701,청계2가,126.9877539783027771_37.5682760807968279,1000006602,관수동 152-2,126.9894972350662528_37.5683104742400360,154.0,8.0,정체,126.9894972350662528_37.5683104742400360|126.9885265106382519_37.5682545626433182|126.9880976408843622_37.5682583350004933|126.9877539783027771_37.5682760807968279
2026-09-04T09:00:31.559343+09:00,종로·청계 관광특구,종로·청계 관광특구,POI006,KEY_3,1000002702,청계천로,1000006601,관수동 91-4,126.9896326598155412_37.5683193140372680,1000001602,청계3가사거리,126.9922843827072825_37.5685127633063871,235.0,29.0,원활,126.9922843827072825_37.5685127633063871|126.9896326598155412_37.5683193140372680
2026-09-04T09:00:31.559343+09:00,종로·청계 관광특구,종로·청계 관광특구,POI006,KEY_3,1000003001,청계천로,1010033701,광교사거리,126.9828472617604831_37.5690310653232729,1000006702,동광빌딩,126.9856496555834724_37.5685348675876654,254.0,7.0,정체,126.9856496555834724_37.5685348675876654|126.9845929724430675_37.5687445528897968|126.9830379501262456_37.5690132418433791|126.9828472617604831_37.5690310653232729
2026-09-04T09:00:31.559343+09:00,종로·청계 관광특구,종로·청계 관광특구,POI006,KEY_3,1000003002,청계천로,1000006701,동광빌딩,126.9857835455856332_37.5685053538768585,1010032702,청계2가,126.9876182832415594_37.5682809508841231,165.0,20.0,서행,126.9876182832415594_37.5682809508841231|126.9873100375229313_37.5682871695245453|126.9868524145434350_37.5683023760080914|126.9865577109127059_37.5683366707556416|126.9863804072084292_37.5683652570468496|126.9861647659198667_37.5684129099601307|126.9857835455856332_37.5685053538768585
2026-09-04T09:00:31.559343+09:00,종로·청계 관광특구,종로·청계 관광특구,POI006,KEY_3,1000003101,청계천로,1000001601,청계3가사거리,126.9924197004040280_37.5685221720677589,1000006802,세운교,126.9952943683145179_37.5687121004089306,255.0,12.0,정체,126.9952943683145179_37.5687121004089306|126.9924197004040280_37.5685221720677589
2026-09-04T09:00:31.559343+09:00,종로·청계 관광특구,종로·청계 관광특구,POI006,KEY_3,1000003102,청계천로,1000006802,세운교,126.9952943683145179_37.5687121004089306,1010034002,청계4가사거리,126.9978567741960518_37.5690141197168899,229.0,18.0,서행,126.9978567741960518_37.5690141197168899|126.9977196243080755_37.5689778939568413|126.9973817991979672_37.5689244876432014|126.9962389430763210_37.5687890515443357|126.9952943683145179_37.5687121004089306
2026-09-04T09:00:31.559343+09:00,종로·청계 관광특구,종로·청계 관광특구,POI006,KEY_3,1000003400,청계천로,1010034301,무교동사거리,126.9793440155466442_37.5692674718774171,1010033702,광교사거리,126.9827120922386285_37.5690419071249693,299.0,12.0,정체,126.9827120922386285_37.5690419071249693|126.9793440155466442_37.5692674718774171
2026-09-04T09:00:31.559343+09:00,종로·청계 관광특구,종로·청계 관광특구,POI006,KEY_3,1000003801,청계천로,1000031000,청계광장,126.9770921904126482_37.5694157550093379,1000007002,동아일보사,126.9783460265061024_37.5693222473721278,111.0,7.0,정체,126.9783460265061024_37.5693222473721278|126.9773834142662849_37.5693879956262435|126.9770921904126482_37.5694157550093379
2026-09-04T09:00:31.559343+09:00,종로·청계 관광특구,종로·청계 관광특구,POI006,KEY_3,1000003802,청계천로,1000007001,동아일보사,126.9784814758997982_37.5693140408546356,1010034302,무교동사거리,126.9792084451945726_37.5692755952973627,64.0,10.0,정체,126.9792084451945726_37.5692755952973627|126.9784814758997982_37.5693140408546356
2026-09-04T09:00:31.559343+09:00,종로·청계 관광특구,종로·청계 관광특구,POI006,KEY_3,1000003900,삼일대로,1000151000,관철동 268,126.9876175548289154_37.5696044234772373,1000008503,종로2가교차로,126.9876172549084856_37.5701493398525912,60.0,20.5,서행,126.9876172549084856_37.5701493398525912|126.9876175548289154_37.5696044234772373
2026-09-04T09:00:31.559343+09:00,종로·청계 관광특구,종로·청계 관광특구,POI006,KEY_3,1000004000,삼일대로,1000151100,종로2가 84-11,126.9877533452622771_37.5696044693991666,1010032701,청계2가,126.9877539783027771_37.5682760807968279,147.0,8.5,정체,126.9877539783027771_37.5682760807968279|126.9877537065576405_37.5688463253598712|126.9877535398068744_37.5691962384911236|126.9877533452622771_37.5696044693991666
2026-09-04T09:00:31.559343+09:00,종로·청계 관광특구,종로·청계 관광특구,POI006,KEY_3,1000004300,청계천로,1010034001,청계4가사거리,126.9979899258223242_37.5690487214556867,1010035002,청계5가,127.0019528507516640_37.5697976426441400,360.0,10.0,정체,127.0019528507516640_37.5697976426441400|127.0017358863905201_37.5697659409256488|127.0000347507350966_37.5694727355165128|126.9982497711816194_37.5691151390471632|126.9979899258223242_37.5690487214556867
2026-09-04T09:00:31.559343+09:00,종로·청계 관광특구,종로·청계 관광특구,POI006,KEY_3,1000004601,충무로,1000001601,청계3가사거리,126.9924197004040280_37.5685221720677589,1010032601,청계3가사거리,126.9924532079404145_37.5682271426007404,33.0,12.0,정체,126.9924532079404145_37.5682271426007404|126.9924197004040280_37.5685221720677589
2026-09-04T09:00:31.559343+09:00,종로·청계 관광특구,종로·청계 관광특구,POI006,KEY_3,1000004602,돈화문로,1000009802,종로3가사거리,126.9922128288669825_37.5703701868235100,1000001601,청계3가사거리,126.9924197004040280_37.5685221720677589,206.0,16.0,서행,126.9924197004040280_37.5685221720677589|126.9923429257738547_37.5692728725519558|126.9923404394218522_37.5692938442209439|126.9922128288669825_37.5703701868235100
2026-09-04T09:00:31.559343+09:00,종로·청계 관광특구,종로·청계 관광특구,POI006,KEY_3,1000004701,우정국로,1010033702,광교사거리,126.9827120922386285_37.5690419071249693,1000007200,종로1가,126.9827935302844111_37.5696197701673924,65.0,11.0,정체,126.9827935302844111_37.5696197701673924|126.9827458886658889_37.5693654356143227|126.9827120922386285_37.5690419071249693
2026-09-04T09:00:31.559343+09:00,종로·청계 관광특구,종로·청계 관광특구,POI006,KEY_3,1000004702,우정국로,1000007200,종로1가,126.9827935302844111_37.5696197701673924,1000008703,종로1가사거리,126.9828971865418197_37.5701731264087542,62.0,17.0,서행,126.9828971865418197_37.5701731264087542|126.9827935302844111_37.5696197701673924
2026-09-04T09:00:31.559343+09:00,종로·청계 관광특구,종로·청계 관광특구,POI006,KEY_3,1000004801,우정국로,1000007100,종로1가,126.9829278791696936_37.5696038258341787,1010033701,광교사거리,126.9828472617604831_37.5690310653232729,64.0,18.0,서행,126.9828472617604831_37.5690310653232729|126.9828808883077329_37.5693529710736058|126.9829278791696936_37.5696038258341787
2026-09-04T09:00:31.559343+09:00,종로·청계 관광특구,종로·청계 관광특구,POI006,KEY_3,1000004802,우정국로,1000008702,종로1가사거리,126.9830343185050481_37.5701720336345346,1000007100,종로1가,126.9829278791696936_37.5696038258341787,64.0,6.0,정체,126.9829278791696936_37.5696038258341787|126.9830343185050481_37.5701720336345346
2026-09-04T09:00:31.559343+09:00,종로·청계 관광특구,종로·청계 관광특구,POI006,KEY_3,1000005000,무교로,1000008607,종로구청입구교차로,126.9793805233784241_37.5701494116837509,1010034301,무교동사거리,126.9793440155466442_37.5692674718774171,98.0,4.0,정체,126.9793440155466442_37.5692674718774171|126.9793805233784241_37.5701494116837509
2026-09-04T09:00:31.559343+09:00,종로·청계 관광특구,종로·청계 관광특구,POI006,KEY_3,1000005301,청계천로,1010035001,청계5가,127.0020881246934152_37.5698075774404145,1000031402,버들다리(북측),127.0066778573984863_37.5698145407186601,405.0,16.3,서행,127.0066778573984863_37.5698145407186601|127.0020881246934152_37.5698075774404145
2026-09-04T09:00:31.559343+09:00,종로·청계 관광특구,종로·청계 관광특구,POI006,KEY_3,1000005302,청계천로,1000031401,버들다리(북측),127.0068104529230624_37.5697993350473567,1010035102,청계6가사거리,127.0096210652811237_37.5699440857354006,249.0,18.0,서행,127.0096210652811237_37.5699440857354006|127.0093543827214120_37.5699514872757661|127.0068104529230624_37.5697993350473567
2026-09-04T09:00:31.559343+09:00,종로·청계 관광특구,종로·청계 관광특구,POI006,KEY_3,1000005501,창경궁로,1010034002,청계4가사거리,126.9978567741960518_37.5690141197168899,1000009200,종로4가,126.9977510820364870_37.5702192149541574,134.0,7.0,정체,126.9977510820364870_37.5702192149541574|126.9977619635523922_37.5701052996103186|126.9977928254472488_37.5697501122231543|126.9978567741960518_37.5690141197168899
2026-09-04T09:00:31.559343+09:00,종로·청계 관광특구,종로·청계 관광특구,POI006,KEY_3,1000005502,창경궁로,1000009200,종로4가,126.9977510820364870_37.5702192149541574,1000011003,종로4가사거리,126.9977066575793003_37.5706842868909874,52.0,16.0,서행,126.9977066575793003_37.5706842868909874|126.9977510820364870_37.5702192149541574
2026-09-04T09:00:31.559343+09:00,종로·청계 관광특구,종로·청계 관광특구,POI006,KEY_3,1000005700,청계천로,1000256400,최소노드배치점,127.0127816976351198_37.5699685404101658,1010035202,청계7가사거리,127.0158040936899226_37.5700110354399825,267.0,8.3,정체,127.0158040936899226_37.5700110354399825|127.0155094115753371_37.5699917344054910|127.0127816976351198_37.5699685404101658
2026-09-04T09:00:31.559343+09:00,종로·청계 관광특구,종로·청계 관광특구,POI006,KEY_3,1000005900,동호로,1000080900,종로5가 194-1,127.0019049283621939_37.5704023856927236,1000011203,종로5가사거리,127.0018619903622010_37.5709442212742246,60.0,11.0,정체,127.0018619903622010_37.5709442212742246|127.0019049283621939_37.5704023856927236
2026-09-04T09:00:31.559343+09:00,종로·청계 관광특구,종로·청계 관광특구,POI006,KEY_3,1000006000,동호로,1000081000,종로5가 194-1,127.0020404728760326_37.5704091886523841,1010035001,청계5가,127.0020881246934152_37.5698075774404145,67.0,19.3,서행,127.0020881246934152_37.5698075774404145|127.0020404728760326_37.5704091886523841
2026-09-04T09:00:31.559343+09:00,종로·청계 관광특구,종로·청계 관광특구,POI006,KEY_3,1000006101,율곡로,1010035102,청계6가사거리,127.0096210652811237_37.5699440857354006,1000009900,흥인지문,127.0093873462230221_37.5706631809010148,83.0,34.0,원활,127.0093873462230221_37.5706631809010148|127.0094292652047443_37.5705741772424844|127.0094975291804218_37.5704036160553798|127.0095564087739035_37.5702141995526446|127.0096210652811237_37.5699440857354006
2026-09-04T09:00:31.559343+09:00,종로·청계 관광특구,종로·청계 관광특구,POI006,KEY_3,1000006102,율곡로,1000009900,흥인지문,127.0093873462230221_37.5706631809010148,1000011703,흥인지문사거리,127.0090256024343631_37.5712778950010033,75.0,36.0,원활,127.0090256024343631_37.5712778950010033|127.0091075737013711_37.5711579258072774|127.0092355138361029_37.5709579814170240|127.0093370098156385_37.5707700537480775|127.0093873462230221_37.5706631809010148
2026-09-04T09:00:31.559343+09:00,종로·청계 관광특구,종로·청계 관광특구,POI006,KEY_3,1000006200,율곡로,1000011702,흥인지문사거리,127.0091495968440398_37.5713227254486739,1010035101,청계6가사거리,127.0097583244985060_37.5699427587399839,163.0,13.0,정체,127.0097583244985060_37.5699427587399839|127.0096891857815962_37.5702372118649492|127.0096283139498468_37.5704330409796157|127.0095576557767316_37.5706095859452489|127.0095145373694692_37.5707011341562094|127.0094630728513749_37.5708104028937200|127.0093585611355422_37.5710039143764831|127.0092277816811901_37.5712082974230555|127.0091495968440398_37.5713227254486739
2026-09-04T09:00:31.559343+09:00,종로·청계 관광특구,종로·청계 관광특구,POI006,KEY_3,1000006702,종로3길,1000008609,종로구청입구교차로,126.9792481536049564_37.5702564438606927,1000008604,KT광화문빌딩East,126.9792392182412755_37.5711995824609417,105.0,22.0,서행,126.9792392182412755_37.5711995824609417|126.9792562098357678_37.5705013662105856|126.9792481536049564_37.5702564438606927
2026-09-04T09:00:31.559343+09:00,종로·청계 관광특구,종로·청계 관광특구,POI006,KEY_3,1000006801,종로3길,1000008603,KT광화문빌딩East,126.9793750304311573_37.5712016763059680,1000008606,종로구청입구교차로,126.9793844377634713_37.5702575676490582,105.0,4.0,정체,126.9793844377634713_37.5702575676490582|126.9793920781041692_37.5705010629446505|126.9793750304311573_37.5712016763059680
2026-09-04T09:00:31.559343+09:00,종로·청계 관광특구,종로·청계 관광특구,POI006,KEY_3,1000007100,돈화문로,1000145800,묘동 20-5,126.9916684242814142_37.5719817889873724,1000013303,묘동사거리,126.9914801613035706_37.5725495704926047,65.0,6.0,정체,126.9914801613035706_37.5725495704926047|126.9916684242814142_37.5719817889873724
2026-09-04T09:00:31.559343+09:00,종로·청계 관광특구,종로·청계 관광특구,POI006,KEY_3,1000007200,돈화문로,1000059400,묘동 20-5,126.9921535095209890_37.5708464956724839,1000009801,종로3가사거리,126.9922000608216308_37.5704778715046643,41.0,13.0,정체,126.9922000608216308_37.5704778715046643|126.9921602362403092_37.5708137185849509|126.9921535095209890_37.5708464956724839
2026-09-04T09:00:31.559343+09:00,종로·청계 관광특구,종로·청계 관광특구,POI006,KEY_3,1000022600,수표로,1000108100,관수동 14-2,126.9894314284546084_37.5692594329428573,1000009403,육의전박물관,126.9893641825799904_37.5702291213036688,108.0,10.0,정체,126.9893641825799904_37.5702291213036688|126.9894314284546084_37.5692594329428573
2026-09-04T09:00:31.559343+09:00,종로·청계 관광특구,종로·청계 관광특구,POI006,KEY_3,1000022700,수표로,1000108200,관수동 137-1,126.9895670546993642_37.5692653917909638,1000006601,관수동 91-4,126.9896326598155412_37.5683193140372680,105.0,13.0,정체,126.9896326598155412_37.5683193140372680|126.9895670546993642_37.5692653917909638
2026-09-04T09:00:31.559343+09:00,종로·청계 관광특구,종로·청계 관광특구,POI006,KEY_3,1000023500,종로,1000007002,동아일보사,126.9783460265061024_37.5693222473721278,1000008803,광화문우체국,126.9784351192109852_37.5701413844145975,91.0,10.0,정체,126.9784351192109852_37.5701413844145975|126.9783460265061024_37.5693222473721278
2026-09-04T09:00:31.559343+09:00,종로·청계 관광특구,종로·청계 관광특구,POI006,KEY_3,1000023600,종로,1000007200,종로1가,126.9827935302844111_37.5696197701673924,1000007700,종로1가,126.9822109960776402_37.5701758601934444,90.0,18.0,서행,126.9822109960776402_37.5701758601934444|126.9823538247533747_37.5701681727122576|126.9825335459648414_37.5700690295792086|126.9826437791460876_37.5699908547526107|126.9827324536877029_37.5698897904859521|126.9827899849345840_37.5697677437382040|126.9827935302844111_37.5696197701673924
2026-09-04T09:00:31.559343+09:00,종로·청계 관광특구,종로·청계 관광특구,POI006,KEY_3,1000023700,종로,1000007800,종로1가,126.9837094850009294_37.5701682846705296,1000007100,종로1가,126.9829278791696936_37.5696038258341787,103.0,21.0,서행,126.9829278791696936_37.5696038258341787|126.9830032097695494_37.5698402452960423|126.9830990215400703_37.5699604067910897|126.9831924475550267_37.5700347972999680|126.9833242130892046_37.5700939366007987|126.9834847309357855_37.5701511723724835|126.9837094850009294_37.5701682846705296
2026-09-04T09:00:31.559343+09:00,종로·청계 관광특구,종로·청계 관광특구,POI006,KEY_3,1000023900,종로,1000008000,동아일보사,126.9777588281918099_37.5701340596360964,1000007400,청계천광장,126.9770893091757529_37.5695834801641908,91.0,11.0,정체,126.9770893091757529_37.5695834801641908|126.9770963075021939_37.5696479702720865|126.9772094321437663_37.5697743360528662|126.9773459521211265_37.5699388507560457|126.9774735034476549_37.5700533015790512|126.9775723207871607_37.5701062430602590|126.9777588281918099_37.5701340596360964
2026-09-04T09:00:31.559343+09:00,종로·청계 관광특구,종로·청계 관광특구,POI006,KEY_3,1000024200,종로40길,1000056800,종로6가 94-1,127.0066606069363075_37.5704117265212076,1000011403,종로6가,127.0066422217709032_37.5710481835517882,71.0,6.0,정체,127.0066422217709032_37.5710481835517882|127.0066606069363075_37.5704117265212076
2026-09-04T09:00:31.559343+09:00,종로·청계 관광특구,종로·청계 관광특구,POI006,KEY_3,1000024600,종로,1000009200,종로4가,126.9977510820364870_37.5702192149541574,1000010400,종로4가,126.9969798514767092_37.5706375452027856,82.0,17.0,서행,126.9969798514767092_37.5706375452027856|126.9977510820364870_37.5702192149541574
2026-09-04T09:00:31.559343+09:00,종로·청계 관광특구,종로·청계 관광특구,POI006,KEY_3,1000025300,종로,1000009900,흥인지문,127.0093873462230221_37.5706631809010148,1000011300,동대문역10번출구,127.0080672314708750_37.5710785300975587,130.0,21.7,서행,127.0080672314708750_37.5710785300975587|127.0085333891818209_37.5710486383400308|127.0087654958763324_37.5709979628760777|127.0089601650943791_37.5709413315209986|127.0091211384305581_37.5708727822850008|127.0093873462230221_37.5706631809010148
2026-09-04T09:00:31.559343+09:00,종로·청계 관광특구,종로·청계 관광특구,POI006,KEY_3,1000028300,서순라길,1000179700,묘동 164-2,126.9918986546224602_37.5725528238137017,1000013302,묘동사거리,126.9916200024151749_37.5725515277908357,25.0,12.0,정체,126.9916200024151749_37.5725515277908357|126.9918986546224602_37.5725528238137017
2026-09-04T09:00:31.559343+09:00,종로·청계 관광특구,종로·청계 관광특구,POI006,KEY_3,1000044900,종로,1000031300,종로4가,126.9985532581453924_37.5707449132439208,1000031200,종로4가,126.9978863472252044_37.5702292896807890,82.0,18.0,서행,126.9978863472252044_37.5702292896807890|126.9985532581453924_37.5707449132439208
2026-09-04T09:00:31.559343+09:00,종로·청계 관광특구,종로·청계 관광특구,POI006,KEY_3,1000047200,지봉로,1000074500,창신동 397-6,127.0157169552058747_37.5712846872494310,1000014103,동묘앞역사거리,127.0155780893531698_37.5729481588667227,185.0,4.0,정체,127.0155780893531698_37.5729481588667227|127.0156159971831329_37.5727174560925832|127.0156606543816764_37.5720471206749451|127.0156947959210640_37.5715847731665988|127.0157169552058747_37.5712846872494310
2026-09-04T09:00:31.559343+09:00,종로·청계 관광특구,종로·청계 관광특구,POI006,KEY_3,1010016504,삼일대로,1010032102,청계2가교차로,126.9875991297301567_37.5679809831949356,1010032702,청계2가,126.9876182832415594_37.5682809508841231,33.0,9.0,정체,126.9876182832415594_37.5682809508841231|126.9875991297301567_37.5679809831949356
2026-09-04T09:00:31.559343+09:00,종로·청계 관광특구,종로·청계 관광특구,POI006,KEY_3,1010016603,삼일대로,1010032701,청계2가,126.9877539783027771_37.5682760807968279,1010032101,청계2가교차로,126.9877349955711310_37.5679787776906622,33.0,8.0,정체,126.9877349955711310_37.5679787776906622|126.9877539783027771_37.5682760807968279
2026-09-04T09:00:31.559343+09:00,종로·청계 관광특구,종로·청계 관광특구,POI006,KEY_3,1010016903,우정국로,1010033402,광교교차로,126.9826972926992426_37.5687326607183465,1010033702,광교사거리,126.9827120922386285_37.5690419071249693,34.0,25.0,원활,126.9827120922386285_37.5690419071249693|126.9826972926992426_37.5687326607183465
2026-09-04T09:00:31.559343+09:00,종로·청계 관광특구,종로·청계 관광특구,POI006,KEY_3,1010017003,우정국로,1010033701,광교사거리,126.9828472617604831_37.5690310653232729,1010033401,광교교차로,126.9828323504512895_37.5687142869809634,35.0,14.0,정체,126.9828323504512895_37.5687142869809634|126.9828472617604831_37.5690310653232729
2026-09-04T09:00:31.559343+09:00,종로·청계 관광특구,종로·청계 관광특구,POI006,KEY_3,1010017103,창경궁로,1010033502,청계4가사거리,126.9978802454382389_37.5687215808426274,1010034002,청계4가사거리,126.9978567741960518_37.5690141197168899,33.0,14.0,정체,126.9978567741960518_37.5690141197168899|126.9978802454382389_37.5687215808426274
2026-09-04T09:00:31.559343+09:00,종로·청계 관광특구,종로·청계 관광특구,POI006,KEY_3,1010017305,율곡로,1010034702,청계6가사거리,127.0096736759349909_37.5696339498216076,1010035102,청계6가사거리,127.0096210652811237_37.5699440857354006,35.0,22.0,서행,127.0096210652811237_37.5699440857354006|127.0096736759349909_37.5696339498216076
2026-09-04T09:00:31.559343+09:00,종로·청계 관광특구,종로·청계 관광특구,POI006,KEY_3,1010017406,율곡로,1010035101,청계6가사거리,127.0097583244985060_37.5699427587399839,1010034701,청계6가사거리,127.0098099727011487_37.5696292980751281,35.0,28.0,원활,127.0098099727011487_37.5696292980751281|127.0097583244985060_37.5699427587399839
2026-09-04T09:00:31.559343+09:00,종로·청계 관광특구,종로·청계 관광특구,POI006,KEY_3,1010017602,무교로,1010034301,무교동사거리,126.9793440155466442_37.5692674718774171,1010034101,무교동사거리,126.9793610650683036_37.5689718470786644,33.0,8.0,정체,126.9793610650683036_37.5689718470786644|126.9793440155466442_37.5692674718774171
2026-09-04T09:00:31.559343+09:00,종로·청계 관광특구,종로·청계 관광특구,POI006,KEY_3,1010018304,동호로,1010034602,청계5가교차로,127.0019837396539657_37.5694814402428676,1010035002,청계5가,127.0019528507516640_37.5697976426441400,35.0,10.0,정체,127.0019528507516640_37.5697976426441400|127.0019837396539657_37.5694814402428676
2026-09-04T09:00:31.559343+09:00,종로·청계 관광특구,종로·청계 관광특구,POI006,KEY_3,1010018404,동호로,1010035001,청계5가,127.0020881246934152_37.5698075774404145,1010034601,청계5가교차로,127.0021191180861280_37.5694902995239062,35.0,18.0,서행,127.0021191180861280_37.5694902995239062|127.0020881246934152_37.5698075774404145
2026-09-04T09:00:31.559343+09:00,홍대 관광특구,홍대 관광특구,POI007,KEY_4,1130056100,동교로,1130244800,동교동 192-44,126.9236948948308594_37.5575209206440874,1130030001,홍대입구역(서울2호선),126.9241024975835899_37.5571832879291989,52.0,12.5,정체,126.9241024975835899_37.5571832879291989|126.9236948948308594_37.5575209206440874
2026-09-04T09:00:31.559343+09:00,홍대 관광특구,홍대 관광특구,POI007,KEY_4,1120004701,연희로,1130001804,동교동삼거리,126.9268950567400083_37.5587611086849407,1130032500,동교동삼거리,126.9265306057119460_37.5594558524399389,84.0,9.0,정체,126.9265306057119460_37.5594558524399389|126.9265681925086255_37.5592771793147833|126.9266988610016114_37.5590497894311639|126.9268950567400083_37.5587611086849407
2026-09-04T09:00:31.559343+09:00,홍대 관광특구,홍대 관광특구,POI007,KEY_4,1130001505,양화로,1130052000,합정역8번출구,126.9125610162048474_37.5489924297706352,1130021604,합정역교차로,126.9133271355590011_37.5492481379057494,74.0,38.0,원활,126.9133271355590011_37.5492481379057494|126.9131511937065824_37.5491581588815038|126.9128784491420845_37.5490701385518264|126.9125610162048474_37.5489924297706352
2026-09-04T09:00:31.559343+09:00,홍대 관광특구,홍대 관광특구,POI007,KEY_4,1130001606,양화로,1130021603,합정역교차로,126.9133979744090510_37.5491558635704337,1130021800,합정역8번출구,126.9126009251802998_37.5488890850710817,77.0,9.0,정체,126.9126009251802998_37.5488890850710817|126.9129239950553085_37.5489681728266333|126.9132139348755288_37.5490617432278029|126.9133979744090510_37.5491558635704337
2026-09-04T09:00:31.559343+09:00,홍대 관광특구,홍대 관광특구,POI007,KEY_4,1130002101,양화로,1130021601,합정역교차로,126.9134396891751067_37.5493101529960995,1130022800,합정역(서울2호선),126.9139380043217500_37.5496171809286139,56.0,18.0,서행,126.9139380043217500_37.5496171809286139|126.9138232146117105_37.5495337692831868|126.9134396891751067_37.5493101529960995
2026-09-04T09:00:31.559343+09:00,홍대 관광특구,홍대 관광특구,POI007,KEY_4,1130002102,양화로,1130022800,합정역(서울2호선),126.9139380043217500_37.5496171809286139,1130024304,누아갤러리,126.9154925570157388_37.5507467776258252,186.0,18.0,서행,126.9154925570157388_37.5507467776258252|126.9142500058633658_37.5498438974214181|126.9139380043217500_37.5496171809286139
2026-09-04T09:00:31.559343+09:00,홍대 관광특구,홍대 관광특구,POI007,KEY_4,1130002103,양화로,1130061000,서교동 427,126.9167660297625986_37.5517097625194793,1130025604,서교동사거리,126.9181132815169946_37.5527298448976765,164.0,32.0,원활,126.9181132815169946_37.5527298448976765|126.9171655098772931_37.5520122365821649|126.9167660297625986_37.5517097625194793
2026-09-04T09:00:31.559343+09:00,홍대 관광특구,홍대 관광특구,POI007,KEY_4,1130002201,양화로,1130022400,합정역5번출구,126.9140295476794051_37.5495373218593258,1130021602,합정역교차로,126.9135099145764940_37.5492170875193594,58.0,14.0,정체,126.9135099145764940_37.5492170875193594|126.9139093521257280_37.5494499807109747|126.9140295476794051_37.5495373218593258
2026-09-04T09:00:31.559343+09:00,홍대 관광특구,홍대 관광특구,POI007,KEY_4,1130002202,양화로,1130073600,합정동 402,126.9143415490859326_37.5497640377180701,1130022400,합정역5번출구,126.9140295476794051_37.5495373218593258,37.0,14.0,정체,126.9140295476794051_37.5495373218593258|126.9143415490859326_37.5497640377180701
2026-09-04T09:00:31.559343+09:00,홍대 관광특구,홍대 관광특구,POI007,KEY_4,1130002501,양화로,1130025601,서교동사거리,126.9182122864217916_37.5528038522271572,1130025904,서교동 427,126.9197888664365763_37.5539674961994976,190.0,7.0,정체,126.9197888664365763_37.5539674961994976|126.9185449616588812_37.5530493983241485|126.9182122864217916_37.5528038522271572
2026-09-04T09:00:31.559343+09:00,홍대 관광특구,홍대 관광특구,POI007,KEY_4,1130002502,양화로,1130025901,서교동 427,126.9198881225875368_37.5540412931764607,1130027404,홍대입구역앞교차로,126.9214584654919236_37.5552173006732275,190.0,25.0,원활,126.9214584654919236_37.5552173006732275|126.9198881225875368_37.5540412931764607
2026-09-04T09:00:31.559343+09:00,홍대 관광특구,홍대 관광특구,POI007,KEY_4,1130003701,양화로,1130273800,동교동 155-55,126.9227158165769538_37.5561519142828715,1130030004,홍대입구역(서울2호선),126.9240038282710827_37.5571089892898087,156.0,17.0,서행,126.9240038282710827_37.5571089892898087|126.9227158165769538_37.5561519142828715
2026-09-04T09:00:31.559343+09:00,홍대 관광특구,홍대 관광특구,POI007,KEY_4,1130003702,양화로,1130030001,홍대입구역(서울2호선),126.9241024975835899_37.5571832879291989,1130031303,대성카센터,126.9247680509792247_37.5576912738708160,81.0,18.0,서행,126.9247680509792247_37.5576912738708160|126.9241024975835899_37.5571832879291989
2026-09-04T09:00:31.559343+09:00,홍대 관광특구,홍대 관광특구,POI007,KEY_4,1130003703,양화로,1130260400,동교동 155-54,126.9256281988244410_37.5583324442910680,1130032300,동교동삼거리,126.9260758648074869_37.5586455831952080,53.0,21.0,서행,126.9260758648074869_37.5586455831952080|126.9259516460622734_37.5585781495251254|126.9256756439668692_37.5583677527849815|126.9256281988244410_37.5583324442910680
2026-09-04T09:00:31.559343+09:00,홍대 관광특구,홍대 관광특구,POI007,KEY_4,1130003704,양화로,1130032300,동교동삼거리,126.9260758648074869_37.5586455831952080,1130001804,동교동삼거리,126.9268950567400083_37.5587611086849407,75.0,32.0,원활,126.9268950567400083_37.5587611086849407|126.9268455311802200_37.5587689621708094|126.9267020111609838_37.5587790282963496|126.9265461121104579_37.5587713324019461|126.9263918168373806_37.5587486717422934|126.9262198315530981_37.5587079879979058|126.9260758648074869_37.5586455831952080
2026-09-04T09:00:31.559343+09:00,홍대 관광특구,홍대 관광특구,POI007,KEY_4,1130012504,독막로,1130052100,합정역7번출구,126.9140173730645671_37.5487741682980598,1130021603,합정역교차로,126.9133979744090510_37.5491558635704337,71.0,24.0,서행,126.9133979744090510_37.5491558635704337|126.9135406193636584_37.5489949395947065|126.9136811129909290_37.5488909851792201|126.9137974866256258_37.5488341856604748|126.9139631942102255_37.5487857147723645|126.9140173730645671_37.5487741682980598
2026-09-04T09:00:31.559343+09:00,홍대 관광특구,홍대 관광특구,POI007,KEY_4,1130012601,독막로,1130021602,합정역교차로,126.9135099145764940_37.5492170875193594,1130021400,합정역6번출구,126.9140524865152884_37.5488786114665416,63.0,7.0,정체,126.9140524865152884_37.5488786114665416|126.9140042501253305_37.5488888909759595|126.9138569670299148_37.5489319720761685|126.9137636338956270_37.5489775269032293|126.9136434160954963_37.5490664775041694|126.9135099145764940_37.5492170875193594
2026-09-04T09:00:31.559343+09:00,홍대 관광특구,홍대 관광특구,POI007,KEY_4,1130012604,독막로,1130181200,상수동 309-18,126.9218696837411784_37.5478321154183874,1130004604,상수역앞교차로,126.9229254474764872_37.5478016570923359,93.0,29.0,원활,126.9229254474764872_37.5478016570923359|126.9218696837411784_37.5478321154183874
2026-09-04T09:00:31.559343+09:00,홍대 관광특구,홍대 관광특구,POI007,KEY_4,1130013100,와우산로,1130124200,서교동 406,126.9229920019003544_37.5501657824683832,1130005003,서교동 406,126.9230055961275383_37.5506651939424145,55.0,10.0,정체,126.9230055961275383_37.5506651939424145|126.9229920019003544_37.5501657824683832
2026-09-04T09:00:31.559343+09:00,홍대 관광특구,홍대 관광특구,POI007,KEY_4,1130013701,잔다리로,1130005003,서교동 406,126.9230055961275383_37.5506651939424145,1130024402,태성빌딩,126.9212984594291243_37.5507136993635982,151.0,17.0,서행,126.9212984594291243_37.5507136993635982|126.9217266238917006_37.5507015361146728|126.9221144105031556_37.5506905185719049|126.9230055961275383_37.5506651939424145
2026-09-04T09:00:31.559343+09:00,홍대 관광특구,홍대 관광특구,POI007,KEY_4,1130013702,잔다리로,1130190600,서교동 427,126.9189825850368720_37.5519723209559828,1130025603,서교동사거리,126.9182053202966358_37.5526503262188740,102.0,26.3,원활,126.9182053202966358_37.5526503262188740|126.9189825850368720_37.5519723209559828
2026-09-04T09:00:31.559343+09:00,홍대 관광특구,홍대 관광특구,POI007,KEY_4,1130013801,잔다리로,1130191400,서교동 406,126.9221192536904113_37.5507985694623727,1130005004,서교동 406,126.9230243233857180_37.5507728502407474,80.0,20.3,서행,126.9230243233857180_37.5507728502407474|126.9221192536904113_37.5507985694623727
2026-09-04T09:00:31.559343+09:00,홍대 관광특구,홍대 관광특구,POI007,KEY_4,1130013802,잔다리로,1130078500,서교동 427,126.9207065337273690_37.5508354595409060,1130024404,태성빌딩,126.9211838126956309_37.5508247851285262,42.0,15.0,서행,126.9211838126956309_37.5508247851285262|126.9207065337273690_37.5508354595409060
2026-09-04T09:00:31.559343+09:00,홍대 관광특구,홍대 관광특구,POI007,KEY_4,1130014101,월드컵로,1130021604,합정역교차로,126.9133271355590011_37.5492481379057494,1130022900,합정역9번출구,126.9130418149968449_37.5497885897765329,65.0,14.0,정체,126.9130418149968449_37.5497885897765329|126.9130982247336163_37.5496351327381603|126.9132269055929783_37.5494015408536583|126.9133271355590011_37.5492481379057494
2026-09-04T09:00:31.559343+09:00,홍대 관광특구,홍대 관광특구,POI007,KEY_4,1130014102,월드컵로,1130135600,합정동 402,126.9128188401226964_37.5505027227293695,1130025203,합정동주민센터,126.9124127492584506_37.5518459734548173,153.0,14.0,정체,126.9124127492584506_37.5518459734548173|126.9128188401226964_37.5505027227293695
2026-09-04T09:00:31.559343+09:00,홍대 관광특구,홍대 관광특구,POI007,KEY_4,1130014103,월드컵로,1130076100,합정동 426-38,126.9121437730441926_37.5527273387387908,1130026004,성산초교앞교차로,126.9116840665830637_37.5541751613641424,166.0,14.0,정체,126.9116840665830637_37.5541751613641424|126.9117399457097122_37.5540497782302225|126.9121437730441926_37.5527273387387908
2026-09-04T09:00:31.559343+09:00,홍대 관광특구,홍대 관광특구,POI007,KEY_4,1130014201,월드컵로,1130023000,합정역9번출구,126.9131721455813278_37.5498189592265703,1130021601,합정역교차로,126.9134396891751067_37.5493101529960995,61.0,26.0,원활,126.9134396891751067_37.5493101529960995|126.9133494569869924_37.5494482548088371|126.9132260984452927_37.5496721848271662|126.9131721455813278_37.5498189592265703
2026-09-04T09:00:31.559343+09:00,홍대 관광특구,홍대 관광특구,POI007,KEY_4,1130014202,월드컵로,1130025202,합정동주민센터,126.9125490838489583_37.5518570392708213,1130023000,합정역9번출구,126.9131721455813278_37.5498189592265703,233.0,21.0,서행,126.9131721455813278_37.5498189592265703|126.9131331753272036_37.5499249762533154|126.9129508683919170_37.5505280238880061|126.9125490838489583_37.5518570392708213
2026-09-04T09:00:31.559343+09:00,홍대 관광특구,홍대 관광특구,POI007,KEY_4,1130014203,월드컵로,1130076000,서교동 419-2,126.9122757323099222_37.5527528799291730,1130025201,합정동주민센터,126.9125164449968679_37.5519645743570578,90.0,26.0,원활,126.9125164449968679_37.5519645743570578|126.9124004277404225_37.5523445193010375|126.9122757323099222_37.5527528799291730
2026-09-04T09:00:31.559343+09:00,홍대 관광특구,홍대 관광특구,POI007,KEY_4,1130014501,와우산로,1130065900,서교동 406,126.9239983822778584_37.5526642779511519,1130005305,홍익대앞교차로,126.9241709727699146_37.5528566898356004,26.0,13.0,정체,126.9241709727699146_37.5528566898356004|126.9239983822778584_37.5526642779511519
2026-09-04T09:00:31.559343+09:00,홍대 관광특구,홍대 관광특구,POI007,KEY_4,1130014601,와우산로,1130162700,서교동 406,126.9235886681274508_37.5519414149815205,1130005001,서교동 406,126.9231548424966718_37.5507429936340600,138.0,9.0,정체,126.9231548424966718_37.5507429936340600|126.9232862425119350_37.5511071096942004|126.9235840742390167_37.5519324027044945|126.9235886681274508_37.5519414149815205
2026-09-04T09:00:31.559343+09:00,홍대 관광특구,홍대 관광특구,POI007,KEY_4,1130015300,와우산로,1130068000,서교동 349,126.9297333719006673_37.5544875636568065,1130026604,서교동 349,126.9300858883580219_37.5547938010427984,46.0,23.3,서행,126.9300858883580219_37.5547938010427984|126.9299834944231549_37.5546849402940452|126.9298766861657981_37.5545928751440101|126.9297661535598110_37.5545093833760149|126.9297333719006673_37.5544875636568065
2026-09-04T09:00:31.559343+09:00,홍대 관광특구,홍대 관광특구,POI007,KEY_4,1130015701,잔다리로,1130168500,서교동 427,126.9177057214150892_37.5530785078530158,1130025803,경북신문서울지사,126.9168794495548838_37.5537853595123963,107.0,10.0,정체,126.9168794495548838_37.5537853595123963|126.9177057214150892_37.5530785078530158
2026-09-04T09:00:31.559343+09:00,홍대 관광특구,홍대 관광특구,POI007,KEY_4,1130015702,잔다리로,1130025804,경북신문서울지사,126.9167794658698938_37.5538677598341195,1130027103,마포신문사,126.9157323354683768_37.5548803576989911,146.0,10.0,정체,126.9157323354683768_37.5548803576989911|126.9160958931614829_37.5544314008575242|126.9162129074296530_37.5543260095726907|126.9167794658698938_37.5538677598341195
2026-09-04T09:00:31.559343+09:00,홍대 관광특구,홍대 관광특구,POI007,KEY_4,1130015801,잔다리로,1130168600,서교동 427,126.9178051349914114_37.5531521659568099,1130025601,서교동사거리,126.9182122864217916_37.5528038522271572,53.0,17.0,서행,126.9182122864217916_37.5528038522271572|126.9178051349914114_37.5531521659568099
2026-09-04T09:00:31.559343+09:00,홍대 관광특구,홍대 관광특구,POI007,KEY_4,1130015802,잔다리로,1130027102,마포신문사,126.9158737035807434_37.5549053205329528,1130025801,경북신문서울지사,126.9169099970482506_37.5539163098363460,144.0,16.0,서행,126.9169099970482506_37.5539163098363460|126.9163122473365917_37.5543997888327326|126.9162044591175942_37.5544968696544146|126.9158737035807434_37.5549053205329528
2026-09-04T09:00:31.559343+09:00,홍대 관광특구,홍대 관광특구,POI007,KEY_4,1130015901,홍익로,1130154700,서교동 427,126.9220359643673390_37.5546826076917313,1130027403,홍대입구역앞교차로,126.9215460181029016_37.5551344303407504,66.0,16.0,서행,126.9215460181029016_37.5551344303407504|126.9217237952683917_37.5549495724854268|126.9220359643673390_37.5546826076917313
2026-09-04T09:00:31.559343+09:00,홍대 관광특구,홍대 관광특구,POI007,KEY_4,1130015902,홍익로,1130109300,서교동 406,126.9231648679629956_37.5537171543489379,1130005308,서교푸르지오아파트,126.9225993071129750_37.5542008340247122,73.0,10.0,정체,126.9225993071129750_37.5542008340247122|126.9228527697001851_37.5539840685397763|126.9231648679629956_37.5537171543489379
2026-09-04T09:00:31.559343+09:00,홍대 관광특구,홍대 관광특구,POI007,KEY_4,1130016001,홍익로,1130091300,서교동 349,126.9229521707389097_37.5540577381318670,1130005302,홍익대앞교차로,126.9242716262433675_37.5529292870087730,171.0,8.5,정체,126.9242716262433675_37.5529292870087730|126.9241239492523050_37.5530555887153952|126.9240033040959332_37.5531587708137664|126.9232642689553643_37.5537908236815881|126.9229521707389097_37.5540577381318670
2026-09-04T09:00:31.559343+09:00,홍대 관광특구,홍대 관광특구,POI007,KEY_4,1130016002,홍익로,1130119400,동교동 155-55,126.9224863431878845_37.5544561207342085,1130005306,속성변화점,126.9226010481489340_37.5543580239452197,15.0,8.5,정체,126.9226010481489340_37.5543580239452197|126.9224863431878845_37.5544561207342085
2026-09-04T09:00:31.559343+09:00,홍대 관광특구,홍대 관광특구,POI007,KEY_4,1130016601,동교로,1130112700,서교동 480-4,126.9128544885335685_37.5543811077444118,1130026003,성산초교앞교차로,126.9118165724208609_37.5542011783164611,94.0,27.0,원활,126.9118165724208609_37.5542011783164611|126.9128544885335685_37.5543811077444118
2026-09-04T09:00:31.559343+09:00,홍대 관광특구,홍대 관광특구,POI007,KEY_4,1130016602,동교로,1130027103,마포신문사,126.9157323354683768_37.5548803576989911,1130026802,서교동주민센터,126.9151918884149666_37.5547863283070740,49.0,18.0,서행,126.9151918884149666_37.5547863283070740|126.9157323354683768_37.5548803576989911
2026-09-04T09:00:31.559343+09:00,홍대 관광특구,홍대 관광특구,POI007,KEY_4,1130016801,동교로,1130082800,서교동 461-6,126.9164678276881233_37.5550109832930517,1130027102,마포신문사,126.9158737035807434_37.5549053205329528,54.0,37.0,원활,126.9158737035807434_37.5549053205329528|126.9164678276881233_37.5550109832930517
2026-09-04T09:00:31.559343+09:00,홍대 관광특구,홍대 관광특구,POI007,KEY_4,1130016802,동교로,1130241800,서교동 461-6,126.9185671453848556_37.5553757191433064,1130027702,서교동 461-6,126.9179996526103480_37.5552825577389129,51.0,12.0,정체,126.9179996526103480_37.5552825577389129|126.9185671453848556_37.5553757191433064
2026-09-04T09:00:31.559343+09:00,홍대 관광특구,홍대 관광특구,POI007,KEY_4,1130016900,월드컵북로,1130267400,서교동 427,126.9210494203991146_37.5555664569088208,1130028603,롯데호텔L7(홍대),126.9205661479972775_37.5559789666732442,63.0,9.5,정체,126.9205661479972775_37.5559789666732442|126.9210494203991146_37.5555664569088208
2026-09-04T09:00:31.559343+09:00,홍대 관광특구,홍대 관광특구,POI007,KEY_4,1130017000,월드컵북로,1130267500,동교동 155-55,126.9211487362349544_37.5556402014086004,1130027401,홍대입구역앞교차로,126.9215575669487777_37.5552912277757187,53.0,15.0,서행,126.9215575669487777_37.5552912277757187|126.9211487362349544_37.5556402014086004
2026-09-04T09:00:31.559343+09:00,홍대 관광특구,홍대 관광특구,POI007,KEY_4,1130017300,와우산로,1130279000,동교동 191-3,126.9313970925375656_37.5566259879880349,1130029803,창천동삼거리,126.9316137471090968_37.5569253206561484,38.0,17.3,서행,126.9316137471090968_37.5569253206561484|126.9313970925375656_37.5566259879880349
2026-09-04T09:00:31.559343+09:00,홍대 관광특구,홍대 관광특구,POI007,KEY_4,1130017600,월드컵로,1130269900,서교동 475-24,126.9110403993826708_37.5551324974902272,1130026001,성산초교앞교차로,126.9117481199565418_37.5543318244504860,109.0,20.5,서행,126.9117481199565418_37.5543318244504860|126.9117217336388137_37.5543764564183462|126.9115952004829921_37.5545358301992565|126.9110403993826708_37.5551324974902272
2026-09-04T09:00:31.559343+09:00,홍대 관광특구,홍대 관광특구,POI007,KEY_4,1130018301,동교로,1130234800,동교동 201-12,126.9223714576705504_37.5573415856685884,1130031703,우성빌딩,126.9229594770721690_37.5579740539319573,88.0,14.0,정체,126.9229594770721690_37.5579740539319573|126.9225761142016040_37.5575121455362435|126.9224853349252271_37.5574284446085400|126.9223714576705504_37.5573415856685884
2026-09-04T09:00:31.559343+09:00,홍대 관광특구,홍대 관광특구,POI007,KEY_4,1130018302,동교로,1130031704,우성빌딩,126.9230362835969004_37.5580664636773349,1130032103,동교동 151-3,126.9232918768675518_37.5583894534776732,42.0,29.0,원활,126.9232918768675518_37.5583894534776732|126.9231947644524467_37.5582569650777955|126.9230362835969004_37.5580664636773349
2026-09-04T09:00:31.559343+09:00,홍대 관광특구,홍대 관광특구,POI007,KEY_4,1130018303,동교로,1130267000,동교동 151-3,126.9235602086829147_37.5590265329813064,1130006103,동서빌라,126.9237720218529262_37.5599217838101325,101.0,17.0,서행,126.9237720218529262_37.5599217838101325|126.9237420189898273_37.5597891978450278|126.9236012045125506_37.5591669167257010|126.9235602086829147_37.5590265329813064
2026-09-04T09:00:31.559343+09:00,홍대 관광특구,홍대 관광특구,POI007,KEY_4,1130018401,동교로,1130236400,동교동 193-1,126.9218939397593573_37.5568917656500219,1130028602,롯데호텔L7(홍대),126.9207044539840865_37.5560194307797488,153.0,30.0,원활,126.9207044539840865_37.5560194307797488|126.9213020185727601_37.5561898308273214|126.9213990027508032_37.5562174862381255|126.9214983639262613_37.5562825737130197|126.9215763902692657_37.5563664435403197|126.9217678851206443_37.5567011225728038|126.9218286112969025_37.5568118746297515|126.9218939397593573_37.5568917656500219
2026-09-04T09:00:31.559343+09:00,홍대 관광특구,홍대 관광특구,POI007,KEY_4,1130018402,동교로,1130032102,동교동 192-4,126.9234091793915979_37.5583349617897966,1130031701,우성빌딩,126.9231327245934153_37.5579865800830248,46.0,33.0,원활,126.9231327245934153_37.5579865800830248|126.9233101249413238_37.5581998231503391|126.9234091793915979_37.5583349617897966
2026-09-04T09:00:31.559343+09:00,홍대 관광특구,홍대 관광특구,POI007,KEY_4,1130018403,동교로,1130267100,동교동 193-1,126.9236924952947447_37.5590020505672726,1130032101,동교동 192-4,126.9234766820471947_37.5584553758656909,64.0,36.0,원활,126.9234766820471947_37.5584553758656909|126.9235707625761904_37.5586374586260803|126.9236499224741550_37.5588562655902223|126.9236924952947447_37.5590020505672726
2026-09-04T09:00:31.559343+09:00,홍대 관광특구,홍대 관광특구,POI007,KEY_4,1130018601,월드컵북로,1130260800,동교동 205-15,126.9201047852547219_37.5565208181069323,1130028601,롯데호텔L7(홍대),126.9206030650937720_37.5561053644053331,64.0,29.0,원활,126.9206030650937720_37.5561053644053331|126.9201047852547219_37.5565208181069323
2026-09-04T09:00:31.559343+09:00,홍대 관광특구,홍대 관광특구,POI007,KEY_4,1130019402,연남로,1130006103,동서빌라,126.9237720218529262_37.5599217838101325,1130033403,동교동 197-41,126.9232773041242268_37.5605287127344880,80.0,14.3,정체,126.9232773041242268_37.5605287127344880|126.9237720218529262_37.5599217838101325
2026-09-04T09:00:31.559343+09:00,홍대 관광특구,홍대 관광특구,POI007,KEY_4,1130021301,동교로,1130270200,연남동 373-20,126.9238877393567293_37.5603936801492893,1130033503,창무빌딩,126.9241748864737787_37.5606341936674681,38.0,14.0,정체,126.9241748864737787_37.5606341936674681|126.9241661103410337_37.5606061520141736|126.9241366858942399_37.5605700517992886|126.9241002899647839_37.5605390962913646|126.9239179770402757_37.5604331415745349|126.9238877393567293_37.5603936801492893
2026-09-04T09:00:31.559343+09:00,홍대 관광특구,홍대 관광특구,POI007,KEY_4,1130021401,동교로,1130270300,동교동 190-1,126.9240036868288968_37.5603373757369283,1130006101,동서빌라,126.9239149665367705_37.5599450424727905,44.0,19.0,서행,126.9239149665367705_37.5599450424727905|126.9239877581506306_37.5602899730970847|126.9239997971928346_37.5603322997610576|126.9240036868288968_37.5603373757369283
2026-09-04T09:00:31.559343+09:00,홍대 관광특구,홍대 관광특구,POI007,KEY_4,1130021402,동교로,1130234100,연남동 260-65,126.9243509881973893_37.5610184290997395,1130033501,창무빌딩,126.9243242832398835_37.5606902998111352,36.0,19.0,서행,126.9243242832398835_37.5606902998111352|126.9243327450441683_37.5607736496850464|126.9243509881973893_37.5610184290997395
2026-09-04T09:00:31.559343+09:00,홍대 관광특구,홍대 관광특구,POI007,KEY_4,1130048500,양화로,1130022400,합정역5번출구,126.9140295476794051_37.5495373218593258,1130021400,합정역6번출구,126.9140524865152884_37.5488786114665416,86.0,14.0,정체,126.9140524865152884_37.5488786114665416|126.9139230246069445_37.5489343484288156|126.9138762522378556_37.5489900978359401|126.9138420413620167_37.5490572990694389|126.9138329563527492_37.5491459732028474|126.9138508086349617_37.5492446788838663|126.9140295476794051_37.5495373218593258
2026-09-04T09:00:31.559343+09:00,홍대 관광특구,홍대 관광특구,POI007,KEY_4,1130048800,어울마당로,1130024402,태성빌딩,126.9212984594291243_37.5507136993635982,1130020101,당인리사거리,126.9201577112685442_37.5479060826974020,329.0,12.5,정체,126.9201577112685442_37.5479060826974020|126.9203052286126194_37.5482319014126986|126.9204629847500172_37.5485121849773620|126.9206431597284137_37.5488596987716292|126.9208952920467510_37.5494059973120997|126.9211927078193867_37.5502025480265331|126.9212984594291243_37.5507136993635982
2026-09-04T09:00:31.559343+09:00,홍대 관광특구,홍대 관광특구,POI007,KEY_4,1130048900,어울마당로,1130020104,당인리사거리,126.9200163735166598_37.5479127310459049,1130024403,태성빌딩,126.9211615381937150_37.5507171207813784,328.0,17.0,서행,126.9211615381937150_37.5507171207813784|126.9210601044129163_37.5502268341553247|126.9207663483677209_37.5494400821215706|126.9205166183366913_37.5488989872912740|126.9203382349370202_37.5485549298443289|126.9201792152841790_37.5482723999727952|126.9200163735166598_37.5479127310459049
2026-09-04T09:00:31.559343+09:00,홍대 관광특구,홍대 관광특구,POI007,KEY_4,1130049000,양화로,1130052000,합정역8번출구,126.9125610162048474_37.5489924297706352,1130022900,합정역9번출구,126.9130418149968449_37.5497885897765329,105.0,25.0,원활,126.9130418149968449_37.5497885897765329|126.9130618100318912_37.5495401812596441|126.9130421428666295_37.5494586372446904|126.9130134806158026_37.5493885292777207|126.9129740362242984_37.5493212749275216|126.9129004782609655_37.5492368304858175|126.9125610162048474_37.5489924297706352
2026-09-04T09:00:31.559343+09:00,홍대 관광특구,홍대 관광특구,POI007,KEY_4,1130049300,양화로,1130023000,합정역9번출구,126.9131721455813278_37.5498189592265703,1130022800,합정역(서울2호선),126.9139380043217500_37.5496171809286139,76.0,24.0,서행,126.9139380043217500_37.5496171809286139|126.9136402094506622_37.5496006797627686|126.9135395936122848_37.5496106180248574|126.9134569354612267_37.5496277214884771|126.9133796540536849_37.5496562715165325|126.9131721455813278_37.5498189592265703
2026-09-04T09:00:31.559343+09:00,홍대 관광특구,홍대 관광특구,POI007,KEY_4,1130051502,월드컵로5길,1130025203,합정동주민센터,126.9124127492584506_37.5518459734548173,1130024207,합정동주민센터,126.9110609932505014_37.5516236888938550,122.0,9.0,정체,126.9110609932505014_37.5516236888938550|126.9120426543793059_37.5517851162292402|126.9124127492584506_37.5518459734548173
2026-09-04T09:00:31.559343+09:00,홍대 관광특구,홍대 관광특구,POI007,KEY_4,1130051601,월드컵로5길,1130159000,합정동 426-6,126.9120151858922725_37.5518910005306523,1130025204,합정동주민센터,126.9123807963445927_37.5519511205839720,33.0,18.0,서행,126.9123807963445927_37.5519511205839720|126.9120151858922725_37.5518910005306523
2026-09-04T09:00:31.559343+09:00,홍대 관광특구,홍대 관광특구,POI007,KEY_4,1130051900,양화로7길,1130145700,서교동 492,126.9135974368144701_37.5520222797338405,1130025202,합정동주민센터,126.9125490838489583_37.5518570392708213,95.0,17.0,서행,126.9125490838489583_37.5518570392708213|126.9126682083433053_37.5518592833619991|126.9129354976850976_37.5518998472612608|126.9129556993787276_37.5519035838338127|126.9135974368144701_37.5520222797338405
2026-09-04T09:00:31.559343+09:00,홍대 관광특구,홍대 관광특구,POI007,KEY_4,1130052000,양화로7길,1130138000,서교동 419,126.9152338094359038_37.5512625596168448,1130024301,누아갤러리,126.9155934469087441_37.5508218968336536,58.0,7.0,정체,126.9155934469087441_37.5508218968336536|126.9153007619960079_37.5511871879382042|126.9152338094359038_37.5512625596168448
2026-09-04T09:00:31.559343+09:00,홍대 관광특구,홍대 관광특구,POI007,KEY_4,1130052400,동교로16길,1130025803,경북신문서울지사,126.9168794495548838_37.5537853595123963,1130026803,서교동주민센터,126.9150562264393471_37.5547627600824470,233.0,8.0,정체,126.9150562264393471_37.5547627600824470|126.9151041919509026_37.5546783248440121|126.9155915455989287_37.5540739571268816|126.9161869550941049_37.5535709704613723|126.9162940154244694_37.5535710464076899|126.9168794495548838_37.5537853595123963
2026-09-04T09:00:31.559343+09:00,홍대 관광특구,홍대 관광특구,POI007,KEY_4,1130052600,동교로22길,1130026103,백운아트빌라,126.9180694970235379_37.5542655831425805,1130025802,경북신문서울지사,126.9170081596091819_37.5538339564204833,106.0,15.0,서행,126.9170081596091819_37.5538339564204833|126.9174869227818618_37.5540176960998977|126.9179190228157523_37.5541765386133832|126.9180694970235379_37.5542655831425805
2026-09-04T09:00:31.559343+09:00,홍대 관광특구,홍대 관광특구,POI007,KEY_4,1130052700,동교로22길,1130025801,경북신문서울지사,126.9169099970482506_37.5539163098363460,1130026104,백운아트빌라,126.9180281230511440_37.5543758143779129,112.0,6.0,정체,126.9180281230511440_37.5543758143779129|126.9178493084904318_37.5542700001648413|126.9174289674534464_37.5541154804999380|126.9169099970482506_37.5539163098363460
2026-09-04T09:00:31.559343+09:00,홍대 관광특구,홍대 관광특구,POI007,KEY_4,1130052900,양화로15길,1130189500,서교동 375-3,126.9191627194573044_37.5544961684800782,1130026102,백운아트빌라,126.9181857720605535_37.5543334302643643,114.0,6.0,정체,126.9181857720605535_37.5543334302643643|126.9182551674568060_37.5543727901433684|126.9184496385441321_37.5544938893267428|126.9188541407513924_37.5547457748013329|126.9191627194573044_37.5544961684800782
2026-09-04T09:00:31.559343+09:00,홍대 관광특구,홍대 관광특구,POI007,KEY_4,1130053000,양화로15길,1130119600,서교동 463-27,126.9183659693348716_37.5545790522533025,1130025901,서교동 427,126.9198881225875368_37.5540412931764607,184.0,10.0,정체,126.9198881225875368_37.5540412931764607|126.9194734610042730_37.5543989462411432|126.9192595099514733_37.5545720106137679|126.9189173184498429_37.5548488058227576|126.9188180840116047_37.5548605857523441|126.9183659693348716_37.5545790522533025
2026-09-04T09:00:31.559343+09:00,홍대 관광특구,홍대 관광특구,POI007,KEY_4,1130053400,동교로,1130119900,서교동 464-61,126.9179362134423457_37.5548483553241965,1130027703,서교동 461-6,126.9178664857794274_37.5552597164420305,46.0,10.0,정체,126.9178664857794274_37.5552597164420305|126.9179362134423457_37.5548483553241965
2026-09-04T09:00:31.559343+09:00,홍대 관광특구,홍대 관광특구,POI007,KEY_4,1130056000,동교로,1130244700,동교동 192-44,126.9235969752971585_37.5574460002231092,1130031702,우성빌딩,126.9230559412983723_37.5578941512089344,69.0,10.0,정체,126.9230559412983723_37.5578941512089344|126.9235969752971585_37.5574460002231092
2026-09-04T09:00:31.559343+09:00,홍대 관광특구,홍대 관광특구,POI007,KEY_4,1130056500,양화로19길,1130269400,동교동 192-44,126.9242827846036619_37.5579718887892824,1130032102,동교동 192-4,126.9234091793915979_37.5583349617897966,93.0,8.0,정체,126.9234091793915979_37.5583349617897966|126.9235741468609007_37.5583601799000988|126.9237435175153621_37.5583522399045222|126.9237886059845266_37.5583215233953140|126.9242827846036619_37.5579718887892824
2026-09-04T09:00:31.559343+09:00,홍대 관광특구,홍대 관광특구,POI007,KEY_4,1130056600,양화로19길,1130269300,동교동 192-44,126.9243730039212181_37.5580527040690697,1130031304,대성카센터,126.9248672211749920_37.5577661204474040,54.0,8.0,정체,126.9248672211749920_37.5577661204474040|126.9247523387008556_37.5578433291799882|126.9243935191233703_37.5580381892432413|126.9243730039212181_37.5580527040690697
2026-09-04T09:00:31.559343+09:00,홍대 관광특구,홍대 관광특구,POI007,KEY_4,1130057300,월드컵북로6길,1130261300,동교동 203-33,126.9193673333113281_37.5578672419356039,1130031202,동교동 205-15,126.9188838547954674_37.5575387719110481,56.0,24.0,서행,126.9188838547954674_37.5575387719110481|126.9193673333113281_37.5578672419356039
2026-09-04T09:00:31.559343+09:00,홍대 관광특구,홍대 관광특구,POI007,KEY_4,1130057500,양화로,1130032300,동교동삼거리,126.9260758648074869_37.5586455831952080,1130032500,동교동삼거리,126.9265306057119460_37.5594558524399389,99.0,9.0,정체,126.9265306057119460_37.5594558524399389|126.9264660553294988_37.5592263103355393|126.9260758648074869_37.5586455831952080
2026-09-04T09:00:31.559343+09:00,홍대 관광특구,홍대 관광특구,POI007,KEY_4,1130060000,동교로29길,1130033503,창무빌딩,126.9241748864737787_37.5606341936674681,1130036003,노블레스아파트,126.9218068862926145_37.5634853229895498,381.0,22.0,서행,126.9218068862926145_37.5634853229895498|126.9218459298930100_37.5634232918577879|126.9220337933197982_37.5631841000810169|126.9223456371491494_37.5627870497117868|126.9227675631269960_37.5622648309932572|126.9233084612183120_37.5615953472728421|126.9240020675585043_37.5607446270273684|126.9240943496756557_37.5606712830971432|126.9241748864737787_37.5606341936674681
2026-09-04T09:00:31.559343+09:00,홍대 관광특구,홍대 관광특구,POI007,KEY_4,1130060100,동교로29길,1130246800,연남동 257-9,126.9228817967008496_37.5623233169991337,1130033504,창무빌딩,126.9241941095302053_37.5607502493276115,210.0,7.0,정체,126.9241941095302053_37.5607502493276115|126.9241777376998783_37.5607577891073205|126.9241081814776919_37.5608130710165966|126.9234225413209742_37.5616540221321031|126.9228817967008496_37.5623233169991337
2026-09-04T09:00:31.559343+09:00,홍대 관광특구,홍대 관광특구,POI007,KEY_4,1130087200,어울마당로,1130121800,서교동 413,126.9223646926300830_37.5538554367246178,1130055701,아이스뮤지엄,126.9221148424968106_37.5534806652672515,47.0,8.0,정체,126.9221148424968106_37.5534806652672515|126.9223646926300830_37.5538554367246178
2026-09-04T09:00:31.559343+09:00,홍대 관광특구,홍대 관광특구,POI007,KEY_4,1130087300,어울마당로,1130121700,서교동 365-1,126.9222448191466555_37.5539062487640578,1130005309,서교푸르지오아파트,126.9225016470744691_37.5542843540505018,48.0,18.0,서행,126.9225016470744691_37.5542843540505018|126.9222449850932577_37.5539064976814032|126.9222448191466555_37.5539062487640578
2026-09-04T09:00:31.559343+09:00,강서한강공원,강서한강공원,POI085,KEY_1,1150103000,올림픽대로,1150051700,강서안내센터,126.8168617226006347_37.5859421297018841,1150051604,명성인테리어,126.8193906771097659_37.5849778885091084,248.0,33.0,서행,126.8193906771097659_37.5849778885091084|126.8191196709408928_37.5850751540521557|126.8183996940716156_37.5853415341712136|126.8174179597383215_37.5857138196225620|126.8168617226006347_37.5859421297018841
2026-09-04T09:00:31.559343+09:00,강서한강공원,강서한강공원,POI085,KEY_1,1150022400,인천국제공항고속도로,1150297800,최소노드배치점,126.8204153738163740_37.5848105303894116,1150007500,팔팔JC,126.8251458922897115_37.5821572405280335,521.0,75.3,원활,126.8251458922897115_37.5821572405280335|126.8242581309057471_37.5825988923992114|126.8225508326354287_37.5833403164188127|126.8222949416472147_37.5834700113225253|126.8220989259378939_37.5836060109654468|126.8219358934425145_37.5837398156667746|126.8217315846995774_37.5839640048093813|126.8215951501203733_37.5841385028620678|126.8214407374371433_37.5843128978739571|126.8213273924079374_37.5844195615005603|126.8211779927619034_37.5845367498505425|126.8209702243633359_37.5846464478467652|126.8207581882781767_37.5847310806041222|126.8205554011008189_37.5847871484738150|126.8204153738163740_37.5848105303894116
2026-09-04T09:00:31.559343+09:00,강서한강공원,강서한강공원,POI085,KEY_1,1150102400,양천로27길,1150268300,방화동 57-7,126.8189818773737016_37.5842896446790746,1150051603,명성인테리어,126.8193992844918085_37.5848574978405026,73.0,15.0,서행,126.8193992844918085_37.5848574978405026|126.8191354810659277_37.5845649348009871|126.8189882066549785_37.5842980469406385|126.8189818773737016_37.5842896446790746
2026-09-04T09:00:31.559343+09:00,강서한강공원,강서한강공원,POI085,KEY_1,1150102700,올림픽대로,1150051601,명성인테리어,126.8196931240858873_37.5848639111563685,1150051300,신우쌀상회,126.8210223077670520_37.5838477270534099,164.0,30.0,서행,126.8210223077670520_37.5838477270534099|126.8204550407689055_37.5843184565730155|126.8198365622038608_37.5848072925936592|126.8196931240858873_37.5848639111563685
2026-09-04T09:00:31.559343+09:00,강서한강공원,강서한강공원,POI085,KEY_1,1150408600,올림픽대로,1150297900,최소노드배치점,126.8204022238293049_37.5846952923594699,1150007500,팔팔JC,126.8251458922897115_37.5821572405280335,515.0,24.0,정체,126.8251458922897115_37.5821572405280335|126.8224711907430731_37.5832680578219396|126.8221978552422797_37.5833955305618943|126.8219883433806388_37.5835095435029132|126.8217840770615084_37.5836834979902079|126.8213507897844181_37.5842063933520194|126.8211989310714074_37.5843483886307084|126.8209774563604384_37.5845038083476410|126.8207390262142553_37.5846130431728156|126.8204197757882525_37.5846941616647499|126.8204022238293049_37.5846952923594699
2026-09-04T09:00:31.559343+09:00,강서한강공원,강서한강공원,POI085,KEY_1,1150437100,인천국제공항고속도로,1150298100,최소노드배치점,126.8216063582030131_37.5844601022409819,1150051400,방화대교(남측),126.8154876201350021_37.5837329496539851,561.0,91.4,원활,126.8154876201350021_37.5837329496539851|126.8156228199711535_37.5837019217106345|126.8162488559649717_37.5835902982088541|126.8168139068726958_37.5835510606755392|126.8176549474994061_37.5835257845014610|126.8183178182470101_37.5835660150861770|126.8189841860020408_37.5836543305607833|126.8195530571487097_37.5837543458256320|126.8200936823200351_37.5838910811882769|126.8210372379553377_37.5842098431123475|126.8215775845386446_37.5844440036353475|126.8216063582030131_37.5844601022409819
2026-09-04T09:00:31.559343+09:00,강서한강공원,강서한강공원,POI085,KEY_1,1150437200,인천국제공항고속도로,1150298000,최소노드배치점,126.8214760810631105_37.5846075682720340,1150149502,강서구-고양시덕양구,126.8266486163456932_37.5882576198968295,611.0,96.0,원활,126.8266486163456932_37.5882576198968295|126.8237771167596151_37.5861489077353781|126.8227472164407601_37.5853533062098677|126.8222253278242135_37.5850267596131147|126.8214760810631105_37.5846075682720340
2026-09-04T09:00:31.559343+09:00,고척돔,고척돔,POI086,KEY_2,1160001507,경인로,1160025205,구로소방서앞교차로,126.8646617438848239_37.4978600578237362,1160026904,구로소방서앞,126.8649481363168121_37.4980943173495334,36.0,33.0,원활,126.8649481363168121_37.4980943173495334|126.8646617438848239_37.4978600578237362
2026-09-04T09:00:31.559343+09:00,고척돔,고척돔,POI086,KEY_2,1160001608,경인로,1160026903,구로소방서앞,126.8650453464209704_37.4980188760107680,1160025202,구로소방서앞교차로,126.8647589542741940_37.4977846162542079,36.0,5.0,정체,126.8647589542741940_37.4977846162542079|126.8650453464209704_37.4980188760107680
2026-09-04T09:00:31.559343+09:00,고척돔,고척돔,POI086,KEY_2,1160001901,경인로,1160029303,고척교교차로,126.8716335382674743_37.4988496986391695,1160030602,동양미래대학앞교차로,126.8689427324677865_37.4994868075101664,248.0,10.0,정체,126.8689427324677865_37.4994868075101664|126.8711528967156568_37.4989518486928404|126.8715231913182890_37.4988650895980484|126.8716335382674743_37.4988496986391695
2026-09-04T09:00:31.559343+09:00,고척돔,고척돔,POI086,KEY_2,1160002001,경인로,1160030601,동양미래대학앞교차로,126.8689872290022862_37.4995890371950367,1160029304,고척교교차로,126.8716680741279674_37.4989546467396906,247.0,37.0,원활,126.8716680741279674_37.4989546467396906|126.8715541336007533_37.4989705391101751|126.8711911831498753_37.4990555772781562|126.8689872290022862_37.4995890371950367
2026-09-04T09:00:31.559343+09:00,고척돔,고척돔,POI086,KEY_2,1160002102,경인로,1160026901,구로소방서앞,126.8650507946293686_37.4981773243852032,1160030704,고척동 63-3,126.8674869579498932_37.4996940445519300,278.0,32.0,원활,126.8674869579498932_37.4996940445519300|126.8673777511500731_37.4996751499945233|126.8671788695642988_37.4996233133504546|126.8669493159061687_37.4995461947532931|126.8667640607105227_37.4994684400143257|126.8665382770592061_37.4993469206109040|126.8663359449855790_37.4992109715771136|126.8654632761091818_37.4985090881244290|126.8650507946293686_37.4981773243852032
2026-09-04T09:00:31.559343+09:00,고척돔,고척돔,POI086,KEY_2,1160002103,경인로,1160134900,고척동 63-3,126.8684174202034285_37.4996907760024811,1160030604,동양미래대학앞교차로,126.8687232996965832_37.4996421945641814,28.0,15.0,서행,126.8687232996965832_37.4996421945641814|126.8684174202034285_37.4996907760024811
2026-09-04T09:00:31.559343+09:00,고척돔,고척돔,POI086,KEY_2,1160002201,경인로,1160234100,고척동 63-5,126.8655596867435236_37.4984329974895232,1160026902,구로소방서앞,126.8651472056647407_37.4981012338396624,52.0,10.3,정체,126.8651472056647407_37.4981012338396624|126.8655596867435236_37.4984329974895232
2026-09-04T09:00:31.559343+09:00,고척돔,고척돔,POI086,KEY_2,1160002202,경인로,1160030603,동양미래대학앞교차로,126.8686779646894678_37.4995391473739801,1160030702,고척동 63-3,126.8676654321501900_37.4996121446361812,90.0,11.0,정체,126.8676654321501900_37.4996121446361812|126.8678069625456857_37.4996264010276690|126.8680461031747626_37.4996197405567102|126.8683009934756853_37.4995990198500522|126.8683908896466761_37.4995847422032185|126.8686779646894678_37.4995391473739801
2026-09-04T09:00:31.559343+09:00,고척돔,고척돔,POI086,KEY_2,1160014202,중앙로,1160125100,고척동 52-333,126.8646271411664230_37.4989471657823756,1160026901,구로소방서앞,126.8650507946293686_37.4981773243852032,93.0,14.0,정체,126.8650507946293686_37.4981773243852032|126.8648755784311248_37.4984981040910128|126.8646271411664230_37.4989471657823756
2026-09-04T09:00:31.559343+09:00,고척돔,고척돔,POI086,KEY_2,1160015701,안양천로537길,1160030604,동양미래대학앞교차로,126.8687232996965832_37.4996421945641814,1160038402,고척지하차도(북측),126.8699170172796187_37.5023839464348470,323.0,26.0,원활,126.8699170172796187_37.5023839464348470|126.8697728681989503_37.5021941044543823|126.8694643346875210_37.5013934109902394|126.8687232996965832_37.4996421945641814
2026-09-04T09:00:31.559343+09:00,고척돔,고척돔,POI086,KEY_2,1160015801,안양천로537길,1160038401,고척지하차도(북측),126.8700471287657763_37.5023532266215511,1160030601,동양미래대학앞교차로,126.8689872290022862_37.4995890371950367,322.0,33.3,원활,126.8689872290022862_37.4995890371950367|126.8697227149842348_37.5013271263434547|126.8700323395424050_37.5021306423309682|126.8700471287657763_37.5023532266215511
2026-09-04T09:00:31.559343+09:00,고척돔,고척돔,POI086,KEY_2,1160049000,안양천로,1160026001,고척지하차도(남측),126.8682164931016416_37.4980315828367239,2130015801,구로구-광명시,126.8683061872405204_37.4953711878066613,303.0,37.5,원활,126.8683061872405204_37.4953711878066613|126.8680791301081570_37.4959108832984143|126.8680192247021239_37.4961901165675542|126.8679713339188453_37.4963936246526259|126.8679416938823437_37.4965988803425390|126.8679353024971164_37.4968807087750235|126.8679467286440712_37.4970971053372253|126.8679814883963815_37.4974018031208942|126.8680806147528557_37.4977290078190819|126.8682164931016416_37.4980315828367239
2026-09-04T09:00:31.559343+09:00,고척돔,고척돔,POI086,KEY_2,1160049100,안양천로,2130015802,구로구-광명시,126.8681747476950505_37.4953419563867740,1160026002,고척지하차도(남측),126.8680887281871179_37.4980680227387566,310.0,45.5,원활,126.8680887281871179_37.4980680227387566|126.8679504014649098_37.4977599920923339|126.8678472427124149_37.4974194749191909|126.8678112852119142_37.4971042754339194|126.8677995486469570_37.4968820057548768|126.8678061330137012_37.4965917080895466|126.8678370716341277_37.4963774627470841|126.8678856475315513_37.4961710443316889|126.8679464131163144_37.4958878080200222|126.8681747476950505_37.4953419563867740
2026-09-04T09:00:31.559343+09:00,고척돔,고척돔,POI086,KEY_2,1160054400,안양천로,1160030602,동양미래대학앞교차로,126.8689427324677865_37.4994868075101664,1160026001,고척지하차도(남측),126.8682164931016416_37.4980315828367239,174.0,6.0,정체,126.8682164931016416_37.4980315828367239|126.8683718766255737_37.4982169168125878|126.8689427324677865_37.4994868075101664
2026-09-04T09:00:31.559343+09:00,고척돔,고척돔,POI086,KEY_2,1160054500,안양천로,1160026002,고척지하차도(남측),126.8680887281871179_37.4980680227387566,1160030603,동양미래대학앞교차로,126.8686779646894678_37.4995391473739801,172.0,35.5,원활,126.8686779646894678_37.4995391473739801|126.8681163619592382_37.4982898286822390|126.8680887281871179_37.4980680227387566
2026-09-04T09:00:31.559343+09:00,고척돔,고척돔,POI086,KEY_2,1160058300,경인로47길,1160030704,고척동 63-3,126.8674869579498932_37.4996940445519300,1160031102,동양미래대학교,126.8669875450639069_37.5000831480897503,62.0,2.0,정체,126.8669875450639069_37.5000831480897503|126.8673517388977388_37.4997995352371589|126.8674869579498932_37.4996940445519300
2026-09-04T09:00:31.559343+09:00,고척돔,고척돔,POI086,KEY_2,1160058400,경인로47길,1160031101,동양미래대학교,126.8672357269624626_37.5000410688331058,1160030701,고척동 63-3,126.8676484099707835_37.4997194117280301,51.0,21.0,서행,126.8676484099707835_37.4997194117280301|126.8674466402152063_37.4998768209931157|126.8672357269624626_37.5000410688331058
2026-09-04T09:00:31.559343+09:00,고척돔,고척돔,POI086,KEY_2,1160061600,안양천로,1160312300,최소노드배치점,126.8691669663092796_37.5001830167126542,1160026001,고척지하차도(남측),126.8682164931016416_37.4980315828367239,253.0,49.0,원활,126.8682164931016416_37.4980315828367239|126.8688997309864703_37.4995514775238874|126.8691669663092796_37.5001830167126542
2026-09-04T09:00:31.559343+09:00,광나루한강공원,광나루한강공원,POI087,KEY_3,1230005100,올림픽대로,1230052500,잠실대교JC,127.1008769588409706_37.5229114985517214,1230054000,올림픽대교남단IC,127.1051025385346520_37.5260799913631047,514.0,39.0,서행,127.1051025385346520_37.5260799913631047|127.1031412114076176_37.5243990994672458|127.1028266080407718_37.5241633671182342|127.1022828471172517_37.5237919497680679|127.1018469450196733_37.5234955300521236|127.1008769588409706_37.5229114985517214
2026-09-04T09:00:31.559343+09:00,광나루한강공원,광나루한강공원,POI087,KEY_3,1230005303,올림픽대로,1230056001,올림픽대교남단IC,127.1099294541211577_37.5335917221984587,1230056600,미성카센타,127.1133333362662370_37.5372311246279509,509.0,67.0,원활,127.1133333362662370_37.5372311246279509|127.1122417772533879_37.5363305814544859|127.1116797970572065_37.5358769804391983|127.1114369751523441_37.5356483557694247|127.1111851586531714_37.5354090108490368|127.1109647758809160_37.5351696358490798|127.1107848648134819_37.5349695574394744|127.1106138947897364_37.5347408627111747|127.1103754017710941_37.5343978047017046|127.1102043647706665_37.5341226232009859|127.1100737679640247_37.5338652841078755|127.1099294541211577_37.5335917221984587
2026-09-04T09:00:31.559343+09:00,광나루한강공원,광나루한강공원,POI087,KEY_3,1230005304,올림픽대로,1230056600,미성카센타,127.1133333362662370_37.5372311246279509,1240000703,송파구-강동구,127.1180715211807666_37.5411721498286326,606.0,68.8,원활,127.1180715211807666_37.5411721498286326|127.1178531270779786_37.5409665671253308|127.1174349307113829_37.5406093996140768|127.1157442858759907_37.5392200633587976|127.1133333362662370_37.5372311246279509
2026-09-04T09:00:31.559343+09:00,광나루한강공원,광나루한강공원,POI087,KEY_3,1230035900,강변북로.한가람로사이길,1230342900,최소노드배치점,127.1015149961345827_37.5246010575964561,1230052101,잠실대교JC,127.1014277624528717_37.5224635506086486,473.0,41.0,원활,127.1014277624528717_37.5224635506086486|127.1019012970064210_37.5227419164495544|127.1022293161336734_37.5229454568152008|127.1023955346630316_37.5230204059564443|127.1026425819513577_37.5231060119775464|127.1028940706044494_37.5231558555366931|127.1034374042296093_37.5232197458338632|127.1034778407937154_37.5232411659780993|127.1034868601301469_37.5232697648950335|127.1034734249590059_37.5232948074079431|127.1033926368200042_37.5233127576457974|127.1025529951041904_37.5232562760554629|127.1024721909816861_37.5232634983457274|127.1023734783107670_37.5233064941788044|127.1022972616788422_37.5233852285200129|127.1015149961345827_37.5246010575964561
2026-09-04T09:00:31.559343+09:00,광나루한강공원,광나루한강공원,POI087,KEY_3,1230037000,강동대로,1230002402,올림픽대교(남측),127.1085524663248947_37.5294043437257443,1230055300,올림픽대교JC,127.1070429303796345_37.5308586555323842,209.0,60.0,원활,127.1070429303796345_37.5308586555323842|127.1071826739481168_37.5307235038766933|127.1080659148240812_37.5298788826372558|127.1085524663248947_37.5294043437257443
2026-09-04T09:00:31.559343+09:00,광나루한강공원,광나루한강공원,POI087,KEY_3,1230037100,강동대로,1230055100,올림픽대교남단IC,127.1081706965742200_37.5299476979813633,1230002401,올림픽대교(남측),127.1086576634710497_37.5294727540513975,68.0,58.0,원활,127.1086576634710497_37.5294727540513975|127.1081706965742200_37.5299476979813633
2026-09-04T09:00:31.559343+09:00,광나루한강공원,광나루한강공원,POI087,KEY_3,1230090200,올림픽대로,1230054000,올림픽대교남단IC,127.1051025385346520_37.5260799913631047,1230055601,올림픽대교남단IC,127.1088850042010847_37.5302574334446248,576.0,63.0,원활,127.1088850042010847_37.5302574334446248|127.1087569682559320_37.5299831257084406|127.1086623868030614_37.5297829652675716|127.1085948294174557_37.5296399934726352|127.1085003472445152_37.5295077736948031|127.1082123774365158_37.5290860864164131|127.1079469834661637_37.5287501990476358|127.1075692455725772_37.5283464716297388|127.1067698727563737_37.5275344855949697|127.1051025385346520_37.5260799913631047
2026-09-04T09:00:31.559343+09:00,광나루한강공원,광나루한강공원,POI087,KEY_3,1230434400,천호대로,1230058100,천호대교,127.1159520970910961_37.5417466710169379,1230058302,광진구-강동구,127.1109540025240250_37.5431709639418898,469.0,55.3,원활,127.1109540025240250_37.5431709639418898|127.1159520970910961_37.5417466710169379
2026-09-04T09:00:31.559343+09:00,광나루한강공원,광나루한강공원,POI087,KEY_3,1230090400,올림픽대로,1230055601,올림픽대교남단IC,127.1088850042010847_37.5302574334446248,1230055100,올림픽대교남단IC,127.1081706965742200_37.5299476979813633,339.0,46.7,서행,127.1081706965742200_37.5299476979813633|127.1078345692699685_37.5304007809457758|127.1077032400517055_37.5306042495152852|127.1076712736896184_37.5307043059950090|127.1076482146884530_37.5308187018855577|127.1076699998539539_37.5309475558016175|127.1077233573010830_37.5310514745469277|127.1077813389797910_37.5311303664476981|127.1078887300662217_37.5312094231246149|127.1080142386506679_37.5312599212262654|127.1081398786947716_37.5312853793569801|127.1082745960005838_37.5312929811048477|127.1084543994672345_37.5312685359485343|127.1086209335816193_37.5312046974480467|127.1087245812778406_37.5311406499274369|127.1087878223726619_37.5310728913791465|127.1088422461959766_37.5309729085143360|127.1088832706566194_37.5308585715166814|127.1088927767297747_37.5307584399179603|127.1089025448454493_37.5306082268346017|127.1088850042010847_37.5302574334446248
2026-09-04T09:00:31.559343+09:00,광나루한강공원,광나루한강공원,POI087,KEY_3,1230090700,강동대로,1230055800,올림픽대교JC,127.1057403919076734_37.5322885127339063,1230055100,올림픽대교남단IC,127.1081706965742200_37.5299476979813633,337.0,68.5,원활,127.1081706965742200_37.5299476979813633|127.1072872786940309_37.5307924913453235|127.1057403919076734_37.5322885127339063
2026-09-04T09:00:31.559343+09:00,광나루한강공원,광나루한강공원,POI087,KEY_3,1230090800,올림픽대로,1230055800,올림픽대교JC,127.1057403919076734_37.5322885127339063,1230056001,올림픽대교남단IC,127.1099294541211577_37.5335917221984587,540.0,47.0,서행,127.1099294541211577_37.5335917221984587|127.1096262768232208_37.5330896658542983|127.1094795159279869_37.5328065769456458|127.1093907047227844_37.5326095338056689|127.1092454868847028_37.5323181025886257|127.1091476110435536_37.5321365306090513|127.1090762771443963_37.5320337463737346|127.1089958837828675_37.5319452405059266|127.1088587936477694_37.5318183898052453|127.1086976727481925_37.5317057689452653|127.1085573264984134_37.5316289886031740|127.1083751328115881_37.5315377602104405|127.1081748335834476_37.5314727050775119|127.1079863896938349_37.5314315378132548|127.1078277784543076_37.5314119318962369|127.1076302005832872_37.5313993521511904|127.1074384993772952_37.5314082537991993|127.1072706793245004_37.5314315449563765|127.1070547962320347_37.5314832934178995|127.1069138144955417_37.5315281360046669|127.1067757391387971_37.5315896821536654|127.1066526373526813_37.5316512776893703|127.1063641193078269_37.5318482588181652|127.1057403919076734_37.5322885127339063
2026-09-04T09:00:31.559343+09:00,광나루한강공원,광나루한강공원,POI087,KEY_3,1230091800,올림픽대로,1230056600,미성카센타,127.1133333362662370_37.5372311246279509,1230057400,천호대교JC,127.1157174036013373_37.5395156076707224,331.0,33.0,서행,127.1157174036013373_37.5395156076707224|127.1151468092735115_37.5390904403905097|127.1149641714684719_37.5389348300830221|127.1147295222956757_37.5387015434871998|127.1140182220692196_37.5379778060380431|127.1133333362662370_37.5372311246279509
2026-09-04T09:00:31.559343+09:00,광나루한강공원,광나루한강공원,POI087,KEY_3,1230091900,올림픽대로,1230056900,천호대교JC,127.1162142103148085_37.5388537608271946,1230057400,천호대교JC,127.1157174036013373_37.5395156076707224,178.0,29.0,정체,127.1157174036013373_37.5395156076707224|127.1154640026734057_37.5392882235603764|127.1153746464073464_37.5391925382371454|127.1153301531393680_37.5391089238801996|127.1153080896353629_37.5390313450269062|127.1153046362326791_37.5389746935386270|127.1153237071228119_37.5389061917311793|127.1153577047622036_37.5388466817326076|127.1154142265800857_37.5387753204867778|127.1154593628562139_37.5387337321685379|127.1155269466954394_37.5386951987887585|127.1156281753993653_37.5386657181129024|127.1157330715718530_37.5386511543116654|127.1158602757870142_37.5386664736148248|127.1159835987508444_37.5387086094438516|127.1162142103148085_37.5388537608271946
2026-09-04T09:00:31.559343+09:00,광나루한강공원,광나루한강공원,POI087,KEY_3,1230092600,올림픽대로,1230057400,천호대교JC,127.1157174036013373_37.5395156076707224,1240000704,송파구-강동구,127.1177702741646272_37.5412636326827069,266.0,52.0,원활,127.1177702741646272_37.5412636326827069|127.1173955639220026_37.5409316902013757|127.1157174036013373_37.5395156076707224
2026-09-04T09:00:31.559343+09:00,광나루한강공원,광나루한강공원,POI087,KEY_3,1230092900,올림픽대로,1230057400,천호대교JC,127.1157174036013373_37.5395156076707224,1230058100,천호대교,127.1159520970910961_37.5417466710169379,328.0,28.3,정체,127.1159520970910961_37.5417466710169379|127.1165541276385795_37.5414864175535428|127.1167530618793080_37.5413857073547419|127.1168245734631626_37.5413114132071115|127.1168848836948229_37.5412311204375655|127.1169340554431244_37.5411329051754237|127.1169495337675812_37.5410345809067465|127.1169499298096639_37.5409570747468919|127.1169242421861156_37.5408556359407726|127.1168686213662795_37.5407511192081316|127.1167570894564420_37.5405987236708256|127.1161827557995565_37.5400239001523843|127.1157174036013373_37.5395156076707224
2026-09-04T09:00:31.559343+09:00,광나루한강공원,광나루한강공원,POI087,KEY_3,1230093200,천호대로,1230425800,최소노드배치점,127.1206473646241477_37.5399649693936297,1230058100,천호대교,127.1159520970910961_37.5417466710169379,464.0,29.0,원활,127.1159520970910961_37.5417466710169379|127.1161491919131947_37.5416905000389676|127.1183256249000664_37.5410826767303547|127.1184867245484753_37.5410376841720819|127.1189581322967541_37.5408884029799665|127.1192856066919603_37.5407540814178731|127.1196722318756258_37.5405730840098570|127.1200712468310456_37.5403536063656276|127.1206473646241477_37.5399649693936297
2026-09-04T09:00:31.559343+09:00,광나루한강공원,광나루한강공원,POI087,KEY_3,1230093300,천호대로,1230058200,천호대교,127.1159661888353156_37.5418575359492053,1230057900,천호대교JC,127.1196303873800275_37.5407181431623798,348.0,56.0,원활,127.1196303873800275_37.5407181431623798|127.1193511805818588_37.5408488525534025|127.1190144651814933_37.5409869651035706|127.1185343214704062_37.5411390123457025|127.1183705829695612_37.5411847428288681|127.1161945568195506_37.5417924521301600|127.1159661888353156_37.5418575359492053
2026-09-04T09:00:31.559343+09:00,광나루한강공원,광나루한강공원,POI087,KEY_3,1230434300,천호대로,1230058301,광진구-강동구,127.1110000296090448_37.5432727264046662,1230058200,천호대교,127.1159661888353156_37.5418575359492053,466.0,35.0,원활,127.1159661888353156_37.5418575359492053|127.1110000296090448_37.5432727264046662
2026-09-04T09:00:31.559343+09:00,광나루한강공원,광나루한강공원,POI087,KEY_3,1240004002,수도권제1순환고속도로,1240030900,강일IC,127.1651625313621281_37.5734340461809779,1240030500,강일IC,127.1680363385314934_37.5723391779006377,337.0,57.7,원활,127.1680363385314934_37.5723391779006377|127.1679375057071582_37.5726668136497821|127.1678164127926607_37.5729466913235299|127.1676507446742903_37.5731429730831223|127.1673801822541492_37.5733449219623097|127.1671698867062048_37.5734695327726271|127.1669522874906590_37.5735523879642201|127.1666523159129412_37.5736290485050191|127.1663375230439925_37.5736698939382947|127.1660754297366083_37.5736512663853404|127.1656936991961686_37.5735846030556573|127.1651625313621281_37.5734340461809779
2026-09-04T09:00:31.559343+09:00,광나루한강공원,광나루한강공원,POI087,KEY_3,1240004102,수도권제1순환고속도로,1240031000,강일IC(북측),127.1634752871115808_37.5755388690718135,1240030400,강일IC(남측),127.1657495975126295_37.5728096914099865,363.0,91.0,원활,127.1657495975126295_37.5728096914099865|127.1634752871115808_37.5755388690718135
2026-09-04T09:00:31.559343+09:00,광나루한강공원,광나루한강공원,POI087,KEY_3,1240004302,수도권제1순환고속도로,1240030700,강일IC(남측),127.1653218540085248_37.5726985985708808,1240001800,강일IC(북측),127.1637915819941043_37.5745162605052201,243.0,72.0,원활,127.1637915819941043_37.5745162605052201|127.1653218540085248_37.5726985985708808
2026-09-04T09:00:31.559343+09:00,광나루한강공원,광나루한강공원,POI087,KEY_3,1240004400,수도권제1순환고속도로,1240031000,강일IC(북측),127.1634752871115808_37.5755388690718135,1240031100,강일IC,127.1691443708316314_37.5755176901044976,603.0,61.0,원활,127.1691443708316314_37.5755176901044976|127.1683515051425104_37.5752531339766875|127.1671551774036573_37.5747549149552498|127.1659813385120970_37.5742567467394366|127.1657045812182645_37.5741665325013443|127.1655548210494828_37.5741541845667157|127.1653750434233388_37.5741536743072615|127.1651876429522900_37.5741829540882151|127.1650151694652351_37.5742241986279737|127.1648275280877840_37.5743071350576443|127.1646248509363346_37.5744019528390112|127.1634752871115808_37.5755388690718135
2026-09-04T09:00:31.559343+09:00,광나루한강공원,광나루한강공원,POI087,KEY_3,1240004500,수도권제1순환고속도로,1249098300,최소노드배치점,127.1633568206802778_37.5726671424708130,1240031100,강일IC,127.1691443708316314_37.5755176901044976,604.0,58.0,원활,127.1691443708316314_37.5755176901044976|127.1684057617363095_37.5752141751109505|127.1677143859803891_37.5748694120681677|127.1668248690925651_37.5744435969194015|127.1660475110784745_37.5740657898579471|127.1652888200322025_37.5737029359402825|127.1637676876223964_37.5729831642507293|127.1636032703812162_37.5728992267665660|127.1634986974201382_37.5728333458983386|127.1634241141811543_37.5727615876864576|127.1633682832330834_37.5726839217883821|127.1633568206802778_37.5726671424708130
2026-09-04T09:00:31.559343+09:00,광나루한강공원,광나루한강공원,POI087,KEY_3,1240004800,수도권제1순환고속도로,1240030300,강일IC,127.1606499758005384_37.5714359568575702,1240001800,강일IC(북측),127.1637915819941043_37.5745162605052201,502.0,61.3,원활,127.1637915819941043_37.5745162605052201|127.1640728136204643_37.5738936067012759|127.1641112573887256_37.5736731197052549|127.1640745545810915_37.5735060768960238|127.1639705689491251_37.5733090325426957|127.1638363274989985_37.5731774845940123|127.1636796150773421_37.5730458730428509|127.1632012909007443_37.5728060257228620|127.1613554414870180_37.5718468130863954|127.1606499758005384_37.5714359568575702
2026-09-04T09:00:31.559343+09:00,광나루한강공원,광나루한강공원,POI087,KEY_3,1240041400,올림픽대로,1230058200,천호대교,127.1159661888353156_37.5418575359492053,1240017800,천호동480-7,127.1193551490127760_37.5429706223890776,366.0,45.7,서행,127.1193551490127760_37.5429706223890776|127.1191149729041570_37.5426412172727382|127.1186559044189437_37.5422152338548187|127.1184172538477384_37.5420284458060749|127.1182143981745298_37.5418703903455224|127.1180314731057592_37.5417684432610983|127.1178670693293213_37.5417053095727766|127.1176913435667331_37.5416600249226207|127.1175267263362656_37.5416386243567644|127.1173919531962753_37.5416381871796503|127.1171934003703683_37.5416643737201525|127.1159661888353156_37.5418575359492053
2026-09-04T09:00:31.559343+09:00,광나루한강공원,광나루한강공원,POI087,KEY_3,1240041700,올림픽대로,1240000704,송파구-강동구,127.1177702741646272_37.5412636326827069,1240017800,천호동480-7,127.1193551490127760_37.5429706223890776,237.0,48.0,서행,127.1193551490127760_37.5429706223890776|127.1191614498819717_37.5426306349992416|127.1189681247738150_37.5423646982119266|127.1186924398611637_37.5420984952193777|127.1182602045156358_37.5416976373432547|127.1177702741646272_37.5412636326827069
2026-09-04T09:00:31.559343+09:00,광나루한강공원,광나루한강공원,POI087,KEY_3,1240042100,올림픽대로,1240017800,천호동480-7,127.1193551490127760_37.5429706223890776,1240018300,상행4교,127.1200789348837787_37.5446471106927930,197.0,52.7,원활,127.1200789348837787_37.5446471106927930|127.1198037347710965_37.5439880095403069|127.1194795577771686_37.5432428947114047|127.1193551490127760_37.5429706223890776
2026-09-04T09:00:31.559343+09:00,광나루한강공원,광나루한강공원,POI087,KEY_3,1240042302,올림픽대로,1240032400,상행4교,127.1204348553451950_37.5446076809158882,1240020000,광나루안내센터앞,127.1217277682565907_37.5477735136945441,370.0,65.5,원활,127.1217277682565907_37.5477735136945441|127.1213840772890364_37.5468190353825406|127.1212036413887034_37.5463293298339167|127.1210368608753214_37.5459504616287774|127.1207574154174154_37.5453285505199403|127.1204348553451950_37.5446076809158882
2026-09-04T09:00:31.559343+09:00,광나루한강공원,광나루한강공원,POI087,KEY_3,1240042400,올림픽대로,1240018000,광진교(동측),127.1177651433606286_37.5433963082104114,1240018300,상행4교,127.1200789348837787_37.5446471106927930,276.0,43.7,서행,127.1200789348837787_37.5446471106927930|127.1196730132447357_37.5440734423594407|127.1195971491536056_37.5439730353192189|127.1195077699718183_37.5438797381744678|127.1194048407431296_37.5438007066636459|127.1189614043024676_37.5435381364146963|127.1187150792044207_37.5433870966714593|127.1185940715525788_37.5433294696328730|127.1184774296472852_37.5432968975747983|127.1183786120777057_37.5432930007483918|127.1182572765543597_37.5432997635863899|127.1177651433606286_37.5433963082104114
2026-09-04T09:00:31.559343+09:00,광나루한강공원,광나루한강공원,POI087,KEY_3,1240042800,올림픽대로,1240018300,상행4교,127.1200789348837787_37.5446471106927930,1240018200,천호대교JC,127.1211431987809704_37.5447471157151540,162.0,39.3,서행,127.1211431987809704_37.5447471157151540|127.1211604267792268_37.5448938392005402|127.1211239968275066_37.5449903077650191|127.1210651588128684_37.5450759737932458|127.1209840003271978_37.5451329487343273|127.1208984774984714_37.5451648695119218|127.1207950378878309_37.5451860010776883|127.1206871406906345_37.5451999633571774|127.1205703678194112_37.5451924340691718|127.1204761672079258_37.5451635135530495|127.1203911338036221_37.5450988491057771|127.1202036036161900_37.5448693016934172|127.1200789348837787_37.5446471106927930
2026-09-04T09:00:31.559343+09:00,광나루한강공원,광나루한강공원,POI087,KEY_3,1240043700,올림픽대로,1240018300,상행4교,127.1200789348837787_37.5446471106927930,1240020000,광나루안내센터앞,127.1217277682565907_37.5477735136945441,377.0,49.7,서행,127.1217277682565907_37.5477735136945441|127.1212759966970225_37.5469153604550527|127.1210049801465232_37.5463135111228326|127.1209069734959058_37.5461486431880829|127.1206662160814318_37.5457829894321264|127.1204255690761471_37.5453958723591228|127.1202696502783169_37.5451342307823310|127.1201275194644040_37.5448118206155357|127.1200789348837787_37.5446471106927930
2026-09-04T09:00:31.559343+09:00,광나루한강공원,광나루한강공원,POI087,KEY_3,1240045200,올림픽대로,1240020000,광나루안내센터앞,127.1217277682565907_37.5477735136945441,1240001200,경지리버캐슬,127.1230632962747364_37.5514363188395635,423.0,54.0,원활,127.1230632962747364_37.5514363188395635|127.1222773585622576_37.5492997494173082|127.1217277682565907_37.5477735136945441
2026-09-04T09:00:31.559343+09:00,광나루한강공원,광나루한강공원,POI087,KEY_3,1240047100,올림픽대로,1240001200,경지리버캐슬,127.1230632962747364_37.5514363188395635,1240023602,토끼굴입구교차로,127.1239139566358176_37.5547761552695221,378.0,37.0,서행,127.1239139566358176_37.5547761552695221|127.1238319581724454_37.5545467811282307|127.1236789988214184_37.5539882420447455|127.1233559075293158_37.5527137092216492|127.1230632962747364_37.5514363188395635
2026-09-04T09:00:31.559343+09:00,광나루한강공원,광나루한강공원,POI087,KEY_3,1240048400,올림픽대로,1240023601,토끼굴입구교차로,127.1239539812538482_37.5548831627873270,1240001404,토끼굴입구교차로,127.1250320763398065_37.5548511707998713,95.0,36.7,원활,127.1250320763398065_37.5548511707998713|127.1239539812538482_37.5548831627873270
2026-09-04T09:00:31.559343+09:00,광나루한강공원,광나루한강공원,POI087,KEY_3,1240049000,올림픽대로,1240001200,경지리버캐슬,127.1230632962747364_37.5514363188395635,1240025100,한강공원광나루지구앞,127.1269478033680542_37.5596504528202146,978.0,41.0,서행,127.1269478033680542_37.5596504528202146|127.1267496973602817_37.5593753265502670|127.1265066019370522_37.5590573372870296|127.1262273815180919_37.5586249595653143|127.1260337536956229_37.5583390999885367|127.1258490752626926_37.5580317751064641|127.1256418735539881_37.5576851390736692|127.1254301889410527_37.5573420834741540|127.1252499164838241_37.5569811156751996|127.1250966558760211_37.5566558768257437|127.1248848334649182_37.5562270003697236|127.1247360440222423_37.5558874529512821|127.1245781829503017_37.5554942767383437|127.1244112578118575_37.5550510486342262|127.1242397953772922_37.5545792183717495|127.1238473589382494_37.5535676683159139|127.1230632962747364_37.5514363188395635
2026-09-04T09:00:31.559343+09:00,광나루한강공원,광나루한강공원,POI087,KEY_3,1240055102,올림픽대로,1240090702,암사IC(동측),127.1362722116925994_37.5665738586957119,1240090901,암사IC,127.1394559378402249_37.5670778105045855,290.0,77.0,원활,127.1394559378402249_37.5670778105045855|127.1392235027427517_37.5670837960173998|127.1387484463464119_37.5670734478306017|127.1384095245911254_37.5670446840480778|127.1379356221320194_37.5669908429020794|127.1376427892064527_37.5669474737897886|127.1373686766040549_37.5669013071047218|127.1370990240938568_37.5668372561549120|127.1367978928529539_37.5667553608164653|127.1362722116925994_37.5665738586957119
2026-09-04T09:00:31.559343+09:00,광나루한강공원,광나루한강공원,POI087,KEY_3,1240055103,올림픽대로,1240090202,암사IC(서측),127.1308373655388664_37.5634694337541291,1240090702,암사IC(동측),127.1362722116925994_37.5665738586957119,594.0,72.0,원활,127.1362722116925994_37.5665738586957119|127.1359618092228487_37.5664666845864019|127.1356965859733208_37.5663668666233050|127.1352739684259205_37.5661742566018333|127.1347748760588274_37.5659209431275443|127.1340149204080774_37.5654891321954594|127.1334438721459890_37.5651858336020723|127.1329177577794809_37.5648860567984357|127.1325580067021122_37.5646719116931251|127.1321217855294492_37.5643970609068134|127.1316495417214725_37.5640721875436014|127.1313256970069148_37.5638365431922949|127.1308938962237960_37.5635151978296022|127.1308373655388664_37.5634694337541291
2026-09-04T09:00:31.559343+09:00,광나루한강공원,광나루한강공원,POI087,KEY_3,1240055104,올림픽대로,1240025100,한강공원광나루지구앞,127.1269478033680542_37.5596504528202146,1240090202,암사IC(서측),127.1308373655388664_37.5634694337541291,547.0,30.0,서행,127.1308373655388664_37.5634694337541291|127.1304395565809671_37.5631473897905153|127.1297692396458956_37.5625688430569511|127.1293553268536130_37.5621938351308913|127.1289548887118599_37.5618152340556080|127.1286624204853126_37.5615294868736953|127.1282079077977443_37.5610472428759650|127.1279469249624725_37.5607829142085734|127.1277579236502930_37.5605828724556119|127.1273528761989411_37.5601256030252131|127.1271323445065207_37.5598719561348560|127.1269478033680542_37.5596504528202146
2026-09-04T09:00:31.559343+09:00,광나루한강공원,광나루한강공원,POI087,KEY_3,1240057300,올림픽대로,1240030300,강일IC,127.1606499758005384_37.5714359568575702,1240030900,강일IC,127.1651625313621281_37.5734340461809779,456.0,73.3,원활,127.1651625313621281_37.5734340461809779|127.1632490113124447_37.5725223673562283|127.1606499758005384_37.5714359568575702
2026-09-04T09:00:31.559343+09:00,광나루한강공원,광나루한강공원,POI087,KEY_3,1240057500,서울양양고속도로,1240030900,강일IC,127.1651625313621281_37.5734340461809779,1240031100,강일IC,127.1691443708316314_37.5755176901044976,421.0,74.0,원활,127.1691443708316314_37.5755176901044976|127.1684720445243215_37.5751921035002070|127.1679862738846367_37.5749460640484614|127.1673070552934064_37.5745822937581835|127.1651625313621281_37.5734340461809779
2026-09-04T09:00:31.559343+09:00,광나루한강공원,광나루한강공원,POI087,KEY_3,1240059700,올림픽대로,1240017800,천호동480-7,127.1193551490127760_37.5429706223890776,1240032400,상행4교,127.1204348553451950_37.5446076809158882,206.0,60.0,원활,127.1204348553451950_37.5446076809158882|127.1201623800669296_37.5441394084785358|127.1198193379672148_37.5435695202564261|127.1196945642871015_37.5433687916018997|127.1195071488959343_37.5431177801974911|127.1193551490127760_37.5429706223890776
2026-09-04T09:00:31.559343+09:00,광나루한강공원,광나루한강공원,POI087,KEY_3,1240216500,올림픽대로,1240090202,암사IC(서측),127.1308373655388664_37.5634694337541291,1240090300,암사IC,127.1311901252658743_37.5637979024442927,48.0,55.0,원활,127.1311901252658743_37.5637979024442927|127.1310138827218452_37.5636337964583262|127.1308373655388664_37.5634694337541291
2026-09-04T09:00:31.559343+09:00,광나루한강공원,광나루한강공원,POI087,KEY_3,1240216700,올림픽대로,1240090300,암사IC,127.1311901252658743_37.5637979024442927,1240090500,암사IC,127.1329986169290862_37.5660652670102877,318.0,58.0,원활,127.1329986169290862_37.5660652670102877|127.1328953941539055_37.5659201364822906|127.1328683589674426_37.5657876034544600|127.1328605096152273_37.5656794288641009|127.1328678177050620_37.5654828603696558|127.1328713805042128_37.5653335298719071|127.1328673549299992_37.5652223038032886|127.1328537636253913_37.5651141329609501|127.1328152880906686_37.5650059928144842|127.1327730376240623_37.5649283303708970|127.1326867371606824_37.5648354806896165|127.1325793638164470_37.5647350366917578|127.1319258660842877_37.5643015086600727|127.1313737935168007_37.5639166927200563|127.1311901252658743_37.5637979024442927
2026-09-04T09:00:31.559343+09:00,광나루한강공원,광나루한강공원,POI087,KEY_3,1240217100,올림픽대로,1240090300,암사IC,127.1311901252658743_37.5637979024442927,1240090800,암사IC,127.1365972294102136_37.5651414590423798,693.0,55.3,원활,127.1365972294102136_37.5651414590423798|127.1366263498069742_37.5655247592747017|127.1366167971389984_37.5656929654523779|127.1365649460693987_37.5658421591015284|127.1365017738534391_37.5659610923698466|127.1364258738261981_37.5660542502193593|127.1363443474445631_37.5661507779322008|127.1362559045065979_37.5662221956221316|127.1361627886459758_37.5662828859782465|127.1360539698548564_37.5663292820469792|127.1359376504363468_37.5663766290928933|127.1358095231906304_37.5664104188161829|127.1356841884783364_37.5664318678621783|127.1355588365373990_37.5664432247464291|127.1354531846279627_37.5664411025320177|127.1353489279283622_37.5664356161090396|127.1352108326978083_37.5664111059951153|127.1350797559133667_37.5663731304233295|127.1349599506734194_37.5663351418212059|127.1347329831988588_37.5662412119071334|127.1345299467184589_37.5661371604368099|127.1342169603501446_37.5659917464286082|127.1340214186574826_37.5658947989163110|127.1335532128112504_37.5656929956492291|127.1332924858514275_37.5655570489759256|127.1331657550513938_37.5654850024289502|127.1330075339983523_37.5653758269636810|127.1328322008377683_37.5652387973408679|127.1326037771345341_37.5650332117797632|127.1323717324360416_37.5648140500230099|127.1322296265415730_37.5646762668406211|127.1320398864888830_37.5645135188209238|127.1318015860040163_37.5643079445266750|127.1315363565676506_37.5641031115349975|127.1313266480101163_37.5639559655156603|127.1311901252658743_37.5637979024442927
2026-09-04T09:00:31.559343+09:00,광나루한강공원,광나루한강공원,POI087,KEY_3,1240217200,올림픽대로,1240090701,암사IC(동측),127.1364229071871677_37.5663677147302906,1240090500,암사IC,127.1329986169290862_37.5660652670102877,429.0,25.0,정체,127.1329986169290862_37.5660652670102877|127.1329600232939043_37.5659203700531990|127.1329477880620686_37.5657735359934364|127.1329571774073059_37.5656667286276971|127.1329953312629755_37.5655656083791030|127.1330524000476601_37.5654702791231472|127.1331395872142025_37.5653680962422101|127.1332719276441736_37.5652471288348551|127.1334574976156517_37.5651451697874421|127.1336425154903651_37.5650873571503965|127.1338331574076790_37.5650681545166520|127.1339956210931490_37.5650678927528929|127.1341503653642917_37.5650884588409824|127.1343907537342943_37.5651804419851203|127.1347988979699153_37.5654176755140767|127.1361786059709686_37.5661791595674472|127.1364229071871677_37.5663677147302906
2026-09-04T09:00:31.559343+09:00,광나루한강공원,광나루한강공원,POI087,KEY_3,1240217300,올림픽대로,1240032202,암사IC,127.1348105358614475_37.5657190763764177,1240090702,암사IC(동측),127.1362722116925994_37.5665738586957119,536.0,49.0,서행,127.1362722116925994_37.5665738586957119|127.1355422138825730_37.5663616190620218|127.1348522274947328_37.5660240593168595|127.1342908298379797_37.5657067127172297|127.1341501924355697_37.5656478330757935|127.1340163428170911_37.5656032849037871|127.1338410826988223_37.5655780026662782|127.1336805566699155_37.5655762771312212|127.1335679829956007_37.5655935685079001|127.1334553318832974_37.5656328324409614|127.1333445177709223_37.5657000728031463|127.1332756414529683_37.5657719725260222|127.1332170858739090_37.5658548445979292|127.1331755937859640_37.5659449107621697|127.1331652662762650_37.5660414865934911|127.1331867609522135_37.5661374994450910|127.1332400486171395_37.5662272919825639|127.1333189293997492_37.5663054624892823|127.1334168092737400_37.5663671403775368|127.1335308265165622_37.5664115431693588|127.1336547605761496_37.5664370029105470|127.1337870236855281_37.5664456260945272|127.1339187209134565_37.5664270829611198|127.1340416062283367_37.5663864212405372|127.1341479884932824_37.5663306954828826|127.1342383507524829_37.5662603980275662|127.1343304101638694_37.5661885497603620|127.1344106509993281_37.5661070895429674|127.1348105358614475_37.5657190763764177
2026-09-04T09:00:31.559343+09:00,광나루한강공원,광나루한강공원,POI087,KEY_3,1240217600,올림픽대로,2210023201,구리암사대교(남측),127.1334726884199142_37.5674589454839420,1240090901,암사IC,127.1394559378402249_37.5670778105045855,575.0,59.3,원활,127.1394559378402249_37.5670778105045855|127.1391618742425180_37.5671175478771460|127.1387317818069249_37.5671512557337621|127.1381680858627021_37.5671271691521014|127.1378284097649924_37.5670932364760404|127.1374725327581388_37.5670450228944262|127.1372447989842129_37.5670107436991003|127.1369697781383366_37.5669581404343518|127.1367585584036846_37.5669140446188194|127.1365455306683003_37.5668628011187735|127.1363783400160372_37.5668179373993993|127.1362139303013947_37.5667647999988148|127.1360363612497935_37.5667022909636685|127.1358671842482835_37.5666359499810625|127.1357252808234790_37.5665890154760760|127.1355862061503359_37.5665495495053392|127.1354603154168927_37.5665272655413673|127.1352987581030334_37.5665184813906166|127.1351409859530435_37.5665253898261540|127.1350085934929695_37.5665449784701764|127.1348612114022671_37.5665847708890581|127.1347194891144881_37.5666380121291681|127.1345881243871787_37.5667061961113262|127.1344361688853581_37.5668140219592956|127.1342926771646944_37.5669293153423993|127.1341501309783979_37.5670475978779947|127.1339456741921055_37.5672093135944110|127.1334726884199142_37.5674589454839420
2026-09-04T09:00:31.559343+09:00,광나루한강공원,광나루한강공원,POI087,KEY_3,1240224500,구천면로,1249098600,최소노드배치점,127.1150320984369557_37.5442471099520390,1240018000,광진교(동측),127.1177651433606286_37.5433963082104114,259.0,42.0,원활,127.1177651433606286_37.5433963082104114|127.1150320984369557_37.5442471099520390
2026-09-04T09:00:31.559343+09:00,광나루한강공원,광나루한강공원,POI087,KEY_3,1240225700,양재대로,2210023201,구리암사대교(남측),127.1334726884199142_37.5674589454839420,1240032201,암사IC,127.1349194171493338_37.5657805051552458,226.0,67.5,원활,127.1349194171493338_37.5657805051552458|127.1347113561779594_37.5660250553624380|127.1343030318637659_37.5664722466768595|127.1334726884199142_37.5674589454839420
2026-09-04T09:00:31.559343+09:00,광나루한강공원,광나루한강공원,POI087,KEY_3,1240225800,양재대로,1240032202,암사IC,127.1348105358614475_37.5657190763764177,2210023202,구리암사대교(남측),127.1333607373298094_37.5673990317431219,226.0,73.5,원활,127.1333607373298094_37.5673990317431219|127.1339898006687719_37.5666507311606352|127.1345996182809017_37.5659635700386403|127.1347596556099120_37.5657752217915260|127.1348105358614475_37.5657190763764177
2026-09-04T09:00:31.559343+09:00,광나루한강공원,광나루한강공원,POI087,KEY_3,1249001300,올림픽대로,1249000900,강동고덕IC,127.1454005448970577_37.5666132262366972,1249001700,강동고덕IC,127.1492121179498014_37.5666314223501203,339.0,49.5,서행,127.1492121179498014_37.5666314223501203|127.1491517684305705_37.5666506266823532|127.1490891987170784_37.5666668338693199|127.1490241536903909_37.5666798852292416|127.1489563782325547_37.5666896220796218|127.1488856172266821_37.5666958857371682|127.1488116155573067_37.5666985175178283|127.1487538341527852_37.5666980124752143|127.1486939787477439_37.5666953082959765|127.1486319417171700_37.5666903380342205|127.1482595541863247_37.5666553171452406|127.1481842141033667_37.5666458129190204|127.1481029864332157_37.5666368475785077|127.1480166691343072_37.5666284947251015|127.1479105974525794_37.5666196220394184|127.1477999514545161_37.5666118000809703|127.1476859982637393_37.5666051457360766|127.1475700050023363_37.5665997758956252|127.1474532387909591_37.5665958074551938|127.1473534987606371_37.5665936099474820|127.1472549197459756_37.5665926015455014|127.1471742331369512_37.5665927226699523|127.1460812311838140_37.5666310345758490|127.1454005448970577_37.5666132262366972
2026-09-04T09:00:31.559343+09:00,광나루한강공원,광나루한강공원,POI087,KEY_3,1249004200,세종포천고속도로,1249003800,속성변화점,127.1538504256544826_37.5669421443272782,1249004200,강동고덕IC,127.1531229995195389_37.5684066576774143,177.0,14.0,정체,127.1531229995195389_37.5684066576774143|127.1535588105884784_37.5677732648299880|127.1535929995864933_37.5677180275478122|127.1536248360431784_37.5676632906555739|127.1536543679879827_37.5676090409917052|127.1536816434500565_37.5675552653944180|127.1537067104583940_37.5675019507018462|127.1537296170416482_37.5674490837518178|127.1537504112283159_37.5673966513820972|127.1537691410466238_37.5673446404302638|127.1537858545246706_37.5672930377337835|127.1538005996902143_37.5672418301299587|127.1538134245708846_37.5671910044559638|127.1538243771941552_37.5671405475488882|127.1538335055871727_37.5670904462456576|127.1538408577770412_37.5670406873831837|127.1538464817905947_37.5669912577981435|127.1538504256544826_37.5669421443272782
2026-09-04T09:00:31.559343+09:00,광나루한강공원,광나루한강공원,POI087,KEY_3,1249004300,세종포천고속도로,1249004000,고덕토평대교남측,127.1545591558637369_37.5669550891076014,1249004200,강동고덕IC,127.1531229995195389_37.5684066576774143,205.0,86.2,원활,127.1531229995195389_37.5684066576774143|127.1532135199928177_37.5683248961847838|127.1533046506330322_37.5682413080580773|127.1533960872386615_37.5681562109459009|127.1534875266374343_37.5680699219237368|127.1535786664171752_37.5679827576630743|127.1536691796681140_37.5678950588425877|127.1537810724618538_37.5677850763585255|127.1538909404785898_37.5676753577294917|127.1539982208116442_37.5675664961815983|127.1541023247567068_37.5674591108636875|127.1542026905767671_37.5673537932635924|127.1542798270779571_37.5672715179325110|127.1543538975981420_37.5671912761153450|127.1544245713835153_37.5671134180022293|127.1545591558637369_37.5669550891076014
2026-09-04T09:00:31.559343+09:00,광나루한강공원,광나루한강공원,POI087,KEY_3,1249004400,세종포천고속도로,1249004200,강동고덕IC,127.1531229995195389_37.5684066576774143,1249004300,속성변화점,127.1522537238791841_37.5691179051641413,110.0,62.0,원활,127.1522537238791841_37.5691179051641413|127.1523607796468411_37.5690333491446182|127.1525902903006937_37.5688563531528530|127.1526498118070663_37.5688094067240073|127.1527108078899033_37.5687602660624833|127.1527731575753677_37.5687090563237618|127.1528367244431763_37.5686559157201145|127.1529013741228908_37.5686009814704747|127.1529669738312691_37.5685443899934768|127.1530333557997778_37.5684863087568388|127.1531229995195389_37.5684066576774143
2026-09-04T09:00:31.559343+09:00,광나루한강공원,광나루한강공원,POI087,KEY_3,1249004900,세종포천고속도로,1249004700,속성변화점,127.1532558940064632_37.5685317270623784,1249004400,강동고덕IC,127.1543111086451745_37.5675084796111562,147.0,86.0,원활,127.1543111086451745_37.5675084796111562|127.1542642049294614_37.5675576974918073|127.1541590918255054_37.5676661240150978|127.1540508224112784_37.5677759894576084|127.1539399686044192_37.5678866927681128|127.1538271281338837_37.5679976069766965|127.1537357464921456_37.5680861473637577|127.1536437611318320_37.5681741204938291|127.1535514394082611_37.5682612423114790|127.1534590731802581_37.5683472047559022|127.1533669535522648_37.5684317001723187|127.1532753706052858_37.5685144214808062|127.1532558940064632_37.5685317270623784
2026-09-04T09:00:31.559343+09:00,광나루한강공원,광나루한강공원,POI087,KEY_3,1249005500,올림픽대로,1249004900,강동고덕IC,127.1556172088553183_37.5685808780140178,1249005100,강동고덕IC,127.1594245200947029_37.5708609109450435,442.0,55.0,원활,127.1594245200947029_37.5708609109450435|127.1588715773559244_37.5706859281288743|127.1580595927379278_37.5703110920263939|127.1579691582908254_37.5702726713072863|127.1578110747222468_37.5702093065536431|127.1569625645828836_37.5698849616775519|127.1565017725998672_37.5696886070384934|127.1564544256262366_37.5696560720357198|127.1564114406254049_37.5696225646814881|127.1563728176568731_37.5695880711070558|127.1563353706094972_37.5695489725379588|127.1563032017711521_37.5695086454000986|127.1562763112197274_37.5694670712322036|127.1562546990325870_37.5694242315722349|127.1562383652865975_37.5693801079574996|127.1561674568100102_37.5691095660189305|127.1561466169877406_37.5690521608998296|127.1561279777383930_37.5690062093171449|127.1561065119989706_37.5689596704125321|127.1560841316127437_37.5689180059745880|127.1560577006417532_37.5688766896133117|127.1560260854565882_37.5688363298500576|127.1559910932286499_37.5688002241587924|127.1559519866989518_37.5687672624400264|127.1559080286109520_37.5687363345928915|127.1558584817111210_37.5687063305148499|127.1556172088553183_37.5685808780140178
2026-09-04T09:00:31.559343+09:00,광나루한강공원,광나루한강공원,POI087,KEY_3,1249005600,세종포천고속도로,2219001400,강동구-구리시,127.1514647427795097_37.5699413360462344,1249004700,속성변화점,127.1532558940064632_37.5685317270623784,223.0,86.0,원활,127.1532558940064632_37.5685317270623784|127.1531846520407072_37.5685950277339202|127.1531172624208637_37.5686539907219981|127.1530506549390651_37.5687114516808691|127.1529849125477512_37.5687673145237468|127.1529201531859457_37.5688214521152730|127.1528564932069401_37.5688737381209066|127.1527940469153464_37.5689240471999000|127.1527329440634304_37.5689722409552118|127.1525034848036881_37.5691491975690255|127.1523967485271243_37.5692335013670586|127.1522547258818037_37.5693439987906217|127.1520462644153895_37.5695038996392867|127.1517314946208330_37.5697420983592494|127.1514647427795097_37.5699413360462344
2026-09-04T09:00:31.559343+09:00,광나루한강공원,광나루한강공원,POI087,KEY_3,2210114600,수도권제1순환고속도로,2219109600,최소노드배치점,127.1609957002902433_37.5785547087026899,1240031000,강일IC(북측),127.1634752871115808_37.5755388690718135,400.0,97.5,원활,127.1634752871115808_37.5755388690718135|127.1610498332658210_37.5784891172327278|127.1609957002902433_37.5785547087026899
2026-09-04T09:00:31.559343+09:00,광나루한강공원,광나루한강공원,POI087,KEY_3,2219001100,세종포천고속도로,1249004300,속성변화점,127.1522537238791841_37.5691179051641413,2219001300,강동구-구리시,127.1512993803769831_37.5698423595654631,117.0,81.0,원활,127.1512993803769831_37.5698423595654631|127.1515915337838010_37.5696241497645218|127.1519053223385924_37.5693866939154546|127.1521127670735893_37.5692275731775283|127.1522537238791841_37.5691179051641413
2026-09-04T09:00:31.559343+09:00,광화문광장,광화문광장,POI088,KEY_4,1000001302,종로,1000009700,종로1가1-3,126.9777559525715844_37.5702421551131351,1000008804,광화문우체국,126.9784336631558119_37.5702494972367163,60.0,15.0,서행,126.9784336631558119_37.5702494972367163|126.9779432056922133_37.5702453112944994|126.9777559525715844_37.5702421551131351
2026-09-04T09:00:31.559343+09:00,광화문광장,광화문광장,POI088,KEY_4,1000000902,새문안로,1000008401,신문로1가141,126.9756642084840337_37.5702188245241615,1000009300,세종로208,126.9762005801091362_37.5702231750732523,47.0,37.0,원활,126.9762005801091362_37.5702231750732523|126.9756642084840337_37.5702188245241615
2026-09-04T09:00:31.559343+09:00,광화문광장,광화문광장,POI088,KEY_4,1000000903,새문안로,1000214200,세종대로사거리,126.9766244379145377_37.5702266110763219,1000009004,세종대로사거리,126.9769755542479714_37.5702294562480148,31.0,34.0,원활,126.9769755542479714_37.5702294562480148|126.9766244379145377_37.5702266110763219
2026-09-04T09:00:31.559343+09:00,광화문광장,광화문광장,POI088,KEY_4,1000001301,종로,1000009001,세종대로사거리,126.9771187019505163_37.5702314111293560,1000009700,종로1가1-3,126.9777559525715844_37.5702421551131351,56.0,16.0,서행,126.9777559525715844_37.5702421551131351|126.9771187019505163_37.5702314111293560
2026-09-04T09:00:31.559343+09:00,광화문광장,광화문광장,POI088,KEY_4,1000001402,종로,1000008803,광화문우체국,126.9784351192109852_37.5701413844145975,1000008000,동아일보사,126.9777588281918099_37.5701340596360964,60.0,13.0,정체,126.9777588281918099_37.5701340596360964|126.9779453713088060_37.5701372048683524|126.9784351192109852_37.5701413844145975
2026-09-04T09:00:31.559343+09:00,광화문광장,광화문광장,POI088,KEY_4,1000008305,사직로8길,1000030902,세종로공원,126.9763299470461675_37.5743620222710391,1000016700,광화문,126.9763532157447088_37.5747826865806687,47.0,26.0,원활,126.9763532157447088_37.5747826865806687|126.9763299470461675_37.5743620222710391
2026-09-04T09:00:31.559343+09:00,광화문광장,광화문광장,POI088,KEY_4,1000008306,사직로8길,1000030901,세종로공원,126.9763653836261312_37.5741476322646690,1000030902,세종로공원,126.9763299470461675_37.5743620222710391,24.0,17.0,서행,126.9763299470461675_37.5743620222710391|126.9763653836261312_37.5741476322646690
2026-09-04T09:00:31.559343+09:00,광화문광장,광화문광장,POI088,KEY_4,1000008403,세종대로,1000178600,세종로 84-12,126.9773435970436708_37.5716353187199061,1000010301,주한네덜란드대사관,126.9773205016073234_37.5708618739457165,86.0,28.0,원활,126.9773205016073234_37.5708618739457165|126.9773435970436708_37.5716353187199061
2026-09-04T09:00:31.559343+09:00,광화문광장,광화문광장,POI088,KEY_4,1000008404,세종대로,1000031103,대한민국역사박물관,126.9772668410657133_37.5742389331108342,1000013701,미국대사관,126.9773127388234570_37.5727861811112405,161.0,9.0,정체,126.9773127388234570_37.5727861811112405|126.9772668410657133_37.5742389331108342
2026-09-04T09:00:31.559343+09:00,광화문광장,광화문광장,POI088,KEY_4,1000008405,세종대로,1000031102,대한민국역사박물관,126.9772570032702248_37.5744554912241924,1000031103,대한민국역사박물관,126.9772668410657133_37.5742389331108342,24.0,12.0,정체,126.9772668410657133_37.5742389331108342|126.9772570032702248_37.5744554912241924
2026-09-04T09:00:31.559343+09:00,광화문광장,광화문광장,POI088,KEY_4,1000008406,세종대로,1000013701,미국대사관,126.9773127388234570_37.5727861811112405,1000013702,미국대사관,126.9773159428094118_37.5726780742018107,12.0,5.0,정체,126.9773159428094118_37.5726780742018107|126.9773127388234570_37.5727861811112405
2026-09-04T09:00:31.559343+09:00,광화문광장,광화문광장,POI088,KEY_4,1000009901,사직로8길,1000015501,정부중앙청사별관,126.9745359191347660_37.5741633893777163,1000015902,중앙지하차도(서측),126.9756117227963585_37.5742176029672024,95.0,15.0,서행,126.9756117227963585_37.5742176029672024|126.9745359191347660_37.5741633893777163
2026-09-04T09:00:31.559343+09:00,광화문광장,광화문광장,POI088,KEY_4,1000009902,사직로8길,1000015902,중앙지하차도(서측),126.9756117227963585_37.5742176029672024,1000030902,세종로공원,126.9763299470461675_37.5743620222710391,66.0,25.5,원활,126.9763299470461675_37.5743620222710391|126.9758706991731145_37.5743046632961182|126.9756117227963585_37.5742176029672024
2026-09-04T09:00:31.559343+09:00,광화문광장,광화문광장,POI088,KEY_4,1000009903,사직로8길,1000031102,대한민국역사박물관,126.9772570032702248_37.5744554912241924,1000016202,중앙지하차도(동측),126.9780305337901893_37.5744492911494277,69.0,4.0,정체,126.9780305337901893_37.5744492911494277|126.9777525987565241_37.5744864077288838|126.9772766588325226_37.5744570835161937|126.9772570032702248_37.5744554912241924
2026-09-04T09:00:31.559343+09:00,광화문광장,광화문광장,POI088,KEY_4,1000009904,사직로8길,1000016202,중앙지하차도(동측),126.9780305337901893_37.5744492911494277,1000016107,정부합동민원실,126.9784461006803866_37.5744659883513918,37.0,23.7,서행,126.9784461006803866_37.5744659883513918|126.9780305337901893_37.5744492911494277
2026-09-04T09:00:31.559343+09:00,광화문광장,광화문광장,POI088,KEY_4,1000010001,사직로8길,1000015901,중앙지하차도(서측),126.9756254491522043_37.5741101153048476,1000015502,정부중앙청사별관,126.9745471372090009_37.5740556283939924,95.0,9.0,정체,126.9745471372090009_37.5740556283939924|126.9756254491522043_37.5741101153048476
2026-09-04T09:00:31.559343+09:00,광화문광장,광화문광장,POI088,KEY_4,1000010002,사직로8길,1000030901,세종로공원,126.9763653836261312_37.5741476322646690,1000015901,중앙지하차도(서측),126.9756254491522043_37.5741101153048476,66.0,17.0,서행,126.9756254491522043_37.5741101153048476|126.9759083891116944_37.5740905296920999|126.9763653836261312_37.5741476322646690
2026-09-04T09:00:31.559343+09:00,광화문광장,광화문광장,POI088,KEY_4,1000010003,사직로8길,1000016201,중앙지하차도(동측),126.9780392001640763_37.5743414013185841,1000031103,대한민국역사박물관,126.9772668410657133_37.5742389331108342,70.0,17.0,서행,126.9772668410657133_37.5742389331108342|126.9773009030501640_37.5742416927750185|126.9777735667203871_37.5742708146941595|126.9780392001640763_37.5743414013185841
2026-09-04T09:00:31.559343+09:00,광화문광장,광화문광장,POI088,KEY_4,1000010004,사직로8길,1000016106,정부합동민원실,126.9784265292035883_37.5743569447684180,1000016201,중앙지하차도(동측),126.9780392001640763_37.5743414013185841,34.0,7.0,정체,126.9780392001640763_37.5743414013185841|126.9784265292035883_37.5743569447684180
2026-09-04T09:00:31.559343+09:00,광화문광장,광화문광장,POI088,KEY_4,1000010600,새문안로5길,1000019302,정부서울청사사거리,126.9743957431224146_37.5756988655088620,1000015501,정부중앙청사별관,126.9745359191347660_37.5741633893777163,171.0,10.0,정체,126.9745359191347660_37.5741633893777163|126.9745251838795923_37.5743178497332622|126.9743883747213147_37.5754949317932088|126.9743883466303203_37.5755769520238516|126.9743957431224146_37.5756988655088620
2026-09-04T09:00:31.559343+09:00,광화문광장,광화문광장,POI088,KEY_4,1000011101,종로1길,1000061700,세종로 23-3,126.9788627671283336_37.5751151643689312,1000018300,경복궁사거리,126.9791985772177298_37.5755559719213679,57.0,16.0,서행,126.9791985772177298_37.5755559719213679|126.9791278841071005_37.5754329070121216|126.9790835784237970_37.5753764590680319|126.9788627671283336_37.5751151643689312
2026-09-04T09:00:31.559343+09:00,광화문광장,광화문광장,POI088,KEY_4,1000011102,종로1길,1000018300,경복궁사거리,126.9791985772177298_37.5755559719213679,1000019703,경복궁사거리,126.9793107532419185_37.5757813746508091,27.0,16.0,서행,126.9793107532419185_37.5757813746508091|126.9791985772177298_37.5755559719213679
2026-09-04T09:00:31.559343+09:00,광화문광장,광화문광장,POI088,KEY_4,1000011202,종로1길,1000019702,경복궁사거리,126.9794701198467664_37.5758080047390521,1000018200,경복궁,126.9792457576218681_37.5753789068622197,52.0,7.0,정체,126.9792457576218681_37.5753789068622197|126.9793010192322811_37.5754682222458030|126.9794701198467664_37.5758080047390521
2026-09-04T09:00:31.559343+09:00,광화문광장,광화문광장,POI088,KEY_4,1000011700,사직로,1000019303,정부서울청사사거리,126.9742603998069796_37.5757097304571062,1000019802,경복궁역사거리,126.9727094012703503_37.5758424186585529,138.0,8.5,정체,126.9727094012703503_37.5758424186585529|126.9729390930378230_37.5758227698022793|126.9733793101036952_37.5757851103966303|126.9742603998069796_37.5757097304571062
2026-09-04T09:00:31.559343+09:00,광화문광장,광화문광장,POI088,KEY_4,1000011800,사직로,1000242400,적선동 8-1,126.9733938280741512_37.5758926104395314,1000019304,정부서울청사사거리,126.9742589191568953_37.5758185992423250,77.0,20.5,서행,126.9742589191568953_37.5758185992423250|126.9733938280741512_37.5758926104395314
2026-09-04T09:00:31.559343+09:00,광화문광장,광화문광장,POI088,KEY_4,1000012001,사직로,1000018500,광화문,126.9756248255992830_37.5755943672526271,1000019302,정부서울청사사거리,126.9743957431224146_37.5756988655088620,109.0,12.0,정체,126.9743957431224146_37.5756988655088620|126.9754810818243271_37.5756177185546321|126.9756248255992830_37.5755943672526271
2026-09-04T09:00:31.559343+09:00,광화문광장,광화문광장,POI088,KEY_4,1000012101,사직로,1000003601,광화문삼거리,126.9772026040190127_37.5752961563211159,1000020200,경복궁,126.9786283706113750_37.5757946408291801,142.0,13.0,정체,126.9786283706113750_37.5757946408291801|126.9780494814518477_37.5757270176835334|126.9778051553330869_37.5756687993840117|126.9775841152535918_37.5755595455980540|126.9773389726312587_37.5753713360195221|126.9772665949307680_37.5753228898854132|126.9772026040190127_37.5752961563211159
2026-09-04T09:00:31.559343+09:00,광화문광장,광화문광장,POI088,KEY_4,1000012102,사직로,1000020200,경복궁,126.9786283706113750_37.5757946408291801,1000019704,경복궁사거리,126.9793621536958312_37.5759001150550986,66.0,13.0,정체,126.9793621536958312_37.5759001150550986|126.9791440605087161_37.5758645700478056|126.9786283706113750_37.5757946408291801
2026-09-04T09:00:31.559343+09:00,광화문광장,광화문광장,POI088,KEY_4,1000012201,사직로,1000018900,광화문,126.9779451863085598_37.5756050720602488,1000003602,광화문삼거리,126.9772110255811555_37.5752034687002023,79.0,16.0,서행,126.9772110255811555_37.5752034687002023|126.9772928511832646_37.5752335458452649|126.9773935570080141_37.5752794922773816|126.9776603729761888_37.5754731005354259|126.9778509223909992_37.5755747642951761|126.9779451863085598_37.5756050720602488
2026-09-04T09:00:31.559343+09:00,광화문광장,광화문광장,POI088,KEY_4,1000012202,사직로,1000019100,경복궁,126.9786480964121154_37.5756876675167888,1000018900,광화문,126.9779451863085598_37.5756050720602488,63.0,9.0,정체,126.9779451863085598_37.5756050720602488|126.9786480964121154_37.5756876675167888
2026-09-04T09:00:31.559343+09:00,광화문광장,광화문광장,POI088,KEY_4,1000012203,사직로,1000019703,경복궁사거리,126.9793107532419185_37.5757813746508091,1000019100,경복궁,126.9786480964121154_37.5756876675167888,59.0,12.0,정체,126.9786480964121154_37.5756876675167888|126.9791690991976765_37.5757582877498706|126.9793107532419185_37.5757813746508091
2026-09-04T09:00:31.559343+09:00,광화문광장,광화문광장,POI088,KEY_4,1000012502,사직로,1000224600,내자동 35,126.9704050096786716_37.5761139325286422,1000019804,경복궁역사거리,126.9725583211622109_37.5759627912727225,191.0,19.0,서행,126.9725583211622109_37.5759627912727225|126.9704050096786716_37.5761139325286422
2026-09-04T09:00:31.559343+09:00,광화문광장,광화문광장,POI088,KEY_4,1000015201,효자로,1000022102,한글전각갤러리,126.9739017858953645_37.5793498869892204,1000019301,정부서울청사사거리,126.9743957935852450_37.5758074664167268,396.0,26.0,원활,126.9743957935852450_37.5758074664167268|126.9743764184428017_37.5760755345660726|126.9743092662572082_37.5764778948295017|126.9741719066146146_37.5773009081164844|126.9741268698984413_37.5775378120208856|126.9740611119599407_37.5778837117652031|126.9740177174622744_37.5782830491677231|126.9739017858953645_37.5793498869892204
2026-09-04T09:00:31.559343+09:00,광화문광장,광화문광장,POI088,KEY_4,1000015401,자하문로,1000140900,통의동 139,126.9725715057905830_37.5765777524989346,1000019801,경복궁역사거리,126.9726968257656665_37.5759522364072183,70.0,26.5,원활,126.9726968257656665_37.5759522364072183|126.9726385507227491_37.5763288934255186|126.9725895796281208_37.5765259070172135|126.9725715057905830_37.5765777524989346
2026-09-04T09:00:31.559343+09:00,광화문광장,광화문광장,POI088,KEY_4,1000029000,삼봉로,1000013504,주한미국대사관,126.9784467211068915_37.5726032215874994,1000013702,미국대사관,126.9773159428094118_37.5726780742018107,102.0,6.0,정체,126.9773159428094118_37.5726780742018107|126.9782512339889990_37.5726820504358230|126.9783129244980984_37.5726656952107234|126.9784467211068915_37.5726032215874994
2026-09-04T09:00:31.559343+09:00,광화문광장,광화문광장,POI088,KEY_4,1000029100,삼봉로,1000013701,미국대사관,126.9773127388234570_37.5727861811112405,1000013506,주한미국대사관,126.9785034818852267_37.5727020694592397,108.0,8.0,정체,126.9785034818852267_37.5727020694592397|126.9783693699185818_37.5727646906777721|126.9782729085429054_37.5727902630233856|126.9773127388234570_37.5727861811112405
2026-09-04T09:00:31.559343+09:00,광화문광장,광화문광장,POI088,KEY_4,1000032100,사직로8길,1000016201,중앙지하차도(동측),126.9780392001640763_37.5743414013185841,1000015901,중앙지하차도(서측),126.9756254491522043_37.5741101153048476,215.0,6.0,정체,126.9756254491522043_37.5741101153048476|126.9761957492264486_37.5741735473063159|126.9766215660821871_37.5742181343338189|126.9771926297512294_37.5742872595378330|126.9772948428578871_37.5742955404616978|126.9780392001640763_37.5743414013185841
2026-09-04T09:00:31.559343+09:00,광화문광장,광화문광장,POI088,KEY_4,1000032200,사직로8길,1000015902,중앙지하차도(서측),126.9756117227963585_37.5742176029672024,1000016202,중앙지하차도(동측),126.9780305337901893_37.5744492911494277,215.0,26.0,원활,126.9780305337901893_37.5744492911494277|126.9772827190510327_37.5744032358319444|126.9771755284284893_37.5743945520917961|126.9766024909210955_37.5743251885524288|126.9761774658537661_37.5742806845081674|126.9756117227963585_37.5742176029672024
2026-09-04T09:00:31.559343+09:00,광화문광장,광화문광장,POI088,KEY_4,1000033500,사직로8길,1000016700,광화문,126.9763532157447088_37.5747826865806687,1000018500,광화문,126.9756248255992830_37.5755943672526271,120.0,15.0,서행,126.9756248255992830_37.5755943672526271|126.9757224088591272_37.5755618208710729|126.9758504305735158_37.5754900338429323|126.9760508643001629_37.5753564685578638|126.9761754799532412_37.5752709023523934|126.9762520914758284_37.5751999395367235|126.9763079793872578_37.5751369053768087|126.9763381579947321_37.5750888967285448|126.9763591702643026_37.5749970467265655|126.9763532157447088_37.5747826865806687
2026-09-04T09:00:31.559343+09:00,광화문광장,광화문광장,POI088,KEY_4,1000034400,새문안로3길,1000018004,서울특별시경찰청,126.9726181216856418_37.5753302820372284,1000019803,경복궁역사거리,126.9725722748504069_37.5758532725264089,58.0,21.0,서행,126.9725722748504069_37.5758532725264089|126.9726181216856418_37.5753302820372284
2026-09-04T09:00:31.559343+09:00,광화문광장,광화문광장,POI088,KEY_4,1000034500,새문안로3길,1000019802,경복궁역사거리,126.9727094012703503_37.5758424186585529,1000018001,서울특별시경찰청,126.9727536370288590_37.5753378072978137,56.0,13.0,정체,126.9727536370288590_37.5753378072978137|126.9727094012703503_37.5758424186585529
2026-09-04T09:00:31.559343+09:00,광화문광장,광화문광장,POI088,KEY_4,1000034600,종로1길,1000018300,경복궁사거리,126.9791985772177298_37.5755559719213679,1000019100,경복궁,126.9786480964121154_37.5756876675167888,52.0,20.0,서행,126.9786480964121154_37.5756876675167888|126.9788862592677674_37.5756563323175570|126.9790599923662171_37.5756153599018674|126.9791438638352332_37.5755915362356276|126.9791953891944161_37.5755648461559062|126.9791985772177298_37.5755559719213679
2026-09-04T09:00:31.559343+09:00,광화문광장,광화문광장,POI088,KEY_4,1000034900,율곡로,1000019401,경복궁,126.9801381644492011_37.5758813627365100,1000018200,경복궁,126.9792457576218681_37.5753789068622197,101.0,17.0,서행,126.9792457576218681_37.5753789068622197|126.9793355830232144_37.5754952608411301|126.9794316395642397_37.5755988334256017|126.9795071017629624_37.5756589212616419|126.9796274882100420_37.5757347490756146|126.9797877149027556_37.5758145479697703|126.9801381644492011_37.5758813627365100
2026-09-04T09:00:31.559343+09:00,광화문광장,광화문광장,POI088,KEY_4,1000035200,사직로,1000020200,경복궁,126.9786283706113750_37.5757946408291801,1000020600,대한출판문화협회,126.9794687888132074_37.5765544121067592,118.0,13.0,정체,126.9794687888132074_37.5765544121067592|126.9794368084534142_37.5764098329770562|126.9791960602808700_37.5761637733622180|126.9789750836954596_37.5759177176703147|126.9788694300669647_37.5758537146814078|126.9786283706113750_37.5757946408291801
2026-09-04T09:00:31.559343+09:00,광화문광장,광화문광장,POI088,KEY_4,1000046900,새문안로5길,1000012006,국토매일신문,126.9746696177836469_37.5730735623354022,1000032002,세종문화회관,126.9758250290710748_37.5731209316015295,105.0,12.0,정체,126.9758250290710748_37.5731209316015295|126.9757824820902385_37.5730812205397768|126.9757224844348826_37.5730583643911942|126.9746696177836469_37.5730735623354022
2026-09-04T09:00:31.559343+09:00,국립중앙박물관·용산가족공원,국립중앙박물관·용산가족공원,POI089,KEY_1,1020002703,동작대로,1020008300,동작대교(북측),126.9831231263510745_37.5186454299299683,1020008900,용산동6가68-2,126.9856244599082515_37.5199353315508191,345.0,37.0,원활,126.9856244599082515_37.5199353315508191|126.9851520657106505_37.5199330133943860|126.9849590223187761_37.5199222607252665|126.9844517234037795_37.5198792847619202|126.9837468776516687_37.5198934932959531|126.9834415949089248_37.5198934508918427|126.9833114065726534_37.5198684018021069|126.9832395884266276_37.5198111779369654|126.9831857329131708_37.5197325009994032|126.9831678001106070_37.5196216471319275|126.9831589769449067_37.5189315044776635|126.9831231263510745_37.5186454299299683
2026-09-04T09:00:31.559343+09:00,국립중앙박물관·용산가족공원,국립중앙박물관·용산가족공원,POI089,KEY_1,1020003501,서빙고로,1020008900,용산동6가68-2,126.9856244599082515_37.5199353315508191,1020009600,서빙고역1번출구,126.9892206338615068_37.5202953174309997,322.0,41.5,원활,126.9892206338615068_37.5202953174309997|126.9874372796063824_37.5202347577893534|126.9869599767637851_37.5201713421180116|126.9861687618297594_37.5200308704333310|126.9856244599082515_37.5199353315508191
2026-09-04T09:00:31.559343+09:00,국립중앙박물관·용산가족공원,국립중앙박물관·용산가족공원,POI089,KEY_1,1020003600,서빙고로,1020009803,서빙고역앞교차로,126.9906263345553441_37.5201827478191134,1020009100,용산동6가68-28,126.9856485208616874_37.5198269672326532,444.0,19.0,서행,126.9856485208616874_37.5198269672326532|126.9861984039574878_37.5199253592339943|126.9869859291069929_37.5200651761878134|126.9874513924203825_37.5201270182477344|126.9892261074465267_37.5201872858655250|126.9899322487584783_37.5202087064446914|126.9906263345553441_37.5201827478191134
2026-09-04T09:00:31.559343+09:00,국립중앙박물관·용산가족공원,국립중앙박물관·용산가족공원,POI089,KEY_1,1020003701,서빙고로,1020205300,최소노드배치점,126.9771318206997961_37.5215083602475872,1020013208,이촌역앞교차로,126.9721043872624193_37.5230255837811626,475.0,34.3,원활,126.9721043872624193_37.5230255837811626|126.9724396951435779_37.5229486320181209|126.9727996738355813_37.5228541381284799|126.9759261236798551_37.5218809031478742|126.9771318206997961_37.5215083602475872
2026-09-04T09:00:31.559343+09:00,국립중앙박물관·용산가족공원,국립중앙박물관·용산가족공원,POI089,KEY_1,1020003702,서빙고로,1020009100,용산동6가68-28,126.9856485208616874_37.5198269672326532,1020010400,용산동6가 69-17,126.9821380566905020_37.5199437901041364,315.0,39.0,원활,126.9821380566905020_37.5199437901041364|126.9826383095516746_37.5198210408598669|126.9829979071286772_37.5197577814862271|126.9832537786960671_37.5197221532927898|126.9834537822768112_37.5196943038870074|126.9841416316742198_37.5196883777421704|126.9845049125151775_37.5196974684270046|126.9850144834923640_37.5197426320869454|126.9856485208616874_37.5198269672326532
2026-09-04T09:00:31.559343+09:00,국립중앙박물관·용산가족공원,국립중앙박물관·용산가족공원,POI089,KEY_1,1020003800,서빙고로,1020132300,용산동6가 93-9,126.9832771544528640_37.5198286585956069,1020008900,용산동6가68-2,126.9856244599082515_37.5199353315508191,209.0,39.0,원활,126.9856244599082515_37.5199353315508191|126.9849957939445346_37.5198497634866399|126.9844952603327499_37.5198054001232961|126.9841402343862171_37.5197965168473218|126.9834662864089552_37.5198023232951812|126.9832771544528640_37.5198286585956069
2026-09-04T09:00:31.559343+09:00,난지한강공원,난지한강공원,POI090,KEY_2,1130006902,강변북로,1130199300,최소노드배치점,126.8729418117983414_37.5705812052893933,1130042800,가양대교,126.8697893429894208_37.5724082688915715,344.0,19.0,정체,126.8697893429894208_37.5724082688915715|126.8729418117983414_37.5705812052893933
2026-09-04T09:00:31.559343+09:00,난지한강공원,난지한강공원,POI090,KEY_2,1130006903,강변북로,1130042800,가양대교,126.8697893429894208_37.5724082688915715,1130045000,가양검문소,126.8655270720403223_37.5748441741929255,464.0,14.0,정체,126.8655270720403223_37.5748441741929255|126.8684984002298108_37.5731553579559545|126.8697893429894208_37.5724082688915715
2026-09-04T09:00:31.559343+09:00,난지한강공원,난지한강공원,POI090,KEY_2,1130023704,화곡로,1130043800,가양대교북측(남측),126.8640065465169613_37.5735408103049622,1130003102,가양대교북측(북측),126.8652734328428409_37.5751759287727651,213.0,22.0,서행,126.8652734328428409_37.5751759287727651|126.8650573893713869_37.5749071565173054|126.8640065465169613_37.5735408103049622
2026-09-04T09:00:31.559343+09:00,난지한강공원,난지한강공원,POI090,KEY_2,1130023804,화곡로,1130003101,가양대교북측(북측),126.8653879037502890_37.5751176402787053,1130043700,가양대교북측(남측),126.8641238491476031_37.5734862081748417,213.0,66.0,원활,126.8641238491476031_37.5734862081748417|126.8651729497332923_37.5748502250003824|126.8653879037502890_37.5751176402787053
2026-09-04T09:00:31.559343+09:00,난지한강공원,난지한강공원,POI090,KEY_2,1130066800,강변북로,1130042800,가양대교,126.8697893429894208_37.5724082688915715,1130043900,가양대교(북측),126.8653915391259233_37.5740001396464294,428.0,53.0,원활,126.8653915391259233_37.5740001396464294|126.8655742057499509_37.5739419777835124|126.8658939660418525_37.5738292252444879|126.8670765553321615_37.5734444641728871|126.8679322688668805_37.5731628727649962|126.8680668810109893_37.5731178050788230|126.8683506640299328_37.5730067616893137|126.8686659924354387_37.5728500975266826|126.8690150858697763_37.5726688106692777|126.8692939748631829_37.5725691850813419|126.8697893429894208_37.5724082688915715
2026-09-04T09:00:31.559343+09:00,난지한강공원,난지한강공원,POI090,KEY_2,1130067100,강변북로,1130043900,가양대교(북측),126.8653915391259233_37.5740001396464294,1130043700,가양대교북측(남측),126.8641238491476031_37.5734862081748417,133.0,17.0,정체,126.8641238491476031_37.5734862081748417|126.8643667768084100_37.5736869866731524|126.8645275042349709_37.5738130536306585|126.8646616308736128_37.5738960511847537|126.8648070000908348_37.5739607460517107|126.8649361413688155_37.5739957821690709|126.8650630327634161_37.5740136354167973|126.8651636699805891_37.5740179922855120|126.8652907555269280_37.5740129521496655|126.8653915391259233_37.5740001396464294
2026-09-04T09:00:31.559343+09:00,난지한강공원,난지한강공원,POI090,KEY_2,1130067400,강변북로,1130044900,가양대교(북측),126.8662979111019808_37.5750965324918980,2180012400,마포구-고양시덕양구,126.8621499541622484_37.5761292129435418,867.0,45.7,서행,126.8621499541622484_37.5761292129435418|126.8630365316940498_37.5756983525925961|126.8633496391713038_37.5755235658387008|126.8636024164670175_37.5753961503927982|126.8638549079817466_37.5753021186014351|126.8642093916064510_37.5751943274225582|126.8644317580255318_37.5751192112446475|126.8646243656565815_37.5750200868760302|126.8656963468579306_37.5743962637992084|126.8673222210701397_37.5734653760000015|126.8674191938721094_37.5734247582035579|126.8675616609625365_37.5734076352449335|126.8677301163889410_37.5734174809641033|126.8678459640486977_37.5734479111437594|126.8679578899536153_37.5734991876324784|126.8680656691356319_37.5735981381943773|126.8681136254124340_37.5736848440004394|126.8681425287121556_37.5738102009802120|126.8681227959743723_37.5739293354224060|126.8680618906707167_37.5740452685688453|126.8679938724763190_37.5741164485557846|126.8678959680219123_37.5741785247544513|126.8670114588051803_37.5746924804154645|126.8664732680685887_37.5749996173274710|126.8662979111019808_37.5750965324918980
2026-09-04T09:00:31.559343+09:00,난지한강공원,난지한강공원,POI090,KEY_2,1130068100,강변북로,1130045200,상암동1550-3,126.8641075564550107_37.5759187444953753,1130043900,가양대교(북측),126.8653915391259233_37.5740001396464294,472.0,14.0,정체,126.8653915391259233_37.5740001396464294|126.8655530578639770_37.5739801801802500|126.8656826690621386_37.5739598904694603|126.8661509725368433_37.5738555664648857|126.8662685671453687_37.5738390277396874|126.8663692370552525_37.5738395679072923|126.8664578250642165_37.5738514900970912|126.8665224124056721_37.5738670998852271|126.8665988064661292_37.5739037584917384|126.8666941819490717_37.5739634138358554|126.8667607786702263_37.5740248214943335|126.8668082321833168_37.5740823116192715|126.8668364303619285_37.5741492377416790|126.8668526598945334_37.5742141906959048|126.8668616174391417_37.5742886445381998|126.8668489706226410_37.5743667987229344|126.8668146220147861_37.5744600984612092|126.8667539721880928_37.5745456262622142|126.8666911827972115_37.5746006169252169|126.8666261100899249_37.5746422405294780|126.8660974620481738_37.5749545546124253|126.8655931483691290_37.5752410021525876|126.8650740029988668_37.5755094827713094|126.8645475391721931_37.5757570541415831|126.8641075564550107_37.5759187444953753
2026-09-04T09:00:31.559343+09:00,난지한강공원,난지한강공원,POI090,KEY_2,1130069100,강변북로,1130045000,가양검문소,126.8655270720403223_37.5748441741929255,2180012600,마포구-고양시덕양구,126.8625272257133503_37.5762306272659998,312.0,41.0,서행,126.8625272257133503_37.5762306272659998|126.8626433861685427_37.5760568517554603|126.8627729468719139_37.5759511104311912|126.8635903166779713_37.5754976378824423|126.8637978156018278_37.5754093259839479|126.8640051312374766_37.5753424760846357|126.8644151451120194_37.5752230596518473|126.8648566176255628_37.5751038111562465|126.8655270720403223_37.5748441741929255
2026-09-04T09:00:31.559343+09:00,남산공원,남산공원,POI091,KEY_3,1010000301,장충단로,1010006900,남산2호터널입구,127.0033988695936671_37.5548935414454093,1010000603,남산2호터널입구,127.0037426485065737_37.5552737772064873,52.0,41.0,원활,127.0037426485065737_37.5552737772064873|127.0035282913233061_37.5550113935567609|127.0033988695936671_37.5548935414454093
2026-09-04T09:00:31.559343+09:00,남산공원,남산공원,POI091,KEY_3,1010000302,장충단로,1010005501,국립극장앞교차로,127.0006486526240224_37.5513665440380251,1010006900,남산2호터널입구,127.0033988695936671_37.5548935414454093,473.0,36.0,원활,127.0033988695936671_37.5548935414454093|127.0031149384006852_37.5546349890521256|127.0029234147354629_37.5544558999171159|127.0027809963428638_37.5542858346147881|127.0026807419987307_37.5541237203930294|127.0026308503079946_37.5539921596100967|127.0026137115633702_37.5539400997707560|127.0023539371052550_37.5531510119431502|127.0023156055375750_37.5530345749592982|127.0022897411065799_37.5529560082666123|127.0022014491112827_37.5527474874638685|127.0021082526436942_37.5525712764668427|127.0020031170222126_37.5524264996161321|127.0018806441535020_37.5523176583549869|127.0016912530339397_37.5521714482379920|127.0006486526240224_37.5513665440380251
2026-09-04T09:00:31.559343+09:00,남산공원,남산공원,POI091,KEY_3,1010000400,장충단로,1010054300,장충동2가 산14-59,127.0017857896011435_37.5520938273146712,1010005502,국립극장앞교차로,127.0007431891368697_37.5512889240241208,128.0,36.0,원활,127.0007431891368697_37.5512889240241208|127.0017857896011435_37.5520938273146712
2026-09-04T09:00:31.559343+09:00,남산공원,남산공원,POI091,KEY_3,1010001102,소파로,1010095500,회현동1가 산1-15,126.9845039711751298_37.5562079515069414,1010008204,숭의여자대학,126.9848938893702410_37.5565212352323172,52.0,28.0,원활,126.9848938893702410_37.5565212352323172|126.9848029126483766_37.5563786781750863|126.9847328238889048_37.5562825435116068|126.9845961173795814_37.5562250817582424|126.9845039711751298_37.5562079515069414
2026-09-04T09:00:31.559343+09:00,남산공원,남산공원,POI091,KEY_3,1010001201,소파로,1010006403,남산공원길삼거리,126.9831261462573053_37.5544988787698557,1010006502,남산삼거리,126.9812787838592385_37.5548495032825187,181.0,33.0,원활,126.9812787838592385_37.5548495032825187|126.9815220498121420_37.5548200034189605|126.9818019244048912_37.5547580294103938|126.9820135627067970_37.5546715471349657|126.9822289312196943_37.5545541563119158|126.9825569048328191_37.5543793323612292|126.9826816379444949_37.5543559860473053|126.9827968050887961_37.5543648759095134|126.9829020167175742_37.5544027231883888|126.9830185822169852_37.5544527319567010|126.9831261462573053_37.5544988787698557
2026-09-04T09:00:31.559343+09:00,남산공원,남산공원,POI091,KEY_3,1010001202,소파로,1010008203,숭의여자대학,126.9850149682281852_37.5564722624052933,1010006402,남산공원길삼거리,126.9833127479965924_37.5545875210906388,290.0,21.0,서행,126.9833127479965924_37.5545875210906388|126.9834363869461669_37.5546470148075002|126.9836101358687017_37.5547853899607205|126.9837289439065700_37.5549481427998586|126.9838488483216850_37.5551722121612812|126.9839365351384117_37.5554075097513831|126.9839827815822133_37.5556434026180455|126.9839916258128341_37.5559198695204870|126.9840256522176958_37.5560283028777846|126.9840988545075504_37.5560865991909338|126.9841806359164735_37.5561056005014819|126.9843075666088623_37.5561056174395418|126.9844905831734678_37.5560944341132981|126.9845348535011453_37.5561026639138476|126.9846440462466148_37.5561229626348521|126.9848307103494420_37.5562014240048967|126.9849222737715024_37.5563270131622957|126.9850149682281852_37.5564722624052933
2026-09-04T09:00:31.559343+09:00,남산공원,남산공원,POI091,KEY_3,1010001204,소파로,1010008207,퇴계로3가교차로,126.9882272590009933_37.5596084833303152,1010008202,숭의여자대학,126.9850923528635604_37.5565486456338746,492.0,13.0,정체,126.9850923528635604_37.5565486456338746|126.9851906864904691_37.5565858460465520|126.9853074115873142_37.5565988268837856|126.9855164635201703_37.5566135380703940|126.9856485836059363_37.5566459189330004|126.9858039765505708_37.5567232640226294|126.9858337769702672_37.5567433446292895|126.9859306749466015_37.5568086378831225|126.9860186837096307_37.5569046811477207|126.9861537911583866_37.5570964851778513|126.9862311615470674_37.5571580981197428|126.9863421672078232_37.5572115500676844|126.9864935101552135_37.5572334743272833|126.9867624436285354_37.5572654973995910|126.9868864122230860_37.5573106304780140|126.9869736628592989_37.5573772148304528|126.9870438797185983_37.5574750708671417|126.9870728940331759_37.5575906431716717|126.9871341294348213_37.5578206195085542|126.9871851851400208_37.5579104995386004|126.9873590005650499_37.5581028694753982|126.9874298075541503_37.5581914756963187|126.9874415619887742_37.5582394683360974|126.9874576301803870_37.5583050736805504|126.9874544572227535_37.5584030829173372|126.9874587342623329_37.5588887928806940|126.9874602536611121_37.5590613376255789|126.9874882855996105_37.5591301758755023|126.9875554613431632_37.5591874881907586|126.9876829529899709_37.5592492856312745|126.9879414610584405_37.5593534261293627|126.9880748439122300_37.5594389136614808|126.9881827319811975_37.5595404425465915|126.9882272590009933_37.5596084833303152
2026-09-04T09:00:31.559343+09:00,남산공원,남산공원,POI091,KEY_3,1010001301,장충단로,1010000604,남산2호터널입구,127.0038257611614085_37.5553763910344998,1010007600,남산2호터널입구교차로,127.0041260185985266_37.5557914777712298,53.0,43.0,원활,127.0041260185985266_37.5557914777712298|127.0040056243652913_37.5556037942045577|127.0038257611614085_37.5553763910344998
2026-09-04T09:00:31.559343+09:00,남산공원,남산공원,POI091,KEY_3,1010001302,장충단로,1010124300,동국대학교앞교차로,127.0045670624924838_37.5565468094024126,1010009900,장충체육관앞,127.0056977643979934_37.5586970766435471,259.0,32.0,원활,127.0056977643979934_37.5586970766435471|127.0047960363494610_37.5569407351396336|127.0045670624924838_37.5565468094024126
2026-09-04T09:00:31.559343+09:00,남산공원,남산공원,POI091,KEY_3,1010001303,장충단로,1010009900,장충체육관앞,127.0056977643979934_37.5586970766435471,1010010403,장충체육관앞교차로,127.0057665663904487_37.5590390492282040,38.0,34.0,원활,127.0057665663904487_37.5590390492282040|127.0057228446975870_37.5587857894109689|127.0056977643979934_37.5586970766435471
2026-09-04T09:00:31.559343+09:00,남산공원,남산공원,POI091,KEY_3,1010001400,장충단로,1010124400,동국대학교앞교차로,127.0046903157819855_37.5565014032542592,1010000601,남산2호터널입구,127.0039406830343722_37.5553187798869388,147.0,14.0,정체,127.0039406830343722_37.5553187798869388|127.0041237972855726_37.5555502934024474|127.0042469681278305_37.5557423033409137|127.0042695268052455_37.5557774702655394|127.0046903157819855_37.5565014032542592
2026-09-04T09:00:31.559343+09:00,남산공원,남산공원,POI091,KEY_3,1010001502,동호로,1010051200,장충동2가 200-99,127.0072549377270832_37.5585335221268224,1010010402,장충체육관앞교차로,127.0059032168232420_37.5590364937144017,133.0,28.0,원활,127.0059032168232420_37.5590364937144017|127.0060424523246354_37.5590206517219016|127.0062708051007263_37.5589790416794287|127.0064793488934498_37.5589089319431153|127.0066853042447690_37.5588299759944348|127.0068865164345908_37.5587327053933535|127.0072549377270832_37.5585335221268224
2026-09-04T09:00:31.559343+09:00,남산공원,남산공원,POI091,KEY_3,1010002701,소공로,1010000902,남산3호터널(북측),126.9830887618383031_37.5553930310135513,1010008902,속성변화점,126.9832089705039522_37.5572414839973518,206.0,36.0,원활,126.9832089705039522_37.5572414839973518|126.9831555236054470_37.5568017684804758|126.9830521252804942_37.5561027886698611|126.9830385570957532_37.5557769562709893|126.9830478610083446_37.5555376328218600|126.9830887618383031_37.5553930310135513
2026-09-04T09:00:31.559343+09:00,남산공원,남산공원,POI091,KEY_3,1010002801,소공로,1010008901,속성변화점,126.9833444453383180_37.5572378592887901,1010000901,남산3호터널(북측),126.9832195813292657_37.5554216252410669,203.0,7.0,정체,126.9832195813292657_37.5554216252410669|126.9831832021176723_37.5555513049927114|126.9831744347859939_37.5557768369584437|126.9831876703655809_37.5560946603272967|126.9832905738539210_37.5567902882398457|126.9833444453383180_37.5572378592887901
2026-09-04T09:00:31.559343+09:00,남산공원,남산공원,POI091,KEY_3,1010002802,소공로,1010105100,회현동2가 27-3,126.9829293161598969_37.5586746413334183,1010008901,속성변화점,126.9833444453383180_37.5572378592887901,165.0,7.0,정체,126.9833444453383180_37.5572378592887901|126.9833355997514985_37.5575008833025308|126.9832987830692304_37.5577459818027108|126.9832299618999656_37.5579759101541057|126.9831318471378125_37.5582319419447828|126.9831164077535988_37.5582722310573587|126.9829293161598969_37.5586746413334183
2026-09-04T09:00:31.559343+09:00,남산공원,남산공원,POI091,KEY_3,1020021602,녹사평대로58길,1020202500,최소노드배치점,126.9921665926364795_37.5464114553124944,1020031601,남산2호터널(남측),126.9900889924239067_37.5445050141916710,280.0,28.0,원활,126.9900889924239067_37.5445050141916710|126.9914916267217109_37.5458120576411361|126.9921665926364795_37.5464114553124944
2026-09-04T09:00:31.559343+09:00,남산공원,남산공원,POI091,KEY_3,1010003301,삼일대로,1010008009,남산한옥마을,126.9924991769319149_37.5566378220840988,1010013900,예장동 2-165,126.9907886661840450_37.5596968507301625,392.0,56.0,원활,126.9907886661840450_37.5596968507301625|126.9911072447422669_37.5595627094932709|126.9913094952981822_37.5594477276004284|126.9915421382187901_37.5592741322756680|126.9917249439470197_37.5590908004344186|126.9919044779056492_37.5588866613537036|126.9920094357326974_37.5587224662817363|126.9920543519056224_37.5586350518666592|126.9924229024185962_37.5569649010334317|126.9924991769319149_37.5566378220840988
2026-09-04T09:00:31.559343+09:00,남산공원,남산공원,POI091,KEY_3,1010003302,삼일대로,1010013900,예장동 2-165,126.9907886661840450_37.5596968507301625,1010017003,퇴계로2가교차로,126.9889890744976100_37.5611001658779600,237.0,38.0,원활,126.9889890744976100_37.5611001658779600|126.9890595408814988_37.5608553446384548|126.9891256328368883_37.5606790112492348|126.9892666382029915_37.5604608081191671|126.9894301254928308_37.5603028087374966|126.9896049396944733_37.5601574925556534|126.9897890949876427_37.5600545841425344|126.9900359820303777_37.5599440574158336|126.9905175640940342_37.5597973426898264|126.9907886661840450_37.5596968507301625
2026-09-04T09:00:31.559343+09:00,남산공원,남산공원,POI091,KEY_3,1010003401,삼일대로,1010013100,예장동 산3-23,126.9921881175068847_37.5586537591868037,1010008006,남산한옥마을,126.9926327057625315_37.5566575572921622,225.0,21.0,서행,126.9926327057625315_37.5566575572921622|126.9925565518997388_37.5569841224033851|126.9921881175068847_37.5586537591868037
2026-09-04T09:00:31.559343+09:00,남산공원,남산공원,POI091,KEY_3,1010003402,삼일대로,1010017002,퇴계로2가교차로,126.9891250549591035_37.5611118311742516,1010013100,예장동 산3-23,126.9921881175068847_37.5586537591868037,403.0,11.0,정체,126.9921881175068847_37.5586537591868037|126.9921333805466759_37.5587669622396305|126.9920211997960280_37.5589424572383876|126.9918338579688566_37.5591554743801126|126.9916423048775016_37.5593475787773414|126.9913957815651457_37.5595315329503165|126.9911787667644205_37.5596549084761975|126.9908490674513786_37.5597936513351200|126.9905705661544317_37.5598969620606340|126.9900938505030723_37.5600421943677034|126.9898615779713822_37.5601461785287327|126.9896938440610228_37.5602399100324220|126.9895317290732208_37.5603746704899848|126.9893807410068831_37.5605205896683501|126.9892521749939931_37.5607195433671706|126.9891909463249533_37.5608829029173350|126.9891250549591035_37.5611118311742516
2026-09-04T09:00:31.559343+09:00,남산공원,남산공원,POI091,KEY_3,1010003701,동호로,1010010403,장충체육관앞교차로,127.0057665663904487_37.5590390492282040,1010010100,장충체육관앞,127.0051102100207174_37.5590018901398537,58.0,8.0,정체,127.0051102100207174_37.5590018901398537|127.0057665663904487_37.5590390492282040
2026-09-04T09:00:31.559343+09:00,남산공원,남산공원,POI091,KEY_3,1010003702,동호로,1010104300,장충동2가 산7-1,127.0030333060906713_37.5591096114287666,1010012003,엠버서더호텔,127.0027977571823641_37.5596709812965557,67.0,25.0,원활,127.0027977571823641_37.5596709812965557|127.0028380218545720_37.5594345353126258|127.0028698468580615_37.5593483830081922|127.0029413209754665_37.5591828437622723|127.0030333060906713_37.5591096114287666
2026-09-04T09:00:31.559343+09:00,남산공원,남산공원,POI091,KEY_3,1010004503,퇴계로,1010058100,충무로2가 111,126.9860157278956194_37.5609895542921493,1010016204,롯데호텔L7(명동),126.9867111612325346_37.5610613083895331,62.0,17.0,서행,126.9867111612325346_37.5610613083895331|126.9862655416711590_37.5610153303082797|126.9860157278956194_37.5609895542921493
2026-09-04T09:00:31.559343+09:00,남산공원,남산공원,POI091,KEY_3,1010004505,퇴계로,1010016201,롯데호텔L7(명동),126.9868467299909440_37.5610743853645488,1010017004,퇴계로2가교차로,126.9889474014538138_37.5613140531310350,189.0,26.0,원활,126.9889474014538138_37.5613140531310350|126.9870814163588051_37.5611494769929379|126.9869907146048007_37.5611414765227138|126.9868467299909440_37.5610743853645488
2026-09-04T09:00:31.559343+09:00,남산공원,남산공원,POI091,KEY_3,1010004604,퇴계로,1010016301,명동역1번출구,126.9871113334254318_37.5609345528858967,1010016202,롯데호텔L7(명동),126.9868616879201113_37.5609669231657151,23.0,34.0,원활,126.9868616879201113_37.5609669231657151|126.9870206308065406_37.5609265523693381|126.9871113334254318_37.5609345528858967
2026-09-04T09:00:31.559343+09:00,남산공원,남산공원,POI091,KEY_3,1010004605,퇴계로,1010017003,퇴계로2가교차로,126.9889890744976100_37.5611001658779600,1010016301,명동역1번출구,126.9871113334254318_37.5609345528858967,167.0,13.0,정체,126.9871113334254318_37.5609345528858967|126.9889890744976100_37.5611001658779600
2026-09-04T09:00:31.559343+09:00,남산공원,남산공원,POI091,KEY_3,1010005601,퇴계로,1010048300,충무로4가 125,126.9952241550831644_37.5614516441202824,1010016502,충무로역앞교차로,126.9933357350378316_37.5610532293559913,173.0,38.0,원활,126.9933357350378316_37.5610532293559913|126.9934886542693988_37.5610692325475668|126.9937811936575400_37.5611177660942559|126.9942724850213409_37.5612314453171834|126.9952241550831644_37.5614516441202824
2026-09-04T09:00:31.559343+09:00,남산공원,남산공원,POI091,KEY_3,1010006601,충무로,1010019402,호운빌딩,126.9931562485942607_37.5626064613558839,1010016501,충무로역앞교차로,126.9932971341834218_37.5611582393921495,161.0,18.0,서행,126.9932971341834218_37.5611582393921495|126.9932863823843547_37.5613599287251034|126.9931836992394096_37.5623435191156148|126.9931562485942607_37.5626064613558839
2026-09-04T09:00:31.559343+09:00,남산공원,남산공원,POI091,KEY_3,1010020600,녹사평대로58길,1010136200,최소노드배치점,126.9968887099839776_37.5508864123452000,1020033801,중구-용산구,126.9942815212881726_37.5482919379464306,370.0,21.0,서행,126.9942815212881726_37.5482919379464306|126.9953611190786091_37.5492577386266291|126.9963457068924129_37.5501404661396307|126.9965665935423402_37.5504285462955778|126.9968887099839776_37.5508864123452000
2026-09-04T09:00:31.559343+09:00,남산공원,남산공원,POI091,KEY_3,1010020700,녹사평대로58길,1010136500,최소노드배치점,126.9988788935205548_37.5538236872194844,1010007102,남산2호터널(북측),127.0024043754121976_37.5552652427156204,381.0,40.3,원활,127.0024043754121976_37.5552652427156204|126.9998659810384680_37.5549279687588040|126.9997652348791775_37.5549070456322696|126.9996575684543387_37.5548474155371821|126.9990770381372442_37.5540952315364933|126.9988788935205548_37.5538236872194844
2026-09-04T09:00:31.559343+09:00,남산공원,남산공원,POI091,KEY_3,1010021100,녹사평대로,1010000901,남산3호터널(북측),126.9832195813292657_37.5554216252410669,1020035101,중구-용산구,126.9844587143850134_37.5527423976260550,317.0,51.0,원활,126.9844587143850134_37.5527423976260550|126.9833359757020901_37.5551366776229898|126.9832195813292657_37.5554216252410669
2026-09-04T09:00:31.559343+09:00,남산공원,남산공원,POI091,KEY_3,1010021200,녹사평대로,1020035102,중구-용산구,126.9843316265079096_37.5527042883916451,1010000902,남산3호터널(북측),126.9830887618383031_37.5553930310135513,318.0,57.3,원활,126.9830887618383031_37.5553930310135513|126.9832077271294821_37.5551010349056824|126.9843316265079096_37.5527042883916451
2026-09-04T09:00:31.559343+09:00,남산공원,남산공원,POI091,KEY_3,1010022000,녹사평대로58길,1010007300,남산2호터널입구,127.0030929919946061_37.5552358010399345,1010007101,남산2호터널(북측),127.0024253365402274_37.5551584245554793,60.0,16.0,서행,127.0024253365402274_37.5551584245554793|127.0030929919946061_37.5552358010399345
2026-09-04T09:00:31.559343+09:00,남산공원,남산공원,POI091,KEY_3,1010022100,녹사평대로58길,1010007102,남산2호터널(북측),127.0024043754121976_37.5552652427156204,1010007400,남산2호터널입구,127.0030734265067593_37.5553427932220600,60.0,33.5,원활,127.0030734265067593_37.5553427932220600|127.0024043754121976_37.5552652427156204
2026-09-04T09:00:31.559343+09:00,남산공원,남산공원,POI091,KEY_3,1010022200,장충단로,1010006900,남산2호터널입구,127.0033988695936671_37.5548935414454093,1010007300,남산2호터널입구,127.0030929919946061_37.5552358010399345,66.0,25.0,원활,127.0030929919946061_37.5552358010399345|127.0033199494194918_37.5552405917881416|127.0033768411355197_37.5552072154187329|127.0034397212556030_37.5551595355091337|127.0034696612319607_37.5550880179411095|127.0034756459087646_37.5549926624747599|127.0033988695936671_37.5548935414454093
2026-09-04T09:00:31.559343+09:00,남산공원,남산공원,POI091,KEY_3,1010022400,녹사평대로58길,1010000603,남산2호터널입구,127.0037426485065737_37.5552737772064873,1010007300,남산2호터널입구,127.0030929919946061_37.5552358010399345,58.0,11.0,정체,127.0030929919946061_37.5552358010399345|127.0033892409550873_37.5552701380382103|127.0035699644311080_37.5552861191139016|127.0037426485065737_37.5552737772064873
2026-09-04T09:00:31.559343+09:00,남산공원,남산공원,POI091,KEY_3,1010022500,녹사평대로58길,1010007400,남산2호터널입구,127.0030734265067593_37.5553427932220600,1010000604,남산2호터널입구,127.0038257611614085_37.5553763910344998,67.0,4.0,정체,127.0038257611614085_37.5553763910344998|127.0035685255234768_37.5553947767724097|127.0033719563347603_37.5553773941959363|127.0030734265067593_37.5553427932220600
2026-09-04T09:00:31.559343+09:00,남산공원,남산공원,POI091,KEY_3,1010022800,녹사평대로58길,1010007400,남산2호터널입구,127.0030734265067593_37.5553427932220600,1010007600,남산2호터널입구교차로,127.0041260185985266_37.5557914777712298,109.0,28.0,원활,127.0041260185985266_37.5557914777712298|127.0036433526274493_37.5554479811013522|127.0034462848177839_37.5553951408027018|127.0030734265067593_37.5553427932220600
2026-09-04T09:00:31.559343+09:00,남산공원,남산공원,POI091,KEY_3,1010023100,필동로,1010130100,필동3가 61-16,126.9956758423491578_37.5564886423403124,1010005901,남산학사빌딩,126.9968729328910939_37.5526048160589738,465.0,19.0,서행,126.9968729328910939_37.5526048160589738|126.9969001079877700_37.5526913693534539|126.9969248551049077_37.5528466471043316|126.9969652148841561_37.5529820807668102|126.9971237035859275_37.5533572891303820|126.9971379251871468_37.5534886738987268|126.9970236820477396_37.5536850345630455|126.9968771639210843_37.5538882148150464|126.9968412488034630_37.5539757728333754|126.9966750295618994_37.5544149083081606|126.9963648975606674_37.5549850856884575|126.9962371702020363_37.5550664282652207|126.9962323999813947_37.5550709440456103|126.9961581049851844_37.5551412761027734|126.9960427606810924_37.5553267156352817|126.9959855657400141_37.5555069195413864|126.9958542241982542_37.5557391063254826|126.9957997040461208_37.5558354870824616|126.9956996920190164_37.5560558026157096|126.9956771680994905_37.5561648526345166|126.9956726357914505_37.5561867958577480|126.9956610930827026_37.5564217827936702|126.9956758423491578_37.5564886423403124
2026-09-04T09:00:31.559343+09:00,남산공원,남산공원,POI091,KEY_3,1010024601,퇴계로26길,1010008005,예장동2-102,126.9896564712399396_37.5593178416227360,1010012802,남산안기부터공원,126.9900119969606180_37.5598587489970583,68.0,31.0,원활,126.9900119969606180_37.5598587489970583|126.9899102911458471_37.5597158836745848|126.9896564712399396_37.5593178416227360
2026-09-04T09:00:31.559343+09:00,남산공원,남산공원,POI091,KEY_3,1010024702,퇴계로26길,1010012801,남산안기부터공원,126.9901301560217490_37.5598054406358912,1010008002,예장동2-102,126.9897775762310062_37.5592689009855789,67.0,25.0,원활,126.9897775762310062_37.5592689009855789|126.9900299867471176_37.5596647325304858|126.9901301560217490_37.5598054406358912
2026-09-04T09:00:31.559343+09:00,남산공원,남산공원,POI091,KEY_3,1010024800,장충단로,1010009900,장충체육관앞,127.0056977643979934_37.5586970766435471,1010010100,장충체육관앞,127.0051102100207174_37.5590018901398537,71.0,21.5,서행,127.0051102100207174_37.5590018901398537|127.0053645119635632_37.5589950808362403|127.0055705853889805_37.5589172873120702|127.0056842038645470_37.5588226817040862|127.0056977643979934_37.5586970766435471
2026-09-04T09:00:31.559343+09:00,남산공원,남산공원,POI091,KEY_3,1010026900,소파로,1010012802,남산안기부터공원,126.9900119969606180_37.5598587489970583,1010014000,매일경제티브이아트앤디자인센터,126.9893485137651794_37.5600758880328343,64.0,21.0,서행,126.9893485137651794_37.5600758880328343|126.9894623166251364_37.5600115328254631|126.9900119969606180_37.5598587489970583
2026-09-04T09:00:31.559343+09:00,남산공원,남산공원,POI091,KEY_3,1010027200,소파로,1010012801,남산안기부터공원,126.9901301560217490_37.5598054406358912,1010014301,퇴계로3가교차로,126.9884563236464601_37.5600435340665300,161.0,19.0,서행,126.9884563236464601_37.5600435340665300|126.9885276942571437_37.5601305548015389|126.9885824679438144_37.5601453103317269|126.9886504117103101_37.5601351977860745|126.9899225549276736_37.5597691471587041|126.9899893934116051_37.5597684221360879|126.9901301560217490_37.5598054406358912
2026-09-04T09:00:31.559343+09:00,남산공원,남산공원,POI091,KEY_3,1010027400,퇴계로26길,1010014600,주자동빌딩,126.9901932151330612_37.5601353360127277,1010012801,남산안기부터공원,126.9901301560217490_37.5598054406358912,37.0,22.0,서행,126.9901301560217490_37.5598054406358912|126.9901932151330612_37.5601353360127277
2026-09-04T09:00:31.559343+09:00,남산공원,남산공원,POI091,KEY_3,1010027600,삼일대로2길,1010014600,주자동빌딩,126.9901932151330612_37.5601353360127277,1010013100,예장동 산3-23,126.9921881175068847_37.5586537591868037,254.0,13.0,정체,126.9921881175068847_37.5586537591868037|126.9921524756692293_37.5587701440302766|126.9920713791381388_37.5590129023742847|126.9919815275385133_37.5591618896894772|126.9917456848140773_37.5593704632660419|126.9914873832232871_37.5595730764536810|126.9913002109624216_37.5596833178136009|126.9910943233582117_37.5597786576774837|126.9906600945686534_37.5599276174894143|126.9904092880018283_37.5600199729958746|126.9903010274202586_37.5600743176934699|126.9901932151330612_37.5601353360127277
2026-09-04T09:00:31.559343+09:00,남산공원,남산공원,POI091,KEY_3,1010028600,퇴계로36길,1010096800,필동2가 79,126.9953795008796078_37.5602933387065647,1010016503,충무로역앞교차로,126.9931917886483461_37.5610407128292394,217.0,8.0,정체,126.9931917886483461_37.5610407128292394|126.9932698071303179_37.5609162715643663|126.9933785265103836_37.5608210828932485|126.9934940342237297_37.5607650238862121|126.9939617818677391_37.5606734227620862|126.9942993862487839_37.5606071982569034|126.9946428036166566_37.5605167164118470|126.9949100490692047_37.5604355509489665|126.9953712571787179_37.5602954749963871|126.9953795008796078_37.5602933387065647
2026-09-04T09:00:31.559343+09:00,남산공원,남산공원,POI091,KEY_3,1010029700,소파로,1010014302,퇴계로3가교차로,126.9883285565974944_37.5600802019915889,1010017003,퇴계로2가교차로,126.9889890744976100_37.5611001658779600,132.0,15.0,서행,126.9889890744976100_37.5611001658779600|126.9888682751928997_37.5610849611105877|126.9887988136153467_37.5609915058575083|126.9886623017465155_37.5607149615883316|126.9885784807332954_37.5605299635393948|126.9884314506820715_37.5602734336100710|126.9883285565974944_37.5600802019915889
2026-09-04T09:00:31.559343+09:00,남산공원,남산공원,POI091,KEY_3,1010031000,소파로,1010015300,명동역10번출구,126.9883062927232231_37.5607909574822685,1010016301,명동역1번출구,126.9871113334254318_37.5609345528858967,113.0,15.0,서행,126.9871113334254318_37.5609345528858967|126.9874447180556274_37.5610079416609750|126.9876354659963766_37.5610121135843684|126.9878175418455442_37.5609892471934259|126.9880115986588294_37.5609473112405254|126.9881625342676870_37.5608977410119067|126.9882463915136555_37.5608481648322652|126.9883062927232231_37.5607909574822685
2026-09-04T09:00:31.559343+09:00,남산공원,남산공원,POI091,KEY_3,1010031200,퇴계로,1010016703,흥국빌딩,126.9904228164697599_37.5610767696574754,1010016202,롯데호텔L7(명동),126.9868616879201113_37.5609669231657151,317.0,48.0,원활,126.9868616879201113_37.5609669231657151|126.9890337974489825_37.5611585006403175|126.9894972258370700_37.5611975631426844|126.9896672965873847_37.5611975781491196|126.9898435176610576_37.5611725033829131|126.9901719518890246_37.5611092577799397|126.9904228164697599_37.5610767696574754
2026-09-04T09:00:31.559343+09:00,남산공원,남산공원,POI091,KEY_3,1010031300,퇴계로,1010016201,롯데호텔L7(명동),126.9868467299909440_37.5610743853645488,1010016704,흥국빌딩,126.9904446250492356_37.5611834858824452,321.0,47.0,원활,126.9904446250492356_37.5611834858824452|126.9901988617116615_37.5612153145444125|126.9898714581575661_37.5612783602882132|126.9896793321666593_37.5613056988122338|126.9894900484891167_37.5613056821144156|126.9890191710092893_37.5612659917982157|126.9868467299909440_37.5610743853645488
2026-09-04T09:00:31.559343+09:00,남산공원,남산공원,POI091,KEY_3,1010051400,삼일대로,1010137800,최소노드배치점,126.9951526782604958_37.5522667944259823,1020033901,중구-용산구,126.9973340280127019_37.5488358005655130,427.0,49.0,원활,126.9973340280127019_37.5488358005655130|126.9959822894256405_37.5509523187586822|126.9951526782604958_37.5522667944259823
2026-09-04T09:00:31.559343+09:00,남산공원,남산공원,POI091,KEY_3,1010051500,삼일대로,1010137900,최소노드배치점,126.9950313338340067_37.5522182490636993,1010001102,남산1호터널(북측),126.9929217684921667_37.5556833610261123,428.0,54.0,원활,126.9929217684921667_37.5556833610261123|126.9932770474927821_37.5550067940349024|126.9940013356589503_37.5538501500980217|126.9950313338340067_37.5522182490636993
2026-09-04T09:00:31.559343+09:00,남산공원,남산공원,POI091,KEY_3,1010051600,장충단로,1010005503,국립극장앞교차로,127.0006452620610844_37.5512135010897623,1020034301,중구-용산구,126.9997458610224328_37.5498946352363348,177.0,32.5,원활,126.9997458610224328_37.5498946352363348|126.9997123738225753_37.5500116966741189|126.9997012367280007_37.5501402637217367|126.9997206124440936_37.5502614714863654|126.9997806553506479_37.5504162712518976|126.9998541302150130_37.5505512679565001|127.0000139703703042_37.5507285250612313|127.0006452620610844_37.5512135010897623
2026-09-04T09:00:31.559343+09:00,남산공원,남산공원,POI091,KEY_3,1010051700,장충단로,1020034302,중구-용산구,126.9996178648612641_37.5498600155730813,1010005504,국립극장앞교차로,127.0005509669023098_37.5512913068117129,191.0,48.5,원활,127.0005509669023098_37.5512913068117129|126.9999108283262643_37.5507995327092843|126.9997353193519416_37.5506049014811367|126.9996530970048951_37.5504538299658464|126.9995873859489421_37.5502844195261787|126.9995648441908287_37.5501433987724837|126.9995776621319976_37.5499954341476041|126.9996178648612641_37.5498600155730813
2026-09-04T09:00:31.559343+09:00,남산공원,남산공원,POI091,KEY_3,1010053100,소월로3길,1010006503,남산삼거리,126.9811650329996411_37.5548402580275251,1020035301,중구-용산구,126.9794359625306441_37.5533355630164678,244.0,27.5,원활,126.9794359625306441_37.5533355630164678|126.9794377262654876_37.5533623696143906|126.9794604845724280_37.5534621428795390|126.9795037062092007_37.5535999165766796|126.9795792110562473_37.5537502908920757|126.9796704920301380_37.5539097940801057|126.9797755942381059_37.5540679309457488|126.9799168936921916_37.5542344045017842|126.9800131949856450_37.5543436479056325|126.9801394846269034_37.5544579508745144|126.9803426669009383_37.5545989730072662|126.9804499002827498_37.5546574115057652|126.9806202715629126_37.5547287148210316|126.9808000848712908_37.5547878289260453|126.9809807898117953_37.5548175451464843|126.9811650329996411_37.5548402580275251
2026-09-04T09:00:31.559343+09:00,남산공원,남산공원,POI091,KEY_3,1010053900,삼일대로,1010008007,남산한옥마을,126.9926793846615709_37.5565231864836875,1010001101,남산1호터널(북측),126.9930465791601222_37.5557259705615749,94.0,14.0,정체,126.9930465791601222_37.5557259705615749|126.9928675379104703_37.5560502009483628|126.9927656627598935_37.5562864029666486|126.9926793846615709_37.5565231864836875
2026-09-04T09:00:31.559343+09:00,남산공원,남산공원,POI091,KEY_3,1010054000,삼일대로,1010001102,남산1호터널(북측),126.9929217684921667_37.5556833610261123,1010008008,남산한옥마을,126.9925489514454711_37.5564930643168040,96.0,48.5,원활,126.9925489514454711_37.5564930643168040|126.9926361466641112_37.5562537662359688|126.9927409314109212_37.5560108178373540|126.9929217684921667_37.5556833610261123
2026-09-04T09:00:31.559343+09:00,남산공원,남산공원,POI091,KEY_3,1020013503,이태원로,1020029301,한강진역(서울6호선),127.0017194731485404_37.5403123179937737,1020030604,북한남삼거리,127.0022184589252987_37.5420235281721943,199.0,27.5,원활,127.0022184589252987_37.5420235281721943|127.0020105521671923_37.5418073965013903|127.0019292985444537_37.5416844726601298|127.0018816666390222_37.5415359337069532|127.0018247702718241_37.5412580977982060|127.0018212415865975_37.5412330698797376|127.0017833598613493_37.5409643796915375|127.0017457559744543_37.5406620137023879|127.0017194731485404_37.5403123179937737
2026-09-04T09:00:31.559343+09:00,남산공원,남산공원,POI091,KEY_3,1020016600,소월로,1020205100,최소노드배치점,126.9935065011558351_37.5426620403777989,1020029901,그랜드하얏트서울호텔,126.9968710453129859_37.5412533247676805,341.0,39.3,원활,126.9968710453129859_37.5412533247676805|126.9962030872764700_37.5416642886108249|126.9957120169575830_37.5419664162750450|126.9954912636471676_37.5420753380152732|126.9952976887570202_37.5421359731504651|126.9944654566896247_37.5422765759182084|126.9943312964985012_37.5423188543689648|126.9941288523878455_37.5424092330924211|126.9936904320038025_37.5426049586251693|126.9935065011558351_37.5426620403777989
2026-09-04T09:00:31.559343+09:00,남산공원,남산공원,POI091,KEY_3,1020017101,소월로,1020080500,이태원동 258-466,126.9973230128762225_37.5410483640412878,1020030802,남산관광고가차도(남측),127.0005154463813994_37.5427136145269316,361.0,29.0,원활,127.0005154463813994_37.5427136145269316|127.0003739159875948_37.5425874075405090|126.9994403344769580_37.5417582537453853|126.9990235842738429_37.5414026985069142|126.9988333482718161_37.5412651979035630|126.9986822649016176_37.5411743998592584|126.9984893641391324_37.5410987423950289|126.9983170716432426_37.5410415761301550|126.9982071541269306_37.5410216320229111|126.9980884589850945_37.5410000951226195|126.9979253357986693_37.5409795838106675|126.9977146013374067_37.5409795799202826|126.9974849729743624_37.5410092875252062|126.9973230128762225_37.5410483640412878
2026-09-04T09:00:31.559343+09:00,남산공원,남산공원,POI091,KEY_3,1020017102,소월로,1020030802,남산관광고가차도(남측),127.0005154463813994_37.5427136145269316,1020031500,남산맨션아파트,127.0021365084328409_37.5443554939609854,236.0,53.0,원활,127.0021365084328409_37.5443554939609854|127.0018834255056532_37.5439839702774023|127.0017037840183036_37.5437074409669549|127.0015421068988815_37.5434690531480868|127.0013385176179384_37.5432592723151757|127.0010750516554339_37.5430637959528042|127.0007397338261654_37.5428444790193581|127.0005154463813994_37.5427136145269316
2026-09-04T09:00:31.559343+09:00,남산공원,남산공원,POI091,KEY_3,1020017104,한남대로,1020201800,한남동 726-468,127.0022900780869008_37.5451015287289067,1020032402,한남동 726-466,127.0025220578535681_37.5462372610228172,128.0,22.0,서행,127.0025220578535681_37.5462372610228172|127.0024299606877634_37.5457810591842076|127.0023945789044717_37.5456091805311516|127.0022900780869008_37.5451015287289067
2026-09-04T09:00:31.559343+09:00,남산공원,남산공원,POI091,KEY_3,1020017202,한남대로,1020032100,남산관광고가차도(북측),127.0025639626736762_37.5457635706606467,1020030801,남산관광고가차도(남측),127.0006167288986063_37.5426416007474586,408.0,50.0,원활,127.0006167288986063_37.5426416007474586|127.0008175743112702_37.5427872650328780|127.0012486976299471_37.5430637942442544|127.0016199463885584_37.5433641604487747|127.0020795219007965_37.5437944471662846|127.0022097620136918_37.5439517818238429|127.0022995844048808_37.5441091180285866|127.0023489900632683_37.5442700301371843|127.0025241647842762_37.5451604129389054|127.0025380337342114_37.5453370138918245|127.0025639626736762_37.5457635706606467
2026-09-04T09:00:31.559343+09:00,남산공원,남산공원,POI091,KEY_3,1020017204,한남대로,1020032401,한남동 726-466,127.0026561285417728_37.5462201012591379,1020032100,남산관광고가차도(북측),127.0025639626736762_37.5457635706606467,51.0,35.0,원활,127.0025639626736762_37.5457635706606467|127.0026561285417728_37.5462201012591379
2026-09-04T09:00:31.559343+09:00,남산공원,남산공원,POI091,KEY_3,1020018100,한남대로,1020030604,북한남삼거리,127.0022184589252987_37.5420235281721943,1020031500,남산맨션아파트,127.0021365084328409_37.5443554939609854,266.0,21.0,서행,127.0021365084328409_37.5443554939609854|127.0019440406086204_37.5428386962338010|127.0019378726381660_37.5426228258432886|127.0019817146717145_37.5423435053198347|127.0021036238137242_37.5421340225907798|127.0022184589252987_37.5420235281721943
2026-09-04T09:00:31.559343+09:00,남산공원,남산공원,POI091,KEY_3,1020018200,한남대로,1020032100,남산관광고가차도(북측),127.0025639626736762_37.5457635706606467,1020030601,북한남삼거리,127.0023230676922736_37.5420924597692505,416.0,35.0,원활,127.0023230676922736_37.5420924597692505|127.0022194356072731_37.5421921745940210|127.0021138222907524_37.5423736549821498|127.0020738499172097_37.5426283304431081|127.0020796694266494_37.5428320256251880|127.0022710579769978_37.5443413187302610|127.0024240169706360_37.5450840457689239|127.0025285644748010_37.5455916912076688|127.0025639626736762_37.5457635706606467
2026-09-04T09:00:31.559343+09:00,남산공원,남산공원,POI091,KEY_3,1020019200,소월로,1020198000,용산동2가 5-2146,126.9873787628858111_37.5460609528674567,1020031201,주한파키스탄대사관저,126.9911144667655236_37.5443954669159794,435.0,29.5,원활,126.9911144667655236_37.5443954669159794|126.9910735701488136_37.5444779064234453|126.9905580995526719_37.5452913794631584|126.9904629217780325_37.5454025055591813|126.9903097281450641_37.5455344119793111|126.9895344029768438_37.5460459430190596|126.9893462102989616_37.5461490896824017|126.9891842828923956_37.5462184942362072|126.9890281368240466_37.5462702800681640|126.9888305116261620_37.5462859965873506|126.9887068235050549_37.5462726761659624|126.9878225459612935_37.5460680173489649|126.9876689709004722_37.5460586974375516|126.9875588164478728_37.5460520124403416|126.9873787628858111_37.5460609528674567
2026-09-04T09:00:31.559343+09:00,남산공원,남산공원,POI091,KEY_3,1020020101,장충단로,1020033602,한남동 산9-24,127.0018534544919646_37.5479854852196766,1020034302,중구-용산구,126.9996178648612641_37.5498600155730813,288.0,48.5,원활,126.9996178648612641_37.5498600155730813|126.9996770063061859_37.5497529883793248|126.9997363683108347_37.5496666386303346|126.9998412098966298_37.5495604002782670|127.0015788290318568_37.5481840684392694|127.0018534544919646_37.5479854852196766
2026-09-04T09:00:31.559343+09:00,남산공원,남산공원,POI091,KEY_3,1020020201,장충단로,1020034301,중구-용산구,126.9997458610224328_37.5498946352363348,1020033601,한남동 산9-19,127.0019447500765182_37.5480655221760529,282.0,33.0,원활,127.0019447500765182_37.5480655221760529|127.0016724126737415_37.5482624522401665|126.9999428643421311_37.5496323928575890|126.9998500929740857_37.5497264002596509|126.9997986695977232_37.5498012019808556|126.9997458610224328_37.5498946352363348
2026-09-04T09:00:31.559343+09:00,남산공원,남산공원,POI091,KEY_3,1020020301,삼일대로,1020202900,최소노드배치점,126.9991749524351405_37.5457226778887971,1020033902,중구-용산구,126.9972131284970089_37.5487865670217715,382.0,54.7,원활,126.9972131284970089_37.5487865670217715|126.9976937788828337_37.5480426897664614|126.9991749524351405_37.5457226778887971
2026-09-04T09:00:31.559343+09:00,남산공원,남산공원,POI091,KEY_3,1020020405,삼일대로,1020203000,최소노드배치점,126.9992960011910128_37.5457716707877935,1020030501,남산1호터널,127.0013263761871229_37.5427407685120968,381.0,48.0,원활,127.0013263761871229_37.5427407685120968|127.0001500288212100_37.5444339010368964|126.9992960011910128_37.5457716707877935
2026-09-04T09:00:31.559343+09:00,남산공원,남산공원,POI091,KEY_3,1020020500,소월로,1020202400,최소노드배치점,126.9836608885575231_37.5493490622536683,1020035002,남산도서관,126.9820576561830876_37.5520743432417916,343.0,40.7,원활,126.9820576561830876_37.5520743432417916|126.9822226605565021_37.5519329108021651|126.9827360702505530_37.5514510898937104|126.9833001012622873_37.5506927205511403|126.9833805235940218_37.5505464376930007|126.9834888201302334_37.5502483494537671|126.9835269266317965_37.5500362381177126|126.9835751122179346_37.5496604338540934|126.9836457141962569_37.5493820675401437|126.9836608885575231_37.5493490622536683
2026-09-04T09:00:31.559343+09:00,남산공원,남산공원,POI091,KEY_3,1020020600,소월로,1020202300,최소노드배치점,126.9837884104005923_37.5493862278245416,1020032501,용산2가동주민센터앞교차로,126.9852054592412998_37.5466428470561624,347.0,36.0,원활,126.9852054592412998_37.5466428470561624|126.9847717560129610_37.5469101027995720|126.9845864439278529_37.5470281015069958|126.9845268187721672_37.5471032424247397|126.9844952209674034_37.5472121780575918|126.9844980284595692_37.5480374474067204|126.9844853903748287_37.5481855176849422|126.9844160179153931_37.5483837291718459|126.9842770429615655_37.5486147709639155|126.9839523254951814_37.5490296975246878|126.9837884104005923_37.5493862278245416
2026-09-04T09:00:31.559343+09:00,남산공원,남산공원,POI091,KEY_3,1020021102,녹사평대로,1020202800,최소노드배치점,126.9862234500265004_37.5487401447911182,1020035102,중구-용산구,126.9843316265079096_37.5527042883916451,471.0,60.0,원활,126.9843316265079096_37.5527042883916451|126.9862234500265004_37.5487401447911182
2026-09-04T09:00:31.559343+09:00,남산공원,남산공원,POI091,KEY_3,1020021203,녹사평대로,1020202700,최소노드배치점,126.9863503923400998_37.5487785464141908,1020031700,남산3호터널,126.9882591208348686_37.5448199209281057,471.0,51.5,원활,126.9882591208348686_37.5448199209281057|126.9874456928026518_37.5464987757139923|126.9869567914766435_37.5475077924163756|126.9863503923400998_37.5487785464141908
2026-09-04T09:00:31.559343+09:00,남산공원,남산공원,POI091,KEY_3,1020021503,녹사평대로58길,1020202600,최소노드배치점,126.9920654888585432_37.5464836330589478,1020033802,중구-용산구,126.9941800822392253_37.5483638189793609,280.0,41.0,원활,126.9941800822392253_37.5483638189793609|126.9938148610441147_37.5480370875412888|126.9920654888585432_37.5464836330589478
2026-09-04T09:00:31.559343+09:00,남산공원,남산공원,POI091,KEY_3,1020022000,소월로,1020194800,후암동 30-84,126.9814072594849534_37.5522852306242356,1020035004,남산도서관,126.9820441302999257_37.5522163769606223,59.0,31.0,원활,126.9820441302999257_37.5522163769606223|126.9819088129307261_37.5522833198760679|126.9817703707758199_37.5523143848202494|126.9814072594849534_37.5522852306242356
2026-09-04T09:00:31.559343+09:00,남산공원,남산공원,POI091,KEY_3,1020022501,소월로3길,1020035301,중구-용산구,126.9794359625306441_37.5533355630164678,1020035201,백범삼거리,126.9793662533445655_37.5529532246864122,43.0,27.7,원활,126.9793662533445655_37.5529532246864122|126.9793880800049521_37.5530117222789102|126.9794227439918330_37.5531347848289343|126.9794359625306441_37.5533355630164678
2026-09-04T09:00:31.559343+09:00,남산공원,남산공원,POI091,KEY_3,1020022601,소월로3길,1020035204,백범삼거리,126.9792622165397944_37.5530589862476134,1020035302,중구-용산구,126.9793003435379148_37.5533412224888679,32.0,18.0,서행,126.9793003435379148_37.5533412224888679|126.9792877259997397_37.5531495484006754|126.9792622165397944_37.5530589862476134
2026-09-04T09:00:31.559343+09:00,남산공원,남산공원,POI091,KEY_3,1020022701,소월로,1020035203,백범삼거리,126.9791523207287014_37.5529954657967551,1020035803,남산빌딩,126.9788197492435984_37.5538664469801802,105.0,36.0,원활,126.9788197492435984_37.5538664469801802|126.9788320848520584_37.5537936153429754|126.9788381662664420_37.5534787987545684|126.9788616301610205_37.5533455832039920|126.9789869852372135_37.5531767747786844|126.9791523207287014_37.5529954657967551
2026-09-04T09:00:31.559343+09:00,남산공원,남산공원,POI091,KEY_3,1020022705,소월로,1010109800,남대문로5가 431,126.9765972619878767_37.5555182701131471,1010000704,도동삼거리,126.9768636563198214_37.5560052120861414,59.0,23.0,서행,126.9768636563198214_37.5560052120861414|126.9768061889182320_37.5559210408862967|126.9767141186498520_37.5557820754249434|126.9766585950972626_37.5556855676206496|126.9765972619878767_37.5555182701131471
2026-09-04T09:00:31.559343+09:00,남산공원,남산공원,POI091,KEY_3,1020046700,회나무로,1020029604,주한잠비아대사관,126.9967777014190347_37.5409679675920387,1020029904,그랜드하얏트서울호텔,126.9967880247366026_37.5411677682187985,22.0,21.0,서행,126.9967880247366026_37.5411677682187985|126.9967728360006589_37.5410286281927483|126.9967777014190347_37.5409679675920387
2026-09-04T09:00:31.559343+09:00,남산공원,남산공원,POI091,KEY_3,1020046800,이태원로,1020029301,한강진역(서울6호선),127.0017194731485404_37.5403123179937737,1020030502,남산1호터널,127.0011475233860949_37.5426632134690550,272.0,29.0,원활,127.0011475233860949_37.5426632134690550|127.0015311515307985_37.5421016089276307|127.0015805456080216_37.5419085123277227|127.0015939913932499_37.5406247820271943|127.0016388950282931_37.5405067783538442|127.0017194731485404_37.5403123179937737
2026-09-04T09:00:31.559343+09:00,남산공원,남산공원,POI091,KEY_3,1020046900,삼일대로,1020175500,최소노드배치점,127.0035323192753083_37.5405885434105357,1020030502,남산1호터널,127.0011475233860949_37.5426632134690550,321.0,50.0,원활,127.0011475233860949_37.5426632134690550|127.0014421537468792_37.5421321890763622|127.0016477330503335_37.5418866360372547|127.0018907470175975_37.5416665641116509|127.0022358658835202_37.5414482134012175|127.0025860131714524_37.5412867858314456|127.0028559969429409_37.5411634273289678|127.0031181343200473_37.5410231206069369|127.0032721853626754_37.5409133593387665|127.0033897576778941_37.5407906749780054|127.0035115414202807_37.5406268074686480|127.0035323192753083_37.5405885434105357
2026-09-04T09:00:31.559343+09:00,남산공원,남산공원,POI091,KEY_3,1020048000,한남대로,1020032402,한남동 726-466,127.0025220578535681_37.5462372610228172,1020032900,버티고개삼거리,127.0026105037928943_37.5468688936416513,71.0,37.0,원활,127.0026105037928943_37.5468688936416513|127.0025188872698436_37.5463087905039785|127.0025220578535681_37.5462372610228172
2026-09-04T09:00:31.559343+09:00,남산공원,남산공원,POI091,KEY_3,1020048300,한남대로,1020032900,버티고개삼거리,127.0026105037928943_37.5468688936416513,1020032700,버티고개삼거리,127.0029447673493195_37.5467593288095358,44.0,22.0,서행,127.0029447673493195_37.5467593288095358|127.0029380695280992_37.5468203653495749|127.0029099083530042_37.5468760387726661|127.0028500298482896_37.5469141822217907|127.0027751791743782_37.5469261033197625|127.0027153173217584_37.5469271696922320|127.0026602253265509_37.5469004707433598|127.0026105037928943_37.5468688936416513
2026-09-04T09:00:31.559343+09:00,남산공원,남산공원,POI091,KEY_3,1020048700,한남대로,1020032900,버티고개삼거리,127.0026105037928943_37.5468688936416513,1020033200,버티고개삼거리,127.0025730838910363_37.5470327870720695,18.0,18.0,서행,127.0025730838910363_37.5470327870720695|127.0026105037928943_37.5468688936416513
2026-09-04T09:00:31.559343+09:00,남산공원,남산공원,POI091,KEY_3,1020048902,장충단로,1020039200,금곡마을,127.0025345027781754_37.5476975304652854,1020033400,버티고개삼거리,127.0030416859701603_37.5473790298105854,57.0,35.3,원활,127.0030416859701603_37.5473790298105854|127.0027348020271063_37.5475667685394185|127.0025345027781754_37.5476975304652854
2026-09-04T09:00:31.559343+09:00,남산공원,남산공원,POI091,KEY_3,1020049101,한남대로,1020033200,버티고개삼거리,127.0025730838910363_37.5470327870720695,1020033400,버티고개삼거리,127.0030416859701603_37.5473790298105854,61.0,31.0,원활,127.0030416859701603_37.5473790298105854|127.0028680107847805_37.5473504346501059|127.0027692048318926_37.5473075269365992|127.0026853679474499_37.5472336280425196|127.0025730838910363_37.5470327870720695
2026-09-04T09:00:31.559343+09:00,남산공원,남산공원,POI091,KEY_3,1020049200,한남대로,1020033200,버티고개삼거리,127.0025730838910363_37.5470327870720695,1020033602,한남동 산9-24,127.0018534544919646_37.5479854852196766,125.0,22.7,서행,127.0018534544919646_37.5479854852196766|127.0020491484872736_37.5478403427924476|127.0022886659577210_37.5475512907599622|127.0024084221392684_37.5473665367583962|127.0025730838910363_37.5470327870720695
2026-09-04T09:00:31.559343+09:00,남산공원,남산공원,POI091,KEY_3,1020049300,장충단로,1020033601,한남동 산9-19,127.0019447500765182_37.5480655221760529,1020039200,금곡마을,127.0025345027781754_37.5476975304652854,66.0,42.0,원활,127.0025345027781754_37.5476975304652854|127.0021706652056963_37.5479225801878513|127.0019447500765182_37.5480655221760529
2026-09-04T09:00:31.559343+09:00,남산공원,남산공원,POI091,KEY_3,1020052600,장충단로,1020039200,금곡마을,127.0025345027781754_37.5476975304652854,1020039300,버티고개삼거리,127.0035835950983483_37.5474410033304693,97.0,28.5,원활,127.0035835950983483_37.5474410033304693|127.0029323907036627_37.5475602162392121|127.0025345027781754_37.5476975304652854
2026-09-04T09:00:31.559343+09:00,뚝섬한강공원,뚝섬한강공원,POI093,KEY_1,1040000101,강변북로,1040007200,갈보리교회,127.0717090610578452_37.5301063396273378,1040007700,청담대교,127.0639048821844455_37.5319767570000238,723.0,71.8,원활,127.0639048821844455_37.5319767570000238|127.0641467011488999_37.5319005471695135|127.0644696731657177_37.5318097837486206|127.0647191200326773_37.5317507749984074|127.0648782042396334_37.5317238099468824|127.0651840667161281_37.5317014958161437|127.0655199521013117_37.5316906105589112|127.0657229190443616_37.5316733003715655|127.0659578374756506_37.5316385196029287|127.0662238405564892_37.5315862703501750|127.0675077088500728_37.5312398941677614|127.0688008468883226_37.5308922092799335|127.0697340200764529_37.5306450696274183|127.0708561697146166_37.5303333238003844|127.0717090610578452_37.5301063396273378
2026-09-04T09:00:31.559343+09:00,뚝섬한강공원,뚝섬한강공원,POI093,KEY_1,1040007500,강변북로,1040028701,청담대교,127.0701160723116203_37.5386945582041420,1040000201,청담대교(북측),127.0668012691852340_37.5315220172388280,848.0,18.5,정체,127.0668012691852340_37.5315220172388280|127.0669355263784155_37.5317815872931959|127.0672448702695760_37.5324328127955837|127.0677860749237738_37.5336261809339149|127.0685094362804364_37.5351779912987382|127.0689130346604259_37.5360918386047686|127.0694053089361546_37.5371700486358151|127.0701160723116203_37.5386945582041420
2026-09-04T09:00:31.559343+09:00,뚝섬한강공원,뚝섬한강공원,POI093,KEY_1,1040017500,동부간선도로,1040006500,청담대교(북측),127.0659058096508573_37.5295099655257971,1220054801,광진구-강남구,127.0638527269761511_37.5251377326585711,518.0,72.3,원활,127.0638527269761511_37.5251377326585711|127.0659058096508573_37.5295099655257971
2026-09-04T09:00:31.559343+09:00,뚝섬한강공원,뚝섬한강공원,POI093,KEY_1,1040017600,동부간선도로,1220054802,광진구-강남구,127.0637042681796913_37.5251816470201618,1040006700,청담대교(북측),127.0658040332418466_37.5296505595828407,530.0,21.0,정체,127.0658040332418466_37.5296505595828407|127.0637042681796913_37.5251816470201618
2026-09-04T09:00:31.559343+09:00,뚝섬한강공원,뚝섬한강공원,POI093,KEY_1,1040017800,강변북로,1040005500,자양동571,127.0891044140083466_37.5275091410896735,1040005300,잠실대교(북측),127.0862499791729050_37.5276278416706646,294.0,39.0,서행,127.0862499791729050_37.5276278416706646|127.0870098289398840_37.5278013091686447|127.0873723080057545_37.5279098933669459|127.0876710927343680_37.5280301791059827|127.0878690622159581_37.5281053971571410|127.0879961282403485_37.5281416129128687|127.0881232595525887_37.5281659046285085|127.0882280475711497_37.5281692511000173|127.0883254798830819_37.5281487237361020|127.0884230277934961_37.5281073290094156|127.0886296793605368_37.5279649582207568|127.0887725846017418_37.5278432327973945|127.0891044140083466_37.5275091410896735
2026-09-04T09:00:31.559343+09:00,뚝섬한강공원,뚝섬한강공원,POI093,KEY_1,1040019400,동부간선도로,1040007100,청담대교,127.0661780522084143_37.5301489062000044,1040006500,청담대교(북측),127.0659058096508573_37.5295099655257971,75.0,61.0,원활,127.0659058096508573_37.5295099655257971|127.0661780522084143_37.5301489062000044
2026-09-04T09:00:31.559343+09:00,뚝섬한강공원,뚝섬한강공원,POI093,KEY_1,1040020201,동부간선도로,1040007000,청담대교,127.0659084467373674_37.5304009255851980,1040000202,청담대교(북측),127.0666626111006252_37.5315665324150132,569.0,37.0,서행,127.0666626111006252_37.5315665324150132|127.0665844704566894_37.5314071710942372|127.0663149822559603_37.5307563124062753|127.0662000326143897_37.5305680838471929|127.0660846349030635_37.5304573613561558|127.0659765674722195_37.5303734944058007|127.0658273955304765_37.5302775525286307|127.0656033278221884_37.5301872968624579|127.0653603715604163_37.5301267824677822|127.0651883094761558_37.5301052814653744|127.0649974815679144_37.5300926545932185|127.0647877110491919_37.5301187114876384|127.0646601860693039_37.5301629565729868|127.0645287783082438_37.5302310369297629|127.0644234346550832_37.5303230605501739|127.0643403747003788_37.5304449770722925|127.0642833610659608_37.5305938192979269|127.0642749904788360_37.5307458218700916|127.0642928567745145_37.5308919599562856|127.0643409974126001_37.5309815689468493|127.0644079744791384_37.5310503797447552|127.0644900298670166_37.5311013604668062|127.0645983212158967_37.5311464756817443|127.0647590866586398_37.5311798598309210|127.0649312365971753_37.5311864561425708|127.0651485129710068_37.5311574458794723|127.0653548011039504_37.5310866600695121|127.0655163454597556_37.5309858989919221|127.0656895151263939_37.5308166154867990|127.0657988609960825_37.5306798898420055|127.0659084467373674_37.5304009255851980
2026-09-04T09:00:31.559343+09:00,뚝섬한강공원,뚝섬한강공원,POI093,KEY_1,1040020202,강변북로,1040000202,청담대교(북측),127.0666626111006252_37.5315665324150132,1040028702,청담대교,127.0699887106514012_37.5387318473572122,848.0,42.7,서행,127.0699887106514012_37.5387318473572122|127.0692776775772757_37.5372071673034355|127.0687850931199563_37.5361282739688562|127.0683816446363466_37.5352147721280858|127.0676584862117124_37.5336633852443669|127.0671174250280160_37.5324703344999904|127.0668031124959469_37.5318450873398533|127.0666626111006252_37.5315665324150132
2026-09-04T09:00:31.559343+09:00,뚝섬한강공원,뚝섬한강공원,POI093,KEY_1,1040020300,강변북로,1040007200,갈보리교회,127.0717090610578452_37.5301063396273378,1040006500,청담대교(북측),127.0659058096508573_37.5295099655257971,589.0,64.0,원활,127.0659058096508573_37.5295099655257971|127.0661422395284603_37.5299300856423272|127.0662624382071897_37.5301165444698057|127.0663782912479149_37.5302779469622081|127.0665122982715047_37.5304072202187626|127.0666286278227517_37.5304863472552910|127.0667584332606879_37.5305655233223590|127.0669376489558573_37.5306448802829351|127.0670946529859862_37.5306812285827149|127.0672831216946861_37.5307141142238834|127.0674897015057212_37.5307220260745638|127.0677188016304342_37.5307192874318076|127.0681369279238879_37.5306528494715437|127.0693822761927549_37.5304606472188951|127.0711311633638729_37.5301879846553135|127.0717090610578452_37.5301063396273378
2026-09-04T09:00:31.559343+09:00,뚝섬한강공원,뚝섬한강공원,POI093,KEY_1,1040020500,동부간선도로,1040000201,청담대교(북측),127.0668012691852340_37.5315220172388280,1040007100,청담대교,127.0661780522084143_37.5301489062000044,162.0,18.0,정체,127.0661780522084143_37.5301489062000044|127.0664052488033349_37.5306821173898300|127.0667157921235457_37.5313539937747009|127.0668012691852340_37.5315220172388280
2026-09-04T09:00:31.559343+09:00,뚝섬한강공원,뚝섬한강공원,POI093,KEY_1,1040021000,동부간선도로,1040006700,청담대교(북측),127.0658040332418466_37.5296505595828407,1040009000,자양동97-1,127.0609155736685238_37.5329350367471548,667.0,63.5,원활,127.0609155736685238_37.5329350367471548|127.0635781208483195_37.5322247311841934|127.0648539404698596_37.5318789459323554|127.0650767295477550_37.5317936319202801|127.0653158181221016_37.5317034610872753|127.0654788496418206_37.5315939721514624|127.0656013167870384_37.5315067692669189|127.0657049770766918_37.5314172115909841|127.0658172245582875_37.5313035896028282|127.0659108411356186_37.5311780017973362|127.0659843578464603_37.5310296063900140|127.0660360753247318_37.5309057555864598|127.0660617534609145_37.5307962695734290|127.0660878117391661_37.5306432775922545|127.0660919911500457_37.5304921755342349|127.0660746323654990_37.5303480953147215|127.0660169856809460_37.5301263983296920|127.0658040332418466_37.5296505595828407
2026-09-04T09:00:31.559343+09:00,뚝섬한강공원,뚝섬한강공원,POI093,KEY_1,1040021300,강변북로,1040008900,영동대교(북측),127.0622180343810612_37.5327754229746304,1040007100,청담대교,127.0661780522084143_37.5301489062000044,509.0,64.3,원활,127.0661780522084143_37.5301489062000044|127.0662091213532250_37.5303319154962338|127.0662279483586872_37.5304881872226304|127.0662234250055747_37.5306517647420890|127.0661958813128507_37.5308134783766079|127.0661678792534133_37.5309328767341057|127.0661120615257715_37.5310665481004193|127.0660331851003662_37.5312257613005116|127.0659294695478962_37.5313648977888334|127.0658084369414951_37.5314874122535613|127.0656967341885206_37.5315839185092415|127.0655679104062585_37.5316756480466083|127.0653898901095005_37.5317952023784045|127.0651352239816987_37.5318912483707550|127.0649091457236040_37.5319778229982433|127.0637001264982189_37.5323719601884278|127.0622180343810612_37.5327754229746304
2026-09-04T09:00:31.559343+09:00,뚝섬한강공원,뚝섬한강공원,POI093,KEY_1,1040022900,강변북로,1040028500,뚝섬한강공원벽천마당,127.0614388129309447_37.5326114973567044,1040008500,영동대교북측(남측),127.0584975332097599_37.5323485831343291,299.0,47.3,서행,127.0584975332097599_37.5323485831343291|127.0586732895560260_37.5324789717091889|127.0587699459401705_37.5325926128592471|127.0588552316242925_37.5327300595365685|127.0589407991397479_37.5328198106204880|127.0590489151475424_37.5328947406158733|127.0591385071375470_37.5329368094717353|127.0592505754695907_37.5329759819797673|127.0593664405883203_37.5330062244541409|127.0594824115241863_37.5330185818925273|127.0596283980437136_37.5330191263591999|127.0597595173028367_37.5330017284285375|127.0599319339068529_37.5329636179149517|127.0603781675341111_37.5328311326851605|127.0605468755547491_37.5327870441264153|127.0607343336554607_37.5327370639507691|127.0609329701540418_37.5326960678981081|127.0611090765655149_37.5326669124135179|127.0614388129309447_37.5326114973567044
2026-09-04T09:00:31.559343+09:00,뚝섬한강공원,뚝섬한강공원,POI093,KEY_1,1040023200,강변북로,1040028500,뚝섬한강공원벽천마당,127.0614388129309447_37.5326114973567044,1040009400,성동구-광진구,127.0589888489411123_37.5333278313286485,231.0,45.5,서행,127.0589888489411123_37.5333278313286485|127.0593730424238856_37.5332076489046926|127.0601146754208912_37.5329776536316828|127.0604866550777530_37.5328683822143034|127.0607385812359098_37.5328044512337371|127.0609664941108861_37.5327499710006336|127.0611464257032139_37.5327067587713472|127.0614388129309447_37.5326114973567044
2026-09-04T09:00:31.559343+09:00,뚝섬한강공원,뚝섬한강공원,POI093,KEY_1,1040040100,동부간선도로,1040006700,청담대교(북측),127.0658040332418466_37.5296505595828407,1040007000,청담대교,127.0659084467373674_37.5304009255851980,84.0,48.0,서행,127.0659084467373674_37.5304009255851980|127.0658993527911917_37.5302722000947497|127.0658767209621232_37.5300648130206937|127.0658040332418466_37.5296505595828407
2026-09-04T09:00:31.559343+09:00,뚝섬한강공원,뚝섬한강공원,POI093,KEY_1,1040040200,강변북로,1040007000,청담대교,127.0659084467373674_37.5304009255851980,1040028600,청담대교,127.0628710918014548_37.5322113847492105,364.0,51.3,원활,127.0628710918014548_37.5322113847492105|127.0645647717664133_37.5316794398258153|127.0649620402024738_37.5315528754805783|127.0651954679026687_37.5314848059559907|127.0653391000813741_37.5314239369300040|127.0654333429809810_37.5313666711772527|127.0655455274282843_37.5312879398512464|127.0656307704089016_37.5312092233928993|127.0656935509832692_37.5311162159748619|127.0657563020179310_37.5309910265765865|127.0658100480931978_37.5308372344698995|127.0658458430619930_37.5306941805669751|127.0658906280394405_37.5305618489558483|127.0659084467373674_37.5304009255851980
2026-09-04T09:00:31.559343+09:00,망원한강공원,망원한강공원,POI094,KEY_2,1130001502,양화로,1130019500,양화대교(북측),126.9088702991146818_37.5473486190442571,1130020700,양화대교(북측),126.9110864738484850_37.5486558094690892,247.0,53.7,원활,126.9110864738484850_37.5486558094690892|126.9104702975695886_37.5484316205709661|126.9102030567186858_37.5483158501774241|126.9098751447166222_37.5481333274638018|126.9095562311644869_37.5479092035175839|126.9088702991146818_37.5473486190442571
2026-09-04T09:00:31.559343+09:00,망원한강공원,망원한강공원,POI094,KEY_2,1130001503,양화로,1130020700,양화대교(북측),126.9110864738484850_37.5486558094690892,1130021204,합정동 402,126.9117526504634554_37.5488099012589700,61.0,33.0,원활,126.9117526504634554_37.5488099012589700|126.9114095304818335_37.5487362312337467|126.9110864738484850_37.5486558094690892
2026-09-04T09:00:31.559343+09:00,망원한강공원,망원한강공원,POI094,KEY_2,1130047000,강변북로,1130020801,양화대교(북측),126.9101361694712296_37.5485270306192120,1130020700,양화대교(북측),126.9110864738484850_37.5486558094690892,85.0,45.7,서행,126.9110864738484850_37.5486558094690892|126.9102173533760265_37.5485274362036847|126.9101361694712296_37.5485270306192120
2026-09-04T09:00:31.559343+09:00,망원한강공원,망원한강공원,POI094,KEY_2,1130001504,양화로,1130021201,합정동 402,126.9118842718870042_37.5488389364112436,1130052000,합정역8번출구,126.9125610162048474_37.5489924297706352,62.0,44.0,원활,126.9125610162048474_37.5489924297706352|126.9125108300752061_37.5489801444249309|126.9123320541385880_37.5489398539158543|126.9118842718870042_37.5488389364112436
2026-09-04T09:00:31.559343+09:00,망원한강공원,망원한강공원,POI094,KEY_2,1130001505,양화로,1130052000,합정역8번출구,126.9125610162048474_37.5489924297706352,1130021604,합정역교차로,126.9133271355590011_37.5492481379057494,74.0,38.0,원활,126.9133271355590011_37.5492481379057494|126.9131511937065824_37.5491581588815038|126.9128784491420845_37.5490701385518264|126.9125610162048474_37.5489924297706352
2026-09-04T09:00:31.559343+09:00,망원한강공원,망원한강공원,POI094,KEY_2,1130001602,양화로,1130020600,양화대교(북측),126.9111269978420609_37.5485526161926089,1130019000,양화대교(북측),126.9089758149120399_37.5472798488198407,240.0,9.0,정체,126.9089758149120399_37.5472798488198407|126.9096499332892023_37.5478308424299101|126.9099592463067125_37.5480482193369483|126.9102746337613610_37.5482237702880965|126.9105310887964890_37.5483348678804703|126.9111269978420609_37.5485526161926089
2026-09-04T09:00:31.559343+09:00,망원한강공원,망원한강공원,POI094,KEY_2,1130001603,양화로,1130021203,합정동 402,126.9117684440008702_37.5487013098127989,1130020600,양화대교(북측),126.9111269978420609_37.5485526161926089,59.0,9.0,정체,126.9111269978420609_37.5485526161926089|126.9114474860303403_37.5486323980145400|126.9117684440008702_37.5487013098127989
2026-09-04T09:00:31.559343+09:00,망원한강공원,망원한강공원,POI094,KEY_2,1130001605,양화로,1130021800,합정역8번출구,126.9126009251802998_37.5488890850710817,1130021202,합정동 402,126.9119017412713788_37.5487305057125056,64.0,9.0,정체,126.9119017412713788_37.5487305057125056|126.9123690393006569_37.5488358216645253|126.9125492819859886_37.5488764427686803|126.9126009251802998_37.5488890850710817
2026-09-04T09:00:31.559343+09:00,망원한강공원,망원한강공원,POI094,KEY_2,1130001606,양화로,1130021603,합정역교차로,126.9133979744090510_37.5491558635704337,1130021800,합정역8번출구,126.9126009251802998_37.5488890850710817,77.0,9.0,정체,126.9126009251802998_37.5488890850710817|126.9129239950553085_37.5489681728266333|126.9132139348755288_37.5490617432278029|126.9133979744090510_37.5491558635704337
2026-09-04T09:00:31.559343+09:00,망원한강공원,망원한강공원,POI094,KEY_2,1130001901,강변북로,1130017400,양화대교(북측),126.9083263926780347_37.5461870828408806,1130018500,양화대교(북측),126.9073251434053304_37.5469921878426263,126.0,43.0,서행,126.9073251434053304_37.5469921878426263|126.9079528426240131_37.5464989216316312|126.9083263926780347_37.5461870828408806
2026-09-04T09:00:31.559343+09:00,망원한강공원,망원한강공원,POI094,KEY_2,1130001902,강변북로,1130018500,양화대교(북측),126.9073251434053304_37.5469921878426263,1130021700,양화대교(북측),126.9048603023906736_37.5488546051941512,300.0,18.0,정체,126.9048603023906736_37.5488546051941512|126.9072221258290227_37.5470731409600376|126.9073251434053304_37.5469921878426263
2026-09-04T09:00:31.559343+09:00,망원한강공원,망원한강공원,POI094,KEY_2,1130002001,강변북로,1130018900,양화대교(북측),126.9079628582625361_37.5476071802752429,1130017700,양화대교(북측),126.9091923154714152_37.5466689501214006,150.0,16.0,정체,126.9091923154714152_37.5466689501214006|126.9079628582625361_37.5476071802752429
2026-09-04T09:00:31.559343+09:00,망원한강공원,망원한강공원,POI094,KEY_2,1130002002,강변북로,1130022700,양화대교(북측),126.9055080199198642_37.5489541612342776,1130018900,양화대교(북측),126.9079628582625361_37.5476071802752429,264.0,16.0,정체,126.9079628582625361_37.5476071802752429|126.9073936673337926_37.5479978199623545|126.9069694275231797_37.5482389414567947|126.9064914428329871_37.5484583282313551|126.9055080199198642_37.5489541612342776
2026-09-04T09:00:31.559343+09:00,망원한강공원,망원한강공원,POI094,KEY_2,1130002003,강변북로,1130001000,동인리버빌2차,126.9029266853274578_37.5507642647602324,1130022700,양화대교(북측),126.9055080199198642_37.5489541612342776,304.0,16.0,정체,126.9055080199198642_37.5489541612342776|126.9050478801057693_37.5492753502968384|126.9029266853274578_37.5507642647602324
2026-09-04T09:00:31.559343+09:00,망원한강공원,망원한강공원,POI094,KEY_2,1130002101,양화로,1130021601,합정역교차로,126.9134396891751067_37.5493101529960995,1130022800,합정역(서울2호선),126.9139380043217500_37.5496171809286139,56.0,18.0,서행,126.9139380043217500_37.5496171809286139|126.9138232146117105_37.5495337692831868|126.9134396891751067_37.5493101529960995
2026-09-04T09:00:31.559343+09:00,망원한강공원,망원한강공원,POI094,KEY_2,1130002102,양화로,1130022800,합정역(서울2호선),126.9139380043217500_37.5496171809286139,1130024304,누아갤러리,126.9154925570157388_37.5507467776258252,186.0,18.0,서행,126.9154925570157388_37.5507467776258252|126.9142500058633658_37.5498438974214181|126.9139380043217500_37.5496171809286139
2026-09-04T09:00:31.559343+09:00,망원한강공원,망원한강공원,POI094,KEY_2,1130002201,양화로,1130022400,합정역5번출구,126.9140295476794051_37.5495373218593258,1130021602,합정역교차로,126.9135099145764940_37.5492170875193594,58.0,14.0,정체,126.9135099145764940_37.5492170875193594|126.9139093521257280_37.5494499807109747|126.9140295476794051_37.5495373218593258
2026-09-04T09:00:31.559343+09:00,망원한강공원,망원한강공원,POI094,KEY_2,1130002202,양화로,1130073600,합정동 402,126.9143415490859326_37.5497640377180701,1130022400,합정역5번출구,126.9140295476794051_37.5495373218593258,37.0,14.0,정체,126.9140295476794051_37.5495373218593258|126.9143415490859326_37.5497640377180701
2026-09-04T09:00:31.559343+09:00,망원한강공원,망원한강공원,POI094,KEY_2,1130002302,강변북로,1130021700,양화대교(북측),126.9048603023906736_37.5488546051941512,1130025700,망원안내센터,126.9007654903283679_37.5519545470431098,499.0,38.0,서행,126.9007654903283679_37.5519545470431098|126.9031163427670492_37.5502021941284241|126.9039187278760892_37.5495836910314580|126.9048603023906736_37.5488546051941512
2026-09-04T09:00:31.559343+09:00,망원한강공원,망원한강공원,POI094,KEY_2,1130002303,강변북로,1130025700,망원안내센터,126.9007654903283679_37.5519545470431098,1130028000,성산대교(북측),126.8963688755541455_37.5552314842199308,532.0,20.0,정체,126.8963688755541455_37.5552314842199308|126.9007654903283679_37.5519545470431098
2026-09-04T09:00:31.559343+09:00,망원한강공원,망원한강공원,POI094,KEY_2,1130002401,강변북로,1130051800,망원안내센터,126.9009570824425310_37.5522283841895188,1130001000,동인리버빌2차,126.9029266853274578_37.5507642647602324,238.0,16.0,정체,126.9029266853274578_37.5507642647602324|126.9009570824425310_37.5522283841895188
2026-09-04T09:00:31.559343+09:00,망원한강공원,망원한강공원,POI094,KEY_2,1130002402,강변북로,1130027900,성산대교(북측),126.8972467448848818_37.5549676744905199,1130051800,망원안내센터,126.9009570824425310_37.5522283841895188,447.0,16.0,정체,126.9009570824425310_37.5522283841895188|126.8972467448848818_37.5549676744905199
2026-09-04T09:00:31.559343+09:00,망원한강공원,망원한강공원,POI094,KEY_2,1130003401,강변북로,1130028500,성산대교(북측),126.8963294092971381_37.5558625828289365,1130027900,성산대교(북측),126.8972467448848818_37.5549676744905199,128.0,60.0,원활,126.8972467448848818_37.5549676744905199|126.8970402802669923_37.5551901202604625|126.8966418585040685_37.5555636932406571|126.8963294092971381_37.5558625828289365
2026-09-04T09:00:31.559343+09:00,망원한강공원,망원한강공원,POI094,KEY_2,1130003402,강변북로,1130030400,성산대교(북측),126.8947848919604837_37.5573821483062815,1130028500,성산대교(북측),126.8963294092971381_37.5558625828289365,217.0,51.0,원활,126.8963294092971381_37.5558625828289365|126.8955775076021837_37.5566063745334304|126.8949481528685936_37.5571969694140364|126.8947848919604837_37.5573821483062815
2026-09-04T09:00:31.559343+09:00,망원한강공원,망원한강공원,POI094,KEY_2,1130003900,강변북로,1130201400,최소노드배치점,126.8947142757485977_37.5570261297014412,1130034300,성산지하차도,126.8987170904777031_37.5621054838341308,789.0,72.5,원활,126.8987170904777031_37.5621054838341308|126.8969536987574855_37.5615846732236918|126.8963662923212468_37.5614278506331800|126.8961199007135576_37.5613335826976993|126.8958557676520229_37.5612106063692224|126.8956902323749318_37.5611203281630139|126.8954532341929990_37.5609760266916481|126.8951942332924432_37.5607743757100181|126.8949800523225804_37.5605872628649635|126.8948420294957060_37.5604291583902281|126.8947087021021645_37.5602460363635160|126.8946021053882873_37.5600916699249439|126.8944959424210310_37.5598836467254458|126.8944166539394161_37.5596864927554392|126.8943291310609283_37.5593962890377000|126.8942944005902547_37.5592458680922050|126.8942732661792689_37.5590812073427287|126.8942613210597443_37.5588915539580199|126.8942718716697442_37.5586984383601603|126.8943005688038568_37.5584839520411649|126.8943379626907983_37.5583052827078205|126.8944118820898979_37.5580552564431471|126.8947142757485977_37.5570261297014412
2026-09-04T09:00:31.559343+09:00,망원한강공원,망원한강공원,POI094,KEY_2,1130004000,내부순환도로,1130199400,최소노드배치점,126.8958737769441854_37.5567231575300013,1130051800,망원안내센터,126.9009570824425310_37.5522283841895188,675.0,73.0,원활,126.9009570824425310_37.5522283841895188|126.9004216665100273_37.5527558689880081|126.8992644896432012_37.5536192522852588|126.8974878493433636_37.5549623897843006|126.8970581227338243_37.5553179179575167|126.8967684876836159_37.5555739988053006|126.8965601593328500_37.5557768354810761|126.8963650204589584_37.5560155115119159|126.8960834710524210_37.5563825258058159|126.8958737769441854_37.5567231575300013
2026-09-04T09:00:31.559343+09:00,망원한강공원,망원한강공원,POI094,KEY_2,1130004101,성산로,1130001702,성산대교(북측),126.8942680586532674_37.5573968828278240,1130032200,망원동297-2,126.8950002147612537_37.5586295530031435,151.0,44.0,원활,126.8950002147612537_37.5586295530031435|126.8946622839659284_37.5580572433595918|126.8942680586532674_37.5573968828278240
2026-09-04T09:00:31.559343+09:00,망원한강공원,망원한강공원,POI094,KEY_2,1130004102,성산로,1130032200,망원동297-2,126.8950002147612537_37.5586295530031435,1130051700,성산대교(북측),126.8965663447275745_37.5604484258084454,248.0,49.7,원활,126.8965663447275745_37.5604484258084454|126.8961956061885417_37.5601962475844360|126.8960004414220890_37.5600454039845530|126.8957681063122038_37.5598307646228093|126.8955523404559216_37.5595645510922296|126.8950002147612537_37.5586295530031435
2026-09-04T09:00:31.559343+09:00,망원한강공원,망원한강공원,POI094,KEY_2,1130004201,성산로,1130032000,성산대교(북측),126.8948869795846548_37.5581835345159192,1130001701,성산대교(북측),126.8943813250255772_37.5573346406202617,104.0,51.0,원활,126.8943813250255772_37.5573346406202617|126.8947851168518781_37.5580110236248075|126.8948869795846548_37.5581835345159192
2026-09-04T09:00:31.559343+09:00,망원한강공원,망원한강공원,POI094,KEY_2,1130004202,성산로,1130033100,성산대교(북측),126.8962400098648260_37.5600798445252551,1130032000,성산대교(북측),126.8948869795846548_37.5581835345159192,244.0,59.7,원활,126.8948869795846548_37.5581835345159192|126.8956713880452583_37.5595120093113124|126.8958771300655002_37.5597658566190375|126.8960993848130840_37.5599711823067182|126.8962400098648260_37.5600798445252551
2026-09-04T09:00:31.559343+09:00,망원한강공원,망원한강공원,POI094,KEY_2,1130046300,양화진길,1130020001,합정동 406,126.9124089735466470_37.5477549671771911,1130021800,합정역8번출구,126.9126009251802998_37.5488890850710817,178.0,12.0,정체,126.9126009251802998_37.5488890850710817|126.9129052599318044_37.5488590463041163|126.9130897233898594_37.5488362968600953|126.9126784164114241_37.5482505084113853|126.9124089735466470_37.5477549671771911
2026-09-04T09:00:31.559343+09:00,망원한강공원,망원한강공원,POI094,KEY_2,1130004301,강변북로,1130028000,성산대교(북측),126.8963688755541455_37.5552314842199308,1130031400,성산대교(북측),126.8934765616889280_37.5578619363347244,389.0,19.0,정체,126.8934765616889280_37.5578619363347244|126.8941287036934114_37.5571376348293455|126.8945911533620006_37.5567226042710089|126.8949875801237539_37.5563790865756957|126.8953713328322834_37.5560456826038447|126.8957040277104795_37.5557573830465401|126.8959563276929146_37.5555665113359325|126.8962264597457050_37.5553376236581471|126.8963688755541455_37.5552314842199308
2026-09-04T09:00:31.559343+09:00,망원한강공원,망원한강공원,POI094,KEY_2,1130004401,강변북로,1130031800,성산대교(북측),126.8940421199747988_37.5581045142548078,1130030400,성산대교(북측),126.8947848919604837_37.5573821483062815,104.0,44.3,서행,126.8947848919604837_37.5573821483062815|126.8940421199747988_37.5581045142548078
2026-09-04T09:00:31.559343+09:00,망원한강공원,망원한강공원,POI094,KEY_2,1130004402,강변북로,1130033200,성산대교,126.8911412406119865_37.5603058527702629,1130031800,성산대교(북측),126.8940421199747988_37.5581045142548078,356.0,52.0,원활,126.8940421199747988_37.5581045142548078|126.8937299682216917_37.5583640487572197|126.8932455301918196_37.5588122892025851|126.8927341561938960_37.5592568126717694|126.8923676674887275_37.5595661444779694|126.8920015830471186_37.5598253972085629|126.8918072327847568_37.5599639069689175|126.8911412406119865_37.5603058527702629
2026-09-04T09:00:31.559343+09:00,망원한강공원,망원한강공원,POI094,KEY_2,1130012504,독막로,1130052100,합정역7번출구,126.9140173730645671_37.5487741682980598,1130021603,합정역교차로,126.9133979744090510_37.5491558635704337,71.0,24.0,서행,126.9133979744090510_37.5491558635704337|126.9135406193636584_37.5489949395947065|126.9136811129909290_37.5488909851792201|126.9137974866256258_37.5488341856604748|126.9139631942102255_37.5487857147723645|126.9140173730645671_37.5487741682980598
2026-09-04T09:00:31.559343+09:00,망원한강공원,망원한강공원,POI094,KEY_2,1130012505,독막로,1130136100,합정동 402,126.9148352538110629_37.5486026780129691,1130052100,합정역7번출구,126.9140173730645671_37.5487741682980598,75.0,35.0,원활,126.9140173730645671_37.5487741682980598|126.9143677077482124_37.5486995039643006|126.9148352538110629_37.5486026780129691
2026-09-04T09:00:31.559343+09:00,망원한강공원,망원한강공원,POI094,KEY_2,1130012601,독막로,1130021602,합정역교차로,126.9135099145764940_37.5492170875193594,1130021400,합정역6번출구,126.9140524865152884_37.5488786114665416,63.0,7.0,정체,126.9140524865152884_37.5488786114665416|126.9140042501253305_37.5488888909759595|126.9138569670299148_37.5489319720761685|126.9137636338956270_37.5489775269032293|126.9136434160954963_37.5490664775041694|126.9135099145764940_37.5492170875193594
2026-09-04T09:00:31.559343+09:00,망원한강공원,망원한강공원,POI094,KEY_2,1130014101,월드컵로,1130021604,합정역교차로,126.9133271355590011_37.5492481379057494,1130022900,합정역9번출구,126.9130418149968449_37.5497885897765329,65.0,14.0,정체,126.9130418149968449_37.5497885897765329|126.9130982247336163_37.5496351327381603|126.9132269055929783_37.5494015408536583|126.9133271355590011_37.5492481379057494
2026-09-04T09:00:31.559343+09:00,망원한강공원,망원한강공원,POI094,KEY_2,1130014201,월드컵로,1130023000,합정역9번출구,126.9131721455813278_37.5498189592265703,1130021601,합정역교차로,126.9134396891751067_37.5493101529960995,61.0,26.0,원활,126.9134396891751067_37.5493101529960995|126.9133494569869924_37.5494482548088371|126.9132260984452927_37.5496721848271662|126.9131721455813278_37.5498189592265703
2026-09-04T09:00:31.559343+09:00,망원한강공원,망원한강공원,POI094,KEY_2,1130044800,강변북로,1130020600,양화대교(북측),126.9111269978420609_37.5485526161926089,1130018200,양화대교(북측),126.9102416078398505_37.5466718111709170,232.0,5.0,정체,126.9102416078398505_37.5466718111709170|126.9103448964562659_37.5473430570484155|126.9103986365779804_37.5476503707893841|126.9104238574202981_37.5477756999008818|126.9105048846684127_37.5479460230307964|126.9105824276039556_37.5480835372061037|126.9106640651950073_37.5481763558913002|126.9108350419256226_37.5483352032103284|126.9109652588307142_37.5484401893999191|126.9111269978420609_37.5485526161926089
2026-09-04T09:00:31.559343+09:00,망원한강공원,망원한강공원,POI094,KEY_2,1130045800,강변북로,1130018400,양화대교북측(서측),126.9079539251361695_37.5465977422113681,1130021700,양화대교(북측),126.9048603023906736_37.5488546051941512,399.0,21.5,정체,126.9048603023906736_37.5488546051941512|126.9055266718272748_37.5485396853818898|126.9064149434197049_37.5481399277629464|126.9066089514169136_37.5480371639153034|126.9068527465944953_37.5478881448283275|126.9078918069258606_37.5471671825859303|126.9080115554062900_37.5470801412585331|126.9080494888386426_37.5470177297965719|126.9080763318795846_37.5469373771126413|126.9080619926768776_37.5468568175705784|126.9080364933849836_37.5467672582688436|126.9079539251361695_37.5465977422113681
2026-09-04T09:00:31.559343+09:00,망원한강공원,망원한강공원,POI094,KEY_2,1130045900,양화로,1130156400,합정동 380-8,126.9118151967610686_37.5482356448082584,1130021203,합정동 402,126.9117684440008702_37.5487013098127989,52.0,16.0,서행,126.9117684440008702_37.5487013098127989|126.9118151967610686_37.5482356448082584
2026-09-04T09:00:31.559343+09:00,망원한강공원,망원한강공원,POI094,KEY_2,1130046100,강변북로,1130018500,양화대교(북측),126.9073251434053304_37.5469921878426263,1130021100,양화대교(북측),126.9082218508906692_37.5486104598507637,242.0,35.0,서행,126.9082218508906692_37.5486104598507637|126.9079481053933449_37.5485697378756456|126.9077374574621047_37.5485042916332930|126.9075136716404160_37.5483958525956893|126.9073528686301700_37.5482769965683474|126.9072370781374417_37.5481476349090215|126.9071571446287834_37.5480291853937302|126.9070864795459102_37.5478750095152094|126.9070561930063690_37.5477281913991590|126.9070570707658732_37.5476173016963841|126.9070763730902627_37.5474492689457051|126.9071136463088436_37.5472813269097330|126.9071729281685634_37.5471707299992374|126.9073251434053304_37.5469921878426263
2026-09-04T09:00:31.559343+09:00,망원한강공원,망원한강공원,POI094,KEY_2,1130047100,강변북로,1130019500,양화대교(북측),126.9088702991146818_37.5473486190442571,1130018900,양화대교(북측),126.9079628582625361_37.5476071802752429,325.0,28.0,정체,126.9079628582625361_37.5476071802752429|126.9077617869843664_37.5478774454727855|126.9077121956132999_37.5479934562309055|126.9076963242405185_37.5481066551844478|126.9077181031041022_37.5481932140098991|126.9077660192914578_37.5482888473825298|126.9078179629540131_37.5483487286568902|126.9079222970304244_37.5484118529214044|126.9080081489424288_37.5484450747764527|126.9081353007526332_37.5484635982839308|126.9086293112116124_37.5484899213285814|126.9087792323046813_37.5484698053234780|126.9089407869166877_37.5483990700973962|126.9090537868644617_37.5483131857162320|126.9091257452737693_37.5482092100341518|126.9091714952716217_37.5481051033266340|126.9091836210362487_37.5479918850748717|126.9091696574317609_37.5478636307128539|126.9091072118532821_37.5477112859805118|126.9090111415095521_37.5475498305376476|126.9088702991146818_37.5473486190442571
2026-09-04T09:00:31.559343+09:00,망원한강공원,망원한강공원,POI094,KEY_2,1130048200,강변북로,1130022700,양화대교(북측),126.9055080199198642_37.5489541612342776,1130021100,양화대교(북측),126.9082218508906692_37.5486104598507637,251.0,45.5,서행,126.9082218508906692_37.5486104598507637|126.9077408467245789_37.5486438201896675|126.9074846758116024_37.5486532667477277|126.9072960385176003_37.5486451656873541|126.9070761497593764_37.5486118667423909|126.9068607830846673_37.5485750129122451|126.9067171008075690_37.5485635595252205|126.9065733056602454_37.5485664137284303|126.9063889048232880_37.5485905279660344|126.9062583330403129_37.5486256435050336|126.9055080199198642_37.5489541612342776
2026-09-04T09:00:31.559343+09:00,망원한강공원,망원한강공원,POI094,KEY_2,1130048500,양화로,1130022400,합정역5번출구,126.9140295476794051_37.5495373218593258,1130021400,합정역6번출구,126.9140524865152884_37.5488786114665416,86.0,14.0,정체,126.9140524865152884_37.5488786114665416|126.9139230246069445_37.5489343484288156|126.9138762522378556_37.5489900978359401|126.9138420413620167_37.5490572990694389|126.9138329563527492_37.5491459732028474|126.9138508086349617_37.5492446788838663|126.9140295476794051_37.5495373218593258
2026-09-04T09:00:31.559343+09:00,망원한강공원,망원한강공원,POI094,KEY_2,1130049000,양화로,1130052000,합정역8번출구,126.9125610162048474_37.5489924297706352,1130022900,합정역9번출구,126.9130418149968449_37.5497885897765329,105.0,25.0,원활,126.9130418149968449_37.5497885897765329|126.9130618100318912_37.5495401812596441|126.9130421428666295_37.5494586372446904|126.9130134806158026_37.5493885292777207|126.9129740362242984_37.5493212749275216|126.9129004782609655_37.5492368304858175|126.9125610162048474_37.5489924297706352
2026-09-04T09:00:31.559343+09:00,망원한강공원,망원한강공원,POI094,KEY_2,1130049300,양화로,1130023000,합정역9번출구,126.9131721455813278_37.5498189592265703,1130022800,합정역(서울2호선),126.9139380043217500_37.5496171809286139,76.0,24.0,서행,126.9139380043217500_37.5496171809286139|126.9136402094506622_37.5496006797627686|126.9135395936122848_37.5496106180248574|126.9134569354612267_37.5496277214884771|126.9133796540536849_37.5496562715165325|126.9131721455813278_37.5498189592265703
2026-09-04T09:00:31.559343+09:00,망원한강공원,망원한강공원,POI094,KEY_2,1130051100,강변북로,1130024903,망원동 211-48,126.9028611241875382_37.5513378254563790,1130001000,동인리버빌2차,126.9029266853274578_37.5507642647602324,67.0,31.0,서행,126.9029266853274578_37.5507642647602324|126.9028126717339262_37.5509453472569632|126.9027897505136622_37.5510720564586151|126.9027991886800919_37.5511826770461639|126.9028254134930478_37.5512780539479394|126.9028588751143047_37.5513352948506878|126.9028611241875382_37.5513378254563790
2026-09-04T09:00:31.559343+09:00,망원한강공원,망원한강공원,POI094,KEY_2,1130052801,성산로,1130197900,최소노드배치점,126.8921036592381171_37.5538194662087861,1130051600,성산대교(북측),126.8939006534653657_37.5567814362906276,365.0,49.0,원활,126.8939006534653657_37.5567814362906276|126.8921036592381171_37.5538194662087861
2026-09-04T09:00:31.559343+09:00,망원한강공원,망원한강공원,POI094,KEY_2,1130052802,성산로,1130051600,성산대교(북측),126.8939006534653657_37.5567814362906276,1130001702,성산대교(북측),126.8942680586532674_37.5573968828278240,76.0,43.0,원활,126.8942680586532674_37.5573968828278240|126.8939006534653657_37.5567814362906276
2026-09-04T09:00:31.559343+09:00,망원한강공원,망원한강공원,POI094,KEY_2,1130054500,강변북로,1130030200,성산대교(북측),126.8959477838967871_37.5573272909178115,1130028500,성산대교(북측),126.8963294092971381_37.5558625828289365,167.0,51.5,원활,126.8963294092971381_37.5558625828289365|126.8962548200340024_37.5560109538974203|126.8961901567778057_37.5561358257255833|126.8960829348993116_37.5564303980136032|126.8960440488294239_37.5566090603388716|126.8960201868548268_37.5567818370500675|126.8959949779797540_37.5571215438861472|126.8959477838967871_37.5573272909178115
2026-09-04T09:00:31.559343+09:00,망원한강공원,망원한강공원,POI094,KEY_2,1130054600,강변북로,1130028000,성산대교(북측),126.8963688755541455_37.5552314842199308,1130029500,성산대교(북측),126.8939091133735531_37.5565467017228869,326.0,42.7,서행,126.8939091133735531_37.5565467017228869|126.8941160039223490_37.5567491270422238|126.8942322184528422_37.5568248446779336|126.8943307792081328_37.5568611223742863|126.8944698084482781_37.5568940303965704|126.8946000245683479_37.5569054298960339|126.8947079483467917_37.5568952521194745|126.8948519626013791_37.5568673720655255|126.8949782349178150_37.5568107838051546|126.8950776352305496_37.5567433262311141|126.8952272699656163_37.5565759637522874|126.8953411542366894_37.5564406025223079|126.8960393752678470_37.5556106937079477|126.8961527713011748_37.5554789163318645|126.8963688755541455_37.5552314842199308
2026-09-04T09:00:31.559343+09:00,망원한강공원,망원한강공원,POI094,KEY_2,1130055100,강변북로,1130030200,성산대교(북측),126.8959477838967871_37.5573272909178115,1130031400,성산대교(북측),126.8934765616889280_37.5578619363347244,298.0,40.0,서행,126.8934765616889280_37.5578619363347244|126.8935715870818655_37.5577801484427098|126.8938020760769518_37.5576167799939142|126.8944847836780241_37.5570980087808479|126.8947239079309526_37.5569776093695822|126.8952461613477141_37.5568515063165833|126.8954622110283879_37.5568061082511946|126.8956193864642330_37.5568176449194340|126.8957223845461613_37.5568610991157641|126.8958473271129890_37.5569690551372233|126.8959003502932745_37.5570802200584239|126.8959309083641926_37.5571912705501774|126.8959477838967871_37.5573272909178115
2026-09-04T09:00:31.559343+09:00,망원한강공원,망원한강공원,POI094,KEY_2,1130055600,성산로,1130001701,성산대교(북측),126.8943813250255772_37.5573346406202617,1130029500,성산대교(북측),126.8939091133735531_37.5565467017228869,97.0,20.0,서행,126.8939091133735531_37.5565467017228869|126.8940231764855895_37.5567347016886757|126.8943813250255772_37.5573346406202617
2026-09-04T09:00:31.559343+09:00,망원한강공원,망원한강공원,POI094,KEY_2,1130056200,강변북로,1130030400,성산대교(북측),126.8947848919604837_37.5573821483062815,1130032000,성산대교(북측),126.8948869795846548_37.5581835345159192,302.0,33.3,서행,126.8948869795846548_37.5581835345159192|126.8950464902944901_37.5582798803510869|126.8951406178000667_37.5583089805873769|126.8953021456018462_37.5583384252499357|126.8954280162047326_37.5583319153729320|126.8955405500953191_37.5583074511124764|126.8956443012299502_37.5582579015376083|126.8956941314630313_37.5582080753949441|126.8957350329097835_37.5581510495894904|126.8957489756507186_37.5580938855421920|126.8958222373852891_37.5573680845716851|126.8958094802783023_37.5572785889986918|126.8957786337305009_37.5572033096052138|126.8957475572415774_37.5571566465653888|126.8957029717622191_37.5571134917800222|126.8955955389453294_37.5570628608098858|126.8954833521016923_37.5570444001368173|126.8953889660117085_37.5570474943645962|126.8952674755185512_37.5570683348415173|126.8951682775213072_37.5571107540445794|126.8947848919604837_37.5573821483062815
2026-09-04T09:00:31.559343+09:00,망원한강공원,망원한강공원,POI094,KEY_2,1130057100,강변북로,1130033100,성산대교(북측),126.8962400098648260_37.5600798445252551,1130030200,성산대교(북측),126.8959477838967871_37.5573272909178115,314.0,51.0,원활,126.8959477838967871_37.5573272909178115|126.8958285842760176_37.5586225282904849|126.8958024250376582_37.5588942629468718|126.8958129054658315_37.5590803325226474|126.8958353298008888_37.5592712320608726|126.8958938158745582_37.5594480078332751|126.8959817962853549_37.5596821688064466|126.8960524974649928_37.5598303891524452|126.8961169487055258_37.5599177650610443|126.8962400098648260_37.5600798445252551
2026-09-04T09:00:31.559343+09:00,망원한강공원,망원한강공원,POI094,KEY_2,1130057200,강변북로,1130031400,성산대교(북측),126.8934765616889280_37.5578619363347244,1130032600,성산대교(북측),126.8944996981634006_37.5595429958823459,239.0,30.0,서행,126.8944996981634006_37.5595429958823459|126.8941294575235332_37.5593605658435763|126.8938607550015405_37.5592482928689790|126.8936729614436558_37.5591328575938022|126.8935435829644405_37.5590177224764972|126.8934368449610588_37.5588812396137470|126.8933615604962029_37.5587449184117617|126.8933178448669281_37.5585944503053000|126.8932965095752934_37.5584548296853100|126.8933112370545899_37.5583010842876703|126.8933302832502790_37.5581688252532899|126.8933808399575440_37.5580295741042107|126.8934765616889280_37.5578619363347244
2026-09-04T09:00:31.559343+09:00,망원한강공원,망원한강공원,POI094,KEY_2,1130057600,강변북로,1130032200,망원동297-2,126.8950002147612537_37.5586295530031435,1130031800,성산대교(북측),126.8940421199747988_37.5581045142548078,296.0,41.7,서행,126.8940421199747988_37.5581045142548078|126.8938006897265183_37.5584165792352991|126.8937232601420106_37.5585449619723732|126.8936684125329748_37.5586591508701986|126.8936495121976407_37.5587735243936720|126.8936709924894188_37.5588952602886152|126.8937374944070342_37.5590064959451837|126.8938133878040446_37.5590676986530951|126.8939028207753950_37.5591218154273392|126.8942162540165697_37.5592593590031356|126.8944268626905654_37.5593319831374330|126.8945211364593462_37.5593431983093211|126.8946470364907526_37.5593331123366880|126.8947912005788936_37.5592873477212734|126.8949221728727252_37.5592057430569781|126.8949992832976932_37.5591167075910022|126.8950313433697943_37.5590417506482055|126.8950410538536175_37.5589523695953105|126.8950002147612537_37.5586295530031435
2026-09-04T09:00:31.559343+09:00,망원한강공원,망원한강공원,POI094,KEY_2,1130057700,강변북로,1130033200,성산대교,126.8911412406119865_37.5603058527702629,1130032600,성산대교(북측),126.8944996981634006_37.5595429958823459,326.0,50.3,원활,126.8944996981634006_37.5595429958823459|126.8943293941725443_37.5594872710125642|126.8941530411086944_37.5594386700603451|126.8939286622046154_37.5594017467735526|126.8937640802613203_37.5593794378865411|126.8935933902019855_37.5593714067652158|126.8934495642020437_37.5593754378597282|126.8932726515631657_37.5593959919852907|126.8931075851383383_37.5594333006925396|126.8929244098583382_37.5594872098278643|126.8926237686871303_37.5596192130071884|126.8919590517301259_37.5599472802490411|126.8911412406119865_37.5603058527702629
2026-09-04T09:00:31.559343+09:00,망원한강공원,망원한강공원,POI094,KEY_2,1130058000,강변북로,1130032600,성산대교(북측),126.8944996981634006_37.5595429958823459,1130033300,성산대교(북측),126.8960313586577939_37.5602532631850607,157.0,48.7,서행,126.8960313586577939_37.5602532631850607|126.8959204715099958_37.5601846338889942|126.8958161077995186_37.5601244796121350|126.8952608916589497_37.5598783857262077|126.8944996981634006_37.5595429958823459
2026-09-04T09:00:31.559343+09:00,망원한강공원,망원한강공원,POI094,KEY_2,1130077600,강변북로,1130051600,성산대교(북측),126.8939006534653657_37.5567814362906276,1130032901,상암동 1536-5,126.8907763104595432_37.5602411617639333,509.0,36.0,서행,126.8907763104595432_37.5602411617639333|126.8914515481813510_37.5599570068259894|126.8916725966885934_37.5598508291836310|126.8919166058800556_37.5596839575910550|126.8921021123249062_37.5595275151353363|126.8923374234193773_37.5593248246021076|126.8928854144154599_37.5587982156387596|126.8936462934091765_37.5580616421300277|126.8938410402452490_37.5578730495400208|126.8939317463245260_37.5577697750056032|126.8939818668525277_37.5576841793648271|126.8940368585594598_37.5575521047411414|126.8940509166800297_37.5574806322605426|126.8940609464013676_37.5573519041138013|126.8940571775176807_37.5572624542587903|126.8940267098289780_37.5571406724921744|126.8939006534653657_37.5567814362906276
2026-09-04T09:00:31.559343+09:00,망원한강공원,망원한강공원,POI094,KEY_2,1130087500,양화로3길,1130115600,합정동 407,126.9116969527201491_37.5495270854960594,1130021201,합정동 402,126.9118842718870042_37.5488389364112436,78.0,18.0,서행,126.9118842718870042_37.5488389364112436|126.9118474626460227_37.5490170505902370|126.9116969527201491_37.5495270854960594
2026-09-04T09:00:31.559343+09:00,반포한강공원,반포한강공원,POI095,KEY_3,1210004500,올림픽대로,1210473500,최소노드배치점,126.9849859864246895_37.5052572539861941,1210043100,반포동 1337-4,126.9909393086859950_37.5067245440807682,553.0,29.0,정체,126.9909393086859950_37.5067245440807682|126.9901890908383422_37.5064390997933188|126.9898392708057742_37.5063085407043388|126.9896210377246319_37.5062459316056049|126.9891672180945790_37.5061253742093896|126.9890092184601258_37.5060903943060140|126.9869005703152567_37.5056505401000209|126.9849859864246895_37.5052572539861941
2026-09-04T09:00:31.559343+09:00,반포한강공원,반포한강공원,POI095,KEY_3,1210004600,올림픽대로,1210473600,최소노드배치점,126.9850464041665674_37.5050791504093013,1190028801,동작구-서초구,126.9789823584474249_37.5046639518026268,541.0,40.0,서행,126.9789823584474249_37.5046639518026268|126.9802303681690603_37.5046617417532460|126.9819135711866238_37.5046512840886379|126.9826048000792440_37.5046692674508506|126.9832197188299574_37.5047158428743330|126.9836326487822618_37.5047874181129828|126.9840096720059250_37.5048554109620085|126.9850464041665674_37.5050791504093013
2026-09-04T09:00:31.559343+09:00,반포한강공원,반포한강공원,POI095,KEY_3,1210004901,올림픽대로,1210043100,반포동 1337-4,126.9909393086859950_37.5067245440807682,1210044300,반포동 115-6,126.9939814359000110_37.5081015369480752,310.0,54.5,원활,126.9939814359000110_37.5081015369480752|126.9931929722786066_37.5077169948010720|126.9918464285245676_37.5070696761976734|126.9909393086859950_37.5067245440807682
2026-09-04T09:00:31.559343+09:00,반포한강공원,반포한강공원,POI095,KEY_3,1210004902,올림픽대로,1210044300,반포동 115-6,126.9939814359000110_37.5081015369480752,1210046300,미니스톱반포1점,127.0028235957947658_37.5124656549612254,920.0,44.5,서행,127.0028235957947658_37.5124656549612254|127.0024892527280258_37.5122549419168081|127.0019326101089803_37.5119367005065172|127.0003435122797271_37.5111714802009573|126.9985614268103404_37.5102989599209735|126.9966940965352222_37.5094085307340350|126.9946741968714150_37.5084393965799947|126.9939814359000110_37.5081015369480752
2026-09-04T09:00:31.559343+09:00,반포한강공원,반포한강공원,POI095,KEY_3,1210005301,올림픽대로,1210467000,최소노드배치점,127.0063311684586722_37.5151321080427280,1210048600,한남대교분기점,127.0116483973796164_37.5197328756636708,694.0,37.0,서행,127.0116483973796164_37.5197328756636708|127.0113381325108008_37.5194347621186211|127.0111530941337463_37.5192706692185212|127.0109430122922873_37.5190843650138959|127.0098205372895421_37.5181189800994872|127.0087474791721576_37.5172072192485331|127.0063311684586722_37.5151321080427280
2026-09-04T09:00:31.559343+09:00,반포한강공원,반포한강공원,POI095,KEY_3,1210024100,동작대로,1210042300,동작대교,126.9806649648760128_37.5057967542173571,1210037600,동작구-서초구,126.9811003133906979_37.5023416866593706,402.0,59.5,원활,126.9811003133906979_37.5023416866593706|126.9807516982350393_37.5027332272799541|126.9806465756221598_37.5029030100310194|126.9805412999374425_37.5031160553451315|126.9804608919166640_37.5033252141313085|126.9804082986606772_37.5035319177264057|126.9803587674843186_37.5038518205309757|126.9803461438776395_37.5044511123134754|126.9803862384570579_37.5047636480202087|126.9804912197440103_37.5051623242331402|126.9806649648760128_37.5057967542173571
2026-09-04T09:00:31.559343+09:00,반포한강공원,반포한강공원,POI095,KEY_3,1210026605,반포대로,1210044902,반포대교,126.9992921995695951_37.5086549273924064,1210045500,반포대교,126.9985814437733325_37.5101401536037926,176.0,14.0,정체,126.9985814437733325_37.5101401536037926|126.9992921995695951_37.5086549273924064
2026-09-04T09:00:31.559343+09:00,반포한강공원,반포한강공원,POI095,KEY_3,1210026705,반포대로,1210051600,반포대교,126.9986967105539293_37.5101806127401289,1210044901,반포대교,126.9994191248414523_37.5086931506571730,177.0,24.0,서행,126.9994191248414523_37.5086931506571730|126.9986967105539293_37.5101806127401289
2026-09-04T09:00:31.559343+09:00,반포한강공원,반포한강공원,POI095,KEY_3,1210058200,현충로,1190029000,동작구-서초구,126.9791771252401844_37.5043272220037096,1210040500,한강홍수통제소앞,126.9826300808937276_37.5044384633158856,306.0,17.0,서행,126.9826300808937276_37.5044384633158856|126.9821116639992766_37.5043498801840158|126.9818418690978774_37.5043382205551197|126.9791771252401844_37.5043272220037096
2026-09-04T09:00:31.559343+09:00,반포한강공원,반포한강공원,POI095,KEY_3,1210058300,동작대로,1210042300,동작대교,126.9806649648760128_37.5057967542173571,1210040500,한강홍수통제소앞,126.9826300808937276_37.5044384633158856,316.0,50.0,원활,126.9826300808937276_37.5044384633158856|126.9820741456918398_37.5043962636629544|126.9814073885070229_37.5043800380098489|126.9809749282143798_37.5043960917430752|126.9808838035022802_37.5044214124037936|126.9808013490878125_37.5044628578957528|126.9807434859177704_37.5045100638647781|126.9806928462777478_37.5045699409240783|126.9806668008969837_37.5046240636632362|126.9806479788473865_37.5046873985579055|126.9806436204795972_37.5047691631819120|126.9806776952086693_37.5049367323332348|126.9806964559726055_37.5051071767794966|126.9807036988778037_37.5053218983415277|126.9806732534744356_37.5056051937505188|126.9806649648760128_37.5057967542173571
2026-09-04T09:00:31.559343+09:00,반포한강공원,반포한강공원,POI095,KEY_3,1210060300,올림픽대로,1210040500,한강홍수통제소앞,126.9826300808937276_37.5044384633158856,1210043100,반포동 1337-4,126.9909393086859950_37.5067245440807682,784.0,64.0,원활,126.9909393086859950_37.5067245440807682|126.9904059126604068_37.5066141279368068|126.9884504673063219_37.5062670272108889|126.9881455542998765_37.5062037004910778|126.9879783094321226_37.5061457399460565|126.9877752733192295_37.5060685444103257|126.9851906749843380_37.5049268930149537|126.9846346495238834_37.5048147648617061|126.9833132594171730_37.5045609687905426|126.9826300808937276_37.5044384633158856
2026-09-04T09:00:31.559343+09:00,반포한강공원,반포한강공원,POI095,KEY_3,1210061500,올림픽대로,1210044300,반포동 115-6,126.9939814359000110_37.5081015369480752,1210051500,반포대교JC,126.9982337024220413_37.5097200726367461,417.0,46.5,서행,126.9982337024220413_37.5097200726367461|126.9973859716003517_37.5093492024963311|126.9967144131025520_37.5090534435411271|126.9961887876295634_37.5088651853329011|126.9950834353601437_37.5085218184218760|126.9946891821507080_37.5083865812520614|126.9939814359000110_37.5081015369480752
2026-09-04T09:00:31.559343+09:00,반포한강공원,반포한강공원,POI095,KEY_3,1210062500,올림픽대로,1210051700,잠원동116,126.9996578059465548_37.5103108362172506,1210046300,미니스톱반포1점,127.0028235957947658_37.5124656549612254,370.0,17.0,정체,127.0028235957947658_37.5124656549612254|127.0019652362981617_37.5117753427098535|127.0008853712997166_37.5109658997057878|127.0006022424074246_37.5107739154575412|126.9996578059465548_37.5103108362172506
2026-09-04T09:00:31.559343+09:00,반포한강공원,반포한강공원,POI095,KEY_3,1210062700,반포대로,1210467200,최소노드배치점,126.9975047366202716_37.5127959116777916,1210045100,잠수교,126.9991848898787055_37.5093357874198716,412.0,34.0,원활,126.9991848898787055_37.5093357874198716|126.9989266448896927_37.5098764854581717|126.9985869159005603_37.5105542301294363|126.9975047366202716_37.5127959116777916
2026-09-04T09:00:31.559343+09:00,반포한강공원,반포한강공원,POI095,KEY_3,1210066800,올림픽대로,1210051500,반포대교JC,126.9982337024220413_37.5097200726367461,1210045500,반포대교,126.9985814437733325_37.5101401536037926,63.0,26.0,정체,126.9985814437733325_37.5101401536037926|126.9985769843182197_37.5099470979996710|126.9985693289548720_37.5099110072666377|126.9985492264190583_37.5098763453739963|126.9985149122531993_37.5098453314676092|126.9982337024220413_37.5097200726367461
2026-09-04T09:00:31.559343+09:00,반포한강공원,반포한강공원,POI095,KEY_3,1210067000,올림픽대로,1210051600,반포대교,126.9986967105539293_37.5101806127401289,1210051700,잠원동116,126.9996578059465548_37.5103108362172506,96.0,25.0,정체,126.9996578059465548_37.5103108362172506|126.9990482172973145_37.5100741732167009|126.9989802461160338_37.5100528260487920|126.9989066249661533_37.5100606019608733|126.9988506241951711_37.5100816939465815|126.9987820786087838_37.5101227060872446|126.9986967105539293_37.5101806127401289
2026-09-04T09:00:31.559343+09:00,반포한강공원,반포한강공원,POI095,KEY_3,1210178600,반포대로,1210467400,최소노드배치점,126.9972314575511376_37.5132225242302439,1210051600,반포대교,126.9986967105539293_37.5101806127401289,362.0,50.0,원활,126.9986967105539293_37.5101806127401289|126.9972314575511376_37.5132225242302439
2026-09-04T09:00:31.559343+09:00,보라매공원,보라매공원,POI123,KEY_4,1190013200,보라매로5길,1190170600,신대방동 395-61,126.9227366705831628_37.4904668646938362,1200025701,신림동 808-152,126.9226317395202983_37.4900265482961004,50.0,17.0,서행,126.9226317395202983_37.4900265482961004|126.9227366705831628_37.4904668646938362
2026-09-04T09:00:31.559343+09:00,보라매공원,보라매공원,POI123,KEY_4,1190013300,보라매로5길,1190131900,신대방동 395-61,126.9227968309863712_37.4912988693119473,1190004903,한국컴퓨터(주),126.9229285536427057_37.4918515944887218,62.0,10.0,정체,126.9229285536427057_37.4918515944887218|126.9227968309863712_37.4912988693119473
2026-09-04T09:00:31.559343+09:00,보라매공원,보라매공원,POI123,KEY_4,1190013600,보라매로5길,1200026503,전문건설회관,126.9245918446947883_37.4916188514920350,1190004902,한국컴퓨터(주),126.9230618642969404_37.4918314235246157,137.0,15.0,서행,126.9230618642969404_37.4918314235246157|126.9245918446947883_37.4916188514920350
2026-09-04T09:00:31.559343+09:00,보라매공원,보라매공원,POI123,KEY_4,1190013700,보라매로5길-보라매로,1190004901,한국컴퓨터(주),126.9230872448197687_37.4919376497595991,1200026504,전문건설회관,126.9246181163629643_37.4917249529024517,137.0,7.0,정체,126.9246181163629643_37.4917249529024517|126.9230872448197687_37.4919376497595991
2026-09-04T09:00:31.559343+09:00,보라매공원,보라매공원,POI123,KEY_4,1190014000,보라매로5길,1190000601,속성변화점,126.9233297358312456_37.4929500653999170,1190004901,한국컴퓨터(주),126.9230872448197687_37.4919376497595991,114.0,13.0,정체,126.9230872448197687_37.4919376497595991|126.9231928492696966_37.4923785585905094|126.9233297358312456_37.4929500653999170
2026-09-04T09:00:31.559343+09:00,보라매공원,보라매공원,POI123,KEY_4,1190014100,보라매로5길,1190004904,한국컴퓨터(주),126.9229539576708277_37.4919579182738758,1190000602,속성변화점,126.9232218613518768_37.4930764401332155,126.0,8.0,정체,126.9232218613518768_37.4930764401332155|126.9230595613653776_37.4923988272215638|126.9229539576708277_37.4919579182738758
2026-09-04T09:00:31.559343+09:00,보라매공원,보라매공원,POI123,KEY_4,1190014200,보라매로5길,1200027503,신대방동 395-61,126.9248443409804281_37.4927208881633547,1190000601,속성변화점,126.9233297358312456_37.4929500653999170,136.0,9.0,정체,126.9233297358312456_37.4929500653999170|126.9248443409804281_37.4927208881633547
2026-09-04T09:00:31.559343+09:00,보라매공원,보라매공원,POI123,KEY_4,1190014300,보라매로5길,1190000602,속성변화점,126.9232218613518768_37.4930764401332155,1200027504,신대방동 395-61,126.9248696580128808_37.4928271104749058,148.0,6.0,정체,126.9248696580128808_37.4928271104749058|126.9232218613518768_37.4930764401332155
2026-09-04T09:00:31.559343+09:00,보라매공원,보라매공원,POI123,KEY_4,1190015300,여의대방로16길,1190181700,최소노드배치점,126.9182577898026381_37.4944467326277220,1180002803,보라매공원입구교차로,126.9174794396136008_37.4971467344705047,315.0,14.5,정체,126.9174794396136008_37.4971467344705047|126.9176836590731341_37.4965740922622217|126.9183531540798526_37.4946616280406104|126.9183686092806482_37.4945698810985348|126.9183390140503604_37.4944936652096104|126.9182657352436649_37.4944478893438102|126.9182577898026381_37.4944467326277220
2026-09-04T09:00:31.559343+09:00,북서울꿈의숲,북서울꿈의숲,POI096,KEY_1,1070021501,월계로,1080212200,번동 105,127.0454848732878901_37.6210311282169911,1070039703,상아A빌딩,127.0455536192900894_37.6211584974991595,15.0,9.0,정체,127.0455536192900894_37.6211584974991595|127.0454848732878901_37.6210311282169911
2026-09-04T09:00:31.559343+09:00,북서울꿈의숲,북서울꿈의숲,POI096,KEY_1,1070021502,월계로,1070039704,상아A빌딩,127.0456077776519521_37.6212588607164733,1070039804,장월초등학교,127.0462802478580642_37.6221704051017340,118.0,40.0,원활,127.0462802478580642_37.6221704051017340|127.0460826413426645_37.6219610511300928|127.0459327948366735_37.6217868126396553|127.0458240259468710_37.6216374117474786|127.0457124630564039_37.6214528913420452|127.0456077776519521_37.6212588607164733
2026-09-04T09:00:31.559343+09:00,북서울꿈의숲,북서울꿈의숲,POI096,KEY_1,1070021503,월계로,1070039801,장월초등학교,127.0463893459632345_37.6222718031564298,1070040104,번동 47-33,127.0477746747576333_37.6231889255401484,160.0,38.0,원활,127.0477746747576333_37.6231889255401484|127.0470806863630031_37.6227988312367785|127.0468342172890459_37.6226363551742295|127.0466273780273809_37.6224821817550179|127.0464543217501188_37.6223301948852296|127.0463893459632345_37.6222718031564298
2026-09-04T09:00:31.559343+09:00,북서울꿈의숲,북서울꿈의숲,POI096,KEY_1,1070077300,월계로,1080229400,최소노드배치점,127.0425458966283827_37.6177250516263371,1080001103,북서울꿈의숲동문앞교차로,127.0446748612530001_37.6195665141872198,279.0,45.5,원활,127.0446748612530001_37.6195665141872198|127.0445434286952491_37.6194076045613102|127.0445063415358931_37.6193663455268492|127.0443041935552770_37.6191414572316631|127.0441253531880079_37.6189406021498485|127.0439433826660718_37.6187603121031415|127.0438459398562259_37.6186763310502315|127.0437764753761201_37.6186164629460791|127.0430953054205077_37.6181150210598076|127.0429818097745880_37.6180344625877012|127.0425458966283827_37.6177250516263371
2026-09-04T09:00:31.559343+09:00,북서울꿈의숲,북서울꿈의숲,POI096,KEY_1,1080003204,오현로,1080006102,공주능입구,127.0361318047046382_37.6185224922539447,1080005001,미아동 1-46,127.0350143207193696_37.6168346850441679,212.0,31.0,원활,127.0350143207193696_37.6168346850441679|127.0350450205997959_37.6168659193167940|127.0351051242240885_37.6169501420465764|127.0355840328240618_37.6176862852074336|127.0361318047046382_37.6185224922539447
2026-09-04T09:00:31.559343+09:00,북서울꿈의숲,북서울꿈의숲,POI096,KEY_1,1080003205,오현로,1080218800,번동 120-6,127.0377100072892915_37.6221811532617565,1080006101,공주능입구,127.0361964670142925_37.6186211961319685,422.0,25.5,원활,127.0361964670142925_37.6186211961319685|127.0366822973561653_37.6193626991985397|127.0370572117887917_37.6199956178654062|127.0371336632409083_37.6201486851583482|127.0373786759467691_37.6207278050103326|127.0374520264741562_37.6208954639794300|127.0376240978868907_37.6212887683658153|127.0376661828446885_37.6214224371594526|127.0376912506485638_37.6215578980299483|127.0376974714457958_37.6216876454460802|127.0377100072892915_37.6221811532617565
2026-09-04T09:00:31.559343+09:00,북서울꿈의숲,북서울꿈의숲,POI096,KEY_1,1080004105,한천로109길,1080208500,번동 255,127.0420690581762670_37.6279992677586677,1080010102,번동 621-19,127.0416119537741935_37.6276598609258457,55.0,8.0,정체,127.0416119537741935_37.6276598609258457|127.0420187146939668_37.6279488633456367|127.0420690581762670_37.6279992677586677
2026-09-04T09:00:31.559343+09:00,북서울꿈의숲,북서울꿈의숲,POI096,KEY_1,1080021702,월계로37길,1080007609,한진아파트,127.0447534824117497_37.6251483626267031,1080007604,번동256,127.0442817402998372_37.6257590785054745,80.0,9.0,정체,127.0442817402998372_37.6257590785054745|127.0444325615691952_37.6255389083081369|127.0447534824117497_37.6251483626267031
2026-09-04T09:00:31.559343+09:00,북서울꿈의숲,북서울꿈의숲,POI096,KEY_1,1080004106,한천로109길,1080011802,번동주공3단지,127.0440770025255404_37.6286515288063796,1080011202,서울번동3행복주택아파트,127.0435150678661529_37.6284354077918337,55.0,7.0,정체,127.0435150678661529_37.6284354077918337|127.0435547632801416_37.6284436795084574|127.0438912618911047_37.6285611704831382|127.0440770025255404_37.6286515288063796
2026-09-04T09:00:31.559343+09:00,북서울꿈의숲,북서울꿈의숲,POI096,KEY_1,1080004205,한천로109길,1080184600,번동 237,127.0427839829520025_37.6284666162161940,1080011204,서울번동3행복주택아파트,127.0433528053765997_37.6285175086048156,51.0,23.0,서행,127.0433528053765997_37.6285175086048156|127.0428809652419915_37.6284971376578525|127.0427839829520025_37.6284666162161940
2026-09-04T09:00:31.559343+09:00,북서울꿈의숲,북서울꿈의숲,POI096,KEY_1,1080004206,한천로109길,1080011201,서울번동3행복주택아파트,127.0434806136058654_37.6285399963380627,1080011803,번동주공3단지,127.0439811538381178_37.6287316404037995,49.0,25.0,원활,127.0439811538381178_37.6287316404037995|127.0438281850549629_37.6286572246620068|127.0435099364932228_37.6285461066658158|127.0434806136058654_37.6285399963380627
2026-09-04T09:00:31.559343+09:00,북서울꿈의숲,북서울꿈의숲,POI096,KEY_1,1080004500,한천로,1080011803,번동주공3단지,127.0439811538381178_37.6287316404037995,1080012402,강북구민운동장앞교차로,127.0415727990643262_37.6305731360132114,296.0,39.0,원활,127.0415727990643262_37.6305731360132114|127.0423787483356648_37.6300923495313384|127.0425736317070999_37.6299654196215769|127.0427335814493119_37.6298462694465030|127.0428767999803767_37.6297240329487224|127.0430753819527894_37.6295469330440824|127.0438304230867317_37.6288647723450964|127.0439811538381178_37.6287316404037995
2026-09-04T09:00:31.559343+09:00,북서울꿈의숲,북서울꿈의숲,POI096,KEY_1,1080004600,한천로,1080012401,강북구민운동장앞교차로,127.0416350558218568_37.6306711503403477,1080011804,번동주공3단지,127.0440991156767581_37.6287890258468778,303.0,20.0,서행,127.0440991156767581_37.6287890258468778|127.0439319559293239_37.6289366684336386|127.0431771323927848_37.6296186341803107|127.0429772698638544_37.6297968753689887|127.0428298867321075_37.6299226669884987|127.0426632627233943_37.6300467886447123|127.0424626389235101_37.6301774580572825|127.0416350558218568_37.6306711503403477
2026-09-04T09:00:31.559343+09:00,북서울꿈의숲,북서울꿈의숲,POI096,KEY_1,1080015400,오현로14길,1080006101,공주능입구,127.0361964670142925_37.6186211961319685,1080005002,미아동 1-46,127.0349215753503671_37.6167528715441719,280.0,6.0,정체,127.0349215753503671_37.6167528715441719|127.0351942306662778_37.6166226459324378|127.0352928677290549_37.6166308749319427|127.0353588654271988_37.6166712266560381|127.0356435851497565_37.6171017620031733|127.0360212110051208_37.6177079799055250|127.0360542021376205_37.6178339504861370|127.0362695727076670_37.6185048628651515|127.0362641784160616_37.6185739441696469|127.0361964670142925_37.6186211961319685
2026-09-04T09:00:31.559343+09:00,북서울꿈의숲,북서울꿈의숲,POI096,KEY_1,1080015500,오현로14길,1080005001,미아동 1-46,127.0350143207193696_37.6168346850441679,1080006102,공주능입구,127.0361318047046382_37.6185224922539447,238.0,10.0,정체,127.0361318047046382_37.6185224922539447|127.0361320240584178_37.6185223391783623|127.0361325857837045_37.6185151347067404|127.0359217561974532_37.6178583626048422|127.0358916952279742_37.6177435813682948|127.0355225275374238_37.6171509393017303|127.0352524323656667_37.6167425194599261|127.0352404895300253_37.6167352169135611|127.0352252421694317_37.6167339447655849|127.0350143207193696_37.6168346850441679
2026-09-04T09:00:31.559343+09:00,북서울꿈의숲,북서울꿈의숲,POI096,KEY_1,1080018800,월계로37길,1070039804,장월초등학교,127.0462802478580642_37.6221704051017340,1080007608,한진아파트,127.0448198705373954_37.6250619397698642,349.0,23.0,서행,127.0448198705373954_37.6250619397698642|127.0453450135076423_37.6243212278256181|127.0456012798674124_37.6239530578342141|127.0457084490999335_37.6237865698143992|127.0458936597036370_37.6233822610333704|127.0460292216023248_37.6230767528485188|127.0461048454251483_37.6228581131876467|127.0461799710472519_37.6225013577183987|127.0462802478580642_37.6221704051017340
2026-09-04T09:00:31.559343+09:00,북서울꿈의숲,북서울꿈의숲,POI096,KEY_1,1080018900,월계로37길,1080007607,한진아파트,127.0449382769235172_37.6251150462080020,1070039801,장월초등학교,127.0463893459632345_37.6222718031564298,343.0,17.5,서행,127.0463893459632345_37.6222718031564298|127.0463132410816485_37.6225229805389176|127.0462377569169377_37.6228814445038537|127.0461590058405363_37.6231091250770504|127.0460216130153981_37.6234187606445261|127.0458332841501630_37.6238298786935417|127.0457212714792377_37.6240038919443620|127.0454636802138850_37.6243739655881626|127.0449382769235172_37.6251150462080020
2026-09-04T09:00:31.559343+09:00,북서울꿈의숲,북서울꿈의숲,POI096,KEY_1,1080020100,오현로20길,1080008903,해모로아파트105동,127.0385479471585626_37.6265558089872272,1080008002,완성아파트,127.0371753798906269_37.6253812312944618,183.0,30.5,원활,127.0371753798906269_37.6253812312944618|127.0373865258954567_37.6254464105757265|127.0374723547953408_37.6254993073195436|127.0376130935286199_37.6256213246378124|127.0380278108809051_37.6261848950123294|127.0381864572136550_37.6263361879287004|127.0382783505832549_37.6264047223438922|127.0384625439472188_37.6265165208501031|127.0385479471585626_37.6265558089872272
2026-09-04T09:00:31.559343+09:00,북서울꿈의숲,북서울꿈의숲,POI096,KEY_1,1080021500,오현로20길,1080009303,아파트상가,127.0397069872915949_37.6269553768017602,1080008902,해모로아파트105동,127.0386566892210709_37.6265997184016427,101.0,30.0,원활,127.0386566892210709_37.6265997184016427|127.0391230076543820_37.6267655400595871|127.0397069872915949_37.6269553768017602
2026-09-04T09:00:31.559343+09:00,북서울꿈의숲,북서울꿈의숲,POI096,KEY_1,1080021701,월계로37길,1080185000,번동 256,127.0437488865762816_37.6280740361808839,1080011203,서울번동3행복주택아파트,127.0433601734675619_37.6284095497175457,51.0,19.0,서행,127.0433601734675619_37.6284095497175457|127.0437488865762816_37.6280740361808839
2026-09-04T09:00:31.559343+09:00,북서울꿈의숲,북서울꿈의숲,POI096,KEY_1,1080021802,월계로37길,1080011202,서울번동3행복주택아파트,127.0435150678661529_37.6284354077918337,1080007602,번동256,127.0443694314072616_37.6258666177173566,311.0,23.0,서행,127.0443694314072616_37.6258666177173566|127.0443210064716055_37.6259591777217111|127.0442363585700321_37.6261572535861575|127.0441698358856257_37.6263623268706837|127.0441476477345049_37.6264985778802554|127.0441476968119190_37.6265815559266841|127.0441477060896034_37.6265972422084900|127.0441549271426851_37.6267838635792202|127.0442426045886464_37.6276417934187677|127.0441796981021838_37.6278187878592476|127.0441054805433794_37.6279257969587420|127.0439308155152958_37.6280765589696458|127.0438488574726676_37.6281473007031764|127.0435150678661529_37.6284354077918337
2026-09-04T09:00:31.559343+09:00,북서울꿈의숲,북서울꿈의숲,POI096,KEY_1,1080022700,한천로109길,1080205800,번동 169-5,127.0406038520408316_37.6272645775239454,1080009302,아파트상가,127.0398425759986054_37.6270004561003049,73.0,21.0,서행,127.0398425759986054_37.6270004561003049|127.0406038520408316_37.6272645775239454
2026-09-04T09:00:31.559343+09:00,북서울꿈의숲,북서울꿈의숲,POI096,KEY_1,1080037600,한천로,1080011801,번동주공3단지,127.0441968074792385_37.6287098107447235,1080008701,번3동주민센터앞교차로,127.0474743171278078_37.6266650981888233,371.0,31.5,원활,127.0474743171278078_37.6266650981888233|127.0473273772282425_37.6268399554471671|127.0471539551732860_37.6270058848037934|127.0470082596104220_37.6271400052395038|127.0468653303486803_37.6272550342901226|127.0467033487024082_37.6273517590571771|127.0465136682868916_37.6274472079137112|127.0449742738199888_37.6282150406539841|127.0447102237135653_37.6283555849654192|127.0445296378400997_37.6284654564684047|127.0443468073827802_37.6285945736058807|127.0441968074792385_37.6287098107447235
2026-09-04T09:00:31.559343+09:00,북서울꿈의숲,북서울꿈의숲,POI096,KEY_1,1080037700,한천로,1080008704,번3동주민센터앞교차로,127.0473612995861998_37.6266050192641117,1080011802,번동주공3단지,127.0440770025255404_37.6286515288063796,372.0,15.0,서행,127.0440770025255404_37.6286515288063796|127.0442544133491793_37.6285152331962891|127.0444430935561684_37.6283819847763183|127.0446310435143857_37.6282676336174404|127.0449003424666614_37.6281242953268915|127.0464412148323277_37.6273557259509488|127.0466260753347996_37.6272627018670534|127.0467756922542719_37.6271733620880795|127.0469083712766576_37.6270665812472771|127.0470502458379514_37.6269359790077047|127.0472183028024773_37.6267751821665684|127.0473612995861998_37.6266050192641117
2026-09-04T09:00:31.559343+09:00,서대문독립공원,서대문독립공원,POI124,KEY_2,1120010607,통일로,1000119100,무악동 23-1,126.9570842915398572_37.5752331470743286,1120012702,독립문역(서울3호선),126.9580691985351706_37.5744151460965483,126.0,47.0,원활,126.9580691985351706_37.5744151460965483|126.9578168421619324_37.5746506293590272|126.9570842915398572_37.5752331470743286
2026-09-04T09:00:31.559343+09:00,서대문독립공원,서대문독립공원,POI124,KEY_2,1000028700,성산로,1120012500,독립문역,126.9598919952445613_37.5726683351508157,1000012700,독립문역,126.9611444653343000_37.5725503641875491,112.0,14.0,정체,126.9611444653343000_37.5725503641875491|126.9607066158732351_37.5725771851431531|126.9605053374135792_37.5725942819316927|126.9602872862410976_37.5726132801422494|126.9598919952445613_37.5726683351508157
2026-09-04T09:00:31.559343+09:00,서대문독립공원,서대문독립공원,POI124,KEY_2,1000034200,인왕산로1길,1000076200,교북동 1-7,126.9598899542721853_37.5731367509671585,1120012707,교북동 1-60,126.9596212753678657_37.5729297550942007,33.0,29.0,원활,126.9596212753678657_37.5729297550942007|126.9598899542721853_37.5731367509671585
2026-09-04T09:00:31.559343+09:00,서대문독립공원,서대문독립공원,POI124,KEY_2,1120006306,성산로,1120011501,현저고가차도(서측),126.9564055171897365_37.5712262135133344,1120011603,천연동주민센터,126.9589920386933102_37.5715963344347088,235.0,32.0,원활,126.9589920386933102_37.5715963344347088|126.9588418305161497_37.5715312891664013|126.9585804741555108_37.5714391025418095|126.9581964015246740_37.5713462133195719|126.9577794178154164_37.5712872867076229|126.9573510374052887_37.5712592973826958|126.9569778939942495_37.5712591619903691|126.9566800510567504_37.5712701781272642|126.9564055171897365_37.5712262135133344
2026-09-04T09:00:31.559343+09:00,서대문독립공원,서대문독립공원,POI124,KEY_2,1120006307,성산로,1120011604,천연동주민센터,126.9591142539042607_37.5716512366634205,1120012100,독립문역,126.9594722825778490_37.5718407936715622,38.0,7.0,정체,126.9594722825778490_37.5718407936715622|126.9594015545951891_37.5717940176359022|126.9591142539042607_37.5716512366634205
2026-09-04T09:00:31.559343+09:00,서대문독립공원,서대문독립공원,POI124,KEY_2,1120006308,성산로,1120012100,독립문역,126.9594722825778490_37.5718407936715622,1120012203,독립문역앞교차로,126.9601372290005941_37.5722615337842427,75.0,18.0,서행,126.9601372290005941_37.5722615337842427|126.9599976215298227_37.5721965289232003|126.9598425469965548_37.5721000139446062|126.9596299905446699_37.5719450964404302|126.9594722825778490_37.5718407936715622
2026-09-04T09:00:31.559343+09:00,서대문독립공원,서대문독립공원,POI124,KEY_2,1120010501,통일로,1120012203,독립문역앞교차로,126.9601372290005941_37.5722615337842427,1120012400,독립문역,126.9597871733457453_37.5725995679923628,49.0,6.0,정체,126.9597871733457453_37.5725995679923628|126.9601372290005941_37.5722615337842427
2026-09-04T09:00:31.559343+09:00,서대문독립공원,서대문독립공원,POI124,KEY_2,1120010502,통일로,1120012400,독립문역,126.9597871733457453_37.5725995679923628,1120012708,속성변화점,126.9595164541550503_37.5728609870910404,38.0,7.0,정체,126.9595164541550503_37.5728609870910404|126.9597871733457453_37.5725995679923628
2026-09-04T09:00:31.559343+09:00,서대문독립공원,서대문독립공원,POI124,KEY_2,1120010506,통일로,1120012705,독립문역(서울3호선),126.9579658462730976_37.5743449827289950,1120013903,독립공원앞교차로,126.9555790578027086_37.5766017870186175,329.0,8.5,정체,126.9555790578027086_37.5766017870186175|126.9561293351889901_37.5759085045612906|126.9564620388117930_37.5755787259048049|126.9565401444808970_37.5755154687112665|126.9567073668758894_37.5753800360160213|126.9569882797126184_37.5751566604908760|126.9577170018074384_37.5745771878050121|126.9579658462730976_37.5743449827289950
2026-09-04T09:00:31.559343+09:00,서대문독립공원,서대문독립공원,POI124,KEY_2,1120010507,통일로,1120012708,속성변화점,126.9595164541550503_37.5728609870910404,1120012704,독립문역(서울3호선),126.9580541026481910_37.5742626271568128,202.0,10.0,정체,126.9580541026481910_37.5742626271568128|126.9590358815766677_37.5733464714259497|126.9594290243780108_37.5729477014797979|126.9595164541550503_37.5728609870910404
2026-09-04T09:00:31.559343+09:00,서대문독립공원,서대문독립공원,POI124,KEY_2,1120010601,통일로,1120012500,독립문역,126.9598919952445613_37.5726683351508157,1120012204,독립문역앞교차로,126.9602579800340010_37.5723149182673737,51.0,28.0,원활,126.9602579800340010_37.5723149182673737|126.9598919952445613_37.5726683351508157
2026-09-04T09:00:31.559343+09:00,서대문독립공원,서대문독립공원,POI124,KEY_2,1120010602,통일로,1120012707,교북동 1-60,126.9596212753678657_37.5729297550942007,1120012500,독립문역,126.9598919952445613_37.5726683351508157,38.0,37.0,원활,126.9598919952445613_37.5726683351508157|126.9596212753678657_37.5729297550942007
2026-09-04T09:00:31.559343+09:00,서대문독립공원,서대문독립공원,POI124,KEY_2,1120010604,통일로,1000257200,최소노드배치점,126.9539057118500125_37.5786303997887146,1120013901,독립공원앞교차로,126.9556245249943345_37.5767457736207788,259.0,26.3,원활,126.9556245249943345_37.5767457736207788|126.9551489155673636_37.5773280410429820|126.9549093920833513_37.5776154894823478|126.9546557954535757_37.5778855302154966|126.9541473648073406_37.5783904287776807|126.9539057118500125_37.5786303997887146
2026-09-04T09:00:31.559343+09:00,서대문독립공원,서대문독립공원,POI124,KEY_2,1120010606,통일로,1120012703,독립문역(서울3호선),126.9581574549469849_37.5743327902645845,1120012706,교북동 1-60,126.9595358909699172_37.5730144465589859,190.0,38.0,원활,126.9595358909699172_37.5730144465589859|126.9591410345318252_37.5734149537420734|126.9581574549469849_37.5743327902645845
2026-09-04T09:00:31.559343+09:00,서대문독립공원,서대문독립공원,POI124,KEY_2,1120023400,성산로,1120133100,최소노드배치점,126.9598366501357134_37.5718758172089338,1120011502,현저고가차도(서측),126.9563974518914193_37.5711182938423818,326.0,34.0,원활,126.9563974518914193_37.5711182938423818|126.9569732092367929_37.5710969811519462|126.9573594328844166_37.5710971212840619|126.9578056187436772_37.5711262738220881|126.9582439986790519_37.5711882244444766|126.9586516350865395_37.5712868124550567|126.9589319433781753_37.5713856836947713|126.9591860523892421_37.5714957220573709|126.9595211664746586_37.5716622638495608|126.9597639789680130_37.5718228519238551|126.9598366501357134_37.5718758172089338
2026-09-04T09:00:31.559343+09:00,서대문독립공원,서대문독립공원,POI124,KEY_2,1120023500,성산로,1120133200,최소노드배치점,126.9597449148808010_37.5719555573752615,1000012901,현저고가차도(동측),126.9633524146951800_37.5724808358889888,335.0,53.3,원활,126.9633524146951800_37.5724808358889888|126.9617095115761174_37.5725130836377232|126.9614433829085272_37.5725190481019951|126.9611593490193826_37.5724975689775604|126.9610250437663410_37.5724782569360229|126.9607317559536881_37.5724161451600978|126.9604829199149805_37.5723426959069684|126.9602519572622015_37.5722523233523447|126.9600358602290555_37.5721517029554306|126.9598864664065303_37.5720587236592891|126.9597449148808010_37.5719555573752615
2026-09-04T09:00:31.559343+09:00,서대문독립공원,서대문독립공원,POI124,KEY_2,1120024400,성산로,1120012100,독립문역,126.9594722825778490_37.5718407936715622,1120012400,독립문역,126.9597871733457453_37.5725995679923628,96.0,18.0,서행,126.9597871733457453_37.5725995679923628|126.9598650241106839_37.5724304263712270|126.9598530933969300_37.5723388812228478|126.9598298321479604_37.5722545888308659|126.9597843500730932_37.5721744748884845|126.9596789916165847_37.5720504764494549|126.9594722825778490_37.5718407936715622
2026-09-04T09:00:31.559343+09:00,서대문독립공원,서대문독립공원,POI124,KEY_2,1120024500,독립문공원길,1120129600,현저동 201,126.9546811300403846_37.5729242749960406,1120012301,영천사,126.9542444825959251_37.5722557069659899,267.0,10.5,정체,126.9542444825959251_37.5722557069659899|126.9541959236536570_37.5725293608551780|126.9540692341526835_37.5726423828946423|126.9539689933889548_37.5726596871033820|126.9535014055933289_37.5724715112615968|126.9534713753641313_37.5724854864754150|126.9535139018201306_37.5725458951186724|126.9540071314573169_37.5731436966060457|126.9543564375057372_37.5732013597975296|126.9546143244217831_37.5729535072364556|126.9546811300403846_37.5729242749960406
2026-09-04T09:00:31.559343+09:00,서대문독립공원,서대문독립공원,POI124,KEY_2,1120024600,독립문공원길,1120127700,현저동 207,126.9584613630682384_37.5725913086818011,1120011604,천연동주민센터,126.9591142539042607_37.5716512366634205,122.0,21.0,서행,126.9591142539042607_37.5716512366634205|126.9587534985637518_37.5719486965718588|126.9586998577316734_37.5720442202347797|126.9586510614766581_37.5721632689824716|126.9584921924424492_37.5725508606870662|126.9584613630682384_37.5725913086818011
2026-09-04T09:00:31.559343+09:00,서대문독립공원,서대문독립공원,POI124,KEY_2,1120025400,통일로,1120123700,현저동 산5-5,126.9538792203245663_37.5758367131501885,1120013904,독립공원앞교차로,126.9555057512229013_37.5766928164609340,193.0,17.0,서행,126.9555057512229013_37.5766928164609340|126.9550631009589523_37.5764702194954907|126.9548438412759026_37.5763155062738718|126.9547989242144155_37.5762662167531829|126.9546818418207152_37.5761377365659754|126.9545222999205123_37.5759800318223895|126.9542865563592642_37.5757687431661012|126.9542000233208086_37.5757074645268077|126.9541606256270967_37.5757063292990381|126.9539610384382229_37.5758010939112310|126.9538792203245663_37.5758367131501885
2026-09-04T09:00:31.559343+09:00,서리풀공원·몽마르뜨공원,서리풀공원·몽마르뜨공원,POI098,KEY_3,1210013000,효령로,1210116600,방배동 912-14,126.9968735291208617_37.4812974085607777,1210020214,방배역사거리,126.9975688246299370_37.4815229789345921,66.0,18.5,서행,126.9975688246299370_37.4815229789345921|126.9968735291208617_37.4812974085607777
2026-09-04T09:00:31.559343+09:00,서리풀공원·몽마르뜨공원,서리풀공원·몽마르뜨공원,POI098,KEY_3,1210013802,효령로,1210020211,방배역사거리,126.9976970818997586_37.4815608386439507,1210020210,방배동912-14,126.9986117144692059_37.4816875991960146,82.0,10.0,정체,126.9986117144692059_37.4816875991960146|126.9979254416350898_37.4816198652729895|126.9976970818997586_37.4815608386439507
2026-09-04T09:00:31.559343+09:00,서리풀공원·몽마르뜨공원,서리풀공원·몽마르뜨공원,POI098,KEY_3,1210011800,방배로,1210220500,방배동 984-6,126.9979813526685035_37.4808992569514530,1210020213,방배역사거리,126.9976321710106788_37.4814267922410949,66.0,20.0,서행,126.9976321710106788_37.4814267922410949|126.9979813526685035_37.4808992569514530
2026-09-04T09:00:31.559343+09:00,서리풀공원·몽마르뜨공원,서리풀공원·몽마르뜨공원,POI098,KEY_3,1210013804,효령로,1210020207,방배동912-14,126.9987729537187846_37.4817035126215572,1210020206,히트뉴스,127.0021033700483883_37.4823525121120653,304.0,32.0,원활,127.0021033700483883_37.4823525121120653|127.0019789820658218_37.4823281364793388|127.0006152304751055_37.4819832792475296|127.0005760644728667_37.4819733749067581|126.9999519609822869_37.4818401558295520|126.9997531829779547_37.4818109750550832|126.9995303025066704_37.4817782555937811|126.9990236266257000_37.4817282521577440|126.9987729537187846_37.4817035126215572
2026-09-04T09:00:31.559343+09:00,서리풀공원·몽마르뜨공원,서리풀공원·몽마르뜨공원,POI098,KEY_3,1210013901,효령로,1210020208,속성변화점,126.9987896287997415_37.4815962116531907,1210020212,방배역사거리,126.9977611176580012_37.4814637244191644,92.0,26.0,원활,126.9977611176580012_37.4814637244191644|126.9979549762968531_37.4815138332533166|126.9986283898698503_37.4815802982075112|126.9987896287997415_37.4815962116531907
2026-09-04T09:00:31.559343+09:00,서리풀공원·몽마르뜨공원,서리풀공원·몽마르뜨공원,POI098,KEY_3,1210013903,효령로,1210107000,방배동 190-6,126.9990403013344888_37.4816209511821725,1210020208,속성변화점,126.9987896287997415_37.4815962116531907,22.0,31.0,원활,126.9987896287997415_37.4815962116531907|126.9990403013344888_37.4816209511821725
2026-09-04T09:00:31.559343+09:00,서리풀공원·몽마르뜨공원,서리풀공원·몽마르뜨공원,POI098,KEY_3,1210015701,방배로,1210022202,방림종합시장입구,126.9965746488741019_37.4832722606339175,1210020211,방배역사거리,126.9976970818997586_37.4815608386439507,214.0,22.0,서행,126.9976970818997586_37.4815608386439507|126.9974287991562960_37.4819699090163496|126.9965746488741019_37.4832722606339175
2026-09-04T09:00:31.559343+09:00,서리풀공원·몽마르뜨공원,서리풀공원·몽마르뜨공원,POI098,KEY_3,1210016801,명달로,1210301500,서초동 1748-65,127.0040712378758201_37.4861214996714267,1210028603,서초고교,127.0045599901543483_37.4894897290676354,376.0,10.0,정체,127.0045599901543483_37.4894897290676354|127.0044694535589827_37.4887105284551296|127.0044034359152647_37.4881423391787010|127.0043721260119014_37.4878728634567935|127.0043600663124010_37.4878014747472861|127.0043038817340602_37.4874688821740421|127.0042207570021446_37.4869768080502865|127.0041814813689456_37.4867443054972043|127.0040712378758201_37.4861214996714267
2026-09-04T09:00:31.559343+09:00,서리풀공원·몽마르뜨공원,서리풀공원·몽마르뜨공원,POI098,KEY_3,1210016802,명달로,1210028604,서초고교,127.0045472615645679_37.4895423108705330,1210029403,서울대법원,127.0042729402394457_37.4907812011270849,141.0,12.0,정체,127.0042729402394457_37.4907812011270849|127.0042578299780871_37.4906993551140530|127.0044513081535484_37.4897114138475729|127.0045472615645679_37.4895423108705330
2026-09-04T09:00:31.559343+09:00,서리풀공원·몽마르뜨공원,서리풀공원·몽마르뜨공원,POI098,KEY_3,1210016902,명달로,1210029402,서울대법원,127.0044176822525941_37.4908223180390152,1210028601,서초고교,127.0046686705387344_37.4895860520646877,140.0,22.7,서행,127.0046686705387344_37.4895860520646877|127.0045844225715683_37.4897329455442048|127.0043950687284422_37.4906998330283585|127.0044176822525941_37.4908223180390152
2026-09-04T09:00:31.559343+09:00,서리풀공원·몽마르뜨공원,서리풀공원·몽마르뜨공원,POI098,KEY_3,1210019701,서초대로,1210029808,대법원,127.0062399926017775_37.4913685615963885,1210029402,서울대법원,127.0044176822525941_37.4908223180390152,172.0,10.0,정체,127.0044176822525941_37.4908223180390152|127.0058052151424022_37.4912382388947023|127.0062399926017775_37.4913685615963885
2026-09-04T09:00:31.559343+09:00,서리풀공원·몽마르뜨공원,서리풀공원·몽마르뜨공원,POI098,KEY_3,1210020500,동광로,1210117000,서초동 산172-12,127.0030103162302169_37.4925896623930939,1210029401,서울대법원,127.0043931036492495_37.4909304675424409,224.0,26.7,원활,127.0043931036492495_37.4909304675424409|127.0039912247406590_37.4916747365461589|127.0038774070053051_37.4918057468107406|127.0038268966604562_37.4918514126061311|127.0030103162302169_37.4925896623930939
2026-09-04T09:00:31.559343+09:00,서리풀공원·몽마르뜨공원,서리풀공원·몽마르뜨공원,POI098,KEY_3,1210024802,사평대로,1210037304,서울성모병원앞교차로,127.0034296050644542_37.5022581526050445,1210038702,사평지하차도(동측),127.0064482891770155_37.5033692509684471,295.0,10.0,정체,127.0064482891770155_37.5033692509684471|127.0061744165954849_37.5033231250553598|127.0034296050644542_37.5022581526050445
2026-09-04T09:00:31.559343+09:00,서리풀공원·몽마르뜨공원,서리풀공원·몽마르뜨공원,POI098,KEY_3,1210024902,사평대로,1210038701,사평지하차도(동측),127.0065075748906480_37.5032719917048141,1210037301,서울성모병원앞교차로,127.0035524787514305_37.5020653054771742,294.0,17.0,서행,127.0035524787514305_37.5020653054771742|127.0062932548203207_37.5031287115020859|127.0065075748906480_37.5032719917048141
2026-09-04T09:00:31.559343+09:00,서리풀공원·몽마르뜨공원,서리풀공원·몽마르뜨공원,POI098,KEY_3,1210024903,사평대로,1210040603,삼호가든사거리,127.0096408508530459_37.5044807855888038,1210038701,사평지하차도(동측),127.0065075748906480_37.5032719917048141,308.0,7.3,정체,127.0065075748906480_37.5032719917048141|127.0096408508530459_37.5044807855888038
2026-09-04T09:00:31.559343+09:00,서리풀공원·몽마르뜨공원,서리풀공원·몽마르뜨공원,POI098,KEY_3,1210026002,신반포로,1210393600,잠원동 110,127.0031103815705364_37.5056962380394125,1210042704,고속터미널역앞교차로,127.0043174874553813_37.5060735942867041,115.0,15.0,서행,127.0043174874553813_37.5060735942867041|127.0039498594828302_37.5059586709413040|127.0035607575584038_37.5058370330399740|127.0031103815705364_37.5056962380394125
2026-09-04T09:00:31.559343+09:00,서리풀공원·몽마르뜨공원,서리풀공원·몽마르뜨공원,POI098,KEY_3,1210026102,신반포로,1210286400,반포동 128-4,127.0036103340112561_37.5057363840915414,1210041702,고속터미널사거리,127.0012498931297387_37.5049984469199771,224.0,26.0,원활,127.0012498931297387_37.5049984469199771|127.0018301415136932_37.5051798538655916|127.0031599584830957_37.5055955893836241|127.0036103340112561_37.5057363840915414
2026-09-04T09:00:31.559343+09:00,서리풀공원·몽마르뜨공원,서리풀공원·몽마르뜨공원,POI098,KEY_3,1210027501,신반포로23길,1210466500,잠원동 101,127.0042204769171548_37.5065757828190200,1210042701,고속터미널역앞교차로,127.0044442985191040_37.5061121193226654,55.0,14.0,정체,127.0044442985191040_37.5061121193226654|127.0042204769171548_37.5065757828190200
2026-09-04T09:00:31.559343+09:00,서리풀공원·몽마르뜨공원,서리풀공원·몽마르뜨공원,POI098,KEY_3,1210056500,사평대로,1210447300,최소노드배치점,127.0030994056385509_37.5020573549217744,1210038702,사평지하차도(동측),127.0064482891770155_37.5033692509684471,330.0,54.7,원활,127.0064482891770155_37.5033692509684471|127.0034140730417960_37.5021919946757052|127.0030994056385509_37.5020573549217744
2026-09-04T09:00:31.559343+09:00,서리풀공원·몽마르뜨공원,서리풀공원·몽마르뜨공원,POI098,KEY_3,1210157300,서초대로,1210078702,서리풀터널(서측),126.9989565881344191_37.4893248414787834,1210078802,서리풀터널(동측),127.0037916540739644_37.4907616821414749,456.0,55.0,원활,127.0037916540739644_37.4907616821414749|126.9989565881344191_37.4893248414787834
2026-09-04T09:00:31.559343+09:00,서리풀공원·몽마르뜨공원,서리풀공원·몽마르뜨공원,POI098,KEY_3,1210157400,서초대로,1210078801,서리풀터널(동측),127.0038377451869138_37.4906599963925231,1210078701,서리풀터널(서측),126.9990038846274132_37.4892235014730488,456.0,27.0,원활,126.9990038846274132_37.4892235014730488|127.0038377451869138_37.4906599963925231
2026-09-04T09:00:31.559343+09:00,서리풀공원·몽마르뜨공원,서리풀공원·몽마르뜨공원,POI098,KEY_3,1210157500,서초대로,1210078802,서리풀터널(동측),127.0037916540739644_37.4907616821414749,1210029404,서울대법원,127.0042652980036877_37.4908935921796171,44.0,52.0,원활,127.0042652980036877_37.4908935921796171|127.0037916540739644_37.4907616821414749
2026-09-04T09:00:31.559343+09:00,서리풀공원·몽마르뜨공원,서리풀공원·몽마르뜨공원,POI098,KEY_3,1210157600,서초대로,1210029403,서울대법원,127.0042729402394457_37.4907812011270849,1210078801,서리풀터널(동측),127.0038377451869138_37.4906599963925231,41.0,7.0,정체,127.0038377451869138_37.4906599963925231|127.0042729402394457_37.4907812011270849
2026-09-04T09:00:31.559343+09:00,서울대공원,서울대공원,POI100,KEY_4,2200003401,과천대로,2200066000,최소노드배치점,127.0029893781873085_37.4330879113692063,2200000807,과천시보훈회관,127.0016592458971445_37.4295384538219054,414.0,27.0,원활,127.0016592458971445_37.4295384538219054|127.0016656726336350_37.4295544944481264|127.0016808290951502_37.4295923378440207|127.0017085794528953_37.4296618689190268|127.0021328924420914_37.4305501492686545|127.0021330788781171_37.4305505249892576|127.0021332359380040_37.4305508998093970|127.0021334223739728_37.4305512746289963|127.0021335794338597_37.4305516494491215|127.0021337353639126_37.4305520251702859|127.0021338924237995_37.4305523999904111|127.0021340483547192_37.4305528063461566|127.0023788304229271_37.4311574000942855|127.0027959231863264_37.4319916187944770|127.0027961107579273_37.4319919629783513|127.0027962983306651_37.4319923377967854|127.0027964859033887_37.4319927126152265|127.0027966418397227_37.4319930874343996|127.0027968294124747_37.4319934622528478|127.0027969853488372_37.4319938379730388|127.0027971424150195_37.4319942127922047|127.0027972983513536_37.4319945876113849|127.0027974542876876_37.4319949624305721|127.0027976113538841_37.4319953372497309|127.0027977672902466_37.4319957129699219|127.0027978927200252_37.4319960877898197|127.0027980475264968_37.4319964626090496|127.0027981729574265_37.4319968680634929|127.0027983300236798_37.4319972437836626|127.0027984543235675_37.4319976186036101|127.0027985797533745_37.4319979934235079|127.0027987040532622_37.4319983682434199|127.0027988294842487_37.4319987745989167|127.0027989232776520_37.4319991503205713|127.0027990475775681_37.4319995251405189|127.0027991730085262_37.4319999314959873|127.0027992679317776_37.4320003063166240|127.0027993605963985_37.4320007117718561|127.0027994543898018_37.4320010874935178|127.0027995481843561_37.4320014938497465|127.0027996419777168_37.4320018686704117|127.0027997357711058_37.4320022434910555|127.0029223293061449_37.4325574306588109|127.0029224231020777_37.4325578379159438|127.0029224852613368_37.4325582442728049|127.0029225801870751_37.4325586497278593|127.0029226423463342_37.4325590560847274|127.0029227045043569_37.4325594309060250|127.0030011103725656_37.4330134628184865|127.0030011736624544_37.4330138682742302|127.0030012358212588_37.4330142430954709|127.0030012979813279_37.4330146503532930|127.0030013296344151_37.4330150567108575|127.0030013917944416_37.4330154621666438|127.0030014550843731_37.4330158685234053|127.0030014856075695_37.4330162748810125|127.0030015172606568_37.4330166812386125|127.0030015794206548_37.4330170866943917|127.0030016099438797_37.4330174939530096|127.0030016415969527_37.4330179003105883|127.0030016732500400_37.4330183066681599|127.0030016732649756_37.4330186805899601|127.0030017049180628_37.4330190869475246|127.0030017049342916_37.4330194933059133|127.0030017049505489_37.4330199005652986|127.0030017354737026_37.4330203060218878|127.0030017354899314_37.4330207123802836|127.0030017355061744_37.4330211187386581|127.0030017050154072_37.4330215250978142|127.0030017050316218_37.4330219305551708|127.0030017050478790_37.4330223378145632|127.0030017050641078_37.4330227441729519|127.0030016734434639_37.4330231505321223|127.0030016418228058_37.4330235559902889|127.0030016102021904_37.4330239623494805|127.0030015797114231_37.4330243687086366|127.0030015480907650_37.4330247741668103|127.0030015164701638_37.4330251814270056|127.0030014543425665_37.4330255877869504|127.0030014238518277_37.4330259941461136|127.0030013594644061_37.4330263996051116|127.0030013301035581_37.4330268059642250|127.0030012668460415_37.4330272123242196|127.0030012047172079_37.4330275880496259|127.0030011109527521_37.4330279944103808|127.0030010488250980_37.4330283998693290|127.0030009855676099_37.4330288062293022|127.0030009234399984_37.4330292125892683|127.0029893781873085_37.4330879113692063
2026-09-04T09:00:31.559343+09:00,서울대공원,서울대공원,POI100,KEY_4,2200021000,대공원대로,2200008501,대공원고가교(남측),127.0026171655613894_37.4373008081790388,2200008304,대공원역삼거리,127.0065499805299964_37.4358349906033609,388.0,45.5,원활,127.0065499805299964_37.4358349906033609|127.0064835174808309_37.4359041189738022|127.0063064858203035_37.4360422750141737|127.0050953603984993_37.4365122438352103|127.0046392981143981_37.4367083056359391|127.0042678612085325_37.4368524623347056|127.0036812359890774_37.4370492125447925|127.0026171655613894_37.4373008081790388
2026-09-04T09:00:31.559343+09:00,서울대공원,서울대공원,POI100,KEY_4,2200021100,대공원대로,2200008303,대공원역삼거리,127.0064877905878689_37.4357219553627161,2200008502,대공원고가교(남측),127.0025810450012074_37.4371966195773922,387.0,24.0,서행,127.0025810450012074_37.4371966195773922|127.0036355483765647_37.4369472442036866|127.0042118601151628_37.4367539310591511|127.0045774549838313_37.4366120876679318|127.0050334852050327_37.4364159936674312|127.0062273604819580_37.4359527443574649|127.0063817667330852_37.4358322441634499|127.0064877905878689_37.4357219553627161
2026-09-04T09:00:31.559343+09:00,서울대공원,서울대공원,POI100,KEY_4,2200021200,대공원광장로,2200054900,막계동 289,127.0068923472239391_37.4362228128070527,2200008301,대공원역삼거리,127.0066457822184702_37.4357353467557203,58.0,25.0,원활,127.0066457822184702_37.4357353467557203|127.0068923472239391_37.4362228128070527
2026-09-04T09:00:31.559343+09:00,서울대공원,서울대공원,POI100,KEY_4,2200021300,대공원광장로,2200008304,대공원역삼거리,127.0065499805299964_37.4358349906033609,2200008612,막계동255-3,127.0076509610287019_37.4376132209890429,220.0,31.0,원활,127.0076509610287019_37.4376132209890429|127.0076421735180645_37.4376027753600269|127.0068155789067674_37.4363600557792395|127.0067666120649790_37.4362632531393302|127.0065499805299964_37.4358349906033609
2026-09-04T09:00:31.559343+09:00,서울대공원,서울대공원,POI100,KEY_4,2200021500,대공원광장로,2200057700,막계동 326,127.0058355921950124_37.4347670361327189,2200008303,대공원역삼거리,127.0064877905878689_37.4357219553627161,121.0,25.5,원활,127.0064877905878689_37.4357219553627161|127.0058355921950124_37.4347670361327189
2026-09-04T09:00:31.559343+09:00,서울대공원,서울대공원,POI100,KEY_4,2200022600,대공원광장로,2200008902,국립과천과학관동주차장,127.0084574650786067_37.4387382391346932,2200008611,막계동255-3,127.0077634952381658_37.4375529084523322,146.0,21.3,서행,127.0077634952381658_37.4375529084523322|127.0080855172262488_37.4379349314084564|127.0084574650786067_37.4387382391346932
2026-09-04T09:00:31.559343+09:00,서울대공원,서울대공원,POI100,KEY_4,2200023200,대공원광장로,2200008804,부진입교,127.0088684476730663_37.4388146771083825,2200008902,국립과천과학관동주차장,127.0084574650786067_37.4387382391346932,44.0,24.0,서행,127.0084574650786067_37.4387382391346932|127.0086182979441531_37.4387072127582528|127.0088554238022596_37.4387826192372870|127.0088844548043880_37.4387800879082917|127.0088684476730663_37.4388146771083825
2026-09-04T09:00:31.559343+09:00,서울대공원,서울대공원,POI100,KEY_4,2200030300,과천대로,2200008502,대공원고가교(남측),127.0025810450012074_37.4371966195773922,2200001802,상아벌지하차도(남측),127.0014046720212946_37.4365631797303209,184.0,42.0,원활,127.0014046720212946_37.4365631797303209|127.0013062218505269_37.4370767111946634|127.0013184326599998_37.4371743937791948|127.0013460154439286_37.4372134696193584|127.0013899595908384_37.4372330013296022|127.0014828202305779_37.4372396334788959|127.0025810450012074_37.4371966195773922
2026-09-04T09:00:31.559343+09:00,서울대공원,서울대공원,POI100,KEY_4,2200040300,광명로,2200066800,최소노드배치점,127.0179262719529731_37.4318090801042729,2200026501,막계동579-1,127.0186725129336338_37.4295158870037881,352.0,34.0,원활,127.0186725129336338_37.4295158870037881|127.0184844257098433_37.4296161952381112|127.0184837592780127_37.4296165344177609|127.0173584939860945_37.4301892270314909|127.0173904526724442_37.4303596775883065|127.0173776032648050_37.4305909173157332|127.0172810825387302_37.4315158124468184|127.0179262719529731_37.4318090801042729
2026-09-04T09:00:31.559343+09:00,서울대공원,서울대공원,POI100,KEY_4,2200040400,광명로,2200064400,최소노드배치점,127.0128644829702154_37.4388265717598969,2200008802,부진입교,127.0091676506749963_37.4387479984704754,389.0,35.0,원활,127.0091676506749963_37.4387479984704754|127.0095977730109382_37.4388101026301854|127.0098898497513460_37.4389540229815125|127.0103395740317609_37.4390789472301933|127.0114255964999757_37.4396054988472713|127.0115608143817383_37.4395926219030173|127.0116696759749573_37.4395332460063344|127.0119056536387347_37.4391441081629992|127.0121150672391934_37.4390045051773370|127.0128644829702154_37.4388265717598969
2026-09-04T09:00:31.559343+09:00,서울숲공원,서울숲공원,POI101,KEY_1,1030000401,강변북로,1030006801,수도박물관,127.0427151925593137_37.5381098869044223,1030006601,성수동1가 496,127.0448610462769921_37.5375861963207313,198.0,55.0,원활,127.0448610462769921_37.5375861963207313|127.0445464268946125_37.5376608176332951|127.0435350724843744_37.5379014546380390|127.0429376144479932_37.5380399480896116|127.0427151925593137_37.5381098869044223
2026-09-04T09:00:31.559343+09:00,서울숲공원,서울숲공원,POI101,KEY_1,1030000500,강변북로,1030006500,강변동양아파트,127.0457199441466400_37.5371614419992170,1030007400,민들레,127.0411070650829117_37.5384294612663183,432.0,36.0,서행,127.0411070650829117_37.5384294612663183|127.0419474702915181_37.5381286569360313|127.0426750556077735_37.5379108794709282|127.0448120293160486_37.5373944724523483|127.0457199441466400_37.5371614419992170
2026-09-04T09:00:31.559343+09:00,서울숲공원,서울숲공원,POI101,KEY_1,1030000601,강변북로,1030007300,성수동1가701-1,127.0389959168127234_37.5393979946672758,1030007000,한강공원이촌지구입구,127.0411526317783455_37.5386310153525642,209.0,61.0,원활,127.0411526317783455_37.5386310153525642|127.0408998925125275_37.5387228934488917|127.0396375215554201_37.5391685549233358|127.0389959168127234_37.5393979946672758
2026-09-04T09:00:31.559343+09:00,서울숲공원,서울숲공원,POI101,KEY_1,1030000602,강변북로,1030007000,한강공원이촌지구입구,127.0411526317783455_37.5386310153525642,1030006801,수도박물관,127.0427151925593137_37.5381098869044223,150.0,55.0,원활,127.0427151925593137_37.5381098869044223|127.0422729834904203_37.5382370690409317|127.0418136435815057_37.5383907125557883|127.0411526317783455_37.5386310153525642
2026-09-04T09:00:31.559343+09:00,서울숲공원,서울숲공원,POI101,KEY_1,1030000700,강변북로,1030007400,민들레,127.0411070650829117_37.5384294612663183,1030009300,성수동1가695-1,127.0344033964930475_37.5407497451442893,646.0,40.0,서행,127.0344033964930475_37.5407497451442893|127.0353746709002962_37.5403924198628545|127.0361849511012196_37.5401273119134729|127.0382706512017421_37.5394438838092270|127.0400565032718703_37.5388129095392387|127.0411070650829117_37.5384294612663183
2026-09-04T09:00:31.559343+09:00,서울숲공원,서울숲공원,POI101,KEY_1,1030000800,강변북로,1030010300,옥수동492,127.0318062526681047_37.5420723308692246,1030007300,성수동1가701-1,127.0389959168127234_37.5393979946672758,701.0,78.0,원활,127.0389959168127234_37.5393979946672758|127.0385781455044309_37.5395473870466105|127.0355740478927515_37.5406900926766909|127.0332856937590549_37.5415329045588777|127.0318062526681047_37.5420723308692246
2026-09-04T09:00:31.559343+09:00,서울숲공원,서울숲공원,POI101,KEY_1,1030000901,강변북로,1030011200,동부간선도로입구,127.0297847949010190_37.5425055540992219,1030036500,두모교,127.0262150453302326_37.5435433933201281,337.0,61.0,원활,127.0262150453302326_37.5435433933201281|127.0275035061907545_37.5433072906735745|127.0281111196451320_37.5431308580303877|127.0286140564713833_37.5429301558187731|127.0297847949010190_37.5425055540992219
2026-09-04T09:00:31.559343+09:00,서울숲공원,서울숲공원,POI101,KEY_1,1030000902,강변북로,1030009300,성수동1가695-1,127.0344033964930475_37.5407497451442893,1030036500,두모교,127.0262150453302326_37.5435433933201281,793.0,73.0,원활,127.0262150453302326_37.5435433933201281|127.0263420859732406_37.5435433650486843|127.0265935686574750_37.5435290053148734|127.0269483352357156_37.5434967420871502|127.0273165646364504_37.5434394440140906|127.0276398803257933_37.5433678519471172|127.0280215633972176_37.5432640623576859|127.0283852777987619_37.5431459724865420|127.0294407958222678_37.5427610413079833|127.0303968691536340_37.5423981188109366|127.0313562320281875_37.5419902214887315|127.0327211793242839_37.5414272507229754|127.0337209293278136_37.5410121707927402|127.0344033964930475_37.5407497451442893
2026-09-04T09:00:31.559343+09:00,서울숲공원,서울숲공원,POI101,KEY_1,1030001001,강변북로,1030011700,성수JC,127.0277034763174839_37.5435314558420359,1030010300,옥수동492,127.0318062526681047_37.5420723308692246,397.0,72.3,원활,127.0318062526681047_37.5420723308692246|127.0317011292671481_37.5421106588302322|127.0295362283649325_37.5429145153627459|127.0284706664303940_37.5433031231814809|127.0280969564901881_37.5434244583883654|127.0277034763174839_37.5435314558420359
2026-09-04T09:00:31.559343+09:00,서울숲공원,서울숲공원,POI101,KEY_1,1030001300,동부간선도로,1030009300,성수동1가695-1,127.0344033964930475_37.5407497451442893,1030036600,성수JC,127.0323619427774275_37.5449326440640903,989.0,48.0,서행,127.0323619427774275_37.5449326440640903|127.0322744211834163_37.5448697440340950|127.0313534821279120_37.5441619743014670|127.0302711561675579_37.5434045468581559|127.0292213225685600_37.5426813636680023|127.0291244493513432_37.5425946961241763|127.0290404411798164_37.5424856354964689|127.0289683965850429_37.5423433772447765|127.0289492441156938_37.5422172789344444|127.0289589663725280_37.5420771666000306|127.0290406841672421_37.5418664180243553|127.0291345094840949_37.5417562440955805|127.0292528012461872_37.5416541396924401|127.0293644662197465_37.5416032937911552|127.0294966916302428_37.5415774733236560|127.0296598992147494_37.5415688441143018|127.0297956329881259_37.5415905366518103|127.0299660142581786_37.5416436813546142|127.0302080506025959_37.5417328835311892|127.0303749985669413_37.5417866745375051|127.0305860820734409_37.5418295301635538|127.0307702075141520_37.5418402096315589|127.0309812692028117_37.5418294271438810|127.0312192598502747_37.5417828782866607|127.0313943777152161_37.5417327696135601|127.0315829533341940_37.5416468991060341|127.0318164273072910_37.5415395607010254|127.0321621433381978_37.5413749778313246|127.0323237815666886_37.5413105689769679|127.0325033866125892_37.5412533061920328|127.0326695215194945_37.5412031980960634|127.0329883271511591_37.5411244404720108|127.0333789797064696_37.5410349343961087|127.0344033964930475_37.5407497451442893
2026-09-04T09:00:31.559343+09:00,서울숲공원,서울숲공원,POI101,KEY_1,1030001401,동부간선도로,1030012000,성수JC,127.0314731932145378_37.5440534747483454,1030011200,동부간선도로입구,127.0297847949010190_37.5425055540992219,513.0,52.0,원활,127.0297847949010190_37.5425055540992219|127.0299878534914342_37.5423632727119809|127.0301011000793920_37.5422146708626414|127.0301245340403682_37.5420597506111804|127.0301028206364720_37.5419404223460518|127.0300361833235030_37.5418209153987874|127.0299243595096925_37.5417429631655111|127.0297973367850091_37.5417007230823003|127.0296688991218446_37.5416767672049758|127.0295175256817117_37.5416847708783266|127.0294153409281535_37.5417047255893195|127.0293384278699591_37.5417397467600580|127.0292412353666265_37.5418236404248020|127.0291644895328034_37.5419137566701835|127.0290936747369557_37.5420963887518155|127.0290855325617230_37.5422137414567914|127.0291010924953383_37.5423161911923629|127.0291621710753986_37.5424367947448658|127.0292339344424875_37.5425299601811346|127.0293168984713077_37.5426041828799129|127.0314731932145378_37.5440534747483454
2026-09-04T09:00:31.559343+09:00,서울숲공원,서울숲공원,POI101,KEY_1,1030001402,동부간선도로,1030018800,뚝섬유수지체육공원,127.0382875770396396_37.5497896869035088,1030012000,성수JC,127.0314731932145378_37.5440534747483454,879.0,72.5,원활,127.0314731932145378_37.5440534747483454|127.0321620057514167_37.5445396044308666|127.0329047457750846_37.5450876965753437|127.0335516609834627_37.5455738297302162|127.0341566432096130_37.5460027579968809|127.0347257052412289_37.5464364617868753|127.0353187467665066_37.5469130648032845|127.0359178026335627_37.5474278067572769|127.0363491413191213_37.5478281687294952|127.0373556589110393_37.5488433954447274|127.0381644948249260_37.5496727329993192|127.0382875770396396_37.5497896869035088
2026-09-04T09:00:31.559343+09:00,서울숲공원,서울숲공원,POI101,KEY_1,1030001901,동부간선도로,1030036600,성수JC,127.0323619427774275_37.5449326440640903,1030014900,성수동1가685-31,127.0343613336856379_37.5465066021287299,249.0,68.5,원활,127.0343613336856379_37.5465066021287299|127.0334694196474317_37.5457812522501087|127.0326922104666920_37.5451699997149859|127.0323619427774275_37.5449326440640903
2026-09-04T09:00:31.559343+09:00,서울숲공원,서울숲공원,POI101,KEY_1,1030003503,성덕정길,1030001308,미러드스피어갤러리,127.0464519405476977_37.5391950904684464,1030008602,뚝도아리수정수센터,127.0438952129735242_37.5400817035135219,247.0,17.0,서행,127.0438952129735242_37.5400817035135219|127.0442789728588338_37.5399443264311756|127.0451914269481790_37.5396455830965792|127.0455079029676710_37.5395158662262887|127.0459034895997235_37.5393691667486706|127.0460520754789684_37.5393140646203705|127.0464519405476977_37.5391950904684464
2026-09-04T09:00:31.559343+09:00,서울숲공원,서울숲공원,POI101,KEY_1,1030004700,왕십리로,1030080900,성수동1가 685-235,127.0438119803910837_37.5405714958717525,1030010203,서울숲입구교차로,127.0441621562491576_37.5418224578429118,142.0,21.5,서행,127.0441621562491576_37.5418224578429118|127.0440725821409558_37.5415338454959340|127.0438641961902988_37.5408624063888681|127.0438595359219391_37.5408415890386138|127.0438248603938689_37.5406866935925194|127.0438119803910837_37.5405714958717525
2026-09-04T09:00:31.559343+09:00,서울숲공원,서울숲공원,POI101,KEY_1,1030004802,왕십리로,1030128800,성수동1가 685-235,127.0439932105147278_37.5408226145050463,1030008601,뚝도아리수정수센터,127.0439063438414848_37.5401962621521079,70.0,6.0,정체,127.0439063438414848_37.5401962621521079|127.0439472262407605_37.5405619077732950|127.0439595786689608_37.5406723851967925|127.0439932105147278_37.5408226145050463
2026-09-04T09:00:31.559343+09:00,서울숲공원,서울숲공원,POI101,KEY_1,1030004901,뚝섬로,1030009204,성수동1가656-277,127.0457205785411929_37.5413201683959912,1030010202,서울숲입구교차로,127.0442908325642293_37.5417863962982779,137.0,19.0,서행,127.0442908325642293_37.5417863962982779|127.0457170505857789_37.5413212981805557|127.0457205785411929_37.5413201683959912
2026-09-04T09:00:31.559343+09:00,서울숲공원,서울숲공원,POI101,KEY_1,1030005002,뚝섬로,1030010201,서울숲입구교차로,127.0443227134553865_37.5418928353680030,1030009205,성수동1가656-277,127.0457712426725436_37.5414204802605198,138.0,12.0,정체,127.0457712426725436_37.5414204802605198|127.0457681139552193_37.5414214821839067|127.0443227134553865_37.5418928353680030
2026-09-04T09:00:31.559343+09:00,서울숲공원,서울숲공원,POI101,KEY_1,1030005101,강변북로,1030008900,성수대교(북측),127.0366204592998116_37.5407494361191212,1030007300,성수동1가701-1,127.0389959168127234_37.5393979946672758,259.0,27.0,정체,127.0389959168127234_37.5393979946672758|127.0380812312561005_37.5399037731009955|127.0374764356561315_37.5403592941123279|127.0371608666084597_37.5405369205504513|127.0368725612304388_37.5406645708815390|127.0366204592998116_37.5407494361191212
2026-09-04T09:00:31.559343+09:00,서울숲공원,서울숲공원,POI101,KEY_1,1030005102,강변북로,1030009100,성수대교(북측),127.0337769617486003_37.5407132030334907,1030008900,성수대교(북측),127.0366204592998116_37.5407494361191212,391.0,10.0,정체,127.0366204592998116_37.5407494361191212|127.0362736400008146_37.5408947419886374|127.0359854860295883_37.5409973504146777|127.0348150285060029_37.5413862430326475|127.0344457187267864_37.5415350316108203|127.0342926666647259_37.5415845095064356|127.0341217331513661_37.5416196079110733|127.0339644542110022_37.5416261422525039|127.0338253465951937_37.5416005523428069|127.0337267360757068_37.5415643900919491|127.0336371775573099_37.5415175321155274|127.0335746407953366_37.5414600490100838|127.0335121717437517_37.5413918349446547|127.0334722300060122_37.5413129772588476|127.0334503034915912_37.5412270371034751|127.0334463233892848_37.5411447445142770|127.0334693648077575_37.5410518268865303|127.0335194276366479_37.5409482842039708|127.0335873025506146_37.5408698527050149|127.0336957647755582_37.5407665410948184|127.0337769617486003_37.5407132030334907
2026-09-04T09:00:31.559343+09:00,서울숲공원,서울숲공원,POI101,KEY_1,1030005200,강변북로,1030009800,성수대교(북측),127.0339243946623640_37.5414459285932267,1030008900,성수대교(북측),127.0366204592998116_37.5407494361191212,250.0,68.7,원활,127.0366204592998116_37.5407494361191212|127.0339243946623640_37.5414459285932267
2026-09-04T09:00:31.559343+09:00,서울숲공원,서울숲공원,POI101,KEY_1,1030006301,고산자로,1030000502,성수대교북측(북측),127.0354766600117671_37.5405116623693331,1030011900,성수대교,127.0360005462618460_37.5434631051802086,331.0,12.0,정체,127.0360005462618460_37.5434631051802086|127.0356397284671885_37.5414859989735703|127.0354766600117671_37.5405116623693331
2026-09-04T09:00:31.559343+09:00,서울숲공원,서울숲공원,POI101,KEY_1,1030006302,고산자로,1030011900,성수대교,127.0360005462618460_37.5434631051802086,1030012303,성수대교북단교차로,127.0360826391629558_37.5439129163279333,50.0,13.0,정체,127.0360826391629558_37.5439129163279333|127.0360005462618460_37.5434631051802086
2026-09-04T09:00:31.559343+09:00,서울숲공원,서울숲공원,POI101,KEY_1,1030006303,고산자로,1030012304,성수대교북단교차로,127.0361107182000069_37.5440214432186963,1030012900,성수대교,127.0363032638533412_37.5446862650665025,76.0,6.0,정체,127.0363032638533412_37.5446862650665025|127.0362387402871747_37.5444355836425174|127.0361107182000069_37.5440214432186963
2026-09-04T09:00:31.559343+09:00,서울숲공원,서울숲공원,POI101,KEY_1,1030006401,고산자로,1030011800,성수대교,127.0361349219139697_37.5434475561346019,1030000501,성수대교북측(북측),127.0356112502638837_37.5404973798243304,331.0,7.0,정체,127.0356112502638837_37.5404973798243304|127.0357742152324789_37.5414710828022180|127.0361349219139697_37.5434475561346019
2026-09-04T09:00:31.559343+09:00,서울숲공원,서울숲공원,POI101,KEY_1,1030006402,고산자로,1030012302,성수대교북단교차로,127.0362119535135861_37.5438696362694699,1030011800,성수대교,127.0361349219139697_37.5434475561346019,47.0,5.0,정체,127.0361349219139697_37.5434475561346019|127.0362119535135861_37.5438696362694699
2026-09-04T09:00:31.559343+09:00,서울숲공원,서울숲공원,POI101,KEY_1,1030006403,고산자로,1030012800,성수대교,127.0364370496948396_37.5446681209833670,1030012301,성수대교북단교차로,127.0362371882276165_37.5439781927615286,79.0,22.0,서행,127.0362371882276165_37.5439781927615286|127.0363712284441391_37.5444117997759790|127.0364370496948396_37.5446681209833670
2026-09-04T09:00:31.559343+09:00,서울숲공원,서울숲공원,POI101,KEY_1,1030007301,왕십리로,1030140700,성수동1가 656-924,127.0446136093396774_37.5433513872624047,1030014103,서울숲역4번출구,127.0448437340704970_37.5450473472375776,191.0,12.0,정체,127.0448437340704970_37.5450473472375776|127.0448761766708117_37.5448861908370617|127.0448854061282731_37.5447527583577454|127.0448876560694202_37.5446344887410604|127.0448869911702872_37.5446282772486981|127.0448761719551953_37.5445272039189746|127.0448509665354777_37.5444162085853108|127.0447937498153124_37.5442608259489319|127.0447494222051290_37.5441004009097696|127.0447271040391684_37.5439661327797438|127.0446626140563637_37.5435781523824801|127.0446453492180865_37.5434904437053589|127.0446270842971757_37.5433976541887731|127.0446136093396774_37.5433513872624047
2026-09-04T09:00:31.559343+09:00,서울숲공원,서울숲공원,POI101,KEY_1,1030007401,왕십리로,1030108300,성수동1가 656-924,127.0445405976371944_37.5426578631228907,1030010201,서울숲입구교차로,127.0443227134553865_37.5418928353680030,87.0,22.0,서행,127.0443227134553865_37.5418928353680030|127.0445405976371944_37.5426578631228907
2026-09-04T09:00:31.559343+09:00,서울숲공원,서울숲공원,POI101,KEY_1,1030007702,광나루로,1030013800,용비교앞,127.0333325548071599_37.5450050369533841,1030015000,성수동1가685-366,127.0347281610465444_37.5457320230783580,149.0,34.0,원활,127.0347281610465444_37.5457320230783580|127.0345634495914453_37.5456389612574384|127.0339308281616155_37.5452976975982509|127.0338163721421125_37.5452323683480316|127.0337417705139984_37.5451771052804588|127.0335982894965667_37.5450806500806493|127.0334629512231004_37.5450262429314208|127.0333325548071599_37.5450050369533841
2026-09-04T09:00:31.559343+09:00,서울숲공원,서울숲공원,POI101,KEY_1,1030007803,광나루로,1030015700,응봉교앞,127.0362287011718365_37.5468934194515498,1030013200,뚝섬역앞,127.0340021665685128_37.5447699627491218,335.0,36.0,원활,127.0340021665685128_37.5447699627491218|127.0339119478859402_37.5448533482408919|127.0338390853927564_37.5449373945285672|127.0338227918287686_37.5450024693594102|127.0338138824460401_37.5450640218691802|127.0338381578220464_37.5451008315442252|127.0339025242840307_37.5451485128795497|127.0340084810208623_37.5452089899118064|127.0346408315383542_37.5455501072778191|127.0348067426888434_37.5456438452889145|127.0350260021663757_37.5457746884153849|127.0356313917589119_37.5462775440664771|127.0361171498495167_37.5467784023693270|127.0362287011718365_37.5468934194515498
2026-09-04T09:00:31.559343+09:00,서울숲공원,서울숲공원,POI101,KEY_1,1030007903,뚝섬로,1030153700,최소노드배치점,127.0298541325279302_37.5461734938040195,1030013800,용비교앞,127.0333325548071599_37.5450050369533841,334.0,41.0,원활,127.0333325548071599_37.5450050369533841|127.0320878634865949_37.5454301821306089|127.0301483584728004_37.5461118314372300|127.0298548174119588_37.5461734181233169|127.0298541325279302_37.5461734938040195
2026-09-04T09:00:31.559343+09:00,서울숲공원,서울숲공원,POI101,KEY_1,1030007904,뚝섬로,1030013800,용비교앞,127.0333325548071599_37.5450050369533841,1030013401,서울숲입구,127.0336259699339791_37.5449020311093804,28.0,37.5,원활,127.0336259699339791_37.5449020311093804|127.0333325548071599_37.5450050369533841
2026-09-04T09:00:31.559343+09:00,서울숲공원,서울숲공원,POI101,KEY_1,1030008004,뚝섬로,1030013402,서울숲입구,127.0335712621943571_37.5448039853446431,1030014600,강변북로분기점,127.0320336805205699_37.5453310445884938,148.0,15.0,서행,127.0320336805205699_37.5453310445884938|127.0335605592246537_37.5448077968026155|127.0335712621943571_37.5448039853446431
2026-09-04T09:00:31.559343+09:00,서울숲공원,서울숲공원,POI101,KEY_1,1030008201,고산자로,1030015200,응봉지하차도,127.0366128449075376_37.5457210264910088,1030012800,성수대교,127.0364370496948396_37.5446681209833670,118.0,16.0,서행,127.0364370496948396_37.5446681209833670|127.0366128449075376_37.5457210264910088
2026-09-04T09:00:31.559343+09:00,서울숲공원,서울숲공원,POI101,KEY_1,1030008202,고산자로,1030015902,응봉교앞교차로,127.0366620598710057_37.5470907469341526,1030015200,응봉지하차도,127.0366128449075376_37.5457210264910088,155.0,25.0,원활,127.0366128449075376_37.5457210264910088|127.0367779996532391_37.5467407889137164|127.0367656344953389_37.5469133007197087|127.0367066612591316_37.5470409050150522|127.0366620598710057_37.5470907469341526
2026-09-04T09:00:31.559343+09:00,서울숲공원,서울숲공원,POI101,KEY_1,1030009300,서울숲길,1030076300,성수동1가 676-8,127.0399213370954214_37.5479548333834785,1030018200,응봉지하차도,127.0374624651740305_37.5484417432670767,239.0,15.5,서행,127.0374624651740305_37.5484417432670767|127.0376197668948919_37.5485990148293283|127.0377691938879821_37.5486030666717809|127.0379335176127427_37.5485712655074408|127.0381567590147682_37.5484853004769974|127.0383340384476725_37.5484272268524180|127.0392064844063640_37.5481559010921799|127.0393057439895301_37.5481250313893327|127.0399213370954214_37.5479548333834785
2026-09-04T09:00:31.559343+09:00,서울숲공원,서울숲공원,POI101,KEY_1,1030009502,광나루로,1030015901,응봉교앞교차로,127.0366152887005171_37.5472219483610559,1030003300,성수동1가685-682,127.0377144991523579_37.5489181795884193,214.0,4.0,정체,127.0377144991523579_37.5489181795884193|127.0375766079558133_37.5487776911937914|127.0374329612102429_37.5486111232519235|127.0373464606487204_37.5484979491716757|127.0372495867620586_37.5483712020506317|127.0370899670532054_37.5481557307054956|127.0369658436303979_37.5479582707073689|127.0368520299556110_37.5478161520716753|127.0366852607440364_37.5473419561078501|127.0366152887005171_37.5472219483610559
2026-09-04T09:00:31.559343+09:00,서울숲공원,서울숲공원,POI101,KEY_1,1030009601,광나루로,1030016401,응봉교교차로,127.0369747496989561_37.5477727654258828,1030015902,응봉교앞교차로,127.0366620598710057_37.5470907469341526,81.0,30.0,원활,127.0366620598710057_37.5470907469341526|127.0367310816394308_37.5471637738456607|127.0368132004219177_37.5473046122355285|127.0369747496989561_37.5477727654258828
2026-09-04T09:00:31.559343+09:00,서울숲공원,서울숲공원,POI101,KEY_1,1030009602,광나루로,1030018200,응봉지하차도,127.0374624651740305_37.5484417432670767,1030016401,응봉교교차로,127.0369747496989561_37.5477727654258828,86.0,18.0,서행,127.0369747496989561_37.5477727654258828|127.0370841269440092_37.5479048674630818|127.0372093083618381_37.5481040100708015|127.0373660769487429_37.5483156321913540|127.0374624651740305_37.5484417432670767
2026-09-04T09:00:31.559343+09:00,서울숲공원,서울숲공원,POI101,KEY_1,1030009603,광나루로,1030018600,응봉지하차도,127.0379861625013405_37.5489978732287639,1030018200,응봉지하차도,127.0374624651740305_37.5484417432670767,77.0,16.0,서행,127.0374624651740305_37.5484417432670767|127.0375470226948380_37.5485523752630357|127.0376861857009629_37.5487137421328967|127.0378185869667504_37.5488488351778074|127.0379861625013405_37.5489978732287639
2026-09-04T09:00:31.559343+09:00,서울숲공원,서울숲공원,POI101,KEY_1,1030011501,광나루로,1030174400,최소노드배치점,127.0398169960489128_37.5505495317001561,1030020300,성수동1가672-3,127.0424916727474027_37.5515155229991748,260.0,20.0,서행,127.0424916727474027_37.5515155229991748|127.0423272436774056_37.5514771040283861|127.0419434266120362_37.5513458747840048|127.0406151306876978_37.5508917096208847|127.0405116801708232_37.5508515661850097|127.0401146984400640_37.5506975182419964|127.0398336311208141_37.5505594903515316|127.0398169960489128_37.5505495317001561
2026-09-04T09:00:31.559343+09:00,서울숲공원,서울숲공원,POI101,KEY_1,1030011600,광나루로,1030092500,성수동1가 685-682,127.0383955604428934_37.5493625191709341,1030018600,응봉지하차도,127.0379861625013405_37.5489978732287639,54.0,16.3,서행,127.0379861625013405_37.5489978732287639|127.0382859447694699_37.5492644909027860|127.0383955604428934_37.5493625191709341
2026-09-04T09:00:31.559343+09:00,서울숲공원,서울숲공원,POI101,KEY_1,1030022500,강변북로,1030006500,강변동양아파트,127.0457199441466400_37.5371614419992170,1030008200,성수동1가689-15,127.0386116957061802_37.5399100186691754,732.0,11.0,정체,127.0386116957061802_37.5399100186691754|127.0388094671413626_37.5398929051167940|127.0389980988206418_37.5399007961000279|127.0391732543634902_37.5399086344900752|127.0393260579287897_37.5398984988097268|127.0394565554318120_37.5398632351905448|127.0396188712205685_37.5397672820113897|127.0397092230287228_37.5396853579724663|127.0398132934763566_37.5395641366282575|127.0402208488266780_37.5390362908951474|127.0404468884075158_37.5388046494535104|127.0412228387984328_37.5382710782329667|127.0415022100986846_37.5381326507174720|127.0418939270202827_37.5379875036210677|127.0424249449393841_37.5378357405717580|127.0429738849922785_37.5376911991380950|127.0434372105982987_37.5375892508277289|127.0439229523194200_37.5374945418114123|127.0443443046295755_37.5373995828899609|127.0447580464581847_37.5373248636183803|127.0457199441466400_37.5371614419992170
2026-09-04T09:00:31.559343+09:00,서울숲공원,서울숲공원,POI101,KEY_1,1030023000,강변북로,1030008700,성수동1가685-717,127.0387034330841232_37.5403324927363400,1030007000,한강공원이촌지구입구,127.0411526317783455_37.5386310153525642,296.0,28.0,정체,127.0411526317783455_37.5386310153525642|127.0407533818060841_37.5388833491545242|127.0405051750272207_37.5390672079383378|127.0403168625084618_37.5392512998438548|127.0401282578067139_37.5394830868806224|127.0399244787430320_37.5397470102002941|127.0397481798608510_37.5399251856554201|127.0395181272781286_37.5400781102996177|127.0392477741095405_37.5402094139839022|127.0390542301361450_37.5402694721315768|127.0388742738886378_37.5403116965031529|127.0387034330841232_37.5403324927363400
2026-09-04T09:00:31.559343+09:00,서울숲공원,서울숲공원,POI101,KEY_1,1030023100,강변북로,1030007400,민들레,127.0411070650829117_37.5384294612663183,1030007800,성수대교(북측),127.0368534360828363_37.5396408057627795,400.0,65.0,원활,127.0368534360828363_37.5396408057627795|127.0371121663615810_37.5395732560513053|127.0376707307637503_37.5394502404493267|127.0379819235674006_37.5393739513036451|127.0383382043887082_37.5392710086407959|127.0391560042913142_37.5389969660262821|127.0399475014373252_37.5387377201589345|127.0404688029044422_37.5385847357400735|127.0411070650829117_37.5384294612663183
2026-09-04T09:00:31.559343+09:00,서울숲공원,서울숲공원,POI101,KEY_1,1030023200,강변북로,1030007800,성수대교(북측),127.0368534360828363_37.5396408057627795,1030007600,성수대교북측(남측),127.0353856054661748_37.5391491203814596,172.0,43.0,서행,127.0353856054661748_37.5391491203814596|127.0354519301494349_37.5392596892391666|127.0355294539751867_37.5394358763245677|127.0356147237740174_37.5395703582316855|127.0356778466900352_37.5396540754166210|127.0357710106925424_37.5397230061694600|127.0358755720474022_37.5397651511611272|127.0359727566045080_37.5397893819223896|127.0360513720212055_37.5397896904171802|127.0361712028036294_37.5397841991194525|127.0363398484315809_37.5397550513494167|127.0368534360828363_37.5396408057627795
2026-09-04T09:00:31.559343+09:00,서울숲공원,서울숲공원,POI101,KEY_1,1030023800,언주로,1030000501,성수대교북측(북측),127.0356112502638837_37.5404973798243304,1030007600,성수대교북측(남측),127.0353856054661748_37.5391491203814596,151.0,12.0,정체,127.0353856054661748_37.5391491203814596|127.0356112502638837_37.5404973798243304
2026-09-04T09:00:31.559343+09:00,서울숲공원,서울숲공원,POI101,KEY_1,1030023900,언주로,1030007700,성수대교북측(남측),127.0352537450373660_37.5391797046238054,1030000502,성수대교북측(북측),127.0354766600117671_37.5405116623693331,149.0,12.0,정체,127.0354766600117671_37.5405116623693331|127.0352537450373660_37.5391797046238054
2026-09-04T09:00:31.559343+09:00,서울숲공원,서울숲공원,POI101,KEY_1,1030024400,강변북로,1030008200,성수동1가689-15,127.0386116957061802_37.5399100186691754,1030008700,성수동1가685-717,127.0387034330841232_37.5403324927363400,70.0,19.0,정체,127.0387034330841232_37.5403324927363400|127.0385419074224984_37.5402996662770363|127.0384613765454702_37.5402456929054082|127.0384258357114931_37.5401811631481621|127.0384038369325168_37.5401059548299685|127.0384311435581708_37.5400488261539849|127.0384719932345803_37.5399810180122273|127.0385216066115106_37.5399490163397971|127.0386116957061802_37.5399100186691754
2026-09-04T09:00:31.559343+09:00,서울숲공원,서울숲공원,POI101,KEY_1,1030024600,강변북로,1030007700,성수대교북측(남측),127.0352537450373660_37.5391797046238054,1030009100,성수대교(북측),127.0337769617486003_37.5407132030334907,232.0,6.0,정체,127.0337769617486003_37.5407132030334907|127.0339391981025443_37.5406315664747012|127.0345833361038927_37.5403550816663412|127.0347591365769091_37.5402591888875037|127.0348945951880637_37.5401488278030868|127.0350121281835385_37.5400312413527359|127.0351029072210878_37.5398813537806788|127.0351441154042362_37.5397563124581737|127.0351901036656983_37.5395847853010736|127.0352046463879958_37.5394131341517507|127.0352537450373660_37.5391797046238054
2026-09-04T09:00:31.559343+09:00,서울숲공원,서울숲공원,POI101,KEY_1,1030024900,강변북로,1030009800,성수대교(북측),127.0339243946623640_37.5414459285932267,1030007800,성수대교(북측),127.0368534360828363_37.5396408057627795,443.0,49.7,서행,127.0368534360828363_37.5396408057627795|127.0370181494945712_37.5396420480801467|127.0371527636470574_37.5396676167305898|127.0372737895883120_37.5397110176042972|127.0373676853027973_37.5397829309775091|127.0374390099259898_37.5398726416778246|127.0374656095860360_37.5399299818899905|127.0374784683138927_37.5400301951343636|127.0374688644552776_37.5401303208999835|127.0374323740247178_37.5402196089517304|127.0373689946792553_37.5402980601669327|127.0373057713197937_37.5403514716095259|127.0372291364230506_37.5403940977729462|127.0369949821833870_37.5404826117086117|127.0368329266345881_37.5405356348524464|127.0348571263850914_37.5411181147050996|127.0339243946623640_37.5414459285932267
2026-09-04T09:00:31.559343+09:00,서울숲공원,서울숲공원,POI101,KEY_1,1030025400,강변북로,1030009100,성수대교(북측),127.0337769617486003_37.5407132030334907,1030011200,동부간선도로입구,127.0297847949010190_37.5425055540992219,406.0,54.5,원활,127.0297847949010190_37.5425055540992219|127.0301014443444387_37.5423983044091045|127.0316013885051376_37.5417710906772442|127.0322590225374171_37.5414946717477847|127.0325159372563633_37.5413597540577584|127.0329488123294794_37.5411039051045989|127.0332779588102170_37.5409120349971985|127.0335527716549109_37.5407879165858489|127.0337769617486003_37.5407132030334907
2026-09-04T09:00:31.559343+09:00,서울숲공원,서울숲공원,POI101,KEY_1,1030025800,강변북로,1030010300,옥수동492,127.0318062526681047_37.5420723308692246,1030009800,성수대교(북측),127.0339243946623640_37.5414459285932267,200.0,68.0,원활,127.0339243946623640_37.5414459285932267|127.0325861881406126_37.5418365221240293|127.0318062526681047_37.5420723308692246
2026-09-04T09:00:31.559343+09:00,서울숲공원,서울숲공원,POI101,KEY_1,1030026500,뚝섬로,1030010901,서울숲관리사무소,127.0422149021619873_37.5423764621375895,1030010204,서울숲입구교차로,127.0441934353593894_37.5419277837611602,182.0,25.0,원활,127.0441934353593894_37.5419277837611602|127.0422149021619873_37.5423764621375895
2026-09-04T09:00:31.559343+09:00,서울숲공원,서울숲공원,POI101,KEY_1,1030026600,강변북로,1030008200,성수동1가689-15,127.0386116957061802_37.5399100186691754,1030012400,뚝섬역앞,127.0351598907825377_37.5442382170389379,705.0,23.0,정체,127.0351598907825377_37.5442382170389379|127.0354068962458172_37.5441060684462187|127.0355674450624122_37.5439976137586413|127.0356577622891763_37.5439228468216513|127.0357242893047811_37.5438335331714370|127.0357486109102041_37.5437622279278287|127.0357679800487318_37.5436680730317818|127.0357632413711571_37.5435762680332843|127.0357323270163477_37.5434902923140541|127.0350720288963942_37.5420245991552690|127.0350366668427000_37.5419314516935074|127.0350057086922106_37.5418526306111957|127.0349972125870295_37.5417738974697954|127.0349978124110635_37.5416773137281155|127.0350299037809663_37.5415737000574268|127.0350934191691721_37.5414737873586901|127.0351612929096063_37.5413953549625887|127.0352650617556947_37.5413242180194970|127.0353776822518057_37.5412745797914127|127.0355127644148183_37.5412250302087003|127.0369487294088202_37.5407620496736740|127.0371784364439236_37.5406663643740757|127.0373902612695645_37.5405562998266404|127.0376021513677642_37.5404355030668313|127.0377555536119729_37.5403287865443716|127.0379134244137020_37.5402256633759421|127.0380354020996378_37.5401152462535208|127.0381436804458559_37.5400405472650220|127.0383058228510720_37.5399732135098958|127.0384363198342470_37.5399379510186222|127.0386116957061802_37.5399100186691754
2026-09-04T09:00:31.559343+09:00,서울숲공원,서울숲공원,POI101,KEY_1,1030026700,강변북로,1030013401,서울숲입구,127.0336259699339791_37.5449020311093804,1030008700,성수동1가685-717,127.0387034330841232_37.5403324927363400,845.0,33.0,서행,127.0387034330841232_37.5403324927363400|127.0385371511629842_37.5403425752467825|127.0383978666933160_37.5403456074334514|127.0382316516383412_37.5403449576821160|127.0381148287079043_37.5403480786678330|127.0379889118636783_37.5403690494698381|127.0378718901825152_37.5404043639064326|127.0376601982701743_37.5404929665598743|127.0373762310509278_37.5406456762469176|127.0370879036319849_37.5407769040777453|127.0362952125058484_37.5411029014549058|127.0354844785458965_37.5414395541404957|127.0353673215752082_37.5414963288448078|127.0352725369027098_37.5415675010344856|127.0352046178310417_37.5416530874434429|127.0351591164095453_37.5417459165832241|127.0351405248829764_37.5418460069646898|127.0351354551451237_37.5419389952436759|127.0351751538081260_37.5420572008873492|127.0358001798617806_37.5434154374524383|127.0358353439824128_37.5435407792331688|127.0358480445403444_37.5436660323164375|127.0358326844142454_37.5437716016713736|127.0358155281628427_37.5438434318438041|127.0357804123959227_37.5439402458612719|127.0357588038870915_37.5440155390118946|127.0357240209459917_37.5441034969866152|127.0356607451534785_37.5441938214730655|127.0355930812456791_37.5442489605209389|127.0354925813227567_37.5443013739697307|127.0352297106497588_37.5443971397144693|127.0348467896735940_37.5445356792611875|127.0337727652631230_37.5449105304015731|127.0336259699339791_37.5449020311093804
2026-09-04T09:00:31.559343+09:00,서울숲공원,서울숲공원,POI101,KEY_1,1030026800,뚝섬로,1030010203,서울숲입구교차로,127.0441621562491576_37.5418224578429118,1030011002,무지개터널(동측),127.0413473196034317_37.5424602796447218,259.0,13.0,정체,127.0413473196034317_37.5424602796447218|127.0420470149079648_37.5423020740521096|127.0421777116470992_37.5422724767808944|127.0441621562491576_37.5418224578429118
2026-09-04T09:00:31.559343+09:00,서울숲공원,서울숲공원,POI101,KEY_1,1030026900,뚝섬로,1030011001,무지개터널(동측),127.0413856137363098_37.5425640055429071,1030010904,서울숲관리사무소,127.0420841060007007_37.5424060811278437,64.0,25.0,원활,127.0420841060007007_37.5424060811278437|127.0413856137363098_37.5425640055429071
2026-09-04T09:00:31.559343+09:00,서울숲공원,서울숲공원,POI101,KEY_1,1030027000,동부간선도로,1030012000,성수JC,127.0314731932145378_37.5440534747483454,1030009800,성수대교(북측),127.0339243946623640_37.5414459285932267,486.0,55.7,원활,127.0339243946623640_37.5414459285932267|127.0334660672718314_37.5416308850519584|127.0311611799832292_37.5425040231097924|127.0309995450869707_37.5425851177727168|127.0308738370767827_37.5426709718164062|127.0307840622352700_37.5427711188299682|127.0307062751404032_37.5428998693921869|127.0306763922770017_37.5430381436443739|127.0306704646842491_37.5431859469438933|127.0307184282822703_37.5433337362326114|127.0308143019321960_37.5435005844608796|127.0309640663317907_37.5436674175867111|127.0314731932145378_37.5440534747483454
2026-09-04T09:00:31.559343+09:00,서울숲공원,서울숲공원,POI101,KEY_1,1030027100,뚝섬로,1030011002,무지개터널(동측),127.0413473196034317_37.5424602796447218,1030011502,무지개터널(서측),127.0382618561309727_37.5432843303280137,288.0,15.0,서행,127.0382618561309727_37.5432843303280137|127.0401723923043704_37.5427447280211126|127.0413473196034317_37.5424602796447218
2026-09-04T09:00:31.559343+09:00,서울숲공원,서울숲공원,POI101,KEY_1,1030027200,뚝섬로,1030011501,무지개터널(서측),127.0383065031408876_37.5433864362319696,1030011001,무지개터널(동측),127.0413856137363098_37.5425640055429071,287.0,25.0,원활,127.0413856137363098_37.5425640055429071|127.0402148599190326_37.5428474536407961|127.0383065031408876_37.5433864362319696
2026-09-04T09:00:31.559343+09:00,서울숲공원,서울숲공원,POI101,KEY_1,1030027700,뚝섬로,1030011502,무지개터널(서측),127.0382618561309727_37.5432843303280137,1030012100,성수대교,127.0367153495430301_37.5437064666827922,144.0,15.0,서행,127.0367153495430301_37.5437064666827922|127.0367423091030759_37.5436977285142177|127.0382618561309727_37.5432843303280137
2026-09-04T09:00:31.559343+09:00,서울숲공원,서울숲공원,POI101,KEY_1,1030027800,뚝섬로,1030012200,성수대교,127.0367665461850777_37.5438066076472126,1030011501,무지개터널(서측),127.0383065031408876_37.5433864362319696,144.0,25.0,원활,127.0383065031408876_37.5433864362319696|127.0367898966813982_37.5437990382867781|127.0367665461850777_37.5438066076472126
2026-09-04T09:00:31.559343+09:00,서울숲공원,서울숲공원,POI101,KEY_1,1030027900,뚝섬로,1030012100,성수대교,127.0367153495430301_37.5437064666827922,1030011800,성수대교,127.0361349219139697_37.5434475561346019,73.0,25.0,원활,127.0361349219139697_37.5434475561346019|127.0362399483803699_37.5436656315811135|127.0363100343637797_37.5437256841859224|127.0363675331386162_37.5437557040092429|127.0364268175616616_37.5437671284283141|127.0364914867285364_37.5437685392485392|127.0367153495430301_37.5437064666827922
2026-09-04T09:00:31.559343+09:00,서울숲공원,서울숲공원,POI101,KEY_1,1030028000,고산자로,1030011900,성수대교,127.0360005462618460_37.5434631051802086,1030012400,뚝섬역앞,127.0351598907825377_37.5442382170389379,125.0,16.0,서행,127.0351598907825377_37.5442382170389379|127.0357216302386547_37.5440210860030703|127.0358269236664057_37.5439489651457876|127.0358969414481436_37.5438645535781532|127.0359471986930373_37.5437801488859435|127.0359812860939428_37.5436914567381876|127.0360005462618460_37.5434631051802086
2026-09-04T09:00:31.559343+09:00,서울숲공원,서울숲공원,POI101,KEY_1,1030028100,뚝섬로,1030012100,성수대교,127.0367153495430301_37.5437064666827922,1030012302,성수대교북단교차로,127.0362119535135861_37.5438696362694699,48.0,15.0,서행,127.0362119535135861_37.5438696362694699|127.0367153495430301_37.5437064666827922
2026-09-04T09:00:31.559343+09:00,서울숲공원,서울숲공원,POI101,KEY_1,1030028200,뚝섬로,1030012301,성수대교북단교차로,127.0362371882276165_37.5439781927615286,1030012200,성수대교,127.0367665461850777_37.5438066076472126,51.0,25.0,원활,127.0367665461850777_37.5438066076472126|127.0362371882276165_37.5439781927615286
2026-09-04T09:00:31.559343+09:00,서울숲공원,서울숲공원,POI101,KEY_1,1030028600,강변북로,1030011700,성수JC,127.0277034763174839_37.5435314558420359,1030036600,성수JC,127.0323619427774275_37.5449326440640903,484.0,61.0,원활,127.0323619427774275_37.5449326440640903|127.0311949792518220_37.5441285919077359|127.0304674227492541_37.5436105774788729|127.0301690887583277_37.5434233741345693|127.0299481177394938_37.5433175620449404|127.0297448471371666_37.5432547470848448|127.0295174374858931_37.5432204535432916|127.0292298587921209_37.5432288467092619|127.0289780092224845_37.5432707692171306|127.0286119287075337_37.5433790108575920|127.0282280286061933_37.5434633313840465|127.0279282574757644_37.5435050603725173|127.0277034763174839_37.5435314558420359
2026-09-04T09:00:31.559343+09:00,서울숲공원,서울숲공원,POI101,KEY_1,1030028700,뚝섬로,1030012303,성수대교북단교차로,127.0360826391629558_37.5439129163279333,1030012400,뚝섬역앞,127.0351598907825377_37.5442382170389379,89.0,8.0,정체,127.0351598907825377_37.5442382170389379|127.0360826391629558_37.5439129163279333
2026-09-04T09:00:31.559343+09:00,서울숲공원,서울숲공원,POI101,KEY_1,1030028800,뚝섬로,1030012700,성수대교,127.0355058723116031_37.5442361646540377,1030012304,성수대교북단교차로,127.0361107182000069_37.5440214432186963,59.0,36.3,원활,127.0361107182000069_37.5440214432186963|127.0355058723116031_37.5442361646540377
2026-09-04T09:00:31.559343+09:00,서울숲공원,서울숲공원,POI101,KEY_1,1030028900,고산자로,1030012800,성수대교,127.0364370496948396_37.5446681209833670,1030012200,성수대교,127.0367665461850777_37.5438066076472126,108.0,25.0,원활,127.0367665461850777_37.5438066076472126|127.0365185217943775_37.5439516139629532|127.0364718466361467_37.5440131333070539|127.0364485303973794_37.5440889478878148|127.0364701751367278_37.5442705943811035|127.0364702301823172_37.5443835913891988|127.0364370496948396_37.5446681209833670
2026-09-04T09:00:31.559343+09:00,서울숲공원,서울숲공원,POI101,KEY_1,1030029100,뚝섬로,1030012700,성수대교,127.0355058723116031_37.5442361646540377,1030012900,성수대교,127.0363032638533412_37.5446862650665025,96.0,27.0,원활,127.0363032638533412_37.5446862650665025|127.0360858026865287_37.5443708360154389|127.0360067334721066_37.5443122168106527|127.0359348598702240_37.5442721892855644|127.0358665879682007_37.5442507545453665|127.0357731684678839_37.5442321889604642|127.0355058723116031_37.5442361646540377
2026-09-04T09:00:31.559343+09:00,서울숲공원,서울숲공원,POI101,KEY_1,1030029200,뚝섬로,1030012400,뚝섬역앞,127.0351598907825377_37.5442382170389379,1030013402,서울숲입구,127.0335712621943571_37.5448039853446431,154.0,6.0,정체,127.0335712621943571_37.5448039853446431|127.0351598907825377_37.5442382170389379
2026-09-04T09:00:31.559343+09:00,서울숲공원,서울숲공원,POI101,KEY_1,1030029300,뚝섬로,1030013200,뚝섬역앞,127.0340021665685128_37.5447699627491218,1030012700,성수대교,127.0355058723116031_37.5442361646540377,145.0,41.7,원활,127.0355058723116031_37.5442361646540377|127.0340021665685128_37.5447699627491218
2026-09-04T09:00:31.559343+09:00,서울숲공원,서울숲공원,POI101,KEY_1,1030029400,왕십리로,1030088000,성수동1가 685-703,127.0428329815148061_37.5438084633640159,1030010901,서울숲관리사무소,127.0422149021619873_37.5423764621375895,168.0,25.0,원활,127.0422149021619873_37.5423764621375895|127.0424002084268693_37.5428057963129760|127.0428329815148061_37.5438084633640159
2026-09-04T09:00:31.559343+09:00,서울숲공원,서울숲공원,POI101,KEY_1,1030029500,왕십리로,1030048000,성수동1가 685-703,127.0422717949817439_37.5428409373270853,1030014104,서울숲역4번출구,127.0448202932931565_37.5451684659811562,437.0,22.5,서행,127.0448202932931565_37.5451684659811562|127.0437337797184085_37.5454718229148128|127.0436132250108585_37.5454905344017718|127.0435214686951042_37.5454872471729715|127.0434239332012396_37.5454387588731251|127.0433527486151348_37.5453642534812673|127.0430275322895142_37.5445972039875997|127.0428995455311991_37.5442953320865698|127.0428019950379763_37.5440693275960413|127.0427045667538124_37.5438436047861117|127.0422717949817439_37.5428409373270853
2026-09-04T09:00:31.559343+09:00,서울숲공원,서울숲공원,POI101,KEY_1,1030029600,동부간선도로,1030014600,강변북로분기점,127.0320336805205699_37.5453310445884938,1030014900,성수동1가685-31,127.0343613336856379_37.5465066021287299,571.0,11.0,정체,127.0343613336856379_37.5465066021287299|127.0318255585729048_37.5446617188198246|127.0316912107762022_37.5445926221796640|127.0315418498018971_37.5445294282392652|127.0314110770727751_37.5444871746965418|127.0312875694041850_37.5444807220927714|127.0311226926525450_37.5445039159389822|127.0310025737252744_37.5445541169787873|127.0309085864134317_37.5446163457062099|127.0308294244458125_37.5447024812067696|127.0307689064878502_37.5448006149083895|127.0307534830975413_37.5448720987995159|127.0307565913073802_37.5449734667094219|127.0308009193484367_37.5450690358540484|127.0308528286035710_37.5451497302063615|127.0309309633900057_37.5452275470847212|127.0310353800474701_37.5452935449066558|127.0311324779692654_37.5453326839784367|127.0312708319260508_37.5453600630229474|127.0313980663339208_37.5453695113752985|127.0315478211685019_37.5453701048633306|127.0318025327893849_37.5453502478940848|127.0320336805205699_37.5453310445884938
2026-09-04T09:00:31.559343+09:00,서울숲공원,서울숲공원,POI101,KEY_1,1030029700,뚝섬로,1030013401,서울숲입구,127.0336259699339791_37.5449020311093804,1030013200,뚝섬역앞,127.0340021665685128_37.5447699627491218,36.0,41.5,원활,127.0340021665685128_37.5447699627491218|127.0336259699339791_37.5449020311093804
2026-09-04T09:00:31.559343+09:00,서울숲공원,서울숲공원,POI101,KEY_1,1030032500,광나루로,1030016401,응봉교교차로,127.0369747496989561_37.5477727654258828,1030015200,응봉지하차도,127.0366128449075376_37.5457210264910088,230.0,18.0,서행,127.0366128449075376_37.5457210264910088|127.0368276497498954_37.5470051724699232|127.0369026875021632_37.5473835928909807|127.0369664318891694_37.5476279220281128|127.0369747496989561_37.5477727654258828
2026-09-04T09:00:31.559343+09:00,서울숲공원,서울숲공원,POI101,KEY_1,1030032800,광나루로,1030015000,성수동1가685-366,127.0347281610465444_37.5457320230783580,1030003300,성수동1가685-682,127.0377144991523579_37.5489181795884193,444.0,50.7,원활,127.0377144991523579_37.5489181795884193|127.0376349663708169_37.5488792088440420|127.0375691685638202_37.5488429997423339|127.0374972819558081_37.5487896231078722|127.0369269252125122_37.5482272030721305|127.0362439495232394_37.5475618306844936|127.0361888294393822_37.5475027267513752|127.0361337032097850_37.5474283661806965|127.0355128987986006_37.5465131378379624|127.0354457826970389_37.5464082664061678|127.0353714847591817_37.5463110258443677|127.0352780284328986_37.5462195114021711|127.0349928768071521_37.5459602283603573|127.0348844288978540_37.5458661456903613|127.0347281610465444_37.5457320230783580
2026-09-04T09:00:31.559343+09:00,서울숲공원,서울숲공원,POI101,KEY_1,1030032900,동부간선도로,1030018800,뚝섬유수지체육공원,127.0382875770396396_37.5497896869035088,1030015200,응봉지하차도,127.0366128449075376_37.5457210264910088,483.0,59.3,원활,127.0366128449075376_37.5457210264910088|127.0367395874531695_37.5458139377940583|127.0369539997381594_37.5469993756130123|127.0370342949750864_37.5474726199264097|127.0370915689507143_37.5476591825833665|127.0372061177639154_37.5480049958211382|127.0373900159957685_37.5484437763583472|127.0374702337432922_37.5485840562428734|127.0378471820537527_37.5491260326457947|127.0382687480772859_37.5497553055001063|127.0382875770396396_37.5497896869035088
2026-09-04T09:00:31.559343+09:00,서울숲공원,서울숲공원,POI101,KEY_1,1030066501,강변북로,1030006801,수도박물관,127.0427151925593137_37.5381098869044223,1030042503,뚝도아리수정수센터,127.0437293162950709_37.5396718467509345,242.0,12.5,정체,127.0437293162950709_37.5396718467509345|127.0437158216782620_37.5394558739311748|127.0436997075802168_37.5391979763109163|127.0436816706408365_37.5389072203456848|127.0436712786202520_37.5387550768041294|127.0436602539318045_37.5384744878092533|127.0436159951614457_37.5383075668496176|127.0435936726297541_37.5382556522524453|127.0435557805520119_37.5382048047723771|127.0434880665350477_37.5381718693380719|127.0434174680179638_37.5381479359175430|127.0433467795864289_37.5381386491473776|127.0432448681980304_37.5381450151367630|127.0431330250412572_37.5381558491223046|127.0430240334894876_37.5381633140242101|127.0429108368762172_37.5381640030298840|127.0428358836345950_37.5381580791353997|127.0427751550125492_37.5381398171506078|127.0427151925593137_37.5381098869044223
2026-09-04T09:00:31.559343+09:00,서울숲공원,서울숲공원,POI101,KEY_1,1030066601,왕십리로,1030042502,뚝도아리수정수센터,127.0438509781158700_37.5396651007243065,1030042402,수도박물관,127.0437442315341769_37.5380444160904290,181.0,24.5,서행,127.0437442315341769_37.5380444160904290|127.0437837378023858_37.5381786455282338|127.0438033070933841_37.5384502537906712|127.0438255679363238_37.5387444058637882|127.0438406795499446_37.5390509240955197|127.0438714536466875_37.5394497548960047|127.0438734643708329_37.5394758136334019|127.0438509781158700_37.5396651007243065
2026-09-04T09:00:31.559343+09:00,서울숲공원,서울숲공원,POI101,KEY_1,1030066701,왕십리로,1030042402,수도박물관,127.0437442315341769_37.5380444160904290,1030042503,뚝도아리수정수센터,127.0437293162950709_37.5396718467509345,197.0,23.0,서행,127.0437293162950709_37.5396718467509345|127.0436584084536804_37.5394738561754551|127.0436074642709343_37.5387784903495216|127.0435799846575833_37.5384122096925594|127.0435110066697462_37.5381223833616389|127.0435196323790024_37.5380998831084298|127.0435650529448282_37.5380763980079877|127.0436769846834864_37.5380509169205467|127.0437279737801077_37.5380420997835174|127.0437442315341769_37.5380444160904290
2026-09-04T09:00:31.559343+09:00,서울숲공원,서울숲공원,POI101,KEY_1,1030066801,강변북로,1030042502,뚝도아리수정수센터,127.0438509781158700_37.5396651007243065,1030006601,성수동1가 496,127.0448610462769921_37.5375861963207313,287.0,10.5,정체,127.0448610462769921_37.5375861963207313|127.0443789849651353_37.5377832211987013|127.0439250586849766_37.5379741335692074|127.0438682035410096_37.5380167278659016|127.0438284220830241_37.5380436149692827|127.0437843076973081_37.5380851323055182|127.0437628038830411_37.5381312435571814|127.0437512306277341_37.5381728857687804|127.0437465393209919_37.5382461027841430|127.0437606481121833_37.5384850157771268|127.0438097661079979_37.5392479761743303|127.0438509781158700_37.5396651007243065
2026-09-04T09:00:31.559343+09:00,서울숲공원,서울숲공원,POI101,KEY_1,1030066901,왕십리로,1030042503,뚝도아리수정수센터,127.0437293162950709_37.5396718467509345,1030008603,뚝도아리수정수센터,127.0437630549361216_37.5401290126004596,51.0,12.0,정체,127.0437630549361216_37.5401290126004596|127.0437293162950709_37.5396718467509345
2026-09-04T09:00:31.559343+09:00,서울숲공원,서울숲공원,POI101,KEY_1,1030067001,왕십리로,1030008602,뚝도아리수정수센터,127.0438952129735242_37.5400817035135219,1030042502,뚝도아리수정수센터,127.0438509781158700_37.5396651007243065,46.0,8.0,정체,127.0438509781158700_37.5396651007243065|127.0438952129735242_37.5400817035135219
2026-09-04T09:00:31.559343+09:00,송현녹지광장,송현녹지광장,POI129,KEY_2,1000011202,종로1길,1000019702,경복궁사거리,126.9794701198467664_37.5758080047390521,1000018200,경복궁,126.9792457576218681_37.5753789068622197,52.0,7.0,정체,126.9792457576218681_37.5753789068622197|126.9793010192322811_37.5754682222458030|126.9794701198467664_37.5758080047390521
2026-09-04T09:00:31.559343+09:00,송현녹지광장,송현녹지광장,POI129,KEY_2,1000009102,우정국로,1000017300,안국동사거리,126.9828039229332575_37.5749851341707171,1000017904,안국동로터리,126.9829082928001753_37.5755454257557844,63.0,13.0,정체,126.9829082928001753_37.5755454257557844|126.9828499577781997_37.5754008805051001|126.9828163493672974_37.5752357359225755|126.9827996996409070_37.5750526973415191|126.9828039229332575_37.5749851341707171
2026-09-04T09:00:31.559343+09:00,송현녹지광장,송현녹지광장,POI129,KEY_2,1000010303,삼일대로,1000017003,속성변화점,126.9867672620100478_37.5750673701046694,1000021203,안국역사거리,126.9861392416785293_37.5767777393512361,198.0,15.0,서행,126.9861392416785293_37.5767777393512361|126.9867306429910911_37.5751700115634506|126.9867672620100478_37.5750673701046694
2026-09-04T09:00:31.559343+09:00,송현녹지광장,송현녹지광장,POI129,KEY_2,1000010403,삼일대로,1000021202,안국역사거리,126.9862597945630966_37.5768348176280966,1000017001,덕성여자대학교(종로캠퍼스),126.9868610139755560_37.5752003900895701,189.0,11.0,정체,126.9868610139755560_37.5752003900895701|126.9862597945630966_37.5768348176280966
2026-09-04T09:00:31.559343+09:00,송현녹지광장,송현녹지광장,POI129,KEY_2,1000011501,율곡로,1000019401,경복궁,126.9801381644492011_37.5758813627365100,1000019702,경복궁사거리,126.9794701198467664_37.5758080047390521,60.0,23.0,서행,126.9794701198467664_37.5758080047390521|126.9797343426333214_37.5758559422202438|126.9799729505737531_37.5758791430045278|126.9801381644492011_37.5758813627365100
2026-09-04T09:00:31.559343+09:00,송현녹지광장,송현녹지광장,POI129,KEY_2,1000011502,율곡로,1000019203,주한멕시코대사관,126.9811804454430160_37.5757381628755169,1000019401,경복궁,126.9801381644492011_37.5758813627365100,94.0,26.0,원활,126.9801381644492011_37.5758813627365100|126.9801458468412108_37.5758814661415386|126.9803274747907409_37.5758700232846223|126.9811804454430160_37.5757381628755169
2026-09-04T09:00:31.559343+09:00,송현녹지광장,송현녹지광장,POI129,KEY_2,1000011503,율곡로,1000018100,안국동사거리,126.9820370732549009_37.5756052331219763,1000019202,주한멕시코대사관,126.9813332527749594_37.5757145141333595,63.0,13.0,정체,126.9813332527749594_37.5757145141333595|126.9820370732549009_37.5756052331219763
2026-09-04T09:00:31.559343+09:00,송현녹지광장,송현녹지광장,POI129,KEY_2,1000011504,율곡로,1000017904,안국동로터리,126.9829082928001753_37.5755454257557844,1000018100,안국동사거리,126.9820370732549009_37.5756052331219763,78.0,13.0,정체,126.9820370732549009_37.5756052331219763|126.9821849025842226_37.5755822792614822|126.9823949596761850_37.5755556593554090|126.9825949987016998_37.5755409919947070|126.9827732334880466_37.5755410181384661|126.9829082928001753_37.5755454257557844
2026-09-04T09:00:31.559343+09:00,송현녹지광장,송현녹지광장,POI129,KEY_2,1000011601,율곡로,1000019701,경복궁사거리,126.9795067975766756_37.5759255521593971,1000020300,경복궁,126.9801205068413168_37.5759892604625989,55.0,12.0,정체,126.9801205068413168_37.5759892604625989|126.9799635415281358_37.5759871517272330|126.9797109494754608_37.5759625907229378|126.9795067975766756_37.5759255521593971
2026-09-04T09:00:31.559343+09:00,송현녹지광장,송현녹지광장,POI129,KEY_2,1000011603,율곡로,1000020300,경복궁,126.9801205068413168_37.5759892604625989,1000017905,안국동로터리,126.9829348569925571_37.5756562270635044,252.0,17.0,서행,126.9829348569925571_37.5756562270635044|126.9829125468357773_37.5756537744281829|126.9827704373494015_37.5756491370767236|126.9826012303179823_37.5756491122595975|126.9824118889619911_37.5756629946566250|126.9822085957164859_37.5756887578650449|126.9820630846885052_37.5757113517092307|126.9813592631155075_37.5758206328940290|126.9812063475179400_37.5758442987123971|126.9803458434132892_37.5759773239770425|126.9801500700749699_37.5759896573698668|126.9801205068413168_37.5759892604625989
2026-09-04T09:00:31.559343+09:00,송현녹지광장,송현녹지광장,POI129,KEY_2,1000012702,율곡로,1000204600,안국역,126.9857294779033765_37.5767141333904462,1000021204,안국역사거리,126.9860941353497878_37.5768818686938246,37.0,12.0,정체,126.9860941353497878_37.5768818686938246|126.9857294779033765_37.5767141333904462
2026-09-04T09:00:31.559343+09:00,송현녹지광장,송현녹지광장,POI129,KEY_2,1000012800,율곡로,1000099700,관훈동 113,126.9843012547585914_37.5759322813818102,1000017902,안국동로터리,126.9831650747284471_37.5755740090362238,108.0,18.0,서행,126.9831650747284471_37.5755740090362238|126.9832157778299404_37.5755801309922148|126.9834207454955077_37.5756172367829961|126.9836820397707413_37.5756980185194678|126.9842468281761967_37.5759072448986657|126.9843012547585914_37.5759322813818102
2026-09-04T09:00:31.559343+09:00,송현녹지광장,송현녹지광장,POI129,KEY_2,1000013501,율곡로,1000054300,계동 149-3,126.9868657861829462_37.5772407179262302,1000021504,우즈베키스탄대사관,126.9891939676239474_37.5774507625066221,209.0,19.0,서행,126.9891939676239474_37.5774507625066221|126.9886716347625111_37.5774406495643092|126.9876528972208263_37.5774209190205184|126.9874748196535421_37.5774084674404421|126.9872839495136390_37.5773710909105532|126.9870718117635420_37.5773123392589739|126.9868657861829462_37.5772407179262302
2026-09-04T09:00:31.559343+09:00,송현녹지광장,송현녹지광장,POI129,KEY_2,1000013502,율곡로,1000021501,우즈베키스탄대사관,126.9893297531960883_37.5774544023044541,1000021404,창덕궁앞교차로,126.9900388640569702_37.5774865487865739,63.0,30.0,원활,126.9900388640569702_37.5774865487865739|126.9897463242174780_37.5774687657961053|126.9893297531960883_37.5774544023044541
2026-09-04T09:00:31.559343+09:00,송현녹지광장,송현녹지광장,POI129,KEY_2,1000013601,율곡로,1000115800,운니동 99,126.9886749388672058_37.5773325621108185,1000021202,안국역사거리,126.9862597945630966_37.5768348176280966,226.0,26.0,원활,126.9862597945630966_37.5768348176280966|126.9866987114048271_37.5770526790006230|126.9869129296675823_37.5771391236163410|126.9869201616997287_37.5771416376904028|126.9871213965557644_37.5772115927930628|126.9873225852521443_37.5772673122363585|126.9874971233893604_37.5773014911490293|126.9876605021504048_37.5773129149276315|126.9886749388672058_37.5773325621108185
2026-09-04T09:00:31.559343+09:00,송현녹지광장,송현녹지광장,POI129,KEY_2,1000013802,율곡로3길,1000187200,안국동 177-3,126.9825779024490799_37.5773003698629964,1000017901,안국동로터리,126.9830699625115358_37.5756718813989750,188.0,10.0,정체,126.9830699625115358_37.5756718813989750|126.9830564549576764_37.5759140717657090|126.9830330914684993_37.5760255151221827|126.9826494722971120_37.5768341676311906|126.9826150056688476_37.5769949197743074|126.9825779024490799_37.5773003698629964
2026-09-04T09:00:31.559343+09:00,송현녹지광장,송현녹지광장,POI129,KEY_2,1000013900,북촌로,1000116500,재동 63-1,126.9851879175372176_37.5787742277141632,1000021903,재동초등학교앞교차로,126.9849709248422442_37.5791896537058818,50.0,3.0,정체,126.9849709248422442_37.5791896537058818|126.9851123444681207_37.5789593789195138|126.9851879175372176_37.5787742277141632
2026-09-04T09:00:31.559343+09:00,송현녹지광장,송현녹지광장,POI129,KEY_2,1000014000,북촌로,1000021902,재동초등학교앞교차로,126.9851742297151702_37.5791048269106014,1000021201,안국역사거리,126.9862116059343862_37.5769383209828334,258.0,14.5,정체,126.9862116059343862_37.5769383209828334|126.9861227104490524_37.5771049965042820|126.9858974625520034_37.5775403033717339|126.9855988771401059_37.5781173314432593|126.9855520543728602_37.5782320480744829|126.9853545228100558_37.5787159998899227|126.9853171216767009_37.5788076318220590|126.9852385949747031_37.5790000196943907|126.9851742297151702_37.5791048269106014
2026-09-04T09:00:31.559343+09:00,송현녹지광장,송현녹지광장,POI129,KEY_2,1000014100,창덕궁길,1000022002,북촌1경,126.9893063929122548_37.5792409569275208,1000021501,우즈베키스탄대사관,126.9893297531960883_37.5774544023044541,199.0,23.3,서행,126.9893297531960883_37.5774544023044541|126.9892548365952365_37.5786955788249983|126.9892562414735409_37.5787264244637242|126.9892665857058205_37.5789535426034647|126.9893063929122548_37.5792409569275208
2026-09-04T09:00:31.559343+09:00,송현녹지광장,송현녹지광장,POI129,KEY_2,1000014200,창덕궁길,1000128100,원서동 181,126.9891204798979061_37.5787303411058602,1000022003,북촌1경,126.9891713596778544_37.5792528029310802,58.0,15.0,서행,126.9891713596778544_37.5792528029310802|126.9891310055471081_37.5789614346187477|126.9891204798979061_37.5787303411058602
2026-09-04T09:00:31.559343+09:00,송현녹지광장,송현녹지광장,POI129,KEY_2,1000014301,삼청로,1000019704,경복궁사거리,126.9793621536958312_37.5759001150550986,1000020600,대한출판문화협회,126.9794687888132074_37.5765544121067592,73.0,13.0,정체,126.9794687888132074_37.5765544121067592|126.9794674172659654_37.5764824989996455|126.9794172673057773_37.5761249117022231|126.9793621536958312_37.5759001150550986
2026-09-04T09:00:31.559343+09:00,송현녹지광장,송현녹지광장,POI129,KEY_2,1000014302,삼청로,1000020600,대한출판문화협회,126.9794687888132074_37.5765544121067592,1000022703,국군서울지구병원,126.9798562503477797_37.5800221917764006,388.0,13.0,정체,126.9798562503477797_37.5800221917764006|126.9796182985417516_37.5793264763807215|126.9795665449151443_37.5791397220131316|126.9795478931843604_37.5790381290051698|126.9795326834604623_37.5788730174103378|126.9794969047037227_37.5780275498626395|126.9794687888132074_37.5765544121067592
2026-09-04T09:00:31.559343+09:00,송현녹지광장,송현녹지광장,POI129,KEY_2,1000014303,삼청로,1000022704,국군서울지구병원,126.9798888896173850_37.5801238754593712,1000023003,갤러리스케이프,126.9801383570053588_37.5809954150793715,99.0,20.0,서행,126.9801383570053588_37.5809954150793715|126.9801143803817212_37.5808712068437671|126.9798888896173850_37.5801238754593712
2026-09-04T09:00:31.559343+09:00,송현녹지광장,송현녹지광장,POI129,KEY_2,1000014401,삼청로,1000021000,대한출판문화협회,126.9796046197648423_37.5765527706146756,1000019701,경복궁사거리,126.9795067975766756_37.5759255521593971,70.0,22.3,서행,126.9795067975766756_37.5759255521593971|126.9795516592807161_37.5761085342554608|126.9796031487506696_37.5764756650611034|126.9796046197648423_37.5765527706146756
2026-09-04T09:00:31.559343+09:00,송현녹지광장,송현녹지광장,POI129,KEY_2,1000014402,삼청로,1000022702,국군서울지구병원,126.9799873332334244_37.5799937943622950,1000021000,대한출판문화협회,126.9796046197648423_37.5765527706146756,385.0,27.0,원활,126.9796046197648423_37.5765527706146756|126.9796327193578946_37.5780249082326065|126.9796683669145381_37.5788672429607900|126.9796830227134734_37.5790263448128528|126.9797002616005130_37.5791202376619609|126.9797502489418548_37.5793006189381842|126.9799873332334244_37.5799937943622950
2026-09-04T09:00:31.559343+09:00,송현녹지광장,송현녹지광장,POI129,KEY_2,1000014403,삼청로,1000023002,갤러리스케이프,126.9802726364854522_37.5809789975197504,1000022701,국군서울지구병원,126.9800209872343402_37.5800986304131186,100.0,23.7,서행,126.9800209872343402_37.5800986304131186|126.9802478003755937_37.5808503388031028|126.9802726364854522_37.5809789975197504
2026-09-04T09:00:31.559343+09:00,송현녹지광장,송현녹지광장,POI129,KEY_2,1000014500,창덕궁1길,1000088900,계동 140-16,126.9878476682862356_37.5794101883603631,1000022004,북촌1경,126.9891917052853216_37.5793601104971486,119.0,17.0,서행,126.9891917052853216_37.5793601104971486|126.9885772532278594_37.5793912379346011|126.9881446134938585_37.5794131530335278|126.9878476682862356_37.5794101883603631
2026-09-04T09:00:31.559343+09:00,송현녹지광장,송현녹지광장,POI129,KEY_2,1000014600,창덕궁1길,1000234800,계동 140-86,126.9867245271659613_37.5792908407173911,1000021902,재동초등학교앞교차로,126.9851742297151702_37.5791048269106014,140.0,20.0,서행,126.9851742297151702_37.5791048269106014|126.9852469017435794_37.5790943935501645|126.9854890351706871_37.5791147085421500|126.9857411784709598_37.5791656111606329|126.9863425963181811_37.5792870227705578|126.9867245271659613_37.5792908407173911
2026-09-04T09:00:31.559343+09:00,송현녹지광장,송현녹지광장,POI129,KEY_2,1000014700,북촌로5길,1000088600,재동 25-7,126.9846956415277077_37.5792531158054075,1000004602,아트선재센타,126.9822633488435173_37.5794968175353787,217.0,13.0,정체,126.9822633488435173_37.5794968175353787|126.9823491181884378_37.5794770462139454|126.9831043086073379_37.5794265902338225|126.9836111998907597_37.5794024285617070|126.9843075237738219_37.5793274055110444|126.9845584348345966_37.5792764558543553|126.9846956415277077_37.5792531158054075
2026-09-04T09:00:31.559343+09:00,송현녹지광장,송현녹지광장,POI129,KEY_2,1000014800,북촌로5길,1000004601,아트선재센타,126.9823007060969786_37.5796007692993683,1000021904,재동초등학교앞교차로,126.9849412214244495_37.5793218207986328,236.0,25.3,원활,126.9849412214244495_37.5793218207986328|126.9849408583969392_37.5793219631089599|126.9847240373197081_37.5793588468995097|126.9845894370426578_37.5793817437555475|126.9843335147772478_37.5794337109354046|126.9836243912640441_37.5795101126857958|126.9831140519790864_37.5795344388027459|126.9823739414034378_37.5795838870825634|126.9823007060969786_37.5796007692993683
2026-09-04T09:00:31.559343+09:00,송현녹지광장,송현녹지광장,POI129,KEY_2,1000015700,북촌로5길,1000042100,소격동 129-2,126.9811402027582403_37.5799080374455983,1000004604,아트선재센타,126.9821635225137584_37.5796494081435881,95.0,21.0,서행,126.9821635225137584_37.5796494081435881|126.9819590979485184_37.5797316730103290|126.9817617178907625_37.5797894351325041|126.9816972383664222_37.5798027094324709|126.9814029918968004_37.5798632849907435|126.9811402027582403_37.5799080374455983
2026-09-04T09:00:31.559343+09:00,송현녹지광장,송현녹지광장,POI129,KEY_2,1000015800,북촌로5길,1000110800,소격동 101-1,126.9816632165415768_37.5796980355060555,1000022702,국군서울지구병원,126.9799873332334244_37.5799937943622950,152.0,21.0,서행,126.9799873332334244_37.5799937943622950|126.9811117769615265_37.5798023119298961|126.9813717539606586_37.5797580385712706|126.9816632165415768_37.5796980355060555
2026-09-04T09:00:31.559343+09:00,송현녹지광장,송현녹지광장,POI129,KEY_2,1000018401,북촌로,1000109700,가회동 1-168,126.9850883294862882_37.5801433623240229,1000021901,재동초등학교앞교차로,126.9850860098677572_37.5792604403861148,98.0,19.0,서행,126.9850860098677572_37.5792604403861148|126.9850636853442580_37.5794280545368409|126.9850708428209742_37.5796350854461281|126.9850879859902477_37.5801309490906519|126.9850883294862882_37.5801433623240229
2026-09-04T09:00:31.559343+09:00,송현녹지광장,송현녹지광장,POI129,KEY_2,1000031700,인사동길,1000200000,관훈동 177-1,126.9846248795644641_37.5741354335962896,1000017903,안국동로터리,126.9830393503038977_37.5755166265144283,209.0,23.0,서행,126.9830393503038977_37.5755166265144283|126.9832578502403493_37.5753718765763765|126.9833833057397072_37.5752802649537472|126.9833874257963799_37.5752759258947009|126.9838138538233210_37.5748268274858290|126.9839983126868219_37.5746325599944413|126.9840028137515446_37.5746278195686330|126.9841931260739045_37.5744516475788828|126.9843256891268339_37.5743491032214507|126.9843944674535408_37.5742999847176264|126.9846248795644641_37.5741354335962896
2026-09-04T09:00:31.559343+09:00,송현녹지광장,송현녹지광장,POI129,KEY_2,1000032800,율곡로2길,1000003001,서울지방국세청,126.9793545831470993_37.5744165416395930,1000019203,주한멕시코대사관,126.9811804454430160_37.5757381628755169,219.0,11.0,정체,126.9811804454430160_37.5757381628755169|126.9810303591040253_37.5755969856150003|126.9807533749140589_37.5754004466844975|126.9799767752529789_37.5748493879335896|126.9794405580789487_37.5744488693975143|126.9793869466254961_37.5744244737253723|126.9793545831470993_37.5744165416395930
2026-09-04T09:00:31.559343+09:00,송현녹지광장,송현녹지광장,POI129,KEY_2,1000033900,우정국로,1000017300,안국동사거리,126.9828039229332575_37.5749851341707171,1000018100,안국동사거리,126.9820370732549009_37.5756052331219763,102.0,15.0,서행,126.9820370732549009_37.5756052331219763|126.9822935365986751_37.5755095925525495|126.9827428871539610_37.5751967734075052|126.9827905797247212_37.5750539177611387|126.9828039229332575_37.5749851341707171
2026-09-04T09:00:31.559343+09:00,송현녹지광장,송현녹지광장,POI129,KEY_2,1000034900,율곡로,1000019401,경복궁,126.9801381644492011_37.5758813627365100,1000018200,경복궁,126.9792457576218681_37.5753789068622197,101.0,17.0,서행,126.9792457576218681_37.5753789068622197|126.9793355830232144_37.5754952608411301|126.9794316395642397_37.5755988334256017|126.9795071017629624_37.5756589212616419|126.9796274882100420_37.5757347490756146|126.9797877149027556_37.5758145479697703|126.9801381644492011_37.5758813627365100
2026-09-04T09:00:31.559343+09:00,송현녹지광장,송현녹지광장,POI129,KEY_2,1000035200,사직로,1000020200,경복궁,126.9786283706113750_37.5757946408291801,1000020600,대한출판문화협회,126.9794687888132074_37.5765544121067592,118.0,13.0,정체,126.9794687888132074_37.5765544121067592|126.9794368084534142_37.5764098329770562|126.9791960602808700_37.5761637733622180|126.9789750836954596_37.5759177176703147|126.9788694300669647_37.5758537146814078|126.9786283706113750_37.5757946408291801
2026-09-04T09:00:31.559343+09:00,송현녹지광장,송현녹지광장,POI129,KEY_2,1000035300,삼청로,1000021000,대한출판문화협회,126.9796046197648423_37.5765527706146756,1000020300,경복궁,126.9801205068413168_37.5759892604625989,93.0,20.0,서행,126.9801205068413168_37.5759892604625989|126.9797298312382878_37.5760780464987292|126.9796597331679635_37.5761137931100748|126.9796040049640879_37.5761795786155588|126.9796046197648423_37.5765527706146756
2026-09-04T09:00:31.559343+09:00,송현녹지광장,송현녹지광장,POI129,KEY_2,1000038000,북촌로5가길,1000023401,브라질대사관,126.9812038502894040_37.5815562759534103,1000004601,아트선재센타,126.9823007060969786_37.5796007692993683,250.0,7.0,정체,126.9823007060969786_37.5796007692993683|126.9822972536010894_37.5796292911074730|126.9823917024047972_37.5799273089699213|126.9823779765214056_37.5799764228013515|126.9821552192083942_37.5802224687814075|126.9819546456237020_37.5805311963954978|126.9817179917203873_37.5808954559517758|126.9816141551167590_37.5811617086964844|126.9815165107633987_37.5813307541008967|126.9814068792123862_37.5814306552793056|126.9812038502894040_37.5815562759534103
2026-09-04T09:00:31.559343+09:00,송현녹지광장,송현녹지광장,POI129,KEY_2,1000039200,창덕궁길,1000134400,원서동 2-2,126.9892407733604642_37.5829070876196951,1000022001,북촌1경,126.9893249216224547_37.5793389188440585,401.0,16.0,서행,126.9893249216224547_37.5793389188440585|126.9893432024728526_37.5794117077019152|126.9893374585478654_37.5795962855689609|126.9893189924063250_37.5801896786208189|126.9893532350689895_37.5809623190334960|126.9893738580933729_37.5812665958495344|126.9893978694693288_37.5816208620396139|126.9894570663397531_37.5819414687995632|126.9895023987834435_37.5821303841621628|126.9895105285284274_37.5822120284156327|126.9895040052748669_37.5823078791324363|126.9894734073156428_37.5824257182516135|126.9893881157924085_37.5826046082802492|126.9892904879125695_37.5827681919472880|126.9892407733604642_37.5829070876196951
2026-09-04T09:00:31.559343+09:00,아차산,아차산,POI102,KEY_3,1040013803,워커힐로,1040023301,아차산공원,127.1008930142695732_37.5509054583929469,1040023404,워커힐APT후문,127.1046621654105166_37.5519284766786683,361.0,47.0,원활,127.1046621654105166_37.5519284766786683|127.1045123885116794_37.5519320536423891|127.1039678955502268_37.5519093381437941|127.1033217162343618_37.5518131021411889|127.1033066618318230_37.5518100894500790|127.1027843733849778_37.5517055676046638|127.1020593871072464_37.5515302072632764|127.1016289221158075_37.5513710145273620|127.1012830511546383_37.5511766502113105|127.1008930142695732_37.5509054583929469
2026-09-04T09:00:31.559343+09:00,아차산,아차산,POI102,KEY_3,1040013804,워커힐로,1040023401,워커힐APT후문,127.1049276269984176_37.5519211247376532,1040004502,광장동 5-98,127.1078524178076492_37.5534174306053714,384.0,29.0,원활,127.1078524178076492_37.5534174306053714|127.1076811035192122_37.5530795930431722|127.1072767198500344_37.5527235526060750|127.1071304148010768_37.5524951185490607|127.1070666758819812_37.5521581383454475|127.1069204511945401_37.5519839403942512|127.1067013662202783_37.5517675729472700|127.1066127735316797_37.5517219705812622|127.1063570390410291_37.5516300750843612|127.1061098042711848_37.5515814409139992|127.1058798946651223_37.5515776387596105|127.1057306022039057_37.5516058980850289|127.1050792513768783_37.5518980964882729|127.1049700409938055_37.5519199374068151|127.1049276269984176_37.5519211247376532
2026-09-04T09:00:31.559343+09:00,아차산,아차산,POI102,KEY_3,1040013902,워커힐로,1040037500,광장동 5-116,127.1033397664333791_37.5517052322201295,1040023302,아차산공원,127.1009710046642311_37.5508161397328806,235.0,34.0,원활,127.1009710046642311_37.5508161397328806|127.1013670924174761_37.5510915383037869|127.1016972311609550_37.5512770627219510|127.1021079664083970_37.5514289579738829|127.1028206860444101_37.5516013518060063|127.1033397664333791_37.5517052322201295
2026-09-04T09:00:31.559343+09:00,아차산,아차산,POI102,KEY_3,1040013903,워커힐로,1040004501,광장동 5-98,127.1079420944953142_37.5533362363541343,1040023402,워커힐APT후문,127.1049228550648849_37.5518130720409644,394.0,29.0,원활,127.1049228550648849_37.5518130720409644|127.1049509015872871_37.5518122869850544|127.1050284778533381_37.5517967722012784|127.1056805925240525_37.5515042301097068|127.1058653657010922_37.5514692554390379|127.1061277196661337_37.5514735933910160|127.1064016260464200_37.5515274743309604|127.1066779378455749_37.5516267645540864|127.1067835146799325_37.5516811101132078|127.1070809686040803_37.5519450547321298|127.1071930889892769_37.5520882909308753|127.1072470470903824_37.5523904149471264|127.1073495748650686_37.5526305106411940|127.1075006302712325_37.5527775854154555|127.1077491266862580_37.5530097991801242|127.1079420944953142_37.5533362363541343
2026-09-04T09:00:31.559343+09:00,아차산,아차산,POI102,KEY_3,1040015000,긴고랑로,1040076000,중곡동 438-2,127.0940803110470085_37.5592351580863877,1040004804,관음사,127.0947652352017911_37.5601235011157328,116.0,15.0,서행,127.0947652352017911_37.5601235011157328|127.0945334735480685_37.5598229102943080|127.0940803110470085_37.5592351580863877
2026-09-04T09:00:31.559343+09:00,아차산,아차산,POI102,KEY_3,1040035800,영화사로,1040023304,아차산공원,127.1008060127738588_37.5508156818041030,1040023902,금강유치원,127.0973921911687370_37.5534278259907950,446.0,24.7,서행,127.0973921911687370_37.5534278259907950|127.0976202228682155_37.5533234892310048|127.0977507414220185_37.5532866935278804|127.0979322170566519_37.5532482876912397|127.0983398303619225_37.5531138498259409|127.0993272146760091_37.5527510123888746|127.0994452128869483_37.5526820552185399|127.0995342046890926_37.5526123691506086|127.0995833295077659_37.5525565397521603|127.0996019406459254_37.5525050464495607|127.0996584339095392_37.5521263643794327|127.0996779811088544_37.5520292239200231|127.0997188056076936_37.5519588908967279|127.0997847039527784_37.5518871869768418|127.0998855677940895_37.5518037314638420|127.1001214267548676_37.5516212093827946|127.1002603396649135_37.5514757290182075|127.1006900113672913_37.5509485327873449|127.1008060127738588_37.5508156818041030
2026-09-04T09:00:31.559343+09:00,아차산,아차산,POI102,KEY_3,1040035900,영화사로,1040023901,금강유치원,127.0974780094158234_37.5535132633479805,1040023301,아차산공원,127.1008930142695732_37.5509054583929469,446.0,21.5,서행,127.1008930142695732_37.5509054583929469|127.1008027509701463_37.5510088322909041|127.1003715070149127_37.5515379583983560|127.1002233760503088_37.5516930927998871|127.0999818487328383_37.5518800014346539|127.0998889001829042_37.5519569081877975|127.0998363985145971_37.5520140344068167|127.0998091107366292_37.5520610472150693|127.0997929633906693_37.5521412983215299|127.0997354949309255_37.5525265117099991|127.0997075659435183_37.5526037877441468|127.0996382970092498_37.5526825105262034|127.0995334621833450_37.5527646032513402|127.0993965465031437_37.5528446154590370|127.0983942956821977_37.5532129159948909|127.0979758415217589_37.5533509291907990|127.0977909160551889_37.5533900650563055|127.0976771901570004_37.5534221274872380|127.0974780094158234_37.5535132633479805
2026-09-04T09:00:31.559343+09:00,아차산,아차산,POI102,KEY_3,1040036600,영화사로,1040024201,영화사삼거리,127.0945392348431398_37.5546032858723038,1040023901,금강유치원,127.0974780094158234_37.5535132633479805,379.0,12.0,정체,127.0974780094158234_37.5535132633479805|127.0977822383135560_37.5538544536056946|127.0977886680209963_37.5539275660333800|127.0977520642529015_37.5539780233728280|127.0969567317195583_37.5544790466728244|127.0968770994306567_37.5545292107245459|127.0965242691939068_37.5547022443235079|127.0963272401162385_37.5547666706726488|127.0961289793592641_37.5548125758914679|127.0959124514986911_37.5548481197310480|127.0957455808237313_37.5548603339358635|127.0955488408334588_37.5548515437013606|127.0952229064879049_37.5548132605374718|127.0947469052585745_37.5546546057004775|127.0947279301697534_37.5546498039577088|127.0945472578703885_37.5546040837293731|127.0945392348431398_37.5546032858723038
2026-09-04T09:00:31.559343+09:00,아차산,아차산,POI102,KEY_3,1040038900,긴고랑로,1040032800,중곡동 143-127,127.0958120816944188_37.5610219921190591,1040004802,관음사,127.0950177358912470_37.5601697751550248,123.0,16.0,서행,127.0950177358912470_37.5601697751550248|127.0955765335709913_37.5605344921423665|127.0956459965098020_37.5605940917725789|127.0957037292286032_37.5606835950337938|127.0957857387401617_37.5609121987379737|127.0958120816944188_37.5610219921190591
2026-09-04T09:00:31.559343+09:00,아차산,아차산,POI102,KEY_3,1040047701,워커힐로,1040031002,광장동 383-17,127.0990645876057386_37.5494355369845252,1040023304,아차산공원,127.1008060127738588_37.5508156818041030,259.0,30.5,원활,127.1008060127738588_37.5508156818041030|127.1007925997512018_37.5507935691135231|127.1007710308057597_37.5507250504072232|127.1007604189920812_37.5505920649480416|127.1007643063759076_37.5503937798927510|127.1007650635919077_37.5502518197930542|127.1007541636568021_37.5501729142761178|127.1006899832523089_37.5500014397067403|127.1006423739781184_37.5499066367278402|127.1005891182432919_37.5498095617160885|127.1005187118289257_37.5497439749477522|127.1004397073080270_37.5496986399784447|127.1003068333099293_37.5496711499487006|127.0998769118242109_37.5496201196427037|127.0994979086849526_37.5495737670072103|127.0992971711559250_37.5495347777035136|127.0991778144667279_37.5494938123189002|127.0990645876057386_37.5494355369845252
2026-09-04T09:00:31.559343+09:00,아차산,아차산,POI102,KEY_3,1040047801,워커힐로,1040023303,아차산공원,127.1008908597615203_37.5507185101470071,1040031003,광장동 383-17,127.0991143822563743_37.5493704376081254,256.0,21.5,서행,127.0991143822563743_37.5493704376081254|127.0992192405733618_37.5494212813986437|127.0993654541225908_37.5494679716120316|127.0994771101612315_37.5494937011082897|127.0996319481334496_37.5495156333044022|127.0998766138181537_37.5495435035139451|127.1003129181202098_37.5495917389092568|127.1004436663644981_37.5496197848547766|127.1005227250856393_37.5496549799425523|127.1005960988636190_37.5496946622863774|127.1006383112054863_37.5497398726420357|127.1006769562851701_37.5497907046482595|127.1007483860163774_37.5499295289827515|127.1008077138042012_37.5500823966485697|127.1008466336960794_37.5502143515265274|127.1008595392178506_37.5503152333671437|127.1008666840009056_37.5505676364613024|127.1008712614258087_37.5506380707744967|127.1008871446091320_37.5507113587990773|127.1008908597615203_37.5507185101470071
2026-09-04T09:00:31.559343+09:00,아차산,아차산,POI102,KEY_3,2210000104,아차산로,2210000113,아천동 304-1,127.1148808859241797_37.5629285934982349,2210000105,아천동268,127.1164076630803379_37.5662038218868801,393.0,45.0,원활,127.1164076630803379_37.5662038218868801|127.1162906430716362_37.5660260764270149|127.1160703938195979_37.5657270770442864|127.1160687682345127_37.5657247639847682|127.1157006430136818_37.5651641699431380|127.1154016113760861_37.5647442949758172|127.1154002681514754_37.5647422942762006|127.1153120188190115_37.5646053579684249|127.1153107366244370_37.5646032950394329|127.1153096116640313_37.5646011697881619|127.1152458934182050_37.5644772955287323|127.1151526736599493_37.5643058891441441|127.1151514554129562_37.5643034504356805|127.1151503616254388_37.5643009818729539|127.1151494250715785_37.5642984509881472|127.1150902682137627_37.5641234514869637|127.1150893295690025_37.5641202944115378|127.1150105180551577_37.5638156075563430|127.1150099562526350_37.5638131384738685|127.1149852678241530_37.5636884827079669|127.1149848622680310_37.5636860450080050|127.1149352684571596_37.5633314504835170|127.1149352681221814_37.5633312324428132|127.1148808859241797_37.5629285934982349
2026-09-04T09:00:31.559343+09:00,아차산,아차산,POI102,KEY_3,2210000204,아차산로,2210000104,아천동268,127.1165280035745013_37.5661536019367190,2210000110,아천동 314-17,127.1150159324927245_37.5629170357202895,389.0,46.0,원활,127.1150159324927245_37.5629170357202895|127.1150702994088419_37.5633195762730736|127.1151196745152419_37.5636728582033186|127.1151438930360342_37.5637950447698401|127.1152219865336264_37.5640969193284207|127.1152792995577556_37.5642665758573315|127.1153707988243440_37.5644348573687950|127.1153709871964566_37.5644351698302401|127.1153711439249321_37.5644355138574753|127.1153713300333123_37.5644358263211657|127.1154342060962676_37.5645580759406883|127.1155204553782596_37.5646919516305360|127.1158193615435579_37.5651116390162443|127.1158195805287789_37.5651119829817759|127.1158197994637788_37.5651122945115006|127.1158200184015641_37.5651126078432256|127.1158202373853783_37.5651129509077535|127.1158204551899047_37.5651132633396116|127.1161883937617461_37.5656735139164084|127.1164086432788878_37.5659724824473784|127.1164088622202542_37.5659727948769699|127.1164090812093121_37.5659731379403681|127.1164093307131395_37.5659734512408079|127.1164095496545343_37.5659737636703639|127.1164097674640061_37.5659740761010710|127.1164099875863513_37.5659744200643217|127.1164102053958516_37.5659747324950217|127.1165280035745013_37.5661536019367190
2026-09-04T09:00:31.559343+09:00,아차산,아차산,POI102,KEY_3,2210000700,아차산로,2210000105,아천동268,127.1164076630803379_37.5662038218868801,2210000204,아치울삼거리,127.1192506804836597_37.5692536117197804,424.0,49.0,원활,127.1192506804836597_37.5692536117197804|127.1190496732744322_37.5690724000063696|127.1185543295898981_37.5686479621573852|127.1185524864427663_37.5686463061772571|127.1179837045937973_37.5681171502757962|127.1177293291578536_37.5678918688914081|127.1175577044471225_37.5677438694395605|127.1175555178311214_37.5677418687043598|127.1175534544965302_37.5677398056777250|127.1175515177923359_37.5677376506234353|127.1173843613294565_37.5675426811850528|127.1173838918332990_37.5675421185298077|127.1171630797363861_37.5672774929988407|127.1171618298735666_37.5672758994774370|127.1171606105723839_37.5672743059256860|127.1170134860041969_37.5670682121973556|127.1168223300640108_37.5668150569144785|127.1168212989169035_37.5668136190451420|127.1166347983959639_37.5665486810274487|127.1166339236057468_37.5665473376064512|127.1164076630803379_37.5662038218868801
2026-09-04T09:00:31.559343+09:00,아차산,아차산,POI102,KEY_3,2210000800,아차산로,2210000203,아치울삼거리,127.1193525150356294_37.5691820436574844,2210000104,아천동268,127.1165280035745013_37.5661536019367190,421.0,48.0,원활,127.1165280035745013_37.5661536019367190|127.1167537679690867_37.5664964624706528|127.1169392989007889_37.5667600560767667|127.1171303292096297_37.5670130554248658|127.1171304858049069_37.5670133057462365|127.1171306729136461_37.5670135254034747|127.1171308294595264_37.5670137441900422|127.1171309860533825_37.5670139936103880|127.1171311731607290_37.5670142123666295|127.1172775492191533_37.5672192435190766|127.1174967977411114_37.5674820251561457|127.1176608914456239_37.5676734313503857|127.1178294547480192_37.5678188064072742|127.1178296734552191_37.5678189629621500|127.1178298616474507_37.5678191492803393|127.1178300792723945_37.5678193373711480|127.1180852980999418_37.5680453691276313|127.1180855168566950_37.5680455563158375|127.1180857356632288_37.5680457750388399|127.1180859544199819_37.5680459622270249|127.1180861731781704_37.5680461503162206|127.1180863919846900_37.5680463690392017|127.1186547988044993_37.5685751806489279|127.1191497674074640_37.5689993067157886|127.1191499850879580_37.5689995254378886|127.1191502355443816_37.5689997125921025|127.1191504543065918_37.5689998997782837|127.1191507048132365_37.5690001184672511|127.1191509236256820_37.5690003371882142|127.1193525150356294_37.5691820436574844
2026-09-04T09:00:31.559343+09:00,아차산,아차산,POI102,KEY_3,2210000901,아차산로,2219108700,최소노드배치점,127.1206998377133743_37.5714703267250627,2210019703,아치울마을입구교차로,127.1219933923624126_37.5735438381385620,257.0,50.5,원활,127.1219933923624126_37.5735438381385620|127.1216237678160894_37.5728874513230764|127.1206998377133743_37.5714703267250627
2026-09-04T09:00:31.559343+09:00,아차산,아차산,POI102,KEY_3,2210001001,아차산로,2219108800,최소노드배치점,127.1208204065706013_37.5714205263891898,2210000202,아치울삼거리,127.1194802690020680_37.5693649396868778,257.0,33.0,원활,127.1194802690020680_37.5693649396868778|127.1208204065706013_37.5714205263891898
2026-09-04T09:00:31.559343+09:00,아차산,아차산,POI102,KEY_3,2210046000,토평강변로,2210000202,아치울삼거리,127.1194802690020680_37.5693649396868778,2210006002,속성변화점,127.1239011064881907_37.5712366063836569,442.0,20.0,서행,127.1239011064881907_37.5712366063836569|127.1232388189529132_37.5709623304387108|127.1219628442181886_37.5704268509566077|127.1204129899585666_37.5697587927906440|127.1194802690020680_37.5693649396868778
2026-09-04T09:00:31.559343+09:00,안양천,안양천,POI125,KEY_4,1140005300,안양천로,1140017504,목일중학교앞교차로,126.8754414118770768_37.5133268628390297,1140003003,신정교교차로,126.8771684095813441_37.5173232334173079,487.0,20.0,서행,126.8771684095813441_37.5173232334173079|126.8770492715621714_37.5162325975909283|126.8769254186979083_37.5152220259739053|126.8769038228937802_37.5150934663437070|126.8768603632752132_37.5149507201433607|126.8767902331647548_37.5147577494091067|126.8767160804796674_37.5146112680035841|126.8766340664943471_37.5144698086394968|126.8764959530556098_37.5143077666143867|126.8754414118770768_37.5133268628390297
2026-09-04T09:00:31.559343+09:00,안양천,안양천,POI125,KEY_4,1140005401,안양천로,1140018000,신정동쌍용아파트,126.8771844966631619_37.5162232254841683,1140017501,목일중학교앞교차로,126.8755445066785086_37.5132565360681909,373.0,41.0,원활,126.8755445066785086_37.5132565360681909|126.8766039862775870_37.5142420314940210|126.8767526226287430_37.5144164200124095|126.8768407128762163_37.5145683588944010|126.8769186968702201_37.5147224090392797|126.8769915725535640_37.5149229329656393|126.8770374141606680_37.5150735005047409|126.8770602759908002_37.5152096001231357|126.8771844966631619_37.5162232254841683
2026-09-04T09:00:31.559343+09:00,안양천,안양천,POI125,KEY_4,1140005402,안양천로,1140003002,신정교교차로,126.8773036367130658_37.5173138610034584,1140018000,신정동쌍용아파트,126.8771844966631619_37.5162232254841683,122.0,41.5,원활,126.8771844966631619_37.5162232254841683|126.8773036367130658_37.5173138610034584
2026-09-04T09:00:31.559343+09:00,안양천,안양천,POI125,KEY_4,1140009501,도림천로,1140003003,신정교교차로,126.8771684095813441_37.5173232334173079,1140019102,신정동현대아파트,126.8761126202360856_37.5175917621060364,98.0,21.5,서행,126.8761126202360856_37.5175917621060364|126.8771684095813441_37.5173232334173079
2026-09-04T09:00:31.559343+09:00,안양천,안양천,POI125,KEY_4,1140009601,도림천로,1140019101,신정동현대아파트,126.8761539085131744_37.5176947593198875,1140003004,신정교교차로,126.8771805616940185_37.5174336412253382,95.0,20.0,서행,126.8771805616940185_37.5174336412253382|126.8761539085131744_37.5176947593198875
2026-09-04T09:00:31.559343+09:00,안양천,안양천,POI125,KEY_4,1140012500,안양천로,1140310800,최소노드배치점,126.8775163465214035_37.5198303050041133,1140004904,신정동 137-2,126.8782632688182161_37.5221322207168839,268.0,34.0,원활,126.8782632688182161_37.5221322207168839|126.8782981016445603_37.5218734009839139|126.8782983970848619_37.5216915105551223|126.8782899061957039_37.5215347769621914|126.8782687357557535_37.5214259401943480|126.8782126253799163_37.5212531304698587|126.8776046350151319_37.5200558238897699|126.8775163465214035_37.5198303050041133
2026-09-04T09:00:31.559343+09:00,안양천,안양천,POI125,KEY_4,1140012601,안양천로,1140019200,신정동쌍용아파트,126.8774277767779068_37.5184368802104729,1140003001,신정교교차로,126.8773157767078033_37.5174241538264965,113.0,39.0,원활,126.8773157767078033_37.5174241538264965|126.8774277767779068_37.5184368802104729
2026-09-04T09:00:31.559343+09:00,안양천,안양천,POI125,KEY_4,1140012602,안양천로,1140004903,신정동 137-2,126.8783982430570489_37.5221437443696928,1140019200,신정동쌍용아파트,126.8774277767779068_37.5184368802104729,426.0,21.0,서행,126.8774277767779068_37.5184368802104729|126.8774952028564798_37.5191418307164994|126.8775390353828385_37.5194455320804607|126.8776179855951369_37.5197267258202132|126.8776459355257060_37.5197981187704457|126.8777325662202884_37.5200194000170413|126.8783418122356039_37.5212191777890709|126.8784018478279023_37.5214040739357841|126.8784252027244150_37.5215241376156143|126.8784341474975008_37.5216892491856768|126.8784338392301549_37.5218792486221702|126.8783982430570489_37.5221437443696928
2026-09-04T09:00:31.559343+09:00,안양천,안양천,POI125,KEY_4,1140016600,안양천로,1140005803,오목교앞,126.8780911957869648_37.5240790938181874,1140004902,신정동 137-2,126.8783813240257246_37.5222566391420145,204.0,18.0,서행,126.8783813240257246_37.5222566391420145|126.8780911957869648_37.5240790938181874
2026-09-04T09:00:31.559343+09:00,안양천,안양천,POI125,KEY_4,1140053000,도림천로,1160119602,구로구-영등포구,126.8797245973547803_37.5166854276940924,1140018400,신정교,126.8786197862322069_37.5169667906104252,103.0,10.0,정체,126.8786197862322069_37.5169667906104252|126.8797245973547803_37.5166854276940924
2026-09-04T09:00:31.559343+09:00,안양천,안양천,POI125,KEY_4,1140053100,도림천로,1140018700,신정교,126.8786611225654184_37.5170697753778697,1160119601,구로구-영등포구,126.8797659831452904_37.5167884002737182,103.0,45.0,원활,126.8797659831452904_37.5167884002737182|126.8786611225654184_37.5170697753778697
2026-09-04T09:00:31.559343+09:00,안양천,안양천,POI125,KEY_4,1140053200,도림천로,1140018400,신정교,126.8786197862322069_37.5169667906104252,1140018000,신정동쌍용아파트,126.8771844966631619_37.5162232254841683,179.0,7.0,정체,126.8771844966631619_37.5162232254841683|126.8772780212092641_37.5165177245500558|126.8773854992852677_37.5166787499102909|126.8774885478867418_37.5168040115666628|126.8775782041790308_37.5168827738027630|126.8776858526776863_37.5169400990188606|126.8778159595431276_37.5169902961100377|126.8779460957034217_37.5170226135845652|126.8780304104791270_37.5170269011575996|126.8786197862322069_37.5169667906104252
2026-09-04T09:00:31.559343+09:00,안양천,안양천,POI125,KEY_4,1140053700,안양천로,1140019200,신정동쌍용아파트,126.8774277767779068_37.5184368802104729,1140018700,신정교,126.8786611225654184_37.5170697753778697,208.0,21.0,서행,126.8786611225654184_37.5170697753778697|126.8781736489334548_37.5172408290595598|126.8779815323018596_37.5173158708015322|126.8778781977704000_37.5173658255310087|126.8777613594226779_37.5174372226786232|126.8776849305162102_37.5175050845818490|126.8776219701787227_37.5175729603903463|126.8775544839652980_37.5176622870544563|126.8775094337992755_37.5177587891090099|126.8774688135033557_37.5178910538406782|126.8774371547105915_37.5180340551944767|126.8774277767779068_37.5184368802104729
2026-09-04T09:00:31.559343+09:00,안양천,안양천,POI125,KEY_4,1140053800,신목로,1140018400,신정교,126.8786197862322069_37.5169667906104252,1140019302,신정교(서측),126.8745764250714956_37.5179766998355859,376.0,12.0,정체,126.8745764250714956_37.5179766998355859|126.8746964468175662_37.5178856611709719|126.8747349174787757_37.5178761562431475|126.8760098097402533_37.5175611607569408|126.8772001068155646_37.5172584212099949|126.8786197862322069_37.5169667906104252
2026-09-04T09:00:31.559343+09:00,안양천,안양천,POI125,KEY_4,1140053900,신목로,1140019301,신정교(서측),126.8746215712428409_37.5180786650471632,1140018700,신정교,126.8786611225654184_37.5170697753778697,375.0,47.0,원활,126.8786611225654184_37.5170697753778697|126.8772813433645723_37.5174647569257260|126.8760913149289991_37.5177674281831415|126.8748252720141352_37.5180802368483270|126.8747818393032674_37.5180909677359509|126.8746215712428409_37.5180786650471632
2026-09-04T09:00:31.559343+09:00,안양천,안양천,POI125,KEY_4,1140059100,오목로,1180072102,양천구-영등포구,126.8798127598729764_37.5238124759839593,1140005803,오목교앞,126.8780911957869648_37.5240790938181874,155.0,10.0,정체,126.8780911957869648_37.5240790938181874|126.8798127598729764_37.5238124759839593
2026-09-04T09:00:31.559343+09:00,안양천,안양천,POI125,KEY_4,1140059200,오목로,1140005802,오목교앞,126.8780735218519879_37.5241919764275096,1180072101,양천구-영등포구,126.8798383046578664_37.5239186642518590,159.0,52.0,원활,126.8798383046578664_37.5239186642518590|126.8780735218519879_37.5241919764275096
2026-09-04T09:00:31.559343+09:00,안양천,안양천,POI125,KEY_4,1160003102,서부간선도로,1160044802,지하차도(북측),126.8756726558463157_37.5087758296454012,1160047302,지하차도(남측),126.8808635001100669_37.5145797730726116,791.0,63.0,원활,126.8808635001100669_37.5145797730726116|126.8807057923003470_37.5144308276624585|126.8800689815355156_37.5137965539118028|126.8794977541810880_37.5131814475717249|126.8784949853081230_37.5120165668361594|126.8767394160038577_37.5100185314225953|126.8758964120837334_37.5090544609198560|126.8756726558463157_37.5087758296454012
2026-09-04T09:00:31.559343+09:00,안양천,안양천,POI125,KEY_4,1160003103,서부간선도로,1160047302,지하차도(남측),126.8808635001100669_37.5145797730726116,1160047704,속성변화점,126.8818954820598606_37.5156387959905970,149.0,42.0,원활,126.8818954820598606_37.5156387959905970|126.8818341862618837_37.5155414502111171|126.8816133512363251_37.5152879534536297|126.8810041996648863_37.5147126561865605|126.8808635001100669_37.5145797730726116
2026-09-04T09:00:31.559343+09:00,안양천,안양천,POI125,KEY_4,1160003202,서부간선도로,1160047301,지하차도(남측),126.8809672943436766_37.5145100402310518,1160044801,지하차도(북측),126.8757874324690533_37.5087179220132967,790.0,19.0,서행,126.8757874324690533_37.5087179220132967|126.8760093466115677_37.5089943834283019|126.8768507380769819_37.5099566098020603|126.8786065968032091_37.5119549700440018|126.8796083595338473_37.5131186811187334|126.8801766210233808_37.5137305907656398|126.8808107274078907_37.5143621726202170|126.8809672943436766_37.5145100402310518
2026-09-04T09:00:31.559343+09:00,안양천,안양천,POI125,KEY_4,1160003203,서부간선도로,1160047701,속성변화점,126.8820147707367596_37.5155869944456768,1160047301,지하차도(남측),126.8809672943436766_37.5145100402310518,152.0,10.0,정체,126.8809672943436766_37.5145100402310518|126.8811073391141235_37.5146423024857896|126.8817212650556030_37.5152221099264906|126.8819512390905970_37.5154860951882370|126.8820147707367596_37.5155869944456768
2026-09-04T09:00:31.559343+09:00,안양천,안양천,POI125,KEY_4,1160086400,서부간선도로,1160047702,속성변화점,126.8820744160497327_37.5155610940041981,1160047301,지하차도(남측),126.8809672943436766_37.5145100402310518,154.0,10.0,정체,126.8809672943436766_37.5145100402310518|126.8811828896822504_37.5146297746207438|126.8817752230281428_37.5151891863246689|126.8820097654408698_37.5154584171825221|126.8820744160497327_37.5155610940041981
2026-09-04T09:00:31.559343+09:00,안양천,안양천,POI125,KEY_4,1160086500,서부간선도로,1160047302,지하차도(남측),126.8808635001100669_37.5145797730726116,1160047703,속성변화점,126.8818358373772242_37.5156646964920810,149.0,63.0,원활,126.8818358373772242_37.5156646964920810|126.8817756609145988_37.5155691272293694|126.8815593931245047_37.5153208751787091|126.8809662175801094_37.5147606652219707|126.8808635001100669_37.5145797730726116
2026-09-04T09:00:31.559343+09:00,안양천,안양천,POI125,KEY_4,1180001302,서부간선도로,1180000404,신정교교차로,126.8821548721505508_37.5161762663576610,1180029502,지하차도(북측),126.8821347742308632_37.5181953925741851,226.0,4.0,정체,126.8821347742308632_37.5181953925741851|126.8821764225875199_37.5179333317516850|126.8822522626400513_37.5174561091917340|126.8823032686718761_37.5170219351509999|126.8822933899772067_37.5168032212340421|126.8822600485964784_37.5165639563687208|126.8821803916431321_37.5162355054491172|126.8821548721505508_37.5161762663576610
2026-09-04T09:00:31.559343+09:00,안양천,안양천,POI125,KEY_4,1180001303,서부간선도로,1180029502,지하차도(북측),126.8821347742308632_37.5181953925741851,1180039802,지하차도(남측),126.8816377409904419_37.5220471208314379,430.0,21.5,서행,126.8816377409904419_37.5220471208314379|126.8816588750321870_37.5218659446900631|126.8818010380468877_37.5205983469667856|126.8818795627989147_37.5198012328953183|126.8821347742308632_37.5181953925741851
2026-09-04T09:00:31.559343+09:00,안양천,안양천,POI125,KEY_4,1180001304,서부간선도로,1180039802,지하차도(남측),126.8816377409904419_37.5220471208314379,1180043603,오목교(동측),126.8814322117859632_37.5235690185835296,171.0,31.0,원활,126.8814322117859632_37.5235690185835296|126.8814491142259584_37.5230798735196203|126.8815449824190154_37.5222579698871712|126.8816377409904419_37.5220471208314379
2026-09-04T09:00:31.559343+09:00,안양천,안양천,POI125,KEY_4,1180001401,서부간선도로,1180029501,지하차도(북측),126.8822694875200909_37.5182089755097508,1180000401,신정교교차로,126.8822840164086045_37.5161428086982127,231.0,10.0,정체,126.8822840164086045_37.5161428086982127|126.8823119113908717_37.5162075577046394|126.8823944066752887_37.5165477063838750|126.8824289072809677_37.5167953003374279|126.8824392848786431_37.5170250403142660|126.8823872535443513_37.5174679441118002|126.8823218289801673_37.5178796219673174|126.8822694875200909_37.5182089755097508
2026-09-04T09:00:31.559343+09:00,안양천,안양천,POI125,KEY_4,1180001402,서부간선도로,1180039801,지하차도(남측),126.8817729565984678_37.5220571259198366,1180029501,지하차도(북측),126.8822694875200909_37.5182089755097508,429.0,21.0,서행,126.8822694875200909_37.5182089755097508|126.8820146869627621_37.5198122610743354|126.8819363590698259_37.5206073896224908|126.8817941111366849_37.5218757586812330|126.8817729565984678_37.5220571259198366
2026-09-04T09:00:31.559343+09:00,안양천,안양천,POI125,KEY_4,1180001403,서부간선도로,1180043602,오목교(동측),126.8817053471465925_37.5235261002078246,1180039801,지하차도(남측),126.8817729565984678_37.5220571259198366,164.0,13.0,정체,126.8817729565984678_37.5220571259198366|126.8818156332547176_37.5222756645993343|126.8817203162169847_37.5230928666769614|126.8817053471465925_37.5235261002078246
2026-09-04T09:00:31.559343+09:00,안양천,안양천,POI125,KEY_4,1180017001,도림천로,1180000403,신정교교차로,126.8821108094355594_37.5160739870999933,1160119602,구로구-영등포구,126.8797245973547803_37.5166854276940924,222.0,11.0,정체,126.8797245973547803_37.5166854276940924|126.8815754833351122_37.5162128295313266|126.8821108094355594_37.5160739870999933
2026-09-04T09:00:31.559343+09:00,안양천,안양천,POI125,KEY_4,1180017101,도림천로,1160119601,구로구-영등포구,126.8797659831452904_37.5167884002737182,1180000404,신정교교차로,126.8821548721505508_37.5161762663576610,222.0,45.0,원활,126.8821548721505508_37.5161762663576610|126.8816175090696134_37.5163156373744968|126.8797659831452904_37.5167884002737182
2026-09-04T09:00:31.559343+09:00,안양천,안양천,POI125,KEY_4,1180027800,오목로,1180043603,오목교(동측),126.8814322117859632_37.5235690185835296,1180072102,양천구-영등포구,126.8798127598729764_37.5238124759839593,146.0,9.0,정체,126.8798127598729764_37.5238124759839593|126.8814322117859632_37.5235690185835296
2026-09-04T09:00:31.559343+09:00,안양천,안양천,POI125,KEY_4,1180027901,오목로,1180072101,양천구-영등포구,126.8798383046578664_37.5239186642518590,1180043800,오목교(서측),126.8804633953107981_37.5238246952276810,56.0,47.0,원활,126.8804633953107981_37.5238246952276810|126.8798383046578664_37.5239186642518590
2026-09-04T09:00:31.559343+09:00,안양천,안양천,POI125,KEY_4,1180027902,오목로,1180043800,오목교(서측),126.8804633953107981_37.5238246952276810,1180043604,오목교(동측),126.8814283900210569_37.5236796179324799,87.0,54.0,원활,126.8814283900210569_37.5236796179324799|126.8804633953107981_37.5238246952276810
2026-09-04T09:00:31.559343+09:00,안양천,안양천,POI125,KEY_4,1180069200,서부간선도로,1180029501,지하차도(북측),126.8822694875200909_37.5182089755097508,1160047702,속성변화점,126.8820744160497327_37.5155610940041981,302.0,14.0,정체,126.8820744160497327_37.5155610940041981|126.8821718541549046_37.5157158406422866|126.8823776706625353_37.5161935837768254|126.8824615845632593_37.5165395804319672|126.8824966659229574_37.5167913393802976|126.8825072929849966_37.5170265937381728|126.8824547495795940_37.5174738606135492|126.8823703586272131_37.5180048867798703|126.8822694875200909_37.5182089755097508
2026-09-04T09:00:31.559343+09:00,안양천,안양천,POI125,KEY_4,1180069300,서부간선도로,1160047703,속성변화점,126.8818358373772242_37.5156646964920810,1180029502,지하차도(북측),126.8821347742308632_37.5181953925741851,287.0,61.0,원활,126.8821347742308632_37.5181953925741851|126.8821034416390603_37.5179619274509548|126.8821847666370672_37.5174501925743016|126.8822352605743049_37.5170203816096404|126.8822256313140144_37.5168071820745084|126.8821928695353733_37.5165720813037566|126.8821146323010538_37.5162494774648607|126.8819209169217288_37.5157998167306985|126.8818358373772242_37.5156646964920810
2026-09-04T09:00:31.559343+09:00,안양천,안양천,POI125,KEY_4,1180089100,서부간선도로,1180045301,양평동 488,126.8819829949260480_37.5250903944249004,1180039801,지하차도(남측),126.8817729565984678_37.5220571259198366,342.0,30.3,원활,126.8817729565984678_37.5220571259198366|126.8816525281542766_37.5230896182332216|126.8816213021879520_37.5239933226042837|126.8816890923990712_37.5243066319619558|126.8817580718192630_37.5245520474594514|126.8818563203447809_37.5248208551664248|126.8819829949260480_37.5250903944249004
2026-09-04T09:00:31.559343+09:00,안양천,안양천,POI125,KEY_4,1180089200,서부간선도로,1180039802,지하차도(남측),126.8816377409904419_37.5220471208314379,1180045302,양평동 488,126.8818626446242632_37.5251361728659560,348.0,14.0,정체,126.8818626446242632_37.5251361728659560|126.8817273514576556_37.5248549758679957|126.8816264833464089_37.5245790024652521|126.8815558360683724_37.5243276422111620|126.8814851826298593_37.5240010941867013|126.8815169022707323_37.5230831220800951|126.8816377409904419_37.5220471208314379
2026-09-04T09:00:31.559343+09:00,안양천,안양천,POI125,KEY_4,1180089900,서부간선도로,1180043800,오목교(서측),126.8804633953107981_37.5238246952276810,1180045302,양평동 488,126.8818626446242632_37.5251361728659560,208.0,39.0,원활,126.8818626446242632_37.5251361728659560|126.8816385318922642_37.5248793923368780|126.8815300030075406_37.5245992080018098|126.8814312596801130_37.5243394635966752|126.8813948548748982_37.5242627716034676|126.8813460143441176_37.5241745577067860|126.8812984599446878_37.5241121903218371|126.8812214161666958_37.5240425681289551|126.8811262132405346_37.5239774434312139|126.8810094381192073_37.5239204257641390|126.8808620127177420_37.5238742152199620|126.8807474520110077_37.5238533270029251|126.8805895923610478_37.5238375414289891|126.8804633953107981_37.5238246952276810
2026-09-04T09:00:31.559343+09:00,양화한강공원,양화한강공원,POI103,KEY_1,1180003700,선유로,1180061900,양화대교남측(북측),126.9003162310957862_37.5391581962178265,1180065002,마포구-영등포구,126.9034340062914481_37.5428697829536162,497.0,59.7,원활,126.9034340062914481_37.5428697829536162|126.9031865441036899_37.5426673699542377|126.9028418671644545_37.5423392663843316|126.9024924710115556_37.5419306337797138|126.9003162310957862_37.5391581962178265
2026-09-04T09:00:31.559343+09:00,양화한강공원,양화한강공원,POI103,KEY_1,1180003800,선유로,1180065001,마포구-영등포구,126.9035313025047884_37.5427943648450224,1180061700,양화대교남측(북측),126.9004310790266459_37.5391005237055850,494.0,37.0,원활,126.9004310790266459_37.5391005237055850|126.9026062043023870_37.5418715328792629|126.9029503279271580_37.5422739970822121|126.9032874115673764_37.5425948735123498|126.9035313025047884_37.5427943648450224
2026-09-04T09:00:31.559343+09:00,양화한강공원,양화한강공원,POI103,KEY_1,1180004201,올림픽대로,1180066401,성산대교분기점,126.8888411626850399_37.5477825572430532,1180064302,한강자전거대여소양화,126.8925371457164317_37.5437742927481963,562.0,72.8,원활,126.8925371457164317_37.5437742927481963|126.8920840338608400_37.5440075512365325|126.8918458095331800_37.5441503668725076|126.8916839670621073_37.5442682214603991|126.8915086205845597_37.5444075189047268|126.8912747864056456_37.5446182790339265|126.8910723726072547_37.5448397949720913|126.8908082604970247_37.5451847993744181|126.8904271842300204_37.5458700829895804|126.8902166002092571_37.5462759413564910|126.8900581956828546_37.5465467648014553|126.8898977213294899_37.5467868872686736|126.8896168017271009_37.5471118530247878|126.8893965836439008_37.5473450677299567|126.8891910883715042_37.5475280831896328|126.8889220242193687_37.5477175184840135|126.8888411626850399_37.5477825572430532
2026-09-04T09:00:31.559343+09:00,양화한강공원,양화한강공원,POI103,KEY_1,1180004202,올림픽대로,1180275300,최소노드배치점,126.8973404856717053_37.5409999643048806,1180061502,당산지하차도(북측),126.9013196980885141_37.5387211185546263,433.0,77.0,원활,126.9013196980885141_37.5387211185546263|126.9011851683369798_37.5388053759942224|126.9010147859780204_37.5389041639828065|126.9004464163211310_37.5392052021772926|126.8992840080575490_37.5398659278211255|126.8987716979411147_37.5401444059229448|126.8984481243431901_37.5403264967326322|126.8981425252922151_37.5404978739526811|126.8973404856717053_37.5409999643048806
2026-09-04T09:00:31.559343+09:00,양화한강공원,양화한강공원,POI103,KEY_1,1180106800,양화한강공원.내부도로,1180060401,당산지하차도(북측),126.9052179013469726_37.5363533026194389,1180059701,당산지하차도(남측),126.9041930519550760_37.5351897850495106,158.0,28.0,원활,126.9041930519550760_37.5351897850495106|126.9047283439570037_37.5357132613154292|126.9052179013469726_37.5363533026194389
2026-09-04T09:00:31.559343+09:00,양화한강공원,양화한강공원,POI103,KEY_1,1180106900,양화한강공원.내부도로,1180059702,당산지하차도(남측),126.9040909209916776_37.5352609227878347,1180060402,당산지하차도(북측),126.9050972926407468_37.5364022801269641,155.0,27.5,원활,126.9050972926407468_37.5364022801269641|126.9046172037866143_37.5357758001345374|126.9040909209916776_37.5352609227878347
2026-09-04T09:00:31.559343+09:00,양화한강공원,양화한강공원,POI103,KEY_1,1180107400,올림픽대로,1180061501,당산지하차도(북측),126.9015556784025023_37.5385874968487485,1180001500,여의하류IC,126.9073822654269605_37.5347960718864755,667.0,79.0,원활,126.9073822654269605_37.5347960718864755|126.9072345317692054_37.5349134869402548|126.9069884611113679_37.5350909463555098|126.9066843956993864_37.5352965328221515|126.9063396243953719_37.5355128432645273|126.9060177401819942_37.5357001839244901|126.9056790545791955_37.5358867804719907|126.9054259255949972_37.5360232687841986|126.9050418875323629_37.5362207157517815|126.9046007978930533_37.5364411017063091|126.9042278359899285_37.5366410471238581|126.9039222571481389_37.5368195915804179|126.9036885517153763_37.5369767392636717|126.9034053986285784_37.5371731792037053|126.9032818580892439_37.5372705365657353|126.9028659897484346_37.5375982637741359|126.9021557476865922_37.5381662372690172|126.9016882954194330_37.5384984036018210|126.9015556784025023_37.5385874968487485
2026-09-04T09:00:31.559343+09:00,양화한강공원,양화한강공원,POI103,KEY_1,1180116501,올림픽대로,1180068901,속성변화점,126.8911950618084461_37.5453818553184533,1180064301,한강자전거대여소양화,126.8929620179760462_37.5435397753914373,258.0,33.0,서행,126.8929620179760462_37.5435397753914373|126.8924624352412280_37.5440132348647282|126.8921333363990129_37.5443174516262701|126.8918236172157776_37.5446297185144644|126.8914783258249201_37.5450221939402695|126.8912862280317455_37.5452796272142280|126.8911950618084461_37.5453818553184533
2026-09-04T09:00:31.559343+09:00,양화한강공원,양화한강공원,POI103,KEY_1,1180116502,올림픽대로,1180068801,양화지구요트장,126.8906329199262615_37.5461883353215242,1180068901,속성변화점,126.8911950618084461_37.5453818553184533,103.0,30.5,서행,126.8911950618084461_37.5453818553184533|126.8910827866964581_37.5455077528260404|126.8909175555900362_37.5457420455788693|126.8907568639606609_37.5460066305290283|126.8907556915637258_37.5460085609179472|126.8906329199262615_37.5461883353215242
2026-09-04T09:00:31.559343+09:00,양화한강공원,양화한강공원,POI103,KEY_1,1180116503,올림픽대로,1180066401,성산대교분기점,126.8888411626850399_37.5477825572430532,1180068801,양화지구요트장,126.8906329199262615_37.5461883353215242,243.0,35.7,서행,126.8906329199262615_37.5461883353215242|126.8902923101416604_37.5466870824158718|126.8900853961976480_37.5469673717390222|126.8898821258784295_37.5471728631900064|126.8896131444485746_37.5473865270969185|126.8894001209834528_37.5475258725971770|126.8888411626850399_37.5477825572430532
2026-09-04T09:00:31.559343+09:00,양화한강공원,양화한강공원,POI103,KEY_1,1180120000,올림픽대로,1180064302,한강자전거대여소양화,126.8925371457164317_37.5437742927481963,1180068902,속성변화점,126.8910843041868759_37.5453192348812976,215.0,28.0,정체,126.8910843041868759_37.5453192348812976|126.8911722698863258_37.5452205951209876|126.8913641468294173_37.5449634600574385|126.8917145990619275_37.5445651196867445|126.8920285271805284_37.5442486087197196|126.8923589710925626_37.5439431491933036|126.8925371457164317_37.5437742927481963
2026-09-04T09:00:31.559343+09:00,양화한강공원,양화한강공원,POI103,KEY_1,1180120300,올림픽대로,1180273000,양화동 1-1,126.8906348080487021_37.5459591553834642,1180068802,양화지구요트장,126.8905741506410152_37.5460479760438872,11.0,27.0,정체,126.8905741506410152_37.5460479760438872|126.8906348080487021_37.5459591553834642
2026-09-04T09:00:31.559343+09:00,양화한강공원,양화한강공원,POI103,KEY_1,1180120400,양평로30길.인접길,1180068802,양화지구요트장,126.8905741506410152_37.5460479760438872,1180065702,노들로지하차도(북측),126.8898740097263413_37.5457796920981295,69.0,21.7,서행,126.8898740097263413_37.5457796920981295|126.8899657563483601_37.5458262969566476|126.8905741506410152_37.5460479760438872
2026-09-04T09:00:31.559343+09:00,양화한강공원,양화한강공원,POI103,KEY_1,1180120500,양평로30길.인접길,1180065701,노들로지하차도(북측),126.8898352916660031_37.5458883205518816,1180068801,양화지구요트장,126.8906329199262615_37.5461883353215242,78.0,21.7,정체,126.8906329199262615_37.5461883353215242|126.8899006495960151_37.5459215204837946|126.8898352916660031_37.5458883205518816
2026-09-04T09:00:31.559343+09:00,어린이대공원,어린이대공원,POI104,KEY_2,1040001702,자양로,1040047400,구의동 234-20,127.0850134877562425_37.5445799545474230,1040019303,구의사거리,127.0852016679581027_37.5450327198646008,53.0,19.0,서행,127.0852016679581027_37.5450327198646008|127.0850134877562425_37.5445799545474230
2026-09-04T09:00:31.559343+09:00,어린이대공원,어린이대공원,POI104,KEY_2,1040003702,천호대로,1040023704,아차산역(서울5호선),127.0894152102956696_37.5523730777975402,1040023802,아차산역앞교차로,127.0884235759888412_37.5534828698855989,152.0,8.0,정체,127.0884235759888412_37.5534828698855989|127.0886624862391585_37.5532839277980628|127.0886637034305267_37.5532829142311328|127.0888873635349370_37.5530645974054096|127.0890268085873771_37.5528999527207930|127.0891093055435448_37.5528025470138260|127.0892864462199441_37.5525787801403368|127.0893773157368827_37.5524360852402097|127.0894152102956696_37.5523730777975402
2026-09-04T09:00:31.559343+09:00,어린이대공원,어린이대공원,POI104,KEY_2,1040003703,천호대로,1040023005,아차산역(서울5호선),127.0896155483765142_37.5519975307228222,1040023703,아차산역(서울5호선),127.0894712980461918_37.5522739019515015,33.0,11.0,정체,127.0894712980461918_37.5522739019515015|127.0896155483765142_37.5519975307228222
2026-09-04T09:00:31.559343+09:00,어린이대공원,어린이대공원,POI104,KEY_2,1040003704,천호대로,1040055900,구의동 96,127.0897928318516392_37.5516388382775688,1040023004,아차산역(서울5호선),127.0896662697747672_37.5518971990822621,31.0,8.5,정체,127.0896662697747672_37.5518971990822621|127.0897928318516392_37.5516388382775688
2026-09-04T09:00:31.559343+09:00,어린이대공원,어린이대공원,POI104,KEY_2,1040012000,능동로,1040114300,화양동 164-1,127.0738499175466529_37.5469075575045395,1040021503,어린이대공원역교차로,127.0740638995458625_37.5472462986414683,43.0,15.0,서행,127.0740638995458625_37.5472462986414683|127.0740081337839626_37.5472033770291134|127.0739561575077659_37.5471262732918802|127.0738499175466529_37.5469075575045395
2026-09-04T09:00:31.559343+09:00,어린이대공원,어린이대공원,POI104,KEY_2,1040013002,광나루로,1040057800,능동 18-13,127.0824979527504297_37.5451942361248854,1040019707,능동 465-11,127.0801323371978810_37.5453265943592029,210.0,19.0,서행,127.0801323371978810_37.5453265943592029|127.0824979527504297_37.5451942361248854
2026-09-04T09:00:31.559343+09:00,어린이대공원,어린이대공원,POI104,KEY_2,1040013003,광나루로,1040117200,화양동 523-1,127.0748637792651294_37.5470177472935376,1040021502,어린이대공원역교차로,127.0742105755008993_37.5472088130338690,62.0,18.0,서행,127.0742105755008993_37.5472088130338690|127.0744760629178813_37.5471475290462635|127.0747110648677989_37.5470725121037390|127.0748637792651294_37.5470177472935376
2026-09-04T09:00:31.559343+09:00,어린이대공원,어린이대공원,POI104,KEY_2,1040013004,광나루로,1040106900,능동 465-6,127.0782098816718957_37.5456461445395817,1040019704,능동465-10,127.0762471218919387_37.5463437278881926,192.0,37.0,원활,127.0762471218919387_37.5463437278881926|127.0769710074017240_37.5459868418889471|127.0772206451426740_37.5458814034881883|127.0774360550218915_37.5458142118875813|127.0777244787871325_37.5457522535124895|127.0782098816718957_37.5456461445395817
2026-09-04T09:00:31.559343+09:00,어린이대공원,어린이대공원,POI104,KEY_2,1040013102,광나루로,1040085100,능동 462,127.0845336132097145_37.5451835926679252,1040019304,구의사거리,127.0852617177113899_37.5451373705296305,65.0,10.0,정체,127.0852617177113899_37.5451373705296305|127.0845336132097145_37.5451835926679252
2026-09-04T09:00:31.559343+09:00,어린이대공원,어린이대공원,POI104,KEY_2,1040013103,광나루로,1040090500,능동 465-11,127.0785202210576728_37.5456904243164828,1040019709,능동 465-11,127.0800014772765110_37.5454416646291946,134.0,11.0,정체,127.0800014772765110_37.5454416646291946|127.0797557368217099_37.5454526161265392|127.0795563669481396_37.5454751638663069|127.0794025475084794_37.5454975391919774|127.0791842773309526_37.5455452558775349|127.0785202210576728_37.5456904243164828
2026-09-04T09:00:31.559343+09:00,어린이대공원,어린이대공원,POI104,KEY_2,1040013104,광나루로,1040021501,어린이대공원역교차로,127.0743034621454655_37.5472999431202226,1040019702,능동465-10,127.0761424954991696_37.5465224763344168,185.0,5.0,정체,127.0761424954991696_37.5465224763344168|127.0756119425461179_37.5467840399242760|127.0751851251593791_37.5469944586241908|127.0751691298701047_37.5470022981979028|127.0749826196579164_37.5470937098645052|127.0749195443242172_37.5471163292778130|127.0747642377408795_37.5471720234904396|127.0745203439082331_37.5472498788895024|127.0743034621454655_37.5472999431202226
2026-09-04T09:00:31.559343+09:00,어린이대공원,어린이대공원,POI104,KEY_2,1040013500,광나루로,1040022106,화양삼거리,127.0705751138821142_37.5480841538030390,1040021504,어린이대공원역교차로,127.0741659660582599_37.5473332285597650,329.0,7.0,정체,127.0741659660582599_37.5473332285597650|127.0725793362072835_37.5477529486592232|127.0723983135173967_37.5477978010862756|127.0722290249340176_37.5478397458256126|127.0719422259231237_37.5478921797309795|127.0712641935088385_37.5479873932270394|127.0711515062522068_37.5480032170662241|127.0705751138821142_37.5480841538030390
2026-09-04T09:00:31.559343+09:00,어린이대공원,어린이대공원,POI104,KEY_2,1040014301,능동로,1040035000,능동 436-10,127.0764227755948639_37.5510178459050650,1040021501,어린이대공원역교차로,127.0743034621454655_37.5472999431202226,454.0,17.0,서행,127.0743034621454655_37.5472999431202226|127.0743627740555723_37.5473648979059718|127.0744499846126558_37.5474861903546113|127.0753298565593923_37.5489917495963965|127.0753384687054393_37.5490061886858584|127.0760108959974275_37.5501335583072020|127.0761500673246900_37.5503811278221491|127.0762744416538226_37.5506461437392076|127.0764227755948639_37.5510178459050650
2026-09-04T09:00:31.559343+09:00,어린이대공원,어린이대공원,POI104,KEY_2,1040036100,능동로32길,1040037800,능동 262-3,127.0873003378867026_37.5520986838956929,1040023704,아차산역(서울5호선),127.0894152102956696_37.5523730777975402,203.0,15.0,서행,127.0894152102956696_37.5523730777975402|127.0892263838892546_37.5523242468070180|127.0891766044352096_37.5523166637736523|127.0886595708244471_37.5523412692495668|127.0885738710277053_37.5523532015114228|127.0884820724995592_37.5524244455627922|127.0883918724937871_37.5524282928071429|127.0881666694092615_37.5523307128257855|127.0873648285240307_37.5520520112069249|127.0873476371065038_37.5520558576716894|127.0873003378867026_37.5520986838956929
2026-09-04T09:00:31.559343+09:00,여의도한강공원,여의도한강공원,POI105,KEY_3,1180024702,여의동로,1180007601,원효대교앞교차로,126.9379087682920613_37.5228966618330730,1180039300,원효대교(남측),126.9394984211137256_37.5216954122665811,194.0,33.0,원활,126.9394984211137256_37.5216954122665811|126.9379087682920613_37.5228966618330730
2026-09-04T09:00:31.559343+09:00,여의도한강공원,여의도한강공원,POI105,KEY_3,1180002501,여의대로,1180050904,마포대교앞교차로,126.9294559117414423_37.5292538203661366,1180052400,마포대교,126.9307212821010751_37.5300463600273631,142.0,39.0,원활,126.9307212821010751_37.5300463600273631|126.9294559117414423_37.5292538203661366
2026-09-04T09:00:31.559343+09:00,여의도한강공원,여의도한강공원,POI105,KEY_3,1180002601,여의대로,1180051800,마포대교,126.9308059681326171_37.5299618570035207,1180050901,마포대교앞교차로,126.9295779021332464_37.5291926767471580,138.0,51.7,원활,126.9295779021332464_37.5291926767471580|126.9308059681326171_37.5299618570035207
2026-09-04T09:00:31.559343+09:00,여의도한강공원,여의도한강공원,POI105,KEY_3,1180002602,여의대로,1180263600,최소노드배치점,126.9340230665834355_37.5320236982424547,1180051800,마포대교,126.9308059681326171_37.5299618570035207,365.0,58.8,원활,126.9308059681326171_37.5299618570035207|126.9335784255592046_37.5317501054697615|126.9340230665834355_37.5320236982424547
2026-09-04T09:00:31.559343+09:00,여의도한강공원,여의도한강공원,POI105,KEY_3,1180018603,여의동로,1180248600,여의도동 7-6,126.9406867369458780_37.5205161735924975,1180007003,시범아파트앞교차로,126.9402919444834907_37.5208989401789523,56.0,17.0,서행,126.9402919444834907_37.5208989401789523|126.9404650735248765_37.5207821875801457|126.9406178353196282_37.5206239357599500|126.9406867369458780_37.5205161735924975
2026-09-04T09:00:31.559343+09:00,여의도한강공원,여의도한강공원,POI105,KEY_3,1180018705,여의동로,1180033601,여의상류IC,126.9410620352872030_37.5197641943777285,1180032700,여의상류IC,126.9408644596989291_37.5190433065538684,83.0,20.0,서행,126.9408644596989291_37.5190433065538684|126.9409385909511201_37.5191950815743880|126.9409922183505728_37.5193112485734019|126.9410273832007618_37.5194267107547716|126.9410583553759722_37.5195846269940034|126.9410620352872030_37.5197641943777285
2026-09-04T09:00:31.559343+09:00,여의도한강공원,여의도한강공원,POI105,KEY_3,1180018706,여의동로,1180248500,여의도동 7-5,126.9408076990061289_37.5205652394176070,1180033601,여의상류IC,126.9410620352872030_37.5197641943777285,92.0,29.0,원활,126.9410620352872030_37.5197641943777285|126.9410197256354849_37.5200367526254936|126.9409429071853452_37.5203021469964426|126.9408500463545408_37.5204990074997298|126.9408076990061289_37.5205652394176070
2026-09-04T09:00:31.559343+09:00,여의도한강공원,여의도한강공원,POI105,KEY_3,1180024601,여의동로,1180007004,시범아파트앞교차로,126.9401991775211798_37.5209785278175971,1180007602,원효대교앞교차로,126.9377991695937595_37.5228304435030964,295.0,30.0,원활,126.9377991695937595_37.5228304435030964|126.9394041207515187_37.5216176335209894|126.9401086909208090_37.5210660656542530|126.9401991775211798_37.5209785278175971
2026-09-04T09:00:31.559343+09:00,여의도한강공원,여의도한강공원,POI105,KEY_3,1180024701,여의동로,1180039300,원효대교(남측),126.9394984211137256_37.5216954122665811,1180007001,시범아파트앞교차로,126.9403039746038786_37.5210472508129982,101.0,18.0,서행,126.9403039746038786_37.5210472508129982|126.9402089441002488_37.5211391841689448|126.9394984211137256_37.5216954122665811
2026-09-04T09:00:31.559343+09:00,여의도한강공원,여의도한강공원,POI105,KEY_3,1180027701,여의동로,1180044300,원효대교(남측),126.9363222446695119_37.5240962818884185,1180007604,원효대교앞교차로,126.9378089860223895_37.5229720840527037,181.0,45.0,원활,126.9378089860223895_37.5229720840527037|126.9363222446695119_37.5240962818884185
2026-09-04T09:00:31.559343+09:00,여의도한강공원,여의도한강공원,POI105,KEY_3,1180027702,여의동로,1180008201,여의도선착장앞교차로,126.9353157098191645_37.5248573421928668,1180044300,원효대교(남측),126.9363222446695119_37.5240962818884185,123.0,17.0,서행,126.9363222446695119_37.5240962818884185|126.9353157098191645_37.5248573421928668
2026-09-04T09:00:31.559343+09:00,여의도한강공원,여의도한강공원,POI105,KEY_3,1180031700,여의대방로,1180263900,최소노드배치점,126.9423668339206870_37.5252518313100794,1180043100,원효대교남단,126.9389194214592607_37.5234603791527448,364.0,57.0,원활,126.9389194214592607_37.5234603791527448|126.9423668339206870_37.5252518313100794
2026-09-04T09:00:31.559343+09:00,여의도한강공원,여의도한강공원,POI105,KEY_3,1180033501,여의동로,1180050000,마포대교남측,126.9304020221015321_37.5286131745307898,1180009104,여의중고교앞교차로,126.9325853985016863_37.5269417668937137,268.0,25.0,원활,126.9325853985016863_37.5269417668937137|126.9317038491518019_37.5276028935370434|126.9307836236958451_37.5283174604033363|126.9306853496340324_37.5283936719680753|126.9304020221015321_37.5286131745307898
2026-09-04T09:00:31.559343+09:00,여의도한강공원,여의도한강공원,POI105,KEY_3,1180033503,여의동로,1180050901,마포대교앞교차로,126.9295779021332464_37.5291926767471580,1180050000,마포대교남측,126.9304020221015321_37.5286131745307898,97.0,16.0,서행,126.9304020221015321_37.5286131745307898|126.9299369050538218_37.5289735100707489|126.9295779021332464_37.5291926767471580
2026-09-04T09:00:31.559343+09:00,여의도한강공원,여의도한강공원,POI105,KEY_3,1180038004,여의서로,1180057702,여의하류IC,126.9116446085465810_37.5333341738394211,1180010601,여의하류IC,126.9158866788485369_37.5334891812985134,389.0,18.0,서행,126.9158866788485369_37.5334891812985134|126.9157160525504509_37.5335075640938882|126.9145253690237212_37.5336052142657834|126.9129473608267773_37.5337346107591614|126.9127263123781830_37.5337454488282916|126.9125619724539717_37.5337376282147730|126.9123498788537177_37.5336886646839432|126.9121669423552277_37.5336324766132563|126.9119754499676134_37.5335430187373973|126.9117951706554237_37.5334397412671237|126.9116446085465810_37.5333341738394211
2026-09-04T09:00:31.559343+09:00,여의도한강공원,여의도한강공원,POI105,KEY_3,1180038702,여의서로,1180323000,최소노드배치점,126.9187881082516611_37.5328709059154022,1180010304,서강대교(남측),126.9216090189517701_37.5320376430852960,266.0,16.0,서행,126.9216090189517701_37.5320376430852960|126.9203533112228826_37.5324099776008708|126.9202812799588713_37.5324311902864451|126.9187881082516611_37.5328709059154022
2026-09-04T09:00:31.559343+09:00,여의도한강공원,여의도한강공원,POI105,KEY_3,1180039200,올림픽대로,1180058400,여의하류IC,126.9148490647562824_37.5338551834337650,1180010601,여의하류IC,126.9158866788485369_37.5334891812985134,100.0,29.7,정체,126.9158866788485369_37.5334891812985134|126.9155841280332453_37.5335956228786003|126.9148490647562824_37.5338551834337650
2026-09-04T09:00:31.559343+09:00,여의도한강공원,여의도한강공원,POI105,KEY_3,1180041102,국회대로,1180274900,최소노드배치점,126.9238759567866452_37.5352270758419237,1180010301,서강대교(남측),126.9217369577254289_37.5319990605573608,405.0,58.5,원활,126.9217369577254289_37.5319990605573608|126.9234661246942437_37.5346102805177892|126.9238759567866452_37.5352270758419237
2026-09-04T09:00:31.559343+09:00,여의도한강공원,여의도한강공원,POI105,KEY_3,1180086000,여의대방로,1180043100,원효대교남단,126.9389194214592607_37.5234603791527448,1180038401,원효대교(남측),126.9355118374576392_37.5214344074539099,377.0,50.7,원활,126.9355118374576392_37.5214344074539099|126.9357682265078324_37.5215237383808358|126.9368814016096110_37.5222080746101767|126.9378844663648636_37.5228141242598880|126.9386342653729258_37.5232817445596751|126.9389194214592607_37.5234603791527448
2026-09-04T09:00:31.559343+09:00,여의도한강공원,여의도한강공원,POI105,KEY_3,1180086100,여의대방로,1180038402,원효대교(남측),126.9354288936371944_37.5215199968422155,1180043400,원효대교남단,126.9388452416195463_37.5235509284484792,378.0,58.3,원활,126.9388452416195463_37.5235509284484792|126.9385269005017420_37.5234022392466500|126.9377236729463903_37.5229883934775685|126.9367164135576331_37.5223798075140991|126.9356023408485044_37.5216949187275617|126.9354288936371944_37.5215199968422155
2026-09-04T09:00:31.559343+09:00,여의도한강공원,여의도한강공원,POI105,KEY_3,1180086200,여의대방로,1180043100,원효대교남단,126.9389194214592607_37.5234603791527448,1180039300,원효대교(남측),126.9394984211137256_37.5216954122665811,256.0,43.3,원활,126.9394984211137256_37.5216954122665811|126.9394143576814571_37.5217932892441297|126.9390639344829168_37.5220578983287538|126.9386058222683715_37.5224039073714266|126.9384454643178373_37.5225455615191805|126.9383732776471589_37.5226476074626873|126.9383372872894142_37.5227369852470787|126.9383282232904264_37.5228406804968202|126.9383416241537788_37.5229229319018529|126.9383954201431948_37.5230195086963576|126.9384806415670255_37.5231196770154796|126.9389194214592607_37.5234603791527448
2026-09-04T09:00:31.559343+09:00,여의도한강공원,여의도한강공원,POI105,KEY_3,1180088800,여의동로,1180044300,원효대교(남측),126.9363222446695119_37.5240962818884185,1180043400,원효대교남단,126.9388452416195463_37.5235509284484792,262.0,42.0,원활,126.9388452416195463_37.5235509284484792|126.9384579493625438_37.5234164617016432|126.9382200598614503_37.5233412443599619|126.9380943813213918_37.5233018443910211|126.9379642022848174_37.5232767444369202|126.9378340066637492_37.5232731008024061|126.9376229810390129_37.5232872929537464|126.9374613272680392_37.5233193903731248|126.9373544849209878_37.5233714062846175|126.9371561824279837_37.5235065711294808|126.9363767315390135_37.5240925820042506|126.9363222446695119_37.5240962818884185
2026-09-04T09:00:31.559343+09:00,여의도한강공원,여의도한강공원,POI105,KEY_3,1180097300,여의대로,1180051800,마포대교,126.9308059681326171_37.5299618570035207,1180050000,마포대교남측,126.9304020221015321_37.5286131745307898,175.0,37.0,원활,126.9304020221015321_37.5286131745307898|126.9302674992351569_37.5287639444649983|126.9301715807580422_37.5289069217861453|126.9301534341487070_37.5291071595431802|126.9301772199870157_37.5292788143913825|126.9302847624288546_37.5295125003925918|126.9308059681326171_37.5299618570035207
2026-09-04T09:00:31.559343+09:00,여의도한강공원,여의도한강공원,POI105,KEY_3,1180098300,여의대로,1180051900,마포대교(남측),126.9282127564699607_37.5297704303567201,1180052400,마포대교,126.9307212821010751_37.5300463600273631,231.0,14.0,정체,126.9307212821010751_37.5300463600273631|126.9298072793187941_37.5297592892750274|126.9295379418201009_37.5296911879758781|126.9293044968049458_37.5296517134467038|126.9291024559104528_37.5296408650083890|126.9289048951919625_37.5296407462443824|126.9286983266459004_37.5296692285065987|126.9283704934996138_37.5297333958644117|126.9282127564699607_37.5297704303567201
2026-09-04T09:00:31.559343+09:00,여의도한강공원,여의도한강공원,POI105,KEY_3,1180103700,올림픽대로,1180056900,여의하류IC앞,126.9099107440064671_37.5323785517192547,1180058100,여의하류IC,126.9113470954211209_37.5334759494431651,183.0,48.0,서행,126.9113470954211209_37.5334759494431651|126.9112574345930824_37.5333543028651491|126.9111647860354850_37.5332278867742630|126.9110691582745005_37.5330895481243871|126.9109675293688468_37.5329631251105766|126.9108449616440879_37.5328247659603988|126.9107313287380663_37.5327245564036360|126.9105578407508830_37.5326123820790158|126.9103573956169413_37.5325144895265197|126.9101523716446422_37.5324473163778976|126.9099107440064671_37.5323785517192547
2026-09-04T09:00:31.559343+09:00,여의도한강공원,여의도한강공원,POI105,KEY_3,1180104000,올림픽대로,1180322800,최소노드배치점,126.9188633519518135_37.5330663833708513,1180054900,여의하류IC,126.9238476077766080_37.5313717470433375,486.0,35.0,서행,126.9238476077766080_37.5313717470433375|126.9235232634260058_37.5316199137243132|126.9232000481612062_37.5318505638760769|126.9230158194888247_37.5319791744498730|126.9228496134543036_37.5320470077723343|126.9224004740734983_37.5321647167067241|126.9210485355217912_37.5325392848552042|126.9195124922006812_37.5329065609222638|126.9188633519518135_37.5330663833708513
2026-09-04T09:00:31.559343+09:00,여의도한강공원,여의도한강공원,POI105,KEY_3,1180104100,올림픽대로,1180058200,여의하류IC,126.9088719404886518_37.5335782193263654,1180057200,여의하류IC앞,126.9095075762253231_37.5324759606280765,136.0,54.0,원활,126.9095075762253231_37.5324759606280765|126.9094010991301218_37.5327426013710124|126.9092574981122681_37.5331043762872483|126.9092073553575375_37.5331971336186072|126.9090893547378300_37.5333503643350284|126.9088719404886518_37.5335782193263654
2026-09-04T09:00:31.559343+09:00,여의도한강공원,여의도한강공원,POI105,KEY_3,1180104200,올림픽대로,1180056900,여의하류IC앞,126.9099107440064671_37.5323785517192547,1180057200,여의하류IC앞,126.9095075762253231_37.5324759606280765,244.0,40.3,서행,126.9095075762253231_37.5324759606280765|126.9094841950826407_37.5325994681253974|126.9094564797182016_37.5327452630529876|126.9094313198684887_37.5328977660792660|126.9094484590793002_37.5330027836566202|126.9095046031765150_37.5330984571128070|126.9095730635125250_37.5331512658508686|126.9096595477012244_37.5331970100760017|126.9097791981177750_37.5332143016489468|126.9099049867064224_37.5332125452215948|126.9100668986708342_37.5331871216565673|126.9101840428222800_37.5331423950281788|126.9102684147233475_37.5330760409922490|126.9103138214403117_37.5330142623253735|126.9103534441543815_37.5329262222845230|126.9103630663362168_37.5328451854664635|126.9103489008242747_37.5327425678390441|126.9103166942296639_37.5326493988199772|126.9102455019530993_37.5325631892314817|126.9101144752508361_37.5324695269450785|126.9099107440064671_37.5323785517192547
2026-09-04T09:00:31.559343+09:00,여의도한강공원,여의도한강공원,POI105,KEY_3,1180104400,올림픽대로,1180058200,여의하류IC,126.9088719404886518_37.5335782193263654,1180058100,여의하류IC,126.9113470954211209_37.5334759494431651,236.0,46.7,서행,126.9113470954211209_37.5334759494431651|126.9111690623947908_37.5333607524628903|126.9109989641811467_37.5332847817553272|126.9108511282904743_37.5332339637287120|126.9106941120611651_37.5332081395440156|126.9105324361279230_37.5332037554386346|126.9103751385429319_37.5332137012479095|126.9102175873575931_37.5332558412137871|126.9100735400548814_37.5332944719436838|126.9099296329114139_37.5333152159377619|126.9097947662082930_37.5333288514592383|126.9096330327877951_37.5333316200244838|126.9094937305390545_37.5333380780400887|126.9093228160708549_37.5333658410132927|126.9091877513593118_37.5334045154003917|126.9090840728703284_37.5334505001922309|126.9088719404886518_37.5335782193263654
2026-09-04T09:00:31.559343+09:00,여의도한강공원,여의도한강공원,POI105,KEY_3,1180104700,올림픽대로,1180057702,여의하류IC,126.9116446085465810_37.5333341738394211,1180058600,여의하류IC,126.9124480904624335_37.5340012297976102,103.0,23.5,정체,126.9124480904624335_37.5340012297976102|126.9122745980778859_37.5338890571121127|126.9120682102647208_37.5337482538104155|126.9119545687167232_37.5336528126330577|126.9118678582978959_37.5335669276376009|126.9117632252879702_37.5334476543186142|126.9116446085465810_37.5333341738394211
2026-09-04T09:00:31.559343+09:00,여의도한강공원,여의도한강공원,POI105,KEY_3,1180105100,올림픽대로,1180058100,여의하류IC,126.9113470954211209_37.5334759494431651,1180058600,여의하류IC,126.9124480904624335_37.5340012297976102,118.0,25.0,정체,126.9124480904624335_37.5340012297976102|126.9122714926787694_37.5339844113092269|126.9121398055384304_37.5339604738344619|126.9119004108432165_37.5338863945131394|126.9117179131641819_37.5337956707200888|126.9115683555591261_37.5336954342220679|126.9114666742656965_37.5336119217694275|126.9113470954211209_37.5334759494431651
2026-09-04T09:00:31.559343+09:00,여의도한강공원,여의도한강공원,POI105,KEY_3,1180105300,올림픽대로,1180058600,여의하류IC,126.9124480904624335_37.5340012297976102,1180058400,여의하류IC,126.9148490647562824_37.5338551834337650,213.0,31.5,서행,126.9148490647562824_37.5338551834337650|126.9146365081849410_37.5338693333682087|126.9127833540508021_37.5340110131640330|126.9126216957507864_37.5340180458078123|126.9124480904624335_37.5340012297976102
2026-09-04T09:00:31.559343+09:00,여의도한강공원,여의도한강공원,POI105,KEY_3,1180105700,올림픽대로,1180001500,여의하류IC,126.9073822654269605_37.5347960718864755,1180058200,여의하류IC,126.9088719404886518_37.5335782193263654,189.0,55.0,원활,126.9088719404886518_37.5335782193263654|126.9083242197496730_37.5341084847941602|126.9081522571456162_37.5342685986380289|126.9077456701091364_37.5345598932521654|126.9073822654269605_37.5347960718864755
2026-09-04T09:00:31.559343+09:00,여의도한강공원,여의도한강공원,POI105,KEY_3,1180131800,올림픽대로,1180073200,여의상류IC,126.9413747929981042_37.5171839921024386,1180072900,여의상류IC,126.9406083800987517_37.5174248708792817,223.0,37.5,서행,126.9406083800987517_37.5174248708792817|126.9405930312344424_37.5175435153873309|126.9406092616678592_37.5176670087558009|126.9406471748521454_37.5177969651017236|126.9407050223394009_37.5178687842951106|126.9407719322446866_37.5179299139964257|126.9408479565857988_37.5179732011517402|126.9409330178654471_37.5180093757528255|126.9410361749584411_37.5180277509984137|126.9411618942258571_37.5180319231682446|126.9413057634171480_37.5180111401280030|126.9414454615370147_37.5179474103264710|126.9415493929910213_37.5178620475961679|126.9416038699689295_37.5177836052660467|126.9416231424661277_37.5177302402591408|126.9416451412587463_37.5176693288908751|126.9416504315423992_37.5175620364262841|126.9416241520395943_37.5174724808295537|126.9415895959336780_37.5173712900806677|126.9415130106084462_37.5172832160456764|126.9414200748953476_37.5172121420924327|126.9413747929981042_37.5171839921024386
2026-09-04T09:00:31.559343+09:00,여의도한강공원,여의도한강공원,POI105,KEY_3,1180131900,올림픽대로,1180033601,여의상류IC,126.9410620352872030_37.5197641943777285,1180073300,여의상류IC,126.9429855095649771_37.5174961988850910,356.0,32.0,서행,126.9429855095649771_37.5174961988850910|126.9425770783428646_37.5174620764480835|126.9423645811656343_37.5174515339232642|126.9422687580351123_37.5174534666303643|126.9421458647768333_37.5174719653657647|126.9420678452474931_37.5174954451136884|126.9419987904991132_37.5175213520105117|126.9419236224377983_37.5175639235214362|126.9418634063433728_37.5176089512716757|126.9418000721829998_37.5176706568276828|126.9417427069557931_37.5177485130741815|126.9416003222524836_37.5179582783130741|126.9415367386929461_37.5180533702759931|126.9414333808193476_37.5182627473598558|126.9414028723800385_37.5183389174551678|126.9413353512353808_37.5185603874609441|126.9413075523894747_37.5186747280699180|126.9411772528702187_37.5192846297340026|126.9411243449818727_37.5195538654257774|126.9410620352872030_37.5197641943777285
2026-09-04T09:00:31.559343+09:00,여의서로,여의서로,POI126,KEY_4,1180038003,여의서로,1180323100,최소노드배치점,126.9117402894865307_37.5311049087075475,1180057702,여의하류IC,126.9116446085465810_37.5333341738394211,262.0,30.0,원활,126.9116446085465810_37.5333341738394211|126.9114652390462226_37.5331501506058203|126.9113732100930463_37.5329943489975122|126.9112983897178282_37.5327900539595092|126.9112674876685105_37.5325516232177918|126.9112865696183974_37.5323367272189188|126.9113546059211899_37.5321355343469492|126.9114569592268964_37.5318631682642589|126.9115238408340929_37.5316841785415747|126.9117402894865307_37.5311049087075475
2026-09-04T09:00:31.559343+09:00,여의서로,여의서로,POI126,KEY_4,1180031402,국회대로,1180046001,여의2교남단교차로,126.9110548372880771_37.5257645667991255,1180047804,의원회관앞교차로,126.9134650625379095_37.5269942928087872,253.0,22.0,서행,126.9134650625379095_37.5269942928087872|126.9110548372880771_37.5257645667991255
2026-09-04T09:00:31.559343+09:00,여의서로,여의서로,POI126,KEY_4,1180031502,국회대로,1180047803,의원회관앞교차로,126.9135274643399640_37.5268977275474711,1180046002,여의2교남단교차로,126.9111139413039098_37.5256663196409335,253.0,13.0,정체,126.9111139413039098_37.5256663196409335|126.9135274643399640_37.5268977275474711
2026-09-04T09:00:31.559343+09:00,여의서로,여의서로,POI126,KEY_4,1180036401,국회대로,1180155000,여의도동 1-1,126.9184061280869713_37.5300009967483419,1180010303,서강대교(남측),126.9215102204224763_37.5319506286676088,350.0,16.0,서행,126.9215102204224763_37.5319506286676088|126.9210461430147205_37.5316255718379566|126.9203325255415535_37.5311864488027496|126.9197419650193126_37.5308230414341679|126.9191619518192908_37.5304661181429466|126.9185557758553813_37.5300930883489983|126.9184061280869713_37.5300009967483419
2026-09-04T09:00:31.559343+09:00,여의서로,여의서로,POI126,KEY_4,1180038001,여의서로,1180047804,의원회관앞교차로,126.9134650625379095_37.5269942928087872,1180050300,여의하류IC,126.9125858842577514_37.5288463372735421,220.0,14.0,정체,126.9125858842577514_37.5288463372735421|126.9133384396445194_37.5272156123272751|126.9134650625379095_37.5269942928087872
2026-09-04T09:00:31.559343+09:00,여의서로,여의서로,POI126,KEY_4,1180038004,여의서로,1180057702,여의하류IC,126.9116446085465810_37.5333341738394211,1180010601,여의하류IC,126.9158866788485369_37.5334891812985134,389.0,18.0,서행,126.9158866788485369_37.5334891812985134|126.9157160525504509_37.5335075640938882|126.9145253690237212_37.5336052142657834|126.9129473608267773_37.5337346107591614|126.9127263123781830_37.5337454488282916|126.9125619724539717_37.5337376282147730|126.9123498788537177_37.5336886646839432|126.9121669423552277_37.5336324766132563|126.9119754499676134_37.5335430187373973|126.9117951706554237_37.5334397412671237|126.9116446085465810_37.5333341738394211
2026-09-04T09:00:31.559343+09:00,여의서로,여의서로,POI126,KEY_4,1180038101,여의서로,1180141500,여의도동 8-1,126.9125034013571849_37.5294588335489934,1180047801,의원회관앞교차로,126.9135777323507170_37.5270581170031505,283.0,31.0,원활,126.9135777323507170_37.5270581170031505|126.9134640961386822_37.5272567387847005|126.9127147702930785_37.5288800985185560|126.9125034013571849_37.5294588335489934
2026-09-04T09:00:31.559343+09:00,여의서로,여의서로,POI126,KEY_4,1180038102,여의서로,1180136800,여의도동 8-1,126.9145114614992735_37.5334976629259458,1180057701,여의하류IC,126.9117432717733465_37.5332606350129012,257.0,26.7,원활,126.9117432717733465_37.5332606350129012|126.9118798764054787_37.5333550779968661|126.9120496011042292_37.5334523089724428|126.9122261082116410_37.5335347665300532|126.9123932874727672_37.5335861143590392|126.9125852087945532_37.5336304218281285|126.9127261896915257_37.5336371304333341|126.9129362320318251_37.5336268320589994|126.9145114614992735_37.5334976629259458
2026-09-04T09:00:31.559343+09:00,여의서로,여의서로,POI126,KEY_4,1180038602,여의서로,1180199400,여의도동 8-1,126.9180805162101962_37.5329548925892027,1180010602,여의하류IC,126.9158651872016321_37.5333825331527251,202.0,21.0,서행,126.9158651872016321_37.5333825331527251|126.9163150027583100_37.5333154038283041|126.9167447105342319_37.5332479919289739|126.9172043329491686_37.5331630452426737|126.9179823764344519_37.5329820256749258|126.9180805162101962_37.5329548925892027
2026-09-04T09:00:31.559343+09:00,여의서로,여의서로,POI126,KEY_4,1180038702,여의서로,1180323000,최소노드배치점,126.9187881082516611_37.5328709059154022,1180010304,서강대교(남측),126.9216090189517701_37.5320376430852960,266.0,16.0,서행,126.9216090189517701_37.5320376430852960|126.9203533112228826_37.5324099776008708|126.9202812799588713_37.5324311902864451|126.9187881082516611_37.5328709059154022
2026-09-04T09:00:31.559343+09:00,여의서로,여의서로,POI126,KEY_4,1180039200,올림픽대로,1180058400,여의하류IC,126.9148490647562824_37.5338551834337650,1180010601,여의하류IC,126.9158866788485369_37.5334891812985134,100.0,29.7,정체,126.9158866788485369_37.5334891812985134|126.9155841280332453_37.5335956228786003|126.9148490647562824_37.5338551834337650
2026-09-04T09:00:31.559343+09:00,여의서로,여의서로,POI126,KEY_4,1180041102,국회대로,1180274900,최소노드배치점,126.9238759567866452_37.5352270758419237,1180010301,서강대교(남측),126.9217369577254289_37.5319990605573608,405.0,58.5,원활,126.9217369577254289_37.5319990605573608|126.9234661246942437_37.5346102805177892|126.9238759567866452_37.5352270758419237
2026-09-04T09:00:31.559343+09:00,여의서로,여의서로,POI126,KEY_4,1180093800,올림픽대로,1180046700,여의하류IC,126.9139332883952989_37.5258302984319769,1180049300,여의하류IC,126.9124219382957364_37.5282059407288671,296.0,41.0,원활,126.9124219382957364_37.5282059407288671|126.9126709766838559_37.5276959699368291|126.9130099086824686_37.5271002435067516|126.9134446643213892_37.5264640601462816|126.9135615846091270_37.5263044242820101|126.9139332883952989_37.5258302984319769
2026-09-04T09:00:31.559343+09:00,여의서로,여의서로,POI126,KEY_4,1180097500,올림픽대로,1180049300,여의하류IC,126.9124219382957364_37.5282059407288671,1180053000,여의하류IC,126.9116502139587652_37.5302817461312657,241.0,24.0,서행,126.9116502139587652_37.5302817461312657|126.9117554871957765_37.5298527220926914|126.9119085944505940_37.5294737959552691|126.9122868518727643_37.5285372036068665|126.9124219382957364_37.5282059407288671
2026-09-04T09:00:31.559343+09:00,여의서로,여의서로,POI126,KEY_4,1180098200,여의서로,1180050300,여의하류IC,126.9125858842577514_37.5288463372735421,1180053000,여의하류IC,126.9116502139587652_37.5302817461312657,180.0,9.0,정체,126.9116502139587652_37.5302817461312657|126.9119321014785982_37.5298480867291033|126.9124478698020368_37.5290689337596177|126.9125858842577514_37.5288463372735421
2026-09-04T09:00:31.559343+09:00,여의서로,여의서로,POI126,KEY_4,1180100100,올림픽대로,1180053000,여의하류IC,126.9116502139587652_37.5302817461312657,1180054600,여의하류IC,126.9113467485372553_37.5312398487618282,110.0,23.0,서행,126.9113467485372553_37.5312398487618282|126.9114940115750727_37.5307441067722678|126.9116502139587652_37.5302817461312657
2026-09-04T09:00:31.559343+09:00,여의서로,여의서로,POI126,KEY_4,1180101100,올림픽대로,1180054600,여의하류IC,126.9113467485372553_37.5312398487618282,1180053900,여의하류IC,126.9101796785526517_37.5308445942274886,161.0,31.0,서행,126.9101796785526517_37.5308445942274886|126.9101931014992317_37.5310414092060398|126.9102886836397630_37.5312624829991321|126.9103927384446138_37.5313583960722070|126.9105342246899681_37.5314544950895836|126.9107135639955573_37.5314971247237921|126.9109007655329577_37.5314920961623173|126.9111183798562479_37.5314275989006632|126.9112086357648082_37.5313743906016768|126.9113467485372553_37.5312398487618282
2026-09-04T09:00:31.559343+09:00,여의서로,여의서로,POI126,KEY_4,1180102100,올림픽대로,1180055000,여의하류IC앞,126.9097766577302622_37.5319288643150841,1180056700,여의하류IC앞,126.9099677257352141_37.5322885743723162,247.0,39.3,서행,126.9099677257352141_37.5322885743723162|126.9101802749627552_37.5322898012020829|126.9104318980016188_37.5322803263696159|126.9105533440733069_37.5322594692428169|126.9106435161752842_37.5322169922414162|126.9107278503933003_37.5321554077364397|126.9108033508016575_37.5320746999620383|126.9108579076633276_37.5319915030838942|126.9108854019603427_37.5319224810316570|126.9108979423341879_37.5318509987701034|126.9108805013922705_37.5317841367436387|126.9108362782712049_37.5316956773246275|126.9107828271066865_37.5316381747174148|126.9106874170305019_37.5315852327633905|126.9105858681555645_37.5315513377507699|126.9104842061042717_37.5315317522630707|126.9103943910203895_37.5315289189790775|126.9102954982978702_37.5315379647373817|126.9102025389048976_37.5315541941005435|126.9100974322583681_37.5315918264329014|126.9100101221350911_37.5316510106624506|126.9099196124940221_37.5317364124159667|126.9097766577302622_37.5319288643150841
2026-09-04T09:00:31.559343+09:00,여의서로,여의서로,POI126,KEY_4,1180103300,올림픽대로,1180054600,여의하류IC,126.9113467485372553_37.5312398487618282,1180056700,여의하류IC앞,126.9099677257352141_37.5322885743723162,207.0,35.0,원활,126.9099677257352141_37.5322885743723162|126.9102019059527322_37.5323529642993847|126.9104144226252089_37.5323881863476316|126.9105551300773840_37.5323763736599858|126.9106838828241166_37.5323478643264963|126.9107976882863937_37.5323026561256228|126.9109025353903490_37.5322383695701731|126.9109714553170818_37.5321788239392902|126.9110374194450657_37.5320882852129003|126.9110944195145976_37.5319834363101563|126.9113016746642160_37.5313852328840198|126.9113467485372553_37.5312398487618282
2026-09-04T09:00:31.559343+09:00,여의서로,여의서로,POI126,KEY_4,1180103700,올림픽대로,1180056900,여의하류IC앞,126.9099107440064671_37.5323785517192547,1180058100,여의하류IC,126.9113470954211209_37.5334759494431651,183.0,48.0,서행,126.9113470954211209_37.5334759494431651|126.9112574345930824_37.5333543028651491|126.9111647860354850_37.5332278867742630|126.9110691582745005_37.5330895481243871|126.9109675293688468_37.5329631251105766|126.9108449616440879_37.5328247659603988|126.9107313287380663_37.5327245564036360|126.9105578407508830_37.5326123820790158|126.9103573956169413_37.5325144895265197|126.9101523716446422_37.5324473163778976|126.9099107440064671_37.5323785517192547
2026-09-04T09:00:31.559343+09:00,여의서로,여의서로,POI126,KEY_4,1180104000,올림픽대로,1180322800,최소노드배치점,126.9188633519518135_37.5330663833708513,1180054900,여의하류IC,126.9238476077766080_37.5313717470433375,486.0,35.0,서행,126.9238476077766080_37.5313717470433375|126.9235232634260058_37.5316199137243132|126.9232000481612062_37.5318505638760769|126.9230158194888247_37.5319791744498730|126.9228496134543036_37.5320470077723343|126.9224004740734983_37.5321647167067241|126.9210485355217912_37.5325392848552042|126.9195124922006812_37.5329065609222638|126.9188633519518135_37.5330663833708513
2026-09-04T09:00:31.559343+09:00,여의서로,여의서로,POI126,KEY_4,1180104400,올림픽대로,1180058200,여의하류IC,126.9088719404886518_37.5335782193263654,1180058100,여의하류IC,126.9113470954211209_37.5334759494431651,236.0,46.7,서행,126.9113470954211209_37.5334759494431651|126.9111690623947908_37.5333607524628903|126.9109989641811467_37.5332847817553272|126.9108511282904743_37.5332339637287120|126.9106941120611651_37.5332081395440156|126.9105324361279230_37.5332037554386346|126.9103751385429319_37.5332137012479095|126.9102175873575931_37.5332558412137871|126.9100735400548814_37.5332944719436838|126.9099296329114139_37.5333152159377619|126.9097947662082930_37.5333288514592383|126.9096330327877951_37.5333316200244838|126.9094937305390545_37.5333380780400887|126.9093228160708549_37.5333658410132927|126.9091877513593118_37.5334045154003917|126.9090840728703284_37.5334505001922309|126.9088719404886518_37.5335782193263654
2026-09-04T09:00:31.559343+09:00,여의서로,여의서로,POI126,KEY_4,1180104700,올림픽대로,1180057702,여의하류IC,126.9116446085465810_37.5333341738394211,1180058600,여의하류IC,126.9124480904624335_37.5340012297976102,103.0,23.5,정체,126.9124480904624335_37.5340012297976102|126.9122745980778859_37.5338890571121127|126.9120682102647208_37.5337482538104155|126.9119545687167232_37.5336528126330577|126.9118678582978959_37.5335669276376009|126.9117632252879702_37.5334476543186142|126.9116446085465810_37.5333341738394211
2026-09-04T09:00:31.559343+09:00,여의서로,여의서로,POI126,KEY_4,1180105100,올림픽대로,1180058100,여의하류IC,126.9113470954211209_37.5334759494431651,1180058600,여의하류IC,126.9124480904624335_37.5340012297976102,118.0,25.0,정체,126.9124480904624335_37.5340012297976102|126.9122714926787694_37.5339844113092269|126.9121398055384304_37.5339604738344619|126.9119004108432165_37.5338863945131394|126.9117179131641819_37.5337956707200888|126.9115683555591261_37.5336954342220679|126.9114666742656965_37.5336119217694275|126.9113470954211209_37.5334759494431651
2026-09-04T09:00:31.559343+09:00,여의서로,여의서로,POI126,KEY_4,1180105300,올림픽대로,1180058600,여의하류IC,126.9124480904624335_37.5340012297976102,1180058400,여의하류IC,126.9148490647562824_37.5338551834337650,213.0,31.5,서행,126.9148490647562824_37.5338551834337650|126.9146365081849410_37.5338693333682087|126.9127833540508021_37.5340110131640330|126.9126216957507864_37.5340180458078123|126.9124480904624335_37.5340012297976102
2026-09-04T09:00:31.559343+09:00,올림픽공원,올림픽공원,POI127,KEY_1,1230023301,양재대로,1230222600,방이동 217-2,127.1268249994781740_37.5100254368363224,1230040803,올림픽공원앞교차로,127.1279156747526429_37.5117452056324225,214.0,13.0,정체,127.1279156747526429_37.5117452056324225|127.1268249994781740_37.5100254368363224
2026-09-04T09:00:31.559343+09:00,올림픽공원,올림픽공원,POI127,KEY_1,1230023904,위례성대로,1230038803,오금초교,127.1315805616083452_37.5102624702576577,1230040802,올림픽공원앞교차로,127.1280368042940410_37.5116964262882320,351.0,28.0,원활,127.1280368042940410_37.5116964262882320|127.1315805616083452_37.5102624702576577
2026-09-04T09:00:31.559343+09:00,올림픽공원,올림픽공원,POI127,KEY_1,1230024003,위례성대로,1230040801,올림픽공원앞교차로,127.1280993215722361_37.5117923995774305,1230038804,오금초교,127.1316420322552858_37.5103588665718206,351.0,11.0,정체,127.1316420322552858_37.5103588665718206|127.1280993215722361_37.5117923995774305
2026-09-04T09:00:31.559343+09:00,올림픽공원,올림픽공원,POI127,KEY_1,1230024703,가락로,1230042404,에뜨왈리코리아,127.1197334005263002_37.5127417204113840,1230008303,방이초교앞교차로,127.1208213191434737_37.5145580278620869,223.0,14.0,정체,127.1208213191434737_37.5145580278620869|127.1197334005263002_37.5127417204113840
2026-09-04T09:00:31.559343+09:00,올림픽공원,올림픽공원,POI127,KEY_1,1230024803,가락로,1230008302,방이초교앞교차로,127.1209450232393436_37.5145134722125775,1230042401,에뜨왈리코리아,127.1198552228544401_37.5126940280713512,224.0,18.0,서행,127.1198552228544401_37.5126940280713512|127.1209450232393436_37.5145134722125775
2026-09-04T09:00:31.559343+09:00,올림픽공원,올림픽공원,POI127,KEY_1,1230025502,위례성대로12길,1230384600,방이동 75-1,127.1226867891286361_37.5132366843652107,1230008203,올림픽공원남2문,127.1230115468975583_37.5137580552017056,65.0,15.0,서행,127.1230115468975583_37.5137580552017056|127.1226867891286361_37.5132366843652107
2026-09-04T09:00:31.559343+09:00,올림픽공원,올림픽공원,POI127,KEY_1,1230025602,위례성대로12길,1230008202,올림픽공원남2문,127.1231332582007383_37.5137101955394456,1230041001,제이에스빌딩,127.1219838454871649_37.5118648795729470,229.0,10.0,정체,127.1219838454871649_37.5118648795729470|127.1228083768162378_37.5131886276024815|127.1231332582007383_37.5137101955394456
2026-09-04T09:00:31.559343+09:00,올림픽공원,올림픽공원,POI127,KEY_1,1230026102,위례성대로,1230040803,올림픽공원앞교차로,127.1279156747526429_37.5117452056324225,1230042502,방이동 181-7,127.1254911970844859_37.5127168656425241,240.0,11.0,정체,127.1254911970844859_37.5127168656425241|127.1279156747526429_37.5117452056324225
2026-09-04T09:00:31.559343+09:00,올림픽공원,올림픽공원,POI127,KEY_1,1230026103,위례성대로,1230042503,방이동 181-7,127.1253705911887266_37.5127664663946732,1230008202,올림픽공원남2문,127.1231332582007383_37.5137101955394456,224.0,13.0,정체,127.1231332582007383_37.5137101955394456|127.1253705911887266_37.5127664663946732
2026-09-04T09:00:31.559343+09:00,올림픽공원,올림픽공원,POI127,KEY_1,1230026202,위례성대로,1230008201,올림픽공원남2문,127.1231967749277914_37.5138057465937962,1230040804,올림픽공원앞교차로,127.1279781659139445_37.5118411937980127,476.0,41.7,원활,127.1279781659139445_37.5118411937980127|127.1255521973024827_37.5128134512352105|127.1254341104055641_37.5128620169255242|127.1231967749277914_37.5138057465937962
2026-09-04T09:00:31.559343+09:00,올림픽공원,올림픽공원,POI127,KEY_1,1230026702,백제고분로,1230397100,방이동 94-4,127.1155243442379685_37.5158080782483836,1230045403,올림픽공원남4문앞교차로,127.1158353619488821_37.5163285598069436,64.0,11.0,정체,127.1158353619488821_37.5163285598069436|127.1155243442379685_37.5158080782483836
2026-09-04T09:00:31.559343+09:00,올림픽공원,올림픽공원,POI127,KEY_1,1230026802,백제고분로,1230045402,올림픽공원남4문앞교차로,127.1159592191718559_37.5162842594980717,1230043901,방이중,127.1149670532686144_37.5146238680820474,204.0,14.0,정체,127.1149670532686144_37.5146238680820474|127.1156469051217641_37.5157616102810749|127.1159592191718559_37.5162842594980717
2026-09-04T09:00:31.559343+09:00,올림픽공원,올림픽공원,POI127,KEY_1,1230027100,위례성대로,1230008203,올림픽공원남2문,127.1230115468975583_37.5137580552017056,1230008302,방이초교앞교차로,127.1209450232393436_37.5145134722125775,201.0,37.0,원활,127.1209450232393436_37.5145134722125775|127.1230115468975583_37.5137580552017056
2026-09-04T09:00:31.559343+09:00,올림픽공원,올림픽공원,POI127,KEY_1,1230027200,위례성대로,1230424900,최소노드배치점,127.1195466393614311_37.5151289900827436,1230008204,올림픽공원남2문,127.1230681603091739_37.5138563218870544,342.0,42.0,원활,127.1230681603091739_37.5138563218870544|127.1210016343324725_37.5146117395583261|127.1208765811574466_37.5146567818947432|127.1195466393614311_37.5151289900827436
2026-09-04T09:00:31.559343+09:00,올림픽공원,올림픽공원,POI127,KEY_1,1230028100,위례성대로,1230008303,방이초교앞교차로,127.1208213191434737_37.5145580278620869,1230045402,올림픽공원남4문앞교차로,127.1159592191718559_37.5162842594980717,471.0,48.7,원활,127.1159592191718559_37.5162842594980717|127.1194913787483216_37.5150302354333220|127.1208213191434737_37.5145580278620869
2026-09-04T09:00:31.559343+09:00,올림픽공원,올림픽공원,POI127,KEY_1,1230028702,양재대로,1230040804,올림픽공원앞교차로,127.1279781659139445_37.5118411937980127,1230043503,방이동 89-28,127.1293137788365044_37.5138391508336753,251.0,7.0,정체,127.1293137788365044_37.5138391508336753|127.1279781659139445_37.5118411937980127
2026-09-04T09:00:31.559343+09:00,올림픽공원,올림픽공원,POI127,KEY_1,1230028703,양재대로,1230043504,방이동 89-28,127.1293758864878356_37.5139336243623376,1230044603,올림픽공원동문교차로,127.1305797082937374_37.5157953632322290,232.0,10.0,정체,127.1305797082937374_37.5157953632322290|127.1293758864878356_37.5139336243623376
2026-09-04T09:00:31.559343+09:00,올림픽공원,올림픽공원,POI127,KEY_1,1230028704,양재대로,1230044604,올림픽공원동문교차로,127.1306432453781667_37.5158930503733714,1230047803,오륜교,127.1316412754749763_37.5174145740411831,191.0,7.0,정체,127.1316412754749763_37.5174145740411831|127.1306432453781667_37.5158930503733714
2026-09-04T09:00:31.559343+09:00,올림픽공원,올림픽공원,POI127,KEY_1,1230028802,양재대로,1230043502,방이동 89-28,127.1294335833399884_37.5137883314546841,1230040801,올림픽공원앞교차로,127.1280993215722361_37.5117923995774305,251.0,35.0,원활,127.1280993215722361_37.5117923995774305|127.1294335833399884_37.5137883314546841
2026-09-04T09:00:31.559343+09:00,올림픽공원,올림픽공원,POI127,KEY_1,1230028803,양재대로,1230044602,올림픽공원동문교차로,127.1307066675273347_37.5157555807827805,1230043501,방이동 89-28,127.1294965542968640_37.5138841169906101,234.0,28.0,원활,127.1294965542968640_37.5138841169906101|127.1307066675273347_37.5157555807827805
2026-09-04T09:00:31.559343+09:00,올림픽공원,올림픽공원,POI127,KEY_1,1230028804,양재대로,1230047802,오륜교,127.1317615823722491_37.5173645046840889,1230044601,올림픽공원동문교차로,127.1307691739442731_37.5158515552836462,189.0,28.0,원활,127.1307691739442731_37.5158515552836462|127.1317615823722491_37.5173645046840889
2026-09-04T09:00:31.559343+09:00,올림픽공원,올림픽공원,POI127,KEY_1,1230029101,올림픽로,1230044901,잠실진주아파트앞교차로,127.1088533723906977_37.5162718111141373,1230047903,올림픽공원앞교차로,127.1125664517782781_37.5175764714066560,359.0,8.7,정체,127.1125664517782781_37.5175764714066560|127.1121927794052340_37.5174099266855308|127.1096586157180326_37.5165462608805385|127.1088533723906977_37.5162718111141373
2026-09-04T09:00:31.559343+09:00,올림픽공원,올림픽공원,POI127,KEY_1,1230029300,위례성대로,1230045403,올림픽공원남4문앞교차로,127.1158353619488821_37.5163285598069436,1230047902,올림픽공원앞교차로,127.1126327333255119_37.5174821175529445,311.0,20.0,서행,127.1126327333255119_37.5174821175529445|127.1158353619488821_37.5163285598069436
2026-09-04T09:00:31.559343+09:00,올림픽공원,올림픽공원,POI127,KEY_1,1230029401,위례성대로,1230047901,올림픽공원앞교차로,127.1127294559663170_37.5175659412636975,1230045404,올림픽공원남4문앞교차로,127.1158912913085715_37.5164270745673178,307.0,16.0,서행,127.1158912913085715_37.5164270745673178|127.1127294559663170_37.5175659412636975
2026-09-04T09:00:31.559343+09:00,올림픽공원,올림픽공원,POI127,KEY_1,1230030701,올림픽로,1230047904,올림픽공원앞교차로,127.1126156383089949_37.5176248562335459,1230050103,올림픽회관앞교차로,127.1141234836901077_37.5200172918018566,297.0,20.0,서행,127.1141234836901077_37.5200172918018566|127.1130967077667009_37.5183006809000261|127.1127808418886076_37.5178273473246833|127.1126156383089949_37.5176248562335459
2026-09-04T09:00:31.559343+09:00,올림픽공원,올림픽공원,POI127,KEY_1,1230030802,올림픽로,1230050102,올림픽회관앞교차로,127.1142460290998173_37.5199707880909941,1230047901,올림픽공원앞교차로,127.1127294559663170_37.5175659412636975,299.0,23.0,서행,127.1127294559663170_37.5175659412636975|127.1128979059259194_37.5177724112602746|127.1132179682735881_37.5182520322072364|127.1142460290998173_37.5199707880909941
2026-09-04T09:00:31.559343+09:00,올림픽공원,올림픽공원,POI127,KEY_1,1230031300,올림픽로35길,1230380000,신천동 20-3,127.1120965855774898_37.5198794214376790,1230050104,올림픽회관앞교차로,127.1141869164074905_37.5201219523906175,187.0,9.0,정체,127.1141869164074905_37.5201219523906175|127.1139207414424419_37.5201377237057514|127.1137172639646593_37.5201260770116463|127.1129232291908551_37.5200052336238770|127.1120965855774898_37.5198794214376790
2026-09-04T09:00:31.559343+09:00,올림픽공원,올림픽공원,POI127,KEY_1,1230032100,올림픽로,1230400900,신천동 26,127.1145514766661790_37.5207067945448216,1230052003,성내교(남측),127.1155399981984147_37.5222925683271740,197.0,26.0,원활,127.1155399981984147_37.5222925683271740|127.1145514766661790_37.5207067945448216
2026-09-04T09:00:31.559343+09:00,올림픽공원,올림픽공원,POI127,KEY_1,1230032200,올림픽로,1230052001,성내교(남측),127.1156967807111187_37.5223009606581428,1230050101,올림픽회관앞교차로,127.1143085002419610_37.5200738709822801,276.0,46.0,원활,127.1143085002419610_37.5200738709822801|127.1146730610900732_37.5206587128019535|127.1156615842423037_37.5222444857121431|127.1156967807111187_37.5223009606581428
2026-09-04T09:00:31.559343+09:00,올림픽공원,올림픽공원,POI127,KEY_1,1230032404,강동대로,1230052403,서울체고앞,127.1309465905180929_37.5226422457426523,1230052602,올림픽공원북2문,127.1286484144718969_37.5236389836207067,231.0,21.0,서행,127.1286484144718969_37.5236389836207067|127.1309465905180929_37.5226422457426523
2026-09-04T09:00:31.559343+09:00,올림픽공원,올림픽공원,POI127,KEY_1,1230032504,강동대로,1230052601,올림픽공원북2문,127.1287133329938257_37.5237339387489186,1230052404,서울체고앞,127.1310115110815389_37.5227371996198542,231.0,14.0,정체,127.1310115110815389_37.5227371996198542|127.1287133329938257_37.5237339387489186
2026-09-04T09:00:31.559343+09:00,올림픽공원,올림픽공원,POI127,KEY_1,1230032902,올림픽로37길,1230424700,최소노드배치점,127.1116469399134274_37.5231307998258217,1230052004,성내교(남측),127.1156093484237601_37.5224038573356538,390.0,28.7,원활,127.1156093484237601_37.5224038573356538|127.1154210464076897_37.5226254636658609|127.1151860694290434_37.5229714220100377|127.1150231489065732_37.5230568047779158|127.1148610626049589_37.5231117596672803|127.1146813739484145_37.5231312778946844|127.1116469399134274_37.5231307998258217
2026-09-04T09:00:31.559343+09:00,올림픽공원,올림픽공원,POI127,KEY_1,1230033202,올림픽로,1230052004,성내교(남측),127.1156093484237601_37.5224038573356538,1230053103,올림픽대교남단교차로,127.1174254322370984_37.5253520980877155,364.0,37.7,원활,127.1174254322370984_37.5253520980877155|127.1168266280546959_37.5243574555609811|127.1156093484237601_37.5224038573356538
2026-09-04T09:00:31.559343+09:00,올림픽공원,올림픽공원,POI127,KEY_1,1230033301,올림픽로,1230053102,올림픽대교남단교차로,127.1176915230806799_37.5255440086627701,1230052001,성내교(남측),127.1156967807111187_37.5223009606581428,401.0,22.0,서행,127.1156967807111187_37.5223009606581428|127.1169486377113884_37.5243100484275445|127.1176915230806799_37.5255440086627701
2026-09-04T09:00:31.559343+09:00,올림픽공원,올림픽공원,POI127,KEY_1,1230033600,올림픽로43길,1230342000,풍납동 447,127.1141253196765888_37.5248124645393801,1230053104,올림픽대교남단교차로,127.1175353532768639_37.5255915012395889,333.0,23.3,서행,127.1175353532768639_37.5255915012395889|127.1171986824647178_37.5253250746693325|127.1163931251730617_37.5248172882132565|127.1149530945181425_37.5248116617606371|127.1141253196765888_37.5248124645393801
2026-09-04T09:00:31.559343+09:00,올림픽공원,올림픽공원,POI127,KEY_1,1230033801,강동대로,1230052603,올림픽공원북2문,127.1285292145280152_37.5236906555977967,1230052702,올림픽공원북2문앞교차로,127.1280135683207533_37.5239140807955565,52.0,40.0,원활,127.1280135683207533_37.5239140807955565|127.1285292145280152_37.5236906555977967
2026-09-04T09:00:31.559343+09:00,올림픽공원,올림픽공원,POI127,KEY_1,1230033802,강동대로,1230052703,올림픽공원북2문앞교차로,127.1278955398801997_37.5239676869855785,1230052902,그린빌딩,127.1255021088525581_37.5251103772284154,247.0,19.0,서행,127.1255021088525581_37.5251103772284154|127.1278955398801997_37.5239676869855785
2026-09-04T09:00:31.559343+09:00,올림픽공원,올림픽공원,POI127,KEY_1,1230033803,강동대로,1230052903,그린빌딩,127.1253868539951242_37.5251644663839627,1230010402,성내유수지,127.1230687264287127_37.5262344211604315,237.0,54.0,원활,127.1230687264287127_37.5262344211604315|127.1253868539951242_37.5251644663839627
2026-09-04T09:00:31.559343+09:00,올림픽공원,올림픽공원,POI127,KEY_1,1230033901,강동대로,1230052701,올림픽공원북2문앞교차로,127.1280784406892508_37.5240090563020559,1230052604,올림픽공원북2문,127.1285940873550402_37.5237856308238449,52.0,32.0,원활,127.1285940873550402_37.5237856308238449|127.1280784406892508_37.5240090563020559
2026-09-04T09:00:31.559343+09:00,올림픽공원,올림픽공원,POI127,KEY_1,1230033902,강동대로,1230052901,그린빌딩,127.1255719037447705_37.5252031128434638,1230052704,올림픽공원북2문앞교차로,127.1279653366622995_37.5240604212007227,247.0,21.0,서행,127.1279653366622995_37.5240604212007227|127.1255719037447705_37.5252031128434638
2026-09-04T09:00:31.559343+09:00,올림픽공원,올림픽공원,POI127,KEY_1,1230033903,강동대로,1230010401,성내유수지,127.1233271552869013_37.5262401076401133,1230052904,그린빌딩,127.1254549241451741_37.5252580128047128,217.0,50.0,원활,127.1254549241451741_37.5252580128047128|127.1233271552869013_37.5262401076401133
2026-09-04T09:00:31.559343+09:00,올림픽공원,올림픽공원,POI127,KEY_1,1230034200,강동대로,1230053101,올림픽대교남단교차로,127.1177512410432087_37.5256417956853880,1230010403,성내유수지,127.1228341746085704_37.5263374209143734,467.0,9.0,정체,127.1228341746085704_37.5263374209143734|127.1226119104132124_37.5263325291198058|127.1222182279912971_37.5262594731087304|127.1197935343633674_37.5255708855089978|127.1192764530002961_37.5254871931229914|127.1186659385550399_37.5254644325269382|127.1181404811154323_37.5255300720034626|127.1177512410432087_37.5256417956853880
2026-09-04T09:00:31.559343+09:00,올림픽공원,올림픽공원,POI127,KEY_1,1230034300,강동대로,1230010402,성내유수지,127.1230687264287127_37.5262344211604315,1230053102,올림픽대교남단교차로,127.1176915230806799_37.5255440086627701,493.0,53.0,원활,127.1176915230806799_37.5255440086627701|127.1181066449297958_37.5254248562288311|127.1186585197018388_37.5253559170246618|127.1192932429278528_37.5253795803410242|127.1198300344327095_37.5254664629282857|127.1222565506296860_37.5261555686853470|127.1226293640594349_37.5262247521119789|127.1230687264287127_37.5262344211604315
2026-09-04T09:00:31.559343+09:00,올림픽공원,올림픽공원,POI127,KEY_1,1230034600,강동대로,1230053104,올림픽대교남단교차로,127.1175353532768639_37.5255915012395889,1230053301,풍성초등학교,127.1133707067350969_37.5271092576510128,408.0,9.0,정체,127.1133707067350969_37.5271092576510128|127.1138885360357307_37.5270579046375232|127.1141380710895277_37.5270029206930715|127.1144337586637221_37.5269066454630149|127.1172570729713414_37.5256789869567413|127.1175353532768639_37.5255915012395889
2026-09-04T09:00:31.559343+09:00,올림픽공원,올림픽공원,POI127,KEY_1,1230034700,강동대로,1230058701,풍납동 330-7,127.1135343578604022_37.5272039528378372,1230053105,올림픽대교남단교차로,127.1176235541679063_37.5256800112130264,402.0,34.0,원활,127.1176235541679063_37.5256800112130264|127.1173147432993602_37.5257770947223790|127.1144921531920318_37.5270044385361317|127.1141820098842743_37.5271054212045385|127.1139153828274857_37.5271641707955510|127.1135343578604022_37.5272039528378372
2026-09-04T09:00:31.559343+09:00,올림픽공원,올림픽공원,POI127,KEY_1,1230034800,강동대로,1230010403,성내유수지,127.1228341746085704_37.5263374209143734,1230053202,성내동 474,127.1214169266581280_37.5269574474404806,143.0,5.0,정체,127.1214169266581280_37.5269574474404806|127.1221246173486747_37.5266478458902597|127.1228341746085704_37.5263374209143734
2026-09-04T09:00:31.559343+09:00,올림픽공원,올림픽공원,POI127,KEY_1,1230034900,강동대로,1230053201,성내동 474,127.1214822863304903_37.5270522124399051,1230010404,성내유수지,127.1231026366477437_37.5263433289148836,163.0,26.5,원활,127.1231026366477437_37.5263433289148836|127.1221899776439983_37.5267426105018984|127.1214822863304903_37.5270522124399051
2026-09-04T09:00:31.559343+09:00,올림픽공원,올림픽공원,POI127,KEY_1,1230035100,올림픽로,1230053602,풍납사거리,127.1191638427110746_37.5279285363098012,1230053101,올림픽대교남단교차로,127.1177512410432087_37.5256417956853880,283.0,27.5,원활,127.1177512410432087_37.5256417956853880|127.1182052842400196_37.5263768247819911|127.1185296816843362_37.5269019665074097|127.1189218723730647_37.5275368423195701|127.1191638427110746_37.5279285363098012
2026-09-04T09:00:31.559343+09:00,올림픽공원,올림픽공원,POI127,KEY_1,1230077900,위례성대로16길,1230248000,방이동 200-3,127.1250899543352517_37.5123366148555277,1230042503,방이동 181-7,127.1253705911887266_37.5127664663946732,54.0,9.5,정체,127.1253705911887266_37.5127664663946732|127.1250899543352517_37.5123366148555277
2026-09-04T09:00:31.559343+09:00,올림픽공원,올림픽공원,POI127,KEY_1,1230079600,올림픽선수촌아파트내부길,1230042003,오륜초등학교,127.1334912399933756_37.5124937085259731,1230043502,방이동 89-28,127.1294335833399884_37.5137883314546841,392.0,22.0,서행,127.1294335833399884_37.5137883314546841|127.1324667918181888_37.5125501930643708|127.1334912399933756_37.5124937085259731
2026-09-04T09:00:31.559343+09:00,올림픽공원,올림픽공원,POI127,KEY_1,1230079700,올림픽선수촌아파트내부길,1230043501,방이동 89-28,127.1294965542968640_37.5138841169906101,1230042004,오륜초등학교,127.1335006130637026_37.5126015705990881,387.0,13.0,정체,127.1335006130637026_37.5126015705990881|127.1325039266811245_37.5126565247953394|127.1294965542968640_37.5138841169906101
2026-09-04T09:00:31.559343+09:00,올림픽공원,올림픽공원,POI127,KEY_1,1230081200,올림픽선수촌아파트내부길,1230332800,최소노드배치점,127.1337490189227708_37.5151722701553894,1230044602,올림픽공원동문교차로,127.1307066675273347_37.5157555807827805,292.0,12.0,정체,127.1307066675273347_37.5157555807827805|127.1324233734096509_37.5150503918994147|127.1325384533906515_37.5150232903922287|127.1330520009699256_37.5149959261979333|127.1331591568025914_37.5149985589094541|127.1337490189227708_37.5151722701553894
2026-09-04T09:00:31.559343+09:00,올림픽공원,올림픽공원,POI127,KEY_1,1230085700,양재대로.강동대로사이길,1230334700,최소노드배치점,127.1280130627585407_37.5175316488536268,1230050202,속성변화점,127.1283029621945957_37.5202980729066624,323.0,29.0,원활,127.1283029621945957_37.5202980729066624|127.1284869880934565_37.5198916490292831|127.1286040453807260_37.5194988449093358|127.1286401155603869_37.5191957029570418|127.1286322343100750_37.5188746212359092|127.1285506796273381_37.5184532831418807|127.1284264473650580_37.5181404522839657|127.1280130627585407_37.5175316488536268
2026-09-04T09:00:31.559343+09:00,올림픽공원,올림픽공원,POI127,KEY_1,1230085800,양재대로.강동대로사이길,1230334600,최소노드배치점,127.1281324577583263_37.5174802131984393,1230044604,올림픽공원동문교차로,127.1306432453781667_37.5158930503733714,333.0,20.0,서행,127.1306432453781667_37.5158930503733714|127.1304306419184798_37.5159439490849564|127.1278436313470053_37.5170548436271218|127.1281324577583263_37.5174802131984393
2026-09-04T09:00:31.559343+09:00,올림픽공원,올림픽공원,POI127,KEY_1,1230088200,양재대로.강동대로사이길,1230196800,꿈나무다리(남측),127.1283746340457981_37.5204440109063455,1230050201,속성변화점,127.1284296259339470_37.5203368866533751,13.0,12.0,정체,127.1284296259339470_37.5203368866533751|127.1283746340457981_37.5204440109063455
2026-09-04T09:00:31.559343+09:00,올림픽공원,올림픽공원,POI127,KEY_1,1230088300,양재대로.강동대로사이길,1230196500,꿈나무다리(북측),127.1281832207590128_37.5205312266587470,1230052703,올림픽공원북2문앞교차로,127.1278955398801997_37.5239676869855785,421.0,24.0,서행,127.1278955398801997_37.5239676869855785|127.1273300483411504_37.5230946179717293|127.1271761257750654_37.5227528147954175|127.1271136146098968_37.5224320685814590|127.1271364389473888_37.5221410644727129|127.1272519101088534_37.5217772550903916|127.1276017695838618_37.5212911085732799|127.1279442979174661_37.5209163958855996|127.1281570038538149_37.5205822745236119|127.1281832207590128_37.5205312266587470
2026-09-04T09:00:31.559343+09:00,올림픽공원,올림픽공원,POI127,KEY_1,1240030800,성안로,1249118500,성내동 450-2,127.1292262080433062_37.5246357770880579,1230052601,올림픽공원북2문,127.1287133329938257_37.5237339387489186,110.0,9.0,정체,127.1287133329938257_37.5237339387489186|127.1289764894649039_37.5241324489509367|127.1292262080433062_37.5246357770880579
2026-09-04T09:00:31.559343+09:00,올림픽공원,올림픽공원,POI127,KEY_1,1240031600,성내로14길,1249129200,성내동 492,127.1259457409445162_37.5257312228414079,1230052901,그린빌딩,127.1255719037447705_37.5252031128434638,67.0,20.0,서행,127.1255719037447705_37.5252031128434638|127.1259457409445162_37.5257312228414079
2026-09-04T09:00:31.559343+09:00,월드컵공원,월드컵공원,POI106,KEY_2,1130006303,강변북로,1130038800,월드컵경기장,126.8930701997771990_37.5671361630912628,1130039503,월드컵경기장교차로,126.8935547123719658_37.5676679324827774,73.0,45.0,서행,126.8935547123719658_37.5676679324827774|126.8930701997771990_37.5671361630912628
2026-09-04T09:00:31.559343+09:00,월드컵공원,월드컵공원,POI106,KEY_2,1110086400,증산로,1110025301,증산지하차도(북측),126.9039758261172608_37.5784870932225132,1130046401,은평구-마포구,126.9018567383502045_37.5764844121927837,291.0,58.0,원활,126.9018567383502045_37.5764844121927837|126.9027068325619041_37.5772894554844186|126.9035789940010091_37.5781100503089647|126.9039758261172608_37.5784870932225132
2026-09-04T09:00:31.559343+09:00,월드컵공원,월드컵공원,POI106,KEY_2,1110086500,증산로,1130046402,은평구-마포구,126.9017527415007578_37.5765539742255541,1110005500,증산교,126.9034752758808793_37.5781798772630822,236.0,9.5,정체,126.9034752758808793_37.5781798772630822|126.9026029745643172_37.5773591500215929|126.9017527415007578_37.5765539742255541
2026-09-04T09:00:31.559343+09:00,월드컵공원,월드컵공원,POI106,KEY_2,1130006202,월드컵로,1130185900,성산동 665,126.8974372806954136_37.5663634229440433,1130037804,월드컵경기장앞교차로,126.8991050235384819_37.5663389215532177,147.0,19.0,서행,126.8991050235384819_37.5663389215532177|126.8981580057296981_37.5663314468831757|126.8977341761823681_37.5663443972156230|126.8977059872391635_37.5663452584893349|126.8974372806954136_37.5663634229440433
2026-09-04T09:00:31.559343+09:00,월드컵공원,월드컵공원,POI106,KEY_2,1130003900,강변북로,1130201400,최소노드배치점,126.8947142757485977_37.5570261297014412,1130034300,성산지하차도,126.8987170904777031_37.5621054838341308,789.0,72.5,원활,126.8987170904777031_37.5621054838341308|126.8969536987574855_37.5615846732236918|126.8963662923212468_37.5614278506331800|126.8961199007135576_37.5613335826976993|126.8958557676520229_37.5612106063692224|126.8956902323749318_37.5611203281630139|126.8954532341929990_37.5609760266916481|126.8951942332924432_37.5607743757100181|126.8949800523225804_37.5605872628649635|126.8948420294957060_37.5604291583902281|126.8947087021021645_37.5602460363635160|126.8946021053882873_37.5600916699249439|126.8944959424210310_37.5598836467254458|126.8944166539394161_37.5596864927554392|126.8943291310609283_37.5593962890377000|126.8942944005902547_37.5592458680922050|126.8942732661792689_37.5590812073427287|126.8942613210597443_37.5588915539580199|126.8942718716697442_37.5586984383601603|126.8943005688038568_37.5584839520411649|126.8943379626907983_37.5583052827078205|126.8944118820898979_37.5580552564431471|126.8947142757485977_37.5570261297014412
2026-09-04T09:00:31.559343+09:00,월드컵공원,월드컵공원,POI106,KEY_2,1130004402,강변북로,1130033200,성산대교,126.8911412406119865_37.5603058527702629,1130031800,성산대교(북측),126.8940421199747988_37.5581045142548078,356.0,52.0,원활,126.8940421199747988_37.5581045142548078|126.8937299682216917_37.5583640487572197|126.8932455301918196_37.5588122892025851|126.8927341561938960_37.5592568126717694|126.8923676674887275_37.5595661444779694|126.8920015830471186_37.5598253972085629|126.8918072327847568_37.5599639069689175|126.8911412406119865_37.5603058527702629
2026-09-04T09:00:31.559343+09:00,월드컵공원,월드컵공원,POI106,KEY_2,1130004404,강변북로,1130033700,난지IC,126.8896339776288613_37.5611813391795977,1130033200,성산대교,126.8911412406119865_37.5603058527702629,165.0,59.0,원활,126.8911412406119865_37.5603058527702629|126.8903331778963519_37.5607879615698508|126.8896389086477683_37.5611784867295526|126.8896339776288613_37.5611813391795977
2026-09-04T09:00:31.559343+09:00,월드컵공원,월드컵공원,POI106,KEY_2,1130005002,농수산시장로,1130034500,성산교,126.8989219885503985_37.5621373717947051,1130036303,평화의공원입구삼거리,126.8990860253315134_37.5639959273358528,207.0,44.0,원활,126.8990860253315134_37.5639959273358528|126.8989219885503985_37.5621373717947051
2026-09-04T09:00:31.559343+09:00,월드컵공원,월드컵공원,POI106,KEY_2,1130005003,농수산시장로,1130036304,평화의공원입구삼거리,126.8990929587228322_37.5641039888147077,1130037803,월드컵경기장앞교차로,126.8991063695936248_37.5662308077124507,236.0,29.5,원활,126.8991063695936248_37.5662308077124507|126.8991198200176740_37.5648080194228982|126.8990929587228322_37.5641039888147077
2026-09-04T09:00:31.559343+09:00,월드컵공원,월드컵공원,POI106,KEY_2,1130005102,농수산시장로,1130036302,평화의공원입구삼거리,126.8992213899087744_37.5639881918106582,1130034600,성산교,126.8990554846838847_37.5621485214101725,205.0,41.0,원활,126.8990554846838847_37.5621485214101725|126.8992213899087744_37.5639881918106582
2026-09-04T09:00:31.559343+09:00,월드컵공원,월드컵공원,POI106,KEY_2,1130005103,농수산시장로,1130037802,월드컵경기장앞교차로,126.8992424444353873_37.5662050990980205,1130036301,평화의공원입구삼거리,126.8992287189742001_37.5641007064985146,234.0,24.0,서행,126.8992287189742001_37.5641007064985146|126.8992556602302244_37.5648067848227996|126.8992424444353873_37.5662050990980205
2026-09-04T09:00:31.559343+09:00,월드컵공원,월드컵공원,POI106,KEY_2,1130005801,강변북로,1130035200,상암동487-92,126.8869824709277339_37.5627146689442810,1130033700,난지IC,126.8896339776288613_37.5611813391795977,290.0,64.5,원활,126.8896339776288613_37.5611813391795977|126.8869824709277339_37.5627146689442810
2026-09-04T09:00:31.559343+09:00,월드컵공원,월드컵공원,POI106,KEY_2,1130005802,강변북로,1130201300,최소노드배치점,126.8805715235547069_37.5664215207717902,1130035200,상암동487-92,126.8869824709277339_37.5627146689442810,700.0,71.0,원활,126.8869824709277339_37.5627146689442810|126.8805715235547069_37.5664215207717902
2026-09-04T09:00:31.559343+09:00,월드컵공원,월드컵공원,POI106,KEY_2,1130005803,강변북로,1130040700,난지하늘다리,126.8776788640752642_37.5680938393486130,1130037600,공중화장실중앙연결브릿지,126.8797079271903243_37.5669208029345754,222.0,69.5,원활,126.8797079271903243_37.5669208029345754|126.8776788640752642_37.5680938393486130
2026-09-04T09:00:31.559343+09:00,월드컵공원,월드컵공원,POI106,KEY_2,1130006101,월드컵로,1130038600,월드컵경기장교차로,126.8944428243858624_37.5671141661657799,1130039502,월드컵경기장교차로,126.8936587855695848_37.5675979976845014,88.0,38.0,원활,126.8936587855695848_37.5675979976845014|126.8939987637868825_37.5673753795305387|126.8944428243858624_37.5671141661657799
2026-09-04T09:00:31.559343+09:00,월드컵공원,월드컵공원,POI106,KEY_2,1130006102,월드컵로,1130163300,성산동 665,126.8953131844907887_37.5667064551793857,1130038600,월드컵경기장교차로,126.8944428243858624_37.5671141661657799,89.0,23.0,서행,126.8944428243858624_37.5671141661657799|126.8944875832715411_37.5670878367418126|126.8948936159094245_37.5668809204063052|126.8953131844907887_37.5667064551793857
2026-09-04T09:00:31.559343+09:00,월드컵공원,월드컵공원,POI106,KEY_2,1130006201,월드컵로,1130039501,월드컵경기장교차로,126.8937381162322424_37.5676860539947057,1130038900,월드컵경기장교차로,126.8945235506847951_37.5672011186045438,88.0,13.0,정체,126.8945235506847951_37.5672011186045438|126.8940823287928907_37.5674606625682159|126.8937381162322424_37.5676860539947057
2026-09-04T09:00:31.559343+09:00,월드컵공원,월드컵공원,POI106,KEY_2,1130006302,강변북로,1130038204,하늘공원삼거리,126.8927750177231246_37.5668119719618616,1130038800,월드컵경기장,126.8930701997771990_37.5671361630912628,44.0,34.0,서행,126.8930701997771990_37.5671361630912628|126.8927750177231246_37.5668119719618616
2026-09-04T09:00:31.559343+09:00,월드컵공원,월드컵공원,POI106,KEY_2,1130006402,강변북로,1130038500,월드컵경기장,126.8931801682920337_37.5670727001149629,1130038201,하늘공원삼거리,126.8928849981851243_37.5667485225148923,44.0,7.0,정체,126.8928849981851243_37.5667485225148923|126.8931801682920337_37.5670727001149629
2026-09-04T09:00:31.559343+09:00,월드컵공원,월드컵공원,POI106,KEY_2,1130006403,강변북로,1130039502,월드컵경기장교차로,126.8936587855695848_37.5675979976845014,1130038500,월드컵경기장,126.8931801682920337_37.5670727001149629,72.0,9.0,정체,126.8931801682920337_37.5670727001149629|126.8936587855695848_37.5675979976845014
2026-09-04T09:00:31.559343+09:00,월드컵공원,월드컵공원,POI106,KEY_2,1130006701,증산로,1130039504,월드컵경기장교차로,126.8936341225956426_37.5677562478545823,1130040500,월드컵경기장,126.8940928477794330_37.5682720534531640,70.0,30.0,원활,126.8940928477794330_37.5682720534531640|126.8936341225956426_37.5677562478545823
2026-09-04T09:00:31.559343+09:00,월드컵공원,월드컵공원,POI106,KEY_2,1130006702,증산로,1130040500,월드컵경기장,126.8940928477794330_37.5682720534531640,1130041002,속성변화점,126.8945908282671553_37.5688321429532905,76.0,10.0,정체,126.8945908282671553_37.5688321429532905|126.8940928477794330_37.5682720534531640
2026-09-04T09:00:31.559343+09:00,월드컵공원,월드컵공원,POI106,KEY_2,1130006703,증산로,1130041002,속성변화점,126.8945908282671553_37.5688321429532905,1130041802,월드컵터널(남측),126.8952351960387688_37.5695567787868399,99.0,49.0,원활,126.8952351960387688_37.5695567787868399|126.8945908282671553_37.5688321429532905
2026-09-04T09:00:31.559343+09:00,월드컵공원,월드컵공원,POI106,KEY_2,1130006704,증산로,1130041802,월드컵터널(남측),126.8952351960387688_37.5695567787868399,1130042700,월드컵터널(북측),126.8984500525647974_37.5731087375812649,486.0,46.0,원활,126.8984500525647974_37.5731087375812649|126.8952351960387688_37.5695567787868399
2026-09-04T09:00:31.559343+09:00,월드컵공원,월드컵공원,POI106,KEY_2,1130006705,증산로,1130042700,월드컵터널(북측),126.8984500525647974_37.5731087375812649,1130043203,상암사거리,126.8987259999710346_37.5734116062475536,42.0,36.0,원활,126.8987259999710346_37.5734116062475536|126.8984500525647974_37.5731087375812649
2026-09-04T09:00:31.559343+09:00,월드컵공원,월드컵공원,POI106,KEY_2,1130006801,증산로,1130040300,월드컵경기장,126.8942037166999768_37.5682095895477133,1130039501,월드컵경기장교차로,126.8937381162322424_37.5676860539947057,71.0,9.0,정체,126.8937381162322424_37.5676860539947057|126.8942037166999768_37.5682095895477133
2026-09-04T09:00:31.559343+09:00,월드컵공원,월드컵공원,POI106,KEY_2,1130006802,증산로,1130041001,속성변화점,126.8947017012762615_37.5687696816076766,1130040300,월드컵경기장,126.8942037166999768_37.5682095895477133,76.0,9.0,정체,126.8942037166999768_37.5682095895477133|126.8947017012762615_37.5687696816076766
2026-09-04T09:00:31.559343+09:00,월드컵공원,월드컵공원,POI106,KEY_2,1130006803,증산로,1130041801,월드컵터널(남측),126.8953457382357044_37.5694939484396357,1130041001,속성변화점,126.8947017012762615_37.5687696816076766,98.0,18.0,서행,126.8947017012762615_37.5687696816076766|126.8953457382357044_37.5694939484396357
2026-09-04T09:00:31.559343+09:00,월드컵공원,월드컵공원,POI106,KEY_2,1130006804,증산로,1130042600,월드컵터널(북측),126.8985600196672294_37.5730452642534374,1130041801,월드컵터널(남측),126.8953457382357044_37.5694939484396357,486.0,7.0,정체,126.8953457382357044_37.5694939484396357|126.8985600196672294_37.5730452642534374
2026-09-04T09:00:31.559343+09:00,월드컵공원,월드컵공원,POI106,KEY_2,1130006805,증산로,1130043202,상암사거리,126.8988336866391791_37.5733456292449119,1130042600,월드컵터널(북측),126.8985600196672294_37.5730452642534374,41.0,8.0,정체,126.8985600196672294_37.5730452642534374|126.8988336866391791_37.5733456292449119
2026-09-04T09:00:31.559343+09:00,월드컵공원,월드컵공원,POI106,KEY_2,1130007001,강변북로,1130199200,최소노드배치점,126.8730919539536188_37.5707453440919394,1130040700,난지하늘다리,126.8776788640752642_37.5680938393486130,501.0,44.0,서행,126.8776788640752642_37.5680938393486130|126.8730919539536188_37.5707453440919394
2026-09-04T09:00:31.559343+09:00,월드컵공원,월드컵공원,POI106,KEY_2,1130007101,증산로,1130043204,상암사거리,126.8988065387872979_37.5734987293495166,1130043500,성산동491-1,126.8990562961894852_37.5737647959106411,37.0,7.0,정체,126.8990562961894852_37.5737647959106411|126.8988065387872979_37.5734987293495166
2026-09-04T09:00:31.559343+09:00,월드컵공원,월드컵공원,POI106,KEY_2,1130007102,증산로,1130043500,성산동491-1,126.8990562961894852_37.5737647959106411,1130044402,증산지하차도(남측),126.8995968764490669_37.5743540467505426,81.0,7.0,정체,126.8995968764490669_37.5743540467505426|126.8992398926530143_37.5739603793572670|126.8990562961894852_37.5737647959106411
2026-09-04T09:00:31.559343+09:00,월드컵공원,월드컵공원,POI106,KEY_2,1130007201,증산로,1130044100,성산동488-2,126.8993493776716974_37.5738963850184291,1130043201,상암사거리,126.8989143573968192_37.5734329477853279,64.0,34.0,원활,126.8989143573968192_37.5734329477853279|126.8991651175588800_37.5737000821793430|126.8993493776716974_37.5738963850184291
2026-09-04T09:00:31.559343+09:00,월드컵공원,월드컵공원,POI106,KEY_2,1130007202,증산로,1130044401,증산지하차도(남측),126.8997070239019962_37.5742907695769190,1130044100,성산동488-2,126.8993493776716974_37.5738963850184291,54.0,42.0,원활,126.8993493776716974_37.5738963850184291|126.8997070239019962_37.5742907695769190
2026-09-04T09:00:31.559343+09:00,월드컵공원,월드컵공원,POI106,KEY_2,1130007501,증산로,1130044402,증산지하차도(남측),126.8995968764490669_37.5743540467505426,1130046402,은평구-마포구,126.9017527415007578_37.5765539742255541,310.0,7.0,정체,126.9017527415007578_37.5765539742255541|126.9006134456184895_37.5754750169051093|126.8995968764490669_37.5743540467505426
2026-09-04T09:00:31.559343+09:00,월드컵공원,월드컵공원,POI106,KEY_2,1130007601,증산로,1130046401,은평구-마포구,126.9018567383502045_37.5764844121927837,1130044401,증산지하차도(남측),126.8997070239019962_37.5742907695769190,309.0,55.0,원활,126.8997070239019962_37.5742907695769190|126.9007206641610566_37.5754085065304366|126.9018567383502045_37.5764844121927837
2026-09-04T09:00:31.559343+09:00,월드컵공원,월드컵공원,POI106,KEY_2,1130021902,월드컵로,1130037503,상암교,126.8999592062094877_37.5659752555764754,1130037802,월드컵경기장앞교차로,126.8992424444353873_37.5662050990980205,68.0,19.0,서행,126.8992424444353873_37.5662050990980205|126.8999592062094877_37.5659752555764754
2026-09-04T09:00:31.559343+09:00,월드컵공원,월드컵공원,POI106,KEY_2,1130022002,월드컵로,1130037801,월드컵경기장앞교차로,126.8992931976572294_37.5663053862595930,1130037504,상암교,126.9000099608666687_37.5660755432390019,68.0,22.0,서행,126.9000099608666687_37.5660755432390019|126.8992931976572294_37.5663053862595930
2026-09-04T09:00:31.559343+09:00,월드컵공원,월드컵공원,POI106,KEY_2,1130023301,월드컵로,1130194500,최소노드배치점,126.8902328706012668_37.5703701596385145,1130042903,월드컵파크3단지교차로,126.8881223856412817_37.5729458818583879,342.0,29.0,원활,126.8881223856412817_37.5729458818583879|126.8883908114686676_37.5726703780645437|126.8894393624499486_37.5713326055581973|126.8900333463798376_37.5705864698741436|126.8902328706012668_37.5703701596385145
2026-09-04T09:00:31.559343+09:00,월드컵공원,월드컵공원,POI106,KEY_2,1130023302,월드컵로,1130039503,월드컵경기장교차로,126.8935547123719658_37.5676679324827774,1130039900,월드컵경기장,126.8929039986858243_37.5681184361734708,76.0,13.0,정체,126.8929039986858243_37.5681184361734708|126.8935547123719658_37.5676679324827774
2026-09-04T09:00:31.559343+09:00,월드컵공원,월드컵공원,POI106,KEY_2,1130023401,월드컵로,1130194400,최소노드배치점,126.8903423639994941_37.5704341460450308,1130040200,월드컵경기장,126.8929931387771859_37.5682000156307865,342.0,20.0,서행,126.8929931387771859_37.5682000156307865|126.8923026998431283_37.5686797885601820|126.8915863422657537_37.5692546075148286|126.8909882827659459_37.5698007733940003|126.8905327633387543_37.5702277271571177|126.8903423639994941_37.5704341460450308
2026-09-04T09:00:31.559343+09:00,월드컵공원,월드컵공원,POI106,KEY_2,1130023402,월드컵로,1130040200,월드컵경기장,126.8929931387771859_37.5682000156307865,1130039504,월드컵경기장교차로,126.8936341225956426_37.5677562478545823,75.0,34.0,원활,126.8936341225956426_37.5677562478545823|126.8929931387771859_37.5682000156307865
2026-09-04T09:00:31.559343+09:00,월드컵공원,월드컵공원,POI106,KEY_2,1130023901,성암로,1130045102,중동교,126.9008492951027023_37.5752640367100312,1130003202,중동교,126.9005739786039442_37.5754350244651292,31.0,43.0,원활,126.9005739786039442_37.5754350244651292|126.9008492951027023_37.5752640367100312
2026-09-04T09:00:31.559343+09:00,월드컵공원,월드컵공원,POI106,KEY_2,1130023902,성암로,1130044702,중동교,126.9013932137603007_37.5749262274768512,1130045102,중동교,126.9008492951027023_37.5752640367100312,61.0,44.0,원활,126.9008492951027023_37.5752640367100312|126.9013932137603007_37.5749262274768512
2026-09-04T09:00:31.559343+09:00,월드컵공원,월드컵공원,POI106,KEY_2,1130024001,성암로,1130003201,중동교,126.9006575479311749_37.5755202637415948,1130045101,중동교,126.9009328670204440_37.5753492743804642,31.0,49.0,원활,126.9009328670204440_37.5753492743804642|126.9006575479311749_37.5755202637415948
2026-09-04T09:00:31.559343+09:00,월드컵공원,월드컵공원,POI106,KEY_2,1130024002,성암로,1130045101,중동교,126.9009328670204440_37.5753492743804642,1130044701,중동교,126.9014751720981593_37.5750124364249984,61.0,49.0,원활,126.9014751720981593_37.5750124364249984|126.9009328670204440_37.5753492743804642
2026-09-04T09:00:31.559343+09:00,월드컵공원,월드컵공원,POI106,KEY_2,1130024101,하늘공원로,1130002802,난지하늘다리,126.8790067890186322_37.5679013379083457,1130041503,하늘공원입구교차로,126.8805494049825313_37.5695878566951720,232.0,43.0,원활,126.8805494049825313_37.5695878566951720|126.8790067890186322_37.5679013379083457
2026-09-04T09:00:31.559343+09:00,월드컵공원,월드컵공원,POI106,KEY_2,1130024102,하늘공원로,1130041504,하늘공원입구교차로,126.8806278182475182_37.5696761433924351,1130041704,하늘공원입구,126.8809741483384101_37.5700782293513740,54.0,36.5,원활,126.8809741483384101_37.5700782293513740|126.8806278182475182_37.5696761433924351
2026-09-04T09:00:31.559343+09:00,월드컵공원,월드컵공원,POI106,KEY_2,1130024103,하늘공원로,1130041701,하늘공원입구,126.8811070905664735_37.5702303720602799,1130043603,난지천공원축구장,126.8832904519065465_37.5736664016871273,438.0,39.5,원활,126.8832904519065465_37.5736664016871273|126.8832169793506921_37.5729168480731701|126.8831824572262690_37.5727274419921073|126.8831078471530418_37.5725393395911809|126.8829989250993293_37.5723516491287413|126.8820815554522596_37.5713438253104854|126.8811070905664735_37.5702303720602799
2026-09-04T09:00:31.559343+09:00,월드컵공원,월드컵공원,POI106,KEY_2,1130025201,월드컵로,1130200200,최소노드배치점,126.8837926199325068_37.5758224723070740,1130007304,디지털미디어시티입구교차로,126.8864778921370515_37.5742486322207014,295.0,53.0,원활,126.8864778921370515_37.5742486322207014|126.8837926199325068_37.5758224723070740
2026-09-04T09:00:31.559343+09:00,월드컵공원,월드컵공원,POI106,KEY_2,1130024104,하늘공원로,1130119100,상암동 478-1,126.8819036280695087_37.5750167829500512,1130046903,난지천공원입구교차로,126.8808038386050328_37.5774410688980609,370.0,37.0,원활,126.8808038386050328_37.5774410688980609|126.8806469221033382_37.5773811452822457|126.8800689661548375_37.5768267465542394|126.8799824556043774_37.5766672971433522|126.8799754600303658_37.5765294406676063|126.8800473960555451_37.5764096023066756|126.8803622906001038_37.5761449134077097|126.8819036280695087_37.5750167829500512
2026-09-04T09:00:31.559343+09:00,월드컵공원,월드컵공원,POI106,KEY_2,1130024201,하늘공원로,1130041502,하늘공원입구교차로,126.8806600810001157_37.5695245329108189,1130002801,난지하늘다리,126.8791284445894973_37.5678284485748435,232.0,29.0,원활,126.8791284445894973_37.5678284485748435|126.8806600810001157_37.5695245329108189
2026-09-04T09:00:31.559343+09:00,월드컵공원,월드컵공원,POI106,KEY_2,1130024202,하늘공원로,1130041703,하늘공원입구,126.8810861781607002_37.5700170935686444,1130041501,하늘공원입구교차로,126.8807398575677894_37.5696150047872237,54.0,22.0,서행,126.8807398575677894_37.5696150047872237|126.8810861781607002_37.5700170935686444
2026-09-04T09:00:31.559343+09:00,월드컵공원,월드컵공원,POI106,KEY_2,1130024203,하늘공원로,1130043602,난지천공원축구장,126.8834195956951163_37.5735938769844608,1130041702,하늘공원입구,126.8812185486830089_37.5701685727438743,438.0,36.5,원활,126.8812185486830089_37.5701685727438743|126.8821922954406176_37.5712812032115693|126.8831166935827923_37.5722967465541373|126.8832347852110303_37.5725002386121716|126.8833153084836312_37.5727032474265030|126.8833520577633180_37.5729048686507099|126.8834195956951163_37.5735938769844608
2026-09-04T09:00:31.559343+09:00,월드컵공원,월드컵공원,POI106,KEY_2,1130024204,하늘공원로,1130119200,상암동 1538,126.8819955811620872_37.5750963663371991,1130043601,난지천공원축구장,126.8834290475820268_37.5737208916380823,206.0,31.0,원활,126.8834290475820268_37.5737208916380823|126.8834287565967287_37.5739075718971094|126.8834008524211328_37.5740288704340273|126.8833040852893816_37.5741386069257430|126.8819955811620872_37.5750963663371991
2026-09-04T09:00:31.559343+09:00,월드컵공원,월드컵공원,POI106,KEY_2,1130024301,월드컵북로,1130007103,중암교앞교차로,126.9003567074412331_37.5722443668917450,1130043101,성산동산50-10,126.8992002042206764_37.5730978684736385,139.0,13.0,정체,126.8992002042206764_37.5730978684736385|126.8993140126868582_37.5730209341606027|126.8995630326002555_37.5728426565414608|126.8997381790937737_37.5727172653403443|126.9003567074412331_37.5722443668917450
2026-09-04T09:00:31.559343+09:00,월드컵공원,월드컵공원,POI106,KEY_2,1130024302,월드컵북로,1130043101,성산동산50-10,126.8992002042206764_37.5730978684736385,1130043202,상암사거리,126.8988336866391791_37.5733456292449119,42.0,27.0,원활,126.8988336866391791_37.5733456292449119|126.8992002042206764_37.5730978684736385
2026-09-04T09:00:31.559343+09:00,월드컵공원,월드컵공원,POI106,KEY_2,1130024400,월드컵북로,1130043201,상암사거리,126.8989143573968192_37.5734329477853279,1130007104,중암교앞교차로,126.9003625466799292_37.5723898224647499,173.0,5.0,정체,126.9003625466799292_37.5723898224647499|126.8998306758195156_37.5727964656059541|126.8996538747944385_37.5729230417552316|126.8994034193962932_37.5731023476670956|126.8992881390889664_37.5731802764086069|126.8989143573968192_37.5734329477853279
2026-09-04T09:00:31.559343+09:00,월드컵공원,월드컵공원,POI106,KEY_2,1130024500,월드컵로,1130042904,월드컵파크3단지교차로,126.8880419598859106_37.5730202691865927,1130007302,디지털미디어시티입구교차로,126.8865044792722472_37.5740977172547161,181.0,19.0,서행,126.8865044792722472_37.5740977172547161|126.8871887145199224_37.5736835642442912|126.8876417608668987_37.5733592229529521|126.8880419598859106_37.5730202691865927
2026-09-04T09:00:31.559343+09:00,월드컵공원,월드컵공원,POI106,KEY_2,1130024600,월드컵로,1130007301,디지털미디어시티입구교차로,126.8865867067047475_37.5741837779433610,1130042901,월드컵파크3단지교차로,126.8881409491589523_37.5730943102150050,183.0,34.5,원활,126.8881409491589523_37.5730943102150050|126.8877368451630474_37.5734365727853401|126.8872753969699261_37.5737669286614562|126.8865867067047475_37.5741837779433610
2026-09-04T09:00:31.559343+09:00,월드컵공원,월드컵공원,POI106,KEY_2,1130024700,매봉산로,1130042901,월드컵파크3단지교차로,126.8881409491589523_37.5730943102150050,1130044603,월드컵파크2단지사거리,126.8900041088949990_37.5748995117424016,259.0,14.0,정체,126.8900041088949990_37.5748995117424016|126.8887517450962719_37.5736649009094705|126.8882989940305492_37.5732185545011106|126.8881409491589523_37.5730943102150050
2026-09-04T09:00:31.559343+09:00,월드컵공원,월드컵공원,POI106,KEY_2,1130024800,매봉산로,1130143300,상암동 1718,126.8888574380232797_37.5735969833114538,1130042902,월드컵파크3단지교차로,126.8882297303751585_37.5730121388944696,85.0,13.0,정체,126.8882297303751585_37.5730121388944696|126.8883998868334544_37.5731459054289232|126.8888574380232797_37.5735969833114538
2026-09-04T09:00:31.559343+09:00,월드컵공원,월드컵공원,POI106,KEY_2,1130024900,상암산로,1130007304,디지털미디어시티입구교차로,126.8864778921370515_37.5742486322207014,1130045803,월드컵파크4단지앞교차로,126.8882742497551561_37.5760131281143472,252.0,20.0,서행,126.8882742497551561_37.5760131281143472|126.8864778921370515_37.5742486322207014
2026-09-04T09:00:31.559343+09:00,월드컵공원,월드컵공원,POI106,KEY_2,1130025000,상암산로,1130045802,월드컵파크4단지앞교차로,126.8883797106704350_37.5759449782012638,1130007301,디지털미디어시티입구교차로,126.8865867067047475_37.5741837779433610,252.0,15.0,서행,126.8865867067047475_37.5741837779433610|126.8883797106704350_37.5759449782012638
2026-09-04T09:00:31.559343+09:00,월드컵공원,월드컵공원,POI106,KEY_2,1130025501,월드컵북로,1130043203,상암사거리,126.8987259999710346_37.5734116062475536,1130043300,상암동24-59,126.8983553249005070_37.5736156835259791,40.0,6.0,정체,126.8983553249005070_37.5736156835259791|126.8987259999710346_37.5734116062475536
2026-09-04T09:00:31.559343+09:00,월드컵공원,월드컵공원,POI106,KEY_2,1130025601,월드컵북로,1130043400,상암동24-59,126.8984326017897075_37.5737046034107323,1130043204,상암사거리,126.8988065387872979_37.5734987293495166,40.0,29.0,원활,126.8988065387872979_37.5734987293495166|126.8984326017897075_37.5737046034107323
2026-09-04T09:00:31.559343+09:00,월드컵공원,월드컵공원,POI106,KEY_2,1130026101,월드컵로,1130200300,최소노드배치점,126.8837120711249611_37.5757354111488198,1130046902,난지천공원입구교차로,126.8809731670700387_37.5773405521763664,300.0,16.0,서행,126.8809731670700387_37.5773405521763664|126.8837120711249611_37.5757354111488198
2026-09-04T09:00:31.559343+09:00,월드컵공원,월드컵공원,POI106,KEY_2,1130026701,성암로,1130003202,중동교,126.9005739786039442_37.5754350244651292,1130045502,상암동 1154-1,126.9002568597358760_37.5756319717856542,36.0,43.0,원활,126.9002568597358760_37.5756319717856542|126.9005739786039442_37.5754350244651292
2026-09-04T09:00:31.559343+09:00,월드컵공원,월드컵공원,POI106,KEY_2,1130026801,성암로,1130046001,수색역(서측),126.8995757632913666_37.5762295729790523,1130003201,중동교,126.9006575479311749_37.5755202637415948,124.0,20.0,서행,126.9006575479311749_37.5755202637415948|126.9003404289748858_37.5757172113524263|126.9002329685327624_37.5757839495594794|126.9001030333946005_37.5758646453959528|126.8995757632913666_37.5762295729790523
2026-09-04T09:00:31.559343+09:00,월드컵공원,월드컵공원,POI106,KEY_2,1130026803,성암로,1130047001,디지털미디어시티역(공항철도),126.8978269624122817_37.5774398889533572,1130046004,수색역(서측),126.8994732524635225_37.5763005208021355,193.0,33.0,원활,126.8994732524635225_37.5763005208021355|126.8987554448355439_37.5767973097372874|126.8986528917860852_37.5768682850013249|126.8978269624122817_37.5774398889533572
2026-09-04T09:00:31.559343+09:00,월드컵공원,월드컵공원,POI106,KEY_2,1130026805,성암로,1130008001,성암삼거리,126.8948085001043040_37.5794897016194511,1130047004,디지털미디어시티역(공항철도),126.8977228468471594_37.5775112990256872,338.0,32.0,원활,126.8977228468471594_37.5775112990256872|126.8968720930318739_37.5780888511044466|126.8964379623555487_37.5783835639945067|126.8956337334028035_37.5789295104891039|126.8948085001043040_37.5794897016194511
2026-09-04T09:00:31.559343+09:00,월드컵공원,월드컵공원,POI106,KEY_2,1130026902,가양대로,1130046200,상암동1548-2,126.8667080698376282_37.5766573573538807,1130047202,마포구-고양시덕양구,126.8685200397426769_37.5777218494147363,200.0,61.5,원활,126.8685200397426769_37.5777218494147363|126.8678276058587073_37.5774019125309451|126.8673500858389929_37.5771027767939287|126.8667080698376282_37.5766573573538807
2026-09-04T09:00:31.559343+09:00,월드컵공원,월드컵공원,POI106,KEY_2,1130027001,가양대로,1130046100,상암동1548-2,126.8668103712872721_37.5765861618658121,1130003101,가양대교북측(북측),126.8653879037502890_37.5751176402787053,206.0,74.0,원활,126.8653879037502890_37.5751176402787053|126.8658129554851399_37.5756464246818354|126.8661297220612170_37.5759666290461709|126.8668103712872721_37.5765861618658121
2026-09-04T09:00:31.559343+09:00,월드컵공원,월드컵공원,POI106,KEY_2,1130027002,가양대로,1130047201,마포구-고양시덕양구,126.8685875400640697_37.5776283095015344,1130046100,상암동1548-2,126.8668103712872721_37.5765861618658121,196.0,29.0,원활,126.8668103712872721_37.5765861618658121|126.8674367739413071_37.5770194394513553|126.8679047056204325_37.5773125680000035|126.8685875400640697_37.5776283095015344
2026-09-04T09:00:31.559343+09:00,월드컵공원,월드컵공원,POI106,KEY_2,1130027301,월드컵로,1130046903,난지천공원입구교차로,126.8808038386050328_37.5774410688980609,2180129202,마포구-고양시덕양구,126.8763952068496508_37.5799982060491828,482.0,31.0,원활,126.8763952068496508_37.5799982060491828|126.8773632316619029_37.5794867425515520|126.8808038386050328_37.5774410688980609
2026-09-04T09:00:31.559343+09:00,월드컵공원,월드컵공원,POI106,KEY_2,1130027401,월드컵로,2180129201,마포구-고양시덕양구,126.8764749226956496_37.5800874255298964,1130046904,난지천공원입구교차로,126.8809936867214532_37.5774631452153756,494.0,26.0,원활,126.8809936867214532_37.5774631452153756|126.8774448794777925_37.5795731569323479|126.8764749226956496_37.5800874255298964
2026-09-04T09:00:31.559343+09:00,월드컵공원,월드컵공원,POI106,KEY_2,1130057700,강변북로,1130033200,성산대교,126.8911412406119865_37.5603058527702629,1130032600,성산대교(북측),126.8944996981634006_37.5595429958823459,326.0,50.3,원활,126.8944996981634006_37.5595429958823459|126.8943293941725443_37.5594872710125642|126.8941530411086944_37.5594386700603451|126.8939286622046154_37.5594017467735526|126.8937640802613203_37.5593794378865411|126.8935933902019855_37.5593714067652158|126.8934495642020437_37.5593754378597282|126.8932726515631657_37.5593959919852907|126.8931075851383383_37.5594333006925396|126.8929244098583382_37.5594872098278643|126.8926237686871303_37.5596192130071884|126.8919590517301259_37.5599472802490411|126.8911412406119865_37.5603058527702629
2026-09-04T09:00:31.559343+09:00,월드컵공원,월드컵공원,POI106,KEY_2,1130059800,강변북로,1130035300,난지IC,126.8898104030113245_37.5629860660037380,1130033700,난지IC,126.8896339776288613_37.5611813391795977,226.0,53.0,원활,126.8896339776288613_37.5611813391795977|126.8894176020147597_37.5614684878669536|126.8893153300090262_37.5616110476746101|126.8892318793200928_37.5617417805528220|126.8891819829926249_37.5618905729018380|126.8891735935308986_37.5620008271417234|126.8891911726312003_37.5621410260356967|126.8892312918061833_37.5622723973896910|126.8892941471643923_37.5623710965022468|126.8893792510292542_37.5624967390930635|126.8895054254927999_37.5626374991353629|126.8898104030113245_37.5629860660037380
2026-09-04T09:00:31.559343+09:00,월드컵공원,월드컵공원,POI106,KEY_2,1130060400,강변북로,1130035300,난지IC,126.8898104030113245_37.5629860660037380,1130035400,난지IC,126.8887404508207766_37.5627647059584433,207.0,30.0,서행,126.8887404508207766_37.5627647059584433|126.8886217917344226_37.5626210023311842|126.8885403597886921_37.5625043212687686|126.8885296857777973_37.5624357030392346|126.8885453230687261_37.5623552966885796|126.8886058453901313_37.5622810846940212|126.8887074127081576_37.5622249709323057|126.8888236168811687_37.5622106680788406|126.8889059247495226_37.5622200366281618|126.8890104334459892_37.5622623123526296|126.8890997191290637_37.5623343182722351|126.8894897171077929_37.5627268488306711|126.8898104030113245_37.5629860660037380
2026-09-04T09:00:31.559343+09:00,월드컵공원,월드컵공원,POI106,KEY_2,1130060800,강변북로,1130035200,상암동487-92,126.8869824709277339_37.5627146689442810,1130035400,난지IC,126.8887404508207766_37.5627647059584433,165.0,54.0,원활,126.8887404508207766_37.5627647059584433|126.8885876752644322_37.5626715034093053|126.8884571255752434_37.5626082257223715|126.8883226842041552_37.5625628136654015|126.8881731187654225_37.5625352097352447|126.8880346660856162_37.5625225681853436|126.8879298166337293_37.5625220245149123|126.8877874234350571_37.5625332102818064|126.8876637043857301_37.5625504548253915|126.8874648490535719_37.5625971199513131|126.8869824709277339_37.5627146689442810
2026-09-04T09:00:31.559343+09:00,월드컵공원,월드컵공원,POI106,KEY_2,1130061400,강변북로,1130035400,난지IC,126.8887404508207766_37.5627647059584433,1130036802,월드컵대교북단(북측),126.8904690310220502_37.5644096741189699,238.0,48.0,서행,126.8904690310220502_37.5644096741189699|126.8901651684740699_37.5641182988978670|126.8887404508207766_37.5627647059584433
2026-09-04T09:00:31.559343+09:00,월드컵공원,월드컵공원,POI106,KEY_2,1130061500,월드컵로,1130036303,평화의공원입구삼거리,126.8990860253315134_37.5639959273358528,1130036402,월드컵공원관리사업소,126.8977744243629928_37.5640083581478237,116.0,18.0,서행,126.8977744243629928_37.5640083581478237|126.8990860253315134_37.5639959273358528
2026-09-04T09:00:31.559343+09:00,월드컵공원,월드컵공원,POI106,KEY_2,1130061600,월드컵로,1130036401,월드컵공원관리사업소,126.8977760412117561_37.5641164700524541,1130036304,평화의공원입구삼거리,126.8990929587228322_37.5641039888147077,116.0,15.0,서행,126.8990929587228322_37.5641039888147077|126.8977760412117561_37.5641164700524541
2026-09-04T09:00:31.559343+09:00,월드컵공원,월드컵공원,POI106,KEY_2,1130062900,강변북로,1130002801,난지하늘다리,126.8791284445894973_37.5678284485748435,1130037600,공중화장실중앙연결브릿지,126.8797079271903243_37.5669208029345754,122.0,42.5,서행,126.8797079271903243_37.5669208029345754|126.8793072989835622_37.5672575978672327|126.8791033450198142_37.5674651956459158|126.8790652029663732_37.5675484635056307|126.8790741844070027_37.5676319787488211|126.8790921421632021_37.5677244852051189|126.8791284445894973_37.5678284485748435
2026-09-04T09:00:31.559343+09:00,월드컵공원,월드컵공원,POI106,KEY_2,1130063000,강변북로,1130038600,월드컵경기장교차로,126.8944428243858624_37.5671141661657799,1130038500,월드컵경기장,126.8931801682920337_37.5670727001149629,125.0,19.0,정체,126.8931801682920337_37.5670727001149629|126.8933897681488503_37.5672261579097437|126.8935813632224097_37.5672787759108360|126.8937879608320429_37.5673123366294135|126.8939706670349068_37.5672981975568163|126.8942043606884340_37.5672316578597290|126.8944428243858624_37.5671141661657799
2026-09-04T09:00:31.559343+09:00,월드컵공원,월드컵공원,POI106,KEY_2,1130063400,증산로,1130040300,월드컵경기장,126.8942037166999768_37.5682095895477133,1130038900,월드컵경기장교차로,126.8945235506847951_37.5672011186045438,132.0,9.0,정체,126.8945235506847951_37.5672011186045438|126.8941591507406628_37.5674342485064017|126.8940661142988517_37.5675724300144651|126.8940569783548256_37.5676796970297389|126.8940746403386015_37.5678966464311941|126.8941013742459489_37.5680516235913231|126.8942037166999768_37.5682095895477133
2026-09-04T09:00:31.559343+09:00,월드컵공원,월드컵공원,POI106,KEY_2,1130063500,강변북로,1130038800,월드컵경기장,126.8930701997771990_37.5671361630912628,1130039900,월드컵경기장,126.8929039986858243_37.5681184361734708,118.0,45.0,서행,126.8929039986858243_37.5681184361734708|126.8931462963787595_37.5678481327790266|126.8931914230922331_37.5677051397006991|126.8932036109160464_37.5675597336768163|126.8931828577785836_37.5674119138146949|126.8930701997771990_37.5671361630912628
2026-09-04T09:00:31.559343+09:00,월드컵공원,월드컵공원,POI106,KEY_2,1130063800,강변북로,1130040700,난지하늘다리,126.8776788640752642_37.5680938393486130,1130002802,난지하늘다리,126.8790067890186322_37.5679013379083457,127.0,39.0,서행,126.8790067890186322_37.5679013379083457|126.8788308435538426_37.5678095595811072|126.8786737572404633_37.5677848848747118|126.8783510034137123_37.5678666541355639|126.8776788640752642_37.5680938393486130
2026-09-04T09:00:31.559343+09:00,월드컵공원,월드컵공원,POI106,KEY_2,1130063900,월드컵로,1130040200,월드컵경기장,126.8929931387771859_37.5682000156307865,1130040500,월드컵경기장,126.8940928477794330_37.5682720534531640,109.0,36.0,원활,126.8940928477794330_37.5682720534531640|126.8939125656522293_37.5681444259831849|126.8937000263679380_37.5680751014343741|126.8935293686126613_37.5680391898499764|126.8933975868422834_37.5680438380959885|126.8931848928623936_37.5680841726191517|126.8929931387771859_37.5682000156307865
2026-09-04T09:00:31.559343+09:00,월드컵공원,월드컵공원,POI106,KEY_2,1130065600,증산로,1130042100,속성변화점,126.8962751836689620_37.5706745501291124,1130041801,월드컵터널(남측),126.8953457382357044_37.5694939484396357,186.0,32.0,원활,126.8953457382357044_37.5694939484396357|126.8959901880873531_37.5699362475398502|126.8963117579864530_37.5702168759129691|126.8964882429743852_37.5703743670373029|126.8965301036916884_37.5704244657172666|126.8965179988444589_37.5705150429433061|126.8964640067656120_37.5705745928165271|126.8962751836689620_37.5706745501291124
2026-09-04T09:00:31.559343+09:00,월드컵공원,월드컵공원,POI106,KEY_2,1130065700,증산로,1130041802,월드컵터널(남측),126.8952351960387688_37.5695567787868399,1130042100,속성변화점,126.8962751836689620_37.5706745501291124,175.0,20.0,서행,126.8962751836689620_37.5706745501291124|126.8961193477791625_37.5707435455473870|126.8960085430591676_37.5707362967985716|126.8959217483802888_37.5706933095278472|126.8958500247873076_37.5705812039502050|126.8952351960387688_37.5695567787868399
2026-09-04T09:00:31.559343+09:00,월드컵공원,월드컵공원,POI106,KEY_2,1130066600,월드컵북로,1130043101,성산동산50-10,126.8992002042206764_37.5730978684736385,1130042600,월드컵터널(북측),126.8985600196672294_37.5730452642534374,62.0,16.0,서행,126.8985600196672294_37.5730452642534374|126.8986768445737283_37.5731219076736807|126.8988493070879713_37.5731621056792235|126.8989762827692971_37.5731736570376427|126.8991097236723817_37.5731413353492059|126.8992002042206764_37.5730978684736385
2026-09-04T09:00:31.559343+09:00,월드컵공원,월드컵공원,POI106,KEY_2,1130066700,증산로,1130042700,월드컵터널(북측),126.8984500525647974_37.5731087375812649,1130043300,상암동24-59,126.8983553249005070_37.5736156835259791,60.0,25.0,원활,126.8983553249005070_37.5736156835259791|126.8984534992670916_37.5734974169797056|126.8984848298550645_37.5733639462692608|126.8984969418499560_37.5732666934217008|126.8984500525647974_37.5731087375812649
2026-09-04T09:00:31.559343+09:00,월드컵공원,월드컵공원,POI106,KEY_2,1130066900,월드컵북로,1130043400,상암동24-59,126.8984326017897075_37.5737046034107323,1130043500,성산동491-1,126.8990562961894852_37.5737647959106411,59.0,26.0,원활,126.8990562961894852_37.5737647959106411|126.8989085002055361_37.5736866108833851|126.8987791467213100_37.5736598008740614|126.8986641476944612_37.5736501660897773|126.8985371690847614_37.5736660785077774|126.8984326017897075_37.5737046034107323
2026-09-04T09:00:31.559343+09:00,월드컵공원,월드컵공원,POI106,KEY_2,1130067000,강변북로,1130044000,가양대교,126.8673743583999141_37.5742974351538592,1130043000,상암동496-173,126.8685043667667713_37.5733962814687246,142.0,66.0,원활,126.8685043667667713_37.5733962814687246|126.8682637435223626_37.5736487619131054|126.8675778383089323_37.5741518602001037|126.8673743583999141_37.5742974351538592
2026-09-04T09:00:31.559343+09:00,월드컵공원,월드컵공원,POI106,KEY_2,1130067400,강변북로,1130044900,가양대교(북측),126.8662979111019808_37.5750965324918980,2180012400,마포구-고양시덕양구,126.8621499541622484_37.5761292129435418,867.0,45.7,서행,126.8621499541622484_37.5761292129435418|126.8630365316940498_37.5756983525925961|126.8633496391713038_37.5755235658387008|126.8636024164670175_37.5753961503927982|126.8638549079817466_37.5753021186014351|126.8642093916064510_37.5751943274225582|126.8644317580255318_37.5751192112446475|126.8646243656565815_37.5750200868760302|126.8656963468579306_37.5743962637992084|126.8673222210701397_37.5734653760000015|126.8674191938721094_37.5734247582035579|126.8675616609625365_37.5734076352449335|126.8677301163889410_37.5734174809641033|126.8678459640486977_37.5734479111437594|126.8679578899536153_37.5734991876324784|126.8680656691356319_37.5735981381943773|126.8681136254124340_37.5736848440004394|126.8681425287121556_37.5738102009802120|126.8681227959743723_37.5739293354224060|126.8680618906707167_37.5740452685688453|126.8679938724763190_37.5741164485557846|126.8678959680219123_37.5741785247544513|126.8670114588051803_37.5746924804154645|126.8664732680685887_37.5749996173274710|126.8662979111019808_37.5750965324918980
2026-09-04T09:00:31.559343+09:00,월드컵공원,월드컵공원,POI106,KEY_2,1130068000,강변북로,1130044900,가양대교(북측),126.8662979111019808_37.5750965324918980,1130044000,가양대교,126.8673743583999141_37.5742974351538592,130.0,52.0,원활,126.8673743583999141_37.5742974351538592|126.8671029486819180_37.5745034584801587|126.8668363039734714_37.5746773111499621|126.8665787981325934_37.5748333266504062|126.8662979111019808_37.5750965324918980
2026-09-04T09:00:31.559343+09:00,월드컵공원,월드컵공원,POI106,KEY_2,1130068100,강변북로,1130045200,상암동1550-3,126.8641075564550107_37.5759187444953753,1130043900,가양대교(북측),126.8653915391259233_37.5740001396464294,472.0,14.0,정체,126.8653915391259233_37.5740001396464294|126.8655530578639770_37.5739801801802500|126.8656826690621386_37.5739598904694603|126.8661509725368433_37.5738555664648857|126.8662685671453687_37.5738390277396874|126.8663692370552525_37.5738395679072923|126.8664578250642165_37.5738514900970912|126.8665224124056721_37.5738670998852271|126.8665988064661292_37.5739037584917384|126.8666941819490717_37.5739634138358554|126.8667607786702263_37.5740248214943335|126.8668082321833168_37.5740823116192715|126.8668364303619285_37.5741492377416790|126.8668526598945334_37.5742141906959048|126.8668616174391417_37.5742886445381998|126.8668489706226410_37.5743667987229344|126.8668146220147861_37.5744600984612092|126.8667539721880928_37.5745456262622142|126.8666911827972115_37.5746006169252169|126.8666261100899249_37.5746422405294780|126.8660974620481738_37.5749545546124253|126.8655931483691290_37.5752410021525876|126.8650740029988668_37.5755094827713094|126.8645475391721931_37.5757570541415831|126.8641075564550107_37.5759187444953753
2026-09-04T09:00:31.559343+09:00,월드컵공원,월드컵공원,POI106,KEY_2,1130068200,증산로,1130045102,중동교,126.9008492951027023_37.5752640367100312,1130044100,성산동488-2,126.8993493776716974_37.5738963850184291,203.0,8.0,정체,126.8993493776716974_37.5738963850184291|126.8997550267243923_37.5741747896741316|126.8999831939128740_37.5743329158112758|126.9008492951027023_37.5752640367100312
2026-09-04T09:00:31.559343+09:00,월드컵공원,월드컵공원,POI106,KEY_2,1130069000,강변북로,1130046100,상암동1548-2,126.8668103712872721_37.5765861618658121,1130044900,가양대교(북측),126.8662979111019808_37.5750965324918980,187.0,48.0,서행,126.8662979111019808_37.5750965324918980|126.8662245161535509_37.5751831042431661|126.8661675796174393_37.5752722291032342|126.8661254475466791_37.5753822999128815|126.8661059123572699_37.5754775866996624|126.8661050528011884_37.5755789367306079|126.8661155560571956_37.5756654422576091|126.8661519976949847_37.5757848778879833|126.8662148338686819_37.5758835881253859|126.8663447810881735_37.5760184312028898|126.8665599115308424_37.5762670083014783|126.8668103712872721_37.5765861618658121
2026-09-04T09:00:31.559343+09:00,월드컵공원,월드컵공원,POI106,KEY_2,1130069200,강변북로,1130281600,가양대교북단,126.8660053048504182_37.5750796107830993,1130044000,가양대교,126.8673743583999141_37.5742974351538592,149.0,44.3,서행,126.8673743583999141_37.5742974351538592|126.8665795553867071_37.5747439011434423|126.8661436579312891_37.5750013064232888|126.8660053048504182_37.5750796107830993
2026-09-04T09:00:31.559343+09:00,월드컵공원,월드컵공원,POI106,KEY_2,1130069800,하늘공원로.인접길,1130196200,최소노드배치점,126.8796216688609491_37.5766068101045363,1130043604,난지천공원축구장,126.8832930872955274_37.5737972440663555,451.0,15.0,서행,126.8832930872955274_37.5737972440663555|126.8831478360829408_37.5738788137359450|126.8818446069710149_37.5748528284286962|126.8813502498068573_37.5751596481914305|126.8805852438940889_37.5757456690421776|126.8797692818211829_37.5764610535517178|126.8796216688609491_37.5766068101045363
2026-09-04T09:00:31.559343+09:00,월드컵공원,월드컵공원,POI106,KEY_2,1130069900,하늘공원로.인접길,1130135300,상암동 481-6,126.8800262698801617_37.5700108803724220,1130041504,하늘공원입구교차로,126.8806278182475182_37.5696761433924351,65.0,17.0,서행,126.8806278182475182_37.5696761433924351|126.8800262698801617_37.5700108803724220
2026-09-04T09:00:31.559343+09:00,월드컵공원,월드컵공원,POI106,KEY_2,1130071400,월드컵로42길,1130047301,속성변화점,126.8815283578683051_37.5777569752766922,1130046901,난지천공원입구교차로,126.8811072347717186_37.5773962507000618,55.0,31.0,원활,126.8811072347717186_37.5773962507000618|126.8812495831449496_37.5774833779547421|126.8813405260552258_37.5775507592219284|126.8815283578683051_37.5777569752766922
2026-09-04T09:00:31.559343+09:00,월드컵공원,월드컵공원,POI106,KEY_2,1130071500,월드컵로42길,1130046904,난지천공원입구교차로,126.8809936867214532_37.5774631452153756,1130047302,속성변화점,126.8814183695332076_37.5778204336888777,55.0,5.0,정체,126.8814183695332076_37.5778204336888777|126.8812382924741939_37.5776227305095460|126.8811616986085369_37.5775659809208022|126.8809936867214532_37.5774631452153756
2026-09-04T09:00:31.559343+09:00,월드컵공원,월드컵공원,POI106,KEY_2,2180147000,월드컵로,2180129202,마포구-고양시덕양구,126.8763952068496508_37.5799982060491828,2180012203,구룡사거리,126.8762149289149761_37.5801524042564026,23.0,36.5,원활,126.8762149289149761_37.5801524042564026|126.8763634855326785_37.5800170245039027|126.8763952068496508_37.5799982060491828
2026-09-04T09:00:31.559343+09:00,월드컵공원,월드컵공원,POI106,KEY_2,2180147100,월드컵로,2180012202,구룡사거리,126.8763295675570220_37.5802143042951400,2180129201,마포구-고양시덕양구,126.8764749226956496_37.5800874255298964,19.0,15.0,서행,126.8764749226956496_37.5800874255298964|126.8763295675570220_37.5802143042951400
2026-09-04T09:00:31.559343+09:00,월드컵공원,월드컵공원,POI106,KEY_2,2180147200,가양대로,2180648800,최소노드배치점,126.8724967538337722_37.5787136648142166,1130047201,마포구-고양시덕양구,126.8685875400640697_37.5776283095015344,367.0,27.0,원활,126.8685875400640697_37.5776283095015344|126.8687679231673258_37.5777081191461306|126.8696731106302451_37.5780079626163825|126.8707378927987293_37.5783310556528534|126.8724967538337722_37.5787136648142166
2026-09-04T09:00:31.559343+09:00,응봉산,응봉산,POI107,KEY_3,1030061000,고산자로,1030040802,응봉교(남측),127.0364122199101899_37.5475877422382993,1030040602,응봉교(북측),127.0353039979932106_37.5511793223031063,410.0,4.0,정체,127.0353039979932106_37.5511793223031063|127.0364122199101899_37.5475877422382993
2026-09-04T09:00:31.559343+09:00,응봉산,응봉산,POI107,KEY_3,1030061100,고산자로,1030040601,응봉교(북측),127.0354323058887900_37.5512155665399234,1030040801,응봉교(남측),127.0365453230109836_37.5476083497879003,412.0,57.0,원활,127.0365453230109836_37.5476083497879003|127.0354323058887900_37.5512155665399234
2026-09-04T09:00:31.559343+09:00,응봉산,응봉산,POI107,KEY_3,1030008003,뚝섬로,1030153800,최소노드배치점,127.0298280875985313_37.5460672151115205,1030014301,금호삼거리,127.0263715716448445_37.5451772275798916,327.0,35.0,원활,127.0263715716448445_37.5451772275798916|127.0277067042073753_37.5456277749716634|127.0283663117931781_37.5458931608152326|127.0286645473896385_37.5460015438553114|127.0289031949048280_37.5460619400162230|127.0291560364487253_37.5460963879228444|127.0293619782756736_37.5461020897726172|127.0295918951163969_37.5460933152127936|127.0298280875985313_37.5460672151115205
2026-09-04T09:00:31.559343+09:00,응봉산,응봉산,POI107,KEY_3,1030001100,강변북로,1030156000,최소노드배치점,127.0213172696816315_37.5418363698245869,1030011700,성수JC,127.0277034763174839_37.5435314558420359,626.0,74.8,원활,127.0277034763174839_37.5435314558420359|127.0273660596918859_37.5436061706099622|127.0269812022349356_37.5436660558017010|127.0266134653938508_37.5436994987565029|127.0263498147619003_37.5437145532157359|127.0260689874350106_37.5437146155462784|127.0257972439317058_37.5437072140486165|127.0256158593587799_37.5436920509719414|127.0253420083322311_37.5436625446649401|127.0251421236166749_37.5436322732668017|127.0248394197989370_37.5435730110211523|127.0245616660347139_37.5435067258282444|127.0242659363870530_37.5434283027086693|127.0240476294227250_37.5433576585535036|127.0238338095811912_37.5432838253520345|127.0235805366022390_37.5431853014490997|127.0233607080480311_37.5430932747052140|127.0231555229665901_37.5429926482434908|127.0229868700822493_37.5428875399539521|127.0226181889339188_37.5426725398474233|127.0213172696816315_37.5418363698245869
2026-09-04T09:00:31.559343+09:00,응봉산,응봉산,POI107,KEY_3,1030007902,뚝섬로,1030013601,금호삼거리,127.0245891214709388_37.5447654759813005,1030014302,금호삼거리,127.0263191362427904_37.5452769580231731,164.0,21.0,서행,127.0263191362427904_37.5452769580231731|127.0261038637831490_37.5452060923529416|127.0259258020346493_37.5451540547291813|127.0256170193134579_37.5450978439079961|127.0253052748234381_37.5450222398063929|127.0250045882675067_37.5449283656812511|127.0246872563924541_37.5448051207934412|127.0245891214709388_37.5447654759813005
2026-09-04T09:00:31.559343+09:00,응봉산,응봉산,POI107,KEY_3,1030007903,뚝섬로,1030153700,최소노드배치점,127.0298541325279302_37.5461734938040195,1030013800,용비교앞,127.0333325548071599_37.5450050369533841,334.0,41.0,원활,127.0333325548071599_37.5450050369533841|127.0320878634865949_37.5454301821306089|127.0301483584728004_37.5461118314372300|127.0298548174119588_37.5461734181233169|127.0298541325279302_37.5461734938040195
2026-09-04T09:00:31.559343+09:00,응봉산,응봉산,POI107,KEY_3,1030008002,뚝섬로,1030014301,금호삼거리,127.0263715716448445_37.5451772275798916,1030013602,금호삼거리,127.0246505601775056_37.5446690560700560,163.0,29.0,원활,127.0246505601775056_37.5446690560700560|127.0247477442928243_37.5447083164846589|127.0250592248637247_37.5448292892327657|127.0253499091777769_37.5449200407027206|127.0256519775122257_37.5449932978853056|127.0259644829495471_37.5450501862500374|127.0261532197348942_37.5451053434148392|127.0263715716448445_37.5451772275798916
2026-09-04T09:00:31.559343+09:00,응봉산,응봉산,POI107,KEY_3,1030008301,뚝섬로,1030002302,금호삼거리,127.0225396667000410_37.5433334984248930,1030014003,금호삼거리,127.0243831066502196_37.5449660805404974,246.0,25.0,원활,127.0243831066502196_37.5449660805404974|127.0243360987880408_37.5449581175842013|127.0242336645572436_37.5448336998437640|127.0240467802874633_37.5446420720797462|127.0237323247119434_37.5443560684192832|127.0232856057741913_37.5440197800600259|127.0230559677864051_37.5438428535230955|127.0228298698669960_37.5436679242665221|127.0226446269329870_37.5435285236299734|127.0225396667000410_37.5433334984248930
2026-09-04T09:00:31.559343+09:00,응봉산,응봉산,POI107,KEY_3,1030008302,금호로,1030014004,금호삼거리,127.0244003804041171_37.5450849069713186,1030015403,서울숲2차푸르지오아파트,127.0250874895659621_37.5465858605602207,177.0,13.7,정체,127.0250874895659621_37.5465858605602207|127.0248337854645087_37.5460386382467064|127.0247559716229802_37.5458707974138193|127.0244749924089547_37.5452718122957805|127.0244003804041171_37.5450849069713186
2026-09-04T09:00:31.559343+09:00,응봉산,응봉산,POI107,KEY_3,1030008303,금호로,1030158200,금호동4가 136-1,127.0255399332561268_37.5476169553150001,1030016200,금호동4가136-1,127.0255795520311040_37.5477118348494585,11.0,9.0,정체,127.0255795520311040_37.5477118348494585|127.0255399332561268_37.5476169553150001
2026-09-04T09:00:31.559343+09:00,응봉산,응봉산,POI107,KEY_3,1030008304,금호로,1030016200,금호동4가136-1,127.0255795520311040_37.5477118348494585,1030016903,금호사거리,127.0256775098357593_37.5480028846398000,33.0,14.0,정체,127.0256775098357593_37.5480028846398000|127.0256382523289176_37.5478636728514132|127.0255882964010823_37.5477327757710384|127.0255795520311040_37.5477118348494585
2026-09-04T09:00:31.559343+09:00,응봉산,응봉산,POI107,KEY_3,1030008402,금호로,1030161600,금호동4가 189,127.0249611739107110_37.5460011960421554,1030014001,금호삼거리,127.0245297901294350_37.5450521552824128,112.0,10.0,정체,127.0245297901294350_37.5450521552824128|127.0246033800226115_37.5452364997842736|127.0248832696392469_37.5458331611532259|127.0249611739107110_37.5460011960421554
2026-09-04T09:00:31.559343+09:00,응봉산,응봉산,POI107,KEY_3,1030008403,금호로,1030158300,금호동4가 103-1,127.0256687918147662_37.5475828444212425,1030015401,서울숲2차푸르지오아파트,127.0252473374584810_37.5466183593112390,113.0,6.0,정체,127.0252473374584810_37.5466183593112390|127.0254324071465817_37.5470167442117599|127.0256687918147662_37.5475828444212425
2026-09-04T09:00:31.559343+09:00,응봉산,응봉산,POI107,KEY_3,1030008404,금호로,1030016902,금호사거리,127.0258104610465182_37.5479808142442693,1030016100,금호동4가110-1,127.0257084110779715_37.5476777247828579,35.0,3.0,정체,127.0257084110779715_37.5476777247828579|127.0257177115611427_37.5476999972500991|127.0257696441507704_37.5478360745881687|127.0258104610465182_37.5479808142442693
2026-09-04T09:00:31.559343+09:00,응봉산,응봉산,POI107,KEY_3,1030011101,독서당로,1030016901,금호사거리,127.0258355963698307_37.5480872396207204,1030016800,성동야구아카데미,127.0262243759454179_37.5480394677482039,35.0,8.0,정체,127.0262243759454179_37.5480394677482039|127.0260129946544225_37.5480523681525966|127.0258355963698307_37.5480872396207204
2026-09-04T09:00:31.559343+09:00,응봉산,응봉산,POI107,KEY_3,1030011102,독서당로,1030016800,성동야구아카데미,127.0262243759454179_37.5480394677482039,1030018704,금호삼성아파트,127.0288457542290246_37.5490547942188471,265.0,10.0,정체,127.0288457542290246_37.5490547942188471|127.0277159147608899_37.5484809426068509|127.0272678076244972_37.5481907559656278|127.0271129046379031_37.5481264540184654|127.0269135921910078_37.5480706016531229|127.0266918306376596_37.5480488090773363|127.0262243759454179_37.5480394677482039
2026-09-04T09:00:31.559343+09:00,응봉산,응봉산,POI107,KEY_3,1030011103,독서당로,1030046800,응봉동 산8-14,127.0302999391925312_37.5497975459235462,1030019304,응봉현대아파트,127.0306640401490199_37.5499835776434523,38.0,21.7,서행,127.0306640401490199_37.5499835776434523|127.0302999391925312_37.5497975459235462
2026-09-04T09:00:31.559343+09:00,응봉산,응봉산,POI107,KEY_3,1030011104,독서당로,1030140100,응봉삼거리,127.0341738103327600_37.5545163588240456,1030022204,응봉삼거리,127.0343484654333395_37.5546429357531792,21.0,21.5,서행,127.0343484654333395_37.5546429357531792|127.0341738103327600_37.5545163588240456
2026-09-04T09:00:31.559343+09:00,응봉산,응봉산,POI107,KEY_3,1030011201,독서당로,1030016700,금호동4가76-2,127.0262277838623106_37.5479313822787617,1030016902,금호사거리,127.0258104610465182_37.5479808142442693,37.0,33.0,원활,127.0258104610465182_37.5479808142442693|127.0259914566427284_37.5479452360338399|127.0262232709304726_37.5479312922801824|127.0262277838623106_37.5479313822787617
2026-09-04T09:00:31.559343+09:00,응봉산,응봉산,POI107,KEY_3,1030011202,독서당로,1030098600,금호동4가 산3-4,127.0271710951555235_37.5480286767438614,1030016700,금호동4가76-2,127.0262277838623106_37.5479313822787617,85.0,28.0,원활,127.0262277838623106_37.5479313822787617|127.0267018748789809_37.5479408563429828|127.0269448117447695_37.5479647289813627|127.0271671083666405_37.5480270217543932|127.0271710951555235_37.5480286767438614
2026-09-04T09:00:31.559343+09:00,응봉산,응봉산,POI107,KEY_3,1030011203,독서당로,1030019303,응봉현대아파트,127.0307373825225596_37.5498925829780532,1030018702,금호삼성아파트,127.0290429266333518_37.5490268092057420,178.0,17.0,서행,127.0290429266333518_37.5490268092057420|127.0298580970931113_37.5494433220325661|127.0303732819594131_37.5497065513663557|127.0307373825225596_37.5498925829780532
2026-09-04T09:00:31.559343+09:00,응봉산,응봉산,POI107,KEY_3,1030011204,독서당로,1030156400,최소노드배치점,127.0324901285359402_37.5517415938519079,1030019302,응봉현대아파트,127.0308532474746102_37.5499493209760473,254.0,15.0,서행,127.0308532474746102_37.5499493209760473|127.0311598133465196_37.5500923092155929|127.0314245468871661_37.5502415038619333|127.0316905277874611_37.5504369629417525|127.0319013854685437_37.5506503454654563|127.0320815292466818_37.5508887152306770|127.0322086909415731_37.5511042138192508|127.0323804186302112_37.5515081726606041|127.0324901285359402_37.5517415938519079
2026-09-04T09:00:31.559343+09:00,응봉산,응봉산,POI107,KEY_3,1030011702,고산자로,1030020204,응봉역앞,127.0352176251380740_37.5514632527617636,1030020805,응봉동 59,127.0350352951621602_37.5520646051962572,69.0,23.0,서행,127.0350352951621602_37.5520646051962572|127.0352176251380740_37.5514632527617636
2026-09-04T09:00:31.559343+09:00,응봉산,응봉산,POI107,KEY_3,1030013701,고산자로,1030022204,응봉삼거리,127.0343484654333395_37.5546429357531792,1030022702,행당동 330-2,127.0341912875980626_37.5556766233079600,116.0,19.0,서행,127.0341912875980626_37.5556766233079600|127.0342120672140993_37.5555183447502472|127.0342828586803989_37.5549791203233809|127.0343484654333395_37.5546429357531792
2026-09-04T09:00:31.559343+09:00,응봉산,응봉산,POI107,KEY_3,1030029800,금호로,1030013604,금호삼거리,127.0244660195330226_37.5447157450772906,1030014003,금호삼거리,127.0243831066502196_37.5449660805404974,29.0,22.0,서행,127.0243831066502196_37.5449660805404974|127.0243819232019575_37.5449412170987458|127.0244660195330226_37.5447157450772906
2026-09-04T09:00:31.559343+09:00,응봉산,응봉산,POI107,KEY_3,1030029900,금호로,1030014002,금호삼거리,127.0245187985881046_37.5449619861916730,1030013601,금호삼거리,127.0245891214709388_37.5447654759813005,23.0,6.0,정체,127.0245891214709388_37.5447654759813005|127.0245184623645542_37.5449549218575100|127.0245187985881046_37.5449619861916730
2026-09-04T09:00:31.559343+09:00,응봉산,응봉산,POI107,KEY_3,1030031400,금호로1길,1030014003,금호삼거리,127.0243831066502196_37.5449660805404974,1030016504,금호동4가 505-1,127.0238483837796792_37.5479358798656904,454.0,20.0,서행,127.0238483837796792_37.5479358798656904|127.0235770885817601_37.5476364587372160|127.0233181784719392_37.5474261233172228|127.0231977308909421_37.5472913323833097|127.0231284337929480_37.5471902376842550|127.0230337332526602_37.5469745516509974|127.0229944018157227_37.5468411934546538|127.0230517106162864_37.5467011472214693|127.0230642106844670_37.5465843593454736|127.0230696017737841_37.5465339903971795|127.0231018410010364_37.5464532464752168|127.0232559374913279_37.5463259447105244|127.0232760633650599_37.5463055394242105|127.0232748760431889_37.5462973648940945|127.0232359799152846_37.5462177864088957|127.0232284704929668_37.5459692671184229|127.0232061315526408_37.5457166872262889|127.0232633860120046_37.5455514696615467|127.0233136429695122_37.5454785391859716|127.0233294889235083_37.5454326157334748|127.0233397117676617_37.5453168893803308|127.0233542551236638_37.5450929071155599|127.0233664379930758_37.5450467735456996|127.0234954995279821_37.5449373260855879|127.0235833461806436_37.5448878247946993|127.0236787743664451_37.5448637120767685|127.0237713541191482_37.5448674731677912|127.0240301499684676_37.5449428731654322|127.0240922262797056_37.5449510983525201|127.0242451816518354_37.5449453357904304|127.0243709098179892_37.5449627883928230|127.0243831066502196_37.5449660805404974
2026-09-04T09:00:31.559343+09:00,응봉산,응봉산,POI107,KEY_3,1030031500,금호로1길,1030170600,금호동4가 342,127.0239894492258799_37.5450461462238820,1030014004,금호삼거리,127.0244003804041171_37.5450849069713186,37.0,18.0,서행,127.0244003804041171_37.5450849069713186|127.0243372513306781_37.5450678671607250|127.0242366270141616_37.5450538989428892|127.0240842009909557_37.5450596415639026|127.0239953752521558_37.5450478727755410|127.0239894492258799_37.5450461462238820
2026-09-04T09:00:31.559343+09:00,응봉산,응봉산,POI107,KEY_3,1030032600,금호로3길,1030015403,서울숲2차푸르지오아파트,127.0250874895659621_37.5465858605602207,1030016503,금호동4가 235-5,127.0239194442631998_37.5478295063627385,173.0,15.0,서행,127.0239194442631998_37.5478295063627385|127.0239218379499277_37.5478255558994576|127.0239908175615966_37.5477381715467899|127.0240349006078020_37.5476823263885606|127.0247811874996700_37.5468915402105168|127.0249918043950572_37.5466522562733687|127.0250874895659621_37.5465858605602207
2026-09-04T09:00:31.559343+09:00,응봉산,응봉산,POI107,KEY_3,1030032700,금호로3길,1030161000,금호동4가 162,127.0241057892529284_37.5477957056858145,1030015404,서울숲2차푸르지오아파트,127.0251378478824336_37.5466943339865722,153.0,20.0,서행,127.0251378478824336_37.5466943339865722|127.0250935042581659_37.5467251038971526|127.0248910998353864_37.5469550582399805|127.0241468609991529_37.5477436750801701|127.0241057892529284_37.5477957056858145
2026-09-04T09:00:31.559343+09:00,응봉산,응봉산,POI107,KEY_3,1030033000,독서당로,1030016700,금호동4가76-2,127.0262277838623106_37.5479313822787617,1030016100,금호동4가110-1,127.0257084110779715_37.5476777247828579,59.0,25.7,원활,127.0257084110779715_37.5476777247828579|127.0258361501292654_37.5478382783143019|127.0259188060206981_37.5478911830666533|127.0260122341105529_37.5479283512465543|127.0262277838623106_37.5479313822787617
2026-09-04T09:00:31.559343+09:00,응봉산,응봉산,POI107,KEY_3,1030033100,금호로,1030016200,금호동4가136-1,127.0255795520311040_37.5477118348494585,1030017000,금호동4가116,127.0253168883355812_37.5480374538519825,51.0,13.0,정체,127.0253168883355812_37.5480374538519825|127.0254769187222905_37.5480071359631964|127.0255415757320350_37.5479627820440243|127.0255864659671232_37.5478998375612534|127.0256086918468270_37.5478097734097034|127.0255795520311040_37.5477118348494585
2026-09-04T09:00:31.559343+09:00,응봉산,응봉산,POI107,KEY_3,1030033400,금호로,1030017600,금호동1가1806-1,127.0258826035867230_37.5483405109717623,1030016800,성동야구아카데미,127.0262243759454179_37.5480394677482039,51.0,23.0,서행,127.0262243759454179_37.5480394677482039|127.0260122902762134_37.5480899795996237|127.0259440425159738_37.5481400559065506|127.0258919651416250_37.5481987115429092|127.0258826035867230_37.5483405109717623
2026-09-04T09:00:31.559343+09:00,응봉산,응봉산,POI107,KEY_3,1030035800,독서당로55길,1030019401,금호동1가 635,127.0265686732719814_37.5506119028105729,1030018701,금호삼성아파트,127.0289695825101717_37.5491178034089472,269.0,21.0,서행,127.0289695825101717_37.5491178034089472|127.0284531619766000_37.5494050999312776|127.0279050315179461_37.5497563426537440|127.0275345654433181_37.5500100867125113|127.0275119157961399_37.5500256000861725|127.0265686732719814_37.5506119028105729
2026-09-04T09:00:31.559343+09:00,응봉산,응봉산,POI107,KEY_3,1030036300,독서당로62길,1030044000,응봉동 193-76,127.0309081430659148_37.5497511992183064,1030019303,응봉현대아파트,127.0307373825225596_37.5498925829780532,23.0,20.0,서행,127.0307373825225596_37.5498925829780532|127.0307983143885480_37.5498023978845268|127.0308928097263816_37.5497541355430400|127.0309081430659148_37.5497511992183064
2026-09-04T09:00:31.559343+09:00,응봉산,응봉산,POI107,KEY_3,1030036400,독서당로62길,1030115800,응봉동 100,127.0331540741885163_37.5508112196129389,1030020807,응봉동 59,127.0349470253762831_37.5522432866666946,253.0,16.5,서행,127.0349470253762831_37.5522432866666946|127.0348927337139884_37.5522533951449304|127.0347463640402594_37.5522612067135668|127.0346056172544991_37.5522485151423950|127.0340392251581392_37.5521575140909221|127.0339498538011753_37.5521025726294582|127.0336679641477815_37.5517028399204804|127.0333347532741612_37.5512634320380485|127.0332090570225176_37.5510684553932919|127.0331540741885163_37.5508112196129389
2026-09-04T09:00:31.559343+09:00,응봉산,응봉산,POI107,KEY_3,1030050600,금호로,1030014002,금호삼거리,127.0245187985881046_37.5449619861916730,1030014302,금호삼거리,127.0263191362427904_37.5452769580231731,166.0,6.0,정체,127.0263191362427904_37.5452769580231731|127.0261005100282858_37.5452863826889143|127.0258942993101527_37.5452474499432611|127.0255848366716549_37.5451722743201728|127.0252679662626605_37.5450911580173639|127.0249717297689074_37.5449967008118861|127.0248301010968532_37.5449537241828182|127.0247241087351142_37.5449365823874572|127.0246504579408651_37.5449365977853091|127.0245821989922774_37.5449466239183209|127.0245187985881046_37.5449619861916730
2026-09-04T09:00:31.559343+09:00,응봉산,응봉산,POI107,KEY_3,1030050700,뚝섬로,1030002302,금호삼거리,127.0225396667000410_37.5433334984248930,1030014302,금호삼거리,127.0263191362427904_37.5452769580231731,409.0,21.0,서행,127.0263191362427904_37.5452769580231731|127.0260791857573537_37.5452564663631208|127.0259064609708446_37.5452059880624418|127.0255995407431442_37.5451501164641570|127.0252829570347615_37.5450733393513474|127.0249772704809885_37.5449779038953011|127.0246570129492625_37.5448535224850417|127.0244053744653030_37.5447518654607038|127.0241663157922289_37.5446239979584249|127.0239073468036253_37.5444640458128447|127.0236663621607534_37.5442874822721109|127.0231478159418970_37.5438927410097776|127.0226898898909695_37.5435157252336751|127.0225396667000410_37.5433334984248930
2026-09-04T09:00:31.559343+09:00,응봉산,응봉산,POI107,KEY_3,1030050800,뚝섬로,1030014301,금호삼거리,127.0263715716448445_37.5451772275798916,1030002301,금호삼거리,127.0226342015975263_37.5432558991388277,401.0,57.3,원활,127.0226342015975263_37.5432558991388277|127.0227735424564344_37.5432963462593179|127.0233375538967522_37.5437380146797395|127.0238521589868981_37.5441297546865442|127.0240828291760948_37.5442987614734989|127.0243254469313001_37.5444486137030395|127.0245430436055187_37.5445650012127530|127.0247779887503299_37.5446599147684452|127.0250865436734244_37.5447797509983090|127.0253722257435101_37.5448689411440455|127.0256694571406229_37.5449410244187760|127.0259838239325632_37.5449982520049161|127.0261778976611424_37.5450549693879267|127.0263715716448445_37.5451772275798916
2026-09-04T09:00:31.559343+09:00,응봉산,응봉산,POI107,KEY_3,1030060200,고산자로,1030040502,응봉동 84,127.0345457436668113_37.5537140114381387,1030022203,응봉삼거리,127.0343749878095281_37.5545159488352596,90.0,7.0,정체,127.0343749878095281_37.5545159488352596|127.0345457436668113_37.5537140114381387
2026-09-04T09:00:31.559343+09:00,응봉산,응봉산,POI107,KEY_3,1030060300,고산자로,1030022202,응봉삼거리,127.0344982469721202_37.5545839712216960,1030040501,응봉동 84,127.0346787765228669_37.5537354682910234,96.0,15.0,서행,127.0346787765228669_37.5537354682910234|127.0344982469721202_37.5545839712216960
2026-09-04T09:00:31.559343+09:00,응봉산,응봉산,POI107,KEY_3,1030060400,고산자로,1030020808,응봉동 50-4,127.0349722533052272_37.5522752466610541,1030040502,응봉동 84,127.0345457436668113_37.5537140114381387,164.0,25.0,원활,127.0345457436668113_37.5537140114381387|127.0349722533052272_37.5522752466610541
2026-09-04T09:00:31.559343+09:00,응봉산,응봉산,POI107,KEY_3,1030060500,고산자로,1030040602,응봉교(북측),127.0353039979932106_37.5511793223031063,1030040502,응봉동 84,127.0345457436668113_37.5537140114381387,290.0,8.0,정체,127.0345457436668113_37.5537140114381387|127.0345547094132854_37.5534909140588553|127.0351691257787223_37.5514430022586794|127.0351942408883872_37.5513657567030990|127.0352397142679450_37.5512827837282543|127.0353039979932106_37.5511793223031063
2026-09-04T09:00:31.559343+09:00,응봉산,응봉산,POI107,KEY_3,1030060600,고산자로,1030040501,응봉동 84,127.0346787765228669_37.5537354682910234,1030020801,응봉동 59,127.0351012086756413_37.5523109259349184,162.0,14.0,정체,127.0351012086756413_37.5523109259349184|127.0346787765228669_37.5537354682910234
2026-09-04T09:00:31.559343+09:00,응봉산,응봉산,POI107,KEY_3,1030060800,고산자로,1030040501,응봉동 84,127.0346787765228669_37.5537354682910234,1030040601,응봉교(북측),127.0354323058887900_37.5512155665399234,289.0,25.5,원활,127.0354323058887900_37.5512155665399234|127.0354385491616256_37.5513218203346000|127.0354314127047104_37.5514267130854691|127.0354122260271765_37.5515241500845391|127.0352878611766556_37.5519380319943181|127.0348049216232482_37.5535433180143912|127.0346787765228669_37.5537354682910234
2026-09-04T09:00:31.559343+09:00,이촌한강공원,이촌한강공원,POI108,KEY_4,1020000101,강변북로,1020177700,최소노드배치점,126.9735160758688437_37.5170335682321721,1020008600,장미맨션,126.9674759268883975_37.5192653374396343,589.0,39.0,서행,126.9674759268883975_37.5192653374396343|126.9708113694907041_37.5180220323550628|126.9730614976379854_37.5171832066243809|126.9733548327701698_37.5170831491498902|126.9735160758688437_37.5170335682321721
2026-09-04T09:00:31.559343+09:00,이촌한강공원,이촌한강공원,POI108,KEY_4,1020000104,강변북로,1020006400,동작대교북측(남측),126.9828949892906991_37.5150080800496397,1020006700,동작대교(북측),126.9800256660309117_37.5160519948221989,372.0,49.0,서행,126.9800256660309117_37.5160519948221989|126.9808299968759400_37.5161101275101529|126.9811628406973938_37.5161443822588936|126.9823899641706930_37.5162034251455054|126.9825434009835448_37.5162040975456890|126.9826708465813283_37.5161748445062813|126.9827535076294396_37.5161275097643312|126.9828400343725860_37.5160623059202649|126.9828932089837963_37.5159492592973720|126.9828944431571500_37.5157704012335955|126.9828892630113018_37.5154365011152393|126.9828949892906991_37.5150080800496397
2026-09-04T09:00:31.559343+09:00,이촌한강공원,이촌한강공원,POI108,KEY_4,1020001201,강변북로,1020016900,이촌119안전센터,126.9527707053192813_37.5296032521090837,1020014700,늘봄어린이집,126.9534103419858297_37.5269616177521641,303.0,45.0,서행,126.9534103419858297_37.5269616177521641|126.9534012496742150_37.5270744241099976|126.9532254685826160_37.5287686344059281|126.9531671027491626_37.5289431542131382|126.9531202258240512_37.5290789643106777|126.9530543691655424_37.5292061523673013|126.9529628453764900_37.5293571166056665|126.9528713860592291_37.5294859395831253|126.9527707053192813_37.5296032521090837
2026-09-04T09:00:31.559343+09:00,이촌한강공원,이촌한강공원,POI108,KEY_4,1020001202,강변북로,1020017500,이촌119안전센터,126.9523654405978732_37.5299851049663928,1020016900,이촌119안전센터,126.9527707053192813_37.5296032521090837,56.0,43.5,서행,126.9527707053192813_37.5296032521090837|126.9526111115253713_37.5297638421530593|126.9524261692913427_37.5299314144408740|126.9523654405978732_37.5299851049663928
2026-09-04T09:00:31.559343+09:00,이촌한강공원,이촌한강공원,POI108,KEY_4,1020001203,강변북로,1020018900,현대자동차중부지역본부,126.9515851345648088_37.5306749736558771,1020017500,이촌119안전센터,126.9523654405978732_37.5299851049663928,103.0,44.0,서행,126.9523654405978732_37.5299851049663928|126.9519853330072579_37.5303211606273521|126.9515851345648088_37.5306749736558771
2026-09-04T09:00:31.559343+09:00,이촌한강공원,이촌한강공원,POI108,KEY_4,1020001301,강변북로,1020015100,원효대교(북측),126.9530054534751287_37.5274065558744638,1020020100,원효대교(북측),126.9490556979416453_37.5318418487171641,611.0,18.0,정체,126.9490556979416453_37.5318418487171641|126.9511588605246004_37.5298950607039430|126.9517964502142036_37.5293048486157872|126.9520794947991362_37.5290331982994090|126.9522412504164919_37.5288508956887625|126.9523805449295111_37.5286864623722636|126.9524973865242998_37.5285255959335444|126.9526187348045738_37.5283361243785549|126.9527355979030716_37.5281394987459009|126.9528480107025956_37.5278785063501417|126.9529379639647573_37.5276318073909181|126.9530054534751287_37.5274065558744638
2026-09-04T09:00:31.559343+09:00,이촌한강공원,이촌한강공원,POI108,KEY_4,1020004501,양녕로,1020173400,최소노드배치점,126.9595585500767214_37.5188246703474917,1020037700,한강대교,126.9614504170564686_37.5219168510869849,382.0,56.0,원활,126.9614504170564686_37.5219168510869849|126.9595585500767214_37.5188246703474917
2026-09-04T09:00:31.559343+09:00,이촌한강공원,이촌한강공원,POI108,KEY_4,1020007800,청파로,1020173600,최소노드배치점,126.9544297498901955_37.5315689925581850,1020000701,원효대교북측(동측),126.9517622341474095_37.5300758765918303,288.0,54.0,원활,126.9517622341474095_37.5300758765918303|126.9539847333503388_37.5312739203574566|126.9542620658364172_37.5314458751583899|126.9544297498901955_37.5315689925581850
2026-09-04T09:00:31.559343+09:00,이촌한강공원,이촌한강공원,POI108,KEY_4,1020023300,서빙고로62길,1020174500,최소노드배치점,126.9787187723303674_37.5152580928693737,1020006502,사촌5길삼거리,126.9749717465756760_37.5156880509036554,335.0,41.0,원활,126.9749717465756760_37.5156880509036554|126.9751117329301451_37.5156600647625922|126.9754017049598644_37.5156100828596593|126.9760224047377619_37.5155278109994939|126.9770532987808167_37.5154248967958210|126.9787074137265250_37.5152593209579024|126.9787187723303674_37.5152580928693737
2026-09-04T09:00:31.559343+09:00,이촌한강공원,이촌한강공원,POI108,KEY_4,1020023400,서빙고로62길,1020174800,최소노드배치점,126.9824891213493459_37.5152764328568153,1020006204,여우목길-이촌동길삼거,126.9862607226467901_37.5155372285773865,335.0,38.0,원활,126.9862607226467901_37.5155372285773865|126.9848107248320019_37.5154401903541554|126.9828575452751238_37.5152969238249341|126.9824891213493459_37.5152764328568153
2026-09-04T09:00:31.559343+09:00,이촌한강공원,이촌한강공원,POI108,KEY_4,1020023600,동작대로,1020006400,동작대교북측(남측),126.9828949892906991_37.5150080800496397,1020000102,동작대교북측(북측),126.9830968580070873_37.5162135878794203,135.0,60.0,원활,126.9830968580070873_37.5162135878794203|126.9830973582783855_37.5159265924053926|126.9830855094718913_37.5158320420852931|126.9830500284640493_37.5156150572852383|126.9828949892906991_37.5150080800496397
2026-09-04T09:00:31.559343+09:00,이촌한강공원,이촌한강공원,POI108,KEY_4,1020025900,서빙고로62길,1020141900,이촌동 375-1,126.9596450999449502_37.5218248060785342,1020012002,이촌한강공원한강축구장,126.9584923328509802_37.5219853753291375,104.0,34.0,원활,126.9584923328509802_37.5219853753291375|126.9585875324684139_37.5219485289045878|126.9587560183722843_37.5219160589596896|126.9594890278337971_37.5218356566925237|126.9596450999449502_37.5218248060785342
2026-09-04T09:00:31.559343+09:00,이촌한강공원,이촌한강공원,POI108,KEY_4,1020026000,서빙고로62길,1020161500,이촌동 302-17,126.9704077941686506_37.5172262067152431,1020006501,사촌5길삼거리,126.9749999143509029_37.5157937473941132,438.0,39.0,원활,126.9749999143509029_37.5157937473941132|126.9748202206337169_37.5158189922882812|126.9744904447008196_37.5158831702968598|126.9738607344488059_37.5160198211928844|126.9733243730976966_37.5161583026667174|126.9729818969831854_37.5162548304322385|126.9727131343539668_37.5163419065095027|126.9722761593685192_37.5164882421616070|126.9715818965029257_37.5167388922272593|126.9707166376167891_37.5170984596883486|126.9704077941686506_37.5172262067152431
2026-09-04T09:00:31.559343+09:00,이촌한강공원,이촌한강공원,POI108,KEY_4,1020029000,강변북로,1020011900,이촌동 375,126.9602235794051666_37.5220096584238760,1020012001,이촌한강공원한강축구장,126.9585516639946974_37.5220826215641168,148.0,25.0,정체,126.9585516639946974_37.5220826215641168|126.9587113208574465_37.5220996316526865|126.9591141977425650_37.5220609052510881|126.9596830840466453_37.5220183500368947|126.9602235794051666_37.5220096584238760
2026-09-04T09:00:31.559343+09:00,이촌한강공원,이촌한강공원,POI108,KEY_4,1020029200,강변북로,1020012002,이촌한강공원한강축구장,126.9584923328509802_37.5219853753291375,1020012900,이촌우성아파트,126.9566358774652315_37.5229345434784065,199.0,37.0,서행,126.9566358774652315_37.5229345434784065|126.9570464453038028_37.5225864767338919|126.9574825635857280_37.5223784218399743|126.9580930558484653_37.5221996549528427|126.9583501102936225_37.5221157291829570|126.9584923328509802_37.5219853753291375
2026-09-04T09:00:31.559343+09:00,이촌한강공원,이촌한강공원,POI108,KEY_4,1020032100,강변북로,1020015100,원효대교(북측),126.9530054534751287_37.5274065558744638,1020017300,원효대교북측(서측),126.9512077159163965_37.5298631512081684,389.0,39.3,서행,126.9512077159163965_37.5298631512081684|126.9514822855463336_37.5299090640322532|126.9516216330552822_37.5299292063212135|126.9517511067902262_37.5299467270030931|126.9518970490022127_37.5299546450712000|126.9519877335176687_37.5299455566299400|126.9521077543355858_37.5299127260165122|126.9522368979249620_37.5298608590075560|126.9523270967404471_37.5298111962103320|126.9524084351906055_37.5297447981758694|126.9524777763784442_37.5296807288515026|126.9526166005700532_37.5295335132300067|126.9527584871032815_37.5293767714761159|126.9528702913169127_37.5292389692136652|126.9529309273824396_37.5291367026859675|126.9529675922746605_37.5290367097196622|126.9529801960210875_37.5289509141567166|126.9529811713372993_37.5288173680834305|126.9529769080494788_37.5281710589532835|126.9529840979044479_37.5280065388959798|126.9529943354486932_37.5278348787065212|126.9530054534751287_37.5274065558744638
2026-09-04T09:00:31.559343+09:00,이촌한강공원,이촌한강공원,POI108,KEY_4,1020034000,여의대방로,1020000701,원효대교북측(동측),126.9517622341474095_37.5300758765918303,1020017300,원효대교북측(서측),126.9512077159163965_37.5298631512081684,54.0,59.0,원활,126.9512077159163965_37.5298631512081684|126.9517622341474095_37.5300758765918303
2026-09-04T09:00:31.559343+09:00,이촌한강공원,이촌한강공원,POI108,KEY_4,1020034500,이촌로2길,1020136600,이촌동 172-1,126.9529749817550623_37.5299597795509499,1020016900,이촌119안전센터,126.9527707053192813_37.5296032521090837,48.0,20.0,서행,126.9527707053192813_37.5296032521090837|126.9527510286802681_37.5297077910479260|126.9527654424910708_37.5297841729085633|126.9528069643994144_37.5298392163718901|126.9528474013405344_37.5298835816184777|126.9529749817550623_37.5299597795509499
2026-09-04T09:00:31.559343+09:00,이촌한강공원,이촌한강공원,POI108,KEY_4,1020034800,이촌로2길,1020017500,이촌119안전센터,126.9523654405978732_37.5299851049663928,1020019104,원효대교(북측),126.9547296547672914_37.5310849407541980,251.0,24.0,서행,126.9547296547672914_37.5310849407541980|126.9545655803105433_37.5310328345768127|126.9543726239541144_37.5309286287612096|126.9540821407545081_37.5307553338088766|126.9530819266436481_37.5301623577747137|126.9528911683399315_37.5300492648525363|126.9527252955329146_37.5299509250104393|126.9526356021338103_37.5299314301440461|126.9525667304034755_37.5299311114793284|126.9525008186408570_37.5299355755796711|126.9523654405978732_37.5299851049663928
2026-09-04T09:00:31.559343+09:00,이촌한강공원,이촌한강공원,POI108,KEY_4,1020052000,강변북로,1020037400,원효대교(북측),126.9525421584508535_37.5304082079948245,1020017500,이촌119안전센터,126.9523654405978732_37.5299851049663928,52.0,28.0,정체,126.9523654405978732_37.5299851049663928|126.9523627938557553_37.5300890965853284|126.9523796108926064_37.5301734974690859|126.9524096759291609_37.5302742064081443|126.9524626558254994_37.5303423173229618|126.9525421584508535_37.5304082079948245
2026-09-04T09:00:31.559343+09:00,이촌한강공원,이촌한강공원,POI108,KEY_4,1020052200,청파로,1020020200,원효대교(북측),126.9548392490623030_37.5316133150025451,1020017300,원효대교북측(서측),126.9512077159163965_37.5298631512081684,380.0,38.0,원활,126.9512077159163965_37.5298631512081684|126.9518915547961058_37.5299922272080906|126.9541046333161063_37.5311800268186957|126.9547757568389557_37.5315338800621774|126.9548392490623030_37.5316133150025451
2026-09-04T09:00:31.559343+09:00,잠실종합운동장,잠실종합운동장,POI109,KEY_1,1230024502,올림픽로,1230039501,정신여중고교,127.0736954853006182_37.5111786898829180,1230041205,종합운동장교차로,127.0782510546514033_37.5119142943147708,411.0,20.0,서행,127.0782510546514033_37.5119142943147708|127.0777355344654751_37.5118609241788334|127.0736954853006182_37.5111786898829180
2026-09-04T09:00:31.559343+09:00,잠실종합운동장,잠실종합운동장,POI109,KEY_1,1230024602,올림픽로,1230041204,종합운동장교차로,127.0781055802095096_37.5117902042657008,1230039502,속성변화점,127.0737236350740034_37.5110729205048941,396.0,20.0,서행,127.0737236350740034_37.5110729205048941|127.0777583891545248_37.5117542599830429|127.0781055802095096_37.5117902042657008
2026-09-04T09:00:31.559343+09:00,잠실종합운동장,잠실종합운동장,POI109,KEY_1,1230080400,올림픽로.백제고분로,1230358300,최소노드배치점,127.0741133987251885_37.5141329445928022,1230039501,정신여중고교,127.0736954853006182_37.5111786898829180,348.0,8.0,정체,127.0736954853006182_37.5111786898829180|127.0735109745380811_37.5120468642505998|127.0733871347810577_37.5128886808420958|127.0734162045250599_37.5131457669554109|127.0735033961650799_37.5134180663867554|127.0736294614953579_37.5136367146674488|127.0741133987251885_37.5141329445928022
2026-09-04T09:00:31.559343+09:00,잠실종합운동장,잠실종합운동장,POI109,KEY_1,1230080500,올림픽로.백제고분로,1230358400,최소노드배치점,127.0740062090400500_37.5141992739565353,1230044204,신천중교앞,127.0774044018965441_37.5155003964846543,357.0,20.0,서행,127.0774044018965441_37.5155003964846543|127.0755124993001175_37.5153095096552178|127.0751959624176237_37.5152553387321319|127.0749349587907773_37.5151515936626865|127.0740062090400500_37.5141992739565353
2026-09-04T09:00:31.559343+09:00,잠실종합운동장,잠실종합운동장,POI109,KEY_1,1230085100,올림픽대로,1230048700,탄천IC,127.0712574770913363_37.5181553244251091,1230046800,탄천IC,127.0697459726230250_37.5168231112045873,231.0,41.0,서행,127.0697459726230250_37.5168231112045873|127.0697754002144677_37.5173608675772812|127.0698117639167890_37.5175458256678240|127.0699380842498272_37.5177072629794210|127.0701243878796731_37.5178510319211540|127.0703109993272903_37.5179411420373370|127.0704903324183590_37.5179954539382052|127.0712574770913363_37.5181553244251091
2026-09-04T09:00:31.559343+09:00,잠실종합운동장,잠실종합운동장,POI109,KEY_1,1230436501,올림픽로,1230039502,속성변화점,127.0737236350740034_37.5110729205048941,1230188103,잠실동 121,127.0716318198721382_37.5107177546662882,189.0,28.0,원활,127.0716318198721382_37.5107177546662882|127.0735906339783128_37.5110512148189557|127.0737236350740034_37.5110729205048941
2026-09-04T09:00:31.559343+09:00,잠실한강공원,잠실한강공원,POI110,KEY_2,1230004401,올림픽대로,1230048500,잠실실내체육관북문앞,127.0744105410493603_37.5180587342205172,1230046600,잠실여름파출소,127.0810876316749329_37.5169833092338081,603.0,13.0,정체,127.0810876316749329_37.5169833092338081|127.0804213279931645_37.5170194895651008|127.0800023606424958_37.5170483809421711|127.0792542343313727_37.5171299377557048|127.0789549994236012_37.5171778165530725|127.0776144544349506_37.5174218633083356|127.0765970754220291_37.5176132410161287|127.0755258542856154_37.5178380175560235|127.0747957401812727_37.5179862845251577|127.0744105410493603_37.5180587342205172
2026-09-04T09:00:31.559343+09:00,잠실한강공원,잠실한강공원,POI110,KEY_2,1230004800,올림픽대로,1230053400,올림픽대교남단IC,127.1054403294451021_37.5258712723512531,1230058600,잠실대교JC,127.1009146875278901_37.5224189667535271,555.0,72.0,원활,127.1009146875278901_37.5224189667535271|127.1011093537508287_37.5225414095623506|127.1025922080837773_37.5234805816309276|127.1030011499238270_37.5237591426245700|127.1034011999147282_37.5240984996804912|127.1047630304620668_37.5252732674915777|127.1054403294451021_37.5258712723512531
2026-09-04T09:00:31.559343+09:00,잠실한강공원,잠실한강공원,POI110,KEY_2,1230004901,송파대로,1230002202,잠실대교,127.0957221756853812_37.5188676904711542,1230050400,잠실대교JC,127.0940531440605810_37.5210283294453149,282.0,41.0,원활,127.0940531440605810_37.5210283294453149|127.0943979417753837_37.5205735354890280|127.0957221756853812_37.5188676904711542
2026-09-04T09:00:31.559343+09:00,잠실한강공원,잠실한강공원,POI110,KEY_2,1230005001,송파대로,1230050500,잠실대교JC,127.0941614709712155_37.5210946866676380,1230002201,잠실대교,127.0958376749982079_37.5189245732049699,283.0,62.0,원활,127.0958376749982079_37.5189245732049699|127.0945138178915101_37.5206299338843792|127.0941614709712155_37.5210946866676380
2026-09-04T09:00:31.559343+09:00,잠실한강공원,잠실한강공원,POI110,KEY_2,1230005100,올림픽대로,1230052500,잠실대교JC,127.1008769588409706_37.5229114985517214,1230054000,올림픽대교남단IC,127.1051025385346520_37.5260799913631047,514.0,39.0,서행,127.1051025385346520_37.5260799913631047|127.1031412114076176_37.5243990994672458|127.1028266080407718_37.5241633671182342|127.1022828471172517_37.5237919497680679|127.1018469450196733_37.5234955300521236|127.1008769588409706_37.5229114985517214
2026-09-04T09:00:31.559343+09:00,잠실한강공원,잠실한강공원,POI110,KEY_2,1230032601,오금로2길,1230051402,잠현초등학교앞,127.1032272322034373_37.5217466792184808,1230051702,잠현초등학교앞,127.1042850886722420_37.5222053467216838,111.0,17.0,서행,127.1042850886722420_37.5222053467216838|127.1042497005361156_37.5221103348289660|127.1042277195709289_37.5220785857864811|127.1041621108260529_37.5220413475743726|127.1039663504930388_37.5219727654665149|127.1032272322034373_37.5217466792184808
2026-09-04T09:00:31.559343+09:00,잠실한강공원,잠실한강공원,POI110,KEY_2,1230032700,오금로2길,1230052101,잠실대교JC,127.1014277624528717_37.5224635506086486,1230051402,잠현초등학교앞,127.1032272322034373_37.5217466792184808,218.0,27.7,원활,127.1032272322034373_37.5217466792184808|127.1029991014250413_37.5216712850617142|127.1024125243856844_37.5214774265063795|127.1014277624528717_37.5224635506086486
2026-09-04T09:00:31.559343+09:00,잠실한강공원,잠실한강공원,POI110,KEY_2,1230035900,강변북로.한가람로사이길,1230342900,최소노드배치점,127.1015149961345827_37.5246010575964561,1230052101,잠실대교JC,127.1014277624528717_37.5224635506086486,473.0,41.0,원활,127.1014277624528717_37.5224635506086486|127.1019012970064210_37.5227419164495544|127.1022293161336734_37.5229454568152008|127.1023955346630316_37.5230204059564443|127.1026425819513577_37.5231060119775464|127.1028940706044494_37.5231558555366931|127.1034374042296093_37.5232197458338632|127.1034778407937154_37.5232411659780993|127.1034868601301469_37.5232697648950335|127.1034734249590059_37.5232948074079431|127.1033926368200042_37.5233127576457974|127.1025529951041904_37.5232562760554629|127.1024721909816861_37.5232634983457274|127.1023734783107670_37.5233064941788044|127.1022972616788422_37.5233852285200129|127.1015149961345827_37.5246010575964561
2026-09-04T09:00:31.559343+09:00,잠실한강공원,잠실한강공원,POI110,KEY_2,1230084700,올림픽대로,1230048400,종합운동장분기점,127.0777486454134646_37.5178704259979199,1230046600,잠실여름파출소,127.0810876316749329_37.5169833092338081,314.0,26.0,정체,127.0810876316749329_37.5169833092338081|127.0801927964286335_37.5171577227981317|127.0793309923237757_37.5173394821108701|127.0789711453512041_37.5174395553138140|127.0788360149310137_37.5175106194115884|127.0785881391682750_37.5176647507308303|127.0785130541955965_37.5177062170797271|127.0777486454134646_37.5178704259979199
2026-09-04T09:00:31.559343+09:00,잠실한강공원,잠실한강공원,POI110,KEY_2,1230085300,올림픽대로,1230048400,종합운동장분기점,127.0777486454134646_37.5178704259979199,1230045601,잠실선착장앞,127.0774875189781739_37.5166619666764163,136.0,12.0,정체,127.0774875189781739_37.5166619666764163|127.0777486454134646_37.5178704259979199
2026-09-04T09:00:31.559343+09:00,잠실한강공원,잠실한강공원,POI110,KEY_2,1230085600,올림픽대로,1230048500,잠실실내체육관북문앞,127.0744105410493603_37.5180587342205172,1230048400,종합운동장분기점,127.0777486454134646_37.5178704259979199,300.0,5.0,정체,127.0777486454134646_37.5178704259979199|127.0773650613805614_37.5179316568650449|127.0771467542200384_37.5178855628762733|127.0768209339584587_37.5177913870465716|127.0761140007833632_37.5178508577266143|127.0755388160040695_37.5179084136562651|127.0744105410493603_37.5180587342205172
2026-09-04T09:00:31.559343+09:00,잠실한강공원,잠실한강공원,POI110,KEY_2,1230085900,올림픽대로,1230047500,잠실대교JC,127.0882031183010952_37.5173476816793539,1230049200,잠실대교JC,127.0923739588028951_37.5186948203919854,398.0,36.0,서행,127.0923739588028951_37.5186948203919854|127.0906700937840412_37.5181881092216685|127.0888588349887840_37.5176142250082165|127.0886078102504939_37.5175274965200956|127.0882031183010952_37.5173476816793539
2026-09-04T09:00:31.559343+09:00,잠실한강공원,잠실한강공원,POI110,KEY_2,1230086400,올림픽대로,1230049100,청담IC,127.0707396061695107_37.5184287009435380,1230046800,탄천IC,127.0697459726230250_37.5168231112045873,448.0,38.5,서행,127.0697459726230250_37.5168231112045873|127.0697255394333922_37.5169421476156941|127.0696754767479462_37.5173641215222204|127.0696427964096671_37.5178971851342311|127.0696653241736698_37.5180462680572546|127.0696933359397889_37.5183048124125094|127.0697546894723047_37.5184857525859030|127.0698487706782345_37.5186328686366366|127.0699827934278261_37.5187585702354625|127.0701134307655735_37.5188453314355357|127.0702305969029453_37.5189112963400362|127.0705564071799216_37.5190044839187422|127.0708077692025881_37.5190292462295290|127.0710115288144806_37.5190013676009428|127.0713114784911539_37.5189070636006647|127.0713897595890245_37.5188310320207776|127.0714321672822820_37.5187453318010427|127.0714086790554802_37.5186641620221621|127.0713254192519202_37.5185636955236959|127.0712059303728694_37.5185155657555001|127.0707396061695107_37.5184287009435380
2026-09-04T09:00:31.559343+09:00,잠실한강공원,잠실한강공원,POI110,KEY_2,1230087000,올림픽대로,1230049200,잠실대교JC,127.0923739588028951_37.5186948203919854,1230050400,잠실대교JC,127.0940531440605810_37.5210283294453149,366.0,6.0,정체,127.0940531440605810_37.5210283294453149|127.0944191952030025_37.5203044781990656|127.0944561310460159_37.5201185871230507|127.0944510462596639_37.5199516308761289|127.0943922228928074_37.5197558710782317|127.0943090605750143_37.5196315729957846|127.0941839809711382_37.5195071316884281|127.0940228946276704_37.5193968745701554|127.0937720401544908_37.5192767702937999|127.0931867060835003_37.5189981127720316|127.0923739588028951_37.5186948203919854
2026-09-04T09:00:31.559343+09:00,잠실한강공원,잠실한강공원,POI110,KEY_2,1230087100,올림픽대로,1230049200,잠실대교JC,127.0923739588028951_37.5186948203919854,1230051200,잠실대교JC,127.0974803904301069_37.5212021137005536,534.0,10.0,정체,127.0974803904301069_37.5212021137005536|127.0968061273857188_37.5207514623958787|127.0953376304814242_37.5198926651322751|127.0945972650167306_37.5194894724186341|127.0942747579238556_37.5193309645688444|127.0939999759979742_37.5192060081488634|127.0934799938887778_37.5190229712408154|127.0923739588028951_37.5186948203919854
2026-09-04T09:00:31.559343+09:00,잠실한강공원,잠실한강공원,POI110,KEY_2,1230087500,올림픽대로,1230050500,잠실대교JC,127.0941614709712155_37.5210946866676380,1230051200,잠실대교JC,127.0974803904301069_37.5212021137005536,356.0,44.0,서행,127.0974803904301069_37.5212021137005536|127.0968474033966800_37.5208708456413760|127.0960652565332367_37.5204389013147832|127.0958920359090456_37.5203572238258403|127.0957125445294054_37.5203279913220200|127.0955329497879518_37.5203178373608708|127.0952873557283453_37.5203313048193365|127.0950954496138507_37.5203831139705883|127.0948973740489834_37.5204682891928982|127.0941614709712155_37.5210946866676380
2026-09-04T09:00:31.559343+09:00,잠실한강공원,잠실한강공원,POI110,KEY_2,1230087800,올림픽대로,1230051200,잠실대교JC,127.0974803904301069_37.5212021137005536,1230050700,잠실대교JC,127.0985275932771117_37.5207859447465282,191.0,13.0,정체,127.0985275932771117_37.5207859447465282|127.0986497398156985_37.5209008332440774|127.0987329107394004_37.5210251273303044|127.0987622391326255_37.5211396995225144|127.0987255177263222_37.5212874351721695|127.0986290925901301_37.5214015808490018|127.0985089432221002_37.5214727179596608|127.0983770471739689_37.5215008869134579|127.0982332510044301_37.5215147072423250|127.0979044566973073_37.5214086547447678|127.0974803904301069_37.5212021137005536
2026-09-04T09:00:31.559343+09:00,잠실한강공원,잠실한강공원,POI110,KEY_2,1230088000,올림픽로37길,1230051102,잠현초등학교앞,127.1045800172266951_37.5212171791430293,1230051401,잠현초등학교앞,127.1032558452858154_37.5216390772203923,127.0,7.0,정체,127.1032558452858154_37.5216390772203923|127.1039066435248372_37.5214664456400584|127.1042127017812646_37.5213794148577477|127.1043569968460929_37.5213194897201916|127.1044871741674740_37.5212604256405129|127.1045800172266951_37.5212171791430293
2026-09-04T09:00:31.559343+09:00,잠실한강공원,잠실한강공원,POI110,KEY_2,1230088400,올림픽대로,1230051200,잠실대교JC,127.0974803904301069_37.5212021137005536,1230052500,잠실대교JC,127.1008769588409706_37.5229114985517214,356.0,9.0,정체,127.1008769588409706_37.5229114985517214|127.1002271864062720_37.5226757386651713|127.0995044513345107_37.5223251030228795|127.0989968176467215_37.5220658174711446|127.0974803904301069_37.5212021137005536
2026-09-04T09:00:31.559343+09:00,잠실한강공원,잠실한강공원,POI110,KEY_2,1230094200,올림픽대로,1230046700,탄천IC,127.0696020078595723_37.5168633745709172,1230048500,잠실실내체육관북문앞,127.0744105410493603_37.5180587342205172,659.0,7.0,정체,127.0744105410493603_37.5180587342205172|127.0737644465918663_37.5182398374740700|127.0730716885542506_37.5184376616550637|127.0726308743356014_37.5185576948802080|127.0718747864366662_37.5188339841774621|127.0712897216547645_37.5190464979453040|127.0710108250935519_37.5191241846480992|127.0707592023156991_37.5191447343682398|127.0705168079646370_37.5191223893981984|127.0701522174600910_37.5189996213961336|127.0700306271375979_37.5189311668636947|127.0698868542610569_37.5188356808245729|127.0697349817978932_37.5186932382090816|127.0696272774244591_37.5185248186740381|127.0695590856078496_37.5183237126064597|127.0695302311407602_37.5180573831475215|127.0695066075921886_37.5179010369558412|127.0695399975699189_37.5173563914672599|127.0695906177090961_37.5169297275663567|127.0696020078595723_37.5168633745709172
2026-09-04T09:00:31.559343+09:00,잠원한강공원,잠원한강공원,POI111,KEY_3,1210005301,올림픽대로,1210467000,최소노드배치점,127.0063311684586722_37.5151321080427280,1210048600,한남대교분기점,127.0116483973796164_37.5197328756636708,694.0,37.0,서행,127.0116483973796164_37.5197328756636708|127.0113381325108008_37.5194347621186211|127.0111530941337463_37.5192706692185212|127.0109430122922873_37.5190843650138959|127.0098205372895421_37.5181189800994872|127.0087474791721576_37.5172072192485331|127.0063311684586722_37.5151321080427280
2026-09-04T09:00:31.559343+09:00,잠원한강공원,잠원한강공원,POI111,KEY_3,1210005304,올림픽대로,1210048600,한남대교분기점,127.0116483973796164_37.5197328756636708,1210050600,한남IC,127.0144200511100223_37.5223958397555037,384.0,45.0,서행,127.0144200511100223_37.5223958397555037|127.0116483973796164_37.5197328756636708
2026-09-04T09:00:31.559343+09:00,잠원한강공원,잠원한강공원,POI111,KEY_3,1210030601,강남대로,1210050800,잠원고가차도,127.0171954067127871_37.5225456375150301,1220157700,한남IC,127.0145780793450854_37.5252994305641892,383.0,60.0,원활,127.0145780793450854_37.5252994305641892|127.0159781603691300_37.5238357378014484|127.0167039603145014_37.5230785483821734|127.0171954067127871_37.5225456375150301
2026-09-04T09:00:31.559343+09:00,잠원한강공원,잠원한강공원,POI111,KEY_3,1210030701,강남대로,1220157800,한남대교(남측),127.0146790907489986_37.5253724046406063,1210050500,잠원고가차도,127.0175844575561968_37.5222683840522109,430.0,24.0,서행,127.0175844575561968_37.5222683840522109|127.0173048143189050_37.5226096422798534|127.0168126229697805_37.5231433610007699|127.0160861030461348_37.5239013035145419|127.0146790907489986_37.5253724046406063
2026-09-04T09:00:31.559343+09:00,잠원한강공원,잠원한강공원,POI111,KEY_3,1210065500,올림픽대로,1220053900,한남IC,127.0169213218881623_37.5242444408011622,1210049600,한남IC,127.0132919536855240_37.5215913460039729,547.0,41.0,서행,127.0132919536855240_37.5215913460039729|127.0131764377013468_37.5213976973987542|127.0131545160519551_37.5213153301614213|127.0131550039927646_37.5212402098941311|127.0132140172836444_37.5211438671777131|127.0132726582109086_37.5211047588790620|127.0133582214981942_37.5210693389180960|127.0134525365458131_37.5210697273576983|127.0135512489524530_37.5210844429655666|127.0136138688634730_37.5211240510594735|127.0136897779433696_37.5211923310959961|127.0148471413883442_37.5223310822313749|127.0150702369121944_37.5225585580549250|127.0153899107410211_37.5228997103152295|127.0159514978690822_37.5234535073125173|127.0169213218881623_37.5242444408011622
2026-09-04T09:00:31.559343+09:00,잠원한강공원,잠원한강공원,POI111,KEY_3,1210065700,올림픽대로,1210048600,한남대교분기점,127.0116483973796164_37.5197328756636708,1210049600,한남IC,127.0132919536855240_37.5215913460039729,252.0,56.0,원활,127.0132919536855240_37.5215913460039729|127.0130555709649087_37.5213363858637976|127.0125786238490377_37.5207799430913980|127.0122757179837834_37.5203959260493249|127.0116483973796164_37.5197328756636708
2026-09-04T09:00:31.559343+09:00,잠원한강공원,잠원한강공원,POI111,KEY_3,1210065800,올림픽대로,1210050400,한남대교(남측),127.0155096957228693_37.5225502263552855,1220054400,한남IC,127.0200272274778115_37.5267777660031570,858.0,20.3,정체,127.0200272274778115_37.5267777660031570|127.0192123985727335_37.5262320472879267|127.0184256031381693_37.5256529030607808|127.0180363445848855_37.5254187935745804|127.0166351946520251_37.5246904614057826|127.0163666602473711_37.5245426948937322|127.0161921899377546_37.5244346626288348|127.0159597253565238_37.5242655788244619|127.0157274941423822_37.5240607229278424|127.0155355229140639_37.5238810722285265|127.0153170228297910_37.5236369227872473|127.0150716907118067_37.5233747752288167|127.0143490415408536_37.5226098500547209|127.0142824146727492_37.5224951037274508|127.0142785258566107_37.5224020792743715|127.0143106145724090_37.5223020478728913|127.0143650186087854_37.5222235720411348|127.0144237289814981_37.5221737313262196|127.0145183694337305_37.5221240393409659|127.0146443083077656_37.5220959386366317|127.0147880047045845_37.5221001058899972|127.0148866254190949_37.5221291292150383|127.0150164538753614_37.5221940534525586|127.0155096957228693_37.5225502263552855
2026-09-04T09:00:31.559343+09:00,잠원한강공원,잠원한강공원,POI111,KEY_3,1210066300,올림픽대로,1210049600,한남IC,127.0132919536855240_37.5215913460039729,1220157700,한남IC,127.0145780793450854_37.5252994305641892,460.0,42.0,서행,127.0145780793450854_37.5252994305641892|127.0147104295549099_37.5249005422464350|127.0147863672377895_37.5247339158101951|127.0148579760127063_37.5245883769243278|127.0149310195781425_37.5244062372913092|127.0149770447245032_37.5242347175482251|127.0149917460097839_37.5240451835156819|127.0149749842814657_37.5238590971000932|127.0149399334525668_37.5237230168275246|127.0148737690059306_37.5235367275936440|127.0148115854763091_37.5234291548056120|127.0146423776016888_37.5232030927398981|127.0137688650678029_37.5221549397842438|127.0132919536855240_37.5215913460039729
2026-09-04T09:00:31.559343+09:00,잠원한강공원,잠원한강공원,POI111,KEY_3,1220096300,올림픽대로,1220157800,한남대교(남측),127.0146790907489986_37.5253724046406063,1220054400,한남IC,127.0200272274778115_37.5267777660031570,575.0,50.7,원활,127.0200272274778115_37.5267777660031570|127.0193242289730762_37.5264203087462036|127.0188857178037978_37.5261609604559894|127.0185233361122101_37.5259376936575251|127.0182234214589982_37.5257790711315735|127.0179681452605820_37.5256635576158075|127.0175160321388574_37.5254256122853178|127.0165272393316940_37.5248313212460829|127.0163169527300369_37.5247052561106358|127.0162273333328500_37.5246726936194008|127.0160972225443743_37.5246506972341933|127.0159221050795963_37.5246428254883995|127.0158097059604216_37.5246602506560123|127.0156341030276366_37.5247274987173896|127.0154267130539978_37.5248482747160921|127.0146790907489986_37.5253724046406063
2026-09-04T09:00:31.559343+09:00,잠원한강공원,잠원한강공원,POI111,KEY_3,1220105100,올림픽대로,1220059300,동호대교JC,127.0220780430583289_37.5291616152612590,1220061000,동호대교(남측),127.0229084781207405_37.5333942739204431,522.0,56.3,원활,127.0229084781207405_37.5333942739204431|127.0233635598606838_37.5325665468142446|127.0235829412492023_37.5322097058520612|127.0236738242093537_37.5320455189443791|127.0237150924269685_37.5319133274793018|127.0237159114981580_37.5317845490102897|127.0236941799930719_37.5316699892608909|127.0236589738914148_37.5315553754423448|127.0235878106225016_37.5314441935041714|127.0234184891007061_37.5312288752733068|127.0232223077572939_37.5309991388464397|127.0227364911469152_37.5304033524873617|127.0225805354424722_37.5302059729861313|127.0224870300151281_37.5300768133414024|127.0223848165293816_37.5299046919136003|127.0222960097674587_37.5297433564546594|127.0222118991010092_37.5295498443736761|127.0220780430583289_37.5291616152612590
2026-09-04T09:00:31.559343+09:00,잠원한강공원,잠원한강공원,POI111,KEY_3,1220106000,논현로,1220060104,동호대교JC,127.0244930828705350_37.5312156076113936,1220061000,동호대교(남측),127.0229084781207405_37.5333942739204431,279.0,28.0,원활,127.0229084781207405_37.5333942739204431|127.0232726866820627_37.5328829494918850|127.0244930828705350_37.5312156076113936
2026-09-04T09:00:31.559343+09:00,잠원한강공원,잠원한강공원,POI111,KEY_3,1220342500,올림픽대로,1210002002,서초구-강남구,127.0160756749148590_37.5238982581448965,1220054400,한남IC,127.0200272274778115_37.5267777660031570,473.0,52.0,원활,127.0200272274778115_37.5267777660031570|127.0174926925739385_37.5248921052717748|127.0167692105759869_37.5243778468914542|127.0160756749148590_37.5238982581448965
2026-09-04T09:00:31.559343+09:00,잠원한강공원,잠원한강공원,POI111,KEY_3,1220342800,올림픽대로,1220054400,한남IC,127.0200272274778115_37.5267777660031570,1220059300,동호대교JC,127.0220780430583289_37.5291616152612590,322.0,56.0,원활,127.0220780430583289_37.5291616152612590|127.0220517502220900_37.5291250566255243|127.0213640484212050_37.5281805214620263|127.0212442670701734_37.5280074876508394|127.0209909950696954_37.5276997633197666|127.0208173241896787_37.5274941629031531|127.0206909534822728_37.5273554073890026|127.0205589843227756_37.5272328410129745|127.0204122331301448_37.5270947744028120|127.0203880379195880_37.5270740330117505|127.0202983566571362_37.5269971470395589|127.0200272274778115_37.5267777660031570
2026-09-04T09:00:31.559343+09:00,잠원한강공원,잠원한강공원,POI111,KEY_3,1220343000,올림픽대로,1220059300,동호대교JC,127.0220780430583289_37.5291616152612590,1220061700,동호대교JC,127.0265039145882753_37.5338077911726771,655.0,67.0,원활,127.0265039145882753_37.5338077911726771|127.0263061761544918_37.5337200787946372|127.0261029394426231_37.5336028099630568|127.0258301164592467_37.5334591467799115|127.0255926780643279_37.5333027315416814|127.0254173103755306_37.5331668245794674|127.0252530509295497_37.5330397168580419|127.0250780178394621_37.5328857370346967|127.0248546347229421_37.5326680240083306|127.0246229562475975_37.5324221577972992|127.0240947726871497_37.5318184643953501|127.0236711793850333_37.5313091455595753|127.0232027216458448_37.5306889035906366|127.0228655067426757_37.5302415599729571|127.0224067469877554_37.5296186521967385|127.0220780430583289_37.5291616152612590
2026-09-04T09:00:31.559343+09:00,청계산,청계산,POI112,KEY_4,1210000711,경부고속도로,1210449200,최소노드배치점,127.0572473646991796_37.4446822625857081,1210000303,원지동489-2,127.0611116321153702_37.4392909081442369,689.0,16.1,서행,127.0611116321153702_37.4392909081442369|127.0609315083385411_37.4395346353218912|127.0588239315142545_37.4424793010316677|127.0572473646991796_37.4446822625857081
2026-09-04T09:00:31.559343+09:00,청계산,청계산,POI112,KEY_4,1210031900,청계산로,1210486300,최소노드배치점,127.0608932817513477_37.4400494757925912,1210008321,청계산길삼거리,127.0586823451657352_37.4429910818022265,381.0,45.3,원활,127.0586823451657352_37.4429910818022265|127.0591662640642028_37.4422470485704224|127.0592491678171001_37.4421399553288055|127.0603402860259621_37.4407304388508493|127.0603767585155452_37.4406855268171128|127.0608932817513477_37.4400494757925912
2026-09-04T09:00:31.559343+09:00,청계산,청계산,POI112,KEY_4,1210032000,청계산로,1210382300,신원동 48-16,127.0689133267683673_37.4319923005843833,2040001001,서초구-성남시수정구,127.0712198428584401_37.4305783980768396,260.0,37.0,원활,127.0712198428584401_37.4305783980768396|127.0711028696561584_37.4306114678604231|127.0703107383910719_37.4309818756336128|127.0695397393779444_37.4314271473229923|127.0693310371891442_37.4315845639555036|127.0689133267683673_37.4319923005843833
2026-09-04T09:00:31.559343+09:00,청계산,청계산,POI112,KEY_4,1210032101,청계산로,1210284000,신원동 307,127.0514085152237556_37.4518091803845721,1210008504,신원동501-21,127.0513183620442987_37.4531538308920418,201.0,29.0,원활,127.0513183620442987_37.4531538308920418|127.0506240143684380_37.4527327188383623|127.0506592259591940_37.4526912672754051|127.0514085152237556_37.4518091803845721
2026-09-04T09:00:31.559343+09:00,청계산,청계산,POI112,KEY_4,1210032103,청계산로,1210008310,신원동201-3,127.0559458797580419_37.4469717659356149,1210008325,신원동280-1,127.0531615785309327_37.4497181796301390,392.0,30.5,원활,127.0531615785309327_37.4497181796301390|127.0533221718746262_37.4495056390777634|127.0559458797580419_37.4469717659356149
2026-09-04T09:00:31.559343+09:00,청계산,청계산,POI112,KEY_4,1210032202,청계산로,1210008503,신원동501-21,127.0513688585657803_37.4530533330380067,1210008323,신원동280-1,127.0532074871860857_37.4498669554356738,446.0,24.5,서행,127.0532074871860857_37.4498669554356738|127.0530950000193258_37.4500158268333792|127.0515057194718622_37.4518620167792236|127.0507818684531429_37.4527028419938546|127.0513688585657803_37.4530533330380067
2026-09-04T09:00:31.559343+09:00,청계산,청계산,POI112,KEY_4,1210032204,청계산로,1210008324,신원동280-1,127.0532777455629230_37.4497739712044080,1210008307,신원동201-3,127.0560504946031841_37.4470406208549775,390.0,37.0,원활,127.0560504946031841_37.4470406208549775|127.0534298062270295_37.4495727231995446|127.0532777455629230_37.4497739712044080
2026-09-04T09:00:31.559343+09:00,청계산,청계산,POI112,KEY_4,1210177500,경부고속도로,1210446500,최소노드배치점,127.0653036739185353_37.4349232323748993,1210085501,서초구-성남시수정구,127.0696665356241795_37.4306444654284931,612.0,17.0,서행,127.0696665356241795_37.4306444654284931|127.0653036739185353_37.4349232323748993
2026-09-04T09:00:31.559343+09:00,청계산,청계산,POI112,KEY_4,1210177600,경부고속도로,1210446400,최소노드배치점,127.0651984769812799_37.4348550201566468,1210000304,원지동489-2,127.0609981268950293_37.4392308276163988,612.0,94.0,원활,127.0609981268950293_37.4392308276163988|127.0619913681257458_37.4380483828942161|127.0627090354693252_37.4372961789658376|127.0651984769812799_37.4348550201566468
2026-09-04T09:00:31.559343+09:00,청계산,청계산,POI112,KEY_4,1210177700,경부고속도로,1210449500,최소노드배치점,127.0526747207954372_37.4497035943056531,1210074702,신양재IC,127.0481276841114635_37.4547449692336869,689.0,90.3,원활,127.0481276841114635_37.4547449692336869|127.0488562039205362_37.4539451814088551|127.0499088293466770_37.4527786187978151|127.0507886425474311_37.4518049000086037|127.0516045488923140_37.4508924001779917|127.0526646112414824_37.4497147438476219|127.0526747207954372_37.4497035943056531
2026-09-04T09:00:31.559343+09:00,홍제폭포,홍제폭포,POI128,KEY_1,1120001300,내부순환도로,1120189000,최소노드배치점,126.9355029712090754_37.5797537876482934,1120018100,예그린유치원,126.9353306048413259_37.5859254286256572,782.0,26.3,정체,126.9353306048413259_37.5859254286256572|126.9353720149181157_37.5856896398522622|126.9354206634169913_37.5854295552364022|126.9355132292078991_37.5851258757186955|126.9356226920927213_37.5848470691319108|126.9357642556575456_37.5845605511847225|126.9359608400409485_37.5842493982299857|126.9369854646653977_37.5826831449766772|126.9371085724289401_37.5824456628314110|126.9371785853267482_37.5822326575221055|126.9372196054329152_37.5820190961513987|126.9372314619192110_37.5817916412523019|126.9372081619637669_37.5815484606276442|126.9371731874261968_37.5813433155249186|126.9371097635167871_37.5811454523982604|126.9369753385925321_37.5808984760248705|126.9368523263752451_37.5807116973754205|126.9367005935860959_37.5805256438115265|126.9365006626036063_37.5803335058484080|126.9363068869953679_37.5801650390661877|126.9361325128705431_37.5800446018223511|126.9358819462616168_37.5799006304472769|126.9356007343512687_37.5797885361015034|126.9355029712090754_37.5797537876482934
2026-09-04T09:00:31.559343+09:00,홍제폭포,홍제폭포,POI128,KEY_1,1120010301,연희로,1120143600,연희동 169-1,126.9359270691176391_37.5786224940936506,1120014803,서대문구청,126.9360877140000383_37.5796495017982863,115.0,14.0,정체,126.9360877140000383_37.5796495017982863|126.9360739899393877_37.5793519176538453|126.9360576488695926_37.5792443728082688|126.9360343655483661_37.5790911386545901|126.9359766844867039_37.5788392026325582|126.9359270691176391_37.5786224940936506
2026-09-04T09:00:31.559343+09:00,홍제폭포,홍제폭포,POI128,KEY_1,1120010302,연희로,1120014804,서대문구청,126.9360927246252260_37.5797673993961681,1120015303,서대문구청앞교차로,126.9361095223012796_37.5802604456917777,55.0,29.0,원활,126.9361095223012796_37.5802604456917777|126.9360927246252260_37.5797673993961681
2026-09-04T09:00:31.559343+09:00,홍제폭포,홍제폭포,POI128,KEY_1,1120010402,연희로,1120015302,서대문구청앞교차로,126.9362453257862029_37.5802575151093023,1120014801,서대문구청,126.9362289336807237_37.5797763988674731,53.0,40.0,원활,126.9362289336807237_37.5797763988674731|126.9362453257862029_37.5802575151093023
2026-09-04T09:00:31.559343+09:00,홍제폭포,홍제폭포,POI128,KEY_1,1120010902,연희로,1120014701,홍은동 275-36,126.9341761077857598_37.5796051045167516,1120015304,서대문구청앞교차로,126.9361130599227607_37.5803854760075282,192.0,26.0,원활,126.9361130599227607_37.5803854760075282|126.9355295449089311_37.5801293098410127|126.9341761077857598_37.5796051045167516
2026-09-04T09:00:31.559343+09:00,홍제폭포,홍제폭포,POI128,KEY_1,1120012101,연희로,1120015304,서대문구청앞교차로,126.9361130599227607_37.5803854760075282,1120015900,서대문구청앞,126.9361242751955388_37.5814206624140539,115.0,35.5,원활,126.9361242751955388_37.5814206624140539|126.9361190331520532_37.5809368173319669|126.9361130599227607_37.5803854760075282
2026-09-04T09:00:31.559343+09:00,홍제폭포,홍제폭포,POI128,KEY_1,1120012200,연희로,1120183800,홍은동 274-14,126.9362548820711538_37.5809358850233224,1120015301,서대문구청앞교차로,126.9362489072490945_37.5803845436516468,61.0,26.5,원활,126.9362489072490945_37.5803845436516468|126.9362548820711538_37.5809358850233224
2026-09-04T09:00:31.559343+09:00,홍제폭포,홍제폭포,POI128,KEY_1,1120026100,연희로32길,1120156600,연희동 168-34,126.9366082191874625_37.5795866226403561,1120014802,서대문구청,126.9362244887250029_37.5796675300616769,35.0,10.0,정체,126.9362244887250029_37.5796675300616769|126.9364292255509099_37.5796421835507530|126.9366082191874625_37.5795866226403561
2026-09-04T09:00:31.559343+09:00,가락시장,가락시장,POI058,KEY_2,1230002100,송파대로,1230017304,올림픽훼밀리타운앞교차로,127.1210258428540527_37.4887675565131815,1230019203,가락시장역앞교차로,127.1187411667467586_37.4925136264130430,463.0,22.0,서행,127.1187411667467586_37.4925136264130430|127.1197714201593811_37.4910640833560080|127.1200223071997186_37.4906490297457822|127.1203066139645301_37.4901786821806482|127.1206094301574723_37.4895845644306007|127.1210258428540527_37.4887675565131815
2026-09-04T09:00:31.559343+09:00,가락시장,가락시장,POI058,KEY_2,1230002501,송파대로,1230019204,가락시장역앞교차로,127.1186631577493671_37.4926059869610953,1230019703,속성변화점,127.1180895409655136_37.4932155741045676,85.0,8.0,정체,127.1180895409655136_37.4932155741045676|127.1184380300240377_37.4928470244958234|127.1186631577493671_37.4926059869610953
2026-09-04T09:00:31.559343+09:00,가락시장,가락시장,POI058,KEY_2,1230002502,송파대로,1230019703,속성변화점,127.1180895409655136_37.4932155741045676,1230020403,속성변화점,127.1174565775458518_37.4938968822872383,94.0,10.0,정체,127.1174565775458518_37.4938968822872383|127.1180074799294744_37.4933031352013657|127.1180895409655136_37.4932155741045676
2026-09-04T09:00:31.559343+09:00,가락시장,가락시장,POI058,KEY_2,1230002503,송파대로,1230020403,속성변화점,127.1174565775458518_37.4938968822872383,1230021003,속성변화점,127.1165394302565375_37.4948799779219542,136.0,8.0,정체,127.1165394302565375_37.4948799779219542|127.1173759307437905_37.4939835618050665|127.1174565775458518_37.4938968822872383
2026-09-04T09:00:31.559343+09:00,가락시장,가락시장,POI058,KEY_2,1230002504,송파대로,1230021003,속성변화점,127.1165394302565375_37.4948799779219542,1230022202,송파지하차도(남측),127.1157009408522782_37.4957852674061130,125.0,6.0,정체,127.1157009408522782_37.4957852674061130|127.1164582088762387_37.4949673388322466|127.1165394302565375_37.4948799779219542
2026-09-04T09:00:31.559343+09:00,가락시장,가락시장,POI058,KEY_2,1230002505,송파대로,1230022202,송파지하차도(남측),127.1157009408522782_37.4957852674061130,1230023000,가락동172-9,127.1150412999846395_37.4964072887051572,91.0,34.0,원활,127.1150412999846395_37.4964072887051572|127.1154853088913086_37.4959272692098367|127.1157009408522782_37.4957852674061130
2026-09-04T09:00:31.559343+09:00,가락시장,가락시장,POI058,KEY_2,1230002506,송파대로,1230023000,가락동172-9,127.1150412999846395_37.4964072887051572,1230024503,가락시장앞교차로,127.1139289764058020_37.4976097905047183,166.0,28.5,원활,127.1139289764058020_37.4976097905047183|127.1150412999846395_37.4964072887051572
2026-09-04T09:00:31.559343+09:00,가락시장,가락시장,POI058,KEY_2,1230002601,송파대로,1230019702,가락시장역(서울8호선),127.1181979182710222_37.4932806354653536,1230019201,가락시장역앞교차로,127.1187959472877793_37.4926449140792002,88.0,38.0,원활,127.1187959472877793_37.4926449140792002|127.1185466484956379_37.4929118312852694|127.1181979182710222_37.4932806354653536
2026-09-04T09:00:31.559343+09:00,가락시장,가락시장,POI058,KEY_2,1230002602,송파대로,1230020402,대한소방공제회관,127.1175656927106274_37.4939611574999532,1230019701,가락시장역(서울8호선),127.1181165953376393_37.4933674102880872,82.0,40.0,원활,127.1181165953376393_37.4933674102880872|127.1175656927106274_37.4939611574999532
2026-09-04T09:00:31.559343+09:00,가락시장,가락시장,POI058,KEY_2,1230002603,송파대로,1230021002,금호아파트,127.1166483258781170_37.4949444902828972,1230020401,대한소방공제회관,127.1174848264418529_37.4940480737983179,124.0,25.0,원활,127.1174848264418529_37.4940480737983179|127.1166483258781170_37.4949444902828972
2026-09-04T09:00:31.559343+09:00,가락시장,가락시장,POI058,KEY_2,1230002604,송파대로,1230022201,송파지하차도(남측),127.1158101613083460_37.4958494321184332,1230021001,금호아파트,127.1165674108393091_37.4950315228562872,113.0,41.0,원활,127.1165674108393091_37.4950315228562872|127.1158101613083460_37.4958494321184332
2026-09-04T09:00:31.559343+09:00,가락시장,가락시장,POI058,KEY_2,1230002605,송파대로,1230023100,가락금호아파트,127.1152652544426758_37.4965296586052403,1230022201,송파지하차도(남측),127.1158101613083460_37.4958494321184332,90.0,8.0,정체,127.1158101613083460_37.4958494321184332|127.1157037850572209_37.4960555597114009|127.1152652544426758_37.4965296586052403
2026-09-04T09:00:31.559343+09:00,가락시장,가락시장,POI058,KEY_2,1230002606,송파대로,1230024502,가락시장앞교차로,127.1141561470058008_37.4977286881623826,1230023100,가락금호아파트,127.1152652544426758_37.4965296586052403,165.0,2.0,정체,127.1152652544426758_37.4965296586052403|127.1141561470058008_37.4977286881623826
2026-09-04T09:00:31.559343+09:00,가락시장,가락시장,POI058,KEY_2,1230006701,중대로2길,1230404500,광평교교차로,127.1093634865369353_37.4894577289529849,1230017703,광평교앞교차로,127.1092394510687598_37.4896255728467267,22.0,34.7,원활,127.1092394510687598_37.4896255728467267|127.1093634865369353_37.4894577289529849
2026-09-04T09:00:31.559343+09:00,가락시장,가락시장,POI058,KEY_2,1230008301,중대로,1230017701,광평교앞교차로,127.1092906185560736_37.4897579918237298,1230018104,문정2동주민센터,127.1115601597222593_37.4904720850338151,216.0,42.0,원활,127.1115601597222593_37.4904720850338151|127.1092906185560736_37.4897579918237298
2026-09-04T09:00:31.559343+09:00,가락시장,가락시장,POI058,KEY_2,1230008302,중대로,1230402200,가락동 214-15,127.1156548468998295_37.4917156376188814,1230018904,가락시장역(서울3호선),127.1165507728938735_37.4919875515897090,85.0,31.0,원활,127.1165507728938735_37.4919875515897090|127.1156548468998295_37.4917156376188814
2026-09-04T09:00:31.559343+09:00,가락시장,가락시장,POI058,KEY_2,1230008303,중대로,1230018901,가락시장역(서울3호선),127.1166794195227965_37.4920258866616223,1230019204,가락시장역앞교차로,127.1186631577493671_37.4926059869610953,187.0,25.0,원활,127.1186631577493671_37.4926059869610953|127.1166794195227965_37.4920258866616223
2026-09-04T09:00:31.559343+09:00,가락시장,가락시장,POI058,KEY_2,1230008401,중대로,1230018103,문정2동주민센터,127.1116079808720940_37.4903708873401271,1230017702,광평교앞교차로,127.1093671662392239_37.4896658322966232,213.0,28.0,원활,127.1093671662392239_37.4896658322966232|127.1116079808720940_37.4903708873401271
2026-09-04T09:00:31.559343+09:00,가락시장,가락시장,POI058,KEY_2,1230008402,중대로,1230369800,가락동 214-15,127.1148749173534327_37.4913632225477613,1230018102,문정2동주민센터,127.1117345135237997_37.4904100115912300,297.0,28.0,원활,127.1117345135237997_37.4904100115912300|127.1126865290733008_37.4906989895391050|127.1134352511671608_37.4909262521512474|127.1142273347816030_37.4911666697808599|127.1148749173534327_37.4913632225477613
2026-09-04T09:00:31.559343+09:00,가락시장,가락시장,POI058,KEY_2,1230008403,중대로,1230019203,가락시장역앞교차로,127.1187411667467586_37.4925136264130430,1230018902,가락시장역(서울3호선),127.1167261713873557_37.4919243860885771,190.0,10.0,정체,127.1167261713873557_37.4919243860885771|127.1187411667467586_37.4925136264130430
2026-09-04T09:00:31.559343+09:00,가락시장,가락시장,POI058,KEY_2,1230009100,양재대로,1230421100,최소노드배치점,127.1068132568920532_37.4922308056512179,1230020602,탄천교앞교차로,127.1037134371381967_37.4941541612508757,351.0,11.0,정체,127.1037134371381967_37.4941541612508757|127.1040602054997919_37.4940702958258214|127.1041358426904821_37.4940098959711463|127.1042874408076955_37.4938668220432021|127.1050376852226407_37.4934408894289248|127.1058058447839301_37.4929665113712218|127.1063415329264501_37.4925814887936966|127.1068132568920532_37.4922308056512179
2026-09-04T09:00:31.559343+09:00,가락시장,가락시장,POI058,KEY_2,1230009200,양재대로,1230421200,최소노드배치점,127.1069058251384831_37.4923098611998498,1230017701,광평교앞교차로,127.1092906185560736_37.4897579918237298,356.0,23.0,서행,127.1092906185560736_37.4897579918237298|127.1091246165315027_37.4899268501938678|127.1089168382183630_37.4902518586327673|127.1086917284484201_37.4905864179943222|127.1083045104332001_37.4910935964046459|127.1080776858556334_37.4913544969977579|127.1078545506475876_37.4915690793142886|127.1074077619908849_37.4919367115673055|127.1069058251384831_37.4923098611998498
2026-09-04T09:00:31.559343+09:00,가락시장,가락시장,POI058,KEY_2,1230010001,중대로,1230389000,가락동 100-2,127.1213288954643446_37.4938085150073661,1230019202,가락시장역앞교차로,127.1188701859757515_37.4925515078194422,259.0,27.0,원활,127.1188701859757515_37.4925515078194422|127.1191253945907675_37.4926266562471753|127.1193048451132483_37.4927010271650119|127.1197739351579514_37.4929547661225939|127.1204944491470172_37.4933444976609849|127.1206077359289424_37.4934066955895773|127.1213288954643446_37.4938085150073661
2026-09-04T09:00:31.559343+09:00,가락시장,가락시장,POI058,KEY_2,1230011301,탄천동로,1230020603,탄천교앞교차로,127.1035083522439209_37.4942053452210757,1230020900,가락시영1차아파트,127.1023921618984787_37.4946491021272408,111.0,11.0,정체,127.1023921618984787_37.4946491021272408|127.1032717072850176_37.4942717424955845|127.1033115117363366_37.4942546645723027|127.1035083522439209_37.4942053452210757
2026-09-04T09:00:31.559343+09:00,가락시장,가락시장,POI058,KEY_2,1230011402,탄천동로,1230404200,가락동 913-5,127.1033360425381034_37.4943669393432941,1230020604,탄천교앞교차로,127.1037081302821434_37.4942686301430825,35.0,33.0,원활,127.1037081302821434_37.4942686301430825|127.1033645059181936_37.4943547272602373|127.1033360425381034_37.4943669393432941
2026-09-04T09:00:31.559343+09:00,가락시장,가락시장,POI058,KEY_2,1230011501,양재대로,1230020604,탄천교앞교차로,127.1037081302821434_37.4942686301430825,1230021602,가락지하차도(서측),127.1066159249626821_37.4951597316970222,276.0,20.5,서행,127.1066159249626821_37.4951597316970222|127.1037081302821434_37.4942686301430825
2026-09-04T09:00:31.559343+09:00,가락시장,가락시장,POI058,KEY_2,1230011503,양재대로,1230021602,가락지하차도(서측),127.1066159249626821_37.4951597316970222,1230022404,가락시장입구교차로,127.1088751233200611_37.4959359121374192,218.0,34.0,원활,127.1088751233200611_37.4959359121374192|127.1071119917949375_37.4953848191210000|127.1068397224560442_37.4952934730400784|127.1066159249626821_37.4951597316970222
2026-09-04T09:00:31.559343+09:00,가락시장,가락시장,POI058,KEY_2,1230011504,양재대로,1230022401,가락시장입구교차로,127.1090039674739813_37.4959756436812626,1230022702,가락지하차도(동측),127.1109238161647710_37.4965018932248313,180.0,16.0,서행,127.1109238161647710_37.4965018932248313|127.1106463375335807_37.4964753395489012|127.1090039674739813_37.4959756436812626
2026-09-04T09:00:31.559343+09:00,가락시장,가락시장,POI058,KEY_2,1230011505,양재대로,1230022702,가락지하차도(동측),127.1109238161647710_37.4965018932248313,1230023800,가락지하차도,127.1116511171543522_37.4967260215322469,69.0,34.5,원활,127.1116511171543522_37.4967260215322469|127.1109238161647710_37.4965018932248313
2026-09-04T09:00:31.559343+09:00,가락시장,가락시장,POI058,KEY_2,1230011506,양재대로,1230023800,가락지하차도,127.1116511171543522_37.4967260215322469,1230024504,가락시장앞교차로,127.1138489076628559_37.4976973187640681,223.0,34.0,원활,127.1138489076628559_37.4976973187640681|127.1127794983662085_37.4971502561369405|127.1121184572878491_37.4968847443641735|127.1116511171543522_37.4967260215322469
2026-09-04T09:00:31.559343+09:00,가락시장,가락시장,POI058,KEY_2,1230011601,양재대로,1230021601,가락지하차도(서측),127.1066666120631226_37.4950594505273571,1230020601,탄천교앞교차로,127.1039190442420335_37.4942174272189277,260.0,39.0,원활,127.1039190442420335_37.4942174272189277|127.1066666120631226_37.4950594505273571
2026-09-04T09:00:31.559343+09:00,가락시장,가락시장,POI058,KEY_2,1230011603,양재대로,1230022403,가락시장입구교차로,127.1089742353404120_37.4957346052473497,1230021601,가락지하차도(서측),127.1066666120631226_37.4950594505273571,218.0,18.0,서행,127.1066666120631226_37.4950594505273571|127.1069450436642683_37.4950941788595031|127.1072142261082831_37.4951844894170065|127.1089742353404120_37.4957346052473497
2026-09-04T09:00:31.559343+09:00,가락시장,가락시장,POI058,KEY_2,1230011604,양재대로,1230022701,가락지하차도(동측),127.1109724966751742_37.4964009687156761,1230022402,가락시장입구교차로,127.1091007883985071_37.4957736303197251,180.0,33.0,원활,127.1091007883985071_37.4957736303197251|127.1107431549197742_37.4962733259833385|127.1109724966751742_37.4964009687156761
2026-09-04T09:00:31.559343+09:00,가락시장,가락시장,POI058,KEY_2,1230011605,양재대로,1230023300,가락지하차도,127.1117000683038469_37.4966251805970856,1230022701,가락지하차도(동측),127.1109724966751742_37.4964009687156761,69.0,15.0,서행,127.1109724966751742_37.4964009687156761|127.1117000683038469_37.4966251805970856
2026-09-04T09:00:31.559343+09:00,가락시장,가락시장,POI058,KEY_2,1230011606,양재대로,1230024503,가락시장앞교차로,127.1139289764058020_37.4976097905047183,1230023300,가락지하차도,127.1117000683038469_37.4966251805970856,226.0,15.0,서행,127.1117000683038469_37.4966251805970856|127.1121756604013200_37.4967866380658776|127.1128468823689133_37.4970562393765974|127.1139289764058020_37.4976097905047183
2026-09-04T09:00:31.559343+09:00,가락시장,가락시장,POI058,KEY_2,1230037801,탄천동로,1230017704,광평교앞교차로,127.1091590629308001_37.4897164815972701,1230018400,광평교,127.1081813856774403_37.4907944108752886,149.0,6.0,정체,127.1081813856774403_37.4907944108752886|127.1083606038160809_37.4905939968972461|127.1088443327929838_37.4899451261901149|127.1089279804344869_37.4898616122221782|127.1091590629308001_37.4897164815972701
2026-09-04T09:00:31.559343+09:00,가락시장,가락시장,POI058,KEY_2,1230037802,탄천동로,1230018400,광평교,127.1081813856774403_37.4907944108752886,1230020200,탄천교북측,127.1046982234543350_37.4935032962483277,432.0,12.0,정체,127.1046982234543350_37.4935032962483277|127.1049388716472919_37.4933600479160347|127.1053932176754131_37.4930592694339637|127.1066156422230335_37.4921737388548735|127.1072462173635955_37.4916796974214108|127.1076466228856958_37.4913312805641468|127.1078826618966673_37.4911117448254743|127.1080380223929467_37.4909637998517482|127.1081813856774403_37.4907944108752886
2026-09-04T09:00:31.559343+09:00,가락시장,가락시장,POI058,KEY_2,1230037803,탄천동로,1230020200,탄천교북측,127.1046982234543350_37.4935032962483277,1230020603,탄천교앞교차로,127.1035083522439209_37.4942053452210757,134.0,10.0,정체,127.1035083522439209_37.4942053452210757|127.1040325096386141_37.4940538804506005|127.1041465466602460_37.4939567938172402|127.1042633630689096_37.4938362379005881|127.1046982234543350_37.4935032962483277
2026-09-04T09:00:31.559343+09:00,가락시장,가락시장,POI058,KEY_2,1230050600,중대로4길,1230407200,문정동 150,127.1123299947120131_37.4887823158563123,1230018103,문정2동주민센터,127.1116079808720940_37.4903708873401271,188.0,13.0,정체,127.1116079808720940_37.4903708873401271|127.1118727225017579_37.4897884123905669|127.1120077593992619_37.4894913053738250|127.1123299947120131_37.4887823158563123
2026-09-04T09:00:31.559343+09:00,가락시장,가락시장,POI058,KEY_2,1230051300,탄천동로,1230017101,가락동616-1,127.1097657080771626_37.4886328395552795,1230017703,광평교앞교차로,127.1092394510687598_37.4896255728467267,128.0,35.5,원활,127.1092394510687598_37.4896255728467267|127.1091558106008961_37.4895112849332648|127.1091556753553391_37.4894183407482799|127.1092033232423972_37.4893094586352476|127.1097657080771626_37.4886328395552795
2026-09-04T09:00:31.559343+09:00,가락시장,가락시장,POI058,KEY_2,1230051600,중대로,1230017703,광평교앞교차로,127.1092394510687598_37.4896255728467267,1220023001,강남구-송파구,127.1078485322773020_37.4891860036057949,132.0,23.0,서행,127.1078485322773020_37.4891860036057949|127.1092394510687598_37.4896255728467267
2026-09-04T09:00:31.559343+09:00,가락시장,가락시장,POI058,KEY_2,1230051700,중대로,1220023002,강남구-송파구,127.1077983160486440_37.4892864477850765,1230017704,광평교앞교차로,127.1091590629308001_37.4897164815972701,129.0,17.0,서행,127.1091590629308001_37.4897164815972701|127.1077983160486440_37.4892864477850765
2026-09-04T09:00:31.559343+09:00,가락시장,가락시장,POI058,KEY_2,1230051800,탄천동로,1230017102,가락동616-1,127.1096470218132737_37.4885958507830637,1230018400,광평교,127.1081813856774403_37.4907944108752886,279.0,9.0,정체,127.1081813856774403_37.4907944108752886|127.1082887287691960_37.4905440001390318|127.1086974912796705_37.4897760026649465|127.1088854968754589_37.4894492333212099|127.1090766429304182_37.4892249683685037|127.1093007035074862_37.4890054407837212|127.1095576330975092_37.4887596584706273|127.1096470218132737_37.4885958507830637
2026-09-04T09:00:31.559343+09:00,가락시장,가락시장,POI058,KEY_2,1230051901,중대로8길,1230386000,문정동 150-14,127.1167833241685088_37.4914854397265600,1230018903,가락시장역(서울3호선),127.1165990721881229_37.4918865116658182,47.0,22.0,서행,127.1165990721881229_37.4918865116658182|127.1167833241685088_37.4914854397265600
2026-09-04T09:00:31.559343+09:00,가락시장,가락시장,POI058,KEY_2,1230051902,중대로8길,1230361900,문정동 150-14,127.1172116084218118_37.4905531499749003,1230016908,롯데마트(송파점),127.1169709124956029_37.4910771005723191,62.0,9.0,정체,127.1169709124956029_37.4910771005723191|127.1172116084218118_37.4905531499749003
2026-09-04T09:00:31.559343+09:00,가락시장,가락시장,POI058,KEY_2,1230052002,중대로8길,1230018902,가락시장역(서울3호선),127.1167261713873557_37.4919243860885771,1230016906,롯데마트(송파점),127.1170516918871982_37.4912157989307673,84.0,16.0,서행,127.1170516918871982_37.4912157989307673|127.1169107476193574_37.4915226056316016|127.1167261713873557_37.4919243860885771
2026-09-04T09:00:31.559343+09:00,가락시장,가락시장,POI058,KEY_2,1230054000,양재대로.중대로.사이길,1230422000,최소노드배치점,127.1102674173819196_37.4931029974296166,1230022403,가락시장입구교차로,127.1089742353404120_37.4957346052473497,314.0,22.0,서행,127.1089742353404120_37.4957346052473497|127.1102674173819196_37.4931029974296166
2026-09-04T09:00:31.559343+09:00,가락시장,가락시장,POI058,KEY_2,1230054100,양재대로.중대로.사이길,1230421900,최소노드배치점,127.1103937724681998_37.4931424163455418,1230018101,문정2동주민센터,127.1116866660194091_37.4905111871912951,314.0,15.0,서행,127.1116866660194091_37.4905111871912951|127.1103937724681998_37.4931424163455418
2026-09-04T09:00:31.559343+09:00,가락시장,가락시장,POI058,KEY_2,1230054500,송파대로28길,1230410400,가락동 99-10,127.1190884118777689_37.4937496752694486,1230019702,가락시장역(서울8호선),127.1181979182710222_37.4932806354653536,94.0,17.0,서행,127.1181979182710222_37.4932806354653536|127.1190884118777689_37.4937496752694486
2026-09-04T09:00:31.559343+09:00,가락시장,가락시장,POI058,KEY_2,1230054900,양재대로,1230020602,탄천교앞교차로,127.1037134371381967_37.4941541612508757,1220027201,강남구-송파구,127.1017380867346276_37.4935258095581858,188.0,23.8,서행,127.1017380867346276_37.4935258095581858|127.1037134371381967_37.4941541612508757
2026-09-04T09:00:31.559343+09:00,가락시장,가락시장,POI058,KEY_2,1230055000,양재대로,1220027202,강남구-송파구,127.1016878963476984_37.4936262631744768,1230020603,탄천교앞교차로,127.1035083522439209_37.4942053452210757,173.0,40.0,원활,127.1035083522439209_37.4942053452210757|127.1016878963476984_37.4936262631744768
2026-09-04T09:00:31.559343+09:00,가락시장,가락시장,POI058,KEY_2,1230055100,탄천동로,1230020200,탄천교북측,127.1046982234543350_37.4935032962483277,1230020900,가락시영1차아파트,127.1023921618984787_37.4946491021272408,242.0,44.0,원활,127.1023921618984787_37.4946491021272408|127.1026351641800431_37.4944956246392778|127.1028100011304502_37.4943560139147394|127.1030386932509373_37.4942163550683105|127.1032808577331110_37.4940838361899651|127.1037831652852645_37.4938402368164390|127.1041105962998046_37.4937076412947334|127.1045008466885804_37.4935678371215673|127.1046982234543350_37.4935032962483277
2026-09-04T09:00:31.559343+09:00,가락시장,가락시장,POI058,KEY_2,1230055200,송파대로30길,1230390100,가락동 69,127.1181576884960975_37.4942844707260150,1230020402,대한소방공제회관,127.1175656927106274_37.4939611574999532,63.0,19.0,서행,127.1175656927106274_37.4939611574999532|127.1181576884960975_37.4942844707260150
2026-09-04T09:00:31.559343+09:00,가락시장,가락시장,POI058,KEY_2,1230056400,송파대로32길,1230363800,가락동 95-4,127.1171072649732992_37.4951831927519237,1230021002,금호아파트,127.1166483258781170_37.4949444902828972,48.0,21.0,서행,127.1166483258781170_37.4949444902828972|127.1171072649732992_37.4951831927519237
2026-09-04T09:00:31.559343+09:00,가락시장,가락시장,POI058,KEY_2,1230056500,송파대로32길,1230021001,금호아파트,127.1165674108393091_37.4950315228562872,1230021504,가락우성아파트,127.1172109413439841_37.4953662344504721,68.0,15.0,서행,127.1172109413439841_37.4953662344504721|127.1170330887625113_37.4952737308299717|127.1165674108393091_37.4950315228562872
2026-09-04T09:00:31.559343+09:00,가락시장,가락시장,POI058,KEY_2,1230057400,양재대로,1230022701,가락지하차도(동측),127.1109724966751742_37.4964009687156761,1230021601,가락지하차도(서측),127.1066666120631226_37.4950594505273571,409.0,42.7,원활,127.1066666120631226_37.4950594505273571|127.1071886675820224_37.4952345725276146|127.1090124158185830_37.4958046094001745|127.1109724966751742_37.4964009687156761
2026-09-04T09:00:31.559343+09:00,가락시장,가락시장,POI058,KEY_2,1230057500,양재대로,1230021602,가락지하차도(서측),127.1066159249626821_37.4951597316970222,1230022702,가락지하차도(동측),127.1109238161647710_37.4965018932248313,409.0,41.0,원활,127.1109238161647710_37.4965018932248313|127.1089634310423406_37.4959054420606890|127.1071375504234169_37.4953347360280986|127.1066159249626821_37.4951597316970222
2026-09-04T09:00:31.559343+09:00,가락시장,가락시장,POI058,KEY_2,1230059500,송파대로,1230023000,가락동172-9,127.1150412999846395_37.4964072887051572,1230023300,가락지하차도,127.1117000683038469_37.4966251805970856,334.0,33.7,원활,127.1117000683038469_37.4966251805970856|127.1132133030553462_37.4970539948776178|127.1134714429685602_37.4971044053795453|127.1136659491883449_37.4971191174298255|127.1138791054569595_37.4971010325812486|127.1140735290281469_37.4970621071467463|127.1143127756149056_37.4969843983692925|127.1146639988599105_37.4967605652213081|127.1150412999846395_37.4964072887051572
2026-09-04T09:00:31.559343+09:00,가락시장,가락시장,POI058,KEY_2,1230060100,송파대로,1230421700,최소노드배치점,127.1140721427734945_37.4977283810108872,1230022201,송파지하차도(남측),127.1158101613083460_37.4958494321184332,259.0,36.7,원활,127.1158101613083460_37.4958494321184332|127.1140721427734945_37.4977283810108872
2026-09-04T09:00:31.559343+09:00,가락시장,가락시장,POI058,KEY_2,1230060600,송파대로,1230025300,가락시장,127.1152758863382815_37.4983274724392501,1230023100,가락금호아파트,127.1152652544426758_37.4965296586052403,219.0,33.0,원활,127.1152652544426758_37.4965296586052403|127.1150120367173741_37.4969002819968367|127.1148517221107426_37.4972312072140355|127.1148219697051616_37.4973414922481183|127.1148034295675444_37.4974458062222311|127.1148110824045574_37.4975590345204068|127.1148337147807439_37.4976841685654136|127.1148825004034109_37.4977913976102499|127.1149425202820424_37.4979075545829943|127.1150586916786693_37.4980564363442781|127.1151897560098263_37.4982333364637554|127.1152758863382815_37.4983274724392501
2026-09-04T09:00:31.559343+09:00,가락시장,가락시장,POI058,KEY_2,1230060700,송파대로,1230023800,가락지하차도,127.1116511171543522_37.4967260215322469,1230025400,가락시장,127.1130396665766114_37.4985897582915655,279.0,35.7,원활,127.1130396665766114_37.4985897582915655|127.1131914635941911_37.4982502004138496|127.1132223301329560_37.4980790698056055|127.1132258865675624_37.4979568908886378|127.1132032208043796_37.4978079177548906|127.1131581323575404_37.4976708855017762|127.1130718956508048_37.4975279333659444|127.1128920928922668_37.4973433522305371|127.1126262481860749_37.4971439529376838|127.1116511171543522_37.4967260215322469
2026-09-04T09:00:31.559343+09:00,가로수길,가로수길,POI059,KEY_3,1220035103,압구정로,1220229500,신사동 667-35,127.0254725690620887_37.5256273769602657,1220054201,청작화랑,127.0241083963904600_37.5249346230122711,143.0,25.0,원활,127.0241083963904600_37.5249346230122711|127.0254725690620887_37.5256273769602657
2026-09-04T09:00:31.559343+09:00,가로수길,가로수길,POI059,KEY_3,1210005200,경부고속도로,1210050200,한남IC,127.0179230663021883_37.5215654212540883,1210048000,한남IC,127.0163581235578505_37.5170442405948918,561.0,63.0,원활,127.0163581235578505_37.5170442405948918|127.0165343138516363_37.5173858495530155|127.0167723392642358_37.5178670968809271|127.0170761911662964_37.5184149453652935|127.0172780896881903_37.5186691448905876|127.0175392423539904_37.5189538108083624|127.0178552351912344_37.5192549372941286|127.0180991379812383_37.5194738142039839|127.0182190961692754_37.5196134278193227|127.0182996365167583_37.5197270444739175|127.0183619528752246_37.5198563810036632|127.0184053893967047_37.5199980614801021|127.0184358162196929_37.5201630123718175|127.0184386910793393_37.5202890784637049|127.0184285996865725_37.5204319196483027|127.0184009492116246_37.5205590924208536|127.0183243377286288_37.5208205916057693|127.0179230663021883_37.5215654212540883
2026-09-04T09:00:31.559343+09:00,가로수길,가로수길,POI059,KEY_3,1210006302,강남대로,1210050500,잠원고가차도,127.0175844575561968_37.5222683840522109,1210050200,한남IC,127.0179230663021883_37.5215654212540883,84.0,53.0,원활,127.0179230663021883_37.5215654212540883|127.0178330428322369_37.5217757145184265|127.0176826012822175_37.5220826339949767|127.0175844575561968_37.5222683840522109
2026-09-04T09:00:31.559343+09:00,가로수길,가로수길,POI059,KEY_3,1210030102,강남대로,1220278700,신사동 667,127.0193796654159115_37.5169519190738754,1210047901,신사역사거리,127.0196073447006455_37.5162062855192104,85.0,37.5,원활,127.0196073447006455_37.5162062855192104|127.0193796654159115_37.5169519190738754
2026-09-04T09:00:31.559343+09:00,가로수길,가로수길,POI059,KEY_3,1210030103,강남대로,1210050200,한남IC,127.0179230663021883_37.5215654212540883,1210048900,한남IC,127.0191320703633693_37.5177627579261355,435.0,55.0,원활,127.0191320703633693_37.5177627579261355|127.0189310303031931_37.5184211218205093|127.0187293953687515_37.5190814217743309|127.0186579516555696_37.5193153777495993|127.0183961813083613_37.5201679848804446|127.0181460666752287_37.5209458080791194|127.0180078207468881_37.5213674346140280|127.0179230663021883_37.5215654212540883
2026-09-04T09:00:31.559343+09:00,가로수길,가로수길,POI059,KEY_3,1220032603,도산대로,1220301900,신사동 501-5,127.0226731476215747_37.5174979512342688,1220047304,신사동 501-5,127.0233702123766051_37.5177885099050883,70.0,32.0,원활,127.0233702123766051_37.5177885099050883|127.0227971066371566_37.5175496217451894|127.0226731476215747_37.5174979512342688
2026-09-04T09:00:31.559343+09:00,가로수길,가로수길,POI059,KEY_3,1220032604,도산대로,1220333600,신사동 501-5,127.0252630090018755_37.5185850545470387,1220048404,파키스탄대사관,127.0261635430802301_37.5189640959520858,90.0,34.0,원활,127.0261635430802301_37.5189640959520858|127.0252630090018755_37.5185850545470387
2026-09-04T09:00:31.559343+09:00,가로수길,가로수길,POI059,KEY_3,1220032605,도산대로,1220312500,신사동 501-5,127.0271621006632188_37.5193785848759092,1220048904,강남을지병원사거리,127.0280371859392829_37.5197414933169782,87.0,30.0,원활,127.0280371859392829_37.5197414933169782|127.0271621006632188_37.5193785848759092
2026-09-04T09:00:31.559343+09:00,가로수길,가로수길,POI059,KEY_3,1220032606,도산대로,1220157901,신사역(서울3호선),127.0212177927414388_37.5168872521704131,1220046804,속성변화점,127.0218474243994109_37.5171534779245377,63.0,18.0,서행,127.0218474243994109_37.5171534779245377|127.0212177927414388_37.5168872521704131
2026-09-04T09:00:31.559343+09:00,가로수길,가로수길,POI059,KEY_3,1220032607,도산대로,1220314700,신사동 501-5,127.0205588097228713_37.5166086099990750,1220157904,신사역(서울3호선),127.0210978863052702_37.5168365517813100,54.0,12.0,정체,127.0210978863052702_37.5168365517813100|127.0205588097228713_37.5166086099990750
2026-09-04T09:00:31.559343+09:00,가로수길,가로수길,POI059,KEY_3,1220032706,도산대로,1220314600,논현동 279,127.0206224542618116_37.5165131107482495,1210047902,신사역사거리,127.0196397311538306_37.5160975693515226,98.0,26.0,원활,127.0196397311538306_37.5160975693515226|127.0206224542618116_37.5165131107482495
2026-09-04T09:00:31.559343+09:00,가로수길,가로수길,POI059,KEY_3,1220032707,도산대로,1220046803,국민연금관리공단,127.0218796194653237_37.5170446810028935,1220157902,속성변화점,127.0212814368900069_37.5167917523675669,60.0,25.5,원활,127.0212814368900069_37.5167917523675669|127.0218796194653237_37.5170446810028935
2026-09-04T09:00:31.559343+09:00,가로수길,가로수길,POI059,KEY_3,1220034402,논현로,1220048904,강남을지병원사거리,127.0280371859392829_37.5197414933169782,1220049904,포포인츠바이쉐라톤서울강남,127.0280734448643045_37.5206167208549601,97.0,8.0,정체,127.0280734448643045_37.5206167208549601|127.0280371859392829_37.5197414933169782
2026-09-04T09:00:31.559343+09:00,가로수길,가로수길,POI059,KEY_3,1220034404,논현로,1220053804,KT신사지사앞,127.0283248558345122_37.5246129191385620,1220055202,압구정고가차도(남측),127.0283395591130500_37.5250065536841362,44.0,20.0,서행,127.0283395591130500_37.5250065536841362|127.0283248558345122_37.5246129191385620
2026-09-04T09:00:31.559343+09:00,가로수길,가로수길,POI059,KEY_3,1220034405,논현로,1220055202,압구정고가차도(남측),127.0283395591130500_37.5250065536841362,1220010003,압구정역앞교차로,127.0282759409679016_37.5270582615837682,229.0,22.0,서행,127.0282759409679016_37.5270582615837682|127.0283303202405847_37.5268739474045816|127.0283620150373025_37.5266475017756704|127.0283619317290800_37.5264274554737582|127.0283319991274453_37.5259676695780868|127.0282853399793055_37.5252252266081712|127.0283395591130500_37.5250065536841362
2026-09-04T09:00:31.559343+09:00,가로수길,가로수길,POI059,KEY_3,1220034406,논현로,1220049909,신사동668,127.0282766583817988_37.5238348591677067,1220053803,KT신사지사앞,127.0283194174098185_37.5245048688214595,74.0,19.0,서행,127.0283194174098185_37.5245048688214595|127.0282766583817988_37.5238348591677067
2026-09-04T09:00:31.559343+09:00,가로수길,가로수길,POI059,KEY_3,1220034407,논현로,1220373500,신사동 668,127.0282210639870328_37.5229636995892477,1220049908,신사동668,127.0282697656988802_37.5237268530348160,85.0,12.0,정체,127.0282697656988802_37.5237268530348160|127.0282210639870328_37.5229636995892477
2026-09-04T09:00:31.559343+09:00,가로수길,가로수길,POI059,KEY_3,1220034505,논현로,1220010002,압구정역앞교차로,127.0285181437996727_37.5271826705537279,1220055201,압구정고가차도(남측),127.0284751971407360_37.5250022451099099,244.0,8.0,정체,127.0284751971407360_37.5250022451099099|127.0285565062360433_37.5252144169059250|127.0286031556237134_37.5259566660534603|127.0286334403760122_37.5264218208668652|127.0286335312154051_37.5266594844593655|127.0285983577891358_37.5269107887466404|127.0285181437996727_37.5271826705537279
2026-09-04T09:00:31.559343+09:00,가로수길,가로수길,POI059,KEY_3,1220035101,압구정로,1220387500,신사동 667-35,127.0208024983061250_37.5232622623860976,1220051900,한남IC,127.0196414563682623_37.5226786197747799,121.0,27.0,원활,127.0196414563682623_37.5226786197747799|127.0198045751835991_37.5227606189946599|127.0208024983061250_37.5232622623860976
2026-09-04T09:00:31.559343+09:00,가로수길,가로수길,POI059,KEY_3,1220035102,압구정로,1220284700,신사동 667-35,127.0231244458356485_37.5244338308142105,1220052802,현대고,127.0224876254120829_37.5241095444315249,67.0,19.0,서행,127.0224876254120829_37.5241095444315249|127.0231244458356485_37.5244338308142105
2026-09-04T09:00:31.559343+09:00,가로수길,가로수길,POI059,KEY_3,1220035104,압구정로,1220197700,신사동 667-35,127.0264768016643444_37.5261378314984313,1220055601,갤러리가인로,127.0263447850509237_37.5260702905259507,14.0,10.0,정체,127.0263447850509237_37.5260702905259507|127.0264768016643444_37.5261378314984313
2026-09-04T09:00:31.559343+09:00,가로수길,가로수길,POI059,KEY_3,1220035600,논현로,1220055202,압구정고가차도(남측),127.0283395591130500_37.5250065536841362,1220058304,압구정고가차도(북측),127.0268388941667439_37.5286867952204233,456.0,25.0,원활,127.0268388941667439_37.5286867952204233|127.0276229048477035_37.5280429604157248|127.0278165005547066_37.5278840115926755|127.0279731715236551_37.5277036660985672|127.0281672333874639_37.5274318336580421|127.0283131192877590_37.5271685854789965|127.0283973296032798_37.5268831584729128|127.0284298940737244_37.5266504975051163|127.0284298088944297_37.5264260462047829|127.0283997882590228_37.5259649187552995|127.0283395591130500_37.5250065536841362
2026-09-04T09:00:31.559343+09:00,가로수길,가로수길,POI059,KEY_3,1220035700,논현로,1220058302,압구정고가차도(북측),127.0269363512986587_37.5287620679434681,1220055201,압구정고가차도(남측),127.0284751971407360_37.5250022451099099,466.0,70.0,원활,127.0284751971407360_37.5250022451099099|127.0285353676384261_37.5259594169927198|127.0285655632184074_37.5264232302528455|127.0285656521627686_37.5266564888469674|127.0285313483773990_37.5269015786934403|127.0284480650293517_37.5271838619750469|127.0282888742812872_37.5274801946933394|127.0280882251533114_37.5277612569592449|127.0279217590682350_37.5279528773542097|127.0269363512986587_37.5287620679434681
2026-09-04T09:00:31.559343+09:00,가로수길,가로수길,POI059,KEY_3,1220036101,압구정로,1220213100,신사동 667-35,127.0293474339213446_37.5276110594799661,1220010002,압구정역앞교차로,127.0285181437996727_37.5271826705537279,87.0,14.0,정체,127.0285181437996727_37.5271826705537279|127.0293474339213446_37.5276110594799661
2026-09-04T09:00:31.559343+09:00,가로수길,가로수길,POI059,KEY_3,1220089200,도산대로13길,1220287700,신사동 667-13,127.0230743650847813_37.5193351003487336,1220048603,한교빌딩,127.0230536690337004_37.5194604758461239,14.0,21.5,서행,127.0230536690337004_37.5194604758461239|127.0230743650847813_37.5193351003487336
2026-09-04T09:00:31.559343+09:00,가로수길,가로수길,POI059,KEY_3,1220089300,도산대로13길,1220389400,신사동 667-13,127.0233652346300346_37.5184041868742781,1220047301,신사동 501-5,127.0234959990522157_37.5178412759112945,64.0,23.5,서행,127.0234959990522157_37.5178412759112945|127.0233652346300346_37.5184041868742781
2026-09-04T09:00:31.559343+09:00,가로수길,가로수길,POI059,KEY_3,1220089800,논현로151길,1220443500,신사동 540-17,127.0244909423343387_37.5196152857974283,1220048602,한교빌딩,127.0231882543426423_37.5194745704341912,116.0,18.0,서행,127.0231882543426423_37.5194745704341912|127.0244718919648932_37.5196135745143948|127.0244909423343387_37.5196152857974283
2026-09-04T09:00:31.559343+09:00,가로수길,가로수길,POI059,KEY_3,1220089900,논현로151길,1220418800,신사동 667-21,127.0262498643968883_37.5199608855933420,1220049804,신사동 667-21,127.0274070953705206_37.5204456743626125,116.0,15.0,서행,127.0274070953705206_37.5204456743626125|127.0266396543750886_37.5201241789116082|127.0262498643968883_37.5199608855933420
2026-09-04T09:00:31.559343+09:00,가로수길,가로수길,POI059,KEY_3,1220091000,논현로151길,1220049904,포포인츠바이쉐라톤서울강남,127.0280734448643045_37.5206167208549601,1220049802,신사동 563-37,127.0275930492730652_37.5204031223416550,49.0,29.0,원활,127.0275930492730652_37.5204031223416550|127.0280734448643045_37.5206167208549601
2026-09-04T09:00:31.559343+09:00,가로수길,가로수길,POI059,KEY_3,1220091100,논현로151길,1220049801,신사동 667-21,127.0275268835117117_37.5204975286007425,1220049905,포포인츠바이쉐라톤서울강남,127.0280793639937258_37.5207431780700205,56.0,21.0,서행,127.0280793639937258_37.5207431780700205|127.0275268835117117_37.5204975286007425
2026-09-04T09:00:31.559343+09:00,가로수길,가로수길,POI059,KEY_3,1220092400,압구정로12길,1220417800,신사동 667-13,127.0224302352055901_37.5234937392832748,1220052803,현대고,127.0223574913892861_37.5240439075491210,61.0,23.0,서행,127.0223574913892861_37.5240439075491210|127.0223782425358934_37.5238158829208359|127.0224302352055901_37.5234937392832748
2026-09-04T09:00:31.559343+09:00,가로수길,가로수길,POI059,KEY_3,1220092500,압구정로12길,1220366000,신사동 667-13,127.0231140667746814_37.5199586975137009,1220048601,한교빌딩,127.0231712660938115_37.5195818456572496,42.0,19.0,서행,127.0231712660938115_37.5195818456572496|127.0231140667746814_37.5199586975137009
2026-09-04T09:00:31.559343+09:00,가로수길,가로수길,POI059,KEY_3,1220093002,압구정로,1220051400,한남IC,127.0184647515422967_37.5220740214540527,1210050301,서초구-강남구,127.0177990144592144_37.5217285520426174,70.0,31.0,원활,127.0177990144592144_37.5217285520426174|127.0184647515422967_37.5220740214540527
2026-09-04T09:00:31.559343+09:00,가로수길,가로수길,POI059,KEY_3,1220093400,압구정로,1220051900,한남IC,127.0196414563682623_37.5226786197747799,1220051400,한남IC,127.0184647515422967_37.5220740214540527,124.0,16.3,서행,127.0184647515422967_37.5220740214540527|127.0196414563682623_37.5226786197747799
2026-09-04T09:00:31.559343+09:00,가로수길,가로수길,POI059,KEY_3,1220093600,압구정로18길,1220402700,신사동 667-26,127.0242997575267196_37.5244046914768887,1220054203,청작화랑,127.0238902580922229_37.5248237950768342,60.0,13.0,정체,127.0238902580922229_37.5248237950768342|127.0240075609036410_37.5247631606974252|127.0242997575267196_37.5244046914768887
2026-09-04T09:00:31.559343+09:00,가로수길,가로수길,POI059,KEY_3,1220093700,압구정로18길,1220269200,신사동 667-22,127.0265257201653952_37.5217976687929635,1220049801,신사동 667-21,127.0275268835117117_37.5204975286007425,170.0,9.0,정체,127.0275268835117117_37.5204975286007425|127.0274614673849953_37.5206192024850438|127.0273151084055172_37.5208488732382079|127.0272306072528465_37.5209504397739764|127.0269002741036815_37.5213474819321107|127.0265257201653952_37.5217976687929635
2026-09-04T09:00:31.559343+09:00,가로수길,가로수길,POI059,KEY_3,1220095500,압구정로20길,1220295800,신사동 667-30,127.0249300313320617_37.5246883867516772,1220054202,청작화랑,127.0239993271606807_37.5248792090952108,85.0,9.0,정체,127.0239993271606807_37.5248792090952108|127.0241907646657893_37.5248235301143254|127.0248768749337529_37.5246912303723548|127.0249300313320617_37.5246883867516772
2026-09-04T09:00:31.559343+09:00,가로수길,가로수길,POI059,KEY_3,1220095600,압구정로20길,1220389300,신사동 667-30,127.0276891866743654_37.5246599576587982,1220053804,KT신사지사앞,127.0283248558345122_37.5246129191385620,57.0,9.0,정체,127.0283248558345122_37.5246129191385620|127.0278024437205033_37.5246369682814134|127.0276891866743654_37.5246599576587982
2026-09-04T09:00:31.559343+09:00,가로수길,가로수길,POI059,KEY_3,1220341900,강남대로,1220450900,최소노드배치점,127.0185739660145998_37.5202897635519861,1210048900,한남IC,127.0191320703633693_37.5177627579261355,286.0,43.5,원활,127.0191320703633693_37.5177627579261355|127.0190749075924401_37.5184495173263812|127.0185850281335433_37.5201347966023420|127.0185739660145998_37.5202897635519861
2026-09-04T09:00:31.559343+09:00,가로수길,가로수길,POI059,KEY_3,1220342100,강남대로,1210050200,한남IC,127.0179230663021883_37.5215654212540883,1220051400,한남IC,127.0184647515422967_37.5220740214540527,219.0,33.0,원활,127.0184647515422967_37.5220740214540527|127.0187361940851076_37.5221219841313172|127.0188799124806849_37.5221225694219385|127.0189701046267459_37.5220657007965528|127.0190338533853947_37.5219300247544041|127.0187948665284097_37.5213781528593202|127.0186786484771915_37.5212918254898256|127.0184900646496544_37.5212839020109570|127.0183010678575073_37.5213403675630133|127.0179230663021883_37.5215654212540883
2026-09-04T09:00:31.559343+09:00,광장(전통)시장,광장(전통)시장,POI060,KEY_4,1000001700,종로,1000107700,종로5가 82-1,127.0014559954733784_37.5710337936727115,1000011204,종로5가사거리,127.0018597424576257_37.5710524176874969,36.0,23.5,서행,127.0018597424576257_37.5710524176874969|127.0014559954733784_37.5710337936727115
2026-09-04T09:00:31.559343+09:00,광장(전통)시장,광장(전통)시장,POI060,KEY_4,1000001801,종로,1000031300,종로4가,126.9985532581453924_37.5707449132439208,1000011002,종로4가사거리,126.9978420032838642_37.5706935232521886,63.0,34.0,원활,126.9978420032838642_37.5706935232521886|126.9985532581453924_37.5707449132439208
2026-09-04T09:00:31.559343+09:00,광장(전통)시장,광장(전통)시장,POI060,KEY_4,1000001802,종로,1000169300,종로4가 183,126.9992162622975655_37.5707928126224999,1000031300,종로4가,126.9985532581453924_37.5707449132439208,59.0,28.0,원활,126.9985532581453924_37.5707449132439208|126.9992162622975655_37.5707928126224999
2026-09-04T09:00:31.559343+09:00,광장(전통)시장,광장(전통)시장,POI060,KEY_4,1000002001,종로,1000245300,종로5가 82-1,127.0027233485987352_37.5709694752928485,1000011202,종로5가사거리,127.0019976949529052_37.5709492579211854,64.0,32.0,원활,127.0019976949529052_37.5709492579211854|127.0026822738535230_37.5709687051739039|127.0027233485987352_37.5709694752928485
2026-09-04T09:00:31.559343+09:00,광장(전통)시장,광장(전통)시장,POI060,KEY_4,1000003102,청계천로,1000006802,세운교,126.9952943683145179_37.5687121004089306,1010034002,청계4가사거리,126.9978567741960518_37.5690141197168899,229.0,18.0,서행,126.9978567741960518_37.5690141197168899|126.9977196243080755_37.5689778939568413|126.9973817991979672_37.5689244876432014|126.9962389430763210_37.5687890515443357|126.9952943683145179_37.5687121004089306
2026-09-04T09:00:31.559343+09:00,광장(전통)시장,광장(전통)시장,POI060,KEY_4,1000003202,청계천로,1010033502,청계4가사거리,126.9978802454382389_37.5687215808426274,1000006801,세운교,126.9953276014707626_37.5684416148171678,228.0,10.0,정체,126.9953276014707626_37.5684416148171678|126.9957094599574390_37.5684724533581900|126.9977052575266896_37.5686899192676975|126.9978802454382389_37.5687215808426274
2026-09-04T09:00:31.559343+09:00,광장(전통)시장,광장(전통)시장,POI060,KEY_4,1000004300,청계천로,1010034001,청계4가사거리,126.9979899258223242_37.5690487214556867,1010035002,청계5가,127.0019528507516640_37.5697976426441400,360.0,10.0,정체,127.0019528507516640_37.5697976426441400|127.0017358863905201_37.5697659409256488|127.0000347507350966_37.5694727355165128|126.9982497711816194_37.5691151390471632|126.9979899258223242_37.5690487214556867
2026-09-04T09:00:31.559343+09:00,광장(전통)시장,광장(전통)시장,POI060,KEY_4,1000004400,청계천로,1010034602,청계5가교차로,127.0019837396539657_37.5694814402428676,1010033501,청계4가사거리,126.9980141971210799_37.5687475550074197,360.0,18.0,서행,126.9980141971210799_37.5687475550074197|127.0001365777901867_37.5691866684635656|127.0015262324094891_37.5694417350148697|127.0017658284941149_37.5694679542473580|127.0019837396539657_37.5694814402428676
2026-09-04T09:00:31.559343+09:00,광장(전통)시장,광장(전통)시장,POI060,KEY_4,1000005301,청계천로,1010035001,청계5가,127.0020881246934152_37.5698075774404145,1000031402,버들다리(북측),127.0066778573984863_37.5698145407186601,405.0,16.3,서행,127.0066778573984863_37.5698145407186601|127.0020881246934152_37.5698075774404145
2026-09-04T09:00:31.559343+09:00,광장(전통)시장,광장(전통)시장,POI060,KEY_4,1000005401,청계천로,1010034902,버들다리(남측),127.0065602496820105_37.5695317839187268,1010034601,청계5가교차로,127.0021191180861280_37.5694902995239062,392.0,27.0,원활,127.0021191180861280_37.5694902995239062|127.0024509740674006_37.5695131963120659|127.0065602496820105_37.5695317839187268
2026-09-04T09:00:31.559343+09:00,광장(전통)시장,광장(전통)시장,POI060,KEY_4,1000005501,창경궁로,1010034002,청계4가사거리,126.9978567741960518_37.5690141197168899,1000009200,종로4가,126.9977510820364870_37.5702192149541574,134.0,7.0,정체,126.9977510820364870_37.5702192149541574|126.9977619635523922_37.5701052996103186|126.9977928254472488_37.5697501122231543|126.9978567741960518_37.5690141197168899
2026-09-04T09:00:31.559343+09:00,광장(전통)시장,광장(전통)시장,POI060,KEY_4,1000005502,창경궁로,1000009200,종로4가,126.9977510820364870_37.5702192149541574,1000011003,종로4가사거리,126.9977066575793003_37.5706842868909874,52.0,16.0,서행,126.9977066575793003_37.5706842868909874|126.9977510820364870_37.5702192149541574
2026-09-04T09:00:31.559343+09:00,광장(전통)시장,광장(전통)시장,POI060,KEY_4,1000005900,동호로,1000080900,종로5가 194-1,127.0019049283621939_37.5704023856927236,1000011203,종로5가사거리,127.0018619903622010_37.5709442212742246,60.0,11.0,정체,127.0018619903622010_37.5709442212742246|127.0019049283621939_37.5704023856927236
2026-09-04T09:00:31.559343+09:00,광장(전통)시장,광장(전통)시장,POI060,KEY_4,1000006000,동호로,1000081000,종로5가 194-1,127.0020404728760326_37.5704091886523841,1010035001,청계5가,127.0020881246934152_37.5698075774404145,67.0,19.3,서행,127.0020881246934152_37.5698075774404145|127.0020404728760326_37.5704091886523841
2026-09-04T09:00:31.559343+09:00,광장(전통)시장,광장(전통)시장,POI060,KEY_4,1000009002,대학로,1000211400,효제동 248-3,127.0020354004494578_37.5719845778189736,1000011201,종로5가사거리,127.0019958691737827_37.5710573946658712,103.0,14.5,정체,127.0019958691737827_37.5710573946658712|127.0020354004494578_37.5719845778189736
2026-09-04T09:00:31.559343+09:00,광장(전통)시장,광장(전통)시장,POI060,KEY_4,1000024600,종로,1000009200,종로4가,126.9977510820364870_37.5702192149541574,1000010400,종로4가,126.9969798514767092_37.5706375452027856,82.0,17.0,서행,126.9969798514767092_37.5706375452027856|126.9977510820364870_37.5702192149541574
2026-09-04T09:00:31.559343+09:00,광장(전통)시장,광장(전통)시장,POI060,KEY_4,1000044900,종로,1000031300,종로4가,126.9985532581453924_37.5707449132439208,1000031200,종로4가,126.9978863472252044_37.5702292896807890,82.0,18.0,서행,126.9978863472252044_37.5702292896807890|126.9985532581453924_37.5707449132439208
2026-09-04T09:00:31.559343+09:00,광장(전통)시장,광장(전통)시장,POI060,KEY_4,1010017102,창경궁로,1010144900,주교동 150-1,126.9979022407054572_37.5684599840524882,1010033502,청계4가사거리,126.9978802454382389_37.5687215808426274,29.0,16.0,서행,126.9978802454382389_37.5687215808426274|126.9979022407054572_37.5684599840524882
2026-09-04T09:00:31.559343+09:00,광장(전통)시장,광장(전통)시장,POI060,KEY_4,1010017103,창경궁로,1010033502,청계4가사거리,126.9978802454382389_37.5687215808426274,1010034002,청계4가사거리,126.9978567741960518_37.5690141197168899,33.0,14.0,정체,126.9978567741960518_37.5690141197168899|126.9978802454382389_37.5687215808426274
2026-09-04T09:00:31.559343+09:00,광장(전통)시장,광장(전통)시장,POI060,KEY_4,1010018303,동호로,1010033004,방산종합시장,127.0020517143025671_37.5684662611909843,1010034602,청계5가교차로,127.0019837396539657_37.5694814402428676,113.0,21.0,서행,127.0019837396539657_37.5694814402428676|127.0020303269679118_37.5687856770029711|127.0020517143025671_37.5684662611909843
2026-09-04T09:00:31.559343+09:00,광장(전통)시장,광장(전통)시장,POI060,KEY_4,1010018304,동호로,1010034602,청계5가교차로,127.0019837396539657_37.5694814402428676,1010035002,청계5가,127.0019528507516640_37.5697976426441400,35.0,10.0,정체,127.0019528507516640_37.5697976426441400|127.0019837396539657_37.5694814402428676
2026-09-04T09:00:31.559343+09:00,광장(전통)시장,광장(전통)시장,POI060,KEY_4,1010018404,동호로,1010035001,청계5가,127.0020881246934152_37.5698075774404145,1010034601,청계5가교차로,127.0021191180861280_37.5694902995239062,35.0,18.0,서행,127.0021191180861280_37.5694902995239062|127.0020881246934152_37.5698075774404145
2026-09-04T09:00:31.559343+09:00,김포공항,김포공항,POI061,KEY_1,1150012601,남부순환로,1150389900,최소노드배치점,126.8095743430638294_37.5571410012688958,1150030002,공항지하차도(남측),126.8077168731396398_37.5596785527472150,335.0,42.5,원활,126.8077168731396398_37.5596785527472150|126.8080235123319426_37.5587598772484270|126.8080487310129598_37.5586843223038969|126.8081645923880245_37.5584605680897425|126.8083120730024547_37.5582415061213482|126.8085234864771706_37.5579901613593989|126.8086738654403263_37.5578514718858045|126.8087487100140578_37.5577824449810294|126.8095743430638294_37.5571410012688958
2026-09-04T09:00:31.559343+09:00,김포공항,김포공항,POI061,KEY_1,1150012602,남부순환로,1150030002,공항지하차도(남측),126.8077168731396398_37.5596785527472150,1150033203,김포공항입구교차로,126.8070108813666224_37.5617129549202957,235.0,52.7,원활,126.8070108813666224_37.5617129549202957|126.8075853764430434_37.5598753351117551|126.8077168731396398_37.5596785527472150
2026-09-04T09:00:31.559343+09:00,김포공항,김포공항,POI061,KEY_1,1150012702,남부순환로,1150033202,김포공항입구교차로,126.8073025792230766_37.5616752975893391,1150030001,공항지하차도(남측),126.8078484011787168_37.5597054915840687,225.0,9.0,정체,126.8078484011787168_37.5597054915840687|126.8078489684554739_37.5599275572281215|126.8073025792230766_37.5616752975893391
2026-09-04T09:00:31.559343+09:00,김포공항,김포공항,POI061,KEY_1,1150014601,공항대로,1150032903,김포공항입구,126.8078281271154850_37.5616183037410494,1150033202,김포공항입구교차로,126.8073025792230766_37.5616752975893391,47.0,6.0,정체,126.8073025792230766_37.5616752975893391|126.8078281271154850_37.5616183037410494
2026-09-04T09:00:31.559343+09:00,김포공항,김포공항,POI061,KEY_1,1150014701,공항대로,1150033201,김포공항입구교차로,126.8072672096517124_37.5617882508206051,1150032904,김포공항입구,126.8079101380171778_37.5617185281611867,57.0,15.0,서행,126.8079101380171778_37.5617185281611867|126.8072672096517124_37.5617882508206051
2026-09-04T09:00:31.559343+09:00,김포공항,김포공항,POI061,KEY_1,1150016602,개화동로,1150033204,김포공항입구교차로,126.8069741436833624_37.5618291362629790,1150036802,공항지하차도(북측),126.8066028860935575_37.5632234424859774,159.0,7.0,정체,126.8066028860935575_37.5632234424859774|126.8066032813527642_37.5630009147905142|126.8069741436833624_37.5618291362629790
2026-09-04T09:00:31.559343+09:00,김포공항,김포공항,POI061,KEY_1,1150016603,개화동로,1150036802,공항지하차도(북측),126.8066028860935575_37.5632234424859774,1150039602,개화지하차도(남측),126.8057924187939989_37.5657106945988915,285.0,34.0,원활,126.8057924187939989_37.5657106945988915|126.8062995071421568_37.5641545058068758|126.8066028860935575_37.5632234424859774
2026-09-04T09:00:31.559343+09:00,김포공항,김포공항,POI061,KEY_1,1150016604,개화동로,1150039602,개화지하차도(남측),126.8057924187939989_37.5657106945988915,1150006403,김포공항,126.8050471612343841_37.5677507825846604,236.0,36.0,원활,126.8050471612343841_37.5677507825846604|126.8056575562592201_37.5659060332226744|126.8057924187939989_37.5657106945988915
2026-09-04T09:00:31.559343+09:00,김포공항,김포공항,POI061,KEY_1,1150016701,개화동로,1150036801,공항지하차도(북측),126.8067344748664880_37.5632502226468645,1150033201,김포공항입구교차로,126.8072672096517124_37.5617882508206051,170.0,33.0,원활,126.8072672096517124_37.5617882508206051|126.8068666929418953_37.5630537442273749|126.8067344748664880_37.5632502226468645
2026-09-04T09:00:31.559343+09:00,김포공항,김포공항,POI061,KEY_1,1150016702,개화동로,1150247600,방화동 635-2,126.8064309785913366_37.5641816513473401,1150036801,공항지하차도(북측),126.8067344748664880_37.5632502226468645,107.0,35.0,원활,126.8067344748664880_37.5632502226468645|126.8064309785913366_37.5641816513473401
2026-09-04T09:00:31.559343+09:00,김포공항,김포공항,POI061,KEY_1,1150016703,개화동로,1150006402,김포공항,126.8053283756748613_37.5677499095885210,1150039601,개화지하차도(남측),126.8059238292659359_37.5657380361406368,230.0,9.0,정체,126.8059238292659359_37.5657380361406368|126.8059202518390123_37.5659611079850535|126.8053283756748613_37.5677499095885210
2026-09-04T09:00:31.559343+09:00,김포공항,김포공항,POI061,KEY_1,1150019201,개화동로,1150006404,김포공항,126.8050116383548271_37.5678590131138606,1150042703,개화지하차도(북측),126.8043750832667627_37.5700177472717556,247.0,7.0,정체,126.8043750832667627_37.5700177472717556|126.8043732440636404_37.5698089916991620|126.8050116383548271_37.5678590131138606
2026-09-04T09:00:31.559343+09:00,김포공항,김포공항,POI061,KEY_1,1150019301,개화동로,1150042702,개화지하차도(북측),126.8045065255030863_37.5700450114689204,1150006401,김포공항,126.8052926539899659_37.5678581403692888,253.0,35.0,원활,126.8052926539899659_37.5678581403692888|126.8046362685131214_37.5698630949740959|126.8045065255030863_37.5700450114689204
2026-09-04T09:00:31.559343+09:00,김포공항,김포공항,POI061,KEY_1,1150064000,하늘길,1150025202,속성변화점,126.8082875031500834_37.5555638288103708,1150027102,공항동 1373,126.8068481061529695_37.5568211814329942,190.0,24.5,서행,126.8068481061529695_37.5568211814329942|126.8069636778689784_37.5566653638428392|126.8070672851894329_37.5565384620971159|126.8082875031500834_37.5555638288103708
2026-09-04T09:00:31.559343+09:00,김포공항,김포공항,POI061,KEY_1,1150064100,하늘길,1150027101,공항동 1373,126.8069712276863470_37.5568648222929724,1150025201,속성변화점,126.8083836703710006_37.5556401721833879,185.0,38.0,원활,126.8083836703710006_37.5556401721833879|126.8071734526590006_37.5566068184149557|126.8070788020918229_37.5567227499429279|126.8069712276863470_37.5568648222929724
2026-09-04T09:00:31.559343+09:00,김포공항,김포공항,POI061,KEY_1,1150066200,하늘길,1150027102,공항동 1373,126.8068481061529695_37.5568211814329942,1150027900,꽃뫼마을,126.8066393602112214_37.5579420572046487,126.0,17.0,서행,126.8066393602112214_37.5579420572046487|126.8067209036262284_37.5573619926632958|126.8067425712815322_37.5572078567915852|126.8067860131757527_37.5569836897910534|126.8068481061529695_37.5568211814329942
2026-09-04T09:00:31.559343+09:00,김포공항,김포공항,POI061,KEY_1,1150066500,하늘길,1150247200,공항동 1373,126.8068558770528966_37.5573740172171497,1150027101,공항동 1373,126.8069712276863470_37.5568648222929724,58.0,30.5,원활,126.8069712276863470_37.5568648222929724|126.8069187602059316_37.5570077860468388|126.8068772250646390_37.5572221164367548|126.8068558770528966_37.5573740172171497
2026-09-04T09:00:31.559343+09:00,김포공항,김포공항,POI061,KEY_1,1150073600,남부순환로,1150030002,공항지하차도(남측),126.8077168731396398_37.5596785527472150,1150036802,공항지하차도(북측),126.8066028860935575_37.5632234424859774,406.0,42.5,원활,126.8066028860935575_37.5632234424859774|126.8070741742825192_37.5617343500932535|126.8077168731396398_37.5596785527472150
2026-09-04T09:00:31.559343+09:00,김포공항,김포공항,POI061,KEY_1,1150073700,남부순환로,1150036801,공항지하차도(북측),126.8067344748664880_37.5632502226468645,1150030001,공항지하차도(남측),126.8078484011787168_37.5597054915840687,406.0,54.0,원활,126.8078484011787168_37.5597054915840687|126.8072059248408863_37.5617606130839761|126.8067344748664880_37.5632502226468645
2026-09-04T09:00:31.559343+09:00,김포공항,김포공항,POI061,KEY_1,1150087200,초원로,1150276600,방화동 648-7,126.8061653651844978_37.5677509978913946,1150006402,김포공항,126.8053283756748613_37.5677499095885210,74.0,15.0,서행,126.8053283756748613_37.5677499095885210|126.8055414028596175_37.5677492478255175|126.8061653651844978_37.5677509978913946
2026-09-04T09:00:31.559343+09:00,김포공항,김포공항,POI061,KEY_1,1150087300,초원로,1150006401,김포공항,126.8052926539899659_37.5678581403692888,1150041804,우림루미아트아파트,126.8075307779801193_37.5678629359116485,198.0,14.0,정체,126.8075307779801193_37.5678629359116485|126.8073398019933933_37.5678624027739900|126.8069523157120386_37.5678613200995315|126.8065648290245235_37.5678602361521072|126.8061648869972657_37.5678591160285933|126.8055414285367419_37.5678573671970213|126.8052926539899659_37.5678581403692888
2026-09-04T09:00:31.559343+09:00,김포공항,김포공항,POI061,KEY_1,1150088000,개화동로,1150039602,개화지하차도(남측),126.8057924187939989_37.5657106945988915,1150042703,개화지하차도(북측),126.8043750832667627_37.5700177472717556,494.0,20.0,서행,126.8043750832667627_37.5700177472717556|126.8051041638151162_37.5677907609375552|126.8057924187939989_37.5657106945988915
2026-09-04T09:00:31.559343+09:00,김포공항,김포공항,POI061,KEY_1,1150088100,개화동로,1150042702,개화지하차도(북측),126.8045065255030863_37.5700450114689204,1150039601,개화지하차도(남측),126.8059238292659359_37.5657380361406368,494.0,47.0,원활,126.8059238292659359_37.5657380361406368|126.8052355602882528_37.5678181625819221|126.8045065255030863_37.5700450114689204
2026-09-04T09:00:31.559343+09:00,김포공항,김포공항,POI061,KEY_1,1150106400,하늘길,1150028802,금당엄나무마을,126.8065715832151881_37.5584244799448612,1150028400,속성변화점,126.8048520251257685_37.5583579319005096,185.0,15.0,서행,126.8048520251257685_37.5583579319005096|126.8052377971326763_37.5580516095033374|126.8053823436995202_37.5579701842871785|126.8055353778495942_37.5579424668231496|126.8056745668371832_37.5579540170042065|126.8058403506843348_37.5580050725773518|126.8059860097157099_37.5580901308708448|126.8065715832151881_37.5584244799448612
2026-09-04T09:00:31.559343+09:00,김포공항,김포공항,POI061,KEY_1,1150106500,하늘길,1150027900,꽃뫼마을,126.8066393602112214_37.5579420572046487,1150028100,고가차도(동측),126.8060691893281700_37.5580001571214055,70.0,15.0,서행,126.8060691893281700_37.5580001571214055|126.8062856880729470_37.5581168464145136|126.8063706400496358_37.5581522669607892|126.8064580694506560_37.5581562242252716|126.8065401626594593_37.5581308101262579|126.8066082234555978_37.5580596654638583|126.8066393602112214_37.5579420572046487
2026-09-04T09:00:31.559343+09:00,김포공항,김포공항,POI061,KEY_1,1150106600,하늘길,1150028802,금당엄나무마을,126.8065715832151881_37.5584244799448612,1150028100,고가차도(동측),126.8060691893281700_37.5580001571214055,65.0,23.0,서행,126.8060691893281700_37.5580001571214055|126.8065715832151881_37.5584244799448612
2026-09-04T09:00:31.559343+09:00,김포공항,김포공항,POI061,KEY_1,1150106700,하늘길,1150289200,최소노드배치점,126.8033683591133922_37.5592833803729107,1150032700,고가차도(서측),126.8009776700938573_37.5613568425905200,315.0,32.3,원활,126.8009776700938573_37.5613568425905200|126.8010280242264827_37.5611957637211304|126.8011248860496778_37.5610890211158690|126.8033683591133922_37.5592833803729107
2026-09-04T09:00:31.559343+09:00,김포공항,김포공항,POI061,KEY_1,1150106800,하늘길,1150028400,속성변화점,126.8048520251257685_37.5583579319005096,1150032700,고가차도(서측),126.8009776700938573_37.5613568425905200,478.0,25.0,원활,126.8009776700938573_37.5613568425905200|126.8013035967179007_37.5611997795353290|126.8035334487866663_37.5594139846441664|126.8048520251257685_37.5583579319005096
2026-09-04T09:00:31.559343+09:00,김포공항,김포공항,POI061,KEY_1,1150106900,김포공항내부도로,1150032200,속성변화점,126.8047455373718151_37.5611116336784789,1150028801,금당엄나무마을,126.8067065539106721_37.5584365013286785,359.0,32.0,원활,126.8067065539106721_37.5584365013286785|126.8066109696513877_37.5588857489316297|126.8064624030633780_37.5595840033141712|126.8064141826300073_37.5597031187799502|126.8063180116815687_37.5598364588791966|126.8062219021269073_37.5599459604553729|126.8047455373718151_37.5611116336784789
2026-09-04T09:00:31.559343+09:00,김포공항,김포공항,POI061,KEY_1,1150107000,김포공항내부도로,1150389800,최소노드배치점,126.8067286898441637_37.5607631173226295,1150028801,금당엄나무마을,126.8067065539106721_37.5584365013286785,267.0,46.0,원활,126.8067065539106721_37.5584365013286785|126.8066708925769035_37.5588901607108099|126.8066646253163015_37.5589698879747615|126.8067045329581930_37.5591701996241056|126.8067999267995276_37.5593372282787641|126.8069432095978897_37.5595138704042526|126.8069908756392294_37.5596093034119178|126.8069965453199757_37.5597332752688544|126.8069866614919334_37.5597713874458137|126.8067666698569838_37.5606197059842231|126.8067286898441637_37.5607631173226295
2026-09-04T09:00:31.559343+09:00,김포공항,김포공항,POI061,KEY_1,1150107100,김포공항내부도로,1150033900,방화동886,126.8052833993092463_37.5619393978386995,1150032200,속성변화점,126.8047455373718151_37.5611116336784789,113.0,25.0,원활,126.8047455373718151_37.5611116336784789|126.8048083802269446_37.5615490149788158|126.8048519525371631_37.5616959366339103|126.8049097352545687_37.5617642437812407|126.8049856578287944_37.5618147717900683|126.8052833993092463_37.5619393978386995
2026-09-04T09:00:31.559343+09:00,김포공항,김포공항,POI061,KEY_1,1150107200,하늘길,1150032700,고가차도(서측),126.8009776700938573_37.5613568425905200,1150034800,지하차도,126.7995944673012190_37.5624929202118381,184.0,21.0,서행,126.7995944673012190_37.5624929202118381|126.7996107466501883_37.5622929971972539|126.7998015798858518_37.5620687650094354|126.8003220714264785_37.5616712047205752|126.8009776700938573_37.5613568425905200
2026-09-04T09:00:31.559343+09:00,김포공항,김포공항,POI061,KEY_1,1150107300,하늘길,1150033203,김포공항입구교차로,126.8070108813666224_37.5617129549202957,1150033900,방화동886,126.8052833993092463_37.5619393978386995,155.0,9.0,정체,126.8052833993092463_37.5619393978386995|126.8061205674983825_37.5618551503654459|126.8070108813666224_37.5617129549202957
2026-09-04T09:00:31.559343+09:00,김포공항,김포공항,POI061,KEY_1,1150107400,하늘길,1150034900,김포공항역(공항철도),126.8029854953172162_37.5622967045944236,1150033204,김포공항입구교차로,126.8069741436833624_37.5618291362629790,356.0,48.3,원활,126.8069741436833624_37.5618291362629790|126.8061424791094254_37.5619619642015792|126.8053005219796034_37.5620466931704584|126.8053004393328109_37.5620467020441282|126.8035548962029679_37.5622240961301515|126.8029854953172162_37.5622967045944236
2026-09-04T09:00:31.559343+09:00,김포공항,김포공항,POI061,KEY_1,1150107500,하늘길,1150032700,고가차도(서측),126.8009776700938573_37.5613568425905200,1150036700,지하차도,126.7995614162036446_37.5632407963395494,257.0,37.0,원활,126.7995614162036446_37.5632407963395494|126.7995700031927413_37.5631889631586731|126.7996689684073601_37.5626019355139178|126.7997259457631287_37.5624038582984383|126.7997701717995227_37.5622877418760126|126.7998407061498085_37.5621775057847600|126.7999327368006419_37.5620750285075431|126.8001500459457986_37.5619027027951873|126.8004710632430232_37.5616604022978677|126.8009776700938573_37.5613568425905200
2026-09-04T09:00:31.559343+09:00,김포공항,김포공항,POI061,KEY_1,1150107600,하늘길,1150032700,고가차도(서측),126.8009776700938573_37.5613568425905200,1150034900,김포공항역(공항철도),126.8029854953172162_37.5622967045944236,221.0,13.0,정체,126.8029854953172162_37.5622967045944236|126.8024038149654160_37.5623012502060760|126.8021954186314559_37.5622894586052993|126.8020781093091784_37.5622587480032664|126.8019705670447905_37.5621988226795125|126.8013430762655958_37.5617038420301697|126.8009776700938573_37.5613568425905200
2026-09-04T09:00:31.559343+09:00,김포공항,김포공항,POI061,KEY_1,1150107700,하늘길,1150299800,최소노드배치점,126.8024246026703281_37.5621497575235139,1150034800,지하차도,126.7995944673012190_37.5624929202118381,254.0,56.0,원활,126.7995944673012190_37.5624929202118381|126.8000193989265938_37.5623756689364328|126.8013731312601493_37.5622549088509174|126.8024246026703281_37.5621497575235139
2026-09-04T09:00:31.559343+09:00,김포공항,김포공항,POI061,KEY_1,1150107800,하늘길,1150034800,지하차도,126.7995944673012190_37.5624929202118381,1150034900,김포공항역(공항철도),126.8029854953172162_37.5622967045944236,303.0,24.0,서행,126.8029854953172162_37.5622967045944236|126.8022002166869839_37.5623968364395395|126.8002736857091293_37.5625739227759468|126.7999725900794772_37.5625757150790633|126.7997661912279455_37.5625422959885213|126.7995944673012190_37.5624929202118381
2026-09-04T09:00:31.559343+09:00,김포공항,김포공항,POI061,KEY_1,1150107900,김포공항내부도로,1150034800,지하차도,126.7995944673012190_37.5624929202118381,1150035000,롯데렌터카국내선영업소,126.7985940506221993_37.5626360951519658,90.0,12.0,정체,126.7985940506221993_37.5626360951519658|126.7995944673012190_37.5624929202118381
2026-09-04T09:00:31.559343+09:00,김포공항,김포공항,POI061,KEY_1,1150108000,김포공항내부도로,1150035000,롯데렌터카국내선영업소,126.7985940506221993_37.5626360951519658,1150037900,속성변화점,126.7983021129292069_37.5630189098091307,69.0,24.0,서행,126.7983021129292069_37.5630189098091307|126.7982096451205791_37.5628961389908085|126.7981918453900789_37.5627976604402321|126.7982148156196160_37.5627441391479806|126.7982713199159548_37.5627087031636862|126.7984365839414380_37.5626560267344658|126.7985940506221993_37.5626360951519658
2026-09-04T09:00:31.559343+09:00,김포공항,김포공항,POI061,KEY_1,1150108100,김포공항내부도로,1150037200,김포공항역2번출구,126.8015105464991024_37.5637406961484217,1150034900,김포공항역(공항철도),126.8029854953172162_37.5622967045944236,224.0,37.7,원활,126.8029854953172162_37.5622967045944236|126.8026435167321182_37.5623975981132574|126.8024209948936658_37.5624869055912711|126.8022103875416491_37.5625834378667847|126.8020295362189529_37.5627016084077425|126.8018937973466933_37.5628009677141534|126.8017817563183627_37.5629290840681804|126.8016845605308163_37.5630715970221161|126.8016508513365608_37.5631524812872755|126.8015802361039590_37.5633356925993880|126.8015552917320719_37.5634404760404337|126.8015105464991024_37.5637406961484217
2026-09-04T09:00:31.559343+09:00,김포공항,김포공항,POI061,KEY_1,1150108200,김포공항내부도로,1150037200,김포공항역2번출구,126.8015105464991024_37.5637406961484217,1150037600,김포공항역2번출구,126.8001346503840097_37.5639860917984407,227.0,34.3,원활,126.8001346503840097_37.5639860917984407|126.8001072244096434_37.5638754734673199|126.8000662884100365_37.5637679145538073|126.8000615019386856_37.5636391074166127|126.8000983656984602_37.5635415488353317|126.8001531351182081_37.5634512510361276|126.8002708817475650_37.5633541725600040|126.8003431789846047_37.5633116750763278|126.8006015428384643_37.5632345072076177|126.8007667497781910_37.5631877893086070|126.8009106542144337_37.5631767173647546|126.8010154569920900_37.5631821081042290|126.8011438702288416_37.5632257947703039|126.8012750344631172_37.5632957301106600|126.8013611065026396_37.5633820920717767|126.8014169785191285_37.5634945086059346|126.8015105464991024_37.5637406961484217
2026-09-04T09:00:31.559343+09:00,김포공항,김포공항,POI061,KEY_1,1150108300,김포공항내부도로,1150037200,김포공항역2번출구,126.8015105464991024_37.5637406961484217,1150037700,도심공항터미널,126.8005353893544509_37.5647314688052489,380.0,37.0,원활,126.8005353893544509_37.5647314688052489|126.8001504709565523_37.5643765376844172|126.7999602627294138_37.5642132436054723|126.7998446348872505_37.5640837782937638|126.7997974626711084_37.5640024159575390|126.7997564603626728_37.5639020107266219|126.7997422185323018_37.5638232279006772|126.7997462404500055_37.5637135512019142|126.7997618660982369_37.5636444849060140|126.7997987969324925_37.5635397726324740|126.7998686354479503_37.5634400247530920|126.7999532946344345_37.5633570595498085|126.8000708847145859_37.5632766728403382|126.8002273963702180_37.5631989025939461|126.8005910089229786_37.5630794326731063|126.8007680206251422_37.5630518637346071|126.8009029369462439_37.5630407387900718|126.8010496128956675_37.5630535306005058|126.8011272556779261_37.5630802236472192|126.8012465922204228_37.5631333950045487|126.8013446245621054_37.5632222134043161|126.8014065981104892_37.5633227416721880|126.8014653984647708_37.5634423296246851|126.8015105464991024_37.5637406961484217
2026-09-04T09:00:31.559343+09:00,김포공항,김포공항,POI061,KEY_1,1150108400,김포공항내부도로,1150035000,롯데렌터카국내선영업소,126.7985940506221993_37.5626360951519658,1150037600,김포공항역2번출구,126.8001346503840097_37.5639860917984407,229.0,24.5,서행,126.8001346503840097_37.5639860917984407|126.7999521214609189_37.5638025725482123|126.7998405864598084_37.5637160582818836|126.7996393494245950_37.5636111258423355|126.7992991815572026_37.5634660194623891|126.7987938274058735_37.5632054610151798|126.7985571473165436_37.5630466579929205|126.7984637566289052_37.5629423643065863|126.7984331071625661_37.5628563291241946|126.7984472253013024_37.5627884461292609|126.7984884047937442_37.5627099928980641|126.7985940506221993_37.5626360951519658
2026-09-04T09:00:31.559343+09:00,김포공항,김포공항,POI061,KEY_1,1150108500,김포공항내부도로,1150037900,속성변화점,126.7983021129292069_37.5630189098091307,1150037700,도심공항터미널,126.8005353893544509_37.5647314688052489,274.0,38.0,원활,126.8005353893544509_37.5647314688052489|126.7995993705168303_37.5640520760878971|126.7991235205774814_37.5636796088143541|126.7984879720149394_37.5631660830637344|126.7983021129292069_37.5630189098091307
2026-09-04T09:00:31.559343+09:00,김포공항,김포공항,POI061,KEY_1,1150108600,김포공항내부도로,1150036700,지하차도,126.7995614162036446_37.5632407963395494,1150037700,도심공항터미널,126.8005353893544509_37.5647314688052489,200.0,47.0,원활,126.8005353893544509_37.5647314688052489|126.7997423221904967_37.5640787997897547|126.7996369375317300_37.5639753894983812|126.7995776669586547_37.5639063555770250|126.7995377103744943_37.5638221735569431|126.7995167669065069_37.5637552751601973|126.7995105241441820_37.5636541224698846|126.7995141173256854_37.5635263188312720|126.7995614162036446_37.5632407963395494
2026-09-04T09:00:31.559343+09:00,김포공항,김포공항,POI061,KEY_1,1150108700,김포공항내부도로,1150039400,에어포트빌딩,126.8054199980519314_37.5653693282458718,1150038300,속성변화점,126.8061015993678495_37.5631202624798846,257.0,38.0,원활,126.8061015993678495_37.5631202624798846|126.8059321035797495_37.5637269267169103|126.8054199980519314_37.5653693282458718
2026-09-04T09:00:31.559343+09:00,김포공항,김포공항,POI061,KEY_1,1150108800,김포공항내부도로,1150040200,고가차도,126.8034852971276649_37.5656196609774327,1150037200,김포공항역2번출구,126.8015105464991024_37.5637406961484217,281.0,37.0,원활,126.8015105464991024_37.5637406961484217|126.8015357041857101_37.5639340135730890|126.8015969668641674_37.5641108512010717|126.8016766037265626_37.5642448710447212|126.8018308227888724_37.5644127195580566|126.8019823811680595_37.5645447794917331|126.8029309732480101_37.5653063657249433|126.8030975575997701_37.5654337433964187|126.8031839240266976_37.5654891030670228|126.8032971189519884_37.5655589304998614|126.8034852971276649_37.5656196609774327
2026-09-04T09:00:31.559343+09:00,김포공항,김포공항,POI061,KEY_1,1150108900,김포공항내부도로,1150037600,김포공항역2번출구,126.8001346503840097_37.5639860917984407,1150040100,김포국제공항국제선행사전용주차,126.8028803555274493_37.5664085986469658,364.0,29.3,원활,126.8028803555274493_37.5664085986469658|126.8025555415103298_37.5661435602585243|126.8016983643685194_37.5654441163697115|126.8007304672482007_37.5646657129594246|126.8005254668434532_37.5644820611773724|126.8003740566643103_37.5643344989100783|126.8002586967350567_37.5641764188608462|126.8001346503840097_37.5639860917984407
2026-09-04T09:00:31.559343+09:00,김포공항,김포공항,POI061,KEY_1,1150109000,김포공항내부도로,1150230600,방화동 886,126.8024348662543304_37.5662398015641941,1150040400,김포국제공항국제선행사전용주차,126.8027894261290527_37.5665213396097499,44.0,44.0,원활,126.8027894261290527_37.5665213396097499|126.8024348662543304_37.5662398015641941
2026-09-04T09:00:31.559343+09:00,김포공항,김포공항,POI061,KEY_1,1150109100,김포공항내부도로,1150041000,방화동 886,126.8045183377906397_37.5669683926712068,1150040200,고가차도,126.8034852971276649_37.5656196609774327,230.0,38.7,원활,126.8034852971276649_37.5656196609774327|126.8038598120078717_37.5656171005556203|126.8040245791983551_37.5656180715457495|126.8041980462812290_37.5656500969040295|126.8043592631563854_37.5657106668445309|126.8045051467313868_37.5658093034294893|126.8045999917029718_37.5659195628959566|126.8046735124137001_37.5660678531299581|126.8046871384255923_37.5662134061310837|126.8046429140189559_37.5664587801131731|126.8045621762904034_37.5667890603198273|126.8045183377906397_37.5669683926712068
2026-09-04T09:00:31.559343+09:00,김포공항,김포공항,POI061,KEY_1,1150109200,김포공항내부도로,1150041000,방화동 886,126.8045183377906397_37.5669683926712068,1150039400,에어포트빌딩,126.8054199980519314_37.5653693282458718,195.0,41.0,원활,126.8054199980519314_37.5653693282458718|126.8052708856440205_37.5656182579022513|126.8051516363182998_37.5658774998792708|126.8050359139828487_37.5660795262780098|126.8048750313832045_37.5663051353414588|126.8047956777825931_37.5664620646431686|126.8046114786252758_37.5667983501891527|126.8045183377906397_37.5669683926712068
2026-09-04T09:00:31.559343+09:00,김포공항,김포공항,POI061,KEY_1,1150109300,김포공항내부도로,1150040100,김포국제공항국제선행사전용주차,126.8028803555274493_37.5664085986469658,1150040200,고가차도,126.8034852971276649_37.5656196609774327,284.0,31.0,원활,126.8034852971276649_37.5656196609774327|126.8037092911531829_37.5656949107724856|126.8039213478413529_37.5657653208962614|126.8040856049847491_37.5658211399076123|126.8041899467209817_37.5658766052520434|126.8043000587682911_37.5659559519230015|126.8043650346164810_37.5660564961891268|126.8043969909406741_37.5661640008600628|126.8043960589709513_37.5662641565827897|126.8043682760401367_37.5663522305254460|126.8043044108686530_37.5664544010831989|126.8042197297529015_37.5665397542608659|126.8041171845886481_37.5666130782922849|126.8040118652004651_37.5666625383911637|126.8038617424439281_37.5666974251657493|126.8036968833293230_37.5667059926222748|126.8035562582793006_37.5666860845983379|126.8033055432747886_37.5665844440246985|126.8028803555274493_37.5664085986469658
2026-09-04T09:00:31.559343+09:00,김포공항,김포공항,POI061,KEY_1,1150109400,김포공항내부도로,1150040400,김포국제공항국제선행사전용주차,126.8027894261290527_37.5665213396097499,1150040200,고가차도,126.8034852971276649_37.5656196609774327,325.0,37.0,원활,126.8034852971276649_37.5656196609774327|126.8038472962753502_37.5656742613916776|126.8041074633345033_37.5657258761666881|126.8042626881742905_37.5657864110680890|126.8043907080456449_37.5658730187277072|126.8044736150714442_37.5659784381928930|126.8045263198669659_37.5661099121142357|126.8045371714244425_37.5662316012986750|126.8044998914784856_37.5663744697547912|126.8044178744128061_37.5664956104879550|126.8042728343056496_37.5666283046634888|126.8041613460849533_37.5666968070994187|126.8040018571548018_37.5667721800218857|126.8038667356538127_37.5668047707435235|126.8037077789608134_37.5668229120773987|126.8035849511758926_37.5668221870188859|126.8034592599620964_37.5668071366586176|126.8032978191564979_37.5667704126488431|126.8031277685627884_37.5666930950689633|126.8027894261290527_37.5665213396097499
2026-09-04T09:00:31.559343+09:00,김포공항,김포공항,POI061,KEY_1,1150109500,김포공항내부도로,1150040100,김포국제공항국제선행사전용주차,126.8028803555274493_37.5664085986469658,1150039400,에어포트빌딩,126.8054199980519314_37.5653693282458718,376.0,39.3,원활,126.8054199980519314_37.5653693282458718|126.8052475454865942_37.5658732946121603|126.8051706796212983_37.5660850889471618|126.8051128520501720_37.5661825252739732|126.8049609786541794_37.5664058022311735|126.8048907678706740_37.5665460918130734|126.8048112374909948_37.5667220993863751|126.8047558940367168_37.5668744002905513|126.8046892767711427_37.5669503214266172|126.8046318243050052_37.5670072178743411|126.8045536219927527_37.5670401450249045|126.8044245134226315_37.5670703866327500|126.8043016178312996_37.5670768170044340|126.8041549555153011_37.5670616434222921|126.8040113335603252_37.5670417183552701|126.8038648492974687_37.5670074679516688|126.8037573763743211_37.5669662923032561|126.8036590024200621_37.5669132466707012|126.8033524544107848_37.5666944209830262|126.8028803555274493_37.5664085986469658
2026-09-04T09:00:31.559343+09:00,김포공항,김포공항,POI061,KEY_1,1150109600,동양로,1150042000,방화동886,126.8043496290626138_37.5690016313593063,1150039400,에어포트빌딩,126.8054199980519314_37.5653693282458718,415.0,53.5,원활,126.8054199980519314_37.5653693282458718|126.8053899634556529_37.5657000420245950|126.8052719382406082_37.5661500744627759|126.8050369470159779_37.5669356746776870|126.8046700032554241_37.5680567539646901|126.8044016010786521_37.5688898518380725|126.8043496290626138_37.5690016313593063
2026-09-04T09:00:31.559343+09:00,김포공항,김포공항,POI061,KEY_1,1150109700,김포공항내부도로,1150040400,김포국제공항국제선행사전용주차,126.8027894261290527_37.5665213396097499,1150039400,에어포트빌딩,126.8054199980519314_37.5653693282458718,415.0,42.0,원활,126.8054199980519314_37.5653693282458718|126.8052245812453407_37.5660877907704887|126.8050520545537978_37.5665995070195393|126.8049656904614864_37.5668660966114416|126.8048926608036169_37.5669872912542075|126.8047806848064170_37.5671082565730927|126.8046781173340491_37.5671839659799573|126.8045727754340533_37.5672358105680573|126.8044646150375883_37.5672685610235249|126.8043295358767608_37.5672963824766839|126.8041916836448735_37.5673003399413261|126.8040330596514451_37.5672827109800309|126.8039045051699674_37.5672533359350851|126.8037553117633252_37.5671880659636201|126.8036153745131003_37.5670942334573823|126.8034964512136469_37.5669957550961513|126.8033357432111643_37.5668803367947532|126.8031125447181466_37.5667192381668187|126.8027894261290527_37.5665213396097499
2026-09-04T09:00:31.559343+09:00,김포공항,김포공항,POI061,KEY_1,1150109800,김포공항내부도로,1150040100,김포국제공항국제선행사전용주차,126.8028803555274493_37.5664085986469658,1150042800,방화동886,126.8042907955019558_37.5687117795039498,314.0,36.7,원활,126.8042907955019558_37.5687117795039498|126.8044447834326718_37.5682788825722866|126.8044868755081893_37.5681341354681422|126.8045023381572065_37.5680178481092497|126.8044953256624297_37.5679235276140986|126.8044776550525796_37.5678101460486644|126.8044115504804950_37.5676696490093036|126.8043376251230825_37.5675648787147196|126.8028803555274493_37.5664085986469658
2026-09-04T09:00:31.559343+09:00,김포공항,김포공항,POI061,KEY_1,1150109900,김포공항내부도로,1150040400,김포국제공항국제선행사전용주차,126.8027894261290527_37.5665213396097499,1150042800,방화동886,126.8042907955019558_37.5687117795039498,295.0,46.0,원활,126.8042907955019558_37.5687117795039498|126.8043428985787244_37.5682058242231278|126.8043258377389151_37.5680268638760850|126.8042788189286512_37.5678477268196147|126.8041865573810441_37.5677011144876261|126.8039896345038642_37.5675330180398959|126.8030307240473888_37.5667493201426410|126.8027894261290527_37.5665213396097499
2026-09-04T09:00:31.559343+09:00,김포공항,김포공항,POI061,KEY_1,1150110000,김포공항내부도로,1150006403,김포공항,126.8050471612343841_37.5677507825846604,1150041000,방화동 886,126.8045183377906397_37.5669683926712068,111.0,4.0,정체,126.8045183377906397_37.5669683926712068|126.8044868277380175_37.5671351434086915|126.8044947727027676_37.5672472754189357|126.8045177634208045_37.5673523415138533|126.8045557557905738_37.5674551123775871|126.8046357569593994_37.5675509754502670|126.8047189542533459_37.5676253937799203|126.8048084750304980_37.5676640782547082|126.8049390968690489_37.5677205900781033|126.8050471612343841_37.5677507825846604
2026-09-04T09:00:31.559343+09:00,김포공항,김포공항,POI061,KEY_1,1150110100,김포공항내부도로,1150042000,방화동886,126.8043496290626138_37.5690016313593063,1150041000,방화동 886,126.8045183377906397_37.5669683926712068,232.0,33.0,원활,126.8045183377906397_37.5669683926712068|126.8044296852477970_37.5671586539184261|126.8044137517465373_37.5672611066355557|126.8044306408279454_37.5673780611712615|126.8044567380267864_37.5674712221760458|126.8045036514052697_37.5675811995677122|126.8045505649234315_37.5676911760380960|126.8045929307459403_37.5678123353112312|126.8046013294623862_37.5679402102264959|126.8045806666986550_37.5681003466947629|126.8045362341527635_37.5682658281448383|126.8044189538831716_37.5686347811846346|126.8043496290626138_37.5690016313593063
2026-09-04T09:00:31.559343+09:00,김포공항,김포공항,POI061,KEY_1,1150110200,김포공항진출입도로,1150042800,방화동886,126.8042907955019558_37.5687117795039498,1150036202,방화동 886,126.8039740863463436_37.5697527827448567,119.0,34.0,원활,126.8039740863463436_37.5697527827448567|126.8039933986746490_37.5696818307411888|126.8042907955019558_37.5687117795039498
2026-09-04T09:00:31.559343+09:00,김포공항,김포공항,POI061,KEY_1,1150110300,김포공항진출입도로,1150036201,방화동 886,126.8041058714845235_37.5697760280389303,1150042000,방화동886,126.8043496290626138_37.5690016313593063,89.0,54.0,원활,126.8043496290626138_37.5690016313593063|126.8041120461763427_37.5697543702871357|126.8041058714845235_37.5697760280389303
2026-09-04T09:00:31.559343+09:00,남대문시장,남대문시장,POI115,KEY_2,1010002301,소월로,1010155400,최소노드배치점,126.9760533414636114_37.5582497344554369,1010013803,숭례문앞교차로,126.9755809845113532_37.5605189064983307,262.0,23.7,서행,126.9755809845113532_37.5605189064983307|126.9757337889885065_37.5603525891795087|126.9757984686316661_37.5601874326070444|126.9757969708594061_37.5599997077910714|126.9757198667068110_37.5593373627741514|126.9757048763582503_37.5591937029204388|126.9757309859065373_37.5590497713064551|126.9757785893644524_37.5588840435687814|126.9759074328705282_37.5585745471584289|126.9759297486065890_37.5585209420058632|126.9759522152383795_37.5584716422248093|126.9760533414636114_37.5582497344554369
2026-09-04T09:00:31.559343+09:00,남대문시장,남대문시장,POI115,KEY_2,1010002402,소월로,1010013802,숭례문앞교차로,126.9757600351255320_37.5605071695408910,1010011100,숭례문,126.9758644071737450_37.5590694809368770,164.0,9.0,정체,126.9758644071737450_37.5590694809368770|126.9758414948468044_37.5591969276911115|126.9758551619603253_37.5593278985156402|126.9759327469906509_37.5599943665054212|126.9759344158917429_37.5602035603088922|126.9758567349293656_37.5604019178341417|126.9757600351255320_37.5605071695408910
2026-09-04T09:00:31.559343+09:00,남대문시장,남대문시장,POI115,KEY_2,1010002504,퇴계로,1010011701,회현역7번출구,126.9801048978132769_37.5596035774933412,1010014100,신세계백화점(본점신관),126.9813345597681007_37.5600996831039851,122.0,14.0,정체,126.9813345597681007_37.5600996831039851|126.9811756372389482_37.5600198160300565|126.9804229490495260_37.5597117743107418|126.9801048978132769_37.5596035774933412
2026-09-04T09:00:31.559343+09:00,남대문시장,남대문시장,POI115,KEY_2,1010002505,퇴계로,1010014100,신세계백화점(본점신관),126.9813345597681007_37.5600996831039851,1010014904,회현사거리,126.9819470670801422_37.5604226300890645,65.0,37.0,원활,126.9819470670801422_37.5604226300890645|126.9814522832707127_37.5601588457968916|126.9813345597681007_37.5600996831039851
2026-09-04T09:00:31.559343+09:00,남대문시장,남대문시장,POI115,KEY_2,1010002508,퇴계로,1010038200,회현동1가 194-69,126.9793517057243974_37.5593685443415026,1010011702,회현역7번출구,126.9799749525828076_37.5595619956135778,59.0,19.0,서행,126.9799749525828076_37.5595619956135778|126.9797655565294434_37.5594985542619710|126.9793517057243974_37.5593685443415026
2026-09-04T09:00:31.559343+09:00,남대문시장,남대문시장,POI115,KEY_2,1010002603,퇴계로,1010014903,회현사거리,126.9820015801727067_37.5603215668065360,1010013600,우리은행은행사박물관,126.9814070609472481_37.5600082577712442,63.0,19.0,서행,126.9814070609472481_37.5600082577712442|126.9815263347418437_37.5600681990967189|126.9820015801727067_37.5603215668065360
2026-09-04T09:00:31.559343+09:00,남대문시장,남대문시장,POI115,KEY_2,1010002703,소공로,1010012500,회현동2가73,126.9822136040558433_37.5599025256994565,1010014903,회현사거리,126.9820015801727067_37.5603215668065360,50.0,36.0,원활,126.9820015801727067_37.5603215668065360|126.9821708623236134_37.5599944542781472|126.9822136040558433_37.5599025256994565
2026-09-04T09:00:31.559343+09:00,남대문시장,남대문시장,POI115,KEY_2,1010002803,소공로,1010014902,회현사거리,126.9821173466426387_37.5603817102966602,1010012900,금산갤러리,126.9823409760007848_37.5599400560248142,53.0,3.0,정체,126.9823409760007848_37.5599400560248142|126.9822973783252849_37.5600338243564380|126.9821173466426387_37.5603817102966602
2026-09-04T09:00:31.559343+09:00,남대문시장,남대문시장,POI115,KEY_2,1010004501,퇴계로,1010014901,회현사거리,126.9820623967078177_37.5604819136935362,1010015600,중국관광청,126.9827116249739731_37.5606706950213010,62.0,8.0,정체,126.9827116249739731_37.5606706950213010|126.9825668114146993_37.5606529961696793|126.9823364708074251_37.5606043117085662|126.9821925519696464_37.5605470002049984|126.9820623967078177_37.5604819136935362
2026-09-04T09:00:31.559343+09:00,남대문시장,남대문시장,POI115,KEY_2,1010004601,퇴계로,1010015100,스테이트타워남산,126.9827322350448071_37.5605638271977540,1010014902,회현사거리,126.9821173466426387_37.5603817102966602,59.0,24.7,서행,126.9821173466426387_37.5603817102966602|126.9822592119591746_37.5604526524429048|126.9823847812171778_37.5605026567482270|126.9825946231940890_37.5605470088059334|126.9827322350448071_37.5605638271977540
2026-09-04T09:00:31.559343+09:00,남대문시장,남대문시장,POI115,KEY_2,1010004901,소공로,1010014904,회현사거리,126.9819470670801422_37.5604226300890645,1010016100,신세계백화점(본점),126.9816686271532404_37.5609097208093701,59.0,12.0,정체,126.9816686271532404_37.5609097208093701|126.9819470670801422_37.5604226300890645
2026-09-04T09:00:31.559343+09:00,남대문시장,남대문시장,POI115,KEY_2,1010004903,소공로,1010016100,신세계백화점(본점),126.9816686271532404_37.5609097208093701,1010017902,한국은행앞교차로,126.9812102323787997_37.5618212267858951,109.0,30.0,원활,126.9812102323787997_37.5618212267858951|126.9814215875591117_37.5613304278622451|126.9815191090982296_37.5611692719051433|126.9815779997364160_37.5610682604307513|126.9816686271532404_37.5609097208093701
2026-09-04T09:00:31.559343+09:00,남대문시장,남대문시장,POI115,KEY_2,1010005001,소공로,1010016400,포스트타워,126.9817922479335550_37.5609545032611152,1010014901,회현사거리,126.9820623967078177_37.5604819136935362,58.0,13.0,정체,126.9820623967078177_37.5604819136935362|126.9817922479335550_37.5609545032611152
2026-09-04T09:00:31.559343+09:00,남대문시장,남대문시장,POI115,KEY_2,1010005002,소공로,1010016902,한국은행앞,126.9817016201550075_37.5611130425819510,1010016400,포스트타워,126.9817922479335550_37.5609545032611152,19.0,15.0,서행,126.9817922479335550_37.5609545032611152|126.9817016201550075_37.5611130425819510
2026-09-04T09:00:31.559343+09:00,남대문시장,남대문시장,POI115,KEY_2,1010005003,소공로,1010017901,한국은행앞교차로,126.9813201261830500_37.5618994475613093,1010016901,한국은행앞,126.9816414699309064_37.5612161949658940,81.0,13.0,정체,126.9816414699309064_37.5612161949658940|126.9815474496638501_37.5613715645860893|126.9813201261830500_37.5618994475613093
2026-09-04T09:00:31.559343+09:00,남대문시장,남대문시장,POI115,KEY_2,1010005102,남대문로,1010123700,남대문로3가 110-4,126.9802395481067094_37.5615376279630198,1010017903,한국은행앞교차로,126.9811556456876929_37.5619216279188848,92.0,11.0,정체,126.9811556456876929_37.5619216279188848|126.9809804652948202_37.5618338688153770|126.9804945418923836_37.5616270684645031|126.9802395481067094_37.5615376279630198
2026-09-04T09:00:31.559343+09:00,남대문시장,남대문시장,POI115,KEY_2,1010005201,남대문로,1010014800,숭례문,126.9764883666133954_37.5605318420117769,1010013802,숭례문앞교차로,126.9757600351255320_37.5605071695408910,65.0,11.0,정체,126.9757600351255320_37.5605071695408910|126.9759033237710781_37.5604891294319145|126.9761889274862341_37.5604766950548168|126.9764883666133954_37.5605318420117769
2026-09-04T09:00:31.559343+09:00,남대문시장,남대문시장,POI115,KEY_2,1010005202,남대문로,1010105800,남대문로4가 24-1,126.9773600444245005_37.5608297698874694,1010014800,숭례문,126.9764883666133954_37.5605318420117769,84.0,10.0,정체,126.9764883666133954_37.5605318420117769|126.9773600444245005_37.5608297698874694
2026-09-04T09:00:31.559343+09:00,남대문시장,남대문시장,POI115,KEY_2,1010026800,남대문로,1010014800,숭례문,126.9764883666133954_37.5605318420117769,1010011100,숭례문,126.9758644071737450_37.5590694809368770,185.0,12.0,정체,126.9758644071737450_37.5590694809368770|126.9758795592592975_37.5591125336731508|126.9758641531054906_37.5591939851637946|126.9759578405099205_37.5599862959824407|126.9759704486266543_37.5601312860724406|126.9760507361714588_37.5602633560949499|126.9761537145355277_37.5603739896225477|126.9763022172343057_37.5604655608040190|126.9764279735615418_37.5605091608890334|126.9764883666133954_37.5605318420117769
2026-09-04T09:00:31.559343+09:00,남대문시장,남대문시장,POI115,KEY_2,1010027000,소공로,1010012500,회현동2가73,126.9822136040558433_37.5599025256994565,1010013600,우리은행은행사박물관,126.9814070609472481_37.5600082577712442,77.0,25.0,원활,126.9814070609472481_37.5600082577712442|126.9817283323599497_37.5600723147489930|126.9817987065068365_37.5600687495620491|126.9818795629010708_37.5600532666540161|126.9819694078222909_37.5600199056804485|126.9822136040558433_37.5599025256994565
2026-09-04T09:00:31.559343+09:00,남대문시장,남대문시장,POI115,KEY_2,1010028000,퇴계로,1010014100,신세계백화점(본점신관),126.9813345597681007_37.5600996831039851,1010015401,충무로1가52-4,126.9817851871179641_37.5605865324912713,69.0,27.3,원활,126.9817851871179641_37.5605865324912713|126.9817851041901093_37.5605860521239734|126.9817447014208653_37.5604906906837641|126.9817012987769544_37.5604120152254382|126.9816174759299514_37.5603059188314958|126.9813345597681007_37.5600996831039851
2026-09-04T09:00:31.559343+09:00,남대문시장,남대문시장,POI115,KEY_2,1010029201,남대문시장10길,1010036301,충무로1가52-9,126.9802096866011425_37.5606718594319489,1010011701,회현역7번출구,126.9801048978132769_37.5596035774933412,119.0,17.5,서행,126.9801048978132769_37.5596035774933412|126.9800866593272559_37.5597021179481985|126.9800889154790298_37.5598874597116179|126.9802096866011425_37.5606718594319489
2026-09-04T09:00:31.559343+09:00,남대문시장,남대문시장,POI115,KEY_2,1010029202,남대문시장길,1010015401,충무로1가52-4,126.9817851871179641_37.5605865324912713,1010036301,충무로1가52-9,126.9802096866011425_37.5606718594319489,140.0,9.5,정체,126.9802096866011425_37.5606718594319489|126.9802497030729995_37.5606741822428134|126.9807707845876763_37.5606494140121825|126.9816883147786086_37.5606057960128439|126.9817851871179641_37.5605865324912713
2026-09-04T09:00:31.559343+09:00,남대문시장,남대문시장,POI115,KEY_2,1010029900,소공로,1010016400,포스트타워,126.9817922479335550_37.5609545032611152,1010015600,중국관광청,126.9827116249739731_37.5606706950213010,91.0,11.0,정체,126.9827116249739731_37.5606706950213010|126.9823825034924312_37.5606779228201688|126.9822612178897288_37.5606993600976651|126.9821728710918194_37.5607267614215701|126.9820875153085780_37.5607648904012166|126.9817922479335550_37.5609545032611152
2026-09-04T09:00:31.559343+09:00,남대문시장,남대문시장,POI115,KEY_2,1010030001,남대문시장10길,1010011702,회현역7번출구,126.9799749525828076_37.5595619956135778,1010036302,충무로1가52-9,126.9800884608386724_37.5607732287643117,135.0,5.0,정체,126.9800884608386724_37.5607732287643117|126.9799531801049426_37.5598945825498376|126.9799507471012276_37.5596946869498254|126.9799749525828076_37.5595619956135778
2026-09-04T09:00:31.559343+09:00,남대문시장,남대문시장,POI115,KEY_2,1010030100,소공로,1010015402,충무로1가52-4,126.9817657794933154_37.5607018336872827,1010016100,신세계백화점(본점),126.9816686271532404_37.5609097208093701,25.0,32.0,원활,126.9816686271532404_37.5609097208093701|126.9817657794933154_37.5607018336872827
2026-09-04T09:00:31.559343+09:00,남대문시장,남대문시장,POI115,KEY_2,1010032100,명동8나길,1010016901,한국은행앞,126.9816414699309064_37.5612161949658940,1010017704,LG패션,126.9866156676616384_37.5618497971722718,446.0,8.0,정체,126.9866156676616384_37.5618497971722718|126.9864059219120378_37.5618442687355554|126.9861439853324043_37.5618224161464553|126.9858850471473204_37.5617884341175383|126.9849862833789587_37.5616166058945993|126.9832174106051212_37.5613666087159430|126.9816414699309064_37.5612161949658940
2026-09-04T09:00:31.559343+09:00,노량진,노량진,POI063,KEY_3,1190005000,만양로,1190149500,노량진동 118-14,126.9445072828588934_37.5112337554396333,1190002101,노량진삼익아파트,126.9447316692998697_37.5107279071619644,60.0,11.0,정체,126.9447316692998697_37.5107279071619644|126.9445279473944197_37.5111733767808033|126.9445072828588934_37.5112337554396333
2026-09-04T09:00:31.559343+09:00,노량진,노량진,POI063,KEY_3,1190005101,노량진로,1190020703,수산시장입구교차로,126.9466367290000477_37.5134096602374356,1190002602,노량진동 113-6,126.9443471153927447_37.5137469511950457,207.0,36.0,원활,126.9443471153927447_37.5137469511950457|126.9447018533880680_37.5137501237495457|126.9449800137784337_37.5137432195083349|126.9452206941408434_37.5137189330884127|126.9453360318755699_37.5136987454881279|126.9454805879769310_37.5136734436133423|126.9460307202107430_37.5135490198353878|126.9466367290000477_37.5134096602374356
2026-09-04T09:00:31.559343+09:00,노량진,노량진,POI063,KEY_3,1190004503,장승배기로,1190152600,노량진동 49-1,126.9401167823962169_37.5121780072331958,1190021003,노량진삼거리,126.9401273601333457_37.5134896778213545,146.0,22.0,서행,126.9401273601333457_37.5134896778213545|126.9401211502656963_37.5127196410551917|126.9401192691902907_37.5124863808360871|126.9401167823962169_37.5121780072331958
2026-09-04T09:00:31.559343+09:00,노량진,노량진,POI063,KEY_3,1190004900,만양로,1190166100,노량진동 118-14,126.9442141544357412_37.5118605513789589,1190002603,노량진동 113-1,126.9442112295573821_37.5137418468286512,209.0,21.0,서행,126.9442112295573821_37.5137418468286512|126.9442007157676358_37.5133170529862738|126.9442010082990748_37.5132853486690649|126.9442075422818306_37.5125771934533816|126.9442141544357412_37.5118605513789589
2026-09-04T09:00:31.559343+09:00,노량진,노량진,POI063,KEY_3,1190005102,노량진로,1190111500,노량진동 148-80,126.9471465220967872_37.5132972498454933,1190020702,수산시장입구교차로,126.9467856169075617_37.5133759098446546,33.0,28.0,원활,126.9467856169075617_37.5133759098446546|126.9471465220967872_37.5132972498454933
2026-09-04T09:00:31.559343+09:00,노량진,노량진,POI063,KEY_3,1190005201,노량진로,1190113600,노량진동 150-2,126.9453651613680023_37.5138043462520159,1190020704,수산시장입구교차로,126.9466743766019192_37.5135135387472616,120.0,22.0,서행,126.9466743766019192_37.5135135387472616|126.9460680803163228_37.5136529641003662|126.9455137197508776_37.5137783438666617|126.9453651613680023_37.5138043462520159
2026-09-04T09:00:31.559343+09:00,노량진,노량진,POI063,KEY_3,1190005202,노량진로,1190117200,본동 365,126.9512041597025416_37.5127679663408102,1190019404,노량진배수지앞교차로,126.9521514565343949_37.5127483356353082,84.0,34.0,원활,126.9521514565343949_37.5127483356353082|126.9515041450622306_37.5127617506074742|126.9512041597025416_37.5127679663408102
2026-09-04T09:00:31.559343+09:00,노량진,노량진,POI063,KEY_3,1190005302,노량진로23길,1190019404,노량진배수지앞교차로,126.9521514565343949_37.5127483356353082,1190021702,강변유원아파트앞교차로,126.9517878200399252_37.5144323341285642,190.0,9.0,정체,126.9517878200399252_37.5144323341285642|126.9521402590242047_37.5130263085339948|126.9521514565343949_37.5127483356353082
2026-09-04T09:00:31.559343+09:00,노량진,노량진,POI063,KEY_3,1190005402,노량진로23길,1190021701,강변유원아파트앞교차로,126.9519265942660269_37.5144356577308216,1190019401,노량진배수지앞교차로,126.9522873805224066_37.5127452624808910,191.0,29.0,원활,126.9522873805224066_37.5127452624808910|126.9522755603509978_37.5130387016279059|126.9519265942660269_37.5144356577308216
2026-09-04T09:00:31.559343+09:00,노량진,노량진,POI063,KEY_3,1190005403,노량진로23길,1190021702,강변유원아파트앞교차로,126.9517878200399252_37.5144323341285642,1190002800,래미안트윈파크어린이집,126.9513254038714081_37.5151339939864243,90.0,34.0,원활,126.9513254038714081_37.5151339939864243|126.9515276227898823_37.5149837680980554|126.9516261546233409_37.5148351491784879|126.9516943568016671_37.5147120387054969|126.9517717030701789_37.5145057377369682|126.9517878200399252_37.5144323341285642
2026-09-04T09:00:31.559343+09:00,노량진,노량진,POI063,KEY_3,1190005901,노량진로,1190002301,동작전화국입구교차로,126.9319314618299188_37.5132681113596362,1190020504,노량진전화국,126.9367010324218938_37.5133867368247493,422.0,32.0,원활,126.9367010324218938_37.5133867368247493|126.9349496085363853_37.5132700252727744|126.9346845661618062_37.5132523610597346|126.9343824864800325_37.5132486544900985|126.9319314618299188_37.5132681113596362
2026-09-04T09:00:31.559343+09:00,노량진,노량진,POI063,KEY_3,1190005902,노량진로,1190020501,노량진전화국,126.9368725067964618_37.5133974948874851,1190021004,노량진삼거리,126.9401168906885289_37.5135974767245486,288.0,33.0,원활,126.9401168906885289_37.5135974767245486|126.9384099054870916_37.5134922704434572|126.9376728241927026_37.5134468343409324|126.9372728687352492_37.5134221778299022|126.9368725067964618_37.5133974948874851
2026-09-04T09:00:31.559343+09:00,노량진,노량진,POI063,KEY_3,1190006002,노량진로,1190156700,노량진동 40-12,126.9372833421547142_37.5133143799160251,1190020502,노량진전화국,126.9367832042905064_37.5132835455482123,44.0,29.0,원활,126.9367832042905064_37.5132835455482123|126.9372833421547142_37.5133143799160251
2026-09-04T09:00:31.559343+09:00,노량진,노량진,POI063,KEY_3,1190006300,노량진로,1190021001,노량진삼거리,126.9402528271981794_37.5136058036791340,1190002604,노량진동 149-1,126.9442005819552293_37.5138496342654904,350.0,20.0,서행,126.9442005819552293_37.5138496342654904|126.9436735713390760_37.5138165998370070|126.9425225287408949_37.5137444411450716|126.9422059483943457_37.5137245927783880|126.9419852419011647_37.5137111710165669|126.9414974384053210_37.5136815048798908|126.9413599099681420_37.5136731406162056|126.9402528271981794_37.5136058036791340
2026-09-04T09:00:31.559343+09:00,노량진,노량진,POI063,KEY_3,1190006402,노량진로,1190165400,노량진동 60-11,126.9413702431442630_37.5135653340007238,1190021002,노량진삼거리,126.9402631619478825_37.5134979974577192,98.0,16.7,서행,126.9402631619478825_37.5134979974577192|126.9413702431442630_37.5135653340007238
2026-09-04T09:00:31.559343+09:00,노량진,노량진,POI063,KEY_3,1190006503,노들로,1190002503,한강대교남단교차로,126.9559485654462350_37.5135692375558918,1190021402,노량진북고가차도(남측),126.9535701647488253_37.5144666186535645,234.0,23.0,서행,126.9535701647488253_37.5144666186535645|126.9538055503909391_37.5143453656792119|126.9550106567837133_37.5140170958698604|126.9551952040804679_37.5139503610819247|126.9553662466185671_37.5138687011783389|126.9559485654462350_37.5135692375558918
2026-09-04T09:00:31.559343+09:00,노량진,노량진,POI063,KEY_3,1190035600,매봉로,1190112400,본동 163-2,126.9520505492110658_37.5124639722260156,1190019403,노량진배수지앞교차로,126.9521271874186397_37.5126406813780520,21.0,24.0,서행,126.9521271874186397_37.5126406813780520|126.9520505492110658_37.5124639722260156
2026-09-04T09:00:31.559343+09:00,노량진,노량진,POI063,KEY_3,1190037400,등용로14길,1190147800,노량진동 261-16,126.9360131508652358_37.5128578520058724,1190020503,노량진전화국,126.9366130923878160_37.5132723793395044,71.0,13.0,정체,126.9366130923878160_37.5132723793395044|126.9365424170735963_37.5131804726463116|126.9360131508652358_37.5128578520058724
2026-09-04T09:00:31.559343+09:00,노량진,노량진,POI063,KEY_3,1190038200,노량진로,1190002203,상도터널입구삼거리,126.9541890386700089_37.5126031402648223,1190019402,노량진배수지앞교차로,126.9522694244192564_37.5126375342248082,170.0,8.0,정체,126.9522694244192564_37.5126375342248082|126.9540738186661173_37.5125928966997364|126.9541890386700089_37.5126031402648223
2026-09-04T09:00:31.559343+09:00,노량진,노량진,POI063,KEY_3,1190038300,노량진로,1190019401,노량진배수지앞교차로,126.9522873805224066_37.5127452624808910,1190002204,상도터널입구삼거리,126.9542714927660967_37.5127192624925598,176.0,31.0,원활,126.9542714927660967_37.5127192624925598|126.9540683705858299_37.5127012042861523|126.9522873805224066_37.5127452624808910
2026-09-04T09:00:31.559343+09:00,노량진,노량진,POI063,KEY_3,1190040700,노량진로17길,1190023001,여의상류IC,126.9431116863680842_37.5161708855538407,1190020701,수산시장입구교차로,126.9468214378170643_37.5134801972138732,493.0,26.5,원활,126.9468214378170643_37.5134801972138732|126.9466448548326269_37.5141699643926856|126.9465643597165752_37.5142980228204763|126.9464218282206502_37.5144168285898871|126.9462405404805025_37.5144778270687311|126.9460835780338783_37.5144777555249433|126.9453210615172054_37.5143777449688898|126.9452338575720916_37.5143850162141206|126.9451348889409985_37.5144401324414005|126.9434906876151103_37.5159004906293632|126.9432089104320056_37.5161015222505938|126.9431116863680842_37.5161708855538407
2026-09-04T09:00:31.559343+09:00,노량진,노량진,POI063,KEY_3,1190040900,노들로,1190021800,본동 258-49,126.9522431443229635_37.5148369634925771,1190021701,강변유원아파트앞교차로,126.9519265942660269_37.5144356577308216,60.0,13.0,정체,126.9519265942660269_37.5144356577308216|126.9519056314746734_37.5145429569509261|126.9519136872829819_37.5146399127459347|126.9519623531568016_37.5147094143572275|126.9520672177055758_37.5147752779884840|126.9521798364511511_37.5148124882405014|126.9522431443229635_37.5148369634925771
2026-09-04T09:00:31.559343+09:00,덕수궁길·정동길,덕수궁길·정동길,POI064,KEY_4,1000003501,통일로,1010027003,서대문역사거리,126.9665598949685972_37.5658773201177496,1120008500,서대문역,126.9660434778780029_37.5662892627082314,65.0,4.0,정체,126.9660434778780029_37.5662892627082314|126.9660644805756817_37.5662660599925218|126.9662705451212759_37.5660693694562298|126.9664350799789361_37.5659422317544767|126.9665598949685972_37.5658773201177496
2026-09-04T09:00:31.559343+09:00,덕수궁길·정동길,덕수궁길·정동길,POI064,KEY_4,1000003601,통일로,1120008600,서대문역,126.9661536779906470_37.5663524685838368,1010027004,서대문역사거리,126.9666386902470094_37.5659654915417676,61.0,28.0,원활,126.9666386902470094_37.5659654915417676|126.9665203108583569_37.5660270558958160|126.9663702817105673_37.5661429858535953|126.9661718721607571_37.5663323698760294|126.9661536779906470_37.5663524685838368
2026-09-04T09:00:31.559343+09:00,덕수궁길·정동길,덕수궁길·정동길,POI064,KEY_4,1000006401,송월길,1000006901,강북삼성병원뒤,126.9678155847015262_37.5692462622143637,1010032809,정동사거리,126.9691333679310219_37.5683815810654309,163.0,19.0,서행,126.9691333679310219_37.5683815810654309|126.9688551437995585_37.5683808671272601|126.9687865289426298_37.5683825554918585|126.9687053439467377_37.5683979184998549|126.9686414665824401_37.5684337846019289|126.9685779416765854_37.5684927369736954|126.9685223607223037_37.5685604321071480|126.9682968100973284_37.5688351412147554|126.9681174074262486_37.5690536427198865|126.9679795032923550_37.5691778229461093|126.9678501620556546_37.5692356875673852|126.9678155847015262_37.5692462622143637
2026-09-04T09:00:31.559343+09:00,덕수궁길·정동길,덕수궁길·정동길,POI064,KEY_4,1000022100,새문안로,1120008600,서대문역,126.9661536779906470_37.5663524685838368,1010028700,서대문역4번출구,126.9670324901914711_37.5663666430491148,80.0,20.0,서행,126.9670324901914711_37.5663666430491148|126.9668820265256244_37.5663086732054694|126.9667454719701425_37.5662886101858149|126.9666125029624908_37.5662871418756055|126.9664364041787792_37.5662956739300782|126.9661536779906470_37.5663524685838368
2026-09-04T09:00:31.559343+09:00,덕수궁길·정동길,덕수궁길·정동길,POI064,KEY_4,1000022401,새문안로,1010032804,서울역사박물관,126.9707197881594425_37.5693628093792142,1010032806,정동사거리,126.9692709523976930_37.5683376169548211,171.0,4.0,정체,126.9692709523976930_37.5683376169548211|126.9694171583184641_37.5684519908853858|126.9701987888334713_37.5690024896529167|126.9705789078106477_37.5692702008800268|126.9707197881594425_37.5693628093792142
2026-09-04T09:00:31.559343+09:00,덕수궁길·정동길,덕수궁길·정동길,POI064,KEY_4,1010000101,새문안로,1010027004,서대문역사거리,126.9666386902470094_37.5659654915417676,1010028700,서대문역4번출구,126.9670324901914711_37.5663666430491148,57.0,4.0,정체,126.9670324901914711_37.5663666430491148|126.9668835823451474_37.5662204039694956|126.9666386902470094_37.5659654915417676
2026-09-04T09:00:31.559343+09:00,덕수궁길·정동길,덕수궁길·정동길,POI064,KEY_4,1010000102,새문안로,1010028700,서대문역4번출구,126.9670324901914711_37.5663666430491148,1010029003,서울적십자병원,126.9671546864980343_37.5664866489618561,17.0,3.0,정체,126.9671546864980343_37.5664866489618561|126.9670324901914711_37.5663666430491148
2026-09-04T09:00:31.559343+09:00,덕수궁길·정동길,덕수궁길·정동길,POI064,KEY_4,1010000103,새문안로,1010029004,서울적십자병원,126.9672365893395067_37.5665683518858913,1010031502,서대문고가차도(북측),126.9682797509603347_37.5675570741512246,144.0,4.0,정체,126.9682797509603347_37.5675570741512246|126.9680594800643263_37.5674181616993508|126.9672365893395067_37.5665683518858913
2026-09-04T09:00:31.559343+09:00,덕수궁길·정동길,덕수궁길·정동길,POI064,KEY_4,1010000104,새문안로,1000130100,평동 140,126.9686758248646044_37.5679534765213603,1010032808,정동사거리,126.9690069713246316_37.5682731367375595,46.0,6.0,정체,126.9690069713246316_37.5682731367375595|126.9689149176519578_37.5681927649009353|126.9686758248646044_37.5679534765213603
2026-09-04T09:00:31.559343+09:00,덕수궁길·정동길,덕수궁길·정동길,POI064,KEY_4,1010000201,새문안로,1010028401,서대문역5번출구,126.9672435278120872_37.5662304820158113,1010027001,서대문역사거리,126.9668575711302481_37.5658373549132563,55.0,8.0,정체,126.9668575711302481_37.5658373549132563|126.9670970399012475_37.5660866188988862|126.9672435278120872_37.5662304820158113
2026-09-04T09:00:31.559343+09:00,덕수궁길·정동길,덕수궁길·정동길,POI064,KEY_4,1010000202,새문안로,1010029002,서울적십자병원,126.9673657254923569_37.5663504889476059,1010028401,서대문역5번출구,126.9672435278120872_37.5662304820158113,17.0,4.0,정체,126.9672435278120872_37.5662304820158113|126.9673657254923569_37.5663504889476059
2026-09-04T09:00:31.559343+09:00,덕수궁길·정동길,덕수궁길·정동길,POI064,KEY_4,1010000203,새문안로,1010031501,서대문고가차도(북측),126.9683866953238578_37.5674904209052158,1010029001,서울적십자병원,126.9674517491191921_37.5664363425452308,144.0,2.0,정체,126.9674517491191921_37.5664363425452308|126.9682746406970750_37.5672861516802570|126.9683866953238578_37.5674904209052158
2026-09-04T09:00:31.559343+09:00,덕수궁길·정동길,덕수궁길·정동길,POI064,KEY_4,1010000204,새문안로,1010032807,정동사거리,126.9691736826791697_37.5682582105465954,1010031501,서대문고가차도(북측),126.9683866953238578_37.5674904209052158,110.0,3.0,정체,126.9683866953238578_37.5674904209052158|126.9687821295761694_37.5678861768572077|126.9690183776100270_37.5681226144453078|126.9691736826791697_37.5682582105465954
2026-09-04T09:00:31.559343+09:00,덕수궁길·정동길,덕수궁길·정동길,POI064,KEY_4,1010007305,서소문로,1010060500,서소문동 42-3,126.9748814331857290_37.5634753132613639,1010021604,시청앞광장,126.9768728564433928_37.5640783561644085,191.0,19.0,서행,126.9768728564433928_37.5640783561644085|126.9766787939362445_37.5640859652900971|126.9765523317762188_37.5640754535460886|126.9763400428201123_37.5640251139761148|126.9749917778751325_37.5635158830683409|126.9748814331857290_37.5634753132613639
2026-09-04T09:00:31.559343+09:00,덕수궁길·정동길,덕수궁길·정동길,POI064,KEY_4,1010007405,서소문로,1010021603,시청앞광장,126.9768324946201261_37.5639716881909536,1010020202,중앙일보사,126.9742502538365869_37.5631241528421853,249.0,14.0,정체,126.9742502538365869_37.5631241528421853|126.9749383845103381_37.5633771573157134|126.9750493665217306_37.5634179614493959|126.9763888286545210_37.5639238670732283|126.9765790012718583_37.5639689628774178|126.9766825277856697_37.5639775680622137|126.9768324946201261_37.5639716881909536
2026-09-04T09:00:31.559343+09:00,덕수궁길·정동길,덕수궁길·정동길,POI064,KEY_4,1010008906,통일로,1010025300,서대문역,126.9671252866849898_37.5653671985533322,1010027002,서대문역사거리,126.9667788262273973_37.5657489148118202,53.0,30.5,원활,126.9667788262273973_37.5657489148118202|126.9668162462572951_37.5657244020835108|126.9669569622694496_37.5655921194699403|126.9671252866849898_37.5653671985533322
2026-09-04T09:00:31.559343+09:00,덕수궁길·정동길,덕수궁길·정동길,POI064,KEY_4,1010009006,통일로,1010027001,서대문역사거리,126.9668575711302481_37.5658373549132563,1010025800,서대문역,126.9672419766317830_37.5654225323261173,58.0,6.0,정체,126.9672419766317830_37.5654225323261173|126.9670678922722402_37.5656551508116365|126.9669120004380005_37.5658017001798896|126.9668575711302481_37.5658373549132563
2026-09-04T09:00:31.559343+09:00,덕수궁길·정동길,덕수궁길·정동길,POI064,KEY_4,1010009902,세종대로,1010021604,시청앞광장,126.9768728564433928_37.5640783561644085,1010024204,시청앞교차로,126.9770880989032236_37.5648197786229900,85.0,20.0,서행,126.9770880989032236_37.5648197786229900|126.9770591791834136_37.5646629693451288|126.9770001947957212_37.5644354373990907|126.9769219936512883_37.5642088549141349|126.9768728564433928_37.5640783561644085
2026-09-04T09:00:31.559343+09:00,덕수궁길·정동길,덕수궁길·정동길,POI064,KEY_4,1010010000,세종대로,1010024203,시청앞교차로,126.9772135411598413_37.5647555843739269,1010021601,시청앞광장,126.9770081698073909_37.5640611462049279,79.0,13.5,정체,126.9770081698073909_37.5640611462049279|126.9770525488461743_37.5641790078298783|126.9771323290460572_37.5644101639924273|126.9771929938028450_37.5646441761629077|126.9772135411598413_37.5647555843739269
2026-09-04T09:00:31.559343+09:00,덕수궁길·정동길,덕수궁길·정동길,POI064,KEY_4,1010011000,덕수궁길,1010003702,국립현대미술관(덕수궁),126.9734800713954428_37.5653099277390794,1010024205,시청앞교차로,126.9771111379704962_37.5649683842586413,350.0,19.3,서행,126.9771111379704962_37.5649683842586413|126.9769955437966189_37.5648997036250520|126.9769191129801698_37.5648841239987448|126.9762643259252286_37.5649661911538288|126.9761744747147532_37.5649770829893868|126.9759779520215517_37.5650009053778362|126.9758689949813260_37.5650050124235619|126.9752013280298399_37.5649548066137768|126.9751376722967393_37.5649475156969572|126.9743014077374426_37.5648517294047579|126.9740978380537513_37.5648406360021241|126.9740518977143893_37.5648432379020889|126.9740231183313881_37.5648571744892976|126.9736843653272729_37.5652451675209207|126.9735504744861458_37.5653043393530339|126.9734800713954428_37.5653099277390794
2026-09-04T09:00:31.559343+09:00,덕수궁길·정동길,덕수궁길·정동길,POI064,KEY_4,1010011100,소공로,1010024703,시청앞광장,126.9784672029423973_37.5649273269454653,1010024202,시청앞교차로,126.9772712943529740_37.5649019993645936,106.0,6.0,정체,126.9772712943529740_37.5649019993645936|126.9774098801302102_37.5649281244663342|126.9776269810423628_37.5649428736685351|126.9783249021099323_37.5649392241840445|126.9784672029423973_37.5649273269454653
2026-09-04T09:00:31.559343+09:00,덕수궁길·정동길,덕수궁길·정동길,POI064,KEY_4,1010011200,소공로,1010024201,시청앞교차로,126.9772516593585294_37.5650094083765893,1010024704,시청앞광장,126.9784659259494219_37.5650361481380060,108.0,17.0,서행,126.9784659259494219_37.5650361481380060|126.9783324600417700_37.5650473063687187|126.9776216401868254_37.5650510228301613|126.9773883375840597_37.5650351731031407|126.9772516593585294_37.5650094083765893
2026-09-04T09:00:31.559343+09:00,덕수궁길·정동길,덕수궁길·정동길,POI064,KEY_4,1010013800,세종대로,1010004902,강원도민일보(서울본부),126.9771979915670101_37.5670009920858590,1010024201,시청앞교차로,126.9772516593585294_37.5650094083765893,221.0,22.0,서행,126.9772516593585294_37.5650094083765893|126.9772632229602749_37.5651213527824481|126.9772704963173453_37.5652669803863901|126.9772680209366058_37.5654083777349115|126.9772559424266944_37.5656434912380419|126.9771979915670101_37.5670009920858590
2026-09-04T09:00:31.559343+09:00,덕수궁길·정동길,덕수궁길·정동길,POI064,KEY_4,1010015100,정동길,1010153400,정동 23-20,126.9696811503261245_37.5676424275946701,1010032807,정동사거리,126.9691736826791697_37.5682582105465954,84.0,21.0,서행,126.9691736826791697_37.5682582105465954|126.9693289724986869_37.5681827433020032|126.9694353904340431_37.5680832784538410|126.9695596803049256_37.5678603245802520|126.9696811503261245_37.5676424275946701
2026-09-04T09:00:31.559343+09:00,덕수궁길·정동길,덕수궁길·정동길,POI064,KEY_4,1010015200,정동길,1010053500,정동 6-1,126.9726302734250396_37.5657818964494226,1010003701,국립현대미술관(덕수궁),126.9734172515147748_37.5653215661761095,86.0,5.0,정체,126.9734172515147748_37.5653215661761095|126.9731819807769568_37.5654408147970216|126.9726302734250396_37.5657818964494226
2026-09-04T09:00:31.559343+09:00,덕수궁길·정동길,덕수궁길·정동길,POI064,KEY_4,1010017701,덕수궁길,1010003708,국립현대미술관(덕수궁),126.9733973038882908_37.5653215550209438,1010034405,덕수초교앞,126.9742636314177417_37.5692915440127635,470.0,18.0,서행,126.9742636314177417_37.5692915440127635|126.9742609154399133_37.5692318560367440|126.9741806606774475_37.5688123115606558|126.9741708329106444_37.5687509002550755|126.9741496491990489_37.5687070234402825|126.9733330667186380_37.5677499979341434|126.9732604662010260_37.5676432387449850|126.9732135563309470_37.5675636296405173|126.9732109235822293_37.5675447199477688|126.9732028295893542_37.5674865848597861|126.9732067525657442_37.5673829793437548|126.9732946020034490_37.5669917355047289|126.9734162527930152_37.5666474960378096|126.9734297415941171_37.5665457649226155|126.9734351774182528_37.5662640535461065|126.9734319058327827_37.5653823750330673|126.9734292579386477_37.5653516838069237|126.9734209124859774_37.5653359703583263|126.9733973038882908_37.5653215550209438
2026-09-04T09:00:31.559343+09:00,덕수궁길·정동길,덕수궁길·정동길,POI064,KEY_4,1010017801,덕수궁길,1010142200,정동 1-36,126.9733459274212635_37.5675328106811506,1010003703,국립현대미술관(덕수궁),126.9735218655151243_37.5652613466895460,255.0,19.0,서행,126.9735218655151243_37.5652613466895460|126.9735320491287638_37.5652675646712737|126.9735632083507113_37.5653262373116092|126.9735677185460503_37.5653785069074999|126.9735710082390199_37.5662647237383496|126.9735654610655899_37.5665522825597762|126.9735501225163148_37.5666679552866043|126.9734271477770164_37.5670159427351393|126.9733422194510410_37.5673941796546416|126.9733388862719750_37.5674822368240626|126.9733459274212635_37.5675328106811506
2026-09-04T09:00:31.559343+09:00,덕수궁길·정동길,덕수궁길·정동길,POI064,KEY_4,1010018100,세종대로,1010024205,시청앞교차로,126.9771111379704962_37.5649683842586413,1010036201,청계광장,126.9769724776174371_37.5689758850454254,445.0,19.5,서행,126.9769724776174371_37.5689758850454254|126.9770357842986499_37.5675064469025131|126.9770571241010231_37.5671045176161513|126.9770622406749681_37.5669973200828053|126.9771202099424414_37.5656394465692429|126.9771322330851717_37.5654054151655075|126.9771346338183520_37.5652683750225975|126.9771276194723697_37.5651279335943542|126.9771111379704962_37.5649683842586413
2026-09-04T09:00:31.559343+09:00,덕수궁길·정동길,덕수궁길·정동길,POI064,KEY_4,1010037700,서소문로11길,1010119100,정동 34-31,126.9727951808603876_37.5647038792147114,1010003707,국립현대미술관(덕수궁),126.9733026963352955_37.5652751287957045,97.0,11.0,정체,126.9733026963352955_37.5652751287957045|126.9731147506106339_37.5651909181462429|126.9727976869032062_37.5651133337218468|126.9727288163474412_37.5650455719333536|126.9727288478402016_37.5649591817261097|126.9727803611883274_37.5647836723506359|126.9727951808603876_37.5647038792147114
2026-09-04T09:00:31.559343+09:00,덕수궁길·정동길,덕수궁길·정동길,POI064,KEY_4,1010039000,소공로,1010024202,시청앞교차로,126.9772712943529740_37.5649019993645936,1010023104,서울프라자호텔,126.9780385528240316_37.5645364866542977,82.0,4.0,정체,126.9780385528240316_37.5645364866542977|126.9776055199770184_37.5646501981039478|126.9774312688185773_37.5647230654274864|126.9773645076050741_37.5647713550531037|126.9773054583435652_37.5648401473905977|126.9772712943529740_37.5649019993645936
2026-09-04T09:00:31.559343+09:00,덕수궁길·정동길,덕수궁길·정동길,POI064,KEY_4,1010040700,새문안로,1010028401,서대문역5번출구,126.9672435278120872_37.5662304820158113,1010025800,서대문역,126.9672419766317830_37.5654225323261173,92.0,4.0,정체,126.9672419766317830_37.5654225323261173|126.9671627047004989_37.5655962214450838|126.9671530773462109_37.5656982484603077|126.9671501998966363_37.5657656962227051|126.9671429571134951_37.5658915642520341|126.9671696483151493_37.5660384205100399|126.9672435278120872_37.5662304820158113
2026-09-04T09:00:31.559343+09:00,덕수궁길·정동길,덕수궁길·정동길,POI064,KEY_4,1010041200,통일로4길,1010026704,농협중앙회중앙본부,126.9680009751863565_37.5657474827716342,1010029002,서울적십자병원,126.9673657254923569_37.5663504889476059,87.0,9.0,정체,126.9673657254923569_37.5663504889476059|126.9674678905687699_37.5662580433505866|126.9678098962985331_37.5659327261802858|126.9680009751863565_37.5657474827716342
2026-09-04T09:00:31.559343+09:00,덕수궁길·정동길,덕수궁길·정동길,POI064,KEY_4,1010041300,통일로4길,1010029001,서울적십자병원,126.9674517491191921_37.5664363425452308,1010026701,농협중앙회중앙본부,126.9681059501351683_37.5658160932863012,90.0,15.0,서행,126.9681059501351683_37.5658160932863012|126.9679144693849793_37.5660017267912281|126.9675709803964594_37.5663284539118862|126.9674517491191921_37.5664363425452308
2026-09-04T09:00:31.559343+09:00,덕수궁길·정동길,덕수궁길·정동길,POI064,KEY_4,1120000904,충정로,1120007504,경기대입구교차로,126.9654358551941868_37.5643701192781236,1120008200,서대문역1번출구,126.9661345078370260_37.5653705612373798,128.0,36.0,원활,126.9661345078370260_37.5653705612373798|126.9658063010760287_37.5649795640658724|126.9654882556718718_37.5645480455164105|126.9654358551941868_37.5643701192781236
2026-09-04T09:00:31.559343+09:00,덕수궁길·정동길,덕수궁길·정동길,POI064,KEY_4,1120000905,충정로,1120008200,서대문역1번출구,126.9661345078370260_37.5653705612373798,1010027003,서대문역사거리,126.9665598949685972_37.5658773201177496,68.0,26.5,원활,126.9665598949685972_37.5658773201177496|126.9661345078370260_37.5653705612373798
2026-09-04T09:00:31.559343+09:00,덕수궁길·정동길,덕수궁길·정동길,POI064,KEY_4,1120001004,충정로,1120008100,서대문역8번출구,126.9663601701517166_37.5652501751878560,1120007501,경기대입구교차로,126.9655530068436775_37.5643154067983005,127.0,4.0,정체,126.9655530068436775_37.5643154067983005|126.9657225563985463_37.5644386212690051|126.9660365816878453_37.5648646850507362|126.9663601701517166_37.5652501751878560
2026-09-04T09:00:31.559343+09:00,덕수궁길·정동길,덕수궁길·정동길,POI064,KEY_4,1120001005,충정로,1010027002,서대문역사거리,126.9667788262273973_37.5657489148118202,1120008100,서대문역8번출구,126.9663601701517166_37.5652501751878560,67.0,4.0,정체,126.9663601701517166_37.5652501751878560|126.9667788262273973_37.5657489148118202
2026-09-04T09:00:31.559343+09:00,덕수궁길·정동길,덕수궁길·정동길,POI064,KEY_4,1120018600,새문안로,1010031501,서대문고가차도(북측),126.9683866953238578_37.5674904209052158,1120007501,경기대입구교차로,126.9655530068436775_37.5643154067983005,433.0,4.0,정체,126.9655530068436775_37.5643154067983005|126.9659790116012346_37.5648934048468846|126.9667666082858375_37.5658316625100710|126.9670436755838097_37.5661200652030587|126.9673713851940988_37.5664419018809852|126.9683866953238578_37.5674904209052158
2026-09-04T09:00:31.559343+09:00,덕수궁길·정동길,덕수궁길·정동길,POI064,KEY_4,1120019100,충정로,1010025300,서대문역,126.9671252866849898_37.5653671985533322,1120008100,서대문역8번출구,126.9663601701517166_37.5652501751878560,74.0,19.0,서행,126.9663601701517166_37.5652501751878560|126.9665194783773217_37.5653631197886000|126.9666434455435962_37.5653989136113822|126.9667584409983760_37.5654103886958168|126.9668764802246983_37.5654216401742502|126.9669962758516419_37.5654130917357776|126.9671252866849898_37.5653671985533322
2026-09-04T09:00:31.559343+09:00,덕수궁길·정동길,덕수궁길·정동길,POI064,KEY_4,1120019400,충정로,1120008200,서대문역1번출구,126.9661345078370260_37.5653705612373798,1120008500,서대문역,126.9660434778780029_37.5662892627082314,109.0,19.0,서행,126.9660434778780029_37.5662892627082314|126.9662204775012100_37.5660705723871402|126.9662588552284035_37.5659733199437156|126.9662708684429191_37.5658970396490446|126.9662804865533872_37.5658207577671277|126.9662829231651244_37.5657311237744906|126.9662372680301416_37.5655890326611370|126.9661345078370260_37.5653705612373798
2026-09-04T09:00:31.559343+09:00,북창동 먹자골목,북창동 먹자골목,POI114,KEY_1,1010002402,소월로,1010013802,숭례문앞교차로,126.9757600351255320_37.5605071695408910,1010011100,숭례문,126.9758644071737450_37.5590694809368770,164.0,9.0,정체,126.9758644071737450_37.5590694809368770|126.9758414948468044_37.5591969276911115|126.9758551619603253_37.5593278985156402|126.9759327469906509_37.5599943665054212|126.9759344158917429_37.5602035603088922|126.9758567349293656_37.5604019178341417|126.9757600351255320_37.5605071695408910
2026-09-04T09:00:31.559343+09:00,북창동 먹자골목,북창동 먹자골목,POI114,KEY_1,1010004903,소공로,1010016100,신세계백화점(본점),126.9816686271532404_37.5609097208093701,1010017902,한국은행앞교차로,126.9812102323787997_37.5618212267858951,109.0,30.0,원활,126.9812102323787997_37.5618212267858951|126.9814215875591117_37.5613304278622451|126.9815191090982296_37.5611692719051433|126.9815779997364160_37.5610682604307513|126.9816686271532404_37.5609097208093701
2026-09-04T09:00:31.559343+09:00,북창동 먹자골목,북창동 먹자골목,POI114,KEY_1,1010005003,소공로,1010017901,한국은행앞교차로,126.9813201261830500_37.5618994475613093,1010016901,한국은행앞,126.9816414699309064_37.5612161949658940,81.0,13.0,정체,126.9816414699309064_37.5612161949658940|126.9815474496638501_37.5613715645860893|126.9813201261830500_37.5618994475613093
2026-09-04T09:00:31.559343+09:00,북창동 먹자골목,북창동 먹자골목,POI114,KEY_1,1010005101,남대문로,1010013801,숭례문앞교차로,126.9756943412395600_37.5606249038699929,1010015000,숭례문,126.9764459331227329_37.5606350021971664,67.0,11.5,정체,126.9764459331227329_37.5606350021971664|126.9761770959942169_37.5605854916413975|126.9759176766868478_37.5605967861663927|126.9756943412395600_37.5606249038699929
2026-09-04T09:00:31.559343+09:00,북창동 먹자골목,북창동 먹자골목,POI114,KEY_1,1010005102,남대문로,1010123700,남대문로3가 110-4,126.9802395481067094_37.5615376279630198,1010017903,한국은행앞교차로,126.9811556456876929_37.5619216279188848,92.0,11.0,정체,126.9811556456876929_37.5619216279188848|126.9809804652948202_37.5618338688153770|126.9804945418923836_37.5616270684645031|126.9802395481067094_37.5615376279630198
2026-09-04T09:00:31.559343+09:00,북창동 먹자골목,북창동 먹자골목,POI114,KEY_1,1010005201,남대문로,1010014800,숭례문,126.9764883666133954_37.5605318420117769,1010013802,숭례문앞교차로,126.9757600351255320_37.5605071695408910,65.0,11.0,정체,126.9757600351255320_37.5605071695408910|126.9759033237710781_37.5604891294319145|126.9761889274862341_37.5604766950548168|126.9764883666133954_37.5605318420117769
2026-09-04T09:00:31.559343+09:00,북창동 먹자골목,북창동 먹자골목,POI114,KEY_1,1010005202,남대문로,1010105800,남대문로4가 24-1,126.9773600444245005_37.5608297698874694,1010014800,숭례문,126.9764883666133954_37.5605318420117769,84.0,10.0,정체,126.9764883666133954_37.5605318420117769|126.9773600444245005_37.5608297698874694
2026-09-04T09:00:31.559343+09:00,북창동 먹자골목,북창동 먹자골목,POI114,KEY_1,1010007100,남대문로,1010017904,한국은행앞교차로,126.9812429466621211_37.5620183676301806,1010021108,호텔이비스명동,126.9820519451972700_37.5636664770067483,197.0,10.0,정체,126.9820519451972700_37.5636664770067483|126.9819793117574847_37.5634775660291922|126.9817625196920829_37.5629137095619114|126.9816744970428033_37.5627384358941327|126.9813726104749207_37.5622249080098740|126.9812429466621211_37.5620183676301806
2026-09-04T09:00:31.559343+09:00,북창동 먹자골목,북창동 먹자골목,POI114,KEY_1,1010007200,남대문로,1010090400,남대문로2가 17-2,126.9821091872959755_37.5634459234669080,1010017901,한국은행앞교차로,126.9813201261830500_37.5618994475613093,186.0,31.5,원활,126.9813201261830500_37.5618994475613093|126.9814948864511877_37.5621778204330639|126.9817991665262582_37.5626954199811465|126.9818907371757462_37.5628777579140802|126.9821091872959755_37.5634459234669080
2026-09-04T09:00:31.559343+09:00,북창동 먹자골목,북창동 먹자골목,POI114,KEY_1,1010007500,소공로,1010017903,한국은행앞교차로,126.9811556456876929_37.5619216279188848,1010021703,소공로지하상가,126.9793735854893129_37.5639048297059688,271.0,5.0,정체,126.9793735854893129_37.5639048297059688|126.9799260872659801_37.5633234478845921|126.9804607657373765_37.5627352047527836|126.9809958432867205_37.5621465108158432|126.9811556456876929_37.5619216279188848
2026-09-04T09:00:31.559343+09:00,북창동 먹자골목,북창동 먹자골목,POI114,KEY_1,1010007600,소공로,1010125600,소공동 44-2,126.9805708038916379_37.5627985840057121,1010017904,한국은행앞교차로,126.9812429466621211_37.5620183676301806,105.0,22.8,서행,126.9812429466621211_37.5620183676301806|126.9811103260703646_37.5622049984614250|126.9805708038916379_37.5627985840057121
2026-09-04T09:00:31.559343+09:00,북창동 먹자골목,북창동 먹자골목,POI114,KEY_1,1010008401,세종대로18길,1010021203,우성빌딩,126.9777193951018148_37.5638099385310227,1010021602,시청앞광장,126.9769689889781006_37.5639574810137518,68.0,9.0,정체,126.9769689889781006_37.5639574810137518|126.9777193951018148_37.5638099385310227
2026-09-04T09:00:31.559343+09:00,북창동 먹자골목,북창동 먹자골목,POI114,KEY_1,1010008402,세종대로18길,1010073800,소공동 87-15,126.9784945856248157_37.5638009334543241,1010021202,우성빌딩,126.9778443694909242_37.5637825313256783,58.0,9.0,정체,126.9778443694909242_37.5637825313256783|126.9779245419285019_37.5637634021338656|126.9780550037610567_37.5637507097928918|126.9781651142375978_37.5637590779395225|126.9784945856248157_37.5638009334543241
2026-09-04T09:00:31.559343+09:00,북창동 먹자골목,북창동 먹자골목,POI114,KEY_1,1010009100,남대문로7길,1010021108,호텔이비스명동,126.9820519451972700_37.5636664770067483,1010021702,소공로지하상가,126.9795475428450970_37.5639009918525275,227.0,11.0,정체,126.9795475428450970_37.5639009918525275|126.9796803370022360_37.5638948862261515|126.9806310216740002_37.5639896452279629|126.9820519451972700_37.5636664770067483
2026-09-04T09:00:31.559343+09:00,북창동 먹자골목,북창동 먹자골목,POI114,KEY_1,1010009200,남대문로7길,1010021701,소공로지하상가,126.9794402894512473_37.5640142229526717,1010021109,호텔이비스명동,126.9820873216543333_37.5637708767384169,240.0,18.5,서행,126.9820873216543333_37.5637708767384169|126.9806416666700954_37.5640996703370931|126.9796757766825266_37.5640033960331934|126.9794402894512473_37.5640142229526717
2026-09-04T09:00:31.559343+09:00,북창동 먹자골목,북창동 먹자골목,POI114,KEY_1,1010009501,소공로,1010021704,소공로지하상가,126.9792789797845671_37.5640057968385435,1010023303,조선호텔,126.9788152991022230_37.5645029149171776,69.0,6.0,정체,126.9788152991022230_37.5645029149171776|126.9792789797845671_37.5640057968385435
2026-09-04T09:00:31.559343+09:00,북창동 먹자골목,북창동 먹자골목,POI114,KEY_1,1010009601,소공로,1010023302,조선호텔,126.9789243502561220_37.5645673683433330,1010021701,소공로지하상가,126.9794402894512473_37.5640142229526717,76.0,18.0,서행,126.9794402894512473_37.5640142229526717|126.9789243502561220_37.5645673683433330
2026-09-04T09:00:31.559343+09:00,북창동 먹자골목,북창동 먹자골목,POI114,KEY_1,1010026800,남대문로,1010014800,숭례문,126.9764883666133954_37.5605318420117769,1010011100,숭례문,126.9758644071737450_37.5590694809368770,185.0,12.0,정체,126.9758644071737450_37.5590694809368770|126.9758795592592975_37.5591125336731508|126.9758641531054906_37.5591939851637946|126.9759578405099205_37.5599862959824407|126.9759704486266543_37.5601312860724406|126.9760507361714588_37.5602633560949499|126.9761537145355277_37.5603739896225477|126.9763022172343057_37.5604655608040190|126.9764279735615418_37.5605091608890334|126.9764883666133954_37.5605318420117769
2026-09-04T09:00:31.559343+09:00,북창동 먹자골목,북창동 먹자골목,POI114,KEY_1,1010028800,남대문로,1010015700,숭례문,126.9758216757282128_37.5609807560682611,1010015000,숭례문,126.9764459331227329_37.5606350021971664,84.0,15.0,서행,126.9764459331227329_37.5606350021971664|126.9763771801474945_37.5606275849701134|126.9762640154305728_37.5606077628684645|126.9761188999622306_37.5606156137238472|126.9760253099623242_37.5606453934247568|126.9759279729758958_37.5606841119779062|126.9758493363337521_37.5607734919220704|126.9758081301075663_37.5608688386806833|126.9758216757282128_37.5609807560682611
2026-09-04T09:00:31.559343+09:00,북창동 먹자골목,북창동 먹자골목,POI114,KEY_1,1010037000,남대문로1길,1010023102,서울프라자호텔,126.9781270908112134_37.5644147123986087,1010021201,우성빌딩,126.9778833665384354_37.5638860982800367,62.0,5.0,정체,126.9778833665384354_37.5638860982800367|126.9781270908112134_37.5644147123986087
2026-09-04T09:00:31.559343+09:00,북창동 먹자골목,북창동 먹자골목,POI114,KEY_1,1010037100,남대문로1길,1010021204,우성빌딩,126.9777519647640105_37.5639149035560536,1010023103,서울프라자호텔,126.9779917291016176_37.5644349310718795,61.0,12.0,정체,126.9779917291016176_37.5644349310718795|126.9777519647640105_37.5639149035560536
2026-09-04T09:00:31.559343+09:00,북촌한옥마을,북촌한옥마을,POI066,KEY_2,1000018700,삼청로,1000158100,삼청동 120-5,126.9816271173177711_37.5864194371847447,1000005803,삼청공원입구교차로,126.9816270732179078_37.5869388418446206,58.0,11.0,정체,126.9816270732179078_37.5869388418446206|126.9816286782915142_37.5866705766686380|126.9816271173177711_37.5864194371847447
2026-09-04T09:00:31.559343+09:00,북촌한옥마을,북촌한옥마을,POI066,KEY_2,1000009102,우정국로,1000017300,안국동사거리,126.9828039229332575_37.5749851341707171,1000017904,안국동로터리,126.9829082928001753_37.5755454257557844,63.0,13.0,정체,126.9829082928001753_37.5755454257557844|126.9828499577781997_37.5754008805051001|126.9828163493672974_37.5752357359225755|126.9827996996409070_37.5750526973415191|126.9828039229332575_37.5749851341707171
2026-09-04T09:00:31.559343+09:00,북촌한옥마을,북촌한옥마을,POI066,KEY_2,1000010303,삼일대로,1000017003,속성변화점,126.9867672620100478_37.5750673701046694,1000021203,안국역사거리,126.9861392416785293_37.5767777393512361,198.0,15.0,서행,126.9861392416785293_37.5767777393512361|126.9867306429910911_37.5751700115634506|126.9867672620100478_37.5750673701046694
2026-09-04T09:00:31.559343+09:00,북촌한옥마을,북촌한옥마을,POI066,KEY_2,1000010403,삼일대로,1000021202,안국역사거리,126.9862597945630966_37.5768348176280966,1000017001,덕성여자대학교(종로캠퍼스),126.9868610139755560_37.5752003900895701,189.0,11.0,정체,126.9868610139755560_37.5752003900895701|126.9862597945630966_37.5768348176280966
2026-09-04T09:00:31.559343+09:00,북촌한옥마을,북촌한옥마을,POI066,KEY_2,1000010703,돈화문로,1000187700,와룡동 139-4,126.9901364571830698_37.5770373641859052,1000021403,창덕궁앞교차로,126.9900492095065232_37.5773787437811535,39.0,30.0,원활,126.9900492095065232_37.5773787437811535|126.9901364571830698_37.5770373641859052
2026-09-04T09:00:31.559343+09:00,북촌한옥마을,북촌한옥마을,POI066,KEY_2,1000011102,종로1길,1000018300,경복궁사거리,126.9791985772177298_37.5755559719213679,1000019703,경복궁사거리,126.9793107532419185_37.5757813746508091,27.0,16.0,서행,126.9793107532419185_37.5757813746508091|126.9791985772177298_37.5755559719213679
2026-09-04T09:00:31.559343+09:00,북촌한옥마을,북촌한옥마을,POI066,KEY_2,1000011202,종로1길,1000019702,경복궁사거리,126.9794701198467664_37.5758080047390521,1000018200,경복궁,126.9792457576218681_37.5753789068622197,52.0,7.0,정체,126.9792457576218681_37.5753789068622197|126.9793010192322811_37.5754682222458030|126.9794701198467664_37.5758080047390521
2026-09-04T09:00:31.559343+09:00,북촌한옥마을,북촌한옥마을,POI066,KEY_2,1000011501,율곡로,1000019401,경복궁,126.9801381644492011_37.5758813627365100,1000019702,경복궁사거리,126.9794701198467664_37.5758080047390521,60.0,23.0,서행,126.9794701198467664_37.5758080047390521|126.9797343426333214_37.5758559422202438|126.9799729505737531_37.5758791430045278|126.9801381644492011_37.5758813627365100
2026-09-04T09:00:31.559343+09:00,북촌한옥마을,북촌한옥마을,POI066,KEY_2,1000011502,율곡로,1000019203,주한멕시코대사관,126.9811804454430160_37.5757381628755169,1000019401,경복궁,126.9801381644492011_37.5758813627365100,94.0,26.0,원활,126.9801381644492011_37.5758813627365100|126.9801458468412108_37.5758814661415386|126.9803274747907409_37.5758700232846223|126.9811804454430160_37.5757381628755169
2026-09-04T09:00:31.559343+09:00,북촌한옥마을,북촌한옥마을,POI066,KEY_2,1000011503,율곡로,1000018100,안국동사거리,126.9820370732549009_37.5756052331219763,1000019202,주한멕시코대사관,126.9813332527749594_37.5757145141333595,63.0,13.0,정체,126.9813332527749594_37.5757145141333595|126.9820370732549009_37.5756052331219763
2026-09-04T09:00:31.559343+09:00,북촌한옥마을,북촌한옥마을,POI066,KEY_2,1000011504,율곡로,1000017904,안국동로터리,126.9829082928001753_37.5755454257557844,1000018100,안국동사거리,126.9820370732549009_37.5756052331219763,78.0,13.0,정체,126.9820370732549009_37.5756052331219763|126.9821849025842226_37.5755822792614822|126.9823949596761850_37.5755556593554090|126.9825949987016998_37.5755409919947070|126.9827732334880466_37.5755410181384661|126.9829082928001753_37.5755454257557844
2026-09-04T09:00:31.559343+09:00,북촌한옥마을,북촌한옥마을,POI066,KEY_2,1000011601,율곡로,1000019701,경복궁사거리,126.9795067975766756_37.5759255521593971,1000020300,경복궁,126.9801205068413168_37.5759892604625989,55.0,12.0,정체,126.9801205068413168_37.5759892604625989|126.9799635415281358_37.5759871517272330|126.9797109494754608_37.5759625907229378|126.9795067975766756_37.5759255521593971
2026-09-04T09:00:31.559343+09:00,북촌한옥마을,북촌한옥마을,POI066,KEY_2,1000011603,율곡로,1000020300,경복궁,126.9801205068413168_37.5759892604625989,1000017905,안국동로터리,126.9829348569925571_37.5756562270635044,252.0,17.0,서행,126.9829348569925571_37.5756562270635044|126.9829125468357773_37.5756537744281829|126.9827704373494015_37.5756491370767236|126.9826012303179823_37.5756491122595975|126.9824118889619911_37.5756629946566250|126.9822085957164859_37.5756887578650449|126.9820630846885052_37.5757113517092307|126.9813592631155075_37.5758206328940290|126.9812063475179400_37.5758442987123971|126.9803458434132892_37.5759773239770425|126.9801500700749699_37.5759896573698668|126.9801205068413168_37.5759892604625989
2026-09-04T09:00:31.559343+09:00,북촌한옥마을,북촌한옥마을,POI066,KEY_2,1000012102,사직로,1000020200,경복궁,126.9786283706113750_37.5757946408291801,1000019704,경복궁사거리,126.9793621536958312_37.5759001150550986,66.0,13.0,정체,126.9793621536958312_37.5759001150550986|126.9791440605087161_37.5758645700478056|126.9786283706113750_37.5757946408291801
2026-09-04T09:00:31.559343+09:00,북촌한옥마을,북촌한옥마을,POI066,KEY_2,1000012203,사직로,1000019703,경복궁사거리,126.9793107532419185_37.5757813746508091,1000019100,경복궁,126.9786480964121154_37.5756876675167888,59.0,12.0,정체,126.9786480964121154_37.5756876675167888|126.9791690991976765_37.5757582877498706|126.9793107532419185_37.5757813746508091
2026-09-04T09:00:31.559343+09:00,북촌한옥마을,북촌한옥마을,POI066,KEY_2,1000012702,율곡로,1000204600,안국역,126.9857294779033765_37.5767141333904462,1000021204,안국역사거리,126.9860941353497878_37.5768818686938246,37.0,12.0,정체,126.9860941353497878_37.5768818686938246|126.9857294779033765_37.5767141333904462
2026-09-04T09:00:31.559343+09:00,북촌한옥마을,북촌한옥마을,POI066,KEY_2,1000012800,율곡로,1000099700,관훈동 113,126.9843012547585914_37.5759322813818102,1000017902,안국동로터리,126.9831650747284471_37.5755740090362238,108.0,18.0,서행,126.9831650747284471_37.5755740090362238|126.9832157778299404_37.5755801309922148|126.9834207454955077_37.5756172367829961|126.9836820397707413_37.5756980185194678|126.9842468281761967_37.5759072448986657|126.9843012547585914_37.5759322813818102
2026-09-04T09:00:31.559343+09:00,북촌한옥마을,북촌한옥마을,POI066,KEY_2,1000013501,율곡로,1000054300,계동 149-3,126.9868657861829462_37.5772407179262302,1000021504,우즈베키스탄대사관,126.9891939676239474_37.5774507625066221,209.0,19.0,서행,126.9891939676239474_37.5774507625066221|126.9886716347625111_37.5774406495643092|126.9876528972208263_37.5774209190205184|126.9874748196535421_37.5774084674404421|126.9872839495136390_37.5773710909105532|126.9870718117635420_37.5773123392589739|126.9868657861829462_37.5772407179262302
2026-09-04T09:00:31.559343+09:00,북촌한옥마을,북촌한옥마을,POI066,KEY_2,1000013502,율곡로,1000021501,우즈베키스탄대사관,126.9893297531960883_37.5774544023044541,1000021404,창덕궁앞교차로,126.9900388640569702_37.5774865487865739,63.0,30.0,원활,126.9900388640569702_37.5774865487865739|126.9897463242174780_37.5774687657961053|126.9893297531960883_37.5774544023044541
2026-09-04T09:00:31.559343+09:00,북촌한옥마을,북촌한옥마을,POI066,KEY_2,1000013601,율곡로,1000115800,운니동 99,126.9886749388672058_37.5773325621108185,1000021202,안국역사거리,126.9862597945630966_37.5768348176280966,226.0,26.0,원활,126.9862597945630966_37.5768348176280966|126.9866987114048271_37.5770526790006230|126.9869129296675823_37.5771391236163410|126.9869201616997287_37.5771416376904028|126.9871213965557644_37.5772115927930628|126.9873225852521443_37.5772673122363585|126.9874971233893604_37.5773014911490293|126.9876605021504048_37.5773129149276315|126.9886749388672058_37.5773325621108185
2026-09-04T09:00:31.559343+09:00,북촌한옥마을,북촌한옥마을,POI066,KEY_2,1000013802,율곡로3길,1000187200,안국동 177-3,126.9825779024490799_37.5773003698629964,1000017901,안국동로터리,126.9830699625115358_37.5756718813989750,188.0,10.0,정체,126.9830699625115358_37.5756718813989750|126.9830564549576764_37.5759140717657090|126.9830330914684993_37.5760255151221827|126.9826494722971120_37.5768341676311906|126.9826150056688476_37.5769949197743074|126.9825779024490799_37.5773003698629964
2026-09-04T09:00:31.559343+09:00,북촌한옥마을,북촌한옥마을,POI066,KEY_2,1000013900,북촌로,1000116500,재동 63-1,126.9851879175372176_37.5787742277141632,1000021903,재동초등학교앞교차로,126.9849709248422442_37.5791896537058818,50.0,3.0,정체,126.9849709248422442_37.5791896537058818|126.9851123444681207_37.5789593789195138|126.9851879175372176_37.5787742277141632
2026-09-04T09:00:31.559343+09:00,북촌한옥마을,북촌한옥마을,POI066,KEY_2,1000014000,북촌로,1000021902,재동초등학교앞교차로,126.9851742297151702_37.5791048269106014,1000021201,안국역사거리,126.9862116059343862_37.5769383209828334,258.0,14.5,정체,126.9862116059343862_37.5769383209828334|126.9861227104490524_37.5771049965042820|126.9858974625520034_37.5775403033717339|126.9855988771401059_37.5781173314432593|126.9855520543728602_37.5782320480744829|126.9853545228100558_37.5787159998899227|126.9853171216767009_37.5788076318220590|126.9852385949747031_37.5790000196943907|126.9851742297151702_37.5791048269106014
2026-09-04T09:00:31.559343+09:00,북촌한옥마을,북촌한옥마을,POI066,KEY_2,1000014100,창덕궁길,1000022002,북촌1경,126.9893063929122548_37.5792409569275208,1000021501,우즈베키스탄대사관,126.9893297531960883_37.5774544023044541,199.0,23.3,서행,126.9893297531960883_37.5774544023044541|126.9892548365952365_37.5786955788249983|126.9892562414735409_37.5787264244637242|126.9892665857058205_37.5789535426034647|126.9893063929122548_37.5792409569275208
2026-09-04T09:00:31.559343+09:00,북촌한옥마을,북촌한옥마을,POI066,KEY_2,1000014200,창덕궁길,1000128100,원서동 181,126.9891204798979061_37.5787303411058602,1000022003,북촌1경,126.9891713596778544_37.5792528029310802,58.0,15.0,서행,126.9891713596778544_37.5792528029310802|126.9891310055471081_37.5789614346187477|126.9891204798979061_37.5787303411058602
2026-09-04T09:00:31.559343+09:00,북촌한옥마을,북촌한옥마을,POI066,KEY_2,1000014301,삼청로,1000019704,경복궁사거리,126.9793621536958312_37.5759001150550986,1000020600,대한출판문화협회,126.9794687888132074_37.5765544121067592,73.0,13.0,정체,126.9794687888132074_37.5765544121067592|126.9794674172659654_37.5764824989996455|126.9794172673057773_37.5761249117022231|126.9793621536958312_37.5759001150550986
2026-09-04T09:00:31.559343+09:00,북촌한옥마을,북촌한옥마을,POI066,KEY_2,1000014302,삼청로,1000020600,대한출판문화협회,126.9794687888132074_37.5765544121067592,1000022703,국군서울지구병원,126.9798562503477797_37.5800221917764006,388.0,13.0,정체,126.9798562503477797_37.5800221917764006|126.9796182985417516_37.5793264763807215|126.9795665449151443_37.5791397220131316|126.9795478931843604_37.5790381290051698|126.9795326834604623_37.5788730174103378|126.9794969047037227_37.5780275498626395|126.9794687888132074_37.5765544121067592
2026-09-04T09:00:31.559343+09:00,북촌한옥마을,북촌한옥마을,POI066,KEY_2,1000014303,삼청로,1000022704,국군서울지구병원,126.9798888896173850_37.5801238754593712,1000023003,갤러리스케이프,126.9801383570053588_37.5809954150793715,99.0,20.0,서행,126.9801383570053588_37.5809954150793715|126.9801143803817212_37.5808712068437671|126.9798888896173850_37.5801238754593712
2026-09-04T09:00:31.559343+09:00,북촌한옥마을,북촌한옥마을,POI066,KEY_2,1000014401,삼청로,1000021000,대한출판문화협회,126.9796046197648423_37.5765527706146756,1000019701,경복궁사거리,126.9795067975766756_37.5759255521593971,70.0,22.3,서행,126.9795067975766756_37.5759255521593971|126.9795516592807161_37.5761085342554608|126.9796031487506696_37.5764756650611034|126.9796046197648423_37.5765527706146756
2026-09-04T09:00:31.559343+09:00,북촌한옥마을,북촌한옥마을,POI066,KEY_2,1000014402,삼청로,1000022702,국군서울지구병원,126.9799873332334244_37.5799937943622950,1000021000,대한출판문화협회,126.9796046197648423_37.5765527706146756,385.0,27.0,원활,126.9796046197648423_37.5765527706146756|126.9796327193578946_37.5780249082326065|126.9796683669145381_37.5788672429607900|126.9796830227134734_37.5790263448128528|126.9797002616005130_37.5791202376619609|126.9797502489418548_37.5793006189381842|126.9799873332334244_37.5799937943622950
2026-09-04T09:00:31.559343+09:00,북촌한옥마을,북촌한옥마을,POI066,KEY_2,1000014403,삼청로,1000023002,갤러리스케이프,126.9802726364854522_37.5809789975197504,1000022701,국군서울지구병원,126.9800209872343402_37.5800986304131186,100.0,23.7,서행,126.9800209872343402_37.5800986304131186|126.9802478003755937_37.5808503388031028|126.9802726364854522_37.5809789975197504
2026-09-04T09:00:31.559343+09:00,북촌한옥마을,북촌한옥마을,POI066,KEY_2,1000014500,창덕궁1길,1000088900,계동 140-16,126.9878476682862356_37.5794101883603631,1000022004,북촌1경,126.9891917052853216_37.5793601104971486,119.0,17.0,서행,126.9891917052853216_37.5793601104971486|126.9885772532278594_37.5793912379346011|126.9881446134938585_37.5794131530335278|126.9878476682862356_37.5794101883603631
2026-09-04T09:00:31.559343+09:00,북촌한옥마을,북촌한옥마을,POI066,KEY_2,1000014600,창덕궁1길,1000234800,계동 140-86,126.9867245271659613_37.5792908407173911,1000021902,재동초등학교앞교차로,126.9851742297151702_37.5791048269106014,140.0,20.0,서행,126.9851742297151702_37.5791048269106014|126.9852469017435794_37.5790943935501645|126.9854890351706871_37.5791147085421500|126.9857411784709598_37.5791656111606329|126.9863425963181811_37.5792870227705578|126.9867245271659613_37.5792908407173911
2026-09-04T09:00:31.559343+09:00,북촌한옥마을,북촌한옥마을,POI066,KEY_2,1000014700,북촌로5길,1000088600,재동 25-7,126.9846956415277077_37.5792531158054075,1000004602,아트선재센타,126.9822633488435173_37.5794968175353787,217.0,13.0,정체,126.9822633488435173_37.5794968175353787|126.9823491181884378_37.5794770462139454|126.9831043086073379_37.5794265902338225|126.9836111998907597_37.5794024285617070|126.9843075237738219_37.5793274055110444|126.9845584348345966_37.5792764558543553|126.9846956415277077_37.5792531158054075
2026-09-04T09:00:31.559343+09:00,북촌한옥마을,북촌한옥마을,POI066,KEY_2,1000014800,북촌로5길,1000004601,아트선재센타,126.9823007060969786_37.5796007692993683,1000021904,재동초등학교앞교차로,126.9849412214244495_37.5793218207986328,236.0,25.3,원활,126.9849412214244495_37.5793218207986328|126.9849408583969392_37.5793219631089599|126.9847240373197081_37.5793588468995097|126.9845894370426578_37.5793817437555475|126.9843335147772478_37.5794337109354046|126.9836243912640441_37.5795101126857958|126.9831140519790864_37.5795344388027459|126.9823739414034378_37.5795838870825634|126.9823007060969786_37.5796007692993683
2026-09-04T09:00:31.559343+09:00,북촌한옥마을,북촌한옥마을,POI066,KEY_2,1000015700,북촌로5길,1000042100,소격동 129-2,126.9811402027582403_37.5799080374455983,1000004604,아트선재센타,126.9821635225137584_37.5796494081435881,95.0,21.0,서행,126.9821635225137584_37.5796494081435881|126.9819590979485184_37.5797316730103290|126.9817617178907625_37.5797894351325041|126.9816972383664222_37.5798027094324709|126.9814029918968004_37.5798632849907435|126.9811402027582403_37.5799080374455983
2026-09-04T09:00:31.559343+09:00,북촌한옥마을,북촌한옥마을,POI066,KEY_2,1000015800,북촌로5길,1000110800,소격동 101-1,126.9816632165415768_37.5796980355060555,1000022702,국군서울지구병원,126.9799873332334244_37.5799937943622950,152.0,21.0,서행,126.9799873332334244_37.5799937943622950|126.9811117769615265_37.5798023119298961|126.9813717539606586_37.5797580385712706|126.9816632165415768_37.5796980355060555
2026-09-04T09:00:31.559343+09:00,북촌한옥마을,북촌한옥마을,POI066,KEY_2,1000016301,삼청로,1000023001,갤러리스케이프,126.9802926936486500_37.5811058372642535,1000023403,브라질대사관,126.9810263784892186_37.5815445739605920,82.0,8.0,정체,126.9810263784892186_37.5815445739605920|126.9809131169670025_37.5814523264612390|126.9807572607189741_37.5813324212478079|126.9805732045222584_37.5812254848848113|126.9805004045640970_37.5811831880586382|126.9802926936486500_37.5811058372642535
2026-09-04T09:00:31.559343+09:00,북촌한옥마을,북촌한옥마을,POI066,KEY_2,1000016302,삼청로,1000210000,팔판동 92-4,126.9816300289541431_37.5823353085312490,1000005403,삼청동사무소입구,126.9817700007639871_37.5838068173945885,168.0,5.0,정체,126.9817700007639871_37.5838068173945885|126.9817176007183690_37.5835777740102657|126.9817156895871761_37.5834761236459656|126.9817950795399071_37.5827568972120289|126.9817985139781484_37.5826659271347765|126.9817904338247558_37.5825963322516401|126.9817677049394717_37.5825265071541281|126.9817256020838556_37.5824414018078912|126.9816300289541431_37.5823353085312490
2026-09-04T09:00:31.559343+09:00,북촌한옥마을,북촌한옥마을,POI066,KEY_2,1000016401,삼청로,1000154400,소격동 5-2,126.9806533091713163_37.5811381602125181,1000023002,갤러리스케이프,126.9802726364854522_37.5809789975197504,38.0,21.5,서행,126.9802726364854522_37.5809789975197504|126.9805698902694644_37.5810896934890764|126.9806533091713163_37.5811381602125181
2026-09-04T09:00:31.559343+09:00,북촌한옥마을,북촌한옥마을,POI066,KEY_2,1000016402,삼청로,1000005402,삼청동사무소입구,126.9819036626585955_37.5837874507546630,1000023401,브라질대사관,126.9812038502894040_37.5815562759534103,266.0,21.5,서행,126.9812038502894040_37.5815562759534103|126.9814373883853733_37.5819115014553873|126.9815284353070695_37.5820369682808817|126.9817404422459219_37.5822723126744407|126.9818458380324842_37.5823893095989874|126.9818971476022540_37.5824930218311124|126.9819247050023563_37.5825776797982982|126.9819345601843281_37.5826625639023604|126.9819307590106661_37.5827632565478780|126.9818516381346711_37.5834800567387148|126.9818532755907228_37.5835672100760263|126.9819036626585955_37.5837874507546630
2026-09-04T09:00:31.559343+09:00,북촌한옥마을,북촌한옥마을,POI066,KEY_2,1000016500,청와대로,1000023004,갤러리스케이프,126.9801577660451670_37.5811184473203284,1000024202,퐁데자르갤러리,126.9792888757798295_37.5833973114764888,283.0,19.0,서행,126.9792888757798295_37.5833973114764888|126.9794326695444795_37.5833409548265038|126.9795985399564842_37.5832476848462562|126.9797349654737388_37.5831482053396115|126.9798535787143550_37.5830268942675616|126.9799783199628109_37.5828376834460514|126.9800830519028665_37.5826410034803118|126.9801523342807030_37.5824206537665262|126.9801756947906881_37.5821819448641676|126.9801669773254389_37.5812814489405298|126.9801611478268342_37.5811413659670990|126.9801577660451670_37.5811184473203284
2026-09-04T09:00:31.559343+09:00,북촌한옥마을,북촌한옥마을,POI066,KEY_2,1000016600,청와대로,1000024201,퐁데자르갤러리,126.9793488993760917_37.5834943060582702,1000023001,갤러리스케이프,126.9802926936486500_37.5811058372642535,298.0,30.5,원활,126.9802926936486500_37.5811058372642535|126.9802967397338023_37.5811332572089398|126.9803028147339035_37.5812792426264579|126.9803115922597812_37.5821857328606441|126.9802868960512399_37.5824380961232620|126.9802122748901070_37.5826754278464534|126.9801012249592418_37.5828839711424081|126.9799682487228267_37.5830856738696752|126.9798351717180509_37.5832217786991762|126.9796839720406183_37.5833320316592037|126.9795023111846888_37.5834341801086822|126.9793488993760917_37.5834943060582702
2026-09-04T09:00:31.559343+09:00,북촌한옥마을,북촌한옥마을,POI066,KEY_2,1000017300,청와대로,1000024203,퐁데자르갤러리,126.9791795136897292_37.5834335611764701,1000005202,효자동삼거리,126.9737472613430214_37.5835385999729326,486.0,26.0,원활,126.9737472613430214_37.5835385999729326|126.9739495073895483_37.5835089975692114|126.9741309391237110_37.5835057794776830|126.9743076583270351_37.5835171156289292|126.9752337920588730_37.5836985645955508|126.9754323254462349_37.5837264891222063|126.9757360888294073_37.5837476748394224|126.9763499836077330_37.5837643209452068|126.9766286175151322_37.5837433697827379|126.9789929139192566_37.5834750307908365|126.9791275283093626_37.5834477041164519|126.9791795136897292_37.5834335611764701
2026-09-04T09:00:31.559343+09:00,북촌한옥마을,북촌한옥마을,POI066,KEY_2,1000017400,청와대로,1000005201,효자동삼거리,126.9737718367323538_37.5836449359611962,1000024204,퐁데자르갤러리,126.9792234607305943_37.5835358668880062,488.0,27.0,원활,126.9792234607305943_37.5835358668880062|126.9791663527855263_37.5835514035953580|126.9790193732068246_37.5835812400857776|126.9766446063162135_37.5838507686442966|126.9763540772180477_37.5838726139501844|126.9757278388116646_37.5838556337628376|126.9754145390009228_37.5838337820068062|126.9752057008707880_37.5838044082914848|126.9742858206583094_37.5836241849198771|126.9741269844044211_37.5836139960176467|126.9739633976216311_37.5836168972867881|126.9737718367323538_37.5836449359611962
2026-09-04T09:00:31.559343+09:00,북촌한옥마을,북촌한옥마을,POI066,KEY_2,1000017600,삼청로7길,1000168300,삼청동 150-1,126.9807888773657254_37.5839280973940575,1000005404,삼청동사무소입구,126.9818004132621212_37.5839157131028259,89.0,22.5,서행,126.9818004132621212_37.5839157131028259|126.9815008960389804_37.5839085489495019|126.9807888773657254_37.5839280973940575
2026-09-04T09:00:31.559343+09:00,북촌한옥마을,북촌한옥마을,POI066,KEY_2,1000018301,북촌로,1000101500,가회동 1-168,126.9850236706118665_37.5827874950713436,1000024103,대한불교조계종안국선,126.9850355329563598_37.5832623916933670,53.0,15.7,서행,126.9850355329563598_37.5832623916933670|126.9850236706118665_37.5827874950713436
2026-09-04T09:00:31.559343+09:00,북촌한옥마을,북촌한옥마을,POI066,KEY_2,1000018302,북촌로,1000239600,가회동 1-250,126.9850538870515777_37.5840703753649237,1000025802,베트남대사관관저,126.9852744170840566_37.5863360502147970,264.0,25.0,원활,126.9852744170840566_37.5863360502147970|126.9854225406475905_37.5862215467540466|126.9854612721195082_37.5861804635502068|126.9854692166722714_37.5861615070491197|126.9854835391995778_37.5861273320341027|126.9854883320269181_37.5860386460853348|126.9854767822601076_37.5859465875107048|126.9854501121792936_37.5858656209973319|126.9851025691619526_37.5850827975937278|126.9850792320325041_37.5849836619781286|126.9850735481085025_37.5849004986931448|126.9850538870515777_37.5840703753649237
2026-09-04T09:00:31.559343+09:00,북촌한옥마을,북촌한옥마을,POI066,KEY_2,1000018303,북촌로,1000134600,삼청동 27-1,126.9830345595555485_37.5873874210896801,1000005802,삼청공원입구교차로,126.9817629372389973_37.5869393565507082,123.0,24.0,서행,126.9817629372389973_37.5869393565507082|126.9818503285177655_37.5869529767061579|126.9824132446797762_37.5871443261108524|126.9824860389382621_37.5871690704477928|126.9830345595555485_37.5873874210896801
2026-09-04T09:00:31.559343+09:00,북촌한옥마을,북촌한옥마을,POI066,KEY_2,1000018401,북촌로,1000109700,가회동 1-168,126.9850883294862882_37.5801433623240229,1000021901,재동초등학교앞교차로,126.9850860098677572_37.5792604403861148,98.0,19.0,서행,126.9850860098677572_37.5792604403861148|126.9850636853442580_37.5794280545368409|126.9850708428209742_37.5796350854461281|126.9850879859902477_37.5801309490906519|126.9850883294862882_37.5801433623240229
2026-09-04T09:00:31.559343+09:00,북촌한옥마을,북촌한옥마을,POI066,KEY_2,1000018402,북촌로,1000161100,계동 1-30,126.9855981013200932_37.5861957133021960,1000024101,대한불교조계종안국선,126.9851737974609733_37.5833683543644028,320.0,19.0,서행,126.9851737974609733_37.5833683543644028|126.9851772814684807_37.5835430555352872|126.9851897231882134_37.5840683377949034|126.9852093402149507_37.5848965424064545|126.9852144101615039_37.5849707163997167|126.9852341727705749_37.5850546680059026|126.9855801009655494_37.5858338499159856|126.9856109125878874_37.5859273911633238|126.9856244871780433_37.5860355822506662|126.9856184571485755_37.5861471406611187|126.9855981013200932_37.5861957133021960
2026-09-04T09:00:31.559343+09:00,북촌한옥마을,북촌한옥마을,POI066,KEY_2,1000018403,북촌로,1000045600,삼청동 25-25,126.9842930162338774_37.5868744097116547,1000025804,베트남대사관관저,126.9852588547533827_37.5864775547501324,97.0,16.0,서행,126.9852588547533827_37.5864775547501324|126.9843974414412884_37.5868629172304054|126.9842930162338774_37.5868744097116547
2026-09-04T09:00:31.559343+09:00,북촌한옥마을,북촌한옥마을,POI066,KEY_2,1000018800,삼청로,1000005802,삼청공원입구교차로,126.9817629372389973_37.5869393565507082,1000005401,삼청동사무소입구,126.9819308867779455_37.5838855711679614,348.0,21.0,서행,126.9819308867779455_37.5838855711679614|126.9821032911359282_37.5843581996051483|126.9821729182241796_37.5845113952027390|126.9821895399777247_37.5845908572014835|126.9821835477451515_37.5846748234545416|126.9821529910542779_37.5848519477845642|126.9821273693467703_37.5852755277952255|126.9819245194376265_37.5857127755461562|126.9818086437971232_37.5859625457474067|126.9817611243974085_37.5861204257165156|126.9817629803821291_37.5864189022851320|126.9817645452935722_37.5866705671027574|126.9817629372389973_37.5869393565507082
2026-09-04T09:00:31.559343+09:00,북촌한옥마을,북촌한옥마을,POI066,KEY_2,1000020201,삼청로,1000258100,최소노드배치점,126.9826565286748661_37.5890646971555782,1000005801,삼청공원입구교차로,126.9817557087605167_37.5870484034326111,255.0,29.7,원활,126.9817557087605167_37.5870484034326111|126.9817486263342943_37.5871116673024233|126.9817780622410908_37.5873043071317454|126.9817822119406543_37.5873314642714718|126.9817861708161217_37.5874217371478281|126.9817381732127757_37.5876087102233924|126.9817315742594985_37.5876344161523406|126.9817121707744008_37.5879099808601893|126.9817190400840161_37.5881040043848458|126.9817304105136913_37.5881432497804369|126.9819098649019509_37.5883314502219932|126.9820182409422387_37.5884451075822241|126.9824555696576454_37.5887717597721505|126.9825600561912040_37.5888872870032174|126.9826486782866226_37.5890360674416470|126.9826565286748661_37.5890646971555782
2026-09-04T09:00:31.559343+09:00,북촌한옥마을,북촌한옥마을,POI066,KEY_2,1000031700,인사동길,1000200000,관훈동 177-1,126.9846248795644641_37.5741354335962896,1000017903,안국동로터리,126.9830393503038977_37.5755166265144283,209.0,23.0,서행,126.9830393503038977_37.5755166265144283|126.9832578502403493_37.5753718765763765|126.9833833057397072_37.5752802649537472|126.9833874257963799_37.5752759258947009|126.9838138538233210_37.5748268274858290|126.9839983126868219_37.5746325599944413|126.9840028137515446_37.5746278195686330|126.9841931260739045_37.5744516475788828|126.9843256891268339_37.5743491032214507|126.9843944674535408_37.5742999847176264|126.9846248795644641_37.5741354335962896
2026-09-04T09:00:31.559343+09:00,북촌한옥마을,북촌한옥마을,POI066,KEY_2,1000032800,율곡로2길,1000003001,서울지방국세청,126.9793545831470993_37.5744165416395930,1000019203,주한멕시코대사관,126.9811804454430160_37.5757381628755169,219.0,11.0,정체,126.9811804454430160_37.5757381628755169|126.9810303591040253_37.5755969856150003|126.9807533749140589_37.5754004466844975|126.9799767752529789_37.5748493879335896|126.9794405580789487_37.5744488693975143|126.9793869466254961_37.5744244737253723|126.9793545831470993_37.5744165416395930
2026-09-04T09:00:31.559343+09:00,북촌한옥마을,북촌한옥마을,POI066,KEY_2,1000033900,우정국로,1000017300,안국동사거리,126.9828039229332575_37.5749851341707171,1000018100,안국동사거리,126.9820370732549009_37.5756052331219763,102.0,15.0,서행,126.9820370732549009_37.5756052331219763|126.9822935365986751_37.5755095925525495|126.9827428871539610_37.5751967734075052|126.9827905797247212_37.5750539177611387|126.9828039229332575_37.5749851341707171
2026-09-04T09:00:31.559343+09:00,북촌한옥마을,북촌한옥마을,POI066,KEY_2,1000034900,율곡로,1000019401,경복궁,126.9801381644492011_37.5758813627365100,1000018200,경복궁,126.9792457576218681_37.5753789068622197,101.0,17.0,서행,126.9792457576218681_37.5753789068622197|126.9793355830232144_37.5754952608411301|126.9794316395642397_37.5755988334256017|126.9795071017629624_37.5756589212616419|126.9796274882100420_37.5757347490756146|126.9797877149027556_37.5758145479697703|126.9801381644492011_37.5758813627365100
2026-09-04T09:00:31.559343+09:00,북촌한옥마을,북촌한옥마을,POI066,KEY_2,1000035200,사직로,1000020200,경복궁,126.9786283706113750_37.5757946408291801,1000020600,대한출판문화협회,126.9794687888132074_37.5765544121067592,118.0,13.0,정체,126.9794687888132074_37.5765544121067592|126.9794368084534142_37.5764098329770562|126.9791960602808700_37.5761637733622180|126.9789750836954596_37.5759177176703147|126.9788694300669647_37.5758537146814078|126.9786283706113750_37.5757946408291801
2026-09-04T09:00:31.559343+09:00,북촌한옥마을,북촌한옥마을,POI066,KEY_2,1000035300,삼청로,1000021000,대한출판문화협회,126.9796046197648423_37.5765527706146756,1000020300,경복궁,126.9801205068413168_37.5759892604625989,93.0,20.0,서행,126.9801205068413168_37.5759892604625989|126.9797298312382878_37.5760780464987292|126.9796597331679635_37.5761137931100748|126.9796040049640879_37.5761795786155588|126.9796046197648423_37.5765527706146756
2026-09-04T09:00:31.559343+09:00,북촌한옥마을,북촌한옥마을,POI066,KEY_2,1000038000,북촌로5가길,1000023401,브라질대사관,126.9812038502894040_37.5815562759534103,1000004601,아트선재센타,126.9823007060969786_37.5796007692993683,250.0,7.0,정체,126.9823007060969786_37.5796007692993683|126.9822972536010894_37.5796292911074730|126.9823917024047972_37.5799273089699213|126.9823779765214056_37.5799764228013515|126.9821552192083942_37.5802224687814075|126.9819546456237020_37.5805311963954978|126.9817179917203873_37.5808954559517758|126.9816141551167590_37.5811617086964844|126.9815165107633987_37.5813307541008967|126.9814068792123862_37.5814306552793056|126.9812038502894040_37.5815562759534103
2026-09-04T09:00:31.559343+09:00,북촌한옥마을,북촌한옥마을,POI066,KEY_2,1000039100,창덕궁길,1000145700,가회동 11-149,126.9864376946197240_37.5830959611666202,1000024102,대한불교조계종안국선,126.9851713647794469_37.5832602427580653,114.0,13.0,정체,126.9851713647794469_37.5832602427580653|126.9854761281609683_37.5832527016222571|126.9857016172705642_37.5831925220697443|126.9860258673503353_37.5831672393821279|126.9864376946197240_37.5830959611666202
2026-09-04T09:00:31.559343+09:00,북촌한옥마을,북촌한옥마을,POI066,KEY_2,1000039200,창덕궁길,1000134400,원서동 2-2,126.9892407733604642_37.5829070876196951,1000022001,북촌1경,126.9893249216224547_37.5793389188440585,401.0,16.0,서행,126.9893249216224547_37.5793389188440585|126.9893432024728526_37.5794117077019152|126.9893374585478654_37.5795962855689609|126.9893189924063250_37.5801896786208189|126.9893532350689895_37.5809623190334960|126.9893738580933729_37.5812665958495344|126.9893978694693288_37.5816208620396139|126.9894570663397531_37.5819414687995632|126.9895023987834435_37.5821303841621628|126.9895105285284274_37.5822120284156327|126.9895040052748669_37.5823078791324363|126.9894734073156428_37.5824257182516135|126.9893881157924085_37.5826046082802492|126.9892904879125695_37.5827681919472880|126.9892407733604642_37.5829070876196951
2026-09-04T09:00:31.559343+09:00,북촌한옥마을,북촌한옥마을,POI066,KEY_2,1000040700,와룡공원길,1000253800,최소노드배치점,126.9879881469794896_37.5883603016045313,1000025801,베트남대사관관저,126.9853690834960531_37.5864136030075144,467.0,25.0,원활,126.9853690834960531_37.5864136030075144|126.9855026525219017_37.5865908087390252|126.9859522355681491_37.5872277127589811|126.9860686694551930_37.5875235765388354|126.9860870308064307_37.5876322375257814|126.9860653624489117_37.5879779828046452|126.9860758863282655_37.5880517816519557|126.9861332312026292_37.5881869210807054|126.9863613163946638_37.5886900646209909|126.9864770212350606_37.5888628765896513|126.9865535356519501_37.5889386984454390|126.9866484545570557_37.5889842543916757|126.9866865161106091_37.5889835018571148|126.9867575122499943_37.5889574360212890|126.9868568724144637_37.5888844721387372|126.9869692787548416_37.5886969862523941|126.9870663574523775_37.5886339824111033|126.9871830885473685_37.5886283080789241|126.9873689381485065_37.5886490608527382|126.9874389693339509_37.5886348840000935|126.9875587466999463_37.5885508782276005|126.9877150208619838_37.5883939939446208|126.9878346435790348_37.5883445823847993|126.9879479296750588_37.5883404016875460|126.9879881469794896_37.5883603016045313
2026-09-04T09:00:31.559343+09:00,서촌,서촌,POI067,KEY_3,1000011700,사직로,1000019303,정부서울청사사거리,126.9742603998069796_37.5757097304571062,1000019802,경복궁역사거리,126.9727094012703503_37.5758424186585529,138.0,8.5,정체,126.9727094012703503_37.5758424186585529|126.9729390930378230_37.5758227698022793|126.9733793101036952_37.5757851103966303|126.9742603998069796_37.5757097304571062
2026-09-04T09:00:31.559343+09:00,서촌,서촌,POI067,KEY_3,1000011800,사직로,1000242400,적선동 8-1,126.9733938280741512_37.5758926104395314,1000019304,정부서울청사사거리,126.9742589191568953_37.5758185992423250,77.0,20.5,서행,126.9742589191568953_37.5758185992423250|126.9733938280741512_37.5758926104395314
2026-09-04T09:00:31.559343+09:00,서촌,서촌,POI067,KEY_3,1000012501,사직로,1000020100,사직공원앞,126.9689331702207369_37.5757871464128712,1000020500,국제로타리3650지구,126.9699690365431621_37.5761370516852082,102.0,19.0,서행,126.9699690365431621_37.5761370516852082|126.9697496373347576_37.5761106821251332|126.9695368224083012_37.5760811684848406|126.9693318547466276_37.5760246401807407|126.9691683291127902_37.5759547479891722|126.9690171874282498_37.5758597156690257|126.9689331702207369_37.5757871464128712
2026-09-04T09:00:31.559343+09:00,서촌,서촌,POI067,KEY_3,1000012502,사직로,1000224600,내자동 35,126.9704050096786716_37.5761139325286422,1000019804,경복궁역사거리,126.9725583211622109_37.5759627912727225,191.0,19.0,서행,126.9725583211622109_37.5759627912727225|126.9704050096786716_37.5761139325286422
2026-09-04T09:00:31.559343+09:00,서촌,서촌,POI067,KEY_3,1000012602,사직로,1000224700,필운동 207-1,126.9703930773551974_37.5760062306696909,1000017801,사직공원앞교차로,126.9688995501142443_37.5755985551712186,147.0,7.0,정체,126.9688995501142443_37.5755985551712186|126.9690330692439915_37.5757138803615405|126.9691098168270997_37.5757801695158165|126.9692431458560407_37.5758640022225663|126.9693865754453270_37.5759253044264554|126.9695709408504030_37.5759761519635802|126.9697714418005745_37.5760039577088207|126.9699893215724700_37.5760301448416101|126.9702616329099527_37.5760154554650541|126.9703930773551974_37.5760062306696909
2026-09-04T09:00:31.559343+09:00,서촌,서촌,POI067,KEY_3,1000013100,사직로9길,1000172800,필운동 32-11,126.9676297869552286_37.5773403479924113,1000020804,사직공원,126.9690520892445704_37.5763687926038799,173.0,18.0,서행,126.9690520892445704_37.5763687926038799|126.9685560332300014_37.5765553062680198|126.9685048115022425_37.5765745651147824|126.9682524535478905_37.5766800895520205|126.9680839636594669_37.5767608552037373|126.9679796347772225_37.5768316045617183|126.9678939615713773_37.5769192101987102|126.9678540001803810_37.5769712588458873|126.9676631837378835_37.5772197909861916|126.9676406476160224_37.5772593636872401|126.9676297869552286_37.5773403479924113
2026-09-04T09:00:31.559343+09:00,서촌,서촌,POI067,KEY_3,1000013200,사직로9길,1000172900,필운동 32-11,126.9674947067161952_37.5773288730763042,1000021702,매동초등학교,126.9665695812889794_37.5780507264933661,147.0,8.0,정체,126.9665695812889794_37.5780507264933661|126.9669007139286805_37.5779062931324006|126.9675646417328352_37.5778158734480030|126.9675272780639261_37.5776768649993116|126.9674879332635697_37.5773793801130367|126.9674947067161952_37.5773288730763042
2026-09-04T09:00:31.559343+09:00,서촌,서촌,POI067,KEY_3,1000015101,효자로,1000219200,통의동 7-2,126.9738823732247113_37.5782737331220034,1000022103,한글전각갤러리,126.9737664393316123_37.5793405707998147,119.0,12.0,정체,126.9737664393316123_37.5793405707998147|126.9738823732247113_37.5782737331220034
2026-09-04T09:00:31.559343+09:00,서촌,서촌,POI067,KEY_3,1000015102,효자로,1000041400,창성동 16,126.9736432808576581_37.5805908651879150,1000023603,창성동 75-1,126.9736167411290211_37.5817495935669825,129.0,12.0,정체,126.9736167411290211_37.5817495935669825|126.9736341888375790_37.5807097019062013|126.9736432808576581_37.5805908651879150
2026-09-04T09:00:31.559343+09:00,서촌,서촌,POI067,KEY_3,1000015103,효자로,1000023604,세종로 1-82,126.9736148980526167_37.5818577441157089,1000005203,효자동삼거리,126.9736127255228695_37.5835625507457465,189.0,12.0,정체,126.9736127255228695_37.5835625507457465|126.9735913171579114_37.5832181223740136|126.9736148980526167_37.5818577441157089
2026-09-04T09:00:31.559343+09:00,서촌,서촌,POI067,KEY_3,1000015201,효자로,1000022102,한글전각갤러리,126.9739017858953645_37.5793498869892204,1000019301,정부서울청사사거리,126.9743957935852450_37.5758074664167268,396.0,26.0,원활,126.9743957935852450_37.5758074664167268|126.9743764184428017_37.5760755345660726|126.9743092662572082_37.5764778948295017|126.9741719066146146_37.5773009081164844|126.9741268698984413_37.5775378120208856|126.9740611119599407_37.5778837117652031|126.9740177174622744_37.5782830491677231|126.9739017858953645_37.5793498869892204
2026-09-04T09:00:31.559343+09:00,서촌,서촌,POI067,KEY_3,1000015202,효자로,1000023602,세종로 1-39,126.9737525850962072_37.5817510371078143,1000022101,한글전각갤러리,126.9738905991571443_37.5794569415239579,255.0,29.0,원활,126.9738905991571443_37.5794569415239579|126.9738519824120146_37.5798414672260890|126.9737879055856666_37.5804795024973970|126.9737788834196408_37.5805974360917929|126.9737699881223705_37.5807137109477551|126.9737525850962072_37.5817510371078143
2026-09-04T09:00:31.559343+09:00,서촌,서촌,POI067,KEY_3,1000015203,효자로,1000005202,효자동삼거리,126.9737472613430214_37.5835385999729326,1000023601,세종로 1-39,126.9737507411007016_37.5818592353335603,186.0,22.0,서행,126.9737507411007016_37.5818592353335603|126.9737272227124265_37.5832161948422154|126.9737472613430214_37.5835385999729326
2026-09-04T09:00:31.559343+09:00,서촌,서촌,POI067,KEY_3,1000015301,자하문로,1000076000,통의동 73-1,126.9718349935423021_37.5780828518930079,1000022503,리안갤러리,126.9713323775752372_37.5794446079368853,158.0,14.0,정체,126.9713323775752372_37.5794446079368853|126.9713955110976968_37.5791270137985762|126.9714746554084002_37.5788753862231246|126.9715598075865159_37.5786553696062313|126.9715915417818906_37.5785893478648205|126.9718349935423021_37.5780828518930079
2026-09-04T09:00:31.559343+09:00,서촌,서촌,POI067,KEY_3,1000015302,자하문로,1000053200,창성동 163,126.9710140964178322_37.5808424098074312,1000023203,효자동사무소앞교차로,126.9708450370815314_37.5814524532384127,69.0,28.0,원활,126.9708450370815314_37.5814524532384127|126.9710140964178322_37.5808424098074312
2026-09-04T09:00:31.559343+09:00,서촌,서촌,POI067,KEY_3,1000015303,자하문로,1000204500,효자동 4-2,126.9702899471897268_37.5833214295289793,1000024403,신교동교차로,126.9702998364025035_37.5837863498341065,52.0,31.0,원활,126.9702998364025035_37.5837863498341065|126.9703050502139376_37.5836834288735204|126.9702899471897268_37.5833214295289793
2026-09-04T09:00:31.559343+09:00,서촌,서촌,POI067,KEY_3,1000015401,자하문로,1000140900,통의동 139,126.9725715057905830_37.5765777524989346,1000019801,경복궁역사거리,126.9726968257656665_37.5759522364072183,70.0,26.5,원활,126.9726968257656665_37.5759522364072183|126.9726385507227491_37.5763288934255186|126.9725895796281208_37.5765259070172135|126.9725715057905830_37.5765777524989346
2026-09-04T09:00:31.559343+09:00,서촌,서촌,POI067,KEY_3,1000015402,자하문로,1000172000,창성동 163,126.9714182708217436_37.5796955468538201,1000022501,리안갤러리,126.9714473753110866_37.5795557790706951,16.0,37.0,원활,126.9714473753110866_37.5795557790706951|126.9714182708217436_37.5796955468538201
2026-09-04T09:00:31.559343+09:00,서촌,서촌,POI067,KEY_3,1000015403,자하문로,1000024402,신교동교차로,126.9704348699706884_37.5838048349006826,1000023201,효자동사무소앞교차로,126.9709509591519208_37.5815723472420373,254.0,25.0,원활,126.9709509591519208_37.5815723472420373|126.9707841597674474_37.5821754431325132|126.9706783778710388_37.5824973418818544|126.9706403038144913_37.5825914055628658|126.9704838660099995_37.5829778896126427|126.9704374478816078_37.5831438761179228|126.9704356331519790_37.5831585594092914|126.9704232618846902_37.5832586573173870|126.9704257312769897_37.5833178415591007|126.9704410010707107_37.5836838125807873|126.9704348699706884_37.5838048349006826
2026-09-04T09:00:31.559343+09:00,서촌,서촌,POI067,KEY_3,1000017101,효자로,1000179100,궁정동 15,126.9716215222717182_37.5837476489689593,1000024402,신교동교차로,126.9704348699706884_37.5838048349006826,105.0,4.0,정체,126.9704348699706884_37.5838048349006826|126.9716215222717182_37.5837476489689593
2026-09-04T09:00:31.559343+09:00,서촌,서촌,POI067,KEY_3,1000017102,효자로,1000005203,효자동삼거리,126.9736127255228695_37.5835625507457465,1000024302,효자동 136-1,126.9727651070645038_37.5836899468878016,76.0,8.0,정체,126.9727651070645038_37.5836899468878016|126.9730868519890805_37.5836617458525453|126.9732850493551410_37.5836358134354498|126.9736127255228695_37.5835625507457465
2026-09-04T09:00:31.559343+09:00,서촌,서촌,POI067,KEY_3,1000017201,효자로,1000024401,신교동교차로,126.9704231472952358_37.5839137166392874,1000024304,효자동 136-1,126.9726445962887738_37.5838066534172555,197.0,13.0,정체,126.9726445962887738_37.5838066534172555|126.9725182675997104_37.5838127429855859|126.9716297350931740_37.5838555701006740|126.9704231472952358_37.5839137166392874
2026-09-04T09:00:31.559343+09:00,서촌,서촌,POI067,KEY_3,1000017202,효자로,1000024301,효자동 136-1,126.9727799801869850_37.5837974155542724,1000005204,효자동삼거리,126.9736494719598028_37.5836666397267720,78.0,10.0,정체,126.9736494719598028_37.5836666397267720|126.9733145338289120_37.5837415255394376|126.9731053220007908_37.5837688997887582|126.9727799801869850_37.5837974155542724
2026-09-04T09:00:31.559343+09:00,서촌,서촌,POI067,KEY_3,1000017300,청와대로,1000024203,퐁데자르갤러리,126.9791795136897292_37.5834335611764701,1000005202,효자동삼거리,126.9737472613430214_37.5835385999729326,486.0,26.0,원활,126.9737472613430214_37.5835385999729326|126.9739495073895483_37.5835089975692114|126.9741309391237110_37.5835057794776830|126.9743076583270351_37.5835171156289292|126.9752337920588730_37.5836985645955508|126.9754323254462349_37.5837264891222063|126.9757360888294073_37.5837476748394224|126.9763499836077330_37.5837643209452068|126.9766286175151322_37.5837433697827379|126.9789929139192566_37.5834750307908365|126.9791275283093626_37.5834477041164519|126.9791795136897292_37.5834335611764701
2026-09-04T09:00:31.559343+09:00,서촌,서촌,POI067,KEY_3,1000017400,청와대로,1000005201,효자동삼거리,126.9737718367323538_37.5836449359611962,1000024204,퐁데자르갤러리,126.9792234607305943_37.5835358668880062,488.0,27.0,원활,126.9792234607305943_37.5835358668880062|126.9791663527855263_37.5835514035953580|126.9790193732068246_37.5835812400857776|126.9766446063162135_37.5838507686442966|126.9763540772180477_37.5838726139501844|126.9757278388116646_37.5838556337628376|126.9754145390009228_37.5838337820068062|126.9752057008707880_37.5838044082914848|126.9742858206583094_37.5836241849198771|126.9741269844044211_37.5836139960176467|126.9739633976216311_37.5836168972867881|126.9737718367323538_37.5836449359611962
2026-09-04T09:00:31.559343+09:00,서촌,서촌,POI067,KEY_3,1000017902,자하문로,1000024404,신교동교차로,126.9702887008230903_37.5838981643713623,1000005503,청운초등학교앞교차로,126.9701124524852531_37.5850192577998712,125.0,13.0,정체,126.9701124524852531_37.5850192577998712|126.9702068507207429_37.5843551986274846|126.9702248195549572_37.5842438489710702|126.9702887008230903_37.5838981643713623
2026-09-04T09:00:31.559343+09:00,서촌,서촌,POI067,KEY_3,1000018001,자하문로,1000024502,청운효자동주민센터,126.9703592344808527_37.5842595801432040,1000024401,신교동교차로,126.9704231472952358_37.5839137166392874,39.0,5.0,정체,126.9704231472952358_37.5839137166392874|126.9703592344808527_37.5842595801432040
2026-09-04T09:00:31.559343+09:00,서촌,서촌,POI067,KEY_3,1000018101,창의문로,1000024602,로마교황청대사관,126.9728457675683160_37.5845703909657871,1000024301,효자동 136-1,126.9727799801869850_37.5837974155542724,86.0,16.0,서행,126.9727799801869850_37.5837974155542724|126.9728572081485680_37.5843908508877078|126.9728457675683160_37.5845703909657871
2026-09-04T09:00:31.559343+09:00,서촌,서촌,POI067,KEY_3,1000018201,창의문로,1000024304,효자동 136-1,126.9726445962887738_37.5838066534172555,1000024603,로마교황청대사관,126.9727100809917175_37.5845649151704748,85.0,14.0,정체,126.9727100809917175_37.5845649151704748|126.9727209921497462_37.5843936990613798|126.9726445962887738_37.5838066534172555
2026-09-04T09:00:31.559343+09:00,서촌,서촌,POI067,KEY_3,1000034400,새문안로3길,1000018004,서울특별시경찰청,126.9726181216856418_37.5753302820372284,1000019803,경복궁역사거리,126.9725722748504069_37.5758532725264089,58.0,21.0,서행,126.9725722748504069_37.5758532725264089|126.9726181216856418_37.5753302820372284
2026-09-04T09:00:31.559343+09:00,서촌,서촌,POI067,KEY_3,1000034500,새문안로3길,1000019802,경복궁역사거리,126.9727094012703503_37.5758424186585529,1000018001,서울특별시경찰청,126.9727536370288590_37.5753378072978137,56.0,13.0,정체,126.9727536370288590_37.5753378072978137|126.9727094012703503_37.5758424186585529
2026-09-04T09:00:31.559343+09:00,서촌,서촌,POI067,KEY_3,1000035400,사직로,1000020100,사직공원앞,126.9689331702207369_37.5757871464128712,1000020803,사직공원,126.9690172718299976_37.5762610183806203,55.0,19.0,서행,126.9690172718299976_37.5762610183806203|126.9690176590465711_37.5762534996242081|126.9690431103298778_37.5760029129733368|126.9690094967434533_37.5758696498175411|126.9689331702207369_37.5757871464128712
2026-09-04T09:00:31.559343+09:00,서촌,서촌,POI067,KEY_3,1000035500,사직로,1000020801,사직공원,126.9691784887291703_37.5763212667803046,1000020500,국제로타리3650지구,126.9699690365431621_37.5761370516852082,78.0,20.7,서행,126.9699690365431621_37.5761370516852082|126.9697686833340384_37.5761518351769652|126.9695718138024176_37.5761510649457975|126.9693875998096928_37.5761855767635140|126.9692863070662412_37.5761999828963127|126.9692525167726984_37.5762788253313573|126.9691826010248263_37.5763148742371911|126.9691784887291703_37.5763212667803046
2026-09-04T09:00:31.559343+09:00,서촌,서촌,POI067,KEY_3,1000035900,필운대로,1000224400,필운동 90-7,126.9695040668394768_37.5777922111372149,1000020801,사직공원,126.9691784887291703_37.5763212667803046,166.0,21.0,서행,126.9691784887291703_37.5763212667803046|126.9691969462868855_37.5763828936023430|126.9693405611889006_37.5771403942365367|126.9694408943809663_37.5774874192730906|126.9695029274274418_37.5777725792624508|126.9695040668394768_37.5777922111372149
2026-09-04T09:00:31.559343+09:00,서촌,서촌,POI067,KEY_3,1000036000,필운대로,1000020804,사직공원,126.9690520892445704_37.5763687926038799,1000022203,남전빌라,126.9687138280531968_37.5793704536666908,349.0,18.7,서행,126.9687138280531968_37.5793704536666908|126.9687546239317584_37.5790779267177939|126.9687829273219251_37.5789505291486492|126.9688385080072521_37.5788210169326575|126.9689658751803734_37.5786287179888490|126.9692731652074116_37.5782171287653526|126.9693442324946773_37.5781067907773121|126.9693468981465116_37.5780984483779292|126.9693693129710539_37.5780282990733383|126.9693744364591055_37.5779018476733455|126.9693683636006085_37.5777971997568017|126.9693676174400707_37.5777843418463888|126.9693076730202250_37.5775087806212724|126.9692070091942071_37.5771606129258373|126.9690637051114095_37.5764047484192787|126.9690520892445704_37.5763687926038799
2026-09-04T09:00:31.559343+09:00,서촌,서촌,POI067,KEY_3,1000036700,자하문로9길,1000022303,동아일보(안국센터),126.9695424142532403_37.5793993909012940,1000022202,남전빌라,126.9688488504917387_37.5793823807096530,61.0,23.0,서행,126.9688488504917387_37.5793823807096530|126.9695424142532403_37.5793993909012940
2026-09-04T09:00:31.559343+09:00,서촌,서촌,POI067,KEY_3,1000036800,자하문로9길,1000022201,남전빌라,126.9688328252975538_37.5794901579994871,1000022304,동아일보(안국센터),126.9695382302678865_37.5795074586415865,62.0,16.0,서행,126.9695382302678865_37.5795074586415865|126.9688328252975538_37.5794901579994871
2026-09-04T09:00:31.559343+09:00,서촌,서촌,POI067,KEY_3,1000036900,자하문로10길,1000142800,통의동 111,126.9720203025743501_37.5794190653061619,1000022502,리안갤러리,126.9714692086950407_37.5794481827133779,49.0,17.0,서행,126.9714692086950407_37.5794481827133779|126.9715679753719257_37.5794508267448819|126.9720203025743501_37.5794190653061619
2026-09-04T09:00:31.559343+09:00,서촌,서촌,POI067,KEY_3,1000037000,자하문로10길,1000142900,창성동 130-12,126.9720322425473000_37.5795267662096677,1000022104,한글전각갤러리,126.9737551795793422_37.5794483274217725,153.0,6.0,정체,126.9737551795793422_37.5794483274217725|126.9735697636163820_37.5794379905376914|126.9730629180689760_37.5794543875836595|126.9720322425473000_37.5795267662096677
2026-09-04T09:00:31.559343+09:00,서촌,서촌,POI067,KEY_3,1000037100,자하문로9길,1000022503,리안갤러리,126.9713323775752372_37.5794446079368853,1000022302,동아일보(안국센터),126.9696990031626882_37.5794032615336278,144.0,12.0,정체,126.9696990031626882_37.5794032615336278|126.9713323775752372_37.5794446079368853
2026-09-04T09:00:31.559343+09:00,서촌,서촌,POI067,KEY_3,1000037200,자하문로9길,1000022301,동아일보(안국센터),126.9696946832067397_37.5795113265124883,1000022504,리안갤러리,126.9713104107569848_37.5795522254932521,143.0,21.0,서행,126.9713104107569848_37.5795522254932521|126.9696946832067397_37.5795113265124883
2026-09-04T09:00:31.559343+09:00,서촌,서촌,POI067,KEY_3,1000037500,필운대로,1000022204,남전빌라,126.9686980571639339_37.5794765258018728,1000022803,송림빌딩,126.9685356882712739_37.5804932238092491,114.0,18.0,서행,126.9685356882712739_37.5804932238092491|126.9686980571639339_37.5794765258018728
2026-09-04T09:00:31.559343+09:00,서촌,서촌,POI067,KEY_3,1000037600,필운대로,1000022802,송림빌딩,126.9686741950003608_37.5804834577350633,1000022201,남전빌라,126.9688328252975538_37.5794901579994871,111.0,18.0,서행,126.9688328252975538_37.5794901579994871|126.9686741950003608_37.5804834577350633
2026-09-04T09:00:31.559343+09:00,서촌,서촌,POI067,KEY_3,1000037800,자하문로7길,1000022801,송림빌딩,126.9686578562488535_37.5805965200529855,1000022301,동아일보(안국센터),126.9696946832067397_37.5795113265124883,155.0,9.0,정체,126.9696946832067397_37.5795113265124883|126.9692692652712935_37.5800624706534165|126.9690151109681864_37.5803873097957108|126.9688630090200832_37.5805354967659397|126.9687973192017267_37.5805736734474465|126.9686578562488535_37.5805965200529855
2026-09-04T09:00:31.559343+09:00,서촌,서촌,POI067,KEY_3,1000038100,필운대로,1000022804,송림빌딩,126.9685209429991062_37.5806007274706673,1000023103,에프피디,126.9684342930284089_37.5813501306001712,84.0,17.0,서행,126.9684342930284089_37.5813501306001712|126.9685049891164823_37.5807387077675088|126.9685209429991062_37.5806007274706673
2026-09-04T09:00:31.559343+09:00,서촌,서촌,POI067,KEY_3,1000038200,필운대로,1000241300,옥인동 97-1,126.9686402708510542_37.5807486148447012,1000022801,송림빌딩,126.9686578562488535_37.5805965200529855,17.0,11.0,정체,126.9686578562488535_37.5805965200529855|126.9686402708510542_37.5807486148447012
2026-09-04T09:00:31.559343+09:00,서촌,서촌,POI067,KEY_3,1000038300,자하문로17길,1000225200,통인동 36-3,126.9688857136933535_37.5813167023331687,1000023102,에프피디,126.9685736564711362_37.5813247519515699,28.0,8.0,정체,126.9685736564711362_37.5813247519515699|126.9685749712024005_37.5813245125327882|126.9688857136933535_37.5813167023331687
2026-09-04T09:00:31.559343+09:00,서촌,서촌,POI067,KEY_3,1000038400,자하문로17길,1000076600,옥인동 19-26,126.9700897400566646_37.5814884057875389,1000023204,효자동사무소앞교차로,126.9708156731310424_37.5815585293292997,65.0,16.0,서행,126.9708156731310424_37.5815585293292997|126.9700897400566646_37.5814884057875389
2026-09-04T09:00:31.559343+09:00,서촌,서촌,POI067,KEY_3,1000038500,옥인길,1000180200,옥인동 181-10,126.9642459909743053_37.5820107022262775,1000023802,옥인시범아파트,126.9630428521217311_37.5823319085405387,114.0,15.0,서행,126.9630428521217311_37.5823319085405387|126.9634311160631910_37.5822119657700284|126.9638040801608554_37.5821856320575094|126.9638258846782577_37.5821842503104477|126.9639076755914573_37.5821241187128265|126.9640327536944255_37.5820567418513178|126.9642459909743053_37.5820107022262775
2026-09-04T09:00:31.559343+09:00,서촌,서촌,POI067,KEY_3,1000038600,옥인길,1000069500,옥인동 110-1,126.9680003538320960_37.5805898185397709,1000022804,송림빌딩,126.9685209429991062_37.5806007274706673,46.0,14.0,정체,126.9685209429991062_37.5806007274706673|126.9683671770248168_37.5805899174079840|126.9680003538320960_37.5805898185397709
2026-09-04T09:00:31.559343+09:00,서촌,서촌,POI067,KEY_3,1000038700,자하문로16길,1000172200,창성동 90-1,126.9717327455699944_37.5815185120166007,1000023202,효자동사무소앞교차로,126.9709802887062438_37.5814664128165106,67.0,17.0,서행,126.9709802887062438_37.5814664128165106|126.9711685133139412_37.5814868866181371|126.9717224467045895_37.5815159289932978|126.9717327455699944_37.5815185120166007
2026-09-04T09:00:31.559343+09:00,서촌,서촌,POI067,KEY_3,1000038800,자하문로16길,1000068600,효자동 158-3,126.9730842997045812_37.5818361876427218,1000023604,세종로 1-82,126.9736148980526167_37.5818577441157089,47.0,10.0,정체,126.9736148980526167_37.5818577441157089|126.9732424959569812_37.5818454811704967|126.9730842997045812_37.5818361876427218
2026-09-04T09:00:31.559343+09:00,서촌,서촌,POI067,KEY_3,1000039300,필운대로,1000069600,옥인동 24-2,126.9680470023112520_37.5821075252462720,1000023101,에프피디,126.9685342880232355_37.5814428341535844,86.0,14.0,정체,126.9685342880232355_37.5814428341535844|126.9684759826139953_37.5814965813299722|126.9683288819594651_37.5817502410309743|126.9681719575950041_37.5819491441507481|126.9680470023112520_37.5821075252462720
2026-09-04T09:00:31.559343+09:00,서촌,서촌,POI067,KEY_3,1000039400,필운대로,1000157200,신교동 10-2,126.9694797901877337_37.5840007368938416,1000024404,신교동교차로,126.9702887008230903_37.5838981643713623,73.0,16.0,서행,126.9702887008230903_37.5838981643713623|126.9702525079941466_37.5838876996520881|126.9701811117037664_37.5838899539430642|126.9697766764469833_37.5839520242591547|126.9697121775833182_37.5839619230231463|126.9694797901877337_37.5840007368938416
2026-09-04T09:00:31.559343+09:00,성수카페거리,성수카페거리,POI068,KEY_4,1030005301,성수이로,1030101200,성수동2가 331-178,127.0550821086010416_37.5394988488500658,1030010703,갤러리까르찌나,127.0561816633971404_37.5421553809868200,310.0,13.0,정체,127.0561816633971404_37.5421553809868200|127.0557526736894971_37.5411339142652452|127.0557239227858446_37.5410654544732481|127.0553170924106041_37.5400832535740463|127.0552972968159366_37.5400354608421907|127.0550821086010416_37.5394988488500658
2026-09-04T09:00:31.559343+09:00,성수카페거리,성수카페거리,POI068,KEY_4,1030005302,성수이로,1030073200,성수동2가 276-5,127.0568177720555667_37.5436940280859019,1030002203,성수역앞교차로,127.0570347466332066_37.5442328886752179,63.0,13.0,정체,127.0570347466332066_37.5442328886752179|127.0569509882276407_37.5440193491518812|127.0568177720555667_37.5436940280859019
2026-09-04T09:00:31.559343+09:00,성수카페거리,성수카페거리,POI068,KEY_4,1030005402,성수이로,1030073300,성수동2가 276-5,127.0569468700353042_37.5436605114481381,1030010701,갤러리까르찌나,127.0563519556657468_37.5422201231263841,168.0,13.0,정체,127.0563519556657468_37.5422201231263841|127.0565888381958075_37.5427861677397772|127.0569468700353042_37.5436605114481381
2026-09-04T09:00:31.559343+09:00,성수카페거리,성수카페거리,POI068,KEY_4,1030006700,아차산로,1030155100,최소노드배치점,127.0605345627924692_37.5431769314548376,1030002202,성수역앞교차로,127.0571620452814585_37.5441947558812004,319.0,17.5,서행,127.0571620452814585_37.5441947558812004|127.0596780069787854_37.5434366092217857|127.0605345627924692_37.5431769314548376
2026-09-04T09:00:31.559343+09:00,성수카페거리,성수카페거리,POI068,KEY_4,1030006800,아차산로,1030155200,최소노드배치점,127.0605828789987299_37.5432779751978245,1040017704,성수사거리,127.0639614752629001_37.5422536244032941,319.0,23.3,서행,127.0639614752629001_37.5422536244032941|127.0605828789987299_37.5432779751978245
2026-09-04T09:00:31.559343+09:00,성수카페거리,성수카페거리,POI068,KEY_4,1030007101,성수일로,1030058800,성수동1가 656-6,127.0494476137624815_37.5439902196161697,1030012603,경동초교오거리,127.0495158134506823_37.5441849133654415,22.0,17.0,서행,127.0495158134506823_37.5441849133654415|127.0494476137624815_37.5439902196161697
2026-09-04T09:00:31.559343+09:00,성수카페거리,성수카페거리,POI068,KEY_4,1030007102,성수일로,1030090500,성수동1가 14-22,127.0500497846464754_37.5457251894821411,1030002603,경동초등교입구교차로,127.0502646094481776_37.5462577464320475,62.0,11.7,정체,127.0502646094481776_37.5462577464320475|127.0500497846464754_37.5457251894821411
2026-09-04T09:00:31.559343+09:00,성수카페거리,성수카페거리,POI068,KEY_4,1030007202,성수일로,1030090400,성수동2가 276-5,127.0501790706398992_37.5456921266287651,1030012601,경동초교오거리,127.0496733755156384_37.5442307671763373,168.0,14.0,정체,127.0496733755156384_37.5442307671763373|127.0497212170377708_37.5443631248183181|127.0499300180839839_37.5450095261678314|127.0501646242803133_37.5456563134568739|127.0501790706398992_37.5456921266287651
2026-09-04T09:00:31.559343+09:00,성수카페거리,성수카페거리,POI068,KEY_4,1030007501,아차산로,1030014203,성수동2가 289-36,127.0539586731564441_37.5451536346176411,1030002602,경동초등교입구교차로,127.0503914838047592_37.5462187041797151,337.0,19.3,서행,127.0503914838047592_37.5462187041797151|127.0523124049013006_37.5456446551002117|127.0539586731564441_37.5451536346176411
2026-09-04T09:00:31.559343+09:00,성수카페거리,성수카페거리,POI068,KEY_4,1030007502,아차산로,1030002203,성수역앞교차로,127.0570347466332066_37.5442328886752179,1030014202,성수동2가 289-36,127.0540851813006498_37.5451156524000069,278.0,29.0,원활,127.0540851813006498_37.5451156524000069|127.0551155584557677_37.5448042641446307|127.0552432926114363_37.5447659621741821|127.0570347466332066_37.5442328886752179
2026-09-04T09:00:31.559343+09:00,성수카페거리,성수카페거리,POI068,KEY_4,1030007601,아차산로,1030002601,경동초등교입구교차로,127.0504329599087896_37.5463217931361726,1030014204,성수동2가 289-30,127.0540063077144595_37.5452548832955628,337.0,13.0,정체,127.0540063077144595_37.5452548832955628|127.0523600803686293_37.5457458918457476|127.0504329599087896_37.5463217931361726
2026-09-04T09:00:31.559343+09:00,성수카페거리,성수카페거리,POI068,KEY_4,1030007602,아차산로,1030014201,성수동2가 289-30,127.0541333653158063_37.5452167369424359,1030013104,제일빌딩,127.0551637436607280_37.5449053482710156,97.0,15.0,서행,127.0551637436607280_37.5449053482710156|127.0541333653158063_37.5452167369424359
2026-09-04T09:00:31.559343+09:00,성수카페거리,성수카페거리,POI068,KEY_4,1030007603,아차산로,1030013101,제일빌딩,127.0552908264291858_37.5448672411363233,1030002204,성수역앞교차로,127.0570737295237649_37.5443367120808986,168.0,11.0,정체,127.0570737295237649_37.5443367120808986|127.0552908264291858_37.5448672411363233
2026-09-04T09:00:31.559343+09:00,성수카페거리,성수카페거리,POI068,KEY_4,1030008501,성수이로,1030002204,성수역앞교차로,127.0570737295237649_37.5443367120808986,1030013503,한국창업경제신문,127.0572046441045018_37.5448312398540978,56.0,8.0,정체,127.0572046441045018_37.5448312398540978|127.0571171648273179_37.5444570554124013|127.0570737295237649_37.5443367120808986
2026-09-04T09:00:31.559343+09:00,성수카페거리,성수카페거리,POI068,KEY_4,1030008502,성수이로,1030013504,한국창업경제신문,127.0572313244105942_37.5449387006975996,1030015303,성수동2가 289-30,127.0576054505362151_37.5463843181490162,164.0,16.3,서행,127.0576054505362151_37.5463843181490162|127.0572313244105942_37.5449387006975996
2026-09-04T09:00:31.559343+09:00,성수카페거리,성수카페거리,POI068,KEY_4,1030008601,성수이로,1030013502,한국창업경제신문,127.0573338133080341_37.5447929467852788,1030002201,성수역앞교차로,127.0572012394779193_37.5442985484642762,56.0,14.0,정체,127.0572012394779193_37.5442985484642762|127.0572494690148631_37.5444321733197555|127.0573338133080341_37.5447929467852788
2026-09-04T09:00:31.559343+09:00,성수카페거리,성수카페거리,POI068,KEY_4,1030008602,성수이로,1030015302,성수동2가 289-30,127.0577384472191653_37.5463624968232850,1030013501,한국창업경제신문,127.0573600869082753_37.5449005282458117,166.0,16.0,서행,127.0573600869082753_37.5449005282458117|127.0577384472191653_37.5463624968232850
2026-09-04T09:00:31.559343+09:00,성수카페거리,성수카페거리,POI068,KEY_4,1030009102,아차산로,1030016003,뚝섬역(서울2호선),127.0466946591980104_37.5474024880960968,1030017102,뚝섬역앞교차로,127.0445619470601031_37.5480557481142156,202.0,10.0,정체,127.0445619470601031_37.5480557481142156|127.0446249032181640_37.5480437882236018|127.0458005883487971_37.5477079881317337|127.0466946591980104_37.5474024880960968
2026-09-04T09:00:31.559343+09:00,성수카페거리,성수카페거리,POI068,KEY_4,1030009103,아차산로,1030015603,뚝섬미술관,127.0485988749721571_37.5467876679392063,1030016002,뚝섬역(서울2호선),127.0468607627340276_37.5473483609669358,166.0,14.0,정체,127.0468607627340276_37.5473483609669358|127.0485988749721571_37.5467876679392063
2026-09-04T09:00:31.559343+09:00,성수카페거리,성수카페거리,POI068,KEY_4,1030009104,아차산로,1030002603,경동초등교입구교차로,127.0502646094481776_37.5462577464320475,1030015602,뚝섬미술관,127.0487523357495689_37.5467383237563368,144.0,7.0,정체,127.0487523357495689_37.5467383237563368|127.0502646094481776_37.5462577464320475
2026-09-04T09:00:31.559343+09:00,성수카페거리,성수카페거리,POI068,KEY_4,1030009203,아차산로,1030016300,뚝섬역1번출구,127.0458502973536099_37.5478085500334871,1030015604,뚝섬미술관,127.0486498669871906_37.5468878757781184,268.0,18.0,서행,127.0486498669871906_37.5468878757781184|127.0469117528058831_37.5474485695482230|127.0467481960743328_37.5475018476119402|127.0458502973536099_37.5478085500334871
2026-09-04T09:00:31.559343+09:00,성수카페거리,성수카페거리,POI068,KEY_4,1030009204,아차산로,1030015601,뚝섬미술관,127.0488026707037932_37.5468387411565701,1030002604,경동초등교입구교차로,127.0503061250636279_37.5463609661244959,143.0,18.0,서행,127.0503061250636279_37.5463609661244959|127.0488026707037932_37.5468387411565701
2026-09-04T09:00:31.559343+09:00,성수카페거리,성수카페거리,POI068,KEY_4,1030010600,성수일로,1030129800,성수동2가 289-30,127.0506496017160885_37.5468618000411780,1030002601,경동초등교입구교차로,127.0504329599087896_37.5463217931361726,63.0,17.0,서행,127.0504329599087896_37.5463217931361726|127.0506496017160885_37.5468618000411780
2026-09-04T09:00:31.559343+09:00,성수카페거리,성수카페거리,POI068,KEY_4,1030023302,성수이로16길,1030037901,성수동2가 816-4,127.0621568721912524_37.5392269336933992,1030037801,속성변화점,127.0604922348733794_37.5399737831362117,173.0,13.0,정체,127.0604922348733794_37.5399737831362117|127.0618595275038842_37.5395244777699517|127.0621167614787623_37.5392508297864680|127.0621568721912524_37.5392269336933992
2026-09-04T09:00:31.559343+09:00,성수카페거리,성수카페거리,POI068,KEY_4,1030023401,뚝섬로17길,1030074400,성수동2가 269-236,127.0598357008560555_37.5390819065168984,1030037802,속성변화점,127.0604272390665699_37.5401121045390269,126.0,21.0,서행,127.0604272390665699_37.5401121045390269|127.0600046535807337_37.5394385874640051|127.0598475191505088_37.5391161993069318|127.0598357008560555_37.5390819065168984
2026-09-04T09:00:31.559343+09:00,성수카페거리,성수카페거리,POI068,KEY_4,1030023402,성수이로16길,1030037802,속성변화점,127.0604272390665699_37.5401121045390269,1030037902,성수동2가 250-7,127.0622137260167790_37.5393281047465095,185.0,10.0,정체,127.0622137260167790_37.5393281047465095|127.0619458477006418_37.5396130764986964|127.0604272390665699_37.5401121045390269
2026-09-04T09:00:31.559343+09:00,성수카페거리,성수카페거리,POI068,KEY_4,1030025200,연무장길,1030130600,성수동2가 275-24,127.0580091136766612_37.5415980110375500,1030010702,갤러리까르찌나,127.0563089149059834_37.5421174674703337,161.0,10.0,정체,127.0563089149059834_37.5421174674703337|127.0580091136766612_37.5415980110375500
2026-09-04T09:00:31.559343+09:00,성수카페거리,성수카페거리,POI068,KEY_4,1030025300,연무장길,1030082400,성수동2가 275-24,127.0594801592498300_37.5412693964118844,1040016704,성수동2가 276-5,127.0628163093967800_37.5402655849892426,315.0,7.0,정체,127.0628163093967800_37.5402655849892426|127.0621978736841697_37.5404485565288084|127.0615071171166619_37.5406572039244466|127.0595653770350850_37.5412436909119265|127.0594801592498300_37.5412693964118844
2026-09-04T09:00:31.559343+09:00,성수카페거리,성수카페거리,POI068,KEY_4,1030026201,뚝섬로5길,1030007907,성수동2가333-84,127.0511418059016080_37.5419733463633918,1030008301,성수동1가 276-34,127.0505209099312509_37.5400671167226250,219.0,23.0,서행,127.0505209099312509_37.5400671167226250|127.0507009988581331_37.5406931957032413|127.0507129685465060_37.5407249042804665|127.0508491504052273_37.5410856579620003|127.0508645474510132_37.5411323611306713|127.0509856790272210_37.5414997819916394|127.0511418059016080_37.5419733463633918
2026-09-04T09:00:31.559343+09:00,성수카페거리,성수카페거리,POI068,KEY_4,1030026202,뚝섬로5길,1030153900,최소노드배치점,127.0539358567467474_37.5415236710096067,1030007907,성수동2가333-84,127.0511418059016080_37.5419733463633918,279.0,18.0,서행,127.0511418059016080_37.5419733463633918|127.0533057566949822_37.5419987135351718|127.0535888319341069_37.5420086775092159|127.0535916655420721_37.5420074544678215|127.0539384595522705_37.5415398732796817|127.0539362246359900_37.5415239464283061|127.0539358567467474_37.5415236710096067
2026-09-04T09:00:31.559343+09:00,성수카페거리,성수카페거리,POI068,KEY_4,1030026301,뚝섬로5길,1030154000,최소노드배치점,127.0540288655895154_37.5414448991232348,1030007902,성원중학교,127.0518167576303341_37.5397389713006930,272.0,18.0,서행,127.0518167576303341_37.5397389713006930|127.0519510862119006_37.5398521095855244|127.0531043952893810_37.5407527892537374|127.0540288655895154_37.5414448991232348
2026-09-04T09:00:31.559343+09:00,성수카페거리,성수카페거리,POI068,KEY_4,1030026302,뚝섬로5길,1030058200,성수동1가 694-3,127.0508543466555835_37.5415272349326870,1030007908,성수동2가333-84,127.0510408429570361_37.5420318807305975,59.0,10.0,정체,127.0510408429570361_37.5420318807305975|127.0510093731079735_37.5419974645077161|127.0508543466555835_37.5415272349326870
2026-09-04T09:00:31.559343+09:00,성수카페거리,성수카페거리,POI068,KEY_4,1030027500,연무장길,1030046400,성수동1가 16-11,127.0498135853201518_37.5440720015569482,1030012602,경동초교오거리,127.0496362503706678_37.5441262961726352,17.0,5.0,정체,127.0496362503706678_37.5441262961726352|127.0498135853201518_37.5440720015569482
2026-09-04T09:00:31.559343+09:00,성수카페거리,성수카페거리,POI068,KEY_4,1030027600,연무장길,1030056400,성수동2가 314-20,127.0513077026240580_37.5437303719044237,1030010704,갤러리까르찌나,127.0562246716134780_37.5422579759689938,464.0,10.0,정체,127.0562246716134780_37.5422579759689938|127.0545637037083964_37.5427394156326670|127.0541726371046565_37.5428610368981666|127.0532280717800546_37.5431468348450679|127.0526780596860021_37.5433132479891327|127.0519993710612709_37.5435185892961556|127.0513077026240580_37.5437303719044237
2026-09-04T09:00:31.559343+09:00,성수카페거리,성수카페거리,POI068,KEY_4,1030030200,성수일로8길,1030013503,한국창업경제신문,127.0572046441045018_37.5448312398540978,1030014702,롯데캐슬파크아파트,127.0555171066052367_37.5453315049633218,159.0,14.0,정체,127.0555171066052367_37.5453315049633218|127.0572046441045018_37.5448312398540978
2026-09-04T09:00:31.559343+09:00,성수카페거리,성수카페거리,POI068,KEY_4,1030030300,성수일로8길,1030014701,롯데캐슬파크아파트,127.0555644840728888_37.5454328297893198,1030013504,한국창업경제신문,127.0572313244105942_37.5449387006975996,157.0,24.0,서행,127.0572313244105942_37.5449387006975996|127.0555644840728888_37.5454328297893198
2026-09-04T09:00:31.559343+09:00,성수카페거리,성수카페거리,POI068,KEY_4,1030030400,아차산로.성수일로8길,1030014702,롯데캐슬파크아파트,127.0555171066052367_37.5453315049633218,1030013101,제일빌딩,127.0552908264291858_37.5448672411363233,55.0,16.0,서행,127.0552908264291858_37.5448672411363233|127.0555171066052367_37.5453315049633218
2026-09-04T09:00:31.559343+09:00,성수카페거리,성수카페거리,POI068,KEY_4,1030030500,아차산로.성수일로8길,1030013104,제일빌딩,127.0551637436607280_37.5449053482710156,1030014703,롯데캐슬파크아파트,127.0553898422885766_37.5453692393267602,55.0,33.0,원활,127.0553898422885766_37.5453692393267602|127.0551637436607280_37.5449053482710156
2026-09-04T09:00:31.559343+09:00,성수카페거리,성수카페거리,POI068,KEY_4,1030030800,아차산로7길,1030014802,성수미술관,127.0543504174999470_37.5456774935109223,1030014201,성수동2가 289-30,127.0541333653158063_37.5452167369424359,55.0,20.0,서행,127.0541333653158063_37.5452167369424359|127.0543504174999470_37.5456774935109223
2026-09-04T09:00:31.559343+09:00,성수카페거리,성수카페거리,POI068,KEY_4,1030030900,아차산로7길,1030014204,성수동2가 289-30,127.0540063077144595_37.5452548832955628,1030014803,성수미술관,127.0542232774579929_37.5457154645452462,55.0,4.0,정체,127.0542232774579929_37.5457154645452462|127.0540063077144595_37.5452548832955628
2026-09-04T09:00:31.559343+09:00,성수카페거리,성수카페거리,POI068,KEY_4,1030031000,성수일로8길,1030014703,롯데캐슬파크아파트,127.0553898422885766_37.5453692393267602,1030014802,성수미술관,127.0543504174999470_37.5456774935109223,98.0,19.0,서행,127.0543504174999470_37.5456774935109223|127.0553898422885766_37.5453692393267602
2026-09-04T09:00:31.559343+09:00,성수카페거리,성수카페거리,POI068,KEY_4,1030031100,성수일로8길,1030014801,성수미술관,127.0543982553893017_37.5457786826499387,1030014704,롯데캐슬파크아파트,127.0554372382108852_37.5454705586781685,98.0,11.0,정체,127.0554372382108852_37.5454705586781685|127.0543982553893017_37.5457786826499387
2026-09-04T09:00:31.559343+09:00,성수카페거리,성수카페거리,POI068,KEY_4,1030031200,상원1길,1030091200,성수동1가 9-9,127.0475389473704695_37.5463909592910170,1030016003,뚝섬역(서울2호선),127.0466946591980104_37.5474024880960968,136.0,6.0,정체,127.0466946591980104_37.5474024880960968|127.0467667964252172_37.5472315847214801|127.0468079071165732_37.5471725962568641|127.0475389473704695_37.5463909592910170
2026-09-04T09:00:31.559343+09:00,성수카페거리,성수카페거리,POI068,KEY_4,1030031300,상원1길,1030092700,성수동1가 656-596,127.0491527603527828_37.5449023730718565,1030012604,경동초교오거리,127.0495606160925774_37.5443097282205116,75.0,9.0,정체,127.0495606160925774_37.5443097282205116|127.0495429811575576_37.5443262001981850|127.0494710750145373_37.5444208496823464|127.0493422255462690_37.5446591584226965|127.0492106063175726_37.5448424117116630|127.0491527603527828_37.5449023730718565
2026-09-04T09:00:31.559343+09:00,성수카페거리,성수카페거리,POI068,KEY_4,1030031800,아차산로7길,1030015802,성수2가3동주민센터,127.0551108236613373_37.5472806334136706,1030014801,성수미술관,127.0543982553893017_37.5457786826499387,178.0,16.0,서행,127.0543982553893017_37.5457786826499387|127.0551108236613373_37.5472806334136706
2026-09-04T09:00:31.559343+09:00,성수카페거리,성수카페거리,POI068,KEY_4,1030031900,아차산로7길,1030014804,성수미술관,127.0542712260709806_37.5458168891166935,1030015803,성수2가3동주민센터,127.0549936974906160_37.5473397187022684,181.0,16.0,서행,127.0549936974906160_37.5473397187022684|127.0542712260709806_37.5458168891166935
2026-09-04T09:00:31.559343+09:00,성수카페거리,성수카페거리,POI068,KEY_4,1030035200,상원길,1030106300,성수동1가 13-219,127.0486061067635859_37.5475435639625346,1030015601,뚝섬미술관,127.0488026707037932_37.5468387411565701,80.0,13.0,정체,127.0488026707037932_37.5468387411565701|127.0486061067635859_37.5475435639625346
2026-09-04T09:00:31.559343+09:00,성수카페거리,성수카페거리,POI068,KEY_4,1040001301,동일로,1040000604,영동대교북단교차로,127.0610526784373917_37.5373122223369862,1030037901,성수동2가 816-4,127.0621568721912524_37.5392269336933992,234.0,8.0,정체,127.0621568721912524_37.5392269336933992|127.0611551294457797_37.5374646790849980|127.0610526784373917_37.5373122223369862
2026-09-04T09:00:31.559343+09:00,성수카페거리,성수카페거리,POI068,KEY_4,1040001303,동일로,1030123900,성수동2가 276-5,127.0636134955508538_37.5416490130212281,1040017703,성수사거리,127.0639050895056812_37.5421550277301534,62.0,20.0,서행,127.0639050895056812_37.5421550277301534|127.0636134955508538_37.5416490130212281
2026-09-04T09:00:31.559343+09:00,성수카페거리,성수카페거리,POI068,KEY_4,1040001304,동일로,1030037902,성수동2가 250-7,127.0622137260167790_37.5393281047465095,1040015802,영동대교고가차도(북측),127.0623811726308219_37.5394948679126799,24.0,26.0,원활,127.0623811726308219_37.5394948679126799|127.0622166959724524_37.5393334314916913|127.0622137260167790_37.5393281047465095
2026-09-04T09:00:31.559343+09:00,성수카페거리,성수카페거리,POI068,KEY_4,1040001305,동일로,1030151300,성수동2가 250-7,127.0624969443109649_37.5397001913100041,1040016703,성수동2가 276-5,127.0627600875261436_37.5401668764377092,57.0,22.0,서행,127.0627600875261436_37.5401668764377092|127.0624969443109649_37.5397001913100041
2026-09-04T09:00:31.559343+09:00,성수카페거리,성수카페거리,POI068,KEY_4,1040001401,동일로,1040015801,영동대교고가차도(북측),127.0625052128641386_37.5394503728433619,1040000601,영동대교북단교차로,127.0613146223214329_37.5372437064079918,267.0,34.0,원활,127.0613146223214329_37.5372437064079918|127.0613988379963502_37.5373690267760622|127.0624191875248812_37.5391674512574340|127.0624742122687110_37.5392650416171847|127.0625052128641386_37.5394503728433619
2026-09-04T09:00:31.559343+09:00,성수카페거리,성수카페거리,POI068,KEY_4,1040001402,동일로,1040016702,자양동 24-10,127.0628863220353537_37.5401267628382485,1040015801,영동대교고가차도(북측),127.0625052128641386_37.5394503728433619,82.0,16.0,서행,127.0625052128641386_37.5394503728433619|127.0626209903454509_37.5396558553713575|127.0628863220353537_37.5401267628382485
2026-09-04T09:00:31.559343+09:00,성수카페거리,성수카페거리,POI068,KEY_4,1040001403,동일로,1040136200,자양동 23-9,127.0637369066414379_37.5416039221817570,1040016701,자양동 24-10,127.0629424504767826_37.5402252363948463,168.0,10.0,정체,127.0629424504767826_37.5402252363948463|127.0637369066414379_37.5416039221817570
2026-09-04T09:00:31.559343+09:00,성수카페거리,성수카페거리,POI068,KEY_4,1040011000,아차산로,1040140700,최소노드배치점,127.0672902949043674_37.5410070020582083,1040017702,성수사거리,127.0640311954609132_37.5421146116750606,313.0,29.5,원활,127.0640311954609132_37.5421146116750606|127.0672609375260862_37.5410170619344754|127.0672902949043674_37.5410070020582083
2026-09-04T09:00:31.559343+09:00,성수카페거리,성수카페거리,POI068,KEY_4,1040026800,동일로,1030154600,최소노드배치점,127.0610289490025622_37.5371433839890969,1040015802,영동대교고가차도(북측),127.0623811726308219_37.5394948679126799,287.0,9.0,정체,127.0623811726308219_37.5394948679126799|127.0612160481458659_37.5374407538958650|127.0610904233777774_37.5372538118366208|127.0610289490025622_37.5371433839890969
2026-09-04T09:00:31.559343+09:00,성수카페거리,성수카페거리,POI068,KEY_4,1040029200,동일로18길,1040130400,자양동 16-35,127.0636162082404610_37.5398770706210243,1040016702,자양동 24-10,127.0628863220353537_37.5401267628382485,70.0,14.0,정체,127.0628863220353537_37.5401267628382485|127.0636162082404610_37.5398770706210243
2026-09-04T09:00:31.559343+09:00,성수카페거리,성수카페거리,POI068,KEY_4,1040042400,동일로,1040133600,화양동 50-7,127.0643751852390722_37.5427205809451507,1040017701,성수사거리,127.0640874503661450_37.5422130496247988,62.0,18.0,서행,127.0640874503661450_37.5422130496247988|127.0643751852390722_37.5427205809451507
2026-09-04T09:00:31.559343+09:00,송리단길·호수단길,송리단길·호수단길,POI121,KEY_1,1230002901,송파대로,1230403000,석촌동 323,127.1079092974091509_37.5043480585392359,1230001503,석촌역사거리,127.1071785823462221_37.5051497573641299,110.0,15.0,서행,127.1071785823462221_37.5051497573641299|127.1079092974091509_37.5043480585392359
2026-09-04T09:00:31.559343+09:00,송리단길·호수단길,송리단길·호수단길,POI121,KEY_1,1230003102,송파대로,1230412500,석촌동 209,127.1044792274671522_37.5081049831544888,1230036703,석촌호수앞교차로,127.1039824947923051_37.5086487529905597,75.0,28.0,원활,127.1039824947923051_37.5086487529905597|127.1044792274671522_37.5081049831544888
2026-09-04T09:00:31.559343+09:00,송리단길·호수단길,송리단길·호수단길,POI121,KEY_1,1230003202,송파대로,1230374800,송파동 69,127.1062313433935884_37.5063706298099575,1230001501,석촌역사거리,127.1072109621140953_37.5052981513314023,147.0,15.0,서행,127.1072109621140953_37.5052981513314023|127.1062313433935884_37.5063706298099575
2026-09-04T09:00:31.559343+09:00,송리단길·호수단길,송리단길·호수단길,POI121,KEY_1,1230003300,송파대로,1230036704,석촌호수앞교차로,127.1039028911642674_37.5087367936795530,1230001703,석촌호수앞교차로,127.1017878219228550_37.5111046223331428,323.0,35.0,원활,127.1017878219228550_37.5111046223331428|127.1039028911642674_37.5087367936795530
2026-09-04T09:00:31.559343+09:00,송리단길·호수단길,송리단길·호수단길,POI121,KEY_1,1230003400,송파대로,1230001702,석촌호수앞교차로,127.1019076941057762_37.5111569141952117,1230036701,석촌호수앞교차로,127.1040028890472797_37.5088113302377195,320.0,8.0,정체,127.1040028890472797_37.5088113302377195|127.1019076941057762_37.5111569141952117
2026-09-04T09:00:31.559343+09:00,송리단길·호수단길,송리단길·호수단길,POI121,KEY_1,1230017104,백제고분로,1230030504,석촌동주민센터,127.1032847802360806_37.5038619289310020,1230031102,석촌지하차도(동측),127.1046857627125632_37.5042645101804695,133.0,26.0,원활,127.1046857627125632_37.5042645101804695|127.1044083485424636_37.5042361486825016|127.1034318138435708_37.5039319569095682|127.1032847802360806_37.5038619289310020
2026-09-04T09:00:31.559343+09:00,송리단길·호수단길,송리단길·호수단길,POI121,KEY_1,1230017105,백제고분로,1230408300,석촌동 208,127.1063402833136706_37.5048772465737272,1230001504,석촌역사거리,127.1070984507477277_37.5052375718930762,78.0,36.3,원활,127.1070984507477277_37.5052375718930762|127.1063402833136706_37.5048772465737272
2026-09-04T09:00:31.559343+09:00,송리단길·호수단길,송리단길·호수단길,POI121,KEY_1,1230018100,삼학사로,1230399400,삼전동 152,127.0971851736833997_37.5058146183606098,1230034303,석촌호교차로,127.0972427646003808_37.5065427063586085,81.0,17.0,서행,127.0972427646003808_37.5065427063586085|127.0971851736833997_37.5058146183606098
2026-09-04T09:00:31.559343+09:00,송리단길·호수단길,송리단길·호수단길,POI121,KEY_1,1230020300,석촌호수로,1230425400,최소노드배치점,127.1008735740489470_37.5071235777689509,1230036704,석촌호수앞교차로,127.1039028911642674_37.5087367936795530,323.0,26.0,원활,127.1039028911642674_37.5087367936795530|127.1030871966188158_37.5081804312170775|127.1027814029224459_37.5079972621807372|127.1027257780679207_37.5079698553039691|127.1018874551534168_37.5075568002840285|127.1015021632143061_37.5073921700333557|127.1008735740489470_37.5071235777689509
2026-09-04T09:00:31.559343+09:00,송리단길·호수단길,송리단길·호수단길,POI121,KEY_1,1230020400,석촌호수로,1230369400,석촌동 191,127.0987703823118125_37.5064112799268017,1230034302,석촌호교차로,127.0973765618586384_37.5065150079019958,125.0,20.0,서행,127.0973765618586384_37.5065150079019958|127.0976452744375536_37.5064483289197952|127.0979269591683192_37.5064090615062042|127.0982641563232818_37.5063794736021237|127.0986308344447906_37.5063986405236136|127.0987703823118125_37.5064112799268017
2026-09-04T09:00:31.559343+09:00,송리단길·호수단길,송리단길·호수단길,POI121,KEY_1,1230020702,백제고분로,1230001501,석촌역사거리,127.1072109621140953_37.5052981513314023,1230034004,송파1동주민센터,127.1088655538812588_37.5063711660504993,189.0,11.0,정체,127.1088655538812588_37.5063711660504993|127.1081423911864619_37.5058679402322923|127.1078766893419214_37.5057054024290366|127.1072109621140953_37.5052981513314023
2026-09-04T09:00:31.559343+09:00,송리단길·호수단길,송리단길·호수단길,POI121,KEY_1,1230020703,백제고분로,1230379600,송파동 65,127.1103575111599184_37.5077338034744230,1230037103,신도빌딩,127.1112559046677433_37.5088767942406491,150.0,15.0,서행,127.1112559046677433_37.5088767942406491|127.1106628130731337_37.5080966789885863|127.1105723711036433_37.5079891819933167|127.1103575111599184_37.5077338034744230
2026-09-04T09:00:31.559343+09:00,송리단길·호수단길,송리단길·호수단길,POI121,KEY_1,1230020704,백제고분로,1230037104,신도빌딩,127.1113205737348011_37.5089721229789319,1230038703,방이사거리,127.1121447508134281_37.5103227955162382,167.0,14.7,정체,127.1121447508134281_37.5103227955162382|127.1113205737348011_37.5089721229789319
2026-09-04T09:00:31.559343+09:00,송리단길·호수단길,송리단길·호수단길,POI121,KEY_1,1230020802,백제고분로,1230380600,송파동 1-1,127.1079593458693466_37.5056196474404473,1230001502,석촌역사거리,127.1072907892475996_37.5052106659885780,75.0,22.0,서행,127.1072907892475996_37.5052106659885780|127.1079593458693466_37.5056196474404473
2026-09-04T09:00:31.559343+09:00,송리단길·호수단길,송리단길·호수단길,POI121,KEY_1,1230020803,백제고분로,1230374600,송파동 1-10,127.1106851121904526_37.5079289853775180,1230034002,송파1동주민센터,127.1090542359617643_37.5063612342065085,227.0,33.0,원활,127.1090542359617643_37.5063612342065085|127.1092969398728911_37.5065416094445183|127.1103283201647685_37.5075049084885492|127.1104702520797503_37.5076736070397345|127.1106851121904526_37.5079289853775180
2026-09-04T09:00:31.559343+09:00,송리단길·호수단길,송리단길·호수단길,POI121,KEY_1,1230020804,백제고분로,1230038702,방이사거리,127.1122582668871672_37.5102615124608363,1230037101,신도빌딩,127.1114426409161240_37.5089248551582415,165.0,19.5,서행,127.1114426409161240_37.5089248551582415|127.1122582668871672_37.5102615124608363
2026-09-04T09:00:31.559343+09:00,송리단길·호수단길,송리단길·호수단길,POI121,KEY_1,1230022100,오금로,1230367600,송파동 3-15,127.1135151757795256_37.5095306777973931,1230038702,방이사거리,127.1122582668871672_37.5102615124608363,138.0,30.0,원활,127.1122582668871672_37.5102615124608363|127.1125345987760653_37.5100795617425007|127.1131362332325097_37.5097427951161677|127.1135151757795256_37.5095306777973931
2026-09-04T09:00:31.559343+09:00,송리단길·호수단길,송리단길·호수단길,POI121,KEY_1,1230023701,석촌호수로,1230036701,석촌호수앞교차로,127.1040028890472797_37.5088113302377195,1230038204,수림빌딩,127.1051505452613100_37.5097264956549949,144.0,9.0,정체,127.1051505452613100_37.5097264956549949|127.1048424116308126_37.5094807866672255|127.1040028890472797_37.5088113302377195
2026-09-04T09:00:31.559343+09:00,송리단길·호수단길,송리단길·호수단길,POI121,KEY_1,1230023801,석촌호수로,1230383600,송파동 60,127.1049384312716057_37.5094043721425194,1230036702,석촌호수앞교차로,127.1040831324389728_37.5087223370806129,107.0,13.0,정체,127.1040831324389728_37.5087223370806129|127.1049384312716057_37.5094043721425194
2026-09-04T09:00:31.559343+09:00,송리단길·호수단길,송리단길·호수단길,POI121,KEY_1,1230023802,석촌호수로,1230380500,송파동 61,127.1061749184303977_37.5103810412995244,1230038202,수림빌딩,127.1053428869681454_37.5097263595970531,103.0,19.0,서행,127.1053428869681454_37.5097263595970531|127.1061749184303977_37.5103810412995244
2026-09-04T09:00:31.559343+09:00,송리단길·호수단길,송리단길·호수단길,POI121,KEY_1,1230023803,석촌호수로,1230041503,방이삼거리,127.1081921675338720_37.5119304002947942,1230039702,송파동 62,127.1071007108080408_37.5111082344274962,133.0,11.0,정체,127.1071007108080408_37.5111082344274962|127.1080242959557012_37.5118163213665241|127.1081921675338720_37.5119304002947942
2026-09-04T09:00:31.559343+09:00,송리단길·호수단길,송리단길·호수단길,POI121,KEY_1,1230024301,오금로,1230038703,방이사거리,127.1121447508134281_37.5103227955162382,1230039102,송파동 63,127.1111596082041189_37.5107203252610688,98.0,10.0,정체,127.1111596082041189_37.5107203252610688|127.1121447508134281_37.5103227955162382
2026-09-04T09:00:31.559343+09:00,송리단길·호수단길,송리단길·호수단길,POI121,KEY_1,1230024302,오금로,1230384900,송파동 62,127.1086886760872829_37.5117147904571766,1230041503,방이삼거리,127.1081921675338720_37.5119304002947942,50.0,10.0,정체,127.1081921675338720_37.5119304002947942|127.1083902263657990_37.5118348937114661|127.1086886760872829_37.5117147904571766
2026-09-04T09:00:31.559343+09:00,송리단길·호수단길,송리단길·호수단길,POI121,KEY_1,1230024401,오금로,1230418600,방이동 95-2,127.1089129889832350_37.5117456548715751,1230038704,방이사거리,127.1122045332657819_37.5104198722678603,326.0,21.0,서행,127.1122045332657819_37.5104198722678603|127.1112209404749507_37.5108167767394178|127.1110993930582396_37.5108657544525386|127.1089129889832350_37.5117456548715751
2026-09-04T09:00:31.559343+09:00,송리단길·호수단길,송리단길·호수단길,POI121,KEY_1,1230026801,백제고분로,1230392100,방이동 1,127.1132825222936447_37.5119110717846382,1230038701,방이사거리,127.1123196324729321_37.5103613805438485,192.0,18.0,서행,127.1123196324729321_37.5103613805438485|127.1132825222936447_37.5119110717846382
2026-09-04T09:00:31.559343+09:00,송리단길·호수단길,송리단길·호수단길,POI121,KEY_1,1230066800,백제고분로,1230420900,최소노드배치점,127.1020075911652043_37.5034155122325359,1230031102,석촌지하차도(동측),127.1046857627125632_37.5042645101804695,255.0,50.0,원활,127.1046857627125632_37.5042645101804695|127.1032055646133756_37.5037916422219624|127.1020075911652043_37.5034155122325359
2026-09-04T09:00:31.559343+09:00,송리단길·호수단길,송리단길·호수단길,POI121,KEY_1,1230073600,백제고분로41길,1230362400,송파동 74,127.1055839132151277_37.5093570558199474,1230038203,수림빌딩,127.1052465652364560_37.5096500807059527,44.0,11.5,정체,127.1052465652364560_37.5096500807059527|127.1053208564511436_37.5095948198186591|127.1055839132151277_37.5093570558199474
2026-09-04T09:00:31.559343+09:00,송리단길·호수단길,송리단길·호수단길,POI121,KEY_1,1230074600,백제고분로45길,1230389500,송파동 80,127.1105001379963824_37.5092557763212895,1230038002,청원빌딩,127.1102116389035928_37.5094004430019652,30.0,7.5,정체,127.1102116389035928_37.5094004430019652|127.1105001379963824_37.5092557763212895
2026-09-04T09:00:31.559343+09:00,송리단길·호수단길,송리단길·호수단길,POI121,KEY_1,1230074700,백제고분로45길,1230415900,송파동 80,127.1109042025177871_37.5091809150388968,1230037104,신도빌딩,127.1113205737348011_37.5089721229789319,43.0,24.0,서행,127.1113205737348011_37.5089721229789319|127.1109042025177871_37.5091809150388968
2026-09-04T09:00:31.559343+09:00,송리단길·호수단길,송리단길·호수단길,POI121,KEY_1,1230076000,오금로18길,1230404700,송파동 80,127.1108701645754735_37.5103349829974491,1230038001,청원빌딩,127.1102839409552985_37.5094919443537549,107.0,23.0,서행,127.1102839409552985_37.5094919443537549|127.1108670913662877_37.5103308915455216|127.1108701645754735_37.5103349829974491
2026-09-04T09:00:31.559343+09:00,송리단길·호수단길,송리단길·호수단길,POI121,KEY_1,1230076100,오금로18길,1230404800,송파동 81,127.1107536956244104_37.5103904983532033,1230039103,송파동 63,127.1110381891797374_37.5107692507720287,49.0,5.0,정체,127.1110381891797374_37.5107692507720287|127.1107536956244104_37.5103904983532033
2026-09-04T09:00:31.559343+09:00,송리단길·호수단길,송리단길·호수단길,POI121,KEY_1,1230076200,백제고분로45길,1230414400,송파동 83,127.1074305390192620_37.5108125123386174,1230039703,송파동 61,127.1070007103191557_37.5110307962144418,45.0,20.0,서행,127.1070007103191557_37.5110307962144418|127.1074305390192620_37.5108125123386174
2026-09-04T09:00:31.559343+09:00,송리단길·호수단길,송리단길·호수단길,POI121,KEY_1,1230076300,백제고분로45길,1230397400,송파동 80,127.1098883650349052_37.5096925018756622,1230038004,청원빌딩,127.1101690988289334_37.5095499223446183,29.0,20.0,서행,127.1101690988289334_37.5095499223446183|127.1098883650349052_37.5096925018756622
2026-09-04T09:00:31.559343+09:00,신촌 스타광장,신촌 스타광장,POI122,KEY_2,1120003201,명물길,1120098800,창천동 18-54,126.9375123444595204_37.5575602259048438,1120004502,현대백화점유플렉스(신촌점),126.9369730969373080_37.5572180933913842,61.0,3.0,정체,126.9369730969373080_37.5572180933913842|126.9371287798259686_37.5572890262117483|126.9374266006236667_37.5574960038265644|126.9375123444595204_37.5575602259048438
2026-09-04T09:00:31.559343+09:00,신촌 스타광장,신촌 스타광장,POI122,KEY_2,1120003301,연세로,1120004504,현대백화점유플렉스(신촌점),126.9368371308242018_37.5572889150469535,1120004803,창천동 30-18,126.9368510014508757_37.5588996821571541,179.0,15.5,서행,126.9368510014508757_37.5588996821571541|126.9368340470399659_37.5574372784594317|126.9368371308242018_37.5572889150469535
2026-09-04T09:00:31.559343+09:00,신촌 스타광장,신촌 스타광장,POI122,KEY_2,1120003401,연세로,1120004802,창천동 30-18,126.9369867245719377_37.5588913341097239,1120004501,현대백화점유플렉스(신촌점),126.9369718556757505_37.5573421030471337,172.0,16.0,서행,126.9369718556757505_37.5573421030471337|126.9369698696455231_37.5574376736014486|126.9369867245719377_37.5588913341097239
2026-09-04T09:00:31.559343+09:00,신촌 스타광장,신촌 스타광장,POI122,KEY_2,1120014200,신촌로,1130028200,신촌로터리,126.9362638695840104_37.5553903889948231,1120004300,현대백화점(신촌점),126.9368030588893959_37.5556219621744134,57.0,24.0,서행,126.9368030588893959_37.5556219621744134|126.9367619707854544_37.5555447886619120|126.9365015572182216_37.5554290301989795|126.9362638695840104_37.5553903889948231
2026-09-04T09:00:31.559343+09:00,신촌 스타광장,신촌 스타광장,POI122,KEY_2,1120014300,연세로5길,1120004503,현대백화점유플렉스(신촌점),126.9368363451414297_37.5571751207012667,1130028301,신촌현대백화점,126.9352769143878135_37.5557459412116970,218.0,19.5,서행,126.9352769143878135_37.5557459412116970|126.9355227188717095_37.5561809513214655|126.9356969741435961_37.5564893345166482|126.9357357833693243_37.5565340280943047|126.9357546442551836_37.5565557486909398|126.9367282221445237_37.5571473890112912|126.9368363451414297_37.5571751207012667
2026-09-04T09:00:31.559343+09:00,신촌 스타광장,신촌 스타광장,POI122,KEY_2,1120014400,연세로5길,1120046000,창천동 53-47,126.9356240685518031_37.5565955099592088,1120004504,현대백화점유플렉스(신촌점),126.9368371308242018_37.5572889150469535,133.0,8.0,정체,126.9368371308242018_37.5572889150469535|126.9366643652368651_37.5572446039108812|126.9356551527703942_37.5566313071096900|126.9356240685518031_37.5565955099592088
2026-09-04T09:00:31.559343+09:00,신촌 스타광장,신촌 스타광장,POI122,KEY_2,1120061600,신촌로,1130243700,노고산동 31-123,126.9378979886779319_37.5553264048270492,1130027600,신촌로터리,126.9375535313722594_37.5552189146085595,33.0,8.0,정체,126.9375535313722594_37.5552189146085595|126.9376883483507896_37.5552573962598544|126.9378979886779319_37.5553264048270492
2026-09-04T09:00:31.559343+09:00,신촌 스타광장,신촌 스타광장,POI122,KEY_2,1120061700,연세로,1120004502,현대백화점유플렉스(신촌점),126.9369730969373080_37.5572180933913842,1120004200,신촌역(서울2호선),126.9369388461816897_37.5556200624915562,177.0,16.5,서행,126.9369388461816897_37.5556200624915562|126.9369730969373080_37.5572180933913842
2026-09-04T09:00:31.559343+09:00,신촌 스타광장,신촌 스타광장,POI122,KEY_2,1120062000,연세로,1120004300,현대백화점(신촌점),126.9368030588893959_37.5556219621744134,1120004503,현대백화점유플렉스(신촌점),126.9368363451414297_37.5571751207012667,172.0,17.0,서행,126.9368363451414297_37.5571751207012667|126.9368030588893959_37.5556219621744134
2026-09-04T09:00:31.559343+09:00,신촌 스타광장,신촌 스타광장,POI122,KEY_2,1130002903,신촌로,1130027304,신촌로터리,126.9367463936915783_37.5551491321864219,1130027800,신촌로터리,126.9362078795990669_37.5552918851353184,50.0,14.0,정체,126.9362078795990669_37.5552918851353184|126.9362843096010209_37.5552643504737276|126.9364926549409489_37.5552010586219964|126.9366443811309324_37.5551666346300124|126.9367463936915783_37.5551491321864219
2026-09-04T09:00:31.559343+09:00,신촌 스타광장,신촌 스타광장,POI122,KEY_2,1130003002,신촌로,1120063200,창천동 30-16,126.9359793082337546_37.5554929038804843,1130028200,신촌로터리,126.9362638695840104_37.5553903889948231,28.0,23.0,서행,126.9362638695840104_37.5553903889948231|126.9359793082337546_37.5554929038804843
2026-09-04T09:00:31.559343+09:00,신촌 스타광장,신촌 스타광장,POI122,KEY_2,1130003003,신촌로,1130028200,신촌로터리,126.9362638695840104_37.5553903889948231,1130027305,신촌로터리,126.9367949040171339_37.5552525850785059,50.0,22.0,서행,126.9367949040171339_37.5552525850785059|126.9367822077433345_37.5552535889944465|126.9366773331614553_37.5552715833811135|126.9365355543422140_37.5553037503571261|126.9363365592773363_37.5553642010740631|126.9362638695840104_37.5553903889948231
2026-09-04T09:00:31.559343+09:00,신촌 스타광장,신촌 스타광장,POI122,KEY_2,1130003101,신촌로,1130027301,신촌로터리,126.9369309039101665_37.5552479096703777,1130028100,신촌로터리,126.9375107828557248_37.5553215381359138,52.0,5.0,정체,126.9375107828557248_37.5553215381359138|126.9374120463708664_37.5552954695353094|126.9372367545836511_37.5552633433213288|126.9370612427232459_37.5552495051776276|126.9369309039101665_37.5552479096703777
2026-09-04T09:00:31.559343+09:00,신촌 스타광장,신촌 스타광장,POI122,KEY_2,1130003201,신촌로,1130027600,신촌로터리,126.9375535313722594_37.5552189146085595,1130027302,신촌로터리,126.9369363048809589_37.5551398431720429,56.0,8.0,정체,126.9369363048809589_37.5551398431720429|126.9370689919941668_37.5551414670887596|126.9372587703670519_37.5551564300398013|126.9374487359331596_37.5551912462659345|126.9375535313722594_37.5552189146085595
2026-09-04T09:00:31.559343+09:00,신촌 스타광장,신촌 스타광장,POI122,KEY_2,1130015002,백범로,1130027302,신촌로터리,126.9369363048809589_37.5551398431720429,1130026300,신촌로터리,126.9370076539618566_37.5545626830804551,64.0,18.0,서행,126.9370076539618566_37.5545626830804551|126.9369363048809589_37.5551398431720429
2026-09-04T09:00:31.559343+09:00,신촌 스타광장,신촌 스타광장,POI122,KEY_2,1130016102,서강로,1130026900,신촌로터리,126.9362469698456266_37.5547336229279907,1130027304,신촌로터리,126.9367463936915783_37.5551491321864219,64.0,11.0,정체,126.9367463936915783_37.5551491321864219|126.9366482286148994_37.5550253909116165|126.9363557341915083_37.5548026529712615|126.9362469698456266_37.5547336229279907
2026-09-04T09:00:31.559343+09:00,신촌 스타광장,신촌 스타광장,POI122,KEY_2,1130053700,신촌로,1130027600,신촌로터리,126.9375535313722594_37.5552189146085595,1130026300,신촌로터리,126.9370076539618566_37.5545626830804551,87.0,8.0,정체,126.9370076539618566_37.5545626830804551|126.9375535313722594_37.5552189146085595
2026-09-04T09:00:31.559343+09:00,신촌 스타광장,신촌 스타광장,POI122,KEY_2,1130054000,서강로,1130026900,신촌로터리,126.9362469698456266_37.5547336229279907,1130027800,신촌로터리,126.9362078795990669_37.5552918851353184,66.0,16.0,서행,126.9362078795990669_37.5552918851353184|126.9362774483328025_37.5552146864900038|126.9363062591853719_37.5551384172764813|126.9363230977790380_37.5550564211653537|126.9363327714613661_37.5549477201242823|126.9363184780678608_37.5548542645506771|126.9362469698456266_37.5547336229279907
2026-09-04T09:00:31.559343+09:00,압구정로데오거리,압구정로데오거리,POI071,KEY_3,1220034202,도산대로,1220050701,도산공원사거리,127.0339034599154076_37.5216159042956363,1220051504,메종에르메스박물관,127.0358768409066386_37.5222264747469652,187.0,8.0,정체,127.0358768409066386_37.5222264747469652|127.0339034599154076_37.5216159042956363
2026-09-04T09:00:31.559343+09:00,압구정로데오거리,압구정로데오거리,POI071,KEY_3,1220034203,도산대로,1220051501,메종에르메스박물관,127.0360029680279013_37.5222664581804750,1220051804,신사동 501-5,127.0373127024870428_37.5226918366399289,125.0,31.0,원활,127.0373127024870428_37.5226918366399289|127.0360029680279013_37.5222664581804750
2026-09-04T09:00:31.559343+09:00,압구정로데오거리,압구정로데오거리,POI071,KEY_3,1220034204,도산대로,1220393600,신사동 501-5,127.0382594965785756_37.5229821213989680,1220052204,학동사거리,127.0390861363866435_37.5232347757009777,78.0,18.0,서행,127.0390861363866435_37.5232347757009777|127.0382594965785756_37.5229821213989680
2026-09-04T09:00:31.559343+09:00,압구정로데오거리,압구정로데오거리,POI071,KEY_3,1220034601,도산대로,1220420500,청담동 77,127.0400054812010779_37.5233569151823687,1220052404,청담동 77,127.0413071564451570_37.5235176656433396,116.0,20.0,서행,127.0413071564451570_37.5235176656433396|127.0405339348501172_37.5234221784106481|127.0400054812010779_37.5233569151823687
2026-09-04T09:00:31.559343+09:00,압구정로데오거리,압구정로데오거리,POI071,KEY_3,1220034602,도산대로,1220332800,청담동 77,127.0435213934482874_37.5238023106680032,1220052604,청담동 77,127.0445564869975641_37.5239355211408920,93.0,28.0,원활,127.0445564869975641_37.5239355211408920|127.0435213934482874_37.5238023106680032
2026-09-04T09:00:31.559343+09:00,압구정로데오거리,압구정로데오거리,POI071,KEY_3,1220034603,도산대로,1220276100,청담동 77,127.0463338208116113_37.5241605900114052,1220053004,청담사거리,127.0472792767386068_37.5242802278421408,85.0,45.0,원활,127.0472792767386068_37.5242802278421408|127.0469562705251434_37.5242393555858413|127.0463338208116113_37.5241605900114052
2026-09-04T09:00:31.559343+09:00,압구정로데오거리,압구정로데오거리,POI071,KEY_3,1220035302,언주로,1220297300,신사동 668-7,127.0335562010961752_37.5223932298900777,1220050701,도산공원사거리,127.0339034599154076_37.5216159042956363,92.0,24.0,서행,127.0339034599154076_37.5216159042956363|127.0337308185268910_37.5219788135002474|127.0335562010961752_37.5223932298900777
2026-09-04T09:00:31.559343+09:00,압구정로데오거리,압구정로데오거리,POI071,KEY_3,1220035303,언주로,1220313800,신사동 668-7,127.0332157260252188_37.5243745199735770,1220052101,아트스페이스엣,127.0333258336318352_37.5231033777095533,142.0,20.0,서행,127.0333258336318352_37.5231033777095533|127.0332722300848047_37.5232958210834937|127.0332484370027544_37.5234974571660942|127.0332280489652561_37.5236702360984324|127.0332116195424987_37.5239537302291168|127.0332015337768610_37.5241277617779829|127.0332157260252188_37.5243745199735770
2026-09-04T09:00:31.559343+09:00,압구정로데오거리,압구정로데오거리,POI071,KEY_3,1220035304,언주로,1220057702,신사동668-7,127.0336604132832861_37.5278365649310217,1220056501,신구중학교,127.0336233748968766_37.5276208211924214,24.0,24.0,서행,127.0336233748968766_37.5276208211924214|127.0336604132832861_37.5278365649310217
2026-09-04T09:00:31.559343+09:00,압구정로데오거리,압구정로데오거리,POI071,KEY_3,1220035305,언주로,1220258700,신사동 668-7,127.0337520736678130_37.5283998550291500,1220057701,신사동668-7,127.0336782786004619_37.5279437530884863,51.0,20.0,서행,127.0336782786004619_37.5279437530884863|127.0337520736678130_37.5283998550291500
2026-09-04T09:00:31.559343+09:00,압구정로데오거리,압구정로데오거리,POI071,KEY_3,1220035402,선릉로,1220052204,학동사거리,127.0390861363866435_37.5232347757009777,1220053403,신한양빌딩,127.0395014174557389_37.5246137310738916,158.0,24.0,서행,127.0395014174557389_37.5246137310738916|127.0393335370945920_37.5241464881978999|127.0392926724511966_37.5240305434553036|127.0391660322892449_37.5236540272358496|127.0391045399377816_37.5234487055447730|127.0390861363866435_37.5232347757009777
2026-09-04T09:00:31.559343+09:00,압구정로데오거리,압구정로데오거리,POI071,KEY_3,1220035403,선릉로,1220315600,신사동 668-5,127.0397160678826936_37.5252354356371711,1220055403,신사동 668-5,127.0398860261996958_37.5257295332640268,57.0,26.0,원활,127.0398860261996958_37.5257295332640268|127.0397160678826936_37.5252354356371711
2026-09-04T09:00:31.559343+09:00,압구정로데오거리,압구정로데오거리,POI071,KEY_3,1220035404,선릉로,1220246500,신사동 668-5,127.0403281994726257_37.5269638204885396,1220057303,한양아파트앞교차로,127.0406204313811145_37.5277781125819700,94.0,24.0,서행,127.0406204313811145_37.5277781125819700|127.0403965205514112_37.5271541960037496|127.0403281994726257_37.5269638204885396
2026-09-04T09:00:31.559343+09:00,압구정로데오거리,압구정로데오거리,POI071,KEY_3,1220035501,선릉로,1220052702,키네마극장,127.0394238001620124_37.5240025656407425,1220052201,학동사거리,127.0392244122724463_37.5232604498081272,84.0,22.0,서행,127.0392244122724463_37.5232604498081272|127.0392392010293747_37.5234323545396080|127.0392976430606637_37.5236274895412407|127.0394238001620124_37.5240025656407425
2026-09-04T09:00:31.559343+09:00,압구정로데오거리,압구정로데오거리,POI071,KEY_3,1220035502,선릉로,1220053402,신한양빌딩,127.0396319308838002_37.5245839844116418,1220052701,키네마극장,127.0394640495580632_37.5241167418134012,54.0,17.0,서행,127.0394640495580632_37.5241167418134012|127.0396319308838002_37.5245839844116418
2026-09-04T09:00:31.559343+09:00,압구정로데오거리,압구정로데오거리,POI071,KEY_3,1220035503,선릉로,1220055402,청담동 139,127.0400167637479711_37.5257004062011887,1220053401,신한양빌딩,127.0396689596081785_37.5246892784528328,116.0,16.0,서행,127.0396689596081785_37.5246892784528328|127.0398469969231741_37.5252068677753172|127.0400167637479711_37.5257004062011887
2026-09-04T09:00:31.559343+09:00,압구정로데오거리,압구정로데오거리,POI071,KEY_3,1220035504,선릉로,1220248500,청담동 139,127.0402731815181454_37.5264170811549747,1220055401,청담동 139,127.0400533551005253_37.5258045248859986,71.0,18.0,서행,127.0400533551005253_37.5258045248859986|127.0402731815181454_37.5264170811549747
2026-09-04T09:00:31.559343+09:00,압구정로데오거리,압구정로데오거리,POI071,KEY_3,1220035802,압구정로,1220220700,청담동 145,127.0445468381688698_37.5267788078608433,1220056102,갤러리아주유소,127.0438011178044917_37.5269658372789365,69.0,22.0,서행,127.0438011178044917_37.5269658372789365|127.0445468381688698_37.5267788078608433
2026-09-04T09:00:31.559343+09:00,압구정로데오거리,압구정로데오거리,POI071,KEY_3,1220035803,압구정로,1220056103,갤러리아주유소,127.0436709090198946_37.5269988640954608,1220056302,압구정로데오역3번출구,127.0423691118125902_37.5273328330233085,121.0,33.0,원활,127.0423691118125902_37.5273328330233085|127.0431965413789044_37.5271205625181921|127.0436709090198946_37.5269988640954608
2026-09-04T09:00:31.559343+09:00,압구정로데오거리,압구정로데오거리,POI071,KEY_3,1220035804,압구정로,1220056303,압구정로데오역3번출구,127.0422397642238650_37.5273658980511087,1220057302,한양아파트앞교차로,127.0407498452267987_37.5277452900861377,138.0,41.0,원활,127.0407498452267987_37.5277452900861377|127.0422397642238650_37.5273658980511087
2026-09-04T09:00:31.559343+09:00,압구정로데오거리,압구정로데오거리,POI071,KEY_3,1220036201,압구정로,1220058902,치안센터,127.0352184421143562_37.5290634828765022,1220059002,성수대교남단교차로,127.0338689599890216_37.5291222776353735,120.0,20.0,서행,127.0338689599890216_37.5291222776353735|127.0344802556415260_37.5291188555326158|127.0348714559033141_37.5290974977561973|127.0352184421143562_37.5290634828765022
2026-09-04T09:00:31.559343+09:00,압구정로데오거리,압구정로데오거리,POI071,KEY_3,1220036202,압구정로,1220058802,디에이치갤러리,127.0357050675745256_37.5290007857834951,1220058902,치안센터,127.0352184421143562_37.5290634828765022,44.0,24.0,서행,127.0352184421143562_37.5290634828765022|127.0357050675745256_37.5290007857834951
2026-09-04T09:00:31.559343+09:00,압구정로데오거리,압구정로데오거리,POI071,KEY_3,1220036203,압구정로,1220058603,신사동 667-35,127.0368481916816137_37.5287559403852029,1220058801,디에이치갤러리,127.0358386033354350_37.5289791338340208,93.0,14.0,정체,127.0358386033354350_37.5289791338340208|127.0361848364311044_37.5289120558376936|127.0368481916816137_37.5287559403852029
2026-09-04T09:00:31.559343+09:00,압구정로데오거리,압구정로데오거리,POI071,KEY_3,1220036204,압구정로,1220058003,뉴스포유,127.0383098113258313_37.5283845789100567,1220058602,신사동 667-35,127.0369779457113566_37.5287241271574530,124.0,36.0,원활,127.0369779457113566_37.5287241271574530|127.0383098113258313_37.5283845789100567
2026-09-04T09:00:31.559343+09:00,압구정로데오거리,압구정로데오거리,POI071,KEY_3,1220036205,압구정로,1220057902,압구정로데오역6번출구,127.0391308114570563_37.5281543012393257,1220058002,뉴스포유,127.0384385465388561_37.5283499106960861,65.0,24.0,서행,127.0384385465388561_37.5283499106960861|127.0391308114570563_37.5281543012393257
2026-09-04T09:00:31.559343+09:00,압구정로데오거리,압구정로데오거리,POI071,KEY_3,1220036206,압구정로,1220235400,신사동 667-35,127.0398194246827615_37.5279804016432124,1220057902,압구정로데오역6번출구,127.0391308114570563_37.5281543012393257,64.0,19.0,서행,127.0391308114570563_37.5281543012393257|127.0398194246827615_37.5279804016432124
2026-09-04T09:00:31.559343+09:00,압구정로데오거리,압구정로데오거리,POI071,KEY_3,1220094200,언주로154길,1220052303,디아드아스턴갤러리,127.0340560504835707_37.5232158850870405,1220052102,아트스페이스엣,127.0333555975738022_37.5229965212493681,67.0,11.0,정체,127.0333555975738022_37.5229965212493681|127.0340560504835707_37.5232158850870405
2026-09-04T09:00:31.559343+09:00,압구정로데오거리,압구정로데오거리,POI071,KEY_3,1220094300,언주로154길,1220052101,아트스페이스엣,127.0333258336318352_37.5231033777095533,1220052304,디아드아스턴갤러리,127.0340516336079162_37.5233306796815853,69.0,16.0,서행,127.0340516336079162_37.5233306796815853|127.0333258336318352_37.5231033777095533
2026-09-04T09:00:31.559343+09:00,압구정로데오거리,압구정로데오거리,POI071,KEY_3,1220094600,도산대로45길,1220277300,신사동 668-46,127.0347080693143624_37.5234268215054954,1220052302,디아드아스턴갤러리,127.0341902263573672_37.5232584336002688,49.0,16.0,서행,127.0341902263573672_37.5232584336002688|127.0347080693143624_37.5234268215054954
2026-09-04T09:00:31.559343+09:00,압구정로데오거리,압구정로데오거리,POI071,KEY_3,1220094700,도산대로45길,1220052301,디아드아스턴갤러리,127.0341857886132289_37.5233737746786886,1220051501,메종에르메스박물관,127.0360029680279013_37.5222664581804750,272.0,12.0,정체,127.0360029680279013_37.5222664581804750|127.0352934199533905_37.5236579906133016|127.0351486410132509_37.5236868649660238|127.0346567586791764_37.5235269211159306|127.0341857886132289_37.5233737746786886
2026-09-04T09:00:31.559343+09:00,압구정로데오거리,압구정로데오거리,POI071,KEY_3,1220095300,선릉로152길,1220319500,청담동 139-1,127.0402782679631741_37.5241051716234963,1220052702,키네마극장,127.0394238001620124_37.5240025656407425,76.0,22.0,서행,127.0394238001620124_37.5240025656407425|127.0402782679631741_37.5241051716234963
2026-09-04T09:00:31.559343+09:00,압구정로데오거리,압구정로데오거리,POI071,KEY_3,1220095400,선릉로152길,1220319400,청담동 139-1,127.0402580301235815_37.5242120839654163,1220052401,청담동 77,127.0414412487968434_37.5235345793648207,176.0,17.5,서행,127.0414412487968434_37.5235345793648207|127.0413128808020531_37.5242458193041557|127.0412157654857310_37.5243077538981922|127.0411093794579500_37.5243143088269946|127.0402580301235815_37.5242120839654163
2026-09-04T09:00:31.559343+09:00,압구정로데오거리,압구정로데오거리,POI071,KEY_3,1220096100,도산대로49길,1220440700,신사동 668-24,127.0373908494422608_37.5232317047430755,1220051801,신사동 501-5,127.0374445169795194_37.5227330235805070,56.0,15.0,서행,127.0374445169795194_37.5227330235805070|127.0373908494422608_37.5232317047430755
2026-09-04T09:00:31.559343+09:00,압구정로데오거리,압구정로데오거리,POI071,KEY_3,1220096200,도산대로49길,1220388400,신사동 668-27,127.0387418603502709_37.5248916424388383,1220053404,신한양빌딩,127.0395380314040210_37.5247178461193727,73.0,14.0,정체,127.0395380314040210_37.5247178461193727|127.0389386031129675_37.5248486960011931|127.0387418603502709_37.5248916424388383
2026-09-04T09:00:31.559343+09:00,압구정로데오거리,압구정로데오거리,POI071,KEY_3,1220097800,압구정로60길,1220352200,청담동 139-1,127.0407503810591976_37.5255388039052349,1220055402,청담동 139,127.0400167637479711_37.5257004062011887,67.0,17.5,서행,127.0400167637479711_37.5257004062011887|127.0407503810591976_37.5255388039052349
2026-09-04T09:00:31.559343+09:00,압구정로데오거리,압구정로데오거리,POI071,KEY_3,1220097900,압구정로60길,1220206400,청담동 139-2,127.0420188424852199_37.5267405370192932,1220056303,압구정로데오역3번출구,127.0422397642238650_37.5273658980511087,72.0,9.0,정체,127.0422397642238650_37.5273658980511087|127.0420188424852199_37.5267405370192932
2026-09-04T09:00:31.559343+09:00,압구정로데오거리,압구정로데오거리,POI071,KEY_3,1220098000,압구정로42길,1220168900,신사동 636-8,127.0349921764483980_37.5272593817440381,1220057103,갤러리언플러그드,127.0351618412494759_37.5276887643753270,50.0,12.0,정체,127.0351618412494759_37.5276887643753270|127.0349921764483980_37.5272593817440381
2026-09-04T09:00:31.559343+09:00,압구정로데오거리,압구정로데오거리,POI071,KEY_3,1220098800,압구정로50길,1220192600,신사동 668-32,127.0380283676483515_37.5276082080590356,1220058003,뉴스포유,127.0383098113258313_37.5283845789100567,90.0,7.0,정체,127.0383098113258313_37.5283845789100567|127.0380283676483515_37.5276082080590356
2026-09-04T09:00:31.559343+09:00,압구정로데오거리,압구정로데오거리,POI071,KEY_3,1220100200,압구정로46길,1220198800,신사동 668-29,127.0368064909289245_37.5282459368945851,1220057102,갤러리언플러그드,127.0352917319595178_37.5276573064262138,224.0,7.0,정체,127.0352917319595178_37.5276573064262138|127.0363751056718939_37.5272684683231859|127.0364780446013810_37.5273012249340567|127.0368064909289245_37.5282459368945851
2026-09-04T09:00:31.559343+09:00,압구정로데오거리,압구정로데오거리,POI071,KEY_3,1220100300,압구정로46길,1220057101,갤러리언플러그드,127.0353333724486617_37.5277609530066627,1220058603,신사동 667-35,127.0368481916816137_37.5287559403852029,258.0,18.0,서행,127.0368481916816137_37.5287559403852029|127.0367790274979996_37.5285721153675809|127.0366756551665475_37.5282747888026975|127.0363679184725925_37.5273896408760095|127.0353333724486617_37.5277609530066627
2026-09-04T09:00:31.559343+09:00,압구정로데오거리,압구정로데오거리,POI071,KEY_3,1220101300,언주로172길,1220221600,신사동 668-31,127.0343366867367791_37.5277719336935860,1220057702,신사동668-7,127.0336604132832861_37.5278365649310217,60.0,16.0,서행,127.0336604132832861_37.5278365649310217|127.0343366867367791_37.5277719336935860
2026-09-04T09:00:31.559343+09:00,압구정로데오거리,압구정로데오거리,POI071,KEY_3,1220101400,언주로172길,1220221500,신사동 637-1,127.0343528619886087_37.5278792836731370,1220057104,갤러리언플러그드,127.0352036089228704_37.5277927638463282,76.0,17.0,서행,127.0352036089228704_37.5277927638463282|127.0350756293459966_37.5278102049535391|127.0343528619886087_37.5278792836731370
2026-09-04T09:00:31.559343+09:00,압구정로데오거리,압구정로데오거리,POI071,KEY_3,1220102100,압구정로42길,1220057104,갤러리언플러그드,127.0352036089228704_37.5277927638463282,1220058802,디에이치갤러리,127.0357050675745256_37.5290007857834951,141.0,12.0,정체,127.0357050675745256_37.5290007857834951|127.0356527222084253_37.5288599748930167|127.0353921213760771_37.5282524051063504|127.0352036089228704_37.5277927638463282
2026-09-04T09:00:31.559343+09:00,여의도,여의도,POI072,KEY_4,1180001501,경인로,1180034601,영등포고가차도(동측),126.9148856364626994_37.5201012797874753,1180038804,여의도교차로,126.9173326906496868_37.5216339050043644,275.0,40.0,원활,126.9173326906496868_37.5216339050043644|126.9148856364626994_37.5201012797874753
2026-09-04T09:00:31.559343+09:00,여의도,여의도,POI072,KEY_4,1180001601,경인로,1180038803,여의도교차로,126.9174065780712510_37.5215426374484053,1180034602,영등포고가차도(동측),126.9149485395489876_37.5200031329234420,276.0,19.0,서행,126.9149485395489876_37.5200031329234420|126.9174065780712510_37.5215426374484053
2026-09-04T09:00:31.559343+09:00,여의도,여의도,POI072,KEY_4,1180001900,여의대로,1180044402,여의도공원앞,126.9216257794162317_37.5243012223384227,1180047704,여의도동2-11,126.9258941441588888_37.5269761909264190,480.0,20.0,서행,126.9258941441588888_37.5269761909264190|126.9216257794162317_37.5243012223384227
2026-09-04T09:00:31.559343+09:00,여의도,여의도,POI072,KEY_4,1180002000,여의대로,1180047703,여의도동2-11,126.9259780906076145_37.5268912205965108,1180044401,여의도공원앞,126.9217097283597013_37.5242162542949913,480.0,20.0,서행,126.9217097283597013_37.5242162542949913|126.9259780906076145_37.5268912205965108
2026-09-04T09:00:31.559343+09:00,여의도,여의도,POI072,KEY_4,1180002300,여의대로,1180047701,여의도동2-11,126.9259994169464392_37.5270428260578939,1180050903,마포대교앞교차로,126.9293336830422589_37.5291760389837705,378.0,25.5,원활,126.9293336830422589_37.5291760389837705|126.9259994169464392_37.5270428260578939
2026-09-04T09:00:31.559343+09:00,여의도,여의도,POI072,KEY_4,1180002501,여의대로,1180050904,마포대교앞교차로,126.9294559117414423_37.5292538203661366,1180052400,마포대교,126.9307212821010751_37.5300463600273631,142.0,39.0,원활,126.9307212821010751_37.5300463600273631|126.9294559117414423_37.5292538203661366
2026-09-04T09:00:31.559343+09:00,여의도,여의도,POI072,KEY_4,1180002601,여의대로,1180051800,마포대교,126.9308059681326171_37.5299618570035207,1180050901,마포대교앞교차로,126.9295779021332464_37.5291926767471580,138.0,51.7,원활,126.9295779021332464_37.5291926767471580|126.9308059681326171_37.5299618570035207
2026-09-04T09:00:31.559343+09:00,여의도,여의도,POI072,KEY_4,1180002602,여의대로,1180263600,최소노드배치점,126.9340230665834355_37.5320236982424547,1180051800,마포대교,126.9308059681326171_37.5299618570035207,365.0,58.8,원활,126.9308059681326171_37.5299618570035207|126.9335784255592046_37.5317501054697615|126.9340230665834355_37.5320236982424547
2026-09-04T09:00:31.559343+09:00,여의도,여의도,POI072,KEY_4,1180017603,여의동로,1180231500,여의도동 53-19,126.9343504590003988_37.5174301373925374,1180029004,여의도성모병원앞교차로,126.9349411821330307_37.5176018532841411,58.0,32.0,원활,126.9349411821330307_37.5176018532841411|126.9348356152542294_37.5175085459307311|126.9346541232606143_37.5174549053414381|126.9343504590003988_37.5174301373925374
2026-09-04T09:00:31.559343+09:00,여의도,여의도,POI072,KEY_4,1180017604,여의동로,1180028007,여의교앞교차로,126.9287014635556687_37.5170854408198835,1180028005,여의도동7-1,126.9330688836831342_37.5173255987544749,388.0,20.0,서행,126.9330688836831342_37.5173255987544749|126.9328973427525256_37.5173116050715265|126.9294935445075794_37.5170570638274583|126.9289923768250787_37.5170379776801539|126.9287795609766931_37.5170601520838431|126.9287014635556687_37.5170854408198835
2026-09-04T09:00:31.559343+09:00,여의도,여의도,POI072,KEY_4,1180017701,여의동로,1180028004,여의도동7-1,126.9330827126799619_37.5172180403822111,1180028008,여의교앞교차로,126.9286343708705260_37.5169904528563194,396.0,24.0,서행,126.9286343708705260_37.5169904528563194|126.9287446293766948_37.5169547496645919|126.9289867718019735_37.5169295196363777|126.9295031352358762_37.5169491852132566|126.9329106012311854_37.5172040003699721|126.9330827126799619_37.5172180403822111
2026-09-04T09:00:31.559343+09:00,여의도,여의도,POI072,KEY_4,1180017702,여의동로,1180212400,여의도동 7-18,126.9341125889030053_37.5173020490113700,1180028003,여의도동7-1,126.9332227196865404_37.5172294613749528,79.0,7.0,정체,126.9332227196865404_37.5172294613749528|126.9341125889030053_37.5173020490113700
2026-09-04T09:00:31.559343+09:00,여의도,여의도,POI072,KEY_4,1180017801,여의동로,1180028009,여의교앞교차로,126.9284790582093052_37.5169816909920968,1180028502,여의도동 3-9,126.9263700646838942_37.5171809813683481,190.0,8.0,정체,126.9263700646838942_37.5171809813683481|126.9267092074073844_37.5171065648512680|126.9271923057624747_37.5170058728699303|126.9277377896163870_37.5169434538744397|126.9281694861959551_37.5169240690170369|126.9284790582093052_37.5169816909920968
2026-09-04T09:00:31.559343+09:00,여의도,여의도,POI072,KEY_4,1180017802,여의동로,1180028503,여의도동 3-9,126.9262093538062430_37.5172191529016956,1180005902,윤중중교,126.9243075012715991_37.5179017267780566,185.0,19.0,서행,126.9243075012715991_37.5179017267780566|126.9255065559263898_37.5174428120289818|126.9257850863195785_37.5173417407292575|126.9262093538062430_37.5172191529016956
2026-09-04T09:00:31.559343+09:00,여의도,여의도,POI072,KEY_4,1180017901,여의동로,1180028501,여의도동 3-9,126.9264061143659319_37.5172852192624120,1180028010,여의교앞교차로,126.9284949425250630_37.5170956809386524,189.0,29.0,원활,126.9284949425250630_37.5170956809386524|126.9281576212887757_37.5170328939948732|126.9277512856331498_37.5170511401386335|126.9272192236425525_37.5171120231464954|126.9267444154372555_37.5172109868474237|126.9264061143659319_37.5172852192624120
2026-09-04T09:00:31.559343+09:00,여의도,여의도,POI072,KEY_4,1180017902,여의동로,1180005901,윤중중교,126.9243662892942979_37.5179991816475678,1180028504,여의도동 3-9,126.9262556418987771_37.5173207931159425,183.0,23.3,서행,126.9262556418987771_37.5173207931159425|126.9258364480671446_37.5174419140978017|126.9255640934717064_37.5175407441088709|126.9243662892942979_37.5179991816475678
2026-09-04T09:00:31.559343+09:00,여의도,여의도,POI072,KEY_4,1180018603,여의동로,1180248600,여의도동 7-6,126.9406867369458780_37.5205161735924975,1180007003,시범아파트앞교차로,126.9402919444834907_37.5208989401789523,56.0,17.0,서행,126.9402919444834907_37.5208989401789523|126.9404650735248765_37.5207821875801457|126.9406178353196282_37.5206239357599500|126.9406867369458780_37.5205161735924975
2026-09-04T09:00:31.559343+09:00,여의도,여의도,POI072,KEY_4,1180018604,여의동로,1180029002,여의도성모병원앞교차로,126.9350997210679566_37.5175977027777066,1180029602,여의상류IC,126.9364758954819337_37.5177089882566790,126.0,8.0,정체,126.9364758954819337_37.5177089882566790|126.9353673171677030_37.5175347013783878|126.9351749655291002_37.5175478271988325|126.9350997210679566_37.5175977027777066
2026-09-04T09:00:31.559343+09:00,여의도,여의도,POI072,KEY_4,1180018605,여의동로,1180112400,여의도동 62,126.9372867645856218_37.5178660511535682,1180030304,여의상류IC,126.9386167973851798_37.5180766712669254,120.0,28.0,원활,126.9386167973851798_37.5180766712669254|126.9372923478496773_37.5178671325933735|126.9372867645856218_37.5178660511535682
2026-09-04T09:00:31.559343+09:00,여의도,여의도,POI072,KEY_4,1180018701,여의동로,1180029601,여의상류IC,126.9365050785440872_37.5176034226056245,1180029003,여의도성모병원앞교차로,126.9350199175880505_37.5175099394123706,136.0,31.0,원활,126.9350199175880505_37.5175099394123706|126.9351209053556602_37.5174430000204779|126.9353748169001506_37.5174256723693205|126.9365050785440872_37.5176034226056245
2026-09-04T09:00:31.559343+09:00,여의도,여의도,POI072,KEY_4,1180018702,여의동로,1180112500,여의도동 62,126.9373188332011750_37.5177609917576689,1180029601,여의상류IC,126.9365050785440872_37.5176034226056245,74.0,21.0,서행,126.9365050785440872_37.5176034226056245|126.9373188332011750_37.5177609917576689
2026-09-04T09:00:31.559343+09:00,여의도,여의도,POI072,KEY_4,1180018704,여의동로,1180032700,여의상류IC,126.9408644596989291_37.5190433065538684,1180030302,여의상류IC,126.9388089615749209_37.5179993865758163,226.0,31.0,원활,126.9388089615749209_37.5179993865758163|126.9395937035285726_37.5181361308751633|126.9396772958450867_37.5181625840344495|126.9398184957858717_37.5182072672049287|126.9400594148473544_37.5183033690800016|126.9402528860086647_37.5184268126401008|126.9402658425591568_37.5184356698263670|126.9404404017894734_37.5185549993626708|126.9406033172842569_37.5187003987944934|126.9407382129929545_37.5188571753253512|126.9407941985135011_37.5189357133389834|126.9408504409698537_37.5190146115958214|126.9408644596989291_37.5190433065538684
2026-09-04T09:00:31.559343+09:00,여의도,여의도,POI072,KEY_4,1180018705,여의동로,1180033601,여의상류IC,126.9410620352872030_37.5197641943777285,1180032700,여의상류IC,126.9408644596989291_37.5190433065538684,83.0,20.0,서행,126.9408644596989291_37.5190433065538684|126.9409385909511201_37.5191950815743880|126.9409922183505728_37.5193112485734019|126.9410273832007618_37.5194267107547716|126.9410583553759722_37.5195846269940034|126.9410620352872030_37.5197641943777285
2026-09-04T09:00:31.559343+09:00,여의도,여의도,POI072,KEY_4,1180018706,여의동로,1180248500,여의도동 7-5,126.9408076990061289_37.5205652394176070,1180033601,여의상류IC,126.9410620352872030_37.5197641943777285,92.0,29.0,원활,126.9410620352872030_37.5197641943777285|126.9410197256354849_37.5200367526254936|126.9409429071853452_37.5203021469964426|126.9408500463545408_37.5204990074997298|126.9408076990061289_37.5205652394176070
2026-09-04T09:00:31.559343+09:00,여의도,여의도,POI072,KEY_4,1180019001,의사당대로,1180028010,여의교앞교차로,126.9284949425250630_37.5170956809386524,1180030703,이마트(여의도점),126.9276237094474169_37.5180791890850927,134.0,16.0,서행,126.9276237094474169_37.5180791890850927|126.9282503724807043_37.5174250886371610|126.9284949425250630_37.5170956809386524
2026-09-04T09:00:31.559343+09:00,여의도,여의도,POI072,KEY_4,1180019002,의사당대로,1180030704,이마트(여의도점),126.9275405917458244_37.5181646802247997,1180032903,대한지적공사앞사거리,126.9264435973438907_37.5192761903987275,157.0,25.0,원활,126.9264435973438907_37.5192761903987275|126.9274241496460434_37.5182826651824399|126.9275405917458244_37.5181646802247997
2026-09-04T09:00:31.559343+09:00,여의도,여의도,POI072,KEY_4,1180019102,의사당대로,1180030701,속성변화점,126.9276473072265503_37.5182315002228179,1180028006,여의교앞교차로,126.9286026167275026_37.5171630582704978,146.0,11.0,정체,126.9286026167275026_37.5171630582704978|126.9283631364112210_37.5174856126007654|126.9277316183260922_37.5181447808652777|126.9276473072265503_37.5182315002228179
2026-09-04T09:00:31.559343+09:00,여의도,여의도,POI072,KEY_4,1180019103,의사당대로,1180158500,여의도동 4-6,126.9275308651327805_37.5183494852298693,1180030701,속성변화점,126.9276473072265503_37.5182315002228179,17.0,10.0,정체,126.9276473072265503_37.5182315002228179|126.9275308651327805_37.5183494852298693
2026-09-04T09:00:31.559343+09:00,여의도,여의도,POI072,KEY_4,1180019202,여의대방로,1180028006,여의교앞교차로,126.9286026167275026_37.5171630582704978,1180031509,인도네시아대사관,126.9306994439660485_37.5185627932675629,243.0,11.0,정체,126.9306994439660485_37.5185627932675629|126.9306031366086529_37.5185041290905232|126.9288757489613886_37.5174518878942251|126.9286828339483293_37.5172632357301907|126.9286026167275026_37.5171630582704978
2026-09-04T09:00:31.559343+09:00,여의도,여의도,POI072,KEY_4,1180019203,여의대방로,1180130400,여의도동 5,126.9313888868268947_37.5189843143560324,1180033009,여의도동 5,126.9319553324304906_37.5193307404292185,63.0,22.0,서행,126.9319553324304906_37.5193307404292185|126.9314871570067851_37.5190444147317379|126.9313888868268947_37.5189843143560324
2026-09-04T09:00:31.559343+09:00,여의도,여의도,POI072,KEY_4,1180019204,여의대방로,1180033006,여의도동 5,126.9320621848172266_37.5193974572135858,1180034404,한양아파트앞교차로,126.9328084183614891_37.5198734924336605,85.0,30.0,원활,126.9328084183614891_37.5198734924336605|126.9322735200188532_37.5195322726712277|126.9320621848172266_37.5193974572135858
2026-09-04T09:00:31.559343+09:00,여의도,여의도,POI072,KEY_4,1180019302,여의대방로,1180241400,여의도동 5,126.9306855951908375_37.5184182444828664,1180028007,여의교앞교차로,126.9287014635556687_37.5170854408198835,231.0,19.0,서행,126.9287014635556687_37.5170854408198835|126.9287930450981605_37.5171998112240601|126.9289709014987722_37.5173737371677518|126.9306855951908375_37.5184182444828664
2026-09-04T09:00:31.559343+09:00,여의도,여의도,POI072,KEY_4,1180019303,여의대방로,1180240900,여의도동 5,126.9315698250522786_37.5189586575812442,1180031507,인도네시아대사관,126.9308898838573612_37.5185428140672030,76.0,13.0,정체,126.9308898838573612_37.5185428140672030|126.9314715548845385_37.5188985573068834|126.9315698250522786_37.5189586575812442
2026-09-04T09:00:31.559343+09:00,여의도,여의도,POI072,KEY_4,1180019801,국제금융로,1180189600,여의도동 5-2,126.9338907798894240_37.5187863161933706,1180034403,한양아파트앞교차로,126.9328922937565949_37.5197884754386166,142.0,18.0,서행,126.9328922937565949_37.5197884754386166|126.9338907798894240_37.5187863161933706
2026-09-04T09:00:31.559343+09:00,여의도,여의도,POI072,KEY_4,1180019902,국제금융로,1180189700,여의도동 5-2,126.9339971083820728_37.5188535265460033,1180029001,여의도성모병원앞교차로,126.9350432370004853_37.5177398182181605,155.0,13.7,정체,126.9350432370004853_37.5177398182181605|126.9349629962171520_37.5178840506861349|126.9339971083820728_37.5188535265460033
2026-09-04T09:00:31.559343+09:00,여의도,여의도,POI072,KEY_4,1180020000,여의동로,1180005903,윤중중교,126.9241717358982697_37.5179543351309093,1180006402,윤중초교앞교차로,126.9206614835417213_37.5193540995263746,347.0,22.0,서행,126.9206614835417213_37.5193540995263746|126.9241717358982697_37.5179543351309093
2026-09-04T09:00:31.559343+09:00,여의도,여의도,POI072,KEY_4,1180020100,여의동로,1180006401,윤중초교앞교차로,126.9207650877759193_37.5194336994840612,1180005904,윤중중교,126.9242325042099822_37.5180510147375443,343.0,19.0,서행,126.9242325042099822_37.5180510147375443|126.9207650877759193_37.5194336994840612
2026-09-04T09:00:31.559343+09:00,여의도,여의도,POI072,KEY_4,1180020301,여의동로3길,1180031103,윤중중학교,126.9249231925236501_37.5183700829170732,1180005901,윤중중교,126.9243662892942979_37.5179991816475678,64.0,21.0,서행,126.9243662892942979_37.5179991816475678|126.9249231925236501_37.5183700829170732
2026-09-04T09:00:31.559343+09:00,여의도,여의도,POI072,KEY_4,1180020302,여의동로3길,1180032903,대한지적공사앞사거리,126.9264435973438907_37.5192761903987275,1180031102,윤중중학교,126.9250235086354763_37.5184328852547324,157.0,10.0,정체,126.9250235086354763_37.5184328852547324|126.9253760354125831_37.5186403507661197|126.9259317402423761_37.5189673840996818|126.9261792002282760_37.5191130130005561|126.9264435973438907_37.5192761903987275
2026-09-04T09:00:31.559343+09:00,여의도,여의도,POI072,KEY_4,1180021002,63로,1180166800,여의도동 50,126.9395653585884816_37.5205912479877313,1180007004,시범아파트앞교차로,126.9401991775211798_37.5209785278175971,71.0,21.0,서행,126.9401991775211798_37.5209785278175971|126.9395653585884816_37.5205912479877313
2026-09-04T09:00:31.559343+09:00,여의도,여의도,POI072,KEY_4,1180021101,63로,1180195300,여의도동 6,126.9380119529951827_37.5194963601287341,1180029002,여의도성모병원앞교차로,126.9350997210679566_37.5175977027777066,334.0,16.0,서행,126.9350997210679566_37.5175977027777066|126.9351839323089735_37.5177190713969679|126.9353248760758532_37.5178334697526950|126.9354925925652253_37.5179372646136571|126.9369440439217271_37.5188355036529302|126.9374483762469197_37.5191476033771139|126.9376362472135042_37.5192638637462252|126.9380119529951827_37.5194963601287341
2026-09-04T09:00:31.559343+09:00,여의도,여의도,POI072,KEY_4,1180022001,여의동로,1180006403,윤중초교앞교차로,126.9205331922790805_37.5194057557695260,1180034500,메리어트파크센터오피스텔,126.9191573972615572_37.5200167950090204,139.0,24.0,서행,126.9191573972615572_37.5200167950090204|126.9195487672864573_37.5198172756694817|126.9200046134281195_37.5196196313517518|126.9205331922790805_37.5194057557695260
2026-09-04T09:00:31.559343+09:00,여의도,여의도,POI072,KEY_4,1180022003,여의동로,1180034500,메리어트파크센터오피스텔,126.9191573972615572_37.5200167950090204,1180038708,서울교앞,126.9176384535335274_37.5212437352463297,193.0,30.0,원활,126.9176384535335274_37.5212437352463297|126.9177737130527390_37.5210708680828517|126.9180113765738440_37.5208237738386003|126.9182127611032485_37.5206509623871227|126.9184597884011652_37.5204519962155132|126.9185760471934401_37.5203706965029085|126.9188382590859732_37.5202048586976034|126.9191573972615572_37.5200167950090204
2026-09-04T09:00:31.559343+09:00,여의도,여의도,POI072,KEY_4,1180022004,여의동로,1180038709,서울교앞,126.9175660120804139_37.5213368385697237,1180038803,여의도교차로,126.9174065780712510_37.5215426374484053,27.0,26.0,원활,126.9174065780712510_37.5215426374484053|126.9175660120804139_37.5213368385697237
2026-09-04T09:00:31.559343+09:00,여의도,여의도,POI072,KEY_4,1180022101,여의동로,1180035807,KT여의도지점,126.9186604598271515_37.5204553701592047,1180006404,윤중초교앞교차로,126.9206365839930015_37.5194851920707038,206.0,15.0,서행,126.9206365839930015_37.5194851920707038|126.9200678162411009_37.5197153291130974|126.9196178727489439_37.5199104143355413|126.9192343336486459_37.5201057964449731|126.9189208570016234_37.5202906791802562|126.9186604598271515_37.5204553701592047
2026-09-04T09:00:31.559343+09:00,여의도,여의도,POI072,KEY_4,1180022103,여의동로,1180038707,서울교앞,126.9177536585469710_37.5213009209994013,1180035806,KT여의도지점,126.9185563083192676_37.5205280201315929,112.0,15.0,서행,126.9185563083192676_37.5205280201315929|126.9183107914376052_37.5207257702069512|126.9181152324778310_37.5208935825944394|126.9178854547087951_37.5211324807004090|126.9177536585469710_37.5213009209994013
2026-09-04T09:00:31.559343+09:00,여의도,여의도,POI072,KEY_4,1180022104,여의동로,1180038802,여의도교차로,126.9175141532534923_37.5216096736950604,1180038706,서울교앞,126.9176815364894821_37.5213936151355867,28.0,12.0,정체,126.9176815364894821_37.5213936151355867|126.9175141532534923_37.5216096736950604
2026-09-04T09:00:31.559343+09:00,여의도,여의도,POI072,KEY_4,1180022401,의사당대로,1180032904,대한지적공사앞사거리,126.9263598027269637_37.5193612539994206,1180035903,속성변화점,126.9253081000746164_37.5204308705330831,151.0,14.0,정체,126.9253081000746164_37.5204308705330831|126.9263598027269637_37.5193612539994206
2026-09-04T09:00:31.559343+09:00,여의도,여의도,POI072,KEY_4,1180022402,의사당대로,1180078600,여의도동 3-6,126.9246842218055917_37.5210726004608617,1180038903,여의도역앞교차로,126.9241769575183127_37.5215948246163791,73.0,13.0,정체,126.9241769575183127_37.5215948246163791|126.9246842218055917_37.5210726004608617
2026-09-04T09:00:31.559343+09:00,여의도,여의도,POI072,KEY_4,1180022501,의사당대로,1180035902,여의도동 3-6,126.9254149706603272_37.5204975359694970,1180032901,대한지적공사앞사거리,126.9264657832950292_37.5194288220322676,151.0,17.0,서행,126.9264657832950292_37.5194288220322676|126.9254149706603272_37.5204975359694970
2026-09-04T09:00:31.559343+09:00,여의도,여의도,POI072,KEY_4,1180022502,의사당대로,1180232200,여의도동 3-6,126.9249536728722347_37.5209718922338453,1180035901,여의도동 3-6,126.9253314029925406_37.5205830136610601,55.0,6.7,정체,126.9253314029925406_37.5205830136610601|126.9249536728722347_37.5209718922338453
2026-09-04T09:00:31.559343+09:00,여의도,여의도,POI072,KEY_4,1180022601,여의나루로,1180244800,여의도동 3,126.9215656689733720_37.5200967219306705,1180036804,광장아파트앞,126.9226527303322172_37.5207652863534591,121.0,22.0,서행,126.9226527303322172_37.5207652863534591|126.9217926969060244_37.5202363504555478|126.9215656689733720_37.5200967219306705
2026-09-04T09:00:31.559343+09:00,여의도,여의도,POI072,KEY_4,1180022602,여의나루로,1180036801,광장아파트앞,126.9227595051740991_37.5208320493825696,1180038904,여의도역앞교차로,126.9240944819508456_37.5216807302462740,151.0,9.0,정체,126.9240944819508456_37.5216807302462740|126.9230741785364529_37.5210320988540929|126.9227595051740991_37.5208320493825696
2026-09-04T09:00:31.559343+09:00,여의도,여의도,POI072,KEY_4,1180022701,여의나루로,1180194200,여의도동 3,126.9209663293650578_37.5195741533230844,1180006401,윤중초교앞교차로,126.9207650877759193_37.5194336994840612,24.0,8.0,정체,126.9207650877759193_37.5194336994840612|126.9208553341128010_37.5195030362503985|126.9209663293650578_37.5195741533230844
2026-09-04T09:00:31.559343+09:00,여의도,여의도,POI072,KEY_4,1180022702,여의나루로,1180124200,여의도동 3,126.9231588597579616_37.5209475952101101,1180036802,광장아파트앞,126.9228279546733376_37.5207372265233658,37.0,7.0,정체,126.9228279546733376_37.5207372265233658|126.9231588597579616_37.5209475952101101
2026-09-04T09:00:31.559343+09:00,여의도,여의도,POI072,KEY_4,1180022901,국제금융로8길,1180126900,여의도동 4,126.9279920585710784_37.5202627781520377,1180032902,대한지적공사앞사거리,126.9265496010735461_37.5193437320748941,163.0,17.0,서행,126.9265496010735461_37.5193437320748941|126.9269201916985708_37.5195875873130760|126.9272716623493835_37.5198188587192476|126.9273748360091219_37.5198841753130239|126.9279920585710784_37.5202627781520377
2026-09-04T09:00:31.559343+09:00,여의도,여의도,POI072,KEY_4,1180022903,국제금융로8길,1180234300,여의도동 4,126.9293196295517134_37.5210904417870239,1180036702,매일일보,126.9287164299037443_37.5207081885220788,68.0,19.0,서행,126.9287164299037443_37.5207081885220788|126.9293196295517134_37.5210904417870239
2026-09-04T09:00:31.559343+09:00,여의도,여의도,POI072,KEY_4,1180022904,국제금융로8길,1180040203,수정아파트앞교차로,126.9307509889043502_37.5219799273467487,1180038602,한국금융증권,126.9299951560938382_37.5215173870643000,84.0,10.0,정체,126.9299951560938382_37.5215173870643000|126.9307509889043502_37.5219799273467487
2026-09-04T09:00:31.559343+09:00,여의도,여의도,POI072,KEY_4,1180023002,국제금융로,1180034404,한양아파트앞교차로,126.9328084183614891_37.5198734924336605,1180040203,수정아파트앞교차로,126.9307509889043502_37.5219799273467487,296.0,9.0,정체,126.9307509889043502_37.5219799273467487|126.9318322407762167_37.5208729407229455|126.9328084183614891_37.5198734924336605
2026-09-04T09:00:31.559343+09:00,여의도,여의도,POI072,KEY_4,1180023102,국제금융로,1180122200,여의도동 4-2,126.9319393819449289_37.5209393298269305,1180034401,한양아파트앞교차로,126.9329147543003131_37.5199407045290272,140.0,18.5,서행,126.9329147543003131_37.5199407045290272|126.9319393819449289_37.5209393298269305
2026-09-04T09:00:31.559343+09:00,여의도,여의도,POI072,KEY_4,1180023802,여의대방로,1180148700,여의도동 5,126.9332535039271335_37.5201528891288518,1180036504,삼익아파트,126.9340675747020981_37.5206627945251299,92.0,12.0,정체,126.9340675747020981_37.5206627945251299|126.9337093608596518_37.5204384234820338|126.9332535039271335_37.5201528891288518
2026-09-04T09:00:31.559343+09:00,여의도,여의도,POI072,KEY_4,1180023803,여의대방로,1180089000,여의도동 5,126.9348014519769947_37.5211250042198898,1180038402,원효대교(남측),126.9354288936371944_37.5215199968422155,71.0,16.0,서행,126.9354288936371944_37.5215199968422155|126.9354064649786693_37.5215062088296207|126.9349318528382327_37.5212071673588810|126.9348014519769947_37.5211250042198898
2026-09-04T09:00:31.559343+09:00,여의도,여의도,POI072,KEY_4,1180023804,여의대방로,1180038402,원효대교(남측),126.9354288936371944_37.5215199968422155,1180007603,원효대교앞교차로,126.9376993931907123_37.5229058691159025,253.0,20.0,서행,126.9376993931907123_37.5229058691159025|126.9367576606416321_37.5223368743102839|126.9354288936371944_37.5215199968422155
2026-09-04T09:00:31.559343+09:00,여의도,여의도,POI072,KEY_4,1180023902,여의대방로,1180148600,여의도동 5,126.9333374148772862_37.5200679006656301,1180034402,한양아파트앞교차로,126.9329986208068846_37.5198556883736742,38.0,35.0,원활,126.9329986208068846_37.5198556883736742|126.9333374148772862_37.5200679006656301
2026-09-04T09:00:31.559343+09:00,여의도,여의도,POI072,KEY_4,1180023904,여의대방로,1180007602,원효대교앞교차로,126.9377991695937595_37.5228304435030964,1180038401,원효대교(남측),126.9355118374576392_37.5214344074539099,255.0,17.5,서행,126.9355118374576392_37.5214344074539099|126.9368401546675926_37.5222510078583156|126.9377991695937595_37.5228304435030964
2026-09-04T09:00:31.559343+09:00,여의도,여의도,POI072,KEY_4,1180024601,여의동로,1180007004,시범아파트앞교차로,126.9401991775211798_37.5209785278175971,1180007602,원효대교앞교차로,126.9377991695937595_37.5228304435030964,295.0,30.0,원활,126.9377991695937595_37.5228304435030964|126.9394041207515187_37.5216176335209894|126.9401086909208090_37.5210660656542530|126.9401991775211798_37.5209785278175971
2026-09-04T09:00:31.559343+09:00,여의도,여의도,POI072,KEY_4,1180024701,여의동로,1180039300,원효대교(남측),126.9394984211137256_37.5216954122665811,1180007001,시범아파트앞교차로,126.9403039746038786_37.5210472508129982,101.0,18.0,서행,126.9403039746038786_37.5210472508129982|126.9402089441002488_37.5211391841689448|126.9394984211137256_37.5216954122665811
2026-09-04T09:00:31.559343+09:00,여의도,여의도,POI072,KEY_4,1180024702,여의동로,1180007601,원효대교앞교차로,126.9379087682920613_37.5228966618330730,1180039300,원효대교(남측),126.9394984211137256_37.5216954122665811,194.0,33.0,원활,126.9394984211137256_37.5216954122665811|126.9379087682920613_37.5228966618330730
2026-09-04T09:00:31.559343+09:00,여의도,여의도,POI072,KEY_4,1180025002,여의서로,1180038804,여의도교차로,126.9173326906496868_37.5216339050043644,1180042903,한국방송공사앞,126.9160598886022484_37.5232024405971387,207.0,7.0,정체,126.9160598886022484_37.5232024405971387|126.9162278121554834_37.5229759399330192|126.9171281270170084_37.5218737751130362|126.9173326906496868_37.5216339050043644
2026-09-04T09:00:31.559343+09:00,여의도,여의도,POI072,KEY_4,1180025102,여의서로,1180042902,한국방송공사앞,126.9161767807363361_37.5232574156796943,1180038801,여의도교차로,126.9174398834116033_37.5217006351711717,206.0,25.0,원활,126.9174398834116033_37.5217006351711717|126.9172411767066819_37.5219336377009398|126.9163432053984479_37.5230329362404262|126.9161767807363361_37.5232574156796943
2026-09-04T09:00:31.559343+09:00,여의도,여의도,POI072,KEY_4,1180026401,여의나루로,1180038901,여의도역앞교차로,126.9242012582014354_37.5217475240258054,1180041304,여의도포스트타워,126.9255002248636544_37.5225475166510023,145.0,9.0,정체,126.9255002248636544_37.5225475166510023|126.9242012582014354_37.5217475240258054
2026-09-04T09:00:31.559343+09:00,여의도,여의도,POI072,KEY_4,1180026402,여의나루로,1180041301,여의도포스트타워,126.9256078753944763_37.5226133831529864,1180042304,여의도우체국,126.9263084504317050_37.5230392405150965,78.0,20.0,서행,126.9263084504317050_37.5230392405150965|126.9256078753944763_37.5226133831529864
2026-09-04T09:00:31.559343+09:00,여의도,여의도,POI072,KEY_4,1180026403,여의나루로,1180125200,여의도동 3,126.9273055137644377_37.5236590158115035,1180008104,한국거래소교차로,126.9284262911522063_37.5243565376483375,126.0,17.0,서행,126.9284262911522063_37.5243565376483375|126.9273055137644377_37.5236590158115035
2026-09-04T09:00:31.559343+09:00,여의도,여의도,POI072,KEY_4,1180026501,여의나루로,1180041302,속성변화점,126.9256902342329596_37.5225274343242958,1180038902,여의도역앞교차로,126.9242837002947937_37.5216616256273028,157.0,20.0,서행,126.9242837002947937_37.5216616256273028|126.9255832614961861_37.5224619830475987|126.9256902342329596_37.5225274343242958
2026-09-04T09:00:31.559343+09:00,여의도,여의도,POI072,KEY_4,1180026502,여의나루로,1180042303,여의도우체국,126.9263908079338563_37.5229532919718807,1180041302,속성변화점,126.9256902342329596_37.5225274343242958,78.0,11.0,정체,126.9256902342329596_37.5225274343242958|126.9263908079338563_37.5229532919718807
2026-09-04T09:00:31.559343+09:00,여의도,여의도,POI072,KEY_4,1180026503,여의나루로,1180125300,여의도동 3,126.9273890984019033_37.5235738209484921,1180042302,여의도우체국,126.9264982473671637_37.5230193781161319,100.0,19.0,서행,126.9264982473671637_37.5230193781161319|126.9273890984019033_37.5235738209484921
2026-09-04T09:00:31.559343+09:00,여의도,여의도,POI072,KEY_4,1180026601,국제금융로,1180040204,수정아파트앞교차로,126.9306672829337828_37.5220650517832723,1180042603,동서빌딩,126.9296216888965887_37.5231213788522311,149.0,25.0,원활,126.9296216888965887_37.5231213788522311|126.9306672829337828_37.5220650517832723
2026-09-04T09:00:31.559343+09:00,여의도,여의도,POI072,KEY_4,1180026602,국제금융로,1180042604,동서빌딩,126.9295381668630398_37.5232067155673192,1180008103,한국거래소교차로,126.9285092333859524_37.5242709429893537,149.0,24.0,서행,126.9285092333859524_37.5242709429893537|126.9295381668630398_37.5232067155673192
2026-09-04T09:00:31.559343+09:00,여의도,여의도,POI072,KEY_4,1180026701,국제금융로,1180008102,한국거래소교차로,126.9286163016688818_37.5243374139891230,1180040201,수정아파트앞교차로,126.9307745811657071_37.5221312878077455,310.0,13.0,정체,126.9307745811657071_37.5221312878077455|126.9297282923670735_37.5231883182878576|126.9296457226009380_37.5232726808345376|126.9286163016688818_37.5243374139891230
2026-09-04T09:00:31.559343+09:00,여의도,여의도,POI072,KEY_4,1180027001,국제금융로7길,1180081300,여의도동 3-1,126.9318327118790393_37.5227902671910627,1180042104,여의도한양아파트,126.9319322430067700_37.5228522517926564,11.0,9.0,정체,126.9319322430067700_37.5228522517926564|126.9318327118790393_37.5227902671910627
2026-09-04T09:00:31.559343+09:00,여의도,여의도,POI072,KEY_4,1180027002,국제금융로7길,1180170400,여의도동 30-2,126.9333111517824335_37.5237035923319837,1180008203,여의도선착장앞교차로,126.9351237113233424_37.5248540733071394,205.0,17.0,서행,126.9351237113233424_37.5248540733071394|126.9347308471132010_37.5245861791715924|126.9341471467802336_37.5242210350281624|126.9339693179029922_37.5241097897212015|126.9335585427071464_37.5238562744125730|126.9333111517824335_37.5237035923319837
2026-09-04T09:00:31.559343+09:00,여의도,여의도,POI072,KEY_4,1180027101,국제금융로7길,1180125900,여의도동 4,126.9311872674100243_37.5222510530704270,1180040202,수정아파트앞교차로,126.9308582797666531_37.5220461648026387,37.0,20.0,서행,126.9308582797666531_37.5220461648026387|126.9311872674100243_37.5222510530704270
2026-09-04T09:00:31.559343+09:00,여의도,여의도,POI072,KEY_4,1180027102,국제금융로7길,1180198500,여의도동 4,126.9326315429515404_37.5231473697622491,1180042102,여의도한양아파트,126.9321229804287583_37.5228334900583178,57.0,13.0,정체,126.9321229804287583_37.5228334900583178|126.9326315429515404_37.5231473697622491
2026-09-04T09:00:31.559343+09:00,여의도,여의도,POI072,KEY_4,1180027601,여의동로,1180007603,원효대교앞교차로,126.9376993931907123_37.5229058691159025,1180008202,여의도선착장앞교차로,126.9352222439933087_37.5247789291314646,302.0,20.0,서행,126.9352222439933087_37.5247789291314646|126.9376993931907123_37.5229058691159025
2026-09-04T09:00:31.559343+09:00,여의도,여의도,POI072,KEY_4,1180027701,여의동로,1180044300,원효대교(남측),126.9363222446695119_37.5240962818884185,1180007604,원효대교앞교차로,126.9378089860223895_37.5229720840527037,181.0,45.0,원활,126.9378089860223895_37.5229720840527037|126.9363222446695119_37.5240962818884185
2026-09-04T09:00:31.559343+09:00,여의도,여의도,POI072,KEY_4,1180027702,여의동로,1180008201,여의도선착장앞교차로,126.9353157098191645_37.5248573421928668,1180044300,원효대교(남측),126.9363222446695119_37.5240962818884185,123.0,17.0,서행,126.9363222446695119_37.5240962818884185|126.9353157098191645_37.5248573421928668
2026-09-04T09:00:31.559343+09:00,여의도,여의도,POI072,KEY_4,1180028200,의사당대로,1180042502,여의도지하차도(남측),126.9230739462851005_37.5227496061812005,1180009003,여의도지하차도(북측),126.9191150291965613_37.5267392953712999,564.0,37.3,원활,126.9191150291965613_37.5267392953712999|126.9201443506246108_37.5257459991238065|126.9212525207885562_37.5245910783263668|126.9219274569347249_37.5239031931689340|126.9230739462851005_37.5227496061812005
2026-09-04T09:00:31.559343+09:00,여의도,여의도,POI072,KEY_4,1180028801,여의공원로,1180119800,한국방송공사앞교차로,126.9162376982854141_37.5234303290582289,1180045104,여의도동 2-11,126.9185848101250258_37.5248548993062059,261.0,10.0,정체,126.9185848101250258_37.5248548993062059|126.9162376982854141_37.5234303290582289
2026-09-04T09:00:31.559343+09:00,여의도,여의도,POI072,KEY_4,1180028802,여의공원로,1180045101,여의도동 2-11,126.9186925033394289_37.5249207467094124,1180046204,여의도공원사거리,126.9200468517650648_37.5257551569498133,151.0,14.0,정체,126.9200468517650648_37.5257551569498133|126.9186925033394289_37.5249207467094124
2026-09-04T09:00:31.559343+09:00,여의도,여의도,POI072,KEY_4,1180028902,여의공원로,1180045103,여의도동 2-11,126.9186670908712671_37.5247689025059827,1180042902,한국방송공사앞,126.9161767807363361_37.5232574156796943,277.0,23.3,서행,126.9161767807363361_37.5232574156796943|126.9163199805120570_37.5233443334696943|126.9186670908712671_37.5247689025059827
2026-09-04T09:00:31.559343+09:00,여의도,여의도,POI072,KEY_4,1180028903,여의공원로,1180046203,여의도공원사거리,126.9201299129616700_37.5256696373191119,1180045102,여의도동 2-11,126.9187755656427044_37.5248352275160784,151.0,32.3,원활,126.9187755656427044_37.5248352275160784|126.9201299129616700_37.5256696373191119
2026-09-04T09:00:31.559343+09:00,여의도,여의도,POI072,KEY_4,1180029201,여의서로,1180042904,한국방송공사앞,126.9159903931043800_37.5232960347716684,1180046803,KBS기술연구소,126.9141488563772526_37.5260216283162720,344.0,23.0,서행,126.9141488563772526_37.5260216283162720|126.9145825675221744_37.5253904618593026|126.9155125095740289_37.5239458188810460|126.9158732772367273_37.5234535696549258|126.9159903931043800_37.5232960347716684
2026-09-04T09:00:31.559343+09:00,여의도,여의도,POI072,KEY_4,1180029202,여의서로,1180046804,KBS기술연구소,126.9140828054650996_37.5261159127207975,1180047803,의원회관앞교차로,126.9135274643399640_37.5268977275474711,100.0,23.0,서행,126.9135274643399640_37.5268977275474711|126.9140828054650996_37.5261159127207975
2026-09-04T09:00:31.559343+09:00,여의도,여의도,POI072,KEY_4,1180029301,여의서로,1180046802,KBS기술연구소,126.9142679428666298_37.5260735354667077,1180042901,한국방송공사앞,126.9161072016457155_37.5233511216727109,343.0,31.0,원활,126.9161072016457155_37.5233511216727109|126.9159903024120695_37.5235083663165980|126.9156316188370539_37.5239977738216837|126.9147025329317984_37.5254410884652785|126.9142679428666298_37.5260735354667077
2026-09-04T09:00:31.559343+09:00,여의도,여의도,POI072,KEY_4,1180029302,여의서로,1180047802,의원회관앞교차로,126.9136394602196987_37.5269596416603761,1180046801,KBS기술연구소,126.9142009634784500_37.5261691500808396,101.0,9.0,정체,126.9142009634784500_37.5261691500808396|126.9136394602196987_37.5269596416603761
2026-09-04T09:00:31.559343+09:00,여의도,여의도,POI072,KEY_4,1180030202,국제금융로,1180008104,한국거래소교차로,126.9284262911522063_37.5243565376483375,1180045503,콘래드호텔,126.9275656592524513_37.5252426866880526,124.0,12.0,정체,126.9275656592524513_37.5252426866880526|126.9284262911522063_37.5243565376483375
2026-09-04T09:00:31.559343+09:00,여의도,여의도,POI072,KEY_4,1180030203,국제금융로,1180045504,콘래드호텔,126.9274823003491548_37.5253285166201778,1180047403,파크원타워1,126.9262943673228676_37.5265516473403409,172.0,22.5,서행,126.9262943673228676_37.5265516473403409|126.9274823003491548_37.5253285166201778
2026-09-04T09:00:31.559343+09:00,여의도,여의도,POI072,KEY_4,1180030302,국제금융로,1180047402,파크원타워1,126.9263987935073459_37.5266208412980191,1180008101,한국거래소교차로,126.9285333597918708_37.5244230074264635,308.0,8.0,정체,126.9285333597918708_37.5244230074264635|126.9276730373239701_37.5253088391501777|126.9275896799517085_37.5253946687649673|126.9263987935073459_37.5266208412980191
2026-09-04T09:00:31.559343+09:00,여의도,여의도,POI072,KEY_4,1180030402,여의나루로,1180153000,여의도동 3,126.9295910888797891_37.5250780460679465,1180045704,삼부아파트,126.9301223210420062_37.5254070237092776,59.0,13.3,정체,126.9301223210420062_37.5254070237092776|126.9295910888797891_37.5250780460679465
2026-09-04T09:00:31.559343+09:00,여의도,여의도,POI072,KEY_4,1180030403,여의나루로,1180171700,여의도동 3,126.9321280963523151_37.5266567883219651,1180009103,여의중고교앞교차로,126.9324772431698278_37.5268743677158270,39.0,13.7,정체,126.9324772431698278_37.5268743677158270|126.9323539014093285_37.5267975045387630|126.9321280963523151_37.5266567883219651
2026-09-04T09:00:31.559343+09:00,여의도,여의도,POI072,KEY_4,1180030501,여의나루로,1180045703,삼부아파트,126.9302056495171200_37.5253216690245637,1180008102,한국거래소교차로,126.9286163016688818_37.5243374139891230,178.0,8.0,정체,126.9286163016688818_37.5243374139891230|126.9290852126952274_37.5246278072283701|126.9296744175930627_37.5249926917535461|126.9302056495171200_37.5253216690245637
2026-09-04T09:00:31.559343+09:00,여의도,여의도,POI072,KEY_4,1180030502,여의나루로,1180105800,여의도동 3,126.9316958645969038_37.5262501446870687,1180045702,삼부아파트,126.9303133224847642_37.5253885442037927,155.0,4.0,정체,126.9303133224847642_37.5253885442037927|126.9316958645969038_37.5262501446870687
2026-09-04T09:00:31.559343+09:00,여의도,여의도,POI072,KEY_4,1180030800,여의동로,1180008203,여의도선착장앞교차로,126.9351237113233424_37.5248540733071394,1180009102,여의중고교앞교차로,126.9325768880587333_37.5267991798270799,312.0,32.0,원활,126.9325768880587333_37.5267991798270799|126.9340880918445009_37.5256494381100225|126.9351237113233424_37.5248540733071394
2026-09-04T09:00:31.559343+09:00,여의도,여의도,POI072,KEY_4,1180030900,여의동로,1180009101,여의중고교앞교차로,126.9326849274163322_37.5268665066546987,1180008204,여의도선착장앞교차로,126.9352179426163758_37.5249319019633703,310.0,12.0,정체,126.9352179426163758_37.5249319019633703|126.9341820940272072_37.5257274434280319|126.9326849274163322_37.5268665066546987
2026-09-04T09:00:31.559343+09:00,여의도,여의도,POI072,KEY_4,1180031200,의사당대로,1180046204,여의도공원사거리,126.9200468517650648_37.5257551569498133,1180009003,여의도지하차도(북측),126.9191150291965613_37.5267392953712999,138.0,25.5,원활,126.9191150291965613_37.5267392953712999|126.9191933704532005_37.5265787675293083|126.9200468517650648_37.5257551569498133
2026-09-04T09:00:31.559343+09:00,여의도,여의도,POI072,KEY_4,1180031300,의사당대로,1180009002,여의도지하차도(북측),126.9192224605303210_37.5268054826268056,1180046201,여의도공원사거리,126.9202613782381377_37.5258878549948420,138.0,30.0,원활,126.9202613782381377_37.5258878549948420|126.9194027746886633_37.5267164115458911|126.9192224605303210_37.5268054826268056
2026-09-04T09:00:31.559343+09:00,여의도,여의도,POI072,KEY_4,1180031402,국회대로,1180046001,여의2교남단교차로,126.9110548372880771_37.5257645667991255,1180047804,의원회관앞교차로,126.9134650625379095_37.5269942928087872,253.0,22.0,서행,126.9134650625379095_37.5269942928087872|126.9110548372880771_37.5257645667991255
2026-09-04T09:00:31.559343+09:00,여의도,여의도,POI072,KEY_4,1180031502,국회대로,1180047803,의원회관앞교차로,126.9135274643399640_37.5268977275474711,1180046002,여의2교남단교차로,126.9111139413039098_37.5256663196409335,253.0,13.0,정체,126.9111139413039098_37.5256663196409335|126.9135274643399640_37.5268977275474711
2026-09-04T09:00:31.559343+09:00,여의도,여의도,POI072,KEY_4,1180031700,여의대방로,1180263900,최소노드배치점,126.9423668339206870_37.5252518313100794,1180043100,원효대교남단,126.9389194214592607_37.5234603791527448,364.0,57.0,원활,126.9389194214592607_37.5234603791527448|126.9423668339206870_37.5252518313100794
2026-09-04T09:00:31.559343+09:00,여의도,여의도,POI072,KEY_4,1180032200,여의공원로,1180046201,여의도공원사거리,126.9202613782381377_37.5258878549948420,1180009504,여의도공원앞교차로,126.9243788044885548_37.5284488470021884,462.0,26.0,원활,126.9243788044885548_37.5284488470021884|126.9229106898593642_37.5275333155708140|126.9202613782381377_37.5258878549948420
2026-09-04T09:00:31.559343+09:00,여의도,여의도,POI072,KEY_4,1180032300,여의공원로,1180009503,여의도공원앞교차로,126.9244625001170590_37.5283637182862293,1180046202,여의도공원사거리,126.9203448630397020_37.5258025956584831,462.0,18.0,서행,126.9203448630397020_37.5258025956584831|126.9229942795348052_37.5274481218260405|126.9244625001170590_37.5283637182862293
2026-09-04T09:00:31.559343+09:00,여의도,여의도,POI072,KEY_4,1180033000,의사당대로,1180009004,여의도지하차도(북측),126.9190308136938512_37.5268240980039991,1180050803,국회의사당앞교차로,126.9169751671367123_37.5289842081922771,301.0,19.0,서행,126.9169751671367123_37.5289842081922771|126.9190308136938512_37.5268240980039991
2026-09-04T09:00:31.559343+09:00,여의도,여의도,POI072,KEY_4,1180033100,의사당대로,1180050802,국회의사당앞교차로,126.9170828781558384_37.5290500254580905,1180009001,여의도지하차도(북측),126.9191381861277392_37.5268902681428855,301.0,11.5,정체,126.9191381861277392_37.5268902681428855|126.9170828781558384_37.5290500254580905
2026-09-04T09:00:31.559343+09:00,여의도,여의도,POI072,KEY_4,1180033202,국회대로,1180138900,여의도동 1-1,126.9158268605278437_37.5284233742115916,1180050804,국회의사당앞교차로,126.9168928924711679_37.5290702119511366,118.0,21.0,서행,126.9168928924711679_37.5290702119511366|126.9165053994318129_37.5288350946524574|126.9158268605278437_37.5284233742115916
2026-09-04T09:00:31.559343+09:00,여의도,여의도,POI072,KEY_4,1180033301,국회대로,1180049103,키즈TV,126.9154773852716289_37.5280753781942735,1180047802,의원회관앞교차로,126.9136394602196987_37.5269596416603761,204.0,37.3,원활,126.9136394602196987_37.5269596416603761|126.9146393203885879_37.5275666275930178|126.9150824738661498_37.5278356472698889|126.9154773852716289_37.5280753781942735
2026-09-04T09:00:31.559343+09:00,여의도,여의도,POI072,KEY_4,1180033302,국회대로,1180115400,여의도동 1-1,126.9165876741060259_37.5287490912861017,1180049102,키즈TV,126.9155853725793577_37.5281409178062191,111.0,16.0,서행,126.9155853725793577_37.5281409178062191|126.9159091352979658_37.5283373715814861|126.9165876741060259_37.5287490912861017
2026-09-04T09:00:31.559343+09:00,여의도,여의도,POI072,KEY_4,1180033401,여의동로,1180009103,여의중고교앞교차로,126.9324772431698278_37.5268743677158270,1180049402,여의동로삼거리,126.9306888510367770_37.5282400464787358,219.0,7.0,정체,126.9306888510367770_37.5282400464787358|126.9316099219255705_37.5275248241457220|126.9324772431698278_37.5268743677158270
2026-09-04T09:00:31.559343+09:00,여의도,여의도,POI072,KEY_4,1180033402,여의동로,1180049403,여의동로삼거리,126.9305906868378742_37.5283161715650735,1180050701,마포대교앞,126.9298855635072698_37.5288624491009486,87.0,18.0,서행,126.9298855635072698_37.5288624491009486|126.9305906868378742_37.5283161715650735
2026-09-04T09:00:31.559343+09:00,여의도,여의도,POI072,KEY_4,1180033501,여의동로,1180050000,마포대교남측,126.9304020221015321_37.5286131745307898,1180009104,여의중고교앞교차로,126.9325853985016863_37.5269417668937137,268.0,25.0,원활,126.9325853985016863_37.5269417668937137|126.9317038491518019_37.5276028935370434|126.9307836236958451_37.5283174604033363|126.9306853496340324_37.5283936719680753|126.9304020221015321_37.5286131745307898
2026-09-04T09:00:31.559343+09:00,여의도,여의도,POI072,KEY_4,1180033503,여의동로,1180050901,마포대교앞교차로,126.9295779021332464_37.5291926767471580,1180050000,마포대교남측,126.9304020221015321_37.5286131745307898,97.0,16.0,서행,126.9304020221015321_37.5286131745307898|126.9299369050538218_37.5289735100707489|126.9295779021332464_37.5291926767471580
2026-09-04T09:00:31.559343+09:00,여의도,여의도,POI072,KEY_4,1180033600,은행로,1180216900,여의도동 1-5,126.9219173698385248_37.5285968839280102,1180009804,신한일보,126.9233585883312401_37.5295063067986732,163.0,18.3,서행,126.9233585883312401_37.5295063067986732|126.9219173698385248_37.5285968839280102
2026-09-04T09:00:31.559343+09:00,여의도,여의도,POI072,KEY_4,1180033700,은행로,1180009803,신한일보,126.9234414497844057_37.5294206483528754,1180009002,여의도지하차도(북측),126.9192224605303210_37.5268054826268056,473.0,20.0,서행,126.9192224605303210_37.5268054826268056|126.9195732675343748_37.5270189229749036|126.9202338553054545_37.5274208360670514|126.9208296717275886_37.5277833342574425|126.9213053103871687_37.5280727109073098|126.9214090375718911_37.5281381664055473|126.9220016795030261_37.5285121403360407|126.9234414497844057_37.5294206483528754
2026-09-04T09:00:31.559343+09:00,여의도,여의도,POI072,KEY_4,1180034400,국회대로76길,1180009504,여의도공원앞교차로,126.9243788044885548_37.5284488470021884,1180009803,신한일보,126.9234414497844057_37.5294206483528754,136.0,17.0,서행,126.9234414497844057_37.5294206483528754|126.9243788044885548_37.5284488470021884
2026-09-04T09:00:31.559343+09:00,여의도,여의도,POI072,KEY_4,1180034500,국회대로76길,1180009802,신한일보,126.9235485328000550_37.5294871131787886,1180009501,여의도공원앞교차로,126.9244851749435838_37.5285160491735326,136.0,11.0,정체,126.9244851749435838_37.5285160491735326|126.9235485328000550_37.5294871131787886
2026-09-04T09:00:31.559343+09:00,여의도,여의도,POI072,KEY_4,1180034801,여의공원로,1180009501,여의도공원앞교차로,126.9244851749435838_37.5285160491735326,1180051204,국민일보본사,126.9257155110862811_37.5293031839462898,139.0,17.0,서행,126.9257155110862811_37.5293031839462898|126.9244851749435838_37.5285160491735326
2026-09-04T09:00:31.559343+09:00,여의도,여의도,POI072,KEY_4,1180034802,여의공원로,1180051201,국민일보본사,126.9258217891435123_37.5293704606697105,1180052803,여의도동 8-1,126.9270735891385158_37.5301791716015671,143.0,24.0,서행,126.9270735891385158_37.5301791716015671|126.9269146142970186_37.5300549037916227|126.9258217891435123_37.5293704606697105
2026-09-04T09:00:31.559343+09:00,여의도,여의도,POI072,KEY_4,1180034901,여의공원로,1180051203,국민일보본사,126.9258005332342947_37.5292188928723505,1180009502,여의도공원앞교차로,126.9245701975796123_37.5284317589745982,139.0,23.5,서행,126.9245701975796123_37.5284317589745982|126.9258005332342947_37.5292188928723505
2026-09-04T09:00:31.559343+09:00,여의도,여의도,POI072,KEY_4,1180034902,여의공원로,1180052802,여의도동 8-1,126.9271942634312609_37.5301220004860596,1180051202,국민일보본사,126.9259057123857843_37.5292854733296437,147.0,22.0,서행,126.9259057123857843_37.5292854733296437|126.9270043948584146_37.5299735844800821|126.9271942634312609_37.5301220004860596
2026-09-04T09:00:31.559343+09:00,여의도,여의도,POI072,KEY_4,1180035200,여의서로,1180050903,마포대교앞교차로,126.9293336830422589_37.5291760389837705,1180052802,여의도동 8-1,126.9271942634312609_37.5301220004860596,217.0,14.5,정체,126.9271942634312609_37.5301220004860596|126.9289687654274701_37.5292909204113414|126.9293336830422589_37.5291760389837705
2026-09-04T09:00:31.559343+09:00,여의도,여의도,POI072,KEY_4,1180035301,여의서로,1180051900,마포대교(남측),126.9282127564699607_37.5297704303567201,1180050904,마포대교앞교차로,126.9294559117414423_37.5292538203661366,124.0,26.0,원활,126.9294559117414423_37.5292538203661366|126.9290284880619879_37.5293883798018513|126.9282127564699607_37.5297704303567201
2026-09-04T09:00:31.559343+09:00,여의도,여의도,POI072,KEY_4,1180035302,여의서로,1180052801,여의도동 8-1,126.9272946071328505_37.5302004365455559,1180051900,마포대교(남측),126.9282127564699607_37.5297704303567201,94.0,16.0,서행,126.9282127564699607_37.5297704303567201|126.9272946071328505_37.5302004365455559
2026-09-04T09:00:31.559343+09:00,여의도,여의도,POI072,KEY_4,1180036002,은행로,1180009801,신한일보,126.9234656771860301_37.5295727631180682,1180054103,여의도동 8-1,126.9253966778790357_37.5307939856169597,218.0,17.0,서행,126.9253966778790357_37.5307939856169597|126.9247967732784161_37.5303884026922248|126.9246963806167088_37.5303239145643346|126.9234656771860301_37.5295727631180682
2026-09-04T09:00:31.559343+09:00,여의도,여의도,POI072,KEY_4,1180036101,은행로,1180053403,중소기업투데이,126.9247789627892189_37.5302380972319654,1180009802,신한일보,126.9235485328000550_37.5294871131787886,137.0,21.0,서행,126.9235485328000550_37.5294871131787886|126.9247789627892189_37.5302380972319654
2026-09-04T09:00:31.559343+09:00,여의도,여의도,POI072,KEY_4,1180036102,은행로,1180054102,여의도동 8-1,126.9255387467788267_37.5307482084733266,1180053402,중소기업투데이,126.9248846356486524_37.5303059783637281,76.0,13.0,정체,126.9248846356486524_37.5303059783637281|126.9255387467788267_37.5307482084733266
2026-09-04T09:00:31.559343+09:00,여의도,여의도,POI072,KEY_4,1180036200,여의서로,1180052803,여의도동 8-1,126.9270735891385158_37.5301791716015671,1180054102,여의도동 8-1,126.9255387467788267_37.5307482084733266,150.0,26.0,원활,126.9255387467788267_37.5307482084733266|126.9263346255653886_37.5304864014787682|126.9267477914268198_37.5303345757613798|126.9270735891385158_37.5301791716015671
2026-09-04T09:00:31.559343+09:00,여의도,여의도,POI072,KEY_4,1180036300,여의서로,1180054101,여의도동 8,126.9256551428871944_37.5308269003855344,1180052804,여의도동 8-1,126.9271737183142079_37.5302574404772074,149.0,20.0,서행,126.9271737183142079_37.5302574404772074|126.9268112935386910_37.5304303158847645|126.9263890041094953_37.5305854941670134|126.9256551428871944_37.5308269003855344
2026-09-04T09:00:31.559343+09:00,여의도,여의도,POI072,KEY_4,1180036401,국회대로,1180155000,여의도동 1-1,126.9184061280869713_37.5300009967483419,1180010303,서강대교(남측),126.9215102204224763_37.5319506286676088,350.0,16.0,서행,126.9215102204224763_37.5319506286676088|126.9210461430147205_37.5316255718379566|126.9203325255415535_37.5311864488027496|126.9197419650193126_37.5308230414341679|126.9191619518192908_37.5304661181429466|126.9185557758553813_37.5300930883489983|126.9184061280869713_37.5300009967483419
2026-09-04T09:00:31.559343+09:00,여의도,여의도,POI072,KEY_4,1180036501,국회대로,1180142700,국회의사당삼거리,126.9174236015788750_37.5292597110738839,1180050802,국회의사당앞교차로,126.9170828781558384_37.5290500254580905,38.0,16.0,서행,126.9170828781558384_37.5290500254580905|126.9174236015788750_37.5292597110738839
2026-09-04T09:00:31.559343+09:00,여의도,여의도,POI072,KEY_4,1180036502,국회대로,1180010302,서강대교(남측),126.9216542954880822_37.5319075549676455,1180055401,서강대교남단,126.9213526599560566_37.5316962787179307,36.0,5.0,정체,126.9213526599560566_37.5316962787179307|126.9216542954880822_37.5319075549676455
2026-09-04T09:00:31.559343+09:00,여의도,여의도,POI072,KEY_4,1180036801,국회대로76길,1180054700,서강대교남측,126.9217615574708447_37.5313291653935792,1180009801,신한일보,126.9234656771860301_37.5295727631180682,246.0,18.0,서행,126.9234656771860301_37.5295727631180682|126.9217615574708447_37.5313291653935792
2026-09-04T09:00:31.559343+09:00,여의도,여의도,POI072,KEY_4,1180036802,국회대로76길,1180055401,서강대교남단,126.9213526599560566_37.5316962787179307,1180054700,서강대교남측,126.9217615574708447_37.5313291653935792,54.0,30.0,원활,126.9217615574708447_37.5313291653935792|126.9213526599560566_37.5316962787179307
2026-09-04T09:00:31.559343+09:00,여의도,여의도,POI072,KEY_4,1180036900,국회대로76길,1180009804,신한일보,126.9233585883312401_37.5295063067986732,1180055402,서강대교남단,126.9212497207452941_37.5316241760058915,300.0,11.0,정체,126.9212497207452941_37.5316241760058915|126.9216570369709558_37.5312600586952954|126.9233585883312401_37.5295063067986732
2026-09-04T09:00:31.559343+09:00,여의도,여의도,POI072,KEY_4,1180037401,여의서로,1180154900,여의도동 8-1,126.9245116578237855_37.5310611026891863,1180055500,서강대교남측,126.9220936272136981_37.5317745947810906,228.0,15.3,서행,126.9220936272136981_37.5317745947810906|126.9223180243961764_37.5317057160051633|126.9236617313689948_37.5313110990677146|126.9238006335624789_37.5312703054629822|126.9245116578237855_37.5310611026891863
2026-09-04T09:00:31.559343+09:00,여의도,여의도,POI072,KEY_4,1180037402,여의서로,1180055500,서강대교남측,126.9220936272136981_37.5317745947810906,1180010302,서강대교(남측),126.9216542954880822_37.5319075549676455,42.0,26.0,원활,126.9216542954880822_37.5319075549676455|126.9220936272136981_37.5317745947810906
2026-09-04T09:00:31.559343+09:00,여의도,여의도,POI072,KEY_4,1180037501,여의서로,1180154800,여의도동 8,126.9245587084467815_37.5311625223770164,1180054104,여의도동 8,126.9255136750625184_37.5308730840905937,90.0,26.0,원활,126.9255136750625184_37.5308730840905937|126.9251824944995661_37.5309789834896534|126.9245587084467815_37.5311625223770164
2026-09-04T09:00:31.559343+09:00,여의도,여의도,POI072,KEY_4,1180037502,여의서로,1180010301,서강대교(남측),126.9217369577254289_37.5319990605573608,1180054900,여의하류IC,126.9238476077766080_37.5313717470433375,199.0,9.0,정체,126.9238476077766080_37.5313717470433375|126.9237087053164998_37.5314125407943209|126.9223658286871910_37.5318069145412565|126.9217369577254289_37.5319990605573608
2026-09-04T09:00:31.559343+09:00,여의도,여의도,POI072,KEY_4,1180038001,여의서로,1180047804,의원회관앞교차로,126.9134650625379095_37.5269942928087872,1180050300,여의하류IC,126.9125858842577514_37.5288463372735421,220.0,14.0,정체,126.9125858842577514_37.5288463372735421|126.9133384396445194_37.5272156123272751|126.9134650625379095_37.5269942928087872
2026-09-04T09:00:31.559343+09:00,여의도,여의도,POI072,KEY_4,1180038003,여의서로,1180323100,최소노드배치점,126.9117402894865307_37.5311049087075475,1180057702,여의하류IC,126.9116446085465810_37.5333341738394211,262.0,30.0,원활,126.9116446085465810_37.5333341738394211|126.9114652390462226_37.5331501506058203|126.9113732100930463_37.5329943489975122|126.9112983897178282_37.5327900539595092|126.9112674876685105_37.5325516232177918|126.9112865696183974_37.5323367272189188|126.9113546059211899_37.5321355343469492|126.9114569592268964_37.5318631682642589|126.9115238408340929_37.5316841785415747|126.9117402894865307_37.5311049087075475
2026-09-04T09:00:31.559343+09:00,여의도,여의도,POI072,KEY_4,1180038004,여의서로,1180057702,여의하류IC,126.9116446085465810_37.5333341738394211,1180010601,여의하류IC,126.9158866788485369_37.5334891812985134,389.0,18.0,서행,126.9158866788485369_37.5334891812985134|126.9157160525504509_37.5335075640938882|126.9145253690237212_37.5336052142657834|126.9129473608267773_37.5337346107591614|126.9127263123781830_37.5337454488282916|126.9125619724539717_37.5337376282147730|126.9123498788537177_37.5336886646839432|126.9121669423552277_37.5336324766132563|126.9119754499676134_37.5335430187373973|126.9117951706554237_37.5334397412671237|126.9116446085465810_37.5333341738394211
2026-09-04T09:00:31.559343+09:00,여의도,여의도,POI072,KEY_4,1180038101,여의서로,1180141500,여의도동 8-1,126.9125034013571849_37.5294588335489934,1180047801,의원회관앞교차로,126.9135777323507170_37.5270581170031505,283.0,31.0,원활,126.9135777323507170_37.5270581170031505|126.9134640961386822_37.5272567387847005|126.9127147702930785_37.5288800985185560|126.9125034013571849_37.5294588335489934
2026-09-04T09:00:31.559343+09:00,여의도,여의도,POI072,KEY_4,1180038102,여의서로,1180136800,여의도동 8-1,126.9145114614992735_37.5334976629259458,1180057701,여의하류IC,126.9117432717733465_37.5332606350129012,257.0,26.7,원활,126.9117432717733465_37.5332606350129012|126.9118798764054787_37.5333550779968661|126.9120496011042292_37.5334523089724428|126.9122261082116410_37.5335347665300532|126.9123932874727672_37.5335861143590392|126.9125852087945532_37.5336304218281285|126.9127261896915257_37.5336371304333341|126.9129362320318251_37.5336268320589994|126.9145114614992735_37.5334976629259458
2026-09-04T09:00:31.559343+09:00,여의도,여의도,POI072,KEY_4,1180038602,여의서로,1180199400,여의도동 8-1,126.9180805162101962_37.5329548925892027,1180010602,여의하류IC,126.9158651872016321_37.5333825331527251,202.0,21.0,서행,126.9158651872016321_37.5333825331527251|126.9163150027583100_37.5333154038283041|126.9167447105342319_37.5332479919289739|126.9172043329491686_37.5331630452426737|126.9179823764344519_37.5329820256749258|126.9180805162101962_37.5329548925892027
2026-09-04T09:00:31.559343+09:00,여의도,여의도,POI072,KEY_4,1180038702,여의서로,1180323000,최소노드배치점,126.9187881082516611_37.5328709059154022,1180010304,서강대교(남측),126.9216090189517701_37.5320376430852960,266.0,16.0,서행,126.9216090189517701_37.5320376430852960|126.9203533112228826_37.5324099776008708|126.9202812799588713_37.5324311902864451|126.9187881082516611_37.5328709059154022
2026-09-04T09:00:31.559343+09:00,여의도,여의도,POI072,KEY_4,1180039200,올림픽대로,1180058400,여의하류IC,126.9148490647562824_37.5338551834337650,1180010601,여의하류IC,126.9158866788485369_37.5334891812985134,100.0,29.7,정체,126.9158866788485369_37.5334891812985134|126.9155841280332453_37.5335956228786003|126.9148490647562824_37.5338551834337650
2026-09-04T09:00:31.559343+09:00,여의도,여의도,POI072,KEY_4,1180041102,국회대로,1180274900,최소노드배치점,126.9238759567866452_37.5352270758419237,1180010301,서강대교(남측),126.9217369577254289_37.5319990605573608,405.0,58.5,원활,126.9217369577254289_37.5319990605573608|126.9234661246942437_37.5346102805177892|126.9238759567866452_37.5352270758419237
2026-09-04T09:00:31.559343+09:00,여의도,여의도,POI072,KEY_4,1180062600,여의대방로,1190002703,대방역사거리,126.9268958244966257_37.5145487094125656,1190018001,신길초등학교사거리,126.9248789899667997_37.5112367041177919,410.0,21.0,서행,126.9248789899667997_37.5112367041177919|126.9251784864751045_37.5119743169443751|126.9253201831395614_37.5123138355713479|126.9254964946367608_37.5125952899220820|126.9261779210122114_37.5135516559070297|126.9268958244966257_37.5145487094125656
2026-09-04T09:00:31.559343+09:00,여의도,여의도,POI072,KEY_4,1180062700,여의대방로,1190018004,신길초등학교사거리,126.9247482475985862_37.5112660300318268,1190002704,대방역사거리,126.9267562377877425_37.5145721661826528,409.0,46.0,원활,126.9267562377877425_37.5145721661826528|126.9260600278491466_37.5136052369460913|126.9253766642585646_37.5126461480342570|126.9251944266099628_37.5123552364199853|126.9250495134461403_37.5120080075138560|126.9247482475985862_37.5112660300318268
2026-09-04T09:00:31.559343+09:00,여의도,여의도,POI072,KEY_4,1180065700,노들로,1190002704,대방역사거리,126.9267562377877425_37.5145721661826528,1180025902,여의교지하차도(서측),126.9243577826353402_37.5152265372191849,226.0,48.0,원활,126.9243577826353402_37.5152265372191849|126.9245809528478048_37.5150956973008007|126.9252332346312215_37.5148831534130309|126.9254577190681204_37.5148274294658464|126.9263383848454794_37.5146481452327691|126.9267562377877425_37.5145721661826528
2026-09-04T09:00:31.559343+09:00,여의도,여의도,POI072,KEY_4,1180065800,노들로,1180025901,여의교지하차도(서측),126.9244132221409131_37.5153255758902233,1190002701,대방역사거리,126.9269003072911914_37.5147677729739755,229.0,40.0,원활,126.9269003072911914_37.5147677729739755|126.9264022132233549_37.5148583423264341|126.9255317623644288_37.5150355467441798|126.9253251818176551_37.5150868275884335|126.9246837339447040_37.5152958401404746|126.9244132221409131_37.5153255758902233
2026-09-04T09:00:31.559343+09:00,여의도,여의도,POI072,KEY_4,1180070000,영등포로57길,1180231200,신길동 42-7,126.9185933294383659_37.5169703071205234,1180028902,신길역,126.9166440632117485_37.5173560032043412,178.0,22.0,서행,126.9166440632117485_37.5173560032043412|126.9172033039011893_37.5172657449748854|126.9179843661455891_37.5171190957105267|126.9182238987002904_37.5170605709356195|126.9185933294383659_37.5169703071205234
2026-09-04T09:00:31.559343+09:00,여의도,여의도,POI072,KEY_4,1180070100,영등포로57길,1180221800,신길동 20-7,126.9182637047614008_37.5171639378316684,1180028103,신길동15-3,126.9194043750581358_37.5170210107110691,103.0,9.0,정체,126.9194043750581358_37.5170210107110691|126.9192364816635603_37.5170118471295240|126.9187161041369620_37.5170534021318858|126.9186331360129998_37.5170736740641217|126.9182637047614008_37.5171639378316684
2026-09-04T09:00:31.559343+09:00,여의도,여의도,POI072,KEY_4,1180070700,노들로,1180028103,신길동15-3,126.9194043750581358_37.5170210107110691,1180029702,노들길지하차도(남측),126.9173777873138533_37.5177999098372865,199.0,24.0,서행,126.9173777873138533_37.5177999098372865|126.9182827991260893_37.5174256256417635|126.9194043750581358_37.5170210107110691
2026-09-04T09:00:31.559343+09:00,여의도,여의도,POI072,KEY_4,1180070800,노들로,1180029701,노들길지하차도(남측),126.9174454412259223_37.5178935252872279,1180028104,신길동15-3,126.9194603769218617_37.5171195004770794,198.0,60.0,원활,126.9194603769218617_37.5171195004770794|126.9183421015647042_37.5175229245464337|126.9174454412259223_37.5178935252872279
2026-09-04T09:00:31.559343+09:00,여의도,여의도,POI072,KEY_4,1180071100,여의동로,1180030703,이마트(여의도점),126.9276237094474169_37.5180791890850927,1180028501,여의도동 3-9,126.9264061143659319_37.5172852192624120,139.0,19.0,서행,126.9264061143659319_37.5172852192624120|126.9265378572362124_37.5173842043816279|126.9274329172205142_37.5179584390562226|126.9276237094474169_37.5180791890850927
2026-09-04T09:00:31.559343+09:00,여의도,여의도,POI072,KEY_4,1180071200,여의동로,1180028504,여의도동 3-9,126.9262556418987771_37.5173207931159425,1180030704,이마트(여의도점),126.9275405917458244_37.5181646802247997,147.0,14.0,정체,126.9275405917458244_37.5181646802247997|126.9273481211435524_37.5180428676898217|126.9264485774468909_37.5174657562893046|126.9262556418987771_37.5173207931159425
2026-09-04T09:00:31.559343+09:00,여의도,여의도,POI072,KEY_4,1180071500,올림픽대로,1180029900,여의상류IC,126.9404509601255029_37.5178091794502038,1180072900,여의상류IC,126.9406083800987517_37.5174248708792817,45.0,49.0,서행,126.9406083800987517_37.5174248708792817|126.9404509601255029_37.5178091794502038
2026-09-04T09:00:31.559343+09:00,여의도,여의도,POI072,KEY_4,1180071603,올림픽대로,1180029800,여의상류IC,126.9377628191142691_37.5176475456465397,1180029601,여의상류IC,126.9365050785440872_37.5176034226056245,111.0,38.7,서행,126.9365050785440872_37.5176034226056245|126.9367032441416256_37.5175986320360053|126.9369075905664630_37.5176015254681374|126.9377628191142691_37.5176475456465397
2026-09-04T09:00:31.559343+09:00,여의도,여의도,POI072,KEY_4,1180071900,올림픽대로,1180030100,여의상류IC,126.9399292397485937_37.5179051874619134,1180029800,여의상류IC,126.9377628191142691_37.5176475456465397,194.0,47.5,서행,126.9377628191142691_37.5176475456465397|126.9388819762016425_37.5177795458921608|126.9393202235015963_37.5178280530124439|126.9399292397485937_37.5179051874619134
2026-09-04T09:00:31.559343+09:00,여의도,여의도,POI072,KEY_4,1180072400,올림픽대로,1180030100,여의상류IC,126.9399292397485937_37.5179051874619134,1180030303,여의상류IC,126.9386432411447601_37.5179706215453024,116.0,34.0,서행,126.9386432411447601_37.5179706215453024|126.9388356132939606_37.5178999662067767|126.9389554574936199_37.5178743054647086|126.9390645174950265_37.5178690017115315|126.9392529998118562_37.5178723144811457|126.9394993655986497_37.5178917341157501|126.9397551544488181_37.5179079414615089|126.9399292397485937_37.5179051874619134
2026-09-04T09:00:31.559343+09:00,여의도,여의도,POI072,KEY_4,1180072700,올림픽대로,1180072800,여의상류IC,126.9405016513416058_37.5173927522574644,1180030100,여의상류IC,126.9399292397485937_37.5179051874619134,84.0,41.7,서행,126.9399292397485937_37.5179051874619134|126.9400831202883921_37.5178824486165894|126.9402777750538718_37.5177996873365771|126.9403592878800566_37.5177300782674692|126.9404107662331427_37.5176558174294499|126.9404538000154758_37.5175691842385888|126.9405016513416058_37.5173927522574644
2026-09-04T09:00:31.559343+09:00,여의도,여의도,POI072,KEY_4,1180072800,올림픽대로,1180030302,여의상류IC,126.9388089615749209_37.5179993865758163,1180029900,여의상류IC,126.9404509601255029_37.5178091794502038,155.0,15.3,정체,126.9404509601255029_37.5178091794502038|126.9403835973619863_37.5178670232158780|126.9402933476123962_37.5179248544743515|126.9402017670291087_37.5179633936088734|126.9401061504134987_37.5179933557776337|126.9400078586650551_37.5180061677154342|126.9399185009759918_37.5180075323650257|126.9398256116081853_37.5179978389370774|126.9397219567891710_37.5179784938017420|126.9395779254911645_37.5179473373987165|126.9394460007034979_37.5179279775558143|126.9392884871980556_37.5179150348757489|126.9391269249482690_37.5179192395949030|126.9389990109286401_37.5179352502025054|126.9388089615749209_37.5179993865758163
2026-09-04T09:00:31.559343+09:00,여의도,여의도,POI072,KEY_4,1180073700,노들로,1180029702,노들길지하차도(남측),126.9173777873138533_37.5177999098372865,1180034603,영등포고가차도(동측),126.9147300572169001_37.5198605051879994,338.0,19.5,서행,126.9147300572169001_37.5198605051879994|126.9150052415285899_37.5193514519132947|126.9151894424992975_37.5191040580958202|126.9154714844551108_37.5188399519601390|126.9157868976313068_37.5186039234675164|126.9161910198482275_37.5183507776750886|126.9167237512801591_37.5180668276396787|126.9171122463613415_37.5178702360334597|126.9173777873138533_37.5177999098372865
2026-09-04T09:00:31.559343+09:00,여의도,여의도,POI072,KEY_4,1180073800,노들로,1180034602,영등포고가차도(동측),126.9149485395489876_37.5200031329234420,1180029701,노들길지하차도(남측),126.9174454412259223_37.5178935252872279,330.0,46.0,원활,126.9174454412259223_37.5178935252872279|126.9172578247047056_37.5180527585371451|126.9168720512663810_37.5182479724615590|126.9163506557057843_37.5185258800491539|126.9159640945339049_37.5187680250151914|126.9156684392605996_37.5189892700103726|126.9154111841748147_37.5192301665086774|126.9152476751075937_37.5194497696661458|126.9149485395489876_37.5200031329234420
2026-09-04T09:00:31.559343+09:00,여의도,여의도,POI072,KEY_4,1180073900,올림픽대로,1180032700,여의상류IC,126.9408644596989291_37.5190433065538684,1180029900,여의상류IC,126.9404509601255029_37.5178091794502038,146.0,25.0,정체,126.9404509601255029_37.5178091794502038|126.9404310269714529_37.5180692971477612|126.9404593198215707_37.5181945058118345|126.9405293590956347_37.5183363022392768|126.9406428359182541_37.5184650324871498|126.9407039224352047_37.5185554824422525|126.9407671851563748_37.5186563652702816|126.9408217004846762_37.5187746330407421|126.9408521950314110_37.5188789781700649|126.9408673973805293_37.5189902704776017|126.9408644596989291_37.5190433065538684
2026-09-04T09:00:31.559343+09:00,여의도,여의도,POI072,KEY_4,1180074000,영등포로,1180031002,신길역,126.9159335144703817_37.5180872053454948,1180032000,영등포로터리,126.9141035939490507_37.5187705194977141,181.0,26.0,원활,126.9141035939490507_37.5187705194977141|126.9145660929896025_37.5186886104868407|126.9148490250060348_37.5185994181823261|126.9155991033942001_37.5182852803393274|126.9159335144703817_37.5180872053454948
2026-09-04T09:00:31.559343+09:00,여의도,여의도,POI072,KEY_4,1180075100,경인로,1180033100,영등포로터리,126.9147672532710232_37.5194468380783732,1180031001,신길역,126.9160342294389352_37.5181596924073730,183.0,39.0,원활,126.9160342294389352_37.5181596924073730|126.9158010714940445_37.5183319108412903|126.9155449492747891_37.5185355519912989|126.9152932575860575_37.5187892581853575|126.9150370026818848_37.5191073254966128|126.9147672532710232_37.5194468380783732
2026-09-04T09:00:31.559343+09:00,여의도,여의도,POI072,KEY_4,1180076000,노들로,1180263400,최소노드배치점,126.9150215912051465_37.5197313004111095,1180029701,노들길지하차도(남측),126.9174454412259223_37.5178935252872279,302.0,70.3,원활,126.9174454412259223_37.5178935252872279|126.9168349753552718_37.5182026853724011|126.9163107458231110_37.5184821044756731|126.9159197960838981_37.5187269996541488|126.9156192013340245_37.5189519405294618|126.9153557486849166_37.5191986403456426|126.9151870666523791_37.5194251909504075|126.9150215912051465_37.5197313004111095
2026-09-04T09:00:31.559343+09:00,여의도,여의도,POI072,KEY_4,1180076900,여의나루로2길,1180031104,윤중중학교,126.9248361210198794_37.5184530288178522,1180036803,광장아파트앞,126.9227144019653082_37.5206666139467089,310.0,20.0,서행,126.9227144019653082_37.5206666139467089|126.9227532238180629_37.5205737479899568|126.9237453604085886_37.5195748552820376|126.9248361210198794_37.5184530288178522
2026-09-04T09:00:31.559343+09:00,여의도,여의도,POI072,KEY_4,1180077501,여의대방로65길,1180031503,여의도동4-4,126.9297722851941046_37.5196579918983986,1180031506,인도네시아대사관,126.9308072157305389_37.5186285705181319,146.0,17.0,서행,126.9308072157305389_37.5186285705181319|126.9297722851941046_37.5196579918983986
2026-09-04T09:00:31.559343+09:00,여의도,여의도,POI072,KEY_4,1180077502,여의대방로65길,1180036702,매일일보,126.9287164299037443_37.5207081885220788,1180031502,여의도동4-4,126.9296874356870433_37.5197423880918137,137.0,12.0,정체,126.9296874356870433_37.5197423880918137|126.9289620332308317_37.5204639049460980|126.9287164299037443_37.5207081885220788
2026-09-04T09:00:31.559343+09:00,여의도,여의도,POI072,KEY_4,1180079601,여의대방로69길,1180033003,여의도동4-3,126.9310026116467043_37.5204312861576597,1180033006,여의도동 5,126.9320621848172266_37.5193974572135858,148.0,21.0,서행,126.9320621848172266_37.5193974572135858|126.9310026116467043_37.5204312861576597
2026-09-04T09:00:31.559343+09:00,여의도,여의도,POI072,KEY_4,1180079602,여의대방로69길,1180038602,한국금융증권,126.9299951560938382_37.5215173870643000,1180033002,여의도동4-3,126.9309225566694295_37.5205116725064727,138.0,9.0,정체,126.9309225566694295_37.5205116725064727|126.9299951560938382_37.5215173870643000
2026-09-04T09:00:31.559343+09:00,여의도,여의도,POI072,KEY_4,1180079800,국제금융로8길,1180034304,미래에셋빌딩,126.9271852079254330_37.5199022140612897,1180037803,여의도백화점,126.9261701209206308_37.5209339886117448,146.0,11.5,정체,126.9261701209206308_37.5209339886117448|126.9261911265355707_37.5209065883039727|126.9267597615167489_37.5203419468673758|126.9271650176002026_37.5199272613282986|126.9271852079254330_37.5199022140612897
2026-09-04T09:00:31.559343+09:00,여의도,여의도,POI072,KEY_4,1180080400,여의동로,1180034500,메리어트파크센터오피스텔,126.9191573972615572_37.5200167950090204,1180040500,버들광장앞교차로,126.9161939719324579_37.5224229383147687,389.0,32.0,원활,126.9161939719324579_37.5224229383147687|126.9167426059924679_37.5216104139380207|126.9169524263356266_37.5213316445914842|126.9172011738798034_37.5210362146835763|126.9174348747745995_37.5208122908082657|126.9175966520831764_37.5206717527601228|126.9177733818976606_37.5205407611104391|126.9179021742503153_37.5204550301915631|126.9180698803598375_37.5203645580240277|126.9183154036421826_37.5202741394602839|126.9185788763550988_37.5201908849197778|126.9188048366269186_37.5201255204490636|126.9191573972615572_37.5200167950090204
2026-09-04T09:00:31.559343+09:00,여의도,여의도,POI072,KEY_4,1180080700,국제금융로6길,1180035901,여의도동 3-6,126.9253314029925406_37.5205830136610601,1180037804,여의도백화점,126.9260889939629209_37.5210206754039888,83.0,14.0,정체,126.9260889939629209_37.5210206754039888|126.9255710268125199_37.5207131494163306|126.9253314029925406_37.5205830136610601
2026-09-04T09:00:31.559343+09:00,여의도,여의도,POI072,KEY_4,1180082100,여의나루로4길,1180036704,매일일보,126.9285263157772903_37.5207269494805828,1180039603,한국노총회관,126.9275235472930063_37.5217889686242856,147.0,9.0,정체,126.9275235472930063_37.5217889686242856|126.9285263157772903_37.5207269494805828
2026-09-04T09:00:31.559343+09:00,여의도,여의도,POI072,KEY_4,1180082200,여의나루로4길,1180039602,한국노총회관,126.9276303241940980_37.5218557680585860,1180036701,매일일보,126.9286332141362692_37.5207936198378604,148.0,19.0,서행,126.9286332141362692_37.5207936198378604|126.9276303241940980_37.5218557680585860
2026-09-04T09:00:31.559343+09:00,여의도,여의도,POI072,KEY_4,1180082301,여의동로1길,1180210100,여의도동 2-8,126.9192896850102699_37.5208453219656519,1180035807,KT여의도지점,126.9186604598271515_37.5204553701592047,70.0,8.0,정체,126.9186604598271515_37.5204553701592047|126.9187823073190913_37.5205297191339184|126.9192896850102699_37.5208453219656519
2026-09-04T09:00:31.559343+09:00,여의도,여의도,POI072,KEY_4,1180082302,여의동로1길,1180040303,대한투자신탁빌딩,126.9213072068328358_37.5221186397936606,1180035803,LG경영개발원,126.9201321156892703_37.5213693262362895,133.0,11.0,정체,126.9201321156892703_37.5213693262362895|126.9201737094506228_37.5213951978285110|126.9213072068328358_37.5221186397936606
2026-09-04T09:00:31.559343+09:00,여의도,여의도,POI072,KEY_4,1180082401,여의동로1길,1180035802,LG경영개발원,126.9200485653260415_37.5214545403774409,1180040304,대한투자신탁빌딩,126.9212238509502555_37.5222039898002322,133.0,30.0,원활,126.9212238509502555_37.5222039898002322|126.9200894880125929_37.5214799945996305|126.9200485653260415_37.5214545403774409
2026-09-04T09:00:31.559343+09:00,여의도,여의도,POI072,KEY_4,1180082402,여의동로1길,1180035806,KT여의도지점,126.9185563083192676_37.5205280201315929,1180035805,LG경영개발원,126.9199415755927589_37.5213879918803102,155.0,20.0,서행,126.9199415755927589_37.5213879918803102|126.9192061340062878_37.5209305358602236|126.9186992541610692_37.5206152428383959|126.9185563083192676_37.5205280201315929
2026-09-04T09:00:31.559343+09:00,여의도,여의도,POI072,KEY_4,1180082600,여의대로2길,1180252000,여의도동 2-7,126.9213903647884649_37.5220349997937390,1180040303,대한투자신탁빌딩,126.9213072068328358_37.5221186397936606,12.0,9.0,정체,126.9213072068328358_37.5221186397936606|126.9213903647884649_37.5220349997937390
2026-09-04T09:00:31.559343+09:00,여의도,여의도,POI072,KEY_4,1180082700,여의대로2길,1180040302,대한투자신탁빌딩,126.9214136274314626_37.5221857618977026,1180036801,광장아파트앞,126.9227595051740991_37.5208320493825696,192.0,20.0,서행,126.9227595051740991_37.5208320493825696|126.9225686764472556_37.5210239929151470|126.9222044493932202_37.5213903441468659|126.9218506466926186_37.5217462056978377|126.9214967852985296_37.5221021218162605|126.9214136274314626_37.5221857618977026
2026-09-04T09:00:31.559343+09:00,여의도,여의도,POI072,KEY_4,1180083100,국제금융로6길,1180037801,여의도백화점,126.9261939219537965_37.5210848066129898,1180039604,한국노총회관,126.9274411463804313_37.5218749163882279,141.0,20.0,서행,126.9274411463804313_37.5218749163882279|126.9267999492455061_37.5214687252867378|126.9261939219537965_37.5210848066129898
2026-09-04T09:00:31.559343+09:00,여의도,여의도,POI072,KEY_4,1180085000,의사당대로,1180038904,여의도역앞교차로,126.9240944819508456_37.5216807302462740,1180041503,속성변화점,126.9232621945534021_37.5225582878517514,122.0,4.0,정체,126.9232621945534021_37.5225582878517514|126.9240944819508456_37.5216807302462740
2026-09-04T09:00:31.559343+09:00,여의도,여의도,POI072,KEY_4,1180085300,의사당대로,1180041502,국회앞지하차도,126.9233705115822772_37.5226234575251354,1180038901,여의도역앞교차로,126.9242012582014354_37.5217475240258054,122.0,28.0,원활,126.9242012582014354_37.5217475240258054|126.9233705115822772_37.5226234575251354
2026-09-04T09:00:31.559343+09:00,여의도,여의도,POI072,KEY_4,1180085600,여의대로,1180044401,여의도공원앞,126.9217097283597013_37.5242162542949913,1180038802,여의도교차로,126.9175141532534923_37.5216096736950604,470.0,39.0,원활,126.9175141532534923_37.5216096736950604|126.9205649669404323_37.5234987788975545|126.9217097283597013_37.5242162542949913
2026-09-04T09:00:31.559343+09:00,여의도,여의도,POI072,KEY_4,1180085800,여의나루로4길,1180092000,여의도동 3-4,126.9268692185870151_37.5224621159343670,1180042303,여의도우체국,126.9263908079338563_37.5229532919718807,69.0,10.0,정체,126.9263908079338563_37.5229532919718807|126.9268692185870151_37.5224621159343670
2026-09-04T09:00:31.559343+09:00,여의도,여의도,POI072,KEY_4,1180085900,여의나루로4길,1180091900,여의도동 33,126.9269764759797710_37.5225283883706098,1180039601,한국노총회관,126.9275479160526032_37.5219416888512995,82.0,15.0,서행,126.9275479160526032_37.5219416888512995|126.9269764759797710_37.5225283883706098
2026-09-04T09:00:31.559343+09:00,여의도,여의도,POI072,KEY_4,1180086000,여의대방로,1180043100,원효대교남단,126.9389194214592607_37.5234603791527448,1180038401,원효대교(남측),126.9355118374576392_37.5214344074539099,377.0,50.7,원활,126.9355118374576392_37.5214344074539099|126.9357682265078324_37.5215237383808358|126.9368814016096110_37.5222080746101767|126.9378844663648636_37.5228141242598880|126.9386342653729258_37.5232817445596751|126.9389194214592607_37.5234603791527448
2026-09-04T09:00:31.559343+09:00,여의도,여의도,POI072,KEY_4,1180086100,여의대방로,1180038402,원효대교(남측),126.9354288936371944_37.5215199968422155,1180043400,원효대교남단,126.9388452416195463_37.5235509284484792,378.0,58.3,원활,126.9388452416195463_37.5235509284484792|126.9385269005017420_37.5234022392466500|126.9377236729463903_37.5229883934775685|126.9367164135576331_37.5223798075140991|126.9356023408485044_37.5216949187275617|126.9354288936371944_37.5215199968422155
2026-09-04T09:00:31.559343+09:00,여의도,여의도,POI072,KEY_4,1180086200,여의대방로,1180043100,원효대교남단,126.9389194214592607_37.5234603791527448,1180039300,원효대교(남측),126.9394984211137256_37.5216954122665811,256.0,43.3,원활,126.9394984211137256_37.5216954122665811|126.9394143576814571_37.5217932892441297|126.9390639344829168_37.5220578983287538|126.9386058222683715_37.5224039073714266|126.9384454643178373_37.5225455615191805|126.9383732776471589_37.5226476074626873|126.9383372872894142_37.5227369852470787|126.9383282232904264_37.5228406804968202|126.9383416241537788_37.5229229319018529|126.9383954201431948_37.5230195086963576|126.9384806415670255_37.5231196770154796|126.9389194214592607_37.5234603791527448
2026-09-04T09:00:31.559343+09:00,여의도,여의도,POI072,KEY_4,1180086400,국제금융로6길,1180039601,한국노총회관,126.9275479160526032_37.5219416888512995,1180042604,동서빌딩,126.9295381668630398_37.5232067155673192,225.0,14.0,정체,126.9295381668630398_37.5232067155673192|126.9293981951603882_37.5231126381915203|126.9280233154665609_37.5222352311225436|126.9275479160526032_37.5219416888512995
2026-09-04T09:00:31.559343+09:00,여의도,여의도,POI072,KEY_4,1180086800,여의대로2길,1180040304,대한투자신탁빌딩,126.9212238509502555_37.5222039898002322,1180042803,전경련회관,126.9204696857417076_37.5229905971904500,110.0,20.0,서행,126.9204696857417076_37.5229905971904500|126.9212238509502555_37.5222039898002322
2026-09-04T09:00:31.559343+09:00,여의도,여의도,POI072,KEY_4,1180086900,여의대로2길,1180042802,전경련회관,126.9205742637601162_37.5230596706733053,1180040301,대한투자신탁빌딩,126.9213317400245273_37.5222696086659511,110.0,18.0,서행,126.9213317400245273_37.5222696086659511|126.9205742637601162_37.5230596706733053
2026-09-04T09:00:31.559343+09:00,여의도,여의도,POI072,KEY_4,1180087000,여의동로,1180040500,버들광장앞교차로,126.9161939719324579_37.5224229383147687,1180042903,한국방송공사앞,126.9160598886022484_37.5232024405971387,89.0,34.0,원활,126.9160598886022484_37.5232024405971387|126.9160345093533806_37.5231642193772856|126.9160286002892235_37.5230950821679485|126.9160616602082285_37.5229735262128017|126.9161637830189875_37.5226541555588327|126.9161939719324579_37.5224229383147687
2026-09-04T09:00:31.559343+09:00,여의도,여의도,POI072,KEY_4,1180087100,여의대로,1180038801,여의도교차로,126.9174398834116033_37.5217006351711717,1180044402,여의도공원앞,126.9216257794162317_37.5243012223384227,469.0,43.0,원활,126.9216257794162317_37.5243012223384227|126.9204813325683574_37.5235839430196663|126.9174398834116033_37.5217006351711717
2026-09-04T09:00:31.559343+09:00,여의도,여의도,POI072,KEY_4,1180087203,여의대로,1180038704,전경련회관삼거리,126.9191704288033691_37.5221849123008013,1180038707,서울교앞,126.9177536585469710_37.5213009209994013,159.0,14.0,정체,126.9177536585469710_37.5213009209994013|126.9179266555743908_37.5214136032377183|126.9191704288033691_37.5221849123008013
2026-09-04T09:00:31.559343+09:00,여의도,여의도,POI072,KEY_4,1180087204,여의대로,1180042803,전경련회관,126.9204696857417076_37.5229905971904500,1180038703,전경련회관삼거리,126.9192775411875402_37.5222513352049134,134.0,32.0,원활,126.9192775411875402_37.5222513352049134|126.9204696857417076_37.5229905971904500
2026-09-04T09:00:31.559343+09:00,여의도,여의도,POI072,KEY_4,1180087300,의사당대로,1180041503,속성변화점,126.9232621945534021_37.5225582878517514,1180042502,여의도지하차도(남측),126.9230739462851005_37.5227496061812005,27.0,37.0,원활,126.9230739462851005_37.5227496061812005|126.9231810254375432_37.5226418788369287|126.9232621945534021_37.5225582878517514
2026-09-04T09:00:31.559343+09:00,여의도,여의도,POI072,KEY_4,1180087400,의사당대로,1180042501,여의도지하차도(남측),126.9231803886150800_37.5228167082285182,1180041501,국회앞지하차도,126.9232874381288525_37.5227089776975404,15.0,22.0,서행,126.9232874381288525_37.5227089776975404|126.9231803886150800_37.5228167082285182
2026-09-04T09:00:31.559343+09:00,여의도,여의도,POI072,KEY_4,1180087700,여의나루로,1180041304,여의도포스트타워,126.9255002248636544_37.5225475166510023,1180043304,서남미술전시관,126.9246482595642505_37.5234309775800341,124.0,12.0,정체,126.9246482595642505_37.5234309775800341|126.9255002248636544_37.5225475166510023
2026-09-04T09:00:31.559343+09:00,여의도,여의도,POI072,KEY_4,1180087900,국제금융로2길,1180043304,서남미술전시관,126.9246482595642505_37.5234309775800341,1180041502,국회앞지하차도,126.9233705115822772_37.5226234575251354,144.0,7.0,정체,126.9233705115822772_37.5226234575251354|126.9246482595642505_37.5234309775800341
2026-09-04T09:00:31.559343+09:00,여의도,여의도,POI072,KEY_4,1180088000,국제금융로2길,1180041501,국회앞지하차도,126.9232874381288525_37.5227089776975404,1180043305,서남미술전시관,126.9245638815206974_37.5235156738176698,144.0,13.0,정체,126.9245638815206974_37.5235156738176698|126.9232874381288525_37.5227089776975404
2026-09-04T09:00:31.559343+09:00,여의도,여의도,POI072,KEY_4,1180088600,의사당대로,1180042502,여의도지하차도(남측),126.9230739462851005_37.5227496061812005,1180043908,여의도공원앞,126.9219023251390297_37.5238413780774422,160.0,22.5,서행,126.9219023251390297_37.5238413780774422|126.9228522219405306_37.5228856048509840|126.9230739462851005_37.5227496061812005
2026-09-04T09:00:31.559343+09:00,여의도,여의도,POI072,KEY_4,1180088700,의사당대로,1180043907,여의도공원앞,126.9221245522233374_37.5239661861320641,1180042501,여의도지하차도(남측),126.9231803886150800_37.5228167082285182,159.0,9.0,정체,126.9231803886150800_37.5228167082285182|126.9230651003582295_37.5230198156360615|126.9221245522233374_37.5239661861320641
2026-09-04T09:00:31.559343+09:00,여의도,여의도,POI072,KEY_4,1180088800,여의동로,1180044300,원효대교(남측),126.9363222446695119_37.5240962818884185,1180043400,원효대교남단,126.9388452416195463_37.5235509284484792,262.0,42.0,원활,126.9388452416195463_37.5235509284484792|126.9384579493625438_37.5234164617016432|126.9382200598614503_37.5233412443599619|126.9380943813213918_37.5233018443910211|126.9379642022848174_37.5232767444369202|126.9378340066637492_37.5232731008024061|126.9376229810390129_37.5232872929537464|126.9374613272680392_37.5233193903731248|126.9373544849209878_37.5233714062846175|126.9371561824279837_37.5235065711294808|126.9363767315390135_37.5240925820042506|126.9363222446695119_37.5240962818884185
2026-09-04T09:00:31.559343+09:00,여의도,여의도,POI072,KEY_4,1180089700,여의동로,1180040500,버들광장앞교차로,126.9161939719324579_37.5224229383147687,1180046700,여의하류IC,126.9139332883952989_37.5258302984319769,428.0,37.7,원활,126.9139332883952989_37.5258302984319769|126.9144071253527954_37.5250320342758101|126.9147639061961854_37.5245102165586246|126.9154324671464025_37.5235452156443898|126.9160590702339135_37.5226135549969868|126.9161939719324579_37.5224229383147687
2026-09-04T09:00:31.559343+09:00,여의도,여의도,POI072,KEY_4,1180090101,국제금융로2길,1180043307,IFC몰,126.9254731568261292_37.5239442773486331,1180043303,서남미술전시관,126.9247526031822275_37.5235002745017567,81.0,10.0,정체,126.9247526031822275_37.5235002745017567|126.9248563107640138_37.5235729177071065|126.9254731568261292_37.5239442773486331
2026-09-04T09:00:31.559343+09:00,여의도,여의도,POI072,KEY_4,1180090102,국제금융로2길,1180232100,여의도동 2-3,126.9265042604631191_37.5245978717237421,1180043306,IFC몰,126.9255988492387957_37.5240199470525582,103.0,16.5,서행,126.9255988492387957_37.5240199470525582|126.9256627847946106_37.5240584375902699|126.9265012354012185_37.5245959182143096|126.9265042604631191_37.5245978717237421
2026-09-04T09:00:31.559343+09:00,여의도,여의도,POI072,KEY_4,1180090201,국제금융로2길,1180224600,여의도동 2-3,126.9269655222914537_37.5250349352047721,1180045504,콘래드호텔,126.9274823003491548_37.5253285166201778,56.0,16.0,서행,126.9274823003491548_37.5253285166201778|126.9271764669597928_37.5251711551253138|126.9269655222914537_37.5250349352047721
2026-09-04T09:00:31.559343+09:00,여의도,여의도,POI072,KEY_4,1180090202,국제금융로2길,1180043302,서남미술전시관,126.9246629538215672_37.5235814628114355,1180043308,IFC몰,126.9253912997659910_37.5240305296354393,81.0,13.0,정체,126.9253912997659910_37.5240305296354393|126.9247704392448242_37.5236567526637756|126.9246629538215672_37.5235814628114355
2026-09-04T09:00:31.559343+09:00,여의도,여의도,POI072,KEY_4,1180090400,의사당대로,1180009002,여의도지하차도(북측),126.9192224605303210_37.5268054826268056,1180042501,여의도지하차도(남측),126.9231803886150800_37.5228167082285182,564.0,40.0,원활,126.9231803886150800_37.5228167082285182|126.9220341599056354_37.5239700333276289|126.9213599375945734_37.5246571942557807|126.9202506695416304_37.5258132586785891|126.9192224605303210_37.5268054826268056
2026-09-04T09:00:31.559343+09:00,여의도,여의도,POI072,KEY_4,1180090500,국회대로62길,1180045104,여의도동 2-11,126.9185848101250258_37.5248548993062059,1180046303,한국방송공사,126.9176318821814391_37.5258125570049614,136.0,16.0,서행,126.9176318821814391_37.5258125570049614|126.9185848101250258_37.5248548993062059
2026-09-04T09:00:31.559343+09:00,여의도,여의도,POI072,KEY_4,1180090600,국회대로62길,1180046302,한국방송공사,126.9177382756308674_37.5258797120015544,1180045101,여의도동 2-11,126.9186925033394289_37.5249207467094124,136.0,6.0,정체,126.9186925033394289_37.5249207467094124|126.9177382756308674_37.5258797120015544
2026-09-04T09:00:31.559343+09:00,여의도,여의도,POI072,KEY_4,1180090801,여의대로,1180043904,여의도동2-11,126.9242022027608812_37.5252577455223957,1180043907,여의도공원앞,126.9221245522233374_37.5239661861320641,233.0,14.5,정체,126.9221245522233374_37.5239661861320641|126.9224788397255423_37.5242242581977550|126.9229839915675910_37.5245271993776797|126.9242022027608812_37.5252577455223957
2026-09-04T09:00:31.559343+09:00,여의도,여의도,POI072,KEY_4,1180090802,여의대로,1180047403,파크원타워1,126.9262943673228676_37.5265516473403409,1180043903,여의도동2-11,126.9243100860090863_37.5253234175577290,222.0,13.5,정체,126.9243100860090863_37.5253234175577290|126.9250586179575464_37.5257867522824924|126.9262943673228676_37.5265516473403409
2026-09-04T09:00:31.559343+09:00,여의도,여의도,POI072,KEY_4,1180092000,여의대로6길,1180102000,여의도동 2-1,126.9287418519904946_37.5267858846280831,1180047903,파크원타워2,126.9285934622132430_37.5269351592018552,21.0,18.0,서행,126.9285934622132430_37.5269351592018552|126.9287418519904946_37.5267858846280831
2026-09-04T09:00:31.559343+09:00,여의도,여의도,POI072,KEY_4,1180092100,여의대로6길,1180150000,여의도동 2-1,126.9292521757274415_37.5264466977230029,1180045701,삼부아파트,126.9302296645015389_37.5254736937039439,138.0,31.0,원활,126.9302296645015389_37.5254736937039439|126.9301481335322990_37.5255453675584434|126.9296356693374719_37.5260609081082990|126.9292521757274415_37.5264466977230029
2026-09-04T09:00:31.559343+09:00,여의도,여의도,POI072,KEY_4,1180092300,의사당대로,1180009003,여의도지하차도(북측),126.9191150291965613_37.5267392953712999,1180046302,한국방송공사,126.9177382756308674_37.5258797120015544,155.0,12.0,정체,126.9177382756308674_37.5258797120015544|126.9187567674418773_37.5265156162027296|126.9191150291965613_37.5267392953712999
2026-09-04T09:00:31.559343+09:00,여의도,여의도,POI072,KEY_4,1180092400,의사당대로,1180250800,여의도동 1-6,126.9186730128168534_37.5266007063800515,1180009004,여의도지하차도(북측),126.9190308136938512_37.5268240980039991,40.0,13.0,정체,126.9190308136938512_37.5268240980039991|126.9186730128168534_37.5266007063800515
2026-09-04T09:00:31.559343+09:00,여의도,여의도,POI072,KEY_4,1180092900,국회대로62길,1180046304,한국방송공사,126.9175467092823766_37.5259008308065418,1180048303,KBS기술연구소입구,126.9162319363117888_37.5273056306211643,194.0,17.7,서행,126.9162319363117888_37.5273056306211643|126.9175467092823766_37.5259008308065418
2026-09-04T09:00:31.559343+09:00,여의도,여의도,POI072,KEY_4,1180093000,국회대로62길,1180048302,KBS기술연구소입구,126.9163407818515026_37.5273702475385065,1180046301,한국방송공사,126.9176555539196301_37.5259654465264916,194.0,6.0,정체,126.9176555539196301_37.5259654465264916|126.9163407818515026_37.5273702475385065
2026-09-04T09:00:31.559343+09:00,여의도,여의도,POI072,KEY_4,1180093100,여의서로1길,1180048303,KBS기술연구소입구,126.9162319363117888_37.5273056306211643,1180046802,KBS기술연구소,126.9142679428666298_37.5260735354667077,221.0,23.0,서행,126.9142679428666298_37.5260735354667077|126.9162319363117888_37.5273056306211643
2026-09-04T09:00:31.559343+09:00,여의도,여의도,POI072,KEY_4,1180093200,여의서로1길,1180046801,KBS기술연구소,126.9142009634784500_37.5261691500808396,1180048304,KBS기술연구소입구,126.9161495320558402_37.5273915692547035,219.0,22.0,서행,126.9161495320558402_37.5273915692547035|126.9142009634784500_37.5261691500808396
2026-09-04T09:00:31.559343+09:00,여의도,여의도,POI072,KEY_4,1180093600,국제금융로,1180047404,파크원타워1,126.9262125302013118_37.5266379264716790,1180047703,여의도동2-11,126.9259780906076145_37.5268912205965108,35.0,23.7,서행,126.9259780906076145_37.5268912205965108|126.9262125302013118_37.5266379264716790
2026-09-04T09:00:31.559343+09:00,여의도,여의도,POI072,KEY_4,1180093800,올림픽대로,1180046700,여의하류IC,126.9139332883952989_37.5258302984319769,1180049300,여의하류IC,126.9124219382957364_37.5282059407288671,296.0,41.0,원활,126.9124219382957364_37.5282059407288671|126.9126709766838559_37.5276959699368291|126.9130099086824686_37.5271002435067516|126.9134446643213892_37.5264640601462816|126.9135615846091270_37.5263044242820101|126.9139332883952989_37.5258302984319769
2026-09-04T09:00:31.559343+09:00,여의도,여의도,POI072,KEY_4,1180094100,여의대로,1180048603,여의도동 2-11,126.9279281708519562_37.5275947181724518,1180047402,파크원타워1,126.9263987935073459_37.5266208412980191,173.0,23.0,서행,126.9263987935073459_37.5266208412980191|126.9266544949265665_37.5268029647382093|126.9279281708519562_37.5275947181724518
2026-09-04T09:00:31.559343+09:00,여의도,여의도,POI072,KEY_4,1180094200,여의대로6길,1180047904,파크원타워2,126.9285094338057576_37.5270190379973414,1180048603,여의도동 2-11,126.9279281708519562_37.5275947181724518,82.0,24.0,서행,126.9279281708519562_37.5275947181724518|126.9285094338057576_37.5270190379973414
2026-09-04T09:00:31.559343+09:00,여의도,여의도,POI072,KEY_4,1180094300,여의대로6길,1180048602,여의도동 2-11,126.9280343217435671_37.5276621198139964,1180047901,파크원타워2,126.9286152279766497_37.5270867929192846,82.0,18.0,서행,126.9286152279766497_37.5270867929192846|126.9280343217435671_37.5276621198139964
2026-09-04T09:00:31.559343+09:00,여의도,여의도,POI072,KEY_4,1180094800,여의대로,1180049000,여의도동 2-11,126.9279149248875740_37.5281296792607293,1180047702,여의도동2-11,126.9260844397870045_37.5269585366700795,208.0,48.0,원활,126.9260844397870045_37.5269585366700795|126.9279149248875740_37.5281296792607293
2026-09-04T09:00:31.559343+09:00,여의도,여의도,POI072,KEY_4,1180095000,여의동로7길,1180047901,파크원타워2,126.9286152279766497_37.5270867929192846,1180049403,여의동로삼거리,126.9305906868378742_37.5283161715650735,222.0,14.0,정체,126.9305906868378742_37.5283161715650735|126.9286152279766497_37.5270867929192846
2026-09-04T09:00:31.559343+09:00,여의도,여의도,POI072,KEY_4,1180095100,국회대로62길,1180162200,여의도동 1-7,126.9158288842052258_37.5277177825872243,1180049103,키즈TV,126.9154773852716289_37.5280753781942735,50.0,17.0,서행,126.9154773852716289_37.5280753781942735|126.9158288842052258_37.5277177825872243
2026-09-04T09:00:31.559343+09:00,여의도,여의도,POI072,KEY_4,1180095200,국회대로62길,1180049102,키즈TV,126.9155853725793577_37.5281409178062191,1180048301,KBS기술연구소입구,126.9162564298634379_37.5274582162754982,96.0,10.0,정체,126.9162564298634379_37.5274582162754982|126.9159357821919372_37.5277844298947727|126.9155853725793577_37.5281409178062191
2026-09-04T09:00:31.559343+09:00,여의도,여의도,POI072,KEY_4,1180095500,여의대로,1180049000,여의도동 2-11,126.9279149248875740_37.5281296792607293,1180048601,여의도동 2-11,126.9279486089333773_37.5277459654754750,49.0,24.0,서행,126.9279486089333773_37.5277459654754750|126.9279023053807975_37.5277355157637231|126.9278863196264382_37.5278051426226966|126.9278733852933385_37.5278944429118866|126.9278793457358177_37.5280030343716007|126.9279149248875740_37.5281296792607293
2026-09-04T09:00:31.559343+09:00,여의도,여의도,POI072,KEY_4,1180095900,여의대로,1180050701,마포대교앞,126.9298855635072698_37.5288624491009486,1180048602,여의도동 2-11,126.9280343217435671_37.5276621198139964,211.0,19.0,서행,126.9280343217435671_37.5276621198139964|126.9298855635072698_37.5288624491009486
2026-09-04T09:00:31.559343+09:00,여의도,여의도,POI072,KEY_4,1180096400,여의대로,1180050902,마포대교앞교차로,126.9294682427298540_37.5291234386379742,1180049000,여의도동 2-11,126.9279149248875740_37.5281296792607293,176.0,29.0,원활,126.9279149248875740_37.5281296792607293|126.9294682427298540_37.5291234386379742
2026-09-04T09:00:31.559343+09:00,여의도,여의도,POI072,KEY_4,1180097100,여의동로,1180050702,마포대교앞,126.9297800289049007_37.5289334445548945,1180050902,마포대교앞교차로,126.9294682427298540_37.5291234386379742,35.0,21.0,서행,126.9294682427298540_37.5291234386379742|126.9297800289049007_37.5289334445548945
2026-09-04T09:00:31.559343+09:00,여의도,여의도,POI072,KEY_4,1180097300,여의대로,1180051800,마포대교,126.9308059681326171_37.5299618570035207,1180050000,마포대교남측,126.9304020221015321_37.5286131745307898,175.0,37.0,원활,126.9304020221015321_37.5286131745307898|126.9302674992351569_37.5287639444649983|126.9301715807580422_37.5289069217861453|126.9301534341487070_37.5291071595431802|126.9301772199870157_37.5292788143913825|126.9302847624288546_37.5295125003925918|126.9308059681326171_37.5299618570035207
2026-09-04T09:00:31.559343+09:00,여의도,여의도,POI072,KEY_4,1180097500,올림픽대로,1180049300,여의하류IC,126.9124219382957364_37.5282059407288671,1180053000,여의하류IC,126.9116502139587652_37.5302817461312657,241.0,24.0,서행,126.9116502139587652_37.5302817461312657|126.9117554871957765_37.5298527220926914|126.9119085944505940_37.5294737959552691|126.9122868518727643_37.5285372036068665|126.9124219382957364_37.5282059407288671
2026-09-04T09:00:31.559343+09:00,여의도,여의도,POI072,KEY_4,1180098200,여의서로,1180050300,여의하류IC,126.9125858842577514_37.5288463372735421,1180053000,여의하류IC,126.9116502139587652_37.5302817461312657,180.0,9.0,정체,126.9116502139587652_37.5302817461312657|126.9119321014785982_37.5298480867291033|126.9124478698020368_37.5290689337596177|126.9125858842577514_37.5288463372735421
2026-09-04T09:00:31.559343+09:00,여의도,여의도,POI072,KEY_4,1180098300,여의대로,1180051900,마포대교(남측),126.9282127564699607_37.5297704303567201,1180052400,마포대교,126.9307212821010751_37.5300463600273631,231.0,14.0,정체,126.9307212821010751_37.5300463600273631|126.9298072793187941_37.5297592892750274|126.9295379418201009_37.5296911879758781|126.9293044968049458_37.5296517134467038|126.9291024559104528_37.5296408650083890|126.9289048951919625_37.5296407462443824|126.9286983266459004_37.5296692285065987|126.9283704934996138_37.5297333958644117|126.9282127564699607_37.5297704303567201
2026-09-04T09:00:31.559343+09:00,여의도,여의도,POI072,KEY_4,1180098800,여의공원로,1180116800,여의도동 1-2,126.9251712482791419_37.5298465003542461,1180053403,중소기업투데이,126.9247789627892189_37.5302380972319654,56.0,8.0,정체,126.9247789627892189_37.5302380972319654|126.9251712482791419_37.5298465003542461
2026-09-04T09:00:31.559343+09:00,여의도,여의도,POI072,KEY_4,1180098900,여의공원로,1180116900,여의도동 1-2,126.9252773746239455_37.5299139286858292,1180051201,국민일보본사,126.9258217891435123_37.5293704606697105,77.0,20.0,서행,126.9258217891435123_37.5293704606697105|126.9252773746239455_37.5299139286858292
2026-09-04T09:00:31.559343+09:00,여의도,여의도,POI072,KEY_4,1180100100,올림픽대로,1180053000,여의하류IC,126.9116502139587652_37.5302817461312657,1180054600,여의하류IC,126.9113467485372553_37.5312398487618282,110.0,23.0,서행,126.9113467485372553_37.5312398487618282|126.9114940115750727_37.5307441067722678|126.9116502139587652_37.5302817461312657
2026-09-04T09:00:31.559343+09:00,여의도,여의도,POI072,KEY_4,1180101100,올림픽대로,1180054600,여의하류IC,126.9113467485372553_37.5312398487618282,1180053900,여의하류IC,126.9101796785526517_37.5308445942274886,161.0,31.0,서행,126.9101796785526517_37.5308445942274886|126.9101931014992317_37.5310414092060398|126.9102886836397630_37.5312624829991321|126.9103927384446138_37.5313583960722070|126.9105342246899681_37.5314544950895836|126.9107135639955573_37.5314971247237921|126.9109007655329577_37.5314920961623173|126.9111183798562479_37.5314275989006632|126.9112086357648082_37.5313743906016768|126.9113467485372553_37.5312398487618282
2026-09-04T09:00:31.559343+09:00,여의도,여의도,POI072,KEY_4,1180101600,여의서로,1180055500,서강대교남측,126.9220936272136981_37.5317745947810906,1180054700,서강대교남측,126.9217615574708447_37.5313291653935792,67.0,22.0,서행,126.9217615574708447_37.5313291653935792|126.9217629235362779_37.5315398924357950|126.9218301729573000_37.5316910168274589|126.9219347722461606_37.5317503890045288|126.9220358644076327_37.5317673982089559|126.9220936272136981_37.5317745947810906
2026-09-04T09:00:31.559343+09:00,여의도,여의도,POI072,KEY_4,1180102100,올림픽대로,1180055000,여의하류IC앞,126.9097766577302622_37.5319288643150841,1180056700,여의하류IC앞,126.9099677257352141_37.5322885743723162,247.0,39.3,서행,126.9099677257352141_37.5322885743723162|126.9101802749627552_37.5322898012020829|126.9104318980016188_37.5322803263696159|126.9105533440733069_37.5322594692428169|126.9106435161752842_37.5322169922414162|126.9107278503933003_37.5321554077364397|126.9108033508016575_37.5320746999620383|126.9108579076633276_37.5319915030838942|126.9108854019603427_37.5319224810316570|126.9108979423341879_37.5318509987701034|126.9108805013922705_37.5317841367436387|126.9108362782712049_37.5316956773246275|126.9107828271066865_37.5316381747174148|126.9106874170305019_37.5315852327633905|126.9105858681555645_37.5315513377507699|126.9104842061042717_37.5315317522630707|126.9103943910203895_37.5315289189790775|126.9102954982978702_37.5315379647373817|126.9102025389048976_37.5315541941005435|126.9100974322583681_37.5315918264329014|126.9100101221350911_37.5316510106624506|126.9099196124940221_37.5317364124159667|126.9097766577302622_37.5319288643150841
2026-09-04T09:00:31.559343+09:00,여의도,여의도,POI072,KEY_4,1180103300,올림픽대로,1180054600,여의하류IC,126.9113467485372553_37.5312398487618282,1180056700,여의하류IC앞,126.9099677257352141_37.5322885743723162,207.0,35.0,원활,126.9099677257352141_37.5322885743723162|126.9102019059527322_37.5323529642993847|126.9104144226252089_37.5323881863476316|126.9105551300773840_37.5323763736599858|126.9106838828241166_37.5323478643264963|126.9107976882863937_37.5323026561256228|126.9109025353903490_37.5322383695701731|126.9109714553170818_37.5321788239392902|126.9110374194450657_37.5320882852129003|126.9110944195145976_37.5319834363101563|126.9113016746642160_37.5313852328840198|126.9113467485372553_37.5312398487618282
2026-09-04T09:00:31.559343+09:00,여의도,여의도,POI072,KEY_4,1180103700,올림픽대로,1180056900,여의하류IC앞,126.9099107440064671_37.5323785517192547,1180058100,여의하류IC,126.9113470954211209_37.5334759494431651,183.0,48.0,서행,126.9113470954211209_37.5334759494431651|126.9112574345930824_37.5333543028651491|126.9111647860354850_37.5332278867742630|126.9110691582745005_37.5330895481243871|126.9109675293688468_37.5329631251105766|126.9108449616440879_37.5328247659603988|126.9107313287380663_37.5327245564036360|126.9105578407508830_37.5326123820790158|126.9103573956169413_37.5325144895265197|126.9101523716446422_37.5324473163778976|126.9099107440064671_37.5323785517192547
2026-09-04T09:00:31.559343+09:00,여의도,여의도,POI072,KEY_4,1180104000,올림픽대로,1180322800,최소노드배치점,126.9188633519518135_37.5330663833708513,1180054900,여의하류IC,126.9238476077766080_37.5313717470433375,486.0,35.0,서행,126.9238476077766080_37.5313717470433375|126.9235232634260058_37.5316199137243132|126.9232000481612062_37.5318505638760769|126.9230158194888247_37.5319791744498730|126.9228496134543036_37.5320470077723343|126.9224004740734983_37.5321647167067241|126.9210485355217912_37.5325392848552042|126.9195124922006812_37.5329065609222638|126.9188633519518135_37.5330663833708513
2026-09-04T09:00:31.559343+09:00,여의도,여의도,POI072,KEY_4,1180104200,올림픽대로,1180056900,여의하류IC앞,126.9099107440064671_37.5323785517192547,1180057200,여의하류IC앞,126.9095075762253231_37.5324759606280765,244.0,40.3,서행,126.9095075762253231_37.5324759606280765|126.9094841950826407_37.5325994681253974|126.9094564797182016_37.5327452630529876|126.9094313198684887_37.5328977660792660|126.9094484590793002_37.5330027836566202|126.9095046031765150_37.5330984571128070|126.9095730635125250_37.5331512658508686|126.9096595477012244_37.5331970100760017|126.9097791981177750_37.5332143016489468|126.9099049867064224_37.5332125452215948|126.9100668986708342_37.5331871216565673|126.9101840428222800_37.5331423950281788|126.9102684147233475_37.5330760409922490|126.9103138214403117_37.5330142623253735|126.9103534441543815_37.5329262222845230|126.9103630663362168_37.5328451854664635|126.9103489008242747_37.5327425678390441|126.9103166942296639_37.5326493988199772|126.9102455019530993_37.5325631892314817|126.9101144752508361_37.5324695269450785|126.9099107440064671_37.5323785517192547
2026-09-04T09:00:31.559343+09:00,여의도,여의도,POI072,KEY_4,1180104400,올림픽대로,1180058200,여의하류IC,126.9088719404886518_37.5335782193263654,1180058100,여의하류IC,126.9113470954211209_37.5334759494431651,236.0,46.7,서행,126.9113470954211209_37.5334759494431651|126.9111690623947908_37.5333607524628903|126.9109989641811467_37.5332847817553272|126.9108511282904743_37.5332339637287120|126.9106941120611651_37.5332081395440156|126.9105324361279230_37.5332037554386346|126.9103751385429319_37.5332137012479095|126.9102175873575931_37.5332558412137871|126.9100735400548814_37.5332944719436838|126.9099296329114139_37.5333152159377619|126.9097947662082930_37.5333288514592383|126.9096330327877951_37.5333316200244838|126.9094937305390545_37.5333380780400887|126.9093228160708549_37.5333658410132927|126.9091877513593118_37.5334045154003917|126.9090840728703284_37.5334505001922309|126.9088719404886518_37.5335782193263654
2026-09-04T09:00:31.559343+09:00,여의도,여의도,POI072,KEY_4,1180104700,올림픽대로,1180057702,여의하류IC,126.9116446085465810_37.5333341738394211,1180058600,여의하류IC,126.9124480904624335_37.5340012297976102,103.0,23.5,정체,126.9124480904624335_37.5340012297976102|126.9122745980778859_37.5338890571121127|126.9120682102647208_37.5337482538104155|126.9119545687167232_37.5336528126330577|126.9118678582978959_37.5335669276376009|126.9117632252879702_37.5334476543186142|126.9116446085465810_37.5333341738394211
2026-09-04T09:00:31.559343+09:00,여의도,여의도,POI072,KEY_4,1180105100,올림픽대로,1180058100,여의하류IC,126.9113470954211209_37.5334759494431651,1180058600,여의하류IC,126.9124480904624335_37.5340012297976102,118.0,25.0,정체,126.9124480904624335_37.5340012297976102|126.9122714926787694_37.5339844113092269|126.9121398055384304_37.5339604738344619|126.9119004108432165_37.5338863945131394|126.9117179131641819_37.5337956707200888|126.9115683555591261_37.5336954342220679|126.9114666742656965_37.5336119217694275|126.9113470954211209_37.5334759494431651
2026-09-04T09:00:31.559343+09:00,여의도,여의도,POI072,KEY_4,1180105300,올림픽대로,1180058600,여의하류IC,126.9124480904624335_37.5340012297976102,1180058400,여의하류IC,126.9148490647562824_37.5338551834337650,213.0,31.5,서행,126.9148490647562824_37.5338551834337650|126.9146365081849410_37.5338693333682087|126.9127833540508021_37.5340110131640330|126.9126216957507864_37.5340180458078123|126.9124480904624335_37.5340012297976102
2026-09-04T09:00:31.559343+09:00,여의도,여의도,POI072,KEY_4,1180119300,국제금융로,1180047702,여의도동2-11,126.9260844397870045_37.5269585366700795,1180047401,파크원타워1,126.9263167991109071_37.5267074897627282,35.0,9.0,정체,126.9263167991109071_37.5267074897627282|126.9260844397870045_37.5269585366700795
2026-09-04T09:00:31.559343+09:00,여의도,여의도,POI072,KEY_4,1180125100,여의대로4길,1180043308,IFC몰,126.9253912997659910_37.5240305296354393,1180043904,여의도동2-11,126.9242022027608812_37.5252577455223957,173.0,10.0,정체,126.9242022027608812_37.5252577455223957|126.9246481580183996_37.5247712374463021|126.9246502970791397_37.5247689038512675|126.9247757014081515_37.5246351435260124|126.9247791512703714_37.5246315370412233|126.9253369888391063_37.5240483679096428|126.9253912997659910_37.5240305296354393
2026-09-04T09:00:31.559343+09:00,여의도,여의도,POI072,KEY_4,1180125200,여의대로4길,1180119700,여의도동 23,126.9248871351346679_37.5246970604828931,1180043309,IFC몰,126.9255169922482764_37.5241061994683847,87.0,9.0,정체,126.9255169922482764_37.5241061994683847|126.9254227075627881_37.5241371671839445|126.9248871351346679_37.5246970604828931
2026-09-04T09:00:31.559343+09:00,여의도,여의도,POI072,KEY_4,1180129700,여의대로,1180035805,LG경영개발원,126.9199415755927589_37.5213879918803102,1180038704,전경련회관삼거리,126.9191704288033691_37.5221849123008013,112.0,9.0,정체,126.9191704288033691_37.5221849123008013|126.9199415755927589_37.5213879918803102
2026-09-04T09:00:31.559343+09:00,여의도,여의도,POI072,KEY_4,1180129800,여의대로,1180038703,전경련회관삼거리,126.9192775411875402_37.5222513352049134,1180035802,LG경영개발원,126.9200485653260415_37.5214545403774409,112.0,18.0,서행,126.9200485653260415_37.5214545403774409|126.9192775411875402_37.5222513352049134
2026-09-04T09:00:31.559343+09:00,여의도,여의도,POI072,KEY_4,1180131700,올림픽대로,1180072800,여의상류IC,126.9405016513416058_37.5173927522574644,1180072700,여의상류IC,126.9400317402693616_37.5169229080486772,221.0,39.5,서행,126.9400317402693616_37.5169229080486772|126.9399344802771310_37.5169316289955646|126.9398211359667812_37.5169535882205949|126.9397250814745064_37.5169865204715478|126.9396499126596893_37.5170290914397313|126.9395866670927830_37.5170788728819602|126.9395569131277739_37.5171084448085992|126.9394778696889432_37.5172142920509657|126.9394474129800869_37.5172833077141021|126.9394349378280964_37.5173500233186985|126.9394344204221170_37.5174191813664777|126.9394518846603290_37.5174860393611098|126.9394842642379189_37.5175601229327924|126.9395138118170934_37.5176127296308124|126.9395792139877273_37.5176750458591997|126.9396507655670234_37.5177159276217509|126.9397313518953752_37.5177496969262165|126.9398150389860405_37.5177691724375677|126.9398958040664525_37.5177790948669383|126.9400096093687011_37.5177748648494571|126.9401115632629029_37.5177538853697854|126.9401896368920006_37.5177232520757471|126.9402527950462485_37.5176853941495381|126.9403371051859892_37.5176214033639113|126.9404239541164117_37.5175025778350246|126.9405016513416058_37.5173927522574644
2026-09-04T09:00:31.559343+09:00,여의도,여의도,POI072,KEY_4,1180131800,올림픽대로,1180073200,여의상류IC,126.9413747929981042_37.5171839921024386,1180072900,여의상류IC,126.9406083800987517_37.5174248708792817,223.0,37.5,서행,126.9406083800987517_37.5174248708792817|126.9405930312344424_37.5175435153873309|126.9406092616678592_37.5176670087558009|126.9406471748521454_37.5177969651017236|126.9407050223394009_37.5178687842951106|126.9407719322446866_37.5179299139964257|126.9408479565857988_37.5179732011517402|126.9409330178654471_37.5180093757528255|126.9410361749584411_37.5180277509984137|126.9411618942258571_37.5180319231682446|126.9413057634171480_37.5180111401280030|126.9414454615370147_37.5179474103264710|126.9415493929910213_37.5178620475961679|126.9416038699689295_37.5177836052660467|126.9416231424661277_37.5177302402591408|126.9416451412587463_37.5176693288908751|126.9416504315423992_37.5175620364262841|126.9416241520395943_37.5174724808295537|126.9415895959336780_37.5173712900806677|126.9415130106084462_37.5172832160456764|126.9414200748953476_37.5172121420924327|126.9413747929981042_37.5171839921024386
2026-09-04T09:00:31.559343+09:00,여의도,여의도,POI072,KEY_4,1180131900,올림픽대로,1180033601,여의상류IC,126.9410620352872030_37.5197641943777285,1180073300,여의상류IC,126.9429855095649771_37.5174961988850910,356.0,32.0,서행,126.9429855095649771_37.5174961988850910|126.9425770783428646_37.5174620764480835|126.9423645811656343_37.5174515339232642|126.9422687580351123_37.5174534666303643|126.9421458647768333_37.5174719653657647|126.9420678452474931_37.5174954451136884|126.9419987904991132_37.5175213520105117|126.9419236224377983_37.5175639235214362|126.9418634063433728_37.5176089512716757|126.9418000721829998_37.5176706568276828|126.9417427069557931_37.5177485130741815|126.9416003222524836_37.5179582783130741|126.9415367386929461_37.5180533702759931|126.9414333808193476_37.5182627473598558|126.9414028723800385_37.5183389174551678|126.9413353512353808_37.5185603874609441|126.9413075523894747_37.5186747280699180|126.9411772528702187_37.5192846297340026|126.9411243449818727_37.5195538654257774|126.9410620352872030_37.5197641943777285
2026-09-04T09:00:31.559343+09:00,여의도,여의도,POI072,KEY_4,1180132000,올림픽대로,1180072600,여의상류IC,126.9378948464693480_37.5165074160918977,1180029800,여의상류IC,126.9377628191142691_37.5176475456465397,325.0,38.0,서행,126.9377628191142691_37.5176475456465397|126.9381601723230375_37.5176575716860441|126.9387198855593368_37.5176805047165018|126.9388336718633070_37.5176786598768359|126.9389566551671322_37.5176482416586694|126.9390618000187771_37.5176010446367982|126.9391550758196558_37.5175394812165521|126.9392214417544267_37.5174730213408125|126.9392698981474012_37.5173993216681509|126.9393003717038368_37.5173279211050357|126.9393129014057564_37.5172540506748149|126.9393105136024502_37.5171729555413691|126.9392901098453308_37.5170989285295988|126.9392489783639775_37.5170157736007610|126.9392102730446084_37.5169649983634272|126.9391597703063752_37.5169122924934584|126.9390793806584412_37.5168522901816885|126.9389868734863427_37.5168113080451349|126.9378948464693480_37.5165074160918977
2026-09-04T09:00:31.559343+09:00,여의도,여의도,POI072,KEY_4,1180132101,올림픽대로,1180029701,노들길지하차도(남측),126.9174454412259223_37.5178935252872279,1180073802,신길동 4898,126.9243723430401758_37.5161747318214296,653.0,61.0,원활,126.9243723430401758_37.5161747318214296|126.9226606204918255_37.5168357374757875|126.9219396728078948_37.5171454308969743|126.9207111304239390_37.5176103681835897|126.9204558848613971_37.5176924905913509|126.9203001038399492_37.5177165135415223|126.9201811855750321_37.5177294500317089|126.9199887160019671_37.5177420257544867|126.9196406749877610_37.5177515824785388|126.9190944888944870_37.5177759385469969|126.9185088538632584_37.5177798166117711|126.9182257725997260_37.5178032092262725|126.9180388896296705_37.5178248227006961|126.9177583737531023_37.5178820279200735|126.9174454412259223_37.5178935252872279
2026-09-04T09:00:31.559343+09:00,여의도,여의도,POI072,KEY_4,1190006101,여의대방로,1180024602,대방역(서울1호선),126.9260012336949046_37.5136322383516898,1190002704,대방역사거리,126.9267562377877425_37.5145721661826528,126.0,24.0,서행,126.9267562377877425_37.5145721661826528|126.9266532556327434_37.5145489765688183|126.9266093775832047_37.5144872851627227|126.9260012336949046_37.5136322383516898
2026-09-04T09:00:31.559343+09:00,여의도,여의도,POI072,KEY_4,1190006201,여의대방로,1190002703,대방역사거리,126.9268958244966257_37.5145487094125656,1180024601,대방역(서울1호선),126.9262367161707630_37.5135246544136862,130.0,20.5,서행,126.9262367161707630_37.5135246544136862|126.9268824723927764_37.5144176304682091|126.9269222862782698_37.5144726857951127|126.9268958244966257_37.5145487094125656
2026-09-04T09:00:31.559343+09:00,여의도,여의도,POI072,KEY_4,1190006903,여의대방로,1190022302,영등포구-동작구,126.9274873639790400_37.5155411761891173,1180028009,여의교앞교차로,126.9284790582093052_37.5169816909920968,182.0,44.0,원활,126.9284790582093052_37.5169816909920968|126.9283375899637605_37.5167431126999773|126.9274873639790400_37.5155411761891173
2026-09-04T09:00:31.559343+09:00,여의도,여의도,POI072,KEY_4,1190007003,여의대방로,1180028008,여의교앞교차로,126.9286343708705260_37.5169904528563194,1190022301,영등포구-동작구,126.9276025342916370_37.5154837396407004,191.0,14.5,정체,126.9276025342916370_37.5154837396407004|126.9284582427261938_37.5166934225227635|126.9286343708705260_37.5169904528563194
2026-09-04T09:00:31.559343+09:00,여의도,여의도,POI072,KEY_4,1190044800,노들로,1190182300,최소노드배치점,126.9272162634406413_37.5145713085371639,1180025902,여의교지하차도(서측),126.9243577826353402_37.5152265372191849,264.0,58.0,원활,126.9243577826353402_37.5152265372191849|126.9252562213810762_37.5149340719642055|126.9254762290053691_37.5148794587899204|126.9263543419064746_37.5147006945100898|126.9268842390227690_37.5146043415104771|126.9272162634406413_37.5145713085371639
2026-09-04T09:00:31.559343+09:00,연남동,연남동,POI073,KEY_1,1130018501,월드컵북로,1130260700,서교동 445-7,126.9200065606029000_37.5564461523167950,1130031203,서교동 445-7,126.9187731280576088_37.5574745284471163,158.0,14.0,정체,126.9187731280576088_37.5574745284471163|126.9200065606029000_37.5564461523167950
2026-09-04T09:00:31.559343+09:00,연남동,연남동,POI073,KEY_1,1120004702,연희로,1130277000,연남동 226-48,126.9271080598153532_37.5618100657820975,1130034803,해청갤러리,126.9273073914400101_37.5621099056815169,38.0,12.0,정체,126.9273073914400101_37.5621099056815169|126.9271080598153532_37.5618100657820975
2026-09-04T09:00:31.559343+09:00,연남동,연남동,POI073,KEY_1,1120004703,연희로,1130250200,연남동 226-24,126.9280727889166229_37.5631859582277556,1130035903,연희동성당앞,126.9283432785030072_37.5635653407448942,48.0,7.0,정체,126.9283432785030072_37.5635653407448942|126.9280727889166229_37.5631859582277556
2026-09-04T09:00:31.559343+09:00,연남동,연남동,POI073,KEY_1,1120004802,연희로,1120065500,연희동 226-32,126.9276239882496213_37.5623374246412851,1130034801,해청갤러리,126.9274702230425476_37.5621217504392817,28.0,13.0,정체,126.9274702230425476_37.5621217504392817|126.9276239882496213_37.5623374246412851
2026-09-04T09:00:31.559343+09:00,연남동,연남동,POI073,KEY_1,1120060900,연희로,1120028701,연희동 739,126.9288286649398998_37.5621518337985663,1130034802,해청갤러리,126.9273953958239645_37.5620111365759470,147.0,15.0,서행,126.9273953958239645_37.5620111365759470|126.9274286614211036_37.5619672062125005|126.9277400706569807_37.5617957123375845|126.9278934350607244_37.5617729928707433|126.9284634704889925_37.5620666455208649|126.9285543477235052_37.5621045099639375|126.9286568464001022_37.5621272878675327|126.9288286649398998_37.5621518337985663
2026-09-04T09:00:31.559343+09:00,연남동,연남동,POI073,KEY_1,1120062900,동교로,1120007802,조선일보(연희지국),126.9270208438035894_37.5646005680013459,1130036601,서대문구-마포구,126.9267080980032176_37.5643200920704956,42.0,31.0,원활,126.9267080980032176_37.5643200920704956|126.9270208438035894_37.5646005680013459
2026-09-04T09:00:31.559343+09:00,연남동,연남동,POI073,KEY_1,1120063000,동교로,1130036602,서대문구-마포구,126.9266078711886649_37.5643930441057563,1120007803,조선일보(연희지국),126.9269211950978473_37.5646740742852359,42.0,6.5,정체,126.9269211950978473_37.5646740742852359|126.9266078711886649_37.5643930441057563
2026-09-04T09:00:31.559343+09:00,연남동,연남동,POI073,KEY_1,1130018303,동교로,1130267000,동교동 151-3,126.9235602086829147_37.5590265329813064,1130006103,동서빌라,126.9237720218529262_37.5599217838101325,101.0,17.0,서행,126.9237720218529262_37.5599217838101325|126.9237420189898273_37.5597891978450278|126.9236012045125506_37.5591669167257010|126.9235602086829147_37.5590265329813064
2026-09-04T09:00:31.559343+09:00,연남동,연남동,POI073,KEY_1,1130018502,월드컵북로,1130251100,성산동 232-19,126.9170346878931355_37.5594060910254228,1130033003,경성고교입구교차로,126.9163000018430409_37.5602379275557112,113.0,17.3,서행,126.9163000018430409_37.5602379275557112|126.9170346878931355_37.5594060910254228
2026-09-04T09:00:31.559343+09:00,연남동,연남동,POI073,KEY_1,1130018602,월드컵북로,1130257900,연남동 571-19,126.9179061052080186_37.5586077878839077,1130031201,연남동 570-51,126.9187945682714940_37.5576202514821702,135.0,19.0,서행,126.9187945682714940_37.5576202514821702|126.9187015916444921_37.5577134134808404|126.9179061052080186_37.5586077878839077
2026-09-04T09:00:31.559343+09:00,연남동,연남동,POI073,KEY_1,1130018900,성미산로,1130272600,성산동 231-11,126.9158091268138975_37.5600789669375956,1130033004,경성고교입구교차로,126.9162191219763116_37.5603247891752687,45.0,21.0,서행,126.9162191219763116_37.5603247891752687|126.9158091268138975_37.5600789669375956
2026-09-04T09:00:31.559343+09:00,연남동,연남동,POI073,KEY_1,1130019301,연남로,1130240800,연남동 567-43,126.9231287573617948_37.5609100158457139,1130033401,연남동 567-43,126.9233172227791897_37.5606784343822042,31.0,16.0,서행,126.9233172227791897_37.5606784343822042|126.9231287573617948_37.5609100158457139
2026-09-04T09:00:31.559343+09:00,연남동,연남동,POI073,KEY_1,1130019302,연남로,1130033402,연남동 567-43,126.9233912364688450_37.5605875658401018,1130006104,동서빌라,126.9238055697589687_37.5600792539152337,67.0,30.0,원활,126.9238055697589687_37.5600792539152337|126.9233912364688450_37.5605875658401018
2026-09-04T09:00:31.559343+09:00,연남동,연남동,POI073,KEY_1,1130019401,연남로,1130245000,연남동 515-26,126.9217700703665628_37.5623806377983485,1130006303,로얄빌딩,126.9211548639525944_37.5631365364465495,100.0,30.5,원활,126.9211548639525944_37.5631365364465495|126.9217700703665628_37.5623806377983485
2026-09-04T09:00:31.559343+09:00,연남동,연남동,POI073,KEY_1,1130019402,연남로,1130006103,동서빌라,126.9237720218529262_37.5599217838101325,1130033403,동교동 197-41,126.9232773041242268_37.5605287127344880,80.0,14.3,정체,126.9232773041242268_37.5605287127344880|126.9237720218529262_37.5599217838101325
2026-09-04T09:00:31.559343+09:00,연남동,연남동,POI073,KEY_1,1130019700,성미산로,1130238200,연남동 369-8,126.9192663547726170_37.5621460245775722,1130006304,로얄빌딩,126.9210804329262032_37.5632272406674659,200.0,12.5,정체,126.9210804329262032_37.5632272406674659|126.9207517183218528_37.5630313265380593|126.9204200520956078_37.5628336512674252|126.9200100335724386_37.5625892747693442|126.9198326226203619_37.5624835345415917|126.9192663547726170_37.5621460245775722
2026-09-04T09:00:31.559343+09:00,연남동,연남동,POI073,KEY_1,1130019800,성미산로,1130237700,성산동 231-20,126.9169040134700737_37.5605999951076086,1130033002,경성고교입구교차로,126.9164085521041301_37.5603030039980226,55.0,17.3,서행,126.9164085521041301_37.5603030039980226|126.9169040134700737_37.5605999951076086
2026-09-04T09:00:31.559343+09:00,연남동,연남동,POI073,KEY_1,1130020000,월드컵북로,1130243000,성산동 231-22,126.9157321063545254_37.5610348315618126,1130033001,경성고교입구교차로,126.9163276327042809_37.5603898418518440,89.0,26.0,원활,126.9163276327042809_37.5603898418518440|126.9161941072004822_37.5605258680463834|126.9160529479223669_37.5606813771840038|126.9157321063545254_37.5610348315618126
2026-09-04T09:00:31.559343+09:00,연남동,연남동,POI073,KEY_1,1130020301,성미산로,1130006301,로얄빌딩,126.9211915162888573_37.5632895435570831,1130036004,노블레스아파트,126.9217317006510797_37.5635753657036062,57.0,9.0,정체,126.9217317006510797_37.5635753657036062|126.9211915162888573_37.5632895435570831
2026-09-04T09:00:31.559343+09:00,연남동,연남동,POI073,KEY_1,1130020302,성미산로,1130249800,연남동 225-38,126.9250630781282325_37.5641314617751121,1130035804,연남동 225-38,126.9256843986061938_37.5636126984175931,80.0,21.0,서행,126.9256843986061938_37.5636126984175931|126.9250630781282325_37.5641314617751121
2026-09-04T09:00:31.559343+09:00,연남동,연남동,POI073,KEY_1,1130020401,성미산로,1130036003,노블레스아파트,126.9218068862926145_37.5634853229895498,1130006302,로얄빌딩,126.9212658294876519_37.5631990398513125,57.0,16.0,서행,126.9212658294876519_37.5631990398513125|126.9218068862926145_37.5634853229895498
2026-09-04T09:00:31.559343+09:00,연남동,연남동,POI073,KEY_1,1130020402,성미산로,1130251300,연남동 250-10,126.9221693717430242_37.5636724649411420,1130036002,노블레스아파트,126.9219212234222169_37.5635450288828423,26.0,17.0,서행,126.9219212234222169_37.5635450288828423|126.9221693717430242_37.5636724649411420
2026-09-04T09:00:31.559343+09:00,연남동,연남동,POI073,KEY_1,1130021301,동교로,1130270200,연남동 373-20,126.9238877393567293_37.5603936801492893,1130033503,창무빌딩,126.9241748864737787_37.5606341936674681,38.0,14.0,정체,126.9241748864737787_37.5606341936674681|126.9241661103410337_37.5606061520141736|126.9241366858942399_37.5605700517992886|126.9241002899647839_37.5605390962913646|126.9239179770402757_37.5604331415745349|126.9238877393567293_37.5603936801492893
2026-09-04T09:00:31.559343+09:00,연남동,연남동,POI073,KEY_1,1130021302,동교로,1130250600,연남동 229-65,126.9250813106768447_37.5630900163644981,1130035803,연남동 225-36,126.9255917382149761_37.5635333791396420,67.0,27.0,원활,126.9255917382149761_37.5635333791396420|126.9253960018439642_37.5633633613362221|126.9250813106768447_37.5630900163644981
2026-09-04T09:00:31.559343+09:00,연남동,연남동,POI073,KEY_1,1130021303,동교로,1130264400,연남동 225-38,126.9263679639492324_37.5641903218058602,1130036602,서대문구-마포구,126.9266078711886649_37.5643930441057563,31.0,7.0,정체,126.9266078711886649_37.5643930441057563|126.9263679639492324_37.5641903218058602
2026-09-04T09:00:31.559343+09:00,연남동,연남동,POI073,KEY_1,1130021401,동교로,1130270300,동교동 190-1,126.9240036868288968_37.5603373757369283,1130006101,동서빌라,126.9239149665367705_37.5599450424727905,44.0,19.0,서행,126.9239149665367705_37.5599450424727905|126.9239877581506306_37.5602899730970847|126.9239997971928346_37.5603322997610576|126.9240036868288968_37.5603373757369283
2026-09-04T09:00:31.559343+09:00,연남동,연남동,POI073,KEY_1,1130021402,동교로,1130234100,연남동 260-65,126.9243509881973893_37.5610184290997395,1130033501,창무빌딩,126.9243242832398835_37.5606902998111352,36.0,19.0,서행,126.9243242832398835_37.5606902998111352|126.9243327450441683_37.5607736496850464|126.9243509881973893_37.5610184290997395
2026-09-04T09:00:31.559343+09:00,연남동,연남동,POI073,KEY_1,1130021403,동교로,1130036601,서대문구-마포구,126.9267080980032176_37.5643200920704956,1130035801,연남동 224-68,126.9257782460976927_37.5635343239583079,120.0,22.0,서행,126.9257782460976927_37.5635343239583079|126.9261142058849572_37.5638182283647524|126.9264668133956491_37.5641161976511739|126.9267080980032176_37.5643200920704956
2026-09-04T09:00:31.559343+09:00,연남동,연남동,POI073,KEY_1,1130021601,연남로,1130281300,최소노드배치점,126.9194887786172217_37.5653656026151168,1130006301,로얄빌딩,126.9211915162888573_37.5632895435570831,275.0,25.0,원활,126.9211915162888573_37.5632895435570831|126.9205365111346566_37.5640803585334453|126.9202702056518319_37.5644070381809527|126.9200506331480227_37.5646763873924741|126.9196463850846328_37.5651722716135268|126.9194887786172217_37.5653656026151168
2026-09-04T09:00:31.559343+09:00,연남동,연남동,POI073,KEY_1,1130055000,월드컵북로5길,1130254500,서교동 449-44,126.9173185892374249_37.5569228155895019,1130031204,서교동 449-44,126.9186832942457102_37.5575579420634398,140.0,16.3,서행,126.9186832942457102_37.5575579420634398|126.9181245521222081_37.5572974258490646|126.9174760525978627_37.5569950542124857|126.9173185892374249_37.5569228155895019
2026-09-04T09:00:31.559343+09:00,연남동,연남동,POI073,KEY_1,1130057300,월드컵북로6길,1130261300,동교동 203-33,126.9193673333113281_37.5578672419356039,1130031202,동교동 205-15,126.9188838547954674_37.5575387719110481,56.0,24.0,서행,126.9188838547954674_37.5575387719110481|126.9193673333113281_37.5578672419356039
2026-09-04T09:00:31.559343+09:00,연남동,연남동,POI073,KEY_1,1130057400,월드컵북로6길,1130237300,연남동 567-58,126.9228121069769628_37.5603611737690315,1130033404,연남동 567-43,126.9232032360486642_37.5606196477347183,45.0,14.0,정체,126.9232032360486642_37.5606196477347183|126.9230964736037777_37.5605557972101778|126.9228121069769628_37.5603611737690315
2026-09-04T09:00:31.559343+09:00,연남동,연남동,POI073,KEY_1,1130060000,동교로29길,1130033503,창무빌딩,126.9241748864737787_37.5606341936674681,1130036003,노블레스아파트,126.9218068862926145_37.5634853229895498,381.0,22.0,서행,126.9218068862926145_37.5634853229895498|126.9218459298930100_37.5634232918577879|126.9220337933197982_37.5631841000810169|126.9223456371491494_37.5627870497117868|126.9227675631269960_37.5622648309932572|126.9233084612183120_37.5615953472728421|126.9240020675585043_37.5607446270273684|126.9240943496756557_37.5606712830971432|126.9241748864737787_37.5606341936674681
2026-09-04T09:00:31.559343+09:00,연남동,연남동,POI073,KEY_1,1130060100,동교로29길,1130246800,연남동 257-9,126.9228817967008496_37.5623233169991337,1130033504,창무빌딩,126.9241941095302053_37.5607502493276115,210.0,7.0,정체,126.9241941095302053_37.5607502493276115|126.9241777376998783_37.5607577891073205|126.9241081814776919_37.5608130710165966|126.9234225413209742_37.5616540221321031|126.9228817967008496_37.5623233169991337
2026-09-04T09:00:31.559343+09:00,연남동,연남동,POI073,KEY_1,1130060900,성미산로,1130275100,연남동 227-35,126.9263235538300165_37.5629220786752782,1130035802,연남동 224-42,126.9256856633364663_37.5634549376981468,82.0,11.0,정체,126.9256856633364663_37.5634549376981468|126.9258913341547981_37.5632831326951120|126.9263235538300165_37.5629220786752782
2026-09-04T09:00:31.559343+09:00,연남동,연남동,POI073,KEY_1,1130061000,성미산로,1130251800,연남동 226-9,126.9268765102369230_37.5626168868789208,1130034804,해청갤러리,126.9273752792072827_37.5622076263378801,63.0,16.3,서행,126.9273752792072827_37.5622076263378801|126.9272849188586036_37.5622757135550032|126.9268765102369230_37.5626168868789208
2026-09-04T09:00:31.559343+09:00,영등포 타임스퀘어,영등포 타임스퀘어,POI074,KEY_2,1180000901,경인로,1180127400,영등포동3가 39,126.9084229054596591_37.5170881749968004,1180028604,영등포한전,126.9092990278852682_37.5173912699995569,84.0,8.3,정체,126.9092990278852682_37.5173912699995569|126.9084229054596591_37.5170881749968004
2026-09-04T09:00:31.559343+09:00,영등포 타임스퀘어,영등포 타임스퀘어,POI074,KEY_2,1180000902,경인로,1180028601,영등포한전,126.9094281785715310_37.5174358290711183,1180029402,영등포고가차도(서측),126.9105878329916948_37.5178352904877315,112.0,11.0,정체,126.9105878329916948_37.5178352904877315|126.9094281785715310_37.5174358290711183
2026-09-04T09:00:31.559343+09:00,영등포 타임스퀘어,영등포 타임스퀘어,POI074,KEY_2,1180000903,경인로,1180029402,영등포고가차도(서측),126.9105878329916948_37.5178352904877315,1180000603,영등포로터리,126.9120906292499882_37.5184239480049868,149.0,21.0,서행,126.9120906292499882_37.5184239480049868|126.9120097694427898_37.5183896253174680|126.9108093688715826_37.5179714686493213|126.9105878329916948_37.5178352904877315
2026-09-04T09:00:31.559343+09:00,영등포 타임스퀘어,영등포 타임스퀘어,POI074,KEY_2,1180001001,경인로,1180243700,영등포동 481-12,126.9078910549129091_37.5167862984797083,1180000503,영등포역앞교차로,126.9067347975935007_37.5163862687553689,111.0,24.0,서행,126.9067347975935007_37.5163862687553689|126.9078910549129091_37.5167862984797083
2026-09-04T09:00:31.559343+09:00,영등포 타임스퀘어,영등포 타임스퀘어,POI074,KEY_2,1180001002,경인로,1180029401,영등포고가차도(서측),126.9106419673750281_37.5177361416953161,1180028602,영등포한전,126.9094820584459313_37.5173365914275081,112.0,22.0,서행,126.9094820584459313_37.5173365914275081|126.9106419673750281_37.5177361416953161
2026-09-04T09:00:31.559343+09:00,영등포 타임스퀘어,영등포 타임스퀘어,POI074,KEY_2,1180001003,경인로,1180000602,영등포로터리,126.9122093045591271_37.5182292931425820,1180029401,영등포고가차도(서측),126.9106419673750281_37.5177361416953161,150.0,5.0,정체,126.9106419673750281_37.5177361416953161|126.9109181500788281_37.5177733471150248|126.9121281737749598_37.5181948553375548|126.9122093045591271_37.5182292931425820
2026-09-04T09:00:31.559343+09:00,영등포 타임스퀘어,영등포 타임스퀘어,POI074,KEY_2,1180016003,영신로,1180265900,최소노드배치점,126.9050837909057066_37.5148823947284882,1180027207,영등포역고가차도(북측),126.9017626129269445_37.5169443079154448,424.0,50.7,원활,126.9017626129269445_37.5169443079154448|126.9019464525509591_37.5164721407837831|126.9020154613533151_37.5163078036969537|126.9021072569615001_37.5161510250484795|126.9023834280580587_37.5156942430907350|126.9024808980569503_37.5155688327527201|126.9026058694610697_37.5154290361645053|126.9027821758004819_37.5152741394399101|126.9029989752344960_37.5151256782396274|126.9031475369572917_37.5150583618414899|126.9033411285070230_37.5149777905100592|126.9035566614483344_37.5149145414508993|126.9037620354231706_37.5148812538008869|126.9039907983438979_37.5148595753164642|126.9041756644236330_37.5148486827381689|126.9046694087680294_37.5148635163425510|126.9050837909057066_37.5148823947284882
2026-09-04T09:00:31.559343+09:00,영등포 타임스퀘어,영등포 타임스퀘어,POI074,KEY_2,1180016005,영신로,1180027204,속성변화점,126.9015038398044055_37.5176240892620427,1180031203,영등포경방필뒷길교차로,126.9011930366776255_37.5184405339261389,95.0,38.0,원활,126.9011930366776255_37.5184405339261389|126.9014769539015077_37.5176947161951801|126.9015038398044055_37.5176240892620427
2026-09-04T09:00:31.559343+09:00,영등포 타임스퀘어,영등포 타임스퀘어,POI074,KEY_2,1180016006,영신로,1180027207,영등포역고가차도(북측),126.9017626129269445_37.5169443079154448,1180027204,속성변화점,126.9015038398044055_37.5176240892620427,79.0,46.0,원활,126.9015038398044055_37.5176240892620427|126.9017626129269445_37.5169443079154448
2026-09-04T09:00:31.559343+09:00,영등포 타임스퀘어,영등포 타임스퀘어,POI074,KEY_2,1180016103,영신로,1180265800,최소노드배치점,126.9050760407689751_37.5149903383453420,1180024701,영등포역고가차도(남측),126.9087307052849098_37.5135198228046463,408.0,47.3,원활,126.9087307052849098_37.5135198228046463|126.9081487147335281_37.5143569277719564|126.9080029370169314_37.5145411794823147|126.9078261800036671_37.5147038872662648|126.9076601325354972_37.5148245785460830|126.9074559124306631_37.5149151632886202|126.9071306301649145_37.5150148103527030|126.9068239133496121_37.5150552815421747|126.9066637699532407_37.5150626586616553|126.9050760407689751_37.5149903383453420
2026-09-04T09:00:31.559343+09:00,영등포 타임스퀘어,영등포 타임스퀘어,POI074,KEY_2,1180016105,영신로,1180027203,센트럴푸르지오시티아파트,126.9016491472245747_37.5176149848718481,1180027206,영등포역고가차도(북측),126.9018923848414317_37.5169760079907491,74.0,8.0,정체,126.9018923848414317_37.5169760079907491|126.9016491472245747_37.5176149848718481
2026-09-04T09:00:31.559343+09:00,영등포 타임스퀘어,영등포 타임스퀘어,POI074,KEY_2,1180016106,영신로,1180031202,영등포경방필뒷길교차로,126.9013385422641136_37.5184309135766441,1180027202,센트럴푸르지오시티아파트,126.9016068526740924_37.5177260895310454,82.0,6.0,정체,126.9016068526740924_37.5177260895310454|126.9013385422641136_37.5184309135766441
2026-09-04T09:00:31.559343+09:00,영등포 타임스퀘어,영등포 타임스퀘어,POI074,KEY_2,1180016204,신길로,1180029302,영등포지하차도(북측),126.9121994203567283_37.5178579827611216,1180000602,영등포로터리,126.9122093045591271_37.5182292931425820,41.0,8.0,정체,126.9122093045591271_37.5182292931425820|126.9121877240078646_37.5181429270656466|126.9121839563804457_37.5179920900407353|126.9121994203567283_37.5178579827611216
2026-09-04T09:00:31.559343+09:00,영등포 타임스퀘어,영등포 타임스퀘어,POI074,KEY_2,1180016304,신길로,1180000601,영등포로터리,126.9124535820762105_37.5184297931263089,1180029301,영등포지하차도(북측),126.9123346128244236_37.5178676775866151,65.0,3.0,정체,126.9123346128244236_37.5178676775866151|126.9123198197420521_37.5179959706838062|126.9123231986734623_37.5181312083496223|126.9123504037761450_37.5182400823260807|126.9124535820762105_37.5184297931263089
2026-09-04T09:00:31.559343+09:00,영등포 타임스퀘어,영등포 타임스퀘어,POI074,KEY_2,1180018001,영중로,1180000509,영등포역교차로,126.9062411865252500_37.5170589962790046,1180030604,신세계백화점삼거리,126.9057574095607492_37.5180060126119699,113.0,8.0,정체,126.9057574095607492_37.5180060126119699|126.9062411865252500_37.5170589962790046
2026-09-04T09:00:31.559343+09:00,영등포 타임스퀘어,영등포 타임스퀘어,POI074,KEY_2,1180018002,영중로,1180000505,영등포역앞교차로,126.9065561592446301_37.5164424089386372,1180000508,영등포역교차로,126.9062924160255932_37.5169587106358122,62.0,6.0,정체,126.9062924160255932_37.5169587106358122|126.9064372908919864_37.5166751056728529|126.9065561592446301_37.5164424089386372
2026-09-04T09:00:31.559343+09:00,영등포 타임스퀘어,영등포 타임스퀘어,POI074,KEY_2,1180018101,영중로,1180177500,영등포동3가 33,126.9065630179876081_37.5167158549283286,1180000502,영등포역앞교차로,126.9066807209800629_37.5164854387568099,28.0,28.5,원활,126.9066807209800629_37.5164854387568099|126.9065630179876081_37.5167158549283286
2026-09-04T09:00:31.559343+09:00,영등포 타임스퀘어,영등포 타임스퀘어,POI074,KEY_2,1180018404,영등포로,1180126700,신길동 50-3,126.9172841213858050_37.5156221114985726,1180028903,신길역,126.9164897743027893_37.5173809040417936,207.0,20.3,서행,126.9164897743027893_37.5173809040417936|126.9166933585755288_37.5169092955012218|126.9169330965590490_37.5163809977301526|126.9172525179823765_37.5156770933944443|126.9172841213858050_37.5156221114985726
2026-09-04T09:00:31.559343+09:00,영등포 타임스퀘어,영등포 타임스퀘어,POI074,KEY_2,1180018801,문래로,1180030608,영등포동4가123-1,126.9024638451189446_37.5183060983704522,1180031202,영등포경방필뒷길교차로,126.9013385422641136_37.5184309135766441,100.0,36.0,원활,126.9013385422641136_37.5184309135766441|126.9015682760347090_37.5183993935494016|126.9020374138769114_37.5183505223735310|126.9024638451189446_37.5183060983704522
2026-09-04T09:00:31.559343+09:00,영등포 타임스퀘어,영등포 타임스퀘어,POI074,KEY_2,1180018802,문래로,1180197700,영등포동4가 123-1,126.9028974562422434_37.5182609246652419,1180030607,영등포동4가123-1,126.9025987362175556_37.5182920455747819,27.0,20.5,서행,126.9025987362175556_37.5182920455747819|126.9028974562422434_37.5182609246652419
2026-09-04T09:00:31.559343+09:00,영등포 타임스퀘어,영등포 타임스퀘어,POI074,KEY_2,1180018901,문래로,1180164900,영등포동4가 53-3,126.9048292098879642_37.5181734231585580,1180030605,신세계백화점삼거리,126.9057028648952326_37.5181149873021340,78.0,15.0,서행,126.9057028648952326_37.5181149873021340|126.9053638432774704_37.5181201708930843|126.9048292098879642_37.5181734231585580
2026-09-04T09:00:31.559343+09:00,영등포 타임스퀘어,영등포 타임스퀘어,POI074,KEY_2,1180019604,문래로,1180031203,영등포경방필뒷길교차로,126.9011930366776255_37.5184405339261389,1180031302,문래동3가 17,126.9007982551108853_37.5184068062494944,35.0,6.0,정체,126.9007982551108853_37.5184068062494944|126.9011930366776255_37.5184405339261389
2026-09-04T09:00:31.559343+09:00,영등포 타임스퀘어,영등포 타임스퀘어,POI074,KEY_2,1180020400,영중로,1180130300,영등포동4가 53-3,126.9052282035568311_37.5190719619747028,1180034704,영등포시장앞교차로,126.9047990476082077_37.5199371694090047,103.0,33.7,원활,126.9047990476082077_37.5199371694090047|126.9052282035568311_37.5190719619747028
2026-09-04T09:00:31.559343+09:00,영등포 타임스퀘어,영등포 타임스퀘어,POI074,KEY_2,1180020601,영등포로,1180198600,영등포동3가 28,126.9106420024377400_37.5187152938311712,1180032602,영등포야구연습장,126.9095385666399807_37.5189372018608651,101.0,9.0,정체,126.9095385666399807_37.5189372018608651|126.9106420024377400_37.5187152938311712
2026-09-04T09:00:31.559343+09:00,영등포 타임스퀘어,영등포 타임스퀘어,POI074,KEY_2,1180020602,영등포로,1180222700,영등포동3가 31,126.9060516206890838_37.5196741320310707,1180034703,영등포시장앞교차로,126.9049610526885488_37.5199048084829059,100.0,26.0,원활,126.9049610526885488_37.5199048084829059|126.9060516206890838_37.5196741320310707
2026-09-04T09:00:31.559343+09:00,영등포 타임스퀘어,영등포 타임스퀘어,POI074,KEY_2,1180020702,영등포로,1180198700,영등포동2가 5-1,126.9106752312442836_37.5188201178326324,1180000604,영등포로터리,126.9122054556963235_37.5185123526650202,140.0,18.0,서행,126.9122054556963235_37.5185123526650202|126.9106752312442836_37.5188201178326324
2026-09-04T09:00:31.559343+09:00,영등포 타임스퀘어,영등포 타임스퀘어,POI074,KEY_2,1180020703,영등포로,1180194500,영등포동2가 30-1,126.9084229110674045_37.5192843866863441,1180032604,영등포야구연습장,126.9094400795285935_37.5190692022479695,93.0,9.0,정체,126.9094400795285935_37.5190692022479695|126.9084229110674045_37.5192843866863441
2026-09-04T09:00:31.559343+09:00,영등포 타임스퀘어,영등포 타임스퀘어,POI074,KEY_2,1180022301,영등포로,1180106100,영등포동6가 76-1,126.9038369152164876_37.5201972870942271,1180034705,영등포시장앞교차로,126.9047816349661844_37.5200500536503583,85.0,15.0,서행,126.9047816349661844_37.5200500536503583|126.9038369152164876_37.5201972870942271
2026-09-04T09:00:31.559343+09:00,영등포 타임스퀘어,영등포 타임스퀘어,POI074,KEY_2,1180023602,영중로,1180034705,영등포시장앞교차로,126.9047816349661844_37.5200500536503583,1180034708,새길병원,126.9048589892574768_37.5209747297568086,103.0,6.0,정체,126.9048589892574768_37.5209747297568086|126.9047862119519294_37.5203545136103216|126.9047816349661844_37.5200500536503583
2026-09-04T09:00:31.559343+09:00,영등포 타임스퀘어,영등포 타임스퀘어,POI074,KEY_2,1180023701,영중로,1180034706,속성변화점,126.9050067919064873_37.5210724475763513,1180034702,영등포시장앞교차로,126.9049170256530346_37.5200259885010610,116.0,21.0,서행,126.9049170256530346_37.5200259885010610|126.9049218798124485_37.5203488258486004|126.9049941446391756_37.5209646684422538|126.9050067919064873_37.5210724475763513
2026-09-04T09:00:31.559343+09:00,영등포 타임스퀘어,영등포 타임스퀘어,POI074,KEY_2,1180064600,영신로,1180024702,영등포역고가차도(남측),126.9086116519794842_37.5134678994298696,1180026102,영등포역1번출구,126.9076181236332417_37.5147853277155576,171.0,19.0,서행,126.9076181236332417_37.5147853277155576|126.9084207633854646_37.5136308769032922|126.9086116519794842_37.5134678994298696
2026-09-04T09:00:31.559343+09:00,영등포 타임스퀘어,영등포 타임스퀘어,POI074,KEY_2,1180064700,영신로,1180026101,영등포역1번출구,126.9078556055787601_37.5148900936006484,1180024701,영등포역고가차도(남측),126.9087307052849098_37.5135198228046463,171.0,20.0,서행,126.9087307052849098_37.5135198228046463|126.9086582428016641_37.5137356411918148|126.9078556055787601_37.5148900936006484
2026-09-04T09:00:31.559343+09:00,영등포 타임스퀘어,영등포 타임스퀘어,POI074,KEY_2,1180067501,영신로,1180026608,청과시장입구사거리,126.9026871473992344_37.5156177148454049,1180026611,청과시장입구교차로,126.9031194935170959_37.5152570224186022,56.0,22.0,서행,126.9031194935170959_37.5152570224186022|126.9029245062045419_37.5153905454125791|126.9027647649380697_37.5155308912642838|126.9026871473992344_37.5156177148454049
2026-09-04T09:00:31.559343+09:00,영등포 타임스퀘어,영등포 타임스퀘어,POI074,KEY_2,1180067502,영신로,1180027206,영등포역고가차도(북측),126.9018923848414317_37.5169760079907491,1180026607,청과시장입구사거리,126.9026117945604284_37.5157085193453881,155.0,17.0,서행,126.9026117945604284_37.5157085193453881|126.9025622027086087_37.5157723283970412|126.9022912457701011_37.5162204879740173|126.9022048796041844_37.5163679945295740|126.9021402544090336_37.5165218909278124|126.9020376238798065_37.5167854844985698|126.9018923848414317_37.5169760079907491
2026-09-04T09:00:31.559343+09:00,영등포 타임스퀘어,영등포 타임스퀘어,POI074,KEY_2,1180067601,경인로,1180194100,영등포동4가 423-98,126.9049173709000513_37.5157593472424935,1180026612,청과시장입구교차로,126.9031734327549401_37.5151578048967025,168.0,15.5,서행,126.9031734327549401_37.5151578048967025|126.9049173709000513_37.5157593472424935
2026-09-04T09:00:31.559343+09:00,영등포 타임스퀘어,영등포 타임스퀘어,POI074,KEY_2,1180067602,경인로,1180000504,영등포역앞교차로,126.9066100945905049_37.5163431897925648,1180026604,영등포역교차로,126.9064578224589042_37.5162906707129054,15.0,17.0,서행,126.9064578224589042_37.5162906707129054|126.9066100945905049_37.5163431897925648
2026-09-04T09:00:31.559343+09:00,영등포 타임스퀘어,영등포 타임스퀘어,POI074,KEY_2,1180067701,경인로,1180026603,영등포역교차로,126.9064038869495192_37.5163898897900978,1180000505,영등포역앞교차로,126.9065561592446301_37.5164424089386372,15.0,33.0,원활,126.9065561592446301_37.5164424089386372|126.9064038869495192_37.5163898897900978
2026-09-04T09:00:31.559343+09:00,영등포 타임스퀘어,영등포 타임스퀘어,POI074,KEY_2,1180067702,경인로,1180194000,영등포동4가 423-98,126.9048634335346009_37.5158585655532590,1180026606,영등포역교차로,126.9062792989578270_37.5163469187381509,136.0,30.0,원활,126.9062792989578270_37.5163469187381509|126.9048634335346009_37.5158585655532590
2026-09-04T09:00:31.559343+09:00,영등포 타임스퀘어,영등포 타임스퀘어,POI074,KEY_2,1180073100,영등포로50길,1180028604,영등포한전,126.9092990278852682_37.5173912699995569,1180032603,영등포야구연습장,126.9094071216628663_37.5189643058265077,176.0,6.0,정체,126.9094071216628663_37.5189643058265077|126.9092962018217037_37.5185871916409681|126.9092686154928487_37.5184211705609982|126.9092376416866585_37.5178113154560577|126.9092517371507256_37.5176562384217647|126.9092990278852682_37.5173912699995569
2026-09-04T09:00:31.559343+09:00,영등포 타임스퀘어,영등포 타임스퀘어,POI074,KEY_2,1180073600,경인로,1180031400,영등포로터리,126.9135244685563038_37.5187677128586827,1180000601,영등포로터리,126.9124535820762105_37.5184297931263089,102.0,13.0,정체,126.9124535820762105_37.5184297931263089|126.9128100770402767_37.5185012566219456|126.9135244685563038_37.5187677128586827
2026-09-04T09:00:31.559343+09:00,영등포 타임스퀘어,영등포 타임스퀘어,POI074,KEY_2,1180074400,버드나루로,1180000604,영등포로터리,126.9122054556963235_37.5185123526650202,1180032400,영등포로터리,126.9125107094587435_37.5191376677346895,79.0,19.0,서행,126.9125107094587435_37.5191376677346895|126.9123789759963330_37.5188311948415461|126.9123310981761392_37.5186176017848041|126.9122705071853119_37.5185097182430880|126.9122054556963235_37.5185123526650202
2026-09-04T09:00:31.559343+09:00,영등포 타임스퀘어,영등포 타임스퀘어,POI074,KEY_2,1180075600,경인로,1180000604,영등포로터리,126.9122054556963235_37.5185123526650202,1180034604,영등포고가차도(동측),126.9146713619132498_37.5199625605113596,278.0,16.0,서행,126.9146713619132498_37.5199625605113596|126.9145526823699441_37.5199508797338339|126.9143552126644749_37.5198935230305253|126.9133322102916424_37.5193826208748220|126.9130630332413148_37.5192203173122039|126.9127341107558067_37.5189626122592088|126.9125481884640863_37.5187765879230426|126.9124818594804083_37.5186855708289926|126.9124327382808559_37.5186108665007083|126.9122705071853119_37.5185097182430880|126.9122054556963235_37.5185123526650202
2026-09-04T09:00:31.559343+09:00,영등포 타임스퀘어,영등포 타임스퀘어,POI074,KEY_2,1180076800,영등포로53길,1180000604,영등포로터리,126.9122054556963235_37.5185123526650202,1180035308,동일빌딩,126.9103211440061187_37.5202225574950390,253.0,20.0,서행,126.9103211440061187_37.5202225574950390|126.9110936783595065_37.5195510357812481|126.9119678887164326_37.5187633670989484|126.9122054556963235_37.5185123526650202
2026-09-04T09:00:31.559343+09:00,영등포 타임스퀘어,영등포 타임스퀘어,POI074,KEY_2,1180077100,영등포로53길,1180035307,동일빌딩,126.9104219802961921_37.5202949459832169,1180000601,영등포로터리,126.9124535820762105_37.5184297931263089,274.0,13.0,정체,126.9124535820762105_37.5184297931263089|126.9120730951421621_37.5188318189768637|126.9111945763048652_37.5196233694127699|126.9104219802961921_37.5202949459832169
2026-09-04T09:00:31.559343+09:00,영등포 타임스퀘어,영등포 타임스퀘어,POI074,KEY_2,1180077800,영등포로49길,1180035308,동일빌딩,126.9103211440061187_37.5202225574950390,1180032601,영등포야구연습장,126.9095714878148726_37.5190420934544235,152.0,9.0,정체,126.9095714878148726_37.5190420934544235|126.9098488533216766_37.5198729332244412|126.9098507104603897_37.5198744152730441|126.9100362848115253_37.5200225083504151|126.9103211440061187_37.5202225574950390
2026-09-04T09:00:31.559343+09:00,영등포 타임스퀘어,영등포 타임스퀘어,POI074,KEY_2,1180122400,영중로3길,1180070602,영등포동4가440-9,126.9040381864777629_37.5162832372860464,1180000509,영등포역교차로,126.9062411865252500_37.5170589962790046,213.0,8.0,정체,126.9062411865252500_37.5170589962790046|126.9057966058204698_37.5169361302130895|126.9055335280310146_37.5168609647402818|126.9052182848325572_37.5167684936097956|126.9049638245406157_37.5166751920809745|126.9044625088730243_37.5164579567123511|126.9040381864777629_37.5162832372860464
2026-09-04T09:00:31.559343+09:00,영등포 타임스퀘어,영등포 타임스퀘어,POI074,KEY_2,1180127800,영신로24길,1180070601,영등포동4가440-9,126.9040999860292942_37.5161869737218368,1180026608,청과시장입구사거리,126.9026871473992344_37.5156177148454049,140.0,16.0,서행,126.9026871473992344_37.5156177148454049|126.9039609526363819_37.5161309557252665|126.9040999860292942_37.5161869737218368
2026-09-04T09:00:31.559343+09:00,용리단길,용리단길,POI076,KEY_3,1020007302,한강대로,1020015204,용산역,126.9667170087153636_37.5280456524693449,1020016803,전자상가입구교차로,126.9681558223356888_37.5295644873819896,211.0,37.0,원활,126.9681558223356888_37.5295644873819896|126.9672342806026819_37.5285917021841300|126.9667170087153636_37.5280456524693449
2026-09-04T09:00:31.559343+09:00,용리단길,용리단길,POI076,KEY_3,1020007402,한강대로,1020051500,한강로2가 188-1,126.9673426559004668_37.5285265849111056,1020015201,속성변화점,126.9668253836721163_37.5279805356647955,76.0,19.0,서행,126.9668253836721163_37.5279805356647955|126.9673426559004668_37.5285265849111056
2026-09-04T09:00:31.559343+09:00,용리단길,용리단길,POI076,KEY_3,1020008306,새창로,1020016803,전자상가입구교차로,126.9681558223356888_37.5295644873819896,1020017802,신용산지하차도(동측),126.9673959720882692_37.5300726947153009,88.0,12.0,정체,126.9673959720882692_37.5300726947153009|126.9677699989137238_37.5298289272809029|126.9679910930038602_37.5296848305883302|126.9679948818404398_37.5296820626562777|126.9681558223356888_37.5295644873819896
2026-09-04T09:00:31.559343+09:00,용리단길,용리단길,POI076,KEY_3,1020008406,새창로,1020126900,한강로2가 422-1,126.9678559795664512_37.5299126000648968,1020016804,전자상가입구교차로,126.9682403944276103_37.5296494232954956,45.0,13.0,정체,126.9682403944276103_37.5296494232954956|126.9680866539261928_37.5297617379752211|126.9680800395232581_37.5297665700961005|126.9678559795664512_37.5299126000648968
2026-09-04T09:00:31.559343+09:00,용리단길,용리단길,POI076,KEY_3,1020009302,한강대로,1020025100,삼각지역7번출구,126.9734329393310475_37.5350708801419586,1020025603,삼각지역교차로,126.9739472931050841_37.5356089153529453,75.0,40.0,원활,126.9739472931050841_37.5356089153529453|126.9738394312628174_37.5354850527930566|126.9734329393310475_37.5350708801419586
2026-09-04T09:00:31.559343+09:00,용리단길,용리단길,POI076,KEY_3,1020009402,한강대로,1020025602,삼각지역교차로,126.9740601326000160_37.5355487598275559,1020024700,삼각지역7번출구,126.9735399131187421_37.5350043003819138,76.0,8.0,정체,126.9735399131187421_37.5350043003819138|126.9739487928858210_37.5354209040961138|126.9740601326000160_37.5355487598275559
2026-09-04T09:00:31.559343+09:00,용리단길,용리단길,POI076,KEY_3,1020011301,이태원로,1020024900,삼각지역13번출구,126.9749769084332343_37.5349767961125238,1020025602,삼각지역교차로,126.9740601326000160_37.5355487598275559,103.0,26.0,원활,126.9740601326000160_37.5355487598275559|126.9743097291953688_37.5353822428393471|126.9749769084332343_37.5349767961125238
2026-09-04T09:00:31.559343+09:00,용리단길,용리단길,POI076,KEY_3,1020011401,이태원로,1020025601,삼각지역교차로,126.9741286309340893_37.5356441095230551,1020025200,삼각지역(서울6호선),126.9750592746409410_37.5350627473837051,105.0,9.0,정체,126.9750592746409410_37.5350627473837051|126.9743945507994880_37.5354667021441912|126.9741286309340893_37.5356441095230551
2026-09-04T09:00:31.559343+09:00,용리단길,용리단길,POI076,KEY_3,1020012502,백범로,1020025603,삼각지역교차로,126.9739472931050841_37.5356089153529453,1020025800,삼각지역8번출구,126.9732142110164972_37.5358680244183063,71.0,8.0,정체,126.9732142110164972_37.5358680244183063|126.9737037621432734_37.5357113531253859|126.9739472931050841_37.5356089153529453
2026-09-04T09:00:31.559343+09:00,용리단길,용리단길,POI076,KEY_3,1020012602,백범로,1020025900,삼각지역9번출구,126.9732648398461947_37.5359683460905913,1020025604,삼각지역교차로,126.9740127329014001_37.5357036653550509,72.0,21.0,서행,126.9740127329014001_37.5357036653550509|126.9737609376188203_37.5358095794168420|126.9732648398461947_37.5359683460905913
2026-09-04T09:00:31.559343+09:00,용리단길,용리단길,POI076,KEY_3,1020014101,한강대로,1020025604,삼각지역교차로,126.9740127329014001_37.5357036653550509,1020026300,삼각지역10번출구,126.9741534931197577_37.5365074530867560,92.0,7.0,정체,126.9741534931197577_37.5365074530867560|126.9741631206036629_37.5364549845269977|126.9741847918449622_37.5362725862118936|126.9741503498416080_37.5360423405955430|126.9740854223847748_37.5358421943092253|126.9740127329014001_37.5357036653550509
2026-09-04T09:00:31.559343+09:00,용리단길,용리단길,POI076,KEY_3,1020014201,한강대로,1020026100,삼각지역10번출구,126.9742878403268662_37.5365230850403009,1020025601,삼각지역교차로,126.9741286309340893_37.5356441095230551,100.0,14.0,정체,126.9741286309340893_37.5356441095230551|126.9742144475380172_37.5358076529602371|126.9742840895532794_37.5360223351451125|126.9743213281359431_37.5362712689839313|126.9742979653557313_37.5364679009623998|126.9742878403268662_37.5365230850403009
2026-09-04T09:00:31.559343+09:00,용리단길,용리단길,POI076,KEY_3,1020041600,이태원로,1020024900,삼각지역13번출구,126.9749769084332343_37.5349767961125238,1020024700,삼각지역7번출구,126.9735399131187421_37.5350043003819138,133.0,19.0,서행,126.9735399131187421_37.5350043003819138|126.9737871420369544_37.5350683590055922|126.9740745093847494_37.5351141932787655|126.9743259590357241_37.5351428549854020|126.9744936004149025_37.5351390773759803|126.9746804090904675_37.5351124173200219|126.9749769084332343_37.5349767961125238
2026-09-04T09:00:31.559343+09:00,용리단길,용리단길,POI076,KEY_3,1020042000,한강대로,1020025100,삼각지역7번출구,126.9734329393310475_37.5350708801419586,1020025800,삼각지역8번출구,126.9732142110164972_37.5358680244183063,99.0,20.0,서행,126.9732142110164972_37.5358680244183063|126.9733594327573485_37.5358059269681803|126.9734228796811522_37.5357567484317087|126.9734612351895180_37.5356518652658693|126.9734828450604738_37.5354935787201356|126.9734805099240447_37.5353238449836439|126.9734329393310475_37.5350708801419586
2026-09-04T09:00:31.559343+09:00,용리단길,용리단길,POI076,KEY_3,1020042700,한강대로,1020026100,삼각지역10번출구,126.9742878403268662_37.5365230850403009,1020025200,삼각지역(서울6호선),126.9750592746409410_37.5350627473837051,177.0,22.0,서행,126.9750592746409410_37.5350627473837051|126.9748767335852051_37.5352726571772237|126.9747904745872802_37.5354004160112282|126.9747233793208210_37.5355186435926313|126.9746634608651732_37.5356559432532677|126.9746035202002048_37.5358580851873924|126.9744788894439296_37.5361422194916159|126.9743662656054255_37.5363310006673174|126.9742878403268662_37.5365230850403009
2026-09-04T09:00:31.559343+09:00,용리단길,용리단길,POI076,KEY_3,1020043000,백범로,1020025900,삼각지역9번출구,126.9732648398461947_37.5359683460905913,1020026300,삼각지역10번출구,126.9741534931197577_37.5365074530867560,106.0,15.0,서행,126.9741534931197577_37.5365074530867560|126.9740836590516437_37.5363538243993915|126.9739256446785731_37.5362145697140122|126.9738011461972036_37.5361115577945768|126.9736574773157685_37.5360428695899984|126.9734563275352457_37.5359856101105933|126.9732648398461947_37.5359683460905913
2026-09-04T09:00:31.559343+09:00,용리단길,용리단길,POI076,KEY_3,1020043101,백범로,1020025800,삼각지역8번출구,126.9732142110164972_37.5358680244183063,1020037902,삼각지고가차도(동측),126.9728791096191856_37.5359752795594801,32.0,9.0,정체,126.9728791096191856_37.5359752795594801|126.9732142110164972_37.5358680244183063
2026-09-04T09:00:31.559343+09:00,용리단길,용리단길,POI076,KEY_3,1020043201,백범로,1020037901,삼각지고가차도(동측),126.9729282965810881_37.5360760482562767,1020025900,삼각지역9번출구,126.9732648398461947_37.5359683460905913,32.0,24.0,서행,126.9732648398461947_37.5359683460905913|126.9729282965810881_37.5360760482562767
2026-09-04T09:00:31.559343+09:00,용리단길,용리단길,POI076,KEY_3,1020056901,한강대로,1020016804,전자상가입구교차로,126.9682403944276103_37.5296494232954956,1020041504,용산우체국,126.9687693600408522_37.5301748910193922,75.0,14.0,정체,126.9687693600408522_37.5301748910193922|126.9682403944276103_37.5296494232954956
2026-09-04T09:00:31.559343+09:00,용리단길,용리단길,POI076,KEY_3,1020057001,한강대로,1020041503,용산우체국,126.9688709856765172_37.5301100058853052,1020016801,전자상가입구교차로,126.9683459865975124_37.5295827397858162,75.0,25.5,원활,126.9683459865975124_37.5295827397858162|126.9688709856765172_37.5301100058853052
2026-09-04T09:00:31.559343+09:00,용리단길,용리단길,POI076,KEY_3,1020057501,한강대로,1020058400,한강로1가 228-1,126.9732120555661368_37.5348400238888473,1020025100,삼각지역7번출구,126.9734329393310475_37.5350708801419586,32.0,35.5,원활,126.9734329393310475_37.5350708801419586|126.9732120555661368_37.5348400238888473
2026-09-04T09:00:31.559343+09:00,용리단길,용리단길,POI076,KEY_3,1020057601,한강대로,1020071700,한강로2가 140-1,126.9691516325622445_37.5304124021685297,1020041502,용산우체국,126.9689326562372713_37.5301754205949933,33.0,39.0,원활,126.9689326562372713_37.5301754205949933|126.9691516325622445_37.5304124021685297
2026-09-04T09:00:31.559343+09:00,이태원 앤틱가구거리,이태원 앤틱가구거리,POI077,KEY_4,1020006703,장문로,1020015404,우루과이대사관저,126.9926471421809993_37.5283649653095139,1020016400,동빙고동 7-38,126.9918491226028294_37.5291270683586760,110.0,19.0,서행,126.9918491226028294_37.5291270683586760|126.9926471421809993_37.5283649653095139
2026-09-04T09:00:31.559343+09:00,이태원 앤틱가구거리,이태원 앤틱가구거리,POI077,KEY_4,1020006803,장문로,1020017000,용산동4가 19-6,126.9913885945213963_37.5298136745927096,1020015401,우루과이대사관저,126.9927514049631014_37.5284342120850951,195.0,21.0,서행,126.9927514049631014_37.5284342120850951|126.9919533858600289_37.5291963156843167|126.9913885945213963_37.5298136745927096
2026-09-04T09:00:31.559343+09:00,이태원 앤틱가구거리,이태원 앤틱가구거리,POI077,KEY_4,1020007203,녹사평대로,1020017000,용산동4가 19-6,126.9913885945213963_37.5298136745927096,1020016601,동빙고동 10-11,126.9914492657646008_37.5294521431013095,40.0,44.0,원활,126.9914492657646008_37.5294521431013095|126.9913885945213963_37.5298136745927096
2026-09-04T09:00:31.559343+09:00,이태원 앤틱가구거리,이태원 앤틱가구거리,POI077,KEY_4,1020007501,보광로,1020044300,보광동 238-66,126.9969332242469591_37.5301241606732958,1020018102,한국폴리텍1대학(정수캠퍼스),126.9967407762806317_37.5303074430734185,27.0,24.0,서행,126.9967407762806317_37.5303074430734185|126.9969332242469591_37.5301241606732958
2026-09-04T09:00:31.559343+09:00,이태원 앤틱가구거리,이태원 앤틱가구거리,POI077,KEY_4,1020007502,보광로,1020054000,이태원동 92-5,126.9952221008180402_37.5312991493789170,1020020003,예림가구전시장,126.9950410040469677_37.5314672212576141,25.0,21.0,서행,126.9950410040469677_37.5314672212576141|126.9952221008180402_37.5312991493789170
2026-09-04T09:00:31.559343+09:00,이태원 앤틱가구거리,이태원 앤틱가구거리,POI077,KEY_4,1020007602,보광로,1020109400,이태원동 21-5,126.9954404860053501_37.5312782549612436,1020018104,한국폴리텍1대학(정수캠퍼스),126.9967076176607605_37.5304630978737350,145.0,19.0,서행,126.9967076176607605_37.5304630978737350|126.9965855293846175_37.5305326888168906|126.9964251122166132_37.5305994203464621|126.9959926204144836_37.5308464907872477|126.9954404860053501_37.5312782549612436
2026-09-04T09:00:31.559343+09:00,이태원 앤틱가구거리,이태원 앤틱가구거리,POI077,KEY_4,1020008700,녹사평대로26길,1020126500,이태원동 22-50,126.9931660545729102_37.5317363258551211,1020020004,예림가구전시장,126.9949764416404889_37.5315738302358213,165.0,22.0,서행,126.9949764416404889_37.5315738302358213|126.9948202137049975_37.5315700528863516|126.9941705583955240_37.5315213703374440|126.9937565109327267_37.5315396683323783|126.9932035616774613_37.5317280200552048|126.9931660545729102_37.5317363258551211
2026-09-04T09:00:31.559343+09:00,이태원 앤틱가구거리,이태원 앤틱가구거리,POI077,KEY_4,1020008800,녹사평대로26길,1020020003,예림가구전시장,126.9950410040469677_37.5314672212576141,1020018201,찬우물삼거리,126.9914707840366219_37.5305236841626382,422.0,16.0,서행,126.9914707840366219_37.5305236841626382|126.9915775990819213_37.5309419173485210|126.9916711574009298_37.5313082400227600|126.9917600905127557_37.5314454930900681|126.9917753022259319_37.5314618320030959|126.9919517327942486_37.5316513355474726|126.9921092617922511_37.5317812903834565|126.9921946495817480_37.5318190759416268|126.9922696900252816_37.5318225965842629|126.9931296829365266_37.5316321581035055|126.9931584811932765_37.5316257808370324|126.9937251084692917_37.5314327691697116|126.9941731712468425_37.5314129682954984|126.9948286419663361_37.5314620871703255|126.9950410040469677_37.5314672212576141
2026-09-04T09:00:31.559343+09:00,이태원 앤틱가구거리,이태원 앤틱가구거리,POI077,KEY_4,1020008901,녹사평대로,1020016602,용산동4가 19-2,126.9913146151955772_37.5294383407276726,1020022202,이태원지하차도(남측),126.9891497327059682_37.5328152235285657,424.0,27.0,원활,126.9891497327059682_37.5328152235285657|126.9896909605636353_37.5320547926819827|126.9899673314355084_37.5316664817415955|126.9908595519634815_37.5304271853298275|126.9909277275987449_37.5303324863214343|126.9911621302299807_37.5299710321997324|126.9912583492032780_37.5297864854106820|126.9913146151955772_37.5294383407276726
2026-09-04T09:00:31.559343+09:00,이태원 앤틱가구거리,이태원 앤틱가구거리,POI077,KEY_4,1020009001,녹사평대로,1020018000,용산동4가 19-6,126.9909773297691800_37.5304809634511045,1020017000,용산동4가 19-6,126.9913885945213963_37.5298136745927096,83.0,16.0,서행,126.9913885945213963_37.5298136745927096|126.9912856241119101_37.5300162220987090|126.9910469864938420_37.5303842075015055|126.9909773297691800_37.5304809634511045
2026-09-04T09:00:31.559343+09:00,이태원 앤틱가구거리,이태원 앤틱가구거리,POI077,KEY_4,1020009002,녹사평대로,1020143500,이태원동 34-126,126.9898090601809457_37.5321081021588725,1020018000,용산동4가 19-6,126.9909773297691800_37.5304809634511045,208.0,16.0,서행,126.9909773297691800_37.5304809634511045|126.9900852768915342_37.5317200300991516|126.9898090601809457_37.5321081021588725
2026-09-04T09:00:31.559343+09:00,이태원 앤틱가구거리,이태원 앤틱가구거리,POI077,KEY_4,1020009500,보광로,1020157400,이태원동 131-33,126.9940373387562431_37.5339474192291860,1020003103,이태원역앞교차로,126.9938722101036319_37.5344410134072106,57.0,13.0,정체,126.9938722101036319_37.5344410134072106|126.9939255349719502_37.5342547060894063|126.9940373387562431_37.5339474192291860
2026-09-04T09:00:31.559343+09:00,이태원 앤틱가구거리,이태원 앤틱가구거리,POI077,KEY_4,1020009600,보광로,1020067700,이태원동 96-7,126.9950341855753067_37.5317612306550714,1020020001,예림가구전시장,126.9951044639607147_37.5316098203141806,18.0,20.0,서행,126.9951044639607147_37.5316098203141806|126.9950439807781066_37.5317462713097711|126.9950341855753067_37.5317612306550714
2026-09-04T09:00:31.559343+09:00,이태원 앤틱가구거리,이태원 앤틱가구거리,POI077,KEY_4,1020010701,이태원로,1020109600,이태원동 119-23,126.9934065376017003_37.5345186269656637,1020003104,이태원역앞교차로,126.9938609433052790_37.5345487608536530,40.0,25.0,원활,126.9938609433052790_37.5345487608536530|126.9934065376017003_37.5345186269656637
2026-09-04T09:00:31.559343+09:00,이태원 앤틱가구거리,이태원 앤틱가구거리,POI077,KEY_4,1020011101,이태원로,1020167100,이태원동 119-23,126.9944655556111286_37.5345901775849882,1020024204,이태원소방파출소,126.9954968238074144_37.5346610574196760,91.0,14.0,정체,126.9954968238074144_37.5346610574196760|126.9944655556111286_37.5345901775849882
2026-09-04T09:00:31.559343+09:00,이태원 앤틱가구거리,이태원 앤틱가구거리,POI077,KEY_4,1020011102,이태원로,1020024201,이태원소방파출소,126.9956371857134911_37.5346703540578233,1020025304,이태원호텔앞교차로,126.9986418686788028_37.5352583937875650,280.0,16.0,서행,126.9986418686788028_37.5352583937875650|126.9984212314769110_37.5351188313605419|126.9982335515615830_37.5350249822649857|126.9980583342124731_37.5349517245471205|126.9978393040948390_37.5348749734958176|126.9976622321914590_37.5348302588598415|126.9974202076542866_37.5347917072044979|126.9972001370625776_37.5347636612448596|126.9968571305746536_37.5347459155125946|126.9956371857134911_37.5346703540578233
2026-09-04T09:00:31.559343+09:00,이태원 앤틱가구거리,이태원 앤틱가구거리,POI077,KEY_4,1020011201,이태원로,1020024203,이태원소방파출소,126.9955363307621354_37.5345552498172168,1020003102,이태원역앞교차로,126.9940088155564695_37.5344502604877519,136.0,17.0,서행,126.9940088155564695_37.5344502604877519|126.9944772309336969_37.5344824577926843|126.9955363307621354_37.5345552498172168
2026-09-04T09:00:31.559343+09:00,이태원 앤틱가구거리,이태원 앤틱가구거리,POI077,KEY_4,1020011202,이태원로,1020025303,이태원호텔앞교차로,126.9987263153591641_37.5351737312984781,1020024202,이태원소방파출소,126.9956725121214589_37.5345640956228834,285.0,26.0,원활,126.9956725121214589_37.5345640956228834|126.9968667962878328_37.5346380677732867|126.9972152987085821_37.5346560983237794|126.9974442596476365_37.5346852761054279|126.9976961690244082_37.5347254028548534|126.9978873030321580_37.5347736685373405|126.9981173019449585_37.5348542624446893|126.9983013090689639_37.5349311962862444|126.9984997949651415_37.5350304478139734|126.9987263153591641_37.5351737312984781
2026-09-04T09:00:31.559343+09:00,이태원 앤틱가구거리,이태원 앤틱가구거리,POI077,KEY_4,1020031700,장문로,1020016400,동빙고동 7-38,126.9918491226028294_37.5291270683586760,1020015600,동빙고동 10-14,126.9915275433903332_37.5289205865966622,55.0,21.0,서행,126.9915275433903332_37.5289205865966622|126.9915229865147097_37.5290693722826134|126.9915463187575710_37.5291331423484351|126.9916078646116802_37.5291730890426720|126.9916734434981862_37.5291949294596705|126.9917616927946113_37.5291801123692821|126.9918491226028294_37.5291270683586760
2026-09-04T09:00:31.559343+09:00,이태원 앤틱가구거리,이태원 앤틱가구거리,POI077,KEY_4,1020032200,장문로,1020016400,동빙고동 7-38,126.9918491226028294_37.5291270683586760,1020016601,동빙고동 10-11,126.9914492657646008_37.5294521431013095,51.0,19.0,서행,126.9914492657646008_37.5294521431013095|126.9915150568015036_37.5293606619443736|126.9916607489244882_37.5292748176774964|126.9918491226028294_37.5291270683586760
2026-09-04T09:00:31.559343+09:00,이태원 앤틱가구거리,이태원 앤틱가구거리,POI077,KEY_4,1020034300,녹사평대로26길,1020018201,찬우물삼거리,126.9914707840366219_37.5305236841626382,1020017000,용산동4가 19-6,126.9913885945213963_37.5298136745927096,80.0,14.0,정체,126.9913885945213963_37.5298136745927096|126.9913442513651489_37.5300294341915617|126.9914164198635405_37.5303478209552139|126.9914707840366219_37.5305236841626382
2026-09-04T09:00:31.559343+09:00,이태원 앤틱가구거리,이태원 앤틱가구거리,POI077,KEY_4,1020034600,녹사평대로26길,1020018000,용산동4가 19-6,126.9909773297691800_37.5304809634511045,1020018202,찬우물삼거리,126.9913377452865575_37.5305452345433466,46.0,9.0,정체,126.9913377452865575_37.5305452345433466|126.9913156669195189_37.5304568149457580|126.9912955967890156_37.5304265497298886|126.9912791792530129_37.5304108710930961|126.9912378720889734_37.5303937039575430|126.9911893806270911_37.5303879789905181|126.9911408868570533_37.5303922668328198|126.9909773297691800_37.5304809634511045
2026-09-04T09:00:31.559343+09:00,이태원 앤틱가구거리,이태원 앤틱가구거리,POI077,KEY_4,1020035000,우사단로,1020018104,한국폴리텍1대학(정수캠퍼스),126.9967076176607605_37.5304630978737350,1020019603,보광초교,126.9966145408362621_37.5313514395482102,99.0,11.0,정체,126.9966145408362621_37.5313514395482102|126.9966499743015476_37.5311273272665034|126.9967023749042738_37.5306467090184555|126.9967047488624701_37.5306249349299250|126.9967076176607605_37.5304630978737350
2026-09-04T09:00:31.559343+09:00,이태원 앤틱가구거리,이태원 앤틱가구거리,POI077,KEY_4,1020035100,우사단로,1020144400,보광동 273-5,126.9968376292760581_37.5306560616211087,1020018101,한국폴리텍1대학(정수캠퍼스),126.9968449244348392_37.5303768014874137,31.0,18.0,서행,126.9968449244348392_37.5303768014874137|126.9968404290553678_37.5306303815874926|126.9968376292760581_37.5306560616211087
2026-09-04T09:00:31.559343+09:00,이태원 앤틱가구거리,이태원 앤틱가구거리,POI077,KEY_4,1020035700,우사단로10길,1020080000,보광동 264-84,126.9972966635901486_37.5314815655202878,1020019602,보광초교,126.9967492421036752_37.5313649465956800,50.0,4.0,정체,126.9967492421036752_37.5313649465956800|126.9969468538200061_37.5314042959198702|126.9970665124913864_37.5314510113661299|126.9972966635901486_37.5314815655202878
2026-09-04T09:00:31.559343+09:00,이태원 앤틱가구거리,이태원 앤틱가구거리,POI077,KEY_4,1020035800,우사단로10길,1020063700,이태원동 137-71,126.9973461434624795_37.5330913789416840,1020021402,보광초등학교,126.9956899673288291_37.5330078219414247,149.0,14.5,정체,126.9956899673288291_37.5330078219414247|126.9957471709841883_37.5330071120154045|126.9959092532463245_37.5329895166849070|126.9959908705287717_37.5329962436548925|126.9967100332990952_37.5331265163957823|126.9968007706584103_37.5331409709456594|126.9970508064429566_37.5331553276982532|126.9970573683931434_37.5331539068610311|126.9973461434624795_37.5330913789416840
2026-09-04T09:00:31.559343+09:00,이태원 앤틱가구거리,이태원 앤틱가구거리,POI077,KEY_4,1020037200,우사단로,1020019604,보광초교,126.9965895979005239_37.5314169517780911,1020021403,보광초등학교,126.9955478948623835_37.5330095850120031,200.0,19.0,서행,126.9955478948623835_37.5330095850120031|126.9955854463118499_37.5329070733362755|126.9956459380082094_37.5327986977635888|126.9960112393039111_37.5322685994321645|126.9965895979005239_37.5314169517780911
2026-09-04T09:00:31.559343+09:00,이태원 앤틱가구거리,이태원 앤틱가구거리,POI077,KEY_4,1020037300,우사단로,1020021402,보광초등학교,126.9956899673288291_37.5330078219414247,1020019601,보광초교,126.9967090173040560_37.5314683853719586,193.0,17.0,서행,126.9967090173040560_37.5314683853719586|126.9961304606680130_37.5323203253718063|126.9957676933582462_37.5328467489747055|126.9957132225621166_37.5329443380426113|126.9956899673288291_37.5330078219414247
2026-09-04T09:00:31.559343+09:00,이태원 앤틱가구거리,이태원 앤틱가구거리,POI077,KEY_4,1020039700,우사단로,1020063400,이태원동 137-23,126.9955993093615803_37.5340288073665604,1020024203,이태원소방파출소,126.9955363307621354_37.5345552498172168,59.0,9.0,정체,126.9955363307621354_37.5345552498172168|126.9955674338379481_37.5344291020757268|126.9956003436716969_37.5340381328912898|126.9955993093615803_37.5340288073665604
2026-09-04T09:00:31.559343+09:00,이태원 앤틱가구거리,이태원 앤틱가구거리,POI077,KEY_4,1020039800,우사단로,1020127900,이태원동 137-23,126.9956810738919017_37.5335371339901727,1020021401,보광초등학교,126.9956544097363604_37.5331163963296177,47.0,16.0,서행,126.9956544097363604_37.5331163963296177|126.9956431779321804_37.5331593197407258|126.9956452666882569_37.5332142943968208|126.9956810738919017_37.5335371339901727
2026-09-04T09:00:31.559343+09:00,이태원 앤틱가구거리,이태원 앤틱가구거리,POI077,KEY_4,1020041900,이태원로27길,1020091300,이태원동 111-5,126.9942746628349681_37.5355070255918761,1020024201,이태원소방파출소,126.9956371857134911_37.5346703540578233,170.0,21.0,서행,126.9956371857134911_37.5346703540578233|126.9955842562411448_37.5347850178568478|126.9954134054469819_37.5350706997723336|126.9953750142490776_37.5351183002557249|126.9952378837399039_37.5352883250498763|126.9951738511499997_37.5353312605409712|126.9950719982470559_37.5353558347332807|126.9945933761089663_37.5353577392293118|126.9945100556674760_37.5353687933671125|126.9944205701082751_37.5354092765412304|126.9942746628349681_37.5355070255918761
2026-09-04T09:00:31.559343+09:00,익선동,익선동,POI116,KEY_1,1000006901,삼일대로,1000097800,종로2가 37-5,126.9875962641486211_37.5709195815897914,1000011503,탑골공원,126.9875919368493555_37.5710671282627970,16.0,6.0,정체,126.9875919368493555_37.5710671282627970|126.9875962641486211_37.5709195815897914
2026-09-04T09:00:31.559343+09:00,익선동,익선동,POI116,KEY_1,1000010801,돈화문로,1000174700,묘동 141-2,126.9911270176696547_37.5741747070514336,1000013301,묘동사거리,126.9915850849808550_37.5726594865675594,173.0,23.0,서행,126.9915850849808550_37.5726594865675594|126.9913726822985893_37.5733444453639649|126.9911270176696547_37.5741747070514336
2026-09-04T09:00:31.559343+09:00,익선동,익선동,POI116,KEY_1,1000000503,종로,1000009101,종각지하쇼핑센터,126.9858227292488380_37.5702608423529298,1000008504,종로2가교차로,126.9876156819137520_37.5702574924147754,158.0,8.0,정체,126.9876156819137520_37.5702574924147754|126.9871453036203235_37.5702428823229511|126.9869246551587310_37.5702458796709990|126.9858227292488380_37.5702608423529298
2026-09-04T09:00:31.559343+09:00,익선동,익선동,POI116,KEY_1,1000001101,종로,1000112300,종로2가 34-2,126.9887450442138999_37.5703039837526021,1000009404,육의전박물관,126.9893556006803266_37.5703370254621802,54.0,8.0,정체,126.9893556006803266_37.5703370254621802|126.9887450442138999_37.5703039837526021
2026-09-04T09:00:31.559343+09:00,익선동,익선동,POI116,KEY_1,1000001102,종로,1000009401,육의전박물관,126.9894911528416657_37.5703440400947173,1000009804,종로3가사거리,126.9920644385376676_37.5704709834989146,228.0,8.0,정체,126.9920644385376676_37.5704709834989146|126.9894911528416657_37.5703440400947173
2026-09-04T09:00:31.559343+09:00,익선동,익선동,POI116,KEY_1,1000001201,종로,1000151200,종로2가 34-2,126.9885296395007401_37.5701839568255025,1000008502,종로2가교차로,126.9877530838436002_37.5701530192531123,69.0,34.5,원활,126.9877530838436002_37.5701530192531123|126.9881077158716209_37.5701611205547650|126.9885296395007401_37.5701839568255025
2026-09-04T09:00:31.559343+09:00,익선동,익선동,POI116,KEY_1,1000001202,종로,1000009803,종로3가사거리,126.9920772085238099_37.5703632864036052,1000009402,육의전박물관,126.9894997373196901_37.5702361366249775,228.0,17.0,서행,126.9894997373196901_37.5702361366249775|126.9920772085238099_37.5703632864036052
2026-09-04T09:00:31.559343+09:00,익선동,익선동,POI116,KEY_1,1000001501,종로,1000009801,종로3가사거리,126.9922000608216308_37.5704778715046643,1000010004,종묘공원,126.9937102608658108_37.5705569291297934,134.0,21.0,서행,126.9937102608658108_37.5705569291297934|126.9932582925197551_37.5705332710333550|126.9922000608216308_37.5704778715046643
2026-09-04T09:00:31.559343+09:00,익선동,익선동,POI116,KEY_1,1000001601,종로,1000161000,종로3가 45-4,126.9932672065188228_37.5704253845720260,1000009802,종로3가사거리,126.9922128288669825_37.5703701868235100,93.0,42.0,원활,126.9922128288669825_37.5703701868235100|126.9932672065188228_37.5704253845720260
2026-09-04T09:00:31.559343+09:00,익선동,익선동,POI116,KEY_1,1000003900,삼일대로,1000151000,관철동 268,126.9876175548289154_37.5696044234772373,1000008503,종로2가교차로,126.9876172549084856_37.5701493398525912,60.0,20.5,서행,126.9876172549084856_37.5701493398525912|126.9876175548289154_37.5696044234772373
2026-09-04T09:00:31.559343+09:00,익선동,익선동,POI116,KEY_1,1000004602,돈화문로,1000009802,종로3가사거리,126.9922128288669825_37.5703701868235100,1000001601,청계3가사거리,126.9924197004040280_37.5685221720677589,206.0,16.0,서행,126.9924197004040280_37.5685221720677589|126.9923429257738547_37.5692728725519558|126.9923404394218522_37.5692938442209439|126.9922128288669825_37.5703701868235100
2026-09-04T09:00:31.559343+09:00,익선동,익선동,POI116,KEY_1,1000006902,삼일대로,1000011504,탑골공원,126.9875885367710850_37.5711969434470845,1000002703,낙원상가앞교차로,126.9877290762876498_37.5725675824815539,153.0,7.0,정체,126.9877290762876498_37.5725675824815539|126.9876077446882761_37.5718586900303819|126.9876046271510717_37.5718404753162005|126.9875832438491017_37.5716846738898411|126.9875802081556628_37.5715262335702747|126.9875885367710850_37.5711969434470845
2026-09-04T09:00:31.559343+09:00,익선동,익선동,POI116,KEY_1,1000007001,삼일대로,1000011502,탑골공원,126.9877277365820021_37.5710696514502871,1000008501,종로2가교차로,126.9877514470551745_37.5702611458311253,90.0,28.0,원활,126.9877514470551745_37.5702611458311253|126.9877320636178837_37.5709221047709576|126.9877277365820021_37.5710696514502871
2026-09-04T09:00:31.559343+09:00,익선동,익선동,POI116,KEY_1,1000007002,삼일대로,1000231900,낙원동 300,126.9877423391079816_37.5718440957152282,1000011501,탑골공원,126.9877243457566749_37.5711991196512258,72.0,18.0,서행,126.9877243457566749_37.5711991196512258|126.9877160657086677_37.5715264973604235|126.9877189692615218_37.5716779639602692|126.9877394652978211_37.5718273051350025|126.9877423391079816_37.5718440957152282
2026-09-04T09:00:31.559343+09:00,익선동,익선동,POI116,KEY_1,1000007100,돈화문로,1000145800,묘동 20-5,126.9916684242814142_37.5719817889873724,1000013303,묘동사거리,126.9914801613035706_37.5725495704926047,65.0,6.0,정체,126.9914801613035706_37.5725495704926047|126.9916684242814142_37.5719817889873724
2026-09-04T09:00:31.559343+09:00,익선동,익선동,POI116,KEY_1,1000007200,돈화문로,1000059400,묘동 20-5,126.9921535095209890_37.5708464956724839,1000009801,종로3가사거리,126.9922000608216308_37.5704778715046643,41.0,13.0,정체,126.9922000608216308_37.5704778715046643|126.9921602362403092_37.5708137185849509|126.9921535095209890_37.5708464956724839
2026-09-04T09:00:31.559343+09:00,익선동,익선동,POI116,KEY_1,1000007701,수표로,1000106600,낙원동 289-3,126.9883777088764134_37.5725004488943028,1000002702,낙원상가앞교차로,126.9878647790248039_37.5725594585001090,46.0,6.0,정체,126.9878647790248039_37.5725594585001090|126.9880935169872345_37.5725337359327440|126.9883777088764134_37.5725004488943028
2026-09-04T09:00:31.559343+09:00,익선동,익선동,POI116,KEY_1,1000007702,돈화문로11길,1000068900,돈의동 57-1,126.9912130015799931_37.5725417718704406,1000013202,낙원상가,126.9887726506805734_37.5725199901669740,216.0,13.0,정체,126.9887726506805734_37.5725199901669740|126.9890905413929829_37.5725122858835405|126.9899620366305442_37.5725242512319468|126.9911899638886581_37.5725410993520086|126.9912130015799931_37.5725417718704406
2026-09-04T09:00:31.559343+09:00,익선동,익선동,POI116,KEY_1,1000007801,수표로,1000002701,낙원상가앞교차로,126.9878820470942031_37.5726667101081873,1000013204,낙원상가,126.9885864658241559_37.5726052162671280,63.0,11.0,정체,126.9885864658241559_37.5726052162671280|126.9885704603793926_37.5726001837020931|126.9884924360897003_37.5725962946357583|126.9883974861043612_37.5726074163225974|126.9881129079827673_37.5726407490651368|126.9878820470942031_37.5726667101081873
2026-09-04T09:00:31.559343+09:00,익선동,익선동,POI116,KEY_1,1000010301,삼일대로,1000002704,낙원상가앞교차로,126.9877465559183491_37.5726754784849746,1000014603,종로세무서,126.9876475861341873_37.5734674544711638,90.0,16.0,서행,126.9876475861341873_37.5734674544711638|126.9877122277218575_37.5733420920681738|126.9877432310391328_37.5732524039509244|126.9877661225475407_37.5731477197251849|126.9877805546539236_37.5730078030122741|126.9877748051182778_37.5728630584769832|126.9877465559183491_37.5726754784849746
2026-09-04T09:00:31.559343+09:00,익선동,익선동,POI116,KEY_1,1000010302,삼일대로,1000014604,종로세무서,126.9875929656630689_37.5735672823235660,1000017003,속성변화점,126.9867672620100478_37.5750673701046694,182.0,16.0,서행,126.9867672620100478_37.5750673701046694|126.9868378748170556_37.5748639419944581|126.9869048219416783_37.5747337421937573|126.9870805066234283_37.5744388641803369|126.9875929656630689_37.5735672823235660
2026-09-04T09:00:31.559343+09:00,익선동,익선동,POI116,KEY_1,1000010401,삼일대로,1000014602,종로세무서,126.9877657603728665_37.5735230393018043,1000002701,낙원상가앞교차로,126.9878820470942031_37.5726667101081873,97.0,10.0,정체,126.9878820470942031_37.5726667101081873|126.9879103891225185_37.5728549004152583|126.9879165707175304_37.5730105263044507|126.9879010050845238_37.5731614404618881|126.9878759387023734_37.5732760696720760|126.9878410192205536_37.5733770856293887|126.9877657603728665_37.5735230393018043
2026-09-04T09:00:31.559343+09:00,익선동,익선동,POI116,KEY_1,1000010402,삼일대로,1000017002,덕성여자대학교(종로캠퍼스),126.9868982009082004_37.5750961619411754,1000014601,종로세무서,126.9877103801226923_37.5736226701394358,179.0,19.0,서행,126.9877103801226923_37.5736226701394358|126.9872033965909139_37.5744849400199143|126.9870291458476430_37.5747774127157186|126.9869666594706388_37.5748989374009099|126.9868982009082004_37.5750961619411754
2026-09-04T09:00:31.559343+09:00,익선동,익선동,POI116,KEY_1,1000010701,돈화문로,1000013304,묘동사거리,126.9914460123658273_37.5726567658355961,1000016403,종로1가2가3가4가동주민센터,126.9909224401901895_37.5743944453165497,198.0,21.0,서행,126.9909224401901895_37.5743944453165497|126.9909947931414820_37.5741499222926407|126.9912406256384259_37.5733190978606615|126.9914460123658273_37.5726567658355961
2026-09-04T09:00:31.559343+09:00,익선동,익선동,POI116,KEY_1,1000010702,돈화문로,1000106400,와룡동 75-4,126.9908241009990917_37.5747256213886658,1000018603,한겨레신문(종로지국),126.9905629465608996_37.5756044925587815,100.0,27.0,원활,126.9905629465608996_37.5756044925587815|126.9908241009990917_37.5747256213886658
2026-09-04T09:00:31.559343+09:00,익선동,익선동,POI116,KEY_1,1000010802,돈화문로,1000106300,와룡동 75-4,126.9909562970876493_37.5747505051657669,1000016401,종로1가2가3가4가동주민센터,126.9910234246664515_37.5745245938365429,26.0,25.0,원활,126.9910234246664515_37.5745245938365429|126.9909562970876493_37.5747505051657669
2026-09-04T09:00:31.559343+09:00,익선동,익선동,POI116,KEY_1,1000010803,돈화문로,1000021402,창덕궁앞교차로,126.9901841383139782_37.5773932267385504,1000018601,한겨레신문(종로지국),126.9906634515929795_37.5757350308395957,189.0,11.0,정체,126.9906634515929795_37.5757350308395957|126.9903062505280644_37.5769154241969332|126.9902695786729083_37.5770589150526817|126.9901841383139782_37.5773932267385504
2026-09-04T09:00:31.559343+09:00,익선동,익선동,POI116,KEY_1,1000022600,수표로,1000108100,관수동 14-2,126.9894314284546084_37.5692594329428573,1000009403,육의전박물관,126.9893641825799904_37.5702291213036688,108.0,10.0,정체,126.9893641825799904_37.5702291213036688|126.9894314284546084_37.5692594329428573
2026-09-04T09:00:31.559343+09:00,익선동,익선동,POI116,KEY_1,1000026300,수표로,1000088800,낙원동 214-2,126.9891520373242599_37.5714620463629885,1000013203,낙원상가,126.9886363744601709_37.5725046593449861,125.0,7.0,정체,126.9886363744601709_37.5725046593449861|126.9886756986303311_37.5724041634539745|126.9889329320732685_37.5720063300465839|126.9889913902188567_37.5719048429175331|126.9890287759369585_37.5718372348224108|126.9891150600059291_37.5715912496210365|126.9891345581447979_37.5715356626058892|126.9891520373242599_37.5714620463629885
2026-09-04T09:00:31.559343+09:00,익선동,익선동,POI116,KEY_1,1000026400,수표로,1000154200,낙원동 175-1,126.9894625707901525_37.5706502295039755,1000009401,육의전박물관,126.9894911528416657_37.5703440400947173,34.0,9.0,정체,126.9894911528416657_37.5703440400947173|126.9894662327657073_37.5706215014400087|126.9894625707901525_37.5706502295039755
2026-09-04T09:00:31.559343+09:00,익선동,익선동,POI116,KEY_1,1000026900,인사동길,1000011503,탑골공원,126.9875919368493555_37.5710671282627970,1000013403,인사동사거리,126.9865006613109273_37.5725411334574346,194.0,18.0,서행,126.9865006613109273_37.5725411334574346|126.9868138272171620_37.5719423831850889|126.9870930380756420_37.5714807558390476|126.9872417374784419_37.5712905430838973|126.9874380393046636_37.5711449542964360|126.9875919368493555_37.5710671282627970
2026-09-04T09:00:31.559343+09:00,익선동,익선동,POI116,KEY_1,1000028300,서순라길,1000179700,묘동 164-2,126.9918986546224602_37.5725528238137017,1000013302,묘동사거리,126.9916200024151749_37.5725515277908357,25.0,12.0,정체,126.9916200024151749_37.5725515277908357|126.9918986546224602_37.5725528238137017
2026-09-04T09:00:31.559343+09:00,익선동,익선동,POI116,KEY_1,1000028800,인사동길,1000002703,낙원상가앞교차로,126.9877290762876498_37.5725675824815539,1000013402,인사동사거리,126.9866260678605698_37.5725826871621464,97.0,5.0,정체,126.9866260678605698_37.5725826871621464|126.9877290762876498_37.5725675824815539
2026-09-04T09:00:31.559343+09:00,익선동,익선동,POI116,KEY_1,1000030100,인사동4길,1000014603,종로세무서,126.9876475861341873_37.5734674544711638,1000013902,인사동사거리,126.9863347930561730_37.5729914707874855,128.0,4.0,정체,126.9863347930561730_37.5729914707874855|126.9865778431354215_37.5730765437080692|126.9871483595308064_37.5732762343743687|126.9875049026030922_37.5734010287094193|126.9876475861341873_37.5734674544711638
2026-09-04T09:00:31.559343+09:00,익선동,익선동,POI116,KEY_1,1000030200,인사동4길,1000190200,낙원동 280,126.9870936767206047_37.5733752066737097,1000014604,종로세무서,126.9875929656630689_37.5735672823235660,49.0,29.0,원활,126.9875929656630689_37.5735672823235660|126.9874430653368904_37.5734974970765307|126.9870936767206047_37.5733752066737097
2026-09-04T09:00:31.559343+09:00,익선동,익선동,POI116,KEY_1,1000031900,삼일대로30길,1000016403,종로1가2가3가4가동주민센터,126.9909224401901895_37.5743944453165497,1000014602,종로세무서,126.9877657603728665_37.5735230393018043,300.0,10.0,정체,126.9877657603728665_37.5735230393018043|126.9882746610469724_37.5737657051567169|126.9890843013498056_37.5741211801994552|126.9892691286933371_37.5741786634928658|126.9894708395082290_37.5742261685853478|126.9900987751391028_37.5742451717422767|126.9904206259991639_37.5742891136834203|126.9906874025872128_37.5743451108355870|126.9909224401901895_37.5743944453165497
2026-09-04T09:00:31.559343+09:00,익선동,익선동,POI116,KEY_1,1000033700,삼일대로32길,1000225400,익선동 1-2,126.9885198465621414_37.5753772077083354,1000017002,덕성여자대학교(종로캠퍼스),126.9868982009082004_37.5750961619411754,147.0,7.0,정체,126.9868982009082004_37.5750961619411754|126.9876435573690543_37.5752236178379775|126.9880192377179640_37.5752979345582787|126.9885198465621414_37.5753772077083354
2026-09-04T09:00:31.559343+09:00,익선동,익선동,POI116,KEY_1,1000033800,삼일대로32길,1000217900,운니동 44-1,126.9886315479750323_37.5755051337652901,1000018604,한겨레신문(종로지국),126.9905313831492180_37.5757097145699248,170.0,10.0,정체,126.9905313831492180_37.5757097145699248|126.9902144284971968_37.5756583032089253|126.9898011914220319_37.5756393653655252|126.9896790156536639_37.5756303509259837|126.9892762976139409_37.5756006364519877|126.9891382250948197_37.5755697755770228|126.9888125680360531_37.5755337981841890|126.9886315479750323_37.5755051337652901
2026-09-04T09:00:31.559343+09:00,인사동,인사동,POI078,KEY_2,1000000303,종로,1000008703,종로1가사거리,126.9828971865418197_37.5701731264087542,1000007700,종로1가,126.9822109960776402_37.5701758601934444,61.0,11.0,정체,126.9822109960776402_37.5701758601934444|126.9824008620181672_37.5701779915733454|126.9828971865418197_37.5701731264087542
2026-09-04T09:00:31.559343+09:00,인사동,인사동,POI078,KEY_2,1000000403,종로,1000009500,종로1가,126.9822090811274506_37.5702839694386270,1000008704,종로1가사거리,126.9829124807839946_37.5702811035568871,62.0,11.0,정체,126.9829124807839946_37.5702811035568871|126.9824007403594095_37.5702861200097971|126.9822090811274506_37.5702839694386270
2026-09-04T09:00:31.559343+09:00,인사동,인사동,POI078,KEY_2,1000000501,종로,1000008701,종로1가사거리,126.9830485481293891_37.5702800768006568,1000009600,종로1가,126.9837104338048164_37.5702764015435093,58.0,7.0,정체,126.9837104338048164_37.5702764015435093|126.9830485481293891_37.5702800768006568
2026-09-04T09:00:31.559343+09:00,인사동,인사동,POI078,KEY_2,1000000502,종로,1000231500,종로2가 1-2,126.9840871569151233_37.5702743076942411,1000009104,종각지하쇼핑센터,126.9856860459643428_37.5702623526753499,141.0,7.0,정체,126.9856860459643428_37.5702623526753499|126.9846512311403757_37.5702711702886205|126.9844496207387294_37.5702722919640593|126.9840871569151233_37.5702743076942411
2026-09-04T09:00:31.559343+09:00,인사동,인사동,POI078,KEY_2,1000000503,종로,1000009101,종각지하쇼핑센터,126.9858227292488380_37.5702608423529298,1000008504,종로2가교차로,126.9876156819137520_37.5702574924147754,158.0,8.0,정체,126.9876156819137520_37.5702574924147754|126.9871453036203235_37.5702428823229511|126.9869246551587310_37.5702458796709990|126.9858227292488380_37.5702608423529298
2026-09-04T09:00:31.559343+09:00,인사동,인사동,POI078,KEY_2,1000000601,종로,1000007800,종로1가,126.9837094850009294_37.5701682846705296,1000008702,종로1가사거리,126.9830343185050481_37.5701720336345346,60.0,11.0,정체,126.9830343185050481_37.5701720336345346|126.9837094850009294_37.5701682846705296
2026-09-04T09:00:31.559343+09:00,인사동,인사동,POI078,KEY_2,1000000602,종로,1000231400,종로2가 1-2,126.9840862081807984_37.5701661909693030,1000007800,종로1가,126.9837094850009294_37.5701682846705296,33.0,11.0,정체,126.9837094850009294_37.5701682846705296|126.9840862081807984_37.5701661909693030
2026-09-04T09:00:31.559343+09:00,인사동,인사동,POI078,KEY_2,1000000603,종로,1000181900,종로2가 84-11,126.9869223374955283_37.5701377759501440,1000009102,종각지하쇼핑센터,126.9858204131049462_37.5701527379884581,97.0,11.0,정체,126.9858204131049462_37.5701527379884581|126.9869223374955283_37.5701377759501440
2026-09-04T09:00:31.559343+09:00,인사동,인사동,POI078,KEY_2,1000001201,종로,1000151200,종로2가 34-2,126.9885296395007401_37.5701839568255025,1000008502,종로2가교차로,126.9877530838436002_37.5701530192531123,69.0,34.5,원활,126.9877530838436002_37.5701530192531123|126.9881077158716209_37.5701611205547650|126.9885296395007401_37.5701839568255025
2026-09-04T09:00:31.559343+09:00,인사동,인사동,POI078,KEY_2,1000003900,삼일대로,1000151000,관철동 268,126.9876175548289154_37.5696044234772373,1000008503,종로2가교차로,126.9876172549084856_37.5701493398525912,60.0,20.5,서행,126.9876172549084856_37.5701493398525912|126.9876175548289154_37.5696044234772373
2026-09-04T09:00:31.559343+09:00,인사동,인사동,POI078,KEY_2,1000004702,우정국로,1000007200,종로1가,126.9827935302844111_37.5696197701673924,1000008703,종로1가사거리,126.9828971865418197_37.5701731264087542,62.0,17.0,서행,126.9828971865418197_37.5701731264087542|126.9827935302844111_37.5696197701673924
2026-09-04T09:00:31.559343+09:00,인사동,인사동,POI078,KEY_2,1000004802,우정국로,1000008702,종로1가사거리,126.9830343185050481_37.5701720336345346,1000007100,종로1가,126.9829278791696936_37.5696038258341787,64.0,6.0,정체,126.9829278791696936_37.5696038258341787|126.9830343185050481_37.5701720336345346
2026-09-04T09:00:31.559343+09:00,인사동,인사동,POI078,KEY_2,1000006501,우정국로,1000008704,종로1가사거리,126.9829124807839946_37.5702811035568871,1000010800,종로1가,126.9829520973026149_37.5707555248776544,53.0,7.0,정체,126.9829520973026149_37.5707555248776544|126.9829508691110647_37.5707257702316255|126.9829124807839946_37.5702811035568871
2026-09-04T09:00:31.559343+09:00,인사동,인사동,POI078,KEY_2,1000006502,우정국로,1000010800,종로1가,126.9829520973026149_37.5707555248776544,1000012403,조계사앞교차로,126.9829706356902221_37.5719776537276218,136.0,19.0,서행,126.9829706356902221_37.5719776537276218|126.9829821214281083_37.5714823927012560|126.9829655468528955_37.5710811329590442|126.9829520973026149_37.5707555248776544
2026-09-04T09:00:31.559343+09:00,인사동,인사동,POI078,KEY_2,1000006601,우정국로,1000010700,종로1가,126.9830878603485758_37.5707519719581455,1000008701,종로1가사거리,126.9830485481293891_37.5702800768006568,52.0,12.0,정체,126.9830485481293891_37.5702800768006568|126.9830865510382267_37.5707202864689833|126.9830878603485758_37.5707519719581455
2026-09-04T09:00:31.559343+09:00,인사동,인사동,POI078,KEY_2,1000006602,우정국로,1000090100,공평동 98,126.9831013100779558_37.5710775801252623,1000010700,종로1가,126.9830878603485758_37.5707519719581455,36.0,7.0,정체,126.9830878603485758_37.5707519719581455|126.9831013100779558_37.5710775801252623
2026-09-04T09:00:31.559343+09:00,인사동,인사동,POI078,KEY_2,1000006901,삼일대로,1000097800,종로2가 37-5,126.9875962641486211_37.5709195815897914,1000011503,탑골공원,126.9875919368493555_37.5710671282627970,16.0,6.0,정체,126.9875919368493555_37.5710671282627970|126.9875962641486211_37.5709195815897914
2026-09-04T09:00:31.559343+09:00,인사동,인사동,POI078,KEY_2,1000006902,삼일대로,1000011504,탑골공원,126.9875885367710850_37.5711969434470845,1000002703,낙원상가앞교차로,126.9877290762876498_37.5725675824815539,153.0,7.0,정체,126.9877290762876498_37.5725675824815539|126.9876077446882761_37.5718586900303819|126.9876046271510717_37.5718404753162005|126.9875832438491017_37.5716846738898411|126.9875802081556628_37.5715262335702747|126.9875885367710850_37.5711969434470845
2026-09-04T09:00:31.559343+09:00,인사동,인사동,POI078,KEY_2,1000007001,삼일대로,1000011502,탑골공원,126.9877277365820021_37.5710696514502871,1000008501,종로2가교차로,126.9877514470551745_37.5702611458311253,90.0,28.0,원활,126.9877514470551745_37.5702611458311253|126.9877320636178837_37.5709221047709576|126.9877277365820021_37.5710696514502871
2026-09-04T09:00:31.559343+09:00,인사동,인사동,POI078,KEY_2,1000007002,삼일대로,1000231900,낙원동 300,126.9877423391079816_37.5718440957152282,1000011501,탑골공원,126.9877243457566749_37.5711991196512258,72.0,18.0,서행,126.9877243457566749_37.5711991196512258|126.9877160657086677_37.5715264973604235|126.9877189692615218_37.5716779639602692|126.9877394652978211_37.5718273051350025|126.9877423391079816_37.5718440957152282
2026-09-04T09:00:31.559343+09:00,인사동,인사동,POI078,KEY_2,1000007502,삼봉로,1000012403,조계사앞교차로,126.9829706356902221_37.5719776537276218,1000013004,신라스테이(광화문),126.9801805317354280_37.5724047958457916,252.0,6.0,정체,126.9801805317354280_37.5724047958457916|126.9804914824202910_37.5723319178106152|126.9811053055208276_37.5721880522337770|126.9822536902158987_37.5720311041132078|126.9827182491962247_37.5719849537863269|126.9829706356902221_37.5719776537276218
2026-09-04T09:00:31.559343+09:00,인사동,인사동,POI078,KEY_2,1000007602,삼봉로,1000140500,수송동 80-4,126.9805298527977442_37.5724356343591879,1000012404,조계사앞교차로,126.9829679360295245_37.5720859226599799,219.0,13.0,정체,126.9829679360295245_37.5720859226599799|126.9827291479286515_37.5720928297221519|126.9822736058986408_37.5721380840541883|126.9811360893303345_37.5722935474607382|126.9805298527977442_37.5724356343591879
2026-09-04T09:00:31.559343+09:00,인사동,인사동,POI078,KEY_2,1000007701,수표로,1000106600,낙원동 289-3,126.9883777088764134_37.5725004488943028,1000002702,낙원상가앞교차로,126.9878647790248039_37.5725594585001090,46.0,6.0,정체,126.9878647790248039_37.5725594585001090|126.9880935169872345_37.5725337359327440|126.9883777088764134_37.5725004488943028
2026-09-04T09:00:31.559343+09:00,인사동,인사동,POI078,KEY_2,1000007801,수표로,1000002701,낙원상가앞교차로,126.9878820470942031_37.5726667101081873,1000013204,낙원상가,126.9885864658241559_37.5726052162671280,63.0,11.0,정체,126.9885864658241559_37.5726052162671280|126.9885704603793926_37.5726001837020931|126.9884924360897003_37.5725962946357583|126.9883974861043612_37.5726074163225974|126.9881129079827673_37.5726407490651368|126.9878820470942031_37.5726667101081873
2026-09-04T09:00:31.559343+09:00,인사동,인사동,POI078,KEY_2,1000009101,우정국로,1000045300,견지동 37-1,126.9828638620594177_37.5740260581453356,1000017300,안국동사거리,126.9828039229332575_37.5749851341707171,107.0,12.0,정체,126.9828039229332575_37.5749851341707171|126.9828638620594177_37.5740260581453356
2026-09-04T09:00:31.559343+09:00,인사동,인사동,POI078,KEY_2,1000009102,우정국로,1000017300,안국동사거리,126.9828039229332575_37.5749851341707171,1000017904,안국동로터리,126.9829082928001753_37.5755454257557844,63.0,13.0,정체,126.9829082928001753_37.5755454257557844|126.9828499577781997_37.5754008805051001|126.9828163493672974_37.5752357359225755|126.9827996996409070_37.5750526973415191|126.9828039229332575_37.5749851341707171
2026-09-04T09:00:31.559343+09:00,인사동,인사동,POI078,KEY_2,1000009201,우정국로,1000085100,견지동 110-2,126.9830654526105036_37.5729316051841806,1000012401,조계사앞교차로,126.9831034437596884_37.5720995445690349,92.0,10.0,정체,126.9831034437596884_37.5720995445690349|126.9830943674485724_37.5724421623328340|126.9830752766845592_37.5727653133374773|126.9830654526105036_37.5729316051841806
2026-09-04T09:00:31.559343+09:00,인사동,인사동,POI078,KEY_2,1000010301,삼일대로,1000002704,낙원상가앞교차로,126.9877465559183491_37.5726754784849746,1000014603,종로세무서,126.9876475861341873_37.5734674544711638,90.0,16.0,서행,126.9876475861341873_37.5734674544711638|126.9877122277218575_37.5733420920681738|126.9877432310391328_37.5732524039509244|126.9877661225475407_37.5731477197251849|126.9877805546539236_37.5730078030122741|126.9877748051182778_37.5728630584769832|126.9877465559183491_37.5726754784849746
2026-09-04T09:00:31.559343+09:00,인사동,인사동,POI078,KEY_2,1000010302,삼일대로,1000014604,종로세무서,126.9875929656630689_37.5735672823235660,1000017003,속성변화점,126.9867672620100478_37.5750673701046694,182.0,16.0,서행,126.9867672620100478_37.5750673701046694|126.9868378748170556_37.5748639419944581|126.9869048219416783_37.5747337421937573|126.9870805066234283_37.5744388641803369|126.9875929656630689_37.5735672823235660
2026-09-04T09:00:31.559343+09:00,인사동,인사동,POI078,KEY_2,1000010303,삼일대로,1000017003,속성변화점,126.9867672620100478_37.5750673701046694,1000021203,안국역사거리,126.9861392416785293_37.5767777393512361,198.0,15.0,서행,126.9861392416785293_37.5767777393512361|126.9867306429910911_37.5751700115634506|126.9867672620100478_37.5750673701046694
2026-09-04T09:00:31.559343+09:00,인사동,인사동,POI078,KEY_2,1000010401,삼일대로,1000014602,종로세무서,126.9877657603728665_37.5735230393018043,1000002701,낙원상가앞교차로,126.9878820470942031_37.5726667101081873,97.0,10.0,정체,126.9878820470942031_37.5726667101081873|126.9879103891225185_37.5728549004152583|126.9879165707175304_37.5730105263044507|126.9879010050845238_37.5731614404618881|126.9878759387023734_37.5732760696720760|126.9878410192205536_37.5733770856293887|126.9877657603728665_37.5735230393018043
2026-09-04T09:00:31.559343+09:00,인사동,인사동,POI078,KEY_2,1000010402,삼일대로,1000017002,덕성여자대학교(종로캠퍼스),126.9868982009082004_37.5750961619411754,1000014601,종로세무서,126.9877103801226923_37.5736226701394358,179.0,19.0,서행,126.9877103801226923_37.5736226701394358|126.9872033965909139_37.5744849400199143|126.9870291458476430_37.5747774127157186|126.9869666594706388_37.5748989374009099|126.9868982009082004_37.5750961619411754
2026-09-04T09:00:31.559343+09:00,인사동,인사동,POI078,KEY_2,1000010403,삼일대로,1000021202,안국역사거리,126.9862597945630966_37.5768348176280966,1000017001,덕성여자대학교(종로캠퍼스),126.9868610139755560_37.5752003900895701,189.0,11.0,정체,126.9868610139755560_37.5752003900895701|126.9862597945630966_37.5768348176280966
2026-09-04T09:00:31.559343+09:00,인사동,인사동,POI078,KEY_2,1000010702,돈화문로,1000106400,와룡동 75-4,126.9908241009990917_37.5747256213886658,1000018603,한겨레신문(종로지국),126.9905629465608996_37.5756044925587815,100.0,27.0,원활,126.9905629465608996_37.5756044925587815|126.9908241009990917_37.5747256213886658
2026-09-04T09:00:31.559343+09:00,인사동,인사동,POI078,KEY_2,1000010703,돈화문로,1000187700,와룡동 139-4,126.9901364571830698_37.5770373641859052,1000021403,창덕궁앞교차로,126.9900492095065232_37.5773787437811535,39.0,30.0,원활,126.9900492095065232_37.5773787437811535|126.9901364571830698_37.5770373641859052
2026-09-04T09:00:31.559343+09:00,인사동,인사동,POI078,KEY_2,1000010803,돈화문로,1000021402,창덕궁앞교차로,126.9901841383139782_37.5773932267385504,1000018601,한겨레신문(종로지국),126.9906634515929795_37.5757350308395957,189.0,11.0,정체,126.9906634515929795_37.5757350308395957|126.9903062505280644_37.5769154241969332|126.9902695786729083_37.5770589150526817|126.9901841383139782_37.5773932267385504
2026-09-04T09:00:31.559343+09:00,인사동,인사동,POI078,KEY_2,1000011504,율곡로,1000017904,안국동로터리,126.9829082928001753_37.5755454257557844,1000018100,안국동사거리,126.9820370732549009_37.5756052331219763,78.0,13.0,정체,126.9820370732549009_37.5756052331219763|126.9821849025842226_37.5755822792614822|126.9823949596761850_37.5755556593554090|126.9825949987016998_37.5755409919947070|126.9827732334880466_37.5755410181384661|126.9829082928001753_37.5755454257557844
2026-09-04T09:00:31.559343+09:00,인사동,인사동,POI078,KEY_2,1000011603,율곡로,1000020300,경복궁,126.9801205068413168_37.5759892604625989,1000017905,안국동로터리,126.9829348569925571_37.5756562270635044,252.0,17.0,서행,126.9829348569925571_37.5756562270635044|126.9829125468357773_37.5756537744281829|126.9827704373494015_37.5756491370767236|126.9826012303179823_37.5756491122595975|126.9824118889619911_37.5756629946566250|126.9822085957164859_37.5756887578650449|126.9820630846885052_37.5757113517092307|126.9813592631155075_37.5758206328940290|126.9812063475179400_37.5758442987123971|126.9803458434132892_37.5759773239770425|126.9801500700749699_37.5759896573698668|126.9801205068413168_37.5759892604625989
2026-09-04T09:00:31.559343+09:00,인사동,인사동,POI078,KEY_2,1000012702,율곡로,1000204600,안국역,126.9857294779033765_37.5767141333904462,1000021204,안국역사거리,126.9860941353497878_37.5768818686938246,37.0,12.0,정체,126.9860941353497878_37.5768818686938246|126.9857294779033765_37.5767141333904462
2026-09-04T09:00:31.559343+09:00,인사동,인사동,POI078,KEY_2,1000012800,율곡로,1000099700,관훈동 113,126.9843012547585914_37.5759322813818102,1000017902,안국동로터리,126.9831650747284471_37.5755740090362238,108.0,18.0,서행,126.9831650747284471_37.5755740090362238|126.9832157778299404_37.5755801309922148|126.9834207454955077_37.5756172367829961|126.9836820397707413_37.5756980185194678|126.9842468281761967_37.5759072448986657|126.9843012547585914_37.5759322813818102
2026-09-04T09:00:31.559343+09:00,인사동,인사동,POI078,KEY_2,1000013501,율곡로,1000054300,계동 149-3,126.9868657861829462_37.5772407179262302,1000021504,우즈베키스탄대사관,126.9891939676239474_37.5774507625066221,209.0,19.0,서행,126.9891939676239474_37.5774507625066221|126.9886716347625111_37.5774406495643092|126.9876528972208263_37.5774209190205184|126.9874748196535421_37.5774084674404421|126.9872839495136390_37.5773710909105532|126.9870718117635420_37.5773123392589739|126.9868657861829462_37.5772407179262302
2026-09-04T09:00:31.559343+09:00,인사동,인사동,POI078,KEY_2,1000013502,율곡로,1000021501,우즈베키스탄대사관,126.9893297531960883_37.5774544023044541,1000021404,창덕궁앞교차로,126.9900388640569702_37.5774865487865739,63.0,30.0,원활,126.9900388640569702_37.5774865487865739|126.9897463242174780_37.5774687657961053|126.9893297531960883_37.5774544023044541
2026-09-04T09:00:31.559343+09:00,인사동,인사동,POI078,KEY_2,1000013601,율곡로,1000115800,운니동 99,126.9886749388672058_37.5773325621108185,1000021202,안국역사거리,126.9862597945630966_37.5768348176280966,226.0,26.0,원활,126.9862597945630966_37.5768348176280966|126.9866987114048271_37.5770526790006230|126.9869129296675823_37.5771391236163410|126.9869201616997287_37.5771416376904028|126.9871213965557644_37.5772115927930628|126.9873225852521443_37.5772673122363585|126.9874971233893604_37.5773014911490293|126.9876605021504048_37.5773129149276315|126.9886749388672058_37.5773325621108185
2026-09-04T09:00:31.559343+09:00,인사동,인사동,POI078,KEY_2,1000013802,율곡로3길,1000187200,안국동 177-3,126.9825779024490799_37.5773003698629964,1000017901,안국동로터리,126.9830699625115358_37.5756718813989750,188.0,10.0,정체,126.9830699625115358_37.5756718813989750|126.9830564549576764_37.5759140717657090|126.9830330914684993_37.5760255151221827|126.9826494722971120_37.5768341676311906|126.9826150056688476_37.5769949197743074|126.9825779024490799_37.5773003698629964
2026-09-04T09:00:31.559343+09:00,인사동,인사동,POI078,KEY_2,1000014000,북촌로,1000021902,재동초등학교앞교차로,126.9851742297151702_37.5791048269106014,1000021201,안국역사거리,126.9862116059343862_37.5769383209828334,258.0,14.5,정체,126.9862116059343862_37.5769383209828334|126.9861227104490524_37.5771049965042820|126.9858974625520034_37.5775403033717339|126.9855988771401059_37.5781173314432593|126.9855520543728602_37.5782320480744829|126.9853545228100558_37.5787159998899227|126.9853171216767009_37.5788076318220590|126.9852385949747031_37.5790000196943907|126.9851742297151702_37.5791048269106014
2026-09-04T09:00:31.559343+09:00,인사동,인사동,POI078,KEY_2,1000014100,창덕궁길,1000022002,북촌1경,126.9893063929122548_37.5792409569275208,1000021501,우즈베키스탄대사관,126.9893297531960883_37.5774544023044541,199.0,23.3,서행,126.9893297531960883_37.5774544023044541|126.9892548365952365_37.5786955788249983|126.9892562414735409_37.5787264244637242|126.9892665857058205_37.5789535426034647|126.9893063929122548_37.5792409569275208
2026-09-04T09:00:31.559343+09:00,인사동,인사동,POI078,KEY_2,1000023700,종로,1000007800,종로1가,126.9837094850009294_37.5701682846705296,1000007100,종로1가,126.9829278791696936_37.5696038258341787,103.0,21.0,서행,126.9829278791696936_37.5696038258341787|126.9830032097695494_37.5698402452960423|126.9830990215400703_37.5699604067910897|126.9831924475550267_37.5700347972999680|126.9833242130892046_37.5700939366007987|126.9834847309357855_37.5701511723724835|126.9837094850009294_37.5701682846705296
2026-09-04T09:00:31.559343+09:00,인사동,인사동,POI078,KEY_2,1000024400,종로,1000010700,종로1가,126.9830878603485758_37.5707519719581455,1000009600,종로1가,126.9837104338048164_37.5702764015435093,84.0,8.0,정체,126.9837104338048164_37.5702764015435093|126.9834199944166073_37.5703552243340226|126.9832834070776642_37.5704238609181118|126.9831923434160359_37.5704982251536919|126.9830964773624657_37.5706145452795255|126.9830878603485758_37.5707519719581455
2026-09-04T09:00:31.559343+09:00,인사동,인사동,POI078,KEY_2,1000024500,종로,1000009500,종로1가,126.9822090811274506_37.5702839694386270,1000010800,종로1가,126.9829520973026149_37.5707555248776544,92.0,20.0,서행,126.9829520973026149_37.5707555248776544|126.9829359392394394_37.5706431287853420|126.9828401259818236_37.5705267810848440|126.9827754493047394_37.5704619306360499|126.9826892071422293_37.5704047039165019|126.9825119206921613_37.5703322080284821|126.9822090811274506_37.5702839694386270
2026-09-04T09:00:31.559343+09:00,인사동,인사동,POI078,KEY_2,1000026900,인사동길,1000011503,탑골공원,126.9875919368493555_37.5710671282627970,1000013403,인사동사거리,126.9865006613109273_37.5725411334574346,194.0,18.0,서행,126.9865006613109273_37.5725411334574346|126.9868138272171620_37.5719423831850889|126.9870930380756420_37.5714807558390476|126.9872417374784419_37.5712905430838973|126.9874380393046636_37.5711449542964360|126.9875919368493555_37.5710671282627970
2026-09-04T09:00:31.559343+09:00,인사동,인사동,POI078,KEY_2,1000027500,인사동5길,1000231600,공평동 5-12,126.9837015373939977_37.5721207661722474,1000012402,조계사앞교차로,126.9831062491158349_37.5719883384085875,55.0,12.0,정체,126.9831062491158349_37.5719883384085875|126.9832673605664155_37.5720220520782107|126.9837015373939977_37.5721207661722474
2026-09-04T09:00:31.559343+09:00,인사동,인사동,POI078,KEY_2,1000027600,인사동5길,1000036800,인사동 187-4,126.9855567085236174_37.5727903642359919,1000013904,인사동사거리,126.9861168618192977_37.5730266274726361,56.0,3.0,정체,126.9861168618192977_37.5730266274726361|126.9855567085236174_37.5727903642359919
2026-09-04T09:00:31.559343+09:00,인사동,인사동,POI078,KEY_2,1000028800,인사동길,1000002703,낙원상가앞교차로,126.9877290762876498_37.5725675824815539,1000013402,인사동사거리,126.9866260678605698_37.5725826871621464,97.0,5.0,정체,126.9866260678605698_37.5725826871621464|126.9877290762876498_37.5725675824815539
2026-09-04T09:00:31.559343+09:00,인사동,인사동,POI078,KEY_2,1000029400,인사동길,1000013404,인사동사거리,126.9864507347062670_37.5726237878874230,1000013903,인사동사거리,126.9862122245298792_37.5729444875610596,41.0,15.0,서행,126.9862122245298792_37.5729444875610596|126.9863985900872052_37.5726751063462814|126.9864507347062670_37.5726237878874230
2026-09-04T09:00:31.559343+09:00,인사동,인사동,POI078,KEY_2,1000030100,인사동4길,1000014603,종로세무서,126.9876475861341873_37.5734674544711638,1000013902,인사동사거리,126.9863347930561730_37.5729914707874855,128.0,4.0,정체,126.9863347930561730_37.5729914707874855|126.9865778431354215_37.5730765437080692|126.9871483595308064_37.5732762343743687|126.9875049026030922_37.5734010287094193|126.9876475861341873_37.5734674544711638
2026-09-04T09:00:31.559343+09:00,인사동,인사동,POI078,KEY_2,1000030200,인사동4길,1000190200,낙원동 280,126.9870936767206047_37.5733752066737097,1000014604,종로세무서,126.9875929656630689_37.5735672823235660,49.0,29.0,원활,126.9875929656630689_37.5735672823235660|126.9874430653368904_37.5734974970765307|126.9870936767206047_37.5733752066737097
2026-09-04T09:00:31.559343+09:00,인사동,인사동,POI078,KEY_2,1000031700,인사동길,1000200000,관훈동 177-1,126.9846248795644641_37.5741354335962896,1000017903,안국동로터리,126.9830393503038977_37.5755166265144283,209.0,23.0,서행,126.9830393503038977_37.5755166265144283|126.9832578502403493_37.5753718765763765|126.9833833057397072_37.5752802649537472|126.9833874257963799_37.5752759258947009|126.9838138538233210_37.5748268274858290|126.9839983126868219_37.5746325599944413|126.9840028137515446_37.5746278195686330|126.9841931260739045_37.5744516475788828|126.9843256891268339_37.5743491032214507|126.9843944674535408_37.5742999847176264|126.9846248795644641_37.5741354335962896
2026-09-04T09:00:31.559343+09:00,인사동,인사동,POI078,KEY_2,1000031900,삼일대로30길,1000016403,종로1가2가3가4가동주민센터,126.9909224401901895_37.5743944453165497,1000014602,종로세무서,126.9877657603728665_37.5735230393018043,300.0,10.0,정체,126.9877657603728665_37.5735230393018043|126.9882746610469724_37.5737657051567169|126.9890843013498056_37.5741211801994552|126.9892691286933371_37.5741786634928658|126.9894708395082290_37.5742261685853478|126.9900987751391028_37.5742451717422767|126.9904206259991639_37.5742891136834203|126.9906874025872128_37.5743451108355870|126.9909224401901895_37.5743944453165497
2026-09-04T09:00:31.559343+09:00,인사동,인사동,POI078,KEY_2,1000033700,삼일대로32길,1000225400,익선동 1-2,126.9885198465621414_37.5753772077083354,1000017002,덕성여자대학교(종로캠퍼스),126.9868982009082004_37.5750961619411754,147.0,7.0,정체,126.9868982009082004_37.5750961619411754|126.9876435573690543_37.5752236178379775|126.9880192377179640_37.5752979345582787|126.9885198465621414_37.5753772077083354
2026-09-04T09:00:31.559343+09:00,인사동,인사동,POI078,KEY_2,1000033800,삼일대로32길,1000217900,운니동 44-1,126.9886315479750323_37.5755051337652901,1000018604,한겨레신문(종로지국),126.9905313831492180_37.5757097145699248,170.0,10.0,정체,126.9905313831492180_37.5757097145699248|126.9902144284971968_37.5756583032089253|126.9898011914220319_37.5756393653655252|126.9896790156536639_37.5756303509259837|126.9892762976139409_37.5756006364519877|126.9891382250948197_37.5755697755770228|126.9888125680360531_37.5755337981841890|126.9886315479750323_37.5755051337652901
2026-09-04T09:00:31.559343+09:00,인사동,인사동,POI078,KEY_2,1000033900,우정국로,1000017300,안국동사거리,126.9828039229332575_37.5749851341707171,1000018100,안국동사거리,126.9820370732549009_37.5756052331219763,102.0,15.0,서행,126.9820370732549009_37.5756052331219763|126.9822935365986751_37.5755095925525495|126.9827428871539610_37.5751967734075052|126.9827905797247212_37.5750539177611387|126.9828039229332575_37.5749851341707171
2026-09-04T09:00:31.559343+09:00,잠실롯데타워·석촌호수,잠실롯데타워·석촌호수,POI120,KEY_3,1230003102,송파대로,1230412500,석촌동 209,127.1044792274671522_37.5081049831544888,1230036703,석촌호수앞교차로,127.1039824947923051_37.5086487529905597,75.0,28.0,원활,127.1039824947923051_37.5086487529905597|127.1044792274671522_37.5081049831544888
2026-09-04T09:00:31.559343+09:00,잠실롯데타워·석촌호수,잠실롯데타워·석촌호수,POI120,KEY_3,1230003300,송파대로,1230036704,석촌호수앞교차로,127.1039028911642674_37.5087367936795530,1230001703,석촌호수앞교차로,127.1017878219228550_37.5111046223331428,323.0,35.0,원활,127.1017878219228550_37.5111046223331428|127.1039028911642674_37.5087367936795530
2026-09-04T09:00:31.559343+09:00,잠실롯데타워·석촌호수,잠실롯데타워·석촌호수,POI120,KEY_3,1230003400,송파대로,1230001702,석촌호수앞교차로,127.1019076941057762_37.5111569141952117,1230036701,석촌호수앞교차로,127.1040028890472797_37.5088113302377195,320.0,8.0,정체,127.1040028890472797_37.5088113302377195|127.1019076941057762_37.5111569141952117
2026-09-04T09:00:31.559343+09:00,잠실롯데타워·석촌호수,잠실롯데타워·석촌호수,POI120,KEY_3,1230003501,송파대로,1230399700,잠실동 41,127.1007560729534731_37.5124412982623454,1230001803,잠실역사거리,127.1001586829554100_37.5132191939759281,101.0,23.0,서행,127.1001586829554100_37.5132191939759281|127.1007560729534731_37.5124412982623454
2026-09-04T09:00:31.559343+09:00,잠실롯데타워·석촌호수,잠실롯데타워·석촌호수,POI120,KEY_3,1230003601,송파대로,1230001802,잠실역사거리,127.1002879409381165_37.5132580710148957,1230001701,석촌호수앞교차로,127.1018323332335598_37.5112469862295228,262.0,6.0,정체,127.1018323332335598_37.5112469862295228|127.1008718568159566_37.5124977195192244|127.1002879409381165_37.5132580710148957
2026-09-04T09:00:31.559343+09:00,잠실롯데타워·석촌호수,잠실롯데타워·석촌호수,POI120,KEY_3,1230003802,송파대로,1230044702,잠실대교남측,127.0981251707990225_37.5159789121879115,1230001801,잠실역사거리,127.1002155326109744_37.5133509522926616,345.0,12.5,정체,127.1002155326109744_37.5133509522926616|127.0985290071868548_37.5154712346922068|127.0981251707990225_37.5159789121879115
2026-09-04T09:00:31.559343+09:00,잠실롯데타워·석촌호수,잠실롯데타워·석촌호수,POI120,KEY_3,1230018100,삼학사로,1230399400,삼전동 152,127.0971851736833997_37.5058146183606098,1230034303,석촌호교차로,127.0972427646003808_37.5065427063586085,81.0,17.0,서행,127.0972427646003808_37.5065427063586085|127.0971851736833997_37.5058146183606098
2026-09-04T09:00:31.559343+09:00,잠실롯데타워·석촌호수,잠실롯데타워·석촌호수,POI120,KEY_3,1230020203,석촌호수로,1230362100,잠실동 45-1,127.0959603598268473_37.5068429608790908,1230034304,석촌호교차로,127.0972501695385262_37.5066515875651163,116.0,27.0,원활,127.0972501695385262_37.5066515875651163|127.0959603598268473_37.5068429608790908
2026-09-04T09:00:31.559343+09:00,잠실롯데타워·석촌호수,잠실롯데타워·석촌호수,POI120,KEY_3,1230023801,석촌호수로,1230383600,송파동 60,127.1049384312716057_37.5094043721425194,1230036702,석촌호수앞교차로,127.1040831324389728_37.5087223370806129,107.0,13.0,정체,127.1040831324389728_37.5087223370806129|127.1049384312716057_37.5094043721425194
2026-09-04T09:00:31.559343+09:00,잠실롯데타워·석촌호수,잠실롯데타워·석촌호수,POI120,KEY_3,1230020300,석촌호수로,1230425400,최소노드배치점,127.1008735740489470_37.5071235777689509,1230036704,석촌호수앞교차로,127.1039028911642674_37.5087367936795530,323.0,26.0,원활,127.1039028911642674_37.5087367936795530|127.1030871966188158_37.5081804312170775|127.1027814029224459_37.5079972621807372|127.1027257780679207_37.5079698553039691|127.1018874551534168_37.5075568002840285|127.1015021632143061_37.5073921700333557|127.1008735740489470_37.5071235777689509
2026-09-04T09:00:31.559343+09:00,잠실롯데타워·석촌호수,잠실롯데타워·석촌호수,POI120,KEY_3,1230020400,석촌호수로,1230369400,석촌동 191,127.0987703823118125_37.5064112799268017,1230034302,석촌호교차로,127.0973765618586384_37.5065150079019958,125.0,20.0,서행,127.0973765618586384_37.5065150079019958|127.0976452744375536_37.5064483289197952|127.0979269591683192_37.5064090615062042|127.0982641563232818_37.5063794736021237|127.0986308344447906_37.5063986405236136|127.0987703823118125_37.5064112799268017
2026-09-04T09:00:31.559343+09:00,잠실롯데타워·석촌호수,잠실롯데타워·석촌호수,POI120,KEY_3,1230021500,삼학사로,1230418200,잠실동 46,127.0973734398476296_37.5087240119147722,1230007103,서울놀이마당앞교차로,127.0974453047706589_37.5099321530276910,134.0,29.0,원활,127.0974453047706589_37.5099321530276910|127.0973734398476296_37.5087240119147722
2026-09-04T09:00:31.559343+09:00,잠실롯데타워·석촌호수,잠실롯데타워·석촌호수,POI120,KEY_3,1230021600,삼학사로,1230007102,서울놀이마당앞교차로,127.0975809295277941_37.5099279073468779,1230034301,석촌호교차로,127.0973845362845935_37.5066262726573783,367.0,20.0,서행,127.0973845362845935_37.5066262726573783|127.0975090109694889_37.5087188942394008|127.0975809295277941_37.5099279073468779
2026-09-04T09:00:31.559343+09:00,잠실롯데타워·석촌호수,잠실롯데타워·석촌호수,POI120,KEY_3,1230021900,삼전로,1230356200,잠실동 37,127.0922842977067404_37.5094309777277743,1230038603,잠실3삼거리,127.0929733206664025_37.5103028554533822,115.0,20.0,서행,127.0929733206664025_37.5103028554533822|127.0928602894616830_37.5101024415336113|127.0922842977067404_37.5094309777277743
2026-09-04T09:00:31.559343+09:00,잠실롯데타워·석촌호수,잠실롯데타워·석촌호수,POI120,KEY_3,1230023101,잠실로,1230038303,잠실동 43,127.0947217679651260_37.5101178628557932,1230038602,잠실3삼거리,127.0930971257991189_37.5102585455899913,144.0,23.0,서행,127.0930971257991189_37.5102585455899913|127.0947217679651260_37.5101178628557932
2026-09-04T09:00:31.559343+09:00,잠실롯데타워·석촌호수,잠실롯데타워·석촌호수,POI120,KEY_3,1230023102,잠실로,1230007103,서울놀이마당앞교차로,127.0974453047706589_37.5099321530276910,1230038302,잠실동 43,127.0948609890413223_37.5101069748518370,229.0,33.0,원활,127.0948609890413223_37.5101069748518370|127.0962459094918131_37.5100132959391175|127.0974453047706589_37.5099321530276910
2026-09-04T09:00:31.559343+09:00,잠실롯데타워·석촌호수,잠실롯데타워·석촌호수,POI120,KEY_3,1230023201,잠실로,1230038601,잠실3삼거리,127.0931194165767408_37.5103653726765316,1230038304,잠실동 43,127.0947364363945553_37.5102253498387128,144.0,15.0,서행,127.0947364363945553_37.5102253498387128|127.0931194165767408_37.5103653726765316
2026-09-04T09:00:31.559343+09:00,잠실롯데타워·석촌호수,잠실롯데타워·석촌호수,POI120,KEY_3,1230023202,잠실로,1230393400,잠실동 43,127.0962573939644642_37.5101210286650257,1230007104,서울놀이마당앞교차로,127.0974567909531032_37.5100398856026942,106.0,16.3,서행,127.0974567909531032_37.5100398856026942|127.0962573939644642_37.5101210286650257
2026-09-04T09:00:31.559343+09:00,잠실롯데타워·석촌호수,잠실롯데타워·석촌호수,POI120,KEY_3,1230023500,잠실로,1230412400,잠실동 42,127.1004419094974480_37.5105947295189637,1230001704,석촌호수앞교차로,127.1017131193153915_37.5111950333109547,131.0,17.0,서행,127.1017131193153915_37.5111950333109547|127.1004641614348145_37.5106046485269218|127.1004419094974480_37.5105947295189637
2026-09-04T09:00:31.559343+09:00,잠실롯데타워·석촌호수,잠실롯데타워·석촌호수,POI120,KEY_3,1230023600,잠실로,1230001703,석촌호수앞교차로,127.1017878219228550_37.5111046223331428,1230007102,서울놀이마당앞교차로,127.0975809295277941_37.5099279073468779,403.0,19.0,서행,127.0975809295277941_37.5099279073468779|127.0985541482379375_37.5099332768199432|127.0990046849047843_37.5099841635964921|127.0994430355566607_37.5101001528652276|127.0999744578332411_37.5102624598802024|127.1005081875894263_37.5105003764333560|127.1005319432435670_37.5105109657146656|127.1017878219228550_37.5111046223331428
2026-09-04T09:00:31.559343+09:00,잠실롯데타워·석촌호수,잠실롯데타워·석촌호수,POI120,KEY_3,1230023701,석촌호수로,1230036701,석촌호수앞교차로,127.1040028890472797_37.5088113302377195,1230038204,수림빌딩,127.1051505452613100_37.5097264956549949,144.0,9.0,정체,127.1051505452613100_37.5097264956549949|127.1048424116308126_37.5094807866672255|127.1040028890472797_37.5088113302377195
2026-09-04T09:00:31.559343+09:00,잠실롯데타워·석촌호수,잠실롯데타워·석촌호수,POI120,KEY_3,1230023702,석촌호수로,1230038201,수림빌딩,127.1052475076223942_37.5098032820847891,1230039704,신천동 33,127.1069053310213803_37.5111077200237375,206.0,13.0,정체,127.1069053310213803_37.5111077200237375|127.1060795391087055_37.5104579644505165|127.1052475076223942_37.5098032820847891
2026-09-04T09:00:31.559343+09:00,잠실롯데타워·석촌호수,잠실롯데타워·석촌호수,POI120,KEY_3,1230023703,석촌호수로,1230039701,신천동 33,127.1070065907386635_37.5111861357687459,1230041504,방이삼거리,127.1080898185277164_37.5120029659807344,132.0,21.0,서행,127.1080898185277164_37.5120029659807344|127.1079331088216122_37.5118964724360211|127.1070065907386635_37.5111861357687459
2026-09-04T09:00:31.559343+09:00,잠실롯데타워·석촌호수,잠실롯데타워·석촌호수,POI120,KEY_3,1230023802,석촌호수로,1230380500,송파동 61,127.1061749184303977_37.5103810412995244,1230038202,수림빌딩,127.1053428869681454_37.5097263595970531,103.0,19.0,서행,127.1053428869681454_37.5097263595970531|127.1061749184303977_37.5103810412995244
2026-09-04T09:00:31.559343+09:00,잠실롯데타워·석촌호수,잠실롯데타워·석촌호수,POI120,KEY_3,1230023803,석촌호수로,1230041503,방이삼거리,127.1081921675338720_37.5119304002947942,1230039702,송파동 62,127.1071007108080408_37.5111082344274962,133.0,11.0,정체,127.1071007108080408_37.5111082344274962|127.1080242959557012_37.5118163213665241|127.1081921675338720_37.5119304002947942
2026-09-04T09:00:31.559343+09:00,잠실롯데타워·석촌호수,잠실롯데타워·석촌호수,POI120,KEY_3,1230024100,잠실로,1230038604,잠실3삼거리,127.0929839814057658_37.5103582875929717,1230041303,잠실3사거리,127.0924958334099557_37.5118489046082644,171.0,12.5,정체,127.0924958334099557_37.5118489046082644|127.0929749045914718_37.5104683915562376|127.0929839814057658_37.5103582875929717
2026-09-04T09:00:31.559343+09:00,잠실롯데타워·석촌호수,잠실롯데타워·석촌호수,POI120,KEY_3,1230024200,잠실로,1230041302,잠실3사거리,127.0926320843072830_37.5118620680798003,1230038601,잠실3삼거리,127.0931194165767408_37.5103653726765316,172.0,10.0,정체,127.0931194165767408_37.5103653726765316|127.0931094286359553_37.5104865264241667|127.0926320843072830_37.5118620680798003
2026-09-04T09:00:31.559343+09:00,잠실롯데타워·석촌호수,잠실롯데타워·석촌호수,POI120,KEY_3,1230024302,오금로,1230384900,송파동 62,127.1086886760872829_37.5117147904571766,1230041503,방이삼거리,127.1081921675338720_37.5119304002947942,50.0,10.0,정체,127.1081921675338720_37.5119304002947942|127.1083902263657990_37.5118348937114661|127.1086886760872829_37.5117147904571766
2026-09-04T09:00:31.559343+09:00,잠실롯데타워·석촌호수,잠실롯데타워·석촌호수,POI120,KEY_3,1230024900,올림픽로,1230358200,최소노드배치점,127.0890986901108874_37.5116423850120313,1230041304,잠실3사거리,127.0924582513479919_37.5119541794962004,299.0,18.0,서행,127.0924582513479919_37.5119541794962004|127.0894865754439849_37.5116660118753273|127.0890986901108874_37.5116423850120313
2026-09-04T09:00:31.559343+09:00,잠실롯데타워·석촌호수,잠실롯데타워·석촌호수,POI120,KEY_3,1230025702,올림픽로,1230422700,최소노드배치점,127.0963985029439982_37.5124235494134552,1230001804,잠실역사거리,127.1000841139758677_37.5133141607708396,341.0,23.0,서행,127.1000841139758677_37.5133141607708396|127.0963985029439982_37.5124235494134552
2026-09-04T09:00:31.559343+09:00,잠실롯데타워·석촌호수,잠실롯데타워·석촌호수,POI120,KEY_3,1230025801,올림픽로,1230041703,잠실동 39,127.0946882254534103_37.5120601573260686,1230041302,잠실3사거리,127.0926320843072830_37.5118620680798003,183.0,11.0,정체,127.0926320843072830_37.5118620680798003|127.0946882254534103_37.5120601573260686
2026-09-04T09:00:31.559343+09:00,잠실롯데타워·석촌호수,잠실롯데타워·석촌호수,POI120,KEY_3,1230025802,올림픽로,1230001803,잠실역사거리,127.1001586829554100_37.5132191939759281,1230041702,잠실동 39,127.0948236216370191_37.5120740018570373,489.0,11.0,정체,127.0948236216370191_37.5120740018570373|127.0956739088233007_37.5121671905185963|127.0962807923011582_37.5122821169021705|127.0964379064208174_37.5123200858476054|127.1001586829554100_37.5132191939759281
2026-09-04T09:00:31.559343+09:00,잠실롯데타워·석촌호수,잠실롯데타워·석촌호수,POI120,KEY_3,1230026301,오금로,1230041504,방이삼거리,127.1080898185277164_37.5120029659807344,1230043203,잠실전화국,127.1073625915452112_37.5136826385122433,198.0,29.0,원활,127.1073625915452112_37.5136826385122433|127.1076552451824142_37.5129653281818420|127.1080218934859403_37.5120666323530259|127.1080898185277164_37.5120029659807344
2026-09-04T09:00:31.559343+09:00,잠실롯데타워·석촌호수,잠실롯데타워·석촌호수,POI120,KEY_3,1230026400,오금로,1230362200,방이동 95-3,127.1077843306107411_37.5129987458803527,1230041501,방이삼거리,127.1081930791064138_37.5120731373911980,109.0,14.5,정체,127.1081930791064138_37.5120731373911980|127.1081426875516627_37.5121203703189892|127.1077843306107411_37.5129987458803527
2026-09-04T09:00:31.559343+09:00,잠실롯데타워·석촌호수,잠실롯데타워·석촌호수,POI120,KEY_3,1230026702,백제고분로,1230397100,방이동 94-4,127.1155243442379685_37.5158080782483836,1230045403,올림픽공원남4문앞교차로,127.1158353619488821_37.5163285598069436,64.0,11.0,정체,127.1158353619488821_37.5163285598069436|127.1155243442379685_37.5158080782483836
2026-09-04T09:00:31.559343+09:00,잠실롯데타워·석촌호수,잠실롯데타워·석촌호수,POI120,KEY_3,1230026802,백제고분로,1230045402,올림픽공원남4문앞교차로,127.1159592191718559_37.5162842594980717,1230043901,방이중,127.1149670532686144_37.5146238680820474,204.0,14.0,정체,127.1149670532686144_37.5146238680820474|127.1156469051217641_37.5157616102810749|127.1159592191718559_37.5162842594980717
2026-09-04T09:00:31.559343+09:00,잠실롯데타워·석촌호수,잠실롯데타워·석촌호수,POI120,KEY_3,1230027302,올림픽로,1230001801,잠실역사거리,127.1002155326109744_37.5133509522926616,1230043404,신천동 8,127.1021667132219335_37.5140202279747825,188.0,11.0,정체,127.1021667132219335_37.5140202279747825|127.1002155326109744_37.5133509522926616
2026-09-04T09:00:31.559343+09:00,잠실롯데타워·석촌호수,잠실롯데타워·석촌호수,POI120,KEY_3,1230027303,올림픽로,1230043401,신천동 8,127.1022912026975433_37.5140633484028712,1230043804,잠실역(서울8호선),127.1031193148053262_37.5143528991889355,80.0,27.0,원활,127.1031193148053262_37.5143528991889355|127.1022912026975433_37.5140633484028712
2026-09-04T09:00:31.559343+09:00,잠실롯데타워·석촌호수,잠실롯데타워·석촌호수,POI120,KEY_3,1230027304,올림픽로,1230043801,잠실역(서울8호선),127.1032441614670745_37.5143953515620083,1230044104,송파구청앞교차로,127.1065954149593580_37.5155037548529151,321.0,44.5,원활,127.1065954149593580_37.5155037548529151|127.1032441614670745_37.5143953515620083
2026-09-04T09:00:31.559343+09:00,잠실롯데타워·석촌호수,잠실롯데타워·석촌호수,POI120,KEY_3,1230027402,올림픽로,1230425600,최소노드배치점,127.1034569107816310_37.5143486498193468,1230001802,잠실역사거리,127.1002879409381165_37.5132580710148957,305.0,39.0,원활,127.1002879409381165_37.5132580710148957|127.1022203942543456_37.5139209223143766|127.1023457587723016_37.5139643456983833|127.1031738699951745_37.5142538961081584|127.1032962137368543_37.5142954974985372|127.1034569107816310_37.5143486498193468
2026-09-04T09:00:31.559343+09:00,잠실롯데타워·석촌호수,잠실롯데타워·석촌호수,POI120,KEY_3,1230027600,잠실로,1230354600,잠실동 26-1,127.0923490777133509_37.5126418063312386,1230041301,잠실3사거리,127.0925947702226182_37.5119673808282528,78.0,18.5,서행,127.0925947702226182_37.5119673808282528|127.0923490777133509_37.5126418063312386
2026-09-04T09:00:31.559343+09:00,잠실롯데타워·석촌호수,잠실롯데타워·석촌호수,POI120,KEY_3,1230027901,오금로,1230043204,잠실전화국,127.1073301047804875_37.5137619968566653,1230043703,KT송파빌딩,127.1072008780327849_37.5140753242066154,37.0,6.0,정체,127.1072008780327849_37.5140753242066154|127.1073301047804875_37.5137619968566653
2026-09-04T09:00:31.559343+09:00,잠실롯데타워·석촌호수,잠실롯데타워·석촌호수,POI120,KEY_3,1230027902,오금로,1230043704,KT송파빌딩,127.1071582673112630_37.5141777969497454,1230044103,송파구청앞교차로,127.1066451578842873_37.5154031368063627,143.0,16.0,서행,127.1066451578842873_37.5154031368063627|127.1071582673112630_37.5141777969497454
2026-09-04T09:00:31.559343+09:00,잠실롯데타워·석촌호수,잠실롯데타워·석촌호수,POI120,KEY_3,1230028001,오금로,1230043702,KT송파빌딩,127.1073298305418575_37.5141090707700258,1230043201,잠실전화국,127.1074590560679241_37.5137957428479041,37.0,7.0,정체,127.1074590560679241_37.5137957428479041|127.1073298305418575_37.5141090707700258
2026-09-04T09:00:31.559343+09:00,잠실롯데타워·석촌호수,잠실롯데타워·석촌호수,POI120,KEY_3,1230028002,오금로,1230044102,송파구청앞교차로,127.1067706331513705_37.5154451950086951,1230043701,KT송파빌딩,127.1072870264943191_37.5142120080203938,144.0,5.0,정체,127.1072870264943191_37.5142120080203938|127.1067706331513705_37.5154451950086951
2026-09-04T09:00:31.559343+09:00,잠실롯데타워·석촌호수,잠실롯데타워·석촌호수,POI120,KEY_3,1230028100,위례성대로,1230008303,방이초교앞교차로,127.1208213191434737_37.5145580278620869,1230045402,올림픽공원남4문앞교차로,127.1159592191718559_37.5162842594980717,471.0,48.7,원활,127.1159592191718559_37.5162842594980717|127.1194913787483216_37.5150302354333220|127.1208213191434737_37.5145580278620869
2026-09-04T09:00:31.559343+09:00,잠실롯데타워·석촌호수,잠실롯데타워·석촌호수,POI120,KEY_3,1230028301,올림픽로,1230044101,송파구청앞교차로,127.1067205760415391_37.5155457351922763,1230044902,잠실진주아파트앞교차로,127.1087256571209707_37.5162283031640200,193.0,12.0,정체,127.1087256571209707_37.5162283031640200|127.1067205760415391_37.5155457351922763
2026-09-04T09:00:31.559343+09:00,잠실롯데타워·석촌호수,잠실롯데타워·석촌호수,POI120,KEY_3,1230028401,올림픽로,1230421300,최소노드배치점,127.1097120122696964_37.5164468577884307,1230044102,송파구청앞교차로,127.1067706331513705_37.5154451950086951,283.0,20.0,서행,127.1067706331513705_37.5154451950086951|127.1088293438040182_37.5161460190462677|127.1097120122696964_37.5164468577884307
2026-09-04T09:00:31.559343+09:00,잠실롯데타워·석촌호수,잠실롯데타워·석촌호수,POI120,KEY_3,1230029101,올림픽로,1230044901,잠실진주아파트앞교차로,127.1088533723906977_37.5162718111141373,1230047903,올림픽공원앞교차로,127.1125664517782781_37.5175764714066560,359.0,8.7,정체,127.1125664517782781_37.5175764714066560|127.1121927794052340_37.5174099266855308|127.1096586157180326_37.5165462608805385|127.1088533723906977_37.5162718111141373
2026-09-04T09:00:31.559343+09:00,잠실롯데타워·석촌호수,잠실롯데타워·석촌호수,POI120,KEY_3,1230029300,위례성대로,1230045403,올림픽공원남4문앞교차로,127.1158353619488821_37.5163285598069436,1230047902,올림픽공원앞교차로,127.1126327333255119_37.5174821175529445,311.0,20.0,서행,127.1126327333255119_37.5174821175529445|127.1158353619488821_37.5163285598069436
2026-09-04T09:00:31.559343+09:00,잠실롯데타워·석촌호수,잠실롯데타워·석촌호수,POI120,KEY_3,1230029401,위례성대로,1230047901,올림픽공원앞교차로,127.1127294559663170_37.5175659412636975,1230045404,올림픽공원남4문앞교차로,127.1158912913085715_37.5164270745673178,307.0,16.0,서행,127.1158912913085715_37.5164270745673178|127.1127294559663170_37.5175659412636975
2026-09-04T09:00:31.559343+09:00,잠실롯데타워·석촌호수,잠실롯데타워·석촌호수,POI120,KEY_3,1230029800,오금로,1230009202,잠실나루역사거리,127.1050458803196079_37.5186165757193919,1230044101,송파구청앞교차로,127.1067205760415391_37.5155457351922763,372.0,20.0,서행,127.1067205760415391_37.5155457351922763|127.1063870230920116_37.5161245657841746|127.1060062563923623_37.5167853165615099|127.1057041776155785_37.5173095096861147|127.1054650209393913_37.5177245091905434|127.1053636836204817_37.5179234011036442|127.1051267515503156_37.5183884165572152|127.1050458803196079_37.5186165757193919
2026-09-04T09:00:31.559343+09:00,잠실롯데타워·석촌호수,잠실롯데타워·석촌호수,POI120,KEY_3,1230030200,올림픽로33길,1230044902,잠실진주아파트앞교차로,127.1087256571209707_37.5162283031640200,1230009303,파크리오아파트,127.1080198937217318_37.5191489075320419,330.0,13.0,정체,127.1080198937217318_37.5191489075320419|127.1087256571209707_37.5162283031640200
2026-09-04T09:00:31.559343+09:00,잠실롯데타워·석촌호수,잠실롯데타워·석촌호수,POI120,KEY_3,1230030300,올림픽로33길,1230009302,파크리오아파트,127.1081532489597805_37.5191690964758351,1230044901,잠실진주아파트앞교차로,127.1088533723906977_37.5162718111141373,327.0,19.0,서행,127.1088533723906977_37.5162718111141373|127.1081532489597805_37.5191690964758351
2026-09-04T09:00:31.559343+09:00,잠실롯데타워·석촌호수,잠실롯데타워·석촌호수,POI120,KEY_3,1230030701,올림픽로,1230047904,올림픽공원앞교차로,127.1126156383089949_37.5176248562335459,1230050103,올림픽회관앞교차로,127.1141234836901077_37.5200172918018566,297.0,20.0,서행,127.1141234836901077_37.5200172918018566|127.1130967077667009_37.5183006809000261|127.1127808418886076_37.5178273473246833|127.1126156383089949_37.5176248562335459
2026-09-04T09:00:31.559343+09:00,잠실롯데타워·석촌호수,잠실롯데타워·석촌호수,POI120,KEY_3,1230030802,올림픽로,1230050102,올림픽회관앞교차로,127.1142460290998173_37.5199707880909941,1230047901,올림픽공원앞교차로,127.1127294559663170_37.5175659412636975,299.0,23.0,서행,127.1127294559663170_37.5175659412636975|127.1128979059259194_37.5177724112602746|127.1132179682735881_37.5182520322072364|127.1142460290998173_37.5199707880909941
2026-09-04T09:00:31.559343+09:00,잠실롯데타워·석촌호수,잠실롯데타워·석촌호수,POI120,KEY_3,1230073600,백제고분로41길,1230362400,송파동 74,127.1055839132151277_37.5093570558199474,1230038203,수림빌딩,127.1052465652364560_37.5096500807059527,44.0,11.5,정체,127.1052465652364560_37.5096500807059527|127.1053208564511436_37.5095948198186591|127.1055839132151277_37.5093570558199474
2026-09-04T09:00:31.559343+09:00,잠실롯데타워·석촌호수,잠실롯데타워·석촌호수,POI120,KEY_3,1230076200,백제고분로45길,1230414400,송파동 83,127.1074305390192620_37.5108125123386174,1230039703,송파동 61,127.1070007103191557_37.5110307962144418,45.0,20.0,서행,127.1070007103191557_37.5110307962144418|127.1074305390192620_37.5108125123386174
2026-09-04T09:00:31.559343+09:00,잠실롯데타워·석촌호수,잠실롯데타워·석촌호수,POI120,KEY_3,1230077600,올림픽로.잠실로.사이길,1230038304,잠실동 43,127.0947364363945553_37.5102253498387128,1230041703,잠실동 39,127.0946882254534103_37.5120601573260686,204.0,14.0,정체,127.0946882254534103_37.5120601573260686|127.0947364363945553_37.5102253498387128
2026-09-04T09:00:31.559343+09:00,잠실롯데타워·석촌호수,잠실롯데타워·석촌호수,POI120,KEY_3,1230077700,올림픽로.잠실로.사이길,1230041702,잠실동 39,127.0948236216370191_37.5120740018570373,1230038301,잠실동 43,127.0948724715403131_37.5102147077519135,206.0,8.0,정체,127.0948724715403131_37.5102147077519135|127.0948236216370191_37.5120740018570373
2026-09-04T09:00:31.559343+09:00,잠실롯데타워·석촌호수,잠실롯데타워·석촌호수,POI120,KEY_3,1230080800,올림픽로,1230043404,신천동 8,127.1021667132219335_37.5140202279747825,1230044003,어린이교통공원,127.1015862279693067_37.5151316086360467,134.0,12.0,정체,127.1015862279693067_37.5151316086360467|127.1021667132219335_37.5140202279747825
2026-09-04T09:00:31.559343+09:00,잠실롯데타워·석촌호수,잠실롯데타워·석촌호수,POI120,KEY_3,1230080900,올림픽로,1230044002,어린이교통공원,127.1017112605977104_37.5151736946584151,1230043401,신천동 8,127.1022912026975433_37.5140633484028712,133.0,19.0,서행,127.1022912026975433_37.5140633484028712|127.1017112605977104_37.5151736946584151
2026-09-04T09:00:31.559343+09:00,잠실롯데타워·석촌호수,잠실롯데타워·석촌호수,POI120,KEY_3,1230081000,올림픽로,1230043804,잠실역(서울8호선),127.1031193148053262_37.5143528991889355,1230044403,신천동 7-21,127.1025553001734067_37.5154467539088188,131.0,10.0,정체,127.1025553001734067_37.5154467539088188|127.1031193148053262_37.5143528991889355
2026-09-04T09:00:31.559343+09:00,잠실롯데타워·석촌호수,잠실롯데타워·석촌호수,POI120,KEY_3,1230081100,올림픽로,1230044402,신천동 7-21,127.1026803877707039_37.5154887453600807,1230043801,잠실역(서울8호선),127.1032441614670745_37.5143953515620083,131.0,11.5,정체,127.1032441614670745_37.5143953515620083|127.1026803877707039_37.5154887453600807
2026-09-04T09:00:31.559343+09:00,잠실롯데타워·석촌호수,잠실롯데타워·석촌호수,POI120,KEY_3,1230082000,오금로11길,1230382300,방이동 96-5,127.1078356746363340_37.5142776638634814,1230043702,KT송파빌딩,127.1073298305418575_37.5141090707700258,48.0,6.0,정체,127.1073298305418575_37.5141090707700258|127.1078356746363340_37.5142776638634814
2026-09-04T09:00:31.559343+09:00,잠실롯데타워·석촌호수,잠실롯데타워·석촌호수,POI120,KEY_3,1230082100,오금로11길,1230364600,방이동 96-2,127.1142995993866123_37.5148873703963588,1230043904,방이중,127.1148454576012909_37.5146719476403305,54.0,15.5,서행,127.1148454576012909_37.5146719476403305|127.1142995993866123_37.5148873703963588
2026-09-04T09:00:31.559343+09:00,잠실롯데타워·석촌호수,잠실롯데타워·석촌호수,POI120,KEY_3,1230437101,잠실로,1230188302,잠실길지하차도(서측),127.1024547747106510_37.5113805101291220,1230001702,석촌호수앞교차로,127.1019076941057762_37.5111569141952117,54.0,15.0,서행,127.1019076941057762_37.5111569141952117|127.1024547747106510_37.5113805101291220
2026-09-04T09:00:31.559343+09:00,잠실롯데타워·석촌호수,잠실롯데타워·석촌호수,POI120,KEY_3,1230437201,잠실로,1230001701,석촌호수앞교차로,127.1018323332335598_37.5112469862295228,1230188303,잠실길지하차도(서측),127.1023918266045030_37.5114715455822392,55.0,7.0,정체,127.1023918266045030_37.5114715455822392|127.1018323332335598_37.5112469862295228
2026-09-04T09:00:31.559343+09:00,잠실롯데타워·석촌호수,잠실롯데타워·석촌호수,POI120,KEY_3,1230437301,잠실로,1230188502,잠실길지하차도(동측),127.1062173467716150_37.5131578738299325,1230188302,잠실길지하차도(서측),127.1024547747106510_37.5113805101291220,387.0,45.5,원활,127.1024547747106510_37.5113805101291220|127.1030924680476488_37.5116688194554797|127.1037922288458617_37.5120057984034787|127.1044073633298837_37.5122985483592544|127.1051198819620254_37.5126321816150679|127.1062173467716150_37.5131578738299325
2026-09-04T09:00:31.559343+09:00,잠실롯데타워·석촌호수,잠실롯데타워·석촌호수,POI120,KEY_3,1230437401,잠실로,1230188303,잠실길지하차도(서측),127.1023918266045030_37.5114715455822392,1230188503,잠실길지하차도(동측),127.1061687896124681_37.5132231248888246,386.0,31.0,원활,127.1061687896124681_37.5132231248888246|127.1052815756607259_37.5128152477143786|127.1034974052928277_37.5119907247148916|127.1023918266045030_37.5114715455822392
2026-09-04T09:00:31.559343+09:00,잠실롯데타워·석촌호수,잠실롯데타워·석촌호수,POI120,KEY_3,1230437501,-,1230188502,잠실길지하차도(동측),127.1062173467716150_37.5131578738299325,1230188402,신천동 30,127.1050426082693434_37.5125336192748193,126.0,10.0,정체,127.1050426082693434_37.5125336192748193|127.1057099909694585_37.5128445639683008|127.1060250249974217_37.5129978687956296|127.1062173467716150_37.5131578738299325
2026-09-04T09:00:31.559343+09:00,잠실롯데타워·석촌호수,잠실롯데타워·석촌호수,POI120,KEY_3,1230437601,-,1230188403,신천동 30,127.1049002456384613_37.5127083450110632,1230188503,잠실길지하차도(동측),127.1061687896124681_37.5132231248888246,126.0,17.0,서행,127.1061687896124681_37.5132231248888246|127.1058942002584331_37.5131610578152603|127.1056142121499164_37.5130369103311239|127.1049002456384613_37.5127083450110632
2026-09-04T09:00:31.559343+09:00,잠실롯데타워·석촌호수,잠실롯데타워·석촌호수,POI120,KEY_3,1230437701,잠실로,1230394600,신천동 30,127.1067595331203108_37.5134063123268504,1230188502,잠실길지하차도(동측),127.1062173467716150_37.5131578738299325,55.0,31.0,원활,127.1062173467716150_37.5131578738299325|127.1067595331203108_37.5134063123268504
2026-09-04T09:00:31.559343+09:00,잠실롯데타워·석촌호수,잠실롯데타워·석촌호수,POI120,KEY_3,1230437801,잠실로,1230188503,잠실길지하차도(동측),127.1061687896124681_37.5132231248888246,1230043204,잠실전화국,127.1073301047804875_37.5137619968566653,119.0,17.0,서행,127.1073301047804875_37.5137619968566653|127.1067103200439448_37.5134744075350568|127.1061687896124681_37.5132231248888246
2026-09-04T09:00:31.559343+09:00,창동 신경제 중심지,창동 신경제 중심지,POI079,KEY_4,1090005402,노해로,1090115200,창동 339,127.0432127254777726_37.6515539518810272,1090008104,서울북부지방법원등기국,127.0438886664260849_37.6514273575234313,61.0,10.0,정체,127.0438886664260849_37.6514273575234313|127.0432127254777726_37.6515539518810272
2026-09-04T09:00:31.559343+09:00,창동 신경제 중심지,창동 신경제 중심지,POI079,KEY_4,1090005403,노해로,1090008101,서울북부지방법원등기국,127.0440396816365904_37.6514000141311485,1090007904,이마트사거리,127.0465802038674212_37.6513439220940356,228.0,12.0,정체,127.0465802038674212_37.6513439220940356|127.0460219527137298_37.6512193468005378|127.0458394182708730_37.6511975131724839|127.0456166930732707_37.6511920224222294|127.0454324298890469_37.6511948838736430|127.0452143697198579_37.6512131449817389|127.0450359743676501_37.6512370892679158|127.0440396816365904_37.6514000141311485
2026-09-04T09:00:31.559343+09:00,창동 신경제 중심지,창동 신경제 중심지,POI079,KEY_4,1090006101,노해로65길,1090007904,이마트사거리,127.0465802038674212_37.6513439220940356,1090008603,이마트사거리,127.0464522437678454_37.6516561121472435,36.0,8.0,정체,127.0464522437678454_37.6516561121472435|127.0465802038674212_37.6513439220940356
2026-09-04T09:00:31.559343+09:00,창동 신경제 중심지,창동 신경제 중심지,POI079,KEY_4,1090006102,노해로65길,1090128100,창동 335-3,127.0462173088500180_37.6522375660554189,1090002402,창동역2번출구,127.0460126594412884_37.6527447346004678,59.0,5.0,정체,127.0460126594412884_37.6527447346004678|127.0462173088500180_37.6522375660554189
2026-09-04T09:00:31.559343+09:00,창동 신경제 중심지,창동 신경제 중심지,POI079,KEY_4,1090006201,노해로65길,1090002401,창동역2번출구,127.0461019329523680_37.6528774164723430,1090007901,이마트사거리,127.0467105834980970_37.6513747627778059,175.0,22.0,서행,127.0467105834980970_37.6513747627778059|127.0465815344402642_37.6516896123671287|127.0465398628008842_37.6517921145791874|127.0463467931061103_37.6522705946534657|127.0461019329523680_37.6528774164723430
2026-09-04T09:00:31.559343+09:00,창동 신경제 중심지,창동 신경제 중심지,POI079,KEY_4,1090006303,노해로63길,1090009401,창동아파트2단지,127.0440490804142541_37.6523926268145033,1090009704,창동 325,127.0450594668613746_37.6526400609466378,93.0,19.0,서행,127.0450594668613746_37.6526400609466378|127.0440490804142541_37.6523926268145033
2026-09-04T09:00:31.559343+09:00,창동 신경제 중심지,창동 신경제 중심지,POI079,KEY_4,1090006304,노해로63길,1090009701,창동 325,127.0451951244152013_37.6526717189787234,1090002401,창동역2번출구,127.0461019329523680_37.6528774164723430,83.0,6.0,정체,127.0461019329523680_37.6528774164723430|127.0451951244152013_37.6526717189787234
2026-09-04T09:00:31.559343+09:00,창동 신경제 중심지,창동 신경제 중심지,POI079,KEY_4,1090006402,노해로63길,1090009303,서울특별시북부교육지원청,127.0436075256318276_37.6521768084206414,1090008702,창원초교앞교차로,127.0418672320513025_37.6517533683042629,161.0,30.0,원활,127.0418672320513025_37.6517533683042629|127.0420136679197753_37.6518029016727667|127.0423245483733439_37.6518846988945839|127.0436075256318276_37.6521768084206414
2026-09-04T09:00:31.559343+09:00,창동 신경제 중심지,창동 신경제 중심지,POI079,KEY_4,1090006403,노해로63길,1090009703,창동 325,127.0450606490341130_37.6525272198554504,1090009302,서울특별시북부교육지원청,127.0437381625268358_37.6522068735649924,122.0,27.0,원활,127.0437381625268358_37.6522068735649924|127.0439570121152002_37.6522577653790549|127.0440891099632950_37.6522892989157825|127.0450606490341130_37.6525272198554504
2026-09-04T09:00:31.559343+09:00,창동 신경제 중심지,창동 신경제 중심지,POI079,KEY_4,1090006405,노해로63길,1090002402,창동역2번출구,127.0460126594412884_37.6527447346004678,1090009702,창동 325,127.0451962992695627_37.6525595534808915,75.0,18.0,서행,127.0451962992695627_37.6525595534808915|127.0460126594412884_37.6527447346004678
2026-09-04T09:00:31.559343+09:00,창동 신경제 중심지,창동 신경제 중심지,POI079,KEY_4,1090006501,노해로,1090009601,창4동주민센터앞교차로,127.0512572997302954_37.6524535243682053,1090009804,창4동주민센터,127.0523451053343962_37.6527487519340056,101.0,32.0,원활,127.0523451053343962_37.6527487519340056|127.0512572997302954_37.6524535243682053
2026-09-04T09:00:31.559343+09:00,창동 신경제 중심지,창동 신경제 중심지,POI079,KEY_4,1090006502,노해로,1090024400,창동 25,127.0529396680044698_37.6528803670265688,1090009904,도봉경찰서앞교차로,127.0532355059426379_37.6529440934046775,27.0,17.0,서행,127.0532355059426379_37.6529440934046775|127.0529396680044698_37.6528803670265688
2026-09-04T09:00:31.559343+09:00,창동 신경제 중심지,창동 신경제 중심지,POI079,KEY_4,1090006700,노해로69길,1090038000,창동 23,127.0507241269660881_37.6534404626976524,1090010103,창동견인차량보관소,127.0505700041465218_37.6538544201770620,48.0,9.0,정체,127.0505700041465218_37.6538544201770620|127.0507241269660881_37.6534404626976524
2026-09-04T09:00:31.559343+09:00,창동 신경제 중심지,창동 신경제 중심지,POI079,KEY_4,1090006800,노해로69길,1090029100,창동 23,127.0510627440724818_37.6529118754495755,1090009601,창4동주민센터앞교차로,127.0512572997302954_37.6524535243682053,54.0,15.0,서행,127.0512572997302954_37.6524535243682053|127.0511636230535117_37.6526409168478153|127.0510627440724818_37.6529118754495755
2026-09-04T09:00:31.559343+09:00,창동 신경제 중심지,창동 신경제 중심지,POI079,KEY_4,1090006900,마들로,1090009904,도봉경찰서앞교차로,127.0532355059426379_37.6529440934046775,1090002703,농협창동유통센터앞교차로,127.0532009362000849_37.6544173179488553,164.0,6.0,정체,127.0532009362000849_37.6544173179488553|127.0532307195816202_37.6537430463703586|127.0532355059426379_37.6529440934046775
2026-09-04T09:00:31.559343+09:00,창동 신경제 중심지,창동 신경제 중심지,POI079,KEY_4,1090007000,마들로,1090002702,농협창동유통센터앞교차로,127.0535193718764901_37.6544297702364830,1090009901,도봉경찰서앞교차로,127.0535457248374058_37.6529848170747670,160.0,22.0,서행,127.0535457248374058_37.6529848170747670|127.0535639356680946_37.6537093807940551|127.0535193718764901_37.6544297702364830
2026-09-04T09:00:31.559343+09:00,창동 신경제 중심지,창동 신경제 중심지,POI079,KEY_4,1090007501,마들로11길,1090010101,창동견인차량보관소,127.0506608950045546_37.6539899638653495,1090010204,속성변화점,127.0517956478494312_37.6542713588531939,105.0,11.0,정체,127.0517956478494312_37.6542713588531939|127.0506608950045546_37.6539899638653495
2026-09-04T09:00:31.559343+09:00,창동 신경제 중심지,창동 신경제 중심지,POI079,KEY_4,1090007502,마들로11길,1090010204,속성변화점,127.0517956478494312_37.6542713588531939,1090002704,농협창동유통센터앞교차로,127.0531926661678455_37.6545256121384426,127.0,9.0,정체,127.0531926661678455_37.6545256121384426|127.0528413530642098_37.6544851417251039|127.0525371577740543_37.6544418358260700|127.0522236392166775_37.6543767700399670|127.0519258441446198_37.6543035169949860|127.0517956478494312_37.6542713588531939
2026-09-04T09:00:31.559343+09:00,창동 신경제 중심지,창동 신경제 중심지,POI079,KEY_4,1090007601,마들로11길,1090010203,극동방송문화센터,127.0518361380290173_37.6541681443841370,1090010102,창동견인차량보관소,127.0506999231827194_37.6538863868738005,105.0,9.0,정체,127.0506999231827194_37.6538863868738005|127.0518361380290173_37.6541681443841370
2026-09-04T09:00:31.559343+09:00,창동 신경제 중심지,창동 신경제 중심지,POI079,KEY_4,1090007602,마들로11길,1090002703,농협창동유통센터앞교차로,127.0532009362000849_37.6544173179488553,1090010202,극동방송문화센터,127.0519660382969249_37.6542002295480955,112.0,14.0,정체,127.0519660382969249_37.6542002295480955|127.0522609278935562_37.6542727675418547|127.0525663592483170_37.6543361556009444|127.0528630944293980_37.6543783989066441|127.0532009362000849_37.6544173179488553
2026-09-04T09:00:31.559343+09:00,창동 신경제 중심지,창동 신경제 중심지,POI079,KEY_4,1090007901,노해로69길,1090010104,창동견인차량보관소,127.0505309856881695_37.6539579953053831,1090010603,환승주차장앞교차로,127.0500190410047310_37.6553009753965853,156.0,10.0,정체,127.0500190410047310_37.6553009753965853|127.0505309856881695_37.6539579953053831
2026-09-04T09:00:31.559343+09:00,창동 신경제 중심지,창동 신경제 중심지,POI079,KEY_4,1090008001,노해로69길,1090010602,환승주차장앞교차로,127.0501493968661464_37.6553317759183273,1090010101,창동견인차량보관소,127.0506608950045546_37.6539899638653495,156.0,10.0,정체,127.0506608950045546_37.6539899638653495|127.0501493968661464_37.6553317759183273
2026-09-04T09:00:31.559343+09:00,창동 신경제 중심지,창동 신경제 중심지,POI079,KEY_4,1090008002,노해로69길,1090039000,창동 808,127.0498866526589694_37.6582834096207364,1090010601,환승주차장앞교차로,127.0501093119601137_37.6554351045767106,320.0,18.0,서행,127.0501093119601137_37.6554351045767106|127.0498394187731890_37.6561185154286520|127.0498064469087751_37.6562513368248304|127.0497820437332734_37.6563946402228211|127.0497734293798260_37.6565485072733139|127.0497823736429837_37.6567003595224250|127.0498049658418580_37.6570426966649023|127.0498750568326187_37.6581047575258054|127.0498866526589694_37.6582834096207364
2026-09-04T09:00:31.559343+09:00,창동 신경제 중심지,창동 신경제 중심지,POI079,KEY_4,1090008003,노해로69길,1090003202,창동운동장앞교차로,127.0500176890655410_37.6599226131206208,1090012501,자운고등학교,127.0499559426194054_37.6593448583809760,64.0,5.0,정체,127.0499559426194054_37.6593448583809760|127.0499875040031696_37.6597610720166642|127.0500176890655410_37.6599226131206208
2026-09-04T09:00:31.559343+09:00,창동 신경제 중심지,창동 신경제 중심지,POI079,KEY_4,1090008501,마들로,1090002704,농협창동유통센터앞교차로,127.0531926661678455_37.6545256121384426,1090010803,창동열린극장교차로,127.0529077492178516_37.6559697981116415,162.0,14.5,정체,127.0529077492178516_37.6559697981116415|127.0529376525054204_37.6558251484242135|127.0529841751127407_37.6556292846411438|127.0530453407864542_37.6553546089362499|127.0531064381076902_37.6550912000013511|127.0531444844696978_37.6548907962926123|127.0531593169806825_37.6547804390951910|127.0531926661678455_37.6545256121384426
2026-09-04T09:00:31.559343+09:00,창동 신경제 중심지,창동 신경제 중심지,POI079,KEY_4,1090008503,마들로,1090042100,최소노드배치점,127.0517360672634197_37.6581815582025214,1090003202,창동운동장앞교차로,127.0500176890655410_37.6599226131206208,254.0,18.0,서행,127.0500176890655410_37.6599226131206208|127.0508493795606171_37.6594946644890030|127.0509575857941371_37.6594117031579572|127.0510758541167036_37.6593051199380682|127.0511528967889348_37.6592197861152442|127.0512329221193397_37.6591096766521360|127.0513861306880159_37.6588488722121966|127.0517360672634197_37.6581815582025214
2026-09-04T09:00:31.559343+09:00,창동 신경제 중심지,창동 신경제 중심지,POI079,KEY_4,1090008601,마들로,1090010802,창동열린극장교차로,127.0532024456634161_37.6560310399620732,1090002701,농협창동유통센터앞교차로,127.0535074980332269_37.6545489567895331,167.0,26.0,원활,127.0535074980332269_37.6545489567895331|127.0534795413420852_37.6547872850787826|127.0534280946085346_37.6550957975282401|127.0533595691476023_37.6554166394989380|127.0533201267756453_37.6556136570978808|127.0532649139748997_37.6558410349877803|127.0532024456634161_37.6560310399620732
2026-09-04T09:00:31.559343+09:00,창동 신경제 중심지,창동 신경제 중심지,POI079,KEY_4,1090008602,마들로,1090042200,최소노드배치점,127.0520531168905620_37.6582813526645026,1090010801,창동열린극장교차로,127.0531581856521797_37.6561522353032387,256.0,38.0,원활,127.0531581856521797_37.6561522353032387|127.0531323122794021_37.6562123336710997|127.0523052489814688_37.6577741420476073|127.0520531168905620_37.6582813526645026
2026-09-04T09:00:31.559343+09:00,창동 신경제 중심지,창동 신경제 중심지,POI079,KEY_4,1090009601,마들로,1090013401,창동 167-4,127.0489118939009217_37.6606289572230395,1090003204,창동운동장앞교차로,127.0499638421036508_37.6600794154383038,111.0,24.0,서행,127.0499638421036508_37.6600794154383038|127.0491745243841279_37.6604917596906716|127.0489118939009217_37.6606289572230395
2026-09-04T09:00:31.559343+09:00,창동 신경제 중심지,창동 신경제 중심지,POI079,KEY_4,1090009602,마들로,1090013501,창동 167-4,127.0476185886963236_37.6612891364181976,1090013404,창동 167-4,127.0487938245867099_37.6606897192368280,123.0,24.0,서행,127.0487938245867099_37.6606897192368280|127.0476185886963236_37.6612891364181976
2026-09-04T09:00:31.559343+09:00,창동 신경제 중심지,창동 신경제 중심지,POI079,KEY_4,1090009603,마들로,1090083700,창동 754-10,127.0468372888467457_37.6619114992761084,1090013504,창동 167-4,127.0475032887600975_37.6613477181105623,88.0,13.0,정체,127.0475032887600975_37.6613477181105623|127.0472771897853903_37.6614620891754441|127.0471587901959793_37.6615381920083365|127.0470377681162120_37.6616381330299035|127.0469427338822612_37.6617407719362305|127.0468606043055502_37.6618642498403560|127.0468372888467457_37.6619114992761084
2026-09-04T09:00:31.559343+09:00,창동 신경제 중심지,창동 신경제 중심지,POI079,KEY_4,1090019100,노해로,1090007901,이마트사거리,127.0467105834980970_37.6513747627778059,1090008302,창동삼성아파트,127.0478413401837798_37.6517150240130505,107.0,19.0,서행,127.0478413401837798_37.6517150240130505|127.0468852696467792_37.6514752569527573|127.0467105834980970_37.6513747627778059
2026-09-04T09:00:31.559343+09:00,창동 신경제 중심지,창동 신경제 중심지,POI079,KEY_4,1090019200,노해로,1090008104,서울북부지방법원등기국,127.0438886664260849_37.6514273575234313,1090008503,서울북부광역등기소,127.0438186184817511_37.6516245484087051,23.0,8.0,정체,127.0438186184817511_37.6516245484087051|127.0438886664260849_37.6514273575234313
2026-09-04T09:00:31.559343+09:00,창동 신경제 중심지,창동 신경제 중심지,POI079,KEY_4,1090019300,노해로,1090008502,서울북부광역등기소,127.0439494827538027_37.6516539354643385,1090008101,서울북부지방법원등기국,127.0440396816365904_37.6514000141311485,29.0,17.0,서행,127.0440396816365904_37.6514000141311485|127.0439494827538027_37.6516539354643385
2026-09-04T09:00:31.559343+09:00,창동 신경제 중심지,창동 신경제 중심지,POI079,KEY_4,1090019400,노해로65길,1090008603,이마트사거리,127.0464522437678454_37.6516561121472435,1090008502,서울북부광역등기소,127.0439494827538027_37.6516539354643385,238.0,9.0,정체,127.0439494827538027_37.6516539354643385|127.0446064750200179_37.6517989522029097|127.0446611672751658_37.6516566609137939|127.0453248260477750_37.6515398179121235|127.0453528909836933_37.6515390822929490|127.0458583619068094_37.6515258320844879|127.0464522437678454_37.6516561121472435
2026-09-04T09:00:31.559343+09:00,창동 신경제 중심지,창동 신경제 중심지,POI079,KEY_4,1090019700,노해로,1090007901,이마트사거리,127.0467105834980970_37.6513747627778059,1090021802,창동지하차도(동측),127.0502642079050020_37.6522089617535656,327.0,43.0,원활,127.0502642079050020_37.6522089617535656|127.0492794810403296_37.6519793948467267|127.0478628390599738_37.6516637304484831|127.0467105834980970_37.6513747627778059
2026-09-04T09:00:31.559343+09:00,창동 신경제 중심지,창동 신경제 중심지,POI079,KEY_4,1090020100,노해로,1090008504,서울북부광역등기소,127.0437810875314142_37.6517260258120885,1090009303,서울특별시북부교육지원청,127.0436075256318276_37.6521768084206414,52.0,16.0,서행,127.0436075256318276_37.6521768084206414|127.0437810875314142_37.6517260258120885
2026-09-04T09:00:31.559343+09:00,창동 신경제 중심지,창동 신경제 중심지,POI079,KEY_4,1090020200,노해로,1090009302,서울특별시북부교육지원청,127.0437381625268358_37.6522068735649924,1090008501,서울북부광역등기소,127.0439111151810465_37.6517576736682713,52.0,24.0,서행,127.0439111151810465_37.6517576736682713|127.0437381625268358_37.6522068735649924
2026-09-04T09:00:31.559343+09:00,창동 신경제 중심지,창동 신경제 중심지,POI079,KEY_4,1090020401,노해로,1090008802,도봉구보건소,127.0492599596684897_37.6520311788763564,1090021802,창동지하차도(동측),127.0502642079050020_37.6522089617535656,91.0,26.0,원활,127.0502642079050020_37.6522089617535656|127.0499849615824104_37.6522002013272115|127.0492599596684897_37.6520311788763564
2026-09-04T09:00:31.559343+09:00,창동 신경제 중심지,창동 신경제 중심지,POI079,KEY_4,1090020402,노해로,1090021802,창동지하차도(동측),127.0502642079050020_37.6522089617535656,1090009604,창4동주민센터앞교차로,127.0511276330638708_37.6524201902091278,80.0,7.0,정체,127.0511276330638708_37.6524201902091278|127.0502642079050020_37.6522089617535656
2026-09-04T09:00:31.559343+09:00,창동 신경제 중심지,창동 신경제 중심지,POI079,KEY_4,1090021200,해등로12길,1090063400,창동 313,127.0431136629325550_37.6531307651280258,1090009401,창동아파트2단지,127.0440490804142541_37.6523926268145033,126.0,17.0,서행,127.0440490804142541_37.6523926268145033|127.0439692149368796_37.6526054232594589|127.0438831887744442_37.6527865510112463|127.0437970826860692_37.6528651036506545|127.0436583473597949_37.6529506340044122|127.0435754939003203_37.6529819611717400|127.0435278911139250_37.6529938875997772|127.0432585397479528_37.6530613706037016|127.0431136629325550_37.6531307651280258
2026-09-04T09:00:31.559343+09:00,창동 신경제 중심지,창동 신경제 중심지,POI079,KEY_4,1090021400,노해로,1090041600,창동 17,127.0523219613917831_37.6532076459143141,1090009801,창4동주민센터,127.0524751925225360_37.6527803127579261,49.0,7.0,정체,127.0524751925225360_37.6527803127579261|127.0523219613917831_37.6532076459143141
2026-09-04T09:00:31.559343+09:00,창동 신경제 중심지,창동 신경제 중심지,POI079,KEY_4,1090021500,마들로11길,1090010103,창동견인차량보관소,127.0505700041465218_37.6538544201770620,1090010303,창동견인보관소앞,127.0477370548599367_37.6547730543022183,334.0,7.0,정체,127.0477370548599367_37.6547730543022183|127.0477658279710056_37.6547196018357795|127.0480897917361744_37.6539206204484387|127.0490340243173364_37.6535484764502826|127.0491908326687991_37.6535176660388800|127.0505700041465218_37.6538544201770620
2026-09-04T09:00:31.559343+09:00,창동 신경제 중심지,창동 신경제 중심지,POI079,KEY_4,1090021600,마들로11길,1090010302,창동견인보관소앞,127.0478788220612643_37.6547844833917438,1090010104,창동견인차량보관소,127.0505309856881695_37.6539579953053831,312.0,13.0,정체,127.0505309856881695_37.6539579953053831|127.0491869029716554_37.6536298084694820|127.0490810918604581_37.6536505985642478|127.0482016102326384_37.6539972231940396|127.0478933258012404_37.6547575391619631|127.0478788220612643_37.6547844833917438
2026-09-04T09:00:31.559343+09:00,창동 신경제 중심지,창동 신경제 중심지,POI079,KEY_4,1090022000,노해로63가길,1090140200,창동 253-1,127.0454165223832916_37.6545743006389628,1090009701,창동 325,127.0451951244152013_37.6526717189787234,214.0,19.0,서행,127.0451951244152013_37.6526717189787234|127.0451933896516010_37.6528373394430531|127.0451890627641234_37.6532504307674429|127.0451861866165615_37.6533547132366593|127.0451749203609921_37.6537631988765753|127.0451653221435322_37.6538501693338503|127.0451644817283636_37.6538577844143987|127.0451689381018952_37.6539035616293987|127.0452793210056939_37.6542058634360899|127.0453865833976579_37.6544996167404804|127.0454165223832916_37.6545743006389628
2026-09-04T09:00:31.559343+09:00,창동 신경제 중심지,창동 신경제 중심지,POI079,KEY_4,1090022100,마들로13길,1090080600,창동 1-12,127.0484109742130983_37.6549129102225990,1090010302,창동견인보관소앞,127.0478788220612643_37.6547844833917438,49.0,15.0,서행,127.0478788220612643_37.6547844833917438|127.0484109742130983_37.6549129102225990
2026-09-04T09:00:31.559343+09:00,창동 신경제 중심지,창동 신경제 중심지,POI079,KEY_4,1090022200,마들로13길,1090010301,창동견인보관소앞,127.0478249942618305_37.6548844814536636,1090010604,환승주차장앞교차로,127.0499789468198060_37.6554042879631865,199.0,10.0,정체,127.0499789468198060_37.6554042879631865|127.0488958360466967_37.6551429101195723|127.0483714753540312_37.6550163664097539|127.0478249942618305_37.6548844814536636
2026-09-04T09:00:31.559343+09:00,창동 신경제 중심지,창동 신경제 중심지,POI079,KEY_4,1090022700,마들로13길,1090025300,창동 1-12,127.0515185622562058_37.6556484809023360,1090010602,환승주차장앞교차로,127.0501493968661464_37.6553317759183273,126.0,11.0,정체,127.0501493968661464_37.6553317759183273|127.0515185622562058_37.6556484809023360
2026-09-04T09:00:31.559343+09:00,창동 신경제 중심지,창동 신경제 중심지,POI079,KEY_4,1090022800,마들로13길,1090010601,환승주차장앞교차로,127.0501093119601137_37.6554351045767106,1090010804,창동열린극장교차로,127.0528664193991801_37.6560728389500241,253.0,9.0,정체,127.0528664193991801_37.6560728389500241|127.0514805729431913_37.6557522943419443|127.0501093119601137_37.6554351045767106
2026-09-04T09:00:31.559343+09:00,창동 신경제 중심지,창동 신경제 중심지,POI079,KEY_4,1090023100,마들로13길,1090010303,창동견인보관소앞,127.0477370548599367_37.6547730543022183,1090011703,자운초교앞,127.0458329161900934_37.6581275500630355,413.0,22.0,서행,127.0458329161900934_37.6581275500630355|127.0462289135254110_37.6572813650045433|127.0463932541250500_37.6568944512451935|127.0465563232358051_37.6564268331624419|127.0472421607888691_37.6553884746299161|127.0474581288074347_37.6550614920549407|127.0476011819743576_37.6548366960861500|127.0476614770812205_37.6547887097468248|127.0477370548599367_37.6547730543022183
2026-09-04T09:00:31.559343+09:00,창동 신경제 중심지,창동 신경제 중심지,POI079,KEY_4,1090023200,마들로13길,1090113200,창동 135-84,127.0473625603757881_37.6554387405282114,1090010304,창동견인보관소앞,127.0476693650736166_37.6548988028347651,66.0,24.0,서행,127.0476693650736166_37.6548988028347651|127.0475790072573972_37.6551110325286515|127.0473625603757881_37.6554387405282114
2026-09-04T09:00:31.559343+09:00,창동 신경제 중심지,창동 신경제 중심지,POI079,KEY_4,1090025500,마들로13길,1090011704,자운초교앞,127.0457848371309240_37.6582173762313985,1090012903,창동 182-42,127.0452405267065643_37.6594275559219440,143.0,27.0,원활,127.0452405267065643_37.6594275559219440|127.0452856378431363_37.6592700887861511|127.0454740499835680_37.6587549827164807|127.0455877139170866_37.6585375202288759|127.0457848371309240_37.6582173762313985
2026-09-04T09:00:31.559343+09:00,창동 신경제 중심지,창동 신경제 중심지,POI079,KEY_4,1090025600,마들로13길,1090012902,창동 181-43,127.0453731275255507_37.6594515649138302,1090011701,자운초교앞,127.0459069829019256_37.6582649115694394,140.0,24.0,서행,127.0459069829019256_37.6582649115694394|127.0457116955399357_37.6585820735511234|127.0456025303731451_37.6587909309425939|127.0454173469814236_37.6592972108555131|127.0453731275255507_37.6594515649138302
2026-09-04T09:00:31.559343+09:00,창동 신경제 중심지,창동 신경제 중심지,POI079,KEY_4,1090026700,도봉로136길,1090013301,가인지하차도(동측),127.0467851587121118_37.6601264554493653,1090012401,가인지하차도(서측),127.0434019690758447_37.6592482191792328,323.0,38.0,원활,127.0434019690758447_37.6592482191792328|127.0449459729015445_37.6594408745348090|127.0452889685188040_37.6594937760274107|127.0459094737849597_37.6595883924112016|127.0460871253542479_37.6596493826614847|127.0462164208273634_37.6597119908414797|127.0463552639532452_37.6597916263826491|127.0465013091322248_37.6598868585154847|127.0466299946581330_37.6599841362507490|127.0467851587121118_37.6601264554493653
2026-09-04T09:00:31.559343+09:00,창동 신경제 중심지,창동 신경제 중심지,POI079,KEY_4,1090026800,도봉로136길,1090012402,가인지하차도(서측),127.0433808066038495_37.6593550194173048,1090013302,가인지하차도(동측),127.0466786690014942_37.6601935346289025,314.0,29.0,원활,127.0466786690014942_37.6601935346289025|127.0465315242048092_37.6600588908333620|127.0464112099059975_37.6599679417970634|127.0462722745903932_37.6598773459194049|127.0461411508791230_37.6598021364880324|127.0460244898846156_37.6597456490715601|127.0458692292156115_37.6596923435053981|127.0452632093449523_37.6595999359672575|127.0449224698914605_37.6595473831225434|127.0433808066038495_37.6593550194173048
2026-09-04T09:00:31.559343+09:00,창동 신경제 중심지,창동 신경제 중심지,POI079,KEY_4,1090027300,도봉로136길,1090013301,가인지하차도(동측),127.0467851587121118_37.6601264554493653,1090012902,창동 181-43,127.0453731275255507_37.6594515649138302,153.0,28.0,원활,127.0453731275255507_37.6594515649138302|127.0459295954603931_37.6595364159575396|127.0461184430292576_37.6596012507948927|127.0462540574332451_37.6596669179990613|127.0463967585631337_37.6597487665919459|127.0465463603726590_37.6598463181993139|127.0466561771203970_37.6599293322028927|127.0466792286765667_37.6599467575772948|127.0467851587121118_37.6601264554493653
2026-09-04T09:00:31.559343+09:00,창동 신경제 중심지,창동 신경제 중심지,POI079,KEY_4,1090027400,도봉로136길,1090012901,창동 181-33,127.0453095442338025_37.6596620454681101,1090013302,가인지하차도(동측),127.0466786690014942_37.6601935346289025,138.0,26.0,원활,127.0466786690014942_37.6601935346289025|127.0464822889049401_37.6600962694450274|127.0464497241137707_37.6600716525110428|127.0463661585185804_37.6600084820608672|127.0462307798373871_37.6599202056654789|127.0461035141367887_37.6598472092934813|127.0459931720883304_37.6597937809121106|127.0458491074561209_37.6597443199474213|127.0453095442338025_37.6596620454681101
2026-09-04T09:00:31.559343+09:00,창동 신경제 중심지,창동 신경제 중심지,POI079,KEY_4,1090028600,마들로13길,1090012904,창동 182-42,127.0451777079419315_37.6596355056669410,1090015003,방학동이수아파트,127.0447749280397005_37.6626683866843237,339.0,30.0,원활,127.0447749280397005_37.6626683866843237|127.0447781799507965_37.6625605684919194|127.0448094776364343_37.6622725926075290|127.0448330271749455_37.6620559074054384|127.0448660408917902_37.6617521377958155|127.0449787657496898_37.6607266113725672|127.0450308716217052_37.6602367359613410|127.0451179019524801_37.6598232692942716|127.0451777079419315_37.6596355056669410
2026-09-04T09:00:31.559343+09:00,창동 신경제 중심지,창동 신경제 중심지,POI079,KEY_4,1090028700,마들로13길,1090048100,창동 752-1,127.0449685240468511_37.6620652137489174,1090012901,창동 181-33,127.0453095442338025_37.6596620454681101,269.0,25.5,원활,127.0453095442338025_37.6596620454681101|127.0452511118152614_37.6598454986423690|127.0451659196911294_37.6602502350921071|127.0451142654643348_37.6607358721721113|127.0450015311825638_37.6617614969333161|127.0449685240468511_37.6620652137489174
2026-09-04T09:00:31.559343+09:00,창동 신경제 중심지,창동 신경제 중심지,POI079,KEY_4,1090028800,방학로,1090107800,창동 744-14,127.0489627249143183_37.6608726014257869,1090013401,창동 167-4,127.0489118939009217_37.6606289572230395,28.0,19.0,서행,127.0489118939009217_37.6606289572230395|127.0489498056694089_37.6607209344841678|127.0489678202076931_37.6608041551679591|127.0489627249143183_37.6608726014257869
2026-09-04T09:00:31.559343+09:00,창동 신경제 중심지,창동 신경제 중심지,POI079,KEY_4,1090045500,노해로,1090009901,도봉경찰서앞교차로,127.0535457248374058_37.6529848170747670,1100036102,도봉구-노원구,127.0542201693494775_37.6530495292574159,60.0,10.0,정체,127.0542201693494775_37.6530495292574159|127.0535457248374058_37.6529848170747670
2026-09-04T09:00:31.559343+09:00,창동 신경제 중심지,창동 신경제 중심지,POI079,KEY_4,1100003501,동일로,1100118800,상계동 729,127.0607516169090445_37.6535093850099329,1100037200,노원역6번출구,127.0606630381764859_37.6538422534128969,38.0,18.0,서행,127.0606630381764859_37.6538422534128969|127.0607516169090445_37.6535093850099329
2026-09-04T09:00:31.559343+09:00,창동 신경제 중심지,창동 신경제 중심지,POI079,KEY_4,1100003502,동일로,1100037200,노원역6번출구,127.0606630381764859_37.6538422534128969,1100037803,노원역,127.0605624598929069_37.6542202110494344,43.0,18.0,서행,127.0605624598929069_37.6542202110494344|127.0606630381764859_37.6538422534128969
2026-09-04T09:00:31.559343+09:00,창동 신경제 중심지,창동 신경제 중심지,POI079,KEY_4,1100003601,동일로,1100118900,상계동 729,127.0608846580693978_37.6535317641635459,1100035101,상계2-6단지교차로,127.0614219272701604_37.6515126919265697,229.0,17.0,서행,127.0614219272701604_37.6515126919265697|127.0608846580693978_37.6535317641635459
2026-09-04T09:00:31.559343+09:00,창동 신경제 중심지,창동 신경제 중심지,POI079,KEY_4,1100003602,동일로,1100037802,노원역,127.0606939292530768_37.6542485022336564,1100037300,노원역5번출구,127.0607960800482061_37.6538646319994967,44.0,16.0,서행,127.0607960800482061_37.6538646319994967|127.0606939292530768_37.6542485022336564
2026-09-04T09:00:31.559343+09:00,창동 신경제 중심지,창동 신경제 중심지,POI079,KEY_4,1100003803,동부간선도로,1100037402,노원지하차도(북측),127.0551494676314945_37.6548162517717628,1100036201,창동교앞교차로,127.0552628560590733_37.6531854240254873,181.0,18.0,정체,127.0552628560590733_37.6531854240254873|127.0552456307809450_37.6533636469401856|127.0552101207977955_37.6538556847095762|127.0551835032701860_37.6543636332209246|127.0551494676314945_37.6548162517717628
2026-09-04T09:00:31.559343+09:00,창동 신경제 중심지,창동 신경제 중심지,POI079,KEY_4,1100003901,동일로,1100037804,노원역,127.0605341697180251_37.6543260636008839,1100038700,노원역,127.0604128401212449_37.6547779132650504,51.0,8.0,정체,127.0604128401212449_37.6547779132650504|127.0605341697180251_37.6543260636008839
2026-09-04T09:00:31.559343+09:00,창동 신경제 중심지,창동 신경제 중심지,POI079,KEY_4,1100003902,동일로,1100038700,노원역,127.0604128401212449_37.6547779132650504,1100039503,노원역앞교차로,127.0602010162035356_37.6555667697837535,90.0,13.0,정체,127.0602010162035356_37.6555667697837535|127.0604128401212449_37.6547779132650504
2026-09-04T09:00:31.559343+09:00,창동 신경제 중심지,창동 신경제 중심지,POI079,KEY_4,1100004001,동일로,1100038900,노원역3번출구,127.0605458327495398_37.6548004858661827,1100037801,노원역,127.0606655841639991_37.6543545069205265,51.0,24.0,서행,127.0606655841639991_37.6543545069205265|127.0605458327495398_37.6548004858661827
2026-09-04T09:00:31.559343+09:00,창동 신경제 중심지,창동 신경제 중심지,POI079,KEY_4,1100004002,동일로,1100039502,노원역앞교차로,127.0603323409069105_37.6555955551666415,1100038900,노원역3번출구,127.0605458327495398_37.6548004858661827,90.0,24.0,서행,127.0605458327495398_37.6548004858661827|127.0603323409069105_37.6555955551666415
2026-09-04T09:00:31.559343+09:00,창동 신경제 중심지,창동 신경제 중심지,POI079,KEY_4,1100004201,동부간선도로,1100043101,상계지하차도(남측),127.0531634037664475_37.6594394033891433,1100037401,노원지하차도(북측),127.0550810735712162_37.6548136821399666,544.0,22.0,정체,127.0550810735712162_37.6548136821399666|127.0550754183786353_37.6548876545282312|127.0550350064868041_37.6552723414702726|127.0549942605154996_37.6555073222257377|127.0549352651446071_37.6557679705295314|127.0548623434530811_37.6559895280506751|127.0547626410769055_37.6562386436802115|127.0546675664509024_37.6564477895056200|127.0538272151033539_37.6581441321275960|127.0535934935571163_37.6585986829488846|127.0533198010285787_37.6591310330955693|127.0532160703950382_37.6593465262757903|127.0531634037664475_37.6594394033891433
2026-09-04T09:00:31.559343+09:00,창동 신경제 중심지,창동 신경제 중심지,POI079,KEY_4,1100004202,동부간선로,1100044002,상계교교차로,127.0525798753311761_37.6616411735135159,1100043102,상계지하차도(남측),127.0532250211979317_37.6594615199293088,251.0,9.0,정체,127.0532250211979317_37.6594615199293088|127.0531517721649379_37.6595913943188663|127.0528975679072374_37.6600530138720373|127.0528163525555527_37.6602266198494746|127.0527703698594024_37.6603765367210812|127.0527359662938949_37.6605618650752021|127.0525798753311761_37.6616411735135159
2026-09-04T09:00:31.559343+09:00,창동 신경제 중심지,창동 신경제 중심지,POI079,KEY_4,1100004304,동일로,1100093400,상계동 694-1,127.0595508065029549_37.6580171134395840,1100041708,용화여자고등학교,127.0591558684395892_37.6595067387207934,169.0,20.0,서행,127.0591558684395892_37.6595067387207934|127.0594096658789312_37.6585508591550990|127.0594376678546524_37.6584451578996706|127.0595508065029549_37.6580171134395840
2026-09-04T09:00:31.559343+09:00,창동 신경제 중심지,창동 신경제 중심지,POI079,KEY_4,1100004401,동일로,1100185600,상계동 694-1,127.0601844029978480_37.6561522066921412,1100039501,노원역앞교차로,127.0603040465450704_37.6557015653982390,51.0,21.0,서행,127.0603040465450704_37.6557015653982390|127.0601844029978480_37.6561522066921412
2026-09-04T09:00:31.559343+09:00,창동 신경제 중심지,창동 신경제 중심지,POI079,KEY_4,1100004702,동부간선로,1100044004,상계교교차로,127.0523149905146738_37.6617776542323384,1100044402,상계지하차도(북측),127.0520378561055281_37.6642215993765177,272.0,10.0,정체,127.0520378561055281_37.6642215993765177|127.0521212250492056_37.6635823328015462|127.0522193701827547_37.6625462296288589|127.0522777575375244_37.6620180125495523|127.0523149905146738_37.6617776542323384
2026-09-04T09:00:31.559343+09:00,창동 신경제 중심지,창동 신경제 중심지,POI079,KEY_4,1100004802,동부간선도로,1100002702,상계동699,127.0523840965415587_37.6643456310184632,1100044001,상계교교차로,127.0525935255395922_37.6617487454504882,291.0,35.0,서행,127.0525935255395922_37.6617487454504882|127.0525483028963407_37.6620406979734881|127.0524904805265578_37.6625638117754420|127.0523921692619922_37.6636017117993660|127.0523115180185556_37.6642197151095530|127.0523445020438800_37.6642879542847595|127.0523840965415587_37.6643456310184632
2026-09-04T09:00:31.559343+09:00,창동 신경제 중심지,창동 신경제 중심지,POI079,KEY_4,1100027502,동일로215길,1100088500,상계동 744,127.0607971399296048_37.6513759115603364,1100035104,상계2-6단지교차로,127.0612907362999096_37.6514833723335016,45.0,15.0,서행,127.0612907362999096_37.6514833723335016|127.0607971399296048_37.6513759115603364
2026-09-04T09:00:31.559343+09:00,창동 신경제 중심지,창동 신경제 중심지,POI079,KEY_4,1100028502,노해로,1100036102,도봉구-노원구,127.0542201693494775_37.6530495292574159,1100036204,창동교앞교차로,127.0549921462478125_37.6531412853505643,69.0,21.5,서행,127.0549921462478125_37.6531412853505643|127.0542201693494775_37.6530495292574159
2026-09-04T09:00:31.559343+09:00,창동 신경제 중심지,창동 신경제 중심지,POI079,KEY_4,1100028703,노해로,1100160200,상계동 739,127.0568037160892487_37.6535154115881099,1100037004,상계6동우체국,127.0575257719759037_37.6536755591483541,66.0,7.0,정체,127.0575257719759037_37.6536755591483541|127.0568037160892487_37.6535154115881099
2026-09-04T09:00:31.559343+09:00,창동 신경제 중심지,창동 신경제 중심지,POI079,KEY_4,1100028704,노해로,1100037001,상계6동우체국,127.0576567470603919_37.6537047057676091,1100037504,현대증권빌딩,127.0593355635265027_37.6540794845506213,154.0,7.0,정체,127.0593355635265027_37.6540794845506213|127.0576567470603919_37.6537047057676091
2026-09-04T09:00:31.559343+09:00,창동 신경제 중심지,창동 신경제 중심지,POI079,KEY_4,1100028705,노해로,1100037501,현대증권빌딩,127.0594668905893343_37.6541075996395733,1100037700,노원역7번출구,127.0599891684443605_37.6542145073474472,48.0,7.0,정체,127.0599891684443605_37.6542145073474472|127.0594668905893343_37.6541075996395733
2026-09-04T09:00:31.559343+09:00,창동 신경제 중심지,창동 신경제 중심지,POI079,KEY_4,1100028706,노해로,1100037700,노원역7번출구,127.0599891684443605_37.6542145073474472,1100037804,노원역,127.0605341697180251_37.6543260636008839,50.0,14.0,정체,127.0605341697180251_37.6543260636008839|127.0599891684443605_37.6542145073474472
2026-09-04T09:00:31.559343+09:00,창동 신경제 중심지,창동 신경제 중심지,POI079,KEY_4,1100028803,노해로,1100037600,노원역7번출구,127.0600230742874572_37.6541098040533271,1100037002,상계6동우체국,127.0576932921409679_37.6536005651398114,213.0,26.0,원활,127.0576932921409679_37.6536005651398114|127.0593723237605417_37.6539753916879150|127.0595007964826095_37.6540028963630675|127.0600230742874572_37.6541098040533271
2026-09-04T09:00:31.559343+09:00,창동 신경제 중심지,창동 신경제 중심지,POI079,KEY_4,1100028805,노해로,1100037803,노원역,127.0605624598929069_37.6542202110494344,1100037600,노원역7번출구,127.0600230742874572_37.6541098040533271,49.0,11.0,정체,127.0600230742874572_37.6541098040533271|127.0605624598929069_37.6542202110494344
2026-09-04T09:00:31.559343+09:00,창동 신경제 중심지,창동 신경제 중심지,POI079,KEY_4,1100029501,노해로,1100037801,노원역,127.0606655841639991_37.6543545069205265,1100038000,노원역4번출구,127.0611922548889794_37.6544740751006302,48.0,14.0,정체,127.0611922548889794_37.6544740751006302|127.0606655841639991_37.6543545069205265
2026-09-04T09:00:31.559343+09:00,창동 신경제 중심지,창동 신경제 중심지,POI079,KEY_4,1100029502,노해로,1100038000,노원역4번출구,127.0611922548889794_37.6544740751006302,1100038304,롯데백화점(노원점),127.0617632535381034_37.6546037047608451,52.0,7.0,정체,127.0617632535381034_37.6546037047608451|127.0611922548889794_37.6544740751006302
2026-09-04T09:00:31.559343+09:00,창동 신경제 중심지,창동 신경제 중심지,POI079,KEY_4,1100029505,노해로,1100103700,상계동 719,127.0661512914501827_37.6555939228266112,1100039604,상계6·7동주민센터앞교차로,127.0669426069039787_37.6557717283692170,73.0,14.0,정체,127.0669426069039787_37.6557717283692170|127.0661512914501827_37.6555939228266112
2026-09-04T09:00:31.559343+09:00,창동 신경제 중심지,창동 신경제 중심지,POI079,KEY_4,1100029506,노해로,1100038802,한국통신상계,127.0632123465894381_37.6549326661265553,1100038809,상계동323-18,127.0644139438269349_37.6552035258636266,110.0,19.0,서행,127.0644139438269349_37.6552035258636266|127.0635781881673267_37.6550157137258239|127.0632123465894381_37.6549326661265553
2026-09-04T09:00:31.559343+09:00,창동 신경제 중심지,창동 신경제 중심지,POI079,KEY_4,1100029601,노해로,1100037900,노원역4번출구,127.0612295934649723_37.6543701129946840,1100037802,노원역,127.0606939292530768_37.6542485022336564,49.0,18.0,서행,127.0606939292530768_37.6542485022336564|127.0612295934649723_37.6543701129946840
2026-09-04T09:00:31.559343+09:00,창동 신경제 중심지,창동 신경제 중심지,POI079,KEY_4,1100029602,노해로,1100038303,롯데백화점(노원점),127.0618005912647845_37.6544997424504331,1100037900,노원역4번출구,127.0612295934649723_37.6543701129946840,52.0,19.3,서행,127.0612295934649723_37.6543701129946840|127.0618005912647845_37.6544997424504331
2026-09-04T09:00:31.559343+09:00,창동 신경제 중심지,창동 신경제 중심지,POI079,KEY_4,1100029605,노해로,1100038808,상계동323-18,127.0644509316282296_37.6550994845618874,1100038803,한국통신상계,127.0632496825551527_37.6548287033200779,110.0,23.0,서행,127.0632496825551527_37.6548287033200779|127.0636153513994913_37.6549117113266902|127.0644509316282296_37.6550994845618874
2026-09-04T09:00:31.559343+09:00,창동 신경제 중심지,창동 신경제 중심지,POI079,KEY_4,1100029701,상계로,1100038102,노원지하차도,127.0552186408102813_37.6546214256784779,1100038604,속성변화점,127.0557908711694211_37.6547236267635412,52.0,22.0,서행,127.0557908711694211_37.6547236267635412|127.0553671834377667_37.6546338968271357|127.0552186408102813_37.6546214256784779
2026-09-04T09:00:31.559343+09:00,창동 신경제 중심지,창동 신경제 중심지,POI079,KEY_4,1100029702,상계로,1100038604,속성변화점,127.0557908711694211_37.6547236267635412,1100039104,노원구보건소,127.0570870474215752_37.6550080356744132,119.0,20.7,서행,127.0570870474215752_37.6550080356744132|127.0559208786339127_37.6547516866268239|127.0557908711694211_37.6547236267635412
2026-09-04T09:00:31.559343+09:00,창동 신경제 중심지,창동 신경제 중심지,POI079,KEY_4,1100029703,상계로,1100039101,노원구보건소,127.0572186143952251_37.6550367765186706,1100039404,상계동 739-4,127.0588643202721642_37.6553939512818587,151.0,22.0,서행,127.0588643202721642_37.6553939512818587|127.0572186143952251_37.6550367765186706
2026-09-04T09:00:31.559343+09:00,창동 신경제 중심지,창동 신경제 중심지,POI079,KEY_4,1100029704,상계로,1100039401,상계동 739-4,127.0589962601925151_37.6554223038178080,1100039504,노원역앞교차로,127.0601727301481390_37.6556726739564454,107.0,22.0,서행,127.0601727301481390_37.6556726739564454|127.0589962601925151_37.6554223038178080
2026-09-04T09:00:31.559343+09:00,창동 신경제 중심지,창동 신경제 중심지,POI079,KEY_4,1100029801,상계로,1100038603,노원구청,127.0558258743156728_37.6546191522476619,1100038101,노원지하차도,127.0552330818509006_37.6545130739862657,54.0,22.0,서행,127.0552330818509006_37.6545130739862657|127.0553919493096799_37.6545272539378431|127.0558258743156728_37.6546191522476619
2026-09-04T09:00:31.559343+09:00,창동 신경제 중심지,창동 신경제 중심지,POI079,KEY_4,1100029802,상계로,1100039103,노원구보건소,127.0571232861294249_37.6549038277198562,1100038602,노원구청,127.0559571188478429_37.6546474790247601,107.0,6.0,정체,127.0559571188478429_37.6546474790247601|127.0571232861294249_37.6549038277198562
2026-09-04T09:00:31.559343+09:00,창동 신경제 중심지,창동 신경제 중심지,POI079,KEY_4,1100029803,상계로,1100039403,상계동 739-4,127.0589001317584064_37.6552896493156339,1100039102,노원구보건소,127.0572544280862672_37.6549324748313055,151.0,16.0,서행,127.0572544280862672_37.6549324748313055|127.0589001317584064_37.6552896493156339
2026-09-04T09:00:31.559343+09:00,창동 신경제 중심지,창동 신경제 중심지,POI079,KEY_4,1100029804,상계로,1100039503,노원역앞교차로,127.0602010162035356_37.6555667697837535,1100039402,상계동 739-4,127.0590314243780483_37.6553178631760161,107.0,6.0,정체,127.0590314243780483_37.6553178631760161|127.0602010162035356_37.6555667697837535
2026-09-04T09:00:31.559343+09:00,창동 신경제 중심지,창동 신경제 중심지,POI079,KEY_4,1100030102,상계로,1100039501,노원역앞교차로,127.0603040465450704_37.6557015653982390,1100039809,성임빌딩,127.0616502820933391_37.6560069404642164,124.0,5.0,정체,127.0616502820933391_37.6560069404642164|127.0614128756597694_37.6559527379808969|127.0612824146659250_37.6559230764615549|127.0603040465450704_37.6557015653982390
2026-09-04T09:00:31.559343+09:00,창동 신경제 중심지,창동 신경제 중심지,POI079,KEY_4,1100030105,상계로,1100039802,노원역(서울4호선),127.0625678182361469_37.6562131766042825,1100039909,노원역(서울4호선),127.0640678531407275_37.6565499966003827,138.0,7.0,정체,127.0640678531407275_37.6565499966003827|127.0625678182361469_37.6562131766042825
2026-09-04T09:00:31.559343+09:00,창동 신경제 중심지,창동 신경제 중심지,POI079,KEY_4,1100030106,상계로,1100039806,성임빌딩,127.0617837261973904_37.6560371069540665,1100039805,노원역(서울4호선),127.0624372787817009_37.6561838640661151,60.0,7.0,정체,127.0624372787817009_37.6561838640661151|127.0617837261973904_37.6560371069540665
2026-09-04T09:00:31.559343+09:00,창동 신경제 중심지,창동 신경제 중심지,POI079,KEY_4,1100030201,상계로,1100039703,상계동 689-4,127.0613196600456689_37.6558190928418952,1100039502,노원역앞교차로,127.0603323409069105_37.6555955551666415,91.0,12.7,정체,127.0603323409069105_37.6555955551666415|127.0613196600456689_37.6558190928418952
2026-09-04T09:00:31.559343+09:00,창동 신경제 중심지,창동 신경제 중심지,POI079,KEY_4,1100030202,상계로,1100039807,속성변화점,127.0618206904819658_37.6559330592462373,1100039702,상계동 689-4,127.0614504112961498_37.6558488199526451,34.0,26.0,원활,127.0614504112961498_37.6558488199526451|127.0616878173730271_37.6559030221767657|127.0618206904819658_37.6559330592462373
2026-09-04T09:00:31.559343+09:00,창동 신경제 중심지,창동 신경제 중심지,POI079,KEY_4,1100030204,상계로,1100040303,상계초교입구교차로,127.0665586801028297_37.6570292785576513,1100039907,노원역(서울4호선),127.0642133857384408_37.6564684562337533,216.0,13.0,정체,127.0642133857384408_37.6564684562337533|127.0644207962196788_37.6565084470902249|127.0660464057039434_37.6568757110014403|127.0662363313010133_37.6569249576004239|127.0664049700920941_37.6569758547641200|127.0665586801028297_37.6570292785576513
2026-09-04T09:00:31.559343+09:00,창동 신경제 중심지,창동 신경제 중심지,POI079,KEY_4,1100030205,상계로,1100039804,노원역(서울4호선),127.0624656337716658_37.6560778831310046,1100039807,속성변화점,127.0618206904819658_37.6559330592462373,59.0,17.0,서행,127.0618206904819658_37.6559330592462373|127.0624656337716658_37.6560778831310046
2026-09-04T09:00:31.559343+09:00,창동 신경제 중심지,창동 신경제 중심지,POI079,KEY_4,1100030206,상계로,1100039908,노원역(서울4호선),127.0640829296194312_37.6564410345314258,1100039803,노원역(서울4호선),127.0625965572083089_37.6561072819066283,136.0,20.0,서행,127.0625965572083089_37.6561072819066283|127.0640829296194312_37.6564410345314258
2026-09-04T09:00:31.559343+09:00,창동 신경제 중심지,창동 신경제 중심지,POI079,KEY_4,1100030300,노원로,1100172100,상계동 330-40,127.0668101330512201_37.6562287061040379,1100040303,상계초교입구교차로,127.0665586801028297_37.6570292785576513,92.0,23.0,서행,127.0665586801028297_37.6570292785576513|127.0666084395444670_37.6569244507512124|127.0668101330512201_37.6562287061040379
2026-09-04T09:00:31.559343+09:00,창동 신경제 중심지,창동 신경제 중심지,POI079,KEY_4,1100032101,노원로,1100223800,상계동 699,127.0556231703667009_37.6613970760336585,1100044002,상계교교차로,127.0525798753311761_37.6616411735135159,270.0,21.0,서행,127.0525798753311761_37.6616411735135159|127.0556231703667009_37.6613970760336585
2026-09-04T09:00:31.559343+09:00,창동 신경제 중심지,창동 신경제 중심지,POI079,KEY_4,1100032102,노원로,1100043503,온수골사거리,127.0587224144695284_37.6611391975146930,1100043802,상계10단지앞,127.0563734840975627_37.6613366921959454,208.0,19.0,서행,127.0563734840975627_37.6613366921959454|127.0587224144695284_37.6611391975146930
2026-09-04T09:00:31.559343+09:00,창동 신경제 중심지,창동 신경제 중심지,POI079,KEY_4,1100032201,노원로,1100044001,상계교교차로,127.0525935255395922_37.6617487454504882,1100043804,상계10단지앞,127.0562460888175451_37.6614557692127931,324.0,15.5,서행,127.0562460888175451_37.6614557692127931|127.0556368248604571_37.6615046469845751|127.0525935255395922_37.6617487454504882
2026-09-04T09:00:31.559343+09:00,창동 신경제 중심지,창동 신경제 중심지,POI079,KEY_4,1100032202,노원로,1100043801,상계10단지앞,127.0563877863022952_37.6614442102939790,1100043504,온수골사거리,127.0586926817611158_37.6612504184423145,205.0,26.0,원활,127.0586926817611158_37.6612504184423145|127.0563877863022952_37.6614442102939790
2026-09-04T09:00:31.559343+09:00,창동 신경제 중심지,창동 신경제 중심지,POI079,KEY_4,1100032704,방학로,1100044003,상계교교차로,127.0522948218053756_37.6616707337914249,1100044102,도봉구-노원구,127.0513629359133034_37.6617818231301555,83.0,8.0,정체,127.0513629359133034_37.6617818231301555|127.0522948218053756_37.6616707337914249
2026-09-04T09:00:31.559343+09:00,창동 신경제 중심지,창동 신경제 중심지,POI079,KEY_4,1100032804,방학로,1100044101,도봉구-노원구,127.0513817650416115_37.6618888939088308,1100044004,상계교교차로,127.0523149905146738_37.6617776542323384,83.0,7.0,정체,127.0523149905146738_37.6617776542323384|127.0513817650416115_37.6618888939088308
2026-09-04T09:00:31.559343+09:00,창동 신경제 중심지,창동 신경제 중심지,POI079,KEY_4,1100067900,동부간선도로,1100037401,노원지하차도(북측),127.0550810735712162_37.6548136821399666,1100035501,노원지하차도(남측),127.0554050195968330_37.6508008456765353,446.0,21.3,정체,127.0554050195968330_37.6508008456765353|127.0553755713891064_37.6511968811547604|127.0553086107411360_37.6519628930263153|127.0552148689220360_37.6528133123426869|127.0551981671509765_37.6531233789090294|127.0551777961183291_37.6533602558558158|127.0551422352250341_37.6538530117120587|127.0551156205709873_37.6543608728118500|127.0550810735712162_37.6548136821399666
2026-09-04T09:00:31.559343+09:00,창동 신경제 중심지,창동 신경제 중심지,POI079,KEY_4,1100068300,동일로218길,1100190200,상계동 720,127.0634051589872087_37.6539899608348563,1100038804,한국통신상계,127.0631180288482369_37.6548015342588300,94.0,14.0,정체,127.0631180288482369_37.6548015342588300|127.0634051589872087_37.6539899608348563
2026-09-04T09:00:31.559343+09:00,창동 신경제 중심지,창동 신경제 중심지,POI079,KEY_4,1100069300,동일로,1100037200,노원역6번출구,127.0606630381764859_37.6538422534128969,1100037600,노원역7번출구,127.0600230742874572_37.6541098040533271,68.0,18.0,서행,127.0600230742874572_37.6541098040533271|127.0602705087191140_37.6541077984462618|127.0603724161650518_37.6540624530492423|127.0605252744344114_37.6539932432403148|127.0606630381764859_37.6538422534128969
2026-09-04T09:00:31.559343+09:00,창동 신경제 중심지,창동 신경제 중심지,POI079,KEY_4,1100069400,동일로,1100037900,노원역4번출구,127.0612295934649723_37.6543701129946840,1100037300,노원역5번출구,127.0607960800482061_37.6538646319994967,74.0,18.0,서행,127.0607960800482061_37.6538646319994967|127.0609302512468730_37.6542385713914243|127.0610202599500411_37.6543100403441784|127.0612295934649723_37.6543701129946840
2026-09-04T09:00:31.559343+09:00,창동 신경제 중심지,창동 신경제 중심지,POI079,KEY_4,1100069700,노해로75길,1100037004,상계6동우체국,127.0575257719759037_37.6536755591483541,1100039103,노원구보건소,127.0571232861294249_37.6549038277198562,141.0,8.5,정체,127.0571232861294249_37.6549038277198562|127.0572338384282887_37.6545664587634334|127.0573890950643516_37.6540926616434675|127.0575257719759037_37.6536755591483541
2026-09-04T09:00:31.559343+09:00,창동 신경제 중심지,창동 신경제 중심지,POI079,KEY_4,1100069800,노해로75길,1100147500,상계동 739-1,127.0575206901786345_37.6541199193935867,1100037001,상계6동우체국,127.0576567470603919_37.6537047057676091,48.0,16.0,서행,127.0576567470603919_37.6537047057676091|127.0575206901786345_37.6541199193935867
2026-09-04T09:00:31.559343+09:00,창동 신경제 중심지,창동 신경제 중심지,POI079,KEY_4,1100069900,동일로,1100037700,노원역7번출구,127.0599891684443605_37.6542145073474472,1100038700,노원역,127.0604128401212449_37.6547779132650504,77.0,7.0,정체,127.0604128401212449_37.6547779132650504|127.0603608138007559_37.6545463811312402|127.0602407202623709_37.6543485822872128|127.0599891684443605_37.6542145073474472
2026-09-04T09:00:31.559343+09:00,창동 신경제 중심지,창동 신경제 중심지,POI079,KEY_4,1100070000,동일로,1100038900,노원역3번출구,127.0605458327495398_37.6548004858661827,1100038000,노원역4번출구,127.0611922548889794_37.6544740751006302,71.0,24.0,서행,127.0611922548889794_37.6544740751006302|127.0609184791477588_37.6545103362795928|127.0607056837969111_37.6546177196376206|127.0605458327495398_37.6548004858661827
2026-09-04T09:00:31.559343+09:00,창동 신경제 중심지,창동 신경제 중심지,POI079,KEY_4,1100070100,노해로77길,1100090700,상계동 739-1,127.0590171828737880_37.6549643414511834,1100039403,상계동 739-4,127.0589001317584064_37.6552896493156339,38.0,9.0,정체,127.0589001317584064_37.6552896493156339|127.0590171828737880_37.6549643414511834
2026-09-04T09:00:31.559343+09:00,창동 신경제 중심지,창동 신경제 중심지,POI079,KEY_4,1100070200,노해로77길,1100118600,상계동 739-1,127.0593163588078909_37.6545259676868156,1100037501,현대증권빌딩,127.0594668905893343_37.6541075996395733,48.0,10.0,정체,127.0594668905893343_37.6541075996395733|127.0593163588078909_37.6545259676868156
2026-09-04T09:00:31.559343+09:00,창동 신경제 중심지,창동 신경제 중심지,POI079,KEY_4,1100070900,노해로79길,1100038304,롯데백화점(노원점),127.0617632535381034_37.6546037047608451,1100039703,상계동 689-4,127.0613196600456689_37.6558190928418952,140.0,18.0,서행,127.0613196600456689_37.6558190928418952|127.0616408947781792_37.6549389558808443|127.0617632535381034_37.6546037047608451
2026-09-04T09:00:31.559343+09:00,창동 신경제 중심지,창동 신경제 중심지,POI079,KEY_4,1100071000,노해로79길,1100146800,상계동 719-2,127.0617714966166574_37.6549690860650941,1100038301,롯데백화점(노원점),127.0618941423685868_37.6546330462088719,39.0,13.0,정체,127.0618941423685868_37.6546330462088719|127.0617714966166574_37.6549690860650941
2026-09-04T09:00:31.559343+09:00,창동 신경제 중심지,창동 신경제 중심지,POI079,KEY_4,1100072000,상계로1길,1100133400,상계동 689-4,127.0616502907192000_37.6573404427585388,1100039806,성임빌딩,127.0617837261973904_37.6560371069540665,145.0,8.0,정체,127.0617837261973904_37.6560371069540665|127.0617482803136795_37.6563984504689628|127.0617152285937692_37.6567353841633903|127.0616949446273480_37.6569243810628436|127.0616502907192000_37.6573404427585388
2026-09-04T09:00:31.559343+09:00,창동 신경제 중심지,창동 신경제 중심지,POI079,KEY_4,1100072902,상계로5길,1100039909,노원역(서울4호선),127.0640678531407275_37.6565499966003827,1100039903,노원역(서울4호선),127.0635616066518736_37.6569896866315688,103.0,7.0,정체,127.0635616066518736_37.6569896866315688|127.0640509403867071_37.6570758608014131|127.0640678531407275_37.6565499966003827
2026-09-04T09:00:31.559343+09:00,창동 신경제 중심지,창동 신경제 중심지,POI079,KEY_4,1100074000,상계로1길,1100167700,상계동 689-4,127.0615348818948007_37.6584656865977578,1100040801,상계동 689-4,127.0615955129512855_37.6578550941219987,68.0,18.0,서행,127.0615955129512855_37.6578550941219987|127.0615348818948007_37.6584656865977578
2026-09-04T09:00:31.559343+09:00,창동 신경제 중심지,창동 신경제 중심지,POI079,KEY_4,1100075500,상계로1길,1100178200,상계동 689-4,127.0613863709227473_37.6597451288931850,1100042001,상계동 581-197,127.0614905270650326_37.6588970954918310,95.0,13.0,정체,127.0614905270650326_37.6588970954918310|127.0614381565533790_37.6593087331885741|127.0613868385167962_37.6597120938858509|127.0613863709227473_37.6597451288931850
2026-09-04T09:00:31.559343+09:00,창동 신경제 중심지,창동 신경제 중심지,POI079,KEY_4,1100077300,동부간선도로,1100044401,상계지하차도(북측),127.0522391122241714_37.6642428852886084,1100043101,상계지하차도(남측),127.0531634037664475_37.6594394033891433,543.0,33.0,서행,127.0531634037664475_37.6594394033891433|127.0530896532811340_37.6595694518560791|127.0528345285101466_37.6600327439112519|127.0527512557655996_37.6602107466547906|127.0527035847874515_37.6603661692527041|127.0526684596108140_37.6605553847439225|127.0525343977077881_37.6616883204855810|127.0524806923268812_37.6620350293671748|127.0524227298465547_37.6625594171862517|127.0523244570151604_37.6635968936766403|127.0522391122241714_37.6642428852886084
2026-09-04T09:00:31.559343+09:00,창동 신경제 중심지,창동 신경제 중심지,POI079,KEY_4,1100078000,한글비석로.노원로사이길,1100043804,상계10단지앞,127.0562460888175451_37.6614557692127931,1100045603,주공10단지앞,127.0550673599237825_37.6643601268637056,352.0,9.0,정체,127.0550673599237825_37.6643601268637056|127.0554504144861028_37.6628553024751653|127.0554784895449956_37.6627981670721965|127.0555290861939852_37.6627525265908076|127.0559344114023475_37.6625536011732436|127.0559614429086253_37.6625382320294477|127.0559763116342396_37.6625158734342236|127.0562460888175451_37.6614557692127931
2026-09-04T09:00:31.559343+09:00,창동 신경제 중심지,창동 신경제 중심지,POI079,KEY_4,1100078100,한글비석로.노원로사이길,1100045602,주공10단지앞,127.0552086527059714_37.6643501883653471,1100043801,상계10단지앞,127.0563877863022952_37.6614442102939790,352.0,14.0,정체,127.0563877863022952_37.6614442102939790|127.0561057210445455_37.6625526080223949|127.0560666734394744_37.6626113255097437|127.0560097782191491_37.6626436743361026|127.0556177444579902_37.6628360769471300|127.0555964221334904_37.6628553112325264|127.0555813803072311_37.6628859210450528|127.0552086527059714_37.6643501883653471
2026-09-04T09:00:31.559343+09:00,창동 신경제 중심지,창동 신경제 중심지,POI079,KEY_4,1100087400,노해로,1100036201,창동교앞교차로,127.0552628560590733_37.6531854240254873,1100036604,노원구청,127.0562587741318907_37.6533952787963315,91.0,7.0,정체,127.0562587741318907_37.6533952787963315|127.0552628560590733_37.6531854240254873
2026-09-04T09:00:31.559343+09:00,창동 신경제 중심지,창동 신경제 중심지,POI079,KEY_4,1100167900,노해로83길,1100038809,상계동323-18,127.0644139438269349_37.6552035258636266,1100084802,상계동327-3,127.0642491087844803_37.6557419745825896,62.0,17.0,서행,127.0642491087844803_37.6557419745825896|127.0644139438269349_37.6552035258636266
2026-09-04T09:00:31.559343+09:00,창동 신경제 중심지,창동 신경제 중심지,POI079,KEY_4,1100168000,노해로83길,1100084801,상계동327-3,127.0643820535794504_37.6557661415304850,1100038806,상계동323-18,127.0645449282982042_37.6552329602418254,61.0,14.0,정체,127.0645449282982042_37.6552329602418254|127.0643820535794504_37.6557661415304850
2026-09-04T09:00:31.559343+09:00,창동 신경제 중심지,창동 신경제 중심지,POI079,KEY_4,1100169300,노해로81길,1100134900,상계동 615-5,127.0626573457765858_37.6559156520498561,1100084701,상계동615-5,127.0627956316247662_37.6554454342408533,54.0,8.0,정체,127.0627956316247662_37.6554454342408533|127.0626573457765858_37.6559156520498561
2026-09-04T09:00:31.559343+09:00,창동 신경제 중심지,창동 신경제 중심지,POI079,KEY_4,1100169400,노해로81길,1100084702,상계동615-5,127.0626624238591944_37.6554244121967372,1100039804,노원역(서울4호선),127.0624656337716658_37.6560778831310046,75.0,16.0,서행,127.0624656337716658_37.6560778831310046|127.0625250625241307_37.6558905771274866|127.0626624238591944_37.6554244121967372
2026-09-04T09:00:31.559343+09:00,창동 신경제 중심지,창동 신경제 중심지,POI079,KEY_4,1100174501,노해로,1100085704,상계동 719-1,127.0628602342563198_37.6547483301789327,1100038302,롯데백화점(노원점),127.0619324534863210_37.6545300954822153,85.0,12.0,정체,127.0619324534863210_37.6545300954822153|127.0628602342563198_37.6547483301789327
2026-09-04T09:00:31.559343+09:00,창동 신경제 중심지,창동 신경제 중심지,POI079,KEY_4,1100174601,노해로,1100038301,롯데백화점(노원점),127.0618941423685868_37.6546330462088719,1100085705,상계동 719-1,127.0628220961756938_37.6548508193401474,85.0,14.5,정체,127.0628220961756938_37.6548508193401474|127.0618941423685868_37.6546330462088719
2026-09-04T09:00:31.559343+09:00,창동 신경제 중심지,창동 신경제 중심지,POI079,KEY_4,1100174701,노해로,1100038804,한국통신상계,127.0631180288482369_37.6548015342588300,1100085703,상계동 719-1,127.0629790946105118_37.6547750764597851,13.0,18.0,서행,127.0629790946105118_37.6547750764597851|127.0631180288482369_37.6548015342588300
2026-09-04T09:00:31.559343+09:00,창동 신경제 중심지,창동 신경제 중심지,POI079,KEY_4,1100174801,노해로,1100085702,상계동 719-1,127.0629479262245525_37.6548785327898230,1100038805,한국통신상계,127.0630856315116972_37.6549056246647567,13.0,14.0,정체,127.0630856315116972_37.6549056246647567|127.0629479262245525_37.6548785327898230
2026-09-04T09:00:31.559343+09:00,창동 신경제 중심지,창동 신경제 중심지,POI079,KEY_4,1100174901,노해로81길,1100099100,상계동 719-2,127.0627236999809924_37.6551624198149781,1100084702,상계동615-5,127.0626624238591944_37.6554244121967372,30.0,8.0,정체,127.0626624238591944_37.6554244121967372|127.0627189374265527_37.6551775017751922|127.0627236999809924_37.6551624198149781
2026-09-04T09:00:31.559343+09:00,창동 신경제 중심지,창동 신경제 중심지,POI079,KEY_4,1100175001,노해로81길,1100099000,상계동 719-2,127.0628497314139480_37.6551876316153340,1100085702,상계동 719-1,127.0629479262245525_37.6548785327898230,35.0,12.0,정체,127.0629479262245525_37.6548785327898230|127.0628497314139480_37.6551876316153340
2026-09-04T09:00:31.559343+09:00,창동 신경제 중심지,창동 신경제 중심지,POI079,KEY_4,1100175101,상계로3길,1100039805,노원역(서울4호선),127.0624372787817009_37.6561838640661151,1100084603,상계동358-27,127.0623057366666870_37.6567535624191336,64.0,12.0,정체,127.0623057366666870_37.6567535624191336|127.0624372787817009_37.6561838640661151
2026-09-04T09:00:31.559343+09:00,창동 신경제 중심지,창동 신경제 중심지,POI079,KEY_4,1100175201,상계로3길,1100084602,상계동358-27,127.0624343956701523_37.6567723394819467,1100039802,노원역(서울4호선),127.0625678182361469_37.6562131766042825,63.0,12.0,정체,127.0625678182361469_37.6562131766042825|127.0624343956701523_37.6567723394819467
2026-09-04T09:00:31.559343+09:00,창동 신경제 중심지,창동 신경제 중심지,POI079,KEY_4,1100175401,상계로3길,1100085803,상계동 358-27,127.0625982048439795_37.6578902527025861,1100084601,상계동358-27,127.0624185796294512_37.6568807605413056,113.0,10.0,정체,127.0624185796294512_37.6568807605413056|127.0624179095909057_37.6569097680141525|127.0625928662779955_37.6577655585726561|127.0625982048439795_37.6578902527025861
2026-09-04T09:00:31.559343+09:00,창동 신경제 중심지,창동 신경제 중심지,POI079,KEY_4,1100175501,상계로1길,1100085804,상계동 591-23,127.0624768892574679_37.6578730477147872,1100040802,상계동 358-27,127.0616064522038613_37.6577489025194794,78.0,10.0,정체,127.0616064522038613_37.6577489025194794|127.0624768892574679_37.6578730477147872
2026-09-04T09:00:31.559343+09:00,창동 신경제 중심지,창동 신경제 중심지,POI079,KEY_4,1100175601,상계로1길,1100040801,상계동 689-4,127.0615955129512855_37.6578550941219987,1100085805,상계동 358-27,127.0624858941322515_37.6579819113351491,80.0,4.0,정체,127.0624858941322515_37.6579819113351491|127.0615955129512855_37.6578550941219987
2026-09-04T09:00:31.559343+09:00,창동 신경제 중심지,창동 신경제 중심지,POI079,KEY_4,1100175801,노해로83길,1100039907,노원역(서울4호선),127.0642133857384408_37.6564684562337533,1100084801,상계동327-3,127.0643820535794504_37.6557661415304850,79.0,7.0,정체,127.0643820535794504_37.6557661415304850|127.0642966412776644_37.6560694662661248|127.0642133857384408_37.6564684562337533
2026-09-04T09:00:31.559343+09:00,창동 신경제 중심지,창동 신경제 중심지,POI079,KEY_4,1100175901,상계로3길,1100039905,노원역(서울4호선),127.0634069365185468_37.6570838579709033,1100085803,상계동 358-27,127.0625982048439795_37.6578902527025861,173.0,3.0,정체,127.0625982048439795_37.6578902527025861|127.0626958622422791_37.6579039577551100|127.0627553022345921_37.6579176985565311|127.0628443369457869_37.6579597152952061|127.0630645388252589_37.6581092508549489|127.0631083509842227_37.6581296932254901|127.0631226416490307_37.6581094666469198|127.0634069365185468_37.6570838579709033
2026-09-04T09:00:31.559343+09:00,창동 신경제 중심지,창동 신경제 중심지,POI079,KEY_4,1100176301,상계로1길,1100156900,상계동 581-52,127.0620218332388731_37.6588304960798865,1100042002,상계동 689-4,127.0615025806987433_37.6587909756533676,46.0,14.0,정체,127.0615025806987433_37.6587909756533676|127.0617349230349475_37.6588086595681446|127.0620218332388731_37.6588304960798865
2026-09-04T09:00:31.559343+09:00,창동 신경제 중심지,창동 신경제 중심지,POI079,KEY_4,1100176401,상계로1길,1100135100,상계동 581-48,127.0617217468324327_37.6589155227401875,1100085902,상계동 690-3,127.0626532514543925_37.6589897550782453,83.0,16.0,서행,127.0626532514543925_37.6589897550782453|127.0620085000066695_37.6589383751264322|127.0617217468324327_37.6589155227401875
2026-09-04T09:00:31.559343+09:00,청담동 명품거리,청담동 명품거리,POI080,KEY_1,1220033403,선릉로,1220050904,영동고교,127.0395406419754778_37.5217105374167943,1220052203,학동사거리,127.0390906173216194_37.5231203381365219,162.0,32.0,원활,127.0390906173216194_37.5231203381365219|127.0391133064020863_37.5228990829912732|127.0395406419754778_37.5217105374167943
2026-09-04T09:00:31.559343+09:00,청담동 명품거리,청담동 명품거리,POI080,KEY_1,1220033503,선릉로,1220052202,학동사거리,127.0392236802746595_37.5231509477852043,1220050901,영동고교,127.0396699892043557_37.5217435123917369,162.0,11.0,정체,127.0396699892043557_37.5217435123917369|127.0392475112795978_37.5229185559885323|127.0392236802746595_37.5231509477852043
2026-09-04T09:00:31.559343+09:00,청담동 명품거리,청담동 명품거리,POI080,KEY_1,1220034002,삼성로,1220422300,청담동 77-102,127.0477207009805198_37.5234442307542722,1220053003,청담사거리,127.0473345858686827_37.5241777503070679,88.0,24.0,서행,127.0473345858686827_37.5241777503070679|127.0477207009805198_37.5234442307542722
2026-09-04T09:00:31.559343+09:00,청담동 명품거리,청담동 명품거리,POI080,KEY_1,1220034204,도산대로,1220393600,신사동 501-5,127.0382594965785756_37.5229821213989680,1220052204,학동사거리,127.0390861363866435_37.5232347757009777,78.0,18.0,서행,127.0390861363866435_37.5232347757009777|127.0382594965785756_37.5229821213989680
2026-09-04T09:00:31.559343+09:00,청담동 명품거리,청담동 명품거리,POI080,KEY_1,1220034601,도산대로,1220420500,청담동 77,127.0400054812010779_37.5233569151823687,1220052404,청담동 77,127.0413071564451570_37.5235176656433396,116.0,20.0,서행,127.0413071564451570_37.5235176656433396|127.0405339348501172_37.5234221784106481|127.0400054812010779_37.5233569151823687
2026-09-04T09:00:31.559343+09:00,청담동 명품거리,청담동 명품거리,POI080,KEY_1,1220034602,도산대로,1220332800,청담동 77,127.0435213934482874_37.5238023106680032,1220052604,청담동 77,127.0445564869975641_37.5239355211408920,93.0,28.0,원활,127.0445564869975641_37.5239355211408920|127.0435213934482874_37.5238023106680032
2026-09-04T09:00:31.559343+09:00,청담동 명품거리,청담동 명품거리,POI080,KEY_1,1220034603,도산대로,1220276100,청담동 77,127.0463338208116113_37.5241605900114052,1220053004,청담사거리,127.0472792767386068_37.5242802278421408,85.0,45.0,원활,127.0472792767386068_37.5242802278421408|127.0469562705251434_37.5242393555858413|127.0463338208116113_37.5241605900114052
2026-09-04T09:00:31.559343+09:00,청담동 명품거리,청담동 명품거리,POI080,KEY_1,1220034701,도산대로,1220420400,청담동 77,127.0400262819293147_37.5232500722957383,1220052202,학동사거리,127.0392236802746595_37.5231509477852043,72.0,43.0,원활,127.0392236802746595_37.5231509477852043|127.0400262819293147_37.5232500722957383
2026-09-04T09:00:31.559343+09:00,청담동 명품거리,청담동 명품거리,POI080,KEY_1,1220034702,도산대로,1220388200,청담동 77,127.0430425640729339_37.5236311625569741,1220052402,청담동 77,127.0414610013850591_37.5234275992135338,142.0,40.0,원활,127.0414610013850591_37.5234275992135338|127.0430425640729339_37.5236311625569741
2026-09-04T09:00:31.559343+09:00,청담동 명품거리,청담동 명품거리,POI080,KEY_1,1220034703,도산대로,1220334000,청담동 77,127.0455919377749296_37.5239572301738278,1220052602,청담동 77,127.0447121822128764_37.5238458928924103,79.0,22.0,서행,127.0447121822128764_37.5238458928924103|127.0452441209281318_37.5239132131085995|127.0455919377749296_37.5239572301738278
2026-09-04T09:00:31.559343+09:00,청담동 명품거리,청담동 명품거리,POI080,KEY_1,1220034801,도산대로,1220053001,청담사거리,127.0474175095661593_37.5242982591380851,1220053204,송담빌딩,127.0481486203532597_37.5243983508696317,66.0,11.0,정체,127.0481486203532597_37.5243983508696317|127.0474175095661593_37.5242982591380851
2026-09-04T09:00:31.559343+09:00,청담동 명품거리,청담동 명품거리,POI080,KEY_1,1220034901,도산대로,1220419300,청담동 77,127.0488945152498417_37.5243806678289928,1220053002,청담사거리,127.0474721597987724_37.5241960352978836,127.0,24.0,서행,127.0474721597987724_37.5241960352978836|127.0481716169773563_37.5242917934341591|127.0483069155655187_37.5243095041464656|127.0487065910878215_37.5243579088313268|127.0488945152498417_37.5243806678289928
2026-09-04T09:00:31.559343+09:00,청담동 명품거리,청담동 명품거리,POI080,KEY_1,1220035402,선릉로,1220052204,학동사거리,127.0390861363866435_37.5232347757009777,1220053403,신한양빌딩,127.0395014174557389_37.5246137310738916,158.0,24.0,서행,127.0395014174557389_37.5246137310738916|127.0393335370945920_37.5241464881978999|127.0392926724511966_37.5240305434553036|127.0391660322892449_37.5236540272358496|127.0391045399377816_37.5234487055447730|127.0390861363866435_37.5232347757009777
2026-09-04T09:00:31.559343+09:00,청담동 명품거리,청담동 명품거리,POI080,KEY_1,1220035404,선릉로,1220246500,신사동 668-5,127.0403281994726257_37.5269638204885396,1220057303,한양아파트앞교차로,127.0406204313811145_37.5277781125819700,94.0,24.0,서행,127.0406204313811145_37.5277781125819700|127.0403965205514112_37.5271541960037496|127.0403281994726257_37.5269638204885396
2026-09-04T09:00:31.559343+09:00,청담동 명품거리,청담동 명품거리,POI080,KEY_1,1220035501,선릉로,1220052702,키네마극장,127.0394238001620124_37.5240025656407425,1220052201,학동사거리,127.0392244122724463_37.5232604498081272,84.0,22.0,서행,127.0392244122724463_37.5232604498081272|127.0392392010293747_37.5234323545396080|127.0392976430606637_37.5236274895412407|127.0394238001620124_37.5240025656407425
2026-09-04T09:00:31.559343+09:00,청담동 명품거리,청담동 명품거리,POI080,KEY_1,1220035502,선릉로,1220053402,신한양빌딩,127.0396319308838002_37.5245839844116418,1220052701,키네마극장,127.0394640495580632_37.5241167418134012,54.0,17.0,서행,127.0394640495580632_37.5241167418134012|127.0396319308838002_37.5245839844116418
2026-09-04T09:00:31.559343+09:00,청담동 명품거리,청담동 명품거리,POI080,KEY_1,1220035802,압구정로,1220220700,청담동 145,127.0445468381688698_37.5267788078608433,1220056102,갤러리아주유소,127.0438011178044917_37.5269658372789365,69.0,22.0,서행,127.0438011178044917_37.5269658372789365|127.0445468381688698_37.5267788078608433
2026-09-04T09:00:31.559343+09:00,청담동 명품거리,청담동 명품거리,POI080,KEY_1,1220035803,압구정로,1220056103,갤러리아주유소,127.0436709090198946_37.5269988640954608,1220056302,압구정로데오역3번출구,127.0423691118125902_37.5273328330233085,121.0,33.0,원활,127.0423691118125902_37.5273328330233085|127.0431965413789044_37.5271205625181921|127.0436709090198946_37.5269988640954608
2026-09-04T09:00:31.559343+09:00,청담동 명품거리,청담동 명품거리,POI080,KEY_1,1220035804,압구정로,1220056303,압구정로데오역3번출구,127.0422397642238650_37.5273658980511087,1220057302,한양아파트앞교차로,127.0407498452267987_37.5277452900861377,138.0,41.0,원활,127.0407498452267987_37.5277452900861377|127.0422397642238650_37.5273658980511087
2026-09-04T09:00:31.559343+09:00,청담동 명품거리,청담동 명품거리,POI080,KEY_1,1220035901,압구정로,1220054302,갤러리미,127.0470610783825549_37.5249488711662522,1220053001,청담사거리,127.0474175095661593_37.5242982591380851,79.0,21.0,서행,127.0474175095661593_37.5242982591380851|127.0470610783825549_37.5249488711662522
2026-09-04T09:00:31.559343+09:00,청담동 명품거리,청담동 명품거리,POI080,KEY_1,1220035902,압구정로,1220334200,청담동 145,127.0467277844240357_37.5255109620662850,1220054301,갤러리미,127.0470030647285284_37.5250513268144701,57.0,26.0,원활,127.0470030647285284_37.5250513268144701|127.0467277844240357_37.5255109620662850
2026-09-04T09:00:31.559343+09:00,청담동 명품거리,청담동 명품거리,POI080,KEY_1,1220035903,압구정로,1220193500,압구정동 394,127.0432381654295426_37.5272234752543667,1220056104,갤러리아주유소,127.0437125335026849_37.5271017764067949,44.0,22.0,서행,127.0437125335026849_37.5271017764067949|127.0432381654295426_37.5272234752543667
2026-09-04T09:00:31.559343+09:00,청담동 명품거리,청담동 명품거리,POI080,KEY_1,1220036205,압구정로,1220057902,압구정로데오역6번출구,127.0391308114570563_37.5281543012393257,1220058002,뉴스포유,127.0384385465388561_37.5283499106960861,65.0,24.0,서행,127.0384385465388561_37.5283499106960861|127.0391308114570563_37.5281543012393257
2026-09-04T09:00:31.559343+09:00,청담동 명품거리,청담동 명품거리,POI080,KEY_1,1220036206,압구정로,1220235400,신사동 667-35,127.0398194246827615_37.5279804016432124,1220057902,압구정로데오역6번출구,127.0391308114570563_37.5281543012393257,64.0,19.0,서행,127.0391308114570563_37.5281543012393257|127.0398194246827615_37.5279804016432124
2026-09-04T09:00:31.559343+09:00,청담동 명품거리,청담동 명품거리,POI080,KEY_1,1220036305,압구정로,1220058001,뉴스포유,127.0384839451984220_37.5284518029265755,1220057901,압구정로데오역6번출구,127.0391740239717961_37.5282567812238455,65.0,22.0,서행,127.0391740239717961_37.5282567812238455|127.0384839451984220_37.5284518029265755
2026-09-04T09:00:31.559343+09:00,청담동 명품거리,청담동 명품거리,POI080,KEY_1,1220036306,압구정로,1220057901,압구정로데오역6번출구,127.0391740239717961_37.5282567812238455,1220057304,한양아파트앞교차로,127.0406568798343869_37.5278823322351158,138.0,27.0,원활,127.0406568798343869_37.5278823322351158|127.0398604514468985_37.5280834481610981|127.0391740239717961_37.5282567812238455
2026-09-04T09:00:31.559343+09:00,청담동 명품거리,청담동 명품거리,POI080,KEY_1,1220036500,선릉로,1220256600,압구정동 495,127.0411012237221939_37.5287721982316143,1220057301,한양아파트앞교차로,127.0407863594955415_37.5278495043803346,106.0,29.5,원활,127.0407863594955415_37.5278495043803346|127.0411012237221939_37.5287721982316143
2026-09-04T09:00:31.559343+09:00,청담동 명품거리,청담동 명품거리,POI080,KEY_1,1220094100,선릉로148길,1220273700,청담동 77-28,127.0431444223127073_37.5229457315852954,1220052603,청담동 77,127.0445781402144121_37.5238287856286306,217.0,20.0,서행,127.0445781402144121_37.5238287856286306|127.0447120599987159_37.5231471090591455|127.0443800312351357_37.5231044587397022|127.0439681977920259_37.5230515558498112|127.0435562545624606_37.5229986373450899|127.0431444223127073_37.5229457315852954
2026-09-04T09:00:31.559343+09:00,청담동 명품거리,청담동 명품거리,POI080,KEY_1,1220094400,도산대로58길,1220052402,청담동 77,127.0414610013850591_37.5234275992135338,1220052001,금구빌딩,127.0415897599450830_37.5227459992821579,77.0,24.0,서행,127.0415897599450830_37.5227459992821579|127.0414610013850591_37.5234275992135338
2026-09-04T09:00:31.559343+09:00,청담동 명품거리,청담동 명품거리,POI080,KEY_1,1220094500,도산대로58길,1220052004,금구빌딩,127.0414555227100522_37.5227299126895915,1220052403,청담동 77,127.0413269166477477_37.5234106937366789,76.0,18.5,서행,127.0413269166477477_37.5234106937366789|127.0414555227100522_37.5227299126895915
2026-09-04T09:00:31.559343+09:00,청담동 명품거리,청담동 명품거리,POI080,KEY_1,1220095300,선릉로152길,1220319500,청담동 139-1,127.0402782679631741_37.5241051716234963,1220052702,키네마극장,127.0394238001620124_37.5240025656407425,76.0,22.0,서행,127.0394238001620124_37.5240025656407425|127.0402782679631741_37.5241051716234963
2026-09-04T09:00:31.559343+09:00,청담동 명품거리,청담동 명품거리,POI080,KEY_1,1220095400,선릉로152길,1220319400,청담동 139-1,127.0402580301235815_37.5242120839654163,1220052401,청담동 77,127.0414412487968434_37.5235345793648207,176.0,17.5,서행,127.0414412487968434_37.5235345793648207|127.0413128808020531_37.5242458193041557|127.0412157654857310_37.5243077538981922|127.0411093794579500_37.5243143088269946|127.0402580301235815_37.5242120839654163
2026-09-04T09:00:31.559343+09:00,청담동 명품거리,청담동 명품거리,POI080,KEY_1,1220095900,도산대로81길,1220053204,송담빌딩,127.0481486203532597_37.5243983508696317,1220054703,청담동 119-8,127.0478075108107561_37.5250369358867317,77.0,8.0,정체,127.0478075108107561_37.5250369358867317|127.0481486203532597_37.5243983508696317
2026-09-04T09:00:31.559343+09:00,청담동 명품거리,청담동 명품거리,POI080,KEY_1,1220096000,도산대로81길,1220054702,청담동 139-19,127.0479462450272479_37.5250533970465483,1220053201,송담빌딩,127.0482865073313974_37.5244163956772354,77.0,16.0,서행,127.0482865073313974_37.5244163956772354|127.0479462450272479_37.5250533970465483
2026-09-04T09:00:31.559343+09:00,청담동 명품거리,청담동 명품거리,POI080,KEY_1,1220096600,압구정로79길,1220054703,청담동 119-8,127.0478075108107561_37.5250369358867317,1220054302,갤러리미,127.0470610783825549_37.5249488711662522,67.0,16.0,서행,127.0470610783825549_37.5249488711662522|127.0478075108107561_37.5250369358867317
2026-09-04T09:00:31.559343+09:00,청담동 명품거리,청담동 명품거리,POI080,KEY_1,1220096700,압구정로79길,1220054301,갤러리미,127.0470030647285284_37.5250513268144701,1220054704,청담동 118-22,127.0477536352439500_37.5251398799896023,67.0,16.0,서행,127.0477536352439500_37.5251398799896023|127.0470030647285284_37.5250513268144701
2026-09-04T09:00:31.559343+09:00,청담동 명품거리,청담동 명품거리,POI080,KEY_1,1220097400,압구정로79길,1220386200,청담동 139-20,127.0490025359680004_37.5251791459004878,1220054702,청담동 139-19,127.0479462450272479_37.5250533970465483,94.0,9.0,정체,127.0479462450272479_37.5250533970465483|127.0481650432785301_37.5250794452541570|127.0490025359680004_37.5251791459004878
2026-09-04T09:00:31.559343+09:00,청담동 명품거리,청담동 명품거리,POI080,KEY_1,1220097900,압구정로60길,1220206400,청담동 139-2,127.0420188424852199_37.5267405370192932,1220056303,압구정로데오역3번출구,127.0422397642238650_37.5273658980511087,72.0,9.0,정체,127.0422397642238650_37.5273658980511087|127.0420188424852199_37.5267405370192932
2026-09-04T09:00:31.559343+09:00,청담동 명품거리,청담동 명품거리,POI080,KEY_1,1220099600,도산대로81길,1220236300,청담동 139-12,127.0456724149564565_37.5272523241087086,1220057202,청담고등학교,127.0440869789984362_37.5276617362854026,147.0,7.0,정체,127.0440869789984362_37.5276617362854026|127.0455677470908142_37.5272771508824405|127.0456724149564565_37.5272523241087086
2026-09-04T09:00:31.559343+09:00,청담동 명품거리,청담동 명품거리,POI080,KEY_1,1220099700,도산대로81길,1220278300,청담동 117-11,127.0477493139133571_37.5254322932834725,1220054701,청담동 117-41,127.0478919747894366_37.5251562571136645,33.0,9.0,정체,127.0478919747894366_37.5251562571136645|127.0477493139133571_37.5254322932834725
2026-09-04T09:00:31.559343+09:00,청담동 명품거리,청담동 명품거리,POI080,KEY_1,1220100000,압구정로61길,1220057202,청담고등학교,127.0440869789984362_37.5276617362854026,1220056101,갤러리아주유소,127.0438418944384722_37.5270689653471052,69.0,18.0,서행,127.0438418944384722_37.5270689653471052|127.0440869789984362_37.5276617362854026
2026-09-04T09:00:31.559343+09:00,청담동 명품거리,청담동 명품거리,POI080,KEY_1,1220100100,압구정로61길,1220056104,갤러리아주유소,127.0437125335026849_37.5271017764067949,1220057203,청담고등학교,127.0439580323542685_37.5276955526107088,69.0,6.0,정체,127.0439580323542685_37.5276955526107088|127.0437125335026849_37.5271017764067949
2026-09-04T09:00:31.559343+09:00,청담동 명품거리,청담동 명품거리,POI080,KEY_1,1220102200,압구정로61길,1220059202,청담동146,127.0447847882395820_37.5295286080348589,1220057201,청담고등학교,127.0441233321837302_37.5277660190179034,204.0,18.0,서행,127.0441233321837302_37.5277660190179034|127.0441454282712925_37.5278450321291004|127.0447136572623634_37.5293809991963343|127.0447847882395820_37.5295286080348589
2026-09-04T09:00:31.559343+09:00,청담동 명품거리,청담동 명품거리,POI080,KEY_1,1220102300,압구정로61길,1220057204,청담고등학교,127.0439908212839555_37.5277895232034879,1220059203,청담동146,127.0446578851777844_37.5295670242574815,206.0,23.5,서행,127.0446578851777844_37.5295670242574815|127.0445849654173713_37.5294157030726865|127.0440139116746536_37.5278720932492433|127.0439908212839555_37.5277895232034879
2026-09-04T09:00:31.559343+09:00,청량리 제기동 일대 전통시장,청량리 제기동 일대 전통시장,POI081,KEY_2,1050000602,왕산로,1050126800,제기동 65,127.0362189659637409_37.5782333123089956,1050020304,롯데불로장생센터,127.0367530334879262_37.5782346903608229,47.0,16.0,서행,127.0367530334879262_37.5782346903608229|127.0365320150396542_37.5782347589657988|127.0363950854085573_37.5782343662634304|127.0362189659637409_37.5782333123089956
2026-09-04T09:00:31.559343+09:00,청량리 제기동 일대 전통시장,청량리 제기동 일대 전통시장,POI081,KEY_2,1050000603,왕산로,1050146300,경동시장교차로,127.0377568941338069_37.5782291365763186,1050020604,경동시장앞교차로,127.0382626475470005_37.5782304860527674,45.0,19.0,서행,127.0382626475470005_37.5782304860527674|127.0380992447732211_37.5782271168700461|127.0377568941338069_37.5782291365763186
2026-09-04T09:00:31.559343+09:00,청량리 제기동 일대 전통시장,청량리 제기동 일대 전통시장,POI081,KEY_2,1050000701,왕산로,1050020403,거창박물관,127.0363961067295975_37.5781262493958934,1050020202,제기동역앞교차로,127.0350186845859071_37.5781180002810231,122.0,15.0,서행,127.0350186845859071_37.5781180002810231|127.0362199874640794_37.5781251955479050|127.0363961067295975_37.5781262493958934
2026-09-04T09:00:31.559343+09:00,청량리 제기동 일대 전통시장,청량리 제기동 일대 전통시장,POI081,KEY_2,1050000702,왕산로,1050020603,경동시장앞교차로,127.0382559889091851_37.5781221935232352,1050020402,거창박물관,127.0365319622162446_37.5781266396877953,152.0,9.0,정체,127.0365319622162446_37.5781266396877953|127.0367529803449287_37.5781265710830752|127.0368879977427383_37.5781261359952481|127.0377558874124730_37.5781210203146117|127.0381005006231021_37.5781189872597778|127.0382559889091851_37.5781221935232352
2026-09-04T09:00:31.559343+09:00,청량리 제기동 일대 전통시장,청량리 제기동 일대 전통시장,POI081,KEY_2,1050000805,왕산로,1050078400,용두동 237-10,127.0328437287515158_37.5782055282031209,1050020204,제기동역앞교차로,127.0348721570958048_37.5782248982015759,179.0,28.0,원활,127.0348721570958048_37.5782248982015759|127.0342286216703940_37.5782181034275240|127.0340930330730203_37.5782167762136936|127.0333561954754202_37.5782101437556761|127.0328437287515158_37.5782055282031209
2026-09-04T09:00:31.559343+09:00,청량리 제기동 일대 전통시장,청량리 제기동 일대 전통시장,POI081,KEY_2,1050000903,왕산로,1050134300,용두동 237-10,127.0333577323084455_37.5781020315640149,1050019000,용두동 237-10,127.0310923042340221_37.5778729830476337,203.0,16.0,서행,127.0310923042340221_37.5778729830476337|127.0311897460573789_37.5778996024433667|127.0313725461128769_37.5779446496631593|127.0314865147686163_37.5779727357437210|127.0316987920672602_37.5780149121333054|127.0318449369934228_37.5780381337654461|127.0322289141872574_37.5780798528057787|127.0323768897642651_37.5780921361113442|127.0327721188330088_37.5780967572699751|127.0328452663248271_37.5780974162274575|127.0333577323084455_37.5781020315640149
2026-09-04T09:00:31.559343+09:00,청량리 제기동 일대 전통시장,청량리 제기동 일대 전통시장,POI081,KEY_2,1050000904,왕산로,1050020203,제기동역앞교차로,127.0348828212866437_37.5781168818358680,1050020102,제기동역(서울1호선),127.0342304242250435_37.5781099935200587,58.0,26.0,원활,127.0342304242250435_37.5781099935200587|127.0348828212866437_37.5781168818358680
2026-09-04T09:00:31.559343+09:00,청량리 제기동 일대 전통시장,청량리 제기동 일대 전통시장,POI081,KEY_2,1050001001,왕산로,1050058500,제기동 65,127.0401839283384646_37.5786651080944338,1050022504,우리은행청량리중앙지,127.0412171089013640_37.5789936056868541,98.0,8.0,정체,127.0412171089013640_37.5789936056868541|127.0401839283384646_37.5786651080944338
2026-09-04T09:00:31.559343+09:00,청량리 제기동 일대 전통시장,청량리 제기동 일대 전통시장,POI081,KEY_2,1050001002,왕산로,1050022501,우리은행청량리중앙지,127.0413432654145964_37.5790337160642736,1050022904,성바오로병원앞교차로,127.0424652197496442_37.5793904239257515,107.0,11.0,정체,127.0424652197496442_37.5793904239257515|127.0413432654145964_37.5790337160642736
2026-09-04T09:00:31.559343+09:00,청량리 제기동 일대 전통시장,청량리 제기동 일대 전통시장,POI081,KEY_2,1050001102,왕산로,1050106000,용두동 47-1,127.0389112712416306_37.5781951845056170,1050020602,경동시장앞교차로,127.0383924185722861_37.5781286412846640,46.0,21.0,서행,127.0383924185722861_37.5781286412846640|127.0385129351531077_37.5781383554420785|127.0387260227668236_37.5781649344333673|127.0389112712416306_37.5781951845056170
2026-09-04T09:00:31.559343+09:00,청량리 제기동 일대 전통시장,청량리 제기동 일대 전통시장,POI081,KEY_2,1050001201,왕산로,1050157100,청량리동 819,127.0443155962862960_37.5799691385054686,1050023304,청량리역교차로,127.0450836083853687_37.5802111516784834,73.0,6.0,정체,127.0450836083853687_37.5802111516784834|127.0449207607042013_37.5801564626971896|127.0443155962862960_37.5799691385054686
2026-09-04T09:00:31.559343+09:00,청량리 제기동 일대 전통시장,청량리 제기동 일대 전통시장,POI081,KEY_2,1050001300,왕산로,1050125800,전농동 620-67,127.0435716348771962_37.5796223090761288,1050022902,성바오로병원앞교차로,127.0426423168874948_37.5793300644201622,88.0,24.0,서행,127.0426423168874948_37.5793300644201622|127.0435716348771962_37.5796223090761288
2026-09-04T09:00:31.559343+09:00,청량리 제기동 일대 전통시장,청량리 제기동 일대 전통시장,POI081,KEY_2,1050001401,왕산로,1050023301,청량리역교차로,127.0452125325349328_37.5802545562535357,1050023700,청량리역,127.0459363049394881_37.5806812079750898,80.0,17.0,서행,127.0459363049394881_37.5806812079750898|127.0457255197295297_37.5805163728220961|127.0454714752361554_37.5803608251852310|127.0453261446361637_37.5802928641571015|127.0452125325349328_37.5802545562535357
2026-09-04T09:00:31.559343+09:00,청량리 제기동 일대 전통시장,청량리 제기동 일대 전통시장,POI081,KEY_2,1050001501,왕산로,1050034502,청량리역,127.0459964287098984_37.5805780358841730,1050023302,청량리역교차로,127.0452326500566897_37.5801439168176401,84.0,34.5,원활,127.0452326500566897_37.5801439168176401|127.0453873160173117_37.5801960676144873|127.0455476013765690_37.5802710217187794|127.0458149484949075_37.5804347135205106|127.0459964287098984_37.5805780358841730
2026-09-04T09:00:31.559343+09:00,청량리 제기동 일대 전통시장,청량리 제기동 일대 전통시장,POI081,KEY_2,1050001502,왕산로,1050048500,전농동 620-67,127.0464947999503522_37.5810643971102678,1050034501,청량리역,127.0460892333836540_37.5806594998506540,57.0,35.0,원활,127.0460892333836540_37.5806594998506540|127.0463540022838913_37.5809185817681310|127.0464947999503522_37.5810643971102678
2026-09-04T09:00:31.559343+09:00,청량리 제기동 일대 전통시장,청량리 제기동 일대 전통시장,POI081,KEY_2,1050010501,고산자로,1050105600,용두동 47-1,127.0382217953188473_37.5775822640354562,1050020603,경동시장앞교차로,127.0382559889091851_37.5781221935232352,60.0,14.0,정체,127.0382559889091851_37.5781221935232352|127.0382217953188473_37.5775822640354562
2026-09-04T09:00:31.559343+09:00,청량리 제기동 일대 전통시장,청량리 제기동 일대 전통시장,POI081,KEY_2,1050010900,답십리로,1050017604,전농동 673,127.0457576196628935_37.5768828489976059,1050022903,성바오로병원앞교차로,127.0425156165576084_37.5792900196769892,399.0,24.0,서행,127.0425156165576084_37.5792900196769892|127.0426056919961582_37.5791458580297046|127.0430899902156057_37.5785181606433483|127.0432300333997233_37.5783654927604331|127.0433326010899009_37.5782738231559179|127.0435590272505948_37.5781070243800386|127.0441283095776015_37.5777284584770896|127.0443449053242659_37.5776121265381136|127.0457576196628935_37.5768828489976059
2026-09-04T09:00:31.559343+09:00,청량리 제기동 일대 전통시장,청량리 제기동 일대 전통시장,POI081,KEY_2,1050011000,답십리로,1050022902,성바오로병원앞교차로,127.0426423168874948_37.5793300644201622,1050017601,전농동 588-176,127.0458409183235062_37.5769687193368966,392.0,10.0,정체,127.0458409183235062_37.5769687193368966|127.0444198690210698_37.5777022995842671|127.0442100713277256_37.5778149800870054|127.0436487758609871_37.5781882356696144|127.0434296937124969_37.5783496241472719|127.0433358702342588_37.5784334799077229|127.0432029140465886_37.5785784210990315|127.0427246324008195_37.5791983213650767|127.0426423168874948_37.5793300644201622
2026-09-04T09:00:31.559343+09:00,청량리 제기동 일대 전통시장,청량리 제기동 일대 전통시장,POI081,KEY_2,1050012300,정릉천동로,1050205500,최소노드배치점,127.0352557866026046_37.5805209542112593,1050024903,삼일교교차로,127.0358838975770226_37.5827936480942881,258.0,20.5,서행,127.0358838975770226_37.5827936480942881|127.0357438615155417_37.5822893839192602|127.0356813917577767_37.5820644305913447|127.0356167000519463_37.5818314745652486|127.0354643794722023_37.5812829594291102|127.0352557866026046_37.5805209542112593
2026-09-04T09:00:31.559343+09:00,청량리 제기동 일대 전통시장,청량리 제기동 일대 전통시장,POI081,KEY_2,1050012400,정릉천동로,1050161300,제기동 891-2,127.0353295952309054_37.5802826594421475,1050020201,제기동역앞교차로,127.0350088500129999_37.5782260634865750,231.0,17.5,서행,127.0350088500129999_37.5782260634865750|127.0349716319646660_37.5784669023516287|127.0349890060903988_37.5786412323471524|127.0351327525282130_37.5795110371786407|127.0352012851466128_37.5798139264052011|127.0353295952309054_37.5802826594421475
2026-09-04T09:00:31.559343+09:00,청량리 제기동 일대 전통시장,청량리 제기동 일대 전통시장,POI081,KEY_2,1050012500,고산자로,1050050200,제기동 856,127.0385240878603810_37.5824894518006971,1050003703,제기사거리,127.0385501171187173_37.5829003676783273,46.0,11.0,정체,127.0385501171187173_37.5829003676783273|127.0385240878603810_37.5824894518006971
2026-09-04T09:00:31.559343+09:00,청량리 제기동 일대 전통시장,청량리 제기동 일대 전통시장,POI081,KEY_2,1050012600,고산자로,1050101400,제기동 856,127.0384331056866500_37.5788111183911084,1050020601,경동시장앞교차로,127.0383990846547846_37.5782378507115453,64.0,20.5,서행,127.0383990846547846_37.5782378507115453|127.0384331056866500_37.5788111183911084
2026-09-04T09:00:31.559343+09:00,청량리 제기동 일대 전통시장,청량리 제기동 일대 전통시장,POI081,KEY_2,1050013102,홍릉로,1050090300,청량리동 819,127.0443578463446528_37.5826518145000961,1050003803,동대문경찰서앞교차로,127.0442216705502148_37.5830737817513381,48.0,13.0,정체,127.0442216705502148_37.5830737817513381|127.0443578463446528_37.5826518145000961
2026-09-04T09:00:31.559343+09:00,청량리 제기동 일대 전통시장,청량리 제기동 일대 전통시장,POI081,KEY_2,1050013201,홍릉로,1050023900,청량리역2번출구,127.0450753633898699_37.5808453639440785,1050023301,청량리역교차로,127.0452125325349328_37.5802545562535357,67.0,14.0,정체,127.0452125325349328_37.5802545562535357|127.0451539497365872_37.5805498205869384|127.0450753633898699_37.5808453639440785
2026-09-04T09:00:31.559343+09:00,청량리 제기동 일대 전통시장,청량리 제기동 일대 전통시장,POI081,KEY_2,1050013202,홍릉로,1050151800,청량리동 819,127.0449903248618995_37.5811265490759752,1050023900,청량리역2번출구,127.0450753633898699_37.5808453639440785,32.0,14.0,정체,127.0450753633898699_37.5808453639440785|127.0450486820941194_37.5809457078844105|127.0449903248618995_37.5811265490759752
2026-09-04T09:00:31.559343+09:00,청량리 제기동 일대 전통시장,청량리 제기동 일대 전통시장,POI081,KEY_2,1050013500,약령시로,1050048900,제기동 55-11,127.0350291400294651_37.5828772563283451,1050024904,삼일교교차로,127.0359134734853370_37.5829026882320463,78.0,18.0,서행,127.0359134734853370_37.5829026882320463|127.0350291400294651_37.5828772563283451
2026-09-04T09:00:31.559343+09:00,청량리 제기동 일대 전통시장,청량리 제기동 일대 전통시장,POI081,KEY_2,1050013701,약령시로,1050114900,제기동 888-1,127.0366790136575901_37.5829254133888497,1050025004,제기동주민센터,127.0372114253206632_37.5829412517639199,47.0,10.0,정체,127.0372114253206632_37.5829412517639199|127.0366790136575901_37.5829254133888497
2026-09-04T09:00:31.559343+09:00,청량리 제기동 일대 전통시장,청량리 제기동 일대 전통시장,POI081,KEY_2,1050013702,약령시로,1050108800,제기동 852-1,127.0380271771814904_37.5829817223960205,1050003704,제기사거리,127.0385512936609018_37.5830087754357365,46.0,17.0,서행,127.0385512936609018_37.5830087754357365|127.0380271771814904_37.5829817223960205
2026-09-04T09:00:31.559343+09:00,청량리 제기동 일대 전통시장,청량리 제기동 일대 전통시장,POI081,KEY_2,1050013801,약령시로,1050115000,제기동 888-1,127.0366840889514464_37.5828173691781373,1050024902,삼일교교차로,127.0360241678695701_37.5827977342635364,58.0,20.0,서행,127.0360241678695701_37.5827977342635364|127.0366840889514464_37.5828173691781373
2026-09-04T09:00:31.559343+09:00,청량리 제기동 일대 전통시장,청량리 제기동 일대 전통시장,POI081,KEY_2,1050013802,약령시로,1050108900,제기동 852-1,127.0380359706663143_37.5828738295813238,1050025002,제기동주민센터,127.0373532285007769_37.5828385857854954,60.0,25.0,원활,127.0373532285007769_37.5828385857854954|127.0380359706663143_37.5828738295813238
2026-09-04T09:00:31.559343+09:00,청량리 제기동 일대 전통시장,청량리 제기동 일대 전통시장,POI081,KEY_2,1050013901,약령시로,1050116700,제기동 856,127.0392148170582942_37.5830357530155155,1050025204,제기동 856,127.0404427896859261_37.5830841700302614,109.0,4.0,정체,127.0404427896859261_37.5830841700302614|127.0392148170582942_37.5830357530155155
2026-09-04T09:00:31.559343+09:00,청량리 제기동 일대 전통시장,청량리 제기동 일대 전통시장,POI081,KEY_2,1050013902,약령시로,1050098700,제기동 851,127.0435420817761809_37.5831645498471261,1050003804,동대문경찰서앞교차로,127.0441863415581878_37.5831810520431091,57.0,12.0,정체,127.0441863415581878_37.5831810520431091|127.0435420817761809_37.5831645498471261
2026-09-04T09:00:31.559343+09:00,청량리 제기동 일대 전통시장,청량리 제기동 일대 전통시장,POI081,KEY_2,1050014001,약령시로,1050116800,제기동 856,127.0392215406190388_37.5829277664627526,1050003702,제기사거리,127.0386865463234329_37.5829066687372162,47.0,20.0,서행,127.0386865463234329_37.5829066687372162|127.0392215406190388_37.5829277664627526
2026-09-04T09:00:31.559343+09:00,청량리 제기동 일대 전통시장,청량리 제기동 일대 전통시장,POI081,KEY_2,1050014002,약령시로,1050176000,제기동 851,127.0417333242454845_37.5830100259550690,1050025202,제기동 851,127.0405836866488585_37.5829805524707936,102.0,16.3,서행,127.0405836866488585_37.5829805524707936|127.0417333242454845_37.5830100259550690
2026-09-04T09:00:31.559343+09:00,청량리 제기동 일대 전통시장,청량리 제기동 일대 전통시장,POI081,KEY_2,1050014100,약령시로,1050113000,청량리동 341,127.0447216570387070_37.5831596059123498,1050003802,동대문경찰서앞교차로,127.0443568554020004_37.5830895270839775,33.0,17.5,서행,127.0443568554020004_37.5830895270839775|127.0447216570387070_37.5831596059123498
2026-09-04T09:00:31.559343+09:00,청량리 제기동 일대 전통시장,청량리 제기동 일대 전통시장,POI081,KEY_2,1050014800,정릉천동로,1050026302,제1제기교,127.0370689820156684_37.5865134563592207,1050024901,삼일교교차로,127.0360532926812027_37.5829067961363137,410.0,17.7,서행,127.0360532926812027_37.5829067961363137|127.0362840868141774_37.5837924163304962|127.0364223970758530_37.5843231402711382|127.0365653935191546_37.5848428358730189|127.0368585806838979_37.5859083501086104|127.0368601461181015_37.5859140391972204|127.0370123109445331_37.5863739268343124|127.0370689820156684_37.5865134563592207
2026-09-04T09:00:31.559343+09:00,청량리 제기동 일대 전통시장,청량리 제기동 일대 전통시장,POI081,KEY_2,1050015000,고산자로,1050142100,제기동 856,127.0386654248391096_37.5834463439167905,1050003701,제기사거리,127.0386869518905115_37.5830149361830195,48.0,12.7,정체,127.0386869518905115_37.5830149361830195|127.0386654248391096_37.5834463439167905
2026-09-04T09:00:31.559343+09:00,청량리 제기동 일대 전통시장,청량리 제기동 일대 전통시장,POI081,KEY_2,1050015200,홍릉로,1050043600,청량리동 819,127.0441470586146124_37.5837202265381336,1050003801,동대문경찰서앞교차로,127.0443225336728830_37.5831941589460072,60.0,10.0,정체,127.0443225336728830_37.5831941589460072|127.0441470586146124_37.5837202265381336
2026-09-04T09:00:31.559343+09:00,청량리 제기동 일대 전통시장,청량리 제기동 일대 전통시장,POI081,KEY_2,1050038801,왕산로26길,1050017509,롯데캐슬피렌체아파트,127.0363596099260519_37.5768867509562057,1050020403,거창박물관,127.0363961067295975_37.5781262493958934,138.0,9.0,정체,127.0363961067295975_37.5781262493958934|127.0363926283433500_37.5776676586342973|127.0363892401854429_37.5775808494227732|127.0363723353722065_37.5771477220653836|127.0363625354396362_37.5768966303587888|127.0363596099260519_37.5768867509562057
2026-09-04T09:00:31.559343+09:00,청량리 제기동 일대 전통시장,청량리 제기동 일대 전통시장,POI081,KEY_2,1050039400,정릉천동로,1050017505,용두동롯데캐슬피렌체,127.0349257620474077_37.5769109727254005,1050020203,제기동역앞교차로,127.0348828212866437_37.5781168818358680,134.0,11.0,정체,127.0348828212866437_37.5781168818358680|127.0349044161978327_37.5775104349118649|127.0349257620474077_37.5769109727254005
2026-09-04T09:00:31.559343+09:00,청량리 제기동 일대 전통시장,청량리 제기동 일대 전통시장,POI081,KEY_2,1050043000,왕산로40길,1050092800,전농동 620-67,127.0452389886980740_37.5796623142503634,1050023303,청량리역교차로,127.0451025223220682_37.5801001523242419,51.0,10.0,정체,127.0451025223220682_37.5801001523242419|127.0451306248033916_37.5799177490329157|127.0451915069077273_37.5797132983468032|127.0452389886980740_37.5796623142503634
2026-09-04T09:00:31.559343+09:00,청량리 제기동 일대 전통시장,청량리 제기동 일대 전통시장,POI081,KEY_2,1050043100,왕산로40길,1050023302,청량리역교차로,127.0452326500566897_37.5801439168176401,1050034502,청량리역,127.0459964287098984_37.5805780358841730,313.0,20.0,서행,127.0459964287098984_37.5805780358841730|127.0462134258658864_37.5804642171059839|127.0467519950169333_37.5801486599193879|127.0465904637121071_37.5799179657545039|127.0464096144275743_37.5797880929598165|127.0462896809750504_37.5796751734410890|127.0460360832012157_37.5793543331836020|127.0453706247479317_37.5797025411493024|127.0453481299126395_37.5797266950808577|127.0453172628219534_37.5797598387271634|127.0452645517941335_37.5799368537845808|127.0452326500566897_37.5801439168176401
2026-09-04T09:00:31.559343+09:00,청량리 제기동 일대 전통시장,청량리 제기동 일대 전통시장,POI081,KEY_2,1050043700,약령중앙로,1050136600,제기동 852-2,127.0371102410108080_37.5816901819596154,1050025003,제기동주민센터,127.0372164998460960_37.5828332075310030,127.0,13.0,정체,127.0372164998460960_37.5828332075310030|127.0371481924258319_37.5820984291408351|127.0371102410108080_37.5816901819596154
2026-09-04T09:00:31.559343+09:00,청량리 제기동 일대 전통시장,청량리 제기동 일대 전통시장,POI081,KEY_2,1050043800,약령중앙로,1050070200,제기동 852-2,127.0369355547791486_37.5787829052107085,1050020301,롯데불로장생센터,127.0368890032088984_37.5782342522715140,61.0,17.0,서행,127.0368890032088984_37.5782342522715140|127.0369001369950013_37.5784260066059730|127.0369355547791486_37.5787829052107085
2026-09-04T09:00:31.559343+09:00,청량리 제기동 일대 전통시장,청량리 제기동 일대 전통시장,POI081,KEY_2,1050043900,왕산로,1050023900,청량리역2번출구,127.0450753633898699_37.5808453639440785,1050023700,청량리역,127.0459363049394881_37.5806812079750898,89.0,13.0,정체,127.0459363049394881_37.5806812079750898|127.0457671019444490_37.5806231686130943|127.0455753907062331_37.5806137075688440|127.0454166401437845_37.5806233039696735|127.0452968380994321_37.5806448053648339|127.0452159765178664_37.5806686748574208|127.0451438136422837_37.5807199771276288|127.0450753633898699_37.5808453639440785
2026-09-04T09:00:31.559343+09:00,청량리 제기동 일대 전통시장,청량리 제기동 일대 전통시장,POI081,KEY_2,1050044000,경동시장로,1050022504,우리은행청량리중앙지,127.0412171089013640_37.5789936056868541,1050025203,제기동 856,127.0404479224436187_37.5829761201516064,453.0,4.0,정체,127.0404479224436187_37.5829761201516064|127.0405098512004685_37.5809077018177717|127.0405554658246388_37.5803867009460362|127.0405836228622434_37.5802621243739949|127.0412171089013640_37.5789936056868541
2026-09-04T09:00:31.559343+09:00,청량리 제기동 일대 전통시장,청량리 제기동 일대 전통시장,POI081,KEY_2,1050044100,경동시장로,1050025202,제기동 851,127.0405836866488585_37.5829805524707936,1050022501,우리은행청량리중앙지,127.0413432654145964_37.5790337160642736,449.0,8.0,정체,127.0413432654145964_37.5790337160642736|127.0407149128103441_37.5802919597220040|127.0406904784571651_37.5804000684794488|127.0406455938563397_37.5809127502758429|127.0405836866488585_37.5829805524707936
2026-09-04T09:00:31.559343+09:00,청량리 제기동 일대 전통시장,청량리 제기동 일대 전통시장,POI081,KEY_2,1050044600,경동시장로,1050025204,제기동 856,127.0404427896859261_37.5830841700302614,1050026603,홍파초등학교,127.0403012084238696_37.5866159039440646,392.0,20.5,서행,127.0403012084238696_37.5866159039440646|127.0403184677534369_37.5860259300612398|127.0403559575042465_37.5844098204635699|127.0404427896859261_37.5830841700302614
2026-09-04T09:00:31.559343+09:00,청량리 제기동 일대 전통시장,청량리 제기동 일대 전통시장,POI081,KEY_2,1050044700,경동시장로,1050026602,홍파초등학교,127.0404369915547704_37.5866199724589833,1050025201,제기동 851,127.0405785429013292_37.5830885957993956,392.0,18.0,서행,127.0405785429013292_37.5830885957993956|127.0404917522584469_37.5844136329136163|127.0404543019615033_37.5860281856233982|127.0404369915547704_37.5866199724589833
2026-09-04T09:00:31.559343+09:00,청량리 제기동 일대 전통시장,청량리 제기동 일대 전통시장,POI081,KEY_2,1050059900,내부순환도로,1050179100,최소노드배치점,127.0352570949029030_37.5825551594173248,1050012900,마장IC,127.0344965668106454_37.5761957617566935,712.0,75.3,원활,127.0344965668106454_37.5761957617566935|127.0344491702681466_37.5772966870719074|127.0344435741412923_37.5781192801891137|127.0344796246944128_37.5787124796680345|127.0345335200423591_37.5791540194540943|127.0346112952546775_37.5796808600876844|127.0346768953482268_37.5799603111151086|127.0350191756218408_37.5814101648819303|127.0352570949029030_37.5825551594173248
2026-09-04T09:00:31.559343+09:00,청량리 제기동 일대 전통시장,청량리 제기동 일대 전통시장,POI081,KEY_2,1050060101,-,1050036003,전농동127-389,127.0499263689543596_37.5814016936830058,1050037403,청량리역(수인분당선),127.0471606779858860_37.5811540252545413,288.0,18.5,서행,127.0471606779858860_37.5811540252545413|127.0473278168176137_37.5811400190891831|127.0473759430348792_37.5811413305516595|127.0475025711721884_37.5811542089216104|127.0475894915639117_37.5811782025109267|127.0476593937288925_37.5812072007199589|127.0480393625438609_37.5814661039841980|127.0482393918822481_37.5816319286635903|127.0485065989905564_37.5818092770515761|127.0485744130471630_37.5818326335519615|127.0486386899868592_37.5818554130329190|127.0487404980783452_37.5818760821781552|127.0488105330437207_37.5818831098210921|127.0488792111226104_37.5818805559182678|127.0489854936958380_37.5818634984007289|127.0490791331249198_37.5818300560716310|127.0491537006067517_37.5817897803673446|127.0499263689543596_37.5814016936830058
2026-09-04T09:00:31.559343+09:00,청량리 제기동 일대 전통시장,청량리 제기동 일대 전통시장,POI081,KEY_2,1050060201,-,1050037402,청량리역(수인분당선),127.0471671635029765_37.5812520714926137,1050036004,전농동127-389,127.0499983666957178_37.5814941008551173,293.0,14.0,정체,127.0499983666957178_37.5814941008551173|127.0491763974471553_37.5818997182524726|127.0491004748329402_37.5819298484461868|127.0490430204891226_37.5819493464040448|127.0489579426685083_37.5819715551703055|127.0488771840946782_37.5819819500620511|127.0488163090418112_37.5819817166671228|127.0487193550828380_37.5819779662423628|127.0486366391591844_37.5819607499304880|127.0485426382687422_37.5819367302948706|127.0484388505621496_37.5818923926919268|127.0481321778835451_37.5816861626856848|127.0479159156196118_37.5815123886431479|127.0475457612450043_37.5812692961718327|127.0474814676848894_37.5812493335069817|127.0474086008562153_37.5812422935980166|127.0473427885541184_37.5812392241968638|127.0472500176778254_37.5812461927108643|127.0471671635029765_37.5812520714926137
2026-09-04T09:00:31.559343+09:00,해방촌·경리단길,해방촌·경리단길,POI082,KEY_3,1020011903,녹사평대로,1020026002,이태원지하차도,126.9868116742945574_37.5363328242444823,1020028303,재정관리단앞교차로,126.9867451943054704_37.5383435465004709,224.0,46.0,원활,126.9867451943054704_37.5383435465004709|126.9866790861609331_37.5379776086191654|126.9866715093699838_37.5377196225374448|126.9866809795197611_37.5374744033153647|126.9866829093340925_37.5374244326751736|126.9867579204266832_37.5367885280276852|126.9868116742945574_37.5363328242444823
2026-09-04T09:00:31.559343+09:00,해방촌·경리단길,해방촌·경리단길,POI082,KEY_3,1020015000,회나무로,1020099800,이태원동 304-4,126.9886622424707525_37.5388582477845034,1020028302,재정관리단앞교차로,126.9868728727705331_37.5382909807264369,172.0,23.7,서행,126.9868728727705331_37.5382909807264369|126.9870379365778064_37.5382894090684971|126.9872177584471302_37.5383221593059204|126.9876117945158995_37.5384384195195295|126.9881427963085230_37.5386249180070450|126.9885780415344669_37.5388089154147053|126.9886622424707525_37.5388582477845034
2026-09-04T09:00:31.559343+09:00,해방촌·경리단길,해방촌·경리단길,POI082,KEY_3,1020015702,녹사평대로,1020028304,재정관리단앞교차로,126.9868014972725092_37.5386413609384206,1020029801,남산2호터널지하차도(남측),126.9880584405187562_37.5419881693523365,388.0,22.3,서행,126.9880584405187562_37.5419881693523365|126.9877986497125733_37.5413125110144321|126.9875498051758598_37.5406653094598894|126.9873701670335180_37.5402197026677626|126.9873034215915197_37.5400541338267928|126.9870673703858444_37.5394685786494975|126.9869350653526254_37.5391403748739023|126.9869241553577126_37.5391133107524411|126.9868014972725092_37.5386413609384206
2026-09-04T09:00:31.559343+09:00,해방촌·경리단길,해방촌·경리단길,POI082,KEY_3,1020015801,녹사평대로,1020065200,이태원동 685,126.9870643464237645_37.5391073289917188,1020028301,재정관리단앞교차로,126.9868922851884747_37.5383989232431858,80.0,48.0,원활,126.9868922851884747_37.5383989232431858|126.9869259230508476_37.5385866123729457|126.9870556490550086_37.5390857537338931|126.9870643464237645_37.5391073289917188
2026-09-04T09:00:31.559343+09:00,해방촌·경리단길,해방촌·경리단길,POI082,KEY_3,1020016901,신흥로,1020191300,용산동2가 18-2,126.9860049971300100_37.5454163852097054,1020032202,해방촌오거리,126.9853598311598830_37.5457921931329466,71.0,19.0,서행,126.9853598311598830_37.5457921931329466|126.9855691282656949_37.5457147141711900|126.9856022324781719_37.5456920562460326|126.9860049971300100_37.5454163852097054
2026-09-04T09:00:31.559343+09:00,해방촌·경리단길,해방촌·경리단길,POI082,KEY_3,1020016902,소월로20길,1020032204,해방촌오거리,126.9852831271626599_37.5459398212019693,1020032504,용산2가동주민센터앞교차로,126.9851223484754286_37.5465573437204512,71.0,14.0,정체,126.9851223484754286_37.5465573437204512|126.9851464015547862_37.5464616656656602|126.9852404969048507_37.5463259230407260|126.9852837713250295_37.5459635844615391|126.9852831271626599_37.5459398212019693
2026-09-04T09:00:31.559343+09:00,해방촌·경리단길,해방촌·경리단길,POI082,KEY_3,1020017002,신흥로,1020046800,용산동2가 45-16,126.9875544530639218_37.5424716848103230,1020028304,재정관리단앞교차로,126.9868014972725092_37.5386413609384206,440.0,21.0,서행,126.9868014972725092_37.5386413609384206|126.9867113647514145_37.5389657094815306|126.9866271706916052_37.5393079157990144|126.9865735456826030_37.5395258726953713|126.9865618560741041_37.5396150055004227|126.9865756752825234_37.5397207952903855|126.9866726034883584_37.5400718647083238|126.9868966945001745_37.5405598127963955|126.9869836970594150_37.5408346985654759|126.9872201539195231_37.5413974276192022|126.9872239610144504_37.5414096617493271|126.9873176908194239_37.5417108619235762|126.9874712155967700_37.5422042074613316|126.9875544530639218_37.5424716848103230
2026-09-04T09:00:31.559343+09:00,해방촌·경리단길,해방촌·경리단길,POI082,KEY_3,1020017003,소월로20길,1020032503,용산2가동주민센터앞교차로,126.9852924555416394_37.5464747175834503,1020032201,해방촌오거리,126.9854176004788400_37.5458900415257588,67.0,10.0,정체,126.9854176004788400_37.5458900415257588|126.9854197016928907_37.5459675495017891|126.9853730083114414_37.5463585106443389|126.9852924555416394_37.5464747175834503
2026-09-04T09:00:31.559343+09:00,해방촌·경리단길,해방촌·경리단길,POI082,KEY_3,1020017601,녹사평대로58길,1020030902,주공이태원아파트,126.9890205413680206_37.5433967778131361,1020038300,이태원주공아파트105동,126.9885630019689273_37.5429566236067345,63.0,45.3,원활,126.9885630019689273_37.5429566236067345|126.9890205413680206_37.5433967778131361
2026-09-04T09:00:31.559343+09:00,해방촌·경리단길,해방촌·경리단길,POI082,KEY_3,1020018400,신흥로,1020180700,용산동2가 1-1600,126.9824734614724235_37.5446883683947803,1020032203,해방촌오거리,126.9852246416165826_37.5458422381929395,305.0,13.5,정체,126.9852246416165826_37.5458422381929395|126.9851109695849374_37.5457644329875748|126.9849640542287830_37.5456474178329813|126.9848578594547632_37.5455243854437128|126.9846662180806760_37.5451642034092785|126.9846095453935959_37.5450974743415458|126.9844754338979413_37.5450337903787315|126.9841448941342605_37.5449677149289158|126.9834261944490663_37.5447995195147044|126.9833705983433845_37.5447980836145234|126.9832401625668012_37.5448257591879653|126.9829850632019799_37.5449045988834627|126.9828958861069026_37.5449045860000936|126.9827806661271694_37.5448786916551640|126.9824734614724235_37.5446883683947803
2026-09-04T09:00:31.559343+09:00,해방촌·경리단길,해방촌·경리단길,POI082,KEY_3,1020019100,소월로,1020197900,용산동2가 48-5,126.9873684771307438_37.5459531342061368,1020032503,용산2가동주민센터앞교차로,126.9852924555416394_37.5464747175834503,193.0,44.5,원활,126.9852924555416394_37.5464747175834503|126.9854160959703222_37.5464172539021490|126.9856026132817277_37.5463430281642374|126.9859444255285581_37.5462580240463808|126.9873565735092455_37.5459537252957105|126.9873684771307438_37.5459531342061368
2026-09-04T09:00:31.559343+09:00,해방촌·경리단길,해방촌·경리단길,POI082,KEY_3,1020020600,소월로,1020202300,최소노드배치점,126.9837884104005923_37.5493862278245416,1020032501,용산2가동주민센터앞교차로,126.9852054592412998_37.5466428470561624,347.0,36.0,원활,126.9852054592412998_37.5466428470561624|126.9847717560129610_37.5469101027995720|126.9845864439278529_37.5470281015069958|126.9845268187721672_37.5471032424247397|126.9844952209674034_37.5472121780575918|126.9844980284595692_37.5480374474067204|126.9844853903748287_37.5481855176849422|126.9844160179153931_37.5483837291718459|126.9842770429615655_37.5486147709639155|126.9839523254951814_37.5490296975246878|126.9837884104005923_37.5493862278245416
2026-09-04T09:00:31.559343+09:00,해방촌·경리단길,해방촌·경리단길,POI082,KEY_3,1020021101,녹사평대로,1020029801,남산2호터널지하차도(남측),126.9880584405187562_37.5419881693523365,1020030702,남산3호터널(남측),126.9884022250705016_37.5441768004450580,248.0,54.0,원활,126.9884022250705016_37.5441768004450580|126.9884707342777546_37.5437822058713024|126.9884891708638435_37.5434134105737201|126.9884317961847557_37.5429844688311434|126.9883423732940742_37.5427173217743189|126.9881927118278497_37.5423329861134789|126.9880584405187562_37.5419881693523365
2026-09-04T09:00:31.559343+09:00,해방촌·경리단길,해방촌·경리단길,POI082,KEY_3,1020021201,녹사평대로,1020030701,남산3호터널(남측),126.9885345116869644_37.5441997782690322,1020038300,이태원주공아파트105동,126.9885630019689273_37.5429566236067345,139.0,53.3,원활,126.9885630019689273_37.5429566236067345|126.9886252484286189_37.5434097368701032|126.9886061462605227_37.5437918660155177|126.9885345116869644_37.5441997782690322
2026-09-04T09:00:31.559343+09:00,해방촌·경리단길,해방촌·경리단길,POI082,KEY_3,1020047100,녹사평대로,1020029801,남산2호터널지하차도(남측),126.9880584405187562_37.5419881693523365,1020031300,남산2호터널지하차도(북측),126.9893791606359770_37.5439513185613407,253.0,48.3,원활,126.9893791606359770_37.5439513185613407|126.9883602227382369_37.5429687555737317|126.9882771228937486_37.5427322935318131|126.9880584405187562_37.5419881693523365
2026-09-04T09:00:31.559343+09:00,DDP(동대문디자인플라자),DDP(동대문디자인플라자),POI083,KEY_4,1010010601,마른내로,1010134000,광희동1가 235-6,127.0062746188617808_37.5646055130078267,1010023000,광희동1가169-1,127.0066022342274863_37.5645458036535800,30.0,14.0,정체,127.0066022342274863_37.5645458036535800|127.0063686118675577_37.5645902274929711|127.0062746188617808_37.5646055130078267
2026-09-04T09:00:31.559343+09:00,DDP(동대문디자인플라자),DDP(동대문디자인플라자),POI083,KEY_4,1010011501,을지로,1010025400,한양공고앞,127.0104615863536850_37.5651414229202487,1010025702,동대문역사문화공원역앞교차로,127.0098092568797057_37.5653495503264523,62.0,29.0,원활,127.0098092568797057_37.5653495503264523|127.0104018007762932_37.5651601202690344|127.0104615863536850_37.5651414229202487
2026-09-04T09:00:31.559343+09:00,DDP(동대문디자인플라자),DDP(동대문디자인플라자),POI083,KEY_4,1010011602,을지로,1010025701,동대문역사문화공원역앞교차로,127.0098839022084150_37.5654422003783637,1010024401,한양공고앞,127.0114159293672458_37.5649391116953026,146.0,13.0,정체,127.0114159293672458_37.5649391116953026|127.0111804215872553_37.5650327842942460|127.0105112526830311_37.5652420552738704|127.0104519446709617_37.5652606030398672|127.0098839022084150_37.5654422003783637
2026-09-04T09:00:31.559343+09:00,DDP(동대문디자인플라자),DDP(동대문디자인플라자),POI083,KEY_4,1010011901,장충단로,1010022104,광희동사거리,127.0071286778296695_37.5642723681278099,1010024100,광희동2가9,127.0072910181171153_37.5647498099421497,55.0,12.0,정체,127.0072910181171153_37.5647498099421497|127.0072564348693760_37.5646568662029168|127.0071286778296695_37.5642723681278099
2026-09-04T09:00:31.559343+09:00,DDP(동대문디자인플라자),DDP(동대문디자인플라자),POI083,KEY_4,1010011902,장충단로,1010024100,광희동2가9,127.0072910181171153_37.5647498099421497,1010025603,동대문역사문화공원,127.0075096102102208_37.5653372838946922,68.0,25.0,원활,127.0075096102102208_37.5653372838946922|127.0072910181171153_37.5647498099421497
2026-09-04T09:00:31.559343+09:00,DDP(동대문디자인플라자),DDP(동대문디자인플라자),POI083,KEY_4,1010011904,장충단로,1010026800,동대문역사문화공원,127.0076027310937263_37.5655895835695972,1010027503,동대문역사문화공원앞교차로,127.0077423203471056_37.5659686340729024,44.0,12.0,정체,127.0077423203471056_37.5659686340729024|127.0076027310937263_37.5655895835695972
2026-09-04T09:00:31.559343+09:00,DDP(동대문디자인플라자),DDP(동대문디자인플라자),POI083,KEY_4,1010012001,장충단로,1010023800,광희동2가9,127.0074212496598989_37.5647191039854818,1010022101,광희동사거리,127.0072731356478073_37.5642842960486263,50.0,14.0,정체,127.0072731356478073_37.5642842960486263|127.0073872334830867_37.5646276838331019|127.0074212496598989_37.5647191039854818
2026-09-04T09:00:31.559343+09:00,DDP(동대문디자인플라자),DDP(동대문디자인플라자),POI083,KEY_4,1010012002,장충단로,1010025602,동대문역사문화공원,127.0076398432787244_37.5653065784687641,1010023800,광희동2가9,127.0074212496598989_37.5647191039854818,68.0,19.0,서행,127.0074212496598989_37.5647191039854818|127.0076398432787244_37.5653065784687641
2026-09-04T09:00:31.559343+09:00,DDP(동대문디자인플라자),DDP(동대문디자인플라자),POI083,KEY_4,1010012004,장충단로,1010027502,동대문역사문화공원앞교차로,127.0078734506891323_37.5659403597718651,1010026500,동대문역사문화공원,127.0077330726616651_37.5655591691889441,44.0,14.0,정체,127.0077330726616651_37.5655591691889441|127.0078734506891323_37.5659403597718651
2026-09-04T09:00:31.559343+09:00,DDP(동대문디자인플라자),DDP(동대문디자인플라자),POI083,KEY_4,1010013301,을지로,1010026900,동대문역사문화공원,127.0084142117340065_37.5657933815894935,1010027502,동대문역사문화공원앞교차로,127.0078734506891323_37.5659403597718651,51.0,13.0,정체,127.0078734506891323_37.5659403597718651|127.0080862909446040_37.5658896606162571|127.0084142117340065_37.5657933815894935
2026-09-04T09:00:31.559343+09:00,DDP(동대문디자인플라자),DDP(동대문디자인플라자),POI083,KEY_4,1010013302,을지로,1010080900,을지로7가 112-3,127.0088653110683481_37.5656507823329591,1010026900,동대문역사문화공원,127.0084142117340065_37.5657933815894935,43.0,27.0,원활,127.0084142117340065_37.5657933815894935|127.0084667296888910_37.5657779617922074|127.0088653110683481_37.5656507823329591
2026-09-04T09:00:31.559343+09:00,DDP(동대문디자인플라자),DDP(동대문디자인플라자),POI083,KEY_4,1010013401,을지로,1010027501,동대문역사문화공원앞교차로,127.0079126423696891_37.5660438810911330,1010025704,동대문역사문화공원역앞교차로,127.0097555715754112_37.5654831945412937,174.0,10.0,정체,127.0097555715754112_37.5654831945412937|127.0096128053100841_37.5655287500039421|127.0089158485056231_37.5657511395251831|127.0085155097829670_37.5658788797530079|127.0084612158882180_37.5658948204746821|127.0081293049191800_37.5659922730020028|127.0079126423696891_37.5660438810911330
2026-09-04T09:00:31.559343+09:00,DDP(동대문디자인플라자),DDP(동대문디자인플라자),POI083,KEY_4,1010014502,을지로45길,1010025704,동대문역사문화공원역앞교차로,127.0097555715754112_37.5654831945412937,1010031203,신당동 251-159,127.0125199832589118_37.5670528209413206,317.0,24.0,서행,127.0125199832589118_37.5670528209413206|127.0124748534802706_37.5669451006742108|127.0123969525654672_37.5668174774060688|127.0123025116707964_37.5666983314770420|127.0121971172845576_37.5665907571920030|127.0120637838956981_37.5664864490764074|127.0119132422724846_37.5664083993704807|127.0117389300272777_37.5663307203448511|127.0115558621243821_37.5662698698201609|127.0113306725807121_37.5662120107637136|127.0106272887382772_37.5660711531911673|127.0104211268278505_37.5660237206134866|127.0102552544842212_37.5659567055388024|127.0101066121111302_37.5658730843004420|127.0099898103265588_37.5657739315167234|127.0097555715754112_37.5654831945412937
2026-09-04T09:00:31.559343+09:00,DDP(동대문디자인플라자),DDP(동대문디자인플라자),POI083,KEY_4,1010014503,을지로45길,1010031204,신당동 251-159,127.0125599243742585_37.5672394044600324,1010031813,운동장평화시장,127.0124984243057042_37.5678383411287697,68.0,12.0,정체,127.0124984243057042_37.5678383411287697|127.0125278070149193_37.5678140109252396|127.0125545329192533_37.5677608060890265|127.0125807604174355_37.5676720254815848|127.0125874088479208_37.5675818531156409|127.0125803643056344_37.5674031656770779|127.0125599243742585_37.5672394044600324
2026-09-04T09:00:31.559343+09:00,DDP(동대문디자인플라자),DDP(동대문디자인플라자),POI083,KEY_4,1010014602,을지로45길,1010031202,신당동 251-159,127.0126037267031904_37.5669109428648440,1010025701,동대문역사문화공원역앞교차로,127.0098839022084150_37.5654422003783637,305.0,33.0,원활,127.0098839022084150_37.5654422003783637|127.0100974157430329_37.5657072126138019|127.0101962625768266_37.5657911237929127|127.0103255593623715_37.5658638616798513|127.0104711638876438_37.5659226884021962|127.0106627259196870_37.5659667614976271|127.0113681429240273_37.5661080259160514|127.0116029740556911_37.5661683625948655|127.0117984706255356_37.5662333437737743|127.0119835625390436_37.5663158266306780|127.0121493010753682_37.5664017556969796|127.0122987151525393_37.5665186435508005|127.0124137776696784_37.5666360853386863|127.0125158379894970_37.5667648439987900|127.0126009014704351_37.5669041991938073|127.0126037267031904_37.5669109428648440
2026-09-04T09:00:31.559343+09:00,DDP(동대문디자인플라자),DDP(동대문디자인플라자),POI083,KEY_4,1010014603,을지로45길,1010031812,운동장평화시장,127.0126485643679786_37.5678648322467907,1010031201,신당동 199-6,127.0126632942662184_37.5670642770788277,90.0,18.0,서행,127.0126632942662184_37.5670642770788277|127.0126915510936527_37.5672094829220882|127.0127159720722574_37.5673958521818534|127.0127233647992000_37.5675833278878599|127.0127156707868608_37.5676876829484456|127.0126844296511024_37.5677934334783714|127.0126485643679786_37.5678648322467907
2026-09-04T09:00:31.559343+09:00,DDP(동대문디자인플라자),DDP(동대문디자인플라자),POI083,KEY_4,1010014905,을지로,1010027503,동대문역사문화공원앞교차로,127.0077423203471056_37.5659686340729024,1010027300,동대문역사문화공원,127.0072093223593868_37.5660721727252351,48.0,10.0,정체,127.0072093223593868_37.5660721727252351|127.0077423203471056_37.5659686340729024
2026-09-04T09:00:31.559343+09:00,DDP(동대문디자인플라자),DDP(동대문디자인플라자),POI083,KEY_4,1010015005,을지로,1010028100,동대문역사문화공원,127.0072415247333453_37.5661772097702809,1010027504,동대문역사문화공원앞교차로,127.0077815127893501_37.5660723132225556,49.0,27.0,원활,127.0077815127893501_37.5660723132225556|127.0072415247333453_37.5661772097702809
2026-09-04T09:00:31.559343+09:00,DDP(동대문디자인플라자),DDP(동대문디자인플라자),POI083,KEY_4,1010017301,장충단로,1010027504,동대문역사문화공원앞교차로,127.0077815127893501_37.5660723132225556,1010028800,동대문역사문화공원,127.0080565712496110_37.5666288866091591,67.0,4.0,정체,127.0080565712496110_37.5666288866091591|127.0079624699871488_37.5664856769850175|127.0078715207442457_37.5663037548790442|127.0077815127893501_37.5660723132225556
2026-09-04T09:00:31.559343+09:00,DDP(동대문디자인플라자),DDP(동대문디자인플라자),POI083,KEY_4,1010017302,장충단로,1010143800,을지로6가 18-11,127.0082819372846643_37.5669476563761933,1010031703,을지로6가 18-11,127.0088451603658086_37.5677293203079117,100.0,18.0,서행,127.0088451603658086_37.5677293203079117|127.0082819372846643_37.5669476563761933
2026-09-04T09:00:31.559343+09:00,DDP(동대문디자인플라자),DDP(동대문디자인플라자),POI083,KEY_4,1010017303,장충단로,1010151400,을지로6가 18-11,127.0092239635291378_37.5682916548078154,1010033603,흥인시장,127.0095744381944343_37.5688379054322823,68.0,30.0,원활,127.0095744381944343_37.5688379054322823|127.0095441539168775_37.5687836818919578|127.0094685009096480_37.5686576314897209|127.0092239635291378_37.5682916548078154
2026-09-04T09:00:31.559343+09:00,DDP(동대문디자인플라자),DDP(동대문디자인플라자),POI083,KEY_4,1010017401,장충단로,1010031702,을지로6가 18-198,127.0089629856017694_37.5676755281945915,1010027501,동대문역사문화공원앞교차로,127.0079126423696891_37.5660438810911330,204.0,28.0,원활,127.0079126423696891_37.5660438810911330|127.0079996952631092_37.5662677235432056|127.0080860788338697_37.5664405124682617|127.0081769300446410_37.5665787757523901|127.0082204295207475_37.5666449752098757|127.0083997623679863_37.5668938645087991|127.0089629856017694_37.5676755281945915
2026-09-04T09:00:31.559343+09:00,DDP(동대문디자인플라자),DDP(동대문디자인플라자),POI083,KEY_4,1010017402,장충단로,1010033602,흥인시장,127.0096784540469628_37.5687579872561841,1010031701,을지로6가 18-11,127.0090328345347217_37.5677753546081874,123.0,18.0,서행,127.0090328345347217_37.5677753546081874|127.0093438877200214_37.5682408851308693|127.0095898005743607_37.5686089201824345|127.0096675199618375_37.5687384094390211|127.0096784540469628_37.5687579872561841
2026-09-04T09:00:31.559343+09:00,DDP(동대문디자인플라자),DDP(동대문디자인플라자),POI083,KEY_4,1010017405,장충단로,1010034701,청계6가사거리,127.0098099727011487_37.5696292980751281,1010033601,흥인시장,127.0097254442646317_37.5688636970958783,86.0,12.0,정체,127.0097254442646317_37.5688636970958783|127.0097710903643389_37.5690379675287076|127.0098052651739948_37.5692398786983972|127.0098225114876840_37.5694298296446618|127.0098099727011487_37.5696292980751281
2026-09-04T09:00:31.559343+09:00,DDP(동대문디자인플라자),DDP(동대문디자인플라자),POI083,KEY_4,1010017900,마장로,1010031811,운동장평화시장,127.0125602184103286_37.5679573189645097,1010032004,흥인사거리,127.0159347353495747_37.5680686203623893,300.0,21.0,서행,127.0159347353495747_37.5680686203623893|127.0156884666647272_37.5680616007632224|127.0144660810207995_37.5680903184376831|127.0138825710250785_37.5680999453562308|127.0137456855287041_37.5680989709988395|127.0136150764297582_37.5680980411691650|127.0132103478226497_37.5680672217406553|127.0129104055784666_37.5680323170113368|127.0127590991973818_37.5680014116303767|127.0127288182885081_37.5679952265176880|127.0125602184103286_37.5679573189645097
2026-09-04T09:00:31.559343+09:00,DDP(동대문디자인플라자),DDP(동대문디자인플라자),POI083,KEY_4,1010018000,마장로,1010140800,신당동 208-5,127.0127928615110591_37.5678966848153522,1010031812,운동장평화시장,127.0126485643679786_37.5678648322467907,13.0,12.0,정체,127.0126485643679786_37.5678648322467907|127.0127641662878943_37.5678908234252873|127.0127928615110591_37.5678966848153522
2026-09-04T09:00:31.559343+09:00,DDP(동대문디자인플라자),DDP(동대문디자인플라자),POI083,KEY_4,1010018701,마장로,1010152800,신당동 204-97,127.0117072992637475_37.5679805134442333,1010031814,운동장평화시장,127.0124154726912309_37.5679435535466197,63.0,31.0,원활,127.0124154726912309_37.5679435535466197|127.0122590074739151_37.5679378566801887|127.0120605595701875_37.5679355192139823|127.0119126210582579_37.5679377984365175|127.0117849221734048_37.5679599090739913|127.0117072992637475_37.5679805134442333
2026-09-04T09:00:31.559343+09:00,DDP(동대문디자인플라자),DDP(동대문디자인플라자),POI083,KEY_4,1010018702,마장로,1010033601,흥인시장,127.0097254442646317_37.5688636970958783,1010031806,신당동 220-37,127.0108933564805653_37.5683374957941965,119.0,23.0,서행,127.0108933564805653_37.5683374957941965|127.0103128324394817_37.5685983229940632|127.0098862405464928_37.5687745410715479|127.0097254442646317_37.5688636970958783
2026-09-04T09:00:31.559343+09:00,DDP(동대문디자인플라자),DDP(동대문디자인플라자),POI083,KEY_4,1010018801,마장로,1010031805,신당동 222-3,127.0108265877144618_37.5682433405487259,1010033602,흥인시장,127.0096784540469628_37.5687579872561841,117.0,11.0,정체,127.0096784540469628_37.5687579872561841|127.0098158423830341_37.5686818101705882|127.0102481441824267_37.5685032330426054|127.0108265877144618_37.5682433405487259
2026-09-04T09:00:31.559343+09:00,DDP(동대문디자인플라자),DDP(동대문디자인플라자),POI083,KEY_4,1010018802,마장로,1010031813,운동장평화시장,127.0124984243057042_37.5678383411287697,1010031804,신당동 204-25,127.0109614857434366_37.5681827306582221,145.0,12.0,정체,127.0109614857434366_37.5681827306582221|127.0116044562520585_37.5678938389136974|127.0116643298441801_37.5678779462685810|127.0117488970436739_37.5678554989719800|127.0118967207613707_37.5678299039982804|127.0120602489677566_37.5678273844402426|127.0122631167441938_37.5678297737057392|127.0124984243057042_37.5678383411287697
2026-09-04T09:00:31.559343+09:00,DDP(동대문디자인플라자),DDP(동대문디자인플라자),POI083,KEY_4,1010018902,마장로1길,1010031814,운동장평화시장,127.0124154726912309_37.5679435535466197,1010031809,신당동222-8,127.0122750629742399_37.5683759183048167,50.0,5.0,정체,127.0122750629742399_37.5683759183048167|127.0123180657187021_37.5681383238811932|127.0123497877902849_37.5680414779446536|127.0124154726912309_37.5679435535466197
2026-09-04T09:00:31.559343+09:00,DDP(동대문디자인플라자),DDP(동대문디자인플라자),POI083,KEY_4,1010019001,마장로1길,1010031808,신당동222-8,127.0124095059075984_37.5683913354501371,1010031811,운동장평화시장,127.0125602184103286_37.5679573189645097,51.0,11.0,정체,127.0125602184103286_37.5679573189645097|127.0124771732185138_37.5680811245796917|127.0124514225665706_37.5681597391732680|127.0124095059075984_37.5683913354501371
2026-09-04T09:00:31.559343+09:00,DDP(동대문디자인플라자),DDP(동대문디자인플라자),POI083,KEY_4,1010037500,퇴계로,1010022000,광희동1가202-5,127.0064842473273927_37.5641466003637774,1010022800,동대문역사문화공원역(서울5호선),127.0065706763448077_37.5644406429326594,48.0,10.0,정체,127.0065706763448077_37.5644406429326594|127.0066811536361087_37.5643775516764293|127.0066907310278452_37.5643088952173088|127.0066691623191701_37.5642345191936187|127.0066041857510015_37.5641759869182650|127.0064842473273927_37.5641466003637774
2026-09-04T09:00:31.559343+09:00,DDP(동대문디자인플라자),DDP(동대문디자인플라자),POI083,KEY_4,1010038000,장충단로,1010023800,광희동2가9,127.0074212496598989_37.5647191039854818,1010022600,동대문역사문화공원역(서울4호선),127.0077454141687099_37.5643181758701132,63.0,14.0,정체,127.0077454141687099_37.5643181758701132|127.0075819683701184_37.5643336340610148|127.0075100991725066_37.5643889445091830|127.0074478177686927_37.5644766757582289|127.0073975133061595_37.5645491496537787|127.0074212496598989_37.5647191039854818
2026-09-04T09:00:31.559343+09:00,DDP(동대문디자인플라자),DDP(동대문디자인플라자),POI083,KEY_4,1010038700,마른내로,1010023000,광희동1가169-1,127.0066022342274863_37.5645458036535800,1010024100,광희동2가9,127.0072910181171153_37.5647498099421497,71.0,23.0,서행,127.0072910181171153_37.5647498099421497|127.0070884576186359_37.5645796826538856|127.0069375173959259_37.5645243848659760|127.0068231515665786_37.5645069004905352|127.0066022342274863_37.5645458036535800
2026-09-04T09:00:31.559343+09:00,DDP(동대문디자인플라자),DDP(동대문디자인플라자),POI083,KEY_4,1010040800,을지로,1010026900,동대문역사문화공원,127.0084142117340065_37.5657933815894935,1010026500,동대문역사문화공원,127.0077330726616651_37.5655591691889441,68.0,18.0,서행,127.0077330726616651_37.5655591691889441|127.0079381871399988_37.5656946131292102|127.0081740368883487_37.5657810133705610|127.0084142117340065_37.5657933815894935
2026-09-04T09:00:31.559343+09:00,DDP(동대문디자인플라자),DDP(동대문디자인플라자),POI083,KEY_4,1010041000,장충단로,1010026800,동대문역사문화공원,127.0076027310937263_37.5655895835695972,1010027300,동대문역사문화공원,127.0072093223593868_37.5660721727252351,68.0,12.0,정체,127.0072093223593868_37.5660721727252351|127.0074103827092529_37.5659777349919963|127.0075077022791419_37.5658704535518240|127.0075937893706595_37.5657363546045602|127.0076027310937263_37.5655895835695972
2026-09-04T09:00:31.559343+09:00,DDP(동대문디자인플라자),DDP(동대문디자인플라자),POI083,KEY_4,1010041500,퇴계로71길,1010024504,성동여자실업고교앞,127.0122824244794231_37.5649718786512210,1010031202,신당동 251-159,127.0126037267031904_37.5669109428648440,244.0,13.0,정체,127.0126037267031904_37.5669109428648440|127.0126412307703134_37.5668474033094597|127.0126698024754859_37.5667546274016004|127.0127005738834924_37.5665576114049742|127.0127364488098749_37.5663279184632444|127.0127338355630116_37.5663230668818073|127.0123319930443841_37.5662096732445008|127.0122708949118078_37.5661506328379602|127.0122755975942681_37.5650242043360834|127.0122824244794231_37.5649718786512210
2026-09-04T09:00:31.559343+09:00,DDP(동대문디자인플라자),DDP(동대문디자인플라자),POI083,KEY_4,1010041800,을지로,1010028100,동대문역사문화공원,127.0072415247333453_37.5661772097702809,1010028800,동대문역사문화공원,127.0080565712496110_37.5666288866091591,89.0,23.0,서행,127.0080565712496110_37.5666288866091591|127.0077173922156106_37.5663889362043406|127.0073916863854606_37.5661982459288595|127.0072415247333453_37.5661772097702809
2026-09-04T09:00:31.559343+09:00,DDP(동대문디자인플라자),DDP(동대문디자인플라자),POI083,KEY_4,1010044900,장충단로13길,1010031901,현대시티아울렛(동대문점),127.0078041379920819_37.5680116507579029,1010031704,을지로6가 18-11,127.0089129103870960_37.5678261241420017,100.0,18.5,서행,127.0089129103870960_37.5678261241420017|127.0087521862193825_37.5678639356992790|127.0078041379920819_37.5680116507579029
2026-09-04T09:00:31.559343+09:00,DMC(디지털미디어시티),DMC(디지털미디어시티),POI084,KEY_1,1110086400,증산로,1110025301,증산지하차도(북측),126.9039758261172608_37.5784870932225132,1130046401,은평구-마포구,126.9018567383502045_37.5764844121927837,291.0,58.0,원활,126.9018567383502045_37.5764844121927837|126.9027068325619041_37.5772894554844186|126.9035789940010091_37.5781100503089647|126.9039758261172608_37.5784870932225132
2026-09-04T09:00:31.559343+09:00,DMC(디지털미디어시티),DMC(디지털미디어시티),POI084,KEY_1,1110086500,증산로,1130046402,은평구-마포구,126.9017527415007578_37.5765539742255541,1110005500,증산교,126.9034752758808793_37.5781798772630822,236.0,9.5,정체,126.9034752758808793_37.5781798772630822|126.9026029745643172_37.5773591500215929|126.9017527415007578_37.5765539742255541
2026-09-04T09:00:31.559343+09:00,DMC(디지털미디어시티),DMC(디지털미디어시티),POI084,KEY_1,1130007102,증산로,1130043500,성산동491-1,126.8990562961894852_37.5737647959106411,1130044402,증산지하차도(남측),126.8995968764490669_37.5743540467505426,81.0,7.0,정체,126.8995968764490669_37.5743540467505426|126.8992398926530143_37.5739603793572670|126.8990562961894852_37.5737647959106411
2026-09-04T09:00:31.559343+09:00,DMC(디지털미디어시티),DMC(디지털미디어시티),POI084,KEY_1,1130007202,증산로,1130044401,증산지하차도(남측),126.8997070239019962_37.5742907695769190,1130044100,성산동488-2,126.8993493776716974_37.5738963850184291,54.0,42.0,원활,126.8993493776716974_37.5738963850184291|126.8997070239019962_37.5742907695769190
2026-09-04T09:00:31.559343+09:00,DMC(디지털미디어시티),DMC(디지털미디어시티),POI084,KEY_1,1130007501,증산로,1130044402,증산지하차도(남측),126.8995968764490669_37.5743540467505426,1130046402,은평구-마포구,126.9017527415007578_37.5765539742255541,310.0,7.0,정체,126.9017527415007578_37.5765539742255541|126.9006134456184895_37.5754750169051093|126.8995968764490669_37.5743540467505426
2026-09-04T09:00:31.559343+09:00,DMC(디지털미디어시티),DMC(디지털미디어시티),POI084,KEY_1,1130007601,증산로,1130046401,은평구-마포구,126.9018567383502045_37.5764844121927837,1130044401,증산지하차도(남측),126.8997070239019962_37.5742907695769190,309.0,55.0,원활,126.8997070239019962_37.5742907695769190|126.9007206641610566_37.5754085065304366|126.9018567383502045_37.5764844121927837
2026-09-04T09:00:31.559343+09:00,DMC(디지털미디어시티),DMC(디지털미디어시티),POI084,KEY_1,1130023901,성암로,1130045102,중동교,126.9008492951027023_37.5752640367100312,1130003202,중동교,126.9005739786039442_37.5754350244651292,31.0,43.0,원활,126.9005739786039442_37.5754350244651292|126.9008492951027023_37.5752640367100312
2026-09-04T09:00:31.559343+09:00,DMC(디지털미디어시티),DMC(디지털미디어시티),POI084,KEY_1,1130023902,성암로,1130044702,중동교,126.9013932137603007_37.5749262274768512,1130045102,중동교,126.9008492951027023_37.5752640367100312,61.0,44.0,원활,126.9008492951027023_37.5752640367100312|126.9013932137603007_37.5749262274768512
2026-09-04T09:00:31.559343+09:00,DMC(디지털미디어시티),DMC(디지털미디어시티),POI084,KEY_1,1130024001,성암로,1130003201,중동교,126.9006575479311749_37.5755202637415948,1130045101,중동교,126.9009328670204440_37.5753492743804642,31.0,49.0,원활,126.9009328670204440_37.5753492743804642|126.9006575479311749_37.5755202637415948
2026-09-04T09:00:31.559343+09:00,DMC(디지털미디어시티),DMC(디지털미디어시티),POI084,KEY_1,1130024002,성암로,1130045101,중동교,126.9009328670204440_37.5753492743804642,1130044701,중동교,126.9014751720981593_37.5750124364249984,61.0,49.0,원활,126.9014751720981593_37.5750124364249984|126.9009328670204440_37.5753492743804642
2026-09-04T09:00:31.559343+09:00,DMC(디지털미디어시티),DMC(디지털미디어시티),POI084,KEY_1,1130024500,월드컵로,1130042904,월드컵파크3단지교차로,126.8880419598859106_37.5730202691865927,1130007302,디지털미디어시티입구교차로,126.8865044792722472_37.5740977172547161,181.0,19.0,서행,126.8865044792722472_37.5740977172547161|126.8871887145199224_37.5736835642442912|126.8876417608668987_37.5733592229529521|126.8880419598859106_37.5730202691865927
2026-09-04T09:00:31.559343+09:00,DMC(디지털미디어시티),DMC(디지털미디어시티),POI084,KEY_1,1130024600,월드컵로,1130007301,디지털미디어시티입구교차로,126.8865867067047475_37.5741837779433610,1130042901,월드컵파크3단지교차로,126.8881409491589523_37.5730943102150050,183.0,34.5,원활,126.8881409491589523_37.5730943102150050|126.8877368451630474_37.5734365727853401|126.8872753969699261_37.5737669286614562|126.8865867067047475_37.5741837779433610
2026-09-04T09:00:31.559343+09:00,DMC(디지털미디어시티),DMC(디지털미디어시티),POI084,KEY_1,1130024700,매봉산로,1130042901,월드컵파크3단지교차로,126.8881409491589523_37.5730943102150050,1130044603,월드컵파크2단지사거리,126.8900041088949990_37.5748995117424016,259.0,14.0,정체,126.8900041088949990_37.5748995117424016|126.8887517450962719_37.5736649009094705|126.8882989940305492_37.5732185545011106|126.8881409491589523_37.5730943102150050
2026-09-04T09:00:31.559343+09:00,DMC(디지털미디어시티),DMC(디지털미디어시티),POI084,KEY_1,1130025000,상암산로,1130045802,월드컵파크4단지앞교차로,126.8883797106704350_37.5759449782012638,1130007301,디지털미디어시티입구교차로,126.8865867067047475_37.5741837779433610,252.0,15.0,서행,126.8865867067047475_37.5741837779433610|126.8883797106704350_37.5759449782012638
2026-09-04T09:00:31.559343+09:00,DMC(디지털미디어시티),DMC(디지털미디어시티),POI084,KEY_1,1130025302,성중길,1130007104,중암교앞교차로,126.9003625466799292_37.5723898224647499,1130045702,서대문구-마포구,126.9024294366205226_37.5761197309857309,466.0,5.0,정체,126.9024294366205226_37.5761197309857309|126.9018138955969306_37.5755687499806541|126.9015618580273497_37.5753284999021275|126.9015478912081676_37.5753035295780435|126.9013739001951961_37.5749924613626689|126.9010880430100201_37.5745239321889599|126.9010138467866540_37.5744247403146971|126.9008681130194560_37.5742299100118871|126.9006382435482010_37.5739161941188797|126.9004842258342904_37.5736112507413580|126.9004169598244971_37.5732829734208806|126.9003697155043966_37.5725880171336186|126.9003625466799292_37.5723898224647499
2026-09-04T09:00:31.559343+09:00,DMC(디지털미디어시티),DMC(디지털미디어시티),POI084,KEY_1,1130025401,성중길,1130110700,중동 89-7,126.9011305691405198_37.5743694314635519,1130007101,중암교앞교차로,126.9004948048543895_37.5722892982473482,243.0,27.0,원활,126.9004948048543895_37.5722892982473482|126.9005054484899944_37.5725835401371313|126.9005522055344244_37.5732713168361343|126.9006158741737522_37.5735820315699272|126.9007605822510385_37.5738685434168076|126.9009851491210696_37.5741750196416930|126.9011305691405198_37.5743694314635519
2026-09-04T09:00:31.559343+09:00,DMC(디지털미디어시티),DMC(디지털미디어시티),POI084,KEY_1,1130025504,월드컵북로,1130227400,상암동 1715,126.8928691721298350_37.5767846610504463,1130046802,상암초교앞교차로,126.8923681066395375_37.5770772862630835,55.0,41.0,원활,126.8923681066395375_37.5770772862630835|126.8928691721298350_37.5767846610504463
2026-09-04T09:00:31.559343+09:00,DMC(디지털미디어시티),DMC(디지털미디어시티),POI084,KEY_1,1130025601,월드컵북로,1130043400,상암동24-59,126.8984326017897075_37.5737046034107323,1130043204,상암사거리,126.8988065387872979_37.5734987293495166,40.0,29.0,원활,126.8988065387872979_37.5734987293495166|126.8984326017897075_37.5737046034107323
2026-09-04T09:00:31.559343+09:00,DMC(디지털미디어시티),DMC(디지털미디어시티),POI084,KEY_1,1130025602,월드컵북로,1130044206,서울시시설관리공단,126.8974443493847133_37.5742486819677097,1130043400,상암동24-59,126.8984326017897075_37.5737046034107323,106.0,43.0,원활,126.8984326017897075_37.5737046034107323|126.8974443493847133_37.5742486819677097
2026-09-04T09:00:31.559343+09:00,DMC(디지털미디어시티),DMC(디지털미디어시티),POI084,KEY_1,1130025604,월드컵북로,1130232200,상암동 37-2,126.8939439911347620_37.5762910507855992,1130045604,월드컵파크1단지교차로,126.8947828040230235_37.5758011541261752,92.0,14.0,정체,126.8947828040230235_37.5758011541261752|126.8939439911347620_37.5762910507855992
2026-09-04T09:00:31.559343+09:00,DMC(디지털미디어시티),DMC(디지털미디어시티),POI084,KEY_1,1130025605,월드컵북로,1130044202,상암동31-1,126.8958974025637474_37.5751501684494542,1130044209,서울시시설관리공단,126.8973331824673920_37.5743115641671324,157.0,19.0,서행,126.8973331824673920_37.5743115641671324|126.8958974025637474_37.5751501684494542
2026-09-04T09:00:31.559343+09:00,DMC(디지털미디어시티),DMC(디지털미디어시티),POI084,KEY_1,1130025606,월드컵북로,1130143900,상암동 31-1,126.8954351096876678_37.5754201750939032,1130044205,상암동31-1,126.8957878809720938_37.5752141359076433,39.0,25.5,원활,126.8957878809720938_37.5752141359076433|126.8954351096876678_37.5754201750939032
2026-09-04T09:00:31.559343+09:00,DMC(디지털미디어시티),DMC(디지털미디어시티),POI084,KEY_1,1130025702,상암산로,1130044603,월드컵파크2단지사거리,126.8900041088949990_37.5748995117424016,1130045802,월드컵파크4단지앞교차로,126.8883797106704350_37.5759449782012638,185.0,24.0,서행,126.8883797106704350_37.5759449782012638|126.8891094429257294_37.5754773087779412|126.8892146635848093_37.5754096006289160|126.8900041088949990_37.5748995117424016
2026-09-04T09:00:31.559343+09:00,DMC(디지털미디어시티),DMC(디지털미디어시티),POI084,KEY_1,1130025801,상암산로,1130045301,한국공공정책신문,126.8893002827802974_37.5754935420065124,1130044604,월드컵파크2단지사거리,126.8900888980952288_37.5749839882549139,90.0,21.0,서행,126.8900888980952288_37.5749839882549139|126.8893002827802974_37.5754935420065124
2026-09-04T09:00:31.559343+09:00,DMC(디지털미디어시티),DMC(디지털미디어시티),POI084,KEY_1,1130025802,상암산로,1130045801,월드컵파크4단지앞교차로,126.8884645575662233_37.5760294154012371,1130045304,한국공공정책신문,126.8891946406988893_37.5755615201432676,83.0,19.0,서행,126.8891946406988893_37.5755615201432676|126.8884645575662233_37.5760294154012371
2026-09-04T09:00:31.559343+09:00,DMC(디지털미디어시티),DMC(디지털미디어시티),POI084,KEY_1,1130025901,매봉산로,1130149100,상암동 1718,126.8907491326159800_37.5756486885100287,1130046303,상암초등학교,126.8915532409193361_37.5764582146745170,115.0,15.0,서행,126.8915532409193361_37.5764582146745170|126.8907491326159800_37.5756486885100287
2026-09-04T09:00:31.559343+09:00,DMC(디지털미디어시티),DMC(디지털미디어시티),POI084,KEY_1,1130025902,매봉산로,1130046304,상암초등학교,126.8916385575081733_37.5765423522413826,1130046803,상암초교앞교차로,126.8922586587650017_37.5771415893312337,86.0,21.0,서행,126.8922586587650017_37.5771415893312337|126.8916385575081733_37.5765423522413826
2026-09-04T09:00:31.559343+09:00,DMC(디지털미디어시티),DMC(디지털미디어시티),POI084,KEY_1,1130026001,매봉산로,1130046802,상암초교앞교차로,126.8923681066395375_37.5770772862630835,1130044601,월드컵파크2단지사거리,126.8901922548791532_37.5749137067317420,308.0,17.0,서행,126.8901922548791532_37.5749137067317420|126.8908556979909861_37.5755816358774624|126.8916598070790513_37.5763911610855672|126.8917434171382297_37.5764736169634261|126.8923681066395375_37.5770772862630835
2026-09-04T09:00:31.559343+09:00,DMC(디지털미디어시티),DMC(디지털미디어시티),POI084,KEY_1,1130026401,상암산로,1130047102,중앙일보빌딩,126.8899246502134446_37.5775017541936762,1130045801,월드컵파크4단지앞교차로,126.8884645575662233_37.5760294154012371,208.0,20.0,서행,126.8884645575662233_37.5760294154012371|126.8899246502134446_37.5775017541936762
2026-09-04T09:00:31.559343+09:00,DMC(디지털미디어시티),DMC(디지털미디어시티),POI084,KEY_1,1130026402,상암산로,1130047502,디지털미디어시티앞교차로,126.8905616249283810_37.5781439913648541,1130047101,중앙일보빌딩,126.8900088184744988_37.5775866225538309,79.0,14.0,정체,126.8900088184744988_37.5775866225538309|126.8905616249283810_37.5781439913648541
2026-09-04T09:00:31.559343+09:00,DMC(디지털미디어시티),DMC(디지털미디어시티),POI084,KEY_1,1130026500,월드컵북로,1130046803,상암초교앞교차로,126.8922586587650017_37.5771415893312337,1130047502,디지털미디어시티앞교차로,126.8905616249283810_37.5781439913648541,187.0,10.0,정체,126.8905616249283810_37.5781439913648541|126.8922586587650017_37.5771415893312337
2026-09-04T09:00:31.559343+09:00,DMC(디지털미디어시티),DMC(디지털미디어시티),POI084,KEY_1,1130026600,월드컵북로,1130047501,디지털미디어시티앞교차로,126.8906465242374253_37.5782284856381139,1130046804,상암초교앞교차로,126.8923444009224255_37.5772255856267208,187.0,25.0,원활,126.8923444009224255_37.5772255856267208|126.8906465242374253_37.5782284856381139
2026-09-04T09:00:31.559343+09:00,DMC(디지털미디어시티),DMC(디지털미디어시티),POI084,KEY_1,1130026701,성암로,1130003202,중동교,126.9005739786039442_37.5754350244651292,1130045502,상암동 1154-1,126.9002568597358760_37.5756319717856542,36.0,43.0,원활,126.9002568597358760_37.5756319717856542|126.9005739786039442_37.5754350244651292
2026-09-04T09:00:31.559343+09:00,DMC(디지털미디어시티),DMC(디지털미디어시티),POI084,KEY_1,1130026702,성암로,1130045503,상암동 1154-1,126.9001493992533227_37.5756987098997470,1130046002,수색역(서측),126.8994866230595164_37.5761479863590679,77.0,20.0,서행,126.8994866230595164_37.5761479863590679|126.9000166173634625_37.5757811735134624|126.9001493992533227_37.5756987098997470
2026-09-04T09:00:31.559343+09:00,DMC(디지털미디어시티),DMC(디지털미디어시티),POI084,KEY_1,1130026703,성암로,1130046003,수색역(서측),126.8993841122573514_37.5762189341099884,1130046602,데일리임팩트,126.8986663047599421_37.5767157224527040,84.0,8.0,정체,126.8986663047599421_37.5767157224527040|126.8993841122573514_37.5762189341099884
2026-09-04T09:00:31.559343+09:00,DMC(디지털미디어시티),DMC(디지털미디어시티),POI084,KEY_1,1130026704,성암로,1130046603,데일리임팩트,126.8985637517100145_37.5767866976523521,1130047002,디지털미디어시티역(공항철도),126.8977378225588240_37.5773583009889691,97.0,34.0,원활,126.8977378225588240_37.5773583009889691|126.8985637517100145_37.5767866976523521
2026-09-04T09:00:31.559343+09:00,DMC(디지털미디어시티),DMC(디지털미디어시티),POI084,KEY_1,1130026705,성암로,1130228300,상암동 1695,126.8955455733531608_37.5788472502048592,1130008002,성암삼거리,126.8947203404407986_37.5794074408454364,96.0,35.0,원활,126.8947203404407986_37.5794074408454364|126.8955455733531608_37.5788472502048592
2026-09-04T09:00:31.559343+09:00,DMC(디지털미디어시티),DMC(디지털미디어시티),POI084,KEY_1,1130026801,성암로,1130046001,수색역(서측),126.8995757632913666_37.5762295729790523,1130003201,중동교,126.9006575479311749_37.5755202637415948,124.0,20.0,서행,126.9006575479311749_37.5755202637415948|126.9003404289748858_37.5757172113524263|126.9002329685327624_37.5757839495594794|126.9001030333946005_37.5758646453959528|126.8995757632913666_37.5762295729790523
2026-09-04T09:00:31.559343+09:00,DMC(디지털미디어시티),DMC(디지털미디어시티),POI084,KEY_1,1130026803,성암로,1130047001,디지털미디어시티역(공항철도),126.8978269624122817_37.5774398889533572,1130046004,수색역(서측),126.8994732524635225_37.5763005208021355,193.0,33.0,원활,126.8994732524635225_37.5763005208021355|126.8987554448355439_37.5767973097372874|126.8986528917860852_37.5768682850013249|126.8978269624122817_37.5774398889533572
2026-09-04T09:00:31.559343+09:00,DMC(디지털미디어시티),DMC(디지털미디어시티),POI084,KEY_1,1130026805,성암로,1130008001,성암삼거리,126.8948085001043040_37.5794897016194511,1130047004,디지털미디어시티역(공항철도),126.8977228468471594_37.5775112990256872,338.0,32.0,원활,126.8977228468471594_37.5775112990256872|126.8968720930318739_37.5780888511044466|126.8964379623555487_37.5783835639945067|126.8956337334028035_37.5789295104891039|126.8948085001043040_37.5794897016194511
2026-09-04T09:00:31.559343+09:00,DMC(디지털미디어시티),DMC(디지털미디어시티),POI084,KEY_1,1130027102,매봉산로,1130231200,상암동 1708,126.8936160448470645_37.5784875021319564,1130008003,성암삼거리,126.8946161530180916_37.5794768573100697,141.0,15.0,서행,126.8946161530180916_37.5794768573100697|126.8943001506249146_37.5791642562783039|126.8936160448470645_37.5784875021319564
2026-09-04T09:00:31.559343+09:00,DMC(디지털미디어시티),DMC(디지털미디어시티),POI084,KEY_1,1130027201,매봉산로,1130047402,상암동주민센터,126.8931728779294730_37.5778763973820418,1130046801,상암초교앞교차로,126.8924537995065407_37.5771613452104063,102.0,15.0,서행,126.8924537995065407_37.5771613452104063|126.8931728779294730_37.5778763973820418
2026-09-04T09:00:31.559343+09:00,DMC(디지털미디어시티),DMC(디지털미디어시티),POI084,KEY_1,1130027202,매봉산로,1130229600,상암동 1708,126.8935960933187062_37.5782952804950696,1130047401,상암동주민센터,126.8932580052658352_37.5779608186309133,48.0,16.3,서행,126.8932580052658352_37.5779608186309133|126.8935960933187062_37.5782952804950696
2026-09-04T09:00:31.559343+09:00,DMC(디지털미디어시티),DMC(디지털미디어시티),POI084,KEY_1,1130027801,월드컵북로,1130047701,월드컵파크5단지교차로,126.8879562129837808_37.5798223834944807,1130047504,디지털미디어시티앞교차로,126.8905373393383655_37.5782929771257415,284.0,20.0,서행,126.8905373393383655_37.5782929771257415|126.8890176540088817_37.5791905774580002|126.8879562129837808_37.5798223834944807
2026-09-04T09:00:31.559343+09:00,DMC(디지털미디어시티),DMC(디지털미디어시티),POI084,KEY_1,1130027802,월드컵북로,1130048401,LGCNS상암IT센터,126.8869393016809539_37.5804276653714808,1130047704,월드컵파크5단지교차로,126.8878473615480118_37.5798871744750684,100.0,22.0,서행,126.8878473615480118_37.5798871744750684|126.8869393016809539_37.5804276653714808
2026-09-04T09:00:31.559343+09:00,DMC(디지털미디어시티),DMC(디지털미디어시티),POI084,KEY_1,1130027803,월드컵북로,1130049001,상암ITTower,126.8860549963467577_37.5809540024161706,1130048404,LGCNS상암IT센터,126.8868304001961178_37.5804924841435763,86.0,45.0,원활,126.8868304001961178_37.5804924841435763|126.8860549963467577_37.5809540024161706
2026-09-04T09:00:31.559343+09:00,DMC(디지털미디어시티),DMC(디지털미디어시티),POI084,KEY_1,1130027804,월드컵북로,1130049401,월드컵파크6단지앞교차로,126.8850370693500054_37.5815595588284097,1130049004,상암ITTower,126.8859461297215887_37.5810187825645698,100.0,20.0,서행,126.8859461297215887_37.5810187825645698|126.8850370693500054_37.5815595588284097
2026-09-04T09:00:31.559343+09:00,DMC(디지털미디어시티),DMC(디지털미디어시티),POI084,KEY_1,1130028101,성암로,1130008003,성암삼거리,126.8946161530180916_37.5794768573100697,1130048702,YTN미디어센터,126.8929940644010941_37.5805367573738849,185.0,34.0,원활,126.8929940644010941_37.5805367573738849|126.8946161530180916_37.5794768573100697
2026-09-04T09:00:31.559343+09:00,DMC(디지털미디어시티),DMC(디지털미디어시티),POI084,KEY_1,1130028102,성암로,1130048703,YTN미디어센터,126.8928902450410732_37.5806065277136980,1130049802,MBC글로벌미디어센터,126.8902432196895802_37.5821317158528529,290.0,14.0,정체,126.8902432196895802_37.5821317158528529|126.8916848633843983_37.5814405541822225|126.8928902450410732_37.5806065277136980
2026-09-04T09:00:31.559343+09:00,DMC(디지털미디어시티),DMC(디지털미디어시티),POI084,KEY_1,1130028103,성암로,1130049803,MBC글로벌미디어센터,126.8901255531158938_37.5821872546751976,1130051107,상암월드컵7단지,126.8870844323033538_37.5835933665662054,311.0,14.0,정체,126.8870844323033538_37.5835933665662054|126.8882017895862475_37.5830840500806644|126.8901255531158938_37.5821872546751976
2026-09-04T09:00:31.559343+09:00,DMC(디지털미디어시티),DMC(디지털미디어시티),POI084,KEY_1,1130028201,성암로,1130048701,YTN미디어센터,126.8930802693829634_37.5806203208228027,1130008004,성암삼거리,126.8947023591175594_37.5795604200954330,185.0,12.5,정체,126.8947023591175594_37.5795604200954330|126.8930802693829634_37.5806203208228027
2026-09-04T09:00:31.559343+09:00,DMC(디지털미디어시티),DMC(디지털미디어시티),POI084,KEY_1,1130028202,성암로,1130049801,MBC글로벌미디어센터,126.8903133236235590_37.5822243292954283,1130048704,YTN미디어센터,126.8929793808815418_37.5806881204146705,292.0,13.0,정체,126.8929793808815418_37.5806881204146705|126.8917650856113539_37.5815283151309529|126.8903133236235590_37.5822243292954283
2026-09-04T09:00:31.559343+09:00,DMC(디지털미디어시티),DMC(디지털미디어시티),POI084,KEY_1,1130028203,성암로,1130051106,상암월드컵7단지,126.8871519552963463_37.5836871858182704,1130049804,MBC글로벌미디어센터,126.8901942208562588_37.5822805460614902,311.0,22.0,서행,126.8901942208562588_37.5822805460614902|126.8882698867831635_37.5831776087941023|126.8871519552963463_37.5836871858182704
2026-09-04T09:00:31.559343+09:00,DMC(디지털미디어시티),DMC(디지털미디어시티),POI084,KEY_1,1130028401,월드컵북로,1130049701,상암동 1715,126.8840285649525583_37.5821600609072348,1130049404,월드컵파크6단지앞교차로,126.8849281565869092_37.5816243792028004,99.0,22.0,서행,126.8849281565869092_37.5816243792028004|126.8840285649525583_37.5821600609072348
2026-09-04T09:00:31.559343+09:00,DMC(디지털미디어시티),DMC(디지털미디어시티),POI084,KEY_1,1130028402,월드컵북로,1130050603,월드컵파크7단지앞교차로,126.8821398763244019_37.5833081209194830,1130049704,상암동 1715,126.8839196519033266_37.5822248985580174,198.0,9.0,정체,126.8839196519033266_37.5822248985580174|126.8826686765652312_37.5829694057582486|126.8821398763244019_37.5833081209194830
2026-09-04T09:00:31.559343+09:00,DMC(디지털미디어시티),DMC(디지털미디어시티),POI084,KEY_1,1130029202,가양대로,1130051308,DMC첨단산업센터앞교차로,126.8843531662040931_37.5848817670797217,1130050603,월드컵파크7단지앞교차로,126.8821398763244019_37.5833081209194830,262.0,35.0,원활,126.8821398763244019_37.5833081209194830|126.8843531662040931_37.5848817670797217
2026-09-04T09:00:31.559343+09:00,DMC(디지털미디어시티),DMC(디지털미디어시티),POI084,KEY_1,1130029301,성암로,1130051104,서울드와이트외국인학교,126.8858869388385102_37.5841637180196386,1130051308,DMC첨단산업센터앞교차로,126.8843531662040931_37.5848817670797217,157.0,12.0,정체,126.8843531662040931_37.5848817670797217|126.8858869388385102_37.5841637180196386
2026-09-04T09:00:31.559343+09:00,DMC(디지털미디어시티),DMC(디지털미디어시티),POI084,KEY_1,1130029302,성암로,1130051108,상암월드컵7단지,126.8869679526118830_37.5836502072271372,1130051103,서울드와이트외국인학교,126.8860048570749086_37.5841085121615635,99.0,12.0,정체,126.8860048570749086_37.5841085121615635|126.8868092634666596_37.5837319073182599|126.8869679526118830_37.5836502072271372
2026-09-04T09:00:31.559343+09:00,DMC(디지털미디어시티),DMC(디지털미디어시티),POI084,KEY_1,1130029403,성암로,1130051105,속성변화점,126.8859558279229987_37.5842569077612083,1130051109,상암월드컵7단지,126.8870417489205096_37.5837409855167053,112.0,7.0,정체,126.8870417489205096_37.5837409855167053|126.8868806383061525_37.5838239328711907|126.8860737463692487_37.5842017018027050|126.8859558279229987_37.5842569077612083
2026-09-04T09:00:31.559343+09:00,DMC(디지털미디어시티),DMC(디지털미디어시티),POI084,KEY_1,1130029404,성암로,1130051307,DMC첨단산업센터앞교차로,126.8844595822825880_37.5849573881018273,1130051105,속성변화점,126.8859558279229987_37.5842569077612083,153.0,7.0,정체,126.8859558279229987_37.5842569077612083|126.8844595822825880_37.5849573881018273
2026-09-04T09:00:31.559343+09:00,DMC(디지털미디어시티),DMC(디지털미디어시티),POI084,KEY_1,1130029701,가양대로,1130051302,상암동800-2,126.8855807691684419_37.5858988231682716,1110002104,수색교앞교차로,126.8871491881332076_37.5870129955381955,186.0,16.0,서행,126.8871491881332076_37.5870129955381955|126.8855807691684419_37.5858988231682716
2026-09-04T09:00:31.559343+09:00,DMC(디지털미디어시티),DMC(디지털미디어시티),POI084,KEY_1,1130029803,가양대로,1130051304,상암동800-2,126.8855698926924163_37.5857461653515301,1130051307,DMC첨단산업센터앞교차로,126.8844595822825880_37.5849573881018273,131.0,17.0,서행,126.8844595822825880_37.5849573881018273|126.8855698926924163_37.5857461653515301
2026-09-04T09:00:31.559343+09:00,DMC(디지털미디어시티),DMC(디지털미디어시티),POI084,KEY_1,1130029804,가양대로,1110002103,수색교앞교차로,126.8872427699533461_37.5869345435850164,1130051303,상암동800-2,126.8856712462701211_37.5858181666906503,186.0,4.0,정체,126.8856712462701211_37.5858181666906503|126.8872427699533461_37.5869345435850164
2026-09-04T09:00:31.559343+09:00,DMC(디지털미디어시티),DMC(디지털미디어시티),POI084,KEY_1,1130066900,월드컵북로,1130043400,상암동24-59,126.8984326017897075_37.5737046034107323,1130043500,성산동491-1,126.8990562961894852_37.5737647959106411,59.0,26.0,원활,126.8990562961894852_37.5737647959106411|126.8989085002055361_37.5736866108833851|126.8987791467213100_37.5736598008740614|126.8986641476944612_37.5736501660897773|126.8985371690847614_37.5736660785077774|126.8984326017897075_37.5737046034107323
2026-09-04T09:00:31.559343+09:00,DMC(디지털미디어시티),DMC(디지털미디어시티),POI084,KEY_1,1130067200,월드컵북로47길,1130192300,상암동 1716,126.8909626371225414_37.5742633434940458,1130044602,월드컵파크2단지사거리,126.8901072799406080_37.5748291059225537,98.0,16.0,서행,126.8901072799406080_37.5748291059225537|126.8904259188012844_37.5746002657640261|126.8907263880997220_37.5744065670365757|126.8908070311500040_37.5743545798713043|126.8909626371225414_37.5742633434940458
2026-09-04T09:00:31.559343+09:00,DMC(디지털미디어시티),DMC(디지털미디어시티),POI084,KEY_1,1130067600,월드컵북로42길,1130044502,디지털미디어시티역2번출구,126.8996768178415522_37.5748358906114177,1130044802,상암동 1711,126.8981204003995344_37.5748786658393286,190.0,10.0,정체,126.8981204003995344_37.5748786658393286|126.8981548997384152_37.5748041674797832|126.8989380650604346_37.5743415501355784|126.8990473331477773_37.5743038487143366|126.8991597518555920_37.5743120798745451|126.8992540899842254_37.5743497228770025|126.8996768178415522_37.5748358906114177
2026-09-04T09:00:31.559343+09:00,DMC(디지털미디어시티),DMC(디지털미디어시티),POI084,KEY_1,1130070100,상암산로,1130045304,한국공공정책신문,126.8891946406988893_37.5755615201432676,1130046703,KBS미디어센터,126.8906650467874329_37.5770335465561018,209.0,17.5,서행,126.8906650467874329_37.5770335465561018|126.8891946406988893_37.5755615201432676
2026-09-04T09:00:31.559343+09:00,DMC(디지털미디어시티),DMC(디지털미디어시티),POI084,KEY_1,1130067700,월드컵북로42길,1130044801,상암동 1711,126.8982215233432527_37.5749729322993389,1130044503,디지털미디어시티역2번출구,126.8995651160360723_37.5748974180213082,170.0,18.0,서행,126.8995651160360723_37.5748974180213082|126.8991621560312382_37.5744339846669391|126.8991217838771917_37.5744178755341096|126.8990694863173019_37.5744140466565923|126.8990064543680489_37.5744357950114960|126.8982683624107608_37.5748717876271385|126.8982215233432527_37.5749729322993389
2026-09-04T09:00:31.559343+09:00,DMC(디지털미디어시티),DMC(디지털미디어시티),POI084,KEY_1,1130067800,월드컵북로42길,1130044802,상암동 1711,126.8981204003995344_37.5748786658393286,1130044206,서울시시설관리공단,126.8974443493847133_37.5742486819677097,92.0,30.5,원활,126.8974443493847133_37.5742486819677097|126.8981204003995344_37.5748786658393286
2026-09-04T09:00:31.559343+09:00,DMC(디지털미디어시티),DMC(디지털미디어시티),POI084,KEY_1,1130067900,월드컵북로42길,1130044209,서울시시설관리공단,126.8973331824673920_37.5743115641671324,1130044803,상암동 1711,126.8980445440763702_37.5749744531417491,97.0,19.0,서행,126.8980445440763702_37.5749744531417491|126.8973331824673920_37.5743115641671324
2026-09-04T09:00:31.559343+09:00,DMC(디지털미디어시티),DMC(디지털미디어시티),POI084,KEY_1,1130068200,증산로,1130045102,중동교,126.9008492951027023_37.5752640367100312,1130044100,성산동488-2,126.8993493776716974_37.5738963850184291,203.0,8.0,정체,126.8993493776716974_37.5738963850184291|126.8997550267243923_37.5741747896741316|126.8999831939128740_37.5743329158112758|126.9008492951027023_37.5752640367100312
2026-09-04T09:00:31.559343+09:00,DMC(디지털미디어시티),DMC(디지털미디어시티),POI084,KEY_1,1130068300,월드컵북로42길,1130044503,디지털미디어시티역2번출구,126.8995651160360723_37.5748974180213082,1130045402,상암동 1711,126.8987247218111918_37.5754425169501260,96.0,17.0,서행,126.8987247218111918_37.5754425169501260|126.8995651160360723_37.5748974180213082
2026-09-04T09:00:31.559343+09:00,DMC(디지털미디어시티),DMC(디지털미디어시티),POI084,KEY_1,1130068400,월드컵북로42길,1130045401,상암동 1711,126.8988131161988804_37.5755246575182369,1130044504,디지털미디어시티역2번출구,126.8996370708927657_37.5749902219936800,94.0,20.0,서행,126.8996370708927657_37.5749902219936800|126.8988131161988804_37.5755246575182369
2026-09-04T09:00:31.559343+09:00,DMC(디지털미디어시티),DMC(디지털미디어시티),POI084,KEY_1,1130068500,월드컵북로42길,1130045402,상암동 1711,126.8987247218111918_37.5754425169501260,1130044801,상암동 1711,126.8982215233432527_37.5749729322993389,68.0,26.0,원활,126.8982215233432527_37.5749729322993389|126.8987247218111918_37.5754425169501260
2026-09-04T09:00:31.559343+09:00,DMC(디지털미디어시티),DMC(디지털미디어시티),POI084,KEY_1,1130068600,월드컵북로42길,1130044804,상암동 1711,126.8981330253056825_37.5750569593229926,1130045403,상암동 1711,126.8986203198311955_37.5755117037941773,66.0,28.5,원활,126.8986203198311955_37.5755117037941773|126.8981330253056825_37.5750569593229926
2026-09-04T09:00:31.559343+09:00,DMC(디지털미디어시티),DMC(디지털미디어시티),POI084,KEY_1,1130068700,성암로,1130045502,상암동 1154-1,126.9002568597358760_37.5756319717856542,1130044501,디지털미디어시티역2번출구,126.8997554586748322_37.5749372010833653,91.0,15.0,서행,126.8997554586748322_37.5749372010833653|126.8998013926707245_37.5750021725140755|126.8999518821993888_37.5753686624393950|126.9002568597358760_37.5756319717856542
2026-09-04T09:00:31.559343+09:00,DMC(디지털미디어시티),DMC(디지털미디어시티),POI084,KEY_1,1130068800,성암로,1130044504,디지털미디어시티역2번출구,126.8996370708927657_37.5749902219936800,1130045503,상암동 1154-1,126.9001493992533227_37.5756987098997470,93.0,5.0,정체,126.9001493992533227_37.5756987098997470|126.8998319496738389_37.5754246323100034|126.8996764327224440_37.5750458979557891|126.8996370708927657_37.5749902219936800
2026-09-04T09:00:31.559343+09:00,DMC(디지털미디어시티),DMC(디지털미디어시티),POI084,KEY_1,1130069300,월드컵북로42길,1130045403,상암동 1711,126.8986203198311955_37.5755117037941773,1130045903,상암빌라,126.8979167747526304_37.5760202816905178,84.0,24.0,서행,126.8979167747526304_37.5760202816905178|126.8980344116927057_37.5759081769391798|126.8986203198311955_37.5755117037941773
2026-09-04T09:00:31.559343+09:00,DMC(디지털미디어시티),DMC(디지털미디어시티),POI084,KEY_1,1130069400,월드컵북로42길,1130045902,상암빌라,126.8980210391311658_37.5760895880111647,1130045404,상암동 1711,126.8987086831504172_37.5755938245076209,82.0,26.0,원활,126.8987086831504172_37.5755938245076209|126.8981312410485742_37.5759845693332508|126.8980210391311658_37.5760895880111647
2026-09-04T09:00:31.559343+09:00,DMC(디지털미디어시티),DMC(디지털미디어시티),POI084,KEY_1,1130069500,월드컵북로42길,1130046002,수색역(서측),126.8994866230595164_37.5761479863590679,1130045401,상암동 1711,126.8988131161988804_37.5755246575182369,91.0,9.0,정체,126.8988131161988804_37.5755246575182369|126.8994866230595164_37.5761479863590679
2026-09-04T09:00:31.559343+09:00,DMC(디지털미디어시티),DMC(디지털미디어시티),POI084,KEY_1,1130069600,월드컵북로42길,1130045404,상암동 1711,126.8987086831504172_37.5755938245076209,1130046003,수색역(서측),126.8993841122573514_37.5762189341099884,92.0,23.0,서행,126.8993841122573514_37.5762189341099884|126.8987086831504172_37.5755938245076209
2026-09-04T09:00:31.559343+09:00,DMC(디지털미디어시티),DMC(디지털미디어시티),POI084,KEY_1,1130070000,상암산로,1130046702,KBS미디어센터,126.8907708780118213_37.5769657557175876,1130045301,한국공공정책신문,126.8893002827802974_37.5754935420065124,209.0,19.0,서행,126.8893002827802974_37.5754935420065124|126.8907708780118213_37.5769657557175876
2026-09-04T09:00:31.559343+09:00,DMC(디지털미디어시티),DMC(디지털미디어시티),POI084,KEY_1,1130070600,성암로,1130046602,데일리임팩트,126.8986663047599421_37.5767157224527040,1130045902,상암빌라,126.8980210391311658_37.5760895880111647,90.0,12.0,정체,126.8980210391311658_37.5760895880111647|126.8986663047599421_37.5767157224527040
2026-09-04T09:00:31.559343+09:00,DMC(디지털미디어시티),DMC(디지털미디어시티),POI084,KEY_1,1130070700,성암로,1130045901,상암빌라,126.8979371695674416_37.5761786921852803,1130046603,데일리임팩트,126.8985637517100145_37.5767866976523521,87.0,9.0,정체,126.8985637517100145_37.5767866976523521|126.8979371695674416_37.5761786921852803
2026-09-04T09:00:31.559343+09:00,DMC(디지털미디어시티),DMC(디지털미디어시티),POI084,KEY_1,1130070800,상암산로,1130046303,상암초등학교,126.8915532409193361_37.5764582146745170,1130046702,KBS미디어센터,126.8907708780118213_37.5769657557175876,89.0,16.0,서행,126.8907708780118213_37.5769657557175876|126.8915532409193361_37.5764582146745170
2026-09-04T09:00:31.559343+09:00,DMC(디지털미디어시티),DMC(디지털미디어시티),POI084,KEY_1,1130070900,상암산로,1130046701,KBS미디어센터,126.8908567065178516_37.5770495623463958,1130046304,상암초등학교,126.8916385575081733_37.5765423522413826,89.0,13.0,정체,126.8916385575081733_37.5765423522413826|126.8908567065178516_37.5770495623463958
2026-09-04T09:00:31.559343+09:00,DMC(디지털미디어시티),DMC(디지털미디어시티),POI084,KEY_1,1130071000,성암로,1130230100,상암동 1709,126.8973658393318260_37.5766400680182500,1130047003,디지털미디어시티역(공항철도),126.8976346858385824_37.5774290399688340,104.0,17.0,서행,126.8976346858385824_37.5774290399688340|126.8972069079642608_37.5769761157230207|126.8971965231739745_37.5768883093211983|126.8972293764982595_37.5767953166038282|126.8973658393318260_37.5766400680182500
2026-09-04T09:00:31.559343+09:00,DMC(디지털미디어시티),DMC(디지털미디어시티),POI084,KEY_1,1130071100,성암로,1130047002,디지털미디어시티역(공항철도),126.8977378225588240_37.5773583009889691,1130045901,상암빌라,126.8979371695674416_37.5761786921852803,159.0,11.0,정체,126.8979371695674416_37.5761786921852803|126.8974771503392418_37.5767020453298102|126.8973539084312421_37.5768422532145507|126.8973341406117754_37.5768982075732580|126.8973385598150259_37.5769355684291426|126.8977378225588240_37.5773583009889691
2026-09-04T09:00:31.559343+09:00,DMC(디지털미디어시티),DMC(디지털미디어시티),POI084,KEY_1,1130071200,상암산로,1130046703,KBS미디어센터,126.8906650467874329_37.5770335465561018,1130047102,중앙일보빌딩,126.8899246502134446_37.5775017541936762,84.0,19.0,서행,126.8899246502134446_37.5775017541936762|126.8906650467874329_37.5770335465561018
2026-09-04T09:00:31.559343+09:00,DMC(디지털미디어시티),DMC(디지털미디어시티),POI084,KEY_1,1130071300,상암산로,1130047101,중앙일보빌딩,126.8900088184744988_37.5775866225538309,1130046704,KBS미디어센터,126.8907495567892312_37.5771181976975086,84.0,14.0,정체,126.8907495567892312_37.5771181976975086|126.8900088184744988_37.5775866225538309
2026-09-04T09:00:31.559343+09:00,DMC(디지털미디어시티),DMC(디지털미디어시티),POI084,KEY_1,1130072000,상암산로,1130048702,YTN미디어센터,126.8929940644010941_37.5805367573738849,1130047501,디지털미디어시티앞교차로,126.8906465242374253_37.5782284856381139,330.0,14.5,정체,126.8906465242374253_37.5782284856381139|126.8929940644010941_37.5805367573738849
2026-09-04T09:00:31.559343+09:00,DMC(디지털미디어시티),DMC(디지털미디어시티),POI084,KEY_1,1130072100,상암산로,1130047504,디지털미디어시티앞교차로,126.8905373393383655_37.5782929771257415,1130048703,YTN미디어센터,126.8928902450410732_37.5806065277136980,330.0,14.0,정체,126.8928902450410732_37.5806065277136980|126.8905373393383655_37.5782929771257415
2026-09-04T09:00:31.559343+09:00,DMC(디지털미디어시티),DMC(디지털미디어시티),POI084,KEY_1,1130073400,월드컵북로54길,1130227600,상암동 1704,126.8887390930264587_37.5805999182029922,1130047701,월드컵파크5단지교차로,126.8879562129837808_37.5798223834944807,111.0,11.0,정체,126.8879562129837808_37.5798223834944807|126.8887390930264587_37.5805999182029922
2026-09-04T09:00:31.559343+09:00,DMC(디지털미디어시티),DMC(디지털미디어시티),POI084,KEY_1,1130073500,월드컵북로54길,1130047704,월드컵파크5단지교차로,126.8878473615480118_37.5798871744750684,1130049203,MBC문화방송본사,126.8892836564560582_37.5813136494657627,203.0,11.3,정체,126.8892836564560582_37.5813136494657627|126.8886330781796232_37.5806675281166989|126.8878473615480118_37.5798871744750684
2026-09-04T09:00:31.559343+09:00,DMC(디지털미디어시티),DMC(디지털미디어시티),POI084,KEY_1,1130074000,월드컵북로56길,1130228900,상암동 1702,126.8875423772986579_37.5810132902587100,1130048401,LGCNS상암IT센터,126.8869393016809539_37.5804276653714808,84.0,16.0,서행,126.8869393016809539_37.5804276653714808|126.8875423772986579_37.5810132902587100
2026-09-04T09:00:31.559343+09:00,DMC(디지털미디어시티),DMC(디지털미디어시티),POI084,KEY_1,1130074100,월드컵북로56길,1130229000,상암동 1702,126.8874373024892890_37.5810818253805863,1130049603,대원방송,126.8882715653573143_37.5818919280665753,116.0,17.0,서행,126.8882715653573143_37.5818919280665753|126.8878698286892188_37.5815018285952149|126.8874373024892890_37.5810818253805863
2026-09-04T09:00:31.559343+09:00,DMC(디지털미디어시티),DMC(디지털미디어시티),POI084,KEY_1,1130074600,월드컵북로56길,1130049203,MBC문화방송본사,126.8892836564560582_37.5813136494657627,1130049602,대원방송,126.8883858216651532_37.5818323079101333,98.0,4.0,정체,126.8883858216651532_37.5818323079101333|126.8892836564560582_37.5813136494657627
2026-09-04T09:00:31.559343+09:00,DMC(디지털미디어시티),DMC(디지털미디어시티),POI084,KEY_1,1130074700,월드컵북로56길,1130049601,대원방송,126.8884656267736943_37.5819198063311930,1130049204,MBC문화방송본사,126.8893675179688074_37.5813988050588179,98.0,13.0,정체,126.8893675179688074_37.5813988050588179|126.8884656267736943_37.5819198063311930
2026-09-04T09:00:31.559343+09:00,DMC(디지털미디어시티),DMC(디지털미디어시티),POI084,KEY_1,1130074800,월드컵북로58길,1130229300,상암동 1700,126.8866383641144324_37.5815330002816026,1130049001,상암ITTower,126.8860549963467577_37.5809540024161706,82.0,17.0,서행,126.8860549963467577_37.5809540024161706|126.8866383641144324_37.5815330002816026
2026-09-04T09:00:31.559343+09:00,DMC(디지털미디어시티),DMC(디지털미디어시티),POI084,KEY_1,1130074900,월드컵북로58길,1130229400,상암동 1700,126.8865323748690059_37.5816006370995197,1130049903,한국지역정보개발원,126.8872903229448070_37.5823528908183846,107.0,14.0,정체,126.8872903229448070_37.5823528908183846|126.8869392975139192_37.5820045050870206|126.8865323748690059_37.5816006370995197
2026-09-04T09:00:31.559343+09:00,DMC(디지털미디어시티),DMC(디지털미디어시티),POI084,KEY_1,1130075000,월드컵북로54길,1130049802,MBC글로벌미디어센터,126.8902432196895802_37.5821317158528529,1130049201,MBC문화방송본사,126.8894754129642877_37.5813331049980519,112.0,20.0,서행,126.8894754129642877_37.5813331049980519|126.8902432196895802_37.5821317158528529
2026-09-04T09:00:31.559343+09:00,DMC(디지털미디어시티),DMC(디지털미디어시티),POI084,KEY_1,1130075100,월드컵북로54길,1130049204,MBC문화방송본사,126.8893675179688074_37.5813988050588179,1130049803,MBC글로벌미디어센터,126.8901255531158938_37.5821872546751976,110.0,5.0,정체,126.8901255531158938_37.5821872546751976|126.8893675179688074_37.5813988050588179
2026-09-04T09:00:31.559343+09:00,DMC(디지털미디어시티),DMC(디지털미디어시티),POI084,KEY_1,1130075200,월드컵북로56길,1130049603,대원방송,126.8882715653573143_37.5818919280665753,1130049902,한국지역정보개발원,126.8874140089263705_37.5823028164665516,88.0,30.0,원활,126.8874140089263705_37.5823028164665516|126.8882715653573143_37.5818919280665753
2026-09-04T09:00:31.559343+09:00,DMC(디지털미디어시티),DMC(디지털미디어시티),POI084,KEY_1,1130075300,월드컵북로56길,1130049901,한국지역정보개발원,126.8874997672136118_37.5823879290279308,1130049604,대원방송,126.8883416393229169_37.5819845548537756,87.0,8.5,정체,126.8883416393229169_37.5819845548537756|126.8874997672136118_37.5823879290279308
2026-09-04T09:00:31.559343+09:00,DMC(디지털미디어시티),DMC(디지털미디어시티),POI084,KEY_1,1130075400,월드컵북로60길,1130230800,상암동 1698,126.8856024106953129_37.5821067794425474,1130049401,월드컵파크6단지앞교차로,126.8850370693500054_37.5815595588284097,79.0,15.0,서행,126.8850370693500054_37.5815595588284097|126.8856024106953129_37.5821067794425474
2026-09-04T09:00:31.559343+09:00,DMC(디지털미디어시티),DMC(디지털미디어시티),POI084,KEY_1,1130075500,월드컵북로60길,1130049404,월드컵파크6단지앞교차로,126.8849281565869092_37.5816243792028004,1130050003,스탠포드호텔서울,126.8861101278442050_37.5827684534966480,164.0,9.0,정체,126.8861101278442050_37.5827684534966480|126.8854974703182421_37.5821754451747054|126.8849281565869092_37.5816243792028004
2026-09-04T09:00:31.559343+09:00,DMC(디지털미디어시티),DMC(디지털미디어시티),POI084,KEY_1,1130075600,월드컵북로60길,1130049903,한국지역정보개발원,126.8872903229448070_37.5823528908183846,1130050002,스탠포드호텔서울,126.8862442705996045_37.5827280529537973,101.0,9.0,정체,126.8862442705996045_37.5827280529537973|126.8872903229448070_37.5823528908183846
2026-09-04T09:00:31.559343+09:00,DMC(디지털미디어시티),DMC(디지털미디어시티),POI084,KEY_1,1130075700,월드컵북로60길,1130050001,스탠포드호텔서울,126.8863310804255065_37.5828155107780688,1130049904,한국지역정보개발원,126.8873780953404662_37.5824400024958010,101.0,18.0,서행,126.8873780953404662_37.5824400024958010|126.8863310804255065_37.5828155107780688
2026-09-04T09:00:31.559343+09:00,DMC(디지털미디어시티),DMC(디지털미디어시티),POI084,KEY_1,1130075800,월드컵북로62길,1130228600,상암동 1696,126.8845727100091239_37.5826845055324199,1130049701,상암동 1715,126.8840285649525583_37.5821600609072348,75.0,15.5,서행,126.8840285649525583_37.5821600609072348|126.8845727100091239_37.5826845055324199
2026-09-04T09:00:31.559343+09:00,DMC(디지털미디어시티),DMC(디지털미디어시티),POI084,KEY_1,1130075900,월드컵북로62길,1130049704,상암동 1715,126.8839196519033266_37.5822248985580174,1130050404,서울일본인학교,126.8848748758891105_37.5831455330485440,133.0,21.0,서행,126.8848748758891105_37.5831455330485440|126.8844679508670765_37.5827533468660917|126.8839196519033266_37.5822248985580174
2026-09-04T09:00:31.559343+09:00,DMC(디지털미디어시티),DMC(디지털미디어시티),POI084,KEY_1,1130076000,월드컵북로60길,1130050003,스탠포드호텔서울,126.8861101278442050_37.5827684534966480,1130050403,서울일본인학교,126.8849796349235106_37.5830766915166947,106.0,20.0,서행,126.8849796349235106_37.5830766915166947|126.8861101278442050_37.5827684534966480
2026-09-04T09:00:31.559343+09:00,DMC(디지털미디어시티),DMC(디지털미디어시티),POI084,KEY_1,1130076100,월드컵북로60길,1130050402,서울일본인학교,126.8850709902395550_37.5831660711584163,1130050004,스탠포드호텔서울,126.8862007374457335_37.5828580366690090,105.0,18.0,서행,126.8862007374457335_37.5828580366690090|126.8850709902395550_37.5831660711584163
2026-09-04T09:00:31.559343+09:00,DMC(디지털미디어시티),DMC(디지털미디어시티),POI084,KEY_1,1130076300,월드컵북로60길,1130051107,상암월드컵7단지,126.8870844323033538_37.5835933665662054,1130050001,스탠포드호텔서울,126.8863310804255065_37.5828155107780688,109.0,14.0,정체,126.8863310804255065_37.5828155107780688|126.8870844323033538_37.5835933665662054
2026-09-04T09:00:31.559343+09:00,DMC(디지털미디어시티),DMC(디지털미디어시티),POI084,KEY_1,1130076400,월드컵북로60길,1130050004,스탠포드호텔서울,126.8862007374457335_37.5828580366690090,1130051108,상암월드컵7단지,126.8869679526118830_37.5836502072271372,111.0,12.0,정체,126.8869679526118830_37.5836502072271372|126.8862007374457335_37.5828580366690090
2026-09-04T09:00:31.559343+09:00,DMC(디지털미디어시티),DMC(디지털미디어시티),POI084,KEY_1,1130086800,월드컵북로62길,1130050401,서울일본인학교,126.8849652876481997_37.5832339947921312,1130051104,서울드와이트외국인학교,126.8858869388385102_37.5841637180196386,131.0,12.0,정체,126.8858869388385102_37.5841637180196386|126.8855418938747874_37.5838022880318761|126.8849652876481997_37.5832339947921312
2026-09-04T09:00:31.559343+09:00,DMC(디지털미디어시티),DMC(디지털미디어시티),POI084,KEY_1,1130086900,월드컵북로62길,1130051103,서울드와이트외국인학교,126.8860048570749086_37.5841085121615635,1130050402,서울일본인학교,126.8850709902395550_37.5831660711584163,133.0,16.0,서행,126.8850709902395550_37.5831660711584163|126.8856488572541821_37.5837356083076131|126.8860048570749086_37.5841085121615635
2026-09-04T09:00:31.559343+09:00,가산디지털단지역,가산디지털단지역,POI013,KEY_2,1160003501,남부순환로,1170016605,디지털단지오거리,126.8897211418423723_37.4793279122721970,1170017201,가산치안센터,126.8878517040770220_37.4802639980304875,197.0,9.0,정체,126.8878517040770220_37.4802639980304875|126.8881729322508960_37.4800224635507888|126.8884184403771087_37.4798608276333667|126.8885644024226167_37.4797738008962611|126.8887806547894712_37.4796831946810585|126.8894559098646369_37.4794074114802385|126.8896311235157128_37.4793504792482182|126.8897211418423723_37.4793279122721970
2026-09-04T09:00:31.559343+09:00,가산디지털단지역,가산디지털단지역,POI013,KEY_2,1160003502,남부순환로,1170017202,가산치안센터,126.8877563510179272_37.4803409344622338,1170017603,진도로터리,126.8865717208607293_37.4816908228100871,183.0,7.0,정체,126.8865717208607293_37.4816908228100871|126.8871910645151360_37.4808930497281807|126.8872533985144457_37.4808234240947442|126.8874024014183703_37.4806569906409237|126.8874901153701131_37.4805714099006124|126.8877563510179272_37.4803409344622338
2026-09-04T09:00:31.559343+09:00,가산디지털단지역,가산디지털단지역,POI013,KEY_2,1160006501,벚꽃로56길,1170017604,진도로터리,126.8864996062809212_37.4817824247397624,1170018001,가산동 87-228,126.8849888398732020_37.4830651069565590,196.0,11.0,정체,126.8849888398732020_37.4830651069565590|126.8853232502128066_37.4828384705037578|126.8858521011573970_37.4824308281103526|126.8860411166215130_37.4822371023176615|126.8862685425384029_37.4819537373762728|126.8864996062809212_37.4817824247397624
2026-09-04T09:00:31.559343+09:00,가산디지털단지역,가산디지털단지역,POI013,KEY_2,1160006502,벚꽃로56길,1170018002,가산동 87-228,126.8848823508648422_37.4831372761665094,1170018202,가산동교차로,126.8811914499102755_37.4855182683695247,421.0,22.0,서행,126.8811914499102755_37.4855182683695247|126.8813904809196913_37.4854471229337562|126.8819767830358245_37.4851063326005800|126.8838600897582154_37.4838300660555532|126.8848823508648422_37.4831372761665094
2026-09-04T09:00:31.559343+09:00,가산디지털단지역,가산디지털단지역,POI013,KEY_2,1160008101,남부순환로,1170019000,가리봉고가차도,126.8791756496076175_37.4863167028194511,1160009900,구로IC,126.8767113990122795_37.4884030681732270,323.0,7.0,정체,126.8767113990122795_37.4884030681732270|126.8773617738595050_37.4876151761703653|126.8779138587961057_37.4870541454600001|126.8780827941354943_37.4869124175203083|126.8783482283694468_37.4867677307161458|126.8791756496076175_37.4863167028194511
2026-09-04T09:00:31.559343+09:00,가산디지털단지역,가산디지털단지역,POI013,KEY_2,1160276200,남부순환로,1170023204,구로IC,126.8781042169384961_37.4863653494947258,1160119403,구로IC,126.8779377906354995_37.4865789505771190,28.0,3.0,정체,126.8779377906354995_37.4865789505771190|126.8781042169384961_37.4863653494947258
2026-09-04T09:00:31.559343+09:00,가산디지털단지역,가산디지털단지역,POI013,KEY_2,1170007901,디지털로,1170014101,디지털3단지교차로,126.8808941691960683_37.4759382777542669,1170014502,수출의다리고가차도(서측),126.8817270968934139_37.4761604725563657,78.0,12.0,정체,126.8817270968934139_37.4761604725563657|126.8808941691960683_37.4759382777542669
2026-09-04T09:00:31.559343+09:00,가산디지털단지역,가산디지털단지역,POI013,KEY_2,1170007902,디지털로,1170014502,수출의다리고가차도(서측),126.8817270968934139_37.4761604725563657,1170002804,창업경영신문,126.8831950703829676_37.4766334638794163,141.0,17.0,서행,126.8831950703829676_37.4766334638794163|126.8819600632701992_37.4762838037544910|126.8817270968934139_37.4761604725563657
2026-09-04T09:00:31.559343+09:00,가산디지털단지역,가산디지털단지역,POI013,KEY_2,1170008100,디지털로,1170014502,수출의다리고가차도(서측),126.8817270968934139_37.4761604725563657,1170014802,수출의다리고가차도(동측),126.8868851157251072_37.4776397125304612,485.0,11.0,정체,126.8868851157251072_37.4776397125304612|126.8849451085779663_37.4770773261663095|126.8844958007691304_37.4769546947428012|126.8832815434968353_37.4766005762184591|126.8817270968934139_37.4761604725563657
2026-09-04T09:00:31.559343+09:00,가산디지털단지역,가산디지털단지역,POI013,KEY_2,1170008501,디지털로,1170002901,가산동 60-35,126.8849706404372881_37.4771422536530636,1170014802,수출의다리고가차도(동측),126.8868851157251072_37.4776397125304612,179.0,19.0,서행,126.8868851157251072_37.4776397125304612|126.8866068412610275_37.4776165718272409|126.8849706404372881_37.4771422536530636
2026-09-04T09:00:31.559343+09:00,가산디지털단지역,가산디지털단지역,POI013,KEY_2,1170008502,디지털로,1170014802,수출의다리고가차도(동측),126.8868851157251072_37.4776397125304612,1170015304,마리오사거리,126.8879457849973704_37.4779606013956652,100.0,10.0,정체,126.8879457849973704_37.4779606013956652|126.8877937382763292_37.4779018553425018|126.8868851157251072_37.4776397125304612
2026-09-04T09:00:31.559343+09:00,가산디지털단지역,가산디지털단지역,POI013,KEY_2,1170008700,가산디지털2로,1170165900,가산동 450-2,126.8795693852690647_37.4785504672348466,1170003103,넥스트데일리,126.8792068995255988_37.4793524705919339,95.0,15.0,서행,126.8792068995255988_37.4793524705919339|126.8795693852690647_37.4785504672348466
2026-09-04T09:00:31.559343+09:00,가산디지털단지역,가산디지털단지역,POI013,KEY_2,1170008800,가산디지털2로,1170151300,가산동 450-2,126.8799342887909205_37.4780621502048774,1170014101,디지털3단지교차로,126.8808941691960683_37.4759382777542669,251.0,14.8,정체,126.8808941691960683_37.4759382777542669|126.8806351373934405_37.4765114353296767|126.8804550586407345_37.4769098885863343|126.8799342887909205_37.4780621502048774
2026-09-04T09:00:31.559343+09:00,가산디지털단지역,가산디지털단지역,POI013,KEY_2,1170009100,가산디지털1로,1170002804,창업경영신문,126.8831950703829676_37.4766334638794163,1170017103,우림라이온스밸리,126.8816733364257345_37.4800346466289866,401.0,13.0,정체,126.8816733364257345_37.4800346466289866|126.8831950703829676_37.4766334638794163
2026-09-04T09:00:31.559343+09:00,가산디지털단지역,가산디지털단지역,POI013,KEY_2,1170009200,가산디지털1로,1170017102,우림라이온스밸리,126.8818011270400490_37.4800709604220117,1170002801,창업경영신문,126.8833226910250147_37.4766701422596853,401.0,22.0,서행,126.8833226910250147_37.4766701422596853|126.8818011270400490_37.4800709604220117
2026-09-04T09:00:31.559343+09:00,가산디지털단지역,가산디지털단지역,POI013,KEY_2,1170009301,디지털로,1170015301,마리오사거리,126.8880672616053715_37.4780099944341174,1170015804,가산동 60-35,126.8888608195852470_37.4786422669334556,100.0,5.0,정체,126.8888608195852470_37.4786422669334556|126.8881409368257351_37.4780418229270751|126.8880672616053715_37.4780099944341174
2026-09-04T09:00:31.559343+09:00,가산디지털단지역,가산디지털단지역,POI013,KEY_2,1170009302,디지털로,1170015801,가산동 127-34,126.8889577744570971_37.4787220070768754,1170016605,디지털단지오거리,126.8897211418423723_37.4793279122721970,95.0,6.0,정체,126.8897211418423723_37.4793279122721970|126.8895964707636494_37.4792431250065050|126.8893402984789844_37.4790341130758478|126.8889577744570971_37.4787220070768754
2026-09-04T09:00:31.559343+09:00,가산디지털단지역,가산디지털단지역,POI013,KEY_2,1170009501,벚꽃로,1170002904,가산동 60-35,126.8848493716510859_37.4770937824342951,1170017303,가산디지털단지역,126.8833329550342484_37.4805985517580140,412.0,19.0,서행,126.8833329550342484_37.4805985517580140|126.8836020502718611_37.4799046444760648|126.8836391972232320_37.4798198577455253|126.8847971478063670_37.4771767696381630|126.8848493716510859_37.4770937824342951
2026-09-04T09:00:31.559343+09:00,가산디지털단지역,가산디지털단지역,POI013,KEY_2,1170009502,벚꽃로,1170017304,가산디지털단지역,126.8832914721379836_37.4806927127882901,1170003303,가산디지털단지역앞교차로,126.8828894882291110_37.4816141572351995,108.0,16.0,서행,126.8828894882291110_37.4816141572351995|126.8830619523466794_37.4811548390686653|126.8832914721379836_37.4806927127882901
2026-09-04T09:00:31.559343+09:00,가산디지털단지역,가산디지털단지역,POI013,KEY_2,1170009601,벚꽃로,1170168100,가산동 60-35,126.8837672852709773_37.4798554986572157,1170002901,가산동 60-35,126.8849706404372881_37.4771422536530636,319.0,30.0,원활,126.8849706404372881_37.4771422536530636|126.8849223436458260_37.4772190002988594|126.8837672852709773_37.4798554986572157
2026-09-04T09:00:31.559343+09:00,가산디지털단지역,가산디지털단지역,POI013,KEY_2,1170009602,벚꽃로,1170003302,가산디지털단지역앞교차로,126.8830194687454451_37.4816451521612635,1170017301,가산디지털단지역,126.8834176229635631_37.4807325035353074,107.0,22.0,서행,126.8834176229635631_37.4807325035353074|126.8831902554749149_37.4811902972294035|126.8830194687454451_37.4816451521612635
2026-09-04T09:00:31.559343+09:00,가산디지털단지역,가산디지털단지역,POI013,KEY_2,1170009700,가산디지털1로,1170003101,넥스트데일리,126.8792897949768275_37.4794901852118443,1170017104,우림라이온스밸리,126.8816281155147578_37.4801365859910831,219.0,10.0,정체,126.8816281155147578_37.4801365859910831|126.8792897949768275_37.4794901852118443
2026-09-04T09:00:31.559343+09:00,가산디지털단지역,가산디지털단지역,POI013,KEY_2,1170009800,가산디지털1로,1170017103,우림라이온스밸리,126.8816733364257345_37.4800346466289866,1170003102,넥스트데일리,126.8793349417991720_37.4793882254874120,219.0,13.0,정체,126.8793349417991720_37.4793882254874120|126.8816733364257345_37.4800346466289866
2026-09-04T09:00:31.559343+09:00,가산디지털단지역,가산디지털단지역,POI013,KEY_2,1170009901,디지털로9길,1170164100,가산동 60-35,126.8857907737875763_37.4806189633382587,1170017503,가산KS타워,126.8854049819534566_37.4811550680724608,69.0,12.0,정체,126.8854049819534566_37.4811550680724608|126.8854945275656974_37.4809843865200421|126.8857907737875763_37.4806189633382587
2026-09-04T09:00:31.559343+09:00,가산디지털단지역,가산디지털단지역,POI013,KEY_2,1170009902,디지털로9길,1170017504,가산KS타워,126.8853679062811182_37.4812594917756741,1170017803,가산동 602-6,126.8846865555989893_37.4822817629960028,146.0,10.0,정체,126.8846865555989893_37.4822817629960028|126.8847872687601921_37.4822837721918489|126.8849954357073386_37.4822479211715986|126.8850646930436028_37.4822359934149461|126.8850993805177296_37.4821999372626919|126.8853385586020295_37.4814344575109359|126.8853679062811182_37.4812594917756741
2026-09-04T09:00:31.559343+09:00,가산디지털단지역,가산디지털단지역,POI013,KEY_2,1170009903,벚꽃로38길,1170155100,가산동 46-1,126.8840151666784664_37.4820112742903930,1170003302,가산디지털단지역앞교차로,126.8830194687454451_37.4816451521612635,97.0,25.0,원활,126.8830194687454451_37.4816451521612635|126.8831886167514966_37.4817004430020972|126.8840151666784664_37.4820112742903930
2026-09-04T09:00:31.559343+09:00,가산디지털단지역,가산디지털단지역,POI013,KEY_2,1170010001,디지털로9길,1170157900,가산동 60-35,126.8876891962911060_37.4784763829253507,1170015301,마리오사거리,126.8880672616053715_37.4780099944341174,62.0,19.0,서행,126.8880672616053715_37.4780099944341174|126.8876891962911060_37.4784763829253507
2026-09-04T09:00:31.559343+09:00,가산디지털단지역,가산디지털단지역,POI013,KEY_2,1170010002,디지털로9길,1170164300,가산동 83-17,126.8850240952999968_37.4823536023999466,1170017501,가산KS타워,126.8854966385132741_37.4813080721727374,130.0,23.0,서행,126.8854966385132741_37.4813080721727374|126.8854720363983688_37.4814547452319502|126.8852242188884105_37.4822478778168318|126.8851420531717906_37.4823332874456128|126.8850240952999968_37.4823536023999466
2026-09-04T09:00:31.559343+09:00,가산디지털단지역,가산디지털단지역,POI013,KEY_2,1170010003,벚꽃로38길,1170003301,가산디지털단지역앞교차로,126.8829893206686705_37.4817521605425767,1170017805,가산동 44-2,126.8845113234408046_37.4823435056280232,150.0,13.0,정체,126.8845113234408046_37.4823435056280232|126.8844121273338743_37.4822801062946951|126.8839572660004364_37.4821090552079923|126.8831338864580545_37.4817994160133665|126.8829893206686705_37.4817521605425767
2026-09-04T09:00:31.559343+09:00,가산디지털단지역,가산디지털단지역,POI013,KEY_2,1170010100,가산디지털2로,1170163700,가산동 459-16,126.8780659482346493_37.4819818783020651,1170003403,에이스K1타워,126.8776671309272359_37.4829016927615086,108.0,16.0,서행,126.8776671309272359_37.4829016927615086|126.8780659482346493_37.4819818783020651
2026-09-04T09:00:31.559343+09:00,가산디지털단지역,가산디지털단지역,POI013,KEY_2,1170010200,가산디지털2로,1170158600,가산동 459-16,126.8788328581306786_37.4805441223066751,1170003101,넥스트데일리,126.8792897949768275_37.4794901852118443,124.0,15.0,서행,126.8792897949768275_37.4794901852118443|126.8790614862625290_37.4800167893449014|126.8788328581306786_37.4805441223066751
2026-09-04T09:00:31.559343+09:00,가산디지털단지역,가산디지털단지역,POI013,KEY_2,1170010300,가산디지털1로,1170150600,가산동 459-10,126.8808801590886901_37.4818370707626585,1170003503,한국훼스토사옥,126.8801118740768601_37.4835836867734358,205.0,18.0,서행,126.8801118740768601_37.4835836867734358|126.8803369051264553_37.4830721111243506|126.8808801590886901_37.4818370707626585
2026-09-04T09:00:31.559343+09:00,가산디지털단지역,가산디지털단지역,POI013,KEY_2,1170010400,가산디지털1로,1170167300,가산동 616-15,126.8813486780083650_37.4810987530050070,1170017101,우림라이온스밸리,126.8817561488803136_37.4801723509751810,109.0,20.5,서행,126.8817561488803136_37.4801723509751810|126.8815593348671769_37.4806198189058648|126.8813486780083650_37.4810987530050070
2026-09-04T09:00:31.559343+09:00,가산디지털단지역,가산디지털단지역,POI013,KEY_2,1170010500,가산디지털1로,1170003401,에이스K1타워,126.8777503253269572_37.4830394456682896,1170003504,한국훼스토사옥,126.8800667333185430_37.4836856482294465,217.0,18.0,서행,126.8800667333185430_37.4836856482294465|126.8780941474029760_37.4831353644310639|126.8777503253269572_37.4830394456682896
2026-09-04T09:00:31.559343+09:00,가산디지털단지역,가산디지털단지역,POI013,KEY_2,1170010600,가산디지털1로,1170003503,한국훼스토사옥,126.8801118740768601_37.4835836867734358,1170003402,에이스K1타워,126.8777951926237648_37.4829374080324058,217.0,14.0,정체,126.8777951926237648_37.4829374080324058|126.8781389769056318_37.4830333162361384|126.8801118740768601_37.4835836867734358
2026-09-04T09:00:31.559343+09:00,가산디지털단지역,가산디지털단지역,POI013,KEY_2,1170010700,가산디지털2로,1170003404,에이스K1타워,126.8776222640547218_37.4830037301974457,1170023003,한일유앤아이앞교차로,126.8764497305519399_37.4856050416145052,307.0,12.5,정체,126.8764497305519399_37.4856050416145052|126.8769530191521113_37.4844974112430336|126.8771270214393354_37.4841144613098365|126.8776222640547218_37.4830037301974457
2026-09-04T09:00:31.559343+09:00,가산디지털단지역,가산디지털단지역,POI013,KEY_2,1170010800,가산디지털2로,1170156100,가산동 481-16,126.8770714123987062_37.4845325912213241,1170003401,에이스K1타워,126.8777503253269572_37.4830394456682896,176.0,18.0,서행,126.8777503253269572_37.4830394456682896|126.8772551320893029_37.4841500725636081|126.8770714123987062_37.4845325912213241
2026-09-04T09:00:31.559343+09:00,가산디지털단지역,가산디지털단지역,POI013,KEY_2,1170010901,가산디지털1로,1170018402,구로IC,126.8790152981205779_37.4860597091810774,1170023202,구로IC,126.8782894081204518_37.4863251524316681,72.0,27.0,원활,126.8782894081204518_37.4863251524316681|126.8784915212230970_37.4863057342280257|126.8790152981205779_37.4860597091810774
2026-09-04T09:00:31.559343+09:00,가산디지털단지역,가산디지털단지역,POI013,KEY_2,1170010902,가산디지털1로,1170003504,한국훼스토사옥,126.8800667333185430_37.4836856482294465,1170018402,구로IC,126.8790152981205779_37.4860597091810774,279.0,13.5,정체,126.8790152981205779_37.4860597091810774|126.8790604212477149_37.4859441407688223|126.8793212295502570_37.4853588158684659|126.8795574099507206_37.4848287542369079|126.8800667333185430_37.4836856482294465
2026-09-04T09:00:31.559343+09:00,가산디지털단지역,가산디지털단지역,POI013,KEY_2,1170011000,가산디지털1로,1170150700,가산동 505-21,126.8794490895131304_37.4853949931488870,1170003501,한국훼스토사옥,126.8801945904667718_37.4837218246057446,197.0,24.0,서행,126.8801945904667718_37.4837218246057446|126.8796852690211807_37.4848649312325009|126.8794490895131304_37.4853949931488870
2026-09-04T09:00:31.559343+09:00,가산디지털단지역,가산디지털단지역,POI013,KEY_2,1170028300,디지털로,1170023502,철산교고가차도,126.8800949544824590_37.4757125871934207,1170013902,가산동 371-27,126.8802765869246230_37.4757477449477676,17.0,22.0,서행,126.8802765869246230_37.4757477449477676|126.8800949544824590_37.4757125871934207
2026-09-04T09:00:31.559343+09:00,가산디지털단지역,가산디지털단지역,POI013,KEY_2,1170028500,디지털로,1170013902,가산동 371-27,126.8802765869246230_37.4757477449477676,1170014104,디지털3단지교차로,126.8807666706382662_37.4759013303836070,47.0,28.0,원활,126.8807666706382662_37.4759013303836070|126.8802765869246230_37.4757477449477676
2026-09-04T09:00:31.559343+09:00,가산디지털단지역,가산디지털단지역,POI013,KEY_2,1170028900,디지털로,1170002801,창업경영신문,126.8833226910250147_37.4766701422596853,1170019102,가산동 371-37,126.8844718276479000_37.4770052692773135,108.0,7.0,정체,126.8844718276479000_37.4770052692773135|126.8833226910250147_37.4766701422596853
2026-09-04T09:00:31.559343+09:00,가산디지털단지역,가산디지털단지역,POI013,KEY_2,1170029200,서부샛길,1170153800,가산동 547-52,126.8767546681473988_37.4782024378307170,1170015903,가산동 544-13,126.8765381634038363_37.4785920668772263,47.0,10.0,정체,126.8765381634038363_37.4785920668772263|126.8766674236980521_37.4783525686198544|126.8767546681473988_37.4782024378307170
2026-09-04T09:00:31.559343+09:00,가산디지털단지역,가산디지털단지역,POI013,KEY_2,1170029300,서부샛길,1170151400,가산동 550-15,126.8780991489793593_37.4762654423675059,1170014301,가산동 550-22,126.8783120974288749_37.4759271076860259,42.0,16.0,서행,126.8783120974288749_37.4759271076860259|126.8780991489793593_37.4762654423675059
2026-09-04T09:00:31.559343+09:00,가산디지털단지역,가산디지털단지역,POI013,KEY_2,1170030000,가산디지털2로,1170164700,가산동 547-99,126.8773536677577454_37.4788296880376564,1170015902,가산동 544-13,126.8766627919840744_37.4786347879414308,65.0,12.0,정체,126.8766627919840744_37.4786347879414308|126.8773536677577454_37.4788296880376564
2026-09-04T09:00:31.559343+09:00,가산디지털단지역,가산디지털단지역,POI013,KEY_2,1170030100,가산디지털2로,1170015901,가산동 544-12,126.8766133438417967_37.4787355332651373,1170003104,넥스트데일리,126.8791617565880898_37.4794544305682820,239.0,15.0,서행,126.8791617565880898_37.4794544305682820|126.8773083963655779_37.4789316116942430|126.8766133438417967_37.4787355332651373
2026-09-04T09:00:31.559343+09:00,가산디지털단지역,가산디지털단지역,POI013,KEY_2,1170030200,서부간선도로,1170023102,철산교,126.8780496419956876_37.4758314471784288,1170017902,광명대교,126.8742441723002514_37.4831753643997345,884.0,12.0,정체,126.8742441723002514_37.4831753643997345|126.8742841358361062_37.4830666454064314|126.8746521467129043_37.4820934591778610|126.8757447269381515_37.4798258450576327|126.8762013804379194_37.4788734274832294|126.8764080609626461_37.4784287554216320|126.8767237674334041_37.4779089228715350|126.8772010922821636_37.4771584487192797|126.8780496419956876_37.4758314471784288
2026-09-04T09:00:31.559343+09:00,가산디지털단지역,가산디지털단지역,POI013,KEY_2,1170030300,서부간선도로,1170017901,광명대교,126.8743744262892932_37.4832057708655171,1170023101,철산교,126.8781714453113096_37.4758789730092374,881.0,55.3,원활,126.8781714453113096_37.4758789730092374|126.8768453846509772_37.4779569383214692|126.8765330638727704_37.4784711983867780|126.8763284069663797_37.4789115164048496|126.8758714678139228_37.4798645333357214|126.8747806505455884_37.4821284959943171|126.8745671705812583_37.4826930422461686|126.8744142413161313_37.4830974513846513|126.8743744262892932_37.4832057708655171
2026-09-04T09:00:31.559343+09:00,가산디지털단지역,가산디지털단지역,POI013,KEY_2,1170030400,디지털로11길,1170015804,가산동 60-35,126.8888608195852470_37.4786422669334556,1170017202,가산치안센터,126.8877563510179272_37.4803409344622338,225.0,17.0,서행,126.8877563510179272_37.4803409344622338|126.8876487189374700_37.4802532686979433|126.8876152582835175_37.4801857324034202|126.8877781348083573_37.4799839046579919|126.8888608195852470_37.4786422669334556
2026-09-04T09:00:31.559343+09:00,가산디지털단지역,가산디지털단지역,POI013,KEY_2,1170030500,디지털로11길,1170017201,가산치안센터,126.8878517040770220_37.4802639980304875,1170015801,가산동 127-34,126.8889577744570971_37.4787220070768754,205.0,14.0,정체,126.8889577744570971_37.4787220070768754|126.8878922441530221_37.4800423892421009|126.8877682556147874_37.4801960294957510|126.8878517040770220_37.4802639980304875
2026-09-04T09:00:31.559343+09:00,가산디지털단지역,가산디지털단지역,POI013,KEY_2,1170030600,서부샛길,1170156300,가산동 542-18,126.8762015040739612_37.4792846998089075,1170017703,가산동 535-140,126.8748589685998525_37.4821163650056377,336.0,22.0,서행,126.8748589685998525_37.4821163650056377|126.8752476347248290_37.4812862732621923|126.8754964236416640_37.4807660887605039|126.8755720501943642_37.4806079621604198|126.8758630488654546_37.4799995100011856|126.8762015040739612_37.4792846998089075
2026-09-04T09:00:31.559343+09:00,가산디지털단지역,가산디지털단지역,POI013,KEY_2,1170030700,서부샛길,1170156400,가산동 543-1,126.8763284381504661_37.4793228710363309,1170015901,가산동 544-12,126.8766133438417967_37.4787355332651373,70.0,29.0,원활,126.8766133438417967_37.4787355332651373|126.8764689858910373_37.4790635996740278|126.8764086333215033_37.4791534977809491|126.8763284381504661_37.4793228710363309
2026-09-04T09:00:31.559343+09:00,가산디지털단지역,가산디지털단지역,POI013,KEY_2,1170031000,벚꽃로36길,1170017503,가산KS타워,126.8854049819534566_37.4811550680724608,1170017302,가산디지털단지역,126.8834625777253109_37.4806304764118963,181.0,7.0,정체,126.8834625777253109_37.4806304764118963|126.8845092248789683_37.4809084600321043|126.8851637740912679_37.4810822988738792|126.8854049819534566_37.4811550680724608
2026-09-04T09:00:31.559343+09:00,가산디지털단지역,가산디지털단지역,POI013,KEY_2,1170031100,벚꽃로36길,1170168600,가산동 60-35,126.8844663288588350_37.4810110345676577,1170017504,가산KS타워,126.8853679062811182_37.4812594917756741,84.0,14.0,정체,126.8853679062811182_37.4812594917756741|126.8851182907982178_37.4811841866554118|126.8844663288588350_37.4810110345676577
2026-09-04T09:00:31.559343+09:00,가산디지털단지역,가산디지털단지역,POI013,KEY_2,1170031200,벚꽃로36길,1170017603,진도로터리,126.8865717208607293_37.4816908228100871,1170017502,가산KS타워,126.8855287992586085_37.4811993588658439,107.0,8.0,정체,126.8855287992586085_37.4811993588658439|126.8856946300879258_37.4812690241665081|126.8865717208607293_37.4816908228100871
2026-09-04T09:00:31.559343+09:00,가산디지털단지역,가산디지털단지역,POI013,KEY_2,1170031300,벚꽃로36길,1170017501,가산KS타워,126.8854966385132741_37.4813080721727374,1170017604,진도로터리,126.8864996062809212_37.4817824247397624,103.0,6.0,정체,126.8864996062809212_37.4817824247397624|126.8856278911453188_37.4813632104785341|126.8854966385132741_37.4813080721727374
2026-09-04T09:00:31.559343+09:00,가산디지털단지역,가산디지털단지역,POI013,KEY_2,1170031600,가산디지털2로,1170003403,에이스K1타워,126.8776671309272359_37.4829016927615086,1170017702,가산동 535-140,126.8749860827710734_37.4821541629738917,251.0,15.0,서행,126.8749860827710734_37.4821541629738917|126.8771006730682416_37.4827437593072830|126.8776671309272359_37.4829016927615086
2026-09-04T09:00:31.559343+09:00,가산디지털단지역,가산디지털단지역,POI013,KEY_2,1170031700,가산디지털2로,1170017701,가산동 535-140,126.8749405965466508_37.4822560278924541,1170003404,에이스K1타워,126.8776222640547218_37.4830037301974457,251.0,19.0,서행,126.8776222640547218_37.4830037301974457|126.8770558675186066_37.4828458138785905|126.8749405965466508_37.4822560278924541
2026-09-04T09:00:31.559343+09:00,가산디지털단지역,가산디지털단지역,POI013,KEY_2,1170031800,벚꽃로38길,1170018001,가산동 87-228,126.8849888398732020_37.4830651069565590,1170017802,가산동 602-6,126.8846772351536458_37.4823809587892427,81.0,22.0,서행,126.8846772351536458_37.4823809587892427|126.8846856655747217_37.4824789783436785|126.8847230497314200_37.4825887441221894|126.8848857802843639_37.4829088102786230|126.8849888398732020_37.4830651069565590
2026-09-04T09:00:31.559343+09:00,가산디지털단지역,가산디지털단지역,POI013,KEY_2,1170031900,벚꽃로38길,1170017806,가산동 602-6,126.8845429062670860_37.4824003203607106,1170018002,가산동 87-228,126.8848823508648422_37.4831372761665094,88.0,18.0,서행,126.8848823508648422_37.4831372761665094|126.8847625679666606_37.4829543974171813|126.8845942445571637_37.4826233297257261|126.8845512215779223_37.4824970086767024|126.8845429062670860_37.4824003203607106
2026-09-04T09:00:31.559343+09:00,가산디지털단지역,가산디지털단지역,POI013,KEY_2,1170032000,서부샛길,1170017704,가산동 535-140,126.8748120880016330_37.4822213561447128,1170018102,광명대교,126.8740587812258696_37.4851270971715280,330.0,22.0,서행,126.8740587812258696_37.4851270971715280|126.8741436649035990_37.4846873682491832|126.8741537951397902_37.4846348895166557|126.8742036013845649_37.4842427896649255|126.8742494009264590_37.4839837526722377|126.8742891614991066_37.4838292628454326|126.8743330290148634_37.4836588147161365|126.8746081909190053_37.4827012903680625|126.8748120880016330_37.4822213561447128
2026-09-04T09:00:31.559343+09:00,가산디지털단지역,가산디지털단지역,POI013,KEY_2,1170032100,서부샛길,1170168200,가산동 536-14,126.8744238567562235_37.4838473620564159,1170017701,가산동 535-140,126.8749405965466508_37.4822560278924541,183.0,22.0,서행,126.8749405965466508_37.4822560278924541|126.8747379563199473_37.4827330065497080|126.8745128245454907_37.4834893090519898|126.8744308419180982_37.4838078535391972|126.8744238567562235_37.4838473620564159
2026-09-04T09:00:31.559343+09:00,가산디지털단지역,가산디지털단지역,POI013,KEY_2,1170043900,가마산로,1170023001,한일유앤아이앞교차로,126.8765517662187534_37.4857476377097569,1170023204,구로IC,126.8781042169384961_37.4863653494947258,154.0,4.0,정체,126.8781042169384961_37.4863653494947258|126.8778462666792564_37.4862478999184319|126.8772797986363656_37.4859894003297995|126.8767786420606427_37.4858124623021354|126.8765517662187534_37.4857476377097569
2026-09-04T09:00:31.559343+09:00,가산디지털단지역,가산디지털단지역,POI013,KEY_2,1170032200,벚꽃로,1170003304,가산디지털단지역앞교차로,126.8828556252263553_37.4817337593798925,1170018203,가산동교차로,126.8810193619301288_37.4855797823955541,457.0,22.0,서행,126.8810193619301288_37.4855797823955541|126.8814549818461330_37.4846175107537718|126.8816762697065883_37.4841371457142856|126.8819732803121099_37.4835805968858509|126.8821895137885321_37.4831754053464792|126.8823893348157696_37.4827592756745958|126.8825550680871004_37.4824141303692215|126.8826465093475946_37.4822236992901168|126.8827737257268780_37.4819587629643607|126.8828437361635224_37.4817886175017208|126.8828556252263553_37.4817337593798925
2026-09-04T09:00:31.559343+09:00,가산디지털단지역,가산디지털단지역,POI013,KEY_2,1170032300,벚꽃로,1170157400,가산동 34-91,126.8827732242271651_37.4822623402857431,1170003301,가산디지털단지역앞교차로,126.8829893206686705_37.4817521605425767,60.0,34.7,원활,126.8829893206686705_37.4817521605425767|126.8829757450834563_37.4818148018831323|126.8829016185382415_37.4819949499432283|126.8827732242271651_37.4822623402857431
2026-09-04T09:00:31.559343+09:00,가산디지털단지역,가산디지털단지역,POI013,KEY_2,1170032400,서부간선도로,1170017902,광명대교,126.8742441723002514_37.4831753643997345,1170022903,금천구-광명시,126.8734821978691230_37.4850995426429492,225.0,30.0,원활,126.8734821978691230_37.4850995426429492|126.8736948615680831_37.4844914584934017|126.8739616413024578_37.4837516950747229|126.8741225826684911_37.4833138490987423|126.8742441723002514_37.4831753643997345
2026-09-04T09:00:31.559343+09:00,가산디지털단지역,가산디지털단지역,POI013,KEY_2,1170032500,서부간선도로,1170022902,금천구-광명시,126.8737588846273923_37.4851140302723067,1170017901,광명대교,126.8743744262892932_37.4832057708655171,219.0,9.0,정체,126.8743744262892932_37.4832057708655171|126.8743604958764450_37.4834381828801071|126.8739559928559828_37.4845504191062844|126.8737588846273923_37.4851140302723067
2026-09-04T09:00:31.559343+09:00,가산디지털단지역,가산디지털단지역,POI013,KEY_2,1170032600,서부간선도로,2130001604,금천구-광명시,126.8734167913569877_37.4857818034045209,1170017901,광명대교,126.8743744262892932_37.4832057708655171,298.0,69.0,원활,126.8743744262892932_37.4832057708655171|126.8738910636768082_37.4845347984241712|126.8734167913569877_37.4857818034045209
2026-09-04T09:00:31.559343+09:00,가산디지털단지역,가산디지털단지역,POI013,KEY_2,1170032700,서부간선도로,1170017902,광명대교,126.8742441723002514_37.4831753643997345,2130001605,금천구-광명시,126.8733111410033843_37.4857606763575504,299.0,43.0,원활,126.8733111410033843_37.4857606763575504|126.8737601144272276_37.4845061759182911|126.8740267697573216_37.4837667537030796|126.8742441723002514_37.4831753643997345
2026-09-04T09:00:31.559343+09:00,가산디지털단지역,가산디지털단지역,POI013,KEY_2,1170032800,서부간선도로,2130001604,금천구-광명시,126.8734167913569877_37.4857818034045209,1170022901,금천구-광명시,126.8737210965491045_37.4852198895296880,68.0,44.0,원활,126.8737210965491045_37.4852198895296880|126.8735624265544004_37.4856033073380033|126.8734167913569877_37.4857818034045209
2026-09-04T09:00:31.559343+09:00,가산디지털단지역,가산디지털단지역,POI013,KEY_2,1170032900,서부간선도로,1170022904,금천구-광명시,126.8734457962195279_37.4852015732672896,2130001605,금천구-광명시,126.8733111410033843_37.4857606763575504,64.0,2.0,정체,126.8733111410033843_37.4857606763575504|126.8733240737339401_37.4855316814037565|126.8734457962195279_37.4852015732672896
2026-09-04T09:00:31.559343+09:00,가산디지털단지역,가산디지털단지역,POI013,KEY_2,1170033000,남부순환로,1170018700,구로구-금천구,126.8790815469585880_37.4864162607002811,1170018401,구로IC,126.8791448623472178_37.4860989419166160,36.0,33.5,원활,126.8791448623472178_37.4860989419166160|126.8791164766049633_37.4862132444492389|126.8790891626350685_37.4863324792847834|126.8790815469585880_37.4864162607002811
2026-09-04T09:00:31.559343+09:00,가산디지털단지역,가산디지털단지역,POI013,KEY_2,1170043300,서부간선도로,1170023101,철산교,126.8781714453113096_37.4758789730092374,1170023401,철산교교차로,126.8792146732295976_37.4741770255893343,210.0,55.5,원활,126.8792146732295976_37.4741770255893343|126.8791512669663177_37.4742680248910673|126.8785461422459235_37.4752412749364154|126.8784617030426745_37.4753839935928355|126.8781714453113096_37.4758789730092374
2026-09-04T09:00:31.559343+09:00,가산디지털단지역,가산디지털단지역,POI013,KEY_2,1170043400,서부간선도로,1170023402,철산교교차로,126.8791102050527684_37.4741042433240850,1170023102,철산교,126.8780496419956876_37.4758314471784288,213.0,12.0,정체,126.8780496419956876_37.4758314471784288|126.8784241722095771_37.4751939636416651|126.8790311411188014_37.4742177436715664|126.8791102050527684_37.4741042433240850
2026-09-04T09:00:31.559343+09:00,가산디지털단지역,가산디지털단지역,POI013,KEY_2,1170043600,디지털로,1170023301,철산대교,126.8786566066053894_37.4753214467683478,1170023502,철산교고가차도,126.8800949544824590_37.4757125871934207,134.0,42.0,원활,126.8800949544824590_37.4757125871934207|126.8786566066053894_37.4753214467683478
2026-09-04T09:00:31.559343+09:00,가산디지털단지역,가산디지털단지역,POI013,KEY_2,1170043700,서부샛길,1170023101,철산교,126.8781714453113096_37.4758789730092374,1170023301,철산대교,126.8786566066053894_37.4753214467683478,75.0,30.0,원활,126.8786566066053894_37.4753214467683478|126.8781714453113096_37.4758789730092374
2026-09-04T09:00:31.559343+09:00,가산디지털단지역,가산디지털단지역,POI013,KEY_2,1170043800,가마산로,1170023203,구로IC,126.8781715420438019_37.4862714751951671,1170023002,한일유앤아이앞교차로,126.8765440518033216_37.4856305734552890,161.0,26.0,원활,126.8765440518033216_37.4856305734552890|126.8768290793187106_37.4857120254992182|126.8773411424120496_37.4858928057238785|126.8779136422489131_37.4861540250904710|126.8781715420438019_37.4862714751951671
2026-09-04T09:00:31.559343+09:00,가산디지털단지역,가산디지털단지역,POI013,KEY_2,1170044000,가마산로,1160002600,구로구-금천구,126.8787546103777828_37.4865587443682529,1170023202,구로IC,126.8782894081204518_37.4863251524316681,49.0,38.0,원활,126.8782894081204518_37.4863251524316681|126.8783716099286067_37.4863625878676814|126.8787546103777828_37.4865587443682529
2026-09-04T09:00:31.559343+09:00,가산디지털단지역,가산디지털단지역,POI013,KEY_2,1170044100,가마산로,1170023201,구로IC,126.8782220883242502_37.4864190188929030,1160008600,구로IC교차로,126.8786626732868825_37.4866401190959166,46.0,3.0,정체,126.8786626732868825_37.4866401190959166|126.8783012361690226_37.4864550569965189|126.8782220883242502_37.4864190188929030
2026-09-04T09:00:31.559343+09:00,가산디지털단지역,가산디지털단지역,POI013,KEY_2,1170044201,남부순환로,1170169300,최소노드배치점,126.8822665721246352_37.4849710662941860,1170019000,가리봉고가차도,126.8791756496076175_37.4863167028194511,313.0,9.0,정체,126.8791756496076175_37.4863167028194511|126.8795977657532745_37.4861425221933544|126.8803209840576471_37.4858849248429351|126.8809917090289616_37.4856484551944149|126.8812938588655328_37.4855283549657656|126.8814598900988813_37.4854548625366562|126.8821731209506112_37.4850349575400301|126.8822665721246352_37.4849710662941860
2026-09-04T09:00:31.559343+09:00,가산디지털단지역,가산디지털단지역,POI013,KEY_2,1170044401,남부순환로,1170017604,진도로터리,126.8864996062809212_37.4817824247397624,1160119703,가산동 87-228,126.8849676600162297_37.4831497843805792,205.0,6.0,정체,126.8849676600162297_37.4831497843805792|126.8855355875806055_37.4827596705933672|126.8857488716080582_37.4826120558047649|126.8859756879799647_37.4824256035163046|126.8860754726341327_37.4823234017196043|126.8864996062809212_37.4817824247397624
2026-09-04T09:00:31.559343+09:00,가산디지털단지역,가산디지털단지역,POI013,KEY_2,2130003700,가마산로,1170022901,금천구-광명시,126.8737210965491045_37.4852198895296880,1170023004,한일유앤아이앞교차로,126.8764065934058607_37.4857075652449510,244.0,24.0,서행,126.8764065934058607_37.4857075652449510|126.8758372667077765_37.4855633058797721|126.8751884228181837_37.4854021500352275|126.8748092360707460_37.4853289942778574|126.8740455173326467_37.4852429319146481|126.8737210965491045_37.4852198895296880
2026-09-04T09:00:31.559343+09:00,가산디지털단지역,가산디지털단지역,POI013,KEY_2,2130003800,가마산로,1170023003,한일유앤아이앞교차로,126.8764497305519399_37.4856050416145052,1170022902,금천구-광명시,126.8737588846273923_37.4851140302723067,245.0,9.0,정체,126.8737588846273923_37.4851140302723067|126.8740610488251548_37.4851354942786159|126.8748347677250621_37.4852226501480530|126.8752246104701555_37.4852979002086286|126.8758780173978948_37.4854601499689437|126.8764497305519399_37.4856050416145052
2026-09-04T09:00:31.559343+09:00,가산디지털단지역,가산디지털단지역,POI013,KEY_2,2130005900,디지털로,2130010101,철산대교사거리,126.8760760325830859_37.4746055471850141,1170023301,철산대교,126.8786566066053894_37.4753214467683478,242.0,13.0,정체,126.8786566066053894_37.4753214467683478|126.8781441417533955_37.4751502438280255|126.8760760325830859_37.4746055471850141
2026-09-04T09:00:31.559343+09:00,가산디지털단지역,가산디지털단지역,POI013,KEY_2,2130006200,가마산로,1160119302,구로현대로얄아파트,126.8774535794735243_37.4870541215173674,1170023001,한일유앤아이앞교차로,126.8765517662187534_37.4857476377097569,171.0,15.0,서행,126.8765517662187534_37.4857476377097569|126.8765848292610627_37.4859164939894995|126.8765939865786123_37.4860499004509009|126.8766411101054103_37.4862142745454250|126.8767186103615217_37.4863205256784866|126.8768765484934136_37.4864989313129797|126.8771816105266197_37.4868254937788166|126.8773875479257214_37.4870177123956125|126.8774535794735243_37.4870541215173674
2026-09-04T09:00:31.559343+09:00,가산디지털단지역,가산디지털단지역,POI013,KEY_2,2130037200,가마산로,1170022903,금천구-광명시,126.8734821978691230_37.4850995426429492,2130012802,광명대교사거리,126.8710246817804688_37.4849333097879693,218.0,5.0,정체,126.8710246817804688_37.4849333097879693|126.8711334546059959_37.4849340255628292|126.8713709553037603_37.4849265248893673|126.8734821978691230_37.4850995426429492
2026-09-04T09:00:31.559343+09:00,가산디지털단지역,가산디지털단지역,POI013,KEY_2,2130037300,가마산로,2130012801,광명대교사거리,126.8709844969789344_37.4850411728194999,1170022904,금천구-광명시,126.8734457962195279_37.4852015732672896,219.0,8.0,정체,126.8734457962195279_37.4852015732672896|126.8713640170870747_37.4850349311023550|126.8711355799803329_37.4850421497208615|126.8709844969789344_37.4850411728194999
2026-09-04T09:00:31.559343+09:00,가산디지털단지역,가산디지털단지역,POI013,KEY_2,2130048500,서부간선도로,2130001602,세진자동차정비센터,126.8731138749185021_37.4871474213395715,2130001604,금천구-광명시,126.8734167913569877_37.4857818034045209,154.0,67.0,원활,126.8734167913569877_37.4857818034045209|126.8731138749185021_37.4871474213395715
2026-09-04T09:00:31.559343+09:00,가산디지털단지역,가산디지털단지역,POI013,KEY_2,2130048600,서부간선도로,2130001605,금천구-광명시,126.8733111410033843_37.4857606763575504,2130001603,세진자동차정비센터,126.8729809575309986_37.4871260344337003,154.0,28.0,원활,126.8729809575309986_37.4871260344337003|126.8733111410033843_37.4857606763575504
2026-09-04T09:00:31.559343+09:00,강남역,강남역,POI014,KEY_3,1210054400,서초대로74길,1210216800,서초동 1398,127.0262898811845957_37.4965833263985431,1210033703,윤빌딩,127.0259041388009109_37.4973919554259822,96.0,16.0,서행,127.0259041388009109_37.4973919554259822|127.0262898811845957_37.4965833263985431
2026-09-04T09:00:31.559343+09:00,강남역,강남역,POI014,KEY_3,1210020001,사임당로,1210415300,서초동 1419,127.0292323976334075_37.4928850031516703,1220006304,우성아파트앞사거리,127.0298809732350946_37.4930795966086521,61.0,18.0,서행,127.0298809732350946_37.4930795966086521|127.0292323976334075_37.4928850031516703
2026-09-04T09:00:31.559343+09:00,강남역,강남역,POI014,KEY_3,1210020101,사임당로,1210360800,서초동 1419,127.0283021951469919_37.4924903721082217,1210030502,서이초교사거리,127.0266740331770166_37.4920018339467589,154.0,6.7,정체,127.0266740331770166_37.4920018339467589|127.0283021951469919_37.4924903721082217
2026-09-04T09:00:31.559343+09:00,강남역,강남역,POI014,KEY_3,1210022202,서초대로,1210033401,진흥아파트앞교차로,127.0242802822726844_37.4970075567363992,1210033704,윤빌딩,127.0258548542651624_37.4974926936972466,149.0,37.0,원활,127.0258548542651624_37.4974926936972466|127.0251665089917026_37.4972806128327818|127.0250399262904324_37.4972416118408773|127.0242802822726844_37.4970075567363992
2026-09-04T09:00:31.559343+09:00,강남역,강남역,POI014,KEY_3,1210022203,서초대로,1210373100,서초동 1377,127.0264489335689433_37.4976757265136271,1210034104,강남역사거리,127.0275555290794074_37.4980166525441376,105.0,27.3,원활,127.0275555290794074_37.4980166525441376|127.0264489335689433_37.4976757265136271
2026-09-04T09:00:31.559343+09:00,강남역,강남역,POI014,KEY_3,1210022302,서초대로,1210033703,윤빌딩,127.0259041388009109_37.4973919554259822,1210033502,부띠크모나코뮤지엄,127.0252154534745728_37.4971797698303249,65.0,8.0,정체,127.0252154534745728_37.4971797698303249|127.0259041388009109_37.4973919554259822
2026-09-04T09:00:31.559343+09:00,강남역,강남역,POI014,KEY_3,1210022303,서초대로,1210034103,강남역사거리,127.0276030282322353_37.4979153641312806,1210033702,윤빌딩,127.0260307099654398_37.4974309517033291,149.0,4.0,정체,127.0260307099654398_37.4974309517033291|127.0264978765125790_37.4975748829649973|127.0276030282322353_37.4979153641312806
2026-09-04T09:00:31.559343+09:00,강남역,강남역,POI014,KEY_3,1210025402,사평대로,1210134700,반포동 749-35,127.0236141059144614_37.5043118599685954,1210040404,교보타워사거리,127.0243991052031305_37.5045524553287137,74.0,34.7,원활,127.0243991052031305_37.5045524553287137|127.0236141059144614_37.5043118599685954
2026-09-04T09:00:31.559343+09:00,강남역,강남역,POI014,KEY_3,1210025502,사평대로,1210236300,서초동 1413,127.0234894173690634_37.5041577975041776,1210039302,양정빌딩,127.0229020145832664_37.5039777585302119,56.0,8.0,정체,127.0229020145832664_37.5039777585302119|127.0234894173690634_37.5041577975041776
2026-09-04T09:00:31.559343+09:00,강남역,강남역,POI014,KEY_3,1210053600,강남대로55길,1210033004,삼성타운,127.0266857689022544_37.4957536970583831,1210032702,더에셋,127.0259776820794997_37.4955386588283872,67.0,14.0,정체,127.0259776820794997_37.4955386588283872|127.0266857689022544_37.4957536970583831
2026-09-04T09:00:31.559343+09:00,강남역,강남역,POI014,KEY_3,1210053700,강남대로55길,1210032701,더에셋,127.0259293124109234_37.4956396778841849,1210033005,삼성타운,127.0266374387400532_37.4958547278587062,67.0,17.0,서행,127.0266374387400532_37.4958547278587062|127.0259293124109234_37.4956396778841849
2026-09-04T09:00:31.559343+09:00,강남역,강남역,POI014,KEY_3,1210053801,강남대로55길,1210191200,서초동 1327-36,127.0272404832483488_37.4959221540181886,1210033003,삼성타운,127.0268125713474916_37.4957922050099555,40.0,10.0,정체,127.0268125713474916_37.4957922050099555|127.0272404832483488_37.4959221540181886
2026-09-04T09:00:31.559343+09:00,강남역,강남역,POI014,KEY_3,1210053802,강남대로55길,1210033203,강남역(신분당선),127.0283572661165579_37.4962612914871656,1210033007,강남역(신분당선),127.0277803841059381_37.4960861092022952,55.0,10.0,정체,127.0277803841059381_37.4960861092022952|127.0283572661165579_37.4962612914871656
2026-09-04T09:00:31.559343+09:00,강남역,강남역,POI014,KEY_3,1210053901,강남대로55길,1210033006,강남역(신분당선),127.0277320549546687_37.4961871406859260,1210033204,강남역(신분당선),127.0283100116079567_37.4963626493360778,55.0,17.0,서행,127.0283100116079567_37.4963626493360778|127.0277320549546687_37.4961871406859260
2026-09-04T09:00:31.559343+09:00,강남역,강남역,POI014,KEY_3,1210053902,강남대로55길,1210033002,삼성타운,127.0267642413025158_37.4958932358491239,1210033009,강남역(신분당선),127.0276052375956084_37.4961486294656154,80.0,13.0,정체,127.0276052375956084_37.4961486294656154|127.0271921536036501_37.4960231851536534|127.0267642413025158_37.4958932358491239
2026-09-04T09:00:31.559343+09:00,강남역,강남역,POI014,KEY_3,1210054500,서초대로74길,1210033702,윤빌딩,127.0260307099654398_37.4974309517033291,1210033002,삼성타운,127.0267642413025158_37.4958932358491239,183.0,10.0,정체,127.0267642413025158_37.4958932358491239|127.0264167297892470_37.4966217393929426|127.0260307099654398_37.4974309517033291
2026-09-04T09:00:31.559343+09:00,강남역,강남역,POI014,KEY_3,1210055400,강남대로61길,1210034701,서초초교,127.0235391206333873_37.4985356638665053,1210035204,서초동 1417,127.0251133763993892_37.4990052283610922,149.0,2.0,정체,127.0251133763993892_37.4990052283610922|127.0243740858838351_37.4987847182566867|127.0235391206333873_37.4985356638665053
2026-09-04T09:00:31.559343+09:00,강남역,강남역,POI014,KEY_3,1210055600,강남대로61길,1210418200,서초동 1417,127.0257829298254109_37.4990960560013917,1210035202,서초동 1417,127.0252893737708320_37.4989430293845913,47.0,6.0,정체,127.0252893737708320_37.4989430293845913|127.0257829298254109_37.4990960560013917
2026-09-04T09:00:31.559343+09:00,강남역,강남역,POI014,KEY_3,1210055700,강남대로61길,1210401600,서초동 1417,127.0261124478687265_37.4993142400926160,1210035404,서초동 1373,127.0268224853808761_37.4995343793171756,67.0,5.0,정체,127.0268224853808761_37.4995343793171756|127.0261124478687265_37.4993142400926160
2026-09-04T09:00:31.559343+09:00,강남역,강남역,POI014,KEY_3,1210056100,서초대로73길,1210409800,서초동 1389,127.0236643794922031_37.5020492808981771,1210038103,서초푸르지오써밋2단지아파트,127.0233853819339487_37.5026409362391178,70.0,12.0,정체,127.0233853819339487_37.5026409362391178|127.0236643794922031_37.5020492808981771
2026-09-04T09:00:31.559343+09:00,강남역,강남역,POI014,KEY_3,1210056200,서초대로73길,1210364100,서초동 1391,127.0240545656601086_37.5015292588755429,1210035201,서초동 1417,127.0252401586390647_37.4990437889059507,295.0,19.0,서행,127.0252401586390647_37.4990437889059507|127.0242391703617812_37.5011377644102453|127.0240545656601086_37.5015292588755429
2026-09-04T09:00:31.559343+09:00,강남역,강남역,POI014,KEY_3,1210057000,서운로26길,1210038103,서초푸르지오써밋2단지아파트,127.0233853819339487_37.5026409362391178,1210037402,서초4동주민센터,127.0218282543338546_37.5021676027010855,147.0,15.0,서행,127.0218282543338546_37.5021676027010855|127.0222929628553601_37.5023088669464926|127.0233853819339487_37.5026409362391178
2026-09-04T09:00:31.559343+09:00,강남역,강남역,POI014,KEY_3,1210057100,서운로26길,1210388100,서초동 1302-6,127.0222445833544498_37.5024098842265374,1210038104,서초푸르지오써밋2단지아파트,127.0233377260351233_37.5027421735315016,103.0,9.0,정체,127.0233377260351233_37.5027421735315016|127.0222445833544498_37.5024098842265374
2026-09-04T09:00:31.559343+09:00,강남역,강남역,POI014,KEY_3,1210057700,사평대로56길,1210038104,서초푸르지오써밋2단지아파트,127.0233377260351233_37.5027421735315016,1210039303,양정빌딩,127.0227753209311885_37.5039389866395183,142.0,18.0,서행,127.0227753209311885_37.5039389866395183|127.0233377260351233_37.5027421735315016
2026-09-04T09:00:31.559343+09:00,강남역,강남역,POI014,KEY_3,1210057800,사평대로56길,1210039302,양정빌딩,127.0229020145832664_37.5039777585302119,1210038101,서초푸르지오써밋2단지아파트,127.0234674391860921_37.5027745145973768,143.0,14.0,정체,127.0234674391860921_37.5027745145973768|127.0229020145832664_37.5039777585302119
2026-09-04T09:00:31.559343+09:00,강남역,강남역,POI014,KEY_3,1210172200,서초대로77길,1210082402,서초동 1309-12,127.0246208303307327_37.5023342996229516,1210038102,서초푸르지오써밋2단지아파트,127.0235154848242018_37.5026724719820592,109.0,7.0,정체,127.0235154848242018_37.5026724719820592|127.0235605027470882_37.5026574669446049|127.0238729763156584_37.5024491592639393|127.0239918461970205_37.5024095377816664|127.0242144189857498_37.5023920831073028|127.0242153286376663_37.5023920117694232|127.0244981705713059_37.5023756173163889|127.0245684570023315_37.5023622299920731|127.0246208303307327_37.5023342996229516
2026-09-04T09:00:31.559343+09:00,강남역,강남역,POI014,KEY_3,1210172300,서초대로73길,1210033704,윤빌딩,127.0258548542651624_37.4974926936972466,1210082502,한국무라타전자본사,127.0254697726481936_37.4982778876805085,94.0,17.0,서행,127.0254697726481936_37.4982778876805085|127.0255576288302848_37.4980854506844921|127.0258548542651624_37.4974926936972466
2026-09-04T09:00:31.559343+09:00,강남역,강남역,POI014,KEY_3,1210172400,서초대로73길,1210082501,한국무라타전자본사,127.0255973021892970_37.4983148473285794,1210033701,윤빌딩,127.0259814315018616_37.4975316918531618,93.0,20.0,서행,127.0259814315018616_37.4975316918531618|127.0256844337441891_37.4981239961677630|127.0255973021892970_37.4983148473285794
2026-09-04T09:00:31.559343+09:00,강남역,강남역,POI014,KEY_3,1220016203,강남대로,1210029205,중앙경제TV,127.0305900356174362_37.4915934710394581,1220006303,우성아파트앞사거리,127.0299293519401402_37.4929785798404396,164.0,24.0,서행,127.0299293519401402_37.4929785798404396|127.0305900356174362_37.4915934710394581
2026-09-04T09:00:31.559343+09:00,강남역,강남역,POI014,KEY_3,1220016304,강남대로,1220006302,우성아파트앞사거리,127.0300563841217496_37.4930165951748009,1210029202,속성변화점,127.0307168759066059_37.4916318829225474,164.0,6.0,정체,127.0307168759066059_37.4916318829225474|127.0300563841217496_37.4930165951748009
2026-09-04T09:00:31.559343+09:00,강남역,강남역,POI014,KEY_3,1220017600,도곡로7길,1220379200,역삼동 858-15,127.0340703991431752_37.4925901335485747,1220006603,역삼초교앞교차로,127.0333827720970277_37.4940232440208803,170.0,15.7,서행,127.0333827720970277_37.4940232440208803|127.0336153677406941_37.4935384889359966|127.0337962432027297_37.4931615197673196|127.0340703991431752_37.4925901335485747
2026-09-04T09:00:31.559343+09:00,강남역,강남역,POI014,KEY_3,1220019401,역삼로,1220438500,역삼동 858-14,127.0309432021188627_37.4933967723260864,1220027304,역삼초등학교,127.0316663031210709_37.4936126134126368,68.0,18.0,서행,127.0316663031210709_37.4936126134126368|127.0309432021188627_37.4933967723260864
2026-09-04T09:00:31.559343+09:00,강남역,강남역,POI014,KEY_3,1220019402,역삼로,1220275000,역삼동 858-14,127.0325453290157043_37.4938819369312810,1220006604,역삼초교앞교차로,127.0333341389376045_37.4941241826241694,75.0,21.0,서행,127.0333341389376045_37.4941241826241694|127.0325453290157043_37.4938819369312810
2026-09-04T09:00:31.559343+09:00,강남역,강남역,POI014,KEY_3,1220019501,역삼로,1220438600,역삼동 858-14,127.0309908064247821_37.4932955226971032,1220006302,우성아파트앞사거리,127.0300563841217496_37.4930165951748009,88.0,21.0,서행,127.0300563841217496_37.4930165951748009|127.0309908064247821_37.4932955226971032
2026-09-04T09:00:31.559343+09:00,강남역,강남역,POI014,KEY_3,1220019502,역삼로,1220006603,역삼초교앞교차로,127.0333827720970277_37.4940232440208803,1220027302,역삼초등학교,127.0318512919482572_37.4935529160897403,145.0,8.0,정체,127.0318512919482572_37.4935529160897403|127.0325941313863609_37.4937810503361462|127.0333827720970277_37.4940232440208803
2026-09-04T09:00:31.559343+09:00,강남역,강남역,POI014,KEY_3,1220020700,역삼로,1220375800,역삼동 858-14,127.0338334350395542_37.4941595999640853,1220006602,역삼초교앞교차로,127.0335095296028811_37.4940618362868818,31.0,7.0,정체,127.0335095296028811_37.4940618362868818|127.0338334350395542_37.4941595999640853
2026-09-04T09:00:31.559343+09:00,강남역,강남역,POI014,KEY_3,1220021001,강남대로,1220006304,우성아파트앞사거리,127.0298809732350946_37.4930795966086521,1210032503,속성변화점,127.0291466107050695_37.4946068687934400,182.0,13.0,정체,127.0291466107050695_37.4946068687934400|127.0298809732350946_37.4930795966086521
2026-09-04T09:00:31.559343+09:00,강남역,강남역,POI014,KEY_3,1220021002,강남대로,1210032503,속성변화점,127.0291466107050695_37.4946068687934400,1210033203,강남역(신분당선),127.0283572661165579_37.4962612914871656,196.0,23.0,서행,127.0283572661165579_37.4962612914871656|127.0290981037409779_37.4947081584269171|127.0291466107050695_37.4946068687934400
2026-09-04T09:00:31.559343+09:00,강남역,강남역,POI014,KEY_3,1220021003,강남대로,1210033204,강남역(신분당선),127.0283100116079567_37.4963626493360778,1210034103,강남역사거리,127.0276030282322353_37.4979153641312806,183.0,29.0,원활,127.0276030282322353_37.4979153641312806|127.0283100116079567_37.4963626493360778
2026-09-04T09:00:31.559343+09:00,강남역,강남역,POI014,KEY_3,1220021101,강남대로,1210032502,삼성화재서초사옥,127.0292733269647272_37.4946455507303256,1220006301,우성아파트앞사거리,127.0300080064880888_37.4931176139120410,182.0,30.0,원활,127.0300080064880888_37.4931176139120410|127.0292733269647272_37.4946455507303256
2026-09-04T09:00:31.559343+09:00,강남역,강남역,POI014,KEY_3,1220021102,강남대로,1210034102,강남역사거리,127.0277297558715759_37.4979540832481035,1210032501,삼성화재서초사옥,127.0292249496761201_37.4947465691331274,380.0,18.0,서행,127.0292249496761201_37.4947465691331274|127.0284841143001699_37.4962997029777512|127.0284375777275727_37.4963995211793275|127.0277297558715759_37.4979540832481035
2026-09-04T09:00:31.559343+09:00,강남역,강남역,POI014,KEY_3,1220021600,테헤란로8길,1220382500,역삼동 858-13,127.0317807377698927_37.4973349404078959,1220031503,국기원입구교차로,127.0309935926159000_37.4989426147382048,192.0,13.0,정체,127.0309935926159000_37.4989426147382048|127.0314397690811461_37.4980334728711426|127.0316520402862892_37.4976009346478421|127.0317807377698927_37.4973349404078959
2026-09-04T09:00:31.559343+09:00,강남역,강남역,POI014,KEY_3,1220021700,테헤란로8길,1220401300,역삼동 858-13,127.0333117491822463_37.4944710677349136,1220006601,역삼초교앞교차로,127.0334608974688280_37.4941627761416356,37.0,19.0,서행,127.0334608974688280_37.4941627761416356|127.0333117491822463_37.4944710677349136
2026-09-04T09:00:31.559343+09:00,강남역,강남역,POI014,KEY_3,1220023302,테헤란로,1210034101,강남역사거리,127.0276822389256637_37.4980553605985918,1220031504,국기원입구교차로,127.0309460927545757_37.4990438974112124,309.0,12.0,정체,127.0309460927545757_37.4990438974112124|127.0286612555960488_37.4983518916215388|127.0276822389256637_37.4980553605985918
2026-09-04T09:00:31.559343+09:00,강남역,강남역,POI014,KEY_3,1220023402,테헤란로,1220417400,역삼동 804,127.0287094769204117_37.4982508275695068,1210034102,강남역사거리,127.0277297558715759_37.4979540832481035,93.0,20.0,서행,127.0277297558715759_37.4979540832481035|127.0287094769204117_37.4982508275695068
2026-09-04T09:00:31.559343+09:00,강남역,강남역,POI014,KEY_3,1220024001,테헤란로,1220031501,국기원입구교차로,127.0310728003854166_37.4990827049839055,1220032004,한국타이어빌딩,127.0338550060461245_37.4999438554121411,264.0,26.0,원활,127.0338550060461245_37.4999438554121411|127.0310728003854166_37.4990827049839055
2026-09-04T09:00:31.559343+09:00,강남역,강남역,POI014,KEY_3,1220024101,테헤란로,1220032003,한국타이어빌딩,127.0339011803060885_37.4998421534899293,1220031502,국기원입구교차로,127.0311202675968190_37.4989814033435920,264.0,26.0,원활,127.0311202675968190_37.4989814033435920|127.0339011803060885_37.4998421534899293
2026-09-04T09:00:31.559343+09:00,강남역,강남역,POI014,KEY_3,1220025002,강남대로,1210034104,강남역사거리,127.0275555290794074_37.4980166525441376,1210035403,서초동 1373,127.0268712238501365_37.4994334710894108,168.0,7.0,정체,127.0268712238501365_37.4994334710894108|127.0275555290794074_37.4980166525441376
2026-09-04T09:00:31.559343+09:00,강남역,강남역,POI014,KEY_3,1220025003,강남대로,1210394200,서초동 1373,127.0253434781147917_37.5025963782215541,1210040403,교보타워사거리,127.0244473968313343_37.5044514101080111,221.0,20.0,서행,127.0244473968313343_37.5044514101080111|127.0247108420325048_37.5039060466009033|127.0253434781147917_37.5025963782215541
2026-09-04T09:00:31.559343+09:00,강남역,강남역,POI014,KEY_3,1220025102,강남대로,1210035401,속성변화점,127.0269491384972866_37.4995732101292063,1210034101,강남역사거리,127.0276822389256637_37.4980553605985918,181.0,23.0,서행,127.0276822389256637_37.4980553605985918|127.0269978768356367_37.4994723018201697|127.0269491384972866_37.4995732101292063
2026-09-04T09:00:31.559343+09:00,강남역,강남역,POI014,KEY_3,1220025103,강남대로,1220323900,역삼동 858,127.0265517996681552_37.5003958528345578,1210035401,속성변화점,127.0269491384972866_37.4995732101292063,98.0,17.0,서행,127.0269491384972866_37.4995732101292063|127.0265517996681552_37.5003958528345578
2026-09-04T09:00:31.559343+09:00,강남역,강남역,POI014,KEY_3,1220027202,봉은사로,1210040401,교보타워사거리,127.0245260087286567_37.5045907813304069,1220036604,보건타임즈,127.0277136842342856_37.5055392843385320,301.0,13.0,정체,127.0277136842342856_37.5055392843385320|127.0258610708307287_37.5049880469825112|127.0253288463886605_37.5048296789477078|127.0252017084722951_37.5047918474566870|127.0245260087286567_37.5045907813304069
2026-09-04T09:00:31.559343+09:00,강남역,강남역,POI014,KEY_3,1220027301,봉은사로,1220036003,신논현역,127.0252491957505185_37.5046905608852796,1210040402,교보타워사거리,127.0245743023879044_37.5044897355058495,64.0,13.0,정체,127.0245743023879044_37.5044897355058495|127.0252491957505185_37.5046905608852796
2026-09-04T09:00:31.559343+09:00,강남역,강남역,POI014,KEY_3,1220027302,봉은사로,1220317200,역삼동 800,127.0259085572878206_37.5048867600619360,1220036002,신논현역,127.0253763334646919_37.5047283922381283,50.0,13.0,정체,127.0253763334646919_37.5047283922381283|127.0259085572878206_37.5048867600619360
2026-09-04T09:00:31.559343+09:00,강남역,강남역,POI014,KEY_3,1220027801,강남대로,1210040404,교보타워사거리,127.0243991052031305_37.5045524553287137,1210042503,HM타워,127.0238275183942562_37.5057614843330143,143.0,16.0,서행,127.0238275183942562_37.5057614843330143|127.0241540090957244_37.5050708914382724|127.0243991052031305_37.5045524553287137
2026-09-04T09:00:31.559343+09:00,강남역,강남역,POI014,KEY_3,1220027901,강남대로,1220443400,논현동 280,127.0242810161496863_37.5051089999436158,1210040401,교보타워사거리,127.0245260087286567_37.5045907813304069,61.0,20.0,서행,127.0245260087286567_37.5045907813304069|127.0242810161496863_37.5051089999436158
2026-09-04T09:00:31.559343+09:00,강남역,강남역,POI014,KEY_3,1220056300,역삼로4길,1220024004,라이브팜뉴스,127.0330755956318143_37.4906612534684598,1220027303,역삼초등학교,127.0317244448772271_37.4935145090668769,338.0,17.0,서행,127.0317244448772271_37.4935145090668769|127.0324852863543583_37.4919019849371793|127.0326810147735301_37.4914906014038465|127.0330755956318143_37.4906612534684598
2026-09-04T09:00:31.559343+09:00,강남역,강남역,POI014,KEY_3,1220059100,역삼로3길,1220401600,역삼동 831-35,127.0311409663314350_37.4947099662645797,1210032502,삼성화재서초사옥,127.0292733269647272_37.4946455507303256,210.0,6.0,정체,127.0292733269647272_37.4946455507303256|127.0309286768451500_37.4951582359373319|127.0311409663314350_37.4947099662645797
2026-09-04T09:00:31.559343+09:00,강남역,강남역,POI014,KEY_3,1220059200,역삼로3길,1220285400,역삼동 830-33,127.0313905671328598_37.4944891661354802,1220027301,역삼초등학교,127.0317945815014866_37.4936513739525950,100.0,16.0,서행,127.0317945815014866_37.4936513739525950|127.0317722804120706_37.4936831186651816|127.0313905671328598_37.4944891661354802
2026-09-04T09:00:31.559343+09:00,강남역,강남역,POI014,KEY_3,1220063300,테헤란로7길,1220284400,역삼동 800-60,127.0307232034964642_37.4995423064647895,1220032203,과학기술회관,127.0305117723236350_37.5000150872202340,56.0,11.0,정체,127.0305117723236350_37.5000150872202340|127.0307232034964642_37.4995423064647895
2026-09-04T09:00:31.559343+09:00,강남역,강남역,POI014,KEY_3,1220063400,테헤란로7길,1220032202,과학기술회관,127.0306386532190999_37.5000535101687191,1220031501,국기원입구교차로,127.0310728003854166_37.4990827049839055,114.0,17.5,서행,127.0310728003854166_37.4990827049839055|127.0308510382801757_37.4995785950317284|127.0306386532190999_37.5000535101687191
2026-09-04T09:00:31.559343+09:00,강남역,강남역,POI014,KEY_3,1220064300,강남대로94길,1220305300,역삼동 648-9,127.0318547777729066_37.5004256036905161,1220032202,과학기술회관,127.0306386532190999_37.5000535101687191,115.0,14.0,정체,127.0306386532190999_37.5000535101687191|127.0318547777729066_37.5004256036905161
2026-09-04T09:00:31.559343+09:00,강남역,강남역,POI014,KEY_3,1220064500,테헤란로1길,1220438100,역삼동 858-6,127.0255100549291853_37.5041277615367150,1220036003,신논현역,127.0252491957505185_37.5046905608852796,67.0,15.5,서행,127.0252491957505185_37.5046905608852796|127.0255100549291853_37.5041277615367150
2026-09-04T09:00:31.559343+09:00,강남역,강남역,POI014,KEY_3,1220330500,테헤란로7길,1220338600,역삼동 635-1,127.0302003507315618_37.5006905079083666,1220151602,역삼동635,127.0297701679202760_37.5015425004955034,102.0,7.0,정체,127.0297701679202760_37.5015425004955034|127.0301825943231790_37.5007260187034390|127.0302003507315618_37.5006905079083666
2026-09-04T09:00:31.559343+09:00,강남역,강남역,POI014,KEY_3,1220330600,테헤란로7길,1220151601,역삼동635,127.0298960655262306_37.5015828661995272,1220032201,과학기술회관,127.0305936748156626_37.5001555678750762,170.0,11.0,정체,127.0305936748156626_37.5001555678750762|127.0304591873435953_37.5004650064613116|127.0303836281318155_37.5006161187949090|127.0303264238414016_37.5007305223256040|127.0303085800503595_37.5007662082549444|127.0298960655262306_37.5015828661995272
2026-09-04T09:00:31.559343+09:00,건대입구역,건대입구역,POI015,KEY_4,1040001403,동일로,1040136200,자양동 23-9,127.0637369066414379_37.5416039221817570,1040016701,자양동 24-10,127.0629424504767826_37.5402252363948463,168.0,10.0,정체,127.0629424504767826_37.5402252363948463|127.0637369066414379_37.5416039221817570
2026-09-04T09:00:31.559343+09:00,건대입구역,건대입구역,POI015,KEY_4,1040007500,강변북로,1040028701,청담대교,127.0701160723116203_37.5386945582041420,1040000201,청담대교(북측),127.0668012691852340_37.5315220172388280,848.0,18.5,정체,127.0668012691852340_37.5315220172388280|127.0669355263784155_37.5317815872931959|127.0672448702695760_37.5324328127955837|127.0677860749237738_37.5336261809339149|127.0685094362804364_37.5351779912987382|127.0689130346604259_37.5360918386047686|127.0694053089361546_37.5371700486358151|127.0701160723116203_37.5386945582041420
2026-09-04T09:00:31.559343+09:00,건대입구역,건대입구역,POI015,KEY_4,1040009001,능동로,1040002904,신양초교앞교차로,127.0683938999842724_37.5353920921553765,1040014303,자양동 510-6,127.0693552008508078_37.5375201646841390,251.0,8.0,정체,127.0693552008508078_37.5375201646841390|127.0683938999842724_37.5353920921553765
2026-09-04T09:00:31.559343+09:00,건대입구역,건대입구역,POI015,KEY_4,1040009002,능동로,1040014304,자양동 544-25,127.0694040333790440_37.5376254711493687,1040014703,광진문화예술회관,127.0695248126943966_37.5378780281476239,30.0,30.0,원활,127.0695248126943966_37.5378780281476239|127.0694040333790440_37.5376254711493687
2026-09-04T09:00:31.559343+09:00,건대입구역,건대입구역,POI015,KEY_4,1040009004,능동로,1040014704,광진문화예술회관,127.0695721820980992_37.5379794092468728,1040028702,청담대교,127.0699887106514012_37.5387318473572122,92.0,19.0,서행,127.0699887106514012_37.5387318473572122|127.0698365174506677_37.5385571365379533|127.0695721820980992_37.5379794092468728
2026-09-04T09:00:31.559343+09:00,건대입구역,건대입구역,POI015,KEY_4,1040009005,능동로,1040138300,자양동 2-5,127.0702940918243513_37.5393862177953963,1040016303,건대입구역앞교차로,127.0705451519353772_37.5398915999283176,60.0,29.0,원활,127.0705451519353772_37.5398915999283176|127.0702940918243513_37.5393862177953963
2026-09-04T09:00:31.559343+09:00,건대입구역,건대입구역,POI015,KEY_4,1040009102,능동로,1040014702,광진문화예술회관,127.0697785872817889_37.5378010707799845,1040014301,자양동 544-25,127.0696578072354725_37.5375485140387042,30.0,32.5,원활,127.0696578072354725_37.5375485140387042|127.0697785872817889_37.5378010707799845
2026-09-04T09:00:31.559343+09:00,건대입구역,건대입구역,POI015,KEY_4,1040009104,능동로,1040028701,청담대교,127.0701160723116203_37.5386945582041420,1040014701,광진문화예술회관,127.0698273271903957_37.5379053837168115,92.0,27.0,원활,127.0698273271903957_37.5379053837168115|127.0700914705954148_37.5384826880863471|127.0701160723116203_37.5386945582041420
2026-09-04T09:00:31.559343+09:00,건대입구역,건대입구역,POI015,KEY_4,1040009105,능동로,1040016302,건대입구역앞교차로,127.0706701763312623_37.5398495303758679,1040028701,청담대교,127.0701160723116203_37.5386945582041420,137.0,10.0,정체,127.0701160723116203_37.5386945582041420|127.0703453921553461_37.5391955560171695|127.0704203352615025_37.5393464600055822|127.0706701763312623_37.5398495303758679
2026-09-04T09:00:31.559343+09:00,건대입구역,건대입구역,POI015,KEY_4,1040010001,아차산로,1040016103,자양동 227-10,127.0722906925684299_37.5393138101561092,1040016302,건대입구역앞교차로,127.0706701763312623_37.5398495303758679,155.0,35.0,원활,127.0706701763312623_37.5398495303758679|127.0722906925684299_37.5393138101561092
2026-09-04T09:00:31.559343+09:00,건대입구역,건대입구역,POI015,KEY_4,1040010002,아차산로,1040015603,건대후문,127.0743028565397594_37.5387659697394866,1040016102,자양동 227-11,127.0724170914304096_37.5392743175297454,176.0,23.0,서행,127.0724170914304096_37.5392743175297454|127.0732440795779752_37.5390305622558316|127.0738492717248533_37.5388771586053096|127.0743028565397594_37.5387659697394866
2026-09-04T09:00:31.559343+09:00,건대입구역,건대입구역,POI015,KEY_4,1040010102,아차산로,1040016301,건대입구역앞교차로,127.0707225025917495_37.5399492998029629,1040015604,건대후문,127.0743428046605885_37.5388693046709747,342.0,17.0,서행,127.0743428046605885_37.5388693046709747|127.0738898387637903_37.5389803409746747|127.0732882623326105_37.5391328280718852|127.0724642243224878_37.5393757141788100|127.0723427547939082_37.5394136659137487|127.0707225025917495_37.5399492998029629
2026-09-04T09:00:31.559343+09:00,건대입구역,건대입구역,POI015,KEY_4,1040011000,아차산로,1040140700,최소노드배치점,127.0672902949043674_37.5410070020582083,1040017702,성수사거리,127.0640311954609132_37.5421146116750606,313.0,29.5,원활,127.0640311954609132_37.5421146116750606|127.0672609375260862_37.5410170619344754|127.0672902949043674_37.5410070020582083
2026-09-04T09:00:31.559343+09:00,건대입구역,건대입구역,POI015,KEY_4,1040011100,아차산로,1040140800,최소노드배치점,127.0673439680819854_37.5411063158663154,1040016304,건대입구역앞교차로,127.0705974213252318_37.5399913944474619,313.0,6.0,정체,127.0705974213252318_37.5399913944474619|127.0673439680819854_37.5411063158663154
2026-09-04T09:00:31.559343+09:00,건대입구역,건대입구역,POI015,KEY_4,1040020202,강변북로,1040000202,청담대교(북측),127.0666626111006252_37.5315665324150132,1040028702,청담대교,127.0699887106514012_37.5387318473572122,848.0,42.7,서행,127.0699887106514012_37.5387318473572122|127.0692776775772757_37.5372071673034355|127.0687850931199563_37.5361282739688562|127.0683816446363466_37.5352147721280858|127.0676584862117124_37.5336633852443669|127.0671174250280160_37.5324703344999904|127.0668031124959469_37.5318450873398533|127.0666626111006252_37.5315665324150132
2026-09-04T09:00:31.559343+09:00,건대입구역,건대입구역,POI015,KEY_4,1040027600,능동로10길,1040014301,자양동 544-25,127.0696578072354725_37.5375485140387042,1040013604,자양동 533-12,127.0709982985214737_37.5370947600898077,129.0,21.5,서행,127.0709982985214737_37.5370947600898077|127.0703860529624478_37.5373020067107035|127.0696578072354725_37.5375485140387042
2026-09-04T09:00:31.559343+09:00,건대입구역,건대입구역,POI015,KEY_4,1040027900,능동로10길.인접길,1040015305,롯데백화점(건대스타시티점),127.0718152958673386_37.5385927041950112,1040013601,자양동 533-12,127.0711231696489989_37.5370523007099521,189.0,18.0,서행,127.0711231696489989_37.5370523007099521|127.0713025411892829_37.5373939593811485|127.0713648775065963_37.5375597922618951|127.0713994673353255_37.5377317290412122|127.0714026811254342_37.5379540759166446|127.0714313612276527_37.5381221176206239|127.0715447302706309_37.5383922616219081|127.0716025814282517_37.5384821337513586|127.0716992357909163_37.5385508925898677|127.0718152958673386_37.5385927041950112
2026-09-04T09:00:31.559343+09:00,건대입구역,건대입구역,POI015,KEY_4,1040028000,능동로10길.인접길,1040013604,자양동 533-12,127.0709982985214737_37.5370947600898077,1040015306,롯데백화점(건대스타시티점),127.0717558016464750_37.5386899411971910,197.0,16.0,서행,127.0717558016464750_37.5386899411971910|127.0716243019645759_37.5386425670634978|127.0714932793169254_37.5385493587163950|127.0714192116500101_37.5384342944701359|127.0712985397454275_37.5381467474374162|127.0712670108413960_37.5379620082844880|127.0712638156544898_37.5377409525274928|127.0712322307973494_37.5375839515783269|127.0711745171430778_37.5374304144951338|127.0709982985214737_37.5370947600898077
2026-09-04T09:00:31.559343+09:00,건대입구역,건대입구역,POI015,KEY_4,1040028300,아차산로36길.인접길,1040014603,자양동 227-341,127.0740040009059584_37.5378127959524193,1040015304,롯데백화점(건대스타시티점),127.0719246036874495_37.5385692379251523,203.0,17.0,서행,127.0719246036874495_37.5385692379251523|127.0719936563514096_37.5385130426523617|127.0740040009059584_37.5378127959524193
2026-09-04T09:00:31.559343+09:00,건대입구역,건대입구역,POI015,KEY_4,1040028400,아차산로36길.인접길,1040015303,롯데백화점(건대스타시티점),127.0720450891753757_37.5386257803461518,1040014604,자양동 227-341,127.0740365887297401_37.5379194569983099,193.0,23.0,서행,127.0740365887297401_37.5379194569983099|127.0720722466193280_37.5386036794673075|127.0720450891753757_37.5386257803461518
2026-09-04T09:00:31.559343+09:00,건대입구역,건대입구역,POI015,KEY_4,1040028900,아차산로36길,1040014604,자양동 227-341,127.0740365887297401_37.5379194569983099,1040015603,건대후문,127.0743028565397594_37.5387659697394866,97.0,25.0,원활,127.0743028565397594_37.5387659697394866|127.0740365887297401_37.5379194569983099
2026-09-04T09:00:31.559343+09:00,건대입구역,건대입구역,POI015,KEY_4,1040029000,아차산로.인접길,1040016102,자양동 227-11,127.0724170914304096_37.5392743175297454,1040015302,롯데백화점(건대스타시티점),127.0720401866019245_37.5387435624408710,68.0,23.0,서행,127.0720401866019245_37.5387435624408710|127.0721872456988280_37.5388889991784183|127.0722948438208419_37.5390223336112143|127.0724170914304096_37.5392743175297454
2026-09-04T09:00:31.559343+09:00,건대입구역,건대입구역,POI015,KEY_4,1040029100,아차산로.인접길,1040015301,롯데백화점(건대스타시티점),127.0719288145516259_37.5388058163590657,1040016103,자양동 227-10,127.0722906925684299_37.5393138101561092,65.0,15.0,서행,127.0722906925684299_37.5393138101561092|127.0721731592987993_37.5390715422750532|127.0720769406492536_37.5389523077442107|127.0719288145516259_37.5388058163590657
2026-09-04T09:00:31.559343+09:00,건대입구역,건대입구역,POI015,KEY_4,1040029300,동일로18길,1040125100,자양동 2-7,127.0688669950632317_37.5382081798395362,1040014704,광진문화예술회관,127.0695721820980992_37.5379794092468728,67.0,5.0,정체,127.0695721820980992_37.5379794092468728|127.0688669950632317_37.5382081798395362
2026-09-04T09:00:31.559343+09:00,고덕역,고덕역,POI016,KEY_1,1240019501,고덕로62길,1249015000,명일동 42,127.1526885826783797_37.5515430019917389,1240022003,우성아파트,127.1527027401545951_37.5518473961090180,34.0,18.0,서행,127.1527027401545951_37.5518473961090180|127.1526885826783797_37.5515430019917389
2026-09-04T09:00:31.559343+09:00,고덕역,고덕역,POI016,KEY_1,1240023500,동남로,1240023704,E마트앞교차로,127.1565319059284604_37.5554448253468962,1240024703,공무원아파트,127.1566607565064828_37.5575326121566846,232.0,5.0,정체,127.1566607565064828_37.5575326121566846|127.1565319059284604_37.5554448253468962
2026-09-04T09:00:31.559343+09:00,고덕역,고덕역,POI016,KEY_1,1240023600,동남로,1240024702,공무원아파트,127.1567964043278209_37.5575273061670032,1240023701,E마트앞교차로,127.1566690593141971_37.5554639755517101,229.0,26.0,원활,127.1566690593141971_37.5554639755517101|127.1567964043278209_37.5575273061670032
2026-09-04T09:00:31.559343+09:00,고덕역,고덕역,POI016,KEY_1,1240019502,고덕로62길,1240022004,우성아파트,127.1527082571407732_37.5519562014326880,1240022903,속성변화점,127.1532708499726425_37.5543655297540369,279.0,13.0,정체,127.1532708499726425_37.5543655297540369|127.1532787647308282_37.5534142595099638|127.1532474432401898_37.5529950724982982|127.1528297263010359_37.5523642779357587|127.1527199008409639_37.5521674566200190|127.1527082571407732_37.5519562014326880
2026-09-04T09:00:31.559343+09:00,고덕역,고덕역,POI016,KEY_1,1240019503,고덕로62길,1240022903,속성변화점,127.1532708499726425_37.5543655297540369,1240006403,고덕역앞교차로,127.1532674889658239_37.5548705448781277,56.0,20.0,서행,127.1532674889658239_37.5548705448781277|127.1532700432416334_37.5544740363229010|127.1532708499726425_37.5543655297540369
2026-09-04T09:00:31.559343+09:00,고덕역,고덕역,POI016,KEY_1,1240019602,고덕로62길,1240022902,고덕역(서울5호선),127.1534066528685258_37.5543662458503178,1240022001,우성아파트,127.1528439279635165_37.5519514614591188,279.0,15.0,서행,127.1528439279635165_37.5519514614591188|127.1528544449762848_37.5521422672337408|127.1529519809076589_37.5523170650503815|127.1533812641063292_37.5529653226050186|127.1534145959126931_37.5534114044376679|127.1534066528685258_37.5543662458503178
2026-09-04T09:00:31.559343+09:00,고덕역,고덕역,POI016,KEY_1,1240019603,고덕로62길,1240006402,고덕역앞교차로,127.1534031785336936_37.5548889608193335,1240022901,고덕역(서울5호선),127.1534058471205242_37.5544745907377688,46.0,14.0,정체,127.1534058471205242_37.5544745907377688|127.1534031785336936_37.5548889608193335
2026-09-04T09:00:31.559343+09:00,고덕역,고덕역,POI016,KEY_1,1240019701,동남로,1240020904,한영중고교앞교차로,127.1561056866717792_37.5492346583745444,1240021903,경희대동서신의학병원,127.1562657827621621_37.5516636070952501,270.0,26.0,원활,127.1562657827621621_37.5516636070952501|127.1561606582872770_37.5500686961002899|127.1561056866717792_37.5492346583745444
2026-09-04T09:00:31.559343+09:00,고덕역,고덕역,POI016,KEY_1,1240019702,동남로,1240021904,경희대동서신의학병원,127.1562730618892942_37.5517715790425299,1240022203,동신빌딩,127.1563466001623794_37.5528393489022676,119.0,15.0,서행,127.1563466001623794_37.5528393489022676|127.1562730618892942_37.5517715790425299
2026-09-04T09:00:31.559343+09:00,고덕역,고덕역,POI016,KEY_1,1240019703,동남로,1240022204,동신빌딩,127.1563542108928431_37.5529473068933370,1240022703,명일지구대,127.1564466598309053_37.5542281682217975,142.0,34.0,원활,127.1564466598309053_37.5542281682217975|127.1564274239220396_37.5539616623274455|127.1563769047034924_37.5532617292401198|127.1563542108928431_37.5529473068933370
2026-09-04T09:00:31.559343+09:00,고덕역,고덕역,POI016,KEY_1,1240019704,동남로,1240022704,명일지구대,127.1564543497274400_37.5543361171717294,1240023703,E마트앞교차로,127.1565244786737310_37.5553339279445311,111.0,34.0,원활,127.1565244786737310_37.5553339279445311|127.1564543497274400_37.5543361171717294
2026-09-04T09:00:31.559343+09:00,고덕역,고덕역,POI016,KEY_1,1240019802,동남로,1240022202,동신빌딩,127.1564821996538370_37.5528334291763528,1240021901,경희대동서신의학병원,127.1564086584289157_37.5517656594490390,119.0,26.0,원활,127.1564086584289157_37.5517656594490390|127.1564821996538370_37.5528334291763528
2026-09-04T09:00:31.559343+09:00,고덕역,고덕역,POI016,KEY_1,1240019803,동남로,1249046100,상일동 147,127.1565124851740052_37.5532555265066890,1240022201,동신빌딩,127.1564897907958596_37.5529411041869068,35.0,24.0,서행,127.1564897907958596_37.5529411041869068|127.1565124851740052_37.5532555265066890
2026-09-04T09:00:31.559343+09:00,고덕역,고덕역,POI016,KEY_1,1240021500,고덕로,1240006001,배재고교앞교차로,127.1502627998174688_37.5547636377300549,1240006404,고덕역앞교차로,127.1532600929711379_37.5549791469369154,267.0,29.0,원활,127.1532600929711379_37.5549791469369154|127.1520963208777317_37.5548269141009783|127.1515498828997863_37.5547554304647662|127.1513403944212541_37.5547487506746620|127.1502627998174688_37.5547636377300549
2026-09-04T09:00:31.559343+09:00,고덕역,고덕역,POI016,KEY_1,1240022100,고덕로,1240006401,고덕역앞교차로,127.1533941373135690_37.5549975120235686,1240023704,E마트앞교차로,127.1565319059284604_37.5554448253468962,282.0,25.0,원활,127.1565319059284604_37.5554448253468962|127.1533941373135690_37.5549975120235686
2026-09-04T09:00:31.559343+09:00,고덕역,고덕역,POI016,KEY_1,1240022200,고덕로,1240023703,E마트앞교차로,127.1565244786737310_37.5553339279445311,1240006402,고덕역앞교차로,127.1534031785336936_37.5548889608193335,280.0,14.0,정체,127.1534031785336936_37.5548889608193335|127.1565244786737310_37.5553339279445311
2026-09-04T09:00:31.559343+09:00,고덕역,고덕역,POI016,KEY_1,1240023000,고덕로,1249096400,최소노드배치점,127.1613824392157710_37.5560035018671883,1240023702,E마트앞교차로,127.1566618576462133_37.5553532574502498,423.0,27.0,원활,127.1566618576462133_37.5553532574502498|127.1573914943176504_37.5554537755565292|127.1613824392157710_37.5560035018671883
2026-09-04T09:00:31.559343+09:00,고덕역,고덕역,POI016,KEY_1,1240023200,고덕로61길,1240024402,고덕1동주민센터,127.1525743134977660_37.5571130062806517,1240006401,고덕역앞교차로,127.1533941373135690_37.5549975120235686,251.0,17.0,서행,127.1533941373135690_37.5549975120235686|127.1533712556684748_37.5551550493848723|127.1531257397310668_37.5563143499174785|127.1530566959877007_37.5565171952235630|127.1529694231436309_37.5566814857628160|127.1529192002355586_37.5567760296908162|127.1527970436217032_37.5569113886853714|127.1525743134977660_37.5571130062806517
2026-09-04T09:00:31.559343+09:00,고덕역,고덕역,POI016,KEY_1,1240045700,동남로71길,1249084200,명일동 51-1,127.1537923688565428_37.5517933652963904,1240022002,우성아파트,127.1528384484914511_37.5518433951172454,84.0,12.0,정체,127.1528384484914511_37.5518433951172454|127.1537923688565428_37.5517933652963904
2026-09-04T09:00:31.559343+09:00,고덕역,고덕역,POI016,KEY_1,1240045800,동남로71길,1249010500,명일동 48-26,127.1555401193046464_37.5518100355237081,1240021904,경희대동서신의학병원,127.1562730618892942_37.5517715790425299,65.0,10.0,정체,127.1562730618892942_37.5517715790425299|127.1555401193046464_37.5518100355237081
2026-09-04T09:00:31.559343+09:00,고덕역,고덕역,POI016,KEY_1,1240046900,동남로75길,1240022203,동신빌딩,127.1563466001623794_37.5528393489022676,1240022803,이마트(명일점),127.1557406568431503_37.5542565204500747,218.0,7.0,정체,127.1557406568431503_37.5542565204500747|127.1556316973113780_37.5528640997413490|127.1557061495714578_37.5528615223127886|127.1563466001623794_37.5528393489022676
2026-09-04T09:00:31.559343+09:00,고덕역,고덕역,POI016,KEY_1,1240047000,동남로75길,1240022802,이마트(명일점),127.1558762667287965_37.5542506552277473,1240022204,동신빌딩,127.1563542108928431_37.5529473068933370,194.0,10.0,정체,127.1563542108928431_37.5529473068933370|127.1557758420784552_37.5529673306197509|127.1558762667287965_37.5542506552277473
2026-09-04T09:00:31.559343+09:00,고덕역,고덕역,POI016,KEY_1,1240047600,동남로75길,1240022703,명일지구대,127.1564466598309053_37.5542281682217975,1240022802,이마트(명일점),127.1558762667287965_37.5542506552277473,50.0,13.0,정체,127.1558762667287965_37.5542506552277473|127.1564466598309053_37.5542281682217975
2026-09-04T09:00:31.559343+09:00,고덕역,고덕역,POI016,KEY_1,1240047700,동남로75길,1240022801,이마트(명일점),127.1558829830451316_37.5543586425636917,1240022704,명일지구대,127.1564543497274400_37.5543361171717294,51.0,17.0,서행,127.1564543497274400_37.5543361171717294|127.1558829830451316_37.5543586425636917
2026-09-04T09:00:31.559343+09:00,고덕역,고덕역,POI016,KEY_1,1240047800,동남로75길,1249018200,명일동 47,127.1541550445079167_37.5543310677768858,1240022902,고덕역(서울5호선),127.1534066528685258_37.5543662458503178,66.0,7.0,정체,127.1534066528685258_37.5543662458503178|127.1541550445079167_37.5543310677768858
2026-09-04T09:00:31.559343+09:00,고덕역,고덕역,POI016,KEY_1,1240047900,동남로75길,1249080500,명일동 46-7,127.1546630165006633_37.5544154954661806,1240022804,이마트(명일점),127.1557486638497920_37.5543644520193567,96.0,11.0,정체,127.1557486638497920_37.5543644520193567|127.1546630165006633_37.5544154954661806
2026-09-04T09:00:31.559343+09:00,고덕역,고덕역,POI016,KEY_1,1249000400,세종포천고속도로,1249000400,최소노드배치점,127.1562659190031752_37.5482223253238061,1249000600,최소노드배치점,127.1567336886367912_37.5549510932514892,748.0,53.0,원활,127.1567336886367912_37.5549510932514892|127.1562659190031752_37.5482223253238061
2026-09-04T09:00:31.559343+09:00,고덕역,고덕역,POI016,KEY_1,1249002100,세종포천고속도로,1249000600,최소노드배치점,127.1567336886367912_37.5549510932514892,1249002500,속성변화점,127.1567905526363518_37.5621310464831240,798.0,55.0,원활,127.1567905526363518_37.5621310464831240|127.1568099459097425_37.5620296619621925|127.1568207569509781_37.5619515831646140|127.1568335791102555_37.5618515885968520|127.1568460753415621_37.5617445850114962|127.1568528102163782_37.5616821179146712|127.1568617540514907_37.5615927158354950|127.1568699127336970_37.5615033156045541|127.1568787005434302_37.5613961481224194|127.1568839973351572_37.5613245394333930|127.1568882735797530_37.5612618801151825|127.1568927663312678_37.5611900970685753|127.1568973175616719_37.5611095444721101|127.1569030236011315_37.5609930670848513|127.1569093441339220_37.5608315651403046|127.1569113397340516_37.5607687500768037|127.1569139119720546_37.5606745476477712|127.1569156008113026_37.5605981443625225|127.1569176926255551_37.5604723059106931|127.1569187926735225_37.5603735263940735|127.1569192637286534_37.5603106266835951|127.1569197450923525_37.5601487873917179|127.1569196039050809_37.5600588952101546|127.1569362682184874_37.5592688607885918|127.1569315224843990_37.5590408597429715|127.1569258709478305_37.5588129111153322|127.1569193129190154_37.5585849727078909|127.1569118484383125_37.5583570623747178|127.1569034774869209_37.5581291624299922|127.1568942000978950_37.5579012905312055|127.1568840162720164_37.5576734379717294|127.1568729260267645_37.5574456135393291|127.1568474885994107_37.5565944961394464|127.1568321091370706_37.5563666922550112|127.1567336886367912_37.5549510932514892
2026-09-04T09:00:31.559343+09:00,고속터미널역,고속터미널역,POI017,KEY_2,1210024802,사평대로,1210037304,서울성모병원앞교차로,127.0034296050644542_37.5022581526050445,1210038702,사평지하차도(동측),127.0064482891770155_37.5033692509684471,295.0,10.0,정체,127.0064482891770155_37.5033692509684471|127.0061744165954849_37.5033231250553598|127.0034296050644542_37.5022581526050445
2026-09-04T09:00:31.559343+09:00,고속터미널역,고속터미널역,POI017,KEY_2,1210024803,사평대로,1210038702,사평지하차도(동측),127.0064482891770155_37.5033692509684471,1210040604,삼호가든사거리,127.0095817026590339_37.5045780976898939,308.0,51.0,원활,127.0095817026590339_37.5045780976898939|127.0064482891770155_37.5033692509684471
2026-09-04T09:00:31.559343+09:00,고속터미널역,고속터미널역,POI017,KEY_2,1210024805,사평대로,1210040601,삼호가든사거리,127.0097441692551996_37.5046292707813649,1210041204,삼호가든사거리,127.0102897902201988_37.5047887051124746,51.0,34.0,원활,127.0102897902201988_37.5047887051124746|127.0097441692551996_37.5046292707813649
2026-09-04T09:00:31.559343+09:00,고속터미널역,고속터미널역,POI017,KEY_2,1210025002,반포대로,1210037303,서울성모병원앞교차로,127.0033082442591308_37.5022080765398869,1210038902,반포대교고가차도(남측),127.0024364070386440_37.5032310155441309,137.0,15.5,서행,127.0024364070386440_37.5032310155441309|127.0033082442591308_37.5022080765398869
2026-09-04T09:00:31.559343+09:00,고속터미널역,고속터미널역,POI017,KEY_2,1210025102,반포대로,1210038901,반포대교고가차도(남측),127.0025493771764218_37.5032909216012982,1210037304,서울성모병원앞교차로,127.0034296050644542_37.5022581526050445,139.0,11.0,정체,127.0034296050644542_37.5022581526050445|127.0025493771764218_37.5032909216012982
2026-09-04T09:00:31.559343+09:00,고속터미널역,고속터미널역,POI017,KEY_2,1210025103,반포대로,1210041702,고속터미널사거리,127.0012498931297387_37.5049984469199771,1210038901,반포대교고가차도(남측),127.0025493771764218_37.5032909216012982,222.0,20.0,서행,127.0025493771764218_37.5032909216012982|127.0024586016355954_37.5035007380121144|127.0014528013214488_37.5047290217636800|127.0012498931297387_37.5049984469199771
2026-09-04T09:00:31.559343+09:00,고속터미널역,고속터미널역,POI017,KEY_2,1210026002,신반포로,1210393600,잠원동 110,127.0031103815705364_37.5056962380394125,1210042704,고속터미널역앞교차로,127.0043174874553813_37.5060735942867041,115.0,15.0,서행,127.0043174874553813_37.5060735942867041|127.0039498594828302_37.5059586709413040|127.0035607575584038_37.5058370330399740|127.0031103815705364_37.5056962380394125
2026-09-04T09:00:31.559343+09:00,고속터미널역,고속터미널역,POI017,KEY_2,1210026102,신반포로,1210286400,반포동 128-4,127.0036103340112561_37.5057363840915414,1210041702,고속터미널사거리,127.0012498931297387_37.5049984469199771,224.0,26.0,원활,127.0012498931297387_37.5049984469199771|127.0018301415136932_37.5051798538655916|127.0031599584830957_37.5055955893836241|127.0036103340112561_37.5057363840915414
2026-09-04T09:00:31.559343+09:00,고속터미널역,고속터미널역,POI017,KEY_2,1210026203,잠원로,1210241200,반포동 20-19,127.0097477330052698_37.5059341675518851,1210043803,고속터미널앞교차로,127.0089859824615246_37.5073365595586097,170.0,13.0,정체,127.0089859824615246_37.5073365595586097|127.0091639478021790_37.5070467103003224|127.0096229461825743_37.5061913923870804|127.0096714148749442_37.5060954381854685|127.0097477330052698_37.5059341675518851
2026-09-04T09:00:31.559343+09:00,고속터미널역,고속터미널역,POI017,KEY_2,1210027501,신반포로23길,1210466500,잠원동 101,127.0042204769171548_37.5065757828190200,1210042701,고속터미널역앞교차로,127.0044442985191040_37.5061121193226654,55.0,14.0,정체,127.0044442985191040_37.5061121193226654|127.0042204769171548_37.5065757828190200
2026-09-04T09:00:31.559343+09:00,고속터미널역,고속터미널역,POI017,KEY_2,1210056500,사평대로,1210447300,최소노드배치점,127.0030994056385509_37.5020573549217744,1210038702,사평지하차도(동측),127.0064482891770155_37.5033692509684471,330.0,54.7,원활,127.0064482891770155_37.5033692509684471|127.0034140730417960_37.5021919946757052|127.0030994056385509_37.5020573549217744
2026-09-04T09:00:31.559343+09:00,고속터미널역,고속터미널역,POI017,KEY_2,1210059800,반포대로,1210443100,최소노드배치점,127.0010419244075166_37.5052271229805498,1210038901,반포대교고가차도(남측),127.0025493771764218_37.5032909216012982,253.0,21.0,서행,127.0025493771764218_37.5032909216012982|127.0013952695996693_37.5047003362471614|127.0011470013501480_37.5050299906587696|127.0010419244075166_37.5052271229805498
2026-09-04T09:00:31.559343+09:00,교대역,교대역,POI018,KEY_3,1210019402,서초중앙로,1210400700,서초동 1748-19,127.0137837728346994_37.4928232437485249,1210031503,법원검찰청앞교차로,127.0136428736489478_37.4936380570639756,91.0,36.0,원활,127.0136428736489478_37.4936380570639756|127.0137434820127851_37.4930562454970726|127.0137837728346994_37.4928232437485249
2026-09-04T09:00:31.559343+09:00,교대역,교대역,POI018,KEY_3,1210019502,서초중앙로,1210243500,서초동 1748-21,127.0140319936997599_37.4921799025374156,1210029901,서초동 1748-21,127.0141756387419036_37.4913491659201199,93.0,17.0,서행,127.0141756387419036_37.4913491659201199|127.0140319936997599_37.4921799025374156
2026-09-04T09:00:31.559343+09:00,교대역,교대역,POI018,KEY_3,1210020203,서초대로,1210269800,서초동 1748-5,127.0124401032801273_37.4933781712096490,1210031504,법원검찰청앞교차로,127.0136216391757529_37.4937475646462133,112.0,15.0,서행,127.0136216391757529_37.4937475646462133|127.0124401032801273_37.4933781712096490
2026-09-04T09:00:31.559343+09:00,교대역,교대역,POI018,KEY_3,1210020303,서초대로,1210269900,서초동 1748-18,127.0124896684601907_37.4932775211786122,1210031002,법원사거리,127.0111725811120351_37.4928657314468339,125.0,6.0,정체,127.0111725811120351_37.4928657314468339|127.0124896684601907_37.4932775211786122
2026-09-04T09:00:31.559343+09:00,교대역,교대역,POI018,KEY_3,1210021002,서초대로,1210031501,법원검찰청앞교차로,127.0137505044271506_37.4937873673853872,1210031804,법원검찰청앞,127.0141601505593627_37.4939128508193633,39.0,12.0,정체,127.0141601505593627_37.4939128508193633|127.0137505044271506_37.4937873673853872
2026-09-04T09:00:31.559343+09:00,교대역,교대역,POI018,KEY_3,1210021102,서초대로,1210031803,법원검찰청앞,127.0142088437567196_37.4938119303480732,1210031502,법원검찰청앞교차로,127.0137728785141036_37.4936783857816565,41.0,22.0,서행,127.0137728785141036_37.4936783857816565|127.0142088437567196_37.4938119303480732
2026-09-04T09:00:31.559343+09:00,교대역,교대역,POI018,KEY_3,1210021103,서초대로,1210140900,서초동 1748-22,127.0156198886122070_37.4942415051054638,1210031802,법원검찰청앞,127.0143396760256138_37.4938518474941844,121.0,25.0,원활,127.0143396760256138_37.4938518474941844|127.0156198886122070_37.4942415051054638
2026-09-04T09:00:31.559343+09:00,교대역,교대역,POI018,KEY_3,1210022402,서초중앙로,1210031504,법원검찰청앞교차로,127.0136216391757529_37.4937475646462133,1210032203,법원검찰청,127.0134993661059184_37.4942865056136014,61.0,12.0,정체,127.0134993661059184_37.4942865056136014|127.0136216391757529_37.4937475646462133
2026-09-04T09:00:31.559343+09:00,교대역,교대역,POI018,KEY_3,1210022502,서초중앙로,1210032202,법원검찰청,127.0136328991116414_37.4943057390382393,1210031501,법원검찰청앞교차로,127.0137505044271506_37.4937873673853872,58.0,24.0,서행,127.0137505044271506_37.4937873673853872|127.0136328991116414_37.4943057390382393
2026-09-04T09:00:31.559343+09:00,교대역,교대역,POI018,KEY_3,1210050700,서초대로48길,1210113300,서초동 1740-14,127.0125465107975629_37.4883574908379344,1210027901,제우교역,127.0127660370921916_37.4878908233688293,55.0,11.0,정체,127.0127660370921916_37.4878908233688293|127.0125465107975629_37.4883574908379344
2026-09-04T09:00:31.559343+09:00,교대역,교대역,POI018,KEY_3,1210051000,사임당로17길,1210486000,최소노드배치점,127.0169832520375053_37.4913577937534228,1210029902,서초동 1748-21,127.0141940883130474_37.4912414223335304,263.0,14.0,정체,127.0141940883130474_37.4912414223335304|127.0143303182462802_37.4912445354333030|127.0148804532487361_37.4913102573158028|127.0168712656599581_37.4915480673583730|127.0169525455043811_37.4913937888368878|127.0169832520375053_37.4913577937534228
2026-09-04T09:00:31.559343+09:00,교대역,교대역,POI018,KEY_3,1210052100,법원로,1210032402,서초동 1704,127.0103123000076977_37.4946878999023383,1210031001,법원사거리,127.0111320342529240_37.4929692006080515,204.0,24.0,서행,127.0111320342529240_37.4929692006080515|127.0103123000076977_37.4946878999023383
2026-09-04T09:00:31.559343+09:00,교대역,교대역,POI018,KEY_3,1210052400,서초대로51길,1210031804,법원검찰청앞,127.0141601505593627_37.4939128508193633,1210032303,교대역(서울2호선),127.0140873902132341_37.4944548234829895,60.0,9.0,정체,127.0140873902132341_37.4944548234829895|127.0141601505593627_37.4939128508193633
2026-09-04T09:00:31.559343+09:00,교대역,교대역,POI018,KEY_3,1210052600,서초중앙로24길,1210032303,교대역(서울2호선),127.0140873902132341_37.4944548234829895,1210032202,법원검찰청,127.0136328991116414_37.4943057390382393,43.0,14.5,정체,127.0136328991116414_37.4943057390382393|127.0140873902132341_37.4944548234829895
2026-09-04T09:00:31.559343+09:00,교대역,교대역,POI018,KEY_3,1210053200,서초중앙로24길,1210248700,서초동 1738-8,127.0153406668385685_37.4948371291268998,1210032302,교대역(서울2호선),127.0142182497646530_37.4944966325160962,106.0,19.5,서행,127.0142182497646530_37.4944966325160962|127.0153338278322650_37.4948365998414204|127.0153406668385685_37.4948371291268998
2026-09-04T09:00:31.559343+09:00,구로디지털단지역,구로디지털단지역,POI019,KEY_4,1160004101,디지털로26길,1160182400,구로동 235-3,126.8935931802360528_37.4807606268774833,1160005903,한국농어촌방송본사,126.8972776620144600_37.4817867015770929,371.0,17.0,서행,126.8972776620144600_37.4817867015770929|126.8972546690239795_37.4817632720945042|126.8970781120239621_37.4816132813058331|126.8966736205973547_37.4812696497047924|126.8963971171849892_37.4810923909176736|126.8960631019952672_37.4809340381232516|126.8958190562637043_37.4808350735419467|126.8955610312988398_37.4807653113058663|126.8951553490746704_37.4806855758554462|126.8946221264621386_37.4806172167958138|126.8944167558325091_37.4806026749789396|126.8942013826247148_37.4806145973910247|126.8941088673691979_37.4806197186351824|126.8938885593329076_37.4806563244882653|126.8935931802360528_37.4807606268774833
2026-09-04T09:00:31.559343+09:00,구로디지털단지역,구로디지털단지역,POI019,KEY_4,1160004102,디지털로26길,1160005904,한국농어촌방송본사,126.8973489442759188_37.4818787081438316,1160006603,구로단지우체국,126.8985293618348464_37.4836667423166148,225.0,19.0,서행,126.8985293618348464_37.4836667423166148|126.8983856036246465_37.4835653271991660|126.8975996931281429_37.4822973020260690|126.8973489442759188_37.4818787081438316
2026-09-04T09:00:31.559343+09:00,구로디지털단지역,구로디지털단지역,POI019,KEY_4,1160004202,디지털로26길,1160006602,구로단지우체국,126.8986737843152071_37.4836242263360404,1160005901,한국농어촌방송본사,126.8974713835569190_37.4818321294097245,227.0,14.0,정체,126.8974713835569190_37.4818321294097245|126.8977217421889918_37.4822500705583579|126.8984954653475086_37.4834984298665361|126.8986737843152071_37.4836242263360404
2026-09-04T09:00:31.559343+09:00,구로디지털단지역,구로디지털단지역,POI019,KEY_4,1160004303,시흥대로,1160256200,구로동 1135,126.8999774739549480_37.4812299882525295,1200018703,디지털단지입구교차로,126.9010897237599522_37.4825599240928682,177.0,45.0,원활,126.9010897237599522_37.4825599240928682|126.9008921655430981_37.4823237046259621|126.9005066114061293_37.4818626940330404|126.8999774739549480_37.4812299882525295
2026-09-04T09:00:31.559343+09:00,구로디지털단지역,구로디지털단지역,POI019,KEY_4,1160004700,디지털로,1160001704,서남투데이,126.8924872692041674_37.4815738080084557,1160002003,구로남초교입구교차로,126.8934086030634347_37.4823270181535548,117.0,10.0,정체,126.8934086030634347_37.4823270181535548|126.8924872692041674_37.4815738080084557
2026-09-04T09:00:31.559343+09:00,구로디지털단지역,구로디지털단지역,POI019,KEY_4,1160004800,디지털로,1160002002,구로남초교입구교차로,126.8935057566591382_37.4822515463757284,1160001701,서남투데이,126.8925844222859496_37.4814983374191328,117.0,14.0,정체,126.8925844222859496_37.4814983374191328|126.8935057566591382_37.4822515463757284
2026-09-04T09:00:31.559343+09:00,구로디지털단지역,구로디지털단지역,POI019,KEY_4,1160005100,디지털로32길,1160122600,구로동 814,126.8994064931689536_37.4833014519814824,1160006602,구로단지우체국,126.8986737843152071_37.4836242263360404,74.0,15.0,서행,126.8986737843152071_37.4836242263360404|126.8994064931689536_37.4833014519814824
2026-09-04T09:00:31.559343+09:00,구로디지털단지역,구로디지털단지역,POI019,KEY_4,1160005200,디지털로32길,1160152700,구로동 1125-12,126.9004969408632348_37.4829446144700782,1200018704,디지털단지입구교차로,126.9011652276891908_37.4826502033151101,68.0,12.0,정체,126.9011652276891908_37.4826502033151101|126.9004969408632348_37.4829446144700782
2026-09-04T09:00:31.559343+09:00,구로디지털단지역,구로디지털단지역,POI019,KEY_4,1160005501,디지털로,1160002004,구로남초교입구교차로,126.8934972340672545_37.4824088818278227,1160006403,어린이뉴스,126.8943678431792534_37.4833758245411133,132.0,17.0,서행,126.8943678431792534_37.4833758245411133|126.8936855370631349_37.4826055748467724|126.8934972340672545_37.4824088818278227
2026-09-04T09:00:31.559343+09:00,구로디지털단지역,구로디지털단지역,POI019,KEY_4,1160005502,디지털로,1160006404,어린이뉴스,126.8944434284587572_37.4834656171134597,1160002303,디지털1단지교차로,126.8952796424025138_37.4845376205185374,140.0,16.0,서행,126.8952796424025138_37.4845376205185374|126.8951636473394444_37.4843661583925964|126.8944434284587572_37.4834656171134597
2026-09-04T09:00:31.559343+09:00,구로디지털단지역,구로디지털단지역,POI019,KEY_4,1160005601,디지털로,1160006402,어린이뉴스,126.8944792413172991_37.4833140985581466,1160002001,구로남초교입구교차로,126.8936051022042761_37.4823433008935680,133.0,21.0,서행,126.8936051022042761_37.4823433008935680|126.8937949293671466_37.4825415854034105|126.8944792413172991_37.4833140985581466
2026-09-04T09:00:31.559343+09:00,구로디지털단지역,구로디지털단지역,POI019,KEY_4,1160005602,디지털로,1160002302,디지털1단지교차로,126.8953985916931799_37.4844856024406567,1160006401,어린이뉴스,126.8945549359889640_37.4834038701793091,141.0,11.0,정체,126.8945549359889640_37.4834038701793091|126.8952807267612286_37.4843113764102185|126.8953985916931799_37.4844856024406567
2026-09-04T09:00:31.559343+09:00,구로디지털단지역,구로디지털단지역,POI019,KEY_4,1160005701,시흥대로,1200018704,디지털단지입구교차로,126.9011652276891908_37.4826502033151101,1200019603,강남우신병원,126.9022120415721275_37.4839018397197421,167.0,8.0,정체,126.9022120415721275_37.4839018397197421|126.9019032146348849_37.4835325921695102|126.9016526150941928_37.4832329606700370|126.9011652276891908_37.4826502033151101
2026-09-04T09:00:31.559343+09:00,구로디지털단지역,구로디지털단지역,POI019,KEY_4,1160005801,시흥대로,1200064500,신림동 1674-1,126.9017655141786207_37.4831729969411924,1200018701,디지털단지입구교차로,126.9012781259227296_37.4825902402013185,78.0,38.0,원활,126.9012781259227296_37.4825902402013185|126.9017655141786207_37.4831729969411924
2026-09-04T09:00:31.559343+09:00,구로디지털단지역,구로디지털단지역,POI019,KEY_4,1160005900,디지털로32길,1160264900,구로동 218,126.8962716907271044_37.4841177503565461,1160002302,디지털1단지교차로,126.8953985916931799_37.4844856024406567,87.0,10.0,정체,126.8953985916931799_37.4844856024406567|126.8962716907271044_37.4841177503565461
2026-09-04T09:00:31.559343+09:00,구로디지털단지역,구로디지털단지역,POI019,KEY_4,1160006000,디지털로32길,1160173800,구로동 188-15,126.8974394243345927_37.4838718295493152,1160006604,구로단지우체국,126.8986238179200399_37.4837566500810055,106.0,9.0,정체,126.8986238179200399_37.4837566500810055|126.8984122660177007_37.4838087376831908|126.8978251818164011_37.4838468129254636|126.8974394243345927_37.4838718295493152
2026-09-04T09:00:31.559343+09:00,구로디지털단지역,구로디지털단지역,POI019,KEY_4,1160006103,디지털로27길,1160002003,구로남초교입구교차로,126.8934086030634347_37.4823270181535548,1160006503,이-스페이스,126.8917305812735350_37.4835423141444153,201.0,10.0,정체,126.8917305812735350_37.4835423141444153|126.8918104893524088_37.4834371883227107|126.8934086030634347_37.4823270181535548
2026-09-04T09:00:31.559343+09:00,구로디지털단지역,구로디지털단지역,POI019,KEY_4,1160006203,디지털로27길,1160006901,구로3동천주교회,126.8896190447517682_37.4843226177104896,1160006501,이-스페이스,126.8917578654632479_37.4836791360871544,203.0,17.0,서행,126.8917578654632479_37.4836791360871544|126.8916170526133698_37.4837566784791747|126.8915711466728595_37.4837819577517237|126.8912685166112908_37.4839067656981442|126.8910233054121477_37.4839828362498082|126.8910049520434455_37.4839872772442035|126.8906410941285969_37.4840753198361085|126.8896190447517682_37.4843226177104896
2026-09-04T09:00:31.559343+09:00,구로디지털단지역,구로디지털단지역,POI019,KEY_4,1160006204,디지털로27길,1160006502,이-스페이스,126.8918485125667104_37.4835958539846601,1160002004,구로남초교입구교차로,126.8934972340672545_37.4824088818278227,197.0,17.0,서행,126.8934972340672545_37.4824088818278227|126.8919155820691032_37.4835076181120002|126.8918485125667104_37.4835958539846601
2026-09-04T09:00:31.559343+09:00,구로디지털단지역,구로디지털단지역,POI019,KEY_4,1160006701,디지털로,1160002304,디지털1단지교차로,126.8953435093039275_37.4846330611772203,1160007703,롯데시티호텔(구로),126.8962470857265714_37.4858199893710164,154.0,12.0,정체,126.8962470857265714_37.4858199893710164|126.8954956195910313_37.4848627394576752|126.8953435093039275_37.4846330611772203
2026-09-04T09:00:31.559343+09:00,구로디지털단지역,구로디지털단지역,POI019,KEY_4,1160006801,디지털로,1160007702,롯데시티호텔(구로),126.8963657610801619_37.4857672925145806,1160002301,디지털1단지교차로,126.8954624472248867_37.4845810017210894,154.0,19.0,서행,126.8954624472248867_37.4845810017210894|126.8956132886323047_37.4848087640744083|126.8963657610801619_37.4857672925145806
2026-09-04T09:00:31.559343+09:00,구로디지털단지역,구로디지털단지역,POI019,KEY_4,1160006802,디지털로,1160275600,구로동 181-23,126.8972347051497280_37.4868941980659827,1160007701,롯데시티호텔(구로),126.8964372409138690_37.4858591948314981,135.0,15.0,서행,126.8964372409138690_37.4858591948314981|126.8970469168106519_37.4866504766744626|126.8972347051497280_37.4868941980659827
2026-09-04T09:00:31.559343+09:00,구로디지털단지역,구로디지털단지역,POI019,KEY_4,1160020300,디지털로30길,1160005903,한국농어촌방송본사,126.8972776620144600_37.4817867015770929,1160006402,어린이뉴스,126.8944792413172991_37.4833140985581466,300.0,19.0,서행,126.8944792413172991_37.4833140985581466|126.8948413059893596_37.4831095502286615|126.8956357623937805_37.4826388020315520|126.8971832914315030_37.4818345023029238|126.8972776620144600_37.4817867015770929
2026-09-04T09:00:31.559343+09:00,구로디지털단지역,구로디지털단지역,POI019,KEY_4,1160020400,디지털로30길,1160006401,어린이뉴스,126.8945549359889640_37.4834038701793091,1160005904,한국농어촌방송본사,126.8973489442759188_37.4818787081438316,300.0,5.0,정체,126.8973489442759188_37.4818787081438316|126.8972567421730275_37.4819254112818570|126.8957133712641507_37.4827275496055634|126.8949210281995477_37.4831970450921332|126.8945549359889640_37.4834038701793091
2026-09-04T09:00:31.559343+09:00,구로디지털단지역,구로디지털단지역,POI019,KEY_4,1160020700,디지털로29길,1160006403,어린이뉴스,126.8943678431792534_37.4833758245411133,1160007002,이투뉴스,126.8926060338410196_37.4843334001185298,189.0,11.0,정체,126.8926060338410196_37.4843334001185298|126.8943678431792534_37.4833758245411133
2026-09-04T09:00:31.559343+09:00,구로디지털단지역,구로디지털단지역,POI019,KEY_4,1160020800,디지털로29길,1160007001,이투뉴스,126.8926819657823302_37.4844230047648566,1160006404,어린이뉴스,126.8944434284587572_37.4834656171134597,189.0,17.0,서행,126.8944434284587572_37.4834656171134597|126.8926819657823302_37.4844230047648566
2026-09-04T09:00:31.559343+09:00,구로디지털단지역,구로디지털단지역,POI019,KEY_4,1160020900,디지털로27가길,1160007002,이투뉴스,126.8926060338410196_37.4843334001185298,1160006502,이-스페이스,126.8918485125667104_37.4835958539846601,107.0,19.5,서행,126.8918485125667104_37.4835958539846601|126.8919599002950918_37.4836464229215878|126.8920939703165516_37.4837502631997097|126.8921680859276364_37.4838346666103917|126.8926060338410196_37.4843334001185298
2026-09-04T09:00:31.559343+09:00,구로디지털단지역,구로디지털단지역,POI019,KEY_4,1160021000,디지털로27가길,1160127000,구로동 252-63,126.8920569215520828_37.4838966556500779,1160007003,이투뉴스,126.8924948692016841_37.4843953895049040,68.0,20.0,서행,126.8924948692016841_37.4843953895049040|126.8920569215520828_37.4838966556500779
2026-09-04T09:00:31.559343+09:00,구로디지털단지역,구로디지털단지역,POI019,KEY_4,1160021100,시흥대로,1160226100,구로동 1124-77,126.9015770566548156_37.4842913595505109,1160007102,구로디지털단지역,126.9014162506018835_37.4848180029825926,61.0,3.0,정체,126.9014162506018835_37.4848180029825926|126.9014866605190690_37.4844597741793351|126.9015502373806186_37.4843238082773027|126.9015770566548156_37.4842913595505109
2026-09-04T09:00:31.559343+09:00,구로디지털단지역,구로디지털단지역,POI019,KEY_4,1160021600,디지털로27가길,1160007503,동작벼룩시장,126.8934530051471086_37.4853665929568365,1160007001,이투뉴스,126.8926819657823302_37.4844230047648566,125.0,19.0,서행,126.8926819657823302_37.4844230047648566|126.8934530051471086_37.4853665929568365
2026-09-04T09:00:31.559343+09:00,구로디지털단지역,구로디지털단지역,POI019,KEY_4,1160021700,디지털로27가길,1160007004,이투뉴스,126.8925682669420922_37.4844820023724665,1160007504,동작벼룩시장,126.8933353461741689_37.4854207480942847,124.0,21.0,서행,126.8933353461741689_37.4854207480942847|126.8925682669420922_37.4844820023724665
2026-09-04T09:00:31.559343+09:00,구로디지털단지역,구로디지털단지역,POI019,KEY_4,1160021900,디지털로31길,1160002303,디지털1단지교차로,126.8952796424025138_37.4845376205185374,1160007503,동작벼룩시장,126.8934530051471086_37.4853665929568365,186.0,8.0,정체,126.8934530051471086_37.4853665929568365|126.8952796424025138_37.4845376205185374
2026-09-04T09:00:31.559343+09:00,구로디지털단지역,구로디지털단지역,POI019,KEY_4,1160022000,디지털로31길,1160007502,동작벼룩시장,126.8935268697175616_37.4854574967908860,1160002304,디지털1단지교차로,126.8953435093039275_37.4846330611772203,185.0,16.5,서행,126.8953435093039275_37.4846330611772203|126.8935268697175616_37.4854574967908860
2026-09-04T09:00:31.559343+09:00,구로디지털단지역,구로디지털단지역,POI019,KEY_4,1160022100,디지털로34길,1160006604,구로단지우체국,126.8986238179200399_37.4837566500810055,1160007702,롯데시티호텔(구로),126.8963657610801619_37.4857672925145806,328.0,15.0,서행,126.8963657610801619_37.4857672925145806|126.8982267387187051_37.4848363408960239|126.8983738715280793_37.4847418499824627|126.8984734048972740_37.4846451213332514|126.8985743992566171_37.4845003998530188|126.8986311369851876_37.4843455994852945|126.8986930392562584_37.4840401198066218|126.8986689418290013_37.4838515866000037|126.8986238179200399_37.4837566500810055
2026-09-04T09:00:31.559343+09:00,구로디지털단지역,구로디지털단지역,POI019,KEY_4,1160022200,디지털로34길,1160007701,롯데시티호텔(구로),126.8964372409138690_37.4858591948314981,1160006601,구로단지우체국,126.8987489435907605_37.4837146589600820,345.0,8.0,정체,126.8987489435907605_37.4837146589600820|126.8988021200996457_37.4838265373868396|126.8988298283918681_37.4840433148602798|126.8987637368247903_37.4843694655542663|126.8987003707336925_37.4845423516443788|126.8985860552682681_37.4847061631695553|126.8984699121090074_37.4848190336163043|126.8983056516939598_37.4849245247307650|126.8964372409138690_37.4858591948314981
2026-09-04T09:00:31.559343+09:00,구로디지털단지역,구로디지털단지역,POI019,KEY_4,1160022400,시흥대로,1160007102,구로디지털단지역,126.9014162506018835_37.4848180029825926,1160007800,구로디지털단지역3번출구,126.9002348002063911_37.4856322056448832,149.0,4.0,정체,126.9002348002063911_37.4856322056448832|126.9004417563574947_37.4852283060631208|126.9005017145782830_37.4851329992872735|126.9006094867249743_37.4850758759866665|126.9011063006316675_37.4849141862083783|126.9014162506018835_37.4848180029825926
2026-09-04T09:00:31.559343+09:00,구로디지털단지역,구로디지털단지역,POI019,KEY_4,1160023400,디지털로31길,1160159500,구로동 197-57,126.8926750779697272_37.4858537636431279,1160007505,동작벼룩시장,126.8934091963354831_37.4855115845585587,75.0,16.0,서행,126.8934091963354831_37.4855115845585587|126.8926750779697272_37.4858537636431279
2026-09-04T09:00:31.559343+09:00,구로디지털단지역,구로디지털단지역,POI019,KEY_4,1160024201,디지털로33길,1160007507,구로동170-6,126.8944821374542471_37.4866390404158096,1160007502,동작벼룩시장,126.8935268697175616_37.4854574967908860,156.0,18.0,서행,126.8935268697175616_37.4854574967908860|126.8944821374542471_37.4866390404158096
2026-09-04T09:00:31.559343+09:00,구로디지털단지역,구로디지털단지역,POI019,KEY_4,1160024202,디지털로33길,1160007703,롯데시티호텔(구로),126.8962470857265714_37.4858199893710164,1160007507,구로동170-6,126.8944821374542471_37.4866390404158096,181.0,6.0,정체,126.8944821374542471_37.4866390404158096|126.8958791004022544_37.4859657126565011|126.8962470857265714_37.4858199893710164
2026-09-04T09:00:31.559343+09:00,구로디지털단지역,구로디지털단지역,POI019,KEY_4,1160024301,디지털로33길,1160007506,구로동170-6,126.8946532528574238_37.4866829253835476,1160007704,롯데시티호텔(구로),126.8963189246829302_37.4859122766495005,170.0,18.0,서행,126.8963189246829302_37.4859122766495005|126.8959445157643557_37.4860605446026938|126.8946532528574238_37.4866829253835476
2026-09-04T09:00:31.559343+09:00,구로디지털단지역,구로디지털단지역,POI019,KEY_4,1160024302,디지털로33길,1160007505,동작벼룩시장,126.8934091963354831_37.4855115845585587,1160007508,구로동170-6,126.8943602466473664_37.4866879141360343,155.0,13.0,정체,126.8943602466473664_37.4866879141360343|126.8934091963354831_37.4855115845585587
2026-09-04T09:00:31.559343+09:00,구로디지털단지역,구로디지털단지역,POI019,KEY_4,1200006500,조원로,1200064000,신림동 1675-8,126.9029897960255653_37.4834956199973774,1200019602,강남우신병원,126.9023243042701239_37.4838411132313780,70.0,14.0,정체,126.9023243042701239_37.4838411132313780|126.9028094961459772_37.4835667668525545|126.9029503679733324_37.4835056834624254|126.9029897960255653_37.4834956199973774
2026-09-04T09:00:31.559343+09:00,구로디지털단지역,구로디지털단지역,POI019,KEY_4,1200010401,봉천로,1200101300,최소노드배치점,126.9048781530148204_37.4848031964909509,1160007800,구로디지털단지역3번출구,126.9002348002063911_37.4856322056448832,430.0,49.0,원활,126.9002348002063911_37.4856322056448832|126.9007586758196879_37.4853704156801228|126.9011403150620083_37.4852098210022149|126.9015443650774131_37.4850671233676280|126.9018586044769989_37.4849720275228933|126.9022849956394339_37.4849008634215295|126.9026739605597101_37.4848535058282195|126.9033022188487507_37.4848301828163599|126.9048781530148204_37.4848031964909509
2026-09-04T09:00:31.559343+09:00,구로역,구로역,POI020,KEY_1,1160002703,경인로,1160037802,구로지하차도(북측),126.8814935704587299_37.5043183305166821,1160040905,신도림동사무소,126.8835127714082347_37.5057700823748021,240.0,41.0,원활,126.8835127714082347_37.5057700823748021|126.8814935704587299_37.5043183305166821
2026-09-04T09:00:31.559343+09:00,구로역,구로역,POI020,KEY_1,1160002305,경인로,1160034502,구로기계공구상가단지,126.8784152415114903_37.5021440736997747,1160036403,구로역교차로,126.8796656821958493_37.5030673368874119,151.0,32.0,원활,126.8796656821958493_37.5030673368874119|126.8784152415114903_37.5021440736997747
2026-09-04T09:00:31.559343+09:00,구로역,구로역,POI020,KEY_1,1160002404,경인로,1160036402,구로역교차로,126.8798498461747783_37.5029085407338769,1160034801,구로지하차도(남측),126.8783029444020514_37.5018416464907460,182.0,18.0,서행,126.8783029444020514_37.5018416464907460|126.8785027898019990_37.5019153329666537|126.8798498461747783_37.5029085407338769
2026-09-04T09:00:31.559343+09:00,구로역,구로역,POI020,KEY_1,1160002702,경인로,1160036404,구로역교차로,126.8797656740501054_37.5031404717325572,1160037802,구로지하차도(북측),126.8814935704587299_37.5043183305166821,202.0,20.0,서행,126.8814935704587299_37.5043183305166821|126.8812468828441808_37.5042127918201231|126.8797656740501054_37.5031404717325572
2026-09-04T09:00:31.559343+09:00,구로역,구로역,POI020,KEY_1,1160002802,경인로,1160037801,구로지하차도(북측),126.8815846697612244_37.5042381878289319,1160036401,구로역교차로,126.8799498591355785_37.5029816276734707,202.0,20.0,서행,126.8799498591355785_37.5029816276734707|126.8814294227990160_37.5040527548736691|126.8815846697612244_37.5042381878289319
2026-09-04T09:00:31.559343+09:00,구로역,구로역,POI020,KEY_1,1160002803,경인로,1160040904,신도림동사무소,126.8836036985089919_37.5056898153755398,1160037801,구로지하차도(북측),126.8815846697612244_37.5042381878289319,240.0,9.0,정체,126.8815846697612244_37.5042381878289319|126.8836036985089919_37.5056898153755398
2026-09-04T09:00:31.559343+09:00,구로역,구로역,POI020,KEY_1,1160012304,구로동로,1160154900,구로동 462-1,126.8824091172900097_37.4994610619746851,1160004304,AK플라자앞교차로,126.8824439152142389_37.5006446548789327,132.0,14.0,정체,126.8824439152142389_37.5006446548789327|126.8823951197181117_37.5002205163018019|126.8824051244391882_37.4996777003701851|126.8824091172900097_37.4994610619746851
2026-09-04T09:00:31.559343+09:00,구로역,구로역,POI020,KEY_1,1160013702,구로중앙로,1160050102,지하차도(서측),126.8835148282346239_37.4996233978199669,1160004303,AK플라자앞교차로,126.8825668705374738_37.5005288608787382,131.0,44.0,원활,126.8825668705374738_37.5005288608787382|126.8828710307459176_37.5002468361621055|126.8829505981381516_37.5001648826779288|126.8832376273967526_37.4998512991191930|126.8835148282346239_37.4996233978199669
2026-09-04T09:00:31.559343+09:00,구로역,구로역,POI020,KEY_1,1160013801,구로중앙로,1160031302,AK플라자앞,126.8830602464456945_37.5002285892838003,1160050101,지하차도(서측),126.8836055631120132_37.4996996362300692,76.0,14.0,정체,126.8836055631120132_37.4996996362300692|126.8835971196618289_37.4997111069201736|126.8833416853714908_37.4999211136327162|126.8830602464456945_37.5002285892838003
2026-09-04T09:00:31.559343+09:00,구로역,구로역,POI020,KEY_1,1160013802,구로중앙로,1160004302,AK플라자앞교차로,126.8826698006300973_37.5005993241719082,1160031301,AK플라자앞,126.8829739607386529_37.5003172991934548,41.0,18.0,서행,126.8829739607386529_37.5003172991934548|126.8826698006300973_37.5005993241719082
2026-09-04T09:00:31.559343+09:00,구로역,구로역,POI020,KEY_1,1160014701,구로중앙로,1160004304,AK플라자앞교차로,126.8824439152142389_37.5006446548789327,1160036402,구로역교차로,126.8798498461747783_37.5029085407338769,341.0,28.0,원활,126.8798498461747783_37.5029085407338769|126.8802195515829396_37.5025788447226205|126.8808010888238442_37.5020186292574849|126.8812049630685976_37.5016737266998490|126.8822093574845837_37.5008862202708784|126.8824439152142389_37.5006446548789327
2026-09-04T09:00:31.559343+09:00,구로역,구로역,POI020,KEY_1,1160014801,구로중앙로,1160036401,구로역교차로,126.8799498591355785_37.5029816276734707,1160004301,AK플라자앞교차로,126.8825512540485363_37.5007108111362015,342.0,13.0,정체,126.8825512540485363_37.5007108111362015|126.8823110851922564_37.5009581561256553|126.8813022193148470_37.5017491701350210|126.8809030844676187_37.5020900259782337|126.8803224434791872_37.5026493166134713|126.8799498591355785_37.5029816276734707
2026-09-04T09:00:31.559343+09:00,구로역,구로역,POI020,KEY_1,1160016002,구로중앙로,1160318200,구로동 604-15,126.8787840193907925_37.5039589067442876,1160036404,구로역교차로,126.8797656740501054_37.5031404717325572,126.0,22.0,서행,126.8797656740501054_37.5031404717325572|126.8787840193907925_37.5039589067442876
2026-09-04T09:00:31.559343+09:00,구로역,구로역,POI020,KEY_1,1160060200,구로중앙로34길,1160032903,영림빌딩,126.8848678729358284_37.5007540665173380,1160031302,AK플라자앞,126.8830602464456945_37.5002285892838003,170.0,27.0,원활,126.8830602464456945_37.5002285892838003|126.8837347429068956_37.5004481416141644|126.8841599860697329_37.5005629512532863|126.8848678729358284_37.5007540665173380
2026-09-04T09:00:31.559343+09:00,구로역,구로역,POI020,KEY_1,1160064101,새말로,1160201200,구로동 496-128,126.8828911595734468_37.5019979620272395,1160049101,애경백화점주차장입구,126.8827564584221506_37.5019420651198843,13.0,22.0,서행,126.8827564584221506_37.5019420651198843|126.8828911595734468_37.5019979620272395
2026-09-04T09:00:31.559343+09:00,구로역,구로역,POI020,KEY_1,1160064201,새말로,1160241300,구로동 566-16,126.8835953818400526_37.5024120971290884,1160049204,구로롯데아파트앞,126.8843917579443570_37.5027425563835806,79.0,18.0,서행,126.8843917579443570_37.5027425563835806|126.8839858571494403_37.5025741273609654|126.8835953818400526_37.5024120971290884
2026-09-04T09:00:31.559343+09:00,구로역,구로역,POI020,KEY_1,1160067300,경인로,1160037801,구로지하차도(북측),126.8815846697612244_37.5042381878289319,1160034801,구로지하차도(남측),126.8783029444020514_37.5018416464907460,394.0,28.0,원활,126.8783029444020514_37.5018416464907460|126.8798550910123879_37.5029860650246718|126.8815846697612244_37.5042381878289319
2026-09-04T09:00:31.559343+09:00,구로역,구로역,POI020,KEY_1,1160067400,경인로,1160034802,구로지하차도(남측),126.8782114750291896_37.5019215141120696,1160037802,구로지하차도(북측),126.8814935704587299_37.5043183305166821,394.0,33.0,원활,126.8814935704587299_37.5043183305166821|126.8797633638207003_37.5030657520983226|126.8782114750291896_37.5019215141120696
2026-09-04T09:00:31.559343+09:00,구로역,구로역,POI020,KEY_1,1160088400,벚꽃로,1160048902,새말고가교(남측),126.8808562236643098_37.5011540117632762,1160049002,새말고가교(북측),126.8821621334058420_37.5018170387463314,138.0,46.0,원활,126.8821621334058420_37.5018170387463314|126.8818108904469000_37.5016871323605017|126.8813106955592787_37.5014691137450953|126.8810384845925938_37.5012995869694592|126.8808562236643098_37.5011540117632762
2026-09-04T09:00:31.559343+09:00,구로역,구로역,POI020,KEY_1,1160088600,벚꽃로,1160049001,새말고가교(북측),126.8822220968000352_37.5017200764814689,1160048901,새말고가교(남측),126.8809607714558467_37.5010859028210248,133.0,46.0,원활,126.8809607714558467_37.5010859028210248|126.8811286565910166_37.5012185106669875|126.8813855473329824_37.5013784964260068|126.8818721077834653_37.5015905715778359|126.8822220968000352_37.5017200764814689
2026-09-04T09:00:31.559343+09:00,구로역,구로역,POI020,KEY_1,1160088800,새말로,1160049101,애경백화점주차장입구,126.8827564584221506_37.5019420651198843,1160004301,AK플라자앞교차로,126.8825512540485363_37.5007108111362015,195.0,17.0,서행,126.8825512540485363_37.5007108111362015|126.8825109701480471_37.5008058644173587|126.8820157985044403_37.5012387302059977|126.8819625479276567_37.5013452749619560|126.8819309554534556_37.5014560949871125|126.8819419585757373_37.5014967665556327|126.8819931567736461_37.5015712443604912|126.8821845449758428_37.5016717109843896|126.8825234212579574_37.5018237696641208|126.8827564584221506_37.5019420651198843
2026-09-04T09:00:31.559343+09:00,구로역,구로역,POI020,KEY_1,1160088900,새말로,1160049002,새말고가교(북측),126.8821621334058420_37.5018170387463314,1160049102,애경백화점주차장입구,126.8826937386913443_37.5020379469097875,53.0,18.0,서행,126.8826937386913443_37.5020379469097875|126.8821621334058420_37.5018170387463314
2026-09-04T09:00:31.559343+09:00,구로역,구로역,POI020,KEY_1,1160089000,새말로,1160049101,애경백화점주차장입구,126.8827564584221506_37.5019420651198843,1160049001,새말고가교(북측),126.8822220968000352_37.5017200764814689,53.0,17.0,서행,126.8822220968000352_37.5017200764814689|126.8827564584221506_37.5019420651198843
2026-09-04T09:00:31.559343+09:00,군자역,군자역,POI021,KEY_2,1040004301,천호대로,1040074800,능동 256-16,127.0831087283005871_37.5557047588145991,1040024502,하나은행중곡동지점,127.0818480980083507_37.5561883471965672,124.0,17.0,서행,127.0818480980083507_37.5561883471965672|127.0831087283005871_37.5557047588145991
2026-09-04T09:00:31.559343+09:00,군자역,군자역,POI021,KEY_2,1040004302,천호대로,1040058100,능동 265-10,127.0806277800777764_37.5566616664993660,1040001902,군자역사거리,127.0795348266652240_37.5570858179850333,107.0,18.0,서행,127.0795348266652240_37.5570858179850333|127.0806277800777764_37.5566616664993660
2026-09-04T09:00:31.559343+09:00,군자역,군자역,POI021,KEY_2,1040004403,천호대로,1040058200,중곡동 661,127.0806872902272744_37.5567588534684162,1040024504,속성변화점,127.0817853905452353_37.5563326894010103,108.0,7.0,정체,127.0817853905452353_37.5563326894010103|127.0806872902272744_37.5567588534684162
2026-09-04T09:00:31.559343+09:00,군자역,군자역,POI021,KEY_2,1040004701,천호대로,1040001903,군자역사거리,127.0794124264596832_37.5571326952658282,1040024802,군자역(서울5호선),127.0787410926408967_37.5573863002999602,66.0,7.7,정체,127.0787410926408967_37.5573863002999602|127.0794124264596832_37.5571326952658282
2026-09-04T09:00:31.559343+09:00,군자역,군자역,POI021,KEY_2,1040004702,천호대로,1040024803,군자역(서울5호선),127.0786186884951690_37.5574334057867176,1040025102,군자동 484,127.0770083487010851_37.5580635804755758,159.0,9.0,정체,127.0770083487010851_37.5580635804755758|127.0781748461028542_37.5576070980020376|127.0786186884951690_37.5574334057867176
2026-09-04T09:00:31.559343+09:00,군자역,군자역,POI021,KEY_2,1040004801,천호대로,1040118000,중곡동 661,127.0782347592370058_37.5577041280935759,1040001904,군자역사거리,127.0794679514587244_37.5572313947359646,121.0,39.7,원활,127.0794679514587244_37.5572313947359646|127.0787993147264672_37.5574839809709218|127.0786786020649828_37.5575304356554085|127.0782347592370058_37.5577041280935759
2026-09-04T09:00:31.559343+09:00,군자역,군자역,POI021,KEY_2,1040005003,천호대로,1040080100,중곡동 660,127.0762266121017348_37.5585010016227940,1040025104,중곡동 660,127.0769419301756358_37.5582109206187056,71.0,26.0,원활,127.0769419301756358_37.5582109206187056|127.0762266121017348_37.5585010016227940
2026-09-04T09:00:31.559343+09:00,군자역,군자역,POI021,KEY_2,1040014201,능동로,1040050700,군자동 47-1,127.0779016230986826_37.5543875146911716,1040024403,능동119안전센터,127.0784794280852879_37.5554353109497256,127.0,9.0,정체,127.0784794280852879_37.5554353109497256|127.0779016230986826_37.5543875146911716
2026-09-04T09:00:31.559343+09:00,군자역,군자역,POI021,KEY_2,1040014202,능동로,1040024404,능동119안전센터,127.0785327914266389_37.5555337392588058,1040024603,능동시장입구,127.0790245738390212_37.5564603311063223,112.0,10.0,정체,127.0790245738390212_37.5564603311063223|127.0785327914266389_37.5555337392588058
2026-09-04T09:00:31.559343+09:00,군자역,군자역,POI021,KEY_2,1040014203,능동로,1040024604,능동시장입구,127.0790796723156575_37.5565593130955548,1040001903,군자역사거리,127.0794124264596832_37.5571326952658282,70.0,9.0,정체,127.0794124264596832_37.5571326952658282|127.0790796723156575_37.5565593130955548
2026-09-04T09:00:31.559343+09:00,군자역,군자역,POI021,KEY_2,1040014302,능동로,1040001902,군자역사거리,127.0795348266652240_37.5570858179850333,1040024401,능동119안전센터,127.0786578909075786_37.5554916575915527,193.0,6.0,정체,127.0786578909075786_37.5554916575915527|127.0791496745905675_37.5564182489232010|127.0792029604481144_37.5565139666780041|127.0795348266652240_37.5570858179850333
2026-09-04T09:00:31.559343+09:00,군자역,군자역,POI021,KEY_2,1040014401,군자로,1040051100,군자동 498,127.0773859030467037_37.5559192589275526,1040024703,군자동 498,127.0781418254503308_37.5568150974500838,120.0,23.7,서행,127.0781418254503308_37.5568150974500838|127.0773859030467037_37.5559192589275526
2026-09-04T09:00:31.559343+09:00,군자역,군자역,POI021,KEY_2,1040014402,군자로,1040024704,군자동 473-17,127.0782167648829954_37.5569063842871316,1040024803,군자역(서울5호선),127.0786186884951690_37.5574334057867176,68.0,17.0,서행,127.0786186884951690_37.5574334057867176|127.0785251045072073_37.5572958312944110|127.0782167648829954_37.5569063842871316
2026-09-04T09:00:31.559343+09:00,군자역,군자역,POI021,KEY_2,1040014502,군자로,1040024802,군자역(서울5호선),127.0787410926408967_37.5573863002999602,1040024701,군자동 478-3,127.0783391267993352_37.5568581661630958,69.0,7.0,정체,127.0783391267993352_37.5568581661630958|127.0786423903673494_37.5572412023606361|127.0787410926408967_37.5573863002999602
2026-09-04T09:00:31.559343+09:00,군자역,군자역,POI021,KEY_2,1040014601,면목로,1040043600,군자동 55-1,127.0761006675665499_37.5566678876701872,1040024903,덕산빌딩,127.0765332367497393_37.5574279966482294,93.0,22.0,서행,127.0765332367497393_37.5574279966482294|127.0763146059258020_37.5570463247497557|127.0761146941674156_37.5566973276250238|127.0761006675665499_37.5566678876701872
2026-09-04T09:00:31.559343+09:00,군자역,군자역,POI021,KEY_2,1040014602,면목로,1040024904,덕산빌딩,127.0765850070330600_37.5575232608000391,1040025103,군자동 484,127.0768865082141730_37.5581120561590538,71.0,18.0,서행,127.0768865082141730_37.5581120561590538|127.0765850070330600_37.5575232608000391
2026-09-04T09:00:31.559343+09:00,군자역,군자역,POI021,KEY_2,1040014702,면목로,1040025102,군자동 484,127.0770083487010851_37.5580635804755758,1040024901,덕산빌딩,127.0767107698767973_37.5574824468424708,70.0,11.0,정체,127.0767107698767973_37.5574824468424708|127.0770083487010851_37.5580635804755758
2026-09-04T09:00:31.559343+09:00,군자역,군자역,POI021,KEY_2,1040015301,능동로,1040100200,중곡동 672,127.0799523671894633_37.5578476892915063,1040001901,군자역사거리,127.0795904427961460_37.5571845162377826,80.0,24.0,서행,127.0795904427961460_37.5571845162377826|127.0799523671894633_37.5578476892915063
2026-09-04T09:00:31.559343+09:00,군자역,군자역,POI021,KEY_2,1040015700,면목로,1040117400,중곡동 669,127.0774452742331562_37.5588289367580259,1040025101,중곡동 659,127.0770633897610651_37.5581625172458260,81.0,16.0,서행,127.0770633897610651_37.5581625172458260|127.0772236884223787_37.5584272094132317|127.0774452742331562_37.5588289367580259
2026-09-04T09:00:31.559343+09:00,군자역,군자역,POI021,KEY_2,1040036900,천호대로112길,1040113400,능동 265-12,127.0811761263330339_37.5550588496486881,1040024301,능동행정복지센터,127.0808961978493130_37.5546000541827141,57.0,16.0,서행,127.0808961978493130_37.5546000541827141|127.0810767106879382_37.5548917415527583|127.0811761263330339_37.5550588496486881
2026-09-04T09:00:31.559343+09:00,군자역,군자역,POI021,KEY_2,1040037000,천호대로112길,1040031900,능동 265-12,127.0813512873793627_37.5556058644750337,1040024503,하나은행중곡동지점,127.0817258793105822_37.5562355029796677,77.0,11.0,정체,127.0817258793105822_37.5562355029796677|127.0813512873793627_37.5556058644750337
2026-09-04T09:00:31.559343+09:00,군자역,군자역,POI021,KEY_2,1040037300,능동로35길,1040081700,군자동 476-19,127.0785006871383587_37.5566717504792678,1040024702,군자동 498,127.0782648012190208_37.5567669432952229,23.0,12.0,정체,127.0782648012190208_37.5567669432952229|127.0785006871383587_37.5566717504792678
2026-09-04T09:00:31.559343+09:00,군자역,군자역,POI021,KEY_2,1040037400,능동로35길,1040024701,군자동 478-3,127.0783391267993352_37.5568581661630958,1040024604,능동시장입구,127.0790796723156575_37.5565593130955548,73.0,16.0,서행,127.0790796723156575_37.5565593130955548|127.0785620921129038_37.5567681874680659|127.0783391267993352_37.5568581661630958
2026-09-04T09:00:31.559343+09:00,군자역,군자역,POI021,KEY_2,1040037500,능동로35길,1040024703,군자동 498,127.0781418254503308_37.5568150974500838,1040024902,덕산빌딩,127.0766568065223794_37.5573831352894132,146.0,19.0,서행,127.0766568065223794_37.5573831352894132|127.0781418254503308_37.5568150974500838
2026-09-04T09:00:31.559343+09:00,군자역,군자역,POI021,KEY_2,1040037600,능동로35길,1040024901,덕산빌딩,127.0767107698767973_37.5574824468424708,1040024704,군자동 473-17,127.0782167648829954_37.5569063842871316,148.0,14.0,정체,127.0782167648829954_37.5569063842871316|127.0767107698767973_37.5574824468424708
2026-09-04T09:00:31.559343+09:00,대림역,대림역,POI023,KEY_3,1160007302,도림로,1160225400,구로동 772,126.8904010194307972_37.4889164164321826,1160010803,영서중,126.8914297539746627_37.4895657998392124,116.0,9.0,정체,126.8914297539746627_37.4895657998392124|126.8905514013743527_37.4890117568818582|126.8904010194307972_37.4889164164321826
2026-09-04T09:00:31.559343+09:00,대림역,대림역,POI023,KEY_3,1160007303,도림로,1160217800,구로동 141-3,126.8926285085608470_37.4903142599622470,1160011904,이화우성아파트앞교차로,126.8929152890763135_37.4904964352182120,32.0,9.0,정체,126.8929152890763135_37.4904964352182120|126.8926990710762226_37.4903582830098188|126.8926285085608470_37.4903142599622470
2026-09-04T09:00:31.559343+09:00,대림역,대림역,POI023,KEY_3,1160007403,도림로,1160010802,영서중,126.8915139708522020_37.4894810257779127,1160010102,두산아파트,126.8897945974124610_37.4883937786456869,194.0,12.0,정체,126.8897945974124610_37.4883937786456869|126.8904854992964744_37.4888318085023116|126.8906357495298636_37.4889270655138702|126.8915139708522020_37.4894810257779127
2026-09-04T09:00:31.559343+09:00,대림역,대림역,POI023,KEY_3,1160007404,도림로,1160011903,이화우성아파트앞교차로,126.8930001743539435_37.4904120838378958,1160010801,영서중,126.8916296698385224_37.4895537665370497,154.0,16.0,서행,126.8916296698385224_37.4895537665370497|126.8920912355731190_37.4898417393384875|126.8927121587774991_37.4902291295874335|126.8927833415098263_37.4902735396003237|126.8930001743539435_37.4904120838378958
2026-09-04T09:00:31.559343+09:00,대림역,대림역,POI023,KEY_3,1160007702,도림천로,1160048702,대림1교(서측),126.8961721623145422_37.4891819536651596,1160003101,대림역앞교차로,126.8951790541212432_37.4917967493715238,303.0,23.0,서행,126.8951790541212432_37.4917967493715238|126.8957256692603153_37.4903646601817258|126.8961721623145422_37.4891819536651596
2026-09-04T09:00:31.559343+09:00,대림역,대림역,POI023,KEY_3,1160008502,도림로,1160206800,구로동 125-90,126.8946481025246982_37.4916034087912990,1160003102,대림역앞교차로,126.8951368393779262_37.4919075571000988,55.0,7.0,정체,126.8951368393779262_37.4919075571000988|126.8946481025246982_37.4916034087912990
2026-09-04T09:00:31.559343+09:00,대림역,대림역,POI023,KEY_3,1160008600,도림로,1160290800,구로동 125-90,126.8937506634492394_37.4909077328717615,1160011902,이화우성아파트앞교차로,126.8931080201690804_37.4904833570122022,74.0,11.5,정체,126.8931080201690804_37.4904833570122022|126.8935149734357850_37.4907610379991567|126.8937506634492394_37.4909077328717615
2026-09-04T09:00:31.559343+09:00,대림역,대림역,POI023,KEY_3,1160009302,구로중앙로,1160172800,구로동 136-14,126.8912072361346901_37.4922624369484083,1160015703,동구로초등교,126.8907809041495369_37.4927508825685223,66.0,17.0,서행,126.8907809041495369_37.4927508825685223|126.8912072361346901_37.4922624369484083
2026-09-04T09:00:31.559343+09:00,대림역,대림역,POI023,KEY_3,1160009402,구로중앙로,1160144900,구로동 136-14,126.8926556031381807_37.4909335976771700,1160011901,이화우성아파트앞교차로,126.8930197619754523_37.4905654813101421,52.0,16.7,서행,126.8930197619754523_37.4905654813101421|126.8926556031381807_37.4909335976771700
2026-09-04T09:00:31.559343+09:00,대림역,대림역,POI023,KEY_3,1160009403,구로중앙로,1160019802,구로중학교,126.8894587513572816_37.4945975713785131,1160015701,동구로초등교,126.8908134604049849_37.4929068959194325,223.0,18.0,서행,126.8908134604049849_37.4929068959194325|126.8905437421596929_37.4932435113719080|126.8897691103862115_37.4942102517986697|126.8894587513572816_37.4945975713785131
2026-09-04T09:00:31.559343+09:00,대림역,대림역,POI023,KEY_3,1160011101,도림천로,1160003102,대림역앞교차로,126.8951368393779262_37.4919075571000988,1160019901,구로동 72-9,126.8941517206176570_37.4945810739956400,309.0,14.0,정체,126.8941517206176570_37.4945810739956400|126.8942482427834904_37.4942443675041019|126.8951368393779262_37.4919075571000988
2026-09-04T09:00:31.559343+09:00,대림역,대림역,POI023,KEY_3,1160011102,도림천로,1160019902,구로동 72-9,126.8941170254665423_37.4946987368495215,1160025000,거리공원오거리,126.8933050731660046_37.4971960011134016,286.0,34.0,원활,126.8933050731660046_37.4971960011134016|126.8935989143015917_37.4964083812532749|126.8941170254665423_37.4946987368495215
2026-09-04T09:00:31.559343+09:00,대림역,대림역,POI023,KEY_3,1160029200,구로동로26길,1160313400,최소노드배치점,126.8878639163611268_37.4900111269113552,1160010804,영서중,126.8915460186500610_37.4896388966145651,347.0,15.0,서행,126.8915460186500610_37.4896388966145651|126.8906364711194499_37.4900259563153426|126.8903834628753486_37.4901246344105701|126.8901833510556401_37.4901726389422265|126.8898305550219732_37.4902407681095795|126.8894918861310686_37.4902987848196290|126.8892782124872980_37.4903059874365425|126.8889939662046089_37.4903057207039581|126.8887661176781592_37.4902563195181102|126.8882902923041769_37.4901041382504374|126.8880556872973671_37.4900207883635872|126.8879413777153218_37.4900081145503350|126.8878639163611268_37.4900111269113552
2026-09-04T09:00:31.559343+09:00,대림역,대림역,POI023,KEY_3,1160031000,구로동로28길,1160143300,구로동 136-71,126.8903851632108370_37.4926410535080947,1160015704,동구로초등교,126.8907052567209206_37.4928410150700842,36.0,12.0,정체,126.8907052567209206_37.4928410150700842|126.8903851632108370_37.4926410535080947
2026-09-04T09:00:31.559343+09:00,대림역,대림역,POI023,KEY_3,1160034000,도림로,1160014601,대림역,126.8956997149267778_37.4921193661557481,1160003101,대림역앞교차로,126.8951790541212432_37.4917967493715238,58.0,31.0,원활,126.8951790541212432_37.4917967493715238|126.8956997149267778_37.4921193661557481
2026-09-04T09:00:31.559343+09:00,대림역,대림역,POI023,KEY_3,1160034100,도림로,1160003102,대림역앞교차로,126.8951368393779262_37.4919075571000988,1160014602,대림역,126.8956552318730076_37.4922287682018478,58.0,10.0,정체,126.8956552318730076_37.4922287682018478|126.8951368393779262_37.4919075571000988
2026-09-04T09:00:31.559343+09:00,대림역,대림역,POI023,KEY_3,1160041100,구로중앙로14길,1160146700,구로동 130-92,126.8916337032718218_37.4932605226136815,1160015702,동구로초등교,126.8908887156223528_37.4928167280073694,82.0,11.0,정체,126.8908887156223528_37.4928167280073694|126.8916337032718218_37.4932605226136815
2026-09-04T09:00:31.559343+09:00,대림역,대림역,POI023,KEY_3,1180006601,대림로,1180318000,대림동 697-2,126.9003294017936412_37.4942557156031810,1180011603,우성아파트앞교차로,126.8998903883358906_37.4947946768444780,71.0,13.0,정체,126.8998903883358906_37.4947946768444780|126.9003294017936412_37.4942557156031810
2026-09-04T09:00:31.559343+09:00,대림역,대림역,POI023,KEY_3,1180007300,도림로,1180310100,대림동 697-2,126.9007488523201772_37.4953116502085564,1180011602,우성아파트앞교차로,126.8999977976841080_37.4948614162264064,83.0,26.0,원활,126.8999977976841080_37.4948614162264064|126.9005378556376087_37.4951851652660082|126.9007488523201772_37.4953116502085564
2026-09-04T09:00:31.559343+09:00,대림역,대림역,POI023,KEY_3,1180007702,대림로,1180315700,대림동 697,126.8994934939156849_37.4960041756513363,1180011601,우성아파트앞교차로,126.8999404585053128_37.4949623481974044,122.0,19.0,서행,126.8999404585053128_37.4949623481974044|126.8997136385791009_37.4954929565158608|126.8996662727585658_37.4956037601360919|126.8994934939156849_37.4960041756513363
2026-09-04T09:00:31.559343+09:00,대림역,대림역,POI023,KEY_3,1180042300,도림천로,1180322500,최소노드배치점,126.8947276411259679_37.4947538215554133,1160014602,대림역,126.8956552318730076_37.4922287682018478,292.0,19.0,서행,126.8956552318730076_37.4922287682018478|126.8953568311614504_37.4929395634666349|126.8948498948411014_37.4944052224449678|126.8947276411259679_37.4947538215554133
2026-09-04T09:00:31.559343+09:00,대림역,대림역,POI023,KEY_3,1180130000,도림천로,1160014601,대림역,126.8956997149267778_37.4921193661557481,1160048701,대림1교(서측),126.8967107357510145_37.4893263010416717,323.0,23.0,서행,126.8967107357510145_37.4893263010416717|126.8965318687534420_37.4897044279033409|126.8959009581949147_37.4916080288853237|126.8956997149267778_37.4921193661557481
2026-09-04T09:00:31.559343+09:00,대림역,대림역,POI023,KEY_3,1180130100,도림로,1180293600,대림동 1053-10,126.8958992093115086_37.4922466200951519,1160014601,대림역,126.8956997149267778_37.4921193661557481,23.0,16.0,서행,126.8956997149267778_37.4921193661557481|126.8958992093115086_37.4922466200951519
2026-09-04T09:00:31.559343+09:00,대림역,대림역,POI023,KEY_3,1180130200,도림로,1180317000,대림동 697-2,126.8985615880100823_37.4940832619939926,1180011604,우성아파트앞교차로,126.8998268728202277_37.4948927120842370,143.0,15.0,서행,126.8998268728202277_37.4948927120842370|126.8988460866591907_37.4942647866943091|126.8985615880100823_37.4940832619939926
2026-09-04T09:00:31.559343+09:00,동대문역,동대문역,POI024,KEY_4,1000001901,종로,1000235800,종로5가 37-8,127.0063580211496799_37.5711504610907880,1000011404,종로6가,127.0066394054990440_37.5711562818851732,25.0,12.0,정체,127.0066394054990440_37.5711562818851732|127.0063580211496799_37.5711504610907880
2026-09-04T09:00:31.559343+09:00,동대문역,동대문역,POI024,KEY_4,1000001902,종로,1000011401,종로6가,127.0067751976320238_37.5711591343297826,1000011704,흥인지문사거리,127.0089498572394433_37.5713693193848641,196.0,16.0,서행,127.0089498572394433_37.5713693193848641|127.0087391849973528_37.5712937741781943|127.0086199123563517_37.5712544202680050|127.0084602554355655_37.5712135860998870|127.0082631629970535_37.5711908652469759|127.0080635936516842_37.5711866101314982|127.0077077532635457_37.5711790230337357|127.0067751976320238_37.5711591343297826
2026-09-04T09:00:31.559343+09:00,동대문역,동대문역,POI024,KEY_4,1000002002,종로,1000113100,종로6가 272-1,127.0077113909216706_37.5710709430025176,1000011402,종로6가,127.0067780115006570_37.5710510367424106,82.0,10.0,정체,127.0067780115006570_37.5710510367424106|127.0077113909216706_37.5710709430025176
2026-09-04T09:00:31.559343+09:00,동대문역,동대문역,POI024,KEY_4,1000002003,종로,1000011703,흥인지문사거리,127.0090256024343631_37.5712778950010033,1000011300,동대문역10번출구,127.0080672314708750_37.5710785300975587,89.0,10.0,정체,127.0080672314708750_37.5710785300975587|127.0082747571647133_37.5710829540366547|127.0084909821378574_37.5711078809344414|127.0086667767084236_37.5711528422383196|127.0087931039338400_37.5711945228473638|127.0090256024343631_37.5712778950010033
2026-09-04T09:00:31.559343+09:00,동대문역,동대문역,POI024,KEY_4,1000002201,종로,1000176600,창신동 442-1,127.0108777515568477_37.5716621493242968,1000011702,흥인지문사거리,127.0091495968440398_37.5713227254486739,158.0,16.0,서행,127.0091495968440398_37.5713227254486739|127.0092723977128770_37.5713674394156811|127.0094846006979310_37.5714183224799285|127.0097878732437096_37.5714751424867188|127.0103298320711360_37.5715766797035471|127.0103586021919568_37.5715820697737044|127.0108233682804553_37.5716512389232733|127.0108777515568477_37.5716621493242968
2026-09-04T09:00:31.559343+09:00,동대문역,동대문역,POI024,KEY_4,1000005301,청계천로,1010035001,청계5가,127.0020881246934152_37.5698075774404145,1000031402,버들다리(북측),127.0066778573984863_37.5698145407186601,405.0,16.3,서행,127.0066778573984863_37.5698145407186601|127.0020881246934152_37.5698075774404145
2026-09-04T09:00:31.559343+09:00,동대문역,동대문역,POI024,KEY_4,1000005302,청계천로,1000031401,버들다리(북측),127.0068104529230624_37.5697993350473567,1010035102,청계6가사거리,127.0096210652811237_37.5699440857354006,249.0,18.0,서행,127.0096210652811237_37.5699440857354006|127.0093543827214120_37.5699514872757661|127.0068104529230624_37.5697993350473567
2026-09-04T09:00:31.559343+09:00,동대문역,동대문역,POI024,KEY_4,1000005401,청계천로,1010034902,버들다리(남측),127.0065602496820105_37.5695317839187268,1010034601,청계5가교차로,127.0021191180861280_37.5694902995239062,392.0,27.0,원활,127.0021191180861280_37.5694902995239062|127.0024509740674006_37.5695131963120659|127.0065602496820105_37.5695317839187268
2026-09-04T09:00:31.559343+09:00,동대문역,동대문역,POI024,KEY_4,1000005402,청계천로,1010034702,청계6가사거리,127.0096736759349909_37.5696339498216076,1010034901,버들다리(남측),127.0067045342350838_37.5695353837745003,263.0,16.0,서행,127.0067045342350838_37.5695353837745003|127.0093753105708458_37.5696558834258525|127.0096736759349909_37.5696339498216076
2026-09-04T09:00:31.559343+09:00,동대문역,동대문역,POI024,KEY_4,1000005700,청계천로,1000256400,최소노드배치점,127.0127816976351198_37.5699685404101658,1010035202,청계7가사거리,127.0158040936899226_37.5700110354399825,267.0,8.3,정체,127.0158040936899226_37.5700110354399825|127.0155094115753371_37.5699917344054910|127.0127816976351198_37.5699685404101658
2026-09-04T09:00:31.559343+09:00,동대문역,동대문역,POI024,KEY_4,1000005800,청계천로,1010005302,신평화시장,127.0121349816149205_37.5696419493387239,1010034701,청계6가사거리,127.0098099727011487_37.5696292980751281,205.0,21.5,서행,127.0098099727011487_37.5696292980751281|127.0121349816149205_37.5696419493387239
2026-09-04T09:00:31.559343+09:00,동대문역,동대문역,POI024,KEY_4,1000006101,율곡로,1010035102,청계6가사거리,127.0096210652811237_37.5699440857354006,1000009900,흥인지문,127.0093873462230221_37.5706631809010148,83.0,34.0,원활,127.0093873462230221_37.5706631809010148|127.0094292652047443_37.5705741772424844|127.0094975291804218_37.5704036160553798|127.0095564087739035_37.5702141995526446|127.0096210652811237_37.5699440857354006
2026-09-04T09:00:31.559343+09:00,동대문역,동대문역,POI024,KEY_4,1000006102,율곡로,1000009900,흥인지문,127.0093873462230221_37.5706631809010148,1000011703,흥인지문사거리,127.0090256024343631_37.5712778950010033,75.0,36.0,원활,127.0090256024343631_37.5712778950010033|127.0091075737013711_37.5711579258072774|127.0092355138361029_37.5709579814170240|127.0093370098156385_37.5707700537480775|127.0093873462230221_37.5706631809010148
2026-09-04T09:00:31.559343+09:00,동대문역,동대문역,POI024,KEY_4,1000006200,율곡로,1000011702,흥인지문사거리,127.0091495968440398_37.5713227254486739,1010035101,청계6가사거리,127.0097583244985060_37.5699427587399839,163.0,13.0,정체,127.0097583244985060_37.5699427587399839|127.0096891857815962_37.5702372118649492|127.0096283139498468_37.5704330409796157|127.0095576557767316_37.5706095859452489|127.0095145373694692_37.5707011341562094|127.0094630728513749_37.5708104028937200|127.0093585611355422_37.5710039143764831|127.0092277816811901_37.5712082974230555|127.0091495968440398_37.5713227254486739
2026-09-04T09:00:31.559343+09:00,동대문역,동대문역,POI024,KEY_4,1000009501,율곡로,1000236300,종로6가 15-11,127.0080997168361137_37.5722694888985629,1000014003,한양도성박물관,127.0074741969655747_37.5729318015656233,92.0,8.0,정체,127.0074741969655747_37.5729318015656233|127.0080997168361137_37.5722694888985629
2026-09-04T09:00:31.559343+09:00,동대문역,동대문역,POI024,KEY_4,1000009503,율곡로,1000014004,한양도성박물관,127.0073825495362314_37.5730303687179017,1000014900,종로6가 28-1,127.0069550317644911_37.5734941425063624,64.0,10.0,정체,127.0069550317644911_37.5734941425063624|127.0071984295928900_37.5732342235394938|127.0072808550544181_37.5731446580486832|127.0073825495362314_37.5730303687179017
2026-09-04T09:00:31.559343+09:00,동대문역,동대문역,POI024,KEY_4,1000009601,율곡로,1000236200,종로6가 15-11,127.0082082977746438_37.5723344550567262,1000011701,흥인지문사거리,127.0090766087889449_37.5714150445714523,128.0,21.0,서행,127.0090766087889449_37.5714150445714523|127.0082082977746438_37.5723344550567262
2026-09-04T09:00:31.559343+09:00,동대문역,동대문역,POI024,KEY_4,1000009602,율곡로,1000014301,대광빌딩,127.0073917099937546_37.5732071461993300,1000014001,한양도성박물관,127.0074934043910844_37.5730928567742879,16.0,23.0,서행,127.0074934043910844_37.5730928567742879|127.0073917099937546_37.5732071461993300
2026-09-04T09:00:31.559343+09:00,동대문역,동대문역,POI024,KEY_4,1000024200,종로40길,1000056800,종로6가 94-1,127.0066606069363075_37.5704117265212076,1000011403,종로6가,127.0066422217709032_37.5710481835517882,71.0,6.0,정체,127.0066422217709032_37.5710481835517882|127.0066606069363075_37.5704117265212076
2026-09-04T09:00:31.559343+09:00,동대문역,동대문역,POI024,KEY_4,1000025300,종로,1000009900,흥인지문,127.0093873462230221_37.5706631809010148,1000011300,동대문역10번출구,127.0080672314708750_37.5710785300975587,130.0,21.7,서행,127.0080672314708750_37.5710785300975587|127.0085333891818209_37.5710486383400308|127.0087654958763324_37.5709979628760777|127.0089601650943791_37.5709413315209986|127.0091211384305581_37.5708727822850008|127.0093873462230221_37.5706631809010148
2026-09-04T09:00:31.559343+09:00,동대문역,동대문역,POI024,KEY_4,1000026100,종로41길,1000011404,종로6가,127.0066394054990440_37.5711562818851732,1000012303,코리아빌딩,127.0066248908967168_37.5717818376925123,69.0,10.0,정체,127.0066248908967168_37.5717818376925123|127.0066394054990440_37.5711562818851732
2026-09-04T09:00:31.559343+09:00,동대문역,동대문역,POI024,KEY_4,1000026200,종로41길,1000012302,코리아빌딩,127.0067607060210548_37.5717838340609731,1000011401,종로6가,127.0067751976320238_37.5711591343297826,69.0,16.0,서행,127.0067751976320238_37.5711591343297826|127.0067607060210548_37.5717838340609731
2026-09-04T09:00:31.559343+09:00,동대문역,동대문역,POI024,KEY_4,1000027300,율곡로30길,1000014003,한양도성박물관,127.0074741969655747_37.5729318015656233,1000012302,코리아빌딩,127.0067607060210548_37.5717838340609731,144.0,11.0,정체,127.0067607060210548_37.5717838340609731|127.0068418074915257_37.5718254252741346|127.0069006522041235_37.5718722555762383|127.0069736400099885_37.5719679324644389|127.0071577154982805_37.5722899073601511|127.0074307351738696_37.5728587751446241|127.0074741969655747_37.5729318015656233
2026-09-04T09:00:31.559343+09:00,동대문역,동대문역,POI024,KEY_4,1000029300,종로41길,1000015002,더피알,127.0060737018723955_37.5735253769162298,1000012301,코리아빌딩,127.0067500526035360_37.5719069888806700,190.0,17.0,서행,127.0067500526035360_37.5719069888806700|127.0067329640749989_37.5720642069515591|127.0067190865195954_37.5721336699591646|127.0064616068015084_37.5727313017324036|127.0064000674097144_37.5728572794460263|127.0060737018723955_37.5735253769162298
2026-09-04T09:00:31.559343+09:00,동대문역,동대문역,POI024,KEY_4,1000036300,낙산성곽서길,1000255800,최소노드배치점,127.0083988211466419_37.5759719407725825,1000014301,대광빌딩,127.0073917099937546_37.5732071461993300,415.0,9.0,정체,127.0073917099937546_37.5732071461993300|127.0075135881165664_37.5733414617230110|127.0075502035946755_37.5733605830037476|127.0076746407379034_37.5733824787757484|127.0077199575610223_37.5733904526197833|127.0080292967237767_37.5734072184215080|127.0081100191316636_37.5734080447108099|127.0086041930911591_37.5734131019619682|127.0086728628516113_37.5734525677212545|127.0086946620129993_37.5735120371860205|127.0086965588550783_37.5739369119779880|127.0086747547327093_37.5740602147212002|127.0086213070120778_37.5741027627096216|127.0085844357751910_37.5741884788321414|127.0085802973890878_37.5742401520841440|127.0087569235764420_37.5748079270685480|127.0087707947809292_37.5749182231035519|127.0087507649042209_37.5750362783156078|127.0086711883484725_37.5752076218318152|127.0086514625701710_37.5752947296362407|127.0085965127586718_37.5754150353500620|127.0085404101098447_37.5754836222287665|127.0084277005735061_37.5755991738724262|127.0084124632425358_37.5756386006790564|127.0083988211466419_37.5759719407725825
2026-09-04T09:00:31.559343+09:00,동대문역,동대문역,POI024,KEY_4,1010017304,장충단로,1010033604,흥인시장,127.0096221501300420_37.5689990735866033,1010034702,청계6가사거리,127.0096736759349909_37.5696339498216076,71.0,24.0,서행,127.0096736759349909_37.5696339498216076|127.0096864325971779_37.5694310293012208|127.0096700878060432_37.5692510036280254|127.0096371243204487_37.5690562417204532|127.0096221501300420_37.5689990735866033
2026-09-04T09:00:31.559343+09:00,동대문역,동대문역,POI024,KEY_4,1010017305,율곡로,1010034702,청계6가사거리,127.0096736759349909_37.5696339498216076,1010035102,청계6가사거리,127.0096210652811237_37.5699440857354006,35.0,22.0,서행,127.0096210652811237_37.5699440857354006|127.0096736759349909_37.5696339498216076
2026-09-04T09:00:31.559343+09:00,동대문역,동대문역,POI024,KEY_4,1010017405,장충단로,1010034701,청계6가사거리,127.0098099727011487_37.5696292980751281,1010033601,흥인시장,127.0097254442646317_37.5688636970958783,86.0,12.0,정체,127.0097254442646317_37.5688636970958783|127.0097710903643389_37.5690379675287076|127.0098052651739948_37.5692398786983972|127.0098225114876840_37.5694298296446618|127.0098099727011487_37.5696292980751281
2026-09-04T09:00:31.559343+09:00,동대문역,동대문역,POI024,KEY_4,1010017406,율곡로,1010035101,청계6가사거리,127.0097583244985060_37.5699427587399839,1010034701,청계6가사거리,127.0098099727011487_37.5696292980751281,35.0,28.0,원활,127.0098099727011487_37.5696292980751281|127.0097583244985060_37.5699427587399839
2026-09-04T09:00:31.559343+09:00,동대문역,동대문역,POI024,KEY_4,1010018901,마장로1길,1010152100,신당동 213-11,127.0121553033908839_37.5690336687148729,1010005302,신평화시장,127.0121349816149205_37.5696419493387239,68.0,10.0,정체,127.0121349816149205_37.5696419493387239|127.0121421248701665_37.5691843025149339|127.0121553033908839_37.5690336687148729
2026-09-04T09:00:31.559343+09:00,동대문역,동대문역,POI024,KEY_4,1010019002,마장로1길,1010005301,신평화시장,127.0122708151406528_37.5696426709985616,1010031807,신당동222-8,127.0123898303853878_37.5685000458484097,127.0,13.0,정체,127.0123898303853878_37.5685000458484097|127.0123418218841209_37.5687652999462713|127.0122919230176990_37.5690284264960468|127.0122908073151677_37.5690411795721175|127.0122778985721510_37.5691887330836352|127.0122708151406528_37.5696426709985616
2026-09-04T09:00:31.559343+09:00,동대문역,동대문역,POI024,KEY_4,1010019600,청계천로,1010034802,청계7가사거리,127.0158306639446124_37.5696611075855529,1010005301,신평화시장,127.0122708151406528_37.5696426709985616,314.0,15.0,서행,127.0122708151406528_37.5696426709985616|127.0158306639446124_37.5696611075855529
2026-09-04T09:00:31.559343+09:00,뚝섬역,뚝섬역,POI025,KEY_1,1030007302,왕십리로,1030081800,성수동1가 661-10,127.0446704988484328_37.5460928940030882,1030017103,뚝섬역앞교차로,127.0444260436081123_37.5480672996080145,220.0,17.0,서행,127.0444260436081123_37.5480672996080145|127.0444273942489701_37.5479194014410780|127.0444370021755702_37.5477219511594811|127.0444656303823763_37.5475252363644927|127.0445177557166971_37.5471670616016340|127.0446012991971116_37.5465929925257882|127.0446138016338580_37.5465070812594277|127.0446704988484328_37.5460928940030882
2026-09-04T09:00:31.559343+09:00,뚝섬역,뚝섬역,POI025,KEY_1,1030009102,아차산로,1030016003,뚝섬역(서울2호선),127.0466946591980104_37.5474024880960968,1030017102,뚝섬역앞교차로,127.0445619470601031_37.5480557481142156,202.0,10.0,정체,127.0445619470601031_37.5480557481142156|127.0446249032181640_37.5480437882236018|127.0458005883487971_37.5477079881317337|127.0466946591980104_37.5474024880960968
2026-09-04T09:00:31.559343+09:00,뚝섬역,뚝섬역,POI025,KEY_1,1030009103,아차산로,1030015603,뚝섬미술관,127.0485988749721571_37.5467876679392063,1030016002,뚝섬역(서울2호선),127.0468607627340276_37.5473483609669358,166.0,14.0,정체,127.0468607627340276_37.5473483609669358|127.0485988749721571_37.5467876679392063
2026-09-04T09:00:31.559343+09:00,뚝섬역,뚝섬역,POI025,KEY_1,1030009104,아차산로,1030002603,경동초등교입구교차로,127.0502646094481776_37.5462577464320475,1030015602,뚝섬미술관,127.0487523357495689_37.5467383237563368,144.0,7.0,정체,127.0487523357495689_37.5467383237563368|127.0502646094481776_37.5462577464320475
2026-09-04T09:00:31.559343+09:00,뚝섬역,뚝섬역,POI025,KEY_1,1030009201,아차산로,1030017101,뚝섬역앞교차로,127.0445559830420876_37.5481680361730241,1030016300,뚝섬역1번출구,127.0458502973536099_37.5478085500334871,121.0,9.0,정체,127.0458502973536099_37.5478085500334871|127.0446637107324506_37.5481475713041846|127.0445559830420876_37.5481680361730241
2026-09-04T09:00:31.559343+09:00,뚝섬역,뚝섬역,POI025,KEY_1,1030009203,아차산로,1030016300,뚝섬역1번출구,127.0458502973536099_37.5478085500334871,1030015604,뚝섬미술관,127.0486498669871906_37.5468878757781184,268.0,18.0,서행,127.0486498669871906_37.5468878757781184|127.0469117528058831_37.5474485695482230|127.0467481960743328_37.5475018476119402|127.0458502973536099_37.5478085500334871
2026-09-04T09:00:31.559343+09:00,뚝섬역,뚝섬역,POI025,KEY_1,1030009204,아차산로,1030015601,뚝섬미술관,127.0488026707037932_37.5468387411565701,1030002604,경동초등교입구교차로,127.0503061250636279_37.5463609661244959,143.0,18.0,서행,127.0503061250636279_37.5463609661244959|127.0488026707037932_37.5468387411565701
2026-09-04T09:00:31.559343+09:00,뚝섬역,뚝섬역,POI025,KEY_1,1030009300,서울숲길,1030076300,성수동1가 676-8,127.0399213370954214_37.5479548333834785,1030018200,응봉지하차도,127.0374624651740305_37.5484417432670767,239.0,15.5,서행,127.0374624651740305_37.5484417432670767|127.0376197668948919_37.5485990148293283|127.0377691938879821_37.5486030666717809|127.0379335176127427_37.5485712655074408|127.0381567590147682_37.5484853004769974|127.0383340384476725_37.5484272268524180|127.0392064844063640_37.5481559010921799|127.0393057439895301_37.5481250313893327|127.0399213370954214_37.5479548333834785
2026-09-04T09:00:31.559343+09:00,뚝섬역,뚝섬역,POI025,KEY_1,1030009400,서울숲길,1030141200,성수동1가 694-129,127.0438398115211669_37.5481503800310534,1030017104,뚝섬역앞교차로,127.0444185151597907_37.5481752530340955,51.0,22.0,서행,127.0444185151597907_37.5481752530340955|127.0439197015720794_37.5481537474168334|127.0438398115211669_37.5481503800310534
2026-09-04T09:00:31.559343+09:00,뚝섬역,뚝섬역,POI025,KEY_1,1030011001,왕십리로,1030019000,뚝섬역,127.0444131204166638_37.5492628137788813,1030017101,뚝섬역앞교차로,127.0445559830420876_37.5481680361730241,122.0,16.0,서행,127.0445559830420876_37.5481680361730241|127.0445241661342237_37.5484118566767293|127.0444131204166638_37.5492628137788813
2026-09-04T09:00:31.559343+09:00,뚝섬역,뚝섬역,POI025,KEY_1,1030012103,광나루로,1030152300,성수동1가 13-217,127.0483259630721875_37.5515909820218710,1030020602,신양빌딩,127.0473778362250385_37.5516125824966167,84.0,26.0,원활,127.0473778362250385_37.5516125824966167|127.0475011922233080_37.5516193055715917|127.0479181770018613_37.5516134788176288|127.0483099223790902_37.5515925250523281|127.0483259630721875_37.5515909820218710
2026-09-04T09:00:31.559343+09:00,뚝섬역,뚝섬역,POI025,KEY_1,1030012202,광나루로,1030020401,성동교앞,127.0446705815333104_37.5515329876251940,1030020604,신양빌딩,127.0472256675834473_37.5517107262809589,227.0,21.0,서행,127.0472256675834473_37.5517107262809589|127.0468732650669352_37.5516800366620487|127.0459097739890382_37.5515961237774434|127.0448942561788641_37.5515076710365960|127.0446705815333104_37.5515329876251940
2026-09-04T09:00:31.559343+09:00,뚝섬역,뚝섬역,POI025,KEY_1,1030012203,광나루로,1030020601,신양빌딩,127.0473685607118739_37.5517204495909027,1030019904,상원삼거리,127.0521090871754524_37.5509242440641344,430.0,25.0,원활,127.0521090871754524_37.5509242440641344|127.0503670484279297_37.5513158045824582|127.0495149654191778_37.5515073176291594|127.0490669861335533_37.5516014778440379|127.0486456428778013_37.5516691360422712|127.0483422525792889_37.5516983211797850|127.0483226281881173_37.5517002089533136|127.0479239238059392_37.5517215340934527|127.0474977402356700_37.5517274907081742|127.0473685607118739_37.5517204495909027
2026-09-04T09:00:31.559343+09:00,뚝섬역,뚝섬역,POI025,KEY_1,1030031200,상원1길,1030091200,성수동1가 9-9,127.0475389473704695_37.5463909592910170,1030016003,뚝섬역(서울2호선),127.0466946591980104_37.5474024880960968,136.0,6.0,정체,127.0466946591980104_37.5474024880960968|127.0467667964252172_37.5472315847214801|127.0468079071165732_37.5471725962568641|127.0475389473704695_37.5463909592910170
2026-09-04T09:00:31.559343+09:00,뚝섬역,뚝섬역,POI025,KEY_1,1030034800,왕십리로,1030019000,뚝섬역,127.0444131204166638_37.5492628137788813,1030016300,뚝섬역1번출구,127.0458502973536099_37.5478085500334871,215.0,20.0,서행,127.0458502973536099_37.5478085500334871|127.0453006661870035_37.5480594839891566|127.0450986461055578_37.5481954436356062|127.0449370469582107_37.5483313875576457|127.0447799493502288_37.5484852089655234|127.0446587877601274_37.5486533190267195|127.0444131204166638_37.5492628137788813
2026-09-04T09:00:31.559343+09:00,뚝섬역,뚝섬역,POI025,KEY_1,1030035100,상원길,1030061700,성수동1가 706,127.0478692797114491_37.5496458841686547,1030020603,신양빌딩,127.0472404335068717_37.5516032483773969,224.0,16.0,서행,127.0472404335068717_37.5516032483773969|127.0473488387670642_37.5512786326791073|127.0476547182317546_37.5503654406795135|127.0476825679149186_37.5502760059199474|127.0477512443017361_37.5500554618497731|127.0478692797114491_37.5496458841686547
2026-09-04T09:00:31.559343+09:00,뚝섬역,뚝섬역,POI025,KEY_1,1030035200,상원길,1030106300,성수동1가 13-219,127.0486061067635859_37.5475435639625346,1030015601,뚝섬미술관,127.0488026707037932_37.5468387411565701,80.0,13.0,정체,127.0488026707037932_37.5468387411565701|127.0486061067635859_37.5475435639625346
2026-09-04T09:00:31.559343+09:00,미아사거리역,미아사거리역,POI026,KEY_2,1070013806,종암로,1070028902,미아사거리,127.0304455262968020_37.6090821381163778,1070028500,하월곡동200,127.0305489509506458_37.6087746349567809,35.0,5.0,정체,127.0305489509506458_37.6087746349567809|127.0304455262968020_37.6090821381163778
2026-09-04T09:00:31.559343+09:00,미아사거리역,미아사거리역,POI026,KEY_2,1070013903,동소문로,1070114200,길음동 515,127.0290378256414812_37.6077940245615210,1070026504,현대백화점주차장,127.0291689241680047_37.6079489887094027,21.0,12.0,정체,127.0291689241680047_37.6079489887094027|127.0290378256414812_37.6077940245615210
2026-09-04T09:00:31.559343+09:00,미아사거리역,미아사거리역,POI026,KEY_2,1070013704,종암로,1070026204,서울북공업고등학교,127.0308707064488374_37.6073065362985730,1070027503,숭곡중학교,127.0305563501388662_37.6083287723153674,117.0,27.0,원활,127.0305563501388662_37.6083287723153674|127.0308707064488374_37.6073065362985730
2026-09-04T09:00:31.559343+09:00,미아사거리역,미아사거리역,POI026,KEY_2,1070013705,종암로,1070027504,숭곡중학교,127.0305221673298632_37.6084359781976971,1070028300,하월곡동200,127.0304743529744798_37.6085781403316659,16.0,14.0,정체,127.0304743529744798_37.6085781403316659|127.0305221673298632_37.6084359781976971
2026-09-04T09:00:31.559343+09:00,미아사거리역,미아사거리역,POI026,KEY_2,1070013706,종암로,1070028300,하월곡동200,127.0304743529744798_37.6085781403316659,1070028903,미아사거리,127.0303294634808964_37.6090089272412911,49.0,14.0,정체,127.0303294634808964_37.6090089272412911|127.0304743529744798_37.6085781403316659
2026-09-04T09:00:31.559343+09:00,미아사거리역,미아사거리역,POI026,KEY_2,1070013803,종암로,1070027502,숭곡중학교,127.0306883607368462_37.6083544657187403,1070025202,하월곡동 88-1,127.0313101977619255_37.6063375624355487,230.0,13.0,정체,127.0313101977619255_37.6063375624355487|127.0310350628994769_37.6072273342227206|127.0310027155827157_37.6073322294012442|127.0306883607368462_37.6083544657187403
2026-09-04T09:00:31.559343+09:00,미아사거리역,미아사거리역,POI026,KEY_2,1070013805,종암로,1070028500,하월곡동200,127.0305489509506458_37.6087746349567809,1070027501,숭곡중학교,127.0306534531509470_37.6084639243302306,36.0,6.0,정체,127.0306534531509470_37.6084639243302306|127.0305489509506458_37.6087746349567809
2026-09-04T09:00:31.559343+09:00,미아사거리역,미아사거리역,POI026,KEY_2,1070013904,동소문로,1070062500,길음동 20-5,127.0295749308021271_37.6084207615687873,1070028600,현대백화점(미아점),127.0297518241092689_37.6086261384038210,28.0,25.0,원활,127.0297518241092689_37.6086261384038210|127.0295749308021271_37.6084207615687873
2026-09-04T09:00:31.559343+09:00,미아사거리역,미아사거리역,POI026,KEY_2,1070013905,동소문로,1070028600,현대백화점(미아점),127.0297518241092689_37.6086261384038210,1070028904,미아사거리,127.0302878192895690_37.6091228549225036,73.0,25.0,원활,127.0302878192895690_37.6091228549225036|127.0301617188182917_37.6090370729491070|127.0300039846915610_37.6088959938862715|127.0298670058183461_37.6087598666022558|127.0297518241092689_37.6086261384038210
2026-09-04T09:00:31.559343+09:00,미아사거리역,미아사거리역,POI026,KEY_2,1070014003,동소문로,1070026503,현대백화점주차장,127.0292816696526046_37.6078886204303515,1070026301,성북우체국,127.0288234793379729_37.6073470158956766,72.0,14.0,정체,127.0288234793379729_37.6073470158956766|127.0291505712628464_37.6077336563754585|127.0292816696526046_37.6078886204303515
2026-09-04T09:00:31.559343+09:00,미아사거리역,미아사거리역,POI026,KEY_2,1070014004,동소문로,1070028200,길음동860-64,127.0298639346089686_37.6085650248024947,1070026502,현대백화점주차장,127.0293804965659064_37.6080037411137909,76.0,14.0,정체,127.0293804965659064_37.6080037411137909|127.0296870407270546_37.6083596477856190|127.0298639346089686_37.6085650248024947
2026-09-04T09:00:31.559343+09:00,미아사거리역,미아사거리역,POI026,KEY_2,1070014005,동소문로,1070028903,미아사거리,127.0303294634808964_37.6090089272412911,1070028200,길음동860-64,127.0298639346089686_37.6085650248024947,64.0,5.0,정체,127.0298639346089686_37.6085650248024947|127.0299762599600797_37.6086954361752319|127.0301078764450438_37.6088262344485784|127.0302570976003977_37.6089596994934823|127.0303294634808964_37.6090089272412911
2026-09-04T09:00:31.559343+09:00,미아사거리역,미아사거리역,POI026,KEY_2,1070014101,오패산로3길,1070048700,하월곡동 84-143,127.0337041733590837_37.6077745143263655,1070030803,하월곡동 96-8,127.0330683656703599_37.6104633882483199,322.0,17.0,서행,127.0330683656703599_37.6104633882483199|127.0329212205034679_37.6102373577853868|127.0328042830951176_37.6100253407290595|127.0327640203279884_37.6099369738772893|127.0327370781031391_37.6098315232622014|127.0327270047354489_37.6097453049848482|127.0327429692750201_37.6096497938881669|127.0328592237434719_37.6093126293853999|127.0329173354287491_37.6091520595868971|127.0329552787660958_37.6090657799486010|127.0330423866319478_37.6088677039173263|127.0331080410727509_37.6087369942952847|127.0331558650049857_37.6086505750789755|127.0335967715632393_37.6079455558291329|127.0337041733590837_37.6077745143263655
2026-09-04T09:00:31.559343+09:00,미아사거리역,미아사거리역,POI026,KEY_2,1070014905,오패산로,1070147900,하월곡동 77-33,127.0357718046089133_37.6094235200250608,1070032703,방천시장입구교차로,127.0350606765864967_37.6115056996043293,239.0,15.0,서행,127.0350606765864967_37.6115056996043293|127.0351084175312337_37.6113406859324186|127.0353299201961335_37.6107107624071020|127.0353652542247431_37.6106102761977397|127.0355468471979208_37.6100938406920875|127.0357718046089133_37.6094235200250608
2026-09-04T09:00:31.559343+09:00,미아사거리역,미아사거리역,POI026,KEY_2,1070016501,월계로,1070028901,미아사거리,127.0304026912356932_37.6091892319313885,1070029100,미아동13-23,127.0307970607158552_37.6093968261890694,42.0,5.0,정체,127.0307970607158552_37.6093968261890694|127.0307167840027063_37.6093545456603380|127.0304026912356932_37.6091892319313885
2026-09-04T09:00:31.559343+09:00,미아사거리역,미아사거리역,POI026,KEY_2,1070016502,월계로,1080220000,미아동 13-23,127.0324022337639462_37.6102422295950660,1070030804,미아동 46-41,127.0331982309171366_37.6106614455999946,84.0,5.0,정체,127.0331982309171366_37.6106614455999946|127.0324022337639462_37.6102422295950660
2026-09-04T09:00:31.559343+09:00,미아사거리역,미아사거리역,POI026,KEY_2,1070016601,월계로,1080004000,미아사거리,127.0308720855030344_37.6093066743138422,1070028902,미아사거리,127.0304455262968020_37.6090821381163778,45.0,28.0,원활,127.0304455262968020_37.6090821381163778|127.0307917895869849_37.6092643839295988|127.0308720855030344_37.6093066743138422
2026-09-04T09:00:31.559343+09:00,미아사거리역,미아사거리역,POI026,KEY_2,1070016602,월계로,1080219900,미아동 866-1,127.0324772569885710_37.6101520768605795,1080004000,미아사거리,127.0308720855030344_37.6093066743138422,170.0,14.0,정체,127.0308720855030344_37.6093066743138422|127.0313924598670781_37.6095807466134673|127.0324772569885710_37.6101520768605795
2026-09-04T09:00:31.559343+09:00,미아사거리역,미아사거리역,POI026,KEY_2,1070018301,도봉로,1070028904,미아사거리,127.0302878192895690_37.6091228549225036,1070029200,길음동14-1,127.0301679403793429_37.6097308656014064,69.0,7.5,정체,127.0301679403793429_37.6097308656014064|127.0301645608454493_37.6095093591410503|127.0301806086935272_37.6094018219594091|127.0302319143706455_37.6092507354351326|127.0302878192895690_37.6091228549225036
2026-09-04T09:00:31.559343+09:00,미아사거리역,미아사거리역,POI026,KEY_2,1070018302,도봉로,1070123400,길음동 13-1,127.0302192302895179_37.6103794149359558,1070033603,미아삼거리역,127.0301170297419731_37.6122786292103584,212.0,7.0,정체,127.0301170297419731_37.6122786292103584|127.0302560371795693_37.6115868014395502|127.0302780121191546_37.6114512708352606|127.0302896992106128_37.6112864634231272|127.0302906822353037_37.6111829591978051|127.0302911134341883_37.6111375574959439|127.0302836638677206_37.6109684698817546|127.0302192302895179_37.6103794149359558
2026-09-04T09:00:31.559343+09:00,미아사거리역,미아사거리역,POI026,KEY_2,1070018401,도봉로,1070029400,미아동13-23,127.0303037865156597_37.6097324048251664,1070028901,미아사거리,127.0304026912356932_37.6091892319313885,62.0,20.0,서행,127.0304026912356932_37.6091892319313885|127.0303618600728868_37.6092826313368391|127.0303143984526457_37.6094224023050074|127.0303005611853848_37.6095151185633085|127.0303037865156597_37.6097324048251664
2026-09-04T09:00:31.559343+09:00,미아사거리역,미아사거리역,POI026,KEY_2,1070018402,도봉로,1080186800,미아동 13-23,127.0303257828538648_37.6100373225124329,1070029400,미아동13-23,127.0303037865156597_37.6097324048251664,34.0,20.0,서행,127.0303037865156597_37.6097324048251664|127.0303022097731400_37.6097653481018810|127.0303257828538648_37.6100373225124329
2026-09-04T09:00:31.559343+09:00,미아사거리역,미아사거리역,POI026,KEY_2,1070053000,동소문로,1070027503,숭곡중학교,127.0305563501388662_37.6083287723153674,1070026503,현대백화점주차장,127.0292816696526046_37.6078886204303515,124.0,4.0,정체,127.0292816696526046_37.6078886204303515|127.0294677215616446_37.6079010815959478|127.0296323842187434_37.6079350977723266|127.0300221074489002_37.6081178433939058|127.0305563501388662_37.6083287723153674
2026-09-04T09:00:31.559343+09:00,미아사거리역,미아사거리역,POI026,KEY_2,1070053100,동소문로,1070026502,현대백화점주차장,127.0293804965659064_37.6080037411137909,1070027504,숭곡중학교,127.0305221673298632_37.6084359781976971,112.0,27.0,원활,127.0305221673298632_37.6084359781976971|127.0299573115892144_37.6082129620091834|127.0295797887646643_37.6080359362050700|127.0294447779431408_37.6080080464985542|127.0293804965659064_37.6080037411137909
2026-09-04T09:00:31.559343+09:00,미아사거리역,미아사거리역,POI026,KEY_2,1070054800,종암로,1070028300,하월곡동200,127.0304743529744798_37.6085781403316659,1070028200,길음동860-64,127.0298639346089686_37.6085650248024947,63.0,14.0,정체,127.0298639346089686_37.6085650248024947|127.0300244023697900_37.6086795376908185|127.0301412755163284_37.6087009631612332|127.0302419542547483_37.6086909247088244|127.0303156591294282_37.6086665907958277|127.0304743529744798_37.6085781403316659
2026-09-04T09:00:31.559343+09:00,미아사거리역,미아사거리역,POI026,KEY_2,1070055100,동소문로,1070028600,현대백화점(미아점),127.0297518241092689_37.6086261384038210,1070029200,길음동14-1,127.0301679403793429_37.6097308656014064,129.0,15.0,서행,127.0301679403793429_37.6097308656014064|127.0300937824806908_37.6096173788021559|127.0300503302344595_37.6094214472180184|127.0299922669209138_37.6092445238945601|127.0299490669414553_37.6091200965177777|127.0298950801941231_37.6089971026266667|127.0298335365210676_37.6088693218599985|127.0297849821499341_37.6087585394519124|127.0297518241092689_37.6086261384038210
2026-09-04T09:00:31.559343+09:00,미아사거리역,미아사거리역,POI026,KEY_2,1070063102,숭인로,1070033603,미아삼거리역,127.0301170297419731_37.6122786292103584,1070033303,영훈초등학교,127.0272366252979594_37.6124997369536160,257.0,9.5,정체,127.0272366252979594_37.6124997369536160|127.0273290177740932_37.6124920237944238|127.0277198994808572_37.6125063943992686|127.0280519294709620_37.6125122120121063|127.0281714809471509_37.6125065226202864|127.0283094040843537_37.6124883905500482|127.0284766085014923_37.6124500698429429|127.0285133251269230_37.6124416549143064|127.0287641695714882_37.6123807502593905|127.0289657378952626_37.6123609656958209|127.0290381633802781_37.6123554605349995|127.0299433135421481_37.6122866550074235|127.0301170297419731_37.6122786292103584
2026-09-04T09:00:31.559343+09:00,미아사거리역,미아사거리역,POI026,KEY_2,1070063201,숭인로,1080208400,미아동 484-11,127.0290510909710093_37.6124630890364458,1070033604,미아삼거리역,127.0300983318171859_37.6123877944740386,93.0,21.0,서행,127.0300983318171859_37.6123877944740386|127.0299537211582788_37.6123944755107473|127.0290510909710093_37.6124630890364458
2026-09-04T09:00:31.559343+09:00,미아사거리역,미아사거리역,POI026,KEY_2,1070070600,숭인로8길,1070075300,길음동 1288-2,127.0274859733274013_37.6098597961299035,1070041801,현대백화점,127.0286222777593963_37.6091855339611456,125.0,15.0,서행,127.0286222777593963_37.6091855339611456|127.0280529599322392_37.6095166127957299|127.0280353703558234_37.6095268416775639|127.0274859733274013_37.6098597961299035
2026-09-04T09:00:31.559343+09:00,미아사거리역,미아사거리역,POI026,KEY_2,1070076400,월계로,1070096700,하월곡동 79-20,127.0338497916468157_37.6108727283433311,1070030802,하월곡동 96-8,127.0333012137834316_37.6105859601554187,58.0,17.5,서행,127.0333012137834316_37.6105859601554187|127.0338497916468157_37.6108727283433311
2026-09-04T09:00:31.559343+09:00,미아사거리역,미아사거리역,POI026,KEY_2,1070076600,월계로,1070082200,하월곡동 산2-76,127.0360750402543033_37.6120372770475058,1070032702,방천시장입구교차로,127.0351818040333285_37.6115690734767298,94.0,33.0,원활,127.0351818040333285_37.6115690734767298|127.0360750402543033_37.6120372770475058
2026-09-04T09:00:31.559343+09:00,미아사거리역,미아사거리역,POI026,KEY_2,1070076900,월계로,1070032701,방천시장입구교차로,127.0351361942052364_37.6116746238631379,1070034803,창문여고앞,127.0375644525691570_37.6132010932717336,277.0,13.0,정체,127.0375644525691570_37.6132010932717336|127.0374326476301974_37.6130317692853424|127.0372709646521940_37.6128522299669044|127.0371916667080683_37.6127751366487999|127.0370529635782049_37.6126787402837692|127.0360004406020806_37.6121273741262740|127.0351361942052364_37.6116746238631379
2026-09-04T09:00:31.559343+09:00,미아사거리역,미아사거리역,POI026,KEY_2,1080000900,월계로,1070030801,미아동 46-41,127.0334139063331946_37.6107742430994421,1070032704,방천시장입구교차로,127.0350206256664194_37.6116141344327843,170.0,12.0,정체,127.0350206256664194_37.6116141344327843|127.0337751563115916_37.6109630853235259|127.0334139063331946_37.6107742430994421
2026-09-04T09:00:31.559343+09:00,미아사거리역,미아사거리역,POI026,KEY_2,1080014600,도봉로15길,1080192800,미아동 458-7,127.0289263823759143_37.6164970010907709,1080005303,솔샘빌딩,127.0271851492296946_37.6171857601041069,173.0,18.3,서행,127.0271851492296946_37.6171857601041069|127.0280001291889533_37.6167779690611326|127.0282120914124135_37.6166948240359034|127.0284782414750566_37.6166076453546765|127.0287039024196645_37.6165457270247074|127.0289263823759143_37.6164970010907709
2026-09-04T09:00:31.559343+09:00,미아사거리역,미아사거리역,POI026,KEY_2,1080001301,도봉로8길,1080188000,미아동 860-68,127.0313076593327679_37.6124939066315420,1080004403,롯데백화점(미아점),127.0307655742459758_37.6152294799087770,354.0,17.0,서행,127.0307655742459758_37.6152294799087770|127.0307595083810952_37.6151431414709805|127.0307982049350812_37.6146048520059324|127.0308334377665034_37.6144241108047410|127.0308880019328228_37.6142290723469088|127.0308888194819872_37.6142261500267807|127.0309021182958560_37.6141593634664346|127.0308971769619575_37.6141162866918890|127.0308713303888197_37.6140091037384749|127.0308172547337193_37.6138558335722166|127.0306687476536069_37.6135272070313320|127.0306263756309590_37.6134334427768025|127.0305256407967818_37.6132105275378237|127.0304829018195534_37.6131161834363184|127.0304581524445808_37.6129865258258107|127.0304679093526232_37.6128992805603062|127.0305305543381564_37.6128261392159047|127.0308831459086178_37.6126452505436006|127.0311960791661221_37.6125297876005433|127.0313076593327679_37.6124939066315420
2026-09-04T09:00:31.559343+09:00,미아사거리역,미아사거리역,POI026,KEY_2,1080001302,도봉로10길,1080004404,롯데백화점(미아점),127.0307752511100574_37.6153377881961077,1080004603,송중초교앞교차로,127.0304883063638783_37.6164177510826150,125.0,13.0,정체,127.0304883063638783_37.6164177510826150|127.0305703985691252_37.6163131925084642|127.0306363068363140_37.6162059695205286|127.0307091738091572_37.6160516347061957|127.0307523911061054_37.6159357563504244|127.0307780233704449_37.6158268129668514|127.0307895338175257_37.6157153468896510|127.0307960511374716_37.6155476827439088|127.0307967671710401_37.6155292620652375|127.0307752511100574_37.6153377881961077
2026-09-04T09:00:31.559343+09:00,미아사거리역,미아사거리역,POI026,KEY_2,1080001303,도봉로16길,1080004604,송중초교앞교차로,127.0304102014371495_37.6165235549963413,1080005102,삼양입구사거리,127.0298702192108067_37.6170704681836625,79.0,23.0,서행,127.0298702192108067_37.6170704681836625|127.0298850521788978_37.6170678421002123|127.0299748118788585_37.6170321140735879|127.0300606496514746_37.6169837596280487|127.0301171093192494_37.6169296264748780|127.0302651320415634_37.6167245455032031|127.0304102014371495_37.6165235549963413
2026-09-04T09:00:31.559343+09:00,미아사거리역,미아사거리역,POI026,KEY_2,1080001401,도봉로8길,1080226500,미아동 860-62,127.0333709883061459_37.6111757648604055,1070030801,미아동 46-41,127.0334139063331946_37.6107742430994421,47.0,15.3,서행,127.0334139063331946_37.6107742430994421|127.0334462215943887_37.6108752645659408|127.0334496189833260_37.6109857942447405|127.0334250973174051_37.6110939559240691|127.0334003678912893_37.6111530443839968|127.0333709883061459_37.6111757648604055
2026-09-04T09:00:31.559343+09:00,미아사거리역,미아사거리역,POI026,KEY_2,1080001402,도봉로10길,1080223600,미아동 860-128,127.0309319037914122_37.6155510242293474,1080004401,롯데백화점(미아점),127.0309106282188338_37.6153281619081881,25.0,7.0,정체,127.0309106282188338_37.6153281619081881|127.0309328722385231_37.6155261090471882|127.0309319037914122_37.6155510242293474
2026-09-04T09:00:31.559343+09:00,미아사거리역,미아사거리역,POI026,KEY_2,1080001403,도봉로16길,1080226700,미아동 860-128,127.0303830050474403_37.6167783790601220,1080004601,송중초교앞교차로,127.0305637850283773_37.6165279116074700,32.0,7.0,정체,127.0305637850283773_37.6165279116074700|127.0303830050474403_37.6167783790601220
2026-09-04T09:00:31.559343+09:00,미아사거리역,미아사거리역,POI026,KEY_2,1080001600,오패산로,1080213700,미아동 1317-4,127.0350445501677967_37.6118498616365429,1070032701,방천시장입구교차로,127.0351361942052364_37.6116746238631379,21.0,8.5,정체,127.0351361942052364_37.6116746238631379|127.0350445501677967_37.6118498616365429
2026-09-04T09:00:31.559343+09:00,미아사거리역,미아사거리역,POI026,KEY_2,1080001900,오현로,1080208300,미아동 89-40,127.0313087266287511_37.6164361744709836,1080004602,송중초교앞교차로,127.0306455696994732_37.6164215546226970,59.0,7.0,정체,127.0306455696994732_37.6164215546226970|127.0313087266287511_37.6164361744709836
2026-09-04T09:00:31.559343+09:00,미아사거리역,미아사거리역,POI026,KEY_2,1080002000,오현로,1080004601,송중초교앞교차로,127.0305637850283773_37.6165279116074700,1080000704,송중동주민센터,127.0333214076489838_37.6165889302136804,244.0,15.5,서행,127.0333214076489838_37.6165889302136804|127.0327048727601778_37.6165751501665611|127.0325535462619797_37.6165717674053610|127.0322799608593556_37.6165657393747779|127.0313049616454890_37.6165442516112378|127.0305637850283773_37.6165279116074700
2026-09-04T09:00:31.559343+09:00,미아사거리역,미아사거리역,POI026,KEY_2,1080013300,도봉로,1070029400,미아동13-23,127.0303037865156597_37.6097324048251664,1070029100,미아동13-23,127.0307970607158552_37.6093968261890694,68.0,21.0,서행,127.0307970607158552_37.6093968261890694|127.0305946239942188_37.6093716682601524|127.0304681352867107_37.6094164675411236|127.0304277962557080_37.6094780299370726|127.0303633502236949_37.6096357439956179|127.0303037865156597_37.6097324048251664
2026-09-04T09:00:31.559343+09:00,미아사거리역,미아사거리역,POI026,KEY_2,1080013600,도봉로14길,1080004403,롯데백화점(미아점),127.0307655742459758_37.6152294799087770,1080004302,롯데백화점,127.0300044147842016_37.6152165221594643,67.0,14.0,정체,127.0300044147842016_37.6152165221594643|127.0307655742459758_37.6152294799087770
2026-09-04T09:00:31.559343+09:00,미아사거리역,미아사거리역,POI026,KEY_2,1080014200,오현로,1080004603,송중초교앞교차로,127.0304883063638783_37.6164177510826150,1080004502,미아4동지구대,127.0299406932083599_37.6164009553699401,48.0,2.0,정체,127.0299406932083599_37.6164009553699401|127.0304883063638783_37.6164177510826150
2026-09-04T09:00:31.559343+09:00,미아사거리역,미아사거리역,POI026,KEY_2,1080014300,오현로,1080004501,미아4동지구대,127.0299378171736464_37.6165090658176240,1080004604,송중초교앞교차로,127.0304102014371495_37.6165235549963413,42.0,12.0,정체,127.0304102014371495_37.6165235549963413|127.0299378171736464_37.6165090658176240
2026-09-04T09:00:31.559343+09:00,미아사거리역,미아사거리역,POI026,KEY_2,1080014700,도봉로15길,1080192900,미아동 458-7,127.0289624624824540_37.6166012407417867,1080004504,미아4동지구대,127.0298017896812581_37.6165088554968250,75.0,28.0,원활,127.0298017896812581_37.6165088554968250|127.0295487633222109_37.6165152651126817|127.0293179985103222_37.6165373968828902|127.0290397621278942_37.6165843107636775|127.0289624624824540_37.6166012407417867
2026-09-04T09:00:31.559343+09:00,미아사거리역,미아사거리역,POI026,KEY_2,1080035900,도봉로,1080227900,미아동 66-1,127.0299274972616104_37.6144546098941603,1080004303,롯데백화점,127.0298687581600916_37.6152098457852233,84.0,10.0,정체,127.0298687581600916_37.6152098457852233|127.0298853879347121_37.6149960306107900|127.0299274972616104_37.6144546098941603
2026-09-04T09:00:31.559343+09:00,미아사거리역,미아사거리역,POI026,KEY_2,1080036400,도봉로,1080225600,미아동 66-1,127.0299803524425357_37.6155274151514050,1080004301,롯데백화점,127.0299960395229704_37.6153245223647374,23.0,22.0,서행,127.0299960395229704_37.6153245223647374|127.0299803524425357_37.6155274151514050
2026-09-04T09:00:31.559343+09:00,미아사거리역,미아사거리역,POI026,KEY_2,1080036500,도봉로,1080004304,롯데백화점,127.0298603782955666_37.6153178851803318,1080004503,미아4동지구대,127.0298047742597731_37.6164006059727711,120.0,10.0,정체,127.0298047742597731_37.6164006059727711|127.0298046298892842_37.6160389086157849|127.0298446910549472_37.6155207779205440|127.0298603782955666_37.6153178851803318
2026-09-04T09:00:31.559343+09:00,미아사거리역,미아사거리역,POI026,KEY_2,1080036600,도봉로,1080005102,삼양입구사거리,127.0298702192108067_37.6170704681836625,1080004501,미아4동지구대,127.0299378171736464_37.6165090658176240,63.0,6.0,정체,127.0299378171736464_37.6165090658176240|127.0299226736381542_37.6167963269789851|127.0298951691717804_37.6169547114601741|127.0298702192108067_37.6170704681836625
2026-09-04T09:00:31.559343+09:00,미아사거리역,미아사거리역,POI026,KEY_2,1080036700,도봉로,1080004504,미아4동지구대,127.0298017896812581_37.6165088554968250,1080005103,삼양입구사거리,127.0297284688176518_37.6170883149081376,65.0,10.0,정체,127.0297284688176518_37.6170883149081376|127.0297608296273353_37.6169381744416640|127.0297871444125661_37.6167866423070549|127.0298017896812581_37.6165088554968250
2026-09-04T09:00:31.559343+09:00,발산역,발산역,POI027,KEY_3,1150014202,강서로,1150175000,마곡동 724-1,126.8383852842325865_37.5592402053588401,1150030703,등촌동 709,126.8385237764946822_37.5596590721435390,48.0,13.0,정체,126.8385237764946822_37.5596590721435390|126.8383852842325865_37.5592402053588401
2026-09-04T09:00:31.559343+09:00,발산역,발산역,POI027,KEY_3,1150014203,강서로,1150030704,등촌동 709,126.8385583871243085_37.5597642315047793,1150031803,등촌동 709,126.8388799352455294_37.5607467891492064,113.0,10.0,정체,126.8388799352455294_37.5607467891492064|126.8385583871243085_37.5597642315047793
2026-09-04T09:00:31.559343+09:00,발산역,발산역,POI027,KEY_3,1150013501,공항대로41길,1150199500,등촌동 709-18,126.8449936130237745_37.5585491936764626,1150027801,등촌동 665-15,126.8446075434389826_37.5579957914980866,70.0,9.0,정체,126.8446075434389826_37.5579957914980866|126.8449936130237745_37.5585491936764626
2026-09-04T09:00:31.559343+09:00,발산역,발산역,POI027,KEY_3,1150013502,공항대로41길,1150264200,등촌동 709-19,126.8457392751923010_37.5596525373729904,1150029901,등촌성당,126.8453512898314699_37.5590655577672123,74.0,14.0,정체,126.8453512898314699_37.5590655577672123|126.8457392751923010_37.5596525373729904
2026-09-04T09:00:31.559343+09:00,발산역,발산역,POI027,KEY_3,1150001301,공항대로,1150388100,최소노드배치점,126.8479422913783452_37.5574279579684003,1150027802,내발산동 727-11,126.8445162648301476_37.5578956605161736,308.0,20.0,서행,126.8445162648301476_37.5578956605161736|126.8470260619137662_37.5576543889665260|126.8472895533285225_37.5576081323218673|126.8475700185465627_37.5575380223980133|126.8478776911477155_37.5574499386466130|126.8479422913783452_37.5574279579684003
2026-09-04T09:00:31.559343+09:00,발산역,발산역,POI027,KEY_3,1150001401,공항대로,1150027801,등촌동 665-15,126.8446075434389826_37.5579957914980866,1150027504,KBS88체육관,126.8485838392266203_37.5573272457826803,362.0,13.0,정체,126.8485838392266203_37.5573272457826803|126.8479956668994788_37.5575273772584879|126.8479274007050321_37.5575506052493537|126.8476133601174638_37.5576405117346468|126.8473245865430670_37.5577126995265402|126.8470488797595976_37.5577611001132396|126.8446075434389826_37.5579957914980866
2026-09-04T09:00:31.559343+09:00,발산역,발산역,POI027,KEY_3,1150001702,공항대로,1150156500,내발산동 727-13,126.8389437190157025_37.5584498941833331,1150029007,발산역앞교차로,126.8382868423504277_37.5585154741234675,58.0,16.3,서행,126.8382868423504277_37.5585154741234675|126.8389437190157025_37.5584498941833331
2026-09-04T09:00:31.559343+09:00,발산역,발산역,POI027,KEY_3,1150001802,공항대로,1150286100,등촌동 675-7,126.8434851477407221_37.5581068792877204,1150027804,등촌동 675-7,126.8444620467467274_37.5580099188913792,87.0,8.0,정체,126.8444620467467274_37.5580099188913792|126.8434851477407221_37.5581068792877204
2026-09-04T09:00:31.559343+09:00,발산역,발산역,POI027,KEY_3,1150012402,강서로,1150159900,내발산동 727-3,126.8379581400753864_37.5579157877647489,1150029008,발산역앞교차로,126.8381511771219436_37.5585292798091572,70.0,14.0,정체,126.8381511771219436_37.5585292798091572|126.8379581400753864_37.5579157877647489
2026-09-04T09:00:31.559343+09:00,발산역,발산역,POI027,KEY_3,1150012501,강서로,1150024502,동아빌딩,126.8372882612989372_37.5553437451673062,1150023601,우장산공원입구교차로,126.8371370636826754_37.5548824736412428,53.0,7.0,정체,126.8371370636826754_37.5548824736412428|126.8372882612989372_37.5553437451673062
2026-09-04T09:00:31.559343+09:00,발산역,발산역,POI027,KEY_3,1150012502,강서로,1150160000,내발산동 727-3,126.8380898818052742_37.5578895163977009,1150024501,동아빌딩,126.8373220381356390_37.5554491393520493,279.0,4.0,정체,126.8373220381356390_37.5554491393520493|126.8376715306814759_37.5565599243357937|126.8380898818052742_37.5578895163977009
2026-09-04T09:00:31.559343+09:00,발산역,발산역,POI027,KEY_3,1150013401,공항대로41길,1150199400,등촌동 709-18,126.8448748818911582_37.5586016883165925,1150029903,등촌성당,126.8451274169810858_37.5589636738274208,46.0,7.0,정체,126.8451274169810858_37.5589636738274208|126.8448748818911582_37.5586016883165925
2026-09-04T09:00:31.559343+09:00,발산역,발산역,POI027,KEY_3,1150014205,강서로,1150031804,등촌동 709,126.8389140890373454_37.5608509288689092,1150005703,등촌1-10단지앞교차로,126.8396861857425364_37.5631977716060206,269.0,38.7,원활,126.8396861857425364_37.5631977716060206|126.8393141722479385_37.5620670292307963|126.8392797556717255_37.5619624175767370|126.8389140890373454_37.5608509288689092
2026-09-04T09:00:31.559343+09:00,발산역,발산역,POI027,KEY_3,1150014302,강서로,1150175100,등촌동 675-9,126.8385166255535950_37.5592126843741667,1150029006,발산역앞교차로,126.8383210052044774_37.5586210293481884,68.0,9.0,정체,126.8383210052044774_37.5586210293481884|126.8385166255535950_37.5592126843741667
2026-09-04T09:00:31.559343+09:00,발산역,발산역,POI027,KEY_3,1150014303,강서로,1150031802,등촌동 709,126.8390139938301218_37.5607275621226293,1150030701,등촌동 709,126.8386936568455070_37.5597487108810242,112.0,15.0,서행,126.8386936568455070_37.5597487108810242|126.8390139938301218_37.5607275621226293
2026-09-04T09:00:31.559343+09:00,발산역,발산역,POI027,KEY_3,1150014304,강서로,1150034202,국민연금관리공단,126.8394111443076042_37.5619350252835389,1150031801,등촌동 709,126.8390483347155140_37.5608322269258892,127.0,14.0,정체,126.8390483347155140_37.5608322269258892|126.8394111443076042_37.5619350252835389
2026-09-04T09:00:31.559343+09:00,발산역,발산역,POI027,KEY_3,1150014305,강서로,1150005702,등촌1-10단지앞교차로,126.8398205853715410_37.5631795244991835,1150034201,국민연금관리공단,126.8394455610547453_37.5620396368988594,131.0,20.0,서행,126.8394455610547453_37.5620396368988594|126.8398205853715410_37.5631795244991835
2026-09-04T09:00:31.559343+09:00,발산역,발산역,POI027,KEY_3,1150015201,강서로62길,1150036503,등촌동 709-7,126.8406735207926062_37.5630129446335346,1150005702,등촌1-10단지앞교차로,126.8398205853715410_37.5631795244991835,78.0,17.0,서행,126.8398205853715410_37.5631795244991835|126.8406735207926062_37.5630129446335346
2026-09-04T09:00:31.559343+09:00,발산역,발산역,POI027,KEY_3,1150015202,강서로62길,1150035303,등촌동 709-7,126.8421580440403602_37.5627055380148107,1150036502,등촌동 709-7,126.8408051994368861_37.5629864249681731,124.0,12.0,정체,126.8408051994368861_37.5629864249681731|126.8421580440403602_37.5627055380148107
2026-09-04T09:00:31.559343+09:00,발산역,발산역,POI027,KEY_3,1150015301,강서로62길,1150005701,등촌1-10단지앞교차로,126.8398546136223644_37.5632842045207411,1150036504,등촌동 709-7,126.8407073809268581_37.5631176574675862,78.0,9.0,정체,126.8407073809268581_37.5631176574675862|126.8398546136223644_37.5632842045207411
2026-09-04T09:00:31.559343+09:00,발산역,발산역,POI027,KEY_3,1150015302,강서로62길,1150036501,등촌동 709-7,126.8408390519562801_37.5630911327515875,1150035304,등촌동 709-7,126.8421984401591374_37.5628088871163897,124.0,13.0,정체,126.8421984401591374_37.5628088871163897|126.8408390519562801_37.5630911327515875
2026-09-04T09:00:31.559343+09:00,발산역,발산역,POI027,KEY_3,1150061400,강서로50길,1150160400,내발산동 724-31,126.8379970283803289_37.5552640353912395,1150024502,동아빌딩,126.8372882612989372_37.5553437451673062,63.0,24.5,서행,126.8372882612989372_37.5553437451673062|126.8379970283803289_37.5552640353912395
2026-09-04T09:00:31.559343+09:00,발산역,발산역,POI027,KEY_3,1150063600,공항대로42길,1150168900,내발산동 727-10,126.8437845680732181_37.5573454026150557,1150027803,내발산동 727-11,126.8443119302488782_37.5579158619486293,79.0,12.5,정체,126.8443119302488782_37.5579158619486293|126.8442191029553783_37.5578656596487974|126.8439617274123350_37.5575931711129414|126.8439157570281708_37.5575288788179549|126.8437845680732181_37.5573454026150557
2026-09-04T09:00:31.559343+09:00,발산역,발산역,POI027,KEY_3,1150068500,화곡로63길,1150249200,등촌동 665,126.8468281137539435_37.5588151943925652,1150029902,등촌성당,126.8452825414138516_37.5589633449437912,138.0,21.0,서행,126.8452825414138516_37.5589633449437912|126.8456271872231582_37.5589296648363486|126.8457671569491794_37.5589163237876207|126.8468281137539435_37.5588151943925652
2026-09-04T09:00:31.559343+09:00,발산역,발산역,POI027,KEY_3,1150068900,강서로56길,1150029903,등촌성당,126.8451274169810858_37.5589636738274208,1150030102,동명중학교앞사거리,126.8437021070714508_37.5590900784440578,127.0,12.0,정체,126.8437021070714508_37.5590900784440578|126.8450504206099083_37.5589612812080915|126.8451274169810858_37.5589636738274208
2026-09-04T09:00:31.559343+09:00,발산역,발산역,POI027,KEY_3,1150069000,강서로56길,1150030101,동명중학교앞사거리,126.8437182868120630_37.5591974274643690,1150029904,등촌성당,126.8452035600025880_37.5590742413996850,132.0,17.0,서행,126.8452035600025880_37.5590742413996850|126.8450558970051816_37.5590696530153494|126.8437182868120630_37.5591974274643690
2026-09-04T09:00:31.559343+09:00,발산역,발산역,POI027,KEY_3,1150069400,강서로56길,1150253100,등촌동 675-3,126.8420541660963323_37.5592559113364217,1150030302,NC백화점(강서점),126.8412679507252108_37.5593352125803221,70.0,23.0,서행,126.8412679507252108_37.5593352125803221|126.8420541660963323_37.5592559113364217
2026-09-04T09:00:31.559343+09:00,발산역,발산역,POI027,KEY_3,1150069500,강서로56길,1150030301,NC백화점(강서점),126.8412850215417649_37.5594424739169526,1150030104,동명중학교앞사거리,126.8435827794940707_37.5592106973085009,205.0,25.7,원활,126.8435827794940707_37.5592106973085009|126.8420712380346345_37.5593631728529758|126.8412850215417649_37.5594424739169526
2026-09-04T09:00:31.559343+09:00,발산역,발산역,POI027,KEY_3,1150069900,강서로56길,1150222900,등촌동 675-10,126.8398256103945130_37.5594834893855705,1150030502,등촌동 675-10,126.8396404824841710_37.5595279604237717,17.0,10.0,정체,126.8396404824841710_37.5595279604237717|126.8397994820281411_37.5594861781463507|126.8398256103945130_37.5594834893855705
2026-09-04T09:00:31.559343+09:00,발산역,발산역,POI027,KEY_3,1150070000,강서로56길,1150030501,등촌동 709-24,126.8396830550129550_37.5596306307353771,1150030304,NC백화점(강서점),126.8411492775769176_37.5594562882070591,131.0,9.0,정체,126.8411492775769176_37.5594562882070591|126.8404955909356886_37.5595235617705185|126.8398430218055637_37.5595907165936680|126.8398297469764060_37.5595920826459491|126.8396830550129550_37.5596306307353771
2026-09-04T09:00:31.559343+09:00,발산역,발산역,POI027,KEY_3,1150070100,강서로56길,1150030503,등촌동 675-10,126.8395323421799361_37.5595482233216273,1150030702,등촌동 709,126.8386590218707255_37.5596433568766201,78.0,13.0,정체,126.8386590218707255_37.5596433568766201|126.8395323421799361_37.5595482233216273
2026-09-04T09:00:31.559343+09:00,발산역,발산역,POI027,KEY_3,1150070200,강서로56길,1150030701,등촌동 709,126.8386936568455070_37.5597487108810242,1150030504,등촌동 709-24,126.8395507558514197_37.5596553444129242,76.0,6.0,정체,126.8395507558514197_37.5596553444129242|126.8386936568455070_37.5597487108810242
2026-09-04T09:00:31.559343+09:00,발산역,발산역,POI027,KEY_3,1150070500,강서로56나길,1150031102,등촌주공3단지,126.8415189407386379_37.5601714765458112,1150030301,NC백화점(강서점),126.8412850215417649_37.5594424739169526,84.0,21.0,서행,126.8412850215417649_37.5594424739169526|126.8415189407386379_37.5601714765458112
2026-09-04T09:00:31.559343+09:00,발산역,발산역,POI027,KEY_3,1150070600,강서로56나길,1150030304,NC백화점(강서점),126.8411492775769176_37.5594562882070591,1150031103,등촌주공3단지,126.8413873500379907_37.5601982354522050,85.0,19.0,서행,126.8413873500379907_37.5601982354522050|126.8411492775769176_37.5594562882070591
2026-09-04T09:00:31.559343+09:00,발산역,발산역,POI027,KEY_3,1150071200,강서로56가길,1150031302,킴스클럽(강서점),126.8399788271866129_37.5605014032291180,1150030501,등촌동 709-24,126.8396830550129550_37.5596306307353771,100.0,7.0,정체,126.8396830550129550_37.5596306307353771|126.8397331722678132_37.5597781806686797|126.8399788271866129_37.5605014032291180
2026-09-04T09:00:31.559343+09:00,발산역,발산역,POI027,KEY_3,1150071300,강서로56가길,1150177200,등촌동 709-24,126.8396020643651383_37.5598064024523026,1150031303,킴스클럽(강서점),126.8398481363394410_37.5605308572489065,83.0,10.0,정체,126.8398481363394410_37.5605308572489065|126.8396020643651383_37.5598064024523026
2026-09-04T09:00:31.559343+09:00,발산역,발산역,POI027,KEY_3,1150071700,강서로,1150031103,등촌주공3단지,126.8413873500379907_37.5601982354522050,1150031302,킴스클럽(강서점),126.8399788271866129_37.5605014032291180,129.0,23.0,서행,126.8399788271866129_37.5605014032291180|126.8409817156347685_37.5602855454065931|126.8413873500379907_37.5601982354522050
2026-09-04T09:00:31.559343+09:00,발산역,발산역,POI027,KEY_3,1150071800,강서로,1150031301,킴스클럽(강서점),126.8400146179819785_37.5606057011169838,1150031104,등촌주공3단지,126.8414257249843189_37.5603019770891677,129.0,20.0,서행,126.8414257249843189_37.5603019770891677|126.8410171647322500_37.5603899168237874|126.8400146179819785_37.5606057011169838
2026-09-04T09:00:31.559343+09:00,발산역,발산역,POI027,KEY_3,1150071900,강서로,1150031303,킴스클럽(강서점),126.8398481363394410_37.5605308572489065,1150031802,등촌동 709,126.8390139938301218_37.5607275621226293,77.0,6.0,정체,126.8390139938301218_37.5607275621226293|126.8398481363394410_37.5605308572489065
2026-09-04T09:00:31.559343+09:00,발산역,발산역,POI027,KEY_3,1150072000,강서로,1150031801,등촌동 709,126.8390483347155140_37.5608322269258892,1150031304,킴스클럽(강서점),126.8398839413988100_37.5606351767868460,77.0,5.0,정체,126.8398839413988100_37.5606351767868460|126.8390483347155140_37.5608322269258892
2026-09-04T09:00:31.559343+09:00,발산역,발산역,POI027,KEY_3,1150072100,공항대로39길,1150256400,등촌동 709-21,126.8439667127423149_37.5600268748774369,1150030101,동명중학교앞사거리,126.8437182868120630_37.5591974274643690,95.0,20.0,서행,126.8437182868120630_37.5591974274643690|126.8438689490130855_37.5597219963694755|126.8439667127423149_37.5600268748774369
2026-09-04T09:00:31.559343+09:00,발산역,발산역,POI027,KEY_3,1150072300,강서로56가길,1150033502,등촌동 709-24,126.8403937546382281_37.5617408215833422,1150031301,킴스클럽(강서점),126.8400146179819785_37.5606057011169838,130.0,7.0,정체,126.8400146179819785_37.5606057011169838|126.8400855183556359_37.5608102389680525|126.8401212767520718_37.5609159034849611|126.8403937546382281_37.5617408215833422
2026-09-04T09:00:31.559343+09:00,발산역,발산역,POI027,KEY_3,1150072400,강서로56가길,1150031304,킴스클럽(강서점),126.8398839413988100_37.5606351767868460,1150031903,등촌동 709-25,126.8399545939338253_37.5608389991299347,23.0,9.0,정체,126.8399545939338253_37.5608389991299347|126.8398839413988100_37.5606351767868460
2026-09-04T09:00:31.559343+09:00,발산역,발산역,POI027,KEY_3,1150073800,강서로56가길,1150031903,등촌동 709-25,126.8399545939338253_37.5608389991299347,1150033703,청호빌딩,126.8398879643180805_37.5618434951784010,136.0,81.0,원활,126.8398879643180805_37.5618434951784010|126.8396084486025330_37.5609783844197054|126.8396550646368155_37.5609044813812574|126.8399545939338253_37.5608389991299347
2026-09-04T09:00:31.559343+09:00,발산역,발산역,POI027,KEY_3,1150073900,강서로56가길,1150033702,청호빌딩,126.8400198011262034_37.5618174884067031,1150031904,등촌동 678-6,126.8399899238250583_37.5609433981560485,116.0,11.0,정체,126.8399899238250583_37.5609433981560485|126.8397540438665771_37.5609949658284634|126.8400198011262034_37.5618174884067031
2026-09-04T09:00:31.559343+09:00,발산역,발산역,POI027,KEY_3,1150074100,강서로56가길,1150031904,등촌동 678-6,126.8399899238250583_37.5609433981560485,1150033503,등촌동 709-25,126.8402624006093049_37.5617683164986360,95.0,21.0,서행,126.8402624006093049_37.5617683164986360|126.8399899238250583_37.5609433981560485
2026-09-04T09:00:31.559343+09:00,발산역,발산역,POI027,KEY_3,1150074400,강서로56나길,1150224800,등촌동 709-23,126.8421593876177269_37.5622512538104232,1150031101,등촌주공3단지,126.8415577146132023_37.5602764926730970,226.0,11.5,정체,126.8415577146132023_37.5602764926730970|126.8417915836892433_37.5610440910706487|126.8421593876177269_37.5622512538104232
2026-09-04T09:00:31.559343+09:00,발산역,발산역,POI027,KEY_3,1150075500,강서로56가길,1150033503,등촌동 709-25,126.8402624006093049_37.5617683164986360,1150033702,청호빌딩,126.8400198011262034_37.5618174884067031,22.0,16.0,서행,126.8400198011262034_37.5618174884067031|126.8402624006093049_37.5617683164986360
2026-09-04T09:00:31.559343+09:00,발산역,발산역,POI027,KEY_3,1150075600,강서로56가길,1150033701,청호빌딩,126.8400533738930847_37.5619222522369043,1150033504,등촌동 679-6,126.8402969405602931_37.5618728844387348,22.0,4.0,정체,126.8402969405602931_37.5618728844387348|126.8400533738930847_37.5619222522369043
2026-09-04T09:00:31.559343+09:00,발산역,발산역,POI027,KEY_3,1150075800,강서로,1150033703,청호빌딩,126.8398879643180805_37.5618434951784010,1150034202,국민연금관리공단,126.8394111443076042_37.5619350252835389,43.0,15.0,서행,126.8394111443076042_37.5619350252835389|126.8398879643180805_37.5618434951784010
2026-09-04T09:00:31.559343+09:00,발산역,발산역,POI027,KEY_3,1150075900,강서로,1150034201,국민연금관리공단,126.8394455610547453_37.5620396368988594,1150033704,청호빌딩,126.8399215433585283_37.5619482675854854,43.0,6.0,정체,126.8399215433585283_37.5619482675854854|126.8394455610547453_37.5620396368988594
2026-09-04T09:00:31.559343+09:00,발산역,발산역,POI027,KEY_3,1150076300,강서로56가길,1150035502,호서아트갤러리,126.8406970304975800_37.5626589595992826,1150033501,등촌동 709-24,126.8404282947817023_37.5618453895506121,93.0,28.0,원활,126.8404282947817023_37.5618453895506121|126.8406970304975800_37.5626589595992826
2026-09-04T09:00:31.559343+09:00,발산역,발산역,POI027,KEY_3,1150076400,강서로56가길,1150033504,등촌동 679-6,126.8402969405602931_37.5618728844387348,1150035503,호서아트갤러리,126.8405656746963217_37.5626864548314643,93.0,20.0,서행,126.8405656746963217_37.5626864548314643|126.8402969405602931_37.5618728844387348
2026-09-04T09:00:31.559343+09:00,발산역,발산역,POI027,KEY_3,1150076900,강서로56가길,1150033704,청호빌딩,126.8399215433585283_37.5619482675854854,1150035504,호서아트갤러리,126.8406002224921991_37.5627910440640420,136.0,10.0,정체,126.8406002224921991_37.5627910440640420|126.8402872434445356_37.5628508061186608|126.8401954405893264_37.5628100442906998|126.8399215433585283_37.5619482675854854
2026-09-04T09:00:31.559343+09:00,발산역,발산역,POI027,KEY_3,1150078400,강서로56가길,1150036502,등촌동 709-7,126.8408051994368861_37.5629864249681731,1150035501,호서아트갤러리,126.8407315784833003_37.5627635487979958,26.0,11.0,정체,126.8407315784833003_37.5627635487979958|126.8408051994368861_37.5629864249681731
2026-09-04T09:00:31.559343+09:00,발산역,발산역,POI027,KEY_3,1150078500,강서로56가길,1150035504,호서아트갤러리,126.8406002224921991_37.5627910440640420,1150036503,등촌동 709-7,126.8406735207926062_37.5630129446335346,25.0,20.0,서행,126.8406735207926062_37.5630129446335346|126.8406002224921991_37.5627910440640420
2026-09-04T09:00:31.559343+09:00,발산역,발산역,POI027,KEY_3,1150081800,강서로56가길,1150038902,등촌주공1단지아파트,126.8416224738478206_37.5655681810133828,1150036501,등촌동 709-7,126.8408390519562801_37.5630911327515875,284.0,22.0,서행,126.8408390519562801_37.5630911327515875|126.8416224738478206_37.5655681810133828
2026-09-04T09:00:31.559343+09:00,발산역,발산역,POI027,KEY_3,1150081900,강서로56가길,1150036504,등촌동 709-7,126.8407073809268581_37.5631176574675862,1150038903,등촌주공1단지아파트,126.8414907582864544_37.5655945778397111,283.0,13.0,정체,126.8414907582864544_37.5655945778397111|126.8407073809268581_37.5631176574675862
2026-09-04T09:00:31.559343+09:00,발산역,발산역,POI027,KEY_3,1150414700,공항대로,1150143803,마곡동 800-23,126.8331897528281473_37.5590371786249193,1150142902,마곡동 799-23,126.8299789794061354_37.5593544984393830,286.0,10.0,정체,126.8299789794061354_37.5593544984393830|126.8331897528281473_37.5590371786249193
2026-09-04T09:00:31.559343+09:00,발산역,발산역,POI027,KEY_3,1150414800,공항대로,1150142901,마곡동 771-6,126.8299957636812536_37.5594617895610980,1150143804,마곡동 775-3,126.8332050999563307_37.5591446111485254,286.0,17.0,서행,126.8332050999563307_37.5591446111485254|126.8299957636812536_37.5594617895610980
2026-09-04T09:00:31.559343+09:00,발산역,발산역,POI027,KEY_3,1150415000,마곡동로4길,1150143903,더스포츠투데이,126.8332857991649547_37.5596880604673728,1150143002,스포츠니어스,126.8300720826581909_37.5600051057354847,286.0,16.5,서행,126.8300720826581909_37.5600051057354847|126.8332857991649547_37.5596880604673728
2026-09-04T09:00:31.559343+09:00,발산역,발산역,POI027,KEY_3,1150415200,마곡동로4길,1150143001,스포츠니어스,126.8300889340493427_37.5601123893861484,1150143904,더스포츠투데이,126.8333022312357485_37.5597953858369493,286.0,20.0,서행,126.8333022312357485_37.5597953858369493|126.8300889340493427_37.5601123893861484
2026-09-04T09:00:31.559343+09:00,발산역,발산역,POI027,KEY_3,1150415300,마곡중앙6로,1150144003,마곡동796-3,126.8333756769971359_37.5602611156995607,1150143102,마곡동 771-6,126.8301522505480108_37.5604769150319484,286.0,10.0,정체,126.8301522505480108_37.5604769150319484|126.8315992311645601_37.5603293921517363|126.8317903553199244_37.5603190670868727|126.8321654198426671_37.5603292225798029|126.8324684712669921_37.5603342165290286|126.8326274768060671_37.5603290036322974|126.8333756769971359_37.5602611156995607
2026-09-04T09:00:31.559343+09:00,발산역,발산역,POI027,KEY_3,1150415400,마곡중앙6로,1150143101,마곡동 771-6,126.8301695159718747_37.5605841499526605,1150144004,마곡동796-3,126.8333921054945677_37.5603684438512104,286.0,16.0,서행,126.8333921054945677_37.5603684438512104|126.8326428577152853_37.5604364277498135|126.8324742064728667_37.5604422396582009|126.8321626681507439_37.5604373192537437|126.8317857413540537_37.5604271232566731|126.8316086846086961_37.5604372494358998|126.8301695159718747_37.5605841499526605
2026-09-04T09:00:31.559343+09:00,발산역,발산역,POI027,KEY_3,1150415500,마곡중앙8로,1150144103,마곡동 775-3,126.8335156177956549_37.5612009154793540,1150143302,스페이스K서울미술관,126.8303074798785133_37.5615141459653259,286.0,17.0,서행,126.8303074798785133_37.5615141459653259|126.8310422029500444_37.5614424183077915|126.8325672766222709_37.5612935172885685|126.8335156177956549_37.5612009154793540
2026-09-04T09:00:31.559343+09:00,발산역,발산역,POI027,KEY_3,1150415600,마곡중앙8로,1150143301,스페이스K서울미술관,126.8303240117242154_37.5616214608969941,1150144104,마곡동 775-3,126.8335310636990982_37.5613083368637817,285.0,17.0,서행,126.8335310636990982_37.5613083368637817|126.8325838117159350_37.5614008321921915|126.8310587358588606_37.5615497332296471|126.8303240117242154_37.5616214608969941
2026-09-04T09:00:31.559343+09:00,발산역,발산역,POI027,KEY_3,1150416000,마곡동로,1150143704,아트나눔,126.8331006582411220_37.5583873342277244,1150143803,마곡동 800-23,126.8331897528281473_37.5590371786249193,73.0,9.0,정체,126.8331897528281473_37.5590371786249193|126.8331006582411220_37.5583873342277244
2026-09-04T09:00:31.559343+09:00,발산역,발산역,POI027,KEY_3,1150416200,마곡동로,1150143804,마곡동 775-3,126.8332050999563307_37.5591446111485254,1150143903,더스포츠투데이,126.8332857991649547_37.5596880604673728,61.0,8.7,정체,126.8332857991649547_37.5596880604673728|126.8332050999563307_37.5591446111485254
2026-09-04T09:00:31.559343+09:00,발산역,발산역,POI027,KEY_3,1150416400,마곡동로,1150143802,마곡동 800-23,126.8333245244353122_37.5590236911699904,1150143701,아트나눔,126.8332353657170586_37.5583733943382683,73.0,7.0,정체,126.8332353657170586_37.5583733943382683|126.8333245244353122_37.5590236911699904
2026-09-04T09:00:31.559343+09:00,발산역,발산역,POI027,KEY_3,1150416600,마곡동로,1150143904,더스포츠투데이,126.8333022312357485_37.5597953858369493,1150144003,마곡동796-3,126.8333756769971359_37.5602611156995607,52.0,12.0,정체,126.8333756769971359_37.5602611156995607|126.8333022312357485_37.5597953858369493
2026-09-04T09:00:31.559343+09:00,발산역,발산역,POI027,KEY_3,1150416700,마곡동로,1150143902,더스포츠투데이,126.8334205140886155_37.5596742805224650,1150143801,마곡동 775-3,126.8333398581103921_37.5591311289854701,61.0,16.0,서행,126.8333398581103921_37.5591311289854701|126.8334205140886155_37.5596742805224650
2026-09-04T09:00:31.559343+09:00,발산역,발산역,POI027,KEY_3,1150416800,마곡동로,1150144004,마곡동796-3,126.8333921054945677_37.5603684438512104,1150144103,마곡동 775-3,126.8335156177956549_37.5612009154793540,93.0,8.0,정체,126.8335156177956549_37.5612009154793540|126.8333921054945677_37.5603684438512104
2026-09-04T09:00:31.559343+09:00,발산역,발산역,POI027,KEY_3,1150416900,마곡동로,1150144002,마곡동796-3,126.8335106253723552_37.5602488541742048,1150143901,더스포츠투데이,126.8334369408403290_37.5597816127083632,52.0,11.0,정체,126.8334369408403290_37.5597816127083632|126.8335106253723552_37.5602488541742048
2026-09-04T09:00:31.559343+09:00,발산역,발산역,POI027,KEY_3,1150417000,마곡동로,1150144102,마곡동 775-3,126.8336504427879277_37.5611878569099460,1150144001,마곡동796-3,126.8335270465289426_37.5603561826379106,93.0,8.0,정체,126.8335270465289426_37.5603561826379106|126.8336504427879277_37.5611878569099460
2026-09-04T09:00:31.559343+09:00,발산역,발산역,POI027,KEY_3,1150417100,마곡동로,1150144104,마곡동 775-3,126.8335310636990982_37.5613083368637817,1150075303,마곡동 775-3,126.8338665843508579_37.5637171638409200,269.0,15.0,서행,126.8338665843508579_37.5637171638409200|126.8335310636990982_37.5613083368637817
2026-09-04T09:00:31.559343+09:00,발산역,발산역,POI027,KEY_3,1150417200,마곡동로,1150075302,마곡동 775-3,126.8340015234932139_37.5637048487681895,1150144101,마곡동 775-3,126.8336658955196157_37.5612952760720518,269.0,19.5,서행,126.8336658955196157_37.5612952760720518|126.8340015234932139_37.5637048487681895
2026-09-04T09:00:31.559343+09:00,발산역,발산역,POI027,KEY_3,1150418100,공항대로,1150144503,마곡동 808-2,126.8353045369876781_37.5588231594929596,1150143802,마곡동 800-23,126.8333245244353122_37.5590236911699904,176.0,26.0,원활,126.8333245244353122_37.5590236911699904|126.8353045369876781_37.5588231594929596
2026-09-04T09:00:31.559343+09:00,발산역,발산역,POI027,KEY_3,1150418300,마곡동로4길,1150144603,마곡동 797-1,126.8354226221326968_37.5594623538091739,1150143902,더스포츠투데이,126.8334205140886155_37.5596742805224650,178.0,16.0,서행,126.8334205140886155_37.5596742805224650|126.8354226221326968_37.5594623538091739
2026-09-04T09:00:31.559343+09:00,발산역,발산역,POI027,KEY_3,1150418400,마곡동로4길,1150143901,더스포츠투데이,126.8334369408403290_37.5597816127083632,1150144604,마곡동 797-17,126.8354405248635146_37.5595695294607594,179.0,18.0,서행,126.8354405248635146_37.5595695294607594|126.8334369408403290_37.5597816127083632
2026-09-04T09:00:31.559343+09:00,발산역,발산역,POI027,KEY_3,1150418500,마곡중앙6로,1150144803,마곡동795-8,126.8355105459097700_37.5600668693746229,1150144002,마곡동796-3,126.8335106253723552_37.5602488541742048,178.0,15.5,서행,126.8335106253723552_37.5602488541742048|126.8355105459097700_37.5600668693746229
2026-09-04T09:00:31.559343+09:00,발산역,발산역,POI027,KEY_3,1150418600,마곡중앙6로,1150144001,마곡동796-3,126.8335270465289426_37.5603561826379106,1150144804,마곡동795-8,126.8355266360785407_37.5601742289107179,178.0,11.0,정체,126.8355266360785407_37.5601742289107179|126.8335270465289426_37.5603561826379106
2026-09-04T09:00:31.559343+09:00,발산역,발산역,POI027,KEY_3,1150418700,마곡중앙8로,1150215900,마곡동 789-10,126.8348798327747602_37.5610697462614738,1150144102,마곡동 775-3,126.8336504427879277_37.5611878569099460,109.0,12.0,정체,126.8336504427879277_37.5611878569099460|126.8344178057114249_37.5611141359322147|126.8348798327747602_37.5610697462614738
2026-09-04T09:00:31.559343+09:00,발산역,발산역,POI027,KEY_3,1150418800,마곡중앙8로,1150215800,마곡동 789-10,126.8348961067385972_37.5611770861689465,1150144904,마곡동 789-10,126.8356742349839834_37.5611023223528946,69.0,10.5,정체,126.8356742349839834_37.5611023223528946|126.8348961067385972_37.5611770861689465
2026-09-04T09:00:31.559343+09:00,발산역,발산역,POI027,KEY_3,1150419400,마곡중앙2로,1150144404,마곡동801-2,126.8352046735335108_37.5581637508680544,1150144503,마곡동 808-2,126.8353045369876781_37.5588231594929596,74.0,18.0,서행,126.8353045369876781_37.5588231594929596|126.8352046735335108_37.5581637508680544
2026-09-04T09:00:31.559343+09:00,발산역,발산역,POI027,KEY_3,1150419800,마곡중앙2로,1150144502,마곡동 808-2,126.8354392475825705_37.5588093803015113,1150144401,마곡동801-2,126.8353395103048484_37.5581508093880885,74.0,11.0,정체,126.8353395103048484_37.5581508093880885|126.8354392475825705_37.5588093803015113
2026-09-04T09:00:31.559343+09:00,발산역,발산역,POI027,KEY_3,1150419900,마곡중앙6로,1150144604,마곡동 797-17,126.8354405248635146_37.5595695294607594,1150144803,마곡동795-8,126.8355105459097700_37.5600668693746229,56.0,13.0,정체,126.8355105459097700_37.5600668693746229|126.8354405248635146_37.5595695294607594
2026-09-04T09:00:31.559343+09:00,발산역,발산역,POI027,KEY_3,1150420000,마곡중앙6로,1150144804,마곡동795-8,126.8355266360785407_37.5601742289107179,1150144903,마곡동 789-10,126.8356571963544752_37.5609950561465453,92.0,27.0,원활,126.8356571963544752_37.5609950561465453|126.8355266360785407_37.5601742289107179
2026-09-04T09:00:31.559343+09:00,발산역,발산역,POI027,KEY_3,1150420100,마곡중앙6로,1150144802,마곡동795-8,126.8356454133569713_37.5600540899636997,1150144601,마곡동 797-17,126.8355752580511364_37.5595558020758560,56.0,12.5,정체,126.8355752580511364_37.5595558020758560|126.8356454133569713_37.5600540899636997
2026-09-04T09:00:31.559343+09:00,발산역,발산역,POI027,KEY_3,1150420200,마곡중앙6로,1150144902,마곡동 789-10,126.8357920851740062_37.5609823952840856,1150144801,마곡동795-8,126.8356615034770840_37.5601614444259368,92.0,10.0,정체,126.8356615034770840_37.5601614444259368|126.8357920851740062_37.5609823952840856
2026-09-04T09:00:31.559343+09:00,발산역,발산역,POI027,KEY_3,1150420300,마곡중앙8로1길,1150144904,마곡동 789-10,126.8356742349839834_37.5611023223528946,1150145003,마곡동 788-5,126.8360599704796385_37.5635339917327684,272.0,18.0,서행,126.8360599704796385_37.5635339917327684|126.8356742349839834_37.5611023223528946
2026-09-04T09:00:31.559343+09:00,발산역,발산역,POI027,KEY_3,1150420400,마곡중앙8로1길,1150145002,마곡동 788-5,126.8361949639833171_37.5635219719725413,1150144901,마곡동 789-10,126.8358091243757855_37.5610896665506644,272.0,13.0,정체,126.8358091243757855_37.5610896665506644|126.8361949639833171_37.5635219719725413
2026-09-04T09:00:31.559343+09:00,발산역,발산역,POI027,KEY_3,1150420500,마곡중앙8로,1150145203,마곡동 789-10,126.8364770013601657_37.5609196539713821,1150144902,마곡동 789-10,126.8357920851740062_37.5609823952840856,61.0,7.0,정체,126.8357920851740062_37.5609823952840856|126.8364770013601657_37.5609196539713821
2026-09-04T09:00:31.559343+09:00,발산역,발산역,POI027,KEY_3,1150420600,마곡중앙8로,1150144901,마곡동 789-10,126.8358091243757855_37.5610896665506644,1150145204,마곡동 789-10,126.8364925281873639_37.5610270643811788,61.0,23.0,서행,126.8364925281873639_37.5610270643811788|126.8358091243757855_37.5610896665506644
2026-09-04T09:00:31.559343+09:00,발산역,발산역,POI027,KEY_3,1150421500,마곡동로4길,1150144601,마곡동 797-17,126.8355752580511364_37.5595558020758560,1150145903,마곡동 796-8,126.8377695096314568_37.5597528706232140,226.0,27.0,원활,126.8377695096314568_37.5597528706232140|126.8376750367937404_37.5594532066334068|126.8376436383031205_37.5593938770169231|126.8376179384656552_37.5593788608118189|126.8375879805322910_37.5593639856061756|126.8375501436959922_37.5593660292694267|126.8374935312904483_37.5593681993480644|126.8355752580511364_37.5595558020758560
2026-09-04T09:00:31.559343+09:00,발산역,발산역,POI027,KEY_3,1150421600,마곡중앙8로3길,1150145204,마곡동 789-10,126.8364925281873639_37.5610270643811788,1150145403,마곡동790-3,126.8368895854583229_37.5634558056279033,272.0,18.0,서행,126.8368895854583229_37.5634558056279033|126.8364925281873639_37.5610270643811788
2026-09-04T09:00:31.559343+09:00,발산역,발산역,POI027,KEY_3,1150421700,마곡동로4길,1150145902,마곡동 794-3,126.8379038144172029_37.5597347169141997,1150144602,마곡동 797-1,126.8355587376322546_37.5594485003173730,244.0,6.0,정체,126.8355587376322546_37.5594485003173730|126.8374890599963720_37.5592601385319043|126.8375672753137735_37.5592587730342302|126.8376641123460900_37.5592744493026203|126.8377146483493192_37.5593029497080764|126.8377692522320643_37.5593527678433503|126.8378067666416626_37.5594268875707442|126.8379038144172029_37.5597347169141997
2026-09-04T09:00:31.559343+09:00,발산역,발산역,POI027,KEY_3,1150421800,마곡중앙6로,1150145903,마곡동 796-8,126.8377695096314568_37.5597528706232140,1150144802,마곡동795-8,126.8356454133569713_37.5600540899636997,191.0,22.0,서행,126.8356454133569713_37.5600540899636997|126.8366877546921927_37.5599514564631178|126.8369205654560403_37.5599216147159325|126.8371554394351790_37.5598735121656588|126.8374637488971359_37.5598018888513394|126.8376078818179167_37.5597765466474698|126.8377695096314568_37.5597528706232140
2026-09-04T09:00:31.559343+09:00,발산역,발산역,POI027,KEY_3,1150421900,마곡중앙6로,1150144801,마곡동795-8,126.8356615034770840_37.5601614444259368,1150145904,마곡동 796-8,126.8378038370677103_37.5598577766027901,193.0,15.0,서행,126.8378038370677103_37.5598577766027901|126.8376324600815650_37.5598828808636256|126.8374930776610938_37.5599074565809232|126.8371935476745591_37.5599772882827452|126.8369544237169464_37.5600263202725841|126.8367095047433821_37.5600581806902412|126.8356615034770840_37.5601614444259368
2026-09-04T09:00:31.559343+09:00,발산역,발산역,POI027,KEY_3,1150422001,공항대로,1150029004,발산역교차로,126.8374105472545637_37.5586057815653120,1150144502,마곡동 808-2,126.8354392475825705_37.5588093803015113,176.0,15.5,서행,126.8354392475825705_37.5588093803015113|126.8374105472545637_37.5586057815653120
2026-09-04T09:00:31.559343+09:00,발산역,발산역,POI027,KEY_3,1150422002,공항대로,1150029008,발산역앞교차로,126.8381511771219436_37.5585292798091572,1150029003,발산역교차로,126.8375462326909968_37.5585917665558426,54.0,15.5,서행,126.8375462326909968_37.5585917665558426|126.8381511771219436_37.5585292798091572
2026-09-04T09:00:31.559343+09:00,발산역,발산역,POI027,KEY_3,1150422101,공항대로,1150029002,발산역교차로,126.8375637077918725_37.5586989875216517,1150029009,발산역앞교차로,126.8381851184764457_37.5586347998771046,55.0,27.0,원활,126.8381851184764457_37.5586347998771046|126.8375637077918725_37.5586989875216517
2026-09-04T09:00:31.559343+09:00,발산역,발산역,POI027,KEY_3,1150422102,공항대로,1150143801,마곡동 775-3,126.8333398581103921_37.5591311289854701,1150029005,발산역교차로,126.8374280222594592_37.5587130025401308,364.0,14.5,정체,126.8374280222594592_37.5587130025401308|126.8354567198058760_37.5589166015442970|126.8353216785587989_37.5589304145240703|126.8333398581103921_37.5591311289854701
2026-09-04T09:00:31.559343+09:00,발산역,발산역,POI027,KEY_3,1150422300,마곡중앙8로3길,1150145402,마곡동790-3,126.8370244519072685_37.5634429501900655,1150145201,마곡동 789-10,126.8366275461055892_37.5610151619675108,272.0,15.0,서행,126.8366275461055892_37.5610151619675108|126.8370244519072685_37.5634429501900655
2026-09-04T09:00:31.559343+09:00,발산역,발산역,POI027,KEY_3,1150422500,마곡중앙8로,1150145503,마곡동 789-10,126.8371436423929310_37.5608626455951153,1150145202,마곡동 789-10,126.8366131535689050_37.5609076513561604,47.0,7.0,정체,126.8366131535689050_37.5609076513561604|126.8371436423929310_37.5608626455951153
2026-09-04T09:00:31.559343+09:00,발산역,발산역,POI027,KEY_3,1150422600,마곡중앙8로,1150145201,마곡동 789-10,126.8366275461055892_37.5610151619675108,1150145504,마곡동 789-10,126.8371580356739798_37.5609701560716545,47.0,28.0,원활,126.8371580356739798_37.5609701560716545|126.8366275461055892_37.5610151619675108
2026-09-04T09:00:31.559343+09:00,발산역,발산역,POI027,KEY_3,1150423400,마곡중앙8로5길,1150145504,마곡동 789-10,126.8371580356739798_37.5609701560716545,1150145803,마곡동792,126.8375276600782087_37.5633949518694692,271.0,23.0,서행,126.8375276600782087_37.5633949518694692|126.8371580356739798_37.5609701560716545
2026-09-04T09:00:31.559343+09:00,발산역,발산역,POI027,KEY_3,1150423600,마곡중앙8로5길,1150145802,마곡동792,126.8376625044230934_37.5633820021888667,1150145501,마곡동 789-10,126.8372931867405811_37.5609592470734981,271.0,15.0,서행,126.8372931867405811_37.5609592470734981|126.8376625044230934_37.5633820021888667
2026-09-04T09:00:31.559343+09:00,발산역,발산역,POI027,KEY_3,1150424000,마곡중앙8로,1150146103,마곡동 789-10,126.8381208566963210_37.5607870940493456,1150145502,마곡동 789-10,126.8372801516027266_37.5608516269170352,75.0,7.0,정체,126.8372801516027266_37.5608516269170352|126.8381208566963210_37.5607870940493456
2026-09-04T09:00:31.559343+09:00,발산역,발산역,POI027,KEY_3,1150424200,마곡중앙8로,1150145501,마곡동 789-10,126.8372931867405811_37.5609592470734981,1150146104,마곡동 789-10,126.8381561407636298_37.5608930067502698,77.0,11.0,정체,126.8381561407636298_37.5608930067502698|126.8372931867405811_37.5609592470734981
2026-09-04T09:00:31.559343+09:00,발산역,발산역,POI027,KEY_3,1150424800,마곡중앙6로,1150145904,마곡동 796-8,126.8378038370677103_37.5598577766027901,1150146103,마곡동 789-10,126.8381208566963210_37.5607870940493456,107.0,18.0,서행,126.8381208566963210_37.5607870940493456|126.8378038370677103_37.5598577766027901
2026-09-04T09:00:31.559343+09:00,발산역,발산역,POI027,KEY_3,1150425100,마곡중앙6로,1150146102,마곡동 789-10,126.8382584988430608_37.5607780252386831,1150145901,마곡동 794-3,126.8379384640187197_37.5598398709925121,108.0,14.0,정체,126.8379384640187197_37.5598398709925121|126.8382584988430608_37.5607780252386831
2026-09-04T09:00:31.559343+09:00,발산역,발산역,POI027,KEY_3,1150425300,강서로,1150030703,등촌동 709,126.8385237764946822_37.5596590721435390,1150145902,마곡동 794-3,126.8379038144172029_37.5597347169141997,55.0,7.5,정체,126.8379038144172029_37.5597347169141997|126.8385237764946822_37.5596590721435390
2026-09-04T09:00:31.559343+09:00,발산역,발산역,POI027,KEY_3,1150425400,강서로,1150145901,마곡동 794-3,126.8379384640187197_37.5598398709925121,1150030704,등촌동 709,126.8385583871243085_37.5597642315047793,55.0,18.0,서행,126.8385583871243085_37.5597642315047793|126.8379384640187197_37.5598398709925121
2026-09-04T09:00:31.559343+09:00,발산역,발산역,POI027,KEY_3,1150425500,마곡중앙10로,1150146503,마곡동 788-5,126.8389187233626103_37.5632605403728235,1150145802,마곡동792,126.8376625044230934_37.5633820021888667,112.0,8.0,정체,126.8376625044230934_37.5633820021888667|126.8389187233626103_37.5632605403728235
2026-09-04T09:00:31.559343+09:00,발산역,발산역,POI027,KEY_3,1150425700,마곡중앙10로,1150145801,마곡동792,126.8376790860897074_37.5634893130113241,1150146504,마곡동 788-5,126.8389525008029182_37.5633661888971702,113.0,14.0,정체,126.8389525008029182_37.5633661888971702|126.8376790860897074_37.5634893130113241
2026-09-04T09:00:31.559343+09:00,발산역,발산역,POI027,KEY_3,1150426000,마곡중앙8로7길,1150146104,마곡동 789-10,126.8381561407636298_37.5608930067502698,1150146503,마곡동 788-5,126.8389187233626103_37.5632605403728235,271.0,18.0,서행,126.8389187233626103_37.5632605403728235|126.8381561407636298_37.5608930067502698
2026-09-04T09:00:31.559343+09:00,발산역,발산역,POI027,KEY_3,1150426300,마곡중앙8로,1150031803,등촌동 709,126.8388799352455294_37.5607467891492064,1150146102,마곡동 789-10,126.8382584988430608_37.5607780252386831,55.0,7.0,정체,126.8382584988430608_37.5607780252386831|126.8388799352455294_37.5607467891492064
2026-09-04T09:00:31.559343+09:00,발산역,발산역,POI027,KEY_3,1150426400,마곡중앙8로,1150146101,마곡동 789-10,126.8382935502586690_37.5608843100478111,1150031804,등촌동 709,126.8389140890373454_37.5608509288689092,55.0,15.5,서행,126.8389140890373454_37.5608509288689092|126.8382935502586690_37.5608843100478111
2026-09-04T09:00:31.559343+09:00,발산역,발산역,POI027,KEY_3,1150426600,마곡중앙8로7길,1150146502,마곡동 788-5,126.8390550086403010_37.5632483376584787,1150146101,마곡동 789-10,126.8382935502586690_37.5608843100478111,271.0,16.0,서행,126.8382935502586690_37.5608843100478111|126.8390550086403010_37.5632483376584787
2026-09-04T09:00:31.559343+09:00,발산역,발산역,POI027,KEY_3,1150427500,마곡동로10길,1150146504,마곡동 788-5,126.8389525008029182_37.5633661888971702,1150146803,마곡동 781-15,126.8394613145432999_37.5649731732607250,184.0,25.0,원활,126.8394613145432999_37.5649731732607250|126.8389525008029182_37.5633661888971702
2026-09-04T09:00:31.559343+09:00,발산역,발산역,POI027,KEY_3,1150427600,마곡동로10길,1150146802,마곡동 776-9,126.8395972420332782_37.5649600796846030,1150146501,마곡동 788-5,126.8390887719296103_37.5633541913248763,184.0,27.0,원활,126.8390887719296103_37.5633541913248763|126.8395972420332782_37.5649600796846030
2026-09-04T09:00:31.559343+09:00,발산역,발산역,POI027,KEY_3,1150427700,마곡중앙10로,1150005703,등촌1-10단지앞교차로,126.8396861857425364_37.5631977716060206,1150146502,마곡동 788-5,126.8390550086403010_37.5632483376584787,56.0,10.0,정체,126.8390550086403010_37.5632483376584787|126.8396861857425364_37.5631977716060206
2026-09-04T09:00:31.559343+09:00,발산역,발산역,POI027,KEY_3,1150427800,마곡중앙10로,1150146501,마곡동 788-5,126.8390887719296103_37.5633541913248763,1150005704,등촌1-10단지앞교차로,126.8397203720518291_37.5633027237737167,56.0,14.0,정체,126.8397203720518291_37.5633027237737167|126.8390887719296103_37.5633541913248763
2026-09-04T09:00:31.559343+09:00,발산역,발산역,POI027,KEY_3,1150428700,강서로,1150005704,등촌1-10단지앞교차로,126.8397203720518291_37.5633027237737167,1150147003,KT가양빌딩,126.8402339447114286_37.5649013322239611,183.0,31.0,원활,126.8402339447114286_37.5649013322239611|126.8397203720518291_37.5633027237737167
2026-09-04T09:00:31.559343+09:00,발산역,발산역,POI027,KEY_3,1150428800,강서로,1150147002,KT가양빌딩,126.8403655344729373_37.5648745441111132,1150005701,등촌1-10단지앞교차로,126.8398546136223644_37.5632842045207411,182.0,29.0,원활,126.8398546136223644_37.5632842045207411|126.8403655344729373_37.5648745441111132
2026-09-04T09:00:31.559343+09:00,발산역,발산역,POI027,KEY_3,1150431100,마곡동로2길,1150143506,서울가곡초등학교,126.8350271362563717_37.5560819152047785,1150148802,서울가곡초등학교,126.8365609872267328_37.5559474561603963,136.0,20.0,서행,126.8365609872267328_37.5559474561603963|126.8350271362563717_37.5560819152047785
2026-09-04T09:00:31.559343+09:00,발산역,발산역,POI027,KEY_3,1150431200,마곡동로2길,1150148801,서울가곡초등학교,126.8366641738323324_37.5558296369560694,1150143507,서울가곡초등학교,126.8349442511752727_37.5560130568887658,153.0,19.0,서행,126.8349442511752727_37.5560130568887658|126.8366641738323324_37.5558296369560694
2026-09-04T09:00:31.559343+09:00,발산역,발산역,POI027,KEY_3,1150435500,공항대로36길,1150172600,내발산동 654-7,126.8369433124920391_37.5567243744775467,1150148801,서울가곡초등학교,126.8366641738323324_37.5558296369560694,102.0,23.0,서행,126.8366641738323324_37.5558296369560694|126.8369408817935806_37.5567168612510400|126.8369433124920391_37.5567243744775467
2026-09-04T09:00:31.559343+09:00,발산역,발산역,POI027,KEY_3,1150435600,공항대로36길,1150157200,마곡동 808-4,126.8372217203108505_37.5580183968786727,1150029004,발산역교차로,126.8374105472545637_37.5586057815653120,67.0,16.0,서행,126.8374105472545637_37.5586057815653120|126.8372217263437278_37.5580184155255381|126.8372217203108505_37.5580183968786727
2026-09-04T09:00:31.559343+09:00,사당역,사당역,POI029,KEY_4,1200001505,남부순환로,1200132500,남현동 1129-1,126.9783525562753113_37.4766273240377927,1200013402,신한은행사당지점,126.9776771148018355_37.4766039630478005,60.0,26.0,원활,126.9776771148018355_37.4766039630478005|126.9783525562753113_37.4766273240377927
2026-09-04T09:00:31.559343+09:00,사당역,사당역,POI029,KEY_4,1200001506,남부순환로,1200013303,사당역사거리,126.9815670557517393_37.4764560893672538,1200013502,사당고가차도(서측),126.9787009972853724_37.4766393737914996,255.0,13.0,정체,126.9787009972853724_37.4766393737914996|126.9789650020834841_37.4765785388182664|126.9801113064884248_37.4765498880248984|126.9815670557517393_37.4764560893672538
2026-09-04T09:00:31.559343+09:00,사당역,사당역,POI029,KEY_4,1200001605,남부순환로,1190054000,사당동 1129,126.9783466956105258_37.4767352419899780,1200013501,사당고가차도(서측),126.9787001825253299_37.4767474172804356,31.0,22.0,서행,126.9787001825253299_37.4767474172804356|126.9783466956105258_37.4767352419899780
2026-09-04T09:00:31.559343+09:00,사당역,사당역,POI029,KEY_4,1200001606,남부순환로,1200013501,사당고가차도(서측),126.9787001825253299_37.4767474172804356,1200013304,사당역사거리,126.9815732086563997_37.4766726412872657,255.0,23.0,서행,126.9815732086563997_37.4766726412872657|126.9801265014511102_37.4767658562949109|126.9789735053924602_37.4767946745016403|126.9787001825253299_37.4767474172804356
2026-09-04T09:00:31.559343+09:00,사당역,사당역,POI029,KEY_4,1200029400,남현1길,1200124700,남현동 1127,126.9783505255877287_37.4758331487339404,1200012702,남현동 1124,126.9774083343266255_37.4758329723464598,83.0,11.0,정체,126.9774083343266255_37.4758329723464598|126.9783505255877287_37.4758331487339404
2026-09-04T09:00:31.559343+09:00,사당역,사당역,POI029,KEY_4,1200029500,남현1길,1200124800,남현동 1126,126.9783504943989669_37.4759412699036858,1200012604,사당역,126.9815729873653396_37.4759244431946215,285.0,13.0,정체,126.9815729873653396_37.4759244431946215|126.9812548651862727_37.4759025444998670|126.9812539432546714_37.4759025800500751|126.9810035708241287_37.4759122342870654|126.9801469632111974_37.4759452606210459|126.9798496083057984_37.4759272567643791|126.9795261688568644_37.4759303639910115|126.9783894695607387_37.4759412770384230|126.9783504943989669_37.4759412699036858
2026-09-04T09:00:31.559343+09:00,사당역,사당역,POI029,KEY_4,1210008004,과천대로,1200012604,사당역,126.9815729873653396_37.4759244431946215,1200013303,사당역사거리,126.9815670557517393_37.4764560893672538,59.0,17.5,서행,126.9815670557517393_37.4764560893672538|126.9815729873653396_37.4759244431946215
2026-09-04T09:00:31.559343+09:00,사당역,사당역,POI029,KEY_4,1210008011,과천대로,1200062900,최소노드배치점,126.9822525246905229_37.4734022440347303,1200012603,사당역,126.9815823220961875_37.4758165626830646,275.0,17.0,서행,126.9815823220961875_37.4758165626830646|126.9817001113355701_37.4750801148305257|126.9817905847563964_37.4746695755126211|126.9820074384190463_37.4739500549048046|126.9822334447884487_37.4734412030830981|126.9822525246905229_37.4734022440347303
2026-09-04T09:00:31.559343+09:00,사당역,사당역,POI029,KEY_4,1210008103,과천대로,1200013302,사당역사거리,126.9817028736171522_37.4764428156749503,1200012601,사당역,126.9817086454812056_37.4759254044758237,57.0,8.0,정체,126.9817086454812056_37.4759254044758237|126.9817028736171522_37.4764428156749503
2026-09-04T09:00:31.559343+09:00,사당역,사당역,POI029,KEY_4,1210010802,남부순환로,1210017903,사당역,126.9828244412134239_37.4763105643704293,1200013302,사당역사거리,126.9817028736171522_37.4764428156749503,100.0,17.0,서행,126.9817028736171522_37.4764428156749503|126.9828244412134239_37.4763105643704293
2026-09-04T09:00:31.559343+09:00,사당역,사당역,POI029,KEY_4,1210010803,남부순환로,1210003303,서울메트로교차로,126.9859091321453235_37.4757933674249983,1210017903,사당역,126.9828244412134239_37.4763105643704293,280.0,26.0,원활,126.9828244412134239_37.4763105643704293|126.9838822367532885_37.4761741693844570|126.9845101702115926_37.4760682802059222|126.9852145546307440_37.4759088277420105|126.9856963687830245_37.4757894650169021|126.9859091321453235_37.4757933674249983
2026-09-04T09:00:31.559343+09:00,사당역,사당역,POI029,KEY_4,1210010902,남부순환로,1200013301,사당역사거리,126.9817082784629605_37.4766607747569367,1210017904,사당역,126.9827527470157378_37.4765376153703258,93.0,4.0,정체,126.9827527470157378_37.4765376153703258|126.9817082784629605_37.4766607747569367
2026-09-04T09:00:31.559343+09:00,사당역,사당역,POI029,KEY_4,1210010903,남부순환로,1210017902,사당역,126.9830561823782915_37.4764997376228024,1210003304,서울메트로교차로,126.9859494025058098_37.4758966152538164,266.0,7.0,정체,126.9859494025058098_37.4758966152538164|126.9857769093572557_37.4759959608525506|126.9852919046509356_37.4761161137957686|126.9845753962514294_37.4762783105096844|126.9839320162596152_37.4763868045525186|126.9830561823782915_37.4764997376228024
2026-09-04T09:00:31.559343+09:00,사당역,사당역,POI029,KEY_4,1210013202,동작대로,1190033600,사당동 345-15,126.9817861676152404_37.4805935022985111,1210020003,삼산빌딩,126.9818242931630436_37.4813376709689763,83.0,10.0,정체,126.9818242931630436_37.4813376709689763|126.9817861676152404_37.4805935022985111
2026-09-04T09:00:31.559343+09:00,사당역,사당역,POI029,KEY_4,1210013301,동작대로,1210018502,사당역,126.9817437830158013_37.4771994664082868,1200013301,사당역사거리,126.9817082784629605_37.4766607747569367,60.0,16.0,서행,126.9817082784629605_37.4766607747569367|126.9817437830158013_37.4771994664082868
2026-09-04T09:00:31.559343+09:00,사당역,사당역,POI029,KEY_4,1210013302,동작대로,1210468700,방배동 443-12,126.9818049976731800_37.4783394618983792,1210018501,사당역,126.9817502949196921_37.4773079097285162,115.0,15.0,서행,126.9817502949196921_37.4773079097285162|126.9818049976731800_37.4783394618983792
2026-09-04T09:00:31.559343+09:00,사당역,사당역,POI029,KEY_4,1210040300,남부순환로,1210018102,사조비앤엠,126.9832282659307907_37.4770362167618387,1210017902,사당역,126.9830561823782915_37.4764997376228024,62.0,20.0,서행,126.9830561823782915_37.4764997376228024|126.9830940755248747_37.4765277731399067|126.9832282659307907_37.4770362167618387
2026-09-04T09:00:31.559343+09:00,사당역,사당역,POI029,KEY_4,1210040700,방배천로2길,1210018403,방배동 503-2,126.9865499553038575_37.4771840753630201,1210018102,사조비앤엠,126.9832282659307907_37.4770362167618387,312.0,7.0,정체,126.9832282659307907_37.4770362167618387|126.9838387279922500_37.4769433744873552|126.9842264784725216_37.4768844016010547|126.9844843494000770_37.4768366985496968|126.9850479258344080_37.4767324414477372|126.9851328673271667_37.4767167276972017|126.9853016753093016_37.4766847179225664|126.9854463664147772_37.4766991501857447|126.9855880761818980_37.4767611614829477|126.9864528235630843_37.4771395635469844|126.9865499553038575_37.4771840753630201
2026-09-04T09:00:31.559343+09:00,사당역,사당역,POI029,KEY_4,1210040800,방배천로2길,1210481800,방배동 500-2,126.9855227810337936_37.4768559361672118,1210018404,방배동 503-2,126.9867909913023567_37.4774192533986010,128.0,7.0,정체,126.9867909913023567_37.4774192533986010|126.9863863560306783_37.4772338258397397|126.9855227810337936_37.4768559361672118
2026-09-04T09:00:31.559343+09:00,사당역,사당역,POI029,KEY_4,1210041000,방배천로2길,1210018103,사조비앤엠,126.9830940597976507_37.4770529961187151,1210018302,만남의광장,126.9828120263917697_37.4770814474041529,25.0,13.0,정체,126.9828120263917697_37.4770814474041529|126.9830940597976507_37.4770529961187151
2026-09-04T09:00:31.559343+09:00,사당역,사당역,POI029,KEY_4,1210041100,방배천로2길,1210018301,만남의광장,126.9827974715784791_37.4771918993242608,1210018104,사조비앤엠,126.9831110962849863_37.4771602618443040,28.0,9.0,정체,126.9831110962849863_37.4771602618443040|126.9827974715784791_37.4771918993242608
2026-09-04T09:00:31.559343+09:00,사당역,사당역,POI029,KEY_4,1210041200,방배천로,1210018303,만남의광장,126.9826774245232031_37.4770956879658286,1210018502,사당역,126.9817437830158013_37.4771994664082868,83.0,15.5,서행,126.9817437830158013_37.4771994664082868|126.9826774245232031_37.4770956879658286
2026-09-04T09:00:31.559343+09:00,사당역,사당역,POI029,KEY_4,1210041300,방배천로,1210018501,사당역,126.9817502949196921_37.4773079097285162,1210018304,만남의광장,126.9826398554988032_37.4772090314510322,79.0,8.0,정체,126.9826398554988032_37.4772090314510322|126.9817502949196921_37.4773079097285162
2026-09-04T09:00:31.559343+09:00,사당역,사당역,POI029,KEY_4,1210041500,방배천로,1210470700,방배동 493-3,126.9825683523388307_37.4783076787632652,1210018301,만남의광장,126.9827974715784791_37.4771918993242608,126.0,18.0,서행,126.9827974715784791_37.4771918993242608|126.9826927892492421_37.4773818532591676|126.9826336040056276_37.4779466108636683|126.9825683523388307_37.4783076787632652
2026-09-04T09:00:31.559343+09:00,사당역,사당역,POI029,KEY_4,1210041600,방배천로,1210470600,방배동 493-3,126.9824340696896314_37.4782922656353747,1210020108,한국영농신문,126.9823867484598452_37.4813297051922873,338.0,18.0,서행,126.9823867484598452_37.4813297051922873|126.9822960071732609_37.4793999970057357|126.9823413875449205_37.4788051096968715|126.9824340696896314_37.4782922656353747
2026-09-04T09:00:31.559343+09:00,사당역,사당역,POI029,KEY_4,1210178200,남부순환로,1210473400,최소노드배치점,126.9823646816492584_37.4765287259015523,1210003304,서울메트로교차로,126.9859494025058098_37.4758966152538164,325.0,50.0,원활,126.9859494025058098_37.4758966152538164|126.9852725668233688_37.4760642916119622|126.9845590899898724_37.4762258029378472|126.9839195713567648_37.4763336450874291|126.9828555926954294_37.4764708382123786|126.9823646816492584_37.4765287259015523
2026-09-04T09:00:31.559343+09:00,사당역,사당역,POI029,KEY_4,1210178300,남부순환로,1210473300,최소노드배치점,126.9823448255159946_37.4764217699743014,1200013502,사당고가차도(서측),126.9787009972853724_37.4766393737914996,323.0,19.0,서행,126.9787009972853724_37.4766393737914996|126.9801151055036144_37.4766038798681222|126.9816260227920424_37.4765065271099331|126.9823448255159946_37.4764217699743014
2026-09-04T09:00:31.559343+09:00,삼각지역,삼각지역,POI030,KEY_1,1020012502,백범로,1020025603,삼각지역교차로,126.9739472931050841_37.5356089153529453,1020025800,삼각지역8번출구,126.9732142110164972_37.5358680244183063,71.0,8.0,정체,126.9732142110164972_37.5358680244183063|126.9737037621432734_37.5357113531253859|126.9739472931050841_37.5356089153529453
2026-09-04T09:00:31.559343+09:00,삼각지역,삼각지역,POI030,KEY_1,1020009302,한강대로,1020025100,삼각지역7번출구,126.9734329393310475_37.5350708801419586,1020025603,삼각지역교차로,126.9739472931050841_37.5356089153529453,75.0,40.0,원활,126.9739472931050841_37.5356089153529453|126.9738394312628174_37.5354850527930566|126.9734329393310475_37.5350708801419586
2026-09-04T09:00:31.559343+09:00,삼각지역,삼각지역,POI030,KEY_1,1020009402,한강대로,1020025602,삼각지역교차로,126.9740601326000160_37.5355487598275559,1020024700,삼각지역7번출구,126.9735399131187421_37.5350043003819138,76.0,8.0,정체,126.9735399131187421_37.5350043003819138|126.9739487928858210_37.5354209040961138|126.9740601326000160_37.5355487598275559
2026-09-04T09:00:31.559343+09:00,삼각지역,삼각지역,POI030,KEY_1,1020011301,이태원로,1020024900,삼각지역13번출구,126.9749769084332343_37.5349767961125238,1020025602,삼각지역교차로,126.9740601326000160_37.5355487598275559,103.0,26.0,원활,126.9740601326000160_37.5355487598275559|126.9743097291953688_37.5353822428393471|126.9749769084332343_37.5349767961125238
2026-09-04T09:00:31.559343+09:00,삼각지역,삼각지역,POI030,KEY_1,1020011302,이태원로,1020172000,용산동1가 8-4,126.9758108129347249_37.5345865931169627,1020024900,삼각지역13번출구,126.9749769084332343_37.5349767961125238,86.0,23.0,서행,126.9749769084332343_37.5349767961125238|126.9752246722463696_37.5348262262511767|126.9755579245992294_37.5346530089152211|126.9756727269330270_37.5346093142588373|126.9758108129347249_37.5345865931169627
2026-09-04T09:00:31.559343+09:00,삼각지역,삼각지역,POI030,KEY_1,1020011401,이태원로,1020025601,삼각지역교차로,126.9741286309340893_37.5356441095230551,1020025200,삼각지역(서울6호선),126.9750592746409410_37.5350627473837051,105.0,9.0,정체,126.9750592746409410_37.5350627473837051|126.9743945507994880_37.5354667021441912|126.9741286309340893_37.5356441095230551
2026-09-04T09:00:31.559343+09:00,삼각지역,삼각지역,POI030,KEY_1,1020012501,백범로,1020037902,삼각지고가차도(동측),126.9728791096191856_37.5359752795594801,1020027102,삼각지고가차도(서측),126.9677288676026876_37.5375445517424211,487.0,10.0,정체,126.9677288676026876_37.5375445517424211|126.9695926562404367_37.5369758898650616|126.9701318143721522_37.5368090819879754|126.9706406142201445_37.5366572882838270|126.9714452222487893_37.5364042044241515|126.9728791096191856_37.5359752795594801
2026-09-04T09:00:31.559343+09:00,삼각지역,삼각지역,POI030,KEY_1,1020012601,백범로,1020027101,삼각지고가차도(서측),126.9677775911532080_37.5376454699409763,1020037901,삼각지고가차도(동측),126.9729282965810881_37.5360760482562767,487.0,15.0,서행,126.9729282965810881_37.5360760482562767|126.9714940374053072_37.5365050994439287|126.9706893741407754_37.5367582007369904|126.9701802172559724_37.5369100999754153|126.9696415303806987_37.5370767622295958|126.9677775911532080_37.5376454699409763
2026-09-04T09:00:31.559343+09:00,삼각지역,삼각지역,POI030,KEY_1,1020012602,백범로,1020025900,삼각지역9번출구,126.9732648398461947_37.5359683460905913,1020025604,삼각지역교차로,126.9740127329014001_37.5357036653550509,72.0,21.0,서행,126.9740127329014001_37.5357036653550509|126.9737609376188203_37.5358095794168420|126.9732648398461947_37.5359683460905913
2026-09-04T09:00:31.559343+09:00,삼각지역,삼각지역,POI030,KEY_1,1020014101,한강대로,1020025604,삼각지역교차로,126.9740127329014001_37.5357036653550509,1020026300,삼각지역10번출구,126.9741534931197577_37.5365074530867560,92.0,7.0,정체,126.9741534931197577_37.5365074530867560|126.9741631206036629_37.5364549845269977|126.9741847918449622_37.5362725862118936|126.9741503498416080_37.5360423405955430|126.9740854223847748_37.5358421943092253|126.9740127329014001_37.5357036653550509
2026-09-04T09:00:31.559343+09:00,삼각지역,삼각지역,POI030,KEY_1,1020014201,한강대로,1020026100,삼각지역10번출구,126.9742878403268662_37.5365230850403009,1020025601,삼각지역교차로,126.9741286309340893_37.5356441095230551,100.0,14.0,정체,126.9741286309340893_37.5356441095230551|126.9742144475380172_37.5358076529602371|126.9742840895532794_37.5360223351451125|126.9743213281359431_37.5362712689839313|126.9742979653557313_37.5364679009623998|126.9742878403268662_37.5365230850403009
2026-09-04T09:00:31.559343+09:00,삼각지역,삼각지역,POI030,KEY_1,1020014202,한강대로,1020131600,한강로1가 11-13,126.9741900195763549_37.5369252595219507,1020026100,삼각지역10번출구,126.9742878403268662_37.5365230850403009,45.0,16.0,서행,126.9742878403268662_37.5365230850403009|126.9742659023367821_37.5366426475340518|126.9741900195763549_37.5369252595219507
2026-09-04T09:00:31.559343+09:00,삼각지역,삼각지역,POI030,KEY_1,1020041600,이태원로,1020024900,삼각지역13번출구,126.9749769084332343_37.5349767961125238,1020024700,삼각지역7번출구,126.9735399131187421_37.5350043003819138,133.0,19.0,서행,126.9735399131187421_37.5350043003819138|126.9737871420369544_37.5350683590055922|126.9740745093847494_37.5351141932787655|126.9743259590357241_37.5351428549854020|126.9744936004149025_37.5351390773759803|126.9746804090904675_37.5351124173200219|126.9749769084332343_37.5349767961125238
2026-09-04T09:00:31.559343+09:00,삼각지역,삼각지역,POI030,KEY_1,1020042000,한강대로,1020025100,삼각지역7번출구,126.9734329393310475_37.5350708801419586,1020025800,삼각지역8번출구,126.9732142110164972_37.5358680244183063,99.0,20.0,서행,126.9732142110164972_37.5358680244183063|126.9733594327573485_37.5358059269681803|126.9734228796811522_37.5357567484317087|126.9734612351895180_37.5356518652658693|126.9734828450604738_37.5354935787201356|126.9734805099240447_37.5353238449836439|126.9734329393310475_37.5350708801419586
2026-09-04T09:00:31.559343+09:00,삼각지역,삼각지역,POI030,KEY_1,1020042700,한강대로,1020026100,삼각지역10번출구,126.9742878403268662_37.5365230850403009,1020025200,삼각지역(서울6호선),126.9750592746409410_37.5350627473837051,177.0,22.0,서행,126.9750592746409410_37.5350627473837051|126.9748767335852051_37.5352726571772237|126.9747904745872802_37.5354004160112282|126.9747233793208210_37.5355186435926313|126.9746634608651732_37.5356559432532677|126.9746035202002048_37.5358580851873924|126.9744788894439296_37.5361422194916159|126.9743662656054255_37.5363310006673174|126.9742878403268662_37.5365230850403009
2026-09-04T09:00:31.559343+09:00,삼각지역,삼각지역,POI030,KEY_1,1020043000,백범로,1020025900,삼각지역9번출구,126.9732648398461947_37.5359683460905913,1020026300,삼각지역10번출구,126.9741534931197577_37.5365074530867560,106.0,15.0,서행,126.9741534931197577_37.5365074530867560|126.9740836590516437_37.5363538243993915|126.9739256446785731_37.5362145697140122|126.9738011461972036_37.5361115577945768|126.9736574773157685_37.5360428695899984|126.9734563275352457_37.5359856101105933|126.9732648398461947_37.5359683460905913
2026-09-04T09:00:31.559343+09:00,삼각지역,삼각지역,POI030,KEY_1,1020043101,백범로,1020025800,삼각지역8번출구,126.9732142110164972_37.5358680244183063,1020037902,삼각지고가차도(동측),126.9728791096191856_37.5359752795594801,32.0,9.0,정체,126.9728791096191856_37.5359752795594801|126.9732142110164972_37.5358680244183063
2026-09-04T09:00:31.559343+09:00,삼각지역,삼각지역,POI030,KEY_1,1020043102,백범로99길,1020037902,삼각지고가차도(동측),126.9728791096191856_37.5359752795594801,1020037802,삼각지고가차도,126.9714218863204991_37.5363534364092146,136.0,20.0,서행,126.9714218863204991_37.5363534364092146|126.9726010356899621_37.5360007149303883|126.9728791096191856_37.5359752795594801
2026-09-04T09:00:31.559343+09:00,삼각지역,삼각지역,POI030,KEY_1,1020043201,백범로,1020037901,삼각지고가차도(동측),126.9729282965810881_37.5360760482562767,1020025900,삼각지역9번출구,126.9732648398461947_37.5359683460905913,32.0,24.0,서행,126.9732648398461947_37.5359683460905913|126.9729282965810881_37.5360760482562767
2026-09-04T09:00:31.559343+09:00,삼각지역,삼각지역,POI030,KEY_1,1020043202,백범로99길,1020037801,삼각지고가차도,126.9715173745611594_37.5365558674436173,1020037901,삼각지고가차도(동측),126.9729282965810881_37.5360760482562767,136.0,32.0,원활,126.9729282965810881_37.5360760482562767|126.9726965267358452_37.5362031442635811|126.9715173745611594_37.5365558674436173
2026-09-04T09:00:31.559343+09:00,삼각지역,삼각지역,POI030,KEY_1,1020057501,한강대로,1020058400,한강로1가 228-1,126.9732120555661368_37.5348400238888473,1020025100,삼각지역7번출구,126.9734329393310475_37.5350708801419586,32.0,35.5,원활,126.9734329393310475_37.5350708801419586|126.9732120555661368_37.5348400238888473
2026-09-04T09:00:31.559343+09:00,서울대입구역,서울대입구역,POI031,KEY_2,1200006801,관악로,1200019002,봉천동 974,126.9543394692249194_37.4833129616067495,1200018501,봉천로사거리,126.9532896763081737_37.4821008446812698,163.0,44.0,원활,126.9532896763081737_37.4821008446812698|126.9543394692249194_37.4833129616067495
2026-09-04T09:00:31.559343+09:00,서울대입구역,서울대입구역,POI031,KEY_2,1200000702,관악로,1200147600,봉천동 1693-29,126.9522246538503936_37.4777352134391819,1200015703,관악구청앞교차로,126.9522377459285281_37.4786693925832921,104.0,31.3,원활,126.9522377459285281_37.4786693925832921|126.9522077157591440_37.4782346145373069|126.9522055955279285_37.4782039175510846|126.9521997038051779_37.4779133486468794|126.9522246538503936_37.4777352134391819
2026-09-04T09:00:31.559343+09:00,서울대입구역,서울대입구역,POI031,KEY_2,1200002501,남부순환로,1200016403,대주빌딩,126.9574913970491110_37.4793760798364062,1200016502,원당초교입구교차로,126.9559402890267705_37.4799879964122979,153.0,21.0,서행,126.9559402890267705_37.4799879964122979|126.9574913970491110_37.4793760798364062
2026-09-04T09:00:31.559343+09:00,서울대입구역,서울대입구역,POI031,KEY_2,1200002601,남부순환로,1200016501,원당초교입구교차로,126.9559206387162646_37.4801163909857848,1200016404,대주빌딩,126.9575515870621558_37.4794729778043134,161.0,27.0,원활,126.9575515870621558_37.4794729778043134|126.9559206387162646_37.4801163909857848
2026-09-04T09:00:31.559343+09:00,서울대입구역,서울대입구역,POI031,KEY_2,1200002904,쑥고개로,1200153800,봉천동 1693-14,126.9487765703259896_37.4791184371890367,1200015904,봉천동 1693-14,126.9505376178615847_37.4789435653166905,157.0,20.5,서행,126.9505376178615847_37.4789435653166905|126.9499023027108819_37.4790066551792052|126.9493012906527269_37.4790663353359861|126.9487765703259896_37.4791184371890367
2026-09-04T09:00:31.559343+09:00,서울대입구역,서울대입구역,POI031,KEY_2,1200002905,쑥고개로,1200133600,봉천동 1693-14,126.9513985522525559_37.4788598121389285,1200015704,관악구청앞교차로,126.9522505906299727_37.4787770665901121,76.0,25.7,원활,126.9522505906299727_37.4787770665901121|126.9513985522525559_37.4788598121389285
2026-09-04T09:00:31.559343+09:00,서울대입구역,서울대입구역,POI031,KEY_2,1200003004,쑥고개로,1200133700,봉천동 1693-14,126.9513821417355217_37.4787524843844011,1200015902,봉천동 1693-14,126.9506555196940241_37.4788230451029918,65.0,5.0,정체,126.9506555196940241_37.4788230451029918|126.9513821417355217_37.4787524843844011
2026-09-04T09:00:31.559343+09:00,서울대입구역,서울대입구역,POI031,KEY_2,1200003301,관악로,1200137200,봉천동 979-2,126.9524878048813292_37.4801951810912044,1200017803,서울대입구역앞교차로,126.9526605547101354_37.4812278801779613,116.0,13.0,정체,126.9526605547101354_37.4812278801779613|126.9525338709949125_37.4804705672934091|126.9524878048813292_37.4801951810912044
2026-09-04T09:00:31.559343+09:00,서울대입구역,서울대입구역,POI031,KEY_2,1200003401,관악로,1200154100,봉천동 979-3,126.9524660705434087_37.4792470168027734,1200015701,관악구청앞교차로,126.9523850704364207_37.4787627796784051,54.0,7.3,정체,126.9523850704364207_37.4787627796784051|126.9524660705434087_37.4792470168027734
2026-09-04T09:00:31.559343+09:00,서울대입구역,서울대입구역,POI031,KEY_2,1200003702,남부순환로,1200016503,원당초교입구교차로,126.9557958253940910_37.4800450576380442,1200017802,서울대입구역앞교차로,126.9527915715378725_37.4811928722608272,295.0,25.5,원활,126.9527915715378725_37.4811928722608272|126.9531845048482381_37.4810807920192062|126.9557958253940910_37.4800450576380442
2026-09-04T09:00:31.559343+09:00,서울대입구역,서울대입구역,POI031,KEY_2,1200003802,남부순환로,1200017801,서울대입구역앞교차로,126.9528230848760160_37.4812987216698303,1200016504,원당초교입구교차로,126.9557714315071593_37.4801755064166073,289.0,12.5,정체,126.9557714315071593_37.4801755064166073|126.9532377759305035_37.4811804349692039|126.9528230848760160_37.4812987216698303
2026-09-04T09:00:31.559343+09:00,서울대입구역,서울대입구역,POI031,KEY_2,1200004300,봉천로,1200125700,봉천동 976-2,126.9539561572800608_37.4817575055817400,1200018502,봉천로사거리,126.9532176156306775_37.4820077732204027,71.0,12.0,정체,126.9532176156306775_37.4820077732204027|126.9539561572800608_37.4817575055817400
2026-09-04T09:00:31.559343+09:00,서울대입구역,서울대입구역,POI031,KEY_2,1200004400,봉천로,1200137100,봉천동 1693-67,126.9558280377526103_37.4805793725063552,1200016501,원당초교입구교차로,126.9559206387162646_37.4801163909857848,52.0,12.0,정체,126.9559206387162646_37.4801163909857848|126.9558280377526103_37.4805793725063552
2026-09-04T09:00:31.559343+09:00,서울대입구역,서울대입구역,POI031,KEY_2,1200004801,남부순환로,1200154700,최소노드배치점,126.9495413094698080_37.4816992764322237,1200017804,서울대입구역앞교차로,126.9526941920900214_37.4813327311166375,282.0,31.0,원활,126.9526941920900214_37.4813327311166375|126.9523071664939522_37.4814260600463669|126.9519781168149848_37.4814732693768704|126.9495413094698080_37.4816992764322237
2026-09-04T09:00:31.559343+09:00,서울대입구역,서울대입구역,POI031,KEY_2,1200004902,관악로,1200017804,서울대입구역앞교차로,126.9526941920900214_37.4813327311166375,1200018503,봉천로사거리,126.9530925534990615_37.4820505395562833,87.0,6.0,정체,126.9530925534990615_37.4820505395562833|126.9528795135001928_37.4817271617772008|126.9526941920900214_37.4813327311166375
2026-09-04T09:00:31.559343+09:00,서울대입구역,서울대입구역,POI031,KEY_2,1200005002,관악로,1200018502,봉천로사거리,126.9532176156306775_37.4820077732204027,1200017801,서울대입구역앞교차로,126.9528230848760160_37.4812987216698303,86.0,10.0,정체,126.9528230848760160_37.4812987216698303|126.9530035917882600_37.4816829031847973|126.9532176156306775_37.4820077732204027
2026-09-04T09:00:31.559343+09:00,서울대입구역,서울대입구역,POI031,KEY_2,1200006701,관악로,1200018504,봉천로사거리,126.9531617530743546_37.4821434849747632,1200019003,봉천동 738-2,126.9542278055383804_37.4833743780636368,166.0,6.0,정체,126.9542278055383804_37.4833743780636368|126.9531617530743546_37.4821434849747632
2026-09-04T09:00:31.559343+09:00,서울대입구역,서울대입구역,POI031,KEY_2,1200006802,관악로,1200121600,봉천동 33-2,126.9546356552230151_37.4836649816748775,1200019001,봉천동 738-154,126.9544168536153990_37.4834038021005114,35.0,38.0,원활,126.9544168536153990_37.4834038021005114|126.9546356552230151_37.4836649816748775
2026-09-04T09:00:31.559343+09:00,서울대입구역,서울대입구역,POI031,KEY_2,1200033600,봉천로,1200122300,봉천동 1693-61,126.9558457686856912_37.4796869046605181,1200016503,원당초교입구교차로,126.9557958253940910_37.4800450576380442,40.0,19.0,서행,126.9557958253940910_37.4800450576380442|126.9558457686856912_37.4796869046605181
2026-09-04T09:00:31.559343+09:00,서울대입구역,서울대입구역,POI031,KEY_2,1200033700,봉천로,1200016502,원당초교입구교차로,126.9559402890267705_37.4799879964122979,1200015804,봉천동 1693-44,126.9571670665262957_37.4788983823675323,181.0,18.0,서행,126.9571670665262957_37.4788983823675323|126.9569560237969057_37.4789790350281962|126.9561798226016833_37.4792756654327093|126.9560769612357092_37.4793698475757964|126.9560066912847276_37.4795118087694945|126.9559806097831967_37.4796988466465635|126.9559402890267705_37.4799879964122979
2026-09-04T09:00:31.559343+09:00,서울대입구역,서울대입구역,POI031,KEY_2,1200052501,봉천로,1200018503,봉천로사거리,126.9530925534990615_37.4820505395562833,1200030402,봉천로사거리,126.9527961557603106_37.4821293390019150,28.0,8.0,정체,126.9527961557603106_37.4821293390019150|126.9529247768185485_37.4820983233696552|126.9530331363959448_37.4820706577702865|126.9530925534990615_37.4820505395562833
2026-09-04T09:00:31.559343+09:00,서울대입구역,서울대입구역,POI031,KEY_2,1200052601,봉천로,1200130200,봉천동 976-3,126.9526380490989510_37.4822446203455186,1200018504,봉천로사거리,126.9531617530743546_37.4821434849747632,48.0,17.0,서행,126.9531617530743546_37.4821434849747632|126.9531180383010138_37.4821578064242544|126.9530188720877106_37.4821849513698737|126.9529105767887813_37.4822036041905164|126.9528138385163487_37.4822146288342211|126.9526380490989510_37.4822446203455186
2026-09-04T09:00:31.559343+09:00,서울식물원·마곡나루역,서울식물원·마곡나루역,POI032,KEY_3,1150347400,마곡서로,1150124002,마곡엠밸리4단지아파트,126.8253033927255586_37.5694881665028930,1150123901,마곡동 754-6,126.8251689045653734_37.5684864088936621,112.0,10.0,정체,126.8251689045653734_37.5684864088936621|126.8253033927255586_37.5694881665028930
2026-09-04T09:00:31.559343+09:00,서울식물원·마곡나루역,서울식물원·마곡나루역,POI032,KEY_3,1150347100,마곡서로,1150123904,마곡동 754-6,126.8250332753124354_37.5684936763918387,1150124003,마곡엠밸리4단지아파트,126.8251683287211193_37.5694996548876929,112.0,7.0,정체,126.8251683287211193_37.5694996548876929|126.8250332753124354_37.5684936763918387
2026-09-04T09:00:31.559343+09:00,서울식물원·마곡나루역,서울식물원·마곡나루역,POI032,KEY_3,1150092200,양천로47길,1150043105,가양동 259-16,126.8376787257849969_37.5704831139822559,1150045203,안국물류센터,126.8371828053407455_37.5723976729921745,227.0,9.0,정체,126.8371828053407455_37.5723976729921745|126.8372344178457070_37.5722638296760110|126.8374792508476361_37.5718439420828005|126.8378050738606220_37.5712851487789550|126.8378502494829121_37.5711505545359614|126.8378505078834309_37.5710313650556245|126.8377927438611579_37.5707759880537111|126.8377611633382571_37.5706808457399717|126.8377261330084451_37.5705753099356343|126.8376787257849969_37.5704831139822559
2026-09-04T09:00:31.559343+09:00,서울식물원·마곡나루역,서울식물원·마곡나루역,POI032,KEY_3,1150092300,양천로47길,1150263800,가양동 270-1,126.8378924928257305_37.5706532278373118,1150043102,가양동 272-31,126.8377947178878316_37.5704232539362835,27.0,21.5,서행,126.8377947178878316_37.5704232539362835|126.8378552002995718_37.5705408782778889|126.8378924928257305_37.5706532278373118
2026-09-04T09:00:31.559343+09:00,서울식물원·마곡나루역,서울식물원·마곡나루역,POI032,KEY_3,1150162500,마곡중앙로,1150074904,마곡동 761-5,126.8274669943156709_37.5644625852716132,1150075008,마곡나루역,126.8277833312780558_37.5666128805373489,240.0,19.5,서행,126.8277833312780558_37.5666128805373489|126.8276575183308523_37.5657576833248612|126.8274669943156709_37.5644625852716132
2026-09-04T09:00:31.559343+09:00,서울식물원·마곡나루역,서울식물원·마곡나루역,POI032,KEY_3,1150162600,마곡중앙로,1150075007,마곡나루역,126.8279182372204161_37.5666003050689881,1150074901,마곡동 761-5,126.8276018960349489_37.5644500101354311,240.0,15.0,서행,126.8276018960349489_37.5644500101354311|126.8277924230811209_37.5657451076729956|126.8279182372204161_37.5666003050689881
2026-09-04T09:00:31.559343+09:00,서울식물원·마곡나루역,서울식물원·마곡나루역,POI032,KEY_3,1150345700,마곡중앙5로,1150123803,마곡엠밸리7단지아파트,126.8248194327366463_37.5668890819305616,1150041502,마곡동 736-3,126.8229883663928348_37.5670430646556497,163.0,7.5,정체,126.8229883663928348_37.5670430646556497|126.8240917306121815_37.5669502812011729|126.8248194327366463_37.5668890819305616
2026-09-04T09:00:31.559343+09:00,서울식물원·마곡나루역,서울식물원·마곡나루역,POI032,KEY_3,1150345800,마곡중앙5로,1150213100,마곡동 736-3,126.8241060019915096_37.5670578051764892,1150123804,마곡엠밸리7단지아파트,126.8248353308419922_37.5669964661057989,65.0,44.0,원활,126.8248353308419922_37.5669964661057989|126.8241060019915096_37.5670578051764892
2026-09-04T09:00:31.559343+09:00,서울식물원·마곡나루역,서울식물원·마곡나루역,POI032,KEY_3,1150346100,마곡중앙로,1150123903,마곡동 754-6,126.8250189223362980_37.5683858530446315,1150123702,속성변화점,126.8238655983810474_37.5684135391033465,102.0,6.0,정체,126.8238655983810474_37.5684135391033465|126.8250189223362980_37.5683858530446315
2026-09-04T09:00:31.559343+09:00,서울식물원·마곡나루역,서울식물원·마곡나루역,POI032,KEY_3,1150346200,마곡중앙로,1150123701,속성변화점,126.8238696921612529_37.5685216090925493,1150123904,마곡동 754-6,126.8250332753124354_37.5684936763918387,103.0,21.0,서행,126.8250332753124354_37.5684936763918387|126.8238696921612529_37.5685216090925493
2026-09-04T09:00:31.559343+09:00,서울식물원·마곡나루역,서울식물원·마곡나루역,POI032,KEY_3,1150346700,마곡서로,1150123804,마곡엠밸리7단지아파트,126.8248353308419922_37.5669964661057989,1150123903,마곡동 754-6,126.8250189223362980_37.5683858530446315,155.0,10.0,정체,126.8250189223362980_37.5683858530446315|126.8249800749604077_37.5680918674812148|126.8248353308419922_37.5669964661057989
2026-09-04T09:00:31.559343+09:00,서울식물원·마곡나루역,서울식물원·마곡나루역,POI032,KEY_3,1150346900,마곡서로,1150123902,마곡동 754-6,126.8251545831812592_37.5683788917189787,1150123801,마곡엠밸리7단지아파트,126.8249703595226379_37.5669847444380380,156.0,11.0,정체,126.8249703595226379_37.5669847444380380|126.8251151605168872_37.5680805576273471|126.8251545831812592_37.5683788917189787
2026-09-04T09:00:31.559343+09:00,서울식물원·마곡나루역,서울식물원·마곡나루역,POI032,KEY_3,1150348000,마곡중앙5로,1150075008,마곡나루역,126.8277833312780558_37.5666128805373489,1150123802,마곡엠밸리7단지아파트,126.8249544940145910_37.5668773639659790,252.0,14.0,정체,126.8249544940145910_37.5668773639659790|126.8260844492597670_37.5667761890566325|126.8262182438895138_37.5667637598528401|126.8277833312780558_37.5666128805373489
2026-09-04T09:00:31.559343+09:00,서울식물원·마곡나루역,서울식물원·마곡나루역,POI032,KEY_3,1150348100,마곡중앙5로,1150123801,마곡엠밸리7단지아파트,126.8249703595226379_37.5669847444380380,1150124404,두산더랜드타워,126.8260996331955255_37.5668836310497909,100.0,15.0,서행,126.8260996331955255_37.5668836310497909|126.8249703595226379_37.5669847444380380
2026-09-04T09:00:31.559343+09:00,서울식물원·마곡나루역,서울식물원·마곡나루역,POI032,KEY_3,1150348400,마곡중앙로,1150124503,라마다앙코르서울마곡호텔,126.8262696732657275_37.5682885029268263,1150123902,마곡동 754-6,126.8251545831812592_37.5683788917189787,99.0,20.0,서행,126.8251545831812592_37.5683788917189787|126.8262696732657275_37.5682885029268263
2026-09-04T09:00:31.559343+09:00,서울식물원·마곡나루역,서울식물원·마곡나루역,POI032,KEY_3,1150348500,마곡중앙로,1150123901,마곡동 754-6,126.8251689045653734_37.5684864088936621,1150124504,라마다앙코르서울마곡호텔,126.8262834041454568_37.5683960690200394,99.0,15.0,서행,126.8262834041454568_37.5683960690200394|126.8251689045653734_37.5684864088936621
2026-09-04T09:00:31.559343+09:00,서울식물원·마곡나루역,서울식물원·마곡나루역,POI032,KEY_3,1150348900,마곡중앙5로1길,1150246400,마곡동 756-10,126.8261924890039722_37.5676508126898696,1150124503,라마다앙코르서울마곡호텔,126.8262696732657275_37.5682885029268263,71.0,6.0,정체,126.8262696732657275_37.5682885029268263|126.8261924890039722_37.5676508126898696
2026-09-04T09:00:31.559343+09:00,서울식물원·마곡나루역,서울식물원·마곡나루역,POI032,KEY_3,1150349200,마곡중앙5로1길,1150246300,마곡동 760,126.8263276928453962_37.5676404440413449,1150124401,두산더랜드타워,126.8262345744409885_37.5668711008752041,86.0,9.0,정체,126.8262345744409885_37.5668711008752041|126.8263276928453962_37.5676404440413449
2026-09-04T09:00:31.559343+09:00,서울식물원·마곡나루역,서울식물원·마곡나루역,POI032,KEY_3,1150349300,마곡중앙5로1길,1150124504,라마다앙코르서울마곡호텔,126.8262834041454568_37.5683960690200394,1150124603,마곡동 755-11,126.8264179078798719_37.5693978253014009,112.0,8.0,정체,126.8264179078798719_37.5693978253014009|126.8262834041454568_37.5683960690200394
2026-09-04T09:00:31.559343+09:00,서울식물원·마곡나루역,서울식물원·마곡나루역,POI032,KEY_3,1150349500,마곡중앙5로1길,1150124602,마곡동 756-10,126.8265530251150182_37.5693867385103744,1150124501,라마다앙코르서울마곡호텔,126.8264185129404780_37.5683849300273707,112.0,19.0,서행,126.8264185129404780_37.5683849300273707|126.8265530251150182_37.5693867385103744
2026-09-04T09:00:31.559343+09:00,서울식물원·마곡나루역,서울식물원·마곡나루역,POI032,KEY_3,1150350400,마곡중앙5로,1150124401,두산더랜드타워,126.8262345744409885_37.5668711008752041,1150075009,마곡나루역,126.8277994809352833_37.5667203788234190,139.0,19.0,서행,126.8277994809352833_37.5667203788234190|126.8262345744409885_37.5668711008752041
2026-09-04T09:00:31.559343+09:00,서울식물원·마곡나루역,서울식물원·마곡나루역,POI032,KEY_3,1150350500,마곡중앙로,1150125003,마곡동 761-5,126.8280174969957130_37.5681421784926002,1150124502,라마다앙코르서울마곡호텔,126.8264047845530769_37.5682773629179252,143.0,10.0,정체,126.8264047845530769_37.5682773629179252|126.8280174969957130_37.5681421784926002
2026-09-04T09:00:31.559343+09:00,서울식물원·마곡나루역,서울식물원·마곡나루역,POI032,KEY_3,1150350600,마곡중앙로,1150124501,라마다앙코르서울마곡호텔,126.8264185129404780_37.5683849300273707,1150125004,마곡동 761-5,126.8280336731774582_37.5682495397938183,143.0,16.0,서행,126.8280336731774582_37.5682495397938183|126.8264185129404780_37.5683849300273707
2026-09-04T09:00:31.559343+09:00,서울식물원·마곡나루역,서울식물원·마곡나루역,POI032,KEY_3,1150351301,마곡중앙로,1150075004,속성변화점,126.8278972863442249_37.5673582246527644,1150125003,마곡동 761-5,126.8280174969957130_37.5681421784926002,88.0,32.0,원활,126.8280174969957130_37.5681421784926002|126.8279137604504427_37.5674656611974243|126.8278972863442249_37.5673582246527644
2026-09-04T09:00:31.559343+09:00,서울식물원·마곡나루역,서울식물원·마곡나루역,POI032,KEY_3,1150351302,마곡중앙로,1150075009,마곡나루역,126.8277994809352833_37.5667203788234190,1150075004,속성변화점,126.8278972863442249_37.5673582246527644,71.0,12.0,정체,126.8278972863442249_37.5673582246527644|126.8277994809352833_37.5667203788234190
2026-09-04T09:00:31.559343+09:00,서울식물원·마곡나루역,서울식물원·마곡나루역,POI032,KEY_3,1150351401,마곡중앙로,1150075003,마곡나루역(서울9호선),126.8280321112912787_37.5673451255178179,1150075006,마곡나루역,126.8279343028494424_37.5667072797274955,71.0,20.0,서행,126.8279343028494424_37.5667072797274955|126.8280321112912787_37.5673451255178179
2026-09-04T09:00:31.559343+09:00,서울식물원·마곡나루역,서울식물원·마곡나루역,POI032,KEY_3,1150351402,마곡중앙로,1150125002,마곡동 761-5,126.8281529581740017_37.5681331949291035,1150075002,마곡나루역(서울9호선),126.8280485860209836_37.5674525620977136,76.0,11.0,정체,126.8280485860209836_37.5674525620977136|126.8281529581740017_37.5681331949291035
2026-09-04T09:00:31.559343+09:00,서울식물원·마곡나루역,서울식물원·마곡나루역,POI032,KEY_3,1150351500,마곡중앙로,1150125004,마곡동 761-5,126.8280336731774582_37.5682495397938183,1150125103,두산더랜드파크,126.8281818807448644_37.5692514510466609,112.0,9.0,정체,126.8281818807448644_37.5692514510466609|126.8280336731774582_37.5682495397938183
2026-09-04T09:00:31.559343+09:00,서울식물원·마곡나루역,서울식물원·마곡나루역,POI032,KEY_3,1150351600,마곡중앙로,1150125202,마곡동302,126.8287027702962320_37.5718417586160029,1150125001,마곡동 761-5,126.8281691405074696_37.5682407381455761,402.0,41.0,원활,126.8281691405074696_37.5682407381455761|126.8283167811732142_37.5692388078092208|126.8283326812459535_37.5693461624015583|126.8287027702962320_37.5718417586160029
2026-09-04T09:00:31.559343+09:00,서울식물원·마곡나루역,서울식물원·마곡나루역,POI032,KEY_3,1150409100,마곡서로,1150142004,마곡동 767-6,126.8240678285792740_37.5622386186809436,1150142103,마곡동768,126.8242446293254773_37.5633729121217712,127.0,9.0,정체,126.8242446293254773_37.5633729121217712|126.8240678285792740_37.5622386186809436
2026-09-04T09:00:31.559343+09:00,서울식물원·마곡나루역,서울식물원·마곡나루역,POI032,KEY_3,1150409200,마곡서로,1150142102,마곡동768,126.8243794172085614_37.5633595988611333,1150142001,마곡동 767-6,126.8242026491620464_37.5622255252647577,127.0,17.0,서행,126.8242026491620464_37.5622255252647577|126.8243794172085614_37.5633595988611333
2026-09-04T09:00:31.559343+09:00,서울식물원·마곡나루역,서울식물원·마곡나루역,POI032,KEY_3,1150409300,마곡서로,1150142104,마곡동768,126.8242618848687613_37.5634808652541281,1150123803,마곡엠밸리7단지아파트,126.8248194327366463_37.5668890819305616,381.0,11.0,정체,126.8248194327366463_37.5668890819305616|126.8242618848687613_37.5634808652541281
2026-09-04T09:00:31.559343+09:00,서울식물원·마곡나루역,서울식물원·마곡나루역,POI032,KEY_3,1150409400,마곡서로,1150123802,마곡엠밸리7단지아파트,126.8249544940145910_37.5668773639659790,1150142101,마곡동768,126.8243965694592674_37.5634669041434393,382.0,12.0,정체,126.8243965694592674_37.5634669041434393|126.8249544940145910_37.5668773639659790
2026-09-04T09:00:31.559343+09:00,서울식물원·마곡나루역,서울식물원·마곡나루역,POI032,KEY_3,1150409700,마곡중앙로,1150142403,마곡동727-816,126.8272764525622875_37.5631379015638203,1150142102,마곡동768,126.8243794172085614_37.5633595988611333,257.0,19.0,서행,126.8243794172085614_37.5633595988611333|126.8272764525622875_37.5631379015638203
2026-09-04T09:00:31.559343+09:00,서울식물원·마곡나루역,서울식물원·마곡나루역,POI032,KEY_3,1150409800,마곡중앙로,1150142101,마곡동768,126.8243965694592674_37.5634669041434393,1150142404,마곡동727-816,126.8272918915514538_37.5632453378836573,257.0,16.0,서행,126.8272918915514538_37.5632453378836573|126.8243965694592674_37.5634669041434393
2026-09-04T09:00:31.559343+09:00,서울식물원·마곡나루역,서울식물원·마곡나루역,POI032,KEY_3,1150410400,마곡중앙로,1150074902,마곡동 761-5,126.8275862789564741_37.5643426040570887,1150142301,마곡동770,126.8272402866037822_37.5619348890641191,269.0,28.0,원활,126.8272402866037822_37.5619348890641191|126.8274113938616381_37.5631256137476086|126.8274268326666459_37.5632330502435607|126.8275862789564741_37.5643426040570887
2026-09-04T09:00:31.559343+09:00,서울식물원·마곡나루역,서울식물원·마곡나루역,POI032,KEY_3,1150410500,마곡중앙로,1150142404,마곡동727-816,126.8272918915514538_37.5632453378836573,1150074903,마곡동 761-5,126.8274513442039506_37.5643548917567500,124.0,42.0,원활,126.8274513442039506_37.5643548917567500|126.8272918915514538_37.5632453378836573
2026-09-04T09:00:31.559343+09:00,서울식물원·마곡나루역,서울식물원·마곡나루역,POI032,KEY_3,1150414000,마곡중앙10로,1150277800,마곡동 770-7,126.8288092332455363_37.5642208400664828,1150074902,마곡동 761-5,126.8275862789564741_37.5643426040570887,109.0,13.3,정체,126.8275862789564741_37.5643426040570887|126.8288092332455363_37.5642208400664828
2026-09-04T09:00:31.559343+09:00,서울식물원·마곡나루역,서울식물원·마곡나루역,POI032,KEY_3,1150414200,마곡중앙10로,1150389600,최소노드배치점,126.8307424036753446_37.5641372978135877,1150075304,마곡동 775-3,126.8338828853735123_37.5638245018731780,280.0,20.0,서행,126.8338828853735123_37.5638245018731780|126.8328221540902234_37.5639301616883472|126.8315352584256459_37.5640583366140817|126.8307424036753446_37.5641372978135877
2026-09-04T09:00:31.559343+09:00,서울식물원·마곡나루역,서울식물원·마곡나루역,POI032,KEY_3,1150416301,양천로,1150043108,마곡동55-14,126.8311555988990875_37.5725904146730514,1150075102,마곡나루역,126.8288373206273434_37.5727163496919587,205.0,15.5,서행,126.8288373206273434_37.5727163496919587|126.8296823072899855_37.5726704531005353|126.8299698430472375_37.5726548338152426|126.8311555988990875_37.5725904146730514
2026-09-04T09:00:31.559343+09:00,서울식물원·마곡나루역,서울식물원·마곡나루역,POI032,KEY_3,1150416302,양천로,1150291400,최소노드배치점,126.8347335812000694_37.5720301020831613,1150043107,마곡동55-14,126.8312911970061663_37.5725830471349624,313.0,15.5,서행,126.8312911970061663_37.5725830471349624|126.8313223863605401_37.5725813524673455|126.8319183935554975_37.5725385124495546|126.8329974182405095_37.5724286737315580|126.8338233378188562_37.5723299126639461|126.8341794125019959_37.5722589437952905|126.8344474121661420_37.5721717018549342|126.8347335812000694_37.5720301020831613
2026-09-04T09:00:31.559343+09:00,서울식물원·마곡나루역,서울식물원·마곡나루역,POI032,KEY_3,1150416501,양천로,1150291500,최소노드배치점,126.8348051840946482_37.5721214821432099,1150043105,가양동 259-16,126.8376787257849969_37.5704831139822559,313.0,25.0,원활,126.8376787257849969_37.5704831139822559|126.8361258425969709_37.5712621708563859|126.8357944030930753_37.5714717140547876|126.8353576867366996_37.5717917732486484|126.8348837484222003_37.5720824703133829|126.8348051840946482_37.5721214821432099
2026-09-04T09:00:31.559343+09:00,서울식물원·마곡나루역,서울식물원·마곡나루역,POI032,KEY_3,1150416502,양천로,1150254700,마곡동 60-8,126.8299790922617802_37.5727626902760221,1150043109,마곡동55-14,126.8311648498268056_37.5726982577767430,105.0,10.0,정체,126.8311648498268056_37.5726982577767430|126.8299790922617802_37.5727626902760221
2026-09-04T09:00:31.559343+09:00,서울식물원·마곡나루역,서울식물원·마곡나루역,POI032,KEY_3,1150417100,마곡동로,1150144104,마곡동 775-3,126.8335310636990982_37.5613083368637817,1150075303,마곡동 775-3,126.8338665843508579_37.5637171638409200,269.0,15.0,서행,126.8338665843508579_37.5637171638409200|126.8335310636990982_37.5613083368637817
2026-09-04T09:00:31.559343+09:00,서울식물원·마곡나루역,서울식물원·마곡나루역,POI032,KEY_3,1150417200,마곡동로,1150075302,마곡동 775-3,126.8340015234932139_37.5637048487681895,1150144101,마곡동 775-3,126.8336658955196157_37.5612952760720518,269.0,19.5,서행,126.8336658955196157_37.5612952760720518|126.8340015234932139_37.5637048487681895
2026-09-04T09:00:31.559343+09:00,서울식물원·마곡나루역,서울식물원·마곡나루역,POI032,KEY_3,1150417500,마곡동로,1150075304,마곡동 775-3,126.8338828853735123_37.5638245018731780,1150144203,마곡동780-2,126.8341558464182128_37.5654851502626030,186.0,16.0,서행,126.8341558464182128_37.5654851502626030|126.8338828853735123_37.5638245018731780
2026-09-04T09:00:31.559343+09:00,서울식물원·마곡나루역,서울식물원·마곡나루역,POI032,KEY_3,1150417800,마곡동로,1150144202,마곡동780-2,126.8342905242931806_37.5654711230213820,1150075301,마곡동 775-3,126.8340178433640517_37.5638121990224931,186.0,13.0,정체,126.8340178433640517_37.5638121990224931|126.8342905242931806_37.5654711230213820
2026-09-04T09:00:31.559343+09:00,서울식물원·마곡나루역,서울식물원·마곡나루역,POI032,KEY_3,1150418900,마곡동로,1150144204,마곡동780-2,126.8341734390219244_37.5655923282243478,1150144704,마곡동727-303,126.8354565033221064_37.5685517959434634,357.0,27.0,원활,126.8354565033221064_37.5685517959434634|126.8352352314876015_37.5683818105701022|126.8350821970963977_37.5682462656852252|126.8349214230356523_37.5680805174436756|126.8347977069162766_37.5679212503397295|126.8346746464682013_37.5677272641862245|126.8345733320090289_37.5675234947359442|126.8344739994450094_37.5672325405002852|126.8343694867273541_37.5667883088518053|126.8341734390219244_37.5655923282243478
2026-09-04T09:00:31.559343+09:00,서울식물원·마곡나루역,서울식물원·마곡나루역,POI032,KEY_3,1150419000,마곡동로,1150144703,마곡동727-303,126.8355507947878493_37.5684740291864117,1150144201,마곡동780-2,126.8343081233074940_37.5655783391273630,349.0,17.0,서행,126.8343081233074940_37.5655783391273630|126.8345041723628555_37.5667743196739465|126.8346075025500852_37.5672126182991306|126.8347043867980943_37.5674950807237948|126.8348008665867468_37.5676873195743610|126.8349188940197507_37.5678724174548293|126.8350368758045477_37.5680235593591050|126.8351895951969226_37.5681800709160072|126.8353361855195232_37.5683094763074124|126.8355507947878493_37.5684740291864117
2026-09-04T09:00:31.559343+09:00,서울식물원·마곡나루역,서울식물원·마곡나루역,POI032,KEY_3,1150419100,마곡중앙10로,1150145003,마곡동 788-5,126.8360599704796385_37.5635339917327684,1150075302,마곡동 775-3,126.8340015234932139_37.5637048487681895,183.0,16.0,서행,126.8340015234932139_37.5637048487681895|126.8350297428666948_37.5636195081810484|126.8354050095481540_37.5635883593580431|126.8360599704796385_37.5635339917327684
2026-09-04T09:00:31.559343+09:00,서울식물원·마곡나루역,서울식물원·마곡나루역,POI032,KEY_3,1150419200,마곡중앙10로,1150075301,마곡동 775-3,126.8340178433640517_37.5638121990224931,1150145004,마곡동 788-5,126.8360765905275400_37.5636413182444429,183.0,6.0,정체,126.8360765905275400_37.5636413182444429|126.8354190960058077_37.5636958957994480|126.8350438287640003_37.5637270444474254|126.8340178433640517_37.5638121990224931
2026-09-04T09:00:31.559343+09:00,서울식물원·마곡나루역,서울식물원·마곡나루역,POI032,KEY_3,1150419600,마곡동로6길,1150220800,마곡동 788-2,126.8356276088871226_37.5653457857466435,1150144202,마곡동780-2,126.8342905242931806_37.5654711230213820,119.0,28.0,원활,126.8342905242931806_37.5654711230213820|126.8356276088871226_37.5653457857466435
2026-09-04T09:00:31.559343+09:00,서울식물원·마곡나루역,서울식물원·마곡나루역,POI032,KEY_3,1150419700,마곡동로6길,1150144201,마곡동780-2,126.8343081233074940_37.5655783391273630,1150145104,마곡동781-6,126.8363409857659576_37.5653877748030638,181.0,19.0,서행,126.8363409857659576_37.5653877748030638|126.8356434950057263_37.5654531629459782|126.8343081233074940_37.5655783391273630
2026-09-04T09:00:31.559343+09:00,서울식물원·마곡나루역,서울식물원·마곡나루역,POI032,KEY_3,1150420900,마곡동로,1150145303,마곡동775,126.8368886693610023_37.5696143112132717,1150144702,마곡동727-303,126.8356470133750804_37.5685526720342367,161.0,32.0,원활,126.8356470133750804_37.5685526720342367|126.8366161616912109_37.5693813157480037|126.8368886693610023_37.5696143112132717
2026-09-04T09:00:31.559343+09:00,서울식물원·마곡나루역,서울식물원·마곡나루역,POI032,KEY_3,1150421100,마곡동로8길,1150145703,이랜드글로벌R&D센터,126.8374468311080676_37.5674452354668347,1150144703,마곡동727-303,126.8355507947878493_37.5684740291864117,203.0,15.0,서행,126.8355507947878493_37.5684740291864117|126.8374468311080676_37.5674452354668347
2026-09-04T09:00:31.559343+09:00,서울식물원·마곡나루역,서울식물원·마곡나루역,POI032,KEY_3,1150421400,마곡동로8길,1150144702,마곡동727-303,126.8356470133750804_37.5685526720342367,1150145704,이랜드글로벌R&D센터,126.8375229088581762_37.5675348046934658,201.0,16.0,서행,126.8375229088581762_37.5675348046934658|126.8356470133750804_37.5685526720342367
2026-09-04T09:00:31.559343+09:00,서울식물원·마곡나루역,서울식물원·마곡나루역,POI032,KEY_3,1150423100,마곡동로,1150157000,마곡동 775-3,126.8365167423386737_37.5694549864723797,1150043104,마곡동 775-6,126.8376091778656587_37.5703902011560302,142.0,16.0,서행,126.8376091778656587_37.5703902011560302|126.8368825604932653_37.5697678436687639|126.8367892501556184_37.5696879820584471|126.8365167423386737_37.5694549864723797
2026-09-04T09:00:31.559343+09:00,서울식물원·마곡나루역,서울식물원·마곡나루역,POI032,KEY_3,1150423500,마곡동로,1150043103,마곡동 775-6,126.8377179434827156_37.5703340571605153,1150145302,마곡동775,126.8369816630471973_37.5696945381406238,96.0,13.0,정체,126.8369816630471973_37.5696945381406238|126.8377179434827156_37.5703340571605153
2026-09-04T09:00:31.559343+09:00,서울식물원·마곡나루역,서울식물원·마곡나루역,POI032,KEY_3,1150424300,마곡동로10길,1150146303,마곡동775-2,126.8385308873400419_37.5687062546252193,1150145303,마곡동775,126.8368886693610023_37.5696143112132717,177.0,14.0,정체,126.8368886693610023_37.5696143112132717|126.8385308873400419_37.5687062546252193
2026-09-04T09:00:31.559343+09:00,서울식물원·마곡나루역,서울식물원·마곡나루역,POI032,KEY_3,1150424400,마곡동로10길,1150145302,마곡동775,126.8369816630471973_37.5696945381406238,1150146304,마곡동775-2,126.8386067590957111_37.5687959486371170,175.0,22.0,서행,126.8386067590957111_37.5687959486371170|126.8369816630471973_37.5696945381406238
2026-09-04T09:00:31.559343+09:00,서울식물원·마곡나루역,서울식물원·마곡나루역,POI032,KEY_3,1150425900,양천로,1150146603,양천초등학교앞,126.8392163656429830_37.5695287407597860,1150043103,마곡동 775-6,126.8377179434827156_37.5703340571605153,160.0,33.0,원활,126.8377179434827156_37.5703340571605153|126.8392163656429830_37.5695287407597860
2026-09-04T09:00:31.559343+09:00,서울식물원·마곡나루역,서울식물원·마곡나루역,POI032,KEY_3,1150430900,마곡중앙14로,1150125001,마곡동 761-5,126.8281691405074696_37.5682407381455761,1150148704,마곡동269-3,126.8296786246404082_37.5681690681778733,134.0,9.0,정체,126.8296786246404082_37.5681690681778733|126.8281691405074696_37.5682407381455761
2026-09-04T09:00:31.559343+09:00,서울식물원·마곡나루역,서울식물원·마곡나루역,POI032,KEY_3,1150431000,마곡중앙14로,1150148703,마곡동269-3,126.8296705357492442_37.5680611407837404,1150125002,마곡동 761-5,126.8281529581740017_37.5681331949291035,134.0,20.0,서행,126.8281529581740017_37.5681331949291035|126.8296705357492442_37.5680611407837404
2026-09-04T09:00:31.559343+09:00,서울식물원·마곡나루역,서울식물원·마곡나루역,POI032,KEY_3,1150431500,마곡중앙14로,1150148701,마곡동269-3,126.8298140897098847_37.5681599918400622,1150148904,마곡동272-1,126.8305538015969205_37.5680970716601692,66.0,17.0,서행,126.8305538015969205_37.5680970716601692|126.8298140897098847_37.5681599918400622
2026-09-04T09:00:31.559343+09:00,서울식물원·마곡나루역,서울식물원·마곡나루역,POI032,KEY_3,1150431600,마곡중앙14로,1150148903,마곡동272-1,126.8305344297398563_37.5679899841820983,1150148702,마곡동269-3,126.8297996571735098_37.5680524850471116,65.0,28.0,원활,126.8297996571735098_37.5680524850471116|126.8305344297398563_37.5679899841820983
2026-09-04T09:00:31.559343+09:00,서울역,서울역,POI033,KEY_4,1010002507,퇴계로,1010036102,속성변화점,126.9744607168154147_37.5567608633366703,1010008802,서울역고가차도(동측),126.9757153290362908_37.5572684121082503,124.0,10.0,정체,126.9757153290362908_37.5572684121082503|126.9744607168154147_37.5567608633366703
2026-09-04T09:00:31.559343+09:00,서울역,서울역,POI033,KEY_4,1010000501,소월로2길,1010077600,남대문로5가 824-1,126.9765249826189262_37.5549508284745031,1020036803,남산어린이놀이터앞교차로,126.9765460017274421_37.5551782854136533,25.0,21.0,서행,126.9765460017274421_37.5551782854136533|126.9765254807177541_37.5549586352516300|126.9765249826189262_37.5549508284745031
2026-09-04T09:00:31.559343+09:00,서울역,서울역,POI033,KEY_4,1010000502,소월로2길,1010049700,후암삼거리,126.9764266237509247_37.5533494301722683,1010000313,남대문로5가 490-1,126.9764794024509058_37.5542364381138611,99.0,19.0,서행,126.9764794024509058_37.5542364381138611|126.9764680858715593_37.5540590720134091|126.9764324412455494_37.5535004040168090|126.9764314470447459_37.5534746028640782|126.9764266237509247_37.5533494301722683
2026-09-04T09:00:31.559343+09:00,서울역,서울역,POI033,KEY_4,1010001901,통일로,1010001003,서울역,126.9725590319377915_37.5570177603937765,1010009100,서울역,126.9717121828378907_37.5576314695367799,104.0,7.0,정체,126.9717121828378907_37.5576314695367799|126.9717533352314831_37.5575529097224958|126.9719362038334651_37.5573471349099250|126.9722156056808160_37.5571695450368424|126.9725590319377915_37.5570177603937765
2026-09-04T09:00:31.559343+09:00,서울역,서울역,POI033,KEY_4,1010001902,통일로,1010009100,서울역,126.9717121828378907_37.5576314695367799,1010010202,의주로지하차도(남측),126.9715795465149455_37.5581326310857904,57.0,37.0,원활,126.9715795465149455_37.5581326310857904|126.9716801952437919_37.5576925341671597|126.9717121828378907_37.5576314695367799
2026-09-04T09:00:31.559343+09:00,서울역,서울역,POI033,KEY_4,1010001903,통일로,1010010202,의주로지하차도(남측),126.9715795465149455_37.5581326310857904,1010012103,염천교앞교차로,126.9712395112075001_37.5595497858304483,161.0,16.0,서행,126.9712395112075001_37.5595497858304483|126.9712786050966145_37.5593746817197243|126.9714493678720544_37.5584607787226332|126.9714752285433832_37.5583228393018231|126.9715795465149455_37.5581326310857904
2026-09-04T09:00:31.559343+09:00,서울역,서울역,POI033,KEY_4,1010002001,통일로,1010009300,서울역,126.9718375318289674_37.5576730841303998,1010001004,서울역,126.9725768217156627_37.5571335615094881,91.0,17.0,서행,126.9725768217156627_37.5571335615094881|126.9722914624442751_37.5572596833207513|126.9720359689673757_37.5574220765078550|126.9718728932392793_37.5576055781302927|126.9718375318289674_37.5576730841303998
2026-09-04T09:00:31.559343+09:00,서울역,서울역,POI033,KEY_4,1010002002,통일로,1010010201,의주로지하차도(남측),126.9717135157052326_37.5581502975144517,1010009300,서울역,126.9718375318289674_37.5576730841303998,54.0,44.0,원활,126.9718375318289674_37.5576730841303998|126.9718111845805169_37.5577233823227346|126.9717135157052326_37.5581502975144517
2026-09-04T09:00:31.559343+09:00,서울역,서울역,POI033,KEY_4,1010002003,통일로,1010009802,청암빌딩,126.9717279554252372_37.5584396963817682,1010010201,의주로지하차도(남측),126.9717135157052326_37.5581502975144517,32.0,17.0,서행,126.9717135157052326_37.5581502975144517|126.9717438786689598_37.5583547587673294|126.9717279554252372_37.5584396963817682
2026-09-04T09:00:31.559343+09:00,서울역,서울역,POI033,KEY_4,1010002004,통일로,1010012102,염천교앞교차로,126.9715109934232657_37.5595695154306881,1010009801,청암빌딩,126.9717079416461587_37.5585466375375603,115.0,10.0,정체,126.9717079416461587_37.5585466375375603|126.9715467147326677_37.5594095152096656|126.9715109934232657_37.5595695154306881
2026-09-04T09:00:31.559343+09:00,서울역,서울역,POI033,KEY_4,1010002301,소월로,1010155400,최소노드배치점,126.9760533414636114_37.5582497344554369,1010013803,숭례문앞교차로,126.9755809845113532_37.5605189064983307,262.0,23.7,서행,126.9755809845113532_37.5605189064983307|126.9757337889885065_37.5603525891795087|126.9757984686316661_37.5601874326070444|126.9757969708594061_37.5599997077910714|126.9757198667068110_37.5593373627741514|126.9757048763582503_37.5591937029204388|126.9757309859065373_37.5590497713064551|126.9757785893644524_37.5588840435687814|126.9759074328705282_37.5585745471584289|126.9759297486065890_37.5585209420058632|126.9759522152383795_37.5584716422248093|126.9760533414636114_37.5582497344554369
2026-09-04T09:00:31.559343+09:00,서울역,서울역,POI033,KEY_4,1010002506,퇴계로,1010008102,서울역,126.9739254787072014_37.5566063926840243,1010036102,속성변화점,126.9744607168154147_37.5567608633366703,51.0,10.0,정체,126.9744607168154147_37.5567608633366703|126.9743391734486693_37.5567116927890936|126.9742235732120292_37.5566711695761555|126.9739254787072014_37.5566063926840243
2026-09-04T09:00:31.559343+09:00,서울역,서울역,POI033,KEY_4,1010002604,퇴계로,1010008101,서울역,126.9740073233546838_37.5564831416643941,1010036000,서울역(서울1호선),126.9728469457788407_37.5551689665811139,188.0,13.0,정체,126.9728469457788407_37.5551689665811139|126.9730354728597064_37.5557211852762123|126.9732094536090869_37.5559776848255495|126.9733963265082224_37.5561726380715371|126.9735767550837409_37.5562906524971751|126.9737770809038864_37.5564006548910712|126.9740073233546838_37.5564831416643941
2026-09-04T09:00:31.559343+09:00,서울역,서울역,POI033,KEY_4,1010002605,퇴계로,1010036101,속성변화점,126.9745222423205888_37.5566644754830179,1010008101,서울역,126.9740073233546838_37.5564831416643941,50.0,23.0,서행,126.9740073233546838_37.5564831416643941|126.9742734196230174_37.5565705056965129|126.9743973461574740_37.5566139480968246|126.9745222423205888_37.5566644754830179
2026-09-04T09:00:31.559343+09:00,서울역,서울역,POI033,KEY_4,1010002606,퇴계로,1010008801,서울역고가차도(동측),126.9757762804091783_37.5571717943319854,1010036101,속성변화점,126.9745222423205888_37.5566644754830179,124.0,19.0,서행,126.9745222423205888_37.5566644754830179|126.9757762804091783_37.5571717943319854
2026-09-04T09:00:31.559343+09:00,서울역,서울역,POI033,KEY_4,1010002607,퇴계로,1010088200,남대문로5가 292,126.9762491190694220_37.5573586199649654,1010008801,서울역고가차도(동측),126.9757762804091783_37.5571717943319854,47.0,17.0,서행,126.9757762804091783_37.5571717943319854|126.9762491190694220_37.5573586199649654
2026-09-04T09:00:31.559343+09:00,서울역,서울역,POI033,KEY_4,1010002901,세종대로,1010001004,서울역,126.9725768217156627_37.5571335615094881,1010009400,서울역3번출구,126.9729047212582458_37.5576301040073588,63.0,5.0,정체,126.9729047212582458_37.5576301040073588|126.9726802932207335_37.5573569212650042|126.9725966053711232_37.5572076931080829|126.9725768217156627_37.5571335615094881
2026-09-04T09:00:31.559343+09:00,서울역,서울역,POI033,KEY_4,1010002902,세종대로,1010088000,남대문로5가 84-15,126.9732159812998304_37.5579784751034964,1010011400,숭례문학당,126.9742665437086799_37.5591522019033732,160.0,15.0,서행,126.9742665437086799_37.5591522019033732|126.9738617088002712_37.5586999110099455|126.9732159812998304_37.5579784751034964
2026-09-04T09:00:31.559343+09:00,서울역,서울역,POI033,KEY_4,1010002903,세종대로,1010011400,숭례문학당,126.9742665437086799_37.5591522019033732,1010015502,숭례문앞,126.9748954449175216_37.5603663160010157,148.0,15.0,서행,126.9748954449175216_37.5603663160010157|126.9748468953437168_37.5603089259620049|126.9746855723265071_37.5601208840657534|126.9746137545376854_37.5599415792683970|126.9745483394273009_37.5596299211490319|126.9744734144699265_37.5594109852280340|126.9742665437086799_37.5591522019033732
2026-09-04T09:00:31.559343+09:00,서울역,서울역,POI033,KEY_4,1010003001,세종대로,1010008700,서울역4번출구,126.9730184115597211_37.5575709588477622,1010001001,서울역,126.9727010153384299_37.5570786706198803,62.0,10.0,정체,126.9727010153384299_37.5570786706198803|126.9727264690063038_37.5571740475001192|126.9727998873353840_37.5573049631326796|126.9730184115597211_37.5575709588477622
2026-09-04T09:00:31.559343+09:00,서울역,서울역,POI033,KEY_4,1010003002,세종대로,1010087900,남대문로5가 84-15,126.9733265878310959_37.5579157333092937,1010008700,서울역4번출구,126.9730184115597211_37.5575709588477622,47.0,13.0,정체,126.9730184115597211_37.5575709588477622|126.9730229219266846_37.5575764586648120|126.9733265878310959_37.5579157333092937
2026-09-04T09:00:31.559343+09:00,서울역,서울역,POI033,KEY_4,1010023400,세종대로,1010008700,서울역4번출구,126.9730184115597211_37.5575709588477622,1010008102,서울역,126.9739254787072014_37.5566063926840243,162.0,10.0,정체,126.9739254787072014_37.5566063926840243|126.9737622051817567_37.5566040860006964|126.9735713010116314_37.5566308625134724|126.9734365333165442_37.5566814899503854|126.9732830443898450_37.5567499923911043|126.9731407651332091_37.5568691548601450|126.9730396577194114_37.5569942857603749|126.9729647480841948_37.5571283631696460|126.9729384960857459_37.5572684108869552|126.9729459298956016_37.5574144255147857|126.9730184115597211_37.5575709588477622
2026-09-04T09:00:31.559343+09:00,서울역,서울역,POI033,KEY_4,1010023700,통일로,1010035900,서울역,126.9726382859721099_37.5561301693119631,1010009100,서울역,126.9717121828378907_37.5576314695367799,188.0,16.0,서행,126.9717121828378907_37.5576314695367799|126.9717381577070796_37.5575423806400934|126.9718724015783806_37.5573509120254982|126.9719768608054409_37.5572093343208309|126.9722404703145457_37.5569471676151210|126.9723782873772677_37.5567517213420103|126.9726382859721099_37.5561301693119631
2026-09-04T09:00:31.559343+09:00,서울역,서울역,POI033,KEY_4,1010024000,통일로,1010009300,서울역,126.9718375318289674_37.5576730841303998,1010009400,서울역3번출구,126.9729047212582458_37.5576301040073588,102.0,26.0,원활,126.9729047212582458_37.5576301040073588|126.9725548679935372_37.5575079038318833|126.9723512460599437_37.5575030882471950|126.9722194858867397_37.5575125925735875|126.9720340632495663_37.5575548632373852|126.9718375318289674_37.5576730841303998
2026-09-04T09:00:31.559343+09:00,서울역,서울역,POI033,KEY_4,1010025000,세종대로5길,1010009801,청암빌딩,126.9717079416461587_37.5585466375375603,1010012202,숭례문학당,126.9742748764175104_37.5595190981504885,256.0,14.0,정체,126.9742748764175104_37.5595190981504885|126.9738902974027042_37.5594176881754152|126.9732580878187207_37.5590467827891743|126.9725988537744144_37.5587016101154347|126.9723765861687639_37.5586285243969087|126.9717079416461587_37.5585466375375603
2026-09-04T09:00:31.559343+09:00,서울역,서울역,POI033,KEY_4,1010025700,세종대로,1010011400,숭례문학당,126.9742665437086799_37.5591522019033732,1010012201,숭례문학당,126.9742810386167378_37.5594068263078924,28.0,16.0,서행,126.9742810386167378_37.5594068263078924|126.9742665437086799_37.5591522019033732
2026-09-04T09:00:31.559343+09:00,서울역,서울역,POI033,KEY_4,1010025900,통일로,1010015801,의주로지하차도,126.9705766693740969_37.5608929272020475,1010010201,의주로지하차도(남측),126.9717135157052326_37.5581502975144517,326.0,28.0,원활,126.9717135157052326_37.5581502975144517|126.9716508619000876_37.5584846919861022|126.9714796864512891_37.5594008071192960|126.9714288668962752_37.5596284362280457|126.9713406022852240_37.5598094854925790|126.9712395311263293_37.5599958456464336|126.9705766693740969_37.5608929272020475
2026-09-04T09:00:31.559343+09:00,서울역,서울역,POI033,KEY_4,1010026600,세종대로,1010012202,숭례문학당,126.9742748764175104_37.5595190981504885,1010013502,속성변화점,126.9740489449279721_37.5597823376631155,38.0,27.0,원활,126.9740489449279721_37.5597823376631155|126.9741150100377496_37.5597678403268418|126.9741805117776181_37.5597165730551339|126.9742464328148515_37.5595997767984215|126.9742747291389691_37.5595199465246452|126.9742748764175104_37.5595190981504885
2026-09-04T09:00:31.559343+09:00,서울역,서울역,POI033,KEY_4,1010053600,한강대로,1010001002,서울역,126.9727007782336159_37.5569551120884242,1010036000,서울역(서울1호선),126.9728469457788407_37.5551689665811139,199.0,14.0,정체,126.9728469457788407_37.5551689665811139|126.9727738506837085_37.5561366589997760|126.9727007782336159_37.5569551120884242
2026-09-04T09:00:31.559343+09:00,서울역,서울역,POI033,KEY_4,1010054200,한강대로,1010035900,서울역,126.9726382859721099_37.5561301693119631,1010001003,서울역,126.9725590319377915_37.5570177603937765,99.0,38.0,원활,126.9725590319377915_37.5570177603937765|126.9726382859721099_37.5561301693119631
2026-09-04T09:00:31.559343+09:00,서울역,서울역,POI033,KEY_4,1020020904,한강대로,1020203900,최소노드배치점,126.9722876759107919_37.5518756720325513,1020006103,서울역앞교차로,126.9727381744143457_37.5541261601478666,253.0,34.0,원활,126.9727381744143457_37.5541261601478666|126.9727229068416534_37.5538935459301157|126.9726784214511497_37.5535312047517351|126.9726256427587145_37.5532355904220339|126.9725178599615276_37.5528309803471814|126.9722876759107919_37.5518756720325513
2026-09-04T09:00:31.559343+09:00,서울역,서울역,POI033,KEY_4,1020021002,한강대로,1020035400,서울역,126.9727592898207575_37.5532167445227429,1020034701,SR타임스,126.9720743182236049_37.5504162783518467,317.0,19.5,서행,126.9720743182236049_37.5504162783518467|126.9724210456315205_37.5518553022977031|126.9726509821565941_37.5528095774144859|126.9727592898207575_37.5532167445227429
2026-09-04T09:00:31.559343+09:00,서울역,서울역,POI033,KEY_4,1020021003,한강대로,1020006102,서울역앞교차로,126.9728719437852220_37.5540923073772603,1020035400,서울역,126.9727592898207575_37.5532167445227429,98.0,15.0,서행,126.9727592898207575_37.5532167445227429|126.9728132891065684_37.5535183101659840|126.9728583675455553_37.5538854618583358|126.9728719437852220_37.5540923073772603
2026-09-04T09:00:31.559343+09:00,서울역,서울역,POI033,KEY_4,1020022101,후암로,1020035600,서울역,126.9737199051955514_37.5538379912663061,1020006102,서울역앞교차로,126.9728719437852220_37.5540923073772603,80.0,15.0,서행,126.9728719437852220_37.5540923073772603|126.9735274346848541_37.5539264208546015|126.9737199051955514_37.5538379912663061
2026-09-04T09:00:31.559343+09:00,서울역,서울역,POI033,KEY_4,1020022104,후암로,1010000309,LG이노텍본사,126.9752027764478157_37.5534823331146370,1020035503,서울역,126.9741607668503036_37.5536489517180243,94.0,15.0,서행,126.9741607668503036_37.5536489517180243|126.9743753771546579_37.5535781623073959|126.9752027764478157_37.5534823331146370
2026-09-04T09:00:31.559343+09:00,서울역,서울역,POI033,KEY_4,1020022105,후암로,1010000305,후암삼거리,126.9764773617211802_37.5529546135781587,1010000308,LG이노텍본사,126.9753152099327735_37.5534675492286354,119.0,15.0,서행,126.9753152099327735_37.5534675492286354|126.9756306217603310_37.5533867074038383|126.9759065341277875_37.5532885038937039|126.9762800978454038_37.5530903392528472|126.9764773617211802_37.5529546135781587
2026-09-04T09:00:31.559343+09:00,서울역,서울역,POI033,KEY_4,1020022202,후암로,1020006101,서울역앞교차로,126.9728775006100676_37.5542043509851950,1020035501,서울역,126.9740888409367727_37.5537933166131026,117.0,8.0,정체,126.9740888409367727_37.5537933166131026|126.9737877851355989_37.5539316362506170|126.9735825829031910_37.5540259150812474|126.9728775006100676_37.5542043509851950
2026-09-04T09:00:31.559343+09:00,서울역,서울역,POI033,KEY_4,1020022204,후암로,1010000307,LG이노텍본사,126.9753568263294028_37.5535704670573551,1010000306,후암삼거리,126.9764434852530570_37.5531208228510494,109.0,22.0,서행,126.9764434852530570_37.5531208228510494|126.9763624695380884_37.5531765650602836|126.9759723584350724_37.5533835077186069|126.9756792883205350_37.5534878184159808|126.9753568263294028_37.5535704670573551
2026-09-04T09:00:31.559343+09:00,서울역,서울역,POI033,KEY_4,1020022205,후암로,1020035502,서울역,126.9742127476792319_37.5537488377428588,1010000310,LG이노텍본사,126.9752223276996546_37.5535893271465042,91.0,6.0,정체,126.9752223276996546_37.5535893271465042|126.9744116995333343_37.5536832130246765|126.9742127476792319_37.5537488377428588
2026-09-04T09:00:31.559343+09:00,서울역,서울역,POI033,KEY_4,1020022705,소월로,1010109800,남대문로5가 431,126.9765972619878767_37.5555182701131471,1010000704,도동삼거리,126.9768636563198214_37.5560052120861414,59.0,23.0,서행,126.9768636563198214_37.5560052120861414|126.9768061889182320_37.5559210408862967|126.9767141186498520_37.5557820754249434|126.9766585950972626_37.5556855676206496|126.9765972619878767_37.5555182701131471
2026-09-04T09:00:31.559343+09:00,서울역,서울역,POI033,KEY_4,1020022901,한강대로,1020006104,서울역앞교차로,126.9727424266385611_37.5542385337162727,1010035900,서울역,126.9726382859721099_37.5561301693119631,210.0,35.0,원활,126.9726382859721099_37.5561301693119631|126.9727113828136709_37.5551624769767898|126.9727511726894420_37.5546357106512687|126.9727424266385611_37.5542385337162727
2026-09-04T09:00:31.559343+09:00,서울역,서울역,POI033,KEY_4,1020023001,한강대로,1010036000,서울역(서울1호선),126.9728469457788407_37.5551689665811139,1020006101,서울역앞교차로,126.9728775006100676_37.5542043509851950,107.0,11.0,정체,126.9728775006100676_37.5542043509851950|126.9728870508398302_37.5546380115442062|126.9728469457788407_37.5551689665811139
2026-09-04T09:00:31.559343+09:00,서울역,서울역,POI033,KEY_4,1020050600,후암로,1020035600,서울역,126.9737199051955514_37.5538379912663061,1020035400,서울역,126.9727592898207575_37.5532167445227429,115.0,16.0,서행,126.9727592898207575_37.5532167445227429|126.9729413557275279_37.5534694514369036|126.9731097388656735_37.5535976235205595|126.9732594214425347_37.5536900341256157|126.9734053703012080_37.5537586041957994|126.9735615769517239_37.5538343924740516|126.9737199051955514_37.5538379912663061
2026-09-04T09:00:31.559343+09:00,선릉역,선릉역,POI034,KEY_1,1220025803,선릉로,1220382800,역삼동 802-31,127.0494800504940969_37.5033567751413273,1220035503,선릉역(서울2호선),127.0493398594145731_37.5036589428028151,36.0,12.0,정체,127.0493398594145731_37.5036589428028151|127.0494800504940969_37.5033567751413273
2026-09-04T09:00:31.559343+09:00,선릉역,선릉역,POI034,KEY_1,1220025804,선릉로,1220035504,선릉역(서울2호선),127.0492928042660310_37.5037603648988949,1220035903,선릉역사거리,127.0489874547452303_37.5044185049200891,78.0,26.0,원활,127.0489874547452303_37.5044185049200891|127.0492474271719345_37.5038581699360591|127.0492928042660310_37.5037603648988949
2026-09-04T09:00:31.559343+09:00,선릉역,선릉역,POI034,KEY_1,1220025903,선릉로,1220358000,대치동 1011-17,127.0493747245042755_37.5038956551044578,1220034601,진선여고,127.0497736298861042_37.5030358485243909,102.0,7.0,정체,127.0497736298861042_37.5030358485243909|127.0496073469251996_37.5033942600096850|127.0494671565548828_37.5036964278532707|127.0494201015183222_37.5037978500803462|127.0493747245042755_37.5038956551044578
2026-09-04T09:00:31.559343+09:00,선릉역,선릉역,POI034,KEY_1,1220026002,테헤란로,1220034906,블랙베리박물관,127.0443627780408065_37.5031471670482617,1220035704,역삼동 804,127.0471173294836689_37.5039936601345545,261.0,22.0,서행,127.0471173294836689_37.5039936601345545|127.0443627780408065_37.5031471670482617
2026-09-04T09:00:31.559343+09:00,선릉역,선릉역,POI034,KEY_1,1220026003,테헤란로,1220035701,역삼동 804,127.0472444652040593_37.5040315100491171,1220035904,선릉역사거리,127.0489401518829737_37.5045198504901336,159.0,25.0,원활,127.0489401518829737_37.5045198504901336|127.0472444652040593_37.5040315100491171
2026-09-04T09:00:31.559343+09:00,선릉역,선릉역,POI034,KEY_1,1220026004,테헤란로,1220034102,르네상스호텔교차로,127.0436867528111975_37.5029433037034892,1220034909,블랙베리박물관,127.0442359817900950_37.5031085999901350,52.0,19.0,서행,127.0442359817900950_37.5031085999901350|127.0436867528111975_37.5029433037034892
2026-09-04T09:00:31.559343+09:00,선릉역,선릉역,POI034,KEY_1,1220026005,테헤란로,1220034106,르네상스호텔사거리,127.0428318796063962_37.5026860140694112,1220034105,르네상스호텔교차로,127.0435597867368074_37.5029050914540534,69.0,7.0,정체,127.0435597867368074_37.5029050914540534|127.0428318796063962_37.5026860140694112
2026-09-04T09:00:31.559343+09:00,선릉역,선릉역,POI034,KEY_1,1220026102,테헤란로,1220035703,역삼동 804,127.0471670915627840_37.5038930671752482,1220034907,블랙베리박물관,127.0444223112660467_37.5030495771580661,260.0,15.0,서행,127.0444223112660467_37.5030495771580661|127.0471670915627840_37.5038930671752482
2026-09-04T09:00:31.559343+09:00,선릉역,선릉역,POI034,KEY_1,1220026103,테헤란로,1220035903,선릉역사거리,127.0489874547452303_37.5044185049200891,1220035702,역삼동 804,127.0472942790560325_37.5039308877385196,159.0,11.0,정체,127.0472942790560325_37.5039308877385196|127.0489874547452303_37.5044185049200891
2026-09-04T09:00:31.559343+09:00,선릉역,선릉역,POI034,KEY_1,1220026801,테헤란로,1220035901,선릉역사거리,127.0490667656896164_37.5045587941768233,1220036304,월간부동산경제,127.0507097058413279_37.5050961507753726,157.0,10.0,정체,127.0507097058413279_37.5050961507753726|127.0490667656896164_37.5045587941768233
2026-09-04T09:00:31.559343+09:00,선릉역,선릉역,POI034,KEY_1,1220026802,테헤란로,1220036301,월간부동산경제,127.0508357905731600_37.5051361926111113,1220036804,KTF타워,127.0528495126162909_37.5057573699263784,191.0,26.0,원활,127.0528495126162909_37.5057573699263784|127.0508357905731600_37.5051361926111113
2026-09-04T09:00:31.559343+09:00,선릉역,선릉역,POI034,KEY_1,1220026804,테헤란로,1220036801,KTF타워,127.0529760573716800_37.5057964677758875,1220037405,포스코사거리,127.0565476506724707_37.5068995560620664,339.0,25.0,원활,127.0565476506724707_37.5068995560620664|127.0551245320578602_37.5064612571662650|127.0549977448848864_37.5064221165811134|127.0529760573716800_37.5057964677758875
2026-09-04T09:00:31.559343+09:00,선릉역,선릉역,POI034,KEY_1,1220026901,테헤란로,1220036303,월간부동산경제,127.0507602689269504_37.5049958100575296,1220035902,선릉역사거리,127.0491140994473085_37.5044573976487072,157.0,20.0,서행,127.0491140994473085_37.5044573976487072|127.0507602689269504_37.5049958100575296
2026-09-04T09:00:31.559343+09:00,선릉역,선릉역,POI034,KEY_1,1220026902,테헤란로,1220037203,포스코미술관,127.0550468873825025_37.5063213325861398,1220036302,월간부동산경제,127.0508863665850328_37.5050358511375421,395.0,28.0,원활,127.0508863665850328_37.5050358511375421|127.0528985165621947_37.5056565437127531|127.0530252017615993_37.5056956853289023|127.0550468873825025_37.5063213325861398
2026-09-04T09:00:31.559343+09:00,선릉역,선릉역,POI034,KEY_1,1220026904,테헤란로,1220037404,포스코사거리,127.0566007053227366_37.5067999758815986,1220037202,포스코미술관,127.0551734722876205_37.5063604107458772,135.0,5.0,정체,127.0551734722876205_37.5063604107458772|127.0566007053227366_37.5067999758815986
2026-09-04T09:00:31.559343+09:00,선릉역,선릉역,POI034,KEY_1,1220027601,선릉로,1220358300,역삼동 802-31,127.0486586538320637_37.5051194262060719,1220036703,선릉역(수인분당선),127.0484330543986573_37.5055999334302470,57.0,18.0,서행,127.0484330543986573_37.5055999334302470|127.0486078996825796_37.5052275287191392|127.0486586538320637_37.5051194262060719
2026-09-04T09:00:31.559343+09:00,선릉역,선릉역,POI034,KEY_1,1220027602,선릉로,1220448000,역삼동 802-21,127.0472703648739241_37.5068578058261082,1220037903,선릉공원,127.0470897828734138_37.5069674641184108,20.0,42.0,원활,127.0470897828734138_37.5069674641184108|127.0472703648739241_37.5068578058261082
2026-09-04T09:00:31.559343+09:00,선릉역,선릉역,POI034,KEY_1,1220027603,선릉로,1220370100,역삼동 802-3,127.0440604841689805_37.5095866488481064,1220041803,선정릉역사거리,127.0438262673777103_37.5102164759167138,73.0,28.0,원활,127.0438262673777103_37.5102164759167138|127.0440604841689805_37.5095866488481064
2026-09-04T09:00:31.559343+09:00,선릉역,선릉역,POI034,KEY_1,1220027701,선릉로,1220303700,삼성동 111-114,127.0487350154241852_37.5052654063889435,1220035901,선릉역사거리,127.0490667656896164_37.5045587941768233,84.0,31.0,원활,127.0490667656896164_37.5045587941768233|127.0487857693820217_37.5051573038117922|127.0487350154241852_37.5052654063889435
2026-09-04T09:00:31.559343+09:00,선릉역,선릉역,POI034,KEY_1,1220027702,선릉로,1220374600,삼성동 111-114,127.0483605484462402_37.5060104032975730,1220036701,선릉역(수인분당선),127.0485078851592107_37.5057410376844658,33.0,38.0,원활,127.0485078851592107_37.5057410376844658|127.0483605484462402_37.5060104032975730
2026-09-04T09:00:31.559343+09:00,선릉역,선릉역,POI034,KEY_1,1220068500,테헤란로52길,1220035002,도시개발신문,127.0476851392119499_37.5031531430107989,1220034501,진선여자중학교,127.0477457167723543_37.5030232397223813,15.0,13.0,정체,127.0477457167723543_37.5030232397223813|127.0476851392119499_37.5031531430107989
2026-09-04T09:00:31.559343+09:00,선릉역,선릉역,POI034,KEY_1,1220027703,선릉로,1220365800,삼성동 111-114,127.0443282632564745_37.5092606516299512,1220037901,선릉공원,127.0469965891165742_37.5071602068898287,337.0,12.0,정체,127.0469965891165742_37.5071602068898287|127.0457652914226543_37.5079213112726038|127.0457315935512526_37.5079411118796386|127.0453123945694074_37.5081874282568322|127.0450551787726425_37.5083692241713393|127.0448383445246918_37.5085748402795289|127.0446727771421109_37.5087520328191388|127.0446145508118008_37.5088143472007260|127.0444273773029806_37.5090709040483858|127.0443282632564745_37.5092606516299512
2026-09-04T09:00:31.559343+09:00,선릉역,선릉역,POI034,KEY_1,1220029003,봉은사로,1220334600,논현동 279-165,127.0429218607902868_37.5100587666423735,1220041804,선정릉역사거리,127.0437875852603753_37.5103204253317628,82.0,42.0,원활,127.0437875852603753_37.5103204253317628|127.0432838786139769_37.5101681847940256|127.0429218607902868_37.5100587666423735
2026-09-04T09:00:31.559343+09:00,선릉역,선릉역,POI034,KEY_1,1220030101,봉은사로,1220266300,삼성동 111-147,127.0456546467774217_37.5107534974710006,1220041802,선정릉역사거리,127.0439536961437739_37.5102544648311351,160.0,18.0,서행,127.0439536961437739_37.5102544648311351|127.0456546467774217_37.5107534974710006
2026-09-04T09:00:31.559343+09:00,선릉역,선릉역,POI034,KEY_1,1220031101,선릉로,1220264300,삼성동 111-114,127.0436559026359049_37.5110541949156300,1220041801,선정릉역사거리,127.0439150377636111_37.5103583429885745,81.0,37.3,원활,127.0439150377636111_37.5103583429885745|127.0436559026359049_37.5110541949156300
2026-09-04T09:00:31.559343+09:00,선릉역,선릉역,POI034,KEY_1,1220066400,선릉로85길,1220033802,역삼동 709-6,127.0449918128137057_37.5022563458516913,1220034404,진선여자고등학교,127.0485994425350498_37.5026948948454901,353.0,16.0,서행,127.0485994425350498_37.5026948948454901|127.0458864169672921_37.5018168749480054|127.0458443373064910_37.5018129468389816|127.0458437108576959_37.5018128883602913|127.0450049324684585_37.5022506870223040|127.0449918128137057_37.5022563458516913
2026-09-04T09:00:31.559343+09:00,선릉역,선릉역,POI034,KEY_1,1220066900,언주로86길,1220034503,진선여자중학교,127.0476253937541600_37.5029148927015115,1220033802,역삼동 709-6,127.0449918128137057_37.5022563458516913,244.0,21.5,서행,127.0449918128137057_37.5022563458516913|127.0450373398494150_37.5022704805788649|127.0460858483811535_37.5025342023920842|127.0461241747767502_37.5025440418957388|127.0465088357584165_37.5026427947566461|127.0471586361461931_37.5028096126219666|127.0475001726865116_37.5028972907328964|127.0476253937541600_37.5029148927015115
2026-09-04T09:00:31.559343+09:00,선릉역,선릉역,POI034,KEY_1,1220067000,언주로86길,1220033801,역삼동 707-12,127.0448489661988987_37.5023280363648013,1220034504,진선여자중학교,127.0476018129394333_37.5030213687362988,255.0,21.0,서행,127.0476018129394333_37.5030213687362988|127.0474674171433094_37.5030024773813935|127.0471170126434259_37.5029125227694990|127.0464672114241012_37.5027457047571673|127.0460825499488777_37.5026469518089058|127.0460446065235516_37.5026372106288548|127.0449922237995821_37.5023725132399832|127.0448489661988987_37.5023280363648013
2026-09-04T09:00:31.559343+09:00,선릉역,선릉역,POI034,KEY_1,1220067100,테헤란로44길,1220425200,역삼동 706-28,127.0445594426699216_37.5025715799587829,1220034908,블랙베리박물관,127.0442936787205923_37.5030103853983761,54.0,12.0,정체,127.0442936787205923_37.5030103853983761|127.0444068427994182_37.5028586561034274|127.0445594426699216_37.5025715799587829
2026-09-04T09:00:31.559343+09:00,선릉역,선릉역,POI034,KEY_1,1220067200,테헤란로44길,1220425100,역삼동 805-14,127.0446844104283741_37.5026137429825184,1220033801,역삼동 707-12,127.0448489661988987_37.5023280363648013,35.0,11.0,정체,127.0448489661988987_37.5023280363648013|127.0448257245955972_37.5023478943872206|127.0446844104283741_37.5026137429825184
2026-09-04T09:00:31.559343+09:00,선릉역,선릉역,POI034,KEY_1,1220067300,역삼로63길,1220369600,대치동 899-17,127.0520617732479707_37.5022788964194831,1220035303,대치동 1011-19,127.0514857362790195_37.5034880610051431,144.0,12.0,정체,127.0514857362790195_37.5034880610051431|127.0520617732479707_37.5022788964194831
2026-09-04T09:00:31.559343+09:00,선릉역,선릉역,POI034,KEY_1,1220067700,테헤란로52길,1220034404,진선여자고등학교,127.0485994425350498_37.5026948948454901,1220034502,진선여자중학교,127.0477058613497690_37.5029198869641291,83.0,18.0,서행,127.0477058613497690_37.5029198869641291|127.0482637055277451_37.5027833474549865|127.0485650684316852_37.5027095837196143|127.0485994425350498_37.5026948948454901
2026-09-04T09:00:31.559343+09:00,선릉역,선릉역,POI034,KEY_1,1220067800,테헤란로52길,1220289300,역삼동 708-33,127.0483035617519079_37.5028867005181183,1220034401,진선여자고등학교,127.0487756743473824_37.5027422782434172,45.0,20.0,서행,127.0487756743473824_37.5027422782434172|127.0486175648109253_37.5028098431502173|127.0483035617519079_37.5028867005181183
2026-09-04T09:00:31.559343+09:00,선릉역,선릉역,POI034,KEY_1,1220068000,선릉로85길,1220034401,진선여자고등학교,127.0487756743473824_37.5027422782434172,1220034604,진선여고,127.0496481972099332_37.5029943484915336,83.0,17.5,서행,127.0496481972099332_37.5029943484915336|127.0488838028640259_37.5027428534322240|127.0487756743473824_37.5027422782434172
2026-09-04T09:00:31.559343+09:00,선릉역,선릉역,POI034,KEY_1,1220068400,테헤란로52길,1220034504,진선여자중학교,127.0476018129394333_37.5030213687362988,1220035003,도시개발신문,127.0475579221615732_37.5031154893994980,11.0,16.0,서행,127.0475579221615732_37.5031154893994980|127.0476018129394333_37.5030213687362988
2026-09-04T09:00:31.559343+09:00,선릉역,선릉역,POI034,KEY_1,1220068600,선릉로86길,1220271900,대치동 1011-18,127.0502748335649130_37.5030853689336396,1220034602,진선여고,127.0498209559993370_37.5029344252388057,43.0,17.0,서행,127.0498209559993370_37.5029344252388057|127.0502748335649130_37.5030853689336396
2026-09-04T09:00:31.559343+09:00,선릉역,선릉역,POI034,KEY_1,1220068700,선릉로86길,1220272000,대치동 889-46,127.0502225545053534_37.5031851452885192,1220035304,대치동 1011-19,127.0514375857766964_37.5035892110017741,116.0,12.0,정체,127.0514375857766964_37.5035892110017741|127.0510727414042123_37.5034678816585227|127.0506832483399933_37.5033383536890739|127.0502225545053534_37.5031851452885192
2026-09-04T09:00:31.559343+09:00,선릉역,선릉역,POI034,KEY_1,1220069201,테헤란로43길,1220034905,국제섬유신문,127.0440100661521683_37.5035966744363876,1220035603,속성변화점,127.0438833453921603_37.5038704428559555,32.0,3.0,정체,127.0438833453921603_37.5038704428559555|127.0440100661521683_37.5035966744363876
2026-09-04T09:00:31.559343+09:00,선릉역,선릉역,POI034,KEY_1,1220069202,테헤란로43길,1220034909,블랙베리박물관,127.0442359817900950_37.5031085999901350,1220034904,국제섬유신문,127.0440570321479470_37.5034952082934012,46.0,3.0,정체,127.0440570321479470_37.5034952082934012|127.0442359817900950_37.5031085999901350
2026-09-04T09:00:31.559343+09:00,선릉역,선릉역,POI034,KEY_1,1220069301,테헤란로43길,1220034903,국제섬유신문,127.0441843649481370_37.5035326168648098,1220034906,블랙베리박물관,127.0443627780408065_37.5031471670482617,46.0,12.0,정체,127.0443627780408065_37.5031471670482617|127.0441843649481370_37.5035326168648098
2026-09-04T09:00:31.559343+09:00,선릉역,선릉역,POI034,KEY_1,1220069302,테헤란로43길,1220035602,이환빌딩,127.0440106778918334_37.5039078512403847,1220034902,국제섬유신문,127.0441373988766571_37.5036340831138304,32.0,14.0,정체,127.0441373988766571_37.5036340831138304|127.0440106778918334_37.5039078512403847
2026-09-04T09:00:31.559343+09:00,선릉역,선릉역,POI034,KEY_1,1220069400,선릉로89길,1220035001,도시개발신문,127.0476361765401236_37.5032539819536694,1220035504,선릉역(서울2호선),127.0492928042660310_37.5037603648988949,157.0,6.0,정체,127.0492928042660310_37.5037603648988949|127.0476361765401236_37.5032539819536694
2026-09-04T09:00:31.559343+09:00,선릉역,선릉역,POI034,KEY_1,1220069500,테헤란로52길,1220035004,도시개발신문,127.0475102746900689_37.5032136202441109,1220035703,역삼동 804,127.0471670915627840_37.5038930671752482,81.0,13.0,정체,127.0471670915627840_37.5038930671752482|127.0475102746900689_37.5032136202441109
2026-09-04T09:00:31.559343+09:00,선릉역,선릉역,POI034,KEY_1,1220069600,테헤란로52길,1220035702,역삼동 804,127.0472942790560325_37.5039308877385196,1220035001,도시개발신문,127.0476361765401236_37.5032539819536694,81.0,14.0,정체,127.0476361765401236_37.5032539819536694|127.0472942790560325_37.5039308877385196
2026-09-04T09:00:31.559343+09:00,선릉역,선릉역,POI034,KEY_1,1220069900,선릉로86길,1220368500,대치동 896-8,127.0519565654232679_37.5036215470825738,1220035302,대치동 1011-19,127.0516171337999509_37.5035169501664427,32.0,7.0,정체,127.0516171337999509_37.5035169501664427|127.0516507264595560_37.5035213954269935|127.0519565654232679_37.5036215470825738
2026-09-04T09:00:31.559343+09:00,선릉역,선릉역,POI034,KEY_1,1220070000,선릉로86길,1220291800,대치동 1011-12,127.0536876429382716_37.5043052918240960,1220036204,롯데캐슬아파트,127.0557455057748939_37.5049791009656133,197.0,12.5,정체,127.0557455057748939_37.5049791009656133|127.0536876429382716_37.5043052918240960
2026-09-04T09:00:31.559343+09:00,선릉역,선릉역,POI034,KEY_1,1220070100,테헤란로64길,1220327000,대치동 890-49,127.0511666174652987_37.5044640143400940,1220035301,대치동 890-57,127.0515680449655349_37.5036200563672182,100.0,11.0,정체,127.0515680449655349_37.5036200563672182|127.0514128759260046_37.5039462849432255|127.0511666174652987_37.5044640143400940
2026-09-04T09:00:31.559343+09:00,선릉역,선릉역,POI034,KEY_1,1220070200,테헤란로64길,1220327100,대치동 1011-11,127.0510397087366101_37.5044257017429885,1220036303,월간부동산경제,127.0507602689269504_37.5049958100575296,68.0,16.0,서행,127.0507602689269504_37.5049958100575296|127.0508397863444259_37.5048460080051811|127.0510397087366101_37.5044257017429885
2026-09-04T09:00:31.559343+09:00,선릉역,선릉역,POI034,KEY_1,1220070300,선릉로93길,1220374900,역삼동 702-31,127.0452775257639217_37.5043015743408361,1220035602,이환빌딩,127.0440106778918334_37.5039078512403847,120.0,9.0,정체,127.0440106778918334_37.5039078512403847|127.0446181406134656_37.5040968150351475|127.0452456907805328_37.5042920231553651|127.0452775257639217_37.5043015743408361
2026-09-04T09:00:31.559343+09:00,선릉역,선릉역,POI034,KEY_1,1220070400,선릉로93길,1220374800,역삼동 802-37,127.0452296953085209_37.5044027582226391,1220036104,우리빌딩,127.0467047231793600_37.5048452859594335,139.0,15.0,서행,127.0467047231793600_37.5048452859594335|127.0452296953085209_37.5044027582226391
2026-09-04T09:00:31.559343+09:00,선릉역,선릉역,POI034,KEY_1,1220070500,언주로94길,1220035603,속성변화점,127.0438833453921603_37.5038704428559555,1220035802,센터필드EAST,127.0421318287953625_37.5041808866634341,184.0,21.0,서행,127.0421318287953625_37.5041808866634341|127.0426856690897637_37.5043235110338884|127.0428279173818282_37.5043501211974117|127.0429646936048016_37.5043500715293163|127.0436734217523451_37.5042155266854564|127.0437402751845042_37.5041595513156381|127.0438359819385852_37.5039686758785251|127.0438833453921603_37.5038704428559555
2026-09-04T09:00:31.559343+09:00,선릉역,선릉역,POI034,KEY_1,1220070600,언주로94길,1220406900,역삼동 700-38,127.0429923173944360_37.5044559753481082,1220035601,이환빌딩,127.0439620134067269_37.5040087840446006,108.0,3.0,정체,127.0439620134067269_37.5040087840446006|127.0438566121118811_37.5042189961629546|127.0437440122160382_37.5043132731677531|127.0429923173944360_37.5044559753481082
2026-09-04T09:00:31.559343+09:00,선릉역,선릉역,POI034,KEY_1,1220070700,테헤란로51길,1220035704,역삼동 804,127.0471173294836689_37.5039936601345545,1220036103,우리빌딩,127.0467535949327811_37.5047444149913147,89.0,13.0,정체,127.0467535949327811_37.5047444149913147|127.0468396453975544_37.5045668067024280|127.0471173294836689_37.5039936601345545
2026-09-04T09:00:31.559343+09:00,선릉역,선릉역,POI034,KEY_1,1220070800,테헤란로51길,1220323800,역삼동 705-31,127.0469662568829392_37.5046057396921384,1220035701,역삼동 804,127.0472444652040593_37.5040315100491171,68.0,12.0,정체,127.0472444652040593_37.5040315100491171|127.0469662568829392_37.5046057396921384
2026-09-04T09:00:31.559343+09:00,선릉역,선릉역,POI034,KEY_1,1220071100,삼성로85길,1220036503,이비스스타일앰배서더서울강남,127.0573585733390729_37.5053724936751181,1220036202,롯데캐슬아파트,127.0559213381150556_37.5049190420530891,137.0,12.0,정체,127.0559213381150556_37.5049190420530891|127.0573585733390729_37.5053724936751181
2026-09-04T09:00:31.559343+09:00,선릉역,선릉역,POI034,KEY_1,1220071200,삼성로85길,1220036201,롯데캐슬아파트,127.0558713656280361_37.5050195657570598,1220036504,이비스스타일앰배서더서울강남,127.0573055376119243_37.5054720518562945,136.0,16.0,서행,127.0573055376119243_37.5054720518562945|127.0558713656280361_37.5050195657570598
2026-09-04T09:00:31.559343+09:00,선릉역,선릉역,POI034,KEY_1,1220071300,선릉로93길,1220036703,선릉역(수인분당선),127.0484330543986573_37.5055999334302470,1220036102,우리빌딩,127.0468696615953377_37.5048051128072615,169.0,7.0,정체,127.0468696615953377_37.5048051128072615|127.0472577382230241_37.5052092417498173|127.0475341574507979_37.5053011288221043|127.0479304710487156_37.5054328695665120|127.0484330543986573_37.5055999334302470
2026-09-04T09:00:31.559343+09:00,선릉역,선릉역,POI034,KEY_1,1220071400,선릉로93길,1220335200,역삼동 696-45,127.0478782088464129_37.5055326522576777,1220036704,선릉역(수인분당선),127.0483821896187351_37.5057001806225543,48.0,13.5,정체,127.0483821896187351_37.5057001806225543|127.0478782088464129_37.5055326522576777
2026-09-04T09:00:31.559343+09:00,선릉역,선릉역,POI034,KEY_1,1220071500,테헤란로78길,1220268600,대치동 1011-6,127.0553089900937067_37.5058177697578614,1220037203,포스코미술관,127.0550468873825025_37.5063213325861398,61.0,15.0,서행,127.0550468873825025_37.5063213325861398|127.0553089900937067_37.5058177697578614
2026-09-04T09:00:31.559343+09:00,선릉역,선릉역,POI034,KEY_1,1220071600,테헤란로78길,1220037202,포스코미술관,127.0551734722876205_37.5063604107458772,1220036201,롯데캐슬아파트,127.0558713656280361_37.5050195657570598,161.0,17.0,서행,127.0558713656280361_37.5050195657570598|127.0556616943434847_37.5054224074410030|127.0554343582095669_37.5058591832844215|127.0551734722876205_37.5063604107458772
2026-09-04T09:00:31.559343+09:00,선릉역,선릉역,POI034,KEY_1,1220071700,테헤란로63길,1220423600,삼성동 172-98,127.0503997460840679_37.5057459597834253,1220037103,삼성동빌딩,127.0501931847878154_37.5061595041217970,49.0,8.0,정체,127.0501931847878154_37.5061595041217970|127.0502410686189307_37.5060786113238365|127.0503997460840679_37.5057459597834253
2026-09-04T09:00:31.559343+09:00,선릉역,선릉역,POI034,KEY_1,1220071800,테헤란로63길,1220423500,삼성동 142-5,127.0505266121239316_37.5057843667848871,1220036301,월간부동산경제,127.0508357905731600_37.5051361926111113,77.0,24.0,서행,127.0508357905731600_37.5051361926111113|127.0505266121239316_37.5057843667848871
2026-09-04T09:00:31.559343+09:00,선릉역,선릉역,POI034,KEY_1,1220071900,선릉로94길,1220037103,삼성동빌딩,127.0501931847878154_37.5061595041217970,1220036702,선릉역(수인분당선),127.0485587670993652_37.5056408010745486,156.0,15.0,서행,127.0485587670993652_37.5056408010745486|127.0490621091166048_37.5058005461863644|127.0501931847878154_37.5061595041217970
2026-09-04T09:00:31.559343+09:00,선릉역,선릉역,POI034,KEY_1,1220072000,선릉로94길,1220036701,선릉역(수인분당선),127.0485078851592107_37.5057410376844658,1220037104,삼성동빌딩,127.0501601069988027_37.5062653907136010,157.0,6.0,정체,127.0501601069988027_37.5062653907136010|127.0490118813641089_37.5059009903445002|127.0485078851592107_37.5057410376844658
2026-09-04T09:00:31.559343+09:00,선릉역,선릉역,POI034,KEY_1,1220072100,테헤란로69길,1220036804,KTF타워,127.0528495126162909_37.5057573699263784,1220037603,삼성동 172-89,127.0522708430014944_37.5069035359184255,137.0,20.0,서행,127.0522708430014944_37.5069035359184255|127.0524230958238974_37.5066019737352079|127.0526102703543501_37.5062312396574242|127.0528495126162909_37.5057573699263784
2026-09-04T09:00:31.559343+09:00,선릉역,선릉역,POI034,KEY_1,1220072200,테헤란로69길,1220345500,삼성동 172-99,127.0527361859108169_37.5062715853546678,1220036801,KTF타워,127.0529760573716800_37.5057964677758875,57.0,20.0,서행,127.0529760573716800_37.5057964677758875|127.0527361859108169_37.5062715853546678
2026-09-04T09:00:31.559343+09:00,선릉역,선릉역,POI034,KEY_1,1220072700,테헤란로63길,1220037104,삼성동빌딩,127.0501601069988027_37.5062653907136010,1220037303,정든빌딩,127.0501680356160392_37.5067325970078258,52.0,19.5,서행,127.0501680356160392_37.5067325970078258|127.0501601069988027_37.5062653907136010
2026-09-04T09:00:31.559343+09:00,선릉역,선릉역,POI034,KEY_1,1220072800,테헤란로63길,1220037302,정든빌딩,127.0503036864279096_37.5067277996371189,1220037101,삼성동빌딩,127.0502958135916458_37.5062639290552582,51.0,15.0,서행,127.0502958135916458_37.5062639290552582|127.0503036864279096_37.5067277996371189
2026-09-04T09:00:31.559343+09:00,선릉역,선릉역,POI034,KEY_1,1220073500,선릉로100길,1220369700,삼성동 172-89,127.0515841885179213_37.5067796298796594,1220037302,정든빌딩,127.0503036864279096_37.5067277996371189,113.0,26.0,원활,127.0503036864279096_37.5067277996371189|127.0515841885179213_37.5067796298796594
2026-09-04T09:00:31.559343+09:00,선릉역,선릉역,POI034,KEY_1,1220073600,선릉로100길,1220037301,정든빌딩,127.0502967986549976_37.5068357808075135,1220037604,삼성동 172-89,127.0522091422740658_37.5069998373663793,171.0,27.0,원활,127.0522091422740658_37.5069998373663793|127.0520785711498206_37.5069467447646474|127.0518857869076896_37.5069000953744691|127.0515773025849029_37.5068876111003817|127.0502967986549976_37.5068357808075135
2026-09-04T09:00:31.559343+09:00,선릉역,선릉역,POI034,KEY_1,1220073700,선릉로100길,1220419800,삼성동 172-88,127.0489998316540294_37.5068690014972219,1220037902,선릉공원,127.0471720593799319_37.5070534520707710,163.0,24.0,서행,127.0471720593799319_37.5070534520707710|127.0474044325196132_37.5070552676544722|127.0489998316540294_37.5068690014972219
2026-09-04T09:00:31.559343+09:00,선릉역,선릉역,POI034,KEY_1,1220073800,선릉로100길,1220037901,선릉공원,127.0469965891165742_37.5071602068898287,1220037304,정든빌딩,127.0501877186652990_37.5068395748828394,285.0,22.0,서행,127.0501877186652990_37.5068395748828394|127.0490195130558817_37.5069759794436237|127.0474136620712926_37.5071634656356494|127.0469965891165742_37.5071602068898287
2026-09-04T09:00:31.559343+09:00,선릉역,선릉역,POI034,KEY_1,1220074600,삼성로95길,1220038503,마루빌딩,127.0534532547879820_37.5074151103447733,1220037602,삼성동 172-89,127.0523915908889165_37.5069541192693592,107.0,25.0,원활,127.0523915908889165_37.5069541192693592|127.0534532547879820_37.5074151103447733
2026-09-04T09:00:31.559343+09:00,선릉역,선릉역,POI034,KEY_1,1220075600,삼성로95길,1220406500,삼성동 172-90,127.0542714833571409_37.5077257788648311,1220038502,마루빌딩,127.0535960100787065_37.5074744096809738,66.0,12.0,정체,127.0535960100787065_37.5074744096809738|127.0540234447238248_37.5076262489432253|127.0542714833571409_37.5077257788648311
2026-09-04T09:00:31.559343+09:00,선릉역,선릉역,POI034,KEY_1,1220078300,봉은사로68길,1220392700,삼성동 172-73,127.0530668262036471_37.5086067783565937,1220038501,마루빌딩,127.0536095457558048_37.5075976007268892,126.0,21.5,서행,127.0536095457558048_37.5075976007268892|127.0536270441107263_37.5077568563279229|127.0536175999609867_37.5078783512049867|127.0536010378548042_37.5079533619661234|127.0532756349020502_37.5083408529318518|127.0530933339902475_37.5085844180251726|127.0530668262036471_37.5086067783565937
2026-09-04T09:00:31.559343+09:00,선릉역,선릉역,POI034,KEY_1,1220330700,테헤란로43길,1220034105,르네상스호텔교차로,127.0435597867368074_37.5029050914540534,1220034905,국제섬유신문,127.0440100661521683_37.5035966744363876,122.0,7.0,정체,127.0440100661521683_37.5035966744363876|127.0436463251092079_37.5034967442712031|127.0433326699137950_37.5034026470018773|127.0435597867368074_37.5029050914540534
2026-09-04T09:00:31.559343+09:00,선릉역,선릉역,POI034,KEY_1,1220330800,테헤란로43길,1220034904,국제섬유신문,127.0440570321479470_37.5034952082934012,1220034102,르네상스호텔교차로,127.0436867528111975_37.5029433037034892,98.0,6.0,정체,127.0436867528111975_37.5029433037034892|127.0435060706377044_37.5033391353576278|127.0436923689629509_37.5033950244486789|127.0440570321479470_37.5034952082934012
2026-09-04T09:00:31.559343+09:00,성신여대입구역,성신여대입구역,POI035,KEY_2,1070005902,고려대로7길,1070009903,동선동2가 2-12,127.0176192672884525_37.5897727856347075,1070010303,하늘다리(동측),127.0169126278614584_37.5903777968666262,92.0,8.0,정체,127.0169126278614584_37.5903777968666262|127.0169401511210765_37.5903235362831509|127.0170002694840861_37.5902430465021453|127.0176192672884525_37.5897727856347075
2026-09-04T09:00:31.559343+09:00,성신여대입구역,성신여대입구역,POI035,KEY_2,1070006002,고려대로7길,1070010302,하늘다리(동측),127.0170394750946059_37.5904165844383797,1070009904,동선동2가 2-12,127.0177130914113519_37.5898509870969306,87.0,3.0,정체,127.0177130914113519_37.5898509870969306|127.0171075576426318_37.5903110198803319|127.0170622572597949_37.5903716704267481|127.0170394750946059_37.5904165844383797
2026-09-04T09:00:31.559343+09:00,성신여대입구역,성신여대입구역,POI035,KEY_2,1070006502,보문로34길,1070010201,하늘다리(서측),127.0165586656954559_37.5903884913356379,1070010304,하늘다리(동측),127.0168751057147887_37.5904820436575946,30.0,6.0,정체,127.0168751057147887_37.5904820436575946|127.0165586656954559_37.5903884913356379
2026-09-04T09:00:31.559343+09:00,성신여대입구역,성신여대입구역,POI035,KEY_2,1070006602,보문로34길,1070010303,하늘다리(동측),127.0169126278614584_37.5903777968666262,1070010202,하늘다리(서측),127.0166059853883098_37.5902871410901014,29.0,16.0,서행,127.0166059853883098_37.5902871410901014|127.0169126278614584_37.5903777968666262
2026-09-04T09:00:31.559343+09:00,성신여대입구역,성신여대입구역,POI035,KEY_2,1070007000,보문로34길,1070178200,동선동2가 10-1,127.0184456420819572_37.5908604765532530,1070010302,하늘다리(동측),127.0170394750946059_37.5904165844383797,134.0,13.5,정체,127.0170394750946059_37.5904165844383797|127.0184456420819572_37.5908604765532530
2026-09-04T09:00:31.559343+09:00,성신여대입구역,성신여대입구역,POI035,KEY_2,1070007101,동소문로20길,1070010304,하늘다리(동측),127.0168751057147887_37.5904820436575946,1070010403,성신여대입구역(우이신설경전철),127.0167328226829540_37.5911976949289937,80.0,7.0,정체,127.0167328226829540_37.5911976949289937|127.0168015831991823_37.5908518469217512|127.0168751057147887_37.5904820436575946
2026-09-04T09:00:31.559343+09:00,성신여대입구역,성신여대입구역,POI035,KEY_2,1070007102,동소문로20길,1070189800,동소문동5가 65-6,127.0165453469041097_37.5921183733808775,1070011403,성신여대입구역사거리,127.0164391257461887_37.5926067210998767,55.0,7.5,정체,127.0164391257461887_37.5926067210998767|127.0165453469041097_37.5921183733808775
2026-09-04T09:00:31.559343+09:00,성신여대입구역,성신여대입구역,POI035,KEY_2,1070007201,동소문로20길,1070217800,동선동1가 5-1,127.0169357870388751_37.5908687418819838,1070010301,하늘다리(동측),127.0170047370346680_37.5905219344376036,39.0,18.0,서행,127.0170047370346680_37.5905219344376036|127.0169357870388751_37.5908687418819838
2026-09-04T09:00:31.559343+09:00,성신여대입구역,성신여대입구역,POI035,KEY_2,1070007702,동소문로,1070191300,동소문동6가 10-2,127.0145774605457092_37.5924002821867944,1070011204,성신여대입구역,127.0157407964704248_37.5925412837108297,104.0,14.5,정체,127.0157407964704248_37.5925412837108297|127.0155688164207959_37.5925158470959602|127.0152429599720847_37.5924762180501730|127.0150037964714045_37.5924587492791531|127.0148577137105974_37.5924431614350354|127.0147441962490404_37.5924270782359216|127.0145774605457092_37.5924002821867944
2026-09-04T09:00:31.559343+09:00,성신여대입구역,성신여대입구역,POI035,KEY_2,1070007703,동소문로,1070011201,성신여대입구역,127.0158752935630702_37.5925635166821124,1070011404,성신여대입구역사거리,127.0164161787219967_37.5927162489956643,51.0,15.0,서행,127.0164161787219967_37.5927162489956643|127.0161741705460230_37.5926359517155646|127.0159856262325775_37.5925831927881262|127.0158752935630702_37.5925635166821124
2026-09-04T09:00:31.559343+09:00,성신여대입구역,성신여대입구역,POI035,KEY_2,1070007801,동소문로,1070011003,동소문동5가 54-1,127.0148815318724047_37.5923367166396858,1070010802,성북구청입구교차로,127.0133127718712700_37.5917960363692458,152.0,30.0,원활,127.0133127718712700_37.5917960363692458|127.0139621904980771_37.5920947289044349|127.0141232416506938_37.5921587812784352|127.0141441991609810_37.5921671163592848|127.0143532692258077_37.5922299974821783|127.0146050805432481_37.5922944190553423|127.0147695578757663_37.5923208517137724|127.0148815318724047_37.5923367166396858
2026-09-04T09:00:31.559343+09:00,성신여대입구역,성신여대입구역,POI035,KEY_2,1070007802,동소문로,1070011403,성신여대입구역사거리,127.0164391257461887_37.5926067210998767,1070011002,동소문동5가 65-1,127.0150162167295349_37.5923510826165099,130.0,35.0,원활,127.0150162167295349_37.5923510826165099|127.0152594491616185_37.5923688483093557|127.0155915012157806_37.5924092315234120|127.0157656264955506_37.5924349850518809|127.0159050086856922_37.5924580145421103|127.0160231508369577_37.5924790834847826|127.0162228939912552_37.5925349762665917|127.0164391257461887_37.5926067210998767
2026-09-04T09:00:31.559343+09:00,성신여대입구역,성신여대입구역,POI035,KEY_2,1070008600,동소문로,1070217600,동선동1가 101-1,127.0173731193807072_37.5930450746463052,1070011402,성신여대입구역사거리,127.0165670307477939_37.5926526509804191,84.0,48.3,원활,127.0165670307477939_37.5926526509804191|127.0168368755280710_37.5927622646081758|127.0170626909825984_37.5928666328168575|127.0172973428945937_37.5929975253992126|127.0173731193807072_37.5930450746463052
2026-09-04T09:00:31.559343+09:00,성신여대입구역,성신여대입구역,POI035,KEY_2,1070009501,아리랑로,1070011404,성신여대입구역사거리,127.0164161787219967_37.5927162489956643,1070011903,성신여대입구역(서울4호선),127.0163070681390423_37.5932706597657145,62.0,5.0,정체,127.0163070681390423_37.5932706597657145|127.0164161787219967_37.5927162489956643
2026-09-04T09:00:31.559343+09:00,성신여대입구역,성신여대입구역,POI035,KEY_2,1070009502,아리랑로,1070152500,동소문동6가 200-1,127.0161022456183559_37.5942459627278893,1070013303,흥천사입구,127.0153444563614613_37.5964186545611980,252.0,14.0,정체,127.0153444563614613_37.5964186545611980|127.0158188667783890_37.5955277742552951|127.0158434474531646_37.5954639148354701|127.0158506544361643_37.5954451914158199|127.0160294984277414_37.5945904614207151|127.0161022456183559_37.5942459627278893
2026-09-04T09:00:31.559343+09:00,성신여대입구역,성신여대입구역,POI035,KEY_2,1070009601,아리랑로,1070152400,동선동4가 62-1,127.0162362461145733_37.5942638784102030,1070011401,성신여대입구역사거리,127.0165441646656461_37.5927647547090160,169.0,24.0,서행,127.0165441646656461_37.5927647547090160|127.0164413089041631_37.5932873874350264|127.0164179583282191_37.5934033471139699|127.0163543209479826_37.5937047158219642|127.0162362461145733_37.5942638784102030
2026-09-04T09:00:31.559343+09:00,성신여대입구역,성신여대입구역,POI035,KEY_2,1070026500,동소문로,1070181400,동소문동5가 118-1,127.0160530935796004_37.5912416782053072,1070010903,동일하이빌아파트,127.0149594233561601_37.5919301839374782,155.0,6.0,정체,127.0149594233561601_37.5919301839374782|127.0150138337729260_37.5916857225979797|127.0150919169856820_37.5913348985611790|127.0151619182899196_37.5912762458128924|127.0153666425906778_37.5912860924097174|127.0160530935796004_37.5912416782053072
2026-09-04T09:00:31.559343+09:00,성신여대입구역,성신여대입구역,POI035,KEY_2,1070026600,동소문로,1070181500,동소문동5가 118-1,127.0160641056095443_37.5913494417794638,1070010404,성신여대입구역(우이신설경전철),127.0167106452625632_37.5913076060878240,57.0,18.0,서행,127.0167106452625632_37.5913076060878240|127.0160641056095443_37.5913494417794638
2026-09-04T09:00:31.559343+09:00,성신여대입구역,성신여대입구역,POI035,KEY_2,1070026800,보문로40길,1070010903,동일하이빌아파트,127.0149594233561601_37.5919301839374782,1070010602,성북구청입구,127.0135671858635504_37.5915271608862156,131.0,9.0,정체,127.0135671858635504_37.5915271608862156|127.0147074627602990_37.5918996231696596|127.0147774769798161_37.5919135419600607|127.0149594233561601_37.5919301839374782
2026-09-04T09:00:31.559343+09:00,성신여대입구역,성신여대입구역,POI035,KEY_2,1070026900,보문로40길,1070010601,성북구청입구,127.0134721138476550_37.5916129798123109,1070010904,동일하이빌아파트,127.0149376262676526_37.5920370213863748,138.0,21.0,서행,127.0149376262676526_37.5920370213863748|127.0147531482231074_37.5920201476797970|127.0146649758462445_37.5920026190555703|127.0134721138476550_37.5916129798123109
2026-09-04T09:00:31.559343+09:00,성신여대입구역,성신여대입구역,POI035,KEY_2,1070027000,동소문로,1070010904,동일하이빌아파트,127.0149376262676526_37.5920370213863748,1070011003,동소문동5가 54-1,127.0148815318724047_37.5923367166396858,34.0,9.0,정체,127.0148815318724047_37.5923367166396858|127.0149376262676526_37.5920370213863748
2026-09-04T09:00:31.559343+09:00,성신여대입구역,성신여대입구역,POI035,KEY_2,1070027100,동소문로,1070011002,동소문동5가 65-1,127.0150162167295349_37.5923510826165099,1070010901,동일하이빌아파트,127.0150720184948625_37.5920529485815251,33.0,4.0,정체,127.0150720184948625_37.5920529485815251|127.0150162167295349_37.5923510826165099
2026-09-04T09:00:31.559343+09:00,성신여대입구역,성신여대입구역,POI035,KEY_2,1070028700,아리랑로,1070208700,동소문동6가 140-1,127.0157330995905625_37.5927917752668392,1070011904,성신여대입구역(서울4호선),127.0162839594818251_37.5933854316600673,87.0,10.0,정체,127.0162839594818251_37.5933854316600673|127.0159785893586246_37.5932414953664633|127.0158756041946901_37.5931682919617316|127.0157419765480853_37.5928464458237670|127.0157330995905625_37.5927917752668392
2026-09-04T09:00:31.559343+09:00,수유역,수유역,POI036,KEY_3,1080009803,한천로,1080151700,번동 386-16,127.0278903554192169_37.6393727312907700,1080016404,강북웨딩홀,127.0282200410424593_37.6391543174096554,38.0,7.0,정체,127.0282200410424593_37.6391543174096554|127.0278903554192169_37.6393727312907700
2026-09-04T09:00:31.559343+09:00,수유역,수유역,POI036,KEY_3,1080008000,도봉로,1080015202,수유시외버스정류소,127.0236831694384279_37.6360907804609113,1080014201,수유사거리,127.0233556679664844_37.6347442902930567,157.0,17.0,서행,127.0233556679664844_37.6347442902930567|127.0233018635561280_37.6352888705356889|127.0233175543222046_37.6354070103498799|127.0233430823840308_37.6355173868229684|127.0233955533373802_37.6356355217398075|127.0234453674785868_37.6357565952720634|127.0235352966461022_37.6359041479519192|127.0236251021237166_37.6360284821932822|127.0236831694384279_37.6360907804609113
2026-09-04T09:00:31.559343+09:00,수유역,수유역,POI036,KEY_3,1080008602,도봉로82길,1080226000,번동 391,127.0241644936939878_37.6357696032203535,1080015202,수유시외버스정류소,127.0236831694384279_37.6360907804609113,55.0,5.0,정체,127.0236831694384279_37.6360907804609113|127.0241644936939878_37.6357696032203535
2026-09-04T09:00:31.559343+09:00,수유역,수유역,POI036,KEY_3,1080009103,오패산로,1080158500,번동 386-16,127.0260853604169284_37.6375944430184219,1080016102,수유역앞교차로,127.0256194588501444_37.6379067843667983,54.0,7.0,정체,127.0256194588501444_37.6379067843667983|127.0260853604169284_37.6375944430184219
2026-09-04T09:00:31.559343+09:00,수유역,수유역,POI036,KEY_3,1080009301,도봉로,1080002901,번동 386-16,127.0231664465426604_37.6352899337358835,1080015203,수유시외버스정류소,127.0235736061376599_37.6361550867126198,104.0,18.5,서행,127.0235736061376599_37.6361550867126198|127.0235111603072085_37.6360878005974442|127.0234150337191750_37.6359547144529927|127.0233190142585045_37.6357971691573283|127.0232668329031753_37.6356703423469057|127.0232113146315527_37.6355453442665109|127.0231828133108536_37.6354221130901792|127.0231664465426604_37.6352899337358835
2026-09-04T09:00:31.559343+09:00,수유역,수유역,POI036,KEY_3,1080009302,도봉로,1080156300,수유동 140,127.0250179650912514_37.6375154509010059,1080016103,수유역앞교차로,127.0255162867766927_37.6379771983937559,68.0,24.0,서행,127.0255162867766927_37.6379771983937559|127.0250179650912514_37.6375154509010059
2026-09-04T09:00:31.559343+09:00,수유역,수유역,POI036,KEY_3,1080009402,도봉로,1080073400,번동 386-16,127.0242352713134437_37.6366200409223595,1080015201,수유시외버스정류소,127.0237672815486718_37.6361757911882933,64.0,13.0,정체,127.0237672815486718_37.6361757911882933|127.0242352713134437_37.6366200409223595
2026-09-04T09:00:31.559343+09:00,수유역,수유역,POI036,KEY_3,1080009703,한천로,1080016003,번동 386-16,127.0299779896407841_37.6378716339951396,1080016402,강북웨딩홀,127.0282279267782144_37.6390089170082121,199.0,24.0,서행,127.0282279267782144_37.6390089170082121|127.0299779896407841_37.6378716339951396
2026-09-04T09:00:31.559343+09:00,수유역,수유역,POI036,KEY_3,1080009704,한천로,1080016403,강북웨딩홀,127.0281210425953446_37.6390791820698425,1080003302,강북구청사거리,127.0273999361081678_37.6395569047145599,83.0,17.0,서행,127.0273999361081678_37.6395569047145599|127.0278033307742049_37.6392896628693592|127.0281210425953446_37.6390791820698425
2026-09-04T09:00:31.559343+09:00,수유역,수유역,POI036,KEY_3,1080009802,한천로,1080016401,강북웨딩홀,127.0283249364074294_37.6390855039041270,1080016004,번동 386-16,127.0300640215044723_37.6379553522579826,198.0,32.0,원활,127.0300640215044723_37.6379553522579826|127.0283249364074294_37.6390855039041270
2026-09-04T09:00:31.559343+09:00,수유역,수유역,POI036,KEY_3,1080009900,도봉로,1080047000,수유동 140,127.0270207603614807_37.6393715289835100,1080003303,강북구청사거리,127.0272963919230165_37.6396269755500938,37.0,10.0,정체,127.0272963919230165_37.6396269755500938|127.0270207603614807_37.6393715289835100
2026-09-04T09:00:31.559343+09:00,수유역,수유역,POI036,KEY_3,1080010000,도봉로,1080003302,강북구청사거리,127.0273999361081678_37.6395569047145599,1080016101,수유역앞교차로,127.0257080007585841_37.6379888370540669,229.0,20.0,서행,127.0257080007585841_37.6379888370540669|127.0271239431816923_37.6393011235957502|127.0273999361081678_37.6395569047145599
2026-09-04T09:00:31.559343+09:00,수유역,수유역,POI036,KEY_3,1080010301,노해로,1080002901,번동 386-16,127.0231664465426604_37.6352899337358835,1080015303,수유사거리,127.0229982580287214_37.6361886528113985,101.0,4.0,정체,127.0229982580287214_37.6361886528113985|127.0230491409070765_37.6360140073621778|127.0230954897363063_37.6356468837192679|127.0231628676230997_37.6354251713480110|127.0231664465426604_37.6352899337358835
2026-09-04T09:00:31.559343+09:00,수유역,수유역,POI036,KEY_3,1080010302,노해로,1080015304,수유사거리,127.0229876277383028_37.6362964481573314,1080015903,한성빌딩,127.0228494863499407_37.6376972279147566,156.0,14.0,정체,127.0228494863499407_37.6376972279147566|127.0229876277383028_37.6362964481573314
2026-09-04T09:00:31.559343+09:00,수유역,수유역,POI036,KEY_3,1080010303,노해로,1080075700,수유동 140,127.0224197979474923_37.6413919672375812,1080016903,광산사거리,127.0222951825581958_37.6424932997948360,123.0,18.0,서행,127.0222951825581958_37.6424932997948360|127.0223303549133078_37.6421824549928701|127.0223878024834789_37.6416747415900090|127.0224197979474923_37.6413919672375812
2026-09-04T09:00:31.559343+09:00,수유역,수유역,POI036,KEY_3,1080010304,노해로,1080016904,광산사거리,127.0222815961850955_37.6426152684026505,1080017403,광산사거리,127.0222565141699675_37.6432080577765262,66.0,23.0,서행,127.0222565141699675_37.6432080577765262|127.0222415900239241_37.6431089181549936|127.0222383652308054_37.6430211692069321|127.0222815961850955_37.6426152684026505
2026-09-04T09:00:31.559343+09:00,수유역,수유역,POI036,KEY_3,1080010402,노해로,1080015902,한성빌딩,127.0229850488410364_37.6377056824230678,1080015301,수유사거리,127.0231238772314271_37.6363035834235546,156.0,21.0,서행,127.0231238772314271_37.6363035834235546|127.0229850488410364_37.6377056824230678
2026-09-04T09:00:31.559343+09:00,수유역,수유역,POI036,KEY_3,1080010403,노해로,1080128200,수유동 140,127.0229199583416033_37.6382534900182861,1080015901,한성빌딩,127.0229732198363592_37.6378134096389871,49.0,22.0,서행,127.0229732198363592_37.6378134096389871|127.0229199583416033_37.6382534900182861
2026-09-04T09:00:31.559343+09:00,수유역,수유역,POI036,KEY_3,1080010404,노해로,1080017402,광산사거리,127.0223798519249527_37.6431177142399491,1080016901,광산사거리,127.0224170781558968_37.6426243925686279,55.0,11.0,정체,127.0224170781558968_37.6426243925686279|127.0223744999869666_37.6430241617647852|127.0223773205328683_37.6431008980557209|127.0223798519249527_37.6431177142399491
2026-09-04T09:00:31.559343+09:00,수유역,수유역,POI036,KEY_3,1080010900,삼각산로,1080116900,수유동 140,127.0213634369372357_37.6419126554108203,1080016904,광산사거리,127.0222815961850955_37.6426152684026505,113.0,15.0,서행,127.0222815961850955_37.6426152684026505|127.0221156936451194_37.6425294098279721|127.0217836952744790_37.6422534289198722|127.0217078661471390_37.6421919419448017|127.0215164280236877_37.6420367113308743|127.0213634369372357_37.6419126554108203
2026-09-04T09:00:31.559343+09:00,수유역,수유역,POI036,KEY_3,1080011101,한천로,1080003303,강북구청사거리,127.0272963919230165_37.6396269755500938,1080016602,쌍문시장,127.0266863981054115_37.6400485444776081,71.0,9.7,정체,127.0266863981054115_37.6400485444776081|127.0269422583467929_37.6398717195093795|127.0272963919230165_37.6396269755500938
2026-09-04T09:00:31.559343+09:00,수유역,수유역,POI036,KEY_3,1080011104,한천로,1080115800,수유동 140,127.0232223773573992_37.6425073065817628,1080017402,광산사거리,127.0223798519249527_37.6431177142399491,101.0,10.0,정체,127.0223798519249527_37.6431177142399491|127.0226468883839317_37.6429218971916342|127.0227483095569170_37.6428482628419303|127.0232223773573992_37.6425073065817628
2026-09-04T09:00:31.559343+09:00,수유역,수유역,POI036,KEY_3,1080011201,한천로,1080110500,수유동 140,127.0270314454666050_37.6399533258760783,1080003304,강북구청사거리,127.0273850195992651_37.6397089683551442,41.0,13.0,정체,127.0273850195992651_37.6397089683551442|127.0270314454666050_37.6399533258760783
2026-09-04T09:00:31.559343+09:00,수유역,수유역,POI036,KEY_3,1080011202,한천로,1080112100,수유동 140,127.0252466462093679_37.6411988384507481,1080016604,쌍문시장,127.0266738125599062_37.6402009050989221,168.0,18.0,서행,127.0266738125599062_37.6402009050989221|127.0263045023562682_37.6404591461986371|127.0252466462093679_37.6411988384507481
2026-09-04T09:00:31.559343+09:00,수유역,수유역,POI036,KEY_3,1080011203,한천로,1080017401,광산사거리,127.0224184143844752_37.6432365102794435,1080017204,광산사거리,127.0227390640422271_37.6430013781192727,38.0,13.0,정체,127.0227390640422271_37.6430013781192727|127.0224184143844752_37.6432365102794435
2026-09-04T09:00:31.559343+09:00,수유역,수유역,POI036,KEY_3,1080011301,도봉로,1080060100,수유동 140,127.0306004514326617_37.6426841969638559,1080017102,강북구-도봉구,127.0308257491886792_37.6428931106192053,31.0,8.0,정체,127.0308257491886792_37.6428931106192053|127.0306004514326617_37.6426841969638559
2026-09-04T09:00:31.559343+09:00,수유역,수유역,POI036,KEY_3,1080011401,도봉로,1080148000,번동 386-16,127.0288995422619678_37.6409419521947370,1080003301,강북구청사거리,127.0274885730155745_37.6396389056824674,191.0,17.0,서행,127.0274885730155745_37.6396389056824674|127.0286952516696459_37.6407532913383776|127.0288995422619678_37.6409419521947370
2026-09-04T09:00:31.559343+09:00,수유역,수유역,POI036,KEY_3,1080011701,한천로150길,1080017204,광산사거리,127.0227390640422271_37.6430013781192727,1080017603,수유동 147,127.0234399674013446_37.6435776119042629,89.0,9.0,정체,127.0234399674013446_37.6435776119042629|127.0230342462796358_37.6432440579369043|127.0227390640422271_37.6430013781192727
2026-09-04T09:00:31.559343+09:00,수유역,수유역,POI036,KEY_3,1080011702,한천로150길,1080067100,수유동 694-1,127.0270426136358566_37.6449180881712522,1080018002,강북구-도봉구,127.0274281234246558_37.6451501418039811,43.0,11.0,정체,127.0274281234246558_37.6451501418039811|127.0270788313504369_37.6449493887403364|127.0270426136358566_37.6449180881712522
2026-09-04T09:00:31.559343+09:00,수유역,수유역,POI036,KEY_3,1080011801,한천로150길,1080038600,수유동 141,127.0231319780003645_37.6431688921579166,1080017201,광산사거리,127.0228395148250087_37.6429284480442590,37.0,22.0,서행,127.0228395148250087_37.6429284480442590|127.0231319780003645_37.6431688921579166
2026-09-04T09:00:31.559343+09:00,수유역,수유역,POI036,KEY_3,1080011802,한천로150길,1080163300,수유동 147,127.0241618599472559_37.6436534197422503,1080017602,수유동 147,127.0236131674350020_37.6435644896973614,49.0,23.0,서행,127.0236131674350020_37.6435644896973614|127.0240590981584603_37.6436445515889417|127.0241618599472559_37.6436534197422503
2026-09-04T09:00:31.559343+09:00,수유역,수유역,POI036,KEY_3,1080012301,노해로,1080017404,광산사거리,127.0223175758041947_37.6433102339396655,1080017703,원남빌딩,127.0226179050192314_37.6436435751257079,46.0,9.0,정체,127.0226179050192314_37.6436435751257079|127.0223175758041947_37.6433102339396655
2026-09-04T09:00:31.559343+09:00,수유역,수유역,POI036,KEY_3,1080012401,노해로,1080017702,원남빌딩,127.0227796397990403_37.6436374411399228,1080017401,광산사거리,127.0224184143844752_37.6432365102794435,55.0,27.0,원활,127.0224184143844752_37.6432365102794435|127.0227796397990403_37.6436374411399228
2026-09-04T09:00:31.559343+09:00,수유역,수유역,POI036,KEY_3,1080012402,노해로,1080109000,수유동 252-147,127.0235321681217897_37.6445554686688695,1080017701,원남빌딩,127.0228650113697171_37.6437391865908069,108.0,29.0,원활,127.0228650113697171_37.6437391865908069|127.0230607508394485_37.6439786807207284|127.0234439357460161_37.6444475155171503|127.0235321681217897_37.6445554686688695
2026-09-04T09:00:31.559343+09:00,수유역,수유역,POI036,KEY_3,1080012601,한천로,1080017802,성일빌딩,127.0216586112420742_37.6437908797410401,1080017404,광산사거리,127.0223175758041947_37.6433102339396655,79.0,35.0,원활,127.0223175758041947_37.6433102339396655|127.0219574608576494_37.6435729013975973|127.0216586112420742_37.6437908797410401
2026-09-04T09:00:31.559343+09:00,수유역,수유역,POI036,KEY_3,1080028800,수유로,1080015303,수유사거리,127.0229982580287214_37.6361886528113985,1080014701,수유5동사무소,127.0196296035613130_37.6354694768000684,316.0,14.0,정체,127.0196296035613130_37.6354694768000684|127.0196618238943103_37.6354991334178237|127.0197320600272661_37.6355471748465007|127.0198055328148001_37.6355856679477725|127.0198680257195178_37.6356135068326125|127.0199653824943766_37.6356568765132451|127.0202420867677802_37.6357640222951773|127.0205825288630592_37.6358730997497020|127.0206347803766249_37.6358884735904198|127.0209615626878730_37.6359846213166023|127.0210525776655430_37.6360114000487229|127.0213979901811570_37.6361100853538346|127.0216445353368471_37.6361805232032367|127.0217730123288931_37.6362063490435546|127.0217867365767006_37.6362091078179262|127.0219302934594907_37.6362240303695188|127.0220706801763839_37.6362267612068706|127.0222776181497437_37.6362225021000967|127.0224141929671902_37.6362139761998264|127.0229012279700527_37.6361835709619328|127.0229982580287214_37.6361886528113985
2026-09-04T09:00:31.559343+09:00,수유역,수유역,POI036,KEY_3,1080028900,수유로,1080214400,수유동 143,127.0224248327344299_37.6363217629655793,1080015304,수유사거리,127.0229876277383028_37.6362964481573314,50.0,20.0,서행,127.0229876277383028_37.6362964481573314|127.0229020860330280_37.6362919683322943|127.0224248327344299_37.6363217629655793
2026-09-04T09:00:31.559343+09:00,수유역,수유역,POI036,KEY_3,1080029100,도봉로82길,1080015302,수유사거리,127.0231345500635882_37.6361957908305484,1080015203,수유시외버스정류소,127.0235736061376599_37.6361550867126198,42.0,16.0,서행,127.0235736061376599_37.6361550867126198|127.0235145314210854_37.6361122691585663|127.0232717727846534_37.6361373695695676|127.0231345500635882_37.6361957908305484
2026-09-04T09:00:31.559343+09:00,수유역,수유역,POI036,KEY_3,1080030000,덕릉로41길,1080056400,번동 416-118,127.0276656701430369_37.6383417113699252,1080016203,번동 416-19,127.0274257118923913_37.6385046095529532,28.0,7.0,정체,127.0274257118923913_37.6385046095529532|127.0276656701430369_37.6383417113699252
2026-09-04T09:00:31.559343+09:00,수유역,수유역,POI036,KEY_3,1080030200,한천로131길,1080016203,번동 416-19,127.0274257118923913_37.6385046095529532,1080015801,서울강북경찰서,127.0265402141837114_37.6374306750451026,143.0,7.0,정체,127.0265402141837114_37.6374306750451026|127.0266918623168522_37.6376924623126428|127.0268206522959247_37.6378868296333167|127.0269609021722204_37.6380660945815109|127.0273791837187218_37.6384682159555339|127.0274257118923913_37.6385046095529532
2026-09-04T09:00:31.559343+09:00,수유역,수유역,POI036,KEY_3,1080030300,한천로131길,1080015804,서울강북경찰서,127.0264324979401351_37.6375031317895292,1080016204,번동 418-3,127.0273303726697804_37.6385816903498878,145.0,7.0,정체,127.0273303726697804_37.6385816903498878|127.0272788693371098_37.6385414054732266|127.0268503025075404_37.6381293941757562|127.0267026408067892_37.6379406569185022|127.0265698925462488_37.6377403159305146|127.0264324979401351_37.6375031317895292
2026-09-04T09:00:31.559343+09:00,수유역,수유역,POI036,KEY_3,1080030600,한천로139길,1080091000,수유동 142,127.0247879820656038_37.6385298259940555,1080015902,한성빌딩,127.0229850488410364_37.6377056824230678,191.0,13.0,정체,127.0229850488410364_37.6377056824230678|127.0234677051405043_37.6377319368771239|127.0235267678141753_37.6377475797293712|127.0237756329887020_37.6379867161345629|127.0241969008081355_37.6382500965158187|127.0244024240663236_37.6383514825667049|127.0247039950171484_37.6385009283449250|127.0247879820656038_37.6385298259940555
2026-09-04T09:00:31.559343+09:00,수유역,수유역,POI036,KEY_3,1080030800,한천로131길,1080016402,강북웨딩홀,127.0282279267782144_37.6390089170082121,1080016202,번동 417-18,127.0275246363479198_37.6385796093806704,78.0,10.0,정체,127.0275246363479198_37.6385796093806704|127.0275475902735991_37.6385965752124534|127.0279986243420751_37.6388609522476472|127.0282279267782144_37.6390089170082121
2026-09-04T09:00:31.559343+09:00,수유역,수유역,POI036,KEY_3,1080030900,한천로131길,1080016201,번동 418-3,127.0274320745246115_37.6386588024939144,1080016403,강북웨딩홀,127.0281210425953446_37.6390791820698425,77.0,18.0,서행,127.0281210425953446_37.6390791820698425|127.0279154104788688_37.6389464907444165|127.0274606942933957_37.6386799563932897|127.0274320745246115_37.6386588024939144
2026-09-04T09:00:31.559343+09:00,수유역,수유역,POI036,KEY_3,1080031700,노해로22길,1080017603,수유동 147,127.0234399674013446_37.6435776119042629,1080017702,원남빌딩,127.0227796397990403_37.6436374411399228,59.0,22.0,서행,127.0227796397990403_37.6436374411399228|127.0233264025382312_37.6435930200839692|127.0234399674013446_37.6435776119042629
2026-09-04T09:00:31.559343+09:00,수유역,수유역,POI036,KEY_3,1080031800,노해로22길,1080017701,원남빌딩,127.0228650113697171_37.6437391865908069,1080017604,수유동 605-77,127.0235544803541501_37.6436717552080538,61.0,36.0,원활,127.0235544803541501_37.6436717552080538|127.0233447680138283_37.6437002083349483|127.0228650113697171_37.6437391865908069
2026-09-04T09:00:31.559343+09:00,수유역,수유역,POI036,KEY_3,1080031900,노해로,1080017703,원남빌딩,127.0226179050192314_37.6436435751257079,1080017802,성일빌딩,127.0216586112420742_37.6437908797410401,88.0,4.0,정체,127.0216586112420742_37.6437908797410401|127.0217303154022375_37.6437988114114930|127.0221374868864217_37.6437973518002380|127.0221882192326888_37.6437864385601699|127.0224688583896295_37.6436690710073023|127.0225845057136382_37.6436444151185583|127.0226179050192314_37.6436435751257079
2026-09-04T09:00:31.559343+09:00,수유역,수유역,POI036,KEY_3,1080032000,노해로,1080017801,성일빌딩,127.0215279269870052_37.6438855832635184,1080017704,원남빌딩,127.0227112002526297_37.6437494010203721,108.0,16.0,서행,127.0227112002526297_37.6437494010203721|127.0226045245666739_37.6437520842929914|127.0225187236848257_37.6437703762629639|127.0222382213104027_37.6438876871446908|127.0221558543603777_37.6439054051771507|127.0217212086632941_37.6439069627147660|127.0215279269870052_37.6438855832635184
2026-09-04T09:00:31.559343+09:00,수유역,수유역,POI036,KEY_3,1090044400,도봉로,1090000702,우이교앞교차로,127.0311828397790350_37.6430569437685492,1080017101,강북구-도봉구,127.0309288510039636_37.6428226257850653,34.0,10.0,정체,127.0309288510039636_37.6428226257850653|127.0311828397790350_37.6430569437685492
2026-09-04T09:00:31.559343+09:00,수유역,수유역,POI036,KEY_3,1090044500,도봉로,1080017102,강북구-도봉구,127.0308257491886792_37.6428931106192053,1090000703,우이교앞교차로,127.0310729519188158_37.6431211684896070,33.0,8.0,정체,127.0310729519188158_37.6431211684896070|127.0308257491886792_37.6428931106192053
2026-09-04T09:00:31.559343+09:00,수유역,수유역,POI036,KEY_3,1090044600,한천로150길,1090000902,한일병원,127.0279685895414303_37.6450803801061440,1080018001,강북구-도봉구,127.0275077754502036_37.6450625164904054,45.0,24.0,서행,127.0275077754502036_37.6450625164904054|127.0276429361835682_37.6451401989281891|127.0276803680900457_37.6451498423920157|127.0277351194381907_37.6451384257800754|127.0279685895414303_37.6450803801061440
2026-09-04T09:00:31.559343+09:00,수유역,수유역,POI036,KEY_3,1090044700,한천로150길,1080018002,강북구-도봉구,127.0274281234246558_37.6451501418039811,1090000903,한일병원,127.0278597593353567_37.6452207179505223,42.0,11.0,정체,127.0278597593353567_37.6452207179505223|127.0277726737142103_37.6452423697628973|127.0276763386695364_37.6452624555106468|127.0275806464922255_37.6452378026752044|127.0274281234246558_37.6451501418039811
2026-09-04T09:00:31.559343+09:00,숭례문,숭례문,POI131,KEY_4,1010002301,소월로,1010155400,최소노드배치점,126.9760533414636114_37.5582497344554369,1010013803,숭례문앞교차로,126.9755809845113532_37.5605189064983307,262.0,23.7,서행,126.9755809845113532_37.5605189064983307|126.9757337889885065_37.5603525891795087|126.9757984686316661_37.5601874326070444|126.9757969708594061_37.5599997077910714|126.9757198667068110_37.5593373627741514|126.9757048763582503_37.5591937029204388|126.9757309859065373_37.5590497713064551|126.9757785893644524_37.5588840435687814|126.9759074328705282_37.5585745471584289|126.9759297486065890_37.5585209420058632|126.9759522152383795_37.5584716422248093|126.9760533414636114_37.5582497344554369
2026-09-04T09:00:31.559343+09:00,숭례문,숭례문,POI131,KEY_4,1010002402,소월로,1010013802,숭례문앞교차로,126.9757600351255320_37.5605071695408910,1010011100,숭례문,126.9758644071737450_37.5590694809368770,164.0,9.0,정체,126.9758644071737450_37.5590694809368770|126.9758414948468044_37.5591969276911115|126.9758551619603253_37.5593278985156402|126.9759327469906509_37.5599943665054212|126.9759344158917429_37.5602035603088922|126.9758567349293656_37.5604019178341417|126.9757600351255320_37.5605071695408910
2026-09-04T09:00:31.559343+09:00,숭례문,숭례문,POI131,KEY_4,1010002902,세종대로,1010088000,남대문로5가 84-15,126.9732159812998304_37.5579784751034964,1010011400,숭례문학당,126.9742665437086799_37.5591522019033732,160.0,15.0,서행,126.9742665437086799_37.5591522019033732|126.9738617088002712_37.5586999110099455|126.9732159812998304_37.5579784751034964
2026-09-04T09:00:31.559343+09:00,숭례문,숭례문,POI131,KEY_4,1010002903,세종대로,1010011400,숭례문학당,126.9742665437086799_37.5591522019033732,1010015502,숭례문앞,126.9748954449175216_37.5603663160010157,148.0,15.0,서행,126.9748954449175216_37.5603663160010157|126.9748468953437168_37.5603089259620049|126.9746855723265071_37.5601208840657534|126.9746137545376854_37.5599415792683970|126.9745483394273009_37.5596299211490319|126.9744734144699265_37.5594109852280340|126.9742665437086799_37.5591522019033732
2026-09-04T09:00:31.559343+09:00,숭례문,숭례문,POI131,KEY_4,1010003902,칠패로,1010012401,연세봉래빌딩,126.9728961137524550_37.5597716675716882,1010013504,서울태평로우체국,126.9737754401947001_37.5598470846353862,78.0,12.0,정체,126.9737754401947001_37.5598470846353862|126.9736091972524719_37.5598219183409583|126.9728961137524550_37.5597716675716882
2026-09-04T09:00:31.559343+09:00,숭례문,숭례문,POI131,KEY_4,1010004002,칠패로,1010013502,속성변화점,126.9740489449279721_37.5597823376631155,1010012402,속성변화점,126.9729080901224023_37.5596639686996383,102.0,25.0,원활,126.9729080901224023_37.5596639686996383|126.9736279176620428_37.5597146948757512|126.9738890961723428_37.5597566563457050|126.9740489449279721_37.5597823376631155
2026-09-04T09:00:31.559343+09:00,숭례문,숭례문,POI131,KEY_4,1010005101,남대문로,1010013801,숭례문앞교차로,126.9756943412395600_37.5606249038699929,1010015000,숭례문,126.9764459331227329_37.5606350021971664,67.0,11.5,정체,126.9764459331227329_37.5606350021971664|126.9761770959942169_37.5605854916413975|126.9759176766868478_37.5605967861663927|126.9756943412395600_37.5606249038699929
2026-09-04T09:00:31.559343+09:00,숭례문,숭례문,POI131,KEY_4,1010005201,남대문로,1010014800,숭례문,126.9764883666133954_37.5605318420117769,1010013802,숭례문앞교차로,126.9757600351255320_37.5605071695408910,65.0,11.0,정체,126.9757600351255320_37.5605071695408910|126.9759033237710781_37.5604891294319145|126.9761889274862341_37.5604766950548168|126.9764883666133954_37.5605318420117769
2026-09-04T09:00:31.559343+09:00,숭례문,숭례문,POI131,KEY_4,1010005202,남대문로,1010105800,남대문로4가 24-1,126.9773600444245005_37.5608297698874694,1010014800,숭례문,126.9764883666133954_37.5605318420117769,84.0,10.0,정체,126.9764883666133954_37.5605318420117769|126.9773600444245005_37.5608297698874694
2026-09-04T09:00:31.559343+09:00,숭례문,숭례문,POI131,KEY_4,1010005901,세종대로,1010015501,숭례문앞,126.9750008599633020_37.5604365486671696,1010013804,숭례문앞교차로,126.9755531451685755_37.5606249719220884,53.0,16.0,서행,126.9755531451685755_37.5606249719220884|126.9754028377394803_37.5605915921021847|126.9751366781808457_37.5605012366469282|126.9750008599633020_37.5604365486671696
2026-09-04T09:00:31.559343+09:00,숭례문,숭례문,POI131,KEY_4,1010005902,세종대로,1010013804,숭례문앞교차로,126.9755531451685755_37.5606249719220884,1010017804,태평로2가 113-1,126.9759821545367657_37.5618238793823238,138.0,12.0,정체,126.9759821545367657_37.5618238793823238|126.9756910543935362_37.5610103756445426|126.9755531451685755_37.5606249719220884
2026-09-04T09:00:31.559343+09:00,숭례문,숭례문,POI131,KEY_4,1010005904,세종대로,1010017809,소공동주민센터,126.9763214748840596_37.5626583872939435,1010021603,시청앞광장,126.9768324946201261_37.5639716881909536,153.0,19.0,서행,126.9768324946201261_37.5639716881909536|126.9764915927669620_37.5630734109549138|126.9763214748840596_37.5626583872939435
2026-09-04T09:00:31.559343+09:00,숭례문,숭례문,POI131,KEY_4,1010005905,세종대로,1010017805,태평로2가 280,126.9760218053088749_37.5619272971520815,1010017808,소공동주민센터,126.9762793420332230_37.5625555984382302,73.0,19.5,서행,126.9762793420332230_37.5625555984382302|126.9760218053088749_37.5619272971520815
2026-09-04T09:00:31.559343+09:00,숭례문,숭례문,POI131,KEY_4,1010006001,세종대로,1010015700,숭례문,126.9758216757282128_37.5609807560682611,1010013801,숭례문앞교차로,126.9756943412395600_37.5606249038699929,41.0,12.0,정체,126.9756943412395600_37.5606249038699929|126.9758216757282128_37.5609807560682611
2026-09-04T09:00:31.559343+09:00,숭례문,숭례문,POI131,KEY_4,1010006002,세종대로,1010021602,시청앞광장,126.9769689889781006_37.5639574810137518,1010015700,숭례문,126.9758216757282128_37.5609807560682611,346.0,16.3,서행,126.9758216757282128_37.5609807560682611|126.9761127772680140_37.5617942588954108|126.9761509252078469_37.5618937585952821|126.9764084629013752_37.5625220596037011|126.9764505959815182_37.5626248484352132|126.9766211792211692_37.5630410044178191|126.9769689889781006_37.5639574810137518
2026-09-04T09:00:31.559343+09:00,숭례문,숭례문,POI131,KEY_4,1010025000,세종대로5길,1010009801,청암빌딩,126.9717079416461587_37.5585466375375603,1010012202,숭례문학당,126.9742748764175104_37.5595190981504885,256.0,14.0,정체,126.9742748764175104_37.5595190981504885|126.9738902974027042_37.5594176881754152|126.9732580878187207_37.5590467827891743|126.9725988537744144_37.5587016101154347|126.9723765861687639_37.5586285243969087|126.9717079416461587_37.5585466375375603
2026-09-04T09:00:31.559343+09:00,숭례문,숭례문,POI131,KEY_4,1010025700,세종대로,1010011400,숭례문학당,126.9742665437086799_37.5591522019033732,1010012201,숭례문학당,126.9742810386167378_37.5594068263078924,28.0,16.0,서행,126.9742810386167378_37.5594068263078924|126.9742665437086799_37.5591522019033732
2026-09-04T09:00:31.559343+09:00,숭례문,숭례문,POI131,KEY_4,1010026600,세종대로,1010012202,숭례문학당,126.9742748764175104_37.5595190981504885,1010013502,속성변화점,126.9740489449279721_37.5597823376631155,38.0,27.0,원활,126.9740489449279721_37.5597823376631155|126.9741150100377496_37.5597678403268418|126.9741805117776181_37.5597165730551339|126.9742464328148515_37.5595997767984215|126.9742747291389691_37.5595199465246452|126.9742748764175104_37.5595190981504885
2026-09-04T09:00:31.559343+09:00,숭례문,숭례문,POI131,KEY_4,1010026800,남대문로,1010014800,숭례문,126.9764883666133954_37.5605318420117769,1010011100,숭례문,126.9758644071737450_37.5590694809368770,185.0,12.0,정체,126.9758644071737450_37.5590694809368770|126.9758795592592975_37.5591125336731508|126.9758641531054906_37.5591939851637946|126.9759578405099205_37.5599862959824407|126.9759704486266543_37.5601312860724406|126.9760507361714588_37.5602633560949499|126.9761537145355277_37.5603739896225477|126.9763022172343057_37.5604655608040190|126.9764279735615418_37.5605091608890334|126.9764883666133954_37.5605318420117769
2026-09-04T09:00:31.559343+09:00,숭례문,숭례문,POI131,KEY_4,1010028100,칠패로,1010013501,서울태평로우체국,126.9739368551684606_37.5598715198189694,1010015502,숭례문앞,126.9748954449175216_37.5603663160010157,104.0,10.0,정체,126.9748954449175216_37.5603663160010157|126.9747412413605190_37.5602379012476604|126.9745837444805971_37.5601125063439625|126.9743897378353950_37.5599922209763335|126.9741885345064247_37.5598987284625991|126.9739368551684606_37.5598715198189694
2026-09-04T09:00:31.559343+09:00,숭례문,숭례문,POI131,KEY_4,1010028800,남대문로,1010015700,숭례문,126.9758216757282128_37.5609807560682611,1010015000,숭례문,126.9764459331227329_37.5606350021971664,84.0,15.0,서행,126.9764459331227329_37.5606350021971664|126.9763771801474945_37.5606275849701134|126.9762640154305728_37.5606077628684645|126.9761188999622306_37.5606156137238472|126.9760253099623242_37.5606453934247568|126.9759279729758958_37.5606841119779062|126.9758493363337521_37.5607734919220704|126.9758081301075663_37.5608688386806833|126.9758216757282128_37.5609807560682611
2026-09-04T09:00:31.559343+09:00,숭례문,숭례문,POI131,KEY_4,1010029800,세종대로9길,1010016601,서울상공회의소,126.9739942067467524_37.5610861238427134,1010015501,숭례문앞,126.9750008599633020_37.5604365486671696,115.0,17.0,서행,126.9750008599633020_37.5604365486671696|126.9743374081002969_37.5608988908602583|126.9739942067467524_37.5610861238427134
2026-09-04T09:00:31.559343+09:00,숭례문,숭례문,POI131,KEY_4,1010030200,세종대로7길,1010013504,서울태평로우체국,126.9737754401947001_37.5598470846353862,1010017203,삼성공제회관,126.9723447378598280_37.5614351869967891,218.0,16.0,서행,126.9723447378598280_37.5614351869967891|126.9724426435651878_37.5613486396344527|126.9728287590755400_37.5609439824650480|126.9729870635557489_37.5607477483518011|126.9732909060755475_37.5603060974689171|126.9734911044854755_37.5600733096733634|126.9737754401947001_37.5598470846353862
2026-09-04T09:00:31.559343+09:00,숭례문,숭례문,POI131,KEY_4,1010030300,세종대로7길,1010017202,삼성공제회관,126.9724677288777457_37.5614880344311644,1010013501,서울태평로우체국,126.9739368551684606_37.5598715198189694,223.0,20.5,서행,126.9739368551684606_37.5598715198189694|126.9735960423329431_37.5601426793156890|126.9734067863791722_37.5603627440718739|126.9731039079903923_37.5608029953193991|126.9729401492897267_37.5610059894173247|126.9725473673189668_37.5614176353293558|126.9724677288777457_37.5614880344311644
2026-09-04T09:00:31.559343+09:00,숭례문,숭례문,POI131,KEY_4,1010030400,세종대로9길,1010015502,숭례문앞,126.9748954449175216_37.5603663160010157,1010016602,서울상공회의소,126.9739174290618422_37.5609969379700317,111.0,5.0,정체,126.9739174290618422_37.5609969379700317|126.9742539978041691_37.5608133230553776|126.9748954449175216_37.5603663160010157
2026-09-04T09:00:31.559343+09:00,숭례문,숭례문,POI131,KEY_4,1010032200,서소문로12길,1010018502,서소문교회,126.9747633700022931_37.5620674980203830,1010016601,서울상공회의소,126.9739942067467524_37.5610861238427134,128.0,12.0,정체,126.9739942067467524_37.5610861238427134|126.9744465436808554_37.5616737041432032|126.9747633700022931_37.5620674980203830
2026-09-04T09:00:31.559343+09:00,숭례문,숭례문,POI131,KEY_4,1010032300,서소문로12길,1010016604,서울상공회의소,126.9738808575842484_37.5611458069729096,1010018503,서소문교회,126.9746147466654236_37.5620832401554381,123.0,16.0,서행,126.9746147466654236_37.5620832401554381|126.9743314442682589_37.5617311132080829|126.9738808575842484_37.5611458069729096
2026-09-04T09:00:31.559343+09:00,숭례문,숭례문,POI131,KEY_4,1010032700,세종대로9길,1010016603,서울상공회의소,126.9738076756016198_37.5610547243624069,1010017202,삼성공제회관,126.9724677288777457_37.5614880344311644,168.0,15.0,서행,126.9724677288777457_37.5614880344311644|126.9731108178436614_37.5617726360549753|126.9731160404765689_37.5617715983951399|126.9734771479622708_37.5612521915043374|126.9735789952258358_37.5611711606731760|126.9738076756016198_37.5610547243624069
2026-09-04T09:00:31.559343+09:00,숭례문,숭례문,POI131,KEY_4,1010032800,세종대로9길,1010017201,삼성공제회관,126.9723774125475586_37.5615717687771919,1010016604,서울상공회의소,126.9738808575842484_37.5611458069729096,184.0,16.5,서행,126.9738808575842484_37.5611458069729096|126.9736645875834853_37.5612559239453319|126.9735867065820258_37.5613178870136366|126.9732062647113509_37.5618651036139326|126.9730916926246351_37.5618878772773002|126.9723774125475586_37.5615717687771919
2026-09-04T09:00:31.559343+09:00,숭례문,숭례문,POI131,KEY_4,1010033500,세종대로11길,1010017804,태평로2가 113-1,126.9759821545367657_37.5618238793823238,1010018502,서소문교회,126.9747633700022931_37.5620674980203830,111.0,10.5,정체,126.9747633700022931_37.5620674980203830|126.9748858706072667_37.5620545226508469|126.9749991336940695_37.5620338999985037|126.9753712299025068_37.5619661488297325|126.9759821545367657_37.5618238793823238
2026-09-04T09:00:31.559343+09:00,숭례문,숭례문,POI131,KEY_4,1010033600,세종대로11길,1010105500,태평로2가 252,126.9750294174586429_37.5621392977174651,1010017805,태평로2가 280,126.9760218053088749_37.5619272971520815,91.0,16.0,서행,126.9760218053088749_37.5619272971520815|126.9754054696340546_37.5620708256454421|126.9750294174586429_37.5621392977174651
2026-09-04T09:00:31.559343+09:00,숭례문,숭례문,POI131,KEY_4,1010035000,서소문로12길,1010020202,중앙일보사,126.9742502538365869_37.5631241528421853,1010018501,서소문교회,126.9747917025249961_37.5621735699209296,120.0,13.5,정체,126.9747917025249961_37.5621735699209296|126.9747501775862588_37.5625032287475307|126.9746651993805102_37.5625957455904143|126.9745466004009700_37.5626917899282518|126.9744603303331587_37.5627616532963344|126.9742502538365869_37.5631241528421853
2026-09-04T09:00:31.559343+09:00,시의회 앞,시의회 앞,POI130,KEY_1,1000005203,세종대로,1000031000,청계광장,126.9770921904126482_37.5694157550093379,1000002000,청계광장,126.9771060680401717_37.5690311929919076,43.0,11.0,정체,126.9771060680401717_37.5690311929919076|126.9770921904126482_37.5694157550093379
2026-09-04T09:00:31.559343+09:00,시의회 앞,시의회 앞,POI130,KEY_1,1000005204,세종대로,1000007400,청계천광장,126.9770893091757529_37.5695834801641908,1000031000,청계광장,126.9770921904126482_37.5694157550093379,19.0,14.0,정체,126.9770921904126482_37.5694157550093379|126.9770893091757529_37.5695834801641908
2026-09-04T09:00:31.559343+09:00,시의회 앞,시의회 앞,POI130,KEY_1,1000000902,새문안로,1000008401,신문로1가141,126.9756642084840337_37.5702188245241615,1000009300,세종로208,126.9762005801091362_37.5702231750732523,47.0,37.0,원활,126.9762005801091362_37.5702231750732523|126.9756642084840337_37.5702188245241615
2026-09-04T09:00:31.559343+09:00,시의회 앞,시의회 앞,POI130,KEY_1,1000000903,새문안로,1000214200,세종대로사거리,126.9766244379145377_37.5702266110763219,1000009004,세종대로사거리,126.9769755542479714_37.5702294562480148,31.0,34.0,원활,126.9769755542479714_37.5702294562480148|126.9766244379145377_37.5702266110763219
2026-09-04T09:00:31.559343+09:00,시의회 앞,시의회 앞,POI130,KEY_1,1000001002,새문안로,1000007600,주한요르단명예영사관,126.9762019638013300_37.5701150604124336,1000008402,신문로1가141,126.9756655929920299_37.5701107106503116,47.0,9.0,정체,126.9756655929920299_37.5701107106503116|126.9762019638013300_37.5701150604124336
2026-09-04T09:00:31.559343+09:00,시의회 앞,시의회 앞,POI130,KEY_1,1000001003,새문안로,1000009003,세종대로사거리,126.9769600332011521_37.5701212054532618,1000007600,주한요르단명예영사관,126.9762019638013300_37.5701150604124336,67.0,7.0,정체,126.9762019638013300_37.5701150604124336|126.9766258211001428_37.5701184968726238|126.9769600332011521_37.5701212054532618
2026-09-04T09:00:31.559343+09:00,시의회 앞,시의회 앞,POI130,KEY_1,1000001301,종로,1000009001,세종대로사거리,126.9771187019505163_37.5702314111293560,1000009700,종로1가1-3,126.9777559525715844_37.5702421551131351,56.0,16.0,서행,126.9777559525715844_37.5702421551131351|126.9771187019505163_37.5702314111293560
2026-09-04T09:00:31.559343+09:00,시의회 앞,시의회 앞,POI130,KEY_1,1000001302,종로,1000009700,종로1가1-3,126.9777559525715844_37.5702421551131351,1000008804,광화문우체국,126.9784336631558119_37.5702494972367163,60.0,15.0,서행,126.9784336631558119_37.5702494972367163|126.9779432056922133_37.5702453112944994|126.9777559525715844_37.5702421551131351
2026-09-04T09:00:31.559343+09:00,시의회 앞,시의회 앞,POI130,KEY_1,1000001401,종로,1000008000,동아일보사,126.9777588281918099_37.5701340596360964,1000009002,세종대로사거리,126.9770959172438580_37.5701228829325231,59.0,19.0,서행,126.9770959172438580_37.5701228829325231|126.9777588281918099_37.5701340596360964
2026-09-04T09:00:31.559343+09:00,시의회 앞,시의회 앞,POI130,KEY_1,1000001402,종로,1000008803,광화문우체국,126.9784351192109852_37.5701413844145975,1000008000,동아일보사,126.9777588281918099_37.5701340596360964,60.0,13.0,정체,126.9777588281918099_37.5701340596360964|126.9779453713088060_37.5701372048683524|126.9784351192109852_37.5701413844145975
2026-09-04T09:00:31.559343+09:00,시의회 앞,시의회 앞,POI130,KEY_1,1000003700,청계천로,1010034102,무교동사거리,126.9792256224440905_37.5689816845044717,1000002000,청계광장,126.9771060680401717_37.5690311929919076,188.0,10.0,정체,126.9771060680401717_37.5690311929919076|126.9774434053876035_37.5690828687536680|126.9775440319711919_37.5690924240737019|126.9777213322496863_37.5690924576651568|126.9792256224440905_37.5689816845044717
2026-09-04T09:00:31.559343+09:00,시의회 앞,시의회 앞,POI130,KEY_1,1000003801,청계천로,1000031000,청계광장,126.9770921904126482_37.5694157550093379,1000007002,동아일보사,126.9783460265061024_37.5693222473721278,111.0,7.0,정체,126.9783460265061024_37.5693222473721278|126.9773834142662849_37.5693879956262435|126.9770921904126482_37.5694157550093379
2026-09-04T09:00:31.559343+09:00,시의회 앞,시의회 앞,POI130,KEY_1,1000004101,세종대로21길,1010036201,청계광장,126.9769724776174371_37.5689758850454254,1010034202,속성변화점,126.9761089175425468_37.5690525772719468,77.0,26.0,원활,126.9761089175425468_37.5690525772719468|126.9762590231906501_37.5690173503827225|126.9766423549418590_37.5690116154256089|126.9767891468850252_37.5690047706819641|126.9769724776174371_37.5689758850454254
2026-09-04T09:00:31.559343+09:00,시의회 앞,시의회 앞,POI130,KEY_1,1000004201,세종대로21길,1010034201,속성변화점,126.9761701151880970_37.5691453161545397,1010036202,청계광장,126.9769681640981389_37.5690870395436463,71.0,16.0,서행,126.9769681640981389_37.5690870395436463|126.9768062997742106_37.5691122763363623|126.9766476039636132_37.5691196746613940|126.9762762102917009_37.5691252318358337|126.9761701151880970_37.5691453161545397
2026-09-04T09:00:31.559343+09:00,시의회 앞,시의회 앞,POI130,KEY_1,1000004202,세종대로21길,1010034502,조선일보본사,126.9758538003934376_37.5694432589816216,1010034201,속성변화점,126.9761701151880970_37.5691453161545397,44.0,19.0,서행,126.9761701151880970_37.5691453161545397|126.9759646865800136_37.5693016963708999|126.9759165276521173_37.5693486608578553|126.9758538003934376_37.5694432589816216
2026-09-04T09:00:31.559343+09:00,시의회 앞,시의회 앞,POI130,KEY_1,1000004203,세종대로21길,1000008402,신문로1가141,126.9756655929920299_37.5701107106503116,1010034501,조선일보본사,126.9758232836738614_37.5695216067234981,67.0,4.0,정체,126.9758232836738614_37.5695216067234981|126.9756655929920299_37.5701107106503116
2026-09-04T09:00:31.559343+09:00,시의회 앞,시의회 앞,POI130,KEY_1,1000005101,세종대로,1010036202,청계광장,126.9769681640981389_37.5690870395436463,1000007300,세종로1-80,126.9769534872362158_37.5695820797097966,55.0,39.0,원활,126.9769534872362158_37.5695820797097966|126.9769561223222638_37.5694207011224321|126.9769681640981389_37.5690870395436463
2026-09-04T09:00:31.559343+09:00,시의회 앞,시의회 앞,POI130,KEY_1,1000005102,세종대로,1000007300,세종로1-80,126.9769534872362158_37.5695820797097966,1000009003,세종대로사거리,126.9769600332011521_37.5701212054532618,60.0,39.0,원활,126.9769600332011521_37.5701212054532618|126.9769532767960953_37.5697764532188643|126.9769534872362158_37.5695820797097966
2026-09-04T09:00:31.559343+09:00,시의회 앞,시의회 앞,POI130,KEY_1,1000005202,세종대로,1000009002,세종대로사거리,126.9770959172438580_37.5701228829325231,1000007400,청계천광장,126.9770893091757529_37.5695834801641908,60.0,6.0,정체,126.9770893091757529_37.5695834801641908|126.9770891110814688_37.5697756552470636|126.9770959172438580_37.5701228829325231
2026-09-04T09:00:31.559343+09:00,시의회 앞,시의회 앞,POI130,KEY_1,1000023800,세종대로,1000007300,세종로1-80,126.9769534872362158_37.5695820797097966,1000007600,주한요르단명예영사관,126.9762019638013300_37.5701150604124336,93.0,12.0,정체,126.9762019638013300_37.5701150604124336|126.9765157204813590_37.5700245083348179|126.9765948042672790_37.5699744620325760|126.9767188239706144_37.5698815155413541|126.9768230812362049_37.5697756907165257|126.9769442873751473_37.5696462098692763|126.9769534872362158_37.5695820797097966
2026-09-04T09:00:31.559343+09:00,시의회 앞,시의회 앞,POI130,KEY_1,1000023900,종로,1000008000,동아일보사,126.9777588281918099_37.5701340596360964,1000007400,청계천광장,126.9770893091757529_37.5695834801641908,91.0,11.0,정체,126.9770893091757529_37.5695834801641908|126.9770963075021939_37.5696479702720865|126.9772094321437663_37.5697743360528662|126.9773459521211265_37.5699388507560457|126.9774735034476549_37.5700533015790512|126.9775723207871607_37.5701062430602590|126.9777588281918099_37.5701340596360964
2026-09-04T09:00:31.559343+09:00,시의회 앞,시의회 앞,POI130,KEY_1,1010005904,세종대로,1010017809,소공동주민센터,126.9763214748840596_37.5626583872939435,1010021603,시청앞광장,126.9768324946201261_37.5639716881909536,153.0,19.0,서행,126.9768324946201261_37.5639716881909536|126.9764915927669620_37.5630734109549138|126.9763214748840596_37.5626583872939435
2026-09-04T09:00:31.559343+09:00,시의회 앞,시의회 앞,POI130,KEY_1,1010006002,세종대로,1010021602,시청앞광장,126.9769689889781006_37.5639574810137518,1010015700,숭례문,126.9758216757282128_37.5609807560682611,346.0,16.3,서행,126.9758216757282128_37.5609807560682611|126.9761127772680140_37.5617942588954108|126.9761509252078469_37.5618937585952821|126.9764084629013752_37.5625220596037011|126.9764505959815182_37.5626248484352132|126.9766211792211692_37.5630410044178191|126.9769689889781006_37.5639574810137518
2026-09-04T09:00:31.559343+09:00,시의회 앞,시의회 앞,POI130,KEY_1,1010007305,서소문로,1010060500,서소문동 42-3,126.9748814331857290_37.5634753132613639,1010021604,시청앞광장,126.9768728564433928_37.5640783561644085,191.0,19.0,서행,126.9768728564433928_37.5640783561644085|126.9766787939362445_37.5640859652900971|126.9765523317762188_37.5640754535460886|126.9763400428201123_37.5640251139761148|126.9749917778751325_37.5635158830683409|126.9748814331857290_37.5634753132613639
2026-09-04T09:00:31.559343+09:00,시의회 앞,시의회 앞,POI130,KEY_1,1010007405,서소문로,1010021603,시청앞광장,126.9768324946201261_37.5639716881909536,1010020202,중앙일보사,126.9742502538365869_37.5631241528421853,249.0,14.0,정체,126.9742502538365869_37.5631241528421853|126.9749383845103381_37.5633771573157134|126.9750493665217306_37.5634179614493959|126.9763888286545210_37.5639238670732283|126.9765790012718583_37.5639689628774178|126.9766825277856697_37.5639775680622137|126.9768324946201261_37.5639716881909536
2026-09-04T09:00:31.559343+09:00,시의회 앞,시의회 앞,POI130,KEY_1,1010008401,세종대로18길,1010021203,우성빌딩,126.9777193951018148_37.5638099385310227,1010021602,시청앞광장,126.9769689889781006_37.5639574810137518,68.0,9.0,정체,126.9769689889781006_37.5639574810137518|126.9777193951018148_37.5638099385310227
2026-09-04T09:00:31.559343+09:00,시의회 앞,시의회 앞,POI130,KEY_1,1010008402,세종대로18길,1010073800,소공동 87-15,126.9784945856248157_37.5638009334543241,1010021202,우성빌딩,126.9778443694909242_37.5637825313256783,58.0,9.0,정체,126.9778443694909242_37.5637825313256783|126.9779245419285019_37.5637634021338656|126.9780550037610567_37.5637507097928918|126.9781651142375978_37.5637590779395225|126.9784945856248157_37.5638009334543241
2026-09-04T09:00:31.559343+09:00,시의회 앞,시의회 앞,POI130,KEY_1,1010009902,세종대로,1010021604,시청앞광장,126.9768728564433928_37.5640783561644085,1010024204,시청앞교차로,126.9770880989032236_37.5648197786229900,85.0,20.0,서행,126.9770880989032236_37.5648197786229900|126.9770591791834136_37.5646629693451288|126.9770001947957212_37.5644354373990907|126.9769219936512883_37.5642088549141349|126.9768728564433928_37.5640783561644085
2026-09-04T09:00:31.559343+09:00,시의회 앞,시의회 앞,POI130,KEY_1,1010010000,세종대로,1010024203,시청앞교차로,126.9772135411598413_37.5647555843739269,1010021601,시청앞광장,126.9770081698073909_37.5640611462049279,79.0,13.5,정체,126.9770081698073909_37.5640611462049279|126.9770525488461743_37.5641790078298783|126.9771323290460572_37.5644101639924273|126.9771929938028450_37.5646441761629077|126.9772135411598413_37.5647555843739269
2026-09-04T09:00:31.559343+09:00,시의회 앞,시의회 앞,POI130,KEY_1,1010011000,덕수궁길,1010003702,국립현대미술관(덕수궁),126.9734800713954428_37.5653099277390794,1010024205,시청앞교차로,126.9771111379704962_37.5649683842586413,350.0,19.3,서행,126.9771111379704962_37.5649683842586413|126.9769955437966189_37.5648997036250520|126.9769191129801698_37.5648841239987448|126.9762643259252286_37.5649661911538288|126.9761744747147532_37.5649770829893868|126.9759779520215517_37.5650009053778362|126.9758689949813260_37.5650050124235619|126.9752013280298399_37.5649548066137768|126.9751376722967393_37.5649475156969572|126.9743014077374426_37.5648517294047579|126.9740978380537513_37.5648406360021241|126.9740518977143893_37.5648432379020889|126.9740231183313881_37.5648571744892976|126.9736843653272729_37.5652451675209207|126.9735504744861458_37.5653043393530339|126.9734800713954428_37.5653099277390794
2026-09-04T09:00:31.559343+09:00,시의회 앞,시의회 앞,POI130,KEY_1,1010011100,소공로,1010024703,시청앞광장,126.9784672029423973_37.5649273269454653,1010024202,시청앞교차로,126.9772712943529740_37.5649019993645936,106.0,6.0,정체,126.9772712943529740_37.5649019993645936|126.9774098801302102_37.5649281244663342|126.9776269810423628_37.5649428736685351|126.9783249021099323_37.5649392241840445|126.9784672029423973_37.5649273269454653
2026-09-04T09:00:31.559343+09:00,시의회 앞,시의회 앞,POI130,KEY_1,1010011200,소공로,1010024201,시청앞교차로,126.9772516593585294_37.5650094083765893,1010024704,시청앞광장,126.9784659259494219_37.5650361481380060,108.0,17.0,서행,126.9784659259494219_37.5650361481380060|126.9783324600417700_37.5650473063687187|126.9776216401868254_37.5650510228301613|126.9773883375840597_37.5650351731031407|126.9772516593585294_37.5650094083765893
2026-09-04T09:00:31.559343+09:00,시의회 앞,시의회 앞,POI130,KEY_1,1010013800,세종대로,1010004902,강원도민일보(서울본부),126.9771979915670101_37.5670009920858590,1010024201,시청앞교차로,126.9772516593585294_37.5650094083765893,221.0,22.0,서행,126.9772516593585294_37.5650094083765893|126.9772632229602749_37.5651213527824481|126.9772704963173453_37.5652669803863901|126.9772680209366058_37.5654083777349115|126.9772559424266944_37.5656434912380419|126.9771979915670101_37.5670009920858590
2026-09-04T09:00:31.559343+09:00,시의회 앞,시의회 앞,POI130,KEY_1,1010016400,세종대로20길,1010152400,태평로1가 31-1,126.9781614739919320_37.5671149535760875,1010004804,한국체육박물관,126.9791327692852860_37.5670432031565085,86.0,12.0,정체,126.9791327692852860_37.5670432031565085|126.9790021637939503_37.5670657791657803|126.9788569191823626_37.5670778321488825|126.9783926986433755_37.5671163538151802|126.9781614739919320_37.5671149535760875
2026-09-04T09:00:31.559343+09:00,시의회 앞,시의회 앞,POI130,KEY_1,1010018100,세종대로,1010024205,시청앞교차로,126.9771111379704962_37.5649683842586413,1010036201,청계광장,126.9769724776174371_37.5689758850454254,445.0,19.5,서행,126.9769724776174371_37.5689758850454254|126.9770357842986499_37.5675064469025131|126.9770571241010231_37.5671045176161513|126.9770622406749681_37.5669973200828053|126.9771202099424414_37.5656394465692429|126.9771322330851717_37.5654054151655075|126.9771346338183520_37.5652683750225975|126.9771276194723697_37.5651279335943542|126.9771111379704962_37.5649683842586413
2026-09-04T09:00:31.559343+09:00,시의회 앞,시의회 앞,POI130,KEY_1,1010018200,세종대로,1000002000,청계광장,126.9771060680401717_37.5690311929919076,1010004901,강원도민일보(서울본부),126.9771928320576109_37.5671090827981402,213.0,24.0,서행,126.9771928320576109_37.5671090827981402|126.9771715167423451_37.5675105826680635|126.9771060680401717_37.5690311929919076
2026-09-04T09:00:31.559343+09:00,시의회 앞,시의회 앞,POI130,KEY_1,1010037000,남대문로1길,1010023102,서울프라자호텔,126.9781270908112134_37.5644147123986087,1010021201,우성빌딩,126.9778833665384354_37.5638860982800367,62.0,5.0,정체,126.9778833665384354_37.5638860982800367|126.9781270908112134_37.5644147123986087
2026-09-04T09:00:31.559343+09:00,시의회 앞,시의회 앞,POI130,KEY_1,1010037100,남대문로1길,1010021204,우성빌딩,126.9777519647640105_37.5639149035560536,1010023103,서울프라자호텔,126.9779917291016176_37.5644349310718795,61.0,12.0,정체,126.9779917291016176_37.5644349310718795|126.9777519647640105_37.5639149035560536
2026-09-04T09:00:31.559343+09:00,시의회 앞,시의회 앞,POI130,KEY_1,1010038300,소공로,1010023101,서울프라자호텔,126.9781769454158393_37.5645228411741812,1010023304,조선호텔,126.9787312154575005_37.5645930511843886,50.0,17.0,서행,126.9787312154575005_37.5645930511843886|126.9785957557285769_37.5645517262991930|126.9784554783557979_37.5645322032255891|126.9782121876750836_37.5645228476832003|126.9781769454158393_37.5645228411741812
2026-09-04T09:00:31.559343+09:00,시의회 앞,시의회 앞,POI130,KEY_1,1010039000,소공로,1010024202,시청앞교차로,126.9772712943529740_37.5649019993645936,1010023104,서울프라자호텔,126.9780385528240316_37.5645364866542977,82.0,4.0,정체,126.9780385528240316_37.5645364866542977|126.9776055199770184_37.5646501981039478|126.9774312688185773_37.5647230654274864|126.9773645076050741_37.5647713550531037|126.9773054583435652_37.5648401473905977|126.9772712943529740_37.5649019993645936
2026-09-04T09:00:31.559343+09:00,시의회 앞,시의회 앞,POI130,KEY_1,1010045900,새문안로2길,1010034503,조선일보본사,126.9757336729328898_37.5693927914711736,1010034403,덕수초교앞,126.9744623970510844_37.5693699781441666,112.0,17.5,서행,126.9744623970510844_37.5693699781441666|126.9751125420028046_37.5693767090831088|126.9754684882037736_37.5693803926704959|126.9757336729328898_37.5693927914711736
2026-09-04T09:00:31.559343+09:00,시의회 앞,시의회 앞,POI130,KEY_1,1010046000,새문안로2길,1010034402,덕수초교앞,126.9744431042179968_37.5694779067993210,1010034504,조선일보본사,126.9756904321789079_37.5694990761609162,110.0,21.0,서행,126.9756904321789079_37.5694990761609162|126.9754636204795446_37.5694884714731927|126.9751107757574573_37.5694848197226179|126.9744431042179968_37.5694779067993210
2026-09-04T09:00:31.559343+09:00,신논현역·논현역,신논현역·논현역,POI037,KEY_2,1210025402,사평대로,1210134700,반포동 749-35,127.0236141059144614_37.5043118599685954,1210040404,교보타워사거리,127.0243991052031305_37.5045524553287137,74.0,34.7,원활,127.0243991052031305_37.5045524553287137|127.0236141059144614_37.5043118599685954
2026-09-04T09:00:31.559343+09:00,신논현역·논현역,신논현역·논현역,POI037,KEY_2,1210027602,신반포로,1210275400,잠원동 99,127.0203821705510308_37.5108839074530920,1210046004,논현역앞교차로,127.0212424469134902_37.5111447623381054,81.0,36.0,원활,127.0212424469134902_37.5111447623381054|127.0203821705510308_37.5108839074530920
2026-09-04T09:00:31.559343+09:00,신논현역·논현역,신논현역·논현역,POI037,KEY_2,1210027702,신반포로,1210149300,반포동 749,127.0198333910656174_37.5106018115088986,1210045802,중앙일보,127.0194387100755051_37.5104821301408151,37.0,4.0,정체,127.0194387100755051_37.5104821301408151|127.0198333910656174_37.5106018115088986
2026-09-04T09:00:31.559343+09:00,신논현역·논현역,신논현역·논현역,POI037,KEY_2,1220025003,강남대로,1210394200,서초동 1373,127.0253434781147917_37.5025963782215541,1210040403,교보타워사거리,127.0244473968313343_37.5044514101080111,221.0,20.0,서행,127.0244473968313343_37.5044514101080111|127.0247108420325048_37.5039060466009033|127.0253434781147917_37.5025963782215541
2026-09-04T09:00:31.559343+09:00,신논현역·논현역,신논현역·논현역,POI037,KEY_2,1220027202,봉은사로,1210040401,교보타워사거리,127.0245260087286567_37.5045907813304069,1220036604,보건타임즈,127.0277136842342856_37.5055392843385320,301.0,13.0,정체,127.0277136842342856_37.5055392843385320|127.0258610708307287_37.5049880469825112|127.0253288463886605_37.5048296789477078|127.0252017084722951_37.5047918474566870|127.0245260087286567_37.5045907813304069
2026-09-04T09:00:31.559343+09:00,신논현역·논현역,신논현역·논현역,POI037,KEY_2,1220027301,봉은사로,1220036003,신논현역,127.0252491957505185_37.5046905608852796,1210040402,교보타워사거리,127.0245743023879044_37.5044897355058495,64.0,13.0,정체,127.0245743023879044_37.5044897355058495|127.0252491957505185_37.5046905608852796
2026-09-04T09:00:31.559343+09:00,신논현역·논현역,신논현역·논현역,POI037,KEY_2,1220027302,봉은사로,1220317200,역삼동 800,127.0259085572878206_37.5048867600619360,1220036002,신논현역,127.0253763334646919_37.5047283922381283,50.0,13.0,정체,127.0253763334646919_37.5047283922381283|127.0259085572878206_37.5048867600619360
2026-09-04T09:00:31.559343+09:00,신논현역·논현역,신논현역·논현역,POI037,KEY_2,1220027801,강남대로,1210040404,교보타워사거리,127.0243991052031305_37.5045524553287137,1210042503,HM타워,127.0238275183942562_37.5057614843330143,143.0,16.0,서행,127.0238275183942562_37.5057614843330143|127.0241540090957244_37.5050708914382724|127.0243991052031305_37.5045524553287137
2026-09-04T09:00:31.559343+09:00,신논현역·논현역,신논현역·논현역,POI037,KEY_2,1220027802,강남대로,1210042504,HM타워,127.0237750703768711_37.5058715959127795,1210043403,청하빌딩,127.0232278893486892_37.5070167220657709,136.0,16.5,서행,127.0232278893486892_37.5070167220657709|127.0237750703768711_37.5058715959127795
2026-09-04T09:00:31.559343+09:00,신논현역·논현역,신논현역·논현역,POI037,KEY_2,1220027803,강남대로,1210404600,반포동 749-18,127.0215110784695867_37.5105855711166996,1210046003,논현역앞교차로,127.0212906706428271_37.5110436959506757,54.0,16.0,서행,127.0212906706428271_37.5110436959506757|127.0215110784695867_37.5105855711166996
2026-09-04T09:00:31.559343+09:00,신논현역·논현역,신논현역·논현역,POI037,KEY_2,1220027901,강남대로,1220443400,논현동 280,127.0242810161496863_37.5051089999436158,1210040401,교보타워사거리,127.0245260087286567_37.5045907813304069,61.0,20.0,서행,127.0245260087286567_37.5045907813304069|127.0242810161496863_37.5051089999436158
2026-09-04T09:00:31.559343+09:00,신논현역·논현역,신논현역·논현역,POI037,KEY_2,1220027902,강남대로,1210043402,청하빌딩,127.0233547305241473_37.5070551876010612,1210042501,HM타워,127.0239019098950024_37.5059100608685441,136.0,20.0,서행,127.0239019098950024_37.5059100608685441|127.0233547305241473_37.5070551876010612
2026-09-04T09:00:31.559343+09:00,신논현역·논현역,신논현역·논현역,POI037,KEY_2,1220027903,강남대로,1220309900,논현동 280,127.0225878609492725_37.5086494889239788,1210043401,청하빌딩,127.0232987766696908_37.5071716970898308,176.0,21.0,서행,127.0232987766696908_37.5071716970898308|127.0230474222821186_37.5076941986452752|127.0225878609492725_37.5086494889239788
2026-09-04T09:00:31.559343+09:00,신논현역·논현역,신논현역·논현역,POI037,KEY_2,1220030407,학동로,1220325200,논현동 279-67,127.0221311305263896_37.5114114729703303,1220158004,논현역(서울7호선),127.0227048123846032_37.5115835049169206,54.0,8.5,정체,127.0227048123846032_37.5115835049169206|127.0221311305263896_37.5114114729703303
2026-09-04T09:00:31.559343+09:00,신논현역·논현역,신논현역·논현역,POI037,KEY_2,1220030506,학동로,1220325300,논현동 279-67,127.0221789489386168_37.5113102848538986,1210046002,논현역앞교차로,127.0214176087622775_37.5110819738494570,72.0,14.0,정체,127.0214176087622775_37.5110819738494570|127.0221789489386168_37.5113102848538986
2026-09-04T09:00:31.559343+09:00,신논현역·논현역,신논현역·논현역,POI037,KEY_2,1220030507,학동로,1220041903,주한부탄왕국명예총영사관,127.0234136233973601_37.5116805263399442,1220158002,논현역(서울7호선),127.0228796600953984_37.5115204088512186,50.0,35.0,원활,127.0228796600953984_37.5115204088512186|127.0234136233973601_37.5116805263399442
2026-09-04T09:00:31.559343+09:00,신논현역·논현역,신논현역·논현역,POI037,KEY_2,1220030601,강남대로,1210046004,논현역앞교차로,127.0212424469134902_37.5111447623381054,1210046503,원빌딩,127.0207750873245374_37.5121324472905613,117.0,8.0,정체,127.0207750873245374_37.5121324472905613|127.0208603365410340_37.5119522896699067|127.0212424469134902_37.5111447623381054
2026-09-04T09:00:31.559343+09:00,신논현역·논현역,신논현역·논현역,POI037,KEY_2,1220030701,강남대로,1220383100,논현동 280,127.0209873423382589_37.5119904251618195,1210046001,논현역앞교차로,127.0213693851217158_37.5111830402280262,96.0,15.0,서행,127.0213693851217158_37.5111830402280262|127.0209873423382589_37.5119904251618195
2026-09-04T09:00:31.559343+09:00,신논현역·논현역,신논현역·논현역,POI037,KEY_2,1220064500,테헤란로1길,1220438100,역삼동 858-6,127.0255100549291853_37.5041277615367150,1220036003,신논현역,127.0252491957505185_37.5046905608852796,67.0,15.5,서행,127.0252491957505185_37.5046905608852796|127.0255100549291853_37.5041277615367150
2026-09-04T09:00:31.559343+09:00,신논현역·논현역,신논현역·논현역,POI037,KEY_2,1220073300,강남대로118길,1220285600,논현동 280-21,127.0245724546161910_37.5063437576129388,1210042502,HM타워,127.0239545262593310_37.5057995931114334,82.0,19.0,서행,127.0239545262593310_37.5057995931114334|127.0241796229151134_37.5059761899912516|127.0245724546161910_37.5063437576129388
2026-09-04T09:00:31.559343+09:00,신논현역·논현역,신논현역·논현역,POI037,KEY_2,1220073400,강남대로118길,1220344200,논현동 280-22,127.0260578684266903_37.5071566901156643,1220038404,동진빌라,127.0270270582617940_37.5074525861540309,92.0,20.0,서행,127.0270270582617940_37.5074525861540309|127.0267446316322122_37.5073663616738386|127.0260578684266903_37.5071566901156643
2026-09-04T09:00:31.559343+09:00,신논현역·논현역,신논현역·논현역,POI037,KEY_2,1220076200,강남대로122길,1220383300,논현동 280-21,127.0239585511872207_37.5076461467828892,1210043402,청하빌딩,127.0233547305241473_37.5070551876010612,85.0,18.0,서행,127.0233547305241473_37.5070551876010612|127.0239585511872207_37.5076461467828892
2026-09-04T09:00:31.559343+09:00,신도림역,신도림역,POI038,KEY_3,1160002810,경인로,1160046003,신도림역앞교차로,126.8903424587400792_37.5101498583467645,1160044901,신도림1차푸르지오아파트,126.8874005665339268_37.5084270778164779,324.0,1.0,정체,126.8874005665339268_37.5084270778164779|126.8883045512452412_37.5090891878129966|126.8885921501778000_37.5092764511375876|126.8887544663060396_37.5093640420734502|126.8903424587400792_37.5101498583467645
2026-09-04T09:00:31.559343+09:00,신도림역,신도림역,POI038,KEY_3,1160003000,경인로,1160046101,구로구-영등포구,126.8912321353821966_37.5105628597886351,1160046002,신도림역앞교차로,126.8904555821730611_37.5102041121521665,79.0,4.0,정체,126.8904555821730611_37.5102041121521665|126.8912321353821966_37.5105628597886351
2026-09-04T09:00:31.559343+09:00,신도림역,신도림역,POI038,KEY_3,1180052800,대방천로,1180322300,최소노드배치점,126.8935975656483919_37.5081974894365828,1180021900,남성아파트,126.8912162735914109_37.5112358968431892,408.0,47.0,원활,126.8912162735914109_37.5112358968431892|126.8913272395882075_37.5110271967147852|126.8913932951010111_37.5108770709088546|126.8918343349843099_37.5100955527058417|126.8924223350581855_37.5090805434708088|126.8925032943379847_37.5089685736822602|126.8926007325865726_37.5088423144747836|126.8927176122257805_37.5087220329867606|126.8928584330055003_37.5086017730982491|126.8930067151990073_37.5084946321149744|126.8931864263503542_37.5083815583219149|126.8933870642186577_37.5082828074889605|126.8935975656483919_37.5081974894365828
2026-09-04T09:00:31.559343+09:00,신림역,신림역,POI039,KEY_4,1200009902,신림로,1200020104,신림역사거리,126.9296345705553506_37.4843144004965225,1200021103,속성변화점,126.9295553661489748_37.4848688498997049,62.0,5.0,정체,126.9295553661489748_37.4848688498997049|126.9296345705553506_37.4843144004965225
2026-09-04T09:00:31.559343+09:00,신림역,신림역,POI039,KEY_4,1200004102,신원로,1200018202,신림교(남측),126.9286207564022249_37.4816238943609719,1200018402,신림교(북측),126.9290143862204872_37.4819760796263850,53.0,10.0,정체,126.9290143862204872_37.4819760796263850|126.9286924192674775_37.4817310050226524|126.9286207564022249_37.4816238943609719
2026-09-04T09:00:31.559343+09:00,신림역,신림역,POI039,KEY_4,1200004103,신원로,1200018402,신림교(북측),126.9290143862204872_37.4819760796263850,1200002204,청암두산위브센티움아파트,126.9298127276580317_37.4824928509211759,91.0,16.0,서행,126.9298127276580317_37.4824928509211759|126.9296886447191497_37.4824229406256961|126.9294781618747976_37.4822744658780707|126.9291012539534478_37.4820085923506383|126.9290143862204872_37.4819760796263850
2026-09-04T09:00:31.559343+09:00,신림역,신림역,POI039,KEY_4,1200004202,신원로,1200018401,신림교(북측),126.9290904863204332_37.4818883651078352,1200018201,신림교(남측),126.9287243528422948_37.4815571342682148,49.0,5.5,정체,126.9287243528422948_37.4815571342682148|126.9288021597998153_37.4816652191764348|126.9290904863204332_37.4818883651078352
2026-09-04T09:00:31.559343+09:00,신림역,신림역,POI039,KEY_4,1200004203,신원로,1200134200,신림동 1637-28,126.9295680884739426_37.4821935061319849,1200018401,신림교(북측),126.9290904863204332_37.4818883651078352,55.0,6.0,정체,126.9290904863204332_37.4818883651078352|126.9291765809071393_37.4819173338105003|126.9295680884739426_37.4821935061319849
2026-09-04T09:00:31.559343+09:00,신림역,신림역,POI039,KEY_4,1200006301,신림로,1200128900,신림동 1642-9,126.9297651262775162_37.4829859944651815,1200020103,신림역사거리,126.9296473116667414_37.4842065087380831,136.0,16.7,서행,126.9296473116667414_37.4842065087380831|126.9297127106620167_37.4835290051691103|126.9297651262775162_37.4829859944651815
2026-09-04T09:00:31.559343+09:00,신림역,신림역,POI039,KEY_4,1200006401,신림로,1200126800,신림동 1642-9,126.9298479887308844_37.4835372976435508,1200002201,청암두산위브센티움아파트,126.9299480045151114_37.4825011433319801,115.0,14.0,정체,126.9299480045151114_37.4825011433319801|126.9299004037127929_37.4829942868911843|126.9298479887308844_37.4835372976435508
2026-09-04T09:00:31.559343+09:00,신림역,신림역,POI039,KEY_4,1200007101,남부순환로,1200019201,봉림교앞교차로,126.9259814166635607_37.4838452405197131,1200019302,봉림교,126.9265933890458058_37.4839284039129623,55.0,26.0,원활,126.9265933890458058_37.4839284039129623|126.9259814166635607_37.4838452405197131
2026-09-04T09:00:31.559343+09:00,신림역,신림역,POI039,KEY_4,1200007102,남부순환로,1200019302,봉림교,126.9265933890458058_37.4839284039129623,1200019704,신림빌딩,126.9271300263131081_37.4839919793202796,48.0,26.0,원활,126.9271300263131081_37.4839919793202796|126.9265933890458058_37.4839284039129623
2026-09-04T09:00:31.559343+09:00,신림역,신림역,POI039,KEY_4,1200007103,남부순환로,1200080500,신림동 1467-10,126.9281206685292318_37.4841178312982279,1200020104,신림역사거리,126.9296345705553506_37.4843144004965225,136.0,26.0,원활,126.9296345705553506_37.4843144004965225|126.9281206685292318_37.4841178312982279
2026-09-04T09:00:31.559343+09:00,신림역,신림역,POI039,KEY_4,1200007201,남부순환로,1200019301,봉림교,126.9266147704214944_37.4838216396349608,1200019202,봉림교앞교차로,126.9260042284080470_37.4837386582791297,55.0,13.0,정체,126.9260042284080470_37.4837386582791297|126.9266147704214944_37.4838216396349608
2026-09-04T09:00:31.559343+09:00,신림역,신림역,POI039,KEY_4,1200007202,남부순환로,1200019703,신림빌딩,126.9271499741240774_37.4838850371988528,1200019301,봉림교,126.9266147704214944_37.4838216396349608,48.0,15.0,서행,126.9266147704214944_37.4838216396349608|126.9271499741240774_37.4838850371988528
2026-09-04T09:00:31.559343+09:00,신림역,신림역,POI039,KEY_4,1200007203,남부순환로,1200080600,신림동 1467-10,126.9281424889960022_37.4840111176954167,1200019702,신림빌딩,126.9274148922430072_37.4839166369399663,65.0,10.0,정체,126.9274148922430072_37.4839166369399663|126.9278158896297697_37.4839687083113660|126.9281424889960022_37.4840111176954167
2026-09-04T09:00:31.559343+09:00,신림역,신림역,POI039,KEY_4,1200007902,남부순환로,1200020101,신림역사거리,126.9297686662309843_37.4843316191219031,1200020804,프레콘빌딩,126.9334177978626741_37.4847896255204915,327.0,12.5,정체,126.9334177978626741_37.4847896255204915|126.9313947265893603_37.4845382789214909|126.9297686662309843_37.4843316191219031
2026-09-04T09:00:31.559343+09:00,신림역,신림역,POI039,KEY_4,1200008002,남부순환로,1200020803,프레콘빌딩,126.9334386973421545_37.4846827956256874,1200020102,신림역사거리,126.9297817227290892_37.4842237912787937,327.0,33.0,원활,126.9297817227290892_37.4842237912787937|126.9314158613318000_37.4844314775554039|126.9334386973421545_37.4846827956256874
2026-09-04T09:00:31.559343+09:00,신림역,신림역,POI039,KEY_4,1200009903,신림로,1200105700,신림동 1467-9,126.9289535004739378_37.4870088740843457,1200023903,패션거리입구,126.9287320328464403_37.4875074332781750,59.0,9.0,정체,126.9287320328464403_37.4875074332781750|126.9289535004739378_37.4870088740843457
2026-09-04T09:00:31.559343+09:00,신림역,신림역,POI039,KEY_4,1200010002,신림로,1200021102,신림역(신림선),126.9296901754619284_37.4848810790201838,1200020101,신림역사거리,126.9297686662309843_37.4843316191219031,61.0,22.0,서행,126.9297686662309843_37.4843316191219031|126.9296901754619284_37.4848810790201838
2026-09-04T09:00:31.559343+09:00,신림역,신림역,POI039,KEY_4,1200010003,신림로,1200107300,신림동 1467-10,126.9296502982945611_37.4852749534387613,1200021101,신림역(신림선),126.9296775075418395_37.4849889447568003,32.0,16.0,서행,126.9296775075418395_37.4849889447568003|126.9296502982945611_37.4852749534387613
2026-09-04T09:00:31.559343+09:00,신림역,신림역,POI039,KEY_4,1200034700,관천로,1200018401,신림교(북측),126.9290904863204332_37.4818883651078352,1200017501,웅산빌딩,126.9299789404261389_37.4811381328184083,126.0,9.5,정체,126.9299789404261389_37.4811381328184083|126.9298217809850229_37.4810932390031510|126.9297649329152335_37.4811051246699947|126.9295164022418589_37.4813648240106829|126.9294475460358171_37.4814219969730971|126.9291960249631046_37.4816769266020415|126.9290904863204332_37.4818883651078352
2026-09-04T09:00:31.559343+09:00,신림역,신림역,POI039,KEY_4,1200035100,관천로,1200019301,봉림교,126.9266147704214944_37.4838216396349608,1200018402,신림교(북측),126.9290143862204872_37.4819760796263850,295.0,26.0,원활,126.9290143862204872_37.4819760796263850|126.9290012731884332_37.4820034073762258|126.9287378307599710_37.4822082660947515|126.9275014496326293_37.4831491633948630|126.9267769577677711_37.4837113225239165|126.9266147704214944_37.4838216396349608
2026-09-04T09:00:31.559343+09:00,신림역,신림역,POI039,KEY_4,1200035800,관천로,1200084000,신림동 1433-146,126.9260978536034514_37.4844856918411580,1200019701,신림빌딩,126.9273930706725508_37.4840233507243710,126.0,8.0,정체,126.9273930706725508_37.4840233507243710|126.9268531317812858_37.4841985908938327|126.9263496185242275_37.4843722096447465|126.9261137946958087_37.4844764198908393|126.9260978536034514_37.4844856918411580
2026-09-04T09:00:31.559343+09:00,신림역,신림역,POI039,KEY_4,1200035900,관천로,1200019704,신림빌딩,126.9271300263131081_37.4839919793202796,1200021004,봉림교삼거리,126.9252720732605866_37.4848497357513395,191.0,27.0,원활,126.9252720732605866_37.4848497357513395|126.9255012661441242_37.4846988293717587|126.9260178634568774_37.4843983592746426|126.9260406177968008_37.4843851244896413|126.9262896351738732_37.4842750840857164|126.9268005969255029_37.4840988969223616|126.9271300263131081_37.4839919793202796
2026-09-04T09:00:31.559343+09:00,신림역,신림역,POI039,KEY_4,1200037000,남부순환로187길,1200105000,신림동 1412-2,126.9334057669882583_37.4851541017712648,1200021603,서울관악우체국,126.9333993548549131_37.4853483563466554,22.0,14.0,정체,126.9333993548549131_37.4853483563466554|126.9334057669882583_37.4851541017712648
2026-09-04T09:00:31.559343+09:00,신림역,신림역,POI039,KEY_4,1200037200,신림로64길,1200021603,서울관악우체국,126.9333993548549131_37.4853483563466554,1200021102,신림역(신림선),126.9296901754619284_37.4848810790201838,332.0,9.0,정체,126.9296901754619284_37.4848810790201838|126.9309406511893741_37.4850382794090038|126.9333993548549131_37.4853483563466554
2026-09-04T09:00:31.559343+09:00,신정네거리역,신정네거리역,POI117,KEY_1,1140012300,중앙로,1140304000,신정동 1231,126.8527778798694214_37.5203231384960318,1140020503,신정네거리역앞교차로,126.8524641082912154_37.5210454129062327,85.0,18.0,서행,126.8524641082912154_37.5210454129062327|126.8527778798694214_37.5203231384960318
2026-09-04T09:00:31.559343+09:00,신정네거리역,신정네거리역,POI117,KEY_1,1140012400,중앙로,1140292700,신정동 1092,126.8534166988610536_37.5191903498562382,1140003301,목동10단지앞교차로,126.8538153270405218_37.5182869674380797,106.0,13.5,정체,126.8538153270405218_37.5182869674380797|126.8537622755779211_37.5184071955056453|126.8535160562519053_37.5189651855214876|126.8534166988610536_37.5191903498562382
2026-09-04T09:00:31.559343+09:00,신정네거리역,신정네거리역,POI117,KEY_1,1140014902,신월로,1140243500,신정동 1093,126.8532645566517232_37.5212174537458623,1140020904,신정동 1093,126.8543856987749194_37.5213497353641685,100.0,14.0,정체,126.8543856987749194_37.5213497353641685|126.8532645566517232_37.5212174537458623
2026-09-04T09:00:31.559343+09:00,신정네거리역,신정네거리역,POI117,KEY_1,1140014903,신월로,1140267200,신정동 1093,126.8554773918877174_37.5214758708896383,1140021305,동은빌딩,126.8566435580547562_37.5216053651049535,104.0,31.0,원활,126.8566435580547562_37.5216053651049535|126.8560160057808162_37.5215356815056253|126.8554773918877174_37.5214758708896383
2026-09-04T09:00:31.559343+09:00,신정네거리역,신정네거리역,POI117,KEY_1,1140014906,신월로,1140021306,신정동1093,126.8583322449103576_37.5217928596022290,1140021504,꿈꾸는카멜레온어린이미술관,126.8596132846867874_37.5219356418171444,114.0,19.5,서행,126.8596132846867874_37.5219356418171444|126.8591959897358947_37.5218887510016685|126.8583322449103576_37.5217928596022290
2026-09-04T09:00:31.559343+09:00,신정네거리역,신정네거리역,POI117,KEY_1,1140014907,신월로,1140021302,동은빌딩,126.8567780062629282_37.5216202938004884,1140021309,신정동1093,126.8581977948664274_37.5217779325875256,127.0,19.0,서행,126.8581977948664274_37.5217779325875256|126.8567780062629282_37.5216202938004884
2026-09-04T09:00:31.559343+09:00,신정네거리역,신정네거리역,POI117,KEY_1,1140015001,신월로,1140020603,신정네거리역앞,126.8528554777727635_37.5210598841245044,1140020502,신정네거리역앞교차로,126.8526138493944728_37.5210313723228168,22.0,25.0,원활,126.8526138493944728_37.5210313723228168|126.8528554777727635_37.5210598841245044
2026-09-04T09:00:31.559343+09:00,신정네거리역,신정네거리역,POI117,KEY_1,1140015002,신월로,1140243600,신정동 1093,126.8532844491230094_37.5211105006627648,1140020602,신정네거리역앞,126.8530325905116598_37.5210807827743906,23.0,38.0,원활,126.8530325905116598_37.5210807827743906|126.8532844491230094_37.5211105006627648
2026-09-04T09:00:31.559343+09:00,신정네거리역,신정네거리역,POI117,KEY_1,1140015003,신월로,1140267100,신정동 1093,126.8554961365460656_37.5213687864358008,1140020902,신정동 1093,126.8545569843418690_37.5212606440898142,84.0,25.0,원활,126.8545569843418690_37.5212606440898142|126.8551125002585565_37.5213261838740664|126.8554961365460656_37.5213687864358008
2026-09-04T09:00:31.559343+09:00,신정네거리역,신정네거리역,POI117,KEY_1,1140015005,신월로,1140272400,신정동 1094,126.8610576912007701_37.5219887458859915,1140021502,꿈꾸는카멜레온어린이미술관,126.8597665692237371_37.5218436752577844,115.0,16.0,서행,126.8597665692237371_37.5218436752577844|126.8608449515332666_37.5219648434398678|126.8610576912007701_37.5219887458859915
2026-09-04T09:00:31.559343+09:00,신정네거리역,신정네거리역,POI117,KEY_1,1140015006,신월로,1140021308,신정동1093,126.8582165356956324_37.5216708475291441,1140021303,동은빌딩,126.8567967490803738_37.5215132089686207,127.0,33.0,원활,126.8567967490803738_37.5215132089686207|126.8582165356956324_37.5216708475291441
2026-09-04T09:00:31.559343+09:00,신정네거리역,신정네거리역,POI117,KEY_1,1140015007,신월로,1140021503,꿈꾸는카멜레온어린이미술관,126.8596321536522282_37.5218285714619171,1140021307,신정동1093,126.8583509854924927_37.5216857745389447,114.0,8.0,정체,126.8583509854924927_37.5216857745389447|126.8592148414391971_37.5217816785654037|126.8596321536522282_37.5218285714619171
2026-09-04T09:00:31.559343+09:00,신정네거리역,신정네거리역,POI117,KEY_1,1140015902,중앙로,1140020504,신정네거리역앞교차로,126.8523200137848335_37.5213068059378259,1140022603,명성빌딩,126.8516685864229601_37.5225158329285406,146.0,11.0,정체,126.8516685864229601_37.5225158329285406|126.8517987058371261_37.5222713272162238|126.8519436904784499_37.5219988863798335|126.8521324176756337_37.5216442455826495|126.8523200137848335_37.5213068059378259
2026-09-04T09:00:31.559343+09:00,신정네거리역,신정네거리역,POI117,KEY_1,1140016001,중앙로,1140118300,신정동 1092,126.8520686739882422_37.5220410804103963,1140020501,신정네거리역앞교차로,126.8525640943406501_37.5211348016249673,110.0,21.0,서행,126.8525640943406501_37.5211348016249673|126.8522569777203586_37.5216872332956370|126.8520686739882422_37.5220410804103963
2026-09-04T09:00:31.559343+09:00,신정네거리역,신정네거리역,POI117,KEY_1,1140016106,신월로,1140022001,신월동 895,126.8507094594277902_37.5223133908582369,1140020504,신정네거리역앞교차로,126.8523200137848335_37.5213068059378259,182.0,26.0,원활,126.8523200137848335_37.5213068059378259|126.8521160507619499_37.5214639048480976|126.8510318117103566_37.5221668925016729|126.8508268269855961_37.5222704255984212|126.8507094594277902_37.5223133908582369
2026-09-04T09:00:31.559343+09:00,신정네거리역,신정네거리역,POI117,KEY_1,1140054801,중앙로34길,1140019405,신정1동주민센터,126.8538796784740867_37.5193821376289378,1140020603,신정네거리역앞,126.8528554777727635_37.5210598841245044,222.0,17.0,서행,126.8528554777727635_37.5210598841245044|126.8535934020350737_37.5205511930761588|126.8536999963924075_37.5204621007117112|126.8537692383027178_37.5203712086594976|126.8537955704803295_37.5202940803262450|126.8538126090800660_37.5201853955234341|126.8538219892636931_37.5201255616303442|126.8538796784740867_37.5193821376289378
2026-09-04T09:00:31.559343+09:00,신정네거리역,신정네거리역,POI117,KEY_1,1140054802,중앙로34길,1140019409,목동10단지앞,126.8539734917989961_37.5183344603548790,1140019404,신정1동주민센터,126.8538880871001027_37.5192737759540336,105.0,7.0,정체,126.8538880871001027_37.5192737759540336|126.8539379775177309_37.5186308268166684|126.8539734917989961_37.5183344603548790
2026-09-04T09:00:31.559343+09:00,신정네거리역,신정네거리역,POI117,KEY_1,1140054901,중앙로34길,1140019403,신정1동주민센터,126.8540235698495025_37.5192804456659488,1140019406,목동10단지앞,126.8541051135368178_37.5183739826820073,101.0,25.0,원활,126.8541051135368178_37.5183739826820073|126.8540733198426267_37.5186393004506940|126.8540235698495025_37.5192804456659488
2026-09-04T09:00:31.559343+09:00,신정네거리역,신정네거리역,POI117,KEY_1,1140054902,중앙로34길,1140186400,신정동 1146,126.8539473066920351_37.5201987921083031,1140019402,신정1동주민센터,126.8540151614070339_37.5193888074719695,90.0,12.0,정체,126.8540151614070339_37.5193888074719695|126.8539572124395534_37.5201356047961312|126.8539473066920351_37.5201987921083031
2026-09-04T09:00:31.559343+09:00,신정네거리역,신정네거리역,POI117,KEY_1,1140055900,은행정로,1140166500,신정동 1125,126.8597165347587321_37.5213433547744302,1140021503,꿈꾸는카멜레온어린이미술관,126.8596321536522282_37.5218285714619171,54.0,16.0,서행,126.8596321536522282_37.5218285714619171|126.8597165347587321_37.5213433547744302
2026-09-04T09:00:31.559343+09:00,신정네거리역,신정네거리역,POI117,KEY_1,1140058000,오목로30길,1140150600,신정동 1106,126.8546981085227401_37.5223329762819091,1140020901,신정동 1093,126.8545370935655114_37.5213675973558196,111.0,12.0,정체,126.8545370935655114_37.5213675973558196|126.8547338215463469_37.5218205968237299|126.8547705802692747_37.5219357855826985|126.8546981085227401_37.5223329762819091
2026-09-04T09:00:31.559343+09:00,신정네거리역,신정네거리역,POI117,KEY_1,1140058400,오목로38길,1140137400,신정동 1105,126.8566236011362918_37.5225408124600364,1140021302,동은빌딩,126.8567780062629282_37.5216202938004884,103.0,6.0,정체,126.8567780062629282_37.5216202938004884|126.8566236011362918_37.5225408124600364
2026-09-04T09:00:31.559343+09:00,신정네거리역,신정네거리역,POI117,KEY_1,1140058600,은행정로,1140207400,신정동 1113,126.8596569688713629_37.5224588897148266,1140021501,꿈꾸는카멜레온어린이미술관,126.8597477005454266_37.5219507456227035,57.0,13.0,정체,126.8597477005454266_37.5219507456227035|126.8596569688713629_37.5224588897148266
2026-09-04T09:00:31.559343+09:00,신정네거리역,신정네거리역,POI117,KEY_1,1140276400,중앙로36길,1140262500,신정동 1050-36,126.8547144854327797_37.5193650062674351,1140019403,신정1동주민센터,126.8540235698495025_37.5192804456659488,62.0,18.0,서행,126.8540235698495025_37.5192804456659488|126.8547084315488149_37.5193643641604027|126.8547144854327797_37.5193650062674351
2026-09-04T09:00:31.559343+09:00,신정네거리역,신정네거리역,POI117,KEY_1,1140277700,신월로36길,1140175700,신정동 1323-2,126.8584682314931626_37.5203048399161645,1140108303,신정동1125,126.8583172237674432_37.5211313429453099,93.0,22.0,서행,126.8583172237674432_37.5211313429453099|126.8583812989856057_37.5208181099124545|126.8583818978566029_37.5208145740617596|126.8584682314931626_37.5203048399161645
2026-09-04T09:00:31.559343+09:00,신정네거리역,신정네거리역,POI117,KEY_1,1140277900,신월로36길,1140021307,신정동1093,126.8583509854924927_37.5216857745389447,1140108301,신정동1125,126.8584307373469926_37.5212539233509972,48.0,7.0,정체,126.8584307373469926_37.5212539233509972|126.8583509854924927_37.5216857745389447
2026-09-04T09:00:31.559343+09:00,신정네거리역,신정네거리역,POI117,KEY_1,1140278000,신월로36길,1140108304,신정동1125,126.8582964364918979_37.5212381891154365,1140021308,신정동1093,126.8582165356956324_37.5216708475291441,49.0,25.0,원활,126.8582165356956324_37.5216708475291441|126.8582964364918979_37.5212381891154365
2026-09-04T09:00:31.559343+09:00,신정네거리역,신정네거리역,POI117,KEY_1,1140278200,은행정로5길,1140134600,신정동 1127,126.8569637813919257_37.5210795349276367,1140108304,신정동1125,126.8582964364918979_37.5212381891154365,119.0,19.0,서행,126.8582964364918979_37.5212381891154365|126.8569637813919257_37.5210795349276367
2026-09-04T09:00:31.559343+09:00,신촌·이대역,신촌·이대역,POI040,KEY_2,1120000100,신촌로,1120088400,대현동 60-11,126.9446865403610190_37.5567732537023247,1120000209,이대역앞교차로,126.9458093614291130_37.5568354550338697,99.0,9.0,정체,126.9458093614291130_37.5568354550338697|126.9446865403610190_37.5567732537023247
2026-09-04T09:00:31.559343+09:00,신촌·이대역,신촌·이대역,POI040,KEY_2,1120000404,신촌로,1130263200,대흥동 3-63,126.9464914102469635_37.5567658919320806,1120000207,이대역앞교차로,126.9459501043940008_37.5567349831730724,48.0,3.0,정체,126.9459501043940008_37.5567349831730724|126.9464914102469635_37.5567658919320806
2026-09-04T09:00:31.559343+09:00,신촌·이대역,신촌·이대역,POI040,KEY_2,1120002701,신촌역로,1120071600,대현동 60-11,126.9427680418913411_37.5578961046815536,1120004602,신촌역,126.9427440310376340_37.5585203049646097,69.0,8.0,정체,126.9427440310376340_37.5585203049646097|126.9427680418913411_37.5578961046815536
2026-09-04T09:00:31.559343+09:00,신촌·이대역,신촌·이대역,POI040,KEY_2,1120002801,신촌역로,1120115700,대현동 60-11,126.9429316939373678_37.5571739776181843,1130029101,신촌기차역입구교차로,126.9429508064184517_37.5566770773961380,55.0,7.0,정체,126.9429508064184517_37.5566770773961380|126.9429316939373678_37.5571739776181843
2026-09-04T09:00:31.559343+09:00,신촌·이대역,신촌·이대역,POI040,KEY_2,1120002802,신촌역로,1120005103,신촌역,126.9428490112470627_37.5589999804080819,1120004601,신촌역,126.9428797809855354_37.5585236143059831,53.0,7.0,정체,126.9428797809855354_37.5585236143059831|126.9428522809412954_37.5589815940035621|126.9428490112470627_37.5589999804080819
2026-09-04T09:00:31.559343+09:00,신촌·이대역,신촌·이대역,POI040,KEY_2,1120003002,이화여대길,1120050200,대현동 60-11,126.9459111121087034_37.5573503317707704,1120000206,이대역앞교차로,126.9459449283367718_37.5568430846451875,56.0,13.0,정체,126.9459449283367718_37.5568430846451875|126.9459370069837689_37.5570327600623557|126.9459111121087034_37.5573503317707704
2026-09-04T09:00:31.559343+09:00,신촌·이대역,신촌·이대역,POI040,KEY_2,1120003101,명물길,1120103200,창천동 31-62,126.9387014712648210_37.5585993116674715,1120004903,북경어언대학교,126.9392103198794786_37.5589742883029700,61.0,11.0,정체,126.9392103198794786_37.5589742883029700|126.9391313904544205_37.5589213056300650|126.9387014712648210_37.5585993116674715
2026-09-04T09:00:31.559343+09:00,신촌·이대역,신촌·이대역,POI040,KEY_2,1120003102,명물길,1120057200,창천동 31-64,126.9402143091177209_37.5591519755949577,1120001504,명물거리교차로,126.9403451527086730_37.5591543062232276,12.0,33.0,원활,126.9403451527086730_37.5591543062232276|126.9402143091177209_37.5591519755949577
2026-09-04T09:00:31.559343+09:00,신촌·이대역,신촌·이대역,POI040,KEY_2,1120003201,명물길,1120098800,창천동 18-54,126.9375123444595204_37.5575602259048438,1120004502,현대백화점유플렉스(신촌점),126.9369730969373080_37.5572180933913842,61.0,3.0,정체,126.9369730969373080_37.5572180933913842|126.9371287798259686_37.5572890262117483|126.9374266006236667_37.5574960038265644|126.9375123444595204_37.5575602259048438
2026-09-04T09:00:31.559343+09:00,신촌·이대역,신촌·이대역,POI040,KEY_2,1120003202,명물길,1120099300,창천동 31-64,126.9399922025746577_37.5590398721991008,1120004901,북경어언대학교,126.9394401770155696_37.5589847229875957,50.0,2.0,정체,126.9394401770155696_37.5589847229875957|126.9395187556796856_37.5590205224607772|126.9395956552481550_37.5590328072777240|126.9399922025746577_37.5590398721991008
2026-09-04T09:00:31.559343+09:00,신촌·이대역,신촌·이대역,POI040,KEY_2,1120003301,연세로,1120004504,현대백화점유플렉스(신촌점),126.9368371308242018_37.5572889150469535,1120004803,창천동 30-18,126.9368510014508757_37.5588996821571541,179.0,15.5,서행,126.9368510014508757_37.5588996821571541|126.9368340470399659_37.5574372784594317|126.9368371308242018_37.5572889150469535
2026-09-04T09:00:31.559343+09:00,신촌·이대역,신촌·이대역,POI040,KEY_2,1120003302,연세로,1120004804,창천동 30-18,126.9368505138006498_37.5590108985973998,1120005503,연세대앞교차로,126.9368364800660771_37.5599930891343377,109.0,10.5,정체,126.9368364800660771_37.5599930891343377|126.9368505138006498_37.5590108985973998
2026-09-04T09:00:31.559343+09:00,신촌·이대역,신촌·이대역,POI040,KEY_2,1120003401,연세로,1120004802,창천동 30-18,126.9369867245719377_37.5588913341097239,1120004501,현대백화점유플렉스(신촌점),126.9369718556757505_37.5573421030471337,172.0,16.0,서행,126.9369718556757505_37.5573421030471337|126.9369698696455231_37.5574376736014486|126.9369867245719377_37.5588913341097239
2026-09-04T09:00:31.559343+09:00,신촌·이대역,신촌·이대역,POI040,KEY_2,1120003402,연세로,1120005502,연세대앞교차로,126.9369722907914309_37.5599940789319859,1120004801,창천동 30-18,126.9369864978419571_37.5589996318879216,110.0,4.0,정체,126.9369864978419571_37.5589996318879216|126.9369722907914309_37.5599940789319859
2026-09-04T09:00:31.559343+09:00,신촌·이대역,신촌·이대역,POI040,KEY_2,1120003501,이화여대길,1120005002,신촌역,126.9420267726184761_37.5591801830420735,1120005104,신촌역,126.9426661573823623_37.5591824608859142,57.0,5.0,정체,126.9426661573823623_37.5591824608859142|126.9426586391526541_37.5591822440454948|126.9421138457002485_37.5591743855017910|126.9420267726184761_37.5591801830420735
2026-09-04T09:00:31.559343+09:00,신촌·이대역,신촌·이대역,POI040,KEY_2,1120003502,신촌역로,1120001501,명물거리교차로,126.9404809387878714_37.5591565534944891,1120005002,신촌역,126.9420267726184761_37.5591801830420735,137.0,8.0,정체,126.9420267726184761_37.5591801830420735|126.9415767821894292_37.5591733065980620|126.9412142365348615_37.5591677651764968|126.9408768439811013_37.5591626072131248|126.9404809387878714_37.5591565534944891
2026-09-04T09:00:31.559343+09:00,신촌·이대역,신촌·이대역,POI040,KEY_2,1120003601,신촌역로,1120114700,창천동 31-64,126.9408794518354000_37.5590545075459303,1120001502,명물거리교차로,126.9404835471664086_37.5590484540526717,35.0,23.5,서행,126.9404835471664086_37.5590484540526717|126.9408794518354000_37.5590545075459303
2026-09-04T09:00:31.559343+09:00,신촌·이대역,신촌·이대역,POI040,KEY_2,1120003801,이화여대길,1120069800,대현동 60-11,126.9436423389426665_37.5591035513754079,1120005102,신촌역,126.9429796664790473_37.5590839814278610,59.0,17.5,서행,126.9429796664790473_37.5590839814278610|126.9434309302908161_37.5590989851527581|126.9436423389426665_37.5591035513754079
2026-09-04T09:00:31.559343+09:00,신촌·이대역,신촌·이대역,POI040,KEY_2,1120003901,신촌역로,1120001504,명물거리교차로,126.9403451527086730_37.5591543062232276,1120005402,세브란스병원입구,126.9403236648437030_37.5598832986994040,81.0,20.0,서행,126.9403236648437030_37.5598832986994040|126.9403451527086730_37.5591543062232276
2026-09-04T09:00:31.559343+09:00,신촌·이대역,신촌·이대역,POI040,KEY_2,1120004401,성산로,1120005700,세브란스병원입구,126.9399697271517624_37.5600298889541833,1120005502,연세대앞교차로,126.9369722907914309_37.5599940789319859,265.0,12.0,정체,126.9369722907914309_37.5599940789319859|126.9381957544518968_37.5600239454363845|126.9383304604905334_37.5600259947314896|126.9392179638289520_37.5600335435028612|126.9394831195383091_37.5600177212536508|126.9396777836779791_37.5599969609922439|126.9398686749726863_37.5600119581510583|126.9399697271517624_37.5600298889541833
2026-09-04T09:00:31.559343+09:00,신촌·이대역,신촌·이대역,POI040,KEY_2,1120004403,성산로,1120001902,세브란스병원입구,126.9406365826691854_37.5602535248457912,1120005700,세브란스병원입구,126.9399697271517624_37.5600298889541833,65.0,13.0,정체,126.9399697271517624_37.5600298889541833|126.9402429363548492_37.5600866443863382|126.9404262960347580_37.5601582545694228|126.9405647286410925_37.5602417602446934|126.9406365826691854_37.5602535248457912
2026-09-04T09:00:31.559343+09:00,신촌·이대역,신촌·이대역,POI040,KEY_2,1120014200,신촌로,1130028200,신촌로터리,126.9362638695840104_37.5553903889948231,1120004300,현대백화점(신촌점),126.9368030588893959_37.5556219621744134,57.0,24.0,서행,126.9368030588893959_37.5556219621744134|126.9367619707854544_37.5555447886619120|126.9365015572182216_37.5554290301989795|126.9362638695840104_37.5553903889948231
2026-09-04T09:00:31.559343+09:00,신촌·이대역,신촌·이대역,POI040,KEY_2,1120014300,연세로5길,1120004503,현대백화점유플렉스(신촌점),126.9368363451414297_37.5571751207012667,1130028301,신촌현대백화점,126.9352769143878135_37.5557459412116970,218.0,19.5,서행,126.9352769143878135_37.5557459412116970|126.9355227188717095_37.5561809513214655|126.9356969741435961_37.5564893345166482|126.9357357833693243_37.5565340280943047|126.9357546442551836_37.5565557486909398|126.9367282221445237_37.5571473890112912|126.9368363451414297_37.5571751207012667
2026-09-04T09:00:31.559343+09:00,신촌·이대역,신촌·이대역,POI040,KEY_2,1120014400,연세로5길,1120046000,창천동 53-47,126.9356240685518031_37.5565955099592088,1120004504,현대백화점유플렉스(신촌점),126.9368371308242018_37.5572889150469535,133.0,8.0,정체,126.9368371308242018_37.5572889150469535|126.9366643652368651_37.5572446039108812|126.9356551527703942_37.5566313071096900|126.9356240685518031_37.5565955099592088
2026-09-04T09:00:31.559343+09:00,신촌·이대역,신촌·이대역,POI040,KEY_2,1120014600,신촌역로,1120004602,신촌역,126.9427440310376340_37.5585203049646097,1120005001,신촌역,126.9420293779965050_37.5590720827057183,95.0,22.0,서행,126.9420293779965050_37.5590720827057183|126.9421437304203835_37.5590560677133638|126.9422389637944093_37.5590308801191455|126.9426919759452090_37.5587183341767812|126.9427399358533393_37.5586554228029499|126.9427440310376340_37.5585203049646097
2026-09-04T09:00:31.559343+09:00,신촌·이대역,신촌·이대역,POI040,KEY_2,1120014800,연세로12길,1120004801,창천동 30-18,126.9369864978419571_37.5589996318879216,1120004904,북경어언대학교,126.9393727178320859_37.5590785623916332,211.0,15.0,서행,126.9393727178320859_37.5590785623916332|126.9389022167064809_37.5590898448829122|126.9369864978419571_37.5589996318879216
2026-09-04T09:00:31.559343+09:00,신촌·이대역,신촌·이대역,POI040,KEY_2,1120015000,성산로22길,1120088900,창천동 70-59,126.9345245647633504_37.5591495266209137,1120004804,창천동 30-18,126.9368505138006498_37.5590108985973998,211.0,26.0,원활,126.9368505138006498_37.5590108985973998|126.9367700942083559_37.5590260958107223|126.9363607042080844_37.5590258758581754|126.9349766718667780_37.5589958955722949|126.9349592890310134_37.5589955189298124|126.9345722423701091_37.5590852696270119|126.9345245647633504_37.5591495266209137
2026-09-04T09:00:31.559343+09:00,신촌·이대역,신촌·이대역,POI040,KEY_2,1120015200,신촌역로,1120005402,세브란스병원입구,126.9403236648437030_37.5598832986994040,1120005700,세브란스병원입구,126.9399697271517624_37.5600298889541833,38.0,23.0,서행,126.9399697271517624_37.5600298889541833|126.9401906078274891_37.5599912626938561|126.9403000000014856_37.5599500001454203|126.9403236648437030_37.5598832986994040
2026-09-04T09:00:31.559343+09:00,신촌·이대역,신촌·이대역,POI040,KEY_2,1120015501,북아현로11길,1120110000,대현동 62-13,126.9461402896745028_37.5587493431421393,1120004707,무궁화상가아파트,126.9457971823491818_37.5587475204387502,30.0,18.0,서행,126.9457971823491818_37.5587475204387502|126.9461402896745028_37.5587493431421393
2026-09-04T09:00:31.559343+09:00,신촌·이대역,신촌·이대역,POI040,KEY_2,1120061600,신촌로,1130243700,노고산동 31-123,126.9378979886779319_37.5553264048270492,1130027600,신촌로터리,126.9375535313722594_37.5552189146085595,33.0,8.0,정체,126.9375535313722594_37.5552189146085595|126.9376883483507896_37.5552573962598544|126.9378979886779319_37.5553264048270492
2026-09-04T09:00:31.559343+09:00,신촌·이대역,신촌·이대역,POI040,KEY_2,1120061700,연세로,1120004502,현대백화점유플렉스(신촌점),126.9369730969373080_37.5572180933913842,1120004200,신촌역(서울2호선),126.9369388461816897_37.5556200624915562,177.0,16.5,서행,126.9369388461816897_37.5556200624915562|126.9369730969373080_37.5572180933913842
2026-09-04T09:00:31.559343+09:00,신촌·이대역,신촌·이대역,POI040,KEY_2,1120061900,신촌로,1120035100,대현동 60-11,126.9422602990258042_37.5566379052705770,1130029104,신촌기차역입구교차로,126.9428152251685447_37.5566694693811343,49.0,31.0,원활,126.9428152251685447_37.5566694693811343|126.9422602990258042_37.5566379052705770
2026-09-04T09:00:31.559343+09:00,신촌·이대역,신촌·이대역,POI040,KEY_2,1120062000,연세로,1120004300,현대백화점(신촌점),126.9368030588893959_37.5556219621744134,1120004503,현대백화점유플렉스(신촌점),126.9368363451414297_37.5571751207012667,172.0,17.0,서행,126.9368363451414297_37.5571751207012667|126.9368030588893959_37.5556219621744134
2026-09-04T09:00:31.559343+09:00,신촌·이대역,신촌·이대역,POI040,KEY_2,1130002903,신촌로,1130027304,신촌로터리,126.9367463936915783_37.5551491321864219,1130027800,신촌로터리,126.9362078795990669_37.5552918851353184,50.0,14.0,정체,126.9362078795990669_37.5552918851353184|126.9362843096010209_37.5552643504737276|126.9364926549409489_37.5552010586219964|126.9366443811309324_37.5551666346300124|126.9367463936915783_37.5551491321864219
2026-09-04T09:00:31.559343+09:00,신촌·이대역,신촌·이대역,POI040,KEY_2,1130003001,신촌로,1120065800,창천동 30-17,126.9340762364727908_37.5561712001553190,1130028304,신촌현대백화점,126.9351529989082650_37.5557901862083625,104.0,24.7,서행,126.9351529989082650_37.5557901862083625|126.9340762364727908_37.5561712001553190
2026-09-04T09:00:31.559343+09:00,신촌·이대역,신촌·이대역,POI040,KEY_2,1130003002,신촌로,1120063200,창천동 30-16,126.9359793082337546_37.5554929038804843,1130028200,신촌로터리,126.9362638695840104_37.5553903889948231,28.0,23.0,서행,126.9362638695840104_37.5553903889948231|126.9359793082337546_37.5554929038804843
2026-09-04T09:00:31.559343+09:00,신촌·이대역,신촌·이대역,POI040,KEY_2,1130003003,신촌로,1130028200,신촌로터리,126.9362638695840104_37.5553903889948231,1130027305,신촌로터리,126.9367949040171339_37.5552525850785059,50.0,22.0,서행,126.9367949040171339_37.5552525850785059|126.9367822077433345_37.5552535889944465|126.9366773331614553_37.5552715833811135|126.9365355543422140_37.5553037503571261|126.9363365592773363_37.5553642010740631|126.9362638695840104_37.5553903889948231
2026-09-04T09:00:31.559343+09:00,신촌·이대역,신촌·이대역,POI040,KEY_2,1130003101,신촌로,1130027301,신촌로터리,126.9369309039101665_37.5552479096703777,1130028100,신촌로터리,126.9375107828557248_37.5553215381359138,52.0,5.0,정체,126.9375107828557248_37.5553215381359138|126.9374120463708664_37.5552954695353094|126.9372367545836511_37.5552633433213288|126.9370612427232459_37.5552495051776276|126.9369309039101665_37.5552479096703777
2026-09-04T09:00:31.559343+09:00,신촌·이대역,신촌·이대역,POI040,KEY_2,1130003201,신촌로,1130027600,신촌로터리,126.9375535313722594_37.5552189146085595,1130027302,신촌로터리,126.9369363048809589_37.5551398431720429,56.0,8.0,정체,126.9369363048809589_37.5551398431720429|126.9370689919941668_37.5551414670887596|126.9372587703670519_37.5551564300398013|126.9374487359331596_37.5551912462659345|126.9375535313722594_37.5552189146085595
2026-09-04T09:00:31.559343+09:00,신촌·이대역,신촌·이대역,POI040,KEY_2,1130015002,백범로,1130027302,신촌로터리,126.9369363048809589_37.5551398431720429,1130026300,신촌로터리,126.9370076539618566_37.5545626830804551,64.0,18.0,서행,126.9370076539618566_37.5545626830804551|126.9369363048809589_37.5551398431720429
2026-09-04T09:00:31.559343+09:00,신촌·이대역,신촌·이대역,POI040,KEY_2,1130016101,서강로,1130105400,노고산동 31-123,126.9360124624394928_37.5545948546319508,1130026900,신촌로터리,126.9362469698456266_37.5547336229279907,26.0,31.0,원활,126.9362469698456266_37.5547336229279907|126.9360124624394928_37.5545948546319508
2026-09-04T09:00:31.559343+09:00,신촌·이대역,신촌·이대역,POI040,KEY_2,1130016102,서강로,1130026900,신촌로터리,126.9362469698456266_37.5547336229279907,1130027304,신촌로터리,126.9367463936915783_37.5551491321864219,64.0,11.0,정체,126.9367463936915783_37.5551491321864219|126.9366482286148994_37.5550253909116165|126.9363557341915083_37.5548026529712615|126.9362469698456266_37.5547336229279907
2026-09-04T09:00:31.559343+09:00,신촌·이대역,신촌·이대역,POI040,KEY_2,1130016202,서강로,1130027303,신촌로터리,126.9368133181621232_37.5550310181252058,1130026700,신촌로터리,126.9363297908926853_37.5546479548134542,61.0,7.0,정체,126.9363297908926853_37.5546479548134542|126.9364451665790341_37.5547211401372962|126.9367541497696266_37.5549564339847848|126.9368133181621232_37.5550310181252058
2026-09-04T09:00:31.559343+09:00,신촌·이대역,신촌·이대역,POI040,KEY_2,1130053700,신촌로,1130027600,신촌로터리,126.9375535313722594_37.5552189146085595,1130026300,신촌로터리,126.9370076539618566_37.5545626830804551,87.0,8.0,정체,126.9370076539618566_37.5545626830804551|126.9375535313722594_37.5552189146085595
2026-09-04T09:00:31.559343+09:00,신촌·이대역,신촌·이대역,POI040,KEY_2,1130054000,서강로,1130026900,신촌로터리,126.9362469698456266_37.5547336229279907,1130027800,신촌로터리,126.9362078795990669_37.5552918851353184,66.0,16.0,서행,126.9362078795990669_37.5552918851353184|126.9362774483328025_37.5552146864900038|126.9363062591853719_37.5551384172764813|126.9363230977790380_37.5550564211653537|126.9363327714613661_37.5549477201242823|126.9363184780678608_37.5548542645506771|126.9362469698456266_37.5547336229279907
2026-09-04T09:00:31.559343+09:00,쌍문역,쌍문역,POI070,KEY_3,1080011301,도봉로,1080060100,수유동 140,127.0306004514326617_37.6426841969638559,1080017102,강북구-도봉구,127.0308257491886792_37.6428931106192053,31.0,8.0,정체,127.0308257491886792_37.6428931106192053|127.0306004514326617_37.6426841969638559
2026-09-04T09:00:31.559343+09:00,쌍문역,쌍문역,POI070,KEY_3,1090000904,우이천로,1090005403,번창교,127.0318933286728367_37.6426051578388083,1090000702,우이교앞교차로,127.0311828397790350_37.6430569437685492,80.0,17.5,서행,127.0311828397790350_37.6430569437685492|127.0318933286728367_37.6426051578388083
2026-09-04T09:00:31.559343+09:00,쌍문역,쌍문역,POI070,KEY_3,1090001004,우이천로,1090000701,우이교앞교차로,127.0312724373789877_37.6431384065756944,1090005404,번창교,127.0319809335181702_37.6426878882124569,80.0,18.0,서행,127.0319809335181702_37.6426878882124569|127.0312724373789877_37.6431384065756944
2026-09-04T09:00:31.559343+09:00,쌍문역,쌍문역,POI070,KEY_3,1090001500,우이천로,1090000703,우이교앞교차로,127.0310729519188158_37.6431211684896070,1090000902,한일병원,127.0279685895414303_37.6450803801061440,350.0,12.0,정체,127.0279685895414303_37.6450803801061440|127.0280970845996933_37.6449964844622755|127.0284654183674178_37.6447559940197536|127.0287300641372070_37.6445832012974151|127.0287440560925489_37.6445740656200698|127.0291467962950946_37.6443195262820893|127.0303466242784936_37.6435611940581438|127.0308594191241554_37.6432370817667845|127.0310729519188158_37.6431211684896070
2026-09-04T09:00:31.559343+09:00,쌍문역,쌍문역,POI070,KEY_3,1090001600,우이천로,1090097600,쌍문동 83-10,127.0304312281127466_37.6436458315402973,1090000704,우이교앞교차로,127.0311629794475863_37.6432032074832321,81.0,15.0,서행,127.0311629794475863_37.6432032074832321|127.0309401577308392_37.6433241623639816|127.0304312281127466_37.6436458315402973
2026-09-04T09:00:31.559343+09:00,쌍문역,쌍문역,POI070,KEY_3,1090001702,도봉로,1090057800,쌍문동 83-8,127.0322645121424188_37.6446330103546600,1090001303,창동시장입구교차로,127.0333679558157627_37.6464986566063828,229.0,11.0,정체,127.0333679558157627_37.6464986566063828|127.0326215714648015_37.6452398113717877|127.0325635966364075_37.6451416305438258|127.0322645121424188_37.6446330103546600
2026-09-04T09:00:31.559343+09:00,쌍문역,쌍문역,POI070,KEY_3,1090001801,도봉로,1090057900,창동 703-9,127.0323876826054175_37.6445872158534343,1090000701,우이교앞교차로,127.0312724373789877_37.6431384065756944,189.0,29.0,원활,127.0312724373789877_37.6431384065756944|127.0313379882501721_37.6431972177101386|127.0315344838842435_37.6433976928929965|127.0317063615047317_37.6435881292882257|127.0318399394393509_37.6437483018028090|127.0319611171275511_37.6439100560457618|127.0320824040946093_37.6440796622059537|127.0322036071876823_37.6442741759624582|127.0323876826054175_37.6445872158534343
2026-09-04T09:00:31.559343+09:00,쌍문역,쌍문역,POI070,KEY_3,1090001802,도봉로,1090001302,창동시장입구교차로,127.0334909458621269_37.6464525507448045,1090006001,창동 703-9,127.0327445598980489_37.6451937062792226,154.0,29.0,원활,127.0327445598980489_37.6451937062792226|127.0334909458621269_37.6464525507448045
2026-09-04T09:00:31.559343+09:00,쌍문역,쌍문역,POI070,KEY_3,1090002901,도봉로110길,1090001301,창동시장입구교차로,127.0335489194755070_37.6465503488024709,1090006804,창동 703-6,127.0342878211482969_37.6462731281989917,72.0,8.0,정체,127.0342878211482969_37.6462731281989917|127.0340935174179151_37.6463460275834763|127.0335489194755070_37.6465503488024709
2026-09-04T09:00:31.559343+09:00,쌍문역,쌍문역,POI070,KEY_3,1090003001,도봉로110길,1090104700,창동 703-6,127.0340354943073748_37.6462482478843796,1090001302,창동시장입구교차로,127.0334909458621269_37.6464525507448045,53.0,18.0,서행,127.0334909458621269_37.6464525507448045|127.0340354943073748_37.6462482478843796
2026-09-04T09:00:31.559343+09:00,쌍문역,쌍문역,POI070,KEY_3,1090003002,도봉로110길,1090080200,창동 703-7,127.0357360179233837_37.6461069649814846,1090006802,창동 703-6,127.0343549840734454_37.6461328281547765,124.0,14.0,정체,127.0343549840734454_37.6461328281547765|127.0345012774259459_37.6460886710330769|127.0346261544876967_37.6460608796433576|127.0347246771475653_37.6460514498211580|127.0348610739236506_37.6460494013026832|127.0357360179233837_37.6461069649814846
2026-09-04T09:00:31.559343+09:00,쌍문역,쌍문역,POI070,KEY_3,1090003700,도봉로,1090135200,쌍문동 83-5,127.0350228266440666_37.6492923382218478,1090002003,정의여중고교입구교차로,127.0362215685676404_37.6513055778951582,247.0,25.7,원활,127.0362215685676404_37.6513055778951582|127.0360825534525588_37.6510864778828989|127.0358650918987422_37.6507183178536025|127.0356007620248846_37.6502708062316955|127.0350228266440666_37.6492923382218478
2026-09-04T09:00:31.559343+09:00,쌍문역,쌍문역,POI070,KEY_3,1090003801,도봉로,1090137100,창동 703-5,127.0342808907164880_37.6477854429096652,1090001301,창동시장입구교차로,127.0335489194755070_37.6465503488024709,152.0,23.5,서행,127.0335489194755070_37.6465503488024709|127.0342320361945099_37.6477029598049171|127.0342808907164880_37.6477854429096652
2026-09-04T09:00:31.559343+09:00,쌍문역,쌍문역,POI070,KEY_3,1090003802,도봉로,1090002002,정의여중고교입구교차로,127.0363773263417357_37.6513110181991735,1090007800,창동 703-3,127.0359881747483968_37.6506723581663039,79.0,13.0,정체,127.0359881747483968_37.6506723581663039|127.0362048236143977_37.6510391397169215|127.0363773263417357_37.6513110181991735
2026-09-04T09:00:31.559343+09:00,쌍문역,쌍문역,POI070,KEY_3,1090005100,노해로,1090121700,쌍문동 83-4,127.0350101560504044_37.6513313295938374,1090002004,정의여중고교입구교차로,127.0362912697615769_37.6514169783247610,113.0,16.7,서행,127.0362912697615769_37.6514169783247610|127.0358744447874244_37.6513983643391370|127.0356105287372799_37.6513778955387650|127.0350101560504044_37.6513313295938374
2026-09-04T09:00:31.559343+09:00,쌍문역,쌍문역,POI070,KEY_3,1090005500,노해로,1090002001,정의여중고교입구교차로,127.0364434898500150_37.6514195793773183,1090008204,창동고교,127.0376207170842662_37.6514673842390550,104.0,15.0,서행,127.0376207170842662_37.6514673842390550|127.0372124994038785_37.6514364984026884|127.0371634236865077_37.6514327847047809|127.0368827243874392_37.6514224925743335|127.0364434898500150_37.6514195793773183
2026-09-04T09:00:31.559343+09:00,쌍문역,쌍문역,POI070,KEY_3,1090005601,노해로,1090008000,정의여중입구,127.0372253821596331_37.6513288665233219,1090002002,정의여중고교입구교차로,127.0363773263417357_37.6513110181991735,75.0,15.0,서행,127.0363773263417357_37.6513110181991735|127.0368864251738898_37.6513143950908074|127.0371730020149244_37.6513249033987236|127.0372253821596331_37.6513288665233219
2026-09-04T09:00:31.559343+09:00,쌍문역,쌍문역,POI070,KEY_3,1090007201,도봉로,1090060400,창동 723-12,127.0374667021622201_37.6531309026853336,1090002001,정의여중고교입구교차로,127.0364434898500150_37.6514195793773183,210.0,24.0,서행,127.0364434898500150_37.6514195793773183|127.0365670542006740_37.6516255471527472|127.0366115427542724_37.6516990602945469|127.0370435422705526_37.6524128903159365|127.0371049079353014_37.6525142888462554|127.0374667021622201_37.6531309026853336
2026-09-04T09:00:31.559343+09:00,쌍문역,쌍문역,POI070,KEY_3,1090016100,도봉로106길,1090005903,창동 445-27,127.0334595348995492_37.6448135819881742,1090006002,창동 703-9,127.0326867677156883_37.6450958357447760,75.0,14.0,정체,127.0326867677156883_37.6450958357447760|127.0334595348995492_37.6448135819881742
2026-09-04T09:00:31.559343+09:00,쌍문역,쌍문역,POI070,KEY_3,1090016600,도봉로110다길,1090005904,창동 445-27,127.0335171994878181_37.6449114990430758,1090006803,창동 703-6,127.0342297978290986_37.6461753485027018,154.0,18.0,서행,127.0342297978290986_37.6461753485027018|127.0340689432467656_37.6459116372999603|127.0338676118185077_37.6455815638404729|127.0338380059821048_37.6455042068618368|127.0338114727567813_37.6454348781533952|127.0335171994878181_37.6449114990430758
2026-09-04T09:00:31.559343+09:00,쌍문역,쌍문역,POI070,KEY_3,1090018900,노해로,1090008000,정의여중입구,127.0372253821596331_37.6513288665233219,1090007800,창동 703-3,127.0359881747483968_37.6506723581663039,133.0,14.0,정체,127.0359881747483968_37.6506723581663039|127.0362290122563707_37.6508846218187543|127.0369217729405591_37.6512348335471998|127.0372253821596331_37.6513288665233219
2026-09-04T09:00:31.559343+09:00,쌍문역,쌍문역,POI070,KEY_3,1090044400,도봉로,1090000702,우이교앞교차로,127.0311828397790350_37.6430569437685492,1080017101,강북구-도봉구,127.0309288510039636_37.6428226257850653,34.0,10.0,정체,127.0309288510039636_37.6428226257850653|127.0311828397790350_37.6430569437685492
2026-09-04T09:00:31.559343+09:00,쌍문역,쌍문역,POI070,KEY_3,1090044500,도봉로,1080017102,강북구-도봉구,127.0308257491886792_37.6428931106192053,1090000703,우이교앞교차로,127.0310729519188158_37.6431211684896070,33.0,8.0,정체,127.0310729519188158_37.6431211684896070|127.0308257491886792_37.6428931106192053
2026-09-04T09:00:31.559343+09:00,양재역,양재역,POI041,KEY_4,1210013601,강남대로,1210486100,최소노드배치점,127.0378699418751438_37.4804219789779864,1210021103,서초구민회관,127.0362470306922518_37.4823297666331001,257.0,25.0,원활,127.0362470306922518_37.4823297666331001|127.0370531848571858_37.4815620178122231|127.0372178545636501_37.4814051903833061|127.0374052147573991_37.4811810304723849|127.0376834362452172_37.4807607700402627|127.0378699418751438_37.4804219789779864
2026-09-04T09:00:31.559343+09:00,양재역,양재역,POI041,KEY_4,1210013602,강남대로,1210021104,서초구민회관,127.0361598826672207_37.4824126347006299,1210022103,양재역(신분당선),127.0352394844712620_37.4832864839525328,127.0,22.0,서행,127.0352394844712620_37.4832864839525328|127.0359772211679399_37.4825860603316414|127.0361598826672207_37.4824126347006299
2026-09-04T09:00:31.559343+09:00,양재역,양재역,POI041,KEY_4,1210013603,강남대로,1210022104,양재역(신분당선),127.0351524056463148_37.4833697515923561,1210024103,양재역사거리,127.0340762774561654_37.4844728789609647,155.0,27.0,원활,127.0340762774561654_37.4844728789609647|127.0346472974863588_37.4838557653419784|127.0349836352215931_37.4835321429980013|127.0351524056463148_37.4833697515923561
2026-09-04T09:00:31.559343+09:00,양재역,양재역,POI041,KEY_4,1210015200,남부순환로,1210023405,서초구청앞사거리,127.0298160387686437_37.4839266444256793,1210001100,서초IC,127.0288287872834019_37.4837904329522402,89.0,15.0,서행,127.0288287872834019_37.4837904329522402|127.0298160387686437_37.4839266444256793
2026-09-04T09:00:31.559343+09:00,양재역,양재역,POI041,KEY_4,1210015300,남부순환로,1210023100,서초IC,127.0286616071774688_37.4838771371351172,1210023406,서초구청앞사거리,127.0297928843277333_37.4840332206194162,102.0,33.5,원활,127.0297928843277333_37.4840332206194162|127.0286616071774688_37.4838771371351172
2026-09-04T09:00:31.559343+09:00,양재역,양재역,POI041,KEY_4,1210015402,남부순환로,1210023702,양재지하차도(서측),127.0322646148869694_37.4843647429376858,1210024104,양재역사거리,127.0339305823189875_37.4846709888093628,152.0,13.0,정체,127.0339305823189875_37.4846709888093628|127.0325186277341913_37.4844580696051111|127.0322646148869694_37.4843647429376858
2026-09-04T09:00:31.559343+09:00,양재역,양재역,POI041,KEY_4,1210015403,남부순환로,1210023410,속성변화점,127.0312528830012866_37.4842291575750366,1210023702,양재지하차도(서측),127.0322646148869694_37.4843647429376858,91.0,16.0,서행,127.0322646148869694_37.4843647429376858|127.0313866868204684_37.4842470903056082|127.0312528830012866_37.4842291575750366
2026-09-04T09:00:31.559343+09:00,양재역,양재역,POI041,KEY_4,1210015404,남부순환로,1210175900,서초동 1376,127.0304688834092417_37.4841240757012955,1210023410,속성변화점,127.0312528830012866_37.4842291575750366,70.0,21.0,서행,127.0312528830012866_37.4842291575750366|127.0304688834092417_37.4841240757012955
2026-09-04T09:00:31.559343+09:00,양재역,양재역,POI041,KEY_4,1210015502,남부순환로,1210024103,양재역사거리,127.0340762774561654_37.4844728789609647,1210023701,양재지하차도(서측),127.0322884803785684_37.4842583138286400,161.0,7.0,정체,127.0322884803785684_37.4842583138286400|127.0325690840085429_37.4842455987838719|127.0340762774561654_37.4844728789609647
2026-09-04T09:00:31.559343+09:00,양재역,양재역,POI041,KEY_4,1210015503,남부순환로,1210023409,서초동1376,127.0312753868282414_37.4841225344668700,1210023404,서초구청앞사거리,127.0299491468833679_37.4839447711009797,119.0,27.0,원활,127.0299491468833679_37.4839447711009797|127.0304913883419289_37.4840174526615328|127.0312753868282414_37.4841225344668700
2026-09-04T09:00:31.559343+09:00,양재역,양재역,POI041,KEY_4,1210015504,남부순환로,1210023701,양재지하차도(서측),127.0322884803785684_37.4842583138286400,1210023408,서초동1376,127.0314091882127201_37.4841404676964132,79.0,35.0,원활,127.0314091882127201_37.4841404676964132|127.0322884803785684_37.4842583138286400
2026-09-04T09:00:31.559343+09:00,양재역,양재역,POI041,KEY_4,1210016403,서운로,1210119900,서초동 1381,127.0293607853437265_37.4859224457787263,1210026803,지앤이타임즈,127.0293184725809965_37.4861074409803052,21.0,17.0,서행,127.0293184725809965_37.4861074409803052|127.0293607853437265_37.4859224457787263
2026-09-04T09:00:31.559343+09:00,양재역,양재역,POI041,KEY_4,1210016404,서운로,1210198100,서초동 1381,127.0296592234120681_37.4846176232074200,1210023413,서초동1381,127.0295289779158594_37.4851870836886008,64.0,8.0,정체,127.0295289779158594_37.4851870836886008|127.0296592234120681_37.4846176232074200
2026-09-04T09:00:31.559343+09:00,양재역,양재역,POI041,KEY_4,1210016502,서운로,1210265100,서초동 1381,127.0291560231373182_37.4868282893948290,1210026801,지앤이타임즈,127.0294340080851043_37.4861874036643883,75.0,16.5,서행,127.0294340080851043_37.4861874036643883|127.0293261566869347_37.4864753109788253|127.0291560231373182_37.4868282893948290
2026-09-04T09:00:31.559343+09:00,양재역,양재역,POI041,KEY_4,1210016503,서운로,1210221500,서초동 1381,127.0298684823102491_37.4843056849218144,1210023403,서초구청앞사거리,127.0299266411793866_37.4840513940925320,29.0,16.0,서행,127.0299266411793866_37.4840513940925320|127.0298684823102491_37.4843056849218144
2026-09-04T09:00:31.559343+09:00,양재역,양재역,POI041,KEY_4,1210042500,남부순환로348길,1210395800,양재동 25,127.0354836118658142_37.4818234896589502,1210021402,속성변화점,127.0343612916231280_37.4828579968059117,172.0,5.0,정체,127.0343612916231280_37.4828579968059117|127.0345013035312434_37.4826248626667038|127.0345585919445313_37.4824806953361431|127.0346113146708973_37.4823659769818605|127.0346862677207156_37.4822783030647670|127.0349480920600911_37.4820550973857749|127.0352640588052822_37.4817372005637850|127.0353844389002091_37.4817577201900178|127.0354836118658142_37.4818234896589502
2026-09-04T09:00:31.559343+09:00,양재역,양재역,POI041,KEY_4,1210042600,남부순환로348길,1210021401,속성변화점,127.0345286599769850_37.4828297660686118,1210021104,서초구민회관,127.0361598826672207_37.4824126347006299,227.0,12.0,정체,127.0361598826672207_37.4824126347006299|127.0353968258938409_37.4819065974304024|127.0353233590157629_37.4818578756904373|127.0353180887605475_37.4818569771580883|127.0350509984066747_37.4821256996869039|127.0347925138185872_37.4823460574200951|127.0347329234404299_37.4824157616745595|127.0346870275424749_37.4825156249487463|127.0346277833618842_37.4826647151245993|127.0345286599769850_37.4828297660686118
2026-09-04T09:00:31.559343+09:00,양재역,양재역,POI041,KEY_4,1210043300,강남대로,1210022103,양재역(신분당선),127.0352394844712620_37.4832864839525328,1210021401,속성변화점,127.0345286599769850_37.4828297660686118,81.0,22.0,서행,127.0345286599769850_37.4828297660686118|127.0349836505278773_37.4831396959587693|127.0352394844712620_37.4832864839525328
2026-09-04T09:00:31.559343+09:00,양재역,양재역,POI041,KEY_4,1210043400,강남대로,1210021402,속성변화점,127.0343612916231280_37.4828579968059117,1210022104,양재역(신분당선),127.0351524056463148_37.4833697515923561,90.0,12.0,정체,127.0351524056463148_37.4833697515923561|127.0348997885669320_37.4832248093140876|127.0343612916231280_37.4828579968059117
2026-09-04T09:00:31.559343+09:00,양재역,양재역,POI041,KEY_4,1210045900,남부순환로,1210024706,양재지하차도(동측),127.0360586687670121_37.4847936982097849,1210023701,양재지하차도(서측),127.0322884803785684_37.4842583138286400,339.0,42.0,원활,127.0322884803785684_37.4842583138286400|127.0340728272282860_37.4845273783584219|127.0360586687670121_37.4847936982097849
2026-09-04T09:00:31.559343+09:00,양재역,양재역,POI041,KEY_4,1210046000,남부순환로,1210023702,양재지하차도(서측),127.0322646148869694_37.4843647429376858,1210024707,양재지하차도(동측),127.0360357594740179_37.4849002658108148,339.0,28.0,원활,127.0360357594740179_37.4849002658108148|127.0340489540976421_37.4846338186649177|127.0322646148869694_37.4843647429376858
2026-09-04T09:00:31.559343+09:00,양재역,양재역,POI041,KEY_4,1210048900,효령로72길,1210421700,서초동 1344-36,127.0275412444502194_37.4867808964481242,1210026804,지앤이타임즈,127.0292735633250203_37.4862377140809855,165.0,15.0,서행,127.0292735633250203_37.4862377140809855|127.0286110089064096_37.4864454672244634|127.0279410533482150_37.4866555361435800|127.0275412444502194_37.4867808964481242
2026-09-04T09:00:31.559343+09:00,양재역,양재역,POI041,KEY_4,1220010202,남부순환로,1210024101,양재역사거리,127.0340689766054396_37.4846913246563176,1210024707,양재지하차도(동측),127.0360357594740179_37.4849002658108148,176.0,6.0,정체,127.0360357594740179_37.4849002658108148|127.0357572961840731_37.4849177451772491|127.0340689766054396_37.4846913246563176
2026-09-04T09:00:31.559343+09:00,양재역,양재역,POI041,KEY_4,1220010205,남부순환로,1220289700,도곡동 959-64,127.0373549942873836_37.4850835385253944,1210025105,양재빌딩,127.0381419430490553_37.4851928571018931,71.0,43.0,원활,127.0381419430490553_37.4851928571018931|127.0378924560210123_37.4851582003438324|127.0373549942873836_37.4850835385253944
2026-09-04T09:00:31.559343+09:00,양재역,양재역,POI041,KEY_4,1220010206,남부순환로,1210024707,양재지하차도(동측),127.0360357594740179_37.4849002658108148,1210024705,강남피타워,127.0362666923472403_37.4849323486232535,21.0,38.0,원활,127.0362666923472403_37.4849323486232535|127.0360357594740179_37.4849002658108148
2026-09-04T09:00:31.559343+09:00,양재역,양재역,POI041,KEY_4,1220010302,남부순환로,1210024706,양재지하차도(동측),127.0360586687670121_37.4847936982097849,1210024102,양재역사거리,127.0342261265630555_37.4844931178199090,166.0,20.0,서행,127.0342261265630555_37.4844931178199090|127.0358023295931247_37.4847045015941021|127.0360586687670121_37.4847936982097849
2026-09-04T09:00:31.559343+09:00,양재역,양재역,POI041,KEY_4,1220010305,남부순환로,1210024703,속성변화점,127.0364286830664469_37.4848451024516365,1210024706,양재지하차도(동측),127.0360586687670121_37.4847936982097849,33.0,49.0,원활,127.0360586687670121_37.4847936982097849|127.0362899952789348_37.4848258348871610|127.0364286830664469_37.4848451024516365
2026-09-04T09:00:31.559343+09:00,양재역,양재역,POI041,KEY_4,1220010306,남부순환로,1220442500,도곡동 958-3,127.0368025764135211_37.4848970453510688,1210024703,속성변화점,127.0364286830664469_37.4848451024516365,34.0,52.0,원활,127.0364286830664469_37.4848451024516365|127.0368025764135211_37.4848970453510688
2026-09-04T09:00:31.559343+09:00,양재역,양재역,POI041,KEY_4,1220011902,강남대로,1220379300,도곡동 958-2,127.0336693863127380_37.4854787293575669,1210024101,양재역사거리,127.0340689766054396_37.4846913246563176,94.0,12.0,정체,127.0340689766054396_37.4846913246563176|127.0339650333567505_37.4848623610794220|127.0336693863127380_37.4854787293575669
2026-09-04T09:00:31.559343+09:00,역삼역,역삼역,POI042,KEY_1,1220026201,논현로,1220414300,역삼동 800-3,127.0365795823227160_37.5014364664377027,1220033703,역삼동 800-3,127.0362865170511100_37.5020779389071848,76.0,14.0,정체,127.0362865170511100_37.5020779389071848|127.0365795823227160_37.5014364664377027
2026-09-04T09:00:31.559343+09:00,역삼역,역삼역,POI042,KEY_1,1220022901,논현로,1220421300,역삼동 803-3,127.0380228090820651_37.4983127742013025,1220031703,역삼동 803-3,127.0375577638543518_37.4992997915635939,117.0,15.7,서행,127.0375577638543518_37.4992997915635939|127.0380228090820651_37.4983127742013025
2026-09-04T09:00:31.559343+09:00,역삼역,역삼역,POI042,KEY_1,1220022902,논현로,1220031704,역삼동 803-3,127.0375106660669928_37.4994012382100053,1220032703,역삼역앞교차로,127.0368909881553634_37.5007549406311398,160.0,31.0,원활,127.0368909881553634_37.5007549406311398|127.0375106660669928_37.4994012382100053
2026-09-04T09:00:31.559343+09:00,역삼역,역삼역,POI042,KEY_1,1220023002,논현로,1220032702,역삼역앞교차로,127.0370178297836929_37.5007934116919515,1220031701,역삼동 803-3,127.0376332097685577_37.4994490942840741,159.0,17.0,서행,127.0376332097685577_37.4994490942840741|127.0370178297836929_37.5007934116919515
2026-09-04T09:00:31.559343+09:00,역삼역,역삼역,POI042,KEY_1,1220024002,테헤란로,1220032001,한국타이어빌딩,127.0339816634749042_37.4999827779347470,1220032504,강남파이낸스센터,127.0355809598226955_37.5004709050617890,151.0,39.0,원활,127.0355809598226955_37.5004709050617890|127.0339816634749042_37.4999827779347470
2026-09-04T09:00:31.559343+09:00,역삼역,역삼역,POI042,KEY_1,1220024003,테헤란로,1220032501,강남파이낸스센터,127.0357139041821881_37.5005114802401565,1220032704,역삼역앞교차로,127.0368445237788109_37.5008565423281937,107.0,32.0,원활,127.0368445237788109_37.5008565423281937|127.0357139041821881_37.5005114802401565
2026-09-04T09:00:31.559343+09:00,역삼역,역삼역,POI042,KEY_1,1220024102,테헤란로,1220032503,강남파이낸스센터,127.0356493611653690_37.5003759986710961,1220032002,한국타이어빌딩,127.0340278079028593_37.4998810786723951,154.0,11.0,정체,127.0340278079028593_37.4998810786723951|127.0356493611653690_37.5003759986710961
2026-09-04T09:00:31.559343+09:00,역삼역,역삼역,POI042,KEY_1,1220024103,테헤란로,1220032703,역삼역앞교차로,127.0368909881553634_37.5007549406311398,1220032502,강남파이낸스센터,127.0357762567149393_37.5004147276981854,106.0,7.0,정체,127.0357762567149393_37.5004147276981854|127.0368909881553634_37.5007549406311398
2026-09-04T09:00:31.559343+09:00,역삼역,역삼역,POI042,KEY_1,1220025201,테헤란로,1220032701,역삼역앞교차로,127.0369713701904999_37.5008950080904739,1220033204,역삼동 804,127.0383036450100747_37.5012965051190150,126.0,6.0,정체,127.0383036450100747_37.5012965051190150|127.0369713701904999_37.5008950080904739
2026-09-04T09:00:31.559343+09:00,역삼역,역삼역,POI042,KEY_1,1220025202,테헤란로,1220033201,역삼동 804,127.0384303599731339_37.5013352470725749,1220033604,조선팰리스서울강남,127.0410901902141632_37.5021604542974885,252.0,16.0,서행,127.0410901902141632_37.5021604542974885|127.0384303599731339_37.5013352470725749
2026-09-04T09:00:31.559343+09:00,역삼역,역삼역,POI042,KEY_1,1220025203,테헤란로,1220033601,조선팰리스서울강남,127.0412168948508196_37.5021992128127692,1220034109,르네상스호텔사거리,127.0427049356462277_37.5026477779311733,141.0,37.0,원활,127.0427049356462277_37.5026477779311733|127.0412168948508196_37.5021992128127692
2026-09-04T09:00:31.559343+09:00,역삼역,역삼역,POI042,KEY_1,1220025301,테헤란로,1220033203,역삼동 804,127.0383619562775550_37.5011984810594541,1220032702,역삼역앞교차로,127.0370178297836929_37.5007934116919515,127.0,28.0,원활,127.0370178297836929_37.5007934116919515|127.0383619562775550_37.5011984810594541
2026-09-04T09:00:31.559343+09:00,역삼역,역삼역,POI042,KEY_1,1220025302,테헤란로,1220033603,조선팰리스서울강남,127.0411472370855819_37.5020621235551701,1220033202,역삼동 804,127.0384900125446848_37.5012377243034365,252.0,32.0,원활,127.0384900125446848_37.5012377243034365|127.0411472370855819_37.5020621235551701
2026-09-04T09:00:31.559343+09:00,역삼역,역삼역,POI042,KEY_1,1220025303,테헤란로,1220034108,르네상스호텔사거리,127.0427524460124999_37.5025464977713199,1220033602,조선팰리스서울강남,127.0412749899103062_37.5021011235286110,140.0,11.0,정체,127.0412749899103062_37.5021011235286110|127.0427524460124999_37.5025464977713199
2026-09-04T09:00:31.559343+09:00,역삼역,역삼역,POI042,KEY_1,1220026301,논현로,1220033702,역삼동 800-3,127.0364185314605834_37.5021050987604525,1220032701,역삼역앞교차로,127.0369713701904999_37.5008950080904739,143.0,28.0,원활,127.0369713701904999_37.5008950080904739|127.0367071085393178_37.5014734470237059|127.0364185314605834_37.5021050987604525
2026-09-04T09:00:31.559343+09:00,역삼역,역삼역,POI042,KEY_1,1220026302,논현로,1220035107,선&석갤러리미술관,127.0357793801420456_37.5034432024512014,1220033701,역삼동 800-3,127.0363710774077219_37.5022064868924119,147.0,31.0,원활,127.0363710774077219_37.5022064868924119|127.0359496264084811_37.5030873726170029|127.0357793801420456_37.5034432024512014
2026-09-04T09:00:31.559343+09:00,역삼역,역삼역,POI042,KEY_1,1220062900,논현로85길,1220318800,역삼동 803-8,127.0366610795921929_37.4990582363199891,1220031903,강남파이낸스센터,127.0359151742246411_37.4997297381888330,108.0,21.0,서행,127.0359151742246411_37.4997297381888330|127.0361109699647528_37.4992910933509691|127.0366162770087186_37.4990461668587614|127.0366610795921929_37.4990582363199891
2026-09-04T09:00:31.559343+09:00,역삼역,역삼역,POI042,KEY_1,1220063000,논현로85길,1220031902,강남파이낸스센터,127.0360430367235125_37.4997659664220748,1220031704,역삼동 803-3,127.0375106660669928_37.4994012382100053,172.0,16.0,서행,127.0375106660669928_37.4994012382100053|127.0366327519434861_37.4991647395749723|127.0362226810127737_37.4993635036514164|127.0360430367235125_37.4997659664220748
2026-09-04T09:00:31.559343+09:00,역삼역,역삼역,POI042,KEY_1,1220063100,논현로87길,1220377400,역삼동 736-60,127.0350245042144763_37.4994681153879341,1220032003,한국타이어빌딩,127.0339011803060885_37.4998421534899293,150.0,12.5,정체,127.0339011803060885_37.4998421534899293|127.0341720860163406_37.4992537810037732|127.0342451967198230_37.4992391968694818|127.0350245042144763_37.4994681153879341
2026-09-04T09:00:31.559343+09:00,역삼역,역삼역,POI042,KEY_1,1220063200,논현로87길,1220032002,한국타이어빌딩,127.0340278079028593_37.4998810786723951,1220031904,강남파이낸스센터,127.0358713909474631_37.4998321123386660,213.0,11.0,정체,127.0358713909474631_37.4998321123386660|127.0349775599276398_37.4995695607544732|127.0342673023357776_37.4993609254057532|127.0340278079028593_37.4998810786723951
2026-09-04T09:00:31.559343+09:00,역삼역,역삼역,POI042,KEY_1,1220063800,논현로86길,1220355200,역삼동 804-14,127.0385858837944539_37.4996365979730086,1220031702,역삼동 803-3,127.0376812090304384_37.4993454389484810,87.0,21.0,서행,127.0376812090304384_37.4993454389484810|127.0378037738192631_37.4994067530186683|127.0385858837944539_37.4996365979730086
2026-09-04T09:00:31.559343+09:00,역삼역,역삼역,POI042,KEY_1,1220063900,테헤란로26길,1220031904,강남파이낸스센터,127.0358713909474631_37.4998321123386660,1220032503,강남파이낸스센터,127.0356493611653690_37.5003759986710961,63.0,17.5,서행,127.0356493611653690_37.5003759986710961|127.0358713909474631_37.4998321123386660
2026-09-04T09:00:31.559343+09:00,역삼역,역삼역,POI042,KEY_1,1220064000,테헤란로26길,1220032502,강남파이낸스센터,127.0357762567149393_37.5004147276981854,1220031901,강남파이낸스센터,127.0360004440093178_37.4998655532656855,64.0,21.0,서행,127.0360004440093178_37.4998655532656855|127.0357762567149393_37.5004147276981854
2026-09-04T09:00:31.559343+09:00,역삼역,역삼역,POI042,KEY_1,1220064200,테헤란로19길,1220032602,현대해상강남사옥,127.0337088654406443_37.5005926415755724,1220032001,한국타이어빌딩,127.0339816634749042_37.4999827779347470,72.0,12.0,정체,127.0339816634749042_37.4999827779347470|127.0337088654406443_37.5005926415755724
2026-09-04T09:00:31.559343+09:00,역삼역,역삼역,POI042,KEY_1,1220064700,테헤란로25길,1220299000,역삼동 800-55,127.0354261517218362_37.5009351779329592,1220032501,강남파이낸스센터,127.0357139041821881_37.5005114802401565,54.0,17.0,서행,127.0357139041821881_37.5005114802401565|127.0355669976001991_37.5006583522082835|127.0354261517218362_37.5009351779329592
2026-09-04T09:00:31.559343+09:00,역삼역,역삼역,POI042,KEY_1,1220064800,강남대로94길,1220032903,AC호텔서울강남,127.0352188371493725_37.5010548317045789,1220032602,현대해상강남사옥,127.0337088654406443_37.5005926415755724,143.0,7.0,정체,127.0337088654406443_37.5005926415755724|127.0345432586491228_37.5008480456843643|127.0348576265480318_37.5009442703391116|127.0352188371493725_37.5010548317045789
2026-09-04T09:00:31.559343+09:00,역삼역,역삼역,POI042,KEY_1,1220065000,언주로85길,1220425600,역삼동 804-2,127.0413775483893204_37.5016708899374862,1220033603,조선팰리스서울강남,127.0411472370855819_37.5020621235551701,48.0,13.0,정체,127.0411472370855819_37.5020621235551701|127.0412903042234376_37.5018498555624049|127.0413775483893204_37.5016708899374862
2026-09-04T09:00:31.559343+09:00,역삼역,역삼역,POI042,KEY_1,1220065100,언주로85길,1220398400,역삼동 804-5,127.0416682032000608_37.5013733047190456,1220033404,역삼동 804-10,127.0432869693216986_37.5014089252733029,169.0,18.5,서행,127.0432869693216986_37.5014089252733029|127.0427807466158896_37.5012612056344494|127.0423901287035022_37.5011472184706918|127.0423861586326097_37.5011468064563331|127.0418446575615121_37.5010906081298501|127.0417976313598416_37.5011078006535357|127.0416682032000608_37.5013733047190456
2026-09-04T09:00:31.559343+09:00,역삼역,역삼역,POI042,KEY_1,1220066000,테헤란로25길,1220411000,역삼동 800-46,127.0357497043298878_37.5019516544713767,1220032901,AC호텔서울강남,127.0353011884444641_37.5011899349873303,103.0,12.0,정체,127.0353011884444641_37.5011899349873303|127.0352524015514604_37.5013089790965211|127.0354105872832235_37.5016420889215567|127.0355251871199442_37.5018834129373317|127.0357497043298878_37.5019516544713767
2026-09-04T09:00:31.559343+09:00,역삼역,역삼역,POI042,KEY_1,1220066100,테헤란로27길,1220033204,역삼동 804,127.0383036450100747_37.5012965051190150,1220034202,주원빌딩,127.0376735538589088_37.5025242529355367,147.0,11.0,정체,127.0376735538589088_37.5025242529355367|127.0377125497796129_37.5024717782014534|127.0378031339130587_37.5022916726038176|127.0379628362755966_37.5019741391064088|127.0381171969712426_37.5016672235797017|127.0383036450100747_37.5012965051190150
2026-09-04T09:00:31.559343+09:00,역삼역,역삼역,POI042,KEY_1,1220066200,테헤란로27길,1220355800,역삼동 801-43,127.0382431714843676_37.5017074385952114,1220033201,역삼동 804,127.0384303599731339_37.5013352470725749,45.0,18.0,서행,127.0384303599731339_37.5013352470725749|127.0382431714843676_37.5017074385952114
2026-09-04T09:00:31.559343+09:00,역삼역,역삼역,POI042,KEY_1,1220066500,논현로94길,1220446500,역삼동 679-1,127.0370346102444188_37.5023108598895689,1220033702,역삼동 800-3,127.0364185314605834_37.5021050987604525,59.0,20.0,서행,127.0364185314605834_37.5021050987604525|127.0370346102444188_37.5023108598895689
2026-09-04T09:00:31.559343+09:00,역삼역,역삼역,POI042,KEY_1,1220066600,논현로94길,1220293800,역삼동 801-43,127.0371427012136962_37.5024641970630412,1220034203,주원빌딩,127.0376210865578486_37.5026239667892369,46.0,11.5,정체,127.0376210865578486_37.5026239667892369|127.0371427012136962_37.5024641970630412
2026-09-04T09:00:31.559343+09:00,역삼역,역삼역,POI042,KEY_1,1220068100,테헤란로37길,1220264200,역삼동 801-35,127.0407611017780738_37.5031096751308723,1220033601,조선팰리스서울강남,127.0412168948508196_37.5021992128127692,109.0,21.0,서행,127.0412168948508196_37.5021992128127692|127.0409307988315248_37.5027697610468564|127.0407642310578069_37.5031019352162929|127.0407611017780738_37.5031096751308723
2026-09-04T09:00:31.559343+09:00,역삼역,역삼역,POI042,KEY_1,1220068200,테헤란로37길,1220264100,역삼동 677-32,127.0406319239594382_37.5030765261350822,1220035202,역삼동 801-35,127.0404774749732866_37.5034585349666685,45.0,17.0,서행,127.0404774749732866_37.5034585349666685|127.0406319239594382_37.5030765261350822
2026-09-04T09:00:31.559343+09:00,역삼역,역삼역,POI042,KEY_1,1220068300,언주로93길,1220321900,역삼동 801-33,127.0391274307591516_37.5030308203285614,1220034201,주원빌딩,127.0377844825094655_37.5025872091827566,129.0,21.0,서행,127.0377844825094655_37.5025872091827566|127.0378060516913052_37.5026080587615880|127.0384306021221903_37.5028078796534032|127.0387682486888679_37.5029159056779875|127.0391274307591516_37.5030308203285614
2026-09-04T09:00:31.559343+09:00,역삼역,역삼역,POI042,KEY_1,1220069700,언주로93길,1220274400,역삼동 801-35,127.0412737965731509_37.5038968162216406,1220035201,역삼동 676,127.0405990896133375_37.5035103913320995,74.0,8.0,정체,127.0405990896133375_37.5035103913320995|127.0406893594651905_37.5035754025077637|127.0408653580880838_37.5036752510038980|127.0412405043126967_37.5038880792316647|127.0412737965731509_37.5038968162216406
2026-09-04T09:00:31.559343+09:00,역삼역,역삼역,POI042,KEY_1,1220109300,논현로86길,1220031701,역삼동 803-3,127.0376332097685577_37.4994490942840741,1220033203,역삼동 804,127.0383619562775550_37.5011984810594541,269.0,19.0,서행,127.0383619562775550_37.5011984810594541|127.0384939225746734_37.5010126436947360|127.0385785669749765_37.5008379293449394|127.0387523426002332_37.5004792366435709|127.0389134461888858_37.5001466971603179|127.0385215492466671_37.4997329331422051|127.0377435658552514_37.4995043007809841|127.0376332097685577_37.4994490942840741
2026-09-04T09:00:31.559343+09:00,역삼역,역삼역,POI042,KEY_1,1220109400,테헤란로25길,1220032504,강남파이낸스센터,127.0355809598226955_37.5004709050617890,1220032903,AC호텔서울강남,127.0352188371493725_37.5010548317045789,73.0,13.5,정체,127.0352188371493725_37.5010548317045789|127.0353003824151870_37.5008945602992867|127.0354486142979624_37.5006032191951775|127.0355809598226955_37.5004709050617890
2026-09-04T09:00:31.559343+09:00,역삼역,역삼역,POI042,KEY_1,1220109500,테헤란로25길,1220441900,역삼동 800-46,127.0352836579838822_37.5016803480284437,1220033704,역삼동 800-3,127.0362369327934431_37.5021833042211554,111.0,20.0,서행,127.0362369327934431_37.5021833042211554|127.0361038904469950_37.5021750291069296|127.0357013303636364_37.5020526726668919|127.0354198369294210_37.5019671128703962|127.0352836579838822_37.5016803480284437
2026-09-04T09:00:31.559343+09:00,연신내역,연신내역,POI043,KEY_2,1110001503,연서로,1110105600,갈현동 530-2,126.9191210811147101_37.6170033593878657,1110019203,하나은행연신내지점,126.9193918028253876_37.6174113195444662,51.0,19.5,서행,126.9193918028253876_37.6174113195444662|126.9191210811147101_37.6170033593878657
2026-09-04T09:00:31.559343+09:00,연신내역,연신내역,POI043,KEY_2,1110001504,연서로,1110187200,갈현동 389-6,126.9196400799543625_37.6177839798001798,1110019400,연신내역,126.9200614701943834_37.6184160813275312,79.0,33.0,원활,126.9200614701943834_37.6184160813275312|126.9196400799543625_37.6177839798001798
2026-09-04T09:00:31.559343+09:00,연신내역,연신내역,POI043,KEY_2,1110001505,연서로,1110204300,갈현동 439-7,126.9206257333500787_37.6187209331177215,1110000904,연신내역앞교차로,126.9212784764965676_37.6189101493237814,61.0,25.0,원활,126.9212784764965676_37.6189101493237814|126.9206355668252399_37.6187241813834703|126.9206257333500787_37.6187209331177215
2026-09-04T09:00:31.559343+09:00,연신내역,연신내역,POI043,KEY_2,1110001604,연서로,1110211200,대조동 228-1,126.9202548518927500_37.6184314740807295,1110019201,하나은행연신내지점,126.9195769445319968_37.6174587466015211,124.0,5.0,정체,126.9195769445319968_37.6174587466015211|126.9197593257919294_37.6177338047535628|126.9201657311834452_37.6183467163848206|126.9202548518927500_37.6184314740807295
2026-09-04T09:00:31.559343+09:00,연신내역,연신내역,POI043,KEY_2,1110001701,통일로,1110000904,연신내역앞교차로,126.9212784764965676_37.6189101493237814,1110019800,연신내역,126.9207299541102003_37.6195647960508452,87.0,14.0,정체,126.9207299541102003_37.6195647960508452|126.9212784764965676_37.6189101493237814
2026-09-04T09:00:31.559343+09:00,연신내역,연신내역,POI043,KEY_2,1110001802,통일로,1110276900,불광동 484-82,126.9206343140460120_37.6198754773551016,1110000901,연신내역앞교차로,126.9214112017024263_37.6189466943516067,124.0,33.0,원활,126.9214112017024263_37.6189466943516067|126.9208432802010549_37.6196244949793908|126.9206343140460120_37.6198754773551016
2026-09-04T09:00:31.559343+09:00,연신내역,연신내역,POI043,KEY_2,1110013702,통일로,1110203100,불광동 308-3,126.9219105125210376_37.6181746742698593,1110000903,연신내역앞교차로,126.9213567205654414_37.6188177358830984,87.0,15.0,서행,126.9213567205654414_37.6188177358830984|126.9219105125210376_37.6181746742698593
2026-09-04T09:00:31.559343+09:00,연신내역,연신내역,POI043,KEY_2,1110014001,연서로,1110219300,불광동 309-4,126.9226386392597732_37.6193753898948984,1110000902,연신내역앞교차로,126.9214908022308350_37.6188533548093673,121.0,26.0,원활,126.9214908022308350_37.6188533548093673|126.9221600641645722_37.6190222750227292|126.9223610041808143_37.6191151559738088|126.9224330610361591_37.6191709731888508|126.9225061446400247_37.6192275856208340|126.9226386392597732_37.6193753898948984
2026-09-04T09:00:31.559343+09:00,연신내역,연신내역,POI043,KEY_2,1110035000,연서로26길,1110257200,대조동 185-12,126.9200627926501568_37.6171301646562029,1110019202,하나은행연신내지점,126.9195135135817480_37.6173631224620664,55.0,22.0,서행,126.9195135135817480_37.6173631224620664|126.9200627926501568_37.6171301646562029
2026-09-04T09:00:31.559343+09:00,연신내역,연신내역,POI043,KEY_2,1110035500,연서로27길,1110149700,갈현동 420-10,126.9187221737785336_37.6178103221391424,1110019204,하나은행연신내지점,126.9194554443667755_37.6175070154733575,73.0,11.0,정체,126.9194554443667755_37.6175070154733575|126.9193235955441992_37.6175557871926429|126.9187221737785336_37.6178103221391424
2026-09-04T09:00:31.559343+09:00,연신내역,연신내역,POI043,KEY_2,1110036500,통일로,1110128500,갈현동 420-35,126.9197022186026942_37.6197297502046695,1110019501,연신내역(GTX-A),126.9203079864686146_37.6188802936263968,108.0,8.0,정체,126.9203079864686146_37.6188802936263968|126.9202451318865030_37.6189485091594449|126.9198832339485818_37.6194639413064422|126.9197379057777937_37.6196709222245929|126.9197022186026942_37.6197297502046695
2026-09-04T09:00:31.559343+09:00,오목교역·목동운동장,오목교역·목동운동장,POI044,KEY_3,1140017800,목동동로,1140024202,목동 405-403,126.8715637411060015_37.5249515816088035,1140005401,목동초등학교,126.8711677708672312_37.5232047866843175,197.0,12.8,정체,126.8711677708672312_37.5232047866843175|126.8712225487244751_37.5234520114673984|126.8715637411060015_37.5249515816088035
2026-09-04T09:00:31.559343+09:00,오목교역·목동운동장,오목교역·목동운동장,POI044,KEY_3,1140012500,안양천로,1140310800,최소노드배치점,126.8775163465214035_37.5198303050041133,1140004904,신정동 137-2,126.8782632688182161_37.5221322207168839,268.0,34.0,원활,126.8782632688182161_37.5221322207168839|126.8782981016445603_37.5218734009839139|126.8782983970848619_37.5216915105551223|126.8782899061957039_37.5215347769621914|126.8782687357557535_37.5214259401943480|126.8782126253799163_37.5212531304698587|126.8776046350151319_37.5200558238897699|126.8775163465214035_37.5198303050041133
2026-09-04T09:00:31.559343+09:00,오목교역·목동운동장,오목교역·목동운동장,POI044,KEY_3,1140017600,오목로52길,1140005601,진도아파트,126.8687459414196042_37.5239674403543688,1140005501,신정동 314-7,126.8693054271715681_37.5236081240057757,64.0,9.0,정체,126.8693054271715681_37.5236081240057757|126.8692601852498569_37.5236620117285966|126.8691995517558411_37.5237239254150978|126.8687459414196042_37.5239674403543688
2026-09-04T09:00:31.559343+09:00,오목교역·목동운동장,오목교역·목동운동장,POI044,KEY_3,1140012602,안양천로,1140004903,신정동 137-2,126.8783982430570489_37.5221437443696928,1140019200,신정동쌍용아파트,126.8774277767779068_37.5184368802104729,426.0,21.0,서행,126.8774277767779068_37.5184368802104729|126.8774952028564798_37.5191418307164994|126.8775390353828385_37.5194455320804607|126.8776179855951369_37.5197267258202132|126.8776459355257060_37.5197981187704457|126.8777325662202884_37.5200194000170413|126.8783418122356039_37.5212191777890709|126.8784018478279023_37.5214040739357841|126.8784252027244150_37.5215241376156143|126.8784341474975008_37.5216892491856768|126.8784338392301549_37.5218792486221702|126.8783982430570489_37.5221437443696928
2026-09-04T09:00:31.559343+09:00,오목교역·목동운동장,오목교역·목동운동장,POI044,KEY_3,1140014300,신목로,1140120200,신정동 867,126.8739873187226550_37.5218579763837994,1140022703,목동대림아파트,126.8745697226059406_37.5226063103844822,98.0,16.5,서행,126.8745697226059406_37.5226063103844822|126.8744307221974879_37.5224274581294210|126.8740376315152645_37.5219216616090065|126.8739873187226550_37.5218579763837994
2026-09-04T09:00:31.559343+09:00,오목교역·목동운동장,오목교역·목동운동장,POI044,KEY_3,1140015200,목동동로,1140005402,목동초등학교,126.8711441712250974_37.5230982757077953,1140004500,목동중교앞교차로,126.8706828920324767_37.5210163482448067,235.0,29.0,원활,126.8706828920324767_37.5210163482448067|126.8711441712250974_37.5230982757077953
2026-09-04T09:00:31.559343+09:00,오목교역·목동운동장,오목교역·목동운동장,POI044,KEY_3,1140015301,신목로16길,1140249500,신정동 118-1,126.8752005636399076_37.5225073241394256,1140022702,목동대림아파트,126.8747137790712998_37.5225862434658168,44.0,15.5,서행,126.8747137790712998_37.5225862434658168|126.8749527901100720_37.5225391961652974|126.8752005636399076_37.5225073241394256
2026-09-04T09:00:31.559343+09:00,오목교역·목동운동장,오목교역·목동운동장,POI044,KEY_3,1140015302,신목로16길,1140249400,신정동 1279-3,126.8777989258199455_37.5221812276191784,1140004907,신정동869-2,126.8772375700857680_37.5222426464536625,50.0,16.5,서행,126.8772375700857680_37.5222426464536625|126.8773244365227271_37.5222313034119352|126.8777989258199455_37.5221812276191784
2026-09-04T09:00:31.559343+09:00,오목교역·목동운동장,오목교역·목동운동장,POI044,KEY_3,1140015401,신목로16길,1140249300,목동 931-1,126.8778167573564701_37.5222884107940757,1140004905,신정동 137-2,126.8782466548456256_37.5222430390452502,38.0,9.0,정체,126.8782466548456256_37.5222430390452502|126.8778167573564701_37.5222884107940757
2026-09-04T09:00:31.559343+09:00,오목교역·목동운동장,오목교역·목동운동장,POI044,KEY_3,1140015402,신목로16길,1140158900,목동 404-77,126.8759834422349684_37.5225159696095574,1140004909,신정동869-2,126.8771236229552954_37.5223670896548782,102.0,9.0,정체,126.8771236229552954_37.5223670896548782|126.8766435652983375_37.5224297749589510|126.8759834422349684_37.5225159696095574
2026-09-04T09:00:31.559343+09:00,오목교역·목동운동장,오목교역·목동운동장,POI044,KEY_3,1140015700,목동서로,1140004800,신정동 314-7,126.8687327841983716_37.5212909443460276,1140005502,신정동 314-7,126.8692623646753077_37.5234649054807363,246.0,25.0,원활,126.8692623646753077_37.5234649054807363|126.8691738622376448_37.5232295496424726|126.8687327841983716_37.5212909443460276
2026-09-04T09:00:31.559343+09:00,오목교역·목동운동장,오목교역·목동운동장,POI044,KEY_3,1140016300,목동동로12길,1140147700,신정동 866,126.8729486753771027_37.5228267186683766,1140005402,목동초등학교,126.8711441712250974_37.5230982757077953,162.0,9.0,정체,126.8711441712250974_37.5230982757077953|126.8720108283598051_37.5229578902758263|126.8723453037555942_37.5229111099127408|126.8729486753771027_37.5228267186683766
2026-09-04T09:00:31.559343+09:00,오목교역·목동운동장,오목교역·목동운동장,POI044,KEY_3,1140016400,목동동로12길,1140139800,목동 405-496,126.8740954722556609_37.5227760865136304,1140022704,목동대림아파트,126.8746480515111728_37.5227066354428302,49.0,10.0,정체,126.8746480515111728_37.5227066354428302|126.8743513142501200_37.5227402993975758|126.8740954722556609_37.5227760865136304
2026-09-04T09:00:31.559343+09:00,오목교역·목동운동장,오목교역·목동운동장,POI044,KEY_3,1140016500,안양천로,1140004905,신정동 137-2,126.8782466548456256_37.5222430390452502,1140005804,오목교앞,126.8779508992600427_37.5241008203129311,208.0,47.0,원활,126.8779508992600427_37.5241008203129311|126.8782466548456256_37.5222430390452502
2026-09-04T09:00:31.559343+09:00,오목교역·목동운동장,오목교역·목동운동장,POI044,KEY_3,1140016600,안양천로,1140005803,오목교앞,126.8780911957869648_37.5240790938181874,1140004902,신정동 137-2,126.8783813240257246_37.5222566391420145,204.0,18.0,서행,126.8783813240257246_37.5222566391420145|126.8780911957869648_37.5240790938181874
2026-09-04T09:00:31.559343+09:00,오목교역·목동운동장,오목교역·목동운동장,POI044,KEY_3,1140017300,신목로,1140022704,목동대림아파트,126.8746480515111728_37.5227066354428302,1140005903,오목교역앞교차로,126.8759863183296375_37.5244024257695941,222.0,17.0,서행,126.8759863183296375_37.5244024257695941|126.8758374449947581_37.5242137848674417|126.8752987382339228_37.5235311673306313|126.8746480515111728_37.5227066354428302
2026-09-04T09:00:31.559343+09:00,오목교역·목동운동장,오목교역·목동운동장,POI044,KEY_3,1140017400,신목로,1140309400,목동 451,126.8754136698647699_37.5234736306829149,1140022701,목동대림아파트,126.8747895063311830_37.5226827108236449,104.0,10.0,정체,126.8747895063311830_37.5226827108236449|126.8754136698647699_37.5234736306829149
2026-09-04T09:00:31.559343+09:00,오목교역·목동운동장,오목교역·목동운동장,POI044,KEY_3,1140017500,오목로52길,1140005502,신정동 314-7,126.8692623646753077_37.5234649054807363,1140005602,진도아파트,126.8686193171741792_37.5239050293816163,76.0,10.0,정체,126.8686193171741792_37.5239050293816163|126.8691057851297330_37.5236438756357344|126.8691500961154901_37.5235986286673651|126.8692623646753077_37.5234649054807363
2026-09-04T09:00:31.559343+09:00,오목교역·목동운동장,오목교역·목동운동장,POI044,KEY_3,1140017901,오목로,1140005808,오목교역교차로,126.8770947270476057_37.5242334046017945,1140005902,오목교역앞교차로,126.8761310369372666_37.5243826302763139,87.0,11.0,정체,126.8761310369372666_37.5243826302763139|126.8770947270476057_37.5242334046017945
2026-09-04T09:00:31.559343+09:00,오목교역·목동운동장,오목교역·목동운동장,POI044,KEY_3,1140017902,오목로,1140005804,오목교앞,126.8779508992600427_37.5241008203129311,1140005807,오목교역교차로,126.8772308694981206_37.5242123224589861,65.0,8.5,정체,126.8772308694981206_37.5242123224589861|126.8779508992600427_37.5241008203129311
2026-09-04T09:00:31.559343+09:00,오목교역·목동운동장,오목교역·목동운동장,POI044,KEY_3,1140018001,오목로,1140005809,속성변화점,126.8771206355412460_37.5243395372797224,1140005805,오목교앞,126.8779334977156736_37.5242136606699717,73.0,24.5,서행,126.8779334977156736_37.5242136606699717|126.8772567781790173_37.5243184551863749|126.8771206355412460_37.5243395372797224
2026-09-04T09:00:31.559343+09:00,오목교역·목동운동장,오목교역·목동운동장,POI044,KEY_3,1140018002,오목로,1140005901,오목교역앞교차로,126.8762075502601192_37.5244809269495647,1140005809,속성변화점,126.8771206355412460_37.5243395372797224,82.0,9.0,정체,126.8771206355412460_37.5243395372797224|126.8762075502601192_37.5244809269495647
2026-09-04T09:00:31.559343+09:00,오목교역·목동운동장,오목교역·목동운동장,POI044,KEY_3,1140018300,목동서로,1140005501,신정동 314-7,126.8693054271715681_37.5236081240057757,1140024402,이마트(목동점),126.8696881012263020_37.5252426482316679,185.0,29.5,원활,126.8696881012263020_37.5252426482316679|126.8693054271715681_37.5236081240057757
2026-09-04T09:00:31.559343+09:00,오목교역·목동운동장,오목교역·목동운동장,POI044,KEY_3,1140018501,오목로,1140023702,목동지하차도(북측),126.8740841329588278_37.5246472899287866,1140024202,목동 405-403,126.8715637411060015_37.5249515816088035,226.0,25.0,원활,126.8715637411060015_37.5249515816088035|126.8738049182802854_37.5246321684823272|126.8740841329588278_37.5246472899287866
2026-09-04T09:00:31.559343+09:00,오목교역·목동운동장,오목교역·목동운동장,POI044,KEY_3,1140018502,오목로,1140307300,목동 406-30,126.8750381222751429_37.5245244890044916,1140023702,목동지하차도(북측),126.8740841329588278_37.5246472899287866,85.0,6.0,정체,126.8740841329588278_37.5246472899287866|126.8750381222751429_37.5245244890044916
2026-09-04T09:00:31.559343+09:00,오목교역·목동운동장,오목교역·목동운동장,POI044,KEY_3,1140018601,오목로,1140024201,목동 406-411,126.8716125319034518_37.5251643021964796,1140023701,목동지하차도(북측),126.8741069190683675_37.5247538721865865,226.0,15.0,서행,126.8741069190683675_37.5247538721865865|126.8738527462003276_37.5248450262842681|126.8716125319034518_37.5251643021964796
2026-09-04T09:00:31.559343+09:00,오목교역·목동운동장,오목교역·목동운동장,POI044,KEY_3,1140018602,오목로,1140307200,목동 406-189,126.8750597810405623_37.5246312199444461,1140005904,오목교역앞교차로,126.8760643398085648_37.5245019045336150,90.0,39.0,원활,126.8760643398085648_37.5245019045336150|126.8750597810405623_37.5246312199444461
2026-09-04T09:00:31.559343+09:00,오목교역·목동운동장,오목교역·목동운동장,POI044,KEY_3,1140018900,안양천로,1140005805,오목교앞,126.8779334977156736_37.5242136606699717,1140024903,유수지삼거리,126.8778106790796869_37.5254482179826141,138.0,43.0,원활,126.8778106790796869_37.5254482179826141|126.8778076033235180_37.5253311284629376|126.8778033704581389_37.5251353102778893|126.8778219971371328_37.5249492573674033|126.8779334977156736_37.5242136606699717
2026-09-04T09:00:31.559343+09:00,오목교역·목동운동장,오목교역·목동운동장,POI044,KEY_3,1140019000,안양천로,1140024902,유수지삼거리,126.8779464032071473_37.5254459558066031,1140005802,오목교앞,126.8780735218519879_37.5241919764275096,140.0,18.5,서행,126.8780735218519879_37.5241919764275096|126.8779571009713720_37.5249600378836519|126.8779392163644246_37.5251386844469152|126.8779433317381944_37.5253290667624455|126.8779464032071473_37.5254459558066031
2026-09-04T09:00:31.559343+09:00,오목교역·목동운동장,오목교역·목동운동장,POI044,KEY_3,1140019100,오목로,1140024202,목동 405-403,126.8715637411060015_37.5249515816088035,1140024402,이마트(목동점),126.8696881012263020_37.5252426482316679,169.0,22.0,서행,126.8696881012263020_37.5252426482316679|126.8715637411060015_37.5249515816088035
2026-09-04T09:00:31.559343+09:00,오목교역·목동운동장,오목교역·목동운동장,POI044,KEY_3,1140019200,오목로,1140024401,이마트(목동점),126.8697371909397162_37.5254553384607306,1140024201,목동 406-411,126.8716125319034518_37.5251643021964796,169.0,11.0,정체,126.8716125319034518_37.5251643021964796|126.8697371909397162_37.5254553384607306
2026-09-04T09:00:31.559343+09:00,오목교역·목동운동장,오목교역·목동운동장,POI044,KEY_3,1140019500,신목로,1140025202,목동 916-1,126.8770619466196905_37.5255858031045690,1140005901,오목교역앞교차로,126.8762075502601192_37.5244809269495647,144.0,18.0,서행,126.8762075502601192_37.5244809269495647|126.8768165978919740_37.5252685305008669|126.8770619466196905_37.5255858031045690
2026-09-04T09:00:31.559343+09:00,오목교역·목동운동장,오목교역·목동운동장,POI044,KEY_3,1140019600,신목로,1140234700,목동 451,126.8767010085339706_37.5253252300247340,1140025203,목동 916-1,126.8769214036638147_37.5256102349532839,37.0,9.0,정체,126.8769214036638147_37.5256102349532839|126.8767010085339706_37.5253252300247340
2026-09-04T09:00:31.559343+09:00,오목교역·목동운동장,오목교역·목동운동장,POI044,KEY_3,1140019700,오목로,1140024402,이마트(목동점),126.8696881012263020_37.5252426482316679,1140041901,목동 927-7,126.8679905384463638_37.5255090319049103,153.0,10.0,정체,126.8679905384463638_37.5255090319049103|126.8696881012263020_37.5252426482316679
2026-09-04T09:00:31.559343+09:00,오목교역·목동운동장,오목교역·목동운동장,POI044,KEY_3,1140019800,오목로,1140025001,목동지하차도(남측),126.8671078971091220_37.5258140928448327,1140024401,이마트(목동점),126.8697371909397162_37.5254553384607306,236.0,37.0,원활,126.8697371909397162_37.5254553384607306|126.8680718606105700_37.5257167240043117|126.8673889689767265_37.5258247482301499|126.8671078971091220_37.5258140928448327
2026-09-04T09:00:31.559343+09:00,오목교역·목동운동장,오목교역·목동운동장,POI044,KEY_3,1140019901,목동동로,1140025203,목동 916-1,126.8769214036638147_37.5256102349532839,1140006402,현대백화점,126.8757939559254027_37.5258006203416130,102.0,14.0,정체,126.8757939559254027_37.5258006203416130|126.8769214036638147_37.5256102349532839
2026-09-04T09:00:31.559343+09:00,오목교역·목동운동장,오목교역·목동운동장,POI044,KEY_3,1140019902,목동동로,1140024903,유수지삼거리,126.8778106790796869_37.5254482179826141,1140025202,목동 916-1,126.8770619466196905_37.5255858031045690,68.0,9.0,정체,126.8770619466196905_37.5255858031045690|126.8778106790796869_37.5254482179826141
2026-09-04T09:00:31.559343+09:00,오목교역·목동운동장,오목교역·목동운동장,POI044,KEY_3,1140020002,목동동로,1140006401,현대백화점,126.8758221113743332_37.5259063887954838,1140025204,목동 916-1,126.8769495613334470_37.5257160032038541,102.0,21.0,서행,126.8769495613334470_37.5257160032038541|126.8758221113743332_37.5259063887954838
2026-09-04T09:00:31.559343+09:00,오목교역·목동운동장,오목교역·목동운동장,POI044,KEY_3,1140020003,목동동로,1140025201,목동 916-1,126.8770924657217307_37.5256911556177215,1140024904,유수지삼거리,126.8778308169557647_37.5255554783344678,67.0,10.0,정체,126.8778308169557647_37.5255554783344678|126.8770924657217307_37.5256911556177215
2026-09-04T09:00:31.559343+09:00,오목교역·목동운동장,오목교역·목동운동장,POI044,KEY_3,1140020200,목동동로,1140027200,방송회관앞교차로,126.8719171529918981_37.5264818390629102,1140024201,목동 406-411,126.8716125319034518_37.5251643021964796,149.0,14.7,정체,126.8716125319034518_37.5251643021964796|126.8719171529918981_37.5264818390629102
2026-09-04T09:00:31.559343+09:00,오목교역·목동운동장,오목교역·목동운동장,POI044,KEY_3,1140020502,목동동로,1140006402,현대백화점,126.8757939559254027_37.5258006203416130,1140006500,목동 916-1,126.8738928014029597_37.5261701039375168,173.0,16.0,서행,126.8738928014029597_37.5261701039375168|126.8757939559254027_37.5258006203416130
2026-09-04T09:00:31.559343+09:00,오목교역·목동운동장,오목교역·목동운동장,POI044,KEY_3,1140020900,목동서로,1140024401,이마트(목동점),126.8697371909397162_37.5254553384607306,1140006800,목동7단지교차로,126.8700370466621052_37.5267734422290928,149.0,27.0,원활,126.8700370466621052_37.5267734422290928|126.8697371909397162_37.5254553384607306
2026-09-04T09:00:31.559343+09:00,오목교역·목동운동장,오목교역·목동운동장,POI044,KEY_3,1140021300,목동동로,1140006500,목동 916-1,126.8738928014029597_37.5261701039375168,1140027200,방송회관앞교차로,126.8719171529918981_37.5264818390629102,178.0,15.0,서행,126.8719171529918981_37.5264818390629102|126.8738928014029597_37.5261701039375168
2026-09-04T09:00:31.559343+09:00,오목교역·목동운동장,오목교역·목동운동장,POI044,KEY_3,1140021600,목동서로,1140027200,방송회관앞교차로,126.8719171529918981_37.5264818390629102,1140006800,목동7단지교차로,126.8700370466621052_37.5267734422290928,169.0,10.0,정체,126.8700370466621052_37.5267734422290928|126.8719171529918981_37.5264818390629102
2026-09-04T09:00:31.559343+09:00,오목교역·목동운동장,오목교역·목동운동장,POI044,KEY_3,1140021700,목동서로,1140006500,목동 916-1,126.8738928014029597_37.5261701039375168,1140006900,목운초등학교,126.8741154633229371_37.5271522276647929,111.0,17.5,서행,126.8741154633229371_37.5271522276647929|126.8738928014029597_37.5261701039375168
2026-09-04T09:00:31.559343+09:00,오목교역·목동운동장,오목교역·목동운동장,POI044,KEY_3,1140022002,목동동로,1140007100,목동주차장교차로,126.8761975431109761_37.5275646112610417,1140006401,현대백화점,126.8758221113743332_37.5259063887954838,187.0,34.0,원활,126.8758221113743332_37.5259063887954838|126.8761975431109761_37.5275646112610417
2026-09-04T09:00:31.559343+09:00,오목교역·목동운동장,오목교역·목동운동장,POI044,KEY_3,1140022400,목동동로,1140007000,목운중학교,126.8721405737730663_37.5274481402760784,1140027200,방송회관앞교차로,126.8719171529918981_37.5264818390629102,109.0,11.0,정체,126.8719171529918981_37.5264818390629102|126.8721405737730663_37.5274481402760784
2026-09-04T09:00:31.559343+09:00,오목교역·목동운동장,오목교역·목동운동장,POI044,KEY_3,1140022700,안양천로,1140024904,유수지삼거리,126.8778308169557647_37.5255554783344678,1140029804,목동 914-3,126.8802517919727677_37.5287987014459361,421.0,39.5,원활,126.8802517919727677_37.5287987014459361|126.8801811820151499_37.5287329253868762|126.8800611888309646_37.5285781124886810|126.8796216304804858_37.5279546967675728|126.8793985338476347_37.5276446174976570|126.8790646266032951_37.5272250301873171|126.8784238801622450_37.5265380128296968|126.8781472901061704_37.5261975915847756|126.8779873955565591_37.5259420727405697|126.8778954134242127_37.5257508590129163|126.8778308169557647_37.5255554783344678
2026-09-04T09:00:31.559343+09:00,오목교역·목동운동장,오목교역·목동운동장,POI044,KEY_3,1140022800,안양천로,1140029803,목동 914-3,126.8803549801513242_37.5287284420117473,1140024901,유수지삼거리,126.8779620959467849_37.5255279467383502,415.0,37.5,원활,126.8779620959467849_37.5255279467383502|126.8780248173832916_37.5257176556673286|126.8781118197576490_37.5258985161525374|126.8782653980794493_37.5261439407063264|126.8785354739030140_37.5264763432727975|126.8791766036924997_37.5271637712813586|126.8795148196710159_37.5275887722878068|126.8797397136665239_37.5279013489451643|126.8801781868167637_37.5285232242217575|126.8802911905114854_37.5286690199059407|126.8803549801513242_37.5287284420117473
2026-09-04T09:00:31.559343+09:00,오목교역·목동운동장,오목교역·목동운동장,POI044,KEY_3,1140023000,목동서로,1140007000,목운중학교,126.8721405737730663_37.5274481402760784,1140006900,목운초등학교,126.8741154633229371_37.5271522276647929,178.0,15.5,서행,126.8741154633229371_37.5271522276647929|126.8721405737730663_37.5274481402760784
2026-09-04T09:00:31.559343+09:00,오목교역·목동운동장,오목교역·목동운동장,POI044,KEY_3,1140023100,목동서로,1140006900,목운초등학교,126.8741154633229371_37.5271522276647929,1140007200,목동 920-2,126.8742742959669556_37.5278527965658384,79.0,24.0,서행,126.8742742959669556_37.5278527965658384|126.8741154633229371_37.5271522276647929
2026-09-04T09:00:31.559343+09:00,오목교역·목동운동장,오목교역·목동운동장,POI044,KEY_3,1140023500,목동서로,1140006800,목동7단지교차로,126.8700370466621052_37.5267734422290928,1140007600,목동 925-5,126.8703817932222933_37.5284034261129520,183.0,36.0,원활,126.8703817932222933_37.5284034261129520|126.8700370466621052_37.5267734422290928
2026-09-04T09:00:31.559343+09:00,오목교역·목동운동장,오목교역·목동운동장,POI044,KEY_3,1140023800,목동동로,1140007200,목동 920-2,126.8742742959669556_37.5278527965658384,1140007100,목동주차장교차로,126.8761975431109761_37.5275646112610417,173.0,8.0,정체,126.8761975431109761_37.5275646112610417|126.8742742959669556_37.5278527965658384
2026-09-04T09:00:31.559343+09:00,오목교역·목동운동장,오목교역·목동운동장,POI044,KEY_3,1140024000,목동동로,1140007400,목동 924-2,126.8722963649476441_37.5281219280359437,1140007000,목운중학교,126.8721405737730663_37.5274481402760784,76.0,10.0,정체,126.8721405737730663_37.5274481402760784|126.8722963649476441_37.5281219280359437
2026-09-04T09:00:31.559343+09:00,오목교역·목동운동장,오목교역·목동운동장,POI044,KEY_3,1140024500,목동서로,1140007200,목동 920-2,126.8742742959669556_37.5278527965658384,1140007700,CBS기독교방송,126.8744364998262313_37.5285619580008785,80.0,24.0,서행,126.8744364998262313_37.5285619580008785|126.8742742959669556_37.5278527965658384
2026-09-04T09:00:31.559343+09:00,오목교역·목동운동장,오목교역·목동운동장,POI044,KEY_3,1140024700,목동서로,1140007400,목동 924-2,126.8722963649476441_37.5281219280359437,1140007600,목동 925-5,126.8703817932222933_37.5284034261129520,172.0,9.5,정체,126.8703817932222933_37.5284034261129520|126.8722963649476441_37.5281219280359437
2026-09-04T09:00:31.559343+09:00,오목교역·목동운동장,오목교역·목동운동장,POI044,KEY_3,1140025200,목동동로,1140008502,한국통신목동지점,126.8767586051522613_37.5300075904237431,1140007100,목동주차장교차로,126.8761975431109761_37.5275646112610417,276.0,23.0,서행,126.8761975431109761_37.5275646112610417|126.8762869637620554_37.5279574217115623|126.8767586051522613_37.5300075904237431
2026-09-04T09:00:31.559343+09:00,오목교역·목동운동장,오목교역·목동운동장,POI044,KEY_3,1140025400,목동동로,1140007900,오목공원,126.8724636489445885_37.5288454055255940,1140007400,목동 924-2,126.8722963649476441_37.5281219280359437,82.0,10.0,정체,126.8722963649476441_37.5281219280359437|126.8724636489445885_37.5288454055255940
2026-09-04T09:00:31.559343+09:00,오목교역·목동운동장,오목교역·목동운동장,POI044,KEY_3,1140025500,목동동로,1140007700,CBS기독교방송,126.8744364998262313_37.5285619580008785,1140007900,오목공원,126.8724636489445885_37.5288454055255940,177.0,15.0,서행,126.8724636489445885_37.5288454055255940|126.8744364998262313_37.5285619580008785
2026-09-04T09:00:31.559343+09:00,오목교역·목동운동장,오목교역·목동운동장,POI044,KEY_3,1140025900,목동서로,1140007700,CBS기독교방송,126.8744364998262313_37.5285619580008785,1140008100,SBS방송센터교차로,126.8746593923549000_37.5295512957762867,112.0,24.0,서행,126.8746593923549000_37.5295512957762867|126.8744364998262313_37.5285619580008785
2026-09-04T09:00:31.559343+09:00,오목교역·목동운동장,오목교역·목동운동장,POI044,KEY_3,1140026600,목동동로,1140008400,양천소방서교차로,126.8726973678810168_37.5298561817287393,1140007900,오목공원,126.8724636489445885_37.5288454055255940,114.0,10.0,정체,126.8724636489445885_37.5288454055255940|126.8726973678810168_37.5298561817287393
2026-09-04T09:00:31.559343+09:00,오목교역·목동운동장,오목교역·목동운동장,POI044,KEY_3,1140026701,안양천로,1140265400,목동 914-3,126.8840395555670852_37.5296213132311394,1140031500,목동교,126.8845796056343147_37.5298541112350392,54.0,19.5,서행,126.8845796056343147_37.5298541112350392|126.8840395555670852_37.5296213132311394
2026-09-04T09:00:31.559343+09:00,오목교역·목동운동장,오목교역·목동운동장,POI044,KEY_3,1140026702,안양천로,1140031500,목동교,126.8845796056343147_37.5298541112350392,1140031800,목동교,126.8858661791991977_37.5304734230982291,133.0,32.0,원활,126.8858661791991977_37.5304734230982291|126.8857544420663856_37.5303903022336129|126.8855057939607320_37.5302579395494291|126.8845796056343147_37.5298541112350392
2026-09-04T09:00:31.559343+09:00,오목교역·목동운동장,오목교역·목동운동장,POI044,KEY_3,1140026801,안양천로,1140030900,목동교,126.8846448018285855_37.5297592742909174,1140029802,목동 914-3,126.8804368172790049_37.5287942883076511,400.0,52.3,원활,126.8804368172790049_37.5287942883076511|126.8806014916928433_37.5289093373200373|126.8807733399068383_37.5290088273910669|126.8810295841952183_37.5291059929811439|126.8812528945229445_37.5291712294635289|126.8815169140189880_37.5291986300845579|126.8818124685144966_37.5291816206965265|126.8822595377858704_37.5291245356198928|126.8825743120673906_37.5291248490139893|126.8829236106694509_37.5291581436100969|126.8833913339066584_37.5292499327297406|126.8837941457795893_37.5293925807294357|126.8841041799816054_37.5295262287585629|126.8846448018285855_37.5297592742909174
2026-09-04T09:00:31.559343+09:00,오목교역·목동운동장,오목교역·목동운동장,POI044,KEY_3,1140027000,목동서로,1140008400,양천소방서교차로,126.8726973678810168_37.5298561817287393,1140008100,SBS방송센터교차로,126.8746593923549000_37.5295512957762867,177.0,28.0,원활,126.8746593923549000_37.5295512957762867|126.8726973678810168_37.5298561817287393
2026-09-04T09:00:31.559343+09:00,오목교역·목동운동장,오목교역·목동운동장,POI044,KEY_3,1140027500,목동서로,1140008100,SBS방송센터교차로,126.8746593923549000_37.5295512957762867,1140008700,청소년수련관앞,126.8748398802341057_37.5303465971350931,90.0,32.0,원활,126.8748398802341057_37.5303465971350931|126.8746593923549000_37.5295512957762867
2026-09-04T09:00:31.559343+09:00,오목교역·목동운동장,오목교역·목동운동장,POI044,KEY_3,1140027900,목동서로,1140008501,한국통신목동지점,126.8767830729488395_37.5301139460043203,1140008700,청소년수련관앞,126.8748398802341057_37.5303465971350931,174.0,19.0,서행,126.8748398802341057_37.5303465971350931|126.8767830729488395_37.5301139460043203
2026-09-04T09:00:31.559343+09:00,오목교역·목동운동장,오목교역·목동운동장,POI044,KEY_3,1140028600,목동동로,1140009000,양천우체국,126.8770546258868848_37.5312943013899840,1140008501,한국통신목동지점,126.8767830729488395_37.5301139460043203,133.0,23.5,서행,126.8767830729488395_37.5301139460043203|126.8770546258868848_37.5312943013899840
2026-09-04T09:00:31.559343+09:00,오목교역·목동운동장,오목교역·목동운동장,POI044,KEY_3,1140028700,목동서로,1140008700,청소년수련관앞,126.8748398802341057_37.5303465971350931,1140008900,청소년수련관앞교차로,126.8749851771577255_37.5309868184484969,72.0,26.0,원활,126.8749851771577255_37.5309868184484969|126.8748398802341057_37.5303465971350931
2026-09-04T09:00:31.559343+09:00,오목교역·목동운동장,오목교역·목동운동장,POI044,KEY_3,1140029100,국회대로,1140312900,최소노드배치점,126.8723983124313719_37.5309016221429346,1140009201,신월여의지하도로(동측),126.8808443431802715_37.5319377152892457,755.0,34.0,원활,126.8808443431802715_37.5319377152892457|126.8804389867348306_37.5319127100883563|126.8799537888849756_37.5318681967887500|126.8794101563803736_37.5317995858458602|126.8784003800115556_37.5316720337239644|126.8757268552482742_37.5313240538540356|126.8748182748966826_37.5312089563962559|126.8730797268309800_37.5309851275213049|126.8723983124313719_37.5309016221429346
2026-09-04T09:00:31.559343+09:00,오목교역·목동운동장,오목교역·목동운동장,POI044,KEY_3,1140029200,국회대로,1140312800,최소노드배치점,126.8724189685671035_37.5307947208274726,1140031001,홍익병원앞교차로,126.8639907063568870_37.5297465213528838,754.0,36.0,원활,126.8639907063568870_37.5297465213528838|126.8650874531422659_37.5298815229964546|126.8659514513962705_37.5299875464180914|126.8669909996045817_37.5301213175723021|126.8698625278036474_37.5304794687018415|126.8714478965867016_37.5306757112922611|126.8724189685671035_37.5307947208274726
2026-09-04T09:00:31.559343+09:00,오목교역·목동운동장,오목교역·목동운동장,POI044,KEY_3,1140030300,목동서로,1140032900,청소년수련관앞,126.8750649305418960_37.5313299084450378,1140009302,목동 903-6,126.8754059121054496_37.5328403623939266,170.0,16.0,서행,126.8754059121054496_37.5328403623939266|126.8750649305418960_37.5313299084450378
2026-09-04T09:00:31.559343+09:00,오목교역·목동운동장,오목교역·목동운동장,POI044,KEY_3,1140030601,목동동로,1140033400,양천우체국,126.8771228632929393_37.5315914819196266,1140009000,양천우체국,126.8770546258868848_37.5312943013899840,34.0,43.0,원활,126.8770546258868848_37.5312943013899840|126.8771228632929393_37.5315914819196266
2026-09-04T09:00:31.559343+09:00,오목교역·목동운동장,오목교역·목동운동장,POI044,KEY_3,1140030602,목동동로,1140009500,법안정사,126.8776093242993852_37.5336801307362080,1140033400,양천우체국,126.8771228632929393_37.5315914819196266,236.0,24.3,서행,126.8771228632929393_37.5315914819196266|126.8775018319297345_37.5332380794548897|126.8776093242993852_37.5336801307362080
2026-09-04T09:00:31.559343+09:00,오목교역·목동운동장,오목교역·목동운동장,POI044,KEY_3,1140031000,목동서로8길,1140277200,목동 903-5,126.8746424963737098_37.5330737326508270,1140009301,목동 903-6,126.8754300033318430_37.5329467924858804,71.0,14.3,정체,126.8754300033318430_37.5329467924858804|126.8746460016121347_37.5330734143301186|126.8746424963737098_37.5330737326508270
2026-09-04T09:00:31.559343+09:00,오목교역·목동운동장,오목교역·목동운동장,POI044,KEY_3,1140031500,목동서로,1140009301,목동 903-6,126.8754300033318430_37.5329467924858804,1140009600,목동 903-6,126.8756637978666220_37.5339768809772707,116.0,12.0,정체,126.8756637978666220_37.5339768809772707|126.8754300033318430_37.5329467924858804
2026-09-04T09:00:31.559343+09:00,오목교역·목동운동장,오목교역·목동운동장,POI044,KEY_3,1140031700,목동동로16길,1140332200,목동 913-4,126.8798393911997948_37.5351177280643782,1140009902,목동5단지교차로,126.8797154850128663_37.5353485135608196,28.0,20.0,서행,126.8797154850128663_37.5353485135608196|126.8798393911997948_37.5351177280643782
2026-09-04T09:00:31.559343+09:00,오목교역·목동운동장,오목교역·목동운동장,POI044,KEY_3,1140031800,목동동로16길,1140229800,목동 913-4,126.8808217015313176_37.5323896291626937,1140009203,신월여의지하도로(동측),126.8808823152185141_37.5320181494475520,42.0,19.0,서행,126.8808823152185141_37.5320181494475520|126.8808217015313176_37.5323896291626937
2026-09-04T09:00:31.559343+09:00,오목교역·목동운동장,오목교역·목동운동장,POI044,KEY_3,1140032000,목동동로,1140009600,목동 903-6,126.8756637978666220_37.5339768809772707,1140009500,법안정사,126.8776093242993852_37.5336801307362080,175.0,17.5,서행,126.8776093242993852_37.5336801307362080|126.8756637978666220_37.5339768809772707
2026-09-04T09:00:31.559343+09:00,오목교역·목동운동장,오목교역·목동운동장,POI044,KEY_3,1140032100,목동동로18길,1140327600,목동 912-3,126.8830590710973070_37.5360028453064984,1140035002,목동5·6단지앞교차로,126.8828699872771892_37.5364480077944762,52.0,18.0,서행,126.8828699872771892_37.5364480077944762|126.8829311279323520_37.5362664342802006|126.8830184569602579_37.5360768386733312|126.8830590710973070_37.5360028453064984
2026-09-04T09:00:31.559343+09:00,오목교역·목동운동장,오목교역·목동운동장,POI044,KEY_3,1140032200,목동동로18길,1140196900,목동 912-3,126.8837054261265820_37.5322917398549265,1140009101,목동5.6단지,126.8836194087718070_37.5318939270615388,45.0,22.7,서행,126.8836194087718070_37.5318939270615388|126.8837054261265820_37.5322917398549265
2026-09-04T09:00:31.559343+09:00,오목교역·목동운동장,오목교역·목동운동장,POI044,KEY_3,1140032300,목동동로,1140009700,목동 913-3,126.8784391701507985_37.5348828313176668,1140009500,법안정사,126.8776093242993852_37.5336801307362080,156.0,40.0,원활,126.8776093242993852_37.5336801307362080|126.8776623267564929_37.5339138078558179|126.8777070110188987_37.5340479482234315|126.8777741216845527_37.5341970116271497|126.8778562254971973_37.5343311915555660|126.8779533019347241_37.5344624063895651|126.8781027207437120_37.5346204943553587|126.8782820920490195_37.5347696732787952|126.8784391701507985_37.5348828313176668
2026-09-04T09:00:31.559343+09:00,오목교역·목동운동장,오목교역·목동운동장,POI044,KEY_3,1140032700,목동서로,1140009600,목동 903-6,126.8756637978666220_37.5339768809772707,1140010002,목동2.3단지교차로,126.8764419634238294_37.5355209305015336,187.0,21.5,서행,126.8764419634238294_37.5355209305015336|126.8763723690955914_37.5354548490478592|126.8762349330648931_37.5352925998445386|126.8760796061470160_37.5350874215701538|126.8759661743498128_37.5348918223800752|126.8758468437574294_37.5346437714498009|126.8757380699430826_37.5343480532638054|126.8756637978666220_37.5339768809772707
2026-09-04T09:00:31.559343+09:00,오목교역·목동운동장,오목교역·목동운동장,POI044,KEY_3,1140033000,목동동로,1140009902,목동5단지교차로,126.8797154850128663_37.5353485135608196,1140009700,목동 913-3,126.8784391701507985_37.5348828313176668,124.0,16.0,서행,126.8784391701507985_37.5348828313176668|126.8786372474522750_37.5349726701522712|126.8797154850128663_37.5353485135608196
2026-09-04T09:00:31.559343+09:00,오목교역·목동운동장,오목교역·목동운동장,POI044,KEY_3,1140033500,목동서로,1140009700,목동 913-3,126.8784391701507985_37.5348828313176668,1140010400,목동2·3단지교차로,126.8773306552267286_37.5361618405017623,172.0,10.0,정체,126.8773306552267286_37.5361618405017623|126.8784391701507985_37.5348828313176668
2026-09-04T09:00:31.559343+09:00,오목교역·목동운동장,오목교역·목동운동장,POI044,KEY_3,1140033800,목동동로,1140010100,목동 912-2,126.8808228944800476_37.5357345122197046,1140009901,목동5단지교차로,126.8798398671769121_37.5353918688772765,95.0,30.0,원활,126.8798398671769121_37.5353918688772765|126.8808228944800476_37.5357345122197046
2026-09-04T09:00:31.559343+09:00,오목교역·목동운동장,오목교역·목동운동장,POI044,KEY_3,1140034000,목동서로6길,1140334000,목동 902-4,126.8761939543289259_37.5358071939591440,1140010001,목동2.3단지교차로,126.8765293071620306_37.5356038651211890,37.0,14.0,정체,126.8765293071620306_37.5356038651211890|126.8761939543289259_37.5358071939591440
2026-09-04T09:00:31.559343+09:00,오목교역·목동운동장,오목교역·목동운동장,POI044,KEY_3,1140034100,목동서로,1140010001,목동2.3단지교차로,126.8765293071620306_37.5356038651211890,1140010400,목동2·3단지교차로,126.8773306552267286_37.5361618405017623,95.0,34.0,원활,126.8773306552267286_37.5361618405017623|126.8770898739765443_37.5360372692547912|126.8768626030107072_37.5358892306394836|126.8765935481060438_37.5356648629501208|126.8765293071620306_37.5356038651211890
2026-09-04T09:00:31.559343+09:00,오목교역·목동운동장,오목교역·목동운동장,POI044,KEY_3,1140034400,목동동로,1140010300,목동 912-2,126.8819022864357748_37.5361107306896997,1140010100,목동 912-2,126.8808228944800476_37.5357345122197046,104.0,36.0,원활,126.8808228944800476_37.5357345122197046|126.8819022864357748_37.5361107306896997
2026-09-04T09:00:31.559343+09:00,오목교역·목동운동장,오목교역·목동운동장,POI044,KEY_3,1140034600,목동동로,1140035002,목동5·6단지앞교차로,126.8828699872771892_37.5364480077944762,1140010300,목동 912-2,126.8819022864357748_37.5361107306896997,93.0,31.0,원활,126.8819022864357748_37.5361107306896997|126.8828699872771892_37.5364480077944762
2026-09-04T09:00:31.559343+09:00,오목교역·목동운동장,오목교역·목동운동장,POI044,KEY_3,1140035000,목동동로,1140010802,목동1·2단지교차로,126.8799687730722638_37.5371493482495353,1140010100,목동 912-2,126.8808228944800476_37.5357345122197046,174.0,11.0,정체,126.8808228944800476_37.5357345122197046|126.8799687730722638_37.5371493482495353
2026-09-04T09:00:31.559343+09:00,오목교역·목동운동장,오목교역·목동운동장,POI044,KEY_3,1140035101,목동서로,1140010400,목동2·3단지교차로,126.8773306552267286_37.5361618405017623,1140035200,목동 902-5,126.8787896567945523_37.5367371777255556,144.0,16.0,서행,126.8787896567945523_37.5367371777255556|126.8777452658256522_37.5363693409841375|126.8773719312131902_37.5361833379833172|126.8773306552267286_37.5361618405017623
2026-09-04T09:00:31.559343+09:00,오목교역·목동운동장,오목교역·목동운동장,POI044,KEY_3,1140035102,목동서로,1140035200,목동 902-5,126.8787896567945523_37.5367371777255556,1140035400,목동 902-5,126.8794522569202883_37.5369696354992541,64.0,36.0,원활,126.8794522569202883_37.5369696354992541|126.8787896567945523_37.5367371777255556
2026-09-04T09:00:31.559343+09:00,오목교역·목동운동장,오목교역·목동운동장,POI044,KEY_3,1140035103,목동서로,1140035400,목동 902-5,126.8794522569202883_37.5369696354992541,1140010802,목동1·2단지교차로,126.8799687730722638_37.5371493482495353,50.0,16.0,서행,126.8799687730722638_37.5371493482495353|126.8797106292408756_37.5370602773647732|126.8794522569202883_37.5369696354992541
2026-09-04T09:00:31.559343+09:00,오목교역·목동운동장,오목교역·목동운동장,POI044,KEY_3,1140035401,목동서로,1140010300,목동 912-2,126.8819022864357748_37.5361107306896997,1140035501,목5동주민센터,126.8813336608763649_37.5371512511334942,126.0,11.0,정체,126.8813336608763649_37.5371512511334942|126.8819022864357748_37.5361107306896997
2026-09-04T09:00:31.559343+09:00,오목교역·목동운동장,오목교역·목동운동장,POI044,KEY_3,1140035402,목동서로,1140035502,목5동주민센터,126.8812794797658796_37.5372503947860707,1140011100,목동 901-7,126.8811180027535670_37.5375458728608749,36.0,15.0,서행,126.8811180027535670_37.5375458728608749|126.8812794797658796_37.5372503947860707
2026-09-04T09:00:31.559343+09:00,오목교역·목동운동장,오목교역·목동운동장,POI044,KEY_3,1140035600,목동동로,1140010903,목동 911-9,126.8852431717270406_37.5371884307117796,1140035001,목동5·6단지앞교차로,126.8829944458794472_37.5364913851206907,213.0,14.0,정체,126.8829944458794472_37.5364913851206907|126.8852431717270406_37.5371884307117796
2026-09-04T09:00:31.559343+09:00,오목교역·목동운동장,오목교역·목동운동장,POI044,KEY_3,1140035900,목동서로,1140010801,목동1·2단지교차로,126.8800933684234451_37.5371923387842727,1140011100,목동 901-7,126.8811180027535670_37.5375458728608749,99.0,12.0,정체,126.8811180027535670_37.5375458728608749|126.8800933684234451_37.5371923387842727
2026-09-04T09:00:31.559343+09:00,오목교역·목동운동장,오목교역·목동운동장,POI044,KEY_3,1140036500,목동서로,1140011100,목동 901-7,126.8811180027535670_37.5375458728608749,1140011302,월촌중학교,126.8831136085260738_37.5381735273184489,190.0,20.0,서행,126.8831136085260738_37.5381735273184489|126.8811180027535670_37.5375458728608749
2026-09-04T09:00:31.559343+09:00,오목교역·목동운동장,오목교역·목동운동장,POI044,KEY_3,1140037200,목동서로4길,1140333400,목동 901-9,126.8799390790421313_37.5374651832932287,1140010801,목동1·2단지교차로,126.8800933684234451_37.5371923387842727,33.0,18.0,서행,126.8800933684234451_37.5371923387842727|126.8799390790421313_37.5374651832932287
2026-09-04T09:00:31.559343+09:00,오목교역·목동운동장,오목교역·목동운동장,POI044,KEY_3,1140040400,목동서로,1140005402,목동초등학교,126.8711441712250974_37.5230982757077953,1140005502,신정동 314-7,126.8692623646753077_37.5234649054807363,174.0,10.5,정체,126.8692623646753077_37.5234649054807363|126.8693057909037236_37.5234043612395283|126.8693983750727199_37.5233709662043609|126.8703723483932180_37.5232296546835613|126.8709356922444158_37.5231479165233281|126.8711441712250974_37.5230982757077953
2026-09-04T09:00:31.559343+09:00,오목교역·목동운동장,오목교역·목동운동장,POI044,KEY_3,1140059100,오목로,1180072102,양천구-영등포구,126.8798127598729764_37.5238124759839593,1140005803,오목교앞,126.8780911957869648_37.5240790938181874,155.0,10.0,정체,126.8780911957869648_37.5240790938181874|126.8798127598729764_37.5238124759839593
2026-09-04T09:00:31.559343+09:00,오목교역·목동운동장,오목교역·목동운동장,POI044,KEY_3,1140059200,오목로,1140005802,오목교앞,126.8780735218519879_37.5241919764275096,1180072101,양천구-영등포구,126.8798383046578664_37.5239186642518590,159.0,52.0,원활,126.8798383046578664_37.5239186642518590|126.8780735218519879_37.5241919764275096
2026-09-04T09:00:31.559343+09:00,오목교역·목동운동장,오목교역·목동운동장,POI044,KEY_3,1140060300,오목로,1140311400,최소노드배치점,126.8705789568914497_37.5251594795092345,1140025002,목동지하차도(남측),126.8670823231769162_37.5257078971196734,315.0,21.0,서행,126.8670823231769162_37.5257078971196734|126.8680323921005311_37.5255576197932470|126.8696999326072898_37.5252958895737194|126.8705789568914497_37.5251594795092345
2026-09-04T09:00:31.559343+09:00,오목교역·목동운동장,오목교역·목동운동장,POI044,KEY_3,1140060400,오목로,1140311500,최소노드배치점,126.8706049200779802_37.5252656041847530,1140023701,목동지하차도(북측),126.8741069190683675_37.5247538721865865,315.0,52.3,원활,126.8741069190683675_37.5247538721865865|126.8716004171447196_37.5251111113636640|126.8706049200779802_37.5252656041847530
2026-09-04T09:00:31.559343+09:00,오목교역·목동운동장,오목교역·목동운동장,POI044,KEY_3,1140064700,목동서로,1140007600,목동 925-5,126.8703817932222933_37.5284034261129520,1140031702,KT서울통신센터,126.8708864108891561_37.5299765391988984,183.0,33.0,원활,126.8708864108891561_37.5299765391988984|126.8708826562650955_37.5299741403027838|126.8708049479702140_37.5299049224176926|126.8707482016617547_37.5298309593268371|126.8706885113179936_37.5297283862032955|126.8706378223026405_37.5296139035657461|126.8703817932222933_37.5284034261129520
2026-09-04T09:00:31.559343+09:00,오목교역·목동운동장,오목교역·목동운동장,POI044,KEY_3,1140065200,목동동로,1140278700,목동 914-8,126.8787135275921685_37.5297383750703872,1140008502,한국통신목동지점,126.8767586051522613_37.5300075904237431,175.0,17.0,서행,126.8767586051522613_37.5300075904237431|126.8787135275921685_37.5297383750703872
2026-09-04T09:00:31.559343+09:00,오목교역·목동운동장,오목교역·목동운동장,POI044,KEY_3,1140065300,목동동로,1140200000,목동 914-8,126.8794366198333137_37.5295948765360734,1140029801,목동 914-3,126.8803472890119082_37.5288755664340741,113.0,20.0,서행,126.8803472890119082_37.5288755664340741|126.8795457269464038_37.5295264574369938|126.8794366198333137_37.5295948765360734
2026-09-04T09:00:31.559343+09:00,오목교역·목동운동장,오목교역·목동운동장,POI044,KEY_3,1140065400,목동서로,1140031701,KT서울통신센터,126.8710064122143137_37.5300304659751873,1140008400,양천소방서교차로,126.8726973678810168_37.5298561817287393,152.0,28.0,원활,126.8726973678810168_37.5298561817287393|126.8713644600100849_37.5300485670690662|126.8712117696352237_37.5300650880968476|126.8710860692017093_37.5300530316119065|126.8710064122143137_37.5300304659751873
2026-09-04T09:00:31.559343+09:00,오목교역·목동운동장,오목교역·목동운동장,POI044,KEY_3,1140065500,국회대로,1140032102,목1동주민센터,126.8707770773223302_37.5304899448172264,1140030800,홍익병원앞,126.8646468126980551_37.5297289010190696,548.0,29.0,원활,126.8646468126980551_37.5297289010190696|126.8691358789846220_37.5302810663476976|126.8707770773223302_37.5304899448172264
2026-09-04T09:00:31.559343+09:00,오목교역·목동운동장,오목교역·목동운동장,POI044,KEY_3,1140065800,-,1140031702,KT서울통신센터,126.8708864108891561_37.5299765391988984,1140032102,목1동주민센터,126.8707770773223302_37.5304899448172264,58.0,21.0,서행,126.8707770773223302_37.5304899448172264|126.8708154273461588_37.5301353405440707|126.8708864108891561_37.5299765391988984
2026-09-04T09:00:31.559343+09:00,오목교역·목동운동장,오목교역·목동운동장,POI044,KEY_3,1140065900,-,1140032101,목1동주민센터,126.8709115136581858_37.5305068509940867,1140031701,KT서울통신센터,126.8710064122143137_37.5300304659751873,54.0,11.0,정체,126.8710064122143137_37.5300304659751873|126.8709491888728138_37.5301584866351376|126.8709115136581858_37.5305068509940867
2026-09-04T09:00:31.559343+09:00,오목교역·목동운동장,오목교역·목동운동장,POI044,KEY_3,1140066000,국회대로,1140032300,목동교,126.8874592812072706_37.5309134970682692,1140030900,목동교,126.8846448018285855_37.5297592742909174,300.0,19.0,서행,126.8846448018285855_37.5297592742909174|126.8850650412698826_37.5298468207319260|126.8852176368649225_37.5298898802170271|126.8853926600453974_37.5299472637623097|126.8856349365595264_37.5300690770065231|126.8858682234413067_37.5301980341117201|126.8860962319625401_37.5303532074958710|126.8862494340091729_37.5304904298454289|126.8864100708302090_37.5306604375601438|126.8865258476216553_37.5308035827628643|126.8866416654425961_37.5309199095953971|126.8867351286276772_37.5309736367565279|126.8868548550046000_37.5309797116427077|126.8874592812072706_37.5309134970682692
2026-09-04T09:00:31.559343+09:00,오목교역·목동운동장,오목교역·목동운동장,POI044,KEY_3,1140066300,안양천로,1140031500,목동교,126.8845796056343147_37.5298541112350392,1140032600,목동교,126.8843017135001503_37.5315237887279807,216.0,36.0,원활,126.8843017135001503_37.5315237887279807|126.8845478291154762_37.5314537533224737|126.8846297897559054_37.5313856736052571|126.8846728961694907_37.5313143276081433|126.8847283443867582_37.5311732723914062|126.8848913527991584_37.5303818380835850|126.8848914672821735_37.5303073416295092|126.8848617160776371_37.5301881174002929|126.8848281972405232_37.5300867689519677|126.8847572695101036_37.5299794238724616|126.8845796056343147_37.5298541112350392
2026-09-04T09:00:31.559343+09:00,오목교역·목동운동장,오목교역·목동운동장,POI044,KEY_3,1140066600,국회대로,1140032500,목동교,126.8856427398844033_37.5313018773321616,1140031800,목동교,126.8858661791991977_37.5304734230982291,214.0,28.0,원활,126.8858661791991977_37.5304734230982291|126.8856284890071606_37.5303706349086923|126.8854638671550674_37.5303615356366933|126.8853179180124613_37.5303762938548644|126.8852131080252406_37.5304030103262676|126.8851307450970154_37.5304327290510003|126.8850483489604386_37.5304833067597983|126.8849733908632658_37.5305636904608022|126.8849358270675936_37.5306590104051665|126.8849094335674863_37.5307900992467935|126.8849166977411045_37.5309331402237873|126.8849539596190112_37.5310344931801438|126.8850174412507243_37.5311179912911541|126.8851258429127711_37.5311896137283725|126.8853277838037172_37.5312643074386827|126.8856427398844033_37.5313018773321616
2026-09-04T09:00:31.559343+09:00,오목교역·목동운동장,오목교역·목동운동장,POI044,KEY_3,1140066700,안양천로,1140033800,서울경인유치원,126.8874090613953172_37.5328062140190042,1140030900,목동교,126.8846448018285855_37.5297592742909174,435.0,22.0,서행,126.8846448018285855_37.5297592742909174|126.8855762511383176_37.5301653966409390|126.8858390555100186_37.5303052944202946|126.8859588523003339_37.5303944110417476|126.8860447549820378_37.5304583145656494|126.8862305225850520_37.5306548325961415|126.8863509678829047_37.5308287246199441|126.8867650931619124_37.5315997619943076|126.8868135165644588_37.5316899175065330|126.8874090613953172_37.5328062140190042
2026-09-04T09:00:31.559343+09:00,오목교역·목동운동장,오목교역·목동운동장,POI044,KEY_3,1140066800,국회대로,1140008900,청소년수련관앞교차로,126.8749851771577255_37.5309868184484969,1140032101,목1동주민센터,126.8709115136581858_37.5305068509940867,364.0,19.0,서행,126.8709115136581858_37.5305068509940867|126.8746979038654388_37.5309772381993625|126.8749851771577255_37.5309868184484969
2026-09-04T09:00:31.559343+09:00,오목교역·목동운동장,오목교역·목동운동장,POI044,KEY_3,1140066900,국회대로,1140008601,카톨릭스포츠센터,126.8674839304714226_37.5304076183302158,1140032900,청소년수련관앞,126.8750649305418960_37.5313299084450378,678.0,50.5,원활,126.8750649305418960_37.5313299084450378|126.8731974085957290_37.5311109831907501|126.8703243549700090_37.5307526619028593|126.8674839304714226_37.5304076183302158
2026-09-04T09:00:31.559343+09:00,오목교역·목동운동장,오목교역·목동운동장,POI044,KEY_3,1140067000,안양천로,1140031800,목동교,126.8858661791991977_37.5304734230982291,1140033300,목동교,126.8866402689599795_37.5316422821087627,148.0,31.0,원활,126.8866402689599795_37.5316422821087627|126.8862288128544265_37.5308762140925509|126.8861162834759995_37.5307137515685838|126.8859434209870756_37.5305308833755262|126.8858661791991977_37.5304734230982291
2026-09-04T09:00:31.559343+09:00,오목교역·목동운동장,오목교역·목동운동장,POI044,KEY_3,1140067100,국회대로,1140032300,목동교,126.8874592812072706_37.5309134970682692,1140032500,목동교,126.8856427398844033_37.5313018773321616,166.0,22.0,서행,126.8856427398844033_37.5313018773321616|126.8874592812072706_37.5309134970682692
2026-09-04T09:00:31.559343+09:00,오목교역·목동운동장,오목교역·목동운동장,POI044,KEY_3,1140067200,국회대로,1140032700,목동교,126.8856779402811412_37.5314062995702784,1140032400,목동교,126.8874944839553933_37.5310179196766285,166.0,55.0,원활,126.8874944839553933_37.5310179196766285|126.8856779402811412_37.5314062995702784
2026-09-04T09:00:31.559343+09:00,오목교역·목동운동장,오목교역·목동운동장,POI044,KEY_3,1140067500,목동서로,1140008900,청소년수련관앞교차로,126.8749851771577255_37.5309868184484969,1140032900,청소년수련관앞,126.8750649305418960_37.5313299084450378,39.0,16.0,서행,126.8750649305418960_37.5313299084450378|126.8749851771577255_37.5309868184484969
2026-09-04T09:00:31.559343+09:00,오목교역·목동운동장,오목교역·목동운동장,POI044,KEY_3,1140067600,국회대로,1140032500,목동교,126.8856427398844033_37.5313018773321616,1140032600,목동교,126.8843017135001503_37.5315237887279807,122.0,59.5,원활,126.8843017135001503_37.5315237887279807|126.8853586214199112_37.5313072241180805|126.8856427398844033_37.5313018773321616
2026-09-04T09:00:31.559343+09:00,오목교역·목동운동장,오목교역·목동운동장,POI044,KEY_3,1140067700,국회대로,1140033100,목동919-1,126.8846580863304041_37.5316987170409391,1140032700,목동교,126.8856779402811412_37.5314062995702784,96.0,54.0,원활,126.8856779402811412_37.5314062995702784|126.8854226642528573_37.5315161310584671|126.8852300090918419_37.5315830586408552|126.8846580863304041_37.5316987170409391
2026-09-04T09:00:31.559343+09:00,오목교역·목동운동장,오목교역·목동운동장,POI044,KEY_3,1140068000,국회대로,1140032500,목동교,126.8856427398844033_37.5313018773321616,1140009202,신월여의지하도로(동측),126.8808482917957576_37.5318295469259979,430.0,59.0,원활,126.8808482917957576_37.5318295469259979|126.8808607617265807_37.5318303181491117|126.8812315437144775_37.5318398935389439|126.8816011358477596_37.5318450120240783|126.8819879692905204_37.5318406599456083|126.8827149925730424_37.5318111511213601|126.8832868040315702_37.5317585000011462|126.8837211158317331_37.5316939067983526|126.8842769696246933_37.5315938605462023|126.8856427398844033_37.5313018773321616
2026-09-04T09:00:31.559343+09:00,오목교역·목동운동장,오목교역·목동운동장,POI044,KEY_3,1140068100,국회대로,1140009201,신월여의지하도로(동측),126.8808443431802715_37.5319377152892457,1140032700,목동교,126.8856779402811412_37.5314062995702784,434.0,57.0,원활,126.8856779402811412_37.5314062995702784|126.8843095448977749_37.5316988203129114|126.8837485626048363_37.5317998338477565|126.8833070903347959_37.5318654922657657|126.8827262608263027_37.5319189742605417|126.8819923889352879_37.5319487799470082|126.8816009139386125_37.5319531850502628|126.8812281489590248_37.5319480219271782|126.8808532892372796_37.5319382667175248|126.8808443431802715_37.5319377152892457
2026-09-04T09:00:31.559343+09:00,오목교역·목동운동장,오목교역·목동운동장,POI044,KEY_3,1140068200,국회대로,1140032600,목동교,126.8843017135001503_37.5315237887279807,1140009000,양천우체국,126.8770546258868848_37.5312943013899840,647.0,39.0,원활,126.8770546258868848_37.5312943013899840|126.8799373615991470_37.5316647395253540|126.8804785893359934_37.5317256168243460|126.8809376979914418_37.5317617196590447|126.8814691644842725_37.5317719138982540|126.8819186117248847_37.5317665409693930|126.8827622599531253_37.5317297088407074|126.8832712124020503_37.5316809201365160|126.8837082488141306_37.5316173315858208|126.8840670157696167_37.5315605869974007|126.8843017135001503_37.5315237887279807
2026-09-04T09:00:31.559343+09:00,오목교역·목동운동장,오목교역·목동운동장,POI044,KEY_3,1140068300,국회대로,1140009101,목동5.6단지,126.8836194087718070_37.5318939270615388,1140033100,목동919-1,126.8846580863304041_37.5316987170409391,94.0,44.0,원활,126.8846580863304041_37.5316987170409391|126.8840959031976325_37.5318054424971805|126.8836194087718070_37.5318939270615388
2026-09-04T09:00:31.559343+09:00,오목교역·목동운동장,오목교역·목동운동장,POI044,KEY_3,1140068400,국회대로,1140033400,양천우체국,126.8771228632929393_37.5315914819196266,1140009204,신월여의지하도로(동측),126.8807466405625064_37.5320105989073340,324.0,44.7,원활,126.8807466405625064_37.5320105989073340|126.8804381231026213_37.5319902087916830|126.8798675821093696_37.5319368726031399|126.8771228632929393_37.5315914819196266
2026-09-04T09:00:31.559343+09:00,오목교역·목동운동장,오목교역·목동운동장,POI044,KEY_3,1140068500,안양천로,1140033800,서울경인유치원,126.8874090613953172_37.5328062140190042,1140032400,목동교,126.8874944839553933_37.5310179196766285,219.0,30.0,원활,126.8874944839553933_37.5310179196766285|126.8871687813057179_37.5312327057991340|126.8871103083707794_37.5313005907927533|126.8870742839215495_37.5313684981249196|126.8870337550903713_37.5314471275519850|126.8870425999447775_37.5315365324158563|126.8870649052745989_37.5316331022950891|126.8873555271278804_37.5324558259722707|126.8873778008711355_37.5325738503761741|126.8874090613953172_37.5328062140190042
2026-09-04T09:00:31.559343+09:00,오목교역·목동운동장,오목교역·목동운동장,POI044,KEY_3,1140068600,국회대로,1140009203,신월여의지하도로(동측),126.8808823152185141_37.5320181494475520,1140009102,목동5.6단지,126.8834860328442034_37.5319142163712982,231.0,48.0,원활,126.8834860328442034_37.5319142163712982|126.8832391663128334_37.5319435959562213|126.8827960704332867_37.5319860672060983|126.8819159384685662_37.5320233325202040|126.8814549373534533_37.5320300228165635|126.8809221202336488_37.5320199505877667|126.8808823152185141_37.5320181494475520
2026-09-04T09:00:31.559343+09:00,오목교역·목동운동장,오목교역·목동운동장,POI044,KEY_3,1140068900,안양천로,1140033300,목동교,126.8866402689599795_37.5316422821087627,1140033900,경인초등학교,126.8872841046669890_37.5328484932096558,145.0,43.0,원활,126.8872841046669890_37.5328484932096558|126.8866886268011740_37.5317323177754290|126.8866402689599795_37.5316422821087627
2026-09-04T09:00:31.559343+09:00,오목교역·목동운동장,오목교역·목동운동장,POI044,KEY_3,1140069000,안양천로,1140033300,목동교,126.8866402689599795_37.5316422821087627,1140032700,목동교,126.8856779402811412_37.5314062995702784,274.0,34.7,원활,126.8856779402811412_37.5314062995702784|126.8853631263658031_37.5316421899703840|126.8852911418873219_37.5317350925452757|126.8852550553224319_37.5318423324453363|126.8852548745429232_37.5319603354404236|126.8852905832891764_37.5320998288292316|126.8853577985463801_37.5321892904893843|126.8854475033743370_37.5322537432255814|126.8855641663416947_37.5323074938029038|126.8856763826849772_37.5323326331875364|126.8858604691290282_37.5323399633916566|126.8859952075329574_37.5323186380075384|126.8862647264191992_37.5322473809460320|126.8864444523789530_37.5321688848189936|126.8865613054865094_37.5320974801854064|126.8866467643268692_37.5320010146039067|126.8866694155660326_37.5318687297839872|126.8866402689599795_37.5316422821087627
2026-09-04T09:00:31.559343+09:00,오목교역·목동운동장,오목교역·목동운동장,POI044,KEY_3,1140069100,국회대로,1140033100,목동919-1,126.8846580863304041_37.5316987170409391,1140033900,경인초등학교,126.8872841046669890_37.5328484932096558,305.0,30.3,원활,126.8872841046669890_37.5328484932096558|126.8870232047119799_37.5324876913705410|126.8868886823055959_37.5323659833704113|126.8867989706955797_37.5323051077945919|126.8866822755141754_37.5322728130350143|126.8865251566823815_37.5322476314694313|126.8863589551066013_37.5322903818162601|126.8860040566905383_37.5324044668675469|126.8858378871728831_37.5324257618817754|126.8856583018977631_37.5324112847579414|126.8855101749726657_37.5323789584046423|126.8854114562078337_37.5323359525014979|126.8853128087379929_37.5322464603536332|126.8852276383169482_37.5321534051485699|126.8851694358867519_37.5320424975478346|126.8851291613164562_37.5319530619861013|126.8850529547154196_37.5318707426846601|126.8849273515351683_37.5317919521853156|126.8846580863304041_37.5316987170409391
2026-09-04T09:00:31.559343+09:00,오목교역·목동운동장,오목교역·목동운동장,POI044,KEY_3,1140070900,목동서로,1140035400,목동 902-5,126.8794522569202883_37.5369696354992541,1140035200,목동 902-5,126.8787896567945523_37.5367371777255556,139.0,5.0,정체,126.8787896567945523_37.5367371777255556|126.8789346312818367_37.5364400279712456|126.8789735753898071_37.5364233804675678|126.8790274603863537_37.5364234356787847|126.8795719836017355_37.5366194722880664|126.8796018783849746_37.5366457254744006|126.8795988117533398_37.5366910165188727|126.8794522569202883_37.5369696354992541
2026-09-04T09:00:31.559343+09:00,오목교역·목동운동장,오목교역·목동운동장,POI044,KEY_3,1140072100,목동서로,1140035502,목5동주민센터,126.8812794797658796_37.5372503947860707,1140035001,목동5·6단지앞교차로,126.8829944458794472_37.5364913851206907,237.0,14.0,정체,126.8829944458794472_37.5364913851206907|126.8828955898899409_37.5366553292359413|126.8824282154331229_37.5375388998787471|126.8823480626168703_37.5375770873188870|126.8822481670510314_37.5375769877530985|126.8812794797658796_37.5372503947860707
2026-09-04T09:00:31.559343+09:00,왕십리역,왕십리역,POI045,KEY_4,1030013101,살곶이길,1030021705,행당동40-30,127.0406606658124531_37.5550427346378228,1030023503,한양대병원앞교차로,127.0407317596827141_37.5576777615059285,296.0,14.0,정체,127.0407317596827141_37.5576777615059285|127.0407945351501553_37.5571399080762944|127.0408096258599926_37.5570503671522786|127.0407945873468236_37.5570052152632812|127.0407306986277831_37.5569326232404563|127.0406912822892878_37.5568627023168133|127.0406893999771540_37.5568002479541718|127.0406689829890325_37.5561228136161560|127.0406606658124531_37.5550427346378228
2026-09-04T09:00:31.559343+09:00,왕십리역,왕십리역,POI045,KEY_4,1030013900,왕십리로,1030072500,행당동 33,127.0432843193880075_37.5561986724655981,1030023502,한양대병원앞교차로,127.0408689696439808_37.5576533330614595,294.0,7.0,정체,127.0408689696439808_37.5576533330614595|127.0414651523882839_37.5575486984067481|127.0417348064217293_37.5575013713202210|127.0419711005124697_37.5574504902346860|127.0420141955084716_37.5574392859410580|127.0421870399526654_37.5573943478193399|127.0423829627192163_37.5573282057195925|127.0425359187892553_37.5572517965998074|127.0427034755646645_37.5571479493357785|127.0428672032618493_37.5570285114635709|127.0429925912583258_37.5568995286477687|127.0431151520268145_37.5567318227621385|127.0432092746061699_37.5565579805509699|127.0432548152679999_37.5564035797701479|127.0432843193880075_37.5561986724655981
2026-09-04T09:00:31.559343+09:00,왕십리역,왕십리역,POI045,KEY_4,1030014002,왕십리로,1030044300,행당동 33,127.0420563576226129_37.5575420637526918,1030021602,성동교,127.0437483808687773_37.5540070847499905,450.0,22.0,서행,127.0437483808687773_37.5540070847499905|127.0435729718255686_37.5551433159312538|127.0434192453609370_37.5562109855440482|127.0433888397111843_37.5564221569148842|127.0433387450400318_37.5565920007120297|127.0432366421870825_37.5567805817599876|127.0431054757296323_37.5569600633437375|127.0429675078410128_37.5571019873763561|127.0427912070035319_37.5572305966901965|127.0426139249710360_37.5573404716556354|127.0424459658693763_37.5574243753592327|127.0422347194732851_37.5574956911651938|127.0420563576226129_37.5575420637526918
2026-09-04T09:00:31.559343+09:00,왕십리역,왕십리역,POI045,KEY_4,1030014003,왕십리로,1030023501,한양대병원앞교차로,127.0408564347669227_37.5577662484576962,1030023400,한양대병원,127.0414943912409598_37.5576542823099402,58.0,14.0,정체,127.0414943912409598_37.5576542823099402|127.0408564347669227_37.5577662484576962
2026-09-04T09:00:31.559343+09:00,왕십리역,왕십리역,POI045,KEY_4,1030014302,왕십리로,1030023503,한양대병원앞교차로,127.0407317596827141_37.5576777615059285,1030024002,조선일보(행당지국),127.0390317491796708_37.5581207261700101,159.0,9.0,정체,127.0390317491796708_37.5581207261700101|127.0392551736033653_37.5580234612838879|127.0394473516100504_37.5579497920688397|127.0396148722932423_37.5578928506210872|127.0397835145799235_37.5578513273227159|127.0400937599964948_37.5577945406428881|127.0407317596827141_37.5576777615059285
2026-09-04T09:00:31.559343+09:00,왕십리역,왕십리역,POI045,KEY_4,1030014403,왕십리로,1030023600,한양대병원,127.0401241920463349_37.5578999118409200,1030023504,한양대병원앞교차로,127.0407178272021440_37.5577912532816640,54.0,14.0,정체,127.0407178272021440_37.5577912532816640|127.0401241920463349_37.5578999118409200
2026-09-04T09:00:31.559343+09:00,왕십리역,왕십리역,POI045,KEY_4,1030014701,마조로,1030023504,한양대병원앞교차로,127.0407178272021440_37.5577912532816640,1030024202,한양대병원,127.0407612725606299_37.5585544662770658,85.0,4.0,정체,127.0407612725606299_37.5585544662770658|127.0407236552717620_37.5583709119054916|127.0407015370226702_37.5582441411244830|127.0406890440276726_37.5580684726059033|127.0407178272021440_37.5577912532816640
2026-09-04T09:00:31.559343+09:00,왕십리역,왕십리역,POI045,KEY_4,1030014801,마조로,1030024101,한양대병원,127.0408950955423535_37.5585360531750752,1030023501,한양대병원앞교차로,127.0408564347669227_37.5577662484576962,86.0,22.0,서행,127.0408564347669227_37.5577662484576962|127.0408251710542658_37.5580698410820588|127.0408368192400559_37.5582336302307880|127.0408579567847340_37.5583547700938851|127.0408950955423535_37.5585360531750752
2026-09-04T09:00:31.559343+09:00,왕십리역,왕십리역,POI045,KEY_4,1030016100,마조로,1030061200,마장동 804,127.0416483790261850_37.5651550355191404,1030030503,마장역앞교차로,127.0417018327762833_37.5653994420407500,28.0,13.0,정체,127.0417018327762833_37.5653994420407500|127.0416640475275187_37.5653186632740557|127.0416478375684477_37.5652307633108933|127.0416483790261850_37.5651550355191404
2026-09-04T09:00:31.559343+09:00,왕십리역,왕십리역,POI045,KEY_4,1030018102,마장로,1030030803,마장지하차도,127.0386146617530017_37.5657857831450031,1030031502,도선사거리,127.0365873736816980_37.5659823448740369,183.0,29.0,원활,127.0365873736816980_37.5659823448740369|127.0367829784409395_37.5659089223587088|127.0384424182462340_37.5657480261625167|127.0386146617530017_37.5657857831450031
2026-09-04T09:00:31.559343+09:00,왕십리역,왕십리역,POI045,KEY_4,1030018204,마장로,1030144000,마장동 804,127.0411549741083945_37.5655881067383390,1030030504,마장역앞교차로,127.0417495217666470_37.5655013931411759,53.0,18.0,서행,127.0417495217666470_37.5655013931411759|127.0415658280315228_37.5655380183550420|127.0411549741083945_37.5655881067383390
2026-09-04T09:00:31.559343+09:00,왕십리역,왕십리역,POI045,KEY_4,1030018500,마장로,1030061800,마장동 804,127.0432974482949504_37.5664169399821475,1030032804,마장동주민센터앞교차로,127.0440440345155793_37.5669108325866077,86.0,6.0,정체,127.0440440345155793_37.5669108325866077|127.0433958505408043_37.5664809666421746|127.0432974482949504_37.5664169399821475
2026-09-04T09:00:31.559343+09:00,왕십리역,왕십리역,POI045,KEY_4,1030018600,마장로,1030134400,마장동 810,127.0425479832442335_37.5657896399408244,1030030502,마장역앞교차로,127.0418456121557966_37.5653969688591616,76.0,27.7,원활,127.0418456121557966_37.5653969688591616|127.0419850304157876_37.5654460044658123|127.0421341834124576_37.5655203871183048|127.0425479832442335_37.5657896399408244
2026-09-04T09:00:31.559343+09:00,왕십리역,왕십리역,POI045,KEY_4,1030040900,마조로,1030024101,한양대병원,127.0408950955423535_37.5585360531750752,1030023400,한양대병원,127.0414943912409598_37.5576542823099402,125.0,12.0,정체,127.0414943912409598_37.5576542823099402|127.0411961266824932_37.5577409077178999|127.0410544473263457_37.5578356428652285|127.0409871067379868_37.5579012237195897|127.0409497246167376_37.5579906327321069|127.0409086159234846_37.5581098417024819|127.0408950955423535_37.5585360531750752
2026-09-04T09:00:31.559343+09:00,왕십리역,왕십리역,POI045,KEY_4,1030041000,왕십리로,1030023600,한양대병원,127.0401241920463349_37.5578999118409200,1030024202,한양대병원,127.0407612725606299_37.5585544662770658,105.0,22.0,서행,127.0407612725606299_37.5585544662770658|127.0405979599217403_37.5581516669007414|127.0405080350082159_37.5579848249991599|127.0404475997170977_37.5579202802585499|127.0403472512524274_37.5578929999611830|127.0401241920463349_37.5578999118409200
2026-09-04T09:00:31.559343+09:00,왕십리역,왕십리역,POI045,KEY_4,1030041100,마조로1길,1030024102,한양대병원,127.0408742935170920_37.5585051489693527,1030024604,행당동 130-98,127.0392504179304041_37.5586532449253383,180.0,20.0,서행,127.0392504179304041_37.5586532449253383|127.0392814810351751_37.5585267702696868|127.0393697957369739_37.5584314333784306|127.0395271548831602_37.5583286635246267|127.0396861956018171_37.5582582540092886|127.0398075187269029_37.5582159491922383|127.0399309224261373_37.5581852033403223|127.0400668747390114_37.5581685059544839|127.0402144151123451_37.5581726499363526|127.0403519933965129_37.5581994653267088|127.0404650543163854_37.5582329121919187|127.0405965135359025_37.5582977343549516|127.0407379213938697_37.5584042907300102|127.0408742935170920_37.5585051489693527
2026-09-04T09:00:31.559343+09:00,왕십리역,왕십리역,POI045,KEY_4,1030041400,왕십리로,1030024604,행당동 130-98,127.0392504179304041_37.5586532449253383,1030024702,행당동 130-99,127.0371950414791513_37.5591915933272489,207.0,18.0,서행,127.0371950414791513_37.5591915933272489|127.0372938373433271_37.5592689894725993|127.0373044165327343_37.5592719332917255|127.0373458578195169_37.5592598216029501|127.0380813615824138_37.5588691344951968|127.0383532477905675_37.5587247109603766|127.0384819703694603_37.5586615920715730|127.0385888259601472_37.5586211429709351|127.0387058054011362_37.5586029324696327|127.0392504179304041_37.5586532449253383
2026-09-04T09:00:31.559343+09:00,왕십리역,왕십리역,POI045,KEY_4,1030041500,왕십리로,1030050100,행당동 147,127.0381567437530919_37.5589590712692853,1030024605,행당동 161-6,127.0392255234201144_37.5587597901073877,102.0,16.0,서행,127.0392255234201144_37.5587597901073877|127.0387111349351130_37.5587122703245271|127.0386316901602584_37.5587246373024328|127.0385469350028558_37.5587567206779909|127.0384265763602656_37.5588157382791010|127.0381567437530919_37.5589590712692853
2026-09-04T09:00:31.559343+09:00,왕십리역,왕십리역,POI045,KEY_4,1030042300,왕십리광장로,1030024004,조선일보(행당지국),127.0388406648960853_37.5583260986608423,1030026403,왕십리역앞,127.0377517205372015_37.5611993881740602,336.0,14.0,정체,127.0377517205372015_37.5611993881740602|127.0377650980093875_37.5611341446590146|127.0378097194870577_37.5610211543974373|127.0380548421426852_37.5607013821703504|127.0380954469743529_37.5606145084796168|127.0382123294102144_37.5599479231469928|127.0382440467292327_37.5598720705615392|127.0383749086904999_37.5596377571849445|127.0385186513372986_37.5593979442720141|127.0385718630762142_37.5592056229586788|127.0387086320606329_37.5587112989692713|127.0388406648960853_37.5583260986608423
2026-09-04T09:00:31.559343+09:00,왕십리역,왕십리역,POI045,KEY_4,1030042400,왕십리광장로,1030086700,행당동 168-151,127.0387044987476344_37.5592288798914993,1030024001,조선일보(행당지국),127.0390057146199183_37.5582552895193515,111.0,18.0,서행,127.0390057146199183_37.5582552895193515|127.0388405423378373_37.5587371746324052|127.0387044987476344_37.5592288798914993
2026-09-04T09:00:31.559343+09:00,왕십리역,왕십리역,POI045,KEY_4,1030044101,왕십리광장로,1030037400,왕십리역앞,127.0359784820327178_37.5611357748002419,1030026502,왕십리역앞교차로,127.0355510006751132_37.5611328602784198,38.0,31.0,원활,127.0355510006751132_37.5611328602784198|127.0356452401439356_37.5611257414677979|127.0358488591397617_37.5611237030310932|127.0359784820327178_37.5611357748002419
2026-09-04T09:00:31.559343+09:00,왕십리역,왕십리역,POI045,KEY_4,1030044102,왕십리광장로,1030026403,왕십리역앞,127.0377517205372015_37.5611993881740602,1030037400,왕십리역앞,127.0359784820327178_37.5611357748002419,157.0,17.0,서행,127.0359784820327178_37.5611357748002419|127.0368253885831251_37.5612146395864812|127.0368707386068081_37.5612188624500192|127.0370546307386093_37.5612225115798708|127.0377517205372015_37.5611993881740602
2026-09-04T09:00:31.559343+09:00,왕십리역,왕십리역,POI045,KEY_4,1030044500,왕십리광장로,1030026501,왕십리역앞교차로,127.0355939986096558_37.5612382173782393,1030026900,왕십리역앞,127.0359627017570290_37.5612431621990837,33.0,2.0,정체,127.0359627017570290_37.5612431621990837|127.0358417929594026_37.5612319022688581|127.0356525216958659_37.5612337967072207|127.0355939986096558_37.5612382173782393
2026-09-04T09:00:31.559343+09:00,왕십리역,왕십리역,POI045,KEY_4,1030044600,왕십리광장로,1030149300,행당동 188-1,127.0368096089545844_37.5613220274798536,1030026404,왕십리역앞,127.0377309319347319_37.5613082912370047,81.0,6.0,정체,127.0377309319347319_37.5613082912370047|127.0370557674667253_37.5613306866894590|127.0368611362330711_37.5613268255766073|127.0368096089545844_37.5613220274798536
2026-09-04T09:00:31.559343+09:00,왕십리역,왕십리역,POI045,KEY_4,1030044700,고산자로,1030027500,왕십리역,127.0357690042511507_37.5615701035394451,1030026900,왕십리역앞,127.0359627017570290_37.5612431621990837,47.0,13.0,정체,127.0359627017570290_37.5612431621990837|127.0358080594423313_37.5612942434570982|127.0357649548084282_37.5613314451612155|127.0357470069464938_37.5613729306825661|127.0357398437842420_37.5614229949302043|127.0357690042511507_37.5615701035394451
2026-09-04T09:00:31.559343+09:00,왕십리역,왕십리역,POI045,KEY_4,1030045101,마조로19길,1030059100,행당동 19-35,127.0393885431442271_37.5596858738063659,1030024602,행당동 19-82,127.0393592414637567_37.5587787106330353,101.0,11.0,정체,127.0393592414637567_37.5587787106330353|127.0393061338484699_37.5590165774156688|127.0393885431442271_37.5596858738063659
2026-09-04T09:00:31.559343+09:00,왕십리역,왕십리역,POI045,KEY_4,1030045201,마조로19길,1030024609,동마중학교,127.0386752783173279_37.5628242955473439,1030030803,마장지하차도,127.0386146617530017_37.5657857831450031,344.0,31.5,원활,127.0386146617530017_37.5657857831450031|127.0385600737579637_37.5657158398768161|127.0384531427916954_37.5655126821268226|127.0383431649115522_37.5651915713588878|127.0382962620837048_37.5651124301483961|127.0382454592931367_37.5650267081474496|127.0381943156338878_37.5648986481030605|127.0381355308392415_37.5645507186013248|127.0381207495017151_37.5643636783626320|127.0381231637716581_37.5642170728807727|127.0381507909637406_37.5640606672231030|127.0382198112129259_37.5638818466911886|127.0383133694872555_37.5636730478102976|127.0385671182345959_37.5631067372239897|127.0386189991260011_37.5629845505551643|127.0386752783173279_37.5628242955473439
2026-09-04T09:00:31.559343+09:00,왕십리역,왕십리역,POI045,KEY_4,1030045202,마조로19길,1030024605,행당동 161-6,127.0392255234201144_37.5587597901073877,1030024608,동마중학교,127.0387006256198958_37.5627180484271079,449.0,11.0,정체,127.0387006256198958_37.5627180484271079|127.0388678464282748_37.5618895184550681|127.0388970839293989_37.5617448859843179|127.0390868398354201_37.5608061850477739|127.0391428382667698_37.5607124718408514|127.0392818177529932_37.5605845589208940|127.0393043065291465_37.5605473357634239|127.0393238520345562_37.5604294013854982|127.0393250098986897_37.5603550590215463|127.0393260724128055_37.5602868386190920|127.0392729172373265_37.5598551369899667|127.0392533748053978_37.5596964211700453|127.0391691423192668_37.5590123107700862|127.0392255234201144_37.5587597901073877
2026-09-04T09:00:31.559343+09:00,왕십리역,왕십리역,POI045,KEY_4,1030046200,고산자로14길,1030107300,행당동 192-49,127.0366876740809516_37.5620177617034372,1030037302,서울특별시립성동청소,127.0359924631133310_37.5620912285831423,62.0,16.0,서행,127.0359924631133310_37.5620912285831423|127.0362763775775790_37.5620498159350049|127.0366876740809516_37.5620177617034372
2026-09-04T09:00:31.559343+09:00,왕십리역,왕십리역,POI045,KEY_4,1030046300,고산자로14길,1030107400,행당동 7,127.0367009081264911_37.5621253665273116,1030029802,행당동 192-40,127.0364219120025808_37.5647259650895009,353.0,15.0,서행,127.0364219120025808_37.5647259650895009|127.0365416540318364_37.5646629426064109|127.0368387063582674_37.5643967140319930|127.0368600695454404_37.5643514893217016|127.0369325873191855_37.5641979726829760|127.0370938059815558_37.5639997984659360|127.0372484053933135_37.5638121632627175|127.0372649247868395_37.5637665081702323|127.0372564144410035_37.5636098924651449|127.0371987457000813_37.5631351441197268|127.0371888387931136_37.5631127250437302|127.0371318140162202_37.5630787078087138|127.0370607004682029_37.5630362860563309|127.0370234718385944_37.5629770725376417|127.0370487862962818_37.5621556368928395|127.0370417118243580_37.5621203290568957|127.0370404865071947_37.5621189307603132|127.0370306045183639_37.5621076537173337|127.0370022209199448_37.5621018827232405|127.0367009081264911_37.5621253665273116
2026-09-04T09:00:31.559343+09:00,왕십리역,왕십리역,POI045,KEY_4,1030051200,왕십리광장로,1030037400,왕십리역앞,127.0359784820327178_37.5611357748002419,1030037100,왕십리역앞,127.0357826189997326_37.5608364862612945,44.0,8.0,정체,127.0357826189997326_37.5608364862612945|127.0357486607465347_37.5609256519804262|127.0357936330141939_37.5610358933276700|127.0358685325253703_37.5611073872131698|127.0359784820327178_37.5611357748002419
2026-09-04T09:00:31.559343+09:00,왕십리역,왕십리역,POI045,KEY_4,1030064200,왕십리광장로,1030024608,동마중학교,127.0387006256198958_37.5627180484271079,1030026401,왕십리역앞,127.0378689884879009_37.5613037113735189,226.0,28.0,원활,127.0378689884879009_37.5613037113735189|127.0378079757911109_37.5616402018536562|127.0377865977822296_37.5617767934806750|127.0377245417596015_37.5622682132607721|127.0377127997241331_37.5624403920444649|127.0377530330382143_37.5625409754472486|127.0378487239693328_37.5626047686992024|127.0387006256198958_37.5627180484271079
2026-09-04T09:00:31.559343+09:00,왕십리역,왕십리역,POI045,KEY_4,1030064300,왕십리광장로,1030026404,왕십리역앞,127.0377309319347319_37.5613082912370047,1030024609,동마중학교,127.0386752783173279_37.5628242955473439,242.0,12.0,정체,127.0386752783173279_37.5628242955473439|127.0377898698108936_37.5627065605114936|127.0376355840434428_37.5626037042817700|127.0375758292617832_37.5624543164691502|127.0375890895391251_37.5622598708882833|127.0376516210575062_37.5617647010788929|127.0376733614598521_37.5616257937989317|127.0377309319347319_37.5613082912370047
2026-09-04T09:00:31.559343+09:00,용산역,용산역,POI046,KEY_1,1020007402,한강대로,1020051500,한강로2가 188-1,126.9673426559004668_37.5285265849111056,1020015201,속성변화점,126.9668253836721163_37.5279805356647955,76.0,19.0,서행,126.9668253836721163_37.5279805356647955|126.9673426559004668_37.5285265849111056
2026-09-04T09:00:31.559343+09:00,용산역,용산역,POI046,KEY_1,1020006501,이촌로,1020019800,원효대교북단교차로,126.9549713924562013_37.5315077158583179,1020020403,원효대교북단,126.9553082852605002_37.5317879306578988,43.0,8.0,정체,126.9553082852605002_37.5317879306578988|126.9552595804082529_37.5317588974850480|126.9551463430920109_37.5316836749914486|126.9550491339785054_37.5315936856741885|126.9549713924562013_37.5315077158583179
2026-09-04T09:00:31.559343+09:00,용산역,용산역,POI046,KEY_1,1020006502,이촌로,1020019104,원효대교(북측),126.9547296547672914_37.5310849407541980,1020019800,원효대교북단교차로,126.9549713924562013_37.5315077158583179,52.0,9.0,정체,126.9549713924562013_37.5315077158583179|126.9548823881418684_37.5314051380367530|126.9547955830909842_37.5312469196548548|126.9547296547672914_37.5310849407541980
2026-09-04T09:00:31.559343+09:00,용산역,용산역,POI046,KEY_1,1020006504,이촌로,1020018400,원효대교(북측),126.9545711623072890_37.5306544215694089,1020019103,원효대교(북측),126.9546751732118395_37.5309512393787443,34.0,26.5,원활,126.9546751732118395_37.5309512393787443|126.9546570380824448_37.5309067457603192|126.9545711623072890_37.5306544215694089
2026-09-04T09:00:31.559343+09:00,용산역,용산역,POI046,KEY_1,1020006505,이촌로,1020106600,이촌동 171-1,126.9544359068926269_37.5302142769447897,1020018400,원효대교(북측),126.9545711623072890_37.5306544215694089,50.0,27.0,원활,126.9545711623072890_37.5306544215694089|126.9544809652151400_37.5304060158969790|126.9544442074129051_37.5302666285182838|126.9544359068926269_37.5302142769447897
2026-09-04T09:00:31.559343+09:00,용산역,용산역,POI046,KEY_1,1020006506,이촌로,1020013502,이촌고가차도(남측),126.9585449269514044_37.5242820013251546,1020014202,이촌고가차도(북측),126.9567284262237763_37.5256034794381890,218.0,26.0,원활,126.9567284262237763_37.5256034794381890|126.9574592703260691_37.5249784632239098|126.9578315467532974_37.5247304021404133|126.9585449269514044_37.5242820013251546
2026-09-04T09:00:31.559343+09:00,용산역,용산역,POI046,KEY_1,1020006601,이촌로,1020020402,원효대교북단,126.9553901102148501_37.5317020507255563,1020019101,원효대교(북측),126.9548588027812031_37.5310516019593976,88.0,19.0,서행,126.9548588027812031_37.5310516019593976|126.9549226689843948_37.5312085125953701|126.9550033116491221_37.5313554984575291|126.9550615398033386_37.5314328679821756|126.9551536553410358_37.5315246564589984|126.9552419361069866_37.5316063792257282|126.9553441400846054_37.5316742723173178|126.9553901102148501_37.5317020507255563
2026-09-04T09:00:31.559343+09:00,용산역,용산역,POI046,KEY_1,1020006602,이촌로,1020205500,최소노드배치점,126.9548358306542184_37.5280745473059696,1020014201,이촌고가차도(북측),126.9568310199770877_37.5256741735968973,321.0,34.0,원활,126.9568310199770877_37.5256741735968973|126.9567137750659356_37.5257905141320904|126.9566032818130168_37.5259001546487454|126.9561863225043794_37.5263138922143824|126.9559119746242430_37.5265861169618304|126.9558554148212153_37.5266429384152786|126.9556176202604121_37.5268818317877120|126.9553630706085698_37.5271950322431351|126.9552216938227076_37.5273988835597478|126.9551608101404412_37.5275054945227566|126.9548358306542184_37.5280745473059696
2026-09-04T09:00:31.559343+09:00,용산역,용산역,POI046,KEY_1,1020006603,이촌로,1020014201,이촌고가차도(북측),126.9568310199770877_37.5256741735968973,1020013501,이촌고가차도(남측),126.9586289791741223_37.5243669044741708,216.0,13.0,정체,126.9586289791741223_37.5243669044741708|126.9579171683803196_37.5248143186944176|126.9575528488126537_37.5250570787040729|126.9568310199770877_37.5256741735968973
2026-09-04T09:00:31.559343+09:00,용산역,용산역,POI046,KEY_1,1020007302,한강대로,1020015204,용산역,126.9667170087153636_37.5280456524693449,1020016803,전자상가입구교차로,126.9681558223356888_37.5295644873819896,211.0,37.0,원활,126.9681558223356888_37.5295644873819896|126.9672342806026819_37.5285917021841300|126.9667170087153636_37.5280456524693449
2026-09-04T09:00:31.559343+09:00,용산역,용산역,POI046,KEY_1,1020007303,한강대로,1020014817,용산역사거리,126.9661319906761747_37.5274253090940633,1020015203,용산역,126.9666353702945258_37.5279592626933010,74.0,42.0,원활,126.9666353702945258_37.5279592626933010|126.9661319906761747_37.5274253090940633
2026-09-04T09:00:31.559343+09:00,용산역,용산역,POI046,KEY_1,1020007404,한강대로,1020015201,속성변화점,126.9668253836721163_37.5279805356647955,1020014814,용산역사거리,126.9662405537631287_37.5273603918662033,86.0,30.0,원활,126.9662405537631287_37.5273603918662033|126.9667439343401583_37.5278943446378008|126.9668253836721163_37.5279805356647955
2026-09-04T09:00:31.559343+09:00,용산역,용산역,POI046,KEY_1,1020007700,청파로,1020173500,최소노드배치점,126.9542456981875063_37.5317279758192655,1020037602,원효대교,126.9568345198735386_37.5332410447366627,285.0,52.5,원활,126.9568345198735386_37.5332410447366627|126.9565849866213654_37.5331524137163512|126.9561176036738885_37.5328605788594274|126.9556559715311721_37.5326013704243877|126.9553154035325093_37.5324227537399153|126.9549297998321720_37.5322109106913047|126.9546531467051835_37.5320271321003176|126.9542456981875063_37.5317279758192655
2026-09-04T09:00:31.559343+09:00,용산역,용산역,POI046,KEY_1,1020008301,새창로,1020143800,한강로3가 3-38,126.9630915470483501_37.5330272864438896,1020022103,용산전자상가앞교차로,126.9629279568080591_37.5332351639350534,27.0,24.0,서행,126.9629279568080591_37.5332351639350534|126.9630538866097140_37.5330634009447337|126.9630915470483501_37.5330272864438896
2026-09-04T09:00:31.559343+09:00,용산역,용산역,POI046,KEY_1,1020008302,새창로,1020020304,한강로3가 23-4,126.9652119205696295_37.5317965792214139,1020021002,신용산지하차도(서측),126.9641478967900383_37.5325528422241064,127.0,37.5,원활,126.9641478967900383_37.5325528422241064|126.9643316528803609_37.5324303445171026|126.9643497266759482_37.5324240929770170|126.9644789739496247_37.5323619601416141|126.9646508439094248_37.5322560774030194|126.9652119205696295_37.5317965792214139
2026-09-04T09:00:31.559343+09:00,용산역,용산역,POI046,KEY_1,1020008304,새창로,1020017803,신용산지하차도(동측),126.9672920986842541_37.5301423807374377,1020021002,신용산지하차도(서측),126.9641478967900383_37.5325528422241064,388.0,7.0,정체,126.9641478967900383_37.5325528422241064|126.9643809266257364_37.5324722401779951|126.9645174119451809_37.5324066289165401|126.9646961706868211_37.5322965008629552|126.9653089376107715_37.5317946698217355|126.9666662371181047_37.5306072265435589|126.9670883183181331_37.5302833177777018|126.9672920986842541_37.5301423807374377
2026-09-04T09:00:31.559343+09:00,용산역,용산역,POI046,KEY_1,1020008306,새창로,1020016803,전자상가입구교차로,126.9681558223356888_37.5295644873819896,1020017802,신용산지하차도(동측),126.9673959720882692_37.5300726947153009,88.0,12.0,정체,126.9673959720882692_37.5300726947153009|126.9677699989137238_37.5298289272809029|126.9679910930038602_37.5296848305883302|126.9679948818404398_37.5296820626562777|126.9681558223356888_37.5295644873819896
2026-09-04T09:00:31.559343+09:00,용산역,용산역,POI046,KEY_1,1020008401,새창로,1020022102,용산전자상가앞교차로,126.9630710658397987_37.5332544033118722,1020021004,신용산지하차도(서측),126.9640622935567649_37.5327015803896558,110.0,15.0,서행,126.9640622935567649_37.5327015803896558|126.9634749367835127_37.5329119529101760|126.9633867785343142_37.5329492144407979|126.9632743505974162_37.5330212208712055|126.9631959939209196_37.5330963613603785|126.9631654873827102_37.5331256156879931|126.9630710658397987_37.5332544033118722
2026-09-04T09:00:31.559343+09:00,용산역,용산역,POI046,KEY_1,1020008402,새창로,1020021001,신용산지하차도(서측),126.9642019833896285_37.5326520130916776,1020020301,한강로2가 2-367,126.9654108854401215_37.5319438111119723,137.0,19.0,서행,126.9654108854401215_37.5319438111119723|126.9648321479170505_37.5324177738388656|126.9646327205503979_37.5325406342616859|126.9644745301098396_37.5326166817303246|126.9644398268731891_37.5326286851676940|126.9642019833896285_37.5326520130916776
2026-09-04T09:00:31.559343+09:00,용산역,용산역,POI046,KEY_1,1020008404,새창로,1020021001,신용산지하차도(서측),126.9642019833896285_37.5326520130916776,1020017804,신용산지하차도(동측),126.9673811166748720_37.5302240136235596,392.0,50.0,원활,126.9673811166748720_37.5302240136235596|126.9671799908457928_37.5303631161555273|126.9667636396161754_37.5306826263665059|126.9654078286461214_37.5318687710402443|126.9647868221242817_37.5323773504322133|126.9645942835487062_37.5324959655255483|126.9644433289083878_37.5325685345548337|126.9642019833896285_37.5326520130916776
2026-09-04T09:00:31.559343+09:00,용산역,용산역,POI046,KEY_1,1020008406,새창로,1020126900,한강로2가 422-1,126.9678559795664512_37.5299126000648968,1020016804,전자상가입구교차로,126.9682403944276103_37.5296494232954956,45.0,13.0,정체,126.9682403944276103_37.5296494232954956|126.9680866539261928_37.5297617379752211|126.9680800395232581_37.5297665700961005|126.9678559795664512_37.5299126000648968
2026-09-04T09:00:31.559343+09:00,용산역,용산역,POI046,KEY_1,1020009702,청파로,1020020404,원효대교북단,126.9556375536380557_37.5319857483433736,1020020600,한강로3가16-65,126.9565323634393508_37.5323743610575846,90.0,15.5,서행,126.9565323634393508_37.5323743610575846|126.9556375536380557_37.5319857483433736
2026-09-04T09:00:31.559343+09:00,용산역,용산역,POI046,KEY_1,1020009703,청파로,1020020600,한강로3가16-65,126.9565323634393508_37.5323743610575846,1020020902,용산전자단지우체국,126.9569058189334640_37.5325337481242514,37.0,19.0,서행,126.9569058189334640_37.5325337481242514|126.9565323634393508_37.5323743610575846
2026-09-04T09:00:31.559343+09:00,용산역,용산역,POI046,KEY_1,1020009704,청파로,1020020902,용산전자단지우체국,126.9569058189334640_37.5325337481242514,1020021304,한강로3가 16-7,126.9574584875420840_37.5327318107459149,54.0,43.7,원활,126.9574584875420840_37.5327318107459149|126.9572579846815188_37.5326702912132433|126.9569058189334640_37.5325337481242514
2026-09-04T09:00:31.559343+09:00,용산역,용산역,POI046,KEY_1,1020009705,청파로,1020119000,한강로3가 16-7,126.9595695472644508_37.5332638198563799,1020021604,한강로3가 16-19,126.9615014024332140_37.5332163732493740,172.0,32.0,원활,126.9615014024332140_37.5332163732493740|126.9602058425279836_37.5333336741990635|126.9600077776086664_37.5333356039105581|126.9597562586833277_37.5333057692181953|126.9595695472644508_37.5332638198563799
2026-09-04T09:00:31.559343+09:00,용산역,용산역,POI046,KEY_1,1020009706,청파로,1020021601,한강로3가 1-5,126.9616473260760756_37.5332073613940054,1020022104,용산전자상가앞교차로,126.9628484822402044_37.5333341021974505,107.0,26.0,원활,126.9628484822402044_37.5333341021974505|126.9618939521689356_37.5332053139414228|126.9617370896390582_37.5332029917991576|126.9616473260760756_37.5332073613940054
2026-09-04T09:00:31.559343+09:00,용산역,용산역,POI046,KEY_1,1020009708,청파로,1020037500,원효대교(북측),126.9542693846201331_37.5315793811471394,1020020404,원효대교북단,126.9556375536380557_37.5319857483433736,129.0,37.0,원활,126.9556375536380557_37.5319857483433736|126.9551388991962710_37.5318433205660398|126.9547492867794602_37.5317238126920998|126.9542693846201331_37.5315793811471394
2026-09-04T09:00:31.559343+09:00,용산역,용산역,POI046,KEY_1,1020009802,청파로,1020020403,원효대교북단,126.9553082852605002_37.5317879306578988,1020020200,원효대교(북측),126.9548392490623030_37.5316133150025451,46.0,23.0,서행,126.9548392490623030_37.5316133150025451|126.9550620163499985_37.5317058967629364|126.9552021760954830_37.5317598740333125|126.9553082852605002_37.5317879306578988
2026-09-04T09:00:31.559343+09:00,용산역,용산역,POI046,KEY_1,1020009803,청파로,1020020901,용산전자단지우체국,126.9569675898006125_37.5324375365610621,1020020401,원효대교북단,126.9557064644342717_37.5318932133014656,127.0,21.0,서행,126.9557064644342717_37.5318932133014656|126.9565965093453883_37.5322790695441242|126.9569675898006125_37.5324375365610621
2026-09-04T09:00:31.559343+09:00,용산역,용산역,POI046,KEY_1,1020009804,청파로,1020021303,한강로3가 16-7,126.9575072985046518_37.5326309196351815,1020020901,용산전자단지우체국,126.9569675898006125_37.5324375365610621,52.0,8.0,정체,126.9569675898006125_37.5324375365610621|126.9573122042361888_37.5325710592489799|126.9575072985046518_37.5326309196351815
2026-09-04T09:00:31.559343+09:00,용산역,용산역,POI046,KEY_1,1020009805,청파로,1020021603,한강로3가 16-7,126.9614677039148063_37.5331106071503697,1020021302,한강로3가 16-7,126.9576337477824950_37.5326706470732603,349.0,24.0,서행,126.9576337477824950_37.5326706470732603|126.9580664129919683_37.5328101154640095|126.9585225787335219_37.5329162450912719|126.9596064120293448_37.5331597618635868|126.9597848075777904_37.5331998428518006|126.9600170076349457_37.5332273860062742|126.9601973228100036_37.5332256286964352|126.9614677039148063_37.5331106071503697
2026-09-04T09:00:31.559343+09:00,용산역,용산역,POI046,KEY_1,1020009806,청파로,1020022103,용산전자상가앞교차로,126.9629279568080591_37.5332351639350534,1020021602,한강로3가 16-39,126.9616029567967104_37.5331011995652588,118.0,15.0,서행,126.9616029567967104_37.5331011995652588|126.9617342044094386_37.5330948103767668|126.9619066244179351_37.5330973627923612|126.9629279568080591_37.5332351639350534
2026-09-04T09:00:31.559343+09:00,용산역,용산역,POI046,KEY_1,1020010101,원효로,1020020501,현대원효로센터앞교차로,126.9539405868904964_37.5322577712034473,1020021802,성불사,126.9566111307023277_37.5331000118838318,264.0,20.0,서행,126.9566111307023277_37.5331000118838318|126.9561594810851517_37.5328179473307841|126.9556942083330568_37.5325566942213769|126.9553618008372524_37.5323823568818753|126.9550080897569586_37.5322928947044829|126.9546935805942809_37.5322579850113343|126.9545090936698841_37.5322510272462040|126.9544108963312965_37.5322473237002754|126.9541630715034586_37.5322472277727215|126.9539405868904964_37.5322577712034473
2026-09-04T09:00:31.559343+09:00,용산역,용산역,POI046,KEY_1,1020010103,원효로,1020056200,원효로3가 47-12,126.9584348464885011_37.5341146938112047,1020024504,원효전화국,126.9602035658032548_37.5348449023069861,176.0,45.3,원활,126.9602035658032548_37.5348449023069861|126.9585590008392302_37.5341732154492931|126.9584348464885011_37.5341146938112047
2026-09-04T09:00:31.559343+09:00,용산역,용산역,POI046,KEY_1,1020010104,원효로,1020024501,원효전화국,126.9603308476740580_37.5348967079158768,1020025504,원효로2가사거리,126.9615466458641890_37.5353906443280891,121.0,45.0,원활,126.9615466458641890_37.5353906443280891|126.9603308476740580_37.5348967079158768
2026-09-04T09:00:31.559343+09:00,용산역,용산역,POI046,KEY_1,1020010105,원효로,1020021801,성불사,126.9567219150006707_37.5331696767850218,1020037602,원효대교,126.9568345198735386_37.5332410447366627,13.0,16.0,서행,126.9568345198735386_37.5332410447366627|126.9567219150006707_37.5331696767850218
2026-09-04T09:00:31.559343+09:00,용산역,용산역,POI046,KEY_1,1020010106,원효로,1020037602,원효대교,126.9568345198735386_37.5332410447366627,1020022803,원효대교북단,126.9572909752407952_37.5335219124607775,51.0,47.0,원활,126.9572909752407952_37.5335219124607775|126.9569699494762745_37.5333268803031075|126.9568345198735386_37.5332410447366627
2026-09-04T09:00:31.559343+09:00,용산역,용산역,POI046,KEY_1,1020010202,원효로,1020021500,스페이스빌딩,126.9567356509816420_37.5330397231732746,1020021100,원효대교(북측),126.9561715111079963_37.5326923837849762,63.0,46.0,원활,126.9561715111079963_37.5326923837849762|126.9567356509816420_37.5330397231732746
2026-09-04T09:00:31.559343+09:00,용산역,용산역,POI046,KEY_1,1020031300,한강대로29길,1020015801,용산역광장앞삼거리,126.9656695215508364_37.5286630905805509,1020015204,용산역,126.9667170087153636_37.5280456524693449,115.0,21.0,서행,126.9667170087153636_37.5280456524693449|126.9656695215508364_37.5286630905805509
2026-09-04T09:00:31.559343+09:00,용산역,용산역,POI046,KEY_1,1020010204,원효로,1020056300,원효로3가 57-2,126.9585040021752462_37.5340216509975093,1020022801,속성변화점,126.9575143077252903_37.5335198035977271,104.0,14.0,정체,126.9575143077252903_37.5335198035977271|126.9577629164446648_37.5336490491793953|126.9578768727078284_37.5337082919235598|126.9583520494125537_37.5339500260028203|126.9585040021752462_37.5340216509975093
2026-09-04T09:00:31.559343+09:00,용산역,용산역,POI046,KEY_1,1020010205,원효로,1020025503,원효로2가사거리,126.9616066918026007_37.5352936610886161,1020024502,원효전화국,126.9603925485917841_37.5348003971819892,120.0,8.0,정체,126.9603925485917841_37.5348003971819892|126.9616066918026007_37.5352936610886161
2026-09-04T09:00:31.559343+09:00,용산역,용산역,POI046,KEY_1,1020010206,원효로,1020037601,원효대교,126.9569192541430027_37.5331563648474642,1020021500,스페이스빌딩,126.9567356509816420_37.5330397231732746,21.0,53.0,원활,126.9567356509816420_37.5330397231732746|126.9569192541430027_37.5331563648474642
2026-09-04T09:00:31.559343+09:00,용산역,용산역,POI046,KEY_1,1020010207,원효로,1020022801,속성변화점,126.9575143077252903_37.5335198035977271,1020037601,원효대교,126.9569192541430027_37.5331563648474642,66.0,11.0,정체,126.9569192541430027_37.5331563648474642|126.9570534673341626_37.5332416291606350|126.9573733231160020_37.5334359509358393|126.9575143077252903_37.5335198035977271
2026-09-04T09:00:31.559343+09:00,용산역,용산역,POI046,KEY_1,1020010302,청파로,1020022101,용산전자상가앞교차로,126.9629950467819413_37.5333538457541422,1020023304,욱천고가차도,126.9667423822990884_37.5338566798318425,336.0,22.0,서행,126.9667423822990884_37.5338566798318425|126.9640513889183637_37.5334956050625834|126.9639175077057160_37.5334776391437899|126.9629950467819413_37.5333538457541422
2026-09-04T09:00:31.559343+09:00,용산역,용산역,POI046,KEY_1,1020010401,청파로,1020023303,욱천고가차도,126.9666991397419622_37.5337412337859959,1020022402,과학동아천문대,126.9640739486854528_37.5333889875427644,235.0,37.0,원활,126.9640739486854528_37.5333889875427644|126.9666991397419622_37.5337412337859959
2026-09-04T09:00:31.559343+09:00,용산역,용산역,POI046,KEY_1,1020010500,새창로,1020162500,신계동 33-1,126.9620261863349242_37.5346299016487635,1020025503,원효로2가사거리,126.9616066918026007_37.5352936610886161,82.0,11.0,정체,126.9616066918026007_37.5352936610886161|126.9620261863349242_37.5346299016487635
2026-09-04T09:00:31.559343+09:00,용산역,용산역,POI046,KEY_1,1020010600,새창로,1020071900,신계동 33-1,126.9622256102794040_37.5345548543234315,1020022101,용산전자상가앞교차로,126.9629950467819413_37.5333538457541422,150.0,18.0,서행,126.9629950467819413_37.5333538457541422|126.9628865667205702_37.5334837393238701|126.9623753062408724_37.5343179881643252|126.9622256102794040_37.5345548543234315
2026-09-04T09:00:31.559343+09:00,용산역,용산역,POI046,KEY_1,1020012200,새창로,1020053600,원효로2가 69-8,126.9614104165255384_37.5358642039830173,1020025501,원효로2가사거리,126.9616681414131563_37.5354389270863322,52.0,20.0,서행,126.9616681414131563_37.5354389270863322|126.9614104165255384_37.5358642039830173
2026-09-04T09:00:31.559343+09:00,용산역,용산역,POI046,KEY_1,1020013001,원효로,1020156300,원효로2가 85-18,126.9621265329987807_37.5355061956467253,1020025502,원효로2가사거리,126.9617281707655394_37.5353419481051134,40.0,10.0,정체,126.9617281707655394_37.5353419481051134|126.9619750621552043_37.5354379534562739|126.9621265329987807_37.5355061956467253
2026-09-04T09:00:31.559343+09:00,용산역,용산역,POI046,KEY_1,1020031003,한강대로23길,1020014811,한강로3가40-999,126.9650319571767909_37.5280002038717555,1020014808,나인트리프리미어로카우스호텔서울용산,126.9650066545708853_37.5276421187492488,41.0,32.0,원활,126.9650066545708853_37.5276421187492488|126.9649914191819278_37.5277013522904355|126.9649619436993220_37.5278251817468700|126.9649731538123945_37.5279028153889769|126.9650111793189211_37.5279786063186336|126.9650319571767909_37.5280002038717555
2026-09-04T09:00:31.559343+09:00,용산역,용산역,POI046,KEY_1,1020031004,한강대로23길,1020015802,용산역광장앞삼거리,126.9655870495660963_37.5285771917394086,1020014810,한강로3가40-999,126.9651145625119995_37.5280860680841215,69.0,31.5,원활,126.9651145625119995_37.5280860680841215|126.9655870495660963_37.5285771917394086
2026-09-04T09:00:31.559343+09:00,용산역,용산역,POI046,KEY_1,1020031103,한강대로23길,1020014813,한강로3가40-999,126.9649986264322621_37.5281433310974464,1020015803,용산역광장앞삼거리,126.9654792857407983_37.5286429499279635,70.0,5.5,정체,126.9654792857407983_37.5286429499279635|126.9649986264322621_37.5281433310974464
2026-09-04T09:00:31.559343+09:00,용산역,용산역,POI046,KEY_1,1020031104,한강대로23길,1020014809,나인트리프리미어로카우스호텔서울용산,126.9648618974692766_37.5276661459034742,1020014812,한강로3가40-999,126.9649132840756920_37.5280546215653175,45.0,32.0,원활,126.9649132840756920_37.5280546215653175|126.9648920477050780_37.5280325472795724|126.9648403574404796_37.5279295185643349|126.9648247157962260_37.5278211990720649|126.9648582224020572_37.5276804338166627|126.9648618974692766_37.5276661459034742
2026-09-04T09:00:31.559343+09:00,용산역,용산역,POI046,KEY_1,1020031200,한강대로29길,1020015203,용산역,126.9666353702945258_37.5279592626933010,1020015802,용산역광장앞삼거리,126.9655870495660963_37.5285771917394086,115.0,13.0,정체,126.9655870495660963_37.5285771917394086|126.9666353702945258_37.5279592626933010
2026-09-04T09:00:31.559343+09:00,용산역,용산역,POI046,KEY_1,1020031800,한강대로23길,1020016503,래미안용산더센트럴아파트,126.9665866344622600_37.5293810609541154,1020015801,용산역광장앞삼거리,126.9656695215508364_37.5286630905805509,117.0,20.0,서행,126.9656695215508364_37.5286630905805509|126.9662201108448301_37.5292376820034406|126.9663585298970645_37.5293159554833409|126.9664976804328944_37.5293681540214692|126.9665866344622600_37.5293810609541154
2026-09-04T09:00:31.559343+09:00,용산역,용산역,POI046,KEY_1,1020031900,한강대로23길,1020015804,용산역광장앞삼거리,126.9655615980971248_37.5287286830372580,1020016504,래미안용산더센트럴아파트,126.9665623007562090_37.5294874303158039,126.0,10.0,정체,126.9665623007562090_37.5294874303158039|126.9664558863780712_37.5294719906999603|126.9662897668189885_37.5294096751808439|126.9661246990065138_37.5293163310360498|126.9655615980971248_37.5287286830372580
2026-09-04T09:00:31.559343+09:00,용산역,용산역,POI046,KEY_1,1020033800,한강대로23길,1020017802,신용산지하차도(동측),126.9673959720882692_37.5300726947153009,1020016502,래미안용산더센트럴아파트,126.9668186628177295_37.5294998350448381,82.0,6.0,정체,126.9668186628177295_37.5294998350448381|126.9668353525807589_37.5295109193249630|126.9673959720882692_37.5300726947153009
2026-09-04T09:00:31.559343+09:00,용산역,용산역,POI046,KEY_1,1020033900,한강대로23길,1020016501,래미안용산더센트럴아파트,126.9667317143194367_37.5295828712989419,1020017803,신용산지하차도(동측),126.9672920986842541_37.5301423807374377,79.0,8.0,정체,126.9672920986842541_37.5301423807374377|126.9667377225475065_37.5295868616176236|126.9667317143194367_37.5295828712989419
2026-09-04T09:00:31.559343+09:00,용산역,용산역,POI046,KEY_1,1020034800,이촌로2길,1020017500,이촌119안전센터,126.9523654405978732_37.5299851049663928,1020019104,원효대교(북측),126.9547296547672914_37.5310849407541980,251.0,24.0,서행,126.9547296547672914_37.5310849407541980|126.9545655803105433_37.5310328345768127|126.9543726239541144_37.5309286287612096|126.9540821407545081_37.5307553338088766|126.9530819266436481_37.5301623577747137|126.9528911683399315_37.5300492648525363|126.9527252955329146_37.5299509250104393|126.9526356021338103_37.5299314301440461|126.9525667304034755_37.5299311114793284|126.9525008186408570_37.5299355755796711|126.9523654405978732_37.5299851049663928
2026-09-04T09:00:31.559343+09:00,용산역,용산역,POI046,KEY_1,1020034900,이촌로,1020018400,원효대교(북측),126.9545711623072890_37.5306544215694089,1020018700,원효대교(북측),126.9543146494929005_37.5307598839378187,27.0,14.0,정체,126.9543146494929005_37.5307598839378187|126.9544437703061419_37.5307416362807444|126.9545056917429804_37.5307121037020153|126.9545534666634836_37.5306713040317206|126.9545711623072890_37.5306544215694089
2026-09-04T09:00:31.559343+09:00,용산역,용산역,POI046,KEY_1,1020035200,이촌로2길,1020019103,원효대교(북측),126.9546751732118395_37.5309512393787443,1020018700,원효대교(북측),126.9543146494929005_37.5307598839378187,38.0,15.7,서행,126.9543146494929005_37.5307598839378187|126.9544514644855440_37.5308405709979240|126.9546295685219661_37.5309367565745760|126.9546751732118395_37.5309512393787443
2026-09-04T09:00:31.559343+09:00,용산역,용산역,POI046,KEY_1,1020036100,이촌로,1020019104,원효대교(북측),126.9547296547672914_37.5310849407541980,1020019300,원효대교(북측),126.9543441870368383_37.5313612767879334,53.0,24.0,서행,126.9543441870368383_37.5313612767879334|126.9544303469565278_37.5313660691537123|126.9545129769833665_37.5313541456228563|126.9546005674117595_37.5313227226698274|126.9546616289976413_37.5312789475547532|126.9546937077607396_37.5311873829968690|126.9547296547672914_37.5310849407541980
2026-09-04T09:00:31.559343+09:00,용산역,용산역,POI046,KEY_1,1020036300,청파로,1020173900,최소노드배치점,126.9610232494990356_37.5318170658722465,1020021303,한강로3가 16-7,126.9575072985046518_37.5326309196351815,380.0,28.0,원활,126.9575072985046518_37.5326309196351815|126.9578275642214180_37.5318770888071569|126.9579050787331767_37.5318219157228796|126.9580441527752441_37.5317903247534730|126.9581599223025989_37.5317836200292945|126.9582503389003136_37.5318011098269508|126.9587847846923694_37.5319191178751055|126.9592422416729391_37.5319853479552847|126.9598040293009262_37.5320438172580566|126.9599868096045014_37.5320348945443172|126.9602979712750823_37.5319846984666938|126.9610232494990356_37.5318170658722465
2026-09-04T09:00:31.559343+09:00,용산역,용산역,POI046,KEY_1,1020036400,청파로,1020051600,한강로3가 40-999,126.9651342782798906_37.5308520902996037,1020016501,래미안용산더센트럴아파트,126.9667317143194367_37.5295828712989419,286.0,14.0,정체,126.9667317143194367_37.5295828712989419|126.9667342797360448_37.5295871669884633|126.9670026551513899_37.5298632595946771|126.9670198541459598_37.5299346174117971|126.9670018542596779_37.5300299563627817|126.9669516738453154_37.5301004213707472|126.9665305642197239_37.5304917275435486|126.9663500374824423_37.5306268174460413|126.9662430780638118_37.5306336011953618|126.9657310266158277_37.5303634416177161|126.9655336880002920_37.5305204864041144|126.9651342782798906_37.5308520902996037
2026-09-04T09:00:31.559343+09:00,용산역,용산역,POI046,KEY_1,1020036500,이촌로,1020019800,원효대교북단교차로,126.9549713924562013_37.5315077158583179,1020020200,원효대교(북측),126.9548392490623030_37.5316133150025451,20.0,17.0,서행,126.9548392490623030_37.5316133150025451|126.9549083150940731_37.5316110717711027|126.9549509103713802_37.5315900370343911|126.9549709351302482_37.5315664735781809|126.9549752021724913_37.5315409480382698|126.9549713924562013_37.5315077158583179
2026-09-04T09:00:31.559343+09:00,용산역,용산역,POI046,KEY_1,1020037000,청파로20길,1020079500,한강로3가 40-969,126.9629597330628741_37.5320408152329819,1020021603,한강로3가 16-7,126.9614677039148063_37.5331106071503697,225.0,15.5,서행,126.9614677039148063_37.5331106071503697|126.9614047219316859_37.5325343489783307|126.9614013743318850_37.5324176547259896|126.9614508283752343_37.5323318198881850|126.9615635429022689_37.5322869840670563|126.9619319510057380_37.5322220300683327|126.9629597330628741_37.5320408152329819
2026-09-04T09:00:31.559343+09:00,용산역,용산역,POI046,KEY_1,1020037100,청파로20길,1020099000,한강로3가 23-1,126.9637035399275788_37.5320204024149149,1020020304,한강로3가 23-4,126.9652119205696295_37.5317965792214139,140.0,17.5,서행,126.9652119205696295_37.5317965792214139|126.9651393019003365_37.5317424383839153|126.9650994879791170_37.5317344987149681|126.9649852047470375_37.5317530795719136|126.9640726512030824_37.5319553172189231|126.9637035399275788_37.5320204024149149
2026-09-04T09:00:31.559343+09:00,용산역,용산역,POI046,KEY_1,1020037400,청파로,1020020600,한강로3가16-65,126.9565323634393508_37.5323743610575846,1020021100,원효대교(북측),126.9561715111079963_37.5326923837849762,57.0,18.0,서행,126.9561715111079963_37.5326923837849762|126.9563725209901719_37.5326683519297930|126.9564513229297091_37.5326418852762274|126.9565040511106275_37.5325974123742796|126.9565345586347433_37.5325200456337811|126.9565323634393508_37.5323743610575846
2026-09-04T09:00:31.559343+09:00,용산역,용산역,POI046,KEY_1,1020037500,청파로20길,1020023302,욱천고가차도,126.9668127759471901_37.5337599745325932,1020020302,한강로2가 2-367,126.9655029202062337_37.5318643256554978,269.0,14.0,정체,126.9655029202062337_37.5318643256554978|126.9658228653465244_37.5320992742805473|126.9669454772575961_37.5328926487014982|126.9669788188484318_37.5329657490361228|126.9669825954666464_37.5330324178620387|126.9669547514942423_37.5331578118494633|126.9669364015558273_37.5332404496774856|126.9668127759471901_37.5337599745325932
2026-09-04T09:00:31.559343+09:00,용산역,용산역,POI046,KEY_1,1020037600,청파로20길,1020121400,한강로2가 16-8,126.9668210577428340_37.5331389847105044,1020023303,욱천고가차도,126.9666991397419622_37.5337412337859959,68.0,18.5,서행,126.9666991397419622_37.5337412337859959|126.9668024994931272_37.5332225614810042|126.9668210577428340_37.5331389847105044
2026-09-04T09:00:31.559343+09:00,용산역,용산역,POI046,KEY_1,1020037700,원효로,1020021500,스페이스빌딩,126.9567356509816420_37.5330397231732746,1020020902,용산전자단지우체국,126.9569058189334640_37.5325337481242514,60.0,21.5,서행,126.9569058189334640_37.5325337481242514|126.9568100044306647_37.5326661782408806|126.9567290707744291_37.5328556687790567|126.9567356509816420_37.5330397231732746
2026-09-04T09:00:31.559343+09:00,용산역,용산역,POI046,KEY_1,1020038000,청파로,1020022402,과학동아천문대,126.9640739486854528_37.5333889875427644,1020021001,신용산지하차도(서측),126.9642019833896285_37.5326520130916776,83.0,16.0,서행,126.9642019833896285_37.5326520130916776|126.9641861505747897_37.5328649726940426|126.9640739486854528_37.5333889875427644
2026-09-04T09:00:31.559343+09:00,용산역,용산역,POI046,KEY_1,1020038100,청파로,1020021004,신용산지하차도(서측),126.9640622935567649_37.5327015803896558,1020022403,과학동아천문대,126.9639400680898262_37.5333710217557694,75.0,13.0,정체,126.9639400680898262_37.5333710217557694|126.9640510614697462_37.5328526528075628|126.9640622935567649_37.5327015803896558
2026-09-04T09:00:31.559343+09:00,용산역,용산역,POI046,KEY_1,1020038800,청파로,1020022403,과학동아천문대,126.9639400680898262_37.5333710217557694,1020022102,용산전자상가앞교차로,126.9630710658397987_37.5332544033118722,78.0,14.0,정체,126.9630710658397987_37.5332544033118722|126.9639400680898262_37.5333710217557694
2026-09-04T09:00:31.559343+09:00,용산역,용산역,POI046,KEY_1,1020039000,원효로35길,1020021802,성불사,126.9566111307023277_37.5331000118838318,1020023003,원효로3가 262-8,126.9563711597537008_37.5335700537209007,56.0,19.0,서행,126.9563711597537008_37.5335700537209007|126.9566111307023277_37.5331000118838318
2026-09-04T09:00:31.559343+09:00,용산역,용산역,POI046,KEY_1,1020039100,원효로35길,1020023002,원효로3가 257-1,126.9565130570848197_37.5335791274521071,1020021801,성불사,126.9567219150006707_37.5331696767850218,49.0,17.0,서행,126.9567219150006707_37.5331696767850218|126.9565130570848197_37.5335791274521071
2026-09-04T09:00:31.559343+09:00,용산역,용산역,POI046,KEY_1,1020039400,원효로,1020022803,원효대교북단,126.9572909752407952_37.5335219124607775,1020023002,원효로3가 257-1,126.9565130570848197_37.5335791274521071,69.0,8.0,정체,126.9565130570848197_37.5335791274521071|126.9565400311155940_37.5335807898227074|126.9567851336461501_37.5335674182814358|126.9568120776048801_37.5335659483254318|126.9571675861822229_37.5335396550469582|126.9572909752407952_37.5335219124607775
2026-09-04T09:00:31.559343+09:00,용산역,용산역,POI046,KEY_1,1020039500,원효로,1020079800,원효로3가 133-1,126.9567944129417612_37.5336752857926328,1020022804,원효대교북단,126.9574400905556786_37.5336103391808891,58.0,17.0,서행,126.9574400905556786_37.5336103391808891|126.9571859599558792_37.5336468817203510|126.9568229957344698_37.5336737264434745|126.9567944129417612_37.5336752857926328
2026-09-04T09:00:31.559343+09:00,용산역,용산역,POI046,KEY_1,1020039900,원효로48길,1020168400,신계동 42-4,126.9614756097737569_37.5337831190555633,1020024503,원효전화국,126.9602655248851022_37.5347486963228505,151.0,8.0,정체,126.9602655248851022_37.5347486963228505|126.9610542717761490_37.5341193264917905|126.9614756097737569_37.5337831190555633
2026-09-04T09:00:31.559343+09:00,용산역,용산역,POI046,KEY_1,1020040000,원효로48길,1020096400,신계동 43-24,126.9616992885874680_37.5337337588043596,1020021601,한강로3가 1-5,126.9616473260760756_37.5332073613940054,60.0,14.0,정체,126.9616473260760756_37.5332073613940054|126.9616850607653760_37.5332679821519903|126.9617061301868972_37.5334117541946028|126.9617361756409224_37.5336167752948100|126.9617091124944182_37.5337207321187591|126.9616992885874680_37.5337337588043596
2026-09-04T09:00:31.559343+09:00,용산역,용산역,POI046,KEY_1,1020040900,청파로,1020023304,욱천고가차도,126.9667423822990884_37.5338566798318425,1020026402,용산고가차도(북측),126.9704843093111037_37.5363492385874977,467.0,48.7,원활,126.9704843093111037_37.5363492385874977|126.9704227801793621_37.5361717784474251|126.9701495821165622_37.5355871197905202|126.9699845691585267_37.5353053026188022|126.9698975191507628_37.5351873692026388|126.9697449137036358_37.5350072940416624|126.9695389623419288_37.5348080100099253|126.9693899613785675_37.5346822917854368|126.9691796804427781_37.5345333431076682|126.9688675278101329_37.5343596834213500|126.9687428200648611_37.5342995915658406|126.9686065249130706_37.5342441222367000|126.9683645420976745_37.5341627846816905|126.9679751237316907_37.5340780955624211|126.9676503836511898_37.5340186887597653|126.9667423822990884_37.5338566798318425
2026-09-04T09:00:31.559343+09:00,용산역,용산역,POI046,KEY_1,1020055800,한강대로21나길,1020039901,용산역(경춘선),126.9641176719463544_37.5286186792737837,1020014813,한강로3가40-999,126.9649986264322621_37.5281433310974464,95.0,16.0,서행,126.9649986264322621_37.5281433310974464|126.9647835836461098_37.5282153525752520|126.9647283623979348_37.5282448024578343|126.9641176719463544_37.5286186792737837
2026-09-04T09:00:31.559343+09:00,용산역,용산역,POI046,KEY_1,1020056100,한강대로23길,1020014816,용산역사거리,126.9660504142522797_37.5273387770719893,1020014811,한강로3가40-999,126.9650319571767909_37.5280002038717555,116.0,10.0,정체,126.9650319571767909_37.5280002038717555|126.9660504142522797_37.5273387770719893
2026-09-04T09:00:31.559343+09:00,용산역,용산역,POI046,KEY_1,1020056200,한강대로23길,1020014810,한강로3가40-999,126.9651145625119995_37.5280860680841215,1020014817,용산역사거리,126.9661319906761747_37.5274253090940633,116.0,3.0,정체,126.9661319906761747_37.5274253090940633|126.9651145625119995_37.5280860680841215
2026-09-04T09:00:31.559343+09:00,용산역,용산역,POI046,KEY_1,1020057001,한강대로,1020041503,용산우체국,126.9688709856765172_37.5301100058853052,1020016801,전자상가입구교차로,126.9683459865975124_37.5295827397858162,75.0,25.5,원활,126.9683459865975124_37.5295827397858162|126.9688709856765172_37.5301100058853052
2026-09-04T09:00:31.559343+09:00,이태원역,이태원역,POI047,KEY_2,1020009500,보광로,1020157400,이태원동 131-33,126.9940373387562431_37.5339474192291860,1020003103,이태원역앞교차로,126.9938722101036319_37.5344410134072106,57.0,13.0,정체,126.9938722101036319_37.5344410134072106|126.9939255349719502_37.5342547060894063|126.9940373387562431_37.5339474192291860
2026-09-04T09:00:31.559343+09:00,이태원역,이태원역,POI047,KEY_2,1020010701,이태원로,1020109600,이태원동 119-23,126.9934065376017003_37.5345186269656637,1020003104,이태원역앞교차로,126.9938609433052790_37.5345487608536530,40.0,25.0,원활,126.9938609433052790_37.5345487608536530|126.9934065376017003_37.5345186269656637
2026-09-04T09:00:31.559343+09:00,이태원역,이태원역,POI047,KEY_2,1020010800,이태원로,1020093600,이태원동 57-6,126.9901670978671575_37.5341952578389240,1020003002,녹사평역,126.9881954058624700_37.5340760770369641,175.0,17.0,서행,126.9881954058624700_37.5340760770369641|126.9888746584762771_37.5341095041848334|126.9895083789417214_37.5341515534771304|126.9899064253265237_37.5341779633098369|126.9901670978671575_37.5341952578389240
2026-09-04T09:00:31.559343+09:00,이태원역,이태원역,POI047,KEY_2,1020011101,이태원로,1020167100,이태원동 119-23,126.9944655556111286_37.5345901775849882,1020024204,이태원소방파출소,126.9954968238074144_37.5346610574196760,91.0,14.0,정체,126.9954968238074144_37.5346610574196760|126.9944655556111286_37.5345901775849882
2026-09-04T09:00:31.559343+09:00,이태원역,이태원역,POI047,KEY_2,1020011102,이태원로,1020024201,이태원소방파출소,126.9956371857134911_37.5346703540578233,1020025304,이태원호텔앞교차로,126.9986418686788028_37.5352583937875650,280.0,16.0,서행,126.9986418686788028_37.5352583937875650|126.9984212314769110_37.5351188313605419|126.9982335515615830_37.5350249822649857|126.9980583342124731_37.5349517245471205|126.9978393040948390_37.5348749734958176|126.9976622321914590_37.5348302588598415|126.9974202076542866_37.5347917072044979|126.9972001370625776_37.5347636612448596|126.9968571305746536_37.5347459155125946|126.9956371857134911_37.5346703540578233
2026-09-04T09:00:31.559343+09:00,이태원역,이태원역,POI047,KEY_2,1020011201,이태원로,1020024203,이태원소방파출소,126.9955363307621354_37.5345552498172168,1020003102,이태원역앞교차로,126.9940088155564695_37.5344502604877519,136.0,17.0,서행,126.9940088155564695_37.5344502604877519|126.9944772309336969_37.5344824577926843|126.9955363307621354_37.5345552498172168
2026-09-04T09:00:31.559343+09:00,이태원역,이태원역,POI047,KEY_2,1020011202,이태원로,1020025303,이태원호텔앞교차로,126.9987263153591641_37.5351737312984781,1020024202,이태원소방파출소,126.9956725121214589_37.5345640956228834,285.0,26.0,원활,126.9956725121214589_37.5345640956228834|126.9968667962878328_37.5346380677732867|126.9972152987085821_37.5346560983237794|126.9974442596476365_37.5346852761054279|126.9976961690244082_37.5347254028548534|126.9978873030321580_37.5347736685373405|126.9981173019449585_37.5348542624446893|126.9983013090689639_37.5349311962862444|126.9984997949651415_37.5350304478139734|126.9987263153591641_37.5351737312984781
2026-09-04T09:00:31.559343+09:00,이태원역,이태원역,POI047,KEY_2,1020035800,우사단로10길,1020063700,이태원동 137-71,126.9973461434624795_37.5330913789416840,1020021402,보광초등학교,126.9956899673288291_37.5330078219414247,149.0,14.5,정체,126.9956899673288291_37.5330078219414247|126.9957471709841883_37.5330071120154045|126.9959092532463245_37.5329895166849070|126.9959908705287717_37.5329962436548925|126.9967100332990952_37.5331265163957823|126.9968007706584103_37.5331409709456594|126.9970508064429566_37.5331553276982532|126.9970573683931434_37.5331539068610311|126.9973461434624795_37.5330913789416840
2026-09-04T09:00:31.559343+09:00,이태원역,이태원역,POI047,KEY_2,1020037200,우사단로,1020019604,보광초교,126.9965895979005239_37.5314169517780911,1020021403,보광초등학교,126.9955478948623835_37.5330095850120031,200.0,19.0,서행,126.9955478948623835_37.5330095850120031|126.9955854463118499_37.5329070733362755|126.9956459380082094_37.5327986977635888|126.9960112393039111_37.5322685994321645|126.9965895979005239_37.5314169517780911
2026-09-04T09:00:31.559343+09:00,이태원역,이태원역,POI047,KEY_2,1020037300,우사단로,1020021402,보광초등학교,126.9956899673288291_37.5330078219414247,1020019601,보광초교,126.9967090173040560_37.5314683853719586,193.0,17.0,서행,126.9967090173040560_37.5314683853719586|126.9961304606680130_37.5323203253718063|126.9957676933582462_37.5328467489747055|126.9957132225621166_37.5329443380426113|126.9956899673288291_37.5330078219414247
2026-09-04T09:00:31.559343+09:00,이태원역,이태원역,POI047,KEY_2,1020039700,우사단로,1020063400,이태원동 137-23,126.9955993093615803_37.5340288073665604,1020024203,이태원소방파출소,126.9955363307621354_37.5345552498172168,59.0,9.0,정체,126.9955363307621354_37.5345552498172168|126.9955674338379481_37.5344291020757268|126.9956003436716969_37.5340381328912898|126.9955993093615803_37.5340288073665604
2026-09-04T09:00:31.559343+09:00,이태원역,이태원역,POI047,KEY_2,1020039800,우사단로,1020127900,이태원동 137-23,126.9956810738919017_37.5335371339901727,1020021401,보광초등학교,126.9956544097363604_37.5331163963296177,47.0,16.0,서행,126.9956544097363604_37.5331163963296177|126.9956431779321804_37.5331593197407258|126.9956452666882569_37.5332142943968208|126.9956810738919017_37.5335371339901727
2026-09-04T09:00:31.559343+09:00,이태원역,이태원역,POI047,KEY_2,1020041800,이태원로27길,1020091200,이태원동 112-33,126.9941872579211832_37.5354242896055013,1020026204,태국대사관,126.9952756990904561_37.5363269214383237,190.0,17.5,서행,126.9952756990904561_37.5363269214383237|126.9950024930177079_37.5361660973740001|126.9945858125235389_37.5359208138482217|126.9944631524413410_37.5359015925205028|126.9942169223346156_37.5359130027042980|126.9940461223898893_37.5358880581230920|126.9939407102296656_37.5358117362051757|126.9939029380128943_37.5357324209755134|126.9939132882914947_37.5356500538305298|126.9939823977568238_37.5355615331545565|126.9940376114138303_37.5355245435285383|126.9941872579211832_37.5354242896055013
2026-09-04T09:00:31.559343+09:00,이태원역,이태원역,POI047,KEY_2,1020041900,이태원로27길,1020091300,이태원동 111-5,126.9942746628349681_37.5355070255918761,1020024201,이태원소방파출소,126.9956371857134911_37.5346703540578233,170.0,21.0,서행,126.9956371857134911_37.5346703540578233|126.9955842562411448_37.5347850178568478|126.9954134054469819_37.5350706997723336|126.9953750142490776_37.5351183002557249|126.9952378837399039_37.5352883250498763|126.9951738511499997_37.5353312605409712|126.9950719982470559_37.5353558347332807|126.9945933761089663_37.5353577392293118|126.9945100556674760_37.5353687933671125|126.9944205701082751_37.5354092765412304|126.9942746628349681_37.5355070255918761
2026-09-04T09:00:31.559343+09:00,잠실새내역,잠실새내역,POI118,KEY_3,1230022604,백제고분로,1230038502,올림피아빌딩,127.0787875343454232_37.5102297243505305,1230037800,아시아선수촌정문,127.0789738144993350_37.5094612320512866,87.0,17.0,서행,127.0789738144993350_37.5094612320512866|127.0788885712924667_37.5098129019347439|127.0788404959359497_37.5100112347870578|127.0787875343454232_37.5102297243505305
2026-09-04T09:00:31.559343+09:00,잠실새내역,잠실새내역,POI118,KEY_3,1230022605,백제고분로,1230041202,종합운동장교차로,127.0784113695261652_37.5118202602699213,1230038501,올림피아빌딩,127.0787621084200936_37.5103359393821023,168.0,10.0,정체,127.0787621084200936_37.5103359393821023|127.0784113695261652_37.5118202602699213
2026-09-04T09:00:31.559343+09:00,잠실새내역,잠실새내역,POI118,KEY_3,1230021702,석촌호수로,1230353100,잠실동 279,127.0864689721910281_37.5092608070909250,1230039203,잠실동 277-1,127.0857913006940407_37.5107155088263937,173.0,21.5,서행,127.0857913006940407_37.5107155088263937|127.0859355179749457_37.5102051998990049|127.0860448769971782_37.5099333179183532|127.0862025510453179_37.5096427326652702|127.0864085402465520_37.5093331628304583|127.0864689721910281_37.5092608070909250
2026-09-04T09:00:31.559343+09:00,잠실새내역,잠실새내역,POI118,KEY_3,1230021703,석촌호수로,1230039204,잠실동 277-1,127.0857622779248999_37.5108246687258244,1230040503,잠실새내역교차로,127.0855635572315521_37.5116014858236753,88.0,27.0,원활,127.0855635572315521_37.5116014858236753|127.0857622779248999_37.5108246687258244
2026-09-04T09:00:31.559343+09:00,잠실새내역,잠실새내역,POI118,KEY_3,1230021801,석촌호수로,1230353200,잠실동 34-1,127.0865819707457973_37.5093206987781613,1230035804,잠실학원사거리,127.0907435116093893_37.5076347291248027,428.0,30.0,원활,127.0907435116093893_37.5076347291248027|127.0891988654833682_37.5078903869766904|127.0886967870483488_37.5080084362478132|127.0881708286998588_37.5081877992563406|127.0880012683076359_37.5082606960781177|127.0877888032188707_37.5083520377951984|127.0873293019124333_37.5086200596454873|127.0869893609562524_37.5088726575149423|127.0867610863939206_37.5091062405246163|127.0865819707457973_37.5093206987781613
2026-09-04T09:00:31.559343+09:00,잠실새내역,잠실새내역,POI118,KEY_3,1230022501,백제고분로,1230034504,아시아선수촌아파트앞교차로,127.0794760915656525_37.5067976917142687,1230037302,아시아선수촌정문,127.0789846119519098_37.5088462503289861,232.0,30.0,원활,127.0789846119519098_37.5088462503289861|127.0792348638606626_37.5077439618197062|127.0794043146057106_37.5069975607147299|127.0794760915656525_37.5067976917142687
2026-09-04T09:00:31.559343+09:00,잠실새내역,잠실새내역,POI118,KEY_3,1230022502,백제고분로,1230353500,잠실동 125,127.0787072249255090_37.5099907360209954,1230038503,올림피아빌딩,127.0786542685962957_37.5102092272623651,25.0,47.0,원활,127.0786542685962957_37.5102092272623651|127.0787072249255090_37.5099907360209954
2026-09-04T09:00:31.559343+09:00,잠실새내역,잠실새내역,POI118,KEY_3,1230022503,백제고분로,1230038504,올림피아빌딩,127.0786287250056432_37.5103159388886098,1230041203,종합운동장교차로,127.0782816833858391_37.5117845986573144,166.0,33.5,원활,127.0782816833858391_37.5117845986573144|127.0786287250056432_37.5103159388886098
2026-09-04T09:00:31.559343+09:00,잠실새내역,잠실새내역,POI118,KEY_3,1230022601,백제고분로,1230351300,잠실동 258,127.0793710204524842_37.5077634256097809,1230034501,아시아선수촌아파트앞교차로,127.0795914683025813_37.5068694993964726,101.0,13.0,정체,127.0795914683025813_37.5068694993964726|127.0795366621722025_37.5070221123558625|127.0793710204524842_37.5077634256097809
2026-09-04T09:00:31.559343+09:00,잠실새내역,잠실새내역,POI118,KEY_3,1230022602,백제고분로,1230037800,아시아선수촌정문,127.0789738144993350_37.5094612320512866,1230037301,아시아선수촌정문,127.0791244501709514_37.5088668990510925,67.0,15.0,서행,127.0791244501709514_37.5088668990510925|127.0789738144993350_37.5094612320512866
2026-09-04T09:00:31.559343+09:00,잠실새내역,잠실새내역,POI118,KEY_3,1230024502,올림픽로,1230039501,정신여중고교,127.0736954853006182_37.5111786898829180,1230041205,종합운동장교차로,127.0782510546514033_37.5119142943147708,411.0,20.0,서행,127.0782510546514033_37.5119142943147708|127.0777355344654751_37.5118609241788334|127.0736954853006182_37.5111786898829180
2026-09-04T09:00:31.559343+09:00,잠실새내역,잠실새내역,POI118,KEY_3,1230024900,올림픽로,1230358200,최소노드배치점,127.0890986901108874_37.5116423850120313,1230041304,잠실3사거리,127.0924582513479919_37.5119541794962004,299.0,18.0,서행,127.0924582513479919_37.5119541794962004|127.0894865754439849_37.5116660118753273|127.0890986901108874_37.5116423850120313
2026-09-04T09:00:31.559343+09:00,잠실새내역,잠실새내역,POI118,KEY_3,1230025002,올림픽로,1230358100,최소노드배치점,127.0891090387559217_37.5115345789191323,1230040502,잠실새내역교차로,127.0857035804970963_37.5115956032460929,301.0,23.3,서행,127.0857035804970963_37.5115956032460929|127.0879951156214815_37.5115020522100338|127.0885680436061307_37.5115016240106058|127.0891090387559217_37.5115345789191323
2026-09-04T09:00:31.559343+09:00,잠실새내역,잠실새내역,POI118,KEY_3,1230025101,올림픽로,1230040900,잠실동 255,127.0795451503135922_37.5118493118968601,1230041202,종합운동장교차로,127.0784113695261652_37.5118202602699213,101.0,36.0,원활,127.0784113695261652_37.5118202602699213|127.0789150728828076_37.5118612872023789|127.0792928572771814_37.5118610342029228|127.0795451503135922_37.5118493118968601
2026-09-04T09:00:31.559343+09:00,잠실새내역,잠실새내역,POI118,KEY_3,1230025102,올림픽로,1230040600,한국지능형사물인터넷협회,127.0804332107682484_37.5118129433548333,1230040900,잠실동 255,127.0795451503135922_37.5118493118968601,79.0,48.0,원활,127.0795451503135922_37.5118493118968601|127.0804332107682484_37.5118129433548333
2026-09-04T09:00:31.559343+09:00,잠실새내역,잠실새내역,POI118,KEY_3,1230025103,올림픽로,1230040703,잠실지구대,127.0829054041126511_37.5117180965625749,1230040600,한국지능형사물인터넷협회,127.0804332107682484_37.5118129433548333,219.0,36.0,원활,127.0804332107682484_37.5118129433548333|127.0819528580516362_37.5117546475695249|127.0829054041126511_37.5117180965625749
2026-09-04T09:00:31.559343+09:00,잠실새내역,잠실새내역,POI118,KEY_3,1230025104,올림픽로,1230040503,잠실새내역교차로,127.0855635572315521_37.5116014858236753,1230040702,잠실지구대,127.0830409730676962_37.5117125062694399,223.0,16.0,서행,127.0830409730676962_37.5117125062694399|127.0855635572315521_37.5116014858236753
2026-09-04T09:00:31.559343+09:00,잠실새내역,잠실새내역,POI118,KEY_3,1230025202,올림픽로,1230424500,최소노드배치점,127.0819594247720232_37.5118631388527746,1230040504,잠실새내역교차로,127.0855335976985714_37.5117110899299107,316.0,14.0,정체,127.0855335976985714_37.5117110899299107|127.0830484586408744_37.5118204620005500|127.0829120200997835_37.5118261214596131|127.0819594247720232_37.5118631388527746
2026-09-04T09:00:31.559343+09:00,잠실새내역,잠실새내역,POI118,KEY_3,1230027000,석촌호수로,1230356600,잠실동 18-1,127.0850670165109193_37.5140217413784498,1230040501,잠실새내역교차로,127.0856744573367365_37.5117050538603038,263.0,18.0,서행,127.0856744573367365_37.5117050538603038|127.0854547322949060_37.5124799462171339|127.0850670165109193_37.5140217413784498
2026-09-04T09:00:31.559343+09:00,잠실새내역,잠실새내역,POI118,KEY_3,1230027701,백제고분로,1230041205,종합운동장교차로,127.0782510546514033_37.5119142943147708,1230044203,신천중교앞,127.0774299249238197_37.5153939877462790,393.0,15.0,서행,127.0774299249238197_37.5153939877462790|127.0782510546514033_37.5119142943147708
2026-09-04T09:00:31.559343+09:00,잠실새내역,잠실새내역,POI118,KEY_3,1230027801,백제고분로,1230044202,신천중교앞,127.0775633237073521_37.5154139620390339,1230041201,종합운동장교차로,127.0783861885229413_37.5119268938563764,394.0,11.0,정체,127.0783861885229413_37.5119268938563764|127.0775633237073521_37.5154139620390339
2026-09-04T09:00:31.559343+09:00,잠실새내역,잠실새내역,POI118,KEY_3,1230074100,올림픽로12길,1230343800,잠실동 274,127.0833686401427087_37.5069877890081500,1230039303,피처캠프(신천점),127.0828829403486111_37.5108014836183230,434.0,9.0,정체,127.0828829403486111_37.5108014836183230|127.0836489279273422_37.5076846783056865|127.0836420187927303_37.5076355355415885|127.0836385317299033_37.5076107330029842|127.0836104420223052_37.5075215615306234|127.0835997373339410_37.5074979313306827|127.0833686401427087_37.5069877890081500
2026-09-04T09:00:31.559343+09:00,잠실새내역,잠실새내역,POI118,KEY_3,1230074500,백제고분로9길,1230037500,속성변화점,127.0794813125434359_37.5091538969098863,1230037301,아시아선수촌정문,127.0791244501709514_37.5088668990510925,45.0,18.5,서행,127.0791244501709514_37.5088668990510925|127.0794813125434359_37.5091538969098863
2026-09-04T09:00:31.559343+09:00,잠실새내역,잠실새내역,POI118,KEY_3,1230075100,백제고분로9길,1230037800,아시아선수촌정문,127.0789738144993350_37.5094612320512866,1230037700,속성변화점,127.0794532153200009_37.5092637347447635,48.0,13.0,정체,127.0794532153200009_37.5092637347447635|127.0789738144993350_37.5094612320512866
2026-09-04T09:00:31.559343+09:00,잠실새내역,잠실새내역,POI118,KEY_3,1230075200,올림픽로8길,1230345200,잠실동 263,127.0800495933583960_37.5092445044540952,1230037500,속성변화점,127.0794813125434359_37.5091538969098863,51.0,23.5,서행,127.0794813125434359_37.5091538969098863|127.0800495933583960_37.5092445044540952
2026-09-04T09:00:31.559343+09:00,잠실새내역,잠실새내역,POI118,KEY_3,1230075300,올림픽로8길,1230345100,잠실동 257,127.0800231129676234_37.5093519997702458,1230038903,잠실아이파크,127.0801725507411817_37.5104262642441668,147.0,11.0,정체,127.0801725507411817_37.5104262642441668|127.0804008413532671_37.5094548236844929|127.0803904580349553_37.5094333724295268|127.0803522291554515_37.5094029715202808|127.0800231129676234_37.5093519997702458
2026-09-04T09:00:31.559343+09:00,잠실새내역,잠실새내역,POI118,KEY_3,1230076600,백제고분로7길,1230038903,잠실아이파크,127.0801725507411817_37.5104262642441668,1230038502,올림피아빌딩,127.0787875343454232_37.5102297243505305,124.0,11.0,정체,127.0787875343454232_37.5102297243505305|127.0801725507411817_37.5104262642441668
2026-09-04T09:00:31.559343+09:00,잠실새내역,잠실새내역,POI118,KEY_3,1230076700,백제고분로7길,1230038501,올림피아빌딩,127.0787621084200936_37.5103359393821023,1230038904,잠실아이파크,127.0801478779330864_37.5105325853430571,124.0,22.0,서행,127.0801478779330864_37.5105325853430571|127.0787621084200936_37.5103359393821023
2026-09-04T09:00:31.559343+09:00,잠실새내역,잠실새내역,POI118,KEY_3,1230076800,백제고분로7길,1230357500,잠실동 262,127.0811518239590043_37.5105746128225590,1230038902,잠실아이파크,127.0803060223495748_37.5104458918043377,76.0,7.0,정체,127.0803060223495748_37.5104458918043377|127.0811518239590043_37.5105746128225590
2026-09-04T09:00:31.559343+09:00,잠실새내역,잠실새내역,POI118,KEY_3,1230076900,백제고분로7길,1230357600,잠실동 262,127.0811263550866528_37.5106808129218976,1230039304,피처캠프(신천점),127.0828710878363665_37.5109094276610335,156.0,14.0,정체,127.0828710878363665_37.5109094276610335|127.0825055257436702_37.5108644567057610|127.0816055492480956_37.5107537377581792|127.0811263550866528_37.5106808129218976
2026-09-04T09:00:31.559343+09:00,잠실새내역,잠실새내역,POI118,KEY_3,1230077000,백제고분로7길,1230344000,잠실동 271,127.0836883041854435_37.5107842000684073,1230039302,피처캠프(신천점),127.0830201298739155_37.5108060171210980,59.0,9.0,정체,127.0830201298739155_37.5108060171210980|127.0836883041854435_37.5107842000684073
2026-09-04T09:00:31.559343+09:00,잠실새내역,잠실새내역,POI118,KEY_3,1230077100,백제고분로7길,1230039301,피처캠프(신천점),127.0830071143003153_37.5109146527428194,1230039204,잠실동 277-1,127.0857622779248999_37.5108246687258244,244.0,9.0,정체,127.0857622779248999_37.5108246687258244|127.0844068445662174_37.5108689454204338|127.0840316601494067_37.5108811984670325|127.0836938632375279_37.5108922294623497|127.0830071143003153_37.5109146527428194
2026-09-04T09:00:31.559343+09:00,잠실새내역,잠실새내역,POI118,KEY_3,1230077200,올림픽로8길,1230347300,잠실동 253,127.0799794078372571_37.5112677326767354,1230040102,한국지능형사물인터넷협회,127.0799521928648090_37.5115008656669815,26.0,22.5,서행,127.0799521928648090_37.5115008656669815|127.0799748694044808_37.5112875366811664|127.0799794078372571_37.5112677326767354
2026-09-04T09:00:31.559343+09:00,잠실새내역,잠실새내역,POI118,KEY_3,1230077300,올림픽로8길,1230347400,잠실동 253,127.0801129296330458_37.5112871496055504,1230038901,잠실아이파크,127.0802813497855510_37.5105522130446758,83.0,23.0,서행,127.0802813497855510_37.5105522130446758|127.0801129296330458_37.5112871496055504
2026-09-04T09:00:31.559343+09:00,잠실새내역,잠실새내역,POI118,KEY_3,1230078100,올림픽로12길,1230040702,잠실지구대,127.0830409730676962_37.5117125062694399,1230039301,피처캠프(신천점),127.0830071143003153_37.5109146527428194,89.0,7.0,정체,127.0830071143003153_37.5109146527428194|127.0830409730676962_37.5117125062694399
2026-09-04T09:00:31.559343+09:00,잠실새내역,잠실새내역,POI118,KEY_3,1230078200,올림픽로12길,1230039304,피처캠프(신천점),127.0828710878363665_37.5109094276610335,1230040703,잠실지구대,127.0829054041126511_37.5117180965625749,90.0,11.0,정체,127.0829054041126511_37.5117180965625749|127.0828710878363665_37.5109094276610335
2026-09-04T09:00:31.559343+09:00,잠실새내역,잠실새내역,POI118,KEY_3,1230078600,올림픽로8길,1230040600,한국지능형사물인터넷협회,127.0804332107682484_37.5118129433548333,1230040101,한국지능형사물인터넷협회,127.0800845454826629_37.5115034781185273,46.0,23.0,서행,127.0800845454826629_37.5115034781185273|127.0804332107682484_37.5118129433548333
2026-09-04T09:00:31.559343+09:00,잠실새내역,잠실새내역,POI118,KEY_3,1230078700,올림픽로8길,1230040102,한국지능형사물인터넷협회,127.0799521928648090_37.5115008656669815,1230040900,잠실동 255,127.0795451503135922_37.5118493118968601,53.0,19.0,서행,127.0795451503135922_37.5118493118968601|127.0799521928648090_37.5115008656669815
2026-09-04T09:00:31.559343+09:00,잠실새내역,잠실새내역,POI118,KEY_3,1230436901,올림픽로,1230041203,종합운동장교차로,127.0782816833858391_37.5117845986573144,1230188203,종합운동장역,127.0738142849638592_37.5107794587518768,415.0,26.0,원활,127.0738142849638592_37.5107794587518768|127.0766624359143151_37.5112667681648091|127.0776889686936215_37.5114478975817462|127.0777299027053004_37.5114626912692941|127.0777834837586227_37.5114921764978320|127.0782816833858391_37.5117845986573144
2026-09-04T09:00:31.559343+09:00,잠실역,잠실역,POI119,KEY_4,1230023201,잠실로,1230038601,잠실3삼거리,127.0931194165767408_37.5103653726765316,1230038304,잠실동 43,127.0947364363945553_37.5102253498387128,144.0,15.0,서행,127.0947364363945553_37.5102253498387128|127.0931194165767408_37.5103653726765316
2026-09-04T09:00:31.559343+09:00,잠실역,잠실역,POI119,KEY_4,1230023202,잠실로,1230393400,잠실동 43,127.0962573939644642_37.5101210286650257,1230007104,서울놀이마당앞교차로,127.0974567909531032_37.5100398856026942,106.0,16.3,서행,127.0974567909531032_37.5100398856026942|127.0962573939644642_37.5101210286650257
2026-09-04T09:00:31.559343+09:00,잠실역,잠실역,POI119,KEY_4,1230003300,송파대로,1230036704,석촌호수앞교차로,127.1039028911642674_37.5087367936795530,1230001703,석촌호수앞교차로,127.1017878219228550_37.5111046223331428,323.0,35.0,원활,127.1017878219228550_37.5111046223331428|127.1039028911642674_37.5087367936795530
2026-09-04T09:00:31.559343+09:00,잠실역,잠실역,POI119,KEY_4,1230003400,송파대로,1230001702,석촌호수앞교차로,127.1019076941057762_37.5111569141952117,1230036701,석촌호수앞교차로,127.1040028890472797_37.5088113302377195,320.0,8.0,정체,127.1040028890472797_37.5088113302377195|127.1019076941057762_37.5111569141952117
2026-09-04T09:00:31.559343+09:00,잠실역,잠실역,POI119,KEY_4,1230003501,송파대로,1230399700,잠실동 41,127.1007560729534731_37.5124412982623454,1230001803,잠실역사거리,127.1001586829554100_37.5132191939759281,101.0,23.0,서행,127.1001586829554100_37.5132191939759281|127.1007560729534731_37.5124412982623454
2026-09-04T09:00:31.559343+09:00,잠실역,잠실역,POI119,KEY_4,1230003601,송파대로,1230001802,잠실역사거리,127.1002879409381165_37.5132580710148957,1230001701,석촌호수앞교차로,127.1018323332335598_37.5112469862295228,262.0,6.0,정체,127.1018323332335598_37.5112469862295228|127.1008718568159566_37.5124977195192244|127.1002879409381165_37.5132580710148957
2026-09-04T09:00:31.559343+09:00,잠실역,잠실역,POI119,KEY_4,1230003802,송파대로,1230044702,잠실대교남측,127.0981251707990225_37.5159789121879115,1230001801,잠실역사거리,127.1002155326109744_37.5133509522926616,345.0,12.5,정체,127.1002155326109744_37.5133509522926616|127.0985290071868548_37.5154712346922068|127.0981251707990225_37.5159789121879115
2026-09-04T09:00:31.559343+09:00,잠실역,잠실역,POI119,KEY_4,1230021500,삼학사로,1230418200,잠실동 46,127.0973734398476296_37.5087240119147722,1230007103,서울놀이마당앞교차로,127.0974453047706589_37.5099321530276910,134.0,29.0,원활,127.0974453047706589_37.5099321530276910|127.0973734398476296_37.5087240119147722
2026-09-04T09:00:31.559343+09:00,잠실역,잠실역,POI119,KEY_4,1230021600,삼학사로,1230007102,서울놀이마당앞교차로,127.0975809295277941_37.5099279073468779,1230034301,석촌호교차로,127.0973845362845935_37.5066262726573783,367.0,20.0,서행,127.0973845362845935_37.5066262726573783|127.0975090109694889_37.5087188942394008|127.0975809295277941_37.5099279073468779
2026-09-04T09:00:31.559343+09:00,잠실역,잠실역,POI119,KEY_4,1230023101,잠실로,1230038303,잠실동 43,127.0947217679651260_37.5101178628557932,1230038602,잠실3삼거리,127.0930971257991189_37.5102585455899913,144.0,23.0,서행,127.0930971257991189_37.5102585455899913|127.0947217679651260_37.5101178628557932
2026-09-04T09:00:31.559343+09:00,잠실역,잠실역,POI119,KEY_4,1230023102,잠실로,1230007103,서울놀이마당앞교차로,127.0974453047706589_37.5099321530276910,1230038302,잠실동 43,127.0948609890413223_37.5101069748518370,229.0,33.0,원활,127.0948609890413223_37.5101069748518370|127.0962459094918131_37.5100132959391175|127.0974453047706589_37.5099321530276910
2026-09-04T09:00:31.559343+09:00,잠실역,잠실역,POI119,KEY_4,1230023500,잠실로,1230412400,잠실동 42,127.1004419094974480_37.5105947295189637,1230001704,석촌호수앞교차로,127.1017131193153915_37.5111950333109547,131.0,17.0,서행,127.1017131193153915_37.5111950333109547|127.1004641614348145_37.5106046485269218|127.1004419094974480_37.5105947295189637
2026-09-04T09:00:31.559343+09:00,잠실역,잠실역,POI119,KEY_4,1230023600,잠실로,1230001703,석촌호수앞교차로,127.1017878219228550_37.5111046223331428,1230007102,서울놀이마당앞교차로,127.0975809295277941_37.5099279073468779,403.0,19.0,서행,127.0975809295277941_37.5099279073468779|127.0985541482379375_37.5099332768199432|127.0990046849047843_37.5099841635964921|127.0994430355566607_37.5101001528652276|127.0999744578332411_37.5102624598802024|127.1005081875894263_37.5105003764333560|127.1005319432435670_37.5105109657146656|127.1017878219228550_37.5111046223331428
2026-09-04T09:00:31.559343+09:00,잠실역,잠실역,POI119,KEY_4,1230025702,올림픽로,1230422700,최소노드배치점,127.0963985029439982_37.5124235494134552,1230001804,잠실역사거리,127.1000841139758677_37.5133141607708396,341.0,23.0,서행,127.1000841139758677_37.5133141607708396|127.0963985029439982_37.5124235494134552
2026-09-04T09:00:31.559343+09:00,잠실역,잠실역,POI119,KEY_4,1230025801,올림픽로,1230041703,잠실동 39,127.0946882254534103_37.5120601573260686,1230041302,잠실3사거리,127.0926320843072830_37.5118620680798003,183.0,11.0,정체,127.0926320843072830_37.5118620680798003|127.0946882254534103_37.5120601573260686
2026-09-04T09:00:31.559343+09:00,잠실역,잠실역,POI119,KEY_4,1230025802,올림픽로,1230001803,잠실역사거리,127.1001586829554100_37.5132191939759281,1230041702,잠실동 39,127.0948236216370191_37.5120740018570373,489.0,11.0,정체,127.0948236216370191_37.5120740018570373|127.0956739088233007_37.5121671905185963|127.0962807923011582_37.5122821169021705|127.0964379064208174_37.5123200858476054|127.1001586829554100_37.5132191939759281
2026-09-04T09:00:31.559343+09:00,잠실역,잠실역,POI119,KEY_4,1230027302,올림픽로,1230001801,잠실역사거리,127.1002155326109744_37.5133509522926616,1230043404,신천동 8,127.1021667132219335_37.5140202279747825,188.0,11.0,정체,127.1021667132219335_37.5140202279747825|127.1002155326109744_37.5133509522926616
2026-09-04T09:00:31.559343+09:00,잠실역,잠실역,POI119,KEY_4,1230027303,올림픽로,1230043401,신천동 8,127.1022912026975433_37.5140633484028712,1230043804,잠실역(서울8호선),127.1031193148053262_37.5143528991889355,80.0,27.0,원활,127.1031193148053262_37.5143528991889355|127.1022912026975433_37.5140633484028712
2026-09-04T09:00:31.559343+09:00,잠실역,잠실역,POI119,KEY_4,1230027304,올림픽로,1230043801,잠실역(서울8호선),127.1032441614670745_37.5143953515620083,1230044104,송파구청앞교차로,127.1065954149593580_37.5155037548529151,321.0,44.5,원활,127.1065954149593580_37.5155037548529151|127.1032441614670745_37.5143953515620083
2026-09-04T09:00:31.559343+09:00,잠실역,잠실역,POI119,KEY_4,1230027402,올림픽로,1230425600,최소노드배치점,127.1034569107816310_37.5143486498193468,1230001802,잠실역사거리,127.1002879409381165_37.5132580710148957,305.0,39.0,원활,127.1002879409381165_37.5132580710148957|127.1022203942543456_37.5139209223143766|127.1023457587723016_37.5139643456983833|127.1031738699951745_37.5142538961081584|127.1032962137368543_37.5142954974985372|127.1034569107816310_37.5143486498193468
2026-09-04T09:00:31.559343+09:00,잠실역,잠실역,POI119,KEY_4,1230077600,올림픽로.잠실로.사이길,1230038304,잠실동 43,127.0947364363945553_37.5102253498387128,1230041703,잠실동 39,127.0946882254534103_37.5120601573260686,204.0,14.0,정체,127.0946882254534103_37.5120601573260686|127.0947364363945553_37.5102253498387128
2026-09-04T09:00:31.559343+09:00,잠실역,잠실역,POI119,KEY_4,1230077700,올림픽로.잠실로.사이길,1230041702,잠실동 39,127.0948236216370191_37.5120740018570373,1230038301,잠실동 43,127.0948724715403131_37.5102147077519135,206.0,8.0,정체,127.0948724715403131_37.5102147077519135|127.0948236216370191_37.5120740018570373
2026-09-04T09:00:31.559343+09:00,잠실역,잠실역,POI119,KEY_4,1230080800,올림픽로,1230043404,신천동 8,127.1021667132219335_37.5140202279747825,1230044003,어린이교통공원,127.1015862279693067_37.5151316086360467,134.0,12.0,정체,127.1015862279693067_37.5151316086360467|127.1021667132219335_37.5140202279747825
2026-09-04T09:00:31.559343+09:00,잠실역,잠실역,POI119,KEY_4,1230080900,올림픽로,1230044002,어린이교통공원,127.1017112605977104_37.5151736946584151,1230043401,신천동 8,127.1022912026975433_37.5140633484028712,133.0,19.0,서행,127.1022912026975433_37.5140633484028712|127.1017112605977104_37.5151736946584151
2026-09-04T09:00:31.559343+09:00,잠실역,잠실역,POI119,KEY_4,1230081000,올림픽로,1230043804,잠실역(서울8호선),127.1031193148053262_37.5143528991889355,1230044403,신천동 7-21,127.1025553001734067_37.5154467539088188,131.0,10.0,정체,127.1025553001734067_37.5154467539088188|127.1031193148053262_37.5143528991889355
2026-09-04T09:00:31.559343+09:00,잠실역,잠실역,POI119,KEY_4,1230081100,올림픽로,1230044402,신천동 7-21,127.1026803877707039_37.5154887453600807,1230043801,잠실역(서울8호선),127.1032441614670745_37.5143953515620083,131.0,11.5,정체,127.1032441614670745_37.5143953515620083|127.1026803877707039_37.5154887453600807
2026-09-04T09:00:31.559343+09:00,잠실역,잠실역,POI119,KEY_4,1230437101,잠실로,1230188302,잠실길지하차도(서측),127.1024547747106510_37.5113805101291220,1230001702,석촌호수앞교차로,127.1019076941057762_37.5111569141952117,54.0,15.0,서행,127.1019076941057762_37.5111569141952117|127.1024547747106510_37.5113805101291220
2026-09-04T09:00:31.559343+09:00,잠실역,잠실역,POI119,KEY_4,1230437201,잠실로,1230001701,석촌호수앞교차로,127.1018323332335598_37.5112469862295228,1230188303,잠실길지하차도(서측),127.1023918266045030_37.5114715455822392,55.0,7.0,정체,127.1023918266045030_37.5114715455822392|127.1018323332335598_37.5112469862295228
2026-09-04T09:00:31.559343+09:00,잠실역,잠실역,POI119,KEY_4,1230437301,잠실로,1230188502,잠실길지하차도(동측),127.1062173467716150_37.5131578738299325,1230188302,잠실길지하차도(서측),127.1024547747106510_37.5113805101291220,387.0,45.5,원활,127.1024547747106510_37.5113805101291220|127.1030924680476488_37.5116688194554797|127.1037922288458617_37.5120057984034787|127.1044073633298837_37.5122985483592544|127.1051198819620254_37.5126321816150679|127.1062173467716150_37.5131578738299325
2026-09-04T09:00:31.559343+09:00,잠실역,잠실역,POI119,KEY_4,1230437401,잠실로,1230188303,잠실길지하차도(서측),127.1023918266045030_37.5114715455822392,1230188503,잠실길지하차도(동측),127.1061687896124681_37.5132231248888246,386.0,31.0,원활,127.1061687896124681_37.5132231248888246|127.1052815756607259_37.5128152477143786|127.1034974052928277_37.5119907247148916|127.1023918266045030_37.5114715455822392
2026-09-04T09:00:31.559343+09:00,잠실역,잠실역,POI119,KEY_4,1230437501,-,1230188502,잠실길지하차도(동측),127.1062173467716150_37.5131578738299325,1230188402,신천동 30,127.1050426082693434_37.5125336192748193,126.0,10.0,정체,127.1050426082693434_37.5125336192748193|127.1057099909694585_37.5128445639683008|127.1060250249974217_37.5129978687956296|127.1062173467716150_37.5131578738299325
2026-09-04T09:00:31.559343+09:00,잠실역,잠실역,POI119,KEY_4,1230437601,-,1230188403,신천동 30,127.1049002456384613_37.5127083450110632,1230188503,잠실길지하차도(동측),127.1061687896124681_37.5132231248888246,126.0,17.0,서행,127.1061687896124681_37.5132231248888246|127.1058942002584331_37.5131610578152603|127.1056142121499164_37.5130369103311239|127.1049002456384613_37.5127083450110632
2026-09-04T09:00:31.559343+09:00,잠실역,잠실역,POI119,KEY_4,1230437701,잠실로,1230394600,신천동 30,127.1067595331203108_37.5134063123268504,1230188502,잠실길지하차도(동측),127.1062173467716150_37.5131578738299325,55.0,31.0,원활,127.1062173467716150_37.5131578738299325|127.1067595331203108_37.5134063123268504
2026-09-04T09:00:31.559343+09:00,잠실역,잠실역,POI119,KEY_4,1230437801,잠실로,1230188503,잠실길지하차도(동측),127.1061687896124681_37.5132231248888246,1230043204,잠실전화국,127.1073301047804875_37.5137619968566653,119.0,17.0,서행,127.1073301047804875_37.5137619968566653|127.1067103200439448_37.5134744075350568|127.1061687896124681_37.5132231248888246
2026-09-04T09:00:31.559343+09:00,장지역,장지역,POI048,KEY_1,1230000501,송파대로,1230000604,장지교앞교차로,127.1269923146135881_37.4759317298926007,1230013503,장지교앞,127.1269689977646067_37.4762489682989113,35.0,13.0,정체,127.1269689977646067_37.4762489682989113|127.1269923146135881_37.4759317298926007
2026-09-04T09:00:31.559343+09:00,장지역,장지역,POI048,KEY_1,1230000601,송파대로,1230013502,장지교앞,127.1271033322769028_37.4762702251211408,1230000601,장지교앞교차로,127.1271286086057017_37.4759263177463851,38.0,11.0,정체,127.1271286086057017_37.4759263177463851|127.1271033322769028_37.4762702251211408
2026-09-04T09:00:31.559343+09:00,장지역,장지역,POI048,KEY_1,1230001301,송파대로,1230013504,장지교앞,127.1269539868962397_37.4763591432306029,1230014403,장지역사거리,127.1257807374389159_37.4792989981545901,344.0,14.0,정체,127.1257807374389159_37.4792989981545901|127.1266032295630311_37.4775940684485604|127.1267153872522897_37.4773199621971926|127.1268566922320247_37.4769095793527001|127.1269539868962397_37.4763591432306029
2026-09-04T09:00:31.559343+09:00,장지역,장지역,POI048,KEY_1,1230001302,송파대로,1230014404,장지역사거리,127.1257315074845877_37.4793999327968521,1230000803,건영아파트앞교차로,127.1241917169870135_37.4825185713341327,372.0,15.3,서행,127.1241917169870135_37.4825185713341327|127.1253292527007233_37.4802146727817842|127.1257315074845877_37.4793999327968521
2026-09-04T09:00:31.559343+09:00,장지역,장지역,POI048,KEY_1,1230001401,송파대로,1230014402,장지역사거리,127.1259062230151216_37.4793401788441329,1230013501,장지교앞,127.1270852807920164_37.4763914485074707,345.0,8.0,정체,127.1270852807920164_37.4763914485074707|127.1269898196586183_37.4769315164777552|127.1268453664058029_37.4773510462986437|127.1267311217031448_37.4776302528188054|127.1259062230151216_37.4793401788441329
2026-09-04T09:00:31.559343+09:00,장지역,장지역,POI048,KEY_1,1230001402,송파대로,1230299900,문정동 250-13,127.1254555029657922_37.4802542605031093,1230014401,장지역사거리,127.1258570426893897_37.4794409654952076,97.0,7.0,정체,127.1258570426893897_37.4794409654952076|127.1254555029657922_37.4802542605031093
2026-09-04T09:00:31.559343+09:00,장지역,장지역,POI048,KEY_1,1230001501,분당수서로,1230421500,최소노드배치점,127.1179952551913601_37.4777917867211272,1220015902,강남구-송파구,127.1125492606370528_37.4828096944516744,765.0,72.0,원활,127.1125492606370528_37.4828096944516744|127.1132128994780004_37.4826811137614868|127.1134929519644601_37.4826040962937412|127.1138131990407345_37.4824883573599479|127.1140990774141670_37.4823548017758341|127.1143755440086665_37.4822075358555367|127.1146615632740549_37.4820106802260398|127.1148953465730642_37.4818309677371317|127.1151103742952415_37.4816381525698290|127.1152902785904359_37.4814418276170329|127.1156015206883723_37.4810510011883409|127.1163127896964369_37.4800714230576233|127.1178486500348725_37.4779922243427137|127.1179952551913601_37.4777917867211272
2026-09-04T09:00:31.559343+09:00,장지역,장지역,POI048,KEY_1,1230001601,분당수서로,1230421600,최소노드배치점,127.1181319981646709_37.4778553114959649,1230000100,한국지역난방공사강남동남권열원,127.1224581721023839_37.4719375362209703,760.0,16.0,정체,127.1224581721023839_37.4719375362209703|127.1216206648475975_37.4730852461134063|127.1181319981646709_37.4778553114959649
2026-09-04T09:00:31.559343+09:00,장지역,장지역,POI048,KEY_1,1230005800,새말로8길,1230296400,문정동 72-6,127.1267939561596876_37.4806959462897851,1230014701,장지동 839,127.1269309130754692_37.4797546600969440,105.0,18.0,서행,127.1269309130754692_37.4797546600969440|127.1268144591286671_37.4805550336894981|127.1267939561596876_37.4806959462897851
2026-09-04T09:00:31.559343+09:00,장지역,장지역,POI048,KEY_1,1230042602,연화로,1230124404,서울동남권물류단지정문,127.1233157925686896_37.4763349610710108,1230013703,장지동 245-50,127.1233993079223552_37.4767322362474857,45.0,12.0,정체,127.1233993079223552_37.4767322362474857|127.1233157925686896_37.4763349610710108
2026-09-04T09:00:31.559343+09:00,장지역,장지역,POI048,KEY_1,1230042702,연화로,1230013702,장지동 237-15,127.1235332577449526_37.4767143506205329,1230124401,서울동남권물류단지정문,127.1234501559201675_37.4763136369767267,45.0,19.0,서행,127.1234501559201675_37.4763136369767267|127.1235332577449526_37.4767143506205329
2026-09-04T09:00:31.559343+09:00,장지역,장지역,POI048,KEY_1,1230042800,송파대로6길,1230013603,탄천길-거여동길삼거리,127.1277333387761388_37.4763585124254632,1230013502,장지교앞,127.1271033322769028_37.4762702251211408,59.0,19.0,서행,127.1271033322769028_37.4762702251211408|127.1272754956391395_37.4763642806537476|127.1273738808052798_37.4763815938462415|127.1277333387761388_37.4763585124254632
2026-09-04T09:00:31.559343+09:00,장지역,장지역,POI048,KEY_1,1230044400,새말로,1230014203,탄천길사거리,127.1170757806192455_37.4794846455472168,1220014801,강남구-송파구,127.1154931512342046_37.4788010034456249,159.0,21.0,서행,127.1154931512342046_37.4788010034456249|127.1170757806192455_37.4794846455472168
2026-09-04T09:00:31.559343+09:00,장지역,장지역,POI048,KEY_1,1230042900,송파대로6길,1230013501,장지교앞,127.1270852807920164_37.4763914485074707,1230013604,탄천길-거여동길삼거리,127.1277442341634156_37.4764662840414218,61.0,21.0,서행,127.1277442341634156_37.4764662840414218|127.1273644970251695_37.4764906684154653|127.1272205203625134_37.4764653321716281|127.1270852807920164_37.4763914485074707
2026-09-04T09:00:31.559343+09:00,장지역,장지역,POI048,KEY_1,1230043000,충민로2길,1230013604,탄천길-거여동길삼거리,127.1277442341634156_37.4764662840414218,1230013903,장지동 839-5,127.1276159253911260_37.4772523095836974,88.0,24.0,서행,127.1276159253911260_37.4772523095836974|127.1277442341634156_37.4764662840414218
2026-09-04T09:00:31.559343+09:00,장지역,장지역,POI048,KEY_1,1230043100,충민로2길,1230013902,장지동 839-5,127.1277504577886788_37.4772662580162432,1230013601,탄천길-거여동길삼거리,127.1278814912486723_37.4764635389202070,90.0,5.0,정체,127.1278814912486723_37.4764635389202070|127.1277504577886788_37.4772662580162432
2026-09-04T09:00:31.559343+09:00,장지역,장지역,POI048,KEY_1,1230043200,송파대로6길,1230333200,최소노드배치점,127.1324868383645850_37.4777923748985629,1230013602,탄천길-거여동길삼거리,127.1278883144571097_37.4763555551825647,446.0,33.3,원활,127.1278883144571097_37.4763555551825647|127.1280858376613736_37.4763634824942429|127.1285921838900634_37.4763821492441167|127.1291436365430343_37.4764539745276437|127.1297487353769640_37.4765786510002030|127.1304427301450204_37.4767893933662393|127.1309160360531507_37.4769628556507612|127.1313570586968780_37.4771884590788957|127.1323252410417268_37.4776805730498737|127.1324868383645850_37.4777923748985629
2026-09-04T09:00:31.559343+09:00,장지역,장지역,POI048,KEY_1,1230043400,송파대로8길,1230298900,장지동 839-1,127.1290278801988620_37.4775853705287929,1230013902,장지동 839-5,127.1277504577886788_37.4772662580162432,118.0,13.0,정체,127.1277504577886788_37.4772662580162432|127.1287607949420249_37.4775096784668875|127.1290278801988620_37.4775853705287929
2026-09-04T09:00:31.559343+09:00,장지역,장지역,POI048,KEY_1,1230043600,연화로,1230013704,장지동 237-15,127.1234173733339787_37.4768337565781380,1230014103,송파구시설관리공단,127.1233342566863200_37.4784159063536961,179.0,28.0,원활,127.1233342566863200_37.4784159063536961|127.1234362064992922_37.4781841447336674|127.1235101220011785_37.4779506962681666|127.1235313119918544_37.4777830170718289|127.1235222173797297_37.4775671051813575|127.1234173733339787_37.4768337565781380
2026-09-04T09:00:31.559343+09:00,장지역,장지역,POI048,KEY_1,1230043700,연화로,1230014102,송파구시설관리공단,127.1234596003036614_37.4784577788928175,1230013701,장지동 237-15,127.1235521664017654_37.4768215165913574,185.0,10.0,정체,127.1235521664017654_37.4768215165913574|127.1236576258426680_37.4775591590069013|127.1236672090848288_37.4777866366277266|127.1236441065318843_37.4779694412846567|127.1235662560414994_37.4782153197619934|127.1234596003036614_37.4784577788928175
2026-09-04T09:00:31.559343+09:00,장지역,장지역,POI048,KEY_1,1230043800,충민로,1230014103,송파구시설관리공단,127.1233342566863200_37.4784159063536961,1230014303,장사약수터길삼거리,127.1190537152588860_37.4792653210820248,426.0,32.0,원활,127.1190537152588860_37.4792653210820248|127.1193253571912578_37.4789185003177110|127.1195660327592236_37.4787293091517455|127.1197712170566376_37.4786086616826779|127.1200966017663205_37.4784617886132381|127.1204418459357868_37.4783543847228273|127.1207477690774681_37.4782961502269245|127.1216023481827051_37.4781836478253325|127.1216426525138559_37.4781783417377312|127.1220272639370421_37.4781536638628836|127.1223740280481138_37.4781655877837707|127.1227327249021499_37.4782297459976235|127.1233342566863200_37.4784159063536961
2026-09-04T09:00:31.559343+09:00,장지역,장지역,POI048,KEY_1,1230043900,충민로,1230014302,장사약수터길삼거리,127.1191688048404274_37.4793225720070069,1230014104,송파구시설관리공단,127.1232857178834763_37.4785168717931612,410.0,25.0,원활,127.1232857178834763_37.4785168717931612|127.1226930928552150_37.4783334680546858|127.1223561087756622_37.4782731931130684|127.1220297938946544_37.4782619724335149|127.1216591802877645_37.4782857520148340|127.1216244598273875_37.4782903229969904|127.1207746177764477_37.4784022021694767|127.1204824637599415_37.4784578151749841|127.1201549987457469_37.4785596887315293|127.1198451885996974_37.4786995309083579|127.1196543930949474_37.4788117178767379|127.1194319941749598_37.4789865430828897|127.1191688048404274_37.4793225720070069
2026-09-04T09:00:31.559343+09:00,장지역,장지역,POI048,KEY_1,1230044000,충민로2길,1230013904,장지동 839-5,127.1275907972595007_37.4773387947976460,1230014703,장지동 839,127.1268161875644154_37.4796071303601366,262.0,17.0,서행,127.1268161875644154_37.4796071303601366|127.1268580538282151_37.4793302454993480|127.1269073471221134_37.4789978870295073|127.1270523166961794_37.4785330927124036|127.1273393673819498_37.4779625279796278|127.1275907972595007_37.4773387947976460
2026-09-04T09:00:31.559343+09:00,장지역,장지역,POI048,KEY_1,1230044100,충민로2길,1230014702,장지동 839,127.1269471586656010_37.4796447029341593,1230013901,장지동 839-5,127.1277199617084079_37.4773718646166003,263.0,8.0,정체,127.1277199617084079_37.4773718646166003|127.1274670703135570_37.4779992271313063|127.1271817218920717_37.4785664097527587|127.1270410744192105_37.4790173501728816|127.1269927676274278_37.4793430590934662|127.1269471586656010_37.4796447029341593
2026-09-04T09:00:31.559343+09:00,장지역,장지역,POI048,KEY_1,1230044200,충민로,1230014403,장지역사거리,127.1257807374389159_37.4792989981545901,1230014102,송파구시설관리공단,127.1234596003036614_37.4784577788928175,226.0,11.5,정체,127.1234596003036614_37.4784577788928175|127.1257807374389159_37.4792989981545901
2026-09-04T09:00:31.559343+09:00,장지역,장지역,POI048,KEY_1,1230044300,충민로,1230014101,송파구시설관리공단,127.1234107446050103_37.4785588491623827,1230014404,장지역사거리,127.1257315074845877_37.4793999327968521,226.0,16.5,서행,127.1257315074845877_37.4793999327968521|127.1234107446050103_37.4785588491623827
2026-09-04T09:00:31.559343+09:00,장지역,장지역,POI048,KEY_1,1230044500,새말로,1220014802,강남구-송파구,127.1154293096839467_37.4788964022459581,1230014204,탄천길사거리,127.1170049036088585_37.4795773073683449,159.0,16.0,서행,127.1170049036088585_37.4795773073683449|127.1154293096839467_37.4788964022459581
2026-09-04T09:00:31.559343+09:00,장지역,장지역,POI048,KEY_1,1230045100,충민로,1230014703,장지동 839,127.1268161875644154_37.4796071303601366,1230014402,장지역사거리,127.1259062230151216_37.4793401788441329,86.0,22.5,서행,127.1259062230151216_37.4793401788441329|127.1265755733222278_37.4795365434929337|127.1268161875644154_37.4796071303601366
2026-09-04T09:00:31.559343+09:00,장지역,장지역,POI048,KEY_1,1230045200,충민로,1230322900,문정동 637,127.1265287058943585_37.4796380084969698,1230014704,문정동 637,127.1267997378765671_37.4797175186294069,26.0,9.0,정체,127.1267997378765671_37.4797175186294069|127.1265287058943585_37.4796380084969698
2026-09-04T09:00:31.559343+09:00,장지역,장지역,POI048,KEY_1,1230045300,연화로,1230014104,송파구시설관리공단,127.1232857178834763_37.4785168717931612,1230015503,송파푸르지오시티,127.1221967121438183_37.4805994669172904,250.0,7.0,정체,127.1221967121438183_37.4805994669172904|127.1226277575302817_37.4797751584865892|127.1228967411226307_37.4792607584681647|127.1232857178834763_37.4785168717931612
2026-09-04T09:00:31.559343+09:00,장지역,장지역,POI048,KEY_1,1230045400,연화로,1230394900,문정동 619,127.1230219721752803_37.4793023481707124,1230014101,송파구시설관리공단,127.1234107446050103_37.4785588491623827,89.0,13.0,정체,127.1234107446050103_37.4785588491623827|127.1230219721752803_37.4793023481707124
2026-09-04T09:00:31.559343+09:00,장지역,장지역,POI048,KEY_1,1230045500,새말로,1230014903,문정동 305-24,127.1185527755407065_37.4801009985019888,1230014202,탄천길사거리,127.1171956964571308_37.4795355088390565,135.0,11.0,정체,127.1171956964571308_37.4795355088390565|127.1185527755407065_37.4801009985019888
2026-09-04T09:00:31.559343+09:00,장지역,장지역,POI048,KEY_1,1230045600,새말로,1230014201,탄천길사거리,127.1171248775366536_37.4796282212593681,1230014904,문정동 305-24,127.1184941078168151_37.4801985694631412,137.0,17.0,서행,127.1184941078168151_37.4801985694631412|127.1171248775366536_37.4796282212593681
2026-09-04T09:00:31.559343+09:00,장지역,장지역,POI048,KEY_1,1230045700,충민로,1230014304,장사약수터길삼거리,127.1189810465568542_37.4793717077558455,1230014903,문정동 305-24,127.1185527755407065_37.4801009985019888,89.0,32.0,원활,127.1185527755407065_37.4801009985019888|127.1189810465568542_37.4793717077558455
2026-09-04T09:00:31.559343+09:00,장지역,장지역,POI048,KEY_1,1230045800,충민로,1230014902,문정동 305-24,127.1186727562944725_37.4801517654565046,1230014301,장사약수터길삼거리,127.1191039257759741_37.4794175370043092,90.0,21.0,서행,127.1191039257759741_37.4794175370043092|127.1186727562944725_37.4801517654565046
2026-09-04T09:00:31.559343+09:00,장지역,장지역,POI048,KEY_1,1230046000,충민로,1230015003,문현중학교,127.1287597899418103_37.4802465402684959,1230014702,장지동 839,127.1269471586656010_37.4796447029341593,174.0,10.0,정체,127.1269471586656010_37.4796447029341593|127.1279022447124447_37.4799089837245560|127.1281896020368549_37.4800103907757389|127.1287597899418103_37.4802465402684959
2026-09-04T09:00:31.559343+09:00,장지역,장지역,POI048,KEY_1,1230046100,충민로,1230014701,장지동 839,127.1269309130754692_37.4797546600969440,1230015004,문현중학교,127.1286972266236717_37.4803424793124478,170.0,15.0,서행,127.1286972266236717_37.4803424793124478|127.1281307967186649_37.4801078860251593|127.1278524440417073_37.4800096559568630|127.1269309130754692_37.4797546600969440
2026-09-04T09:00:31.559343+09:00,장지역,장지역,POI048,KEY_1,1230046400,연화로.충민로.사이길,1230015503,송파푸르지오시티,127.1221967121438183_37.4805994669172904,1230014302,장사약수터길삼거리,127.1191688048404274_37.4793225720070069,303.0,9.5,정체,127.1191688048404274_37.4793225720070069|127.1221967121438183_37.4805994669172904
2026-09-04T09:00:31.559343+09:00,장지역,장지역,POI048,KEY_1,1230046500,연화로.충민로.사이길,1230014301,장사약수터길삼거리,127.1191039257759741_37.4794175370043092,1230015504,송파푸르지오시티,127.1221468633931693_37.4807007713791833,305.0,19.0,서행,127.1221468633931693_37.4807007713791833|127.1191039257759741_37.4794175370043092
2026-09-04T09:00:31.559343+09:00,장지역,장지역,POI048,KEY_1,1230047400,새말로,1230015804,밤고개로서20길삼거리,127.1217875816867036_37.4814919999727252,1230014902,문정동 305-24,127.1186727562944725_37.4801517654565046,313.0,18.0,서행,127.1186727562944725_37.4801517654565046|127.1217875816867036_37.4814919999727252
2026-09-04T09:00:31.559343+09:00,장지역,장지역,POI048,KEY_1,1230047500,새말로,1230014901,문정동 305-24,127.1186139676453024_37.4802493435114243,1230015805,밤고개로서20길삼거리,127.1217373057993996_37.4815932409139592,314.0,24.0,서행,127.1217373057993996_37.4815932409139592|127.1186139676453024_37.4802493435114243
2026-09-04T09:00:31.559343+09:00,장지역,장지역,POI048,KEY_1,1230047800,연화로,1230015504,송파푸르지오시티,127.1221468633931693_37.4807007713791833,1230015804,밤고개로서20길삼거리,127.1217875816867036_37.4814919999727252,93.0,14.0,정체,127.1217875816867036_37.4814919999727252|127.1221468633931693_37.4807007713791833
2026-09-04T09:00:31.559343+09:00,장지역,장지역,POI048,KEY_1,1230047900,연화로,1230015803,밤고개로서20길삼거리,127.1219083492408828_37.4815437880296969,1230015501,송파푸르지오시티,127.1222744406843645_37.4807375620832630,95.0,19.0,서행,127.1222744406843645_37.4807375620832630|127.1219083492408828_37.4815437880296969
2026-09-04T09:00:31.559343+09:00,장지역,장지역,POI048,KEY_1,1230048400,새말로,1230000803,건영아파트앞교차로,127.1241917169870135_37.4825185713341327,1230015803,밤고개로서20길삼거리,127.1219083492408828_37.4815437880296969,229.0,11.5,정체,127.1219083492408828_37.4815437880296969|127.1241917169870135_37.4825185713341327
2026-09-04T09:00:31.559343+09:00,장지역,장지역,POI048,KEY_1,1230048500,새말로,1230015802,밤고개로서20길삼거리,127.1218571774554107_37.4816446003187878,1230000804,건영아파트앞교차로,127.1241405649993226_37.4826193915541808,229.0,13.0,정체,127.1241405649993226_37.4826193915541808|127.1218571774554107_37.4816446003187878
2026-09-04T09:00:31.559343+09:00,장지역,장지역,POI048,KEY_1,1230247800,탄천동로,1230420800,최소노드배치점,127.1146713685735676_37.4826610947263958,1230014201,탄천길사거리,127.1171248775366536_37.4796282212593681,401.0,11.0,정체,127.1171248775366536_37.4796282212593681|127.1167525544109509_37.4801117059112485|127.1161770444327885_37.4809168351454147|127.1161191890283391_37.4809899385842584|127.1155458448990601_37.4817037128635135|127.1152669905840753_37.4820456224007401|127.1152363650561767_37.4820792986307580|127.1151146958633547_37.4822117411272160|127.1149789575418367_37.4823594972106093|127.1147740271956081_37.4825529438264056|127.1146713685735676_37.4826610947263958
2026-09-04T09:00:31.559343+09:00,장지역,장지역,POI048,KEY_1,1230248500,탄천동로,1230375500,장지동 803-17,127.1181031005176578_37.4781145686661574,1230014203,탄천길사거리,127.1170757806192455_37.4794846455472168,177.0,35.0,원활,127.1170757806192455_37.4794846455472168|127.1180265406988070_37.4782185568334825|127.1181031005176578_37.4781145686661574
2026-09-04T09:00:31.559343+09:00,장지역,장지역,POI048,KEY_1,1230248700,탄천동로,1230014202,탄천길사거리,127.1171956964571308_37.4795355088390565,1230123704,서울동남권물류단지주차장,127.1193655629786292_37.4770488690804982,341.0,9.0,정체,127.1193655629786292_37.4770488690804982|127.1192176397203184_37.4770948524548828|127.1191219842944946_37.4771385757909812|127.1190138353558154_37.4771996137119245|127.1189207250191515_37.4772650360259618|127.1188817639093287_37.4772964411607887|127.1188161190561345_37.4773597409083479|127.1182201131985749_37.4781692847559782|127.1181432556636111_37.4782736774438590|127.1171956964571308_37.4795355088390565
2026-09-04T09:00:31.559343+09:00,장지역,장지역,POI048,KEY_1,1230425600,정의로,1230014904,문정동 305-24,127.1184941078168151_37.4801985694631412,1230184911,동부지방검찰청,127.1177787191544013_37.4813590263818668,143.0,7.0,정체,127.1177787191544013_37.4813590263818668|127.1184941078168151_37.4801985694631412
2026-09-04T09:00:31.559343+09:00,장지역,장지역,POI048,KEY_1,1230425700,정의로,1230184910,동부지방검찰청,127.1179004908147476_37.4814067018039268,1230014901,문정동 305-24,127.1186139676453024_37.4802493435114243,143.0,10.0,정체,127.1186139676453024_37.4802493435114243|127.1179004908147476_37.4814067018039268
2026-09-04T09:00:31.559343+09:00,장지역,장지역,POI048,KEY_1,1230427001,법원로,1230015805,밤고개로서20길삼거리,127.1217373057993996_37.4815932409139592,1230185306,동부지방법원,127.1210112080073174_37.4829087878924270,160.0,15.0,서행,127.1210112080073174_37.4829087878924270|127.1212677420882216_37.4824440038667817|127.1213224066118954_37.4823449628596492|127.1217373057993996_37.4815932409139592
2026-09-04T09:00:31.559343+09:00,장지역,장지역,POI048,KEY_1,1230427101,법원로,1230015807,문정동319-1,127.1214465998811392_37.4823884944289816,1230015802,밤고개로서20길삼거리,127.1218571774554107_37.4816446003187878,90.0,14.5,정체,127.1218571774554107_37.4816446003187878|127.1214465998811392_37.4823884944289816
2026-09-04T09:00:31.559343+09:00,장지역,장지역,POI048,KEY_1,1230438201,송파대로,1230188703,문정동 315-2,127.1239479110468551_37.4833301900742271,1230000801,건영아파트앞교차로,127.1242682197490410_37.4826573644086594,80.0,37.0,원활,127.1242682197490410_37.4826573644086594|127.1239479110468551_37.4833301900742271
2026-09-04T09:00:31.559343+09:00,장지역,장지역,POI048,KEY_1,1230438301,새말로,1230327100,문정동 84-3,127.1259819311826931_37.4827316505952481,1230000802,건영아파트앞교차로,127.1243177664718189_37.4825585751717796,149.0,19.5,서행,127.1243177664718189_37.4825585751717796|127.1243842051824231_37.4825708307456225|127.1246498140282881_37.4826099825514021|127.1248481535320849_37.4826309321312081|127.1249286523521533_37.4826394333383135|127.1254973878396299_37.4826864711153576|127.1259819311826931_37.4827316505952481
2026-09-04T09:00:31.559343+09:00,장지역,장지역,POI048,KEY_1,1230438401,새말로,1230000801,건영아파트앞교차로,127.1242682197490410_37.4826573644086594,1230188805,문정동 84-3,127.1248318838255074_37.4827287527277306,51.0,6.0,정체,127.1248318838255074_37.4827287527277306|127.1245839423819461_37.4827061067117739|127.1243211560425834_37.4826680897622992|127.1242682197490410_37.4826573644086594
2026-09-04T09:00:31.559343+09:00,장지역,장지역,POI048,KEY_1,1230438701,송파대로,1230000804,건영아파트앞교차로,127.1241405649993226_37.4826193915541808,1230000904,문정역앞교차로,127.1223889164570693_37.4860786985646115,414.0,15.0,서행,127.1223889164570693_37.4860786985646115|127.1226010302328149_37.4856577894584291|127.1232300538723479_37.4844095529361496|127.1237511840044618_37.4833753865404802|127.1238001516343417_37.4832819812932385|127.1241405649993226_37.4826193915541808
2026-09-04T09:00:31.559343+09:00,장한평역,장한평역,POI049,KEY_2,1030011902,가람길,1030150700,송정동 73-12,127.0660636492249154_37.5554419149221985,1030023702,용답동 240-2,127.0681080518610599_37.5580381286833358,341.0,30.0,원활,127.0681080518610599_37.5580381286833358|127.0680833790954125_37.5579632071763214|127.0675268791300141_37.5572382691045874|127.0672521834545563_37.5569128883798982|127.0665358814266312_37.5560316575065158|127.0660636492249154_37.5554419149221985
2026-09-04T09:00:31.559343+09:00,장한평역,장한평역,POI049,KEY_2,1030011903,가람길,1030023702,용답동 240-2,127.0681080518610599_37.5580381286833358,1030025002,용답동 240-2,127.0699220168489063_37.5597832874840591,252.0,24.0,서행,127.0699220168489063_37.5597832874840591|127.0693178888312502_37.5592051592301885|127.0681596352914227_37.5581094941159748|127.0681080518610599_37.5580381286833358
2026-09-04T09:00:31.559343+09:00,장한평역,장한평역,POI049,KEY_2,1030011904,가람길,1030025001,용답동 240-1,127.0700092988272303_37.5598645946951990,1030025802,성동구-동대문구,127.0706640715975624_37.5605166515404463,93.0,8.0,정체,127.0706640715975624_37.5605166515404463|127.0705722364046579_37.5603898954754172|127.0704683779562885_37.5602825803238645|127.0700092988272303_37.5598645946951990
2026-09-04T09:00:31.559343+09:00,장한평역,장한평역,POI049,KEY_2,1030012002,가람길,1030025801,성동구-동대문구,127.0707817230801879_37.5604626329549873,1030023701,용답동 240-4,127.0682330886596105_37.5579990528862595,355.0,25.0,원활,127.0682330886596105_37.5579990528862595|127.0682713264218222_37.5580472346584813|127.0694220521514950_37.5591357771302228|127.0700648947949958_37.5597509782769521|127.0705733957858143_37.5602139373299835|127.0706853580158793_37.5603296259075634|127.0707817230801879_37.5604626329549873
2026-09-04T09:00:31.559343+09:00,장한평역,장한평역,POI049,KEY_2,1030017102,천호대로,1030029003,서울교통공사교차로,127.0578745193384265_37.5629294913580480,1030029503,용답동주민센터,127.0564081740788112_37.5640263140196851,178.0,26.0,원활,127.0564081740788112_37.5640263140196851|127.0568949124193523_37.5636634045143367|127.0578745193384265_37.5629294913580480
2026-09-04T09:00:31.559343+09:00,장한평역,장한평역,POI049,KEY_2,1030042100,자동차시장1길,1030025002,용답동 240-2,127.0699220168489063_37.5597832874840591,1030025602,용답동 239-5,127.0694795460457556_37.5601914548097326,61.0,12.0,정체,127.0694795460457556_37.5601914548097326|127.0695305735004013_37.5600964768313617|127.0696184689939514_37.5600157840238040|127.0699220168489063_37.5597832874840591
2026-09-04T09:00:31.559343+09:00,장한평역,장한평역,POI049,KEY_2,1030042200,자동차시장1길,1030025601,용답동 239-5,127.0696120309735733_37.5602198077237688,1030025001,용답동 240-1,127.0700092988272303_37.5598645946951990,53.0,18.0,서행,127.0700092988272303_37.5598645946951990|127.0697171805729795_37.5600901967641434|127.0696470980665111_37.5601545368586756|127.0696120309735733_37.5602198077237688
2026-09-04T09:00:31.559343+09:00,장한평역,장한평역,POI049,KEY_2,1030042700,자동차시장3길,1030080700,용답동 239-3,127.0626580313124947_37.5609577004758961,1030027803,삼우빌딩,127.0628177151623248_37.5616798556884603,81.0,17.0,서행,127.0628177151623248_37.5616798556884603|127.0626580313124947_37.5609577004758961
2026-09-04T09:00:31.559343+09:00,장한평역,장한평역,POI049,KEY_2,1030042800,자동차시장3길,1030080600,용답동 239-3,127.0627917926856298_37.5609389568733505,1030038000,장한평역7번출구,127.0642965515912124_37.5607284470047276,236.0,27.0,원활,127.0642965515912124_37.5607284470047276|127.0642919871739025_37.5606456812307528|127.0642121002419458_37.5602787658555144|127.0626960956658564_37.5605061731907739|127.0627917926856298_37.5609389568733505
2026-09-04T09:00:31.559343+09:00,장한평역,장한평역,POI049,KEY_2,1030042900,동부간선도로,1030025100,군자교,127.0694914376022950_37.5589895207302717,1030025900,군자교,127.0701175317999514_37.5606705619671146,245.0,20.0,정체,127.0701175317999514_37.5606705619671146|127.0701588230862740_37.5606421344186856|127.0703302081732744_37.5605330560024129|127.0704744811331182_37.5604501125154187|127.0705707399724815_37.5603813026632807|127.0706430880468929_37.5603028663759204|127.0706644954758104_37.5602266292418747|127.0706589284612562_37.5601526796620746|127.0706174413148659_37.5600738294254697|127.0705369816159589_37.5599996065564454|127.0701675448919445_37.5596453078755275|127.0696728701305318_37.5591903883753986|127.0694914376022950_37.5589895207302717
2026-09-04T09:00:31.559343+09:00,장한평역,장한평역,POI049,KEY_2,1030043000,천호대로,1030025900,군자교,127.0701175317999514_37.5606705619671146,1030025601,용답동 239-5,127.0696120309735733_37.5602198077237688,75.0,18.0,서행,127.0696120309735733_37.5602198077237688|127.0696067747692268_37.5603510950565536|127.0696425209936535_37.5604426666000180|127.0696971621084259_37.5605078953501774|127.0697978344584129_37.5605650500695276|127.0699303168950109_37.5606141201434482|127.0701175317999514_37.5606705619671146
2026-09-04T09:00:31.559343+09:00,장한평역,장한평역,POI049,KEY_2,1030043100,자동차시장1길,1030025602,용답동 239-5,127.0694795460457556_37.5601914548097326,1030026100,라이온스협회,127.0691306361139681_37.5608034688155001,81.0,16.0,서행,127.0691306361139681_37.5608034688155001|127.0694073891156535_37.5606186787137730|127.0694528594828796_37.5605343709423138|127.0694836450661569_37.5604530829262657|127.0694884192480600_37.5603472850821021|127.0694795460457556_37.5601914548097326
2026-09-04T09:00:31.559343+09:00,장한평역,장한평역,POI049,KEY_2,1030043600,천호대로,1030027202,장한평역교차로,127.0646338799710691_37.5614219416917337,1030026000,장한평역6번출구,127.0644306438098852_37.5607147328150148,81.0,12.0,정체,127.0644306438098852_37.5607147328150148|127.0646338799710691_37.5614219416917337
2026-09-04T09:00:31.559343+09:00,장한평역,장한평역,POI049,KEY_2,1030043700,천호대로,1030038000,장한평역7번출구,127.0642965515912124_37.5607284470047276,1030027203,장한평역교차로,127.0645000404244058_37.5614407132058119,81.0,22.5,서행,127.0645000404244058_37.5614407132058119|127.0642965515912124_37.5607284470047276
2026-09-04T09:00:31.559343+09:00,장한평역,장한평역,POI049,KEY_2,1030043800,천호대로,1030026700,장한평역4번출구,127.0656589832994428_37.5612806361296876,1030026000,장한평역6번출구,127.0644306438098852_37.5607147328150148,137.0,16.0,서행,127.0644306438098852_37.5607147328150148|127.0644883447035483_37.5608696060678895|127.0645396457863825_37.5609422560306925|127.0650642651593358_37.5612257396806299|127.0652499748754849_37.5612756983665648|127.0656589832994428_37.5612806361296876
2026-09-04T09:00:31.559343+09:00,장한평역,장한평역,POI049,KEY_2,1030044400,천호대로,1030038000,장한평역7번출구,127.0642965515912124_37.5607284470047276,1030027300,장한평역,127.0636749913523147_37.5615582305417988,115.0,7.0,정체,127.0636749913523147_37.5615582305417988|127.0639414383298202_37.5614051441747350|127.0643184084713226_37.5609949102709848|127.0643323818184314_37.5609211146359243|127.0642965515912124_37.5607284470047276
2026-09-04T09:00:31.559343+09:00,장한평역,장한평역,POI049,KEY_2,1030045300,자동차시장길,1030029002,서울교통공사교차로,127.0579838383515892_37.5628589219914772,1030028401,용답동 223-7,127.0575234094467589_37.5620294127739029,101.0,7.0,정체,127.0575234094467589_37.5620294127739029|127.0579838383515892_37.5628589219914772
2026-09-04T09:00:31.559343+09:00,장한평역,장한평역,POI049,KEY_2,1030045700,자동차시장길,1030028404,용답동 223-19,127.0573991760311685_37.5620731101225971,1030029003,서울교통공사교차로,127.0578745193384265_37.5629294913580480,104.0,21.0,서행,127.0578745193384265_37.5629294913580480|127.0573991760311685_37.5620731101225971
2026-09-04T09:00:31.559343+09:00,장한평역,장한평역,POI049,KEY_2,1030067701,자동차시장1길,1030042902,용답동 239-2,127.0592655428368971_37.5614411693530243,1030042802,용답동 249-21,127.0586601470560026_37.5584360317965817,338.0,21.0,서행,127.0586601470560026_37.5584360317965817|127.0592655428368971_37.5614411693530243
2026-09-04T09:00:31.559343+09:00,장한평역,장한평역,POI049,KEY_2,1030067801,자동차시장1길,1030042805,용답동 249-21,127.0585192522324434_37.5584540194234151,1030042903,용답동 239-2,127.0591555949161631_37.5614569664410283,338.0,22.0,서행,127.0591555949161631_37.5614569664410283|127.0589707952441216_37.5606568616105108|127.0587149008319727_37.5594097878991775|127.0585192522324434_37.5584540194234151
2026-09-04T09:00:31.559343+09:00,장한평역,장한평역,POI049,KEY_2,1030067901,천호대로,1030042903,용답동 239-2,127.0591555949161631_37.5614569664410283,1050037604,용답동 224-1,127.0593516529250167_37.5622234716224668,87.0,20.0,서행,127.0593516529250167_37.5622234716224668|127.0591555949161631_37.5614569664410283
2026-09-04T09:00:31.559343+09:00,장한평역,장한평역,POI049,KEY_2,1030068001,천호대로,1050037603,용답동 224-1,127.0594543668739362_37.5621991150526071,1030042902,용답동 239-2,127.0592655428368971_37.5614411693530243,86.0,19.0,서행,127.0592655428368971_37.5614411693530243|127.0594543668739362_37.5621991150526071
2026-09-04T09:00:31.559343+09:00,장한평역,장한평역,POI049,KEY_2,1030068101,천호대로,1030028202,속성변화점,127.0611684529429226_37.5619230648949838,1050037603,용답동 224-1,127.0594543668739362_37.5621991150526071,155.0,24.0,서행,127.0594543668739362_37.5621991150526071|127.0599505289799538_37.5621043679588453|127.0605582898425752_37.5620063564312687|127.0610367609639724_37.5619418819347644|127.0611684529429226_37.5619230648949838
2026-09-04T09:00:31.559343+09:00,장한평역,장한평역,POI049,KEY_2,1050003701,천호대로,1030026700,장한평역4번출구,127.0656589832994428_37.5612806361296876,1030027202,장한평역교차로,127.0646338799710691_37.5614219416917337,92.0,30.7,원활,127.0646338799710691_37.5614219416917337|127.0656589832994428_37.5612806361296876
2026-09-04T09:00:31.559343+09:00,장한평역,장한평역,POI049,KEY_2,1050003702,천호대로,1030142800,용답동 224-4,127.0664727944246266_37.5611684491970195,1030026700,장한평역4번출구,127.0656589832994428_37.5612806361296876,73.0,31.0,원활,127.0656589832994428_37.5612806361296876|127.0664727944246266_37.5611684491970195
2026-09-04T09:00:31.559343+09:00,장한평역,장한평역,POI049,KEY_2,1050003703,천호대로,1030025900,군자교,127.0701175317999514_37.5606705619671146,1030026100,라이온스협회,127.0691306361139681_37.5608034688155001,88.0,26.0,원활,127.0691306361139681_37.5608034688155001|127.0701175317999514_37.5606705619671146
2026-09-04T09:00:31.559343+09:00,장한평역,장한평역,POI049,KEY_2,1050003704,천호대로,1050000102,군자교(서측),127.0711993828658564_37.5603647197320356,1030025900,군자교,127.0701175317999514_37.5606705619671146,102.0,19.0,서행,127.0701175317999514_37.5606705619671146|127.0704641978875031_37.5606175571749645|127.0705054805498690_37.5606077738345903|127.0706494170174636_37.5605736634553082|127.0708085808709313_37.5605205660757449|127.0711993828658564_37.5603647197320356
2026-09-04T09:00:31.559343+09:00,장한평역,장한평역,POI049,KEY_2,1050003801,천호대로,1030027201,장한평역교차로,127.0646811371104974_37.5615251565540902,1030027100,장한평역4번출구,127.0656821580608806_37.5613871696903487,90.0,27.0,원활,127.0656821580608806_37.5613871696903487|127.0646811371104974_37.5615251565540902
2026-09-04T09:00:31.559343+09:00,장한평역,장한평역,POI049,KEY_2,1050003802,천호대로,1050182700,장안동 472-2,127.0681955840067872_37.5610410993414305,1030026300,라이온스협회,127.0691536413907556_37.5609100252266259,86.0,30.0,원활,127.0691536413907556_37.5609100252266259|127.0681955840067872_37.5610410993414305
2026-09-04T09:00:31.559343+09:00,장한평역,장한평역,POI049,KEY_2,1050003803,천호대로,1030026300,라이온스협회,127.0691536413907556_37.5609100252266259,1030026200,군자교,127.0705442307436215_37.5607113995430026,125.0,23.0,서행,127.0705442307436215_37.5607113995430026|127.0704971680179369_37.5607225522591150|127.0702565777095998_37.5607614916846231|127.0691536413907556_37.5609100252266259
2026-09-04T09:00:31.559343+09:00,장한평역,장한평역,POI049,KEY_2,1050003804,천호대로,1030026200,군자교,127.0705442307436215_37.5607113995430026,1050000101,군자교(서측),127.0712602140736749_37.5604613880901894,69.0,32.5,원활,127.0712602140736749_37.5604613880901894|127.0708653074909336_37.5606188704233190|127.0706951706114012_37.5606756288918504|127.0705442307436215_37.5607113995430026
2026-09-04T09:00:31.559343+09:00,장한평역,장한평역,POI049,KEY_2,1050004101,장안벚꽃로,1030025802,성동구-동대문구,127.0706640715975624_37.5605166515404463,1050006202,스타PARK아파트,127.0710770045332794_37.5612054138542319,85.0,21.0,서행,127.0710770045332794_37.5612054138542319|127.0710244567467413_37.5610846116788082|127.0708417416250740_37.5607618772411485|127.0706640715975624_37.5605166515404463
2026-09-04T09:00:31.559343+09:00,장한평역,장한평역,POI049,KEY_2,1050004201,장안벚꽃로,1050006902,장평중삼거리,127.0727984448601973_37.5640374509294048,1030025801,성동구-동대문구,127.0707817230801879_37.5604626329549873,435.0,20.0,서행,127.0707817230801879_37.5604626329549873|127.0709627796551615_37.5607125326513867|127.0711508180029909_37.5610446682990400|127.0712256550306734_37.5612171568160065|127.0719049732423827_37.5624755506617305|127.0719083965326774_37.5624815351401935|127.0724829889732064_37.5634860028182516|127.0727984448601973_37.5640374509294048
2026-09-04T09:00:31.559343+09:00,장한평역,장한평역,POI049,KEY_2,1050004301,장한로,1030027204,장한평역교차로,127.0645425885173267_37.5615444898432358,1050006500,장한평역3번출구,127.0649900197555695_37.5622444247279859,87.0,9.0,정체,127.0649900197555695_37.5622444247279859|127.0647189347308625_37.5618452736188502|127.0645425885173267_37.5615444898432358
2026-09-04T09:00:31.559343+09:00,장한평역,장한평역,POI049,KEY_2,1050004401,장한로,1050006400,장한평역3번출구,127.0651094957785290_37.5621930039047314,1030027201,장한평역교차로,127.0646811371104974_37.5615251565540902,83.0,26.0,원활,127.0646811371104974_37.5615251565540902|127.0648403153393673_37.5617966577238533|127.0651094957785290_37.5621930039047314
2026-09-04T09:00:31.559343+09:00,장한평역,장한평역,POI049,KEY_2,1050004402,장한로,1050192900,장안동 469-11,127.0663180099621172_37.5639029871303052,1050006400,장한평역3번출구,127.0651094957785290_37.5621930039047314,218.0,18.0,서행,127.0651094957785290_37.5621930039047314|127.0651485250990049_37.5622504704536908|127.0657164059681463_37.5630528220107180|127.0663142631000824_37.5638975049516048|127.0663180099621172_37.5639029871303052
2026-09-04T09:00:31.559343+09:00,장한평역,장한평역,POI049,KEY_2,1050022100,동부간선도로,1030026200,군자교,127.0705442307436215_37.5607113995430026,1050006300,군자교,127.0720004031899322_37.5621203836883524,222.0,10.0,정체,127.0720004031899322_37.5621203836883524|127.0719124162673950_37.5619998686712364|127.0717011281758602_37.5616480562349011|127.0713330110081216_37.5610610060558585|127.0711977074599162_37.5608334788595997|127.0711548207308255_37.5607894423738884|127.0710831415277795_37.5607510247067253|127.0710257228409432_37.5607336456998340|127.0709635215755213_37.5607143405057471|127.0708365577721253_37.5607043400018696|127.0706313913964181_37.5607075218010138|127.0705442307436215_37.5607113995430026
2026-09-04T09:00:31.559343+09:00,장한평역,장한평역,POI049,KEY_2,1050022200,천호대로,1030026300,라이온스협회,127.0691536413907556_37.5609100252266259,1050006102,장안동 480-18,127.0701242734518246_37.5613305352848741,114.0,19.0,서행,127.0701242734518246_37.5613305352848741|127.0700742397946641_37.5611803454351119|127.0700258934481752_37.5610683928558586|127.0699803263200351_37.5610150205068578|127.0699179915692838_37.5609654719892205|127.0698269259394664_37.5609331053207214|127.0691536413907556_37.5609100252266259
2026-09-04T09:00:31.559343+09:00,장한평역,장한평역,POI049,KEY_2,1050022300,장한로6길,1050006101,장안동 480-18,127.0702429499912540_37.5612779573610780,1030026200,군자교,127.0705442307436215_37.5607113995430026,76.0,12.0,정체,127.0705442307436215_37.5607113995430026|127.0702796801526802_37.5609023226316836|127.0702126735769895_37.5609786471802849|127.0701791995159908_37.5610492304342856|127.0701954473470465_37.5611536003310675|127.0702429499912540_37.5612779573610780
2026-09-04T09:00:31.559343+09:00,장한평역,장한평역,POI049,KEY_2,1050022400,장한로6길,1050006202,스타PARK아파트,127.0710770045332794_37.5612054138542319,1050006101,장안동 480-18,127.0702429499912540_37.5612779573610780,83.0,11.0,정체,127.0702429499912540_37.5612779573610780|127.0702801463518199_37.5613311624989521|127.0703338871004888_37.5613656098335653|127.0704211455896342_37.5613866942983634|127.0705169868264193_37.5613850477364934|127.0706453297080998_37.5613572581594894|127.0710770045332794_37.5612054138542319
2026-09-04T09:00:31.559343+09:00,장한평역,장한평역,POI049,KEY_2,1050022500,장한로6길,1050006102,장안동 480-18,127.0701242734518246_37.5613305352848741,1050006201,스타PARK아파트,127.0711261546019557_37.5613063290945135,100.0,24.0,서행,127.0711261546019557_37.5613063290945135|127.0706908564927318_37.5614594480678008|127.0705365648764769_37.5614928555958727|127.0704024220371053_37.5614951602215967|127.0702692269588425_37.5614629766860162|127.0701743445387848_37.5614021572867713|127.0701242734518246_37.5613305352848741
2026-09-04T09:00:31.559343+09:00,장한평역,장한평역,POI049,KEY_2,1050022600,장한로,1050006400,장한평역3번출구,127.0651094957785290_37.5621930039047314,1030027100,장한평역4번출구,127.0656821580608806_37.5613871696903487,116.0,17.0,서행,127.0656821580608806_37.5613871696903487|127.0653729485284629_37.5614973322629879|127.0652831827717080_37.5615808178176422|127.0650499368940558_37.5619671370952375|127.0650380478297450_37.5620696509166976|127.0651094957785290_37.5621930039047314
2026-09-04T09:00:31.559343+09:00,장한평역,장한평역,POI049,KEY_2,1050022700,천호대로,1030027900,장한평역,127.0636987461977441_37.5616646830852758,1050006500,장한평역3번출구,127.0649900197555695_37.5622444247279859,136.0,17.0,서행,127.0649900197555695_37.5622444247279859|127.0648504970743886_37.5620680286746094|127.0647175295089113_37.5619649357354461|127.0640914430972686_37.5617245048653601|127.0636987461977441_37.5616646830852758
2026-09-04T09:00:31.559343+09:00,장한평역,장한평역,POI049,KEY_2,1050056700,천호대로,1030027900,장한평역,127.0636987461977441_37.5616646830852758,1030027204,장한평역교차로,127.0645425885173267_37.5615444898432358,76.0,31.0,원활,127.0645425885173267_37.5615444898432358|127.0636987461977441_37.5616646830852758
2026-09-04T09:00:31.559343+09:00,장한평역,장한평역,POI049,KEY_2,1050056800,천호대로,1030027203,장한평역교차로,127.0645000404244058_37.5614407132058119,1030027300,장한평역,127.0636749913523147_37.5615582305417988,74.0,24.0,서행,127.0636749913523147_37.5615582305417988|127.0645000404244058_37.5614407132058119
2026-09-04T09:00:31.559343+09:00,장한평역,장한평역,POI049,KEY_2,1050056900,천호대로,1030027804,속성변화점,127.0628424554379450_37.5617861664547803,1030027900,장한평역,127.0636987461977441_37.5616646830852758,77.0,31.0,원활,127.0636987461977441_37.5616646830852758|127.0629751084912300_37.5617670089779025|127.0628424554379450_37.5617861664547803
2026-09-04T09:00:31.559343+09:00,장한평역,장한평역,POI049,KEY_2,1050057000,천호대로,1030027300,장한평역,127.0636749913523147_37.5615582305417988,1030027802,삼우빌딩,127.0629513549016281_37.5616605554283538,65.0,24.0,서행,127.0629513549016281_37.5616605554283538|127.0636749913523147_37.5615582305417988
2026-09-04T09:00:31.559343+09:00,장한평역,장한평역,POI049,KEY_2,1050057100,천호대로,1030028201,삼지빌딩,127.0611931909564305_37.5620293760044888,1030027804,속성변화점,127.0628424554379450_37.5617861664547803,148.0,31.0,원활,127.0628424554379450_37.5617861664547803|127.0611931909564305_37.5620293760044888
2026-09-04T09:00:31.559343+09:00,장한평역,장한평역,POI049,KEY_2,1050057200,천호대로,1030027803,삼우빌딩,127.0628177151623248_37.5616798556884603,1030028202,속성변화점,127.0611684529429226_37.5619230648949838,148.0,24.0,서행,127.0611684529429226_37.5619230648949838|127.0628177151623248_37.5616798556884603
2026-09-04T09:00:31.559343+09:00,장한평역,장한평역,POI049,KEY_2,1050057600,한천로,1050186700,장안동 482,127.0585815604546411_37.5635640107395758,1030029001,서울교통공사교차로,127.0580467272918384_37.5629540333191940,83.0,12.0,정체,127.0580467272918384_37.5629540333191940|127.0582247213048817_37.5631696643374866|127.0584722924049856_37.5634554227117903|127.0585815604546411_37.5635640107395758
2026-09-04T09:00:31.559343+09:00,장한평역,장한평역,POI049,KEY_2,1050057700,한천로,1030029004,서울교통공사교차로,127.0579437153332236_37.5630261230406859,1050006708,부품상가삼거리,127.0586134993678229_37.5637686922705853,102.0,13.0,정체,127.0586134993678229_37.5637686922705853|127.0584755531634755_37.5636316051894639|127.0583632433165064_37.5635199943106954|127.0581120472439380_37.5632300505651315|127.0579437153332236_37.5630261230406859
2026-09-04T09:00:31.559343+09:00,장한평역,장한평역,POI049,KEY_2,1050057800,천호대로,1030029300,국정일보,127.0569879986479975_37.5637421382279157,1030029004,서울교통공사교차로,127.0579437153332236_37.5630261230406859,116.0,12.0,정체,127.0579437153332236_37.5630261230406859|127.0569879986479975_37.5637421382279157
2026-09-04T09:00:31.559343+09:00,장한평역,장한평역,POI049,KEY_2,1050058000,한천로,1050196700,장안동 482,127.0589404032238434_37.5638901989359084,1050006706,부품상가삼거리,127.0588015705685905_37.5637757166667043,18.0,24.0,서행,127.0588015705685905_37.5637757166667043|127.0589253275586685_37.5638795739207936|127.0589404032238434_37.5638901989359084
2026-09-04T09:00:31.559343+09:00,장한평역,장한평역,POI049,KEY_2,1050058100,한천로,1050006709,부품상가삼거리,127.0587030276794707_37.5638501243244036,1050006705,답십리동217-1,127.0608648877731355_37.5653900420829316,256.0,33.0,원활,127.0608648877731355_37.5653900420829316|127.0608585785979727_37.5653846154118582|127.0601635343737428_37.5648966245898634|127.0595596446630680_37.5644710284825152|127.0588503675639771_37.5639711495952753|127.0588308591260471_37.5639574004323364|127.0587030276794707_37.5638501243244036
2026-09-04T09:00:31.559343+09:00,장한평역,장한평역,POI049,KEY_2,1050058300,황물로,1050180200,답십리동 952-2,127.0582500024359831_37.5641933476752001,1050006709,부품상가삼거리,127.0587030276794707_37.5638501243244036,55.0,24.0,서행,127.0587030276794707_37.5638501243244036|127.0582500024359831_37.5641933476752001
2026-09-04T09:00:31.559343+09:00,장한평역,장한평역,POI049,KEY_2,1050058400,황물로,1050006708,부품상가삼거리,127.0586134993678229_37.5637686922705853,1050007304,답십리5지구대,127.0572514594513081_37.5647808125362559,165.0,26.0,원활,127.0572514594513081_37.5647808125362559|127.0574015441680302_37.5646868882744229|127.0581563634882087_37.5641150296059152|127.0586134993678229_37.5637686922705853
2026-09-04T09:00:31.559343+09:00,장한평역,장한평역,POI049,KEY_2,1050060501,천호대로,1050037604,용답동 224-1,127.0593516529250167_37.5622234716224668,1030029002,서울교통공사교차로,127.0579838383515892_37.5628589219914772,141.0,24.0,서행,127.0579838383515892_37.5628589219914772|127.0583281599183607_37.5626484148036894|127.0585326584047294_37.5625320039678314|127.0586760384163370_37.5624593052762776|127.0588775323544439_37.5623721768169858|127.0591413146442079_37.5622827454154162|127.0593516529250167_37.5622234716224668
2026-09-04T09:00:31.559343+09:00,장한평역,장한평역,POI049,KEY_2,1050060701,천호대로,1030029001,서울교통공사교차로,127.0580467272918384_37.5629540333191940,1030028204,삼지빌딩,127.0610595386931436_37.5620489976538323,289.0,21.0,서행,127.0610595386931436_37.5620489976538323|127.0606213566722289_37.5621124992959707|127.0603677903037863_37.5621498628990125|127.0600291775151192_37.5622083156058935|127.0597429978717088_37.5622556964060195|127.0594898707176554_37.5623079996906881|127.0593992958180536_37.5623295887485327|127.0591519469817428_37.5623999606302093|127.0589803520694687_37.5624570624331540|127.0588427266968807_37.5625140092085132|127.0586312982700150_37.5626056078786874|127.0584595127480583_37.5626951007398233|127.0580467272918384_37.5629540333191940
2026-09-04T09:00:31.559343+09:00,천호역,천호역,POI050,KEY_3,1230091500,풍성로25길,1230423100,최소노드배치점,127.1213202475153992_37.5366159926774401,1230057202,풍납1동주민센터,127.1222889993939589_37.5389396716807582,284.0,21.0,서행,127.1222889993939589_37.5389396716807582|127.1219021881112354_37.5382276816301328|127.1213833795709434_37.5372923015735083|127.1214025863991282_37.5372101448766955|127.1215441560175634_37.5371087097441318|127.1215461125996882_37.5370684600636437|127.1213202475153992_37.5366159926774401
2026-09-04T09:00:31.559343+09:00,천호역,천호역,POI050,KEY_3,1230091700,천호대로,1230056700,천호사거리,127.1231991095257143_37.5382127630712290,1230057100,천호사거리,127.1228015509893083_37.5387585883164832,73.0,18.0,서행,127.1228015509893083_37.5387585883164832|127.1229241648776735_37.5386668308833507|127.1230198352073586_37.5385885389022675|127.1231277941631106_37.5384743769456719|127.1231768092596184_37.5383908689299020|127.1231970416041435_37.5382921018591134|127.1231991095257143_37.5382127630712290
2026-09-04T09:00:31.559343+09:00,천호역,천호역,POI050,KEY_3,1230094400,올림픽대로,1230057202,풍납1동주민센터,127.1222889993939589_37.5389396716807582,1230057601,풍납1동사무소,127.1206171273850600_37.5398267942077126,180.0,21.0,정체,127.1206171273850600_37.5398267942077126|127.1206402519064369_37.5398105049192665|127.1208137207095632_37.5397054359141791|127.1211101440944589_37.5395116516381009|127.1213039218144303_37.5393779552428981|127.1217585328710840_37.5391085831531299|127.1221845741995793_37.5389460379588940|127.1222889993939589_37.5389396716807582
2026-09-04T09:00:31.559343+09:00,천호역,천호역,POI050,KEY_3,1240000503,천호대로,1249137600,성내동 5-19,127.1280382627610948_37.5371810929529701,1240015902,천호신사거리,127.1265613525916365_37.5376636665247787,141.0,32.0,원활,127.1265613525916365_37.5376636665247787|127.1275442594800751_37.5373425089920758|127.1280382627610948_37.5371810929529701
2026-09-04T09:00:31.559343+09:00,천호역,천호역,POI050,KEY_3,1240000901,천호대로,1240015903,천호신사거리,127.1264313401249240_37.5377030556450677,1240016102,속성변화점,127.1258227718012819_37.5378782795148567,57.0,29.0,원활,127.1258227718012819_37.5378782795148567|127.1264313401249240_37.5377030556450677
2026-09-04T09:00:31.559343+09:00,천호역,천호역,POI050,KEY_3,1240000902,천호대로,1240016102,속성변화점,127.1258227718012819_37.5378782795148567,1240016400,천호역7번출구,127.1242070043111596_37.5383086791756000,151.0,27.5,원활,127.1242070043111596_37.5383086791756000|127.1248744937185933_37.5381079577954324|127.1255448371520913_37.5379047060162492|127.1258227718012819_37.5378782795148567
2026-09-04T09:00:31.559343+09:00,천호역,천호역,POI050,KEY_3,1240000903,천호대로,1240016400,천호역7번출구,127.1242070043111596_37.5383086791756000,1230057002,천호사거리,127.1234478477520184_37.5385370305723569,72.0,26.0,원활,127.1234478477520184_37.5385370305723569|127.1242070043111596_37.5383086791756000
2026-09-04T09:00:31.559343+09:00,천호역,천호역,POI050,KEY_3,1240001001,천호대로,1240016101,속성변화점,127.1258700127424532_37.5379796401749530,1240015904,천호신사거리,127.1264995678300238_37.5377983808995310,59.0,33.5,원활,127.1264995678300238_37.5377983808995310|127.1258700127424532_37.5379796401749530
2026-09-04T09:00:31.559343+09:00,천호역,천호역,POI050,KEY_3,1240001003,천호대로,1230057001,천호사거리,127.1235172823043769_37.5387460209010086,1240016500,천호사거리,127.1240195713131129_37.5385827314211369,48.0,9.0,정체,127.1240195713131129_37.5385827314211369|127.1235172823043769_37.5387460209010086
2026-09-04T09:00:31.559343+09:00,천호역,천호역,POI050,KEY_3,1240001301,천호대로,1230057003,천호사거리,127.1233208369298211_37.5385774148515452,1230057100,천호사거리,127.1228015509893083_37.5387585883164832,50.0,6.0,정체,127.1228015509893083_37.5387585883164832|127.1233208369298211_37.5385774148515452
2026-09-04T09:00:31.559343+09:00,천호역,천호역,POI050,KEY_3,1240001302,천호대로,1230057100,천호사거리,127.1228015509893083_37.5387585883164832,1230057201,풍납1동주민센터,127.1224128179309645_37.5388942112432815,38.0,4.0,정체,127.1224128179309645_37.5388942112432815|127.1228015509893083_37.5387585883164832
2026-09-04T09:00:31.559343+09:00,천호역,천호역,POI050,KEY_3,1240001303,천호대로,1230057202,풍납1동주민센터,127.1222889993939589_37.5389396716807582,1230425800,최소노드배치점,127.1206473646241477_37.5399649693936297,187.0,5.5,정체,127.1206473646241477_37.5399649693936297|127.1208002690071339_37.5397806065349755|127.1212122107708637_37.5394811670133990|127.1217838639544340_37.5391353320378940|127.1222889993939589_37.5389396716807582
2026-09-04T09:00:31.559343+09:00,천호역,천호역,POI050,KEY_3,1240001402,천호대로,1249154200,속성변화점,127.1207370515739399_37.5400461468424780,1240032502,천호동 458-32,127.1223997000991659_37.5391372566073969,179.0,42.0,원활,127.1223997000991659_37.5391372566073969|127.1219267779063671_37.5393204408960344|127.1213813850969814_37.5396503892687647|127.1209832957351296_37.5399401536630535|127.1207370515739399_37.5400461468424780
2026-09-04T09:00:31.559343+09:00,천호역,천호역,POI050,KEY_3,1240001405,천호대로,1240032600,천호사거리,127.1229181381820865_37.5389539974583073,1230057004,천호사거리,127.1233910826555729_37.5387889914914226,46.0,34.0,원활,127.1233910826555729_37.5387889914914226|127.1229181381820865_37.5389539974583073
2026-09-04T09:00:31.559343+09:00,천호역,천호역,POI050,KEY_3,1240001406,천호대로,1240032501,성내동 71-18,127.1225232060097312_37.5390917822839612,1240032600,천호사거리,127.1229181381820865_37.5389539974583073,38.0,35.0,원활,127.1229181381820865_37.5389539974583073|127.1225232060097312_37.5390917822839612
2026-09-04T09:00:31.559343+09:00,천호역,천호역,POI050,KEY_3,1240009300,천호옛길,1249137900,성내동 610-4,127.1258292313183631_37.5369283484509992,1240015903,천호신사거리,127.1264313401249240_37.5377030556450677,101.0,17.5,서행,127.1264313401249240_37.5377030556450677|127.1263164556896612_37.5375642510170380|127.1262594729914213_37.5374954036653037|127.1260023829827759_37.5371565622425933|127.1258292313183631_37.5369283484509992
2026-09-04T09:00:31.559343+09:00,천호역,천호역,POI050,KEY_3,1240009701,올림픽로,1230270600,풍납동 490-16,127.1226668613505808_37.5366443114647481,1230056700,천호사거리,127.1231991095257143_37.5382127630712290,180.0,18.0,서행,127.1231991095257143_37.5382127630712290|127.1229568202109164_37.5374869408773861|127.1228079874914840_37.5370410778011561|127.1226668613505808_37.5366443114647481
2026-09-04T09:00:31.559343+09:00,천호역,천호역,POI050,KEY_3,1240009702,올림픽로,1230056700,천호사거리,127.1231991095257143_37.5382127630712290,1230057003,천호사거리,127.1233208369298211_37.5385774148515452,42.0,22.0,서행,127.1233208369298211_37.5385774148515452|127.1231991095257143_37.5382127630712290
2026-09-04T09:00:31.559343+09:00,천호역,천호역,POI050,KEY_3,1240009802,올림픽로,1230057002,천호사거리,127.1234478477520184_37.5385370305723569,1230056800,천호사거리,127.1233125521570173_37.5381317339889833,47.0,4.0,정체,127.1233125521570173_37.5381317339889833|127.1234478477520184_37.5385370305723569
2026-09-04T09:00:31.559343+09:00,천호역,천호역,POI050,KEY_3,1240010501,진황도로,1249115700,천호동 410-382,127.1297282195018568_37.5392494506617709,1240003403,천호시장사거리,127.1279040058523577_37.5402699692055037,197.0,17.0,서행,127.1279040058523577_37.5402699692055037|127.1281233888413453_37.5401494195158278|127.1292799313315243_37.5395010700264251|127.1296483811764944_37.5392945149189714|127.1297282195018568_37.5392494506617709
2026-09-04T09:00:31.559343+09:00,천호역,천호역,POI050,KEY_3,1240011101,올림픽로,1230057004,천호사거리,127.1233910826555729_37.5387889914914226,1240017000,천호사거리,127.1235011793470306_37.5391221481703639,38.0,15.0,서행,127.1235011793470306_37.5391221481703639|127.1233910826555729_37.5387889914914226
2026-09-04T09:00:31.559343+09:00,천호역,천호역,POI050,KEY_3,1240011102,올림픽로,1249104900,천호동 428-2,127.1237027452071828_37.5397320880800720,1240003704,광진교남단사거리,127.1242723015992340_37.5412434639985975,175.0,19.0,서행,127.1242723015992340_37.5412434639985975|127.1240122340375507_37.5405538642123275|127.1238499365141621_37.5401235064093299|127.1237057177538929_37.5397410829525455|127.1237027452071828_37.5397320880800720
2026-09-04T09:00:31.559343+09:00,천호역,천호역,POI050,KEY_3,1240011201,올림픽로,1240016900,천호사거리,127.1236242721152223_37.5390697740102013,1230057001,천호사거리,127.1235172823043769_37.5387460209010086,37.0,6.0,정체,127.1235172823043769_37.5387460209010086|127.1236242721152223_37.5390697740102013
2026-09-04T09:00:31.559343+09:00,천호역,천호역,POI050,KEY_3,1240011202,올림픽로,1249118200,천호동 428-2,127.1237604673641783_37.5394819021781032,1240016900,천호사거리,127.1236242721152223_37.5390697740102013,47.0,12.3,정체,127.1236242721152223_37.5390697740102013|127.1237604673641783_37.5394819021781032
2026-09-04T09:00:31.559343+09:00,천호역,천호역,POI050,KEY_3,1240011501,구천면로,1240003408,킴스클럽(천호점),127.1261364525714015_37.5407094515659523,1240003703,광진교남단사거리,127.1243975126236307_37.5411995502778808,163.0,10.5,정체,127.1243975126236307_37.5411995502778808|127.1250523370211170_37.5410149998832807|127.1252564276983179_37.5409574796942067|127.1261364525714015_37.5407094515659523
2026-09-04T09:00:31.559343+09:00,천호역,천호역,POI050,KEY_3,1240011502,구천면로,1249123800,천호동 418-2,127.1266871986057225_37.5405542240687140,1240003407,킴스클럽(천호점),127.1262650007328148_37.5406732206050719,40.0,11.5,정체,127.1262650007328148_37.5406732206050719|127.1266871986057225_37.5405542240687140
2026-09-04T09:00:31.559343+09:00,천호역,천호역,POI050,KEY_3,1240011601,구천면로,1240003406,킴스클럽(천호점),127.1263103069998266_37.5407751443387099,1240003405,천호시장사거리,127.1278224353661557_37.5404323554764829,139.0,16.0,서행,127.1278224353661557_37.5404323554764829|127.1270886044431165_37.5405616113526648|127.1270334400655173_37.5405713277208974|127.1267325053378556_37.5406561474975717|127.1263103069998266_37.5407751443387099
2026-09-04T09:00:31.559343+09:00,천호역,천호역,POI050,KEY_3,1240011602,구천면로,1249150700,천호동 435-2,127.1250976417453842_37.5411169237754336,1240003409,킴스클럽(천호점),127.1261817587292029_37.5408113753436652,102.0,6.0,정체,127.1261817587292029_37.5408113753436652|127.1253017326863954_37.5410594035665426|127.1250976417453842_37.5411169237754336
2026-09-04T09:00:31.559343+09:00,천호역,천호역,POI050,KEY_3,1240012200,구천면로,1249111600,천호동 397-441,127.1300178217984325_37.5410705636680788,1240003402,천호시장사거리,127.1279634389083384_37.5403686754933119,200.0,13.0,정체,127.1279634389083384_37.5403686754933119|127.1280961944452059_37.5404233059771144|127.1286980083948350_37.5405042767628885|127.1290074504487251_37.5405921604635040|127.1293547790916421_37.5407190682850427|127.1296108197300470_37.5408388339810557|127.1298899091390808_37.5409841225037084|127.1300178217984325_37.5410705636680788
2026-09-04T09:00:31.559343+09:00,천호역,천호역,POI050,KEY_3,1240012601,올림픽로,1249109700,천호동 373,127.1246760440397452_37.5419690104642640,1240003702,광진교남단사거리,127.1244358849439777_37.5413034277414468,77.0,21.0,서행,127.1244358849439777_37.5413034277414468|127.1246760440397452_37.5419690104642640
2026-09-04T09:00:31.559343+09:00,천호역,천호역,POI050,KEY_3,1240039600,천호대로,1240016400,천호역7번출구,127.1242070043111596_37.5383086791756000,1230056800,천호사거리,127.1233125521570173_37.5381317339889833,87.0,21.0,서행,127.1233125521570173_37.5381317339889833|127.1233894987534825_37.5382002602406928|127.1235445694257749_37.5382799014588926|127.1235912244469404_37.5383031173539337|127.1237243792602101_37.5383377934522713|127.1238241290205622_37.5383378663987912|127.1239965496080515_37.5383281493004475|127.1242070043111596_37.5383086791756000
2026-09-04T09:00:31.559343+09:00,천호역,천호역,POI050,KEY_3,1240040000,천호대로,1240016900,천호사거리,127.1236242721152223_37.5390697740102013,1240016500,천호사거리,127.1240195713131129_37.5385827314211369,66.0,22.0,서행,127.1240195713131129_37.5385827314211369|127.1238606684004111_37.5387097157003780|127.1237243793176361_37.5388452644014663|127.1236423181457553_37.5389854711084467|127.1236242721152223_37.5390697740102013
2026-09-04T09:00:31.559343+09:00,천호역,천호역,POI050,KEY_3,1240040200,천호대로157길,1249121100,천호동 454-49,127.1267213376215466_37.5381549599408473,1240003404,천호시장사거리,127.1277656314485256_37.5403316272977321,263.0,7.0,정체,127.1277656314485256_37.5403316272977321|127.1277764803604811_37.5400663754616346|127.1276287872081667_37.5395939952034325|127.1274683047712841_37.5391935724405386|127.1273335079728923_37.5389564198065386|127.1267213376215466_37.5381549599408473
2026-09-04T09:00:31.559343+09:00,천호역,천호역,POI050,KEY_3,1240040300,천호대로,1240032600,천호사거리,127.1229181381820865_37.5389539974583073,1240017000,천호사거리,127.1235011793470306_37.5391221481703639,58.0,12.0,정체,127.1235011793470306_37.5391221481703639|127.1233903598605508_37.5390373240800344|127.1232600735032037_37.5389731530963857|127.1231593473902564_37.5389564680612224|127.1230348034606692_37.5389527839542012|127.1229181381820865_37.5389539974583073
2026-09-04T09:00:31.559343+09:00,천호역,천호역,POI050,KEY_3,1240040800,천호대로151길,1249144900,천호동 459-2,127.1229562993439544_37.5398463764838937,1240032501,성내동 71-18,127.1225232060097312_37.5390917822839612,92.0,8.0,정체,127.1225232060097312_37.5390917822839612|127.1229562993439544_37.5398463764838937
2026-09-04T09:00:31.559343+09:00,천호역,천호역,POI050,KEY_3,1240041200,구천면로,1240003704,광진교남단사거리,127.1242723015992340_37.5412434639985975,1240017602,광진교남단사거리,127.1239812132037912_37.5413533959520294,29.0,4.0,정체,127.1239812132037912_37.5413533959520294|127.1241422367008767_37.5413014621294323|127.1242723015992340_37.5412434639985975
2026-09-04T09:00:31.559343+09:00,천호역,천호역,POI050,KEY_3,1240041300,구천면로,1240017604,광진교남단사거리,127.1239000032397968_37.5414954748858349,1240003705,광진교남단사거리,127.1243113956138018_37.5413499499680157,40.0,25.0,원활,127.1243113956138018_37.5413499499680157|127.1242011279294388_37.5413991198798556|127.1240321888513591_37.5414536077047316|127.1239000032397968_37.5414954748858349
2026-09-04T09:00:31.559343+09:00,천호역,천호역,POI050,KEY_3,1240041900,구천면로,1249152700,최소노드배치점,127.1194660888336898_37.5428727643710758,1240017604,광진교남단사거리,127.1239000032397968_37.5414954748858349,421.0,37.0,원활,127.1239000032397968_37.5414954748858349|127.1214621369989999_37.5422587470682814|127.1194660888336898_37.5428727643710758
2026-09-04T09:00:31.559343+09:00,천호역,천호역,POI050,KEY_3,1240221700,구천면로23길,1240003409,킴스클럽(천호점),127.1261817587292029_37.5408113753436652,1240091502,2001아울렛(천호점),127.1265123428250519_37.5413813494056541,70.0,6.0,정체,127.1265123428250519_37.5413813494056541|127.1261817587292029_37.5408113753436652
2026-09-04T09:00:31.559343+09:00,천호역,천호역,POI050,KEY_3,1240221800,구천면로23길,1240091501,2001아울렛(천호점),127.1266356131728088_37.5413360168481560,1240003406,킴스클럽(천호점),127.1263103069998266_37.5407751443387099,69.0,9.0,정체,127.1263103069998266_37.5407751443387099|127.1266356131728088_37.5413360168481560
2026-09-04T09:00:31.559343+09:00,총신대입구(이수)역,총신대입구(이수)역,POI051,KEY_4,1190008600,사당로,1190090200,사당동 1092,126.9783089913764371_37.4840630813367639,1190003002,남성초등학교앞교차로,126.9775810609628337_37.4838343819257673,69.0,13.0,정체,126.9775810609628337_37.4838343819257673|126.9779561785673252_37.4839522361997055|126.9783089913764371_37.4840630813367639
2026-09-04T09:00:31.559343+09:00,총신대입구(이수)역,총신대입구(이수)역,POI051,KEY_4,1190008700,사당로,1190055500,사당동 708-624,126.9789433675313148_37.4843786033373689,1190003204,사당동 708-436,126.9792039752670121_37.4844604770999297,25.0,24.0,서행,126.9792039752670121_37.4844604770999297|126.9789433675313148_37.4843786033373689
2026-09-04T09:00:31.559343+09:00,총신대입구(이수)역,총신대입구(이수)역,POI051,KEY_4,1190008800,동작대로23길,1190047400,사당동 1091,126.9796370105229073_37.4842213526536838,1190003203,사당동 708-624,126.9792537377390147_37.4843598906780784,38.0,14.0,정체,126.9792537377390147_37.4843598906780784|126.9793683365627430_37.4842924228876058|126.9795496091593066_37.4842357088864730|126.9796370105229073_37.4842213526536838
2026-09-04T09:00:31.559343+09:00,총신대입구(이수)역,총신대입구(이수)역,POI051,KEY_4,1190008900,동작대로23길,1190055300,사당동 708-286,126.9810081884948971_37.4842981630243912,1210023904,사당동 708-517,126.9820022856057591_37.4844625134943641,90.0,13.0,정체,126.9820022856057591_37.4844625134943641|126.9814454702967907_37.4843910349356264|126.9810081884948971_37.4842981630243912
2026-09-04T09:00:31.559343+09:00,총신대입구(이수)역,총신대입구(이수)역,POI051,KEY_4,1190009000,사당로,1190053300,사당동 144-4,126.9810923720944231_37.4850378218572331,1190003202,사당동 708-624,126.9793960972202598_37.4844105065625612,165.0,8.0,정체,126.9793960972202598_37.4844105065625612|126.9805441138140196_37.4848352529794440|126.9809554691264140_37.4849874434861832|126.9810923720944231_37.4850378218572331
2026-09-04T09:00:31.559343+09:00,총신대입구(이수)역,총신대입구(이수)역,POI051,KEY_4,1190009100,사당로,1190075300,사당동 144-4,126.9814106321940415_37.4852740285928050,1210025304,이수역앞교차로,126.9820585773020554_37.4854625425216668,61.0,23.5,서행,126.9820585773020554_37.4854625425216668|126.9816021496104241_37.4853445029508165|126.9814106321940415_37.4852740285928050
2026-09-04T09:00:31.559343+09:00,총신대입구(이수)역,총신대입구(이수)역,POI051,KEY_4,1190013101,동작대로33길,1190062300,사당동 737-4,126.9819976691939445_37.4895700925421735,1210028704,삼원빌딩,126.9824873372129446_37.4895576800631645,44.0,17.0,서행,126.9824873372129446_37.4895576800631645|126.9822796434602026_37.4895377492337332|126.9819976691939445_37.4895700925421735
2026-09-04T09:00:31.559343+09:00,총신대입구(이수)역,총신대입구(이수)역,POI051,KEY_4,1190050200,동작대로27길,1190081200,사당동 139-34,126.9811336332786027_37.4876179672351100,1210027105,총신대입구역(서울4호선),126.9821792965293241_37.4876120560627513,92.0,21.0,서행,126.9821792965293241_37.4876120560627513|126.9817506975894617_37.4876180660610103|126.9817500609947558_37.4876180660587366|126.9811357001604080_37.4876180622694832|126.9811336332786027_37.4876179672351100
2026-09-04T09:00:31.559343+09:00,총신대입구(이수)역,총신대입구(이수)역,POI051,KEY_4,1190050300,동작대로27길,1190056000,사당동 139-34,126.9804922927347235_37.4874767312889645,1190026401,사당동130-22,126.9800298494712791_37.4874517319426488,41.0,21.0,서행,126.9800298494712791_37.4874517319426488|126.9804922927347235_37.4874767312889645
2026-09-04T09:00:31.559343+09:00,총신대입구(이수)역,총신대입구(이수)역,POI051,KEY_4,1210013203,동작대로,1190045100,사당동 339-24,126.9819051206889071_37.4827596414189870,1210023903,사당동 708-808,126.9819959904761362_37.4843521900688970,177.0,13.0,정체,126.9819959904761362_37.4843521900688970|126.9819730430722444_37.4839500291722914|126.9819051206889071_37.4827596414189870
2026-09-04T09:00:31.559343+09:00,총신대입구(이수)역,총신대입구(이수)역,POI051,KEY_4,1210013204,동작대로,1210023904,사당동 708-517,126.9820022856057591_37.4844625134943641,1210025303,이수역앞교차로,126.9820527768257676_37.4853473698567683,98.0,10.0,정체,126.9820527768257676_37.4853473698567683|126.9820022856057591_37.4844625134943641
2026-09-04T09:00:31.559343+09:00,총신대입구(이수)역,총신대입구(이수)역,POI051,KEY_4,1210013303,동작대로,1210468300,방배동 495-1,126.9820406568788513_37.4827547301711093,1210020001,삼산빌딩,126.9819657161490056_37.4814413381301179,146.0,9.5,정체,126.9819657161490056_37.4814413381301179|126.9819812696377994_37.4817139283870233|126.9820406568788513_37.4827547301711093
2026-09-04T09:00:31.559343+09:00,총신대입구(이수)역,총신대입구(이수)역,POI051,KEY_4,1210016202,서초대로,1210025301,이수역앞교차로,126.9821951600873575_37.4854855974890171,1210026304,방배동 3151-4,126.9833597973550923_37.4856198848411566,104.0,5.0,정체,126.9833597973550923_37.4856198848411566|126.9821951600873575_37.4854855974890171
2026-09-04T09:00:31.559343+09:00,총신대입구(이수)역,총신대입구(이수)역,POI051,KEY_4,1210016302,서초대로,1210026303,방배동 3151-4,126.9833403088553041_37.4855083913280964,1210025302,이수역앞교차로,126.9821902192167471_37.4853757809412045,103.0,26.0,원활,126.9821902192167471_37.4853757809412045|126.9833403088553041_37.4855083913280964
2026-09-04T09:00:31.559343+09:00,총신대입구(이수)역,총신대입구(이수)역,POI051,KEY_4,1210016303,서초대로,1210468000,방배동 864-41,126.9843637683908071_37.4856223333560337,1210026302,방배동 421-5,126.9834795968043721_37.4855242287525385,79.0,8.0,정체,126.9834795968043721_37.4855242287525385|126.9843637683908071_37.4856223333560337
2026-09-04T09:00:31.559343+09:00,총신대입구(이수)역,총신대입구(이수)역,POI051,KEY_4,1210017602,동작대로,1210025304,이수역앞교차로,126.9820585773020554_37.4854625425216668,1210027108,속성변화점,126.9820894460752214_37.4863064861430431,94.0,7.0,정체,126.9820894460752214_37.4863064861430431|126.9820585773020554_37.4854625425216668
2026-09-04T09:00:31.559343+09:00,총신대입구(이수)역,총신대입구(이수)역,POI051,KEY_4,1210017605,동작대로,1190072600,사당동 708-659,126.9822597372454140_37.4884783486161339,1210028703,삼원빌딩,126.9824624742385737_37.4894463919877055,109.0,45.0,원활,126.9824624742385737_37.4894463919877055|126.9823356718194702_37.4889406987954388|126.9823189008856730_37.4888738151074250|126.9822597372454140_37.4884783486161339
2026-09-04T09:00:31.559343+09:00,총신대입구(이수)역,총신대입구(이수)역,POI051,KEY_4,1210017606,동작대로,1190071600,사당동 708-500,126.9821148939163464_37.4866945255961852,1210027104,총신대입구역(서울4호선),126.9821717135688601_37.4875040246955962,90.0,7.0,정체,126.9821717135688601_37.4875040246955962|126.9821148939163464_37.4866945255961852
2026-09-04T09:00:31.559343+09:00,총신대입구(이수)역,총신대입구(이수)역,POI051,KEY_4,1210017702,동작대로,1210027107,총신대입구역(서울4호선),126.9822250708600251_37.4863033359931279,1210025301,이수역앞교차로,126.9821951600873575_37.4854855974890171,91.0,17.0,서행,126.9821951600873575_37.4854855974890171|126.9822250708600251_37.4863033359931279
2026-09-04T09:00:31.559343+09:00,총신대입구(이수)역,총신대입구(이수)역,POI051,KEY_4,1210017704,동작대로,1210471400,방배동 2279,126.9826680850078873_37.4901113437174232,1210028701,속성변화점,126.9826217390590273_37.4895428255529453,63.0,11.0,정체,126.9826217390590273_37.4895428255529453|126.9826448796264344_37.4896757639483056|126.9826680850078873_37.4901113437174232
2026-09-04T09:00:31.559343+09:00,총신대입구(이수)역,총신대입구(이수)역,POI051,KEY_4,1210017705,동작대로,1210027102,속성변화점,126.9823147704309747_37.4876060179877726,1210027106,총신대입구역(서울4호선),126.9822309209962725_37.4864114578571730,133.0,12.0,정체,126.9822309209962725_37.4864114578571730|126.9822503662360873_37.4866884875043240|126.9823071873458957_37.4874979865397790|126.9823147704309747_37.4876060179877726
2026-09-04T09:00:31.559343+09:00,총신대입구(이수)역,총신대입구(이수)역,POI051,KEY_4,1210017706,동작대로,1210470800,방배동 1809,126.9823525562850932_37.4881443286373823,1210027102,속성변화점,126.9823147704309747_37.4876060179877726,60.0,15.0,서행,126.9823147704309747_37.4876060179877726|126.9823525562850932_37.4881443286373823
2026-09-04T09:00:31.559343+09:00,총신대입구(이수)역,총신대입구(이수)역,POI051,KEY_4,1210044801,방배천로,1210020103,방배동493-5,126.9825978472802603_37.4826827756520018,1210020106,한국영농신문,126.9825278403283733_37.4814329643019377,139.0,21.0,서행,126.9825278403283733_37.4814329643019377|126.9825978472802603_37.4826827756520018
2026-09-04T09:00:31.559343+09:00,총신대입구(이수)역,총신대입구(이수)역,POI051,KEY_4,1210044802,방배천로,1210472400,방배동 493-4,126.9826676586466476_37.4839290493333763,1210020102,방배동493-5,126.9826038978293212_37.4827907919779051,126.0,22.0,서행,126.9826038978293212_37.4827907919779051|126.9826676586466476_37.4839290493333763
2026-09-04T09:00:31.559343+09:00,총신대입구(이수)역,총신대입구(이수)역,POI051,KEY_4,1210044901,방배천로,1210472300,방배동 493-4,126.9825321154947488_37.4839338709411081,1210026303,방배동 3151-4,126.9833403088553041_37.4855083913280964,192.0,13.0,정체,126.9833403088553041_37.4855083913280964|126.9832921070280065_37.4852054761472786|126.9832496822412793_37.4850419299093005|126.9831290782554873_37.4848552868759981|126.9829544187051766_37.4846603556171800|126.9828685313590739_37.4845644993626124|126.9826696632651419_37.4842961995852448|126.9825366906737827_37.4840155473817802|126.9825321154947488_37.4839338709411081
2026-09-04T09:00:31.559343+09:00,총신대입구(이수)역,총신대입구(이수)역,POI051,KEY_4,1210044902,방배천로,1210020109,한국영농신문,126.9823923009376330_37.4814377857296748,1210020104,방배동493-5,126.9824623056363038_37.4826875971584457,139.0,10.0,정체,126.9824623056363038_37.4826875971584457|126.9823923009376330_37.4814377857296748
2026-09-04T09:00:31.559343+09:00,총신대입구(이수)역,총신대입구(이수)역,POI051,KEY_4,1210048000,방배천로,1210027302,방배한진로즈힐아파트,126.9838346401866147_37.4863793944778010,1210026301,방배동 421-5,126.9835004450508791_37.4856357060859082,89.0,21.0,서행,126.9835004450508791_37.4856357060859082|126.9835418963080116_37.4858402058014804|126.9836294430309778_37.4860775561549673|126.9836954062014343_37.4862074845377364|126.9837263206772491_37.4862683769525447|126.9838346401866147_37.4863793944778010
2026-09-04T09:00:31.559343+09:00,총신대입구(이수)역,총신대입구(이수)역,POI051,KEY_4,1210048100,방배천로,1210026304,방배동 3151-4,126.9833597973550923_37.4856198848411566,1210027303,방배한진로즈힐아파트,126.9837275241604146_37.4864457595328773,99.0,16.3,서행,126.9837275241604146_37.4864457595328773|126.9836076191972012_37.4863228679357690|126.9835696266733720_37.4862480332841841|126.9835011543169117_37.4861131614725451|126.9834093116757714_37.4858641657913410|126.9833597973550923_37.4856198848411566
2026-09-04T09:00:31.559343+09:00,총신대입구(이수)역,총신대입구(이수)역,POI051,KEY_4,1210048400,동광로12길,1210027303,방배한진로즈힐아파트,126.9837275241604146_37.4864457595328773,1210027107,총신대입구역(서울4호선),126.9822250708600251_37.4863033359931279,134.0,22.5,서행,126.9822250708600251_37.4863033359931279|126.9826995428011713_37.4863034064230973|126.9830881094296728_37.4863760361900376|126.9834661851801485_37.4864278733475942|126.9837275241604146_37.4864457595328773
2026-09-04T09:00:31.559343+09:00,총신대입구(이수)역,총신대입구(이수)역,POI051,KEY_4,1210048500,동광로12길,1210027106,총신대입구역(서울4호선),126.9822309209962725_37.4864114578571730,1210027304,방배한진로즈힐아파트,126.9838499767115110_37.4865626593792598,145.0,17.0,서행,126.9838499767115110_37.4865626593792598|126.9834488449595256_37.4865352053215162|126.9830610879912456_37.4864820413386965|126.9826838306572370_37.4864115251054315|126.9822309209962725_37.4864114578571730
2026-09-04T09:00:31.559343+09:00,총신대입구(이수)역,총신대입구(이수)역,POI051,KEY_4,1210162600,방배천로18길,1210469000,방배동 492-2,126.9841467143931908_37.4826351298115270,1210020103,방배동493-5,126.9825978472802603_37.4826827756520018,137.0,20.0,서행,126.9825978472802603_37.4826827756520018|126.9833473919327531_37.4826605555061576|126.9841345361255947_37.4826355725340008|126.9841467143931908_37.4826351298115270
2026-09-04T09:00:31.559343+09:00,충정로역,충정로역,POI052,KEY_1,1010003105,중림로,1010010702,충정로역가구상가,126.9640754256734283_37.5590508294670045,1010010902,충정로역가구상가,126.9636848431599390_37.5590704219795128,35.0,18.0,서행,126.9636848431599390_37.5590704219795128|126.9640754256734283_37.5590508294670045
2026-09-04T09:00:31.559343+09:00,충정로역,충정로역,POI052,KEY_1,1010003106,중림로,1010058300,중림동 200,126.9650510841565278_37.5589523597584503,1010010702,충정로역가구상가,126.9640754256734283_37.5590508294670045,87.0,11.0,정체,126.9640754256734283_37.5590508294670045|126.9648587817104612_37.5589857330086545|126.9650510841565278_37.5589523597584503
2026-09-04T09:00:31.559343+09:00,충정로역,충정로역,POI052,KEY_1,1010003203,중림로,1010010901,충정로역가구상가,126.9636933844713411_37.5591783271103310,1010010701,충정로역가구상가,126.9640867414488667_37.5591585507347574,35.0,31.0,원활,126.9640867414488667_37.5591585507347574|126.9636933844713411_37.5591783271103310
2026-09-04T09:00:31.559343+09:00,충정로역,충정로역,POI052,KEY_1,1010004100,청파로,1010053100,중림동 351,126.9677081849395393_37.5609501641540362,1120002003,상수도사업본부교차로,126.9674908459828231_37.5614112452323354,55.0,8.0,정체,126.9674908459828231_37.5614112452323354|126.9677081849395393_37.5609501641540362
2026-09-04T09:00:31.559343+09:00,충정로역,충정로역,POI052,KEY_1,1010004202,청파로,1120002002,상수도사업본부교차로,126.9676167335992716_37.5614519307047843,1010011800,중림동,126.9684502351673530_37.5596836333754780,210.0,12.0,정체,126.9684502351673530_37.5596836333754780|126.9683561139200236_37.5598833187951939|126.9679693788652060_37.5607037947160336|126.9678353453515314_37.5609881483563299|126.9676167335992716_37.5614519307047843
2026-09-04T09:00:31.559343+09:00,충정로역,충정로역,POI052,KEY_1,1010006400,서소문로,1010134800,최소노드배치점,126.9688094991627594_37.5617925136145487,1010015901,서소문고가차도(서측),126.9660808471698346_37.5606758941064101,276.0,58.0,원활,126.9660808471698346_37.5606758941064101|126.9664117212871588_37.5609173619709722|126.9668194179275105_37.5611712880354318|126.9670907245415066_37.5613173299435417|126.9673694926154752_37.5614283839817418|126.9675339141719093_37.5614849578415004|126.9677551811045930_37.5615513111113870|126.9681716153295383_37.5616461476905030|126.9688094991627594_37.5617925136145487
2026-09-04T09:00:31.559343+09:00,충정로역,충정로역,POI052,KEY_1,1010025200,서소문로,1010011200,충정로역가구상가,126.9639333332024052_37.5593892258437165,1010010701,충정로역가구상가,126.9640867414488667_37.5591585507347574,32.0,26.0,원활,126.9640867414488667_37.5591585507347574|126.9640336759729422_37.5591555927884713|126.9640109018983054_37.5591889605807339|126.9639333332024052_37.5593892258437165
2026-09-04T09:00:31.559343+09:00,충정로역,충정로역,POI052,KEY_1,1010046800,중림로,1010010902,충정로역가구상가,126.9636848431599390_37.5590704219795128,1120022800,충정로사거리,126.9630067826871169_37.5591971961966209,62.0,18.0,서행,126.9630067826871169_37.5591971961966209|126.9632871751432361_37.5591616213529562|126.9633814740724631_37.5591398374989325|126.9635318328539313_37.5591038495610121|126.9636848431599390_37.5590704219795128
2026-09-04T09:00:31.559343+09:00,충정로역,충정로역,POI052,KEY_1,1120000702,신촌로,1130277500,북아현동 930-3,126.9609134061408611_37.5584844788521437,1120000509,충정로사거리,126.9619074057619912_37.5592113879016694,119.0,18.0,서행,126.9619074057619912_37.5592113879016694|126.9612918908444641_37.5587812687724991|126.9609134061408611_37.5584844788521437
2026-09-04T09:00:31.559343+09:00,충정로역,충정로역,POI052,KEY_1,1120000801,신촌로,1130031603,아현1동파출소,126.9603608185110346_37.5579007542804106,1130030701,아현교차로,126.9593903711545124_37.5572215324002201,114.0,5.0,정체,126.9593903711545124_37.5572215324002201|126.9599149131550178_37.5575634945568098|126.9603608185110346_37.5579007542804106
2026-09-04T09:00:31.559343+09:00,충정로역,충정로역,POI052,KEY_1,1120000802,신촌로,1120000508,충정로사거리,126.9620080990980853_37.5591378875581938,1130031602,아현1동파출소,126.9604584267966914_37.5579759373505979,188.0,5.0,정체,126.9604584267966914_37.5579759373505979|126.9610087130211866_37.5584074514955262|126.9613844188411349_37.5587020617830092|126.9620080990980853_37.5591378875581938
2026-09-04T09:00:31.559343+09:00,충정로역,충정로역,POI052,KEY_1,1120001001,충정로,1120005300,충정로사거리,126.9627180368454304_37.5598743433504580,1120000507,충정로사거리,126.9621372974823572_37.5592562991161856,86.0,4.0,정체,126.9621372974823572_37.5592562991161856|126.9623795374019153_37.5594882660047844|126.9626383443296902_37.5597704386196014|126.9627180368454304_37.5598743433504580
2026-09-04T09:00:31.559343+09:00,충정로역,충정로역,POI052,KEY_1,1120001002,충정로,1120136900,충정로3가 248-1,126.9633068718442246_37.5607776660404724,1120005300,충정로사거리,126.9627180368454304_37.5598743433504580,113.0,8.0,정체,126.9627180368454304_37.5598743433504580|126.9627893178244875_37.5599672811436491|126.9633068718442246_37.5607776660404724
2026-09-04T09:00:31.559343+09:00,충정로역,충정로역,POI052,KEY_1,1120004101,서소문로,1120134100,충정로3가 281-49,126.9645815660364860_37.5598977280732740,1010015902,서소문고가차도(서측),126.9659908088701030_37.5607568184368503,157.0,10.0,정체,126.9659908088701030_37.5607568184368503|126.9657622305857387_37.5606011985419741|126.9655478502515109_37.5604734670610227|126.9645815660364860_37.5598977280732740
2026-09-04T09:00:31.559343+09:00,충정로역,충정로역,POI052,KEY_1,1120004102,서소문로,1010015902,서소문고가차도(서측),126.9659908088701030_37.5607568184368503,1120002004,상수도사업본부교차로,126.9673830692199346_37.5616097357074139,158.0,12.0,정체,126.9673830692199346_37.5616097357074139|126.9672834243969390_37.5615754487724445|126.9669876407800047_37.5614576160841409|126.9666994465889758_37.5613024853318080|126.9662799084869818_37.5610411844229191|126.9661451257960465_37.5609428038709865|126.9659908088701030_37.5607568184368503
2026-09-04T09:00:31.559343+09:00,충정로역,충정로역,POI052,KEY_1,1120004201,서소문로,1010011200,충정로역가구상가,126.9639333332024052_37.5593892258437165,1120022800,충정로사거리,126.9630067826871169_37.5591971961966209,86.0,19.0,서행,126.9630067826871169_37.5591971961966209|126.9633282461327184_37.5592111925570293|126.9635104493961251_37.5592396304144245|126.9637143972144031_37.5592998340788782|126.9637216136169826_37.5593019642914001|126.9639333332024052_37.5593892258437165
2026-09-04T09:00:31.559343+09:00,충정로역,충정로역,POI052,KEY_1,1120004202,서소문로,1010125800,중림동 591,126.9656292329265881_37.5603869069285068,1010011200,충정로역가구상가,126.9639333332024052_37.5593892258437165,186.0,11.0,정체,126.9639333332024052_37.5593892258437165|126.9639453029332969_37.5593941588540901|126.9640772384998826_37.5594621774906869|126.9646629493658025_37.5598111684287872|126.9656292329265881_37.5603869069285068
2026-09-04T09:00:31.559343+09:00,충정로역,충정로역,POI052,KEY_1,1120004203,서소문로,1120002003,상수도사업본부교차로,126.9674908459828231_37.5614112452323354,1010015901,서소문고가차도(서측),126.9660808471698346_37.5606758941064101,150.0,3.0,정체,126.9660808471698346_37.5606758941064101|126.9663287044560747_37.5607834224243646|126.9664556576583010_37.5608760880869994|126.9668594086569158_37.5611275567769596|126.9671250868416337_37.5612705669752174|126.9673981830782594_37.5613793623703742|126.9674908459828231_37.5614112452323354
2026-09-04T09:00:31.559343+09:00,충정로역,충정로역,POI052,KEY_1,1120015100,충정로,1120005300,충정로사거리,126.9627180368454304_37.5598743433504580,1120005200,충정로사거리,126.9629993658748504_37.5593051549388335,76.0,4.0,정체,126.9629993658748504_37.5593051549388335|126.9628715999865420_37.5593511098260109|126.9627847160042080_37.5594369024355288|126.9627187973606368_37.5595155503887455|126.9626858196171781_37.5595894406433857|126.9626678035905059_37.5596871741968599|126.9627180368454304_37.5598743433504580
2026-09-04T09:00:31.559343+09:00,충정로역,충정로역,POI052,KEY_1,1120016501,경기대로,1120000503,충정로3가26-2,126.9618966230996193_37.5616899669241846,1120000506,충정로사거리,126.9620254998589814_37.5593183699107698,264.0,19.0,서행,126.9620254998589814_37.5593183699107698|126.9619872778432921_37.5595326415076372|126.9619650109536195_37.5597618722879147|126.9619549399386642_37.5601151769762964|126.9619547745921722_37.5601209775248037|126.9619526638429079_37.5604057890847756|126.9619483365010097_37.5609896868436337|126.9619180281690944_37.5614001105234578|126.9618966230996193_37.5616899669241846
2026-09-04T09:00:31.559343+09:00,충정로역,충정로역,POI052,KEY_1,1120062500,서소문로,1120022800,충정로사거리,126.9630067826871169_37.5591971961966209,1120000508,충정로사거리,126.9620080990980853_37.5591378875581938,89.0,5.0,정체,126.9620080990980853_37.5591378875581938|126.9624976738023321_37.5591750287326249|126.9630067826871169_37.5591971961966209
2026-09-04T09:00:31.559343+09:00,충정로역,충정로역,POI052,KEY_1,1120062600,서소문로,1120000507,충정로사거리,126.9621372974823572_37.5592562991161856,1120005200,충정로사거리,126.9629993658748504_37.5593051549388335,76.0,14.0,정체,126.9629993658748504_37.5593051549388335|126.9624875185141093_37.5592828676414570|126.9621372974823572_37.5592562991161856
2026-09-04T09:00:31.559343+09:00,충정로역,충정로역,POI052,KEY_1,1130055200,손기정로,1130276800,아현동 729,126.9610147030383871_37.5573677054923536,1130031603,아현1동파출소,126.9603608185110346_37.5579007542804106,83.0,16.0,서행,126.9603608185110346_37.5579007542804106|126.9604666936073443_37.5578151020777966|126.9610147030383871_37.5573677054923536
2026-09-04T09:00:31.559343+09:00,합정역,합정역,POI053,KEY_2,1130012502,독막로,1130020103,당인리사거리,126.9200080925505745_37.5478048127950714,1130020302,합정동 402,126.9184253750183302_37.5478817926919461,140.0,34.0,원활,126.9184253750183302_37.5478817926919461|126.9200080925505745_37.5478048127950714
2026-09-04T09:00:31.559343+09:00,합정역,합정역,POI053,KEY_2,1130012504,독막로,1130052100,합정역7번출구,126.9140173730645671_37.5487741682980598,1130021603,합정역교차로,126.9133979744090510_37.5491558635704337,71.0,24.0,서행,126.9133979744090510_37.5491558635704337|126.9135406193636584_37.5489949395947065|126.9136811129909290_37.5488909851792201|126.9137974866256258_37.5488341856604748|126.9139631942102255_37.5487857147723645|126.9140173730645671_37.5487741682980598
2026-09-04T09:00:31.559343+09:00,합정역,합정역,POI053,KEY_2,1130001502,양화로,1130019500,양화대교(북측),126.9088702991146818_37.5473486190442571,1130020700,양화대교(북측),126.9110864738484850_37.5486558094690892,247.0,53.7,원활,126.9110864738484850_37.5486558094690892|126.9104702975695886_37.5484316205709661|126.9102030567186858_37.5483158501774241|126.9098751447166222_37.5481333274638018|126.9095562311644869_37.5479092035175839|126.9088702991146818_37.5473486190442571
2026-09-04T09:00:31.559343+09:00,합정역,합정역,POI053,KEY_2,1130001503,양화로,1130020700,양화대교(북측),126.9110864738484850_37.5486558094690892,1130021204,합정동 402,126.9117526504634554_37.5488099012589700,61.0,33.0,원활,126.9117526504634554_37.5488099012589700|126.9114095304818335_37.5487362312337467|126.9110864738484850_37.5486558094690892
2026-09-04T09:00:31.559343+09:00,합정역,합정역,POI053,KEY_2,1130001504,양화로,1130021201,합정동 402,126.9118842718870042_37.5488389364112436,1130052000,합정역8번출구,126.9125610162048474_37.5489924297706352,62.0,44.0,원활,126.9125610162048474_37.5489924297706352|126.9125108300752061_37.5489801444249309|126.9123320541385880_37.5489398539158543|126.9118842718870042_37.5488389364112436
2026-09-04T09:00:31.559343+09:00,합정역,합정역,POI053,KEY_2,1130001505,양화로,1130052000,합정역8번출구,126.9125610162048474_37.5489924297706352,1130021604,합정역교차로,126.9133271355590011_37.5492481379057494,74.0,38.0,원활,126.9133271355590011_37.5492481379057494|126.9131511937065824_37.5491581588815038|126.9128784491420845_37.5490701385518264|126.9125610162048474_37.5489924297706352
2026-09-04T09:00:31.559343+09:00,합정역,합정역,POI053,KEY_2,1130001602,양화로,1130020600,양화대교(북측),126.9111269978420609_37.5485526161926089,1130019000,양화대교(북측),126.9089758149120399_37.5472798488198407,240.0,9.0,정체,126.9089758149120399_37.5472798488198407|126.9096499332892023_37.5478308424299101|126.9099592463067125_37.5480482193369483|126.9102746337613610_37.5482237702880965|126.9105310887964890_37.5483348678804703|126.9111269978420609_37.5485526161926089
2026-09-04T09:00:31.559343+09:00,합정역,합정역,POI053,KEY_2,1130001603,양화로,1130021203,합정동 402,126.9117684440008702_37.5487013098127989,1130020600,양화대교(북측),126.9111269978420609_37.5485526161926089,59.0,9.0,정체,126.9111269978420609_37.5485526161926089|126.9114474860303403_37.5486323980145400|126.9117684440008702_37.5487013098127989
2026-09-04T09:00:31.559343+09:00,합정역,합정역,POI053,KEY_2,1130001605,양화로,1130021800,합정역8번출구,126.9126009251802998_37.5488890850710817,1130021202,합정동 402,126.9119017412713788_37.5487305057125056,64.0,9.0,정체,126.9119017412713788_37.5487305057125056|126.9123690393006569_37.5488358216645253|126.9125492819859886_37.5488764427686803|126.9126009251802998_37.5488890850710817
2026-09-04T09:00:31.559343+09:00,합정역,합정역,POI053,KEY_2,1130001606,양화로,1130021603,합정역교차로,126.9133979744090510_37.5491558635704337,1130021800,합정역8번출구,126.9126009251802998_37.5488890850710817,77.0,9.0,정체,126.9126009251802998_37.5488890850710817|126.9129239950553085_37.5489681728266333|126.9132139348755288_37.5490617432278029|126.9133979744090510_37.5491558635704337
2026-09-04T09:00:31.559343+09:00,합정역,합정역,POI053,KEY_2,1130002101,양화로,1130021601,합정역교차로,126.9134396891751067_37.5493101529960995,1130022800,합정역(서울2호선),126.9139380043217500_37.5496171809286139,56.0,18.0,서행,126.9139380043217500_37.5496171809286139|126.9138232146117105_37.5495337692831868|126.9134396891751067_37.5493101529960995
2026-09-04T09:00:31.559343+09:00,합정역,합정역,POI053,KEY_2,1130002102,양화로,1130022800,합정역(서울2호선),126.9139380043217500_37.5496171809286139,1130024304,누아갤러리,126.9154925570157388_37.5507467776258252,186.0,18.0,서행,126.9154925570157388_37.5507467776258252|126.9142500058633658_37.5498438974214181|126.9139380043217500_37.5496171809286139
2026-09-04T09:00:31.559343+09:00,합정역,합정역,POI053,KEY_2,1130002201,양화로,1130022400,합정역5번출구,126.9140295476794051_37.5495373218593258,1130021602,합정역교차로,126.9135099145764940_37.5492170875193594,58.0,14.0,정체,126.9135099145764940_37.5492170875193594|126.9139093521257280_37.5494499807109747|126.9140295476794051_37.5495373218593258
2026-09-04T09:00:31.559343+09:00,합정역,합정역,POI053,KEY_2,1130002202,양화로,1130073600,합정동 402,126.9143415490859326_37.5497640377180701,1130022400,합정역5번출구,126.9140295476794051_37.5495373218593258,37.0,14.0,정체,126.9140295476794051_37.5495373218593258|126.9143415490859326_37.5497640377180701
2026-09-04T09:00:31.559343+09:00,합정역,합정역,POI053,KEY_2,1130012505,독막로,1130136100,합정동 402,126.9148352538110629_37.5486026780129691,1130052100,합정역7번출구,126.9140173730645671_37.5487741682980598,75.0,35.0,원활,126.9140173730645671_37.5487741682980598|126.9143677077482124_37.5486995039643006|126.9148352538110629_37.5486026780129691
2026-09-04T09:00:31.559343+09:00,합정역,합정역,POI053,KEY_2,1130012601,독막로,1130021602,합정역교차로,126.9135099145764940_37.5492170875193594,1130021400,합정역6번출구,126.9140524865152884_37.5488786114665416,63.0,7.0,정체,126.9140524865152884_37.5488786114665416|126.9140042501253305_37.5488888909759595|126.9138569670299148_37.5489319720761685|126.9137636338956270_37.5489775269032293|126.9136434160954963_37.5490664775041694|126.9135099145764940_37.5492170875193594
2026-09-04T09:00:31.559343+09:00,합정역,합정역,POI053,KEY_2,1130012602,독막로,1130186000,합정동 402,126.9177339751904867_37.5481133092591222,1130020304,합정동 402,126.9183338437030670_37.5480000256765933,55.0,14.0,정체,126.9183338437030670_37.5480000256765933|126.9181046943702569_37.5480347619131436|126.9177339751904867_37.5481133092591222
2026-09-04T09:00:31.559343+09:00,합정역,합정역,POI053,KEY_2,1130012603,독막로,1130020301,합정동 402,126.9184724577285692_37.5479878247379446,1130020104,당인리사거리,126.9200163735166598_37.5479127310459049,137.0,18.0,서행,126.9200163735166598_37.5479127310459049|126.9184724577285692_37.5479878247379446
2026-09-04T09:00:31.559343+09:00,합정역,합정역,POI053,KEY_2,1130014101,월드컵로,1130021604,합정역교차로,126.9133271355590011_37.5492481379057494,1130022900,합정역9번출구,126.9130418149968449_37.5497885897765329,65.0,14.0,정체,126.9130418149968449_37.5497885897765329|126.9130982247336163_37.5496351327381603|126.9132269055929783_37.5494015408536583|126.9133271355590011_37.5492481379057494
2026-09-04T09:00:31.559343+09:00,합정역,합정역,POI053,KEY_2,1130014102,월드컵로,1130135600,합정동 402,126.9128188401226964_37.5505027227293695,1130025203,합정동주민센터,126.9124127492584506_37.5518459734548173,153.0,14.0,정체,126.9124127492584506_37.5518459734548173|126.9128188401226964_37.5505027227293695
2026-09-04T09:00:31.559343+09:00,합정역,합정역,POI053,KEY_2,1130014103,월드컵로,1130076100,합정동 426-38,126.9121437730441926_37.5527273387387908,1130026004,성산초교앞교차로,126.9116840665830637_37.5541751613641424,166.0,14.0,정체,126.9116840665830637_37.5541751613641424|126.9117399457097122_37.5540497782302225|126.9121437730441926_37.5527273387387908
2026-09-04T09:00:31.559343+09:00,합정역,합정역,POI053,KEY_2,1130014201,월드컵로,1130023000,합정역9번출구,126.9131721455813278_37.5498189592265703,1130021601,합정역교차로,126.9134396891751067_37.5493101529960995,61.0,26.0,원활,126.9134396891751067_37.5493101529960995|126.9133494569869924_37.5494482548088371|126.9132260984452927_37.5496721848271662|126.9131721455813278_37.5498189592265703
2026-09-04T09:00:31.559343+09:00,합정역,합정역,POI053,KEY_2,1130014202,월드컵로,1130025202,합정동주민센터,126.9125490838489583_37.5518570392708213,1130023000,합정역9번출구,126.9131721455813278_37.5498189592265703,233.0,21.0,서행,126.9131721455813278_37.5498189592265703|126.9131331753272036_37.5499249762533154|126.9129508683919170_37.5505280238880061|126.9125490838489583_37.5518570392708213
2026-09-04T09:00:31.559343+09:00,합정역,합정역,POI053,KEY_2,1130014203,월드컵로,1130076000,서교동 419-2,126.9122757323099222_37.5527528799291730,1130025201,합정동주민센터,126.9125164449968679_37.5519645743570578,90.0,26.0,원활,126.9125164449968679_37.5519645743570578|126.9124004277404225_37.5523445193010375|126.9122757323099222_37.5527528799291730
2026-09-04T09:00:31.559343+09:00,합정역,합정역,POI053,KEY_2,1130014301,동교로,1130024907,망원동211-43,126.9034465315685054_37.5516644094111740,1130005109,망원정사거리,126.9047886652220853_37.5520868600659128,128.0,26.5,원활,126.9047886652220853_37.5520868600659128|126.9041212381203536_37.5518767713203019|126.9034525233849280_37.5516662722900705|126.9034465315685054_37.5516644094111740
2026-09-04T09:00:31.559343+09:00,합정역,합정역,POI053,KEY_2,1130015101,동교로,1130063700,망원동 394-30,126.9061706467434902_37.5525344400519927,1130025404,망원동 394-30,126.9064616665168330_37.5526289096231380,28.0,5.0,정체,126.9064616665168330_37.5526289096231380|126.9061706467434902_37.5525344400519927
2026-09-04T09:00:31.559343+09:00,합정역,합정역,POI053,KEY_2,1130015102,동교로,1130134300,망원동 378-19,126.9109885347377400_37.5540892854917487,1130026005,성산초교앞교차로,126.9116312431169007_37.5542756338722938,61.0,20.0,서행,126.9116312431169007_37.5542756338722938|126.9114168624829375_37.5542274409565024|126.9109885347377400_37.5540892854917487
2026-09-04T09:00:31.559343+09:00,합정역,합정역,POI053,KEY_2,1130015201,동교로,1130190800,망원동 394-30,126.9058348256742477_37.5523086644254889,1130005107,망원정사거리,126.9051109710454455_37.5520736822240480,69.0,24.0,서행,126.9051109710454455_37.5520736822240480|126.9054727866373042_37.5521911377965623|126.9058348256742477_37.5523086644254889
2026-09-04T09:00:31.559343+09:00,합정역,합정역,POI053,KEY_2,1130015202,동교로,1130086800,망원동 394-30,126.9071685873662005_37.5527404272813783,1130025402,망원동 394-30,126.9066384824819806_37.5525694180905347,51.0,10.0,정체,126.9066384824819806_37.5525694180905347|126.9071685873662005_37.5527404272813783
2026-09-04T09:00:31.559343+09:00,합정역,합정역,POI053,KEY_2,1130051300,포은로,1130063900,합정동 441-34,126.9066598233272600_37.5522450186794572,1130025403,망원동 394-30,126.9065126723004227_37.5525287058559130,34.0,20.0,서행,126.9065126723004227_37.5525287058559130|126.9066598233272600_37.5522450186794572
2026-09-04T09:00:31.559343+09:00,합정역,합정역,POI053,KEY_2,1130016302,희우정로,1130005109,망원정사거리,126.9047886652220853_37.5520868600659128,1130005104,망원동397-5,126.9026414056871062_37.5535367246284864,249.0,12.0,정체,126.9026414056871062_37.5535367246284864|126.9031199330166686_37.5532132140255897|126.9034056646777913_37.5530200415522373|126.9042858127946261_37.5524249957153984|126.9046395349854492_37.5521858485710567|126.9047886652220853_37.5520868600659128
2026-09-04T09:00:31.559343+09:00,합정역,합정역,POI053,KEY_2,1130016401,희우정로,1130091800,망원동 397-5,126.9043737164451358_37.5525074096072515,1130005106,망원정사거리,126.9049321405859132_37.5521323908787252,65.0,25.0,원활,126.9049321405859132_37.5521323908787252|126.9047269699466938_37.5522685793953812|126.9043737164451358_37.5525074096072515
2026-09-04T09:00:31.559343+09:00,합정역,합정역,POI053,KEY_2,1130016601,동교로,1130112700,서교동 480-4,126.9128544885335685_37.5543811077444118,1130026003,성산초교앞교차로,126.9118165724208609_37.5542011783164611,94.0,27.0,원활,126.9118165724208609_37.5542011783164611|126.9128544885335685_37.5543811077444118
2026-09-04T09:00:31.559343+09:00,합정역,합정역,POI053,KEY_2,1130017600,월드컵로,1130269900,서교동 475-24,126.9110403993826708_37.5551324974902272,1130026001,성산초교앞교차로,126.9117481199565418_37.5543318244504860,109.0,20.5,서행,126.9117481199565418_37.5543318244504860|126.9117217336388137_37.5543764564183462|126.9115952004829921_37.5545358301992565|126.9110403993826708_37.5551324974902272
2026-09-04T09:00:31.559343+09:00,합정역,합정역,POI053,KEY_2,1130040300,토정로,1130093900,당인동 32-5,126.9190249087932756_37.5452938711510740,1130016703,정촌빌딩,126.9173355133907251_37.5453976341282143,150.0,25.0,원활,126.9173355133907251_37.5453976341282143|126.9179879318845536_37.5453575653633322|126.9186745789707089_37.5453153904837649|126.9190249087932756_37.5452938711510740
2026-09-04T09:00:31.559343+09:00,합정역,합정역,POI053,KEY_2,1130041101,토정로,1130183900,합정동 198-37,126.9125265728405765_37.5456473243354907,1130051902,양화진지하차도,126.9116494291067738_37.5456921203351399,78.0,23.7,서행,126.9116494291067738_37.5456921203351399|126.9125265728405765_37.5456473243354907
2026-09-04T09:00:31.559343+09:00,합정역,합정역,POI053,KEY_2,1130041102,양화진길,1130051902,양화진지하차도,126.9116494291067738_37.5456921203351399,1130020002,합정동 378-23,126.9123577034040693_37.5476409177885841,225.0,15.0,서행,126.9123577034040693_37.5476409177885841|126.9120955278425953_37.5469227221206481|126.9118933519104644_37.5463280646940518|126.9118639920289553_37.5462417080414497|126.9116494291067738_37.5456921203351399
2026-09-04T09:00:31.559343+09:00,합정역,합정역,POI053,KEY_2,1130041200,토정로,1130062500,합정동 404,126.9169479797956228_37.5455371484787008,1130016705,정촌빌딩,126.9171919837363589_37.5455165733101737,22.0,21.0,서행,126.9171919837363589_37.5455165733101737|126.9169479797956228_37.5455371484787008
2026-09-04T09:00:31.559343+09:00,합정역,합정역,POI053,KEY_2,1130041500,강변북로,1130018200,양화대교(북측),126.9102416078398505_37.5466718111709170,1130016600,잠두봉지하차도,126.9106610590066850_37.5454299420450894,148.0,17.0,정체,126.9106610590066850_37.5454299420450894|126.9103725279893240_37.5457364234116469|126.9103004095069025_37.5458612660095810|126.9102507538453466_37.5459862211416819|126.9102386300255318_37.5460994395440792|126.9102448257733329_37.5462634269317874|126.9102473956978230_37.5464124910196304|126.9102416078398505_37.5466718111709170
2026-09-04T09:00:31.559343+09:00,합정역,합정역,POI053,KEY_2,1130042300,강변북로,1130018200,양화대교(북측),126.9102416078398505_37.5466718111709170,1130017400,양화대교(북측),126.9083263926780347_37.5461870828408806,213.0,9.0,정체,126.9083263926780347_37.5461870828408806|126.9086815580021295_37.5460469364801028|126.9089104715153553_37.5459795194566013|126.9091091277169596_37.5459507036203561|126.9092925034494357_37.5459605637004188|126.9095168029035676_37.5460034206055084|126.9097221477106672_37.5460759910495838|126.9098898204880044_37.5461781842636242|126.9100273785922894_37.5463010934854751|126.9101199879446682_37.5464267596339738|126.9102416078398505_37.5466718111709170
2026-09-04T09:00:31.559343+09:00,합정역,합정역,POI053,KEY_2,1130043000,독막로8길,1130073900,합정동 402-1,126.9177526088323447_37.5463811553820648,1130016702,정촌빌딩,126.9173485910594650_37.5454940535949220,105.0,16.0,서행,126.9173485910594650_37.5454940535949220|126.9175285690358805_37.5458892339993113|126.9177526088323447_37.5463811553820648
2026-09-04T09:00:31.559343+09:00,합정역,합정역,POI053,KEY_2,1130043100,독막로8길,1130082900,합정동 402-1,126.9180671577792907_37.5473994313994197,1130020303,합정동 402,126.9182880539808735_37.5478969049352216,59.0,29.0,원활,126.9182880539808735_37.5478969049352216|126.9180671577792907_37.5473994313994197
2026-09-04T09:00:31.559343+09:00,합정역,합정역,POI053,KEY_2,1130043600,강변북로,1130017700,양화대교(북측),126.9091923154714152_37.5466689501214006,1130019000,양화대교(북측),126.9089758149120399_37.5472798488198407,269.0,35.0,서행,126.9089758149120399_37.5472798488198407|126.9092704009022299_37.5474014805923133|126.9095213494077257_37.5474838189884323|126.9096589738032463_37.5475035859526187|126.9098028895845260_37.5474852273027864|126.9099350121042136_37.5474429604955517|126.9100270967485216_37.5473820114679029|126.9100875149351708_37.5473167305853863|126.9101369139921047_37.5472245662991782|126.9101638016301052_37.5471382503673894|126.9101794580799663_37.5470518790335888|126.9101727697353823_37.5469504908747425|126.9101436876654674_37.5468400477573425|126.9100994191457374_37.5467563581366903|126.9100214803409585_37.5466695190838564|126.9099322148413620_37.5465945474034370|126.9098239967981527_37.5465492905363973|126.9097267976512313_37.5465309187861465|126.9096182270967574_37.5465303762252063|126.9095283045494966_37.5465388695537357|126.9093707102214665_37.5465827967285577|126.9091923154714152_37.5466689501214006
2026-09-04T09:00:31.559343+09:00,합정역,합정역,POI053,KEY_2,1130044800,강변북로,1130020600,양화대교(북측),126.9111269978420609_37.5485526161926089,1130018200,양화대교(북측),126.9102416078398505_37.5466718111709170,232.0,5.0,정체,126.9102416078398505_37.5466718111709170|126.9103448964562659_37.5473430570484155|126.9103986365779804_37.5476503707893841|126.9104238574202981_37.5477756999008818|126.9105048846684127_37.5479460230307964|126.9105824276039556_37.5480835372061037|126.9106640651950073_37.5481763558913002|126.9108350419256226_37.5483352032103284|126.9109652588307142_37.5484401893999191|126.9111269978420609_37.5485526161926089
2026-09-04T09:00:31.559343+09:00,합정역,합정역,POI053,KEY_2,1130045900,양화로,1130156400,합정동 380-8,126.9118151967610686_37.5482356448082584,1130021203,합정동 402,126.9117684440008702_37.5487013098127989,52.0,16.0,서행,126.9117684440008702_37.5487013098127989|126.9118151967610686_37.5482356448082584
2026-09-04T09:00:31.559343+09:00,합정역,합정역,POI053,KEY_2,1130046200,양화진길,1130148400,합정동 406,126.9120365373734387_37.5462972046876189,1130051901,양화진지하차도,126.9118049451303278_37.5457925206284528,60.0,12.0,정체,126.9118049451303278_37.5457925206284528|126.9118907104063112_37.5459270532487039|126.9119814830364277_37.5461349975885597|126.9120365373734387_37.5462972046876189
2026-09-04T09:00:31.559343+09:00,합정역,합정역,POI053,KEY_2,1130046300,양화진길,1130020001,합정동 406,126.9124089735466470_37.5477549671771911,1130021800,합정역8번출구,126.9126009251802998_37.5488890850710817,178.0,12.0,정체,126.9126009251802998_37.5488890850710817|126.9129052599318044_37.5488590463041163|126.9130897233898594_37.5488362968600953|126.9126784164114241_37.5482505084113853|126.9124089735466470_37.5477549671771911
2026-09-04T09:00:31.559343+09:00,합정역,합정역,POI053,KEY_2,1130047000,강변북로,1130020801,양화대교(북측),126.9101361694712296_37.5485270306192120,1130020700,양화대교(북측),126.9110864738484850_37.5486558094690892,85.0,45.7,서행,126.9110864738484850_37.5486558094690892|126.9102173533760265_37.5485274362036847|126.9101361694712296_37.5485270306192120
2026-09-04T09:00:31.559343+09:00,합정역,합정역,POI053,KEY_2,1130047200,강변북로,1130020901,한국전기전자시험연구원서울지원,126.9092400003074346_37.5485532513566937,1130020802,양화대교(북측),126.9099980412515833_37.5485263406705485,67.0,39.0,서행,126.9099980412515833_37.5485263406705485|126.9098848919468878_37.5485257755875352|126.9096197927881491_37.5485280272938056|126.9092400003074346_37.5485532513566937
2026-09-04T09:00:31.559343+09:00,합정역,합정역,POI053,KEY_2,1130047500,강변북로,1130021100,양화대교(북측),126.9082218508906692_37.5486104598507637,1130020902,한국전기전자시험연구원서울지원,126.9090527936751158_37.5485656841098177,74.0,35.0,서행,126.9090527936751158_37.5485656841098177|126.9085679039440464_37.5485978845830530|126.9082218508906692_37.5486104598507637
2026-09-04T09:00:31.559343+09:00,합정역,합정역,POI053,KEY_2,1130048500,양화로,1130022400,합정역5번출구,126.9140295476794051_37.5495373218593258,1130021400,합정역6번출구,126.9140524865152884_37.5488786114665416,86.0,14.0,정체,126.9140524865152884_37.5488786114665416|126.9139230246069445_37.5489343484288156|126.9138762522378556_37.5489900978359401|126.9138420413620167_37.5490572990694389|126.9138329563527492_37.5491459732028474|126.9138508086349617_37.5492446788838663|126.9140295476794051_37.5495373218593258
2026-09-04T09:00:31.559343+09:00,합정역,합정역,POI053,KEY_2,1130049000,양화로,1130052000,합정역8번출구,126.9125610162048474_37.5489924297706352,1130022900,합정역9번출구,126.9130418149968449_37.5497885897765329,105.0,25.0,원활,126.9130418149968449_37.5497885897765329|126.9130618100318912_37.5495401812596441|126.9130421428666295_37.5494586372446904|126.9130134806158026_37.5493885292777207|126.9129740362242984_37.5493212749275216|126.9129004782609655_37.5492368304858175|126.9125610162048474_37.5489924297706352
2026-09-04T09:00:31.559343+09:00,합정역,합정역,POI053,KEY_2,1130049100,포은로,1130159900,합정동 407,126.9090599403653243_37.5494558051850191,1130024204,양화진공원,126.9081052504389504_37.5502802985279587,124.0,24.0,서행,126.9081052504389504_37.5502802985279587|126.9090599403653243_37.5494558051850191
2026-09-04T09:00:31.559343+09:00,합정역,합정역,POI053,KEY_2,1130049200,포은로,1130087400,합정동 407,126.9099495376151907_37.5488516698183616,1130020801,양화대교(북측),126.9101361694712296_37.5485270306192120,41.0,27.0,원활,126.9101361694712296_37.5485270306192120|126.9101056044401190_37.5486532711152776|126.9100648038296697_37.5487471853466914|126.9100156633384415_37.5488022052165391|126.9099495376151907_37.5488516698183616
2026-09-04T09:00:31.559343+09:00,합정역,합정역,POI053,KEY_2,1130049300,양화로,1130023000,합정역9번출구,126.9131721455813278_37.5498189592265703,1130022800,합정역(서울2호선),126.9139380043217500_37.5496171809286139,76.0,24.0,서행,126.9139380043217500_37.5496171809286139|126.9136402094506622_37.5496006797627686|126.9135395936122848_37.5496106180248574|126.9134569354612267_37.5496277214884771|126.9133796540536849_37.5496562715165325|126.9131721455813278_37.5498189592265703
2026-09-04T09:00:31.559343+09:00,합정역,합정역,POI053,KEY_2,1130050900,희우정로,1130138600,합정동 442-13,126.9053671269604564_37.5517187628927047,1130005108,망원정사거리,126.9049245136665292_37.5520133571673611,52.0,23.0,서행,126.9049245136665292_37.5520133571673611|126.9049996895268606_37.5519980826211324|126.9050541918936830_37.5519753005798123|126.9053671269604564_37.5517187628927047
2026-09-04T09:00:31.559343+09:00,합정역,합정역,POI053,KEY_2,1130051000,희우정로,1130147700,합정동 407,126.9086182180221840_37.5491269928968379,1130020901,한국전기전자시험연구원서울지원,126.9092400003074346_37.5485532513566937,84.0,21.0,서행,126.9092400003074346_37.5485532513566937|126.9090294120417752_37.5487607496119153|126.9088628974909767_37.5489201303545315|126.9086182180221840_37.5491269928968379
2026-09-04T09:00:31.559343+09:00,합정역,합정역,POI053,KEY_2,1130051400,포은로,1130131100,합정동 436-31,126.9072140139262928_37.5511825775689090,1130024202,양화진공원,126.9081119283490011_37.5504322494886082,115.0,16.0,서행,126.9081119283490011_37.5504322494886082|126.9072341444415741_37.5511567441295568|126.9072140139262928_37.5511825775689090
2026-09-04T09:00:31.559343+09:00,합정역,합정역,POI053,KEY_2,1130051501,월드컵로5길,1130091000,합정동 407,126.9091548338343785_37.5510585332406777,1130024203,양화진공원,126.9082050934984238_37.5503535841661247,115.0,19.0,서행,126.9082050934984238_37.5503535841661247|126.9091548338343785_37.5510585332406777
2026-09-04T09:00:31.559343+09:00,합정역,합정역,POI053,KEY_2,1130051502,월드컵로5길,1130025203,합정동주민센터,126.9124127492584506_37.5518459734548173,1130024207,합정동주민센터,126.9110609932505014_37.5516236888938550,122.0,9.0,정체,126.9110609932505014_37.5516236888938550|126.9120426543793059_37.5517851162292402|126.9124127492584506_37.5518459734548173
2026-09-04T09:00:31.559343+09:00,합정역,합정역,POI053,KEY_2,1130051601,월드컵로5길,1130159000,합정동 426-6,126.9120151858922725_37.5518910005306523,1130025204,합정동주민센터,126.9123807963445927_37.5519511205839720,33.0,18.0,서행,126.9123807963445927_37.5519511205839720|126.9120151858922725_37.5518910005306523
2026-09-04T09:00:31.559343+09:00,합정역,합정역,POI053,KEY_2,1130051602,월드컵로5길,1130153500,합정동 430-13,126.9098042748595532_37.5515274185667920,1130024209,합정동주민센터,126.9109004564532199_37.5517076897151370,99.0,15.0,서행,126.9109004564532199_37.5517076897151370|126.9100423399230380_37.5515665701927546|126.9098042748595532_37.5515274185667920
2026-09-04T09:00:31.559343+09:00,합정역,합정역,POI053,KEY_2,1130051900,양화로7길,1130145700,서교동 492,126.9135974368144701_37.5520222797338405,1130025202,합정동주민센터,126.9125490838489583_37.5518570392708213,95.0,17.0,서행,126.9125490838489583_37.5518570392708213|126.9126682083433053_37.5518592833619991|126.9129354976850976_37.5518998472612608|126.9129556993787276_37.5519035838338127|126.9135974368144701_37.5520222797338405
2026-09-04T09:00:31.559343+09:00,합정역,합정역,POI053,KEY_2,1130052000,양화로7길,1130138000,서교동 419,126.9152338094359038_37.5512625596168448,1130024301,누아갤러리,126.9155934469087441_37.5508218968336536,58.0,7.0,정체,126.9155934469087441_37.5508218968336536|126.9153007619960079_37.5511871879382042|126.9152338094359038_37.5512625596168448
2026-09-04T09:00:31.559343+09:00,합정역,합정역,POI053,KEY_2,1130053300,포은로,1130154200,망원동 338-40,126.9064483679028399_37.5529482132002812,1130025401,망원동 394-30,126.9065874791183859_37.5526696222780956,33.0,22.0,서행,126.9065874791183859_37.5526696222780956|126.9064483679028399_37.5529482132002812
2026-09-04T09:00:31.559343+09:00,합정역,합정역,POI053,KEY_2,1130087400,양화로3길,1130115500,합정동 407,126.9115648474776918_37.5495020430743978,1130024208,합정동주민센터,126.9109279262303147_37.5516018062342454,240.0,16.0,서행,126.9109279262303147_37.5516018062342454|126.9111023091478216_37.5510270793224734|126.9113023466319703_37.5503436587212889|126.9115648474776918_37.5495020430743978
2026-09-04T09:00:31.559343+09:00,합정역,합정역,POI053,KEY_2,1130087500,양화로3길,1130115600,합정동 407,126.9116969527201491_37.5495270854960594,1130021201,합정동 402,126.9118842718870042_37.5488389364112436,78.0,18.0,서행,126.9118842718870042_37.5488389364112436|126.9118474626460227_37.5490170505902370|126.9116969527201491_37.5495270854960594
2026-09-04T09:00:31.559343+09:00,혜화역,혜화역,POI054,KEY_3,1000015503,창경궁로,1000120100,명륜4가 193-2,126.9985288416550162_37.5829009806544079,1000024004,성균관대입구교차로,126.9986638311449383_37.5830208076827219,18.0,10.0,정체,126.9986638311449383_37.5830208076827219|126.9985288416550162_37.5829009806544079
2026-09-04T09:00:31.559343+09:00,혜화역,혜화역,POI054,KEY_3,1000015901,대학로,1000236800,연건동 72-4,127.0021346925376946_37.5789034735153820,1000022603,한국방송통신대학교(본부),127.0021125194726324_37.5799473301568696,116.0,15.0,서행,127.0021125194726324_37.5799473301568696|127.0021203558879392_37.5795784131897079|127.0021346925376946_37.5789034735153820
2026-09-04T09:00:31.559343+09:00,혜화역,혜화역,POI054,KEY_3,1000015902,대학로,1000124400,명륜4가 96-5,127.0019273467155188_37.5817580324666949,1000023903,혜화역(서울4호선),127.0018302545112618_37.5823277329186567,64.0,15.0,서행,127.0018302545112618_37.5823277329186567|127.0019273467155188_37.5817580324666949
2026-09-04T09:00:31.559343+09:00,혜화역,혜화역,POI054,KEY_3,1000015903,대학로,1000202900,혜화동 142-1,127.0015583946770761_37.5838121669841811,1000024902,혜화동로터리,127.0012507868207052_37.5852575963595541,163.0,12.0,정체,127.0012507868207052_37.5852575963595541|127.0012954946977146_37.5851403426576383|127.0015151443531352_37.5840477506560759|127.0015583946770761_37.5838121669841811
2026-09-04T09:00:31.559343+09:00,혜화역,혜화역,POI054,KEY_3,1000016001,대학로,1000077100,연건동 1-4,127.0022561877208460_37.5795802406985615,1000020701,이화사거리,127.0022876778822081_37.5762198333443180,373.0,18.0,서행,127.0022876778822081_37.5762198333443180|127.0023282656139543_37.5764645289926591|127.0023018153618324_37.5775057466467217|127.0022922645341055_37.5778817090708159|127.0022834454863130_37.5782969256252741|127.0022705236376055_37.5789053010155030|127.0022561877208460_37.5795802406985615
2026-09-04T09:00:31.559343+09:00,혜화역,혜화역,POI054,KEY_3,1000016002,대학로,1000124500,동숭동 67-4,127.0020619699124040_37.5817725636609126,1000022601,한국방송통신대학교(본부),127.0022442668778240_37.5800599005851765,191.0,31.0,원활,127.0022442668778240_37.5800599005851765|127.0022178609099228_37.5805652414491789|127.0022131705630528_37.5806550016484948|127.0021794886454671_37.5809920829626023|127.0021433747690480_37.5812948986010511|127.0020619699124040_37.5817725636609126
2026-09-04T09:00:31.559343+09:00,혜화역,혜화역,POI054,KEY_3,1000016003,대학로,1000107300,동숭동 67-4,127.0018197389143069_37.5831364940714252,1000023901,혜화역(서울4호선),127.0019456426901030_37.5824506710265140,77.0,21.0,서행,127.0019456426901030_37.5824506710265140|127.0018197389143069_37.5831364940714252
2026-09-04T09:00:31.559343+09:00,혜화역,혜화역,POI054,KEY_3,1000017701,창경궁로,1000075400,명륜2가 4-1,127.0006454828255755_37.5850130052527689,1000025002,혜화동로터리,127.0009399906732597_37.5853547783758302,46.0,16.0,서행,127.0009399906732597_37.5853547783758302|127.0007320440542742_37.5851134590106781|127.0006454828255755_37.5850130052527689
2026-09-04T09:00:31.559343+09:00,혜화역,혜화역,POI054,KEY_3,1000017801,창경궁로,1000087700,명륜2가 168-2,126.9993716108596118_37.5834928951299361,1000024002,성균관대입구교차로,126.9988439471047315_37.5830191594735439,70.0,26.0,원활,126.9988439471047315_37.5830191594735439|126.9993716108596118_37.5834928951299361
2026-09-04T09:00:31.559343+09:00,혜화역,혜화역,POI054,KEY_3,1000019001,성균관로,1000178200,명륜2가 204-1,126.9983129803109563_37.5835686144698613,1000024001,성균관대입구교차로,126.9987566656751170_37.5831037931408574,65.0,18.0,서행,126.9987566656751170_37.5831037931408574|126.9987062683989052_37.5831610623215369|126.9983129803109563_37.5835686144698613
2026-09-04T09:00:31.559343+09:00,혜화역,혜화역,POI054,KEY_3,1000019401,창경궁로,1000025301,혜화동로터리,127.0014820459859806_37.5857949668899423,1000025001,혜화동로터리,127.0010427623787166_37.5852828685383429,69.0,17.0,서행,127.0010427623787166_37.5852828685383429|127.0012603459444875_37.5855353690346234|127.0014820459859806_37.5857949668899423
2026-09-04T09:00:31.559343+09:00,혜화역,혜화역,POI054,KEY_3,1000037300,대학로.창경궁로.사이길,1000022603,한국방송통신대학교(본부),127.0021125194726324_37.5799473301568696,1000021801,서울대학교병원,126.9999250498313188_37.5790799916106337,234.0,16.0,서행,126.9999250498313188_37.5790799916106337|126.9999582925761530_37.5791735370360058|127.0000242879586523_37.5793082716843685|127.0001113530142334_37.5794320871287724|127.0001968016411524_37.5795253200711130|127.0002891946536181_37.5795862468942587|127.0004562226640843_37.5796532695046324|127.0014768206154230_37.5799259793942610|127.0015759343299493_37.5799389443158844|127.0021125194726324_37.5799473301568696
2026-09-04T09:00:31.559343+09:00,혜화역,혜화역,POI054,KEY_3,1000037400,대학로.창경궁로.사이길,1000021804,서울대학교병원,126.9997943261698339_37.5791094160175589,1000022604,한국방송통신대학교(본부),127.0021085317335547_37.5800554081267109,249.0,16.0,서행,127.0021085317335547_37.5800554081267109|127.0015635196683945_37.5800468907569041|127.0014439712545311_37.5800312519269823|127.0004037537713657_37.5797532998443131|127.0002143337454470_37.5796772915910893|127.0000970514567342_37.5795999531285929|126.9999967882396703_37.5794905553830176|126.9999011375092977_37.5793545286769728|126.9998293471492445_37.5792079639012684|126.9997943261698339_37.5791094160175589
2026-09-04T09:00:31.559343+09:00,혜화역,혜화역,POI054,KEY_3,1000039000,대학로11길,1000034800,명륜4가 82-6,127.0007214609778856_37.5823234224516582,1000023904,혜화역(서울4호선),127.0018112128841636_37.5824350409261996,97.0,7.0,정체,127.0018112128841636_37.5824350409261996|127.0013170961387061_37.5824067215044337|127.0011475248667807_37.5823910766211640|127.0007214609778856_37.5823234224516582
2026-09-04T09:00:31.559343+09:00,혜화역,혜화역,POI054,KEY_3,1000039800,창경궁로,1000024902,혜화동로터리,127.0012507868207052_37.5852575963595541,1000025001,혜화동로터리,127.0010427623787166_37.5852828685383429,19.0,20.0,서행,127.0010427623787166_37.5852828685383429|127.0010750786859717_37.5852722322397241|127.0011514658529279_37.5852579282541015|127.0012383383490402_37.5852555433470172|127.0012507868207052_37.5852575963595541
2026-09-04T09:00:31.559343+09:00,혜화역,혜화역,POI054,KEY_3,1000039900,창경궁로,1000025301,혜화동로터리,127.0014820459859806_37.5857949668899423,1000024901,혜화동로터리,127.0013812786190641_37.5852877246657400,67.0,11.0,정체,127.0013812786190641_37.5852877246657400|127.0014090861534584_37.5852960681010373|127.0014914662075114_37.5853520881352452|127.0015543752309242_37.5854176435789853|127.0015933195411719_37.5854927354248147|127.0016082988245216_37.5855654435582309|127.0015978153254110_37.5856453041188914|127.0015648653472908_37.5857072856721359|127.0015019588968812_37.5857823788507091|127.0014820459859806_37.5857949668899423
2026-09-04T09:00:31.559343+09:00,홍대입구역(2호선),홍대입구역(2호선),POI055,KEY_4,1130002502,양화로,1130025901,서교동 427,126.9198881225875368_37.5540412931764607,1130027404,홍대입구역앞교차로,126.9214584654919236_37.5552173006732275,190.0,25.0,원활,126.9214584654919236_37.5552173006732275|126.9198881225875368_37.5540412931764607
2026-09-04T09:00:31.559343+09:00,홍대입구역(2호선),홍대입구역(2호선),POI055,KEY_4,1130003701,양화로,1130273800,동교동 155-55,126.9227158165769538_37.5561519142828715,1130030004,홍대입구역(서울2호선),126.9240038282710827_37.5571089892898087,156.0,17.0,서행,126.9240038282710827_37.5571089892898087|126.9227158165769538_37.5561519142828715
2026-09-04T09:00:31.559343+09:00,홍대입구역(2호선),홍대입구역(2호선),POI055,KEY_4,1130003702,양화로,1130030001,홍대입구역(서울2호선),126.9241024975835899_37.5571832879291989,1130031303,대성카센터,126.9247680509792247_37.5576912738708160,81.0,18.0,서행,126.9247680509792247_37.5576912738708160|126.9241024975835899_37.5571832879291989
2026-09-04T09:00:31.559343+09:00,홍대입구역(2호선),홍대입구역(2호선),POI055,KEY_4,1130003703,양화로,1130260400,동교동 155-54,126.9256281988244410_37.5583324442910680,1130032300,동교동삼거리,126.9260758648074869_37.5586455831952080,53.0,21.0,서행,126.9260758648074869_37.5586455831952080|126.9259516460622734_37.5585781495251254|126.9256756439668692_37.5583677527849815|126.9256281988244410_37.5583324442910680
2026-09-04T09:00:31.559343+09:00,홍대입구역(2호선),홍대입구역(2호선),POI055,KEY_4,1130003801,양화로,1130273900,동교동 155-55,126.9228084843940536_37.5560728745735588,1130027402,홍대입구역앞교차로,126.9216455946868933_37.5552087411659343,141.0,31.0,원활,126.9216455946868933_37.5552087411659343|126.9228084843940536_37.5560728745735588
2026-09-04T09:00:31.559343+09:00,홍대입구역(2호선),홍대입구역(2호선),POI055,KEY_4,1130015901,홍익로,1130154700,서교동 427,126.9220359643673390_37.5546826076917313,1130027403,홍대입구역앞교차로,126.9215460181029016_37.5551344303407504,66.0,16.0,서행,126.9215460181029016_37.5551344303407504|126.9217237952683917_37.5549495724854268|126.9220359643673390_37.5546826076917313
2026-09-04T09:00:31.559343+09:00,홍대입구역(2호선),홍대입구역(2호선),POI055,KEY_4,1130015902,홍익로,1130109300,서교동 406,126.9231648679629956_37.5537171543489379,1130005308,서교푸르지오아파트,126.9225993071129750_37.5542008340247122,73.0,10.0,정체,126.9225993071129750_37.5542008340247122|126.9228527697001851_37.5539840685397763|126.9231648679629956_37.5537171543489379
2026-09-04T09:00:31.559343+09:00,홍대입구역(2호선),홍대입구역(2호선),POI055,KEY_4,1130016002,홍익로,1130119400,동교동 155-55,126.9224863431878845_37.5544561207342085,1130005306,속성변화점,126.9226010481489340_37.5543580239452197,15.0,8.5,정체,126.9226010481489340_37.5543580239452197|126.9224863431878845_37.5544561207342085
2026-09-04T09:00:31.559343+09:00,홍대입구역(2호선),홍대입구역(2호선),POI055,KEY_4,1130016702,동교로,1130238700,서교동 446-18,126.9190392211144172_37.5556218287363777,1130028604,롯데호텔L7(홍대),126.9204652226422638_37.5560637316398740,135.0,33.0,원활,126.9204652226422638_37.5560637316398740|126.9198761792323324_37.5558814033141104|126.9196325327701231_37.5558059855936079|126.9193242097296093_37.5557102862871091|126.9191763653079903_37.5556643970031701|126.9190392211144172_37.5556218287363777
2026-09-04T09:00:31.559343+09:00,홍대입구역(2호선),홍대입구역(2호선),POI055,KEY_4,1130016900,월드컵북로,1130267400,서교동 427,126.9210494203991146_37.5555664569088208,1130028603,롯데호텔L7(홍대),126.9205661479972775_37.5559789666732442,63.0,9.5,정체,126.9205661479972775_37.5559789666732442|126.9210494203991146_37.5555664569088208
2026-09-04T09:00:31.559343+09:00,홍대입구역(2호선),홍대입구역(2호선),POI055,KEY_4,1130017000,월드컵북로,1130267500,동교동 155-55,126.9211487362349544_37.5556402014086004,1130027401,홍대입구역앞교차로,126.9215575669487777_37.5552912277757187,53.0,15.0,서행,126.9215575669487777_37.5552912277757187|126.9211487362349544_37.5556402014086004
2026-09-04T09:00:31.559343+09:00,홍대입구역(2호선),홍대입구역(2호선),POI055,KEY_4,1130018301,동교로,1130234800,동교동 201-12,126.9223714576705504_37.5573415856685884,1130031703,우성빌딩,126.9229594770721690_37.5579740539319573,88.0,14.0,정체,126.9229594770721690_37.5579740539319573|126.9225761142016040_37.5575121455362435|126.9224853349252271_37.5574284446085400|126.9223714576705504_37.5573415856685884
2026-09-04T09:00:31.559343+09:00,홍대입구역(2호선),홍대입구역(2호선),POI055,KEY_4,1130018302,동교로,1130031704,우성빌딩,126.9230362835969004_37.5580664636773349,1130032103,동교동 151-3,126.9232918768675518_37.5583894534776732,42.0,29.0,원활,126.9232918768675518_37.5583894534776732|126.9231947644524467_37.5582569650777955|126.9230362835969004_37.5580664636773349
2026-09-04T09:00:31.559343+09:00,홍대입구역(2호선),홍대입구역(2호선),POI055,KEY_4,1130018401,동교로,1130236400,동교동 193-1,126.9218939397593573_37.5568917656500219,1130028602,롯데호텔L7(홍대),126.9207044539840865_37.5560194307797488,153.0,30.0,원활,126.9207044539840865_37.5560194307797488|126.9213020185727601_37.5561898308273214|126.9213990027508032_37.5562174862381255|126.9214983639262613_37.5562825737130197|126.9215763902692657_37.5563664435403197|126.9217678851206443_37.5567011225728038|126.9218286112969025_37.5568118746297515|126.9218939397593573_37.5568917656500219
2026-09-04T09:00:31.559343+09:00,홍대입구역(2호선),홍대입구역(2호선),POI055,KEY_4,1130018402,동교로,1130032102,동교동 192-4,126.9234091793915979_37.5583349617897966,1130031701,우성빌딩,126.9231327245934153_37.5579865800830248,46.0,33.0,원활,126.9231327245934153_37.5579865800830248|126.9233101249413238_37.5581998231503391|126.9234091793915979_37.5583349617897966
2026-09-04T09:00:31.559343+09:00,홍대입구역(2호선),홍대입구역(2호선),POI055,KEY_4,1130018403,동교로,1130267100,동교동 193-1,126.9236924952947447_37.5590020505672726,1130032101,동교동 192-4,126.9234766820471947_37.5584553758656909,64.0,36.0,원활,126.9234766820471947_37.5584553758656909|126.9235707625761904_37.5586374586260803|126.9236499224741550_37.5588562655902223|126.9236924952947447_37.5590020505672726
2026-09-04T09:00:31.559343+09:00,홍대입구역(2호선),홍대입구역(2호선),POI055,KEY_4,1130018601,월드컵북로,1130260800,동교동 205-15,126.9201047852547219_37.5565208181069323,1130028601,롯데호텔L7(홍대),126.9206030650937720_37.5561053644053331,64.0,29.0,원활,126.9206030650937720_37.5561053644053331|126.9201047852547219_37.5565208181069323
2026-09-04T09:00:31.559343+09:00,홍대입구역(2호선),홍대입구역(2호선),POI055,KEY_4,1130056000,동교로,1130244700,동교동 192-44,126.9235969752971585_37.5574460002231092,1130031702,우성빌딩,126.9230559412983723_37.5578941512089344,69.0,10.0,정체,126.9230559412983723_37.5578941512089344|126.9235969752971585_37.5574460002231092
2026-09-04T09:00:31.559343+09:00,홍대입구역(2호선),홍대입구역(2호선),POI055,KEY_4,1130056100,동교로,1130244800,동교동 192-44,126.9236948948308594_37.5575209206440874,1130030001,홍대입구역(서울2호선),126.9241024975835899_37.5571832879291989,52.0,12.5,정체,126.9241024975835899_37.5571832879291989|126.9236948948308594_37.5575209206440874
2026-09-04T09:00:31.559343+09:00,홍대입구역(2호선),홍대입구역(2호선),POI055,KEY_4,1130056500,양화로19길,1130269400,동교동 192-44,126.9242827846036619_37.5579718887892824,1130032102,동교동 192-4,126.9234091793915979_37.5583349617897966,93.0,8.0,정체,126.9234091793915979_37.5583349617897966|126.9235741468609007_37.5583601799000988|126.9237435175153621_37.5583522399045222|126.9237886059845266_37.5583215233953140|126.9242827846036619_37.5579718887892824
2026-09-04T09:00:31.559343+09:00,홍대입구역(2호선),홍대입구역(2호선),POI055,KEY_4,1130056600,양화로19길,1130269300,동교동 192-44,126.9243730039212181_37.5580527040690697,1130031304,대성카센터,126.9248672211749920_37.5577661204474040,54.0,8.0,정체,126.9248672211749920_37.5577661204474040|126.9247523387008556_37.5578433291799882|126.9243935191233703_37.5580381892432413|126.9243730039212181_37.5580527040690697
2026-09-04T09:00:31.559343+09:00,홍대입구역(2호선),홍대입구역(2호선),POI055,KEY_4,1130087300,어울마당로,1130121700,서교동 365-1,126.9222448191466555_37.5539062487640578,1130005309,서교푸르지오아파트,126.9225016470744691_37.5542843540505018,48.0,18.0,서행,126.9225016470744691_37.5542843540505018|126.9222449850932577_37.5539064976814032|126.9222448191466555_37.5539062487640578
2026-09-04T09:00:31.559343+09:00,회기역,회기역,POI056,KEY_1,1050046801,회기로31길,1050136100,회기동 346-33,127.0560943182206870_37.5898996187215104,1050028504,회기역앞교차로,127.0559516903433490_37.5899790240485743,15.0,13.0,정체,127.0559516903433490_37.5899790240485743|127.0560270041918756_37.5899281520509376|127.0560943182206870_37.5898996187215104
2026-09-04T09:00:31.559343+09:00,회기역,회기역,POI056,KEY_1,1050002000,왕산로,1050147000,청량리동 2-3,127.0521740305288034_37.5865914207080749,1050027504,시조사삼거리,127.0536344497994889_37.5883081964527719,230.0,10.3,정체,127.0536344497994889_37.5883081964527719|127.0533693812412537_37.5880506891911281|127.0532821315917147_37.5879582237014773|127.0531884417398345_37.5878589333261814|127.0530786029586778_37.5877401031031511|127.0529453852549864_37.5875668506956302|127.0521740305288034_37.5865914207080749
2026-09-04T09:00:31.559343+09:00,회기역,회기역,POI056,KEY_1,1050002103,왕산로,1050027503,시조사삼거리,127.0537378944253106_37.5882380693253708,1050027200,시조사삼거리,127.0533907788699821_37.5878933031426641,49.0,5.0,정체,127.0533907788699821_37.5878933031426641|127.0534763062884451_37.5879839430212641|127.0537378944253106_37.5882380693253708
2026-09-04T09:00:31.559343+09:00,회기역,회기역,POI056,KEY_1,1050002401,망우로,1050027502,시조사삼거리,127.0538253192589622_37.5883242468388588,1050027400,시조사삼거리,127.0541206187562437_37.5882076514237013,29.0,9.0,정체,127.0541206187562437_37.5882076514237013|127.0538253192589622_37.5883242468388588
2026-09-04T09:00:31.559343+09:00,회기역,회기역,POI056,KEY_1,1050002403,망우로,1050164800,휘경동 255-20,127.0566271995283927_37.5885646497494079,1050027904,회기역(경춘선),127.0587229978746819_37.5891560770667468,196.0,9.0,정체,127.0587229978746819_37.5891560770667468|127.0566271995283927_37.5885646497494079
2026-09-04T09:00:31.559343+09:00,회기역,회기역,POI056,KEY_1,1050002404,망우로,1050084600,삼육서울병원앞교차로,127.0623833137998986_37.5902061896011475,1050001303,위생병원앞교차로,127.0632484265541677_37.5904597865263526,81.0,9.0,정체,127.0632484265541677_37.5904597865263526|127.0623833137998986_37.5902061896011475
2026-09-04T09:00:31.559343+09:00,회기역,회기역,POI056,KEY_1,1050002501,망우로,1050027300,시조사삼거리,127.0541999989331146_37.5880556130543226,1050027503,시조사삼거리,127.0537378944253106_37.5882380693253708,46.0,25.3,원활,127.0537378944253106_37.5882380693253708|127.0541999989331146_37.5880556130543226
2026-09-04T09:00:31.559343+09:00,회기역,회기역,POI056,KEY_1,1050002502,망우로,1050156600,휘경동 312-263,127.0549127142937778_37.5877972441917763,1050027300,시조사삼거리,127.0541999989331146_37.5880556130543226,69.0,33.0,원활,127.0541999989331146_37.5880556130543226|127.0543490059122718_37.5879967791021912|127.0544022892117368_37.5879769619772119|127.0548019834277511_37.5878283065988015|127.0549127142937778_37.5877972441917763
2026-09-04T09:00:31.559343+09:00,회기역,회기역,POI056,KEY_1,1050002503,망우로,1050103800,휘경동 312-263,127.0558877492230181_37.5880681398638501,1050027101,동원빌딩,127.0554260527593158_37.5878153625107885,50.0,28.0,원활,127.0554260527593158_37.5878153625107885|127.0555870241268650_37.5878875753104609|127.0558877492230181_37.5880681398638501
2026-09-04T09:00:31.559343+09:00,회기역,회기역,POI056,KEY_1,1050016901,이문로,1050149700,회기동 67-7,127.0549874556031256_37.5894380701676880,1050028505,회기역앞교차로,127.0558403986045448_37.5900485574702969,101.0,10.0,정체,127.0558403986045448_37.5900485574702969|127.0556480315051289_37.5899387594113605|127.0549874556031256_37.5894380701676880
2026-09-04T09:00:31.559343+09:00,회기역,회기역,POI056,KEY_1,1050017001,이문로,1050027600,시조사삼거리,127.0540465630913332_37.5885443925608271,1050027502,시조사삼거리,127.0538253192589622_37.5883242468388588,31.0,9.0,정체,127.0538253192589622_37.5883242468388588|127.0540465630913332_37.5885443925608271
2026-09-04T09:00:31.559343+09:00,회기역,회기역,POI056,KEY_1,1050017002,이문로,1050176700,회기동 67-7,127.0548704471611074_37.5892000639472741,1050027600,시조사삼거리,127.0540465630913332_37.5885443925608271,103.0,9.0,정체,127.0540465630913332_37.5885443925608271|127.0541853301977540_37.5886824691056205|127.0544431845224977_37.5888767060216864|127.0545488681346455_37.5889563150846513|127.0548704471611074_37.5892000639472741
2026-09-04T09:00:31.559343+09:00,회기역,회기역,POI056,KEY_1,1050017300,망우로21길,1050122600,휘경동 255-3,127.0617591501848125_37.5904134381428037,1050001304,위생병원앞교차로,127.0634908901715221_37.5905309344400962,155.0,16.0,서행,127.0634908901715221_37.5905309344400962|127.0632178369145322_37.5905750550639510|127.0630916165366955_37.5905790878648816|127.0626126576069339_37.5905162329112414|127.0623131575363232_37.5904642275628262|127.0617591501848125_37.5904134381428037
2026-09-04T09:00:31.559343+09:00,회기역,회기역,POI056,KEY_1,1050047600,이문로9길,1050177600,이문동 345-4,127.0572646789287603_37.5930223292243824,1050030104,청량초교,127.0577394956087574_37.5928251591112073,47.0,17.0,서행,127.0577394956087574_37.5928251591112073|127.0572646789287603_37.5930223292243824
2026-09-04T09:00:31.559343+09:00,회기역,회기역,POI056,KEY_1,1050017400,망우로21길,1050001303,위생병원앞교차로,127.0632484265541677_37.5904597865263526,1050027901,회기역(경춘선),127.0588509533018708_37.5891924358330769,487.0,14.0,정체,127.0588509533018708_37.5891924358330769|127.0586222408351631_37.5896998569228415|127.0586234850224088_37.5897155353725907|127.0586558907976809_37.5897438653915401|127.0593663615114792_37.5901249299453752|127.0594071724264751_37.5901360700027922|127.0596966741023550_37.5901535169629497|127.0605348267827281_37.5902040245941436|127.0608602792811297_37.5902236349527001|127.0609061683020826_37.5902263999534085|127.0617747012593099_37.5903060296202796|127.0623354714367110_37.5903574392000976|127.0626382121015610_37.5904100067944142|127.0631000327965552_37.5904706129225801|127.0632014876607059_37.5904673709321102|127.0632484265541677_37.5904597865263526
2026-09-04T09:00:31.559343+09:00,회기역,회기역,POI056,KEY_1,1050017901,회기로,1050108200,회기동 45-41,127.0528521200719609_37.5914237853785167,1050029502,경희대삼거리,127.0523710951539016_37.5915377474733887,45.0,15.0,서행,127.0523710951539016_37.5915377474733887|127.0523876709606839_37.5915392918076137|127.0525137901161372_37.5915202005053146|127.0527658907962945_37.5914653690270413|127.0528442171102199_37.5914282626685718|127.0528521200719609_37.5914237853785167
2026-09-04T09:00:31.559343+09:00,회기역,회기역,POI056,KEY_1,1050018000,회기로,1050090700,회기동 346-34,127.0554194809867994_37.5903301444166829,1050028506,회기역앞교차로,127.0559329204722445_37.5901284797674222,51.0,16.5,서행,127.0559329204722445_37.5901284797674222|127.0558069727111103_37.5902037400693985|127.0554194809867994_37.5903301444166829
2026-09-04T09:00:31.559343+09:00,회기역,회기역,POI056,KEY_1,1050018700,회기로,1050163600,회기동 60-1,127.0507843845696527_37.5915013641051914,1050029504,경희대삼거리,127.0522433043757928_37.5916108396205715,142.0,23.5,서행,127.0522433043757928_37.5916108396205715|127.0521821091064680_37.5915621986856294|127.0521299877231201_37.5914887692426234|127.0520751335120195_37.5914483983794412|127.0520098849486175_37.5914078816053774|127.0519034946834296_37.5913797147717617|127.0517947991007759_37.5913645006145458|127.0517866259030058_37.5913650351109823|127.0516920880945833_37.5913712174869730|127.0516245575307437_37.5913854433012133|127.0515727328529181_37.5913963605241577|127.0513870021773783_37.5914444346731500|127.0512414282786153_37.5914704654519269|127.0510708375150699_37.5914862788164186|127.0507843845696527_37.5915013641051914
2026-09-04T09:00:31.559343+09:00,회기역,회기역,POI056,KEY_1,1050019200,경희대로,1050146600,회기동 16-9,127.0525711480171935_37.5925999739552665,1050029501,경희대삼거리,127.0523841820177466_37.5916478245289412,107.0,12.5,정체,127.0523841820177466_37.5916478245289412|127.0524323066177885_37.5920526103703097|127.0525711480171935_37.5925999739552665
2026-09-04T09:00:31.559343+09:00,회기역,회기역,POI056,KEY_1,1050019502,이문로,1050030104,청량초교,127.0577394956087574_37.5928251591112073,1050030203,이문동 346-131,127.0580271875429759_37.5932372410084241,52.0,9.0,정체,127.0580271875429759_37.5932372410084241|127.0577394956087574_37.5928251591112073
2026-09-04T09:00:31.559343+09:00,회기역,회기역,POI056,KEY_1,1050019504,이문로,1050129400,이문동 346-131,127.0573694032562599_37.5922660294926700,1050030103,청량초교,127.0576749762335425_37.5927299944141922,58.0,6.0,정체,127.0576749762335425_37.5927299944141922|127.0573694032562599_37.5922660294926700
2026-09-04T09:00:31.559343+09:00,회기역,회기역,POI056,KEY_1,1050019505,이문로,1050028506,회기역앞교차로,127.0559329204722445_37.5901284797674222,1050028513,휘경동321-20,127.0565232575148826_37.5909981942095399,110.0,6.0,정체,127.0565232575148826_37.5909981942095399|127.0559329204722445_37.5901284797674222
2026-09-04T09:00:31.559343+09:00,회기역,회기역,POI056,KEY_1,1050019602,이문로,1050030202,이문동 346-131,127.0581459663800246_37.5931847359417901,1050030101,청량초교,127.0578582739937303_37.5927726543307941,52.0,14.0,정체,127.0578582739937303_37.5927726543307941|127.0581459663800246_37.5931847359417901
2026-09-04T09:00:31.559343+09:00,회기역,회기역,POI056,KEY_1,1050019604,이문로,1050028511,속성변화점,127.0567073781321454_37.5910419415285659,1050028503,회기역앞교차로,127.0560411463774244_37.5900604187410963,124.0,11.0,정체,127.0560411463774244_37.5900604187410963|127.0566428056983597_37.5909468118858783|127.0567073781321454_37.5910419415285659
2026-09-04T09:00:31.559343+09:00,회기역,회기역,POI056,KEY_1,1050019605,이문로,1050171300,휘경동 183-52,127.0569053681512202_37.5913336230820647,1050028511,속성변화점,127.0567073781321454_37.5910419415285659,37.0,11.0,정체,127.0567073781321454_37.5910419415285659|127.0569053681512202_37.5913336230820647
2026-09-04T09:00:31.559343+09:00,회기역,회기역,POI056,KEY_1,1050045000,서울시립대로29길,1050057500,휘경동 312-67,127.0551709010215689_37.5872097744655633,1050027102,동원빌딩,127.0552792290295940_37.5877668966272154,63.0,13.0,정체,127.0552792290295940_37.5877668966272154|127.0551861067910551_37.5872848038543452|127.0551730839952285_37.5872110997316824|127.0551709010215689_37.5872097744655633
2026-09-04T09:00:31.559343+09:00,회기역,회기역,POI056,KEY_1,1050045700,망우로,1050027300,시조사삼거리,127.0541999989331146_37.5880556130543226,1050027200,시조사삼거리,127.0533907788699821_37.5878933031426641,76.0,25.0,원활,127.0533907788699821_37.5878933031426641|127.0536217637957321_37.5880161289625931|127.0537753139503394_37.5880458576351089|127.0539101309762913_37.5880606949511815|127.0540411940321093_37.5880636155024845|127.0541999989331146_37.5880556130543226
2026-09-04T09:00:31.559343+09:00,회기역,회기역,POI056,KEY_1,1050045800,망우로,1050027600,시조사삼거리,127.0540465630913332_37.5885443925608271,1050027400,시조사삼거리,127.0541206187562437_37.5882076514237013,42.0,16.0,서행,127.0541206187562437_37.5882076514237013|127.0541037664381037_37.5882183007721338|127.0540247436433390_37.5883060639055344|127.0539888628242409_37.5883995276613447|127.0540026641759823_37.5884802457704197|127.0540465630913332_37.5885443925608271
2026-09-04T09:00:31.559343+09:00,회기역,회기역,POI056,KEY_1,1050056200,이문로1길,1050122100,회기동 65-142,127.0534051830155704_37.5886976397466412,1050027501,시조사삼거리,127.0537232490909645_37.5883957922412506,44.0,17.0,서행,127.0537232490909645_37.5883957922412506|127.0536258598978634_37.5885065292228262|127.0534051830155704_37.5886976397466412
2026-09-04T13:22:12.125893+09:00,경복궁,경복궁,POI008,KEY_1,1000010600,새문안로5길,1000019302,정부서울청사사거리,126.9743957431224146_37.5756988655088620,1000015501,정부중앙청사별관,126.9745359191347660_37.5741633893777163,171.0,8.0,정체,126.9745359191347660_37.5741633893777163|126.9745251838795923_37.5743178497332622|126.9743883747213147_37.5754949317932088|126.9743883466303203_37.5755769520238516|126.9743957431224146_37.5756988655088620
2026-09-04T13:22:12.125893+09:00,경복궁,경복궁,POI008,KEY_1,1000011700,사직로,1000019303,정부서울청사사거리,126.9742603998069796_37.5757097304571062,1000019802,경복궁역사거리,126.9727094012703503_37.5758424186585529,138.0,6.0,정체,126.9727094012703503_37.5758424186585529|126.9729390930378230_37.5758227698022793|126.9733793101036952_37.5757851103966303|126.9742603998069796_37.5757097304571062
2026-09-04T13:22:12.125893+09:00,경복궁,경복궁,POI008,KEY_1,1000011800,사직로,1000242400,적선동 8-1,126.9733938280741512_37.5758926104395314,1000019304,정부서울청사사거리,126.9742589191568953_37.5758185992423250,77.0,8.0,정체,126.9742589191568953_37.5758185992423250|126.9733938280741512_37.5758926104395314
2026-09-04T13:22:12.125893+09:00,경복궁,경복궁,POI008,KEY_1,1000012001,사직로,1000018500,광화문,126.9756248255992830_37.5755943672526271,1000019302,정부서울청사사거리,126.9743957431224146_37.5756988655088620,109.0,8.0,정체,126.9743957431224146_37.5756988655088620|126.9754810818243271_37.5756177185546321|126.9756248255992830_37.5755943672526271
2026-09-04T13:22:12.125893+09:00,경복궁,경복궁,POI008,KEY_1,1000012101,사직로,1000003601,광화문삼거리,126.9772026040190127_37.5752961563211159,1000020200,경복궁,126.9786283706113750_37.5757946408291801,142.0,7.0,정체,126.9786283706113750_37.5757946408291801|126.9780494814518477_37.5757270176835334|126.9778051553330869_37.5756687993840117|126.9775841152535918_37.5755595455980540|126.9773389726312587_37.5753713360195221|126.9772665949307680_37.5753228898854132|126.9772026040190127_37.5752961563211159
2026-09-04T13:22:12.125893+09:00,경복궁,경복궁,POI008,KEY_1,1000012102,사직로,1000020200,경복궁,126.9786283706113750_37.5757946408291801,1000019704,경복궁사거리,126.9793621536958312_37.5759001150550986,66.0,19.0,서행,126.9793621536958312_37.5759001150550986|126.9791440605087161_37.5758645700478056|126.9786283706113750_37.5757946408291801
2026-09-04T13:22:12.125893+09:00,경복궁,경복궁,POI008,KEY_1,1000012203,사직로,1000019703,경복궁사거리,126.9793107532419185_37.5757813746508091,1000019100,경복궁,126.9786480964121154_37.5756876675167888,59.0,6.0,정체,126.9786480964121154_37.5756876675167888|126.9791690991976765_37.5757582877498706|126.9793107532419185_37.5757813746508091
2026-09-04T13:22:12.125893+09:00,경복궁,경복궁,POI008,KEY_1,1000012502,사직로,1000224600,내자동 35,126.9704050096786716_37.5761139325286422,1000019804,경복궁역사거리,126.9725583211622109_37.5759627912727225,191.0,29.0,원활,126.9725583211622109_37.5759627912727225|126.9704050096786716_37.5761139325286422
2026-09-04T13:22:12.125893+09:00,경복궁,경복궁,POI008,KEY_1,1000014301,삼청로,1000019704,경복궁사거리,126.9793621536958312_37.5759001150550986,1000020600,대한출판문화협회,126.9794687888132074_37.5765544121067592,73.0,8.0,정체,126.9794687888132074_37.5765544121067592|126.9794674172659654_37.5764824989996455|126.9794172673057773_37.5761249117022231|126.9793621536958312_37.5759001150550986
2026-09-04T13:22:12.125893+09:00,경복궁,경복궁,POI008,KEY_1,1000014302,삼청로,1000020600,대한출판문화협회,126.9794687888132074_37.5765544121067592,1000022703,국군서울지구병원,126.9798562503477797_37.5800221917764006,388.0,8.0,정체,126.9798562503477797_37.5800221917764006|126.9796182985417516_37.5793264763807215|126.9795665449151443_37.5791397220131316|126.9795478931843604_37.5790381290051698|126.9795326834604623_37.5788730174103378|126.9794969047037227_37.5780275498626395|126.9794687888132074_37.5765544121067592
2026-09-04T13:22:12.125893+09:00,경복궁,경복궁,POI008,KEY_1,1000014303,삼청로,1000022704,국군서울지구병원,126.9798888896173850_37.5801238754593712,1000023003,갤러리스케이프,126.9801383570053588_37.5809954150793715,99.0,22.0,서행,126.9801383570053588_37.5809954150793715|126.9801143803817212_37.5808712068437671|126.9798888896173850_37.5801238754593712
2026-09-04T13:22:12.125893+09:00,경복궁,경복궁,POI008,KEY_1,1000014401,삼청로,1000021000,대한출판문화협회,126.9796046197648423_37.5765527706146756,1000019701,경복궁사거리,126.9795067975766756_37.5759255521593971,70.0,26.0,원활,126.9795067975766756_37.5759255521593971|126.9795516592807161_37.5761085342554608|126.9796031487506696_37.5764756650611034|126.9796046197648423_37.5765527706146756
2026-09-04T13:22:12.125893+09:00,경복궁,경복궁,POI008,KEY_1,1000014402,삼청로,1000022702,국군서울지구병원,126.9799873332334244_37.5799937943622950,1000021000,대한출판문화협회,126.9796046197648423_37.5765527706146756,385.0,16.0,서행,126.9796046197648423_37.5765527706146756|126.9796327193578946_37.5780249082326065|126.9796683669145381_37.5788672429607900|126.9796830227134734_37.5790263448128528|126.9797002616005130_37.5791202376619609|126.9797502489418548_37.5793006189381842|126.9799873332334244_37.5799937943622950
2026-09-04T13:22:12.125893+09:00,경복궁,경복궁,POI008,KEY_1,1000014403,삼청로,1000023002,갤러리스케이프,126.9802726364854522_37.5809789975197504,1000022701,국군서울지구병원,126.9800209872343402_37.5800986304131186,100.0,15.0,서행,126.9800209872343402_37.5800986304131186|126.9802478003755937_37.5808503388031028|126.9802726364854522_37.5809789975197504
2026-09-04T13:22:12.125893+09:00,경복궁,경복궁,POI008,KEY_1,1000015101,효자로,1000219200,통의동 7-2,126.9738823732247113_37.5782737331220034,1000022103,한글전각갤러리,126.9737664393316123_37.5793405707998147,119.0,20.0,서행,126.9737664393316123_37.5793405707998147|126.9738823732247113_37.5782737331220034
2026-09-04T13:22:12.125893+09:00,경복궁,경복궁,POI008,KEY_1,1000015102,효자로,1000041400,창성동 16,126.9736432808576581_37.5805908651879150,1000023603,창성동 75-1,126.9736167411290211_37.5817495935669825,129.0,15.0,서행,126.9736167411290211_37.5817495935669825|126.9736341888375790_37.5807097019062013|126.9736432808576581_37.5805908651879150
2026-09-04T13:22:12.125893+09:00,경복궁,경복궁,POI008,KEY_1,1000015103,효자로,1000023604,세종로 1-82,126.9736148980526167_37.5818577441157089,1000005203,효자동삼거리,126.9736127255228695_37.5835625507457465,189.0,17.5,서행,126.9736127255228695_37.5835625507457465|126.9735913171579114_37.5832181223740136|126.9736148980526167_37.5818577441157089
2026-09-04T13:22:12.125893+09:00,경복궁,경복궁,POI008,KEY_1,1000015201,효자로,1000022102,한글전각갤러리,126.9739017858953645_37.5793498869892204,1000019301,정부서울청사사거리,126.9743957935852450_37.5758074664167268,396.0,26.0,원활,126.9743957935852450_37.5758074664167268|126.9743764184428017_37.5760755345660726|126.9743092662572082_37.5764778948295017|126.9741719066146146_37.5773009081164844|126.9741268698984413_37.5775378120208856|126.9740611119599407_37.5778837117652031|126.9740177174622744_37.5782830491677231|126.9739017858953645_37.5793498869892204
2026-09-04T13:22:12.125893+09:00,경복궁,경복궁,POI008,KEY_1,1000015202,효자로,1000023602,세종로 1-39,126.9737525850962072_37.5817510371078143,1000022101,한글전각갤러리,126.9738905991571443_37.5794569415239579,255.0,23.0,서행,126.9738905991571443_37.5794569415239579|126.9738519824120146_37.5798414672260890|126.9737879055856666_37.5804795024973970|126.9737788834196408_37.5805974360917929|126.9737699881223705_37.5807137109477551|126.9737525850962072_37.5817510371078143
2026-09-04T13:22:12.125893+09:00,경복궁,경복궁,POI008,KEY_1,1000015203,효자로,1000005202,효자동삼거리,126.9737472613430214_37.5835385999729326,1000023601,세종로 1-39,126.9737507411007016_37.5818592353335603,186.0,19.3,서행,126.9737507411007016_37.5818592353335603|126.9737272227124265_37.5832161948422154|126.9737472613430214_37.5835385999729326
2026-09-04T13:22:12.125893+09:00,경복궁,경복궁,POI008,KEY_1,1000015401,자하문로,1000140900,통의동 139,126.9725715057905830_37.5765777524989346,1000019801,경복궁역사거리,126.9726968257656665_37.5759522364072183,70.0,17.5,서행,126.9726968257656665_37.5759522364072183|126.9726385507227491_37.5763288934255186|126.9725895796281208_37.5765259070172135|126.9725715057905830_37.5765777524989346
2026-09-04T13:22:12.125893+09:00,경복궁,경복궁,POI008,KEY_1,1000015800,북촌로5길,1000110800,소격동 101-1,126.9816632165415768_37.5796980355060555,1000022702,국군서울지구병원,126.9799873332334244_37.5799937943622950,152.0,15.0,서행,126.9799873332334244_37.5799937943622950|126.9811117769615265_37.5798023119298961|126.9813717539606586_37.5797580385712706|126.9816632165415768_37.5796980355060555
2026-09-04T13:22:12.125893+09:00,경복궁,경복궁,POI008,KEY_1,1000016301,삼청로,1000023001,갤러리스케이프,126.9802926936486500_37.5811058372642535,1000023403,브라질대사관,126.9810263784892186_37.5815445739605920,82.0,13.0,정체,126.9810263784892186_37.5815445739605920|126.9809131169670025_37.5814523264612390|126.9807572607189741_37.5813324212478079|126.9805732045222584_37.5812254848848113|126.9805004045640970_37.5811831880586382|126.9802926936486500_37.5811058372642535
2026-09-04T13:22:12.125893+09:00,경복궁,경복궁,POI008,KEY_1,1000016401,삼청로,1000154400,소격동 5-2,126.9806533091713163_37.5811381602125181,1000023002,갤러리스케이프,126.9802726364854522_37.5809789975197504,38.0,16.0,서행,126.9802726364854522_37.5809789975197504|126.9805698902694644_37.5810896934890764|126.9806533091713163_37.5811381602125181
2026-09-04T13:22:12.125893+09:00,경복궁,경복궁,POI008,KEY_1,1000016500,청와대로,1000023004,갤러리스케이프,126.9801577660451670_37.5811184473203284,1000024202,퐁데자르갤러리,126.9792888757798295_37.5833973114764888,283.0,18.0,서행,126.9792888757798295_37.5833973114764888|126.9794326695444795_37.5833409548265038|126.9795985399564842_37.5832476848462562|126.9797349654737388_37.5831482053396115|126.9798535787143550_37.5830268942675616|126.9799783199628109_37.5828376834460514|126.9800830519028665_37.5826410034803118|126.9801523342807030_37.5824206537665262|126.9801756947906881_37.5821819448641676|126.9801669773254389_37.5812814489405298|126.9801611478268342_37.5811413659670990|126.9801577660451670_37.5811184473203284
2026-09-04T13:22:12.125893+09:00,경복궁,경복궁,POI008,KEY_1,1000016600,청와대로,1000024201,퐁데자르갤러리,126.9793488993760917_37.5834943060582702,1000023001,갤러리스케이프,126.9802926936486500_37.5811058372642535,298.0,30.7,원활,126.9802926936486500_37.5811058372642535|126.9802967397338023_37.5811332572089398|126.9803028147339035_37.5812792426264579|126.9803115922597812_37.5821857328606441|126.9802868960512399_37.5824380961232620|126.9802122748901070_37.5826754278464534|126.9801012249592418_37.5828839711424081|126.9799682487228267_37.5830856738696752|126.9798351717180509_37.5832217786991762|126.9796839720406183_37.5833320316592037|126.9795023111846888_37.5834341801086822|126.9793488993760917_37.5834943060582702
2026-09-04T13:22:12.125893+09:00,경복궁,경복궁,POI008,KEY_1,1000017102,효자로,1000005203,효자동삼거리,126.9736127255228695_37.5835625507457465,1000024302,효자동 136-1,126.9727651070645038_37.5836899468878016,76.0,8.0,정체,126.9727651070645038_37.5836899468878016|126.9730868519890805_37.5836617458525453|126.9732850493551410_37.5836358134354498|126.9736127255228695_37.5835625507457465
2026-09-04T13:22:12.125893+09:00,경복궁,경복궁,POI008,KEY_1,1000017202,효자로,1000024301,효자동 136-1,126.9727799801869850_37.5837974155542724,1000005204,효자동삼거리,126.9736494719598028_37.5836666397267720,78.0,8.0,정체,126.9736494719598028_37.5836666397267720|126.9733145338289120_37.5837415255394376|126.9731053220007908_37.5837688997887582|126.9727799801869850_37.5837974155542724
2026-09-04T13:22:12.125893+09:00,경복궁,경복궁,POI008,KEY_1,1000017300,청와대로,1000024203,퐁데자르갤러리,126.9791795136897292_37.5834335611764701,1000005202,효자동삼거리,126.9737472613430214_37.5835385999729326,486.0,26.7,원활,126.9737472613430214_37.5835385999729326|126.9739495073895483_37.5835089975692114|126.9741309391237110_37.5835057794776830|126.9743076583270351_37.5835171156289292|126.9752337920588730_37.5836985645955508|126.9754323254462349_37.5837264891222063|126.9757360888294073_37.5837476748394224|126.9763499836077330_37.5837643209452068|126.9766286175151322_37.5837433697827379|126.9789929139192566_37.5834750307908365|126.9791275283093626_37.5834477041164519|126.9791795136897292_37.5834335611764701
2026-09-04T13:22:12.125893+09:00,경복궁,경복궁,POI008,KEY_1,1000017400,청와대로,1000005201,효자동삼거리,126.9737718367323538_37.5836449359611962,1000024204,퐁데자르갤러리,126.9792234607305943_37.5835358668880062,488.0,24.0,서행,126.9792234607305943_37.5835358668880062|126.9791663527855263_37.5835514035953580|126.9790193732068246_37.5835812400857776|126.9766446063162135_37.5838507686442966|126.9763540772180477_37.5838726139501844|126.9757278388116646_37.5838556337628376|126.9754145390009228_37.5838337820068062|126.9752057008707880_37.5838044082914848|126.9742858206583094_37.5836241849198771|126.9741269844044211_37.5836139960176467|126.9739633976216311_37.5836168972867881|126.9737718367323538_37.5836449359611962
2026-09-04T13:22:12.125893+09:00,경복궁,경복궁,POI008,KEY_1,1000034400,새문안로3길,1000018004,서울특별시경찰청,126.9726181216856418_37.5753302820372284,1000019803,경복궁역사거리,126.9725722748504069_37.5758532725264089,58.0,24.0,서행,126.9725722748504069_37.5758532725264089|126.9726181216856418_37.5753302820372284
2026-09-04T13:22:12.125893+09:00,경복궁,경복궁,POI008,KEY_1,1000034500,새문안로3길,1000019802,경복궁역사거리,126.9727094012703503_37.5758424186585529,1000018001,서울특별시경찰청,126.9727536370288590_37.5753378072978137,56.0,20.0,서행,126.9727536370288590_37.5753378072978137|126.9727094012703503_37.5758424186585529
2026-09-04T13:22:12.125893+09:00,경복궁,경복궁,POI008,KEY_1,1000035200,사직로,1000020200,경복궁,126.9786283706113750_37.5757946408291801,1000020600,대한출판문화협회,126.9794687888132074_37.5765544121067592,118.0,6.0,정체,126.9794687888132074_37.5765544121067592|126.9794368084534142_37.5764098329770562|126.9791960602808700_37.5761637733622180|126.9789750836954596_37.5759177176703147|126.9788694300669647_37.5758537146814078|126.9786283706113750_37.5757946408291801
2026-09-04T13:22:12.125893+09:00,경복궁,경복궁,POI008,KEY_1,1000035300,삼청로,1000021000,대한출판문화협회,126.9796046197648423_37.5765527706146756,1000020300,경복궁,126.9801205068413168_37.5759892604625989,93.0,16.0,서행,126.9801205068413168_37.5759892604625989|126.9797298312382878_37.5760780464987292|126.9796597331679635_37.5761137931100748|126.9796040049640879_37.5761795786155588|126.9796046197648423_37.5765527706146756
2026-09-04T13:22:12.125893+09:00,경복궁,경복궁,POI008,KEY_1,1000037000,자하문로10길,1000142900,창성동 130-12,126.9720322425473000_37.5795267662096677,1000022104,한글전각갤러리,126.9737551795793422_37.5794483274217725,153.0,16.0,서행,126.9737551795793422_37.5794483274217725|126.9735697636163820_37.5794379905376914|126.9730629180689760_37.5794543875836595|126.9720322425473000_37.5795267662096677
2026-09-04T13:22:12.125893+09:00,경복궁,경복궁,POI008,KEY_1,1000038800,자하문로16길,1000068600,효자동 158-3,126.9730842997045812_37.5818361876427218,1000023604,세종로 1-82,126.9736148980526167_37.5818577441157089,47.0,10.0,정체,126.9736148980526167_37.5818577441157089|126.9732424959569812_37.5818454811704967|126.9730842997045812_37.5818361876427218
2026-09-04T13:22:12.125893+09:00,광화문·덕수궁,광화문·덕수궁,POI009,KEY_2,1000005204,세종대로,1000007400,청계천광장,126.9770893091757529_37.5695834801641908,1000031000,청계광장,126.9770921904126482_37.5694157550093379,19.0,6.0,정체,126.9770921904126482_37.5694157550093379|126.9770893091757529_37.5695834801641908
2026-09-04T13:22:12.125893+09:00,광화문·덕수궁,광화문·덕수궁,POI009,KEY_2,1000001401,종로,1000008000,동아일보사,126.9777588281918099_37.5701340596360964,1000009002,세종대로사거리,126.9770959172438580_37.5701228829325231,59.0,24.0,서행,126.9770959172438580_37.5701228829325231|126.9777588281918099_37.5701340596360964
2026-09-04T13:22:12.125893+09:00,광화문·덕수궁,광화문·덕수궁,POI009,KEY_2,1000000301,종로,1000081900,종로1가 82-2,126.9798999832241719_37.5701535606807582,1000008607,종로구청입구교차로,126.9793805233784241_37.5701494116837509,46.0,33.0,원활,126.9793805233784241_37.5701494116837509|126.9798999832241719_37.5701535606807582
2026-09-04T13:22:12.125893+09:00,광화문·덕수궁,광화문·덕수궁,POI009,KEY_2,1000000401,종로,1000008606,종로구청입구교차로,126.9793844377634713_37.5702575676490582,1000008905,SK빌딩,126.9809530025248421_37.5702700889503021,139.0,15.0,서행,126.9809530025248421_37.5702700889503021|126.9798986206276368_37.5702616744867512|126.9793844377634713_37.5702575676490582
2026-09-04T13:22:12.125893+09:00,광화문·덕수궁,광화문·덕수궁,POI009,KEY_2,1000000703,새문안로,1000008201,구세군회관,126.9726666240444217_37.5702234697315518,1000008304,뉴질랜드관광청,126.9749173399443691_37.5702117971802636,199.0,21.0,서행,126.9749173399443691_37.5702117971802636|126.9745065658627396_37.5702088031007975|126.9743721680184052_37.5702090286750732|126.9726666240444217_37.5702234697315518
2026-09-04T13:22:12.125893+09:00,광화문·덕수궁,광화문·덕수궁,POI009,KEY_2,1000000802,새문안로,1000007903,신문로1가 5-4,126.9743707219120381_37.5701009152256020,1000008202,구세군회관,126.9726644410624914_37.5701153625080622,151.0,4.0,정체,126.9726644410624914_37.5701153625080622|126.9743707219120381_37.5701009152256020
2026-09-04T13:22:12.125893+09:00,광화문·덕수궁,광화문·덕수궁,POI009,KEY_2,1000000803,새문안로,1000008403,신문로1가141,126.9755270360325170_37.5701094904468960,1000007902,신문로1가 5-4,126.9745078099836633_37.5701006884260735,90.0,6.0,정체,126.9745078099836633_37.5701006884260735|126.9749185834716059_37.5701036825010561|126.9750548861427575_37.5701048454871938|126.9755270360325170_37.5701094904468960
2026-09-04T13:22:12.125893+09:00,광화문·덕수궁,광화문·덕수궁,POI009,KEY_2,1000000901,새문안로,1000008301,뉴질랜드관광청,126.9750532070518432_37.5702129564638909,1000008404,신문로1가141,126.9755253576206542_37.5702176014390972,42.0,30.0,원활,126.9755253576206542_37.5702176014390972|126.9750532070518432_37.5702129564638909
2026-09-04T13:22:12.125893+09:00,광화문·덕수궁,광화문·덕수궁,POI009,KEY_2,1000000902,새문안로,1000008401,신문로1가141,126.9756642084840337_37.5702188245241615,1000009300,세종로208,126.9762005801091362_37.5702231750732523,47.0,38.0,원활,126.9762005801091362_37.5702231750732523|126.9756642084840337_37.5702188245241615
2026-09-04T13:22:12.125893+09:00,광화문·덕수궁,광화문·덕수궁,POI009,KEY_2,1000000903,새문안로,1000214200,세종대로사거리,126.9766244379145377_37.5702266110763219,1000009004,세종대로사거리,126.9769755542479714_37.5702294562480148,31.0,29.7,원활,126.9769755542479714_37.5702294562480148|126.9766244379145377_37.5702266110763219
2026-09-04T13:22:12.125893+09:00,광화문·덕수궁,광화문·덕수궁,POI009,KEY_2,1000001002,새문안로,1000007600,주한요르단명예영사관,126.9762019638013300_37.5701150604124336,1000008402,신문로1가141,126.9756655929920299_37.5701107106503116,47.0,10.5,정체,126.9756655929920299_37.5701107106503116|126.9762019638013300_37.5701150604124336
2026-09-04T13:22:12.125893+09:00,광화문·덕수궁,광화문·덕수궁,POI009,KEY_2,1000001003,새문안로,1000009003,세종대로사거리,126.9769600332011521_37.5701212054532618,1000007600,주한요르단명예영사관,126.9762019638013300_37.5701150604124336,67.0,13.0,정체,126.9762019638013300_37.5701150604124336|126.9766258211001428_37.5701184968726238|126.9769600332011521_37.5701212054532618
2026-09-04T13:22:12.125893+09:00,광화문·덕수궁,광화문·덕수궁,POI009,KEY_2,1000001301,종로,1000009001,세종대로사거리,126.9771187019505163_37.5702314111293560,1000009700,종로1가1-3,126.9777559525715844_37.5702421551131351,56.0,7.0,정체,126.9777559525715844_37.5702421551131351|126.9771187019505163_37.5702314111293560
2026-09-04T13:22:12.125893+09:00,광화문·덕수궁,광화문·덕수궁,POI009,KEY_2,1000001302,종로,1000009700,종로1가1-3,126.9777559525715844_37.5702421551131351,1000008804,광화문우체국,126.9784336631558119_37.5702494972367163,60.0,8.0,정체,126.9784336631558119_37.5702494972367163|126.9779432056922133_37.5702453112944994|126.9777559525715844_37.5702421551131351
2026-09-04T13:22:12.125893+09:00,광화문·덕수궁,광화문·덕수궁,POI009,KEY_2,1000001303,종로,1000008801,광화문우체국,126.9785701334498214_37.5702506615867833,1000008609,종로구청입구교차로,126.9792481536049564_37.5702564438606927,60.0,13.0,정체,126.9792481536049564_37.5702564438606927|126.9785701334498214_37.5702506615867833
2026-09-04T13:22:12.125893+09:00,광화문·덕수궁,광화문·덕수궁,POI009,KEY_2,1000001402,종로,1000008803,광화문우체국,126.9784351192109852_37.5701413844145975,1000008000,동아일보사,126.9777588281918099_37.5701340596360964,60.0,9.0,정체,126.9777588281918099_37.5701340596360964|126.9779453713088060_37.5701372048683524|126.9784351192109852_37.5701413844145975
2026-09-04T13:22:12.125893+09:00,광화문·덕수궁,광화문·덕수궁,POI009,KEY_2,1000001403,종로,1000008608,종로구청입구교차로,126.9792446499360778_37.5701482878816435,1000008802,광화문우체국,126.9785715892256235_37.5701425486416056,59.0,14.0,정체,126.9785715892256235_37.5701425486416056|126.9792446499360778_37.5701482878816435
2026-09-04T13:22:12.125893+09:00,광화문·덕수궁,광화문·덕수궁,POI009,KEY_2,1000003301,청계천로,1010033802,호주관광청,126.9797619415674745_37.5689431360811881,1010034101,무교동사거리,126.9793610650683036_37.5689718470786644,36.0,12.0,정체,126.9793610650683036_37.5689718470786644|126.9797619415674745_37.5689431360811881
2026-09-04T13:22:12.125893+09:00,광화문·덕수궁,광화문·덕수궁,POI009,KEY_2,1000003400,청계천로,1010034301,무교동사거리,126.9793440155466442_37.5692674718774171,1010033702,광교사거리,126.9827120922386285_37.5690419071249693,299.0,20.0,서행,126.9827120922386285_37.5690419071249693|126.9793440155466442_37.5692674718774171
2026-09-04T13:22:12.125893+09:00,광화문·덕수궁,광화문·덕수궁,POI009,KEY_2,1000003700,청계천로,1010034102,무교동사거리,126.9792256224440905_37.5689816845044717,1000002000,청계광장,126.9771060680401717_37.5690311929919076,188.0,9.0,정체,126.9771060680401717_37.5690311929919076|126.9774434053876035_37.5690828687536680|126.9775440319711919_37.5690924240737019|126.9777213322496863_37.5690924576651568|126.9792256224440905_37.5689816845044717
2026-09-04T13:22:12.125893+09:00,광화문·덕수궁,광화문·덕수궁,POI009,KEY_2,1000003801,청계천로,1000031000,청계광장,126.9770921904126482_37.5694157550093379,1000007002,동아일보사,126.9783460265061024_37.5693222473721278,111.0,9.0,정체,126.9783460265061024_37.5693222473721278|126.9773834142662849_37.5693879956262435|126.9770921904126482_37.5694157550093379
2026-09-04T13:22:12.125893+09:00,광화문·덕수궁,광화문·덕수궁,POI009,KEY_2,1000003802,청계천로,1000007001,동아일보사,126.9784814758997982_37.5693140408546356,1010034302,무교동사거리,126.9792084451945726_37.5692755952973627,64.0,16.0,서행,126.9792084451945726_37.5692755952973627|126.9784814758997982_37.5693140408546356
2026-09-04T13:22:12.125893+09:00,광화문·덕수궁,광화문·덕수궁,POI009,KEY_2,1000004101,세종대로21길,1010036201,청계광장,126.9769724776174371_37.5689758850454254,1010034202,속성변화점,126.9761089175425468_37.5690525772719468,77.0,13.0,정체,126.9761089175425468_37.5690525772719468|126.9762590231906501_37.5690173503827225|126.9766423549418590_37.5690116154256089|126.9767891468850252_37.5690047706819641|126.9769724776174371_37.5689758850454254
2026-09-04T13:22:12.125893+09:00,광화문·덕수궁,광화문·덕수궁,POI009,KEY_2,1000004201,세종대로21길,1010034201,속성변화점,126.9761701151880970_37.5691453161545397,1010036202,청계광장,126.9769681640981389_37.5690870395436463,71.0,17.0,서행,126.9769681640981389_37.5690870395436463|126.9768062997742106_37.5691122763363623|126.9766476039636132_37.5691196746613940|126.9762762102917009_37.5691252318358337|126.9761701151880970_37.5691453161545397
2026-09-04T13:22:12.125893+09:00,광화문·덕수궁,광화문·덕수궁,POI009,KEY_2,1000004202,세종대로21길,1010034502,조선일보본사,126.9758538003934376_37.5694432589816216,1010034201,속성변화점,126.9761701151880970_37.5691453161545397,44.0,18.0,서행,126.9761701151880970_37.5691453161545397|126.9759646865800136_37.5693016963708999|126.9759165276521173_37.5693486608578553|126.9758538003934376_37.5694432589816216
2026-09-04T13:22:12.125893+09:00,광화문·덕수궁,광화문·덕수궁,POI009,KEY_2,1000004203,세종대로21길,1000008402,신문로1가141,126.9756655929920299_37.5701107106503116,1010034501,조선일보본사,126.9758232836738614_37.5695216067234981,67.0,4.0,정체,126.9758232836738614_37.5695216067234981|126.9756655929920299_37.5701107106503116
2026-09-04T13:22:12.125893+09:00,광화문·덕수궁,광화문·덕수궁,POI009,KEY_2,1000005000,무교로,1000008607,종로구청입구교차로,126.9793805233784241_37.5701494116837509,1010034301,무교동사거리,126.9793440155466442_37.5692674718774171,98.0,9.0,정체,126.9793440155466442_37.5692674718774171|126.9793805233784241_37.5701494116837509
2026-09-04T13:22:12.125893+09:00,광화문·덕수궁,광화문·덕수궁,POI009,KEY_2,1000005101,세종대로,1010036202,청계광장,126.9769681640981389_37.5690870395436463,1000007300,세종로1-80,126.9769534872362158_37.5695820797097966,55.0,7.0,정체,126.9769534872362158_37.5695820797097966|126.9769561223222638_37.5694207011224321|126.9769681640981389_37.5690870395436463
2026-09-04T13:22:12.125893+09:00,광화문·덕수궁,광화문·덕수궁,POI009,KEY_2,1000005102,세종대로,1000007300,세종로1-80,126.9769534872362158_37.5695820797097966,1000009003,세종대로사거리,126.9769600332011521_37.5701212054532618,60.0,10.0,정체,126.9769600332011521_37.5701212054532618|126.9769532767960953_37.5697764532188643|126.9769534872362158_37.5695820797097966
2026-09-04T13:22:12.125893+09:00,광화문·덕수궁,광화문·덕수궁,POI009,KEY_2,1000005202,세종대로,1000009002,세종대로사거리,126.9770959172438580_37.5701228829325231,1000007400,청계천광장,126.9770893091757529_37.5695834801641908,60.0,4.0,정체,126.9770893091757529_37.5695834801641908|126.9770891110814688_37.5697756552470636|126.9770959172438580_37.5701228829325231
2026-09-04T13:22:12.125893+09:00,광화문·덕수궁,광화문·덕수궁,POI009,KEY_2,1000005203,세종대로,1000031000,청계광장,126.9770921904126482_37.5694157550093379,1000002000,청계광장,126.9771060680401717_37.5690311929919076,43.0,5.0,정체,126.9771060680401717_37.5690311929919076|126.9770921904126482_37.5694157550093379
2026-09-04T13:22:12.125893+09:00,광화문·덕수궁,광화문·덕수궁,POI009,KEY_2,1000006701,종로3길,1000008605,KT광화문빌딩East,126.9792365875387787_37.5713076844087723,1000002503,종로구청앞교차로,126.9791846724866247_37.5724168674636516,123.0,9.0,정체,126.9791846724866247_37.5724168674636516|126.9792127143992531_37.5722886996592322|126.9792365875387787_37.5713076844087723
2026-09-04T13:22:12.125893+09:00,광화문·덕수궁,광화문·덕수궁,POI009,KEY_2,1000006702,종로3길,1000008609,종로구청입구교차로,126.9792481536049564_37.5702564438606927,1000008604,KT광화문빌딩East,126.9792392182412755_37.5711995824609417,105.0,5.0,정체,126.9792392182412755_37.5711995824609417|126.9792562098357678_37.5705013662105856|126.9792481536049564_37.5702564438606927
2026-09-04T13:22:12.125893+09:00,광화문·덕수궁,광화문·덕수궁,POI009,KEY_2,1000006801,종로3길,1000008603,KT광화문빌딩East,126.9793750304311573_37.5712016763059680,1000008606,종로구청입구교차로,126.9793844377634713_37.5702575676490582,105.0,3.0,정체,126.9793844377634713_37.5702575676490582|126.9793920781041692_37.5705010629446505|126.9793750304311573_37.5712016763059680
2026-09-04T13:22:12.125893+09:00,광화문·덕수궁,광화문·덕수궁,POI009,KEY_2,1000006802,종로3길,1000002502,종로구청앞교차로,126.9793217364559581_37.5724206139039367,1000008602,KT광화문빌딩East,126.9793723999539878_37.5713097781531999,124.0,3.0,정체,126.9793723999539878_37.5713097781531999|126.9793483260029632_37.5722990812992776|126.9793217364559581_37.5724206139039367
2026-09-04T13:22:12.125893+09:00,광화문·덕수궁,광화문·덕수궁,POI009,KEY_2,1000007301,새문안로5길,1000191900,당주동 42-1,126.9747945654450376_37.5713741249107471,1000012004,당주동 42-1,126.9747711914900208_37.5715772036542930,23.0,11.0,정체,126.9747711914900208_37.5715772036542930|126.9747764927874840_37.5715266880177694|126.9747945654450376_37.5713741249107471
2026-09-04T13:22:12.125893+09:00,광화문·덕수궁,광화문·덕수궁,POI009,KEY_2,1000007303,새문안로5길,1000012009,국토매일신문,126.9745343892600573_37.5730633074938467,1000015503,정부중앙청사별관,126.9744112783023837_37.5740498591777197,110.0,18.0,서행,126.9744112783023837_37.5740498591777197|126.9744499541339309_37.5737686609407575|126.9744632498496486_37.5736575921968523|126.9745343892600573_37.5730633074938467
2026-09-04T13:22:12.125893+09:00,광화문·덕수궁,광화문·덕수궁,POI009,KEY_2,1000007304,새문안로5길,1000097900,당주동 9-1,126.9746904072748208_37.5722005256472400,1000012008,국토매일신문,126.9745473563027076_37.5729549828790397,85.0,12.0,정체,126.9745473563027076_37.5729549828790397|126.9746153014773142_37.5723873767864731|126.9746904072748208_37.5722005256472400
2026-09-04T13:22:12.125893+09:00,광화문·덕수궁,광화문·덕수궁,POI009,KEY_2,1000007401,새문안로5길,1000122600,당주동 37-5,126.9749949194423237_37.5708345656133957,1000008301,뉴질랜드관광청,126.9750532070518432_37.5702129564638909,69.0,14.7,정체,126.9750532070518432_37.5702129564638909|126.9750441061559343_37.5704193325342715|126.9750097115534828_37.5707096914500909|126.9749949194423237_37.5708345656133957
2026-09-04T13:22:12.125893+09:00,광화문·덕수궁,광화문·덕수궁,POI009,KEY_2,1000007403,새문안로5길,1000012007,국토매일신문,126.9746825846849134_37.5729652378036505,1000012002,당주동 15-5,126.9748960733688961_37.5716933165325884,143.0,13.0,정체,126.9748960733688961_37.5716933165325884|126.9748542851426265_37.5721476425157519|126.9748197861506611_37.5722334714313035|126.9747491405799735_37.5724092275890840|126.9746825846849134_37.5729652378036505
2026-09-04T13:22:12.125893+09:00,광화문·덕수궁,광화문·덕수궁,POI009,KEY_2,1000007404,새문안로5길,1000015502,정부중앙청사별관,126.9745471372090009_37.5740556283939924,1000012006,국토매일신문,126.9746696177836469_37.5730735623354022,110.0,13.0,정체,126.9746696177836469_37.5730735623354022|126.9745984783698276_37.5736678471220458|126.9745850921002415_37.5737796723370465|126.9745471372090009_37.5740556283939924
2026-09-04T13:22:12.125893+09:00,광화문·덕수궁,광화문·덕수궁,POI009,KEY_2,1000007501,삼봉로,1000013006,신라스테이(광화문),126.9800323953105732_37.5724462314692360,1000002502,종로구청앞교차로,126.9793217364559581_37.5724206139039367,63.0,4.0,정체,126.9793217364559581_37.5724206139039367|126.9799519020942853_37.5724644845951588|126.9800031202296822_37.5724557581351775|126.9800323953105732_37.5724462314692360
2026-09-04T13:22:12.125893+09:00,광화문·덕수궁,광화문·덕수궁,POI009,KEY_2,1000007502,삼봉로,1000012403,조계사앞교차로,126.9829706356902221_37.5719776537276218,1000013004,신라스테이(광화문),126.9801805317354280_37.5724047958457916,252.0,5.0,정체,126.9801805317354280_37.5724047958457916|126.9804914824202910_37.5723319178106152|126.9811053055208276_37.5721880522337770|126.9822536902158987_37.5720311041132078|126.9827182491962247_37.5719849537863269|126.9829706356902221_37.5719776537276218
2026-09-04T13:22:12.125893+09:00,광화문·덕수궁,광화문·덕수궁,POI009,KEY_2,1000007601,삼봉로,1000002501,종로구청앞교차로,126.9793098997934777_37.5725283213326406,1000013008,신라스테이(광화문),126.9800853113310097_37.5725458182865282,69.0,11.0,정체,126.9800853113310097_37.5725458182865282|126.9800433552072860_37.5725594712725126|126.9799603876916336_37.5725736073446370|126.9793098997934777_37.5725283213326406
2026-09-04T13:22:12.125893+09:00,광화문·덕수궁,광화문·덕수궁,POI009,KEY_2,1000008305,사직로8길,1000030902,세종로공원,126.9763299470461675_37.5743620222710391,1000016700,광화문,126.9763532157447088_37.5747826865806687,47.0,4.0,정체,126.9763532157447088_37.5747826865806687|126.9763299470461675_37.5743620222710391
2026-09-04T13:22:12.125893+09:00,광화문·덕수궁,광화문·덕수궁,POI009,KEY_2,1000008306,사직로8길,1000030901,세종로공원,126.9763653836261312_37.5741476322646690,1000030902,세종로공원,126.9763299470461675_37.5743620222710391,24.0,4.0,정체,126.9763299470461675_37.5743620222710391|126.9763653836261312_37.5741476322646690
2026-09-04T13:22:12.125893+09:00,광화문·덕수궁,광화문·덕수궁,POI009,KEY_2,1000008403,세종대로,1000178600,세종로 84-12,126.9773435970436708_37.5716353187199061,1000010301,주한네덜란드대사관,126.9773205016073234_37.5708618739457165,86.0,30.0,원활,126.9773205016073234_37.5708618739457165|126.9773435970436708_37.5716353187199061
2026-09-04T13:22:12.125893+09:00,광화문·덕수궁,광화문·덕수궁,POI009,KEY_2,1000008404,세종대로,1000031103,대한민국역사박물관,126.9772668410657133_37.5742389331108342,1000013701,미국대사관,126.9773127388234570_37.5727861811112405,161.0,14.0,정체,126.9773127388234570_37.5727861811112405|126.9772668410657133_37.5742389331108342
2026-09-04T13:22:12.125893+09:00,광화문·덕수궁,광화문·덕수궁,POI009,KEY_2,1000008405,세종대로,1000031102,대한민국역사박물관,126.9772570032702248_37.5744554912241924,1000031103,대한민국역사박물관,126.9772668410657133_37.5742389331108342,24.0,10.0,정체,126.9772668410657133_37.5742389331108342|126.9772570032702248_37.5744554912241924
2026-09-04T13:22:12.125893+09:00,광화문·덕수궁,광화문·덕수궁,POI009,KEY_2,1000008406,세종대로,1000013701,미국대사관,126.9773127388234570_37.5727861811112405,1000013702,미국대사관,126.9773159428094118_37.5726780742018107,12.0,10.0,정체,126.9773159428094118_37.5726780742018107|126.9773127388234570_37.5727861811112405
2026-09-04T13:22:12.125893+09:00,광화문·덕수궁,광화문·덕수궁,POI009,KEY_2,1000008501,삼봉로,1000013502,주한미국대사관,126.9786734195719902_37.5726343147372575,1000002504,종로구청앞교차로,126.9791894907537966_37.5725249183912950,48.0,7.0,정체,126.9791894907537966_37.5725249183912950|126.9790501230296087_37.5725288554711625|126.9789227998701477_37.5725532930203556|126.9786734195719902_37.5726343147372575
2026-09-04T13:22:12.125893+09:00,광화문·덕수궁,광화문·덕수궁,POI009,KEY_2,1000008502,종로1길,1000016104,정부합동민원실,126.9785818993651674_37.5743088383231623,1000013501,주한미국대사관,126.9786285350510866_37.5726918211835468,180.0,15.0,서행,126.9786285350510866_37.5726918211835468|126.9786270745331507_37.5728076925504126|126.9785818993651674_37.5743088383231623
2026-09-04T13:22:12.125893+09:00,광화문·덕수궁,광화문·덕수궁,POI009,KEY_2,1000008601,삼봉로,1000002503,종로구청앞교차로,126.9791846724866247_37.5724168674636516,1000013503,주한미국대사관,126.9786357598149351_37.5725297706543273,51.0,2.0,정체,126.9786357598149351_37.5725297706543273|126.9788809724591374_37.5724501026944324|126.9790316055260035_37.5724211913871144|126.9791846724866247_37.5724168674636516
2026-09-04T13:22:12.125893+09:00,광화문·덕수궁,광화문·덕수궁,POI009,KEY_2,1000008602,종로1길,1000013505,주한미국대사관,126.9784926276747825_37.5726966398339357,1000016105,정부합동민원실,126.9784455851017384_37.5743231998157583,181.0,2.0,정체,126.9784455851017384_37.5743231998157583|126.9784912513626978_37.5728058559814073|126.9784926276747825_37.5726966398339357
2026-09-04T13:22:12.125893+09:00,광화문·덕수궁,광화문·덕수궁,POI009,KEY_2,1000009102,우정국로,1000017300,안국동사거리,126.9828039229332575_37.5749851341707171,1000017904,안국동로터리,126.9829082928001753_37.5755454257557844,63.0,5.0,정체,126.9829082928001753_37.5755454257557844|126.9828499577781997_37.5754008805051001|126.9828163493672974_37.5752357359225755|126.9827996996409070_37.5750526973415191|126.9828039229332575_37.5749851341707171
2026-09-04T13:22:12.125893+09:00,광화문·덕수궁,광화문·덕수궁,POI009,KEY_2,1000009300,사직로8길,1000015301,스타트경제,126.9734883930231888_37.5741271926938722,1000015504,정부중앙청사별관,126.9744002652443839_37.5741577051489486,81.0,15.0,서행,126.9744002652443839_37.5741577051489486|126.9734883930231888_37.5741271926938722
2026-09-04T13:22:12.125893+09:00,광화문·덕수궁,광화문·덕수궁,POI009,KEY_2,1000009400,사직로8길,1000015503,정부중앙청사별관,126.9744112783023837_37.5740498591777197,1000015302,스타트경제,126.9734940995421653_37.5740191692129102,81.0,17.0,서행,126.9734940995421653_37.5740191692129102|126.9744112783023837_37.5740498591777197
2026-09-04T13:22:12.125893+09:00,광화문·덕수궁,광화문·덕수궁,POI009,KEY_2,1000009700,종로5길,1000016102,정부합동민원실,126.9786256776191635_37.5744598668717487,1000003004,서울지방국세청,126.9792726003818757_37.5744097123775163,57.0,18.0,서행,126.9792726003818757_37.5744097123775163|126.9786256776191635_37.5744598668717487
2026-09-04T13:22:12.125893+09:00,광화문·덕수궁,광화문·덕수궁,POI009,KEY_2,1000009800,종로5길,1000003003,서울지방국세청,126.9792594302951443_37.5743021024994945,1000016103,정부합동민원실,126.9786387287132357_37.5743502241267819,55.0,13.0,정체,126.9786387287132357_37.5743502241267819|126.9792594302951443_37.5743021024994945
2026-09-04T13:22:12.125893+09:00,광화문·덕수궁,광화문·덕수궁,POI009,KEY_2,1000009901,사직로8길,1000015501,정부중앙청사별관,126.9745359191347660_37.5741633893777163,1000015902,중앙지하차도(서측),126.9756117227963585_37.5742176029672024,95.0,12.0,정체,126.9756117227963585_37.5742176029672024|126.9745359191347660_37.5741633893777163
2026-09-04T13:22:12.125893+09:00,광화문·덕수궁,광화문·덕수궁,POI009,KEY_2,1000009902,사직로8길,1000015902,중앙지하차도(서측),126.9756117227963585_37.5742176029672024,1000030902,세종로공원,126.9763299470461675_37.5743620222710391,66.0,4.0,정체,126.9763299470461675_37.5743620222710391|126.9758706991731145_37.5743046632961182|126.9756117227963585_37.5742176029672024
2026-09-04T13:22:12.125893+09:00,광화문·덕수궁,광화문·덕수궁,POI009,KEY_2,1000009903,사직로8길,1000031102,대한민국역사박물관,126.9772570032702248_37.5744554912241924,1000016202,중앙지하차도(동측),126.9780305337901893_37.5744492911494277,69.0,8.0,정체,126.9780305337901893_37.5744492911494277|126.9777525987565241_37.5744864077288838|126.9772766588325226_37.5744570835161937|126.9772570032702248_37.5744554912241924
2026-09-04T13:22:12.125893+09:00,광화문·덕수궁,광화문·덕수궁,POI009,KEY_2,1000009904,사직로8길,1000016202,중앙지하차도(동측),126.9780305337901893_37.5744492911494277,1000016107,정부합동민원실,126.9784461006803866_37.5744659883513918,37.0,22.0,서행,126.9784461006803866_37.5744659883513918|126.9780305337901893_37.5744492911494277
2026-09-04T13:22:12.125893+09:00,광화문·덕수궁,광화문·덕수궁,POI009,KEY_2,1000010001,사직로8길,1000015901,중앙지하차도(서측),126.9756254491522043_37.5741101153048476,1000015502,정부중앙청사별관,126.9745471372090009_37.5740556283939924,95.0,14.0,정체,126.9745471372090009_37.5740556283939924|126.9756254491522043_37.5741101153048476
2026-09-04T13:22:12.125893+09:00,광화문·덕수궁,광화문·덕수궁,POI009,KEY_2,1000010002,사직로8길,1000030901,세종로공원,126.9763653836261312_37.5741476322646690,1000015901,중앙지하차도(서측),126.9756254491522043_37.5741101153048476,66.0,22.0,서행,126.9756254491522043_37.5741101153048476|126.9759083891116944_37.5740905296920999|126.9763653836261312_37.5741476322646690
2026-09-04T13:22:12.125893+09:00,광화문·덕수궁,광화문·덕수궁,POI009,KEY_2,1000010003,사직로8길,1000016201,중앙지하차도(동측),126.9780392001640763_37.5743414013185841,1000031103,대한민국역사박물관,126.9772668410657133_37.5742389331108342,70.0,14.0,정체,126.9772668410657133_37.5742389331108342|126.9773009030501640_37.5742416927750185|126.9777735667203871_37.5742708146941595|126.9780392001640763_37.5743414013185841
2026-09-04T13:22:12.125893+09:00,광화문·덕수궁,광화문·덕수궁,POI009,KEY_2,1000010004,사직로8길,1000016106,정부합동민원실,126.9784265292035883_37.5743569447684180,1000016201,중앙지하차도(동측),126.9780392001640763_37.5743414013185841,34.0,8.0,정체,126.9780392001640763_37.5743414013185841|126.9784265292035883_37.5743569447684180
2026-09-04T13:22:12.125893+09:00,광화문·덕수궁,광화문·덕수궁,POI009,KEY_2,1000010600,새문안로5길,1000019302,정부서울청사사거리,126.9743957431224146_37.5756988655088620,1000015501,정부중앙청사별관,126.9745359191347660_37.5741633893777163,171.0,8.0,정체,126.9745359191347660_37.5741633893777163|126.9745251838795923_37.5743178497332622|126.9743883747213147_37.5754949317932088|126.9743883466303203_37.5755769520238516|126.9743957431224146_37.5756988655088620
2026-09-04T13:22:12.125893+09:00,광화문·덕수궁,광화문·덕수궁,POI009,KEY_2,1000011101,종로1길,1000061700,세종로 23-3,126.9788627671283336_37.5751151643689312,1000018300,경복궁사거리,126.9791985772177298_37.5755559719213679,57.0,21.0,서행,126.9791985772177298_37.5755559719213679|126.9791278841071005_37.5754329070121216|126.9790835784237970_37.5753764590680319|126.9788627671283336_37.5751151643689312
2026-09-04T13:22:12.125893+09:00,광화문·덕수궁,광화문·덕수궁,POI009,KEY_2,1000011102,종로1길,1000018300,경복궁사거리,126.9791985772177298_37.5755559719213679,1000019703,경복궁사거리,126.9793107532419185_37.5757813746508091,27.0,8.0,정체,126.9793107532419185_37.5757813746508091|126.9791985772177298_37.5755559719213679
2026-09-04T13:22:12.125893+09:00,광화문·덕수궁,광화문·덕수궁,POI009,KEY_2,1000011201,종로1길,1000018200,경복궁,126.9792457576218681_37.5753789068622197,1000016101,정부합동민원실,126.9785925869651777_37.5744763969490307,116.0,6.0,정체,126.9785925869651777_37.5744763969490307|126.9786030542454114_37.5745264529886569|126.9786595083860163_37.5746487570202206|126.9787160834317490_37.5747406686916463|126.9788572860340707_37.5749149509381581|126.9789754866872897_37.5750548226999328|126.9791975771393453_37.5753176298490956|126.9792457576218681_37.5753789068622197
2026-09-04T13:22:12.125893+09:00,광화문·덕수궁,광화문·덕수궁,POI009,KEY_2,1000011202,종로1길,1000019702,경복궁사거리,126.9794701198467664_37.5758080047390521,1000018200,경복궁,126.9792457576218681_37.5753789068622197,52.0,3.0,정체,126.9792457576218681_37.5753789068622197|126.9793010192322811_37.5754682222458030|126.9794701198467664_37.5758080047390521
2026-09-04T13:22:12.125893+09:00,광화문·덕수궁,광화문·덕수궁,POI009,KEY_2,1000011501,율곡로,1000019401,경복궁,126.9801381644492011_37.5758813627365100,1000019702,경복궁사거리,126.9794701198467664_37.5758080047390521,60.0,12.0,정체,126.9794701198467664_37.5758080047390521|126.9797343426333214_37.5758559422202438|126.9799729505737531_37.5758791430045278|126.9801381644492011_37.5758813627365100
2026-09-04T13:22:12.125893+09:00,광화문·덕수궁,광화문·덕수궁,POI009,KEY_2,1000011502,율곡로,1000019203,주한멕시코대사관,126.9811804454430160_37.5757381628755169,1000019401,경복궁,126.9801381644492011_37.5758813627365100,94.0,8.0,정체,126.9801381644492011_37.5758813627365100|126.9801458468412108_37.5758814661415386|126.9803274747907409_37.5758700232846223|126.9811804454430160_37.5757381628755169
2026-09-04T13:22:12.125893+09:00,광화문·덕수궁,광화문·덕수궁,POI009,KEY_2,1000011503,율곡로,1000018100,안국동사거리,126.9820370732549009_37.5756052331219763,1000019202,주한멕시코대사관,126.9813332527749594_37.5757145141333595,63.0,12.0,정체,126.9813332527749594_37.5757145141333595|126.9820370732549009_37.5756052331219763
2026-09-04T13:22:12.125893+09:00,광화문·덕수궁,광화문·덕수궁,POI009,KEY_2,1000011504,율곡로,1000017904,안국동로터리,126.9829082928001753_37.5755454257557844,1000018100,안국동사거리,126.9820370732549009_37.5756052331219763,78.0,6.0,정체,126.9820370732549009_37.5756052331219763|126.9821849025842226_37.5755822792614822|126.9823949596761850_37.5755556593554090|126.9825949987016998_37.5755409919947070|126.9827732334880466_37.5755410181384661|126.9829082928001753_37.5755454257557844
2026-09-04T13:22:12.125893+09:00,광화문·덕수궁,광화문·덕수궁,POI009,KEY_2,1000011601,율곡로,1000019701,경복궁사거리,126.9795067975766756_37.5759255521593971,1000020300,경복궁,126.9801205068413168_37.5759892604625989,55.0,11.0,정체,126.9801205068413168_37.5759892604625989|126.9799635415281358_37.5759871517272330|126.9797109494754608_37.5759625907229378|126.9795067975766756_37.5759255521593971
2026-09-04T13:22:12.125893+09:00,광화문·덕수궁,광화문·덕수궁,POI009,KEY_2,1000011603,율곡로,1000020300,경복궁,126.9801205068413168_37.5759892604625989,1000017905,안국동로터리,126.9829348569925571_37.5756562270635044,252.0,15.0,서행,126.9829348569925571_37.5756562270635044|126.9829125468357773_37.5756537744281829|126.9827704373494015_37.5756491370767236|126.9826012303179823_37.5756491122595975|126.9824118889619911_37.5756629946566250|126.9822085957164859_37.5756887578650449|126.9820630846885052_37.5757113517092307|126.9813592631155075_37.5758206328940290|126.9812063475179400_37.5758442987123971|126.9803458434132892_37.5759773239770425|126.9801500700749699_37.5759896573698668|126.9801205068413168_37.5759892604625989
2026-09-04T13:22:12.125893+09:00,광화문·덕수궁,광화문·덕수궁,POI009,KEY_2,1000011700,사직로,1000019303,정부서울청사사거리,126.9742603998069796_37.5757097304571062,1000019802,경복궁역사거리,126.9727094012703503_37.5758424186585529,138.0,6.0,정체,126.9727094012703503_37.5758424186585529|126.9729390930378230_37.5758227698022793|126.9733793101036952_37.5757851103966303|126.9742603998069796_37.5757097304571062
2026-09-04T13:22:12.125893+09:00,광화문·덕수궁,광화문·덕수궁,POI009,KEY_2,1000011800,사직로,1000242400,적선동 8-1,126.9733938280741512_37.5758926104395314,1000019304,정부서울청사사거리,126.9742589191568953_37.5758185992423250,77.0,8.0,정체,126.9742589191568953_37.5758185992423250|126.9733938280741512_37.5758926104395314
2026-09-04T13:22:12.125893+09:00,광화문·덕수궁,광화문·덕수궁,POI009,KEY_2,1000012001,사직로,1000018500,광화문,126.9756248255992830_37.5755943672526271,1000019302,정부서울청사사거리,126.9743957431224146_37.5756988655088620,109.0,8.0,정체,126.9743957431224146_37.5756988655088620|126.9754810818243271_37.5756177185546321|126.9756248255992830_37.5755943672526271
2026-09-04T13:22:12.125893+09:00,광화문·덕수궁,광화문·덕수궁,POI009,KEY_2,1000012101,사직로,1000003601,광화문삼거리,126.9772026040190127_37.5752961563211159,1000020200,경복궁,126.9786283706113750_37.5757946408291801,142.0,7.0,정체,126.9786283706113750_37.5757946408291801|126.9780494814518477_37.5757270176835334|126.9778051553330869_37.5756687993840117|126.9775841152535918_37.5755595455980540|126.9773389726312587_37.5753713360195221|126.9772665949307680_37.5753228898854132|126.9772026040190127_37.5752961563211159
2026-09-04T13:22:12.125893+09:00,광화문·덕수궁,광화문·덕수궁,POI009,KEY_2,1000012102,사직로,1000020200,경복궁,126.9786283706113750_37.5757946408291801,1000019704,경복궁사거리,126.9793621536958312_37.5759001150550986,66.0,19.0,서행,126.9793621536958312_37.5759001150550986|126.9791440605087161_37.5758645700478056|126.9786283706113750_37.5757946408291801
2026-09-04T13:22:12.125893+09:00,광화문·덕수궁,광화문·덕수궁,POI009,KEY_2,1000012201,사직로,1000018900,광화문,126.9779451863085598_37.5756050720602488,1000003602,광화문삼거리,126.9772110255811555_37.5752034687002023,79.0,23.0,서행,126.9772110255811555_37.5752034687002023|126.9772928511832646_37.5752335458452649|126.9773935570080141_37.5752794922773816|126.9776603729761888_37.5754731005354259|126.9778509223909992_37.5755747642951761|126.9779451863085598_37.5756050720602488
2026-09-04T13:22:12.125893+09:00,광화문·덕수궁,광화문·덕수궁,POI009,KEY_2,1000012202,사직로,1000019100,경복궁,126.9786480964121154_37.5756876675167888,1000018900,광화문,126.9779451863085598_37.5756050720602488,63.0,11.0,정체,126.9779451863085598_37.5756050720602488|126.9786480964121154_37.5756876675167888
2026-09-04T13:22:12.125893+09:00,광화문·덕수궁,광화문·덕수궁,POI009,KEY_2,1000012203,사직로,1000019703,경복궁사거리,126.9793107532419185_37.5757813746508091,1000019100,경복궁,126.9786480964121154_37.5756876675167888,59.0,6.0,정체,126.9786480964121154_37.5756876675167888|126.9791690991976765_37.5757582877498706|126.9793107532419185_37.5757813746508091
2026-09-04T13:22:12.125893+09:00,광화문·덕수궁,광화문·덕수궁,POI009,KEY_2,1000012800,율곡로,1000099700,관훈동 113,126.9843012547585914_37.5759322813818102,1000017902,안국동로터리,126.9831650747284471_37.5755740090362238,108.0,9.0,정체,126.9831650747284471_37.5755740090362238|126.9832157778299404_37.5755801309922148|126.9834207454955077_37.5756172367829961|126.9836820397707413_37.5756980185194678|126.9842468281761967_37.5759072448986657|126.9843012547585914_37.5759322813818102
2026-09-04T13:22:12.125893+09:00,광화문·덕수궁,광화문·덕수궁,POI009,KEY_2,1000013802,율곡로3길,1000187200,안국동 177-3,126.9825779024490799_37.5773003698629964,1000017901,안국동로터리,126.9830699625115358_37.5756718813989750,188.0,12.5,정체,126.9830699625115358_37.5756718813989750|126.9830564549576764_37.5759140717657090|126.9830330914684993_37.5760255151221827|126.9826494722971120_37.5768341676311906|126.9826150056688476_37.5769949197743074|126.9825779024490799_37.5773003698629964
2026-09-04T13:22:12.125893+09:00,광화문·덕수궁,광화문·덕수궁,POI009,KEY_2,1000014301,삼청로,1000019704,경복궁사거리,126.9793621536958312_37.5759001150550986,1000020600,대한출판문화협회,126.9794687888132074_37.5765544121067592,73.0,8.0,정체,126.9794687888132074_37.5765544121067592|126.9794674172659654_37.5764824989996455|126.9794172673057773_37.5761249117022231|126.9793621536958312_37.5759001150550986
2026-09-04T13:22:12.125893+09:00,광화문·덕수궁,광화문·덕수궁,POI009,KEY_2,1000014302,삼청로,1000020600,대한출판문화협회,126.9794687888132074_37.5765544121067592,1000022703,국군서울지구병원,126.9798562503477797_37.5800221917764006,388.0,8.0,정체,126.9798562503477797_37.5800221917764006|126.9796182985417516_37.5793264763807215|126.9795665449151443_37.5791397220131316|126.9795478931843604_37.5790381290051698|126.9795326834604623_37.5788730174103378|126.9794969047037227_37.5780275498626395|126.9794687888132074_37.5765544121067592
2026-09-04T13:22:12.125893+09:00,광화문·덕수궁,광화문·덕수궁,POI009,KEY_2,1000014401,삼청로,1000021000,대한출판문화협회,126.9796046197648423_37.5765527706146756,1000019701,경복궁사거리,126.9795067975766756_37.5759255521593971,70.0,26.0,원활,126.9795067975766756_37.5759255521593971|126.9795516592807161_37.5761085342554608|126.9796031487506696_37.5764756650611034|126.9796046197648423_37.5765527706146756
2026-09-04T13:22:12.125893+09:00,광화문·덕수궁,광화문·덕수궁,POI009,KEY_2,1000014402,삼청로,1000022702,국군서울지구병원,126.9799873332334244_37.5799937943622950,1000021000,대한출판문화협회,126.9796046197648423_37.5765527706146756,385.0,16.0,서행,126.9796046197648423_37.5765527706146756|126.9796327193578946_37.5780249082326065|126.9796683669145381_37.5788672429607900|126.9796830227134734_37.5790263448128528|126.9797002616005130_37.5791202376619609|126.9797502489418548_37.5793006189381842|126.9799873332334244_37.5799937943622950
2026-09-04T13:22:12.125893+09:00,광화문·덕수궁,광화문·덕수궁,POI009,KEY_2,1000015201,효자로,1000022102,한글전각갤러리,126.9739017858953645_37.5793498869892204,1000019301,정부서울청사사거리,126.9743957935852450_37.5758074664167268,396.0,26.0,원활,126.9743957935852450_37.5758074664167268|126.9743764184428017_37.5760755345660726|126.9743092662572082_37.5764778948295017|126.9741719066146146_37.5773009081164844|126.9741268698984413_37.5775378120208856|126.9740611119599407_37.5778837117652031|126.9740177174622744_37.5782830491677231|126.9739017858953645_37.5793498869892204
2026-09-04T13:22:12.125893+09:00,광화문·덕수궁,광화문·덕수궁,POI009,KEY_2,1000023500,종로,1000007002,동아일보사,126.9783460265061024_37.5693222473721278,1000008803,광화문우체국,126.9784351192109852_37.5701413844145975,91.0,19.0,서행,126.9784351192109852_37.5701413844145975|126.9783460265061024_37.5693222473721278
2026-09-04T13:22:12.125893+09:00,광화문·덕수궁,광화문·덕수궁,POI009,KEY_2,1000023800,세종대로,1000007300,세종로1-80,126.9769534872362158_37.5695820797097966,1000007600,주한요르단명예영사관,126.9762019638013300_37.5701150604124336,93.0,4.0,정체,126.9762019638013300_37.5701150604124336|126.9765157204813590_37.5700245083348179|126.9765948042672790_37.5699744620325760|126.9767188239706144_37.5698815155413541|126.9768230812362049_37.5697756907165257|126.9769442873751473_37.5696462098692763|126.9769534872362158_37.5695820797097966
2026-09-04T13:22:12.125893+09:00,광화문·덕수궁,광화문·덕수궁,POI009,KEY_2,1000023900,종로,1000008000,동아일보사,126.9777588281918099_37.5701340596360964,1000007400,청계천광장,126.9770893091757529_37.5695834801641908,91.0,8.0,정체,126.9770893091757529_37.5695834801641908|126.9770963075021939_37.5696479702720865|126.9772094321437663_37.5697743360528662|126.9773459521211265_37.5699388507560457|126.9774735034476549_37.5700533015790512|126.9775723207871607_37.5701062430602590|126.9777588281918099_37.5701340596360964
2026-09-04T13:22:12.125893+09:00,광화문·덕수궁,광화문·덕수궁,POI009,KEY_2,1000025901,종로5길,1000008909,GS건설본사,126.9806366436472871_37.5713225324397655,1000013005,신라스테이(광화문),126.9801024195699028_37.5723985668960268,128.0,7.0,정체,126.9801024195699028_37.5723985668960268|126.9801274853195991_37.5723618756308824|126.9801882517644884_37.5722503255379436|126.9804583466781196_37.5717160525297444|126.9804740373480314_37.5716814217555211|126.9806366436472871_37.5713225324397655
2026-09-04T13:22:12.125893+09:00,광화문·덕수궁,광화문·덕수궁,POI009,KEY_2,1000026600,세종대로23길,1000103800,당주동 5-2,126.9738882499421777_37.5716930130245785,1000012005,당주동 50,126.9747605984092615_37.5716854222088443,77.0,3.0,정체,126.9747605984092615_37.5716854222088443|126.9741381445169708_37.5716908392042441|126.9738882499421777_37.5716930130245785
2026-09-04T13:22:12.125893+09:00,광화문·덕수궁,광화문·덕수궁,POI009,KEY_2,1000029000,삼봉로,1000013504,주한미국대사관,126.9784467211068915_37.5726032215874994,1000013702,미국대사관,126.9773159428094118_37.5726780742018107,102.0,8.0,정체,126.9773159428094118_37.5726780742018107|126.9782512339889990_37.5726820504358230|126.9783129244980984_37.5726656952107234|126.9784467211068915_37.5726032215874994
2026-09-04T13:22:12.125893+09:00,광화문·덕수궁,광화문·덕수궁,POI009,KEY_2,1000029100,삼봉로,1000013701,미국대사관,126.9773127388234570_37.5727861811112405,1000013506,주한미국대사관,126.9785034818852267_37.5727020694592397,108.0,6.0,정체,126.9785034818852267_37.5727020694592397|126.9783693699185818_37.5727646906777721|126.9782729085429054_37.5727902630233856|126.9773127388234570_37.5727861811112405
2026-09-04T13:22:12.125893+09:00,광화문·덕수궁,광화문·덕수궁,POI009,KEY_2,1000030300,종로5길,1000013007,신라스테이(광화문),126.9800318327919655_37.5725027624303252,1000003003,서울지방국세청,126.9792594302951443_37.5743021024994945,212.0,16.0,서행,126.9792594302951443_37.5743021024994945|126.9792759294909956_37.5741870574901426|126.9797264864295556_37.5733456984577785|126.9799216853167252_37.5728080378637372|126.9800098025583424_37.5725355279602269|126.9800318327919655_37.5725027624303252
2026-09-04T13:22:12.125893+09:00,광화문·덕수궁,광화문·덕수궁,POI009,KEY_2,1000030400,종로5길,1000003002,서울지방국세청,126.9793945615540594_37.5743132109144398,1000013001,신라스테이(광화문),126.9801555512632518_37.5725479005761187,208.0,17.0,서행,126.9801555512632518_37.5725479005761187|126.9801372815345815_37.5725750734258099|126.9800527402421295_37.5728365252146901|126.9798546919840163_37.5733820359051833|126.9794086508121325_37.5742149647006229|126.9793945615540594_37.5743132109144398
2026-09-04T13:22:12.125893+09:00,광화문·덕수궁,광화문·덕수궁,POI009,KEY_2,1000031700,인사동길,1000200000,관훈동 177-1,126.9846248795644641_37.5741354335962896,1000017903,안국동로터리,126.9830393503038977_37.5755166265144283,209.0,13.0,정체,126.9830393503038977_37.5755166265144283|126.9832578502403493_37.5753718765763765|126.9833833057397072_37.5752802649537472|126.9833874257963799_37.5752759258947009|126.9838138538233210_37.5748268274858290|126.9839983126868219_37.5746325599944413|126.9840028137515446_37.5746278195686330|126.9841931260739045_37.5744516475788828|126.9843256891268339_37.5743491032214507|126.9843944674535408_37.5742999847176264|126.9846248795644641_37.5741354335962896
2026-09-04T13:22:12.125893+09:00,광화문·덕수궁,광화문·덕수궁,POI009,KEY_2,1000032100,사직로8길,1000016201,중앙지하차도(동측),126.9780392001640763_37.5743414013185841,1000015901,중앙지하차도(서측),126.9756254491522043_37.5741101153048476,215.0,7.0,정체,126.9756254491522043_37.5741101153048476|126.9761957492264486_37.5741735473063159|126.9766215660821871_37.5742181343338189|126.9771926297512294_37.5742872595378330|126.9772948428578871_37.5742955404616978|126.9780392001640763_37.5743414013185841
2026-09-04T13:22:12.125893+09:00,광화문·덕수궁,광화문·덕수궁,POI009,KEY_2,1000032200,사직로8길,1000015902,중앙지하차도(서측),126.9756117227963585_37.5742176029672024,1000016202,중앙지하차도(동측),126.9780305337901893_37.5744492911494277,215.0,34.0,원활,126.9780305337901893_37.5744492911494277|126.9772827190510327_37.5744032358319444|126.9771755284284893_37.5743945520917961|126.9766024909210955_37.5743251885524288|126.9761774658537661_37.5742806845081674|126.9756117227963585_37.5742176029672024
2026-09-04T13:22:12.125893+09:00,광화문·덕수궁,광화문·덕수궁,POI009,KEY_2,1000032700,율곡로2길,1000064500,수송동 85,126.9808437743933212_37.5753197426095085,1000003002,서울지방국세청,126.9793945615540594_37.5743132109144398,170.0,11.0,정체,126.9793945615540594_37.5743132109144398|126.9794413053962359_37.5743246674037579|126.9795218589004548_37.5743613221576922|126.9800684692065005_37.5747696032537419|126.9808437743933212_37.5753197426095085
2026-09-04T13:22:12.125893+09:00,광화문·덕수궁,광화문·덕수궁,POI009,KEY_2,1000032800,율곡로2길,1000003001,서울지방국세청,126.9793545831470993_37.5744165416395930,1000019203,주한멕시코대사관,126.9811804454430160_37.5757381628755169,219.0,10.5,정체,126.9811804454430160_37.5757381628755169|126.9810303591040253_37.5755969856150003|126.9807533749140589_37.5754004466844975|126.9799767752529789_37.5748493879335896|126.9794405580789487_37.5744488693975143|126.9793869466254961_37.5744244737253723|126.9793545831470993_37.5744165416395930
2026-09-04T13:22:12.125893+09:00,광화문·덕수궁,광화문·덕수궁,POI009,KEY_2,1000033500,사직로8길,1000016700,광화문,126.9763532157447088_37.5747826865806687,1000018500,광화문,126.9756248255992830_37.5755943672526271,120.0,4.0,정체,126.9756248255992830_37.5755943672526271|126.9757224088591272_37.5755618208710729|126.9758504305735158_37.5754900338429323|126.9760508643001629_37.5753564685578638|126.9761754799532412_37.5752709023523934|126.9762520914758284_37.5751999395367235|126.9763079793872578_37.5751369053768087|126.9763381579947321_37.5750888967285448|126.9763591702643026_37.5749970467265655|126.9763532157447088_37.5747826865806687
2026-09-04T13:22:12.125893+09:00,광화문·덕수궁,광화문·덕수궁,POI009,KEY_2,1000033900,우정국로,1000017300,안국동사거리,126.9828039229332575_37.5749851341707171,1000018100,안국동사거리,126.9820370732549009_37.5756052331219763,102.0,12.0,정체,126.9820370732549009_37.5756052331219763|126.9822935365986751_37.5755095925525495|126.9827428871539610_37.5751967734075052|126.9827905797247212_37.5750539177611387|126.9828039229332575_37.5749851341707171
2026-09-04T13:22:12.125893+09:00,광화문·덕수궁,광화문·덕수궁,POI009,KEY_2,1000034600,종로1길,1000018300,경복궁사거리,126.9791985772177298_37.5755559719213679,1000019100,경복궁,126.9786480964121154_37.5756876675167888,52.0,22.0,서행,126.9786480964121154_37.5756876675167888|126.9788862592677674_37.5756563323175570|126.9790599923662171_37.5756153599018674|126.9791438638352332_37.5755915362356276|126.9791953891944161_37.5755648461559062|126.9791985772177298_37.5755559719213679
2026-09-04T13:22:12.125893+09:00,광화문·덕수궁,광화문·덕수궁,POI009,KEY_2,1000034900,율곡로,1000019401,경복궁,126.9801381644492011_37.5758813627365100,1000018200,경복궁,126.9792457576218681_37.5753789068622197,101.0,13.0,정체,126.9792457576218681_37.5753789068622197|126.9793355830232144_37.5754952608411301|126.9794316395642397_37.5755988334256017|126.9795071017629624_37.5756589212616419|126.9796274882100420_37.5757347490756146|126.9797877149027556_37.5758145479697703|126.9801381644492011_37.5758813627365100
2026-09-04T13:22:12.125893+09:00,광화문·덕수궁,광화문·덕수궁,POI009,KEY_2,1000035200,사직로,1000020200,경복궁,126.9786283706113750_37.5757946408291801,1000020600,대한출판문화협회,126.9794687888132074_37.5765544121067592,118.0,6.0,정체,126.9794687888132074_37.5765544121067592|126.9794368084534142_37.5764098329770562|126.9791960602808700_37.5761637733622180|126.9789750836954596_37.5759177176703147|126.9788694300669647_37.5758537146814078|126.9786283706113750_37.5757946408291801
2026-09-04T13:22:12.125893+09:00,광화문·덕수궁,광화문·덕수궁,POI009,KEY_2,1000035300,삼청로,1000021000,대한출판문화협회,126.9796046197648423_37.5765527706146756,1000020300,경복궁,126.9801205068413168_37.5759892604625989,93.0,16.0,서행,126.9801205068413168_37.5759892604625989|126.9797298312382878_37.5760780464987292|126.9796597331679635_37.5761137931100748|126.9796040049640879_37.5761795786155588|126.9796046197648423_37.5765527706146756
2026-09-04T13:22:12.125893+09:00,광화문·덕수궁,광화문·덕수궁,POI009,KEY_2,1000046300,새문안로2길,1000031901,LG생활건강본사,126.9726562477517007_37.5694752037596373,1010034407,덕수초교앞,126.9742405418020041_37.5694753085403192,140.0,18.0,서행,126.9742405418020041_37.5694753085403192|126.9737001184918910_37.5694668895599477|126.9732258257600250_37.5694752072557421|126.9732250058664107_37.5694752072526938|126.9726562477517007_37.5694752037596373
2026-09-04T13:22:12.125893+09:00,광화문·덕수궁,광화문·덕수궁,POI009,KEY_2,1000046400,새문안로2길,1010034406,덕수초교앞,126.9742124026112293_37.5693667298241039,1000031902,LG생활건강본사,126.9726548639586667_37.5693670843502048,138.0,20.0,서행,126.9726548639586667_37.5693670843502048|126.9732243295454310_37.5693670883595701|126.9736984915906817_37.5693587722487976|126.9736999516345151_37.5693587466388053|126.9742124026112293_37.5693667298241039
2026-09-04T13:22:12.125893+09:00,광화문·덕수궁,광화문·덕수궁,POI009,KEY_2,1000046500,종로3길,1000008602,KT광화문빌딩East,126.9793723999539878_37.5713097781531999,1000008909,GS건설본사,126.9806366436472871_37.5713225324397655,112.0,6.0,정체,126.9806366436472871_37.5713225324397655|126.9793723999539878_37.5713097781531999
2026-09-04T13:22:12.125893+09:00,광화문·덕수궁,광화문·덕수궁,POI009,KEY_2,1000046600,종로3길,1000008908,GS건설본사,126.9806854115378769_37.5712148957716821,1000008603,KT광화문빌딩East,126.9793750304311573_37.5712016763059680,116.0,10.0,정체,126.9793750304311573_37.5712016763059680|126.9806854115378769_37.5712148957716821
2026-09-04T13:22:12.125893+09:00,광화문·덕수궁,광화문·덕수궁,POI009,KEY_2,1000046900,새문안로5길,1000012006,국토매일신문,126.9746696177836469_37.5730735623354022,1000032002,세종문화회관,126.9758250290710748_37.5731209316015295,105.0,11.0,정체,126.9758250290710748_37.5731209316015295|126.9757824820902385_37.5730812205397768|126.9757224844348826_37.5730583643911942|126.9746696177836469_37.5730735623354022
2026-09-04T13:22:12.125893+09:00,광화문·덕수궁,광화문·덕수궁,POI009,KEY_2,1010005904,세종대로,1010017809,소공동주민센터,126.9763214748840596_37.5626583872939435,1010021603,시청앞광장,126.9768324946201261_37.5639716881909536,153.0,19.0,서행,126.9768324946201261_37.5639716881909536|126.9764915927669620_37.5630734109549138|126.9763214748840596_37.5626583872939435
2026-09-04T13:22:12.125893+09:00,광화문·덕수궁,광화문·덕수궁,POI009,KEY_2,1010006002,세종대로,1010021602,시청앞광장,126.9769689889781006_37.5639574810137518,1010015700,숭례문,126.9758216757282128_37.5609807560682611,346.0,4.0,정체,126.9758216757282128_37.5609807560682611|126.9761127772680140_37.5617942588954108|126.9761509252078469_37.5618937585952821|126.9764084629013752_37.5625220596037011|126.9764505959815182_37.5626248484352132|126.9766211792211692_37.5630410044178191|126.9769689889781006_37.5639574810137518
2026-09-04T13:22:12.125893+09:00,광화문·덕수궁,광화문·덕수궁,POI009,KEY_2,1010007305,서소문로,1010060500,서소문동 42-3,126.9748814331857290_37.5634753132613639,1010021604,시청앞광장,126.9768728564433928_37.5640783561644085,191.0,15.0,서행,126.9768728564433928_37.5640783561644085|126.9766787939362445_37.5640859652900971|126.9765523317762188_37.5640754535460886|126.9763400428201123_37.5640251139761148|126.9749917778751325_37.5635158830683409|126.9748814331857290_37.5634753132613639
2026-09-04T13:22:12.125893+09:00,광화문·덕수궁,광화문·덕수궁,POI009,KEY_2,1010007405,서소문로,1010021603,시청앞광장,126.9768324946201261_37.5639716881909536,1010020202,중앙일보사,126.9742502538365869_37.5631241528421853,249.0,4.0,정체,126.9742502538365869_37.5631241528421853|126.9749383845103381_37.5633771573157134|126.9750493665217306_37.5634179614493959|126.9763888286545210_37.5639238670732283|126.9765790012718583_37.5639689628774178|126.9766825277856697_37.5639775680622137|126.9768324946201261_37.5639716881909536
2026-09-04T13:22:12.125893+09:00,광화문·덕수궁,광화문·덕수궁,POI009,KEY_2,1010007500,소공로,1010017903,한국은행앞교차로,126.9811556456876929_37.5619216279188848,1010021703,소공로지하상가,126.9793735854893129_37.5639048297059688,271.0,11.5,정체,126.9793735854893129_37.5639048297059688|126.9799260872659801_37.5633234478845921|126.9804607657373765_37.5627352047527836|126.9809958432867205_37.5621465108158432|126.9811556456876929_37.5619216279188848
2026-09-04T13:22:12.125893+09:00,광화문·덕수궁,광화문·덕수궁,POI009,KEY_2,1010008401,세종대로18길,1010021203,우성빌딩,126.9777193951018148_37.5638099385310227,1010021602,시청앞광장,126.9769689889781006_37.5639574810137518,68.0,18.0,서행,126.9769689889781006_37.5639574810137518|126.9777193951018148_37.5638099385310227
2026-09-04T13:22:12.125893+09:00,광화문·덕수궁,광화문·덕수궁,POI009,KEY_2,1010008402,세종대로18길,1010073800,소공동 87-15,126.9784945856248157_37.5638009334543241,1010021202,우성빌딩,126.9778443694909242_37.5637825313256783,58.0,13.0,정체,126.9778443694909242_37.5637825313256783|126.9779245419285019_37.5637634021338656|126.9780550037610567_37.5637507097928918|126.9781651142375978_37.5637590779395225|126.9784945856248157_37.5638009334543241
2026-09-04T13:22:12.125893+09:00,광화문·덕수궁,광화문·덕수궁,POI009,KEY_2,1010009100,남대문로7길,1010021108,호텔이비스명동,126.9820519451972700_37.5636664770067483,1010021702,소공로지하상가,126.9795475428450970_37.5639009918525275,227.0,11.0,정체,126.9795475428450970_37.5639009918525275|126.9796803370022360_37.5638948862261515|126.9806310216740002_37.5639896452279629|126.9820519451972700_37.5636664770067483
2026-09-04T13:22:12.125893+09:00,광화문·덕수궁,광화문·덕수궁,POI009,KEY_2,1010009200,남대문로7길,1010021701,소공로지하상가,126.9794402894512473_37.5640142229526717,1010021109,호텔이비스명동,126.9820873216543333_37.5637708767384169,240.0,8.5,정체,126.9820873216543333_37.5637708767384169|126.9806416666700954_37.5640996703370931|126.9796757766825266_37.5640033960331934|126.9794402894512473_37.5640142229526717
2026-09-04T13:22:12.125893+09:00,광화문·덕수궁,광화문·덕수궁,POI009,KEY_2,1010009501,소공로,1010021704,소공로지하상가,126.9792789797845671_37.5640057968385435,1010023303,조선호텔,126.9788152991022230_37.5645029149171776,69.0,10.0,정체,126.9788152991022230_37.5645029149171776|126.9792789797845671_37.5640057968385435
2026-09-04T13:22:12.125893+09:00,광화문·덕수궁,광화문·덕수궁,POI009,KEY_2,1010009502,소공로,1010023304,조선호텔,126.9787312154575005_37.5645930511843886,1010024703,시청앞광장,126.9784672029423973_37.5649273269454653,44.0,18.0,서행,126.9784672029423973_37.5649273269454653|126.9785328581880179_37.5648259321764542|126.9786099909753290_37.5647229929441977|126.9787312154575005_37.5645930511843886
2026-09-04T13:22:12.125893+09:00,광화문·덕수궁,광화문·덕수궁,POI009,KEY_2,1010009601,소공로,1010023302,조선호텔,126.9789243502561220_37.5645673683433330,1010021701,소공로지하상가,126.9794402894512473_37.5640142229526717,76.0,8.0,정체,126.9794402894512473_37.5640142229526717|126.9789243502561220_37.5645673683433330
2026-09-04T13:22:12.125893+09:00,광화문·덕수궁,광화문·덕수궁,POI009,KEY_2,1010009602,소공로,1010024701,속성변화점,126.9786056986612977_37.5650244624703831,1010023301,조선호텔,126.9788402605382771_37.5646575116433681,47.0,8.0,정체,126.9788402605382771_37.5646575116433681|126.9787231273203787_37.5647830692895752|126.9786516629586544_37.5648784430538711|126.9786287557715099_37.5649138199071757|126.9786056986612977_37.5650244624703831
2026-09-04T13:22:12.125893+09:00,광화문·덕수궁,광화문·덕수궁,POI009,KEY_2,1010009902,세종대로,1010021604,시청앞광장,126.9768728564433928_37.5640783561644085,1010024204,시청앞교차로,126.9770880989032236_37.5648197786229900,85.0,5.0,정체,126.9770880989032236_37.5648197786229900|126.9770591791834136_37.5646629693451288|126.9770001947957212_37.5644354373990907|126.9769219936512883_37.5642088549141349|126.9768728564433928_37.5640783561644085
2026-09-04T13:22:12.125893+09:00,광화문·덕수궁,광화문·덕수궁,POI009,KEY_2,1010010000,세종대로,1010024203,시청앞교차로,126.9772135411598413_37.5647555843739269,1010021601,시청앞광장,126.9770081698073909_37.5640611462049279,79.0,10.0,정체,126.9770081698073909_37.5640611462049279|126.9770525488461743_37.5641790078298783|126.9771323290460572_37.5644101639924273|126.9771929938028450_37.5646441761629077|126.9772135411598413_37.5647555843739269
2026-09-04T13:22:12.125893+09:00,광화문·덕수궁,광화문·덕수궁,POI009,KEY_2,1010011000,덕수궁길,1010003702,국립현대미술관(덕수궁),126.9734800713954428_37.5653099277390794,1010024205,시청앞교차로,126.9771111379704962_37.5649683842586413,350.0,15.5,서행,126.9771111379704962_37.5649683842586413|126.9769955437966189_37.5648997036250520|126.9769191129801698_37.5648841239987448|126.9762643259252286_37.5649661911538288|126.9761744747147532_37.5649770829893868|126.9759779520215517_37.5650009053778362|126.9758689949813260_37.5650050124235619|126.9752013280298399_37.5649548066137768|126.9751376722967393_37.5649475156969572|126.9743014077374426_37.5648517294047579|126.9740978380537513_37.5648406360021241|126.9740518977143893_37.5648432379020889|126.9740231183313881_37.5648571744892976|126.9736843653272729_37.5652451675209207|126.9735504744861458_37.5653043393530339|126.9734800713954428_37.5653099277390794
2026-09-04T13:22:12.125893+09:00,광화문·덕수궁,광화문·덕수궁,POI009,KEY_2,1010011100,소공로,1010024703,시청앞광장,126.9784672029423973_37.5649273269454653,1010024202,시청앞교차로,126.9772712943529740_37.5649019993645936,106.0,13.0,정체,126.9772712943529740_37.5649019993645936|126.9774098801302102_37.5649281244663342|126.9776269810423628_37.5649428736685351|126.9783249021099323_37.5649392241840445|126.9784672029423973_37.5649273269454653
2026-09-04T13:22:12.125893+09:00,광화문·덕수궁,광화문·덕수궁,POI009,KEY_2,1010011200,소공로,1010024201,시청앞교차로,126.9772516593585294_37.5650094083765893,1010024704,시청앞광장,126.9784659259494219_37.5650361481380060,108.0,12.0,정체,126.9784659259494219_37.5650361481380060|126.9783324600417700_37.5650473063687187|126.9776216401868254_37.5650510228301613|126.9773883375840597_37.5650351731031407|126.9772516593585294_37.5650094083765893
2026-09-04T13:22:12.125893+09:00,광화문·덕수궁,광화문·덕수궁,POI009,KEY_2,1010012500,을지로,1010024704,시청앞광장,126.9784659259494219_37.5650361481380060,1010004003,시청앞교차로,126.9789708087737665_37.5659839969886207,114.0,26.0,원활,126.9789708087737665_37.5659839969886207|126.9788675333299039_37.5658318303835728|126.9786502993091943_37.5654208830312371|126.9784659259494219_37.5650361481380060
2026-09-04T13:22:12.125893+09:00,광화문·덕수궁,광화문·덕수궁,POI009,KEY_2,1010012600,을지로,1010004002,시청앞교차로,126.9790903112125449_37.5659326054826721,1010024701,속성변화점,126.9786056986612977_37.5650244624703831,110.0,14.0,정체,126.9786056986612977_37.5650244624703831|126.9787763856751894_37.5653806366447611|126.9789901698400030_37.5657850581407118|126.9790903112125449_37.5659326054826721
2026-09-04T13:22:12.125893+09:00,광화문·덕수궁,광화문·덕수궁,POI009,KEY_2,1010013800,세종대로,1010004902,강원도민일보(서울본부),126.9771979915670101_37.5670009920858590,1010024201,시청앞교차로,126.9772516593585294_37.5650094083765893,221.0,5.0,정체,126.9772516593585294_37.5650094083765893|126.9772632229602749_37.5651213527824481|126.9772704963173453_37.5652669803863901|126.9772680209366058_37.5654083777349115|126.9772559424266944_37.5656434912380419|126.9771979915670101_37.5670009920858590
2026-09-04T13:22:12.125893+09:00,광화문·덕수궁,광화문·덕수궁,POI009,KEY_2,1010013901,을지로,1010004001,시청앞교차로,126.9791355868352127_37.5660429362421766,1010027204,일본국제관광진흥기구서울사무소,126.9796194072220459_37.5660647181267464,43.0,12.0,정체,126.9796194072220459_37.5660647181267464|126.9791355868352127_37.5660429362421766
2026-09-04T13:22:12.125893+09:00,광화문·덕수궁,광화문·덕수궁,POI009,KEY_2,1010014001,을지로,1010141800,을지로1가 50-1,126.9805253177826074_37.5659685214828443,1010004002,시청앞교차로,126.9790903112125449_37.5659326054826721,127.0,17.0,서행,126.9790903112125449_37.5659326054826721|126.9796270767268993_37.5659567711099385|126.9797571380910313_37.5659602844908065|126.9805253177826074_37.5659685214828443
2026-09-04T13:22:12.125893+09:00,광화문·덕수궁,광화문·덕수궁,POI009,KEY_2,1010015200,정동길,1010053500,정동 6-1,126.9726302734250396_37.5657818964494226,1010003701,국립현대미술관(덕수궁),126.9734172515147748_37.5653215661761095,86.0,10.0,정체,126.9734172515147748_37.5653215661761095|126.9731819807769568_37.5654408147970216|126.9726302734250396_37.5657818964494226
2026-09-04T13:22:12.125893+09:00,광화문·덕수궁,광화문·덕수궁,POI009,KEY_2,1010015400,무교로,1010004802,한국체육박물관,126.9792639816276676_37.5669296274705644,1010004001,시청앞교차로,126.9791355868352127_37.5660429362421766,99.0,6.0,정체,126.9791355868352127_37.5660429362421766|126.9792051056433166_37.5662774283455079|126.9792449697865493_37.5664901136539342|126.9792639816276676_37.5669296274705644
2026-09-04T13:22:12.125893+09:00,광화문·덕수궁,광화문·덕수궁,POI009,KEY_2,1010016400,세종대로20길,1010152400,태평로1가 31-1,126.9781614739919320_37.5671149535760875,1010004804,한국체육박물관,126.9791327692852860_37.5670432031565085,86.0,9.0,정체,126.9791327692852860_37.5670432031565085|126.9790021637939503_37.5670657791657803|126.9788569191823626_37.5670778321488825|126.9783926986433755_37.5671163538151802|126.9781614739919320_37.5671149535760875
2026-09-04T13:22:12.125893+09:00,광화문·덕수궁,광화문·덕수궁,POI009,KEY_2,1010017601,무교로,1010141400,무교동 44-1,126.9793100041751046_37.5679689583533047,1010004801,한국체육박물관,126.9792685302403470_37.5670397690594271,103.0,3.0,정체,126.9792685302403470_37.5670397690594271|126.9792880141313276_37.5675278005997768|126.9792897236795000_37.5675706209739317|126.9793100041751046_37.5679689583533047
2026-09-04T13:22:12.125893+09:00,광화문·덕수궁,광화문·덕수궁,POI009,KEY_2,1010017602,무교로,1010034301,무교동사거리,126.9793440155466442_37.5692674718774171,1010034101,무교동사거리,126.9793610650683036_37.5689718470786644,33.0,3.0,정체,126.9793610650683036_37.5689718470786644|126.9793440155466442_37.5692674718774171
2026-09-04T13:22:12.125893+09:00,광화문·덕수궁,광화문·덕수궁,POI009,KEY_2,1010017701,덕수궁길,1010003708,국립현대미술관(덕수궁),126.9733973038882908_37.5653215550209438,1010034405,덕수초교앞,126.9742636314177417_37.5692915440127635,470.0,18.0,서행,126.9742636314177417_37.5692915440127635|126.9742609154399133_37.5692318560367440|126.9741806606774475_37.5688123115606558|126.9741708329106444_37.5687509002550755|126.9741496491990489_37.5687070234402825|126.9733330667186380_37.5677499979341434|126.9732604662010260_37.5676432387449850|126.9732135563309470_37.5675636296405173|126.9732109235822293_37.5675447199477688|126.9732028295893542_37.5674865848597861|126.9732067525657442_37.5673829793437548|126.9732946020034490_37.5669917355047289|126.9734162527930152_37.5666474960378096|126.9734297415941171_37.5665457649226155|126.9734351774182528_37.5662640535461065|126.9734319058327827_37.5653823750330673|126.9734292579386477_37.5653516838069237|126.9734209124859774_37.5653359703583263|126.9733973038882908_37.5653215550209438
2026-09-04T13:22:12.125893+09:00,광화문·덕수궁,광화문·덕수궁,POI009,KEY_2,1010017702,덕수궁길,1010034408,덕수초교앞,126.9742709920243016_37.5695017977150982,1000007903,신문로1가 5-4,126.9743707219120381_37.5701009152256020,67.0,16.0,서행,126.9743707219120381_37.5701009152256020|126.9742714713144238_37.5695298211502120|126.9742709920243016_37.5695017977150982
2026-09-04T13:22:12.125893+09:00,광화문·덕수궁,광화문·덕수궁,POI009,KEY_2,1010017801,덕수궁길,1010142200,정동 1-36,126.9733459274212635_37.5675328106811506,1010003703,국립현대미술관(덕수궁),126.9735218655151243_37.5652613466895460,255.0,15.0,서행,126.9735218655151243_37.5652613466895460|126.9735320491287638_37.5652675646712737|126.9735632083507113_37.5653262373116092|126.9735677185460503_37.5653785069074999|126.9735710082390199_37.5662647237383496|126.9735654610655899_37.5665522825597762|126.9735501225163148_37.5666679552866043|126.9734271477770164_37.5670159427351393|126.9733422194510410_37.5673941796546416|126.9733388862719750_37.5674822368240626|126.9733459274212635_37.5675328106811506
2026-09-04T13:22:12.125893+09:00,광화문·덕수궁,광화문·덕수궁,POI009,KEY_2,1010017802,덕수궁길,1000007902,신문로1가 5-4,126.9745078099836633_37.5701006884260735,1010034401,덕수초교앞,126.9744068784933120_37.5695041013549940,67.0,11.0,정체,126.9744068784933120_37.5695041013549940|126.9744071786620196_37.5695216461825154|126.9745078099836633_37.5701006884260735
2026-09-04T13:22:12.125893+09:00,광화문·덕수궁,광화문·덕수궁,POI009,KEY_2,1010018100,세종대로,1010024205,시청앞교차로,126.9771111379704962_37.5649683842586413,1010036201,청계광장,126.9769724776174371_37.5689758850454254,445.0,11.0,정체,126.9769724776174371_37.5689758850454254|126.9770357842986499_37.5675064469025131|126.9770571241010231_37.5671045176161513|126.9770622406749681_37.5669973200828053|126.9771202099424414_37.5656394465692429|126.9771322330851717_37.5654054151655075|126.9771346338183520_37.5652683750225975|126.9771276194723697_37.5651279335943542|126.9771111379704962_37.5649683842586413
2026-09-04T13:22:12.125893+09:00,광화문·덕수궁,광화문·덕수궁,POI009,KEY_2,1010018200,세종대로,1000002000,청계광장,126.9771060680401717_37.5690311929919076,1010004901,강원도민일보(서울본부),126.9771928320576109_37.5671090827981402,213.0,6.0,정체,126.9771928320576109_37.5671090827981402|126.9771715167423451_37.5675105826680635|126.9771060680401717_37.5690311929919076
2026-09-04T13:22:12.125893+09:00,광화문·덕수궁,광화문·덕수궁,POI009,KEY_2,1010037000,남대문로1길,1010023102,서울프라자호텔,126.9781270908112134_37.5644147123986087,1010021201,우성빌딩,126.9778833665384354_37.5638860982800367,62.0,5.0,정체,126.9778833665384354_37.5638860982800367|126.9781270908112134_37.5644147123986087
2026-09-04T13:22:12.125893+09:00,광화문·덕수궁,광화문·덕수궁,POI009,KEY_2,1010037100,남대문로1길,1010021204,우성빌딩,126.9777519647640105_37.5639149035560536,1010023103,서울프라자호텔,126.9779917291016176_37.5644349310718795,61.0,10.0,정체,126.9779917291016176_37.5644349310718795|126.9777519647640105_37.5639149035560536
2026-09-04T13:22:12.125893+09:00,광화문·덕수궁,광화문·덕수궁,POI009,KEY_2,1010037700,서소문로11길,1010119100,정동 34-31,126.9727951808603876_37.5647038792147114,1010003707,국립현대미술관(덕수궁),126.9733026963352955_37.5652751287957045,97.0,9.5,정체,126.9733026963352955_37.5652751287957045|126.9731147506106339_37.5651909181462429|126.9727976869032062_37.5651133337218468|126.9727288163474412_37.5650455719333536|126.9727288478402016_37.5649591817261097|126.9727803611883274_37.5647836723506359|126.9727951808603876_37.5647038792147114
2026-09-04T13:22:12.125893+09:00,광화문·덕수궁,광화문·덕수궁,POI009,KEY_2,1010038300,소공로,1010023101,서울프라자호텔,126.9781769454158393_37.5645228411741812,1010023304,조선호텔,126.9787312154575005_37.5645930511843886,50.0,15.0,서행,126.9787312154575005_37.5645930511843886|126.9785957557285769_37.5645517262991930|126.9784554783557979_37.5645322032255891|126.9782121876750836_37.5645228476832003|126.9781769454158393_37.5645228411741812
2026-09-04T13:22:12.125893+09:00,광화문·덕수궁,광화문·덕수궁,POI009,KEY_2,1010039000,소공로,1010024202,시청앞교차로,126.9772712943529740_37.5649019993645936,1010023104,서울프라자호텔,126.9780385528240316_37.5645364866542977,82.0,4.0,정체,126.9780385528240316_37.5645364866542977|126.9776055199770184_37.5646501981039478|126.9774312688185773_37.5647230654274864|126.9773645076050741_37.5647713550531037|126.9773054583435652_37.5648401473905977|126.9772712943529740_37.5649019993645936
2026-09-04T13:22:12.125893+09:00,광화문·덕수궁,광화문·덕수궁,POI009,KEY_2,1010045900,새문안로2길,1010034503,조선일보본사,126.9757336729328898_37.5693927914711736,1010034403,덕수초교앞,126.9744623970510844_37.5693699781441666,112.0,16.0,서행,126.9744623970510844_37.5693699781441666|126.9751125420028046_37.5693767090831088|126.9754684882037736_37.5693803926704959|126.9757336729328898_37.5693927914711736
2026-09-04T13:22:12.125893+09:00,광화문·덕수궁,광화문·덕수궁,POI009,KEY_2,1010046000,새문안로2길,1010034402,덕수초교앞,126.9744431042179968_37.5694779067993210,1010034504,조선일보본사,126.9756904321789079_37.5694990761609162,110.0,21.5,서행,126.9756904321789079_37.5694990761609162|126.9754636204795446_37.5694884714731927|126.9751107757574573_37.5694848197226179|126.9744431042179968_37.5694779067993210
2026-09-04T13:22:12.125893+09:00,보신각,보신각,POI010,KEY_3,1000000303,종로,1000008703,종로1가사거리,126.9828971865418197_37.5701731264087542,1000007700,종로1가,126.9822109960776402_37.5701758601934444,61.0,12.0,정체,126.9822109960776402_37.5701758601934444|126.9824008620181672_37.5701779915733454|126.9828971865418197_37.5701731264087542
2026-09-04T13:22:12.125893+09:00,보신각,보신각,POI010,KEY_3,1000000401,종로,1000008606,종로구청입구교차로,126.9793844377634713_37.5702575676490582,1000008905,SK빌딩,126.9809530025248421_37.5702700889503021,139.0,15.0,서행,126.9809530025248421_37.5702700889503021|126.9798986206276368_37.5702616744867512|126.9793844377634713_37.5702575676490582
2026-09-04T13:22:12.125893+09:00,보신각,보신각,POI010,KEY_3,1000000402,종로,1000008902,SK빌딩,126.9810888552751891_37.5702713893331790,1000009500,종로1가,126.9822090811274506_37.5702839694386270,99.0,13.0,정체,126.9822090811274506_37.5702839694386270|126.9810888552751891_37.5702713893331790
2026-09-04T13:22:12.125893+09:00,보신각,보신각,POI010,KEY_3,1000000403,종로,1000009500,종로1가,126.9822090811274506_37.5702839694386270,1000008704,종로1가사거리,126.9829124807839946_37.5702811035568871,62.0,17.0,서행,126.9829124807839946_37.5702811035568871|126.9824007403594095_37.5702861200097971|126.9822090811274506_37.5702839694386270
2026-09-04T13:22:12.125893+09:00,보신각,보신각,POI010,KEY_3,1000000501,종로,1000008701,종로1가사거리,126.9830485481293891_37.5702800768006568,1000009600,종로1가,126.9837104338048164_37.5702764015435093,58.0,7.0,정체,126.9837104338048164_37.5702764015435093|126.9830485481293891_37.5702800768006568
2026-09-04T13:22:12.125893+09:00,보신각,보신각,POI010,KEY_3,1000000502,종로,1000231500,종로2가 1-2,126.9840871569151233_37.5702743076942411,1000009104,종각지하쇼핑센터,126.9856860459643428_37.5702623526753499,141.0,12.0,정체,126.9856860459643428_37.5702623526753499|126.9846512311403757_37.5702711702886205|126.9844496207387294_37.5702722919640593|126.9840871569151233_37.5702743076942411
2026-09-04T13:22:12.125893+09:00,보신각,보신각,POI010,KEY_3,1000000503,종로,1000009101,종각지하쇼핑센터,126.9858227292488380_37.5702608423529298,1000008504,종로2가교차로,126.9876156819137520_37.5702574924147754,158.0,11.0,정체,126.9876156819137520_37.5702574924147754|126.9871453036203235_37.5702428823229511|126.9869246551587310_37.5702458796709990|126.9858227292488380_37.5702608423529298
2026-09-04T13:22:12.125893+09:00,보신각,보신각,POI010,KEY_3,1000000601,종로,1000007800,종로1가,126.9837094850009294_37.5701682846705296,1000008702,종로1가사거리,126.9830343185050481_37.5701720336345346,60.0,5.0,정체,126.9830343185050481_37.5701720336345346|126.9837094850009294_37.5701682846705296
2026-09-04T13:22:12.125893+09:00,보신각,보신각,POI010,KEY_3,1000000602,종로,1000231400,종로2가 1-2,126.9840862081807984_37.5701661909693030,1000007800,종로1가,126.9837094850009294_37.5701682846705296,33.0,4.0,정체,126.9837094850009294_37.5701682846705296|126.9840862081807984_37.5701661909693030
2026-09-04T13:22:12.125893+09:00,보신각,보신각,POI010,KEY_3,1000000603,종로,1000181900,종로2가 84-11,126.9869223374955283_37.5701377759501440,1000009102,종각지하쇼핑센터,126.9858204131049462_37.5701527379884581,97.0,5.0,정체,126.9858204131049462_37.5701527379884581|126.9869223374955283_37.5701377759501440
2026-09-04T13:22:12.125893+09:00,보신각,보신각,POI010,KEY_3,1000003001,청계천로,1010033701,광교사거리,126.9828472617604831_37.5690310653232729,1000006702,동광빌딩,126.9856496555834724_37.5685348675876654,254.0,6.0,정체,126.9856496555834724_37.5685348675876654|126.9845929724430675_37.5687445528897968|126.9830379501262456_37.5690132418433791|126.9828472617604831_37.5690310653232729
2026-09-04T13:22:12.125893+09:00,보신각,보신각,POI010,KEY_3,1000003002,청계천로,1000006701,동광빌딩,126.9857835455856332_37.5685053538768585,1010032702,청계2가,126.9876182832415594_37.5682809508841231,165.0,8.0,정체,126.9876182832415594_37.5682809508841231|126.9873100375229313_37.5682871695245453|126.9868524145434350_37.5683023760080914|126.9865577109127059_37.5683366707556416|126.9863804072084292_37.5683652570468496|126.9861647659198667_37.5684129099601307|126.9857835455856332_37.5685053538768585
2026-09-04T13:22:12.125893+09:00,보신각,보신각,POI010,KEY_3,1000003400,청계천로,1010034301,무교동사거리,126.9793440155466442_37.5692674718774171,1010033702,광교사거리,126.9827120922386285_37.5690419071249693,299.0,20.0,서행,126.9827120922386285_37.5690419071249693|126.9793440155466442_37.5692674718774171
2026-09-04T13:22:12.125893+09:00,보신각,보신각,POI010,KEY_3,1000004701,우정국로,1010033702,광교사거리,126.9827120922386285_37.5690419071249693,1000007200,종로1가,126.9827935302844111_37.5696197701673924,65.0,13.0,정체,126.9827935302844111_37.5696197701673924|126.9827458886658889_37.5693654356143227|126.9827120922386285_37.5690419071249693
2026-09-04T13:22:12.125893+09:00,보신각,보신각,POI010,KEY_3,1000004702,우정국로,1000007200,종로1가,126.9827935302844111_37.5696197701673924,1000008703,종로1가사거리,126.9828971865418197_37.5701731264087542,62.0,13.0,정체,126.9828971865418197_37.5701731264087542|126.9827935302844111_37.5696197701673924
2026-09-04T13:22:12.125893+09:00,보신각,보신각,POI010,KEY_3,1000004801,우정국로,1000007100,종로1가,126.9829278791696936_37.5696038258341787,1010033701,광교사거리,126.9828472617604831_37.5690310653232729,64.0,23.0,서행,126.9828472617604831_37.5690310653232729|126.9828808883077329_37.5693529710736058|126.9829278791696936_37.5696038258341787
2026-09-04T13:22:12.125893+09:00,보신각,보신각,POI010,KEY_3,1000004802,우정국로,1000008702,종로1가사거리,126.9830343185050481_37.5701720336345346,1000007100,종로1가,126.9829278791696936_37.5696038258341787,64.0,13.0,정체,126.9829278791696936_37.5696038258341787|126.9830343185050481_37.5701720336345346
2026-09-04T13:22:12.125893+09:00,보신각,보신각,POI010,KEY_3,1000006501,우정국로,1000008704,종로1가사거리,126.9829124807839946_37.5702811035568871,1000010800,종로1가,126.9829520973026149_37.5707555248776544,53.0,4.0,정체,126.9829520973026149_37.5707555248776544|126.9829508691110647_37.5707257702316255|126.9829124807839946_37.5702811035568871
2026-09-04T13:22:12.125893+09:00,보신각,보신각,POI010,KEY_3,1000006502,우정국로,1000010800,종로1가,126.9829520973026149_37.5707555248776544,1000012403,조계사앞교차로,126.9829706356902221_37.5719776537276218,136.0,6.0,정체,126.9829706356902221_37.5719776537276218|126.9829821214281083_37.5714823927012560|126.9829655468528955_37.5710811329590442|126.9829520973026149_37.5707555248776544
2026-09-04T13:22:12.125893+09:00,보신각,보신각,POI010,KEY_3,1000006601,우정국로,1000010700,종로1가,126.9830878603485758_37.5707519719581455,1000008701,종로1가사거리,126.9830485481293891_37.5702800768006568,52.0,7.0,정체,126.9830485481293891_37.5702800768006568|126.9830865510382267_37.5707202864689833|126.9830878603485758_37.5707519719581455
2026-09-04T13:22:12.125893+09:00,보신각,보신각,POI010,KEY_3,1000006602,우정국로,1000090100,공평동 98,126.9831013100779558_37.5710775801252623,1000010700,종로1가,126.9830878603485758_37.5707519719581455,36.0,7.0,정체,126.9830878603485758_37.5707519719581455|126.9831013100779558_37.5710775801252623
2026-09-04T13:22:12.125893+09:00,보신각,보신각,POI010,KEY_3,1000007502,삼봉로,1000012403,조계사앞교차로,126.9829706356902221_37.5719776537276218,1000013004,신라스테이(광화문),126.9801805317354280_37.5724047958457916,252.0,5.0,정체,126.9801805317354280_37.5724047958457916|126.9804914824202910_37.5723319178106152|126.9811053055208276_37.5721880522337770|126.9822536902158987_37.5720311041132078|126.9827182491962247_37.5719849537863269|126.9829706356902221_37.5719776537276218
2026-09-04T13:22:12.125893+09:00,보신각,보신각,POI010,KEY_3,1000007602,삼봉로,1000140500,수송동 80-4,126.9805298527977442_37.5724356343591879,1000012404,조계사앞교차로,126.9829679360295245_37.5720859226599799,219.0,13.0,정체,126.9829679360295245_37.5720859226599799|126.9827291479286515_37.5720928297221519|126.9822736058986408_37.5721380840541883|126.9811360893303345_37.5722935474607382|126.9805298527977442_37.5724356343591879
2026-09-04T13:22:12.125893+09:00,보신각,보신각,POI010,KEY_3,1000009201,우정국로,1000085100,견지동 110-2,126.9830654526105036_37.5729316051841806,1000012401,조계사앞교차로,126.9831034437596884_37.5720995445690349,92.0,13.0,정체,126.9831034437596884_37.5720995445690349|126.9830943674485724_37.5724421623328340|126.9830752766845592_37.5727653133374773|126.9830654526105036_37.5729316051841806
2026-09-04T13:22:12.125893+09:00,보신각,보신각,POI010,KEY_3,1000023600,종로,1000007200,종로1가,126.9827935302844111_37.5696197701673924,1000007700,종로1가,126.9822109960776402_37.5701758601934444,90.0,13.0,정체,126.9822109960776402_37.5701758601934444|126.9823538247533747_37.5701681727122576|126.9825335459648414_37.5700690295792086|126.9826437791460876_37.5699908547526107|126.9827324536877029_37.5698897904859521|126.9827899849345840_37.5697677437382040|126.9827935302844111_37.5696197701673924
2026-09-04T13:22:12.125893+09:00,보신각,보신각,POI010,KEY_3,1000023700,종로,1000007800,종로1가,126.9837094850009294_37.5701682846705296,1000007100,종로1가,126.9829278791696936_37.5696038258341787,103.0,10.0,정체,126.9829278791696936_37.5696038258341787|126.9830032097695494_37.5698402452960423|126.9830990215400703_37.5699604067910897|126.9831924475550267_37.5700347972999680|126.9833242130892046_37.5700939366007987|126.9834847309357855_37.5701511723724835|126.9837094850009294_37.5701682846705296
2026-09-04T13:22:12.125893+09:00,보신각,보신각,POI010,KEY_3,1000024400,종로,1000010700,종로1가,126.9830878603485758_37.5707519719581455,1000009600,종로1가,126.9837104338048164_37.5702764015435093,84.0,11.0,정체,126.9837104338048164_37.5702764015435093|126.9834199944166073_37.5703552243340226|126.9832834070776642_37.5704238609181118|126.9831923434160359_37.5704982251536919|126.9830964773624657_37.5706145452795255|126.9830878603485758_37.5707519719581455
2026-09-04T13:22:12.125893+09:00,보신각,보신각,POI010,KEY_3,1000024500,종로,1000009500,종로1가,126.9822090811274506_37.5702839694386270,1000010800,종로1가,126.9829520973026149_37.5707555248776544,92.0,7.0,정체,126.9829520973026149_37.5707555248776544|126.9829359392394394_37.5706431287853420|126.9828401259818236_37.5705267810848440|126.9827754493047394_37.5704619306360499|126.9826892071422293_37.5704047039165019|126.9825119206921613_37.5703322080284821|126.9822090811274506_37.5702839694386270
2026-09-04T13:22:12.125893+09:00,보신각,보신각,POI010,KEY_3,1000025901,종로5길,1000008909,GS건설본사,126.9806366436472871_37.5713225324397655,1000013005,신라스테이(광화문),126.9801024195699028_37.5723985668960268,128.0,7.0,정체,126.9801024195699028_37.5723985668960268|126.9801274853195991_37.5723618756308824|126.9801882517644884_37.5722503255379436|126.9804583466781196_37.5717160525297444|126.9804740373480314_37.5716814217555211|126.9806366436472871_37.5713225324397655
2026-09-04T13:22:12.125893+09:00,보신각,보신각,POI010,KEY_3,1000025902,종로5길,1000008905,SK빌딩,126.9809530025248421_37.5702700889503021,1000008908,GS건설본사,126.9806854115378769_37.5712148957716821,109.0,5.0,정체,126.9806854115378769_37.5712148957716821|126.9808934318098466_37.5707557655600937|126.9809177843168158_37.5706870956374530|126.9809314541032421_37.5706019997404184|126.9809431151314243_37.5705149231286057|126.9809530025248421_37.5702700889503021
2026-09-04T13:22:12.125893+09:00,보신각,보신각,POI010,KEY_3,1000026001,종로5길,1000008907,GS건설본사,126.9808291543834713_37.5712163450013819,1000008902,SK빌딩,126.9810888552751891_37.5702713893331790,108.0,12.0,정체,126.9810888552751891_37.5702713893331790|126.9810787188347803_37.5705223997754985|126.9810663740957466_37.5706145876373654|126.9810512464558627_37.5707087563385187|126.9810228489215831_37.5707888322386268|126.9808291543834713_37.5712163450013819
2026-09-04T13:22:12.125893+09:00,보신각,보신각,POI010,KEY_3,1000027500,인사동5길,1000231600,공평동 5-12,126.9837015373939977_37.5721207661722474,1000012402,조계사앞교차로,126.9831062491158349_37.5719883384085875,55.0,7.0,정체,126.9831062491158349_37.5719883384085875|126.9832673605664155_37.5720220520782107|126.9837015373939977_37.5721207661722474
2026-09-04T13:22:12.125893+09:00,보신각,보신각,POI010,KEY_3,1000027600,인사동5길,1000036800,인사동 187-4,126.9855567085236174_37.5727903642359919,1000013904,인사동사거리,126.9861168618192977_37.5730266274726361,56.0,7.0,정체,126.9861168618192977_37.5730266274726361|126.9855567085236174_37.5727903642359919
2026-09-04T13:22:12.125893+09:00,보신각,보신각,POI010,KEY_3,1000046500,종로3길,1000008602,KT광화문빌딩East,126.9793723999539878_37.5713097781531999,1000008909,GS건설본사,126.9806366436472871_37.5713225324397655,112.0,6.0,정체,126.9806366436472871_37.5713225324397655|126.9793723999539878_37.5713097781531999
2026-09-04T13:22:12.125893+09:00,보신각,보신각,POI010,KEY_3,1000046600,종로3길,1000008908,GS건설본사,126.9806854115378769_37.5712148957716821,1000008603,KT광화문빌딩East,126.9793750304311573_37.5712016763059680,116.0,10.0,정체,126.9793750304311573_37.5712016763059680|126.9806854115378769_37.5712148957716821
2026-09-04T13:22:12.125893+09:00,보신각,보신각,POI010,KEY_3,1010016903,우정국로,1010033402,광교교차로,126.9826972926992426_37.5687326607183465,1010033702,광교사거리,126.9827120922386285_37.5690419071249693,34.0,11.0,정체,126.9827120922386285_37.5690419071249693|126.9826972926992426_37.5687326607183465
2026-09-04T13:22:12.125893+09:00,보신각,보신각,POI010,KEY_3,1010017003,우정국로,1010033701,광교사거리,126.9828472617604831_37.5690310653232729,1010033401,광교교차로,126.9828323504512895_37.5687142869809634,35.0,28.0,원활,126.9828323504512895_37.5687142869809634|126.9828472617604831_37.5690310653232729
2026-09-04T13:22:12.125893+09:00,서울 암사동 유적,서울 암사동 유적,POI011,KEY_4,1240026502,올림픽로,1249049800,암사동 138,127.1303868902218426_37.5581213582314959,1240025203,서울암사동유적,127.1310831520760161_37.5596271965427917,178.0,16.0,서행,127.1310831520760161_37.5596271965427917|127.1306279901634753_37.5587636989147882|127.1303868902218426_37.5581213582314959
2026-09-04T13:22:12.125893+09:00,서울 암사동 유적,서울 암사동 유적,POI011,KEY_4,1240026512,올림픽로,1240025204,서울암사동유적,127.1311362462215726_37.5597299172270596,1240001503,암사동서원마을회관,127.1329417839865101_37.5638633628286627,495.0,25.0,원활,127.1329417839865101_37.5638633628286627|127.1329385901726567_37.5638530355215323|127.1328076129944407_37.5625315770132389|127.1325679156605446_37.5619032160946844|127.1324628664250440_37.5616950056665999|127.1324015018273457_37.5615733787883030|127.1320918622332670_37.5610538481508982|127.1318311751461181_37.5607294195891654|127.1314134429880340_37.5602729161990680|127.1311362462215726_37.5597299172270596
2026-09-04T13:22:12.125893+09:00,서울 암사동 유적,서울 암사동 유적,POI011,KEY_4,1240026602,올림픽로,1249049700,암사동 138,127.1305170173570929_37.5580904036952390,1240023801,선사초등학교,127.1296849682262859_37.5558735719696912,257.0,19.0,서행,127.1296849682262859_37.5558735719696912|127.1302524784022268_37.5573856065605156|127.1305170173570929_37.5580904036952390
2026-09-04T13:22:12.125893+09:00,서울 암사동 유적,서울 암사동 유적,POI011,KEY_4,1240026611,올림픽로,1249096700,최소노드배치점,127.1325889005040750_37.5616547095206741,1240025201,서울암사동유적,127.1312497921398688_37.5596651615473789,252.0,31.0,원활,127.1312497921398688_37.5596651615473789|127.1315330077839292_37.5602199513383255|127.1319433727937849_37.5606684031311673|127.1322108955108803_37.5610013373068412|127.1325259892048081_37.5615300174364890|127.1325889005040750_37.5616547095206741
2026-09-04T13:22:12.125893+09:00,서울 암사동 유적,서울 암사동 유적,POI011,KEY_4,1240049600,올림픽로108길,1249054800,암사동 135-1,127.1324513506835387_37.5586179294608584,1240025202,서울암사동유적,127.1311963964887610_37.5595626125415976,153.0,12.5,정체,127.1311963964887610_37.5595626125415976|127.1312906290088449_37.5595088709743194|127.1321441825899257_37.5588537073451434|127.1324513506835387_37.5586179294608584
2026-09-04T13:22:12.125893+09:00,서울 암사동 유적,서울 암사동 유적,POI011,KEY_4,1240049700,올림픽로108길,1249054700,암사동 199-3,127.1325456285770059_37.5586957689652934,1240023906,강일중,127.1350630805942075_37.5567633051846101,309.0,28.0,원활,127.1350630805942075_37.5567633051846101|127.1325456285770059_37.5586957689652934
2026-09-04T13:22:12.125893+09:00,서울 암사동 유적,서울 암사동 유적,POI011,KEY_4,1240216800,올림픽대로,1240001504,암사동서원마을회관,127.1328606037288154_37.5639977455946550,1240090400,암사IC,127.1320967627789713_37.5638268865707303,75.0,29.3,정체,127.1320967627789713_37.5638268865707303|127.1323008177666054_37.5639094235526869|127.1324394046457655_37.5639871880837006|127.1325100130354429_37.5640201033193009|127.1325629529353307_37.5640375916818527|127.1326211702869102_37.5640452487343595|127.1326758409645379_37.5640423789060733|127.1328606037288154_37.5639977455946550
2026-09-04T13:22:12.125893+09:00,창덕궁·종묘,창덕궁·종묘,POI012,KEY_1,1000001501,종로,1000009801,종로3가사거리,126.9922000608216308_37.5704778715046643,1000010004,종묘공원,126.9937102608658108_37.5705569291297934,134.0,4.0,정체,126.9937102608658108_37.5705569291297934|126.9932582925197551_37.5705332710333550|126.9922000608216308_37.5704778715046643
2026-09-04T13:22:12.125893+09:00,창덕궁·종묘,창덕궁·종묘,POI012,KEY_1,1000001502,종로,1000010001,종묘공원,126.9938459149599908_37.5705638014388867,1000010104,세운상가,126.9949902918217504_37.5706199754433428,101.0,4.0,정체,126.9949902918217504_37.5706199754433428|126.9938459149599908_37.5705638014388867
2026-09-04T13:22:12.125893+09:00,창덕궁·종묘,창덕궁·종묘,POI012,KEY_1,1000001503,종로,1000010101,세운상가,126.9951330460539509_37.5706277157350215,1000010504,종로4가 32-8,126.9963629369768086_37.5707037465677516,109.0,5.0,정체,126.9963629369768086_37.5707037465677516|126.9958351088011312_37.5706676576709242|126.9951330460539509_37.5706277157350215
2026-09-04T13:22:12.125893+09:00,창덕궁·종묘,창덕궁·종묘,POI012,KEY_1,1000001504,종로,1000010501,종로4가 32-8,126.9964984168760793_37.5707129060128366,1000010902,종로4가,126.9969778496483315_37.5707449803633011,43.0,8.0,정체,126.9969778496483315_37.5707449803633011|126.9964984168760793_37.5707129060128366
2026-09-04T13:22:12.125893+09:00,창덕궁·종묘,창덕궁·종묘,POI012,KEY_1,1000001505,종로,1000010901,종로4가,126.9970824501172899_37.5707519010579603,1000011004,종로4가사거리,126.9976981845290851_37.5707921454332379,55.0,4.0,정체,126.9976981845290851_37.5707921454332379|126.9970824501172899_37.5707519010579603
2026-09-04T13:22:12.125893+09:00,창덕궁·종묘,창덕궁·종묘,POI012,KEY_1,1000007100,돈화문로,1000145800,묘동 20-5,126.9916684242814142_37.5719817889873724,1000013303,묘동사거리,126.9914801613035706_37.5725495704926047,65.0,13.0,정체,126.9914801613035706_37.5725495704926047|126.9916684242814142_37.5719817889873724
2026-09-04T13:22:12.125893+09:00,창덕궁·종묘,창덕궁·종묘,POI012,KEY_1,1000007200,돈화문로,1000059400,묘동 20-5,126.9921535095209890_37.5708464956724839,1000009801,종로3가사거리,126.9922000608216308_37.5704778715046643,41.0,9.5,정체,126.9922000608216308_37.5704778715046643|126.9921602362403092_37.5708137185849509|126.9921535095209890_37.5708464956724839
2026-09-04T13:22:12.125893+09:00,창덕궁·종묘,창덕궁·종묘,POI012,KEY_1,1000008701,창경궁로,1000011004,종로4가사거리,126.9976981845290851_37.5707921454332379,1000011601,종로4가,126.9976727162272141_37.5712098653190125,46.0,8.0,정체,126.9976727162272141_37.5712098653190125|126.9976981845290851_37.5707921454332379
2026-09-04T13:22:12.125893+09:00,창덕궁·종묘,창덕궁·종묘,POI012,KEY_1,1000008702,창경궁로,1000059900,인의동 101-8,126.9976040275693805_37.5721420297877202,1000014503,서울특별시재향군인회,126.9975145081767209_37.5733082767353750,130.0,11.0,정체,126.9975145081767209_37.5733082767353750|126.9975586489672992_37.5727332208694804|126.9975861399317978_37.5723750705251547|126.9976040275693805_37.5721420297877202
2026-09-04T13:22:12.125893+09:00,창덕궁·종묘,창덕궁·종묘,POI012,KEY_1,1000008801,창경궁로,1000084400,인의동 101-8,126.9977485816959160_37.5720317772708725,1000011001,종로4가사거리,126.9978336320802015_37.5708014801402754,137.0,9.7,정체,126.9978336320802015_37.5708014801402754|126.9977997145428219_37.5713655900292949|126.9977485816959160_37.5720317772708725
2026-09-04T13:22:12.125893+09:00,창덕궁·종묘,창덕궁·종묘,POI012,KEY_1,1000010801,돈화문로,1000174700,묘동 141-2,126.9911270176696547_37.5741747070514336,1000013301,묘동사거리,126.9915850849808550_37.5726594865675594,173.0,18.0,서행,126.9915850849808550_37.5726594865675594|126.9913726822985893_37.5733444453639649|126.9911270176696547_37.5741747070514336
2026-09-04T13:22:12.125893+09:00,창덕궁·종묘,창덕궁·종묘,POI012,KEY_1,1000010802,돈화문로,1000106300,와룡동 75-4,126.9909562970876493_37.5747505051657669,1000016401,종로1가2가3가4가동주민센터,126.9910234246664515_37.5745245938365429,26.0,27.0,원활,126.9910234246664515_37.5745245938365429|126.9909562970876493_37.5747505051657669
2026-09-04T13:22:12.125893+09:00,창덕궁·종묘,창덕궁·종묘,POI012,KEY_1,1000010803,돈화문로,1000021402,창덕궁앞교차로,126.9901841383139782_37.5773932267385504,1000018601,한겨레신문(종로지국),126.9906634515929795_37.5757350308395957,189.0,15.0,서행,126.9906634515929795_37.5757350308395957|126.9903062505280644_37.5769154241969332|126.9902695786729083_37.5770589150526817|126.9901841383139782_37.5773932267385504
2026-09-04T13:22:12.125893+09:00,창덕궁·종묘,창덕궁·종묘,POI012,KEY_1,1000013502,율곡로,1000021501,우즈베키스탄대사관,126.9893297531960883_37.5774544023044541,1000021404,창덕궁앞교차로,126.9900388640569702_37.5774865487865739,63.0,24.0,서행,126.9900388640569702_37.5774865487865739|126.9897463242174780_37.5774687657961053|126.9893297531960883_37.5774544023044541
2026-09-04T13:22:12.125893+09:00,창덕궁·종묘,창덕궁·종묘,POI012,KEY_1,1000014100,창덕궁길,1000022002,북촌1경,126.9893063929122548_37.5792409569275208,1000021501,우즈베키스탄대사관,126.9893297531960883_37.5774544023044541,199.0,21.0,서행,126.9893297531960883_37.5774544023044541|126.9892548365952365_37.5786955788249983|126.9892562414735409_37.5787264244637242|126.9892665857058205_37.5789535426034647|126.9893063929122548_37.5792409569275208
2026-09-04T13:22:12.125893+09:00,창덕궁·종묘,창덕궁·종묘,POI012,KEY_1,1000015602,창경궁로,1000021302,연건동 28-5,126.9972685910119736_37.5770105602906241,1000019601,원남동사거리,126.9974112787328835_37.5759608809491965,117.0,26.0,원활,126.9974112787328835_37.5759608809491965|126.9973105074180921_37.5767022072452619|126.9972685910119736_37.5770105602906241
2026-09-04T13:22:12.125893+09:00,창덕궁·종묘,창덕궁·종묘,POI012,KEY_1,1000024700,동순라길,1000010504,종로4가 32-8,126.9963629369768086_37.5707037465677516,1000011103,종로4가 32-7,126.9963562951020464_37.5708334820153240,14.0,13.0,정체,126.9963562951020464_37.5708334820153240|126.9963629369768086_37.5707037465677516
2026-09-04T13:22:12.125893+09:00,창덕궁·종묘,창덕궁·종묘,POI012,KEY_1,1000024800,동순라길,1000011102,종로4가 32-7,126.9964920187830728_37.5708378841030850,1000010501,종로4가 32-8,126.9964984168760793_37.5707129060128366,14.0,13.5,정체,126.9964984168760793_37.5707129060128366|126.9964920187830728_37.5708378841030850
2026-09-04T13:22:12.125893+09:00,창덕궁·종묘,창덕궁·종묘,POI012,KEY_1,1000024900,종로.동순라길.사이길,1000011103,종로4가 32-7,126.9963562951020464_37.5708334820153240,1000010101,세운상가,126.9951330460539509_37.5706277157350215,120.0,12.0,정체,126.9951330460539509_37.5706277157350215|126.9951743837452085_37.5707556885858693|126.9951919467698929_37.5707641992030830|126.9963562951020464_37.5708334820153240
2026-09-04T13:22:12.125893+09:00,창덕궁·종묘,창덕궁·종묘,POI012,KEY_1,1000025000,종로.동순라길.사이길,1000010104,세운상가,126.9949902918217504_37.5706199754433428,1000011104,종로4가 32-7,126.9963483113230751_37.5709414285277603,139.0,6.0,정체,126.9963483113230751_37.5709414285277603|126.9951492285879624_37.5708700779174407|126.9950565789311838_37.5708251846869601|126.9949902918217504_37.5706199754433428
2026-09-04T13:22:12.125893+09:00,창덕궁·종묘,창덕궁·종묘,POI012,KEY_1,1000025400,종로,1000010902,종로4가,126.9969778496483315_37.5707449803633011,1000011602,종로4가,126.9976685550659852_37.5712805902372935,85.0,4.0,정체,126.9976685550659852_37.5712805902372935|126.9969778496483315_37.5707449803633011
2026-09-04T13:22:12.125893+09:00,창덕궁·종묘,창덕궁·종묘,POI012,KEY_1,1000028300,서순라길,1000179700,묘동 164-2,126.9918986546224602_37.5725528238137017,1000013302,묘동사거리,126.9916200024151749_37.5725515277908357,25.0,16.0,서행,126.9916200024151749_37.5725515277908357|126.9918986546224602_37.5725528238137017
2026-09-04T13:22:12.125893+09:00,창덕궁·종묘,창덕궁·종묘,POI012,KEY_1,1000028500,동순라길,1000143300,인의동 112-10,126.9965136894643791_37.5722112354701423,1000011101,종로4가 32-7,126.9964837407064522_37.5709497945866389,143.0,8.0,정체,126.9964837407064522_37.5709497945866389|126.9963802654962421_37.5720110081513141|126.9965136894643791_37.5722112354701423
2026-09-04T13:22:12.125893+09:00,창덕궁·종묘,창덕궁·종묘,POI012,KEY_1,1000028600,동순라길,1000011104,종로4가 32-7,126.9963483113230751_37.5709414285277603,1000014504,서울특별시재향군인회,126.9975060050786055_37.5734165592808793,347.0,20.0,서행,126.9975060050786055_37.5734165592808793|126.9969911144367956_37.5734250144218507|126.9968404615841990_37.5733955984085384|126.9967470749479901_37.5733345381505828|126.9966990577044896_37.5732294276517820|126.9966908891550048_37.5731275113813510|126.9967289597005760_37.5728378479680103|126.9967212685301092_37.5727949856210941|126.9966862804331384_37.5727009865390329|126.9963936851750645_37.5722618959152896|126.9962417830590056_37.5720339377534884|126.9963483113230751_37.5709414285277603
2026-09-04T13:22:12.125893+09:00,창덕궁·종묘,창덕궁·종묘,POI012,KEY_1,1000029900,김상옥로,1000096500,연지동 253-1,126.9984112007160206_37.5733171805444996,1000014502,서울특별시재향군인회,126.9976506161619483_37.5733080934406729,67.0,13.0,정체,126.9976506161619483_37.5733080934406729|126.9984112007160206_37.5733171805444996
2026-09-04T13:22:12.125893+09:00,창덕궁·종묘,창덕궁·종묘,POI012,KEY_1,1000039200,창덕궁길,1000134400,원서동 2-2,126.9892407733604642_37.5829070876196951,1000022001,북촌1경,126.9893249216224547_37.5793389188440585,401.0,16.0,서행,126.9893249216224547_37.5793389188440585|126.9893432024728526_37.5794117077019152|126.9893374585478654_37.5795962855689609|126.9893189924063250_37.5801896786208189|126.9893532350689895_37.5809623190334960|126.9893738580933729_37.5812665958495344|126.9893978694693288_37.5816208620396139|126.9894570663397531_37.5819414687995632|126.9895023987834435_37.5821303841621628|126.9895105285284274_37.5822120284156327|126.9895040052748669_37.5823078791324363|126.9894734073156428_37.5824257182516135|126.9893881157924085_37.5826046082802492|126.9892904879125695_37.5827681919472880|126.9892407733604642_37.5829070876196951
2026-09-04T13:22:12.125893+09:00,강남 MICE 관광특구,강남 MICE 관광특구,POI001,KEY_2,1220003104,영동대로,1220038604,사조빌딩,127.0637824235113698_37.5075784064484665,1220040303,삼성역사거리,127.0631184701287282_37.5088181934601863,150.0,20.0,서행,127.0631184701287282_37.5088181934601863|127.0637824235113698_37.5075784064484665
2026-09-04T13:22:12.125893+09:00,강남 MICE 관광특구,강남 MICE 관광특구,POI001,KEY_2,1220003204,영동대로,1220040302,삼성역사거리,127.0632451463058885_37.5088571864380711,1220038601,사조빌딩,127.0639078316108197_37.5076197633601041,149.0,7.0,정체,127.0639078316108197_37.5076197633601041|127.0632451463058885_37.5088571864380711
2026-09-04T13:22:12.125893+09:00,강남 MICE 관광특구,강남 MICE 관광특구,POI001,KEY_2,1220003303,영동대로,1220042504,속성변화점,127.0608476713455985_37.5130456722428676,1220043808,코엑스앞교차로,127.0601919456584454_37.5142029024356347,141.0,17.0,서행,127.0601919456584454_37.5142029024356347|127.0603995070934218_37.5138375440934411|127.0607938946184277_37.5131433157650775|127.0608476713455985_37.5130456722428676
2026-09-04T13:22:12.125893+09:00,강남 MICE 관광특구,강남 MICE 관광특구,POI001,KEY_2,1220003402,영동대로,1220434100,삼성동 111-8,127.0623503477867757_37.5105231713021467,1220040301,삼성역사거리,127.0631917873569989_37.5089566792768281,189.0,11.0,정체,127.0631917873569989_37.5089566792768281|127.0623503477867757_37.5105231713021467
2026-09-04T13:22:12.125893+09:00,강남 MICE 관광특구,강남 MICE 관광특구,POI001,KEY_2,1220003403,영동대로,1220043807,코엑스앞교차로,127.0603272282434091_37.5142270211862794,1220042502,아셈타워,127.0609175537963154_37.5131878914081796,127.0,7.0,정체,127.0609175537963154_37.5131878914081796|127.0605231671833053_37.5138821201433714|127.0603272282434091_37.5142270211862794
2026-09-04T13:22:12.125893+09:00,강남 MICE 관광특구,강남 MICE 관광특구,POI001,KEY_2,1220004001,영동대로,1220043809,코엑스앞교차로,127.0601375029284839_37.5143038844831338,1220044403,봉은사역(서울9호선),127.0598624891181174_37.5148335177271051,64.0,5.0,정체,127.0598624891181174_37.5148335177271051|127.0601375029284839_37.5143038844831338
2026-09-04T13:22:12.125893+09:00,강남 MICE 관광특구,강남 MICE 관광특구,POI001,KEY_2,1220004101,영동대로,1220044402,봉은사역(서울9호선),127.0599879180035288_37.5148748429464263,1220043806,코엑스앞교차로,127.0602718568028990_37.5143280204466052,66.0,30.0,원활,127.0602718568028990_37.5143280204466052|127.0599879180035288_37.5148748429464263
2026-09-04T13:22:12.125893+09:00,강남 MICE 관광특구,강남 MICE 관광특구,POI001,KEY_2,1220028002,테헤란로,1220038701,삼성동 172-66,127.0594740418968343_37.5078073048774883,1220039504,슈페리어사옥,127.0619066150805594_37.5085594791171530,231.0,13.0,정체,127.0619066150805594_37.5085594791171530|127.0594740418968343_37.5078073048774883
2026-09-04T13:22:12.125893+09:00,강남 MICE 관광특구,강남 MICE 관광특구,POI001,KEY_2,1220028003,테헤란로,1220039501,슈페리어사옥,127.0620331846530320_37.5085986138393324,1220040304,삼성역사거리,127.0630651113215919_37.5089176743260495,98.0,13.0,정체,127.0630651113215919_37.5089176743260495|127.0620331846530320_37.5085986138393324
2026-09-04T13:22:12.125893+09:00,강남 MICE 관광특구,강남 MICE 관광특구,POI001,KEY_2,1220028103,테헤란로,1220040303,삼성역사거리,127.0631184701287282_37.5088181934601863,1220039502,슈페리어사옥,127.0620822932532974_37.5084978197410663,98.0,6.0,정체,127.0620822932532974_37.5084978197410663|127.0631184701287282_37.5088181934601863
2026-09-04T13:22:12.125893+09:00,강남 MICE 관광특구,강남 MICE 관광특구,POI001,KEY_2,1220028803,테헤란로,1220040301,삼성역사거리,127.0631917873569989_37.5089566792768281,1220041404,서울강남경찰서교차로,127.0663791845268378_37.5099251428739393,302.0,9.0,정체,127.0663791845268378_37.5099251428739393|127.0647076757638558_37.5094210528302128|127.0645797580656193_37.5093821330006207|127.0631917873569989_37.5089566792768281
2026-09-04T13:22:12.125893+09:00,강남 MICE 관광특구,강남 MICE 관광특구,POI001,KEY_2,1220028902,테헤란로,1220040803,대치동 1011,127.0646284979941214_37.5092812253236190,1220040302,삼성역사거리,127.0632451463058885_37.5088571864380711,131.0,24.0,서행,127.0632451463058885_37.5088571864380711|127.0646284979941214_37.5092812253236190
2026-09-04T13:22:12.125893+09:00,강남 MICE 관광특구,강남 MICE 관광특구,POI001,KEY_2,1220030802,봉은사로,1220306300,삼성동 111-86,127.0595673491428670_37.5141997365039970,1220043809,코엑스앞교차로,127.0601375029284839_37.5143038844831338,52.0,14.0,정체,127.0601375029284839_37.5143038844831338|127.0595673491428670_37.5141997365039970
2026-09-04T13:22:12.125893+09:00,강남 MICE 관광특구,강남 MICE 관광특구,POI001,KEY_2,1220031404,봉은사로,1220043806,코엑스앞교차로,127.0602718568028990_37.5143280204466052,1220043805,삼성1동주민센터,127.0617426909060157_37.5145859851302461,133.0,7.0,정체,127.0617426909060157_37.5145859851302461|127.0612478602413944_37.5144992006761413|127.0602718568028990_37.5143280204466052
2026-09-04T13:22:12.125893+09:00,강남 MICE 관광특구,강남 MICE 관광특구,POI001,KEY_2,1220031503,봉은사로,1220304600,삼성동 172,127.0612770466940020_37.5143936087352401,1220043807,코엑스앞교차로,127.0603272282434091_37.5142270211862794,86.0,16.5,서행,127.0603272282434091_37.5142270211862794|127.0612770466940020_37.5143936087352401
2026-09-04T13:22:12.125893+09:00,동대문 관광특구,동대문 관광특구,POI002,KEY_3,1000002003,종로,1000011703,흥인지문사거리,127.0090256024343631_37.5712778950010033,1000011300,동대문역10번출구,127.0080672314708750_37.5710785300975587,89.0,16.0,서행,127.0080672314708750_37.5710785300975587|127.0082747571647133_37.5710829540366547|127.0084909821378574_37.5711078809344414|127.0086667767084236_37.5711528422383196|127.0087931039338400_37.5711945228473638|127.0090256024343631_37.5712778950010033
2026-09-04T13:22:12.125893+09:00,동대문 관광특구,동대문 관광특구,POI002,KEY_3,1000002201,종로,1000176600,창신동 442-1,127.0108777515568477_37.5716621493242968,1000011702,흥인지문사거리,127.0091495968440398_37.5713227254486739,158.0,11.7,정체,127.0091495968440398_37.5713227254486739|127.0092723977128770_37.5713674394156811|127.0094846006979310_37.5714183224799285|127.0097878732437096_37.5714751424867188|127.0103298320711360_37.5715766797035471|127.0103586021919568_37.5715820697737044|127.0108233682804553_37.5716512389232733|127.0108777515568477_37.5716621493242968
2026-09-04T13:22:12.125893+09:00,동대문 관광특구,동대문 관광특구,POI002,KEY_3,1000005401,청계천로,1010034902,버들다리(남측),127.0065602496820105_37.5695317839187268,1010034601,청계5가교차로,127.0021191180861280_37.5694902995239062,392.0,14.0,정체,127.0021191180861280_37.5694902995239062|127.0024509740674006_37.5695131963120659|127.0065602496820105_37.5695317839187268
2026-09-04T13:22:12.125893+09:00,동대문 관광특구,동대문 관광특구,POI002,KEY_3,1000005402,청계천로,1010034702,청계6가사거리,127.0096736759349909_37.5696339498216076,1010034901,버들다리(남측),127.0067045342350838_37.5695353837745003,263.0,14.0,정체,127.0067045342350838_37.5695353837745003|127.0093753105708458_37.5696558834258525|127.0096736759349909_37.5696339498216076
2026-09-04T13:22:12.125893+09:00,동대문 관광특구,동대문 관광특구,POI002,KEY_3,1000005800,청계천로,1010005302,신평화시장,127.0121349816149205_37.5696419493387239,1010034701,청계6가사거리,127.0098099727011487_37.5696292980751281,205.0,16.0,서행,127.0098099727011487_37.5696292980751281|127.0121349816149205_37.5696419493387239
2026-09-04T13:22:12.125893+09:00,동대문 관광특구,동대문 관광특구,POI002,KEY_3,1000006102,율곡로,1000009900,흥인지문,127.0093873462230221_37.5706631809010148,1000011703,흥인지문사거리,127.0090256024343631_37.5712778950010033,75.0,12.0,정체,127.0090256024343631_37.5712778950010033|127.0091075737013711_37.5711579258072774|127.0092355138361029_37.5709579814170240|127.0093370098156385_37.5707700537480775|127.0093873462230221_37.5706631809010148
2026-09-04T13:22:12.125893+09:00,동대문 관광특구,동대문 관광특구,POI002,KEY_3,1010010302,퇴계로,1010055500,광희동2가 106-3,127.0099082789205482_37.5646817382909717,1010024300,한양공고앞,127.0104773475085409_37.5647757639333406,51.0,10.0,정체,127.0104773475085409_37.5647757639333406|127.0099082789205482_37.5646817382909717
2026-09-04T13:22:12.125893+09:00,동대문 관광특구,동대문 관광특구,POI002,KEY_3,1010010303,퇴계로,1010024300,한양공고앞,127.0104773475085409_37.5647757639333406,1010024404,한양공고앞,127.0112090095234549_37.5649005480942861,66.0,33.0,원활,127.0112090095234549_37.5649005480942861|127.0110078071713389_37.5648590073598498|127.0104773475085409_37.5647757639333406
2026-09-04T13:22:12.125893+09:00,동대문 관광특구,동대문 관광특구,POI002,KEY_3,1010010404,퇴계로,1010024403,한양공고앞,127.0112431099512804_37.5647958913381643,1010024000,한양공고앞,127.0105042836972586_37.5646697935721292,67.0,8.0,정체,127.0105042836972586_37.5646697935721292|127.0110380183582066_37.5647535474378884|127.0112431099512804_37.5647958913381643
2026-09-04T13:22:12.125893+09:00,동대문 관광특구,동대문 관광특구,POI002,KEY_3,1010010601,마른내로,1010134000,광희동1가 235-6,127.0062746188617808_37.5646055130078267,1010023000,광희동1가169-1,127.0066022342274863_37.5645458036535800,30.0,10.0,정체,127.0066022342274863_37.5645458036535800|127.0063686118675577_37.5645902274929711|127.0062746188617808_37.5646055130078267
2026-09-04T13:22:12.125893+09:00,동대문 관광특구,동대문 관광특구,POI002,KEY_3,1010011501,을지로,1010025400,한양공고앞,127.0104615863536850_37.5651414229202487,1010025702,동대문역사문화공원역앞교차로,127.0098092568797057_37.5653495503264523,62.0,20.0,서행,127.0098092568797057_37.5653495503264523|127.0104018007762932_37.5651601202690344|127.0104615863536850_37.5651414229202487
2026-09-04T13:22:12.125893+09:00,동대문 관광특구,동대문 관광특구,POI002,KEY_3,1010011502,을지로,1010024404,한양공고앞,127.0112090095234549_37.5649005480942861,1010025400,한양공고앞,127.0104615863536850_37.5651414229202487,71.0,13.0,정체,127.0104615863536850_37.5651414229202487|127.0111251236703254_37.5649339132959668|127.0112090095234549_37.5649005480942861
2026-09-04T13:22:12.125893+09:00,동대문 관광특구,동대문 관광특구,POI002,KEY_3,1010011602,을지로,1010025701,동대문역사문화공원역앞교차로,127.0098839022084150_37.5654422003783637,1010024401,한양공고앞,127.0114159293672458_37.5649391116953026,146.0,17.0,서행,127.0114159293672458_37.5649391116953026|127.0111804215872553_37.5650327842942460|127.0105112526830311_37.5652420552738704|127.0104519446709617_37.5652606030398672|127.0098839022084150_37.5654422003783637
2026-09-04T13:22:12.125893+09:00,동대문 관광특구,동대문 관광특구,POI002,KEY_3,1010011701,퇴계로,1010024401,한양공고앞,127.0114159293672458_37.5649391116953026,1010024504,성동여자실업고교앞,127.0122824244794231_37.5649718786512210,77.0,38.3,원활,127.0122824244794231_37.5649718786512210|127.0116953092412899_37.5649498454663089|127.0116305534288301_37.5649473576079913|127.0114159293672458_37.5649391116953026
2026-09-04T13:22:12.125893+09:00,동대문 관광특구,동대문 관광특구,POI002,KEY_3,1010011703,퇴계로,1010129100,흥인동 162-1,127.0142218597084707_37.5651926228685937,1010025104,신당역,127.0156055414690144_37.5653606672875071,124.0,38.3,원활,127.0156055414690144_37.5653606672875071|127.0148603714920625_37.5652701705125835|127.0142218597084707_37.5651926228685937
2026-09-04T13:22:12.125893+09:00,동대문 관광특구,동대문 관광특구,POI002,KEY_3,1010011704,퇴계로,1010025101,신당역,127.0157472142811628_37.5653765487913560,1010025505,신당역사거리,127.0161301530858964_37.5654176105649569,34.0,34.0,원활,127.0161301530858964_37.5654176105649569|127.0157472142811628_37.5653765487913560
2026-09-04T13:22:12.125893+09:00,동대문 관광특구,동대문 관광특구,POI002,KEY_3,1010011801,퇴계로,1010044500,한양공고앞교차로,127.0116371013748875_37.5648393637238627,1010024402,한양공고앞,127.0114224776999379_37.5648311176682981,19.0,14.0,정체,127.0114224776999379_37.5648311176682981|127.0116371013748875_37.5648393637238627
2026-09-04T13:22:12.125893+09:00,동대문 관광특구,동대문 관광특구,POI002,KEY_3,1010011901,장충단로,1010022104,광희동사거리,127.0071286778296695_37.5642723681278099,1010024100,광희동2가9,127.0072910181171153_37.5647498099421497,55.0,13.0,정체,127.0072910181171153_37.5647498099421497|127.0072564348693760_37.5646568662029168|127.0071286778296695_37.5642723681278099
2026-09-04T13:22:12.125893+09:00,동대문 관광특구,동대문 관광특구,POI002,KEY_3,1010011902,장충단로,1010024100,광희동2가9,127.0072910181171153_37.5647498099421497,1010025603,동대문역사문화공원,127.0075096102102208_37.5653372838946922,68.0,26.0,원활,127.0075096102102208_37.5653372838946922|127.0072910181171153_37.5647498099421497
2026-09-04T13:22:12.125893+09:00,동대문 관광특구,동대문 관광특구,POI002,KEY_3,1010011903,장충단로,1010025604,동대문역사문화공원,127.0075480588206034_37.5654411230059182,1010026800,동대문역사문화공원,127.0076027310937263_37.5655895835695972,17.0,18.0,서행,127.0076027310937263_37.5655895835695972|127.0075480588206034_37.5654411230059182
2026-09-04T13:22:12.125893+09:00,동대문 관광특구,동대문 관광특구,POI002,KEY_3,1010011904,장충단로,1010026800,동대문역사문화공원,127.0076027310937263_37.5655895835695972,1010027503,동대문역사문화공원앞교차로,127.0077423203471056_37.5659686340729024,44.0,13.0,정체,127.0077423203471056_37.5659686340729024|127.0076027310937263_37.5655895835695972
2026-09-04T13:22:12.125893+09:00,동대문 관광특구,동대문 관광특구,POI002,KEY_3,1010012001,장충단로,1010023800,광희동2가9,127.0074212496598989_37.5647191039854818,1010022101,광희동사거리,127.0072731356478073_37.5642842960486263,50.0,12.0,정체,127.0072731356478073_37.5642842960486263|127.0073872334830867_37.5646276838331019|127.0074212496598989_37.5647191039854818
2026-09-04T13:22:12.125893+09:00,동대문 관광특구,동대문 관광특구,POI002,KEY_3,1010012002,장충단로,1010025602,동대문역사문화공원,127.0076398432787244_37.5653065784687641,1010023800,광희동2가9,127.0074212496598989_37.5647191039854818,68.0,21.0,서행,127.0074212496598989_37.5647191039854818|127.0076398432787244_37.5653065784687641
2026-09-04T13:22:12.125893+09:00,동대문 관광특구,동대문 관광특구,POI002,KEY_3,1010012003,장충단로,1010026500,동대문역사문화공원,127.0077330726616651_37.5655591691889441,1010025601,동대문역사문화공원,127.0076784001102084_37.5654107085710436,17.0,6.0,정체,127.0076784001102084_37.5654107085710436|127.0077330726616651_37.5655591691889441
2026-09-04T13:22:12.125893+09:00,동대문 관광특구,동대문 관광특구,POI002,KEY_3,1010012004,장충단로,1010027502,동대문역사문화공원앞교차로,127.0078734506891323_37.5659403597718651,1010026500,동대문역사문화공원,127.0077330726616651_37.5655591691889441,44.0,7.0,정체,127.0077330726616651_37.5655591691889441|127.0078734506891323_37.5659403597718651
2026-09-04T13:22:12.125893+09:00,동대문 관광특구,동대문 관광특구,POI002,KEY_3,1010013104,퇴계로,1010026103,속성변화점,127.0211957674442402_37.5655856117215876,1010026302,신당역(서울2호선),127.0197645442450352_37.5656319651526047,127.0,16.0,서행,127.0197645442450352_37.5656319651526047|127.0205488666692304_37.5656443090833747|127.0206684292129040_37.5656405803761970|127.0207742631976942_37.5656372797099394|127.0210595706817145_37.5656067908117777|127.0210619582555438_37.5656064195453538|127.0211957674442402_37.5655856117215876
2026-09-04T13:22:12.125893+09:00,동대문 관광특구,동대문 관광특구,POI002,KEY_3,1010013201,퇴계로,1010081700,황학동 757,127.0186241650023646_37.5657023223694893,1010026304,신당역(서울2호선),127.0196260547904643_37.5657380666285974,89.0,7.0,정체,127.0196260547904643_37.5657380666285974|127.0191248008310083_37.5657312115641773|127.0188070063581591_37.5657192171997423|127.0186241650023646_37.5657023223694893
2026-09-04T13:22:12.125893+09:00,동대문 관광특구,동대문 관광특구,POI002,KEY_3,1010013205,퇴계로,1010123400,황학동 757,127.0206737469985541_37.5657486168200094,1010026105,신당5동주민센터,127.0210879994097581_37.5657125329307533,37.0,7.5,정체,127.0210879994097581_37.5657125329307533|127.0210816476591305_37.5657135206677495|127.0207859832972161_37.5657451160638232|127.0206737469985541_37.5657486168200094
2026-09-04T13:22:12.125893+09:00,동대문 관광특구,동대문 관광특구,POI002,KEY_3,1010013301,을지로,1010026900,동대문역사문화공원,127.0084142117340065_37.5657933815894935,1010027502,동대문역사문화공원앞교차로,127.0078734506891323_37.5659403597718651,51.0,14.0,정체,127.0078734506891323_37.5659403597718651|127.0080862909446040_37.5658896606162571|127.0084142117340065_37.5657933815894935
2026-09-04T13:22:12.125893+09:00,동대문 관광특구,동대문 관광특구,POI002,KEY_3,1010013302,을지로,1010080900,을지로7가 112-3,127.0088653110683481_37.5656507823329591,1010026900,동대문역사문화공원,127.0084142117340065_37.5657933815894935,43.0,12.0,정체,127.0084142117340065_37.5657933815894935|127.0084667296888910_37.5657779617922074|127.0088653110683481_37.5656507823329591
2026-09-04T13:22:12.125893+09:00,동대문 관광특구,동대문 관광특구,POI002,KEY_3,1010013401,을지로,1010027501,동대문역사문화공원앞교차로,127.0079126423696891_37.5660438810911330,1010025704,동대문역사문화공원역앞교차로,127.0097555715754112_37.5654831945412937,174.0,8.3,정체,127.0097555715754112_37.5654831945412937|127.0096128053100841_37.5655287500039421|127.0089158485056231_37.5657511395251831|127.0085155097829670_37.5658788797530079|127.0084612158882180_37.5658948204746821|127.0081293049191800_37.5659922730020028|127.0079126423696891_37.5660438810911330
2026-09-04T13:22:12.125893+09:00,동대문 관광특구,동대문 관광특구,POI002,KEY_3,1010014502,을지로45길,1010025704,동대문역사문화공원역앞교차로,127.0097555715754112_37.5654831945412937,1010031203,신당동 251-159,127.0125199832589118_37.5670528209413206,317.0,17.0,서행,127.0125199832589118_37.5670528209413206|127.0124748534802706_37.5669451006742108|127.0123969525654672_37.5668174774060688|127.0123025116707964_37.5666983314770420|127.0121971172845576_37.5665907571920030|127.0120637838956981_37.5664864490764074|127.0119132422724846_37.5664083993704807|127.0117389300272777_37.5663307203448511|127.0115558621243821_37.5662698698201609|127.0113306725807121_37.5662120107637136|127.0106272887382772_37.5660711531911673|127.0104211268278505_37.5660237206134866|127.0102552544842212_37.5659567055388024|127.0101066121111302_37.5658730843004420|127.0099898103265588_37.5657739315167234|127.0097555715754112_37.5654831945412937
2026-09-04T13:22:12.125893+09:00,동대문 관광특구,동대문 관광특구,POI002,KEY_3,1010017301,장충단로,1010027504,동대문역사문화공원앞교차로,127.0077815127893501_37.5660723132225556,1010028800,동대문역사문화공원,127.0080565712496110_37.5666288866091591,67.0,6.0,정체,127.0080565712496110_37.5666288866091591|127.0079624699871488_37.5664856769850175|127.0078715207442457_37.5663037548790442|127.0077815127893501_37.5660723132225556
2026-09-04T13:22:12.125893+09:00,동대문 관광특구,동대문 관광특구,POI002,KEY_3,1010014503,을지로45길,1010031204,신당동 251-159,127.0125599243742585_37.5672394044600324,1010031813,운동장평화시장,127.0124984243057042_37.5678383411287697,68.0,17.0,서행,127.0124984243057042_37.5678383411287697|127.0125278070149193_37.5678140109252396|127.0125545329192533_37.5677608060890265|127.0125807604174355_37.5676720254815848|127.0125874088479208_37.5675818531156409|127.0125803643056344_37.5674031656770779|127.0125599243742585_37.5672394044600324
2026-09-04T13:22:12.125893+09:00,동대문 관광특구,동대문 관광특구,POI002,KEY_3,1010014602,을지로45길,1010031202,신당동 251-159,127.0126037267031904_37.5669109428648440,1010025701,동대문역사문화공원역앞교차로,127.0098839022084150_37.5654422003783637,305.0,26.0,원활,127.0098839022084150_37.5654422003783637|127.0100974157430329_37.5657072126138019|127.0101962625768266_37.5657911237929127|127.0103255593623715_37.5658638616798513|127.0104711638876438_37.5659226884021962|127.0106627259196870_37.5659667614976271|127.0113681429240273_37.5661080259160514|127.0116029740556911_37.5661683625948655|127.0117984706255356_37.5662333437737743|127.0119835625390436_37.5663158266306780|127.0121493010753682_37.5664017556969796|127.0122987151525393_37.5665186435508005|127.0124137776696784_37.5666360853386863|127.0125158379894970_37.5667648439987900|127.0126009014704351_37.5669041991938073|127.0126037267031904_37.5669109428648440
2026-09-04T13:22:12.125893+09:00,동대문 관광특구,동대문 관광특구,POI002,KEY_3,1010014603,을지로45길,1010031812,운동장평화시장,127.0126485643679786_37.5678648322467907,1010031201,신당동 199-6,127.0126632942662184_37.5670642770788277,90.0,11.0,정체,127.0126632942662184_37.5670642770788277|127.0126915510936527_37.5672094829220882|127.0127159720722574_37.5673958521818534|127.0127233647992000_37.5675833278878599|127.0127156707868608_37.5676876829484456|127.0126844296511024_37.5677934334783714|127.0126485643679786_37.5678648322467907
2026-09-04T13:22:12.125893+09:00,동대문 관광특구,동대문 관광특구,POI002,KEY_3,1010014903,을지로,1010142800,을지로6가 55-5,127.0048451725819234_37.5665039662244240,1010029302,노보텔앰배서더서울동대문,127.0044950518891795_37.5665669124054631,32.0,17.0,서행,127.0044950518891795_37.5665669124054631|127.0048451725819234_37.5665039662244240
2026-09-04T13:22:12.125893+09:00,동대문 관광특구,동대문 관광특구,POI002,KEY_3,1010014904,을지로,1010027300,동대문역사문화공원,127.0072093223593868_37.5660721727252351,1010028502,을지로6가 23-30,127.0068099877482979_37.5661497447646155,36.0,15.0,서행,127.0068099877482979_37.5661497447646155|127.0072093223593868_37.5660721727252351
2026-09-04T13:22:12.125893+09:00,동대문 관광특구,동대문 관광특구,POI002,KEY_3,1010014905,을지로,1010027503,동대문역사문화공원앞교차로,127.0077423203471056_37.5659686340729024,1010027300,동대문역사문화공원,127.0072093223593868_37.5660721727252351,48.0,14.0,정체,127.0072093223593868_37.5660721727252351|127.0077423203471056_37.5659686340729024
2026-09-04T13:22:12.125893+09:00,동대문 관광특구,동대문 관광특구,POI002,KEY_3,1010015003,을지로,1010148600,을지로6가 55-5,127.0059756238963331_37.5664115645017986,1010028504,을지로6가 23-30,127.0067077144106662_37.5662799350011980,66.0,22.0,서행,127.0067077144106662_37.5662799350011980|127.0059756238963331_37.5664115645017986
2026-09-04T13:22:12.125893+09:00,동대문 관광특구,동대문 관광특구,POI002,KEY_3,1010015004,을지로,1010028501,을지로6가 23-30,127.0068399544692994_37.5662552159040573,1010028100,동대문역사문화공원,127.0072415247333453_37.5661772097702809,37.0,22.0,서행,127.0072415247333453_37.5661772097702809|127.0068399544692994_37.5662552159040573
2026-09-04T13:22:12.125893+09:00,동대문 관광특구,동대문 관광특구,POI002,KEY_3,1010015005,을지로,1010028100,동대문역사문화공원,127.0072415247333453_37.5661772097702809,1010027504,동대문역사문화공원앞교차로,127.0077815127893501_37.5660723132225556,49.0,28.0,원활,127.0077815127893501_37.5660723132225556|127.0072415247333453_37.5661772097702809
2026-09-04T13:22:12.125893+09:00,동대문 관광특구,동대문 관광특구,POI002,KEY_3,1010015903,다산로,1010030609,광희초교,127.0160617314247702_37.5668749100625661,1010032003,흥인사거리,127.0159430605048101_37.5679606692483219,121.0,4.0,정체,127.0159430605048101_37.5679606692483219|127.0159743421306047_37.5676112312418340|127.0160255927031301_37.5672344083472609|127.0160402251580791_37.5671268232184943|127.0160549534698760_37.5670185344442942|127.0160617314247702_37.5668749100625661
2026-09-04T13:22:12.125893+09:00,동대문 관광특구,동대문 관광특구,POI002,KEY_3,1010015905,다산로,1010025505,신당역사거리,127.0161301530858964_37.5654176105649569,1010030608,광희초교,127.0160674105021883_37.5667646741866150,150.0,4.0,정체,127.0160674105021883_37.5667646741866150|127.0160810448809769_37.5665140691110153|127.0160869222810902_37.5664060394060755|127.0161264200022373_37.5656800402324649|127.0161301530858964_37.5654176105649569
2026-09-04T13:22:12.125893+09:00,동대문 관광특구,동대문 관광특구,POI002,KEY_3,1010016004,다산로,1010032002,흥인사거리,127.0160789424705570_37.5679639438026456,1010030602,흥인사거리,127.0161606333554687_37.5672460453498260,80.0,10.0,정체,127.0161606333554687_37.5672460453498260|127.0161096513763539_37.5676208949564980|127.0160789424705570_37.5679639438026456
2026-09-04T13:22:12.125893+09:00,동대문 관광특구,동대문 관광특구,POI002,KEY_3,1010016005,다산로,1010025507,신당역(서울6호선),127.0162226232657048_37.5664107172522961,1010025502,신당역사거리,127.0162657689687649_37.5654329995531739,109.0,13.0,정체,127.0162657689687649_37.5654329995531739|127.0162622132909576_37.5656829912889449|127.0162226232657048_37.5664107172522961
2026-09-04T13:22:12.125893+09:00,동대문 관광특구,동대문 관광특구,POI002,KEY_3,1010016006,다산로,1010030603,흥인사거리,127.0161752657197951_37.5671384605402565,1010025506,신당역(서울6호선),127.0162167460837139_37.5665187469929265,69.0,6.0,정체,127.0162167460837139_37.5665187469929265|127.0162031121587347_37.5667693520839094|127.0161974648976724_37.5668789685628042|127.0161905080191644_37.5670263924383008|127.0161752657197951_37.5671384605402565
2026-09-04T13:22:12.125893+09:00,동대문 관광특구,동대문 관광특구,POI002,KEY_3,1010017302,장충단로,1010143800,을지로6가 18-11,127.0082819372846643_37.5669476563761933,1010031703,을지로6가 18-11,127.0088451603658086_37.5677293203079117,100.0,10.0,정체,127.0088451603658086_37.5677293203079117|127.0082819372846643_37.5669476563761933
2026-09-04T13:22:12.125893+09:00,동대문 관광특구,동대문 관광특구,POI002,KEY_3,1010017303,장충단로,1010151400,을지로6가 18-11,127.0092239635291378_37.5682916548078154,1010033603,흥인시장,127.0095744381944343_37.5688379054322823,68.0,17.0,서행,127.0095744381944343_37.5688379054322823|127.0095441539168775_37.5687836818919578|127.0094685009096480_37.5686576314897209|127.0092239635291378_37.5682916548078154
2026-09-04T13:22:12.125893+09:00,동대문 관광특구,동대문 관광특구,POI002,KEY_3,1010017304,장충단로,1010033604,흥인시장,127.0096221501300420_37.5689990735866033,1010034702,청계6가사거리,127.0096736759349909_37.5696339498216076,71.0,14.0,정체,127.0096736759349909_37.5696339498216076|127.0096864325971779_37.5694310293012208|127.0096700878060432_37.5692510036280254|127.0096371243204487_37.5690562417204532|127.0096221501300420_37.5689990735866033
2026-09-04T13:22:12.125893+09:00,동대문 관광특구,동대문 관광특구,POI002,KEY_3,1010017401,장충단로,1010031702,을지로6가 18-198,127.0089629856017694_37.5676755281945915,1010027501,동대문역사문화공원앞교차로,127.0079126423696891_37.5660438810911330,204.0,29.0,원활,127.0079126423696891_37.5660438810911330|127.0079996952631092_37.5662677235432056|127.0080860788338697_37.5664405124682617|127.0081769300446410_37.5665787757523901|127.0082204295207475_37.5666449752098757|127.0083997623679863_37.5668938645087991|127.0089629856017694_37.5676755281945915
2026-09-04T13:22:12.125893+09:00,동대문 관광특구,동대문 관광특구,POI002,KEY_3,1010017402,장충단로,1010033602,흥인시장,127.0096784540469628_37.5687579872561841,1010031701,을지로6가 18-11,127.0090328345347217_37.5677753546081874,123.0,17.0,서행,127.0090328345347217_37.5677753546081874|127.0093438877200214_37.5682408851308693|127.0095898005743607_37.5686089201824345|127.0096675199618375_37.5687384094390211|127.0096784540469628_37.5687579872561841
2026-09-04T13:22:12.125893+09:00,동대문 관광특구,동대문 관광특구,POI002,KEY_3,1010017405,장충단로,1010034701,청계6가사거리,127.0098099727011487_37.5696292980751281,1010033601,흥인시장,127.0097254442646317_37.5688636970958783,86.0,7.0,정체,127.0097254442646317_37.5688636970958783|127.0097710903643389_37.5690379675287076|127.0098052651739948_37.5692398786983972|127.0098225114876840_37.5694298296446618|127.0098099727011487_37.5696292980751281
2026-09-04T13:22:12.125893+09:00,동대문 관광특구,동대문 관광특구,POI002,KEY_3,1010017406,율곡로,1010035101,청계6가사거리,127.0097583244985060_37.5699427587399839,1010034701,청계6가사거리,127.0098099727011487_37.5696292980751281,35.0,29.0,원활,127.0098099727011487_37.5696292980751281|127.0097583244985060_37.5699427587399839
2026-09-04T13:22:12.125893+09:00,동대문 관광특구,동대문 관광특구,POI002,KEY_3,1010017900,마장로,1010031811,운동장평화시장,127.0125602184103286_37.5679573189645097,1010032004,흥인사거리,127.0159347353495747_37.5680686203623893,300.0,21.8,서행,127.0159347353495747_37.5680686203623893|127.0156884666647272_37.5680616007632224|127.0144660810207995_37.5680903184376831|127.0138825710250785_37.5680999453562308|127.0137456855287041_37.5680989709988395|127.0136150764297582_37.5680980411691650|127.0132103478226497_37.5680672217406553|127.0129104055784666_37.5680323170113368|127.0127590991973818_37.5680014116303767|127.0127288182885081_37.5679952265176880|127.0125602184103286_37.5679573189645097
2026-09-04T13:22:12.125893+09:00,동대문 관광특구,동대문 관광특구,POI002,KEY_3,1010018000,마장로,1010140800,신당동 208-5,127.0127928615110591_37.5678966848153522,1010031812,운동장평화시장,127.0126485643679786_37.5678648322467907,13.0,13.0,정체,127.0126485643679786_37.5678648322467907|127.0127641662878943_37.5678908234252873|127.0127928615110591_37.5678966848153522
2026-09-04T13:22:12.125893+09:00,동대문 관광특구,동대문 관광특구,POI002,KEY_3,1010018501,마장로,1010148000,황학동 160,127.0178811388246203_37.5681858311381092,1010032002,흥인사거리,127.0160789424705570_37.5679639438026456,161.0,9.0,정체,127.0160789424705570_37.5679639438026456|127.0163154668655494_37.5679686852888892|127.0165901118881067_37.5679879931942224|127.0168817457523289_37.5680208363940551|127.0176785581743104_37.5681563529552491|127.0178811388246203_37.5681858311381092
2026-09-04T13:22:12.125893+09:00,동대문 관광특구,동대문 관광특구,POI002,KEY_3,1010018701,마장로,1010152800,신당동 204-97,127.0117072992637475_37.5679805134442333,1010031814,운동장평화시장,127.0124154726912309_37.5679435535466197,63.0,21.5,서행,127.0124154726912309_37.5679435535466197|127.0122590074739151_37.5679378566801887|127.0120605595701875_37.5679355192139823|127.0119126210582579_37.5679377984365175|127.0117849221734048_37.5679599090739913|127.0117072992637475_37.5679805134442333
2026-09-04T13:22:12.125893+09:00,동대문 관광특구,동대문 관광특구,POI002,KEY_3,1010018702,마장로,1010033601,흥인시장,127.0097254442646317_37.5688636970958783,1010031806,신당동 220-37,127.0108933564805653_37.5683374957941965,119.0,4.0,정체,127.0108933564805653_37.5683374957941965|127.0103128324394817_37.5685983229940632|127.0098862405464928_37.5687745410715479|127.0097254442646317_37.5688636970958783
2026-09-04T13:22:12.125893+09:00,동대문 관광특구,동대문 관광특구,POI002,KEY_3,1010018801,마장로,1010031805,신당동 222-3,127.0108265877144618_37.5682433405487259,1010033602,흥인시장,127.0096784540469628_37.5687579872561841,117.0,6.0,정체,127.0096784540469628_37.5687579872561841|127.0098158423830341_37.5686818101705882|127.0102481441824267_37.5685032330426054|127.0108265877144618_37.5682433405487259
2026-09-04T13:22:12.125893+09:00,동대문 관광특구,동대문 관광특구,POI002,KEY_3,1010045600,을지로39길,1010139800,을지로6가 18-11,127.0066730552178456_37.5681872995602077,1010032404,라뜰리에,127.0071655544813609_37.5681138478869201,44.0,15.0,서행,127.0071655544813609_37.5681138478869201|127.0066730552178456_37.5681872995602077
2026-09-04T13:22:12.125893+09:00,동대문 관광특구,동대문 관광특구,POI002,KEY_3,1010018802,마장로,1010031813,운동장평화시장,127.0124984243057042_37.5678383411287697,1010031804,신당동 204-25,127.0109614857434366_37.5681827306582221,145.0,11.0,정체,127.0109614857434366_37.5681827306582221|127.0116044562520585_37.5678938389136974|127.0116643298441801_37.5678779462685810|127.0117488970436739_37.5678554989719800|127.0118967207613707_37.5678299039982804|127.0120602489677566_37.5678273844402426|127.0122631167441938_37.5678297737057392|127.0124984243057042_37.5678383411287697
2026-09-04T13:22:12.125893+09:00,동대문 관광특구,동대문 관광특구,POI002,KEY_3,1010018901,마장로1길,1010152100,신당동 213-11,127.0121553033908839_37.5690336687148729,1010005302,신평화시장,127.0121349816149205_37.5696419493387239,68.0,14.0,정체,127.0121349816149205_37.5696419493387239|127.0121421248701665_37.5691843025149339|127.0121553033908839_37.5690336687148729
2026-09-04T13:22:12.125893+09:00,동대문 관광특구,동대문 관광특구,POI002,KEY_3,1010018902,마장로1길,1010031814,운동장평화시장,127.0124154726912309_37.5679435535466197,1010031809,신당동222-8,127.0122750629742399_37.5683759183048167,50.0,5.0,정체,127.0122750629742399_37.5683759183048167|127.0123180657187021_37.5681383238811932|127.0123497877902849_37.5680414779446536|127.0124154726912309_37.5679435535466197
2026-09-04T13:22:12.125893+09:00,동대문 관광특구,동대문 관광특구,POI002,KEY_3,1010019001,마장로1길,1010031808,신당동222-8,127.0124095059075984_37.5683913354501371,1010031811,운동장평화시장,127.0125602184103286_37.5679573189645097,51.0,21.0,서행,127.0125602184103286_37.5679573189645097|127.0124771732185138_37.5680811245796917|127.0124514225665706_37.5681597391732680|127.0124095059075984_37.5683913354501371
2026-09-04T13:22:12.125893+09:00,동대문 관광특구,동대문 관광특구,POI002,KEY_3,1010019002,마장로1길,1010005301,신평화시장,127.0122708151406528_37.5696426709985616,1010031807,신당동222-8,127.0123898303853878_37.5685000458484097,127.0,13.0,정체,127.0123898303853878_37.5685000458484097|127.0123418218841209_37.5687652999462713|127.0122919230176990_37.5690284264960468|127.0122908073151677_37.5690411795721175|127.0122778985721510_37.5691887330836352|127.0122708151406528_37.5696426709985616
2026-09-04T13:22:12.125893+09:00,동대문 관광특구,동대문 관광특구,POI002,KEY_3,1010019101,다산로,1010141200,흥인동 162-1,127.0158502651201076_37.5693611781333274,1010034802,청계7가사거리,127.0158306639446124_37.5696611075855529,33.0,14.0,정체,127.0158306639446124_37.5696611075855529|127.0158502651201076_37.5693611781333274
2026-09-04T13:22:12.125893+09:00,동대문 관광특구,동대문 관광특구,POI002,KEY_3,1010019102,지봉로,1010034802,청계7가사거리,127.0158306639446124_37.5696611075855529,1010035202,청계7가사거리,127.0158040936899226_37.5700110354399825,39.0,11.0,정체,127.0158040936899226_37.5700110354399825|127.0158306639446124_37.5696611075855529
2026-09-04T13:22:12.125893+09:00,동대문 관광특구,동대문 관광특구,POI002,KEY_3,1010019201,다산로,1010034801,청계7가사거리,127.0159658392398683_37.5696730413387101,1010032001,흥인사거리,127.0160705316801852_37.5680719294102587,178.0,11.0,정체,127.0160705316801852_37.5680719294102587|127.0159858642378339_37.5693667947247576|127.0159658392398683_37.5696730413387101
2026-09-04T13:22:12.125893+09:00,동대문 관광특구,동대문 관광특구,POI002,KEY_3,1010019202,지봉로,1010035201,청계7가사거리,127.0159391928957717_37.5700239796054660,1010034801,청계7가사거리,127.0159658392398683_37.5696730413387101,39.0,21.0,서행,127.0159658392398683_37.5696730413387101|127.0159391928957717_37.5700239796054660
2026-09-04T13:22:12.125893+09:00,동대문 관광특구,동대문 관광특구,POI002,KEY_3,1010019600,청계천로,1010034802,청계7가사거리,127.0158306639446124_37.5696611075855529,1010005301,신평화시장,127.0122708151406528_37.5696426709985616,314.0,16.0,서행,127.0122708151406528_37.5696426709985616|127.0158306639446124_37.5696611075855529
2026-09-04T13:22:12.125893+09:00,동대문 관광특구,동대문 관광특구,POI002,KEY_3,1010019801,청계천로,1010035302,영도교,127.0190376795105180_37.5709005304627368,1010034801,청계7가사거리,127.0159658392398683_37.5696730413387101,306.0,21.3,서행,127.0159658392398683_37.5696730413387101|127.0162447649568236_37.5697211440676426|127.0165233090075390_37.5697807026559474|127.0168138383008198_37.5698640974172520|127.0171942285477513_37.5699927732501777|127.0175147209545514_37.5701286070555724|127.0180299167504216_37.5703764545912975|127.0190376795105180_37.5709005304627368
2026-09-04T13:22:12.125893+09:00,동대문 관광특구,동대문 관광특구,POI002,KEY_3,1010037500,퇴계로,1010022000,광희동1가202-5,127.0064842473273927_37.5641466003637774,1010022800,동대문역사문화공원역(서울5호선),127.0065706763448077_37.5644406429326594,48.0,17.0,서행,127.0065706763448077_37.5644406429326594|127.0066811536361087_37.5643775516764293|127.0066907310278452_37.5643088952173088|127.0066691623191701_37.5642345191936187|127.0066041857510015_37.5641759869182650|127.0064842473273927_37.5641466003637774
2026-09-04T13:22:12.125893+09:00,동대문 관광특구,동대문 관광특구,POI002,KEY_3,1010038000,장충단로,1010023800,광희동2가9,127.0074212496598989_37.5647191039854818,1010022600,동대문역사문화공원역(서울4호선),127.0077454141687099_37.5643181758701132,63.0,17.0,서행,127.0077454141687099_37.5643181758701132|127.0075819683701184_37.5643336340610148|127.0075100991725066_37.5643889445091830|127.0074478177686927_37.5644766757582289|127.0073975133061595_37.5645491496537787|127.0074212496598989_37.5647191039854818
2026-09-04T13:22:12.125893+09:00,동대문 관광특구,동대문 관광특구,POI002,KEY_3,1010038700,마른내로,1010023000,광희동1가169-1,127.0066022342274863_37.5645458036535800,1010024100,광희동2가9,127.0072910181171153_37.5647498099421497,71.0,12.0,정체,127.0072910181171153_37.5647498099421497|127.0070884576186359_37.5645796826538856|127.0069375173959259_37.5645243848659760|127.0068231515665786_37.5645069004905352|127.0066022342274863_37.5645458036535800
2026-09-04T13:22:12.125893+09:00,동대문 관광특구,동대문 관광특구,POI002,KEY_3,1010039200,퇴계로,1010024300,한양공고앞,127.0104773475085409_37.5647757639333406,1010025400,한양공고앞,127.0104615863536850_37.5651414229202487,51.0,12.0,정체,127.0104615863536850_37.5651414229202487|127.0105600471430023_37.5650748710828495|127.0105997131547184_37.5650060557475030|127.0106034436050777_37.5649166603729512|127.0105734829310649_37.5648213070281614|127.0104773475085409_37.5647757639333406
2026-09-04T13:22:12.125893+09:00,동대문 관광특구,동대문 관광특구,POI002,KEY_3,1010040100,장충단로,1010092000,광희동1가 181-1,127.0065666581878219_37.5657901895796726,1010028503,을지로6가 23-30,127.0066777601740426_37.5661744771858537,44.0,10.0,정체,127.0066777601740426_37.5661744771858537|127.0065666581878219_37.5657901895796726
2026-09-04T13:22:12.125893+09:00,동대문 관광특구,동대문 관광특구,POI002,KEY_3,1010040200,장충단로,1010028502,을지로6가 23-30,127.0068099877482979_37.5661497447646155,1010025604,동대문역사문화공원,127.0075480588206034_37.5654411230059182,142.0,9.0,정체,127.0075480588206034_37.5654411230059182|127.0066546962787299_37.5656126126095131|127.0066990252346812_37.5657659412754299|127.0068099877482979_37.5661497447646155
2026-09-04T13:22:12.125893+09:00,동대문 관광특구,동대문 관광특구,POI002,KEY_3,1010040800,을지로,1010026900,동대문역사문화공원,127.0084142117340065_37.5657933815894935,1010026500,동대문역사문화공원,127.0077330726616651_37.5655591691889441,68.0,17.0,서행,127.0077330726616651_37.5655591691889441|127.0079381871399988_37.5656946131292102|127.0081740368883487_37.5657810133705610|127.0084142117340065_37.5657933815894935
2026-09-04T13:22:12.125893+09:00,동대문 관광특구,동대문 관광특구,POI002,KEY_3,1010041000,장충단로,1010026800,동대문역사문화공원,127.0076027310937263_37.5655895835695972,1010027300,동대문역사문화공원,127.0072093223593868_37.5660721727252351,68.0,13.0,정체,127.0072093223593868_37.5660721727252351|127.0074103827092529_37.5659777349919963|127.0075077022791419_37.5658704535518240|127.0075937893706595_37.5657363546045602|127.0076027310937263_37.5655895835695972
2026-09-04T13:22:12.125893+09:00,동대문 관광특구,동대문 관광특구,POI002,KEY_3,1010041400,퇴계로71길,1010146500,신당동 251-113,127.0128353641023153_37.5665709505979564,1010024501,성동여자실업고교앞,127.0124180083525971_37.5649793334128219,204.0,14.0,정체,127.0124180083525971_37.5649793334128219|127.0124114001971662_37.5650299826422014|127.0124068834825550_37.5661119920256468|127.0124128800912473_37.5661177857006550|127.0128352490476402_37.5662369720408265|127.0128757748486237_37.5663122143075370|127.0128353641023153_37.5665709505979564
2026-09-04T13:22:12.125893+09:00,동대문 관광특구,동대문 관광특구,POI002,KEY_3,1010041500,퇴계로71길,1010024504,성동여자실업고교앞,127.0122824244794231_37.5649718786512210,1010031202,신당동 251-159,127.0126037267031904_37.5669109428648440,244.0,13.0,정체,127.0126037267031904_37.5669109428648440|127.0126412307703134_37.5668474033094597|127.0126698024754859_37.5667546274016004|127.0127005738834924_37.5665576114049742|127.0127364488098749_37.5663279184632444|127.0127338355630116_37.5663230668818073|127.0123319930443841_37.5662096732445008|127.0122708949118078_37.5661506328379602|127.0122755975942681_37.5650242043360834|127.0122824244794231_37.5649718786512210
2026-09-04T13:22:12.125893+09:00,동대문 관광특구,동대문 관광특구,POI002,KEY_3,1010041600,퇴계로75길,1010030608,광희초교,127.0160674105021883_37.5667646741866150,1010025101,신당역,127.0157472142811628_37.5653765487913560,171.0,16.0,서행,127.0157472142811628_37.5653765487913560|127.0157807694131407_37.5655235857224596|127.0157959514498032_37.5662042009814456|127.0158068552079413_37.5666930119781171|127.0158387126609796_37.5667198528817465|127.0160674105021883_37.5667646741866150
2026-09-04T13:22:12.125893+09:00,동대문 관광특구,동대문 관광특구,POI002,KEY_3,1010041700,퇴계로75길,1010143700,흥인동 117-5,127.0156601453222152_37.5662061203708575,1010030609,광희초교,127.0160617314247702_37.5668749100625661,98.0,8.0,정체,127.0160617314247702_37.5668749100625661|127.0157674288877132_37.5668172312489048|127.0156719822129077_37.5667368138553144|127.0156601453222152_37.5662061203708575
2026-09-04T13:22:12.125893+09:00,동대문 관광특구,동대문 관광특구,POI002,KEY_3,1010041800,을지로,1010028100,동대문역사문화공원,127.0072415247333453_37.5661772097702809,1010028800,동대문역사문화공원,127.0080565712496110_37.5666288866091591,89.0,17.0,서행,127.0080565712496110_37.5666288866091591|127.0077173922156106_37.5663889362043406|127.0073916863854606_37.5661982459288595|127.0072415247333453_37.5661772097702809
2026-09-04T13:22:12.125893+09:00,동대문 관광특구,동대문 관광특구,POI002,KEY_3,1010043800,을지로43길,1010149300,을지로6가 18-222,127.0073782111932843_37.5673699384108701,1010028501,을지로6가 23-30,127.0068399544692994_37.5662552159040573,137.0,17.0,서행,127.0068399544692994_37.5662552159040573|127.0069949714038273_37.5668109051300121|127.0070602814434295_37.5670450194884324|127.0071638649251753_37.5670828028170760|127.0073782111932843_37.5673699384108701
2026-09-04T13:22:12.125893+09:00,동대문 관광특구,동대문 관광특구,POI002,KEY_3,1010044900,장충단로13길,1010031901,현대시티아울렛(동대문점),127.0078041379920819_37.5680116507579029,1010031704,을지로6가 18-11,127.0089129103870960_37.5678261241420017,100.0,16.0,서행,127.0089129103870960_37.5678261241420017|127.0087521862193825_37.5678639356992790|127.0078041379920819_37.5680116507579029
2026-09-04T13:22:12.125893+09:00,동대문 관광특구,동대문 관광특구,POI002,KEY_3,1010045400,장충단로13길,1010032401,라뜰리에,127.0073032393134156_37.5680926349257334,1010031904,현대시티아울렛(동대문점),127.0076640479500298_37.5680340824541119,33.0,12.5,정체,127.0076640479500298_37.5680340824541119|127.0073032393134156_37.5680926349257334
2026-09-04T13:22:12.125893+09:00,동대문 관광특구,동대문 관광특구,POI002,KEY_3,1010045500,을지로39길,1010153200,을지로6가 18-11,127.0048090270473011_37.5670973204548702,1010029301,노보텔앰배서더서울동대문,127.0045543539209376_37.5666670938253304,53.0,19.5,서행,127.0045543539209376_37.5666670938253304|127.0048090270473011_37.5670973204548702
2026-09-04T13:22:12.125893+09:00,동대문 관광특구,동대문 관광특구,POI002,KEY_3,1010046100,장충단로.장충단로13길,1010149900,을지로6가 18-12,127.0085250946082596_37.5692538356941554,1010032401,라뜰리에,127.0073032393134156_37.5680926349257334,236.0,11.5,정체,127.0073032393134156_37.5680926349257334|127.0072300360729116_37.5690589517777553|127.0072386991814142_37.5691914930984012|127.0072413992780440_37.5691957915825583|127.0072563754432053_37.5692017507484977|127.0085250946082596_37.5692538356941554
2026-09-04T13:22:12.125893+09:00,동대문 관광특구,동대문 관광특구,POI002,KEY_3,1010046200,장충단로,1010149800,을지로6가 17-468,127.0085180990572127_37.5693618116457060,1010033604,흥인시장,127.0096221501300420_37.5689990735866033,120.0,5.0,정체,127.0096221501300420_37.5689990735866033|127.0095287010951211_37.5691419252875107|127.0093799513192749_37.5693199901350354|127.0092838051250510_37.5693743124476072|127.0091918387787189_37.5693894653783715|127.0085180990572127_37.5693618116457060
2026-09-04T13:22:12.125893+09:00,동대문 관광특구,동대문 관광특구,POI002,KEY_3,1010049900,다산로48길,1010030602,흥인사거리,127.0161606333554687_37.5672460453498260,1010037002,흥인동165,127.0168791560236201_37.5672839465636130,64.0,2.0,정체,127.0168791560236201_37.5672839465636130|127.0161606333554687_37.5672460453498260
2026-09-04T13:22:12.125893+09:00,동대문 관광특구,동대문 관광특구,POI002,KEY_3,1010050000,다산로48길,1010037001,흥인동165,127.0168881371641589_37.5671760636422079,1010030603,흥인사거리,127.0161752657197951_37.5671384605402565,63.0,10.0,정체,127.0161752657197951_37.5671384605402565|127.0168881371641589_37.5671760636422079
2026-09-04T13:22:12.125893+09:00,명동 관광특구,명동 관광특구,POI003,KEY_4,1000000601,종로,1000007800,종로1가,126.9837094850009294_37.5701682846705296,1000008702,종로1가사거리,126.9830343185050481_37.5701720336345346,60.0,5.0,정체,126.9830343185050481_37.5701720336345346|126.9837094850009294_37.5701682846705296
2026-09-04T13:22:12.125893+09:00,명동 관광특구,명동 관광특구,POI003,KEY_4,1000000303,종로,1000008703,종로1가사거리,126.9828971865418197_37.5701731264087542,1000007700,종로1가,126.9822109960776402_37.5701758601934444,61.0,12.0,정체,126.9822109960776402_37.5701758601934444|126.9824008620181672_37.5701779915733454|126.9828971865418197_37.5701731264087542
2026-09-04T13:22:12.125893+09:00,명동 관광특구,명동 관광특구,POI003,KEY_4,1000000403,종로,1000009500,종로1가,126.9822090811274506_37.5702839694386270,1000008704,종로1가사거리,126.9829124807839946_37.5702811035568871,62.0,17.0,서행,126.9829124807839946_37.5702811035568871|126.9824007403594095_37.5702861200097971|126.9822090811274506_37.5702839694386270
2026-09-04T13:22:12.125893+09:00,명동 관광특구,명동 관광특구,POI003,KEY_4,1000000501,종로,1000008701,종로1가사거리,126.9830485481293891_37.5702800768006568,1000009600,종로1가,126.9837104338048164_37.5702764015435093,58.0,7.0,정체,126.9837104338048164_37.5702764015435093|126.9830485481293891_37.5702800768006568
2026-09-04T13:22:12.125893+09:00,명동 관광특구,명동 관광특구,POI003,KEY_4,1000000502,종로,1000231500,종로2가 1-2,126.9840871569151233_37.5702743076942411,1000009104,종각지하쇼핑센터,126.9856860459643428_37.5702623526753499,141.0,12.0,정체,126.9856860459643428_37.5702623526753499|126.9846512311403757_37.5702711702886205|126.9844496207387294_37.5702722919640593|126.9840871569151233_37.5702743076942411
2026-09-04T13:22:12.125893+09:00,명동 관광특구,명동 관광특구,POI003,KEY_4,1000000602,종로,1000231400,종로2가 1-2,126.9840862081807984_37.5701661909693030,1000007800,종로1가,126.9837094850009294_37.5701682846705296,33.0,4.0,정체,126.9837094850009294_37.5701682846705296|126.9840862081807984_37.5701661909693030
2026-09-04T13:22:12.125893+09:00,명동 관광특구,명동 관광특구,POI003,KEY_4,1000001301,종로,1000009001,세종대로사거리,126.9771187019505163_37.5702314111293560,1000009700,종로1가1-3,126.9777559525715844_37.5702421551131351,56.0,7.0,정체,126.9777559525715844_37.5702421551131351|126.9771187019505163_37.5702314111293560
2026-09-04T13:22:12.125893+09:00,명동 관광특구,명동 관광특구,POI003,KEY_4,1000001401,종로,1000008000,동아일보사,126.9777588281918099_37.5701340596360964,1000009002,세종대로사거리,126.9770959172438580_37.5701228829325231,59.0,24.0,서행,126.9770959172438580_37.5701228829325231|126.9777588281918099_37.5701340596360964
2026-09-04T13:22:12.125893+09:00,명동 관광특구,명동 관광특구,POI003,KEY_4,1000002901,청계천로,1010032502,삼일교,126.9858176809112962_37.5681887506945316,1010033401,광교교차로,126.9828323504512895_37.5687142869809634,270.0,19.0,서행,126.9828323504512895_37.5687142869809634|126.9831003219411656_37.5686737853844051|126.9852687140431868_37.5682945602868230|126.9858176809112962_37.5681887506945316
2026-09-04T13:22:12.125893+09:00,명동 관광특구,명동 관광특구,POI003,KEY_4,1000002902,청계천로,1010032102,청계2가교차로,126.9875991297301567_37.5679809831949356,1010032501,삼일교,126.9859639352789031_37.5681586090325510,147.0,11.0,정체,126.9859639352789031_37.5681586090325510|126.9863253538070325_37.5680791845531417|126.9865577650626705_37.5680353471692356|126.9867829856370349_37.5680067659841299|126.9869962249077844_37.5679896256958159|126.9871974815225713_37.5679858337771080|126.9875991297301567_37.5679809831949356
2026-09-04T13:22:12.125893+09:00,명동 관광특구,명동 관광특구,POI003,KEY_4,1000003001,청계천로,1010033701,광교사거리,126.9828472617604831_37.5690310653232729,1000006702,동광빌딩,126.9856496555834724_37.5685348675876654,254.0,6.0,정체,126.9856496555834724_37.5685348675876654|126.9845929724430675_37.5687445528897968|126.9830379501262456_37.5690132418433791|126.9828472617604831_37.5690310653232729
2026-09-04T13:22:12.125893+09:00,명동 관광특구,명동 관광특구,POI003,KEY_4,1000003301,청계천로,1010033802,호주관광청,126.9797619415674745_37.5689431360811881,1010034101,무교동사거리,126.9793610650683036_37.5689718470786644,36.0,12.0,정체,126.9793610650683036_37.5689718470786644|126.9797619415674745_37.5689431360811881
2026-09-04T13:22:12.125893+09:00,명동 관광특구,명동 관광특구,POI003,KEY_4,1000003302,청계천로,1010033402,광교교차로,126.9826972926992426_37.5687326607183465,1010033801,호주관광청,126.9798972652306475_37.5689336143038304,248.0,9.0,정체,126.9798972652306475_37.5689336143038304|126.9825540318489203_37.5687499905156059|126.9826972926992426_37.5687326607183465
2026-09-04T13:22:12.125893+09:00,명동 관광특구,명동 관광특구,POI003,KEY_4,1000003400,청계천로,1010034301,무교동사거리,126.9793440155466442_37.5692674718774171,1010033702,광교사거리,126.9827120922386285_37.5690419071249693,299.0,20.0,서행,126.9827120922386285_37.5690419071249693|126.9793440155466442_37.5692674718774171
2026-09-04T13:22:12.125893+09:00,명동 관광특구,명동 관광특구,POI003,KEY_4,1000003700,청계천로,1010034102,무교동사거리,126.9792256224440905_37.5689816845044717,1000002000,청계광장,126.9771060680401717_37.5690311929919076,188.0,9.0,정체,126.9771060680401717_37.5690311929919076|126.9774434053876035_37.5690828687536680|126.9775440319711919_37.5690924240737019|126.9777213322496863_37.5690924576651568|126.9792256224440905_37.5689816845044717
2026-09-04T13:22:12.125893+09:00,명동 관광특구,명동 관광특구,POI003,KEY_4,1000003801,청계천로,1000031000,청계광장,126.9770921904126482_37.5694157550093379,1000007002,동아일보사,126.9783460265061024_37.5693222473721278,111.0,9.0,정체,126.9783460265061024_37.5693222473721278|126.9773834142662849_37.5693879956262435|126.9770921904126482_37.5694157550093379
2026-09-04T13:22:12.125893+09:00,명동 관광특구,명동 관광특구,POI003,KEY_4,1000004701,우정국로,1010033702,광교사거리,126.9827120922386285_37.5690419071249693,1000007200,종로1가,126.9827935302844111_37.5696197701673924,65.0,13.0,정체,126.9827935302844111_37.5696197701673924|126.9827458886658889_37.5693654356143227|126.9827120922386285_37.5690419071249693
2026-09-04T13:22:12.125893+09:00,명동 관광특구,명동 관광특구,POI003,KEY_4,1000004702,우정국로,1000007200,종로1가,126.9827935302844111_37.5696197701673924,1000008703,종로1가사거리,126.9828971865418197_37.5701731264087542,62.0,13.0,정체,126.9828971865418197_37.5701731264087542|126.9827935302844111_37.5696197701673924
2026-09-04T13:22:12.125893+09:00,명동 관광특구,명동 관광특구,POI003,KEY_4,1000004801,우정국로,1000007100,종로1가,126.9829278791696936_37.5696038258341787,1010033701,광교사거리,126.9828472617604831_37.5690310653232729,64.0,23.0,서행,126.9828472617604831_37.5690310653232729|126.9828808883077329_37.5693529710736058|126.9829278791696936_37.5696038258341787
2026-09-04T13:22:12.125893+09:00,명동 관광특구,명동 관광특구,POI003,KEY_4,1000004802,우정국로,1000008702,종로1가사거리,126.9830343185050481_37.5701720336345346,1000007100,종로1가,126.9829278791696936_37.5696038258341787,64.0,13.0,정체,126.9829278791696936_37.5696038258341787|126.9830343185050481_37.5701720336345346
2026-09-04T13:22:12.125893+09:00,명동 관광특구,명동 관광특구,POI003,KEY_4,1000005202,세종대로,1000009002,세종대로사거리,126.9770959172438580_37.5701228829325231,1000007400,청계천광장,126.9770893091757529_37.5695834801641908,60.0,4.0,정체,126.9770893091757529_37.5695834801641908|126.9770891110814688_37.5697756552470636|126.9770959172438580_37.5701228829325231
2026-09-04T13:22:12.125893+09:00,명동 관광특구,명동 관광특구,POI003,KEY_4,1000005203,세종대로,1000031000,청계광장,126.9770921904126482_37.5694157550093379,1000002000,청계광장,126.9771060680401717_37.5690311929919076,43.0,5.0,정체,126.9771060680401717_37.5690311929919076|126.9770921904126482_37.5694157550093379
2026-09-04T13:22:12.125893+09:00,명동 관광특구,명동 관광특구,POI003,KEY_4,1000005204,세종대로,1000007400,청계천광장,126.9770893091757529_37.5695834801641908,1000031000,청계광장,126.9770921904126482_37.5694157550093379,19.0,6.0,정체,126.9770921904126482_37.5694157550093379|126.9770893091757529_37.5695834801641908
2026-09-04T13:22:12.125893+09:00,명동 관광특구,명동 관광특구,POI003,KEY_4,1000006501,우정국로,1000008704,종로1가사거리,126.9829124807839946_37.5702811035568871,1000010800,종로1가,126.9829520973026149_37.5707555248776544,53.0,4.0,정체,126.9829520973026149_37.5707555248776544|126.9829508691110647_37.5707257702316255|126.9829124807839946_37.5702811035568871
2026-09-04T13:22:12.125893+09:00,명동 관광특구,명동 관광특구,POI003,KEY_4,1000006601,우정국로,1000010700,종로1가,126.9830878603485758_37.5707519719581455,1000008701,종로1가사거리,126.9830485481293891_37.5702800768006568,52.0,7.0,정체,126.9830485481293891_37.5702800768006568|126.9830865510382267_37.5707202864689833|126.9830878603485758_37.5707519719581455
2026-09-04T13:22:12.125893+09:00,명동 관광특구,명동 관광특구,POI003,KEY_4,1000008403,세종대로,1000178600,세종로 84-12,126.9773435970436708_37.5716353187199061,1000010301,주한네덜란드대사관,126.9773205016073234_37.5708618739457165,86.0,30.0,원활,126.9773205016073234_37.5708618739457165|126.9773435970436708_37.5716353187199061
2026-09-04T13:22:12.125893+09:00,명동 관광특구,명동 관광특구,POI003,KEY_4,1000023600,종로,1000007200,종로1가,126.9827935302844111_37.5696197701673924,1000007700,종로1가,126.9822109960776402_37.5701758601934444,90.0,13.0,정체,126.9822109960776402_37.5701758601934444|126.9823538247533747_37.5701681727122576|126.9825335459648414_37.5700690295792086|126.9826437791460876_37.5699908547526107|126.9827324536877029_37.5698897904859521|126.9827899849345840_37.5697677437382040|126.9827935302844111_37.5696197701673924
2026-09-04T13:22:12.125893+09:00,명동 관광특구,명동 관광특구,POI003,KEY_4,1000023700,종로,1000007800,종로1가,126.9837094850009294_37.5701682846705296,1000007100,종로1가,126.9829278791696936_37.5696038258341787,103.0,10.0,정체,126.9829278791696936_37.5696038258341787|126.9830032097695494_37.5698402452960423|126.9830990215400703_37.5699604067910897|126.9831924475550267_37.5700347972999680|126.9833242130892046_37.5700939366007987|126.9834847309357855_37.5701511723724835|126.9837094850009294_37.5701682846705296
2026-09-04T13:22:12.125893+09:00,명동 관광특구,명동 관광특구,POI003,KEY_4,1000023900,종로,1000008000,동아일보사,126.9777588281918099_37.5701340596360964,1000007400,청계천광장,126.9770893091757529_37.5695834801641908,91.0,8.0,정체,126.9770893091757529_37.5695834801641908|126.9770963075021939_37.5696479702720865|126.9772094321437663_37.5697743360528662|126.9773459521211265_37.5699388507560457|126.9774735034476549_37.5700533015790512|126.9775723207871607_37.5701062430602590|126.9777588281918099_37.5701340596360964
2026-09-04T13:22:12.125893+09:00,명동 관광특구,명동 관광특구,POI003,KEY_4,1000024400,종로,1000010700,종로1가,126.9830878603485758_37.5707519719581455,1000009600,종로1가,126.9837104338048164_37.5702764015435093,84.0,11.0,정체,126.9837104338048164_37.5702764015435093|126.9834199944166073_37.5703552243340226|126.9832834070776642_37.5704238609181118|126.9831923434160359_37.5704982251536919|126.9830964773624657_37.5706145452795255|126.9830878603485758_37.5707519719581455
2026-09-04T13:22:12.125893+09:00,명동 관광특구,명동 관광특구,POI003,KEY_4,1000024500,종로,1000009500,종로1가,126.9822090811274506_37.5702839694386270,1000010800,종로1가,126.9829520973026149_37.5707555248776544,92.0,7.0,정체,126.9829520973026149_37.5707555248776544|126.9829359392394394_37.5706431287853420|126.9828401259818236_37.5705267810848440|126.9827754493047394_37.5704619306360499|126.9826892071422293_37.5704047039165019|126.9825119206921613_37.5703322080284821|126.9822090811274506_37.5702839694386270
2026-09-04T13:22:12.125893+09:00,명동 관광특구,명동 관광특구,POI003,KEY_4,1010002301,소월로,1010155400,최소노드배치점,126.9760533414636114_37.5582497344554369,1010013803,숭례문앞교차로,126.9755809845113532_37.5605189064983307,262.0,23.0,서행,126.9755809845113532_37.5605189064983307|126.9757337889885065_37.5603525891795087|126.9757984686316661_37.5601874326070444|126.9757969708594061_37.5599997077910714|126.9757198667068110_37.5593373627741514|126.9757048763582503_37.5591937029204388|126.9757309859065373_37.5590497713064551|126.9757785893644524_37.5588840435687814|126.9759074328705282_37.5585745471584289|126.9759297486065890_37.5585209420058632|126.9759522152383795_37.5584716422248093|126.9760533414636114_37.5582497344554369
2026-09-04T13:22:12.125893+09:00,명동 관광특구,명동 관광특구,POI003,KEY_4,1010002402,소월로,1010013802,숭례문앞교차로,126.9757600351255320_37.5605071695408910,1010011100,숭례문,126.9758644071737450_37.5590694809368770,164.0,7.0,정체,126.9758644071737450_37.5590694809368770|126.9758414948468044_37.5591969276911115|126.9758551619603253_37.5593278985156402|126.9759327469906509_37.5599943665054212|126.9759344158917429_37.5602035603088922|126.9758567349293656_37.5604019178341417|126.9757600351255320_37.5605071695408910
2026-09-04T13:22:12.125893+09:00,명동 관광특구,명동 관광특구,POI003,KEY_4,1010002508,퇴계로,1010038200,회현동1가 194-69,126.9793517057243974_37.5593685443415026,1010011702,회현역7번출구,126.9799749525828076_37.5595619956135778,59.0,14.0,정체,126.9799749525828076_37.5595619956135778|126.9797655565294434_37.5594985542619710|126.9793517057243974_37.5593685443415026
2026-09-04T13:22:12.125893+09:00,명동 관광특구,명동 관광특구,POI003,KEY_4,1010004503,퇴계로,1010058100,충무로2가 111,126.9860157278956194_37.5609895542921493,1010016204,롯데호텔L7(명동),126.9867111612325346_37.5610613083895331,62.0,5.0,정체,126.9867111612325346_37.5610613083895331|126.9862655416711590_37.5610153303082797|126.9860157278956194_37.5609895542921493
2026-09-04T13:22:12.125893+09:00,명동 관광특구,명동 관광특구,POI003,KEY_4,1010004505,퇴계로,1010016201,롯데호텔L7(명동),126.9868467299909440_37.5610743853645488,1010017004,퇴계로2가교차로,126.9889474014538138_37.5613140531310350,189.0,4.0,정체,126.9889474014538138_37.5613140531310350|126.9870814163588051_37.5611494769929379|126.9869907146048007_37.5611414765227138|126.9868467299909440_37.5610743853645488
2026-09-04T13:22:12.125893+09:00,명동 관광특구,명동 관광특구,POI003,KEY_4,1010004603,퇴계로,1010108700,충무로2가 94-2,126.9862829994179521_37.5609081074300093,1010016002,명동역(서울4호선),126.9858383483569071_37.5608622275438933,40.0,23.5,서행,126.9858383483569071_37.5608622275438933|126.9860331859943869_37.5608823314504221|126.9862829994179521_37.5609081074300093
2026-09-04T13:22:12.125893+09:00,명동 관광특구,명동 관광특구,POI003,KEY_4,1010004604,퇴계로,1010016301,명동역1번출구,126.9871113334254318_37.5609345528858967,1010016202,롯데호텔L7(명동),126.9868616879201113_37.5609669231657151,23.0,32.0,원활,126.9868616879201113_37.5609669231657151|126.9870206308065406_37.5609265523693381|126.9871113334254318_37.5609345528858967
2026-09-04T13:22:12.125893+09:00,명동 관광특구,명동 관광특구,POI003,KEY_4,1010004605,퇴계로,1010017003,퇴계로2가교차로,126.9889890744976100_37.5611001658779600,1010016301,명동역1번출구,126.9871113334254318_37.5609345528858967,167.0,36.0,원활,126.9871113334254318_37.5609345528858967|126.9889890744976100_37.5611001658779600
2026-09-04T13:22:12.125893+09:00,명동 관광특구,명동 관광특구,POI003,KEY_4,1010004901,소공로,1010014904,회현사거리,126.9819470670801422_37.5604226300890645,1010016100,신세계백화점(본점),126.9816686271532404_37.5609097208093701,59.0,7.0,정체,126.9816686271532404_37.5609097208093701|126.9819470670801422_37.5604226300890645
2026-09-04T13:22:12.125893+09:00,명동 관광특구,명동 관광특구,POI003,KEY_4,1010004903,소공로,1010016100,신세계백화점(본점),126.9816686271532404_37.5609097208093701,1010017902,한국은행앞교차로,126.9812102323787997_37.5618212267858951,109.0,10.0,정체,126.9812102323787997_37.5618212267858951|126.9814215875591117_37.5613304278622451|126.9815191090982296_37.5611692719051433|126.9815779997364160_37.5610682604307513|126.9816686271532404_37.5609097208093701
2026-09-04T13:22:12.125893+09:00,명동 관광특구,명동 관광특구,POI003,KEY_4,1010005001,소공로,1010016400,포스트타워,126.9817922479335550_37.5609545032611152,1010014901,회현사거리,126.9820623967078177_37.5604819136935362,58.0,10.0,정체,126.9820623967078177_37.5604819136935362|126.9817922479335550_37.5609545032611152
2026-09-04T13:22:12.125893+09:00,명동 관광특구,명동 관광특구,POI003,KEY_4,1010005002,소공로,1010016902,한국은행앞,126.9817016201550075_37.5611130425819510,1010016400,포스트타워,126.9817922479335550_37.5609545032611152,19.0,10.0,정체,126.9817922479335550_37.5609545032611152|126.9817016201550075_37.5611130425819510
2026-09-04T13:22:12.125893+09:00,명동 관광특구,명동 관광특구,POI003,KEY_4,1010005003,소공로,1010017901,한국은행앞교차로,126.9813201261830500_37.5618994475613093,1010016901,한국은행앞,126.9816414699309064_37.5612161949658940,81.0,6.0,정체,126.9816414699309064_37.5612161949658940|126.9815474496638501_37.5613715645860893|126.9813201261830500_37.5618994475613093
2026-09-04T13:22:12.125893+09:00,명동 관광특구,명동 관광특구,POI003,KEY_4,1010005101,남대문로,1010013801,숭례문앞교차로,126.9756943412395600_37.5606249038699929,1010015000,숭례문,126.9764459331227329_37.5606350021971664,67.0,11.0,정체,126.9764459331227329_37.5606350021971664|126.9761770959942169_37.5605854916413975|126.9759176766868478_37.5605967861663927|126.9756943412395600_37.5606249038699929
2026-09-04T13:22:12.125893+09:00,명동 관광특구,명동 관광특구,POI003,KEY_4,1010005102,남대문로,1010123700,남대문로3가 110-4,126.9802395481067094_37.5615376279630198,1010017903,한국은행앞교차로,126.9811556456876929_37.5619216279188848,92.0,11.0,정체,126.9811556456876929_37.5619216279188848|126.9809804652948202_37.5618338688153770|126.9804945418923836_37.5616270684645031|126.9802395481067094_37.5615376279630198
2026-09-04T13:22:12.125893+09:00,명동 관광특구,명동 관광특구,POI003,KEY_4,1010005201,남대문로,1010014800,숭례문,126.9764883666133954_37.5605318420117769,1010013802,숭례문앞교차로,126.9757600351255320_37.5605071695408910,65.0,9.0,정체,126.9757600351255320_37.5605071695408910|126.9759033237710781_37.5604891294319145|126.9761889274862341_37.5604766950548168|126.9764883666133954_37.5605318420117769
2026-09-04T13:22:12.125893+09:00,명동 관광특구,명동 관광특구,POI003,KEY_4,1010005202,남대문로,1010105800,남대문로4가 24-1,126.9773600444245005_37.5608297698874694,1010014800,숭례문,126.9764883666133954_37.5605318420117769,84.0,10.0,정체,126.9764883666133954_37.5605318420117769|126.9773600444245005_37.5608297698874694
2026-09-04T13:22:12.125893+09:00,명동 관광특구,명동 관광특구,POI003,KEY_4,1010007100,남대문로,1010017904,한국은행앞교차로,126.9812429466621211_37.5620183676301806,1010021108,호텔이비스명동,126.9820519451972700_37.5636664770067483,197.0,8.0,정체,126.9820519451972700_37.5636664770067483|126.9819793117574847_37.5634775660291922|126.9817625196920829_37.5629137095619114|126.9816744970428033_37.5627384358941327|126.9813726104749207_37.5622249080098740|126.9812429466621211_37.5620183676301806
2026-09-04T13:22:12.125893+09:00,명동 관광특구,명동 관광특구,POI003,KEY_4,1010007200,남대문로,1010090400,남대문로2가 17-2,126.9821091872959755_37.5634459234669080,1010017901,한국은행앞교차로,126.9813201261830500_37.5618994475613093,186.0,6.0,정체,126.9813201261830500_37.5618994475613093|126.9814948864511877_37.5621778204330639|126.9817991665262582_37.5626954199811465|126.9818907371757462_37.5628777579140802|126.9821091872959755_37.5634459234669080
2026-09-04T13:22:12.125893+09:00,명동 관광특구,명동 관광특구,POI003,KEY_4,1010007304,서소문로,1010019501,한산빌딩,126.9730982772283170_37.5628920335954888,1010020204,중앙일보사,126.9740738637650566_37.5631806396414873,92.0,16.0,서행,126.9740738637650566_37.5631806396414873|126.9737013790137468_37.5630578478489241|126.9732815155571188_37.5629364731473245|126.9732301148138589_37.5629240073069894|126.9730982772283170_37.5628920335954888
2026-09-04T13:22:12.125893+09:00,명동 관광특구,명동 관광특구,POI003,KEY_4,1010007305,서소문로,1010060500,서소문동 42-3,126.9748814331857290_37.5634753132613639,1010021604,시청앞광장,126.9768728564433928_37.5640783561644085,191.0,15.0,서행,126.9768728564433928_37.5640783561644085|126.9766787939362445_37.5640859652900971|126.9765523317762188_37.5640754535460886|126.9763400428201123_37.5640251139761148|126.9749917778751325_37.5635158830683409|126.9748814331857290_37.5634753132613639
2026-09-04T13:22:12.125893+09:00,명동 관광특구,명동 관광특구,POI003,KEY_4,1010007405,서소문로,1010021603,시청앞광장,126.9768324946201261_37.5639716881909536,1010020202,중앙일보사,126.9742502538365869_37.5631241528421853,249.0,4.0,정체,126.9742502538365869_37.5631241528421853|126.9749383845103381_37.5633771573157134|126.9750493665217306_37.5634179614493959|126.9763888286545210_37.5639238670732283|126.9765790012718583_37.5639689628774178|126.9766825277856697_37.5639775680622137|126.9768324946201261_37.5639716881909536
2026-09-04T13:22:12.125893+09:00,명동 관광특구,명동 관광특구,POI003,KEY_4,1010007500,소공로,1010017903,한국은행앞교차로,126.9811556456876929_37.5619216279188848,1010021703,소공로지하상가,126.9793735854893129_37.5639048297059688,271.0,11.5,정체,126.9793735854893129_37.5639048297059688|126.9799260872659801_37.5633234478845921|126.9804607657373765_37.5627352047527836|126.9809958432867205_37.5621465108158432|126.9811556456876929_37.5619216279188848
2026-09-04T13:22:12.125893+09:00,명동 관광특구,명동 관광특구,POI003,KEY_4,1010007600,소공로,1010125600,소공동 44-2,126.9805708038916379_37.5627985840057121,1010017904,한국은행앞교차로,126.9812429466621211_37.5620183676301806,105.0,24.3,서행,126.9812429466621211_37.5620183676301806|126.9811103260703646_37.5622049984614250|126.9805708038916379_37.5627985840057121
2026-09-04T13:22:12.125893+09:00,명동 관광특구,명동 관광특구,POI003,KEY_4,1010008401,세종대로18길,1010021203,우성빌딩,126.9777193951018148_37.5638099385310227,1010021602,시청앞광장,126.9769689889781006_37.5639574810137518,68.0,18.0,서행,126.9769689889781006_37.5639574810137518|126.9777193951018148_37.5638099385310227
2026-09-04T13:22:12.125893+09:00,명동 관광특구,명동 관광특구,POI003,KEY_4,1010008402,세종대로18길,1010073800,소공동 87-15,126.9784945856248157_37.5638009334543241,1010021202,우성빌딩,126.9778443694909242_37.5637825313256783,58.0,13.0,정체,126.9778443694909242_37.5637825313256783|126.9779245419285019_37.5637634021338656|126.9780550037610567_37.5637507097928918|126.9781651142375978_37.5637590779395225|126.9784945856248157_37.5638009334543241
2026-09-04T13:22:12.125893+09:00,명동 관광특구,명동 관광특구,POI003,KEY_4,1010008601,명동길,1010094000,명동2가 81-1,126.9851479805942063_37.5638186401739063,1010021107,호텔이비스명동,126.9821837939177840_37.5636399652824764,264.0,6.0,정체,126.9821837939177840_37.5636399652824764|126.9823326124742522_37.5636143047609394|126.9828833689964966_37.5636071193572647|126.9835225261317078_37.5636288098772013|126.9845070950813550_37.5637152298037265|126.9851479805942063_37.5638186401739063
2026-09-04T13:22:12.125893+09:00,명동 관광특구,명동 관광특구,POI003,KEY_4,1010008602,명동길,1010106400,명동2가 1-17,126.9865203350459382_37.5642465490057234,1010021103,천주교서울대교구역사관,126.9862268629406685_37.5640958827178579,31.0,6.0,정체,126.9862268629406685_37.5640958827178579|126.9865203350459382_37.5642465490057234
2026-09-04T13:22:12.125893+09:00,명동 관광특구,명동 관광특구,POI003,KEY_4,1010009100,남대문로7길,1010021108,호텔이비스명동,126.9820519451972700_37.5636664770067483,1010021702,소공로지하상가,126.9795475428450970_37.5639009918525275,227.0,11.0,정체,126.9795475428450970_37.5639009918525275|126.9796803370022360_37.5638948862261515|126.9806310216740002_37.5639896452279629|126.9820519451972700_37.5636664770067483
2026-09-04T13:22:12.125893+09:00,명동 관광특구,명동 관광특구,POI003,KEY_4,1010009200,남대문로7길,1010021701,소공로지하상가,126.9794402894512473_37.5640142229526717,1010021109,호텔이비스명동,126.9820873216543333_37.5637708767384169,240.0,8.5,정체,126.9820873216543333_37.5637708767384169|126.9806416666700954_37.5640996703370931|126.9796757766825266_37.5640033960331934|126.9794402894512473_37.5640142229526717
2026-09-04T13:22:12.125893+09:00,명동 관광특구,명동 관광특구,POI003,KEY_4,1010009501,소공로,1010021704,소공로지하상가,126.9792789797845671_37.5640057968385435,1010023303,조선호텔,126.9788152991022230_37.5645029149171776,69.0,10.0,정체,126.9788152991022230_37.5645029149171776|126.9792789797845671_37.5640057968385435
2026-09-04T13:22:12.125893+09:00,명동 관광특구,명동 관광특구,POI003,KEY_4,1010009502,소공로,1010023304,조선호텔,126.9787312154575005_37.5645930511843886,1010024703,시청앞광장,126.9784672029423973_37.5649273269454653,44.0,18.0,서행,126.9784672029423973_37.5649273269454653|126.9785328581880179_37.5648259321764542|126.9786099909753290_37.5647229929441977|126.9787312154575005_37.5645930511843886
2026-09-04T13:22:12.125893+09:00,명동 관광특구,명동 관광특구,POI003,KEY_4,1010009601,소공로,1010023302,조선호텔,126.9789243502561220_37.5645673683433330,1010021701,소공로지하상가,126.9794402894512473_37.5640142229526717,76.0,8.0,정체,126.9794402894512473_37.5640142229526717|126.9789243502561220_37.5645673683433330
2026-09-04T13:22:12.125893+09:00,명동 관광특구,명동 관광특구,POI003,KEY_4,1010012901,수표로,1010003202,을지로3가역교차로,126.9897291608209429_37.5658390563948359,1010028603,을지로3가역앞교차로,126.9896894051841514_37.5661745923649022,37.0,8.0,정체,126.9896894051841514_37.5661745923649022|126.9897291608209429_37.5658390563948359
2026-09-04T13:22:12.125893+09:00,명동 관광특구,명동 관광특구,POI003,KEY_4,1010009602,소공로,1010024701,속성변화점,126.9786056986612977_37.5650244624703831,1010023301,조선호텔,126.9788402605382771_37.5646575116433681,47.0,8.0,정체,126.9788402605382771_37.5646575116433681|126.9787231273203787_37.5647830692895752|126.9786516629586544_37.5648784430538711|126.9786287557715099_37.5649138199071757|126.9786056986612977_37.5650244624703831
2026-09-04T13:22:12.125893+09:00,명동 관광특구,명동 관광특구,POI003,KEY_4,1010009902,세종대로,1010021604,시청앞광장,126.9768728564433928_37.5640783561644085,1010024204,시청앞교차로,126.9770880989032236_37.5648197786229900,85.0,5.0,정체,126.9770880989032236_37.5648197786229900|126.9770591791834136_37.5646629693451288|126.9770001947957212_37.5644354373990907|126.9769219936512883_37.5642088549141349|126.9768728564433928_37.5640783561644085
2026-09-04T13:22:12.125893+09:00,명동 관광특구,명동 관광특구,POI003,KEY_4,1010010000,세종대로,1010024203,시청앞교차로,126.9772135411598413_37.5647555843739269,1010021601,시청앞광장,126.9770081698073909_37.5640611462049279,79.0,10.0,정체,126.9770081698073909_37.5640611462049279|126.9770525488461743_37.5641790078298783|126.9771323290460572_37.5644101639924273|126.9771929938028450_37.5646441761629077|126.9772135411598413_37.5647555843739269
2026-09-04T13:22:12.125893+09:00,명동 관광특구,명동 관광특구,POI003,KEY_4,1010011000,덕수궁길,1010003702,국립현대미술관(덕수궁),126.9734800713954428_37.5653099277390794,1010024205,시청앞교차로,126.9771111379704962_37.5649683842586413,350.0,15.5,서행,126.9771111379704962_37.5649683842586413|126.9769955437966189_37.5648997036250520|126.9769191129801698_37.5648841239987448|126.9762643259252286_37.5649661911538288|126.9761744747147532_37.5649770829893868|126.9759779520215517_37.5650009053778362|126.9758689949813260_37.5650050124235619|126.9752013280298399_37.5649548066137768|126.9751376722967393_37.5649475156969572|126.9743014077374426_37.5648517294047579|126.9740978380537513_37.5648406360021241|126.9740518977143893_37.5648432379020889|126.9740231183313881_37.5648571744892976|126.9736843653272729_37.5652451675209207|126.9735504744861458_37.5653043393530339|126.9734800713954428_37.5653099277390794
2026-09-04T13:22:12.125893+09:00,명동 관광특구,명동 관광특구,POI003,KEY_4,1010011100,소공로,1010024703,시청앞광장,126.9784672029423973_37.5649273269454653,1010024202,시청앞교차로,126.9772712943529740_37.5649019993645936,106.0,13.0,정체,126.9772712943529740_37.5649019993645936|126.9774098801302102_37.5649281244663342|126.9776269810423628_37.5649428736685351|126.9783249021099323_37.5649392241840445|126.9784672029423973_37.5649273269454653
2026-09-04T13:22:12.125893+09:00,명동 관광특구,명동 관광특구,POI003,KEY_4,1010011200,소공로,1010024201,시청앞교차로,126.9772516593585294_37.5650094083765893,1010024704,시청앞광장,126.9784659259494219_37.5650361481380060,108.0,12.0,정체,126.9784659259494219_37.5650361481380060|126.9783324600417700_37.5650473063687187|126.9776216401868254_37.5650510228301613|126.9773883375840597_37.5650351731031407|126.9772516593585294_37.5650094083765893
2026-09-04T13:22:12.125893+09:00,명동 관광특구,명동 관광특구,POI003,KEY_4,1010011301,남대문로,1010021109,호텔이비스명동,126.9820873216543333_37.5637708767384169,1010026000,을지로1가,126.9825267031434635_37.5654759873990756,193.0,25.0,원활,126.9825267031434635_37.5654759873990756|126.9824702954355473_37.5651483984699510|126.9824465623792378_37.5650489393979115|126.9823699220778366_37.5647277579612506|126.9821890475419082_37.5641153221354358|126.9820873216543333_37.5637708767384169
2026-09-04T13:22:12.125893+09:00,명동 관광특구,명동 관광특구,POI003,KEY_4,1010011302,남대문로,1010026000,을지로1가,126.9825267031434635_37.5654759873990756,1010027603,을지로1가사거리,126.9825982666405650_37.5659907242088167,58.0,27.0,원활,126.9825982666405650_37.5659907242088167|126.9825744719930611_37.5657534111520093|126.9825267031434635_37.5654759873990756
2026-09-04T13:22:12.125893+09:00,명동 관광특구,명동 관광특구,POI003,KEY_4,1010011401,남대문로,1010091100,남대문로2가 55,126.9823212661627423_37.5640905784940742,1010021106,호텔이비스명동,126.9822190609451695_37.5637445116022164,39.0,5.0,정체,126.9822190609451695_37.5637445116022164|126.9823212661627423_37.5640905784940742
2026-09-04T13:22:12.125893+09:00,명동 관광특구,명동 관광특구,POI003,KEY_4,1010011402,남대문로,1010027602,을지로1가사거리,126.9827347649793126_37.5659931090943999,1010025900,을지로1가,126.9826612707275899_37.5654613047842005,59.0,7.0,정체,126.9826612707275899_37.5654613047842005|126.9827095622990356_37.5657417604116617|126.9827347649793126_37.5659931090943999
2026-09-04T13:22:12.125893+09:00,명동 관광특구,명동 관광특구,POI003,KEY_4,1010012301,삼일대로,1010023607,을지로2가교차로,126.9875153124106788_37.5653314296015850,1010028303,을지로2가사거리,126.9874738711629050_37.5660973882812215,85.0,17.0,서행,126.9874738711629050_37.5660973882812215|126.9875153124106788_37.5653314296015850
2026-09-04T13:22:12.125893+09:00,명동 관광특구,명동 관광특구,POI003,KEY_4,1010012402,삼일대로,1010028302,을지로2가사거리,126.9876096117672972_37.5661013280257805,1010023606,을지로2가교차로,126.9876510130918916_37.5653360815828705,85.0,5.0,정체,126.9876510130918916_37.5653360815828705|126.9876096117672972_37.5661013280257805
2026-09-04T13:22:12.125893+09:00,명동 관광특구,명동 관광특구,POI003,KEY_4,1010012500,을지로,1010024704,시청앞광장,126.9784659259494219_37.5650361481380060,1010004003,시청앞교차로,126.9789708087737665_37.5659839969886207,114.0,26.0,원활,126.9789708087737665_37.5659839969886207|126.9788675333299039_37.5658318303835728|126.9786502993091943_37.5654208830312371|126.9784659259494219_37.5650361481380060
2026-09-04T13:22:12.125893+09:00,명동 관광특구,명동 관광특구,POI003,KEY_4,1010012600,을지로,1010004002,시청앞교차로,126.9790903112125449_37.5659326054826721,1010024701,속성변화점,126.9786056986612977_37.5650244624703831,110.0,14.0,정체,126.9786056986612977_37.5650244624703831|126.9787763856751894_37.5653806366447611|126.9789901698400030_37.5657850581407118|126.9790903112125449_37.5659326054826721
2026-09-04T13:22:12.125893+09:00,명동 관광특구,명동 관광특구,POI003,KEY_4,1010013001,수표로,1010028602,을지로3가역앞교차로,126.9898251326520580_37.5661805237763957,1010003203,중부경찰서앞교차로,126.9900253380623667_37.5648767043805805,146.0,13.0,정체,126.9900253380623667_37.5648767043805805|126.9898963568923449_37.5655793760539467|126.9898643876243369_37.5658492083217084|126.9898251326520580_37.5661805237763957
2026-09-04T13:22:12.125893+09:00,명동 관광특구,명동 관광특구,POI003,KEY_4,1010013800,세종대로,1010004902,강원도민일보(서울본부),126.9771979915670101_37.5670009920858590,1010024201,시청앞교차로,126.9772516593585294_37.5650094083765893,221.0,5.0,정체,126.9772516593585294_37.5650094083765893|126.9772632229602749_37.5651213527824481|126.9772704963173453_37.5652669803863901|126.9772680209366058_37.5654083777349115|126.9772559424266944_37.5656434912380419|126.9771979915670101_37.5670009920858590
2026-09-04T13:22:12.125893+09:00,명동 관광특구,명동 관광특구,POI003,KEY_4,1010013901,을지로,1010004001,시청앞교차로,126.9791355868352127_37.5660429362421766,1010027204,일본국제관광진흥기구서울사무소,126.9796194072220459_37.5660647181267464,43.0,12.0,정체,126.9796194072220459_37.5660647181267464|126.9791355868352127_37.5660429362421766
2026-09-04T13:22:12.125893+09:00,명동 관광특구,명동 관광특구,POI003,KEY_4,1010013902,을지로,1010146100,을지로1가 100-1,126.9815109860232241_37.5660872122773881,1010027900,을지로1가,126.9818910787151509_37.5660912827303974,34.0,15.0,서행,126.9818910787151509_37.5660912827303974|126.9815109860232241_37.5660872122773881
2026-09-04T13:22:12.125893+09:00,명동 관광특구,명동 관광특구,POI003,KEY_4,1010013903,을지로,1010027900,을지로1가,126.9818910787151509_37.5660912827303974,1010027604,을지로1가사거리,126.9826058911915396_37.5660989346886538,63.0,12.0,정체,126.9826058911915396_37.5660989346886538|126.9818910787151509_37.5660912827303974
2026-09-04T13:22:12.125893+09:00,명동 관광특구,명동 관광특구,POI003,KEY_4,1010014001,을지로,1010141800,을지로1가 50-1,126.9805253177826074_37.5659685214828443,1010004002,시청앞교차로,126.9790903112125449_37.5659326054826721,127.0,17.0,서행,126.9790903112125449_37.5659326054826721|126.9796270767268993_37.5659567711099385|126.9797571380910313_37.5659602844908065|126.9805253177826074_37.5659685214828443
2026-09-04T13:22:12.125893+09:00,명동 관광특구,명동 관광특구,POI003,KEY_4,1010014003,을지로,1010027603,을지로1가사거리,126.9825982666405650_37.5659907242088167,1010027100,을지로1가,126.9818929057274914_37.5659831733999496,62.0,4.0,정체,126.9818929057274914_37.5659831733999496|126.9825982666405650_37.5659907242088167
2026-09-04T13:22:12.125893+09:00,명동 관광특구,명동 관광특구,POI003,KEY_4,1010014101,을지로,1010027601,을지로1가사거리,126.9827418668225789_37.5661014686323185,1010028200,을지로1가,126.9835099428304233_37.5661212717317525,68.0,12.0,정체,126.9835099428304233_37.5661212717317525|126.9827418668225789_37.5661014686323185
2026-09-04T13:22:12.125893+09:00,명동 관광특구,명동 관광특구,POI003,KEY_4,1010014102,을지로,1010028200,을지로1가,126.9835099428304233_37.5661212717317525,1010027804,하나은행,126.9843493694020538_37.5661429082344682,74.0,6.0,정체,126.9843493694020538_37.5661429082344682|126.9840974032225063_37.5661364143494865|126.9835099428304233_37.5661212717317525
2026-09-04T13:22:12.125893+09:00,명동 관광특구,명동 관광특구,POI003,KEY_4,1010014103,을지로,1010027801,하나은행,126.9844851596662494_37.5661457541766879,1010028004,을지로2가 41-2,126.9856802427402158_37.5661651885926133,106.0,9.0,정체,126.9856802427402158_37.5661651885926133|126.9844851596662494_37.5661457541766879
2026-09-04T13:22:12.125893+09:00,명동 관광특구,명동 관광특구,POI003,KEY_4,1010014104,을지로,1010028001,을지로2가 41-2,126.9858160807349066_37.5661678499220457,1010028304,을지로2가사거리,126.9874737825745115_37.5662055493903111,147.0,11.0,정체,126.9874737825745115_37.5662055493903111|126.9858160807349066_37.5661678499220457
2026-09-04T13:22:12.125893+09:00,명동 관광특구,명동 관광특구,POI003,KEY_4,1010014201,을지로,1010027400,을지로1가,126.9835143391555619_37.5660132086861509,1010027602,을지로1가사거리,126.9827347649793126_37.5659931090943999,69.0,21.0,서행,126.9827347649793126_37.5659931090943999|126.9835143391555619_37.5660132086861509
2026-09-04T13:22:12.125893+09:00,명동 관광특구,명동 관광특구,POI003,KEY_4,1010014202,을지로,1010142400,을지로2가 9-7,126.9841017988764804_37.5660283512678390,1010027400,을지로1가,126.9835143391555619_37.5660132086861509,52.0,21.0,서행,126.9835143391555619_37.5660132086861509|126.9841017988764804_37.5660283512678390
2026-09-04T13:22:12.125893+09:00,명동 관광특구,명동 관광특구,POI003,KEY_4,1010014204,을지로,1010028303,을지로2가사거리,126.9874738711629050_37.5660973882812215,1010028002,을지로2가 193-2,126.9858818140827310_37.5660611820985721,141.0,12.0,정체,126.9858818140827310_37.5660611820985721|126.9874738711629050_37.5660973882812215
2026-09-04T13:22:12.125893+09:00,명동 관광특구,명동 관광특구,POI003,KEY_4,1010014300,을지로,1010146800,을지로2가 149-10,126.9884088923176222_37.5662377135078387,1010028604,을지로3가역앞교차로,126.9896747555891778_37.5662823014544429,112.0,5.0,정체,126.9896747555891778_37.5662823014544429|126.9884088923176222_37.5662377135078387
2026-09-04T13:22:12.125893+09:00,명동 관광특구,명동 관광특구,POI003,KEY_4,1010014400,을지로,1010028603,을지로3가역앞교차로,126.9896894051841514_37.5661745923649022,1010028302,을지로2가사거리,126.9876096117672972_37.5661013280257805,184.0,37.5,원활,126.9876096117672972_37.5661013280257805|126.9884148977249652_37.5661296999875063|126.9896894051841514_37.5661745923649022
2026-09-04T13:22:12.125893+09:00,명동 관광특구,명동 관광특구,POI003,KEY_4,1010014700,을지로,1010151800,을지로3가 335-1,126.9919946469998706_37.5664006855458155,1010028904,을지로3가사거리,126.9925487818469207_37.5664292389546333,49.0,32.0,원활,126.9925487818469207_37.5664292389546333|126.9919946469998706_37.5664006855458155
2026-09-04T13:22:12.125893+09:00,명동 관광특구,명동 관광특구,POI003,KEY_4,1010014800,을지로,1010145900,을지로3가 335-1,126.9914406363359234_37.5662637900358405,1010028602,을지로3가역앞교차로,126.9898251326520580_37.5661805237763957,143.0,34.0,원활,126.9898251326520580_37.5661805237763957|126.9908895242729585_37.5662353871338581|126.9914406363359234_37.5662637900358405
2026-09-04T13:22:12.125893+09:00,명동 관광특구,명동 관광특구,POI003,KEY_4,1010015400,무교로,1010004802,한국체육박물관,126.9792639816276676_37.5669296274705644,1010004001,시청앞교차로,126.9791355868352127_37.5660429362421766,99.0,6.0,정체,126.9791355868352127_37.5660429362421766|126.9792051056433166_37.5662774283455079|126.9792449697865493_37.5664901136539342|126.9792639816276676_37.5669296274705644
2026-09-04T13:22:12.125893+09:00,명동 관광특구,명동 관광특구,POI003,KEY_4,1010015801,을지로,1010141600,을지로3가 282-8,126.9935397848157663_37.5663732801445960,1010028902,을지로3가사거리,126.9926970990682662_37.5663286365962890,75.0,41.0,원활,126.9926970990682662_37.5663286365962890|126.9934021740241121_37.5663659902566422|126.9935397848157663_37.5663732801445960
2026-09-04T13:22:12.125893+09:00,명동 관광특구,명동 관광특구,POI003,KEY_4,1010016400,세종대로20길,1010152400,태평로1가 31-1,126.9781614739919320_37.5671149535760875,1010004804,한국체육박물관,126.9791327692852860_37.5670432031565085,86.0,9.0,정체,126.9791327692852860_37.5670432031565085|126.9790021637939503_37.5670657791657803|126.9788569191823626_37.5670778321488825|126.9783926986433755_37.5671163538151802|126.9781614739919320_37.5671149535760875
2026-09-04T13:22:12.125893+09:00,명동 관광특구,명동 관광특구,POI003,KEY_4,1010016501,삼일대로,1010028304,을지로2가사거리,126.9874737825745115_37.5662055493903111,1010029803,장교빌딩,126.9875051706000590_37.5667709319350678,63.0,4.0,정체,126.9875051706000590_37.5667709319350678|126.9874737825745115_37.5662055493903111
2026-09-04T13:22:12.125893+09:00,명동 관광특구,명동 관광특구,POI003,KEY_4,1010016601,삼일대로,1010032101,청계2가교차로,126.9877349955711310_37.5679787776906622,1010028301,을지로2가사거리,126.9876099653043724_37.5662095656072808,197.0,19.0,서행,126.9876099653043724_37.5662095656072808|126.9876408664182748_37.5667661585678516|126.9876479046651099_37.5668724557024163|126.9877349955711310_37.5679787776906622
2026-09-04T13:22:12.125893+09:00,명동 관광특구,명동 관광특구,POI003,KEY_4,1010016800,충무로,1010032601,청계3가사거리,126.9924532079404145_37.5682271426007404,1010028901,을지로3가사거리,126.9926843734522208_37.5664363213669432,200.0,13.0,정체,126.9926843734522208_37.5664363213669432|126.9926252903373012_37.5669347201085557|126.9924985400868280_37.5680039058879061|126.9924532079404145_37.5682271426007404
2026-09-04T13:22:12.125893+09:00,명동 관광특구,명동 관광특구,POI003,KEY_4,1010016901,남대문로,1010027604,을지로1가사거리,126.9826058911915396_37.5660989346886538,1010030400,을지로1가,126.9826247367543033_37.5666216435254796,58.0,6.0,정체,126.9826247367543033_37.5666216435254796|126.9826226084675653_37.5665596339693408|126.9826058911915396_37.5660989346886538
2026-09-04T13:22:12.125893+09:00,명동 관광특구,명동 관광특구,POI003,KEY_4,1010016902,남대문로,1010150800,남대문로1가 108-2,126.9826731481714006_37.5680301882648422,1010033402,광교교차로,126.9826972926992426_37.5687326607183465,78.0,7.0,정체,126.9826972926992426_37.5687326607183465|126.9826731481714006_37.5680301882648422
2026-09-04T13:22:12.125893+09:00,명동 관광특구,명동 관광특구,POI003,KEY_4,1010016903,우정국로,1010033402,광교교차로,126.9826972926992426_37.5687326607183465,1010033702,광교사거리,126.9827120922386285_37.5690419071249693,34.0,11.0,정체,126.9827120922386285_37.5690419071249693|126.9826972926992426_37.5687326607183465
2026-09-04T13:22:12.125893+09:00,명동 관광특구,명동 관광특구,POI003,KEY_4,1010017001,남대문로,1010029900,을지로1가,126.9827605148126537_37.5666186901436632,1010027601,을지로1가사거리,126.9827418668225789_37.5661014686323185,57.0,16.0,서행,126.9827418668225789_37.5661014686323185|126.9827583830370514_37.5665565967967936|126.9827605148126537_37.5666186901436632
2026-09-04T13:22:12.125893+09:00,명동 관광특구,명동 관광특구,POI003,KEY_4,1010017002,남대문로,1010140600,남대문로1가 48-6,126.9827925225078928_37.5675524365280396,1010029900,을지로1가,126.9827605148126537_37.5666186901436632,104.0,27.0,원활,126.9827605148126537_37.5666186901436632|126.9827925225078928_37.5675524365280396
2026-09-04T13:22:12.125893+09:00,명동 관광특구,명동 관광특구,POI003,KEY_4,1010017003,우정국로,1010033701,광교사거리,126.9828472617604831_37.5690310653232729,1010033401,광교교차로,126.9828323504512895_37.5687142869809634,35.0,28.0,원활,126.9828323504512895_37.5687142869809634|126.9828472617604831_37.5690310653232729
2026-09-04T13:22:12.125893+09:00,명동 관광특구,명동 관광특구,POI003,KEY_4,1010017601,무교로,1010141400,무교동 44-1,126.9793100041751046_37.5679689583533047,1010004801,한국체육박물관,126.9792685302403470_37.5670397690594271,103.0,3.0,정체,126.9792685302403470_37.5670397690594271|126.9792880141313276_37.5675278005997768|126.9792897236795000_37.5675706209739317|126.9793100041751046_37.5679689583533047
2026-09-04T13:22:12.125893+09:00,명동 관광특구,명동 관광특구,POI003,KEY_4,1010017602,무교로,1010034301,무교동사거리,126.9793440155466442_37.5692674718774171,1010034101,무교동사거리,126.9793610650683036_37.5689718470786644,33.0,3.0,정체,126.9793610650683036_37.5689718470786644|126.9793440155466442_37.5692674718774171
2026-09-04T13:22:12.125893+09:00,명동 관광특구,명동 관광특구,POI003,KEY_4,1010018100,세종대로,1010024205,시청앞교차로,126.9771111379704962_37.5649683842586413,1010036201,청계광장,126.9769724776174371_37.5689758850454254,445.0,11.0,정체,126.9769724776174371_37.5689758850454254|126.9770357842986499_37.5675064469025131|126.9770571241010231_37.5671045176161513|126.9770622406749681_37.5669973200828053|126.9771202099424414_37.5656394465692429|126.9771322330851717_37.5654054151655075|126.9771346338183520_37.5652683750225975|126.9771276194723697_37.5651279335943542|126.9771111379704962_37.5649683842586413
2026-09-04T13:22:12.125893+09:00,명동 관광특구,명동 관광특구,POI003,KEY_4,1010018200,세종대로,1000002000,청계광장,126.9771060680401717_37.5690311929919076,1010004901,강원도민일보(서울본부),126.9771928320576109_37.5671090827981402,213.0,6.0,정체,126.9771928320576109_37.5671090827981402|126.9771715167423451_37.5675105826680635|126.9771060680401717_37.5690311929919076
2026-09-04T13:22:12.125893+09:00,명동 관광특구,명동 관광특구,POI003,KEY_4,1010024400,퇴계로18길,1010052800,충무로2가 110-5,126.9855026693382030_37.5605924515809733,1010016003,명동역(서울4호선),126.9856885936606972_37.5608481430984611,33.0,11.0,정체,126.9856885936606972_37.5608481430984611|126.9856564457096937_37.5607738860330755|126.9855938186398134_37.5606936563534290|126.9855157814734383_37.5606165998628825|126.9855026693382030_37.5605924515809733
2026-09-04T13:22:12.125893+09:00,명동 관광특구,명동 관광특구,POI003,KEY_4,1010026800,남대문로,1010014800,숭례문,126.9764883666133954_37.5605318420117769,1010011100,숭례문,126.9758644071737450_37.5590694809368770,185.0,8.0,정체,126.9758644071737450_37.5590694809368770|126.9758795592592975_37.5591125336731508|126.9758641531054906_37.5591939851637946|126.9759578405099205_37.5599862959824407|126.9759704486266543_37.5601312860724406|126.9760507361714588_37.5602633560949499|126.9761537145355277_37.5603739896225477|126.9763022172343057_37.5604655608040190|126.9764279735615418_37.5605091608890334|126.9764883666133954_37.5605318420117769
2026-09-04T13:22:12.125893+09:00,명동 관광특구,명동 관광특구,POI003,KEY_4,1010028000,퇴계로,1010014100,신세계백화점(본점신관),126.9813345597681007_37.5600996831039851,1010015401,충무로1가52-4,126.9817851871179641_37.5605865324912713,69.0,4.0,정체,126.9817851871179641_37.5605865324912713|126.9817851041901093_37.5605860521239734|126.9817447014208653_37.5604906906837641|126.9817012987769544_37.5604120152254382|126.9816174759299514_37.5603059188314958|126.9813345597681007_37.5600996831039851
2026-09-04T13:22:12.125893+09:00,명동 관광특구,명동 관광특구,POI003,KEY_4,1010028800,남대문로,1010015700,숭례문,126.9758216757282128_37.5609807560682611,1010015000,숭례문,126.9764459331227329_37.5606350021971664,84.0,4.0,정체,126.9764459331227329_37.5606350021971664|126.9763771801474945_37.5606275849701134|126.9762640154305728_37.5606077628684645|126.9761188999622306_37.5606156137238472|126.9760253099623242_37.5606453934247568|126.9759279729758958_37.5606841119779062|126.9758493363337521_37.5607734919220704|126.9758081301075663_37.5608688386806833|126.9758216757282128_37.5609807560682611
2026-09-04T13:22:12.125893+09:00,명동 관광특구,명동 관광특구,POI003,KEY_4,1010029201,남대문시장10길,1010036301,충무로1가52-9,126.9802096866011425_37.5606718594319489,1010011701,회현역7번출구,126.9801048978132769_37.5596035774933412,119.0,5.0,정체,126.9801048978132769_37.5596035774933412|126.9800866593272559_37.5597021179481985|126.9800889154790298_37.5598874597116179|126.9802096866011425_37.5606718594319489
2026-09-04T13:22:12.125893+09:00,명동 관광특구,명동 관광특구,POI003,KEY_4,1010029202,남대문시장길,1010015401,충무로1가52-4,126.9817851871179641_37.5605865324912713,1010036301,충무로1가52-9,126.9802096866011425_37.5606718594319489,140.0,6.5,정체,126.9802096866011425_37.5606718594319489|126.9802497030729995_37.5606741822428134|126.9807707845876763_37.5606494140121825|126.9816883147786086_37.5606057960128439|126.9817851871179641_37.5605865324912713
2026-09-04T13:22:12.125893+09:00,명동 관광특구,명동 관광특구,POI003,KEY_4,1010029900,소공로,1010016400,포스트타워,126.9817922479335550_37.5609545032611152,1010015600,중국관광청,126.9827116249739731_37.5606706950213010,91.0,7.3,정체,126.9827116249739731_37.5606706950213010|126.9823825034924312_37.5606779228201688|126.9822612178897288_37.5606993600976651|126.9821728710918194_37.5607267614215701|126.9820875153085780_37.5607648904012166|126.9817922479335550_37.5609545032611152
2026-09-04T13:22:12.125893+09:00,명동 관광특구,명동 관광특구,POI003,KEY_4,1010030001,남대문시장10길,1010011702,회현역7번출구,126.9799749525828076_37.5595619956135778,1010036302,충무로1가52-9,126.9800884608386724_37.5607732287643117,135.0,3.0,정체,126.9800884608386724_37.5607732287643117|126.9799531801049426_37.5598945825498376|126.9799507471012276_37.5596946869498254|126.9799749525828076_37.5595619956135778
2026-09-04T13:22:12.125893+09:00,명동 관광특구,명동 관광특구,POI003,KEY_4,1010030100,소공로,1010015402,충무로1가52-4,126.9817657794933154_37.5607018336872827,1010016100,신세계백화점(본점),126.9816686271532404_37.5609097208093701,25.0,3.0,정체,126.9816686271532404_37.5609097208093701|126.9817657794933154_37.5607018336872827
2026-09-04T13:22:12.125893+09:00,명동 관광특구,명동 관광특구,POI003,KEY_4,1010031000,소파로,1010015300,명동역10번출구,126.9883062927232231_37.5607909574822685,1010016301,명동역1번출구,126.9871113334254318_37.5609345528858967,113.0,17.0,서행,126.9871113334254318_37.5609345528858967|126.9874447180556274_37.5610079416609750|126.9876354659963766_37.5610121135843684|126.9878175418455442_37.5609892471934259|126.9880115986588294_37.5609473112405254|126.9881625342676870_37.5608977410119067|126.9882463915136555_37.5608481648322652|126.9883062927232231_37.5607909574822685
2026-09-04T13:22:12.125893+09:00,명동 관광특구,명동 관광특구,POI003,KEY_4,1010031200,퇴계로,1010016703,흥국빌딩,126.9904228164697599_37.5610767696574754,1010016202,롯데호텔L7(명동),126.9868616879201113_37.5609669231657151,317.0,18.0,서행,126.9868616879201113_37.5609669231657151|126.9890337974489825_37.5611585006403175|126.9894972258370700_37.5611975631426844|126.9896672965873847_37.5611975781491196|126.9898435176610576_37.5611725033829131|126.9901719518890246_37.5611092577799397|126.9904228164697599_37.5610767696574754
2026-09-04T13:22:12.125893+09:00,명동 관광특구,명동 관광특구,POI003,KEY_4,1010031300,퇴계로,1010016201,롯데호텔L7(명동),126.9868467299909440_37.5610743853645488,1010016704,흥국빌딩,126.9904446250492356_37.5611834858824452,321.0,4.0,정체,126.9904446250492356_37.5611834858824452|126.9901988617116615_37.5612153145444125|126.9898714581575661_37.5612783602882132|126.9896793321666593_37.5613056988122338|126.9894900484891167_37.5613056821144156|126.9890191710092893_37.5612659917982157|126.9868467299909440_37.5610743853645488
2026-09-04T13:22:12.125893+09:00,명동 관광특구,명동 관광특구,POI003,KEY_4,1010031800,퇴계로,1010016204,롯데호텔L7(명동),126.9867111612325346_37.5610613083895331,1010017703,LG패션,126.9866201621199338_37.5617417366360087,76.0,6.0,정체,126.9866201621199338_37.5617417366360087|126.9866697601324717_37.5612053795276566|126.9867111612325346_37.5610613083895331
2026-09-04T13:22:12.125893+09:00,명동 관광특구,명동 관광특구,POI003,KEY_4,1010031900,퇴계로,1010017702,LG패션,126.9867557514096319_37.5617482057480316,1010016201,롯데호텔L7(명동),126.9868467299909440_37.5610743853645488,75.0,18.0,서행,126.9868467299909440_37.5610743853645488|126.9868044552684125_37.5612214954705976|126.9867557514096319_37.5617482057480316
2026-09-04T13:22:12.125893+09:00,명동 관광특구,명동 관광특구,POI003,KEY_4,1010032100,명동8나길,1010016901,한국은행앞,126.9816414699309064_37.5612161949658940,1010017704,LG패션,126.9866156676616384_37.5618497971722718,446.0,5.0,정체,126.9866156676616384_37.5618497971722718|126.9864059219120378_37.5618442687355554|126.9861439853324043_37.5618224161464553|126.9858850471473204_37.5617884341175383|126.9849862833789587_37.5616166058945993|126.9832174106051212_37.5613666087159430|126.9816414699309064_37.5612161949658940
2026-09-04T13:22:12.125893+09:00,명동 관광특구,명동 관광특구,POI003,KEY_4,1010033000,명동8가길,1010017701,LG패션,126.9867440976731388_37.5618559267117149,1010018104,이비스스타일앰배서더서울명동호텔,126.9888712977151073_37.5620017408282791,189.0,9.0,정체,126.9888712977151073_37.5620017408282791|126.9867440976731388_37.5618559267117149
2026-09-04T13:22:12.125893+09:00,명동 관광특구,명동 관광특구,POI003,KEY_4,1010035000,서소문로12길,1010020202,중앙일보사,126.9742502538365869_37.5631241528421853,1010018501,서소문교회,126.9747917025249961_37.5621735699209296,120.0,13.0,정체,126.9747917025249961_37.5621735699209296|126.9747501775862588_37.5625032287475307|126.9746651993805102_37.5625957455904143|126.9745466004009700_37.5626917899282518|126.9744603303331587_37.5627616532963344|126.9742502538365869_37.5631241528421853
2026-09-04T13:22:12.125893+09:00,명동 관광특구,명동 관광특구,POI003,KEY_4,1010037000,남대문로1길,1010023102,서울프라자호텔,126.9781270908112134_37.5644147123986087,1010021201,우성빌딩,126.9778833665384354_37.5638860982800367,62.0,5.0,정체,126.9778833665384354_37.5638860982800367|126.9781270908112134_37.5644147123986087
2026-09-04T13:22:12.125893+09:00,명동 관광특구,명동 관광특구,POI003,KEY_4,1010037100,남대문로1길,1010021204,우성빌딩,126.9777519647640105_37.5639149035560536,1010023103,서울프라자호텔,126.9779917291016176_37.5644349310718795,61.0,10.0,정체,126.9779917291016176_37.5644349310718795|126.9777519647640105_37.5639149035560536
2026-09-04T13:22:12.125893+09:00,명동 관광특구,명동 관광특구,POI003,KEY_4,1010038300,소공로,1010023101,서울프라자호텔,126.9781769454158393_37.5645228411741812,1010023304,조선호텔,126.9787312154575005_37.5645930511843886,50.0,15.0,서행,126.9787312154575005_37.5645930511843886|126.9785957557285769_37.5645517262991930|126.9784554783557979_37.5645322032255891|126.9782121876750836_37.5645228476832003|126.9781769454158393_37.5645228411741812
2026-09-04T13:22:12.125893+09:00,명동 관광특구,명동 관광특구,POI003,KEY_4,1010039000,소공로,1010024202,시청앞교차로,126.9772712943529740_37.5649019993645936,1010023104,서울프라자호텔,126.9780385528240316_37.5645364866542977,82.0,4.0,정체,126.9780385528240316_37.5645364866542977|126.9776055199770184_37.5646501981039478|126.9774312688185773_37.5647230654274864|126.9773645076050741_37.5647713550531037|126.9773054583435652_37.5648401473905977|126.9772712943529740_37.5649019993645936
2026-09-04T13:22:12.125893+09:00,명동 관광특구,명동 관광특구,POI003,KEY_4,1010040900,남대문로,1010026000,을지로1가,126.9825267031434635_37.5654759873990756,1010027100,을지로1가,126.9818929057274914_37.5659831733999496,87.0,9.0,정체,126.9818929057274914_37.5659831733999496|126.9821334557953492_37.5659445131698959|126.9822484752895235_37.5658682458889075|126.9824545566445693_37.5656985434546797|126.9825096793449859_37.5656222669993269|126.9825267031434635_37.5654759873990756
2026-09-04T13:22:12.125893+09:00,명동 관광특구,명동 관광특구,POI003,KEY_4,1010041100,을지로,1010027400,을지로1가,126.9835143391555619_37.5660132086861509,1010025900,을지로1가,126.9826612707275899_37.5654613047842005,97.0,11.0,정체,126.9826612707275899_37.5654613047842005|126.9835143391555619_37.5660132086861509
2026-09-04T13:22:12.125893+09:00,명동 관광특구,명동 관광특구,POI003,KEY_4,1010041900,남대문로,1010029900,을지로1가,126.9827605148126537_37.5666186901436632,1010028200,을지로1가,126.9835099428304233_37.5661212717317525,90.0,9.0,정체,126.9835099428304233_37.5661212717317525|126.9832594466967635_37.5661964164851412|126.9828520929630287_37.5664538185209054|126.9827605148126537_37.5666186901436632
2026-09-04T13:22:12.125893+09:00,명동 관광특구,명동 관광특구,POI003,KEY_4,1010042000,을지로,1010027900,을지로1가,126.9818910787151509_37.5660912827303974,1010030400,을지로1가,126.9826247367543033_37.5666216435254796,91.0,12.0,정체,126.9826247367543033_37.5666216435254796|126.9825310467384298_37.5664575853693634|126.9821477775787884_37.5661676469985011|126.9818910787151509_37.5660912827303974
2026-09-04T13:22:12.125893+09:00,명동 관광특구,명동 관광특구,POI003,KEY_4,1010042200,을지로7길,1010030302,SKT타워,126.9858182898443459_37.5667390226410092,1010028001,을지로2가 41-2,126.9858160807349066_37.5661678499220457,63.0,21.0,서행,126.9858160807349066_37.5661678499220457|126.9858182898443459_37.5667390226410092
2026-09-04T13:22:12.125893+09:00,명동 관광특구,명동 관광특구,POI003,KEY_4,1010042300,을지로7길,1010028004,을지로2가 41-2,126.9856802427402158_37.5661651885926133,1010030303,SKT타워,126.9856824597678440_37.5667386786453577,64.0,9.5,정체,126.9856824597678440_37.5667386786453577|126.9856802427402158_37.5661651885926133
2026-09-04T13:22:12.125893+09:00,명동 관광특구,명동 관광특구,POI003,KEY_4,1010042800,삼일대로13길,1010029803,장교빌딩,126.9875051706000590_37.5667709319350678,1010030302,SKT타워,126.9858182898443459_37.5667390226410092,149.0,7.0,정체,126.9858182898443459_37.5667390226410092|126.9875051706000590_37.5667709319350678
2026-09-04T13:22:12.125893+09:00,명동 관광특구,명동 관광특구,POI003,KEY_4,1010042900,삼일대로13길,1010030301,SKT타워,126.9858190045731732_37.5668471857429154,1010029804,장교빌딩,126.9875123442491969_37.5668792171118326,150.0,17.0,서행,126.9875123442491969_37.5668792171118326|126.9858190045731732_37.5668471857429154
2026-09-04T13:22:12.125893+09:00,명동 관광특구,명동 관광특구,POI003,KEY_4,1010043000,삼일대로13길,1010030303,SKT타워,126.9856824597678440_37.5667386786453577,1010027801,하나은행,126.9844851596662494_37.5661457541766879,172.0,17.0,서행,126.9844851596662494_37.5661457541766879|126.9844746816400374_37.5667114251484762|126.9844971680687848_37.5667440774922028|126.9845213954534273_37.5667545277186505|126.9856824597678440_37.5667386786453577
2026-09-04T13:22:12.125893+09:00,명동 관광특구,명동 관광특구,POI003,KEY_4,1010043100,삼일대로13길,1010027804,하나은행,126.9843493694020538_37.5661429082344682,1010030304,SKT타워,126.9856831683010228_37.5668468043910551,192.0,17.0,서행,126.9856831683010228_37.5668468043910551|126.9844880519270873_37.5668631185760020|126.9843972880018157_37.5668239682550222|126.9843383392972669_37.5667383694429446|126.9843493694020538_37.5661429082344682
2026-09-04T13:22:12.125893+09:00,명동 관광특구,명동 관광특구,POI003,KEY_4,1010044100,수표로,1010153600,수표동 50-1,126.9897340487189723_37.5667939813917044,1010028601,을지로3가역앞교차로,126.9898106847127082_37.5662881250014209,57.0,16.5,서행,126.9898106847127082_37.5662881250014209|126.9897340487189723_37.5667939813917044
2026-09-04T13:22:12.125893+09:00,명동 관광특구,명동 관광특구,POI003,KEY_4,1010044200,을지로1길,1010145400,다동 181-3,126.9798420044631087_37.5673496367689879,1010027201,일본국제관광진흥기구서울사무소,126.9797553080136367_37.5660683946489300,148.0,5.0,정체,126.9797553080136367_37.5660683946489300|126.9797612166699281_37.5664251576809960|126.9798879830738372_37.5665161556076299|126.9799037873308833_37.5668339305475030|126.9798653986595411_37.5669604067092635|126.9798492640081520_37.5673065899852574|126.9798420044631087_37.5673496367689879
2026-09-04T13:22:12.125893+09:00,명동 관광특구,명동 관광특구,POI003,KEY_4,1010044300,을지로1길,1010153100,무교동 13-1,126.9797242605662717_37.5679573139925438,1010033802,호주관광청,126.9797619415674745_37.5689431360811881,110.0,7.0,정체,126.9797619415674745_37.5689431360811881|126.9797294037351634_37.5686965769939718|126.9797278110211920_37.5679701534751942|126.9797242605662717_37.5679573139925438
2026-09-04T13:22:12.125893+09:00,명동 관광특구,명동 관광특구,POI003,KEY_4,1010044600,을지로7길,1010032501,삼일교,126.9859639352789031_37.5681586090325510,1010030301,SKT타워,126.9858190045731732_37.5668471857429154,149.0,11.5,정체,126.9858190045731732_37.5668471857429154|126.9858235105325974_37.5673376933759684|126.9858278780456828_37.5678131240137105|126.9858346126576834_37.5680180175580674|126.9858648768505276_37.5680662145450555|126.9859639352789031_37.5681586090325510
2026-09-04T13:22:12.125893+09:00,명동 관광특구,명동 관광특구,POI003,KEY_4,1010044700,을지로7길,1010152200,장교동 1-6,126.9856876838925643_37.5673384838597215,1010032502,삼일교,126.9858176809112962_37.5681887506945316,98.0,16.0,서행,126.9858176809112962_37.5681887506945316|126.9857507900447189_37.5681263594124744|126.9856996176952180_37.5680448635696038|126.9856920596732408_37.5678149339499825|126.9856876838925643_37.5673384838597215
2026-09-04T13:22:12.125893+09:00,명동 관광특구,명동 관광특구,POI003,KEY_4,1010047100,명동11길,1010021105,천주교서울대교구역사관,126.9860324845534620_37.5641352276249094,1010036702,하나생명본사,126.9858686540308810_37.5653162980890372,138.0,9.0,정체,126.9858686540308810_37.5653162980890372|126.9857432038202205_37.5647413878638972|126.9857571822132911_37.5645643609108220|126.9859747526712113_37.5642572157062204|126.9860324845534620_37.5641352276249094
2026-09-04T13:22:12.125893+09:00,명동 관광특구,명동 관광특구,POI003,KEY_4,1010047300,명동11길,1010028002,을지로2가 193-2,126.9858818140827310_37.5660611820985721,1010036701,하나생명본사,126.9860033855318591_37.5653041509724446,86.0,11.0,정체,126.9860033855318591_37.5653041509724446|126.9860169818394837_37.5654967509146118|126.9859913147029999_37.5658560335710519|126.9859355195914645_37.5660048147195980|126.9858818140827310_37.5660611820985721
2026-09-04T13:22:12.125893+09:00,명동 관광특구,명동 관광특구,POI003,KEY_4,1010047400,명동11길,1010036702,하나생명본사,126.9858686540308810_37.5653162980890372,1010028003,을지로2가 193-2,126.9857147459351268_37.5660576077563917,86.0,8.0,정체,126.9857147459351268_37.5660576077563917|126.9858124129876700_37.5659551010490276|126.9858566107715205_37.5658372461591341|126.9858809461957350_37.5654966103869441|126.9858686540308810_37.5653162980890372
2026-09-04T13:22:12.125893+09:00,이태원 관광특구,이태원 관광특구,POI004,KEY_1,1020009001,녹사평대로,1020018000,용산동4가 19-6,126.9909773297691800_37.5304809634511045,1020017000,용산동4가 19-6,126.9913885945213963_37.5298136745927096,83.0,14.0,정체,126.9913885945213963_37.5298136745927096|126.9912856241119101_37.5300162220987090|126.9910469864938420_37.5303842075015055|126.9909773297691800_37.5304809634511045
2026-09-04T13:22:12.125893+09:00,이태원 관광특구,이태원 관광특구,POI004,KEY_1,1020009002,녹사평대로,1020143500,이태원동 34-126,126.9898090601809457_37.5321081021588725,1020018000,용산동4가 19-6,126.9909773297691800_37.5304809634511045,208.0,13.0,정체,126.9909773297691800_37.5304809634511045|126.9900852768915342_37.5317200300991516|126.9898090601809457_37.5321081021588725
2026-09-04T13:22:12.125893+09:00,이태원 관광특구,이태원 관광특구,POI004,KEY_1,1020009003,녹사평대로,1020003002,녹사평역,126.9881954058624700_37.5340760770369641,1020022201,이태원지하차도(남측),126.9892666169127864_37.5328701969023584,166.0,6.0,정체,126.9892666169127864_37.5328701969023584|126.9891809982103155_37.5330843757700805|126.9890194391820586_37.5332936325271902|126.9888311597391066_37.5334983754604465|126.9887002632124080_37.5336341735904142|126.9885375748190626_37.5337996501651361|126.9882692412401042_37.5340175651299930|126.9881954058624700_37.5340760770369641
2026-09-04T13:22:12.125893+09:00,이태원 관광특구,이태원 관광특구,POI004,KEY_1,1020009500,보광로,1020157400,이태원동 131-33,126.9940373387562431_37.5339474192291860,1020003103,이태원역앞교차로,126.9938722101036319_37.5344410134072106,57.0,18.0,서행,126.9938722101036319_37.5344410134072106|126.9939255349719502_37.5342547060894063|126.9940373387562431_37.5339474192291860
2026-09-04T13:22:12.125893+09:00,이태원 관광특구,이태원 관광특구,POI004,KEY_1,1020009904,대사관로,1020039002,한남2동지하차도(남측),127.0004027609345059_37.5343006442184901,1020025303,이태원호텔앞교차로,126.9987263153591641_37.5351737312984781,177.0,18.0,서행,126.9987263153591641_37.5351737312984781|126.9990954478136729_37.5349816259437503|126.9999396501646345_37.5345673699441988|127.0002191213156379_37.5344286922105042|127.0003672073616201_37.5343360329136502|127.0004027609345059_37.5343006442184901
2026-09-04T13:22:12.125893+09:00,이태원 관광특구,이태원 관광특구,POI004,KEY_1,1020010004,대사관로,1020025302,이태원호텔앞교차로,126.9988280672798311_37.5352499378824618,1020039001,한남2동지하차도(남측),127.0005087773131009_37.5343681869459900,178.0,7.0,정체,127.0005087773131009_37.5343681869459900|127.0004634267225185_37.5344133312418080|127.0002971938895513_37.5345173433158550|127.0000111659778099_37.5346592756479964|126.9991682109557161_37.5350729194805908|126.9988280672798311_37.5352499378824618
2026-09-04T13:22:12.125893+09:00,이태원 관광특구,이태원 관광특구,POI004,KEY_1,1020010701,이태원로,1020109600,이태원동 119-23,126.9934065376017003_37.5345186269656637,1020003104,이태원역앞교차로,126.9938609433052790_37.5345487608536530,40.0,19.0,서행,126.9938609433052790_37.5345487608536530|126.9934065376017003_37.5345186269656637
2026-09-04T13:22:12.125893+09:00,이태원 관광특구,이태원 관광특구,POI004,KEY_1,1020010800,이태원로,1020093600,이태원동 57-6,126.9901670978671575_37.5341952578389240,1020003002,녹사평역,126.9881954058624700_37.5340760770369641,175.0,8.0,정체,126.9881954058624700_37.5340760770369641|126.9888746584762771_37.5341095041848334|126.9895083789417214_37.5341515534771304|126.9899064253265237_37.5341779633098369|126.9901670978671575_37.5341952578389240
2026-09-04T13:22:12.125893+09:00,이태원 관광특구,이태원 관광특구,POI004,KEY_1,1020011101,이태원로,1020167100,이태원동 119-23,126.9944655556111286_37.5345901775849882,1020024204,이태원소방파출소,126.9954968238074144_37.5346610574196760,91.0,13.0,정체,126.9954968238074144_37.5346610574196760|126.9944655556111286_37.5345901775849882
2026-09-04T13:22:12.125893+09:00,이태원 관광특구,이태원 관광특구,POI004,KEY_1,1020011102,이태원로,1020024201,이태원소방파출소,126.9956371857134911_37.5346703540578233,1020025304,이태원호텔앞교차로,126.9986418686788028_37.5352583937875650,280.0,12.0,정체,126.9986418686788028_37.5352583937875650|126.9984212314769110_37.5351188313605419|126.9982335515615830_37.5350249822649857|126.9980583342124731_37.5349517245471205|126.9978393040948390_37.5348749734958176|126.9976622321914590_37.5348302588598415|126.9974202076542866_37.5347917072044979|126.9972001370625776_37.5347636612448596|126.9968571305746536_37.5347459155125946|126.9956371857134911_37.5346703540578233
2026-09-04T13:22:12.125893+09:00,이태원 관광특구,이태원 관광특구,POI004,KEY_1,1020011201,이태원로,1020024203,이태원소방파출소,126.9955363307621354_37.5345552498172168,1020003102,이태원역앞교차로,126.9940088155564695_37.5344502604877519,136.0,12.0,정체,126.9940088155564695_37.5344502604877519|126.9944772309336969_37.5344824577926843|126.9955363307621354_37.5345552498172168
2026-09-04T13:22:12.125893+09:00,이태원 관광특구,이태원 관광특구,POI004,KEY_1,1020011202,이태원로,1020025303,이태원호텔앞교차로,126.9987263153591641_37.5351737312984781,1020024202,이태원소방파출소,126.9956725121214589_37.5345640956228834,285.0,19.0,서행,126.9956725121214589_37.5345640956228834|126.9968667962878328_37.5346380677732867|126.9972152987085821_37.5346560983237794|126.9974442596476365_37.5346852761054279|126.9976961690244082_37.5347254028548534|126.9978873030321580_37.5347736685373405|126.9981173019449585_37.5348542624446893|126.9983013090689639_37.5349311962862444|126.9984997949651415_37.5350304478139734|126.9987263153591641_37.5351737312984781
2026-09-04T13:22:12.125893+09:00,이태원 관광특구,이태원 관광특구,POI004,KEY_1,1020011901,녹사평대로,1020003004,녹사평역,126.9876402873352532_37.5341922458149284,1020024403,녹사평역3번출구,126.9871942320691289_37.5345264082409287,54.0,13.0,정체,126.9871942320691289_37.5345264082409287|126.9874994306240978_37.5342855546436809|126.9876402873352532_37.5341922458149284
2026-09-04T13:22:12.125893+09:00,이태원 관광특구,이태원 관광특구,POI004,KEY_1,1020012001,녹사평대로,1020024402,녹사평역3번출구,126.9874278284808042_37.5346464951910121,1020003001,녹사평역,126.9880612839168776_37.5341860241447520,76.0,29.0,원활,126.9880612839168776_37.5341860241447520|126.9878801594456093_37.5343123819876681|126.9876829423078846_37.5344451664072736|126.9874278284808042_37.5346464951910121
2026-09-04T13:22:12.125893+09:00,이태원 관광특구,이태원 관광특구,POI004,KEY_1,1020013501,이태원로,1020082000,한남동 738-29,127.0004845666072555_37.5369043590949900,1020028203,아마도예술공간,127.0014953826060378_37.5382912457230304,179.0,22.0,서행,127.0014953826060378_37.5382912457230304|127.0014356603659564_37.5381444461041909|127.0014309919154414_37.5381362885281789|127.0013038217596630_37.5379140726661760|127.0011379573928849_37.5376822064471440|127.0007877780447814_37.5372550360047725|127.0004845666072555_37.5369043590949900
2026-09-04T13:22:12.125893+09:00,이태원 관광특구,이태원 관광특구,POI004,KEY_1,1020013601,이태원로,1020045200,한남동 738-29,126.9989169963617854_37.5353238031737177,1020025302,이태원호텔앞교차로,126.9988280672798311_37.5352499378824618,11.0,17.0,서행,126.9988280672798311_37.5352499378824618|126.9989169963617854_37.5353238031737177
2026-09-04T13:22:12.125893+09:00,이태원 관광특구,이태원 관광특구,POI004,KEY_1,1020013602,이태원로,1020059700,한남동 726-494,127.0017834196089126_37.5389040486291208,1020028201,아마도예술공간,127.0016665133178009_37.5383661384416030,61.0,18.0,서행,127.0016665133178009_37.5383661384416030|127.0017224666353144_37.5385209000011812|127.0017610145381610_37.5386958484475741|127.0017800432824231_37.5388655227169679|127.0017834196089126_37.5389040486291208
2026-09-04T13:22:12.125893+09:00,이태원 관광특구,이태원 관광특구,POI004,KEY_1,1020034600,녹사평대로26길,1020018000,용산동4가 19-6,126.9909773297691800_37.5304809634511045,1020018202,찬우물삼거리,126.9913377452865575_37.5305452345433466,46.0,13.5,정체,126.9913377452865575_37.5305452345433466|126.9913156669195189_37.5304568149457580|126.9912955967890156_37.5304265497298886|126.9912791792530129_37.5304108710930961|126.9912378720889734_37.5303937039575430|126.9911893806270911_37.5303879789905181|126.9911408868570533_37.5303922668328198|126.9909773297691800_37.5304809634511045
2026-09-04T13:22:12.125893+09:00,이태원 관광특구,이태원 관광특구,POI004,KEY_1,1020039700,우사단로,1020063400,이태원동 137-23,126.9955993093615803_37.5340288073665604,1020024203,이태원소방파출소,126.9955363307621354_37.5345552498172168,59.0,9.0,정체,126.9955363307621354_37.5345552498172168|126.9955674338379481_37.5344291020757268|126.9956003436716969_37.5340381328912898|126.9955993093615803_37.5340288073665604
2026-09-04T13:22:12.125893+09:00,이태원 관광특구,이태원 관광특구,POI004,KEY_1,1020039800,우사단로,1020127900,이태원동 137-23,126.9956810738919017_37.5335371339901727,1020021401,보광초등학교,126.9956544097363604_37.5331163963296177,47.0,6.0,정체,126.9956544097363604_37.5331163963296177|126.9956431779321804_37.5331593197407258|126.9956452666882569_37.5332142943968208|126.9956810738919017_37.5335371339901727
2026-09-04T13:22:12.125893+09:00,이태원 관광특구,이태원 관광특구,POI004,KEY_1,1020040300,녹사평대로,1020022202,이태원지하차도(남측),126.9891497327059682_37.5328152235285657,1020026002,이태원지하차도,126.9868116742945574_37.5363328242444823,460.0,47.3,원활,126.9868116742945574_37.5363328242444823|126.9868538272333325_37.5357070871561049|126.9868812904903166_37.5354814228777371|126.9869364299821228_37.5352656870731707|126.9870236999042561_37.5350207533350897|126.9871658847246181_37.5347578685569943|126.9872591983395012_37.5345735338936208|126.9874007711287476_37.5344348138735882|126.9876675674987609_37.5342527524634377|126.9879724804863770_37.5340099975053576|126.9882501662422953_37.5337975865582933|126.9884625156009008_37.5336198526182443|126.9886696602970630_37.5333995022459348|126.9888502689490508_37.5332031012114840|126.9891497327059682_37.5328152235285657
2026-09-04T13:22:12.125893+09:00,이태원 관광특구,이태원 관광특구,POI004,KEY_1,1020040400,녹사평대로,1020026001,이태원지하차도,126.9869473083997917_37.5363386126122549,1020022201,이태원지하차도(남측),126.9892666169127864_37.5328701969023584,454.0,50.3,원활,126.9892666169127864_37.5328701969023584|126.9889630490588246_37.5332634563500420|126.9887753964363526_37.5334675162952465|126.9886639536934894_37.5335851889942944|126.9883372603884482_37.5338799692030065|126.9880214583303228_37.5341357308534143|126.9878036642156758_37.5343004565738241|126.9876348774150330_37.5344044902058016|126.9874116350989652_37.5345822214730234|126.9873136131370046_37.5347382886526404|126.9871518976878093_37.5350570479496213|126.9870684496982989_37.5352912611919365|126.9870157481944091_37.5354974629360356|126.9869892495657240_37.5357151985455673|126.9869473083997917_37.5363386126122549
2026-09-04T13:22:12.125893+09:00,이태원 관광특구,이태원 관광특구,POI004,KEY_1,1020041800,이태원로27길,1020091200,이태원동 112-33,126.9941872579211832_37.5354242896055013,1020026204,태국대사관,126.9952756990904561_37.5363269214383237,190.0,14.0,정체,126.9952756990904561_37.5363269214383237|126.9950024930177079_37.5361660973740001|126.9945858125235389_37.5359208138482217|126.9944631524413410_37.5359015925205028|126.9942169223346156_37.5359130027042980|126.9940461223898893_37.5358880581230920|126.9939407102296656_37.5358117362051757|126.9939029380128943_37.5357324209755134|126.9939132882914947_37.5356500538305298|126.9939823977568238_37.5355615331545565|126.9940376114138303_37.5355245435285383|126.9941872579211832_37.5354242896055013
2026-09-04T13:22:12.125893+09:00,이태원 관광특구,이태원 관광특구,POI004,KEY_1,1020041900,이태원로27길,1020091300,이태원동 111-5,126.9942746628349681_37.5355070255918761,1020024201,이태원소방파출소,126.9956371857134911_37.5346703540578233,170.0,21.0,서행,126.9956371857134911_37.5346703540578233|126.9955842562411448_37.5347850178568478|126.9954134054469819_37.5350706997723336|126.9953750142490776_37.5351183002557249|126.9952378837399039_37.5352883250498763|126.9951738511499997_37.5353312605409712|126.9950719982470559_37.5353558347332807|126.9945933761089663_37.5353577392293118|126.9945100556674760_37.5353687933671125|126.9944205701082751_37.5354092765412304|126.9942746628349681_37.5355070255918761
2026-09-04T13:22:12.125893+09:00,이태원 관광특구,이태원 관광특구,POI004,KEY_1,1020044200,이태원로55길,1020117100,한남동 743-28,126.9997391668357380_37.5378586004776338,1020028204,아마도예술공간,127.0015360364709949_37.5383960510061243,179.0,16.5,서행,127.0015360364709949_37.5383960510061243|127.0013368209632745_37.5384168160424778|127.0012499160572617_37.5384184910217868|127.0010329755712064_37.5384226719888048|127.0008219211757847_37.5384105245589978|127.0006153256219363_37.5383529464938235|127.0005500769398310_37.5383219398232413|127.0004569571074597_37.5382776884626210|127.0002827447613072_37.5381667082987036|127.0000496884858734_37.5379811250893098|126.9998107834810668_37.5378752339839465|126.9997391668357380_37.5378586004776338
2026-09-04T13:22:12.125893+09:00,이태원 관광특구,이태원 관광특구,POI004,KEY_1,1020052400,이태원로,1020038902,한남동 686-1,126.9999041836640004_37.5345212747176191,1020025303,이태원호텔앞교차로,126.9987263153591641_37.5351737312984781,128.0,12.0,정체,126.9987263153591641_37.5351737312984781|126.9988754803021465_37.5350315221282500|126.9990590663091723_37.5349359791579857|126.9999041836640004_37.5345212747176191
2026-09-04T13:22:12.125893+09:00,이태원 관광특구,이태원 관광특구,POI004,KEY_1,1020052500,이태원로,1020025302,이태원호텔앞교차로,126.9988280672798311_37.5352499378824618,1020038901,한남동 685-46,127.0000466337410785_37.5347053708413583,124.0,7.0,정체,127.0000466337410785_37.5347053708413583|126.9992045925932302_37.5351185662316666|126.9990240300251401_37.5352125351167487|126.9988280672798311_37.5352499378824618
2026-09-04T13:22:12.125893+09:00,잠실 관광특구,잠실 관광특구,POI005,KEY_2,1230003102,송파대로,1230412500,석촌동 209,127.1044792274671522_37.5081049831544888,1230036703,석촌호수앞교차로,127.1039824947923051_37.5086487529905597,75.0,16.0,서행,127.1039824947923051_37.5086487529905597|127.1044792274671522_37.5081049831544888
2026-09-04T13:22:12.125893+09:00,잠실 관광특구,잠실 관광특구,POI005,KEY_2,1230003300,송파대로,1230036704,석촌호수앞교차로,127.1039028911642674_37.5087367936795530,1230001703,석촌호수앞교차로,127.1017878219228550_37.5111046223331428,323.0,39.0,원활,127.1017878219228550_37.5111046223331428|127.1039028911642674_37.5087367936795530
2026-09-04T13:22:12.125893+09:00,잠실 관광특구,잠실 관광특구,POI005,KEY_2,1230003400,송파대로,1230001702,석촌호수앞교차로,127.1019076941057762_37.5111569141952117,1230036701,석촌호수앞교차로,127.1040028890472797_37.5088113302377195,320.0,6.0,정체,127.1040028890472797_37.5088113302377195|127.1019076941057762_37.5111569141952117
2026-09-04T13:22:12.125893+09:00,잠실 관광특구,잠실 관광특구,POI005,KEY_2,1230003501,송파대로,1230399700,잠실동 41,127.1007560729534731_37.5124412982623454,1230001803,잠실역사거리,127.1001586829554100_37.5132191939759281,101.0,15.0,서행,127.1001586829554100_37.5132191939759281|127.1007560729534731_37.5124412982623454
2026-09-04T13:22:12.125893+09:00,잠실 관광특구,잠실 관광특구,POI005,KEY_2,1230003601,송파대로,1230001802,잠실역사거리,127.1002879409381165_37.5132580710148957,1230001701,석촌호수앞교차로,127.1018323332335598_37.5112469862295228,262.0,6.0,정체,127.1018323332335598_37.5112469862295228|127.1008718568159566_37.5124977195192244|127.1002879409381165_37.5132580710148957
2026-09-04T13:22:12.125893+09:00,잠실 관광특구,잠실 관광특구,POI005,KEY_2,1230003802,송파대로,1230044702,잠실대교남측,127.0981251707990225_37.5159789121879115,1230001801,잠실역사거리,127.1002155326109744_37.5133509522926616,345.0,11.7,정체,127.1002155326109744_37.5133509522926616|127.0985290071868548_37.5154712346922068|127.0981251707990225_37.5159789121879115
2026-09-04T13:22:12.125893+09:00,잠실 관광특구,잠실 관광특구,POI005,KEY_2,1230018100,삼학사로,1230399400,삼전동 152,127.0971851736833997_37.5058146183606098,1230034303,석촌호교차로,127.0972427646003808_37.5065427063586085,81.0,16.5,서행,127.0972427646003808_37.5065427063586085|127.0971851736833997_37.5058146183606098
2026-09-04T13:22:12.125893+09:00,잠실 관광특구,잠실 관광특구,POI005,KEY_2,1230020203,석촌호수로,1230362100,잠실동 45-1,127.0959603598268473_37.5068429608790908,1230034304,석촌호교차로,127.0972501695385262_37.5066515875651163,116.0,18.0,서행,127.0972501695385262_37.5066515875651163|127.0959603598268473_37.5068429608790908
2026-09-04T13:22:12.125893+09:00,잠실 관광특구,잠실 관광특구,POI005,KEY_2,1230020300,석촌호수로,1230425400,최소노드배치점,127.1008735740489470_37.5071235777689509,1230036704,석촌호수앞교차로,127.1039028911642674_37.5087367936795530,323.0,20.0,서행,127.1039028911642674_37.5087367936795530|127.1030871966188158_37.5081804312170775|127.1027814029224459_37.5079972621807372|127.1027257780679207_37.5079698553039691|127.1018874551534168_37.5075568002840285|127.1015021632143061_37.5073921700333557|127.1008735740489470_37.5071235777689509
2026-09-04T13:22:12.125893+09:00,잠실 관광특구,잠실 관광특구,POI005,KEY_2,1230020400,석촌호수로,1230369400,석촌동 191,127.0987703823118125_37.5064112799268017,1230034302,석촌호교차로,127.0973765618586384_37.5065150079019958,125.0,17.0,서행,127.0973765618586384_37.5065150079019958|127.0976452744375536_37.5064483289197952|127.0979269591683192_37.5064090615062042|127.0982641563232818_37.5063794736021237|127.0986308344447906_37.5063986405236136|127.0987703823118125_37.5064112799268017
2026-09-04T13:22:12.125893+09:00,잠실 관광특구,잠실 관광특구,POI005,KEY_2,1230021500,삼학사로,1230418200,잠실동 46,127.0973734398476296_37.5087240119147722,1230007103,서울놀이마당앞교차로,127.0974453047706589_37.5099321530276910,134.0,24.5,서행,127.0974453047706589_37.5099321530276910|127.0973734398476296_37.5087240119147722
2026-09-04T13:22:12.125893+09:00,잠실 관광특구,잠실 관광특구,POI005,KEY_2,1230021600,삼학사로,1230007102,서울놀이마당앞교차로,127.0975809295277941_37.5099279073468779,1230034301,석촌호교차로,127.0973845362845935_37.5066262726573783,367.0,32.0,원활,127.0973845362845935_37.5066262726573783|127.0975090109694889_37.5087188942394008|127.0975809295277941_37.5099279073468779
2026-09-04T13:22:12.125893+09:00,잠실 관광특구,잠실 관광특구,POI005,KEY_2,1230021900,삼전로,1230356200,잠실동 37,127.0922842977067404_37.5094309777277743,1230038603,잠실3삼거리,127.0929733206664025_37.5103028554533822,115.0,15.0,서행,127.0929733206664025_37.5103028554533822|127.0928602894616830_37.5101024415336113|127.0922842977067404_37.5094309777277743
2026-09-04T13:22:12.125893+09:00,잠실 관광특구,잠실 관광특구,POI005,KEY_2,1230023101,잠실로,1230038303,잠실동 43,127.0947217679651260_37.5101178628557932,1230038602,잠실3삼거리,127.0930971257991189_37.5102585455899913,144.0,23.0,서행,127.0930971257991189_37.5102585455899913|127.0947217679651260_37.5101178628557932
2026-09-04T13:22:12.125893+09:00,잠실 관광특구,잠실 관광특구,POI005,KEY_2,1230023102,잠실로,1230007103,서울놀이마당앞교차로,127.0974453047706589_37.5099321530276910,1230038302,잠실동 43,127.0948609890413223_37.5101069748518370,229.0,23.0,서행,127.0948609890413223_37.5101069748518370|127.0962459094918131_37.5100132959391175|127.0974453047706589_37.5099321530276910
2026-09-04T13:22:12.125893+09:00,잠실 관광특구,잠실 관광특구,POI005,KEY_2,1230023201,잠실로,1230038601,잠실3삼거리,127.0931194165767408_37.5103653726765316,1230038304,잠실동 43,127.0947364363945553_37.5102253498387128,144.0,11.0,정체,127.0947364363945553_37.5102253498387128|127.0931194165767408_37.5103653726765316
2026-09-04T13:22:12.125893+09:00,잠실 관광특구,잠실 관광특구,POI005,KEY_2,1230023202,잠실로,1230393400,잠실동 43,127.0962573939644642_37.5101210286650257,1230007104,서울놀이마당앞교차로,127.0974567909531032_37.5100398856026942,106.0,11.0,정체,127.0974567909531032_37.5100398856026942|127.0962573939644642_37.5101210286650257
2026-09-04T13:22:12.125893+09:00,잠실 관광특구,잠실 관광특구,POI005,KEY_2,1230023301,양재대로,1230222600,방이동 217-2,127.1268249994781740_37.5100254368363224,1230040803,올림픽공원앞교차로,127.1279156747526429_37.5117452056324225,214.0,25.0,원활,127.1279156747526429_37.5117452056324225|127.1268249994781740_37.5100254368363224
2026-09-04T13:22:12.125893+09:00,잠실 관광특구,잠실 관광특구,POI005,KEY_2,1230023500,잠실로,1230412400,잠실동 42,127.1004419094974480_37.5105947295189637,1230001704,석촌호수앞교차로,127.1017131193153915_37.5111950333109547,131.0,17.5,서행,127.1017131193153915_37.5111950333109547|127.1004641614348145_37.5106046485269218|127.1004419094974480_37.5105947295189637
2026-09-04T13:22:12.125893+09:00,잠실 관광특구,잠실 관광특구,POI005,KEY_2,1230023600,잠실로,1230001703,석촌호수앞교차로,127.1017878219228550_37.5111046223331428,1230007102,서울놀이마당앞교차로,127.0975809295277941_37.5099279073468779,403.0,17.0,서행,127.0975809295277941_37.5099279073468779|127.0985541482379375_37.5099332768199432|127.0990046849047843_37.5099841635964921|127.0994430355566607_37.5101001528652276|127.0999744578332411_37.5102624598802024|127.1005081875894263_37.5105003764333560|127.1005319432435670_37.5105109657146656|127.1017878219228550_37.5111046223331428
2026-09-04T13:22:12.125893+09:00,잠실 관광특구,잠실 관광특구,POI005,KEY_2,1230023701,석촌호수로,1230036701,석촌호수앞교차로,127.1040028890472797_37.5088113302377195,1230038204,수림빌딩,127.1051505452613100_37.5097264956549949,144.0,8.0,정체,127.1051505452613100_37.5097264956549949|127.1048424116308126_37.5094807866672255|127.1040028890472797_37.5088113302377195
2026-09-04T13:22:12.125893+09:00,잠실 관광특구,잠실 관광특구,POI005,KEY_2,1230023702,석촌호수로,1230038201,수림빌딩,127.1052475076223942_37.5098032820847891,1230039704,신천동 33,127.1069053310213803_37.5111077200237375,206.0,18.0,서행,127.1069053310213803_37.5111077200237375|127.1060795391087055_37.5104579644505165|127.1052475076223942_37.5098032820847891
2026-09-04T13:22:12.125893+09:00,잠실 관광특구,잠실 관광특구,POI005,KEY_2,1230023703,석촌호수로,1230039701,신천동 33,127.1070065907386635_37.5111861357687459,1230041504,방이삼거리,127.1080898185277164_37.5120029659807344,132.0,30.0,원활,127.1080898185277164_37.5120029659807344|127.1079331088216122_37.5118964724360211|127.1070065907386635_37.5111861357687459
2026-09-04T13:22:12.125893+09:00,잠실 관광특구,잠실 관광특구,POI005,KEY_2,1230023801,석촌호수로,1230383600,송파동 60,127.1049384312716057_37.5094043721425194,1230036702,석촌호수앞교차로,127.1040831324389728_37.5087223370806129,107.0,17.0,서행,127.1040831324389728_37.5087223370806129|127.1049384312716057_37.5094043721425194
2026-09-04T13:22:12.125893+09:00,잠실 관광특구,잠실 관광특구,POI005,KEY_2,1230023802,석촌호수로,1230380500,송파동 61,127.1061749184303977_37.5103810412995244,1230038202,수림빌딩,127.1053428869681454_37.5097263595970531,103.0,23.0,서행,127.1053428869681454_37.5097263595970531|127.1061749184303977_37.5103810412995244
2026-09-04T13:22:12.125893+09:00,잠실 관광특구,잠실 관광특구,POI005,KEY_2,1230023803,석촌호수로,1230041503,방이삼거리,127.1081921675338720_37.5119304002947942,1230039702,송파동 62,127.1071007108080408_37.5111082344274962,133.0,5.0,정체,127.1071007108080408_37.5111082344274962|127.1080242959557012_37.5118163213665241|127.1081921675338720_37.5119304002947942
2026-09-04T13:22:12.125893+09:00,잠실 관광특구,잠실 관광특구,POI005,KEY_2,1230023904,위례성대로,1230038803,오금초교,127.1315805616083452_37.5102624702576577,1230040802,올림픽공원앞교차로,127.1280368042940410_37.5116964262882320,351.0,25.3,원활,127.1280368042940410_37.5116964262882320|127.1315805616083452_37.5102624702576577
2026-09-04T13:22:12.125893+09:00,잠실 관광특구,잠실 관광특구,POI005,KEY_2,1230024003,위례성대로,1230040801,올림픽공원앞교차로,127.1280993215722361_37.5117923995774305,1230038804,오금초교,127.1316420322552858_37.5103588665718206,351.0,10.0,정체,127.1316420322552858_37.5103588665718206|127.1280993215722361_37.5117923995774305
2026-09-04T13:22:12.125893+09:00,잠실 관광특구,잠실 관광특구,POI005,KEY_2,1230024100,잠실로,1230038604,잠실3삼거리,127.0929839814057658_37.5103582875929717,1230041303,잠실3사거리,127.0924958334099557_37.5118489046082644,171.0,13.5,정체,127.0924958334099557_37.5118489046082644|127.0929749045914718_37.5104683915562376|127.0929839814057658_37.5103582875929717
2026-09-04T13:22:12.125893+09:00,잠실 관광특구,잠실 관광특구,POI005,KEY_2,1230024200,잠실로,1230041302,잠실3사거리,127.0926320843072830_37.5118620680798003,1230038601,잠실3삼거리,127.0931194165767408_37.5103653726765316,172.0,10.3,정체,127.0931194165767408_37.5103653726765316|127.0931094286359553_37.5104865264241667|127.0926320843072830_37.5118620680798003
2026-09-04T13:22:12.125893+09:00,잠실 관광특구,잠실 관광특구,POI005,KEY_2,1230024302,오금로,1230384900,송파동 62,127.1086886760872829_37.5117147904571766,1230041503,방이삼거리,127.1081921675338720_37.5119304002947942,50.0,29.0,원활,127.1081921675338720_37.5119304002947942|127.1083902263657990_37.5118348937114661|127.1086886760872829_37.5117147904571766
2026-09-04T13:22:12.125893+09:00,잠실 관광특구,잠실 관광특구,POI005,KEY_2,1230024703,가락로,1230042404,에뜨왈리코리아,127.1197334005263002_37.5127417204113840,1230008303,방이초교앞교차로,127.1208213191434737_37.5145580278620869,223.0,14.0,정체,127.1208213191434737_37.5145580278620869|127.1197334005263002_37.5127417204113840
2026-09-04T13:22:12.125893+09:00,잠실 관광특구,잠실 관광특구,POI005,KEY_2,1230024803,가락로,1230008302,방이초교앞교차로,127.1209450232393436_37.5145134722125775,1230042401,에뜨왈리코리아,127.1198552228544401_37.5126940280713512,224.0,22.0,서행,127.1198552228544401_37.5126940280713512|127.1209450232393436_37.5145134722125775
2026-09-04T13:22:12.125893+09:00,잠실 관광특구,잠실 관광특구,POI005,KEY_2,1230024900,올림픽로,1230358200,최소노드배치점,127.0890986901108874_37.5116423850120313,1230041304,잠실3사거리,127.0924582513479919_37.5119541794962004,299.0,21.5,서행,127.0924582513479919_37.5119541794962004|127.0894865754439849_37.5116660118753273|127.0890986901108874_37.5116423850120313
2026-09-04T13:22:12.125893+09:00,잠실 관광특구,잠실 관광특구,POI005,KEY_2,1230025502,위례성대로12길,1230384600,방이동 75-1,127.1226867891286361_37.5132366843652107,1230008203,올림픽공원남2문,127.1230115468975583_37.5137580552017056,65.0,19.0,서행,127.1230115468975583_37.5137580552017056|127.1226867891286361_37.5132366843652107
2026-09-04T13:22:12.125893+09:00,잠실 관광특구,잠실 관광특구,POI005,KEY_2,1230025602,위례성대로12길,1230008202,올림픽공원남2문,127.1231332582007383_37.5137101955394456,1230041001,제이에스빌딩,127.1219838454871649_37.5118648795729470,229.0,23.0,서행,127.1219838454871649_37.5118648795729470|127.1228083768162378_37.5131886276024815|127.1231332582007383_37.5137101955394456
2026-09-04T13:22:12.125893+09:00,잠실 관광특구,잠실 관광특구,POI005,KEY_2,1230025702,올림픽로,1230422700,최소노드배치점,127.0963985029439982_37.5124235494134552,1230001804,잠실역사거리,127.1000841139758677_37.5133141607708396,341.0,23.0,서행,127.1000841139758677_37.5133141607708396|127.0963985029439982_37.5124235494134552
2026-09-04T13:22:12.125893+09:00,잠실 관광특구,잠실 관광특구,POI005,KEY_2,1230025801,올림픽로,1230041703,잠실동 39,127.0946882254534103_37.5120601573260686,1230041302,잠실3사거리,127.0926320843072830_37.5118620680798003,183.0,35.0,원활,127.0926320843072830_37.5118620680798003|127.0946882254534103_37.5120601573260686
2026-09-04T13:22:12.125893+09:00,잠실 관광특구,잠실 관광특구,POI005,KEY_2,1230025802,올림픽로,1230001803,잠실역사거리,127.1001586829554100_37.5132191939759281,1230041702,잠실동 39,127.0948236216370191_37.5120740018570373,489.0,20.0,서행,127.0948236216370191_37.5120740018570373|127.0956739088233007_37.5121671905185963|127.0962807923011582_37.5122821169021705|127.0964379064208174_37.5123200858476054|127.1001586829554100_37.5132191939759281
2026-09-04T13:22:12.125893+09:00,잠실 관광특구,잠실 관광특구,POI005,KEY_2,1230026102,위례성대로,1230040803,올림픽공원앞교차로,127.1279156747526429_37.5117452056324225,1230042502,방이동 181-7,127.1254911970844859_37.5127168656425241,240.0,11.0,정체,127.1254911970844859_37.5127168656425241|127.1279156747526429_37.5117452056324225
2026-09-04T13:22:12.125893+09:00,잠실 관광특구,잠실 관광특구,POI005,KEY_2,1230026103,위례성대로,1230042503,방이동 181-7,127.1253705911887266_37.5127664663946732,1230008202,올림픽공원남2문,127.1231332582007383_37.5137101955394456,224.0,15.0,서행,127.1231332582007383_37.5137101955394456|127.1253705911887266_37.5127664663946732
2026-09-04T13:22:12.125893+09:00,잠실 관광특구,잠실 관광특구,POI005,KEY_2,1230026202,위례성대로,1230008201,올림픽공원남2문,127.1231967749277914_37.5138057465937962,1230040804,올림픽공원앞교차로,127.1279781659139445_37.5118411937980127,476.0,41.0,원활,127.1279781659139445_37.5118411937980127|127.1255521973024827_37.5128134512352105|127.1254341104055641_37.5128620169255242|127.1231967749277914_37.5138057465937962
2026-09-04T13:22:12.125893+09:00,잠실 관광특구,잠실 관광특구,POI005,KEY_2,1230026301,오금로,1230041504,방이삼거리,127.1080898185277164_37.5120029659807344,1230043203,잠실전화국,127.1073625915452112_37.5136826385122433,198.0,13.0,정체,127.1073625915452112_37.5136826385122433|127.1076552451824142_37.5129653281818420|127.1080218934859403_37.5120666323530259|127.1080898185277164_37.5120029659807344
2026-09-04T13:22:12.125893+09:00,잠실 관광특구,잠실 관광특구,POI005,KEY_2,1230026400,오금로,1230362200,방이동 95-3,127.1077843306107411_37.5129987458803527,1230041501,방이삼거리,127.1081930791064138_37.5120731373911980,109.0,18.0,서행,127.1081930791064138_37.5120731373911980|127.1081426875516627_37.5121203703189892|127.1077843306107411_37.5129987458803527
2026-09-04T13:22:12.125893+09:00,잠실 관광특구,잠실 관광특구,POI005,KEY_2,1230026702,백제고분로,1230397100,방이동 94-4,127.1155243442379685_37.5158080782483836,1230045403,올림픽공원남4문앞교차로,127.1158353619488821_37.5163285598069436,64.0,14.0,정체,127.1158353619488821_37.5163285598069436|127.1155243442379685_37.5158080782483836
2026-09-04T13:22:12.125893+09:00,잠실 관광특구,잠실 관광특구,POI005,KEY_2,1230026802,백제고분로,1230045402,올림픽공원남4문앞교차로,127.1159592191718559_37.5162842594980717,1230043901,방이중,127.1149670532686144_37.5146238680820474,204.0,11.0,정체,127.1149670532686144_37.5146238680820474|127.1156469051217641_37.5157616102810749|127.1159592191718559_37.5162842594980717
2026-09-04T13:22:12.125893+09:00,잠실 관광특구,잠실 관광특구,POI005,KEY_2,1230027100,위례성대로,1230008203,올림픽공원남2문,127.1230115468975583_37.5137580552017056,1230008302,방이초교앞교차로,127.1209450232393436_37.5145134722125775,201.0,24.0,서행,127.1209450232393436_37.5145134722125775|127.1230115468975583_37.5137580552017056
2026-09-04T13:22:12.125893+09:00,잠실 관광특구,잠실 관광특구,POI005,KEY_2,1230027200,위례성대로,1230424900,최소노드배치점,127.1195466393614311_37.5151289900827436,1230008204,올림픽공원남2문,127.1230681603091739_37.5138563218870544,342.0,42.0,원활,127.1230681603091739_37.5138563218870544|127.1210016343324725_37.5146117395583261|127.1208765811574466_37.5146567818947432|127.1195466393614311_37.5151289900827436
2026-09-04T13:22:12.125893+09:00,잠실 관광특구,잠실 관광특구,POI005,KEY_2,1230027302,올림픽로,1230001801,잠실역사거리,127.1002155326109744_37.5133509522926616,1230043404,신천동 8,127.1021667132219335_37.5140202279747825,188.0,6.3,정체,127.1021667132219335_37.5140202279747825|127.1002155326109744_37.5133509522926616
2026-09-04T13:22:12.125893+09:00,잠실 관광특구,잠실 관광특구,POI005,KEY_2,1230027303,올림픽로,1230043401,신천동 8,127.1022912026975433_37.5140633484028712,1230043804,잠실역(서울8호선),127.1031193148053262_37.5143528991889355,80.0,24.0,서행,127.1031193148053262_37.5143528991889355|127.1022912026975433_37.5140633484028712
2026-09-04T13:22:12.125893+09:00,잠실 관광특구,잠실 관광특구,POI005,KEY_2,1230027304,올림픽로,1230043801,잠실역(서울8호선),127.1032441614670745_37.5143953515620083,1230044104,송파구청앞교차로,127.1065954149593580_37.5155037548529151,321.0,35.0,원활,127.1065954149593580_37.5155037548529151|127.1032441614670745_37.5143953515620083
2026-09-04T13:22:12.125893+09:00,잠실 관광특구,잠실 관광특구,POI005,KEY_2,1230027402,올림픽로,1230425600,최소노드배치점,127.1034569107816310_37.5143486498193468,1230001802,잠실역사거리,127.1002879409381165_37.5132580710148957,305.0,32.0,원활,127.1002879409381165_37.5132580710148957|127.1022203942543456_37.5139209223143766|127.1023457587723016_37.5139643456983833|127.1031738699951745_37.5142538961081584|127.1032962137368543_37.5142954974985372|127.1034569107816310_37.5143486498193468
2026-09-04T13:22:12.125893+09:00,잠실 관광특구,잠실 관광특구,POI005,KEY_2,1230027600,잠실로,1230354600,잠실동 26-1,127.0923490777133509_37.5126418063312386,1230041301,잠실3사거리,127.0925947702226182_37.5119673808282528,78.0,23.0,서행,127.0925947702226182_37.5119673808282528|127.0923490777133509_37.5126418063312386
2026-09-04T13:22:12.125893+09:00,잠실 관광특구,잠실 관광특구,POI005,KEY_2,1230027901,오금로,1230043204,잠실전화국,127.1073301047804875_37.5137619968566653,1230043703,KT송파빌딩,127.1072008780327849_37.5140753242066154,37.0,14.0,정체,127.1072008780327849_37.5140753242066154|127.1073301047804875_37.5137619968566653
2026-09-04T13:22:12.125893+09:00,잠실 관광특구,잠실 관광특구,POI005,KEY_2,1230027902,오금로,1230043704,KT송파빌딩,127.1071582673112630_37.5141777969497454,1230044103,송파구청앞교차로,127.1066451578842873_37.5154031368063627,143.0,18.5,서행,127.1066451578842873_37.5154031368063627|127.1071582673112630_37.5141777969497454
2026-09-04T13:22:12.125893+09:00,잠실 관광특구,잠실 관광특구,POI005,KEY_2,1230028001,오금로,1230043702,KT송파빌딩,127.1073298305418575_37.5141090707700258,1230043201,잠실전화국,127.1074590560679241_37.5137957428479041,37.0,6.0,정체,127.1074590560679241_37.5137957428479041|127.1073298305418575_37.5141090707700258
2026-09-04T13:22:12.125893+09:00,잠실 관광특구,잠실 관광특구,POI005,KEY_2,1230028002,오금로,1230044102,송파구청앞교차로,127.1067706331513705_37.5154451950086951,1230043701,KT송파빌딩,127.1072870264943191_37.5142120080203938,144.0,6.0,정체,127.1072870264943191_37.5142120080203938|127.1067706331513705_37.5154451950086951
2026-09-04T13:22:12.125893+09:00,잠실 관광특구,잠실 관광특구,POI005,KEY_2,1230028100,위례성대로,1230008303,방이초교앞교차로,127.1208213191434737_37.5145580278620869,1230045402,올림픽공원남4문앞교차로,127.1159592191718559_37.5162842594980717,471.0,37.0,원활,127.1159592191718559_37.5162842594980717|127.1194913787483216_37.5150302354333220|127.1208213191434737_37.5145580278620869
2026-09-04T13:22:12.125893+09:00,잠실 관광특구,잠실 관광특구,POI005,KEY_2,1230028301,올림픽로,1230044101,송파구청앞교차로,127.1067205760415391_37.5155457351922763,1230044902,잠실진주아파트앞교차로,127.1087256571209707_37.5162283031640200,193.0,13.0,정체,127.1087256571209707_37.5162283031640200|127.1067205760415391_37.5155457351922763
2026-09-04T13:22:12.125893+09:00,잠실 관광특구,잠실 관광특구,POI005,KEY_2,1230028401,올림픽로,1230421300,최소노드배치점,127.1097120122696964_37.5164468577884307,1230044102,송파구청앞교차로,127.1067706331513705_37.5154451950086951,283.0,24.0,서행,127.1067706331513705_37.5154451950086951|127.1088293438040182_37.5161460190462677|127.1097120122696964_37.5164468577884307
2026-09-04T13:22:12.125893+09:00,잠실 관광특구,잠실 관광특구,POI005,KEY_2,1230028702,양재대로,1230040804,올림픽공원앞교차로,127.1279781659139445_37.5118411937980127,1230043503,방이동 89-28,127.1293137788365044_37.5138391508336753,251.0,30.0,원활,127.1293137788365044_37.5138391508336753|127.1279781659139445_37.5118411937980127
2026-09-04T13:22:12.125893+09:00,잠실 관광특구,잠실 관광특구,POI005,KEY_2,1230028703,양재대로,1230043504,방이동 89-28,127.1293758864878356_37.5139336243623376,1230044603,올림픽공원동문교차로,127.1305797082937374_37.5157953632322290,232.0,30.0,원활,127.1305797082937374_37.5157953632322290|127.1293758864878356_37.5139336243623376
2026-09-04T13:22:12.125893+09:00,잠실 관광특구,잠실 관광특구,POI005,KEY_2,1230028704,양재대로,1230044604,올림픽공원동문교차로,127.1306432453781667_37.5158930503733714,1230047803,오륜교,127.1316412754749763_37.5174145740411831,191.0,38.0,원활,127.1316412754749763_37.5174145740411831|127.1306432453781667_37.5158930503733714
2026-09-04T13:22:12.125893+09:00,잠실 관광특구,잠실 관광특구,POI005,KEY_2,1230028802,양재대로,1230043502,방이동 89-28,127.1294335833399884_37.5137883314546841,1230040801,올림픽공원앞교차로,127.1280993215722361_37.5117923995774305,251.0,23.0,서행,127.1280993215722361_37.5117923995774305|127.1294335833399884_37.5137883314546841
2026-09-04T13:22:12.125893+09:00,잠실 관광특구,잠실 관광특구,POI005,KEY_2,1230028803,양재대로,1230044602,올림픽공원동문교차로,127.1307066675273347_37.5157555807827805,1230043501,방이동 89-28,127.1294965542968640_37.5138841169906101,234.0,23.5,서행,127.1294965542968640_37.5138841169906101|127.1307066675273347_37.5157555807827805
2026-09-04T13:22:12.125893+09:00,잠실 관광특구,잠실 관광특구,POI005,KEY_2,1230028804,양재대로,1230047802,오륜교,127.1317615823722491_37.5173645046840889,1230044601,올림픽공원동문교차로,127.1307691739442731_37.5158515552836462,189.0,23.0,서행,127.1307691739442731_37.5158515552836462|127.1317615823722491_37.5173645046840889
2026-09-04T13:22:12.125893+09:00,잠실 관광특구,잠실 관광특구,POI005,KEY_2,1230029101,올림픽로,1230044901,잠실진주아파트앞교차로,127.1088533723906977_37.5162718111141373,1230047903,올림픽공원앞교차로,127.1125664517782781_37.5175764714066560,359.0,20.0,서행,127.1125664517782781_37.5175764714066560|127.1121927794052340_37.5174099266855308|127.1096586157180326_37.5165462608805385|127.1088533723906977_37.5162718111141373
2026-09-04T13:22:12.125893+09:00,잠실 관광특구,잠실 관광특구,POI005,KEY_2,1230029300,위례성대로,1230045403,올림픽공원남4문앞교차로,127.1158353619488821_37.5163285598069436,1230047902,올림픽공원앞교차로,127.1126327333255119_37.5174821175529445,311.0,21.7,서행,127.1126327333255119_37.5174821175529445|127.1158353619488821_37.5163285598069436
2026-09-04T13:22:12.125893+09:00,잠실 관광특구,잠실 관광특구,POI005,KEY_2,1230029401,위례성대로,1230047901,올림픽공원앞교차로,127.1127294559663170_37.5175659412636975,1230045404,올림픽공원남4문앞교차로,127.1158912913085715_37.5164270745673178,307.0,21.0,서행,127.1158912913085715_37.5164270745673178|127.1127294559663170_37.5175659412636975
2026-09-04T13:22:12.125893+09:00,잠실 관광특구,잠실 관광특구,POI005,KEY_2,1230029800,오금로,1230009202,잠실나루역사거리,127.1050458803196079_37.5186165757193919,1230044101,송파구청앞교차로,127.1067205760415391_37.5155457351922763,372.0,15.0,서행,127.1067205760415391_37.5155457351922763|127.1063870230920116_37.5161245657841746|127.1060062563923623_37.5167853165615099|127.1057041776155785_37.5173095096861147|127.1054650209393913_37.5177245091905434|127.1053636836204817_37.5179234011036442|127.1051267515503156_37.5183884165572152|127.1050458803196079_37.5186165757193919
2026-09-04T13:22:12.125893+09:00,잠실 관광특구,잠실 관광특구,POI005,KEY_2,1230030200,올림픽로33길,1230044902,잠실진주아파트앞교차로,127.1087256571209707_37.5162283031640200,1230009303,파크리오아파트,127.1080198937217318_37.5191489075320419,330.0,16.0,서행,127.1080198937217318_37.5191489075320419|127.1087256571209707_37.5162283031640200
2026-09-04T13:22:12.125893+09:00,잠실 관광특구,잠실 관광특구,POI005,KEY_2,1230030300,올림픽로33길,1230009302,파크리오아파트,127.1081532489597805_37.5191690964758351,1230044901,잠실진주아파트앞교차로,127.1088533723906977_37.5162718111141373,327.0,13.0,정체,127.1088533723906977_37.5162718111141373|127.1081532489597805_37.5191690964758351
2026-09-04T13:22:12.125893+09:00,잠실 관광특구,잠실 관광특구,POI005,KEY_2,1230030701,올림픽로,1230047904,올림픽공원앞교차로,127.1126156383089949_37.5176248562335459,1230050103,올림픽회관앞교차로,127.1141234836901077_37.5200172918018566,297.0,22.0,서행,127.1141234836901077_37.5200172918018566|127.1130967077667009_37.5183006809000261|127.1127808418886076_37.5178273473246833|127.1126156383089949_37.5176248562335459
2026-09-04T13:22:12.125893+09:00,잠실 관광특구,잠실 관광특구,POI005,KEY_2,1230030802,올림픽로,1230050102,올림픽회관앞교차로,127.1142460290998173_37.5199707880909941,1230047901,올림픽공원앞교차로,127.1127294559663170_37.5175659412636975,299.0,27.0,원활,127.1127294559663170_37.5175659412636975|127.1128979059259194_37.5177724112602746|127.1132179682735881_37.5182520322072364|127.1142460290998173_37.5199707880909941
2026-09-04T13:22:12.125893+09:00,잠실 관광특구,잠실 관광특구,POI005,KEY_2,1230031300,올림픽로35길,1230380000,신천동 20-3,127.1120965855774898_37.5198794214376790,1230050104,올림픽회관앞교차로,127.1141869164074905_37.5201219523906175,187.0,15.0,서행,127.1141869164074905_37.5201219523906175|127.1139207414424419_37.5201377237057514|127.1137172639646593_37.5201260770116463|127.1129232291908551_37.5200052336238770|127.1120965855774898_37.5198794214376790
2026-09-04T13:22:12.125893+09:00,잠실 관광특구,잠실 관광특구,POI005,KEY_2,1230032100,올림픽로,1230400900,신천동 26,127.1145514766661790_37.5207067945448216,1230052003,성내교(남측),127.1155399981984147_37.5222925683271740,197.0,36.0,원활,127.1155399981984147_37.5222925683271740|127.1145514766661790_37.5207067945448216
2026-09-04T13:22:12.125893+09:00,잠실 관광특구,잠실 관광특구,POI005,KEY_2,1230032200,올림픽로,1230052001,성내교(남측),127.1156967807111187_37.5223009606581428,1230050101,올림픽회관앞교차로,127.1143085002419610_37.5200738709822801,276.0,46.5,원활,127.1143085002419610_37.5200738709822801|127.1146730610900732_37.5206587128019535|127.1156615842423037_37.5222444857121431|127.1156967807111187_37.5223009606581428
2026-09-04T13:22:12.125893+09:00,잠실 관광특구,잠실 관광특구,POI005,KEY_2,1230032404,강동대로,1230052403,서울체고앞,127.1309465905180929_37.5226422457426523,1230052602,올림픽공원북2문,127.1286484144718969_37.5236389836207067,231.0,43.0,원활,127.1286484144718969_37.5236389836207067|127.1309465905180929_37.5226422457426523
2026-09-04T13:22:12.125893+09:00,잠실 관광특구,잠실 관광특구,POI005,KEY_2,1230032504,강동대로,1230052601,올림픽공원북2문,127.1287133329938257_37.5237339387489186,1230052404,서울체고앞,127.1310115110815389_37.5227371996198542,231.0,33.0,원활,127.1310115110815389_37.5227371996198542|127.1287133329938257_37.5237339387489186
2026-09-04T13:22:12.125893+09:00,잠실 관광특구,잠실 관광특구,POI005,KEY_2,1230032902,올림픽로37길,1230424700,최소노드배치점,127.1116469399134274_37.5231307998258217,1230052004,성내교(남측),127.1156093484237601_37.5224038573356538,390.0,27.0,원활,127.1156093484237601_37.5224038573356538|127.1154210464076897_37.5226254636658609|127.1151860694290434_37.5229714220100377|127.1150231489065732_37.5230568047779158|127.1148610626049589_37.5231117596672803|127.1146813739484145_37.5231312778946844|127.1116469399134274_37.5231307998258217
2026-09-04T13:22:12.125893+09:00,잠실 관광특구,잠실 관광특구,POI005,KEY_2,1230033202,올림픽로,1230052004,성내교(남측),127.1156093484237601_37.5224038573356538,1230053103,올림픽대교남단교차로,127.1174254322370984_37.5253520980877155,364.0,39.7,원활,127.1174254322370984_37.5253520980877155|127.1168266280546959_37.5243574555609811|127.1156093484237601_37.5224038573356538
2026-09-04T13:22:12.125893+09:00,잠실 관광특구,잠실 관광특구,POI005,KEY_2,1230033301,올림픽로,1230053102,올림픽대교남단교차로,127.1176915230806799_37.5255440086627701,1230052001,성내교(남측),127.1156967807111187_37.5223009606581428,401.0,12.0,정체,127.1156967807111187_37.5223009606581428|127.1169486377113884_37.5243100484275445|127.1176915230806799_37.5255440086627701
2026-09-04T13:22:12.125893+09:00,잠실 관광특구,잠실 관광특구,POI005,KEY_2,1230033600,올림픽로43길,1230342000,풍납동 447,127.1141253196765888_37.5248124645393801,1230053104,올림픽대교남단교차로,127.1175353532768639_37.5255915012395889,333.0,24.3,서행,127.1175353532768639_37.5255915012395889|127.1171986824647178_37.5253250746693325|127.1163931251730617_37.5248172882132565|127.1149530945181425_37.5248116617606371|127.1141253196765888_37.5248124645393801
2026-09-04T13:22:12.125893+09:00,잠실 관광특구,잠실 관광특구,POI005,KEY_2,1230033801,강동대로,1230052603,올림픽공원북2문,127.1285292145280152_37.5236906555977967,1230052702,올림픽공원북2문앞교차로,127.1280135683207533_37.5239140807955565,52.0,9.0,정체,127.1280135683207533_37.5239140807955565|127.1285292145280152_37.5236906555977967
2026-09-04T13:22:12.125893+09:00,잠실 관광특구,잠실 관광특구,POI005,KEY_2,1230033802,강동대로,1230052703,올림픽공원북2문앞교차로,127.1278955398801997_37.5239676869855785,1230052902,그린빌딩,127.1255021088525581_37.5251103772284154,247.0,11.0,정체,127.1255021088525581_37.5251103772284154|127.1278955398801997_37.5239676869855785
2026-09-04T13:22:12.125893+09:00,잠실 관광특구,잠실 관광특구,POI005,KEY_2,1230033803,강동대로,1230052903,그린빌딩,127.1253868539951242_37.5251644663839627,1230010402,성내유수지,127.1230687264287127_37.5262344211604315,237.0,55.0,원활,127.1230687264287127_37.5262344211604315|127.1253868539951242_37.5251644663839627
2026-09-04T13:22:12.125893+09:00,잠실 관광특구,잠실 관광특구,POI005,KEY_2,1230033901,강동대로,1230052701,올림픽공원북2문앞교차로,127.1280784406892508_37.5240090563020559,1230052604,올림픽공원북2문,127.1285940873550402_37.5237856308238449,52.0,42.0,원활,127.1285940873550402_37.5237856308238449|127.1280784406892508_37.5240090563020559
2026-09-04T13:22:12.125893+09:00,잠실 관광특구,잠실 관광특구,POI005,KEY_2,1230033902,강동대로,1230052901,그린빌딩,127.1255719037447705_37.5252031128434638,1230052704,올림픽공원북2문앞교차로,127.1279653366622995_37.5240604212007227,247.0,52.5,원활,127.1279653366622995_37.5240604212007227|127.1255719037447705_37.5252031128434638
2026-09-04T13:22:12.125893+09:00,잠실 관광특구,잠실 관광특구,POI005,KEY_2,1230033903,강동대로,1230010401,성내유수지,127.1233271552869013_37.5262401076401133,1230052904,그린빌딩,127.1254549241451741_37.5252580128047128,217.0,52.7,원활,127.1254549241451741_37.5252580128047128|127.1233271552869013_37.5262401076401133
2026-09-04T13:22:12.125893+09:00,잠실 관광특구,잠실 관광특구,POI005,KEY_2,1230034200,강동대로,1230053101,올림픽대교남단교차로,127.1177512410432087_37.5256417956853880,1230010403,성내유수지,127.1228341746085704_37.5263374209143734,467.0,15.0,서행,127.1228341746085704_37.5263374209143734|127.1226119104132124_37.5263325291198058|127.1222182279912971_37.5262594731087304|127.1197935343633674_37.5255708855089978|127.1192764530002961_37.5254871931229914|127.1186659385550399_37.5254644325269382|127.1181404811154323_37.5255300720034626|127.1177512410432087_37.5256417956853880
2026-09-04T13:22:12.125893+09:00,잠실 관광특구,잠실 관광특구,POI005,KEY_2,1230034300,강동대로,1230010402,성내유수지,127.1230687264287127_37.5262344211604315,1230053102,올림픽대교남단교차로,127.1176915230806799_37.5255440086627701,493.0,51.7,원활,127.1176915230806799_37.5255440086627701|127.1181066449297958_37.5254248562288311|127.1186585197018388_37.5253559170246618|127.1192932429278528_37.5253795803410242|127.1198300344327095_37.5254664629282857|127.1222565506296860_37.5261555686853470|127.1226293640594349_37.5262247521119789|127.1230687264287127_37.5262344211604315
2026-09-04T13:22:12.125893+09:00,잠실 관광특구,잠실 관광특구,POI005,KEY_2,1230034600,강동대로,1230053104,올림픽대교남단교차로,127.1175353532768639_37.5255915012395889,1230053301,풍성초등학교,127.1133707067350969_37.5271092576510128,408.0,14.0,정체,127.1133707067350969_37.5271092576510128|127.1138885360357307_37.5270579046375232|127.1141380710895277_37.5270029206930715|127.1144337586637221_37.5269066454630149|127.1172570729713414_37.5256789869567413|127.1175353532768639_37.5255915012395889
2026-09-04T13:22:12.125893+09:00,잠실 관광특구,잠실 관광특구,POI005,KEY_2,1230034700,강동대로,1230058701,풍납동 330-7,127.1135343578604022_37.5272039528378372,1230053105,올림픽대교남단교차로,127.1176235541679063_37.5256800112130264,402.0,17.0,서행,127.1176235541679063_37.5256800112130264|127.1173147432993602_37.5257770947223790|127.1144921531920318_37.5270044385361317|127.1141820098842743_37.5271054212045385|127.1139153828274857_37.5271641707955510|127.1135343578604022_37.5272039528378372
2026-09-04T13:22:12.125893+09:00,잠실 관광특구,잠실 관광특구,POI005,KEY_2,1230034800,강동대로,1230010403,성내유수지,127.1228341746085704_37.5263374209143734,1230053202,성내동 474,127.1214169266581280_37.5269574474404806,143.0,4.0,정체,127.1214169266581280_37.5269574474404806|127.1221246173486747_37.5266478458902597|127.1228341746085704_37.5263374209143734
2026-09-04T13:22:12.125893+09:00,잠실 관광특구,잠실 관광특구,POI005,KEY_2,1230034900,강동대로,1230053201,성내동 474,127.1214822863304903_37.5270522124399051,1230010404,성내유수지,127.1231026366477437_37.5263433289148836,163.0,32.5,원활,127.1231026366477437_37.5263433289148836|127.1221899776439983_37.5267426105018984|127.1214822863304903_37.5270522124399051
2026-09-04T13:22:12.125893+09:00,잠실 관광특구,잠실 관광특구,POI005,KEY_2,1230035100,올림픽로,1230053602,풍납사거리,127.1191638427110746_37.5279285363098012,1230053101,올림픽대교남단교차로,127.1177512410432087_37.5256417956853880,283.0,24.3,서행,127.1177512410432087_37.5256417956853880|127.1182052842400196_37.5263768247819911|127.1185296816843362_37.5269019665074097|127.1189218723730647_37.5275368423195701|127.1191638427110746_37.5279285363098012
2026-09-04T13:22:12.125893+09:00,잠실 관광특구,잠실 관광특구,POI005,KEY_2,1230073600,백제고분로41길,1230362400,송파동 74,127.1055839132151277_37.5093570558199474,1230038203,수림빌딩,127.1052465652364560_37.5096500807059527,44.0,11.0,정체,127.1052465652364560_37.5096500807059527|127.1053208564511436_37.5095948198186591|127.1055839132151277_37.5093570558199474
2026-09-04T13:22:12.125893+09:00,잠실 관광특구,잠실 관광특구,POI005,KEY_2,1230076200,백제고분로45길,1230414400,송파동 83,127.1074305390192620_37.5108125123386174,1230039703,송파동 61,127.1070007103191557_37.5110307962144418,45.0,18.5,서행,127.1070007103191557_37.5110307962144418|127.1074305390192620_37.5108125123386174
2026-09-04T13:22:12.125893+09:00,잠실 관광특구,잠실 관광특구,POI005,KEY_2,1230077600,올림픽로.잠실로.사이길,1230038304,잠실동 43,127.0947364363945553_37.5102253498387128,1230041703,잠실동 39,127.0946882254534103_37.5120601573260686,204.0,10.0,정체,127.0946882254534103_37.5120601573260686|127.0947364363945553_37.5102253498387128
2026-09-04T13:22:12.125893+09:00,잠실 관광특구,잠실 관광특구,POI005,KEY_2,1230077700,올림픽로.잠실로.사이길,1230041702,잠실동 39,127.0948236216370191_37.5120740018570373,1230038301,잠실동 43,127.0948724715403131_37.5102147077519135,206.0,8.0,정체,127.0948724715403131_37.5102147077519135|127.0948236216370191_37.5120740018570373
2026-09-04T13:22:12.125893+09:00,잠실 관광특구,잠실 관광특구,POI005,KEY_2,1230077900,위례성대로16길,1230248000,방이동 200-3,127.1250899543352517_37.5123366148555277,1230042503,방이동 181-7,127.1253705911887266_37.5127664663946732,54.0,12.0,정체,127.1253705911887266_37.5127664663946732|127.1250899543352517_37.5123366148555277
2026-09-04T13:22:12.125893+09:00,잠실 관광특구,잠실 관광특구,POI005,KEY_2,1230079600,올림픽선수촌아파트내부길,1230042003,오륜초등학교,127.1334912399933756_37.5124937085259731,1230043502,방이동 89-28,127.1294335833399884_37.5137883314546841,392.0,22.0,서행,127.1294335833399884_37.5137883314546841|127.1324667918181888_37.5125501930643708|127.1334912399933756_37.5124937085259731
2026-09-04T13:22:12.125893+09:00,잠실 관광특구,잠실 관광특구,POI005,KEY_2,1230079700,올림픽선수촌아파트내부길,1230043501,방이동 89-28,127.1294965542968640_37.5138841169906101,1230042004,오륜초등학교,127.1335006130637026_37.5126015705990881,387.0,13.0,정체,127.1335006130637026_37.5126015705990881|127.1325039266811245_37.5126565247953394|127.1294965542968640_37.5138841169906101
2026-09-04T13:22:12.125893+09:00,잠실 관광특구,잠실 관광특구,POI005,KEY_2,1230080800,올림픽로,1230043404,신천동 8,127.1021667132219335_37.5140202279747825,1230044003,어린이교통공원,127.1015862279693067_37.5151316086360467,134.0,6.0,정체,127.1015862279693067_37.5151316086360467|127.1021667132219335_37.5140202279747825
2026-09-04T13:22:12.125893+09:00,잠실 관광특구,잠실 관광특구,POI005,KEY_2,1230080900,올림픽로,1230044002,어린이교통공원,127.1017112605977104_37.5151736946584151,1230043401,신천동 8,127.1022912026975433_37.5140633484028712,133.0,16.7,서행,127.1022912026975433_37.5140633484028712|127.1017112605977104_37.5151736946584151
2026-09-04T13:22:12.125893+09:00,잠실 관광특구,잠실 관광특구,POI005,KEY_2,1230081000,올림픽로,1230043804,잠실역(서울8호선),127.1031193148053262_37.5143528991889355,1230044403,신천동 7-21,127.1025553001734067_37.5154467539088188,131.0,9.0,정체,127.1025553001734067_37.5154467539088188|127.1031193148053262_37.5143528991889355
2026-09-04T13:22:12.125893+09:00,잠실 관광특구,잠실 관광특구,POI005,KEY_2,1230081100,올림픽로,1230044402,신천동 7-21,127.1026803877707039_37.5154887453600807,1230043801,잠실역(서울8호선),127.1032441614670745_37.5143953515620083,131.0,14.0,정체,127.1032441614670745_37.5143953515620083|127.1026803877707039_37.5154887453600807
2026-09-04T13:22:12.125893+09:00,잠실 관광특구,잠실 관광특구,POI005,KEY_2,1230081200,올림픽선수촌아파트내부길,1230332800,최소노드배치점,127.1337490189227708_37.5151722701553894,1230044602,올림픽공원동문교차로,127.1307066675273347_37.5157555807827805,292.0,12.0,정체,127.1307066675273347_37.5157555807827805|127.1324233734096509_37.5150503918994147|127.1325384533906515_37.5150232903922287|127.1330520009699256_37.5149959261979333|127.1331591568025914_37.5149985589094541|127.1337490189227708_37.5151722701553894
2026-09-04T13:22:12.125893+09:00,잠실 관광특구,잠실 관광특구,POI005,KEY_2,1230082000,오금로11길,1230382300,방이동 96-5,127.1078356746363340_37.5142776638634814,1230043702,KT송파빌딩,127.1073298305418575_37.5141090707700258,48.0,12.5,정체,127.1073298305418575_37.5141090707700258|127.1078356746363340_37.5142776638634814
2026-09-04T13:22:12.125893+09:00,잠실 관광특구,잠실 관광특구,POI005,KEY_2,1230082100,오금로11길,1230364600,방이동 96-2,127.1142995993866123_37.5148873703963588,1230043904,방이중,127.1148454576012909_37.5146719476403305,54.0,14.5,정체,127.1148454576012909_37.5146719476403305|127.1142995993866123_37.5148873703963588
2026-09-04T13:22:12.125893+09:00,잠실 관광특구,잠실 관광특구,POI005,KEY_2,1230085700,양재대로.강동대로사이길,1230334700,최소노드배치점,127.1280130627585407_37.5175316488536268,1230050202,속성변화점,127.1283029621945957_37.5202980729066624,323.0,20.0,서행,127.1283029621945957_37.5202980729066624|127.1284869880934565_37.5198916490292831|127.1286040453807260_37.5194988449093358|127.1286401155603869_37.5191957029570418|127.1286322343100750_37.5188746212359092|127.1285506796273381_37.5184532831418807|127.1284264473650580_37.5181404522839657|127.1280130627585407_37.5175316488536268
2026-09-04T13:22:12.125893+09:00,잠실 관광특구,잠실 관광특구,POI005,KEY_2,1230085800,양재대로.강동대로사이길,1230334600,최소노드배치점,127.1281324577583263_37.5174802131984393,1230044604,올림픽공원동문교차로,127.1306432453781667_37.5158930503733714,333.0,20.0,서행,127.1306432453781667_37.5158930503733714|127.1304306419184798_37.5159439490849564|127.1278436313470053_37.5170548436271218|127.1281324577583263_37.5174802131984393
2026-09-04T13:22:12.125893+09:00,잠실 관광특구,잠실 관광특구,POI005,KEY_2,1230088200,양재대로.강동대로사이길,1230196800,꿈나무다리(남측),127.1283746340457981_37.5204440109063455,1230050201,속성변화점,127.1284296259339470_37.5203368866533751,13.0,10.0,정체,127.1284296259339470_37.5203368866533751|127.1283746340457981_37.5204440109063455
2026-09-04T13:22:12.125893+09:00,잠실 관광특구,잠실 관광특구,POI005,KEY_2,1230088300,양재대로.강동대로사이길,1230196500,꿈나무다리(북측),127.1281832207590128_37.5205312266587470,1230052703,올림픽공원북2문앞교차로,127.1278955398801997_37.5239676869855785,421.0,25.0,원활,127.1278955398801997_37.5239676869855785|127.1273300483411504_37.5230946179717293|127.1271761257750654_37.5227528147954175|127.1271136146098968_37.5224320685814590|127.1271364389473888_37.5221410644727129|127.1272519101088534_37.5217772550903916|127.1276017695838618_37.5212911085732799|127.1279442979174661_37.5209163958855996|127.1281570038538149_37.5205822745236119|127.1281832207590128_37.5205312266587470
2026-09-04T13:22:12.125893+09:00,잠실 관광특구,잠실 관광특구,POI005,KEY_2,1230437101,잠실로,1230188302,잠실길지하차도(서측),127.1024547747106510_37.5113805101291220,1230001702,석촌호수앞교차로,127.1019076941057762_37.5111569141952117,54.0,15.0,서행,127.1019076941057762_37.5111569141952117|127.1024547747106510_37.5113805101291220
2026-09-04T13:22:12.125893+09:00,잠실 관광특구,잠실 관광특구,POI005,KEY_2,1230437201,잠실로,1230001701,석촌호수앞교차로,127.1018323332335598_37.5112469862295228,1230188303,잠실길지하차도(서측),127.1023918266045030_37.5114715455822392,55.0,8.0,정체,127.1023918266045030_37.5114715455822392|127.1018323332335598_37.5112469862295228
2026-09-04T13:22:12.125893+09:00,잠실 관광특구,잠실 관광특구,POI005,KEY_2,1230437301,잠실로,1230188502,잠실길지하차도(동측),127.1062173467716150_37.5131578738299325,1230188302,잠실길지하차도(서측),127.1024547747106510_37.5113805101291220,387.0,31.0,원활,127.1024547747106510_37.5113805101291220|127.1030924680476488_37.5116688194554797|127.1037922288458617_37.5120057984034787|127.1044073633298837_37.5122985483592544|127.1051198819620254_37.5126321816150679|127.1062173467716150_37.5131578738299325
2026-09-04T13:22:12.125893+09:00,잠실 관광특구,잠실 관광특구,POI005,KEY_2,1230437401,잠실로,1230188303,잠실길지하차도(서측),127.1023918266045030_37.5114715455822392,1230188503,잠실길지하차도(동측),127.1061687896124681_37.5132231248888246,386.0,17.0,서행,127.1061687896124681_37.5132231248888246|127.1052815756607259_37.5128152477143786|127.1034974052928277_37.5119907247148916|127.1023918266045030_37.5114715455822392
2026-09-04T13:22:12.125893+09:00,잠실 관광특구,잠실 관광특구,POI005,KEY_2,1230437501,-,1230188502,잠실길지하차도(동측),127.1062173467716150_37.5131578738299325,1230188402,신천동 30,127.1050426082693434_37.5125336192748193,126.0,28.0,원활,127.1050426082693434_37.5125336192748193|127.1057099909694585_37.5128445639683008|127.1060250249974217_37.5129978687956296|127.1062173467716150_37.5131578738299325
2026-09-04T13:22:12.125893+09:00,잠실 관광특구,잠실 관광특구,POI005,KEY_2,1230437601,-,1230188403,신천동 30,127.1049002456384613_37.5127083450110632,1230188503,잠실길지하차도(동측),127.1061687896124681_37.5132231248888246,126.0,18.5,서행,127.1061687896124681_37.5132231248888246|127.1058942002584331_37.5131610578152603|127.1056142121499164_37.5130369103311239|127.1049002456384613_37.5127083450110632
2026-09-04T13:22:12.125893+09:00,잠실 관광특구,잠실 관광특구,POI005,KEY_2,1230437701,잠실로,1230394600,신천동 30,127.1067595331203108_37.5134063123268504,1230188502,잠실길지하차도(동측),127.1062173467716150_37.5131578738299325,55.0,8.0,정체,127.1062173467716150_37.5131578738299325|127.1067595331203108_37.5134063123268504
2026-09-04T13:22:12.125893+09:00,잠실 관광특구,잠실 관광특구,POI005,KEY_2,1230437801,잠실로,1230188503,잠실길지하차도(동측),127.1061687896124681_37.5132231248888246,1230043204,잠실전화국,127.1073301047804875_37.5137619968566653,119.0,12.0,정체,127.1073301047804875_37.5137619968566653|127.1067103200439448_37.5134744075350568|127.1061687896124681_37.5132231248888246
2026-09-04T13:22:12.125893+09:00,잠실 관광특구,잠실 관광특구,POI005,KEY_2,1240030800,성안로,1249118500,성내동 450-2,127.1292262080433062_37.5246357770880579,1230052601,올림픽공원북2문,127.1287133329938257_37.5237339387489186,110.0,15.0,서행,127.1287133329938257_37.5237339387489186|127.1289764894649039_37.5241324489509367|127.1292262080433062_37.5246357770880579
2026-09-04T13:22:12.125893+09:00,잠실 관광특구,잠실 관광특구,POI005,KEY_2,1240031600,성내로14길,1249129200,성내동 492,127.1259457409445162_37.5257312228414079,1230052901,그린빌딩,127.1255719037447705_37.5252031128434638,67.0,18.0,서행,127.1255719037447705_37.5252031128434638|127.1259457409445162_37.5257312228414079
2026-09-04T13:22:12.125893+09:00,종로·청계 관광특구,종로·청계 관광특구,POI006,KEY_3,1000000301,종로,1000081900,종로1가 82-2,126.9798999832241719_37.5701535606807582,1000008607,종로구청입구교차로,126.9793805233784241_37.5701494116837509,46.0,33.0,원활,126.9793805233784241_37.5701494116837509|126.9798999832241719_37.5701535606807582
2026-09-04T13:22:12.125893+09:00,종로·청계 관광특구,종로·청계 관광특구,POI006,KEY_3,1000000303,종로,1000008703,종로1가사거리,126.9828971865418197_37.5701731264087542,1000007700,종로1가,126.9822109960776402_37.5701758601934444,61.0,12.0,정체,126.9822109960776402_37.5701758601934444|126.9824008620181672_37.5701779915733454|126.9828971865418197_37.5701731264087542
2026-09-04T13:22:12.125893+09:00,종로·청계 관광특구,종로·청계 관광특구,POI006,KEY_3,1000000401,종로,1000008606,종로구청입구교차로,126.9793844377634713_37.5702575676490582,1000008905,SK빌딩,126.9809530025248421_37.5702700889503021,139.0,15.0,서행,126.9809530025248421_37.5702700889503021|126.9798986206276368_37.5702616744867512|126.9793844377634713_37.5702575676490582
2026-09-04T13:22:12.125893+09:00,종로·청계 관광특구,종로·청계 관광특구,POI006,KEY_3,1000000501,종로,1000008701,종로1가사거리,126.9830485481293891_37.5702800768006568,1000009600,종로1가,126.9837104338048164_37.5702764015435093,58.0,7.0,정체,126.9837104338048164_37.5702764015435093|126.9830485481293891_37.5702800768006568
2026-09-04T13:22:12.125893+09:00,종로·청계 관광특구,종로·청계 관광특구,POI006,KEY_3,1000000503,종로,1000009101,종각지하쇼핑센터,126.9858227292488380_37.5702608423529298,1000008504,종로2가교차로,126.9876156819137520_37.5702574924147754,158.0,11.0,정체,126.9876156819137520_37.5702574924147754|126.9871453036203235_37.5702428823229511|126.9869246551587310_37.5702458796709990|126.9858227292488380_37.5702608423529298
2026-09-04T13:22:12.125893+09:00,종로·청계 관광특구,종로·청계 관광특구,POI006,KEY_3,1000000601,종로,1000007800,종로1가,126.9837094850009294_37.5701682846705296,1000008702,종로1가사거리,126.9830343185050481_37.5701720336345346,60.0,5.0,정체,126.9830343185050481_37.5701720336345346|126.9837094850009294_37.5701682846705296
2026-09-04T13:22:12.125893+09:00,종로·청계 관광특구,종로·청계 관광특구,POI006,KEY_3,1000000602,종로,1000231400,종로2가 1-2,126.9840862081807984_37.5701661909693030,1000007800,종로1가,126.9837094850009294_37.5701682846705296,33.0,4.0,정체,126.9837094850009294_37.5701682846705296|126.9840862081807984_37.5701661909693030
2026-09-04T13:22:12.125893+09:00,종로·청계 관광특구,종로·청계 관광특구,POI006,KEY_3,1000000603,종로,1000181900,종로2가 84-11,126.9869223374955283_37.5701377759501440,1000009102,종각지하쇼핑센터,126.9858204131049462_37.5701527379884581,97.0,5.0,정체,126.9858204131049462_37.5701527379884581|126.9869223374955283_37.5701377759501440
2026-09-04T13:22:12.125893+09:00,종로·청계 관광특구,종로·청계 관광특구,POI006,KEY_3,1000001102,종로,1000009401,육의전박물관,126.9894911528416657_37.5703440400947173,1000009804,종로3가사거리,126.9920644385376676_37.5704709834989146,228.0,6.0,정체,126.9920644385376676_37.5704709834989146|126.9894911528416657_37.5703440400947173
2026-09-04T13:22:12.125893+09:00,종로·청계 관광특구,종로·청계 관광특구,POI006,KEY_3,1000001201,종로,1000151200,종로2가 34-2,126.9885296395007401_37.5701839568255025,1000008502,종로2가교차로,126.9877530838436002_37.5701530192531123,69.0,23.0,서행,126.9877530838436002_37.5701530192531123|126.9881077158716209_37.5701611205547650|126.9885296395007401_37.5701839568255025
2026-09-04T13:22:12.125893+09:00,종로·청계 관광특구,종로·청계 관광특구,POI006,KEY_3,1000001202,종로,1000009803,종로3가사거리,126.9920772085238099_37.5703632864036052,1000009402,육의전박물관,126.9894997373196901_37.5702361366249775,228.0,16.0,서행,126.9894997373196901_37.5702361366249775|126.9920772085238099_37.5703632864036052
2026-09-04T13:22:12.125893+09:00,종로·청계 관광특구,종로·청계 관광특구,POI006,KEY_3,1000001301,종로,1000009001,세종대로사거리,126.9771187019505163_37.5702314111293560,1000009700,종로1가1-3,126.9777559525715844_37.5702421551131351,56.0,7.0,정체,126.9777559525715844_37.5702421551131351|126.9771187019505163_37.5702314111293560
2026-09-04T13:22:12.125893+09:00,종로·청계 관광특구,종로·청계 관광특구,POI006,KEY_3,1000001302,종로,1000009700,종로1가1-3,126.9777559525715844_37.5702421551131351,1000008804,광화문우체국,126.9784336631558119_37.5702494972367163,60.0,8.0,정체,126.9784336631558119_37.5702494972367163|126.9779432056922133_37.5702453112944994|126.9777559525715844_37.5702421551131351
2026-09-04T13:22:12.125893+09:00,종로·청계 관광특구,종로·청계 관광특구,POI006,KEY_3,1000001303,종로,1000008801,광화문우체국,126.9785701334498214_37.5702506615867833,1000008609,종로구청입구교차로,126.9792481536049564_37.5702564438606927,60.0,13.0,정체,126.9792481536049564_37.5702564438606927|126.9785701334498214_37.5702506615867833
2026-09-04T13:22:12.125893+09:00,종로·청계 관광특구,종로·청계 관광특구,POI006,KEY_3,1000001401,종로,1000008000,동아일보사,126.9777588281918099_37.5701340596360964,1000009002,세종대로사거리,126.9770959172438580_37.5701228829325231,59.0,24.0,서행,126.9770959172438580_37.5701228829325231|126.9777588281918099_37.5701340596360964
2026-09-04T13:22:12.125893+09:00,종로·청계 관광특구,종로·청계 관광특구,POI006,KEY_3,1000001402,종로,1000008803,광화문우체국,126.9784351192109852_37.5701413844145975,1000008000,동아일보사,126.9777588281918099_37.5701340596360964,60.0,9.0,정체,126.9777588281918099_37.5701340596360964|126.9779453713088060_37.5701372048683524|126.9784351192109852_37.5701413844145975
2026-09-04T13:22:12.125893+09:00,종로·청계 관광특구,종로·청계 관광특구,POI006,KEY_3,1000001403,종로,1000008608,종로구청입구교차로,126.9792446499360778_37.5701482878816435,1000008802,광화문우체국,126.9785715892256235_37.5701425486416056,59.0,14.0,정체,126.9785715892256235_37.5701425486416056|126.9792446499360778_37.5701482878816435
2026-09-04T13:22:12.125893+09:00,종로·청계 관광특구,종로·청계 관광특구,POI006,KEY_3,1000001501,종로,1000009801,종로3가사거리,126.9922000608216308_37.5704778715046643,1000010004,종묘공원,126.9937102608658108_37.5705569291297934,134.0,4.0,정체,126.9937102608658108_37.5705569291297934|126.9932582925197551_37.5705332710333550|126.9922000608216308_37.5704778715046643
2026-09-04T13:22:12.125893+09:00,종로·청계 관광특구,종로·청계 관광특구,POI006,KEY_3,1000001601,종로,1000161000,종로3가 45-4,126.9932672065188228_37.5704253845720260,1000009802,종로3가사거리,126.9922128288669825_37.5703701868235100,93.0,34.0,원활,126.9922128288669825_37.5703701868235100|126.9932672065188228_37.5704253845720260
2026-09-04T13:22:12.125893+09:00,종로·청계 관광특구,종로·청계 관광특구,POI006,KEY_3,1000001603,종로,1000010400,종로4가,126.9969798514767092_37.5706375452027856,1000010102,세운상가,126.9951427308156298_37.5705198714942412,163.0,17.0,서행,126.9951427308156298_37.5705198714942412|126.9958457643039083_37.5705598683717241|126.9963745621010816_37.5705960239034340|126.9965100719281992_37.5706053072005162|126.9969798514767092_37.5706375452027856
2026-09-04T13:22:12.125893+09:00,종로·청계 관광특구,종로·청계 관광특구,POI006,KEY_3,1000001605,종로,1000011003,종로4가사거리,126.9977066575793003_37.5706842868909874,1000010400,종로4가,126.9969798514767092_37.5706375452027856,64.0,6.0,정체,126.9969798514767092_37.5706375452027856|126.9977066575793003_37.5706842868909874
2026-09-04T13:22:12.125893+09:00,종로·청계 관광특구,종로·청계 관광특구,POI006,KEY_3,1000001801,종로,1000031300,종로4가,126.9985532581453924_37.5707449132439208,1000011002,종로4가사거리,126.9978420032838642_37.5706935232521886,63.0,6.0,정체,126.9978420032838642_37.5706935232521886|126.9985532581453924_37.5707449132439208
2026-09-04T13:22:12.125893+09:00,종로·청계 관광특구,종로·청계 관광특구,POI006,KEY_3,1000001802,종로,1000169300,종로4가 183,126.9992162622975655_37.5707928126224999,1000031300,종로4가,126.9985532581453924_37.5707449132439208,59.0,8.0,정체,126.9985532581453924_37.5707449132439208|126.9992162622975655_37.5707928126224999
2026-09-04T13:22:12.125893+09:00,종로·청계 관광특구,종로·청계 관광특구,POI006,KEY_3,1000002001,종로,1000245300,종로5가 82-1,127.0027233485987352_37.5709694752928485,1000011202,종로5가사거리,127.0019976949529052_37.5709492579211854,64.0,30.0,원활,127.0019976949529052_37.5709492579211854|127.0026822738535230_37.5709687051739039|127.0027233485987352_37.5709694752928485
2026-09-04T13:22:12.125893+09:00,종로·청계 관광특구,종로·청계 관광특구,POI006,KEY_3,1000002201,종로,1000176600,창신동 442-1,127.0108777515568477_37.5716621493242968,1000011702,흥인지문사거리,127.0091495968440398_37.5713227254486739,158.0,11.7,정체,127.0091495968440398_37.5713227254486739|127.0092723977128770_37.5713674394156811|127.0094846006979310_37.5714183224799285|127.0097878732437096_37.5714751424867188|127.0103298320711360_37.5715766797035471|127.0103586021919568_37.5715820697737044|127.0108233682804553_37.5716512389232733|127.0108777515568477_37.5716621493242968
2026-09-04T13:22:12.125893+09:00,종로·청계 관광특구,종로·청계 관광특구,POI006,KEY_3,1000002401,종로,1000203200,숭인동 282-1,127.0165578114239366_37.5732025866726858,1000014102,동묘앞역사거리,127.0157090127315769_37.5729851199764937,79.0,32.0,원활,127.0157090127315769_37.5729851199764937|127.0165578114239366_37.5732025866726858
2026-09-04T13:22:12.125893+09:00,종로·청계 관광특구,종로·청계 관광특구,POI006,KEY_3,1000002701,청계천로,1010032701,청계2가,126.9877539783027771_37.5682760807968279,1000006602,관수동 152-2,126.9894972350662528_37.5683104742400360,154.0,9.0,정체,126.9894972350662528_37.5683104742400360|126.9885265106382519_37.5682545626433182|126.9880976408843622_37.5682583350004933|126.9877539783027771_37.5682760807968279
2026-09-04T13:22:12.125893+09:00,종로·청계 관광특구,종로·청계 관광특구,POI006,KEY_3,1000002702,청계천로,1000006601,관수동 91-4,126.9896326598155412_37.5683193140372680,1000001602,청계3가사거리,126.9922843827072825_37.5685127633063871,235.0,11.0,정체,126.9922843827072825_37.5685127633063871|126.9896326598155412_37.5683193140372680
2026-09-04T13:22:12.125893+09:00,종로·청계 관광특구,종로·청계 관광특구,POI006,KEY_3,1000003001,청계천로,1010033701,광교사거리,126.9828472617604831_37.5690310653232729,1000006702,동광빌딩,126.9856496555834724_37.5685348675876654,254.0,6.0,정체,126.9856496555834724_37.5685348675876654|126.9845929724430675_37.5687445528897968|126.9830379501262456_37.5690132418433791|126.9828472617604831_37.5690310653232729
2026-09-04T13:22:12.125893+09:00,종로·청계 관광특구,종로·청계 관광특구,POI006,KEY_3,1000005301,청계천로,1010035001,청계5가,127.0020881246934152_37.5698075774404145,1000031402,버들다리(북측),127.0066778573984863_37.5698145407186601,405.0,13.3,정체,127.0066778573984863_37.5698145407186601|127.0020881246934152_37.5698075774404145
2026-09-04T13:22:12.125893+09:00,종로·청계 관광특구,종로·청계 관광특구,POI006,KEY_3,1000003002,청계천로,1000006701,동광빌딩,126.9857835455856332_37.5685053538768585,1010032702,청계2가,126.9876182832415594_37.5682809508841231,165.0,8.0,정체,126.9876182832415594_37.5682809508841231|126.9873100375229313_37.5682871695245453|126.9868524145434350_37.5683023760080914|126.9865577109127059_37.5683366707556416|126.9863804072084292_37.5683652570468496|126.9861647659198667_37.5684129099601307|126.9857835455856332_37.5685053538768585
2026-09-04T13:22:12.125893+09:00,종로·청계 관광특구,종로·청계 관광특구,POI006,KEY_3,1000003101,청계천로,1000001601,청계3가사거리,126.9924197004040280_37.5685221720677589,1000006802,세운교,126.9952943683145179_37.5687121004089306,255.0,12.0,정체,126.9952943683145179_37.5687121004089306|126.9924197004040280_37.5685221720677589
2026-09-04T13:22:12.125893+09:00,종로·청계 관광특구,종로·청계 관광특구,POI006,KEY_3,1000003102,청계천로,1000006802,세운교,126.9952943683145179_37.5687121004089306,1010034002,청계4가사거리,126.9978567741960518_37.5690141197168899,229.0,13.0,정체,126.9978567741960518_37.5690141197168899|126.9977196243080755_37.5689778939568413|126.9973817991979672_37.5689244876432014|126.9962389430763210_37.5687890515443357|126.9952943683145179_37.5687121004089306
2026-09-04T13:22:12.125893+09:00,종로·청계 관광특구,종로·청계 관광특구,POI006,KEY_3,1000003400,청계천로,1010034301,무교동사거리,126.9793440155466442_37.5692674718774171,1010033702,광교사거리,126.9827120922386285_37.5690419071249693,299.0,20.0,서행,126.9827120922386285_37.5690419071249693|126.9793440155466442_37.5692674718774171
2026-09-04T13:22:12.125893+09:00,종로·청계 관광특구,종로·청계 관광특구,POI006,KEY_3,1000003801,청계천로,1000031000,청계광장,126.9770921904126482_37.5694157550093379,1000007002,동아일보사,126.9783460265061024_37.5693222473721278,111.0,9.0,정체,126.9783460265061024_37.5693222473721278|126.9773834142662849_37.5693879956262435|126.9770921904126482_37.5694157550093379
2026-09-04T13:22:12.125893+09:00,종로·청계 관광특구,종로·청계 관광특구,POI006,KEY_3,1000003802,청계천로,1000007001,동아일보사,126.9784814758997982_37.5693140408546356,1010034302,무교동사거리,126.9792084451945726_37.5692755952973627,64.0,16.0,서행,126.9792084451945726_37.5692755952973627|126.9784814758997982_37.5693140408546356
2026-09-04T13:22:12.125893+09:00,종로·청계 관광특구,종로·청계 관광특구,POI006,KEY_3,1000003900,삼일대로,1000151000,관철동 268,126.9876175548289154_37.5696044234772373,1000008503,종로2가교차로,126.9876172549084856_37.5701493398525912,60.0,5.0,정체,126.9876172549084856_37.5701493398525912|126.9876175548289154_37.5696044234772373
2026-09-04T13:22:12.125893+09:00,종로·청계 관광특구,종로·청계 관광특구,POI006,KEY_3,1000004000,삼일대로,1000151100,종로2가 84-11,126.9877533452622771_37.5696044693991666,1010032701,청계2가,126.9877539783027771_37.5682760807968279,147.0,8.5,정체,126.9877539783027771_37.5682760807968279|126.9877537065576405_37.5688463253598712|126.9877535398068744_37.5691962384911236|126.9877533452622771_37.5696044693991666
2026-09-04T13:22:12.125893+09:00,종로·청계 관광특구,종로·청계 관광특구,POI006,KEY_3,1000004300,청계천로,1010034001,청계4가사거리,126.9979899258223242_37.5690487214556867,1010035002,청계5가,127.0019528507516640_37.5697976426441400,360.0,9.0,정체,127.0019528507516640_37.5697976426441400|127.0017358863905201_37.5697659409256488|127.0000347507350966_37.5694727355165128|126.9982497711816194_37.5691151390471632|126.9979899258223242_37.5690487214556867
2026-09-04T13:22:12.125893+09:00,종로·청계 관광특구,종로·청계 관광특구,POI006,KEY_3,1000004601,충무로,1000001601,청계3가사거리,126.9924197004040280_37.5685221720677589,1010032601,청계3가사거리,126.9924532079404145_37.5682271426007404,33.0,13.0,정체,126.9924532079404145_37.5682271426007404|126.9924197004040280_37.5685221720677589
2026-09-04T13:22:12.125893+09:00,종로·청계 관광특구,종로·청계 관광특구,POI006,KEY_3,1000004602,돈화문로,1000009802,종로3가사거리,126.9922128288669825_37.5703701868235100,1000001601,청계3가사거리,126.9924197004040280_37.5685221720677589,206.0,10.0,정체,126.9924197004040280_37.5685221720677589|126.9923429257738547_37.5692728725519558|126.9923404394218522_37.5692938442209439|126.9922128288669825_37.5703701868235100
2026-09-04T13:22:12.125893+09:00,종로·청계 관광특구,종로·청계 관광특구,POI006,KEY_3,1000004701,우정국로,1010033702,광교사거리,126.9827120922386285_37.5690419071249693,1000007200,종로1가,126.9827935302844111_37.5696197701673924,65.0,13.0,정체,126.9827935302844111_37.5696197701673924|126.9827458886658889_37.5693654356143227|126.9827120922386285_37.5690419071249693
2026-09-04T13:22:12.125893+09:00,종로·청계 관광특구,종로·청계 관광특구,POI006,KEY_3,1000004702,우정국로,1000007200,종로1가,126.9827935302844111_37.5696197701673924,1000008703,종로1가사거리,126.9828971865418197_37.5701731264087542,62.0,13.0,정체,126.9828971865418197_37.5701731264087542|126.9827935302844111_37.5696197701673924
2026-09-04T13:22:12.125893+09:00,종로·청계 관광특구,종로·청계 관광특구,POI006,KEY_3,1000004801,우정국로,1000007100,종로1가,126.9829278791696936_37.5696038258341787,1010033701,광교사거리,126.9828472617604831_37.5690310653232729,64.0,23.0,서행,126.9828472617604831_37.5690310653232729|126.9828808883077329_37.5693529710736058|126.9829278791696936_37.5696038258341787
2026-09-04T13:22:12.125893+09:00,종로·청계 관광특구,종로·청계 관광특구,POI006,KEY_3,1000004802,우정국로,1000008702,종로1가사거리,126.9830343185050481_37.5701720336345346,1000007100,종로1가,126.9829278791696936_37.5696038258341787,64.0,13.0,정체,126.9829278791696936_37.5696038258341787|126.9830343185050481_37.5701720336345346
2026-09-04T13:22:12.125893+09:00,종로·청계 관광특구,종로·청계 관광특구,POI006,KEY_3,1000005000,무교로,1000008607,종로구청입구교차로,126.9793805233784241_37.5701494116837509,1010034301,무교동사거리,126.9793440155466442_37.5692674718774171,98.0,9.0,정체,126.9793440155466442_37.5692674718774171|126.9793805233784241_37.5701494116837509
2026-09-04T13:22:12.125893+09:00,종로·청계 관광특구,종로·청계 관광특구,POI006,KEY_3,1000005302,청계천로,1000031401,버들다리(북측),127.0068104529230624_37.5697993350473567,1010035102,청계6가사거리,127.0096210652811237_37.5699440857354006,249.0,11.0,정체,127.0096210652811237_37.5699440857354006|127.0093543827214120_37.5699514872757661|127.0068104529230624_37.5697993350473567
2026-09-04T13:22:12.125893+09:00,종로·청계 관광특구,종로·청계 관광특구,POI006,KEY_3,1000005501,창경궁로,1010034002,청계4가사거리,126.9978567741960518_37.5690141197168899,1000009200,종로4가,126.9977510820364870_37.5702192149541574,134.0,7.0,정체,126.9977510820364870_37.5702192149541574|126.9977619635523922_37.5701052996103186|126.9977928254472488_37.5697501122231543|126.9978567741960518_37.5690141197168899
2026-09-04T13:22:12.125893+09:00,종로·청계 관광특구,종로·청계 관광특구,POI006,KEY_3,1000005502,창경궁로,1000009200,종로4가,126.9977510820364870_37.5702192149541574,1000011003,종로4가사거리,126.9977066575793003_37.5706842868909874,52.0,11.0,정체,126.9977066575793003_37.5706842868909874|126.9977510820364870_37.5702192149541574
2026-09-04T13:22:12.125893+09:00,종로·청계 관광특구,종로·청계 관광특구,POI006,KEY_3,1000005700,청계천로,1000256400,최소노드배치점,127.0127816976351198_37.5699685404101658,1010035202,청계7가사거리,127.0158040936899226_37.5700110354399825,267.0,11.7,정체,127.0158040936899226_37.5700110354399825|127.0155094115753371_37.5699917344054910|127.0127816976351198_37.5699685404101658
2026-09-04T13:22:12.125893+09:00,종로·청계 관광특구,종로·청계 관광특구,POI006,KEY_3,1000005900,동호로,1000080900,종로5가 194-1,127.0019049283621939_37.5704023856927236,1000011203,종로5가사거리,127.0018619903622010_37.5709442212742246,60.0,6.0,정체,127.0018619903622010_37.5709442212742246|127.0019049283621939_37.5704023856927236
2026-09-04T13:22:12.125893+09:00,종로·청계 관광특구,종로·청계 관광특구,POI006,KEY_3,1000006000,동호로,1000081000,종로5가 194-1,127.0020404728760326_37.5704091886523841,1010035001,청계5가,127.0020881246934152_37.5698075774404145,67.0,10.0,정체,127.0020881246934152_37.5698075774404145|127.0020404728760326_37.5704091886523841
2026-09-04T13:22:12.125893+09:00,종로·청계 관광특구,종로·청계 관광특구,POI006,KEY_3,1000006101,율곡로,1010035102,청계6가사거리,127.0096210652811237_37.5699440857354006,1000009900,흥인지문,127.0093873462230221_37.5706631809010148,83.0,11.0,정체,127.0093873462230221_37.5706631809010148|127.0094292652047443_37.5705741772424844|127.0094975291804218_37.5704036160553798|127.0095564087739035_37.5702141995526446|127.0096210652811237_37.5699440857354006
2026-09-04T13:22:12.125893+09:00,종로·청계 관광특구,종로·청계 관광특구,POI006,KEY_3,1000006102,율곡로,1000009900,흥인지문,127.0093873462230221_37.5706631809010148,1000011703,흥인지문사거리,127.0090256024343631_37.5712778950010033,75.0,12.0,정체,127.0090256024343631_37.5712778950010033|127.0091075737013711_37.5711579258072774|127.0092355138361029_37.5709579814170240|127.0093370098156385_37.5707700537480775|127.0093873462230221_37.5706631809010148
2026-09-04T13:22:12.125893+09:00,종로·청계 관광특구,종로·청계 관광특구,POI006,KEY_3,1000006200,율곡로,1000011702,흥인지문사거리,127.0091495968440398_37.5713227254486739,1010035101,청계6가사거리,127.0097583244985060_37.5699427587399839,163.0,13.0,정체,127.0097583244985060_37.5699427587399839|127.0096891857815962_37.5702372118649492|127.0096283139498468_37.5704330409796157|127.0095576557767316_37.5706095859452489|127.0095145373694692_37.5707011341562094|127.0094630728513749_37.5708104028937200|127.0093585611355422_37.5710039143764831|127.0092277816811901_37.5712082974230555|127.0091495968440398_37.5713227254486739
2026-09-04T13:22:12.125893+09:00,종로·청계 관광특구,종로·청계 관광특구,POI006,KEY_3,1000006702,종로3길,1000008609,종로구청입구교차로,126.9792481536049564_37.5702564438606927,1000008604,KT광화문빌딩East,126.9792392182412755_37.5711995824609417,105.0,5.0,정체,126.9792392182412755_37.5711995824609417|126.9792562098357678_37.5705013662105856|126.9792481536049564_37.5702564438606927
2026-09-04T13:22:12.125893+09:00,종로·청계 관광특구,종로·청계 관광특구,POI006,KEY_3,1000006801,종로3길,1000008603,KT광화문빌딩East,126.9793750304311573_37.5712016763059680,1000008606,종로구청입구교차로,126.9793844377634713_37.5702575676490582,105.0,3.0,정체,126.9793844377634713_37.5702575676490582|126.9793920781041692_37.5705010629446505|126.9793750304311573_37.5712016763059680
2026-09-04T13:22:12.125893+09:00,종로·청계 관광특구,종로·청계 관광특구,POI006,KEY_3,1000007100,돈화문로,1000145800,묘동 20-5,126.9916684242814142_37.5719817889873724,1000013303,묘동사거리,126.9914801613035706_37.5725495704926047,65.0,13.0,정체,126.9914801613035706_37.5725495704926047|126.9916684242814142_37.5719817889873724
2026-09-04T13:22:12.125893+09:00,종로·청계 관광특구,종로·청계 관광특구,POI006,KEY_3,1000007200,돈화문로,1000059400,묘동 20-5,126.9921535095209890_37.5708464956724839,1000009801,종로3가사거리,126.9922000608216308_37.5704778715046643,41.0,9.5,정체,126.9922000608216308_37.5704778715046643|126.9921602362403092_37.5708137185849509|126.9921535095209890_37.5708464956724839
2026-09-04T13:22:12.125893+09:00,종로·청계 관광특구,종로·청계 관광특구,POI006,KEY_3,1000022600,수표로,1000108100,관수동 14-2,126.9894314284546084_37.5692594329428573,1000009403,육의전박물관,126.9893641825799904_37.5702291213036688,108.0,14.0,정체,126.9893641825799904_37.5702291213036688|126.9894314284546084_37.5692594329428573
2026-09-04T13:22:12.125893+09:00,종로·청계 관광특구,종로·청계 관광특구,POI006,KEY_3,1000022700,수표로,1000108200,관수동 137-1,126.9895670546993642_37.5692653917909638,1000006601,관수동 91-4,126.9896326598155412_37.5683193140372680,105.0,13.0,정체,126.9896326598155412_37.5683193140372680|126.9895670546993642_37.5692653917909638
2026-09-04T13:22:12.125893+09:00,종로·청계 관광특구,종로·청계 관광특구,POI006,KEY_3,1000023500,종로,1000007002,동아일보사,126.9783460265061024_37.5693222473721278,1000008803,광화문우체국,126.9784351192109852_37.5701413844145975,91.0,19.0,서행,126.9784351192109852_37.5701413844145975|126.9783460265061024_37.5693222473721278
2026-09-04T13:22:12.125893+09:00,종로·청계 관광특구,종로·청계 관광특구,POI006,KEY_3,1000023600,종로,1000007200,종로1가,126.9827935302844111_37.5696197701673924,1000007700,종로1가,126.9822109960776402_37.5701758601934444,90.0,13.0,정체,126.9822109960776402_37.5701758601934444|126.9823538247533747_37.5701681727122576|126.9825335459648414_37.5700690295792086|126.9826437791460876_37.5699908547526107|126.9827324536877029_37.5698897904859521|126.9827899849345840_37.5697677437382040|126.9827935302844111_37.5696197701673924
2026-09-04T13:22:12.125893+09:00,종로·청계 관광특구,종로·청계 관광특구,POI006,KEY_3,1000023700,종로,1000007800,종로1가,126.9837094850009294_37.5701682846705296,1000007100,종로1가,126.9829278791696936_37.5696038258341787,103.0,10.0,정체,126.9829278791696936_37.5696038258341787|126.9830032097695494_37.5698402452960423|126.9830990215400703_37.5699604067910897|126.9831924475550267_37.5700347972999680|126.9833242130892046_37.5700939366007987|126.9834847309357855_37.5701511723724835|126.9837094850009294_37.5701682846705296
2026-09-04T13:22:12.125893+09:00,종로·청계 관광특구,종로·청계 관광특구,POI006,KEY_3,1000023900,종로,1000008000,동아일보사,126.9777588281918099_37.5701340596360964,1000007400,청계천광장,126.9770893091757529_37.5695834801641908,91.0,8.0,정체,126.9770893091757529_37.5695834801641908|126.9770963075021939_37.5696479702720865|126.9772094321437663_37.5697743360528662|126.9773459521211265_37.5699388507560457|126.9774735034476549_37.5700533015790512|126.9775723207871607_37.5701062430602590|126.9777588281918099_37.5701340596360964
2026-09-04T13:22:12.125893+09:00,종로·청계 관광특구,종로·청계 관광특구,POI006,KEY_3,1000024200,종로40길,1000056800,종로6가 94-1,127.0066606069363075_37.5704117265212076,1000011403,종로6가,127.0066422217709032_37.5710481835517882,71.0,6.0,정체,127.0066422217709032_37.5710481835517882|127.0066606069363075_37.5704117265212076
2026-09-04T13:22:12.125893+09:00,종로·청계 관광특구,종로·청계 관광특구,POI006,KEY_3,1000024600,종로,1000009200,종로4가,126.9977510820364870_37.5702192149541574,1000010400,종로4가,126.9969798514767092_37.5706375452027856,82.0,11.0,정체,126.9969798514767092_37.5706375452027856|126.9977510820364870_37.5702192149541574
2026-09-04T13:22:12.125893+09:00,종로·청계 관광특구,종로·청계 관광특구,POI006,KEY_3,1000025300,종로,1000009900,흥인지문,127.0093873462230221_37.5706631809010148,1000011300,동대문역10번출구,127.0080672314708750_37.5710785300975587,130.0,16.0,서행,127.0080672314708750_37.5710785300975587|127.0085333891818209_37.5710486383400308|127.0087654958763324_37.5709979628760777|127.0089601650943791_37.5709413315209986|127.0091211384305581_37.5708727822850008|127.0093873462230221_37.5706631809010148
2026-09-04T13:22:12.125893+09:00,종로·청계 관광특구,종로·청계 관광특구,POI006,KEY_3,1000028300,서순라길,1000179700,묘동 164-2,126.9918986546224602_37.5725528238137017,1000013302,묘동사거리,126.9916200024151749_37.5725515277908357,25.0,16.0,서행,126.9916200024151749_37.5725515277908357|126.9918986546224602_37.5725528238137017
2026-09-04T13:22:12.125893+09:00,종로·청계 관광특구,종로·청계 관광특구,POI006,KEY_3,1000044900,종로,1000031300,종로4가,126.9985532581453924_37.5707449132439208,1000031200,종로4가,126.9978863472252044_37.5702292896807890,82.0,10.0,정체,126.9978863472252044_37.5702292896807890|126.9985532581453924_37.5707449132439208
2026-09-04T13:22:12.125893+09:00,종로·청계 관광특구,종로·청계 관광특구,POI006,KEY_3,1000047200,지봉로,1000074500,창신동 397-6,127.0157169552058747_37.5712846872494310,1000014103,동묘앞역사거리,127.0155780893531698_37.5729481588667227,185.0,11.5,정체,127.0155780893531698_37.5729481588667227|127.0156159971831329_37.5727174560925832|127.0156606543816764_37.5720471206749451|127.0156947959210640_37.5715847731665988|127.0157169552058747_37.5712846872494310
2026-09-04T13:22:12.125893+09:00,종로·청계 관광특구,종로·청계 관광특구,POI006,KEY_3,1010016504,삼일대로,1010032102,청계2가교차로,126.9875991297301567_37.5679809831949356,1010032702,청계2가,126.9876182832415594_37.5682809508841231,33.0,4.0,정체,126.9876182832415594_37.5682809508841231|126.9875991297301567_37.5679809831949356
2026-09-04T13:22:12.125893+09:00,종로·청계 관광특구,종로·청계 관광특구,POI006,KEY_3,1010016603,삼일대로,1010032701,청계2가,126.9877539783027771_37.5682760807968279,1010032101,청계2가교차로,126.9877349955711310_37.5679787776906622,33.0,8.0,정체,126.9877349955711310_37.5679787776906622|126.9877539783027771_37.5682760807968279
2026-09-04T13:22:12.125893+09:00,종로·청계 관광특구,종로·청계 관광특구,POI006,KEY_3,1010016903,우정국로,1010033402,광교교차로,126.9826972926992426_37.5687326607183465,1010033702,광교사거리,126.9827120922386285_37.5690419071249693,34.0,11.0,정체,126.9827120922386285_37.5690419071249693|126.9826972926992426_37.5687326607183465
2026-09-04T13:22:12.125893+09:00,종로·청계 관광특구,종로·청계 관광특구,POI006,KEY_3,1010017003,우정국로,1010033701,광교사거리,126.9828472617604831_37.5690310653232729,1010033401,광교교차로,126.9828323504512895_37.5687142869809634,35.0,28.0,원활,126.9828323504512895_37.5687142869809634|126.9828472617604831_37.5690310653232729
2026-09-04T13:22:12.125893+09:00,종로·청계 관광특구,종로·청계 관광특구,POI006,KEY_3,1010017103,창경궁로,1010033502,청계4가사거리,126.9978802454382389_37.5687215808426274,1010034002,청계4가사거리,126.9978567741960518_37.5690141197168899,33.0,4.0,정체,126.9978567741960518_37.5690141197168899|126.9978802454382389_37.5687215808426274
2026-09-04T13:22:12.125893+09:00,종로·청계 관광특구,종로·청계 관광특구,POI006,KEY_3,1010017305,율곡로,1010034702,청계6가사거리,127.0096736759349909_37.5696339498216076,1010035102,청계6가사거리,127.0096210652811237_37.5699440857354006,35.0,15.0,서행,127.0096210652811237_37.5699440857354006|127.0096736759349909_37.5696339498216076
2026-09-04T13:22:12.125893+09:00,종로·청계 관광특구,종로·청계 관광특구,POI006,KEY_3,1010017406,율곡로,1010035101,청계6가사거리,127.0097583244985060_37.5699427587399839,1010034701,청계6가사거리,127.0098099727011487_37.5696292980751281,35.0,29.0,원활,127.0098099727011487_37.5696292980751281|127.0097583244985060_37.5699427587399839
2026-09-04T13:22:12.125893+09:00,종로·청계 관광특구,종로·청계 관광특구,POI006,KEY_3,1010017602,무교로,1010034301,무교동사거리,126.9793440155466442_37.5692674718774171,1010034101,무교동사거리,126.9793610650683036_37.5689718470786644,33.0,3.0,정체,126.9793610650683036_37.5689718470786644|126.9793440155466442_37.5692674718774171
2026-09-04T13:22:12.125893+09:00,종로·청계 관광특구,종로·청계 관광특구,POI006,KEY_3,1010018304,동호로,1010034602,청계5가교차로,127.0019837396539657_37.5694814402428676,1010035002,청계5가,127.0019528507516640_37.5697976426441400,35.0,4.0,정체,127.0019528507516640_37.5697976426441400|127.0019837396539657_37.5694814402428676
2026-09-04T13:22:12.125893+09:00,종로·청계 관광특구,종로·청계 관광특구,POI006,KEY_3,1010018404,동호로,1010035001,청계5가,127.0020881246934152_37.5698075774404145,1010034601,청계5가교차로,127.0021191180861280_37.5694902995239062,35.0,10.0,정체,127.0021191180861280_37.5694902995239062|127.0020881246934152_37.5698075774404145
2026-09-04T13:22:12.125893+09:00,홍대 관광특구,홍대 관광특구,POI007,KEY_4,1120004701,연희로,1130001804,동교동삼거리,126.9268950567400083_37.5587611086849407,1130032500,동교동삼거리,126.9265306057119460_37.5594558524399389,84.0,10.0,정체,126.9265306057119460_37.5594558524399389|126.9265681925086255_37.5592771793147833|126.9266988610016114_37.5590497894311639|126.9268950567400083_37.5587611086849407
2026-09-04T13:22:12.125893+09:00,홍대 관광특구,홍대 관광특구,POI007,KEY_4,1130001505,양화로,1130052000,합정역8번출구,126.9125610162048474_37.5489924297706352,1130021604,합정역교차로,126.9133271355590011_37.5492481379057494,74.0,35.0,원활,126.9133271355590011_37.5492481379057494|126.9131511937065824_37.5491581588815038|126.9128784491420845_37.5490701385518264|126.9125610162048474_37.5489924297706352
2026-09-04T13:22:12.125893+09:00,홍대 관광특구,홍대 관광특구,POI007,KEY_4,1130001606,양화로,1130021603,합정역교차로,126.9133979744090510_37.5491558635704337,1130021800,합정역8번출구,126.9126009251802998_37.5488890850710817,77.0,4.0,정체,126.9126009251802998_37.5488890850710817|126.9129239950553085_37.5489681728266333|126.9132139348755288_37.5490617432278029|126.9133979744090510_37.5491558635704337
2026-09-04T13:22:12.125893+09:00,홍대 관광특구,홍대 관광특구,POI007,KEY_4,1130002101,양화로,1130021601,합정역교차로,126.9134396891751067_37.5493101529960995,1130022800,합정역(서울2호선),126.9139380043217500_37.5496171809286139,56.0,38.0,원활,126.9139380043217500_37.5496171809286139|126.9138232146117105_37.5495337692831868|126.9134396891751067_37.5493101529960995
2026-09-04T13:22:12.125893+09:00,홍대 관광특구,홍대 관광특구,POI007,KEY_4,1130002102,양화로,1130022800,합정역(서울2호선),126.9139380043217500_37.5496171809286139,1130024304,누아갤러리,126.9154925570157388_37.5507467776258252,186.0,22.3,서행,126.9154925570157388_37.5507467776258252|126.9142500058633658_37.5498438974214181|126.9139380043217500_37.5496171809286139
2026-09-04T13:22:12.125893+09:00,홍대 관광특구,홍대 관광특구,POI007,KEY_4,1130002103,양화로,1130061000,서교동 427,126.9167660297625986_37.5517097625194793,1130025604,서교동사거리,126.9181132815169946_37.5527298448976765,164.0,24.0,서행,126.9181132815169946_37.5527298448976765|126.9171655098772931_37.5520122365821649|126.9167660297625986_37.5517097625194793
2026-09-04T13:22:12.125893+09:00,홍대 관광특구,홍대 관광특구,POI007,KEY_4,1130002201,양화로,1130022400,합정역5번출구,126.9140295476794051_37.5495373218593258,1130021602,합정역교차로,126.9135099145764940_37.5492170875193594,58.0,13.0,정체,126.9135099145764940_37.5492170875193594|126.9139093521257280_37.5494499807109747|126.9140295476794051_37.5495373218593258
2026-09-04T13:22:12.125893+09:00,홍대 관광특구,홍대 관광특구,POI007,KEY_4,1130002202,양화로,1130073600,합정동 402,126.9143415490859326_37.5497640377180701,1130022400,합정역5번출구,126.9140295476794051_37.5495373218593258,37.0,13.0,정체,126.9140295476794051_37.5495373218593258|126.9143415490859326_37.5497640377180701
2026-09-04T13:22:12.125893+09:00,홍대 관광특구,홍대 관광특구,POI007,KEY_4,1130002501,양화로,1130025601,서교동사거리,126.9182122864217916_37.5528038522271572,1130025904,서교동 427,126.9197888664365763_37.5539674961994976,190.0,5.0,정체,126.9197888664365763_37.5539674961994976|126.9185449616588812_37.5530493983241485|126.9182122864217916_37.5528038522271572
2026-09-04T13:22:12.125893+09:00,홍대 관광특구,홍대 관광특구,POI007,KEY_4,1130002502,양화로,1130025901,서교동 427,126.9198881225875368_37.5540412931764607,1130027404,홍대입구역앞교차로,126.9214584654919236_37.5552173006732275,190.0,6.0,정체,126.9214584654919236_37.5552173006732275|126.9198881225875368_37.5540412931764607
2026-09-04T13:22:12.125893+09:00,홍대 관광특구,홍대 관광특구,POI007,KEY_4,1130003701,양화로,1130273800,동교동 155-55,126.9227158165769538_37.5561519142828715,1130030004,홍대입구역(서울2호선),126.9240038282710827_37.5571089892898087,156.0,8.0,정체,126.9240038282710827_37.5571089892898087|126.9227158165769538_37.5561519142828715
2026-09-04T13:22:12.125893+09:00,홍대 관광특구,홍대 관광특구,POI007,KEY_4,1130003702,양화로,1130030001,홍대입구역(서울2호선),126.9241024975835899_37.5571832879291989,1130031303,대성카센터,126.9247680509792247_37.5576912738708160,81.0,12.0,정체,126.9247680509792247_37.5576912738708160|126.9241024975835899_37.5571832879291989
2026-09-04T13:22:12.125893+09:00,홍대 관광특구,홍대 관광특구,POI007,KEY_4,1130003703,양화로,1130260400,동교동 155-54,126.9256281988244410_37.5583324442910680,1130032300,동교동삼거리,126.9260758648074869_37.5586455831952080,53.0,8.0,정체,126.9260758648074869_37.5586455831952080|126.9259516460622734_37.5585781495251254|126.9256756439668692_37.5583677527849815|126.9256281988244410_37.5583324442910680
2026-09-04T13:22:12.125893+09:00,홍대 관광특구,홍대 관광특구,POI007,KEY_4,1130003704,양화로,1130032300,동교동삼거리,126.9260758648074869_37.5586455831952080,1130001804,동교동삼거리,126.9268950567400083_37.5587611086849407,75.0,28.0,원활,126.9268950567400083_37.5587611086849407|126.9268455311802200_37.5587689621708094|126.9267020111609838_37.5587790282963496|126.9265461121104579_37.5587713324019461|126.9263918168373806_37.5587486717422934|126.9262198315530981_37.5587079879979058|126.9260758648074869_37.5586455831952080
2026-09-04T13:22:12.125893+09:00,홍대 관광특구,홍대 관광특구,POI007,KEY_4,1130012504,독막로,1130052100,합정역7번출구,126.9140173730645671_37.5487741682980598,1130021603,합정역교차로,126.9133979744090510_37.5491558635704337,71.0,24.0,서행,126.9133979744090510_37.5491558635704337|126.9135406193636584_37.5489949395947065|126.9136811129909290_37.5488909851792201|126.9137974866256258_37.5488341856604748|126.9139631942102255_37.5487857147723645|126.9140173730645671_37.5487741682980598
2026-09-04T13:22:12.125893+09:00,홍대 관광특구,홍대 관광특구,POI007,KEY_4,1130012601,독막로,1130021602,합정역교차로,126.9135099145764940_37.5492170875193594,1130021400,합정역6번출구,126.9140524865152884_37.5488786114665416,63.0,3.0,정체,126.9140524865152884_37.5488786114665416|126.9140042501253305_37.5488888909759595|126.9138569670299148_37.5489319720761685|126.9137636338956270_37.5489775269032293|126.9136434160954963_37.5490664775041694|126.9135099145764940_37.5492170875193594
2026-09-04T13:22:12.125893+09:00,홍대 관광특구,홍대 관광특구,POI007,KEY_4,1130012604,독막로,1130181200,상수동 309-18,126.9218696837411784_37.5478321154183874,1130004604,상수역앞교차로,126.9229254474764872_37.5478016570923359,93.0,25.0,원활,126.9229254474764872_37.5478016570923359|126.9218696837411784_37.5478321154183874
2026-09-04T13:22:12.125893+09:00,홍대 관광특구,홍대 관광특구,POI007,KEY_4,1130013100,와우산로,1130124200,서교동 406,126.9229920019003544_37.5501657824683832,1130005003,서교동 406,126.9230055961275383_37.5506651939424145,55.0,11.5,정체,126.9230055961275383_37.5506651939424145|126.9229920019003544_37.5501657824683832
2026-09-04T13:22:12.125893+09:00,홍대 관광특구,홍대 관광특구,POI007,KEY_4,1130013701,잔다리로,1130005003,서교동 406,126.9230055961275383_37.5506651939424145,1130024402,태성빌딩,126.9212984594291243_37.5507136993635982,151.0,11.0,정체,126.9212984594291243_37.5507136993635982|126.9217266238917006_37.5507015361146728|126.9221144105031556_37.5506905185719049|126.9230055961275383_37.5506651939424145
2026-09-04T13:22:12.125893+09:00,홍대 관광특구,홍대 관광특구,POI007,KEY_4,1130013702,잔다리로,1130190600,서교동 427,126.9189825850368720_37.5519723209559828,1130025603,서교동사거리,126.9182053202966358_37.5526503262188740,102.0,23.3,서행,126.9182053202966358_37.5526503262188740|126.9189825850368720_37.5519723209559828
2026-09-04T13:22:12.125893+09:00,홍대 관광특구,홍대 관광특구,POI007,KEY_4,1130013801,잔다리로,1130191400,서교동 406,126.9221192536904113_37.5507985694623727,1130005004,서교동 406,126.9230243233857180_37.5507728502407474,80.0,19.3,서행,126.9230243233857180_37.5507728502407474|126.9221192536904113_37.5507985694623727
2026-09-04T13:22:12.125893+09:00,홍대 관광특구,홍대 관광특구,POI007,KEY_4,1130013802,잔다리로,1130078500,서교동 427,126.9207065337273690_37.5508354595409060,1130024404,태성빌딩,126.9211838126956309_37.5508247851285262,42.0,10.0,정체,126.9211838126956309_37.5508247851285262|126.9207065337273690_37.5508354595409060
2026-09-04T13:22:12.125893+09:00,홍대 관광특구,홍대 관광특구,POI007,KEY_4,1130014101,월드컵로,1130021604,합정역교차로,126.9133271355590011_37.5492481379057494,1130022900,합정역9번출구,126.9130418149968449_37.5497885897765329,65.0,10.0,정체,126.9130418149968449_37.5497885897765329|126.9130982247336163_37.5496351327381603|126.9132269055929783_37.5494015408536583|126.9133271355590011_37.5492481379057494
2026-09-04T13:22:12.125893+09:00,홍대 관광특구,홍대 관광특구,POI007,KEY_4,1130014102,월드컵로,1130135600,합정동 402,126.9128188401226964_37.5505027227293695,1130025203,합정동주민센터,126.9124127492584506_37.5518459734548173,153.0,12.0,정체,126.9124127492584506_37.5518459734548173|126.9128188401226964_37.5505027227293695
2026-09-04T13:22:12.125893+09:00,홍대 관광특구,홍대 관광특구,POI007,KEY_4,1130014103,월드컵로,1130076100,합정동 426-38,126.9121437730441926_37.5527273387387908,1130026004,성산초교앞교차로,126.9116840665830637_37.5541751613641424,166.0,20.0,서행,126.9116840665830637_37.5541751613641424|126.9117399457097122_37.5540497782302225|126.9121437730441926_37.5527273387387908
2026-09-04T13:22:12.125893+09:00,홍대 관광특구,홍대 관광특구,POI007,KEY_4,1130014201,월드컵로,1130023000,합정역9번출구,126.9131721455813278_37.5498189592265703,1130021601,합정역교차로,126.9134396891751067_37.5493101529960995,61.0,16.0,서행,126.9134396891751067_37.5493101529960995|126.9133494569869924_37.5494482548088371|126.9132260984452927_37.5496721848271662|126.9131721455813278_37.5498189592265703
2026-09-04T13:22:12.125893+09:00,홍대 관광특구,홍대 관광특구,POI007,KEY_4,1130014202,월드컵로,1130025202,합정동주민센터,126.9125490838489583_37.5518570392708213,1130023000,합정역9번출구,126.9131721455813278_37.5498189592265703,233.0,19.3,서행,126.9131721455813278_37.5498189592265703|126.9131331753272036_37.5499249762533154|126.9129508683919170_37.5505280238880061|126.9125490838489583_37.5518570392708213
2026-09-04T13:22:12.125893+09:00,홍대 관광특구,홍대 관광특구,POI007,KEY_4,1130014203,월드컵로,1130076000,서교동 419-2,126.9122757323099222_37.5527528799291730,1130025201,합정동주민센터,126.9125164449968679_37.5519645743570578,90.0,21.0,서행,126.9125164449968679_37.5519645743570578|126.9124004277404225_37.5523445193010375|126.9122757323099222_37.5527528799291730
2026-09-04T13:22:12.125893+09:00,홍대 관광특구,홍대 관광특구,POI007,KEY_4,1130014501,와우산로,1130065900,서교동 406,126.9239983822778584_37.5526642779511519,1130005305,홍익대앞교차로,126.9241709727699146_37.5528566898356004,26.0,6.0,정체,126.9241709727699146_37.5528566898356004|126.9239983822778584_37.5526642779511519
2026-09-04T13:22:12.125893+09:00,홍대 관광특구,홍대 관광특구,POI007,KEY_4,1130017300,와우산로,1130279000,동교동 191-3,126.9313970925375656_37.5566259879880349,1130029803,창천동삼거리,126.9316137471090968_37.5569253206561484,38.0,15.5,서행,126.9316137471090968_37.5569253206561484|126.9313970925375656_37.5566259879880349
2026-09-04T13:22:12.125893+09:00,홍대 관광특구,홍대 관광특구,POI007,KEY_4,1130014601,와우산로,1130162700,서교동 406,126.9235886681274508_37.5519414149815205,1130005001,서교동 406,126.9231548424966718_37.5507429936340600,138.0,6.0,정체,126.9231548424966718_37.5507429936340600|126.9232862425119350_37.5511071096942004|126.9235840742390167_37.5519324027044945|126.9235886681274508_37.5519414149815205
2026-09-04T13:22:12.125893+09:00,홍대 관광특구,홍대 관광특구,POI007,KEY_4,1130015300,와우산로,1130068000,서교동 349,126.9297333719006673_37.5544875636568065,1130026604,서교동 349,126.9300858883580219_37.5547938010427984,46.0,23.0,서행,126.9300858883580219_37.5547938010427984|126.9299834944231549_37.5546849402940452|126.9298766861657981_37.5545928751440101|126.9297661535598110_37.5545093833760149|126.9297333719006673_37.5544875636568065
2026-09-04T13:22:12.125893+09:00,홍대 관광특구,홍대 관광특구,POI007,KEY_4,1130015701,잔다리로,1130168500,서교동 427,126.9177057214150892_37.5530785078530158,1130025803,경북신문서울지사,126.9168794495548838_37.5537853595123963,107.0,12.0,정체,126.9168794495548838_37.5537853595123963|126.9177057214150892_37.5530785078530158
2026-09-04T13:22:12.125893+09:00,홍대 관광특구,홍대 관광특구,POI007,KEY_4,1130015702,잔다리로,1130025804,경북신문서울지사,126.9167794658698938_37.5538677598341195,1130027103,마포신문사,126.9157323354683768_37.5548803576989911,146.0,28.0,원활,126.9157323354683768_37.5548803576989911|126.9160958931614829_37.5544314008575242|126.9162129074296530_37.5543260095726907|126.9167794658698938_37.5538677598341195
2026-09-04T13:22:12.125893+09:00,홍대 관광특구,홍대 관광특구,POI007,KEY_4,1130015801,잔다리로,1130168600,서교동 427,126.9178051349914114_37.5531521659568099,1130025601,서교동사거리,126.9182122864217916_37.5528038522271572,53.0,15.0,서행,126.9182122864217916_37.5528038522271572|126.9178051349914114_37.5531521659568099
2026-09-04T13:22:12.125893+09:00,홍대 관광특구,홍대 관광특구,POI007,KEY_4,1130015802,잔다리로,1130027102,마포신문사,126.9158737035807434_37.5549053205329528,1130025801,경북신문서울지사,126.9169099970482506_37.5539163098363460,144.0,11.0,정체,126.9169099970482506_37.5539163098363460|126.9163122473365917_37.5543997888327326|126.9162044591175942_37.5544968696544146|126.9158737035807434_37.5549053205329528
2026-09-04T13:22:12.125893+09:00,홍대 관광특구,홍대 관광특구,POI007,KEY_4,1130015901,홍익로,1130154700,서교동 427,126.9220359643673390_37.5546826076917313,1130027403,홍대입구역앞교차로,126.9215460181029016_37.5551344303407504,66.0,7.0,정체,126.9215460181029016_37.5551344303407504|126.9217237952683917_37.5549495724854268|126.9220359643673390_37.5546826076917313
2026-09-04T13:22:12.125893+09:00,홍대 관광특구,홍대 관광특구,POI007,KEY_4,1130015902,홍익로,1130109300,서교동 406,126.9231648679629956_37.5537171543489379,1130005308,서교푸르지오아파트,126.9225993071129750_37.5542008340247122,73.0,5.0,정체,126.9225993071129750_37.5542008340247122|126.9228527697001851_37.5539840685397763|126.9231648679629956_37.5537171543489379
2026-09-04T13:22:12.125893+09:00,홍대 관광특구,홍대 관광특구,POI007,KEY_4,1130016001,홍익로,1130091300,서교동 349,126.9229521707389097_37.5540577381318670,1130005302,홍익대앞교차로,126.9242716262433675_37.5529292870087730,171.0,5.5,정체,126.9242716262433675_37.5529292870087730|126.9241239492523050_37.5530555887153952|126.9240033040959332_37.5531587708137664|126.9232642689553643_37.5537908236815881|126.9229521707389097_37.5540577381318670
2026-09-04T13:22:12.125893+09:00,홍대 관광특구,홍대 관광특구,POI007,KEY_4,1130016002,홍익로,1130119400,동교동 155-55,126.9224863431878845_37.5544561207342085,1130005306,속성변화점,126.9226010481489340_37.5543580239452197,15.0,8.0,정체,126.9226010481489340_37.5543580239452197|126.9224863431878845_37.5544561207342085
2026-09-04T13:22:12.125893+09:00,홍대 관광특구,홍대 관광특구,POI007,KEY_4,1130016601,동교로,1130112700,서교동 480-4,126.9128544885335685_37.5543811077444118,1130026003,성산초교앞교차로,126.9118165724208609_37.5542011783164611,94.0,24.0,서행,126.9118165724208609_37.5542011783164611|126.9128544885335685_37.5543811077444118
2026-09-04T13:22:12.125893+09:00,홍대 관광특구,홍대 관광특구,POI007,KEY_4,1130016602,동교로,1130027103,마포신문사,126.9157323354683768_37.5548803576989911,1130026802,서교동주민센터,126.9151918884149666_37.5547863283070740,49.0,6.0,정체,126.9151918884149666_37.5547863283070740|126.9157323354683768_37.5548803576989911
2026-09-04T13:22:12.125893+09:00,홍대 관광특구,홍대 관광특구,POI007,KEY_4,1130016801,동교로,1130082800,서교동 461-6,126.9164678276881233_37.5550109832930517,1130027102,마포신문사,126.9158737035807434_37.5549053205329528,54.0,31.0,원활,126.9158737035807434_37.5549053205329528|126.9164678276881233_37.5550109832930517
2026-09-04T13:22:12.125893+09:00,홍대 관광특구,홍대 관광특구,POI007,KEY_4,1130016802,동교로,1130241800,서교동 461-6,126.9185671453848556_37.5553757191433064,1130027702,서교동 461-6,126.9179996526103480_37.5552825577389129,51.0,9.0,정체,126.9179996526103480_37.5552825577389129|126.9185671453848556_37.5553757191433064
2026-09-04T13:22:12.125893+09:00,홍대 관광특구,홍대 관광특구,POI007,KEY_4,1130016900,월드컵북로,1130267400,서교동 427,126.9210494203991146_37.5555664569088208,1130028603,롯데호텔L7(홍대),126.9205661479972775_37.5559789666732442,63.0,9.0,정체,126.9205661479972775_37.5559789666732442|126.9210494203991146_37.5555664569088208
2026-09-04T13:22:12.125893+09:00,홍대 관광특구,홍대 관광특구,POI007,KEY_4,1130017000,월드컵북로,1130267500,동교동 155-55,126.9211487362349544_37.5556402014086004,1130027401,홍대입구역앞교차로,126.9215575669487777_37.5552912277757187,53.0,10.5,정체,126.9215575669487777_37.5552912277757187|126.9211487362349544_37.5556402014086004
2026-09-04T13:22:12.125893+09:00,홍대 관광특구,홍대 관광특구,POI007,KEY_4,1130017600,월드컵로,1130269900,서교동 475-24,126.9110403993826708_37.5551324974902272,1130026001,성산초교앞교차로,126.9117481199565418_37.5543318244504860,109.0,16.7,서행,126.9117481199565418_37.5543318244504860|126.9117217336388137_37.5543764564183462|126.9115952004829921_37.5545358301992565|126.9110403993826708_37.5551324974902272
2026-09-04T13:22:12.125893+09:00,홍대 관광특구,홍대 관광특구,POI007,KEY_4,1130018301,동교로,1130234800,동교동 201-12,126.9223714576705504_37.5573415856685884,1130031703,우성빌딩,126.9229594770721690_37.5579740539319573,88.0,7.0,정체,126.9229594770721690_37.5579740539319573|126.9225761142016040_37.5575121455362435|126.9224853349252271_37.5574284446085400|126.9223714576705504_37.5573415856685884
2026-09-04T13:22:12.125893+09:00,홍대 관광특구,홍대 관광특구,POI007,KEY_4,1130018302,동교로,1130031704,우성빌딩,126.9230362835969004_37.5580664636773349,1130032103,동교동 151-3,126.9232918768675518_37.5583894534776732,42.0,16.0,서행,126.9232918768675518_37.5583894534776732|126.9231947644524467_37.5582569650777955|126.9230362835969004_37.5580664636773349
2026-09-04T13:22:12.125893+09:00,홍대 관광특구,홍대 관광특구,POI007,KEY_4,1130018303,동교로,1130267000,동교동 151-3,126.9235602086829147_37.5590265329813064,1130006103,동서빌라,126.9237720218529262_37.5599217838101325,101.0,16.0,서행,126.9237720218529262_37.5599217838101325|126.9237420189898273_37.5597891978450278|126.9236012045125506_37.5591669167257010|126.9235602086829147_37.5590265329813064
2026-09-04T13:22:12.125893+09:00,홍대 관광특구,홍대 관광특구,POI007,KEY_4,1130018401,동교로,1130236400,동교동 193-1,126.9218939397593573_37.5568917656500219,1130028602,롯데호텔L7(홍대),126.9207044539840865_37.5560194307797488,153.0,21.7,서행,126.9207044539840865_37.5560194307797488|126.9213020185727601_37.5561898308273214|126.9213990027508032_37.5562174862381255|126.9214983639262613_37.5562825737130197|126.9215763902692657_37.5563664435403197|126.9217678851206443_37.5567011225728038|126.9218286112969025_37.5568118746297515|126.9218939397593573_37.5568917656500219
2026-09-04T13:22:12.125893+09:00,홍대 관광특구,홍대 관광특구,POI007,KEY_4,1130018402,동교로,1130032102,동교동 192-4,126.9234091793915979_37.5583349617897966,1130031701,우성빌딩,126.9231327245934153_37.5579865800830248,46.0,21.0,서행,126.9231327245934153_37.5579865800830248|126.9233101249413238_37.5581998231503391|126.9234091793915979_37.5583349617897966
2026-09-04T13:22:12.125893+09:00,홍대 관광특구,홍대 관광특구,POI007,KEY_4,1130018403,동교로,1130267100,동교동 193-1,126.9236924952947447_37.5590020505672726,1130032101,동교동 192-4,126.9234766820471947_37.5584553758656909,64.0,20.7,서행,126.9234766820471947_37.5584553758656909|126.9235707625761904_37.5586374586260803|126.9236499224741550_37.5588562655902223|126.9236924952947447_37.5590020505672726
2026-09-04T13:22:12.125893+09:00,홍대 관광특구,홍대 관광특구,POI007,KEY_4,1130018601,월드컵북로,1130260800,동교동 205-15,126.9201047852547219_37.5565208181069323,1130028601,롯데호텔L7(홍대),126.9206030650937720_37.5561053644053331,64.0,15.0,서행,126.9206030650937720_37.5561053644053331|126.9201047852547219_37.5565208181069323
2026-09-04T13:22:12.125893+09:00,홍대 관광특구,홍대 관광특구,POI007,KEY_4,1130019402,연남로,1130006103,동서빌라,126.9237720218529262_37.5599217838101325,1130033403,동교동 197-41,126.9232773041242268_37.5605287127344880,80.0,4.0,정체,126.9232773041242268_37.5605287127344880|126.9237720218529262_37.5599217838101325
2026-09-04T13:22:12.125893+09:00,홍대 관광특구,홍대 관광특구,POI007,KEY_4,1130021301,동교로,1130270200,연남동 373-20,126.9238877393567293_37.5603936801492893,1130033503,창무빌딩,126.9241748864737787_37.5606341936674681,38.0,8.0,정체,126.9241748864737787_37.5606341936674681|126.9241661103410337_37.5606061520141736|126.9241366858942399_37.5605700517992886|126.9241002899647839_37.5605390962913646|126.9239179770402757_37.5604331415745349|126.9238877393567293_37.5603936801492893
2026-09-04T13:22:12.125893+09:00,홍대 관광특구,홍대 관광특구,POI007,KEY_4,1130021401,동교로,1130270300,동교동 190-1,126.9240036868288968_37.5603373757369283,1130006101,동서빌라,126.9239149665367705_37.5599450424727905,44.0,13.0,정체,126.9239149665367705_37.5599450424727905|126.9239877581506306_37.5602899730970847|126.9239997971928346_37.5603322997610576|126.9240036868288968_37.5603373757369283
2026-09-04T13:22:12.125893+09:00,홍대 관광특구,홍대 관광특구,POI007,KEY_4,1130021402,동교로,1130234100,연남동 260-65,126.9243509881973893_37.5610184290997395,1130033501,창무빌딩,126.9243242832398835_37.5606902998111352,36.0,15.0,서행,126.9243242832398835_37.5606902998111352|126.9243327450441683_37.5607736496850464|126.9243509881973893_37.5610184290997395
2026-09-04T13:22:12.125893+09:00,홍대 관광특구,홍대 관광특구,POI007,KEY_4,1130048500,양화로,1130022400,합정역5번출구,126.9140295476794051_37.5495373218593258,1130021400,합정역6번출구,126.9140524865152884_37.5488786114665416,86.0,13.0,정체,126.9140524865152884_37.5488786114665416|126.9139230246069445_37.5489343484288156|126.9138762522378556_37.5489900978359401|126.9138420413620167_37.5490572990694389|126.9138329563527492_37.5491459732028474|126.9138508086349617_37.5492446788838663|126.9140295476794051_37.5495373218593258
2026-09-04T13:22:12.125893+09:00,홍대 관광특구,홍대 관광특구,POI007,KEY_4,1130048800,어울마당로,1130024402,태성빌딩,126.9212984594291243_37.5507136993635982,1130020101,당인리사거리,126.9201577112685442_37.5479060826974020,329.0,14.0,정체,126.9201577112685442_37.5479060826974020|126.9203052286126194_37.5482319014126986|126.9204629847500172_37.5485121849773620|126.9206431597284137_37.5488596987716292|126.9208952920467510_37.5494059973120997|126.9211927078193867_37.5502025480265331|126.9212984594291243_37.5507136993635982
2026-09-04T13:22:12.125893+09:00,홍대 관광특구,홍대 관광특구,POI007,KEY_4,1130048900,어울마당로,1130020104,당인리사거리,126.9200163735166598_37.5479127310459049,1130024403,태성빌딩,126.9211615381937150_37.5507171207813784,328.0,12.5,정체,126.9211615381937150_37.5507171207813784|126.9210601044129163_37.5502268341553247|126.9207663483677209_37.5494400821215706|126.9205166183366913_37.5488989872912740|126.9203382349370202_37.5485549298443289|126.9201792152841790_37.5482723999727952|126.9200163735166598_37.5479127310459049
2026-09-04T13:22:12.125893+09:00,홍대 관광특구,홍대 관광특구,POI007,KEY_4,1130049000,양화로,1130052000,합정역8번출구,126.9125610162048474_37.5489924297706352,1130022900,합정역9번출구,126.9130418149968449_37.5497885897765329,105.0,14.0,정체,126.9130418149968449_37.5497885897765329|126.9130618100318912_37.5495401812596441|126.9130421428666295_37.5494586372446904|126.9130134806158026_37.5493885292777207|126.9129740362242984_37.5493212749275216|126.9129004782609655_37.5492368304858175|126.9125610162048474_37.5489924297706352
2026-09-04T13:22:12.125893+09:00,홍대 관광특구,홍대 관광특구,POI007,KEY_4,1130049300,양화로,1130023000,합정역9번출구,126.9131721455813278_37.5498189592265703,1130022800,합정역(서울2호선),126.9139380043217500_37.5496171809286139,76.0,20.0,서행,126.9139380043217500_37.5496171809286139|126.9136402094506622_37.5496006797627686|126.9135395936122848_37.5496106180248574|126.9134569354612267_37.5496277214884771|126.9133796540536849_37.5496562715165325|126.9131721455813278_37.5498189592265703
2026-09-04T13:22:12.125893+09:00,홍대 관광특구,홍대 관광특구,POI007,KEY_4,1130051502,월드컵로5길,1130025203,합정동주민센터,126.9124127492584506_37.5518459734548173,1130024207,합정동주민센터,126.9110609932505014_37.5516236888938550,122.0,9.0,정체,126.9110609932505014_37.5516236888938550|126.9120426543793059_37.5517851162292402|126.9124127492584506_37.5518459734548173
2026-09-04T13:22:12.125893+09:00,홍대 관광특구,홍대 관광특구,POI007,KEY_4,1130051601,월드컵로5길,1130159000,합정동 426-6,126.9120151858922725_37.5518910005306523,1130025204,합정동주민센터,126.9123807963445927_37.5519511205839720,33.0,19.0,서행,126.9123807963445927_37.5519511205839720|126.9120151858922725_37.5518910005306523
2026-09-04T13:22:12.125893+09:00,홍대 관광특구,홍대 관광특구,POI007,KEY_4,1130051900,양화로7길,1130145700,서교동 492,126.9135974368144701_37.5520222797338405,1130025202,합정동주민센터,126.9125490838489583_37.5518570392708213,95.0,14.0,정체,126.9125490838489583_37.5518570392708213|126.9126682083433053_37.5518592833619991|126.9129354976850976_37.5518998472612608|126.9129556993787276_37.5519035838338127|126.9135974368144701_37.5520222797338405
2026-09-04T13:22:12.125893+09:00,홍대 관광특구,홍대 관광특구,POI007,KEY_4,1130052000,양화로7길,1130138000,서교동 419,126.9152338094359038_37.5512625596168448,1130024301,누아갤러리,126.9155934469087441_37.5508218968336536,58.0,7.0,정체,126.9155934469087441_37.5508218968336536|126.9153007619960079_37.5511871879382042|126.9152338094359038_37.5512625596168448
2026-09-04T13:22:12.125893+09:00,홍대 관광특구,홍대 관광특구,POI007,KEY_4,1130052400,동교로16길,1130025803,경북신문서울지사,126.9168794495548838_37.5537853595123963,1130026803,서교동주민센터,126.9150562264393471_37.5547627600824470,233.0,8.0,정체,126.9150562264393471_37.5547627600824470|126.9151041919509026_37.5546783248440121|126.9155915455989287_37.5540739571268816|126.9161869550941049_37.5535709704613723|126.9162940154244694_37.5535710464076899|126.9168794495548838_37.5537853595123963
2026-09-04T13:22:12.125893+09:00,홍대 관광특구,홍대 관광특구,POI007,KEY_4,1130052600,동교로22길,1130026103,백운아트빌라,126.9180694970235379_37.5542655831425805,1130025802,경북신문서울지사,126.9170081596091819_37.5538339564204833,106.0,15.0,서행,126.9170081596091819_37.5538339564204833|126.9174869227818618_37.5540176960998977|126.9179190228157523_37.5541765386133832|126.9180694970235379_37.5542655831425805
2026-09-04T13:22:12.125893+09:00,홍대 관광특구,홍대 관광특구,POI007,KEY_4,1130052700,동교로22길,1130025801,경북신문서울지사,126.9169099970482506_37.5539163098363460,1130026104,백운아트빌라,126.9180281230511440_37.5543758143779129,112.0,11.0,정체,126.9180281230511440_37.5543758143779129|126.9178493084904318_37.5542700001648413|126.9174289674534464_37.5541154804999380|126.9169099970482506_37.5539163098363460
2026-09-04T13:22:12.125893+09:00,홍대 관광특구,홍대 관광특구,POI007,KEY_4,1130052900,양화로15길,1130189500,서교동 375-3,126.9191627194573044_37.5544961684800782,1130026102,백운아트빌라,126.9181857720605535_37.5543334302643643,114.0,6.0,정체,126.9181857720605535_37.5543334302643643|126.9182551674568060_37.5543727901433684|126.9184496385441321_37.5544938893267428|126.9188541407513924_37.5547457748013329|126.9191627194573044_37.5544961684800782
2026-09-04T13:22:12.125893+09:00,홍대 관광특구,홍대 관광특구,POI007,KEY_4,1130053000,양화로15길,1130119600,서교동 463-27,126.9183659693348716_37.5545790522533025,1130025901,서교동 427,126.9198881225875368_37.5540412931764607,184.0,10.0,정체,126.9198881225875368_37.5540412931764607|126.9194734610042730_37.5543989462411432|126.9192595099514733_37.5545720106137679|126.9189173184498429_37.5548488058227576|126.9188180840116047_37.5548605857523441|126.9183659693348716_37.5545790522533025
2026-09-04T13:22:12.125893+09:00,홍대 관광특구,홍대 관광특구,POI007,KEY_4,1130053400,동교로,1130119900,서교동 464-61,126.9179362134423457_37.5548483553241965,1130027703,서교동 461-6,126.9178664857794274_37.5552597164420305,46.0,10.0,정체,126.9178664857794274_37.5552597164420305|126.9179362134423457_37.5548483553241965
2026-09-04T13:22:12.125893+09:00,홍대 관광특구,홍대 관광특구,POI007,KEY_4,1130056000,동교로,1130244700,동교동 192-44,126.9235969752971585_37.5574460002231092,1130031702,우성빌딩,126.9230559412983723_37.5578941512089344,69.0,8.0,정체,126.9230559412983723_37.5578941512089344|126.9235969752971585_37.5574460002231092
2026-09-04T13:22:12.125893+09:00,홍대 관광특구,홍대 관광특구,POI007,KEY_4,1130056100,동교로,1130244800,동교동 192-44,126.9236948948308594_37.5575209206440874,1130030001,홍대입구역(서울2호선),126.9241024975835899_37.5571832879291989,52.0,10.0,정체,126.9241024975835899_37.5571832879291989|126.9236948948308594_37.5575209206440874
2026-09-04T13:22:12.125893+09:00,홍대 관광특구,홍대 관광특구,POI007,KEY_4,1130056500,양화로19길,1130269400,동교동 192-44,126.9242827846036619_37.5579718887892824,1130032102,동교동 192-4,126.9234091793915979_37.5583349617897966,93.0,8.0,정체,126.9234091793915979_37.5583349617897966|126.9235741468609007_37.5583601799000988|126.9237435175153621_37.5583522399045222|126.9237886059845266_37.5583215233953140|126.9242827846036619_37.5579718887892824
2026-09-04T13:22:12.125893+09:00,홍대 관광특구,홍대 관광특구,POI007,KEY_4,1130056600,양화로19길,1130269300,동교동 192-44,126.9243730039212181_37.5580527040690697,1130031304,대성카센터,126.9248672211749920_37.5577661204474040,54.0,8.0,정체,126.9248672211749920_37.5577661204474040|126.9247523387008556_37.5578433291799882|126.9243935191233703_37.5580381892432413|126.9243730039212181_37.5580527040690697
2026-09-04T13:22:12.125893+09:00,홍대 관광특구,홍대 관광특구,POI007,KEY_4,1130057300,월드컵북로6길,1130261300,동교동 203-33,126.9193673333113281_37.5578672419356039,1130031202,동교동 205-15,126.9188838547954674_37.5575387719110481,56.0,17.0,서행,126.9188838547954674_37.5575387719110481|126.9193673333113281_37.5578672419356039
2026-09-04T13:22:12.125893+09:00,홍대 관광특구,홍대 관광특구,POI007,KEY_4,1130057500,양화로,1130032300,동교동삼거리,126.9260758648074869_37.5586455831952080,1130032500,동교동삼거리,126.9265306057119460_37.5594558524399389,99.0,8.0,정체,126.9265306057119460_37.5594558524399389|126.9264660553294988_37.5592263103355393|126.9260758648074869_37.5586455831952080
2026-09-04T13:22:12.125893+09:00,홍대 관광특구,홍대 관광특구,POI007,KEY_4,1130060000,동교로29길,1130033503,창무빌딩,126.9241748864737787_37.5606341936674681,1130036003,노블레스아파트,126.9218068862926145_37.5634853229895498,381.0,22.0,서행,126.9218068862926145_37.5634853229895498|126.9218459298930100_37.5634232918577879|126.9220337933197982_37.5631841000810169|126.9223456371491494_37.5627870497117868|126.9227675631269960_37.5622648309932572|126.9233084612183120_37.5615953472728421|126.9240020675585043_37.5607446270273684|126.9240943496756557_37.5606712830971432|126.9241748864737787_37.5606341936674681
2026-09-04T13:22:12.125893+09:00,홍대 관광특구,홍대 관광특구,POI007,KEY_4,1130060100,동교로29길,1130246800,연남동 257-9,126.9228817967008496_37.5623233169991337,1130033504,창무빌딩,126.9241941095302053_37.5607502493276115,210.0,7.0,정체,126.9241941095302053_37.5607502493276115|126.9241777376998783_37.5607577891073205|126.9241081814776919_37.5608130710165966|126.9234225413209742_37.5616540221321031|126.9228817967008496_37.5623233169991337
2026-09-04T13:22:12.125893+09:00,홍대 관광특구,홍대 관광특구,POI007,KEY_4,1130087200,어울마당로,1130121800,서교동 413,126.9223646926300830_37.5538554367246178,1130055701,아이스뮤지엄,126.9221148424968106_37.5534806652672515,47.0,8.0,정체,126.9221148424968106_37.5534806652672515|126.9223646926300830_37.5538554367246178
2026-09-04T13:22:12.125893+09:00,홍대 관광특구,홍대 관광특구,POI007,KEY_4,1130087300,어울마당로,1130121700,서교동 365-1,126.9222448191466555_37.5539062487640578,1130005309,서교푸르지오아파트,126.9225016470744691_37.5542843540505018,48.0,18.0,서행,126.9225016470744691_37.5542843540505018|126.9222449850932577_37.5539064976814032|126.9222448191466555_37.5539062487640578
2026-09-04T13:22:12.125893+09:00,강서한강공원,강서한강공원,POI085,KEY_1,1150103000,올림픽대로,1150051700,강서안내센터,126.8168617226006347_37.5859421297018841,1150051604,명성인테리어,126.8193906771097659_37.5849778885091084,248.0,33.0,서행,126.8193906771097659_37.5849778885091084|126.8191196709408928_37.5850751540521557|126.8183996940716156_37.5853415341712136|126.8174179597383215_37.5857138196225620|126.8168617226006347_37.5859421297018841
2026-09-04T13:22:12.125893+09:00,강서한강공원,강서한강공원,POI085,KEY_1,1150022400,인천국제공항고속도로,1150297800,최소노드배치점,126.8204153738163740_37.5848105303894116,1150007500,팔팔JC,126.8251458922897115_37.5821572405280335,521.0,71.3,원활,126.8251458922897115_37.5821572405280335|126.8242581309057471_37.5825988923992114|126.8225508326354287_37.5833403164188127|126.8222949416472147_37.5834700113225253|126.8220989259378939_37.5836060109654468|126.8219358934425145_37.5837398156667746|126.8217315846995774_37.5839640048093813|126.8215951501203733_37.5841385028620678|126.8214407374371433_37.5843128978739571|126.8213273924079374_37.5844195615005603|126.8211779927619034_37.5845367498505425|126.8209702243633359_37.5846464478467652|126.8207581882781767_37.5847310806041222|126.8205554011008189_37.5847871484738150|126.8204153738163740_37.5848105303894116
2026-09-04T13:22:12.125893+09:00,강서한강공원,강서한강공원,POI085,KEY_1,1150102400,양천로27길,1150268300,방화동 57-7,126.8189818773737016_37.5842896446790746,1150051603,명성인테리어,126.8193992844918085_37.5848574978405026,73.0,20.0,서행,126.8193992844918085_37.5848574978405026|126.8191354810659277_37.5845649348009871|126.8189882066549785_37.5842980469406385|126.8189818773737016_37.5842896446790746
2026-09-04T13:22:12.125893+09:00,강서한강공원,강서한강공원,POI085,KEY_1,1150102700,올림픽대로,1150051601,명성인테리어,126.8196931240858873_37.5848639111563685,1150051300,신우쌀상회,126.8210223077670520_37.5838477270534099,164.0,31.7,서행,126.8210223077670520_37.5838477270534099|126.8204550407689055_37.5843184565730155|126.8198365622038608_37.5848072925936592|126.8196931240858873_37.5848639111563685
2026-09-04T13:22:12.125893+09:00,강서한강공원,강서한강공원,POI085,KEY_1,1150408600,올림픽대로,1150297900,최소노드배치점,126.8204022238293049_37.5846952923594699,1150007500,팔팔JC,126.8251458922897115_37.5821572405280335,515.0,53.0,원활,126.8251458922897115_37.5821572405280335|126.8224711907430731_37.5832680578219396|126.8221978552422797_37.5833955305618943|126.8219883433806388_37.5835095435029132|126.8217840770615084_37.5836834979902079|126.8213507897844181_37.5842063933520194|126.8211989310714074_37.5843483886307084|126.8209774563604384_37.5845038083476410|126.8207390262142553_37.5846130431728156|126.8204197757882525_37.5846941616647499|126.8204022238293049_37.5846952923594699
2026-09-04T13:22:12.125893+09:00,강서한강공원,강서한강공원,POI085,KEY_1,1150437100,인천국제공항고속도로,1150298100,최소노드배치점,126.8216063582030131_37.5844601022409819,1150051400,방화대교(남측),126.8154876201350021_37.5837329496539851,561.0,92.6,원활,126.8154876201350021_37.5837329496539851|126.8156228199711535_37.5837019217106345|126.8162488559649717_37.5835902982088541|126.8168139068726958_37.5835510606755392|126.8176549474994061_37.5835257845014610|126.8183178182470101_37.5835660150861770|126.8189841860020408_37.5836543305607833|126.8195530571487097_37.5837543458256320|126.8200936823200351_37.5838910811882769|126.8210372379553377_37.5842098431123475|126.8215775845386446_37.5844440036353475|126.8216063582030131_37.5844601022409819
2026-09-04T13:22:12.125893+09:00,강서한강공원,강서한강공원,POI085,KEY_1,1150437200,인천국제공항고속도로,1150298000,최소노드배치점,126.8214760810631105_37.5846075682720340,1150149502,강서구-고양시덕양구,126.8266486163456932_37.5882576198968295,611.0,94.7,원활,126.8266486163456932_37.5882576198968295|126.8237771167596151_37.5861489077353781|126.8227472164407601_37.5853533062098677|126.8222253278242135_37.5850267596131147|126.8214760810631105_37.5846075682720340
2026-09-04T13:22:12.125893+09:00,고척돔,고척돔,POI086,KEY_2,1160001507,경인로,1160025205,구로소방서앞교차로,126.8646617438848239_37.4978600578237362,1160026904,구로소방서앞,126.8649481363168121_37.4980943173495334,36.0,15.0,서행,126.8649481363168121_37.4980943173495334|126.8646617438848239_37.4978600578237362
2026-09-04T13:22:12.125893+09:00,고척돔,고척돔,POI086,KEY_2,1160001608,경인로,1160026903,구로소방서앞,126.8650453464209704_37.4980188760107680,1160025202,구로소방서앞교차로,126.8647589542741940_37.4977846162542079,36.0,13.0,정체,126.8647589542741940_37.4977846162542079|126.8650453464209704_37.4980188760107680
2026-09-04T13:22:12.125893+09:00,고척돔,고척돔,POI086,KEY_2,1160001901,경인로,1160029303,고척교교차로,126.8716335382674743_37.4988496986391695,1160030602,동양미래대학앞교차로,126.8689427324677865_37.4994868075101664,248.0,11.0,정체,126.8689427324677865_37.4994868075101664|126.8711528967156568_37.4989518486928404|126.8715231913182890_37.4988650895980484|126.8716335382674743_37.4988496986391695
2026-09-04T13:22:12.125893+09:00,고척돔,고척돔,POI086,KEY_2,1160002001,경인로,1160030601,동양미래대학앞교차로,126.8689872290022862_37.4995890371950367,1160029304,고척교교차로,126.8716680741279674_37.4989546467396906,247.0,22.0,서행,126.8716680741279674_37.4989546467396906|126.8715541336007533_37.4989705391101751|126.8711911831498753_37.4990555772781562|126.8689872290022862_37.4995890371950367
2026-09-04T13:22:12.125893+09:00,고척돔,고척돔,POI086,KEY_2,1160002102,경인로,1160026901,구로소방서앞,126.8650507946293686_37.4981773243852032,1160030704,고척동 63-3,126.8674869579498932_37.4996940445519300,278.0,12.0,정체,126.8674869579498932_37.4996940445519300|126.8673777511500731_37.4996751499945233|126.8671788695642988_37.4996233133504546|126.8669493159061687_37.4995461947532931|126.8667640607105227_37.4994684400143257|126.8665382770592061_37.4993469206109040|126.8663359449855790_37.4992109715771136|126.8654632761091818_37.4985090881244290|126.8650507946293686_37.4981773243852032
2026-09-04T13:22:12.125893+09:00,고척돔,고척돔,POI086,KEY_2,1160002103,경인로,1160134900,고척동 63-3,126.8684174202034285_37.4996907760024811,1160030604,동양미래대학앞교차로,126.8687232996965832_37.4996421945641814,28.0,15.0,서행,126.8687232996965832_37.4996421945641814|126.8684174202034285_37.4996907760024811
2026-09-04T13:22:12.125893+09:00,고척돔,고척돔,POI086,KEY_2,1160002201,경인로,1160234100,고척동 63-5,126.8655596867435236_37.4984329974895232,1160026902,구로소방서앞,126.8651472056647407_37.4981012338396624,52.0,20.3,서행,126.8651472056647407_37.4981012338396624|126.8655596867435236_37.4984329974895232
2026-09-04T13:22:12.125893+09:00,고척돔,고척돔,POI086,KEY_2,1160002202,경인로,1160030603,동양미래대학앞교차로,126.8686779646894678_37.4995391473739801,1160030702,고척동 63-3,126.8676654321501900_37.4996121446361812,90.0,12.0,정체,126.8676654321501900_37.4996121446361812|126.8678069625456857_37.4996264010276690|126.8680461031747626_37.4996197405567102|126.8683009934756853_37.4995990198500522|126.8683908896466761_37.4995847422032185|126.8686779646894678_37.4995391473739801
2026-09-04T13:22:12.125893+09:00,고척돔,고척돔,POI086,KEY_2,1160014202,중앙로,1160125100,고척동 52-333,126.8646271411664230_37.4989471657823756,1160026901,구로소방서앞,126.8650507946293686_37.4981773243852032,93.0,13.0,정체,126.8650507946293686_37.4981773243852032|126.8648755784311248_37.4984981040910128|126.8646271411664230_37.4989471657823756
2026-09-04T13:22:12.125893+09:00,고척돔,고척돔,POI086,KEY_2,1160015701,안양천로537길,1160030604,동양미래대학앞교차로,126.8687232996965832_37.4996421945641814,1160038402,고척지하차도(북측),126.8699170172796187_37.5023839464348470,323.0,28.0,원활,126.8699170172796187_37.5023839464348470|126.8697728681989503_37.5021941044543823|126.8694643346875210_37.5013934109902394|126.8687232996965832_37.4996421945641814
2026-09-04T13:22:12.125893+09:00,고척돔,고척돔,POI086,KEY_2,1160015801,안양천로537길,1160038401,고척지하차도(북측),126.8700471287657763_37.5023532266215511,1160030601,동양미래대학앞교차로,126.8689872290022862_37.4995890371950367,322.0,33.5,원활,126.8689872290022862_37.4995890371950367|126.8697227149842348_37.5013271263434547|126.8700323395424050_37.5021306423309682|126.8700471287657763_37.5023532266215511
2026-09-04T13:22:12.125893+09:00,고척돔,고척돔,POI086,KEY_2,1160049000,안양천로,1160026001,고척지하차도(남측),126.8682164931016416_37.4980315828367239,2130015801,구로구-광명시,126.8683061872405204_37.4953711878066613,303.0,20.0,서행,126.8683061872405204_37.4953711878066613|126.8680791301081570_37.4959108832984143|126.8680192247021239_37.4961901165675542|126.8679713339188453_37.4963936246526259|126.8679416938823437_37.4965988803425390|126.8679353024971164_37.4968807087750235|126.8679467286440712_37.4970971053372253|126.8679814883963815_37.4974018031208942|126.8680806147528557_37.4977290078190819|126.8682164931016416_37.4980315828367239
2026-09-04T13:22:12.125893+09:00,고척돔,고척돔,POI086,KEY_2,1160049100,안양천로,2130015802,구로구-광명시,126.8681747476950505_37.4953419563867740,1160026002,고척지하차도(남측),126.8680887281871179_37.4980680227387566,310.0,53.3,원활,126.8680887281871179_37.4980680227387566|126.8679504014649098_37.4977599920923339|126.8678472427124149_37.4974194749191909|126.8678112852119142_37.4971042754339194|126.8677995486469570_37.4968820057548768|126.8678061330137012_37.4965917080895466|126.8678370716341277_37.4963774627470841|126.8678856475315513_37.4961710443316889|126.8679464131163144_37.4958878080200222|126.8681747476950505_37.4953419563867740
2026-09-04T13:22:12.125893+09:00,고척돔,고척돔,POI086,KEY_2,1160054400,안양천로,1160030602,동양미래대학앞교차로,126.8689427324677865_37.4994868075101664,1160026001,고척지하차도(남측),126.8682164931016416_37.4980315828367239,174.0,20.0,서행,126.8682164931016416_37.4980315828367239|126.8683718766255737_37.4982169168125878|126.8689427324677865_37.4994868075101664
2026-09-04T13:22:12.125893+09:00,고척돔,고척돔,POI086,KEY_2,1160054500,안양천로,1160026002,고척지하차도(남측),126.8680887281871179_37.4980680227387566,1160030603,동양미래대학앞교차로,126.8686779646894678_37.4995391473739801,172.0,36.0,원활,126.8686779646894678_37.4995391473739801|126.8681163619592382_37.4982898286822390|126.8680887281871179_37.4980680227387566
2026-09-04T13:22:12.125893+09:00,고척돔,고척돔,POI086,KEY_2,1160058300,경인로47길,1160030704,고척동 63-3,126.8674869579498932_37.4996940445519300,1160031102,동양미래대학교,126.8669875450639069_37.5000831480897503,62.0,7.0,정체,126.8669875450639069_37.5000831480897503|126.8673517388977388_37.4997995352371589|126.8674869579498932_37.4996940445519300
2026-09-04T13:22:12.125893+09:00,고척돔,고척돔,POI086,KEY_2,1160058400,경인로47길,1160031101,동양미래대학교,126.8672357269624626_37.5000410688331058,1160030701,고척동 63-3,126.8676484099707835_37.4997194117280301,51.0,17.5,서행,126.8676484099707835_37.4997194117280301|126.8674466402152063_37.4998768209931157|126.8672357269624626_37.5000410688331058
2026-09-04T13:22:12.125893+09:00,고척돔,고척돔,POI086,KEY_2,1160061600,안양천로,1160312300,최소노드배치점,126.8691669663092796_37.5001830167126542,1160026001,고척지하차도(남측),126.8682164931016416_37.4980315828367239,253.0,35.0,원활,126.8682164931016416_37.4980315828367239|126.8688997309864703_37.4995514775238874|126.8691669663092796_37.5001830167126542
2026-09-04T13:22:12.125893+09:00,광나루한강공원,광나루한강공원,POI087,KEY_3,1230434400,천호대로,1230058100,천호대교,127.1159520970910961_37.5417466710169379,1230058302,광진구-강동구,127.1109540025240250_37.5431709639418898,469.0,54.3,원활,127.1109540025240250_37.5431709639418898|127.1159520970910961_37.5417466710169379
2026-09-04T13:22:12.125893+09:00,광나루한강공원,광나루한강공원,POI087,KEY_3,1230005100,올림픽대로,1230052500,잠실대교JC,127.1008769588409706_37.5229114985517214,1230054000,올림픽대교남단IC,127.1051025385346520_37.5260799913631047,514.0,68.0,원활,127.1051025385346520_37.5260799913631047|127.1031412114076176_37.5243990994672458|127.1028266080407718_37.5241633671182342|127.1022828471172517_37.5237919497680679|127.1018469450196733_37.5234955300521236|127.1008769588409706_37.5229114985517214
2026-09-04T13:22:12.125893+09:00,광나루한강공원,광나루한강공원,POI087,KEY_3,1230005303,올림픽대로,1230056001,올림픽대교남단IC,127.1099294541211577_37.5335917221984587,1230056600,미성카센타,127.1133333362662370_37.5372311246279509,509.0,75.5,원활,127.1133333362662370_37.5372311246279509|127.1122417772533879_37.5363305814544859|127.1116797970572065_37.5358769804391983|127.1114369751523441_37.5356483557694247|127.1111851586531714_37.5354090108490368|127.1109647758809160_37.5351696358490798|127.1107848648134819_37.5349695574394744|127.1106138947897364_37.5347408627111747|127.1103754017710941_37.5343978047017046|127.1102043647706665_37.5341226232009859|127.1100737679640247_37.5338652841078755|127.1099294541211577_37.5335917221984587
2026-09-04T13:22:12.125893+09:00,광나루한강공원,광나루한강공원,POI087,KEY_3,1230005304,올림픽대로,1230056600,미성카센타,127.1133333362662370_37.5372311246279509,1240000703,송파구-강동구,127.1180715211807666_37.5411721498286326,606.0,74.0,원활,127.1180715211807666_37.5411721498286326|127.1178531270779786_37.5409665671253308|127.1174349307113829_37.5406093996140768|127.1157442858759907_37.5392200633587976|127.1133333362662370_37.5372311246279509
2026-09-04T13:22:12.125893+09:00,광나루한강공원,광나루한강공원,POI087,KEY_3,1230035900,강변북로.한가람로사이길,1230342900,최소노드배치점,127.1015149961345827_37.5246010575964561,1230052101,잠실대교JC,127.1014277624528717_37.5224635506086486,473.0,43.0,원활,127.1014277624528717_37.5224635506086486|127.1019012970064210_37.5227419164495544|127.1022293161336734_37.5229454568152008|127.1023955346630316_37.5230204059564443|127.1026425819513577_37.5231060119775464|127.1028940706044494_37.5231558555366931|127.1034374042296093_37.5232197458338632|127.1034778407937154_37.5232411659780993|127.1034868601301469_37.5232697648950335|127.1034734249590059_37.5232948074079431|127.1033926368200042_37.5233127576457974|127.1025529951041904_37.5232562760554629|127.1024721909816861_37.5232634983457274|127.1023734783107670_37.5233064941788044|127.1022972616788422_37.5233852285200129|127.1015149961345827_37.5246010575964561
2026-09-04T13:22:12.125893+09:00,광나루한강공원,광나루한강공원,POI087,KEY_3,1230037000,강동대로,1230002402,올림픽대교(남측),127.1085524663248947_37.5294043437257443,1230055300,올림픽대교JC,127.1070429303796345_37.5308586555323842,209.0,60.0,원활,127.1070429303796345_37.5308586555323842|127.1071826739481168_37.5307235038766933|127.1080659148240812_37.5298788826372558|127.1085524663248947_37.5294043437257443
2026-09-04T13:22:12.125893+09:00,광나루한강공원,광나루한강공원,POI087,KEY_3,1230037100,강동대로,1230055100,올림픽대교남단IC,127.1081706965742200_37.5299476979813633,1230002401,올림픽대교(남측),127.1086576634710497_37.5294727540513975,68.0,52.5,원활,127.1086576634710497_37.5294727540513975|127.1081706965742200_37.5299476979813633
2026-09-04T13:22:12.125893+09:00,광나루한강공원,광나루한강공원,POI087,KEY_3,1230090200,올림픽대로,1230054000,올림픽대교남단IC,127.1051025385346520_37.5260799913631047,1230055601,올림픽대교남단IC,127.1088850042010847_37.5302574334446248,576.0,71.8,원활,127.1088850042010847_37.5302574334446248|127.1087569682559320_37.5299831257084406|127.1086623868030614_37.5297829652675716|127.1085948294174557_37.5296399934726352|127.1085003472445152_37.5295077736948031|127.1082123774365158_37.5290860864164131|127.1079469834661637_37.5287501990476358|127.1075692455725772_37.5283464716297388|127.1067698727563737_37.5275344855949697|127.1051025385346520_37.5260799913631047
2026-09-04T13:22:12.125893+09:00,광나루한강공원,광나루한강공원,POI087,KEY_3,1240224500,구천면로,1249098600,최소노드배치점,127.1150320984369557_37.5442471099520390,1240018000,광진교(동측),127.1177651433606286_37.5433963082104114,259.0,50.0,원활,127.1177651433606286_37.5433963082104114|127.1150320984369557_37.5442471099520390
2026-09-04T13:22:12.125893+09:00,광나루한강공원,광나루한강공원,POI087,KEY_3,1230090400,올림픽대로,1230055601,올림픽대교남단IC,127.1088850042010847_37.5302574334446248,1230055100,올림픽대교남단IC,127.1081706965742200_37.5299476979813633,339.0,44.7,서행,127.1081706965742200_37.5299476979813633|127.1078345692699685_37.5304007809457758|127.1077032400517055_37.5306042495152852|127.1076712736896184_37.5307043059950090|127.1076482146884530_37.5308187018855577|127.1076699998539539_37.5309475558016175|127.1077233573010830_37.5310514745469277|127.1077813389797910_37.5311303664476981|127.1078887300662217_37.5312094231246149|127.1080142386506679_37.5312599212262654|127.1081398786947716_37.5312853793569801|127.1082745960005838_37.5312929811048477|127.1084543994672345_37.5312685359485343|127.1086209335816193_37.5312046974480467|127.1087245812778406_37.5311406499274369|127.1087878223726619_37.5310728913791465|127.1088422461959766_37.5309729085143360|127.1088832706566194_37.5308585715166814|127.1088927767297747_37.5307584399179603|127.1089025448454493_37.5306082268346017|127.1088850042010847_37.5302574334446248
2026-09-04T13:22:12.125893+09:00,광나루한강공원,광나루한강공원,POI087,KEY_3,1230090700,강동대로,1230055800,올림픽대교JC,127.1057403919076734_37.5322885127339063,1230055100,올림픽대교남단IC,127.1081706965742200_37.5299476979813633,337.0,61.5,원활,127.1081706965742200_37.5299476979813633|127.1072872786940309_37.5307924913453235|127.1057403919076734_37.5322885127339063
2026-09-04T13:22:12.125893+09:00,광나루한강공원,광나루한강공원,POI087,KEY_3,1230090800,올림픽대로,1230055800,올림픽대교JC,127.1057403919076734_37.5322885127339063,1230056001,올림픽대교남단IC,127.1099294541211577_37.5335917221984587,540.0,57.0,원활,127.1099294541211577_37.5335917221984587|127.1096262768232208_37.5330896658542983|127.1094795159279869_37.5328065769456458|127.1093907047227844_37.5326095338056689|127.1092454868847028_37.5323181025886257|127.1091476110435536_37.5321365306090513|127.1090762771443963_37.5320337463737346|127.1089958837828675_37.5319452405059266|127.1088587936477694_37.5318183898052453|127.1086976727481925_37.5317057689452653|127.1085573264984134_37.5316289886031740|127.1083751328115881_37.5315377602104405|127.1081748335834476_37.5314727050775119|127.1079863896938349_37.5314315378132548|127.1078277784543076_37.5314119318962369|127.1076302005832872_37.5313993521511904|127.1074384993772952_37.5314082537991993|127.1072706793245004_37.5314315449563765|127.1070547962320347_37.5314832934178995|127.1069138144955417_37.5315281360046669|127.1067757391387971_37.5315896821536654|127.1066526373526813_37.5316512776893703|127.1063641193078269_37.5318482588181652|127.1057403919076734_37.5322885127339063
2026-09-04T13:22:12.125893+09:00,광나루한강공원,광나루한강공원,POI087,KEY_3,1230091800,올림픽대로,1230056600,미성카센타,127.1133333362662370_37.5372311246279509,1230057400,천호대교JC,127.1157174036013373_37.5395156076707224,331.0,46.5,서행,127.1157174036013373_37.5395156076707224|127.1151468092735115_37.5390904403905097|127.1149641714684719_37.5389348300830221|127.1147295222956757_37.5387015434871998|127.1140182220692196_37.5379778060380431|127.1133333362662370_37.5372311246279509
2026-09-04T13:22:12.125893+09:00,광나루한강공원,광나루한강공원,POI087,KEY_3,1230091900,올림픽대로,1230056900,천호대교JC,127.1162142103148085_37.5388537608271946,1230057400,천호대교JC,127.1157174036013373_37.5395156076707224,178.0,30.3,서행,127.1157174036013373_37.5395156076707224|127.1154640026734057_37.5392882235603764|127.1153746464073464_37.5391925382371454|127.1153301531393680_37.5391089238801996|127.1153080896353629_37.5390313450269062|127.1153046362326791_37.5389746935386270|127.1153237071228119_37.5389061917311793|127.1153577047622036_37.5388466817326076|127.1154142265800857_37.5387753204867778|127.1154593628562139_37.5387337321685379|127.1155269466954394_37.5386951987887585|127.1156281753993653_37.5386657181129024|127.1157330715718530_37.5386511543116654|127.1158602757870142_37.5386664736148248|127.1159835987508444_37.5387086094438516|127.1162142103148085_37.5388537608271946
2026-09-04T13:22:12.125893+09:00,광나루한강공원,광나루한강공원,POI087,KEY_3,1230092600,올림픽대로,1230057400,천호대교JC,127.1157174036013373_37.5395156076707224,1240000704,송파구-강동구,127.1177702741646272_37.5412636326827069,266.0,59.7,원활,127.1177702741646272_37.5412636326827069|127.1173955639220026_37.5409316902013757|127.1157174036013373_37.5395156076707224
2026-09-04T13:22:12.125893+09:00,광나루한강공원,광나루한강공원,POI087,KEY_3,1230092900,올림픽대로,1230057400,천호대교JC,127.1157174036013373_37.5395156076707224,1230058100,천호대교,127.1159520970910961_37.5417466710169379,328.0,42.0,서행,127.1159520970910961_37.5417466710169379|127.1165541276385795_37.5414864175535428|127.1167530618793080_37.5413857073547419|127.1168245734631626_37.5413114132071115|127.1168848836948229_37.5412311204375655|127.1169340554431244_37.5411329051754237|127.1169495337675812_37.5410345809067465|127.1169499298096639_37.5409570747468919|127.1169242421861156_37.5408556359407726|127.1168686213662795_37.5407511192081316|127.1167570894564420_37.5405987236708256|127.1161827557995565_37.5400239001523843|127.1157174036013373_37.5395156076707224
2026-09-04T13:22:12.125893+09:00,광나루한강공원,광나루한강공원,POI087,KEY_3,1230093200,천호대로,1230425800,최소노드배치점,127.1206473646241477_37.5399649693936297,1230058100,천호대교,127.1159520970910961_37.5417466710169379,464.0,54.8,원활,127.1159520970910961_37.5417466710169379|127.1161491919131947_37.5416905000389676|127.1183256249000664_37.5410826767303547|127.1184867245484753_37.5410376841720819|127.1189581322967541_37.5408884029799665|127.1192856066919603_37.5407540814178731|127.1196722318756258_37.5405730840098570|127.1200712468310456_37.5403536063656276|127.1206473646241477_37.5399649693936297
2026-09-04T13:22:12.125893+09:00,광나루한강공원,광나루한강공원,POI087,KEY_3,1230093300,천호대로,1230058200,천호대교,127.1159661888353156_37.5418575359492053,1230057900,천호대교JC,127.1196303873800275_37.5407181431623798,348.0,55.3,원활,127.1196303873800275_37.5407181431623798|127.1193511805818588_37.5408488525534025|127.1190144651814933_37.5409869651035706|127.1185343214704062_37.5411390123457025|127.1183705829695612_37.5411847428288681|127.1161945568195506_37.5417924521301600|127.1159661888353156_37.5418575359492053
2026-09-04T13:22:12.125893+09:00,광나루한강공원,광나루한강공원,POI087,KEY_3,1230434300,천호대로,1230058301,광진구-강동구,127.1110000296090448_37.5432727264046662,1230058200,천호대교,127.1159661888353156_37.5418575359492053,466.0,57.0,원활,127.1159661888353156_37.5418575359492053|127.1110000296090448_37.5432727264046662
2026-09-04T13:22:12.125893+09:00,광나루한강공원,광나루한강공원,POI087,KEY_3,1240004002,수도권제1순환고속도로,1240030900,강일IC,127.1651625313621281_37.5734340461809779,1240030500,강일IC,127.1680363385314934_37.5723391779006377,337.0,56.7,원활,127.1680363385314934_37.5723391779006377|127.1679375057071582_37.5726668136497821|127.1678164127926607_37.5729466913235299|127.1676507446742903_37.5731429730831223|127.1673801822541492_37.5733449219623097|127.1671698867062048_37.5734695327726271|127.1669522874906590_37.5735523879642201|127.1666523159129412_37.5736290485050191|127.1663375230439925_37.5736698939382947|127.1660754297366083_37.5736512663853404|127.1656936991961686_37.5735846030556573|127.1651625313621281_37.5734340461809779
2026-09-04T13:22:12.125893+09:00,광나루한강공원,광나루한강공원,POI087,KEY_3,1240004102,수도권제1순환고속도로,1240031000,강일IC(북측),127.1634752871115808_37.5755388690718135,1240030400,강일IC(남측),127.1657495975126295_37.5728096914099865,363.0,84.8,원활,127.1657495975126295_37.5728096914099865|127.1634752871115808_37.5755388690718135
2026-09-04T13:22:12.125893+09:00,광나루한강공원,광나루한강공원,POI087,KEY_3,1240004302,수도권제1순환고속도로,1240030700,강일IC(남측),127.1653218540085248_37.5726985985708808,1240001800,강일IC(북측),127.1637915819941043_37.5745162605052201,243.0,77.1,원활,127.1637915819941043_37.5745162605052201|127.1653218540085248_37.5726985985708808
2026-09-04T13:22:12.125893+09:00,광나루한강공원,광나루한강공원,POI087,KEY_3,1240004400,수도권제1순환고속도로,1240031000,강일IC(북측),127.1634752871115808_37.5755388690718135,1240031100,강일IC,127.1691443708316314_37.5755176901044976,603.0,57.7,원활,127.1691443708316314_37.5755176901044976|127.1683515051425104_37.5752531339766875|127.1671551774036573_37.5747549149552498|127.1659813385120970_37.5742567467394366|127.1657045812182645_37.5741665325013443|127.1655548210494828_37.5741541845667157|127.1653750434233388_37.5741536743072615|127.1651876429522900_37.5741829540882151|127.1650151694652351_37.5742241986279737|127.1648275280877840_37.5743071350576443|127.1646248509363346_37.5744019528390112|127.1634752871115808_37.5755388690718135
2026-09-04T13:22:12.125893+09:00,광나루한강공원,광나루한강공원,POI087,KEY_3,1240004500,수도권제1순환고속도로,1249098300,최소노드배치점,127.1633568206802778_37.5726671424708130,1240031100,강일IC,127.1691443708316314_37.5755176901044976,604.0,59.3,원활,127.1691443708316314_37.5755176901044976|127.1684057617363095_37.5752141751109505|127.1677143859803891_37.5748694120681677|127.1668248690925651_37.5744435969194015|127.1660475110784745_37.5740657898579471|127.1652888200322025_37.5737029359402825|127.1637676876223964_37.5729831642507293|127.1636032703812162_37.5728992267665660|127.1634986974201382_37.5728333458983386|127.1634241141811543_37.5727615876864576|127.1633682832330834_37.5726839217883821|127.1633568206802778_37.5726671424708130
2026-09-04T13:22:12.125893+09:00,광나루한강공원,광나루한강공원,POI087,KEY_3,1240004800,수도권제1순환고속도로,1240030300,강일IC,127.1606499758005384_37.5714359568575702,1240001800,강일IC(북측),127.1637915819941043_37.5745162605052201,502.0,60.7,원활,127.1637915819941043_37.5745162605052201|127.1640728136204643_37.5738936067012759|127.1641112573887256_37.5736731197052549|127.1640745545810915_37.5735060768960238|127.1639705689491251_37.5733090325426957|127.1638363274989985_37.5731774845940123|127.1636796150773421_37.5730458730428509|127.1632012909007443_37.5728060257228620|127.1613554414870180_37.5718468130863954|127.1606499758005384_37.5714359568575702
2026-09-04T13:22:12.125893+09:00,광나루한강공원,광나루한강공원,POI087,KEY_3,1240041400,올림픽대로,1230058200,천호대교,127.1159661888353156_37.5418575359492053,1240017800,천호동480-7,127.1193551490127760_37.5429706223890776,366.0,45.7,서행,127.1193551490127760_37.5429706223890776|127.1191149729041570_37.5426412172727382|127.1186559044189437_37.5422152338548187|127.1184172538477384_37.5420284458060749|127.1182143981745298_37.5418703903455224|127.1180314731057592_37.5417684432610983|127.1178670693293213_37.5417053095727766|127.1176913435667331_37.5416600249226207|127.1175267263362656_37.5416386243567644|127.1173919531962753_37.5416381871796503|127.1171934003703683_37.5416643737201525|127.1159661888353156_37.5418575359492053
2026-09-04T13:22:12.125893+09:00,광나루한강공원,광나루한강공원,POI087,KEY_3,1240041700,올림픽대로,1240000704,송파구-강동구,127.1177702741646272_37.5412636326827069,1240017800,천호동480-7,127.1193551490127760_37.5429706223890776,237.0,60.7,원활,127.1193551490127760_37.5429706223890776|127.1191614498819717_37.5426306349992416|127.1189681247738150_37.5423646982119266|127.1186924398611637_37.5420984952193777|127.1182602045156358_37.5416976373432547|127.1177702741646272_37.5412636326827069
2026-09-04T13:22:12.125893+09:00,광나루한강공원,광나루한강공원,POI087,KEY_3,1240042100,올림픽대로,1240017800,천호동480-7,127.1193551490127760_37.5429706223890776,1240018300,상행4교,127.1200789348837787_37.5446471106927930,197.0,56.7,원활,127.1200789348837787_37.5446471106927930|127.1198037347710965_37.5439880095403069|127.1194795577771686_37.5432428947114047|127.1193551490127760_37.5429706223890776
2026-09-04T13:22:12.125893+09:00,광나루한강공원,광나루한강공원,POI087,KEY_3,1240042302,올림픽대로,1240032400,상행4교,127.1204348553451950_37.5446076809158882,1240020000,광나루안내센터앞,127.1217277682565907_37.5477735136945441,370.0,72.8,원활,127.1217277682565907_37.5477735136945441|127.1213840772890364_37.5468190353825406|127.1212036413887034_37.5463293298339167|127.1210368608753214_37.5459504616287774|127.1207574154174154_37.5453285505199403|127.1204348553451950_37.5446076809158882
2026-09-04T13:22:12.125893+09:00,광나루한강공원,광나루한강공원,POI087,KEY_3,1240042400,올림픽대로,1240018000,광진교(동측),127.1177651433606286_37.5433963082104114,1240018300,상행4교,127.1200789348837787_37.5446471106927930,276.0,52.5,원활,127.1200789348837787_37.5446471106927930|127.1196730132447357_37.5440734423594407|127.1195971491536056_37.5439730353192189|127.1195077699718183_37.5438797381744678|127.1194048407431296_37.5438007066636459|127.1189614043024676_37.5435381364146963|127.1187150792044207_37.5433870966714593|127.1185940715525788_37.5433294696328730|127.1184774296472852_37.5432968975747983|127.1183786120777057_37.5432930007483918|127.1182572765543597_37.5432997635863899|127.1177651433606286_37.5433963082104114
2026-09-04T13:22:12.125893+09:00,광나루한강공원,광나루한강공원,POI087,KEY_3,1240042800,올림픽대로,1240018300,상행4교,127.1200789348837787_37.5446471106927930,1240018200,천호대교JC,127.1211431987809704_37.5447471157151540,162.0,39.0,서행,127.1211431987809704_37.5447471157151540|127.1211604267792268_37.5448938392005402|127.1211239968275066_37.5449903077650191|127.1210651588128684_37.5450759737932458|127.1209840003271978_37.5451329487343273|127.1208984774984714_37.5451648695119218|127.1207950378878309_37.5451860010776883|127.1206871406906345_37.5451999633571774|127.1205703678194112_37.5451924340691718|127.1204761672079258_37.5451635135530495|127.1203911338036221_37.5450988491057771|127.1202036036161900_37.5448693016934172|127.1200789348837787_37.5446471106927930
2026-09-04T13:22:12.125893+09:00,광나루한강공원,광나루한강공원,POI087,KEY_3,1240043700,올림픽대로,1240018300,상행4교,127.1200789348837787_37.5446471106927930,1240020000,광나루안내센터앞,127.1217277682565907_37.5477735136945441,377.0,53.3,원활,127.1217277682565907_37.5477735136945441|127.1212759966970225_37.5469153604550527|127.1210049801465232_37.5463135111228326|127.1209069734959058_37.5461486431880829|127.1206662160814318_37.5457829894321264|127.1204255690761471_37.5453958723591228|127.1202696502783169_37.5451342307823310|127.1201275194644040_37.5448118206155357|127.1200789348837787_37.5446471106927930
2026-09-04T13:22:12.125893+09:00,광나루한강공원,광나루한강공원,POI087,KEY_3,1240045200,올림픽대로,1240020000,광나루안내센터앞,127.1217277682565907_37.5477735136945441,1240001200,경지리버캐슬,127.1230632962747364_37.5514363188395635,423.0,67.0,원활,127.1230632962747364_37.5514363188395635|127.1222773585622576_37.5492997494173082|127.1217277682565907_37.5477735136945441
2026-09-04T13:22:12.125893+09:00,광나루한강공원,광나루한강공원,POI087,KEY_3,1240047100,올림픽대로,1240001200,경지리버캐슬,127.1230632962747364_37.5514363188395635,1240023602,토끼굴입구교차로,127.1239139566358176_37.5547761552695221,378.0,45.3,서행,127.1239139566358176_37.5547761552695221|127.1238319581724454_37.5545467811282307|127.1236789988214184_37.5539882420447455|127.1233559075293158_37.5527137092216492|127.1230632962747364_37.5514363188395635
2026-09-04T13:22:12.125893+09:00,광나루한강공원,광나루한강공원,POI087,KEY_3,1240048400,올림픽대로,1240023601,토끼굴입구교차로,127.1239539812538482_37.5548831627873270,1240001404,토끼굴입구교차로,127.1250320763398065_37.5548511707998713,95.0,36.0,원활,127.1250320763398065_37.5548511707998713|127.1239539812538482_37.5548831627873270
2026-09-04T13:22:12.125893+09:00,광나루한강공원,광나루한강공원,POI087,KEY_3,1240049000,올림픽대로,1240001200,경지리버캐슬,127.1230632962747364_37.5514363188395635,1240025100,한강공원광나루지구앞,127.1269478033680542_37.5596504528202146,978.0,76.3,원활,127.1269478033680542_37.5596504528202146|127.1267496973602817_37.5593753265502670|127.1265066019370522_37.5590573372870296|127.1262273815180919_37.5586249595653143|127.1260337536956229_37.5583390999885367|127.1258490752626926_37.5580317751064641|127.1256418735539881_37.5576851390736692|127.1254301889410527_37.5573420834741540|127.1252499164838241_37.5569811156751996|127.1250966558760211_37.5566558768257437|127.1248848334649182_37.5562270003697236|127.1247360440222423_37.5558874529512821|127.1245781829503017_37.5554942767383437|127.1244112578118575_37.5550510486342262|127.1242397953772922_37.5545792183717495|127.1238473589382494_37.5535676683159139|127.1230632962747364_37.5514363188395635
2026-09-04T13:22:12.125893+09:00,광나루한강공원,광나루한강공원,POI087,KEY_3,1240055102,올림픽대로,1240090702,암사IC(동측),127.1362722116925994_37.5665738586957119,1240090901,암사IC,127.1394559378402249_37.5670778105045855,290.0,77.0,원활,127.1394559378402249_37.5670778105045855|127.1392235027427517_37.5670837960173998|127.1387484463464119_37.5670734478306017|127.1384095245911254_37.5670446840480778|127.1379356221320194_37.5669908429020794|127.1376427892064527_37.5669474737897886|127.1373686766040549_37.5669013071047218|127.1370990240938568_37.5668372561549120|127.1367978928529539_37.5667553608164653|127.1362722116925994_37.5665738586957119
2026-09-04T13:22:12.125893+09:00,광나루한강공원,광나루한강공원,POI087,KEY_3,1240055103,올림픽대로,1240090202,암사IC(서측),127.1308373655388664_37.5634694337541291,1240090702,암사IC(동측),127.1362722116925994_37.5665738586957119,594.0,79.0,원활,127.1362722116925994_37.5665738586957119|127.1359618092228487_37.5664666845864019|127.1356965859733208_37.5663668666233050|127.1352739684259205_37.5661742566018333|127.1347748760588274_37.5659209431275443|127.1340149204080774_37.5654891321954594|127.1334438721459890_37.5651858336020723|127.1329177577794809_37.5648860567984357|127.1325580067021122_37.5646719116931251|127.1321217855294492_37.5643970609068134|127.1316495417214725_37.5640721875436014|127.1313256970069148_37.5638365431922949|127.1308938962237960_37.5635151978296022|127.1308373655388664_37.5634694337541291
2026-09-04T13:22:12.125893+09:00,광나루한강공원,광나루한강공원,POI087,KEY_3,1240055104,올림픽대로,1240025100,한강공원광나루지구앞,127.1269478033680542_37.5596504528202146,1240090202,암사IC(서측),127.1308373655388664_37.5634694337541291,547.0,77.0,원활,127.1308373655388664_37.5634694337541291|127.1304395565809671_37.5631473897905153|127.1297692396458956_37.5625688430569511|127.1293553268536130_37.5621938351308913|127.1289548887118599_37.5618152340556080|127.1286624204853126_37.5615294868736953|127.1282079077977443_37.5610472428759650|127.1279469249624725_37.5607829142085734|127.1277579236502930_37.5605828724556119|127.1273528761989411_37.5601256030252131|127.1271323445065207_37.5598719561348560|127.1269478033680542_37.5596504528202146
2026-09-04T13:22:12.125893+09:00,광나루한강공원,광나루한강공원,POI087,KEY_3,1240057300,올림픽대로,1240030300,강일IC,127.1606499758005384_37.5714359568575702,1240030900,강일IC,127.1651625313621281_37.5734340461809779,456.0,70.0,원활,127.1651625313621281_37.5734340461809779|127.1632490113124447_37.5725223673562283|127.1606499758005384_37.5714359568575702
2026-09-04T13:22:12.125893+09:00,광나루한강공원,광나루한강공원,POI087,KEY_3,1240057500,서울양양고속도로,1240030900,강일IC,127.1651625313621281_37.5734340461809779,1240031100,강일IC,127.1691443708316314_37.5755176901044976,421.0,73.0,원활,127.1691443708316314_37.5755176901044976|127.1684720445243215_37.5751921035002070|127.1679862738846367_37.5749460640484614|127.1673070552934064_37.5745822937581835|127.1651625313621281_37.5734340461809779
2026-09-04T13:22:12.125893+09:00,광나루한강공원,광나루한강공원,POI087,KEY_3,1240059700,올림픽대로,1240017800,천호동480-7,127.1193551490127760_37.5429706223890776,1240032400,상행4교,127.1204348553451950_37.5446076809158882,206.0,63.0,원활,127.1204348553451950_37.5446076809158882|127.1201623800669296_37.5441394084785358|127.1198193379672148_37.5435695202564261|127.1196945642871015_37.5433687916018997|127.1195071488959343_37.5431177801974911|127.1193551490127760_37.5429706223890776
2026-09-04T13:22:12.125893+09:00,광나루한강공원,광나루한강공원,POI087,KEY_3,1240216500,올림픽대로,1240090202,암사IC(서측),127.1308373655388664_37.5634694337541291,1240090300,암사IC,127.1311901252658743_37.5637979024442927,48.0,60.3,원활,127.1311901252658743_37.5637979024442927|127.1310138827218452_37.5636337964583262|127.1308373655388664_37.5634694337541291
2026-09-04T13:22:12.125893+09:00,광나루한강공원,광나루한강공원,POI087,KEY_3,1240216700,올림픽대로,1240090300,암사IC,127.1311901252658743_37.5637979024442927,1240090500,암사IC,127.1329986169290862_37.5660652670102877,318.0,55.7,원활,127.1329986169290862_37.5660652670102877|127.1328953941539055_37.5659201364822906|127.1328683589674426_37.5657876034544600|127.1328605096152273_37.5656794288641009|127.1328678177050620_37.5654828603696558|127.1328713805042128_37.5653335298719071|127.1328673549299992_37.5652223038032886|127.1328537636253913_37.5651141329609501|127.1328152880906686_37.5650059928144842|127.1327730376240623_37.5649283303708970|127.1326867371606824_37.5648354806896165|127.1325793638164470_37.5647350366917578|127.1319258660842877_37.5643015086600727|127.1313737935168007_37.5639166927200563|127.1311901252658743_37.5637979024442927
2026-09-04T13:22:12.125893+09:00,광나루한강공원,광나루한강공원,POI087,KEY_3,1240217100,올림픽대로,1240090300,암사IC,127.1311901252658743_37.5637979024442927,1240090800,암사IC,127.1365972294102136_37.5651414590423798,693.0,58.0,원활,127.1365972294102136_37.5651414590423798|127.1366263498069742_37.5655247592747017|127.1366167971389984_37.5656929654523779|127.1365649460693987_37.5658421591015284|127.1365017738534391_37.5659610923698466|127.1364258738261981_37.5660542502193593|127.1363443474445631_37.5661507779322008|127.1362559045065979_37.5662221956221316|127.1361627886459758_37.5662828859782465|127.1360539698548564_37.5663292820469792|127.1359376504363468_37.5663766290928933|127.1358095231906304_37.5664104188161829|127.1356841884783364_37.5664318678621783|127.1355588365373990_37.5664432247464291|127.1354531846279627_37.5664411025320177|127.1353489279283622_37.5664356161090396|127.1352108326978083_37.5664111059951153|127.1350797559133667_37.5663731304233295|127.1349599506734194_37.5663351418212059|127.1347329831988588_37.5662412119071334|127.1345299467184589_37.5661371604368099|127.1342169603501446_37.5659917464286082|127.1340214186574826_37.5658947989163110|127.1335532128112504_37.5656929956492291|127.1332924858514275_37.5655570489759256|127.1331657550513938_37.5654850024289502|127.1330075339983523_37.5653758269636810|127.1328322008377683_37.5652387973408679|127.1326037771345341_37.5650332117797632|127.1323717324360416_37.5648140500230099|127.1322296265415730_37.5646762668406211|127.1320398864888830_37.5645135188209238|127.1318015860040163_37.5643079445266750|127.1315363565676506_37.5641031115349975|127.1313266480101163_37.5639559655156603|127.1311901252658743_37.5637979024442927
2026-09-04T13:22:12.125893+09:00,광나루한강공원,광나루한강공원,POI087,KEY_3,1240217200,올림픽대로,1240090701,암사IC(동측),127.1364229071871677_37.5663677147302906,1240090500,암사IC,127.1329986169290862_37.5660652670102877,429.0,47.7,서행,127.1329986169290862_37.5660652670102877|127.1329600232939043_37.5659203700531990|127.1329477880620686_37.5657735359934364|127.1329571774073059_37.5656667286276971|127.1329953312629755_37.5655656083791030|127.1330524000476601_37.5654702791231472|127.1331395872142025_37.5653680962422101|127.1332719276441736_37.5652471288348551|127.1334574976156517_37.5651451697874421|127.1336425154903651_37.5650873571503965|127.1338331574076790_37.5650681545166520|127.1339956210931490_37.5650678927528929|127.1341503653642917_37.5650884588409824|127.1343907537342943_37.5651804419851203|127.1347988979699153_37.5654176755140767|127.1361786059709686_37.5661791595674472|127.1364229071871677_37.5663677147302906
2026-09-04T13:22:12.125893+09:00,광나루한강공원,광나루한강공원,POI087,KEY_3,1240217300,올림픽대로,1240032202,암사IC,127.1348105358614475_37.5657190763764177,1240090702,암사IC(동측),127.1362722116925994_37.5665738586957119,536.0,51.0,원활,127.1362722116925994_37.5665738586957119|127.1355422138825730_37.5663616190620218|127.1348522274947328_37.5660240593168595|127.1342908298379797_37.5657067127172297|127.1341501924355697_37.5656478330757935|127.1340163428170911_37.5656032849037871|127.1338410826988223_37.5655780026662782|127.1336805566699155_37.5655762771312212|127.1335679829956007_37.5655935685079001|127.1334553318832974_37.5656328324409614|127.1333445177709223_37.5657000728031463|127.1332756414529683_37.5657719725260222|127.1332170858739090_37.5658548445979292|127.1331755937859640_37.5659449107621697|127.1331652662762650_37.5660414865934911|127.1331867609522135_37.5661374994450910|127.1332400486171395_37.5662272919825639|127.1333189293997492_37.5663054624892823|127.1334168092737400_37.5663671403775368|127.1335308265165622_37.5664115431693588|127.1336547605761496_37.5664370029105470|127.1337870236855281_37.5664456260945272|127.1339187209134565_37.5664270829611198|127.1340416062283367_37.5663864212405372|127.1341479884932824_37.5663306954828826|127.1342383507524829_37.5662603980275662|127.1343304101638694_37.5661885497603620|127.1344106509993281_37.5661070895429674|127.1348105358614475_37.5657190763764177
2026-09-04T13:22:12.125893+09:00,광나루한강공원,광나루한강공원,POI087,KEY_3,1240217600,올림픽대로,2210023201,구리암사대교(남측),127.1334726884199142_37.5674589454839420,1240090901,암사IC,127.1394559378402249_37.5670778105045855,575.0,57.3,원활,127.1394559378402249_37.5670778105045855|127.1391618742425180_37.5671175478771460|127.1387317818069249_37.5671512557337621|127.1381680858627021_37.5671271691521014|127.1378284097649924_37.5670932364760404|127.1374725327581388_37.5670450228944262|127.1372447989842129_37.5670107436991003|127.1369697781383366_37.5669581404343518|127.1367585584036846_37.5669140446188194|127.1365455306683003_37.5668628011187735|127.1363783400160372_37.5668179373993993|127.1362139303013947_37.5667647999988148|127.1360363612497935_37.5667022909636685|127.1358671842482835_37.5666359499810625|127.1357252808234790_37.5665890154760760|127.1355862061503359_37.5665495495053392|127.1354603154168927_37.5665272655413673|127.1352987581030334_37.5665184813906166|127.1351409859530435_37.5665253898261540|127.1350085934929695_37.5665449784701764|127.1348612114022671_37.5665847708890581|127.1347194891144881_37.5666380121291681|127.1345881243871787_37.5667061961113262|127.1344361688853581_37.5668140219592956|127.1342926771646944_37.5669293153423993|127.1341501309783979_37.5670475978779947|127.1339456741921055_37.5672093135944110|127.1334726884199142_37.5674589454839420
2026-09-04T13:22:12.125893+09:00,광나루한강공원,광나루한강공원,POI087,KEY_3,1240225700,양재대로,2210023201,구리암사대교(남측),127.1334726884199142_37.5674589454839420,1240032201,암사IC,127.1349194171493338_37.5657805051552458,226.0,66.0,원활,127.1349194171493338_37.5657805051552458|127.1347113561779594_37.5660250553624380|127.1343030318637659_37.5664722466768595|127.1334726884199142_37.5674589454839420
2026-09-04T13:22:12.125893+09:00,광나루한강공원,광나루한강공원,POI087,KEY_3,1240225800,양재대로,1240032202,암사IC,127.1348105358614475_37.5657190763764177,2210023202,구리암사대교(남측),127.1333607373298094_37.5673990317431219,226.0,73.5,원활,127.1333607373298094_37.5673990317431219|127.1339898006687719_37.5666507311606352|127.1345996182809017_37.5659635700386403|127.1347596556099120_37.5657752217915260|127.1348105358614475_37.5657190763764177
2026-09-04T13:22:12.125893+09:00,광나루한강공원,광나루한강공원,POI087,KEY_3,1249001300,올림픽대로,1249000900,강동고덕IC,127.1454005448970577_37.5666132262366972,1249001700,강동고덕IC,127.1492121179498014_37.5666314223501203,339.0,55.0,원활,127.1492121179498014_37.5666314223501203|127.1491517684305705_37.5666506266823532|127.1490891987170784_37.5666668338693199|127.1490241536903909_37.5666798852292416|127.1489563782325547_37.5666896220796218|127.1488856172266821_37.5666958857371682|127.1488116155573067_37.5666985175178283|127.1487538341527852_37.5666980124752143|127.1486939787477439_37.5666953082959765|127.1486319417171700_37.5666903380342205|127.1482595541863247_37.5666553171452406|127.1481842141033667_37.5666458129190204|127.1481029864332157_37.5666368475785077|127.1480166691343072_37.5666284947251015|127.1479105974525794_37.5666196220394184|127.1477999514545161_37.5666118000809703|127.1476859982637393_37.5666051457360766|127.1475700050023363_37.5665997758956252|127.1474532387909591_37.5665958074551938|127.1473534987606371_37.5665936099474820|127.1472549197459756_37.5665926015455014|127.1471742331369512_37.5665927226699523|127.1460812311838140_37.5666310345758490|127.1454005448970577_37.5666132262366972
2026-09-04T13:22:12.125893+09:00,광나루한강공원,광나루한강공원,POI087,KEY_3,1249004200,세종포천고속도로,1249003800,속성변화점,127.1538504256544826_37.5669421443272782,1249004200,강동고덕IC,127.1531229995195389_37.5684066576774143,177.0,63.5,원활,127.1531229995195389_37.5684066576774143|127.1535588105884784_37.5677732648299880|127.1535929995864933_37.5677180275478122|127.1536248360431784_37.5676632906555739|127.1536543679879827_37.5676090409917052|127.1536816434500565_37.5675552653944180|127.1537067104583940_37.5675019507018462|127.1537296170416482_37.5674490837518178|127.1537504112283159_37.5673966513820972|127.1537691410466238_37.5673446404302638|127.1537858545246706_37.5672930377337835|127.1538005996902143_37.5672418301299587|127.1538134245708846_37.5671910044559638|127.1538243771941552_37.5671405475488882|127.1538335055871727_37.5670904462456576|127.1538408577770412_37.5670406873831837|127.1538464817905947_37.5669912577981435|127.1538504256544826_37.5669421443272782
2026-09-04T13:22:12.125893+09:00,광나루한강공원,광나루한강공원,POI087,KEY_3,1249004300,세종포천고속도로,1249004000,고덕토평대교남측,127.1545591558637369_37.5669550891076014,1249004200,강동고덕IC,127.1531229995195389_37.5684066576774143,205.0,92.6,원활,127.1531229995195389_37.5684066576774143|127.1532135199928177_37.5683248961847838|127.1533046506330322_37.5682413080580773|127.1533960872386615_37.5681562109459009|127.1534875266374343_37.5680699219237368|127.1535786664171752_37.5679827576630743|127.1536691796681140_37.5678950588425877|127.1537810724618538_37.5677850763585255|127.1538909404785898_37.5676753577294917|127.1539982208116442_37.5675664961815983|127.1541023247567068_37.5674591108636875|127.1542026905767671_37.5673537932635924|127.1542798270779571_37.5672715179325110|127.1543538975981420_37.5671912761153450|127.1544245713835153_37.5671134180022293|127.1545591558637369_37.5669550891076014
2026-09-04T13:22:12.125893+09:00,광나루한강공원,광나루한강공원,POI087,KEY_3,1249004400,세종포천고속도로,1249004200,강동고덕IC,127.1531229995195389_37.5684066576774143,1249004300,속성변화점,127.1522537238791841_37.5691179051641413,110.0,92.0,원활,127.1522537238791841_37.5691179051641413|127.1523607796468411_37.5690333491446182|127.1525902903006937_37.5688563531528530|127.1526498118070663_37.5688094067240073|127.1527108078899033_37.5687602660624833|127.1527731575753677_37.5687090563237618|127.1528367244431763_37.5686559157201145|127.1529013741228908_37.5686009814704747|127.1529669738312691_37.5685443899934768|127.1530333557997778_37.5684863087568388|127.1531229995195389_37.5684066576774143
2026-09-04T13:22:12.125893+09:00,광나루한강공원,광나루한강공원,POI087,KEY_3,1249004900,세종포천고속도로,1249004700,속성변화점,127.1532558940064632_37.5685317270623784,1249004400,강동고덕IC,127.1543111086451745_37.5675084796111562,147.0,87.0,원활,127.1543111086451745_37.5675084796111562|127.1542642049294614_37.5675576974918073|127.1541590918255054_37.5676661240150978|127.1540508224112784_37.5677759894576084|127.1539399686044192_37.5678866927681128|127.1538271281338837_37.5679976069766965|127.1537357464921456_37.5680861473637577|127.1536437611318320_37.5681741204938291|127.1535514394082611_37.5682612423114790|127.1534590731802581_37.5683472047559022|127.1533669535522648_37.5684317001723187|127.1532753706052858_37.5685144214808062|127.1532558940064632_37.5685317270623784
2026-09-04T13:22:12.125893+09:00,광나루한강공원,광나루한강공원,POI087,KEY_3,1249005500,올림픽대로,1249004900,강동고덕IC,127.1556172088553183_37.5685808780140178,1249005100,강동고덕IC,127.1594245200947029_37.5708609109450435,442.0,55.7,원활,127.1594245200947029_37.5708609109450435|127.1588715773559244_37.5706859281288743|127.1580595927379278_37.5703110920263939|127.1579691582908254_37.5702726713072863|127.1578110747222468_37.5702093065536431|127.1569625645828836_37.5698849616775519|127.1565017725998672_37.5696886070384934|127.1564544256262366_37.5696560720357198|127.1564114406254049_37.5696225646814881|127.1563728176568731_37.5695880711070558|127.1563353706094972_37.5695489725379588|127.1563032017711521_37.5695086454000986|127.1562763112197274_37.5694670712322036|127.1562546990325870_37.5694242315722349|127.1562383652865975_37.5693801079574996|127.1561674568100102_37.5691095660189305|127.1561466169877406_37.5690521608998296|127.1561279777383930_37.5690062093171449|127.1561065119989706_37.5689596704125321|127.1560841316127437_37.5689180059745880|127.1560577006417532_37.5688766896133117|127.1560260854565882_37.5688363298500576|127.1559910932286499_37.5688002241587924|127.1559519866989518_37.5687672624400264|127.1559080286109520_37.5687363345928915|127.1558584817111210_37.5687063305148499|127.1556172088553183_37.5685808780140178
2026-09-04T13:22:12.125893+09:00,광나루한강공원,광나루한강공원,POI087,KEY_3,1249005600,세종포천고속도로,2219001400,강동구-구리시,127.1514647427795097_37.5699413360462344,1249004700,속성변화점,127.1532558940064632_37.5685317270623784,223.0,87.0,원활,127.1532558940064632_37.5685317270623784|127.1531846520407072_37.5685950277339202|127.1531172624208637_37.5686539907219981|127.1530506549390651_37.5687114516808691|127.1529849125477512_37.5687673145237468|127.1529201531859457_37.5688214521152730|127.1528564932069401_37.5688737381209066|127.1527940469153464_37.5689240471999000|127.1527329440634304_37.5689722409552118|127.1525034848036881_37.5691491975690255|127.1523967485271243_37.5692335013670586|127.1522547258818037_37.5693439987906217|127.1520462644153895_37.5695038996392867|127.1517314946208330_37.5697420983592494|127.1514647427795097_37.5699413360462344
2026-09-04T13:22:12.125893+09:00,광나루한강공원,광나루한강공원,POI087,KEY_3,2210114600,수도권제1순환고속도로,2219109600,최소노드배치점,127.1609957002902433_37.5785547087026899,1240031000,강일IC(북측),127.1634752871115808_37.5755388690718135,400.0,89.0,원활,127.1634752871115808_37.5755388690718135|127.1610498332658210_37.5784891172327278|127.1609957002902433_37.5785547087026899
2026-09-04T13:22:12.125893+09:00,광나루한강공원,광나루한강공원,POI087,KEY_3,2219001100,세종포천고속도로,1249004300,속성변화점,127.1522537238791841_37.5691179051641413,2219001300,강동구-구리시,127.1512993803769831_37.5698423595654631,117.0,86.5,원활,127.1512993803769831_37.5698423595654631|127.1515915337838010_37.5696241497645218|127.1519053223385924_37.5693866939154546|127.1521127670735893_37.5692275731775283|127.1522537238791841_37.5691179051641413
2026-09-04T13:22:12.125893+09:00,광화문광장,광화문광장,POI088,KEY_4,1000000902,새문안로,1000008401,신문로1가141,126.9756642084840337_37.5702188245241615,1000009300,세종로208,126.9762005801091362_37.5702231750732523,47.0,38.0,원활,126.9762005801091362_37.5702231750732523|126.9756642084840337_37.5702188245241615
2026-09-04T13:22:12.125893+09:00,광화문광장,광화문광장,POI088,KEY_4,1000000903,새문안로,1000214200,세종대로사거리,126.9766244379145377_37.5702266110763219,1000009004,세종대로사거리,126.9769755542479714_37.5702294562480148,31.0,29.7,원활,126.9769755542479714_37.5702294562480148|126.9766244379145377_37.5702266110763219
2026-09-04T13:22:12.125893+09:00,광화문광장,광화문광장,POI088,KEY_4,1000001301,종로,1000009001,세종대로사거리,126.9771187019505163_37.5702314111293560,1000009700,종로1가1-3,126.9777559525715844_37.5702421551131351,56.0,7.0,정체,126.9777559525715844_37.5702421551131351|126.9771187019505163_37.5702314111293560
2026-09-04T13:22:12.125893+09:00,광화문광장,광화문광장,POI088,KEY_4,1000001302,종로,1000009700,종로1가1-3,126.9777559525715844_37.5702421551131351,1000008804,광화문우체국,126.9784336631558119_37.5702494972367163,60.0,8.0,정체,126.9784336631558119_37.5702494972367163|126.9779432056922133_37.5702453112944994|126.9777559525715844_37.5702421551131351
2026-09-04T13:22:12.125893+09:00,광화문광장,광화문광장,POI088,KEY_4,1000001402,종로,1000008803,광화문우체국,126.9784351192109852_37.5701413844145975,1000008000,동아일보사,126.9777588281918099_37.5701340596360964,60.0,9.0,정체,126.9777588281918099_37.5701340596360964|126.9779453713088060_37.5701372048683524|126.9784351192109852_37.5701413844145975
2026-09-04T13:22:12.125893+09:00,광화문광장,광화문광장,POI088,KEY_4,1000008305,사직로8길,1000030902,세종로공원,126.9763299470461675_37.5743620222710391,1000016700,광화문,126.9763532157447088_37.5747826865806687,47.0,4.0,정체,126.9763532157447088_37.5747826865806687|126.9763299470461675_37.5743620222710391
2026-09-04T13:22:12.125893+09:00,광화문광장,광화문광장,POI088,KEY_4,1000008306,사직로8길,1000030901,세종로공원,126.9763653836261312_37.5741476322646690,1000030902,세종로공원,126.9763299470461675_37.5743620222710391,24.0,4.0,정체,126.9763299470461675_37.5743620222710391|126.9763653836261312_37.5741476322646690
2026-09-04T13:22:12.125893+09:00,광화문광장,광화문광장,POI088,KEY_4,1000008403,세종대로,1000178600,세종로 84-12,126.9773435970436708_37.5716353187199061,1000010301,주한네덜란드대사관,126.9773205016073234_37.5708618739457165,86.0,30.0,원활,126.9773205016073234_37.5708618739457165|126.9773435970436708_37.5716353187199061
2026-09-04T13:22:12.125893+09:00,광화문광장,광화문광장,POI088,KEY_4,1000008404,세종대로,1000031103,대한민국역사박물관,126.9772668410657133_37.5742389331108342,1000013701,미국대사관,126.9773127388234570_37.5727861811112405,161.0,14.0,정체,126.9773127388234570_37.5727861811112405|126.9772668410657133_37.5742389331108342
2026-09-04T13:22:12.125893+09:00,광화문광장,광화문광장,POI088,KEY_4,1000008405,세종대로,1000031102,대한민국역사박물관,126.9772570032702248_37.5744554912241924,1000031103,대한민국역사박물관,126.9772668410657133_37.5742389331108342,24.0,10.0,정체,126.9772668410657133_37.5742389331108342|126.9772570032702248_37.5744554912241924
2026-09-04T13:22:12.125893+09:00,광화문광장,광화문광장,POI088,KEY_4,1000008406,세종대로,1000013701,미국대사관,126.9773127388234570_37.5727861811112405,1000013702,미국대사관,126.9773159428094118_37.5726780742018107,12.0,10.0,정체,126.9773159428094118_37.5726780742018107|126.9773127388234570_37.5727861811112405
2026-09-04T13:22:12.125893+09:00,광화문광장,광화문광장,POI088,KEY_4,1000009901,사직로8길,1000015501,정부중앙청사별관,126.9745359191347660_37.5741633893777163,1000015902,중앙지하차도(서측),126.9756117227963585_37.5742176029672024,95.0,12.0,정체,126.9756117227963585_37.5742176029672024|126.9745359191347660_37.5741633893777163
2026-09-04T13:22:12.125893+09:00,광화문광장,광화문광장,POI088,KEY_4,1000009902,사직로8길,1000015902,중앙지하차도(서측),126.9756117227963585_37.5742176029672024,1000030902,세종로공원,126.9763299470461675_37.5743620222710391,66.0,4.0,정체,126.9763299470461675_37.5743620222710391|126.9758706991731145_37.5743046632961182|126.9756117227963585_37.5742176029672024
2026-09-04T13:22:12.125893+09:00,광화문광장,광화문광장,POI088,KEY_4,1000009903,사직로8길,1000031102,대한민국역사박물관,126.9772570032702248_37.5744554912241924,1000016202,중앙지하차도(동측),126.9780305337901893_37.5744492911494277,69.0,8.0,정체,126.9780305337901893_37.5744492911494277|126.9777525987565241_37.5744864077288838|126.9772766588325226_37.5744570835161937|126.9772570032702248_37.5744554912241924
2026-09-04T13:22:12.125893+09:00,광화문광장,광화문광장,POI088,KEY_4,1000009904,사직로8길,1000016202,중앙지하차도(동측),126.9780305337901893_37.5744492911494277,1000016107,정부합동민원실,126.9784461006803866_37.5744659883513918,37.0,22.0,서행,126.9784461006803866_37.5744659883513918|126.9780305337901893_37.5744492911494277
2026-09-04T13:22:12.125893+09:00,광화문광장,광화문광장,POI088,KEY_4,1000010001,사직로8길,1000015901,중앙지하차도(서측),126.9756254491522043_37.5741101153048476,1000015502,정부중앙청사별관,126.9745471372090009_37.5740556283939924,95.0,14.0,정체,126.9745471372090009_37.5740556283939924|126.9756254491522043_37.5741101153048476
2026-09-04T13:22:12.125893+09:00,광화문광장,광화문광장,POI088,KEY_4,1000010002,사직로8길,1000030901,세종로공원,126.9763653836261312_37.5741476322646690,1000015901,중앙지하차도(서측),126.9756254491522043_37.5741101153048476,66.0,22.0,서행,126.9756254491522043_37.5741101153048476|126.9759083891116944_37.5740905296920999|126.9763653836261312_37.5741476322646690
2026-09-04T13:22:12.125893+09:00,광화문광장,광화문광장,POI088,KEY_4,1000010003,사직로8길,1000016201,중앙지하차도(동측),126.9780392001640763_37.5743414013185841,1000031103,대한민국역사박물관,126.9772668410657133_37.5742389331108342,70.0,14.0,정체,126.9772668410657133_37.5742389331108342|126.9773009030501640_37.5742416927750185|126.9777735667203871_37.5742708146941595|126.9780392001640763_37.5743414013185841
2026-09-04T13:22:12.125893+09:00,광화문광장,광화문광장,POI088,KEY_4,1000010004,사직로8길,1000016106,정부합동민원실,126.9784265292035883_37.5743569447684180,1000016201,중앙지하차도(동측),126.9780392001640763_37.5743414013185841,34.0,8.0,정체,126.9780392001640763_37.5743414013185841|126.9784265292035883_37.5743569447684180
2026-09-04T13:22:12.125893+09:00,광화문광장,광화문광장,POI088,KEY_4,1000010600,새문안로5길,1000019302,정부서울청사사거리,126.9743957431224146_37.5756988655088620,1000015501,정부중앙청사별관,126.9745359191347660_37.5741633893777163,171.0,8.0,정체,126.9745359191347660_37.5741633893777163|126.9745251838795923_37.5743178497332622|126.9743883747213147_37.5754949317932088|126.9743883466303203_37.5755769520238516|126.9743957431224146_37.5756988655088620
2026-09-04T13:22:12.125893+09:00,광화문광장,광화문광장,POI088,KEY_4,1000011101,종로1길,1000061700,세종로 23-3,126.9788627671283336_37.5751151643689312,1000018300,경복궁사거리,126.9791985772177298_37.5755559719213679,57.0,21.0,서행,126.9791985772177298_37.5755559719213679|126.9791278841071005_37.5754329070121216|126.9790835784237970_37.5753764590680319|126.9788627671283336_37.5751151643689312
2026-09-04T13:22:12.125893+09:00,광화문광장,광화문광장,POI088,KEY_4,1000011102,종로1길,1000018300,경복궁사거리,126.9791985772177298_37.5755559719213679,1000019703,경복궁사거리,126.9793107532419185_37.5757813746508091,27.0,8.0,정체,126.9793107532419185_37.5757813746508091|126.9791985772177298_37.5755559719213679
2026-09-04T13:22:12.125893+09:00,광화문광장,광화문광장,POI088,KEY_4,1000011202,종로1길,1000019702,경복궁사거리,126.9794701198467664_37.5758080047390521,1000018200,경복궁,126.9792457576218681_37.5753789068622197,52.0,3.0,정체,126.9792457576218681_37.5753789068622197|126.9793010192322811_37.5754682222458030|126.9794701198467664_37.5758080047390521
2026-09-04T13:22:12.125893+09:00,광화문광장,광화문광장,POI088,KEY_4,1000011700,사직로,1000019303,정부서울청사사거리,126.9742603998069796_37.5757097304571062,1000019802,경복궁역사거리,126.9727094012703503_37.5758424186585529,138.0,6.0,정체,126.9727094012703503_37.5758424186585529|126.9729390930378230_37.5758227698022793|126.9733793101036952_37.5757851103966303|126.9742603998069796_37.5757097304571062
2026-09-04T13:22:12.125893+09:00,광화문광장,광화문광장,POI088,KEY_4,1000011800,사직로,1000242400,적선동 8-1,126.9733938280741512_37.5758926104395314,1000019304,정부서울청사사거리,126.9742589191568953_37.5758185992423250,77.0,8.0,정체,126.9742589191568953_37.5758185992423250|126.9733938280741512_37.5758926104395314
2026-09-04T13:22:12.125893+09:00,광화문광장,광화문광장,POI088,KEY_4,1000012001,사직로,1000018500,광화문,126.9756248255992830_37.5755943672526271,1000019302,정부서울청사사거리,126.9743957431224146_37.5756988655088620,109.0,8.0,정체,126.9743957431224146_37.5756988655088620|126.9754810818243271_37.5756177185546321|126.9756248255992830_37.5755943672526271
2026-09-04T13:22:12.125893+09:00,광화문광장,광화문광장,POI088,KEY_4,1000012101,사직로,1000003601,광화문삼거리,126.9772026040190127_37.5752961563211159,1000020200,경복궁,126.9786283706113750_37.5757946408291801,142.0,7.0,정체,126.9786283706113750_37.5757946408291801|126.9780494814518477_37.5757270176835334|126.9778051553330869_37.5756687993840117|126.9775841152535918_37.5755595455980540|126.9773389726312587_37.5753713360195221|126.9772665949307680_37.5753228898854132|126.9772026040190127_37.5752961563211159
2026-09-04T13:22:12.125893+09:00,광화문광장,광화문광장,POI088,KEY_4,1000012102,사직로,1000020200,경복궁,126.9786283706113750_37.5757946408291801,1000019704,경복궁사거리,126.9793621536958312_37.5759001150550986,66.0,19.0,서행,126.9793621536958312_37.5759001150550986|126.9791440605087161_37.5758645700478056|126.9786283706113750_37.5757946408291801
2026-09-04T13:22:12.125893+09:00,광화문광장,광화문광장,POI088,KEY_4,1000012201,사직로,1000018900,광화문,126.9779451863085598_37.5756050720602488,1000003602,광화문삼거리,126.9772110255811555_37.5752034687002023,79.0,23.0,서행,126.9772110255811555_37.5752034687002023|126.9772928511832646_37.5752335458452649|126.9773935570080141_37.5752794922773816|126.9776603729761888_37.5754731005354259|126.9778509223909992_37.5755747642951761|126.9779451863085598_37.5756050720602488
2026-09-04T13:22:12.125893+09:00,광화문광장,광화문광장,POI088,KEY_4,1000012202,사직로,1000019100,경복궁,126.9786480964121154_37.5756876675167888,1000018900,광화문,126.9779451863085598_37.5756050720602488,63.0,11.0,정체,126.9779451863085598_37.5756050720602488|126.9786480964121154_37.5756876675167888
2026-09-04T13:22:12.125893+09:00,광화문광장,광화문광장,POI088,KEY_4,1000012203,사직로,1000019703,경복궁사거리,126.9793107532419185_37.5757813746508091,1000019100,경복궁,126.9786480964121154_37.5756876675167888,59.0,6.0,정체,126.9786480964121154_37.5756876675167888|126.9791690991976765_37.5757582877498706|126.9793107532419185_37.5757813746508091
2026-09-04T13:22:12.125893+09:00,광화문광장,광화문광장,POI088,KEY_4,1000012502,사직로,1000224600,내자동 35,126.9704050096786716_37.5761139325286422,1000019804,경복궁역사거리,126.9725583211622109_37.5759627912727225,191.0,29.0,원활,126.9725583211622109_37.5759627912727225|126.9704050096786716_37.5761139325286422
2026-09-04T13:22:12.125893+09:00,광화문광장,광화문광장,POI088,KEY_4,1000015201,효자로,1000022102,한글전각갤러리,126.9739017858953645_37.5793498869892204,1000019301,정부서울청사사거리,126.9743957935852450_37.5758074664167268,396.0,26.0,원활,126.9743957935852450_37.5758074664167268|126.9743764184428017_37.5760755345660726|126.9743092662572082_37.5764778948295017|126.9741719066146146_37.5773009081164844|126.9741268698984413_37.5775378120208856|126.9740611119599407_37.5778837117652031|126.9740177174622744_37.5782830491677231|126.9739017858953645_37.5793498869892204
2026-09-04T13:22:12.125893+09:00,광화문광장,광화문광장,POI088,KEY_4,1000015401,자하문로,1000140900,통의동 139,126.9725715057905830_37.5765777524989346,1000019801,경복궁역사거리,126.9726968257656665_37.5759522364072183,70.0,17.5,서행,126.9726968257656665_37.5759522364072183|126.9726385507227491_37.5763288934255186|126.9725895796281208_37.5765259070172135|126.9725715057905830_37.5765777524989346
2026-09-04T13:22:12.125893+09:00,광화문광장,광화문광장,POI088,KEY_4,1000029000,삼봉로,1000013504,주한미국대사관,126.9784467211068915_37.5726032215874994,1000013702,미국대사관,126.9773159428094118_37.5726780742018107,102.0,8.0,정체,126.9773159428094118_37.5726780742018107|126.9782512339889990_37.5726820504358230|126.9783129244980984_37.5726656952107234|126.9784467211068915_37.5726032215874994
2026-09-04T13:22:12.125893+09:00,광화문광장,광화문광장,POI088,KEY_4,1000029100,삼봉로,1000013701,미국대사관,126.9773127388234570_37.5727861811112405,1000013506,주한미국대사관,126.9785034818852267_37.5727020694592397,108.0,6.0,정체,126.9785034818852267_37.5727020694592397|126.9783693699185818_37.5727646906777721|126.9782729085429054_37.5727902630233856|126.9773127388234570_37.5727861811112405
2026-09-04T13:22:12.125893+09:00,광화문광장,광화문광장,POI088,KEY_4,1000032100,사직로8길,1000016201,중앙지하차도(동측),126.9780392001640763_37.5743414013185841,1000015901,중앙지하차도(서측),126.9756254491522043_37.5741101153048476,215.0,7.0,정체,126.9756254491522043_37.5741101153048476|126.9761957492264486_37.5741735473063159|126.9766215660821871_37.5742181343338189|126.9771926297512294_37.5742872595378330|126.9772948428578871_37.5742955404616978|126.9780392001640763_37.5743414013185841
2026-09-04T13:22:12.125893+09:00,광화문광장,광화문광장,POI088,KEY_4,1000032200,사직로8길,1000015902,중앙지하차도(서측),126.9756117227963585_37.5742176029672024,1000016202,중앙지하차도(동측),126.9780305337901893_37.5744492911494277,215.0,34.0,원활,126.9780305337901893_37.5744492911494277|126.9772827190510327_37.5744032358319444|126.9771755284284893_37.5743945520917961|126.9766024909210955_37.5743251885524288|126.9761774658537661_37.5742806845081674|126.9756117227963585_37.5742176029672024
2026-09-04T13:22:12.125893+09:00,광화문광장,광화문광장,POI088,KEY_4,1000033500,사직로8길,1000016700,광화문,126.9763532157447088_37.5747826865806687,1000018500,광화문,126.9756248255992830_37.5755943672526271,120.0,4.0,정체,126.9756248255992830_37.5755943672526271|126.9757224088591272_37.5755618208710729|126.9758504305735158_37.5754900338429323|126.9760508643001629_37.5753564685578638|126.9761754799532412_37.5752709023523934|126.9762520914758284_37.5751999395367235|126.9763079793872578_37.5751369053768087|126.9763381579947321_37.5750888967285448|126.9763591702643026_37.5749970467265655|126.9763532157447088_37.5747826865806687
2026-09-04T13:22:12.125893+09:00,광화문광장,광화문광장,POI088,KEY_4,1000034400,새문안로3길,1000018004,서울특별시경찰청,126.9726181216856418_37.5753302820372284,1000019803,경복궁역사거리,126.9725722748504069_37.5758532725264089,58.0,24.0,서행,126.9725722748504069_37.5758532725264089|126.9726181216856418_37.5753302820372284
2026-09-04T13:22:12.125893+09:00,광화문광장,광화문광장,POI088,KEY_4,1000034500,새문안로3길,1000019802,경복궁역사거리,126.9727094012703503_37.5758424186585529,1000018001,서울특별시경찰청,126.9727536370288590_37.5753378072978137,56.0,20.0,서행,126.9727536370288590_37.5753378072978137|126.9727094012703503_37.5758424186585529
2026-09-04T13:22:12.125893+09:00,광화문광장,광화문광장,POI088,KEY_4,1000034600,종로1길,1000018300,경복궁사거리,126.9791985772177298_37.5755559719213679,1000019100,경복궁,126.9786480964121154_37.5756876675167888,52.0,22.0,서행,126.9786480964121154_37.5756876675167888|126.9788862592677674_37.5756563323175570|126.9790599923662171_37.5756153599018674|126.9791438638352332_37.5755915362356276|126.9791953891944161_37.5755648461559062|126.9791985772177298_37.5755559719213679
2026-09-04T13:22:12.125893+09:00,광화문광장,광화문광장,POI088,KEY_4,1000034900,율곡로,1000019401,경복궁,126.9801381644492011_37.5758813627365100,1000018200,경복궁,126.9792457576218681_37.5753789068622197,101.0,13.0,정체,126.9792457576218681_37.5753789068622197|126.9793355830232144_37.5754952608411301|126.9794316395642397_37.5755988334256017|126.9795071017629624_37.5756589212616419|126.9796274882100420_37.5757347490756146|126.9797877149027556_37.5758145479697703|126.9801381644492011_37.5758813627365100
2026-09-04T13:22:12.125893+09:00,광화문광장,광화문광장,POI088,KEY_4,1000035200,사직로,1000020200,경복궁,126.9786283706113750_37.5757946408291801,1000020600,대한출판문화협회,126.9794687888132074_37.5765544121067592,118.0,6.0,정체,126.9794687888132074_37.5765544121067592|126.9794368084534142_37.5764098329770562|126.9791960602808700_37.5761637733622180|126.9789750836954596_37.5759177176703147|126.9788694300669647_37.5758537146814078|126.9786283706113750_37.5757946408291801
2026-09-04T13:22:12.125893+09:00,광화문광장,광화문광장,POI088,KEY_4,1000046900,새문안로5길,1000012006,국토매일신문,126.9746696177836469_37.5730735623354022,1000032002,세종문화회관,126.9758250290710748_37.5731209316015295,105.0,11.0,정체,126.9758250290710748_37.5731209316015295|126.9757824820902385_37.5730812205397768|126.9757224844348826_37.5730583643911942|126.9746696177836469_37.5730735623354022
2026-09-04T13:22:12.125893+09:00,국립중앙박물관·용산가족공원,국립중앙박물관·용산가족공원,POI089,KEY_1,1020002703,동작대로,1020008300,동작대교(북측),126.9831231263510745_37.5186454299299683,1020008900,용산동6가68-2,126.9856244599082515_37.5199353315508191,345.0,27.0,원활,126.9856244599082515_37.5199353315508191|126.9851520657106505_37.5199330133943860|126.9849590223187761_37.5199222607252665|126.9844517234037795_37.5198792847619202|126.9837468776516687_37.5198934932959531|126.9834415949089248_37.5198934508918427|126.9833114065726534_37.5198684018021069|126.9832395884266276_37.5198111779369654|126.9831857329131708_37.5197325009994032|126.9831678001106070_37.5196216471319275|126.9831589769449067_37.5189315044776635|126.9831231263510745_37.5186454299299683
2026-09-04T13:22:12.125893+09:00,국립중앙박물관·용산가족공원,국립중앙박물관·용산가족공원,POI089,KEY_1,1020003501,서빙고로,1020008900,용산동6가68-2,126.9856244599082515_37.5199353315508191,1020009600,서빙고역1번출구,126.9892206338615068_37.5202953174309997,322.0,19.0,서행,126.9892206338615068_37.5202953174309997|126.9874372796063824_37.5202347577893534|126.9869599767637851_37.5201713421180116|126.9861687618297594_37.5200308704333310|126.9856244599082515_37.5199353315508191
2026-09-04T13:22:12.125893+09:00,국립중앙박물관·용산가족공원,국립중앙박물관·용산가족공원,POI089,KEY_1,1020003600,서빙고로,1020009803,서빙고역앞교차로,126.9906263345553441_37.5201827478191134,1020009100,용산동6가68-28,126.9856485208616874_37.5198269672326532,444.0,22.0,서행,126.9856485208616874_37.5198269672326532|126.9861984039574878_37.5199253592339943|126.9869859291069929_37.5200651761878134|126.9874513924203825_37.5201270182477344|126.9892261074465267_37.5201872858655250|126.9899322487584783_37.5202087064446914|126.9906263345553441_37.5201827478191134
2026-09-04T13:22:12.125893+09:00,국립중앙박물관·용산가족공원,국립중앙박물관·용산가족공원,POI089,KEY_1,1020003701,서빙고로,1020205300,최소노드배치점,126.9771318206997961_37.5215083602475872,1020013208,이촌역앞교차로,126.9721043872624193_37.5230255837811626,475.0,33.8,원활,126.9721043872624193_37.5230255837811626|126.9724396951435779_37.5229486320181209|126.9727996738355813_37.5228541381284799|126.9759261236798551_37.5218809031478742|126.9771318206997961_37.5215083602475872
2026-09-04T13:22:12.125893+09:00,국립중앙박물관·용산가족공원,국립중앙박물관·용산가족공원,POI089,KEY_1,1020003702,서빙고로,1020009100,용산동6가68-28,126.9856485208616874_37.5198269672326532,1020010400,용산동6가 69-17,126.9821380566905020_37.5199437901041364,315.0,37.0,원활,126.9821380566905020_37.5199437901041364|126.9826383095516746_37.5198210408598669|126.9829979071286772_37.5197577814862271|126.9832537786960671_37.5197221532927898|126.9834537822768112_37.5196943038870074|126.9841416316742198_37.5196883777421704|126.9845049125151775_37.5196974684270046|126.9850144834923640_37.5197426320869454|126.9856485208616874_37.5198269672326532
2026-09-04T13:22:12.125893+09:00,국립중앙박물관·용산가족공원,국립중앙박물관·용산가족공원,POI089,KEY_1,1020003800,서빙고로,1020132300,용산동6가 93-9,126.9832771544528640_37.5198286585956069,1020008900,용산동6가68-2,126.9856244599082515_37.5199353315508191,209.0,33.0,원활,126.9856244599082515_37.5199353315508191|126.9849957939445346_37.5198497634866399|126.9844952603327499_37.5198054001232961|126.9841402343862171_37.5197965168473218|126.9834662864089552_37.5198023232951812|126.9832771544528640_37.5198286585956069
2026-09-04T13:22:12.125893+09:00,난지한강공원,난지한강공원,POI090,KEY_2,1130006902,강변북로,1130199300,최소노드배치점,126.8729418117983414_37.5705812052893933,1130042800,가양대교,126.8697893429894208_37.5724082688915715,344.0,39.5,서행,126.8697893429894208_37.5724082688915715|126.8729418117983414_37.5705812052893933
2026-09-04T13:22:12.125893+09:00,난지한강공원,난지한강공원,POI090,KEY_2,1130006903,강변북로,1130042800,가양대교,126.8697893429894208_37.5724082688915715,1130045000,가양검문소,126.8655270720403223_37.5748441741929255,464.0,26.3,정체,126.8655270720403223_37.5748441741929255|126.8684984002298108_37.5731553579559545|126.8697893429894208_37.5724082688915715
2026-09-04T13:22:12.125893+09:00,난지한강공원,난지한강공원,POI090,KEY_2,1130023704,화곡로,1130043800,가양대교북측(남측),126.8640065465169613_37.5735408103049622,1130003102,가양대교북측(북측),126.8652734328428409_37.5751759287727651,213.0,63.3,원활,126.8652734328428409_37.5751759287727651|126.8650573893713869_37.5749071565173054|126.8640065465169613_37.5735408103049622
2026-09-04T13:22:12.125893+09:00,난지한강공원,난지한강공원,POI090,KEY_2,1130023804,화곡로,1130003101,가양대교북측(북측),126.8653879037502890_37.5751176402787053,1130043700,가양대교북측(남측),126.8641238491476031_37.5734862081748417,213.0,65.0,원활,126.8641238491476031_37.5734862081748417|126.8651729497332923_37.5748502250003824|126.8653879037502890_37.5751176402787053
2026-09-04T13:22:12.125893+09:00,난지한강공원,난지한강공원,POI090,KEY_2,1130066800,강변북로,1130042800,가양대교,126.8697893429894208_37.5724082688915715,1130043900,가양대교(북측),126.8653915391259233_37.5740001396464294,428.0,54.7,원활,126.8653915391259233_37.5740001396464294|126.8655742057499509_37.5739419777835124|126.8658939660418525_37.5738292252444879|126.8670765553321615_37.5734444641728871|126.8679322688668805_37.5731628727649962|126.8680668810109893_37.5731178050788230|126.8683506640299328_37.5730067616893137|126.8686659924354387_37.5728500975266826|126.8690150858697763_37.5726688106692777|126.8692939748631829_37.5725691850813419|126.8697893429894208_37.5724082688915715
2026-09-04T13:22:12.125893+09:00,난지한강공원,난지한강공원,POI090,KEY_2,1130067100,강변북로,1130043900,가양대교(북측),126.8653915391259233_37.5740001396464294,1130043700,가양대교북측(남측),126.8641238491476031_37.5734862081748417,133.0,29.0,정체,126.8641238491476031_37.5734862081748417|126.8643667768084100_37.5736869866731524|126.8645275042349709_37.5738130536306585|126.8646616308736128_37.5738960511847537|126.8648070000908348_37.5739607460517107|126.8649361413688155_37.5739957821690709|126.8650630327634161_37.5740136354167973|126.8651636699805891_37.5740179922855120|126.8652907555269280_37.5740129521496655|126.8653915391259233_37.5740001396464294
2026-09-04T13:22:12.125893+09:00,난지한강공원,난지한강공원,POI090,KEY_2,1130067400,강변북로,1130044900,가양대교(북측),126.8662979111019808_37.5750965324918980,2180012400,마포구-고양시덕양구,126.8621499541622484_37.5761292129435418,867.0,50.3,원활,126.8621499541622484_37.5761292129435418|126.8630365316940498_37.5756983525925961|126.8633496391713038_37.5755235658387008|126.8636024164670175_37.5753961503927982|126.8638549079817466_37.5753021186014351|126.8642093916064510_37.5751943274225582|126.8644317580255318_37.5751192112446475|126.8646243656565815_37.5750200868760302|126.8656963468579306_37.5743962637992084|126.8673222210701397_37.5734653760000015|126.8674191938721094_37.5734247582035579|126.8675616609625365_37.5734076352449335|126.8677301163889410_37.5734174809641033|126.8678459640486977_37.5734479111437594|126.8679578899536153_37.5734991876324784|126.8680656691356319_37.5735981381943773|126.8681136254124340_37.5736848440004394|126.8681425287121556_37.5738102009802120|126.8681227959743723_37.5739293354224060|126.8680618906707167_37.5740452685688453|126.8679938724763190_37.5741164485557846|126.8678959680219123_37.5741785247544513|126.8670114588051803_37.5746924804154645|126.8664732680685887_37.5749996173274710|126.8662979111019808_37.5750965324918980
2026-09-04T13:22:12.125893+09:00,난지한강공원,난지한강공원,POI090,KEY_2,1130068100,강변북로,1130045200,상암동1550-3,126.8641075564550107_37.5759187444953753,1130043900,가양대교(북측),126.8653915391259233_37.5740001396464294,472.0,21.0,정체,126.8653915391259233_37.5740001396464294|126.8655530578639770_37.5739801801802500|126.8656826690621386_37.5739598904694603|126.8661509725368433_37.5738555664648857|126.8662685671453687_37.5738390277396874|126.8663692370552525_37.5738395679072923|126.8664578250642165_37.5738514900970912|126.8665224124056721_37.5738670998852271|126.8665988064661292_37.5739037584917384|126.8666941819490717_37.5739634138358554|126.8667607786702263_37.5740248214943335|126.8668082321833168_37.5740823116192715|126.8668364303619285_37.5741492377416790|126.8668526598945334_37.5742141906959048|126.8668616174391417_37.5742886445381998|126.8668489706226410_37.5743667987229344|126.8668146220147861_37.5744600984612092|126.8667539721880928_37.5745456262622142|126.8666911827972115_37.5746006169252169|126.8666261100899249_37.5746422405294780|126.8660974620481738_37.5749545546124253|126.8655931483691290_37.5752410021525876|126.8650740029988668_37.5755094827713094|126.8645475391721931_37.5757570541415831|126.8641075564550107_37.5759187444953753
2026-09-04T13:22:12.125893+09:00,난지한강공원,난지한강공원,POI090,KEY_2,1130069100,강변북로,1130045000,가양검문소,126.8655270720403223_37.5748441741929255,2180012600,마포구-고양시덕양구,126.8625272257133503_37.5762306272659998,312.0,45.3,서행,126.8625272257133503_37.5762306272659998|126.8626433861685427_37.5760568517554603|126.8627729468719139_37.5759511104311912|126.8635903166779713_37.5754976378824423|126.8637978156018278_37.5754093259839479|126.8640051312374766_37.5753424760846357|126.8644151451120194_37.5752230596518473|126.8648566176255628_37.5751038111562465|126.8655270720403223_37.5748441741929255
2026-09-04T13:22:12.125893+09:00,남산공원,남산공원,POI091,KEY_3,1010021200,녹사평대로,1020035102,중구-용산구,126.9843316265079096_37.5527042883916451,1010000902,남산3호터널(북측),126.9830887618383031_37.5553930310135513,318.0,54.7,원활,126.9830887618383031_37.5553930310135513|126.9832077271294821_37.5551010349056824|126.9843316265079096_37.5527042883916451
2026-09-04T13:22:12.125893+09:00,남산공원,남산공원,POI091,KEY_3,1010022000,녹사평대로58길,1010007300,남산2호터널입구,127.0030929919946061_37.5552358010399345,1010007101,남산2호터널(북측),127.0024253365402274_37.5551584245554793,60.0,18.0,서행,127.0024253365402274_37.5551584245554793|127.0030929919946061_37.5552358010399345
2026-09-04T13:22:12.125893+09:00,남산공원,남산공원,POI091,KEY_3,1010000301,장충단로,1010006900,남산2호터널입구,127.0033988695936671_37.5548935414454093,1010000603,남산2호터널입구,127.0037426485065737_37.5552737772064873,52.0,44.0,원활,127.0037426485065737_37.5552737772064873|127.0035282913233061_37.5550113935567609|127.0033988695936671_37.5548935414454093
2026-09-04T13:22:12.125893+09:00,남산공원,남산공원,POI091,KEY_3,1010000302,장충단로,1010005501,국립극장앞교차로,127.0006486526240224_37.5513665440380251,1010006900,남산2호터널입구,127.0033988695936671_37.5548935414454093,473.0,32.0,원활,127.0033988695936671_37.5548935414454093|127.0031149384006852_37.5546349890521256|127.0029234147354629_37.5544558999171159|127.0027809963428638_37.5542858346147881|127.0026807419987307_37.5541237203930294|127.0026308503079946_37.5539921596100967|127.0026137115633702_37.5539400997707560|127.0023539371052550_37.5531510119431502|127.0023156055375750_37.5530345749592982|127.0022897411065799_37.5529560082666123|127.0022014491112827_37.5527474874638685|127.0021082526436942_37.5525712764668427|127.0020031170222126_37.5524264996161321|127.0018806441535020_37.5523176583549869|127.0016912530339397_37.5521714482379920|127.0006486526240224_37.5513665440380251
2026-09-04T13:22:12.125893+09:00,남산공원,남산공원,POI091,KEY_3,1010000400,장충단로,1010054300,장충동2가 산14-59,127.0017857896011435_37.5520938273146712,1010005502,국립극장앞교차로,127.0007431891368697_37.5512889240241208,128.0,35.0,원활,127.0007431891368697_37.5512889240241208|127.0017857896011435_37.5520938273146712
2026-09-04T13:22:12.125893+09:00,남산공원,남산공원,POI091,KEY_3,1010001102,소파로,1010095500,회현동1가 산1-15,126.9845039711751298_37.5562079515069414,1010008204,숭의여자대학,126.9848938893702410_37.5565212352323172,52.0,21.5,서행,126.9848938893702410_37.5565212352323172|126.9848029126483766_37.5563786781750863|126.9847328238889048_37.5562825435116068|126.9845961173795814_37.5562250817582424|126.9845039711751298_37.5562079515069414
2026-09-04T13:22:12.125893+09:00,남산공원,남산공원,POI091,KEY_3,1010001201,소파로,1010006403,남산공원길삼거리,126.9831261462573053_37.5544988787698557,1010006502,남산삼거리,126.9812787838592385_37.5548495032825187,181.0,25.0,원활,126.9812787838592385_37.5548495032825187|126.9815220498121420_37.5548200034189605|126.9818019244048912_37.5547580294103938|126.9820135627067970_37.5546715471349657|126.9822289312196943_37.5545541563119158|126.9825569048328191_37.5543793323612292|126.9826816379444949_37.5543559860473053|126.9827968050887961_37.5543648759095134|126.9829020167175742_37.5544027231883888|126.9830185822169852_37.5544527319567010|126.9831261462573053_37.5544988787698557
2026-09-04T13:22:12.125893+09:00,남산공원,남산공원,POI091,KEY_3,1010003301,삼일대로,1010008009,남산한옥마을,126.9924991769319149_37.5566378220840988,1010013900,예장동 2-165,126.9907886661840450_37.5596968507301625,392.0,43.5,원활,126.9907886661840450_37.5596968507301625|126.9911072447422669_37.5595627094932709|126.9913094952981822_37.5594477276004284|126.9915421382187901_37.5592741322756680|126.9917249439470197_37.5590908004344186|126.9919044779056492_37.5588866613537036|126.9920094357326974_37.5587224662817363|126.9920543519056224_37.5586350518666592|126.9924229024185962_37.5569649010334317|126.9924991769319149_37.5566378220840988
2026-09-04T13:22:12.125893+09:00,남산공원,남산공원,POI091,KEY_3,1010001202,소파로,1010008203,숭의여자대학,126.9850149682281852_37.5564722624052933,1010006402,남산공원길삼거리,126.9833127479965924_37.5545875210906388,290.0,25.0,원활,126.9833127479965924_37.5545875210906388|126.9834363869461669_37.5546470148075002|126.9836101358687017_37.5547853899607205|126.9837289439065700_37.5549481427998586|126.9838488483216850_37.5551722121612812|126.9839365351384117_37.5554075097513831|126.9839827815822133_37.5556434026180455|126.9839916258128341_37.5559198695204870|126.9840256522176958_37.5560283028777846|126.9840988545075504_37.5560865991909338|126.9841806359164735_37.5561056005014819|126.9843075666088623_37.5561056174395418|126.9844905831734678_37.5560944341132981|126.9845348535011453_37.5561026639138476|126.9846440462466148_37.5561229626348521|126.9848307103494420_37.5562014240048967|126.9849222737715024_37.5563270131622957|126.9850149682281852_37.5564722624052933
2026-09-04T13:22:12.125893+09:00,남산공원,남산공원,POI091,KEY_3,1010001204,소파로,1010008207,퇴계로3가교차로,126.9882272590009933_37.5596084833303152,1010008202,숭의여자대학,126.9850923528635604_37.5565486456338746,492.0,16.5,서행,126.9850923528635604_37.5565486456338746|126.9851906864904691_37.5565858460465520|126.9853074115873142_37.5565988268837856|126.9855164635201703_37.5566135380703940|126.9856485836059363_37.5566459189330004|126.9858039765505708_37.5567232640226294|126.9858337769702672_37.5567433446292895|126.9859306749466015_37.5568086378831225|126.9860186837096307_37.5569046811477207|126.9861537911583866_37.5570964851778513|126.9862311615470674_37.5571580981197428|126.9863421672078232_37.5572115500676844|126.9864935101552135_37.5572334743272833|126.9867624436285354_37.5572654973995910|126.9868864122230860_37.5573106304780140|126.9869736628592989_37.5573772148304528|126.9870438797185983_37.5574750708671417|126.9870728940331759_37.5575906431716717|126.9871341294348213_37.5578206195085542|126.9871851851400208_37.5579104995386004|126.9873590005650499_37.5581028694753982|126.9874298075541503_37.5581914756963187|126.9874415619887742_37.5582394683360974|126.9874576301803870_37.5583050736805504|126.9874544572227535_37.5584030829173372|126.9874587342623329_37.5588887928806940|126.9874602536611121_37.5590613376255789|126.9874882855996105_37.5591301758755023|126.9875554613431632_37.5591874881907586|126.9876829529899709_37.5592492856312745|126.9879414610584405_37.5593534261293627|126.9880748439122300_37.5594389136614808|126.9881827319811975_37.5595404425465915|126.9882272590009933_37.5596084833303152
2026-09-04T13:22:12.125893+09:00,남산공원,남산공원,POI091,KEY_3,1010001301,장충단로,1010000604,남산2호터널입구,127.0038257611614085_37.5553763910344998,1010007600,남산2호터널입구교차로,127.0041260185985266_37.5557914777712298,53.0,47.0,원활,127.0041260185985266_37.5557914777712298|127.0040056243652913_37.5556037942045577|127.0038257611614085_37.5553763910344998
2026-09-04T13:22:12.125893+09:00,남산공원,남산공원,POI091,KEY_3,1010001302,장충단로,1010124300,동국대학교앞교차로,127.0045670624924838_37.5565468094024126,1010009900,장충체육관앞,127.0056977643979934_37.5586970766435471,259.0,17.0,서행,127.0056977643979934_37.5586970766435471|127.0047960363494610_37.5569407351396336|127.0045670624924838_37.5565468094024126
2026-09-04T13:22:12.125893+09:00,남산공원,남산공원,POI091,KEY_3,1010001303,장충단로,1010009900,장충체육관앞,127.0056977643979934_37.5586970766435471,1010010403,장충체육관앞교차로,127.0057665663904487_37.5590390492282040,38.0,30.0,원활,127.0057665663904487_37.5590390492282040|127.0057228446975870_37.5587857894109689|127.0056977643979934_37.5586970766435471
2026-09-04T13:22:12.125893+09:00,남산공원,남산공원,POI091,KEY_3,1010001400,장충단로,1010124400,동국대학교앞교차로,127.0046903157819855_37.5565014032542592,1010000601,남산2호터널입구,127.0039406830343722_37.5553187798869388,147.0,9.5,정체,127.0039406830343722_37.5553187798869388|127.0041237972855726_37.5555502934024474|127.0042469681278305_37.5557423033409137|127.0042695268052455_37.5557774702655394|127.0046903157819855_37.5565014032542592
2026-09-04T13:22:12.125893+09:00,남산공원,남산공원,POI091,KEY_3,1010001502,동호로,1010051200,장충동2가 200-99,127.0072549377270832_37.5585335221268224,1010010402,장충체육관앞교차로,127.0059032168232420_37.5590364937144017,133.0,19.0,서행,127.0059032168232420_37.5590364937144017|127.0060424523246354_37.5590206517219016|127.0062708051007263_37.5589790416794287|127.0064793488934498_37.5589089319431153|127.0066853042447690_37.5588299759944348|127.0068865164345908_37.5587327053933535|127.0072549377270832_37.5585335221268224
2026-09-04T13:22:12.125893+09:00,남산공원,남산공원,POI091,KEY_3,1010002701,소공로,1010000902,남산3호터널(북측),126.9830887618383031_37.5553930310135513,1010008902,속성변화점,126.9832089705039522_37.5572414839973518,206.0,26.0,원활,126.9832089705039522_37.5572414839973518|126.9831555236054470_37.5568017684804758|126.9830521252804942_37.5561027886698611|126.9830385570957532_37.5557769562709893|126.9830478610083446_37.5555376328218600|126.9830887618383031_37.5553930310135513
2026-09-04T13:22:12.125893+09:00,남산공원,남산공원,POI091,KEY_3,1010002801,소공로,1010008901,속성변화점,126.9833444453383180_37.5572378592887901,1010000901,남산3호터널(북측),126.9832195813292657_37.5554216252410669,203.0,25.0,원활,126.9832195813292657_37.5554216252410669|126.9831832021176723_37.5555513049927114|126.9831744347859939_37.5557768369584437|126.9831876703655809_37.5560946603272967|126.9832905738539210_37.5567902882398457|126.9833444453383180_37.5572378592887901
2026-09-04T13:22:12.125893+09:00,남산공원,남산공원,POI091,KEY_3,1010002802,소공로,1010105100,회현동2가 27-3,126.9829293161598969_37.5586746413334183,1010008901,속성변화점,126.9833444453383180_37.5572378592887901,165.0,11.0,정체,126.9833444453383180_37.5572378592887901|126.9833355997514985_37.5575008833025308|126.9832987830692304_37.5577459818027108|126.9832299618999656_37.5579759101541057|126.9831318471378125_37.5582319419447828|126.9831164077535988_37.5582722310573587|126.9829293161598969_37.5586746413334183
2026-09-04T13:22:12.125893+09:00,남산공원,남산공원,POI091,KEY_3,1010021100,녹사평대로,1010000901,남산3호터널(북측),126.9832195813292657_37.5554216252410669,1020035101,중구-용산구,126.9844587143850134_37.5527423976260550,317.0,50.3,원활,126.9844587143850134_37.5527423976260550|126.9833359757020901_37.5551366776229898|126.9832195813292657_37.5554216252410669
2026-09-04T13:22:12.125893+09:00,남산공원,남산공원,POI091,KEY_3,1010003302,삼일대로,1010013900,예장동 2-165,126.9907886661840450_37.5596968507301625,1010017003,퇴계로2가교차로,126.9889890744976100_37.5611001658779600,237.0,41.0,원활,126.9889890744976100_37.5611001658779600|126.9890595408814988_37.5608553446384548|126.9891256328368883_37.5606790112492348|126.9892666382029915_37.5604608081191671|126.9894301254928308_37.5603028087374966|126.9896049396944733_37.5601574925556534|126.9897890949876427_37.5600545841425344|126.9900359820303777_37.5599440574158336|126.9905175640940342_37.5597973426898264|126.9907886661840450_37.5596968507301625
2026-09-04T13:22:12.125893+09:00,남산공원,남산공원,POI091,KEY_3,1010003401,삼일대로,1010013100,예장동 산3-23,126.9921881175068847_37.5586537591868037,1010008006,남산한옥마을,126.9926327057625315_37.5566575572921622,225.0,45.0,원활,126.9926327057625315_37.5566575572921622|126.9925565518997388_37.5569841224033851|126.9921881175068847_37.5586537591868037
2026-09-04T13:22:12.125893+09:00,남산공원,남산공원,POI091,KEY_3,1010003402,삼일대로,1010017002,퇴계로2가교차로,126.9891250549591035_37.5611118311742516,1010013100,예장동 산3-23,126.9921881175068847_37.5586537591868037,403.0,19.0,서행,126.9921881175068847_37.5586537591868037|126.9921333805466759_37.5587669622396305|126.9920211997960280_37.5589424572383876|126.9918338579688566_37.5591554743801126|126.9916423048775016_37.5593475787773414|126.9913957815651457_37.5595315329503165|126.9911787667644205_37.5596549084761975|126.9908490674513786_37.5597936513351200|126.9905705661544317_37.5598969620606340|126.9900938505030723_37.5600421943677034|126.9898615779713822_37.5601461785287327|126.9896938440610228_37.5602399100324220|126.9895317290732208_37.5603746704899848|126.9893807410068831_37.5605205896683501|126.9892521749939931_37.5607195433671706|126.9891909463249533_37.5608829029173350|126.9891250549591035_37.5611118311742516
2026-09-04T13:22:12.125893+09:00,남산공원,남산공원,POI091,KEY_3,1010003701,동호로,1010010403,장충체육관앞교차로,127.0057665663904487_37.5590390492282040,1010010100,장충체육관앞,127.0051102100207174_37.5590018901398537,58.0,11.0,정체,127.0051102100207174_37.5590018901398537|127.0057665663904487_37.5590390492282040
2026-09-04T13:22:12.125893+09:00,남산공원,남산공원,POI091,KEY_3,1010003702,동호로,1010104300,장충동2가 산7-1,127.0030333060906713_37.5591096114287666,1010012003,엠버서더호텔,127.0027977571823641_37.5596709812965557,67.0,11.0,정체,127.0027977571823641_37.5596709812965557|127.0028380218545720_37.5594345353126258|127.0028698468580615_37.5593483830081922|127.0029413209754665_37.5591828437622723|127.0030333060906713_37.5591096114287666
2026-09-04T13:22:12.125893+09:00,남산공원,남산공원,POI091,KEY_3,1010004503,퇴계로,1010058100,충무로2가 111,126.9860157278956194_37.5609895542921493,1010016204,롯데호텔L7(명동),126.9867111612325346_37.5610613083895331,62.0,5.0,정체,126.9867111612325346_37.5610613083895331|126.9862655416711590_37.5610153303082797|126.9860157278956194_37.5609895542921493
2026-09-04T13:22:12.125893+09:00,남산공원,남산공원,POI091,KEY_3,1010004505,퇴계로,1010016201,롯데호텔L7(명동),126.9868467299909440_37.5610743853645488,1010017004,퇴계로2가교차로,126.9889474014538138_37.5613140531310350,189.0,4.0,정체,126.9889474014538138_37.5613140531310350|126.9870814163588051_37.5611494769929379|126.9869907146048007_37.5611414765227138|126.9868467299909440_37.5610743853645488
2026-09-04T13:22:12.125893+09:00,남산공원,남산공원,POI091,KEY_3,1010004604,퇴계로,1010016301,명동역1번출구,126.9871113334254318_37.5609345528858967,1010016202,롯데호텔L7(명동),126.9868616879201113_37.5609669231657151,23.0,32.0,원활,126.9868616879201113_37.5609669231657151|126.9870206308065406_37.5609265523693381|126.9871113334254318_37.5609345528858967
2026-09-04T13:22:12.125893+09:00,남산공원,남산공원,POI091,KEY_3,1010004605,퇴계로,1010017003,퇴계로2가교차로,126.9889890744976100_37.5611001658779600,1010016301,명동역1번출구,126.9871113334254318_37.5609345528858967,167.0,36.0,원활,126.9871113334254318_37.5609345528858967|126.9889890744976100_37.5611001658779600
2026-09-04T13:22:12.125893+09:00,남산공원,남산공원,POI091,KEY_3,1010005601,퇴계로,1010048300,충무로4가 125,126.9952241550831644_37.5614516441202824,1010016502,충무로역앞교차로,126.9933357350378316_37.5610532293559913,173.0,7.0,정체,126.9933357350378316_37.5610532293559913|126.9934886542693988_37.5610692325475668|126.9937811936575400_37.5611177660942559|126.9942724850213409_37.5612314453171834|126.9952241550831644_37.5614516441202824
2026-09-04T13:22:12.125893+09:00,남산공원,남산공원,POI091,KEY_3,1010006601,충무로,1010019402,호운빌딩,126.9931562485942607_37.5626064613558839,1010016501,충무로역앞교차로,126.9932971341834218_37.5611582393921495,161.0,17.0,서행,126.9932971341834218_37.5611582393921495|126.9932863823843547_37.5613599287251034|126.9931836992394096_37.5623435191156148|126.9931562485942607_37.5626064613558839
2026-09-04T13:22:12.125893+09:00,남산공원,남산공원,POI091,KEY_3,1010020600,녹사평대로58길,1010136200,최소노드배치점,126.9968887099839776_37.5508864123452000,1020033801,중구-용산구,126.9942815212881726_37.5482919379464306,370.0,23.0,서행,126.9942815212881726_37.5482919379464306|126.9953611190786091_37.5492577386266291|126.9963457068924129_37.5501404661396307|126.9965665935423402_37.5504285462955778|126.9968887099839776_37.5508864123452000
2026-09-04T13:22:12.125893+09:00,남산공원,남산공원,POI091,KEY_3,1010020700,녹사평대로58길,1010136500,최소노드배치점,126.9988788935205548_37.5538236872194844,1010007102,남산2호터널(북측),127.0024043754121976_37.5552652427156204,381.0,40.3,원활,127.0024043754121976_37.5552652427156204|126.9998659810384680_37.5549279687588040|126.9997652348791775_37.5549070456322696|126.9996575684543387_37.5548474155371821|126.9990770381372442_37.5540952315364933|126.9988788935205548_37.5538236872194844
2026-09-04T13:22:12.125893+09:00,남산공원,남산공원,POI091,KEY_3,1010022100,녹사평대로58길,1010007102,남산2호터널(북측),127.0024043754121976_37.5552652427156204,1010007400,남산2호터널입구,127.0030734265067593_37.5553427932220600,60.0,32.0,원활,127.0030734265067593_37.5553427932220600|127.0024043754121976_37.5552652427156204
2026-09-04T13:22:12.125893+09:00,남산공원,남산공원,POI091,KEY_3,1010022200,장충단로,1010006900,남산2호터널입구,127.0033988695936671_37.5548935414454093,1010007300,남산2호터널입구,127.0030929919946061_37.5552358010399345,66.0,22.0,서행,127.0030929919946061_37.5552358010399345|127.0033199494194918_37.5552405917881416|127.0033768411355197_37.5552072154187329|127.0034397212556030_37.5551595355091337|127.0034696612319607_37.5550880179411095|127.0034756459087646_37.5549926624747599|127.0033988695936671_37.5548935414454093
2026-09-04T13:22:12.125893+09:00,남산공원,남산공원,POI091,KEY_3,1010022400,녹사평대로58길,1010000603,남산2호터널입구,127.0037426485065737_37.5552737772064873,1010007300,남산2호터널입구,127.0030929919946061_37.5552358010399345,58.0,16.5,서행,127.0030929919946061_37.5552358010399345|127.0033892409550873_37.5552701380382103|127.0035699644311080_37.5552861191139016|127.0037426485065737_37.5552737772064873
2026-09-04T13:22:12.125893+09:00,남산공원,남산공원,POI091,KEY_3,1010022500,녹사평대로58길,1010007400,남산2호터널입구,127.0030734265067593_37.5553427932220600,1010000604,남산2호터널입구,127.0038257611614085_37.5553763910344998,67.0,38.0,원활,127.0038257611614085_37.5553763910344998|127.0035685255234768_37.5553947767724097|127.0033719563347603_37.5553773941959363|127.0030734265067593_37.5553427932220600
2026-09-04T13:22:12.125893+09:00,남산공원,남산공원,POI091,KEY_3,1010022800,녹사평대로58길,1010007400,남산2호터널입구,127.0030734265067593_37.5553427932220600,1010007600,남산2호터널입구교차로,127.0041260185985266_37.5557914777712298,109.0,27.0,원활,127.0041260185985266_37.5557914777712298|127.0036433526274493_37.5554479811013522|127.0034462848177839_37.5553951408027018|127.0030734265067593_37.5553427932220600
2026-09-04T13:22:12.125893+09:00,남산공원,남산공원,POI091,KEY_3,1010023100,필동로,1010130100,필동3가 61-16,126.9956758423491578_37.5564886423403124,1010005901,남산학사빌딩,126.9968729328910939_37.5526048160589738,465.0,15.0,서행,126.9968729328910939_37.5526048160589738|126.9969001079877700_37.5526913693534539|126.9969248551049077_37.5528466471043316|126.9969652148841561_37.5529820807668102|126.9971237035859275_37.5533572891303820|126.9971379251871468_37.5534886738987268|126.9970236820477396_37.5536850345630455|126.9968771639210843_37.5538882148150464|126.9968412488034630_37.5539757728333754|126.9966750295618994_37.5544149083081606|126.9963648975606674_37.5549850856884575|126.9962371702020363_37.5550664282652207|126.9962323999813947_37.5550709440456103|126.9961581049851844_37.5551412761027734|126.9960427606810924_37.5553267156352817|126.9959855657400141_37.5555069195413864|126.9958542241982542_37.5557391063254826|126.9957997040461208_37.5558354870824616|126.9956996920190164_37.5560558026157096|126.9956771680994905_37.5561648526345166|126.9956726357914505_37.5561867958577480|126.9956610930827026_37.5564217827936702|126.9956758423491578_37.5564886423403124
2026-09-04T13:22:12.125893+09:00,남산공원,남산공원,POI091,KEY_3,1010024601,퇴계로26길,1010008005,예장동2-102,126.9896564712399396_37.5593178416227360,1010012802,남산안기부터공원,126.9900119969606180_37.5598587489970583,68.0,27.0,원활,126.9900119969606180_37.5598587489970583|126.9899102911458471_37.5597158836745848|126.9896564712399396_37.5593178416227360
2026-09-04T13:22:12.125893+09:00,남산공원,남산공원,POI091,KEY_3,1010024702,퇴계로26길,1010012801,남산안기부터공원,126.9901301560217490_37.5598054406358912,1010008002,예장동2-102,126.9897775762310062_37.5592689009855789,67.0,19.0,서행,126.9897775762310062_37.5592689009855789|126.9900299867471176_37.5596647325304858|126.9901301560217490_37.5598054406358912
2026-09-04T13:22:12.125893+09:00,남산공원,남산공원,POI091,KEY_3,1010024800,장충단로,1010009900,장충체육관앞,127.0056977643979934_37.5586970766435471,1010010100,장충체육관앞,127.0051102100207174_37.5590018901398537,71.0,18.0,서행,127.0051102100207174_37.5590018901398537|127.0053645119635632_37.5589950808362403|127.0055705853889805_37.5589172873120702|127.0056842038645470_37.5588226817040862|127.0056977643979934_37.5586970766435471
2026-09-04T13:22:12.125893+09:00,남산공원,남산공원,POI091,KEY_3,1010026900,소파로,1010012802,남산안기부터공원,126.9900119969606180_37.5598587489970583,1010014000,매일경제티브이아트앤디자인센터,126.9893485137651794_37.5600758880328343,64.0,12.0,정체,126.9893485137651794_37.5600758880328343|126.9894623166251364_37.5600115328254631|126.9900119969606180_37.5598587489970583
2026-09-04T13:22:12.125893+09:00,남산공원,남산공원,POI091,KEY_3,1010027200,소파로,1010012801,남산안기부터공원,126.9901301560217490_37.5598054406358912,1010014301,퇴계로3가교차로,126.9884563236464601_37.5600435340665300,161.0,18.0,서행,126.9884563236464601_37.5600435340665300|126.9885276942571437_37.5601305548015389|126.9885824679438144_37.5601453103317269|126.9886504117103101_37.5601351977860745|126.9899225549276736_37.5597691471587041|126.9899893934116051_37.5597684221360879|126.9901301560217490_37.5598054406358912
2026-09-04T13:22:12.125893+09:00,남산공원,남산공원,POI091,KEY_3,1010027400,퇴계로26길,1010014600,주자동빌딩,126.9901932151330612_37.5601353360127277,1010012801,남산안기부터공원,126.9901301560217490_37.5598054406358912,37.0,24.0,서행,126.9901301560217490_37.5598054406358912|126.9901932151330612_37.5601353360127277
2026-09-04T13:22:12.125893+09:00,남산공원,남산공원,POI091,KEY_3,1010053900,삼일대로,1010008007,남산한옥마을,126.9926793846615709_37.5565231864836875,1010001101,남산1호터널(북측),126.9930465791601222_37.5557259705615749,94.0,39.0,원활,126.9930465791601222_37.5557259705615749|126.9928675379104703_37.5560502009483628|126.9927656627598935_37.5562864029666486|126.9926793846615709_37.5565231864836875
2026-09-04T13:22:12.125893+09:00,남산공원,남산공원,POI091,KEY_3,1010027600,삼일대로2길,1010014600,주자동빌딩,126.9901932151330612_37.5601353360127277,1010013100,예장동 산3-23,126.9921881175068847_37.5586537591868037,254.0,30.0,원활,126.9921881175068847_37.5586537591868037|126.9921524756692293_37.5587701440302766|126.9920713791381388_37.5590129023742847|126.9919815275385133_37.5591618896894772|126.9917456848140773_37.5593704632660419|126.9914873832232871_37.5595730764536810|126.9913002109624216_37.5596833178136009|126.9910943233582117_37.5597786576774837|126.9906600945686534_37.5599276174894143|126.9904092880018283_37.5600199729958746|126.9903010274202586_37.5600743176934699|126.9901932151330612_37.5601353360127277
2026-09-04T13:22:12.125893+09:00,남산공원,남산공원,POI091,KEY_3,1010028600,퇴계로36길,1010096800,필동2가 79,126.9953795008796078_37.5602933387065647,1010016503,충무로역앞교차로,126.9931917886483461_37.5610407128292394,217.0,8.0,정체,126.9931917886483461_37.5610407128292394|126.9932698071303179_37.5609162715643663|126.9933785265103836_37.5608210828932485|126.9934940342237297_37.5607650238862121|126.9939617818677391_37.5606734227620862|126.9942993862487839_37.5606071982569034|126.9946428036166566_37.5605167164118470|126.9949100490692047_37.5604355509489665|126.9953712571787179_37.5602954749963871|126.9953795008796078_37.5602933387065647
2026-09-04T13:22:12.125893+09:00,남산공원,남산공원,POI091,KEY_3,1010029700,소파로,1010014302,퇴계로3가교차로,126.9883285565974944_37.5600802019915889,1010017003,퇴계로2가교차로,126.9889890744976100_37.5611001658779600,132.0,17.0,서행,126.9889890744976100_37.5611001658779600|126.9888682751928997_37.5610849611105877|126.9887988136153467_37.5609915058575083|126.9886623017465155_37.5607149615883316|126.9885784807332954_37.5605299635393948|126.9884314506820715_37.5602734336100710|126.9883285565974944_37.5600802019915889
2026-09-04T13:22:12.125893+09:00,남산공원,남산공원,POI091,KEY_3,1010031000,소파로,1010015300,명동역10번출구,126.9883062927232231_37.5607909574822685,1010016301,명동역1번출구,126.9871113334254318_37.5609345528858967,113.0,17.0,서행,126.9871113334254318_37.5609345528858967|126.9874447180556274_37.5610079416609750|126.9876354659963766_37.5610121135843684|126.9878175418455442_37.5609892471934259|126.9880115986588294_37.5609473112405254|126.9881625342676870_37.5608977410119067|126.9882463915136555_37.5608481648322652|126.9883062927232231_37.5607909574822685
2026-09-04T13:22:12.125893+09:00,남산공원,남산공원,POI091,KEY_3,1010031200,퇴계로,1010016703,흥국빌딩,126.9904228164697599_37.5610767696574754,1010016202,롯데호텔L7(명동),126.9868616879201113_37.5609669231657151,317.0,18.0,서행,126.9868616879201113_37.5609669231657151|126.9890337974489825_37.5611585006403175|126.9894972258370700_37.5611975631426844|126.9896672965873847_37.5611975781491196|126.9898435176610576_37.5611725033829131|126.9901719518890246_37.5611092577799397|126.9904228164697599_37.5610767696574754
2026-09-04T13:22:12.125893+09:00,남산공원,남산공원,POI091,KEY_3,1010031300,퇴계로,1010016201,롯데호텔L7(명동),126.9868467299909440_37.5610743853645488,1010016704,흥국빌딩,126.9904446250492356_37.5611834858824452,321.0,4.0,정체,126.9904446250492356_37.5611834858824452|126.9901988617116615_37.5612153145444125|126.9898714581575661_37.5612783602882132|126.9896793321666593_37.5613056988122338|126.9894900484891167_37.5613056821144156|126.9890191710092893_37.5612659917982157|126.9868467299909440_37.5610743853645488
2026-09-04T13:22:12.125893+09:00,남산공원,남산공원,POI091,KEY_3,1010051400,삼일대로,1010137800,최소노드배치점,126.9951526782604958_37.5522667944259823,1020033901,중구-용산구,126.9973340280127019_37.5488358005655130,427.0,55.0,원활,126.9973340280127019_37.5488358005655130|126.9959822894256405_37.5509523187586822|126.9951526782604958_37.5522667944259823
2026-09-04T13:22:12.125893+09:00,남산공원,남산공원,POI091,KEY_3,1010051500,삼일대로,1010137900,최소노드배치점,126.9950313338340067_37.5522182490636993,1010001102,남산1호터널(북측),126.9929217684921667_37.5556833610261123,428.0,52.0,원활,126.9929217684921667_37.5556833610261123|126.9932770474927821_37.5550067940349024|126.9940013356589503_37.5538501500980217|126.9950313338340067_37.5522182490636993
2026-09-04T13:22:12.125893+09:00,남산공원,남산공원,POI091,KEY_3,1010051600,장충단로,1010005503,국립극장앞교차로,127.0006452620610844_37.5512135010897623,1020034301,중구-용산구,126.9997458610224328_37.5498946352363348,177.0,42.0,원활,126.9997458610224328_37.5498946352363348|126.9997123738225753_37.5500116966741189|126.9997012367280007_37.5501402637217367|126.9997206124440936_37.5502614714863654|126.9997806553506479_37.5504162712518976|126.9998541302150130_37.5505512679565001|127.0000139703703042_37.5507285250612313|127.0006452620610844_37.5512135010897623
2026-09-04T13:22:12.125893+09:00,남산공원,남산공원,POI091,KEY_3,1010051700,장충단로,1020034302,중구-용산구,126.9996178648612641_37.5498600155730813,1010005504,국립극장앞교차로,127.0005509669023098_37.5512913068117129,191.0,40.5,원활,127.0005509669023098_37.5512913068117129|126.9999108283262643_37.5507995327092843|126.9997353193519416_37.5506049014811367|126.9996530970048951_37.5504538299658464|126.9995873859489421_37.5502844195261787|126.9995648441908287_37.5501433987724837|126.9995776621319976_37.5499954341476041|126.9996178648612641_37.5498600155730813
2026-09-04T13:22:12.125893+09:00,남산공원,남산공원,POI091,KEY_3,1010053100,소월로3길,1010006503,남산삼거리,126.9811650329996411_37.5548402580275251,1020035301,중구-용산구,126.9794359625306441_37.5533355630164678,244.0,20.5,서행,126.9794359625306441_37.5533355630164678|126.9794377262654876_37.5533623696143906|126.9794604845724280_37.5534621428795390|126.9795037062092007_37.5535999165766796|126.9795792110562473_37.5537502908920757|126.9796704920301380_37.5539097940801057|126.9797755942381059_37.5540679309457488|126.9799168936921916_37.5542344045017842|126.9800131949856450_37.5543436479056325|126.9801394846269034_37.5544579508745144|126.9803426669009383_37.5545989730072662|126.9804499002827498_37.5546574115057652|126.9806202715629126_37.5547287148210316|126.9808000848712908_37.5547878289260453|126.9809807898117953_37.5548175451464843|126.9811650329996411_37.5548402580275251
2026-09-04T13:22:12.125893+09:00,남산공원,남산공원,POI091,KEY_3,1010054000,삼일대로,1010001102,남산1호터널(북측),126.9929217684921667_37.5556833610261123,1010008008,남산한옥마을,126.9925489514454711_37.5564930643168040,96.0,38.5,원활,126.9925489514454711_37.5564930643168040|126.9926361466641112_37.5562537662359688|126.9927409314109212_37.5560108178373540|126.9929217684921667_37.5556833610261123
2026-09-04T13:22:12.125893+09:00,남산공원,남산공원,POI091,KEY_3,1020013503,이태원로,1020029301,한강진역(서울6호선),127.0017194731485404_37.5403123179937737,1020030604,북한남삼거리,127.0022184589252987_37.5420235281721943,199.0,28.0,원활,127.0022184589252987_37.5420235281721943|127.0020105521671923_37.5418073965013903|127.0019292985444537_37.5416844726601298|127.0018816666390222_37.5415359337069532|127.0018247702718241_37.5412580977982060|127.0018212415865975_37.5412330698797376|127.0017833598613493_37.5409643796915375|127.0017457559744543_37.5406620137023879|127.0017194731485404_37.5403123179937737
2026-09-04T13:22:12.125893+09:00,남산공원,남산공원,POI091,KEY_3,1020016600,소월로,1020205100,최소노드배치점,126.9935065011558351_37.5426620403777989,1020029901,그랜드하얏트서울호텔,126.9968710453129859_37.5412533247676805,341.0,35.5,원활,126.9968710453129859_37.5412533247676805|126.9962030872764700_37.5416642886108249|126.9957120169575830_37.5419664162750450|126.9954912636471676_37.5420753380152732|126.9952976887570202_37.5421359731504651|126.9944654566896247_37.5422765759182084|126.9943312964985012_37.5423188543689648|126.9941288523878455_37.5424092330924211|126.9936904320038025_37.5426049586251693|126.9935065011558351_37.5426620403777989
2026-09-04T13:22:12.125893+09:00,남산공원,남산공원,POI091,KEY_3,1020017101,소월로,1020080500,이태원동 258-466,126.9973230128762225_37.5410483640412878,1020030802,남산관광고가차도(남측),127.0005154463813994_37.5427136145269316,361.0,30.0,원활,127.0005154463813994_37.5427136145269316|127.0003739159875948_37.5425874075405090|126.9994403344769580_37.5417582537453853|126.9990235842738429_37.5414026985069142|126.9988333482718161_37.5412651979035630|126.9986822649016176_37.5411743998592584|126.9984893641391324_37.5410987423950289|126.9983170716432426_37.5410415761301550|126.9982071541269306_37.5410216320229111|126.9980884589850945_37.5410000951226195|126.9979253357986693_37.5409795838106675|126.9977146013374067_37.5409795799202826|126.9974849729743624_37.5410092875252062|126.9973230128762225_37.5410483640412878
2026-09-04T13:22:12.125893+09:00,남산공원,남산공원,POI091,KEY_3,1020017102,소월로,1020030802,남산관광고가차도(남측),127.0005154463813994_37.5427136145269316,1020031500,남산맨션아파트,127.0021365084328409_37.5443554939609854,236.0,46.0,원활,127.0021365084328409_37.5443554939609854|127.0018834255056532_37.5439839702774023|127.0017037840183036_37.5437074409669549|127.0015421068988815_37.5434690531480868|127.0013385176179384_37.5432592723151757|127.0010750516554339_37.5430637959528042|127.0007397338261654_37.5428444790193581|127.0005154463813994_37.5427136145269316
2026-09-04T13:22:12.125893+09:00,남산공원,남산공원,POI091,KEY_3,1020017104,한남대로,1020201800,한남동 726-468,127.0022900780869008_37.5451015287289067,1020032402,한남동 726-466,127.0025220578535681_37.5462372610228172,128.0,20.0,서행,127.0025220578535681_37.5462372610228172|127.0024299606877634_37.5457810591842076|127.0023945789044717_37.5456091805311516|127.0022900780869008_37.5451015287289067
2026-09-04T13:22:12.125893+09:00,남산공원,남산공원,POI091,KEY_3,1020017202,한남대로,1020032100,남산관광고가차도(북측),127.0025639626736762_37.5457635706606467,1020030801,남산관광고가차도(남측),127.0006167288986063_37.5426416007474586,408.0,46.0,원활,127.0006167288986063_37.5426416007474586|127.0008175743112702_37.5427872650328780|127.0012486976299471_37.5430637942442544|127.0016199463885584_37.5433641604487747|127.0020795219007965_37.5437944471662846|127.0022097620136918_37.5439517818238429|127.0022995844048808_37.5441091180285866|127.0023489900632683_37.5442700301371843|127.0025241647842762_37.5451604129389054|127.0025380337342114_37.5453370138918245|127.0025639626736762_37.5457635706606467
2026-09-04T13:22:12.125893+09:00,남산공원,남산공원,POI091,KEY_3,1020017204,한남대로,1020032401,한남동 726-466,127.0026561285417728_37.5462201012591379,1020032100,남산관광고가차도(북측),127.0025639626736762_37.5457635706606467,51.0,13.0,정체,127.0025639626736762_37.5457635706606467|127.0026561285417728_37.5462201012591379
2026-09-04T13:22:12.125893+09:00,남산공원,남산공원,POI091,KEY_3,1020018100,한남대로,1020030604,북한남삼거리,127.0022184589252987_37.5420235281721943,1020031500,남산맨션아파트,127.0021365084328409_37.5443554939609854,266.0,19.5,서행,127.0021365084328409_37.5443554939609854|127.0019440406086204_37.5428386962338010|127.0019378726381660_37.5426228258432886|127.0019817146717145_37.5423435053198347|127.0021036238137242_37.5421340225907798|127.0022184589252987_37.5420235281721943
2026-09-04T13:22:12.125893+09:00,남산공원,남산공원,POI091,KEY_3,1020018200,한남대로,1020032100,남산관광고가차도(북측),127.0025639626736762_37.5457635706606467,1020030601,북한남삼거리,127.0023230676922736_37.5420924597692505,416.0,31.0,원활,127.0023230676922736_37.5420924597692505|127.0022194356072731_37.5421921745940210|127.0021138222907524_37.5423736549821498|127.0020738499172097_37.5426283304431081|127.0020796694266494_37.5428320256251880|127.0022710579769978_37.5443413187302610|127.0024240169706360_37.5450840457689239|127.0025285644748010_37.5455916912076688|127.0025639626736762_37.5457635706606467
2026-09-04T13:22:12.125893+09:00,남산공원,남산공원,POI091,KEY_3,1020019200,소월로,1020198000,용산동2가 5-2146,126.9873787628858111_37.5460609528674567,1020031201,주한파키스탄대사관저,126.9911144667655236_37.5443954669159794,435.0,40.3,원활,126.9911144667655236_37.5443954669159794|126.9910735701488136_37.5444779064234453|126.9905580995526719_37.5452913794631584|126.9904629217780325_37.5454025055591813|126.9903097281450641_37.5455344119793111|126.9895344029768438_37.5460459430190596|126.9893462102989616_37.5461490896824017|126.9891842828923956_37.5462184942362072|126.9890281368240466_37.5462702800681640|126.9888305116261620_37.5462859965873506|126.9887068235050549_37.5462726761659624|126.9878225459612935_37.5460680173489649|126.9876689709004722_37.5460586974375516|126.9875588164478728_37.5460520124403416|126.9873787628858111_37.5460609528674567
2026-09-04T13:22:12.125893+09:00,남산공원,남산공원,POI091,KEY_3,1020020101,장충단로,1020033602,한남동 산9-24,127.0018534544919646_37.5479854852196766,1020034302,중구-용산구,126.9996178648612641_37.5498600155730813,288.0,47.0,원활,126.9996178648612641_37.5498600155730813|126.9996770063061859_37.5497529883793248|126.9997363683108347_37.5496666386303346|126.9998412098966298_37.5495604002782670|127.0015788290318568_37.5481840684392694|127.0018534544919646_37.5479854852196766
2026-09-04T13:22:12.125893+09:00,남산공원,남산공원,POI091,KEY_3,1020020201,장충단로,1020034301,중구-용산구,126.9997458610224328_37.5498946352363348,1020033601,한남동 산9-19,127.0019447500765182_37.5480655221760529,282.0,38.0,원활,127.0019447500765182_37.5480655221760529|127.0016724126737415_37.5482624522401665|126.9999428643421311_37.5496323928575890|126.9998500929740857_37.5497264002596509|126.9997986695977232_37.5498012019808556|126.9997458610224328_37.5498946352363348
2026-09-04T13:22:12.125893+09:00,남산공원,남산공원,POI091,KEY_3,1020020301,삼일대로,1020202900,최소노드배치점,126.9991749524351405_37.5457226778887971,1020033902,중구-용산구,126.9972131284970089_37.5487865670217715,382.0,49.0,원활,126.9972131284970089_37.5487865670217715|126.9976937788828337_37.5480426897664614|126.9991749524351405_37.5457226778887971
2026-09-04T13:22:12.125893+09:00,남산공원,남산공원,POI091,KEY_3,1020020405,삼일대로,1020203000,최소노드배치점,126.9992960011910128_37.5457716707877935,1020030501,남산1호터널,127.0013263761871229_37.5427407685120968,381.0,51.7,원활,127.0013263761871229_37.5427407685120968|127.0001500288212100_37.5444339010368964|126.9992960011910128_37.5457716707877935
2026-09-04T13:22:12.125893+09:00,남산공원,남산공원,POI091,KEY_3,1020020500,소월로,1020202400,최소노드배치점,126.9836608885575231_37.5493490622536683,1020035002,남산도서관,126.9820576561830876_37.5520743432417916,343.0,31.3,원활,126.9820576561830876_37.5520743432417916|126.9822226605565021_37.5519329108021651|126.9827360702505530_37.5514510898937104|126.9833001012622873_37.5506927205511403|126.9833805235940218_37.5505464376930007|126.9834888201302334_37.5502483494537671|126.9835269266317965_37.5500362381177126|126.9835751122179346_37.5496604338540934|126.9836457141962569_37.5493820675401437|126.9836608885575231_37.5493490622536683
2026-09-04T13:22:12.125893+09:00,남산공원,남산공원,POI091,KEY_3,1020020600,소월로,1020202300,최소노드배치점,126.9837884104005923_37.5493862278245416,1020032501,용산2가동주민센터앞교차로,126.9852054592412998_37.5466428470561624,347.0,37.0,원활,126.9852054592412998_37.5466428470561624|126.9847717560129610_37.5469101027995720|126.9845864439278529_37.5470281015069958|126.9845268187721672_37.5471032424247397|126.9844952209674034_37.5472121780575918|126.9844980284595692_37.5480374474067204|126.9844853903748287_37.5481855176849422|126.9844160179153931_37.5483837291718459|126.9842770429615655_37.5486147709639155|126.9839523254951814_37.5490296975246878|126.9837884104005923_37.5493862278245416
2026-09-04T13:22:12.125893+09:00,남산공원,남산공원,POI091,KEY_3,1020021102,녹사평대로,1020202800,최소노드배치점,126.9862234500265004_37.5487401447911182,1020035102,중구-용산구,126.9843316265079096_37.5527042883916451,471.0,55.5,원활,126.9843316265079096_37.5527042883916451|126.9862234500265004_37.5487401447911182
2026-09-04T13:22:12.125893+09:00,남산공원,남산공원,POI091,KEY_3,1020021203,녹사평대로,1020202700,최소노드배치점,126.9863503923400998_37.5487785464141908,1020031700,남산3호터널,126.9882591208348686_37.5448199209281057,471.0,50.3,원활,126.9882591208348686_37.5448199209281057|126.9874456928026518_37.5464987757139923|126.9869567914766435_37.5475077924163756|126.9863503923400998_37.5487785464141908
2026-09-04T13:22:12.125893+09:00,남산공원,남산공원,POI091,KEY_3,1020021503,녹사평대로58길,1020202600,최소노드배치점,126.9920654888585432_37.5464836330589478,1020033802,중구-용산구,126.9941800822392253_37.5483638189793609,280.0,38.5,원활,126.9941800822392253_37.5483638189793609|126.9938148610441147_37.5480370875412888|126.9920654888585432_37.5464836330589478
2026-09-04T13:22:12.125893+09:00,남산공원,남산공원,POI091,KEY_3,1020021602,녹사평대로58길,1020202500,최소노드배치점,126.9921665926364795_37.5464114553124944,1020031601,남산2호터널(남측),126.9900889924239067_37.5445050141916710,280.0,18.0,서행,126.9900889924239067_37.5445050141916710|126.9914916267217109_37.5458120576411361|126.9921665926364795_37.5464114553124944
2026-09-04T13:22:12.125893+09:00,남산공원,남산공원,POI091,KEY_3,1020022000,소월로,1020194800,후암동 30-84,126.9814072594849534_37.5522852306242356,1020035004,남산도서관,126.9820441302999257_37.5522163769606223,59.0,39.5,원활,126.9820441302999257_37.5522163769606223|126.9819088129307261_37.5522833198760679|126.9817703707758199_37.5523143848202494|126.9814072594849534_37.5522852306242356
2026-09-04T13:22:12.125893+09:00,남산공원,남산공원,POI091,KEY_3,1020022501,소월로3길,1020035301,중구-용산구,126.9794359625306441_37.5533355630164678,1020035201,백범삼거리,126.9793662533445655_37.5529532246864122,43.0,36.0,원활,126.9793662533445655_37.5529532246864122|126.9793880800049521_37.5530117222789102|126.9794227439918330_37.5531347848289343|126.9794359625306441_37.5533355630164678
2026-09-04T13:22:12.125893+09:00,남산공원,남산공원,POI091,KEY_3,1020022601,소월로3길,1020035204,백범삼거리,126.9792622165397944_37.5530589862476134,1020035302,중구-용산구,126.9793003435379148_37.5533412224888679,32.0,18.0,서행,126.9793003435379148_37.5533412224888679|126.9792877259997397_37.5531495484006754|126.9792622165397944_37.5530589862476134
2026-09-04T13:22:12.125893+09:00,남산공원,남산공원,POI091,KEY_3,1020022701,소월로,1020035203,백범삼거리,126.9791523207287014_37.5529954657967551,1020035803,남산빌딩,126.9788197492435984_37.5538664469801802,105.0,32.0,원활,126.9788197492435984_37.5538664469801802|126.9788320848520584_37.5537936153429754|126.9788381662664420_37.5534787987545684|126.9788616301610205_37.5533455832039920|126.9789869852372135_37.5531767747786844|126.9791523207287014_37.5529954657967551
2026-09-04T13:22:12.125893+09:00,남산공원,남산공원,POI091,KEY_3,1020022705,소월로,1010109800,남대문로5가 431,126.9765972619878767_37.5555182701131471,1010000704,도동삼거리,126.9768636563198214_37.5560052120861414,59.0,23.0,서행,126.9768636563198214_37.5560052120861414|126.9768061889182320_37.5559210408862967|126.9767141186498520_37.5557820754249434|126.9766585950972626_37.5556855676206496|126.9765972619878767_37.5555182701131471
2026-09-04T13:22:12.125893+09:00,남산공원,남산공원,POI091,KEY_3,1020046700,회나무로,1020029604,주한잠비아대사관,126.9967777014190347_37.5409679675920387,1020029904,그랜드하얏트서울호텔,126.9967880247366026_37.5411677682187985,22.0,21.0,서행,126.9967880247366026_37.5411677682187985|126.9967728360006589_37.5410286281927483|126.9967777014190347_37.5409679675920387
2026-09-04T13:22:12.125893+09:00,남산공원,남산공원,POI091,KEY_3,1020046800,이태원로,1020029301,한강진역(서울6호선),127.0017194731485404_37.5403123179937737,1020030502,남산1호터널,127.0011475233860949_37.5426632134690550,272.0,21.0,서행,127.0011475233860949_37.5426632134690550|127.0015311515307985_37.5421016089276307|127.0015805456080216_37.5419085123277227|127.0015939913932499_37.5406247820271943|127.0016388950282931_37.5405067783538442|127.0017194731485404_37.5403123179937737
2026-09-04T13:22:12.125893+09:00,남산공원,남산공원,POI091,KEY_3,1020046900,삼일대로,1020175500,최소노드배치점,127.0035323192753083_37.5405885434105357,1020030502,남산1호터널,127.0011475233860949_37.5426632134690550,321.0,42.0,원활,127.0011475233860949_37.5426632134690550|127.0014421537468792_37.5421321890763622|127.0016477330503335_37.5418866360372547|127.0018907470175975_37.5416665641116509|127.0022358658835202_37.5414482134012175|127.0025860131714524_37.5412867858314456|127.0028559969429409_37.5411634273289678|127.0031181343200473_37.5410231206069369|127.0032721853626754_37.5409133593387665|127.0033897576778941_37.5407906749780054|127.0035115414202807_37.5406268074686480|127.0035323192753083_37.5405885434105357
2026-09-04T13:22:12.125893+09:00,남산공원,남산공원,POI091,KEY_3,1020048000,한남대로,1020032402,한남동 726-466,127.0025220578535681_37.5462372610228172,1020032900,버티고개삼거리,127.0026105037928943_37.5468688936416513,71.0,40.0,원활,127.0026105037928943_37.5468688936416513|127.0025188872698436_37.5463087905039785|127.0025220578535681_37.5462372610228172
2026-09-04T13:22:12.125893+09:00,남산공원,남산공원,POI091,KEY_3,1020048300,한남대로,1020032900,버티고개삼거리,127.0026105037928943_37.5468688936416513,1020032700,버티고개삼거리,127.0029447673493195_37.5467593288095358,44.0,31.0,원활,127.0029447673493195_37.5467593288095358|127.0029380695280992_37.5468203653495749|127.0029099083530042_37.5468760387726661|127.0028500298482896_37.5469141822217907|127.0027751791743782_37.5469261033197625|127.0027153173217584_37.5469271696922320|127.0026602253265509_37.5469004707433598|127.0026105037928943_37.5468688936416513
2026-09-04T13:22:12.125893+09:00,남산공원,남산공원,POI091,KEY_3,1020048700,한남대로,1020032900,버티고개삼거리,127.0026105037928943_37.5468688936416513,1020033200,버티고개삼거리,127.0025730838910363_37.5470327870720695,18.0,24.0,서행,127.0025730838910363_37.5470327870720695|127.0026105037928943_37.5468688936416513
2026-09-04T13:22:12.125893+09:00,남산공원,남산공원,POI091,KEY_3,1020048902,장충단로,1020039200,금곡마을,127.0025345027781754_37.5476975304652854,1020033400,버티고개삼거리,127.0030416859701603_37.5473790298105854,57.0,36.3,원활,127.0030416859701603_37.5473790298105854|127.0027348020271063_37.5475667685394185|127.0025345027781754_37.5476975304652854
2026-09-04T13:22:12.125893+09:00,남산공원,남산공원,POI091,KEY_3,1020049101,한남대로,1020033200,버티고개삼거리,127.0025730838910363_37.5470327870720695,1020033400,버티고개삼거리,127.0030416859701603_37.5473790298105854,61.0,32.0,원활,127.0030416859701603_37.5473790298105854|127.0028680107847805_37.5473504346501059|127.0027692048318926_37.5473075269365992|127.0026853679474499_37.5472336280425196|127.0025730838910363_37.5470327870720695
2026-09-04T13:22:12.125893+09:00,남산공원,남산공원,POI091,KEY_3,1020049200,한남대로,1020033200,버티고개삼거리,127.0025730838910363_37.5470327870720695,1020033602,한남동 산9-24,127.0018534544919646_37.5479854852196766,125.0,20.0,서행,127.0018534544919646_37.5479854852196766|127.0020491484872736_37.5478403427924476|127.0022886659577210_37.5475512907599622|127.0024084221392684_37.5473665367583962|127.0025730838910363_37.5470327870720695
2026-09-04T13:22:12.125893+09:00,남산공원,남산공원,POI091,KEY_3,1020049300,장충단로,1020033601,한남동 산9-19,127.0019447500765182_37.5480655221760529,1020039200,금곡마을,127.0025345027781754_37.5476975304652854,66.0,42.0,원활,127.0025345027781754_37.5476975304652854|127.0021706652056963_37.5479225801878513|127.0019447500765182_37.5480655221760529
2026-09-04T13:22:12.125893+09:00,남산공원,남산공원,POI091,KEY_3,1020052600,장충단로,1020039200,금곡마을,127.0025345027781754_37.5476975304652854,1020039300,버티고개삼거리,127.0035835950983483_37.5474410033304693,97.0,34.0,원활,127.0035835950983483_37.5474410033304693|127.0029323907036627_37.5475602162392121|127.0025345027781754_37.5476975304652854
2026-09-04T13:22:12.125893+09:00,뚝섬한강공원,뚝섬한강공원,POI093,KEY_1,1040040100,동부간선도로,1040006700,청담대교(북측),127.0658040332418466_37.5296505595828407,1040007000,청담대교,127.0659084467373674_37.5304009255851980,84.0,50.0,원활,127.0659084467373674_37.5304009255851980|127.0658993527911917_37.5302722000947497|127.0658767209621232_37.5300648130206937|127.0658040332418466_37.5296505595828407
2026-09-04T13:22:12.125893+09:00,뚝섬한강공원,뚝섬한강공원,POI093,KEY_1,1040000101,강변북로,1040007200,갈보리교회,127.0717090610578452_37.5301063396273378,1040007700,청담대교,127.0639048821844455_37.5319767570000238,723.0,64.3,원활,127.0639048821844455_37.5319767570000238|127.0641467011488999_37.5319005471695135|127.0644696731657177_37.5318097837486206|127.0647191200326773_37.5317507749984074|127.0648782042396334_37.5317238099468824|127.0651840667161281_37.5317014958161437|127.0655199521013117_37.5316906105589112|127.0657229190443616_37.5316733003715655|127.0659578374756506_37.5316385196029287|127.0662238405564892_37.5315862703501750|127.0675077088500728_37.5312398941677614|127.0688008468883226_37.5308922092799335|127.0697340200764529_37.5306450696274183|127.0708561697146166_37.5303333238003844|127.0717090610578452_37.5301063396273378
2026-09-04T13:22:12.125893+09:00,뚝섬한강공원,뚝섬한강공원,POI093,KEY_1,1040007500,강변북로,1040028701,청담대교,127.0701160723116203_37.5386945582041420,1040000201,청담대교(북측),127.0668012691852340_37.5315220172388280,848.0,16.0,정체,127.0668012691852340_37.5315220172388280|127.0669355263784155_37.5317815872931959|127.0672448702695760_37.5324328127955837|127.0677860749237738_37.5336261809339149|127.0685094362804364_37.5351779912987382|127.0689130346604259_37.5360918386047686|127.0694053089361546_37.5371700486358151|127.0701160723116203_37.5386945582041420
2026-09-04T13:22:12.125893+09:00,뚝섬한강공원,뚝섬한강공원,POI093,KEY_1,1040017500,동부간선도로,1040006500,청담대교(북측),127.0659058096508573_37.5295099655257971,1220054801,광진구-강남구,127.0638527269761511_37.5251377326585711,518.0,64.0,원활,127.0638527269761511_37.5251377326585711|127.0659058096508573_37.5295099655257971
2026-09-04T13:22:12.125893+09:00,뚝섬한강공원,뚝섬한강공원,POI093,KEY_1,1040017600,동부간선도로,1220054802,광진구-강남구,127.0637042681796913_37.5251816470201618,1040006700,청담대교(북측),127.0658040332418466_37.5296505595828407,530.0,22.0,정체,127.0658040332418466_37.5296505595828407|127.0637042681796913_37.5251816470201618
2026-09-04T13:22:12.125893+09:00,뚝섬한강공원,뚝섬한강공원,POI093,KEY_1,1040017800,강변북로,1040005500,자양동571,127.0891044140083466_37.5275091410896735,1040005300,잠실대교(북측),127.0862499791729050_37.5276278416706646,294.0,43.7,서행,127.0862499791729050_37.5276278416706646|127.0870098289398840_37.5278013091686447|127.0873723080057545_37.5279098933669459|127.0876710927343680_37.5280301791059827|127.0878690622159581_37.5281053971571410|127.0879961282403485_37.5281416129128687|127.0881232595525887_37.5281659046285085|127.0882280475711497_37.5281692511000173|127.0883254798830819_37.5281487237361020|127.0884230277934961_37.5281073290094156|127.0886296793605368_37.5279649582207568|127.0887725846017418_37.5278432327973945|127.0891044140083466_37.5275091410896735
2026-09-04T13:22:12.125893+09:00,뚝섬한강공원,뚝섬한강공원,POI093,KEY_1,1040019400,동부간선도로,1040007100,청담대교,127.0661780522084143_37.5301489062000044,1040006500,청담대교(북측),127.0659058096508573_37.5295099655257971,75.0,61.0,원활,127.0659058096508573_37.5295099655257971|127.0661780522084143_37.5301489062000044
2026-09-04T13:22:12.125893+09:00,뚝섬한강공원,뚝섬한강공원,POI093,KEY_1,1040020201,동부간선도로,1040007000,청담대교,127.0659084467373674_37.5304009255851980,1040000202,청담대교(북측),127.0666626111006252_37.5315665324150132,569.0,42.0,서행,127.0666626111006252_37.5315665324150132|127.0665844704566894_37.5314071710942372|127.0663149822559603_37.5307563124062753|127.0662000326143897_37.5305680838471929|127.0660846349030635_37.5304573613561558|127.0659765674722195_37.5303734944058007|127.0658273955304765_37.5302775525286307|127.0656033278221884_37.5301872968624579|127.0653603715604163_37.5301267824677822|127.0651883094761558_37.5301052814653744|127.0649974815679144_37.5300926545932185|127.0647877110491919_37.5301187114876384|127.0646601860693039_37.5301629565729868|127.0645287783082438_37.5302310369297629|127.0644234346550832_37.5303230605501739|127.0643403747003788_37.5304449770722925|127.0642833610659608_37.5305938192979269|127.0642749904788360_37.5307458218700916|127.0642928567745145_37.5308919599562856|127.0643409974126001_37.5309815689468493|127.0644079744791384_37.5310503797447552|127.0644900298670166_37.5311013604668062|127.0645983212158967_37.5311464756817443|127.0647590866586398_37.5311798598309210|127.0649312365971753_37.5311864561425708|127.0651485129710068_37.5311574458794723|127.0653548011039504_37.5310866600695121|127.0655163454597556_37.5309858989919221|127.0656895151263939_37.5308166154867990|127.0657988609960825_37.5306798898420055|127.0659084467373674_37.5304009255851980
2026-09-04T13:22:12.125893+09:00,뚝섬한강공원,뚝섬한강공원,POI093,KEY_1,1040020202,강변북로,1040000202,청담대교(북측),127.0666626111006252_37.5315665324150132,1040028702,청담대교,127.0699887106514012_37.5387318473572122,848.0,47.3,서행,127.0699887106514012_37.5387318473572122|127.0692776775772757_37.5372071673034355|127.0687850931199563_37.5361282739688562|127.0683816446363466_37.5352147721280858|127.0676584862117124_37.5336633852443669|127.0671174250280160_37.5324703344999904|127.0668031124959469_37.5318450873398533|127.0666626111006252_37.5315665324150132
2026-09-04T13:22:12.125893+09:00,뚝섬한강공원,뚝섬한강공원,POI093,KEY_1,1040020300,강변북로,1040007200,갈보리교회,127.0717090610578452_37.5301063396273378,1040006500,청담대교(북측),127.0659058096508573_37.5295099655257971,589.0,61.3,원활,127.0659058096508573_37.5295099655257971|127.0661422395284603_37.5299300856423272|127.0662624382071897_37.5301165444698057|127.0663782912479149_37.5302779469622081|127.0665122982715047_37.5304072202187626|127.0666286278227517_37.5304863472552910|127.0667584332606879_37.5305655233223590|127.0669376489558573_37.5306448802829351|127.0670946529859862_37.5306812285827149|127.0672831216946861_37.5307141142238834|127.0674897015057212_37.5307220260745638|127.0677188016304342_37.5307192874318076|127.0681369279238879_37.5306528494715437|127.0693822761927549_37.5304606472188951|127.0711311633638729_37.5301879846553135|127.0717090610578452_37.5301063396273378
2026-09-04T13:22:12.125893+09:00,뚝섬한강공원,뚝섬한강공원,POI093,KEY_1,1040020500,동부간선도로,1040000201,청담대교(북측),127.0668012691852340_37.5315220172388280,1040007100,청담대교,127.0661780522084143_37.5301489062000044,162.0,19.0,정체,127.0661780522084143_37.5301489062000044|127.0664052488033349_37.5306821173898300|127.0667157921235457_37.5313539937747009|127.0668012691852340_37.5315220172388280
2026-09-04T13:22:12.125893+09:00,뚝섬한강공원,뚝섬한강공원,POI093,KEY_1,1040021000,동부간선도로,1040006700,청담대교(북측),127.0658040332418466_37.5296505595828407,1040009000,자양동97-1,127.0609155736685238_37.5329350367471548,667.0,64.7,원활,127.0609155736685238_37.5329350367471548|127.0635781208483195_37.5322247311841934|127.0648539404698596_37.5318789459323554|127.0650767295477550_37.5317936319202801|127.0653158181221016_37.5317034610872753|127.0654788496418206_37.5315939721514624|127.0656013167870384_37.5315067692669189|127.0657049770766918_37.5314172115909841|127.0658172245582875_37.5313035896028282|127.0659108411356186_37.5311780017973362|127.0659843578464603_37.5310296063900140|127.0660360753247318_37.5309057555864598|127.0660617534609145_37.5307962695734290|127.0660878117391661_37.5306432775922545|127.0660919911500457_37.5304921755342349|127.0660746323654990_37.5303480953147215|127.0660169856809460_37.5301263983296920|127.0658040332418466_37.5296505595828407
2026-09-04T13:22:12.125893+09:00,뚝섬한강공원,뚝섬한강공원,POI093,KEY_1,1040021300,강변북로,1040008900,영동대교(북측),127.0622180343810612_37.5327754229746304,1040007100,청담대교,127.0661780522084143_37.5301489062000044,509.0,63.7,원활,127.0661780522084143_37.5301489062000044|127.0662091213532250_37.5303319154962338|127.0662279483586872_37.5304881872226304|127.0662234250055747_37.5306517647420890|127.0661958813128507_37.5308134783766079|127.0661678792534133_37.5309328767341057|127.0661120615257715_37.5310665481004193|127.0660331851003662_37.5312257613005116|127.0659294695478962_37.5313648977888334|127.0658084369414951_37.5314874122535613|127.0656967341885206_37.5315839185092415|127.0655679104062585_37.5316756480466083|127.0653898901095005_37.5317952023784045|127.0651352239816987_37.5318912483707550|127.0649091457236040_37.5319778229982433|127.0637001264982189_37.5323719601884278|127.0622180343810612_37.5327754229746304
2026-09-04T13:22:12.125893+09:00,뚝섬한강공원,뚝섬한강공원,POI093,KEY_1,1040022900,강변북로,1040028500,뚝섬한강공원벽천마당,127.0614388129309447_37.5326114973567044,1040008500,영동대교북측(남측),127.0584975332097599_37.5323485831343291,299.0,45.3,서행,127.0584975332097599_37.5323485831343291|127.0586732895560260_37.5324789717091889|127.0587699459401705_37.5325926128592471|127.0588552316242925_37.5327300595365685|127.0589407991397479_37.5328198106204880|127.0590489151475424_37.5328947406158733|127.0591385071375470_37.5329368094717353|127.0592505754695907_37.5329759819797673|127.0593664405883203_37.5330062244541409|127.0594824115241863_37.5330185818925273|127.0596283980437136_37.5330191263591999|127.0597595173028367_37.5330017284285375|127.0599319339068529_37.5329636179149517|127.0603781675341111_37.5328311326851605|127.0605468755547491_37.5327870441264153|127.0607343336554607_37.5327370639507691|127.0609329701540418_37.5326960678981081|127.0611090765655149_37.5326669124135179|127.0614388129309447_37.5326114973567044
2026-09-04T13:22:12.125893+09:00,뚝섬한강공원,뚝섬한강공원,POI093,KEY_1,1040023200,강변북로,1040028500,뚝섬한강공원벽천마당,127.0614388129309447_37.5326114973567044,1040009400,성동구-광진구,127.0589888489411123_37.5333278313286485,231.0,47.0,서행,127.0589888489411123_37.5333278313286485|127.0593730424238856_37.5332076489046926|127.0601146754208912_37.5329776536316828|127.0604866550777530_37.5328683822143034|127.0607385812359098_37.5328044512337371|127.0609664941108861_37.5327499710006336|127.0611464257032139_37.5327067587713472|127.0614388129309447_37.5326114973567044
2026-09-04T13:22:12.125893+09:00,뚝섬한강공원,뚝섬한강공원,POI093,KEY_1,1040040200,강변북로,1040007000,청담대교,127.0659084467373674_37.5304009255851980,1040028600,청담대교,127.0628710918014548_37.5322113847492105,364.0,52.3,원활,127.0628710918014548_37.5322113847492105|127.0645647717664133_37.5316794398258153|127.0649620402024738_37.5315528754805783|127.0651954679026687_37.5314848059559907|127.0653391000813741_37.5314239369300040|127.0654333429809810_37.5313666711772527|127.0655455274282843_37.5312879398512464|127.0656307704089016_37.5312092233928993|127.0656935509832692_37.5311162159748619|127.0657563020179310_37.5309910265765865|127.0658100480931978_37.5308372344698995|127.0658458430619930_37.5306941805669751|127.0658906280394405_37.5305618489558483|127.0659084467373674_37.5304009255851980
2026-09-04T13:22:12.125893+09:00,망원한강공원,망원한강공원,POI094,KEY_2,1130002201,양화로,1130022400,합정역5번출구,126.9140295476794051_37.5495373218593258,1130021602,합정역교차로,126.9135099145764940_37.5492170875193594,58.0,13.0,정체,126.9135099145764940_37.5492170875193594|126.9139093521257280_37.5494499807109747|126.9140295476794051_37.5495373218593258
2026-09-04T13:22:12.125893+09:00,망원한강공원,망원한강공원,POI094,KEY_2,1130001502,양화로,1130019500,양화대교(북측),126.9088702991146818_37.5473486190442571,1130020700,양화대교(북측),126.9110864738484850_37.5486558094690892,247.0,56.0,원활,126.9110864738484850_37.5486558094690892|126.9104702975695886_37.5484316205709661|126.9102030567186858_37.5483158501774241|126.9098751447166222_37.5481333274638018|126.9095562311644869_37.5479092035175839|126.9088702991146818_37.5473486190442571
2026-09-04T13:22:12.125893+09:00,망원한강공원,망원한강공원,POI094,KEY_2,1130001503,양화로,1130020700,양화대교(북측),126.9110864738484850_37.5486558094690892,1130021204,합정동 402,126.9117526504634554_37.5488099012589700,61.0,41.0,원활,126.9117526504634554_37.5488099012589700|126.9114095304818335_37.5487362312337467|126.9110864738484850_37.5486558094690892
2026-09-04T13:22:12.125893+09:00,망원한강공원,망원한강공원,POI094,KEY_2,1130001504,양화로,1130021201,합정동 402,126.9118842718870042_37.5488389364112436,1130052000,합정역8번출구,126.9125610162048474_37.5489924297706352,62.0,31.0,원활,126.9125610162048474_37.5489924297706352|126.9125108300752061_37.5489801444249309|126.9123320541385880_37.5489398539158543|126.9118842718870042_37.5488389364112436
2026-09-04T13:22:12.125893+09:00,망원한강공원,망원한강공원,POI094,KEY_2,1130001505,양화로,1130052000,합정역8번출구,126.9125610162048474_37.5489924297706352,1130021604,합정역교차로,126.9133271355590011_37.5492481379057494,74.0,35.0,원활,126.9133271355590011_37.5492481379057494|126.9131511937065824_37.5491581588815038|126.9128784491420845_37.5490701385518264|126.9125610162048474_37.5489924297706352
2026-09-04T13:22:12.125893+09:00,망원한강공원,망원한강공원,POI094,KEY_2,1130001602,양화로,1130020600,양화대교(북측),126.9111269978420609_37.5485526161926089,1130019000,양화대교(북측),126.9089758149120399_37.5472798488198407,240.0,32.0,원활,126.9089758149120399_37.5472798488198407|126.9096499332892023_37.5478308424299101|126.9099592463067125_37.5480482193369483|126.9102746337613610_37.5482237702880965|126.9105310887964890_37.5483348678804703|126.9111269978420609_37.5485526161926089
2026-09-04T13:22:12.125893+09:00,망원한강공원,망원한강공원,POI094,KEY_2,1130001603,양화로,1130021203,합정동 402,126.9117684440008702_37.5487013098127989,1130020600,양화대교(북측),126.9111269978420609_37.5485526161926089,59.0,5.0,정체,126.9111269978420609_37.5485526161926089|126.9114474860303403_37.5486323980145400|126.9117684440008702_37.5487013098127989
2026-09-04T13:22:12.125893+09:00,망원한강공원,망원한강공원,POI094,KEY_2,1130001605,양화로,1130021800,합정역8번출구,126.9126009251802998_37.5488890850710817,1130021202,합정동 402,126.9119017412713788_37.5487305057125056,64.0,5.0,정체,126.9119017412713788_37.5487305057125056|126.9123690393006569_37.5488358216645253|126.9125492819859886_37.5488764427686803|126.9126009251802998_37.5488890850710817
2026-09-04T13:22:12.125893+09:00,망원한강공원,망원한강공원,POI094,KEY_2,1130001606,양화로,1130021603,합정역교차로,126.9133979744090510_37.5491558635704337,1130021800,합정역8번출구,126.9126009251802998_37.5488890850710817,77.0,4.0,정체,126.9126009251802998_37.5488890850710817|126.9129239950553085_37.5489681728266333|126.9132139348755288_37.5490617432278029|126.9133979744090510_37.5491558635704337
2026-09-04T13:22:12.125893+09:00,망원한강공원,망원한강공원,POI094,KEY_2,1130001901,강변북로,1130017400,양화대교(북측),126.9083263926780347_37.5461870828408806,1130018500,양화대교(북측),126.9073251434053304_37.5469921878426263,126.0,55.0,원활,126.9073251434053304_37.5469921878426263|126.9079528426240131_37.5464989216316312|126.9083263926780347_37.5461870828408806
2026-09-04T13:22:12.125893+09:00,망원한강공원,망원한강공원,POI094,KEY_2,1130001902,강변북로,1130018500,양화대교(북측),126.9073251434053304_37.5469921878426263,1130021700,양화대교(북측),126.9048603023906736_37.5488546051941512,300.0,25.0,정체,126.9048603023906736_37.5488546051941512|126.9072221258290227_37.5470731409600376|126.9073251434053304_37.5469921878426263
2026-09-04T13:22:12.125893+09:00,망원한강공원,망원한강공원,POI094,KEY_2,1130002001,강변북로,1130018900,양화대교(북측),126.9079628582625361_37.5476071802752429,1130017700,양화대교(북측),126.9091923154714152_37.5466689501214006,150.0,46.0,서행,126.9091923154714152_37.5466689501214006|126.9079628582625361_37.5476071802752429
2026-09-04T13:22:12.125893+09:00,망원한강공원,망원한강공원,POI094,KEY_2,1130002002,강변북로,1130022700,양화대교(북측),126.9055080199198642_37.5489541612342776,1130018900,양화대교(북측),126.9079628582625361_37.5476071802752429,264.0,49.5,서행,126.9079628582625361_37.5476071802752429|126.9073936673337926_37.5479978199623545|126.9069694275231797_37.5482389414567947|126.9064914428329871_37.5484583282313551|126.9055080199198642_37.5489541612342776
2026-09-04T13:22:12.125893+09:00,망원한강공원,망원한강공원,POI094,KEY_2,1130002003,강변북로,1130001000,동인리버빌2차,126.9029266853274578_37.5507642647602324,1130022700,양화대교(북측),126.9055080199198642_37.5489541612342776,304.0,46.0,서행,126.9055080199198642_37.5489541612342776|126.9050478801057693_37.5492753502968384|126.9029266853274578_37.5507642647602324
2026-09-04T13:22:12.125893+09:00,망원한강공원,망원한강공원,POI094,KEY_2,1130002101,양화로,1130021601,합정역교차로,126.9134396891751067_37.5493101529960995,1130022800,합정역(서울2호선),126.9139380043217500_37.5496171809286139,56.0,38.0,원활,126.9139380043217500_37.5496171809286139|126.9138232146117105_37.5495337692831868|126.9134396891751067_37.5493101529960995
2026-09-04T13:22:12.125893+09:00,망원한강공원,망원한강공원,POI094,KEY_2,1130002102,양화로,1130022800,합정역(서울2호선),126.9139380043217500_37.5496171809286139,1130024304,누아갤러리,126.9154925570157388_37.5507467776258252,186.0,22.3,서행,126.9154925570157388_37.5507467776258252|126.9142500058633658_37.5498438974214181|126.9139380043217500_37.5496171809286139
2026-09-04T13:22:12.125893+09:00,망원한강공원,망원한강공원,POI094,KEY_2,1130002202,양화로,1130073600,합정동 402,126.9143415490859326_37.5497640377180701,1130022400,합정역5번출구,126.9140295476794051_37.5495373218593258,37.0,13.0,정체,126.9140295476794051_37.5495373218593258|126.9143415490859326_37.5497640377180701
2026-09-04T13:22:12.125893+09:00,망원한강공원,망원한강공원,POI094,KEY_2,1130002302,강변북로,1130021700,양화대교(북측),126.9048603023906736_37.5488546051941512,1130025700,망원안내센터,126.9007654903283679_37.5519545470431098,499.0,37.0,서행,126.9007654903283679_37.5519545470431098|126.9031163427670492_37.5502021941284241|126.9039187278760892_37.5495836910314580|126.9048603023906736_37.5488546051941512
2026-09-04T13:22:12.125893+09:00,망원한강공원,망원한강공원,POI094,KEY_2,1130002303,강변북로,1130025700,망원안내센터,126.9007654903283679_37.5519545470431098,1130028000,성산대교(북측),126.8963688755541455_37.5552314842199308,532.0,26.0,정체,126.8963688755541455_37.5552314842199308|126.9007654903283679_37.5519545470431098
2026-09-04T13:22:12.125893+09:00,망원한강공원,망원한강공원,POI094,KEY_2,1130002401,강변북로,1130051800,망원안내센터,126.9009570824425310_37.5522283841895188,1130001000,동인리버빌2차,126.9029266853274578_37.5507642647602324,238.0,16.0,정체,126.9029266853274578_37.5507642647602324|126.9009570824425310_37.5522283841895188
2026-09-04T13:22:12.125893+09:00,망원한강공원,망원한강공원,POI094,KEY_2,1130002402,강변북로,1130027900,성산대교(북측),126.8972467448848818_37.5549676744905199,1130051800,망원안내센터,126.9009570824425310_37.5522283841895188,447.0,16.0,정체,126.9009570824425310_37.5522283841895188|126.8972467448848818_37.5549676744905199
2026-09-04T13:22:12.125893+09:00,망원한강공원,망원한강공원,POI094,KEY_2,1130003401,강변북로,1130028500,성산대교(북측),126.8963294092971381_37.5558625828289365,1130027900,성산대교(북측),126.8972467448848818_37.5549676744905199,128.0,53.0,원활,126.8972467448848818_37.5549676744905199|126.8970402802669923_37.5551901202604625|126.8966418585040685_37.5555636932406571|126.8963294092971381_37.5558625828289365
2026-09-04T13:22:12.125893+09:00,망원한강공원,망원한강공원,POI094,KEY_2,1130003402,강변북로,1130030400,성산대교(북측),126.8947848919604837_37.5573821483062815,1130028500,성산대교(북측),126.8963294092971381_37.5558625828289365,217.0,41.5,서행,126.8963294092971381_37.5558625828289365|126.8955775076021837_37.5566063745334304|126.8949481528685936_37.5571969694140364|126.8947848919604837_37.5573821483062815
2026-09-04T13:22:12.125893+09:00,망원한강공원,망원한강공원,POI094,KEY_2,1130003900,강변북로,1130201400,최소노드배치점,126.8947142757485977_37.5570261297014412,1130034300,성산지하차도,126.8987170904777031_37.5621054838341308,789.0,76.0,원활,126.8987170904777031_37.5621054838341308|126.8969536987574855_37.5615846732236918|126.8963662923212468_37.5614278506331800|126.8961199007135576_37.5613335826976993|126.8958557676520229_37.5612106063692224|126.8956902323749318_37.5611203281630139|126.8954532341929990_37.5609760266916481|126.8951942332924432_37.5607743757100181|126.8949800523225804_37.5605872628649635|126.8948420294957060_37.5604291583902281|126.8947087021021645_37.5602460363635160|126.8946021053882873_37.5600916699249439|126.8944959424210310_37.5598836467254458|126.8944166539394161_37.5596864927554392|126.8943291310609283_37.5593962890377000|126.8942944005902547_37.5592458680922050|126.8942732661792689_37.5590812073427287|126.8942613210597443_37.5588915539580199|126.8942718716697442_37.5586984383601603|126.8943005688038568_37.5584839520411649|126.8943379626907983_37.5583052827078205|126.8944118820898979_37.5580552564431471|126.8947142757485977_37.5570261297014412
2026-09-04T13:22:12.125893+09:00,망원한강공원,망원한강공원,POI094,KEY_2,1130004000,내부순환도로,1130199400,최소노드배치점,126.8958737769441854_37.5567231575300013,1130051800,망원안내센터,126.9009570824425310_37.5522283841895188,675.0,69.7,원활,126.9009570824425310_37.5522283841895188|126.9004216665100273_37.5527558689880081|126.8992644896432012_37.5536192522852588|126.8974878493433636_37.5549623897843006|126.8970581227338243_37.5553179179575167|126.8967684876836159_37.5555739988053006|126.8965601593328500_37.5557768354810761|126.8963650204589584_37.5560155115119159|126.8960834710524210_37.5563825258058159|126.8958737769441854_37.5567231575300013
2026-09-04T13:22:12.125893+09:00,망원한강공원,망원한강공원,POI094,KEY_2,1130004101,성산로,1130001702,성산대교(북측),126.8942680586532674_37.5573968828278240,1130032200,망원동297-2,126.8950002147612537_37.5586295530031435,151.0,46.0,원활,126.8950002147612537_37.5586295530031435|126.8946622839659284_37.5580572433595918|126.8942680586532674_37.5573968828278240
2026-09-04T13:22:12.125893+09:00,망원한강공원,망원한강공원,POI094,KEY_2,1130004102,성산로,1130032200,망원동297-2,126.8950002147612537_37.5586295530031435,1130051700,성산대교(북측),126.8965663447275745_37.5604484258084454,248.0,48.0,원활,126.8965663447275745_37.5604484258084454|126.8961956061885417_37.5601962475844360|126.8960004414220890_37.5600454039845530|126.8957681063122038_37.5598307646228093|126.8955523404559216_37.5595645510922296|126.8950002147612537_37.5586295530031435
2026-09-04T13:22:12.125893+09:00,망원한강공원,망원한강공원,POI094,KEY_2,1130004201,성산로,1130032000,성산대교(북측),126.8948869795846548_37.5581835345159192,1130001701,성산대교(북측),126.8943813250255772_37.5573346406202617,104.0,41.0,원활,126.8943813250255772_37.5573346406202617|126.8947851168518781_37.5580110236248075|126.8948869795846548_37.5581835345159192
2026-09-04T13:22:12.125893+09:00,망원한강공원,망원한강공원,POI094,KEY_2,1130004202,성산로,1130033100,성산대교(북측),126.8962400098648260_37.5600798445252551,1130032000,성산대교(북측),126.8948869795846548_37.5581835345159192,244.0,65.5,원활,126.8948869795846548_37.5581835345159192|126.8956713880452583_37.5595120093113124|126.8958771300655002_37.5597658566190375|126.8960993848130840_37.5599711823067182|126.8962400098648260_37.5600798445252551
2026-09-04T13:22:12.125893+09:00,망원한강공원,망원한강공원,POI094,KEY_2,1130004301,강변북로,1130028000,성산대교(북측),126.8963688755541455_37.5552314842199308,1130031400,성산대교(북측),126.8934765616889280_37.5578619363347244,389.0,49.0,서행,126.8934765616889280_37.5578619363347244|126.8941287036934114_37.5571376348293455|126.8945911533620006_37.5567226042710089|126.8949875801237539_37.5563790865756957|126.8953713328322834_37.5560456826038447|126.8957040277104795_37.5557573830465401|126.8959563276929146_37.5555665113359325|126.8962264597457050_37.5553376236581471|126.8963688755541455_37.5552314842199308
2026-09-04T13:22:12.125893+09:00,망원한강공원,망원한강공원,POI094,KEY_2,1130004401,강변북로,1130031800,성산대교(북측),126.8940421199747988_37.5581045142548078,1130030400,성산대교(북측),126.8947848919604837_37.5573821483062815,104.0,41.0,서행,126.8947848919604837_37.5573821483062815|126.8940421199747988_37.5581045142548078
2026-09-04T13:22:12.125893+09:00,망원한강공원,망원한강공원,POI094,KEY_2,1130004402,강변북로,1130033200,성산대교,126.8911412406119865_37.5603058527702629,1130031800,성산대교(북측),126.8940421199747988_37.5581045142548078,356.0,45.7,서행,126.8940421199747988_37.5581045142548078|126.8937299682216917_37.5583640487572197|126.8932455301918196_37.5588122892025851|126.8927341561938960_37.5592568126717694|126.8923676674887275_37.5595661444779694|126.8920015830471186_37.5598253972085629|126.8918072327847568_37.5599639069689175|126.8911412406119865_37.5603058527702629
2026-09-04T13:22:12.125893+09:00,망원한강공원,망원한강공원,POI094,KEY_2,1130012504,독막로,1130052100,합정역7번출구,126.9140173730645671_37.5487741682980598,1130021603,합정역교차로,126.9133979744090510_37.5491558635704337,71.0,24.0,서행,126.9133979744090510_37.5491558635704337|126.9135406193636584_37.5489949395947065|126.9136811129909290_37.5488909851792201|126.9137974866256258_37.5488341856604748|126.9139631942102255_37.5487857147723645|126.9140173730645671_37.5487741682980598
2026-09-04T13:22:12.125893+09:00,망원한강공원,망원한강공원,POI094,KEY_2,1130012505,독막로,1130136100,합정동 402,126.9148352538110629_37.5486026780129691,1130052100,합정역7번출구,126.9140173730645671_37.5487741682980598,75.0,21.0,서행,126.9140173730645671_37.5487741682980598|126.9143677077482124_37.5486995039643006|126.9148352538110629_37.5486026780129691
2026-09-04T13:22:12.125893+09:00,망원한강공원,망원한강공원,POI094,KEY_2,1130012601,독막로,1130021602,합정역교차로,126.9135099145764940_37.5492170875193594,1130021400,합정역6번출구,126.9140524865152884_37.5488786114665416,63.0,3.0,정체,126.9140524865152884_37.5488786114665416|126.9140042501253305_37.5488888909759595|126.9138569670299148_37.5489319720761685|126.9137636338956270_37.5489775269032293|126.9136434160954963_37.5490664775041694|126.9135099145764940_37.5492170875193594
2026-09-04T13:22:12.125893+09:00,망원한강공원,망원한강공원,POI094,KEY_2,1130014101,월드컵로,1130021604,합정역교차로,126.9133271355590011_37.5492481379057494,1130022900,합정역9번출구,126.9130418149968449_37.5497885897765329,65.0,10.0,정체,126.9130418149968449_37.5497885897765329|126.9130982247336163_37.5496351327381603|126.9132269055929783_37.5494015408536583|126.9133271355590011_37.5492481379057494
2026-09-04T13:22:12.125893+09:00,망원한강공원,망원한강공원,POI094,KEY_2,1130014201,월드컵로,1130023000,합정역9번출구,126.9131721455813278_37.5498189592265703,1130021601,합정역교차로,126.9134396891751067_37.5493101529960995,61.0,16.0,서행,126.9134396891751067_37.5493101529960995|126.9133494569869924_37.5494482548088371|126.9132260984452927_37.5496721848271662|126.9131721455813278_37.5498189592265703
2026-09-04T13:22:12.125893+09:00,망원한강공원,망원한강공원,POI094,KEY_2,1130044800,강변북로,1130020600,양화대교(북측),126.9111269978420609_37.5485526161926089,1130018200,양화대교(북측),126.9102416078398505_37.5466718111709170,232.0,20.0,정체,126.9102416078398505_37.5466718111709170|126.9103448964562659_37.5473430570484155|126.9103986365779804_37.5476503707893841|126.9104238574202981_37.5477756999008818|126.9105048846684127_37.5479460230307964|126.9105824276039556_37.5480835372061037|126.9106640651950073_37.5481763558913002|126.9108350419256226_37.5483352032103284|126.9109652588307142_37.5484401893999191|126.9111269978420609_37.5485526161926089
2026-09-04T13:22:12.125893+09:00,망원한강공원,망원한강공원,POI094,KEY_2,1130045800,강변북로,1130018400,양화대교북측(서측),126.9079539251361695_37.5465977422113681,1130021700,양화대교(북측),126.9048603023906736_37.5488546051941512,399.0,36.0,서행,126.9048603023906736_37.5488546051941512|126.9055266718272748_37.5485396853818898|126.9064149434197049_37.5481399277629464|126.9066089514169136_37.5480371639153034|126.9068527465944953_37.5478881448283275|126.9078918069258606_37.5471671825859303|126.9080115554062900_37.5470801412585331|126.9080494888386426_37.5470177297965719|126.9080763318795846_37.5469373771126413|126.9080619926768776_37.5468568175705784|126.9080364933849836_37.5467672582688436|126.9079539251361695_37.5465977422113681
2026-09-04T13:22:12.125893+09:00,망원한강공원,망원한강공원,POI094,KEY_2,1130045900,양화로,1130156400,합정동 380-8,126.9118151967610686_37.5482356448082584,1130021203,합정동 402,126.9117684440008702_37.5487013098127989,52.0,16.0,서행,126.9117684440008702_37.5487013098127989|126.9118151967610686_37.5482356448082584
2026-09-04T13:22:12.125893+09:00,망원한강공원,망원한강공원,POI094,KEY_2,1130046100,강변북로,1130018500,양화대교(북측),126.9073251434053304_37.5469921878426263,1130021100,양화대교(북측),126.9082218508906692_37.5486104598507637,242.0,30.0,서행,126.9082218508906692_37.5486104598507637|126.9079481053933449_37.5485697378756456|126.9077374574621047_37.5485042916332930|126.9075136716404160_37.5483958525956893|126.9073528686301700_37.5482769965683474|126.9072370781374417_37.5481476349090215|126.9071571446287834_37.5480291853937302|126.9070864795459102_37.5478750095152094|126.9070561930063690_37.5477281913991590|126.9070570707658732_37.5476173016963841|126.9070763730902627_37.5474492689457051|126.9071136463088436_37.5472813269097330|126.9071729281685634_37.5471707299992374|126.9073251434053304_37.5469921878426263
2026-09-04T13:22:12.125893+09:00,망원한강공원,망원한강공원,POI094,KEY_2,1130046300,양화진길,1130020001,합정동 406,126.9124089735466470_37.5477549671771911,1130021800,합정역8번출구,126.9126009251802998_37.5488890850710817,178.0,7.0,정체,126.9126009251802998_37.5488890850710817|126.9129052599318044_37.5488590463041163|126.9130897233898594_37.5488362968600953|126.9126784164114241_37.5482505084113853|126.9124089735466470_37.5477549671771911
2026-09-04T13:22:12.125893+09:00,망원한강공원,망원한강공원,POI094,KEY_2,1130047000,강변북로,1130020801,양화대교(북측),126.9101361694712296_37.5485270306192120,1130020700,양화대교(북측),126.9110864738484850_37.5486558094690892,85.0,35.5,서행,126.9110864738484850_37.5486558094690892|126.9102173533760265_37.5485274362036847|126.9101361694712296_37.5485270306192120
2026-09-04T13:22:12.125893+09:00,망원한강공원,망원한강공원,POI094,KEY_2,1130047100,강변북로,1130019500,양화대교(북측),126.9088702991146818_37.5473486190442571,1130018900,양화대교(북측),126.9079628582625361_37.5476071802752429,325.0,36.7,서행,126.9079628582625361_37.5476071802752429|126.9077617869843664_37.5478774454727855|126.9077121956132999_37.5479934562309055|126.9076963242405185_37.5481066551844478|126.9077181031041022_37.5481932140098991|126.9077660192914578_37.5482888473825298|126.9078179629540131_37.5483487286568902|126.9079222970304244_37.5484118529214044|126.9080081489424288_37.5484450747764527|126.9081353007526332_37.5484635982839308|126.9086293112116124_37.5484899213285814|126.9087792323046813_37.5484698053234780|126.9089407869166877_37.5483990700973962|126.9090537868644617_37.5483131857162320|126.9091257452737693_37.5482092100341518|126.9091714952716217_37.5481051033266340|126.9091836210362487_37.5479918850748717|126.9091696574317609_37.5478636307128539|126.9091072118532821_37.5477112859805118|126.9090111415095521_37.5475498305376476|126.9088702991146818_37.5473486190442571
2026-09-04T13:22:12.125893+09:00,망원한강공원,망원한강공원,POI094,KEY_2,1130048200,강변북로,1130022700,양화대교(북측),126.9055080199198642_37.5489541612342776,1130021100,양화대교(북측),126.9082218508906692_37.5486104598507637,251.0,45.3,서행,126.9082218508906692_37.5486104598507637|126.9077408467245789_37.5486438201896675|126.9074846758116024_37.5486532667477277|126.9072960385176003_37.5486451656873541|126.9070761497593764_37.5486118667423909|126.9068607830846673_37.5485750129122451|126.9067171008075690_37.5485635595252205|126.9065733056602454_37.5485664137284303|126.9063889048232880_37.5485905279660344|126.9062583330403129_37.5486256435050336|126.9055080199198642_37.5489541612342776
2026-09-04T13:22:12.125893+09:00,망원한강공원,망원한강공원,POI094,KEY_2,1130048500,양화로,1130022400,합정역5번출구,126.9140295476794051_37.5495373218593258,1130021400,합정역6번출구,126.9140524865152884_37.5488786114665416,86.0,13.0,정체,126.9140524865152884_37.5488786114665416|126.9139230246069445_37.5489343484288156|126.9138762522378556_37.5489900978359401|126.9138420413620167_37.5490572990694389|126.9138329563527492_37.5491459732028474|126.9138508086349617_37.5492446788838663|126.9140295476794051_37.5495373218593258
2026-09-04T13:22:12.125893+09:00,망원한강공원,망원한강공원,POI094,KEY_2,1130049000,양화로,1130052000,합정역8번출구,126.9125610162048474_37.5489924297706352,1130022900,합정역9번출구,126.9130418149968449_37.5497885897765329,105.0,14.0,정체,126.9130418149968449_37.5497885897765329|126.9130618100318912_37.5495401812596441|126.9130421428666295_37.5494586372446904|126.9130134806158026_37.5493885292777207|126.9129740362242984_37.5493212749275216|126.9129004782609655_37.5492368304858175|126.9125610162048474_37.5489924297706352
2026-09-04T13:22:12.125893+09:00,망원한강공원,망원한강공원,POI094,KEY_2,1130049300,양화로,1130023000,합정역9번출구,126.9131721455813278_37.5498189592265703,1130022800,합정역(서울2호선),126.9139380043217500_37.5496171809286139,76.0,20.0,서행,126.9139380043217500_37.5496171809286139|126.9136402094506622_37.5496006797627686|126.9135395936122848_37.5496106180248574|126.9134569354612267_37.5496277214884771|126.9133796540536849_37.5496562715165325|126.9131721455813278_37.5498189592265703
2026-09-04T13:22:12.125893+09:00,망원한강공원,망원한강공원,POI094,KEY_2,1130051100,강변북로,1130024903,망원동 211-48,126.9028611241875382_37.5513378254563790,1130001000,동인리버빌2차,126.9029266853274578_37.5507642647602324,67.0,33.0,서행,126.9029266853274578_37.5507642647602324|126.9028126717339262_37.5509453472569632|126.9027897505136622_37.5510720564586151|126.9027991886800919_37.5511826770461639|126.9028254134930478_37.5512780539479394|126.9028588751143047_37.5513352948506878|126.9028611241875382_37.5513378254563790
2026-09-04T13:22:12.125893+09:00,망원한강공원,망원한강공원,POI094,KEY_2,1130052801,성산로,1130197900,최소노드배치점,126.8921036592381171_37.5538194662087861,1130051600,성산대교(북측),126.8939006534653657_37.5567814362906276,365.0,49.0,원활,126.8939006534653657_37.5567814362906276|126.8921036592381171_37.5538194662087861
2026-09-04T13:22:12.125893+09:00,망원한강공원,망원한강공원,POI094,KEY_2,1130052802,성산로,1130051600,성산대교(북측),126.8939006534653657_37.5567814362906276,1130001702,성산대교(북측),126.8942680586532674_37.5573968828278240,76.0,41.0,원활,126.8942680586532674_37.5573968828278240|126.8939006534653657_37.5567814362906276
2026-09-04T13:22:12.125893+09:00,망원한강공원,망원한강공원,POI094,KEY_2,1130054500,강변북로,1130030200,성산대교(북측),126.8959477838967871_37.5573272909178115,1130028500,성산대교(북측),126.8963294092971381_37.5558625828289365,167.0,49.3,서행,126.8963294092971381_37.5558625828289365|126.8962548200340024_37.5560109538974203|126.8961901567778057_37.5561358257255833|126.8960829348993116_37.5564303980136032|126.8960440488294239_37.5566090603388716|126.8960201868548268_37.5567818370500675|126.8959949779797540_37.5571215438861472|126.8959477838967871_37.5573272909178115
2026-09-04T13:22:12.125893+09:00,망원한강공원,망원한강공원,POI094,KEY_2,1130054600,강변북로,1130028000,성산대교(북측),126.8963688755541455_37.5552314842199308,1130029500,성산대교(북측),126.8939091133735531_37.5565467017228869,326.0,45.5,서행,126.8939091133735531_37.5565467017228869|126.8941160039223490_37.5567491270422238|126.8942322184528422_37.5568248446779336|126.8943307792081328_37.5568611223742863|126.8944698084482781_37.5568940303965704|126.8946000245683479_37.5569054298960339|126.8947079483467917_37.5568952521194745|126.8948519626013791_37.5568673720655255|126.8949782349178150_37.5568107838051546|126.8950776352305496_37.5567433262311141|126.8952272699656163_37.5565759637522874|126.8953411542366894_37.5564406025223079|126.8960393752678470_37.5556106937079477|126.8961527713011748_37.5554789163318645|126.8963688755541455_37.5552314842199308
2026-09-04T13:22:12.125893+09:00,망원한강공원,망원한강공원,POI094,KEY_2,1130055100,강변북로,1130030200,성산대교(북측),126.8959477838967871_37.5573272909178115,1130031400,성산대교(북측),126.8934765616889280_37.5578619363347244,298.0,40.7,서행,126.8934765616889280_37.5578619363347244|126.8935715870818655_37.5577801484427098|126.8938020760769518_37.5576167799939142|126.8944847836780241_37.5570980087808479|126.8947239079309526_37.5569776093695822|126.8952461613477141_37.5568515063165833|126.8954622110283879_37.5568061082511946|126.8956193864642330_37.5568176449194340|126.8957223845461613_37.5568610991157641|126.8958473271129890_37.5569690551372233|126.8959003502932745_37.5570802200584239|126.8959309083641926_37.5571912705501774|126.8959477838967871_37.5573272909178115
2026-09-04T13:22:12.125893+09:00,망원한강공원,망원한강공원,POI094,KEY_2,1130055600,성산로,1130001701,성산대교(북측),126.8943813250255772_37.5573346406202617,1130029500,성산대교(북측),126.8939091133735531_37.5565467017228869,97.0,26.0,원활,126.8939091133735531_37.5565467017228869|126.8940231764855895_37.5567347016886757|126.8943813250255772_37.5573346406202617
2026-09-04T13:22:12.125893+09:00,망원한강공원,망원한강공원,POI094,KEY_2,1130056200,강변북로,1130030400,성산대교(북측),126.8947848919604837_37.5573821483062815,1130032000,성산대교(북측),126.8948869795846548_37.5581835345159192,302.0,15.0,정체,126.8948869795846548_37.5581835345159192|126.8950464902944901_37.5582798803510869|126.8951406178000667_37.5583089805873769|126.8953021456018462_37.5583384252499357|126.8954280162047326_37.5583319153729320|126.8955405500953191_37.5583074511124764|126.8956443012299502_37.5582579015376083|126.8956941314630313_37.5582080753949441|126.8957350329097835_37.5581510495894904|126.8957489756507186_37.5580938855421920|126.8958222373852891_37.5573680845716851|126.8958094802783023_37.5572785889986918|126.8957786337305009_37.5572033096052138|126.8957475572415774_37.5571566465653888|126.8957029717622191_37.5571134917800222|126.8955955389453294_37.5570628608098858|126.8954833521016923_37.5570444001368173|126.8953889660117085_37.5570474943645962|126.8952674755185512_37.5570683348415173|126.8951682775213072_37.5571107540445794|126.8947848919604837_37.5573821483062815
2026-09-04T13:22:12.125893+09:00,망원한강공원,망원한강공원,POI094,KEY_2,1130057100,강변북로,1130033100,성산대교(북측),126.8962400098648260_37.5600798445252551,1130030200,성산대교(북측),126.8959477838967871_37.5573272909178115,314.0,49.0,서행,126.8959477838967871_37.5573272909178115|126.8958285842760176_37.5586225282904849|126.8958024250376582_37.5588942629468718|126.8958129054658315_37.5590803325226474|126.8958353298008888_37.5592712320608726|126.8958938158745582_37.5594480078332751|126.8959817962853549_37.5596821688064466|126.8960524974649928_37.5598303891524452|126.8961169487055258_37.5599177650610443|126.8962400098648260_37.5600798445252551
2026-09-04T13:22:12.125893+09:00,망원한강공원,망원한강공원,POI094,KEY_2,1130057200,강변북로,1130031400,성산대교(북측),126.8934765616889280_37.5578619363347244,1130032600,성산대교(북측),126.8944996981634006_37.5595429958823459,239.0,40.3,서행,126.8944996981634006_37.5595429958823459|126.8941294575235332_37.5593605658435763|126.8938607550015405_37.5592482928689790|126.8936729614436558_37.5591328575938022|126.8935435829644405_37.5590177224764972|126.8934368449610588_37.5588812396137470|126.8933615604962029_37.5587449184117617|126.8933178448669281_37.5585944503053000|126.8932965095752934_37.5584548296853100|126.8933112370545899_37.5583010842876703|126.8933302832502790_37.5581688252532899|126.8933808399575440_37.5580295741042107|126.8934765616889280_37.5578619363347244
2026-09-04T13:22:12.125893+09:00,망원한강공원,망원한강공원,POI094,KEY_2,1130057600,강변북로,1130032200,망원동297-2,126.8950002147612537_37.5586295530031435,1130031800,성산대교(북측),126.8940421199747988_37.5581045142548078,296.0,41.0,서행,126.8940421199747988_37.5581045142548078|126.8938006897265183_37.5584165792352991|126.8937232601420106_37.5585449619723732|126.8936684125329748_37.5586591508701986|126.8936495121976407_37.5587735243936720|126.8936709924894188_37.5588952602886152|126.8937374944070342_37.5590064959451837|126.8938133878040446_37.5590676986530951|126.8939028207753950_37.5591218154273392|126.8942162540165697_37.5592593590031356|126.8944268626905654_37.5593319831374330|126.8945211364593462_37.5593431983093211|126.8946470364907526_37.5593331123366880|126.8947912005788936_37.5592873477212734|126.8949221728727252_37.5592057430569781|126.8949992832976932_37.5591167075910022|126.8950313433697943_37.5590417506482055|126.8950410538536175_37.5589523695953105|126.8950002147612537_37.5586295530031435
2026-09-04T13:22:12.125893+09:00,망원한강공원,망원한강공원,POI094,KEY_2,1130057700,강변북로,1130033200,성산대교,126.8911412406119865_37.5603058527702629,1130032600,성산대교(북측),126.8944996981634006_37.5595429958823459,326.0,36.0,서행,126.8944996981634006_37.5595429958823459|126.8943293941725443_37.5594872710125642|126.8941530411086944_37.5594386700603451|126.8939286622046154_37.5594017467735526|126.8937640802613203_37.5593794378865411|126.8935933902019855_37.5593714067652158|126.8934495642020437_37.5593754378597282|126.8932726515631657_37.5593959919852907|126.8931075851383383_37.5594333006925396|126.8929244098583382_37.5594872098278643|126.8926237686871303_37.5596192130071884|126.8919590517301259_37.5599472802490411|126.8911412406119865_37.5603058527702629
2026-09-04T13:22:12.125893+09:00,망원한강공원,망원한강공원,POI094,KEY_2,1130058000,강변북로,1130032600,성산대교(북측),126.8944996981634006_37.5595429958823459,1130033300,성산대교(북측),126.8960313586577939_37.5602532631850607,157.0,46.0,서행,126.8960313586577939_37.5602532631850607|126.8959204715099958_37.5601846338889942|126.8958161077995186_37.5601244796121350|126.8952608916589497_37.5598783857262077|126.8944996981634006_37.5595429958823459
2026-09-04T13:22:12.125893+09:00,망원한강공원,망원한강공원,POI094,KEY_2,1130077600,강변북로,1130051600,성산대교(북측),126.8939006534653657_37.5567814362906276,1130032901,상암동 1536-5,126.8907763104595432_37.5602411617639333,509.0,23.7,정체,126.8907763104595432_37.5602411617639333|126.8914515481813510_37.5599570068259894|126.8916725966885934_37.5598508291836310|126.8919166058800556_37.5596839575910550|126.8921021123249062_37.5595275151353363|126.8923374234193773_37.5593248246021076|126.8928854144154599_37.5587982156387596|126.8936462934091765_37.5580616421300277|126.8938410402452490_37.5578730495400208|126.8939317463245260_37.5577697750056032|126.8939818668525277_37.5576841793648271|126.8940368585594598_37.5575521047411414|126.8940509166800297_37.5574806322605426|126.8940609464013676_37.5573519041138013|126.8940571775176807_37.5572624542587903|126.8940267098289780_37.5571406724921744|126.8939006534653657_37.5567814362906276
2026-09-04T13:22:12.125893+09:00,망원한강공원,망원한강공원,POI094,KEY_2,1130087500,양화로3길,1130115600,합정동 407,126.9116969527201491_37.5495270854960594,1130021201,합정동 402,126.9118842718870042_37.5488389364112436,78.0,18.0,서행,126.9118842718870042_37.5488389364112436|126.9118474626460227_37.5490170505902370|126.9116969527201491_37.5495270854960594
2026-09-04T13:22:12.125893+09:00,반포한강공원,반포한강공원,POI095,KEY_3,1210004500,올림픽대로,1210473500,최소노드배치점,126.9849859864246895_37.5052572539861941,1210043100,반포동 1337-4,126.9909393086859950_37.5067245440807682,553.0,68.0,원활,126.9909393086859950_37.5067245440807682|126.9901890908383422_37.5064390997933188|126.9898392708057742_37.5063085407043388|126.9896210377246319_37.5062459316056049|126.9891672180945790_37.5061253742093896|126.9890092184601258_37.5060903943060140|126.9869005703152567_37.5056505401000209|126.9849859864246895_37.5052572539861941
2026-09-04T13:22:12.125893+09:00,반포한강공원,반포한강공원,POI095,KEY_3,1210004600,올림픽대로,1210473600,최소노드배치점,126.9850464041665674_37.5050791504093013,1190028801,동작구-서초구,126.9789823584474249_37.5046639518026268,541.0,42.0,서행,126.9789823584474249_37.5046639518026268|126.9802303681690603_37.5046617417532460|126.9819135711866238_37.5046512840886379|126.9826048000792440_37.5046692674508506|126.9832197188299574_37.5047158428743330|126.9836326487822618_37.5047874181129828|126.9840096720059250_37.5048554109620085|126.9850464041665674_37.5050791504093013
2026-09-04T13:22:12.125893+09:00,반포한강공원,반포한강공원,POI095,KEY_3,1210004901,올림픽대로,1210043100,반포동 1337-4,126.9909393086859950_37.5067245440807682,1210044300,반포동 115-6,126.9939814359000110_37.5081015369480752,310.0,60.0,원활,126.9939814359000110_37.5081015369480752|126.9931929722786066_37.5077169948010720|126.9918464285245676_37.5070696761976734|126.9909393086859950_37.5067245440807682
2026-09-04T13:22:12.125893+09:00,반포한강공원,반포한강공원,POI095,KEY_3,1210004902,올림픽대로,1210044300,반포동 115-6,126.9939814359000110_37.5081015369480752,1210046300,미니스톱반포1점,127.0028235957947658_37.5124656549612254,920.0,41.0,서행,127.0028235957947658_37.5124656549612254|127.0024892527280258_37.5122549419168081|127.0019326101089803_37.5119367005065172|127.0003435122797271_37.5111714802009573|126.9985614268103404_37.5102989599209735|126.9966940965352222_37.5094085307340350|126.9946741968714150_37.5084393965799947|126.9939814359000110_37.5081015369480752
2026-09-04T13:22:12.125893+09:00,반포한강공원,반포한강공원,POI095,KEY_3,1210005301,올림픽대로,1210467000,최소노드배치점,127.0063311684586722_37.5151321080427280,1210048600,한남대교분기점,127.0116483973796164_37.5197328756636708,694.0,28.5,정체,127.0116483973796164_37.5197328756636708|127.0113381325108008_37.5194347621186211|127.0111530941337463_37.5192706692185212|127.0109430122922873_37.5190843650138959|127.0098205372895421_37.5181189800994872|127.0087474791721576_37.5172072192485331|127.0063311684586722_37.5151321080427280
2026-09-04T13:22:12.125893+09:00,반포한강공원,반포한강공원,POI095,KEY_3,1210024100,동작대로,1210042300,동작대교,126.9806649648760128_37.5057967542173571,1210037600,동작구-서초구,126.9811003133906979_37.5023416866593706,402.0,57.8,원활,126.9811003133906979_37.5023416866593706|126.9807516982350393_37.5027332272799541|126.9806465756221598_37.5029030100310194|126.9805412999374425_37.5031160553451315|126.9804608919166640_37.5033252141313085|126.9804082986606772_37.5035319177264057|126.9803587674843186_37.5038518205309757|126.9803461438776395_37.5044511123134754|126.9803862384570579_37.5047636480202087|126.9804912197440103_37.5051623242331402|126.9806649648760128_37.5057967542173571
2026-09-04T13:22:12.125893+09:00,반포한강공원,반포한강공원,POI095,KEY_3,1210026605,반포대로,1210044902,반포대교,126.9992921995695951_37.5086549273924064,1210045500,반포대교,126.9985814437733325_37.5101401536037926,176.0,26.0,원활,126.9985814437733325_37.5101401536037926|126.9992921995695951_37.5086549273924064
2026-09-04T13:22:12.125893+09:00,반포한강공원,반포한강공원,POI095,KEY_3,1210026705,반포대로,1210051600,반포대교,126.9986967105539293_37.5101806127401289,1210044901,반포대교,126.9994191248414523_37.5086931506571730,177.0,22.0,서행,126.9994191248414523_37.5086931506571730|126.9986967105539293_37.5101806127401289
2026-09-04T13:22:12.125893+09:00,반포한강공원,반포한강공원,POI095,KEY_3,1210058200,현충로,1190029000,동작구-서초구,126.9791771252401844_37.5043272220037096,1210040500,한강홍수통제소앞,126.9826300808937276_37.5044384633158856,306.0,22.0,서행,126.9826300808937276_37.5044384633158856|126.9821116639992766_37.5043498801840158|126.9818418690978774_37.5043382205551197|126.9791771252401844_37.5043272220037096
2026-09-04T13:22:12.125893+09:00,반포한강공원,반포한강공원,POI095,KEY_3,1210058300,동작대로,1210042300,동작대교,126.9806649648760128_37.5057967542173571,1210040500,한강홍수통제소앞,126.9826300808937276_37.5044384633158856,316.0,42.3,원활,126.9826300808937276_37.5044384633158856|126.9820741456918398_37.5043962636629544|126.9814073885070229_37.5043800380098489|126.9809749282143798_37.5043960917430752|126.9808838035022802_37.5044214124037936|126.9808013490878125_37.5044628578957528|126.9807434859177704_37.5045100638647781|126.9806928462777478_37.5045699409240783|126.9806668008969837_37.5046240636632362|126.9806479788473865_37.5046873985579055|126.9806436204795972_37.5047691631819120|126.9806776952086693_37.5049367323332348|126.9806964559726055_37.5051071767794966|126.9807036988778037_37.5053218983415277|126.9806732534744356_37.5056051937505188|126.9806649648760128_37.5057967542173571
2026-09-04T13:22:12.125893+09:00,반포한강공원,반포한강공원,POI095,KEY_3,1210060300,올림픽대로,1210040500,한강홍수통제소앞,126.9826300808937276_37.5044384633158856,1210043100,반포동 1337-4,126.9909393086859950_37.5067245440807682,784.0,62.7,원활,126.9909393086859950_37.5067245440807682|126.9904059126604068_37.5066141279368068|126.9884504673063219_37.5062670272108889|126.9881455542998765_37.5062037004910778|126.9879783094321226_37.5061457399460565|126.9877752733192295_37.5060685444103257|126.9851906749843380_37.5049268930149537|126.9846346495238834_37.5048147648617061|126.9833132594171730_37.5045609687905426|126.9826300808937276_37.5044384633158856
2026-09-04T13:22:12.125893+09:00,반포한강공원,반포한강공원,POI095,KEY_3,1210061500,올림픽대로,1210044300,반포동 115-6,126.9939814359000110_37.5081015369480752,1210051500,반포대교JC,126.9982337024220413_37.5097200726367461,417.0,49.0,서행,126.9982337024220413_37.5097200726367461|126.9973859716003517_37.5093492024963311|126.9967144131025520_37.5090534435411271|126.9961887876295634_37.5088651853329011|126.9950834353601437_37.5085218184218760|126.9946891821507080_37.5083865812520614|126.9939814359000110_37.5081015369480752
2026-09-04T13:22:12.125893+09:00,반포한강공원,반포한강공원,POI095,KEY_3,1210062500,올림픽대로,1210051700,잠원동116,126.9996578059465548_37.5103108362172506,1210046300,미니스톱반포1점,127.0028235957947658_37.5124656549612254,370.0,23.0,정체,127.0028235957947658_37.5124656549612254|127.0019652362981617_37.5117753427098535|127.0008853712997166_37.5109658997057878|127.0006022424074246_37.5107739154575412|126.9996578059465548_37.5103108362172506
2026-09-04T13:22:12.125893+09:00,반포한강공원,반포한강공원,POI095,KEY_3,1210062700,반포대로,1210467200,최소노드배치점,126.9975047366202716_37.5127959116777916,1210045100,잠수교,126.9991848898787055_37.5093357874198716,412.0,42.0,원활,126.9991848898787055_37.5093357874198716|126.9989266448896927_37.5098764854581717|126.9985869159005603_37.5105542301294363|126.9975047366202716_37.5127959116777916
2026-09-04T13:22:12.125893+09:00,반포한강공원,반포한강공원,POI095,KEY_3,1210066800,올림픽대로,1210051500,반포대교JC,126.9982337024220413_37.5097200726367461,1210045500,반포대교,126.9985814437733325_37.5101401536037926,63.0,26.0,정체,126.9985814437733325_37.5101401536037926|126.9985769843182197_37.5099470979996710|126.9985693289548720_37.5099110072666377|126.9985492264190583_37.5098763453739963|126.9985149122531993_37.5098453314676092|126.9982337024220413_37.5097200726367461
2026-09-04T13:22:12.125893+09:00,반포한강공원,반포한강공원,POI095,KEY_3,1210067000,올림픽대로,1210051600,반포대교,126.9986967105539293_37.5101806127401289,1210051700,잠원동116,126.9996578059465548_37.5103108362172506,96.0,27.0,정체,126.9996578059465548_37.5103108362172506|126.9990482172973145_37.5100741732167009|126.9989802461160338_37.5100528260487920|126.9989066249661533_37.5100606019608733|126.9988506241951711_37.5100816939465815|126.9987820786087838_37.5101227060872446|126.9986967105539293_37.5101806127401289
2026-09-04T13:22:12.125893+09:00,반포한강공원,반포한강공원,POI095,KEY_3,1210178600,반포대로,1210467400,최소노드배치점,126.9972314575511376_37.5132225242302439,1210051600,반포대교,126.9986967105539293_37.5101806127401289,362.0,56.0,원활,126.9986967105539293_37.5101806127401289|126.9972314575511376_37.5132225242302439
2026-09-04T13:22:12.125893+09:00,보라매공원,보라매공원,POI123,KEY_4,1190013200,보라매로5길,1190170600,신대방동 395-61,126.9227366705831628_37.4904668646938362,1200025701,신림동 808-152,126.9226317395202983_37.4900265482961004,50.0,19.0,서행,126.9226317395202983_37.4900265482961004|126.9227366705831628_37.4904668646938362
2026-09-04T13:22:12.125893+09:00,보라매공원,보라매공원,POI123,KEY_4,1190013300,보라매로5길,1190131900,신대방동 395-61,126.9227968309863712_37.4912988693119473,1190004903,한국컴퓨터(주),126.9229285536427057_37.4918515944887218,62.0,10.0,정체,126.9229285536427057_37.4918515944887218|126.9227968309863712_37.4912988693119473
2026-09-04T13:22:12.125893+09:00,보라매공원,보라매공원,POI123,KEY_4,1190013600,보라매로5길,1200026503,전문건설회관,126.9245918446947883_37.4916188514920350,1190004902,한국컴퓨터(주),126.9230618642969404_37.4918314235246157,137.0,14.0,정체,126.9230618642969404_37.4918314235246157|126.9245918446947883_37.4916188514920350
2026-09-04T13:22:12.125893+09:00,보라매공원,보라매공원,POI123,KEY_4,1190013700,보라매로5길-보라매로,1190004901,한국컴퓨터(주),126.9230872448197687_37.4919376497595991,1200026504,전문건설회관,126.9246181163629643_37.4917249529024517,137.0,21.0,서행,126.9246181163629643_37.4917249529024517|126.9230872448197687_37.4919376497595991
2026-09-04T13:22:12.125893+09:00,보라매공원,보라매공원,POI123,KEY_4,1190014000,보라매로5길,1190000601,속성변화점,126.9233297358312456_37.4929500653999170,1190004901,한국컴퓨터(주),126.9230872448197687_37.4919376497595991,114.0,16.0,서행,126.9230872448197687_37.4919376497595991|126.9231928492696966_37.4923785585905094|126.9233297358312456_37.4929500653999170
2026-09-04T13:22:12.125893+09:00,보라매공원,보라매공원,POI123,KEY_4,1190014100,보라매로5길,1190004904,한국컴퓨터(주),126.9229539576708277_37.4919579182738758,1190000602,속성변화점,126.9232218613518768_37.4930764401332155,126.0,10.0,정체,126.9232218613518768_37.4930764401332155|126.9230595613653776_37.4923988272215638|126.9229539576708277_37.4919579182738758
2026-09-04T13:22:12.125893+09:00,보라매공원,보라매공원,POI123,KEY_4,1190014200,보라매로5길,1200027503,신대방동 395-61,126.9248443409804281_37.4927208881633547,1190000601,속성변화점,126.9233297358312456_37.4929500653999170,136.0,8.0,정체,126.9233297358312456_37.4929500653999170|126.9248443409804281_37.4927208881633547
2026-09-04T13:22:12.125893+09:00,보라매공원,보라매공원,POI123,KEY_4,1190014300,보라매로5길,1190000602,속성변화점,126.9232218613518768_37.4930764401332155,1200027504,신대방동 395-61,126.9248696580128808_37.4928271104749058,148.0,12.0,정체,126.9248696580128808_37.4928271104749058|126.9232218613518768_37.4930764401332155
2026-09-04T13:22:12.125893+09:00,보라매공원,보라매공원,POI123,KEY_4,1190015300,여의대방로16길,1190181700,최소노드배치점,126.9182577898026381_37.4944467326277220,1180002803,보라매공원입구교차로,126.9174794396136008_37.4971467344705047,315.0,16.5,서행,126.9174794396136008_37.4971467344705047|126.9176836590731341_37.4965740922622217|126.9183531540798526_37.4946616280406104|126.9183686092806482_37.4945698810985348|126.9183390140503604_37.4944936652096104|126.9182657352436649_37.4944478893438102|126.9182577898026381_37.4944467326277220
2026-09-04T13:22:12.125893+09:00,북서울꿈의숲,북서울꿈의숲,POI096,KEY_1,1070021501,월계로,1080212200,번동 105,127.0454848732878901_37.6210311282169911,1070039703,상아A빌딩,127.0455536192900894_37.6211584974991595,15.0,10.0,정체,127.0455536192900894_37.6211584974991595|127.0454848732878901_37.6210311282169911
2026-09-04T13:22:12.125893+09:00,북서울꿈의숲,북서울꿈의숲,POI096,KEY_1,1070021502,월계로,1070039704,상아A빌딩,127.0456077776519521_37.6212588607164733,1070039804,장월초등학교,127.0462802478580642_37.6221704051017340,118.0,31.0,원활,127.0462802478580642_37.6221704051017340|127.0460826413426645_37.6219610511300928|127.0459327948366735_37.6217868126396553|127.0458240259468710_37.6216374117474786|127.0457124630564039_37.6214528913420452|127.0456077776519521_37.6212588607164733
2026-09-04T13:22:12.125893+09:00,북서울꿈의숲,북서울꿈의숲,POI096,KEY_1,1070021503,월계로,1070039801,장월초등학교,127.0463893459632345_37.6222718031564298,1070040104,번동 47-33,127.0477746747576333_37.6231889255401484,160.0,16.0,서행,127.0477746747576333_37.6231889255401484|127.0470806863630031_37.6227988312367785|127.0468342172890459_37.6226363551742295|127.0466273780273809_37.6224821817550179|127.0464543217501188_37.6223301948852296|127.0463893459632345_37.6222718031564298
2026-09-04T13:22:12.125893+09:00,북서울꿈의숲,북서울꿈의숲,POI096,KEY_1,1070077300,월계로,1080229400,최소노드배치점,127.0425458966283827_37.6177250516263371,1080001103,북서울꿈의숲동문앞교차로,127.0446748612530001_37.6195665141872198,279.0,37.0,원활,127.0446748612530001_37.6195665141872198|127.0445434286952491_37.6194076045613102|127.0445063415358931_37.6193663455268492|127.0443041935552770_37.6191414572316631|127.0441253531880079_37.6189406021498485|127.0439433826660718_37.6187603121031415|127.0438459398562259_37.6186763310502315|127.0437764753761201_37.6186164629460791|127.0430953054205077_37.6181150210598076|127.0429818097745880_37.6180344625877012|127.0425458966283827_37.6177250516263371
2026-09-04T13:22:12.125893+09:00,북서울꿈의숲,북서울꿈의숲,POI096,KEY_1,1080003204,오현로,1080006102,공주능입구,127.0361318047046382_37.6185224922539447,1080005001,미아동 1-46,127.0350143207193696_37.6168346850441679,212.0,21.0,서행,127.0350143207193696_37.6168346850441679|127.0350450205997959_37.6168659193167940|127.0351051242240885_37.6169501420465764|127.0355840328240618_37.6176862852074336|127.0361318047046382_37.6185224922539447
2026-09-04T13:22:12.125893+09:00,북서울꿈의숲,북서울꿈의숲,POI096,KEY_1,1080003205,오현로,1080218800,번동 120-6,127.0377100072892915_37.6221811532617565,1080006101,공주능입구,127.0361964670142925_37.6186211961319685,422.0,34.0,원활,127.0361964670142925_37.6186211961319685|127.0366822973561653_37.6193626991985397|127.0370572117887917_37.6199956178654062|127.0371336632409083_37.6201486851583482|127.0373786759467691_37.6207278050103326|127.0374520264741562_37.6208954639794300|127.0376240978868907_37.6212887683658153|127.0376661828446885_37.6214224371594526|127.0376912506485638_37.6215578980299483|127.0376974714457958_37.6216876454460802|127.0377100072892915_37.6221811532617565
2026-09-04T13:22:12.125893+09:00,북서울꿈의숲,북서울꿈의숲,POI096,KEY_1,1080004105,한천로109길,1080208500,번동 255,127.0420690581762670_37.6279992677586677,1080010102,번동 621-19,127.0416119537741935_37.6276598609258457,55.0,22.0,서행,127.0416119537741935_37.6276598609258457|127.0420187146939668_37.6279488633456367|127.0420690581762670_37.6279992677586677
2026-09-04T13:22:12.125893+09:00,북서울꿈의숲,북서울꿈의숲,POI096,KEY_1,1080004106,한천로109길,1080011802,번동주공3단지,127.0440770025255404_37.6286515288063796,1080011202,서울번동3행복주택아파트,127.0435150678661529_37.6284354077918337,55.0,7.0,정체,127.0435150678661529_37.6284354077918337|127.0435547632801416_37.6284436795084574|127.0438912618911047_37.6285611704831382|127.0440770025255404_37.6286515288063796
2026-09-04T13:22:12.125893+09:00,북서울꿈의숲,북서울꿈의숲,POI096,KEY_1,1080004205,한천로109길,1080184600,번동 237,127.0427839829520025_37.6284666162161940,1080011204,서울번동3행복주택아파트,127.0433528053765997_37.6285175086048156,51.0,19.0,서행,127.0433528053765997_37.6285175086048156|127.0428809652419915_37.6284971376578525|127.0427839829520025_37.6284666162161940
2026-09-04T13:22:12.125893+09:00,북서울꿈의숲,북서울꿈의숲,POI096,KEY_1,1080004206,한천로109길,1080011201,서울번동3행복주택아파트,127.0434806136058654_37.6285399963380627,1080011803,번동주공3단지,127.0439811538381178_37.6287316404037995,49.0,18.0,서행,127.0439811538381178_37.6287316404037995|127.0438281850549629_37.6286572246620068|127.0435099364932228_37.6285461066658158|127.0434806136058654_37.6285399963380627
2026-09-04T13:22:12.125893+09:00,북서울꿈의숲,북서울꿈의숲,POI096,KEY_1,1080004500,한천로,1080011803,번동주공3단지,127.0439811538381178_37.6287316404037995,1080012402,강북구민운동장앞교차로,127.0415727990643262_37.6305731360132114,296.0,33.0,원활,127.0415727990643262_37.6305731360132114|127.0423787483356648_37.6300923495313384|127.0425736317070999_37.6299654196215769|127.0427335814493119_37.6298462694465030|127.0428767999803767_37.6297240329487224|127.0430753819527894_37.6295469330440824|127.0438304230867317_37.6288647723450964|127.0439811538381178_37.6287316404037995
2026-09-04T13:22:12.125893+09:00,북서울꿈의숲,북서울꿈의숲,POI096,KEY_1,1080004600,한천로,1080012401,강북구민운동장앞교차로,127.0416350558218568_37.6306711503403477,1080011804,번동주공3단지,127.0440991156767581_37.6287890258468778,303.0,18.0,서행,127.0440991156767581_37.6287890258468778|127.0439319559293239_37.6289366684336386|127.0431771323927848_37.6296186341803107|127.0429772698638544_37.6297968753689887|127.0428298867321075_37.6299226669884987|127.0426632627233943_37.6300467886447123|127.0424626389235101_37.6301774580572825|127.0416350558218568_37.6306711503403477
2026-09-04T13:22:12.125893+09:00,북서울꿈의숲,북서울꿈의숲,POI096,KEY_1,1080015400,오현로14길,1080006101,공주능입구,127.0361964670142925_37.6186211961319685,1080005002,미아동 1-46,127.0349215753503671_37.6167528715441719,280.0,8.0,정체,127.0349215753503671_37.6167528715441719|127.0351942306662778_37.6166226459324378|127.0352928677290549_37.6166308749319427|127.0353588654271988_37.6166712266560381|127.0356435851497565_37.6171017620031733|127.0360212110051208_37.6177079799055250|127.0360542021376205_37.6178339504861370|127.0362695727076670_37.6185048628651515|127.0362641784160616_37.6185739441696469|127.0361964670142925_37.6186211961319685
2026-09-04T13:22:12.125893+09:00,북서울꿈의숲,북서울꿈의숲,POI096,KEY_1,1080015500,오현로14길,1080005001,미아동 1-46,127.0350143207193696_37.6168346850441679,1080006102,공주능입구,127.0361318047046382_37.6185224922539447,238.0,15.0,서행,127.0361318047046382_37.6185224922539447|127.0361320240584178_37.6185223391783623|127.0361325857837045_37.6185151347067404|127.0359217561974532_37.6178583626048422|127.0358916952279742_37.6177435813682948|127.0355225275374238_37.6171509393017303|127.0352524323656667_37.6167425194599261|127.0352404895300253_37.6167352169135611|127.0352252421694317_37.6167339447655849|127.0350143207193696_37.6168346850441679
2026-09-04T13:22:12.125893+09:00,북서울꿈의숲,북서울꿈의숲,POI096,KEY_1,1080018800,월계로37길,1070039804,장월초등학교,127.0462802478580642_37.6221704051017340,1080007608,한진아파트,127.0448198705373954_37.6250619397698642,349.0,21.5,서행,127.0448198705373954_37.6250619397698642|127.0453450135076423_37.6243212278256181|127.0456012798674124_37.6239530578342141|127.0457084490999335_37.6237865698143992|127.0458936597036370_37.6233822610333704|127.0460292216023248_37.6230767528485188|127.0461048454251483_37.6228581131876467|127.0461799710472519_37.6225013577183987|127.0462802478580642_37.6221704051017340
2026-09-04T13:22:12.125893+09:00,북서울꿈의숲,북서울꿈의숲,POI096,KEY_1,1080018900,월계로37길,1080007607,한진아파트,127.0449382769235172_37.6251150462080020,1070039801,장월초등학교,127.0463893459632345_37.6222718031564298,343.0,18.0,서행,127.0463893459632345_37.6222718031564298|127.0463132410816485_37.6225229805389176|127.0462377569169377_37.6228814445038537|127.0461590058405363_37.6231091250770504|127.0460216130153981_37.6234187606445261|127.0458332841501630_37.6238298786935417|127.0457212714792377_37.6240038919443620|127.0454636802138850_37.6243739655881626|127.0449382769235172_37.6251150462080020
2026-09-04T13:22:12.125893+09:00,북서울꿈의숲,북서울꿈의숲,POI096,KEY_1,1080020100,오현로20길,1080008903,해모로아파트105동,127.0385479471585626_37.6265558089872272,1080008002,완성아파트,127.0371753798906269_37.6253812312944618,183.0,29.0,원활,127.0371753798906269_37.6253812312944618|127.0373865258954567_37.6254464105757265|127.0374723547953408_37.6254993073195436|127.0376130935286199_37.6256213246378124|127.0380278108809051_37.6261848950123294|127.0381864572136550_37.6263361879287004|127.0382783505832549_37.6264047223438922|127.0384625439472188_37.6265165208501031|127.0385479471585626_37.6265558089872272
2026-09-04T13:22:12.125893+09:00,북서울꿈의숲,북서울꿈의숲,POI096,KEY_1,1080021500,오현로20길,1080009303,아파트상가,127.0397069872915949_37.6269553768017602,1080008902,해모로아파트105동,127.0386566892210709_37.6265997184016427,101.0,29.0,원활,127.0386566892210709_37.6265997184016427|127.0391230076543820_37.6267655400595871|127.0397069872915949_37.6269553768017602
2026-09-04T13:22:12.125893+09:00,북서울꿈의숲,북서울꿈의숲,POI096,KEY_1,1080021701,월계로37길,1080185000,번동 256,127.0437488865762816_37.6280740361808839,1080011203,서울번동3행복주택아파트,127.0433601734675619_37.6284095497175457,51.0,19.0,서행,127.0433601734675619_37.6284095497175457|127.0437488865762816_37.6280740361808839
2026-09-04T13:22:12.125893+09:00,북서울꿈의숲,북서울꿈의숲,POI096,KEY_1,1080021702,월계로37길,1080007609,한진아파트,127.0447534824117497_37.6251483626267031,1080007604,번동256,127.0442817402998372_37.6257590785054745,80.0,9.0,정체,127.0442817402998372_37.6257590785054745|127.0444325615691952_37.6255389083081369|127.0447534824117497_37.6251483626267031
2026-09-04T13:22:12.125893+09:00,북서울꿈의숲,북서울꿈의숲,POI096,KEY_1,1080021802,월계로37길,1080011202,서울번동3행복주택아파트,127.0435150678661529_37.6284354077918337,1080007602,번동256,127.0443694314072616_37.6258666177173566,311.0,23.0,서행,127.0443694314072616_37.6258666177173566|127.0443210064716055_37.6259591777217111|127.0442363585700321_37.6261572535861575|127.0441698358856257_37.6263623268706837|127.0441476477345049_37.6264985778802554|127.0441476968119190_37.6265815559266841|127.0441477060896034_37.6265972422084900|127.0441549271426851_37.6267838635792202|127.0442426045886464_37.6276417934187677|127.0441796981021838_37.6278187878592476|127.0441054805433794_37.6279257969587420|127.0439308155152958_37.6280765589696458|127.0438488574726676_37.6281473007031764|127.0435150678661529_37.6284354077918337
2026-09-04T13:22:12.125893+09:00,북서울꿈의숲,북서울꿈의숲,POI096,KEY_1,1080022700,한천로109길,1080205800,번동 169-5,127.0406038520408316_37.6272645775239454,1080009302,아파트상가,127.0398425759986054_37.6270004561003049,73.0,19.5,서행,127.0398425759986054_37.6270004561003049|127.0406038520408316_37.6272645775239454
2026-09-04T13:22:12.125893+09:00,북서울꿈의숲,북서울꿈의숲,POI096,KEY_1,1080037600,한천로,1080011801,번동주공3단지,127.0441968074792385_37.6287098107447235,1080008701,번3동주민센터앞교차로,127.0474743171278078_37.6266650981888233,371.0,18.0,서행,127.0474743171278078_37.6266650981888233|127.0473273772282425_37.6268399554471671|127.0471539551732860_37.6270058848037934|127.0470082596104220_37.6271400052395038|127.0468653303486803_37.6272550342901226|127.0467033487024082_37.6273517590571771|127.0465136682868916_37.6274472079137112|127.0449742738199888_37.6282150406539841|127.0447102237135653_37.6283555849654192|127.0445296378400997_37.6284654564684047|127.0443468073827802_37.6285945736058807|127.0441968074792385_37.6287098107447235
2026-09-04T13:22:12.125893+09:00,북서울꿈의숲,북서울꿈의숲,POI096,KEY_1,1080037700,한천로,1080008704,번3동주민센터앞교차로,127.0473612995861998_37.6266050192641117,1080011802,번동주공3단지,127.0440770025255404_37.6286515288063796,372.0,27.0,원활,127.0440770025255404_37.6286515288063796|127.0442544133491793_37.6285152331962891|127.0444430935561684_37.6283819847763183|127.0446310435143857_37.6282676336174404|127.0449003424666614_37.6281242953268915|127.0464412148323277_37.6273557259509488|127.0466260753347996_37.6272627018670534|127.0467756922542719_37.6271733620880795|127.0469083712766576_37.6270665812472771|127.0470502458379514_37.6269359790077047|127.0472183028024773_37.6267751821665684|127.0473612995861998_37.6266050192641117
2026-09-04T13:22:12.125893+09:00,서대문독립공원,서대문독립공원,POI124,KEY_2,1000028700,성산로,1120012500,독립문역,126.9598919952445613_37.5726683351508157,1000012700,독립문역,126.9611444653343000_37.5725503641875491,112.0,15.5,서행,126.9611444653343000_37.5725503641875491|126.9607066158732351_37.5725771851431531|126.9605053374135792_37.5725942819316927|126.9602872862410976_37.5726132801422494|126.9598919952445613_37.5726683351508157
2026-09-04T13:22:12.125893+09:00,서대문독립공원,서대문독립공원,POI124,KEY_2,1000034200,인왕산로1길,1000076200,교북동 1-7,126.9598899542721853_37.5731367509671585,1120012707,교북동 1-60,126.9596212753678657_37.5729297550942007,33.0,17.0,서행,126.9596212753678657_37.5729297550942007|126.9598899542721853_37.5731367509671585
2026-09-04T13:22:12.125893+09:00,서대문독립공원,서대문독립공원,POI124,KEY_2,1120006306,성산로,1120011501,현저고가차도(서측),126.9564055171897365_37.5712262135133344,1120011603,천연동주민센터,126.9589920386933102_37.5715963344347088,235.0,31.0,원활,126.9589920386933102_37.5715963344347088|126.9588418305161497_37.5715312891664013|126.9585804741555108_37.5714391025418095|126.9581964015246740_37.5713462133195719|126.9577794178154164_37.5712872867076229|126.9573510374052887_37.5712592973826958|126.9569778939942495_37.5712591619903691|126.9566800510567504_37.5712701781272642|126.9564055171897365_37.5712262135133344
2026-09-04T13:22:12.125893+09:00,서대문독립공원,서대문독립공원,POI124,KEY_2,1120006307,성산로,1120011604,천연동주민센터,126.9591142539042607_37.5716512366634205,1120012100,독립문역,126.9594722825778490_37.5718407936715622,38.0,20.0,서행,126.9594722825778490_37.5718407936715622|126.9594015545951891_37.5717940176359022|126.9591142539042607_37.5716512366634205
2026-09-04T13:22:12.125893+09:00,서대문독립공원,서대문독립공원,POI124,KEY_2,1120006308,성산로,1120012100,독립문역,126.9594722825778490_37.5718407936715622,1120012203,독립문역앞교차로,126.9601372290005941_37.5722615337842427,75.0,21.0,서행,126.9601372290005941_37.5722615337842427|126.9599976215298227_37.5721965289232003|126.9598425469965548_37.5721000139446062|126.9596299905446699_37.5719450964404302|126.9594722825778490_37.5718407936715622
2026-09-04T13:22:12.125893+09:00,서대문독립공원,서대문독립공원,POI124,KEY_2,1120010501,통일로,1120012203,독립문역앞교차로,126.9601372290005941_37.5722615337842427,1120012400,독립문역,126.9597871733457453_37.5725995679923628,49.0,8.0,정체,126.9597871733457453_37.5725995679923628|126.9601372290005941_37.5722615337842427
2026-09-04T13:22:12.125893+09:00,서대문독립공원,서대문독립공원,POI124,KEY_2,1120010502,통일로,1120012400,독립문역,126.9597871733457453_37.5725995679923628,1120012708,속성변화점,126.9595164541550503_37.5728609870910404,38.0,12.0,정체,126.9595164541550503_37.5728609870910404|126.9597871733457453_37.5725995679923628
2026-09-04T13:22:12.125893+09:00,서대문독립공원,서대문독립공원,POI124,KEY_2,1120010506,통일로,1120012705,독립문역(서울3호선),126.9579658462730976_37.5743449827289950,1120013903,독립공원앞교차로,126.9555790578027086_37.5766017870186175,329.0,12.0,정체,126.9555790578027086_37.5766017870186175|126.9561293351889901_37.5759085045612906|126.9564620388117930_37.5755787259048049|126.9565401444808970_37.5755154687112665|126.9567073668758894_37.5753800360160213|126.9569882797126184_37.5751566604908760|126.9577170018074384_37.5745771878050121|126.9579658462730976_37.5743449827289950
2026-09-04T13:22:12.125893+09:00,서대문독립공원,서대문독립공원,POI124,KEY_2,1120010507,통일로,1120012708,속성변화점,126.9595164541550503_37.5728609870910404,1120012704,독립문역(서울3호선),126.9580541026481910_37.5742626271568128,202.0,9.0,정체,126.9580541026481910_37.5742626271568128|126.9590358815766677_37.5733464714259497|126.9594290243780108_37.5729477014797979|126.9595164541550503_37.5728609870910404
2026-09-04T13:22:12.125893+09:00,서대문독립공원,서대문독립공원,POI124,KEY_2,1120010601,통일로,1120012500,독립문역,126.9598919952445613_37.5726683351508157,1120012204,독립문역앞교차로,126.9602579800340010_37.5723149182673737,51.0,15.0,서행,126.9602579800340010_37.5723149182673737|126.9598919952445613_37.5726683351508157
2026-09-04T13:22:12.125893+09:00,서대문독립공원,서대문독립공원,POI124,KEY_2,1120010602,통일로,1120012707,교북동 1-60,126.9596212753678657_37.5729297550942007,1120012500,독립문역,126.9598919952445613_37.5726683351508157,38.0,32.0,원활,126.9598919952445613_37.5726683351508157|126.9596212753678657_37.5729297550942007
2026-09-04T13:22:12.125893+09:00,서대문독립공원,서대문독립공원,POI124,KEY_2,1120010604,통일로,1000257200,최소노드배치점,126.9539057118500125_37.5786303997887146,1120013901,독립공원앞교차로,126.9556245249943345_37.5767457736207788,259.0,28.0,원활,126.9556245249943345_37.5767457736207788|126.9551489155673636_37.5773280410429820|126.9549093920833513_37.5776154894823478|126.9546557954535757_37.5778855302154966|126.9541473648073406_37.5783904287776807|126.9539057118500125_37.5786303997887146
2026-09-04T13:22:12.125893+09:00,서대문독립공원,서대문독립공원,POI124,KEY_2,1120010606,통일로,1120012703,독립문역(서울3호선),126.9581574549469849_37.5743327902645845,1120012706,교북동 1-60,126.9595358909699172_37.5730144465589859,190.0,19.0,서행,126.9595358909699172_37.5730144465589859|126.9591410345318252_37.5734149537420734|126.9581574549469849_37.5743327902645845
2026-09-04T13:22:12.125893+09:00,서대문독립공원,서대문독립공원,POI124,KEY_2,1120010607,통일로,1000119100,무악동 23-1,126.9570842915398572_37.5752331470743286,1120012702,독립문역(서울3호선),126.9580691985351706_37.5744151460965483,126.0,19.5,서행,126.9580691985351706_37.5744151460965483|126.9578168421619324_37.5746506293590272|126.9570842915398572_37.5752331470743286
2026-09-04T13:22:12.125893+09:00,서대문독립공원,서대문독립공원,POI124,KEY_2,1120023400,성산로,1120133100,최소노드배치점,126.9598366501357134_37.5718758172089338,1120011502,현저고가차도(서측),126.9563974518914193_37.5711182938423818,326.0,49.7,원활,126.9563974518914193_37.5711182938423818|126.9569732092367929_37.5710969811519462|126.9573594328844166_37.5710971212840619|126.9578056187436772_37.5711262738220881|126.9582439986790519_37.5711882244444766|126.9586516350865395_37.5712868124550567|126.9589319433781753_37.5713856836947713|126.9591860523892421_37.5714957220573709|126.9595211664746586_37.5716622638495608|126.9597639789680130_37.5718228519238551|126.9598366501357134_37.5718758172089338
2026-09-04T13:22:12.125893+09:00,서대문독립공원,서대문독립공원,POI124,KEY_2,1120023500,성산로,1120133200,최소노드배치점,126.9597449148808010_37.5719555573752615,1000012901,현저고가차도(동측),126.9633524146951800_37.5724808358889888,335.0,54.7,원활,126.9633524146951800_37.5724808358889888|126.9617095115761174_37.5725130836377232|126.9614433829085272_37.5725190481019951|126.9611593490193826_37.5724975689775604|126.9610250437663410_37.5724782569360229|126.9607317559536881_37.5724161451600978|126.9604829199149805_37.5723426959069684|126.9602519572622015_37.5722523233523447|126.9600358602290555_37.5721517029554306|126.9598864664065303_37.5720587236592891|126.9597449148808010_37.5719555573752615
2026-09-04T13:22:12.125893+09:00,서대문독립공원,서대문독립공원,POI124,KEY_2,1120024400,성산로,1120012100,독립문역,126.9594722825778490_37.5718407936715622,1120012400,독립문역,126.9597871733457453_37.5725995679923628,96.0,24.0,서행,126.9597871733457453_37.5725995679923628|126.9598650241106839_37.5724304263712270|126.9598530933969300_37.5723388812228478|126.9598298321479604_37.5722545888308659|126.9597843500730932_37.5721744748884845|126.9596789916165847_37.5720504764494549|126.9594722825778490_37.5718407936715622
2026-09-04T13:22:12.125893+09:00,서대문독립공원,서대문독립공원,POI124,KEY_2,1120024500,독립문공원길,1120129600,현저동 201,126.9546811300403846_37.5729242749960406,1120012301,영천사,126.9542444825959251_37.5722557069659899,267.0,10.0,정체,126.9542444825959251_37.5722557069659899|126.9541959236536570_37.5725293608551780|126.9540692341526835_37.5726423828946423|126.9539689933889548_37.5726596871033820|126.9535014055933289_37.5724715112615968|126.9534713753641313_37.5724854864754150|126.9535139018201306_37.5725458951186724|126.9540071314573169_37.5731436966060457|126.9543564375057372_37.5732013597975296|126.9546143244217831_37.5729535072364556|126.9546811300403846_37.5729242749960406
2026-09-04T13:22:12.125893+09:00,서대문독립공원,서대문독립공원,POI124,KEY_2,1120024600,독립문공원길,1120127700,현저동 207,126.9584613630682384_37.5725913086818011,1120011604,천연동주민센터,126.9591142539042607_37.5716512366634205,122.0,21.0,서행,126.9591142539042607_37.5716512366634205|126.9587534985637518_37.5719486965718588|126.9586998577316734_37.5720442202347797|126.9586510614766581_37.5721632689824716|126.9584921924424492_37.5725508606870662|126.9584613630682384_37.5725913086818011
2026-09-04T13:22:12.125893+09:00,서대문독립공원,서대문독립공원,POI124,KEY_2,1120025400,통일로,1120123700,현저동 산5-5,126.9538792203245663_37.5758367131501885,1120013904,독립공원앞교차로,126.9555057512229013_37.5766928164609340,193.0,12.0,정체,126.9555057512229013_37.5766928164609340|126.9550631009589523_37.5764702194954907|126.9548438412759026_37.5763155062738718|126.9547989242144155_37.5762662167531829|126.9546818418207152_37.5761377365659754|126.9545222999205123_37.5759800318223895|126.9542865563592642_37.5757687431661012|126.9542000233208086_37.5757074645268077|126.9541606256270967_37.5757063292990381|126.9539610384382229_37.5758010939112310|126.9538792203245663_37.5758367131501885
2026-09-04T13:22:12.125893+09:00,서리풀공원·몽마르뜨공원,서리풀공원·몽마르뜨공원,POI098,KEY_3,1210013000,효령로,1210116600,방배동 912-14,126.9968735291208617_37.4812974085607777,1210020214,방배역사거리,126.9975688246299370_37.4815229789345921,66.0,18.0,서행,126.9975688246299370_37.4815229789345921|126.9968735291208617_37.4812974085607777
2026-09-04T13:22:12.125893+09:00,서리풀공원·몽마르뜨공원,서리풀공원·몽마르뜨공원,POI098,KEY_3,1210013802,효령로,1210020211,방배역사거리,126.9976970818997586_37.4815608386439507,1210020210,방배동912-14,126.9986117144692059_37.4816875991960146,82.0,8.0,정체,126.9986117144692059_37.4816875991960146|126.9979254416350898_37.4816198652729895|126.9976970818997586_37.4815608386439507
2026-09-04T13:22:12.125893+09:00,서리풀공원·몽마르뜨공원,서리풀공원·몽마르뜨공원,POI098,KEY_3,1210011800,방배로,1210220500,방배동 984-6,126.9979813526685035_37.4808992569514530,1210020213,방배역사거리,126.9976321710106788_37.4814267922410949,66.0,19.5,서행,126.9976321710106788_37.4814267922410949|126.9979813526685035_37.4808992569514530
2026-09-04T13:22:12.125893+09:00,서리풀공원·몽마르뜨공원,서리풀공원·몽마르뜨공원,POI098,KEY_3,1210013804,효령로,1210020207,방배동912-14,126.9987729537187846_37.4817035126215572,1210020206,히트뉴스,127.0021033700483883_37.4823525121120653,304.0,40.0,원활,127.0021033700483883_37.4823525121120653|127.0019789820658218_37.4823281364793388|127.0006152304751055_37.4819832792475296|127.0005760644728667_37.4819733749067581|126.9999519609822869_37.4818401558295520|126.9997531829779547_37.4818109750550832|126.9995303025066704_37.4817782555937811|126.9990236266257000_37.4817282521577440|126.9987729537187846_37.4817035126215572
2026-09-04T13:22:12.125893+09:00,서리풀공원·몽마르뜨공원,서리풀공원·몽마르뜨공원,POI098,KEY_3,1210013901,효령로,1210020208,속성변화점,126.9987896287997415_37.4815962116531907,1210020212,방배역사거리,126.9977611176580012_37.4814637244191644,92.0,22.0,서행,126.9977611176580012_37.4814637244191644|126.9979549762968531_37.4815138332533166|126.9986283898698503_37.4815802982075112|126.9987896287997415_37.4815962116531907
2026-09-04T13:22:12.125893+09:00,서리풀공원·몽마르뜨공원,서리풀공원·몽마르뜨공원,POI098,KEY_3,1210013903,효령로,1210107000,방배동 190-6,126.9990403013344888_37.4816209511821725,1210020208,속성변화점,126.9987896287997415_37.4815962116531907,22.0,31.0,원활,126.9987896287997415_37.4815962116531907|126.9990403013344888_37.4816209511821725
2026-09-04T13:22:12.125893+09:00,서리풀공원·몽마르뜨공원,서리풀공원·몽마르뜨공원,POI098,KEY_3,1210015701,방배로,1210022202,방림종합시장입구,126.9965746488741019_37.4832722606339175,1210020211,방배역사거리,126.9976970818997586_37.4815608386439507,214.0,30.0,원활,126.9976970818997586_37.4815608386439507|126.9974287991562960_37.4819699090163496|126.9965746488741019_37.4832722606339175
2026-09-04T13:22:12.125893+09:00,서리풀공원·몽마르뜨공원,서리풀공원·몽마르뜨공원,POI098,KEY_3,1210016801,명달로,1210301500,서초동 1748-65,127.0040712378758201_37.4861214996714267,1210028603,서초고교,127.0045599901543483_37.4894897290676354,376.0,21.0,서행,127.0045599901543483_37.4894897290676354|127.0044694535589827_37.4887105284551296|127.0044034359152647_37.4881423391787010|127.0043721260119014_37.4878728634567935|127.0043600663124010_37.4878014747472861|127.0043038817340602_37.4874688821740421|127.0042207570021446_37.4869768080502865|127.0041814813689456_37.4867443054972043|127.0040712378758201_37.4861214996714267
2026-09-04T13:22:12.125893+09:00,서리풀공원·몽마르뜨공원,서리풀공원·몽마르뜨공원,POI098,KEY_3,1210016802,명달로,1210028604,서초고교,127.0045472615645679_37.4895423108705330,1210029403,서울대법원,127.0042729402394457_37.4907812011270849,141.0,26.0,원활,127.0042729402394457_37.4907812011270849|127.0042578299780871_37.4906993551140530|127.0044513081535484_37.4897114138475729|127.0045472615645679_37.4895423108705330
2026-09-04T13:22:12.125893+09:00,서리풀공원·몽마르뜨공원,서리풀공원·몽마르뜨공원,POI098,KEY_3,1210016902,명달로,1210029402,서울대법원,127.0044176822525941_37.4908223180390152,1210028601,서초고교,127.0046686705387344_37.4895860520646877,140.0,15.0,서행,127.0046686705387344_37.4895860520646877|127.0045844225715683_37.4897329455442048|127.0043950687284422_37.4906998330283585|127.0044176822525941_37.4908223180390152
2026-09-04T13:22:12.125893+09:00,서리풀공원·몽마르뜨공원,서리풀공원·몽마르뜨공원,POI098,KEY_3,1210019701,서초대로,1210029808,대법원,127.0062399926017775_37.4913685615963885,1210029402,서울대법원,127.0044176822525941_37.4908223180390152,172.0,21.0,서행,127.0044176822525941_37.4908223180390152|127.0058052151424022_37.4912382388947023|127.0062399926017775_37.4913685615963885
2026-09-04T13:22:12.125893+09:00,서리풀공원·몽마르뜨공원,서리풀공원·몽마르뜨공원,POI098,KEY_3,1210020500,동광로,1210117000,서초동 산172-12,127.0030103162302169_37.4925896623930939,1210029401,서울대법원,127.0043931036492495_37.4909304675424409,224.0,23.3,서행,127.0043931036492495_37.4909304675424409|127.0039912247406590_37.4916747365461589|127.0038774070053051_37.4918057468107406|127.0038268966604562_37.4918514126061311|127.0030103162302169_37.4925896623930939
2026-09-04T13:22:12.125893+09:00,서리풀공원·몽마르뜨공원,서리풀공원·몽마르뜨공원,POI098,KEY_3,1210024802,사평대로,1210037304,서울성모병원앞교차로,127.0034296050644542_37.5022581526050445,1210038702,사평지하차도(동측),127.0064482891770155_37.5033692509684471,295.0,9.0,정체,127.0064482891770155_37.5033692509684471|127.0061744165954849_37.5033231250553598|127.0034296050644542_37.5022581526050445
2026-09-04T13:22:12.125893+09:00,서리풀공원·몽마르뜨공원,서리풀공원·몽마르뜨공원,POI098,KEY_3,1210024902,사평대로,1210038701,사평지하차도(동측),127.0065075748906480_37.5032719917048141,1210037301,서울성모병원앞교차로,127.0035524787514305_37.5020653054771742,294.0,15.7,서행,127.0035524787514305_37.5020653054771742|127.0062932548203207_37.5031287115020859|127.0065075748906480_37.5032719917048141
2026-09-04T13:22:12.125893+09:00,서리풀공원·몽마르뜨공원,서리풀공원·몽마르뜨공원,POI098,KEY_3,1210024903,사평대로,1210040603,삼호가든사거리,127.0096408508530459_37.5044807855888038,1210038701,사평지하차도(동측),127.0065075748906480_37.5032719917048141,308.0,9.0,정체,127.0065075748906480_37.5032719917048141|127.0096408508530459_37.5044807855888038
2026-09-04T13:22:12.125893+09:00,서리풀공원·몽마르뜨공원,서리풀공원·몽마르뜨공원,POI098,KEY_3,1210026002,신반포로,1210393600,잠원동 110,127.0031103815705364_37.5056962380394125,1210042704,고속터미널역앞교차로,127.0043174874553813_37.5060735942867041,115.0,15.0,서행,127.0043174874553813_37.5060735942867041|127.0039498594828302_37.5059586709413040|127.0035607575584038_37.5058370330399740|127.0031103815705364_37.5056962380394125
2026-09-04T13:22:12.125893+09:00,서리풀공원·몽마르뜨공원,서리풀공원·몽마르뜨공원,POI098,KEY_3,1210026102,신반포로,1210286400,반포동 128-4,127.0036103340112561_37.5057363840915414,1210041702,고속터미널사거리,127.0012498931297387_37.5049984469199771,224.0,18.7,서행,127.0012498931297387_37.5049984469199771|127.0018301415136932_37.5051798538655916|127.0031599584830957_37.5055955893836241|127.0036103340112561_37.5057363840915414
2026-09-04T13:22:12.125893+09:00,서리풀공원·몽마르뜨공원,서리풀공원·몽마르뜨공원,POI098,KEY_3,1210027501,신반포로23길,1210466500,잠원동 101,127.0042204769171548_37.5065757828190200,1210042701,고속터미널역앞교차로,127.0044442985191040_37.5061121193226654,55.0,15.0,서행,127.0044442985191040_37.5061121193226654|127.0042204769171548_37.5065757828190200
2026-09-04T13:22:12.125893+09:00,서리풀공원·몽마르뜨공원,서리풀공원·몽마르뜨공원,POI098,KEY_3,1210056500,사평대로,1210447300,최소노드배치점,127.0030994056385509_37.5020573549217744,1210038702,사평지하차도(동측),127.0064482891770155_37.5033692509684471,330.0,50.7,원활,127.0064482891770155_37.5033692509684471|127.0034140730417960_37.5021919946757052|127.0030994056385509_37.5020573549217744
2026-09-04T13:22:12.125893+09:00,서리풀공원·몽마르뜨공원,서리풀공원·몽마르뜨공원,POI098,KEY_3,1210157300,서초대로,1210078702,서리풀터널(서측),126.9989565881344191_37.4893248414787834,1210078802,서리풀터널(동측),127.0037916540739644_37.4907616821414749,456.0,35.0,원활,127.0037916540739644_37.4907616821414749|126.9989565881344191_37.4893248414787834
2026-09-04T13:22:12.125893+09:00,서리풀공원·몽마르뜨공원,서리풀공원·몽마르뜨공원,POI098,KEY_3,1210157400,서초대로,1210078801,서리풀터널(동측),127.0038377451869138_37.4906599963925231,1210078701,서리풀터널(서측),126.9990038846274132_37.4892235014730488,456.0,29.0,원활,126.9990038846274132_37.4892235014730488|127.0038377451869138_37.4906599963925231
2026-09-04T13:22:12.125893+09:00,서리풀공원·몽마르뜨공원,서리풀공원·몽마르뜨공원,POI098,KEY_3,1210157500,서초대로,1210078802,서리풀터널(동측),127.0037916540739644_37.4907616821414749,1210029404,서울대법원,127.0042652980036877_37.4908935921796171,44.0,50.0,원활,127.0042652980036877_37.4908935921796171|127.0037916540739644_37.4907616821414749
2026-09-04T13:22:12.125893+09:00,서리풀공원·몽마르뜨공원,서리풀공원·몽마르뜨공원,POI098,KEY_3,1210157600,서초대로,1210029403,서울대법원,127.0042729402394457_37.4907812011270849,1210078801,서리풀터널(동측),127.0038377451869138_37.4906599963925231,41.0,8.0,정체,127.0038377451869138_37.4906599963925231|127.0042729402394457_37.4907812011270849
2026-09-04T13:22:12.125893+09:00,서울대공원,서울대공원,POI100,KEY_4,2200003401,과천대로,2200066000,최소노드배치점,127.0029893781873085_37.4330879113692063,2200000807,과천시보훈회관,127.0016592458971445_37.4295384538219054,414.0,39.0,원활,127.0016592458971445_37.4295384538219054|127.0016656726336350_37.4295544944481264|127.0016808290951502_37.4295923378440207|127.0017085794528953_37.4296618689190268|127.0021328924420914_37.4305501492686545|127.0021330788781171_37.4305505249892576|127.0021332359380040_37.4305508998093970|127.0021334223739728_37.4305512746289963|127.0021335794338597_37.4305516494491215|127.0021337353639126_37.4305520251702859|127.0021338924237995_37.4305523999904111|127.0021340483547192_37.4305528063461566|127.0023788304229271_37.4311574000942855|127.0027959231863264_37.4319916187944770|127.0027961107579273_37.4319919629783513|127.0027962983306651_37.4319923377967854|127.0027964859033887_37.4319927126152265|127.0027966418397227_37.4319930874343996|127.0027968294124747_37.4319934622528478|127.0027969853488372_37.4319938379730388|127.0027971424150195_37.4319942127922047|127.0027972983513536_37.4319945876113849|127.0027974542876876_37.4319949624305721|127.0027976113538841_37.4319953372497309|127.0027977672902466_37.4319957129699219|127.0027978927200252_37.4319960877898197|127.0027980475264968_37.4319964626090496|127.0027981729574265_37.4319968680634929|127.0027983300236798_37.4319972437836626|127.0027984543235675_37.4319976186036101|127.0027985797533745_37.4319979934235079|127.0027987040532622_37.4319983682434199|127.0027988294842487_37.4319987745989167|127.0027989232776520_37.4319991503205713|127.0027990475775681_37.4319995251405189|127.0027991730085262_37.4319999314959873|127.0027992679317776_37.4320003063166240|127.0027993605963985_37.4320007117718561|127.0027994543898018_37.4320010874935178|127.0027995481843561_37.4320014938497465|127.0027996419777168_37.4320018686704117|127.0027997357711058_37.4320022434910555|127.0029223293061449_37.4325574306588109|127.0029224231020777_37.4325578379159438|127.0029224852613368_37.4325582442728049|127.0029225801870751_37.4325586497278593|127.0029226423463342_37.4325590560847274|127.0029227045043569_37.4325594309060250|127.0030011103725656_37.4330134628184865|127.0030011736624544_37.4330138682742302|127.0030012358212588_37.4330142430954709|127.0030012979813279_37.4330146503532930|127.0030013296344151_37.4330150567108575|127.0030013917944416_37.4330154621666438|127.0030014550843731_37.4330158685234053|127.0030014856075695_37.4330162748810125|127.0030015172606568_37.4330166812386125|127.0030015794206548_37.4330170866943917|127.0030016099438797_37.4330174939530096|127.0030016415969527_37.4330179003105883|127.0030016732500400_37.4330183066681599|127.0030016732649756_37.4330186805899601|127.0030017049180628_37.4330190869475246|127.0030017049342916_37.4330194933059133|127.0030017049505489_37.4330199005652986|127.0030017354737026_37.4330203060218878|127.0030017354899314_37.4330207123802836|127.0030017355061744_37.4330211187386581|127.0030017050154072_37.4330215250978142|127.0030017050316218_37.4330219305551708|127.0030017050478790_37.4330223378145632|127.0030017050641078_37.4330227441729519|127.0030016734434639_37.4330231505321223|127.0030016418228058_37.4330235559902889|127.0030016102021904_37.4330239623494805|127.0030015797114231_37.4330243687086366|127.0030015480907650_37.4330247741668103|127.0030015164701638_37.4330251814270056|127.0030014543425665_37.4330255877869504|127.0030014238518277_37.4330259941461136|127.0030013594644061_37.4330263996051116|127.0030013301035581_37.4330268059642250|127.0030012668460415_37.4330272123242196|127.0030012047172079_37.4330275880496259|127.0030011109527521_37.4330279944103808|127.0030010488250980_37.4330283998693290|127.0030009855676099_37.4330288062293022|127.0030009234399984_37.4330292125892683|127.0029893781873085_37.4330879113692063
2026-09-04T13:22:12.125893+09:00,서울대공원,서울대공원,POI100,KEY_4,2200021000,대공원대로,2200008501,대공원고가교(남측),127.0026171655613894_37.4373008081790388,2200008304,대공원역삼거리,127.0065499805299964_37.4358349906033609,388.0,47.0,원활,127.0065499805299964_37.4358349906033609|127.0064835174808309_37.4359041189738022|127.0063064858203035_37.4360422750141737|127.0050953603984993_37.4365122438352103|127.0046392981143981_37.4367083056359391|127.0042678612085325_37.4368524623347056|127.0036812359890774_37.4370492125447925|127.0026171655613894_37.4373008081790388
2026-09-04T13:22:12.125893+09:00,서울대공원,서울대공원,POI100,KEY_4,2200021100,대공원대로,2200008303,대공원역삼거리,127.0064877905878689_37.4357219553627161,2200008502,대공원고가교(남측),127.0025810450012074_37.4371966195773922,387.0,29.0,원활,127.0025810450012074_37.4371966195773922|127.0036355483765647_37.4369472442036866|127.0042118601151628_37.4367539310591511|127.0045774549838313_37.4366120876679318|127.0050334852050327_37.4364159936674312|127.0062273604819580_37.4359527443574649|127.0063817667330852_37.4358322441634499|127.0064877905878689_37.4357219553627161
2026-09-04T13:22:12.125893+09:00,서울대공원,서울대공원,POI100,KEY_4,2200021200,대공원광장로,2200054900,막계동 289,127.0068923472239391_37.4362228128070527,2200008301,대공원역삼거리,127.0066457822184702_37.4357353467557203,58.0,24.0,서행,127.0066457822184702_37.4357353467557203|127.0068923472239391_37.4362228128070527
2026-09-04T13:22:12.125893+09:00,서울대공원,서울대공원,POI100,KEY_4,2200021300,대공원광장로,2200008304,대공원역삼거리,127.0065499805299964_37.4358349906033609,2200008612,막계동255-3,127.0076509610287019_37.4376132209890429,220.0,19.0,서행,127.0076509610287019_37.4376132209890429|127.0076421735180645_37.4376027753600269|127.0068155789067674_37.4363600557792395|127.0067666120649790_37.4362632531393302|127.0065499805299964_37.4358349906033609
2026-09-04T13:22:12.125893+09:00,서울대공원,서울대공원,POI100,KEY_4,2200021500,대공원광장로,2200057700,막계동 326,127.0058355921950124_37.4347670361327189,2200008303,대공원역삼거리,127.0064877905878689_37.4357219553627161,121.0,25.0,원활,127.0064877905878689_37.4357219553627161|127.0058355921950124_37.4347670361327189
2026-09-04T13:22:12.125893+09:00,서울대공원,서울대공원,POI100,KEY_4,2200022600,대공원광장로,2200008902,국립과천과학관동주차장,127.0084574650786067_37.4387382391346932,2200008611,막계동255-3,127.0077634952381658_37.4375529084523322,146.0,24.0,서행,127.0077634952381658_37.4375529084523322|127.0080855172262488_37.4379349314084564|127.0084574650786067_37.4387382391346932
2026-09-04T13:22:12.125893+09:00,서울대공원,서울대공원,POI100,KEY_4,2200023200,대공원광장로,2200008804,부진입교,127.0088684476730663_37.4388146771083825,2200008902,국립과천과학관동주차장,127.0084574650786067_37.4387382391346932,44.0,18.0,서행,127.0084574650786067_37.4387382391346932|127.0086182979441531_37.4387072127582528|127.0088554238022596_37.4387826192372870|127.0088844548043880_37.4387800879082917|127.0088684476730663_37.4388146771083825
2026-09-04T13:22:12.125893+09:00,서울대공원,서울대공원,POI100,KEY_4,2200030300,과천대로,2200008502,대공원고가교(남측),127.0025810450012074_37.4371966195773922,2200001802,상아벌지하차도(남측),127.0014046720212946_37.4365631797303209,184.0,47.0,원활,127.0014046720212946_37.4365631797303209|127.0013062218505269_37.4370767111946634|127.0013184326599998_37.4371743937791948|127.0013460154439286_37.4372134696193584|127.0013899595908384_37.4372330013296022|127.0014828202305779_37.4372396334788959|127.0025810450012074_37.4371966195773922
2026-09-04T13:22:12.125893+09:00,서울대공원,서울대공원,POI100,KEY_4,2200040300,광명로,2200066800,최소노드배치점,127.0179262719529731_37.4318090801042729,2200026501,막계동579-1,127.0186725129336338_37.4295158870037881,352.0,34.0,원활,127.0186725129336338_37.4295158870037881|127.0184844257098433_37.4296161952381112|127.0184837592780127_37.4296165344177609|127.0173584939860945_37.4301892270314909|127.0173904526724442_37.4303596775883065|127.0173776032648050_37.4305909173157332|127.0172810825387302_37.4315158124468184|127.0179262719529731_37.4318090801042729
2026-09-04T13:22:12.125893+09:00,서울대공원,서울대공원,POI100,KEY_4,2200040400,광명로,2200064400,최소노드배치점,127.0128644829702154_37.4388265717598969,2200008802,부진입교,127.0091676506749963_37.4387479984704754,389.0,31.0,원활,127.0091676506749963_37.4387479984704754|127.0095977730109382_37.4388101026301854|127.0098898497513460_37.4389540229815125|127.0103395740317609_37.4390789472301933|127.0114255964999757_37.4396054988472713|127.0115608143817383_37.4395926219030173|127.0116696759749573_37.4395332460063344|127.0119056536387347_37.4391441081629992|127.0121150672391934_37.4390045051773370|127.0128644829702154_37.4388265717598969
2026-09-04T13:22:12.125893+09:00,서울숲공원,서울숲공원,POI101,KEY_1,1030000401,강변북로,1030006801,수도박물관,127.0427151925593137_37.5381098869044223,1030006601,성수동1가 496,127.0448610462769921_37.5375861963207313,198.0,64.0,원활,127.0448610462769921_37.5375861963207313|127.0445464268946125_37.5376608176332951|127.0435350724843744_37.5379014546380390|127.0429376144479932_37.5380399480896116|127.0427151925593137_37.5381098869044223
2026-09-04T13:22:12.125893+09:00,서울숲공원,서울숲공원,POI101,KEY_1,1030000500,강변북로,1030006500,강변동양아파트,127.0457199441466400_37.5371614419992170,1030007400,민들레,127.0411070650829117_37.5384294612663183,432.0,72.8,원활,127.0411070650829117_37.5384294612663183|127.0419474702915181_37.5381286569360313|127.0426750556077735_37.5379108794709282|127.0448120293160486_37.5373944724523483|127.0457199441466400_37.5371614419992170
2026-09-04T13:22:12.125893+09:00,서울숲공원,서울숲공원,POI101,KEY_1,1030000601,강변북로,1030007300,성수동1가701-1,127.0389959168127234_37.5393979946672758,1030007000,한강공원이촌지구입구,127.0411526317783455_37.5386310153525642,209.0,64.5,원활,127.0411526317783455_37.5386310153525642|127.0408998925125275_37.5387228934488917|127.0396375215554201_37.5391685549233358|127.0389959168127234_37.5393979946672758
2026-09-04T13:22:12.125893+09:00,서울숲공원,서울숲공원,POI101,KEY_1,1030000602,강변북로,1030007000,한강공원이촌지구입구,127.0411526317783455_37.5386310153525642,1030006801,수도박물관,127.0427151925593137_37.5381098869044223,150.0,53.0,원활,127.0427151925593137_37.5381098869044223|127.0422729834904203_37.5382370690409317|127.0418136435815057_37.5383907125557883|127.0411526317783455_37.5386310153525642
2026-09-04T13:22:12.125893+09:00,서울숲공원,서울숲공원,POI101,KEY_1,1030000700,강변북로,1030007400,민들레,127.0411070650829117_37.5384294612663183,1030009300,성수동1가695-1,127.0344033964930475_37.5407497451442893,646.0,73.3,원활,127.0344033964930475_37.5407497451442893|127.0353746709002962_37.5403924198628545|127.0361849511012196_37.5401273119134729|127.0382706512017421_37.5394438838092270|127.0400565032718703_37.5388129095392387|127.0411070650829117_37.5384294612663183
2026-09-04T13:22:12.125893+09:00,서울숲공원,서울숲공원,POI101,KEY_1,1030000800,강변북로,1030010300,옥수동492,127.0318062526681047_37.5420723308692246,1030007300,성수동1가701-1,127.0389959168127234_37.5393979946672758,701.0,76.0,원활,127.0389959168127234_37.5393979946672758|127.0385781455044309_37.5395473870466105|127.0355740478927515_37.5406900926766909|127.0332856937590549_37.5415329045588777|127.0318062526681047_37.5420723308692246
2026-09-04T13:22:12.125893+09:00,서울숲공원,서울숲공원,POI101,KEY_1,1030000901,강변북로,1030011200,동부간선도로입구,127.0297847949010190_37.5425055540992219,1030036500,두모교,127.0262150453302326_37.5435433933201281,337.0,60.7,원활,127.0262150453302326_37.5435433933201281|127.0275035061907545_37.5433072906735745|127.0281111196451320_37.5431308580303877|127.0286140564713833_37.5429301558187731|127.0297847949010190_37.5425055540992219
2026-09-04T13:22:12.125893+09:00,서울숲공원,서울숲공원,POI101,KEY_1,1030000902,강변북로,1030009300,성수동1가695-1,127.0344033964930475_37.5407497451442893,1030036500,두모교,127.0262150453302326_37.5435433933201281,793.0,72.7,원활,127.0262150453302326_37.5435433933201281|127.0263420859732406_37.5435433650486843|127.0265935686574750_37.5435290053148734|127.0269483352357156_37.5434967420871502|127.0273165646364504_37.5434394440140906|127.0276398803257933_37.5433678519471172|127.0280215633972176_37.5432640623576859|127.0283852777987619_37.5431459724865420|127.0294407958222678_37.5427610413079833|127.0303968691536340_37.5423981188109366|127.0313562320281875_37.5419902214887315|127.0327211793242839_37.5414272507229754|127.0337209293278136_37.5410121707927402|127.0344033964930475_37.5407497451442893
2026-09-04T13:22:12.125893+09:00,서울숲공원,서울숲공원,POI101,KEY_1,1030001001,강변북로,1030011700,성수JC,127.0277034763174839_37.5435314558420359,1030010300,옥수동492,127.0318062526681047_37.5420723308692246,397.0,71.0,원활,127.0318062526681047_37.5420723308692246|127.0317011292671481_37.5421106588302322|127.0295362283649325_37.5429145153627459|127.0284706664303940_37.5433031231814809|127.0280969564901881_37.5434244583883654|127.0277034763174839_37.5435314558420359
2026-09-04T13:22:12.125893+09:00,서울숲공원,서울숲공원,POI101,KEY_1,1030005102,강변북로,1030009100,성수대교(북측),127.0337769617486003_37.5407132030334907,1030008900,성수대교(북측),127.0366204592998116_37.5407494361191212,391.0,51.5,원활,127.0366204592998116_37.5407494361191212|127.0362736400008146_37.5408947419886374|127.0359854860295883_37.5409973504146777|127.0348150285060029_37.5413862430326475|127.0344457187267864_37.5415350316108203|127.0342926666647259_37.5415845095064356|127.0341217331513661_37.5416196079110733|127.0339644542110022_37.5416261422525039|127.0338253465951937_37.5416005523428069|127.0337267360757068_37.5415643900919491|127.0336371775573099_37.5415175321155274|127.0335746407953366_37.5414600490100838|127.0335121717437517_37.5413918349446547|127.0334722300060122_37.5413129772588476|127.0334503034915912_37.5412270371034751|127.0334463233892848_37.5411447445142770|127.0334693648077575_37.5410518268865303|127.0335194276366479_37.5409482842039708|127.0335873025506146_37.5408698527050149|127.0336957647755582_37.5407665410948184|127.0337769617486003_37.5407132030334907
2026-09-04T13:22:12.125893+09:00,서울숲공원,서울숲공원,POI101,KEY_1,1030001300,동부간선도로,1030009300,성수동1가695-1,127.0344033964930475_37.5407497451442893,1030036600,성수JC,127.0323619427774275_37.5449326440640903,989.0,50.0,원활,127.0323619427774275_37.5449326440640903|127.0322744211834163_37.5448697440340950|127.0313534821279120_37.5441619743014670|127.0302711561675579_37.5434045468581559|127.0292213225685600_37.5426813636680023|127.0291244493513432_37.5425946961241763|127.0290404411798164_37.5424856354964689|127.0289683965850429_37.5423433772447765|127.0289492441156938_37.5422172789344444|127.0289589663725280_37.5420771666000306|127.0290406841672421_37.5418664180243553|127.0291345094840949_37.5417562440955805|127.0292528012461872_37.5416541396924401|127.0293644662197465_37.5416032937911552|127.0294966916302428_37.5415774733236560|127.0296598992147494_37.5415688441143018|127.0297956329881259_37.5415905366518103|127.0299660142581786_37.5416436813546142|127.0302080506025959_37.5417328835311892|127.0303749985669413_37.5417866745375051|127.0305860820734409_37.5418295301635538|127.0307702075141520_37.5418402096315589|127.0309812692028117_37.5418294271438810|127.0312192598502747_37.5417828782866607|127.0313943777152161_37.5417327696135601|127.0315829533341940_37.5416468991060341|127.0318164273072910_37.5415395607010254|127.0321621433381978_37.5413749778313246|127.0323237815666886_37.5413105689769679|127.0325033866125892_37.5412533061920328|127.0326695215194945_37.5412031980960634|127.0329883271511591_37.5411244404720108|127.0333789797064696_37.5410349343961087|127.0344033964930475_37.5407497451442893
2026-09-04T13:22:12.125893+09:00,서울숲공원,서울숲공원,POI101,KEY_1,1030001401,동부간선도로,1030012000,성수JC,127.0314731932145378_37.5440534747483454,1030011200,동부간선도로입구,127.0297847949010190_37.5425055540992219,513.0,49.7,서행,127.0297847949010190_37.5425055540992219|127.0299878534914342_37.5423632727119809|127.0301011000793920_37.5422146708626414|127.0301245340403682_37.5420597506111804|127.0301028206364720_37.5419404223460518|127.0300361833235030_37.5418209153987874|127.0299243595096925_37.5417429631655111|127.0297973367850091_37.5417007230823003|127.0296688991218446_37.5416767672049758|127.0295175256817117_37.5416847708783266|127.0294153409281535_37.5417047255893195|127.0293384278699591_37.5417397467600580|127.0292412353666265_37.5418236404248020|127.0291644895328034_37.5419137566701835|127.0290936747369557_37.5420963887518155|127.0290855325617230_37.5422137414567914|127.0291010924953383_37.5423161911923629|127.0291621710753986_37.5424367947448658|127.0292339344424875_37.5425299601811346|127.0293168984713077_37.5426041828799129|127.0314731932145378_37.5440534747483454
2026-09-04T13:22:12.125893+09:00,서울숲공원,서울숲공원,POI101,KEY_1,1030001402,동부간선도로,1030018800,뚝섬유수지체육공원,127.0382875770396396_37.5497896869035088,1030012000,성수JC,127.0314731932145378_37.5440534747483454,879.0,70.0,원활,127.0314731932145378_37.5440534747483454|127.0321620057514167_37.5445396044308666|127.0329047457750846_37.5450876965753437|127.0335516609834627_37.5455738297302162|127.0341566432096130_37.5460027579968809|127.0347257052412289_37.5464364617868753|127.0353187467665066_37.5469130648032845|127.0359178026335627_37.5474278067572769|127.0363491413191213_37.5478281687294952|127.0373556589110393_37.5488433954447274|127.0381644948249260_37.5496727329993192|127.0382875770396396_37.5497896869035088
2026-09-04T13:22:12.125893+09:00,서울숲공원,서울숲공원,POI101,KEY_1,1030001901,동부간선도로,1030036600,성수JC,127.0323619427774275_37.5449326440640903,1030014900,성수동1가685-31,127.0343613336856379_37.5465066021287299,249.0,62.0,원활,127.0343613336856379_37.5465066021287299|127.0334694196474317_37.5457812522501087|127.0326922104666920_37.5451699997149859|127.0323619427774275_37.5449326440640903
2026-09-04T13:22:12.125893+09:00,서울숲공원,서울숲공원,POI101,KEY_1,1030003503,성덕정길,1030001308,미러드스피어갤러리,127.0464519405476977_37.5391950904684464,1030008602,뚝도아리수정수센터,127.0438952129735242_37.5400817035135219,247.0,20.0,서행,127.0438952129735242_37.5400817035135219|127.0442789728588338_37.5399443264311756|127.0451914269481790_37.5396455830965792|127.0455079029676710_37.5395158662262887|127.0459034895997235_37.5393691667486706|127.0460520754789684_37.5393140646203705|127.0464519405476977_37.5391950904684464
2026-09-04T13:22:12.125893+09:00,서울숲공원,서울숲공원,POI101,KEY_1,1030004700,왕십리로,1030080900,성수동1가 685-235,127.0438119803910837_37.5405714958717525,1030010203,서울숲입구교차로,127.0441621562491576_37.5418224578429118,142.0,17.8,서행,127.0441621562491576_37.5418224578429118|127.0440725821409558_37.5415338454959340|127.0438641961902988_37.5408624063888681|127.0438595359219391_37.5408415890386138|127.0438248603938689_37.5406866935925194|127.0438119803910837_37.5405714958717525
2026-09-04T13:22:12.125893+09:00,서울숲공원,서울숲공원,POI101,KEY_1,1030004802,왕십리로,1030128800,성수동1가 685-235,127.0439932105147278_37.5408226145050463,1030008601,뚝도아리수정수센터,127.0439063438414848_37.5401962621521079,70.0,9.0,정체,127.0439063438414848_37.5401962621521079|127.0439472262407605_37.5405619077732950|127.0439595786689608_37.5406723851967925|127.0439932105147278_37.5408226145050463
2026-09-04T13:22:12.125893+09:00,서울숲공원,서울숲공원,POI101,KEY_1,1030004901,뚝섬로,1030009204,성수동1가656-277,127.0457205785411929_37.5413201683959912,1030010202,서울숲입구교차로,127.0442908325642293_37.5417863962982779,137.0,10.0,정체,127.0442908325642293_37.5417863962982779|127.0457170505857789_37.5413212981805557|127.0457205785411929_37.5413201683959912
2026-09-04T13:22:12.125893+09:00,서울숲공원,서울숲공원,POI101,KEY_1,1030005002,뚝섬로,1030010201,서울숲입구교차로,127.0443227134553865_37.5418928353680030,1030009205,성수동1가656-277,127.0457712426725436_37.5414204802605198,138.0,9.0,정체,127.0457712426725436_37.5414204802605198|127.0457681139552193_37.5414214821839067|127.0443227134553865_37.5418928353680030
2026-09-04T13:22:12.125893+09:00,서울숲공원,서울숲공원,POI101,KEY_1,1030005101,강변북로,1030008900,성수대교(북측),127.0366204592998116_37.5407494361191212,1030007300,성수동1가701-1,127.0389959168127234_37.5393979946672758,259.0,63.0,원활,127.0389959168127234_37.5393979946672758|127.0380812312561005_37.5399037731009955|127.0374764356561315_37.5403592941123279|127.0371608666084597_37.5405369205504513|127.0368725612304388_37.5406645708815390|127.0366204592998116_37.5407494361191212
2026-09-04T13:22:12.125893+09:00,서울숲공원,서울숲공원,POI101,KEY_1,1030005200,강변북로,1030009800,성수대교(북측),127.0339243946623640_37.5414459285932267,1030008900,성수대교(북측),127.0366204592998116_37.5407494361191212,250.0,66.7,원활,127.0366204592998116_37.5407494361191212|127.0339243946623640_37.5414459285932267
2026-09-04T13:22:12.125893+09:00,서울숲공원,서울숲공원,POI101,KEY_1,1030006301,고산자로,1030000502,성수대교북측(북측),127.0354766600117671_37.5405116623693331,1030011900,성수대교,127.0360005462618460_37.5434631051802086,331.0,43.5,원활,127.0360005462618460_37.5434631051802086|127.0356397284671885_37.5414859989735703|127.0354766600117671_37.5405116623693331
2026-09-04T13:22:12.125893+09:00,서울숲공원,서울숲공원,POI101,KEY_1,1030006302,고산자로,1030011900,성수대교,127.0360005462618460_37.5434631051802086,1030012303,성수대교북단교차로,127.0360826391629558_37.5439129163279333,50.0,42.0,원활,127.0360826391629558_37.5439129163279333|127.0360005462618460_37.5434631051802086
2026-09-04T13:22:12.125893+09:00,서울숲공원,서울숲공원,POI101,KEY_1,1030006303,고산자로,1030012304,성수대교북단교차로,127.0361107182000069_37.5440214432186963,1030012900,성수대교,127.0363032638533412_37.5446862650665025,76.0,11.0,정체,127.0363032638533412_37.5446862650665025|127.0362387402871747_37.5444355836425174|127.0361107182000069_37.5440214432186963
2026-09-04T13:22:12.125893+09:00,서울숲공원,서울숲공원,POI101,KEY_1,1030006401,고산자로,1030011800,성수대교,127.0361349219139697_37.5434475561346019,1030000501,성수대교북측(북측),127.0356112502638837_37.5404973798243304,331.0,8.0,정체,127.0356112502638837_37.5404973798243304|127.0357742152324789_37.5414710828022180|127.0361349219139697_37.5434475561346019
2026-09-04T13:22:12.125893+09:00,서울숲공원,서울숲공원,POI101,KEY_1,1030006402,고산자로,1030012302,성수대교북단교차로,127.0362119535135861_37.5438696362694699,1030011800,성수대교,127.0361349219139697_37.5434475561346019,47.0,9.0,정체,127.0361349219139697_37.5434475561346019|127.0362119535135861_37.5438696362694699
2026-09-04T13:22:12.125893+09:00,서울숲공원,서울숲공원,POI101,KEY_1,1030006403,고산자로,1030012800,성수대교,127.0364370496948396_37.5446681209833670,1030012301,성수대교북단교차로,127.0362371882276165_37.5439781927615286,79.0,36.7,원활,127.0362371882276165_37.5439781927615286|127.0363712284441391_37.5444117997759790|127.0364370496948396_37.5446681209833670
2026-09-04T13:22:12.125893+09:00,서울숲공원,서울숲공원,POI101,KEY_1,1030007301,왕십리로,1030140700,성수동1가 656-924,127.0446136093396774_37.5433513872624047,1030014103,서울숲역4번출구,127.0448437340704970_37.5450473472375776,191.0,9.0,정체,127.0448437340704970_37.5450473472375776|127.0448761766708117_37.5448861908370617|127.0448854061282731_37.5447527583577454|127.0448876560694202_37.5446344887410604|127.0448869911702872_37.5446282772486981|127.0448761719551953_37.5445272039189746|127.0448509665354777_37.5444162085853108|127.0447937498153124_37.5442608259489319|127.0447494222051290_37.5441004009097696|127.0447271040391684_37.5439661327797438|127.0446626140563637_37.5435781523824801|127.0446453492180865_37.5434904437053589|127.0446270842971757_37.5433976541887731|127.0446136093396774_37.5433513872624047
2026-09-04T13:22:12.125893+09:00,서울숲공원,서울숲공원,POI101,KEY_1,1030007401,왕십리로,1030108300,성수동1가 656-924,127.0445405976371944_37.5426578631228907,1030010201,서울숲입구교차로,127.0443227134553865_37.5418928353680030,87.0,17.0,서행,127.0443227134553865_37.5418928353680030|127.0445405976371944_37.5426578631228907
2026-09-04T13:22:12.125893+09:00,서울숲공원,서울숲공원,POI101,KEY_1,1030007702,광나루로,1030013800,용비교앞,127.0333325548071599_37.5450050369533841,1030015000,성수동1가685-366,127.0347281610465444_37.5457320230783580,149.0,36.0,원활,127.0347281610465444_37.5457320230783580|127.0345634495914453_37.5456389612574384|127.0339308281616155_37.5452976975982509|127.0338163721421125_37.5452323683480316|127.0337417705139984_37.5451771052804588|127.0335982894965667_37.5450806500806493|127.0334629512231004_37.5450262429314208|127.0333325548071599_37.5450050369533841
2026-09-04T13:22:12.125893+09:00,서울숲공원,서울숲공원,POI101,KEY_1,1030007803,광나루로,1030015700,응봉교앞,127.0362287011718365_37.5468934194515498,1030013200,뚝섬역앞,127.0340021665685128_37.5447699627491218,335.0,17.0,서행,127.0340021665685128_37.5447699627491218|127.0339119478859402_37.5448533482408919|127.0338390853927564_37.5449373945285672|127.0338227918287686_37.5450024693594102|127.0338138824460401_37.5450640218691802|127.0338381578220464_37.5451008315442252|127.0339025242840307_37.5451485128795497|127.0340084810208623_37.5452089899118064|127.0346408315383542_37.5455501072778191|127.0348067426888434_37.5456438452889145|127.0350260021663757_37.5457746884153849|127.0356313917589119_37.5462775440664771|127.0361171498495167_37.5467784023693270|127.0362287011718365_37.5468934194515498
2026-09-04T13:22:12.125893+09:00,서울숲공원,서울숲공원,POI101,KEY_1,1030007903,뚝섬로,1030153700,최소노드배치점,127.0298541325279302_37.5461734938040195,1030013800,용비교앞,127.0333325548071599_37.5450050369533841,334.0,41.0,원활,127.0333325548071599_37.5450050369533841|127.0320878634865949_37.5454301821306089|127.0301483584728004_37.5461118314372300|127.0298548174119588_37.5461734181233169|127.0298541325279302_37.5461734938040195
2026-09-04T13:22:12.125893+09:00,서울숲공원,서울숲공원,POI101,KEY_1,1030007904,뚝섬로,1030013800,용비교앞,127.0333325548071599_37.5450050369533841,1030013401,서울숲입구,127.0336259699339791_37.5449020311093804,28.0,37.0,원활,127.0336259699339791_37.5449020311093804|127.0333325548071599_37.5450050369533841
2026-09-04T13:22:12.125893+09:00,서울숲공원,서울숲공원,POI101,KEY_1,1030008004,뚝섬로,1030013402,서울숲입구,127.0335712621943571_37.5448039853446431,1030014600,강변북로분기점,127.0320336805205699_37.5453310445884938,148.0,11.0,정체,127.0320336805205699_37.5453310445884938|127.0335605592246537_37.5448077968026155|127.0335712621943571_37.5448039853446431
2026-09-04T13:22:12.125893+09:00,서울숲공원,서울숲공원,POI101,KEY_1,1030008201,고산자로,1030015200,응봉지하차도,127.0366128449075376_37.5457210264910088,1030012800,성수대교,127.0364370496948396_37.5446681209833670,118.0,45.0,원활,127.0364370496948396_37.5446681209833670|127.0366128449075376_37.5457210264910088
2026-09-04T13:22:12.125893+09:00,서울숲공원,서울숲공원,POI101,KEY_1,1030008202,고산자로,1030015902,응봉교앞교차로,127.0366620598710057_37.5470907469341526,1030015200,응봉지하차도,127.0366128449075376_37.5457210264910088,155.0,35.3,원활,127.0366128449075376_37.5457210264910088|127.0367779996532391_37.5467407889137164|127.0367656344953389_37.5469133007197087|127.0367066612591316_37.5470409050150522|127.0366620598710057_37.5470907469341526
2026-09-04T13:22:12.125893+09:00,서울숲공원,서울숲공원,POI101,KEY_1,1030009300,서울숲길,1030076300,성수동1가 676-8,127.0399213370954214_37.5479548333834785,1030018200,응봉지하차도,127.0374624651740305_37.5484417432670767,239.0,12.0,정체,127.0374624651740305_37.5484417432670767|127.0376197668948919_37.5485990148293283|127.0377691938879821_37.5486030666717809|127.0379335176127427_37.5485712655074408|127.0381567590147682_37.5484853004769974|127.0383340384476725_37.5484272268524180|127.0392064844063640_37.5481559010921799|127.0393057439895301_37.5481250313893327|127.0399213370954214_37.5479548333834785
2026-09-04T13:22:12.125893+09:00,서울숲공원,서울숲공원,POI101,KEY_1,1030009502,광나루로,1030015901,응봉교앞교차로,127.0366152887005171_37.5472219483610559,1030003300,성수동1가685-682,127.0377144991523579_37.5489181795884193,214.0,10.0,정체,127.0377144991523579_37.5489181795884193|127.0375766079558133_37.5487776911937914|127.0374329612102429_37.5486111232519235|127.0373464606487204_37.5484979491716757|127.0372495867620586_37.5483712020506317|127.0370899670532054_37.5481557307054956|127.0369658436303979_37.5479582707073689|127.0368520299556110_37.5478161520716753|127.0366852607440364_37.5473419561078501|127.0366152887005171_37.5472219483610559
2026-09-04T13:22:12.125893+09:00,서울숲공원,서울숲공원,POI101,KEY_1,1030009601,광나루로,1030016401,응봉교교차로,127.0369747496989561_37.5477727654258828,1030015902,응봉교앞교차로,127.0366620598710057_37.5470907469341526,81.0,32.0,원활,127.0366620598710057_37.5470907469341526|127.0367310816394308_37.5471637738456607|127.0368132004219177_37.5473046122355285|127.0369747496989561_37.5477727654258828
2026-09-04T13:22:12.125893+09:00,서울숲공원,서울숲공원,POI101,KEY_1,1030009602,광나루로,1030018200,응봉지하차도,127.0374624651740305_37.5484417432670767,1030016401,응봉교교차로,127.0369747496989561_37.5477727654258828,86.0,45.0,원활,127.0369747496989561_37.5477727654258828|127.0370841269440092_37.5479048674630818|127.0372093083618381_37.5481040100708015|127.0373660769487429_37.5483156321913540|127.0374624651740305_37.5484417432670767
2026-09-04T13:22:12.125893+09:00,서울숲공원,서울숲공원,POI101,KEY_1,1030009603,광나루로,1030018600,응봉지하차도,127.0379861625013405_37.5489978732287639,1030018200,응봉지하차도,127.0374624651740305_37.5484417432670767,77.0,23.0,서행,127.0374624651740305_37.5484417432670767|127.0375470226948380_37.5485523752630357|127.0376861857009629_37.5487137421328967|127.0378185869667504_37.5488488351778074|127.0379861625013405_37.5489978732287639
2026-09-04T13:22:12.125893+09:00,서울숲공원,서울숲공원,POI101,KEY_1,1030011501,광나루로,1030174400,최소노드배치점,127.0398169960489128_37.5505495317001561,1030020300,성수동1가672-3,127.0424916727474027_37.5515155229991748,260.0,45.0,원활,127.0424916727474027_37.5515155229991748|127.0423272436774056_37.5514771040283861|127.0419434266120362_37.5513458747840048|127.0406151306876978_37.5508917096208847|127.0405116801708232_37.5508515661850097|127.0401146984400640_37.5506975182419964|127.0398336311208141_37.5505594903515316|127.0398169960489128_37.5505495317001561
2026-09-04T13:22:12.125893+09:00,서울숲공원,서울숲공원,POI101,KEY_1,1030011600,광나루로,1030092500,성수동1가 685-682,127.0383955604428934_37.5493625191709341,1030018600,응봉지하차도,127.0379861625013405_37.5489978732287639,54.0,23.3,서행,127.0379861625013405_37.5489978732287639|127.0382859447694699_37.5492644909027860|127.0383955604428934_37.5493625191709341
2026-09-04T13:22:12.125893+09:00,서울숲공원,서울숲공원,POI101,KEY_1,1030022500,강변북로,1030006500,강변동양아파트,127.0457199441466400_37.5371614419992170,1030008200,성수동1가689-15,127.0386116957061802_37.5399100186691754,732.0,37.0,서행,127.0386116957061802_37.5399100186691754|127.0388094671413626_37.5398929051167940|127.0389980988206418_37.5399007961000279|127.0391732543634902_37.5399086344900752|127.0393260579287897_37.5398984988097268|127.0394565554318120_37.5398632351905448|127.0396188712205685_37.5397672820113897|127.0397092230287228_37.5396853579724663|127.0398132934763566_37.5395641366282575|127.0402208488266780_37.5390362908951474|127.0404468884075158_37.5388046494535104|127.0412228387984328_37.5382710782329667|127.0415022100986846_37.5381326507174720|127.0418939270202827_37.5379875036210677|127.0424249449393841_37.5378357405717580|127.0429738849922785_37.5376911991380950|127.0434372105982987_37.5375892508277289|127.0439229523194200_37.5374945418114123|127.0443443046295755_37.5373995828899609|127.0447580464581847_37.5373248636183803|127.0457199441466400_37.5371614419992170
2026-09-04T13:22:12.125893+09:00,서울숲공원,서울숲공원,POI101,KEY_1,1030023000,강변북로,1030008700,성수동1가685-717,127.0387034330841232_37.5403324927363400,1030007000,한강공원이촌지구입구,127.0411526317783455_37.5386310153525642,296.0,42.3,서행,127.0411526317783455_37.5386310153525642|127.0407533818060841_37.5388833491545242|127.0405051750272207_37.5390672079383378|127.0403168625084618_37.5392512998438548|127.0401282578067139_37.5394830868806224|127.0399244787430320_37.5397470102002941|127.0397481798608510_37.5399251856554201|127.0395181272781286_37.5400781102996177|127.0392477741095405_37.5402094139839022|127.0390542301361450_37.5402694721315768|127.0388742738886378_37.5403116965031529|127.0387034330841232_37.5403324927363400
2026-09-04T13:22:12.125893+09:00,서울숲공원,서울숲공원,POI101,KEY_1,1030023100,강변북로,1030007400,민들레,127.0411070650829117_37.5384294612663183,1030007800,성수대교(북측),127.0368534360828363_37.5396408057627795,400.0,62.3,원활,127.0368534360828363_37.5396408057627795|127.0371121663615810_37.5395732560513053|127.0376707307637503_37.5394502404493267|127.0379819235674006_37.5393739513036451|127.0383382043887082_37.5392710086407959|127.0391560042913142_37.5389969660262821|127.0399475014373252_37.5387377201589345|127.0404688029044422_37.5385847357400735|127.0411070650829117_37.5384294612663183
2026-09-04T13:22:12.125893+09:00,서울숲공원,서울숲공원,POI101,KEY_1,1030023200,강변북로,1030007800,성수대교(북측),127.0368534360828363_37.5396408057627795,1030007600,성수대교북측(남측),127.0353856054661748_37.5391491203814596,172.0,41.3,서행,127.0353856054661748_37.5391491203814596|127.0354519301494349_37.5392596892391666|127.0355294539751867_37.5394358763245677|127.0356147237740174_37.5395703582316855|127.0356778466900352_37.5396540754166210|127.0357710106925424_37.5397230061694600|127.0358755720474022_37.5397651511611272|127.0359727566045080_37.5397893819223896|127.0360513720212055_37.5397896904171802|127.0361712028036294_37.5397841991194525|127.0363398484315809_37.5397550513494167|127.0368534360828363_37.5396408057627795
2026-09-04T13:22:12.125893+09:00,서울숲공원,서울숲공원,POI101,KEY_1,1030023800,언주로,1030000501,성수대교북측(북측),127.0356112502638837_37.5404973798243304,1030007600,성수대교북측(남측),127.0353856054661748_37.5391491203814596,151.0,28.0,원활,127.0353856054661748_37.5391491203814596|127.0356112502638837_37.5404973798243304
2026-09-04T13:22:12.125893+09:00,서울숲공원,서울숲공원,POI101,KEY_1,1030023900,언주로,1030007700,성수대교북측(남측),127.0352537450373660_37.5391797046238054,1030000502,성수대교북측(북측),127.0354766600117671_37.5405116623693331,149.0,43.0,원활,127.0354766600117671_37.5405116623693331|127.0352537450373660_37.5391797046238054
2026-09-04T13:22:12.125893+09:00,서울숲공원,서울숲공원,POI101,KEY_1,1030024400,강변북로,1030008200,성수동1가689-15,127.0386116957061802_37.5399100186691754,1030008700,성수동1가685-717,127.0387034330841232_37.5403324927363400,70.0,28.0,정체,127.0387034330841232_37.5403324927363400|127.0385419074224984_37.5402996662770363|127.0384613765454702_37.5402456929054082|127.0384258357114931_37.5401811631481621|127.0384038369325168_37.5401059548299685|127.0384311435581708_37.5400488261539849|127.0384719932345803_37.5399810180122273|127.0385216066115106_37.5399490163397971|127.0386116957061802_37.5399100186691754
2026-09-04T13:22:12.125893+09:00,서울숲공원,서울숲공원,POI101,KEY_1,1030024600,강변북로,1030007700,성수대교북측(남측),127.0352537450373660_37.5391797046238054,1030009100,성수대교(북측),127.0337769617486003_37.5407132030334907,232.0,16.0,정체,127.0337769617486003_37.5407132030334907|127.0339391981025443_37.5406315664747012|127.0345833361038927_37.5403550816663412|127.0347591365769091_37.5402591888875037|127.0348945951880637_37.5401488278030868|127.0350121281835385_37.5400312413527359|127.0351029072210878_37.5398813537806788|127.0351441154042362_37.5397563124581737|127.0351901036656983_37.5395847853010736|127.0352046463879958_37.5394131341517507|127.0352537450373660_37.5391797046238054
2026-09-04T13:22:12.125893+09:00,서울숲공원,서울숲공원,POI101,KEY_1,1030024900,강변북로,1030009800,성수대교(북측),127.0339243946623640_37.5414459285932267,1030007800,성수대교(북측),127.0368534360828363_37.5396408057627795,443.0,48.3,서행,127.0368534360828363_37.5396408057627795|127.0370181494945712_37.5396420480801467|127.0371527636470574_37.5396676167305898|127.0372737895883120_37.5397110176042972|127.0373676853027973_37.5397829309775091|127.0374390099259898_37.5398726416778246|127.0374656095860360_37.5399299818899905|127.0374784683138927_37.5400301951343636|127.0374688644552776_37.5401303208999835|127.0374323740247178_37.5402196089517304|127.0373689946792553_37.5402980601669327|127.0373057713197937_37.5403514716095259|127.0372291364230506_37.5403940977729462|127.0369949821833870_37.5404826117086117|127.0368329266345881_37.5405356348524464|127.0348571263850914_37.5411181147050996|127.0339243946623640_37.5414459285932267
2026-09-04T13:22:12.125893+09:00,서울숲공원,서울숲공원,POI101,KEY_1,1030025400,강변북로,1030009100,성수대교(북측),127.0337769617486003_37.5407132030334907,1030011200,동부간선도로입구,127.0297847949010190_37.5425055540992219,406.0,67.0,원활,127.0297847949010190_37.5425055540992219|127.0301014443444387_37.5423983044091045|127.0316013885051376_37.5417710906772442|127.0322590225374171_37.5414946717477847|127.0325159372563633_37.5413597540577584|127.0329488123294794_37.5411039051045989|127.0332779588102170_37.5409120349971985|127.0335527716549109_37.5407879165858489|127.0337769617486003_37.5407132030334907
2026-09-04T13:22:12.125893+09:00,서울숲공원,서울숲공원,POI101,KEY_1,1030025800,강변북로,1030010300,옥수동492,127.0318062526681047_37.5420723308692246,1030009800,성수대교(북측),127.0339243946623640_37.5414459285932267,200.0,69.0,원활,127.0339243946623640_37.5414459285932267|127.0325861881406126_37.5418365221240293|127.0318062526681047_37.5420723308692246
2026-09-04T13:22:12.125893+09:00,서울숲공원,서울숲공원,POI101,KEY_1,1030026500,뚝섬로,1030010901,서울숲관리사무소,127.0422149021619873_37.5423764621375895,1030010204,서울숲입구교차로,127.0441934353593894_37.5419277837611602,182.0,30.0,원활,127.0441934353593894_37.5419277837611602|127.0422149021619873_37.5423764621375895
2026-09-04T13:22:12.125893+09:00,서울숲공원,서울숲공원,POI101,KEY_1,1030028000,고산자로,1030011900,성수대교,127.0360005462618460_37.5434631051802086,1030012400,뚝섬역앞,127.0351598907825377_37.5442382170389379,125.0,29.0,원활,127.0351598907825377_37.5442382170389379|127.0357216302386547_37.5440210860030703|127.0358269236664057_37.5439489651457876|127.0358969414481436_37.5438645535781532|127.0359471986930373_37.5437801488859435|127.0359812860939428_37.5436914567381876|127.0360005462618460_37.5434631051802086
2026-09-04T13:22:12.125893+09:00,서울숲공원,서울숲공원,POI101,KEY_1,1030026600,강변북로,1030008200,성수동1가689-15,127.0386116957061802_37.5399100186691754,1030012400,뚝섬역앞,127.0351598907825377_37.5442382170389379,705.0,43.0,서행,127.0351598907825377_37.5442382170389379|127.0354068962458172_37.5441060684462187|127.0355674450624122_37.5439976137586413|127.0356577622891763_37.5439228468216513|127.0357242893047811_37.5438335331714370|127.0357486109102041_37.5437622279278287|127.0357679800487318_37.5436680730317818|127.0357632413711571_37.5435762680332843|127.0357323270163477_37.5434902923140541|127.0350720288963942_37.5420245991552690|127.0350366668427000_37.5419314516935074|127.0350057086922106_37.5418526306111957|127.0349972125870295_37.5417738974697954|127.0349978124110635_37.5416773137281155|127.0350299037809663_37.5415737000574268|127.0350934191691721_37.5414737873586901|127.0351612929096063_37.5413953549625887|127.0352650617556947_37.5413242180194970|127.0353776822518057_37.5412745797914127|127.0355127644148183_37.5412250302087003|127.0369487294088202_37.5407620496736740|127.0371784364439236_37.5406663643740757|127.0373902612695645_37.5405562998266404|127.0376021513677642_37.5404355030668313|127.0377555536119729_37.5403287865443716|127.0379134244137020_37.5402256633759421|127.0380354020996378_37.5401152462535208|127.0381436804458559_37.5400405472650220|127.0383058228510720_37.5399732135098958|127.0384363198342470_37.5399379510186222|127.0386116957061802_37.5399100186691754
2026-09-04T13:22:12.125893+09:00,서울숲공원,서울숲공원,POI101,KEY_1,1030026700,강변북로,1030013401,서울숲입구,127.0336259699339791_37.5449020311093804,1030008700,성수동1가685-717,127.0387034330841232_37.5403324927363400,845.0,40.0,서행,127.0387034330841232_37.5403324927363400|127.0385371511629842_37.5403425752467825|127.0383978666933160_37.5403456074334514|127.0382316516383412_37.5403449576821160|127.0381148287079043_37.5403480786678330|127.0379889118636783_37.5403690494698381|127.0378718901825152_37.5404043639064326|127.0376601982701743_37.5404929665598743|127.0373762310509278_37.5406456762469176|127.0370879036319849_37.5407769040777453|127.0362952125058484_37.5411029014549058|127.0354844785458965_37.5414395541404957|127.0353673215752082_37.5414963288448078|127.0352725369027098_37.5415675010344856|127.0352046178310417_37.5416530874434429|127.0351591164095453_37.5417459165832241|127.0351405248829764_37.5418460069646898|127.0351354551451237_37.5419389952436759|127.0351751538081260_37.5420572008873492|127.0358001798617806_37.5434154374524383|127.0358353439824128_37.5435407792331688|127.0358480445403444_37.5436660323164375|127.0358326844142454_37.5437716016713736|127.0358155281628427_37.5438434318438041|127.0357804123959227_37.5439402458612719|127.0357588038870915_37.5440155390118946|127.0357240209459917_37.5441034969866152|127.0356607451534785_37.5441938214730655|127.0355930812456791_37.5442489605209389|127.0354925813227567_37.5443013739697307|127.0352297106497588_37.5443971397144693|127.0348467896735940_37.5445356792611875|127.0337727652631230_37.5449105304015731|127.0336259699339791_37.5449020311093804
2026-09-04T13:22:12.125893+09:00,서울숲공원,서울숲공원,POI101,KEY_1,1030026800,뚝섬로,1030010203,서울숲입구교차로,127.0441621562491576_37.5418224578429118,1030011002,무지개터널(동측),127.0413473196034317_37.5424602796447218,259.0,27.0,원활,127.0413473196034317_37.5424602796447218|127.0420470149079648_37.5423020740521096|127.0421777116470992_37.5422724767808944|127.0441621562491576_37.5418224578429118
2026-09-04T13:22:12.125893+09:00,서울숲공원,서울숲공원,POI101,KEY_1,1030026900,뚝섬로,1030011001,무지개터널(동측),127.0413856137363098_37.5425640055429071,1030010904,서울숲관리사무소,127.0420841060007007_37.5424060811278437,64.0,40.0,원활,127.0420841060007007_37.5424060811278437|127.0413856137363098_37.5425640055429071
2026-09-04T13:22:12.125893+09:00,서울숲공원,서울숲공원,POI101,KEY_1,1030027000,동부간선도로,1030012000,성수JC,127.0314731932145378_37.5440534747483454,1030009800,성수대교(북측),127.0339243946623640_37.5414459285932267,486.0,53.7,원활,127.0339243946623640_37.5414459285932267|127.0334660672718314_37.5416308850519584|127.0311611799832292_37.5425040231097924|127.0309995450869707_37.5425851177727168|127.0308738370767827_37.5426709718164062|127.0307840622352700_37.5427711188299682|127.0307062751404032_37.5428998693921869|127.0306763922770017_37.5430381436443739|127.0306704646842491_37.5431859469438933|127.0307184282822703_37.5433337362326114|127.0308143019321960_37.5435005844608796|127.0309640663317907_37.5436674175867111|127.0314731932145378_37.5440534747483454
2026-09-04T13:22:12.125893+09:00,서울숲공원,서울숲공원,POI101,KEY_1,1030027100,뚝섬로,1030011002,무지개터널(동측),127.0413473196034317_37.5424602796447218,1030011502,무지개터널(서측),127.0382618561309727_37.5432843303280137,288.0,30.0,원활,127.0382618561309727_37.5432843303280137|127.0401723923043704_37.5427447280211126|127.0413473196034317_37.5424602796447218
2026-09-04T13:22:12.125893+09:00,서울숲공원,서울숲공원,POI101,KEY_1,1030027200,뚝섬로,1030011501,무지개터널(서측),127.0383065031408876_37.5433864362319696,1030011001,무지개터널(동측),127.0413856137363098_37.5425640055429071,287.0,30.0,원활,127.0413856137363098_37.5425640055429071|127.0402148599190326_37.5428474536407961|127.0383065031408876_37.5433864362319696
2026-09-04T13:22:12.125893+09:00,서울숲공원,서울숲공원,POI101,KEY_1,1030027700,뚝섬로,1030011502,무지개터널(서측),127.0382618561309727_37.5432843303280137,1030012100,성수대교,127.0367153495430301_37.5437064666827922,144.0,30.0,원활,127.0367153495430301_37.5437064666827922|127.0367423091030759_37.5436977285142177|127.0382618561309727_37.5432843303280137
2026-09-04T13:22:12.125893+09:00,서울숲공원,서울숲공원,POI101,KEY_1,1030027800,뚝섬로,1030012200,성수대교,127.0367665461850777_37.5438066076472126,1030011501,무지개터널(서측),127.0383065031408876_37.5433864362319696,144.0,30.0,원활,127.0383065031408876_37.5433864362319696|127.0367898966813982_37.5437990382867781|127.0367665461850777_37.5438066076472126
2026-09-04T13:22:12.125893+09:00,서울숲공원,서울숲공원,POI101,KEY_1,1030027900,뚝섬로,1030012100,성수대교,127.0367153495430301_37.5437064666827922,1030011800,성수대교,127.0361349219139697_37.5434475561346019,73.0,23.0,서행,127.0361349219139697_37.5434475561346019|127.0362399483803699_37.5436656315811135|127.0363100343637797_37.5437256841859224|127.0363675331386162_37.5437557040092429|127.0364268175616616_37.5437671284283141|127.0364914867285364_37.5437685392485392|127.0367153495430301_37.5437064666827922
2026-09-04T13:22:12.125893+09:00,서울숲공원,서울숲공원,POI101,KEY_1,1030028100,뚝섬로,1030012100,성수대교,127.0367153495430301_37.5437064666827922,1030012302,성수대교북단교차로,127.0362119535135861_37.5438696362694699,48.0,32.5,원활,127.0362119535135861_37.5438696362694699|127.0367153495430301_37.5437064666827922
2026-09-04T13:22:12.125893+09:00,서울숲공원,서울숲공원,POI101,KEY_1,1030028200,뚝섬로,1030012301,성수대교북단교차로,127.0362371882276165_37.5439781927615286,1030012200,성수대교,127.0367665461850777_37.5438066076472126,51.0,30.0,원활,127.0367665461850777_37.5438066076472126|127.0362371882276165_37.5439781927615286
2026-09-04T13:22:12.125893+09:00,서울숲공원,서울숲공원,POI101,KEY_1,1030028600,강변북로,1030011700,성수JC,127.0277034763174839_37.5435314558420359,1030036600,성수JC,127.0323619427774275_37.5449326440640903,484.0,60.0,원활,127.0323619427774275_37.5449326440640903|127.0311949792518220_37.5441285919077359|127.0304674227492541_37.5436105774788729|127.0301690887583277_37.5434233741345693|127.0299481177394938_37.5433175620449404|127.0297448471371666_37.5432547470848448|127.0295174374858931_37.5432204535432916|127.0292298587921209_37.5432288467092619|127.0289780092224845_37.5432707692171306|127.0286119287075337_37.5433790108575920|127.0282280286061933_37.5434633313840465|127.0279282574757644_37.5435050603725173|127.0277034763174839_37.5435314558420359
2026-09-04T13:22:12.125893+09:00,서울숲공원,서울숲공원,POI101,KEY_1,1030028700,뚝섬로,1030012303,성수대교북단교차로,127.0360826391629558_37.5439129163279333,1030012400,뚝섬역앞,127.0351598907825377_37.5442382170389379,89.0,11.0,정체,127.0351598907825377_37.5442382170389379|127.0360826391629558_37.5439129163279333
2026-09-04T13:22:12.125893+09:00,서울숲공원,서울숲공원,POI101,KEY_1,1030028800,뚝섬로,1030012700,성수대교,127.0355058723116031_37.5442361646540377,1030012304,성수대교북단교차로,127.0361107182000069_37.5440214432186963,59.0,30.0,원활,127.0361107182000069_37.5440214432186963|127.0355058723116031_37.5442361646540377
2026-09-04T13:22:12.125893+09:00,서울숲공원,서울숲공원,POI101,KEY_1,1030028900,고산자로,1030012800,성수대교,127.0364370496948396_37.5446681209833670,1030012200,성수대교,127.0367665461850777_37.5438066076472126,108.0,32.0,원활,127.0367665461850777_37.5438066076472126|127.0365185217943775_37.5439516139629532|127.0364718466361467_37.5440131333070539|127.0364485303973794_37.5440889478878148|127.0364701751367278_37.5442705943811035|127.0364702301823172_37.5443835913891988|127.0364370496948396_37.5446681209833670
2026-09-04T13:22:12.125893+09:00,서울숲공원,서울숲공원,POI101,KEY_1,1030029100,뚝섬로,1030012700,성수대교,127.0355058723116031_37.5442361646540377,1030012900,성수대교,127.0363032638533412_37.5446862650665025,96.0,27.0,원활,127.0363032638533412_37.5446862650665025|127.0360858026865287_37.5443708360154389|127.0360067334721066_37.5443122168106527|127.0359348598702240_37.5442721892855644|127.0358665879682007_37.5442507545453665|127.0357731684678839_37.5442321889604642|127.0355058723116031_37.5442361646540377
2026-09-04T13:22:12.125893+09:00,서울숲공원,서울숲공원,POI101,KEY_1,1030029200,뚝섬로,1030012400,뚝섬역앞,127.0351598907825377_37.5442382170389379,1030013402,서울숲입구,127.0335712621943571_37.5448039853446431,154.0,12.5,정체,127.0335712621943571_37.5448039853446431|127.0351598907825377_37.5442382170389379
2026-09-04T13:22:12.125893+09:00,서울숲공원,서울숲공원,POI101,KEY_1,1030029300,뚝섬로,1030013200,뚝섬역앞,127.0340021665685128_37.5447699627491218,1030012700,성수대교,127.0355058723116031_37.5442361646540377,145.0,35.0,원활,127.0355058723116031_37.5442361646540377|127.0340021665685128_37.5447699627491218
2026-09-04T13:22:12.125893+09:00,서울숲공원,서울숲공원,POI101,KEY_1,1030029400,왕십리로,1030088000,성수동1가 685-703,127.0428329815148061_37.5438084633640159,1030010901,서울숲관리사무소,127.0422149021619873_37.5423764621375895,168.0,9.0,정체,127.0422149021619873_37.5423764621375895|127.0424002084268693_37.5428057963129760|127.0428329815148061_37.5438084633640159
2026-09-04T13:22:12.125893+09:00,서울숲공원,서울숲공원,POI101,KEY_1,1030029500,왕십리로,1030048000,성수동1가 685-703,127.0422717949817439_37.5428409373270853,1030014104,서울숲역4번출구,127.0448202932931565_37.5451684659811562,437.0,15.0,서행,127.0448202932931565_37.5451684659811562|127.0437337797184085_37.5454718229148128|127.0436132250108585_37.5454905344017718|127.0435214686951042_37.5454872471729715|127.0434239332012396_37.5454387588731251|127.0433527486151348_37.5453642534812673|127.0430275322895142_37.5445972039875997|127.0428995455311991_37.5442953320865698|127.0428019950379763_37.5440693275960413|127.0427045667538124_37.5438436047861117|127.0422717949817439_37.5428409373270853
2026-09-04T13:22:12.125893+09:00,서울숲공원,서울숲공원,POI101,KEY_1,1030029600,동부간선도로,1030014600,강변북로분기점,127.0320336805205699_37.5453310445884938,1030014900,성수동1가685-31,127.0343613336856379_37.5465066021287299,571.0,15.0,정체,127.0343613336856379_37.5465066021287299|127.0318255585729048_37.5446617188198246|127.0316912107762022_37.5445926221796640|127.0315418498018971_37.5445294282392652|127.0314110770727751_37.5444871746965418|127.0312875694041850_37.5444807220927714|127.0311226926525450_37.5445039159389822|127.0310025737252744_37.5445541169787873|127.0309085864134317_37.5446163457062099|127.0308294244458125_37.5447024812067696|127.0307689064878502_37.5448006149083895|127.0307534830975413_37.5448720987995159|127.0307565913073802_37.5449734667094219|127.0308009193484367_37.5450690358540484|127.0308528286035710_37.5451497302063615|127.0309309633900057_37.5452275470847212|127.0310353800474701_37.5452935449066558|127.0311324779692654_37.5453326839784367|127.0312708319260508_37.5453600630229474|127.0313980663339208_37.5453695113752985|127.0315478211685019_37.5453701048633306|127.0318025327893849_37.5453502478940848|127.0320336805205699_37.5453310445884938
2026-09-04T13:22:12.125893+09:00,서울숲공원,서울숲공원,POI101,KEY_1,1030029700,뚝섬로,1030013401,서울숲입구,127.0336259699339791_37.5449020311093804,1030013200,뚝섬역앞,127.0340021665685128_37.5447699627491218,36.0,35.0,원활,127.0340021665685128_37.5447699627491218|127.0336259699339791_37.5449020311093804
2026-09-04T13:22:12.125893+09:00,서울숲공원,서울숲공원,POI101,KEY_1,1030032500,광나루로,1030016401,응봉교교차로,127.0369747496989561_37.5477727654258828,1030015200,응봉지하차도,127.0366128449075376_37.5457210264910088,230.0,27.0,원활,127.0366128449075376_37.5457210264910088|127.0368276497498954_37.5470051724699232|127.0369026875021632_37.5473835928909807|127.0369664318891694_37.5476279220281128|127.0369747496989561_37.5477727654258828
2026-09-04T13:22:12.125893+09:00,서울숲공원,서울숲공원,POI101,KEY_1,1030032800,광나루로,1030015000,성수동1가685-366,127.0347281610465444_37.5457320230783580,1030003300,성수동1가685-682,127.0377144991523579_37.5489181795884193,444.0,48.3,원활,127.0377144991523579_37.5489181795884193|127.0376349663708169_37.5488792088440420|127.0375691685638202_37.5488429997423339|127.0374972819558081_37.5487896231078722|127.0369269252125122_37.5482272030721305|127.0362439495232394_37.5475618306844936|127.0361888294393822_37.5475027267513752|127.0361337032097850_37.5474283661806965|127.0355128987986006_37.5465131378379624|127.0354457826970389_37.5464082664061678|127.0353714847591817_37.5463110258443677|127.0352780284328986_37.5462195114021711|127.0349928768071521_37.5459602283603573|127.0348844288978540_37.5458661456903613|127.0347281610465444_37.5457320230783580
2026-09-04T13:22:12.125893+09:00,서울숲공원,서울숲공원,POI101,KEY_1,1030032900,동부간선도로,1030018800,뚝섬유수지체육공원,127.0382875770396396_37.5497896869035088,1030015200,응봉지하차도,127.0366128449075376_37.5457210264910088,483.0,58.3,원활,127.0366128449075376_37.5457210264910088|127.0367395874531695_37.5458139377940583|127.0369539997381594_37.5469993756130123|127.0370342949750864_37.5474726199264097|127.0370915689507143_37.5476591825833665|127.0372061177639154_37.5480049958211382|127.0373900159957685_37.5484437763583472|127.0374702337432922_37.5485840562428734|127.0378471820537527_37.5491260326457947|127.0382687480772859_37.5497553055001063|127.0382875770396396_37.5497896869035088
2026-09-04T13:22:12.125893+09:00,서울숲공원,서울숲공원,POI101,KEY_1,1030066501,강변북로,1030006801,수도박물관,127.0427151925593137_37.5381098869044223,1030042503,뚝도아리수정수센터,127.0437293162950709_37.5396718467509345,242.0,22.5,정체,127.0437293162950709_37.5396718467509345|127.0437158216782620_37.5394558739311748|127.0436997075802168_37.5391979763109163|127.0436816706408365_37.5389072203456848|127.0436712786202520_37.5387550768041294|127.0436602539318045_37.5384744878092533|127.0436159951614457_37.5383075668496176|127.0435936726297541_37.5382556522524453|127.0435557805520119_37.5382048047723771|127.0434880665350477_37.5381718693380719|127.0434174680179638_37.5381479359175430|127.0433467795864289_37.5381386491473776|127.0432448681980304_37.5381450151367630|127.0431330250412572_37.5381558491223046|127.0430240334894876_37.5381633140242101|127.0429108368762172_37.5381640030298840|127.0428358836345950_37.5381580791353997|127.0427751550125492_37.5381398171506078|127.0427151925593137_37.5381098869044223
2026-09-04T13:22:12.125893+09:00,서울숲공원,서울숲공원,POI101,KEY_1,1030066601,왕십리로,1030042502,뚝도아리수정수센터,127.0438509781158700_37.5396651007243065,1030042402,수도박물관,127.0437442315341769_37.5380444160904290,181.0,15.0,서행,127.0437442315341769_37.5380444160904290|127.0437837378023858_37.5381786455282338|127.0438033070933841_37.5384502537906712|127.0438255679363238_37.5387444058637882|127.0438406795499446_37.5390509240955197|127.0438714536466875_37.5394497548960047|127.0438734643708329_37.5394758136334019|127.0438509781158700_37.5396651007243065
2026-09-04T13:22:12.125893+09:00,서울숲공원,서울숲공원,POI101,KEY_1,1030066701,왕십리로,1030042402,수도박물관,127.0437442315341769_37.5380444160904290,1030042503,뚝도아리수정수센터,127.0437293162950709_37.5396718467509345,197.0,28.0,원활,127.0437293162950709_37.5396718467509345|127.0436584084536804_37.5394738561754551|127.0436074642709343_37.5387784903495216|127.0435799846575833_37.5384122096925594|127.0435110066697462_37.5381223833616389|127.0435196323790024_37.5380998831084298|127.0435650529448282_37.5380763980079877|127.0436769846834864_37.5380509169205467|127.0437279737801077_37.5380420997835174|127.0437442315341769_37.5380444160904290
2026-09-04T13:22:12.125893+09:00,서울숲공원,서울숲공원,POI101,KEY_1,1030066801,강변북로,1030042502,뚝도아리수정수센터,127.0438509781158700_37.5396651007243065,1030006601,성수동1가 496,127.0448610462769921_37.5375861963207313,287.0,32.0,서행,127.0448610462769921_37.5375861963207313|127.0443789849651353_37.5377832211987013|127.0439250586849766_37.5379741335692074|127.0438682035410096_37.5380167278659016|127.0438284220830241_37.5380436149692827|127.0437843076973081_37.5380851323055182|127.0437628038830411_37.5381312435571814|127.0437512306277341_37.5381728857687804|127.0437465393209919_37.5382461027841430|127.0437606481121833_37.5384850157771268|127.0438097661079979_37.5392479761743303|127.0438509781158700_37.5396651007243065
2026-09-04T13:22:12.125893+09:00,서울숲공원,서울숲공원,POI101,KEY_1,1030066901,왕십리로,1030042503,뚝도아리수정수센터,127.0437293162950709_37.5396718467509345,1030008603,뚝도아리수정수센터,127.0437630549361216_37.5401290126004596,51.0,29.0,원활,127.0437630549361216_37.5401290126004596|127.0437293162950709_37.5396718467509345
2026-09-04T13:22:12.125893+09:00,서울숲공원,서울숲공원,POI101,KEY_1,1030067001,왕십리로,1030008602,뚝도아리수정수센터,127.0438952129735242_37.5400817035135219,1030042502,뚝도아리수정수센터,127.0438509781158700_37.5396651007243065,46.0,10.0,정체,127.0438509781158700_37.5396651007243065|127.0438952129735242_37.5400817035135219
2026-09-04T13:22:12.125893+09:00,송현녹지광장,송현녹지광장,POI129,KEY_2,1000009102,우정국로,1000017300,안국동사거리,126.9828039229332575_37.5749851341707171,1000017904,안국동로터리,126.9829082928001753_37.5755454257557844,63.0,5.0,정체,126.9829082928001753_37.5755454257557844|126.9828499577781997_37.5754008805051001|126.9828163493672974_37.5752357359225755|126.9827996996409070_37.5750526973415191|126.9828039229332575_37.5749851341707171
2026-09-04T13:22:12.125893+09:00,송현녹지광장,송현녹지광장,POI129,KEY_2,1000010303,삼일대로,1000017003,속성변화점,126.9867672620100478_37.5750673701046694,1000021203,안국역사거리,126.9861392416785293_37.5767777393512361,198.0,3.0,정체,126.9861392416785293_37.5767777393512361|126.9867306429910911_37.5751700115634506|126.9867672620100478_37.5750673701046694
2026-09-04T13:22:12.125893+09:00,송현녹지광장,송현녹지광장,POI129,KEY_2,1000010403,삼일대로,1000021202,안국역사거리,126.9862597945630966_37.5768348176280966,1000017001,덕성여자대학교(종로캠퍼스),126.9868610139755560_37.5752003900895701,189.0,10.0,정체,126.9868610139755560_37.5752003900895701|126.9862597945630966_37.5768348176280966
2026-09-04T13:22:12.125893+09:00,송현녹지광장,송현녹지광장,POI129,KEY_2,1000011202,종로1길,1000019702,경복궁사거리,126.9794701198467664_37.5758080047390521,1000018200,경복궁,126.9792457576218681_37.5753789068622197,52.0,3.0,정체,126.9792457576218681_37.5753789068622197|126.9793010192322811_37.5754682222458030|126.9794701198467664_37.5758080047390521
2026-09-04T13:22:12.125893+09:00,송현녹지광장,송현녹지광장,POI129,KEY_2,1000011501,율곡로,1000019401,경복궁,126.9801381644492011_37.5758813627365100,1000019702,경복궁사거리,126.9794701198467664_37.5758080047390521,60.0,12.0,정체,126.9794701198467664_37.5758080047390521|126.9797343426333214_37.5758559422202438|126.9799729505737531_37.5758791430045278|126.9801381644492011_37.5758813627365100
2026-09-04T13:22:12.125893+09:00,송현녹지광장,송현녹지광장,POI129,KEY_2,1000011502,율곡로,1000019203,주한멕시코대사관,126.9811804454430160_37.5757381628755169,1000019401,경복궁,126.9801381644492011_37.5758813627365100,94.0,8.0,정체,126.9801381644492011_37.5758813627365100|126.9801458468412108_37.5758814661415386|126.9803274747907409_37.5758700232846223|126.9811804454430160_37.5757381628755169
2026-09-04T13:22:12.125893+09:00,송현녹지광장,송현녹지광장,POI129,KEY_2,1000011503,율곡로,1000018100,안국동사거리,126.9820370732549009_37.5756052331219763,1000019202,주한멕시코대사관,126.9813332527749594_37.5757145141333595,63.0,12.0,정체,126.9813332527749594_37.5757145141333595|126.9820370732549009_37.5756052331219763
2026-09-04T13:22:12.125893+09:00,송현녹지광장,송현녹지광장,POI129,KEY_2,1000011504,율곡로,1000017904,안국동로터리,126.9829082928001753_37.5755454257557844,1000018100,안국동사거리,126.9820370732549009_37.5756052331219763,78.0,6.0,정체,126.9820370732549009_37.5756052331219763|126.9821849025842226_37.5755822792614822|126.9823949596761850_37.5755556593554090|126.9825949987016998_37.5755409919947070|126.9827732334880466_37.5755410181384661|126.9829082928001753_37.5755454257557844
2026-09-04T13:22:12.125893+09:00,송현녹지광장,송현녹지광장,POI129,KEY_2,1000011601,율곡로,1000019701,경복궁사거리,126.9795067975766756_37.5759255521593971,1000020300,경복궁,126.9801205068413168_37.5759892604625989,55.0,11.0,정체,126.9801205068413168_37.5759892604625989|126.9799635415281358_37.5759871517272330|126.9797109494754608_37.5759625907229378|126.9795067975766756_37.5759255521593971
2026-09-04T13:22:12.125893+09:00,송현녹지광장,송현녹지광장,POI129,KEY_2,1000011603,율곡로,1000020300,경복궁,126.9801205068413168_37.5759892604625989,1000017905,안국동로터리,126.9829348569925571_37.5756562270635044,252.0,15.0,서행,126.9829348569925571_37.5756562270635044|126.9829125468357773_37.5756537744281829|126.9827704373494015_37.5756491370767236|126.9826012303179823_37.5756491122595975|126.9824118889619911_37.5756629946566250|126.9822085957164859_37.5756887578650449|126.9820630846885052_37.5757113517092307|126.9813592631155075_37.5758206328940290|126.9812063475179400_37.5758442987123971|126.9803458434132892_37.5759773239770425|126.9801500700749699_37.5759896573698668|126.9801205068413168_37.5759892604625989
2026-09-04T13:22:12.125893+09:00,송현녹지광장,송현녹지광장,POI129,KEY_2,1000012702,율곡로,1000204600,안국역,126.9857294779033765_37.5767141333904462,1000021204,안국역사거리,126.9860941353497878_37.5768818686938246,37.0,8.0,정체,126.9860941353497878_37.5768818686938246|126.9857294779033765_37.5767141333904462
2026-09-04T13:22:12.125893+09:00,송현녹지광장,송현녹지광장,POI129,KEY_2,1000012800,율곡로,1000099700,관훈동 113,126.9843012547585914_37.5759322813818102,1000017902,안국동로터리,126.9831650747284471_37.5755740090362238,108.0,9.0,정체,126.9831650747284471_37.5755740090362238|126.9832157778299404_37.5755801309922148|126.9834207454955077_37.5756172367829961|126.9836820397707413_37.5756980185194678|126.9842468281761967_37.5759072448986657|126.9843012547585914_37.5759322813818102
2026-09-04T13:22:12.125893+09:00,송현녹지광장,송현녹지광장,POI129,KEY_2,1000013501,율곡로,1000054300,계동 149-3,126.9868657861829462_37.5772407179262302,1000021504,우즈베키스탄대사관,126.9891939676239474_37.5774507625066221,209.0,12.0,정체,126.9891939676239474_37.5774507625066221|126.9886716347625111_37.5774406495643092|126.9876528972208263_37.5774209190205184|126.9874748196535421_37.5774084674404421|126.9872839495136390_37.5773710909105532|126.9870718117635420_37.5773123392589739|126.9868657861829462_37.5772407179262302
2026-09-04T13:22:12.125893+09:00,송현녹지광장,송현녹지광장,POI129,KEY_2,1000013502,율곡로,1000021501,우즈베키스탄대사관,126.9893297531960883_37.5774544023044541,1000021404,창덕궁앞교차로,126.9900388640569702_37.5774865487865739,63.0,24.0,서행,126.9900388640569702_37.5774865487865739|126.9897463242174780_37.5774687657961053|126.9893297531960883_37.5774544023044541
2026-09-04T13:22:12.125893+09:00,송현녹지광장,송현녹지광장,POI129,KEY_2,1000013601,율곡로,1000115800,운니동 99,126.9886749388672058_37.5773325621108185,1000021202,안국역사거리,126.9862597945630966_37.5768348176280966,226.0,32.0,원활,126.9862597945630966_37.5768348176280966|126.9866987114048271_37.5770526790006230|126.9869129296675823_37.5771391236163410|126.9869201616997287_37.5771416376904028|126.9871213965557644_37.5772115927930628|126.9873225852521443_37.5772673122363585|126.9874971233893604_37.5773014911490293|126.9876605021504048_37.5773129149276315|126.9886749388672058_37.5773325621108185
2026-09-04T13:22:12.125893+09:00,송현녹지광장,송현녹지광장,POI129,KEY_2,1000013802,율곡로3길,1000187200,안국동 177-3,126.9825779024490799_37.5773003698629964,1000017901,안국동로터리,126.9830699625115358_37.5756718813989750,188.0,12.5,정체,126.9830699625115358_37.5756718813989750|126.9830564549576764_37.5759140717657090|126.9830330914684993_37.5760255151221827|126.9826494722971120_37.5768341676311906|126.9826150056688476_37.5769949197743074|126.9825779024490799_37.5773003698629964
2026-09-04T13:22:12.125893+09:00,송현녹지광장,송현녹지광장,POI129,KEY_2,1000013900,북촌로,1000116500,재동 63-1,126.9851879175372176_37.5787742277141632,1000021903,재동초등학교앞교차로,126.9849709248422442_37.5791896537058818,50.0,5.0,정체,126.9849709248422442_37.5791896537058818|126.9851123444681207_37.5789593789195138|126.9851879175372176_37.5787742277141632
2026-09-04T13:22:12.125893+09:00,송현녹지광장,송현녹지광장,POI129,KEY_2,1000014000,북촌로,1000021902,재동초등학교앞교차로,126.9851742297151702_37.5791048269106014,1000021201,안국역사거리,126.9862116059343862_37.5769383209828334,258.0,15.0,서행,126.9862116059343862_37.5769383209828334|126.9861227104490524_37.5771049965042820|126.9858974625520034_37.5775403033717339|126.9855988771401059_37.5781173314432593|126.9855520543728602_37.5782320480744829|126.9853545228100558_37.5787159998899227|126.9853171216767009_37.5788076318220590|126.9852385949747031_37.5790000196943907|126.9851742297151702_37.5791048269106014
2026-09-04T13:22:12.125893+09:00,송현녹지광장,송현녹지광장,POI129,KEY_2,1000014100,창덕궁길,1000022002,북촌1경,126.9893063929122548_37.5792409569275208,1000021501,우즈베키스탄대사관,126.9893297531960883_37.5774544023044541,199.0,21.0,서행,126.9893297531960883_37.5774544023044541|126.9892548365952365_37.5786955788249983|126.9892562414735409_37.5787264244637242|126.9892665857058205_37.5789535426034647|126.9893063929122548_37.5792409569275208
2026-09-04T13:22:12.125893+09:00,송현녹지광장,송현녹지광장,POI129,KEY_2,1000014200,창덕궁길,1000128100,원서동 181,126.9891204798979061_37.5787303411058602,1000022003,북촌1경,126.9891713596778544_37.5792528029310802,58.0,16.3,서행,126.9891713596778544_37.5792528029310802|126.9891310055471081_37.5789614346187477|126.9891204798979061_37.5787303411058602
2026-09-04T13:22:12.125893+09:00,송현녹지광장,송현녹지광장,POI129,KEY_2,1000014301,삼청로,1000019704,경복궁사거리,126.9793621536958312_37.5759001150550986,1000020600,대한출판문화협회,126.9794687888132074_37.5765544121067592,73.0,8.0,정체,126.9794687888132074_37.5765544121067592|126.9794674172659654_37.5764824989996455|126.9794172673057773_37.5761249117022231|126.9793621536958312_37.5759001150550986
2026-09-04T13:22:12.125893+09:00,송현녹지광장,송현녹지광장,POI129,KEY_2,1000014302,삼청로,1000020600,대한출판문화협회,126.9794687888132074_37.5765544121067592,1000022703,국군서울지구병원,126.9798562503477797_37.5800221917764006,388.0,8.0,정체,126.9798562503477797_37.5800221917764006|126.9796182985417516_37.5793264763807215|126.9795665449151443_37.5791397220131316|126.9795478931843604_37.5790381290051698|126.9795326834604623_37.5788730174103378|126.9794969047037227_37.5780275498626395|126.9794687888132074_37.5765544121067592
2026-09-04T13:22:12.125893+09:00,송현녹지광장,송현녹지광장,POI129,KEY_2,1000014303,삼청로,1000022704,국군서울지구병원,126.9798888896173850_37.5801238754593712,1000023003,갤러리스케이프,126.9801383570053588_37.5809954150793715,99.0,22.0,서행,126.9801383570053588_37.5809954150793715|126.9801143803817212_37.5808712068437671|126.9798888896173850_37.5801238754593712
2026-09-04T13:22:12.125893+09:00,송현녹지광장,송현녹지광장,POI129,KEY_2,1000014401,삼청로,1000021000,대한출판문화협회,126.9796046197648423_37.5765527706146756,1000019701,경복궁사거리,126.9795067975766756_37.5759255521593971,70.0,26.0,원활,126.9795067975766756_37.5759255521593971|126.9795516592807161_37.5761085342554608|126.9796031487506696_37.5764756650611034|126.9796046197648423_37.5765527706146756
2026-09-04T13:22:12.125893+09:00,송현녹지광장,송현녹지광장,POI129,KEY_2,1000014402,삼청로,1000022702,국군서울지구병원,126.9799873332334244_37.5799937943622950,1000021000,대한출판문화협회,126.9796046197648423_37.5765527706146756,385.0,16.0,서행,126.9796046197648423_37.5765527706146756|126.9796327193578946_37.5780249082326065|126.9796683669145381_37.5788672429607900|126.9796830227134734_37.5790263448128528|126.9797002616005130_37.5791202376619609|126.9797502489418548_37.5793006189381842|126.9799873332334244_37.5799937943622950
2026-09-04T13:22:12.125893+09:00,송현녹지광장,송현녹지광장,POI129,KEY_2,1000014403,삼청로,1000023002,갤러리스케이프,126.9802726364854522_37.5809789975197504,1000022701,국군서울지구병원,126.9800209872343402_37.5800986304131186,100.0,15.0,서행,126.9800209872343402_37.5800986304131186|126.9802478003755937_37.5808503388031028|126.9802726364854522_37.5809789975197504
2026-09-04T13:22:12.125893+09:00,송현녹지광장,송현녹지광장,POI129,KEY_2,1000014500,창덕궁1길,1000088900,계동 140-16,126.9878476682862356_37.5794101883603631,1000022004,북촌1경,126.9891917052853216_37.5793601104971486,119.0,14.0,정체,126.9891917052853216_37.5793601104971486|126.9885772532278594_37.5793912379346011|126.9881446134938585_37.5794131530335278|126.9878476682862356_37.5794101883603631
2026-09-04T13:22:12.125893+09:00,송현녹지광장,송현녹지광장,POI129,KEY_2,1000014600,창덕궁1길,1000234800,계동 140-86,126.9867245271659613_37.5792908407173911,1000021902,재동초등학교앞교차로,126.9851742297151702_37.5791048269106014,140.0,15.0,서행,126.9851742297151702_37.5791048269106014|126.9852469017435794_37.5790943935501645|126.9854890351706871_37.5791147085421500|126.9857411784709598_37.5791656111606329|126.9863425963181811_37.5792870227705578|126.9867245271659613_37.5792908407173911
2026-09-04T13:22:12.125893+09:00,송현녹지광장,송현녹지광장,POI129,KEY_2,1000014700,북촌로5길,1000088600,재동 25-7,126.9846956415277077_37.5792531158054075,1000004602,아트선재센타,126.9822633488435173_37.5794968175353787,217.0,5.0,정체,126.9822633488435173_37.5794968175353787|126.9823491181884378_37.5794770462139454|126.9831043086073379_37.5794265902338225|126.9836111998907597_37.5794024285617070|126.9843075237738219_37.5793274055110444|126.9845584348345966_37.5792764558543553|126.9846956415277077_37.5792531158054075
2026-09-04T13:22:12.125893+09:00,송현녹지광장,송현녹지광장,POI129,KEY_2,1000014800,북촌로5길,1000004601,아트선재센타,126.9823007060969786_37.5796007692993683,1000021904,재동초등학교앞교차로,126.9849412214244495_37.5793218207986328,236.0,12.0,정체,126.9849412214244495_37.5793218207986328|126.9849408583969392_37.5793219631089599|126.9847240373197081_37.5793588468995097|126.9845894370426578_37.5793817437555475|126.9843335147772478_37.5794337109354046|126.9836243912640441_37.5795101126857958|126.9831140519790864_37.5795344388027459|126.9823739414034378_37.5795838870825634|126.9823007060969786_37.5796007692993683
2026-09-04T13:22:12.125893+09:00,송현녹지광장,송현녹지광장,POI129,KEY_2,1000015700,북촌로5길,1000042100,소격동 129-2,126.9811402027582403_37.5799080374455983,1000004604,아트선재센타,126.9821635225137584_37.5796494081435881,95.0,16.0,서행,126.9821635225137584_37.5796494081435881|126.9819590979485184_37.5797316730103290|126.9817617178907625_37.5797894351325041|126.9816972383664222_37.5798027094324709|126.9814029918968004_37.5798632849907435|126.9811402027582403_37.5799080374455983
2026-09-04T13:22:12.125893+09:00,송현녹지광장,송현녹지광장,POI129,KEY_2,1000015800,북촌로5길,1000110800,소격동 101-1,126.9816632165415768_37.5796980355060555,1000022702,국군서울지구병원,126.9799873332334244_37.5799937943622950,152.0,15.0,서행,126.9799873332334244_37.5799937943622950|126.9811117769615265_37.5798023119298961|126.9813717539606586_37.5797580385712706|126.9816632165415768_37.5796980355060555
2026-09-04T13:22:12.125893+09:00,송현녹지광장,송현녹지광장,POI129,KEY_2,1000018401,북촌로,1000109700,가회동 1-168,126.9850883294862882_37.5801433623240229,1000021901,재동초등학교앞교차로,126.9850860098677572_37.5792604403861148,98.0,18.0,서행,126.9850860098677572_37.5792604403861148|126.9850636853442580_37.5794280545368409|126.9850708428209742_37.5796350854461281|126.9850879859902477_37.5801309490906519|126.9850883294862882_37.5801433623240229
2026-09-04T13:22:12.125893+09:00,송현녹지광장,송현녹지광장,POI129,KEY_2,1000031700,인사동길,1000200000,관훈동 177-1,126.9846248795644641_37.5741354335962896,1000017903,안국동로터리,126.9830393503038977_37.5755166265144283,209.0,13.0,정체,126.9830393503038977_37.5755166265144283|126.9832578502403493_37.5753718765763765|126.9833833057397072_37.5752802649537472|126.9833874257963799_37.5752759258947009|126.9838138538233210_37.5748268274858290|126.9839983126868219_37.5746325599944413|126.9840028137515446_37.5746278195686330|126.9841931260739045_37.5744516475788828|126.9843256891268339_37.5743491032214507|126.9843944674535408_37.5742999847176264|126.9846248795644641_37.5741354335962896
2026-09-04T13:22:12.125893+09:00,송현녹지광장,송현녹지광장,POI129,KEY_2,1000032800,율곡로2길,1000003001,서울지방국세청,126.9793545831470993_37.5744165416395930,1000019203,주한멕시코대사관,126.9811804454430160_37.5757381628755169,219.0,10.5,정체,126.9811804454430160_37.5757381628755169|126.9810303591040253_37.5755969856150003|126.9807533749140589_37.5754004466844975|126.9799767752529789_37.5748493879335896|126.9794405580789487_37.5744488693975143|126.9793869466254961_37.5744244737253723|126.9793545831470993_37.5744165416395930
2026-09-04T13:22:12.125893+09:00,송현녹지광장,송현녹지광장,POI129,KEY_2,1000033900,우정국로,1000017300,안국동사거리,126.9828039229332575_37.5749851341707171,1000018100,안국동사거리,126.9820370732549009_37.5756052331219763,102.0,12.0,정체,126.9820370732549009_37.5756052331219763|126.9822935365986751_37.5755095925525495|126.9827428871539610_37.5751967734075052|126.9827905797247212_37.5750539177611387|126.9828039229332575_37.5749851341707171
2026-09-04T13:22:12.125893+09:00,송현녹지광장,송현녹지광장,POI129,KEY_2,1000034900,율곡로,1000019401,경복궁,126.9801381644492011_37.5758813627365100,1000018200,경복궁,126.9792457576218681_37.5753789068622197,101.0,13.0,정체,126.9792457576218681_37.5753789068622197|126.9793355830232144_37.5754952608411301|126.9794316395642397_37.5755988334256017|126.9795071017629624_37.5756589212616419|126.9796274882100420_37.5757347490756146|126.9797877149027556_37.5758145479697703|126.9801381644492011_37.5758813627365100
2026-09-04T13:22:12.125893+09:00,송현녹지광장,송현녹지광장,POI129,KEY_2,1000035200,사직로,1000020200,경복궁,126.9786283706113750_37.5757946408291801,1000020600,대한출판문화협회,126.9794687888132074_37.5765544121067592,118.0,6.0,정체,126.9794687888132074_37.5765544121067592|126.9794368084534142_37.5764098329770562|126.9791960602808700_37.5761637733622180|126.9789750836954596_37.5759177176703147|126.9788694300669647_37.5758537146814078|126.9786283706113750_37.5757946408291801
2026-09-04T13:22:12.125893+09:00,송현녹지광장,송현녹지광장,POI129,KEY_2,1000035300,삼청로,1000021000,대한출판문화협회,126.9796046197648423_37.5765527706146756,1000020300,경복궁,126.9801205068413168_37.5759892604625989,93.0,16.0,서행,126.9801205068413168_37.5759892604625989|126.9797298312382878_37.5760780464987292|126.9796597331679635_37.5761137931100748|126.9796040049640879_37.5761795786155588|126.9796046197648423_37.5765527706146756
2026-09-04T13:22:12.125893+09:00,송현녹지광장,송현녹지광장,POI129,KEY_2,1000038000,북촌로5가길,1000023401,브라질대사관,126.9812038502894040_37.5815562759534103,1000004601,아트선재센타,126.9823007060969786_37.5796007692993683,250.0,7.0,정체,126.9823007060969786_37.5796007692993683|126.9822972536010894_37.5796292911074730|126.9823917024047972_37.5799273089699213|126.9823779765214056_37.5799764228013515|126.9821552192083942_37.5802224687814075|126.9819546456237020_37.5805311963954978|126.9817179917203873_37.5808954559517758|126.9816141551167590_37.5811617086964844|126.9815165107633987_37.5813307541008967|126.9814068792123862_37.5814306552793056|126.9812038502894040_37.5815562759534103
2026-09-04T13:22:12.125893+09:00,송현녹지광장,송현녹지광장,POI129,KEY_2,1000039200,창덕궁길,1000134400,원서동 2-2,126.9892407733604642_37.5829070876196951,1000022001,북촌1경,126.9893249216224547_37.5793389188440585,401.0,16.0,서행,126.9893249216224547_37.5793389188440585|126.9893432024728526_37.5794117077019152|126.9893374585478654_37.5795962855689609|126.9893189924063250_37.5801896786208189|126.9893532350689895_37.5809623190334960|126.9893738580933729_37.5812665958495344|126.9893978694693288_37.5816208620396139|126.9894570663397531_37.5819414687995632|126.9895023987834435_37.5821303841621628|126.9895105285284274_37.5822120284156327|126.9895040052748669_37.5823078791324363|126.9894734073156428_37.5824257182516135|126.9893881157924085_37.5826046082802492|126.9892904879125695_37.5827681919472880|126.9892407733604642_37.5829070876196951
2026-09-04T13:22:12.125893+09:00,아차산,아차산,POI102,KEY_3,1040013803,워커힐로,1040023301,아차산공원,127.1008930142695732_37.5509054583929469,1040023404,워커힐APT후문,127.1046621654105166_37.5519284766786683,361.0,47.0,원활,127.1046621654105166_37.5519284766786683|127.1045123885116794_37.5519320536423891|127.1039678955502268_37.5519093381437941|127.1033217162343618_37.5518131021411889|127.1033066618318230_37.5518100894500790|127.1027843733849778_37.5517055676046638|127.1020593871072464_37.5515302072632764|127.1016289221158075_37.5513710145273620|127.1012830511546383_37.5511766502113105|127.1008930142695732_37.5509054583929469
2026-09-04T13:22:12.125893+09:00,아차산,아차산,POI102,KEY_3,1040013804,워커힐로,1040023401,워커힐APT후문,127.1049276269984176_37.5519211247376532,1040004502,광장동 5-98,127.1078524178076492_37.5534174306053714,384.0,29.0,원활,127.1078524178076492_37.5534174306053714|127.1076811035192122_37.5530795930431722|127.1072767198500344_37.5527235526060750|127.1071304148010768_37.5524951185490607|127.1070666758819812_37.5521581383454475|127.1069204511945401_37.5519839403942512|127.1067013662202783_37.5517675729472700|127.1066127735316797_37.5517219705812622|127.1063570390410291_37.5516300750843612|127.1061098042711848_37.5515814409139992|127.1058798946651223_37.5515776387596105|127.1057306022039057_37.5516058980850289|127.1050792513768783_37.5518980964882729|127.1049700409938055_37.5519199374068151|127.1049276269984176_37.5519211247376532
2026-09-04T13:22:12.125893+09:00,아차산,아차산,POI102,KEY_3,1040013902,워커힐로,1040037500,광장동 5-116,127.1033397664333791_37.5517052322201295,1040023302,아차산공원,127.1009710046642311_37.5508161397328806,235.0,31.0,원활,127.1009710046642311_37.5508161397328806|127.1013670924174761_37.5510915383037869|127.1016972311609550_37.5512770627219510|127.1021079664083970_37.5514289579738829|127.1028206860444101_37.5516013518060063|127.1033397664333791_37.5517052322201295
2026-09-04T13:22:12.125893+09:00,아차산,아차산,POI102,KEY_3,1040013903,워커힐로,1040004501,광장동 5-98,127.1079420944953142_37.5533362363541343,1040023402,워커힐APT후문,127.1049228550648849_37.5518130720409644,394.0,29.0,원활,127.1049228550648849_37.5518130720409644|127.1049509015872871_37.5518122869850544|127.1050284778533381_37.5517967722012784|127.1056805925240525_37.5515042301097068|127.1058653657010922_37.5514692554390379|127.1061277196661337_37.5514735933910160|127.1064016260464200_37.5515274743309604|127.1066779378455749_37.5516267645540864|127.1067835146799325_37.5516811101132078|127.1070809686040803_37.5519450547321298|127.1071930889892769_37.5520882909308753|127.1072470470903824_37.5523904149471264|127.1073495748650686_37.5526305106411940|127.1075006302712325_37.5527775854154555|127.1077491266862580_37.5530097991801242|127.1079420944953142_37.5533362363541343
2026-09-04T13:22:12.125893+09:00,아차산,아차산,POI102,KEY_3,1040015000,긴고랑로,1040076000,중곡동 438-2,127.0940803110470085_37.5592351580863877,1040004804,관음사,127.0947652352017911_37.5601235011157328,116.0,15.0,서행,127.0947652352017911_37.5601235011157328|127.0945334735480685_37.5598229102943080|127.0940803110470085_37.5592351580863877
2026-09-04T13:22:12.125893+09:00,아차산,아차산,POI102,KEY_3,1040035800,영화사로,1040023304,아차산공원,127.1008060127738588_37.5508156818041030,1040023902,금강유치원,127.0973921911687370_37.5534278259907950,446.0,23.0,서행,127.0973921911687370_37.5534278259907950|127.0976202228682155_37.5533234892310048|127.0977507414220185_37.5532866935278804|127.0979322170566519_37.5532482876912397|127.0983398303619225_37.5531138498259409|127.0993272146760091_37.5527510123888746|127.0994452128869483_37.5526820552185399|127.0995342046890926_37.5526123691506086|127.0995833295077659_37.5525565397521603|127.0996019406459254_37.5525050464495607|127.0996584339095392_37.5521263643794327|127.0996779811088544_37.5520292239200231|127.0997188056076936_37.5519588908967279|127.0997847039527784_37.5518871869768418|127.0998855677940895_37.5518037314638420|127.1001214267548676_37.5516212093827946|127.1002603396649135_37.5514757290182075|127.1006900113672913_37.5509485327873449|127.1008060127738588_37.5508156818041030
2026-09-04T13:22:12.125893+09:00,아차산,아차산,POI102,KEY_3,1040035900,영화사로,1040023901,금강유치원,127.0974780094158234_37.5535132633479805,1040023301,아차산공원,127.1008930142695732_37.5509054583929469,446.0,21.0,서행,127.1008930142695732_37.5509054583929469|127.1008027509701463_37.5510088322909041|127.1003715070149127_37.5515379583983560|127.1002233760503088_37.5516930927998871|127.0999818487328383_37.5518800014346539|127.0998889001829042_37.5519569081877975|127.0998363985145971_37.5520140344068167|127.0998091107366292_37.5520610472150693|127.0997929633906693_37.5521412983215299|127.0997354949309255_37.5525265117099991|127.0997075659435183_37.5526037877441468|127.0996382970092498_37.5526825105262034|127.0995334621833450_37.5527646032513402|127.0993965465031437_37.5528446154590370|127.0983942956821977_37.5532129159948909|127.0979758415217589_37.5533509291907990|127.0977909160551889_37.5533900650563055|127.0976771901570004_37.5534221274872380|127.0974780094158234_37.5535132633479805
2026-09-04T13:22:12.125893+09:00,아차산,아차산,POI102,KEY_3,1040036600,영화사로,1040024201,영화사삼거리,127.0945392348431398_37.5546032858723038,1040023901,금강유치원,127.0974780094158234_37.5535132633479805,379.0,15.5,서행,127.0974780094158234_37.5535132633479805|127.0977822383135560_37.5538544536056946|127.0977886680209963_37.5539275660333800|127.0977520642529015_37.5539780233728280|127.0969567317195583_37.5544790466728244|127.0968770994306567_37.5545292107245459|127.0965242691939068_37.5547022443235079|127.0963272401162385_37.5547666706726488|127.0961289793592641_37.5548125758914679|127.0959124514986911_37.5548481197310480|127.0957455808237313_37.5548603339358635|127.0955488408334588_37.5548515437013606|127.0952229064879049_37.5548132605374718|127.0947469052585745_37.5546546057004775|127.0947279301697534_37.5546498039577088|127.0945472578703885_37.5546040837293731|127.0945392348431398_37.5546032858723038
2026-09-04T13:22:12.125893+09:00,아차산,아차산,POI102,KEY_3,1040038900,긴고랑로,1040032800,중곡동 143-127,127.0958120816944188_37.5610219921190591,1040004802,관음사,127.0950177358912470_37.5601697751550248,123.0,16.0,서행,127.0950177358912470_37.5601697751550248|127.0955765335709913_37.5605344921423665|127.0956459965098020_37.5605940917725789|127.0957037292286032_37.5606835950337938|127.0957857387401617_37.5609121987379737|127.0958120816944188_37.5610219921190591
2026-09-04T13:22:12.125893+09:00,아차산,아차산,POI102,KEY_3,1040047701,워커힐로,1040031002,광장동 383-17,127.0990645876057386_37.5494355369845252,1040023304,아차산공원,127.1008060127738588_37.5508156818041030,259.0,28.0,원활,127.1008060127738588_37.5508156818041030|127.1007925997512018_37.5507935691135231|127.1007710308057597_37.5507250504072232|127.1007604189920812_37.5505920649480416|127.1007643063759076_37.5503937798927510|127.1007650635919077_37.5502518197930542|127.1007541636568021_37.5501729142761178|127.1006899832523089_37.5500014397067403|127.1006423739781184_37.5499066367278402|127.1005891182432919_37.5498095617160885|127.1005187118289257_37.5497439749477522|127.1004397073080270_37.5496986399784447|127.1003068333099293_37.5496711499487006|127.0998769118242109_37.5496201196427037|127.0994979086849526_37.5495737670072103|127.0992971711559250_37.5495347777035136|127.0991778144667279_37.5494938123189002|127.0990645876057386_37.5494355369845252
2026-09-04T13:22:12.125893+09:00,아차산,아차산,POI102,KEY_3,1040047801,워커힐로,1040023303,아차산공원,127.1008908597615203_37.5507185101470071,1040031003,광장동 383-17,127.0991143822563743_37.5493704376081254,256.0,28.0,원활,127.0991143822563743_37.5493704376081254|127.0992192405733618_37.5494212813986437|127.0993654541225908_37.5494679716120316|127.0994771101612315_37.5494937011082897|127.0996319481334496_37.5495156333044022|127.0998766138181537_37.5495435035139451|127.1003129181202098_37.5495917389092568|127.1004436663644981_37.5496197848547766|127.1005227250856393_37.5496549799425523|127.1005960988636190_37.5496946622863774|127.1006383112054863_37.5497398726420357|127.1006769562851701_37.5497907046482595|127.1007483860163774_37.5499295289827515|127.1008077138042012_37.5500823966485697|127.1008466336960794_37.5502143515265274|127.1008595392178506_37.5503152333671437|127.1008666840009056_37.5505676364613024|127.1008712614258087_37.5506380707744967|127.1008871446091320_37.5507113587990773|127.1008908597615203_37.5507185101470071
2026-09-04T13:22:12.125893+09:00,아차산,아차산,POI102,KEY_3,2210000104,아차산로,2210000113,아천동 304-1,127.1148808859241797_37.5629285934982349,2210000105,아천동268,127.1164076630803379_37.5662038218868801,393.0,54.0,원활,127.1164076630803379_37.5662038218868801|127.1162906430716362_37.5660260764270149|127.1160703938195979_37.5657270770442864|127.1160687682345127_37.5657247639847682|127.1157006430136818_37.5651641699431380|127.1154016113760861_37.5647442949758172|127.1154002681514754_37.5647422942762006|127.1153120188190115_37.5646053579684249|127.1153107366244370_37.5646032950394329|127.1153096116640313_37.5646011697881619|127.1152458934182050_37.5644772955287323|127.1151526736599493_37.5643058891441441|127.1151514554129562_37.5643034504356805|127.1151503616254388_37.5643009818729539|127.1151494250715785_37.5642984509881472|127.1150902682137627_37.5641234514869637|127.1150893295690025_37.5641202944115378|127.1150105180551577_37.5638156075563430|127.1150099562526350_37.5638131384738685|127.1149852678241530_37.5636884827079669|127.1149848622680310_37.5636860450080050|127.1149352684571596_37.5633314504835170|127.1149352681221814_37.5633312324428132|127.1148808859241797_37.5629285934982349
2026-09-04T13:22:12.125893+09:00,아차산,아차산,POI102,KEY_3,2210000204,아차산로,2210000104,아천동268,127.1165280035745013_37.5661536019367190,2210000110,아천동 314-17,127.1150159324927245_37.5629170357202895,389.0,46.0,원활,127.1150159324927245_37.5629170357202895|127.1150702994088419_37.5633195762730736|127.1151196745152419_37.5636728582033186|127.1151438930360342_37.5637950447698401|127.1152219865336264_37.5640969193284207|127.1152792995577556_37.5642665758573315|127.1153707988243440_37.5644348573687950|127.1153709871964566_37.5644351698302401|127.1153711439249321_37.5644355138574753|127.1153713300333123_37.5644358263211657|127.1154342060962676_37.5645580759406883|127.1155204553782596_37.5646919516305360|127.1158193615435579_37.5651116390162443|127.1158195805287789_37.5651119829817759|127.1158197994637788_37.5651122945115006|127.1158200184015641_37.5651126078432256|127.1158202373853783_37.5651129509077535|127.1158204551899047_37.5651132633396116|127.1161883937617461_37.5656735139164084|127.1164086432788878_37.5659724824473784|127.1164088622202542_37.5659727948769699|127.1164090812093121_37.5659731379403681|127.1164093307131395_37.5659734512408079|127.1164095496545343_37.5659737636703639|127.1164097674640061_37.5659740761010710|127.1164099875863513_37.5659744200643217|127.1164102053958516_37.5659747324950217|127.1165280035745013_37.5661536019367190
2026-09-04T13:22:12.125893+09:00,아차산,아차산,POI102,KEY_3,2210000700,아차산로,2210000105,아천동268,127.1164076630803379_37.5662038218868801,2210000204,아치울삼거리,127.1192506804836597_37.5692536117197804,424.0,62.3,원활,127.1192506804836597_37.5692536117197804|127.1190496732744322_37.5690724000063696|127.1185543295898981_37.5686479621573852|127.1185524864427663_37.5686463061772571|127.1179837045937973_37.5681171502757962|127.1177293291578536_37.5678918688914081|127.1175577044471225_37.5677438694395605|127.1175555178311214_37.5677418687043598|127.1175534544965302_37.5677398056777250|127.1175515177923359_37.5677376506234353|127.1173843613294565_37.5675426811850528|127.1173838918332990_37.5675421185298077|127.1171630797363861_37.5672774929988407|127.1171618298735666_37.5672758994774370|127.1171606105723839_37.5672743059256860|127.1170134860041969_37.5670682121973556|127.1168223300640108_37.5668150569144785|127.1168212989169035_37.5668136190451420|127.1166347983959639_37.5665486810274487|127.1166339236057468_37.5665473376064512|127.1164076630803379_37.5662038218868801
2026-09-04T13:22:12.125893+09:00,아차산,아차산,POI102,KEY_3,2210000800,아차산로,2210000203,아치울삼거리,127.1193525150356294_37.5691820436574844,2210000104,아천동268,127.1165280035745013_37.5661536019367190,421.0,42.0,원활,127.1165280035745013_37.5661536019367190|127.1167537679690867_37.5664964624706528|127.1169392989007889_37.5667600560767667|127.1171303292096297_37.5670130554248658|127.1171304858049069_37.5670133057462365|127.1171306729136461_37.5670135254034747|127.1171308294595264_37.5670137441900422|127.1171309860533825_37.5670139936103880|127.1171311731607290_37.5670142123666295|127.1172775492191533_37.5672192435190766|127.1174967977411114_37.5674820251561457|127.1176608914456239_37.5676734313503857|127.1178294547480192_37.5678188064072742|127.1178296734552191_37.5678189629621500|127.1178298616474507_37.5678191492803393|127.1178300792723945_37.5678193373711480|127.1180852980999418_37.5680453691276313|127.1180855168566950_37.5680455563158375|127.1180857356632288_37.5680457750388399|127.1180859544199819_37.5680459622270249|127.1180861731781704_37.5680461503162206|127.1180863919846900_37.5680463690392017|127.1186547988044993_37.5685751806489279|127.1191497674074640_37.5689993067157886|127.1191499850879580_37.5689995254378886|127.1191502355443816_37.5689997125921025|127.1191504543065918_37.5689998997782837|127.1191507048132365_37.5690001184672511|127.1191509236256820_37.5690003371882142|127.1193525150356294_37.5691820436574844
2026-09-04T13:22:12.125893+09:00,아차산,아차산,POI102,KEY_3,2210000901,아차산로,2219108700,최소노드배치점,127.1206998377133743_37.5714703267250627,2210019703,아치울마을입구교차로,127.1219933923624126_37.5735438381385620,257.0,53.0,원활,127.1219933923624126_37.5735438381385620|127.1216237678160894_37.5728874513230764|127.1206998377133743_37.5714703267250627
2026-09-04T13:22:12.125893+09:00,아차산,아차산,POI102,KEY_3,2210001001,아차산로,2219108800,최소노드배치점,127.1208204065706013_37.5714205263891898,2210000202,아치울삼거리,127.1194802690020680_37.5693649396868778,257.0,39.0,원활,127.1194802690020680_37.5693649396868778|127.1208204065706013_37.5714205263891898
2026-09-04T13:22:12.125893+09:00,아차산,아차산,POI102,KEY_3,2210046000,토평강변로,2210000202,아치울삼거리,127.1194802690020680_37.5693649396868778,2210006002,속성변화점,127.1239011064881907_37.5712366063836569,442.0,26.0,원활,127.1239011064881907_37.5712366063836569|127.1232388189529132_37.5709623304387108|127.1219628442181886_37.5704268509566077|127.1204129899585666_37.5697587927906440|127.1194802690020680_37.5693649396868778
2026-09-04T13:22:12.125893+09:00,안양천,안양천,POI125,KEY_4,1140005300,안양천로,1140017504,목일중학교앞교차로,126.8754414118770768_37.5133268628390297,1140003003,신정교교차로,126.8771684095813441_37.5173232334173079,487.0,34.5,원활,126.8771684095813441_37.5173232334173079|126.8770492715621714_37.5162325975909283|126.8769254186979083_37.5152220259739053|126.8769038228937802_37.5150934663437070|126.8768603632752132_37.5149507201433607|126.8767902331647548_37.5147577494091067|126.8767160804796674_37.5146112680035841|126.8766340664943471_37.5144698086394968|126.8764959530556098_37.5143077666143867|126.8754414118770768_37.5133268628390297
2026-09-04T13:22:12.125893+09:00,안양천,안양천,POI125,KEY_4,1140005401,안양천로,1140018000,신정동쌍용아파트,126.8771844966631619_37.5162232254841683,1140017501,목일중학교앞교차로,126.8755445066785086_37.5132565360681909,373.0,48.0,원활,126.8755445066785086_37.5132565360681909|126.8766039862775870_37.5142420314940210|126.8767526226287430_37.5144164200124095|126.8768407128762163_37.5145683588944010|126.8769186968702201_37.5147224090392797|126.8769915725535640_37.5149229329656393|126.8770374141606680_37.5150735005047409|126.8770602759908002_37.5152096001231357|126.8771844966631619_37.5162232254841683
2026-09-04T13:22:12.125893+09:00,안양천,안양천,POI125,KEY_4,1140005402,안양천로,1140003002,신정교교차로,126.8773036367130658_37.5173138610034584,1140018000,신정동쌍용아파트,126.8771844966631619_37.5162232254841683,122.0,53.5,원활,126.8771844966631619_37.5162232254841683|126.8773036367130658_37.5173138610034584
2026-09-04T13:22:12.125893+09:00,안양천,안양천,POI125,KEY_4,1140009501,도림천로,1140003003,신정교교차로,126.8771684095813441_37.5173232334173079,1140019102,신정동현대아파트,126.8761126202360856_37.5175917621060364,98.0,23.0,서행,126.8761126202360856_37.5175917621060364|126.8771684095813441_37.5173232334173079
2026-09-04T13:22:12.125893+09:00,안양천,안양천,POI125,KEY_4,1140009601,도림천로,1140019101,신정동현대아파트,126.8761539085131744_37.5176947593198875,1140003004,신정교교차로,126.8771805616940185_37.5174336412253382,95.0,20.5,서행,126.8771805616940185_37.5174336412253382|126.8761539085131744_37.5176947593198875
2026-09-04T13:22:12.125893+09:00,안양천,안양천,POI125,KEY_4,1140012500,안양천로,1140310800,최소노드배치점,126.8775163465214035_37.5198303050041133,1140004904,신정동 137-2,126.8782632688182161_37.5221322207168839,268.0,48.0,원활,126.8782632688182161_37.5221322207168839|126.8782981016445603_37.5218734009839139|126.8782983970848619_37.5216915105551223|126.8782899061957039_37.5215347769621914|126.8782687357557535_37.5214259401943480|126.8782126253799163_37.5212531304698587|126.8776046350151319_37.5200558238897699|126.8775163465214035_37.5198303050041133
2026-09-04T13:22:12.125893+09:00,안양천,안양천,POI125,KEY_4,1140012601,안양천로,1140019200,신정동쌍용아파트,126.8774277767779068_37.5184368802104729,1140003001,신정교교차로,126.8773157767078033_37.5174241538264965,113.0,48.0,원활,126.8773157767078033_37.5174241538264965|126.8774277767779068_37.5184368802104729
2026-09-04T13:22:12.125893+09:00,안양천,안양천,POI125,KEY_4,1140012602,안양천로,1140004903,신정동 137-2,126.8783982430570489_37.5221437443696928,1140019200,신정동쌍용아파트,126.8774277767779068_37.5184368802104729,426.0,39.0,원활,126.8774277767779068_37.5184368802104729|126.8774952028564798_37.5191418307164994|126.8775390353828385_37.5194455320804607|126.8776179855951369_37.5197267258202132|126.8776459355257060_37.5197981187704457|126.8777325662202884_37.5200194000170413|126.8783418122356039_37.5212191777890709|126.8784018478279023_37.5214040739357841|126.8784252027244150_37.5215241376156143|126.8784341474975008_37.5216892491856768|126.8784338392301549_37.5218792486221702|126.8783982430570489_37.5221437443696928
2026-09-04T13:22:12.125893+09:00,안양천,안양천,POI125,KEY_4,1140016600,안양천로,1140005803,오목교앞,126.8780911957869648_37.5240790938181874,1140004902,신정동 137-2,126.8783813240257246_37.5222566391420145,204.0,46.0,원활,126.8783813240257246_37.5222566391420145|126.8780911957869648_37.5240790938181874
2026-09-04T13:22:12.125893+09:00,안양천,안양천,POI125,KEY_4,1140053000,도림천로,1160119602,구로구-영등포구,126.8797245973547803_37.5166854276940924,1140018400,신정교,126.8786197862322069_37.5169667906104252,103.0,17.0,서행,126.8786197862322069_37.5169667906104252|126.8797245973547803_37.5166854276940924
2026-09-04T13:22:12.125893+09:00,안양천,안양천,POI125,KEY_4,1140053100,도림천로,1140018700,신정교,126.8786611225654184_37.5170697753778697,1160119601,구로구-영등포구,126.8797659831452904_37.5167884002737182,103.0,45.0,원활,126.8797659831452904_37.5167884002737182|126.8786611225654184_37.5170697753778697
2026-09-04T13:22:12.125893+09:00,안양천,안양천,POI125,KEY_4,1140053200,도림천로,1140018400,신정교,126.8786197862322069_37.5169667906104252,1140018000,신정동쌍용아파트,126.8771844966631619_37.5162232254841683,179.0,44.7,원활,126.8771844966631619_37.5162232254841683|126.8772780212092641_37.5165177245500558|126.8773854992852677_37.5166787499102909|126.8774885478867418_37.5168040115666628|126.8775782041790308_37.5168827738027630|126.8776858526776863_37.5169400990188606|126.8778159595431276_37.5169902961100377|126.8779460957034217_37.5170226135845652|126.8780304104791270_37.5170269011575996|126.8786197862322069_37.5169667906104252
2026-09-04T13:22:12.125893+09:00,안양천,안양천,POI125,KEY_4,1140053700,안양천로,1140019200,신정동쌍용아파트,126.8774277767779068_37.5184368802104729,1140018700,신정교,126.8786611225654184_37.5170697753778697,208.0,40.0,원활,126.8786611225654184_37.5170697753778697|126.8781736489334548_37.5172408290595598|126.8779815323018596_37.5173158708015322|126.8778781977704000_37.5173658255310087|126.8777613594226779_37.5174372226786232|126.8776849305162102_37.5175050845818490|126.8776219701787227_37.5175729603903463|126.8775544839652980_37.5176622870544563|126.8775094337992755_37.5177587891090099|126.8774688135033557_37.5178910538406782|126.8774371547105915_37.5180340551944767|126.8774277767779068_37.5184368802104729
2026-09-04T13:22:12.125893+09:00,안양천,안양천,POI125,KEY_4,1140053800,신목로,1140018400,신정교,126.8786197862322069_37.5169667906104252,1140019302,신정교(서측),126.8745764250714956_37.5179766998355859,376.0,54.0,원활,126.8745764250714956_37.5179766998355859|126.8746964468175662_37.5178856611709719|126.8747349174787757_37.5178761562431475|126.8760098097402533_37.5175611607569408|126.8772001068155646_37.5172584212099949|126.8786197862322069_37.5169667906104252
2026-09-04T13:22:12.125893+09:00,안양천,안양천,POI125,KEY_4,1140053900,신목로,1140019301,신정교(서측),126.8746215712428409_37.5180786650471632,1140018700,신정교,126.8786611225654184_37.5170697753778697,375.0,37.0,원활,126.8786611225654184_37.5170697753778697|126.8772813433645723_37.5174647569257260|126.8760913149289991_37.5177674281831415|126.8748252720141352_37.5180802368483270|126.8747818393032674_37.5180909677359509|126.8746215712428409_37.5180786650471632
2026-09-04T13:22:12.125893+09:00,안양천,안양천,POI125,KEY_4,1140059100,오목로,1180072102,양천구-영등포구,126.8798127598729764_37.5238124759839593,1140005803,오목교앞,126.8780911957869648_37.5240790938181874,155.0,47.3,원활,126.8780911957869648_37.5240790938181874|126.8798127598729764_37.5238124759839593
2026-09-04T13:22:12.125893+09:00,안양천,안양천,POI125,KEY_4,1140059200,오목로,1140005802,오목교앞,126.8780735218519879_37.5241919764275096,1180072101,양천구-영등포구,126.8798383046578664_37.5239186642518590,159.0,44.3,원활,126.8798383046578664_37.5239186642518590|126.8780735218519879_37.5241919764275096
2026-09-04T13:22:12.125893+09:00,안양천,안양천,POI125,KEY_4,1160003102,서부간선도로,1160044802,지하차도(북측),126.8756726558463157_37.5087758296454012,1160047302,지하차도(남측),126.8808635001100669_37.5145797730726116,791.0,54.0,원활,126.8808635001100669_37.5145797730726116|126.8807057923003470_37.5144308276624585|126.8800689815355156_37.5137965539118028|126.8794977541810880_37.5131814475717249|126.8784949853081230_37.5120165668361594|126.8767394160038577_37.5100185314225953|126.8758964120837334_37.5090544609198560|126.8756726558463157_37.5087758296454012
2026-09-04T13:22:12.125893+09:00,안양천,안양천,POI125,KEY_4,1160003103,서부간선도로,1160047302,지하차도(남측),126.8808635001100669_37.5145797730726116,1160047704,속성변화점,126.8818954820598606_37.5156387959905970,149.0,40.0,원활,126.8818954820598606_37.5156387959905970|126.8818341862618837_37.5155414502111171|126.8816133512363251_37.5152879534536297|126.8810041996648863_37.5147126561865605|126.8808635001100669_37.5145797730726116
2026-09-04T13:22:12.125893+09:00,안양천,안양천,POI125,KEY_4,1160003202,서부간선도로,1160047301,지하차도(남측),126.8809672943436766_37.5145100402310518,1160044801,지하차도(북측),126.8757874324690533_37.5087179220132967,790.0,31.0,원활,126.8757874324690533_37.5087179220132967|126.8760093466115677_37.5089943834283019|126.8768507380769819_37.5099566098020603|126.8786065968032091_37.5119549700440018|126.8796083595338473_37.5131186811187334|126.8801766210233808_37.5137305907656398|126.8808107274078907_37.5143621726202170|126.8809672943436766_37.5145100402310518
2026-09-04T13:22:12.125893+09:00,안양천,안양천,POI125,KEY_4,1160003203,서부간선도로,1160047701,속성변화점,126.8820147707367596_37.5155869944456768,1160047301,지하차도(남측),126.8809672943436766_37.5145100402310518,152.0,24.0,서행,126.8809672943436766_37.5145100402310518|126.8811073391141235_37.5146423024857896|126.8817212650556030_37.5152221099264906|126.8819512390905970_37.5154860951882370|126.8820147707367596_37.5155869944456768
2026-09-04T13:22:12.125893+09:00,안양천,안양천,POI125,KEY_4,1160086400,서부간선도로,1160047702,속성변화점,126.8820744160497327_37.5155610940041981,1160047301,지하차도(남측),126.8809672943436766_37.5145100402310518,154.0,20.0,서행,126.8809672943436766_37.5145100402310518|126.8811828896822504_37.5146297746207438|126.8817752230281428_37.5151891863246689|126.8820097654408698_37.5154584171825221|126.8820744160497327_37.5155610940041981
2026-09-04T13:22:12.125893+09:00,안양천,안양천,POI125,KEY_4,1160086500,서부간선도로,1160047302,지하차도(남측),126.8808635001100669_37.5145797730726116,1160047703,속성변화점,126.8818358373772242_37.5156646964920810,149.0,56.0,원활,126.8818358373772242_37.5156646964920810|126.8817756609145988_37.5155691272293694|126.8815593931245047_37.5153208751787091|126.8809662175801094_37.5147606652219707|126.8808635001100669_37.5145797730726116
2026-09-04T13:22:12.125893+09:00,안양천,안양천,POI125,KEY_4,1180001302,서부간선도로,1180000404,신정교교차로,126.8821548721505508_37.5161762663576610,1180029502,지하차도(북측),126.8821347742308632_37.5181953925741851,226.0,7.0,정체,126.8821347742308632_37.5181953925741851|126.8821764225875199_37.5179333317516850|126.8822522626400513_37.5174561091917340|126.8823032686718761_37.5170219351509999|126.8822933899772067_37.5168032212340421|126.8822600485964784_37.5165639563687208|126.8821803916431321_37.5162355054491172|126.8821548721505508_37.5161762663576610
2026-09-04T13:22:12.125893+09:00,안양천,안양천,POI125,KEY_4,1180001303,서부간선도로,1180029502,지하차도(북측),126.8821347742308632_37.5181953925741851,1180039802,지하차도(남측),126.8816377409904419_37.5220471208314379,430.0,53.0,원활,126.8816377409904419_37.5220471208314379|126.8816588750321870_37.5218659446900631|126.8818010380468877_37.5205983469667856|126.8818795627989147_37.5198012328953183|126.8821347742308632_37.5181953925741851
2026-09-04T13:22:12.125893+09:00,안양천,안양천,POI125,KEY_4,1180001304,서부간선도로,1180039802,지하차도(남측),126.8816377409904419_37.5220471208314379,1180043603,오목교(동측),126.8814322117859632_37.5235690185835296,171.0,38.0,원활,126.8814322117859632_37.5235690185835296|126.8814491142259584_37.5230798735196203|126.8815449824190154_37.5222579698871712|126.8816377409904419_37.5220471208314379
2026-09-04T13:22:12.125893+09:00,안양천,안양천,POI125,KEY_4,1180001401,서부간선도로,1180029501,지하차도(북측),126.8822694875200909_37.5182089755097508,1180000401,신정교교차로,126.8822840164086045_37.5161428086982127,231.0,18.0,서행,126.8822840164086045_37.5161428086982127|126.8823119113908717_37.5162075577046394|126.8823944066752887_37.5165477063838750|126.8824289072809677_37.5167953003374279|126.8824392848786431_37.5170250403142660|126.8823872535443513_37.5174679441118002|126.8823218289801673_37.5178796219673174|126.8822694875200909_37.5182089755097508
2026-09-04T13:22:12.125893+09:00,안양천,안양천,POI125,KEY_4,1180001402,서부간선도로,1180039801,지하차도(남측),126.8817729565984678_37.5220571259198366,1180029501,지하차도(북측),126.8822694875200909_37.5182089755097508,429.0,24.0,서행,126.8822694875200909_37.5182089755097508|126.8820146869627621_37.5198122610743354|126.8819363590698259_37.5206073896224908|126.8817941111366849_37.5218757586812330|126.8817729565984678_37.5220571259198366
2026-09-04T13:22:12.125893+09:00,안양천,안양천,POI125,KEY_4,1180001403,서부간선도로,1180043602,오목교(동측),126.8817053471465925_37.5235261002078246,1180039801,지하차도(남측),126.8817729565984678_37.5220571259198366,164.0,30.5,원활,126.8817729565984678_37.5220571259198366|126.8818156332547176_37.5222756645993343|126.8817203162169847_37.5230928666769614|126.8817053471465925_37.5235261002078246
2026-09-04T13:22:12.125893+09:00,안양천,안양천,POI125,KEY_4,1180017001,도림천로,1180000403,신정교교차로,126.8821108094355594_37.5160739870999933,1160119602,구로구-영등포구,126.8797245973547803_37.5166854276940924,222.0,18.0,서행,126.8797245973547803_37.5166854276940924|126.8815754833351122_37.5162128295313266|126.8821108094355594_37.5160739870999933
2026-09-04T13:22:12.125893+09:00,안양천,안양천,POI125,KEY_4,1180017101,도림천로,1160119601,구로구-영등포구,126.8797659831452904_37.5167884002737182,1180000404,신정교교차로,126.8821548721505508_37.5161762663576610,222.0,25.0,원활,126.8821548721505508_37.5161762663576610|126.8816175090696134_37.5163156373744968|126.8797659831452904_37.5167884002737182
2026-09-04T13:22:12.125893+09:00,안양천,안양천,POI125,KEY_4,1180027800,오목로,1180043603,오목교(동측),126.8814322117859632_37.5235690185835296,1180072102,양천구-영등포구,126.8798127598729764_37.5238124759839593,146.0,49.0,원활,126.8798127598729764_37.5238124759839593|126.8814322117859632_37.5235690185835296
2026-09-04T13:22:12.125893+09:00,안양천,안양천,POI125,KEY_4,1180027901,오목로,1180072101,양천구-영등포구,126.8798383046578664_37.5239186642518590,1180043800,오목교(서측),126.8804633953107981_37.5238246952276810,56.0,43.0,원활,126.8804633953107981_37.5238246952276810|126.8798383046578664_37.5239186642518590
2026-09-04T13:22:12.125893+09:00,안양천,안양천,POI125,KEY_4,1180027902,오목로,1180043800,오목교(서측),126.8804633953107981_37.5238246952276810,1180043604,오목교(동측),126.8814283900210569_37.5236796179324799,87.0,49.0,원활,126.8814283900210569_37.5236796179324799|126.8804633953107981_37.5238246952276810
2026-09-04T13:22:12.125893+09:00,안양천,안양천,POI125,KEY_4,1180069200,서부간선도로,1180029501,지하차도(북측),126.8822694875200909_37.5182089755097508,1160047702,속성변화점,126.8820744160497327_37.5155610940041981,302.0,16.0,서행,126.8820744160497327_37.5155610940041981|126.8821718541549046_37.5157158406422866|126.8823776706625353_37.5161935837768254|126.8824615845632593_37.5165395804319672|126.8824966659229574_37.5167913393802976|126.8825072929849966_37.5170265937381728|126.8824547495795940_37.5174738606135492|126.8823703586272131_37.5180048867798703|126.8822694875200909_37.5182089755097508
2026-09-04T13:22:12.125893+09:00,안양천,안양천,POI125,KEY_4,1180069300,서부간선도로,1160047703,속성변화점,126.8818358373772242_37.5156646964920810,1180029502,지하차도(북측),126.8821347742308632_37.5181953925741851,287.0,57.5,원활,126.8821347742308632_37.5181953925741851|126.8821034416390603_37.5179619274509548|126.8821847666370672_37.5174501925743016|126.8822352605743049_37.5170203816096404|126.8822256313140144_37.5168071820745084|126.8821928695353733_37.5165720813037566|126.8821146323010538_37.5162494774648607|126.8819209169217288_37.5157998167306985|126.8818358373772242_37.5156646964920810
2026-09-04T13:22:12.125893+09:00,안양천,안양천,POI125,KEY_4,1180089100,서부간선도로,1180045301,양평동 488,126.8819829949260480_37.5250903944249004,1180039801,지하차도(남측),126.8817729565984678_37.5220571259198366,342.0,48.0,원활,126.8817729565984678_37.5220571259198366|126.8816525281542766_37.5230896182332216|126.8816213021879520_37.5239933226042837|126.8816890923990712_37.5243066319619558|126.8817580718192630_37.5245520474594514|126.8818563203447809_37.5248208551664248|126.8819829949260480_37.5250903944249004
2026-09-04T13:22:12.125893+09:00,안양천,안양천,POI125,KEY_4,1180089200,서부간선도로,1180039802,지하차도(남측),126.8816377409904419_37.5220471208314379,1180045302,양평동 488,126.8818626446242632_37.5251361728659560,348.0,53.0,원활,126.8818626446242632_37.5251361728659560|126.8817273514576556_37.5248549758679957|126.8816264833464089_37.5245790024652521|126.8815558360683724_37.5243276422111620|126.8814851826298593_37.5240010941867013|126.8815169022707323_37.5230831220800951|126.8816377409904419_37.5220471208314379
2026-09-04T13:22:12.125893+09:00,안양천,안양천,POI125,KEY_4,1180089900,서부간선도로,1180043800,오목교(서측),126.8804633953107981_37.5238246952276810,1180045302,양평동 488,126.8818626446242632_37.5251361728659560,208.0,36.0,원활,126.8818626446242632_37.5251361728659560|126.8816385318922642_37.5248793923368780|126.8815300030075406_37.5245992080018098|126.8814312596801130_37.5243394635966752|126.8813948548748982_37.5242627716034676|126.8813460143441176_37.5241745577067860|126.8812984599446878_37.5241121903218371|126.8812214161666958_37.5240425681289551|126.8811262132405346_37.5239774434312139|126.8810094381192073_37.5239204257641390|126.8808620127177420_37.5238742152199620|126.8807474520110077_37.5238533270029251|126.8805895923610478_37.5238375414289891|126.8804633953107981_37.5238246952276810
2026-09-04T13:22:12.125893+09:00,양화한강공원,양화한강공원,POI103,KEY_1,1180003700,선유로,1180061900,양화대교남측(북측),126.9003162310957862_37.5391581962178265,1180065002,마포구-영등포구,126.9034340062914481_37.5428697829536162,497.0,52.8,원활,126.9034340062914481_37.5428697829536162|126.9031865441036899_37.5426673699542377|126.9028418671644545_37.5423392663843316|126.9024924710115556_37.5419306337797138|126.9003162310957862_37.5391581962178265
2026-09-04T13:22:12.125893+09:00,양화한강공원,양화한강공원,POI103,KEY_1,1180003800,선유로,1180065001,마포구-영등포구,126.9035313025047884_37.5427943648450224,1180061700,양화대교남측(북측),126.9004310790266459_37.5391005237055850,494.0,55.0,원활,126.9004310790266459_37.5391005237055850|126.9026062043023870_37.5418715328792629|126.9029503279271580_37.5422739970822121|126.9032874115673764_37.5425948735123498|126.9035313025047884_37.5427943648450224
2026-09-04T13:22:12.125893+09:00,양화한강공원,양화한강공원,POI103,KEY_1,1180004201,올림픽대로,1180066401,성산대교분기점,126.8888411626850399_37.5477825572430532,1180064302,한강자전거대여소양화,126.8925371457164317_37.5437742927481963,562.0,70.5,원활,126.8925371457164317_37.5437742927481963|126.8920840338608400_37.5440075512365325|126.8918458095331800_37.5441503668725076|126.8916839670621073_37.5442682214603991|126.8915086205845597_37.5444075189047268|126.8912747864056456_37.5446182790339265|126.8910723726072547_37.5448397949720913|126.8908082604970247_37.5451847993744181|126.8904271842300204_37.5458700829895804|126.8902166002092571_37.5462759413564910|126.8900581956828546_37.5465467648014553|126.8898977213294899_37.5467868872686736|126.8896168017271009_37.5471118530247878|126.8893965836439008_37.5473450677299567|126.8891910883715042_37.5475280831896328|126.8889220242193687_37.5477175184840135|126.8888411626850399_37.5477825572430532
2026-09-04T13:22:12.125893+09:00,양화한강공원,양화한강공원,POI103,KEY_1,1180004202,올림픽대로,1180275300,최소노드배치점,126.8973404856717053_37.5409999643048806,1180061502,당산지하차도(북측),126.9013196980885141_37.5387211185546263,433.0,72.0,원활,126.9013196980885141_37.5387211185546263|126.9011851683369798_37.5388053759942224|126.9010147859780204_37.5389041639828065|126.9004464163211310_37.5392052021772926|126.8992840080575490_37.5398659278211255|126.8987716979411147_37.5401444059229448|126.8984481243431901_37.5403264967326322|126.8981425252922151_37.5404978739526811|126.8973404856717053_37.5409999643048806
2026-09-04T13:22:12.125893+09:00,양화한강공원,양화한강공원,POI103,KEY_1,1180106800,양화한강공원.내부도로,1180060401,당산지하차도(북측),126.9052179013469726_37.5363533026194389,1180059701,당산지하차도(남측),126.9041930519550760_37.5351897850495106,158.0,26.0,원활,126.9041930519550760_37.5351897850495106|126.9047283439570037_37.5357132613154292|126.9052179013469726_37.5363533026194389
2026-09-04T13:22:12.125893+09:00,양화한강공원,양화한강공원,POI103,KEY_1,1180106900,양화한강공원.내부도로,1180059702,당산지하차도(남측),126.9040909209916776_37.5352609227878347,1180060402,당산지하차도(북측),126.9050972926407468_37.5364022801269641,155.0,24.5,서행,126.9050972926407468_37.5364022801269641|126.9046172037866143_37.5357758001345374|126.9040909209916776_37.5352609227878347
2026-09-04T13:22:12.125893+09:00,양화한강공원,양화한강공원,POI103,KEY_1,1180107400,올림픽대로,1180061501,당산지하차도(북측),126.9015556784025023_37.5385874968487485,1180001500,여의하류IC,126.9073822654269605_37.5347960718864755,667.0,76.8,원활,126.9073822654269605_37.5347960718864755|126.9072345317692054_37.5349134869402548|126.9069884611113679_37.5350909463555098|126.9066843956993864_37.5352965328221515|126.9063396243953719_37.5355128432645273|126.9060177401819942_37.5357001839244901|126.9056790545791955_37.5358867804719907|126.9054259255949972_37.5360232687841986|126.9050418875323629_37.5362207157517815|126.9046007978930533_37.5364411017063091|126.9042278359899285_37.5366410471238581|126.9039222571481389_37.5368195915804179|126.9036885517153763_37.5369767392636717|126.9034053986285784_37.5371731792037053|126.9032818580892439_37.5372705365657353|126.9028659897484346_37.5375982637741359|126.9021557476865922_37.5381662372690172|126.9016882954194330_37.5384984036018210|126.9015556784025023_37.5385874968487485
2026-09-04T13:22:12.125893+09:00,양화한강공원,양화한강공원,POI103,KEY_1,1180116501,올림픽대로,1180068901,속성변화점,126.8911950618084461_37.5453818553184533,1180064301,한강자전거대여소양화,126.8929620179760462_37.5435397753914373,258.0,34.0,서행,126.8929620179760462_37.5435397753914373|126.8924624352412280_37.5440132348647282|126.8921333363990129_37.5443174516262701|126.8918236172157776_37.5446297185144644|126.8914783258249201_37.5450221939402695|126.8912862280317455_37.5452796272142280|126.8911950618084461_37.5453818553184533
2026-09-04T13:22:12.125893+09:00,양화한강공원,양화한강공원,POI103,KEY_1,1180116502,올림픽대로,1180068801,양화지구요트장,126.8906329199262615_37.5461883353215242,1180068901,속성변화점,126.8911950618084461_37.5453818553184533,103.0,25.5,정체,126.8911950618084461_37.5453818553184533|126.8910827866964581_37.5455077528260404|126.8909175555900362_37.5457420455788693|126.8907568639606609_37.5460066305290283|126.8907556915637258_37.5460085609179472|126.8906329199262615_37.5461883353215242
2026-09-04T13:22:12.125893+09:00,양화한강공원,양화한강공원,POI103,KEY_1,1180116503,올림픽대로,1180066401,성산대교분기점,126.8888411626850399_37.5477825572430532,1180068801,양화지구요트장,126.8906329199262615_37.5461883353215242,243.0,35.3,서행,126.8906329199262615_37.5461883353215242|126.8902923101416604_37.5466870824158718|126.8900853961976480_37.5469673717390222|126.8898821258784295_37.5471728631900064|126.8896131444485746_37.5473865270969185|126.8894001209834528_37.5475258725971770|126.8888411626850399_37.5477825572430532
2026-09-04T13:22:12.125893+09:00,양화한강공원,양화한강공원,POI103,KEY_1,1180120000,올림픽대로,1180064302,한강자전거대여소양화,126.8925371457164317_37.5437742927481963,1180068902,속성변화점,126.8910843041868759_37.5453192348812976,215.0,28.0,정체,126.8910843041868759_37.5453192348812976|126.8911722698863258_37.5452205951209876|126.8913641468294173_37.5449634600574385|126.8917145990619275_37.5445651196867445|126.8920285271805284_37.5442486087197196|126.8923589710925626_37.5439431491933036|126.8925371457164317_37.5437742927481963
2026-09-04T13:22:12.125893+09:00,양화한강공원,양화한강공원,POI103,KEY_1,1180120300,올림픽대로,1180273000,양화동 1-1,126.8906348080487021_37.5459591553834642,1180068802,양화지구요트장,126.8905741506410152_37.5460479760438872,11.0,27.0,정체,126.8905741506410152_37.5460479760438872|126.8906348080487021_37.5459591553834642
2026-09-04T13:22:12.125893+09:00,양화한강공원,양화한강공원,POI103,KEY_1,1180120400,양평로30길.인접길,1180068802,양화지구요트장,126.8905741506410152_37.5460479760438872,1180065702,노들로지하차도(북측),126.8898740097263413_37.5457796920981295,69.0,23.0,서행,126.8898740097263413_37.5457796920981295|126.8899657563483601_37.5458262969566476|126.8905741506410152_37.5460479760438872
2026-09-04T13:22:12.125893+09:00,양화한강공원,양화한강공원,POI103,KEY_1,1180120500,양평로30길.인접길,1180065701,노들로지하차도(북측),126.8898352916660031_37.5458883205518816,1180068801,양화지구요트장,126.8906329199262615_37.5461883353215242,78.0,22.0,정체,126.8906329199262615_37.5461883353215242|126.8899006495960151_37.5459215204837946|126.8898352916660031_37.5458883205518816
2026-09-04T13:22:12.125893+09:00,어린이대공원,어린이대공원,POI104,KEY_2,1040001702,자양로,1040047400,구의동 234-20,127.0850134877562425_37.5445799545474230,1040019303,구의사거리,127.0852016679581027_37.5450327198646008,53.0,22.0,서행,127.0852016679581027_37.5450327198646008|127.0850134877562425_37.5445799545474230
2026-09-04T13:22:12.125893+09:00,어린이대공원,어린이대공원,POI104,KEY_2,1040003702,천호대로,1040023704,아차산역(서울5호선),127.0894152102956696_37.5523730777975402,1040023802,아차산역앞교차로,127.0884235759888412_37.5534828698855989,152.0,14.0,정체,127.0884235759888412_37.5534828698855989|127.0886624862391585_37.5532839277980628|127.0886637034305267_37.5532829142311328|127.0888873635349370_37.5530645974054096|127.0890268085873771_37.5528999527207930|127.0891093055435448_37.5528025470138260|127.0892864462199441_37.5525787801403368|127.0893773157368827_37.5524360852402097|127.0894152102956696_37.5523730777975402
2026-09-04T13:22:12.125893+09:00,어린이대공원,어린이대공원,POI104,KEY_2,1040003703,천호대로,1040023005,아차산역(서울5호선),127.0896155483765142_37.5519975307228222,1040023703,아차산역(서울5호선),127.0894712980461918_37.5522739019515015,33.0,22.0,서행,127.0894712980461918_37.5522739019515015|127.0896155483765142_37.5519975307228222
2026-09-04T13:22:12.125893+09:00,어린이대공원,어린이대공원,POI104,KEY_2,1040003704,천호대로,1040055900,구의동 96,127.0897928318516392_37.5516388382775688,1040023004,아차산역(서울5호선),127.0896662697747672_37.5518971990822621,31.0,10.0,정체,127.0896662697747672_37.5518971990822621|127.0897928318516392_37.5516388382775688
2026-09-04T13:22:12.125893+09:00,어린이대공원,어린이대공원,POI104,KEY_2,1040012000,능동로,1040114300,화양동 164-1,127.0738499175466529_37.5469075575045395,1040021503,어린이대공원역교차로,127.0740638995458625_37.5472462986414683,43.0,15.5,서행,127.0740638995458625_37.5472462986414683|127.0740081337839626_37.5472033770291134|127.0739561575077659_37.5471262732918802|127.0738499175466529_37.5469075575045395
2026-09-04T13:22:12.125893+09:00,어린이대공원,어린이대공원,POI104,KEY_2,1040013002,광나루로,1040057800,능동 18-13,127.0824979527504297_37.5451942361248854,1040019707,능동 465-11,127.0801323371978810_37.5453265943592029,210.0,12.0,정체,127.0801323371978810_37.5453265943592029|127.0824979527504297_37.5451942361248854
2026-09-04T13:22:12.125893+09:00,어린이대공원,어린이대공원,POI104,KEY_2,1040013003,광나루로,1040117200,화양동 523-1,127.0748637792651294_37.5470177472935376,1040021502,어린이대공원역교차로,127.0742105755008993_37.5472088130338690,62.0,15.0,서행,127.0742105755008993_37.5472088130338690|127.0744760629178813_37.5471475290462635|127.0747110648677989_37.5470725121037390|127.0748637792651294_37.5470177472935376
2026-09-04T13:22:12.125893+09:00,어린이대공원,어린이대공원,POI104,KEY_2,1040013004,광나루로,1040106900,능동 465-6,127.0782098816718957_37.5456461445395817,1040019704,능동465-10,127.0762471218919387_37.5463437278881926,192.0,20.0,서행,127.0762471218919387_37.5463437278881926|127.0769710074017240_37.5459868418889471|127.0772206451426740_37.5458814034881883|127.0774360550218915_37.5458142118875813|127.0777244787871325_37.5457522535124895|127.0782098816718957_37.5456461445395817
2026-09-04T13:22:12.125893+09:00,어린이대공원,어린이대공원,POI104,KEY_2,1040013102,광나루로,1040085100,능동 462,127.0845336132097145_37.5451835926679252,1040019304,구의사거리,127.0852617177113899_37.5451373705296305,65.0,20.0,서행,127.0852617177113899_37.5451373705296305|127.0845336132097145_37.5451835926679252
2026-09-04T13:22:12.125893+09:00,어린이대공원,어린이대공원,POI104,KEY_2,1040013103,광나루로,1040090500,능동 465-11,127.0785202210576728_37.5456904243164828,1040019709,능동 465-11,127.0800014772765110_37.5454416646291946,134.0,25.0,원활,127.0800014772765110_37.5454416646291946|127.0797557368217099_37.5454526161265392|127.0795563669481396_37.5454751638663069|127.0794025475084794_37.5454975391919774|127.0791842773309526_37.5455452558775349|127.0785202210576728_37.5456904243164828
2026-09-04T13:22:12.125893+09:00,어린이대공원,어린이대공원,POI104,KEY_2,1040013104,광나루로,1040021501,어린이대공원역교차로,127.0743034621454655_37.5472999431202226,1040019702,능동465-10,127.0761424954991696_37.5465224763344168,185.0,8.0,정체,127.0761424954991696_37.5465224763344168|127.0756119425461179_37.5467840399242760|127.0751851251593791_37.5469944586241908|127.0751691298701047_37.5470022981979028|127.0749826196579164_37.5470937098645052|127.0749195443242172_37.5471163292778130|127.0747642377408795_37.5471720234904396|127.0745203439082331_37.5472498788895024|127.0743034621454655_37.5472999431202226
2026-09-04T13:22:12.125893+09:00,어린이대공원,어린이대공원,POI104,KEY_2,1040013500,광나루로,1040022106,화양삼거리,127.0705751138821142_37.5480841538030390,1040021504,어린이대공원역교차로,127.0741659660582599_37.5473332285597650,329.0,30.0,원활,127.0741659660582599_37.5473332285597650|127.0725793362072835_37.5477529486592232|127.0723983135173967_37.5477978010862756|127.0722290249340176_37.5478397458256126|127.0719422259231237_37.5478921797309795|127.0712641935088385_37.5479873932270394|127.0711515062522068_37.5480032170662241|127.0705751138821142_37.5480841538030390
2026-09-04T13:22:12.125893+09:00,어린이대공원,어린이대공원,POI104,KEY_2,1040014301,능동로,1040035000,능동 436-10,127.0764227755948639_37.5510178459050650,1040021501,어린이대공원역교차로,127.0743034621454655_37.5472999431202226,454.0,20.0,서행,127.0743034621454655_37.5472999431202226|127.0743627740555723_37.5473648979059718|127.0744499846126558_37.5474861903546113|127.0753298565593923_37.5489917495963965|127.0753384687054393_37.5490061886858584|127.0760108959974275_37.5501335583072020|127.0761500673246900_37.5503811278221491|127.0762744416538226_37.5506461437392076|127.0764227755948639_37.5510178459050650
2026-09-04T13:22:12.125893+09:00,어린이대공원,어린이대공원,POI104,KEY_2,1040036100,능동로32길,1040037800,능동 262-3,127.0873003378867026_37.5520986838956929,1040023704,아차산역(서울5호선),127.0894152102956696_37.5523730777975402,203.0,16.0,서행,127.0894152102956696_37.5523730777975402|127.0892263838892546_37.5523242468070180|127.0891766044352096_37.5523166637736523|127.0886595708244471_37.5523412692495668|127.0885738710277053_37.5523532015114228|127.0884820724995592_37.5524244455627922|127.0883918724937871_37.5524282928071429|127.0881666694092615_37.5523307128257855|127.0873648285240307_37.5520520112069249|127.0873476371065038_37.5520558576716894|127.0873003378867026_37.5520986838956929
2026-09-04T13:22:12.125893+09:00,여의도한강공원,여의도한강공원,POI105,KEY_3,1180024702,여의동로,1180007601,원효대교앞교차로,126.9379087682920613_37.5228966618330730,1180039300,원효대교(남측),126.9394984211137256_37.5216954122665811,194.0,24.0,서행,126.9394984211137256_37.5216954122665811|126.9379087682920613_37.5228966618330730
2026-09-04T13:22:12.125893+09:00,여의도한강공원,여의도한강공원,POI105,KEY_3,1180002501,여의대로,1180050904,마포대교앞교차로,126.9294559117414423_37.5292538203661366,1180052400,마포대교,126.9307212821010751_37.5300463600273631,142.0,43.0,원활,126.9307212821010751_37.5300463600273631|126.9294559117414423_37.5292538203661366
2026-09-04T13:22:12.125893+09:00,여의도한강공원,여의도한강공원,POI105,KEY_3,1180002601,여의대로,1180051800,마포대교,126.9308059681326171_37.5299618570035207,1180050901,마포대교앞교차로,126.9295779021332464_37.5291926767471580,138.0,46.0,원활,126.9295779021332464_37.5291926767471580|126.9308059681326171_37.5299618570035207
2026-09-04T13:22:12.125893+09:00,여의도한강공원,여의도한강공원,POI105,KEY_3,1180002602,여의대로,1180263600,최소노드배치점,126.9340230665834355_37.5320236982424547,1180051800,마포대교,126.9308059681326171_37.5299618570035207,365.0,38.0,원활,126.9308059681326171_37.5299618570035207|126.9335784255592046_37.5317501054697615|126.9340230665834355_37.5320236982424547
2026-09-04T13:22:12.125893+09:00,여의도한강공원,여의도한강공원,POI105,KEY_3,1180018603,여의동로,1180248600,여의도동 7-6,126.9406867369458780_37.5205161735924975,1180007003,시범아파트앞교차로,126.9402919444834907_37.5208989401789523,56.0,18.0,서행,126.9402919444834907_37.5208989401789523|126.9404650735248765_37.5207821875801457|126.9406178353196282_37.5206239357599500|126.9406867369458780_37.5205161735924975
2026-09-04T13:22:12.125893+09:00,여의도한강공원,여의도한강공원,POI105,KEY_3,1180018705,여의동로,1180033601,여의상류IC,126.9410620352872030_37.5197641943777285,1180032700,여의상류IC,126.9408644596989291_37.5190433065538684,83.0,19.0,서행,126.9408644596989291_37.5190433065538684|126.9409385909511201_37.5191950815743880|126.9409922183505728_37.5193112485734019|126.9410273832007618_37.5194267107547716|126.9410583553759722_37.5195846269940034|126.9410620352872030_37.5197641943777285
2026-09-04T13:22:12.125893+09:00,여의도한강공원,여의도한강공원,POI105,KEY_3,1180018706,여의동로,1180248500,여의도동 7-5,126.9408076990061289_37.5205652394176070,1180033601,여의상류IC,126.9410620352872030_37.5197641943777285,92.0,19.5,서행,126.9410620352872030_37.5197641943777285|126.9410197256354849_37.5200367526254936|126.9409429071853452_37.5203021469964426|126.9408500463545408_37.5204990074997298|126.9408076990061289_37.5205652394176070
2026-09-04T13:22:12.125893+09:00,여의도한강공원,여의도한강공원,POI105,KEY_3,1180024601,여의동로,1180007004,시범아파트앞교차로,126.9401991775211798_37.5209785278175971,1180007602,원효대교앞교차로,126.9377991695937595_37.5228304435030964,295.0,21.0,서행,126.9377991695937595_37.5228304435030964|126.9394041207515187_37.5216176335209894|126.9401086909208090_37.5210660656542530|126.9401991775211798_37.5209785278175971
2026-09-04T13:22:12.125893+09:00,여의도한강공원,여의도한강공원,POI105,KEY_3,1180024701,여의동로,1180039300,원효대교(남측),126.9394984211137256_37.5216954122665811,1180007001,시범아파트앞교차로,126.9403039746038786_37.5210472508129982,101.0,44.0,원활,126.9403039746038786_37.5210472508129982|126.9402089441002488_37.5211391841689448|126.9394984211137256_37.5216954122665811
2026-09-04T13:22:12.125893+09:00,여의도한강공원,여의도한강공원,POI105,KEY_3,1180027701,여의동로,1180044300,원효대교(남측),126.9363222446695119_37.5240962818884185,1180007604,원효대교앞교차로,126.9378089860223895_37.5229720840527037,181.0,44.0,원활,126.9378089860223895_37.5229720840527037|126.9363222446695119_37.5240962818884185
2026-09-04T13:22:12.125893+09:00,여의도한강공원,여의도한강공원,POI105,KEY_3,1180027702,여의동로,1180008201,여의도선착장앞교차로,126.9353157098191645_37.5248573421928668,1180044300,원효대교(남측),126.9363222446695119_37.5240962818884185,123.0,27.0,원활,126.9363222446695119_37.5240962818884185|126.9353157098191645_37.5248573421928668
2026-09-04T13:22:12.125893+09:00,여의도한강공원,여의도한강공원,POI105,KEY_3,1180031700,여의대방로,1180263900,최소노드배치점,126.9423668339206870_37.5252518313100794,1180043100,원효대교남단,126.9389194214592607_37.5234603791527448,364.0,36.0,원활,126.9389194214592607_37.5234603791527448|126.9423668339206870_37.5252518313100794
2026-09-04T13:22:12.125893+09:00,여의도한강공원,여의도한강공원,POI105,KEY_3,1180033501,여의동로,1180050000,마포대교남측,126.9304020221015321_37.5286131745307898,1180009104,여의중고교앞교차로,126.9325853985016863_37.5269417668937137,268.0,25.0,원활,126.9325853985016863_37.5269417668937137|126.9317038491518019_37.5276028935370434|126.9307836236958451_37.5283174604033363|126.9306853496340324_37.5283936719680753|126.9304020221015321_37.5286131745307898
2026-09-04T13:22:12.125893+09:00,여의도한강공원,여의도한강공원,POI105,KEY_3,1180033503,여의동로,1180050901,마포대교앞교차로,126.9295779021332464_37.5291926767471580,1180050000,마포대교남측,126.9304020221015321_37.5286131745307898,97.0,13.0,정체,126.9304020221015321_37.5286131745307898|126.9299369050538218_37.5289735100707489|126.9295779021332464_37.5291926767471580
2026-09-04T13:22:12.125893+09:00,여의도한강공원,여의도한강공원,POI105,KEY_3,1180038004,여의서로,1180057702,여의하류IC,126.9116446085465810_37.5333341738394211,1180010601,여의하류IC,126.9158866788485369_37.5334891812985134,389.0,26.7,원활,126.9158866788485369_37.5334891812985134|126.9157160525504509_37.5335075640938882|126.9145253690237212_37.5336052142657834|126.9129473608267773_37.5337346107591614|126.9127263123781830_37.5337454488282916|126.9125619724539717_37.5337376282147730|126.9123498788537177_37.5336886646839432|126.9121669423552277_37.5336324766132563|126.9119754499676134_37.5335430187373973|126.9117951706554237_37.5334397412671237|126.9116446085465810_37.5333341738394211
2026-09-04T13:22:12.125893+09:00,여의도한강공원,여의도한강공원,POI105,KEY_3,1180038702,여의서로,1180323000,최소노드배치점,126.9187881082516611_37.5328709059154022,1180010304,서강대교(남측),126.9216090189517701_37.5320376430852960,266.0,24.7,서행,126.9216090189517701_37.5320376430852960|126.9203533112228826_37.5324099776008708|126.9202812799588713_37.5324311902864451|126.9187881082516611_37.5328709059154022
2026-09-04T13:22:12.125893+09:00,여의도한강공원,여의도한강공원,POI105,KEY_3,1180039200,올림픽대로,1180058400,여의하류IC,126.9148490647562824_37.5338551834337650,1180010601,여의하류IC,126.9158866788485369_37.5334891812985134,100.0,30.5,서행,126.9158866788485369_37.5334891812985134|126.9155841280332453_37.5335956228786003|126.9148490647562824_37.5338551834337650
2026-09-04T13:22:12.125893+09:00,여의도한강공원,여의도한강공원,POI105,KEY_3,1180041102,국회대로,1180274900,최소노드배치점,126.9238759567866452_37.5352270758419237,1180010301,서강대교(남측),126.9217369577254289_37.5319990605573608,405.0,59.3,원활,126.9217369577254289_37.5319990605573608|126.9234661246942437_37.5346102805177892|126.9238759567866452_37.5352270758419237
2026-09-04T13:22:12.125893+09:00,여의도한강공원,여의도한강공원,POI105,KEY_3,1180086000,여의대방로,1180043100,원효대교남단,126.9389194214592607_37.5234603791527448,1180038401,원효대교(남측),126.9355118374576392_37.5214344074539099,377.0,5.0,정체,126.9355118374576392_37.5214344074539099|126.9357682265078324_37.5215237383808358|126.9368814016096110_37.5222080746101767|126.9378844663648636_37.5228141242598880|126.9386342653729258_37.5232817445596751|126.9389194214592607_37.5234603791527448
2026-09-04T13:22:12.125893+09:00,여의도한강공원,여의도한강공원,POI105,KEY_3,1180086100,여의대방로,1180038402,원효대교(남측),126.9354288936371944_37.5215199968422155,1180043400,원효대교남단,126.9388452416195463_37.5235509284484792,378.0,55.0,원활,126.9388452416195463_37.5235509284484792|126.9385269005017420_37.5234022392466500|126.9377236729463903_37.5229883934775685|126.9367164135576331_37.5223798075140991|126.9356023408485044_37.5216949187275617|126.9354288936371944_37.5215199968422155
2026-09-04T13:22:12.125893+09:00,여의도한강공원,여의도한강공원,POI105,KEY_3,1180086200,여의대방로,1180043100,원효대교남단,126.9389194214592607_37.5234603791527448,1180039300,원효대교(남측),126.9394984211137256_37.5216954122665811,256.0,17.0,서행,126.9394984211137256_37.5216954122665811|126.9394143576814571_37.5217932892441297|126.9390639344829168_37.5220578983287538|126.9386058222683715_37.5224039073714266|126.9384454643178373_37.5225455615191805|126.9383732776471589_37.5226476074626873|126.9383372872894142_37.5227369852470787|126.9383282232904264_37.5228406804968202|126.9383416241537788_37.5229229319018529|126.9383954201431948_37.5230195086963576|126.9384806415670255_37.5231196770154796|126.9389194214592607_37.5234603791527448
2026-09-04T13:22:12.125893+09:00,여의도한강공원,여의도한강공원,POI105,KEY_3,1180088800,여의동로,1180044300,원효대교(남측),126.9363222446695119_37.5240962818884185,1180043400,원효대교남단,126.9388452416195463_37.5235509284484792,262.0,47.0,원활,126.9388452416195463_37.5235509284484792|126.9384579493625438_37.5234164617016432|126.9382200598614503_37.5233412443599619|126.9380943813213918_37.5233018443910211|126.9379642022848174_37.5232767444369202|126.9378340066637492_37.5232731008024061|126.9376229810390129_37.5232872929537464|126.9374613272680392_37.5233193903731248|126.9373544849209878_37.5233714062846175|126.9371561824279837_37.5235065711294808|126.9363767315390135_37.5240925820042506|126.9363222446695119_37.5240962818884185
2026-09-04T13:22:12.125893+09:00,여의도한강공원,여의도한강공원,POI105,KEY_3,1180097300,여의대로,1180051800,마포대교,126.9308059681326171_37.5299618570035207,1180050000,마포대교남측,126.9304020221015321_37.5286131745307898,175.0,37.0,원활,126.9304020221015321_37.5286131745307898|126.9302674992351569_37.5287639444649983|126.9301715807580422_37.5289069217861453|126.9301534341487070_37.5291071595431802|126.9301772199870157_37.5292788143913825|126.9302847624288546_37.5295125003925918|126.9308059681326171_37.5299618570035207
2026-09-04T13:22:12.125893+09:00,여의도한강공원,여의도한강공원,POI105,KEY_3,1180098300,여의대로,1180051900,마포대교(남측),126.9282127564699607_37.5297704303567201,1180052400,마포대교,126.9307212821010751_37.5300463600273631,231.0,40.0,원활,126.9307212821010751_37.5300463600273631|126.9298072793187941_37.5297592892750274|126.9295379418201009_37.5296911879758781|126.9293044968049458_37.5296517134467038|126.9291024559104528_37.5296408650083890|126.9289048951919625_37.5296407462443824|126.9286983266459004_37.5296692285065987|126.9283704934996138_37.5297333958644117|126.9282127564699607_37.5297704303567201
2026-09-04T13:22:12.125893+09:00,여의도한강공원,여의도한강공원,POI105,KEY_3,1180103700,올림픽대로,1180056900,여의하류IC앞,126.9099107440064671_37.5323785517192547,1180058100,여의하류IC,126.9113470954211209_37.5334759494431651,183.0,48.0,서행,126.9113470954211209_37.5334759494431651|126.9112574345930824_37.5333543028651491|126.9111647860354850_37.5332278867742630|126.9110691582745005_37.5330895481243871|126.9109675293688468_37.5329631251105766|126.9108449616440879_37.5328247659603988|126.9107313287380663_37.5327245564036360|126.9105578407508830_37.5326123820790158|126.9103573956169413_37.5325144895265197|126.9101523716446422_37.5324473163778976|126.9099107440064671_37.5323785517192547
2026-09-04T13:22:12.125893+09:00,여의도한강공원,여의도한강공원,POI105,KEY_3,1180104000,올림픽대로,1180322800,최소노드배치점,126.9188633519518135_37.5330663833708513,1180054900,여의하류IC,126.9238476077766080_37.5313717470433375,486.0,40.5,서행,126.9238476077766080_37.5313717470433375|126.9235232634260058_37.5316199137243132|126.9232000481612062_37.5318505638760769|126.9230158194888247_37.5319791744498730|126.9228496134543036_37.5320470077723343|126.9224004740734983_37.5321647167067241|126.9210485355217912_37.5325392848552042|126.9195124922006812_37.5329065609222638|126.9188633519518135_37.5330663833708513
2026-09-04T13:22:12.125893+09:00,여의도한강공원,여의도한강공원,POI105,KEY_3,1180104100,올림픽대로,1180058200,여의하류IC,126.9088719404886518_37.5335782193263654,1180057200,여의하류IC앞,126.9095075762253231_37.5324759606280765,136.0,57.0,원활,126.9095075762253231_37.5324759606280765|126.9094010991301218_37.5327426013710124|126.9092574981122681_37.5331043762872483|126.9092073553575375_37.5331971336186072|126.9090893547378300_37.5333503643350284|126.9088719404886518_37.5335782193263654
2026-09-04T13:22:12.125893+09:00,여의도한강공원,여의도한강공원,POI105,KEY_3,1180104200,올림픽대로,1180056900,여의하류IC앞,126.9099107440064671_37.5323785517192547,1180057200,여의하류IC앞,126.9095075762253231_37.5324759606280765,244.0,39.0,서행,126.9095075762253231_37.5324759606280765|126.9094841950826407_37.5325994681253974|126.9094564797182016_37.5327452630529876|126.9094313198684887_37.5328977660792660|126.9094484590793002_37.5330027836566202|126.9095046031765150_37.5330984571128070|126.9095730635125250_37.5331512658508686|126.9096595477012244_37.5331970100760017|126.9097791981177750_37.5332143016489468|126.9099049867064224_37.5332125452215948|126.9100668986708342_37.5331871216565673|126.9101840428222800_37.5331423950281788|126.9102684147233475_37.5330760409922490|126.9103138214403117_37.5330142623253735|126.9103534441543815_37.5329262222845230|126.9103630663362168_37.5328451854664635|126.9103489008242747_37.5327425678390441|126.9103166942296639_37.5326493988199772|126.9102455019530993_37.5325631892314817|126.9101144752508361_37.5324695269450785|126.9099107440064671_37.5323785517192547
2026-09-04T13:22:12.125893+09:00,여의도한강공원,여의도한강공원,POI105,KEY_3,1180104400,올림픽대로,1180058200,여의하류IC,126.9088719404886518_37.5335782193263654,1180058100,여의하류IC,126.9113470954211209_37.5334759494431651,236.0,43.7,서행,126.9113470954211209_37.5334759494431651|126.9111690623947908_37.5333607524628903|126.9109989641811467_37.5332847817553272|126.9108511282904743_37.5332339637287120|126.9106941120611651_37.5332081395440156|126.9105324361279230_37.5332037554386346|126.9103751385429319_37.5332137012479095|126.9102175873575931_37.5332558412137871|126.9100735400548814_37.5332944719436838|126.9099296329114139_37.5333152159377619|126.9097947662082930_37.5333288514592383|126.9096330327877951_37.5333316200244838|126.9094937305390545_37.5333380780400887|126.9093228160708549_37.5333658410132927|126.9091877513593118_37.5334045154003917|126.9090840728703284_37.5334505001922309|126.9088719404886518_37.5335782193263654
2026-09-04T13:22:12.125893+09:00,여의도한강공원,여의도한강공원,POI105,KEY_3,1180104700,올림픽대로,1180057702,여의하류IC,126.9116446085465810_37.5333341738394211,1180058600,여의하류IC,126.9124480904624335_37.5340012297976102,103.0,25.0,정체,126.9124480904624335_37.5340012297976102|126.9122745980778859_37.5338890571121127|126.9120682102647208_37.5337482538104155|126.9119545687167232_37.5336528126330577|126.9118678582978959_37.5335669276376009|126.9117632252879702_37.5334476543186142|126.9116446085465810_37.5333341738394211
2026-09-04T13:22:12.125893+09:00,여의도한강공원,여의도한강공원,POI105,KEY_3,1180105100,올림픽대로,1180058100,여의하류IC,126.9113470954211209_37.5334759494431651,1180058600,여의하류IC,126.9124480904624335_37.5340012297976102,118.0,29.3,정체,126.9124480904624335_37.5340012297976102|126.9122714926787694_37.5339844113092269|126.9121398055384304_37.5339604738344619|126.9119004108432165_37.5338863945131394|126.9117179131641819_37.5337956707200888|126.9115683555591261_37.5336954342220679|126.9114666742656965_37.5336119217694275|126.9113470954211209_37.5334759494431651
2026-09-04T13:22:12.125893+09:00,여의도한강공원,여의도한강공원,POI105,KEY_3,1180105300,올림픽대로,1180058600,여의하류IC,126.9124480904624335_37.5340012297976102,1180058400,여의하류IC,126.9148490647562824_37.5338551834337650,213.0,29.0,정체,126.9148490647562824_37.5338551834337650|126.9146365081849410_37.5338693333682087|126.9127833540508021_37.5340110131640330|126.9126216957507864_37.5340180458078123|126.9124480904624335_37.5340012297976102
2026-09-04T13:22:12.125893+09:00,여의도한강공원,여의도한강공원,POI105,KEY_3,1180105700,올림픽대로,1180001500,여의하류IC,126.9073822654269605_37.5347960718864755,1180058200,여의하류IC,126.9088719404886518_37.5335782193263654,189.0,56.0,원활,126.9088719404886518_37.5335782193263654|126.9083242197496730_37.5341084847941602|126.9081522571456162_37.5342685986380289|126.9077456701091364_37.5345598932521654|126.9073822654269605_37.5347960718864755
2026-09-04T13:22:12.125893+09:00,여의도한강공원,여의도한강공원,POI105,KEY_3,1180131800,올림픽대로,1180073200,여의상류IC,126.9413747929981042_37.5171839921024386,1180072900,여의상류IC,126.9406083800987517_37.5174248708792817,223.0,39.0,서행,126.9406083800987517_37.5174248708792817|126.9405930312344424_37.5175435153873309|126.9406092616678592_37.5176670087558009|126.9406471748521454_37.5177969651017236|126.9407050223394009_37.5178687842951106|126.9407719322446866_37.5179299139964257|126.9408479565857988_37.5179732011517402|126.9409330178654471_37.5180093757528255|126.9410361749584411_37.5180277509984137|126.9411618942258571_37.5180319231682446|126.9413057634171480_37.5180111401280030|126.9414454615370147_37.5179474103264710|126.9415493929910213_37.5178620475961679|126.9416038699689295_37.5177836052660467|126.9416231424661277_37.5177302402591408|126.9416451412587463_37.5176693288908751|126.9416504315423992_37.5175620364262841|126.9416241520395943_37.5174724808295537|126.9415895959336780_37.5173712900806677|126.9415130106084462_37.5172832160456764|126.9414200748953476_37.5172121420924327|126.9413747929981042_37.5171839921024386
2026-09-04T13:22:12.125893+09:00,여의도한강공원,여의도한강공원,POI105,KEY_3,1180131900,올림픽대로,1180033601,여의상류IC,126.9410620352872030_37.5197641943777285,1180073300,여의상류IC,126.9429855095649771_37.5174961988850910,356.0,40.0,서행,126.9429855095649771_37.5174961988850910|126.9425770783428646_37.5174620764480835|126.9423645811656343_37.5174515339232642|126.9422687580351123_37.5174534666303643|126.9421458647768333_37.5174719653657647|126.9420678452474931_37.5174954451136884|126.9419987904991132_37.5175213520105117|126.9419236224377983_37.5175639235214362|126.9418634063433728_37.5176089512716757|126.9418000721829998_37.5176706568276828|126.9417427069557931_37.5177485130741815|126.9416003222524836_37.5179582783130741|126.9415367386929461_37.5180533702759931|126.9414333808193476_37.5182627473598558|126.9414028723800385_37.5183389174551678|126.9413353512353808_37.5185603874609441|126.9413075523894747_37.5186747280699180|126.9411772528702187_37.5192846297340026|126.9411243449818727_37.5195538654257774|126.9410620352872030_37.5197641943777285
2026-09-04T13:22:12.125893+09:00,여의서로,여의서로,POI126,KEY_4,1180038003,여의서로,1180323100,최소노드배치점,126.9117402894865307_37.5311049087075475,1180057702,여의하류IC,126.9116446085465810_37.5333341738394211,262.0,32.0,원활,126.9116446085465810_37.5333341738394211|126.9114652390462226_37.5331501506058203|126.9113732100930463_37.5329943489975122|126.9112983897178282_37.5327900539595092|126.9112674876685105_37.5325516232177918|126.9112865696183974_37.5323367272189188|126.9113546059211899_37.5321355343469492|126.9114569592268964_37.5318631682642589|126.9115238408340929_37.5316841785415747|126.9117402894865307_37.5311049087075475
2026-09-04T13:22:12.125893+09:00,여의서로,여의서로,POI126,KEY_4,1180031402,국회대로,1180046001,여의2교남단교차로,126.9110548372880771_37.5257645667991255,1180047804,의원회관앞교차로,126.9134650625379095_37.5269942928087872,253.0,21.0,서행,126.9134650625379095_37.5269942928087872|126.9110548372880771_37.5257645667991255
2026-09-04T13:22:12.125893+09:00,여의서로,여의서로,POI126,KEY_4,1180031502,국회대로,1180047803,의원회관앞교차로,126.9135274643399640_37.5268977275474711,1180046002,여의2교남단교차로,126.9111139413039098_37.5256663196409335,253.0,16.0,서행,126.9111139413039098_37.5256663196409335|126.9135274643399640_37.5268977275474711
2026-09-04T13:22:12.125893+09:00,여의서로,여의서로,POI126,KEY_4,1180036401,국회대로,1180155000,여의도동 1-1,126.9184061280869713_37.5300009967483419,1180010303,서강대교(남측),126.9215102204224763_37.5319506286676088,350.0,20.0,서행,126.9215102204224763_37.5319506286676088|126.9210461430147205_37.5316255718379566|126.9203325255415535_37.5311864488027496|126.9197419650193126_37.5308230414341679|126.9191619518192908_37.5304661181429466|126.9185557758553813_37.5300930883489983|126.9184061280869713_37.5300009967483419
2026-09-04T13:22:12.125893+09:00,여의서로,여의서로,POI126,KEY_4,1180038001,여의서로,1180047804,의원회관앞교차로,126.9134650625379095_37.5269942928087872,1180050300,여의하류IC,126.9125858842577514_37.5288463372735421,220.0,13.0,정체,126.9125858842577514_37.5288463372735421|126.9133384396445194_37.5272156123272751|126.9134650625379095_37.5269942928087872
2026-09-04T13:22:12.125893+09:00,여의서로,여의서로,POI126,KEY_4,1180038004,여의서로,1180057702,여의하류IC,126.9116446085465810_37.5333341738394211,1180010601,여의하류IC,126.9158866788485369_37.5334891812985134,389.0,26.7,원활,126.9158866788485369_37.5334891812985134|126.9157160525504509_37.5335075640938882|126.9145253690237212_37.5336052142657834|126.9129473608267773_37.5337346107591614|126.9127263123781830_37.5337454488282916|126.9125619724539717_37.5337376282147730|126.9123498788537177_37.5336886646839432|126.9121669423552277_37.5336324766132563|126.9119754499676134_37.5335430187373973|126.9117951706554237_37.5334397412671237|126.9116446085465810_37.5333341738394211
2026-09-04T13:22:12.125893+09:00,여의서로,여의서로,POI126,KEY_4,1180038101,여의서로,1180141500,여의도동 8-1,126.9125034013571849_37.5294588335489934,1180047801,의원회관앞교차로,126.9135777323507170_37.5270581170031505,283.0,35.5,원활,126.9135777323507170_37.5270581170031505|126.9134640961386822_37.5272567387847005|126.9127147702930785_37.5288800985185560|126.9125034013571849_37.5294588335489934
2026-09-04T13:22:12.125893+09:00,여의서로,여의서로,POI126,KEY_4,1180038102,여의서로,1180136800,여의도동 8-1,126.9145114614992735_37.5334976629259458,1180057701,여의하류IC,126.9117432717733465_37.5332606350129012,257.0,23.0,서행,126.9117432717733465_37.5332606350129012|126.9118798764054787_37.5333550779968661|126.9120496011042292_37.5334523089724428|126.9122261082116410_37.5335347665300532|126.9123932874727672_37.5335861143590392|126.9125852087945532_37.5336304218281285|126.9127261896915257_37.5336371304333341|126.9129362320318251_37.5336268320589994|126.9145114614992735_37.5334976629259458
2026-09-04T13:22:12.125893+09:00,여의서로,여의서로,POI126,KEY_4,1180038602,여의서로,1180199400,여의도동 8-1,126.9180805162101962_37.5329548925892027,1180010602,여의하류IC,126.9158651872016321_37.5333825331527251,202.0,17.0,서행,126.9158651872016321_37.5333825331527251|126.9163150027583100_37.5333154038283041|126.9167447105342319_37.5332479919289739|126.9172043329491686_37.5331630452426737|126.9179823764344519_37.5329820256749258|126.9180805162101962_37.5329548925892027
2026-09-04T13:22:12.125893+09:00,여의서로,여의서로,POI126,KEY_4,1180038702,여의서로,1180323000,최소노드배치점,126.9187881082516611_37.5328709059154022,1180010304,서강대교(남측),126.9216090189517701_37.5320376430852960,266.0,24.7,서행,126.9216090189517701_37.5320376430852960|126.9203533112228826_37.5324099776008708|126.9202812799588713_37.5324311902864451|126.9187881082516611_37.5328709059154022
2026-09-04T13:22:12.125893+09:00,여의서로,여의서로,POI126,KEY_4,1180039200,올림픽대로,1180058400,여의하류IC,126.9148490647562824_37.5338551834337650,1180010601,여의하류IC,126.9158866788485369_37.5334891812985134,100.0,30.5,서행,126.9158866788485369_37.5334891812985134|126.9155841280332453_37.5335956228786003|126.9148490647562824_37.5338551834337650
2026-09-04T13:22:12.125893+09:00,여의서로,여의서로,POI126,KEY_4,1180041102,국회대로,1180274900,최소노드배치점,126.9238759567866452_37.5352270758419237,1180010301,서강대교(남측),126.9217369577254289_37.5319990605573608,405.0,59.3,원활,126.9217369577254289_37.5319990605573608|126.9234661246942437_37.5346102805177892|126.9238759567866452_37.5352270758419237
2026-09-04T13:22:12.125893+09:00,여의서로,여의서로,POI126,KEY_4,1180093800,올림픽대로,1180046700,여의하류IC,126.9139332883952989_37.5258302984319769,1180049300,여의하류IC,126.9124219382957364_37.5282059407288671,296.0,40.0,원활,126.9124219382957364_37.5282059407288671|126.9126709766838559_37.5276959699368291|126.9130099086824686_37.5271002435067516|126.9134446643213892_37.5264640601462816|126.9135615846091270_37.5263044242820101|126.9139332883952989_37.5258302984319769
2026-09-04T13:22:12.125893+09:00,여의서로,여의서로,POI126,KEY_4,1180097500,올림픽대로,1180049300,여의하류IC,126.9124219382957364_37.5282059407288671,1180053000,여의하류IC,126.9116502139587652_37.5302817461312657,241.0,34.7,원활,126.9116502139587652_37.5302817461312657|126.9117554871957765_37.5298527220926914|126.9119085944505940_37.5294737959552691|126.9122868518727643_37.5285372036068665|126.9124219382957364_37.5282059407288671
2026-09-04T13:22:12.125893+09:00,여의서로,여의서로,POI126,KEY_4,1180098200,여의서로,1180050300,여의하류IC,126.9125858842577514_37.5288463372735421,1180053000,여의하류IC,126.9116502139587652_37.5302817461312657,180.0,33.3,원활,126.9116502139587652_37.5302817461312657|126.9119321014785982_37.5298480867291033|126.9124478698020368_37.5290689337596177|126.9125858842577514_37.5288463372735421
2026-09-04T13:22:12.125893+09:00,여의서로,여의서로,POI126,KEY_4,1180100100,올림픽대로,1180053000,여의하류IC,126.9116502139587652_37.5302817461312657,1180054600,여의하류IC,126.9113467485372553_37.5312398487618282,110.0,42.0,원활,126.9113467485372553_37.5312398487618282|126.9114940115750727_37.5307441067722678|126.9116502139587652_37.5302817461312657
2026-09-04T13:22:12.125893+09:00,여의서로,여의서로,POI126,KEY_4,1180101100,올림픽대로,1180054600,여의하류IC,126.9113467485372553_37.5312398487618282,1180053900,여의하류IC,126.9101796785526517_37.5308445942274886,161.0,37.3,서행,126.9101796785526517_37.5308445942274886|126.9101931014992317_37.5310414092060398|126.9102886836397630_37.5312624829991321|126.9103927384446138_37.5313583960722070|126.9105342246899681_37.5314544950895836|126.9107135639955573_37.5314971247237921|126.9109007655329577_37.5314920961623173|126.9111183798562479_37.5314275989006632|126.9112086357648082_37.5313743906016768|126.9113467485372553_37.5312398487618282
2026-09-04T13:22:12.125893+09:00,여의서로,여의서로,POI126,KEY_4,1180102100,올림픽대로,1180055000,여의하류IC앞,126.9097766577302622_37.5319288643150841,1180056700,여의하류IC앞,126.9099677257352141_37.5322885743723162,247.0,37.7,서행,126.9099677257352141_37.5322885743723162|126.9101802749627552_37.5322898012020829|126.9104318980016188_37.5322803263696159|126.9105533440733069_37.5322594692428169|126.9106435161752842_37.5322169922414162|126.9107278503933003_37.5321554077364397|126.9108033508016575_37.5320746999620383|126.9108579076633276_37.5319915030838942|126.9108854019603427_37.5319224810316570|126.9108979423341879_37.5318509987701034|126.9108805013922705_37.5317841367436387|126.9108362782712049_37.5316956773246275|126.9107828271066865_37.5316381747174148|126.9106874170305019_37.5315852327633905|126.9105858681555645_37.5315513377507699|126.9104842061042717_37.5315317522630707|126.9103943910203895_37.5315289189790775|126.9102954982978702_37.5315379647373817|126.9102025389048976_37.5315541941005435|126.9100974322583681_37.5315918264329014|126.9100101221350911_37.5316510106624506|126.9099196124940221_37.5317364124159667|126.9097766577302622_37.5319288643150841
2026-09-04T13:22:12.125893+09:00,여의서로,여의서로,POI126,KEY_4,1180103300,올림픽대로,1180054600,여의하류IC,126.9113467485372553_37.5312398487618282,1180056700,여의하류IC앞,126.9099677257352141_37.5322885743723162,207.0,43.3,원활,126.9099677257352141_37.5322885743723162|126.9102019059527322_37.5323529642993847|126.9104144226252089_37.5323881863476316|126.9105551300773840_37.5323763736599858|126.9106838828241166_37.5323478643264963|126.9107976882863937_37.5323026561256228|126.9109025353903490_37.5322383695701731|126.9109714553170818_37.5321788239392902|126.9110374194450657_37.5320882852129003|126.9110944195145976_37.5319834363101563|126.9113016746642160_37.5313852328840198|126.9113467485372553_37.5312398487618282
2026-09-04T13:22:12.125893+09:00,여의서로,여의서로,POI126,KEY_4,1180103700,올림픽대로,1180056900,여의하류IC앞,126.9099107440064671_37.5323785517192547,1180058100,여의하류IC,126.9113470954211209_37.5334759494431651,183.0,48.0,서행,126.9113470954211209_37.5334759494431651|126.9112574345930824_37.5333543028651491|126.9111647860354850_37.5332278867742630|126.9110691582745005_37.5330895481243871|126.9109675293688468_37.5329631251105766|126.9108449616440879_37.5328247659603988|126.9107313287380663_37.5327245564036360|126.9105578407508830_37.5326123820790158|126.9103573956169413_37.5325144895265197|126.9101523716446422_37.5324473163778976|126.9099107440064671_37.5323785517192547
2026-09-04T13:22:12.125893+09:00,여의서로,여의서로,POI126,KEY_4,1180104000,올림픽대로,1180322800,최소노드배치점,126.9188633519518135_37.5330663833708513,1180054900,여의하류IC,126.9238476077766080_37.5313717470433375,486.0,40.5,서행,126.9238476077766080_37.5313717470433375|126.9235232634260058_37.5316199137243132|126.9232000481612062_37.5318505638760769|126.9230158194888247_37.5319791744498730|126.9228496134543036_37.5320470077723343|126.9224004740734983_37.5321647167067241|126.9210485355217912_37.5325392848552042|126.9195124922006812_37.5329065609222638|126.9188633519518135_37.5330663833708513
2026-09-04T13:22:12.125893+09:00,여의서로,여의서로,POI126,KEY_4,1180104400,올림픽대로,1180058200,여의하류IC,126.9088719404886518_37.5335782193263654,1180058100,여의하류IC,126.9113470954211209_37.5334759494431651,236.0,43.7,서행,126.9113470954211209_37.5334759494431651|126.9111690623947908_37.5333607524628903|126.9109989641811467_37.5332847817553272|126.9108511282904743_37.5332339637287120|126.9106941120611651_37.5332081395440156|126.9105324361279230_37.5332037554386346|126.9103751385429319_37.5332137012479095|126.9102175873575931_37.5332558412137871|126.9100735400548814_37.5332944719436838|126.9099296329114139_37.5333152159377619|126.9097947662082930_37.5333288514592383|126.9096330327877951_37.5333316200244838|126.9094937305390545_37.5333380780400887|126.9093228160708549_37.5333658410132927|126.9091877513593118_37.5334045154003917|126.9090840728703284_37.5334505001922309|126.9088719404886518_37.5335782193263654
2026-09-04T13:22:12.125893+09:00,여의서로,여의서로,POI126,KEY_4,1180104700,올림픽대로,1180057702,여의하류IC,126.9116446085465810_37.5333341738394211,1180058600,여의하류IC,126.9124480904624335_37.5340012297976102,103.0,25.0,정체,126.9124480904624335_37.5340012297976102|126.9122745980778859_37.5338890571121127|126.9120682102647208_37.5337482538104155|126.9119545687167232_37.5336528126330577|126.9118678582978959_37.5335669276376009|126.9117632252879702_37.5334476543186142|126.9116446085465810_37.5333341738394211
2026-09-04T13:22:12.125893+09:00,여의서로,여의서로,POI126,KEY_4,1180105100,올림픽대로,1180058100,여의하류IC,126.9113470954211209_37.5334759494431651,1180058600,여의하류IC,126.9124480904624335_37.5340012297976102,118.0,29.3,정체,126.9124480904624335_37.5340012297976102|126.9122714926787694_37.5339844113092269|126.9121398055384304_37.5339604738344619|126.9119004108432165_37.5338863945131394|126.9117179131641819_37.5337956707200888|126.9115683555591261_37.5336954342220679|126.9114666742656965_37.5336119217694275|126.9113470954211209_37.5334759494431651
2026-09-04T13:22:12.125893+09:00,여의서로,여의서로,POI126,KEY_4,1180105300,올림픽대로,1180058600,여의하류IC,126.9124480904624335_37.5340012297976102,1180058400,여의하류IC,126.9148490647562824_37.5338551834337650,213.0,29.0,정체,126.9148490647562824_37.5338551834337650|126.9146365081849410_37.5338693333682087|126.9127833540508021_37.5340110131640330|126.9126216957507864_37.5340180458078123|126.9124480904624335_37.5340012297976102
2026-09-04T13:22:12.125893+09:00,올림픽공원,올림픽공원,POI127,KEY_1,1230023301,양재대로,1230222600,방이동 217-2,127.1268249994781740_37.5100254368363224,1230040803,올림픽공원앞교차로,127.1279156747526429_37.5117452056324225,214.0,25.0,원활,127.1279156747526429_37.5117452056324225|127.1268249994781740_37.5100254368363224
2026-09-04T13:22:12.125893+09:00,올림픽공원,올림픽공원,POI127,KEY_1,1230023904,위례성대로,1230038803,오금초교,127.1315805616083452_37.5102624702576577,1230040802,올림픽공원앞교차로,127.1280368042940410_37.5116964262882320,351.0,25.3,원활,127.1280368042940410_37.5116964262882320|127.1315805616083452_37.5102624702576577
2026-09-04T13:22:12.125893+09:00,올림픽공원,올림픽공원,POI127,KEY_1,1230024003,위례성대로,1230040801,올림픽공원앞교차로,127.1280993215722361_37.5117923995774305,1230038804,오금초교,127.1316420322552858_37.5103588665718206,351.0,10.0,정체,127.1316420322552858_37.5103588665718206|127.1280993215722361_37.5117923995774305
2026-09-04T13:22:12.125893+09:00,올림픽공원,올림픽공원,POI127,KEY_1,1230024703,가락로,1230042404,에뜨왈리코리아,127.1197334005263002_37.5127417204113840,1230008303,방이초교앞교차로,127.1208213191434737_37.5145580278620869,223.0,14.0,정체,127.1208213191434737_37.5145580278620869|127.1197334005263002_37.5127417204113840
2026-09-04T13:22:12.125893+09:00,올림픽공원,올림픽공원,POI127,KEY_1,1230024803,가락로,1230008302,방이초교앞교차로,127.1209450232393436_37.5145134722125775,1230042401,에뜨왈리코리아,127.1198552228544401_37.5126940280713512,224.0,22.0,서행,127.1198552228544401_37.5126940280713512|127.1209450232393436_37.5145134722125775
2026-09-04T13:22:12.125893+09:00,올림픽공원,올림픽공원,POI127,KEY_1,1230025502,위례성대로12길,1230384600,방이동 75-1,127.1226867891286361_37.5132366843652107,1230008203,올림픽공원남2문,127.1230115468975583_37.5137580552017056,65.0,19.0,서행,127.1230115468975583_37.5137580552017056|127.1226867891286361_37.5132366843652107
2026-09-04T13:22:12.125893+09:00,올림픽공원,올림픽공원,POI127,KEY_1,1230025602,위례성대로12길,1230008202,올림픽공원남2문,127.1231332582007383_37.5137101955394456,1230041001,제이에스빌딩,127.1219838454871649_37.5118648795729470,229.0,23.0,서행,127.1219838454871649_37.5118648795729470|127.1228083768162378_37.5131886276024815|127.1231332582007383_37.5137101955394456
2026-09-04T13:22:12.125893+09:00,올림픽공원,올림픽공원,POI127,KEY_1,1230026102,위례성대로,1230040803,올림픽공원앞교차로,127.1279156747526429_37.5117452056324225,1230042502,방이동 181-7,127.1254911970844859_37.5127168656425241,240.0,11.0,정체,127.1254911970844859_37.5127168656425241|127.1279156747526429_37.5117452056324225
2026-09-04T13:22:12.125893+09:00,올림픽공원,올림픽공원,POI127,KEY_1,1230026103,위례성대로,1230042503,방이동 181-7,127.1253705911887266_37.5127664663946732,1230008202,올림픽공원남2문,127.1231332582007383_37.5137101955394456,224.0,15.0,서행,127.1231332582007383_37.5137101955394456|127.1253705911887266_37.5127664663946732
2026-09-04T13:22:12.125893+09:00,올림픽공원,올림픽공원,POI127,KEY_1,1230026202,위례성대로,1230008201,올림픽공원남2문,127.1231967749277914_37.5138057465937962,1230040804,올림픽공원앞교차로,127.1279781659139445_37.5118411937980127,476.0,41.0,원활,127.1279781659139445_37.5118411937980127|127.1255521973024827_37.5128134512352105|127.1254341104055641_37.5128620169255242|127.1231967749277914_37.5138057465937962
2026-09-04T13:22:12.125893+09:00,올림픽공원,올림픽공원,POI127,KEY_1,1230026702,백제고분로,1230397100,방이동 94-4,127.1155243442379685_37.5158080782483836,1230045403,올림픽공원남4문앞교차로,127.1158353619488821_37.5163285598069436,64.0,14.0,정체,127.1158353619488821_37.5163285598069436|127.1155243442379685_37.5158080782483836
2026-09-04T13:22:12.125893+09:00,올림픽공원,올림픽공원,POI127,KEY_1,1230026802,백제고분로,1230045402,올림픽공원남4문앞교차로,127.1159592191718559_37.5162842594980717,1230043901,방이중,127.1149670532686144_37.5146238680820474,204.0,11.0,정체,127.1149670532686144_37.5146238680820474|127.1156469051217641_37.5157616102810749|127.1159592191718559_37.5162842594980717
2026-09-04T13:22:12.125893+09:00,올림픽공원,올림픽공원,POI127,KEY_1,1230027100,위례성대로,1230008203,올림픽공원남2문,127.1230115468975583_37.5137580552017056,1230008302,방이초교앞교차로,127.1209450232393436_37.5145134722125775,201.0,24.0,서행,127.1209450232393436_37.5145134722125775|127.1230115468975583_37.5137580552017056
2026-09-04T13:22:12.125893+09:00,올림픽공원,올림픽공원,POI127,KEY_1,1230027200,위례성대로,1230424900,최소노드배치점,127.1195466393614311_37.5151289900827436,1230008204,올림픽공원남2문,127.1230681603091739_37.5138563218870544,342.0,42.0,원활,127.1230681603091739_37.5138563218870544|127.1210016343324725_37.5146117395583261|127.1208765811574466_37.5146567818947432|127.1195466393614311_37.5151289900827436
2026-09-04T13:22:12.125893+09:00,올림픽공원,올림픽공원,POI127,KEY_1,1230028100,위례성대로,1230008303,방이초교앞교차로,127.1208213191434737_37.5145580278620869,1230045402,올림픽공원남4문앞교차로,127.1159592191718559_37.5162842594980717,471.0,37.0,원활,127.1159592191718559_37.5162842594980717|127.1194913787483216_37.5150302354333220|127.1208213191434737_37.5145580278620869
2026-09-04T13:22:12.125893+09:00,올림픽공원,올림픽공원,POI127,KEY_1,1230028702,양재대로,1230040804,올림픽공원앞교차로,127.1279781659139445_37.5118411937980127,1230043503,방이동 89-28,127.1293137788365044_37.5138391508336753,251.0,30.0,원활,127.1293137788365044_37.5138391508336753|127.1279781659139445_37.5118411937980127
2026-09-04T13:22:12.125893+09:00,올림픽공원,올림픽공원,POI127,KEY_1,1230028703,양재대로,1230043504,방이동 89-28,127.1293758864878356_37.5139336243623376,1230044603,올림픽공원동문교차로,127.1305797082937374_37.5157953632322290,232.0,30.0,원활,127.1305797082937374_37.5157953632322290|127.1293758864878356_37.5139336243623376
2026-09-04T13:22:12.125893+09:00,올림픽공원,올림픽공원,POI127,KEY_1,1230028704,양재대로,1230044604,올림픽공원동문교차로,127.1306432453781667_37.5158930503733714,1230047803,오륜교,127.1316412754749763_37.5174145740411831,191.0,38.0,원활,127.1316412754749763_37.5174145740411831|127.1306432453781667_37.5158930503733714
2026-09-04T13:22:12.125893+09:00,올림픽공원,올림픽공원,POI127,KEY_1,1230028802,양재대로,1230043502,방이동 89-28,127.1294335833399884_37.5137883314546841,1230040801,올림픽공원앞교차로,127.1280993215722361_37.5117923995774305,251.0,23.0,서행,127.1280993215722361_37.5117923995774305|127.1294335833399884_37.5137883314546841
2026-09-04T13:22:12.125893+09:00,올림픽공원,올림픽공원,POI127,KEY_1,1230028803,양재대로,1230044602,올림픽공원동문교차로,127.1307066675273347_37.5157555807827805,1230043501,방이동 89-28,127.1294965542968640_37.5138841169906101,234.0,23.5,서행,127.1294965542968640_37.5138841169906101|127.1307066675273347_37.5157555807827805
2026-09-04T13:22:12.125893+09:00,올림픽공원,올림픽공원,POI127,KEY_1,1230028804,양재대로,1230047802,오륜교,127.1317615823722491_37.5173645046840889,1230044601,올림픽공원동문교차로,127.1307691739442731_37.5158515552836462,189.0,23.0,서행,127.1307691739442731_37.5158515552836462|127.1317615823722491_37.5173645046840889
2026-09-04T13:22:12.125893+09:00,올림픽공원,올림픽공원,POI127,KEY_1,1230029101,올림픽로,1230044901,잠실진주아파트앞교차로,127.1088533723906977_37.5162718111141373,1230047903,올림픽공원앞교차로,127.1125664517782781_37.5175764714066560,359.0,20.0,서행,127.1125664517782781_37.5175764714066560|127.1121927794052340_37.5174099266855308|127.1096586157180326_37.5165462608805385|127.1088533723906977_37.5162718111141373
2026-09-04T13:22:12.125893+09:00,올림픽공원,올림픽공원,POI127,KEY_1,1230029300,위례성대로,1230045403,올림픽공원남4문앞교차로,127.1158353619488821_37.5163285598069436,1230047902,올림픽공원앞교차로,127.1126327333255119_37.5174821175529445,311.0,21.7,서행,127.1126327333255119_37.5174821175529445|127.1158353619488821_37.5163285598069436
2026-09-04T13:22:12.125893+09:00,올림픽공원,올림픽공원,POI127,KEY_1,1230029401,위례성대로,1230047901,올림픽공원앞교차로,127.1127294559663170_37.5175659412636975,1230045404,올림픽공원남4문앞교차로,127.1158912913085715_37.5164270745673178,307.0,21.0,서행,127.1158912913085715_37.5164270745673178|127.1127294559663170_37.5175659412636975
2026-09-04T13:22:12.125893+09:00,올림픽공원,올림픽공원,POI127,KEY_1,1230030701,올림픽로,1230047904,올림픽공원앞교차로,127.1126156383089949_37.5176248562335459,1230050103,올림픽회관앞교차로,127.1141234836901077_37.5200172918018566,297.0,22.0,서행,127.1141234836901077_37.5200172918018566|127.1130967077667009_37.5183006809000261|127.1127808418886076_37.5178273473246833|127.1126156383089949_37.5176248562335459
2026-09-04T13:22:12.125893+09:00,올림픽공원,올림픽공원,POI127,KEY_1,1230030802,올림픽로,1230050102,올림픽회관앞교차로,127.1142460290998173_37.5199707880909941,1230047901,올림픽공원앞교차로,127.1127294559663170_37.5175659412636975,299.0,27.0,원활,127.1127294559663170_37.5175659412636975|127.1128979059259194_37.5177724112602746|127.1132179682735881_37.5182520322072364|127.1142460290998173_37.5199707880909941
2026-09-04T13:22:12.125893+09:00,올림픽공원,올림픽공원,POI127,KEY_1,1230031300,올림픽로35길,1230380000,신천동 20-3,127.1120965855774898_37.5198794214376790,1230050104,올림픽회관앞교차로,127.1141869164074905_37.5201219523906175,187.0,15.0,서행,127.1141869164074905_37.5201219523906175|127.1139207414424419_37.5201377237057514|127.1137172639646593_37.5201260770116463|127.1129232291908551_37.5200052336238770|127.1120965855774898_37.5198794214376790
2026-09-04T13:22:12.125893+09:00,올림픽공원,올림픽공원,POI127,KEY_1,1230032100,올림픽로,1230400900,신천동 26,127.1145514766661790_37.5207067945448216,1230052003,성내교(남측),127.1155399981984147_37.5222925683271740,197.0,36.0,원활,127.1155399981984147_37.5222925683271740|127.1145514766661790_37.5207067945448216
2026-09-04T13:22:12.125893+09:00,올림픽공원,올림픽공원,POI127,KEY_1,1230032200,올림픽로,1230052001,성내교(남측),127.1156967807111187_37.5223009606581428,1230050101,올림픽회관앞교차로,127.1143085002419610_37.5200738709822801,276.0,46.5,원활,127.1143085002419610_37.5200738709822801|127.1146730610900732_37.5206587128019535|127.1156615842423037_37.5222444857121431|127.1156967807111187_37.5223009606581428
2026-09-04T13:22:12.125893+09:00,올림픽공원,올림픽공원,POI127,KEY_1,1230032404,강동대로,1230052403,서울체고앞,127.1309465905180929_37.5226422457426523,1230052602,올림픽공원북2문,127.1286484144718969_37.5236389836207067,231.0,43.0,원활,127.1286484144718969_37.5236389836207067|127.1309465905180929_37.5226422457426523
2026-09-04T13:22:12.125893+09:00,올림픽공원,올림픽공원,POI127,KEY_1,1230032504,강동대로,1230052601,올림픽공원북2문,127.1287133329938257_37.5237339387489186,1230052404,서울체고앞,127.1310115110815389_37.5227371996198542,231.0,33.0,원활,127.1310115110815389_37.5227371996198542|127.1287133329938257_37.5237339387489186
2026-09-04T13:22:12.125893+09:00,올림픽공원,올림픽공원,POI127,KEY_1,1230032902,올림픽로37길,1230424700,최소노드배치점,127.1116469399134274_37.5231307998258217,1230052004,성내교(남측),127.1156093484237601_37.5224038573356538,390.0,27.0,원활,127.1156093484237601_37.5224038573356538|127.1154210464076897_37.5226254636658609|127.1151860694290434_37.5229714220100377|127.1150231489065732_37.5230568047779158|127.1148610626049589_37.5231117596672803|127.1146813739484145_37.5231312778946844|127.1116469399134274_37.5231307998258217
2026-09-04T13:22:12.125893+09:00,올림픽공원,올림픽공원,POI127,KEY_1,1230033202,올림픽로,1230052004,성내교(남측),127.1156093484237601_37.5224038573356538,1230053103,올림픽대교남단교차로,127.1174254322370984_37.5253520980877155,364.0,39.7,원활,127.1174254322370984_37.5253520980877155|127.1168266280546959_37.5243574555609811|127.1156093484237601_37.5224038573356538
2026-09-04T13:22:12.125893+09:00,올림픽공원,올림픽공원,POI127,KEY_1,1230033301,올림픽로,1230053102,올림픽대교남단교차로,127.1176915230806799_37.5255440086627701,1230052001,성내교(남측),127.1156967807111187_37.5223009606581428,401.0,12.0,정체,127.1156967807111187_37.5223009606581428|127.1169486377113884_37.5243100484275445|127.1176915230806799_37.5255440086627701
2026-09-04T13:22:12.125893+09:00,올림픽공원,올림픽공원,POI127,KEY_1,1230033600,올림픽로43길,1230342000,풍납동 447,127.1141253196765888_37.5248124645393801,1230053104,올림픽대교남단교차로,127.1175353532768639_37.5255915012395889,333.0,24.3,서행,127.1175353532768639_37.5255915012395889|127.1171986824647178_37.5253250746693325|127.1163931251730617_37.5248172882132565|127.1149530945181425_37.5248116617606371|127.1141253196765888_37.5248124645393801
2026-09-04T13:22:12.125893+09:00,올림픽공원,올림픽공원,POI127,KEY_1,1230033801,강동대로,1230052603,올림픽공원북2문,127.1285292145280152_37.5236906555977967,1230052702,올림픽공원북2문앞교차로,127.1280135683207533_37.5239140807955565,52.0,9.0,정체,127.1280135683207533_37.5239140807955565|127.1285292145280152_37.5236906555977967
2026-09-04T13:22:12.125893+09:00,올림픽공원,올림픽공원,POI127,KEY_1,1230033802,강동대로,1230052703,올림픽공원북2문앞교차로,127.1278955398801997_37.5239676869855785,1230052902,그린빌딩,127.1255021088525581_37.5251103772284154,247.0,11.0,정체,127.1255021088525581_37.5251103772284154|127.1278955398801997_37.5239676869855785
2026-09-04T13:22:12.125893+09:00,올림픽공원,올림픽공원,POI127,KEY_1,1230033803,강동대로,1230052903,그린빌딩,127.1253868539951242_37.5251644663839627,1230010402,성내유수지,127.1230687264287127_37.5262344211604315,237.0,55.0,원활,127.1230687264287127_37.5262344211604315|127.1253868539951242_37.5251644663839627
2026-09-04T13:22:12.125893+09:00,올림픽공원,올림픽공원,POI127,KEY_1,1230033901,강동대로,1230052701,올림픽공원북2문앞교차로,127.1280784406892508_37.5240090563020559,1230052604,올림픽공원북2문,127.1285940873550402_37.5237856308238449,52.0,42.0,원활,127.1285940873550402_37.5237856308238449|127.1280784406892508_37.5240090563020559
2026-09-04T13:22:12.125893+09:00,올림픽공원,올림픽공원,POI127,KEY_1,1230033902,강동대로,1230052901,그린빌딩,127.1255719037447705_37.5252031128434638,1230052704,올림픽공원북2문앞교차로,127.1279653366622995_37.5240604212007227,247.0,52.5,원활,127.1279653366622995_37.5240604212007227|127.1255719037447705_37.5252031128434638
2026-09-04T13:22:12.125893+09:00,올림픽공원,올림픽공원,POI127,KEY_1,1230033903,강동대로,1230010401,성내유수지,127.1233271552869013_37.5262401076401133,1230052904,그린빌딩,127.1254549241451741_37.5252580128047128,217.0,52.7,원활,127.1254549241451741_37.5252580128047128|127.1233271552869013_37.5262401076401133
2026-09-04T13:22:12.125893+09:00,올림픽공원,올림픽공원,POI127,KEY_1,1230034200,강동대로,1230053101,올림픽대교남단교차로,127.1177512410432087_37.5256417956853880,1230010403,성내유수지,127.1228341746085704_37.5263374209143734,467.0,15.0,서행,127.1228341746085704_37.5263374209143734|127.1226119104132124_37.5263325291198058|127.1222182279912971_37.5262594731087304|127.1197935343633674_37.5255708855089978|127.1192764530002961_37.5254871931229914|127.1186659385550399_37.5254644325269382|127.1181404811154323_37.5255300720034626|127.1177512410432087_37.5256417956853880
2026-09-04T13:22:12.125893+09:00,올림픽공원,올림픽공원,POI127,KEY_1,1230034300,강동대로,1230010402,성내유수지,127.1230687264287127_37.5262344211604315,1230053102,올림픽대교남단교차로,127.1176915230806799_37.5255440086627701,493.0,51.7,원활,127.1176915230806799_37.5255440086627701|127.1181066449297958_37.5254248562288311|127.1186585197018388_37.5253559170246618|127.1192932429278528_37.5253795803410242|127.1198300344327095_37.5254664629282857|127.1222565506296860_37.5261555686853470|127.1226293640594349_37.5262247521119789|127.1230687264287127_37.5262344211604315
2026-09-04T13:22:12.125893+09:00,올림픽공원,올림픽공원,POI127,KEY_1,1230034600,강동대로,1230053104,올림픽대교남단교차로,127.1175353532768639_37.5255915012395889,1230053301,풍성초등학교,127.1133707067350969_37.5271092576510128,408.0,14.0,정체,127.1133707067350969_37.5271092576510128|127.1138885360357307_37.5270579046375232|127.1141380710895277_37.5270029206930715|127.1144337586637221_37.5269066454630149|127.1172570729713414_37.5256789869567413|127.1175353532768639_37.5255915012395889
2026-09-04T13:22:12.125893+09:00,올림픽공원,올림픽공원,POI127,KEY_1,1230034700,강동대로,1230058701,풍납동 330-7,127.1135343578604022_37.5272039528378372,1230053105,올림픽대교남단교차로,127.1176235541679063_37.5256800112130264,402.0,17.0,서행,127.1176235541679063_37.5256800112130264|127.1173147432993602_37.5257770947223790|127.1144921531920318_37.5270044385361317|127.1141820098842743_37.5271054212045385|127.1139153828274857_37.5271641707955510|127.1135343578604022_37.5272039528378372
2026-09-04T13:22:12.125893+09:00,올림픽공원,올림픽공원,POI127,KEY_1,1230034800,강동대로,1230010403,성내유수지,127.1228341746085704_37.5263374209143734,1230053202,성내동 474,127.1214169266581280_37.5269574474404806,143.0,4.0,정체,127.1214169266581280_37.5269574474404806|127.1221246173486747_37.5266478458902597|127.1228341746085704_37.5263374209143734
2026-09-04T13:22:12.125893+09:00,올림픽공원,올림픽공원,POI127,KEY_1,1230034900,강동대로,1230053201,성내동 474,127.1214822863304903_37.5270522124399051,1230010404,성내유수지,127.1231026366477437_37.5263433289148836,163.0,32.5,원활,127.1231026366477437_37.5263433289148836|127.1221899776439983_37.5267426105018984|127.1214822863304903_37.5270522124399051
2026-09-04T13:22:12.125893+09:00,올림픽공원,올림픽공원,POI127,KEY_1,1230035100,올림픽로,1230053602,풍납사거리,127.1191638427110746_37.5279285363098012,1230053101,올림픽대교남단교차로,127.1177512410432087_37.5256417956853880,283.0,24.3,서행,127.1177512410432087_37.5256417956853880|127.1182052842400196_37.5263768247819911|127.1185296816843362_37.5269019665074097|127.1189218723730647_37.5275368423195701|127.1191638427110746_37.5279285363098012
2026-09-04T13:22:12.125893+09:00,올림픽공원,올림픽공원,POI127,KEY_1,1230077900,위례성대로16길,1230248000,방이동 200-3,127.1250899543352517_37.5123366148555277,1230042503,방이동 181-7,127.1253705911887266_37.5127664663946732,54.0,12.0,정체,127.1253705911887266_37.5127664663946732|127.1250899543352517_37.5123366148555277
2026-09-04T13:22:12.125893+09:00,올림픽공원,올림픽공원,POI127,KEY_1,1230079600,올림픽선수촌아파트내부길,1230042003,오륜초등학교,127.1334912399933756_37.5124937085259731,1230043502,방이동 89-28,127.1294335833399884_37.5137883314546841,392.0,22.0,서행,127.1294335833399884_37.5137883314546841|127.1324667918181888_37.5125501930643708|127.1334912399933756_37.5124937085259731
2026-09-04T13:22:12.125893+09:00,올림픽공원,올림픽공원,POI127,KEY_1,1230079700,올림픽선수촌아파트내부길,1230043501,방이동 89-28,127.1294965542968640_37.5138841169906101,1230042004,오륜초등학교,127.1335006130637026_37.5126015705990881,387.0,13.0,정체,127.1335006130637026_37.5126015705990881|127.1325039266811245_37.5126565247953394|127.1294965542968640_37.5138841169906101
2026-09-04T13:22:12.125893+09:00,올림픽공원,올림픽공원,POI127,KEY_1,1230081200,올림픽선수촌아파트내부길,1230332800,최소노드배치점,127.1337490189227708_37.5151722701553894,1230044602,올림픽공원동문교차로,127.1307066675273347_37.5157555807827805,292.0,12.0,정체,127.1307066675273347_37.5157555807827805|127.1324233734096509_37.5150503918994147|127.1325384533906515_37.5150232903922287|127.1330520009699256_37.5149959261979333|127.1331591568025914_37.5149985589094541|127.1337490189227708_37.5151722701553894
2026-09-04T13:22:12.125893+09:00,올림픽공원,올림픽공원,POI127,KEY_1,1230085700,양재대로.강동대로사이길,1230334700,최소노드배치점,127.1280130627585407_37.5175316488536268,1230050202,속성변화점,127.1283029621945957_37.5202980729066624,323.0,20.0,서행,127.1283029621945957_37.5202980729066624|127.1284869880934565_37.5198916490292831|127.1286040453807260_37.5194988449093358|127.1286401155603869_37.5191957029570418|127.1286322343100750_37.5188746212359092|127.1285506796273381_37.5184532831418807|127.1284264473650580_37.5181404522839657|127.1280130627585407_37.5175316488536268
2026-09-04T13:22:12.125893+09:00,올림픽공원,올림픽공원,POI127,KEY_1,1230085800,양재대로.강동대로사이길,1230334600,최소노드배치점,127.1281324577583263_37.5174802131984393,1230044604,올림픽공원동문교차로,127.1306432453781667_37.5158930503733714,333.0,20.0,서행,127.1306432453781667_37.5158930503733714|127.1304306419184798_37.5159439490849564|127.1278436313470053_37.5170548436271218|127.1281324577583263_37.5174802131984393
2026-09-04T13:22:12.125893+09:00,올림픽공원,올림픽공원,POI127,KEY_1,1230088200,양재대로.강동대로사이길,1230196800,꿈나무다리(남측),127.1283746340457981_37.5204440109063455,1230050201,속성변화점,127.1284296259339470_37.5203368866533751,13.0,10.0,정체,127.1284296259339470_37.5203368866533751|127.1283746340457981_37.5204440109063455
2026-09-04T13:22:12.125893+09:00,올림픽공원,올림픽공원,POI127,KEY_1,1230088300,양재대로.강동대로사이길,1230196500,꿈나무다리(북측),127.1281832207590128_37.5205312266587470,1230052703,올림픽공원북2문앞교차로,127.1278955398801997_37.5239676869855785,421.0,25.0,원활,127.1278955398801997_37.5239676869855785|127.1273300483411504_37.5230946179717293|127.1271761257750654_37.5227528147954175|127.1271136146098968_37.5224320685814590|127.1271364389473888_37.5221410644727129|127.1272519101088534_37.5217772550903916|127.1276017695838618_37.5212911085732799|127.1279442979174661_37.5209163958855996|127.1281570038538149_37.5205822745236119|127.1281832207590128_37.5205312266587470
2026-09-04T13:22:12.125893+09:00,올림픽공원,올림픽공원,POI127,KEY_1,1240030800,성안로,1249118500,성내동 450-2,127.1292262080433062_37.5246357770880579,1230052601,올림픽공원북2문,127.1287133329938257_37.5237339387489186,110.0,15.0,서행,127.1287133329938257_37.5237339387489186|127.1289764894649039_37.5241324489509367|127.1292262080433062_37.5246357770880579
2026-09-04T13:22:12.125893+09:00,올림픽공원,올림픽공원,POI127,KEY_1,1240031600,성내로14길,1249129200,성내동 492,127.1259457409445162_37.5257312228414079,1230052901,그린빌딩,127.1255719037447705_37.5252031128434638,67.0,18.0,서행,127.1255719037447705_37.5252031128434638|127.1259457409445162_37.5257312228414079
2026-09-04T13:22:12.125893+09:00,월드컵공원,월드컵공원,POI106,KEY_2,1130023901,성암로,1130045102,중동교,126.9008492951027023_37.5752640367100312,1130003202,중동교,126.9005739786039442_37.5754350244651292,31.0,40.0,원활,126.9005739786039442_37.5754350244651292|126.9008492951027023_37.5752640367100312
2026-09-04T13:22:12.125893+09:00,월드컵공원,월드컵공원,POI106,KEY_2,1130023902,성암로,1130044702,중동교,126.9013932137603007_37.5749262274768512,1130045102,중동교,126.9008492951027023_37.5752640367100312,61.0,41.0,원활,126.9008492951027023_37.5752640367100312|126.9013932137603007_37.5749262274768512
2026-09-04T13:22:12.125893+09:00,월드컵공원,월드컵공원,POI106,KEY_2,1130024001,성암로,1130003201,중동교,126.9006575479311749_37.5755202637415948,1130045101,중동교,126.9009328670204440_37.5753492743804642,31.0,48.0,원활,126.9009328670204440_37.5753492743804642|126.9006575479311749_37.5755202637415948
2026-09-04T13:22:12.125893+09:00,월드컵공원,월드컵공원,POI106,KEY_2,1130024002,성암로,1130045101,중동교,126.9009328670204440_37.5753492743804642,1130044701,중동교,126.9014751720981593_37.5750124364249984,61.0,48.0,원활,126.9014751720981593_37.5750124364249984|126.9009328670204440_37.5753492743804642
2026-09-04T13:22:12.125893+09:00,월드컵공원,월드컵공원,POI106,KEY_2,1110086400,증산로,1110025301,증산지하차도(북측),126.9039758261172608_37.5784870932225132,1130046401,은평구-마포구,126.9018567383502045_37.5764844121927837,291.0,54.5,원활,126.9018567383502045_37.5764844121927837|126.9027068325619041_37.5772894554844186|126.9035789940010091_37.5781100503089647|126.9039758261172608_37.5784870932225132
2026-09-04T13:22:12.125893+09:00,월드컵공원,월드컵공원,POI106,KEY_2,1110086500,증산로,1130046402,은평구-마포구,126.9017527415007578_37.5765539742255541,1110005500,증산교,126.9034752758808793_37.5781798772630822,236.0,22.5,서행,126.9034752758808793_37.5781798772630822|126.9026029745643172_37.5773591500215929|126.9017527415007578_37.5765539742255541
2026-09-04T13:22:12.125893+09:00,월드컵공원,월드컵공원,POI106,KEY_2,1130003900,강변북로,1130201400,최소노드배치점,126.8947142757485977_37.5570261297014412,1130034300,성산지하차도,126.8987170904777031_37.5621054838341308,789.0,76.0,원활,126.8987170904777031_37.5621054838341308|126.8969536987574855_37.5615846732236918|126.8963662923212468_37.5614278506331800|126.8961199007135576_37.5613335826976993|126.8958557676520229_37.5612106063692224|126.8956902323749318_37.5611203281630139|126.8954532341929990_37.5609760266916481|126.8951942332924432_37.5607743757100181|126.8949800523225804_37.5605872628649635|126.8948420294957060_37.5604291583902281|126.8947087021021645_37.5602460363635160|126.8946021053882873_37.5600916699249439|126.8944959424210310_37.5598836467254458|126.8944166539394161_37.5596864927554392|126.8943291310609283_37.5593962890377000|126.8942944005902547_37.5592458680922050|126.8942732661792689_37.5590812073427287|126.8942613210597443_37.5588915539580199|126.8942718716697442_37.5586984383601603|126.8943005688038568_37.5584839520411649|126.8943379626907983_37.5583052827078205|126.8944118820898979_37.5580552564431471|126.8947142757485977_37.5570261297014412
2026-09-04T13:22:12.125893+09:00,월드컵공원,월드컵공원,POI106,KEY_2,1130004402,강변북로,1130033200,성산대교,126.8911412406119865_37.5603058527702629,1130031800,성산대교(북측),126.8940421199747988_37.5581045142548078,356.0,45.7,서행,126.8940421199747988_37.5581045142548078|126.8937299682216917_37.5583640487572197|126.8932455301918196_37.5588122892025851|126.8927341561938960_37.5592568126717694|126.8923676674887275_37.5595661444779694|126.8920015830471186_37.5598253972085629|126.8918072327847568_37.5599639069689175|126.8911412406119865_37.5603058527702629
2026-09-04T13:22:12.125893+09:00,월드컵공원,월드컵공원,POI106,KEY_2,1130004404,강변북로,1130033700,난지IC,126.8896339776288613_37.5611813391795977,1130033200,성산대교,126.8911412406119865_37.5603058527702629,165.0,34.0,서행,126.8911412406119865_37.5603058527702629|126.8903331778963519_37.5607879615698508|126.8896389086477683_37.5611784867295526|126.8896339776288613_37.5611813391795977
2026-09-04T13:22:12.125893+09:00,월드컵공원,월드컵공원,POI106,KEY_2,1130005002,농수산시장로,1130034500,성산교,126.8989219885503985_37.5621373717947051,1130036303,평화의공원입구삼거리,126.8990860253315134_37.5639959273358528,207.0,44.0,원활,126.8990860253315134_37.5639959273358528|126.8989219885503985_37.5621373717947051
2026-09-04T13:22:12.125893+09:00,월드컵공원,월드컵공원,POI106,KEY_2,1130005003,농수산시장로,1130036304,평화의공원입구삼거리,126.8990929587228322_37.5641039888147077,1130037803,월드컵경기장앞교차로,126.8991063695936248_37.5662308077124507,236.0,28.0,원활,126.8991063695936248_37.5662308077124507|126.8991198200176740_37.5648080194228982|126.8990929587228322_37.5641039888147077
2026-09-04T13:22:12.125893+09:00,월드컵공원,월드컵공원,POI106,KEY_2,1130005102,농수산시장로,1130036302,평화의공원입구삼거리,126.8992213899087744_37.5639881918106582,1130034600,성산교,126.8990554846838847_37.5621485214101725,205.0,33.0,원활,126.8990554846838847_37.5621485214101725|126.8992213899087744_37.5639881918106582
2026-09-04T13:22:12.125893+09:00,월드컵공원,월드컵공원,POI106,KEY_2,1130005103,농수산시장로,1130037802,월드컵경기장앞교차로,126.8992424444353873_37.5662050990980205,1130036301,평화의공원입구삼거리,126.8992287189742001_37.5641007064985146,234.0,33.0,원활,126.8992287189742001_37.5641007064985146|126.8992556602302244_37.5648067848227996|126.8992424444353873_37.5662050990980205
2026-09-04T13:22:12.125893+09:00,월드컵공원,월드컵공원,POI106,KEY_2,1130005801,강변북로,1130035200,상암동487-92,126.8869824709277339_37.5627146689442810,1130033700,난지IC,126.8896339776288613_37.5611813391795977,290.0,62.0,원활,126.8896339776288613_37.5611813391795977|126.8869824709277339_37.5627146689442810
2026-09-04T13:22:12.125893+09:00,월드컵공원,월드컵공원,POI106,KEY_2,1130005802,강변북로,1130201300,최소노드배치점,126.8805715235547069_37.5664215207717902,1130035200,상암동487-92,126.8869824709277339_37.5627146689442810,700.0,65.8,원활,126.8869824709277339_37.5627146689442810|126.8805715235547069_37.5664215207717902
2026-09-04T13:22:12.125893+09:00,월드컵공원,월드컵공원,POI106,KEY_2,1130005803,강변북로,1130040700,난지하늘다리,126.8776788640752642_37.5680938393486130,1130037600,공중화장실중앙연결브릿지,126.8797079271903243_37.5669208029345754,222.0,66.8,원활,126.8797079271903243_37.5669208029345754|126.8776788640752642_37.5680938393486130
2026-09-04T13:22:12.125893+09:00,월드컵공원,월드컵공원,POI106,KEY_2,1130006101,월드컵로,1130038600,월드컵경기장교차로,126.8944428243858624_37.5671141661657799,1130039502,월드컵경기장교차로,126.8936587855695848_37.5675979976845014,88.0,21.0,서행,126.8936587855695848_37.5675979976845014|126.8939987637868825_37.5673753795305387|126.8944428243858624_37.5671141661657799
2026-09-04T13:22:12.125893+09:00,월드컵공원,월드컵공원,POI106,KEY_2,1130006102,월드컵로,1130163300,성산동 665,126.8953131844907887_37.5667064551793857,1130038600,월드컵경기장교차로,126.8944428243858624_37.5671141661657799,89.0,28.0,원활,126.8944428243858624_37.5671141661657799|126.8944875832715411_37.5670878367418126|126.8948936159094245_37.5668809204063052|126.8953131844907887_37.5667064551793857
2026-09-04T13:22:12.125893+09:00,월드컵공원,월드컵공원,POI106,KEY_2,1130006201,월드컵로,1130039501,월드컵경기장교차로,126.8937381162322424_37.5676860539947057,1130038900,월드컵경기장교차로,126.8945235506847951_37.5672011186045438,88.0,12.0,정체,126.8945235506847951_37.5672011186045438|126.8940823287928907_37.5674606625682159|126.8937381162322424_37.5676860539947057
2026-09-04T13:22:12.125893+09:00,월드컵공원,월드컵공원,POI106,KEY_2,1130006202,월드컵로,1130185900,성산동 665,126.8974372806954136_37.5663634229440433,1130037804,월드컵경기장앞교차로,126.8991050235384819_37.5663389215532177,147.0,19.0,서행,126.8991050235384819_37.5663389215532177|126.8981580057296981_37.5663314468831757|126.8977341761823681_37.5663443972156230|126.8977059872391635_37.5663452584893349|126.8974372806954136_37.5663634229440433
2026-09-04T13:22:12.125893+09:00,월드컵공원,월드컵공원,POI106,KEY_2,1130006302,강변북로,1130038204,하늘공원삼거리,126.8927750177231246_37.5668119719618616,1130038800,월드컵경기장,126.8930701997771990_37.5671361630912628,44.0,31.0,서행,126.8930701997771990_37.5671361630912628|126.8927750177231246_37.5668119719618616
2026-09-04T13:22:12.125893+09:00,월드컵공원,월드컵공원,POI106,KEY_2,1130006303,강변북로,1130038800,월드컵경기장,126.8930701997771990_37.5671361630912628,1130039503,월드컵경기장교차로,126.8935547123719658_37.5676679324827774,73.0,43.0,서행,126.8935547123719658_37.5676679324827774|126.8930701997771990_37.5671361630912628
2026-09-04T13:22:12.125893+09:00,월드컵공원,월드컵공원,POI106,KEY_2,1130006402,강변북로,1130038500,월드컵경기장,126.8931801682920337_37.5670727001149629,1130038201,하늘공원삼거리,126.8928849981851243_37.5667485225148923,44.0,8.0,정체,126.8928849981851243_37.5667485225148923|126.8931801682920337_37.5670727001149629
2026-09-04T13:22:12.125893+09:00,월드컵공원,월드컵공원,POI106,KEY_2,1130006403,강변북로,1130039502,월드컵경기장교차로,126.8936587855695848_37.5675979976845014,1130038500,월드컵경기장,126.8931801682920337_37.5670727001149629,72.0,17.0,정체,126.8931801682920337_37.5670727001149629|126.8936587855695848_37.5675979976845014
2026-09-04T13:22:12.125893+09:00,월드컵공원,월드컵공원,POI106,KEY_2,1130006701,증산로,1130039504,월드컵경기장교차로,126.8936341225956426_37.5677562478545823,1130040500,월드컵경기장,126.8940928477794330_37.5682720534531640,70.0,23.0,서행,126.8940928477794330_37.5682720534531640|126.8936341225956426_37.5677562478545823
2026-09-04T13:22:12.125893+09:00,월드컵공원,월드컵공원,POI106,KEY_2,1130006702,증산로,1130040500,월드컵경기장,126.8940928477794330_37.5682720534531640,1130041002,속성변화점,126.8945908282671553_37.5688321429532905,76.0,10.0,정체,126.8945908282671553_37.5688321429532905|126.8940928477794330_37.5682720534531640
2026-09-04T13:22:12.125893+09:00,월드컵공원,월드컵공원,POI106,KEY_2,1130006703,증산로,1130041002,속성변화점,126.8945908282671553_37.5688321429532905,1130041802,월드컵터널(남측),126.8952351960387688_37.5695567787868399,99.0,23.0,서행,126.8952351960387688_37.5695567787868399|126.8945908282671553_37.5688321429532905
2026-09-04T13:22:12.125893+09:00,월드컵공원,월드컵공원,POI106,KEY_2,1130006704,증산로,1130041802,월드컵터널(남측),126.8952351960387688_37.5695567787868399,1130042700,월드컵터널(북측),126.8984500525647974_37.5731087375812649,486.0,46.0,원활,126.8984500525647974_37.5731087375812649|126.8952351960387688_37.5695567787868399
2026-09-04T13:22:12.125893+09:00,월드컵공원,월드컵공원,POI106,KEY_2,1130006705,증산로,1130042700,월드컵터널(북측),126.8984500525647974_37.5731087375812649,1130043203,상암사거리,126.8987259999710346_37.5734116062475536,42.0,31.0,원활,126.8987259999710346_37.5734116062475536|126.8984500525647974_37.5731087375812649
2026-09-04T13:22:12.125893+09:00,월드컵공원,월드컵공원,POI106,KEY_2,1130006801,증산로,1130040300,월드컵경기장,126.8942037166999768_37.5682095895477133,1130039501,월드컵경기장교차로,126.8937381162322424_37.5676860539947057,71.0,16.0,서행,126.8937381162322424_37.5676860539947057|126.8942037166999768_37.5682095895477133
2026-09-04T13:22:12.125893+09:00,월드컵공원,월드컵공원,POI106,KEY_2,1130006802,증산로,1130041001,속성변화점,126.8947017012762615_37.5687696816076766,1130040300,월드컵경기장,126.8942037166999768_37.5682095895477133,76.0,31.0,원활,126.8942037166999768_37.5682095895477133|126.8947017012762615_37.5687696816076766
2026-09-04T13:22:12.125893+09:00,월드컵공원,월드컵공원,POI106,KEY_2,1130006803,증산로,1130041801,월드컵터널(남측),126.8953457382357044_37.5694939484396357,1130041001,속성변화점,126.8947017012762615_37.5687696816076766,98.0,16.0,서행,126.8947017012762615_37.5687696816076766|126.8953457382357044_37.5694939484396357
2026-09-04T13:22:12.125893+09:00,월드컵공원,월드컵공원,POI106,KEY_2,1130006804,증산로,1130042600,월드컵터널(북측),126.8985600196672294_37.5730452642534374,1130041801,월드컵터널(남측),126.8953457382357044_37.5694939484396357,486.0,16.0,서행,126.8953457382357044_37.5694939484396357|126.8985600196672294_37.5730452642534374
2026-09-04T13:22:12.125893+09:00,월드컵공원,월드컵공원,POI106,KEY_2,1130006805,증산로,1130043202,상암사거리,126.8988336866391791_37.5733456292449119,1130042600,월드컵터널(북측),126.8985600196672294_37.5730452642534374,41.0,14.0,정체,126.8985600196672294_37.5730452642534374|126.8988336866391791_37.5733456292449119
2026-09-04T13:22:12.125893+09:00,월드컵공원,월드컵공원,POI106,KEY_2,1130007001,강변북로,1130199200,최소노드배치점,126.8730919539536188_37.5707453440919394,1130040700,난지하늘다리,126.8776788640752642_37.5680938393486130,501.0,67.5,원활,126.8776788640752642_37.5680938393486130|126.8730919539536188_37.5707453440919394
2026-09-04T13:22:12.125893+09:00,월드컵공원,월드컵공원,POI106,KEY_2,1130007101,증산로,1130043204,상암사거리,126.8988065387872979_37.5734987293495166,1130043500,성산동491-1,126.8990562961894852_37.5737647959106411,37.0,16.0,서행,126.8990562961894852_37.5737647959106411|126.8988065387872979_37.5734987293495166
2026-09-04T13:22:12.125893+09:00,월드컵공원,월드컵공원,POI106,KEY_2,1130007102,증산로,1130043500,성산동491-1,126.8990562961894852_37.5737647959106411,1130044402,증산지하차도(남측),126.8995968764490669_37.5743540467505426,81.0,22.0,서행,126.8995968764490669_37.5743540467505426|126.8992398926530143_37.5739603793572670|126.8990562961894852_37.5737647959106411
2026-09-04T13:22:12.125893+09:00,월드컵공원,월드컵공원,POI106,KEY_2,1130007201,증산로,1130044100,성산동488-2,126.8993493776716974_37.5738963850184291,1130043201,상암사거리,126.8989143573968192_37.5734329477853279,64.0,44.0,원활,126.8989143573968192_37.5734329477853279|126.8991651175588800_37.5737000821793430|126.8993493776716974_37.5738963850184291
2026-09-04T13:22:12.125893+09:00,월드컵공원,월드컵공원,POI106,KEY_2,1130007202,증산로,1130044401,증산지하차도(남측),126.8997070239019962_37.5742907695769190,1130044100,성산동488-2,126.8993493776716974_37.5738963850184291,54.0,48.0,원활,126.8993493776716974_37.5738963850184291|126.8997070239019962_37.5742907695769190
2026-09-04T13:22:12.125893+09:00,월드컵공원,월드컵공원,POI106,KEY_2,1130007501,증산로,1130044402,증산지하차도(남측),126.8995968764490669_37.5743540467505426,1130046402,은평구-마포구,126.9017527415007578_37.5765539742255541,310.0,21.0,서행,126.9017527415007578_37.5765539742255541|126.9006134456184895_37.5754750169051093|126.8995968764490669_37.5743540467505426
2026-09-04T13:22:12.125893+09:00,월드컵공원,월드컵공원,POI106,KEY_2,1130007601,증산로,1130046401,은평구-마포구,126.9018567383502045_37.5764844121927837,1130044401,증산지하차도(남측),126.8997070239019962_37.5742907695769190,309.0,54.0,원활,126.8997070239019962_37.5742907695769190|126.9007206641610566_37.5754085065304366|126.9018567383502045_37.5764844121927837
2026-09-04T13:22:12.125893+09:00,월드컵공원,월드컵공원,POI106,KEY_2,1130021902,월드컵로,1130037503,상암교,126.8999592062094877_37.5659752555764754,1130037802,월드컵경기장앞교차로,126.8992424444353873_37.5662050990980205,68.0,26.0,원활,126.8992424444353873_37.5662050990980205|126.8999592062094877_37.5659752555764754
2026-09-04T13:22:12.125893+09:00,월드컵공원,월드컵공원,POI106,KEY_2,1130022002,월드컵로,1130037801,월드컵경기장앞교차로,126.8992931976572294_37.5663053862595930,1130037504,상암교,126.9000099608666687_37.5660755432390019,68.0,7.0,정체,126.9000099608666687_37.5660755432390019|126.8992931976572294_37.5663053862595930
2026-09-04T13:22:12.125893+09:00,월드컵공원,월드컵공원,POI106,KEY_2,1130023301,월드컵로,1130194500,최소노드배치점,126.8902328706012668_37.5703701596385145,1130042903,월드컵파크3단지교차로,126.8881223856412817_37.5729458818583879,342.0,53.0,원활,126.8881223856412817_37.5729458818583879|126.8883908114686676_37.5726703780645437|126.8894393624499486_37.5713326055581973|126.8900333463798376_37.5705864698741436|126.8902328706012668_37.5703701596385145
2026-09-04T13:22:12.125893+09:00,월드컵공원,월드컵공원,POI106,KEY_2,1130023302,월드컵로,1130039503,월드컵경기장교차로,126.8935547123719658_37.5676679324827774,1130039900,월드컵경기장,126.8929039986858243_37.5681184361734708,76.0,15.0,서행,126.8929039986858243_37.5681184361734708|126.8935547123719658_37.5676679324827774
2026-09-04T13:22:12.125893+09:00,월드컵공원,월드컵공원,POI106,KEY_2,1130023401,월드컵로,1130194400,최소노드배치점,126.8903423639994941_37.5704341460450308,1130040200,월드컵경기장,126.8929931387771859_37.5682000156307865,342.0,36.0,원활,126.8929931387771859_37.5682000156307865|126.8923026998431283_37.5686797885601820|126.8915863422657537_37.5692546075148286|126.8909882827659459_37.5698007733940003|126.8905327633387543_37.5702277271571177|126.8903423639994941_37.5704341460450308
2026-09-04T13:22:12.125893+09:00,월드컵공원,월드컵공원,POI106,KEY_2,1130023402,월드컵로,1130040200,월드컵경기장,126.8929931387771859_37.5682000156307865,1130039504,월드컵경기장교차로,126.8936341225956426_37.5677562478545823,75.0,54.0,원활,126.8936341225956426_37.5677562478545823|126.8929931387771859_37.5682000156307865
2026-09-04T13:22:12.125893+09:00,월드컵공원,월드컵공원,POI106,KEY_2,1130024101,하늘공원로,1130002802,난지하늘다리,126.8790067890186322_37.5679013379083457,1130041503,하늘공원입구교차로,126.8805494049825313_37.5695878566951720,232.0,27.0,원활,126.8805494049825313_37.5695878566951720|126.8790067890186322_37.5679013379083457
2026-09-04T13:22:12.125893+09:00,월드컵공원,월드컵공원,POI106,KEY_2,1130024102,하늘공원로,1130041504,하늘공원입구교차로,126.8806278182475182_37.5696761433924351,1130041704,하늘공원입구,126.8809741483384101_37.5700782293513740,54.0,32.0,원활,126.8809741483384101_37.5700782293513740|126.8806278182475182_37.5696761433924351
2026-09-04T13:22:12.125893+09:00,월드컵공원,월드컵공원,POI106,KEY_2,1130024103,하늘공원로,1130041701,하늘공원입구,126.8811070905664735_37.5702303720602799,1130043603,난지천공원축구장,126.8832904519065465_37.5736664016871273,438.0,34.5,원활,126.8832904519065465_37.5736664016871273|126.8832169793506921_37.5729168480731701|126.8831824572262690_37.5727274419921073|126.8831078471530418_37.5725393395911809|126.8829989250993293_37.5723516491287413|126.8820815554522596_37.5713438253104854|126.8811070905664735_37.5702303720602799
2026-09-04T13:22:12.125893+09:00,월드컵공원,월드컵공원,POI106,KEY_2,1130024104,하늘공원로,1130119100,상암동 478-1,126.8819036280695087_37.5750167829500512,1130046903,난지천공원입구교차로,126.8808038386050328_37.5774410688980609,370.0,28.5,원활,126.8808038386050328_37.5774410688980609|126.8806469221033382_37.5773811452822457|126.8800689661548375_37.5768267465542394|126.8799824556043774_37.5766672971433522|126.8799754600303658_37.5765294406676063|126.8800473960555451_37.5764096023066756|126.8803622906001038_37.5761449134077097|126.8819036280695087_37.5750167829500512
2026-09-04T13:22:12.125893+09:00,월드컵공원,월드컵공원,POI106,KEY_2,1130024201,하늘공원로,1130041502,하늘공원입구교차로,126.8806600810001157_37.5695245329108189,1130002801,난지하늘다리,126.8791284445894973_37.5678284485748435,232.0,28.0,원활,126.8791284445894973_37.5678284485748435|126.8806600810001157_37.5695245329108189
2026-09-04T13:22:12.125893+09:00,월드컵공원,월드컵공원,POI106,KEY_2,1130024202,하늘공원로,1130041703,하늘공원입구,126.8810861781607002_37.5700170935686444,1130041501,하늘공원입구교차로,126.8807398575677894_37.5696150047872237,54.0,21.0,서행,126.8807398575677894_37.5696150047872237|126.8810861781607002_37.5700170935686444
2026-09-04T13:22:12.125893+09:00,월드컵공원,월드컵공원,POI106,KEY_2,1130024203,하늘공원로,1130043602,난지천공원축구장,126.8834195956951163_37.5735938769844608,1130041702,하늘공원입구,126.8812185486830089_37.5701685727438743,438.0,28.0,원활,126.8812185486830089_37.5701685727438743|126.8821922954406176_37.5712812032115693|126.8831166935827923_37.5722967465541373|126.8832347852110303_37.5725002386121716|126.8833153084836312_37.5727032474265030|126.8833520577633180_37.5729048686507099|126.8834195956951163_37.5735938769844608
2026-09-04T13:22:12.125893+09:00,월드컵공원,월드컵공원,POI106,KEY_2,1130024204,하늘공원로,1130119200,상암동 1538,126.8819955811620872_37.5750963663371991,1130043601,난지천공원축구장,126.8834290475820268_37.5737208916380823,206.0,30.0,원활,126.8834290475820268_37.5737208916380823|126.8834287565967287_37.5739075718971094|126.8834008524211328_37.5740288704340273|126.8833040852893816_37.5741386069257430|126.8819955811620872_37.5750963663371991
2026-09-04T13:22:12.125893+09:00,월드컵공원,월드컵공원,POI106,KEY_2,1130024301,월드컵북로,1130007103,중암교앞교차로,126.9003567074412331_37.5722443668917450,1130043101,성산동산50-10,126.8992002042206764_37.5730978684736385,139.0,20.0,서행,126.8992002042206764_37.5730978684736385|126.8993140126868582_37.5730209341606027|126.8995630326002555_37.5728426565414608|126.8997381790937737_37.5727172653403443|126.9003567074412331_37.5722443668917450
2026-09-04T13:22:12.125893+09:00,월드컵공원,월드컵공원,POI106,KEY_2,1130024302,월드컵북로,1130043101,성산동산50-10,126.8992002042206764_37.5730978684736385,1130043202,상암사거리,126.8988336866391791_37.5733456292449119,42.0,31.0,원활,126.8988336866391791_37.5733456292449119|126.8992002042206764_37.5730978684736385
2026-09-04T13:22:12.125893+09:00,월드컵공원,월드컵공원,POI106,KEY_2,1130024400,월드컵북로,1130043201,상암사거리,126.8989143573968192_37.5734329477853279,1130007104,중암교앞교차로,126.9003625466799292_37.5723898224647499,173.0,7.0,정체,126.9003625466799292_37.5723898224647499|126.8998306758195156_37.5727964656059541|126.8996538747944385_37.5729230417552316|126.8994034193962932_37.5731023476670956|126.8992881390889664_37.5731802764086069|126.8989143573968192_37.5734329477853279
2026-09-04T13:22:12.125893+09:00,월드컵공원,월드컵공원,POI106,KEY_2,1130024500,월드컵로,1130042904,월드컵파크3단지교차로,126.8880419598859106_37.5730202691865927,1130007302,디지털미디어시티입구교차로,126.8865044792722472_37.5740977172547161,181.0,29.0,원활,126.8865044792722472_37.5740977172547161|126.8871887145199224_37.5736835642442912|126.8876417608668987_37.5733592229529521|126.8880419598859106_37.5730202691865927
2026-09-04T13:22:12.125893+09:00,월드컵공원,월드컵공원,POI106,KEY_2,1130024600,월드컵로,1130007301,디지털미디어시티입구교차로,126.8865867067047475_37.5741837779433610,1130042901,월드컵파크3단지교차로,126.8881409491589523_37.5730943102150050,183.0,34.0,원활,126.8881409491589523_37.5730943102150050|126.8877368451630474_37.5734365727853401|126.8872753969699261_37.5737669286614562|126.8865867067047475_37.5741837779433610
2026-09-04T13:22:12.125893+09:00,월드컵공원,월드컵공원,POI106,KEY_2,1130024700,매봉산로,1130042901,월드컵파크3단지교차로,126.8881409491589523_37.5730943102150050,1130044603,월드컵파크2단지사거리,126.8900041088949990_37.5748995117424016,259.0,18.5,서행,126.8900041088949990_37.5748995117424016|126.8887517450962719_37.5736649009094705|126.8882989940305492_37.5732185545011106|126.8881409491589523_37.5730943102150050
2026-09-04T13:22:12.125893+09:00,월드컵공원,월드컵공원,POI106,KEY_2,1130024800,매봉산로,1130143300,상암동 1718,126.8888574380232797_37.5735969833114538,1130042902,월드컵파크3단지교차로,126.8882297303751585_37.5730121388944696,85.0,18.3,서행,126.8882297303751585_37.5730121388944696|126.8883998868334544_37.5731459054289232|126.8888574380232797_37.5735969833114538
2026-09-04T13:22:12.125893+09:00,월드컵공원,월드컵공원,POI106,KEY_2,1130024900,상암산로,1130007304,디지털미디어시티입구교차로,126.8864778921370515_37.5742486322207014,1130045803,월드컵파크4단지앞교차로,126.8882742497551561_37.5760131281143472,252.0,23.0,서행,126.8882742497551561_37.5760131281143472|126.8864778921370515_37.5742486322207014
2026-09-04T13:22:12.125893+09:00,월드컵공원,월드컵공원,POI106,KEY_2,1130025000,상암산로,1130045802,월드컵파크4단지앞교차로,126.8883797106704350_37.5759449782012638,1130007301,디지털미디어시티입구교차로,126.8865867067047475_37.5741837779433610,252.0,20.5,서행,126.8865867067047475_37.5741837779433610|126.8883797106704350_37.5759449782012638
2026-09-04T13:22:12.125893+09:00,월드컵공원,월드컵공원,POI106,KEY_2,1130025201,월드컵로,1130200200,최소노드배치점,126.8837926199325068_37.5758224723070740,1130007304,디지털미디어시티입구교차로,126.8864778921370515_37.5742486322207014,295.0,53.0,원활,126.8864778921370515_37.5742486322207014|126.8837926199325068_37.5758224723070740
2026-09-04T13:22:12.125893+09:00,월드컵공원,월드컵공원,POI106,KEY_2,1130025501,월드컵북로,1130043203,상암사거리,126.8987259999710346_37.5734116062475536,1130043300,상암동24-59,126.8983553249005070_37.5736156835259791,40.0,11.0,정체,126.8983553249005070_37.5736156835259791|126.8987259999710346_37.5734116062475536
2026-09-04T13:22:12.125893+09:00,월드컵공원,월드컵공원,POI106,KEY_2,1130025601,월드컵북로,1130043400,상암동24-59,126.8984326017897075_37.5737046034107323,1130043204,상암사거리,126.8988065387872979_37.5734987293495166,40.0,35.0,원활,126.8988065387872979_37.5734987293495166|126.8984326017897075_37.5737046034107323
2026-09-04T13:22:12.125893+09:00,월드컵공원,월드컵공원,POI106,KEY_2,1130026101,월드컵로,1130200300,최소노드배치점,126.8837120711249611_37.5757354111488198,1130046902,난지천공원입구교차로,126.8809731670700387_37.5773405521763664,300.0,24.7,서행,126.8809731670700387_37.5773405521763664|126.8837120711249611_37.5757354111488198
2026-09-04T13:22:12.125893+09:00,월드컵공원,월드컵공원,POI106,KEY_2,1130026701,성암로,1130003202,중동교,126.9005739786039442_37.5754350244651292,1130045502,상암동 1154-1,126.9002568597358760_37.5756319717856542,36.0,44.0,원활,126.9002568597358760_37.5756319717856542|126.9005739786039442_37.5754350244651292
2026-09-04T13:22:12.125893+09:00,월드컵공원,월드컵공원,POI106,KEY_2,1130026801,성암로,1130046001,수색역(서측),126.8995757632913666_37.5762295729790523,1130003201,중동교,126.9006575479311749_37.5755202637415948,124.0,32.0,원활,126.9006575479311749_37.5755202637415948|126.9003404289748858_37.5757172113524263|126.9002329685327624_37.5757839495594794|126.9001030333946005_37.5758646453959528|126.8995757632913666_37.5762295729790523
2026-09-04T13:22:12.125893+09:00,월드컵공원,월드컵공원,POI106,KEY_2,1130026803,성암로,1130047001,디지털미디어시티역(공항철도),126.8978269624122817_37.5774398889533572,1130046004,수색역(서측),126.8994732524635225_37.5763005208021355,193.0,32.0,원활,126.8994732524635225_37.5763005208021355|126.8987554448355439_37.5767973097372874|126.8986528917860852_37.5768682850013249|126.8978269624122817_37.5774398889533572
2026-09-04T13:22:12.125893+09:00,월드컵공원,월드컵공원,POI106,KEY_2,1130026805,성암로,1130008001,성암삼거리,126.8948085001043040_37.5794897016194511,1130047004,디지털미디어시티역(공항철도),126.8977228468471594_37.5775112990256872,338.0,38.0,원활,126.8977228468471594_37.5775112990256872|126.8968720930318739_37.5780888511044466|126.8964379623555487_37.5783835639945067|126.8956337334028035_37.5789295104891039|126.8948085001043040_37.5794897016194511
2026-09-04T13:22:12.125893+09:00,월드컵공원,월드컵공원,POI106,KEY_2,1130026902,가양대로,1130046200,상암동1548-2,126.8667080698376282_37.5766573573538807,1130047202,마포구-고양시덕양구,126.8685200397426769_37.5777218494147363,200.0,58.0,원활,126.8685200397426769_37.5777218494147363|126.8678276058587073_37.5774019125309451|126.8673500858389929_37.5771027767939287|126.8667080698376282_37.5766573573538807
2026-09-04T13:22:12.125893+09:00,월드컵공원,월드컵공원,POI106,KEY_2,1130027001,가양대로,1130046100,상암동1548-2,126.8668103712872721_37.5765861618658121,1130003101,가양대교북측(북측),126.8653879037502890_37.5751176402787053,206.0,68.0,원활,126.8653879037502890_37.5751176402787053|126.8658129554851399_37.5756464246818354|126.8661297220612170_37.5759666290461709|126.8668103712872721_37.5765861618658121
2026-09-04T13:22:12.125893+09:00,월드컵공원,월드컵공원,POI106,KEY_2,1130027002,가양대로,1130047201,마포구-고양시덕양구,126.8685875400640697_37.5776283095015344,1130046100,상암동1548-2,126.8668103712872721_37.5765861618658121,196.0,63.0,원활,126.8668103712872721_37.5765861618658121|126.8674367739413071_37.5770194394513553|126.8679047056204325_37.5773125680000035|126.8685875400640697_37.5776283095015344
2026-09-04T13:22:12.125893+09:00,월드컵공원,월드컵공원,POI106,KEY_2,1130027301,월드컵로,1130046903,난지천공원입구교차로,126.8808038386050328_37.5774410688980609,2180129202,마포구-고양시덕양구,126.8763952068496508_37.5799982060491828,482.0,35.5,원활,126.8763952068496508_37.5799982060491828|126.8773632316619029_37.5794867425515520|126.8808038386050328_37.5774410688980609
2026-09-04T13:22:12.125893+09:00,월드컵공원,월드컵공원,POI106,KEY_2,1130027401,월드컵로,2180129201,마포구-고양시덕양구,126.8764749226956496_37.5800874255298964,1130046904,난지천공원입구교차로,126.8809936867214532_37.5774631452153756,494.0,23.0,서행,126.8809936867214532_37.5774631452153756|126.8774448794777925_37.5795731569323479|126.8764749226956496_37.5800874255298964
2026-09-04T13:22:12.125893+09:00,월드컵공원,월드컵공원,POI106,KEY_2,1130057700,강변북로,1130033200,성산대교,126.8911412406119865_37.5603058527702629,1130032600,성산대교(북측),126.8944996981634006_37.5595429958823459,326.0,36.0,서행,126.8944996981634006_37.5595429958823459|126.8943293941725443_37.5594872710125642|126.8941530411086944_37.5594386700603451|126.8939286622046154_37.5594017467735526|126.8937640802613203_37.5593794378865411|126.8935933902019855_37.5593714067652158|126.8934495642020437_37.5593754378597282|126.8932726515631657_37.5593959919852907|126.8931075851383383_37.5594333006925396|126.8929244098583382_37.5594872098278643|126.8926237686871303_37.5596192130071884|126.8919590517301259_37.5599472802490411|126.8911412406119865_37.5603058527702629
2026-09-04T13:22:12.125893+09:00,월드컵공원,월드컵공원,POI106,KEY_2,1130059800,강변북로,1130035300,난지IC,126.8898104030113245_37.5629860660037380,1130033700,난지IC,126.8896339776288613_37.5611813391795977,226.0,51.5,원활,126.8896339776288613_37.5611813391795977|126.8894176020147597_37.5614684878669536|126.8893153300090262_37.5616110476746101|126.8892318793200928_37.5617417805528220|126.8891819829926249_37.5618905729018380|126.8891735935308986_37.5620008271417234|126.8891911726312003_37.5621410260356967|126.8892312918061833_37.5622723973896910|126.8892941471643923_37.5623710965022468|126.8893792510292542_37.5624967390930635|126.8895054254927999_37.5626374991353629|126.8898104030113245_37.5629860660037380
2026-09-04T13:22:12.125893+09:00,월드컵공원,월드컵공원,POI106,KEY_2,1130060400,강변북로,1130035300,난지IC,126.8898104030113245_37.5629860660037380,1130035400,난지IC,126.8887404508207766_37.5627647059584433,207.0,37.0,서행,126.8887404508207766_37.5627647059584433|126.8886217917344226_37.5626210023311842|126.8885403597886921_37.5625043212687686|126.8885296857777973_37.5624357030392346|126.8885453230687261_37.5623552966885796|126.8886058453901313_37.5622810846940212|126.8887074127081576_37.5622249709323057|126.8888236168811687_37.5622106680788406|126.8889059247495226_37.5622200366281618|126.8890104334459892_37.5622623123526296|126.8890997191290637_37.5623343182722351|126.8894897171077929_37.5627268488306711|126.8898104030113245_37.5629860660037380
2026-09-04T13:22:12.125893+09:00,월드컵공원,월드컵공원,POI106,KEY_2,1130060800,강변북로,1130035200,상암동487-92,126.8869824709277339_37.5627146689442810,1130035400,난지IC,126.8887404508207766_37.5627647059584433,165.0,52.0,원활,126.8887404508207766_37.5627647059584433|126.8885876752644322_37.5626715034093053|126.8884571255752434_37.5626082257223715|126.8883226842041552_37.5625628136654015|126.8881731187654225_37.5625352097352447|126.8880346660856162_37.5625225681853436|126.8879298166337293_37.5625220245149123|126.8877874234350571_37.5625332102818064|126.8876637043857301_37.5625504548253915|126.8874648490535719_37.5625971199513131|126.8869824709277339_37.5627146689442810
2026-09-04T13:22:12.125893+09:00,월드컵공원,월드컵공원,POI106,KEY_2,1130061400,강변북로,1130035400,난지IC,126.8887404508207766_37.5627647059584433,1130036802,월드컵대교북단(북측),126.8904690310220502_37.5644096741189699,238.0,42.5,서행,126.8904690310220502_37.5644096741189699|126.8901651684740699_37.5641182988978670|126.8887404508207766_37.5627647059584433
2026-09-04T13:22:12.125893+09:00,월드컵공원,월드컵공원,POI106,KEY_2,1130061500,월드컵로,1130036303,평화의공원입구삼거리,126.8990860253315134_37.5639959273358528,1130036402,월드컵공원관리사업소,126.8977744243629928_37.5640083581478237,116.0,18.0,서행,126.8977744243629928_37.5640083581478237|126.8990860253315134_37.5639959273358528
2026-09-04T13:22:12.125893+09:00,월드컵공원,월드컵공원,POI106,KEY_2,1130061600,월드컵로,1130036401,월드컵공원관리사업소,126.8977760412117561_37.5641164700524541,1130036304,평화의공원입구삼거리,126.8990929587228322_37.5641039888147077,116.0,10.0,정체,126.8990929587228322_37.5641039888147077|126.8977760412117561_37.5641164700524541
2026-09-04T13:22:12.125893+09:00,월드컵공원,월드컵공원,POI106,KEY_2,1130062900,강변북로,1130002801,난지하늘다리,126.8791284445894973_37.5678284485748435,1130037600,공중화장실중앙연결브릿지,126.8797079271903243_37.5669208029345754,122.0,35.0,서행,126.8797079271903243_37.5669208029345754|126.8793072989835622_37.5672575978672327|126.8791033450198142_37.5674651956459158|126.8790652029663732_37.5675484635056307|126.8790741844070027_37.5676319787488211|126.8790921421632021_37.5677244852051189|126.8791284445894973_37.5678284485748435
2026-09-04T13:22:12.125893+09:00,월드컵공원,월드컵공원,POI106,KEY_2,1130063000,강변북로,1130038600,월드컵경기장교차로,126.8944428243858624_37.5671141661657799,1130038500,월드컵경기장,126.8931801682920337_37.5670727001149629,125.0,17.0,정체,126.8931801682920337_37.5670727001149629|126.8933897681488503_37.5672261579097437|126.8935813632224097_37.5672787759108360|126.8937879608320429_37.5673123366294135|126.8939706670349068_37.5672981975568163|126.8942043606884340_37.5672316578597290|126.8944428243858624_37.5671141661657799
2026-09-04T13:22:12.125893+09:00,월드컵공원,월드컵공원,POI106,KEY_2,1130063400,증산로,1130040300,월드컵경기장,126.8942037166999768_37.5682095895477133,1130038900,월드컵경기장교차로,126.8945235506847951_37.5672011186045438,132.0,16.0,서행,126.8945235506847951_37.5672011186045438|126.8941591507406628_37.5674342485064017|126.8940661142988517_37.5675724300144651|126.8940569783548256_37.5676796970297389|126.8940746403386015_37.5678966464311941|126.8941013742459489_37.5680516235913231|126.8942037166999768_37.5682095895477133
2026-09-04T13:22:12.125893+09:00,월드컵공원,월드컵공원,POI106,KEY_2,1130063500,강변북로,1130038800,월드컵경기장,126.8930701997771990_37.5671361630912628,1130039900,월드컵경기장,126.8929039986858243_37.5681184361734708,118.0,43.0,서행,126.8929039986858243_37.5681184361734708|126.8931462963787595_37.5678481327790266|126.8931914230922331_37.5677051397006991|126.8932036109160464_37.5675597336768163|126.8931828577785836_37.5674119138146949|126.8930701997771990_37.5671361630912628
2026-09-04T13:22:12.125893+09:00,월드컵공원,월드컵공원,POI106,KEY_2,1130063800,강변북로,1130040700,난지하늘다리,126.8776788640752642_37.5680938393486130,1130002802,난지하늘다리,126.8790067890186322_37.5679013379083457,127.0,35.0,서행,126.8790067890186322_37.5679013379083457|126.8788308435538426_37.5678095595811072|126.8786737572404633_37.5677848848747118|126.8783510034137123_37.5678666541355639|126.8776788640752642_37.5680938393486130
2026-09-04T13:22:12.125893+09:00,월드컵공원,월드컵공원,POI106,KEY_2,1130063900,월드컵로,1130040200,월드컵경기장,126.8929931387771859_37.5682000156307865,1130040500,월드컵경기장,126.8940928477794330_37.5682720534531640,109.0,31.0,원활,126.8940928477794330_37.5682720534531640|126.8939125656522293_37.5681444259831849|126.8937000263679380_37.5680751014343741|126.8935293686126613_37.5680391898499764|126.8933975868422834_37.5680438380959885|126.8931848928623936_37.5680841726191517|126.8929931387771859_37.5682000156307865
2026-09-04T13:22:12.125893+09:00,월드컵공원,월드컵공원,POI106,KEY_2,1130065600,증산로,1130042100,속성변화점,126.8962751836689620_37.5706745501291124,1130041801,월드컵터널(남측),126.8953457382357044_37.5694939484396357,186.0,31.0,원활,126.8953457382357044_37.5694939484396357|126.8959901880873531_37.5699362475398502|126.8963117579864530_37.5702168759129691|126.8964882429743852_37.5703743670373029|126.8965301036916884_37.5704244657172666|126.8965179988444589_37.5705150429433061|126.8964640067656120_37.5705745928165271|126.8962751836689620_37.5706745501291124
2026-09-04T13:22:12.125893+09:00,월드컵공원,월드컵공원,POI106,KEY_2,1130065700,증산로,1130041802,월드컵터널(남측),126.8952351960387688_37.5695567787868399,1130042100,속성변화점,126.8962751836689620_37.5706745501291124,175.0,29.0,원활,126.8962751836689620_37.5706745501291124|126.8961193477791625_37.5707435455473870|126.8960085430591676_37.5707362967985716|126.8959217483802888_37.5706933095278472|126.8958500247873076_37.5705812039502050|126.8952351960387688_37.5695567787868399
2026-09-04T13:22:12.125893+09:00,월드컵공원,월드컵공원,POI106,KEY_2,1130066600,월드컵북로,1130043101,성산동산50-10,126.8992002042206764_37.5730978684736385,1130042600,월드컵터널(북측),126.8985600196672294_37.5730452642534374,62.0,11.0,정체,126.8985600196672294_37.5730452642534374|126.8986768445737283_37.5731219076736807|126.8988493070879713_37.5731621056792235|126.8989762827692971_37.5731736570376427|126.8991097236723817_37.5731413353492059|126.8992002042206764_37.5730978684736385
2026-09-04T13:22:12.125893+09:00,월드컵공원,월드컵공원,POI106,KEY_2,1130066700,증산로,1130042700,월드컵터널(북측),126.8984500525647974_37.5731087375812649,1130043300,상암동24-59,126.8983553249005070_37.5736156835259791,60.0,23.0,서행,126.8983553249005070_37.5736156835259791|126.8984534992670916_37.5734974169797056|126.8984848298550645_37.5733639462692608|126.8984969418499560_37.5732666934217008|126.8984500525647974_37.5731087375812649
2026-09-04T13:22:12.125893+09:00,월드컵공원,월드컵공원,POI106,KEY_2,1130066900,월드컵북로,1130043400,상암동24-59,126.8984326017897075_37.5737046034107323,1130043500,성산동491-1,126.8990562961894852_37.5737647959106411,59.0,29.0,원활,126.8990562961894852_37.5737647959106411|126.8989085002055361_37.5736866108833851|126.8987791467213100_37.5736598008740614|126.8986641476944612_37.5736501660897773|126.8985371690847614_37.5736660785077774|126.8984326017897075_37.5737046034107323
2026-09-04T13:22:12.125893+09:00,월드컵공원,월드컵공원,POI106,KEY_2,1130067000,강변북로,1130044000,가양대교,126.8673743583999141_37.5742974351538592,1130043000,상암동496-173,126.8685043667667713_37.5733962814687246,142.0,63.0,원활,126.8685043667667713_37.5733962814687246|126.8682637435223626_37.5736487619131054|126.8675778383089323_37.5741518602001037|126.8673743583999141_37.5742974351538592
2026-09-04T13:22:12.125893+09:00,월드컵공원,월드컵공원,POI106,KEY_2,1130067400,강변북로,1130044900,가양대교(북측),126.8662979111019808_37.5750965324918980,2180012400,마포구-고양시덕양구,126.8621499541622484_37.5761292129435418,867.0,50.3,원활,126.8621499541622484_37.5761292129435418|126.8630365316940498_37.5756983525925961|126.8633496391713038_37.5755235658387008|126.8636024164670175_37.5753961503927982|126.8638549079817466_37.5753021186014351|126.8642093916064510_37.5751943274225582|126.8644317580255318_37.5751192112446475|126.8646243656565815_37.5750200868760302|126.8656963468579306_37.5743962637992084|126.8673222210701397_37.5734653760000015|126.8674191938721094_37.5734247582035579|126.8675616609625365_37.5734076352449335|126.8677301163889410_37.5734174809641033|126.8678459640486977_37.5734479111437594|126.8679578899536153_37.5734991876324784|126.8680656691356319_37.5735981381943773|126.8681136254124340_37.5736848440004394|126.8681425287121556_37.5738102009802120|126.8681227959743723_37.5739293354224060|126.8680618906707167_37.5740452685688453|126.8679938724763190_37.5741164485557846|126.8678959680219123_37.5741785247544513|126.8670114588051803_37.5746924804154645|126.8664732680685887_37.5749996173274710|126.8662979111019808_37.5750965324918980
2026-09-04T13:22:12.125893+09:00,월드컵공원,월드컵공원,POI106,KEY_2,1130068000,강변북로,1130044900,가양대교(북측),126.8662979111019808_37.5750965324918980,1130044000,가양대교,126.8673743583999141_37.5742974351538592,130.0,53.7,원활,126.8673743583999141_37.5742974351538592|126.8671029486819180_37.5745034584801587|126.8668363039734714_37.5746773111499621|126.8665787981325934_37.5748333266504062|126.8662979111019808_37.5750965324918980
2026-09-04T13:22:12.125893+09:00,월드컵공원,월드컵공원,POI106,KEY_2,1130068100,강변북로,1130045200,상암동1550-3,126.8641075564550107_37.5759187444953753,1130043900,가양대교(북측),126.8653915391259233_37.5740001396464294,472.0,21.0,정체,126.8653915391259233_37.5740001396464294|126.8655530578639770_37.5739801801802500|126.8656826690621386_37.5739598904694603|126.8661509725368433_37.5738555664648857|126.8662685671453687_37.5738390277396874|126.8663692370552525_37.5738395679072923|126.8664578250642165_37.5738514900970912|126.8665224124056721_37.5738670998852271|126.8665988064661292_37.5739037584917384|126.8666941819490717_37.5739634138358554|126.8667607786702263_37.5740248214943335|126.8668082321833168_37.5740823116192715|126.8668364303619285_37.5741492377416790|126.8668526598945334_37.5742141906959048|126.8668616174391417_37.5742886445381998|126.8668489706226410_37.5743667987229344|126.8668146220147861_37.5744600984612092|126.8667539721880928_37.5745456262622142|126.8666911827972115_37.5746006169252169|126.8666261100899249_37.5746422405294780|126.8660974620481738_37.5749545546124253|126.8655931483691290_37.5752410021525876|126.8650740029988668_37.5755094827713094|126.8645475391721931_37.5757570541415831|126.8641075564550107_37.5759187444953753
2026-09-04T13:22:12.125893+09:00,월드컵공원,월드컵공원,POI106,KEY_2,1130068200,증산로,1130045102,중동교,126.9008492951027023_37.5752640367100312,1130044100,성산동488-2,126.8993493776716974_37.5738963850184291,203.0,17.0,서행,126.8993493776716974_37.5738963850184291|126.8997550267243923_37.5741747896741316|126.8999831939128740_37.5743329158112758|126.9008492951027023_37.5752640367100312
2026-09-04T13:22:12.125893+09:00,월드컵공원,월드컵공원,POI106,KEY_2,1130069000,강변북로,1130046100,상암동1548-2,126.8668103712872721_37.5765861618658121,1130044900,가양대교(북측),126.8662979111019808_37.5750965324918980,187.0,47.7,서행,126.8662979111019808_37.5750965324918980|126.8662245161535509_37.5751831042431661|126.8661675796174393_37.5752722291032342|126.8661254475466791_37.5753822999128815|126.8661059123572699_37.5754775866996624|126.8661050528011884_37.5755789367306079|126.8661155560571956_37.5756654422576091|126.8661519976949847_37.5757848778879833|126.8662148338686819_37.5758835881253859|126.8663447810881735_37.5760184312028898|126.8665599115308424_37.5762670083014783|126.8668103712872721_37.5765861618658121
2026-09-04T13:22:12.125893+09:00,월드컵공원,월드컵공원,POI106,KEY_2,1130069200,강변북로,1130281600,가양대교북단,126.8660053048504182_37.5750796107830993,1130044000,가양대교,126.8673743583999141_37.5742974351538592,149.0,52.5,원활,126.8673743583999141_37.5742974351538592|126.8665795553867071_37.5747439011434423|126.8661436579312891_37.5750013064232888|126.8660053048504182_37.5750796107830993
2026-09-04T13:22:12.125893+09:00,월드컵공원,월드컵공원,POI106,KEY_2,1130069800,하늘공원로.인접길,1130196200,최소노드배치점,126.8796216688609491_37.5766068101045363,1130043604,난지천공원축구장,126.8832930872955274_37.5737972440663555,451.0,13.0,정체,126.8832930872955274_37.5737972440663555|126.8831478360829408_37.5738788137359450|126.8818446069710149_37.5748528284286962|126.8813502498068573_37.5751596481914305|126.8805852438940889_37.5757456690421776|126.8797692818211829_37.5764610535517178|126.8796216688609491_37.5766068101045363
2026-09-04T13:22:12.125893+09:00,월드컵공원,월드컵공원,POI106,KEY_2,1130069900,하늘공원로.인접길,1130135300,상암동 481-6,126.8800262698801617_37.5700108803724220,1130041504,하늘공원입구교차로,126.8806278182475182_37.5696761433924351,65.0,18.0,서행,126.8806278182475182_37.5696761433924351|126.8800262698801617_37.5700108803724220
2026-09-04T13:22:12.125893+09:00,월드컵공원,월드컵공원,POI106,KEY_2,1130071400,월드컵로42길,1130047301,속성변화점,126.8815283578683051_37.5777569752766922,1130046901,난지천공원입구교차로,126.8811072347717186_37.5773962507000618,55.0,22.0,서행,126.8811072347717186_37.5773962507000618|126.8812495831449496_37.5774833779547421|126.8813405260552258_37.5775507592219284|126.8815283578683051_37.5777569752766922
2026-09-04T13:22:12.125893+09:00,월드컵공원,월드컵공원,POI106,KEY_2,1130071500,월드컵로42길,1130046904,난지천공원입구교차로,126.8809936867214532_37.5774631452153756,1130047302,속성변화점,126.8814183695332076_37.5778204336888777,55.0,16.0,서행,126.8814183695332076_37.5778204336888777|126.8812382924741939_37.5776227305095460|126.8811616986085369_37.5775659809208022|126.8809936867214532_37.5774631452153756
2026-09-04T13:22:12.125893+09:00,월드컵공원,월드컵공원,POI106,KEY_2,2180147000,월드컵로,2180129202,마포구-고양시덕양구,126.8763952068496508_37.5799982060491828,2180012203,구룡사거리,126.8762149289149761_37.5801524042564026,23.0,35.0,원활,126.8762149289149761_37.5801524042564026|126.8763634855326785_37.5800170245039027|126.8763952068496508_37.5799982060491828
2026-09-04T13:22:12.125893+09:00,월드컵공원,월드컵공원,POI106,KEY_2,2180147100,월드컵로,2180012202,구룡사거리,126.8763295675570220_37.5802143042951400,2180129201,마포구-고양시덕양구,126.8764749226956496_37.5800874255298964,19.0,10.0,정체,126.8764749226956496_37.5800874255298964|126.8763295675570220_37.5802143042951400
2026-09-04T13:22:12.125893+09:00,월드컵공원,월드컵공원,POI106,KEY_2,2180147200,가양대로,2180648800,최소노드배치점,126.8724967538337722_37.5787136648142166,1130047201,마포구-고양시덕양구,126.8685875400640697_37.5776283095015344,367.0,34.0,원활,126.8685875400640697_37.5776283095015344|126.8687679231673258_37.5777081191461306|126.8696731106302451_37.5780079626163825|126.8707378927987293_37.5783310556528534|126.8724967538337722_37.5787136648142166
2026-09-04T13:22:12.125893+09:00,응봉산,응봉산,POI107,KEY_3,1030011101,독서당로,1030016901,금호사거리,127.0258355963698307_37.5480872396207204,1030016800,성동야구아카데미,127.0262243759454179_37.5480394677482039,35.0,17.0,서행,127.0262243759454179_37.5480394677482039|127.0260129946544225_37.5480523681525966|127.0258355963698307_37.5480872396207204
2026-09-04T13:22:12.125893+09:00,응봉산,응봉산,POI107,KEY_3,1030001100,강변북로,1030156000,최소노드배치점,127.0213172696816315_37.5418363698245869,1030011700,성수JC,127.0277034763174839_37.5435314558420359,626.0,45.0,서행,127.0277034763174839_37.5435314558420359|127.0273660596918859_37.5436061706099622|127.0269812022349356_37.5436660558017010|127.0266134653938508_37.5436994987565029|127.0263498147619003_37.5437145532157359|127.0260689874350106_37.5437146155462784|127.0257972439317058_37.5437072140486165|127.0256158593587799_37.5436920509719414|127.0253420083322311_37.5436625446649401|127.0251421236166749_37.5436322732668017|127.0248394197989370_37.5435730110211523|127.0245616660347139_37.5435067258282444|127.0242659363870530_37.5434283027086693|127.0240476294227250_37.5433576585535036|127.0238338095811912_37.5432838253520345|127.0235805366022390_37.5431853014490997|127.0233607080480311_37.5430932747052140|127.0231555229665901_37.5429926482434908|127.0229868700822493_37.5428875399539521|127.0226181889339188_37.5426725398474233|127.0213172696816315_37.5418363698245869
2026-09-04T13:22:12.125893+09:00,응봉산,응봉산,POI107,KEY_3,1030007902,뚝섬로,1030013601,금호삼거리,127.0245891214709388_37.5447654759813005,1030014302,금호삼거리,127.0263191362427904_37.5452769580231731,164.0,26.0,원활,127.0263191362427904_37.5452769580231731|127.0261038637831490_37.5452060923529416|127.0259258020346493_37.5451540547291813|127.0256170193134579_37.5450978439079961|127.0253052748234381_37.5450222398063929|127.0250045882675067_37.5449283656812511|127.0246872563924541_37.5448051207934412|127.0245891214709388_37.5447654759813005
2026-09-04T13:22:12.125893+09:00,응봉산,응봉산,POI107,KEY_3,1030007903,뚝섬로,1030153700,최소노드배치점,127.0298541325279302_37.5461734938040195,1030013800,용비교앞,127.0333325548071599_37.5450050369533841,334.0,41.0,원활,127.0333325548071599_37.5450050369533841|127.0320878634865949_37.5454301821306089|127.0301483584728004_37.5461118314372300|127.0298548174119588_37.5461734181233169|127.0298541325279302_37.5461734938040195
2026-09-04T13:22:12.125893+09:00,응봉산,응봉산,POI107,KEY_3,1030008002,뚝섬로,1030014301,금호삼거리,127.0263715716448445_37.5451772275798916,1030013602,금호삼거리,127.0246505601775056_37.5446690560700560,163.0,31.5,원활,127.0246505601775056_37.5446690560700560|127.0247477442928243_37.5447083164846589|127.0250592248637247_37.5448292892327657|127.0253499091777769_37.5449200407027206|127.0256519775122257_37.5449932978853056|127.0259644829495471_37.5450501862500374|127.0261532197348942_37.5451053434148392|127.0263715716448445_37.5451772275798916
2026-09-04T13:22:12.125893+09:00,응봉산,응봉산,POI107,KEY_3,1030008003,뚝섬로,1030153800,최소노드배치점,127.0298280875985313_37.5460672151115205,1030014301,금호삼거리,127.0263715716448445_37.5451772275798916,327.0,11.0,정체,127.0263715716448445_37.5451772275798916|127.0277067042073753_37.5456277749716634|127.0283663117931781_37.5458931608152326|127.0286645473896385_37.5460015438553114|127.0289031949048280_37.5460619400162230|127.0291560364487253_37.5460963879228444|127.0293619782756736_37.5461020897726172|127.0295918951163969_37.5460933152127936|127.0298280875985313_37.5460672151115205
2026-09-04T13:22:12.125893+09:00,응봉산,응봉산,POI107,KEY_3,1030008301,뚝섬로,1030002302,금호삼거리,127.0225396667000410_37.5433334984248930,1030014003,금호삼거리,127.0243831066502196_37.5449660805404974,246.0,35.0,원활,127.0243831066502196_37.5449660805404974|127.0243360987880408_37.5449581175842013|127.0242336645572436_37.5448336998437640|127.0240467802874633_37.5446420720797462|127.0237323247119434_37.5443560684192832|127.0232856057741913_37.5440197800600259|127.0230559677864051_37.5438428535230955|127.0228298698669960_37.5436679242665221|127.0226446269329870_37.5435285236299734|127.0225396667000410_37.5433334984248930
2026-09-04T13:22:12.125893+09:00,응봉산,응봉산,POI107,KEY_3,1030008302,금호로,1030014004,금호삼거리,127.0244003804041171_37.5450849069713186,1030015403,서울숲2차푸르지오아파트,127.0250874895659621_37.5465858605602207,177.0,12.0,정체,127.0250874895659621_37.5465858605602207|127.0248337854645087_37.5460386382467064|127.0247559716229802_37.5458707974138193|127.0244749924089547_37.5452718122957805|127.0244003804041171_37.5450849069713186
2026-09-04T13:22:12.125893+09:00,응봉산,응봉산,POI107,KEY_3,1030008303,금호로,1030158200,금호동4가 136-1,127.0255399332561268_37.5476169553150001,1030016200,금호동4가136-1,127.0255795520311040_37.5477118348494585,11.0,6.0,정체,127.0255795520311040_37.5477118348494585|127.0255399332561268_37.5476169553150001
2026-09-04T13:22:12.125893+09:00,응봉산,응봉산,POI107,KEY_3,1030008304,금호로,1030016200,금호동4가136-1,127.0255795520311040_37.5477118348494585,1030016903,금호사거리,127.0256775098357593_37.5480028846398000,33.0,17.0,서행,127.0256775098357593_37.5480028846398000|127.0256382523289176_37.5478636728514132|127.0255882964010823_37.5477327757710384|127.0255795520311040_37.5477118348494585
2026-09-04T13:22:12.125893+09:00,응봉산,응봉산,POI107,KEY_3,1030008402,금호로,1030161600,금호동4가 189,127.0249611739107110_37.5460011960421554,1030014001,금호삼거리,127.0245297901294350_37.5450521552824128,112.0,10.0,정체,127.0245297901294350_37.5450521552824128|127.0246033800226115_37.5452364997842736|127.0248832696392469_37.5458331611532259|127.0249611739107110_37.5460011960421554
2026-09-04T13:22:12.125893+09:00,응봉산,응봉산,POI107,KEY_3,1030008403,금호로,1030158300,금호동4가 103-1,127.0256687918147662_37.5475828444212425,1030015401,서울숲2차푸르지오아파트,127.0252473374584810_37.5466183593112390,113.0,8.0,정체,127.0252473374584810_37.5466183593112390|127.0254324071465817_37.5470167442117599|127.0256687918147662_37.5475828444212425
2026-09-04T13:22:12.125893+09:00,응봉산,응봉산,POI107,KEY_3,1030008404,금호로,1030016902,금호사거리,127.0258104610465182_37.5479808142442693,1030016100,금호동4가110-1,127.0257084110779715_37.5476777247828579,35.0,8.0,정체,127.0257084110779715_37.5476777247828579|127.0257177115611427_37.5476999972500991|127.0257696441507704_37.5478360745881687|127.0258104610465182_37.5479808142442693
2026-09-04T13:22:12.125893+09:00,응봉산,응봉산,POI107,KEY_3,1030011102,독서당로,1030016800,성동야구아카데미,127.0262243759454179_37.5480394677482039,1030018704,금호삼성아파트,127.0288457542290246_37.5490547942188471,265.0,19.0,서행,127.0288457542290246_37.5490547942188471|127.0277159147608899_37.5484809426068509|127.0272678076244972_37.5481907559656278|127.0271129046379031_37.5481264540184654|127.0269135921910078_37.5480706016531229|127.0266918306376596_37.5480488090773363|127.0262243759454179_37.5480394677482039
2026-09-04T13:22:12.125893+09:00,응봉산,응봉산,POI107,KEY_3,1030011103,독서당로,1030046800,응봉동 산8-14,127.0302999391925312_37.5497975459235462,1030019304,응봉현대아파트,127.0306640401490199_37.5499835776434523,38.0,35.0,원활,127.0306640401490199_37.5499835776434523|127.0302999391925312_37.5497975459235462
2026-09-04T13:22:12.125893+09:00,응봉산,응봉산,POI107,KEY_3,1030011104,독서당로,1030140100,응봉삼거리,127.0341738103327600_37.5545163588240456,1030022204,응봉삼거리,127.0343484654333395_37.5546429357531792,21.0,29.0,원활,127.0343484654333395_37.5546429357531792|127.0341738103327600_37.5545163588240456
2026-09-04T13:22:12.125893+09:00,응봉산,응봉산,POI107,KEY_3,1030011201,독서당로,1030016700,금호동4가76-2,127.0262277838623106_37.5479313822787617,1030016902,금호사거리,127.0258104610465182_37.5479808142442693,37.0,31.3,원활,127.0258104610465182_37.5479808142442693|127.0259914566427284_37.5479452360338399|127.0262232709304726_37.5479312922801824|127.0262277838623106_37.5479313822787617
2026-09-04T13:22:12.125893+09:00,응봉산,응봉산,POI107,KEY_3,1030011202,독서당로,1030098600,금호동4가 산3-4,127.0271710951555235_37.5480286767438614,1030016700,금호동4가76-2,127.0262277838623106_37.5479313822787617,85.0,29.3,원활,127.0262277838623106_37.5479313822787617|127.0267018748789809_37.5479408563429828|127.0269448117447695_37.5479647289813627|127.0271671083666405_37.5480270217543932|127.0271710951555235_37.5480286767438614
2026-09-04T13:22:12.125893+09:00,응봉산,응봉산,POI107,KEY_3,1030011203,독서당로,1030019303,응봉현대아파트,127.0307373825225596_37.5498925829780532,1030018702,금호삼성아파트,127.0290429266333518_37.5490268092057420,178.0,19.5,서행,127.0290429266333518_37.5490268092057420|127.0298580970931113_37.5494433220325661|127.0303732819594131_37.5497065513663557|127.0307373825225596_37.5498925829780532
2026-09-04T13:22:12.125893+09:00,응봉산,응봉산,POI107,KEY_3,1030011204,독서당로,1030156400,최소노드배치점,127.0324901285359402_37.5517415938519079,1030019302,응봉현대아파트,127.0308532474746102_37.5499493209760473,254.0,21.0,서행,127.0308532474746102_37.5499493209760473|127.0311598133465196_37.5500923092155929|127.0314245468871661_37.5502415038619333|127.0316905277874611_37.5504369629417525|127.0319013854685437_37.5506503454654563|127.0320815292466818_37.5508887152306770|127.0322086909415731_37.5511042138192508|127.0323804186302112_37.5515081726606041|127.0324901285359402_37.5517415938519079
2026-09-04T13:22:12.125893+09:00,응봉산,응봉산,POI107,KEY_3,1030011702,고산자로,1030020204,응봉역앞,127.0352176251380740_37.5514632527617636,1030020805,응봉동 59,127.0350352951621602_37.5520646051962572,69.0,23.0,서행,127.0350352951621602_37.5520646051962572|127.0352176251380740_37.5514632527617636
2026-09-04T13:22:12.125893+09:00,응봉산,응봉산,POI107,KEY_3,1030013701,고산자로,1030022204,응봉삼거리,127.0343484654333395_37.5546429357531792,1030022702,행당동 330-2,127.0341912875980626_37.5556766233079600,116.0,4.0,정체,127.0341912875980626_37.5556766233079600|127.0342120672140993_37.5555183447502472|127.0342828586803989_37.5549791203233809|127.0343484654333395_37.5546429357531792
2026-09-04T13:22:12.125893+09:00,응봉산,응봉산,POI107,KEY_3,1030029800,금호로,1030013604,금호삼거리,127.0244660195330226_37.5447157450772906,1030014003,금호삼거리,127.0243831066502196_37.5449660805404974,29.0,20.0,서행,127.0243831066502196_37.5449660805404974|127.0243819232019575_37.5449412170987458|127.0244660195330226_37.5447157450772906
2026-09-04T13:22:12.125893+09:00,응봉산,응봉산,POI107,KEY_3,1030029900,금호로,1030014002,금호삼거리,127.0245187985881046_37.5449619861916730,1030013601,금호삼거리,127.0245891214709388_37.5447654759813005,23.0,8.0,정체,127.0245891214709388_37.5447654759813005|127.0245184623645542_37.5449549218575100|127.0245187985881046_37.5449619861916730
2026-09-04T13:22:12.125893+09:00,응봉산,응봉산,POI107,KEY_3,1030031400,금호로1길,1030014003,금호삼거리,127.0243831066502196_37.5449660805404974,1030016504,금호동4가 505-1,127.0238483837796792_37.5479358798656904,454.0,17.0,서행,127.0238483837796792_37.5479358798656904|127.0235770885817601_37.5476364587372160|127.0233181784719392_37.5474261233172228|127.0231977308909421_37.5472913323833097|127.0231284337929480_37.5471902376842550|127.0230337332526602_37.5469745516509974|127.0229944018157227_37.5468411934546538|127.0230517106162864_37.5467011472214693|127.0230642106844670_37.5465843593454736|127.0230696017737841_37.5465339903971795|127.0231018410010364_37.5464532464752168|127.0232559374913279_37.5463259447105244|127.0232760633650599_37.5463055394242105|127.0232748760431889_37.5462973648940945|127.0232359799152846_37.5462177864088957|127.0232284704929668_37.5459692671184229|127.0232061315526408_37.5457166872262889|127.0232633860120046_37.5455514696615467|127.0233136429695122_37.5454785391859716|127.0233294889235083_37.5454326157334748|127.0233397117676617_37.5453168893803308|127.0233542551236638_37.5450929071155599|127.0233664379930758_37.5450467735456996|127.0234954995279821_37.5449373260855879|127.0235833461806436_37.5448878247946993|127.0236787743664451_37.5448637120767685|127.0237713541191482_37.5448674731677912|127.0240301499684676_37.5449428731654322|127.0240922262797056_37.5449510983525201|127.0242451816518354_37.5449453357904304|127.0243709098179892_37.5449627883928230|127.0243831066502196_37.5449660805404974
2026-09-04T13:22:12.125893+09:00,응봉산,응봉산,POI107,KEY_3,1030031500,금호로1길,1030170600,금호동4가 342,127.0239894492258799_37.5450461462238820,1030014004,금호삼거리,127.0244003804041171_37.5450849069713186,37.0,18.0,서행,127.0244003804041171_37.5450849069713186|127.0243372513306781_37.5450678671607250|127.0242366270141616_37.5450538989428892|127.0240842009909557_37.5450596415639026|127.0239953752521558_37.5450478727755410|127.0239894492258799_37.5450461462238820
2026-09-04T13:22:12.125893+09:00,응봉산,응봉산,POI107,KEY_3,1030032600,금호로3길,1030015403,서울숲2차푸르지오아파트,127.0250874895659621_37.5465858605602207,1030016503,금호동4가 235-5,127.0239194442631998_37.5478295063627385,173.0,16.5,서행,127.0239194442631998_37.5478295063627385|127.0239218379499277_37.5478255558994576|127.0239908175615966_37.5477381715467899|127.0240349006078020_37.5476823263885606|127.0247811874996700_37.5468915402105168|127.0249918043950572_37.5466522562733687|127.0250874895659621_37.5465858605602207
2026-09-04T13:22:12.125893+09:00,응봉산,응봉산,POI107,KEY_3,1030032700,금호로3길,1030161000,금호동4가 162,127.0241057892529284_37.5477957056858145,1030015404,서울숲2차푸르지오아파트,127.0251378478824336_37.5466943339865722,153.0,20.0,서행,127.0251378478824336_37.5466943339865722|127.0250935042581659_37.5467251038971526|127.0248910998353864_37.5469550582399805|127.0241468609991529_37.5477436750801701|127.0241057892529284_37.5477957056858145
2026-09-04T13:22:12.125893+09:00,응봉산,응봉산,POI107,KEY_3,1030033000,독서당로,1030016700,금호동4가76-2,127.0262277838623106_37.5479313822787617,1030016100,금호동4가110-1,127.0257084110779715_37.5476777247828579,59.0,26.0,원활,127.0257084110779715_37.5476777247828579|127.0258361501292654_37.5478382783143019|127.0259188060206981_37.5478911830666533|127.0260122341105529_37.5479283512465543|127.0262277838623106_37.5479313822787617
2026-09-04T13:22:12.125893+09:00,응봉산,응봉산,POI107,KEY_3,1030033100,금호로,1030016200,금호동4가136-1,127.0255795520311040_37.5477118348494585,1030017000,금호동4가116,127.0253168883355812_37.5480374538519825,51.0,12.0,정체,127.0253168883355812_37.5480374538519825|127.0254769187222905_37.5480071359631964|127.0255415757320350_37.5479627820440243|127.0255864659671232_37.5478998375612534|127.0256086918468270_37.5478097734097034|127.0255795520311040_37.5477118348494585
2026-09-04T13:22:12.125893+09:00,응봉산,응봉산,POI107,KEY_3,1030033400,금호로,1030017600,금호동1가1806-1,127.0258826035867230_37.5483405109717623,1030016800,성동야구아카데미,127.0262243759454179_37.5480394677482039,51.0,18.0,서행,127.0262243759454179_37.5480394677482039|127.0260122902762134_37.5480899795996237|127.0259440425159738_37.5481400559065506|127.0258919651416250_37.5481987115429092|127.0258826035867230_37.5483405109717623
2026-09-04T13:22:12.125893+09:00,응봉산,응봉산,POI107,KEY_3,1030035800,독서당로55길,1030019401,금호동1가 635,127.0265686732719814_37.5506119028105729,1030018701,금호삼성아파트,127.0289695825101717_37.5491178034089472,269.0,20.0,서행,127.0289695825101717_37.5491178034089472|127.0284531619766000_37.5494050999312776|127.0279050315179461_37.5497563426537440|127.0275345654433181_37.5500100867125113|127.0275119157961399_37.5500256000861725|127.0265686732719814_37.5506119028105729
2026-09-04T13:22:12.125893+09:00,응봉산,응봉산,POI107,KEY_3,1030036300,독서당로62길,1030044000,응봉동 193-76,127.0309081430659148_37.5497511992183064,1030019303,응봉현대아파트,127.0307373825225596_37.5498925829780532,23.0,20.5,서행,127.0307373825225596_37.5498925829780532|127.0307983143885480_37.5498023978845268|127.0308928097263816_37.5497541355430400|127.0309081430659148_37.5497511992183064
2026-09-04T13:22:12.125893+09:00,응봉산,응봉산,POI107,KEY_3,1030036400,독서당로62길,1030115800,응봉동 100,127.0331540741885163_37.5508112196129389,1030020807,응봉동 59,127.0349470253762831_37.5522432866666946,253.0,15.0,서행,127.0349470253762831_37.5522432866666946|127.0348927337139884_37.5522533951449304|127.0347463640402594_37.5522612067135668|127.0346056172544991_37.5522485151423950|127.0340392251581392_37.5521575140909221|127.0339498538011753_37.5521025726294582|127.0336679641477815_37.5517028399204804|127.0333347532741612_37.5512634320380485|127.0332090570225176_37.5510684553932919|127.0331540741885163_37.5508112196129389
2026-09-04T13:22:12.125893+09:00,응봉산,응봉산,POI107,KEY_3,1030050600,금호로,1030014002,금호삼거리,127.0245187985881046_37.5449619861916730,1030014302,금호삼거리,127.0263191362427904_37.5452769580231731,166.0,19.0,서행,127.0263191362427904_37.5452769580231731|127.0261005100282858_37.5452863826889143|127.0258942993101527_37.5452474499432611|127.0255848366716549_37.5451722743201728|127.0252679662626605_37.5450911580173639|127.0249717297689074_37.5449967008118861|127.0248301010968532_37.5449537241828182|127.0247241087351142_37.5449365823874572|127.0246504579408651_37.5449365977853091|127.0245821989922774_37.5449466239183209|127.0245187985881046_37.5449619861916730
2026-09-04T13:22:12.125893+09:00,응봉산,응봉산,POI107,KEY_3,1030050700,뚝섬로,1030002302,금호삼거리,127.0225396667000410_37.5433334984248930,1030014302,금호삼거리,127.0263191362427904_37.5452769580231731,409.0,51.0,원활,127.0263191362427904_37.5452769580231731|127.0260791857573537_37.5452564663631208|127.0259064609708446_37.5452059880624418|127.0255995407431442_37.5451501164641570|127.0252829570347615_37.5450733393513474|127.0249772704809885_37.5449779038953011|127.0246570129492625_37.5448535224850417|127.0244053744653030_37.5447518654607038|127.0241663157922289_37.5446239979584249|127.0239073468036253_37.5444640458128447|127.0236663621607534_37.5442874822721109|127.0231478159418970_37.5438927410097776|127.0226898898909695_37.5435157252336751|127.0225396667000410_37.5433334984248930
2026-09-04T13:22:12.125893+09:00,응봉산,응봉산,POI107,KEY_3,1030050800,뚝섬로,1030014301,금호삼거리,127.0263715716448445_37.5451772275798916,1030002301,금호삼거리,127.0226342015975263_37.5432558991388277,401.0,60.0,원활,127.0226342015975263_37.5432558991388277|127.0227735424564344_37.5432963462593179|127.0233375538967522_37.5437380146797395|127.0238521589868981_37.5441297546865442|127.0240828291760948_37.5442987614734989|127.0243254469313001_37.5444486137030395|127.0245430436055187_37.5445650012127530|127.0247779887503299_37.5446599147684452|127.0250865436734244_37.5447797509983090|127.0253722257435101_37.5448689411440455|127.0256694571406229_37.5449410244187760|127.0259838239325632_37.5449982520049161|127.0261778976611424_37.5450549693879267|127.0263715716448445_37.5451772275798916
2026-09-04T13:22:12.125893+09:00,응봉산,응봉산,POI107,KEY_3,1030060200,고산자로,1030040502,응봉동 84,127.0345457436668113_37.5537140114381387,1030022203,응봉삼거리,127.0343749878095281_37.5545159488352596,90.0,39.0,원활,127.0343749878095281_37.5545159488352596|127.0345457436668113_37.5537140114381387
2026-09-04T13:22:12.125893+09:00,응봉산,응봉산,POI107,KEY_3,1030060300,고산자로,1030022202,응봉삼거리,127.0344982469721202_37.5545839712216960,1030040501,응봉동 84,127.0346787765228669_37.5537354682910234,96.0,12.0,정체,127.0346787765228669_37.5537354682910234|127.0344982469721202_37.5545839712216960
2026-09-04T13:22:12.125893+09:00,응봉산,응봉산,POI107,KEY_3,1030060400,고산자로,1030020808,응봉동 50-4,127.0349722533052272_37.5522752466610541,1030040502,응봉동 84,127.0345457436668113_37.5537140114381387,164.0,25.0,원활,127.0345457436668113_37.5537140114381387|127.0349722533052272_37.5522752466610541
2026-09-04T13:22:12.125893+09:00,응봉산,응봉산,POI107,KEY_3,1030060500,고산자로,1030040602,응봉교(북측),127.0353039979932106_37.5511793223031063,1030040502,응봉동 84,127.0345457436668113_37.5537140114381387,290.0,27.0,원활,127.0345457436668113_37.5537140114381387|127.0345547094132854_37.5534909140588553|127.0351691257787223_37.5514430022586794|127.0351942408883872_37.5513657567030990|127.0352397142679450_37.5512827837282543|127.0353039979932106_37.5511793223031063
2026-09-04T13:22:12.125893+09:00,응봉산,응봉산,POI107,KEY_3,1030060600,고산자로,1030040501,응봉동 84,127.0346787765228669_37.5537354682910234,1030020801,응봉동 59,127.0351012086756413_37.5523109259349184,162.0,14.0,정체,127.0351012086756413_37.5523109259349184|127.0346787765228669_37.5537354682910234
2026-09-04T13:22:12.125893+09:00,응봉산,응봉산,POI107,KEY_3,1030060800,고산자로,1030040501,응봉동 84,127.0346787765228669_37.5537354682910234,1030040601,응봉교(북측),127.0354323058887900_37.5512155665399234,289.0,27.0,원활,127.0354323058887900_37.5512155665399234|127.0354385491616256_37.5513218203346000|127.0354314127047104_37.5514267130854691|127.0354122260271765_37.5515241500845391|127.0352878611766556_37.5519380319943181|127.0348049216232482_37.5535433180143912|127.0346787765228669_37.5537354682910234
2026-09-04T13:22:12.125893+09:00,응봉산,응봉산,POI107,KEY_3,1030061000,고산자로,1030040802,응봉교(남측),127.0364122199101899_37.5475877422382993,1030040602,응봉교(북측),127.0353039979932106_37.5511793223031063,410.0,44.0,원활,127.0353039979932106_37.5511793223031063|127.0364122199101899_37.5475877422382993
2026-09-04T13:22:12.125893+09:00,응봉산,응봉산,POI107,KEY_3,1030061100,고산자로,1030040601,응봉교(북측),127.0354323058887900_37.5512155665399234,1030040801,응봉교(남측),127.0365453230109836_37.5476083497879003,412.0,53.0,원활,127.0365453230109836_37.5476083497879003|127.0354323058887900_37.5512155665399234
2026-09-04T13:22:12.125893+09:00,이촌한강공원,이촌한강공원,POI108,KEY_4,1020000101,강변북로,1020177700,최소노드배치점,126.9735160758688437_37.5170335682321721,1020008600,장미맨션,126.9674759268883975_37.5192653374396343,589.0,26.0,정체,126.9674759268883975_37.5192653374396343|126.9708113694907041_37.5180220323550628|126.9730614976379854_37.5171832066243809|126.9733548327701698_37.5170831491498902|126.9735160758688437_37.5170335682321721
2026-09-04T13:22:12.125893+09:00,이촌한강공원,이촌한강공원,POI108,KEY_4,1020000104,강변북로,1020006400,동작대교북측(남측),126.9828949892906991_37.5150080800496397,1020006700,동작대교(북측),126.9800256660309117_37.5160519948221989,372.0,45.3,서행,126.9800256660309117_37.5160519948221989|126.9808299968759400_37.5161101275101529|126.9811628406973938_37.5161443822588936|126.9823899641706930_37.5162034251455054|126.9825434009835448_37.5162040975456890|126.9826708465813283_37.5161748445062813|126.9827535076294396_37.5161275097643312|126.9828400343725860_37.5160623059202649|126.9828932089837963_37.5159492592973720|126.9828944431571500_37.5157704012335955|126.9828892630113018_37.5154365011152393|126.9828949892906991_37.5150080800496397
2026-09-04T13:22:12.125893+09:00,이촌한강공원,이촌한강공원,POI108,KEY_4,1020001201,강변북로,1020016900,이촌119안전센터,126.9527707053192813_37.5296032521090837,1020014700,늘봄어린이집,126.9534103419858297_37.5269616177521641,303.0,59.0,원활,126.9534103419858297_37.5269616177521641|126.9534012496742150_37.5270744241099976|126.9532254685826160_37.5287686344059281|126.9531671027491626_37.5289431542131382|126.9531202258240512_37.5290789643106777|126.9530543691655424_37.5292061523673013|126.9529628453764900_37.5293571166056665|126.9528713860592291_37.5294859395831253|126.9527707053192813_37.5296032521090837
2026-09-04T13:22:12.125893+09:00,이촌한강공원,이촌한강공원,POI108,KEY_4,1020001202,강변북로,1020017500,이촌119안전센터,126.9523654405978732_37.5299851049663928,1020016900,이촌119안전센터,126.9527707053192813_37.5296032521090837,56.0,50.0,원활,126.9527707053192813_37.5296032521090837|126.9526111115253713_37.5297638421530593|126.9524261692913427_37.5299314144408740|126.9523654405978732_37.5299851049663928
2026-09-04T13:22:12.125893+09:00,이촌한강공원,이촌한강공원,POI108,KEY_4,1020001203,강변북로,1020018900,현대자동차중부지역본부,126.9515851345648088_37.5306749736558771,1020017500,이촌119안전센터,126.9523654405978732_37.5299851049663928,103.0,49.0,서행,126.9523654405978732_37.5299851049663928|126.9519853330072579_37.5303211606273521|126.9515851345648088_37.5306749736558771
2026-09-04T13:22:12.125893+09:00,이촌한강공원,이촌한강공원,POI108,KEY_4,1020001301,강변북로,1020015100,원효대교(북측),126.9530054534751287_37.5274065558744638,1020020100,원효대교(북측),126.9490556979416453_37.5318418487171641,611.0,42.0,서행,126.9490556979416453_37.5318418487171641|126.9511588605246004_37.5298950607039430|126.9517964502142036_37.5293048486157872|126.9520794947991362_37.5290331982994090|126.9522412504164919_37.5288508956887625|126.9523805449295111_37.5286864623722636|126.9524973865242998_37.5285255959335444|126.9526187348045738_37.5283361243785549|126.9527355979030716_37.5281394987459009|126.9528480107025956_37.5278785063501417|126.9529379639647573_37.5276318073909181|126.9530054534751287_37.5274065558744638
2026-09-04T13:22:12.125893+09:00,이촌한강공원,이촌한강공원,POI108,KEY_4,1020004501,양녕로,1020173400,최소노드배치점,126.9595585500767214_37.5188246703474917,1020037700,한강대교,126.9614504170564686_37.5219168510869849,382.0,56.0,원활,126.9614504170564686_37.5219168510869849|126.9595585500767214_37.5188246703474917
2026-09-04T13:22:12.125893+09:00,이촌한강공원,이촌한강공원,POI108,KEY_4,1020007800,청파로,1020173600,최소노드배치점,126.9544297498901955_37.5315689925581850,1020000701,원효대교북측(동측),126.9517622341474095_37.5300758765918303,288.0,58.0,원활,126.9517622341474095_37.5300758765918303|126.9539847333503388_37.5312739203574566|126.9542620658364172_37.5314458751583899|126.9544297498901955_37.5315689925581850
2026-09-04T13:22:12.125893+09:00,이촌한강공원,이촌한강공원,POI108,KEY_4,1020023300,서빙고로62길,1020174500,최소노드배치점,126.9787187723303674_37.5152580928693737,1020006502,사촌5길삼거리,126.9749717465756760_37.5156880509036554,335.0,38.0,원활,126.9749717465756760_37.5156880509036554|126.9751117329301451_37.5156600647625922|126.9754017049598644_37.5156100828596593|126.9760224047377619_37.5155278109994939|126.9770532987808167_37.5154248967958210|126.9787074137265250_37.5152593209579024|126.9787187723303674_37.5152580928693737
2026-09-04T13:22:12.125893+09:00,이촌한강공원,이촌한강공원,POI108,KEY_4,1020023400,서빙고로62길,1020174800,최소노드배치점,126.9824891213493459_37.5152764328568153,1020006204,여우목길-이촌동길삼거,126.9862607226467901_37.5155372285773865,335.0,37.0,원활,126.9862607226467901_37.5155372285773865|126.9848107248320019_37.5154401903541554|126.9828575452751238_37.5152969238249341|126.9824891213493459_37.5152764328568153
2026-09-04T13:22:12.125893+09:00,이촌한강공원,이촌한강공원,POI108,KEY_4,1020023600,동작대로,1020006400,동작대교북측(남측),126.9828949892906991_37.5150080800496397,1020000102,동작대교북측(북측),126.9830968580070873_37.5162135878794203,135.0,58.0,원활,126.9830968580070873_37.5162135878794203|126.9830973582783855_37.5159265924053926|126.9830855094718913_37.5158320420852931|126.9830500284640493_37.5156150572852383|126.9828949892906991_37.5150080800496397
2026-09-04T13:22:12.125893+09:00,이촌한강공원,이촌한강공원,POI108,KEY_4,1020025900,서빙고로62길,1020141900,이촌동 375-1,126.9596450999449502_37.5218248060785342,1020012002,이촌한강공원한강축구장,126.9584923328509802_37.5219853753291375,104.0,32.0,원활,126.9584923328509802_37.5219853753291375|126.9585875324684139_37.5219485289045878|126.9587560183722843_37.5219160589596896|126.9594890278337971_37.5218356566925237|126.9596450999449502_37.5218248060785342
2026-09-04T13:22:12.125893+09:00,이촌한강공원,이촌한강공원,POI108,KEY_4,1020026000,서빙고로62길,1020161500,이촌동 302-17,126.9704077941686506_37.5172262067152431,1020006501,사촌5길삼거리,126.9749999143509029_37.5157937473941132,438.0,36.0,원활,126.9749999143509029_37.5157937473941132|126.9748202206337169_37.5158189922882812|126.9744904447008196_37.5158831702968598|126.9738607344488059_37.5160198211928844|126.9733243730976966_37.5161583026667174|126.9729818969831854_37.5162548304322385|126.9727131343539668_37.5163419065095027|126.9722761593685192_37.5164882421616070|126.9715818965029257_37.5167388922272593|126.9707166376167891_37.5170984596883486|126.9704077941686506_37.5172262067152431
2026-09-04T13:22:12.125893+09:00,이촌한강공원,이촌한강공원,POI108,KEY_4,1020029000,강변북로,1020011900,이촌동 375,126.9602235794051666_37.5220096584238760,1020012001,이촌한강공원한강축구장,126.9585516639946974_37.5220826215641168,148.0,8.0,정체,126.9585516639946974_37.5220826215641168|126.9587113208574465_37.5220996316526865|126.9591141977425650_37.5220609052510881|126.9596830840466453_37.5220183500368947|126.9602235794051666_37.5220096584238760
2026-09-04T13:22:12.125893+09:00,이촌한강공원,이촌한강공원,POI108,KEY_4,1020029200,강변북로,1020012002,이촌한강공원한강축구장,126.9584923328509802_37.5219853753291375,1020012900,이촌우성아파트,126.9566358774652315_37.5229345434784065,199.0,39.0,서행,126.9566358774652315_37.5229345434784065|126.9570464453038028_37.5225864767338919|126.9574825635857280_37.5223784218399743|126.9580930558484653_37.5221996549528427|126.9583501102936225_37.5221157291829570|126.9584923328509802_37.5219853753291375
2026-09-04T13:22:12.125893+09:00,이촌한강공원,이촌한강공원,POI108,KEY_4,1020032100,강변북로,1020015100,원효대교(북측),126.9530054534751287_37.5274065558744638,1020017300,원효대교북측(서측),126.9512077159163965_37.5298631512081684,389.0,44.0,서행,126.9512077159163965_37.5298631512081684|126.9514822855463336_37.5299090640322532|126.9516216330552822_37.5299292063212135|126.9517511067902262_37.5299467270030931|126.9518970490022127_37.5299546450712000|126.9519877335176687_37.5299455566299400|126.9521077543355858_37.5299127260165122|126.9522368979249620_37.5298608590075560|126.9523270967404471_37.5298111962103320|126.9524084351906055_37.5297447981758694|126.9524777763784442_37.5296807288515026|126.9526166005700532_37.5295335132300067|126.9527584871032815_37.5293767714761159|126.9528702913169127_37.5292389692136652|126.9529309273824396_37.5291367026859675|126.9529675922746605_37.5290367097196622|126.9529801960210875_37.5289509141567166|126.9529811713372993_37.5288173680834305|126.9529769080494788_37.5281710589532835|126.9529840979044479_37.5280065388959798|126.9529943354486932_37.5278348787065212|126.9530054534751287_37.5274065558744638
2026-09-04T13:22:12.125893+09:00,이촌한강공원,이촌한강공원,POI108,KEY_4,1020034000,여의대방로,1020000701,원효대교북측(동측),126.9517622341474095_37.5300758765918303,1020017300,원효대교북측(서측),126.9512077159163965_37.5298631512081684,54.0,61.0,원활,126.9512077159163965_37.5298631512081684|126.9517622341474095_37.5300758765918303
2026-09-04T13:22:12.125893+09:00,이촌한강공원,이촌한강공원,POI108,KEY_4,1020034500,이촌로2길,1020136600,이촌동 172-1,126.9529749817550623_37.5299597795509499,1020016900,이촌119안전센터,126.9527707053192813_37.5296032521090837,48.0,30.0,원활,126.9527707053192813_37.5296032521090837|126.9527510286802681_37.5297077910479260|126.9527654424910708_37.5297841729085633|126.9528069643994144_37.5298392163718901|126.9528474013405344_37.5298835816184777|126.9529749817550623_37.5299597795509499
2026-09-04T13:22:12.125893+09:00,이촌한강공원,이촌한강공원,POI108,KEY_4,1020034800,이촌로2길,1020017500,이촌119안전센터,126.9523654405978732_37.5299851049663928,1020019104,원효대교(북측),126.9547296547672914_37.5310849407541980,251.0,25.0,원활,126.9547296547672914_37.5310849407541980|126.9545655803105433_37.5310328345768127|126.9543726239541144_37.5309286287612096|126.9540821407545081_37.5307553338088766|126.9530819266436481_37.5301623577747137|126.9528911683399315_37.5300492648525363|126.9527252955329146_37.5299509250104393|126.9526356021338103_37.5299314301440461|126.9525667304034755_37.5299311114793284|126.9525008186408570_37.5299355755796711|126.9523654405978732_37.5299851049663928
2026-09-04T13:22:12.125893+09:00,이촌한강공원,이촌한강공원,POI108,KEY_4,1020052000,강변북로,1020037400,원효대교(북측),126.9525421584508535_37.5304082079948245,1020017500,이촌119안전센터,126.9523654405978732_37.5299851049663928,52.0,30.0,서행,126.9523654405978732_37.5299851049663928|126.9523627938557553_37.5300890965853284|126.9523796108926064_37.5301734974690859|126.9524096759291609_37.5302742064081443|126.9524626558254994_37.5303423173229618|126.9525421584508535_37.5304082079948245
2026-09-04T13:22:12.125893+09:00,이촌한강공원,이촌한강공원,POI108,KEY_4,1020052200,청파로,1020020200,원효대교(북측),126.9548392490623030_37.5316133150025451,1020017300,원효대교북측(서측),126.9512077159163965_37.5298631512081684,380.0,50.0,원활,126.9512077159163965_37.5298631512081684|126.9518915547961058_37.5299922272080906|126.9541046333161063_37.5311800268186957|126.9547757568389557_37.5315338800621774|126.9548392490623030_37.5316133150025451
2026-09-04T13:22:12.125893+09:00,잠실종합운동장,잠실종합운동장,POI109,KEY_1,1230024502,올림픽로,1230039501,정신여중고교,127.0736954853006182_37.5111786898829180,1230041205,종합운동장교차로,127.0782510546514033_37.5119142943147708,411.0,40.0,원활,127.0782510546514033_37.5119142943147708|127.0777355344654751_37.5118609241788334|127.0736954853006182_37.5111786898829180
2026-09-04T13:22:12.125893+09:00,잠실종합운동장,잠실종합운동장,POI109,KEY_1,1230024602,올림픽로,1230041204,종합운동장교차로,127.0781055802095096_37.5117902042657008,1230039502,속성변화점,127.0737236350740034_37.5110729205048941,396.0,22.0,서행,127.0737236350740034_37.5110729205048941|127.0777583891545248_37.5117542599830429|127.0781055802095096_37.5117902042657008
2026-09-04T13:22:12.125893+09:00,잠실종합운동장,잠실종합운동장,POI109,KEY_1,1230080400,올림픽로.백제고분로,1230358300,최소노드배치점,127.0741133987251885_37.5141329445928022,1230039501,정신여중고교,127.0736954853006182_37.5111786898829180,348.0,8.0,정체,127.0736954853006182_37.5111786898829180|127.0735109745380811_37.5120468642505998|127.0733871347810577_37.5128886808420958|127.0734162045250599_37.5131457669554109|127.0735033961650799_37.5134180663867554|127.0736294614953579_37.5136367146674488|127.0741133987251885_37.5141329445928022
2026-09-04T13:22:12.125893+09:00,잠실종합운동장,잠실종합운동장,POI109,KEY_1,1230080500,올림픽로.백제고분로,1230358400,최소노드배치점,127.0740062090400500_37.5141992739565353,1230044204,신천중교앞,127.0774044018965441_37.5155003964846543,357.0,20.0,서행,127.0774044018965441_37.5155003964846543|127.0755124993001175_37.5153095096552178|127.0751959624176237_37.5152553387321319|127.0749349587907773_37.5151515936626865|127.0740062090400500_37.5141992739565353
2026-09-04T13:22:12.125893+09:00,잠실종합운동장,잠실종합운동장,POI109,KEY_1,1230085100,올림픽대로,1230048700,탄천IC,127.0712574770913363_37.5181553244251091,1230046800,탄천IC,127.0697459726230250_37.5168231112045873,231.0,41.0,서행,127.0697459726230250_37.5168231112045873|127.0697754002144677_37.5173608675772812|127.0698117639167890_37.5175458256678240|127.0699380842498272_37.5177072629794210|127.0701243878796731_37.5178510319211540|127.0703109993272903_37.5179411420373370|127.0704903324183590_37.5179954539382052|127.0712574770913363_37.5181553244251091
2026-09-04T13:22:12.125893+09:00,잠실종합운동장,잠실종합운동장,POI109,KEY_1,1230436501,올림픽로,1230039502,속성변화점,127.0737236350740034_37.5110729205048941,1230188103,잠실동 121,127.0716318198721382_37.5107177546662882,189.0,22.0,서행,127.0716318198721382_37.5107177546662882|127.0735906339783128_37.5110512148189557|127.0737236350740034_37.5110729205048941
2026-09-04T13:22:12.125893+09:00,잠실한강공원,잠실한강공원,POI110,KEY_2,1230004401,올림픽대로,1230048500,잠실실내체육관북문앞,127.0744105410493603_37.5180587342205172,1230046600,잠실여름파출소,127.0810876316749329_37.5169833092338081,603.0,74.0,원활,127.0810876316749329_37.5169833092338081|127.0804213279931645_37.5170194895651008|127.0800023606424958_37.5170483809421711|127.0792542343313727_37.5171299377557048|127.0789549994236012_37.5171778165530725|127.0776144544349506_37.5174218633083356|127.0765970754220291_37.5176132410161287|127.0755258542856154_37.5178380175560235|127.0747957401812727_37.5179862845251577|127.0744105410493603_37.5180587342205172
2026-09-04T13:22:12.125893+09:00,잠실한강공원,잠실한강공원,POI110,KEY_2,1230004800,올림픽대로,1230053400,올림픽대교남단IC,127.1054403294451021_37.5258712723512531,1230058600,잠실대교JC,127.1009146875278901_37.5224189667535271,555.0,68.5,원활,127.1009146875278901_37.5224189667535271|127.1011093537508287_37.5225414095623506|127.1025922080837773_37.5234805816309276|127.1030011499238270_37.5237591426245700|127.1034011999147282_37.5240984996804912|127.1047630304620668_37.5252732674915777|127.1054403294451021_37.5258712723512531
2026-09-04T13:22:12.125893+09:00,잠실한강공원,잠실한강공원,POI110,KEY_2,1230004901,송파대로,1230002202,잠실대교,127.0957221756853812_37.5188676904711542,1230050400,잠실대교JC,127.0940531440605810_37.5210283294453149,282.0,23.0,서행,127.0940531440605810_37.5210283294453149|127.0943979417753837_37.5205735354890280|127.0957221756853812_37.5188676904711542
2026-09-04T13:22:12.125893+09:00,잠실한강공원,잠실한강공원,POI110,KEY_2,1230005001,송파대로,1230050500,잠실대교JC,127.0941614709712155_37.5210946866676380,1230002201,잠실대교,127.0958376749982079_37.5189245732049699,283.0,61.0,원활,127.0958376749982079_37.5189245732049699|127.0945138178915101_37.5206299338843792|127.0941614709712155_37.5210946866676380
2026-09-04T13:22:12.125893+09:00,잠실한강공원,잠실한강공원,POI110,KEY_2,1230005100,올림픽대로,1230052500,잠실대교JC,127.1008769588409706_37.5229114985517214,1230054000,올림픽대교남단IC,127.1051025385346520_37.5260799913631047,514.0,68.0,원활,127.1051025385346520_37.5260799913631047|127.1031412114076176_37.5243990994672458|127.1028266080407718_37.5241633671182342|127.1022828471172517_37.5237919497680679|127.1018469450196733_37.5234955300521236|127.1008769588409706_37.5229114985517214
2026-09-04T13:22:12.125893+09:00,잠실한강공원,잠실한강공원,POI110,KEY_2,1230032601,오금로2길,1230051402,잠현초등학교앞,127.1032272322034373_37.5217466792184808,1230051702,잠현초등학교앞,127.1042850886722420_37.5222053467216838,111.0,15.0,서행,127.1042850886722420_37.5222053467216838|127.1042497005361156_37.5221103348289660|127.1042277195709289_37.5220785857864811|127.1041621108260529_37.5220413475743726|127.1039663504930388_37.5219727654665149|127.1032272322034373_37.5217466792184808
2026-09-04T13:22:12.125893+09:00,잠실한강공원,잠실한강공원,POI110,KEY_2,1230032700,오금로2길,1230052101,잠실대교JC,127.1014277624528717_37.5224635506086486,1230051402,잠현초등학교앞,127.1032272322034373_37.5217466792184808,218.0,25.0,원활,127.1032272322034373_37.5217466792184808|127.1029991014250413_37.5216712850617142|127.1024125243856844_37.5214774265063795|127.1014277624528717_37.5224635506086486
2026-09-04T13:22:12.125893+09:00,잠실한강공원,잠실한강공원,POI110,KEY_2,1230035900,강변북로.한가람로사이길,1230342900,최소노드배치점,127.1015149961345827_37.5246010575964561,1230052101,잠실대교JC,127.1014277624528717_37.5224635506086486,473.0,43.0,원활,127.1014277624528717_37.5224635506086486|127.1019012970064210_37.5227419164495544|127.1022293161336734_37.5229454568152008|127.1023955346630316_37.5230204059564443|127.1026425819513577_37.5231060119775464|127.1028940706044494_37.5231558555366931|127.1034374042296093_37.5232197458338632|127.1034778407937154_37.5232411659780993|127.1034868601301469_37.5232697648950335|127.1034734249590059_37.5232948074079431|127.1033926368200042_37.5233127576457974|127.1025529951041904_37.5232562760554629|127.1024721909816861_37.5232634983457274|127.1023734783107670_37.5233064941788044|127.1022972616788422_37.5233852285200129|127.1015149961345827_37.5246010575964561
2026-09-04T13:22:12.125893+09:00,잠실한강공원,잠실한강공원,POI110,KEY_2,1230084700,올림픽대로,1230048400,종합운동장분기점,127.0777486454134646_37.5178704259979199,1230046600,잠실여름파출소,127.0810876316749329_37.5169833092338081,314.0,42.0,서행,127.0810876316749329_37.5169833092338081|127.0801927964286335_37.5171577227981317|127.0793309923237757_37.5173394821108701|127.0789711453512041_37.5174395553138140|127.0788360149310137_37.5175106194115884|127.0785881391682750_37.5176647507308303|127.0785130541955965_37.5177062170797271|127.0777486454134646_37.5178704259979199
2026-09-04T13:22:12.125893+09:00,잠실한강공원,잠실한강공원,POI110,KEY_2,1230085300,올림픽대로,1230048400,종합운동장분기점,127.0777486454134646_37.5178704259979199,1230045601,잠실선착장앞,127.0774875189781739_37.5166619666764163,136.0,23.5,정체,127.0774875189781739_37.5166619666764163|127.0777486454134646_37.5178704259979199
2026-09-04T13:22:12.125893+09:00,잠실한강공원,잠실한강공원,POI110,KEY_2,1230085600,올림픽대로,1230048500,잠실실내체육관북문앞,127.0744105410493603_37.5180587342205172,1230048400,종합운동장분기점,127.0777486454134646_37.5178704259979199,300.0,38.0,서행,127.0777486454134646_37.5178704259979199|127.0773650613805614_37.5179316568650449|127.0771467542200384_37.5178855628762733|127.0768209339584587_37.5177913870465716|127.0761140007833632_37.5178508577266143|127.0755388160040695_37.5179084136562651|127.0744105410493603_37.5180587342205172
2026-09-04T13:22:12.125893+09:00,잠실한강공원,잠실한강공원,POI110,KEY_2,1230085900,올림픽대로,1230047500,잠실대교JC,127.0882031183010952_37.5173476816793539,1230049200,잠실대교JC,127.0923739588028951_37.5186948203919854,398.0,49.0,서행,127.0923739588028951_37.5186948203919854|127.0906700937840412_37.5181881092216685|127.0888588349887840_37.5176142250082165|127.0886078102504939_37.5175274965200956|127.0882031183010952_37.5173476816793539
2026-09-04T13:22:12.125893+09:00,잠실한강공원,잠실한강공원,POI110,KEY_2,1230086400,올림픽대로,1230049100,청담IC,127.0707396061695107_37.5184287009435380,1230046800,탄천IC,127.0697459726230250_37.5168231112045873,448.0,38.5,서행,127.0697459726230250_37.5168231112045873|127.0697255394333922_37.5169421476156941|127.0696754767479462_37.5173641215222204|127.0696427964096671_37.5178971851342311|127.0696653241736698_37.5180462680572546|127.0696933359397889_37.5183048124125094|127.0697546894723047_37.5184857525859030|127.0698487706782345_37.5186328686366366|127.0699827934278261_37.5187585702354625|127.0701134307655735_37.5188453314355357|127.0702305969029453_37.5189112963400362|127.0705564071799216_37.5190044839187422|127.0708077692025881_37.5190292462295290|127.0710115288144806_37.5190013676009428|127.0713114784911539_37.5189070636006647|127.0713897595890245_37.5188310320207776|127.0714321672822820_37.5187453318010427|127.0714086790554802_37.5186641620221621|127.0713254192519202_37.5185636955236959|127.0712059303728694_37.5185155657555001|127.0707396061695107_37.5184287009435380
2026-09-04T13:22:12.125893+09:00,잠실한강공원,잠실한강공원,POI110,KEY_2,1230087000,올림픽대로,1230049200,잠실대교JC,127.0923739588028951_37.5186948203919854,1230050400,잠실대교JC,127.0940531440605810_37.5210283294453149,366.0,41.7,서행,127.0940531440605810_37.5210283294453149|127.0944191952030025_37.5203044781990656|127.0944561310460159_37.5201185871230507|127.0944510462596639_37.5199516308761289|127.0943922228928074_37.5197558710782317|127.0943090605750143_37.5196315729957846|127.0941839809711382_37.5195071316884281|127.0940228946276704_37.5193968745701554|127.0937720401544908_37.5192767702937999|127.0931867060835003_37.5189981127720316|127.0923739588028951_37.5186948203919854
2026-09-04T13:22:12.125893+09:00,잠실한강공원,잠실한강공원,POI110,KEY_2,1230087100,올림픽대로,1230049200,잠실대교JC,127.0923739588028951_37.5186948203919854,1230051200,잠실대교JC,127.0974803904301069_37.5212021137005536,534.0,30.3,서행,127.0974803904301069_37.5212021137005536|127.0968061273857188_37.5207514623958787|127.0953376304814242_37.5198926651322751|127.0945972650167306_37.5194894724186341|127.0942747579238556_37.5193309645688444|127.0939999759979742_37.5192060081488634|127.0934799938887778_37.5190229712408154|127.0923739588028951_37.5186948203919854
2026-09-04T13:22:12.125893+09:00,잠실한강공원,잠실한강공원,POI110,KEY_2,1230087500,올림픽대로,1230050500,잠실대교JC,127.0941614709712155_37.5210946866676380,1230051200,잠실대교JC,127.0974803904301069_37.5212021137005536,356.0,51.7,원활,127.0974803904301069_37.5212021137005536|127.0968474033966800_37.5208708456413760|127.0960652565332367_37.5204389013147832|127.0958920359090456_37.5203572238258403|127.0957125445294054_37.5203279913220200|127.0955329497879518_37.5203178373608708|127.0952873557283453_37.5203313048193365|127.0950954496138507_37.5203831139705883|127.0948973740489834_37.5204682891928982|127.0941614709712155_37.5210946866676380
2026-09-04T13:22:12.125893+09:00,잠실한강공원,잠실한강공원,POI110,KEY_2,1230087800,올림픽대로,1230051200,잠실대교JC,127.0974803904301069_37.5212021137005536,1230050700,잠실대교JC,127.0985275932771117_37.5207859447465282,191.0,36.0,서행,127.0985275932771117_37.5207859447465282|127.0986497398156985_37.5209008332440774|127.0987329107394004_37.5210251273303044|127.0987622391326255_37.5211396995225144|127.0987255177263222_37.5212874351721695|127.0986290925901301_37.5214015808490018|127.0985089432221002_37.5214727179596608|127.0983770471739689_37.5215008869134579|127.0982332510044301_37.5215147072423250|127.0979044566973073_37.5214086547447678|127.0974803904301069_37.5212021137005536
2026-09-04T13:22:12.125893+09:00,잠실한강공원,잠실한강공원,POI110,KEY_2,1230088000,올림픽로37길,1230051102,잠현초등학교앞,127.1045800172266951_37.5212171791430293,1230051401,잠현초등학교앞,127.1032558452858154_37.5216390772203923,127.0,11.0,정체,127.1032558452858154_37.5216390772203923|127.1039066435248372_37.5214664456400584|127.1042127017812646_37.5213794148577477|127.1043569968460929_37.5213194897201916|127.1044871741674740_37.5212604256405129|127.1045800172266951_37.5212171791430293
2026-09-04T13:22:12.125893+09:00,잠실한강공원,잠실한강공원,POI110,KEY_2,1230088400,올림픽대로,1230051200,잠실대교JC,127.0974803904301069_37.5212021137005536,1230052500,잠실대교JC,127.1008769588409706_37.5229114985517214,356.0,41.0,서행,127.1008769588409706_37.5229114985517214|127.1002271864062720_37.5226757386651713|127.0995044513345107_37.5223251030228795|127.0989968176467215_37.5220658174711446|127.0974803904301069_37.5212021137005536
2026-09-04T13:22:12.125893+09:00,잠실한강공원,잠실한강공원,POI110,KEY_2,1230094200,올림픽대로,1230046700,탄천IC,127.0696020078595723_37.5168633745709172,1230048500,잠실실내체육관북문앞,127.0744105410493603_37.5180587342205172,659.0,18.0,정체,127.0744105410493603_37.5180587342205172|127.0737644465918663_37.5182398374740700|127.0730716885542506_37.5184376616550637|127.0726308743356014_37.5185576948802080|127.0718747864366662_37.5188339841774621|127.0712897216547645_37.5190464979453040|127.0710108250935519_37.5191241846480992|127.0707592023156991_37.5191447343682398|127.0705168079646370_37.5191223893981984|127.0701522174600910_37.5189996213961336|127.0700306271375979_37.5189311668636947|127.0698868542610569_37.5188356808245729|127.0697349817978932_37.5186932382090816|127.0696272774244591_37.5185248186740381|127.0695590856078496_37.5183237126064597|127.0695302311407602_37.5180573831475215|127.0695066075921886_37.5179010369558412|127.0695399975699189_37.5173563914672599|127.0695906177090961_37.5169297275663567|127.0696020078595723_37.5168633745709172
2026-09-04T13:22:12.125893+09:00,잠원한강공원,잠원한강공원,POI111,KEY_3,1210005301,올림픽대로,1210467000,최소노드배치점,127.0063311684586722_37.5151321080427280,1210048600,한남대교분기점,127.0116483973796164_37.5197328756636708,694.0,28.5,정체,127.0116483973796164_37.5197328756636708|127.0113381325108008_37.5194347621186211|127.0111530941337463_37.5192706692185212|127.0109430122922873_37.5190843650138959|127.0098205372895421_37.5181189800994872|127.0087474791721576_37.5172072192485331|127.0063311684586722_37.5151321080427280
2026-09-04T13:22:12.125893+09:00,잠원한강공원,잠원한강공원,POI111,KEY_3,1210005304,올림픽대로,1210048600,한남대교분기점,127.0116483973796164_37.5197328756636708,1210050600,한남IC,127.0144200511100223_37.5223958397555037,384.0,21.5,정체,127.0144200511100223_37.5223958397555037|127.0116483973796164_37.5197328756636708
2026-09-04T13:22:12.125893+09:00,잠원한강공원,잠원한강공원,POI111,KEY_3,1210030601,강남대로,1210050800,잠원고가차도,127.0171954067127871_37.5225456375150301,1220157700,한남IC,127.0145780793450854_37.5252994305641892,383.0,58.8,원활,127.0145780793450854_37.5252994305641892|127.0159781603691300_37.5238357378014484|127.0167039603145014_37.5230785483821734|127.0171954067127871_37.5225456375150301
2026-09-04T13:22:12.125893+09:00,잠원한강공원,잠원한강공원,POI111,KEY_3,1210030701,강남대로,1220157800,한남대교(남측),127.0146790907489986_37.5253724046406063,1210050500,잠원고가차도,127.0175844575561968_37.5222683840522109,430.0,64.0,원활,127.0175844575561968_37.5222683840522109|127.0173048143189050_37.5226096422798534|127.0168126229697805_37.5231433610007699|127.0160861030461348_37.5239013035145419|127.0146790907489986_37.5253724046406063
2026-09-04T13:22:12.125893+09:00,잠원한강공원,잠원한강공원,POI111,KEY_3,1210065500,올림픽대로,1220053900,한남IC,127.0169213218881623_37.5242444408011622,1210049600,한남IC,127.0132919536855240_37.5215913460039729,547.0,43.0,서행,127.0132919536855240_37.5215913460039729|127.0131764377013468_37.5213976973987542|127.0131545160519551_37.5213153301614213|127.0131550039927646_37.5212402098941311|127.0132140172836444_37.5211438671777131|127.0132726582109086_37.5211047588790620|127.0133582214981942_37.5210693389180960|127.0134525365458131_37.5210697273576983|127.0135512489524530_37.5210844429655666|127.0136138688634730_37.5211240510594735|127.0136897779433696_37.5211923310959961|127.0148471413883442_37.5223310822313749|127.0150702369121944_37.5225585580549250|127.0153899107410211_37.5228997103152295|127.0159514978690822_37.5234535073125173|127.0169213218881623_37.5242444408011622
2026-09-04T13:22:12.125893+09:00,잠원한강공원,잠원한강공원,POI111,KEY_3,1210065700,올림픽대로,1210048600,한남대교분기점,127.0116483973796164_37.5197328756636708,1210049600,한남IC,127.0132919536855240_37.5215913460039729,252.0,56.0,원활,127.0132919536855240_37.5215913460039729|127.0130555709649087_37.5213363858637976|127.0125786238490377_37.5207799430913980|127.0122757179837834_37.5203959260493249|127.0116483973796164_37.5197328756636708
2026-09-04T13:22:12.125893+09:00,잠원한강공원,잠원한강공원,POI111,KEY_3,1210065800,올림픽대로,1210050400,한남대교(남측),127.0155096957228693_37.5225502263552855,1220054400,한남IC,127.0200272274778115_37.5267777660031570,858.0,18.0,정체,127.0200272274778115_37.5267777660031570|127.0192123985727335_37.5262320472879267|127.0184256031381693_37.5256529030607808|127.0180363445848855_37.5254187935745804|127.0166351946520251_37.5246904614057826|127.0163666602473711_37.5245426948937322|127.0161921899377546_37.5244346626288348|127.0159597253565238_37.5242655788244619|127.0157274941423822_37.5240607229278424|127.0155355229140639_37.5238810722285265|127.0153170228297910_37.5236369227872473|127.0150716907118067_37.5233747752288167|127.0143490415408536_37.5226098500547209|127.0142824146727492_37.5224951037274508|127.0142785258566107_37.5224020792743715|127.0143106145724090_37.5223020478728913|127.0143650186087854_37.5222235720411348|127.0144237289814981_37.5221737313262196|127.0145183694337305_37.5221240393409659|127.0146443083077656_37.5220959386366317|127.0147880047045845_37.5221001058899972|127.0148866254190949_37.5221291292150383|127.0150164538753614_37.5221940534525586|127.0155096957228693_37.5225502263552855
2026-09-04T13:22:12.125893+09:00,잠원한강공원,잠원한강공원,POI111,KEY_3,1210066300,올림픽대로,1210049600,한남IC,127.0132919536855240_37.5215913460039729,1220157700,한남IC,127.0145780793450854_37.5252994305641892,460.0,46.0,서행,127.0145780793450854_37.5252994305641892|127.0147104295549099_37.5249005422464350|127.0147863672377895_37.5247339158101951|127.0148579760127063_37.5245883769243278|127.0149310195781425_37.5244062372913092|127.0149770447245032_37.5242347175482251|127.0149917460097839_37.5240451835156819|127.0149749842814657_37.5238590971000932|127.0149399334525668_37.5237230168275246|127.0148737690059306_37.5235367275936440|127.0148115854763091_37.5234291548056120|127.0146423776016888_37.5232030927398981|127.0137688650678029_37.5221549397842438|127.0132919536855240_37.5215913460039729
2026-09-04T13:22:12.125893+09:00,잠원한강공원,잠원한강공원,POI111,KEY_3,1220096300,올림픽대로,1220157800,한남대교(남측),127.0146790907489986_37.5253724046406063,1220054400,한남IC,127.0200272274778115_37.5267777660031570,575.0,50.0,원활,127.0200272274778115_37.5267777660031570|127.0193242289730762_37.5264203087462036|127.0188857178037978_37.5261609604559894|127.0185233361122101_37.5259376936575251|127.0182234214589982_37.5257790711315735|127.0179681452605820_37.5256635576158075|127.0175160321388574_37.5254256122853178|127.0165272393316940_37.5248313212460829|127.0163169527300369_37.5247052561106358|127.0162273333328500_37.5246726936194008|127.0160972225443743_37.5246506972341933|127.0159221050795963_37.5246428254883995|127.0158097059604216_37.5246602506560123|127.0156341030276366_37.5247274987173896|127.0154267130539978_37.5248482747160921|127.0146790907489986_37.5253724046406063
2026-09-04T13:22:12.125893+09:00,잠원한강공원,잠원한강공원,POI111,KEY_3,1220105100,올림픽대로,1220059300,동호대교JC,127.0220780430583289_37.5291616152612590,1220061000,동호대교(남측),127.0229084781207405_37.5333942739204431,522.0,43.0,서행,127.0229084781207405_37.5333942739204431|127.0233635598606838_37.5325665468142446|127.0235829412492023_37.5322097058520612|127.0236738242093537_37.5320455189443791|127.0237150924269685_37.5319133274793018|127.0237159114981580_37.5317845490102897|127.0236941799930719_37.5316699892608909|127.0236589738914148_37.5315553754423448|127.0235878106225016_37.5314441935041714|127.0234184891007061_37.5312288752733068|127.0232223077572939_37.5309991388464397|127.0227364911469152_37.5304033524873617|127.0225805354424722_37.5302059729861313|127.0224870300151281_37.5300768133414024|127.0223848165293816_37.5299046919136003|127.0222960097674587_37.5297433564546594|127.0222118991010092_37.5295498443736761|127.0220780430583289_37.5291616152612590
2026-09-04T13:22:12.125893+09:00,잠원한강공원,잠원한강공원,POI111,KEY_3,1220106000,논현로,1220060104,동호대교JC,127.0244930828705350_37.5312156076113936,1220061000,동호대교(남측),127.0229084781207405_37.5333942739204431,279.0,62.7,원활,127.0229084781207405_37.5333942739204431|127.0232726866820627_37.5328829494918850|127.0244930828705350_37.5312156076113936
2026-09-04T13:22:12.125893+09:00,잠원한강공원,잠원한강공원,POI111,KEY_3,1220342500,올림픽대로,1210002002,서초구-강남구,127.0160756749148590_37.5238982581448965,1220054400,한남IC,127.0200272274778115_37.5267777660031570,473.0,15.0,정체,127.0200272274778115_37.5267777660031570|127.0174926925739385_37.5248921052717748|127.0167692105759869_37.5243778468914542|127.0160756749148590_37.5238982581448965
2026-09-04T13:22:12.125893+09:00,잠원한강공원,잠원한강공원,POI111,KEY_3,1220342800,올림픽대로,1220054400,한남IC,127.0200272274778115_37.5267777660031570,1220059300,동호대교JC,127.0220780430583289_37.5291616152612590,322.0,27.0,정체,127.0220780430583289_37.5291616152612590|127.0220517502220900_37.5291250566255243|127.0213640484212050_37.5281805214620263|127.0212442670701734_37.5280074876508394|127.0209909950696954_37.5276997633197666|127.0208173241896787_37.5274941629031531|127.0206909534822728_37.5273554073890026|127.0205589843227756_37.5272328410129745|127.0204122331301448_37.5270947744028120|127.0203880379195880_37.5270740330117505|127.0202983566571362_37.5269971470395589|127.0200272274778115_37.5267777660031570
2026-09-04T13:22:12.125893+09:00,잠원한강공원,잠원한강공원,POI111,KEY_3,1220343000,올림픽대로,1220059300,동호대교JC,127.0220780430583289_37.5291616152612590,1220061700,동호대교JC,127.0265039145882753_37.5338077911726771,655.0,16.0,정체,127.0265039145882753_37.5338077911726771|127.0263061761544918_37.5337200787946372|127.0261029394426231_37.5336028099630568|127.0258301164592467_37.5334591467799115|127.0255926780643279_37.5333027315416814|127.0254173103755306_37.5331668245794674|127.0252530509295497_37.5330397168580419|127.0250780178394621_37.5328857370346967|127.0248546347229421_37.5326680240083306|127.0246229562475975_37.5324221577972992|127.0240947726871497_37.5318184643953501|127.0236711793850333_37.5313091455595753|127.0232027216458448_37.5306889035906366|127.0228655067426757_37.5302415599729571|127.0224067469877554_37.5296186521967385|127.0220780430583289_37.5291616152612590
2026-09-04T13:22:12.125893+09:00,청계산,청계산,POI112,KEY_4,1210000711,경부고속도로,1210449200,최소노드배치점,127.0572473646991796_37.4446822625857081,1210000303,원지동489-2,127.0611116321153702_37.4392909081442369,689.0,49.0,원활,127.0611116321153702_37.4392909081442369|127.0609315083385411_37.4395346353218912|127.0588239315142545_37.4424793010316677|127.0572473646991796_37.4446822625857081
2026-09-04T13:22:12.125893+09:00,청계산,청계산,POI112,KEY_4,1210031900,청계산로,1210486300,최소노드배치점,127.0608932817513477_37.4400494757925912,1210008321,청계산길삼거리,127.0586823451657352_37.4429910818022265,381.0,38.0,원활,127.0586823451657352_37.4429910818022265|127.0591662640642028_37.4422470485704224|127.0592491678171001_37.4421399553288055|127.0603402860259621_37.4407304388508493|127.0603767585155452_37.4406855268171128|127.0608932817513477_37.4400494757925912
2026-09-04T13:22:12.125893+09:00,청계산,청계산,POI112,KEY_4,1210032000,청계산로,1210382300,신원동 48-16,127.0689133267683673_37.4319923005843833,2040001001,서초구-성남시수정구,127.0712198428584401_37.4305783980768396,260.0,37.0,원활,127.0712198428584401_37.4305783980768396|127.0711028696561584_37.4306114678604231|127.0703107383910719_37.4309818756336128|127.0695397393779444_37.4314271473229923|127.0693310371891442_37.4315845639555036|127.0689133267683673_37.4319923005843833
2026-09-04T13:22:12.125893+09:00,청계산,청계산,POI112,KEY_4,1210032101,청계산로,1210284000,신원동 307,127.0514085152237556_37.4518091803845721,1210008504,신원동501-21,127.0513183620442987_37.4531538308920418,201.0,35.0,원활,127.0513183620442987_37.4531538308920418|127.0506240143684380_37.4527327188383623|127.0506592259591940_37.4526912672754051|127.0514085152237556_37.4518091803845721
2026-09-04T13:22:12.125893+09:00,청계산,청계산,POI112,KEY_4,1210032103,청계산로,1210008310,신원동201-3,127.0559458797580419_37.4469717659356149,1210008325,신원동280-1,127.0531615785309327_37.4497181796301390,392.0,33.0,원활,127.0531615785309327_37.4497181796301390|127.0533221718746262_37.4495056390777634|127.0559458797580419_37.4469717659356149
2026-09-04T13:22:12.125893+09:00,청계산,청계산,POI112,KEY_4,1210032202,청계산로,1210008503,신원동501-21,127.0513688585657803_37.4530533330380067,1210008323,신원동280-1,127.0532074871860857_37.4498669554356738,446.0,19.0,서행,127.0532074871860857_37.4498669554356738|127.0530950000193258_37.4500158268333792|127.0515057194718622_37.4518620167792236|127.0507818684531429_37.4527028419938546|127.0513688585657803_37.4530533330380067
2026-09-04T13:22:12.125893+09:00,청계산,청계산,POI112,KEY_4,1210032204,청계산로,1210008324,신원동280-1,127.0532777455629230_37.4497739712044080,1210008307,신원동201-3,127.0560504946031841_37.4470406208549775,390.0,15.0,서행,127.0560504946031841_37.4470406208549775|127.0534298062270295_37.4495727231995446|127.0532777455629230_37.4497739712044080
2026-09-04T13:22:12.125893+09:00,청계산,청계산,POI112,KEY_4,1210177500,경부고속도로,1210446500,최소노드배치점,127.0653036739185353_37.4349232323748993,1210085501,서초구-성남시수정구,127.0696665356241795_37.4306444654284931,612.0,96.2,원활,127.0696665356241795_37.4306444654284931|127.0653036739185353_37.4349232323748993
2026-09-04T13:22:12.125893+09:00,청계산,청계산,POI112,KEY_4,1210177600,경부고속도로,1210446400,최소노드배치점,127.0651984769812799_37.4348550201566468,1210000304,원지동489-2,127.0609981268950293_37.4392308276163988,612.0,92.1,원활,127.0609981268950293_37.4392308276163988|127.0619913681257458_37.4380483828942161|127.0627090354693252_37.4372961789658376|127.0651984769812799_37.4348550201566468
2026-09-04T13:22:12.125893+09:00,청계산,청계산,POI112,KEY_4,1210177700,경부고속도로,1210449500,최소노드배치점,127.0526747207954372_37.4497035943056531,1210074702,신양재IC,127.0481276841114635_37.4547449692336869,689.0,87.0,원활,127.0481276841114635_37.4547449692336869|127.0488562039205362_37.4539451814088551|127.0499088293466770_37.4527786187978151|127.0507886425474311_37.4518049000086037|127.0516045488923140_37.4508924001779917|127.0526646112414824_37.4497147438476219|127.0526747207954372_37.4497035943056531
2026-09-04T13:22:12.125893+09:00,홍제폭포,홍제폭포,POI128,KEY_1,1120001300,내부순환도로,1120189000,최소노드배치점,126.9355029712090754_37.5797537876482934,1120018100,예그린유치원,126.9353306048413259_37.5859254286256572,782.0,47.0,서행,126.9353306048413259_37.5859254286256572|126.9353720149181157_37.5856896398522622|126.9354206634169913_37.5854295552364022|126.9355132292078991_37.5851258757186955|126.9356226920927213_37.5848470691319108|126.9357642556575456_37.5845605511847225|126.9359608400409485_37.5842493982299857|126.9369854646653977_37.5826831449766772|126.9371085724289401_37.5824456628314110|126.9371785853267482_37.5822326575221055|126.9372196054329152_37.5820190961513987|126.9372314619192110_37.5817916412523019|126.9372081619637669_37.5815484606276442|126.9371731874261968_37.5813433155249186|126.9371097635167871_37.5811454523982604|126.9369753385925321_37.5808984760248705|126.9368523263752451_37.5807116973754205|126.9367005935860959_37.5805256438115265|126.9365006626036063_37.5803335058484080|126.9363068869953679_37.5801650390661877|126.9361325128705431_37.5800446018223511|126.9358819462616168_37.5799006304472769|126.9356007343512687_37.5797885361015034|126.9355029712090754_37.5797537876482934
2026-09-04T13:22:12.125893+09:00,홍제폭포,홍제폭포,POI128,KEY_1,1120010301,연희로,1120143600,연희동 169-1,126.9359270691176391_37.5786224940936506,1120014803,서대문구청,126.9360877140000383_37.5796495017982863,115.0,17.5,서행,126.9360877140000383_37.5796495017982863|126.9360739899393877_37.5793519176538453|126.9360576488695926_37.5792443728082688|126.9360343655483661_37.5790911386545901|126.9359766844867039_37.5788392026325582|126.9359270691176391_37.5786224940936506
2026-09-04T13:22:12.125893+09:00,홍제폭포,홍제폭포,POI128,KEY_1,1120010302,연희로,1120014804,서대문구청,126.9360927246252260_37.5797673993961681,1120015303,서대문구청앞교차로,126.9361095223012796_37.5802604456917777,55.0,44.0,원활,126.9361095223012796_37.5802604456917777|126.9360927246252260_37.5797673993961681
2026-09-04T13:22:12.125893+09:00,홍제폭포,홍제폭포,POI128,KEY_1,1120010402,연희로,1120015302,서대문구청앞교차로,126.9362453257862029_37.5802575151093023,1120014801,서대문구청,126.9362289336807237_37.5797763988674731,53.0,38.3,원활,126.9362289336807237_37.5797763988674731|126.9362453257862029_37.5802575151093023
2026-09-04T13:22:12.125893+09:00,홍제폭포,홍제폭포,POI128,KEY_1,1120010902,연희로,1120014701,홍은동 275-36,126.9341761077857598_37.5796051045167516,1120015304,서대문구청앞교차로,126.9361130599227607_37.5803854760075282,192.0,26.0,원활,126.9361130599227607_37.5803854760075282|126.9355295449089311_37.5801293098410127|126.9341761077857598_37.5796051045167516
2026-09-04T13:22:12.125893+09:00,홍제폭포,홍제폭포,POI128,KEY_1,1120012101,연희로,1120015304,서대문구청앞교차로,126.9361130599227607_37.5803854760075282,1120015900,서대문구청앞,126.9361242751955388_37.5814206624140539,115.0,36.0,원활,126.9361242751955388_37.5814206624140539|126.9361190331520532_37.5809368173319669|126.9361130599227607_37.5803854760075282
2026-09-04T13:22:12.125893+09:00,홍제폭포,홍제폭포,POI128,KEY_1,1120012200,연희로,1120183800,홍은동 274-14,126.9362548820711538_37.5809358850233224,1120015301,서대문구청앞교차로,126.9362489072490945_37.5803845436516468,61.0,19.0,서행,126.9362489072490945_37.5803845436516468|126.9362548820711538_37.5809358850233224
2026-09-04T13:22:12.125893+09:00,홍제폭포,홍제폭포,POI128,KEY_1,1120026100,연희로32길,1120156600,연희동 168-34,126.9366082191874625_37.5795866226403561,1120014802,서대문구청,126.9362244887250029_37.5796675300616769,35.0,15.0,서행,126.9362244887250029_37.5796675300616769|126.9364292255509099_37.5796421835507530|126.9366082191874625_37.5795866226403561
2026-09-04T13:22:12.125893+09:00,가락시장,가락시장,POI058,KEY_2,1230002100,송파대로,1230017304,올림픽훼밀리타운앞교차로,127.1210258428540527_37.4887675565131815,1230019203,가락시장역앞교차로,127.1187411667467586_37.4925136264130430,463.0,20.5,서행,127.1187411667467586_37.4925136264130430|127.1197714201593811_37.4910640833560080|127.1200223071997186_37.4906490297457822|127.1203066139645301_37.4901786821806482|127.1206094301574723_37.4895845644306007|127.1210258428540527_37.4887675565131815
2026-09-04T13:22:12.125893+09:00,가락시장,가락시장,POI058,KEY_2,1230002501,송파대로,1230019204,가락시장역앞교차로,127.1186631577493671_37.4926059869610953,1230019703,속성변화점,127.1180895409655136_37.4932155741045676,85.0,11.0,정체,127.1180895409655136_37.4932155741045676|127.1184380300240377_37.4928470244958234|127.1186631577493671_37.4926059869610953
2026-09-04T13:22:12.125893+09:00,가락시장,가락시장,POI058,KEY_2,1230002502,송파대로,1230019703,속성변화점,127.1180895409655136_37.4932155741045676,1230020403,속성변화점,127.1174565775458518_37.4938968822872383,94.0,14.0,정체,127.1174565775458518_37.4938968822872383|127.1180074799294744_37.4933031352013657|127.1180895409655136_37.4932155741045676
2026-09-04T13:22:12.125893+09:00,가락시장,가락시장,POI058,KEY_2,1230002503,송파대로,1230020403,속성변화점,127.1174565775458518_37.4938968822872383,1230021003,속성변화점,127.1165394302565375_37.4948799779219542,136.0,15.5,서행,127.1165394302565375_37.4948799779219542|127.1173759307437905_37.4939835618050665|127.1174565775458518_37.4938968822872383
2026-09-04T13:22:12.125893+09:00,가락시장,가락시장,POI058,KEY_2,1230002504,송파대로,1230021003,속성변화점,127.1165394302565375_37.4948799779219542,1230022202,송파지하차도(남측),127.1157009408522782_37.4957852674061130,125.0,27.0,원활,127.1157009408522782_37.4957852674061130|127.1164582088762387_37.4949673388322466|127.1165394302565375_37.4948799779219542
2026-09-04T13:22:12.125893+09:00,가락시장,가락시장,POI058,KEY_2,1230002505,송파대로,1230022202,송파지하차도(남측),127.1157009408522782_37.4957852674061130,1230023000,가락동172-9,127.1150412999846395_37.4964072887051572,91.0,37.5,원활,127.1150412999846395_37.4964072887051572|127.1154853088913086_37.4959272692098367|127.1157009408522782_37.4957852674061130
2026-09-04T13:22:12.125893+09:00,가락시장,가락시장,POI058,KEY_2,1230002506,송파대로,1230023000,가락동172-9,127.1150412999846395_37.4964072887051572,1230024503,가락시장앞교차로,127.1139289764058020_37.4976097905047183,166.0,38.0,원활,127.1139289764058020_37.4976097905047183|127.1150412999846395_37.4964072887051572
2026-09-04T13:22:12.125893+09:00,가락시장,가락시장,POI058,KEY_2,1230002601,송파대로,1230019702,가락시장역(서울8호선),127.1181979182710222_37.4932806354653536,1230019201,가락시장역앞교차로,127.1187959472877793_37.4926449140792002,88.0,35.0,원활,127.1187959472877793_37.4926449140792002|127.1185466484956379_37.4929118312852694|127.1181979182710222_37.4932806354653536
2026-09-04T13:22:12.125893+09:00,가락시장,가락시장,POI058,KEY_2,1230002602,송파대로,1230020402,대한소방공제회관,127.1175656927106274_37.4939611574999532,1230019701,가락시장역(서울8호선),127.1181165953376393_37.4933674102880872,82.0,38.7,원활,127.1181165953376393_37.4933674102880872|127.1175656927106274_37.4939611574999532
2026-09-04T13:22:12.125893+09:00,가락시장,가락시장,POI058,KEY_2,1230002603,송파대로,1230021002,금호아파트,127.1166483258781170_37.4949444902828972,1230020401,대한소방공제회관,127.1174848264418529_37.4940480737983179,124.0,43.0,원활,127.1174848264418529_37.4940480737983179|127.1166483258781170_37.4949444902828972
2026-09-04T13:22:12.125893+09:00,가락시장,가락시장,POI058,KEY_2,1230002604,송파대로,1230022201,송파지하차도(남측),127.1158101613083460_37.4958494321184332,1230021001,금호아파트,127.1165674108393091_37.4950315228562872,113.0,48.0,원활,127.1165674108393091_37.4950315228562872|127.1158101613083460_37.4958494321184332
2026-09-04T13:22:12.125893+09:00,가락시장,가락시장,POI058,KEY_2,1230002605,송파대로,1230023100,가락금호아파트,127.1152652544426758_37.4965296586052403,1230022201,송파지하차도(남측),127.1158101613083460_37.4958494321184332,90.0,10.0,정체,127.1158101613083460_37.4958494321184332|127.1157037850572209_37.4960555597114009|127.1152652544426758_37.4965296586052403
2026-09-04T13:22:12.125893+09:00,가락시장,가락시장,POI058,KEY_2,1230002606,송파대로,1230024502,가락시장앞교차로,127.1141561470058008_37.4977286881623826,1230023100,가락금호아파트,127.1152652544426758_37.4965296586052403,165.0,10.0,정체,127.1152652544426758_37.4965296586052403|127.1141561470058008_37.4977286881623826
2026-09-04T13:22:12.125893+09:00,가락시장,가락시장,POI058,KEY_2,1230006701,중대로2길,1230404500,광평교교차로,127.1093634865369353_37.4894577289529849,1230017703,광평교앞교차로,127.1092394510687598_37.4896255728467267,22.0,33.7,원활,127.1092394510687598_37.4896255728467267|127.1093634865369353_37.4894577289529849
2026-09-04T13:22:12.125893+09:00,가락시장,가락시장,POI058,KEY_2,1230008301,중대로,1230017701,광평교앞교차로,127.1092906185560736_37.4897579918237298,1230018104,문정2동주민센터,127.1115601597222593_37.4904720850338151,216.0,39.0,원활,127.1115601597222593_37.4904720850338151|127.1092906185560736_37.4897579918237298
2026-09-04T13:22:12.125893+09:00,가락시장,가락시장,POI058,KEY_2,1230008302,중대로,1230402200,가락동 214-15,127.1156548468998295_37.4917156376188814,1230018904,가락시장역(서울3호선),127.1165507728938735_37.4919875515897090,85.0,24.7,서행,127.1165507728938735_37.4919875515897090|127.1156548468998295_37.4917156376188814
2026-09-04T13:22:12.125893+09:00,가락시장,가락시장,POI058,KEY_2,1230008303,중대로,1230018901,가락시장역(서울3호선),127.1166794195227965_37.4920258866616223,1230019204,가락시장역앞교차로,127.1186631577493671_37.4926059869610953,187.0,20.5,서행,127.1186631577493671_37.4926059869610953|127.1166794195227965_37.4920258866616223
2026-09-04T13:22:12.125893+09:00,가락시장,가락시장,POI058,KEY_2,1230008401,중대로,1230018103,문정2동주민센터,127.1116079808720940_37.4903708873401271,1230017702,광평교앞교차로,127.1093671662392239_37.4896658322966232,213.0,20.0,서행,127.1093671662392239_37.4896658322966232|127.1116079808720940_37.4903708873401271
2026-09-04T13:22:12.125893+09:00,가락시장,가락시장,POI058,KEY_2,1230008402,중대로,1230369800,가락동 214-15,127.1148749173534327_37.4913632225477613,1230018102,문정2동주민센터,127.1117345135237997_37.4904100115912300,297.0,26.0,원활,127.1117345135237997_37.4904100115912300|127.1126865290733008_37.4906989895391050|127.1134352511671608_37.4909262521512474|127.1142273347816030_37.4911666697808599|127.1148749173534327_37.4913632225477613
2026-09-04T13:22:12.125893+09:00,가락시장,가락시장,POI058,KEY_2,1230008403,중대로,1230019203,가락시장역앞교차로,127.1187411667467586_37.4925136264130430,1230018902,가락시장역(서울3호선),127.1167261713873557_37.4919243860885771,190.0,12.0,정체,127.1167261713873557_37.4919243860885771|127.1187411667467586_37.4925136264130430
2026-09-04T13:22:12.125893+09:00,가락시장,가락시장,POI058,KEY_2,1230009100,양재대로,1230421100,최소노드배치점,127.1068132568920532_37.4922308056512179,1230020602,탄천교앞교차로,127.1037134371381967_37.4941541612508757,351.0,20.8,서행,127.1037134371381967_37.4941541612508757|127.1040602054997919_37.4940702958258214|127.1041358426904821_37.4940098959711463|127.1042874408076955_37.4938668220432021|127.1050376852226407_37.4934408894289248|127.1058058447839301_37.4929665113712218|127.1063415329264501_37.4925814887936966|127.1068132568920532_37.4922308056512179
2026-09-04T13:22:12.125893+09:00,가락시장,가락시장,POI058,KEY_2,1230009200,양재대로,1230421200,최소노드배치점,127.1069058251384831_37.4923098611998498,1230017701,광평교앞교차로,127.1092906185560736_37.4897579918237298,356.0,25.0,원활,127.1092906185560736_37.4897579918237298|127.1091246165315027_37.4899268501938678|127.1089168382183630_37.4902518586327673|127.1086917284484201_37.4905864179943222|127.1083045104332001_37.4910935964046459|127.1080776858556334_37.4913544969977579|127.1078545506475876_37.4915690793142886|127.1074077619908849_37.4919367115673055|127.1069058251384831_37.4923098611998498
2026-09-04T13:22:12.125893+09:00,가락시장,가락시장,POI058,KEY_2,1230010001,중대로,1230389000,가락동 100-2,127.1213288954643446_37.4938085150073661,1230019202,가락시장역앞교차로,127.1188701859757515_37.4925515078194422,259.0,28.0,원활,127.1188701859757515_37.4925515078194422|127.1191253945907675_37.4926266562471753|127.1193048451132483_37.4927010271650119|127.1197739351579514_37.4929547661225939|127.1204944491470172_37.4933444976609849|127.1206077359289424_37.4934066955895773|127.1213288954643446_37.4938085150073661
2026-09-04T13:22:12.125893+09:00,가락시장,가락시장,POI058,KEY_2,1230011301,탄천동로,1230020603,탄천교앞교차로,127.1035083522439209_37.4942053452210757,1230020900,가락시영1차아파트,127.1023921618984787_37.4946491021272408,111.0,6.0,정체,127.1023921618984787_37.4946491021272408|127.1032717072850176_37.4942717424955845|127.1033115117363366_37.4942546645723027|127.1035083522439209_37.4942053452210757
2026-09-04T13:22:12.125893+09:00,가락시장,가락시장,POI058,KEY_2,1230011402,탄천동로,1230404200,가락동 913-5,127.1033360425381034_37.4943669393432941,1230020604,탄천교앞교차로,127.1037081302821434_37.4942686301430825,35.0,26.0,원활,127.1037081302821434_37.4942686301430825|127.1033645059181936_37.4943547272602373|127.1033360425381034_37.4943669393432941
2026-09-04T13:22:12.125893+09:00,가락시장,가락시장,POI058,KEY_2,1230011501,양재대로,1230020604,탄천교앞교차로,127.1037081302821434_37.4942686301430825,1230021602,가락지하차도(서측),127.1066159249626821_37.4951597316970222,276.0,18.0,서행,127.1066159249626821_37.4951597316970222|127.1037081302821434_37.4942686301430825
2026-09-04T13:22:12.125893+09:00,가락시장,가락시장,POI058,KEY_2,1230011503,양재대로,1230021602,가락지하차도(서측),127.1066159249626821_37.4951597316970222,1230022404,가락시장입구교차로,127.1088751233200611_37.4959359121374192,218.0,37.0,원활,127.1088751233200611_37.4959359121374192|127.1071119917949375_37.4953848191210000|127.1068397224560442_37.4952934730400784|127.1066159249626821_37.4951597316970222
2026-09-04T13:22:12.125893+09:00,가락시장,가락시장,POI058,KEY_2,1230011504,양재대로,1230022401,가락시장입구교차로,127.1090039674739813_37.4959756436812626,1230022702,가락지하차도(동측),127.1109238161647710_37.4965018932248313,180.0,17.0,서행,127.1109238161647710_37.4965018932248313|127.1106463375335807_37.4964753395489012|127.1090039674739813_37.4959756436812626
2026-09-04T13:22:12.125893+09:00,가락시장,가락시장,POI058,KEY_2,1230011505,양재대로,1230022702,가락지하차도(동측),127.1109238161647710_37.4965018932248313,1230023800,가락지하차도,127.1116511171543522_37.4967260215322469,69.0,38.0,원활,127.1116511171543522_37.4967260215322469|127.1109238161647710_37.4965018932248313
2026-09-04T13:22:12.125893+09:00,가락시장,가락시장,POI058,KEY_2,1230011506,양재대로,1230023800,가락지하차도,127.1116511171543522_37.4967260215322469,1230024504,가락시장앞교차로,127.1138489076628559_37.4976973187640681,223.0,39.0,원활,127.1138489076628559_37.4976973187640681|127.1127794983662085_37.4971502561369405|127.1121184572878491_37.4968847443641735|127.1116511171543522_37.4967260215322469
2026-09-04T13:22:12.125893+09:00,가락시장,가락시장,POI058,KEY_2,1230011601,양재대로,1230021601,가락지하차도(서측),127.1066666120631226_37.4950594505273571,1230020601,탄천교앞교차로,127.1039190442420335_37.4942174272189277,260.0,36.0,원활,127.1039190442420335_37.4942174272189277|127.1066666120631226_37.4950594505273571
2026-09-04T13:22:12.125893+09:00,가락시장,가락시장,POI058,KEY_2,1230011603,양재대로,1230022403,가락시장입구교차로,127.1089742353404120_37.4957346052473497,1230021601,가락지하차도(서측),127.1066666120631226_37.4950594505273571,218.0,23.0,서행,127.1066666120631226_37.4950594505273571|127.1069450436642683_37.4950941788595031|127.1072142261082831_37.4951844894170065|127.1089742353404120_37.4957346052473497
2026-09-04T13:22:12.125893+09:00,가락시장,가락시장,POI058,KEY_2,1230011604,양재대로,1230022701,가락지하차도(동측),127.1109724966751742_37.4964009687156761,1230022402,가락시장입구교차로,127.1091007883985071_37.4957736303197251,180.0,33.0,원활,127.1091007883985071_37.4957736303197251|127.1107431549197742_37.4962733259833385|127.1109724966751742_37.4964009687156761
2026-09-04T13:22:12.125893+09:00,가락시장,가락시장,POI058,KEY_2,1230011605,양재대로,1230023300,가락지하차도,127.1117000683038469_37.4966251805970856,1230022701,가락지하차도(동측),127.1109724966751742_37.4964009687156761,69.0,11.0,정체,127.1109724966751742_37.4964009687156761|127.1117000683038469_37.4966251805970856
2026-09-04T13:22:12.125893+09:00,가락시장,가락시장,POI058,KEY_2,1230011606,양재대로,1230024503,가락시장앞교차로,127.1139289764058020_37.4976097905047183,1230023300,가락지하차도,127.1117000683038469_37.4966251805970856,226.0,12.0,정체,127.1117000683038469_37.4966251805970856|127.1121756604013200_37.4967866380658776|127.1128468823689133_37.4970562393765974|127.1139289764058020_37.4976097905047183
2026-09-04T13:22:12.125893+09:00,가락시장,가락시장,POI058,KEY_2,1230037801,탄천동로,1230017704,광평교앞교차로,127.1091590629308001_37.4897164815972701,1230018400,광평교,127.1081813856774403_37.4907944108752886,149.0,5.0,정체,127.1081813856774403_37.4907944108752886|127.1083606038160809_37.4905939968972461|127.1088443327929838_37.4899451261901149|127.1089279804344869_37.4898616122221782|127.1091590629308001_37.4897164815972701
2026-09-04T13:22:12.125893+09:00,가락시장,가락시장,POI058,KEY_2,1230037802,탄천동로,1230018400,광평교,127.1081813856774403_37.4907944108752886,1230020200,탄천교북측,127.1046982234543350_37.4935032962483277,432.0,38.0,원활,127.1046982234543350_37.4935032962483277|127.1049388716472919_37.4933600479160347|127.1053932176754131_37.4930592694339637|127.1066156422230335_37.4921737388548735|127.1072462173635955_37.4916796974214108|127.1076466228856958_37.4913312805641468|127.1078826618966673_37.4911117448254743|127.1080380223929467_37.4909637998517482|127.1081813856774403_37.4907944108752886
2026-09-04T13:22:12.125893+09:00,가락시장,가락시장,POI058,KEY_2,1230037803,탄천동로,1230020200,탄천교북측,127.1046982234543350_37.4935032962483277,1230020603,탄천교앞교차로,127.1035083522439209_37.4942053452210757,134.0,34.0,원활,127.1035083522439209_37.4942053452210757|127.1040325096386141_37.4940538804506005|127.1041465466602460_37.4939567938172402|127.1042633630689096_37.4938362379005881|127.1046982234543350_37.4935032962483277
2026-09-04T13:22:12.125893+09:00,가락시장,가락시장,POI058,KEY_2,1230050600,중대로4길,1230407200,문정동 150,127.1123299947120131_37.4887823158563123,1230018103,문정2동주민센터,127.1116079808720940_37.4903708873401271,188.0,13.0,정체,127.1116079808720940_37.4903708873401271|127.1118727225017579_37.4897884123905669|127.1120077593992619_37.4894913053738250|127.1123299947120131_37.4887823158563123
2026-09-04T13:22:12.125893+09:00,가락시장,가락시장,POI058,KEY_2,1230051300,탄천동로,1230017101,가락동616-1,127.1097657080771626_37.4886328395552795,1230017703,광평교앞교차로,127.1092394510687598_37.4896255728467267,128.0,32.0,원활,127.1092394510687598_37.4896255728467267|127.1091558106008961_37.4895112849332648|127.1091556753553391_37.4894183407482799|127.1092033232423972_37.4893094586352476|127.1097657080771626_37.4886328395552795
2026-09-04T13:22:12.125893+09:00,가락시장,가락시장,POI058,KEY_2,1230051600,중대로,1230017703,광평교앞교차로,127.1092394510687598_37.4896255728467267,1220023001,강남구-송파구,127.1078485322773020_37.4891860036057949,132.0,19.0,서행,127.1078485322773020_37.4891860036057949|127.1092394510687598_37.4896255728467267
2026-09-04T13:22:12.125893+09:00,가락시장,가락시장,POI058,KEY_2,1230051700,중대로,1220023002,강남구-송파구,127.1077983160486440_37.4892864477850765,1230017704,광평교앞교차로,127.1091590629308001_37.4897164815972701,129.0,36.0,원활,127.1091590629308001_37.4897164815972701|127.1077983160486440_37.4892864477850765
2026-09-04T13:22:12.125893+09:00,가락시장,가락시장,POI058,KEY_2,1230051800,탄천동로,1230017102,가락동616-1,127.1096470218132737_37.4885958507830637,1230018400,광평교,127.1081813856774403_37.4907944108752886,279.0,9.0,정체,127.1081813856774403_37.4907944108752886|127.1082887287691960_37.4905440001390318|127.1086974912796705_37.4897760026649465|127.1088854968754589_37.4894492333212099|127.1090766429304182_37.4892249683685037|127.1093007035074862_37.4890054407837212|127.1095576330975092_37.4887596584706273|127.1096470218132737_37.4885958507830637
2026-09-04T13:22:12.125893+09:00,가락시장,가락시장,POI058,KEY_2,1230051901,중대로8길,1230386000,문정동 150-14,127.1167833241685088_37.4914854397265600,1230018903,가락시장역(서울3호선),127.1165990721881229_37.4918865116658182,47.0,16.0,서행,127.1165990721881229_37.4918865116658182|127.1167833241685088_37.4914854397265600
2026-09-04T13:22:12.125893+09:00,가락시장,가락시장,POI058,KEY_2,1230051902,중대로8길,1230361900,문정동 150-14,127.1172116084218118_37.4905531499749003,1230016908,롯데마트(송파점),127.1169709124956029_37.4910771005723191,62.0,13.0,정체,127.1169709124956029_37.4910771005723191|127.1172116084218118_37.4905531499749003
2026-09-04T13:22:12.125893+09:00,가락시장,가락시장,POI058,KEY_2,1230052002,중대로8길,1230018902,가락시장역(서울3호선),127.1167261713873557_37.4919243860885771,1230016906,롯데마트(송파점),127.1170516918871982_37.4912157989307673,84.0,7.0,정체,127.1170516918871982_37.4912157989307673|127.1169107476193574_37.4915226056316016|127.1167261713873557_37.4919243860885771
2026-09-04T13:22:12.125893+09:00,가락시장,가락시장,POI058,KEY_2,1230054000,양재대로.중대로.사이길,1230422000,최소노드배치점,127.1102674173819196_37.4931029974296166,1230022403,가락시장입구교차로,127.1089742353404120_37.4957346052473497,314.0,19.0,서행,127.1089742353404120_37.4957346052473497|127.1102674173819196_37.4931029974296166
2026-09-04T13:22:12.125893+09:00,가락시장,가락시장,POI058,KEY_2,1230054100,양재대로.중대로.사이길,1230421900,최소노드배치점,127.1103937724681998_37.4931424163455418,1230018101,문정2동주민센터,127.1116866660194091_37.4905111871912951,314.0,11.0,정체,127.1116866660194091_37.4905111871912951|127.1103937724681998_37.4931424163455418
2026-09-04T13:22:12.125893+09:00,가락시장,가락시장,POI058,KEY_2,1230054500,송파대로28길,1230410400,가락동 99-10,127.1190884118777689_37.4937496752694486,1230019702,가락시장역(서울8호선),127.1181979182710222_37.4932806354653536,94.0,16.0,서행,127.1181979182710222_37.4932806354653536|127.1190884118777689_37.4937496752694486
2026-09-04T13:22:12.125893+09:00,가락시장,가락시장,POI058,KEY_2,1230054900,양재대로,1230020602,탄천교앞교차로,127.1037134371381967_37.4941541612508757,1220027201,강남구-송파구,127.1017380867346276_37.4935258095581858,188.0,24.0,서행,127.1017380867346276_37.4935258095581858|127.1037134371381967_37.4941541612508757
2026-09-04T13:22:12.125893+09:00,가락시장,가락시장,POI058,KEY_2,1230055000,양재대로,1220027202,강남구-송파구,127.1016878963476984_37.4936262631744768,1230020603,탄천교앞교차로,127.1035083522439209_37.4942053452210757,173.0,47.5,원활,127.1035083522439209_37.4942053452210757|127.1016878963476984_37.4936262631744768
2026-09-04T13:22:12.125893+09:00,가락시장,가락시장,POI058,KEY_2,1230055100,탄천동로,1230020200,탄천교북측,127.1046982234543350_37.4935032962483277,1230020900,가락시영1차아파트,127.1023921618984787_37.4946491021272408,242.0,44.0,원활,127.1023921618984787_37.4946491021272408|127.1026351641800431_37.4944956246392778|127.1028100011304502_37.4943560139147394|127.1030386932509373_37.4942163550683105|127.1032808577331110_37.4940838361899651|127.1037831652852645_37.4938402368164390|127.1041105962998046_37.4937076412947334|127.1045008466885804_37.4935678371215673|127.1046982234543350_37.4935032962483277
2026-09-04T13:22:12.125893+09:00,가락시장,가락시장,POI058,KEY_2,1230055200,송파대로30길,1230390100,가락동 69,127.1181576884960975_37.4942844707260150,1230020402,대한소방공제회관,127.1175656927106274_37.4939611574999532,63.0,14.0,정체,127.1175656927106274_37.4939611574999532|127.1181576884960975_37.4942844707260150
2026-09-04T13:22:12.125893+09:00,가락시장,가락시장,POI058,KEY_2,1230056400,송파대로32길,1230363800,가락동 95-4,127.1171072649732992_37.4951831927519237,1230021002,금호아파트,127.1166483258781170_37.4949444902828972,48.0,14.0,정체,127.1166483258781170_37.4949444902828972|127.1171072649732992_37.4951831927519237
2026-09-04T13:22:12.125893+09:00,가락시장,가락시장,POI058,KEY_2,1230056500,송파대로32길,1230021001,금호아파트,127.1165674108393091_37.4950315228562872,1230021504,가락우성아파트,127.1172109413439841_37.4953662344504721,68.0,24.0,서행,127.1172109413439841_37.4953662344504721|127.1170330887625113_37.4952737308299717|127.1165674108393091_37.4950315228562872
2026-09-04T13:22:12.125893+09:00,가락시장,가락시장,POI058,KEY_2,1230057400,양재대로,1230022701,가락지하차도(동측),127.1109724966751742_37.4964009687156761,1230021601,가락지하차도(서측),127.1066666120631226_37.4950594505273571,409.0,41.0,원활,127.1066666120631226_37.4950594505273571|127.1071886675820224_37.4952345725276146|127.1090124158185830_37.4958046094001745|127.1109724966751742_37.4964009687156761
2026-09-04T13:22:12.125893+09:00,가락시장,가락시장,POI058,KEY_2,1230057500,양재대로,1230021602,가락지하차도(서측),127.1066159249626821_37.4951597316970222,1230022702,가락지하차도(동측),127.1109238161647710_37.4965018932248313,409.0,41.0,원활,127.1109238161647710_37.4965018932248313|127.1089634310423406_37.4959054420606890|127.1071375504234169_37.4953347360280986|127.1066159249626821_37.4951597316970222
2026-09-04T13:22:12.125893+09:00,가락시장,가락시장,POI058,KEY_2,1230059500,송파대로,1230023000,가락동172-9,127.1150412999846395_37.4964072887051572,1230023300,가락지하차도,127.1117000683038469_37.4966251805970856,334.0,35.0,원활,127.1117000683038469_37.4966251805970856|127.1132133030553462_37.4970539948776178|127.1134714429685602_37.4971044053795453|127.1136659491883449_37.4971191174298255|127.1138791054569595_37.4971010325812486|127.1140735290281469_37.4970621071467463|127.1143127756149056_37.4969843983692925|127.1146639988599105_37.4967605652213081|127.1150412999846395_37.4964072887051572
2026-09-04T13:22:12.125893+09:00,가락시장,가락시장,POI058,KEY_2,1230060100,송파대로,1230421700,최소노드배치점,127.1140721427734945_37.4977283810108872,1230022201,송파지하차도(남측),127.1158101613083460_37.4958494321184332,259.0,41.0,원활,127.1158101613083460_37.4958494321184332|127.1140721427734945_37.4977283810108872
2026-09-04T13:22:12.125893+09:00,가락시장,가락시장,POI058,KEY_2,1230060600,송파대로,1230025300,가락시장,127.1152758863382815_37.4983274724392501,1230023100,가락금호아파트,127.1152652544426758_37.4965296586052403,219.0,21.0,서행,127.1152652544426758_37.4965296586052403|127.1150120367173741_37.4969002819968367|127.1148517221107426_37.4972312072140355|127.1148219697051616_37.4973414922481183|127.1148034295675444_37.4974458062222311|127.1148110824045574_37.4975590345204068|127.1148337147807439_37.4976841685654136|127.1148825004034109_37.4977913976102499|127.1149425202820424_37.4979075545829943|127.1150586916786693_37.4980564363442781|127.1151897560098263_37.4982333364637554|127.1152758863382815_37.4983274724392501
2026-09-04T13:22:12.125893+09:00,가락시장,가락시장,POI058,KEY_2,1230060700,송파대로,1230023800,가락지하차도,127.1116511171543522_37.4967260215322469,1230025400,가락시장,127.1130396665766114_37.4985897582915655,279.0,41.0,원활,127.1130396665766114_37.4985897582915655|127.1131914635941911_37.4982502004138496|127.1132223301329560_37.4980790698056055|127.1132258865675624_37.4979568908886378|127.1132032208043796_37.4978079177548906|127.1131581323575404_37.4976708855017762|127.1130718956508048_37.4975279333659444|127.1128920928922668_37.4973433522305371|127.1126262481860749_37.4971439529376838|127.1116511171543522_37.4967260215322469
2026-09-04T13:22:12.125893+09:00,가로수길,가로수길,POI059,KEY_3,1220035103,압구정로,1220229500,신사동 667-35,127.0254725690620887_37.5256273769602657,1220054201,청작화랑,127.0241083963904600_37.5249346230122711,143.0,19.0,서행,127.0241083963904600_37.5249346230122711|127.0254725690620887_37.5256273769602657
2026-09-04T13:22:12.125893+09:00,가로수길,가로수길,POI059,KEY_3,1210005200,경부고속도로,1210050200,한남IC,127.0179230663021883_37.5215654212540883,1210048000,한남IC,127.0163581235578505_37.5170442405948918,561.0,62.0,원활,127.0163581235578505_37.5170442405948918|127.0165343138516363_37.5173858495530155|127.0167723392642358_37.5178670968809271|127.0170761911662964_37.5184149453652935|127.0172780896881903_37.5186691448905876|127.0175392423539904_37.5189538108083624|127.0178552351912344_37.5192549372941286|127.0180991379812383_37.5194738142039839|127.0182190961692754_37.5196134278193227|127.0182996365167583_37.5197270444739175|127.0183619528752246_37.5198563810036632|127.0184053893967047_37.5199980614801021|127.0184358162196929_37.5201630123718175|127.0184386910793393_37.5202890784637049|127.0184285996865725_37.5204319196483027|127.0184009492116246_37.5205590924208536|127.0183243377286288_37.5208205916057693|127.0179230663021883_37.5215654212540883
2026-09-04T13:22:12.125893+09:00,가로수길,가로수길,POI059,KEY_3,1210006302,강남대로,1210050500,잠원고가차도,127.0175844575561968_37.5222683840522109,1210050200,한남IC,127.0179230663021883_37.5215654212540883,84.0,58.0,원활,127.0179230663021883_37.5215654212540883|127.0178330428322369_37.5217757145184265|127.0176826012822175_37.5220826339949767|127.0175844575561968_37.5222683840522109
2026-09-04T13:22:12.125893+09:00,가로수길,가로수길,POI059,KEY_3,1210030102,강남대로,1220278700,신사동 667,127.0193796654159115_37.5169519190738754,1210047901,신사역사거리,127.0196073447006455_37.5162062855192104,85.0,38.0,원활,127.0196073447006455_37.5162062855192104|127.0193796654159115_37.5169519190738754
2026-09-04T13:22:12.125893+09:00,가로수길,가로수길,POI059,KEY_3,1210030103,강남대로,1210050200,한남IC,127.0179230663021883_37.5215654212540883,1210048900,한남IC,127.0191320703633693_37.5177627579261355,435.0,66.0,원활,127.0191320703633693_37.5177627579261355|127.0189310303031931_37.5184211218205093|127.0187293953687515_37.5190814217743309|127.0186579516555696_37.5193153777495993|127.0183961813083613_37.5201679848804446|127.0181460666752287_37.5209458080791194|127.0180078207468881_37.5213674346140280|127.0179230663021883_37.5215654212540883
2026-09-04T13:22:12.125893+09:00,가로수길,가로수길,POI059,KEY_3,1220032603,도산대로,1220301900,신사동 501-5,127.0226731476215747_37.5174979512342688,1220047304,신사동 501-5,127.0233702123766051_37.5177885099050883,70.0,17.0,서행,127.0233702123766051_37.5177885099050883|127.0227971066371566_37.5175496217451894|127.0226731476215747_37.5174979512342688
2026-09-04T13:22:12.125893+09:00,가로수길,가로수길,POI059,KEY_3,1220032604,도산대로,1220333600,신사동 501-5,127.0252630090018755_37.5185850545470387,1220048404,파키스탄대사관,127.0261635430802301_37.5189640959520858,90.0,33.0,원활,127.0261635430802301_37.5189640959520858|127.0252630090018755_37.5185850545470387
2026-09-04T13:22:12.125893+09:00,가로수길,가로수길,POI059,KEY_3,1220032605,도산대로,1220312500,신사동 501-5,127.0271621006632188_37.5193785848759092,1220048904,강남을지병원사거리,127.0280371859392829_37.5197414933169782,87.0,32.0,원활,127.0280371859392829_37.5197414933169782|127.0271621006632188_37.5193785848759092
2026-09-04T13:22:12.125893+09:00,가로수길,가로수길,POI059,KEY_3,1220032606,도산대로,1220157901,신사역(서울3호선),127.0212177927414388_37.5168872521704131,1220046804,속성변화점,127.0218474243994109_37.5171534779245377,63.0,11.0,정체,127.0218474243994109_37.5171534779245377|127.0212177927414388_37.5168872521704131
2026-09-04T13:22:12.125893+09:00,가로수길,가로수길,POI059,KEY_3,1220032607,도산대로,1220314700,신사동 501-5,127.0205588097228713_37.5166086099990750,1220157904,신사역(서울3호선),127.0210978863052702_37.5168365517813100,54.0,11.0,정체,127.0210978863052702_37.5168365517813100|127.0205588097228713_37.5166086099990750
2026-09-04T13:22:12.125893+09:00,가로수길,가로수길,POI059,KEY_3,1220032706,도산대로,1220314600,논현동 279,127.0206224542618116_37.5165131107482495,1210047902,신사역사거리,127.0196397311538306_37.5160975693515226,98.0,32.0,원활,127.0196397311538306_37.5160975693515226|127.0206224542618116_37.5165131107482495
2026-09-04T13:22:12.125893+09:00,가로수길,가로수길,POI059,KEY_3,1220032707,도산대로,1220046803,국민연금관리공단,127.0218796194653237_37.5170446810028935,1220157902,속성변화점,127.0212814368900069_37.5167917523675669,60.0,21.0,서행,127.0212814368900069_37.5167917523675669|127.0218796194653237_37.5170446810028935
2026-09-04T13:22:12.125893+09:00,가로수길,가로수길,POI059,KEY_3,1220034402,논현로,1220048904,강남을지병원사거리,127.0280371859392829_37.5197414933169782,1220049904,포포인츠바이쉐라톤서울강남,127.0280734448643045_37.5206167208549601,97.0,8.0,정체,127.0280734448643045_37.5206167208549601|127.0280371859392829_37.5197414933169782
2026-09-04T13:22:12.125893+09:00,가로수길,가로수길,POI059,KEY_3,1220034404,논현로,1220053804,KT신사지사앞,127.0283248558345122_37.5246129191385620,1220055202,압구정고가차도(남측),127.0283395591130500_37.5250065536841362,44.0,18.0,서행,127.0283395591130500_37.5250065536841362|127.0283248558345122_37.5246129191385620
2026-09-04T13:22:12.125893+09:00,가로수길,가로수길,POI059,KEY_3,1220034405,논현로,1220055202,압구정고가차도(남측),127.0283395591130500_37.5250065536841362,1220010003,압구정역앞교차로,127.0282759409679016_37.5270582615837682,229.0,29.0,원활,127.0282759409679016_37.5270582615837682|127.0283303202405847_37.5268739474045816|127.0283620150373025_37.5266475017756704|127.0283619317290800_37.5264274554737582|127.0283319991274453_37.5259676695780868|127.0282853399793055_37.5252252266081712|127.0283395591130500_37.5250065536841362
2026-09-04T13:22:12.125893+09:00,가로수길,가로수길,POI059,KEY_3,1220034406,논현로,1220049909,신사동668,127.0282766583817988_37.5238348591677067,1220053803,KT신사지사앞,127.0283194174098185_37.5245048688214595,74.0,10.0,정체,127.0283194174098185_37.5245048688214595|127.0282766583817988_37.5238348591677067
2026-09-04T13:22:12.125893+09:00,가로수길,가로수길,POI059,KEY_3,1220034407,논현로,1220373500,신사동 668,127.0282210639870328_37.5229636995892477,1220049908,신사동668,127.0282697656988802_37.5237268530348160,85.0,25.0,원활,127.0282697656988802_37.5237268530348160|127.0282210639870328_37.5229636995892477
2026-09-04T13:22:12.125893+09:00,가로수길,가로수길,POI059,KEY_3,1220034505,논현로,1220010002,압구정역앞교차로,127.0285181437996727_37.5271826705537279,1220055201,압구정고가차도(남측),127.0284751971407360_37.5250022451099099,244.0,4.0,정체,127.0284751971407360_37.5250022451099099|127.0285565062360433_37.5252144169059250|127.0286031556237134_37.5259566660534603|127.0286334403760122_37.5264218208668652|127.0286335312154051_37.5266594844593655|127.0285983577891358_37.5269107887466404|127.0285181437996727_37.5271826705537279
2026-09-04T13:22:12.125893+09:00,가로수길,가로수길,POI059,KEY_3,1220035101,압구정로,1220387500,신사동 667-35,127.0208024983061250_37.5232622623860976,1220051900,한남IC,127.0196414563682623_37.5226786197747799,121.0,19.0,서행,127.0196414563682623_37.5226786197747799|127.0198045751835991_37.5227606189946599|127.0208024983061250_37.5232622623860976
2026-09-04T13:22:12.125893+09:00,가로수길,가로수길,POI059,KEY_3,1220035102,압구정로,1220284700,신사동 667-35,127.0231244458356485_37.5244338308142105,1220052802,현대고,127.0224876254120829_37.5241095444315249,67.0,11.0,정체,127.0224876254120829_37.5241095444315249|127.0231244458356485_37.5244338308142105
2026-09-04T13:22:12.125893+09:00,가로수길,가로수길,POI059,KEY_3,1220035104,압구정로,1220197700,신사동 667-35,127.0264768016643444_37.5261378314984313,1220055601,갤러리가인로,127.0263447850509237_37.5260702905259507,14.0,12.0,정체,127.0263447850509237_37.5260702905259507|127.0264768016643444_37.5261378314984313
2026-09-04T13:22:12.125893+09:00,가로수길,가로수길,POI059,KEY_3,1220035600,논현로,1220055202,압구정고가차도(남측),127.0283395591130500_37.5250065536841362,1220058304,압구정고가차도(북측),127.0268388941667439_37.5286867952204233,456.0,50.0,원활,127.0268388941667439_37.5286867952204233|127.0276229048477035_37.5280429604157248|127.0278165005547066_37.5278840115926755|127.0279731715236551_37.5277036660985672|127.0281672333874639_37.5274318336580421|127.0283131192877590_37.5271685854789965|127.0283973296032798_37.5268831584729128|127.0284298940737244_37.5266504975051163|127.0284298088944297_37.5264260462047829|127.0283997882590228_37.5259649187552995|127.0283395591130500_37.5250065536841362
2026-09-04T13:22:12.125893+09:00,가로수길,가로수길,POI059,KEY_3,1220035700,논현로,1220058302,압구정고가차도(북측),127.0269363512986587_37.5287620679434681,1220055201,압구정고가차도(남측),127.0284751971407360_37.5250022451099099,466.0,61.3,원활,127.0284751971407360_37.5250022451099099|127.0285353676384261_37.5259594169927198|127.0285655632184074_37.5264232302528455|127.0285656521627686_37.5266564888469674|127.0285313483773990_37.5269015786934403|127.0284480650293517_37.5271838619750469|127.0282888742812872_37.5274801946933394|127.0280882251533114_37.5277612569592449|127.0279217590682350_37.5279528773542097|127.0269363512986587_37.5287620679434681
2026-09-04T13:22:12.125893+09:00,가로수길,가로수길,POI059,KEY_3,1220036101,압구정로,1220213100,신사동 667-35,127.0293474339213446_37.5276110594799661,1220010002,압구정역앞교차로,127.0285181437996727_37.5271826705537279,87.0,12.0,정체,127.0285181437996727_37.5271826705537279|127.0293474339213446_37.5276110594799661
2026-09-04T13:22:12.125893+09:00,가로수길,가로수길,POI059,KEY_3,1220089200,도산대로13길,1220287700,신사동 667-13,127.0230743650847813_37.5193351003487336,1220048603,한교빌딩,127.0230536690337004_37.5194604758461239,14.0,15.0,서행,127.0230536690337004_37.5194604758461239|127.0230743650847813_37.5193351003487336
2026-09-04T13:22:12.125893+09:00,가로수길,가로수길,POI059,KEY_3,1220089300,도산대로13길,1220389400,신사동 667-13,127.0233652346300346_37.5184041868742781,1220047301,신사동 501-5,127.0234959990522157_37.5178412759112945,64.0,15.5,서행,127.0234959990522157_37.5178412759112945|127.0233652346300346_37.5184041868742781
2026-09-04T13:22:12.125893+09:00,가로수길,가로수길,POI059,KEY_3,1220089800,논현로151길,1220443500,신사동 540-17,127.0244909423343387_37.5196152857974283,1220048602,한교빌딩,127.0231882543426423_37.5194745704341912,116.0,14.5,정체,127.0231882543426423_37.5194745704341912|127.0244718919648932_37.5196135745143948|127.0244909423343387_37.5196152857974283
2026-09-04T13:22:12.125893+09:00,가로수길,가로수길,POI059,KEY_3,1220089900,논현로151길,1220418800,신사동 667-21,127.0262498643968883_37.5199608855933420,1220049804,신사동 667-21,127.0274070953705206_37.5204456743626125,116.0,13.0,정체,127.0274070953705206_37.5204456743626125|127.0266396543750886_37.5201241789116082|127.0262498643968883_37.5199608855933420
2026-09-04T13:22:12.125893+09:00,가로수길,가로수길,POI059,KEY_3,1220091000,논현로151길,1220049904,포포인츠바이쉐라톤서울강남,127.0280734448643045_37.5206167208549601,1220049802,신사동 563-37,127.0275930492730652_37.5204031223416550,49.0,9.0,정체,127.0275930492730652_37.5204031223416550|127.0280734448643045_37.5206167208549601
2026-09-04T13:22:12.125893+09:00,가로수길,가로수길,POI059,KEY_3,1220091100,논현로151길,1220049801,신사동 667-21,127.0275268835117117_37.5204975286007425,1220049905,포포인츠바이쉐라톤서울강남,127.0280793639937258_37.5207431780700205,56.0,14.0,정체,127.0280793639937258_37.5207431780700205|127.0275268835117117_37.5204975286007425
2026-09-04T13:22:12.125893+09:00,가로수길,가로수길,POI059,KEY_3,1220092400,압구정로12길,1220417800,신사동 667-13,127.0224302352055901_37.5234937392832748,1220052803,현대고,127.0223574913892861_37.5240439075491210,61.0,15.0,서행,127.0223574913892861_37.5240439075491210|127.0223782425358934_37.5238158829208359|127.0224302352055901_37.5234937392832748
2026-09-04T13:22:12.125893+09:00,가로수길,가로수길,POI059,KEY_3,1220092500,압구정로12길,1220366000,신사동 667-13,127.0231140667746814_37.5199586975137009,1220048601,한교빌딩,127.0231712660938115_37.5195818456572496,42.0,15.5,서행,127.0231712660938115_37.5195818456572496|127.0231140667746814_37.5199586975137009
2026-09-04T13:22:12.125893+09:00,가로수길,가로수길,POI059,KEY_3,1220093002,압구정로,1220051400,한남IC,127.0184647515422967_37.5220740214540527,1210050301,서초구-강남구,127.0177990144592144_37.5217285520426174,70.0,36.0,원활,127.0177990144592144_37.5217285520426174|127.0184647515422967_37.5220740214540527
2026-09-04T13:22:12.125893+09:00,가로수길,가로수길,POI059,KEY_3,1220093400,압구정로,1220051900,한남IC,127.0196414563682623_37.5226786197747799,1220051400,한남IC,127.0184647515422967_37.5220740214540527,124.0,22.0,서행,127.0184647515422967_37.5220740214540527|127.0196414563682623_37.5226786197747799
2026-09-04T13:22:12.125893+09:00,가로수길,가로수길,POI059,KEY_3,1220093600,압구정로18길,1220402700,신사동 667-26,127.0242997575267196_37.5244046914768887,1220054203,청작화랑,127.0238902580922229_37.5248237950768342,60.0,12.0,정체,127.0238902580922229_37.5248237950768342|127.0240075609036410_37.5247631606974252|127.0242997575267196_37.5244046914768887
2026-09-04T13:22:12.125893+09:00,가로수길,가로수길,POI059,KEY_3,1220093700,압구정로18길,1220269200,신사동 667-22,127.0265257201653952_37.5217976687929635,1220049801,신사동 667-21,127.0275268835117117_37.5204975286007425,170.0,14.0,정체,127.0275268835117117_37.5204975286007425|127.0274614673849953_37.5206192024850438|127.0273151084055172_37.5208488732382079|127.0272306072528465_37.5209504397739764|127.0269002741036815_37.5213474819321107|127.0265257201653952_37.5217976687929635
2026-09-04T13:22:12.125893+09:00,가로수길,가로수길,POI059,KEY_3,1220095500,압구정로20길,1220295800,신사동 667-30,127.0249300313320617_37.5246883867516772,1220054202,청작화랑,127.0239993271606807_37.5248792090952108,85.0,17.0,서행,127.0239993271606807_37.5248792090952108|127.0241907646657893_37.5248235301143254|127.0248768749337529_37.5246912303723548|127.0249300313320617_37.5246883867516772
2026-09-04T13:22:12.125893+09:00,가로수길,가로수길,POI059,KEY_3,1220095600,압구정로20길,1220389300,신사동 667-30,127.0276891866743654_37.5246599576587982,1220053804,KT신사지사앞,127.0283248558345122_37.5246129191385620,57.0,9.0,정체,127.0283248558345122_37.5246129191385620|127.0278024437205033_37.5246369682814134|127.0276891866743654_37.5246599576587982
2026-09-04T13:22:12.125893+09:00,가로수길,가로수길,POI059,KEY_3,1220341900,강남대로,1220450900,최소노드배치점,127.0185739660145998_37.5202897635519861,1210048900,한남IC,127.0191320703633693_37.5177627579261355,286.0,38.5,원활,127.0191320703633693_37.5177627579261355|127.0190749075924401_37.5184495173263812|127.0185850281335433_37.5201347966023420|127.0185739660145998_37.5202897635519861
2026-09-04T13:22:12.125893+09:00,가로수길,가로수길,POI059,KEY_3,1220342100,강남대로,1210050200,한남IC,127.0179230663021883_37.5215654212540883,1220051400,한남IC,127.0184647515422967_37.5220740214540527,219.0,29.0,원활,127.0184647515422967_37.5220740214540527|127.0187361940851076_37.5221219841313172|127.0188799124806849_37.5221225694219385|127.0189701046267459_37.5220657007965528|127.0190338533853947_37.5219300247544041|127.0187948665284097_37.5213781528593202|127.0186786484771915_37.5212918254898256|127.0184900646496544_37.5212839020109570|127.0183010678575073_37.5213403675630133|127.0179230663021883_37.5215654212540883
2026-09-04T13:22:12.125893+09:00,광장(전통)시장,광장(전통)시장,POI060,KEY_4,1000005502,창경궁로,1000009200,종로4가,126.9977510820364870_37.5702192149541574,1000011003,종로4가사거리,126.9977066575793003_37.5706842868909874,52.0,11.0,정체,126.9977066575793003_37.5706842868909874|126.9977510820364870_37.5702192149541574
2026-09-04T13:22:12.125893+09:00,광장(전통)시장,광장(전통)시장,POI060,KEY_4,1000001700,종로,1000107700,종로5가 82-1,127.0014559954733784_37.5710337936727115,1000011204,종로5가사거리,127.0018597424576257_37.5710524176874969,36.0,13.0,정체,127.0018597424576257_37.5710524176874969|127.0014559954733784_37.5710337936727115
2026-09-04T13:22:12.125893+09:00,광장(전통)시장,광장(전통)시장,POI060,KEY_4,1000001801,종로,1000031300,종로4가,126.9985532581453924_37.5707449132439208,1000011002,종로4가사거리,126.9978420032838642_37.5706935232521886,63.0,6.0,정체,126.9978420032838642_37.5706935232521886|126.9985532581453924_37.5707449132439208
2026-09-04T13:22:12.125893+09:00,광장(전통)시장,광장(전통)시장,POI060,KEY_4,1000001802,종로,1000169300,종로4가 183,126.9992162622975655_37.5707928126224999,1000031300,종로4가,126.9985532581453924_37.5707449132439208,59.0,8.0,정체,126.9985532581453924_37.5707449132439208|126.9992162622975655_37.5707928126224999
2026-09-04T13:22:12.125893+09:00,광장(전통)시장,광장(전통)시장,POI060,KEY_4,1000002001,종로,1000245300,종로5가 82-1,127.0027233485987352_37.5709694752928485,1000011202,종로5가사거리,127.0019976949529052_37.5709492579211854,64.0,30.0,원활,127.0019976949529052_37.5709492579211854|127.0026822738535230_37.5709687051739039|127.0027233485987352_37.5709694752928485
2026-09-04T13:22:12.125893+09:00,광장(전통)시장,광장(전통)시장,POI060,KEY_4,1000003102,청계천로,1000006802,세운교,126.9952943683145179_37.5687121004089306,1010034002,청계4가사거리,126.9978567741960518_37.5690141197168899,229.0,13.0,정체,126.9978567741960518_37.5690141197168899|126.9977196243080755_37.5689778939568413|126.9973817991979672_37.5689244876432014|126.9962389430763210_37.5687890515443357|126.9952943683145179_37.5687121004089306
2026-09-04T13:22:12.125893+09:00,광장(전통)시장,광장(전통)시장,POI060,KEY_4,1000003202,청계천로,1010033502,청계4가사거리,126.9978802454382389_37.5687215808426274,1000006801,세운교,126.9953276014707626_37.5684416148171678,228.0,12.0,정체,126.9953276014707626_37.5684416148171678|126.9957094599574390_37.5684724533581900|126.9977052575266896_37.5686899192676975|126.9978802454382389_37.5687215808426274
2026-09-04T13:22:12.125893+09:00,광장(전통)시장,광장(전통)시장,POI060,KEY_4,1000004300,청계천로,1010034001,청계4가사거리,126.9979899258223242_37.5690487214556867,1010035002,청계5가,127.0019528507516640_37.5697976426441400,360.0,9.0,정체,127.0019528507516640_37.5697976426441400|127.0017358863905201_37.5697659409256488|127.0000347507350966_37.5694727355165128|126.9982497711816194_37.5691151390471632|126.9979899258223242_37.5690487214556867
2026-09-04T13:22:12.125893+09:00,광장(전통)시장,광장(전통)시장,POI060,KEY_4,1000004400,청계천로,1010034602,청계5가교차로,127.0019837396539657_37.5694814402428676,1010033501,청계4가사거리,126.9980141971210799_37.5687475550074197,360.0,12.0,정체,126.9980141971210799_37.5687475550074197|127.0001365777901867_37.5691866684635656|127.0015262324094891_37.5694417350148697|127.0017658284941149_37.5694679542473580|127.0019837396539657_37.5694814402428676
2026-09-04T13:22:12.125893+09:00,광장(전통)시장,광장(전통)시장,POI060,KEY_4,1000005301,청계천로,1010035001,청계5가,127.0020881246934152_37.5698075774404145,1000031402,버들다리(북측),127.0066778573984863_37.5698145407186601,405.0,13.3,정체,127.0066778573984863_37.5698145407186601|127.0020881246934152_37.5698075774404145
2026-09-04T13:22:12.125893+09:00,광장(전통)시장,광장(전통)시장,POI060,KEY_4,1000005401,청계천로,1010034902,버들다리(남측),127.0065602496820105_37.5695317839187268,1010034601,청계5가교차로,127.0021191180861280_37.5694902995239062,392.0,14.0,정체,127.0021191180861280_37.5694902995239062|127.0024509740674006_37.5695131963120659|127.0065602496820105_37.5695317839187268
2026-09-04T13:22:12.125893+09:00,광장(전통)시장,광장(전통)시장,POI060,KEY_4,1000005501,창경궁로,1010034002,청계4가사거리,126.9978567741960518_37.5690141197168899,1000009200,종로4가,126.9977510820364870_37.5702192149541574,134.0,7.0,정체,126.9977510820364870_37.5702192149541574|126.9977619635523922_37.5701052996103186|126.9977928254472488_37.5697501122231543|126.9978567741960518_37.5690141197168899
2026-09-04T13:22:12.125893+09:00,광장(전통)시장,광장(전통)시장,POI060,KEY_4,1000005900,동호로,1000080900,종로5가 194-1,127.0019049283621939_37.5704023856927236,1000011203,종로5가사거리,127.0018619903622010_37.5709442212742246,60.0,6.0,정체,127.0018619903622010_37.5709442212742246|127.0019049283621939_37.5704023856927236
2026-09-04T13:22:12.125893+09:00,광장(전통)시장,광장(전통)시장,POI060,KEY_4,1000006000,동호로,1000081000,종로5가 194-1,127.0020404728760326_37.5704091886523841,1010035001,청계5가,127.0020881246934152_37.5698075774404145,67.0,10.0,정체,127.0020881246934152_37.5698075774404145|127.0020404728760326_37.5704091886523841
2026-09-04T13:22:12.125893+09:00,광장(전통)시장,광장(전통)시장,POI060,KEY_4,1000009002,대학로,1000211400,효제동 248-3,127.0020354004494578_37.5719845778189736,1000011201,종로5가사거리,127.0019958691737827_37.5710573946658712,103.0,17.0,서행,127.0019958691737827_37.5710573946658712|127.0020354004494578_37.5719845778189736
2026-09-04T13:22:12.125893+09:00,광장(전통)시장,광장(전통)시장,POI060,KEY_4,1000024600,종로,1000009200,종로4가,126.9977510820364870_37.5702192149541574,1000010400,종로4가,126.9969798514767092_37.5706375452027856,82.0,11.0,정체,126.9969798514767092_37.5706375452027856|126.9977510820364870_37.5702192149541574
2026-09-04T13:22:12.125893+09:00,광장(전통)시장,광장(전통)시장,POI060,KEY_4,1000044900,종로,1000031300,종로4가,126.9985532581453924_37.5707449132439208,1000031200,종로4가,126.9978863472252044_37.5702292896807890,82.0,10.0,정체,126.9978863472252044_37.5702292896807890|126.9985532581453924_37.5707449132439208
2026-09-04T13:22:12.125893+09:00,광장(전통)시장,광장(전통)시장,POI060,KEY_4,1010017102,창경궁로,1010144900,주교동 150-1,126.9979022407054572_37.5684599840524882,1010033502,청계4가사거리,126.9978802454382389_37.5687215808426274,29.0,10.0,정체,126.9978802454382389_37.5687215808426274|126.9979022407054572_37.5684599840524882
2026-09-04T13:22:12.125893+09:00,광장(전통)시장,광장(전통)시장,POI060,KEY_4,1010017103,창경궁로,1010033502,청계4가사거리,126.9978802454382389_37.5687215808426274,1010034002,청계4가사거리,126.9978567741960518_37.5690141197168899,33.0,4.0,정체,126.9978567741960518_37.5690141197168899|126.9978802454382389_37.5687215808426274
2026-09-04T13:22:12.125893+09:00,광장(전통)시장,광장(전통)시장,POI060,KEY_4,1010018303,동호로,1010033004,방산종합시장,127.0020517143025671_37.5684662611909843,1010034602,청계5가교차로,127.0019837396539657_37.5694814402428676,113.0,24.0,서행,127.0019837396539657_37.5694814402428676|127.0020303269679118_37.5687856770029711|127.0020517143025671_37.5684662611909843
2026-09-04T13:22:12.125893+09:00,광장(전통)시장,광장(전통)시장,POI060,KEY_4,1010018304,동호로,1010034602,청계5가교차로,127.0019837396539657_37.5694814402428676,1010035002,청계5가,127.0019528507516640_37.5697976426441400,35.0,4.0,정체,127.0019528507516640_37.5697976426441400|127.0019837396539657_37.5694814402428676
2026-09-04T13:22:12.125893+09:00,광장(전통)시장,광장(전통)시장,POI060,KEY_4,1010018404,동호로,1010035001,청계5가,127.0020881246934152_37.5698075774404145,1010034601,청계5가교차로,127.0021191180861280_37.5694902995239062,35.0,10.0,정체,127.0021191180861280_37.5694902995239062|127.0020881246934152_37.5698075774404145
2026-09-04T13:22:12.125893+09:00,김포공항,김포공항,POI061,KEY_1,1150012601,남부순환로,1150389900,최소노드배치점,126.8095743430638294_37.5571410012688958,1150030002,공항지하차도(남측),126.8077168731396398_37.5596785527472150,335.0,47.0,원활,126.8077168731396398_37.5596785527472150|126.8080235123319426_37.5587598772484270|126.8080487310129598_37.5586843223038969|126.8081645923880245_37.5584605680897425|126.8083120730024547_37.5582415061213482|126.8085234864771706_37.5579901613593989|126.8086738654403263_37.5578514718858045|126.8087487100140578_37.5577824449810294|126.8095743430638294_37.5571410012688958
2026-09-04T13:22:12.125893+09:00,김포공항,김포공항,POI061,KEY_1,1150012602,남부순환로,1150030002,공항지하차도(남측),126.8077168731396398_37.5596785527472150,1150033203,김포공항입구교차로,126.8070108813666224_37.5617129549202957,235.0,47.0,원활,126.8070108813666224_37.5617129549202957|126.8075853764430434_37.5598753351117551|126.8077168731396398_37.5596785527472150
2026-09-04T13:22:12.125893+09:00,김포공항,김포공항,POI061,KEY_1,1150012702,남부순환로,1150033202,김포공항입구교차로,126.8073025792230766_37.5616752975893391,1150030001,공항지하차도(남측),126.8078484011787168_37.5597054915840687,225.0,11.0,정체,126.8078484011787168_37.5597054915840687|126.8078489684554739_37.5599275572281215|126.8073025792230766_37.5616752975893391
2026-09-04T13:22:12.125893+09:00,김포공항,김포공항,POI061,KEY_1,1150014601,공항대로,1150032903,김포공항입구,126.8078281271154850_37.5616183037410494,1150033202,김포공항입구교차로,126.8073025792230766_37.5616752975893391,47.0,18.0,서행,126.8073025792230766_37.5616752975893391|126.8078281271154850_37.5616183037410494
2026-09-04T13:22:12.125893+09:00,김포공항,김포공항,POI061,KEY_1,1150014701,공항대로,1150033201,김포공항입구교차로,126.8072672096517124_37.5617882508206051,1150032904,김포공항입구,126.8079101380171778_37.5617185281611867,57.0,14.0,정체,126.8079101380171778_37.5617185281611867|126.8072672096517124_37.5617882508206051
2026-09-04T13:22:12.125893+09:00,김포공항,김포공항,POI061,KEY_1,1150016602,개화동로,1150033204,김포공항입구교차로,126.8069741436833624_37.5618291362629790,1150036802,공항지하차도(북측),126.8066028860935575_37.5632234424859774,159.0,22.0,서행,126.8066028860935575_37.5632234424859774|126.8066032813527642_37.5630009147905142|126.8069741436833624_37.5618291362629790
2026-09-04T13:22:12.125893+09:00,김포공항,김포공항,POI061,KEY_1,1150016603,개화동로,1150036802,공항지하차도(북측),126.8066028860935575_37.5632234424859774,1150039602,개화지하차도(남측),126.8057924187939989_37.5657106945988915,285.0,34.5,원활,126.8057924187939989_37.5657106945988915|126.8062995071421568_37.5641545058068758|126.8066028860935575_37.5632234424859774
2026-09-04T13:22:12.125893+09:00,김포공항,김포공항,POI061,KEY_1,1150016604,개화동로,1150039602,개화지하차도(남측),126.8057924187939989_37.5657106945988915,1150006403,김포공항,126.8050471612343841_37.5677507825846604,236.0,32.0,원활,126.8050471612343841_37.5677507825846604|126.8056575562592201_37.5659060332226744|126.8057924187939989_37.5657106945988915
2026-09-04T13:22:12.125893+09:00,김포공항,김포공항,POI061,KEY_1,1150016701,개화동로,1150036801,공항지하차도(북측),126.8067344748664880_37.5632502226468645,1150033201,김포공항입구교차로,126.8072672096517124_37.5617882508206051,170.0,30.3,원활,126.8072672096517124_37.5617882508206051|126.8068666929418953_37.5630537442273749|126.8067344748664880_37.5632502226468645
2026-09-04T13:22:12.125893+09:00,김포공항,김포공항,POI061,KEY_1,1150016702,개화동로,1150247600,방화동 635-2,126.8064309785913366_37.5641816513473401,1150036801,공항지하차도(북측),126.8067344748664880_37.5632502226468645,107.0,34.3,원활,126.8067344748664880_37.5632502226468645|126.8064309785913366_37.5641816513473401
2026-09-04T13:22:12.125893+09:00,김포공항,김포공항,POI061,KEY_1,1150016703,개화동로,1150006402,김포공항,126.8053283756748613_37.5677499095885210,1150039601,개화지하차도(남측),126.8059238292659359_37.5657380361406368,230.0,27.0,원활,126.8059238292659359_37.5657380361406368|126.8059202518390123_37.5659611079850535|126.8053283756748613_37.5677499095885210
2026-09-04T13:22:12.125893+09:00,김포공항,김포공항,POI061,KEY_1,1150019201,개화동로,1150006404,김포공항,126.8050116383548271_37.5678590131138606,1150042703,개화지하차도(북측),126.8043750832667627_37.5700177472717556,247.0,21.0,서행,126.8043750832667627_37.5700177472717556|126.8043732440636404_37.5698089916991620|126.8050116383548271_37.5678590131138606
2026-09-04T13:22:12.125893+09:00,김포공항,김포공항,POI061,KEY_1,1150019301,개화동로,1150042702,개화지하차도(북측),126.8045065255030863_37.5700450114689204,1150006401,김포공항,126.8052926539899659_37.5678581403692888,253.0,41.5,원활,126.8052926539899659_37.5678581403692888|126.8046362685131214_37.5698630949740959|126.8045065255030863_37.5700450114689204
2026-09-04T13:22:12.125893+09:00,김포공항,김포공항,POI061,KEY_1,1150064000,하늘길,1150025202,속성변화점,126.8082875031500834_37.5555638288103708,1150027102,공항동 1373,126.8068481061529695_37.5568211814329942,190.0,18.0,서행,126.8068481061529695_37.5568211814329942|126.8069636778689784_37.5566653638428392|126.8070672851894329_37.5565384620971159|126.8082875031500834_37.5555638288103708
2026-09-04T13:22:12.125893+09:00,김포공항,김포공항,POI061,KEY_1,1150064100,하늘길,1150027101,공항동 1373,126.8069712276863470_37.5568648222929724,1150025201,속성변화점,126.8083836703710006_37.5556401721833879,185.0,25.0,원활,126.8083836703710006_37.5556401721833879|126.8071734526590006_37.5566068184149557|126.8070788020918229_37.5567227499429279|126.8069712276863470_37.5568648222929724
2026-09-04T13:22:12.125893+09:00,김포공항,김포공항,POI061,KEY_1,1150066200,하늘길,1150027102,공항동 1373,126.8068481061529695_37.5568211814329942,1150027900,꽃뫼마을,126.8066393602112214_37.5579420572046487,126.0,14.0,정체,126.8066393602112214_37.5579420572046487|126.8067209036262284_37.5573619926632958|126.8067425712815322_37.5572078567915852|126.8067860131757527_37.5569836897910534|126.8068481061529695_37.5568211814329942
2026-09-04T13:22:12.125893+09:00,김포공항,김포공항,POI061,KEY_1,1150066500,하늘길,1150247200,공항동 1373,126.8068558770528966_37.5573740172171497,1150027101,공항동 1373,126.8069712276863470_37.5568648222929724,58.0,19.0,서행,126.8069712276863470_37.5568648222929724|126.8069187602059316_37.5570077860468388|126.8068772250646390_37.5572221164367548|126.8068558770528966_37.5573740172171497
2026-09-04T13:22:12.125893+09:00,김포공항,김포공항,POI061,KEY_1,1150073600,남부순환로,1150030002,공항지하차도(남측),126.8077168731396398_37.5596785527472150,1150036802,공항지하차도(북측),126.8066028860935575_37.5632234424859774,406.0,44.5,원활,126.8066028860935575_37.5632234424859774|126.8070741742825192_37.5617343500932535|126.8077168731396398_37.5596785527472150
2026-09-04T13:22:12.125893+09:00,김포공항,김포공항,POI061,KEY_1,1150073700,남부순환로,1150036801,공항지하차도(북측),126.8067344748664880_37.5632502226468645,1150030001,공항지하차도(남측),126.8078484011787168_37.5597054915840687,406.0,51.0,원활,126.8078484011787168_37.5597054915840687|126.8072059248408863_37.5617606130839761|126.8067344748664880_37.5632502226468645
2026-09-04T13:22:12.125893+09:00,김포공항,김포공항,POI061,KEY_1,1150087200,초원로,1150276600,방화동 648-7,126.8061653651844978_37.5677509978913946,1150006402,김포공항,126.8053283756748613_37.5677499095885210,74.0,20.0,서행,126.8053283756748613_37.5677499095885210|126.8055414028596175_37.5677492478255175|126.8061653651844978_37.5677509978913946
2026-09-04T13:22:12.125893+09:00,김포공항,김포공항,POI061,KEY_1,1150087300,초원로,1150006401,김포공항,126.8052926539899659_37.5678581403692888,1150041804,우림루미아트아파트,126.8075307779801193_37.5678629359116485,198.0,15.0,서행,126.8075307779801193_37.5678629359116485|126.8073398019933933_37.5678624027739900|126.8069523157120386_37.5678613200995315|126.8065648290245235_37.5678602361521072|126.8061648869972657_37.5678591160285933|126.8055414285367419_37.5678573671970213|126.8052926539899659_37.5678581403692888
2026-09-04T13:22:12.125893+09:00,김포공항,김포공항,POI061,KEY_1,1150088000,개화동로,1150039602,개화지하차도(남측),126.8057924187939989_37.5657106945988915,1150042703,개화지하차도(북측),126.8043750832667627_37.5700177472717556,494.0,32.0,원활,126.8043750832667627_37.5700177472717556|126.8051041638151162_37.5677907609375552|126.8057924187939989_37.5657106945988915
2026-09-04T13:22:12.125893+09:00,김포공항,김포공항,POI061,KEY_1,1150088100,개화동로,1150042702,개화지하차도(북측),126.8045065255030863_37.5700450114689204,1150039601,개화지하차도(남측),126.8059238292659359_37.5657380361406368,494.0,46.0,원활,126.8059238292659359_37.5657380361406368|126.8052355602882528_37.5678181625819221|126.8045065255030863_37.5700450114689204
2026-09-04T13:22:12.125893+09:00,김포공항,김포공항,POI061,KEY_1,1150106400,하늘길,1150028802,금당엄나무마을,126.8065715832151881_37.5584244799448612,1150028400,속성변화점,126.8048520251257685_37.5583579319005096,185.0,13.0,정체,126.8048520251257685_37.5583579319005096|126.8052377971326763_37.5580516095033374|126.8053823436995202_37.5579701842871785|126.8055353778495942_37.5579424668231496|126.8056745668371832_37.5579540170042065|126.8058403506843348_37.5580050725773518|126.8059860097157099_37.5580901308708448|126.8065715832151881_37.5584244799448612
2026-09-04T13:22:12.125893+09:00,김포공항,김포공항,POI061,KEY_1,1150106500,하늘길,1150027900,꽃뫼마을,126.8066393602112214_37.5579420572046487,1150028100,고가차도(동측),126.8060691893281700_37.5580001571214055,70.0,19.0,서행,126.8060691893281700_37.5580001571214055|126.8062856880729470_37.5581168464145136|126.8063706400496358_37.5581522669607892|126.8064580694506560_37.5581562242252716|126.8065401626594593_37.5581308101262579|126.8066082234555978_37.5580596654638583|126.8066393602112214_37.5579420572046487
2026-09-04T13:22:12.125893+09:00,김포공항,김포공항,POI061,KEY_1,1150106600,하늘길,1150028802,금당엄나무마을,126.8065715832151881_37.5584244799448612,1150028100,고가차도(동측),126.8060691893281700_37.5580001571214055,65.0,5.0,정체,126.8060691893281700_37.5580001571214055|126.8065715832151881_37.5584244799448612
2026-09-04T13:22:12.125893+09:00,김포공항,김포공항,POI061,KEY_1,1150106700,하늘길,1150289200,최소노드배치점,126.8033683591133922_37.5592833803729107,1150032700,고가차도(서측),126.8009776700938573_37.5613568425905200,315.0,22.0,서행,126.8009776700938573_37.5613568425905200|126.8010280242264827_37.5611957637211304|126.8011248860496778_37.5610890211158690|126.8033683591133922_37.5592833803729107
2026-09-04T13:22:12.125893+09:00,김포공항,김포공항,POI061,KEY_1,1150106800,하늘길,1150028400,속성변화점,126.8048520251257685_37.5583579319005096,1150032700,고가차도(서측),126.8009776700938573_37.5613568425905200,478.0,24.0,서행,126.8009776700938573_37.5613568425905200|126.8013035967179007_37.5611997795353290|126.8035334487866663_37.5594139846441664|126.8048520251257685_37.5583579319005096
2026-09-04T13:22:12.125893+09:00,김포공항,김포공항,POI061,KEY_1,1150106900,김포공항내부도로,1150032200,속성변화점,126.8047455373718151_37.5611116336784789,1150028801,금당엄나무마을,126.8067065539106721_37.5584365013286785,359.0,18.0,서행,126.8067065539106721_37.5584365013286785|126.8066109696513877_37.5588857489316297|126.8064624030633780_37.5595840033141712|126.8064141826300073_37.5597031187799502|126.8063180116815687_37.5598364588791966|126.8062219021269073_37.5599459604553729|126.8047455373718151_37.5611116336784789
2026-09-04T13:22:12.125893+09:00,김포공항,김포공항,POI061,KEY_1,1150107000,김포공항내부도로,1150389800,최소노드배치점,126.8067286898441637_37.5607631173226295,1150028801,금당엄나무마을,126.8067065539106721_37.5584365013286785,267.0,46.5,원활,126.8067065539106721_37.5584365013286785|126.8066708925769035_37.5588901607108099|126.8066646253163015_37.5589698879747615|126.8067045329581930_37.5591701996241056|126.8067999267995276_37.5593372282787641|126.8069432095978897_37.5595138704042526|126.8069908756392294_37.5596093034119178|126.8069965453199757_37.5597332752688544|126.8069866614919334_37.5597713874458137|126.8067666698569838_37.5606197059842231|126.8067286898441637_37.5607631173226295
2026-09-04T13:22:12.125893+09:00,김포공항,김포공항,POI061,KEY_1,1150107100,김포공항내부도로,1150033900,방화동886,126.8052833993092463_37.5619393978386995,1150032200,속성변화점,126.8047455373718151_37.5611116336784789,113.0,26.7,원활,126.8047455373718151_37.5611116336784789|126.8048083802269446_37.5615490149788158|126.8048519525371631_37.5616959366339103|126.8049097352545687_37.5617642437812407|126.8049856578287944_37.5618147717900683|126.8052833993092463_37.5619393978386995
2026-09-04T13:22:12.125893+09:00,김포공항,김포공항,POI061,KEY_1,1150107200,하늘길,1150032700,고가차도(서측),126.8009776700938573_37.5613568425905200,1150034800,지하차도,126.7995944673012190_37.5624929202118381,184.0,25.0,원활,126.7995944673012190_37.5624929202118381|126.7996107466501883_37.5622929971972539|126.7998015798858518_37.5620687650094354|126.8003220714264785_37.5616712047205752|126.8009776700938573_37.5613568425905200
2026-09-04T13:22:12.125893+09:00,김포공항,김포공항,POI061,KEY_1,1150107300,하늘길,1150033203,김포공항입구교차로,126.8070108813666224_37.5617129549202957,1150033900,방화동886,126.8052833993092463_37.5619393978386995,155.0,10.0,정체,126.8052833993092463_37.5619393978386995|126.8061205674983825_37.5618551503654459|126.8070108813666224_37.5617129549202957
2026-09-04T13:22:12.125893+09:00,김포공항,김포공항,POI061,KEY_1,1150107400,하늘길,1150034900,김포공항역(공항철도),126.8029854953172162_37.5622967045944236,1150033204,김포공항입구교차로,126.8069741436833624_37.5618291362629790,356.0,41.0,원활,126.8069741436833624_37.5618291362629790|126.8061424791094254_37.5619619642015792|126.8053005219796034_37.5620466931704584|126.8053004393328109_37.5620467020441282|126.8035548962029679_37.5622240961301515|126.8029854953172162_37.5622967045944236
2026-09-04T13:22:12.125893+09:00,김포공항,김포공항,POI061,KEY_1,1150107500,하늘길,1150032700,고가차도(서측),126.8009776700938573_37.5613568425905200,1150036700,지하차도,126.7995614162036446_37.5632407963395494,257.0,30.0,원활,126.7995614162036446_37.5632407963395494|126.7995700031927413_37.5631889631586731|126.7996689684073601_37.5626019355139178|126.7997259457631287_37.5624038582984383|126.7997701717995227_37.5622877418760126|126.7998407061498085_37.5621775057847600|126.7999327368006419_37.5620750285075431|126.8001500459457986_37.5619027027951873|126.8004710632430232_37.5616604022978677|126.8009776700938573_37.5613568425905200
2026-09-04T13:22:12.125893+09:00,김포공항,김포공항,POI061,KEY_1,1150107600,하늘길,1150032700,고가차도(서측),126.8009776700938573_37.5613568425905200,1150034900,김포공항역(공항철도),126.8029854953172162_37.5622967045944236,221.0,11.0,정체,126.8029854953172162_37.5622967045944236|126.8024038149654160_37.5623012502060760|126.8021954186314559_37.5622894586052993|126.8020781093091784_37.5622587480032664|126.8019705670447905_37.5621988226795125|126.8013430762655958_37.5617038420301697|126.8009776700938573_37.5613568425905200
2026-09-04T13:22:12.125893+09:00,김포공항,김포공항,POI061,KEY_1,1150107700,하늘길,1150299800,최소노드배치점,126.8024246026703281_37.5621497575235139,1150034800,지하차도,126.7995944673012190_37.5624929202118381,254.0,49.0,원활,126.7995944673012190_37.5624929202118381|126.8000193989265938_37.5623756689364328|126.8013731312601493_37.5622549088509174|126.8024246026703281_37.5621497575235139
2026-09-04T13:22:12.125893+09:00,김포공항,김포공항,POI061,KEY_1,1150107800,하늘길,1150034800,지하차도,126.7995944673012190_37.5624929202118381,1150034900,김포공항역(공항철도),126.8029854953172162_37.5622967045944236,303.0,14.0,정체,126.8029854953172162_37.5622967045944236|126.8022002166869839_37.5623968364395395|126.8002736857091293_37.5625739227759468|126.7999725900794772_37.5625757150790633|126.7997661912279455_37.5625422959885213|126.7995944673012190_37.5624929202118381
2026-09-04T13:22:12.125893+09:00,김포공항,김포공항,POI061,KEY_1,1150107900,김포공항내부도로,1150034800,지하차도,126.7995944673012190_37.5624929202118381,1150035000,롯데렌터카국내선영업소,126.7985940506221993_37.5626360951519658,90.0,9.0,정체,126.7985940506221993_37.5626360951519658|126.7995944673012190_37.5624929202118381
2026-09-04T13:22:12.125893+09:00,김포공항,김포공항,POI061,KEY_1,1150108000,김포공항내부도로,1150035000,롯데렌터카국내선영업소,126.7985940506221993_37.5626360951519658,1150037900,속성변화점,126.7983021129292069_37.5630189098091307,69.0,27.0,원활,126.7983021129292069_37.5630189098091307|126.7982096451205791_37.5628961389908085|126.7981918453900789_37.5627976604402321|126.7982148156196160_37.5627441391479806|126.7982713199159548_37.5627087031636862|126.7984365839414380_37.5626560267344658|126.7985940506221993_37.5626360951519658
2026-09-04T13:22:12.125893+09:00,김포공항,김포공항,POI061,KEY_1,1150108100,김포공항내부도로,1150037200,김포공항역2번출구,126.8015105464991024_37.5637406961484217,1150034900,김포공항역(공항철도),126.8029854953172162_37.5622967045944236,224.0,35.0,원활,126.8029854953172162_37.5622967045944236|126.8026435167321182_37.5623975981132574|126.8024209948936658_37.5624869055912711|126.8022103875416491_37.5625834378667847|126.8020295362189529_37.5627016084077425|126.8018937973466933_37.5628009677141534|126.8017817563183627_37.5629290840681804|126.8016845605308163_37.5630715970221161|126.8016508513365608_37.5631524812872755|126.8015802361039590_37.5633356925993880|126.8015552917320719_37.5634404760404337|126.8015105464991024_37.5637406961484217
2026-09-04T13:22:12.125893+09:00,김포공항,김포공항,POI061,KEY_1,1150108200,김포공항내부도로,1150037200,김포공항역2번출구,126.8015105464991024_37.5637406961484217,1150037600,김포공항역2번출구,126.8001346503840097_37.5639860917984407,227.0,34.0,원활,126.8001346503840097_37.5639860917984407|126.8001072244096434_37.5638754734673199|126.8000662884100365_37.5637679145538073|126.8000615019386856_37.5636391074166127|126.8000983656984602_37.5635415488353317|126.8001531351182081_37.5634512510361276|126.8002708817475650_37.5633541725600040|126.8003431789846047_37.5633116750763278|126.8006015428384643_37.5632345072076177|126.8007667497781910_37.5631877893086070|126.8009106542144337_37.5631767173647546|126.8010154569920900_37.5631821081042290|126.8011438702288416_37.5632257947703039|126.8012750344631172_37.5632957301106600|126.8013611065026396_37.5633820920717767|126.8014169785191285_37.5634945086059346|126.8015105464991024_37.5637406961484217
2026-09-04T13:22:12.125893+09:00,김포공항,김포공항,POI061,KEY_1,1150108300,김포공항내부도로,1150037200,김포공항역2번출구,126.8015105464991024_37.5637406961484217,1150037700,도심공항터미널,126.8005353893544509_37.5647314688052489,380.0,36.0,원활,126.8005353893544509_37.5647314688052489|126.8001504709565523_37.5643765376844172|126.7999602627294138_37.5642132436054723|126.7998446348872505_37.5640837782937638|126.7997974626711084_37.5640024159575390|126.7997564603626728_37.5639020107266219|126.7997422185323018_37.5638232279006772|126.7997462404500055_37.5637135512019142|126.7997618660982369_37.5636444849060140|126.7997987969324925_37.5635397726324740|126.7998686354479503_37.5634400247530920|126.7999532946344345_37.5633570595498085|126.8000708847145859_37.5632766728403382|126.8002273963702180_37.5631989025939461|126.8005910089229786_37.5630794326731063|126.8007680206251422_37.5630518637346071|126.8009029369462439_37.5630407387900718|126.8010496128956675_37.5630535306005058|126.8011272556779261_37.5630802236472192|126.8012465922204228_37.5631333950045487|126.8013446245621054_37.5632222134043161|126.8014065981104892_37.5633227416721880|126.8014653984647708_37.5634423296246851|126.8015105464991024_37.5637406961484217
2026-09-04T13:22:12.125893+09:00,김포공항,김포공항,POI061,KEY_1,1150108400,김포공항내부도로,1150035000,롯데렌터카국내선영업소,126.7985940506221993_37.5626360951519658,1150037600,김포공항역2번출구,126.8001346503840097_37.5639860917984407,229.0,32.0,원활,126.8001346503840097_37.5639860917984407|126.7999521214609189_37.5638025725482123|126.7998405864598084_37.5637160582818836|126.7996393494245950_37.5636111258423355|126.7992991815572026_37.5634660194623891|126.7987938274058735_37.5632054610151798|126.7985571473165436_37.5630466579929205|126.7984637566289052_37.5629423643065863|126.7984331071625661_37.5628563291241946|126.7984472253013024_37.5627884461292609|126.7984884047937442_37.5627099928980641|126.7985940506221993_37.5626360951519658
2026-09-04T13:22:12.125893+09:00,김포공항,김포공항,POI061,KEY_1,1150108500,김포공항내부도로,1150037900,속성변화점,126.7983021129292069_37.5630189098091307,1150037700,도심공항터미널,126.8005353893544509_37.5647314688052489,274.0,32.0,원활,126.8005353893544509_37.5647314688052489|126.7995993705168303_37.5640520760878971|126.7991235205774814_37.5636796088143541|126.7984879720149394_37.5631660830637344|126.7983021129292069_37.5630189098091307
2026-09-04T13:22:12.125893+09:00,김포공항,김포공항,POI061,KEY_1,1150108600,김포공항내부도로,1150036700,지하차도,126.7995614162036446_37.5632407963395494,1150037700,도심공항터미널,126.8005353893544509_37.5647314688052489,200.0,48.0,원활,126.8005353893544509_37.5647314688052489|126.7997423221904967_37.5640787997897547|126.7996369375317300_37.5639753894983812|126.7995776669586547_37.5639063555770250|126.7995377103744943_37.5638221735569431|126.7995167669065069_37.5637552751601973|126.7995105241441820_37.5636541224698846|126.7995141173256854_37.5635263188312720|126.7995614162036446_37.5632407963395494
2026-09-04T13:22:12.125893+09:00,김포공항,김포공항,POI061,KEY_1,1150108700,김포공항내부도로,1150039400,에어포트빌딩,126.8054199980519314_37.5653693282458718,1150038300,속성변화점,126.8061015993678495_37.5631202624798846,257.0,35.0,원활,126.8061015993678495_37.5631202624798846|126.8059321035797495_37.5637269267169103|126.8054199980519314_37.5653693282458718
2026-09-04T13:22:12.125893+09:00,김포공항,김포공항,POI061,KEY_1,1150108800,김포공항내부도로,1150040200,고가차도,126.8034852971276649_37.5656196609774327,1150037200,김포공항역2번출구,126.8015105464991024_37.5637406961484217,281.0,34.0,원활,126.8015105464991024_37.5637406961484217|126.8015357041857101_37.5639340135730890|126.8015969668641674_37.5641108512010717|126.8016766037265626_37.5642448710447212|126.8018308227888724_37.5644127195580566|126.8019823811680595_37.5645447794917331|126.8029309732480101_37.5653063657249433|126.8030975575997701_37.5654337433964187|126.8031839240266976_37.5654891030670228|126.8032971189519884_37.5655589304998614|126.8034852971276649_37.5656196609774327
2026-09-04T13:22:12.125893+09:00,김포공항,김포공항,POI061,KEY_1,1150108900,김포공항내부도로,1150037600,김포공항역2번출구,126.8001346503840097_37.5639860917984407,1150040100,김포국제공항국제선행사전용주차,126.8028803555274493_37.5664085986469658,364.0,17.0,서행,126.8028803555274493_37.5664085986469658|126.8025555415103298_37.5661435602585243|126.8016983643685194_37.5654441163697115|126.8007304672482007_37.5646657129594246|126.8005254668434532_37.5644820611773724|126.8003740566643103_37.5643344989100783|126.8002586967350567_37.5641764188608462|126.8001346503840097_37.5639860917984407
2026-09-04T13:22:12.125893+09:00,김포공항,김포공항,POI061,KEY_1,1150109000,김포공항내부도로,1150230600,방화동 886,126.8024348662543304_37.5662398015641941,1150040400,김포국제공항국제선행사전용주차,126.8027894261290527_37.5665213396097499,44.0,40.0,원활,126.8027894261290527_37.5665213396097499|126.8024348662543304_37.5662398015641941
2026-09-04T13:22:12.125893+09:00,김포공항,김포공항,POI061,KEY_1,1150109100,김포공항내부도로,1150041000,방화동 886,126.8045183377906397_37.5669683926712068,1150040200,고가차도,126.8034852971276649_37.5656196609774327,230.0,39.0,원활,126.8034852971276649_37.5656196609774327|126.8038598120078717_37.5656171005556203|126.8040245791983551_37.5656180715457495|126.8041980462812290_37.5656500969040295|126.8043592631563854_37.5657106668445309|126.8045051467313868_37.5658093034294893|126.8045999917029718_37.5659195628959566|126.8046735124137001_37.5660678531299581|126.8046871384255923_37.5662134061310837|126.8046429140189559_37.5664587801131731|126.8045621762904034_37.5667890603198273|126.8045183377906397_37.5669683926712068
2026-09-04T13:22:12.125893+09:00,김포공항,김포공항,POI061,KEY_1,1150109200,김포공항내부도로,1150041000,방화동 886,126.8045183377906397_37.5669683926712068,1150039400,에어포트빌딩,126.8054199980519314_37.5653693282458718,195.0,42.0,원활,126.8054199980519314_37.5653693282458718|126.8052708856440205_37.5656182579022513|126.8051516363182998_37.5658774998792708|126.8050359139828487_37.5660795262780098|126.8048750313832045_37.5663051353414588|126.8047956777825931_37.5664620646431686|126.8046114786252758_37.5667983501891527|126.8045183377906397_37.5669683926712068
2026-09-04T13:22:12.125893+09:00,김포공항,김포공항,POI061,KEY_1,1150109300,김포공항내부도로,1150040100,김포국제공항국제선행사전용주차,126.8028803555274493_37.5664085986469658,1150040200,고가차도,126.8034852971276649_37.5656196609774327,284.0,33.3,원활,126.8034852971276649_37.5656196609774327|126.8037092911531829_37.5656949107724856|126.8039213478413529_37.5657653208962614|126.8040856049847491_37.5658211399076123|126.8041899467209817_37.5658766052520434|126.8043000587682911_37.5659559519230015|126.8043650346164810_37.5660564961891268|126.8043969909406741_37.5661640008600628|126.8043960589709513_37.5662641565827897|126.8043682760401367_37.5663522305254460|126.8043044108686530_37.5664544010831989|126.8042197297529015_37.5665397542608659|126.8041171845886481_37.5666130782922849|126.8040118652004651_37.5666625383911637|126.8038617424439281_37.5666974251657493|126.8036968833293230_37.5667059926222748|126.8035562582793006_37.5666860845983379|126.8033055432747886_37.5665844440246985|126.8028803555274493_37.5664085986469658
2026-09-04T13:22:12.125893+09:00,김포공항,김포공항,POI061,KEY_1,1150109400,김포공항내부도로,1150040400,김포국제공항국제선행사전용주차,126.8027894261290527_37.5665213396097499,1150040200,고가차도,126.8034852971276649_37.5656196609774327,325.0,39.0,원활,126.8034852971276649_37.5656196609774327|126.8038472962753502_37.5656742613916776|126.8041074633345033_37.5657258761666881|126.8042626881742905_37.5657864110680890|126.8043907080456449_37.5658730187277072|126.8044736150714442_37.5659784381928930|126.8045263198669659_37.5661099121142357|126.8045371714244425_37.5662316012986750|126.8044998914784856_37.5663744697547912|126.8044178744128061_37.5664956104879550|126.8042728343056496_37.5666283046634888|126.8041613460849533_37.5666968070994187|126.8040018571548018_37.5667721800218857|126.8038667356538127_37.5668047707435235|126.8037077789608134_37.5668229120773987|126.8035849511758926_37.5668221870188859|126.8034592599620964_37.5668071366586176|126.8032978191564979_37.5667704126488431|126.8031277685627884_37.5666930950689633|126.8027894261290527_37.5665213396097499
2026-09-04T13:22:12.125893+09:00,김포공항,김포공항,POI061,KEY_1,1150109500,김포공항내부도로,1150040100,김포국제공항국제선행사전용주차,126.8028803555274493_37.5664085986469658,1150039400,에어포트빌딩,126.8054199980519314_37.5653693282458718,376.0,39.0,원활,126.8054199980519314_37.5653693282458718|126.8052475454865942_37.5658732946121603|126.8051706796212983_37.5660850889471618|126.8051128520501720_37.5661825252739732|126.8049609786541794_37.5664058022311735|126.8048907678706740_37.5665460918130734|126.8048112374909948_37.5667220993863751|126.8047558940367168_37.5668744002905513|126.8046892767711427_37.5669503214266172|126.8046318243050052_37.5670072178743411|126.8045536219927527_37.5670401450249045|126.8044245134226315_37.5670703866327500|126.8043016178312996_37.5670768170044340|126.8041549555153011_37.5670616434222921|126.8040113335603252_37.5670417183552701|126.8038648492974687_37.5670074679516688|126.8037573763743211_37.5669662923032561|126.8036590024200621_37.5669132466707012|126.8033524544107848_37.5666944209830262|126.8028803555274493_37.5664085986469658
2026-09-04T13:22:12.125893+09:00,김포공항,김포공항,POI061,KEY_1,1150109600,동양로,1150042000,방화동886,126.8043496290626138_37.5690016313593063,1150039400,에어포트빌딩,126.8054199980519314_37.5653693282458718,415.0,49.5,원활,126.8054199980519314_37.5653693282458718|126.8053899634556529_37.5657000420245950|126.8052719382406082_37.5661500744627759|126.8050369470159779_37.5669356746776870|126.8046700032554241_37.5680567539646901|126.8044016010786521_37.5688898518380725|126.8043496290626138_37.5690016313593063
2026-09-04T13:22:12.125893+09:00,김포공항,김포공항,POI061,KEY_1,1150109700,김포공항내부도로,1150040400,김포국제공항국제선행사전용주차,126.8027894261290527_37.5665213396097499,1150039400,에어포트빌딩,126.8054199980519314_37.5653693282458718,415.0,39.7,원활,126.8054199980519314_37.5653693282458718|126.8052245812453407_37.5660877907704887|126.8050520545537978_37.5665995070195393|126.8049656904614864_37.5668660966114416|126.8048926608036169_37.5669872912542075|126.8047806848064170_37.5671082565730927|126.8046781173340491_37.5671839659799573|126.8045727754340533_37.5672358105680573|126.8044646150375883_37.5672685610235249|126.8043295358767608_37.5672963824766839|126.8041916836448735_37.5673003399413261|126.8040330596514451_37.5672827109800309|126.8039045051699674_37.5672533359350851|126.8037553117633252_37.5671880659636201|126.8036153745131003_37.5670942334573823|126.8034964512136469_37.5669957550961513|126.8033357432111643_37.5668803367947532|126.8031125447181466_37.5667192381668187|126.8027894261290527_37.5665213396097499
2026-09-04T13:22:12.125893+09:00,김포공항,김포공항,POI061,KEY_1,1150109800,김포공항내부도로,1150040100,김포국제공항국제선행사전용주차,126.8028803555274493_37.5664085986469658,1150042800,방화동886,126.8042907955019558_37.5687117795039498,314.0,35.0,원활,126.8042907955019558_37.5687117795039498|126.8044447834326718_37.5682788825722866|126.8044868755081893_37.5681341354681422|126.8045023381572065_37.5680178481092497|126.8044953256624297_37.5679235276140986|126.8044776550525796_37.5678101460486644|126.8044115504804950_37.5676696490093036|126.8043376251230825_37.5675648787147196|126.8028803555274493_37.5664085986469658
2026-09-04T13:22:12.125893+09:00,김포공항,김포공항,POI061,KEY_1,1150109900,김포공항내부도로,1150040400,김포국제공항국제선행사전용주차,126.8027894261290527_37.5665213396097499,1150042800,방화동886,126.8042907955019558_37.5687117795039498,295.0,47.0,원활,126.8042907955019558_37.5687117795039498|126.8043428985787244_37.5682058242231278|126.8043258377389151_37.5680268638760850|126.8042788189286512_37.5678477268196147|126.8041865573810441_37.5677011144876261|126.8039896345038642_37.5675330180398959|126.8030307240473888_37.5667493201426410|126.8027894261290527_37.5665213396097499
2026-09-04T13:22:12.125893+09:00,김포공항,김포공항,POI061,KEY_1,1150110000,김포공항내부도로,1150006403,김포공항,126.8050471612343841_37.5677507825846604,1150041000,방화동 886,126.8045183377906397_37.5669683926712068,111.0,8.0,정체,126.8045183377906397_37.5669683926712068|126.8044868277380175_37.5671351434086915|126.8044947727027676_37.5672472754189357|126.8045177634208045_37.5673523415138533|126.8045557557905738_37.5674551123775871|126.8046357569593994_37.5675509754502670|126.8047189542533459_37.5676253937799203|126.8048084750304980_37.5676640782547082|126.8049390968690489_37.5677205900781033|126.8050471612343841_37.5677507825846604
2026-09-04T13:22:12.125893+09:00,김포공항,김포공항,POI061,KEY_1,1150110100,김포공항내부도로,1150042000,방화동886,126.8043496290626138_37.5690016313593063,1150041000,방화동 886,126.8045183377906397_37.5669683926712068,232.0,15.0,서행,126.8045183377906397_37.5669683926712068|126.8044296852477970_37.5671586539184261|126.8044137517465373_37.5672611066355557|126.8044306408279454_37.5673780611712615|126.8044567380267864_37.5674712221760458|126.8045036514052697_37.5675811995677122|126.8045505649234315_37.5676911760380960|126.8045929307459403_37.5678123353112312|126.8046013294623862_37.5679402102264959|126.8045806666986550_37.5681003466947629|126.8045362341527635_37.5682658281448383|126.8044189538831716_37.5686347811846346|126.8043496290626138_37.5690016313593063
2026-09-04T13:22:12.125893+09:00,김포공항,김포공항,POI061,KEY_1,1150110200,김포공항진출입도로,1150042800,방화동886,126.8042907955019558_37.5687117795039498,1150036202,방화동 886,126.8039740863463436_37.5697527827448567,119.0,34.0,원활,126.8039740863463436_37.5697527827448567|126.8039933986746490_37.5696818307411888|126.8042907955019558_37.5687117795039498
2026-09-04T13:22:12.125893+09:00,김포공항,김포공항,POI061,KEY_1,1150110300,김포공항진출입도로,1150036201,방화동 886,126.8041058714845235_37.5697760280389303,1150042000,방화동886,126.8043496290626138_37.5690016313593063,89.0,51.0,원활,126.8043496290626138_37.5690016313593063|126.8041120461763427_37.5697543702871357|126.8041058714845235_37.5697760280389303
2026-09-04T13:22:12.125893+09:00,남대문시장,남대문시장,POI115,KEY_2,1010002301,소월로,1010155400,최소노드배치점,126.9760533414636114_37.5582497344554369,1010013803,숭례문앞교차로,126.9755809845113532_37.5605189064983307,262.0,23.0,서행,126.9755809845113532_37.5605189064983307|126.9757337889885065_37.5603525891795087|126.9757984686316661_37.5601874326070444|126.9757969708594061_37.5599997077910714|126.9757198667068110_37.5593373627741514|126.9757048763582503_37.5591937029204388|126.9757309859065373_37.5590497713064551|126.9757785893644524_37.5588840435687814|126.9759074328705282_37.5585745471584289|126.9759297486065890_37.5585209420058632|126.9759522152383795_37.5584716422248093|126.9760533414636114_37.5582497344554369
2026-09-04T13:22:12.125893+09:00,남대문시장,남대문시장,POI115,KEY_2,1010002402,소월로,1010013802,숭례문앞교차로,126.9757600351255320_37.5605071695408910,1010011100,숭례문,126.9758644071737450_37.5590694809368770,164.0,7.0,정체,126.9758644071737450_37.5590694809368770|126.9758414948468044_37.5591969276911115|126.9758551619603253_37.5593278985156402|126.9759327469906509_37.5599943665054212|126.9759344158917429_37.5602035603088922|126.9758567349293656_37.5604019178341417|126.9757600351255320_37.5605071695408910
2026-09-04T13:22:12.125893+09:00,남대문시장,남대문시장,POI115,KEY_2,1010002504,퇴계로,1010011701,회현역7번출구,126.9801048978132769_37.5596035774933412,1010014100,신세계백화점(본점신관),126.9813345597681007_37.5600996831039851,122.0,6.0,정체,126.9813345597681007_37.5600996831039851|126.9811756372389482_37.5600198160300565|126.9804229490495260_37.5597117743107418|126.9801048978132769_37.5596035774933412
2026-09-04T13:22:12.125893+09:00,남대문시장,남대문시장,POI115,KEY_2,1010002505,퇴계로,1010014100,신세계백화점(본점신관),126.9813345597681007_37.5600996831039851,1010014904,회현사거리,126.9819470670801422_37.5604226300890645,65.0,8.0,정체,126.9819470670801422_37.5604226300890645|126.9814522832707127_37.5601588457968916|126.9813345597681007_37.5600996831039851
2026-09-04T13:22:12.125893+09:00,남대문시장,남대문시장,POI115,KEY_2,1010002508,퇴계로,1010038200,회현동1가 194-69,126.9793517057243974_37.5593685443415026,1010011702,회현역7번출구,126.9799749525828076_37.5595619956135778,59.0,14.0,정체,126.9799749525828076_37.5595619956135778|126.9797655565294434_37.5594985542619710|126.9793517057243974_37.5593685443415026
2026-09-04T13:22:12.125893+09:00,남대문시장,남대문시장,POI115,KEY_2,1010002603,퇴계로,1010014903,회현사거리,126.9820015801727067_37.5603215668065360,1010013600,우리은행은행사박물관,126.9814070609472481_37.5600082577712442,63.0,8.0,정체,126.9814070609472481_37.5600082577712442|126.9815263347418437_37.5600681990967189|126.9820015801727067_37.5603215668065360
2026-09-04T13:22:12.125893+09:00,남대문시장,남대문시장,POI115,KEY_2,1010002703,소공로,1010012500,회현동2가73,126.9822136040558433_37.5599025256994565,1010014903,회현사거리,126.9820015801727067_37.5603215668065360,50.0,26.0,원활,126.9820015801727067_37.5603215668065360|126.9821708623236134_37.5599944542781472|126.9822136040558433_37.5599025256994565
2026-09-04T13:22:12.125893+09:00,남대문시장,남대문시장,POI115,KEY_2,1010002803,소공로,1010014902,회현사거리,126.9821173466426387_37.5603817102966602,1010012900,금산갤러리,126.9823409760007848_37.5599400560248142,53.0,4.0,정체,126.9823409760007848_37.5599400560248142|126.9822973783252849_37.5600338243564380|126.9821173466426387_37.5603817102966602
2026-09-04T13:22:12.125893+09:00,남대문시장,남대문시장,POI115,KEY_2,1010004501,퇴계로,1010014901,회현사거리,126.9820623967078177_37.5604819136935362,1010015600,중국관광청,126.9827116249739731_37.5606706950213010,62.0,2.0,정체,126.9827116249739731_37.5606706950213010|126.9825668114146993_37.5606529961696793|126.9823364708074251_37.5606043117085662|126.9821925519696464_37.5605470002049984|126.9820623967078177_37.5604819136935362
2026-09-04T13:22:12.125893+09:00,남대문시장,남대문시장,POI115,KEY_2,1010004601,퇴계로,1010015100,스테이트타워남산,126.9827322350448071_37.5605638271977540,1010014902,회현사거리,126.9821173466426387_37.5603817102966602,59.0,23.0,서행,126.9821173466426387_37.5603817102966602|126.9822592119591746_37.5604526524429048|126.9823847812171778_37.5605026567482270|126.9825946231940890_37.5605470088059334|126.9827322350448071_37.5605638271977540
2026-09-04T13:22:12.125893+09:00,남대문시장,남대문시장,POI115,KEY_2,1010004901,소공로,1010014904,회현사거리,126.9819470670801422_37.5604226300890645,1010016100,신세계백화점(본점),126.9816686271532404_37.5609097208093701,59.0,7.0,정체,126.9816686271532404_37.5609097208093701|126.9819470670801422_37.5604226300890645
2026-09-04T13:22:12.125893+09:00,남대문시장,남대문시장,POI115,KEY_2,1010004903,소공로,1010016100,신세계백화점(본점),126.9816686271532404_37.5609097208093701,1010017902,한국은행앞교차로,126.9812102323787997_37.5618212267858951,109.0,10.0,정체,126.9812102323787997_37.5618212267858951|126.9814215875591117_37.5613304278622451|126.9815191090982296_37.5611692719051433|126.9815779997364160_37.5610682604307513|126.9816686271532404_37.5609097208093701
2026-09-04T13:22:12.125893+09:00,남대문시장,남대문시장,POI115,KEY_2,1010005001,소공로,1010016400,포스트타워,126.9817922479335550_37.5609545032611152,1010014901,회현사거리,126.9820623967078177_37.5604819136935362,58.0,10.0,정체,126.9820623967078177_37.5604819136935362|126.9817922479335550_37.5609545032611152
2026-09-04T13:22:12.125893+09:00,남대문시장,남대문시장,POI115,KEY_2,1010005002,소공로,1010016902,한국은행앞,126.9817016201550075_37.5611130425819510,1010016400,포스트타워,126.9817922479335550_37.5609545032611152,19.0,10.0,정체,126.9817922479335550_37.5609545032611152|126.9817016201550075_37.5611130425819510
2026-09-04T13:22:12.125893+09:00,남대문시장,남대문시장,POI115,KEY_2,1010005003,소공로,1010017901,한국은행앞교차로,126.9813201261830500_37.5618994475613093,1010016901,한국은행앞,126.9816414699309064_37.5612161949658940,81.0,6.0,정체,126.9816414699309064_37.5612161949658940|126.9815474496638501_37.5613715645860893|126.9813201261830500_37.5618994475613093
2026-09-04T13:22:12.125893+09:00,남대문시장,남대문시장,POI115,KEY_2,1010005102,남대문로,1010123700,남대문로3가 110-4,126.9802395481067094_37.5615376279630198,1010017903,한국은행앞교차로,126.9811556456876929_37.5619216279188848,92.0,11.0,정체,126.9811556456876929_37.5619216279188848|126.9809804652948202_37.5618338688153770|126.9804945418923836_37.5616270684645031|126.9802395481067094_37.5615376279630198
2026-09-04T13:22:12.125893+09:00,남대문시장,남대문시장,POI115,KEY_2,1010005201,남대문로,1010014800,숭례문,126.9764883666133954_37.5605318420117769,1010013802,숭례문앞교차로,126.9757600351255320_37.5605071695408910,65.0,9.0,정체,126.9757600351255320_37.5605071695408910|126.9759033237710781_37.5604891294319145|126.9761889274862341_37.5604766950548168|126.9764883666133954_37.5605318420117769
2026-09-04T13:22:12.125893+09:00,남대문시장,남대문시장,POI115,KEY_2,1010005202,남대문로,1010105800,남대문로4가 24-1,126.9773600444245005_37.5608297698874694,1010014800,숭례문,126.9764883666133954_37.5605318420117769,84.0,10.0,정체,126.9764883666133954_37.5605318420117769|126.9773600444245005_37.5608297698874694
2026-09-04T13:22:12.125893+09:00,남대문시장,남대문시장,POI115,KEY_2,1010026800,남대문로,1010014800,숭례문,126.9764883666133954_37.5605318420117769,1010011100,숭례문,126.9758644071737450_37.5590694809368770,185.0,8.0,정체,126.9758644071737450_37.5590694809368770|126.9758795592592975_37.5591125336731508|126.9758641531054906_37.5591939851637946|126.9759578405099205_37.5599862959824407|126.9759704486266543_37.5601312860724406|126.9760507361714588_37.5602633560949499|126.9761537145355277_37.5603739896225477|126.9763022172343057_37.5604655608040190|126.9764279735615418_37.5605091608890334|126.9764883666133954_37.5605318420117769
2026-09-04T13:22:12.125893+09:00,남대문시장,남대문시장,POI115,KEY_2,1010027000,소공로,1010012500,회현동2가73,126.9822136040558433_37.5599025256994565,1010013600,우리은행은행사박물관,126.9814070609472481_37.5600082577712442,77.0,26.0,원활,126.9814070609472481_37.5600082577712442|126.9817283323599497_37.5600723147489930|126.9817987065068365_37.5600687495620491|126.9818795629010708_37.5600532666540161|126.9819694078222909_37.5600199056804485|126.9822136040558433_37.5599025256994565
2026-09-04T13:22:12.125893+09:00,남대문시장,남대문시장,POI115,KEY_2,1010028000,퇴계로,1010014100,신세계백화점(본점신관),126.9813345597681007_37.5600996831039851,1010015401,충무로1가52-4,126.9817851871179641_37.5605865324912713,69.0,4.0,정체,126.9817851871179641_37.5605865324912713|126.9817851041901093_37.5605860521239734|126.9817447014208653_37.5604906906837641|126.9817012987769544_37.5604120152254382|126.9816174759299514_37.5603059188314958|126.9813345597681007_37.5600996831039851
2026-09-04T13:22:12.125893+09:00,남대문시장,남대문시장,POI115,KEY_2,1010029201,남대문시장10길,1010036301,충무로1가52-9,126.9802096866011425_37.5606718594319489,1010011701,회현역7번출구,126.9801048978132769_37.5596035774933412,119.0,5.0,정체,126.9801048978132769_37.5596035774933412|126.9800866593272559_37.5597021179481985|126.9800889154790298_37.5598874597116179|126.9802096866011425_37.5606718594319489
2026-09-04T13:22:12.125893+09:00,남대문시장,남대문시장,POI115,KEY_2,1010029202,남대문시장길,1010015401,충무로1가52-4,126.9817851871179641_37.5605865324912713,1010036301,충무로1가52-9,126.9802096866011425_37.5606718594319489,140.0,6.5,정체,126.9802096866011425_37.5606718594319489|126.9802497030729995_37.5606741822428134|126.9807707845876763_37.5606494140121825|126.9816883147786086_37.5606057960128439|126.9817851871179641_37.5605865324912713
2026-09-04T13:22:12.125893+09:00,남대문시장,남대문시장,POI115,KEY_2,1010029900,소공로,1010016400,포스트타워,126.9817922479335550_37.5609545032611152,1010015600,중국관광청,126.9827116249739731_37.5606706950213010,91.0,7.3,정체,126.9827116249739731_37.5606706950213010|126.9823825034924312_37.5606779228201688|126.9822612178897288_37.5606993600976651|126.9821728710918194_37.5607267614215701|126.9820875153085780_37.5607648904012166|126.9817922479335550_37.5609545032611152
2026-09-04T13:22:12.125893+09:00,남대문시장,남대문시장,POI115,KEY_2,1010030001,남대문시장10길,1010011702,회현역7번출구,126.9799749525828076_37.5595619956135778,1010036302,충무로1가52-9,126.9800884608386724_37.5607732287643117,135.0,3.0,정체,126.9800884608386724_37.5607732287643117|126.9799531801049426_37.5598945825498376|126.9799507471012276_37.5596946869498254|126.9799749525828076_37.5595619956135778
2026-09-04T13:22:12.125893+09:00,남대문시장,남대문시장,POI115,KEY_2,1010030100,소공로,1010015402,충무로1가52-4,126.9817657794933154_37.5607018336872827,1010016100,신세계백화점(본점),126.9816686271532404_37.5609097208093701,25.0,3.0,정체,126.9816686271532404_37.5609097208093701|126.9817657794933154_37.5607018336872827
2026-09-04T13:22:12.125893+09:00,남대문시장,남대문시장,POI115,KEY_2,1010032100,명동8나길,1010016901,한국은행앞,126.9816414699309064_37.5612161949658940,1010017704,LG패션,126.9866156676616384_37.5618497971722718,446.0,5.0,정체,126.9866156676616384_37.5618497971722718|126.9864059219120378_37.5618442687355554|126.9861439853324043_37.5618224161464553|126.9858850471473204_37.5617884341175383|126.9849862833789587_37.5616166058945993|126.9832174106051212_37.5613666087159430|126.9816414699309064_37.5612161949658940
2026-09-04T13:22:12.125893+09:00,노량진,노량진,POI063,KEY_3,1190005000,만양로,1190149500,노량진동 118-14,126.9445072828588934_37.5112337554396333,1190002101,노량진삼익아파트,126.9447316692998697_37.5107279071619644,60.0,10.0,정체,126.9447316692998697_37.5107279071619644|126.9445279473944197_37.5111733767808033|126.9445072828588934_37.5112337554396333
2026-09-04T13:22:12.125893+09:00,노량진,노량진,POI063,KEY_3,1190005101,노량진로,1190020703,수산시장입구교차로,126.9466367290000477_37.5134096602374356,1190002602,노량진동 113-6,126.9443471153927447_37.5137469511950457,207.0,36.7,원활,126.9443471153927447_37.5137469511950457|126.9447018533880680_37.5137501237495457|126.9449800137784337_37.5137432195083349|126.9452206941408434_37.5137189330884127|126.9453360318755699_37.5136987454881279|126.9454805879769310_37.5136734436133423|126.9460307202107430_37.5135490198353878|126.9466367290000477_37.5134096602374356
2026-09-04T13:22:12.125893+09:00,노량진,노량진,POI063,KEY_3,1190004503,장승배기로,1190152600,노량진동 49-1,126.9401167823962169_37.5121780072331958,1190021003,노량진삼거리,126.9401273601333457_37.5134896778213545,146.0,23.0,서행,126.9401273601333457_37.5134896778213545|126.9401211502656963_37.5127196410551917|126.9401192691902907_37.5124863808360871|126.9401167823962169_37.5121780072331958
2026-09-04T13:22:12.125893+09:00,노량진,노량진,POI063,KEY_3,1190004900,만양로,1190166100,노량진동 118-14,126.9442141544357412_37.5118605513789589,1190002603,노량진동 113-1,126.9442112295573821_37.5137418468286512,209.0,18.0,서행,126.9442112295573821_37.5137418468286512|126.9442007157676358_37.5133170529862738|126.9442010082990748_37.5132853486690649|126.9442075422818306_37.5125771934533816|126.9442141544357412_37.5118605513789589
2026-09-04T13:22:12.125893+09:00,노량진,노량진,POI063,KEY_3,1190005102,노량진로,1190111500,노량진동 148-80,126.9471465220967872_37.5132972498454933,1190020702,수산시장입구교차로,126.9467856169075617_37.5133759098446546,33.0,22.0,서행,126.9467856169075617_37.5133759098446546|126.9471465220967872_37.5132972498454933
2026-09-04T13:22:12.125893+09:00,노량진,노량진,POI063,KEY_3,1190005201,노량진로,1190113600,노량진동 150-2,126.9453651613680023_37.5138043462520159,1190020704,수산시장입구교차로,126.9466743766019192_37.5135135387472616,120.0,15.0,서행,126.9466743766019192_37.5135135387472616|126.9460680803163228_37.5136529641003662|126.9455137197508776_37.5137783438666617|126.9453651613680023_37.5138043462520159
2026-09-04T13:22:12.125893+09:00,노량진,노량진,POI063,KEY_3,1190005202,노량진로,1190117200,본동 365,126.9512041597025416_37.5127679663408102,1190019404,노량진배수지앞교차로,126.9521514565343949_37.5127483356353082,84.0,31.3,원활,126.9521514565343949_37.5127483356353082|126.9515041450622306_37.5127617506074742|126.9512041597025416_37.5127679663408102
2026-09-04T13:22:12.125893+09:00,노량진,노량진,POI063,KEY_3,1190005302,노량진로23길,1190019404,노량진배수지앞교차로,126.9521514565343949_37.5127483356353082,1190021702,강변유원아파트앞교차로,126.9517878200399252_37.5144323341285642,190.0,12.0,정체,126.9517878200399252_37.5144323341285642|126.9521402590242047_37.5130263085339948|126.9521514565343949_37.5127483356353082
2026-09-04T13:22:12.125893+09:00,노량진,노량진,POI063,KEY_3,1190005402,노량진로23길,1190021701,강변유원아파트앞교차로,126.9519265942660269_37.5144356577308216,1190019401,노량진배수지앞교차로,126.9522873805224066_37.5127452624808910,191.0,27.0,원활,126.9522873805224066_37.5127452624808910|126.9522755603509978_37.5130387016279059|126.9519265942660269_37.5144356577308216
2026-09-04T13:22:12.125893+09:00,노량진,노량진,POI063,KEY_3,1190005403,노량진로23길,1190021702,강변유원아파트앞교차로,126.9517878200399252_37.5144323341285642,1190002800,래미안트윈파크어린이집,126.9513254038714081_37.5151339939864243,90.0,34.0,원활,126.9513254038714081_37.5151339939864243|126.9515276227898823_37.5149837680980554|126.9516261546233409_37.5148351491784879|126.9516943568016671_37.5147120387054969|126.9517717030701789_37.5145057377369682|126.9517878200399252_37.5144323341285642
2026-09-04T13:22:12.125893+09:00,노량진,노량진,POI063,KEY_3,1190005901,노량진로,1190002301,동작전화국입구교차로,126.9319314618299188_37.5132681113596362,1190020504,노량진전화국,126.9367010324218938_37.5133867368247493,422.0,29.5,원활,126.9367010324218938_37.5133867368247493|126.9349496085363853_37.5132700252727744|126.9346845661618062_37.5132523610597346|126.9343824864800325_37.5132486544900985|126.9319314618299188_37.5132681113596362
2026-09-04T13:22:12.125893+09:00,노량진,노량진,POI063,KEY_3,1190005902,노량진로,1190020501,노량진전화국,126.9368725067964618_37.5133974948874851,1190021004,노량진삼거리,126.9401168906885289_37.5135974767245486,288.0,29.0,원활,126.9401168906885289_37.5135974767245486|126.9384099054870916_37.5134922704434572|126.9376728241927026_37.5134468343409324|126.9372728687352492_37.5134221778299022|126.9368725067964618_37.5133974948874851
2026-09-04T13:22:12.125893+09:00,노량진,노량진,POI063,KEY_3,1190006002,노량진로,1190156700,노량진동 40-12,126.9372833421547142_37.5133143799160251,1190020502,노량진전화국,126.9367832042905064_37.5132835455482123,44.0,21.3,서행,126.9367832042905064_37.5132835455482123|126.9372833421547142_37.5133143799160251
2026-09-04T13:22:12.125893+09:00,노량진,노량진,POI063,KEY_3,1190006300,노량진로,1190021001,노량진삼거리,126.9402528271981794_37.5136058036791340,1190002604,노량진동 149-1,126.9442005819552293_37.5138496342654904,350.0,14.0,정체,126.9442005819552293_37.5138496342654904|126.9436735713390760_37.5138165998370070|126.9425225287408949_37.5137444411450716|126.9422059483943457_37.5137245927783880|126.9419852419011647_37.5137111710165669|126.9414974384053210_37.5136815048798908|126.9413599099681420_37.5136731406162056|126.9402528271981794_37.5136058036791340
2026-09-04T13:22:12.125893+09:00,노량진,노량진,POI063,KEY_3,1190006402,노량진로,1190165400,노량진동 60-11,126.9413702431442630_37.5135653340007238,1190021002,노량진삼거리,126.9402631619478825_37.5134979974577192,98.0,18.0,서행,126.9402631619478825_37.5134979974577192|126.9413702431442630_37.5135653340007238
2026-09-04T13:22:12.125893+09:00,노량진,노량진,POI063,KEY_3,1190006503,노들로,1190002503,한강대교남단교차로,126.9559485654462350_37.5135692375558918,1190021402,노량진북고가차도(남측),126.9535701647488253_37.5144666186535645,234.0,31.3,원활,126.9535701647488253_37.5144666186535645|126.9538055503909391_37.5143453656792119|126.9550106567837133_37.5140170958698604|126.9551952040804679_37.5139503610819247|126.9553662466185671_37.5138687011783389|126.9559485654462350_37.5135692375558918
2026-09-04T13:22:12.125893+09:00,노량진,노량진,POI063,KEY_3,1190035600,매봉로,1190112400,본동 163-2,126.9520505492110658_37.5124639722260156,1190019403,노량진배수지앞교차로,126.9521271874186397_37.5126406813780520,21.0,21.5,서행,126.9521271874186397_37.5126406813780520|126.9520505492110658_37.5124639722260156
2026-09-04T13:22:12.125893+09:00,노량진,노량진,POI063,KEY_3,1190037400,등용로14길,1190147800,노량진동 261-16,126.9360131508652358_37.5128578520058724,1190020503,노량진전화국,126.9366130923878160_37.5132723793395044,71.0,17.0,서행,126.9366130923878160_37.5132723793395044|126.9365424170735963_37.5131804726463116|126.9360131508652358_37.5128578520058724
2026-09-04T13:22:12.125893+09:00,노량진,노량진,POI063,KEY_3,1190038200,노량진로,1190002203,상도터널입구삼거리,126.9541890386700089_37.5126031402648223,1190019402,노량진배수지앞교차로,126.9522694244192564_37.5126375342248082,170.0,9.0,정체,126.9522694244192564_37.5126375342248082|126.9540738186661173_37.5125928966997364|126.9541890386700089_37.5126031402648223
2026-09-04T13:22:12.125893+09:00,노량진,노량진,POI063,KEY_3,1190038300,노량진로,1190019401,노량진배수지앞교차로,126.9522873805224066_37.5127452624808910,1190002204,상도터널입구삼거리,126.9542714927660967_37.5127192624925598,176.0,26.0,원활,126.9542714927660967_37.5127192624925598|126.9540683705858299_37.5127012042861523|126.9522873805224066_37.5127452624808910
2026-09-04T13:22:12.125893+09:00,노량진,노량진,POI063,KEY_3,1190040700,노량진로17길,1190023001,여의상류IC,126.9431116863680842_37.5161708855538407,1190020701,수산시장입구교차로,126.9468214378170643_37.5134801972138732,493.0,26.0,원활,126.9468214378170643_37.5134801972138732|126.9466448548326269_37.5141699643926856|126.9465643597165752_37.5142980228204763|126.9464218282206502_37.5144168285898871|126.9462405404805025_37.5144778270687311|126.9460835780338783_37.5144777555249433|126.9453210615172054_37.5143777449688898|126.9452338575720916_37.5143850162141206|126.9451348889409985_37.5144401324414005|126.9434906876151103_37.5159004906293632|126.9432089104320056_37.5161015222505938|126.9431116863680842_37.5161708855538407
2026-09-04T13:22:12.125893+09:00,노량진,노량진,POI063,KEY_3,1190040900,노들로,1190021800,본동 258-49,126.9522431443229635_37.5148369634925771,1190021701,강변유원아파트앞교차로,126.9519265942660269_37.5144356577308216,60.0,10.0,정체,126.9519265942660269_37.5144356577308216|126.9519056314746734_37.5145429569509261|126.9519136872829819_37.5146399127459347|126.9519623531568016_37.5147094143572275|126.9520672177055758_37.5147752779884840|126.9521798364511511_37.5148124882405014|126.9522431443229635_37.5148369634925771
2026-09-04T13:22:12.125893+09:00,덕수궁길·정동길,덕수궁길·정동길,POI064,KEY_4,1000003501,통일로,1010027003,서대문역사거리,126.9665598949685972_37.5658773201177496,1120008500,서대문역,126.9660434778780029_37.5662892627082314,65.0,11.0,정체,126.9660434778780029_37.5662892627082314|126.9660644805756817_37.5662660599925218|126.9662705451212759_37.5660693694562298|126.9664350799789361_37.5659422317544767|126.9665598949685972_37.5658773201177496
2026-09-04T13:22:12.125893+09:00,덕수궁길·정동길,덕수궁길·정동길,POI064,KEY_4,1000003601,통일로,1120008600,서대문역,126.9661536779906470_37.5663524685838368,1010027004,서대문역사거리,126.9666386902470094_37.5659654915417676,61.0,24.0,서행,126.9666386902470094_37.5659654915417676|126.9665203108583569_37.5660270558958160|126.9663702817105673_37.5661429858535953|126.9661718721607571_37.5663323698760294|126.9661536779906470_37.5663524685838368
2026-09-04T13:22:12.125893+09:00,덕수궁길·정동길,덕수궁길·정동길,POI064,KEY_4,1000006401,송월길,1000006901,강북삼성병원뒤,126.9678155847015262_37.5692462622143637,1010032809,정동사거리,126.9691333679310219_37.5683815810654309,163.0,18.0,서행,126.9691333679310219_37.5683815810654309|126.9688551437995585_37.5683808671272601|126.9687865289426298_37.5683825554918585|126.9687053439467377_37.5683979184998549|126.9686414665824401_37.5684337846019289|126.9685779416765854_37.5684927369736954|126.9685223607223037_37.5685604321071480|126.9682968100973284_37.5688351412147554|126.9681174074262486_37.5690536427198865|126.9679795032923550_37.5691778229461093|126.9678501620556546_37.5692356875673852|126.9678155847015262_37.5692462622143637
2026-09-04T13:22:12.125893+09:00,덕수궁길·정동길,덕수궁길·정동길,POI064,KEY_4,1000022100,새문안로,1120008600,서대문역,126.9661536779906470_37.5663524685838368,1010028700,서대문역4번출구,126.9670324901914711_37.5663666430491148,80.0,11.0,정체,126.9670324901914711_37.5663666430491148|126.9668820265256244_37.5663086732054694|126.9667454719701425_37.5662886101858149|126.9666125029624908_37.5662871418756055|126.9664364041787792_37.5662956739300782|126.9661536779906470_37.5663524685838368
2026-09-04T13:22:12.125893+09:00,덕수궁길·정동길,덕수궁길·정동길,POI064,KEY_4,1000022401,새문안로,1010032804,서울역사박물관,126.9707197881594425_37.5693628093792142,1010032806,정동사거리,126.9692709523976930_37.5683376169548211,171.0,10.0,정체,126.9692709523976930_37.5683376169548211|126.9694171583184641_37.5684519908853858|126.9701987888334713_37.5690024896529167|126.9705789078106477_37.5692702008800268|126.9707197881594425_37.5693628093792142
2026-09-04T13:22:12.125893+09:00,덕수궁길·정동길,덕수궁길·정동길,POI064,KEY_4,1010000101,새문안로,1010027004,서대문역사거리,126.9666386902470094_37.5659654915417676,1010028700,서대문역4번출구,126.9670324901914711_37.5663666430491148,57.0,5.0,정체,126.9670324901914711_37.5663666430491148|126.9668835823451474_37.5662204039694956|126.9666386902470094_37.5659654915417676
2026-09-04T13:22:12.125893+09:00,덕수궁길·정동길,덕수궁길·정동길,POI064,KEY_4,1010000102,새문안로,1010028700,서대문역4번출구,126.9670324901914711_37.5663666430491148,1010029003,서울적십자병원,126.9671546864980343_37.5664866489618561,17.0,12.0,정체,126.9671546864980343_37.5664866489618561|126.9670324901914711_37.5663666430491148
2026-09-04T13:22:12.125893+09:00,덕수궁길·정동길,덕수궁길·정동길,POI064,KEY_4,1010000103,새문안로,1010029004,서울적십자병원,126.9672365893395067_37.5665683518858913,1010031502,서대문고가차도(북측),126.9682797509603347_37.5675570741512246,144.0,7.0,정체,126.9682797509603347_37.5675570741512246|126.9680594800643263_37.5674181616993508|126.9672365893395067_37.5665683518858913
2026-09-04T13:22:12.125893+09:00,덕수궁길·정동길,덕수궁길·정동길,POI064,KEY_4,1010000104,새문안로,1000130100,평동 140,126.9686758248646044_37.5679534765213603,1010032808,정동사거리,126.9690069713246316_37.5682731367375595,46.0,7.0,정체,126.9690069713246316_37.5682731367375595|126.9689149176519578_37.5681927649009353|126.9686758248646044_37.5679534765213603
2026-09-04T13:22:12.125893+09:00,덕수궁길·정동길,덕수궁길·정동길,POI064,KEY_4,1010000201,새문안로,1010028401,서대문역5번출구,126.9672435278120872_37.5662304820158113,1010027001,서대문역사거리,126.9668575711302481_37.5658373549132563,55.0,22.0,서행,126.9668575711302481_37.5658373549132563|126.9670970399012475_37.5660866188988862|126.9672435278120872_37.5662304820158113
2026-09-04T13:22:12.125893+09:00,덕수궁길·정동길,덕수궁길·정동길,POI064,KEY_4,1010000202,새문안로,1010029002,서울적십자병원,126.9673657254923569_37.5663504889476059,1010028401,서대문역5번출구,126.9672435278120872_37.5662304820158113,17.0,20.0,서행,126.9672435278120872_37.5662304820158113|126.9673657254923569_37.5663504889476059
2026-09-04T13:22:12.125893+09:00,덕수궁길·정동길,덕수궁길·정동길,POI064,KEY_4,1010000203,새문안로,1010031501,서대문고가차도(북측),126.9683866953238578_37.5674904209052158,1010029001,서울적십자병원,126.9674517491191921_37.5664363425452308,144.0,25.0,원활,126.9674517491191921_37.5664363425452308|126.9682746406970750_37.5672861516802570|126.9683866953238578_37.5674904209052158
2026-09-04T13:22:12.125893+09:00,덕수궁길·정동길,덕수궁길·정동길,POI064,KEY_4,1010000204,새문안로,1010032807,정동사거리,126.9691736826791697_37.5682582105465954,1010031501,서대문고가차도(북측),126.9683866953238578_37.5674904209052158,110.0,16.0,서행,126.9683866953238578_37.5674904209052158|126.9687821295761694_37.5678861768572077|126.9690183776100270_37.5681226144453078|126.9691736826791697_37.5682582105465954
2026-09-04T13:22:12.125893+09:00,덕수궁길·정동길,덕수궁길·정동길,POI064,KEY_4,1010007305,서소문로,1010060500,서소문동 42-3,126.9748814331857290_37.5634753132613639,1010021604,시청앞광장,126.9768728564433928_37.5640783561644085,191.0,15.0,서행,126.9768728564433928_37.5640783561644085|126.9766787939362445_37.5640859652900971|126.9765523317762188_37.5640754535460886|126.9763400428201123_37.5640251139761148|126.9749917778751325_37.5635158830683409|126.9748814331857290_37.5634753132613639
2026-09-04T13:22:12.125893+09:00,덕수궁길·정동길,덕수궁길·정동길,POI064,KEY_4,1010007405,서소문로,1010021603,시청앞광장,126.9768324946201261_37.5639716881909536,1010020202,중앙일보사,126.9742502538365869_37.5631241528421853,249.0,4.0,정체,126.9742502538365869_37.5631241528421853|126.9749383845103381_37.5633771573157134|126.9750493665217306_37.5634179614493959|126.9763888286545210_37.5639238670732283|126.9765790012718583_37.5639689628774178|126.9766825277856697_37.5639775680622137|126.9768324946201261_37.5639716881909536
2026-09-04T13:22:12.125893+09:00,덕수궁길·정동길,덕수궁길·정동길,POI064,KEY_4,1010008906,통일로,1010025300,서대문역,126.9671252866849898_37.5653671985533322,1010027002,서대문역사거리,126.9667788262273973_37.5657489148118202,53.0,8.0,정체,126.9667788262273973_37.5657489148118202|126.9668162462572951_37.5657244020835108|126.9669569622694496_37.5655921194699403|126.9671252866849898_37.5653671985533322
2026-09-04T13:22:12.125893+09:00,덕수궁길·정동길,덕수궁길·정동길,POI064,KEY_4,1010009006,통일로,1010027001,서대문역사거리,126.9668575711302481_37.5658373549132563,1010025800,서대문역,126.9672419766317830_37.5654225323261173,58.0,3.0,정체,126.9672419766317830_37.5654225323261173|126.9670678922722402_37.5656551508116365|126.9669120004380005_37.5658017001798896|126.9668575711302481_37.5658373549132563
2026-09-04T13:22:12.125893+09:00,덕수궁길·정동길,덕수궁길·정동길,POI064,KEY_4,1010009902,세종대로,1010021604,시청앞광장,126.9768728564433928_37.5640783561644085,1010024204,시청앞교차로,126.9770880989032236_37.5648197786229900,85.0,5.0,정체,126.9770880989032236_37.5648197786229900|126.9770591791834136_37.5646629693451288|126.9770001947957212_37.5644354373990907|126.9769219936512883_37.5642088549141349|126.9768728564433928_37.5640783561644085
2026-09-04T13:22:12.125893+09:00,덕수궁길·정동길,덕수궁길·정동길,POI064,KEY_4,1010010000,세종대로,1010024203,시청앞교차로,126.9772135411598413_37.5647555843739269,1010021601,시청앞광장,126.9770081698073909_37.5640611462049279,79.0,10.0,정체,126.9770081698073909_37.5640611462049279|126.9770525488461743_37.5641790078298783|126.9771323290460572_37.5644101639924273|126.9771929938028450_37.5646441761629077|126.9772135411598413_37.5647555843739269
2026-09-04T13:22:12.125893+09:00,덕수궁길·정동길,덕수궁길·정동길,POI064,KEY_4,1010011000,덕수궁길,1010003702,국립현대미술관(덕수궁),126.9734800713954428_37.5653099277390794,1010024205,시청앞교차로,126.9771111379704962_37.5649683842586413,350.0,15.5,서행,126.9771111379704962_37.5649683842586413|126.9769955437966189_37.5648997036250520|126.9769191129801698_37.5648841239987448|126.9762643259252286_37.5649661911538288|126.9761744747147532_37.5649770829893868|126.9759779520215517_37.5650009053778362|126.9758689949813260_37.5650050124235619|126.9752013280298399_37.5649548066137768|126.9751376722967393_37.5649475156969572|126.9743014077374426_37.5648517294047579|126.9740978380537513_37.5648406360021241|126.9740518977143893_37.5648432379020889|126.9740231183313881_37.5648571744892976|126.9736843653272729_37.5652451675209207|126.9735504744861458_37.5653043393530339|126.9734800713954428_37.5653099277390794
2026-09-04T13:22:12.125893+09:00,덕수궁길·정동길,덕수궁길·정동길,POI064,KEY_4,1010011100,소공로,1010024703,시청앞광장,126.9784672029423973_37.5649273269454653,1010024202,시청앞교차로,126.9772712943529740_37.5649019993645936,106.0,13.0,정체,126.9772712943529740_37.5649019993645936|126.9774098801302102_37.5649281244663342|126.9776269810423628_37.5649428736685351|126.9783249021099323_37.5649392241840445|126.9784672029423973_37.5649273269454653
2026-09-04T13:22:12.125893+09:00,덕수궁길·정동길,덕수궁길·정동길,POI064,KEY_4,1010011200,소공로,1010024201,시청앞교차로,126.9772516593585294_37.5650094083765893,1010024704,시청앞광장,126.9784659259494219_37.5650361481380060,108.0,12.0,정체,126.9784659259494219_37.5650361481380060|126.9783324600417700_37.5650473063687187|126.9776216401868254_37.5650510228301613|126.9773883375840597_37.5650351731031407|126.9772516593585294_37.5650094083765893
2026-09-04T13:22:12.125893+09:00,덕수궁길·정동길,덕수궁길·정동길,POI064,KEY_4,1010013800,세종대로,1010004902,강원도민일보(서울본부),126.9771979915670101_37.5670009920858590,1010024201,시청앞교차로,126.9772516593585294_37.5650094083765893,221.0,5.0,정체,126.9772516593585294_37.5650094083765893|126.9772632229602749_37.5651213527824481|126.9772704963173453_37.5652669803863901|126.9772680209366058_37.5654083777349115|126.9772559424266944_37.5656434912380419|126.9771979915670101_37.5670009920858590
2026-09-04T13:22:12.125893+09:00,덕수궁길·정동길,덕수궁길·정동길,POI064,KEY_4,1010015100,정동길,1010153400,정동 23-20,126.9696811503261245_37.5676424275946701,1010032807,정동사거리,126.9691736826791697_37.5682582105465954,84.0,17.5,서행,126.9691736826791697_37.5682582105465954|126.9693289724986869_37.5681827433020032|126.9694353904340431_37.5680832784538410|126.9695596803049256_37.5678603245802520|126.9696811503261245_37.5676424275946701
2026-09-04T13:22:12.125893+09:00,덕수궁길·정동길,덕수궁길·정동길,POI064,KEY_4,1010015200,정동길,1010053500,정동 6-1,126.9726302734250396_37.5657818964494226,1010003701,국립현대미술관(덕수궁),126.9734172515147748_37.5653215661761095,86.0,10.0,정체,126.9734172515147748_37.5653215661761095|126.9731819807769568_37.5654408147970216|126.9726302734250396_37.5657818964494226
2026-09-04T13:22:12.125893+09:00,덕수궁길·정동길,덕수궁길·정동길,POI064,KEY_4,1010017701,덕수궁길,1010003708,국립현대미술관(덕수궁),126.9733973038882908_37.5653215550209438,1010034405,덕수초교앞,126.9742636314177417_37.5692915440127635,470.0,18.0,서행,126.9742636314177417_37.5692915440127635|126.9742609154399133_37.5692318560367440|126.9741806606774475_37.5688123115606558|126.9741708329106444_37.5687509002550755|126.9741496491990489_37.5687070234402825|126.9733330667186380_37.5677499979341434|126.9732604662010260_37.5676432387449850|126.9732135563309470_37.5675636296405173|126.9732109235822293_37.5675447199477688|126.9732028295893542_37.5674865848597861|126.9732067525657442_37.5673829793437548|126.9732946020034490_37.5669917355047289|126.9734162527930152_37.5666474960378096|126.9734297415941171_37.5665457649226155|126.9734351774182528_37.5662640535461065|126.9734319058327827_37.5653823750330673|126.9734292579386477_37.5653516838069237|126.9734209124859774_37.5653359703583263|126.9733973038882908_37.5653215550209438
2026-09-04T13:22:12.125893+09:00,덕수궁길·정동길,덕수궁길·정동길,POI064,KEY_4,1010017801,덕수궁길,1010142200,정동 1-36,126.9733459274212635_37.5675328106811506,1010003703,국립현대미술관(덕수궁),126.9735218655151243_37.5652613466895460,255.0,15.0,서행,126.9735218655151243_37.5652613466895460|126.9735320491287638_37.5652675646712737|126.9735632083507113_37.5653262373116092|126.9735677185460503_37.5653785069074999|126.9735710082390199_37.5662647237383496|126.9735654610655899_37.5665522825597762|126.9735501225163148_37.5666679552866043|126.9734271477770164_37.5670159427351393|126.9733422194510410_37.5673941796546416|126.9733388862719750_37.5674822368240626|126.9733459274212635_37.5675328106811506
2026-09-04T13:22:12.125893+09:00,덕수궁길·정동길,덕수궁길·정동길,POI064,KEY_4,1010018100,세종대로,1010024205,시청앞교차로,126.9771111379704962_37.5649683842586413,1010036201,청계광장,126.9769724776174371_37.5689758850454254,445.0,11.0,정체,126.9769724776174371_37.5689758850454254|126.9770357842986499_37.5675064469025131|126.9770571241010231_37.5671045176161513|126.9770622406749681_37.5669973200828053|126.9771202099424414_37.5656394465692429|126.9771322330851717_37.5654054151655075|126.9771346338183520_37.5652683750225975|126.9771276194723697_37.5651279335943542|126.9771111379704962_37.5649683842586413
2026-09-04T13:22:12.125893+09:00,덕수궁길·정동길,덕수궁길·정동길,POI064,KEY_4,1010037700,서소문로11길,1010119100,정동 34-31,126.9727951808603876_37.5647038792147114,1010003707,국립현대미술관(덕수궁),126.9733026963352955_37.5652751287957045,97.0,9.5,정체,126.9733026963352955_37.5652751287957045|126.9731147506106339_37.5651909181462429|126.9727976869032062_37.5651133337218468|126.9727288163474412_37.5650455719333536|126.9727288478402016_37.5649591817261097|126.9727803611883274_37.5647836723506359|126.9727951808603876_37.5647038792147114
2026-09-04T13:22:12.125893+09:00,덕수궁길·정동길,덕수궁길·정동길,POI064,KEY_4,1010039000,소공로,1010024202,시청앞교차로,126.9772712943529740_37.5649019993645936,1010023104,서울프라자호텔,126.9780385528240316_37.5645364866542977,82.0,4.0,정체,126.9780385528240316_37.5645364866542977|126.9776055199770184_37.5646501981039478|126.9774312688185773_37.5647230654274864|126.9773645076050741_37.5647713550531037|126.9773054583435652_37.5648401473905977|126.9772712943529740_37.5649019993645936
2026-09-04T13:22:12.125893+09:00,덕수궁길·정동길,덕수궁길·정동길,POI064,KEY_4,1010040700,새문안로,1010028401,서대문역5번출구,126.9672435278120872_37.5662304820158113,1010025800,서대문역,126.9672419766317830_37.5654225323261173,92.0,18.0,서행,126.9672419766317830_37.5654225323261173|126.9671627047004989_37.5655962214450838|126.9671530773462109_37.5656982484603077|126.9671501998966363_37.5657656962227051|126.9671429571134951_37.5658915642520341|126.9671696483151493_37.5660384205100399|126.9672435278120872_37.5662304820158113
2026-09-04T13:22:12.125893+09:00,덕수궁길·정동길,덕수궁길·정동길,POI064,KEY_4,1010041200,통일로4길,1010026704,농협중앙회중앙본부,126.9680009751863565_37.5657474827716342,1010029002,서울적십자병원,126.9673657254923569_37.5663504889476059,87.0,20.0,서행,126.9673657254923569_37.5663504889476059|126.9674678905687699_37.5662580433505866|126.9678098962985331_37.5659327261802858|126.9680009751863565_37.5657474827716342
2026-09-04T13:22:12.125893+09:00,덕수궁길·정동길,덕수궁길·정동길,POI064,KEY_4,1010041300,통일로4길,1010029001,서울적십자병원,126.9674517491191921_37.5664363425452308,1010026701,농협중앙회중앙본부,126.9681059501351683_37.5658160932863012,90.0,18.0,서행,126.9681059501351683_37.5658160932863012|126.9679144693849793_37.5660017267912281|126.9675709803964594_37.5663284539118862|126.9674517491191921_37.5664363425452308
2026-09-04T13:22:12.125893+09:00,덕수궁길·정동길,덕수궁길·정동길,POI064,KEY_4,1120000904,충정로,1120007504,경기대입구교차로,126.9654358551941868_37.5643701192781236,1120008200,서대문역1번출구,126.9661345078370260_37.5653705612373798,128.0,27.0,원활,126.9661345078370260_37.5653705612373798|126.9658063010760287_37.5649795640658724|126.9654882556718718_37.5645480455164105|126.9654358551941868_37.5643701192781236
2026-09-04T13:22:12.125893+09:00,덕수궁길·정동길,덕수궁길·정동길,POI064,KEY_4,1120000905,충정로,1120008200,서대문역1번출구,126.9661345078370260_37.5653705612373798,1010027003,서대문역사거리,126.9665598949685972_37.5658773201177496,68.0,27.5,원활,126.9665598949685972_37.5658773201177496|126.9661345078370260_37.5653705612373798
2026-09-04T13:22:12.125893+09:00,덕수궁길·정동길,덕수궁길·정동길,POI064,KEY_4,1120001004,충정로,1120008100,서대문역8번출구,126.9663601701517166_37.5652501751878560,1120007501,경기대입구교차로,126.9655530068436775_37.5643154067983005,127.0,4.0,정체,126.9655530068436775_37.5643154067983005|126.9657225563985463_37.5644386212690051|126.9660365816878453_37.5648646850507362|126.9663601701517166_37.5652501751878560
2026-09-04T13:22:12.125893+09:00,덕수궁길·정동길,덕수궁길·정동길,POI064,KEY_4,1120001005,충정로,1010027002,서대문역사거리,126.9667788262273973_37.5657489148118202,1120008100,서대문역8번출구,126.9663601701517166_37.5652501751878560,67.0,4.0,정체,126.9663601701517166_37.5652501751878560|126.9667788262273973_37.5657489148118202
2026-09-04T13:22:12.125893+09:00,덕수궁길·정동길,덕수궁길·정동길,POI064,KEY_4,1120018600,새문안로,1010031501,서대문고가차도(북측),126.9683866953238578_37.5674904209052158,1120007501,경기대입구교차로,126.9655530068436775_37.5643154067983005,433.0,4.0,정체,126.9655530068436775_37.5643154067983005|126.9659790116012346_37.5648934048468846|126.9667666082858375_37.5658316625100710|126.9670436755838097_37.5661200652030587|126.9673713851940988_37.5664419018809852|126.9683866953238578_37.5674904209052158
2026-09-04T13:22:12.125893+09:00,덕수궁길·정동길,덕수궁길·정동길,POI064,KEY_4,1120019100,충정로,1010025300,서대문역,126.9671252866849898_37.5653671985533322,1120008100,서대문역8번출구,126.9663601701517166_37.5652501751878560,74.0,7.0,정체,126.9663601701517166_37.5652501751878560|126.9665194783773217_37.5653631197886000|126.9666434455435962_37.5653989136113822|126.9667584409983760_37.5654103886958168|126.9668764802246983_37.5654216401742502|126.9669962758516419_37.5654130917357776|126.9671252866849898_37.5653671985533322
2026-09-04T13:22:12.125893+09:00,덕수궁길·정동길,덕수궁길·정동길,POI064,KEY_4,1120019400,충정로,1120008200,서대문역1번출구,126.9661345078370260_37.5653705612373798,1120008500,서대문역,126.9660434778780029_37.5662892627082314,109.0,13.0,정체,126.9660434778780029_37.5662892627082314|126.9662204775012100_37.5660705723871402|126.9662588552284035_37.5659733199437156|126.9662708684429191_37.5658970396490446|126.9662804865533872_37.5658207577671277|126.9662829231651244_37.5657311237744906|126.9662372680301416_37.5655890326611370|126.9661345078370260_37.5653705612373798
2026-09-04T13:22:12.125893+09:00,북창동 먹자골목,북창동 먹자골목,POI114,KEY_1,1010002402,소월로,1010013802,숭례문앞교차로,126.9757600351255320_37.5605071695408910,1010011100,숭례문,126.9758644071737450_37.5590694809368770,164.0,7.0,정체,126.9758644071737450_37.5590694809368770|126.9758414948468044_37.5591969276911115|126.9758551619603253_37.5593278985156402|126.9759327469906509_37.5599943665054212|126.9759344158917429_37.5602035603088922|126.9758567349293656_37.5604019178341417|126.9757600351255320_37.5605071695408910
2026-09-04T13:22:12.125893+09:00,북창동 먹자골목,북창동 먹자골목,POI114,KEY_1,1010004903,소공로,1010016100,신세계백화점(본점),126.9816686271532404_37.5609097208093701,1010017902,한국은행앞교차로,126.9812102323787997_37.5618212267858951,109.0,10.0,정체,126.9812102323787997_37.5618212267858951|126.9814215875591117_37.5613304278622451|126.9815191090982296_37.5611692719051433|126.9815779997364160_37.5610682604307513|126.9816686271532404_37.5609097208093701
2026-09-04T13:22:12.125893+09:00,북창동 먹자골목,북창동 먹자골목,POI114,KEY_1,1010005003,소공로,1010017901,한국은행앞교차로,126.9813201261830500_37.5618994475613093,1010016901,한국은행앞,126.9816414699309064_37.5612161949658940,81.0,6.0,정체,126.9816414699309064_37.5612161949658940|126.9815474496638501_37.5613715645860893|126.9813201261830500_37.5618994475613093
2026-09-04T13:22:12.125893+09:00,북창동 먹자골목,북창동 먹자골목,POI114,KEY_1,1010005101,남대문로,1010013801,숭례문앞교차로,126.9756943412395600_37.5606249038699929,1010015000,숭례문,126.9764459331227329_37.5606350021971664,67.0,11.0,정체,126.9764459331227329_37.5606350021971664|126.9761770959942169_37.5605854916413975|126.9759176766868478_37.5605967861663927|126.9756943412395600_37.5606249038699929
2026-09-04T13:22:12.125893+09:00,북창동 먹자골목,북창동 먹자골목,POI114,KEY_1,1010005102,남대문로,1010123700,남대문로3가 110-4,126.9802395481067094_37.5615376279630198,1010017903,한국은행앞교차로,126.9811556456876929_37.5619216279188848,92.0,11.0,정체,126.9811556456876929_37.5619216279188848|126.9809804652948202_37.5618338688153770|126.9804945418923836_37.5616270684645031|126.9802395481067094_37.5615376279630198
2026-09-04T13:22:12.125893+09:00,북창동 먹자골목,북창동 먹자골목,POI114,KEY_1,1010005201,남대문로,1010014800,숭례문,126.9764883666133954_37.5605318420117769,1010013802,숭례문앞교차로,126.9757600351255320_37.5605071695408910,65.0,9.0,정체,126.9757600351255320_37.5605071695408910|126.9759033237710781_37.5604891294319145|126.9761889274862341_37.5604766950548168|126.9764883666133954_37.5605318420117769
2026-09-04T13:22:12.125893+09:00,북창동 먹자골목,북창동 먹자골목,POI114,KEY_1,1010005202,남대문로,1010105800,남대문로4가 24-1,126.9773600444245005_37.5608297698874694,1010014800,숭례문,126.9764883666133954_37.5605318420117769,84.0,10.0,정체,126.9764883666133954_37.5605318420117769|126.9773600444245005_37.5608297698874694
2026-09-04T13:22:12.125893+09:00,북창동 먹자골목,북창동 먹자골목,POI114,KEY_1,1010007100,남대문로,1010017904,한국은행앞교차로,126.9812429466621211_37.5620183676301806,1010021108,호텔이비스명동,126.9820519451972700_37.5636664770067483,197.0,8.0,정체,126.9820519451972700_37.5636664770067483|126.9819793117574847_37.5634775660291922|126.9817625196920829_37.5629137095619114|126.9816744970428033_37.5627384358941327|126.9813726104749207_37.5622249080098740|126.9812429466621211_37.5620183676301806
2026-09-04T13:22:12.125893+09:00,북창동 먹자골목,북창동 먹자골목,POI114,KEY_1,1010007200,남대문로,1010090400,남대문로2가 17-2,126.9821091872959755_37.5634459234669080,1010017901,한국은행앞교차로,126.9813201261830500_37.5618994475613093,186.0,6.0,정체,126.9813201261830500_37.5618994475613093|126.9814948864511877_37.5621778204330639|126.9817991665262582_37.5626954199811465|126.9818907371757462_37.5628777579140802|126.9821091872959755_37.5634459234669080
2026-09-04T13:22:12.125893+09:00,북창동 먹자골목,북창동 먹자골목,POI114,KEY_1,1010007500,소공로,1010017903,한국은행앞교차로,126.9811556456876929_37.5619216279188848,1010021703,소공로지하상가,126.9793735854893129_37.5639048297059688,271.0,11.5,정체,126.9793735854893129_37.5639048297059688|126.9799260872659801_37.5633234478845921|126.9804607657373765_37.5627352047527836|126.9809958432867205_37.5621465108158432|126.9811556456876929_37.5619216279188848
2026-09-04T13:22:12.125893+09:00,북창동 먹자골목,북창동 먹자골목,POI114,KEY_1,1010007600,소공로,1010125600,소공동 44-2,126.9805708038916379_37.5627985840057121,1010017904,한국은행앞교차로,126.9812429466621211_37.5620183676301806,105.0,24.3,서행,126.9812429466621211_37.5620183676301806|126.9811103260703646_37.5622049984614250|126.9805708038916379_37.5627985840057121
2026-09-04T13:22:12.125893+09:00,북창동 먹자골목,북창동 먹자골목,POI114,KEY_1,1010008401,세종대로18길,1010021203,우성빌딩,126.9777193951018148_37.5638099385310227,1010021602,시청앞광장,126.9769689889781006_37.5639574810137518,68.0,18.0,서행,126.9769689889781006_37.5639574810137518|126.9777193951018148_37.5638099385310227
2026-09-04T13:22:12.125893+09:00,북창동 먹자골목,북창동 먹자골목,POI114,KEY_1,1010008402,세종대로18길,1010073800,소공동 87-15,126.9784945856248157_37.5638009334543241,1010021202,우성빌딩,126.9778443694909242_37.5637825313256783,58.0,13.0,정체,126.9778443694909242_37.5637825313256783|126.9779245419285019_37.5637634021338656|126.9780550037610567_37.5637507097928918|126.9781651142375978_37.5637590779395225|126.9784945856248157_37.5638009334543241
2026-09-04T13:22:12.125893+09:00,북창동 먹자골목,북창동 먹자골목,POI114,KEY_1,1010009100,남대문로7길,1010021108,호텔이비스명동,126.9820519451972700_37.5636664770067483,1010021702,소공로지하상가,126.9795475428450970_37.5639009918525275,227.0,11.0,정체,126.9795475428450970_37.5639009918525275|126.9796803370022360_37.5638948862261515|126.9806310216740002_37.5639896452279629|126.9820519451972700_37.5636664770067483
2026-09-04T13:22:12.125893+09:00,북창동 먹자골목,북창동 먹자골목,POI114,KEY_1,1010009200,남대문로7길,1010021701,소공로지하상가,126.9794402894512473_37.5640142229526717,1010021109,호텔이비스명동,126.9820873216543333_37.5637708767384169,240.0,8.5,정체,126.9820873216543333_37.5637708767384169|126.9806416666700954_37.5640996703370931|126.9796757766825266_37.5640033960331934|126.9794402894512473_37.5640142229526717
2026-09-04T13:22:12.125893+09:00,북창동 먹자골목,북창동 먹자골목,POI114,KEY_1,1010009501,소공로,1010021704,소공로지하상가,126.9792789797845671_37.5640057968385435,1010023303,조선호텔,126.9788152991022230_37.5645029149171776,69.0,10.0,정체,126.9788152991022230_37.5645029149171776|126.9792789797845671_37.5640057968385435
2026-09-04T13:22:12.125893+09:00,북창동 먹자골목,북창동 먹자골목,POI114,KEY_1,1010009601,소공로,1010023302,조선호텔,126.9789243502561220_37.5645673683433330,1010021701,소공로지하상가,126.9794402894512473_37.5640142229526717,76.0,8.0,정체,126.9794402894512473_37.5640142229526717|126.9789243502561220_37.5645673683433330
2026-09-04T13:22:12.125893+09:00,북창동 먹자골목,북창동 먹자골목,POI114,KEY_1,1010026800,남대문로,1010014800,숭례문,126.9764883666133954_37.5605318420117769,1010011100,숭례문,126.9758644071737450_37.5590694809368770,185.0,8.0,정체,126.9758644071737450_37.5590694809368770|126.9758795592592975_37.5591125336731508|126.9758641531054906_37.5591939851637946|126.9759578405099205_37.5599862959824407|126.9759704486266543_37.5601312860724406|126.9760507361714588_37.5602633560949499|126.9761537145355277_37.5603739896225477|126.9763022172343057_37.5604655608040190|126.9764279735615418_37.5605091608890334|126.9764883666133954_37.5605318420117769
2026-09-04T13:22:12.125893+09:00,북창동 먹자골목,북창동 먹자골목,POI114,KEY_1,1010028800,남대문로,1010015700,숭례문,126.9758216757282128_37.5609807560682611,1010015000,숭례문,126.9764459331227329_37.5606350021971664,84.0,4.0,정체,126.9764459331227329_37.5606350021971664|126.9763771801474945_37.5606275849701134|126.9762640154305728_37.5606077628684645|126.9761188999622306_37.5606156137238472|126.9760253099623242_37.5606453934247568|126.9759279729758958_37.5606841119779062|126.9758493363337521_37.5607734919220704|126.9758081301075663_37.5608688386806833|126.9758216757282128_37.5609807560682611
2026-09-04T13:22:12.125893+09:00,북창동 먹자골목,북창동 먹자골목,POI114,KEY_1,1010037000,남대문로1길,1010023102,서울프라자호텔,126.9781270908112134_37.5644147123986087,1010021201,우성빌딩,126.9778833665384354_37.5638860982800367,62.0,5.0,정체,126.9778833665384354_37.5638860982800367|126.9781270908112134_37.5644147123986087
2026-09-04T13:22:12.125893+09:00,북창동 먹자골목,북창동 먹자골목,POI114,KEY_1,1010037100,남대문로1길,1010021204,우성빌딩,126.9777519647640105_37.5639149035560536,1010023103,서울프라자호텔,126.9779917291016176_37.5644349310718795,61.0,10.0,정체,126.9779917291016176_37.5644349310718795|126.9777519647640105_37.5639149035560536
2026-09-04T13:22:12.125893+09:00,북촌한옥마을,북촌한옥마을,POI066,KEY_2,1000009102,우정국로,1000017300,안국동사거리,126.9828039229332575_37.5749851341707171,1000017904,안국동로터리,126.9829082928001753_37.5755454257557844,63.0,5.0,정체,126.9829082928001753_37.5755454257557844|126.9828499577781997_37.5754008805051001|126.9828163493672974_37.5752357359225755|126.9827996996409070_37.5750526973415191|126.9828039229332575_37.5749851341707171
2026-09-04T13:22:12.125893+09:00,북촌한옥마을,북촌한옥마을,POI066,KEY_2,1000010303,삼일대로,1000017003,속성변화점,126.9867672620100478_37.5750673701046694,1000021203,안국역사거리,126.9861392416785293_37.5767777393512361,198.0,3.0,정체,126.9861392416785293_37.5767777393512361|126.9867306429910911_37.5751700115634506|126.9867672620100478_37.5750673701046694
2026-09-04T13:22:12.125893+09:00,북촌한옥마을,북촌한옥마을,POI066,KEY_2,1000010403,삼일대로,1000021202,안국역사거리,126.9862597945630966_37.5768348176280966,1000017001,덕성여자대학교(종로캠퍼스),126.9868610139755560_37.5752003900895701,189.0,10.0,정체,126.9868610139755560_37.5752003900895701|126.9862597945630966_37.5768348176280966
2026-09-04T13:22:12.125893+09:00,북촌한옥마을,북촌한옥마을,POI066,KEY_2,1000010703,돈화문로,1000187700,와룡동 139-4,126.9901364571830698_37.5770373641859052,1000021403,창덕궁앞교차로,126.9900492095065232_37.5773787437811535,39.0,23.0,서행,126.9900492095065232_37.5773787437811535|126.9901364571830698_37.5770373641859052
2026-09-04T13:22:12.125893+09:00,북촌한옥마을,북촌한옥마을,POI066,KEY_2,1000011102,종로1길,1000018300,경복궁사거리,126.9791985772177298_37.5755559719213679,1000019703,경복궁사거리,126.9793107532419185_37.5757813746508091,27.0,8.0,정체,126.9793107532419185_37.5757813746508091|126.9791985772177298_37.5755559719213679
2026-09-04T13:22:12.125893+09:00,북촌한옥마을,북촌한옥마을,POI066,KEY_2,1000011202,종로1길,1000019702,경복궁사거리,126.9794701198467664_37.5758080047390521,1000018200,경복궁,126.9792457576218681_37.5753789068622197,52.0,3.0,정체,126.9792457576218681_37.5753789068622197|126.9793010192322811_37.5754682222458030|126.9794701198467664_37.5758080047390521
2026-09-04T13:22:12.125893+09:00,북촌한옥마을,북촌한옥마을,POI066,KEY_2,1000011501,율곡로,1000019401,경복궁,126.9801381644492011_37.5758813627365100,1000019702,경복궁사거리,126.9794701198467664_37.5758080047390521,60.0,12.0,정체,126.9794701198467664_37.5758080047390521|126.9797343426333214_37.5758559422202438|126.9799729505737531_37.5758791430045278|126.9801381644492011_37.5758813627365100
2026-09-04T13:22:12.125893+09:00,북촌한옥마을,북촌한옥마을,POI066,KEY_2,1000011502,율곡로,1000019203,주한멕시코대사관,126.9811804454430160_37.5757381628755169,1000019401,경복궁,126.9801381644492011_37.5758813627365100,94.0,8.0,정체,126.9801381644492011_37.5758813627365100|126.9801458468412108_37.5758814661415386|126.9803274747907409_37.5758700232846223|126.9811804454430160_37.5757381628755169
2026-09-04T13:22:12.125893+09:00,북촌한옥마을,북촌한옥마을,POI066,KEY_2,1000011503,율곡로,1000018100,안국동사거리,126.9820370732549009_37.5756052331219763,1000019202,주한멕시코대사관,126.9813332527749594_37.5757145141333595,63.0,12.0,정체,126.9813332527749594_37.5757145141333595|126.9820370732549009_37.5756052331219763
2026-09-04T13:22:12.125893+09:00,북촌한옥마을,북촌한옥마을,POI066,KEY_2,1000011504,율곡로,1000017904,안국동로터리,126.9829082928001753_37.5755454257557844,1000018100,안국동사거리,126.9820370732549009_37.5756052331219763,78.0,6.0,정체,126.9820370732549009_37.5756052331219763|126.9821849025842226_37.5755822792614822|126.9823949596761850_37.5755556593554090|126.9825949987016998_37.5755409919947070|126.9827732334880466_37.5755410181384661|126.9829082928001753_37.5755454257557844
2026-09-04T13:22:12.125893+09:00,북촌한옥마을,북촌한옥마을,POI066,KEY_2,1000011601,율곡로,1000019701,경복궁사거리,126.9795067975766756_37.5759255521593971,1000020300,경복궁,126.9801205068413168_37.5759892604625989,55.0,11.0,정체,126.9801205068413168_37.5759892604625989|126.9799635415281358_37.5759871517272330|126.9797109494754608_37.5759625907229378|126.9795067975766756_37.5759255521593971
2026-09-04T13:22:12.125893+09:00,북촌한옥마을,북촌한옥마을,POI066,KEY_2,1000011603,율곡로,1000020300,경복궁,126.9801205068413168_37.5759892604625989,1000017905,안국동로터리,126.9829348569925571_37.5756562270635044,252.0,15.0,서행,126.9829348569925571_37.5756562270635044|126.9829125468357773_37.5756537744281829|126.9827704373494015_37.5756491370767236|126.9826012303179823_37.5756491122595975|126.9824118889619911_37.5756629946566250|126.9822085957164859_37.5756887578650449|126.9820630846885052_37.5757113517092307|126.9813592631155075_37.5758206328940290|126.9812063475179400_37.5758442987123971|126.9803458434132892_37.5759773239770425|126.9801500700749699_37.5759896573698668|126.9801205068413168_37.5759892604625989
2026-09-04T13:22:12.125893+09:00,북촌한옥마을,북촌한옥마을,POI066,KEY_2,1000012102,사직로,1000020200,경복궁,126.9786283706113750_37.5757946408291801,1000019704,경복궁사거리,126.9793621536958312_37.5759001150550986,66.0,19.0,서행,126.9793621536958312_37.5759001150550986|126.9791440605087161_37.5758645700478056|126.9786283706113750_37.5757946408291801
2026-09-04T13:22:12.125893+09:00,북촌한옥마을,북촌한옥마을,POI066,KEY_2,1000012203,사직로,1000019703,경복궁사거리,126.9793107532419185_37.5757813746508091,1000019100,경복궁,126.9786480964121154_37.5756876675167888,59.0,6.0,정체,126.9786480964121154_37.5756876675167888|126.9791690991976765_37.5757582877498706|126.9793107532419185_37.5757813746508091
2026-09-04T13:22:12.125893+09:00,북촌한옥마을,북촌한옥마을,POI066,KEY_2,1000012702,율곡로,1000204600,안국역,126.9857294779033765_37.5767141333904462,1000021204,안국역사거리,126.9860941353497878_37.5768818686938246,37.0,8.0,정체,126.9860941353497878_37.5768818686938246|126.9857294779033765_37.5767141333904462
2026-09-04T13:22:12.125893+09:00,북촌한옥마을,북촌한옥마을,POI066,KEY_2,1000012800,율곡로,1000099700,관훈동 113,126.9843012547585914_37.5759322813818102,1000017902,안국동로터리,126.9831650747284471_37.5755740090362238,108.0,9.0,정체,126.9831650747284471_37.5755740090362238|126.9832157778299404_37.5755801309922148|126.9834207454955077_37.5756172367829961|126.9836820397707413_37.5756980185194678|126.9842468281761967_37.5759072448986657|126.9843012547585914_37.5759322813818102
2026-09-04T13:22:12.125893+09:00,북촌한옥마을,북촌한옥마을,POI066,KEY_2,1000013501,율곡로,1000054300,계동 149-3,126.9868657861829462_37.5772407179262302,1000021504,우즈베키스탄대사관,126.9891939676239474_37.5774507625066221,209.0,12.0,정체,126.9891939676239474_37.5774507625066221|126.9886716347625111_37.5774406495643092|126.9876528972208263_37.5774209190205184|126.9874748196535421_37.5774084674404421|126.9872839495136390_37.5773710909105532|126.9870718117635420_37.5773123392589739|126.9868657861829462_37.5772407179262302
2026-09-04T13:22:12.125893+09:00,북촌한옥마을,북촌한옥마을,POI066,KEY_2,1000013502,율곡로,1000021501,우즈베키스탄대사관,126.9893297531960883_37.5774544023044541,1000021404,창덕궁앞교차로,126.9900388640569702_37.5774865487865739,63.0,24.0,서행,126.9900388640569702_37.5774865487865739|126.9897463242174780_37.5774687657961053|126.9893297531960883_37.5774544023044541
2026-09-04T13:22:12.125893+09:00,북촌한옥마을,북촌한옥마을,POI066,KEY_2,1000013601,율곡로,1000115800,운니동 99,126.9886749388672058_37.5773325621108185,1000021202,안국역사거리,126.9862597945630966_37.5768348176280966,226.0,32.0,원활,126.9862597945630966_37.5768348176280966|126.9866987114048271_37.5770526790006230|126.9869129296675823_37.5771391236163410|126.9869201616997287_37.5771416376904028|126.9871213965557644_37.5772115927930628|126.9873225852521443_37.5772673122363585|126.9874971233893604_37.5773014911490293|126.9876605021504048_37.5773129149276315|126.9886749388672058_37.5773325621108185
2026-09-04T13:22:12.125893+09:00,북촌한옥마을,북촌한옥마을,POI066,KEY_2,1000013802,율곡로3길,1000187200,안국동 177-3,126.9825779024490799_37.5773003698629964,1000017901,안국동로터리,126.9830699625115358_37.5756718813989750,188.0,12.5,정체,126.9830699625115358_37.5756718813989750|126.9830564549576764_37.5759140717657090|126.9830330914684993_37.5760255151221827|126.9826494722971120_37.5768341676311906|126.9826150056688476_37.5769949197743074|126.9825779024490799_37.5773003698629964
2026-09-04T13:22:12.125893+09:00,북촌한옥마을,북촌한옥마을,POI066,KEY_2,1000013900,북촌로,1000116500,재동 63-1,126.9851879175372176_37.5787742277141632,1000021903,재동초등학교앞교차로,126.9849709248422442_37.5791896537058818,50.0,5.0,정체,126.9849709248422442_37.5791896537058818|126.9851123444681207_37.5789593789195138|126.9851879175372176_37.5787742277141632
2026-09-04T13:22:12.125893+09:00,북촌한옥마을,북촌한옥마을,POI066,KEY_2,1000014000,북촌로,1000021902,재동초등학교앞교차로,126.9851742297151702_37.5791048269106014,1000021201,안국역사거리,126.9862116059343862_37.5769383209828334,258.0,15.0,서행,126.9862116059343862_37.5769383209828334|126.9861227104490524_37.5771049965042820|126.9858974625520034_37.5775403033717339|126.9855988771401059_37.5781173314432593|126.9855520543728602_37.5782320480744829|126.9853545228100558_37.5787159998899227|126.9853171216767009_37.5788076318220590|126.9852385949747031_37.5790000196943907|126.9851742297151702_37.5791048269106014
2026-09-04T13:22:12.125893+09:00,북촌한옥마을,북촌한옥마을,POI066,KEY_2,1000014100,창덕궁길,1000022002,북촌1경,126.9893063929122548_37.5792409569275208,1000021501,우즈베키스탄대사관,126.9893297531960883_37.5774544023044541,199.0,21.0,서행,126.9893297531960883_37.5774544023044541|126.9892548365952365_37.5786955788249983|126.9892562414735409_37.5787264244637242|126.9892665857058205_37.5789535426034647|126.9893063929122548_37.5792409569275208
2026-09-04T13:22:12.125893+09:00,북촌한옥마을,북촌한옥마을,POI066,KEY_2,1000014200,창덕궁길,1000128100,원서동 181,126.9891204798979061_37.5787303411058602,1000022003,북촌1경,126.9891713596778544_37.5792528029310802,58.0,16.3,서행,126.9891713596778544_37.5792528029310802|126.9891310055471081_37.5789614346187477|126.9891204798979061_37.5787303411058602
2026-09-04T13:22:12.125893+09:00,북촌한옥마을,북촌한옥마을,POI066,KEY_2,1000014301,삼청로,1000019704,경복궁사거리,126.9793621536958312_37.5759001150550986,1000020600,대한출판문화협회,126.9794687888132074_37.5765544121067592,73.0,8.0,정체,126.9794687888132074_37.5765544121067592|126.9794674172659654_37.5764824989996455|126.9794172673057773_37.5761249117022231|126.9793621536958312_37.5759001150550986
2026-09-04T13:22:12.125893+09:00,북촌한옥마을,북촌한옥마을,POI066,KEY_2,1000014302,삼청로,1000020600,대한출판문화협회,126.9794687888132074_37.5765544121067592,1000022703,국군서울지구병원,126.9798562503477797_37.5800221917764006,388.0,8.0,정체,126.9798562503477797_37.5800221917764006|126.9796182985417516_37.5793264763807215|126.9795665449151443_37.5791397220131316|126.9795478931843604_37.5790381290051698|126.9795326834604623_37.5788730174103378|126.9794969047037227_37.5780275498626395|126.9794687888132074_37.5765544121067592
2026-09-04T13:22:12.125893+09:00,북촌한옥마을,북촌한옥마을,POI066,KEY_2,1000014303,삼청로,1000022704,국군서울지구병원,126.9798888896173850_37.5801238754593712,1000023003,갤러리스케이프,126.9801383570053588_37.5809954150793715,99.0,22.0,서행,126.9801383570053588_37.5809954150793715|126.9801143803817212_37.5808712068437671|126.9798888896173850_37.5801238754593712
2026-09-04T13:22:12.125893+09:00,북촌한옥마을,북촌한옥마을,POI066,KEY_2,1000014401,삼청로,1000021000,대한출판문화협회,126.9796046197648423_37.5765527706146756,1000019701,경복궁사거리,126.9795067975766756_37.5759255521593971,70.0,26.0,원활,126.9795067975766756_37.5759255521593971|126.9795516592807161_37.5761085342554608|126.9796031487506696_37.5764756650611034|126.9796046197648423_37.5765527706146756
2026-09-04T13:22:12.125893+09:00,북촌한옥마을,북촌한옥마을,POI066,KEY_2,1000014402,삼청로,1000022702,국군서울지구병원,126.9799873332334244_37.5799937943622950,1000021000,대한출판문화협회,126.9796046197648423_37.5765527706146756,385.0,16.0,서행,126.9796046197648423_37.5765527706146756|126.9796327193578946_37.5780249082326065|126.9796683669145381_37.5788672429607900|126.9796830227134734_37.5790263448128528|126.9797002616005130_37.5791202376619609|126.9797502489418548_37.5793006189381842|126.9799873332334244_37.5799937943622950
2026-09-04T13:22:12.125893+09:00,북촌한옥마을,북촌한옥마을,POI066,KEY_2,1000014403,삼청로,1000023002,갤러리스케이프,126.9802726364854522_37.5809789975197504,1000022701,국군서울지구병원,126.9800209872343402_37.5800986304131186,100.0,15.0,서행,126.9800209872343402_37.5800986304131186|126.9802478003755937_37.5808503388031028|126.9802726364854522_37.5809789975197504
2026-09-04T13:22:12.125893+09:00,북촌한옥마을,북촌한옥마을,POI066,KEY_2,1000014500,창덕궁1길,1000088900,계동 140-16,126.9878476682862356_37.5794101883603631,1000022004,북촌1경,126.9891917052853216_37.5793601104971486,119.0,14.0,정체,126.9891917052853216_37.5793601104971486|126.9885772532278594_37.5793912379346011|126.9881446134938585_37.5794131530335278|126.9878476682862356_37.5794101883603631
2026-09-04T13:22:12.125893+09:00,북촌한옥마을,북촌한옥마을,POI066,KEY_2,1000014600,창덕궁1길,1000234800,계동 140-86,126.9867245271659613_37.5792908407173911,1000021902,재동초등학교앞교차로,126.9851742297151702_37.5791048269106014,140.0,15.0,서행,126.9851742297151702_37.5791048269106014|126.9852469017435794_37.5790943935501645|126.9854890351706871_37.5791147085421500|126.9857411784709598_37.5791656111606329|126.9863425963181811_37.5792870227705578|126.9867245271659613_37.5792908407173911
2026-09-04T13:22:12.125893+09:00,북촌한옥마을,북촌한옥마을,POI066,KEY_2,1000014700,북촌로5길,1000088600,재동 25-7,126.9846956415277077_37.5792531158054075,1000004602,아트선재센타,126.9822633488435173_37.5794968175353787,217.0,5.0,정체,126.9822633488435173_37.5794968175353787|126.9823491181884378_37.5794770462139454|126.9831043086073379_37.5794265902338225|126.9836111998907597_37.5794024285617070|126.9843075237738219_37.5793274055110444|126.9845584348345966_37.5792764558543553|126.9846956415277077_37.5792531158054075
2026-09-04T13:22:12.125893+09:00,북촌한옥마을,북촌한옥마을,POI066,KEY_2,1000014800,북촌로5길,1000004601,아트선재센타,126.9823007060969786_37.5796007692993683,1000021904,재동초등학교앞교차로,126.9849412214244495_37.5793218207986328,236.0,12.0,정체,126.9849412214244495_37.5793218207986328|126.9849408583969392_37.5793219631089599|126.9847240373197081_37.5793588468995097|126.9845894370426578_37.5793817437555475|126.9843335147772478_37.5794337109354046|126.9836243912640441_37.5795101126857958|126.9831140519790864_37.5795344388027459|126.9823739414034378_37.5795838870825634|126.9823007060969786_37.5796007692993683
2026-09-04T13:22:12.125893+09:00,북촌한옥마을,북촌한옥마을,POI066,KEY_2,1000015700,북촌로5길,1000042100,소격동 129-2,126.9811402027582403_37.5799080374455983,1000004604,아트선재센타,126.9821635225137584_37.5796494081435881,95.0,16.0,서행,126.9821635225137584_37.5796494081435881|126.9819590979485184_37.5797316730103290|126.9817617178907625_37.5797894351325041|126.9816972383664222_37.5798027094324709|126.9814029918968004_37.5798632849907435|126.9811402027582403_37.5799080374455983
2026-09-04T13:22:12.125893+09:00,북촌한옥마을,북촌한옥마을,POI066,KEY_2,1000015800,북촌로5길,1000110800,소격동 101-1,126.9816632165415768_37.5796980355060555,1000022702,국군서울지구병원,126.9799873332334244_37.5799937943622950,152.0,15.0,서행,126.9799873332334244_37.5799937943622950|126.9811117769615265_37.5798023119298961|126.9813717539606586_37.5797580385712706|126.9816632165415768_37.5796980355060555
2026-09-04T13:22:12.125893+09:00,북촌한옥마을,북촌한옥마을,POI066,KEY_2,1000016301,삼청로,1000023001,갤러리스케이프,126.9802926936486500_37.5811058372642535,1000023403,브라질대사관,126.9810263784892186_37.5815445739605920,82.0,13.0,정체,126.9810263784892186_37.5815445739605920|126.9809131169670025_37.5814523264612390|126.9807572607189741_37.5813324212478079|126.9805732045222584_37.5812254848848113|126.9805004045640970_37.5811831880586382|126.9802926936486500_37.5811058372642535
2026-09-04T13:22:12.125893+09:00,북촌한옥마을,북촌한옥마을,POI066,KEY_2,1000016302,삼청로,1000210000,팔판동 92-4,126.9816300289541431_37.5823353085312490,1000005403,삼청동사무소입구,126.9817700007639871_37.5838068173945885,168.0,19.0,서행,126.9817700007639871_37.5838068173945885|126.9817176007183690_37.5835777740102657|126.9817156895871761_37.5834761236459656|126.9817950795399071_37.5827568972120289|126.9817985139781484_37.5826659271347765|126.9817904338247558_37.5825963322516401|126.9817677049394717_37.5825265071541281|126.9817256020838556_37.5824414018078912|126.9816300289541431_37.5823353085312490
2026-09-04T13:22:12.125893+09:00,북촌한옥마을,북촌한옥마을,POI066,KEY_2,1000016401,삼청로,1000154400,소격동 5-2,126.9806533091713163_37.5811381602125181,1000023002,갤러리스케이프,126.9802726364854522_37.5809789975197504,38.0,16.0,서행,126.9802726364854522_37.5809789975197504|126.9805698902694644_37.5810896934890764|126.9806533091713163_37.5811381602125181
2026-09-04T13:22:12.125893+09:00,북촌한옥마을,북촌한옥마을,POI066,KEY_2,1000016402,삼청로,1000005402,삼청동사무소입구,126.9819036626585955_37.5837874507546630,1000023401,브라질대사관,126.9812038502894040_37.5815562759534103,266.0,20.0,서행,126.9812038502894040_37.5815562759534103|126.9814373883853733_37.5819115014553873|126.9815284353070695_37.5820369682808817|126.9817404422459219_37.5822723126744407|126.9818458380324842_37.5823893095989874|126.9818971476022540_37.5824930218311124|126.9819247050023563_37.5825776797982982|126.9819345601843281_37.5826625639023604|126.9819307590106661_37.5827632565478780|126.9818516381346711_37.5834800567387148|126.9818532755907228_37.5835672100760263|126.9819036626585955_37.5837874507546630
2026-09-04T13:22:12.125893+09:00,북촌한옥마을,북촌한옥마을,POI066,KEY_2,1000016500,청와대로,1000023004,갤러리스케이프,126.9801577660451670_37.5811184473203284,1000024202,퐁데자르갤러리,126.9792888757798295_37.5833973114764888,283.0,18.0,서행,126.9792888757798295_37.5833973114764888|126.9794326695444795_37.5833409548265038|126.9795985399564842_37.5832476848462562|126.9797349654737388_37.5831482053396115|126.9798535787143550_37.5830268942675616|126.9799783199628109_37.5828376834460514|126.9800830519028665_37.5826410034803118|126.9801523342807030_37.5824206537665262|126.9801756947906881_37.5821819448641676|126.9801669773254389_37.5812814489405298|126.9801611478268342_37.5811413659670990|126.9801577660451670_37.5811184473203284
2026-09-04T13:22:12.125893+09:00,북촌한옥마을,북촌한옥마을,POI066,KEY_2,1000016600,청와대로,1000024201,퐁데자르갤러리,126.9793488993760917_37.5834943060582702,1000023001,갤러리스케이프,126.9802926936486500_37.5811058372642535,298.0,30.7,원활,126.9802926936486500_37.5811058372642535|126.9802967397338023_37.5811332572089398|126.9803028147339035_37.5812792426264579|126.9803115922597812_37.5821857328606441|126.9802868960512399_37.5824380961232620|126.9802122748901070_37.5826754278464534|126.9801012249592418_37.5828839711424081|126.9799682487228267_37.5830856738696752|126.9798351717180509_37.5832217786991762|126.9796839720406183_37.5833320316592037|126.9795023111846888_37.5834341801086822|126.9793488993760917_37.5834943060582702
2026-09-04T13:22:12.125893+09:00,북촌한옥마을,북촌한옥마을,POI066,KEY_2,1000017300,청와대로,1000024203,퐁데자르갤러리,126.9791795136897292_37.5834335611764701,1000005202,효자동삼거리,126.9737472613430214_37.5835385999729326,486.0,26.7,원활,126.9737472613430214_37.5835385999729326|126.9739495073895483_37.5835089975692114|126.9741309391237110_37.5835057794776830|126.9743076583270351_37.5835171156289292|126.9752337920588730_37.5836985645955508|126.9754323254462349_37.5837264891222063|126.9757360888294073_37.5837476748394224|126.9763499836077330_37.5837643209452068|126.9766286175151322_37.5837433697827379|126.9789929139192566_37.5834750307908365|126.9791275283093626_37.5834477041164519|126.9791795136897292_37.5834335611764701
2026-09-04T13:22:12.125893+09:00,북촌한옥마을,북촌한옥마을,POI066,KEY_2,1000017400,청와대로,1000005201,효자동삼거리,126.9737718367323538_37.5836449359611962,1000024204,퐁데자르갤러리,126.9792234607305943_37.5835358668880062,488.0,24.0,서행,126.9792234607305943_37.5835358668880062|126.9791663527855263_37.5835514035953580|126.9790193732068246_37.5835812400857776|126.9766446063162135_37.5838507686442966|126.9763540772180477_37.5838726139501844|126.9757278388116646_37.5838556337628376|126.9754145390009228_37.5838337820068062|126.9752057008707880_37.5838044082914848|126.9742858206583094_37.5836241849198771|126.9741269844044211_37.5836139960176467|126.9739633976216311_37.5836168972867881|126.9737718367323538_37.5836449359611962
2026-09-04T13:22:12.125893+09:00,북촌한옥마을,북촌한옥마을,POI066,KEY_2,1000017600,삼청로7길,1000168300,삼청동 150-1,126.9807888773657254_37.5839280973940575,1000005404,삼청동사무소입구,126.9818004132621212_37.5839157131028259,89.0,21.5,서행,126.9818004132621212_37.5839157131028259|126.9815008960389804_37.5839085489495019|126.9807888773657254_37.5839280973940575
2026-09-04T13:22:12.125893+09:00,북촌한옥마을,북촌한옥마을,POI066,KEY_2,1000018301,북촌로,1000101500,가회동 1-168,126.9850236706118665_37.5827874950713436,1000024103,대한불교조계종안국선,126.9850355329563598_37.5832623916933670,53.0,14.0,정체,126.9850355329563598_37.5832623916933670|126.9850236706118665_37.5827874950713436
2026-09-04T13:22:12.125893+09:00,북촌한옥마을,북촌한옥마을,POI066,KEY_2,1000018302,북촌로,1000239600,가회동 1-250,126.9850538870515777_37.5840703753649237,1000025802,베트남대사관관저,126.9852744170840566_37.5863360502147970,264.0,25.0,원활,126.9852744170840566_37.5863360502147970|126.9854225406475905_37.5862215467540466|126.9854612721195082_37.5861804635502068|126.9854692166722714_37.5861615070491197|126.9854835391995778_37.5861273320341027|126.9854883320269181_37.5860386460853348|126.9854767822601076_37.5859465875107048|126.9854501121792936_37.5858656209973319|126.9851025691619526_37.5850827975937278|126.9850792320325041_37.5849836619781286|126.9850735481085025_37.5849004986931448|126.9850538870515777_37.5840703753649237
2026-09-04T13:22:12.125893+09:00,북촌한옥마을,북촌한옥마을,POI066,KEY_2,1000018303,북촌로,1000134600,삼청동 27-1,126.9830345595555485_37.5873874210896801,1000005802,삼청공원입구교차로,126.9817629372389973_37.5869393565507082,123.0,22.0,서행,126.9817629372389973_37.5869393565507082|126.9818503285177655_37.5869529767061579|126.9824132446797762_37.5871443261108524|126.9824860389382621_37.5871690704477928|126.9830345595555485_37.5873874210896801
2026-09-04T13:22:12.125893+09:00,북촌한옥마을,북촌한옥마을,POI066,KEY_2,1000018401,북촌로,1000109700,가회동 1-168,126.9850883294862882_37.5801433623240229,1000021901,재동초등학교앞교차로,126.9850860098677572_37.5792604403861148,98.0,18.0,서행,126.9850860098677572_37.5792604403861148|126.9850636853442580_37.5794280545368409|126.9850708428209742_37.5796350854461281|126.9850879859902477_37.5801309490906519|126.9850883294862882_37.5801433623240229
2026-09-04T13:22:12.125893+09:00,북촌한옥마을,북촌한옥마을,POI066,KEY_2,1000018402,북촌로,1000161100,계동 1-30,126.9855981013200932_37.5861957133021960,1000024101,대한불교조계종안국선,126.9851737974609733_37.5833683543644028,320.0,23.3,서행,126.9851737974609733_37.5833683543644028|126.9851772814684807_37.5835430555352872|126.9851897231882134_37.5840683377949034|126.9852093402149507_37.5848965424064545|126.9852144101615039_37.5849707163997167|126.9852341727705749_37.5850546680059026|126.9855801009655494_37.5858338499159856|126.9856109125878874_37.5859273911633238|126.9856244871780433_37.5860355822506662|126.9856184571485755_37.5861471406611187|126.9855981013200932_37.5861957133021960
2026-09-04T13:22:12.125893+09:00,북촌한옥마을,북촌한옥마을,POI066,KEY_2,1000018403,북촌로,1000045600,삼청동 25-25,126.9842930162338774_37.5868744097116547,1000025804,베트남대사관관저,126.9852588547533827_37.5864775547501324,97.0,22.0,서행,126.9852588547533827_37.5864775547501324|126.9843974414412884_37.5868629172304054|126.9842930162338774_37.5868744097116547
2026-09-04T13:22:12.125893+09:00,북촌한옥마을,북촌한옥마을,POI066,KEY_2,1000018700,삼청로,1000158100,삼청동 120-5,126.9816271173177711_37.5864194371847447,1000005803,삼청공원입구교차로,126.9816270732179078_37.5869388418446206,58.0,21.0,서행,126.9816270732179078_37.5869388418446206|126.9816286782915142_37.5866705766686380|126.9816271173177711_37.5864194371847447
2026-09-04T13:22:12.125893+09:00,북촌한옥마을,북촌한옥마을,POI066,KEY_2,1000018800,삼청로,1000005802,삼청공원입구교차로,126.9817629372389973_37.5869393565507082,1000005401,삼청동사무소입구,126.9819308867779455_37.5838855711679614,348.0,19.0,서행,126.9819308867779455_37.5838855711679614|126.9821032911359282_37.5843581996051483|126.9821729182241796_37.5845113952027390|126.9821895399777247_37.5845908572014835|126.9821835477451515_37.5846748234545416|126.9821529910542779_37.5848519477845642|126.9821273693467703_37.5852755277952255|126.9819245194376265_37.5857127755461562|126.9818086437971232_37.5859625457474067|126.9817611243974085_37.5861204257165156|126.9817629803821291_37.5864189022851320|126.9817645452935722_37.5866705671027574|126.9817629372389973_37.5869393565507082
2026-09-04T13:22:12.125893+09:00,북촌한옥마을,북촌한옥마을,POI066,KEY_2,1000020201,삼청로,1000258100,최소노드배치점,126.9826565286748661_37.5890646971555782,1000005801,삼청공원입구교차로,126.9817557087605167_37.5870484034326111,255.0,27.7,원활,126.9817557087605167_37.5870484034326111|126.9817486263342943_37.5871116673024233|126.9817780622410908_37.5873043071317454|126.9817822119406543_37.5873314642714718|126.9817861708161217_37.5874217371478281|126.9817381732127757_37.5876087102233924|126.9817315742594985_37.5876344161523406|126.9817121707744008_37.5879099808601893|126.9817190400840161_37.5881040043848458|126.9817304105136913_37.5881432497804369|126.9819098649019509_37.5883314502219932|126.9820182409422387_37.5884451075822241|126.9824555696576454_37.5887717597721505|126.9825600561912040_37.5888872870032174|126.9826486782866226_37.5890360674416470|126.9826565286748661_37.5890646971555782
2026-09-04T13:22:12.125893+09:00,북촌한옥마을,북촌한옥마을,POI066,KEY_2,1000031700,인사동길,1000200000,관훈동 177-1,126.9846248795644641_37.5741354335962896,1000017903,안국동로터리,126.9830393503038977_37.5755166265144283,209.0,13.0,정체,126.9830393503038977_37.5755166265144283|126.9832578502403493_37.5753718765763765|126.9833833057397072_37.5752802649537472|126.9833874257963799_37.5752759258947009|126.9838138538233210_37.5748268274858290|126.9839983126868219_37.5746325599944413|126.9840028137515446_37.5746278195686330|126.9841931260739045_37.5744516475788828|126.9843256891268339_37.5743491032214507|126.9843944674535408_37.5742999847176264|126.9846248795644641_37.5741354335962896
2026-09-04T13:22:12.125893+09:00,북촌한옥마을,북촌한옥마을,POI066,KEY_2,1000032800,율곡로2길,1000003001,서울지방국세청,126.9793545831470993_37.5744165416395930,1000019203,주한멕시코대사관,126.9811804454430160_37.5757381628755169,219.0,10.5,정체,126.9811804454430160_37.5757381628755169|126.9810303591040253_37.5755969856150003|126.9807533749140589_37.5754004466844975|126.9799767752529789_37.5748493879335896|126.9794405580789487_37.5744488693975143|126.9793869466254961_37.5744244737253723|126.9793545831470993_37.5744165416395930
2026-09-04T13:22:12.125893+09:00,북촌한옥마을,북촌한옥마을,POI066,KEY_2,1000033900,우정국로,1000017300,안국동사거리,126.9828039229332575_37.5749851341707171,1000018100,안국동사거리,126.9820370732549009_37.5756052331219763,102.0,12.0,정체,126.9820370732549009_37.5756052331219763|126.9822935365986751_37.5755095925525495|126.9827428871539610_37.5751967734075052|126.9827905797247212_37.5750539177611387|126.9828039229332575_37.5749851341707171
2026-09-04T13:22:12.125893+09:00,북촌한옥마을,북촌한옥마을,POI066,KEY_2,1000034900,율곡로,1000019401,경복궁,126.9801381644492011_37.5758813627365100,1000018200,경복궁,126.9792457576218681_37.5753789068622197,101.0,13.0,정체,126.9792457576218681_37.5753789068622197|126.9793355830232144_37.5754952608411301|126.9794316395642397_37.5755988334256017|126.9795071017629624_37.5756589212616419|126.9796274882100420_37.5757347490756146|126.9797877149027556_37.5758145479697703|126.9801381644492011_37.5758813627365100
2026-09-04T13:22:12.125893+09:00,북촌한옥마을,북촌한옥마을,POI066,KEY_2,1000035200,사직로,1000020200,경복궁,126.9786283706113750_37.5757946408291801,1000020600,대한출판문화협회,126.9794687888132074_37.5765544121067592,118.0,6.0,정체,126.9794687888132074_37.5765544121067592|126.9794368084534142_37.5764098329770562|126.9791960602808700_37.5761637733622180|126.9789750836954596_37.5759177176703147|126.9788694300669647_37.5758537146814078|126.9786283706113750_37.5757946408291801
2026-09-04T13:22:12.125893+09:00,북촌한옥마을,북촌한옥마을,POI066,KEY_2,1000035300,삼청로,1000021000,대한출판문화협회,126.9796046197648423_37.5765527706146756,1000020300,경복궁,126.9801205068413168_37.5759892604625989,93.0,16.0,서행,126.9801205068413168_37.5759892604625989|126.9797298312382878_37.5760780464987292|126.9796597331679635_37.5761137931100748|126.9796040049640879_37.5761795786155588|126.9796046197648423_37.5765527706146756
2026-09-04T13:22:12.125893+09:00,북촌한옥마을,북촌한옥마을,POI066,KEY_2,1000038000,북촌로5가길,1000023401,브라질대사관,126.9812038502894040_37.5815562759534103,1000004601,아트선재센타,126.9823007060969786_37.5796007692993683,250.0,7.0,정체,126.9823007060969786_37.5796007692993683|126.9822972536010894_37.5796292911074730|126.9823917024047972_37.5799273089699213|126.9823779765214056_37.5799764228013515|126.9821552192083942_37.5802224687814075|126.9819546456237020_37.5805311963954978|126.9817179917203873_37.5808954559517758|126.9816141551167590_37.5811617086964844|126.9815165107633987_37.5813307541008967|126.9814068792123862_37.5814306552793056|126.9812038502894040_37.5815562759534103
2026-09-04T13:22:12.125893+09:00,북촌한옥마을,북촌한옥마을,POI066,KEY_2,1000039100,창덕궁길,1000145700,가회동 11-149,126.9864376946197240_37.5830959611666202,1000024102,대한불교조계종안국선,126.9851713647794469_37.5832602427580653,114.0,13.0,정체,126.9851713647794469_37.5832602427580653|126.9854761281609683_37.5832527016222571|126.9857016172705642_37.5831925220697443|126.9860258673503353_37.5831672393821279|126.9864376946197240_37.5830959611666202
2026-09-04T13:22:12.125893+09:00,북촌한옥마을,북촌한옥마을,POI066,KEY_2,1000039200,창덕궁길,1000134400,원서동 2-2,126.9892407733604642_37.5829070876196951,1000022001,북촌1경,126.9893249216224547_37.5793389188440585,401.0,16.0,서행,126.9893249216224547_37.5793389188440585|126.9893432024728526_37.5794117077019152|126.9893374585478654_37.5795962855689609|126.9893189924063250_37.5801896786208189|126.9893532350689895_37.5809623190334960|126.9893738580933729_37.5812665958495344|126.9893978694693288_37.5816208620396139|126.9894570663397531_37.5819414687995632|126.9895023987834435_37.5821303841621628|126.9895105285284274_37.5822120284156327|126.9895040052748669_37.5823078791324363|126.9894734073156428_37.5824257182516135|126.9893881157924085_37.5826046082802492|126.9892904879125695_37.5827681919472880|126.9892407733604642_37.5829070876196951
2026-09-04T13:22:12.125893+09:00,북촌한옥마을,북촌한옥마을,POI066,KEY_2,1000040700,와룡공원길,1000253800,최소노드배치점,126.9879881469794896_37.5883603016045313,1000025801,베트남대사관관저,126.9853690834960531_37.5864136030075144,467.0,27.0,원활,126.9853690834960531_37.5864136030075144|126.9855026525219017_37.5865908087390252|126.9859522355681491_37.5872277127589811|126.9860686694551930_37.5875235765388354|126.9860870308064307_37.5876322375257814|126.9860653624489117_37.5879779828046452|126.9860758863282655_37.5880517816519557|126.9861332312026292_37.5881869210807054|126.9863613163946638_37.5886900646209909|126.9864770212350606_37.5888628765896513|126.9865535356519501_37.5889386984454390|126.9866484545570557_37.5889842543916757|126.9866865161106091_37.5889835018571148|126.9867575122499943_37.5889574360212890|126.9868568724144637_37.5888844721387372|126.9869692787548416_37.5886969862523941|126.9870663574523775_37.5886339824111033|126.9871830885473685_37.5886283080789241|126.9873689381485065_37.5886490608527382|126.9874389693339509_37.5886348840000935|126.9875587466999463_37.5885508782276005|126.9877150208619838_37.5883939939446208|126.9878346435790348_37.5883445823847993|126.9879479296750588_37.5883404016875460|126.9879881469794896_37.5883603016045313
2026-09-04T13:22:12.125893+09:00,서촌,서촌,POI067,KEY_3,1000017101,효자로,1000179100,궁정동 15,126.9716215222717182_37.5837476489689593,1000024402,신교동교차로,126.9704348699706884_37.5838048349006826,105.0,9.0,정체,126.9704348699706884_37.5838048349006826|126.9716215222717182_37.5837476489689593
2026-09-04T13:22:12.125893+09:00,서촌,서촌,POI067,KEY_3,1000011700,사직로,1000019303,정부서울청사사거리,126.9742603998069796_37.5757097304571062,1000019802,경복궁역사거리,126.9727094012703503_37.5758424186585529,138.0,6.0,정체,126.9727094012703503_37.5758424186585529|126.9729390930378230_37.5758227698022793|126.9733793101036952_37.5757851103966303|126.9742603998069796_37.5757097304571062
2026-09-04T13:22:12.125893+09:00,서촌,서촌,POI067,KEY_3,1000011800,사직로,1000242400,적선동 8-1,126.9733938280741512_37.5758926104395314,1000019304,정부서울청사사거리,126.9742589191568953_37.5758185992423250,77.0,8.0,정체,126.9742589191568953_37.5758185992423250|126.9733938280741512_37.5758926104395314
2026-09-04T13:22:12.125893+09:00,서촌,서촌,POI067,KEY_3,1000012501,사직로,1000020100,사직공원앞,126.9689331702207369_37.5757871464128712,1000020500,국제로타리3650지구,126.9699690365431621_37.5761370516852082,102.0,36.0,원활,126.9699690365431621_37.5761370516852082|126.9697496373347576_37.5761106821251332|126.9695368224083012_37.5760811684848406|126.9693318547466276_37.5760246401807407|126.9691683291127902_37.5759547479891722|126.9690171874282498_37.5758597156690257|126.9689331702207369_37.5757871464128712
2026-09-04T13:22:12.125893+09:00,서촌,서촌,POI067,KEY_3,1000012502,사직로,1000224600,내자동 35,126.9704050096786716_37.5761139325286422,1000019804,경복궁역사거리,126.9725583211622109_37.5759627912727225,191.0,29.0,원활,126.9725583211622109_37.5759627912727225|126.9704050096786716_37.5761139325286422
2026-09-04T13:22:12.125893+09:00,서촌,서촌,POI067,KEY_3,1000012602,사직로,1000224700,필운동 207-1,126.9703930773551974_37.5760062306696909,1000017801,사직공원앞교차로,126.9688995501142443_37.5755985551712186,147.0,7.0,정체,126.9688995501142443_37.5755985551712186|126.9690330692439915_37.5757138803615405|126.9691098168270997_37.5757801695158165|126.9692431458560407_37.5758640022225663|126.9693865754453270_37.5759253044264554|126.9695709408504030_37.5759761519635802|126.9697714418005745_37.5760039577088207|126.9699893215724700_37.5760301448416101|126.9702616329099527_37.5760154554650541|126.9703930773551974_37.5760062306696909
2026-09-04T13:22:12.125893+09:00,서촌,서촌,POI067,KEY_3,1000013100,사직로9길,1000172800,필운동 32-11,126.9676297869552286_37.5773403479924113,1000020804,사직공원,126.9690520892445704_37.5763687926038799,173.0,18.0,서행,126.9690520892445704_37.5763687926038799|126.9685560332300014_37.5765553062680198|126.9685048115022425_37.5765745651147824|126.9682524535478905_37.5766800895520205|126.9680839636594669_37.5767608552037373|126.9679796347772225_37.5768316045617183|126.9678939615713773_37.5769192101987102|126.9678540001803810_37.5769712588458873|126.9676631837378835_37.5772197909861916|126.9676406476160224_37.5772593636872401|126.9676297869552286_37.5773403479924113
2026-09-04T13:22:12.125893+09:00,서촌,서촌,POI067,KEY_3,1000013200,사직로9길,1000172900,필운동 32-11,126.9674947067161952_37.5773288730763042,1000021702,매동초등학교,126.9665695812889794_37.5780507264933661,147.0,8.0,정체,126.9665695812889794_37.5780507264933661|126.9669007139286805_37.5779062931324006|126.9675646417328352_37.5778158734480030|126.9675272780639261_37.5776768649993116|126.9674879332635697_37.5773793801130367|126.9674947067161952_37.5773288730763042
2026-09-04T13:22:12.125893+09:00,서촌,서촌,POI067,KEY_3,1000015101,효자로,1000219200,통의동 7-2,126.9738823732247113_37.5782737331220034,1000022103,한글전각갤러리,126.9737664393316123_37.5793405707998147,119.0,20.0,서행,126.9737664393316123_37.5793405707998147|126.9738823732247113_37.5782737331220034
2026-09-04T13:22:12.125893+09:00,서촌,서촌,POI067,KEY_3,1000015102,효자로,1000041400,창성동 16,126.9736432808576581_37.5805908651879150,1000023603,창성동 75-1,126.9736167411290211_37.5817495935669825,129.0,15.0,서행,126.9736167411290211_37.5817495935669825|126.9736341888375790_37.5807097019062013|126.9736432808576581_37.5805908651879150
2026-09-04T13:22:12.125893+09:00,서촌,서촌,POI067,KEY_3,1000015103,효자로,1000023604,세종로 1-82,126.9736148980526167_37.5818577441157089,1000005203,효자동삼거리,126.9736127255228695_37.5835625507457465,189.0,17.5,서행,126.9736127255228695_37.5835625507457465|126.9735913171579114_37.5832181223740136|126.9736148980526167_37.5818577441157089
2026-09-04T13:22:12.125893+09:00,서촌,서촌,POI067,KEY_3,1000015201,효자로,1000022102,한글전각갤러리,126.9739017858953645_37.5793498869892204,1000019301,정부서울청사사거리,126.9743957935852450_37.5758074664167268,396.0,26.0,원활,126.9743957935852450_37.5758074664167268|126.9743764184428017_37.5760755345660726|126.9743092662572082_37.5764778948295017|126.9741719066146146_37.5773009081164844|126.9741268698984413_37.5775378120208856|126.9740611119599407_37.5778837117652031|126.9740177174622744_37.5782830491677231|126.9739017858953645_37.5793498869892204
2026-09-04T13:22:12.125893+09:00,서촌,서촌,POI067,KEY_3,1000015202,효자로,1000023602,세종로 1-39,126.9737525850962072_37.5817510371078143,1000022101,한글전각갤러리,126.9738905991571443_37.5794569415239579,255.0,23.0,서행,126.9738905991571443_37.5794569415239579|126.9738519824120146_37.5798414672260890|126.9737879055856666_37.5804795024973970|126.9737788834196408_37.5805974360917929|126.9737699881223705_37.5807137109477551|126.9737525850962072_37.5817510371078143
2026-09-04T13:22:12.125893+09:00,서촌,서촌,POI067,KEY_3,1000015203,효자로,1000005202,효자동삼거리,126.9737472613430214_37.5835385999729326,1000023601,세종로 1-39,126.9737507411007016_37.5818592353335603,186.0,19.3,서행,126.9737507411007016_37.5818592353335603|126.9737272227124265_37.5832161948422154|126.9737472613430214_37.5835385999729326
2026-09-04T13:22:12.125893+09:00,서촌,서촌,POI067,KEY_3,1000015301,자하문로,1000076000,통의동 73-1,126.9718349935423021_37.5780828518930079,1000022503,리안갤러리,126.9713323775752372_37.5794446079368853,158.0,17.0,서행,126.9713323775752372_37.5794446079368853|126.9713955110976968_37.5791270137985762|126.9714746554084002_37.5788753862231246|126.9715598075865159_37.5786553696062313|126.9715915417818906_37.5785893478648205|126.9718349935423021_37.5780828518930079
2026-09-04T13:22:12.125893+09:00,서촌,서촌,POI067,KEY_3,1000015302,자하문로,1000053200,창성동 163,126.9710140964178322_37.5808424098074312,1000023203,효자동사무소앞교차로,126.9708450370815314_37.5814524532384127,69.0,28.0,원활,126.9708450370815314_37.5814524532384127|126.9710140964178322_37.5808424098074312
2026-09-04T13:22:12.125893+09:00,서촌,서촌,POI067,KEY_3,1000015303,자하문로,1000204500,효자동 4-2,126.9702899471897268_37.5833214295289793,1000024403,신교동교차로,126.9702998364025035_37.5837863498341065,52.0,29.0,원활,126.9702998364025035_37.5837863498341065|126.9703050502139376_37.5836834288735204|126.9702899471897268_37.5833214295289793
2026-09-04T13:22:12.125893+09:00,서촌,서촌,POI067,KEY_3,1000015401,자하문로,1000140900,통의동 139,126.9725715057905830_37.5765777524989346,1000019801,경복궁역사거리,126.9726968257656665_37.5759522364072183,70.0,17.5,서행,126.9726968257656665_37.5759522364072183|126.9726385507227491_37.5763288934255186|126.9725895796281208_37.5765259070172135|126.9725715057905830_37.5765777524989346
2026-09-04T13:22:12.125893+09:00,서촌,서촌,POI067,KEY_3,1000015402,자하문로,1000172000,창성동 163,126.9714182708217436_37.5796955468538201,1000022501,리안갤러리,126.9714473753110866_37.5795557790706951,16.0,16.0,서행,126.9714473753110866_37.5795557790706951|126.9714182708217436_37.5796955468538201
2026-09-04T13:22:12.125893+09:00,서촌,서촌,POI067,KEY_3,1000015403,자하문로,1000024402,신교동교차로,126.9704348699706884_37.5838048349006826,1000023201,효자동사무소앞교차로,126.9709509591519208_37.5815723472420373,254.0,16.0,서행,126.9709509591519208_37.5815723472420373|126.9707841597674474_37.5821754431325132|126.9706783778710388_37.5824973418818544|126.9706403038144913_37.5825914055628658|126.9704838660099995_37.5829778896126427|126.9704374478816078_37.5831438761179228|126.9704356331519790_37.5831585594092914|126.9704232618846902_37.5832586573173870|126.9704257312769897_37.5833178415591007|126.9704410010707107_37.5836838125807873|126.9704348699706884_37.5838048349006826
2026-09-04T13:22:12.125893+09:00,서촌,서촌,POI067,KEY_3,1000017102,효자로,1000005203,효자동삼거리,126.9736127255228695_37.5835625507457465,1000024302,효자동 136-1,126.9727651070645038_37.5836899468878016,76.0,8.0,정체,126.9727651070645038_37.5836899468878016|126.9730868519890805_37.5836617458525453|126.9732850493551410_37.5836358134354498|126.9736127255228695_37.5835625507457465
2026-09-04T13:22:12.125893+09:00,서촌,서촌,POI067,KEY_3,1000017201,효자로,1000024401,신교동교차로,126.9704231472952358_37.5839137166392874,1000024304,효자동 136-1,126.9726445962887738_37.5838066534172555,197.0,17.0,서행,126.9726445962887738_37.5838066534172555|126.9725182675997104_37.5838127429855859|126.9716297350931740_37.5838555701006740|126.9704231472952358_37.5839137166392874
2026-09-04T13:22:12.125893+09:00,서촌,서촌,POI067,KEY_3,1000017202,효자로,1000024301,효자동 136-1,126.9727799801869850_37.5837974155542724,1000005204,효자동삼거리,126.9736494719598028_37.5836666397267720,78.0,8.0,정체,126.9736494719598028_37.5836666397267720|126.9733145338289120_37.5837415255394376|126.9731053220007908_37.5837688997887582|126.9727799801869850_37.5837974155542724
2026-09-04T13:22:12.125893+09:00,서촌,서촌,POI067,KEY_3,1000017300,청와대로,1000024203,퐁데자르갤러리,126.9791795136897292_37.5834335611764701,1000005202,효자동삼거리,126.9737472613430214_37.5835385999729326,486.0,26.7,원활,126.9737472613430214_37.5835385999729326|126.9739495073895483_37.5835089975692114|126.9741309391237110_37.5835057794776830|126.9743076583270351_37.5835171156289292|126.9752337920588730_37.5836985645955508|126.9754323254462349_37.5837264891222063|126.9757360888294073_37.5837476748394224|126.9763499836077330_37.5837643209452068|126.9766286175151322_37.5837433697827379|126.9789929139192566_37.5834750307908365|126.9791275283093626_37.5834477041164519|126.9791795136897292_37.5834335611764701
2026-09-04T13:22:12.125893+09:00,서촌,서촌,POI067,KEY_3,1000017400,청와대로,1000005201,효자동삼거리,126.9737718367323538_37.5836449359611962,1000024204,퐁데자르갤러리,126.9792234607305943_37.5835358668880062,488.0,24.0,서행,126.9792234607305943_37.5835358668880062|126.9791663527855263_37.5835514035953580|126.9790193732068246_37.5835812400857776|126.9766446063162135_37.5838507686442966|126.9763540772180477_37.5838726139501844|126.9757278388116646_37.5838556337628376|126.9754145390009228_37.5838337820068062|126.9752057008707880_37.5838044082914848|126.9742858206583094_37.5836241849198771|126.9741269844044211_37.5836139960176467|126.9739633976216311_37.5836168972867881|126.9737718367323538_37.5836449359611962
2026-09-04T13:22:12.125893+09:00,서촌,서촌,POI067,KEY_3,1000017902,자하문로,1000024404,신교동교차로,126.9702887008230903_37.5838981643713623,1000005503,청운초등학교앞교차로,126.9701124524852531_37.5850192577998712,125.0,13.0,정체,126.9701124524852531_37.5850192577998712|126.9702068507207429_37.5843551986274846|126.9702248195549572_37.5842438489710702|126.9702887008230903_37.5838981643713623
2026-09-04T13:22:12.125893+09:00,서촌,서촌,POI067,KEY_3,1000018001,자하문로,1000024502,청운효자동주민센터,126.9703592344808527_37.5842595801432040,1000024401,신교동교차로,126.9704231472952358_37.5839137166392874,39.0,23.0,서행,126.9704231472952358_37.5839137166392874|126.9703592344808527_37.5842595801432040
2026-09-04T13:22:12.125893+09:00,서촌,서촌,POI067,KEY_3,1000018101,창의문로,1000024602,로마교황청대사관,126.9728457675683160_37.5845703909657871,1000024301,효자동 136-1,126.9727799801869850_37.5837974155542724,86.0,28.0,원활,126.9727799801869850_37.5837974155542724|126.9728572081485680_37.5843908508877078|126.9728457675683160_37.5845703909657871
2026-09-04T13:22:12.125893+09:00,서촌,서촌,POI067,KEY_3,1000018201,창의문로,1000024304,효자동 136-1,126.9726445962887738_37.5838066534172555,1000024603,로마교황청대사관,126.9727100809917175_37.5845649151704748,85.0,12.0,정체,126.9727100809917175_37.5845649151704748|126.9727209921497462_37.5843936990613798|126.9726445962887738_37.5838066534172555
2026-09-04T13:22:12.125893+09:00,서촌,서촌,POI067,KEY_3,1000034400,새문안로3길,1000018004,서울특별시경찰청,126.9726181216856418_37.5753302820372284,1000019803,경복궁역사거리,126.9725722748504069_37.5758532725264089,58.0,24.0,서행,126.9725722748504069_37.5758532725264089|126.9726181216856418_37.5753302820372284
2026-09-04T13:22:12.125893+09:00,서촌,서촌,POI067,KEY_3,1000034500,새문안로3길,1000019802,경복궁역사거리,126.9727094012703503_37.5758424186585529,1000018001,서울특별시경찰청,126.9727536370288590_37.5753378072978137,56.0,20.0,서행,126.9727536370288590_37.5753378072978137|126.9727094012703503_37.5758424186585529
2026-09-04T13:22:12.125893+09:00,서촌,서촌,POI067,KEY_3,1000035400,사직로,1000020100,사직공원앞,126.9689331702207369_37.5757871464128712,1000020803,사직공원,126.9690172718299976_37.5762610183806203,55.0,18.0,서행,126.9690172718299976_37.5762610183806203|126.9690176590465711_37.5762534996242081|126.9690431103298778_37.5760029129733368|126.9690094967434533_37.5758696498175411|126.9689331702207369_37.5757871464128712
2026-09-04T13:22:12.125893+09:00,서촌,서촌,POI067,KEY_3,1000035500,사직로,1000020801,사직공원,126.9691784887291703_37.5763212667803046,1000020500,국제로타리3650지구,126.9699690365431621_37.5761370516852082,78.0,18.7,서행,126.9699690365431621_37.5761370516852082|126.9697686833340384_37.5761518351769652|126.9695718138024176_37.5761510649457975|126.9693875998096928_37.5761855767635140|126.9692863070662412_37.5761999828963127|126.9692525167726984_37.5762788253313573|126.9691826010248263_37.5763148742371911|126.9691784887291703_37.5763212667803046
2026-09-04T13:22:12.125893+09:00,서촌,서촌,POI067,KEY_3,1000035900,필운대로,1000224400,필운동 90-7,126.9695040668394768_37.5777922111372149,1000020801,사직공원,126.9691784887291703_37.5763212667803046,166.0,18.0,서행,126.9691784887291703_37.5763212667803046|126.9691969462868855_37.5763828936023430|126.9693405611889006_37.5771403942365367|126.9694408943809663_37.5774874192730906|126.9695029274274418_37.5777725792624508|126.9695040668394768_37.5777922111372149
2026-09-04T13:22:12.125893+09:00,서촌,서촌,POI067,KEY_3,1000036000,필운대로,1000020804,사직공원,126.9690520892445704_37.5763687926038799,1000022203,남전빌라,126.9687138280531968_37.5793704536666908,349.0,20.0,서행,126.9687138280531968_37.5793704536666908|126.9687546239317584_37.5790779267177939|126.9687829273219251_37.5789505291486492|126.9688385080072521_37.5788210169326575|126.9689658751803734_37.5786287179888490|126.9692731652074116_37.5782171287653526|126.9693442324946773_37.5781067907773121|126.9693468981465116_37.5780984483779292|126.9693693129710539_37.5780282990733383|126.9693744364591055_37.5779018476733455|126.9693683636006085_37.5777971997568017|126.9693676174400707_37.5777843418463888|126.9693076730202250_37.5775087806212724|126.9692070091942071_37.5771606129258373|126.9690637051114095_37.5764047484192787|126.9690520892445704_37.5763687926038799
2026-09-04T13:22:12.125893+09:00,서촌,서촌,POI067,KEY_3,1000036700,자하문로9길,1000022303,동아일보(안국센터),126.9695424142532403_37.5793993909012940,1000022202,남전빌라,126.9688488504917387_37.5793823807096530,61.0,17.0,서행,126.9688488504917387_37.5793823807096530|126.9695424142532403_37.5793993909012940
2026-09-04T13:22:12.125893+09:00,서촌,서촌,POI067,KEY_3,1000036800,자하문로9길,1000022201,남전빌라,126.9688328252975538_37.5794901579994871,1000022304,동아일보(안국센터),126.9695382302678865_37.5795074586415865,62.0,14.0,정체,126.9695382302678865_37.5795074586415865|126.9688328252975538_37.5794901579994871
2026-09-04T13:22:12.125893+09:00,서촌,서촌,POI067,KEY_3,1000036900,자하문로10길,1000142800,통의동 111,126.9720203025743501_37.5794190653061619,1000022502,리안갤러리,126.9714692086950407_37.5794481827133779,49.0,10.5,정체,126.9714692086950407_37.5794481827133779|126.9715679753719257_37.5794508267448819|126.9720203025743501_37.5794190653061619
2026-09-04T13:22:12.125893+09:00,서촌,서촌,POI067,KEY_3,1000037000,자하문로10길,1000142900,창성동 130-12,126.9720322425473000_37.5795267662096677,1000022104,한글전각갤러리,126.9737551795793422_37.5794483274217725,153.0,16.0,서행,126.9737551795793422_37.5794483274217725|126.9735697636163820_37.5794379905376914|126.9730629180689760_37.5794543875836595|126.9720322425473000_37.5795267662096677
2026-09-04T13:22:12.125893+09:00,서촌,서촌,POI067,KEY_3,1000037100,자하문로9길,1000022503,리안갤러리,126.9713323775752372_37.5794446079368853,1000022302,동아일보(안국센터),126.9696990031626882_37.5794032615336278,144.0,13.0,정체,126.9696990031626882_37.5794032615336278|126.9713323775752372_37.5794446079368853
2026-09-04T13:22:12.125893+09:00,서촌,서촌,POI067,KEY_3,1000037200,자하문로9길,1000022301,동아일보(안국센터),126.9696946832067397_37.5795113265124883,1000022504,리안갤러리,126.9713104107569848_37.5795522254932521,143.0,13.0,정체,126.9713104107569848_37.5795522254932521|126.9696946832067397_37.5795113265124883
2026-09-04T13:22:12.125893+09:00,서촌,서촌,POI067,KEY_3,1000037500,필운대로,1000022204,남전빌라,126.9686980571639339_37.5794765258018728,1000022803,송림빌딩,126.9685356882712739_37.5804932238092491,114.0,19.0,서행,126.9685356882712739_37.5804932238092491|126.9686980571639339_37.5794765258018728
2026-09-04T13:22:12.125893+09:00,서촌,서촌,POI067,KEY_3,1000037600,필운대로,1000022802,송림빌딩,126.9686741950003608_37.5804834577350633,1000022201,남전빌라,126.9688328252975538_37.5794901579994871,111.0,17.0,서행,126.9688328252975538_37.5794901579994871|126.9686741950003608_37.5804834577350633
2026-09-04T13:22:12.125893+09:00,서촌,서촌,POI067,KEY_3,1000037800,자하문로7길,1000022801,송림빌딩,126.9686578562488535_37.5805965200529855,1000022301,동아일보(안국센터),126.9696946832067397_37.5795113265124883,155.0,9.0,정체,126.9696946832067397_37.5795113265124883|126.9692692652712935_37.5800624706534165|126.9690151109681864_37.5803873097957108|126.9688630090200832_37.5805354967659397|126.9687973192017267_37.5805736734474465|126.9686578562488535_37.5805965200529855
2026-09-04T13:22:12.125893+09:00,서촌,서촌,POI067,KEY_3,1000038100,필운대로,1000022804,송림빌딩,126.9685209429991062_37.5806007274706673,1000023103,에프피디,126.9684342930284089_37.5813501306001712,84.0,16.0,서행,126.9684342930284089_37.5813501306001712|126.9685049891164823_37.5807387077675088|126.9685209429991062_37.5806007274706673
2026-09-04T13:22:12.125893+09:00,서촌,서촌,POI067,KEY_3,1000038200,필운대로,1000241300,옥인동 97-1,126.9686402708510542_37.5807486148447012,1000022801,송림빌딩,126.9686578562488535_37.5805965200529855,17.0,19.0,서행,126.9686578562488535_37.5805965200529855|126.9686402708510542_37.5807486148447012
2026-09-04T13:22:12.125893+09:00,서촌,서촌,POI067,KEY_3,1000038300,자하문로17길,1000225200,통인동 36-3,126.9688857136933535_37.5813167023331687,1000023102,에프피디,126.9685736564711362_37.5813247519515699,28.0,12.0,정체,126.9685736564711362_37.5813247519515699|126.9685749712024005_37.5813245125327882|126.9688857136933535_37.5813167023331687
2026-09-04T13:22:12.125893+09:00,서촌,서촌,POI067,KEY_3,1000038400,자하문로17길,1000076600,옥인동 19-26,126.9700897400566646_37.5814884057875389,1000023204,효자동사무소앞교차로,126.9708156731310424_37.5815585293292997,65.0,14.0,정체,126.9708156731310424_37.5815585293292997|126.9700897400566646_37.5814884057875389
2026-09-04T13:22:12.125893+09:00,서촌,서촌,POI067,KEY_3,1000038500,옥인길,1000180200,옥인동 181-10,126.9642459909743053_37.5820107022262775,1000023802,옥인시범아파트,126.9630428521217311_37.5823319085405387,114.0,15.0,서행,126.9630428521217311_37.5823319085405387|126.9634311160631910_37.5822119657700284|126.9638040801608554_37.5821856320575094|126.9638258846782577_37.5821842503104477|126.9639076755914573_37.5821241187128265|126.9640327536944255_37.5820567418513178|126.9642459909743053_37.5820107022262775
2026-09-04T13:22:12.125893+09:00,서촌,서촌,POI067,KEY_3,1000038600,옥인길,1000069500,옥인동 110-1,126.9680003538320960_37.5805898185397709,1000022804,송림빌딩,126.9685209429991062_37.5806007274706673,46.0,14.0,정체,126.9685209429991062_37.5806007274706673|126.9683671770248168_37.5805899174079840|126.9680003538320960_37.5805898185397709
2026-09-04T13:22:12.125893+09:00,서촌,서촌,POI067,KEY_3,1000038700,자하문로16길,1000172200,창성동 90-1,126.9717327455699944_37.5815185120166007,1000023202,효자동사무소앞교차로,126.9709802887062438_37.5814664128165106,67.0,19.0,서행,126.9709802887062438_37.5814664128165106|126.9711685133139412_37.5814868866181371|126.9717224467045895_37.5815159289932978|126.9717327455699944_37.5815185120166007
2026-09-04T13:22:12.125893+09:00,서촌,서촌,POI067,KEY_3,1000038800,자하문로16길,1000068600,효자동 158-3,126.9730842997045812_37.5818361876427218,1000023604,세종로 1-82,126.9736148980526167_37.5818577441157089,47.0,10.0,정체,126.9736148980526167_37.5818577441157089|126.9732424959569812_37.5818454811704967|126.9730842997045812_37.5818361876427218
2026-09-04T13:22:12.125893+09:00,서촌,서촌,POI067,KEY_3,1000039300,필운대로,1000069600,옥인동 24-2,126.9680470023112520_37.5821075252462720,1000023101,에프피디,126.9685342880232355_37.5814428341535844,86.0,18.0,서행,126.9685342880232355_37.5814428341535844|126.9684759826139953_37.5814965813299722|126.9683288819594651_37.5817502410309743|126.9681719575950041_37.5819491441507481|126.9680470023112520_37.5821075252462720
2026-09-04T13:22:12.125893+09:00,서촌,서촌,POI067,KEY_3,1000039400,필운대로,1000157200,신교동 10-2,126.9694797901877337_37.5840007368938416,1000024404,신교동교차로,126.9702887008230903_37.5838981643713623,73.0,14.0,정체,126.9702887008230903_37.5838981643713623|126.9702525079941466_37.5838876996520881|126.9701811117037664_37.5838899539430642|126.9697766764469833_37.5839520242591547|126.9697121775833182_37.5839619230231463|126.9694797901877337_37.5840007368938416
2026-09-04T13:22:12.125893+09:00,성수카페거리,성수카페거리,POI068,KEY_4,1030007102,성수일로,1030090500,성수동1가 14-22,127.0500497846464754_37.5457251894821411,1030002603,경동초등교입구교차로,127.0502646094481776_37.5462577464320475,62.0,11.3,정체,127.0502646094481776_37.5462577464320475|127.0500497846464754_37.5457251894821411
2026-09-04T13:22:12.125893+09:00,성수카페거리,성수카페거리,POI068,KEY_4,1030007202,성수일로,1030090400,성수동2가 276-5,127.0501790706398992_37.5456921266287651,1030012601,경동초교오거리,127.0496733755156384_37.5442307671763373,168.0,9.0,정체,127.0496733755156384_37.5442307671763373|127.0497212170377708_37.5443631248183181|127.0499300180839839_37.5450095261678314|127.0501646242803133_37.5456563134568739|127.0501790706398992_37.5456921266287651
2026-09-04T13:22:12.125893+09:00,성수카페거리,성수카페거리,POI068,KEY_4,1030005301,성수이로,1030101200,성수동2가 331-178,127.0550821086010416_37.5394988488500658,1030010703,갤러리까르찌나,127.0561816633971404_37.5421553809868200,310.0,10.0,정체,127.0561816633971404_37.5421553809868200|127.0557526736894971_37.5411339142652452|127.0557239227858446_37.5410654544732481|127.0553170924106041_37.5400832535740463|127.0552972968159366_37.5400354608421907|127.0550821086010416_37.5394988488500658
2026-09-04T13:22:12.125893+09:00,성수카페거리,성수카페거리,POI068,KEY_4,1030005302,성수이로,1030073200,성수동2가 276-5,127.0568177720555667_37.5436940280859019,1030002203,성수역앞교차로,127.0570347466332066_37.5442328886752179,63.0,8.3,정체,127.0570347466332066_37.5442328886752179|127.0569509882276407_37.5440193491518812|127.0568177720555667_37.5436940280859019
2026-09-04T13:22:12.125893+09:00,성수카페거리,성수카페거리,POI068,KEY_4,1030005402,성수이로,1030073300,성수동2가 276-5,127.0569468700353042_37.5436605114481381,1030010701,갤러리까르찌나,127.0563519556657468_37.5422201231263841,168.0,10.0,정체,127.0563519556657468_37.5422201231263841|127.0565888381958075_37.5427861677397772|127.0569468700353042_37.5436605114481381
2026-09-04T13:22:12.125893+09:00,성수카페거리,성수카페거리,POI068,KEY_4,1030006700,아차산로,1030155100,최소노드배치점,127.0605345627924692_37.5431769314548376,1030002202,성수역앞교차로,127.0571620452814585_37.5441947558812004,319.0,12.0,정체,127.0571620452814585_37.5441947558812004|127.0596780069787854_37.5434366092217857|127.0605345627924692_37.5431769314548376
2026-09-04T13:22:12.125893+09:00,성수카페거리,성수카페거리,POI068,KEY_4,1030006800,아차산로,1030155200,최소노드배치점,127.0605828789987299_37.5432779751978245,1040017704,성수사거리,127.0639614752629001_37.5422536244032941,319.0,24.5,서행,127.0639614752629001_37.5422536244032941|127.0605828789987299_37.5432779751978245
2026-09-04T13:22:12.125893+09:00,성수카페거리,성수카페거리,POI068,KEY_4,1030007101,성수일로,1030058800,성수동1가 656-6,127.0494476137624815_37.5439902196161697,1030012603,경동초교오거리,127.0495158134506823_37.5441849133654415,22.0,11.3,정체,127.0495158134506823_37.5441849133654415|127.0494476137624815_37.5439902196161697
2026-09-04T13:22:12.125893+09:00,성수카페거리,성수카페거리,POI068,KEY_4,1030007501,아차산로,1030014203,성수동2가 289-36,127.0539586731564441_37.5451536346176411,1030002602,경동초등교입구교차로,127.0503914838047592_37.5462187041797151,337.0,18.0,서행,127.0503914838047592_37.5462187041797151|127.0523124049013006_37.5456446551002117|127.0539586731564441_37.5451536346176411
2026-09-04T13:22:12.125893+09:00,성수카페거리,성수카페거리,POI068,KEY_4,1030007502,아차산로,1030002203,성수역앞교차로,127.0570347466332066_37.5442328886752179,1030014202,성수동2가 289-36,127.0540851813006498_37.5451156524000069,278.0,20.0,서행,127.0540851813006498_37.5451156524000069|127.0551155584557677_37.5448042641446307|127.0552432926114363_37.5447659621741821|127.0570347466332066_37.5442328886752179
2026-09-04T13:22:12.125893+09:00,성수카페거리,성수카페거리,POI068,KEY_4,1030007601,아차산로,1030002601,경동초등교입구교차로,127.0504329599087896_37.5463217931361726,1030014204,성수동2가 289-30,127.0540063077144595_37.5452548832955628,337.0,12.5,정체,127.0540063077144595_37.5452548832955628|127.0523600803686293_37.5457458918457476|127.0504329599087896_37.5463217931361726
2026-09-04T13:22:12.125893+09:00,성수카페거리,성수카페거리,POI068,KEY_4,1030007602,아차산로,1030014201,성수동2가 289-30,127.0541333653158063_37.5452167369424359,1030013104,제일빌딩,127.0551637436607280_37.5449053482710156,97.0,15.0,서행,127.0551637436607280_37.5449053482710156|127.0541333653158063_37.5452167369424359
2026-09-04T13:22:12.125893+09:00,성수카페거리,성수카페거리,POI068,KEY_4,1030007603,아차산로,1030013101,제일빌딩,127.0552908264291858_37.5448672411363233,1030002204,성수역앞교차로,127.0570737295237649_37.5443367120808986,168.0,20.0,서행,127.0570737295237649_37.5443367120808986|127.0552908264291858_37.5448672411363233
2026-09-04T13:22:12.125893+09:00,성수카페거리,성수카페거리,POI068,KEY_4,1030008501,성수이로,1030002204,성수역앞교차로,127.0570737295237649_37.5443367120808986,1030013503,한국창업경제신문,127.0572046441045018_37.5448312398540978,56.0,8.0,정체,127.0572046441045018_37.5448312398540978|127.0571171648273179_37.5444570554124013|127.0570737295237649_37.5443367120808986
2026-09-04T13:22:12.125893+09:00,성수카페거리,성수카페거리,POI068,KEY_4,1030008502,성수이로,1030013504,한국창업경제신문,127.0572313244105942_37.5449387006975996,1030015303,성수동2가 289-30,127.0576054505362151_37.5463843181490162,164.0,18.0,서행,127.0576054505362151_37.5463843181490162|127.0572313244105942_37.5449387006975996
2026-09-04T13:22:12.125893+09:00,성수카페거리,성수카페거리,POI068,KEY_4,1030008601,성수이로,1030013502,한국창업경제신문,127.0573338133080341_37.5447929467852788,1030002201,성수역앞교차로,127.0572012394779193_37.5442985484642762,56.0,12.0,정체,127.0572012394779193_37.5442985484642762|127.0572494690148631_37.5444321733197555|127.0573338133080341_37.5447929467852788
2026-09-04T13:22:12.125893+09:00,성수카페거리,성수카페거리,POI068,KEY_4,1030008602,성수이로,1030015302,성수동2가 289-30,127.0577384472191653_37.5463624968232850,1030013501,한국창업경제신문,127.0573600869082753_37.5449005282458117,166.0,14.0,정체,127.0573600869082753_37.5449005282458117|127.0577384472191653_37.5463624968232850
2026-09-04T13:22:12.125893+09:00,성수카페거리,성수카페거리,POI068,KEY_4,1030009102,아차산로,1030016003,뚝섬역(서울2호선),127.0466946591980104_37.5474024880960968,1030017102,뚝섬역앞교차로,127.0445619470601031_37.5480557481142156,202.0,26.0,원활,127.0445619470601031_37.5480557481142156|127.0446249032181640_37.5480437882236018|127.0458005883487971_37.5477079881317337|127.0466946591980104_37.5474024880960968
2026-09-04T13:22:12.125893+09:00,성수카페거리,성수카페거리,POI068,KEY_4,1030009103,아차산로,1030015603,뚝섬미술관,127.0485988749721571_37.5467876679392063,1030016002,뚝섬역(서울2호선),127.0468607627340276_37.5473483609669358,166.0,23.0,서행,127.0468607627340276_37.5473483609669358|127.0485988749721571_37.5467876679392063
2026-09-04T13:22:12.125893+09:00,성수카페거리,성수카페거리,POI068,KEY_4,1030009104,아차산로,1030002603,경동초등교입구교차로,127.0502646094481776_37.5462577464320475,1030015602,뚝섬미술관,127.0487523357495689_37.5467383237563368,144.0,17.0,서행,127.0487523357495689_37.5467383237563368|127.0502646094481776_37.5462577464320475
2026-09-04T13:22:12.125893+09:00,성수카페거리,성수카페거리,POI068,KEY_4,1030009203,아차산로,1030016300,뚝섬역1번출구,127.0458502973536099_37.5478085500334871,1030015604,뚝섬미술관,127.0486498669871906_37.5468878757781184,268.0,26.0,원활,127.0486498669871906_37.5468878757781184|127.0469117528058831_37.5474485695482230|127.0467481960743328_37.5475018476119402|127.0458502973536099_37.5478085500334871
2026-09-04T13:22:12.125893+09:00,성수카페거리,성수카페거리,POI068,KEY_4,1030009204,아차산로,1030015601,뚝섬미술관,127.0488026707037932_37.5468387411565701,1030002604,경동초등교입구교차로,127.0503061250636279_37.5463609661244959,143.0,25.5,원활,127.0503061250636279_37.5463609661244959|127.0488026707037932_37.5468387411565701
2026-09-04T13:22:12.125893+09:00,성수카페거리,성수카페거리,POI068,KEY_4,1030010600,성수일로,1030129800,성수동2가 289-30,127.0506496017160885_37.5468618000411780,1030002601,경동초등교입구교차로,127.0504329599087896_37.5463217931361726,63.0,13.7,정체,127.0504329599087896_37.5463217931361726|127.0506496017160885_37.5468618000411780
2026-09-04T13:22:12.125893+09:00,성수카페거리,성수카페거리,POI068,KEY_4,1030023302,성수이로16길,1030037901,성수동2가 816-4,127.0621568721912524_37.5392269336933992,1030037801,속성변화점,127.0604922348733794_37.5399737831362117,173.0,13.0,정체,127.0604922348733794_37.5399737831362117|127.0618595275038842_37.5395244777699517|127.0621167614787623_37.5392508297864680|127.0621568721912524_37.5392269336933992
2026-09-04T13:22:12.125893+09:00,성수카페거리,성수카페거리,POI068,KEY_4,1030023401,뚝섬로17길,1030074400,성수동2가 269-236,127.0598357008560555_37.5390819065168984,1030037802,속성변화점,127.0604272390665699_37.5401121045390269,126.0,16.0,서행,127.0604272390665699_37.5401121045390269|127.0600046535807337_37.5394385874640051|127.0598475191505088_37.5391161993069318|127.0598357008560555_37.5390819065168984
2026-09-04T13:22:12.125893+09:00,성수카페거리,성수카페거리,POI068,KEY_4,1030023402,성수이로16길,1030037802,속성변화점,127.0604272390665699_37.5401121045390269,1030037902,성수동2가 250-7,127.0622137260167790_37.5393281047465095,185.0,10.0,정체,127.0622137260167790_37.5393281047465095|127.0619458477006418_37.5396130764986964|127.0604272390665699_37.5401121045390269
2026-09-04T13:22:12.125893+09:00,성수카페거리,성수카페거리,POI068,KEY_4,1030025200,연무장길,1030130600,성수동2가 275-24,127.0580091136766612_37.5415980110375500,1030010702,갤러리까르찌나,127.0563089149059834_37.5421174674703337,161.0,10.0,정체,127.0563089149059834_37.5421174674703337|127.0580091136766612_37.5415980110375500
2026-09-04T13:22:12.125893+09:00,성수카페거리,성수카페거리,POI068,KEY_4,1030025300,연무장길,1030082400,성수동2가 275-24,127.0594801592498300_37.5412693964118844,1040016704,성수동2가 276-5,127.0628163093967800_37.5402655849892426,315.0,7.0,정체,127.0628163093967800_37.5402655849892426|127.0621978736841697_37.5404485565288084|127.0615071171166619_37.5406572039244466|127.0595653770350850_37.5412436909119265|127.0594801592498300_37.5412693964118844
2026-09-04T13:22:12.125893+09:00,성수카페거리,성수카페거리,POI068,KEY_4,1030026201,뚝섬로5길,1030007907,성수동2가333-84,127.0511418059016080_37.5419733463633918,1030008301,성수동1가 276-34,127.0505209099312509_37.5400671167226250,219.0,17.0,서행,127.0505209099312509_37.5400671167226250|127.0507009988581331_37.5406931957032413|127.0507129685465060_37.5407249042804665|127.0508491504052273_37.5410856579620003|127.0508645474510132_37.5411323611306713|127.0509856790272210_37.5414997819916394|127.0511418059016080_37.5419733463633918
2026-09-04T13:22:12.125893+09:00,성수카페거리,성수카페거리,POI068,KEY_4,1030026202,뚝섬로5길,1030153900,최소노드배치점,127.0539358567467474_37.5415236710096067,1030007907,성수동2가333-84,127.0511418059016080_37.5419733463633918,279.0,12.0,정체,127.0511418059016080_37.5419733463633918|127.0533057566949822_37.5419987135351718|127.0535888319341069_37.5420086775092159|127.0535916655420721_37.5420074544678215|127.0539384595522705_37.5415398732796817|127.0539362246359900_37.5415239464283061|127.0539358567467474_37.5415236710096067
2026-09-04T13:22:12.125893+09:00,성수카페거리,성수카페거리,POI068,KEY_4,1030026301,뚝섬로5길,1030154000,최소노드배치점,127.0540288655895154_37.5414448991232348,1030007902,성원중학교,127.0518167576303341_37.5397389713006930,272.0,17.0,서행,127.0518167576303341_37.5397389713006930|127.0519510862119006_37.5398521095855244|127.0531043952893810_37.5407527892537374|127.0540288655895154_37.5414448991232348
2026-09-04T13:22:12.125893+09:00,성수카페거리,성수카페거리,POI068,KEY_4,1030026302,뚝섬로5길,1030058200,성수동1가 694-3,127.0508543466555835_37.5415272349326870,1030007908,성수동2가333-84,127.0510408429570361_37.5420318807305975,59.0,13.0,정체,127.0510408429570361_37.5420318807305975|127.0510093731079735_37.5419974645077161|127.0508543466555835_37.5415272349326870
2026-09-04T13:22:12.125893+09:00,성수카페거리,성수카페거리,POI068,KEY_4,1030027500,연무장길,1030046400,성수동1가 16-11,127.0498135853201518_37.5440720015569482,1030012602,경동초교오거리,127.0496362503706678_37.5441262961726352,17.0,5.0,정체,127.0496362503706678_37.5441262961726352|127.0498135853201518_37.5440720015569482
2026-09-04T13:22:12.125893+09:00,성수카페거리,성수카페거리,POI068,KEY_4,1030027600,연무장길,1030056400,성수동2가 314-20,127.0513077026240580_37.5437303719044237,1030010704,갤러리까르찌나,127.0562246716134780_37.5422579759689938,464.0,10.0,정체,127.0562246716134780_37.5422579759689938|127.0545637037083964_37.5427394156326670|127.0541726371046565_37.5428610368981666|127.0532280717800546_37.5431468348450679|127.0526780596860021_37.5433132479891327|127.0519993710612709_37.5435185892961556|127.0513077026240580_37.5437303719044237
2026-09-04T13:22:12.125893+09:00,성수카페거리,성수카페거리,POI068,KEY_4,1030030200,성수일로8길,1030013503,한국창업경제신문,127.0572046441045018_37.5448312398540978,1030014702,롯데캐슬파크아파트,127.0555171066052367_37.5453315049633218,159.0,19.0,서행,127.0555171066052367_37.5453315049633218|127.0572046441045018_37.5448312398540978
2026-09-04T13:22:12.125893+09:00,성수카페거리,성수카페거리,POI068,KEY_4,1030030300,성수일로8길,1030014701,롯데캐슬파크아파트,127.0555644840728888_37.5454328297893198,1030013504,한국창업경제신문,127.0572313244105942_37.5449387006975996,157.0,10.0,정체,127.0572313244105942_37.5449387006975996|127.0555644840728888_37.5454328297893198
2026-09-04T13:22:12.125893+09:00,성수카페거리,성수카페거리,POI068,KEY_4,1030030400,아차산로.성수일로8길,1030014702,롯데캐슬파크아파트,127.0555171066052367_37.5453315049633218,1030013101,제일빌딩,127.0552908264291858_37.5448672411363233,55.0,21.5,서행,127.0552908264291858_37.5448672411363233|127.0555171066052367_37.5453315049633218
2026-09-04T13:22:12.125893+09:00,성수카페거리,성수카페거리,POI068,KEY_4,1030030500,아차산로.성수일로8길,1030013104,제일빌딩,127.0551637436607280_37.5449053482710156,1030014703,롯데캐슬파크아파트,127.0553898422885766_37.5453692393267602,55.0,24.0,서행,127.0553898422885766_37.5453692393267602|127.0551637436607280_37.5449053482710156
2026-09-04T13:22:12.125893+09:00,성수카페거리,성수카페거리,POI068,KEY_4,1030030800,아차산로7길,1030014802,성수미술관,127.0543504174999470_37.5456774935109223,1030014201,성수동2가 289-30,127.0541333653158063_37.5452167369424359,55.0,10.0,정체,127.0541333653158063_37.5452167369424359|127.0543504174999470_37.5456774935109223
2026-09-04T13:22:12.125893+09:00,성수카페거리,성수카페거리,POI068,KEY_4,1030030900,아차산로7길,1030014204,성수동2가 289-30,127.0540063077144595_37.5452548832955628,1030014803,성수미술관,127.0542232774579929_37.5457154645452462,55.0,4.0,정체,127.0542232774579929_37.5457154645452462|127.0540063077144595_37.5452548832955628
2026-09-04T13:22:12.125893+09:00,성수카페거리,성수카페거리,POI068,KEY_4,1030031000,성수일로8길,1030014703,롯데캐슬파크아파트,127.0553898422885766_37.5453692393267602,1030014802,성수미술관,127.0543504174999470_37.5456774935109223,98.0,12.5,정체,127.0543504174999470_37.5456774935109223|127.0553898422885766_37.5453692393267602
2026-09-04T13:22:12.125893+09:00,성수카페거리,성수카페거리,POI068,KEY_4,1030031100,성수일로8길,1030014801,성수미술관,127.0543982553893017_37.5457786826499387,1030014704,롯데캐슬파크아파트,127.0554372382108852_37.5454705586781685,98.0,9.0,정체,127.0554372382108852_37.5454705586781685|127.0543982553893017_37.5457786826499387
2026-09-04T13:22:12.125893+09:00,성수카페거리,성수카페거리,POI068,KEY_4,1030031200,상원1길,1030091200,성수동1가 9-9,127.0475389473704695_37.5463909592910170,1030016003,뚝섬역(서울2호선),127.0466946591980104_37.5474024880960968,136.0,6.0,정체,127.0466946591980104_37.5474024880960968|127.0467667964252172_37.5472315847214801|127.0468079071165732_37.5471725962568641|127.0475389473704695_37.5463909592910170
2026-09-04T13:22:12.125893+09:00,성수카페거리,성수카페거리,POI068,KEY_4,1030031300,상원1길,1030092700,성수동1가 656-596,127.0491527603527828_37.5449023730718565,1030012604,경동초교오거리,127.0495606160925774_37.5443097282205116,75.0,9.0,정체,127.0495606160925774_37.5443097282205116|127.0495429811575576_37.5443262001981850|127.0494710750145373_37.5444208496823464|127.0493422255462690_37.5446591584226965|127.0492106063175726_37.5448424117116630|127.0491527603527828_37.5449023730718565
2026-09-04T13:22:12.125893+09:00,성수카페거리,성수카페거리,POI068,KEY_4,1030031800,아차산로7길,1030015802,성수2가3동주민센터,127.0551108236613373_37.5472806334136706,1030014801,성수미술관,127.0543982553893017_37.5457786826499387,178.0,7.0,정체,127.0543982553893017_37.5457786826499387|127.0551108236613373_37.5472806334136706
2026-09-04T13:22:12.125893+09:00,성수카페거리,성수카페거리,POI068,KEY_4,1030031900,아차산로7길,1030014804,성수미술관,127.0542712260709806_37.5458168891166935,1030015803,성수2가3동주민센터,127.0549936974906160_37.5473397187022684,181.0,11.0,정체,127.0549936974906160_37.5473397187022684|127.0542712260709806_37.5458168891166935
2026-09-04T13:22:12.125893+09:00,성수카페거리,성수카페거리,POI068,KEY_4,1030035200,상원길,1030106300,성수동1가 13-219,127.0486061067635859_37.5475435639625346,1030015601,뚝섬미술관,127.0488026707037932_37.5468387411565701,80.0,13.0,정체,127.0488026707037932_37.5468387411565701|127.0486061067635859_37.5475435639625346
2026-09-04T13:22:12.125893+09:00,성수카페거리,성수카페거리,POI068,KEY_4,1040001301,동일로,1040000604,영동대교북단교차로,127.0610526784373917_37.5373122223369862,1030037901,성수동2가 816-4,127.0621568721912524_37.5392269336933992,234.0,7.0,정체,127.0621568721912524_37.5392269336933992|127.0611551294457797_37.5374646790849980|127.0610526784373917_37.5373122223369862
2026-09-04T13:22:12.125893+09:00,성수카페거리,성수카페거리,POI068,KEY_4,1040001303,동일로,1030123900,성수동2가 276-5,127.0636134955508538_37.5416490130212281,1040017703,성수사거리,127.0639050895056812_37.5421550277301534,62.0,29.3,원활,127.0639050895056812_37.5421550277301534|127.0636134955508538_37.5416490130212281
2026-09-04T13:22:12.125893+09:00,성수카페거리,성수카페거리,POI068,KEY_4,1040001304,동일로,1030037902,성수동2가 250-7,127.0622137260167790_37.5393281047465095,1040015802,영동대교고가차도(북측),127.0623811726308219_37.5394948679126799,24.0,14.0,정체,127.0623811726308219_37.5394948679126799|127.0622166959724524_37.5393334314916913|127.0622137260167790_37.5393281047465095
2026-09-04T13:22:12.125893+09:00,성수카페거리,성수카페거리,POI068,KEY_4,1040001305,동일로,1030151300,성수동2가 250-7,127.0624969443109649_37.5397001913100041,1040016703,성수동2가 276-5,127.0627600875261436_37.5401668764377092,57.0,34.0,원활,127.0627600875261436_37.5401668764377092|127.0624969443109649_37.5397001913100041
2026-09-04T13:22:12.125893+09:00,성수카페거리,성수카페거리,POI068,KEY_4,1040001401,동일로,1040015801,영동대교고가차도(북측),127.0625052128641386_37.5394503728433619,1040000601,영동대교북단교차로,127.0613146223214329_37.5372437064079918,267.0,30.0,원활,127.0613146223214329_37.5372437064079918|127.0613988379963502_37.5373690267760622|127.0624191875248812_37.5391674512574340|127.0624742122687110_37.5392650416171847|127.0625052128641386_37.5394503728433619
2026-09-04T13:22:12.125893+09:00,성수카페거리,성수카페거리,POI068,KEY_4,1040001402,동일로,1040016702,자양동 24-10,127.0628863220353537_37.5401267628382485,1040015801,영동대교고가차도(북측),127.0625052128641386_37.5394503728433619,82.0,10.0,정체,127.0625052128641386_37.5394503728433619|127.0626209903454509_37.5396558553713575|127.0628863220353537_37.5401267628382485
2026-09-04T13:22:12.125893+09:00,성수카페거리,성수카페거리,POI068,KEY_4,1040001403,동일로,1040136200,자양동 23-9,127.0637369066414379_37.5416039221817570,1040016701,자양동 24-10,127.0629424504767826_37.5402252363948463,168.0,7.0,정체,127.0629424504767826_37.5402252363948463|127.0637369066414379_37.5416039221817570
2026-09-04T13:22:12.125893+09:00,성수카페거리,성수카페거리,POI068,KEY_4,1040011000,아차산로,1040140700,최소노드배치점,127.0672902949043674_37.5410070020582083,1040017702,성수사거리,127.0640311954609132_37.5421146116750606,313.0,19.0,서행,127.0640311954609132_37.5421146116750606|127.0672609375260862_37.5410170619344754|127.0672902949043674_37.5410070020582083
2026-09-04T13:22:12.125893+09:00,성수카페거리,성수카페거리,POI068,KEY_4,1040026800,동일로,1030154600,최소노드배치점,127.0610289490025622_37.5371433839890969,1040015802,영동대교고가차도(북측),127.0623811726308219_37.5394948679126799,287.0,47.0,원활,127.0623811726308219_37.5394948679126799|127.0612160481458659_37.5374407538958650|127.0610904233777774_37.5372538118366208|127.0610289490025622_37.5371433839890969
2026-09-04T13:22:12.125893+09:00,성수카페거리,성수카페거리,POI068,KEY_4,1040029200,동일로18길,1040130400,자양동 16-35,127.0636162082404610_37.5398770706210243,1040016702,자양동 24-10,127.0628863220353537_37.5401267628382485,70.0,15.5,서행,127.0628863220353537_37.5401267628382485|127.0636162082404610_37.5398770706210243
2026-09-04T13:22:12.125893+09:00,성수카페거리,성수카페거리,POI068,KEY_4,1040042400,동일로,1040133600,화양동 50-7,127.0643751852390722_37.5427205809451507,1040017701,성수사거리,127.0640874503661450_37.5422130496247988,62.0,15.0,서행,127.0640874503661450_37.5422130496247988|127.0643751852390722_37.5427205809451507
2026-09-04T13:22:12.125893+09:00,송리단길·호수단길,송리단길·호수단길,POI121,KEY_1,1230020704,백제고분로,1230037104,신도빌딩,127.1113205737348011_37.5089721229789319,1230038703,방이사거리,127.1121447508134281_37.5103227955162382,167.0,26.0,원활,127.1121447508134281_37.5103227955162382|127.1113205737348011_37.5089721229789319
2026-09-04T13:22:12.125893+09:00,송리단길·호수단길,송리단길·호수단길,POI121,KEY_1,1230002901,송파대로,1230403000,석촌동 323,127.1079092974091509_37.5043480585392359,1230001503,석촌역사거리,127.1071785823462221_37.5051497573641299,110.0,20.3,서행,127.1071785823462221_37.5051497573641299|127.1079092974091509_37.5043480585392359
2026-09-04T13:22:12.125893+09:00,송리단길·호수단길,송리단길·호수단길,POI121,KEY_1,1230003102,송파대로,1230412500,석촌동 209,127.1044792274671522_37.5081049831544888,1230036703,석촌호수앞교차로,127.1039824947923051_37.5086487529905597,75.0,16.0,서행,127.1039824947923051_37.5086487529905597|127.1044792274671522_37.5081049831544888
2026-09-04T13:22:12.125893+09:00,송리단길·호수단길,송리단길·호수단길,POI121,KEY_1,1230003202,송파대로,1230374800,송파동 69,127.1062313433935884_37.5063706298099575,1230001501,석촌역사거리,127.1072109621140953_37.5052981513314023,147.0,20.0,서행,127.1072109621140953_37.5052981513314023|127.1062313433935884_37.5063706298099575
2026-09-04T13:22:12.125893+09:00,송리단길·호수단길,송리단길·호수단길,POI121,KEY_1,1230003300,송파대로,1230036704,석촌호수앞교차로,127.1039028911642674_37.5087367936795530,1230001703,석촌호수앞교차로,127.1017878219228550_37.5111046223331428,323.0,39.0,원활,127.1017878219228550_37.5111046223331428|127.1039028911642674_37.5087367936795530
2026-09-04T13:22:12.125893+09:00,송리단길·호수단길,송리단길·호수단길,POI121,KEY_1,1230003400,송파대로,1230001702,석촌호수앞교차로,127.1019076941057762_37.5111569141952117,1230036701,석촌호수앞교차로,127.1040028890472797_37.5088113302377195,320.0,6.0,정체,127.1040028890472797_37.5088113302377195|127.1019076941057762_37.5111569141952117
2026-09-04T13:22:12.125893+09:00,송리단길·호수단길,송리단길·호수단길,POI121,KEY_1,1230017104,백제고분로,1230030504,석촌동주민센터,127.1032847802360806_37.5038619289310020,1230031102,석촌지하차도(동측),127.1046857627125632_37.5042645101804695,133.0,25.5,원활,127.1046857627125632_37.5042645101804695|127.1044083485424636_37.5042361486825016|127.1034318138435708_37.5039319569095682|127.1032847802360806_37.5038619289310020
2026-09-04T13:22:12.125893+09:00,송리단길·호수단길,송리단길·호수단길,POI121,KEY_1,1230017105,백제고분로,1230408300,석촌동 208,127.1063402833136706_37.5048772465737272,1230001504,석촌역사거리,127.1070984507477277_37.5052375718930762,78.0,24.0,서행,127.1070984507477277_37.5052375718930762|127.1063402833136706_37.5048772465737272
2026-09-04T13:22:12.125893+09:00,송리단길·호수단길,송리단길·호수단길,POI121,KEY_1,1230018100,삼학사로,1230399400,삼전동 152,127.0971851736833997_37.5058146183606098,1230034303,석촌호교차로,127.0972427646003808_37.5065427063586085,81.0,16.5,서행,127.0972427646003808_37.5065427063586085|127.0971851736833997_37.5058146183606098
2026-09-04T13:22:12.125893+09:00,송리단길·호수단길,송리단길·호수단길,POI121,KEY_1,1230020300,석촌호수로,1230425400,최소노드배치점,127.1008735740489470_37.5071235777689509,1230036704,석촌호수앞교차로,127.1039028911642674_37.5087367936795530,323.0,20.0,서행,127.1039028911642674_37.5087367936795530|127.1030871966188158_37.5081804312170775|127.1027814029224459_37.5079972621807372|127.1027257780679207_37.5079698553039691|127.1018874551534168_37.5075568002840285|127.1015021632143061_37.5073921700333557|127.1008735740489470_37.5071235777689509
2026-09-04T13:22:12.125893+09:00,송리단길·호수단길,송리단길·호수단길,POI121,KEY_1,1230020400,석촌호수로,1230369400,석촌동 191,127.0987703823118125_37.5064112799268017,1230034302,석촌호교차로,127.0973765618586384_37.5065150079019958,125.0,17.0,서행,127.0973765618586384_37.5065150079019958|127.0976452744375536_37.5064483289197952|127.0979269591683192_37.5064090615062042|127.0982641563232818_37.5063794736021237|127.0986308344447906_37.5063986405236136|127.0987703823118125_37.5064112799268017
2026-09-04T13:22:12.125893+09:00,송리단길·호수단길,송리단길·호수단길,POI121,KEY_1,1230020702,백제고분로,1230001501,석촌역사거리,127.1072109621140953_37.5052981513314023,1230034004,송파1동주민센터,127.1088655538812588_37.5063711660504993,189.0,11.0,정체,127.1088655538812588_37.5063711660504993|127.1081423911864619_37.5058679402322923|127.1078766893419214_37.5057054024290366|127.1072109621140953_37.5052981513314023
2026-09-04T13:22:12.125893+09:00,송리단길·호수단길,송리단길·호수단길,POI121,KEY_1,1230020703,백제고분로,1230379600,송파동 65,127.1103575111599184_37.5077338034744230,1230037103,신도빌딩,127.1112559046677433_37.5088767942406491,150.0,13.0,정체,127.1112559046677433_37.5088767942406491|127.1106628130731337_37.5080966789885863|127.1105723711036433_37.5079891819933167|127.1103575111599184_37.5077338034744230
2026-09-04T13:22:12.125893+09:00,송리단길·호수단길,송리단길·호수단길,POI121,KEY_1,1230020802,백제고분로,1230380600,송파동 1-1,127.1079593458693466_37.5056196474404473,1230001502,석촌역사거리,127.1072907892475996_37.5052106659885780,75.0,12.0,정체,127.1072907892475996_37.5052106659885780|127.1079593458693466_37.5056196474404473
2026-09-04T13:22:12.125893+09:00,송리단길·호수단길,송리단길·호수단길,POI121,KEY_1,1230020803,백제고분로,1230374600,송파동 1-10,127.1106851121904526_37.5079289853775180,1230034002,송파1동주민센터,127.1090542359617643_37.5063612342065085,227.0,21.0,서행,127.1090542359617643_37.5063612342065085|127.1092969398728911_37.5065416094445183|127.1103283201647685_37.5075049084885492|127.1104702520797503_37.5076736070397345|127.1106851121904526_37.5079289853775180
2026-09-04T13:22:12.125893+09:00,송리단길·호수단길,송리단길·호수단길,POI121,KEY_1,1230020804,백제고분로,1230038702,방이사거리,127.1122582668871672_37.5102615124608363,1230037101,신도빌딩,127.1114426409161240_37.5089248551582415,165.0,13.0,정체,127.1114426409161240_37.5089248551582415|127.1122582668871672_37.5102615124608363
2026-09-04T13:22:12.125893+09:00,송리단길·호수단길,송리단길·호수단길,POI121,KEY_1,1230022100,오금로,1230367600,송파동 3-15,127.1135151757795256_37.5095306777973931,1230038702,방이사거리,127.1122582668871672_37.5102615124608363,138.0,28.0,원활,127.1122582668871672_37.5102615124608363|127.1125345987760653_37.5100795617425007|127.1131362332325097_37.5097427951161677|127.1135151757795256_37.5095306777973931
2026-09-04T13:22:12.125893+09:00,송리단길·호수단길,송리단길·호수단길,POI121,KEY_1,1230023701,석촌호수로,1230036701,석촌호수앞교차로,127.1040028890472797_37.5088113302377195,1230038204,수림빌딩,127.1051505452613100_37.5097264956549949,144.0,8.0,정체,127.1051505452613100_37.5097264956549949|127.1048424116308126_37.5094807866672255|127.1040028890472797_37.5088113302377195
2026-09-04T13:22:12.125893+09:00,송리단길·호수단길,송리단길·호수단길,POI121,KEY_1,1230023801,석촌호수로,1230383600,송파동 60,127.1049384312716057_37.5094043721425194,1230036702,석촌호수앞교차로,127.1040831324389728_37.5087223370806129,107.0,17.0,서행,127.1040831324389728_37.5087223370806129|127.1049384312716057_37.5094043721425194
2026-09-04T13:22:12.125893+09:00,송리단길·호수단길,송리단길·호수단길,POI121,KEY_1,1230023802,석촌호수로,1230380500,송파동 61,127.1061749184303977_37.5103810412995244,1230038202,수림빌딩,127.1053428869681454_37.5097263595970531,103.0,23.0,서행,127.1053428869681454_37.5097263595970531|127.1061749184303977_37.5103810412995244
2026-09-04T13:22:12.125893+09:00,송리단길·호수단길,송리단길·호수단길,POI121,KEY_1,1230023803,석촌호수로,1230041503,방이삼거리,127.1081921675338720_37.5119304002947942,1230039702,송파동 62,127.1071007108080408_37.5111082344274962,133.0,5.0,정체,127.1071007108080408_37.5111082344274962|127.1080242959557012_37.5118163213665241|127.1081921675338720_37.5119304002947942
2026-09-04T13:22:12.125893+09:00,송리단길·호수단길,송리단길·호수단길,POI121,KEY_1,1230024301,오금로,1230038703,방이사거리,127.1121447508134281_37.5103227955162382,1230039102,송파동 63,127.1111596082041189_37.5107203252610688,98.0,7.0,정체,127.1111596082041189_37.5107203252610688|127.1121447508134281_37.5103227955162382
2026-09-04T13:22:12.125893+09:00,송리단길·호수단길,송리단길·호수단길,POI121,KEY_1,1230024302,오금로,1230384900,송파동 62,127.1086886760872829_37.5117147904571766,1230041503,방이삼거리,127.1081921675338720_37.5119304002947942,50.0,29.0,원활,127.1081921675338720_37.5119304002947942|127.1083902263657990_37.5118348937114661|127.1086886760872829_37.5117147904571766
2026-09-04T13:22:12.125893+09:00,송리단길·호수단길,송리단길·호수단길,POI121,KEY_1,1230024401,오금로,1230418600,방이동 95-2,127.1089129889832350_37.5117456548715751,1230038704,방이사거리,127.1122045332657819_37.5104198722678603,326.0,32.0,원활,127.1122045332657819_37.5104198722678603|127.1112209404749507_37.5108167767394178|127.1110993930582396_37.5108657544525386|127.1089129889832350_37.5117456548715751
2026-09-04T13:22:12.125893+09:00,송리단길·호수단길,송리단길·호수단길,POI121,KEY_1,1230026801,백제고분로,1230392100,방이동 1,127.1132825222936447_37.5119110717846382,1230038701,방이사거리,127.1123196324729321_37.5103613805438485,192.0,16.0,서행,127.1123196324729321_37.5103613805438485|127.1132825222936447_37.5119110717846382
2026-09-04T13:22:12.125893+09:00,송리단길·호수단길,송리단길·호수단길,POI121,KEY_1,1230066800,백제고분로,1230420900,최소노드배치점,127.1020075911652043_37.5034155122325359,1230031102,석촌지하차도(동측),127.1046857627125632_37.5042645101804695,255.0,52.3,원활,127.1046857627125632_37.5042645101804695|127.1032055646133756_37.5037916422219624|127.1020075911652043_37.5034155122325359
2026-09-04T13:22:12.125893+09:00,송리단길·호수단길,송리단길·호수단길,POI121,KEY_1,1230073600,백제고분로41길,1230362400,송파동 74,127.1055839132151277_37.5093570558199474,1230038203,수림빌딩,127.1052465652364560_37.5096500807059527,44.0,11.0,정체,127.1052465652364560_37.5096500807059527|127.1053208564511436_37.5095948198186591|127.1055839132151277_37.5093570558199474
2026-09-04T13:22:12.125893+09:00,송리단길·호수단길,송리단길·호수단길,POI121,KEY_1,1230074600,백제고분로45길,1230389500,송파동 80,127.1105001379963824_37.5092557763212895,1230038002,청원빌딩,127.1102116389035928_37.5094004430019652,30.0,8.0,정체,127.1102116389035928_37.5094004430019652|127.1105001379963824_37.5092557763212895
2026-09-04T13:22:12.125893+09:00,송리단길·호수단길,송리단길·호수단길,POI121,KEY_1,1230074700,백제고분로45길,1230415900,송파동 80,127.1109042025177871_37.5091809150388968,1230037104,신도빌딩,127.1113205737348011_37.5089721229789319,43.0,15.5,서행,127.1113205737348011_37.5089721229789319|127.1109042025177871_37.5091809150388968
2026-09-04T13:22:12.125893+09:00,송리단길·호수단길,송리단길·호수단길,POI121,KEY_1,1230076000,오금로18길,1230404700,송파동 80,127.1108701645754735_37.5103349829974491,1230038001,청원빌딩,127.1102839409552985_37.5094919443537549,107.0,15.0,서행,127.1102839409552985_37.5094919443537549|127.1108670913662877_37.5103308915455216|127.1108701645754735_37.5103349829974491
2026-09-04T13:22:12.125893+09:00,송리단길·호수단길,송리단길·호수단길,POI121,KEY_1,1230076100,오금로18길,1230404800,송파동 81,127.1107536956244104_37.5103904983532033,1230039103,송파동 63,127.1110381891797374_37.5107692507720287,49.0,5.0,정체,127.1110381891797374_37.5107692507720287|127.1107536956244104_37.5103904983532033
2026-09-04T13:22:12.125893+09:00,송리단길·호수단길,송리단길·호수단길,POI121,KEY_1,1230076200,백제고분로45길,1230414400,송파동 83,127.1074305390192620_37.5108125123386174,1230039703,송파동 61,127.1070007103191557_37.5110307962144418,45.0,18.5,서행,127.1070007103191557_37.5110307962144418|127.1074305390192620_37.5108125123386174
2026-09-04T13:22:12.125893+09:00,송리단길·호수단길,송리단길·호수단길,POI121,KEY_1,1230076300,백제고분로45길,1230397400,송파동 80,127.1098883650349052_37.5096925018756622,1230038004,청원빌딩,127.1101690988289334_37.5095499223446183,29.0,16.0,서행,127.1101690988289334_37.5095499223446183|127.1098883650349052_37.5096925018756622
2026-09-04T13:22:12.125893+09:00,신촌 스타광장,신촌 스타광장,POI122,KEY_2,1130053700,신촌로,1130027600,신촌로터리,126.9375535313722594_37.5552189146085595,1130026300,신촌로터리,126.9370076539618566_37.5545626830804551,87.0,9.0,정체,126.9370076539618566_37.5545626830804551|126.9375535313722594_37.5552189146085595
2026-09-04T13:22:12.125893+09:00,신촌 스타광장,신촌 스타광장,POI122,KEY_2,1120003201,명물길,1120098800,창천동 18-54,126.9375123444595204_37.5575602259048438,1120004502,현대백화점유플렉스(신촌점),126.9369730969373080_37.5572180933913842,61.0,8.0,정체,126.9369730969373080_37.5572180933913842|126.9371287798259686_37.5572890262117483|126.9374266006236667_37.5574960038265644|126.9375123444595204_37.5575602259048438
2026-09-04T13:22:12.125893+09:00,신촌 스타광장,신촌 스타광장,POI122,KEY_2,1120003301,연세로,1120004504,현대백화점유플렉스(신촌점),126.9368371308242018_37.5572889150469535,1120004803,창천동 30-18,126.9368510014508757_37.5588996821571541,179.0,14.5,정체,126.9368510014508757_37.5588996821571541|126.9368340470399659_37.5574372784594317|126.9368371308242018_37.5572889150469535
2026-09-04T13:22:12.125893+09:00,신촌 스타광장,신촌 스타광장,POI122,KEY_2,1120003401,연세로,1120004802,창천동 30-18,126.9369867245719377_37.5588913341097239,1120004501,현대백화점유플렉스(신촌점),126.9369718556757505_37.5573421030471337,172.0,10.0,정체,126.9369718556757505_37.5573421030471337|126.9369698696455231_37.5574376736014486|126.9369867245719377_37.5588913341097239
2026-09-04T13:22:12.125893+09:00,신촌 스타광장,신촌 스타광장,POI122,KEY_2,1120014200,신촌로,1130028200,신촌로터리,126.9362638695840104_37.5553903889948231,1120004300,현대백화점(신촌점),126.9368030588893959_37.5556219621744134,57.0,13.0,정체,126.9368030588893959_37.5556219621744134|126.9367619707854544_37.5555447886619120|126.9365015572182216_37.5554290301989795|126.9362638695840104_37.5553903889948231
2026-09-04T13:22:12.125893+09:00,신촌 스타광장,신촌 스타광장,POI122,KEY_2,1120014300,연세로5길,1120004503,현대백화점유플렉스(신촌점),126.9368363451414297_37.5571751207012667,1130028301,신촌현대백화점,126.9352769143878135_37.5557459412116970,218.0,14.5,정체,126.9352769143878135_37.5557459412116970|126.9355227188717095_37.5561809513214655|126.9356969741435961_37.5564893345166482|126.9357357833693243_37.5565340280943047|126.9357546442551836_37.5565557486909398|126.9367282221445237_37.5571473890112912|126.9368363451414297_37.5571751207012667
2026-09-04T13:22:12.125893+09:00,신촌 스타광장,신촌 스타광장,POI122,KEY_2,1120014400,연세로5길,1120046000,창천동 53-47,126.9356240685518031_37.5565955099592088,1120004504,현대백화점유플렉스(신촌점),126.9368371308242018_37.5572889150469535,133.0,5.0,정체,126.9368371308242018_37.5572889150469535|126.9366643652368651_37.5572446039108812|126.9356551527703942_37.5566313071096900|126.9356240685518031_37.5565955099592088
2026-09-04T13:22:12.125893+09:00,신촌 스타광장,신촌 스타광장,POI122,KEY_2,1120061600,신촌로,1130243700,노고산동 31-123,126.9378979886779319_37.5553264048270492,1130027600,신촌로터리,126.9375535313722594_37.5552189146085595,33.0,12.0,정체,126.9375535313722594_37.5552189146085595|126.9376883483507896_37.5552573962598544|126.9378979886779319_37.5553264048270492
2026-09-04T13:22:12.125893+09:00,신촌 스타광장,신촌 스타광장,POI122,KEY_2,1120061700,연세로,1120004502,현대백화점유플렉스(신촌점),126.9369730969373080_37.5572180933913842,1120004200,신촌역(서울2호선),126.9369388461816897_37.5556200624915562,177.0,16.0,서행,126.9369388461816897_37.5556200624915562|126.9369730969373080_37.5572180933913842
2026-09-04T13:22:12.125893+09:00,신촌 스타광장,신촌 스타광장,POI122,KEY_2,1120062000,연세로,1120004300,현대백화점(신촌점),126.9368030588893959_37.5556219621744134,1120004503,현대백화점유플렉스(신촌점),126.9368363451414297_37.5571751207012667,172.0,18.0,서행,126.9368363451414297_37.5571751207012667|126.9368030588893959_37.5556219621744134
2026-09-04T13:22:12.125893+09:00,신촌 스타광장,신촌 스타광장,POI122,KEY_2,1130002903,신촌로,1130027304,신촌로터리,126.9367463936915783_37.5551491321864219,1130027800,신촌로터리,126.9362078795990669_37.5552918851353184,50.0,13.0,정체,126.9362078795990669_37.5552918851353184|126.9362843096010209_37.5552643504737276|126.9364926549409489_37.5552010586219964|126.9366443811309324_37.5551666346300124|126.9367463936915783_37.5551491321864219
2026-09-04T13:22:12.125893+09:00,신촌 스타광장,신촌 스타광장,POI122,KEY_2,1130003002,신촌로,1120063200,창천동 30-16,126.9359793082337546_37.5554929038804843,1130028200,신촌로터리,126.9362638695840104_37.5553903889948231,28.0,13.5,정체,126.9362638695840104_37.5553903889948231|126.9359793082337546_37.5554929038804843
2026-09-04T13:22:12.125893+09:00,신촌 스타광장,신촌 스타광장,POI122,KEY_2,1130003003,신촌로,1130028200,신촌로터리,126.9362638695840104_37.5553903889948231,1130027305,신촌로터리,126.9367949040171339_37.5552525850785059,50.0,20.0,서행,126.9367949040171339_37.5552525850785059|126.9367822077433345_37.5552535889944465|126.9366773331614553_37.5552715833811135|126.9365355543422140_37.5553037503571261|126.9363365592773363_37.5553642010740631|126.9362638695840104_37.5553903889948231
2026-09-04T13:22:12.125893+09:00,신촌 스타광장,신촌 스타광장,POI122,KEY_2,1130003101,신촌로,1130027301,신촌로터리,126.9369309039101665_37.5552479096703777,1130028100,신촌로터리,126.9375107828557248_37.5553215381359138,52.0,4.0,정체,126.9375107828557248_37.5553215381359138|126.9374120463708664_37.5552954695353094|126.9372367545836511_37.5552633433213288|126.9370612427232459_37.5552495051776276|126.9369309039101665_37.5552479096703777
2026-09-04T13:22:12.125893+09:00,신촌 스타광장,신촌 스타광장,POI122,KEY_2,1130003201,신촌로,1130027600,신촌로터리,126.9375535313722594_37.5552189146085595,1130027302,신촌로터리,126.9369363048809589_37.5551398431720429,56.0,9.0,정체,126.9369363048809589_37.5551398431720429|126.9370689919941668_37.5551414670887596|126.9372587703670519_37.5551564300398013|126.9374487359331596_37.5551912462659345|126.9375535313722594_37.5552189146085595
2026-09-04T13:22:12.125893+09:00,신촌 스타광장,신촌 스타광장,POI122,KEY_2,1130015002,백범로,1130027302,신촌로터리,126.9369363048809589_37.5551398431720429,1130026300,신촌로터리,126.9370076539618566_37.5545626830804551,64.0,5.0,정체,126.9370076539618566_37.5545626830804551|126.9369363048809589_37.5551398431720429
2026-09-04T13:22:12.125893+09:00,신촌 스타광장,신촌 스타광장,POI122,KEY_2,1130016102,서강로,1130026900,신촌로터리,126.9362469698456266_37.5547336229279907,1130027304,신촌로터리,126.9367463936915783_37.5551491321864219,64.0,19.0,서행,126.9367463936915783_37.5551491321864219|126.9366482286148994_37.5550253909116165|126.9363557341915083_37.5548026529712615|126.9362469698456266_37.5547336229279907
2026-09-04T13:22:12.125893+09:00,신촌 스타광장,신촌 스타광장,POI122,KEY_2,1130054000,서강로,1130026900,신촌로터리,126.9362469698456266_37.5547336229279907,1130027800,신촌로터리,126.9362078795990669_37.5552918851353184,66.0,18.0,서행,126.9362078795990669_37.5552918851353184|126.9362774483328025_37.5552146864900038|126.9363062591853719_37.5551384172764813|126.9363230977790380_37.5550564211653537|126.9363327714613661_37.5549477201242823|126.9363184780678608_37.5548542645506771|126.9362469698456266_37.5547336229279907
2026-09-04T13:22:12.125893+09:00,압구정로데오거리,압구정로데오거리,POI071,KEY_3,1220034202,도산대로,1220050701,도산공원사거리,127.0339034599154076_37.5216159042956363,1220051504,메종에르메스박물관,127.0358768409066386_37.5222264747469652,187.0,5.0,정체,127.0358768409066386_37.5222264747469652|127.0339034599154076_37.5216159042956363
2026-09-04T13:22:12.125893+09:00,압구정로데오거리,압구정로데오거리,POI071,KEY_3,1220034203,도산대로,1220051501,메종에르메스박물관,127.0360029680279013_37.5222664581804750,1220051804,신사동 501-5,127.0373127024870428_37.5226918366399289,125.0,30.0,원활,127.0373127024870428_37.5226918366399289|127.0360029680279013_37.5222664581804750
2026-09-04T13:22:12.125893+09:00,압구정로데오거리,압구정로데오거리,POI071,KEY_3,1220034204,도산대로,1220393600,신사동 501-5,127.0382594965785756_37.5229821213989680,1220052204,학동사거리,127.0390861363866435_37.5232347757009777,78.0,20.0,서행,127.0390861363866435_37.5232347757009777|127.0382594965785756_37.5229821213989680
2026-09-04T13:22:12.125893+09:00,압구정로데오거리,압구정로데오거리,POI071,KEY_3,1220034601,도산대로,1220420500,청담동 77,127.0400054812010779_37.5233569151823687,1220052404,청담동 77,127.0413071564451570_37.5235176656433396,116.0,17.0,서행,127.0413071564451570_37.5235176656433396|127.0405339348501172_37.5234221784106481|127.0400054812010779_37.5233569151823687
2026-09-04T13:22:12.125893+09:00,압구정로데오거리,압구정로데오거리,POI071,KEY_3,1220034602,도산대로,1220332800,청담동 77,127.0435213934482874_37.5238023106680032,1220052604,청담동 77,127.0445564869975641_37.5239355211408920,93.0,34.0,원활,127.0445564869975641_37.5239355211408920|127.0435213934482874_37.5238023106680032
2026-09-04T13:22:12.125893+09:00,압구정로데오거리,압구정로데오거리,POI071,KEY_3,1220034603,도산대로,1220276100,청담동 77,127.0463338208116113_37.5241605900114052,1220053004,청담사거리,127.0472792767386068_37.5242802278421408,85.0,42.0,원활,127.0472792767386068_37.5242802278421408|127.0469562705251434_37.5242393555858413|127.0463338208116113_37.5241605900114052
2026-09-04T13:22:12.125893+09:00,압구정로데오거리,압구정로데오거리,POI071,KEY_3,1220035302,언주로,1220297300,신사동 668-7,127.0335562010961752_37.5223932298900777,1220050701,도산공원사거리,127.0339034599154076_37.5216159042956363,92.0,21.0,서행,127.0339034599154076_37.5216159042956363|127.0337308185268910_37.5219788135002474|127.0335562010961752_37.5223932298900777
2026-09-04T13:22:12.125893+09:00,압구정로데오거리,압구정로데오거리,POI071,KEY_3,1220035303,언주로,1220313800,신사동 668-7,127.0332157260252188_37.5243745199735770,1220052101,아트스페이스엣,127.0333258336318352_37.5231033777095533,142.0,19.5,서행,127.0333258336318352_37.5231033777095533|127.0332722300848047_37.5232958210834937|127.0332484370027544_37.5234974571660942|127.0332280489652561_37.5236702360984324|127.0332116195424987_37.5239537302291168|127.0332015337768610_37.5241277617779829|127.0332157260252188_37.5243745199735770
2026-09-04T13:22:12.125893+09:00,압구정로데오거리,압구정로데오거리,POI071,KEY_3,1220035304,언주로,1220057702,신사동668-7,127.0336604132832861_37.5278365649310217,1220056501,신구중학교,127.0336233748968766_37.5276208211924214,24.0,19.5,서행,127.0336233748968766_37.5276208211924214|127.0336604132832861_37.5278365649310217
2026-09-04T13:22:12.125893+09:00,압구정로데오거리,압구정로데오거리,POI071,KEY_3,1220035305,언주로,1220258700,신사동 668-7,127.0337520736678130_37.5283998550291500,1220057701,신사동668-7,127.0336782786004619_37.5279437530884863,51.0,19.0,서행,127.0336782786004619_37.5279437530884863|127.0337520736678130_37.5283998550291500
2026-09-04T13:22:12.125893+09:00,압구정로데오거리,압구정로데오거리,POI071,KEY_3,1220094200,언주로154길,1220052303,디아드아스턴갤러리,127.0340560504835707_37.5232158850870405,1220052102,아트스페이스엣,127.0333555975738022_37.5229965212493681,67.0,22.0,서행,127.0333555975738022_37.5229965212493681|127.0340560504835707_37.5232158850870405
2026-09-04T13:22:12.125893+09:00,압구정로데오거리,압구정로데오거리,POI071,KEY_3,1220035402,선릉로,1220052204,학동사거리,127.0390861363866435_37.5232347757009777,1220053403,신한양빌딩,127.0395014174557389_37.5246137310738916,158.0,6.0,정체,127.0395014174557389_37.5246137310738916|127.0393335370945920_37.5241464881978999|127.0392926724511966_37.5240305434553036|127.0391660322892449_37.5236540272358496|127.0391045399377816_37.5234487055447730|127.0390861363866435_37.5232347757009777
2026-09-04T13:22:12.125893+09:00,압구정로데오거리,압구정로데오거리,POI071,KEY_3,1220035403,선릉로,1220315600,신사동 668-5,127.0397160678826936_37.5252354356371711,1220055403,신사동 668-5,127.0398860261996958_37.5257295332640268,57.0,21.0,서행,127.0398860261996958_37.5257295332640268|127.0397160678826936_37.5252354356371711
2026-09-04T13:22:12.125893+09:00,압구정로데오거리,압구정로데오거리,POI071,KEY_3,1220035404,선릉로,1220246500,신사동 668-5,127.0403281994726257_37.5269638204885396,1220057303,한양아파트앞교차로,127.0406204313811145_37.5277781125819700,94.0,19.0,서행,127.0406204313811145_37.5277781125819700|127.0403965205514112_37.5271541960037496|127.0403281994726257_37.5269638204885396
2026-09-04T13:22:12.125893+09:00,압구정로데오거리,압구정로데오거리,POI071,KEY_3,1220035501,선릉로,1220052702,키네마극장,127.0394238001620124_37.5240025656407425,1220052201,학동사거리,127.0392244122724463_37.5232604498081272,84.0,17.0,서행,127.0392244122724463_37.5232604498081272|127.0392392010293747_37.5234323545396080|127.0392976430606637_37.5236274895412407|127.0394238001620124_37.5240025656407425
2026-09-04T13:22:12.125893+09:00,압구정로데오거리,압구정로데오거리,POI071,KEY_3,1220035502,선릉로,1220053402,신한양빌딩,127.0396319308838002_37.5245839844116418,1220052701,키네마극장,127.0394640495580632_37.5241167418134012,54.0,14.0,정체,127.0394640495580632_37.5241167418134012|127.0396319308838002_37.5245839844116418
2026-09-04T13:22:12.125893+09:00,압구정로데오거리,압구정로데오거리,POI071,KEY_3,1220035503,선릉로,1220055402,청담동 139,127.0400167637479711_37.5257004062011887,1220053401,신한양빌딩,127.0396689596081785_37.5246892784528328,116.0,26.0,원활,127.0396689596081785_37.5246892784528328|127.0398469969231741_37.5252068677753172|127.0400167637479711_37.5257004062011887
2026-09-04T13:22:12.125893+09:00,압구정로데오거리,압구정로데오거리,POI071,KEY_3,1220035504,선릉로,1220248500,청담동 139,127.0402731815181454_37.5264170811549747,1220055401,청담동 139,127.0400533551005253_37.5258045248859986,71.0,15.0,서행,127.0400533551005253_37.5258045248859986|127.0402731815181454_37.5264170811549747
2026-09-04T13:22:12.125893+09:00,압구정로데오거리,압구정로데오거리,POI071,KEY_3,1220035802,압구정로,1220220700,청담동 145,127.0445468381688698_37.5267788078608433,1220056102,갤러리아주유소,127.0438011178044917_37.5269658372789365,69.0,21.0,서행,127.0438011178044917_37.5269658372789365|127.0445468381688698_37.5267788078608433
2026-09-04T13:22:12.125893+09:00,압구정로데오거리,압구정로데오거리,POI071,KEY_3,1220035803,압구정로,1220056103,갤러리아주유소,127.0436709090198946_37.5269988640954608,1220056302,압구정로데오역3번출구,127.0423691118125902_37.5273328330233085,121.0,15.7,서행,127.0423691118125902_37.5273328330233085|127.0431965413789044_37.5271205625181921|127.0436709090198946_37.5269988640954608
2026-09-04T13:22:12.125893+09:00,압구정로데오거리,압구정로데오거리,POI071,KEY_3,1220035804,압구정로,1220056303,압구정로데오역3번출구,127.0422397642238650_37.5273658980511087,1220057302,한양아파트앞교차로,127.0407498452267987_37.5277452900861377,138.0,16.0,서행,127.0407498452267987_37.5277452900861377|127.0422397642238650_37.5273658980511087
2026-09-04T13:22:12.125893+09:00,압구정로데오거리,압구정로데오거리,POI071,KEY_3,1220036201,압구정로,1220058902,치안센터,127.0352184421143562_37.5290634828765022,1220059002,성수대교남단교차로,127.0338689599890216_37.5291222776353735,120.0,21.0,서행,127.0338689599890216_37.5291222776353735|127.0344802556415260_37.5291188555326158|127.0348714559033141_37.5290974977561973|127.0352184421143562_37.5290634828765022
2026-09-04T13:22:12.125893+09:00,압구정로데오거리,압구정로데오거리,POI071,KEY_3,1220036202,압구정로,1220058802,디에이치갤러리,127.0357050675745256_37.5290007857834951,1220058902,치안센터,127.0352184421143562_37.5290634828765022,44.0,21.0,서행,127.0352184421143562_37.5290634828765022|127.0357050675745256_37.5290007857834951
2026-09-04T13:22:12.125893+09:00,압구정로데오거리,압구정로데오거리,POI071,KEY_3,1220036203,압구정로,1220058603,신사동 667-35,127.0368481916816137_37.5287559403852029,1220058801,디에이치갤러리,127.0358386033354350_37.5289791338340208,93.0,9.0,정체,127.0358386033354350_37.5289791338340208|127.0361848364311044_37.5289120558376936|127.0368481916816137_37.5287559403852029
2026-09-04T13:22:12.125893+09:00,압구정로데오거리,압구정로데오거리,POI071,KEY_3,1220036204,압구정로,1220058003,뉴스포유,127.0383098113258313_37.5283845789100567,1220058602,신사동 667-35,127.0369779457113566_37.5287241271574530,124.0,20.0,서행,127.0369779457113566_37.5287241271574530|127.0383098113258313_37.5283845789100567
2026-09-04T13:22:12.125893+09:00,압구정로데오거리,압구정로데오거리,POI071,KEY_3,1220036205,압구정로,1220057902,압구정로데오역6번출구,127.0391308114570563_37.5281543012393257,1220058002,뉴스포유,127.0384385465388561_37.5283499106960861,65.0,15.0,서행,127.0384385465388561_37.5283499106960861|127.0391308114570563_37.5281543012393257
2026-09-04T13:22:12.125893+09:00,압구정로데오거리,압구정로데오거리,POI071,KEY_3,1220036206,압구정로,1220235400,신사동 667-35,127.0398194246827615_37.5279804016432124,1220057902,압구정로데오역6번출구,127.0391308114570563_37.5281543012393257,64.0,23.0,서행,127.0391308114570563_37.5281543012393257|127.0398194246827615_37.5279804016432124
2026-09-04T13:22:12.125893+09:00,압구정로데오거리,압구정로데오거리,POI071,KEY_3,1220094300,언주로154길,1220052101,아트스페이스엣,127.0333258336318352_37.5231033777095533,1220052304,디아드아스턴갤러리,127.0340516336079162_37.5233306796815853,69.0,18.0,서행,127.0340516336079162_37.5233306796815853|127.0333258336318352_37.5231033777095533
2026-09-04T13:22:12.125893+09:00,압구정로데오거리,압구정로데오거리,POI071,KEY_3,1220094600,도산대로45길,1220277300,신사동 668-46,127.0347080693143624_37.5234268215054954,1220052302,디아드아스턴갤러리,127.0341902263573672_37.5232584336002688,49.0,11.0,정체,127.0341902263573672_37.5232584336002688|127.0347080693143624_37.5234268215054954
2026-09-04T13:22:12.125893+09:00,압구정로데오거리,압구정로데오거리,POI071,KEY_3,1220094700,도산대로45길,1220052301,디아드아스턴갤러리,127.0341857886132289_37.5233737746786886,1220051501,메종에르메스박물관,127.0360029680279013_37.5222664581804750,272.0,9.5,정체,127.0360029680279013_37.5222664581804750|127.0352934199533905_37.5236579906133016|127.0351486410132509_37.5236868649660238|127.0346567586791764_37.5235269211159306|127.0341857886132289_37.5233737746786886
2026-09-04T13:22:12.125893+09:00,압구정로데오거리,압구정로데오거리,POI071,KEY_3,1220095300,선릉로152길,1220319500,청담동 139-1,127.0402782679631741_37.5241051716234963,1220052702,키네마극장,127.0394238001620124_37.5240025656407425,76.0,13.0,정체,127.0394238001620124_37.5240025656407425|127.0402782679631741_37.5241051716234963
2026-09-04T13:22:12.125893+09:00,압구정로데오거리,압구정로데오거리,POI071,KEY_3,1220095400,선릉로152길,1220319400,청담동 139-1,127.0402580301235815_37.5242120839654163,1220052401,청담동 77,127.0414412487968434_37.5235345793648207,176.0,13.0,정체,127.0414412487968434_37.5235345793648207|127.0413128808020531_37.5242458193041557|127.0412157654857310_37.5243077538981922|127.0411093794579500_37.5243143088269946|127.0402580301235815_37.5242120839654163
2026-09-04T13:22:12.125893+09:00,압구정로데오거리,압구정로데오거리,POI071,KEY_3,1220096100,도산대로49길,1220440700,신사동 668-24,127.0373908494422608_37.5232317047430755,1220051801,신사동 501-5,127.0374445169795194_37.5227330235805070,56.0,12.0,정체,127.0374445169795194_37.5227330235805070|127.0373908494422608_37.5232317047430755
2026-09-04T13:22:12.125893+09:00,압구정로데오거리,압구정로데오거리,POI071,KEY_3,1220096200,도산대로49길,1220388400,신사동 668-27,127.0387418603502709_37.5248916424388383,1220053404,신한양빌딩,127.0395380314040210_37.5247178461193727,73.0,13.0,정체,127.0395380314040210_37.5247178461193727|127.0389386031129675_37.5248486960011931|127.0387418603502709_37.5248916424388383
2026-09-04T13:22:12.125893+09:00,압구정로데오거리,압구정로데오거리,POI071,KEY_3,1220097800,압구정로60길,1220352200,청담동 139-1,127.0407503810591976_37.5255388039052349,1220055402,청담동 139,127.0400167637479711_37.5257004062011887,67.0,12.0,정체,127.0400167637479711_37.5257004062011887|127.0407503810591976_37.5255388039052349
2026-09-04T13:22:12.125893+09:00,압구정로데오거리,압구정로데오거리,POI071,KEY_3,1220097900,압구정로60길,1220206400,청담동 139-2,127.0420188424852199_37.5267405370192932,1220056303,압구정로데오역3번출구,127.0422397642238650_37.5273658980511087,72.0,13.0,정체,127.0422397642238650_37.5273658980511087|127.0420188424852199_37.5267405370192932
2026-09-04T13:22:12.125893+09:00,압구정로데오거리,압구정로데오거리,POI071,KEY_3,1220098000,압구정로42길,1220168900,신사동 636-8,127.0349921764483980_37.5272593817440381,1220057103,갤러리언플러그드,127.0351618412494759_37.5276887643753270,50.0,8.0,정체,127.0351618412494759_37.5276887643753270|127.0349921764483980_37.5272593817440381
2026-09-04T13:22:12.125893+09:00,압구정로데오거리,압구정로데오거리,POI071,KEY_3,1220098800,압구정로50길,1220192600,신사동 668-32,127.0380283676483515_37.5276082080590356,1220058003,뉴스포유,127.0383098113258313_37.5283845789100567,90.0,7.0,정체,127.0383098113258313_37.5283845789100567|127.0380283676483515_37.5276082080590356
2026-09-04T13:22:12.125893+09:00,압구정로데오거리,압구정로데오거리,POI071,KEY_3,1220100200,압구정로46길,1220198800,신사동 668-29,127.0368064909289245_37.5282459368945851,1220057102,갤러리언플러그드,127.0352917319595178_37.5276573064262138,224.0,5.0,정체,127.0352917319595178_37.5276573064262138|127.0363751056718939_37.5272684683231859|127.0364780446013810_37.5273012249340567|127.0368064909289245_37.5282459368945851
2026-09-04T13:22:12.125893+09:00,압구정로데오거리,압구정로데오거리,POI071,KEY_3,1220100300,압구정로46길,1220057101,갤러리언플러그드,127.0353333724486617_37.5277609530066627,1220058603,신사동 667-35,127.0368481916816137_37.5287559403852029,258.0,11.5,정체,127.0368481916816137_37.5287559403852029|127.0367790274979996_37.5285721153675809|127.0366756551665475_37.5282747888026975|127.0363679184725925_37.5273896408760095|127.0353333724486617_37.5277609530066627
2026-09-04T13:22:12.125893+09:00,압구정로데오거리,압구정로데오거리,POI071,KEY_3,1220101300,언주로172길,1220221600,신사동 668-31,127.0343366867367791_37.5277719336935860,1220057702,신사동668-7,127.0336604132832861_37.5278365649310217,60.0,13.5,정체,127.0336604132832861_37.5278365649310217|127.0343366867367791_37.5277719336935860
2026-09-04T13:22:12.125893+09:00,압구정로데오거리,압구정로데오거리,POI071,KEY_3,1220101400,언주로172길,1220221500,신사동 637-1,127.0343528619886087_37.5278792836731370,1220057104,갤러리언플러그드,127.0352036089228704_37.5277927638463282,76.0,12.0,정체,127.0352036089228704_37.5277927638463282|127.0350756293459966_37.5278102049535391|127.0343528619886087_37.5278792836731370
2026-09-04T13:22:12.125893+09:00,압구정로데오거리,압구정로데오거리,POI071,KEY_3,1220102100,압구정로42길,1220057104,갤러리언플러그드,127.0352036089228704_37.5277927638463282,1220058802,디에이치갤러리,127.0357050675745256_37.5290007857834951,141.0,13.0,정체,127.0357050675745256_37.5290007857834951|127.0356527222084253_37.5288599748930167|127.0353921213760771_37.5282524051063504|127.0352036089228704_37.5277927638463282
2026-09-04T13:22:12.125893+09:00,여의도,여의도,POI072,KEY_4,1180001501,경인로,1180034601,영등포고가차도(동측),126.9148856364626994_37.5201012797874753,1180038804,여의도교차로,126.9173326906496868_37.5216339050043644,275.0,42.0,원활,126.9173326906496868_37.5216339050043644|126.9148856364626994_37.5201012797874753
2026-09-04T13:22:12.125893+09:00,여의도,여의도,POI072,KEY_4,1180001601,경인로,1180038803,여의도교차로,126.9174065780712510_37.5215426374484053,1180034602,영등포고가차도(동측),126.9149485395489876_37.5200031329234420,276.0,18.0,서행,126.9149485395489876_37.5200031329234420|126.9174065780712510_37.5215426374484053
2026-09-04T13:22:12.125893+09:00,여의도,여의도,POI072,KEY_4,1180001900,여의대로,1180044402,여의도공원앞,126.9216257794162317_37.5243012223384227,1180047704,여의도동2-11,126.9258941441588888_37.5269761909264190,480.0,22.0,서행,126.9258941441588888_37.5269761909264190|126.9216257794162317_37.5243012223384227
2026-09-04T13:22:12.125893+09:00,여의도,여의도,POI072,KEY_4,1180002000,여의대로,1180047703,여의도동2-11,126.9259780906076145_37.5268912205965108,1180044401,여의도공원앞,126.9217097283597013_37.5242162542949913,480.0,24.0,서행,126.9217097283597013_37.5242162542949913|126.9259780906076145_37.5268912205965108
2026-09-04T13:22:12.125893+09:00,여의도,여의도,POI072,KEY_4,1180002300,여의대로,1180047701,여의도동2-11,126.9259994169464392_37.5270428260578939,1180050903,마포대교앞교차로,126.9293336830422589_37.5291760389837705,378.0,34.0,원활,126.9293336830422589_37.5291760389837705|126.9259994169464392_37.5270428260578939
2026-09-04T13:22:12.125893+09:00,여의도,여의도,POI072,KEY_4,1180002501,여의대로,1180050904,마포대교앞교차로,126.9294559117414423_37.5292538203661366,1180052400,마포대교,126.9307212821010751_37.5300463600273631,142.0,43.0,원활,126.9307212821010751_37.5300463600273631|126.9294559117414423_37.5292538203661366
2026-09-04T13:22:12.125893+09:00,여의도,여의도,POI072,KEY_4,1180002601,여의대로,1180051800,마포대교,126.9308059681326171_37.5299618570035207,1180050901,마포대교앞교차로,126.9295779021332464_37.5291926767471580,138.0,46.0,원활,126.9295779021332464_37.5291926767471580|126.9308059681326171_37.5299618570035207
2026-09-04T13:22:12.125893+09:00,여의도,여의도,POI072,KEY_4,1180002602,여의대로,1180263600,최소노드배치점,126.9340230665834355_37.5320236982424547,1180051800,마포대교,126.9308059681326171_37.5299618570035207,365.0,38.0,원활,126.9308059681326171_37.5299618570035207|126.9335784255592046_37.5317501054697615|126.9340230665834355_37.5320236982424547
2026-09-04T13:22:12.125893+09:00,여의도,여의도,POI072,KEY_4,1180017603,여의동로,1180231500,여의도동 53-19,126.9343504590003988_37.5174301373925374,1180029004,여의도성모병원앞교차로,126.9349411821330307_37.5176018532841411,58.0,29.5,원활,126.9349411821330307_37.5176018532841411|126.9348356152542294_37.5175085459307311|126.9346541232606143_37.5174549053414381|126.9343504590003988_37.5174301373925374
2026-09-04T13:22:12.125893+09:00,여의도,여의도,POI072,KEY_4,1180017604,여의동로,1180028007,여의교앞교차로,126.9287014635556687_37.5170854408198835,1180028005,여의도동7-1,126.9330688836831342_37.5173255987544749,388.0,16.0,서행,126.9330688836831342_37.5173255987544749|126.9328973427525256_37.5173116050715265|126.9294935445075794_37.5170570638274583|126.9289923768250787_37.5170379776801539|126.9287795609766931_37.5170601520838431|126.9287014635556687_37.5170854408198835
2026-09-04T13:22:12.125893+09:00,여의도,여의도,POI072,KEY_4,1180017701,여의동로,1180028004,여의도동7-1,126.9330827126799619_37.5172180403822111,1180028008,여의교앞교차로,126.9286343708705260_37.5169904528563194,396.0,26.0,원활,126.9286343708705260_37.5169904528563194|126.9287446293766948_37.5169547496645919|126.9289867718019735_37.5169295196363777|126.9295031352358762_37.5169491852132566|126.9329106012311854_37.5172040003699721|126.9330827126799619_37.5172180403822111
2026-09-04T13:22:12.125893+09:00,여의도,여의도,POI072,KEY_4,1180017702,여의동로,1180212400,여의도동 7-18,126.9341125889030053_37.5173020490113700,1180028003,여의도동7-1,126.9332227196865404_37.5172294613749528,79.0,6.0,정체,126.9332227196865404_37.5172294613749528|126.9341125889030053_37.5173020490113700
2026-09-04T13:22:12.125893+09:00,여의도,여의도,POI072,KEY_4,1180017801,여의동로,1180028009,여의교앞교차로,126.9284790582093052_37.5169816909920968,1180028502,여의도동 3-9,126.9263700646838942_37.5171809813683481,190.0,17.0,서행,126.9263700646838942_37.5171809813683481|126.9267092074073844_37.5171065648512680|126.9271923057624747_37.5170058728699303|126.9277377896163870_37.5169434538744397|126.9281694861959551_37.5169240690170369|126.9284790582093052_37.5169816909920968
2026-09-04T13:22:12.125893+09:00,여의도,여의도,POI072,KEY_4,1180017802,여의동로,1180028503,여의도동 3-9,126.9262093538062430_37.5172191529016956,1180005902,윤중중교,126.9243075012715991_37.5179017267780566,185.0,17.0,서행,126.9243075012715991_37.5179017267780566|126.9255065559263898_37.5174428120289818|126.9257850863195785_37.5173417407292575|126.9262093538062430_37.5172191529016956
2026-09-04T13:22:12.125893+09:00,여의도,여의도,POI072,KEY_4,1180017901,여의동로,1180028501,여의도동 3-9,126.9264061143659319_37.5172852192624120,1180028010,여의교앞교차로,126.9284949425250630_37.5170956809386524,189.0,31.0,원활,126.9284949425250630_37.5170956809386524|126.9281576212887757_37.5170328939948732|126.9277512856331498_37.5170511401386335|126.9272192236425525_37.5171120231464954|126.9267444154372555_37.5172109868474237|126.9264061143659319_37.5172852192624120
2026-09-04T13:22:12.125893+09:00,여의도,여의도,POI072,KEY_4,1180017902,여의동로,1180005901,윤중중교,126.9243662892942979_37.5179991816475678,1180028504,여의도동 3-9,126.9262556418987771_37.5173207931159425,183.0,35.0,원활,126.9262556418987771_37.5173207931159425|126.9258364480671446_37.5174419140978017|126.9255640934717064_37.5175407441088709|126.9243662892942979_37.5179991816475678
2026-09-04T13:22:12.125893+09:00,여의도,여의도,POI072,KEY_4,1180018603,여의동로,1180248600,여의도동 7-6,126.9406867369458780_37.5205161735924975,1180007003,시범아파트앞교차로,126.9402919444834907_37.5208989401789523,56.0,18.0,서행,126.9402919444834907_37.5208989401789523|126.9404650735248765_37.5207821875801457|126.9406178353196282_37.5206239357599500|126.9406867369458780_37.5205161735924975
2026-09-04T13:22:12.125893+09:00,여의도,여의도,POI072,KEY_4,1180018604,여의동로,1180029002,여의도성모병원앞교차로,126.9350997210679566_37.5175977027777066,1180029602,여의상류IC,126.9364758954819337_37.5177089882566790,126.0,7.0,정체,126.9364758954819337_37.5177089882566790|126.9353673171677030_37.5175347013783878|126.9351749655291002_37.5175478271988325|126.9350997210679566_37.5175977027777066
2026-09-04T13:22:12.125893+09:00,여의도,여의도,POI072,KEY_4,1180018605,여의동로,1180112400,여의도동 62,126.9372867645856218_37.5178660511535682,1180030304,여의상류IC,126.9386167973851798_37.5180766712669254,120.0,33.0,원활,126.9386167973851798_37.5180766712669254|126.9372923478496773_37.5178671325933735|126.9372867645856218_37.5178660511535682
2026-09-04T13:22:12.125893+09:00,여의도,여의도,POI072,KEY_4,1180018701,여의동로,1180029601,여의상류IC,126.9365050785440872_37.5176034226056245,1180029003,여의도성모병원앞교차로,126.9350199175880505_37.5175099394123706,136.0,30.0,원활,126.9350199175880505_37.5175099394123706|126.9351209053556602_37.5174430000204779|126.9353748169001506_37.5174256723693205|126.9365050785440872_37.5176034226056245
2026-09-04T13:22:12.125893+09:00,여의도,여의도,POI072,KEY_4,1180018702,여의동로,1180112500,여의도동 62,126.9373188332011750_37.5177609917576689,1180029601,여의상류IC,126.9365050785440872_37.5176034226056245,74.0,23.0,서행,126.9365050785440872_37.5176034226056245|126.9373188332011750_37.5177609917576689
2026-09-04T13:22:12.125893+09:00,여의도,여의도,POI072,KEY_4,1180018704,여의동로,1180032700,여의상류IC,126.9408644596989291_37.5190433065538684,1180030302,여의상류IC,126.9388089615749209_37.5179993865758163,226.0,29.0,원활,126.9388089615749209_37.5179993865758163|126.9395937035285726_37.5181361308751633|126.9396772958450867_37.5181625840344495|126.9398184957858717_37.5182072672049287|126.9400594148473544_37.5183033690800016|126.9402528860086647_37.5184268126401008|126.9402658425591568_37.5184356698263670|126.9404404017894734_37.5185549993626708|126.9406033172842569_37.5187003987944934|126.9407382129929545_37.5188571753253512|126.9407941985135011_37.5189357133389834|126.9408504409698537_37.5190146115958214|126.9408644596989291_37.5190433065538684
2026-09-04T13:22:12.125893+09:00,여의도,여의도,POI072,KEY_4,1180018705,여의동로,1180033601,여의상류IC,126.9410620352872030_37.5197641943777285,1180032700,여의상류IC,126.9408644596989291_37.5190433065538684,83.0,19.0,서행,126.9408644596989291_37.5190433065538684|126.9409385909511201_37.5191950815743880|126.9409922183505728_37.5193112485734019|126.9410273832007618_37.5194267107547716|126.9410583553759722_37.5195846269940034|126.9410620352872030_37.5197641943777285
2026-09-04T13:22:12.125893+09:00,여의도,여의도,POI072,KEY_4,1180018706,여의동로,1180248500,여의도동 7-5,126.9408076990061289_37.5205652394176070,1180033601,여의상류IC,126.9410620352872030_37.5197641943777285,92.0,19.5,서행,126.9410620352872030_37.5197641943777285|126.9410197256354849_37.5200367526254936|126.9409429071853452_37.5203021469964426|126.9408500463545408_37.5204990074997298|126.9408076990061289_37.5205652394176070
2026-09-04T13:22:12.125893+09:00,여의도,여의도,POI072,KEY_4,1180019001,의사당대로,1180028010,여의교앞교차로,126.9284949425250630_37.5170956809386524,1180030703,이마트(여의도점),126.9276237094474169_37.5180791890850927,134.0,19.0,서행,126.9276237094474169_37.5180791890850927|126.9282503724807043_37.5174250886371610|126.9284949425250630_37.5170956809386524
2026-09-04T13:22:12.125893+09:00,여의도,여의도,POI072,KEY_4,1180019002,의사당대로,1180030704,이마트(여의도점),126.9275405917458244_37.5181646802247997,1180032903,대한지적공사앞사거리,126.9264435973438907_37.5192761903987275,157.0,30.0,원활,126.9264435973438907_37.5192761903987275|126.9274241496460434_37.5182826651824399|126.9275405917458244_37.5181646802247997
2026-09-04T13:22:12.125893+09:00,여의도,여의도,POI072,KEY_4,1180019102,의사당대로,1180030701,속성변화점,126.9276473072265503_37.5182315002228179,1180028006,여의교앞교차로,126.9286026167275026_37.5171630582704978,146.0,19.0,서행,126.9286026167275026_37.5171630582704978|126.9283631364112210_37.5174856126007654|126.9277316183260922_37.5181447808652777|126.9276473072265503_37.5182315002228179
2026-09-04T13:22:12.125893+09:00,여의도,여의도,POI072,KEY_4,1180019103,의사당대로,1180158500,여의도동 4-6,126.9275308651327805_37.5183494852298693,1180030701,속성변화점,126.9276473072265503_37.5182315002228179,17.0,19.0,서행,126.9276473072265503_37.5182315002228179|126.9275308651327805_37.5183494852298693
2026-09-04T13:22:12.125893+09:00,여의도,여의도,POI072,KEY_4,1180019202,여의대방로,1180028006,여의교앞교차로,126.9286026167275026_37.5171630582704978,1180031509,인도네시아대사관,126.9306994439660485_37.5185627932675629,243.0,12.0,정체,126.9306994439660485_37.5185627932675629|126.9306031366086529_37.5185041290905232|126.9288757489613886_37.5174518878942251|126.9286828339483293_37.5172632357301907|126.9286026167275026_37.5171630582704978
2026-09-04T13:22:12.125893+09:00,여의도,여의도,POI072,KEY_4,1180019203,여의대방로,1180130400,여의도동 5,126.9313888868268947_37.5189843143560324,1180033009,여의도동 5,126.9319553324304906_37.5193307404292185,63.0,22.0,서행,126.9319553324304906_37.5193307404292185|126.9314871570067851_37.5190444147317379|126.9313888868268947_37.5189843143560324
2026-09-04T13:22:12.125893+09:00,여의도,여의도,POI072,KEY_4,1180019204,여의대방로,1180033006,여의도동 5,126.9320621848172266_37.5193974572135858,1180034404,한양아파트앞교차로,126.9328084183614891_37.5198734924336605,85.0,21.0,서행,126.9328084183614891_37.5198734924336605|126.9322735200188532_37.5195322726712277|126.9320621848172266_37.5193974572135858
2026-09-04T13:22:12.125893+09:00,여의도,여의도,POI072,KEY_4,1180019302,여의대방로,1180241400,여의도동 5,126.9306855951908375_37.5184182444828664,1180028007,여의교앞교차로,126.9287014635556687_37.5170854408198835,231.0,19.5,서행,126.9287014635556687_37.5170854408198835|126.9287930450981605_37.5171998112240601|126.9289709014987722_37.5173737371677518|126.9306855951908375_37.5184182444828664
2026-09-04T13:22:12.125893+09:00,여의도,여의도,POI072,KEY_4,1180019303,여의대방로,1180240900,여의도동 5,126.9315698250522786_37.5189586575812442,1180031507,인도네시아대사관,126.9308898838573612_37.5185428140672030,76.0,19.5,서행,126.9308898838573612_37.5185428140672030|126.9314715548845385_37.5188985573068834|126.9315698250522786_37.5189586575812442
2026-09-04T13:22:12.125893+09:00,여의도,여의도,POI072,KEY_4,1180019801,국제금융로,1180189600,여의도동 5-2,126.9338907798894240_37.5187863161933706,1180034403,한양아파트앞교차로,126.9328922937565949_37.5197884754386166,142.0,15.0,서행,126.9328922937565949_37.5197884754386166|126.9338907798894240_37.5187863161933706
2026-09-04T13:22:12.125893+09:00,여의도,여의도,POI072,KEY_4,1180019902,국제금융로,1180189700,여의도동 5-2,126.9339971083820728_37.5188535265460033,1180029001,여의도성모병원앞교차로,126.9350432370004853_37.5177398182181605,155.0,14.0,정체,126.9350432370004853_37.5177398182181605|126.9349629962171520_37.5178840506861349|126.9339971083820728_37.5188535265460033
2026-09-04T13:22:12.125893+09:00,여의도,여의도,POI072,KEY_4,1180020000,여의동로,1180005903,윤중중교,126.9241717358982697_37.5179543351309093,1180006402,윤중초교앞교차로,126.9206614835417213_37.5193540995263746,347.0,34.5,원활,126.9206614835417213_37.5193540995263746|126.9241717358982697_37.5179543351309093
2026-09-04T13:22:12.125893+09:00,여의도,여의도,POI072,KEY_4,1180020100,여의동로,1180006401,윤중초교앞교차로,126.9207650877759193_37.5194336994840612,1180005904,윤중중교,126.9242325042099822_37.5180510147375443,343.0,21.0,서행,126.9242325042099822_37.5180510147375443|126.9207650877759193_37.5194336994840612
2026-09-04T13:22:12.125893+09:00,여의도,여의도,POI072,KEY_4,1180020301,여의동로3길,1180031103,윤중중학교,126.9249231925236501_37.5183700829170732,1180005901,윤중중교,126.9243662892942979_37.5179991816475678,64.0,13.0,정체,126.9243662892942979_37.5179991816475678|126.9249231925236501_37.5183700829170732
2026-09-04T13:22:12.125893+09:00,여의도,여의도,POI072,KEY_4,1180020302,여의동로3길,1180032903,대한지적공사앞사거리,126.9264435973438907_37.5192761903987275,1180031102,윤중중학교,126.9250235086354763_37.5184328852547324,157.0,14.0,정체,126.9250235086354763_37.5184328852547324|126.9253760354125831_37.5186403507661197|126.9259317402423761_37.5189673840996818|126.9261792002282760_37.5191130130005561|126.9264435973438907_37.5192761903987275
2026-09-04T13:22:12.125893+09:00,여의도,여의도,POI072,KEY_4,1180021002,63로,1180166800,여의도동 50,126.9395653585884816_37.5205912479877313,1180007004,시범아파트앞교차로,126.9401991775211798_37.5209785278175971,71.0,19.0,서행,126.9401991775211798_37.5209785278175971|126.9395653585884816_37.5205912479877313
2026-09-04T13:22:12.125893+09:00,여의도,여의도,POI072,KEY_4,1180021101,63로,1180195300,여의도동 6,126.9380119529951827_37.5194963601287341,1180029002,여의도성모병원앞교차로,126.9350997210679566_37.5175977027777066,334.0,16.0,서행,126.9350997210679566_37.5175977027777066|126.9351839323089735_37.5177190713969679|126.9353248760758532_37.5178334697526950|126.9354925925652253_37.5179372646136571|126.9369440439217271_37.5188355036529302|126.9374483762469197_37.5191476033771139|126.9376362472135042_37.5192638637462252|126.9380119529951827_37.5194963601287341
2026-09-04T13:22:12.125893+09:00,여의도,여의도,POI072,KEY_4,1180022001,여의동로,1180006403,윤중초교앞교차로,126.9205331922790805_37.5194057557695260,1180034500,메리어트파크센터오피스텔,126.9191573972615572_37.5200167950090204,139.0,19.0,서행,126.9191573972615572_37.5200167950090204|126.9195487672864573_37.5198172756694817|126.9200046134281195_37.5196196313517518|126.9205331922790805_37.5194057557695260
2026-09-04T13:22:12.125893+09:00,여의도,여의도,POI072,KEY_4,1180022003,여의동로,1180034500,메리어트파크센터오피스텔,126.9191573972615572_37.5200167950090204,1180038708,서울교앞,126.9176384535335274_37.5212437352463297,193.0,33.0,원활,126.9176384535335274_37.5212437352463297|126.9177737130527390_37.5210708680828517|126.9180113765738440_37.5208237738386003|126.9182127611032485_37.5206509623871227|126.9184597884011652_37.5204519962155132|126.9185760471934401_37.5203706965029085|126.9188382590859732_37.5202048586976034|126.9191573972615572_37.5200167950090204
2026-09-04T13:22:12.125893+09:00,여의도,여의도,POI072,KEY_4,1180022004,여의동로,1180038709,서울교앞,126.9175660120804139_37.5213368385697237,1180038803,여의도교차로,126.9174065780712510_37.5215426374484053,27.0,23.0,서행,126.9174065780712510_37.5215426374484053|126.9175660120804139_37.5213368385697237
2026-09-04T13:22:12.125893+09:00,여의도,여의도,POI072,KEY_4,1180022101,여의동로,1180035807,KT여의도지점,126.9186604598271515_37.5204553701592047,1180006404,윤중초교앞교차로,126.9206365839930015_37.5194851920707038,206.0,14.0,정체,126.9206365839930015_37.5194851920707038|126.9200678162411009_37.5197153291130974|126.9196178727489439_37.5199104143355413|126.9192343336486459_37.5201057964449731|126.9189208570016234_37.5202906791802562|126.9186604598271515_37.5204553701592047
2026-09-04T13:22:12.125893+09:00,여의도,여의도,POI072,KEY_4,1180022103,여의동로,1180038707,서울교앞,126.9177536585469710_37.5213009209994013,1180035806,KT여의도지점,126.9185563083192676_37.5205280201315929,112.0,13.0,정체,126.9185563083192676_37.5205280201315929|126.9183107914376052_37.5207257702069512|126.9181152324778310_37.5208935825944394|126.9178854547087951_37.5211324807004090|126.9177536585469710_37.5213009209994013
2026-09-04T13:22:12.125893+09:00,여의도,여의도,POI072,KEY_4,1180022104,여의동로,1180038802,여의도교차로,126.9175141532534923_37.5216096736950604,1180038706,서울교앞,126.9176815364894821_37.5213936151355867,28.0,6.0,정체,126.9176815364894821_37.5213936151355867|126.9175141532534923_37.5216096736950604
2026-09-04T13:22:12.125893+09:00,여의도,여의도,POI072,KEY_4,1180022401,의사당대로,1180032904,대한지적공사앞사거리,126.9263598027269637_37.5193612539994206,1180035903,속성변화점,126.9253081000746164_37.5204308705330831,151.0,16.0,서행,126.9253081000746164_37.5204308705330831|126.9263598027269637_37.5193612539994206
2026-09-04T13:22:12.125893+09:00,여의도,여의도,POI072,KEY_4,1180022402,의사당대로,1180078600,여의도동 3-6,126.9246842218055917_37.5210726004608617,1180038903,여의도역앞교차로,126.9241769575183127_37.5215948246163791,73.0,13.0,정체,126.9241769575183127_37.5215948246163791|126.9246842218055917_37.5210726004608617
2026-09-04T13:22:12.125893+09:00,여의도,여의도,POI072,KEY_4,1180022501,의사당대로,1180035902,여의도동 3-6,126.9254149706603272_37.5204975359694970,1180032901,대한지적공사앞사거리,126.9264657832950292_37.5194288220322676,151.0,43.0,원활,126.9264657832950292_37.5194288220322676|126.9254149706603272_37.5204975359694970
2026-09-04T13:22:12.125893+09:00,여의도,여의도,POI072,KEY_4,1180022502,의사당대로,1180232200,여의도동 3-6,126.9249536728722347_37.5209718922338453,1180035901,여의도동 3-6,126.9253314029925406_37.5205830136610601,55.0,14.0,정체,126.9253314029925406_37.5205830136610601|126.9249536728722347_37.5209718922338453
2026-09-04T13:22:12.125893+09:00,여의도,여의도,POI072,KEY_4,1180022601,여의나루로,1180244800,여의도동 3,126.9215656689733720_37.5200967219306705,1180036804,광장아파트앞,126.9226527303322172_37.5207652863534591,121.0,19.0,서행,126.9226527303322172_37.5207652863534591|126.9217926969060244_37.5202363504555478|126.9215656689733720_37.5200967219306705
2026-09-04T13:22:12.125893+09:00,여의도,여의도,POI072,KEY_4,1180022602,여의나루로,1180036801,광장아파트앞,126.9227595051740991_37.5208320493825696,1180038904,여의도역앞교차로,126.9240944819508456_37.5216807302462740,151.0,9.0,정체,126.9240944819508456_37.5216807302462740|126.9230741785364529_37.5210320988540929|126.9227595051740991_37.5208320493825696
2026-09-04T13:22:12.125893+09:00,여의도,여의도,POI072,KEY_4,1180022701,여의나루로,1180194200,여의도동 3,126.9209663293650578_37.5195741533230844,1180006401,윤중초교앞교차로,126.9207650877759193_37.5194336994840612,24.0,13.0,정체,126.9207650877759193_37.5194336994840612|126.9208553341128010_37.5195030362503985|126.9209663293650578_37.5195741533230844
2026-09-04T13:22:12.125893+09:00,여의도,여의도,POI072,KEY_4,1180022702,여의나루로,1180124200,여의도동 3,126.9231588597579616_37.5209475952101101,1180036802,광장아파트앞,126.9228279546733376_37.5207372265233658,37.0,9.0,정체,126.9228279546733376_37.5207372265233658|126.9231588597579616_37.5209475952101101
2026-09-04T13:22:12.125893+09:00,여의도,여의도,POI072,KEY_4,1180022901,국제금융로8길,1180126900,여의도동 4,126.9279920585710784_37.5202627781520377,1180032902,대한지적공사앞사거리,126.9265496010735461_37.5193437320748941,163.0,15.0,서행,126.9265496010735461_37.5193437320748941|126.9269201916985708_37.5195875873130760|126.9272716623493835_37.5198188587192476|126.9273748360091219_37.5198841753130239|126.9279920585710784_37.5202627781520377
2026-09-04T13:22:12.125893+09:00,여의도,여의도,POI072,KEY_4,1180022903,국제금융로8길,1180234300,여의도동 4,126.9293196295517134_37.5210904417870239,1180036702,매일일보,126.9287164299037443_37.5207081885220788,68.0,13.0,정체,126.9287164299037443_37.5207081885220788|126.9293196295517134_37.5210904417870239
2026-09-04T13:22:12.125893+09:00,여의도,여의도,POI072,KEY_4,1180022904,국제금융로8길,1180040203,수정아파트앞교차로,126.9307509889043502_37.5219799273467487,1180038602,한국금융증권,126.9299951560938382_37.5215173870643000,84.0,8.0,정체,126.9299951560938382_37.5215173870643000|126.9307509889043502_37.5219799273467487
2026-09-04T13:22:12.125893+09:00,여의도,여의도,POI072,KEY_4,1180023002,국제금융로,1180034404,한양아파트앞교차로,126.9328084183614891_37.5198734924336605,1180040203,수정아파트앞교차로,126.9307509889043502_37.5219799273467487,296.0,13.0,정체,126.9307509889043502_37.5219799273467487|126.9318322407762167_37.5208729407229455|126.9328084183614891_37.5198734924336605
2026-09-04T13:22:12.125893+09:00,여의도,여의도,POI072,KEY_4,1180023102,국제금융로,1180122200,여의도동 4-2,126.9319393819449289_37.5209393298269305,1180034401,한양아파트앞교차로,126.9329147543003131_37.5199407045290272,140.0,17.0,서행,126.9329147543003131_37.5199407045290272|126.9319393819449289_37.5209393298269305
2026-09-04T13:22:12.125893+09:00,여의도,여의도,POI072,KEY_4,1180023802,여의대방로,1180148700,여의도동 5,126.9332535039271335_37.5201528891288518,1180036504,삼익아파트,126.9340675747020981_37.5206627945251299,92.0,11.0,정체,126.9340675747020981_37.5206627945251299|126.9337093608596518_37.5204384234820338|126.9332535039271335_37.5201528891288518
2026-09-04T13:22:12.125893+09:00,여의도,여의도,POI072,KEY_4,1180023803,여의대방로,1180089000,여의도동 5,126.9348014519769947_37.5211250042198898,1180038402,원효대교(남측),126.9354288936371944_37.5215199968422155,71.0,11.0,정체,126.9354288936371944_37.5215199968422155|126.9354064649786693_37.5215062088296207|126.9349318528382327_37.5212071673588810|126.9348014519769947_37.5211250042198898
2026-09-04T13:22:12.125893+09:00,여의도,여의도,POI072,KEY_4,1180023804,여의대방로,1180038402,원효대교(남측),126.9354288936371944_37.5215199968422155,1180007603,원효대교앞교차로,126.9376993931907123_37.5229058691159025,253.0,23.7,서행,126.9376993931907123_37.5229058691159025|126.9367576606416321_37.5223368743102839|126.9354288936371944_37.5215199968422155
2026-09-04T13:22:12.125893+09:00,여의도,여의도,POI072,KEY_4,1180023902,여의대방로,1180148600,여의도동 5,126.9333374148772862_37.5200679006656301,1180034402,한양아파트앞교차로,126.9329986208068846_37.5198556883736742,38.0,24.0,서행,126.9329986208068846_37.5198556883736742|126.9333374148772862_37.5200679006656301
2026-09-04T13:22:12.125893+09:00,여의도,여의도,POI072,KEY_4,1180023904,여의대방로,1180007602,원효대교앞교차로,126.9377991695937595_37.5228304435030964,1180038401,원효대교(남측),126.9355118374576392_37.5214344074539099,255.0,21.3,서행,126.9355118374576392_37.5214344074539099|126.9368401546675926_37.5222510078583156|126.9377991695937595_37.5228304435030964
2026-09-04T13:22:12.125893+09:00,여의도,여의도,POI072,KEY_4,1180024601,여의동로,1180007004,시범아파트앞교차로,126.9401991775211798_37.5209785278175971,1180007602,원효대교앞교차로,126.9377991695937595_37.5228304435030964,295.0,21.0,서행,126.9377991695937595_37.5228304435030964|126.9394041207515187_37.5216176335209894|126.9401086909208090_37.5210660656542530|126.9401991775211798_37.5209785278175971
2026-09-04T13:22:12.125893+09:00,여의도,여의도,POI072,KEY_4,1180024701,여의동로,1180039300,원효대교(남측),126.9394984211137256_37.5216954122665811,1180007001,시범아파트앞교차로,126.9403039746038786_37.5210472508129982,101.0,44.0,원활,126.9403039746038786_37.5210472508129982|126.9402089441002488_37.5211391841689448|126.9394984211137256_37.5216954122665811
2026-09-04T13:22:12.125893+09:00,여의도,여의도,POI072,KEY_4,1180024702,여의동로,1180007601,원효대교앞교차로,126.9379087682920613_37.5228966618330730,1180039300,원효대교(남측),126.9394984211137256_37.5216954122665811,194.0,24.0,서행,126.9394984211137256_37.5216954122665811|126.9379087682920613_37.5228966618330730
2026-09-04T13:22:12.125893+09:00,여의도,여의도,POI072,KEY_4,1180025002,여의서로,1180038804,여의도교차로,126.9173326906496868_37.5216339050043644,1180042903,한국방송공사앞,126.9160598886022484_37.5232024405971387,207.0,11.0,정체,126.9160598886022484_37.5232024405971387|126.9162278121554834_37.5229759399330192|126.9171281270170084_37.5218737751130362|126.9173326906496868_37.5216339050043644
2026-09-04T13:22:12.125893+09:00,여의도,여의도,POI072,KEY_4,1180025102,여의서로,1180042902,한국방송공사앞,126.9161767807363361_37.5232574156796943,1180038801,여의도교차로,126.9174398834116033_37.5217006351711717,206.0,20.0,서행,126.9174398834116033_37.5217006351711717|126.9172411767066819_37.5219336377009398|126.9163432053984479_37.5230329362404262|126.9161767807363361_37.5232574156796943
2026-09-04T13:22:12.125893+09:00,여의도,여의도,POI072,KEY_4,1180026401,여의나루로,1180038901,여의도역앞교차로,126.9242012582014354_37.5217475240258054,1180041304,여의도포스트타워,126.9255002248636544_37.5225475166510023,145.0,11.0,정체,126.9255002248636544_37.5225475166510023|126.9242012582014354_37.5217475240258054
2026-09-04T13:22:12.125893+09:00,여의도,여의도,POI072,KEY_4,1180026402,여의나루로,1180041301,여의도포스트타워,126.9256078753944763_37.5226133831529864,1180042304,여의도우체국,126.9263084504317050_37.5230392405150965,78.0,18.0,서행,126.9263084504317050_37.5230392405150965|126.9256078753944763_37.5226133831529864
2026-09-04T13:22:12.125893+09:00,여의도,여의도,POI072,KEY_4,1180026403,여의나루로,1180125200,여의도동 3,126.9273055137644377_37.5236590158115035,1180008104,한국거래소교차로,126.9284262911522063_37.5243565376483375,126.0,14.0,정체,126.9284262911522063_37.5243565376483375|126.9273055137644377_37.5236590158115035
2026-09-04T13:22:12.125893+09:00,여의도,여의도,POI072,KEY_4,1180026501,여의나루로,1180041302,속성변화점,126.9256902342329596_37.5225274343242958,1180038902,여의도역앞교차로,126.9242837002947937_37.5216616256273028,157.0,14.0,정체,126.9242837002947937_37.5216616256273028|126.9255832614961861_37.5224619830475987|126.9256902342329596_37.5225274343242958
2026-09-04T13:22:12.125893+09:00,여의도,여의도,POI072,KEY_4,1180026502,여의나루로,1180042303,여의도우체국,126.9263908079338563_37.5229532919718807,1180041302,속성변화점,126.9256902342329596_37.5225274343242958,78.0,13.0,정체,126.9256902342329596_37.5225274343242958|126.9263908079338563_37.5229532919718807
2026-09-04T13:22:12.125893+09:00,여의도,여의도,POI072,KEY_4,1180026503,여의나루로,1180125300,여의도동 3,126.9273890984019033_37.5235738209484921,1180042302,여의도우체국,126.9264982473671637_37.5230193781161319,100.0,16.0,서행,126.9264982473671637_37.5230193781161319|126.9273890984019033_37.5235738209484921
2026-09-04T13:22:12.125893+09:00,여의도,여의도,POI072,KEY_4,1180026601,국제금융로,1180040204,수정아파트앞교차로,126.9306672829337828_37.5220650517832723,1180042603,동서빌딩,126.9296216888965887_37.5231213788522311,149.0,19.0,서행,126.9296216888965887_37.5231213788522311|126.9306672829337828_37.5220650517832723
2026-09-04T13:22:12.125893+09:00,여의도,여의도,POI072,KEY_4,1180026602,국제금융로,1180042604,동서빌딩,126.9295381668630398_37.5232067155673192,1180008103,한국거래소교차로,126.9285092333859524_37.5242709429893537,149.0,26.0,원활,126.9285092333859524_37.5242709429893537|126.9295381668630398_37.5232067155673192
2026-09-04T13:22:12.125893+09:00,여의도,여의도,POI072,KEY_4,1180026701,국제금융로,1180008102,한국거래소교차로,126.9286163016688818_37.5243374139891230,1180040201,수정아파트앞교차로,126.9307745811657071_37.5221312878077455,310.0,9.0,정체,126.9307745811657071_37.5221312878077455|126.9297282923670735_37.5231883182878576|126.9296457226009380_37.5232726808345376|126.9286163016688818_37.5243374139891230
2026-09-04T13:22:12.125893+09:00,여의도,여의도,POI072,KEY_4,1180027001,국제금융로7길,1180081300,여의도동 3-1,126.9318327118790393_37.5227902671910627,1180042104,여의도한양아파트,126.9319322430067700_37.5228522517926564,11.0,9.0,정체,126.9319322430067700_37.5228522517926564|126.9318327118790393_37.5227902671910627
2026-09-04T13:22:12.125893+09:00,여의도,여의도,POI072,KEY_4,1180027002,국제금융로7길,1180170400,여의도동 30-2,126.9333111517824335_37.5237035923319837,1180008203,여의도선착장앞교차로,126.9351237113233424_37.5248540733071394,205.0,16.0,서행,126.9351237113233424_37.5248540733071394|126.9347308471132010_37.5245861791715924|126.9341471467802336_37.5242210350281624|126.9339693179029922_37.5241097897212015|126.9335585427071464_37.5238562744125730|126.9333111517824335_37.5237035923319837
2026-09-04T13:22:12.125893+09:00,여의도,여의도,POI072,KEY_4,1180027101,국제금융로7길,1180125900,여의도동 4,126.9311872674100243_37.5222510530704270,1180040202,수정아파트앞교차로,126.9308582797666531_37.5220461648026387,37.0,24.0,서행,126.9308582797666531_37.5220461648026387|126.9311872674100243_37.5222510530704270
2026-09-04T13:22:12.125893+09:00,여의도,여의도,POI072,KEY_4,1180027102,국제금융로7길,1180198500,여의도동 4,126.9326315429515404_37.5231473697622491,1180042102,여의도한양아파트,126.9321229804287583_37.5228334900583178,57.0,14.0,정체,126.9321229804287583_37.5228334900583178|126.9326315429515404_37.5231473697622491
2026-09-04T13:22:12.125893+09:00,여의도,여의도,POI072,KEY_4,1180027601,여의동로,1180007603,원효대교앞교차로,126.9376993931907123_37.5229058691159025,1180008202,여의도선착장앞교차로,126.9352222439933087_37.5247789291314646,302.0,30.0,원활,126.9352222439933087_37.5247789291314646|126.9376993931907123_37.5229058691159025
2026-09-04T13:22:12.125893+09:00,여의도,여의도,POI072,KEY_4,1180027701,여의동로,1180044300,원효대교(남측),126.9363222446695119_37.5240962818884185,1180007604,원효대교앞교차로,126.9378089860223895_37.5229720840527037,181.0,44.0,원활,126.9378089860223895_37.5229720840527037|126.9363222446695119_37.5240962818884185
2026-09-04T13:22:12.125893+09:00,여의도,여의도,POI072,KEY_4,1180027702,여의동로,1180008201,여의도선착장앞교차로,126.9353157098191645_37.5248573421928668,1180044300,원효대교(남측),126.9363222446695119_37.5240962818884185,123.0,27.0,원활,126.9363222446695119_37.5240962818884185|126.9353157098191645_37.5248573421928668
2026-09-04T13:22:12.125893+09:00,여의도,여의도,POI072,KEY_4,1180028200,의사당대로,1180042502,여의도지하차도(남측),126.9230739462851005_37.5227496061812005,1180009003,여의도지하차도(북측),126.9191150291965613_37.5267392953712999,564.0,40.0,원활,126.9191150291965613_37.5267392953712999|126.9201443506246108_37.5257459991238065|126.9212525207885562_37.5245910783263668|126.9219274569347249_37.5239031931689340|126.9230739462851005_37.5227496061812005
2026-09-04T13:22:12.125893+09:00,여의도,여의도,POI072,KEY_4,1180028801,여의공원로,1180119800,한국방송공사앞교차로,126.9162376982854141_37.5234303290582289,1180045104,여의도동 2-11,126.9185848101250258_37.5248548993062059,261.0,10.0,정체,126.9185848101250258_37.5248548993062059|126.9162376982854141_37.5234303290582289
2026-09-04T13:22:12.125893+09:00,여의도,여의도,POI072,KEY_4,1180028802,여의공원로,1180045101,여의도동 2-11,126.9186925033394289_37.5249207467094124,1180046204,여의도공원사거리,126.9200468517650648_37.5257551569498133,151.0,18.0,서행,126.9200468517650648_37.5257551569498133|126.9186925033394289_37.5249207467094124
2026-09-04T13:22:12.125893+09:00,여의도,여의도,POI072,KEY_4,1180028902,여의공원로,1180045103,여의도동 2-11,126.9186670908712671_37.5247689025059827,1180042902,한국방송공사앞,126.9161767807363361_37.5232574156796943,277.0,28.0,원활,126.9161767807363361_37.5232574156796943|126.9163199805120570_37.5233443334696943|126.9186670908712671_37.5247689025059827
2026-09-04T13:22:12.125893+09:00,여의도,여의도,POI072,KEY_4,1180028903,여의공원로,1180046203,여의도공원사거리,126.9201299129616700_37.5256696373191119,1180045102,여의도동 2-11,126.9187755656427044_37.5248352275160784,151.0,32.0,원활,126.9187755656427044_37.5248352275160784|126.9201299129616700_37.5256696373191119
2026-09-04T13:22:12.125893+09:00,여의도,여의도,POI072,KEY_4,1180029201,여의서로,1180042904,한국방송공사앞,126.9159903931043800_37.5232960347716684,1180046803,KBS기술연구소,126.9141488563772526_37.5260216283162720,344.0,30.7,원활,126.9141488563772526_37.5260216283162720|126.9145825675221744_37.5253904618593026|126.9155125095740289_37.5239458188810460|126.9158732772367273_37.5234535696549258|126.9159903931043800_37.5232960347716684
2026-09-04T13:22:12.125893+09:00,여의도,여의도,POI072,KEY_4,1180029202,여의서로,1180046804,KBS기술연구소,126.9140828054650996_37.5261159127207975,1180047803,의원회관앞교차로,126.9135274643399640_37.5268977275474711,100.0,31.0,원활,126.9135274643399640_37.5268977275474711|126.9140828054650996_37.5261159127207975
2026-09-04T13:22:12.125893+09:00,여의도,여의도,POI072,KEY_4,1180029301,여의서로,1180046802,KBS기술연구소,126.9142679428666298_37.5260735354667077,1180042901,한국방송공사앞,126.9161072016457155_37.5233511216727109,343.0,13.0,정체,126.9161072016457155_37.5233511216727109|126.9159903024120695_37.5235083663165980|126.9156316188370539_37.5239977738216837|126.9147025329317984_37.5254410884652785|126.9142679428666298_37.5260735354667077
2026-09-04T13:22:12.125893+09:00,여의도,여의도,POI072,KEY_4,1180029302,여의서로,1180047802,의원회관앞교차로,126.9136394602196987_37.5269596416603761,1180046801,KBS기술연구소,126.9142009634784500_37.5261691500808396,101.0,9.0,정체,126.9142009634784500_37.5261691500808396|126.9136394602196987_37.5269596416603761
2026-09-04T13:22:12.125893+09:00,여의도,여의도,POI072,KEY_4,1180030202,국제금융로,1180008104,한국거래소교차로,126.9284262911522063_37.5243565376483375,1180045503,콘래드호텔,126.9275656592524513_37.5252426866880526,124.0,7.0,정체,126.9275656592524513_37.5252426866880526|126.9284262911522063_37.5243565376483375
2026-09-04T13:22:12.125893+09:00,여의도,여의도,POI072,KEY_4,1180030203,국제금융로,1180045504,콘래드호텔,126.9274823003491548_37.5253285166201778,1180047403,파크원타워1,126.9262943673228676_37.5265516473403409,172.0,16.0,서행,126.9262943673228676_37.5265516473403409|126.9274823003491548_37.5253285166201778
2026-09-04T13:22:12.125893+09:00,여의도,여의도,POI072,KEY_4,1180030302,국제금융로,1180047402,파크원타워1,126.9263987935073459_37.5266208412980191,1180008101,한국거래소교차로,126.9285333597918708_37.5244230074264635,308.0,14.0,정체,126.9285333597918708_37.5244230074264635|126.9276730373239701_37.5253088391501777|126.9275896799517085_37.5253946687649673|126.9263987935073459_37.5266208412980191
2026-09-04T13:22:12.125893+09:00,여의도,여의도,POI072,KEY_4,1180030402,여의나루로,1180153000,여의도동 3,126.9295910888797891_37.5250780460679465,1180045704,삼부아파트,126.9301223210420062_37.5254070237092776,59.0,10.0,정체,126.9301223210420062_37.5254070237092776|126.9295910888797891_37.5250780460679465
2026-09-04T13:22:12.125893+09:00,여의도,여의도,POI072,KEY_4,1180030403,여의나루로,1180171700,여의도동 3,126.9321280963523151_37.5266567883219651,1180009103,여의중고교앞교차로,126.9324772431698278_37.5268743677158270,39.0,15.5,서행,126.9324772431698278_37.5268743677158270|126.9323539014093285_37.5267975045387630|126.9321280963523151_37.5266567883219651
2026-09-04T13:22:12.125893+09:00,여의도,여의도,POI072,KEY_4,1180030501,여의나루로,1180045703,삼부아파트,126.9302056495171200_37.5253216690245637,1180008102,한국거래소교차로,126.9286163016688818_37.5243374139891230,178.0,14.0,정체,126.9286163016688818_37.5243374139891230|126.9290852126952274_37.5246278072283701|126.9296744175930627_37.5249926917535461|126.9302056495171200_37.5253216690245637
2026-09-04T13:22:12.125893+09:00,여의도,여의도,POI072,KEY_4,1180030502,여의나루로,1180105800,여의도동 3,126.9316958645969038_37.5262501446870687,1180045702,삼부아파트,126.9303133224847642_37.5253885442037927,155.0,10.0,정체,126.9303133224847642_37.5253885442037927|126.9316958645969038_37.5262501446870687
2026-09-04T13:22:12.125893+09:00,여의도,여의도,POI072,KEY_4,1180030800,여의동로,1180008203,여의도선착장앞교차로,126.9351237113233424_37.5248540733071394,1180009102,여의중고교앞교차로,126.9325768880587333_37.5267991798270799,312.0,31.5,원활,126.9325768880587333_37.5267991798270799|126.9340880918445009_37.5256494381100225|126.9351237113233424_37.5248540733071394
2026-09-04T13:22:12.125893+09:00,여의도,여의도,POI072,KEY_4,1180030900,여의동로,1180009101,여의중고교앞교차로,126.9326849274163322_37.5268665066546987,1180008204,여의도선착장앞교차로,126.9352179426163758_37.5249319019633703,310.0,18.7,서행,126.9352179426163758_37.5249319019633703|126.9341820940272072_37.5257274434280319|126.9326849274163322_37.5268665066546987
2026-09-04T13:22:12.125893+09:00,여의도,여의도,POI072,KEY_4,1180031200,의사당대로,1180046204,여의도공원사거리,126.9200468517650648_37.5257551569498133,1180009003,여의도지하차도(북측),126.9191150291965613_37.5267392953712999,138.0,22.0,서행,126.9191150291965613_37.5267392953712999|126.9191933704532005_37.5265787675293083|126.9200468517650648_37.5257551569498133
2026-09-04T13:22:12.125893+09:00,여의도,여의도,POI072,KEY_4,1180031300,의사당대로,1180009002,여의도지하차도(북측),126.9192224605303210_37.5268054826268056,1180046201,여의도공원사거리,126.9202613782381377_37.5258878549948420,138.0,16.0,서행,126.9202613782381377_37.5258878549948420|126.9194027746886633_37.5267164115458911|126.9192224605303210_37.5268054826268056
2026-09-04T13:22:12.125893+09:00,여의도,여의도,POI072,KEY_4,1180031402,국회대로,1180046001,여의2교남단교차로,126.9110548372880771_37.5257645667991255,1180047804,의원회관앞교차로,126.9134650625379095_37.5269942928087872,253.0,21.0,서행,126.9134650625379095_37.5269942928087872|126.9110548372880771_37.5257645667991255
2026-09-04T13:22:12.125893+09:00,여의도,여의도,POI072,KEY_4,1180031502,국회대로,1180047803,의원회관앞교차로,126.9135274643399640_37.5268977275474711,1180046002,여의2교남단교차로,126.9111139413039098_37.5256663196409335,253.0,16.0,서행,126.9111139413039098_37.5256663196409335|126.9135274643399640_37.5268977275474711
2026-09-04T13:22:12.125893+09:00,여의도,여의도,POI072,KEY_4,1180031700,여의대방로,1180263900,최소노드배치점,126.9423668339206870_37.5252518313100794,1180043100,원효대교남단,126.9389194214592607_37.5234603791527448,364.0,36.0,원활,126.9389194214592607_37.5234603791527448|126.9423668339206870_37.5252518313100794
2026-09-04T13:22:12.125893+09:00,여의도,여의도,POI072,KEY_4,1180032200,여의공원로,1180046201,여의도공원사거리,126.9202613782381377_37.5258878549948420,1180009504,여의도공원앞교차로,126.9243788044885548_37.5284488470021884,462.0,20.0,서행,126.9243788044885548_37.5284488470021884|126.9229106898593642_37.5275333155708140|126.9202613782381377_37.5258878549948420
2026-09-04T13:22:12.125893+09:00,여의도,여의도,POI072,KEY_4,1180032300,여의공원로,1180009503,여의도공원앞교차로,126.9244625001170590_37.5283637182862293,1180046202,여의도공원사거리,126.9203448630397020_37.5258025956584831,462.0,18.5,서행,126.9203448630397020_37.5258025956584831|126.9229942795348052_37.5274481218260405|126.9244625001170590_37.5283637182862293
2026-09-04T13:22:12.125893+09:00,여의도,여의도,POI072,KEY_4,1180033000,의사당대로,1180009004,여의도지하차도(북측),126.9190308136938512_37.5268240980039991,1180050803,국회의사당앞교차로,126.9169751671367123_37.5289842081922771,301.0,12.0,정체,126.9169751671367123_37.5289842081922771|126.9190308136938512_37.5268240980039991
2026-09-04T13:22:12.125893+09:00,여의도,여의도,POI072,KEY_4,1180033100,의사당대로,1180050802,국회의사당앞교차로,126.9170828781558384_37.5290500254580905,1180009001,여의도지하차도(북측),126.9191381861277392_37.5268902681428855,301.0,12.5,정체,126.9191381861277392_37.5268902681428855|126.9170828781558384_37.5290500254580905
2026-09-04T13:22:12.125893+09:00,여의도,여의도,POI072,KEY_4,1180033202,국회대로,1180138900,여의도동 1-1,126.9158268605278437_37.5284233742115916,1180050804,국회의사당앞교차로,126.9168928924711679_37.5290702119511366,118.0,33.5,원활,126.9168928924711679_37.5290702119511366|126.9165053994318129_37.5288350946524574|126.9158268605278437_37.5284233742115916
2026-09-04T13:22:12.125893+09:00,여의도,여의도,POI072,KEY_4,1180033301,국회대로,1180049103,키즈TV,126.9154773852716289_37.5280753781942735,1180047802,의원회관앞교차로,126.9136394602196987_37.5269596416603761,204.0,40.0,원활,126.9136394602196987_37.5269596416603761|126.9146393203885879_37.5275666275930178|126.9150824738661498_37.5278356472698889|126.9154773852716289_37.5280753781942735
2026-09-04T13:22:12.125893+09:00,여의도,여의도,POI072,KEY_4,1180033302,국회대로,1180115400,여의도동 1-1,126.9165876741060259_37.5287490912861017,1180049102,키즈TV,126.9155853725793577_37.5281409178062191,111.0,8.0,정체,126.9155853725793577_37.5281409178062191|126.9159091352979658_37.5283373715814861|126.9165876741060259_37.5287490912861017
2026-09-04T13:22:12.125893+09:00,여의도,여의도,POI072,KEY_4,1180033401,여의동로,1180009103,여의중고교앞교차로,126.9324772431698278_37.5268743677158270,1180049402,여의동로삼거리,126.9306888510367770_37.5282400464787358,219.0,11.0,정체,126.9306888510367770_37.5282400464787358|126.9316099219255705_37.5275248241457220|126.9324772431698278_37.5268743677158270
2026-09-04T13:22:12.125893+09:00,여의도,여의도,POI072,KEY_4,1180033402,여의동로,1180049403,여의동로삼거리,126.9305906868378742_37.5283161715650735,1180050701,마포대교앞,126.9298855635072698_37.5288624491009486,87.0,29.0,원활,126.9298855635072698_37.5288624491009486|126.9305906868378742_37.5283161715650735
2026-09-04T13:22:12.125893+09:00,여의도,여의도,POI072,KEY_4,1180033501,여의동로,1180050000,마포대교남측,126.9304020221015321_37.5286131745307898,1180009104,여의중고교앞교차로,126.9325853985016863_37.5269417668937137,268.0,25.0,원활,126.9325853985016863_37.5269417668937137|126.9317038491518019_37.5276028935370434|126.9307836236958451_37.5283174604033363|126.9306853496340324_37.5283936719680753|126.9304020221015321_37.5286131745307898
2026-09-04T13:22:12.125893+09:00,여의도,여의도,POI072,KEY_4,1180033503,여의동로,1180050901,마포대교앞교차로,126.9295779021332464_37.5291926767471580,1180050000,마포대교남측,126.9304020221015321_37.5286131745307898,97.0,13.0,정체,126.9304020221015321_37.5286131745307898|126.9299369050538218_37.5289735100707489|126.9295779021332464_37.5291926767471580
2026-09-04T13:22:12.125893+09:00,여의도,여의도,POI072,KEY_4,1180033600,은행로,1180216900,여의도동 1-5,126.9219173698385248_37.5285968839280102,1180009804,신한일보,126.9233585883312401_37.5295063067986732,163.0,16.3,서행,126.9233585883312401_37.5295063067986732|126.9219173698385248_37.5285968839280102
2026-09-04T13:22:12.125893+09:00,여의도,여의도,POI072,KEY_4,1180033700,은행로,1180009803,신한일보,126.9234414497844057_37.5294206483528754,1180009002,여의도지하차도(북측),126.9192224605303210_37.5268054826268056,473.0,12.0,정체,126.9192224605303210_37.5268054826268056|126.9195732675343748_37.5270189229749036|126.9202338553054545_37.5274208360670514|126.9208296717275886_37.5277833342574425|126.9213053103871687_37.5280727109073098|126.9214090375718911_37.5281381664055473|126.9220016795030261_37.5285121403360407|126.9234414497844057_37.5294206483528754
2026-09-04T13:22:12.125893+09:00,여의도,여의도,POI072,KEY_4,1180034400,국회대로76길,1180009504,여의도공원앞교차로,126.9243788044885548_37.5284488470021884,1180009803,신한일보,126.9234414497844057_37.5294206483528754,136.0,16.0,서행,126.9234414497844057_37.5294206483528754|126.9243788044885548_37.5284488470021884
2026-09-04T13:22:12.125893+09:00,여의도,여의도,POI072,KEY_4,1180034500,국회대로76길,1180009802,신한일보,126.9235485328000550_37.5294871131787886,1180009501,여의도공원앞교차로,126.9244851749435838_37.5285160491735326,136.0,12.0,정체,126.9244851749435838_37.5285160491735326|126.9235485328000550_37.5294871131787886
2026-09-04T13:22:12.125893+09:00,여의도,여의도,POI072,KEY_4,1180034801,여의공원로,1180009501,여의도공원앞교차로,126.9244851749435838_37.5285160491735326,1180051204,국민일보본사,126.9257155110862811_37.5293031839462898,139.0,21.0,서행,126.9257155110862811_37.5293031839462898|126.9244851749435838_37.5285160491735326
2026-09-04T13:22:12.125893+09:00,여의도,여의도,POI072,KEY_4,1180034802,여의공원로,1180051201,국민일보본사,126.9258217891435123_37.5293704606697105,1180052803,여의도동 8-1,126.9270735891385158_37.5301791716015671,143.0,22.0,서행,126.9270735891385158_37.5301791716015671|126.9269146142970186_37.5300549037916227|126.9258217891435123_37.5293704606697105
2026-09-04T13:22:12.125893+09:00,여의도,여의도,POI072,KEY_4,1180034901,여의공원로,1180051203,국민일보본사,126.9258005332342947_37.5292188928723505,1180009502,여의도공원앞교차로,126.9245701975796123_37.5284317589745982,139.0,19.0,서행,126.9245701975796123_37.5284317589745982|126.9258005332342947_37.5292188928723505
2026-09-04T13:22:12.125893+09:00,여의도,여의도,POI072,KEY_4,1180034902,여의공원로,1180052802,여의도동 8-1,126.9271942634312609_37.5301220004860596,1180051202,국민일보본사,126.9259057123857843_37.5292854733296437,147.0,20.0,서행,126.9259057123857843_37.5292854733296437|126.9270043948584146_37.5299735844800821|126.9271942634312609_37.5301220004860596
2026-09-04T13:22:12.125893+09:00,여의도,여의도,POI072,KEY_4,1180035200,여의서로,1180050903,마포대교앞교차로,126.9293336830422589_37.5291760389837705,1180052802,여의도동 8-1,126.9271942634312609_37.5301220004860596,217.0,16.3,서행,126.9271942634312609_37.5301220004860596|126.9289687654274701_37.5292909204113414|126.9293336830422589_37.5291760389837705
2026-09-04T13:22:12.125893+09:00,여의도,여의도,POI072,KEY_4,1180035301,여의서로,1180051900,마포대교(남측),126.9282127564699607_37.5297704303567201,1180050904,마포대교앞교차로,126.9294559117414423_37.5292538203661366,124.0,32.0,원활,126.9294559117414423_37.5292538203661366|126.9290284880619879_37.5293883798018513|126.9282127564699607_37.5297704303567201
2026-09-04T13:22:12.125893+09:00,여의도,여의도,POI072,KEY_4,1180035302,여의서로,1180052801,여의도동 8-1,126.9272946071328505_37.5302004365455559,1180051900,마포대교(남측),126.9282127564699607_37.5297704303567201,94.0,15.0,서행,126.9282127564699607_37.5297704303567201|126.9272946071328505_37.5302004365455559
2026-09-04T13:22:12.125893+09:00,여의도,여의도,POI072,KEY_4,1180036002,은행로,1180009801,신한일보,126.9234656771860301_37.5295727631180682,1180054103,여의도동 8-1,126.9253966778790357_37.5307939856169597,218.0,16.0,서행,126.9253966778790357_37.5307939856169597|126.9247967732784161_37.5303884026922248|126.9246963806167088_37.5303239145643346|126.9234656771860301_37.5295727631180682
2026-09-04T13:22:12.125893+09:00,여의도,여의도,POI072,KEY_4,1180036101,은행로,1180053403,중소기업투데이,126.9247789627892189_37.5302380972319654,1180009802,신한일보,126.9235485328000550_37.5294871131787886,137.0,21.0,서행,126.9235485328000550_37.5294871131787886|126.9247789627892189_37.5302380972319654
2026-09-04T13:22:12.125893+09:00,여의도,여의도,POI072,KEY_4,1180036102,은행로,1180054102,여의도동 8-1,126.9255387467788267_37.5307482084733266,1180053402,중소기업투데이,126.9248846356486524_37.5303059783637281,76.0,13.0,정체,126.9248846356486524_37.5303059783637281|126.9255387467788267_37.5307482084733266
2026-09-04T13:22:12.125893+09:00,여의도,여의도,POI072,KEY_4,1180036200,여의서로,1180052803,여의도동 8-1,126.9270735891385158_37.5301791716015671,1180054102,여의도동 8-1,126.9255387467788267_37.5307482084733266,150.0,31.7,원활,126.9255387467788267_37.5307482084733266|126.9263346255653886_37.5304864014787682|126.9267477914268198_37.5303345757613798|126.9270735891385158_37.5301791716015671
2026-09-04T13:22:12.125893+09:00,여의도,여의도,POI072,KEY_4,1180036300,여의서로,1180054101,여의도동 8,126.9256551428871944_37.5308269003855344,1180052804,여의도동 8-1,126.9271737183142079_37.5302574404772074,149.0,23.0,서행,126.9271737183142079_37.5302574404772074|126.9268112935386910_37.5304303158847645|126.9263890041094953_37.5305854941670134|126.9256551428871944_37.5308269003855344
2026-09-04T13:22:12.125893+09:00,여의도,여의도,POI072,KEY_4,1180036401,국회대로,1180155000,여의도동 1-1,126.9184061280869713_37.5300009967483419,1180010303,서강대교(남측),126.9215102204224763_37.5319506286676088,350.0,20.0,서행,126.9215102204224763_37.5319506286676088|126.9210461430147205_37.5316255718379566|126.9203325255415535_37.5311864488027496|126.9197419650193126_37.5308230414341679|126.9191619518192908_37.5304661181429466|126.9185557758553813_37.5300930883489983|126.9184061280869713_37.5300009967483419
2026-09-04T13:22:12.125893+09:00,여의도,여의도,POI072,KEY_4,1180036501,국회대로,1180142700,국회의사당삼거리,126.9174236015788750_37.5292597110738839,1180050802,국회의사당앞교차로,126.9170828781558384_37.5290500254580905,38.0,16.0,서행,126.9170828781558384_37.5290500254580905|126.9174236015788750_37.5292597110738839
2026-09-04T13:22:12.125893+09:00,여의도,여의도,POI072,KEY_4,1180036502,국회대로,1180010302,서강대교(남측),126.9216542954880822_37.5319075549676455,1180055401,서강대교남단,126.9213526599560566_37.5316962787179307,36.0,5.0,정체,126.9213526599560566_37.5316962787179307|126.9216542954880822_37.5319075549676455
2026-09-04T13:22:12.125893+09:00,여의도,여의도,POI072,KEY_4,1180036801,국회대로76길,1180054700,서강대교남측,126.9217615574708447_37.5313291653935792,1180009801,신한일보,126.9234656771860301_37.5295727631180682,246.0,32.0,원활,126.9234656771860301_37.5295727631180682|126.9217615574708447_37.5313291653935792
2026-09-04T13:22:12.125893+09:00,여의도,여의도,POI072,KEY_4,1180036802,국회대로76길,1180055401,서강대교남단,126.9213526599560566_37.5316962787179307,1180054700,서강대교남측,126.9217615574708447_37.5313291653935792,54.0,29.0,원활,126.9217615574708447_37.5313291653935792|126.9213526599560566_37.5316962787179307
2026-09-04T13:22:12.125893+09:00,여의도,여의도,POI072,KEY_4,1180036900,국회대로76길,1180009804,신한일보,126.9233585883312401_37.5295063067986732,1180055402,서강대교남단,126.9212497207452941_37.5316241760058915,300.0,18.0,서행,126.9212497207452941_37.5316241760058915|126.9216570369709558_37.5312600586952954|126.9233585883312401_37.5295063067986732
2026-09-04T13:22:12.125893+09:00,여의도,여의도,POI072,KEY_4,1180037401,여의서로,1180154900,여의도동 8-1,126.9245116578237855_37.5310611026891863,1180055500,서강대교남측,126.9220936272136981_37.5317745947810906,228.0,16.0,서행,126.9220936272136981_37.5317745947810906|126.9223180243961764_37.5317057160051633|126.9236617313689948_37.5313110990677146|126.9238006335624789_37.5312703054629822|126.9245116578237855_37.5310611026891863
2026-09-04T13:22:12.125893+09:00,여의도,여의도,POI072,KEY_4,1180037402,여의서로,1180055500,서강대교남측,126.9220936272136981_37.5317745947810906,1180010302,서강대교(남측),126.9216542954880822_37.5319075549676455,42.0,25.0,원활,126.9216542954880822_37.5319075549676455|126.9220936272136981_37.5317745947810906
2026-09-04T13:22:12.125893+09:00,여의도,여의도,POI072,KEY_4,1180037501,여의서로,1180154800,여의도동 8,126.9245587084467815_37.5311625223770164,1180054104,여의도동 8,126.9255136750625184_37.5308730840905937,90.0,27.0,원활,126.9255136750625184_37.5308730840905937|126.9251824944995661_37.5309789834896534|126.9245587084467815_37.5311625223770164
2026-09-04T13:22:12.125893+09:00,여의도,여의도,POI072,KEY_4,1180037502,여의서로,1180010301,서강대교(남측),126.9217369577254289_37.5319990605573608,1180054900,여의하류IC,126.9238476077766080_37.5313717470433375,199.0,28.0,원활,126.9238476077766080_37.5313717470433375|126.9237087053164998_37.5314125407943209|126.9223658286871910_37.5318069145412565|126.9217369577254289_37.5319990605573608
2026-09-04T13:22:12.125893+09:00,여의도,여의도,POI072,KEY_4,1180038001,여의서로,1180047804,의원회관앞교차로,126.9134650625379095_37.5269942928087872,1180050300,여의하류IC,126.9125858842577514_37.5288463372735421,220.0,13.0,정체,126.9125858842577514_37.5288463372735421|126.9133384396445194_37.5272156123272751|126.9134650625379095_37.5269942928087872
2026-09-04T13:22:12.125893+09:00,여의도,여의도,POI072,KEY_4,1180038003,여의서로,1180323100,최소노드배치점,126.9117402894865307_37.5311049087075475,1180057702,여의하류IC,126.9116446085465810_37.5333341738394211,262.0,32.0,원활,126.9116446085465810_37.5333341738394211|126.9114652390462226_37.5331501506058203|126.9113732100930463_37.5329943489975122|126.9112983897178282_37.5327900539595092|126.9112674876685105_37.5325516232177918|126.9112865696183974_37.5323367272189188|126.9113546059211899_37.5321355343469492|126.9114569592268964_37.5318631682642589|126.9115238408340929_37.5316841785415747|126.9117402894865307_37.5311049087075475
2026-09-04T13:22:12.125893+09:00,여의도,여의도,POI072,KEY_4,1180038004,여의서로,1180057702,여의하류IC,126.9116446085465810_37.5333341738394211,1180010601,여의하류IC,126.9158866788485369_37.5334891812985134,389.0,26.7,원활,126.9158866788485369_37.5334891812985134|126.9157160525504509_37.5335075640938882|126.9145253690237212_37.5336052142657834|126.9129473608267773_37.5337346107591614|126.9127263123781830_37.5337454488282916|126.9125619724539717_37.5337376282147730|126.9123498788537177_37.5336886646839432|126.9121669423552277_37.5336324766132563|126.9119754499676134_37.5335430187373973|126.9117951706554237_37.5334397412671237|126.9116446085465810_37.5333341738394211
2026-09-04T13:22:12.125893+09:00,여의도,여의도,POI072,KEY_4,1180038101,여의서로,1180141500,여의도동 8-1,126.9125034013571849_37.5294588335489934,1180047801,의원회관앞교차로,126.9135777323507170_37.5270581170031505,283.0,35.5,원활,126.9135777323507170_37.5270581170031505|126.9134640961386822_37.5272567387847005|126.9127147702930785_37.5288800985185560|126.9125034013571849_37.5294588335489934
2026-09-04T13:22:12.125893+09:00,여의도,여의도,POI072,KEY_4,1180038102,여의서로,1180136800,여의도동 8-1,126.9145114614992735_37.5334976629259458,1180057701,여의하류IC,126.9117432717733465_37.5332606350129012,257.0,23.0,서행,126.9117432717733465_37.5332606350129012|126.9118798764054787_37.5333550779968661|126.9120496011042292_37.5334523089724428|126.9122261082116410_37.5335347665300532|126.9123932874727672_37.5335861143590392|126.9125852087945532_37.5336304218281285|126.9127261896915257_37.5336371304333341|126.9129362320318251_37.5336268320589994|126.9145114614992735_37.5334976629259458
2026-09-04T13:22:12.125893+09:00,여의도,여의도,POI072,KEY_4,1180038602,여의서로,1180199400,여의도동 8-1,126.9180805162101962_37.5329548925892027,1180010602,여의하류IC,126.9158651872016321_37.5333825331527251,202.0,17.0,서행,126.9158651872016321_37.5333825331527251|126.9163150027583100_37.5333154038283041|126.9167447105342319_37.5332479919289739|126.9172043329491686_37.5331630452426737|126.9179823764344519_37.5329820256749258|126.9180805162101962_37.5329548925892027
2026-09-04T13:22:12.125893+09:00,여의도,여의도,POI072,KEY_4,1180038702,여의서로,1180323000,최소노드배치점,126.9187881082516611_37.5328709059154022,1180010304,서강대교(남측),126.9216090189517701_37.5320376430852960,266.0,24.7,서행,126.9216090189517701_37.5320376430852960|126.9203533112228826_37.5324099776008708|126.9202812799588713_37.5324311902864451|126.9187881082516611_37.5328709059154022
2026-09-04T13:22:12.125893+09:00,여의도,여의도,POI072,KEY_4,1180039200,올림픽대로,1180058400,여의하류IC,126.9148490647562824_37.5338551834337650,1180010601,여의하류IC,126.9158866788485369_37.5334891812985134,100.0,30.5,서행,126.9158866788485369_37.5334891812985134|126.9155841280332453_37.5335956228786003|126.9148490647562824_37.5338551834337650
2026-09-04T13:22:12.125893+09:00,여의도,여의도,POI072,KEY_4,1180041102,국회대로,1180274900,최소노드배치점,126.9238759567866452_37.5352270758419237,1180010301,서강대교(남측),126.9217369577254289_37.5319990605573608,405.0,59.3,원활,126.9217369577254289_37.5319990605573608|126.9234661246942437_37.5346102805177892|126.9238759567866452_37.5352270758419237
2026-09-04T13:22:12.125893+09:00,여의도,여의도,POI072,KEY_4,1180062600,여의대방로,1190002703,대방역사거리,126.9268958244966257_37.5145487094125656,1190018001,신길초등학교사거리,126.9248789899667997_37.5112367041177919,410.0,46.0,원활,126.9248789899667997_37.5112367041177919|126.9251784864751045_37.5119743169443751|126.9253201831395614_37.5123138355713479|126.9254964946367608_37.5125952899220820|126.9261779210122114_37.5135516559070297|126.9268958244966257_37.5145487094125656
2026-09-04T13:22:12.125893+09:00,여의도,여의도,POI072,KEY_4,1180062700,여의대방로,1190018004,신길초등학교사거리,126.9247482475985862_37.5112660300318268,1190002704,대방역사거리,126.9267562377877425_37.5145721661826528,409.0,46.0,원활,126.9267562377877425_37.5145721661826528|126.9260600278491466_37.5136052369460913|126.9253766642585646_37.5126461480342570|126.9251944266099628_37.5123552364199853|126.9250495134461403_37.5120080075138560|126.9247482475985862_37.5112660300318268
2026-09-04T13:22:12.125893+09:00,여의도,여의도,POI072,KEY_4,1180065700,노들로,1190002704,대방역사거리,126.9267562377877425_37.5145721661826528,1180025902,여의교지하차도(서측),126.9243577826353402_37.5152265372191849,226.0,45.0,원활,126.9243577826353402_37.5152265372191849|126.9245809528478048_37.5150956973008007|126.9252332346312215_37.5148831534130309|126.9254577190681204_37.5148274294658464|126.9263383848454794_37.5146481452327691|126.9267562377877425_37.5145721661826528
2026-09-04T13:22:12.125893+09:00,여의도,여의도,POI072,KEY_4,1180065800,노들로,1180025901,여의교지하차도(서측),126.9244132221409131_37.5153255758902233,1190002701,대방역사거리,126.9269003072911914_37.5147677729739755,229.0,39.0,원활,126.9269003072911914_37.5147677729739755|126.9264022132233549_37.5148583423264341|126.9255317623644288_37.5150355467441798|126.9253251818176551_37.5150868275884335|126.9246837339447040_37.5152958401404746|126.9244132221409131_37.5153255758902233
2026-09-04T13:22:12.125893+09:00,여의도,여의도,POI072,KEY_4,1180070000,영등포로57길,1180231200,신길동 42-7,126.9185933294383659_37.5169703071205234,1180028902,신길역,126.9166440632117485_37.5173560032043412,178.0,25.0,원활,126.9166440632117485_37.5173560032043412|126.9172033039011893_37.5172657449748854|126.9179843661455891_37.5171190957105267|126.9182238987002904_37.5170605709356195|126.9185933294383659_37.5169703071205234
2026-09-04T13:22:12.125893+09:00,여의도,여의도,POI072,KEY_4,1180070100,영등포로57길,1180221800,신길동 20-7,126.9182637047614008_37.5171639378316684,1180028103,신길동15-3,126.9194043750581358_37.5170210107110691,103.0,12.0,정체,126.9194043750581358_37.5170210107110691|126.9192364816635603_37.5170118471295240|126.9187161041369620_37.5170534021318858|126.9186331360129998_37.5170736740641217|126.9182637047614008_37.5171639378316684
2026-09-04T13:22:12.125893+09:00,여의도,여의도,POI072,KEY_4,1180070700,노들로,1180028103,신길동15-3,126.9194043750581358_37.5170210107110691,1180029702,노들길지하차도(남측),126.9173777873138533_37.5177999098372865,199.0,30.0,원활,126.9173777873138533_37.5177999098372865|126.9182827991260893_37.5174256256417635|126.9194043750581358_37.5170210107110691
2026-09-04T13:22:12.125893+09:00,여의도,여의도,POI072,KEY_4,1180070800,노들로,1180029701,노들길지하차도(남측),126.9174454412259223_37.5178935252872279,1180028104,신길동15-3,126.9194603769218617_37.5171195004770794,198.0,58.0,원활,126.9194603769218617_37.5171195004770794|126.9183421015647042_37.5175229245464337|126.9174454412259223_37.5178935252872279
2026-09-04T13:22:12.125893+09:00,여의도,여의도,POI072,KEY_4,1180071100,여의동로,1180030703,이마트(여의도점),126.9276237094474169_37.5180791890850927,1180028501,여의도동 3-9,126.9264061143659319_37.5172852192624120,139.0,22.0,서행,126.9264061143659319_37.5172852192624120|126.9265378572362124_37.5173842043816279|126.9274329172205142_37.5179584390562226|126.9276237094474169_37.5180791890850927
2026-09-04T13:22:12.125893+09:00,여의도,여의도,POI072,KEY_4,1180071200,여의동로,1180028504,여의도동 3-9,126.9262556418987771_37.5173207931159425,1180030704,이마트(여의도점),126.9275405917458244_37.5181646802247997,147.0,25.0,원활,126.9275405917458244_37.5181646802247997|126.9273481211435524_37.5180428676898217|126.9264485774468909_37.5174657562893046|126.9262556418987771_37.5173207931159425
2026-09-04T13:22:12.125893+09:00,여의도,여의도,POI072,KEY_4,1180071500,올림픽대로,1180029900,여의상류IC,126.9404509601255029_37.5178091794502038,1180072900,여의상류IC,126.9406083800987517_37.5174248708792817,45.0,43.0,서행,126.9406083800987517_37.5174248708792817|126.9404509601255029_37.5178091794502038
2026-09-04T13:22:12.125893+09:00,여의도,여의도,POI072,KEY_4,1180071603,올림픽대로,1180029800,여의상류IC,126.9377628191142691_37.5176475456465397,1180029601,여의상류IC,126.9365050785440872_37.5176034226056245,111.0,38.7,서행,126.9365050785440872_37.5176034226056245|126.9367032441416256_37.5175986320360053|126.9369075905664630_37.5176015254681374|126.9377628191142691_37.5176475456465397
2026-09-04T13:22:12.125893+09:00,여의도,여의도,POI072,KEY_4,1180071900,올림픽대로,1180030100,여의상류IC,126.9399292397485937_37.5179051874619134,1180029800,여의상류IC,126.9377628191142691_37.5176475456465397,194.0,44.7,서행,126.9377628191142691_37.5176475456465397|126.9388819762016425_37.5177795458921608|126.9393202235015963_37.5178280530124439|126.9399292397485937_37.5179051874619134
2026-09-04T13:22:12.125893+09:00,여의도,여의도,POI072,KEY_4,1180072400,올림픽대로,1180030100,여의상류IC,126.9399292397485937_37.5179051874619134,1180030303,여의상류IC,126.9386432411447601_37.5179706215453024,116.0,31.0,서행,126.9386432411447601_37.5179706215453024|126.9388356132939606_37.5178999662067767|126.9389554574936199_37.5178743054647086|126.9390645174950265_37.5178690017115315|126.9392529998118562_37.5178723144811457|126.9394993655986497_37.5178917341157501|126.9397551544488181_37.5179079414615089|126.9399292397485937_37.5179051874619134
2026-09-04T13:22:12.125893+09:00,여의도,여의도,POI072,KEY_4,1180072700,올림픽대로,1180072800,여의상류IC,126.9405016513416058_37.5173927522574644,1180030100,여의상류IC,126.9399292397485937_37.5179051874619134,84.0,40.0,서행,126.9399292397485937_37.5179051874619134|126.9400831202883921_37.5178824486165894|126.9402777750538718_37.5177996873365771|126.9403592878800566_37.5177300782674692|126.9404107662331427_37.5176558174294499|126.9404538000154758_37.5175691842385888|126.9405016513416058_37.5173927522574644
2026-09-04T13:22:12.125893+09:00,여의도,여의도,POI072,KEY_4,1180072800,올림픽대로,1180030302,여의상류IC,126.9388089615749209_37.5179993865758163,1180029900,여의상류IC,126.9404509601255029_37.5178091794502038,155.0,17.0,정체,126.9404509601255029_37.5178091794502038|126.9403835973619863_37.5178670232158780|126.9402933476123962_37.5179248544743515|126.9402017670291087_37.5179633936088734|126.9401061504134987_37.5179933557776337|126.9400078586650551_37.5180061677154342|126.9399185009759918_37.5180075323650257|126.9398256116081853_37.5179978389370774|126.9397219567891710_37.5179784938017420|126.9395779254911645_37.5179473373987165|126.9394460007034979_37.5179279775558143|126.9392884871980556_37.5179150348757489|126.9391269249482690_37.5179192395949030|126.9389990109286401_37.5179352502025054|126.9388089615749209_37.5179993865758163
2026-09-04T13:22:12.125893+09:00,여의도,여의도,POI072,KEY_4,1180073700,노들로,1180029702,노들길지하차도(남측),126.9173777873138533_37.5177999098372865,1180034603,영등포고가차도(동측),126.9147300572169001_37.5198605051879994,338.0,37.0,원활,126.9147300572169001_37.5198605051879994|126.9150052415285899_37.5193514519132947|126.9151894424992975_37.5191040580958202|126.9154714844551108_37.5188399519601390|126.9157868976313068_37.5186039234675164|126.9161910198482275_37.5183507776750886|126.9167237512801591_37.5180668276396787|126.9171122463613415_37.5178702360334597|126.9173777873138533_37.5177999098372865
2026-09-04T13:22:12.125893+09:00,여의도,여의도,POI072,KEY_4,1180073800,노들로,1180034602,영등포고가차도(동측),126.9149485395489876_37.5200031329234420,1180029701,노들길지하차도(남측),126.9174454412259223_37.5178935252872279,330.0,46.0,원활,126.9174454412259223_37.5178935252872279|126.9172578247047056_37.5180527585371451|126.9168720512663810_37.5182479724615590|126.9163506557057843_37.5185258800491539|126.9159640945339049_37.5187680250151914|126.9156684392605996_37.5189892700103726|126.9154111841748147_37.5192301665086774|126.9152476751075937_37.5194497696661458|126.9149485395489876_37.5200031329234420
2026-09-04T13:22:12.125893+09:00,여의도,여의도,POI072,KEY_4,1180073900,올림픽대로,1180032700,여의상류IC,126.9408644596989291_37.5190433065538684,1180029900,여의상류IC,126.9404509601255029_37.5178091794502038,146.0,34.0,서행,126.9404509601255029_37.5178091794502038|126.9404310269714529_37.5180692971477612|126.9404593198215707_37.5181945058118345|126.9405293590956347_37.5183363022392768|126.9406428359182541_37.5184650324871498|126.9407039224352047_37.5185554824422525|126.9407671851563748_37.5186563652702816|126.9408217004846762_37.5187746330407421|126.9408521950314110_37.5188789781700649|126.9408673973805293_37.5189902704776017|126.9408644596989291_37.5190433065538684
2026-09-04T13:22:12.125893+09:00,여의도,여의도,POI072,KEY_4,1180074000,영등포로,1180031002,신길역,126.9159335144703817_37.5180872053454948,1180032000,영등포로터리,126.9141035939490507_37.5187705194977141,181.0,27.0,원활,126.9141035939490507_37.5187705194977141|126.9145660929896025_37.5186886104868407|126.9148490250060348_37.5185994181823261|126.9155991033942001_37.5182852803393274|126.9159335144703817_37.5180872053454948
2026-09-04T13:22:12.125893+09:00,여의도,여의도,POI072,KEY_4,1180075100,경인로,1180033100,영등포로터리,126.9147672532710232_37.5194468380783732,1180031001,신길역,126.9160342294389352_37.5181596924073730,183.0,42.0,원활,126.9160342294389352_37.5181596924073730|126.9158010714940445_37.5183319108412903|126.9155449492747891_37.5185355519912989|126.9152932575860575_37.5187892581853575|126.9150370026818848_37.5191073254966128|126.9147672532710232_37.5194468380783732
2026-09-04T13:22:12.125893+09:00,여의도,여의도,POI072,KEY_4,1180076000,노들로,1180263400,최소노드배치점,126.9150215912051465_37.5197313004111095,1180029701,노들길지하차도(남측),126.9174454412259223_37.5178935252872279,302.0,67.8,원활,126.9174454412259223_37.5178935252872279|126.9168349753552718_37.5182026853724011|126.9163107458231110_37.5184821044756731|126.9159197960838981_37.5187269996541488|126.9156192013340245_37.5189519405294618|126.9153557486849166_37.5191986403456426|126.9151870666523791_37.5194251909504075|126.9150215912051465_37.5197313004111095
2026-09-04T13:22:12.125893+09:00,여의도,여의도,POI072,KEY_4,1180076900,여의나루로2길,1180031104,윤중중학교,126.9248361210198794_37.5184530288178522,1180036803,광장아파트앞,126.9227144019653082_37.5206666139467089,310.0,20.0,서행,126.9227144019653082_37.5206666139467089|126.9227532238180629_37.5205737479899568|126.9237453604085886_37.5195748552820376|126.9248361210198794_37.5184530288178522
2026-09-04T13:22:12.125893+09:00,여의도,여의도,POI072,KEY_4,1180077501,여의대방로65길,1180031503,여의도동4-4,126.9297722851941046_37.5196579918983986,1180031506,인도네시아대사관,126.9308072157305389_37.5186285705181319,146.0,15.0,서행,126.9308072157305389_37.5186285705181319|126.9297722851941046_37.5196579918983986
2026-09-04T13:22:12.125893+09:00,여의도,여의도,POI072,KEY_4,1180077502,여의대방로65길,1180036702,매일일보,126.9287164299037443_37.5207081885220788,1180031502,여의도동4-4,126.9296874356870433_37.5197423880918137,137.0,6.0,정체,126.9296874356870433_37.5197423880918137|126.9289620332308317_37.5204639049460980|126.9287164299037443_37.5207081885220788
2026-09-04T13:22:12.125893+09:00,여의도,여의도,POI072,KEY_4,1180079601,여의대방로69길,1180033003,여의도동4-3,126.9310026116467043_37.5204312861576597,1180033006,여의도동 5,126.9320621848172266_37.5193974572135858,148.0,6.0,정체,126.9320621848172266_37.5193974572135858|126.9310026116467043_37.5204312861576597
2026-09-04T13:22:12.125893+09:00,여의도,여의도,POI072,KEY_4,1180079602,여의대방로69길,1180038602,한국금융증권,126.9299951560938382_37.5215173870643000,1180033002,여의도동4-3,126.9309225566694295_37.5205116725064727,138.0,10.0,정체,126.9309225566694295_37.5205116725064727|126.9299951560938382_37.5215173870643000
2026-09-04T13:22:12.125893+09:00,여의도,여의도,POI072,KEY_4,1180079800,국제금융로8길,1180034304,미래에셋빌딩,126.9271852079254330_37.5199022140612897,1180037803,여의도백화점,126.9261701209206308_37.5209339886117448,146.0,7.5,정체,126.9261701209206308_37.5209339886117448|126.9261911265355707_37.5209065883039727|126.9267597615167489_37.5203419468673758|126.9271650176002026_37.5199272613282986|126.9271852079254330_37.5199022140612897
2026-09-04T13:22:12.125893+09:00,여의도,여의도,POI072,KEY_4,1180080400,여의동로,1180034500,메리어트파크센터오피스텔,126.9191573972615572_37.5200167950090204,1180040500,버들광장앞교차로,126.9161939719324579_37.5224229383147687,389.0,35.7,원활,126.9161939719324579_37.5224229383147687|126.9167426059924679_37.5216104139380207|126.9169524263356266_37.5213316445914842|126.9172011738798034_37.5210362146835763|126.9174348747745995_37.5208122908082657|126.9175966520831764_37.5206717527601228|126.9177733818976606_37.5205407611104391|126.9179021742503153_37.5204550301915631|126.9180698803598375_37.5203645580240277|126.9183154036421826_37.5202741394602839|126.9185788763550988_37.5201908849197778|126.9188048366269186_37.5201255204490636|126.9191573972615572_37.5200167950090204
2026-09-04T13:22:12.125893+09:00,여의도,여의도,POI072,KEY_4,1180080700,국제금융로6길,1180035901,여의도동 3-6,126.9253314029925406_37.5205830136610601,1180037804,여의도백화점,126.9260889939629209_37.5210206754039888,83.0,12.0,정체,126.9260889939629209_37.5210206754039888|126.9255710268125199_37.5207131494163306|126.9253314029925406_37.5205830136610601
2026-09-04T13:22:12.125893+09:00,여의도,여의도,POI072,KEY_4,1180082100,여의나루로4길,1180036704,매일일보,126.9285263157772903_37.5207269494805828,1180039603,한국노총회관,126.9275235472930063_37.5217889686242856,147.0,9.0,정체,126.9275235472930063_37.5217889686242856|126.9285263157772903_37.5207269494805828
2026-09-04T13:22:12.125893+09:00,여의도,여의도,POI072,KEY_4,1180082200,여의나루로4길,1180039602,한국노총회관,126.9276303241940980_37.5218557680585860,1180036701,매일일보,126.9286332141362692_37.5207936198378604,148.0,11.0,정체,126.9286332141362692_37.5207936198378604|126.9276303241940980_37.5218557680585860
2026-09-04T13:22:12.125893+09:00,여의도,여의도,POI072,KEY_4,1180082301,여의동로1길,1180210100,여의도동 2-8,126.9192896850102699_37.5208453219656519,1180035807,KT여의도지점,126.9186604598271515_37.5204553701592047,70.0,8.0,정체,126.9186604598271515_37.5204553701592047|126.9187823073190913_37.5205297191339184|126.9192896850102699_37.5208453219656519
2026-09-04T13:22:12.125893+09:00,여의도,여의도,POI072,KEY_4,1180082302,여의동로1길,1180040303,대한투자신탁빌딩,126.9213072068328358_37.5221186397936606,1180035803,LG경영개발원,126.9201321156892703_37.5213693262362895,133.0,27.0,원활,126.9201321156892703_37.5213693262362895|126.9201737094506228_37.5213951978285110|126.9213072068328358_37.5221186397936606
2026-09-04T13:22:12.125893+09:00,여의도,여의도,POI072,KEY_4,1180082401,여의동로1길,1180035802,LG경영개발원,126.9200485653260415_37.5214545403774409,1180040304,대한투자신탁빌딩,126.9212238509502555_37.5222039898002322,133.0,12.0,정체,126.9212238509502555_37.5222039898002322|126.9200894880125929_37.5214799945996305|126.9200485653260415_37.5214545403774409
2026-09-04T13:22:12.125893+09:00,여의도,여의도,POI072,KEY_4,1180082402,여의동로1길,1180035806,KT여의도지점,126.9185563083192676_37.5205280201315929,1180035805,LG경영개발원,126.9199415755927589_37.5213879918803102,155.0,12.0,정체,126.9199415755927589_37.5213879918803102|126.9192061340062878_37.5209305358602236|126.9186992541610692_37.5206152428383959|126.9185563083192676_37.5205280201315929
2026-09-04T13:22:12.125893+09:00,여의도,여의도,POI072,KEY_4,1180082600,여의대로2길,1180252000,여의도동 2-7,126.9213903647884649_37.5220349997937390,1180040303,대한투자신탁빌딩,126.9213072068328358_37.5221186397936606,12.0,7.0,정체,126.9213072068328358_37.5221186397936606|126.9213903647884649_37.5220349997937390
2026-09-04T13:22:12.125893+09:00,여의도,여의도,POI072,KEY_4,1180082700,여의대로2길,1180040302,대한투자신탁빌딩,126.9214136274314626_37.5221857618977026,1180036801,광장아파트앞,126.9227595051740991_37.5208320493825696,192.0,20.0,서행,126.9227595051740991_37.5208320493825696|126.9225686764472556_37.5210239929151470|126.9222044493932202_37.5213903441468659|126.9218506466926186_37.5217462056978377|126.9214967852985296_37.5221021218162605|126.9214136274314626_37.5221857618977026
2026-09-04T13:22:12.125893+09:00,여의도,여의도,POI072,KEY_4,1180083100,국제금융로6길,1180037801,여의도백화점,126.9261939219537965_37.5210848066129898,1180039604,한국노총회관,126.9274411463804313_37.5218749163882279,141.0,18.7,서행,126.9274411463804313_37.5218749163882279|126.9267999492455061_37.5214687252867378|126.9261939219537965_37.5210848066129898
2026-09-04T13:22:12.125893+09:00,여의도,여의도,POI072,KEY_4,1180085000,의사당대로,1180038904,여의도역앞교차로,126.9240944819508456_37.5216807302462740,1180041503,속성변화점,126.9232621945534021_37.5225582878517514,122.0,5.0,정체,126.9232621945534021_37.5225582878517514|126.9240944819508456_37.5216807302462740
2026-09-04T13:22:12.125893+09:00,여의도,여의도,POI072,KEY_4,1180085300,의사당대로,1180041502,국회앞지하차도,126.9233705115822772_37.5226234575251354,1180038901,여의도역앞교차로,126.9242012582014354_37.5217475240258054,122.0,29.0,원활,126.9242012582014354_37.5217475240258054|126.9233705115822772_37.5226234575251354
2026-09-04T13:22:12.125893+09:00,여의도,여의도,POI072,KEY_4,1180085600,여의대로,1180044401,여의도공원앞,126.9217097283597013_37.5242162542949913,1180038802,여의도교차로,126.9175141532534923_37.5216096736950604,470.0,42.0,원활,126.9175141532534923_37.5216096736950604|126.9205649669404323_37.5234987788975545|126.9217097283597013_37.5242162542949913
2026-09-04T13:22:12.125893+09:00,여의도,여의도,POI072,KEY_4,1180085800,여의나루로4길,1180092000,여의도동 3-4,126.9268692185870151_37.5224621159343670,1180042303,여의도우체국,126.9263908079338563_37.5229532919718807,69.0,11.0,정체,126.9263908079338563_37.5229532919718807|126.9268692185870151_37.5224621159343670
2026-09-04T13:22:12.125893+09:00,여의도,여의도,POI072,KEY_4,1180085900,여의나루로4길,1180091900,여의도동 33,126.9269764759797710_37.5225283883706098,1180039601,한국노총회관,126.9275479160526032_37.5219416888512995,82.0,10.0,정체,126.9275479160526032_37.5219416888512995|126.9269764759797710_37.5225283883706098
2026-09-04T13:22:12.125893+09:00,여의도,여의도,POI072,KEY_4,1180086000,여의대방로,1180043100,원효대교남단,126.9389194214592607_37.5234603791527448,1180038401,원효대교(남측),126.9355118374576392_37.5214344074539099,377.0,5.0,정체,126.9355118374576392_37.5214344074539099|126.9357682265078324_37.5215237383808358|126.9368814016096110_37.5222080746101767|126.9378844663648636_37.5228141242598880|126.9386342653729258_37.5232817445596751|126.9389194214592607_37.5234603791527448
2026-09-04T13:22:12.125893+09:00,여의도,여의도,POI072,KEY_4,1180086100,여의대방로,1180038402,원효대교(남측),126.9354288936371944_37.5215199968422155,1180043400,원효대교남단,126.9388452416195463_37.5235509284484792,378.0,55.0,원활,126.9388452416195463_37.5235509284484792|126.9385269005017420_37.5234022392466500|126.9377236729463903_37.5229883934775685|126.9367164135576331_37.5223798075140991|126.9356023408485044_37.5216949187275617|126.9354288936371944_37.5215199968422155
2026-09-04T13:22:12.125893+09:00,여의도,여의도,POI072,KEY_4,1180086200,여의대방로,1180043100,원효대교남단,126.9389194214592607_37.5234603791527448,1180039300,원효대교(남측),126.9394984211137256_37.5216954122665811,256.0,17.0,서행,126.9394984211137256_37.5216954122665811|126.9394143576814571_37.5217932892441297|126.9390639344829168_37.5220578983287538|126.9386058222683715_37.5224039073714266|126.9384454643178373_37.5225455615191805|126.9383732776471589_37.5226476074626873|126.9383372872894142_37.5227369852470787|126.9383282232904264_37.5228406804968202|126.9383416241537788_37.5229229319018529|126.9383954201431948_37.5230195086963576|126.9384806415670255_37.5231196770154796|126.9389194214592607_37.5234603791527448
2026-09-04T13:22:12.125893+09:00,여의도,여의도,POI072,KEY_4,1180086400,국제금융로6길,1180039601,한국노총회관,126.9275479160526032_37.5219416888512995,1180042604,동서빌딩,126.9295381668630398_37.5232067155673192,225.0,10.0,정체,126.9295381668630398_37.5232067155673192|126.9293981951603882_37.5231126381915203|126.9280233154665609_37.5222352311225436|126.9275479160526032_37.5219416888512995
2026-09-04T13:22:12.125893+09:00,여의도,여의도,POI072,KEY_4,1180086800,여의대로2길,1180040304,대한투자신탁빌딩,126.9212238509502555_37.5222039898002322,1180042803,전경련회관,126.9204696857417076_37.5229905971904500,110.0,18.5,서행,126.9204696857417076_37.5229905971904500|126.9212238509502555_37.5222039898002322
2026-09-04T13:22:12.125893+09:00,여의도,여의도,POI072,KEY_4,1180086900,여의대로2길,1180042802,전경련회관,126.9205742637601162_37.5230596706733053,1180040301,대한투자신탁빌딩,126.9213317400245273_37.5222696086659511,110.0,20.0,서행,126.9213317400245273_37.5222696086659511|126.9205742637601162_37.5230596706733053
2026-09-04T13:22:12.125893+09:00,여의도,여의도,POI072,KEY_4,1180087000,여의동로,1180040500,버들광장앞교차로,126.9161939719324579_37.5224229383147687,1180042903,한국방송공사앞,126.9160598886022484_37.5232024405971387,89.0,33.0,원활,126.9160598886022484_37.5232024405971387|126.9160345093533806_37.5231642193772856|126.9160286002892235_37.5230950821679485|126.9160616602082285_37.5229735262128017|126.9161637830189875_37.5226541555588327|126.9161939719324579_37.5224229383147687
2026-09-04T13:22:12.125893+09:00,여의도,여의도,POI072,KEY_4,1180087100,여의대로,1180038801,여의도교차로,126.9174398834116033_37.5217006351711717,1180044402,여의도공원앞,126.9216257794162317_37.5243012223384227,469.0,19.0,서행,126.9216257794162317_37.5243012223384227|126.9204813325683574_37.5235839430196663|126.9174398834116033_37.5217006351711717
2026-09-04T13:22:12.125893+09:00,여의도,여의도,POI072,KEY_4,1180087203,여의대로,1180038704,전경련회관삼거리,126.9191704288033691_37.5221849123008013,1180038707,서울교앞,126.9177536585469710_37.5213009209994013,159.0,29.5,원활,126.9177536585469710_37.5213009209994013|126.9179266555743908_37.5214136032377183|126.9191704288033691_37.5221849123008013
2026-09-04T13:22:12.125893+09:00,여의도,여의도,POI072,KEY_4,1180087204,여의대로,1180042803,전경련회관,126.9204696857417076_37.5229905971904500,1180038703,전경련회관삼거리,126.9192775411875402_37.5222513352049134,134.0,29.5,원활,126.9192775411875402_37.5222513352049134|126.9204696857417076_37.5229905971904500
2026-09-04T13:22:12.125893+09:00,여의도,여의도,POI072,KEY_4,1180087300,의사당대로,1180041503,속성변화점,126.9232621945534021_37.5225582878517514,1180042502,여의도지하차도(남측),126.9230739462851005_37.5227496061812005,27.0,17.0,서행,126.9230739462851005_37.5227496061812005|126.9231810254375432_37.5226418788369287|126.9232621945534021_37.5225582878517514
2026-09-04T13:22:12.125893+09:00,여의도,여의도,POI072,KEY_4,1180087400,의사당대로,1180042501,여의도지하차도(남측),126.9231803886150800_37.5228167082285182,1180041501,국회앞지하차도,126.9232874381288525_37.5227089776975404,15.0,9.0,정체,126.9232874381288525_37.5227089776975404|126.9231803886150800_37.5228167082285182
2026-09-04T13:22:12.125893+09:00,여의도,여의도,POI072,KEY_4,1180087700,여의나루로,1180041304,여의도포스트타워,126.9255002248636544_37.5225475166510023,1180043304,서남미술전시관,126.9246482595642505_37.5234309775800341,124.0,10.0,정체,126.9246482595642505_37.5234309775800341|126.9255002248636544_37.5225475166510023
2026-09-04T13:22:12.125893+09:00,여의도,여의도,POI072,KEY_4,1180087900,국제금융로2길,1180043304,서남미술전시관,126.9246482595642505_37.5234309775800341,1180041502,국회앞지하차도,126.9233705115822772_37.5226234575251354,144.0,12.0,정체,126.9233705115822772_37.5226234575251354|126.9246482595642505_37.5234309775800341
2026-09-04T13:22:12.125893+09:00,여의도,여의도,POI072,KEY_4,1180088000,국제금융로2길,1180041501,국회앞지하차도,126.9232874381288525_37.5227089776975404,1180043305,서남미술전시관,126.9245638815206974_37.5235156738176698,144.0,12.0,정체,126.9245638815206974_37.5235156738176698|126.9232874381288525_37.5227089776975404
2026-09-04T13:22:12.125893+09:00,여의도,여의도,POI072,KEY_4,1180088600,의사당대로,1180042502,여의도지하차도(남측),126.9230739462851005_37.5227496061812005,1180043908,여의도공원앞,126.9219023251390297_37.5238413780774422,160.0,29.0,원활,126.9219023251390297_37.5238413780774422|126.9228522219405306_37.5228856048509840|126.9230739462851005_37.5227496061812005
2026-09-04T13:22:12.125893+09:00,여의도,여의도,POI072,KEY_4,1180088700,의사당대로,1180043907,여의도공원앞,126.9221245522233374_37.5239661861320641,1180042501,여의도지하차도(남측),126.9231803886150800_37.5228167082285182,159.0,9.0,정체,126.9231803886150800_37.5228167082285182|126.9230651003582295_37.5230198156360615|126.9221245522233374_37.5239661861320641
2026-09-04T13:22:12.125893+09:00,여의도,여의도,POI072,KEY_4,1180088800,여의동로,1180044300,원효대교(남측),126.9363222446695119_37.5240962818884185,1180043400,원효대교남단,126.9388452416195463_37.5235509284484792,262.0,47.0,원활,126.9388452416195463_37.5235509284484792|126.9384579493625438_37.5234164617016432|126.9382200598614503_37.5233412443599619|126.9380943813213918_37.5233018443910211|126.9379642022848174_37.5232767444369202|126.9378340066637492_37.5232731008024061|126.9376229810390129_37.5232872929537464|126.9374613272680392_37.5233193903731248|126.9373544849209878_37.5233714062846175|126.9371561824279837_37.5235065711294808|126.9363767315390135_37.5240925820042506|126.9363222446695119_37.5240962818884185
2026-09-04T13:22:12.125893+09:00,여의도,여의도,POI072,KEY_4,1180089700,여의동로,1180040500,버들광장앞교차로,126.9161939719324579_37.5224229383147687,1180046700,여의하류IC,126.9139332883952989_37.5258302984319769,428.0,37.7,원활,126.9139332883952989_37.5258302984319769|126.9144071253527954_37.5250320342758101|126.9147639061961854_37.5245102165586246|126.9154324671464025_37.5235452156443898|126.9160590702339135_37.5226135549969868|126.9161939719324579_37.5224229383147687
2026-09-04T13:22:12.125893+09:00,여의도,여의도,POI072,KEY_4,1180090101,국제금융로2길,1180043307,IFC몰,126.9254731568261292_37.5239442773486331,1180043303,서남미술전시관,126.9247526031822275_37.5235002745017567,81.0,6.5,정체,126.9247526031822275_37.5235002745017567|126.9248563107640138_37.5235729177071065|126.9254731568261292_37.5239442773486331
2026-09-04T13:22:12.125893+09:00,여의도,여의도,POI072,KEY_4,1180090102,국제금융로2길,1180232100,여의도동 2-3,126.9265042604631191_37.5245978717237421,1180043306,IFC몰,126.9255988492387957_37.5240199470525582,103.0,8.0,정체,126.9255988492387957_37.5240199470525582|126.9256627847946106_37.5240584375902699|126.9265012354012185_37.5245959182143096|126.9265042604631191_37.5245978717237421
2026-09-04T13:22:12.125893+09:00,여의도,여의도,POI072,KEY_4,1180090201,국제금융로2길,1180224600,여의도동 2-3,126.9269655222914537_37.5250349352047721,1180045504,콘래드호텔,126.9274823003491548_37.5253285166201778,56.0,7.0,정체,126.9274823003491548_37.5253285166201778|126.9271764669597928_37.5251711551253138|126.9269655222914537_37.5250349352047721
2026-09-04T13:22:12.125893+09:00,여의도,여의도,POI072,KEY_4,1180090202,국제금융로2길,1180043302,서남미술전시관,126.9246629538215672_37.5235814628114355,1180043308,IFC몰,126.9253912997659910_37.5240305296354393,81.0,12.0,정체,126.9253912997659910_37.5240305296354393|126.9247704392448242_37.5236567526637756|126.9246629538215672_37.5235814628114355
2026-09-04T13:22:12.125893+09:00,여의도,여의도,POI072,KEY_4,1180090400,의사당대로,1180009002,여의도지하차도(북측),126.9192224605303210_37.5268054826268056,1180042501,여의도지하차도(남측),126.9231803886150800_37.5228167082285182,564.0,41.7,원활,126.9231803886150800_37.5228167082285182|126.9220341599056354_37.5239700333276289|126.9213599375945734_37.5246571942557807|126.9202506695416304_37.5258132586785891|126.9192224605303210_37.5268054826268056
2026-09-04T13:22:12.125893+09:00,여의도,여의도,POI072,KEY_4,1180090500,국회대로62길,1180045104,여의도동 2-11,126.9185848101250258_37.5248548993062059,1180046303,한국방송공사,126.9176318821814391_37.5258125570049614,136.0,12.0,정체,126.9176318821814391_37.5258125570049614|126.9185848101250258_37.5248548993062059
2026-09-04T13:22:12.125893+09:00,여의도,여의도,POI072,KEY_4,1180090600,국회대로62길,1180046302,한국방송공사,126.9177382756308674_37.5258797120015544,1180045101,여의도동 2-11,126.9186925033394289_37.5249207467094124,136.0,14.0,정체,126.9186925033394289_37.5249207467094124|126.9177382756308674_37.5258797120015544
2026-09-04T13:22:12.125893+09:00,여의도,여의도,POI072,KEY_4,1180090801,여의대로,1180043904,여의도동2-11,126.9242022027608812_37.5252577455223957,1180043907,여의도공원앞,126.9221245522233374_37.5239661861320641,233.0,9.5,정체,126.9221245522233374_37.5239661861320641|126.9224788397255423_37.5242242581977550|126.9229839915675910_37.5245271993776797|126.9242022027608812_37.5252577455223957
2026-09-04T13:22:12.125893+09:00,여의도,여의도,POI072,KEY_4,1180090802,여의대로,1180047403,파크원타워1,126.9262943673228676_37.5265516473403409,1180043903,여의도동2-11,126.9243100860090863_37.5253234175577290,222.0,9.0,정체,126.9243100860090863_37.5253234175577290|126.9250586179575464_37.5257867522824924|126.9262943673228676_37.5265516473403409
2026-09-04T13:22:12.125893+09:00,여의도,여의도,POI072,KEY_4,1180092000,여의대로6길,1180102000,여의도동 2-1,126.9287418519904946_37.5267858846280831,1180047903,파크원타워2,126.9285934622132430_37.5269351592018552,21.0,17.0,서행,126.9285934622132430_37.5269351592018552|126.9287418519904946_37.5267858846280831
2026-09-04T13:22:12.125893+09:00,여의도,여의도,POI072,KEY_4,1180092100,여의대로6길,1180150000,여의도동 2-1,126.9292521757274415_37.5264466977230029,1180045701,삼부아파트,126.9302296645015389_37.5254736937039439,138.0,14.0,정체,126.9302296645015389_37.5254736937039439|126.9301481335322990_37.5255453675584434|126.9296356693374719_37.5260609081082990|126.9292521757274415_37.5264466977230029
2026-09-04T13:22:12.125893+09:00,여의도,여의도,POI072,KEY_4,1180092300,의사당대로,1180009003,여의도지하차도(북측),126.9191150291965613_37.5267392953712999,1180046302,한국방송공사,126.9177382756308674_37.5258797120015544,155.0,14.0,정체,126.9177382756308674_37.5258797120015544|126.9187567674418773_37.5265156162027296|126.9191150291965613_37.5267392953712999
2026-09-04T13:22:12.125893+09:00,여의도,여의도,POI072,KEY_4,1180092400,의사당대로,1180250800,여의도동 1-6,126.9186730128168534_37.5266007063800515,1180009004,여의도지하차도(북측),126.9190308136938512_37.5268240980039991,40.0,10.0,정체,126.9190308136938512_37.5268240980039991|126.9186730128168534_37.5266007063800515
2026-09-04T13:22:12.125893+09:00,여의도,여의도,POI072,KEY_4,1180092900,국회대로62길,1180046304,한국방송공사,126.9175467092823766_37.5259008308065418,1180048303,KBS기술연구소입구,126.9162319363117888_37.5273056306211643,194.0,9.0,정체,126.9162319363117888_37.5273056306211643|126.9175467092823766_37.5259008308065418
2026-09-04T13:22:12.125893+09:00,여의도,여의도,POI072,KEY_4,1180093000,국회대로62길,1180048302,KBS기술연구소입구,126.9163407818515026_37.5273702475385065,1180046301,한국방송공사,126.9176555539196301_37.5259654465264916,194.0,14.0,정체,126.9176555539196301_37.5259654465264916|126.9163407818515026_37.5273702475385065
2026-09-04T13:22:12.125893+09:00,여의도,여의도,POI072,KEY_4,1180093100,여의서로1길,1180048303,KBS기술연구소입구,126.9162319363117888_37.5273056306211643,1180046802,KBS기술연구소,126.9142679428666298_37.5260735354667077,221.0,9.0,정체,126.9142679428666298_37.5260735354667077|126.9162319363117888_37.5273056306211643
2026-09-04T13:22:12.125893+09:00,여의도,여의도,POI072,KEY_4,1180093200,여의서로1길,1180046801,KBS기술연구소,126.9142009634784500_37.5261691500808396,1180048304,KBS기술연구소입구,126.9161495320558402_37.5273915692547035,219.0,21.0,서행,126.9161495320558402_37.5273915692547035|126.9142009634784500_37.5261691500808396
2026-09-04T13:22:12.125893+09:00,여의도,여의도,POI072,KEY_4,1180093600,국제금융로,1180047404,파크원타워1,126.9262125302013118_37.5266379264716790,1180047703,여의도동2-11,126.9259780906076145_37.5268912205965108,35.0,24.0,서행,126.9259780906076145_37.5268912205965108|126.9262125302013118_37.5266379264716790
2026-09-04T13:22:12.125893+09:00,여의도,여의도,POI072,KEY_4,1180093800,올림픽대로,1180046700,여의하류IC,126.9139332883952989_37.5258302984319769,1180049300,여의하류IC,126.9124219382957364_37.5282059407288671,296.0,40.0,원활,126.9124219382957364_37.5282059407288671|126.9126709766838559_37.5276959699368291|126.9130099086824686_37.5271002435067516|126.9134446643213892_37.5264640601462816|126.9135615846091270_37.5263044242820101|126.9139332883952989_37.5258302984319769
2026-09-04T13:22:12.125893+09:00,여의도,여의도,POI072,KEY_4,1180094100,여의대로,1180048603,여의도동 2-11,126.9279281708519562_37.5275947181724518,1180047402,파크원타워1,126.9263987935073459_37.5266208412980191,173.0,18.0,서행,126.9263987935073459_37.5266208412980191|126.9266544949265665_37.5268029647382093|126.9279281708519562_37.5275947181724518
2026-09-04T13:22:12.125893+09:00,여의도,여의도,POI072,KEY_4,1180094200,여의대로6길,1180047904,파크원타워2,126.9285094338057576_37.5270190379973414,1180048603,여의도동 2-11,126.9279281708519562_37.5275947181724518,82.0,21.0,서행,126.9279281708519562_37.5275947181724518|126.9285094338057576_37.5270190379973414
2026-09-04T13:22:12.125893+09:00,여의도,여의도,POI072,KEY_4,1180094300,여의대로6길,1180048602,여의도동 2-11,126.9280343217435671_37.5276621198139964,1180047901,파크원타워2,126.9286152279766497_37.5270867929192846,82.0,17.0,서행,126.9286152279766497_37.5270867929192846|126.9280343217435671_37.5276621198139964
2026-09-04T13:22:12.125893+09:00,여의도,여의도,POI072,KEY_4,1180094800,여의대로,1180049000,여의도동 2-11,126.9279149248875740_37.5281296792607293,1180047702,여의도동2-11,126.9260844397870045_37.5269585366700795,208.0,37.0,원활,126.9260844397870045_37.5269585366700795|126.9279149248875740_37.5281296792607293
2026-09-04T13:22:12.125893+09:00,여의도,여의도,POI072,KEY_4,1180095000,여의동로7길,1180047901,파크원타워2,126.9286152279766497_37.5270867929192846,1180049403,여의동로삼거리,126.9305906868378742_37.5283161715650735,222.0,10.0,정체,126.9305906868378742_37.5283161715650735|126.9286152279766497_37.5270867929192846
2026-09-04T13:22:12.125893+09:00,여의도,여의도,POI072,KEY_4,1180095100,국회대로62길,1180162200,여의도동 1-7,126.9158288842052258_37.5277177825872243,1180049103,키즈TV,126.9154773852716289_37.5280753781942735,50.0,15.0,서행,126.9154773852716289_37.5280753781942735|126.9158288842052258_37.5277177825872243
2026-09-04T13:22:12.125893+09:00,여의도,여의도,POI072,KEY_4,1180095200,국회대로62길,1180049102,키즈TV,126.9155853725793577_37.5281409178062191,1180048301,KBS기술연구소입구,126.9162564298634379_37.5274582162754982,96.0,14.0,정체,126.9162564298634379_37.5274582162754982|126.9159357821919372_37.5277844298947727|126.9155853725793577_37.5281409178062191
2026-09-04T13:22:12.125893+09:00,여의도,여의도,POI072,KEY_4,1180095500,여의대로,1180049000,여의도동 2-11,126.9279149248875740_37.5281296792607293,1180048601,여의도동 2-11,126.9279486089333773_37.5277459654754750,49.0,17.0,서행,126.9279486089333773_37.5277459654754750|126.9279023053807975_37.5277355157637231|126.9278863196264382_37.5278051426226966|126.9278733852933385_37.5278944429118866|126.9278793457358177_37.5280030343716007|126.9279149248875740_37.5281296792607293
2026-09-04T13:22:12.125893+09:00,여의도,여의도,POI072,KEY_4,1180095900,여의대로,1180050701,마포대교앞,126.9298855635072698_37.5288624491009486,1180048602,여의도동 2-11,126.9280343217435671_37.5276621198139964,211.0,24.0,서행,126.9280343217435671_37.5276621198139964|126.9298855635072698_37.5288624491009486
2026-09-04T13:22:12.125893+09:00,여의도,여의도,POI072,KEY_4,1180096400,여의대로,1180050902,마포대교앞교차로,126.9294682427298540_37.5291234386379742,1180049000,여의도동 2-11,126.9279149248875740_37.5281296792607293,176.0,24.0,서행,126.9279149248875740_37.5281296792607293|126.9294682427298540_37.5291234386379742
2026-09-04T13:22:12.125893+09:00,여의도,여의도,POI072,KEY_4,1180097100,여의동로,1180050702,마포대교앞,126.9297800289049007_37.5289334445548945,1180050902,마포대교앞교차로,126.9294682427298540_37.5291234386379742,35.0,29.0,원활,126.9294682427298540_37.5291234386379742|126.9297800289049007_37.5289334445548945
2026-09-04T13:22:12.125893+09:00,여의도,여의도,POI072,KEY_4,1180097300,여의대로,1180051800,마포대교,126.9308059681326171_37.5299618570035207,1180050000,마포대교남측,126.9304020221015321_37.5286131745307898,175.0,37.0,원활,126.9304020221015321_37.5286131745307898|126.9302674992351569_37.5287639444649983|126.9301715807580422_37.5289069217861453|126.9301534341487070_37.5291071595431802|126.9301772199870157_37.5292788143913825|126.9302847624288546_37.5295125003925918|126.9308059681326171_37.5299618570035207
2026-09-04T13:22:12.125893+09:00,여의도,여의도,POI072,KEY_4,1180097500,올림픽대로,1180049300,여의하류IC,126.9124219382957364_37.5282059407288671,1180053000,여의하류IC,126.9116502139587652_37.5302817461312657,241.0,34.7,원활,126.9116502139587652_37.5302817461312657|126.9117554871957765_37.5298527220926914|126.9119085944505940_37.5294737959552691|126.9122868518727643_37.5285372036068665|126.9124219382957364_37.5282059407288671
2026-09-04T13:22:12.125893+09:00,여의도,여의도,POI072,KEY_4,1180098200,여의서로,1180050300,여의하류IC,126.9125858842577514_37.5288463372735421,1180053000,여의하류IC,126.9116502139587652_37.5302817461312657,180.0,33.3,원활,126.9116502139587652_37.5302817461312657|126.9119321014785982_37.5298480867291033|126.9124478698020368_37.5290689337596177|126.9125858842577514_37.5288463372735421
2026-09-04T13:22:12.125893+09:00,여의도,여의도,POI072,KEY_4,1180098300,여의대로,1180051900,마포대교(남측),126.9282127564699607_37.5297704303567201,1180052400,마포대교,126.9307212821010751_37.5300463600273631,231.0,40.0,원활,126.9307212821010751_37.5300463600273631|126.9298072793187941_37.5297592892750274|126.9295379418201009_37.5296911879758781|126.9293044968049458_37.5296517134467038|126.9291024559104528_37.5296408650083890|126.9289048951919625_37.5296407462443824|126.9286983266459004_37.5296692285065987|126.9283704934996138_37.5297333958644117|126.9282127564699607_37.5297704303567201
2026-09-04T13:22:12.125893+09:00,여의도,여의도,POI072,KEY_4,1180098800,여의공원로,1180116800,여의도동 1-2,126.9251712482791419_37.5298465003542461,1180053403,중소기업투데이,126.9247789627892189_37.5302380972319654,56.0,9.0,정체,126.9247789627892189_37.5302380972319654|126.9251712482791419_37.5298465003542461
2026-09-04T13:22:12.125893+09:00,여의도,여의도,POI072,KEY_4,1180098900,여의공원로,1180116900,여의도동 1-2,126.9252773746239455_37.5299139286858292,1180051201,국민일보본사,126.9258217891435123_37.5293704606697105,77.0,9.0,정체,126.9258217891435123_37.5293704606697105|126.9252773746239455_37.5299139286858292
2026-09-04T13:22:12.125893+09:00,여의도,여의도,POI072,KEY_4,1180100100,올림픽대로,1180053000,여의하류IC,126.9116502139587652_37.5302817461312657,1180054600,여의하류IC,126.9113467485372553_37.5312398487618282,110.0,42.0,원활,126.9113467485372553_37.5312398487618282|126.9114940115750727_37.5307441067722678|126.9116502139587652_37.5302817461312657
2026-09-04T13:22:12.125893+09:00,여의도,여의도,POI072,KEY_4,1180101100,올림픽대로,1180054600,여의하류IC,126.9113467485372553_37.5312398487618282,1180053900,여의하류IC,126.9101796785526517_37.5308445942274886,161.0,37.3,서행,126.9101796785526517_37.5308445942274886|126.9101931014992317_37.5310414092060398|126.9102886836397630_37.5312624829991321|126.9103927384446138_37.5313583960722070|126.9105342246899681_37.5314544950895836|126.9107135639955573_37.5314971247237921|126.9109007655329577_37.5314920961623173|126.9111183798562479_37.5314275989006632|126.9112086357648082_37.5313743906016768|126.9113467485372553_37.5312398487618282
2026-09-04T13:22:12.125893+09:00,여의도,여의도,POI072,KEY_4,1180101600,여의서로,1180055500,서강대교남측,126.9220936272136981_37.5317745947810906,1180054700,서강대교남측,126.9217615574708447_37.5313291653935792,67.0,18.0,서행,126.9217615574708447_37.5313291653935792|126.9217629235362779_37.5315398924357950|126.9218301729573000_37.5316910168274589|126.9219347722461606_37.5317503890045288|126.9220358644076327_37.5317673982089559|126.9220936272136981_37.5317745947810906
2026-09-04T13:22:12.125893+09:00,여의도,여의도,POI072,KEY_4,1180102100,올림픽대로,1180055000,여의하류IC앞,126.9097766577302622_37.5319288643150841,1180056700,여의하류IC앞,126.9099677257352141_37.5322885743723162,247.0,37.7,서행,126.9099677257352141_37.5322885743723162|126.9101802749627552_37.5322898012020829|126.9104318980016188_37.5322803263696159|126.9105533440733069_37.5322594692428169|126.9106435161752842_37.5322169922414162|126.9107278503933003_37.5321554077364397|126.9108033508016575_37.5320746999620383|126.9108579076633276_37.5319915030838942|126.9108854019603427_37.5319224810316570|126.9108979423341879_37.5318509987701034|126.9108805013922705_37.5317841367436387|126.9108362782712049_37.5316956773246275|126.9107828271066865_37.5316381747174148|126.9106874170305019_37.5315852327633905|126.9105858681555645_37.5315513377507699|126.9104842061042717_37.5315317522630707|126.9103943910203895_37.5315289189790775|126.9102954982978702_37.5315379647373817|126.9102025389048976_37.5315541941005435|126.9100974322583681_37.5315918264329014|126.9100101221350911_37.5316510106624506|126.9099196124940221_37.5317364124159667|126.9097766577302622_37.5319288643150841
2026-09-04T13:22:12.125893+09:00,여의도,여의도,POI072,KEY_4,1180103300,올림픽대로,1180054600,여의하류IC,126.9113467485372553_37.5312398487618282,1180056700,여의하류IC앞,126.9099677257352141_37.5322885743723162,207.0,43.3,원활,126.9099677257352141_37.5322885743723162|126.9102019059527322_37.5323529642993847|126.9104144226252089_37.5323881863476316|126.9105551300773840_37.5323763736599858|126.9106838828241166_37.5323478643264963|126.9107976882863937_37.5323026561256228|126.9109025353903490_37.5322383695701731|126.9109714553170818_37.5321788239392902|126.9110374194450657_37.5320882852129003|126.9110944195145976_37.5319834363101563|126.9113016746642160_37.5313852328840198|126.9113467485372553_37.5312398487618282
2026-09-04T13:22:12.125893+09:00,여의도,여의도,POI072,KEY_4,1180103700,올림픽대로,1180056900,여의하류IC앞,126.9099107440064671_37.5323785517192547,1180058100,여의하류IC,126.9113470954211209_37.5334759494431651,183.0,48.0,서행,126.9113470954211209_37.5334759494431651|126.9112574345930824_37.5333543028651491|126.9111647860354850_37.5332278867742630|126.9110691582745005_37.5330895481243871|126.9109675293688468_37.5329631251105766|126.9108449616440879_37.5328247659603988|126.9107313287380663_37.5327245564036360|126.9105578407508830_37.5326123820790158|126.9103573956169413_37.5325144895265197|126.9101523716446422_37.5324473163778976|126.9099107440064671_37.5323785517192547
2026-09-04T13:22:12.125893+09:00,여의도,여의도,POI072,KEY_4,1180104000,올림픽대로,1180322800,최소노드배치점,126.9188633519518135_37.5330663833708513,1180054900,여의하류IC,126.9238476077766080_37.5313717470433375,486.0,40.5,서행,126.9238476077766080_37.5313717470433375|126.9235232634260058_37.5316199137243132|126.9232000481612062_37.5318505638760769|126.9230158194888247_37.5319791744498730|126.9228496134543036_37.5320470077723343|126.9224004740734983_37.5321647167067241|126.9210485355217912_37.5325392848552042|126.9195124922006812_37.5329065609222638|126.9188633519518135_37.5330663833708513
2026-09-04T13:22:12.125893+09:00,여의도,여의도,POI072,KEY_4,1180104200,올림픽대로,1180056900,여의하류IC앞,126.9099107440064671_37.5323785517192547,1180057200,여의하류IC앞,126.9095075762253231_37.5324759606280765,244.0,39.0,서행,126.9095075762253231_37.5324759606280765|126.9094841950826407_37.5325994681253974|126.9094564797182016_37.5327452630529876|126.9094313198684887_37.5328977660792660|126.9094484590793002_37.5330027836566202|126.9095046031765150_37.5330984571128070|126.9095730635125250_37.5331512658508686|126.9096595477012244_37.5331970100760017|126.9097791981177750_37.5332143016489468|126.9099049867064224_37.5332125452215948|126.9100668986708342_37.5331871216565673|126.9101840428222800_37.5331423950281788|126.9102684147233475_37.5330760409922490|126.9103138214403117_37.5330142623253735|126.9103534441543815_37.5329262222845230|126.9103630663362168_37.5328451854664635|126.9103489008242747_37.5327425678390441|126.9103166942296639_37.5326493988199772|126.9102455019530993_37.5325631892314817|126.9101144752508361_37.5324695269450785|126.9099107440064671_37.5323785517192547
2026-09-04T13:22:12.125893+09:00,여의도,여의도,POI072,KEY_4,1180104400,올림픽대로,1180058200,여의하류IC,126.9088719404886518_37.5335782193263654,1180058100,여의하류IC,126.9113470954211209_37.5334759494431651,236.0,43.7,서행,126.9113470954211209_37.5334759494431651|126.9111690623947908_37.5333607524628903|126.9109989641811467_37.5332847817553272|126.9108511282904743_37.5332339637287120|126.9106941120611651_37.5332081395440156|126.9105324361279230_37.5332037554386346|126.9103751385429319_37.5332137012479095|126.9102175873575931_37.5332558412137871|126.9100735400548814_37.5332944719436838|126.9099296329114139_37.5333152159377619|126.9097947662082930_37.5333288514592383|126.9096330327877951_37.5333316200244838|126.9094937305390545_37.5333380780400887|126.9093228160708549_37.5333658410132927|126.9091877513593118_37.5334045154003917|126.9090840728703284_37.5334505001922309|126.9088719404886518_37.5335782193263654
2026-09-04T13:22:12.125893+09:00,여의도,여의도,POI072,KEY_4,1180104700,올림픽대로,1180057702,여의하류IC,126.9116446085465810_37.5333341738394211,1180058600,여의하류IC,126.9124480904624335_37.5340012297976102,103.0,25.0,정체,126.9124480904624335_37.5340012297976102|126.9122745980778859_37.5338890571121127|126.9120682102647208_37.5337482538104155|126.9119545687167232_37.5336528126330577|126.9118678582978959_37.5335669276376009|126.9117632252879702_37.5334476543186142|126.9116446085465810_37.5333341738394211
2026-09-04T13:22:12.125893+09:00,여의도,여의도,POI072,KEY_4,1180105100,올림픽대로,1180058100,여의하류IC,126.9113470954211209_37.5334759494431651,1180058600,여의하류IC,126.9124480904624335_37.5340012297976102,118.0,29.3,정체,126.9124480904624335_37.5340012297976102|126.9122714926787694_37.5339844113092269|126.9121398055384304_37.5339604738344619|126.9119004108432165_37.5338863945131394|126.9117179131641819_37.5337956707200888|126.9115683555591261_37.5336954342220679|126.9114666742656965_37.5336119217694275|126.9113470954211209_37.5334759494431651
2026-09-04T13:22:12.125893+09:00,여의도,여의도,POI072,KEY_4,1180105300,올림픽대로,1180058600,여의하류IC,126.9124480904624335_37.5340012297976102,1180058400,여의하류IC,126.9148490647562824_37.5338551834337650,213.0,29.0,정체,126.9148490647562824_37.5338551834337650|126.9146365081849410_37.5338693333682087|126.9127833540508021_37.5340110131640330|126.9126216957507864_37.5340180458078123|126.9124480904624335_37.5340012297976102
2026-09-04T13:22:12.125893+09:00,여의도,여의도,POI072,KEY_4,1180119300,국제금융로,1180047702,여의도동2-11,126.9260844397870045_37.5269585366700795,1180047401,파크원타워1,126.9263167991109071_37.5267074897627282,35.0,29.0,원활,126.9263167991109071_37.5267074897627282|126.9260844397870045_37.5269585366700795
2026-09-04T13:22:12.125893+09:00,여의도,여의도,POI072,KEY_4,1180125100,여의대로4길,1180043308,IFC몰,126.9253912997659910_37.5240305296354393,1180043904,여의도동2-11,126.9242022027608812_37.5252577455223957,173.0,6.0,정체,126.9242022027608812_37.5252577455223957|126.9246481580183996_37.5247712374463021|126.9246502970791397_37.5247689038512675|126.9247757014081515_37.5246351435260124|126.9247791512703714_37.5246315370412233|126.9253369888391063_37.5240483679096428|126.9253912997659910_37.5240305296354393
2026-09-04T13:22:12.125893+09:00,여의도,여의도,POI072,KEY_4,1180125200,여의대로4길,1180119700,여의도동 23,126.9248871351346679_37.5246970604828931,1180043309,IFC몰,126.9255169922482764_37.5241061994683847,87.0,8.0,정체,126.9255169922482764_37.5241061994683847|126.9254227075627881_37.5241371671839445|126.9248871351346679_37.5246970604828931
2026-09-04T13:22:12.125893+09:00,여의도,여의도,POI072,KEY_4,1180129700,여의대로,1180035805,LG경영개발원,126.9199415755927589_37.5213879918803102,1180038704,전경련회관삼거리,126.9191704288033691_37.5221849123008013,112.0,20.0,서행,126.9191704288033691_37.5221849123008013|126.9199415755927589_37.5213879918803102
2026-09-04T13:22:12.125893+09:00,여의도,여의도,POI072,KEY_4,1180129800,여의대로,1180038703,전경련회관삼거리,126.9192775411875402_37.5222513352049134,1180035802,LG경영개발원,126.9200485653260415_37.5214545403774409,112.0,18.5,서행,126.9200485653260415_37.5214545403774409|126.9192775411875402_37.5222513352049134
2026-09-04T13:22:12.125893+09:00,여의도,여의도,POI072,KEY_4,1180131700,올림픽대로,1180072800,여의상류IC,126.9405016513416058_37.5173927522574644,1180072700,여의상류IC,126.9400317402693616_37.5169229080486772,221.0,39.5,서행,126.9400317402693616_37.5169229080486772|126.9399344802771310_37.5169316289955646|126.9398211359667812_37.5169535882205949|126.9397250814745064_37.5169865204715478|126.9396499126596893_37.5170290914397313|126.9395866670927830_37.5170788728819602|126.9395569131277739_37.5171084448085992|126.9394778696889432_37.5172142920509657|126.9394474129800869_37.5172833077141021|126.9394349378280964_37.5173500233186985|126.9394344204221170_37.5174191813664777|126.9394518846603290_37.5174860393611098|126.9394842642379189_37.5175601229327924|126.9395138118170934_37.5176127296308124|126.9395792139877273_37.5176750458591997|126.9396507655670234_37.5177159276217509|126.9397313518953752_37.5177496969262165|126.9398150389860405_37.5177691724375677|126.9398958040664525_37.5177790948669383|126.9400096093687011_37.5177748648494571|126.9401115632629029_37.5177538853697854|126.9401896368920006_37.5177232520757471|126.9402527950462485_37.5176853941495381|126.9403371051859892_37.5176214033639113|126.9404239541164117_37.5175025778350246|126.9405016513416058_37.5173927522574644
2026-09-04T13:22:12.125893+09:00,여의도,여의도,POI072,KEY_4,1180131800,올림픽대로,1180073200,여의상류IC,126.9413747929981042_37.5171839921024386,1180072900,여의상류IC,126.9406083800987517_37.5174248708792817,223.0,39.0,서행,126.9406083800987517_37.5174248708792817|126.9405930312344424_37.5175435153873309|126.9406092616678592_37.5176670087558009|126.9406471748521454_37.5177969651017236|126.9407050223394009_37.5178687842951106|126.9407719322446866_37.5179299139964257|126.9408479565857988_37.5179732011517402|126.9409330178654471_37.5180093757528255|126.9410361749584411_37.5180277509984137|126.9411618942258571_37.5180319231682446|126.9413057634171480_37.5180111401280030|126.9414454615370147_37.5179474103264710|126.9415493929910213_37.5178620475961679|126.9416038699689295_37.5177836052660467|126.9416231424661277_37.5177302402591408|126.9416451412587463_37.5176693288908751|126.9416504315423992_37.5175620364262841|126.9416241520395943_37.5174724808295537|126.9415895959336780_37.5173712900806677|126.9415130106084462_37.5172832160456764|126.9414200748953476_37.5172121420924327|126.9413747929981042_37.5171839921024386
2026-09-04T13:22:12.125893+09:00,여의도,여의도,POI072,KEY_4,1180131900,올림픽대로,1180033601,여의상류IC,126.9410620352872030_37.5197641943777285,1180073300,여의상류IC,126.9429855095649771_37.5174961988850910,356.0,40.0,서행,126.9429855095649771_37.5174961988850910|126.9425770783428646_37.5174620764480835|126.9423645811656343_37.5174515339232642|126.9422687580351123_37.5174534666303643|126.9421458647768333_37.5174719653657647|126.9420678452474931_37.5174954451136884|126.9419987904991132_37.5175213520105117|126.9419236224377983_37.5175639235214362|126.9418634063433728_37.5176089512716757|126.9418000721829998_37.5176706568276828|126.9417427069557931_37.5177485130741815|126.9416003222524836_37.5179582783130741|126.9415367386929461_37.5180533702759931|126.9414333808193476_37.5182627473598558|126.9414028723800385_37.5183389174551678|126.9413353512353808_37.5185603874609441|126.9413075523894747_37.5186747280699180|126.9411772528702187_37.5192846297340026|126.9411243449818727_37.5195538654257774|126.9410620352872030_37.5197641943777285
2026-09-04T13:22:12.125893+09:00,여의도,여의도,POI072,KEY_4,1180132000,올림픽대로,1180072600,여의상류IC,126.9378948464693480_37.5165074160918977,1180029800,여의상류IC,126.9377628191142691_37.5176475456465397,325.0,36.0,서행,126.9377628191142691_37.5176475456465397|126.9381601723230375_37.5176575716860441|126.9387198855593368_37.5176805047165018|126.9388336718633070_37.5176786598768359|126.9389566551671322_37.5176482416586694|126.9390618000187771_37.5176010446367982|126.9391550758196558_37.5175394812165521|126.9392214417544267_37.5174730213408125|126.9392698981474012_37.5173993216681509|126.9393003717038368_37.5173279211050357|126.9393129014057564_37.5172540506748149|126.9393105136024502_37.5171729555413691|126.9392901098453308_37.5170989285295988|126.9392489783639775_37.5170157736007610|126.9392102730446084_37.5169649983634272|126.9391597703063752_37.5169122924934584|126.9390793806584412_37.5168522901816885|126.9389868734863427_37.5168113080451349|126.9378948464693480_37.5165074160918977
2026-09-04T13:22:12.125893+09:00,여의도,여의도,POI072,KEY_4,1180132101,올림픽대로,1180029701,노들길지하차도(남측),126.9174454412259223_37.5178935252872279,1180073802,신길동 4898,126.9243723430401758_37.5161747318214296,653.0,55.0,원활,126.9243723430401758_37.5161747318214296|126.9226606204918255_37.5168357374757875|126.9219396728078948_37.5171454308969743|126.9207111304239390_37.5176103681835897|126.9204558848613971_37.5176924905913509|126.9203001038399492_37.5177165135415223|126.9201811855750321_37.5177294500317089|126.9199887160019671_37.5177420257544867|126.9196406749877610_37.5177515824785388|126.9190944888944870_37.5177759385469969|126.9185088538632584_37.5177798166117711|126.9182257725997260_37.5178032092262725|126.9180388896296705_37.5178248227006961|126.9177583737531023_37.5178820279200735|126.9174454412259223_37.5178935252872279
2026-09-04T13:22:12.125893+09:00,여의도,여의도,POI072,KEY_4,1190006101,여의대방로,1180024602,대방역(서울1호선),126.9260012336949046_37.5136322383516898,1190002704,대방역사거리,126.9267562377877425_37.5145721661826528,126.0,22.0,서행,126.9267562377877425_37.5145721661826528|126.9266532556327434_37.5145489765688183|126.9266093775832047_37.5144872851627227|126.9260012336949046_37.5136322383516898
2026-09-04T13:22:12.125893+09:00,여의도,여의도,POI072,KEY_4,1190006201,여의대방로,1190002703,대방역사거리,126.9268958244966257_37.5145487094125656,1180024601,대방역(서울1호선),126.9262367161707630_37.5135246544136862,130.0,24.5,서행,126.9262367161707630_37.5135246544136862|126.9268824723927764_37.5144176304682091|126.9269222862782698_37.5144726857951127|126.9268958244966257_37.5145487094125656
2026-09-04T13:22:12.125893+09:00,여의도,여의도,POI072,KEY_4,1190006903,여의대방로,1190022302,영등포구-동작구,126.9274873639790400_37.5155411761891173,1180028009,여의교앞교차로,126.9284790582093052_37.5169816909920968,182.0,39.0,원활,126.9284790582093052_37.5169816909920968|126.9283375899637605_37.5167431126999773|126.9274873639790400_37.5155411761891173
2026-09-04T13:22:12.125893+09:00,여의도,여의도,POI072,KEY_4,1190007003,여의대방로,1180028008,여의교앞교차로,126.9286343708705260_37.5169904528563194,1190022301,영등포구-동작구,126.9276025342916370_37.5154837396407004,191.0,13.0,정체,126.9276025342916370_37.5154837396407004|126.9284582427261938_37.5166934225227635|126.9286343708705260_37.5169904528563194
2026-09-04T13:22:12.125893+09:00,여의도,여의도,POI072,KEY_4,1190044800,노들로,1190182300,최소노드배치점,126.9272162634406413_37.5145713085371639,1180025902,여의교지하차도(서측),126.9243577826353402_37.5152265372191849,264.0,61.5,원활,126.9243577826353402_37.5152265372191849|126.9252562213810762_37.5149340719642055|126.9254762290053691_37.5148794587899204|126.9263543419064746_37.5147006945100898|126.9268842390227690_37.5146043415104771|126.9272162634406413_37.5145713085371639
2026-09-04T13:22:12.125893+09:00,연남동,연남동,POI073,KEY_1,1120004702,연희로,1130277000,연남동 226-48,126.9271080598153532_37.5618100657820975,1130034803,해청갤러리,126.9273073914400101_37.5621099056815169,38.0,29.0,원활,126.9273073914400101_37.5621099056815169|126.9271080598153532_37.5618100657820975
2026-09-04T13:22:12.125893+09:00,연남동,연남동,POI073,KEY_1,1120004703,연희로,1130250200,연남동 226-24,126.9280727889166229_37.5631859582277556,1130035903,연희동성당앞,126.9283432785030072_37.5635653407448942,48.0,8.0,정체,126.9283432785030072_37.5635653407448942|126.9280727889166229_37.5631859582277556
2026-09-04T13:22:12.125893+09:00,연남동,연남동,POI073,KEY_1,1120004802,연희로,1120065500,연희동 226-32,126.9276239882496213_37.5623374246412851,1130034801,해청갤러리,126.9274702230425476_37.5621217504392817,28.0,15.0,서행,126.9274702230425476_37.5621217504392817|126.9276239882496213_37.5623374246412851
2026-09-04T13:22:12.125893+09:00,연남동,연남동,POI073,KEY_1,1120060900,연희로,1120028701,연희동 739,126.9288286649398998_37.5621518337985663,1130034802,해청갤러리,126.9273953958239645_37.5620111365759470,147.0,15.0,서행,126.9273953958239645_37.5620111365759470|126.9274286614211036_37.5619672062125005|126.9277400706569807_37.5617957123375845|126.9278934350607244_37.5617729928707433|126.9284634704889925_37.5620666455208649|126.9285543477235052_37.5621045099639375|126.9286568464001022_37.5621272878675327|126.9288286649398998_37.5621518337985663
2026-09-04T13:22:12.125893+09:00,연남동,연남동,POI073,KEY_1,1120062900,동교로,1120007802,조선일보(연희지국),126.9270208438035894_37.5646005680013459,1130036601,서대문구-마포구,126.9267080980032176_37.5643200920704956,42.0,23.0,서행,126.9267080980032176_37.5643200920704956|126.9270208438035894_37.5646005680013459
2026-09-04T13:22:12.125893+09:00,연남동,연남동,POI073,KEY_1,1120063000,동교로,1130036602,서대문구-마포구,126.9266078711886649_37.5643930441057563,1120007803,조선일보(연희지국),126.9269211950978473_37.5646740742852359,42.0,21.0,서행,126.9269211950978473_37.5646740742852359|126.9266078711886649_37.5643930441057563
2026-09-04T13:22:12.125893+09:00,연남동,연남동,POI073,KEY_1,1130018303,동교로,1130267000,동교동 151-3,126.9235602086829147_37.5590265329813064,1130006103,동서빌라,126.9237720218529262_37.5599217838101325,101.0,16.0,서행,126.9237720218529262_37.5599217838101325|126.9237420189898273_37.5597891978450278|126.9236012045125506_37.5591669167257010|126.9235602086829147_37.5590265329813064
2026-09-04T13:22:12.125893+09:00,연남동,연남동,POI073,KEY_1,1130018501,월드컵북로,1130260700,서교동 445-7,126.9200065606029000_37.5564461523167950,1130031203,서교동 445-7,126.9187731280576088_37.5574745284471163,158.0,8.0,정체,126.9187731280576088_37.5574745284471163|126.9200065606029000_37.5564461523167950
2026-09-04T13:22:12.125893+09:00,연남동,연남동,POI073,KEY_1,1130018502,월드컵북로,1130251100,성산동 232-19,126.9170346878931355_37.5594060910254228,1130033003,경성고교입구교차로,126.9163000018430409_37.5602379275557112,113.0,23.0,서행,126.9163000018430409_37.5602379275557112|126.9170346878931355_37.5594060910254228
2026-09-04T13:22:12.125893+09:00,연남동,연남동,POI073,KEY_1,1130018602,월드컵북로,1130257900,연남동 571-19,126.9179061052080186_37.5586077878839077,1130031201,연남동 570-51,126.9187945682714940_37.5576202514821702,135.0,14.0,정체,126.9187945682714940_37.5576202514821702|126.9187015916444921_37.5577134134808404|126.9179061052080186_37.5586077878839077
2026-09-04T13:22:12.125893+09:00,연남동,연남동,POI073,KEY_1,1130018900,성미산로,1130272600,성산동 231-11,126.9158091268138975_37.5600789669375956,1130033004,경성고교입구교차로,126.9162191219763116_37.5603247891752687,45.0,13.0,정체,126.9162191219763116_37.5603247891752687|126.9158091268138975_37.5600789669375956
2026-09-04T13:22:12.125893+09:00,연남동,연남동,POI073,KEY_1,1130019301,연남로,1130240800,연남동 567-43,126.9231287573617948_37.5609100158457139,1130033401,연남동 567-43,126.9233172227791897_37.5606784343822042,31.0,19.0,서행,126.9233172227791897_37.5606784343822042|126.9231287573617948_37.5609100158457139
2026-09-04T13:22:12.125893+09:00,연남동,연남동,POI073,KEY_1,1130019302,연남로,1130033402,연남동 567-43,126.9233912364688450_37.5605875658401018,1130006104,동서빌라,126.9238055697589687_37.5600792539152337,67.0,22.0,서행,126.9238055697589687_37.5600792539152337|126.9233912364688450_37.5605875658401018
2026-09-04T13:22:12.125893+09:00,연남동,연남동,POI073,KEY_1,1130019401,연남로,1130245000,연남동 515-26,126.9217700703665628_37.5623806377983485,1130006303,로얄빌딩,126.9211548639525944_37.5631365364465495,100.0,28.0,원활,126.9211548639525944_37.5631365364465495|126.9217700703665628_37.5623806377983485
2026-09-04T13:22:12.125893+09:00,연남동,연남동,POI073,KEY_1,1130019402,연남로,1130006103,동서빌라,126.9237720218529262_37.5599217838101325,1130033403,동교동 197-41,126.9232773041242268_37.5605287127344880,80.0,4.0,정체,126.9232773041242268_37.5605287127344880|126.9237720218529262_37.5599217838101325
2026-09-04T13:22:12.125893+09:00,연남동,연남동,POI073,KEY_1,1130019700,성미산로,1130238200,연남동 369-8,126.9192663547726170_37.5621460245775722,1130006304,로얄빌딩,126.9210804329262032_37.5632272406674659,200.0,15.0,서행,126.9210804329262032_37.5632272406674659|126.9207517183218528_37.5630313265380593|126.9204200520956078_37.5628336512674252|126.9200100335724386_37.5625892747693442|126.9198326226203619_37.5624835345415917|126.9192663547726170_37.5621460245775722
2026-09-04T13:22:12.125893+09:00,연남동,연남동,POI073,KEY_1,1130019800,성미산로,1130237700,성산동 231-20,126.9169040134700737_37.5605999951076086,1130033002,경성고교입구교차로,126.9164085521041301_37.5603030039980226,55.0,15.5,서행,126.9164085521041301_37.5603030039980226|126.9169040134700737_37.5605999951076086
2026-09-04T13:22:12.125893+09:00,연남동,연남동,POI073,KEY_1,1130020000,월드컵북로,1130243000,성산동 231-22,126.9157321063545254_37.5610348315618126,1130033001,경성고교입구교차로,126.9163276327042809_37.5603898418518440,89.0,24.0,서행,126.9163276327042809_37.5603898418518440|126.9161941072004822_37.5605258680463834|126.9160529479223669_37.5606813771840038|126.9157321063545254_37.5610348315618126
2026-09-04T13:22:12.125893+09:00,연남동,연남동,POI073,KEY_1,1130020301,성미산로,1130006301,로얄빌딩,126.9211915162888573_37.5632895435570831,1130036004,노블레스아파트,126.9217317006510797_37.5635753657036062,57.0,7.0,정체,126.9217317006510797_37.5635753657036062|126.9211915162888573_37.5632895435570831
2026-09-04T13:22:12.125893+09:00,연남동,연남동,POI073,KEY_1,1130020302,성미산로,1130249800,연남동 225-38,126.9250630781282325_37.5641314617751121,1130035804,연남동 225-38,126.9256843986061938_37.5636126984175931,80.0,23.0,서행,126.9256843986061938_37.5636126984175931|126.9250630781282325_37.5641314617751121
2026-09-04T13:22:12.125893+09:00,연남동,연남동,POI073,KEY_1,1130020401,성미산로,1130036003,노블레스아파트,126.9218068862926145_37.5634853229895498,1130006302,로얄빌딩,126.9212658294876519_37.5631990398513125,57.0,15.0,서행,126.9212658294876519_37.5631990398513125|126.9218068862926145_37.5634853229895498
2026-09-04T13:22:12.125893+09:00,연남동,연남동,POI073,KEY_1,1130020402,성미산로,1130251300,연남동 250-10,126.9221693717430242_37.5636724649411420,1130036002,노블레스아파트,126.9219212234222169_37.5635450288828423,26.0,15.3,서행,126.9219212234222169_37.5635450288828423|126.9221693717430242_37.5636724649411420
2026-09-04T13:22:12.125893+09:00,연남동,연남동,POI073,KEY_1,1130021301,동교로,1130270200,연남동 373-20,126.9238877393567293_37.5603936801492893,1130033503,창무빌딩,126.9241748864737787_37.5606341936674681,38.0,8.0,정체,126.9241748864737787_37.5606341936674681|126.9241661103410337_37.5606061520141736|126.9241366858942399_37.5605700517992886|126.9241002899647839_37.5605390962913646|126.9239179770402757_37.5604331415745349|126.9238877393567293_37.5603936801492893
2026-09-04T13:22:12.125893+09:00,연남동,연남동,POI073,KEY_1,1130021302,동교로,1130250600,연남동 229-65,126.9250813106768447_37.5630900163644981,1130035803,연남동 225-36,126.9255917382149761_37.5635333791396420,67.0,23.0,서행,126.9255917382149761_37.5635333791396420|126.9253960018439642_37.5633633613362221|126.9250813106768447_37.5630900163644981
2026-09-04T13:22:12.125893+09:00,연남동,연남동,POI073,KEY_1,1130021303,동교로,1130264400,연남동 225-38,126.9263679639492324_37.5641903218058602,1130036602,서대문구-마포구,126.9266078711886649_37.5643930441057563,31.0,8.0,정체,126.9266078711886649_37.5643930441057563|126.9263679639492324_37.5641903218058602
2026-09-04T13:22:12.125893+09:00,연남동,연남동,POI073,KEY_1,1130021401,동교로,1130270300,동교동 190-1,126.9240036868288968_37.5603373757369283,1130006101,동서빌라,126.9239149665367705_37.5599450424727905,44.0,13.0,정체,126.9239149665367705_37.5599450424727905|126.9239877581506306_37.5602899730970847|126.9239997971928346_37.5603322997610576|126.9240036868288968_37.5603373757369283
2026-09-04T13:22:12.125893+09:00,연남동,연남동,POI073,KEY_1,1130021402,동교로,1130234100,연남동 260-65,126.9243509881973893_37.5610184290997395,1130033501,창무빌딩,126.9243242832398835_37.5606902998111352,36.0,15.0,서행,126.9243242832398835_37.5606902998111352|126.9243327450441683_37.5607736496850464|126.9243509881973893_37.5610184290997395
2026-09-04T13:22:12.125893+09:00,연남동,연남동,POI073,KEY_1,1130021403,동교로,1130036601,서대문구-마포구,126.9267080980032176_37.5643200920704956,1130035801,연남동 224-68,126.9257782460976927_37.5635343239583079,120.0,18.0,서행,126.9257782460976927_37.5635343239583079|126.9261142058849572_37.5638182283647524|126.9264668133956491_37.5641161976511739|126.9267080980032176_37.5643200920704956
2026-09-04T13:22:12.125893+09:00,연남동,연남동,POI073,KEY_1,1130021601,연남로,1130281300,최소노드배치점,126.9194887786172217_37.5653656026151168,1130006301,로얄빌딩,126.9211915162888573_37.5632895435570831,275.0,20.0,서행,126.9211915162888573_37.5632895435570831|126.9205365111346566_37.5640803585334453|126.9202702056518319_37.5644070381809527|126.9200506331480227_37.5646763873924741|126.9196463850846328_37.5651722716135268|126.9194887786172217_37.5653656026151168
2026-09-04T13:22:12.125893+09:00,연남동,연남동,POI073,KEY_1,1130055000,월드컵북로5길,1130254500,서교동 449-44,126.9173185892374249_37.5569228155895019,1130031204,서교동 449-44,126.9186832942457102_37.5575579420634398,140.0,15.0,서행,126.9186832942457102_37.5575579420634398|126.9181245521222081_37.5572974258490646|126.9174760525978627_37.5569950542124857|126.9173185892374249_37.5569228155895019
2026-09-04T13:22:12.125893+09:00,연남동,연남동,POI073,KEY_1,1130057300,월드컵북로6길,1130261300,동교동 203-33,126.9193673333113281_37.5578672419356039,1130031202,동교동 205-15,126.9188838547954674_37.5575387719110481,56.0,17.0,서행,126.9188838547954674_37.5575387719110481|126.9193673333113281_37.5578672419356039
2026-09-04T13:22:12.125893+09:00,연남동,연남동,POI073,KEY_1,1130057400,월드컵북로6길,1130237300,연남동 567-58,126.9228121069769628_37.5603611737690315,1130033404,연남동 567-43,126.9232032360486642_37.5606196477347183,45.0,11.0,정체,126.9232032360486642_37.5606196477347183|126.9230964736037777_37.5605557972101778|126.9228121069769628_37.5603611737690315
2026-09-04T13:22:12.125893+09:00,연남동,연남동,POI073,KEY_1,1130060000,동교로29길,1130033503,창무빌딩,126.9241748864737787_37.5606341936674681,1130036003,노블레스아파트,126.9218068862926145_37.5634853229895498,381.0,22.0,서행,126.9218068862926145_37.5634853229895498|126.9218459298930100_37.5634232918577879|126.9220337933197982_37.5631841000810169|126.9223456371491494_37.5627870497117868|126.9227675631269960_37.5622648309932572|126.9233084612183120_37.5615953472728421|126.9240020675585043_37.5607446270273684|126.9240943496756557_37.5606712830971432|126.9241748864737787_37.5606341936674681
2026-09-04T13:22:12.125893+09:00,연남동,연남동,POI073,KEY_1,1130060100,동교로29길,1130246800,연남동 257-9,126.9228817967008496_37.5623233169991337,1130033504,창무빌딩,126.9241941095302053_37.5607502493276115,210.0,7.0,정체,126.9241941095302053_37.5607502493276115|126.9241777376998783_37.5607577891073205|126.9241081814776919_37.5608130710165966|126.9234225413209742_37.5616540221321031|126.9228817967008496_37.5623233169991337
2026-09-04T13:22:12.125893+09:00,연남동,연남동,POI073,KEY_1,1130060900,성미산로,1130275100,연남동 227-35,126.9263235538300165_37.5629220786752782,1130035802,연남동 224-42,126.9256856633364663_37.5634549376981468,82.0,10.0,정체,126.9256856633364663_37.5634549376981468|126.9258913341547981_37.5632831326951120|126.9263235538300165_37.5629220786752782
2026-09-04T13:22:12.125893+09:00,연남동,연남동,POI073,KEY_1,1130061000,성미산로,1130251800,연남동 226-9,126.9268765102369230_37.5626168868789208,1130034804,해청갤러리,126.9273752792072827_37.5622076263378801,63.0,9.7,정체,126.9273752792072827_37.5622076263378801|126.9272849188586036_37.5622757135550032|126.9268765102369230_37.5626168868789208
2026-09-04T13:22:12.125893+09:00,영등포 타임스퀘어,영등포 타임스퀘어,POI074,KEY_2,1180000901,경인로,1180127400,영등포동3가 39,126.9084229054596591_37.5170881749968004,1180028604,영등포한전,126.9092990278852682_37.5173912699995569,84.0,14.0,정체,126.9092990278852682_37.5173912699995569|126.9084229054596591_37.5170881749968004
2026-09-04T13:22:12.125893+09:00,영등포 타임스퀘어,영등포 타임스퀘어,POI074,KEY_2,1180000902,경인로,1180028601,영등포한전,126.9094281785715310_37.5174358290711183,1180029402,영등포고가차도(서측),126.9105878329916948_37.5178352904877315,112.0,17.0,서행,126.9105878329916948_37.5178352904877315|126.9094281785715310_37.5174358290711183
2026-09-04T13:22:12.125893+09:00,영등포 타임스퀘어,영등포 타임스퀘어,POI074,KEY_2,1180000903,경인로,1180029402,영등포고가차도(서측),126.9105878329916948_37.5178352904877315,1180000603,영등포로터리,126.9120906292499882_37.5184239480049868,149.0,22.0,서행,126.9120906292499882_37.5184239480049868|126.9120097694427898_37.5183896253174680|126.9108093688715826_37.5179714686493213|126.9105878329916948_37.5178352904877315
2026-09-04T13:22:12.125893+09:00,영등포 타임스퀘어,영등포 타임스퀘어,POI074,KEY_2,1180001001,경인로,1180243700,영등포동 481-12,126.9078910549129091_37.5167862984797083,1180000503,영등포역앞교차로,126.9067347975935007_37.5163862687553689,111.0,17.0,서행,126.9067347975935007_37.5163862687553689|126.9078910549129091_37.5167862984797083
2026-09-04T13:22:12.125893+09:00,영등포 타임스퀘어,영등포 타임스퀘어,POI074,KEY_2,1180001002,경인로,1180029401,영등포고가차도(서측),126.9106419673750281_37.5177361416953161,1180028602,영등포한전,126.9094820584459313_37.5173365914275081,112.0,8.0,정체,126.9094820584459313_37.5173365914275081|126.9106419673750281_37.5177361416953161
2026-09-04T13:22:12.125893+09:00,영등포 타임스퀘어,영등포 타임스퀘어,POI074,KEY_2,1180001003,경인로,1180000602,영등포로터리,126.9122093045591271_37.5182292931425820,1180029401,영등포고가차도(서측),126.9106419673750281_37.5177361416953161,150.0,5.0,정체,126.9106419673750281_37.5177361416953161|126.9109181500788281_37.5177733471150248|126.9121281737749598_37.5181948553375548|126.9122093045591271_37.5182292931425820
2026-09-04T13:22:12.125893+09:00,영등포 타임스퀘어,영등포 타임스퀘어,POI074,KEY_2,1180016003,영신로,1180265900,최소노드배치점,126.9050837909057066_37.5148823947284882,1180027207,영등포역고가차도(북측),126.9017626129269445_37.5169443079154448,424.0,47.7,원활,126.9017626129269445_37.5169443079154448|126.9019464525509591_37.5164721407837831|126.9020154613533151_37.5163078036969537|126.9021072569615001_37.5161510250484795|126.9023834280580587_37.5156942430907350|126.9024808980569503_37.5155688327527201|126.9026058694610697_37.5154290361645053|126.9027821758004819_37.5152741394399101|126.9029989752344960_37.5151256782396274|126.9031475369572917_37.5150583618414899|126.9033411285070230_37.5149777905100592|126.9035566614483344_37.5149145414508993|126.9037620354231706_37.5148812538008869|126.9039907983438979_37.5148595753164642|126.9041756644236330_37.5148486827381689|126.9046694087680294_37.5148635163425510|126.9050837909057066_37.5148823947284882
2026-09-04T13:22:12.125893+09:00,영등포 타임스퀘어,영등포 타임스퀘어,POI074,KEY_2,1180016005,영신로,1180027204,속성변화점,126.9015038398044055_37.5176240892620427,1180031203,영등포경방필뒷길교차로,126.9011930366776255_37.5184405339261389,95.0,27.0,원활,126.9011930366776255_37.5184405339261389|126.9014769539015077_37.5176947161951801|126.9015038398044055_37.5176240892620427
2026-09-04T13:22:12.125893+09:00,영등포 타임스퀘어,영등포 타임스퀘어,POI074,KEY_2,1180016006,영신로,1180027207,영등포역고가차도(북측),126.9017626129269445_37.5169443079154448,1180027204,속성변화점,126.9015038398044055_37.5176240892620427,79.0,43.0,원활,126.9015038398044055_37.5176240892620427|126.9017626129269445_37.5169443079154448
2026-09-04T13:22:12.125893+09:00,영등포 타임스퀘어,영등포 타임스퀘어,POI074,KEY_2,1180016103,영신로,1180265800,최소노드배치점,126.9050760407689751_37.5149903383453420,1180024701,영등포역고가차도(남측),126.9087307052849098_37.5135198228046463,408.0,47.7,원활,126.9087307052849098_37.5135198228046463|126.9081487147335281_37.5143569277719564|126.9080029370169314_37.5145411794823147|126.9078261800036671_37.5147038872662648|126.9076601325354972_37.5148245785460830|126.9074559124306631_37.5149151632886202|126.9071306301649145_37.5150148103527030|126.9068239133496121_37.5150552815421747|126.9066637699532407_37.5150626586616553|126.9050760407689751_37.5149903383453420
2026-09-04T13:22:12.125893+09:00,영등포 타임스퀘어,영등포 타임스퀘어,POI074,KEY_2,1180016105,영신로,1180027203,센트럴푸르지오시티아파트,126.9016491472245747_37.5176149848718481,1180027206,영등포역고가차도(북측),126.9018923848414317_37.5169760079907491,74.0,7.0,정체,126.9018923848414317_37.5169760079907491|126.9016491472245747_37.5176149848718481
2026-09-04T13:22:12.125893+09:00,영등포 타임스퀘어,영등포 타임스퀘어,POI074,KEY_2,1180016106,영신로,1180031202,영등포경방필뒷길교차로,126.9013385422641136_37.5184309135766441,1180027202,센트럴푸르지오시티아파트,126.9016068526740924_37.5177260895310454,82.0,6.5,정체,126.9016068526740924_37.5177260895310454|126.9013385422641136_37.5184309135766441
2026-09-04T13:22:12.125893+09:00,영등포 타임스퀘어,영등포 타임스퀘어,POI074,KEY_2,1180016204,신길로,1180029302,영등포지하차도(북측),126.9121994203567283_37.5178579827611216,1180000602,영등포로터리,126.9122093045591271_37.5182292931425820,41.0,6.0,정체,126.9122093045591271_37.5182292931425820|126.9121877240078646_37.5181429270656466|126.9121839563804457_37.5179920900407353|126.9121994203567283_37.5178579827611216
2026-09-04T13:22:12.125893+09:00,영등포 타임스퀘어,영등포 타임스퀘어,POI074,KEY_2,1180016304,신길로,1180000601,영등포로터리,126.9124535820762105_37.5184297931263089,1180029301,영등포지하차도(북측),126.9123346128244236_37.5178676775866151,65.0,13.0,정체,126.9123346128244236_37.5178676775866151|126.9123198197420521_37.5179959706838062|126.9123231986734623_37.5181312083496223|126.9123504037761450_37.5182400823260807|126.9124535820762105_37.5184297931263089
2026-09-04T13:22:12.125893+09:00,영등포 타임스퀘어,영등포 타임스퀘어,POI074,KEY_2,1180018001,영중로,1180000509,영등포역교차로,126.9062411865252500_37.5170589962790046,1180030604,신세계백화점삼거리,126.9057574095607492_37.5180060126119699,113.0,10.0,정체,126.9057574095607492_37.5180060126119699|126.9062411865252500_37.5170589962790046
2026-09-04T13:22:12.125893+09:00,영등포 타임스퀘어,영등포 타임스퀘어,POI074,KEY_2,1180018002,영중로,1180000505,영등포역앞교차로,126.9065561592446301_37.5164424089386372,1180000508,영등포역교차로,126.9062924160255932_37.5169587106358122,62.0,4.0,정체,126.9062924160255932_37.5169587106358122|126.9064372908919864_37.5166751056728529|126.9065561592446301_37.5164424089386372
2026-09-04T13:22:12.125893+09:00,영등포 타임스퀘어,영등포 타임스퀘어,POI074,KEY_2,1180018101,영중로,1180177500,영등포동3가 33,126.9065630179876081_37.5167158549283286,1180000502,영등포역앞교차로,126.9066807209800629_37.5164854387568099,28.0,15.0,서행,126.9066807209800629_37.5164854387568099|126.9065630179876081_37.5167158549283286
2026-09-04T13:22:12.125893+09:00,영등포 타임스퀘어,영등포 타임스퀘어,POI074,KEY_2,1180018404,영등포로,1180126700,신길동 50-3,126.9172841213858050_37.5156221114985726,1180028903,신길역,126.9164897743027893_37.5173809040417936,207.0,18.5,서행,126.9164897743027893_37.5173809040417936|126.9166933585755288_37.5169092955012218|126.9169330965590490_37.5163809977301526|126.9172525179823765_37.5156770933944443|126.9172841213858050_37.5156221114985726
2026-09-04T13:22:12.125893+09:00,영등포 타임스퀘어,영등포 타임스퀘어,POI074,KEY_2,1180018801,문래로,1180030608,영등포동4가123-1,126.9024638451189446_37.5183060983704522,1180031202,영등포경방필뒷길교차로,126.9013385422641136_37.5184309135766441,100.0,23.0,서행,126.9013385422641136_37.5184309135766441|126.9015682760347090_37.5183993935494016|126.9020374138769114_37.5183505223735310|126.9024638451189446_37.5183060983704522
2026-09-04T13:22:12.125893+09:00,영등포 타임스퀘어,영등포 타임스퀘어,POI074,KEY_2,1180018802,문래로,1180197700,영등포동4가 123-1,126.9028974562422434_37.5182609246652419,1180030607,영등포동4가123-1,126.9025987362175556_37.5182920455747819,27.0,18.0,서행,126.9025987362175556_37.5182920455747819|126.9028974562422434_37.5182609246652419
2026-09-04T13:22:12.125893+09:00,영등포 타임스퀘어,영등포 타임스퀘어,POI074,KEY_2,1180018901,문래로,1180164900,영등포동4가 53-3,126.9048292098879642_37.5181734231585580,1180030605,신세계백화점삼거리,126.9057028648952326_37.5181149873021340,78.0,15.5,서행,126.9057028648952326_37.5181149873021340|126.9053638432774704_37.5181201708930843|126.9048292098879642_37.5181734231585580
2026-09-04T13:22:12.125893+09:00,영등포 타임스퀘어,영등포 타임스퀘어,POI074,KEY_2,1180019604,문래로,1180031203,영등포경방필뒷길교차로,126.9011930366776255_37.5184405339261389,1180031302,문래동3가 17,126.9007982551108853_37.5184068062494944,35.0,10.0,정체,126.9007982551108853_37.5184068062494944|126.9011930366776255_37.5184405339261389
2026-09-04T13:22:12.125893+09:00,영등포 타임스퀘어,영등포 타임스퀘어,POI074,KEY_2,1180020400,영중로,1180130300,영등포동4가 53-3,126.9052282035568311_37.5190719619747028,1180034704,영등포시장앞교차로,126.9047990476082077_37.5199371694090047,103.0,32.0,원활,126.9047990476082077_37.5199371694090047|126.9052282035568311_37.5190719619747028
2026-09-04T13:22:12.125893+09:00,영등포 타임스퀘어,영등포 타임스퀘어,POI074,KEY_2,1180020601,영등포로,1180198600,영등포동3가 28,126.9106420024377400_37.5187152938311712,1180032602,영등포야구연습장,126.9095385666399807_37.5189372018608651,101.0,10.0,정체,126.9095385666399807_37.5189372018608651|126.9106420024377400_37.5187152938311712
2026-09-04T13:22:12.125893+09:00,영등포 타임스퀘어,영등포 타임스퀘어,POI074,KEY_2,1180020602,영등포로,1180222700,영등포동3가 31,126.9060516206890838_37.5196741320310707,1180034703,영등포시장앞교차로,126.9049610526885488_37.5199048084829059,100.0,22.0,서행,126.9049610526885488_37.5199048084829059|126.9060516206890838_37.5196741320310707
2026-09-04T13:22:12.125893+09:00,영등포 타임스퀘어,영등포 타임스퀘어,POI074,KEY_2,1180020702,영등포로,1180198700,영등포동2가 5-1,126.9106752312442836_37.5188201178326324,1180000604,영등포로터리,126.9122054556963235_37.5185123526650202,140.0,19.0,서행,126.9122054556963235_37.5185123526650202|126.9106752312442836_37.5188201178326324
2026-09-04T13:22:12.125893+09:00,영등포 타임스퀘어,영등포 타임스퀘어,POI074,KEY_2,1180020703,영등포로,1180194500,영등포동2가 30-1,126.9084229110674045_37.5192843866863441,1180032604,영등포야구연습장,126.9094400795285935_37.5190692022479695,93.0,12.0,정체,126.9094400795285935_37.5190692022479695|126.9084229110674045_37.5192843866863441
2026-09-04T13:22:12.125893+09:00,영등포 타임스퀘어,영등포 타임스퀘어,POI074,KEY_2,1180022301,영등포로,1180106100,영등포동6가 76-1,126.9038369152164876_37.5201972870942271,1180034705,영등포시장앞교차로,126.9047816349661844_37.5200500536503583,85.0,16.0,서행,126.9047816349661844_37.5200500536503583|126.9038369152164876_37.5201972870942271
2026-09-04T13:22:12.125893+09:00,영등포 타임스퀘어,영등포 타임스퀘어,POI074,KEY_2,1180023602,영중로,1180034705,영등포시장앞교차로,126.9047816349661844_37.5200500536503583,1180034708,새길병원,126.9048589892574768_37.5209747297568086,103.0,8.0,정체,126.9048589892574768_37.5209747297568086|126.9047862119519294_37.5203545136103216|126.9047816349661844_37.5200500536503583
2026-09-04T13:22:12.125893+09:00,영등포 타임스퀘어,영등포 타임스퀘어,POI074,KEY_2,1180023701,영중로,1180034706,속성변화점,126.9050067919064873_37.5210724475763513,1180034702,영등포시장앞교차로,126.9049170256530346_37.5200259885010610,116.0,11.0,정체,126.9049170256530346_37.5200259885010610|126.9049218798124485_37.5203488258486004|126.9049941446391756_37.5209646684422538|126.9050067919064873_37.5210724475763513
2026-09-04T13:22:12.125893+09:00,영등포 타임스퀘어,영등포 타임스퀘어,POI074,KEY_2,1180064600,영신로,1180024702,영등포역고가차도(남측),126.9086116519794842_37.5134678994298696,1180026102,영등포역1번출구,126.9076181236332417_37.5147853277155576,171.0,19.0,서행,126.9076181236332417_37.5147853277155576|126.9084207633854646_37.5136308769032922|126.9086116519794842_37.5134678994298696
2026-09-04T13:22:12.125893+09:00,영등포 타임스퀘어,영등포 타임스퀘어,POI074,KEY_2,1180064700,영신로,1180026101,영등포역1번출구,126.9078556055787601_37.5148900936006484,1180024701,영등포역고가차도(남측),126.9087307052849098_37.5135198228046463,171.0,20.3,서행,126.9087307052849098_37.5135198228046463|126.9086582428016641_37.5137356411918148|126.9078556055787601_37.5148900936006484
2026-09-04T13:22:12.125893+09:00,영등포 타임스퀘어,영등포 타임스퀘어,POI074,KEY_2,1180067501,영신로,1180026608,청과시장입구사거리,126.9026871473992344_37.5156177148454049,1180026611,청과시장입구교차로,126.9031194935170959_37.5152570224186022,56.0,15.0,서행,126.9031194935170959_37.5152570224186022|126.9029245062045419_37.5153905454125791|126.9027647649380697_37.5155308912642838|126.9026871473992344_37.5156177148454049
2026-09-04T13:22:12.125893+09:00,영등포 타임스퀘어,영등포 타임스퀘어,POI074,KEY_2,1180067502,영신로,1180027206,영등포역고가차도(북측),126.9018923848414317_37.5169760079907491,1180026607,청과시장입구사거리,126.9026117945604284_37.5157085193453881,155.0,18.0,서행,126.9026117945604284_37.5157085193453881|126.9025622027086087_37.5157723283970412|126.9022912457701011_37.5162204879740173|126.9022048796041844_37.5163679945295740|126.9021402544090336_37.5165218909278124|126.9020376238798065_37.5167854844985698|126.9018923848414317_37.5169760079907491
2026-09-04T13:22:12.125893+09:00,영등포 타임스퀘어,영등포 타임스퀘어,POI074,KEY_2,1180067601,경인로,1180194100,영등포동4가 423-98,126.9049173709000513_37.5157593472424935,1180026612,청과시장입구교차로,126.9031734327549401_37.5151578048967025,168.0,16.0,서행,126.9031734327549401_37.5151578048967025|126.9049173709000513_37.5157593472424935
2026-09-04T13:22:12.125893+09:00,영등포 타임스퀘어,영등포 타임스퀘어,POI074,KEY_2,1180067602,경인로,1180000504,영등포역앞교차로,126.9066100945905049_37.5163431897925648,1180026604,영등포역교차로,126.9064578224589042_37.5162906707129054,15.0,16.0,서행,126.9064578224589042_37.5162906707129054|126.9066100945905049_37.5163431897925648
2026-09-04T13:22:12.125893+09:00,영등포 타임스퀘어,영등포 타임스퀘어,POI074,KEY_2,1180067701,경인로,1180026603,영등포역교차로,126.9064038869495192_37.5163898897900978,1180000505,영등포역앞교차로,126.9065561592446301_37.5164424089386372,15.0,8.0,정체,126.9065561592446301_37.5164424089386372|126.9064038869495192_37.5163898897900978
2026-09-04T13:22:12.125893+09:00,영등포 타임스퀘어,영등포 타임스퀘어,POI074,KEY_2,1180067702,경인로,1180194000,영등포동4가 423-98,126.9048634335346009_37.5158585655532590,1180026606,영등포역교차로,126.9062792989578270_37.5163469187381509,136.0,8.5,정체,126.9062792989578270_37.5163469187381509|126.9048634335346009_37.5158585655532590
2026-09-04T13:22:12.125893+09:00,영등포 타임스퀘어,영등포 타임스퀘어,POI074,KEY_2,1180073100,영등포로50길,1180028604,영등포한전,126.9092990278852682_37.5173912699995569,1180032603,영등포야구연습장,126.9094071216628663_37.5189643058265077,176.0,6.0,정체,126.9094071216628663_37.5189643058265077|126.9092962018217037_37.5185871916409681|126.9092686154928487_37.5184211705609982|126.9092376416866585_37.5178113154560577|126.9092517371507256_37.5176562384217647|126.9092990278852682_37.5173912699995569
2026-09-04T13:22:12.125893+09:00,영등포 타임스퀘어,영등포 타임스퀘어,POI074,KEY_2,1180073600,경인로,1180031400,영등포로터리,126.9135244685563038_37.5187677128586827,1180000601,영등포로터리,126.9124535820762105_37.5184297931263089,102.0,27.0,원활,126.9124535820762105_37.5184297931263089|126.9128100770402767_37.5185012566219456|126.9135244685563038_37.5187677128586827
2026-09-04T13:22:12.125893+09:00,영등포 타임스퀘어,영등포 타임스퀘어,POI074,KEY_2,1180074400,버드나루로,1180000604,영등포로터리,126.9122054556963235_37.5185123526650202,1180032400,영등포로터리,126.9125107094587435_37.5191376677346895,79.0,14.0,정체,126.9125107094587435_37.5191376677346895|126.9123789759963330_37.5188311948415461|126.9123310981761392_37.5186176017848041|126.9122705071853119_37.5185097182430880|126.9122054556963235_37.5185123526650202
2026-09-04T13:22:12.125893+09:00,영등포 타임스퀘어,영등포 타임스퀘어,POI074,KEY_2,1180075600,경인로,1180000604,영등포로터리,126.9122054556963235_37.5185123526650202,1180034604,영등포고가차도(동측),126.9146713619132498_37.5199625605113596,278.0,34.0,원활,126.9146713619132498_37.5199625605113596|126.9145526823699441_37.5199508797338339|126.9143552126644749_37.5198935230305253|126.9133322102916424_37.5193826208748220|126.9130630332413148_37.5192203173122039|126.9127341107558067_37.5189626122592088|126.9125481884640863_37.5187765879230426|126.9124818594804083_37.5186855708289926|126.9124327382808559_37.5186108665007083|126.9122705071853119_37.5185097182430880|126.9122054556963235_37.5185123526650202
2026-09-04T13:22:12.125893+09:00,영등포 타임스퀘어,영등포 타임스퀘어,POI074,KEY_2,1180076800,영등포로53길,1180000604,영등포로터리,126.9122054556963235_37.5185123526650202,1180035308,동일빌딩,126.9103211440061187_37.5202225574950390,253.0,20.0,서행,126.9103211440061187_37.5202225574950390|126.9110936783595065_37.5195510357812481|126.9119678887164326_37.5187633670989484|126.9122054556963235_37.5185123526650202
2026-09-04T13:22:12.125893+09:00,영등포 타임스퀘어,영등포 타임스퀘어,POI074,KEY_2,1180077100,영등포로53길,1180035307,동일빌딩,126.9104219802961921_37.5202949459832169,1180000601,영등포로터리,126.9124535820762105_37.5184297931263089,274.0,13.0,정체,126.9124535820762105_37.5184297931263089|126.9120730951421621_37.5188318189768637|126.9111945763048652_37.5196233694127699|126.9104219802961921_37.5202949459832169
2026-09-04T13:22:12.125893+09:00,영등포 타임스퀘어,영등포 타임스퀘어,POI074,KEY_2,1180077800,영등포로49길,1180035308,동일빌딩,126.9103211440061187_37.5202225574950390,1180032601,영등포야구연습장,126.9095714878148726_37.5190420934544235,152.0,9.0,정체,126.9095714878148726_37.5190420934544235|126.9098488533216766_37.5198729332244412|126.9098507104603897_37.5198744152730441|126.9100362848115253_37.5200225083504151|126.9103211440061187_37.5202225574950390
2026-09-04T13:22:12.125893+09:00,영등포 타임스퀘어,영등포 타임스퀘어,POI074,KEY_2,1180122400,영중로3길,1180070602,영등포동4가440-9,126.9040381864777629_37.5162832372860464,1180000509,영등포역교차로,126.9062411865252500_37.5170589962790046,213.0,8.0,정체,126.9062411865252500_37.5170589962790046|126.9057966058204698_37.5169361302130895|126.9055335280310146_37.5168609647402818|126.9052182848325572_37.5167684936097956|126.9049638245406157_37.5166751920809745|126.9044625088730243_37.5164579567123511|126.9040381864777629_37.5162832372860464
2026-09-04T13:22:12.125893+09:00,영등포 타임스퀘어,영등포 타임스퀘어,POI074,KEY_2,1180127800,영신로24길,1180070601,영등포동4가440-9,126.9040999860292942_37.5161869737218368,1180026608,청과시장입구사거리,126.9026871473992344_37.5156177148454049,140.0,16.0,서행,126.9026871473992344_37.5156177148454049|126.9039609526363819_37.5161309557252665|126.9040999860292942_37.5161869737218368
2026-09-04T13:22:12.125893+09:00,용리단길,용리단길,POI076,KEY_3,1020007302,한강대로,1020015204,용산역,126.9667170087153636_37.5280456524693449,1020016803,전자상가입구교차로,126.9681558223356888_37.5295644873819896,211.0,25.0,원활,126.9681558223356888_37.5295644873819896|126.9672342806026819_37.5285917021841300|126.9667170087153636_37.5280456524693449
2026-09-04T13:22:12.125893+09:00,용리단길,용리단길,POI076,KEY_3,1020007402,한강대로,1020051500,한강로2가 188-1,126.9673426559004668_37.5285265849111056,1020015201,속성변화점,126.9668253836721163_37.5279805356647955,76.0,14.0,정체,126.9668253836721163_37.5279805356647955|126.9673426559004668_37.5285265849111056
2026-09-04T13:22:12.125893+09:00,용리단길,용리단길,POI076,KEY_3,1020008306,새창로,1020016803,전자상가입구교차로,126.9681558223356888_37.5295644873819896,1020017802,신용산지하차도(동측),126.9673959720882692_37.5300726947153009,88.0,13.0,정체,126.9673959720882692_37.5300726947153009|126.9677699989137238_37.5298289272809029|126.9679910930038602_37.5296848305883302|126.9679948818404398_37.5296820626562777|126.9681558223356888_37.5295644873819896
2026-09-04T13:22:12.125893+09:00,용리단길,용리단길,POI076,KEY_3,1020008406,새창로,1020126900,한강로2가 422-1,126.9678559795664512_37.5299126000648968,1020016804,전자상가입구교차로,126.9682403944276103_37.5296494232954956,45.0,12.0,정체,126.9682403944276103_37.5296494232954956|126.9680866539261928_37.5297617379752211|126.9680800395232581_37.5297665700961005|126.9678559795664512_37.5299126000648968
2026-09-04T13:22:12.125893+09:00,용리단길,용리단길,POI076,KEY_3,1020009302,한강대로,1020025100,삼각지역7번출구,126.9734329393310475_37.5350708801419586,1020025603,삼각지역교차로,126.9739472931050841_37.5356089153529453,75.0,26.0,원활,126.9739472931050841_37.5356089153529453|126.9738394312628174_37.5354850527930566|126.9734329393310475_37.5350708801419586
2026-09-04T13:22:12.125893+09:00,용리단길,용리단길,POI076,KEY_3,1020009402,한강대로,1020025602,삼각지역교차로,126.9740601326000160_37.5355487598275559,1020024700,삼각지역7번출구,126.9735399131187421_37.5350043003819138,76.0,17.0,서행,126.9735399131187421_37.5350043003819138|126.9739487928858210_37.5354209040961138|126.9740601326000160_37.5355487598275559
2026-09-04T13:22:12.125893+09:00,용리단길,용리단길,POI076,KEY_3,1020011301,이태원로,1020024900,삼각지역13번출구,126.9749769084332343_37.5349767961125238,1020025602,삼각지역교차로,126.9740601326000160_37.5355487598275559,103.0,31.0,원활,126.9740601326000160_37.5355487598275559|126.9743097291953688_37.5353822428393471|126.9749769084332343_37.5349767961125238
2026-09-04T13:22:12.125893+09:00,용리단길,용리단길,POI076,KEY_3,1020011401,이태원로,1020025601,삼각지역교차로,126.9741286309340893_37.5356441095230551,1020025200,삼각지역(서울6호선),126.9750592746409410_37.5350627473837051,105.0,11.0,정체,126.9750592746409410_37.5350627473837051|126.9743945507994880_37.5354667021441912|126.9741286309340893_37.5356441095230551
2026-09-04T13:22:12.125893+09:00,용리단길,용리단길,POI076,KEY_3,1020012502,백범로,1020025603,삼각지역교차로,126.9739472931050841_37.5356089153529453,1020025800,삼각지역8번출구,126.9732142110164972_37.5358680244183063,71.0,10.0,정체,126.9732142110164972_37.5358680244183063|126.9737037621432734_37.5357113531253859|126.9739472931050841_37.5356089153529453
2026-09-04T13:22:12.125893+09:00,용리단길,용리단길,POI076,KEY_3,1020012602,백범로,1020025900,삼각지역9번출구,126.9732648398461947_37.5359683460905913,1020025604,삼각지역교차로,126.9740127329014001_37.5357036653550509,72.0,15.5,서행,126.9740127329014001_37.5357036653550509|126.9737609376188203_37.5358095794168420|126.9732648398461947_37.5359683460905913
2026-09-04T13:22:12.125893+09:00,용리단길,용리단길,POI076,KEY_3,1020014101,한강대로,1020025604,삼각지역교차로,126.9740127329014001_37.5357036653550509,1020026300,삼각지역10번출구,126.9741534931197577_37.5365074530867560,92.0,14.0,정체,126.9741534931197577_37.5365074530867560|126.9741631206036629_37.5364549845269977|126.9741847918449622_37.5362725862118936|126.9741503498416080_37.5360423405955430|126.9740854223847748_37.5358421943092253|126.9740127329014001_37.5357036653550509
2026-09-04T13:22:12.125893+09:00,용리단길,용리단길,POI076,KEY_3,1020014201,한강대로,1020026100,삼각지역10번출구,126.9742878403268662_37.5365230850403009,1020025601,삼각지역교차로,126.9741286309340893_37.5356441095230551,100.0,20.0,서행,126.9741286309340893_37.5356441095230551|126.9742144475380172_37.5358076529602371|126.9742840895532794_37.5360223351451125|126.9743213281359431_37.5362712689839313|126.9742979653557313_37.5364679009623998|126.9742878403268662_37.5365230850403009
2026-09-04T13:22:12.125893+09:00,용리단길,용리단길,POI076,KEY_3,1020041600,이태원로,1020024900,삼각지역13번출구,126.9749769084332343_37.5349767961125238,1020024700,삼각지역7번출구,126.9735399131187421_37.5350043003819138,133.0,20.0,서행,126.9735399131187421_37.5350043003819138|126.9737871420369544_37.5350683590055922|126.9740745093847494_37.5351141932787655|126.9743259590357241_37.5351428549854020|126.9744936004149025_37.5351390773759803|126.9746804090904675_37.5351124173200219|126.9749769084332343_37.5349767961125238
2026-09-04T13:22:12.125893+09:00,용리단길,용리단길,POI076,KEY_3,1020042000,한강대로,1020025100,삼각지역7번출구,126.9734329393310475_37.5350708801419586,1020025800,삼각지역8번출구,126.9732142110164972_37.5358680244183063,99.0,18.0,서행,126.9732142110164972_37.5358680244183063|126.9733594327573485_37.5358059269681803|126.9734228796811522_37.5357567484317087|126.9734612351895180_37.5356518652658693|126.9734828450604738_37.5354935787201356|126.9734805099240447_37.5353238449836439|126.9734329393310475_37.5350708801419586
2026-09-04T13:22:12.125893+09:00,용리단길,용리단길,POI076,KEY_3,1020042700,한강대로,1020026100,삼각지역10번출구,126.9742878403268662_37.5365230850403009,1020025200,삼각지역(서울6호선),126.9750592746409410_37.5350627473837051,177.0,25.3,원활,126.9750592746409410_37.5350627473837051|126.9748767335852051_37.5352726571772237|126.9747904745872802_37.5354004160112282|126.9747233793208210_37.5355186435926313|126.9746634608651732_37.5356559432532677|126.9746035202002048_37.5358580851873924|126.9744788894439296_37.5361422194916159|126.9743662656054255_37.5363310006673174|126.9742878403268662_37.5365230850403009
2026-09-04T13:22:12.125893+09:00,용리단길,용리단길,POI076,KEY_3,1020043000,백범로,1020025900,삼각지역9번출구,126.9732648398461947_37.5359683460905913,1020026300,삼각지역10번출구,126.9741534931197577_37.5365074530867560,106.0,22.0,서행,126.9741534931197577_37.5365074530867560|126.9740836590516437_37.5363538243993915|126.9739256446785731_37.5362145697140122|126.9738011461972036_37.5361115577945768|126.9736574773157685_37.5360428695899984|126.9734563275352457_37.5359856101105933|126.9732648398461947_37.5359683460905913
2026-09-04T13:22:12.125893+09:00,용리단길,용리단길,POI076,KEY_3,1020043101,백범로,1020025800,삼각지역8번출구,126.9732142110164972_37.5358680244183063,1020037902,삼각지고가차도(동측),126.9728791096191856_37.5359752795594801,32.0,16.0,서행,126.9728791096191856_37.5359752795594801|126.9732142110164972_37.5358680244183063
2026-09-04T13:22:12.125893+09:00,용리단길,용리단길,POI076,KEY_3,1020043201,백범로,1020037901,삼각지고가차도(동측),126.9729282965810881_37.5360760482562767,1020025900,삼각지역9번출구,126.9732648398461947_37.5359683460905913,32.0,16.0,서행,126.9732648398461947_37.5359683460905913|126.9729282965810881_37.5360760482562767
2026-09-04T13:22:12.125893+09:00,용리단길,용리단길,POI076,KEY_3,1020056901,한강대로,1020016804,전자상가입구교차로,126.9682403944276103_37.5296494232954956,1020041504,용산우체국,126.9687693600408522_37.5301748910193922,75.0,14.0,정체,126.9687693600408522_37.5301748910193922|126.9682403944276103_37.5296494232954956
2026-09-04T13:22:12.125893+09:00,용리단길,용리단길,POI076,KEY_3,1020057001,한강대로,1020041503,용산우체국,126.9688709856765172_37.5301100058853052,1020016801,전자상가입구교차로,126.9683459865975124_37.5295827397858162,75.0,14.0,정체,126.9683459865975124_37.5295827397858162|126.9688709856765172_37.5301100058853052
2026-09-04T13:22:12.125893+09:00,용리단길,용리단길,POI076,KEY_3,1020057501,한강대로,1020058400,한강로1가 228-1,126.9732120555661368_37.5348400238888473,1020025100,삼각지역7번출구,126.9734329393310475_37.5350708801419586,32.0,12.0,정체,126.9734329393310475_37.5350708801419586|126.9732120555661368_37.5348400238888473
2026-09-04T13:22:12.125893+09:00,용리단길,용리단길,POI076,KEY_3,1020057601,한강대로,1020071700,한강로2가 140-1,126.9691516325622445_37.5304124021685297,1020041502,용산우체국,126.9689326562372713_37.5301754205949933,33.0,27.0,원활,126.9689326562372713_37.5301754205949933|126.9691516325622445_37.5304124021685297
2026-09-04T13:22:12.125893+09:00,이태원 앤틱가구거리,이태원 앤틱가구거리,POI077,KEY_4,1020006703,장문로,1020015404,우루과이대사관저,126.9926471421809993_37.5283649653095139,1020016400,동빙고동 7-38,126.9918491226028294_37.5291270683586760,110.0,22.0,서행,126.9918491226028294_37.5291270683586760|126.9926471421809993_37.5283649653095139
2026-09-04T13:22:12.125893+09:00,이태원 앤틱가구거리,이태원 앤틱가구거리,POI077,KEY_4,1020006803,장문로,1020017000,용산동4가 19-6,126.9913885945213963_37.5298136745927096,1020015401,우루과이대사관저,126.9927514049631014_37.5284342120850951,195.0,20.0,서행,126.9927514049631014_37.5284342120850951|126.9919533858600289_37.5291963156843167|126.9913885945213963_37.5298136745927096
2026-09-04T13:22:12.125893+09:00,이태원 앤틱가구거리,이태원 앤틱가구거리,POI077,KEY_4,1020007203,녹사평대로,1020017000,용산동4가 19-6,126.9913885945213963_37.5298136745927096,1020016601,동빙고동 10-11,126.9914492657646008_37.5294521431013095,40.0,19.0,서행,126.9914492657646008_37.5294521431013095|126.9913885945213963_37.5298136745927096
2026-09-04T13:22:12.125893+09:00,이태원 앤틱가구거리,이태원 앤틱가구거리,POI077,KEY_4,1020007501,보광로,1020044300,보광동 238-66,126.9969332242469591_37.5301241606732958,1020018102,한국폴리텍1대학(정수캠퍼스),126.9967407762806317_37.5303074430734185,27.0,21.7,서행,126.9967407762806317_37.5303074430734185|126.9969332242469591_37.5301241606732958
2026-09-04T13:22:12.125893+09:00,이태원 앤틱가구거리,이태원 앤틱가구거리,POI077,KEY_4,1020007502,보광로,1020054000,이태원동 92-5,126.9952221008180402_37.5312991493789170,1020020003,예림가구전시장,126.9950410040469677_37.5314672212576141,25.0,16.5,서행,126.9950410040469677_37.5314672212576141|126.9952221008180402_37.5312991493789170
2026-09-04T13:22:12.125893+09:00,이태원 앤틱가구거리,이태원 앤틱가구거리,POI077,KEY_4,1020007602,보광로,1020109400,이태원동 21-5,126.9954404860053501_37.5312782549612436,1020018104,한국폴리텍1대학(정수캠퍼스),126.9967076176607605_37.5304630978737350,145.0,23.7,서행,126.9967076176607605_37.5304630978737350|126.9965855293846175_37.5305326888168906|126.9964251122166132_37.5305994203464621|126.9959926204144836_37.5308464907872477|126.9954404860053501_37.5312782549612436
2026-09-04T13:22:12.125893+09:00,이태원 앤틱가구거리,이태원 앤틱가구거리,POI077,KEY_4,1020008700,녹사평대로26길,1020126500,이태원동 22-50,126.9931660545729102_37.5317363258551211,1020020004,예림가구전시장,126.9949764416404889_37.5315738302358213,165.0,15.5,서행,126.9949764416404889_37.5315738302358213|126.9948202137049975_37.5315700528863516|126.9941705583955240_37.5315213703374440|126.9937565109327267_37.5315396683323783|126.9932035616774613_37.5317280200552048|126.9931660545729102_37.5317363258551211
2026-09-04T13:22:12.125893+09:00,이태원 앤틱가구거리,이태원 앤틱가구거리,POI077,KEY_4,1020008800,녹사평대로26길,1020020003,예림가구전시장,126.9950410040469677_37.5314672212576141,1020018201,찬우물삼거리,126.9914707840366219_37.5305236841626382,422.0,17.3,서행,126.9914707840366219_37.5305236841626382|126.9915775990819213_37.5309419173485210|126.9916711574009298_37.5313082400227600|126.9917600905127557_37.5314454930900681|126.9917753022259319_37.5314618320030959|126.9919517327942486_37.5316513355474726|126.9921092617922511_37.5317812903834565|126.9921946495817480_37.5318190759416268|126.9922696900252816_37.5318225965842629|126.9931296829365266_37.5316321581035055|126.9931584811932765_37.5316257808370324|126.9937251084692917_37.5314327691697116|126.9941731712468425_37.5314129682954984|126.9948286419663361_37.5314620871703255|126.9950410040469677_37.5314672212576141
2026-09-04T13:22:12.125893+09:00,이태원 앤틱가구거리,이태원 앤틱가구거리,POI077,KEY_4,1020008901,녹사평대로,1020016602,용산동4가 19-2,126.9913146151955772_37.5294383407276726,1020022202,이태원지하차도(남측),126.9891497327059682_37.5328152235285657,424.0,45.0,원활,126.9891497327059682_37.5328152235285657|126.9896909605636353_37.5320547926819827|126.9899673314355084_37.5316664817415955|126.9908595519634815_37.5304271853298275|126.9909277275987449_37.5303324863214343|126.9911621302299807_37.5299710321997324|126.9912583492032780_37.5297864854106820|126.9913146151955772_37.5294383407276726
2026-09-04T13:22:12.125893+09:00,이태원 앤틱가구거리,이태원 앤틱가구거리,POI077,KEY_4,1020009001,녹사평대로,1020018000,용산동4가 19-6,126.9909773297691800_37.5304809634511045,1020017000,용산동4가 19-6,126.9913885945213963_37.5298136745927096,83.0,14.0,정체,126.9913885945213963_37.5298136745927096|126.9912856241119101_37.5300162220987090|126.9910469864938420_37.5303842075015055|126.9909773297691800_37.5304809634511045
2026-09-04T13:22:12.125893+09:00,이태원 앤틱가구거리,이태원 앤틱가구거리,POI077,KEY_4,1020009002,녹사평대로,1020143500,이태원동 34-126,126.9898090601809457_37.5321081021588725,1020018000,용산동4가 19-6,126.9909773297691800_37.5304809634511045,208.0,13.0,정체,126.9909773297691800_37.5304809634511045|126.9900852768915342_37.5317200300991516|126.9898090601809457_37.5321081021588725
2026-09-04T13:22:12.125893+09:00,이태원 앤틱가구거리,이태원 앤틱가구거리,POI077,KEY_4,1020009500,보광로,1020157400,이태원동 131-33,126.9940373387562431_37.5339474192291860,1020003103,이태원역앞교차로,126.9938722101036319_37.5344410134072106,57.0,18.0,서행,126.9938722101036319_37.5344410134072106|126.9939255349719502_37.5342547060894063|126.9940373387562431_37.5339474192291860
2026-09-04T13:22:12.125893+09:00,이태원 앤틱가구거리,이태원 앤틱가구거리,POI077,KEY_4,1020009600,보광로,1020067700,이태원동 96-7,126.9950341855753067_37.5317612306550714,1020020001,예림가구전시장,126.9951044639607147_37.5316098203141806,18.0,14.0,정체,126.9951044639607147_37.5316098203141806|126.9950439807781066_37.5317462713097711|126.9950341855753067_37.5317612306550714
2026-09-04T13:22:12.125893+09:00,이태원 앤틱가구거리,이태원 앤틱가구거리,POI077,KEY_4,1020010701,이태원로,1020109600,이태원동 119-23,126.9934065376017003_37.5345186269656637,1020003104,이태원역앞교차로,126.9938609433052790_37.5345487608536530,40.0,19.0,서행,126.9938609433052790_37.5345487608536530|126.9934065376017003_37.5345186269656637
2026-09-04T13:22:12.125893+09:00,이태원 앤틱가구거리,이태원 앤틱가구거리,POI077,KEY_4,1020011101,이태원로,1020167100,이태원동 119-23,126.9944655556111286_37.5345901775849882,1020024204,이태원소방파출소,126.9954968238074144_37.5346610574196760,91.0,13.0,정체,126.9954968238074144_37.5346610574196760|126.9944655556111286_37.5345901775849882
2026-09-04T13:22:12.125893+09:00,이태원 앤틱가구거리,이태원 앤틱가구거리,POI077,KEY_4,1020011102,이태원로,1020024201,이태원소방파출소,126.9956371857134911_37.5346703540578233,1020025304,이태원호텔앞교차로,126.9986418686788028_37.5352583937875650,280.0,12.0,정체,126.9986418686788028_37.5352583937875650|126.9984212314769110_37.5351188313605419|126.9982335515615830_37.5350249822649857|126.9980583342124731_37.5349517245471205|126.9978393040948390_37.5348749734958176|126.9976622321914590_37.5348302588598415|126.9974202076542866_37.5347917072044979|126.9972001370625776_37.5347636612448596|126.9968571305746536_37.5347459155125946|126.9956371857134911_37.5346703540578233
2026-09-04T13:22:12.125893+09:00,이태원 앤틱가구거리,이태원 앤틱가구거리,POI077,KEY_4,1020011201,이태원로,1020024203,이태원소방파출소,126.9955363307621354_37.5345552498172168,1020003102,이태원역앞교차로,126.9940088155564695_37.5344502604877519,136.0,12.0,정체,126.9940088155564695_37.5344502604877519|126.9944772309336969_37.5344824577926843|126.9955363307621354_37.5345552498172168
2026-09-04T13:22:12.125893+09:00,이태원 앤틱가구거리,이태원 앤틱가구거리,POI077,KEY_4,1020011202,이태원로,1020025303,이태원호텔앞교차로,126.9987263153591641_37.5351737312984781,1020024202,이태원소방파출소,126.9956725121214589_37.5345640956228834,285.0,19.0,서행,126.9956725121214589_37.5345640956228834|126.9968667962878328_37.5346380677732867|126.9972152987085821_37.5346560983237794|126.9974442596476365_37.5346852761054279|126.9976961690244082_37.5347254028548534|126.9978873030321580_37.5347736685373405|126.9981173019449585_37.5348542624446893|126.9983013090689639_37.5349311962862444|126.9984997949651415_37.5350304478139734|126.9987263153591641_37.5351737312984781
2026-09-04T13:22:12.125893+09:00,이태원 앤틱가구거리,이태원 앤틱가구거리,POI077,KEY_4,1020031700,장문로,1020016400,동빙고동 7-38,126.9918491226028294_37.5291270683586760,1020015600,동빙고동 10-14,126.9915275433903332_37.5289205865966622,55.0,18.7,서행,126.9915275433903332_37.5289205865966622|126.9915229865147097_37.5290693722826134|126.9915463187575710_37.5291331423484351|126.9916078646116802_37.5291730890426720|126.9916734434981862_37.5291949294596705|126.9917616927946113_37.5291801123692821|126.9918491226028294_37.5291270683586760
2026-09-04T13:22:12.125893+09:00,이태원 앤틱가구거리,이태원 앤틱가구거리,POI077,KEY_4,1020032200,장문로,1020016400,동빙고동 7-38,126.9918491226028294_37.5291270683586760,1020016601,동빙고동 10-11,126.9914492657646008_37.5294521431013095,51.0,24.0,서행,126.9914492657646008_37.5294521431013095|126.9915150568015036_37.5293606619443736|126.9916607489244882_37.5292748176774964|126.9918491226028294_37.5291270683586760
2026-09-04T13:22:12.125893+09:00,이태원 앤틱가구거리,이태원 앤틱가구거리,POI077,KEY_4,1020034300,녹사평대로26길,1020018201,찬우물삼거리,126.9914707840366219_37.5305236841626382,1020017000,용산동4가 19-6,126.9913885945213963_37.5298136745927096,80.0,18.0,서행,126.9913885945213963_37.5298136745927096|126.9913442513651489_37.5300294341915617|126.9914164198635405_37.5303478209552139|126.9914707840366219_37.5305236841626382
2026-09-04T13:22:12.125893+09:00,이태원 앤틱가구거리,이태원 앤틱가구거리,POI077,KEY_4,1020034600,녹사평대로26길,1020018000,용산동4가 19-6,126.9909773297691800_37.5304809634511045,1020018202,찬우물삼거리,126.9913377452865575_37.5305452345433466,46.0,13.5,정체,126.9913377452865575_37.5305452345433466|126.9913156669195189_37.5304568149457580|126.9912955967890156_37.5304265497298886|126.9912791792530129_37.5304108710930961|126.9912378720889734_37.5303937039575430|126.9911893806270911_37.5303879789905181|126.9911408868570533_37.5303922668328198|126.9909773297691800_37.5304809634511045
2026-09-04T13:22:12.125893+09:00,이태원 앤틱가구거리,이태원 앤틱가구거리,POI077,KEY_4,1020035000,우사단로,1020018104,한국폴리텍1대학(정수캠퍼스),126.9967076176607605_37.5304630978737350,1020019603,보광초교,126.9966145408362621_37.5313514395482102,99.0,13.0,정체,126.9966145408362621_37.5313514395482102|126.9966499743015476_37.5311273272665034|126.9967023749042738_37.5306467090184555|126.9967047488624701_37.5306249349299250|126.9967076176607605_37.5304630978737350
2026-09-04T13:22:12.125893+09:00,이태원 앤틱가구거리,이태원 앤틱가구거리,POI077,KEY_4,1020035100,우사단로,1020144400,보광동 273-5,126.9968376292760581_37.5306560616211087,1020018101,한국폴리텍1대학(정수캠퍼스),126.9968449244348392_37.5303768014874137,31.0,24.0,서행,126.9968449244348392_37.5303768014874137|126.9968404290553678_37.5306303815874926|126.9968376292760581_37.5306560616211087
2026-09-04T13:22:12.125893+09:00,이태원 앤틱가구거리,이태원 앤틱가구거리,POI077,KEY_4,1020035700,우사단로10길,1020080000,보광동 264-84,126.9972966635901486_37.5314815655202878,1020019602,보광초교,126.9967492421036752_37.5313649465956800,50.0,4.0,정체,126.9967492421036752_37.5313649465956800|126.9969468538200061_37.5314042959198702|126.9970665124913864_37.5314510113661299|126.9972966635901486_37.5314815655202878
2026-09-04T13:22:12.125893+09:00,이태원 앤틱가구거리,이태원 앤틱가구거리,POI077,KEY_4,1020035800,우사단로10길,1020063700,이태원동 137-71,126.9973461434624795_37.5330913789416840,1020021402,보광초등학교,126.9956899673288291_37.5330078219414247,149.0,9.5,정체,126.9956899673288291_37.5330078219414247|126.9957471709841883_37.5330071120154045|126.9959092532463245_37.5329895166849070|126.9959908705287717_37.5329962436548925|126.9967100332990952_37.5331265163957823|126.9968007706584103_37.5331409709456594|126.9970508064429566_37.5331553276982532|126.9970573683931434_37.5331539068610311|126.9973461434624795_37.5330913789416840
2026-09-04T13:22:12.125893+09:00,이태원 앤틱가구거리,이태원 앤틱가구거리,POI077,KEY_4,1020037200,우사단로,1020019604,보광초교,126.9965895979005239_37.5314169517780911,1020021403,보광초등학교,126.9955478948623835_37.5330095850120031,200.0,20.0,서행,126.9955478948623835_37.5330095850120031|126.9955854463118499_37.5329070733362755|126.9956459380082094_37.5327986977635888|126.9960112393039111_37.5322685994321645|126.9965895979005239_37.5314169517780911
2026-09-04T13:22:12.125893+09:00,이태원 앤틱가구거리,이태원 앤틱가구거리,POI077,KEY_4,1020037300,우사단로,1020021402,보광초등학교,126.9956899673288291_37.5330078219414247,1020019601,보광초교,126.9967090173040560_37.5314683853719586,193.0,14.0,정체,126.9967090173040560_37.5314683853719586|126.9961304606680130_37.5323203253718063|126.9957676933582462_37.5328467489747055|126.9957132225621166_37.5329443380426113|126.9956899673288291_37.5330078219414247
2026-09-04T13:22:12.125893+09:00,이태원 앤틱가구거리,이태원 앤틱가구거리,POI077,KEY_4,1020039700,우사단로,1020063400,이태원동 137-23,126.9955993093615803_37.5340288073665604,1020024203,이태원소방파출소,126.9955363307621354_37.5345552498172168,59.0,9.0,정체,126.9955363307621354_37.5345552498172168|126.9955674338379481_37.5344291020757268|126.9956003436716969_37.5340381328912898|126.9955993093615803_37.5340288073665604
2026-09-04T13:22:12.125893+09:00,이태원 앤틱가구거리,이태원 앤틱가구거리,POI077,KEY_4,1020039800,우사단로,1020127900,이태원동 137-23,126.9956810738919017_37.5335371339901727,1020021401,보광초등학교,126.9956544097363604_37.5331163963296177,47.0,6.0,정체,126.9956544097363604_37.5331163963296177|126.9956431779321804_37.5331593197407258|126.9956452666882569_37.5332142943968208|126.9956810738919017_37.5335371339901727
2026-09-04T13:22:12.125893+09:00,이태원 앤틱가구거리,이태원 앤틱가구거리,POI077,KEY_4,1020041900,이태원로27길,1020091300,이태원동 111-5,126.9942746628349681_37.5355070255918761,1020024201,이태원소방파출소,126.9956371857134911_37.5346703540578233,170.0,21.0,서행,126.9956371857134911_37.5346703540578233|126.9955842562411448_37.5347850178568478|126.9954134054469819_37.5350706997723336|126.9953750142490776_37.5351183002557249|126.9952378837399039_37.5352883250498763|126.9951738511499997_37.5353312605409712|126.9950719982470559_37.5353558347332807|126.9945933761089663_37.5353577392293118|126.9945100556674760_37.5353687933671125|126.9944205701082751_37.5354092765412304|126.9942746628349681_37.5355070255918761
2026-09-04T13:22:12.125893+09:00,익선동,익선동,POI116,KEY_1,1000007200,돈화문로,1000059400,묘동 20-5,126.9921535095209890_37.5708464956724839,1000009801,종로3가사거리,126.9922000608216308_37.5704778715046643,41.0,9.5,정체,126.9922000608216308_37.5704778715046643|126.9921602362403092_37.5708137185849509|126.9921535095209890_37.5708464956724839
2026-09-04T13:22:12.125893+09:00,익선동,익선동,POI116,KEY_1,1000000503,종로,1000009101,종각지하쇼핑센터,126.9858227292488380_37.5702608423529298,1000008504,종로2가교차로,126.9876156819137520_37.5702574924147754,158.0,11.0,정체,126.9876156819137520_37.5702574924147754|126.9871453036203235_37.5702428823229511|126.9869246551587310_37.5702458796709990|126.9858227292488380_37.5702608423529298
2026-09-04T13:22:12.125893+09:00,익선동,익선동,POI116,KEY_1,1000001101,종로,1000112300,종로2가 34-2,126.9887450442138999_37.5703039837526021,1000009404,육의전박물관,126.9893556006803266_37.5703370254621802,54.0,5.0,정체,126.9893556006803266_37.5703370254621802|126.9887450442138999_37.5703039837526021
2026-09-04T13:22:12.125893+09:00,익선동,익선동,POI116,KEY_1,1000001102,종로,1000009401,육의전박물관,126.9894911528416657_37.5703440400947173,1000009804,종로3가사거리,126.9920644385376676_37.5704709834989146,228.0,6.0,정체,126.9920644385376676_37.5704709834989146|126.9894911528416657_37.5703440400947173
2026-09-04T13:22:12.125893+09:00,익선동,익선동,POI116,KEY_1,1000001201,종로,1000151200,종로2가 34-2,126.9885296395007401_37.5701839568255025,1000008502,종로2가교차로,126.9877530838436002_37.5701530192531123,69.0,23.0,서행,126.9877530838436002_37.5701530192531123|126.9881077158716209_37.5701611205547650|126.9885296395007401_37.5701839568255025
2026-09-04T13:22:12.125893+09:00,익선동,익선동,POI116,KEY_1,1000001202,종로,1000009803,종로3가사거리,126.9920772085238099_37.5703632864036052,1000009402,육의전박물관,126.9894997373196901_37.5702361366249775,228.0,16.0,서행,126.9894997373196901_37.5702361366249775|126.9920772085238099_37.5703632864036052
2026-09-04T13:22:12.125893+09:00,익선동,익선동,POI116,KEY_1,1000001501,종로,1000009801,종로3가사거리,126.9922000608216308_37.5704778715046643,1000010004,종묘공원,126.9937102608658108_37.5705569291297934,134.0,4.0,정체,126.9937102608658108_37.5705569291297934|126.9932582925197551_37.5705332710333550|126.9922000608216308_37.5704778715046643
2026-09-04T13:22:12.125893+09:00,익선동,익선동,POI116,KEY_1,1000001601,종로,1000161000,종로3가 45-4,126.9932672065188228_37.5704253845720260,1000009802,종로3가사거리,126.9922128288669825_37.5703701868235100,93.0,34.0,원활,126.9922128288669825_37.5703701868235100|126.9932672065188228_37.5704253845720260
2026-09-04T13:22:12.125893+09:00,익선동,익선동,POI116,KEY_1,1000003900,삼일대로,1000151000,관철동 268,126.9876175548289154_37.5696044234772373,1000008503,종로2가교차로,126.9876172549084856_37.5701493398525912,60.0,5.0,정체,126.9876172549084856_37.5701493398525912|126.9876175548289154_37.5696044234772373
2026-09-04T13:22:12.125893+09:00,익선동,익선동,POI116,KEY_1,1000004602,돈화문로,1000009802,종로3가사거리,126.9922128288669825_37.5703701868235100,1000001601,청계3가사거리,126.9924197004040280_37.5685221720677589,206.0,10.0,정체,126.9924197004040280_37.5685221720677589|126.9923429257738547_37.5692728725519558|126.9923404394218522_37.5692938442209439|126.9922128288669825_37.5703701868235100
2026-09-04T13:22:12.125893+09:00,익선동,익선동,POI116,KEY_1,1000006901,삼일대로,1000097800,종로2가 37-5,126.9875962641486211_37.5709195815897914,1000011503,탑골공원,126.9875919368493555_37.5710671282627970,16.0,2.0,정체,126.9875919368493555_37.5710671282627970|126.9875962641486211_37.5709195815897914
2026-09-04T13:22:12.125893+09:00,익선동,익선동,POI116,KEY_1,1000006902,삼일대로,1000011504,탑골공원,126.9875885367710850_37.5711969434470845,1000002703,낙원상가앞교차로,126.9877290762876498_37.5725675824815539,153.0,3.0,정체,126.9877290762876498_37.5725675824815539|126.9876077446882761_37.5718586900303819|126.9876046271510717_37.5718404753162005|126.9875832438491017_37.5716846738898411|126.9875802081556628_37.5715262335702747|126.9875885367710850_37.5711969434470845
2026-09-04T13:22:12.125893+09:00,익선동,익선동,POI116,KEY_1,1000007001,삼일대로,1000011502,탑골공원,126.9877277365820021_37.5710696514502871,1000008501,종로2가교차로,126.9877514470551745_37.5702611458311253,90.0,11.0,정체,126.9877514470551745_37.5702611458311253|126.9877320636178837_37.5709221047709576|126.9877277365820021_37.5710696514502871
2026-09-04T13:22:12.125893+09:00,익선동,익선동,POI116,KEY_1,1000007002,삼일대로,1000231900,낙원동 300,126.9877423391079816_37.5718440957152282,1000011501,탑골공원,126.9877243457566749_37.5711991196512258,72.0,10.0,정체,126.9877243457566749_37.5711991196512258|126.9877160657086677_37.5715264973604235|126.9877189692615218_37.5716779639602692|126.9877394652978211_37.5718273051350025|126.9877423391079816_37.5718440957152282
2026-09-04T13:22:12.125893+09:00,익선동,익선동,POI116,KEY_1,1000007100,돈화문로,1000145800,묘동 20-5,126.9916684242814142_37.5719817889873724,1000013303,묘동사거리,126.9914801613035706_37.5725495704926047,65.0,13.0,정체,126.9914801613035706_37.5725495704926047|126.9916684242814142_37.5719817889873724
2026-09-04T13:22:12.125893+09:00,익선동,익선동,POI116,KEY_1,1000007701,수표로,1000106600,낙원동 289-3,126.9883777088764134_37.5725004488943028,1000002702,낙원상가앞교차로,126.9878647790248039_37.5725594585001090,46.0,9.0,정체,126.9878647790248039_37.5725594585001090|126.9880935169872345_37.5725337359327440|126.9883777088764134_37.5725004488943028
2026-09-04T13:22:12.125893+09:00,익선동,익선동,POI116,KEY_1,1000007702,돈화문로11길,1000068900,돈의동 57-1,126.9912130015799931_37.5725417718704406,1000013202,낙원상가,126.9887726506805734_37.5725199901669740,216.0,7.0,정체,126.9887726506805734_37.5725199901669740|126.9890905413929829_37.5725122858835405|126.9899620366305442_37.5725242512319468|126.9911899638886581_37.5725410993520086|126.9912130015799931_37.5725417718704406
2026-09-04T13:22:12.125893+09:00,익선동,익선동,POI116,KEY_1,1000007801,수표로,1000002701,낙원상가앞교차로,126.9878820470942031_37.5726667101081873,1000013204,낙원상가,126.9885864658241559_37.5726052162671280,63.0,11.5,정체,126.9885864658241559_37.5726052162671280|126.9885704603793926_37.5726001837020931|126.9884924360897003_37.5725962946357583|126.9883974861043612_37.5726074163225974|126.9881129079827673_37.5726407490651368|126.9878820470942031_37.5726667101081873
2026-09-04T13:22:12.125893+09:00,익선동,익선동,POI116,KEY_1,1000010301,삼일대로,1000002704,낙원상가앞교차로,126.9877465559183491_37.5726754784849746,1000014603,종로세무서,126.9876475861341873_37.5734674544711638,90.0,3.0,정체,126.9876475861341873_37.5734674544711638|126.9877122277218575_37.5733420920681738|126.9877432310391328_37.5732524039509244|126.9877661225475407_37.5731477197251849|126.9877805546539236_37.5730078030122741|126.9877748051182778_37.5728630584769832|126.9877465559183491_37.5726754784849746
2026-09-04T13:22:12.125893+09:00,익선동,익선동,POI116,KEY_1,1000010302,삼일대로,1000014604,종로세무서,126.9875929656630689_37.5735672823235660,1000017003,속성변화점,126.9867672620100478_37.5750673701046694,182.0,2.0,정체,126.9867672620100478_37.5750673701046694|126.9868378748170556_37.5748639419944581|126.9869048219416783_37.5747337421937573|126.9870805066234283_37.5744388641803369|126.9875929656630689_37.5735672823235660
2026-09-04T13:22:12.125893+09:00,익선동,익선동,POI116,KEY_1,1000010401,삼일대로,1000014602,종로세무서,126.9877657603728665_37.5735230393018043,1000002701,낙원상가앞교차로,126.9878820470942031_37.5726667101081873,97.0,7.0,정체,126.9878820470942031_37.5726667101081873|126.9879103891225185_37.5728549004152583|126.9879165707175304_37.5730105263044507|126.9879010050845238_37.5731614404618881|126.9878759387023734_37.5732760696720760|126.9878410192205536_37.5733770856293887|126.9877657603728665_37.5735230393018043
2026-09-04T13:22:12.125893+09:00,익선동,익선동,POI116,KEY_1,1000010402,삼일대로,1000017002,덕성여자대학교(종로캠퍼스),126.9868982009082004_37.5750961619411754,1000014601,종로세무서,126.9877103801226923_37.5736226701394358,179.0,20.0,서행,126.9877103801226923_37.5736226701394358|126.9872033965909139_37.5744849400199143|126.9870291458476430_37.5747774127157186|126.9869666594706388_37.5748989374009099|126.9868982009082004_37.5750961619411754
2026-09-04T13:22:12.125893+09:00,익선동,익선동,POI116,KEY_1,1000010701,돈화문로,1000013304,묘동사거리,126.9914460123658273_37.5726567658355961,1000016403,종로1가2가3가4가동주민센터,126.9909224401901895_37.5743944453165497,198.0,11.0,정체,126.9909224401901895_37.5743944453165497|126.9909947931414820_37.5741499222926407|126.9912406256384259_37.5733190978606615|126.9914460123658273_37.5726567658355961
2026-09-04T13:22:12.125893+09:00,익선동,익선동,POI116,KEY_1,1000010702,돈화문로,1000106400,와룡동 75-4,126.9908241009990917_37.5747256213886658,1000018603,한겨레신문(종로지국),126.9905629465608996_37.5756044925587815,100.0,23.0,서행,126.9905629465608996_37.5756044925587815|126.9908241009990917_37.5747256213886658
2026-09-04T13:22:12.125893+09:00,익선동,익선동,POI116,KEY_1,1000010801,돈화문로,1000174700,묘동 141-2,126.9911270176696547_37.5741747070514336,1000013301,묘동사거리,126.9915850849808550_37.5726594865675594,173.0,18.0,서행,126.9915850849808550_37.5726594865675594|126.9913726822985893_37.5733444453639649|126.9911270176696547_37.5741747070514336
2026-09-04T13:22:12.125893+09:00,익선동,익선동,POI116,KEY_1,1000010802,돈화문로,1000106300,와룡동 75-4,126.9909562970876493_37.5747505051657669,1000016401,종로1가2가3가4가동주민센터,126.9910234246664515_37.5745245938365429,26.0,27.0,원활,126.9910234246664515_37.5745245938365429|126.9909562970876493_37.5747505051657669
2026-09-04T13:22:12.125893+09:00,익선동,익선동,POI116,KEY_1,1000010803,돈화문로,1000021402,창덕궁앞교차로,126.9901841383139782_37.5773932267385504,1000018601,한겨레신문(종로지국),126.9906634515929795_37.5757350308395957,189.0,15.0,서행,126.9906634515929795_37.5757350308395957|126.9903062505280644_37.5769154241969332|126.9902695786729083_37.5770589150526817|126.9901841383139782_37.5773932267385504
2026-09-04T13:22:12.125893+09:00,익선동,익선동,POI116,KEY_1,1000022600,수표로,1000108100,관수동 14-2,126.9894314284546084_37.5692594329428573,1000009403,육의전박물관,126.9893641825799904_37.5702291213036688,108.0,14.0,정체,126.9893641825799904_37.5702291213036688|126.9894314284546084_37.5692594329428573
2026-09-04T13:22:12.125893+09:00,익선동,익선동,POI116,KEY_1,1000026300,수표로,1000088800,낙원동 214-2,126.9891520373242599_37.5714620463629885,1000013203,낙원상가,126.9886363744601709_37.5725046593449861,125.0,7.0,정체,126.9886363744601709_37.5725046593449861|126.9886756986303311_37.5724041634539745|126.9889329320732685_37.5720063300465839|126.9889913902188567_37.5719048429175331|126.9890287759369585_37.5718372348224108|126.9891150600059291_37.5715912496210365|126.9891345581447979_37.5715356626058892|126.9891520373242599_37.5714620463629885
2026-09-04T13:22:12.125893+09:00,익선동,익선동,POI116,KEY_1,1000026400,수표로,1000154200,낙원동 175-1,126.9894625707901525_37.5706502295039755,1000009401,육의전박물관,126.9894911528416657_37.5703440400947173,34.0,9.0,정체,126.9894911528416657_37.5703440400947173|126.9894662327657073_37.5706215014400087|126.9894625707901525_37.5706502295039755
2026-09-04T13:22:12.125893+09:00,익선동,익선동,POI116,KEY_1,1000026900,인사동길,1000011503,탑골공원,126.9875919368493555_37.5710671282627970,1000013403,인사동사거리,126.9865006613109273_37.5725411334574346,194.0,4.0,정체,126.9865006613109273_37.5725411334574346|126.9868138272171620_37.5719423831850889|126.9870930380756420_37.5714807558390476|126.9872417374784419_37.5712905430838973|126.9874380393046636_37.5711449542964360|126.9875919368493555_37.5710671282627970
2026-09-04T13:22:12.125893+09:00,익선동,익선동,POI116,KEY_1,1000028300,서순라길,1000179700,묘동 164-2,126.9918986546224602_37.5725528238137017,1000013302,묘동사거리,126.9916200024151749_37.5725515277908357,25.0,16.0,서행,126.9916200024151749_37.5725515277908357|126.9918986546224602_37.5725528238137017
2026-09-04T13:22:12.125893+09:00,익선동,익선동,POI116,KEY_1,1000028800,인사동길,1000002703,낙원상가앞교차로,126.9877290762876498_37.5725675824815539,1000013402,인사동사거리,126.9866260678605698_37.5725826871621464,97.0,6.0,정체,126.9866260678605698_37.5725826871621464|126.9877290762876498_37.5725675824815539
2026-09-04T13:22:12.125893+09:00,익선동,익선동,POI116,KEY_1,1000030100,인사동4길,1000014603,종로세무서,126.9876475861341873_37.5734674544711638,1000013902,인사동사거리,126.9863347930561730_37.5729914707874855,128.0,8.0,정체,126.9863347930561730_37.5729914707874855|126.9865778431354215_37.5730765437080692|126.9871483595308064_37.5732762343743687|126.9875049026030922_37.5734010287094193|126.9876475861341873_37.5734674544711638
2026-09-04T13:22:12.125893+09:00,익선동,익선동,POI116,KEY_1,1000030200,인사동4길,1000190200,낙원동 280,126.9870936767206047_37.5733752066737097,1000014604,종로세무서,126.9875929656630689_37.5735672823235660,49.0,29.0,원활,126.9875929656630689_37.5735672823235660|126.9874430653368904_37.5734974970765307|126.9870936767206047_37.5733752066737097
2026-09-04T13:22:12.125893+09:00,익선동,익선동,POI116,KEY_1,1000031900,삼일대로30길,1000016403,종로1가2가3가4가동주민센터,126.9909224401901895_37.5743944453165497,1000014602,종로세무서,126.9877657603728665_37.5735230393018043,300.0,7.0,정체,126.9877657603728665_37.5735230393018043|126.9882746610469724_37.5737657051567169|126.9890843013498056_37.5741211801994552|126.9892691286933371_37.5741786634928658|126.9894708395082290_37.5742261685853478|126.9900987751391028_37.5742451717422767|126.9904206259991639_37.5742891136834203|126.9906874025872128_37.5743451108355870|126.9909224401901895_37.5743944453165497
2026-09-04T13:22:12.125893+09:00,익선동,익선동,POI116,KEY_1,1000033700,삼일대로32길,1000225400,익선동 1-2,126.9885198465621414_37.5753772077083354,1000017002,덕성여자대학교(종로캠퍼스),126.9868982009082004_37.5750961619411754,147.0,7.0,정체,126.9868982009082004_37.5750961619411754|126.9876435573690543_37.5752236178379775|126.9880192377179640_37.5752979345582787|126.9885198465621414_37.5753772077083354
2026-09-04T13:22:12.125893+09:00,익선동,익선동,POI116,KEY_1,1000033800,삼일대로32길,1000217900,운니동 44-1,126.9886315479750323_37.5755051337652901,1000018604,한겨레신문(종로지국),126.9905313831492180_37.5757097145699248,170.0,10.0,정체,126.9905313831492180_37.5757097145699248|126.9902144284971968_37.5756583032089253|126.9898011914220319_37.5756393653655252|126.9896790156536639_37.5756303509259837|126.9892762976139409_37.5756006364519877|126.9891382250948197_37.5755697755770228|126.9888125680360531_37.5755337981841890|126.9886315479750323_37.5755051337652901
2026-09-04T13:22:12.125893+09:00,인사동,인사동,POI078,KEY_2,1000000303,종로,1000008703,종로1가사거리,126.9828971865418197_37.5701731264087542,1000007700,종로1가,126.9822109960776402_37.5701758601934444,61.0,12.0,정체,126.9822109960776402_37.5701758601934444|126.9824008620181672_37.5701779915733454|126.9828971865418197_37.5701731264087542
2026-09-04T13:22:12.125893+09:00,인사동,인사동,POI078,KEY_2,1000000403,종로,1000009500,종로1가,126.9822090811274506_37.5702839694386270,1000008704,종로1가사거리,126.9829124807839946_37.5702811035568871,62.0,17.0,서행,126.9829124807839946_37.5702811035568871|126.9824007403594095_37.5702861200097971|126.9822090811274506_37.5702839694386270
2026-09-04T13:22:12.125893+09:00,인사동,인사동,POI078,KEY_2,1000000501,종로,1000008701,종로1가사거리,126.9830485481293891_37.5702800768006568,1000009600,종로1가,126.9837104338048164_37.5702764015435093,58.0,7.0,정체,126.9837104338048164_37.5702764015435093|126.9830485481293891_37.5702800768006568
2026-09-04T13:22:12.125893+09:00,인사동,인사동,POI078,KEY_2,1000000502,종로,1000231500,종로2가 1-2,126.9840871569151233_37.5702743076942411,1000009104,종각지하쇼핑센터,126.9856860459643428_37.5702623526753499,141.0,12.0,정체,126.9856860459643428_37.5702623526753499|126.9846512311403757_37.5702711702886205|126.9844496207387294_37.5702722919640593|126.9840871569151233_37.5702743076942411
2026-09-04T13:22:12.125893+09:00,인사동,인사동,POI078,KEY_2,1000000503,종로,1000009101,종각지하쇼핑센터,126.9858227292488380_37.5702608423529298,1000008504,종로2가교차로,126.9876156819137520_37.5702574924147754,158.0,11.0,정체,126.9876156819137520_37.5702574924147754|126.9871453036203235_37.5702428823229511|126.9869246551587310_37.5702458796709990|126.9858227292488380_37.5702608423529298
2026-09-04T13:22:12.125893+09:00,인사동,인사동,POI078,KEY_2,1000000601,종로,1000007800,종로1가,126.9837094850009294_37.5701682846705296,1000008702,종로1가사거리,126.9830343185050481_37.5701720336345346,60.0,5.0,정체,126.9830343185050481_37.5701720336345346|126.9837094850009294_37.5701682846705296
2026-09-04T13:22:12.125893+09:00,인사동,인사동,POI078,KEY_2,1000000602,종로,1000231400,종로2가 1-2,126.9840862081807984_37.5701661909693030,1000007800,종로1가,126.9837094850009294_37.5701682846705296,33.0,4.0,정체,126.9837094850009294_37.5701682846705296|126.9840862081807984_37.5701661909693030
2026-09-04T13:22:12.125893+09:00,인사동,인사동,POI078,KEY_2,1000000603,종로,1000181900,종로2가 84-11,126.9869223374955283_37.5701377759501440,1000009102,종각지하쇼핑센터,126.9858204131049462_37.5701527379884581,97.0,5.0,정체,126.9858204131049462_37.5701527379884581|126.9869223374955283_37.5701377759501440
2026-09-04T13:22:12.125893+09:00,인사동,인사동,POI078,KEY_2,1000001201,종로,1000151200,종로2가 34-2,126.9885296395007401_37.5701839568255025,1000008502,종로2가교차로,126.9877530838436002_37.5701530192531123,69.0,23.0,서행,126.9877530838436002_37.5701530192531123|126.9881077158716209_37.5701611205547650|126.9885296395007401_37.5701839568255025
2026-09-04T13:22:12.125893+09:00,인사동,인사동,POI078,KEY_2,1000003900,삼일대로,1000151000,관철동 268,126.9876175548289154_37.5696044234772373,1000008503,종로2가교차로,126.9876172549084856_37.5701493398525912,60.0,5.0,정체,126.9876172549084856_37.5701493398525912|126.9876175548289154_37.5696044234772373
2026-09-04T13:22:12.125893+09:00,인사동,인사동,POI078,KEY_2,1000004702,우정국로,1000007200,종로1가,126.9827935302844111_37.5696197701673924,1000008703,종로1가사거리,126.9828971865418197_37.5701731264087542,62.0,13.0,정체,126.9828971865418197_37.5701731264087542|126.9827935302844111_37.5696197701673924
2026-09-04T13:22:12.125893+09:00,인사동,인사동,POI078,KEY_2,1000004802,우정국로,1000008702,종로1가사거리,126.9830343185050481_37.5701720336345346,1000007100,종로1가,126.9829278791696936_37.5696038258341787,64.0,13.0,정체,126.9829278791696936_37.5696038258341787|126.9830343185050481_37.5701720336345346
2026-09-04T13:22:12.125893+09:00,인사동,인사동,POI078,KEY_2,1000006501,우정국로,1000008704,종로1가사거리,126.9829124807839946_37.5702811035568871,1000010800,종로1가,126.9829520973026149_37.5707555248776544,53.0,4.0,정체,126.9829520973026149_37.5707555248776544|126.9829508691110647_37.5707257702316255|126.9829124807839946_37.5702811035568871
2026-09-04T13:22:12.125893+09:00,인사동,인사동,POI078,KEY_2,1000006502,우정국로,1000010800,종로1가,126.9829520973026149_37.5707555248776544,1000012403,조계사앞교차로,126.9829706356902221_37.5719776537276218,136.0,6.0,정체,126.9829706356902221_37.5719776537276218|126.9829821214281083_37.5714823927012560|126.9829655468528955_37.5710811329590442|126.9829520973026149_37.5707555248776544
2026-09-04T13:22:12.125893+09:00,인사동,인사동,POI078,KEY_2,1000006601,우정국로,1000010700,종로1가,126.9830878603485758_37.5707519719581455,1000008701,종로1가사거리,126.9830485481293891_37.5702800768006568,52.0,7.0,정체,126.9830485481293891_37.5702800768006568|126.9830865510382267_37.5707202864689833|126.9830878603485758_37.5707519719581455
2026-09-04T13:22:12.125893+09:00,인사동,인사동,POI078,KEY_2,1000006602,우정국로,1000090100,공평동 98,126.9831013100779558_37.5710775801252623,1000010700,종로1가,126.9830878603485758_37.5707519719581455,36.0,7.0,정체,126.9830878603485758_37.5707519719581455|126.9831013100779558_37.5710775801252623
2026-09-04T13:22:12.125893+09:00,인사동,인사동,POI078,KEY_2,1000006901,삼일대로,1000097800,종로2가 37-5,126.9875962641486211_37.5709195815897914,1000011503,탑골공원,126.9875919368493555_37.5710671282627970,16.0,2.0,정체,126.9875919368493555_37.5710671282627970|126.9875962641486211_37.5709195815897914
2026-09-04T13:22:12.125893+09:00,인사동,인사동,POI078,KEY_2,1000006902,삼일대로,1000011504,탑골공원,126.9875885367710850_37.5711969434470845,1000002703,낙원상가앞교차로,126.9877290762876498_37.5725675824815539,153.0,3.0,정체,126.9877290762876498_37.5725675824815539|126.9876077446882761_37.5718586900303819|126.9876046271510717_37.5718404753162005|126.9875832438491017_37.5716846738898411|126.9875802081556628_37.5715262335702747|126.9875885367710850_37.5711969434470845
2026-09-04T13:22:12.125893+09:00,인사동,인사동,POI078,KEY_2,1000007001,삼일대로,1000011502,탑골공원,126.9877277365820021_37.5710696514502871,1000008501,종로2가교차로,126.9877514470551745_37.5702611458311253,90.0,11.0,정체,126.9877514470551745_37.5702611458311253|126.9877320636178837_37.5709221047709576|126.9877277365820021_37.5710696514502871
2026-09-04T13:22:12.125893+09:00,인사동,인사동,POI078,KEY_2,1000007002,삼일대로,1000231900,낙원동 300,126.9877423391079816_37.5718440957152282,1000011501,탑골공원,126.9877243457566749_37.5711991196512258,72.0,10.0,정체,126.9877243457566749_37.5711991196512258|126.9877160657086677_37.5715264973604235|126.9877189692615218_37.5716779639602692|126.9877394652978211_37.5718273051350025|126.9877423391079816_37.5718440957152282
2026-09-04T13:22:12.125893+09:00,인사동,인사동,POI078,KEY_2,1000007502,삼봉로,1000012403,조계사앞교차로,126.9829706356902221_37.5719776537276218,1000013004,신라스테이(광화문),126.9801805317354280_37.5724047958457916,252.0,5.0,정체,126.9801805317354280_37.5724047958457916|126.9804914824202910_37.5723319178106152|126.9811053055208276_37.5721880522337770|126.9822536902158987_37.5720311041132078|126.9827182491962247_37.5719849537863269|126.9829706356902221_37.5719776537276218
2026-09-04T13:22:12.125893+09:00,인사동,인사동,POI078,KEY_2,1000007602,삼봉로,1000140500,수송동 80-4,126.9805298527977442_37.5724356343591879,1000012404,조계사앞교차로,126.9829679360295245_37.5720859226599799,219.0,13.0,정체,126.9829679360295245_37.5720859226599799|126.9827291479286515_37.5720928297221519|126.9822736058986408_37.5721380840541883|126.9811360893303345_37.5722935474607382|126.9805298527977442_37.5724356343591879
2026-09-04T13:22:12.125893+09:00,인사동,인사동,POI078,KEY_2,1000007701,수표로,1000106600,낙원동 289-3,126.9883777088764134_37.5725004488943028,1000002702,낙원상가앞교차로,126.9878647790248039_37.5725594585001090,46.0,9.0,정체,126.9878647790248039_37.5725594585001090|126.9880935169872345_37.5725337359327440|126.9883777088764134_37.5725004488943028
2026-09-04T13:22:12.125893+09:00,인사동,인사동,POI078,KEY_2,1000007801,수표로,1000002701,낙원상가앞교차로,126.9878820470942031_37.5726667101081873,1000013204,낙원상가,126.9885864658241559_37.5726052162671280,63.0,11.5,정체,126.9885864658241559_37.5726052162671280|126.9885704603793926_37.5726001837020931|126.9884924360897003_37.5725962946357583|126.9883974861043612_37.5726074163225974|126.9881129079827673_37.5726407490651368|126.9878820470942031_37.5726667101081873
2026-09-04T13:22:12.125893+09:00,인사동,인사동,POI078,KEY_2,1000009101,우정국로,1000045300,견지동 37-1,126.9828638620594177_37.5740260581453356,1000017300,안국동사거리,126.9828039229332575_37.5749851341707171,107.0,5.0,정체,126.9828039229332575_37.5749851341707171|126.9828638620594177_37.5740260581453356
2026-09-04T13:22:12.125893+09:00,인사동,인사동,POI078,KEY_2,1000009102,우정국로,1000017300,안국동사거리,126.9828039229332575_37.5749851341707171,1000017904,안국동로터리,126.9829082928001753_37.5755454257557844,63.0,5.0,정체,126.9829082928001753_37.5755454257557844|126.9828499577781997_37.5754008805051001|126.9828163493672974_37.5752357359225755|126.9827996996409070_37.5750526973415191|126.9828039229332575_37.5749851341707171
2026-09-04T13:22:12.125893+09:00,인사동,인사동,POI078,KEY_2,1000009201,우정국로,1000085100,견지동 110-2,126.9830654526105036_37.5729316051841806,1000012401,조계사앞교차로,126.9831034437596884_37.5720995445690349,92.0,13.0,정체,126.9831034437596884_37.5720995445690349|126.9830943674485724_37.5724421623328340|126.9830752766845592_37.5727653133374773|126.9830654526105036_37.5729316051841806
2026-09-04T13:22:12.125893+09:00,인사동,인사동,POI078,KEY_2,1000010301,삼일대로,1000002704,낙원상가앞교차로,126.9877465559183491_37.5726754784849746,1000014603,종로세무서,126.9876475861341873_37.5734674544711638,90.0,3.0,정체,126.9876475861341873_37.5734674544711638|126.9877122277218575_37.5733420920681738|126.9877432310391328_37.5732524039509244|126.9877661225475407_37.5731477197251849|126.9877805546539236_37.5730078030122741|126.9877748051182778_37.5728630584769832|126.9877465559183491_37.5726754784849746
2026-09-04T13:22:12.125893+09:00,인사동,인사동,POI078,KEY_2,1000010302,삼일대로,1000014604,종로세무서,126.9875929656630689_37.5735672823235660,1000017003,속성변화점,126.9867672620100478_37.5750673701046694,182.0,2.0,정체,126.9867672620100478_37.5750673701046694|126.9868378748170556_37.5748639419944581|126.9869048219416783_37.5747337421937573|126.9870805066234283_37.5744388641803369|126.9875929656630689_37.5735672823235660
2026-09-04T13:22:12.125893+09:00,인사동,인사동,POI078,KEY_2,1000010303,삼일대로,1000017003,속성변화점,126.9867672620100478_37.5750673701046694,1000021203,안국역사거리,126.9861392416785293_37.5767777393512361,198.0,3.0,정체,126.9861392416785293_37.5767777393512361|126.9867306429910911_37.5751700115634506|126.9867672620100478_37.5750673701046694
2026-09-04T13:22:12.125893+09:00,인사동,인사동,POI078,KEY_2,1000010401,삼일대로,1000014602,종로세무서,126.9877657603728665_37.5735230393018043,1000002701,낙원상가앞교차로,126.9878820470942031_37.5726667101081873,97.0,7.0,정체,126.9878820470942031_37.5726667101081873|126.9879103891225185_37.5728549004152583|126.9879165707175304_37.5730105263044507|126.9879010050845238_37.5731614404618881|126.9878759387023734_37.5732760696720760|126.9878410192205536_37.5733770856293887|126.9877657603728665_37.5735230393018043
2026-09-04T13:22:12.125893+09:00,인사동,인사동,POI078,KEY_2,1000010402,삼일대로,1000017002,덕성여자대학교(종로캠퍼스),126.9868982009082004_37.5750961619411754,1000014601,종로세무서,126.9877103801226923_37.5736226701394358,179.0,20.0,서행,126.9877103801226923_37.5736226701394358|126.9872033965909139_37.5744849400199143|126.9870291458476430_37.5747774127157186|126.9869666594706388_37.5748989374009099|126.9868982009082004_37.5750961619411754
2026-09-04T13:22:12.125893+09:00,인사동,인사동,POI078,KEY_2,1000010403,삼일대로,1000021202,안국역사거리,126.9862597945630966_37.5768348176280966,1000017001,덕성여자대학교(종로캠퍼스),126.9868610139755560_37.5752003900895701,189.0,10.0,정체,126.9868610139755560_37.5752003900895701|126.9862597945630966_37.5768348176280966
2026-09-04T13:22:12.125893+09:00,인사동,인사동,POI078,KEY_2,1000010702,돈화문로,1000106400,와룡동 75-4,126.9908241009990917_37.5747256213886658,1000018603,한겨레신문(종로지국),126.9905629465608996_37.5756044925587815,100.0,23.0,서행,126.9905629465608996_37.5756044925587815|126.9908241009990917_37.5747256213886658
2026-09-04T13:22:12.125893+09:00,인사동,인사동,POI078,KEY_2,1000010703,돈화문로,1000187700,와룡동 139-4,126.9901364571830698_37.5770373641859052,1000021403,창덕궁앞교차로,126.9900492095065232_37.5773787437811535,39.0,23.0,서행,126.9900492095065232_37.5773787437811535|126.9901364571830698_37.5770373641859052
2026-09-04T13:22:12.125893+09:00,인사동,인사동,POI078,KEY_2,1000010803,돈화문로,1000021402,창덕궁앞교차로,126.9901841383139782_37.5773932267385504,1000018601,한겨레신문(종로지국),126.9906634515929795_37.5757350308395957,189.0,15.0,서행,126.9906634515929795_37.5757350308395957|126.9903062505280644_37.5769154241969332|126.9902695786729083_37.5770589150526817|126.9901841383139782_37.5773932267385504
2026-09-04T13:22:12.125893+09:00,인사동,인사동,POI078,KEY_2,1000011504,율곡로,1000017904,안국동로터리,126.9829082928001753_37.5755454257557844,1000018100,안국동사거리,126.9820370732549009_37.5756052331219763,78.0,6.0,정체,126.9820370732549009_37.5756052331219763|126.9821849025842226_37.5755822792614822|126.9823949596761850_37.5755556593554090|126.9825949987016998_37.5755409919947070|126.9827732334880466_37.5755410181384661|126.9829082928001753_37.5755454257557844
2026-09-04T13:22:12.125893+09:00,인사동,인사동,POI078,KEY_2,1000011603,율곡로,1000020300,경복궁,126.9801205068413168_37.5759892604625989,1000017905,안국동로터리,126.9829348569925571_37.5756562270635044,252.0,15.0,서행,126.9829348569925571_37.5756562270635044|126.9829125468357773_37.5756537744281829|126.9827704373494015_37.5756491370767236|126.9826012303179823_37.5756491122595975|126.9824118889619911_37.5756629946566250|126.9822085957164859_37.5756887578650449|126.9820630846885052_37.5757113517092307|126.9813592631155075_37.5758206328940290|126.9812063475179400_37.5758442987123971|126.9803458434132892_37.5759773239770425|126.9801500700749699_37.5759896573698668|126.9801205068413168_37.5759892604625989
2026-09-04T13:22:12.125893+09:00,인사동,인사동,POI078,KEY_2,1000012702,율곡로,1000204600,안국역,126.9857294779033765_37.5767141333904462,1000021204,안국역사거리,126.9860941353497878_37.5768818686938246,37.0,8.0,정체,126.9860941353497878_37.5768818686938246|126.9857294779033765_37.5767141333904462
2026-09-04T13:22:12.125893+09:00,인사동,인사동,POI078,KEY_2,1000012800,율곡로,1000099700,관훈동 113,126.9843012547585914_37.5759322813818102,1000017902,안국동로터리,126.9831650747284471_37.5755740090362238,108.0,9.0,정체,126.9831650747284471_37.5755740090362238|126.9832157778299404_37.5755801309922148|126.9834207454955077_37.5756172367829961|126.9836820397707413_37.5756980185194678|126.9842468281761967_37.5759072448986657|126.9843012547585914_37.5759322813818102
2026-09-04T13:22:12.125893+09:00,인사동,인사동,POI078,KEY_2,1000013501,율곡로,1000054300,계동 149-3,126.9868657861829462_37.5772407179262302,1000021504,우즈베키스탄대사관,126.9891939676239474_37.5774507625066221,209.0,12.0,정체,126.9891939676239474_37.5774507625066221|126.9886716347625111_37.5774406495643092|126.9876528972208263_37.5774209190205184|126.9874748196535421_37.5774084674404421|126.9872839495136390_37.5773710909105532|126.9870718117635420_37.5773123392589739|126.9868657861829462_37.5772407179262302
2026-09-04T13:22:12.125893+09:00,인사동,인사동,POI078,KEY_2,1000013502,율곡로,1000021501,우즈베키스탄대사관,126.9893297531960883_37.5774544023044541,1000021404,창덕궁앞교차로,126.9900388640569702_37.5774865487865739,63.0,24.0,서행,126.9900388640569702_37.5774865487865739|126.9897463242174780_37.5774687657961053|126.9893297531960883_37.5774544023044541
2026-09-04T13:22:12.125893+09:00,인사동,인사동,POI078,KEY_2,1000013601,율곡로,1000115800,운니동 99,126.9886749388672058_37.5773325621108185,1000021202,안국역사거리,126.9862597945630966_37.5768348176280966,226.0,32.0,원활,126.9862597945630966_37.5768348176280966|126.9866987114048271_37.5770526790006230|126.9869129296675823_37.5771391236163410|126.9869201616997287_37.5771416376904028|126.9871213965557644_37.5772115927930628|126.9873225852521443_37.5772673122363585|126.9874971233893604_37.5773014911490293|126.9876605021504048_37.5773129149276315|126.9886749388672058_37.5773325621108185
2026-09-04T13:22:12.125893+09:00,인사동,인사동,POI078,KEY_2,1000013802,율곡로3길,1000187200,안국동 177-3,126.9825779024490799_37.5773003698629964,1000017901,안국동로터리,126.9830699625115358_37.5756718813989750,188.0,12.5,정체,126.9830699625115358_37.5756718813989750|126.9830564549576764_37.5759140717657090|126.9830330914684993_37.5760255151221827|126.9826494722971120_37.5768341676311906|126.9826150056688476_37.5769949197743074|126.9825779024490799_37.5773003698629964
2026-09-04T13:22:12.125893+09:00,인사동,인사동,POI078,KEY_2,1000014000,북촌로,1000021902,재동초등학교앞교차로,126.9851742297151702_37.5791048269106014,1000021201,안국역사거리,126.9862116059343862_37.5769383209828334,258.0,15.0,서행,126.9862116059343862_37.5769383209828334|126.9861227104490524_37.5771049965042820|126.9858974625520034_37.5775403033717339|126.9855988771401059_37.5781173314432593|126.9855520543728602_37.5782320480744829|126.9853545228100558_37.5787159998899227|126.9853171216767009_37.5788076318220590|126.9852385949747031_37.5790000196943907|126.9851742297151702_37.5791048269106014
2026-09-04T13:22:12.125893+09:00,인사동,인사동,POI078,KEY_2,1000014100,창덕궁길,1000022002,북촌1경,126.9893063929122548_37.5792409569275208,1000021501,우즈베키스탄대사관,126.9893297531960883_37.5774544023044541,199.0,21.0,서행,126.9893297531960883_37.5774544023044541|126.9892548365952365_37.5786955788249983|126.9892562414735409_37.5787264244637242|126.9892665857058205_37.5789535426034647|126.9893063929122548_37.5792409569275208
2026-09-04T13:22:12.125893+09:00,인사동,인사동,POI078,KEY_2,1000023700,종로,1000007800,종로1가,126.9837094850009294_37.5701682846705296,1000007100,종로1가,126.9829278791696936_37.5696038258341787,103.0,10.0,정체,126.9829278791696936_37.5696038258341787|126.9830032097695494_37.5698402452960423|126.9830990215400703_37.5699604067910897|126.9831924475550267_37.5700347972999680|126.9833242130892046_37.5700939366007987|126.9834847309357855_37.5701511723724835|126.9837094850009294_37.5701682846705296
2026-09-04T13:22:12.125893+09:00,인사동,인사동,POI078,KEY_2,1000024400,종로,1000010700,종로1가,126.9830878603485758_37.5707519719581455,1000009600,종로1가,126.9837104338048164_37.5702764015435093,84.0,11.0,정체,126.9837104338048164_37.5702764015435093|126.9834199944166073_37.5703552243340226|126.9832834070776642_37.5704238609181118|126.9831923434160359_37.5704982251536919|126.9830964773624657_37.5706145452795255|126.9830878603485758_37.5707519719581455
2026-09-04T13:22:12.125893+09:00,인사동,인사동,POI078,KEY_2,1000024500,종로,1000009500,종로1가,126.9822090811274506_37.5702839694386270,1000010800,종로1가,126.9829520973026149_37.5707555248776544,92.0,7.0,정체,126.9829520973026149_37.5707555248776544|126.9829359392394394_37.5706431287853420|126.9828401259818236_37.5705267810848440|126.9827754493047394_37.5704619306360499|126.9826892071422293_37.5704047039165019|126.9825119206921613_37.5703322080284821|126.9822090811274506_37.5702839694386270
2026-09-04T13:22:12.125893+09:00,인사동,인사동,POI078,KEY_2,1000026900,인사동길,1000011503,탑골공원,126.9875919368493555_37.5710671282627970,1000013403,인사동사거리,126.9865006613109273_37.5725411334574346,194.0,4.0,정체,126.9865006613109273_37.5725411334574346|126.9868138272171620_37.5719423831850889|126.9870930380756420_37.5714807558390476|126.9872417374784419_37.5712905430838973|126.9874380393046636_37.5711449542964360|126.9875919368493555_37.5710671282627970
2026-09-04T13:22:12.125893+09:00,인사동,인사동,POI078,KEY_2,1000027500,인사동5길,1000231600,공평동 5-12,126.9837015373939977_37.5721207661722474,1000012402,조계사앞교차로,126.9831062491158349_37.5719883384085875,55.0,7.0,정체,126.9831062491158349_37.5719883384085875|126.9832673605664155_37.5720220520782107|126.9837015373939977_37.5721207661722474
2026-09-04T13:22:12.125893+09:00,인사동,인사동,POI078,KEY_2,1000027600,인사동5길,1000036800,인사동 187-4,126.9855567085236174_37.5727903642359919,1000013904,인사동사거리,126.9861168618192977_37.5730266274726361,56.0,7.0,정체,126.9861168618192977_37.5730266274726361|126.9855567085236174_37.5727903642359919
2026-09-04T13:22:12.125893+09:00,인사동,인사동,POI078,KEY_2,1000028800,인사동길,1000002703,낙원상가앞교차로,126.9877290762876498_37.5725675824815539,1000013402,인사동사거리,126.9866260678605698_37.5725826871621464,97.0,6.0,정체,126.9866260678605698_37.5725826871621464|126.9877290762876498_37.5725675824815539
2026-09-04T13:22:12.125893+09:00,인사동,인사동,POI078,KEY_2,1000029400,인사동길,1000013404,인사동사거리,126.9864507347062670_37.5726237878874230,1000013903,인사동사거리,126.9862122245298792_37.5729444875610596,41.0,6.0,정체,126.9862122245298792_37.5729444875610596|126.9863985900872052_37.5726751063462814|126.9864507347062670_37.5726237878874230
2026-09-04T13:22:12.125893+09:00,인사동,인사동,POI078,KEY_2,1000030100,인사동4길,1000014603,종로세무서,126.9876475861341873_37.5734674544711638,1000013902,인사동사거리,126.9863347930561730_37.5729914707874855,128.0,8.0,정체,126.9863347930561730_37.5729914707874855|126.9865778431354215_37.5730765437080692|126.9871483595308064_37.5732762343743687|126.9875049026030922_37.5734010287094193|126.9876475861341873_37.5734674544711638
2026-09-04T13:22:12.125893+09:00,인사동,인사동,POI078,KEY_2,1000030200,인사동4길,1000190200,낙원동 280,126.9870936767206047_37.5733752066737097,1000014604,종로세무서,126.9875929656630689_37.5735672823235660,49.0,29.0,원활,126.9875929656630689_37.5735672823235660|126.9874430653368904_37.5734974970765307|126.9870936767206047_37.5733752066737097
2026-09-04T13:22:12.125893+09:00,인사동,인사동,POI078,KEY_2,1000031700,인사동길,1000200000,관훈동 177-1,126.9846248795644641_37.5741354335962896,1000017903,안국동로터리,126.9830393503038977_37.5755166265144283,209.0,13.0,정체,126.9830393503038977_37.5755166265144283|126.9832578502403493_37.5753718765763765|126.9833833057397072_37.5752802649537472|126.9833874257963799_37.5752759258947009|126.9838138538233210_37.5748268274858290|126.9839983126868219_37.5746325599944413|126.9840028137515446_37.5746278195686330|126.9841931260739045_37.5744516475788828|126.9843256891268339_37.5743491032214507|126.9843944674535408_37.5742999847176264|126.9846248795644641_37.5741354335962896
2026-09-04T13:22:12.125893+09:00,인사동,인사동,POI078,KEY_2,1000031900,삼일대로30길,1000016403,종로1가2가3가4가동주민센터,126.9909224401901895_37.5743944453165497,1000014602,종로세무서,126.9877657603728665_37.5735230393018043,300.0,7.0,정체,126.9877657603728665_37.5735230393018043|126.9882746610469724_37.5737657051567169|126.9890843013498056_37.5741211801994552|126.9892691286933371_37.5741786634928658|126.9894708395082290_37.5742261685853478|126.9900987751391028_37.5742451717422767|126.9904206259991639_37.5742891136834203|126.9906874025872128_37.5743451108355870|126.9909224401901895_37.5743944453165497
2026-09-04T13:22:12.125893+09:00,인사동,인사동,POI078,KEY_2,1000033700,삼일대로32길,1000225400,익선동 1-2,126.9885198465621414_37.5753772077083354,1000017002,덕성여자대학교(종로캠퍼스),126.9868982009082004_37.5750961619411754,147.0,7.0,정체,126.9868982009082004_37.5750961619411754|126.9876435573690543_37.5752236178379775|126.9880192377179640_37.5752979345582787|126.9885198465621414_37.5753772077083354
2026-09-04T13:22:12.125893+09:00,인사동,인사동,POI078,KEY_2,1000033800,삼일대로32길,1000217900,운니동 44-1,126.9886315479750323_37.5755051337652901,1000018604,한겨레신문(종로지국),126.9905313831492180_37.5757097145699248,170.0,10.0,정체,126.9905313831492180_37.5757097145699248|126.9902144284971968_37.5756583032089253|126.9898011914220319_37.5756393653655252|126.9896790156536639_37.5756303509259837|126.9892762976139409_37.5756006364519877|126.9891382250948197_37.5755697755770228|126.9888125680360531_37.5755337981841890|126.9886315479750323_37.5755051337652901
2026-09-04T13:22:12.125893+09:00,인사동,인사동,POI078,KEY_2,1000033900,우정국로,1000017300,안국동사거리,126.9828039229332575_37.5749851341707171,1000018100,안국동사거리,126.9820370732549009_37.5756052331219763,102.0,12.0,정체,126.9820370732549009_37.5756052331219763|126.9822935365986751_37.5755095925525495|126.9827428871539610_37.5751967734075052|126.9827905797247212_37.5750539177611387|126.9828039229332575_37.5749851341707171
2026-09-04T13:22:12.125893+09:00,잠실롯데타워·석촌호수,잠실롯데타워·석촌호수,POI120,KEY_3,1230003102,송파대로,1230412500,석촌동 209,127.1044792274671522_37.5081049831544888,1230036703,석촌호수앞교차로,127.1039824947923051_37.5086487529905597,75.0,16.0,서행,127.1039824947923051_37.5086487529905597|127.1044792274671522_37.5081049831544888
2026-09-04T13:22:12.125893+09:00,잠실롯데타워·석촌호수,잠실롯데타워·석촌호수,POI120,KEY_3,1230003300,송파대로,1230036704,석촌호수앞교차로,127.1039028911642674_37.5087367936795530,1230001703,석촌호수앞교차로,127.1017878219228550_37.5111046223331428,323.0,39.0,원활,127.1017878219228550_37.5111046223331428|127.1039028911642674_37.5087367936795530
2026-09-04T13:22:12.125893+09:00,잠실롯데타워·석촌호수,잠실롯데타워·석촌호수,POI120,KEY_3,1230003400,송파대로,1230001702,석촌호수앞교차로,127.1019076941057762_37.5111569141952117,1230036701,석촌호수앞교차로,127.1040028890472797_37.5088113302377195,320.0,6.0,정체,127.1040028890472797_37.5088113302377195|127.1019076941057762_37.5111569141952117
2026-09-04T13:22:12.125893+09:00,잠실롯데타워·석촌호수,잠실롯데타워·석촌호수,POI120,KEY_3,1230003501,송파대로,1230399700,잠실동 41,127.1007560729534731_37.5124412982623454,1230001803,잠실역사거리,127.1001586829554100_37.5132191939759281,101.0,15.0,서행,127.1001586829554100_37.5132191939759281|127.1007560729534731_37.5124412982623454
2026-09-04T13:22:12.125893+09:00,잠실롯데타워·석촌호수,잠실롯데타워·석촌호수,POI120,KEY_3,1230003601,송파대로,1230001802,잠실역사거리,127.1002879409381165_37.5132580710148957,1230001701,석촌호수앞교차로,127.1018323332335598_37.5112469862295228,262.0,6.0,정체,127.1018323332335598_37.5112469862295228|127.1008718568159566_37.5124977195192244|127.1002879409381165_37.5132580710148957
2026-09-04T13:22:12.125893+09:00,잠실롯데타워·석촌호수,잠실롯데타워·석촌호수,POI120,KEY_3,1230003802,송파대로,1230044702,잠실대교남측,127.0981251707990225_37.5159789121879115,1230001801,잠실역사거리,127.1002155326109744_37.5133509522926616,345.0,11.7,정체,127.1002155326109744_37.5133509522926616|127.0985290071868548_37.5154712346922068|127.0981251707990225_37.5159789121879115
2026-09-04T13:22:12.125893+09:00,잠실롯데타워·석촌호수,잠실롯데타워·석촌호수,POI120,KEY_3,1230018100,삼학사로,1230399400,삼전동 152,127.0971851736833997_37.5058146183606098,1230034303,석촌호교차로,127.0972427646003808_37.5065427063586085,81.0,16.5,서행,127.0972427646003808_37.5065427063586085|127.0971851736833997_37.5058146183606098
2026-09-04T13:22:12.125893+09:00,잠실롯데타워·석촌호수,잠실롯데타워·석촌호수,POI120,KEY_3,1230020203,석촌호수로,1230362100,잠실동 45-1,127.0959603598268473_37.5068429608790908,1230034304,석촌호교차로,127.0972501695385262_37.5066515875651163,116.0,18.0,서행,127.0972501695385262_37.5066515875651163|127.0959603598268473_37.5068429608790908
2026-09-04T13:22:12.125893+09:00,잠실롯데타워·석촌호수,잠실롯데타워·석촌호수,POI120,KEY_3,1230020300,석촌호수로,1230425400,최소노드배치점,127.1008735740489470_37.5071235777689509,1230036704,석촌호수앞교차로,127.1039028911642674_37.5087367936795530,323.0,20.0,서행,127.1039028911642674_37.5087367936795530|127.1030871966188158_37.5081804312170775|127.1027814029224459_37.5079972621807372|127.1027257780679207_37.5079698553039691|127.1018874551534168_37.5075568002840285|127.1015021632143061_37.5073921700333557|127.1008735740489470_37.5071235777689509
2026-09-04T13:22:12.125893+09:00,잠실롯데타워·석촌호수,잠실롯데타워·석촌호수,POI120,KEY_3,1230020400,석촌호수로,1230369400,석촌동 191,127.0987703823118125_37.5064112799268017,1230034302,석촌호교차로,127.0973765618586384_37.5065150079019958,125.0,17.0,서행,127.0973765618586384_37.5065150079019958|127.0976452744375536_37.5064483289197952|127.0979269591683192_37.5064090615062042|127.0982641563232818_37.5063794736021237|127.0986308344447906_37.5063986405236136|127.0987703823118125_37.5064112799268017
2026-09-04T13:22:12.125893+09:00,잠실롯데타워·석촌호수,잠실롯데타워·석촌호수,POI120,KEY_3,1230021500,삼학사로,1230418200,잠실동 46,127.0973734398476296_37.5087240119147722,1230007103,서울놀이마당앞교차로,127.0974453047706589_37.5099321530276910,134.0,24.5,서행,127.0974453047706589_37.5099321530276910|127.0973734398476296_37.5087240119147722
2026-09-04T13:22:12.125893+09:00,잠실롯데타워·석촌호수,잠실롯데타워·석촌호수,POI120,KEY_3,1230021600,삼학사로,1230007102,서울놀이마당앞교차로,127.0975809295277941_37.5099279073468779,1230034301,석촌호교차로,127.0973845362845935_37.5066262726573783,367.0,32.0,원활,127.0973845362845935_37.5066262726573783|127.0975090109694889_37.5087188942394008|127.0975809295277941_37.5099279073468779
2026-09-04T13:22:12.125893+09:00,잠실롯데타워·석촌호수,잠실롯데타워·석촌호수,POI120,KEY_3,1230021900,삼전로,1230356200,잠실동 37,127.0922842977067404_37.5094309777277743,1230038603,잠실3삼거리,127.0929733206664025_37.5103028554533822,115.0,15.0,서행,127.0929733206664025_37.5103028554533822|127.0928602894616830_37.5101024415336113|127.0922842977067404_37.5094309777277743
2026-09-04T13:22:12.125893+09:00,잠실롯데타워·석촌호수,잠실롯데타워·석촌호수,POI120,KEY_3,1230023101,잠실로,1230038303,잠실동 43,127.0947217679651260_37.5101178628557932,1230038602,잠실3삼거리,127.0930971257991189_37.5102585455899913,144.0,23.0,서행,127.0930971257991189_37.5102585455899913|127.0947217679651260_37.5101178628557932
2026-09-04T13:22:12.125893+09:00,잠실롯데타워·석촌호수,잠실롯데타워·석촌호수,POI120,KEY_3,1230023102,잠실로,1230007103,서울놀이마당앞교차로,127.0974453047706589_37.5099321530276910,1230038302,잠실동 43,127.0948609890413223_37.5101069748518370,229.0,23.0,서행,127.0948609890413223_37.5101069748518370|127.0962459094918131_37.5100132959391175|127.0974453047706589_37.5099321530276910
2026-09-04T13:22:12.125893+09:00,잠실롯데타워·석촌호수,잠실롯데타워·석촌호수,POI120,KEY_3,1230023201,잠실로,1230038601,잠실3삼거리,127.0931194165767408_37.5103653726765316,1230038304,잠실동 43,127.0947364363945553_37.5102253498387128,144.0,11.0,정체,127.0947364363945553_37.5102253498387128|127.0931194165767408_37.5103653726765316
2026-09-04T13:22:12.125893+09:00,잠실롯데타워·석촌호수,잠실롯데타워·석촌호수,POI120,KEY_3,1230023202,잠실로,1230393400,잠실동 43,127.0962573939644642_37.5101210286650257,1230007104,서울놀이마당앞교차로,127.0974567909531032_37.5100398856026942,106.0,11.0,정체,127.0974567909531032_37.5100398856026942|127.0962573939644642_37.5101210286650257
2026-09-04T13:22:12.125893+09:00,잠실롯데타워·석촌호수,잠실롯데타워·석촌호수,POI120,KEY_3,1230023500,잠실로,1230412400,잠실동 42,127.1004419094974480_37.5105947295189637,1230001704,석촌호수앞교차로,127.1017131193153915_37.5111950333109547,131.0,17.5,서행,127.1017131193153915_37.5111950333109547|127.1004641614348145_37.5106046485269218|127.1004419094974480_37.5105947295189637
2026-09-04T13:22:12.125893+09:00,잠실롯데타워·석촌호수,잠실롯데타워·석촌호수,POI120,KEY_3,1230023600,잠실로,1230001703,석촌호수앞교차로,127.1017878219228550_37.5111046223331428,1230007102,서울놀이마당앞교차로,127.0975809295277941_37.5099279073468779,403.0,17.0,서행,127.0975809295277941_37.5099279073468779|127.0985541482379375_37.5099332768199432|127.0990046849047843_37.5099841635964921|127.0994430355566607_37.5101001528652276|127.0999744578332411_37.5102624598802024|127.1005081875894263_37.5105003764333560|127.1005319432435670_37.5105109657146656|127.1017878219228550_37.5111046223331428
2026-09-04T13:22:12.125893+09:00,잠실롯데타워·석촌호수,잠실롯데타워·석촌호수,POI120,KEY_3,1230023701,석촌호수로,1230036701,석촌호수앞교차로,127.1040028890472797_37.5088113302377195,1230038204,수림빌딩,127.1051505452613100_37.5097264956549949,144.0,8.0,정체,127.1051505452613100_37.5097264956549949|127.1048424116308126_37.5094807866672255|127.1040028890472797_37.5088113302377195
2026-09-04T13:22:12.125893+09:00,잠실롯데타워·석촌호수,잠실롯데타워·석촌호수,POI120,KEY_3,1230023702,석촌호수로,1230038201,수림빌딩,127.1052475076223942_37.5098032820847891,1230039704,신천동 33,127.1069053310213803_37.5111077200237375,206.0,18.0,서행,127.1069053310213803_37.5111077200237375|127.1060795391087055_37.5104579644505165|127.1052475076223942_37.5098032820847891
2026-09-04T13:22:12.125893+09:00,잠실롯데타워·석촌호수,잠실롯데타워·석촌호수,POI120,KEY_3,1230023703,석촌호수로,1230039701,신천동 33,127.1070065907386635_37.5111861357687459,1230041504,방이삼거리,127.1080898185277164_37.5120029659807344,132.0,30.0,원활,127.1080898185277164_37.5120029659807344|127.1079331088216122_37.5118964724360211|127.1070065907386635_37.5111861357687459
2026-09-04T13:22:12.125893+09:00,잠실롯데타워·석촌호수,잠실롯데타워·석촌호수,POI120,KEY_3,1230023801,석촌호수로,1230383600,송파동 60,127.1049384312716057_37.5094043721425194,1230036702,석촌호수앞교차로,127.1040831324389728_37.5087223370806129,107.0,17.0,서행,127.1040831324389728_37.5087223370806129|127.1049384312716057_37.5094043721425194
2026-09-04T13:22:12.125893+09:00,잠실롯데타워·석촌호수,잠실롯데타워·석촌호수,POI120,KEY_3,1230023802,석촌호수로,1230380500,송파동 61,127.1061749184303977_37.5103810412995244,1230038202,수림빌딩,127.1053428869681454_37.5097263595970531,103.0,23.0,서행,127.1053428869681454_37.5097263595970531|127.1061749184303977_37.5103810412995244
2026-09-04T13:22:12.125893+09:00,잠실롯데타워·석촌호수,잠실롯데타워·석촌호수,POI120,KEY_3,1230023803,석촌호수로,1230041503,방이삼거리,127.1081921675338720_37.5119304002947942,1230039702,송파동 62,127.1071007108080408_37.5111082344274962,133.0,5.0,정체,127.1071007108080408_37.5111082344274962|127.1080242959557012_37.5118163213665241|127.1081921675338720_37.5119304002947942
2026-09-04T13:22:12.125893+09:00,잠실롯데타워·석촌호수,잠실롯데타워·석촌호수,POI120,KEY_3,1230024100,잠실로,1230038604,잠실3삼거리,127.0929839814057658_37.5103582875929717,1230041303,잠실3사거리,127.0924958334099557_37.5118489046082644,171.0,13.5,정체,127.0924958334099557_37.5118489046082644|127.0929749045914718_37.5104683915562376|127.0929839814057658_37.5103582875929717
2026-09-04T13:22:12.125893+09:00,잠실롯데타워·석촌호수,잠실롯데타워·석촌호수,POI120,KEY_3,1230024200,잠실로,1230041302,잠실3사거리,127.0926320843072830_37.5118620680798003,1230038601,잠실3삼거리,127.0931194165767408_37.5103653726765316,172.0,10.3,정체,127.0931194165767408_37.5103653726765316|127.0931094286359553_37.5104865264241667|127.0926320843072830_37.5118620680798003
2026-09-04T13:22:12.125893+09:00,잠실롯데타워·석촌호수,잠실롯데타워·석촌호수,POI120,KEY_3,1230024302,오금로,1230384900,송파동 62,127.1086886760872829_37.5117147904571766,1230041503,방이삼거리,127.1081921675338720_37.5119304002947942,50.0,29.0,원활,127.1081921675338720_37.5119304002947942|127.1083902263657990_37.5118348937114661|127.1086886760872829_37.5117147904571766
2026-09-04T13:22:12.125893+09:00,잠실롯데타워·석촌호수,잠실롯데타워·석촌호수,POI120,KEY_3,1230024900,올림픽로,1230358200,최소노드배치점,127.0890986901108874_37.5116423850120313,1230041304,잠실3사거리,127.0924582513479919_37.5119541794962004,299.0,21.5,서행,127.0924582513479919_37.5119541794962004|127.0894865754439849_37.5116660118753273|127.0890986901108874_37.5116423850120313
2026-09-04T13:22:12.125893+09:00,잠실롯데타워·석촌호수,잠실롯데타워·석촌호수,POI120,KEY_3,1230025702,올림픽로,1230422700,최소노드배치점,127.0963985029439982_37.5124235494134552,1230001804,잠실역사거리,127.1000841139758677_37.5133141607708396,341.0,23.0,서행,127.1000841139758677_37.5133141607708396|127.0963985029439982_37.5124235494134552
2026-09-04T13:22:12.125893+09:00,잠실롯데타워·석촌호수,잠실롯데타워·석촌호수,POI120,KEY_3,1230025801,올림픽로,1230041703,잠실동 39,127.0946882254534103_37.5120601573260686,1230041302,잠실3사거리,127.0926320843072830_37.5118620680798003,183.0,35.0,원활,127.0926320843072830_37.5118620680798003|127.0946882254534103_37.5120601573260686
2026-09-04T13:22:12.125893+09:00,잠실롯데타워·석촌호수,잠실롯데타워·석촌호수,POI120,KEY_3,1230025802,올림픽로,1230001803,잠실역사거리,127.1001586829554100_37.5132191939759281,1230041702,잠실동 39,127.0948236216370191_37.5120740018570373,489.0,20.0,서행,127.0948236216370191_37.5120740018570373|127.0956739088233007_37.5121671905185963|127.0962807923011582_37.5122821169021705|127.0964379064208174_37.5123200858476054|127.1001586829554100_37.5132191939759281
2026-09-04T13:22:12.125893+09:00,잠실롯데타워·석촌호수,잠실롯데타워·석촌호수,POI120,KEY_3,1230026301,오금로,1230041504,방이삼거리,127.1080898185277164_37.5120029659807344,1230043203,잠실전화국,127.1073625915452112_37.5136826385122433,198.0,13.0,정체,127.1073625915452112_37.5136826385122433|127.1076552451824142_37.5129653281818420|127.1080218934859403_37.5120666323530259|127.1080898185277164_37.5120029659807344
2026-09-04T13:22:12.125893+09:00,잠실롯데타워·석촌호수,잠실롯데타워·석촌호수,POI120,KEY_3,1230026400,오금로,1230362200,방이동 95-3,127.1077843306107411_37.5129987458803527,1230041501,방이삼거리,127.1081930791064138_37.5120731373911980,109.0,18.0,서행,127.1081930791064138_37.5120731373911980|127.1081426875516627_37.5121203703189892|127.1077843306107411_37.5129987458803527
2026-09-04T13:22:12.125893+09:00,잠실롯데타워·석촌호수,잠실롯데타워·석촌호수,POI120,KEY_3,1230026702,백제고분로,1230397100,방이동 94-4,127.1155243442379685_37.5158080782483836,1230045403,올림픽공원남4문앞교차로,127.1158353619488821_37.5163285598069436,64.0,14.0,정체,127.1158353619488821_37.5163285598069436|127.1155243442379685_37.5158080782483836
2026-09-04T13:22:12.125893+09:00,잠실롯데타워·석촌호수,잠실롯데타워·석촌호수,POI120,KEY_3,1230026802,백제고분로,1230045402,올림픽공원남4문앞교차로,127.1159592191718559_37.5162842594980717,1230043901,방이중,127.1149670532686144_37.5146238680820474,204.0,11.0,정체,127.1149670532686144_37.5146238680820474|127.1156469051217641_37.5157616102810749|127.1159592191718559_37.5162842594980717
2026-09-04T13:22:12.125893+09:00,잠실롯데타워·석촌호수,잠실롯데타워·석촌호수,POI120,KEY_3,1230027302,올림픽로,1230001801,잠실역사거리,127.1002155326109744_37.5133509522926616,1230043404,신천동 8,127.1021667132219335_37.5140202279747825,188.0,6.3,정체,127.1021667132219335_37.5140202279747825|127.1002155326109744_37.5133509522926616
2026-09-04T13:22:12.125893+09:00,잠실롯데타워·석촌호수,잠실롯데타워·석촌호수,POI120,KEY_3,1230027303,올림픽로,1230043401,신천동 8,127.1022912026975433_37.5140633484028712,1230043804,잠실역(서울8호선),127.1031193148053262_37.5143528991889355,80.0,24.0,서행,127.1031193148053262_37.5143528991889355|127.1022912026975433_37.5140633484028712
2026-09-04T13:22:12.125893+09:00,잠실롯데타워·석촌호수,잠실롯데타워·석촌호수,POI120,KEY_3,1230027304,올림픽로,1230043801,잠실역(서울8호선),127.1032441614670745_37.5143953515620083,1230044104,송파구청앞교차로,127.1065954149593580_37.5155037548529151,321.0,35.0,원활,127.1065954149593580_37.5155037548529151|127.1032441614670745_37.5143953515620083
2026-09-04T13:22:12.125893+09:00,잠실롯데타워·석촌호수,잠실롯데타워·석촌호수,POI120,KEY_3,1230027402,올림픽로,1230425600,최소노드배치점,127.1034569107816310_37.5143486498193468,1230001802,잠실역사거리,127.1002879409381165_37.5132580710148957,305.0,32.0,원활,127.1002879409381165_37.5132580710148957|127.1022203942543456_37.5139209223143766|127.1023457587723016_37.5139643456983833|127.1031738699951745_37.5142538961081584|127.1032962137368543_37.5142954974985372|127.1034569107816310_37.5143486498193468
2026-09-04T13:22:12.125893+09:00,잠실롯데타워·석촌호수,잠실롯데타워·석촌호수,POI120,KEY_3,1230027600,잠실로,1230354600,잠실동 26-1,127.0923490777133509_37.5126418063312386,1230041301,잠실3사거리,127.0925947702226182_37.5119673808282528,78.0,23.0,서행,127.0925947702226182_37.5119673808282528|127.0923490777133509_37.5126418063312386
2026-09-04T13:22:12.125893+09:00,잠실롯데타워·석촌호수,잠실롯데타워·석촌호수,POI120,KEY_3,1230027901,오금로,1230043204,잠실전화국,127.1073301047804875_37.5137619968566653,1230043703,KT송파빌딩,127.1072008780327849_37.5140753242066154,37.0,14.0,정체,127.1072008780327849_37.5140753242066154|127.1073301047804875_37.5137619968566653
2026-09-04T13:22:12.125893+09:00,잠실롯데타워·석촌호수,잠실롯데타워·석촌호수,POI120,KEY_3,1230027902,오금로,1230043704,KT송파빌딩,127.1071582673112630_37.5141777969497454,1230044103,송파구청앞교차로,127.1066451578842873_37.5154031368063627,143.0,18.5,서행,127.1066451578842873_37.5154031368063627|127.1071582673112630_37.5141777969497454
2026-09-04T13:22:12.125893+09:00,잠실롯데타워·석촌호수,잠실롯데타워·석촌호수,POI120,KEY_3,1230028001,오금로,1230043702,KT송파빌딩,127.1073298305418575_37.5141090707700258,1230043201,잠실전화국,127.1074590560679241_37.5137957428479041,37.0,6.0,정체,127.1074590560679241_37.5137957428479041|127.1073298305418575_37.5141090707700258
2026-09-04T13:22:12.125893+09:00,잠실롯데타워·석촌호수,잠실롯데타워·석촌호수,POI120,KEY_3,1230028002,오금로,1230044102,송파구청앞교차로,127.1067706331513705_37.5154451950086951,1230043701,KT송파빌딩,127.1072870264943191_37.5142120080203938,144.0,6.0,정체,127.1072870264943191_37.5142120080203938|127.1067706331513705_37.5154451950086951
2026-09-04T13:22:12.125893+09:00,잠실롯데타워·석촌호수,잠실롯데타워·석촌호수,POI120,KEY_3,1230028100,위례성대로,1230008303,방이초교앞교차로,127.1208213191434737_37.5145580278620869,1230045402,올림픽공원남4문앞교차로,127.1159592191718559_37.5162842594980717,471.0,37.0,원활,127.1159592191718559_37.5162842594980717|127.1194913787483216_37.5150302354333220|127.1208213191434737_37.5145580278620869
2026-09-04T13:22:12.125893+09:00,잠실롯데타워·석촌호수,잠실롯데타워·석촌호수,POI120,KEY_3,1230028301,올림픽로,1230044101,송파구청앞교차로,127.1067205760415391_37.5155457351922763,1230044902,잠실진주아파트앞교차로,127.1087256571209707_37.5162283031640200,193.0,13.0,정체,127.1087256571209707_37.5162283031640200|127.1067205760415391_37.5155457351922763
2026-09-04T13:22:12.125893+09:00,잠실롯데타워·석촌호수,잠실롯데타워·석촌호수,POI120,KEY_3,1230028401,올림픽로,1230421300,최소노드배치점,127.1097120122696964_37.5164468577884307,1230044102,송파구청앞교차로,127.1067706331513705_37.5154451950086951,283.0,24.0,서행,127.1067706331513705_37.5154451950086951|127.1088293438040182_37.5161460190462677|127.1097120122696964_37.5164468577884307
2026-09-04T13:22:12.125893+09:00,잠실롯데타워·석촌호수,잠실롯데타워·석촌호수,POI120,KEY_3,1230029101,올림픽로,1230044901,잠실진주아파트앞교차로,127.1088533723906977_37.5162718111141373,1230047903,올림픽공원앞교차로,127.1125664517782781_37.5175764714066560,359.0,20.0,서행,127.1125664517782781_37.5175764714066560|127.1121927794052340_37.5174099266855308|127.1096586157180326_37.5165462608805385|127.1088533723906977_37.5162718111141373
2026-09-04T13:22:12.125893+09:00,잠실롯데타워·석촌호수,잠실롯데타워·석촌호수,POI120,KEY_3,1230029300,위례성대로,1230045403,올림픽공원남4문앞교차로,127.1158353619488821_37.5163285598069436,1230047902,올림픽공원앞교차로,127.1126327333255119_37.5174821175529445,311.0,21.7,서행,127.1126327333255119_37.5174821175529445|127.1158353619488821_37.5163285598069436
2026-09-04T13:22:12.125893+09:00,잠실롯데타워·석촌호수,잠실롯데타워·석촌호수,POI120,KEY_3,1230029401,위례성대로,1230047901,올림픽공원앞교차로,127.1127294559663170_37.5175659412636975,1230045404,올림픽공원남4문앞교차로,127.1158912913085715_37.5164270745673178,307.0,21.0,서행,127.1158912913085715_37.5164270745673178|127.1127294559663170_37.5175659412636975
2026-09-04T13:22:12.125893+09:00,잠실롯데타워·석촌호수,잠실롯데타워·석촌호수,POI120,KEY_3,1230029800,오금로,1230009202,잠실나루역사거리,127.1050458803196079_37.5186165757193919,1230044101,송파구청앞교차로,127.1067205760415391_37.5155457351922763,372.0,15.0,서행,127.1067205760415391_37.5155457351922763|127.1063870230920116_37.5161245657841746|127.1060062563923623_37.5167853165615099|127.1057041776155785_37.5173095096861147|127.1054650209393913_37.5177245091905434|127.1053636836204817_37.5179234011036442|127.1051267515503156_37.5183884165572152|127.1050458803196079_37.5186165757193919
2026-09-04T13:22:12.125893+09:00,잠실롯데타워·석촌호수,잠실롯데타워·석촌호수,POI120,KEY_3,1230030200,올림픽로33길,1230044902,잠실진주아파트앞교차로,127.1087256571209707_37.5162283031640200,1230009303,파크리오아파트,127.1080198937217318_37.5191489075320419,330.0,16.0,서행,127.1080198937217318_37.5191489075320419|127.1087256571209707_37.5162283031640200
2026-09-04T13:22:12.125893+09:00,잠실롯데타워·석촌호수,잠실롯데타워·석촌호수,POI120,KEY_3,1230030300,올림픽로33길,1230009302,파크리오아파트,127.1081532489597805_37.5191690964758351,1230044901,잠실진주아파트앞교차로,127.1088533723906977_37.5162718111141373,327.0,13.0,정체,127.1088533723906977_37.5162718111141373|127.1081532489597805_37.5191690964758351
2026-09-04T13:22:12.125893+09:00,잠실롯데타워·석촌호수,잠실롯데타워·석촌호수,POI120,KEY_3,1230030701,올림픽로,1230047904,올림픽공원앞교차로,127.1126156383089949_37.5176248562335459,1230050103,올림픽회관앞교차로,127.1141234836901077_37.5200172918018566,297.0,22.0,서행,127.1141234836901077_37.5200172918018566|127.1130967077667009_37.5183006809000261|127.1127808418886076_37.5178273473246833|127.1126156383089949_37.5176248562335459
2026-09-04T13:22:12.125893+09:00,잠실롯데타워·석촌호수,잠실롯데타워·석촌호수,POI120,KEY_3,1230030802,올림픽로,1230050102,올림픽회관앞교차로,127.1142460290998173_37.5199707880909941,1230047901,올림픽공원앞교차로,127.1127294559663170_37.5175659412636975,299.0,27.0,원활,127.1127294559663170_37.5175659412636975|127.1128979059259194_37.5177724112602746|127.1132179682735881_37.5182520322072364|127.1142460290998173_37.5199707880909941
2026-09-04T13:22:12.125893+09:00,잠실롯데타워·석촌호수,잠실롯데타워·석촌호수,POI120,KEY_3,1230073600,백제고분로41길,1230362400,송파동 74,127.1055839132151277_37.5093570558199474,1230038203,수림빌딩,127.1052465652364560_37.5096500807059527,44.0,11.0,정체,127.1052465652364560_37.5096500807059527|127.1053208564511436_37.5095948198186591|127.1055839132151277_37.5093570558199474
2026-09-04T13:22:12.125893+09:00,잠실롯데타워·석촌호수,잠실롯데타워·석촌호수,POI120,KEY_3,1230076200,백제고분로45길,1230414400,송파동 83,127.1074305390192620_37.5108125123386174,1230039703,송파동 61,127.1070007103191557_37.5110307962144418,45.0,18.5,서행,127.1070007103191557_37.5110307962144418|127.1074305390192620_37.5108125123386174
2026-09-04T13:22:12.125893+09:00,잠실롯데타워·석촌호수,잠실롯데타워·석촌호수,POI120,KEY_3,1230077600,올림픽로.잠실로.사이길,1230038304,잠실동 43,127.0947364363945553_37.5102253498387128,1230041703,잠실동 39,127.0946882254534103_37.5120601573260686,204.0,10.0,정체,127.0946882254534103_37.5120601573260686|127.0947364363945553_37.5102253498387128
2026-09-04T13:22:12.125893+09:00,잠실롯데타워·석촌호수,잠실롯데타워·석촌호수,POI120,KEY_3,1230077700,올림픽로.잠실로.사이길,1230041702,잠실동 39,127.0948236216370191_37.5120740018570373,1230038301,잠실동 43,127.0948724715403131_37.5102147077519135,206.0,8.0,정체,127.0948724715403131_37.5102147077519135|127.0948236216370191_37.5120740018570373
2026-09-04T13:22:12.125893+09:00,잠실롯데타워·석촌호수,잠실롯데타워·석촌호수,POI120,KEY_3,1230080800,올림픽로,1230043404,신천동 8,127.1021667132219335_37.5140202279747825,1230044003,어린이교통공원,127.1015862279693067_37.5151316086360467,134.0,6.0,정체,127.1015862279693067_37.5151316086360467|127.1021667132219335_37.5140202279747825
2026-09-04T13:22:12.125893+09:00,잠실롯데타워·석촌호수,잠실롯데타워·석촌호수,POI120,KEY_3,1230080900,올림픽로,1230044002,어린이교통공원,127.1017112605977104_37.5151736946584151,1230043401,신천동 8,127.1022912026975433_37.5140633484028712,133.0,16.7,서행,127.1022912026975433_37.5140633484028712|127.1017112605977104_37.5151736946584151
2026-09-04T13:22:12.125893+09:00,잠실롯데타워·석촌호수,잠실롯데타워·석촌호수,POI120,KEY_3,1230081000,올림픽로,1230043804,잠실역(서울8호선),127.1031193148053262_37.5143528991889355,1230044403,신천동 7-21,127.1025553001734067_37.5154467539088188,131.0,9.0,정체,127.1025553001734067_37.5154467539088188|127.1031193148053262_37.5143528991889355
2026-09-04T13:22:12.125893+09:00,잠실롯데타워·석촌호수,잠실롯데타워·석촌호수,POI120,KEY_3,1230081100,올림픽로,1230044402,신천동 7-21,127.1026803877707039_37.5154887453600807,1230043801,잠실역(서울8호선),127.1032441614670745_37.5143953515620083,131.0,14.0,정체,127.1032441614670745_37.5143953515620083|127.1026803877707039_37.5154887453600807
2026-09-04T13:22:12.125893+09:00,잠실롯데타워·석촌호수,잠실롯데타워·석촌호수,POI120,KEY_3,1230082000,오금로11길,1230382300,방이동 96-5,127.1078356746363340_37.5142776638634814,1230043702,KT송파빌딩,127.1073298305418575_37.5141090707700258,48.0,12.5,정체,127.1073298305418575_37.5141090707700258|127.1078356746363340_37.5142776638634814
2026-09-04T13:22:12.125893+09:00,잠실롯데타워·석촌호수,잠실롯데타워·석촌호수,POI120,KEY_3,1230082100,오금로11길,1230364600,방이동 96-2,127.1142995993866123_37.5148873703963588,1230043904,방이중,127.1148454576012909_37.5146719476403305,54.0,14.5,정체,127.1148454576012909_37.5146719476403305|127.1142995993866123_37.5148873703963588
2026-09-04T13:22:12.125893+09:00,잠실롯데타워·석촌호수,잠실롯데타워·석촌호수,POI120,KEY_3,1230437101,잠실로,1230188302,잠실길지하차도(서측),127.1024547747106510_37.5113805101291220,1230001702,석촌호수앞교차로,127.1019076941057762_37.5111569141952117,54.0,15.0,서행,127.1019076941057762_37.5111569141952117|127.1024547747106510_37.5113805101291220
2026-09-04T13:22:12.125893+09:00,잠실롯데타워·석촌호수,잠실롯데타워·석촌호수,POI120,KEY_3,1230437201,잠실로,1230001701,석촌호수앞교차로,127.1018323332335598_37.5112469862295228,1230188303,잠실길지하차도(서측),127.1023918266045030_37.5114715455822392,55.0,8.0,정체,127.1023918266045030_37.5114715455822392|127.1018323332335598_37.5112469862295228
2026-09-04T13:22:12.125893+09:00,잠실롯데타워·석촌호수,잠실롯데타워·석촌호수,POI120,KEY_3,1230437301,잠실로,1230188502,잠실길지하차도(동측),127.1062173467716150_37.5131578738299325,1230188302,잠실길지하차도(서측),127.1024547747106510_37.5113805101291220,387.0,31.0,원활,127.1024547747106510_37.5113805101291220|127.1030924680476488_37.5116688194554797|127.1037922288458617_37.5120057984034787|127.1044073633298837_37.5122985483592544|127.1051198819620254_37.5126321816150679|127.1062173467716150_37.5131578738299325
2026-09-04T13:22:12.125893+09:00,잠실롯데타워·석촌호수,잠실롯데타워·석촌호수,POI120,KEY_3,1230437401,잠실로,1230188303,잠실길지하차도(서측),127.1023918266045030_37.5114715455822392,1230188503,잠실길지하차도(동측),127.1061687896124681_37.5132231248888246,386.0,17.0,서행,127.1061687896124681_37.5132231248888246|127.1052815756607259_37.5128152477143786|127.1034974052928277_37.5119907247148916|127.1023918266045030_37.5114715455822392
2026-09-04T13:22:12.125893+09:00,잠실롯데타워·석촌호수,잠실롯데타워·석촌호수,POI120,KEY_3,1230437501,-,1230188502,잠실길지하차도(동측),127.1062173467716150_37.5131578738299325,1230188402,신천동 30,127.1050426082693434_37.5125336192748193,126.0,28.0,원활,127.1050426082693434_37.5125336192748193|127.1057099909694585_37.5128445639683008|127.1060250249974217_37.5129978687956296|127.1062173467716150_37.5131578738299325
2026-09-04T13:22:12.125893+09:00,잠실롯데타워·석촌호수,잠실롯데타워·석촌호수,POI120,KEY_3,1230437601,-,1230188403,신천동 30,127.1049002456384613_37.5127083450110632,1230188503,잠실길지하차도(동측),127.1061687896124681_37.5132231248888246,126.0,18.5,서행,127.1061687896124681_37.5132231248888246|127.1058942002584331_37.5131610578152603|127.1056142121499164_37.5130369103311239|127.1049002456384613_37.5127083450110632
2026-09-04T13:22:12.125893+09:00,잠실롯데타워·석촌호수,잠실롯데타워·석촌호수,POI120,KEY_3,1230437701,잠실로,1230394600,신천동 30,127.1067595331203108_37.5134063123268504,1230188502,잠실길지하차도(동측),127.1062173467716150_37.5131578738299325,55.0,8.0,정체,127.1062173467716150_37.5131578738299325|127.1067595331203108_37.5134063123268504
2026-09-04T13:22:12.125893+09:00,잠실롯데타워·석촌호수,잠실롯데타워·석촌호수,POI120,KEY_3,1230437801,잠실로,1230188503,잠실길지하차도(동측),127.1061687896124681_37.5132231248888246,1230043204,잠실전화국,127.1073301047804875_37.5137619968566653,119.0,12.0,정체,127.1073301047804875_37.5137619968566653|127.1067103200439448_37.5134744075350568|127.1061687896124681_37.5132231248888246
2026-09-04T13:22:12.125893+09:00,창동 신경제 중심지,창동 신경제 중심지,POI079,KEY_4,1090005402,노해로,1090115200,창동 339,127.0432127254777726_37.6515539518810272,1090008104,서울북부지방법원등기국,127.0438886664260849_37.6514273575234313,61.0,14.0,정체,127.0438886664260849_37.6514273575234313|127.0432127254777726_37.6515539518810272
2026-09-04T13:22:12.125893+09:00,창동 신경제 중심지,창동 신경제 중심지,POI079,KEY_4,1090007501,마들로11길,1090010101,창동견인차량보관소,127.0506608950045546_37.6539899638653495,1090010204,속성변화점,127.0517956478494312_37.6542713588531939,105.0,10.7,정체,127.0517956478494312_37.6542713588531939|127.0506608950045546_37.6539899638653495
2026-09-04T13:22:12.125893+09:00,창동 신경제 중심지,창동 신경제 중심지,POI079,KEY_4,1090005403,노해로,1090008101,서울북부지방법원등기국,127.0440396816365904_37.6514000141311485,1090007904,이마트사거리,127.0465802038674212_37.6513439220940356,228.0,32.0,원활,127.0465802038674212_37.6513439220940356|127.0460219527137298_37.6512193468005378|127.0458394182708730_37.6511975131724839|127.0456166930732707_37.6511920224222294|127.0454324298890469_37.6511948838736430|127.0452143697198579_37.6512131449817389|127.0450359743676501_37.6512370892679158|127.0440396816365904_37.6514000141311485
2026-09-04T13:22:12.125893+09:00,창동 신경제 중심지,창동 신경제 중심지,POI079,KEY_4,1090006101,노해로65길,1090007904,이마트사거리,127.0465802038674212_37.6513439220940356,1090008603,이마트사거리,127.0464522437678454_37.6516561121472435,36.0,9.0,정체,127.0464522437678454_37.6516561121472435|127.0465802038674212_37.6513439220940356
2026-09-04T13:22:12.125893+09:00,창동 신경제 중심지,창동 신경제 중심지,POI079,KEY_4,1090006102,노해로65길,1090128100,창동 335-3,127.0462173088500180_37.6522375660554189,1090002402,창동역2번출구,127.0460126594412884_37.6527447346004678,59.0,13.0,정체,127.0460126594412884_37.6527447346004678|127.0462173088500180_37.6522375660554189
2026-09-04T13:22:12.125893+09:00,창동 신경제 중심지,창동 신경제 중심지,POI079,KEY_4,1090006201,노해로65길,1090002401,창동역2번출구,127.0461019329523680_37.6528774164723430,1090007901,이마트사거리,127.0467105834980970_37.6513747627778059,175.0,5.0,정체,127.0467105834980970_37.6513747627778059|127.0465815344402642_37.6516896123671287|127.0465398628008842_37.6517921145791874|127.0463467931061103_37.6522705946534657|127.0461019329523680_37.6528774164723430
2026-09-04T13:22:12.125893+09:00,창동 신경제 중심지,창동 신경제 중심지,POI079,KEY_4,1090006303,노해로63길,1090009401,창동아파트2단지,127.0440490804142541_37.6523926268145033,1090009704,창동 325,127.0450594668613746_37.6526400609466378,93.0,9.0,정체,127.0450594668613746_37.6526400609466378|127.0440490804142541_37.6523926268145033
2026-09-04T13:22:12.125893+09:00,창동 신경제 중심지,창동 신경제 중심지,POI079,KEY_4,1090006304,노해로63길,1090009701,창동 325,127.0451951244152013_37.6526717189787234,1090002401,창동역2번출구,127.0461019329523680_37.6528774164723430,83.0,9.0,정체,127.0461019329523680_37.6528774164723430|127.0451951244152013_37.6526717189787234
2026-09-04T13:22:12.125893+09:00,창동 신경제 중심지,창동 신경제 중심지,POI079,KEY_4,1090006402,노해로63길,1090009303,서울특별시북부교육지원청,127.0436075256318276_37.6521768084206414,1090008702,창원초교앞교차로,127.0418672320513025_37.6517533683042629,161.0,32.0,원활,127.0418672320513025_37.6517533683042629|127.0420136679197753_37.6518029016727667|127.0423245483733439_37.6518846988945839|127.0436075256318276_37.6521768084206414
2026-09-04T13:22:12.125893+09:00,창동 신경제 중심지,창동 신경제 중심지,POI079,KEY_4,1090006403,노해로63길,1090009703,창동 325,127.0450606490341130_37.6525272198554504,1090009302,서울특별시북부교육지원청,127.0437381625268358_37.6522068735649924,122.0,20.0,서행,127.0437381625268358_37.6522068735649924|127.0439570121152002_37.6522577653790549|127.0440891099632950_37.6522892989157825|127.0450606490341130_37.6525272198554504
2026-09-04T13:22:12.125893+09:00,창동 신경제 중심지,창동 신경제 중심지,POI079,KEY_4,1090006405,노해로63길,1090002402,창동역2번출구,127.0460126594412884_37.6527447346004678,1090009702,창동 325,127.0451962992695627_37.6525595534808915,75.0,18.5,서행,127.0451962992695627_37.6525595534808915|127.0460126594412884_37.6527447346004678
2026-09-04T13:22:12.125893+09:00,창동 신경제 중심지,창동 신경제 중심지,POI079,KEY_4,1090006501,노해로,1090009601,창4동주민센터앞교차로,127.0512572997302954_37.6524535243682053,1090009804,창4동주민센터,127.0523451053343962_37.6527487519340056,101.0,19.0,서행,127.0523451053343962_37.6527487519340056|127.0512572997302954_37.6524535243682053
2026-09-04T13:22:12.125893+09:00,창동 신경제 중심지,창동 신경제 중심지,POI079,KEY_4,1090006502,노해로,1090024400,창동 25,127.0529396680044698_37.6528803670265688,1090009904,도봉경찰서앞교차로,127.0532355059426379_37.6529440934046775,27.0,34.0,원활,127.0532355059426379_37.6529440934046775|127.0529396680044698_37.6528803670265688
2026-09-04T13:22:12.125893+09:00,창동 신경제 중심지,창동 신경제 중심지,POI079,KEY_4,1090006700,노해로69길,1090038000,창동 23,127.0507241269660881_37.6534404626976524,1090010103,창동견인차량보관소,127.0505700041465218_37.6538544201770620,48.0,12.0,정체,127.0505700041465218_37.6538544201770620|127.0507241269660881_37.6534404626976524
2026-09-04T13:22:12.125893+09:00,창동 신경제 중심지,창동 신경제 중심지,POI079,KEY_4,1090006800,노해로69길,1090029100,창동 23,127.0510627440724818_37.6529118754495755,1090009601,창4동주민센터앞교차로,127.0512572997302954_37.6524535243682053,54.0,10.0,정체,127.0512572997302954_37.6524535243682053|127.0511636230535117_37.6526409168478153|127.0510627440724818_37.6529118754495755
2026-09-04T13:22:12.125893+09:00,창동 신경제 중심지,창동 신경제 중심지,POI079,KEY_4,1090006900,마들로,1090009904,도봉경찰서앞교차로,127.0532355059426379_37.6529440934046775,1090002703,농협창동유통센터앞교차로,127.0532009362000849_37.6544173179488553,164.0,6.0,정체,127.0532009362000849_37.6544173179488553|127.0532307195816202_37.6537430463703586|127.0532355059426379_37.6529440934046775
2026-09-04T13:22:12.125893+09:00,창동 신경제 중심지,창동 신경제 중심지,POI079,KEY_4,1090007000,마들로,1090002702,농협창동유통센터앞교차로,127.0535193718764901_37.6544297702364830,1090009901,도봉경찰서앞교차로,127.0535457248374058_37.6529848170747670,160.0,25.0,원활,127.0535457248374058_37.6529848170747670|127.0535639356680946_37.6537093807940551|127.0535193718764901_37.6544297702364830
2026-09-04T13:22:12.125893+09:00,창동 신경제 중심지,창동 신경제 중심지,POI079,KEY_4,1090007502,마들로11길,1090010204,속성변화점,127.0517956478494312_37.6542713588531939,1090002704,농협창동유통센터앞교차로,127.0531926661678455_37.6545256121384426,127.0,10.0,정체,127.0531926661678455_37.6545256121384426|127.0528413530642098_37.6544851417251039|127.0525371577740543_37.6544418358260700|127.0522236392166775_37.6543767700399670|127.0519258441446198_37.6543035169949860|127.0517956478494312_37.6542713588531939
2026-09-04T13:22:12.125893+09:00,창동 신경제 중심지,창동 신경제 중심지,POI079,KEY_4,1090007601,마들로11길,1090010203,극동방송문화센터,127.0518361380290173_37.6541681443841370,1090010102,창동견인차량보관소,127.0506999231827194_37.6538863868738005,105.0,16.0,서행,127.0506999231827194_37.6538863868738005|127.0518361380290173_37.6541681443841370
2026-09-04T13:22:12.125893+09:00,창동 신경제 중심지,창동 신경제 중심지,POI079,KEY_4,1090007602,마들로11길,1090002703,농협창동유통센터앞교차로,127.0532009362000849_37.6544173179488553,1090010202,극동방송문화센터,127.0519660382969249_37.6542002295480955,112.0,14.0,정체,127.0519660382969249_37.6542002295480955|127.0522609278935562_37.6542727675418547|127.0525663592483170_37.6543361556009444|127.0528630944293980_37.6543783989066441|127.0532009362000849_37.6544173179488553
2026-09-04T13:22:12.125893+09:00,창동 신경제 중심지,창동 신경제 중심지,POI079,KEY_4,1090007901,노해로69길,1090010104,창동견인차량보관소,127.0505309856881695_37.6539579953053831,1090010603,환승주차장앞교차로,127.0500190410047310_37.6553009753965853,156.0,10.0,정체,127.0500190410047310_37.6553009753965853|127.0505309856881695_37.6539579953053831
2026-09-04T13:22:12.125893+09:00,창동 신경제 중심지,창동 신경제 중심지,POI079,KEY_4,1090008001,노해로69길,1090010602,환승주차장앞교차로,127.0501493968661464_37.6553317759183273,1090010101,창동견인차량보관소,127.0506608950045546_37.6539899638653495,156.0,15.0,서행,127.0506608950045546_37.6539899638653495|127.0501493968661464_37.6553317759183273
2026-09-04T13:22:12.125893+09:00,창동 신경제 중심지,창동 신경제 중심지,POI079,KEY_4,1090008002,노해로69길,1090039000,창동 808,127.0498866526589694_37.6582834096207364,1090010601,환승주차장앞교차로,127.0501093119601137_37.6554351045767106,320.0,25.0,원활,127.0501093119601137_37.6554351045767106|127.0498394187731890_37.6561185154286520|127.0498064469087751_37.6562513368248304|127.0497820437332734_37.6563946402228211|127.0497734293798260_37.6565485072733139|127.0497823736429837_37.6567003595224250|127.0498049658418580_37.6570426966649023|127.0498750568326187_37.6581047575258054|127.0498866526589694_37.6582834096207364
2026-09-04T13:22:12.125893+09:00,창동 신경제 중심지,창동 신경제 중심지,POI079,KEY_4,1090008003,노해로69길,1090003202,창동운동장앞교차로,127.0500176890655410_37.6599226131206208,1090012501,자운고등학교,127.0499559426194054_37.6593448583809760,64.0,15.0,서행,127.0499559426194054_37.6593448583809760|127.0499875040031696_37.6597610720166642|127.0500176890655410_37.6599226131206208
2026-09-04T13:22:12.125893+09:00,창동 신경제 중심지,창동 신경제 중심지,POI079,KEY_4,1090008501,마들로,1090002704,농협창동유통센터앞교차로,127.0531926661678455_37.6545256121384426,1090010803,창동열린극장교차로,127.0529077492178516_37.6559697981116415,162.0,25.0,원활,127.0529077492178516_37.6559697981116415|127.0529376525054204_37.6558251484242135|127.0529841751127407_37.6556292846411438|127.0530453407864542_37.6553546089362499|127.0531064381076902_37.6550912000013511|127.0531444844696978_37.6548907962926123|127.0531593169806825_37.6547804390951910|127.0531926661678455_37.6545256121384426
2026-09-04T13:22:12.125893+09:00,창동 신경제 중심지,창동 신경제 중심지,POI079,KEY_4,1090008503,마들로,1090042100,최소노드배치점,127.0517360672634197_37.6581815582025214,1090003202,창동운동장앞교차로,127.0500176890655410_37.6599226131206208,254.0,29.0,원활,127.0500176890655410_37.6599226131206208|127.0508493795606171_37.6594946644890030|127.0509575857941371_37.6594117031579572|127.0510758541167036_37.6593051199380682|127.0511528967889348_37.6592197861152442|127.0512329221193397_37.6591096766521360|127.0513861306880159_37.6588488722121966|127.0517360672634197_37.6581815582025214
2026-09-04T13:22:12.125893+09:00,창동 신경제 중심지,창동 신경제 중심지,POI079,KEY_4,1090008601,마들로,1090010802,창동열린극장교차로,127.0532024456634161_37.6560310399620732,1090002701,농협창동유통센터앞교차로,127.0535074980332269_37.6545489567895331,167.0,16.0,서행,127.0535074980332269_37.6545489567895331|127.0534795413420852_37.6547872850787826|127.0534280946085346_37.6550957975282401|127.0533595691476023_37.6554166394989380|127.0533201267756453_37.6556136570978808|127.0532649139748997_37.6558410349877803|127.0532024456634161_37.6560310399620732
2026-09-04T13:22:12.125893+09:00,창동 신경제 중심지,창동 신경제 중심지,POI079,KEY_4,1090008602,마들로,1090042200,최소노드배치점,127.0520531168905620_37.6582813526645026,1090010801,창동열린극장교차로,127.0531581856521797_37.6561522353032387,256.0,25.0,원활,127.0531581856521797_37.6561522353032387|127.0531323122794021_37.6562123336710997|127.0523052489814688_37.6577741420476073|127.0520531168905620_37.6582813526645026
2026-09-04T13:22:12.125893+09:00,창동 신경제 중심지,창동 신경제 중심지,POI079,KEY_4,1090009601,마들로,1090013401,창동 167-4,127.0489118939009217_37.6606289572230395,1090003204,창동운동장앞교차로,127.0499638421036508_37.6600794154383038,111.0,18.0,서행,127.0499638421036508_37.6600794154383038|127.0491745243841279_37.6604917596906716|127.0489118939009217_37.6606289572230395
2026-09-04T13:22:12.125893+09:00,창동 신경제 중심지,창동 신경제 중심지,POI079,KEY_4,1090009602,마들로,1090013501,창동 167-4,127.0476185886963236_37.6612891364181976,1090013404,창동 167-4,127.0487938245867099_37.6606897192368280,123.0,10.0,정체,127.0487938245867099_37.6606897192368280|127.0476185886963236_37.6612891364181976
2026-09-04T13:22:12.125893+09:00,창동 신경제 중심지,창동 신경제 중심지,POI079,KEY_4,1090009603,마들로,1090083700,창동 754-10,127.0468372888467457_37.6619114992761084,1090013504,창동 167-4,127.0475032887600975_37.6613477181105623,88.0,8.0,정체,127.0475032887600975_37.6613477181105623|127.0472771897853903_37.6614620891754441|127.0471587901959793_37.6615381920083365|127.0470377681162120_37.6616381330299035|127.0469427338822612_37.6617407719362305|127.0468606043055502_37.6618642498403560|127.0468372888467457_37.6619114992761084
2026-09-04T13:22:12.125893+09:00,창동 신경제 중심지,창동 신경제 중심지,POI079,KEY_4,1090019100,노해로,1090007901,이마트사거리,127.0467105834980970_37.6513747627778059,1090008302,창동삼성아파트,127.0478413401837798_37.6517150240130505,107.0,21.3,서행,127.0478413401837798_37.6517150240130505|127.0468852696467792_37.6514752569527573|127.0467105834980970_37.6513747627778059
2026-09-04T13:22:12.125893+09:00,창동 신경제 중심지,창동 신경제 중심지,POI079,KEY_4,1090019200,노해로,1090008104,서울북부지방법원등기국,127.0438886664260849_37.6514273575234313,1090008503,서울북부광역등기소,127.0438186184817511_37.6516245484087051,23.0,11.0,정체,127.0438186184817511_37.6516245484087051|127.0438886664260849_37.6514273575234313
2026-09-04T13:22:12.125893+09:00,창동 신경제 중심지,창동 신경제 중심지,POI079,KEY_4,1090019300,노해로,1090008502,서울북부광역등기소,127.0439494827538027_37.6516539354643385,1090008101,서울북부지방법원등기국,127.0440396816365904_37.6514000141311485,29.0,16.0,서행,127.0440396816365904_37.6514000141311485|127.0439494827538027_37.6516539354643385
2026-09-04T13:22:12.125893+09:00,창동 신경제 중심지,창동 신경제 중심지,POI079,KEY_4,1090019400,노해로65길,1090008603,이마트사거리,127.0464522437678454_37.6516561121472435,1090008502,서울북부광역등기소,127.0439494827538027_37.6516539354643385,238.0,9.0,정체,127.0439494827538027_37.6516539354643385|127.0446064750200179_37.6517989522029097|127.0446611672751658_37.6516566609137939|127.0453248260477750_37.6515398179121235|127.0453528909836933_37.6515390822929490|127.0458583619068094_37.6515258320844879|127.0464522437678454_37.6516561121472435
2026-09-04T13:22:12.125893+09:00,창동 신경제 중심지,창동 신경제 중심지,POI079,KEY_4,1090019700,노해로,1090007901,이마트사거리,127.0467105834980970_37.6513747627778059,1090021802,창동지하차도(동측),127.0502642079050020_37.6522089617535656,327.0,27.0,원활,127.0502642079050020_37.6522089617535656|127.0492794810403296_37.6519793948467267|127.0478628390599738_37.6516637304484831|127.0467105834980970_37.6513747627778059
2026-09-04T13:22:12.125893+09:00,창동 신경제 중심지,창동 신경제 중심지,POI079,KEY_4,1090020100,노해로,1090008504,서울북부광역등기소,127.0437810875314142_37.6517260258120885,1090009303,서울특별시북부교육지원청,127.0436075256318276_37.6521768084206414,52.0,39.0,원활,127.0436075256318276_37.6521768084206414|127.0437810875314142_37.6517260258120885
2026-09-04T13:22:12.125893+09:00,창동 신경제 중심지,창동 신경제 중심지,POI079,KEY_4,1090020200,노해로,1090009302,서울특별시북부교육지원청,127.0437381625268358_37.6522068735649924,1090008501,서울북부광역등기소,127.0439111151810465_37.6517576736682713,52.0,20.5,서행,127.0439111151810465_37.6517576736682713|127.0437381625268358_37.6522068735649924
2026-09-04T13:22:12.125893+09:00,창동 신경제 중심지,창동 신경제 중심지,POI079,KEY_4,1090020401,노해로,1090008802,도봉구보건소,127.0492599596684897_37.6520311788763564,1090021802,창동지하차도(동측),127.0502642079050020_37.6522089617535656,91.0,21.0,서행,127.0502642079050020_37.6522089617535656|127.0499849615824104_37.6522002013272115|127.0492599596684897_37.6520311788763564
2026-09-04T13:22:12.125893+09:00,창동 신경제 중심지,창동 신경제 중심지,POI079,KEY_4,1090020402,노해로,1090021802,창동지하차도(동측),127.0502642079050020_37.6522089617535656,1090009604,창4동주민센터앞교차로,127.0511276330638708_37.6524201902091278,80.0,40.0,원활,127.0511276330638708_37.6524201902091278|127.0502642079050020_37.6522089617535656
2026-09-04T13:22:12.125893+09:00,창동 신경제 중심지,창동 신경제 중심지,POI079,KEY_4,1090021200,해등로12길,1090063400,창동 313,127.0431136629325550_37.6531307651280258,1090009401,창동아파트2단지,127.0440490804142541_37.6523926268145033,126.0,17.5,서행,127.0440490804142541_37.6523926268145033|127.0439692149368796_37.6526054232594589|127.0438831887744442_37.6527865510112463|127.0437970826860692_37.6528651036506545|127.0436583473597949_37.6529506340044122|127.0435754939003203_37.6529819611717400|127.0435278911139250_37.6529938875997772|127.0432585397479528_37.6530613706037016|127.0431136629325550_37.6531307651280258
2026-09-04T13:22:12.125893+09:00,창동 신경제 중심지,창동 신경제 중심지,POI079,KEY_4,1090021400,노해로,1090041600,창동 17,127.0523219613917831_37.6532076459143141,1090009801,창4동주민센터,127.0524751925225360_37.6527803127579261,49.0,7.0,정체,127.0524751925225360_37.6527803127579261|127.0523219613917831_37.6532076459143141
2026-09-04T13:22:12.125893+09:00,창동 신경제 중심지,창동 신경제 중심지,POI079,KEY_4,1090021500,마들로11길,1090010103,창동견인차량보관소,127.0505700041465218_37.6538544201770620,1090010303,창동견인보관소앞,127.0477370548599367_37.6547730543022183,334.0,8.0,정체,127.0477370548599367_37.6547730543022183|127.0477658279710056_37.6547196018357795|127.0480897917361744_37.6539206204484387|127.0490340243173364_37.6535484764502826|127.0491908326687991_37.6535176660388800|127.0505700041465218_37.6538544201770620
2026-09-04T13:22:12.125893+09:00,창동 신경제 중심지,창동 신경제 중심지,POI079,KEY_4,1090021600,마들로11길,1090010302,창동견인보관소앞,127.0478788220612643_37.6547844833917438,1090010104,창동견인차량보관소,127.0505309856881695_37.6539579953053831,312.0,6.0,정체,127.0505309856881695_37.6539579953053831|127.0491869029716554_37.6536298084694820|127.0490810918604581_37.6536505985642478|127.0482016102326384_37.6539972231940396|127.0478933258012404_37.6547575391619631|127.0478788220612643_37.6547844833917438
2026-09-04T13:22:12.125893+09:00,창동 신경제 중심지,창동 신경제 중심지,POI079,KEY_4,1090022000,노해로63가길,1090140200,창동 253-1,127.0454165223832916_37.6545743006389628,1090009701,창동 325,127.0451951244152013_37.6526717189787234,214.0,20.5,서행,127.0451951244152013_37.6526717189787234|127.0451933896516010_37.6528373394430531|127.0451890627641234_37.6532504307674429|127.0451861866165615_37.6533547132366593|127.0451749203609921_37.6537631988765753|127.0451653221435322_37.6538501693338503|127.0451644817283636_37.6538577844143987|127.0451689381018952_37.6539035616293987|127.0452793210056939_37.6542058634360899|127.0453865833976579_37.6544996167404804|127.0454165223832916_37.6545743006389628
2026-09-04T13:22:12.125893+09:00,창동 신경제 중심지,창동 신경제 중심지,POI079,KEY_4,1090022100,마들로13길,1090080600,창동 1-12,127.0484109742130983_37.6549129102225990,1090010302,창동견인보관소앞,127.0478788220612643_37.6547844833917438,49.0,10.0,정체,127.0478788220612643_37.6547844833917438|127.0484109742130983_37.6549129102225990
2026-09-04T13:22:12.125893+09:00,창동 신경제 중심지,창동 신경제 중심지,POI079,KEY_4,1090022200,마들로13길,1090010301,창동견인보관소앞,127.0478249942618305_37.6548844814536636,1090010604,환승주차장앞교차로,127.0499789468198060_37.6554042879631865,199.0,8.0,정체,127.0499789468198060_37.6554042879631865|127.0488958360466967_37.6551429101195723|127.0483714753540312_37.6550163664097539|127.0478249942618305_37.6548844814536636
2026-09-04T13:22:12.125893+09:00,창동 신경제 중심지,창동 신경제 중심지,POI079,KEY_4,1090022700,마들로13길,1090025300,창동 1-12,127.0515185622562058_37.6556484809023360,1090010602,환승주차장앞교차로,127.0501493968661464_37.6553317759183273,126.0,6.0,정체,127.0501493968661464_37.6553317759183273|127.0515185622562058_37.6556484809023360
2026-09-04T13:22:12.125893+09:00,창동 신경제 중심지,창동 신경제 중심지,POI079,KEY_4,1090022800,마들로13길,1090010601,환승주차장앞교차로,127.0501093119601137_37.6554351045767106,1090010804,창동열린극장교차로,127.0528664193991801_37.6560728389500241,253.0,15.0,서행,127.0528664193991801_37.6560728389500241|127.0514805729431913_37.6557522943419443|127.0501093119601137_37.6554351045767106
2026-09-04T13:22:12.125893+09:00,창동 신경제 중심지,창동 신경제 중심지,POI079,KEY_4,1090023100,마들로13길,1090010303,창동견인보관소앞,127.0477370548599367_37.6547730543022183,1090011703,자운초교앞,127.0458329161900934_37.6581275500630355,413.0,18.0,서행,127.0458329161900934_37.6581275500630355|127.0462289135254110_37.6572813650045433|127.0463932541250500_37.6568944512451935|127.0465563232358051_37.6564268331624419|127.0472421607888691_37.6553884746299161|127.0474581288074347_37.6550614920549407|127.0476011819743576_37.6548366960861500|127.0476614770812205_37.6547887097468248|127.0477370548599367_37.6547730543022183
2026-09-04T13:22:12.125893+09:00,창동 신경제 중심지,창동 신경제 중심지,POI079,KEY_4,1090023200,마들로13길,1090113200,창동 135-84,127.0473625603757881_37.6554387405282114,1090010304,창동견인보관소앞,127.0476693650736166_37.6548988028347651,66.0,24.0,서행,127.0476693650736166_37.6548988028347651|127.0475790072573972_37.6551110325286515|127.0473625603757881_37.6554387405282114
2026-09-04T13:22:12.125893+09:00,창동 신경제 중심지,창동 신경제 중심지,POI079,KEY_4,1090025500,마들로13길,1090011704,자운초교앞,127.0457848371309240_37.6582173762313985,1090012903,창동 182-42,127.0452405267065643_37.6594275559219440,143.0,26.3,원활,127.0452405267065643_37.6594275559219440|127.0452856378431363_37.6592700887861511|127.0454740499835680_37.6587549827164807|127.0455877139170866_37.6585375202288759|127.0457848371309240_37.6582173762313985
2026-09-04T13:22:12.125893+09:00,창동 신경제 중심지,창동 신경제 중심지,POI079,KEY_4,1090025600,마들로13길,1090012902,창동 181-43,127.0453731275255507_37.6594515649138302,1090011701,자운초교앞,127.0459069829019256_37.6582649115694394,140.0,25.5,원활,127.0459069829019256_37.6582649115694394|127.0457116955399357_37.6585820735511234|127.0456025303731451_37.6587909309425939|127.0454173469814236_37.6592972108555131|127.0453731275255507_37.6594515649138302
2026-09-04T13:22:12.125893+09:00,창동 신경제 중심지,창동 신경제 중심지,POI079,KEY_4,1090026700,도봉로136길,1090013301,가인지하차도(동측),127.0467851587121118_37.6601264554493653,1090012401,가인지하차도(서측),127.0434019690758447_37.6592482191792328,323.0,42.0,원활,127.0434019690758447_37.6592482191792328|127.0449459729015445_37.6594408745348090|127.0452889685188040_37.6594937760274107|127.0459094737849597_37.6595883924112016|127.0460871253542479_37.6596493826614847|127.0462164208273634_37.6597119908414797|127.0463552639532452_37.6597916263826491|127.0465013091322248_37.6598868585154847|127.0466299946581330_37.6599841362507490|127.0467851587121118_37.6601264554493653
2026-09-04T13:22:12.125893+09:00,창동 신경제 중심지,창동 신경제 중심지,POI079,KEY_4,1090026800,도봉로136길,1090012402,가인지하차도(서측),127.0433808066038495_37.6593550194173048,1090013302,가인지하차도(동측),127.0466786690014942_37.6601935346289025,314.0,36.0,원활,127.0466786690014942_37.6601935346289025|127.0465315242048092_37.6600588908333620|127.0464112099059975_37.6599679417970634|127.0462722745903932_37.6598773459194049|127.0461411508791230_37.6598021364880324|127.0460244898846156_37.6597456490715601|127.0458692292156115_37.6596923435053981|127.0452632093449523_37.6595999359672575|127.0449224698914605_37.6595473831225434|127.0433808066038495_37.6593550194173048
2026-09-04T13:22:12.125893+09:00,창동 신경제 중심지,창동 신경제 중심지,POI079,KEY_4,1090027300,도봉로136길,1090013301,가인지하차도(동측),127.0467851587121118_37.6601264554493653,1090012902,창동 181-43,127.0453731275255507_37.6594515649138302,153.0,28.3,원활,127.0453731275255507_37.6594515649138302|127.0459295954603931_37.6595364159575396|127.0461184430292576_37.6596012507948927|127.0462540574332451_37.6596669179990613|127.0463967585631337_37.6597487665919459|127.0465463603726590_37.6598463181993139|127.0466561771203970_37.6599293322028927|127.0466792286765667_37.6599467575772948|127.0467851587121118_37.6601264554493653
2026-09-04T13:22:12.125893+09:00,창동 신경제 중심지,창동 신경제 중심지,POI079,KEY_4,1090027400,도봉로136길,1090012901,창동 181-33,127.0453095442338025_37.6596620454681101,1090013302,가인지하차도(동측),127.0466786690014942_37.6601935346289025,138.0,21.5,서행,127.0466786690014942_37.6601935346289025|127.0464822889049401_37.6600962694450274|127.0464497241137707_37.6600716525110428|127.0463661585185804_37.6600084820608672|127.0462307798373871_37.6599202056654789|127.0461035141367887_37.6598472092934813|127.0459931720883304_37.6597937809121106|127.0458491074561209_37.6597443199474213|127.0453095442338025_37.6596620454681101
2026-09-04T13:22:12.125893+09:00,창동 신경제 중심지,창동 신경제 중심지,POI079,KEY_4,1090028600,마들로13길,1090012904,창동 182-42,127.0451777079419315_37.6596355056669410,1090015003,방학동이수아파트,127.0447749280397005_37.6626683866843237,339.0,27.0,원활,127.0447749280397005_37.6626683866843237|127.0447781799507965_37.6625605684919194|127.0448094776364343_37.6622725926075290|127.0448330271749455_37.6620559074054384|127.0448660408917902_37.6617521377958155|127.0449787657496898_37.6607266113725672|127.0450308716217052_37.6602367359613410|127.0451179019524801_37.6598232692942716|127.0451777079419315_37.6596355056669410
2026-09-04T13:22:12.125893+09:00,창동 신경제 중심지,창동 신경제 중심지,POI079,KEY_4,1090028700,마들로13길,1090048100,창동 752-1,127.0449685240468511_37.6620652137489174,1090012901,창동 181-33,127.0453095442338025_37.6596620454681101,269.0,27.0,원활,127.0453095442338025_37.6596620454681101|127.0452511118152614_37.6598454986423690|127.0451659196911294_37.6602502350921071|127.0451142654643348_37.6607358721721113|127.0450015311825638_37.6617614969333161|127.0449685240468511_37.6620652137489174
2026-09-04T13:22:12.125893+09:00,창동 신경제 중심지,창동 신경제 중심지,POI079,KEY_4,1090028800,방학로,1090107800,창동 744-14,127.0489627249143183_37.6608726014257869,1090013401,창동 167-4,127.0489118939009217_37.6606289572230395,28.0,20.0,서행,127.0489118939009217_37.6606289572230395|127.0489498056694089_37.6607209344841678|127.0489678202076931_37.6608041551679591|127.0489627249143183_37.6608726014257869
2026-09-04T13:22:12.125893+09:00,창동 신경제 중심지,창동 신경제 중심지,POI079,KEY_4,1090045500,노해로,1090009901,도봉경찰서앞교차로,127.0535457248374058_37.6529848170747670,1100036102,도봉구-노원구,127.0542201693494775_37.6530495292574159,60.0,7.0,정체,127.0542201693494775_37.6530495292574159|127.0535457248374058_37.6529848170747670
2026-09-04T13:22:12.125893+09:00,창동 신경제 중심지,창동 신경제 중심지,POI079,KEY_4,1100003501,동일로,1100118800,상계동 729,127.0607516169090445_37.6535093850099329,1100037200,노원역6번출구,127.0606630381764859_37.6538422534128969,38.0,18.5,서행,127.0606630381764859_37.6538422534128969|127.0607516169090445_37.6535093850099329
2026-09-04T13:22:12.125893+09:00,창동 신경제 중심지,창동 신경제 중심지,POI079,KEY_4,1100003502,동일로,1100037200,노원역6번출구,127.0606630381764859_37.6538422534128969,1100037803,노원역,127.0605624598929069_37.6542202110494344,43.0,19.0,서행,127.0605624598929069_37.6542202110494344|127.0606630381764859_37.6538422534128969
2026-09-04T13:22:12.125893+09:00,창동 신경제 중심지,창동 신경제 중심지,POI079,KEY_4,1100003601,동일로,1100118900,상계동 729,127.0608846580693978_37.6535317641635459,1100035101,상계2-6단지교차로,127.0614219272701604_37.6515126919265697,229.0,14.0,정체,127.0614219272701604_37.6515126919265697|127.0608846580693978_37.6535317641635459
2026-09-04T13:22:12.125893+09:00,창동 신경제 중심지,창동 신경제 중심지,POI079,KEY_4,1100003602,동일로,1100037802,노원역,127.0606939292530768_37.6542485022336564,1100037300,노원역5번출구,127.0607960800482061_37.6538646319994967,44.0,16.0,서행,127.0607960800482061_37.6538646319994967|127.0606939292530768_37.6542485022336564
2026-09-04T13:22:12.125893+09:00,창동 신경제 중심지,창동 신경제 중심지,POI079,KEY_4,1100003803,동부간선도로,1100037402,노원지하차도(북측),127.0551494676314945_37.6548162517717628,1100036201,창동교앞교차로,127.0552628560590733_37.6531854240254873,181.0,24.0,정체,127.0552628560590733_37.6531854240254873|127.0552456307809450_37.6533636469401856|127.0552101207977955_37.6538556847095762|127.0551835032701860_37.6543636332209246|127.0551494676314945_37.6548162517717628
2026-09-04T13:22:12.125893+09:00,창동 신경제 중심지,창동 신경제 중심지,POI079,KEY_4,1100003901,동일로,1100037804,노원역,127.0605341697180251_37.6543260636008839,1100038700,노원역,127.0604128401212449_37.6547779132650504,51.0,6.0,정체,127.0604128401212449_37.6547779132650504|127.0605341697180251_37.6543260636008839
2026-09-04T13:22:12.125893+09:00,창동 신경제 중심지,창동 신경제 중심지,POI079,KEY_4,1100003902,동일로,1100038700,노원역,127.0604128401212449_37.6547779132650504,1100039503,노원역앞교차로,127.0602010162035356_37.6555667697837535,90.0,11.0,정체,127.0602010162035356_37.6555667697837535|127.0604128401212449_37.6547779132650504
2026-09-04T13:22:12.125893+09:00,창동 신경제 중심지,창동 신경제 중심지,POI079,KEY_4,1100004001,동일로,1100038900,노원역3번출구,127.0605458327495398_37.6548004858661827,1100037801,노원역,127.0606655841639991_37.6543545069205265,51.0,20.0,서행,127.0606655841639991_37.6543545069205265|127.0605458327495398_37.6548004858661827
2026-09-04T13:22:12.125893+09:00,창동 신경제 중심지,창동 신경제 중심지,POI079,KEY_4,1100004002,동일로,1100039502,노원역앞교차로,127.0603323409069105_37.6555955551666415,1100038900,노원역3번출구,127.0605458327495398_37.6548004858661827,90.0,18.5,서행,127.0605458327495398_37.6548004858661827|127.0603323409069105_37.6555955551666415
2026-09-04T13:22:12.125893+09:00,창동 신경제 중심지,창동 신경제 중심지,POI079,KEY_4,1100029501,노해로,1100037801,노원역,127.0606655841639991_37.6543545069205265,1100038000,노원역4번출구,127.0611922548889794_37.6544740751006302,48.0,12.0,정체,127.0611922548889794_37.6544740751006302|127.0606655841639991_37.6543545069205265
2026-09-04T13:22:12.125893+09:00,창동 신경제 중심지,창동 신경제 중심지,POI079,KEY_4,1100004201,동부간선도로,1100043101,상계지하차도(남측),127.0531634037664475_37.6594394033891433,1100037401,노원지하차도(북측),127.0550810735712162_37.6548136821399666,544.0,22.0,정체,127.0550810735712162_37.6548136821399666|127.0550754183786353_37.6548876545282312|127.0550350064868041_37.6552723414702726|127.0549942605154996_37.6555073222257377|127.0549352651446071_37.6557679705295314|127.0548623434530811_37.6559895280506751|127.0547626410769055_37.6562386436802115|127.0546675664509024_37.6564477895056200|127.0538272151033539_37.6581441321275960|127.0535934935571163_37.6585986829488846|127.0533198010285787_37.6591310330955693|127.0532160703950382_37.6593465262757903|127.0531634037664475_37.6594394033891433
2026-09-04T13:22:12.125893+09:00,창동 신경제 중심지,창동 신경제 중심지,POI079,KEY_4,1100004202,동부간선로,1100044002,상계교교차로,127.0525798753311761_37.6616411735135159,1100043102,상계지하차도(남측),127.0532250211979317_37.6594615199293088,251.0,8.0,정체,127.0532250211979317_37.6594615199293088|127.0531517721649379_37.6595913943188663|127.0528975679072374_37.6600530138720373|127.0528163525555527_37.6602266198494746|127.0527703698594024_37.6603765367210812|127.0527359662938949_37.6605618650752021|127.0525798753311761_37.6616411735135159
2026-09-04T13:22:12.125893+09:00,창동 신경제 중심지,창동 신경제 중심지,POI079,KEY_4,1100004304,동일로,1100093400,상계동 694-1,127.0595508065029549_37.6580171134395840,1100041708,용화여자고등학교,127.0591558684395892_37.6595067387207934,169.0,17.5,서행,127.0591558684395892_37.6595067387207934|127.0594096658789312_37.6585508591550990|127.0594376678546524_37.6584451578996706|127.0595508065029549_37.6580171134395840
2026-09-04T13:22:12.125893+09:00,창동 신경제 중심지,창동 신경제 중심지,POI079,KEY_4,1100004401,동일로,1100185600,상계동 694-1,127.0601844029978480_37.6561522066921412,1100039501,노원역앞교차로,127.0603040465450704_37.6557015653982390,51.0,21.0,서행,127.0603040465450704_37.6557015653982390|127.0601844029978480_37.6561522066921412
2026-09-04T13:22:12.125893+09:00,창동 신경제 중심지,창동 신경제 중심지,POI079,KEY_4,1100004702,동부간선로,1100044004,상계교교차로,127.0523149905146738_37.6617776542323384,1100044402,상계지하차도(북측),127.0520378561055281_37.6642215993765177,272.0,20.0,정체,127.0520378561055281_37.6642215993765177|127.0521212250492056_37.6635823328015462|127.0522193701827547_37.6625462296288589|127.0522777575375244_37.6620180125495523|127.0523149905146738_37.6617776542323384
2026-09-04T13:22:12.125893+09:00,창동 신경제 중심지,창동 신경제 중심지,POI079,KEY_4,1100004802,동부간선도로,1100002702,상계동699,127.0523840965415587_37.6643456310184632,1100044001,상계교교차로,127.0525935255395922_37.6617487454504882,291.0,35.0,서행,127.0525935255395922_37.6617487454504882|127.0525483028963407_37.6620406979734881|127.0524904805265578_37.6625638117754420|127.0523921692619922_37.6636017117993660|127.0523115180185556_37.6642197151095530|127.0523445020438800_37.6642879542847595|127.0523840965415587_37.6643456310184632
2026-09-04T13:22:12.125893+09:00,창동 신경제 중심지,창동 신경제 중심지,POI079,KEY_4,1100027502,동일로215길,1100088500,상계동 744,127.0607971399296048_37.6513759115603364,1100035104,상계2-6단지교차로,127.0612907362999096_37.6514833723335016,45.0,35.0,원활,127.0612907362999096_37.6514833723335016|127.0607971399296048_37.6513759115603364
2026-09-04T13:22:12.125893+09:00,창동 신경제 중심지,창동 신경제 중심지,POI079,KEY_4,1100028502,노해로,1100036102,도봉구-노원구,127.0542201693494775_37.6530495292574159,1100036204,창동교앞교차로,127.0549921462478125_37.6531412853505643,69.0,7.0,정체,127.0549921462478125_37.6531412853505643|127.0542201693494775_37.6530495292574159
2026-09-04T13:22:12.125893+09:00,창동 신경제 중심지,창동 신경제 중심지,POI079,KEY_4,1100028703,노해로,1100160200,상계동 739,127.0568037160892487_37.6535154115881099,1100037004,상계6동우체국,127.0575257719759037_37.6536755591483541,66.0,19.0,서행,127.0575257719759037_37.6536755591483541|127.0568037160892487_37.6535154115881099
2026-09-04T13:22:12.125893+09:00,창동 신경제 중심지,창동 신경제 중심지,POI079,KEY_4,1100028704,노해로,1100037001,상계6동우체국,127.0576567470603919_37.6537047057676091,1100037504,현대증권빌딩,127.0593355635265027_37.6540794845506213,154.0,15.0,서행,127.0593355635265027_37.6540794845506213|127.0576567470603919_37.6537047057676091
2026-09-04T13:22:12.125893+09:00,창동 신경제 중심지,창동 신경제 중심지,POI079,KEY_4,1100028705,노해로,1100037501,현대증권빌딩,127.0594668905893343_37.6541075996395733,1100037700,노원역7번출구,127.0599891684443605_37.6542145073474472,48.0,19.0,서행,127.0599891684443605_37.6542145073474472|127.0594668905893343_37.6541075996395733
2026-09-04T13:22:12.125893+09:00,창동 신경제 중심지,창동 신경제 중심지,POI079,KEY_4,1100028706,노해로,1100037700,노원역7번출구,127.0599891684443605_37.6542145073474472,1100037804,노원역,127.0605341697180251_37.6543260636008839,50.0,23.0,서행,127.0605341697180251_37.6543260636008839|127.0599891684443605_37.6542145073474472
2026-09-04T13:22:12.125893+09:00,창동 신경제 중심지,창동 신경제 중심지,POI079,KEY_4,1100028803,노해로,1100037600,노원역7번출구,127.0600230742874572_37.6541098040533271,1100037002,상계6동우체국,127.0576932921409679_37.6536005651398114,213.0,14.0,정체,127.0576932921409679_37.6536005651398114|127.0593723237605417_37.6539753916879150|127.0595007964826095_37.6540028963630675|127.0600230742874572_37.6541098040533271
2026-09-04T13:22:12.125893+09:00,창동 신경제 중심지,창동 신경제 중심지,POI079,KEY_4,1100028805,노해로,1100037803,노원역,127.0605624598929069_37.6542202110494344,1100037600,노원역7번출구,127.0600230742874572_37.6541098040533271,49.0,13.0,정체,127.0600230742874572_37.6541098040533271|127.0605624598929069_37.6542202110494344
2026-09-04T13:22:12.125893+09:00,창동 신경제 중심지,창동 신경제 중심지,POI079,KEY_4,1100029502,노해로,1100038000,노원역4번출구,127.0611922548889794_37.6544740751006302,1100038304,롯데백화점(노원점),127.0617632535381034_37.6546037047608451,52.0,6.0,정체,127.0617632535381034_37.6546037047608451|127.0611922548889794_37.6544740751006302
2026-09-04T13:22:12.125893+09:00,창동 신경제 중심지,창동 신경제 중심지,POI079,KEY_4,1100029505,노해로,1100103700,상계동 719,127.0661512914501827_37.6555939228266112,1100039604,상계6·7동주민센터앞교차로,127.0669426069039787_37.6557717283692170,73.0,24.0,서행,127.0669426069039787_37.6557717283692170|127.0661512914501827_37.6555939228266112
2026-09-04T13:22:12.125893+09:00,창동 신경제 중심지,창동 신경제 중심지,POI079,KEY_4,1100029506,노해로,1100038802,한국통신상계,127.0632123465894381_37.6549326661265553,1100038809,상계동323-18,127.0644139438269349_37.6552035258636266,110.0,12.0,정체,127.0644139438269349_37.6552035258636266|127.0635781881673267_37.6550157137258239|127.0632123465894381_37.6549326661265553
2026-09-04T13:22:12.125893+09:00,창동 신경제 중심지,창동 신경제 중심지,POI079,KEY_4,1100029601,노해로,1100037900,노원역4번출구,127.0612295934649723_37.6543701129946840,1100037802,노원역,127.0606939292530768_37.6542485022336564,49.0,17.0,서행,127.0606939292530768_37.6542485022336564|127.0612295934649723_37.6543701129946840
2026-09-04T13:22:12.125893+09:00,창동 신경제 중심지,창동 신경제 중심지,POI079,KEY_4,1100029602,노해로,1100038303,롯데백화점(노원점),127.0618005912647845_37.6544997424504331,1100037900,노원역4번출구,127.0612295934649723_37.6543701129946840,52.0,17.0,서행,127.0612295934649723_37.6543701129946840|127.0618005912647845_37.6544997424504331
2026-09-04T13:22:12.125893+09:00,창동 신경제 중심지,창동 신경제 중심지,POI079,KEY_4,1100029605,노해로,1100038808,상계동323-18,127.0644509316282296_37.6550994845618874,1100038803,한국통신상계,127.0632496825551527_37.6548287033200779,110.0,23.0,서행,127.0632496825551527_37.6548287033200779|127.0636153513994913_37.6549117113266902|127.0644509316282296_37.6550994845618874
2026-09-04T13:22:12.125893+09:00,창동 신경제 중심지,창동 신경제 중심지,POI079,KEY_4,1100029701,상계로,1100038102,노원지하차도,127.0552186408102813_37.6546214256784779,1100038604,속성변화점,127.0557908711694211_37.6547236267635412,52.0,25.0,원활,127.0557908711694211_37.6547236267635412|127.0553671834377667_37.6546338968271357|127.0552186408102813_37.6546214256784779
2026-09-04T13:22:12.125893+09:00,창동 신경제 중심지,창동 신경제 중심지,POI079,KEY_4,1100029702,상계로,1100038604,속성변화점,127.0557908711694211_37.6547236267635412,1100039104,노원구보건소,127.0570870474215752_37.6550080356744132,119.0,20.0,서행,127.0570870474215752_37.6550080356744132|127.0559208786339127_37.6547516866268239|127.0557908711694211_37.6547236267635412
2026-09-04T13:22:12.125893+09:00,창동 신경제 중심지,창동 신경제 중심지,POI079,KEY_4,1100029703,상계로,1100039101,노원구보건소,127.0572186143952251_37.6550367765186706,1100039404,상계동 739-4,127.0588643202721642_37.6553939512818587,151.0,26.3,원활,127.0588643202721642_37.6553939512818587|127.0572186143952251_37.6550367765186706
2026-09-04T13:22:12.125893+09:00,창동 신경제 중심지,창동 신경제 중심지,POI079,KEY_4,1100029704,상계로,1100039401,상계동 739-4,127.0589962601925151_37.6554223038178080,1100039504,노원역앞교차로,127.0601727301481390_37.6556726739564454,107.0,25.0,원활,127.0601727301481390_37.6556726739564454|127.0589962601925151_37.6554223038178080
2026-09-04T13:22:12.125893+09:00,창동 신경제 중심지,창동 신경제 중심지,POI079,KEY_4,1100029801,상계로,1100038603,노원구청,127.0558258743156728_37.6546191522476619,1100038101,노원지하차도,127.0552330818509006_37.6545130739862657,54.0,7.0,정체,127.0552330818509006_37.6545130739862657|127.0553919493096799_37.6545272539378431|127.0558258743156728_37.6546191522476619
2026-09-04T13:22:12.125893+09:00,창동 신경제 중심지,창동 신경제 중심지,POI079,KEY_4,1100029802,상계로,1100039103,노원구보건소,127.0571232861294249_37.6549038277198562,1100038602,노원구청,127.0559571188478429_37.6546474790247601,107.0,7.0,정체,127.0559571188478429_37.6546474790247601|127.0571232861294249_37.6549038277198562
2026-09-04T13:22:12.125893+09:00,창동 신경제 중심지,창동 신경제 중심지,POI079,KEY_4,1100029803,상계로,1100039403,상계동 739-4,127.0589001317584064_37.6552896493156339,1100039102,노원구보건소,127.0572544280862672_37.6549324748313055,151.0,13.0,정체,127.0572544280862672_37.6549324748313055|127.0589001317584064_37.6552896493156339
2026-09-04T13:22:12.125893+09:00,창동 신경제 중심지,창동 신경제 중심지,POI079,KEY_4,1100029804,상계로,1100039503,노원역앞교차로,127.0602010162035356_37.6555667697837535,1100039402,상계동 739-4,127.0590314243780483_37.6553178631760161,107.0,7.0,정체,127.0590314243780483_37.6553178631760161|127.0602010162035356_37.6555667697837535
2026-09-04T13:22:12.125893+09:00,창동 신경제 중심지,창동 신경제 중심지,POI079,KEY_4,1100030102,상계로,1100039501,노원역앞교차로,127.0603040465450704_37.6557015653982390,1100039809,성임빌딩,127.0616502820933391_37.6560069404642164,124.0,5.0,정체,127.0616502820933391_37.6560069404642164|127.0614128756597694_37.6559527379808969|127.0612824146659250_37.6559230764615549|127.0603040465450704_37.6557015653982390
2026-09-04T13:22:12.125893+09:00,창동 신경제 중심지,창동 신경제 중심지,POI079,KEY_4,1100030105,상계로,1100039802,노원역(서울4호선),127.0625678182361469_37.6562131766042825,1100039909,노원역(서울4호선),127.0640678531407275_37.6565499966003827,138.0,14.0,정체,127.0640678531407275_37.6565499966003827|127.0625678182361469_37.6562131766042825
2026-09-04T13:22:12.125893+09:00,창동 신경제 중심지,창동 신경제 중심지,POI079,KEY_4,1100030106,상계로,1100039806,성임빌딩,127.0617837261973904_37.6560371069540665,1100039805,노원역(서울4호선),127.0624372787817009_37.6561838640661151,60.0,20.0,서행,127.0624372787817009_37.6561838640661151|127.0617837261973904_37.6560371069540665
2026-09-04T13:22:12.125893+09:00,창동 신경제 중심지,창동 신경제 중심지,POI079,KEY_4,1100030201,상계로,1100039703,상계동 689-4,127.0613196600456689_37.6558190928418952,1100039502,노원역앞교차로,127.0603323409069105_37.6555955551666415,91.0,10.0,정체,127.0603323409069105_37.6555955551666415|127.0613196600456689_37.6558190928418952
2026-09-04T13:22:12.125893+09:00,창동 신경제 중심지,창동 신경제 중심지,POI079,KEY_4,1100030202,상계로,1100039807,속성변화점,127.0618206904819658_37.6559330592462373,1100039702,상계동 689-4,127.0614504112961498_37.6558488199526451,34.0,11.0,정체,127.0614504112961498_37.6558488199526451|127.0616878173730271_37.6559030221767657|127.0618206904819658_37.6559330592462373
2026-09-04T13:22:12.125893+09:00,창동 신경제 중심지,창동 신경제 중심지,POI079,KEY_4,1100030204,상계로,1100040303,상계초교입구교차로,127.0665586801028297_37.6570292785576513,1100039907,노원역(서울4호선),127.0642133857384408_37.6564684562337533,216.0,12.0,정체,127.0642133857384408_37.6564684562337533|127.0644207962196788_37.6565084470902249|127.0660464057039434_37.6568757110014403|127.0662363313010133_37.6569249576004239|127.0664049700920941_37.6569758547641200|127.0665586801028297_37.6570292785576513
2026-09-04T13:22:12.125893+09:00,창동 신경제 중심지,창동 신경제 중심지,POI079,KEY_4,1100030205,상계로,1100039804,노원역(서울4호선),127.0624656337716658_37.6560778831310046,1100039807,속성변화점,127.0618206904819658_37.6559330592462373,59.0,11.0,정체,127.0618206904819658_37.6559330592462373|127.0624656337716658_37.6560778831310046
2026-09-04T13:22:12.125893+09:00,창동 신경제 중심지,창동 신경제 중심지,POI079,KEY_4,1100030206,상계로,1100039908,노원역(서울4호선),127.0640829296194312_37.6564410345314258,1100039803,노원역(서울4호선),127.0625965572083089_37.6561072819066283,136.0,18.0,서행,127.0625965572083089_37.6561072819066283|127.0640829296194312_37.6564410345314258
2026-09-04T13:22:12.125893+09:00,창동 신경제 중심지,창동 신경제 중심지,POI079,KEY_4,1100030300,노원로,1100172100,상계동 330-40,127.0668101330512201_37.6562287061040379,1100040303,상계초교입구교차로,127.0665586801028297_37.6570292785576513,92.0,27.5,원활,127.0665586801028297_37.6570292785576513|127.0666084395444670_37.6569244507512124|127.0668101330512201_37.6562287061040379
2026-09-04T13:22:12.125893+09:00,창동 신경제 중심지,창동 신경제 중심지,POI079,KEY_4,1100032101,노원로,1100223800,상계동 699,127.0556231703667009_37.6613970760336585,1100044002,상계교교차로,127.0525798753311761_37.6616411735135159,270.0,27.7,원활,127.0525798753311761_37.6616411735135159|127.0556231703667009_37.6613970760336585
2026-09-04T13:22:12.125893+09:00,창동 신경제 중심지,창동 신경제 중심지,POI079,KEY_4,1100032102,노원로,1100043503,온수골사거리,127.0587224144695284_37.6611391975146930,1100043802,상계10단지앞,127.0563734840975627_37.6613366921959454,208.0,26.0,원활,127.0563734840975627_37.6613366921959454|127.0587224144695284_37.6611391975146930
2026-09-04T13:22:12.125893+09:00,창동 신경제 중심지,창동 신경제 중심지,POI079,KEY_4,1100032201,노원로,1100044001,상계교교차로,127.0525935255395922_37.6617487454504882,1100043804,상계10단지앞,127.0562460888175451_37.6614557692127931,324.0,22.0,서행,127.0562460888175451_37.6614557692127931|127.0556368248604571_37.6615046469845751|127.0525935255395922_37.6617487454504882
2026-09-04T13:22:12.125893+09:00,창동 신경제 중심지,창동 신경제 중심지,POI079,KEY_4,1100032202,노원로,1100043801,상계10단지앞,127.0563877863022952_37.6614442102939790,1100043504,온수골사거리,127.0586926817611158_37.6612504184423145,205.0,14.0,정체,127.0586926817611158_37.6612504184423145|127.0563877863022952_37.6614442102939790
2026-09-04T13:22:12.125893+09:00,창동 신경제 중심지,창동 신경제 중심지,POI079,KEY_4,1100032704,방학로,1100044003,상계교교차로,127.0522948218053756_37.6616707337914249,1100044102,도봉구-노원구,127.0513629359133034_37.6617818231301555,83.0,17.0,서행,127.0513629359133034_37.6617818231301555|127.0522948218053756_37.6616707337914249
2026-09-04T13:22:12.125893+09:00,창동 신경제 중심지,창동 신경제 중심지,POI079,KEY_4,1100032804,방학로,1100044101,도봉구-노원구,127.0513817650416115_37.6618888939088308,1100044004,상계교교차로,127.0523149905146738_37.6617776542323384,83.0,16.0,서행,127.0523149905146738_37.6617776542323384|127.0513817650416115_37.6618888939088308
2026-09-04T13:22:12.125893+09:00,창동 신경제 중심지,창동 신경제 중심지,POI079,KEY_4,1100067900,동부간선도로,1100037401,노원지하차도(북측),127.0550810735712162_37.6548136821399666,1100035501,노원지하차도(남측),127.0554050195968330_37.6508008456765353,446.0,21.0,정체,127.0554050195968330_37.6508008456765353|127.0553755713891064_37.6511968811547604|127.0553086107411360_37.6519628930263153|127.0552148689220360_37.6528133123426869|127.0551981671509765_37.6531233789090294|127.0551777961183291_37.6533602558558158|127.0551422352250341_37.6538530117120587|127.0551156205709873_37.6543608728118500|127.0550810735712162_37.6548136821399666
2026-09-04T13:22:12.125893+09:00,창동 신경제 중심지,창동 신경제 중심지,POI079,KEY_4,1100068300,동일로218길,1100190200,상계동 720,127.0634051589872087_37.6539899608348563,1100038804,한국통신상계,127.0631180288482369_37.6548015342588300,94.0,14.0,정체,127.0631180288482369_37.6548015342588300|127.0634051589872087_37.6539899608348563
2026-09-04T13:22:12.125893+09:00,창동 신경제 중심지,창동 신경제 중심지,POI079,KEY_4,1100069300,동일로,1100037200,노원역6번출구,127.0606630381764859_37.6538422534128969,1100037600,노원역7번출구,127.0600230742874572_37.6541098040533271,68.0,19.0,서행,127.0600230742874572_37.6541098040533271|127.0602705087191140_37.6541077984462618|127.0603724161650518_37.6540624530492423|127.0605252744344114_37.6539932432403148|127.0606630381764859_37.6538422534128969
2026-09-04T13:22:12.125893+09:00,창동 신경제 중심지,창동 신경제 중심지,POI079,KEY_4,1100069400,동일로,1100037900,노원역4번출구,127.0612295934649723_37.6543701129946840,1100037300,노원역5번출구,127.0607960800482061_37.6538646319994967,74.0,17.0,서행,127.0607960800482061_37.6538646319994967|127.0609302512468730_37.6542385713914243|127.0610202599500411_37.6543100403441784|127.0612295934649723_37.6543701129946840
2026-09-04T13:22:12.125893+09:00,창동 신경제 중심지,창동 신경제 중심지,POI079,KEY_4,1100069700,노해로75길,1100037004,상계6동우체국,127.0575257719759037_37.6536755591483541,1100039103,노원구보건소,127.0571232861294249_37.6549038277198562,141.0,12.5,정체,127.0571232861294249_37.6549038277198562|127.0572338384282887_37.6545664587634334|127.0573890950643516_37.6540926616434675|127.0575257719759037_37.6536755591483541
2026-09-04T13:22:12.125893+09:00,창동 신경제 중심지,창동 신경제 중심지,POI079,KEY_4,1100069800,노해로75길,1100147500,상계동 739-1,127.0575206901786345_37.6541199193935867,1100037001,상계6동우체국,127.0576567470603919_37.6537047057676091,48.0,20.0,서행,127.0576567470603919_37.6537047057676091|127.0575206901786345_37.6541199193935867
2026-09-04T13:22:12.125893+09:00,창동 신경제 중심지,창동 신경제 중심지,POI079,KEY_4,1100069900,동일로,1100037700,노원역7번출구,127.0599891684443605_37.6542145073474472,1100038700,노원역,127.0604128401212449_37.6547779132650504,77.0,19.0,서행,127.0604128401212449_37.6547779132650504|127.0603608138007559_37.6545463811312402|127.0602407202623709_37.6543485822872128|127.0599891684443605_37.6542145073474472
2026-09-04T13:22:12.125893+09:00,창동 신경제 중심지,창동 신경제 중심지,POI079,KEY_4,1100070000,동일로,1100038900,노원역3번출구,127.0605458327495398_37.6548004858661827,1100038000,노원역4번출구,127.0611922548889794_37.6544740751006302,71.0,20.0,서행,127.0611922548889794_37.6544740751006302|127.0609184791477588_37.6545103362795928|127.0607056837969111_37.6546177196376206|127.0605458327495398_37.6548004858661827
2026-09-04T13:22:12.125893+09:00,창동 신경제 중심지,창동 신경제 중심지,POI079,KEY_4,1100070100,노해로77길,1100090700,상계동 739-1,127.0590171828737880_37.6549643414511834,1100039403,상계동 739-4,127.0589001317584064_37.6552896493156339,38.0,9.0,정체,127.0589001317584064_37.6552896493156339|127.0590171828737880_37.6549643414511834
2026-09-04T13:22:12.125893+09:00,창동 신경제 중심지,창동 신경제 중심지,POI079,KEY_4,1100070200,노해로77길,1100118600,상계동 739-1,127.0593163588078909_37.6545259676868156,1100037501,현대증권빌딩,127.0594668905893343_37.6541075996395733,48.0,10.0,정체,127.0594668905893343_37.6541075996395733|127.0593163588078909_37.6545259676868156
2026-09-04T13:22:12.125893+09:00,창동 신경제 중심지,창동 신경제 중심지,POI079,KEY_4,1100070900,노해로79길,1100038304,롯데백화점(노원점),127.0617632535381034_37.6546037047608451,1100039703,상계동 689-4,127.0613196600456689_37.6558190928418952,140.0,5.0,정체,127.0613196600456689_37.6558190928418952|127.0616408947781792_37.6549389558808443|127.0617632535381034_37.6546037047608451
2026-09-04T13:22:12.125893+09:00,창동 신경제 중심지,창동 신경제 중심지,POI079,KEY_4,1100071000,노해로79길,1100146800,상계동 719-2,127.0617714966166574_37.6549690860650941,1100038301,롯데백화점(노원점),127.0618941423685868_37.6546330462088719,39.0,4.0,정체,127.0618941423685868_37.6546330462088719|127.0617714966166574_37.6549690860650941
2026-09-04T13:22:12.125893+09:00,창동 신경제 중심지,창동 신경제 중심지,POI079,KEY_4,1100072000,상계로1길,1100133400,상계동 689-4,127.0616502907192000_37.6573404427585388,1100039806,성임빌딩,127.0617837261973904_37.6560371069540665,145.0,12.0,정체,127.0617837261973904_37.6560371069540665|127.0617482803136795_37.6563984504689628|127.0617152285937692_37.6567353841633903|127.0616949446273480_37.6569243810628436|127.0616502907192000_37.6573404427585388
2026-09-04T13:22:12.125893+09:00,창동 신경제 중심지,창동 신경제 중심지,POI079,KEY_4,1100072902,상계로5길,1100039909,노원역(서울4호선),127.0640678531407275_37.6565499966003827,1100039903,노원역(서울4호선),127.0635616066518736_37.6569896866315688,103.0,7.0,정체,127.0635616066518736_37.6569896866315688|127.0640509403867071_37.6570758608014131|127.0640678531407275_37.6565499966003827
2026-09-04T13:22:12.125893+09:00,창동 신경제 중심지,창동 신경제 중심지,POI079,KEY_4,1100074000,상계로1길,1100167700,상계동 689-4,127.0615348818948007_37.6584656865977578,1100040801,상계동 689-4,127.0615955129512855_37.6578550941219987,68.0,18.5,서행,127.0615955129512855_37.6578550941219987|127.0615348818948007_37.6584656865977578
2026-09-04T13:22:12.125893+09:00,창동 신경제 중심지,창동 신경제 중심지,POI079,KEY_4,1100075500,상계로1길,1100178200,상계동 689-4,127.0613863709227473_37.6597451288931850,1100042001,상계동 581-197,127.0614905270650326_37.6588970954918310,95.0,16.0,서행,127.0614905270650326_37.6588970954918310|127.0614381565533790_37.6593087331885741|127.0613868385167962_37.6597120938858509|127.0613863709227473_37.6597451288931850
2026-09-04T13:22:12.125893+09:00,창동 신경제 중심지,창동 신경제 중심지,POI079,KEY_4,1100175201,상계로3길,1100084602,상계동358-27,127.0624343956701523_37.6567723394819467,1100039802,노원역(서울4호선),127.0625678182361469_37.6562131766042825,63.0,12.0,정체,127.0625678182361469_37.6562131766042825|127.0624343956701523_37.6567723394819467
2026-09-04T13:22:12.125893+09:00,창동 신경제 중심지,창동 신경제 중심지,POI079,KEY_4,1100077300,동부간선도로,1100044401,상계지하차도(북측),127.0522391122241714_37.6642428852886084,1100043101,상계지하차도(남측),127.0531634037664475_37.6594394033891433,543.0,30.7,서행,127.0531634037664475_37.6594394033891433|127.0530896532811340_37.6595694518560791|127.0528345285101466_37.6600327439112519|127.0527512557655996_37.6602107466547906|127.0527035847874515_37.6603661692527041|127.0526684596108140_37.6605553847439225|127.0525343977077881_37.6616883204855810|127.0524806923268812_37.6620350293671748|127.0524227298465547_37.6625594171862517|127.0523244570151604_37.6635968936766403|127.0522391122241714_37.6642428852886084
2026-09-04T13:22:12.125893+09:00,창동 신경제 중심지,창동 신경제 중심지,POI079,KEY_4,1100078000,한글비석로.노원로사이길,1100043804,상계10단지앞,127.0562460888175451_37.6614557692127931,1100045603,주공10단지앞,127.0550673599237825_37.6643601268637056,352.0,9.0,정체,127.0550673599237825_37.6643601268637056|127.0554504144861028_37.6628553024751653|127.0554784895449956_37.6627981670721965|127.0555290861939852_37.6627525265908076|127.0559344114023475_37.6625536011732436|127.0559614429086253_37.6625382320294477|127.0559763116342396_37.6625158734342236|127.0562460888175451_37.6614557692127931
2026-09-04T13:22:12.125893+09:00,창동 신경제 중심지,창동 신경제 중심지,POI079,KEY_4,1100078100,한글비석로.노원로사이길,1100045602,주공10단지앞,127.0552086527059714_37.6643501883653471,1100043801,상계10단지앞,127.0563877863022952_37.6614442102939790,352.0,14.0,정체,127.0563877863022952_37.6614442102939790|127.0561057210445455_37.6625526080223949|127.0560666734394744_37.6626113255097437|127.0560097782191491_37.6626436743361026|127.0556177444579902_37.6628360769471300|127.0555964221334904_37.6628553112325264|127.0555813803072311_37.6628859210450528|127.0552086527059714_37.6643501883653471
2026-09-04T13:22:12.125893+09:00,창동 신경제 중심지,창동 신경제 중심지,POI079,KEY_4,1100087400,노해로,1100036201,창동교앞교차로,127.0552628560590733_37.6531854240254873,1100036604,노원구청,127.0562587741318907_37.6533952787963315,91.0,27.0,원활,127.0562587741318907_37.6533952787963315|127.0552628560590733_37.6531854240254873
2026-09-04T13:22:12.125893+09:00,창동 신경제 중심지,창동 신경제 중심지,POI079,KEY_4,1100167900,노해로83길,1100038809,상계동323-18,127.0644139438269349_37.6552035258636266,1100084802,상계동327-3,127.0642491087844803_37.6557419745825896,62.0,17.0,서행,127.0642491087844803_37.6557419745825896|127.0644139438269349_37.6552035258636266
2026-09-04T13:22:12.125893+09:00,창동 신경제 중심지,창동 신경제 중심지,POI079,KEY_4,1100168000,노해로83길,1100084801,상계동327-3,127.0643820535794504_37.6557661415304850,1100038806,상계동323-18,127.0645449282982042_37.6552329602418254,61.0,14.0,정체,127.0645449282982042_37.6552329602418254|127.0643820535794504_37.6557661415304850
2026-09-04T13:22:12.125893+09:00,창동 신경제 중심지,창동 신경제 중심지,POI079,KEY_4,1100169300,노해로81길,1100134900,상계동 615-5,127.0626573457765858_37.6559156520498561,1100084701,상계동615-5,127.0627956316247662_37.6554454342408533,54.0,8.0,정체,127.0627956316247662_37.6554454342408533|127.0626573457765858_37.6559156520498561
2026-09-04T13:22:12.125893+09:00,창동 신경제 중심지,창동 신경제 중심지,POI079,KEY_4,1100169400,노해로81길,1100084702,상계동615-5,127.0626624238591944_37.6554244121967372,1100039804,노원역(서울4호선),127.0624656337716658_37.6560778831310046,75.0,16.0,서행,127.0624656337716658_37.6560778831310046|127.0625250625241307_37.6558905771274866|127.0626624238591944_37.6554244121967372
2026-09-04T13:22:12.125893+09:00,창동 신경제 중심지,창동 신경제 중심지,POI079,KEY_4,1100174501,노해로,1100085704,상계동 719-1,127.0628602342563198_37.6547483301789327,1100038302,롯데백화점(노원점),127.0619324534863210_37.6545300954822153,85.0,17.5,서행,127.0619324534863210_37.6545300954822153|127.0628602342563198_37.6547483301789327
2026-09-04T13:22:12.125893+09:00,창동 신경제 중심지,창동 신경제 중심지,POI079,KEY_4,1100174601,노해로,1100038301,롯데백화점(노원점),127.0618941423685868_37.6546330462088719,1100085705,상계동 719-1,127.0628220961756938_37.6548508193401474,85.0,12.5,정체,127.0628220961756938_37.6548508193401474|127.0618941423685868_37.6546330462088719
2026-09-04T13:22:12.125893+09:00,창동 신경제 중심지,창동 신경제 중심지,POI079,KEY_4,1100174701,노해로,1100038804,한국통신상계,127.0631180288482369_37.6548015342588300,1100085703,상계동 719-1,127.0629790946105118_37.6547750764597851,13.0,17.0,서행,127.0629790946105118_37.6547750764597851|127.0631180288482369_37.6548015342588300
2026-09-04T13:22:12.125893+09:00,창동 신경제 중심지,창동 신경제 중심지,POI079,KEY_4,1100174801,노해로,1100085702,상계동 719-1,127.0629479262245525_37.6548785327898230,1100038805,한국통신상계,127.0630856315116972_37.6549056246647567,13.0,12.0,정체,127.0630856315116972_37.6549056246647567|127.0629479262245525_37.6548785327898230
2026-09-04T13:22:12.125893+09:00,창동 신경제 중심지,창동 신경제 중심지,POI079,KEY_4,1100174901,노해로81길,1100099100,상계동 719-2,127.0627236999809924_37.6551624198149781,1100084702,상계동615-5,127.0626624238591944_37.6554244121967372,30.0,12.0,정체,127.0626624238591944_37.6554244121967372|127.0627189374265527_37.6551775017751922|127.0627236999809924_37.6551624198149781
2026-09-04T13:22:12.125893+09:00,창동 신경제 중심지,창동 신경제 중심지,POI079,KEY_4,1100175001,노해로81길,1100099000,상계동 719-2,127.0628497314139480_37.6551876316153340,1100085702,상계동 719-1,127.0629479262245525_37.6548785327898230,35.0,12.0,정체,127.0629479262245525_37.6548785327898230|127.0628497314139480_37.6551876316153340
2026-09-04T13:22:12.125893+09:00,창동 신경제 중심지,창동 신경제 중심지,POI079,KEY_4,1100175101,상계로3길,1100039805,노원역(서울4호선),127.0624372787817009_37.6561838640661151,1100084603,상계동358-27,127.0623057366666870_37.6567535624191336,64.0,12.0,정체,127.0623057366666870_37.6567535624191336|127.0624372787817009_37.6561838640661151
2026-09-04T13:22:12.125893+09:00,창동 신경제 중심지,창동 신경제 중심지,POI079,KEY_4,1100175401,상계로3길,1100085803,상계동 358-27,127.0625982048439795_37.6578902527025861,1100084601,상계동358-27,127.0624185796294512_37.6568807605413056,113.0,10.0,정체,127.0624185796294512_37.6568807605413056|127.0624179095909057_37.6569097680141525|127.0625928662779955_37.6577655585726561|127.0625982048439795_37.6578902527025861
2026-09-04T13:22:12.125893+09:00,창동 신경제 중심지,창동 신경제 중심지,POI079,KEY_4,1100175501,상계로1길,1100085804,상계동 591-23,127.0624768892574679_37.6578730477147872,1100040802,상계동 358-27,127.0616064522038613_37.6577489025194794,78.0,10.0,정체,127.0616064522038613_37.6577489025194794|127.0624768892574679_37.6578730477147872
2026-09-04T13:22:12.125893+09:00,창동 신경제 중심지,창동 신경제 중심지,POI079,KEY_4,1100175601,상계로1길,1100040801,상계동 689-4,127.0615955129512855_37.6578550941219987,1100085805,상계동 358-27,127.0624858941322515_37.6579819113351491,80.0,4.0,정체,127.0624858941322515_37.6579819113351491|127.0615955129512855_37.6578550941219987
2026-09-04T13:22:12.125893+09:00,창동 신경제 중심지,창동 신경제 중심지,POI079,KEY_4,1100175801,노해로83길,1100039907,노원역(서울4호선),127.0642133857384408_37.6564684562337533,1100084801,상계동327-3,127.0643820535794504_37.6557661415304850,79.0,7.0,정체,127.0643820535794504_37.6557661415304850|127.0642966412776644_37.6560694662661248|127.0642133857384408_37.6564684562337533
2026-09-04T13:22:12.125893+09:00,창동 신경제 중심지,창동 신경제 중심지,POI079,KEY_4,1100175901,상계로3길,1100039905,노원역(서울4호선),127.0634069365185468_37.6570838579709033,1100085803,상계동 358-27,127.0625982048439795_37.6578902527025861,173.0,3.0,정체,127.0625982048439795_37.6578902527025861|127.0626958622422791_37.6579039577551100|127.0627553022345921_37.6579176985565311|127.0628443369457869_37.6579597152952061|127.0630645388252589_37.6581092508549489|127.0631083509842227_37.6581296932254901|127.0631226416490307_37.6581094666469198|127.0634069365185468_37.6570838579709033
2026-09-04T13:22:12.125893+09:00,창동 신경제 중심지,창동 신경제 중심지,POI079,KEY_4,1100176301,상계로1길,1100156900,상계동 581-52,127.0620218332388731_37.6588304960798865,1100042002,상계동 689-4,127.0615025806987433_37.6587909756533676,46.0,14.0,정체,127.0615025806987433_37.6587909756533676|127.0617349230349475_37.6588086595681446|127.0620218332388731_37.6588304960798865
2026-09-04T13:22:12.125893+09:00,창동 신경제 중심지,창동 신경제 중심지,POI079,KEY_4,1100176401,상계로1길,1100135100,상계동 581-48,127.0617217468324327_37.6589155227401875,1100085902,상계동 690-3,127.0626532514543925_37.6589897550782453,83.0,16.0,서행,127.0626532514543925_37.6589897550782453|127.0620085000066695_37.6589383751264322|127.0617217468324327_37.6589155227401875
2026-09-04T13:22:12.125893+09:00,청담동 명품거리,청담동 명품거리,POI080,KEY_1,1220033403,선릉로,1220050904,영동고교,127.0395406419754778_37.5217105374167943,1220052203,학동사거리,127.0390906173216194_37.5231203381365219,162.0,20.0,서행,127.0390906173216194_37.5231203381365219|127.0391133064020863_37.5228990829912732|127.0395406419754778_37.5217105374167943
2026-09-04T13:22:12.125893+09:00,청담동 명품거리,청담동 명품거리,POI080,KEY_1,1220033503,선릉로,1220052202,학동사거리,127.0392236802746595_37.5231509477852043,1220050901,영동고교,127.0396699892043557_37.5217435123917369,162.0,9.0,정체,127.0396699892043557_37.5217435123917369|127.0392475112795978_37.5229185559885323|127.0392236802746595_37.5231509477852043
2026-09-04T13:22:12.125893+09:00,청담동 명품거리,청담동 명품거리,POI080,KEY_1,1220034002,삼성로,1220422300,청담동 77-102,127.0477207009805198_37.5234442307542722,1220053003,청담사거리,127.0473345858686827_37.5241777503070679,88.0,38.0,원활,127.0473345858686827_37.5241777503070679|127.0477207009805198_37.5234442307542722
2026-09-04T13:22:12.125893+09:00,청담동 명품거리,청담동 명품거리,POI080,KEY_1,1220034204,도산대로,1220393600,신사동 501-5,127.0382594965785756_37.5229821213989680,1220052204,학동사거리,127.0390861363866435_37.5232347757009777,78.0,20.0,서행,127.0390861363866435_37.5232347757009777|127.0382594965785756_37.5229821213989680
2026-09-04T13:22:12.125893+09:00,청담동 명품거리,청담동 명품거리,POI080,KEY_1,1220034601,도산대로,1220420500,청담동 77,127.0400054812010779_37.5233569151823687,1220052404,청담동 77,127.0413071564451570_37.5235176656433396,116.0,17.0,서행,127.0413071564451570_37.5235176656433396|127.0405339348501172_37.5234221784106481|127.0400054812010779_37.5233569151823687
2026-09-04T13:22:12.125893+09:00,청담동 명품거리,청담동 명품거리,POI080,KEY_1,1220034602,도산대로,1220332800,청담동 77,127.0435213934482874_37.5238023106680032,1220052604,청담동 77,127.0445564869975641_37.5239355211408920,93.0,34.0,원활,127.0445564869975641_37.5239355211408920|127.0435213934482874_37.5238023106680032
2026-09-04T13:22:12.125893+09:00,청담동 명품거리,청담동 명품거리,POI080,KEY_1,1220034603,도산대로,1220276100,청담동 77,127.0463338208116113_37.5241605900114052,1220053004,청담사거리,127.0472792767386068_37.5242802278421408,85.0,42.0,원활,127.0472792767386068_37.5242802278421408|127.0469562705251434_37.5242393555858413|127.0463338208116113_37.5241605900114052
2026-09-04T13:22:12.125893+09:00,청담동 명품거리,청담동 명품거리,POI080,KEY_1,1220034701,도산대로,1220420400,청담동 77,127.0400262819293147_37.5232500722957383,1220052202,학동사거리,127.0392236802746595_37.5231509477852043,72.0,42.0,원활,127.0392236802746595_37.5231509477852043|127.0400262819293147_37.5232500722957383
2026-09-04T13:22:12.125893+09:00,청담동 명품거리,청담동 명품거리,POI080,KEY_1,1220034702,도산대로,1220388200,청담동 77,127.0430425640729339_37.5236311625569741,1220052402,청담동 77,127.0414610013850591_37.5234275992135338,142.0,23.0,서행,127.0414610013850591_37.5234275992135338|127.0430425640729339_37.5236311625569741
2026-09-04T13:22:12.125893+09:00,청담동 명품거리,청담동 명품거리,POI080,KEY_1,1220034703,도산대로,1220334000,청담동 77,127.0455919377749296_37.5239572301738278,1220052602,청담동 77,127.0447121822128764_37.5238458928924103,79.0,16.0,서행,127.0447121822128764_37.5238458928924103|127.0452441209281318_37.5239132131085995|127.0455919377749296_37.5239572301738278
2026-09-04T13:22:12.125893+09:00,청담동 명품거리,청담동 명품거리,POI080,KEY_1,1220034801,도산대로,1220053001,청담사거리,127.0474175095661593_37.5242982591380851,1220053204,송담빌딩,127.0481486203532597_37.5243983508696317,66.0,12.0,정체,127.0481486203532597_37.5243983508696317|127.0474175095661593_37.5242982591380851
2026-09-04T13:22:12.125893+09:00,청담동 명품거리,청담동 명품거리,POI080,KEY_1,1220034901,도산대로,1220419300,청담동 77,127.0488945152498417_37.5243806678289928,1220053002,청담사거리,127.0474721597987724_37.5241960352978836,127.0,19.0,서행,127.0474721597987724_37.5241960352978836|127.0481716169773563_37.5242917934341591|127.0483069155655187_37.5243095041464656|127.0487065910878215_37.5243579088313268|127.0488945152498417_37.5243806678289928
2026-09-04T13:22:12.125893+09:00,청담동 명품거리,청담동 명품거리,POI080,KEY_1,1220035402,선릉로,1220052204,학동사거리,127.0390861363866435_37.5232347757009777,1220053403,신한양빌딩,127.0395014174557389_37.5246137310738916,158.0,6.0,정체,127.0395014174557389_37.5246137310738916|127.0393335370945920_37.5241464881978999|127.0392926724511966_37.5240305434553036|127.0391660322892449_37.5236540272358496|127.0391045399377816_37.5234487055447730|127.0390861363866435_37.5232347757009777
2026-09-04T13:22:12.125893+09:00,청담동 명품거리,청담동 명품거리,POI080,KEY_1,1220035404,선릉로,1220246500,신사동 668-5,127.0403281994726257_37.5269638204885396,1220057303,한양아파트앞교차로,127.0406204313811145_37.5277781125819700,94.0,19.0,서행,127.0406204313811145_37.5277781125819700|127.0403965205514112_37.5271541960037496|127.0403281994726257_37.5269638204885396
2026-09-04T13:22:12.125893+09:00,청담동 명품거리,청담동 명품거리,POI080,KEY_1,1220035501,선릉로,1220052702,키네마극장,127.0394238001620124_37.5240025656407425,1220052201,학동사거리,127.0392244122724463_37.5232604498081272,84.0,17.0,서행,127.0392244122724463_37.5232604498081272|127.0392392010293747_37.5234323545396080|127.0392976430606637_37.5236274895412407|127.0394238001620124_37.5240025656407425
2026-09-04T13:22:12.125893+09:00,청담동 명품거리,청담동 명품거리,POI080,KEY_1,1220035502,선릉로,1220053402,신한양빌딩,127.0396319308838002_37.5245839844116418,1220052701,키네마극장,127.0394640495580632_37.5241167418134012,54.0,14.0,정체,127.0394640495580632_37.5241167418134012|127.0396319308838002_37.5245839844116418
2026-09-04T13:22:12.125893+09:00,청담동 명품거리,청담동 명품거리,POI080,KEY_1,1220035802,압구정로,1220220700,청담동 145,127.0445468381688698_37.5267788078608433,1220056102,갤러리아주유소,127.0438011178044917_37.5269658372789365,69.0,21.0,서행,127.0438011178044917_37.5269658372789365|127.0445468381688698_37.5267788078608433
2026-09-04T13:22:12.125893+09:00,청담동 명품거리,청담동 명품거리,POI080,KEY_1,1220035803,압구정로,1220056103,갤러리아주유소,127.0436709090198946_37.5269988640954608,1220056302,압구정로데오역3번출구,127.0423691118125902_37.5273328330233085,121.0,15.7,서행,127.0423691118125902_37.5273328330233085|127.0431965413789044_37.5271205625181921|127.0436709090198946_37.5269988640954608
2026-09-04T13:22:12.125893+09:00,청담동 명품거리,청담동 명품거리,POI080,KEY_1,1220035804,압구정로,1220056303,압구정로데오역3번출구,127.0422397642238650_37.5273658980511087,1220057302,한양아파트앞교차로,127.0407498452267987_37.5277452900861377,138.0,16.0,서행,127.0407498452267987_37.5277452900861377|127.0422397642238650_37.5273658980511087
2026-09-04T13:22:12.125893+09:00,청담동 명품거리,청담동 명품거리,POI080,KEY_1,1220035901,압구정로,1220054302,갤러리미,127.0470610783825549_37.5249488711662522,1220053001,청담사거리,127.0474175095661593_37.5242982591380851,79.0,19.0,서행,127.0474175095661593_37.5242982591380851|127.0470610783825549_37.5249488711662522
2026-09-04T13:22:12.125893+09:00,청담동 명품거리,청담동 명품거리,POI080,KEY_1,1220035902,압구정로,1220334200,청담동 145,127.0467277844240357_37.5255109620662850,1220054301,갤러리미,127.0470030647285284_37.5250513268144701,57.0,19.5,서행,127.0470030647285284_37.5250513268144701|127.0467277844240357_37.5255109620662850
2026-09-04T13:22:12.125893+09:00,청담동 명품거리,청담동 명품거리,POI080,KEY_1,1220035903,압구정로,1220193500,압구정동 394,127.0432381654295426_37.5272234752543667,1220056104,갤러리아주유소,127.0437125335026849_37.5271017764067949,44.0,19.0,서행,127.0437125335026849_37.5271017764067949|127.0432381654295426_37.5272234752543667
2026-09-04T13:22:12.125893+09:00,청담동 명품거리,청담동 명품거리,POI080,KEY_1,1220036205,압구정로,1220057902,압구정로데오역6번출구,127.0391308114570563_37.5281543012393257,1220058002,뉴스포유,127.0384385465388561_37.5283499106960861,65.0,15.0,서행,127.0384385465388561_37.5283499106960861|127.0391308114570563_37.5281543012393257
2026-09-04T13:22:12.125893+09:00,청담동 명품거리,청담동 명품거리,POI080,KEY_1,1220036206,압구정로,1220235400,신사동 667-35,127.0398194246827615_37.5279804016432124,1220057902,압구정로데오역6번출구,127.0391308114570563_37.5281543012393257,64.0,23.0,서행,127.0391308114570563_37.5281543012393257|127.0398194246827615_37.5279804016432124
2026-09-04T13:22:12.125893+09:00,청담동 명품거리,청담동 명품거리,POI080,KEY_1,1220036305,압구정로,1220058001,뉴스포유,127.0384839451984220_37.5284518029265755,1220057901,압구정로데오역6번출구,127.0391740239717961_37.5282567812238455,65.0,22.0,서행,127.0391740239717961_37.5282567812238455|127.0384839451984220_37.5284518029265755
2026-09-04T13:22:12.125893+09:00,청담동 명품거리,청담동 명품거리,POI080,KEY_1,1220036306,압구정로,1220057901,압구정로데오역6번출구,127.0391740239717961_37.5282567812238455,1220057304,한양아파트앞교차로,127.0406568798343869_37.5278823322351158,138.0,14.0,정체,127.0406568798343869_37.5278823322351158|127.0398604514468985_37.5280834481610981|127.0391740239717961_37.5282567812238455
2026-09-04T13:22:12.125893+09:00,청담동 명품거리,청담동 명품거리,POI080,KEY_1,1220036500,선릉로,1220256600,압구정동 495,127.0411012237221939_37.5287721982316143,1220057301,한양아파트앞교차로,127.0407863594955415_37.5278495043803346,106.0,27.8,원활,127.0407863594955415_37.5278495043803346|127.0411012237221939_37.5287721982316143
2026-09-04T13:22:12.125893+09:00,청담동 명품거리,청담동 명품거리,POI080,KEY_1,1220094100,선릉로148길,1220273700,청담동 77-28,127.0431444223127073_37.5229457315852954,1220052603,청담동 77,127.0445781402144121_37.5238287856286306,217.0,12.5,정체,127.0445781402144121_37.5238287856286306|127.0447120599987159_37.5231471090591455|127.0443800312351357_37.5231044587397022|127.0439681977920259_37.5230515558498112|127.0435562545624606_37.5229986373450899|127.0431444223127073_37.5229457315852954
2026-09-04T13:22:12.125893+09:00,청담동 명품거리,청담동 명품거리,POI080,KEY_1,1220094400,도산대로58길,1220052402,청담동 77,127.0414610013850591_37.5234275992135338,1220052001,금구빌딩,127.0415897599450830_37.5227459992821579,77.0,11.5,정체,127.0415897599450830_37.5227459992821579|127.0414610013850591_37.5234275992135338
2026-09-04T13:22:12.125893+09:00,청담동 명품거리,청담동 명품거리,POI080,KEY_1,1220094500,도산대로58길,1220052004,금구빌딩,127.0414555227100522_37.5227299126895915,1220052403,청담동 77,127.0413269166477477_37.5234106937366789,76.0,14.0,정체,127.0413269166477477_37.5234106937366789|127.0414555227100522_37.5227299126895915
2026-09-04T13:22:12.125893+09:00,청담동 명품거리,청담동 명품거리,POI080,KEY_1,1220095300,선릉로152길,1220319500,청담동 139-1,127.0402782679631741_37.5241051716234963,1220052702,키네마극장,127.0394238001620124_37.5240025656407425,76.0,13.0,정체,127.0394238001620124_37.5240025656407425|127.0402782679631741_37.5241051716234963
2026-09-04T13:22:12.125893+09:00,청담동 명품거리,청담동 명품거리,POI080,KEY_1,1220095400,선릉로152길,1220319400,청담동 139-1,127.0402580301235815_37.5242120839654163,1220052401,청담동 77,127.0414412487968434_37.5235345793648207,176.0,13.0,정체,127.0414412487968434_37.5235345793648207|127.0413128808020531_37.5242458193041557|127.0412157654857310_37.5243077538981922|127.0411093794579500_37.5243143088269946|127.0402580301235815_37.5242120839654163
2026-09-04T13:22:12.125893+09:00,청담동 명품거리,청담동 명품거리,POI080,KEY_1,1220095900,도산대로81길,1220053204,송담빌딩,127.0481486203532597_37.5243983508696317,1220054703,청담동 119-8,127.0478075108107561_37.5250369358867317,77.0,8.0,정체,127.0478075108107561_37.5250369358867317|127.0481486203532597_37.5243983508696317
2026-09-04T13:22:12.125893+09:00,청담동 명품거리,청담동 명품거리,POI080,KEY_1,1220096000,도산대로81길,1220054702,청담동 139-19,127.0479462450272479_37.5250533970465483,1220053201,송담빌딩,127.0482865073313974_37.5244163956772354,77.0,16.0,서행,127.0482865073313974_37.5244163956772354|127.0479462450272479_37.5250533970465483
2026-09-04T13:22:12.125893+09:00,청담동 명품거리,청담동 명품거리,POI080,KEY_1,1220096600,압구정로79길,1220054703,청담동 119-8,127.0478075108107561_37.5250369358867317,1220054302,갤러리미,127.0470610783825549_37.5249488711662522,67.0,11.0,정체,127.0470610783825549_37.5249488711662522|127.0478075108107561_37.5250369358867317
2026-09-04T13:22:12.125893+09:00,청담동 명품거리,청담동 명품거리,POI080,KEY_1,1220096700,압구정로79길,1220054301,갤러리미,127.0470030647285284_37.5250513268144701,1220054704,청담동 118-22,127.0477536352439500_37.5251398799896023,67.0,15.0,서행,127.0477536352439500_37.5251398799896023|127.0470030647285284_37.5250513268144701
2026-09-04T13:22:12.125893+09:00,청담동 명품거리,청담동 명품거리,POI080,KEY_1,1220097400,압구정로79길,1220386200,청담동 139-20,127.0490025359680004_37.5251791459004878,1220054702,청담동 139-19,127.0479462450272479_37.5250533970465483,94.0,10.0,정체,127.0479462450272479_37.5250533970465483|127.0481650432785301_37.5250794452541570|127.0490025359680004_37.5251791459004878
2026-09-04T13:22:12.125893+09:00,청담동 명품거리,청담동 명품거리,POI080,KEY_1,1220097900,압구정로60길,1220206400,청담동 139-2,127.0420188424852199_37.5267405370192932,1220056303,압구정로데오역3번출구,127.0422397642238650_37.5273658980511087,72.0,13.0,정체,127.0422397642238650_37.5273658980511087|127.0420188424852199_37.5267405370192932
2026-09-04T13:22:12.125893+09:00,청담동 명품거리,청담동 명품거리,POI080,KEY_1,1220099600,도산대로81길,1220236300,청담동 139-12,127.0456724149564565_37.5272523241087086,1220057202,청담고등학교,127.0440869789984362_37.5276617362854026,147.0,7.0,정체,127.0440869789984362_37.5276617362854026|127.0455677470908142_37.5272771508824405|127.0456724149564565_37.5272523241087086
2026-09-04T13:22:12.125893+09:00,청담동 명품거리,청담동 명품거리,POI080,KEY_1,1220099700,도산대로81길,1220278300,청담동 117-11,127.0477493139133571_37.5254322932834725,1220054701,청담동 117-41,127.0478919747894366_37.5251562571136645,33.0,9.0,정체,127.0478919747894366_37.5251562571136645|127.0477493139133571_37.5254322932834725
2026-09-04T13:22:12.125893+09:00,청담동 명품거리,청담동 명품거리,POI080,KEY_1,1220100000,압구정로61길,1220057202,청담고등학교,127.0440869789984362_37.5276617362854026,1220056101,갤러리아주유소,127.0438418944384722_37.5270689653471052,69.0,15.0,서행,127.0438418944384722_37.5270689653471052|127.0440869789984362_37.5276617362854026
2026-09-04T13:22:12.125893+09:00,청담동 명품거리,청담동 명품거리,POI080,KEY_1,1220100100,압구정로61길,1220056104,갤러리아주유소,127.0437125335026849_37.5271017764067949,1220057203,청담고등학교,127.0439580323542685_37.5276955526107088,69.0,15.0,서행,127.0439580323542685_37.5276955526107088|127.0437125335026849_37.5271017764067949
2026-09-04T13:22:12.125893+09:00,청담동 명품거리,청담동 명품거리,POI080,KEY_1,1220102200,압구정로61길,1220059202,청담동146,127.0447847882395820_37.5295286080348589,1220057201,청담고등학교,127.0441233321837302_37.5277660190179034,204.0,21.0,서행,127.0441233321837302_37.5277660190179034|127.0441454282712925_37.5278450321291004|127.0447136572623634_37.5293809991963343|127.0447847882395820_37.5295286080348589
2026-09-04T13:22:12.125893+09:00,청담동 명품거리,청담동 명품거리,POI080,KEY_1,1220102300,압구정로61길,1220057204,청담고등학교,127.0439908212839555_37.5277895232034879,1220059203,청담동146,127.0446578851777844_37.5295670242574815,206.0,21.5,서행,127.0446578851777844_37.5295670242574815|127.0445849654173713_37.5294157030726865|127.0440139116746536_37.5278720932492433|127.0439908212839555_37.5277895232034879
2026-09-04T13:22:12.125893+09:00,청량리 제기동 일대 전통시장,청량리 제기동 일대 전통시장,POI081,KEY_2,1050000602,왕산로,1050126800,제기동 65,127.0362189659637409_37.5782333123089956,1050020304,롯데불로장생센터,127.0367530334879262_37.5782346903608229,47.0,27.0,원활,127.0367530334879262_37.5782346903608229|127.0365320150396542_37.5782347589657988|127.0363950854085573_37.5782343662634304|127.0362189659637409_37.5782333123089956
2026-09-04T13:22:12.125893+09:00,청량리 제기동 일대 전통시장,청량리 제기동 일대 전통시장,POI081,KEY_2,1050000603,왕산로,1050146300,경동시장교차로,127.0377568941338069_37.5782291365763186,1050020604,경동시장앞교차로,127.0382626475470005_37.5782304860527674,45.0,25.0,원활,127.0382626475470005_37.5782304860527674|127.0380992447732211_37.5782271168700461|127.0377568941338069_37.5782291365763186
2026-09-04T13:22:12.125893+09:00,청량리 제기동 일대 전통시장,청량리 제기동 일대 전통시장,POI081,KEY_2,1050000701,왕산로,1050020403,거창박물관,127.0363961067295975_37.5781262493958934,1050020202,제기동역앞교차로,127.0350186845859071_37.5781180002810231,122.0,7.0,정체,127.0350186845859071_37.5781180002810231|127.0362199874640794_37.5781251955479050|127.0363961067295975_37.5781262493958934
2026-09-04T13:22:12.125893+09:00,청량리 제기동 일대 전통시장,청량리 제기동 일대 전통시장,POI081,KEY_2,1050000702,왕산로,1050020603,경동시장앞교차로,127.0382559889091851_37.5781221935232352,1050020402,거창박물관,127.0365319622162446_37.5781266396877953,152.0,3.0,정체,127.0365319622162446_37.5781266396877953|127.0367529803449287_37.5781265710830752|127.0368879977427383_37.5781261359952481|127.0377558874124730_37.5781210203146117|127.0381005006231021_37.5781189872597778|127.0382559889091851_37.5781221935232352
2026-09-04T13:22:12.125893+09:00,청량리 제기동 일대 전통시장,청량리 제기동 일대 전통시장,POI081,KEY_2,1050000805,왕산로,1050078400,용두동 237-10,127.0328437287515158_37.5782055282031209,1050020204,제기동역앞교차로,127.0348721570958048_37.5782248982015759,179.0,14.0,정체,127.0348721570958048_37.5782248982015759|127.0342286216703940_37.5782181034275240|127.0340930330730203_37.5782167762136936|127.0333561954754202_37.5782101437556761|127.0328437287515158_37.5782055282031209
2026-09-04T13:22:12.125893+09:00,청량리 제기동 일대 전통시장,청량리 제기동 일대 전통시장,POI081,KEY_2,1050012300,정릉천동로,1050205500,최소노드배치점,127.0352557866026046_37.5805209542112593,1050024903,삼일교교차로,127.0358838975770226_37.5827936480942881,258.0,21.5,서행,127.0358838975770226_37.5827936480942881|127.0357438615155417_37.5822893839192602|127.0356813917577767_37.5820644305913447|127.0356167000519463_37.5818314745652486|127.0354643794722023_37.5812829594291102|127.0352557866026046_37.5805209542112593
2026-09-04T13:22:12.125893+09:00,청량리 제기동 일대 전통시장,청량리 제기동 일대 전통시장,POI081,KEY_2,1050000903,왕산로,1050134300,용두동 237-10,127.0333577323084455_37.5781020315640149,1050019000,용두동 237-10,127.0310923042340221_37.5778729830476337,203.0,40.0,원활,127.0310923042340221_37.5778729830476337|127.0311897460573789_37.5778996024433667|127.0313725461128769_37.5779446496631593|127.0314865147686163_37.5779727357437210|127.0316987920672602_37.5780149121333054|127.0318449369934228_37.5780381337654461|127.0322289141872574_37.5780798528057787|127.0323768897642651_37.5780921361113442|127.0327721188330088_37.5780967572699751|127.0328452663248271_37.5780974162274575|127.0333577323084455_37.5781020315640149
2026-09-04T13:22:12.125893+09:00,청량리 제기동 일대 전통시장,청량리 제기동 일대 전통시장,POI081,KEY_2,1050000904,왕산로,1050020203,제기동역앞교차로,127.0348828212866437_37.5781168818358680,1050020102,제기동역(서울1호선),127.0342304242250435_37.5781099935200587,58.0,20.0,서행,127.0342304242250435_37.5781099935200587|127.0348828212866437_37.5781168818358680
2026-09-04T13:22:12.125893+09:00,청량리 제기동 일대 전통시장,청량리 제기동 일대 전통시장,POI081,KEY_2,1050001001,왕산로,1050058500,제기동 65,127.0401839283384646_37.5786651080944338,1050022504,우리은행청량리중앙지,127.0412171089013640_37.5789936056868541,98.0,9.0,정체,127.0412171089013640_37.5789936056868541|127.0401839283384646_37.5786651080944338
2026-09-04T13:22:12.125893+09:00,청량리 제기동 일대 전통시장,청량리 제기동 일대 전통시장,POI081,KEY_2,1050001002,왕산로,1050022501,우리은행청량리중앙지,127.0413432654145964_37.5790337160642736,1050022904,성바오로병원앞교차로,127.0424652197496442_37.5793904239257515,107.0,8.0,정체,127.0424652197496442_37.5793904239257515|127.0413432654145964_37.5790337160642736
2026-09-04T13:22:12.125893+09:00,청량리 제기동 일대 전통시장,청량리 제기동 일대 전통시장,POI081,KEY_2,1050001102,왕산로,1050106000,용두동 47-1,127.0389112712416306_37.5781951845056170,1050020602,경동시장앞교차로,127.0383924185722861_37.5781286412846640,46.0,14.0,정체,127.0383924185722861_37.5781286412846640|127.0385129351531077_37.5781383554420785|127.0387260227668236_37.5781649344333673|127.0389112712416306_37.5781951845056170
2026-09-04T13:22:12.125893+09:00,청량리 제기동 일대 전통시장,청량리 제기동 일대 전통시장,POI081,KEY_2,1050001201,왕산로,1050157100,청량리동 819,127.0443155962862960_37.5799691385054686,1050023304,청량리역교차로,127.0450836083853687_37.5802111516784834,73.0,6.0,정체,127.0450836083853687_37.5802111516784834|127.0449207607042013_37.5801564626971896|127.0443155962862960_37.5799691385054686
2026-09-04T13:22:12.125893+09:00,청량리 제기동 일대 전통시장,청량리 제기동 일대 전통시장,POI081,KEY_2,1050001300,왕산로,1050125800,전농동 620-67,127.0435716348771962_37.5796223090761288,1050022902,성바오로병원앞교차로,127.0426423168874948_37.5793300644201622,88.0,28.0,원활,127.0426423168874948_37.5793300644201622|127.0435716348771962_37.5796223090761288
2026-09-04T13:22:12.125893+09:00,청량리 제기동 일대 전통시장,청량리 제기동 일대 전통시장,POI081,KEY_2,1050001401,왕산로,1050023301,청량리역교차로,127.0452125325349328_37.5802545562535357,1050023700,청량리역,127.0459363049394881_37.5806812079750898,80.0,8.0,정체,127.0459363049394881_37.5806812079750898|127.0457255197295297_37.5805163728220961|127.0454714752361554_37.5803608251852310|127.0453261446361637_37.5802928641571015|127.0452125325349328_37.5802545562535357
2026-09-04T13:22:12.125893+09:00,청량리 제기동 일대 전통시장,청량리 제기동 일대 전통시장,POI081,KEY_2,1050001501,왕산로,1050034502,청량리역,127.0459964287098984_37.5805780358841730,1050023302,청량리역교차로,127.0452326500566897_37.5801439168176401,84.0,23.0,서행,127.0452326500566897_37.5801439168176401|127.0453873160173117_37.5801960676144873|127.0455476013765690_37.5802710217187794|127.0458149484949075_37.5804347135205106|127.0459964287098984_37.5805780358841730
2026-09-04T13:22:12.125893+09:00,청량리 제기동 일대 전통시장,청량리 제기동 일대 전통시장,POI081,KEY_2,1050001502,왕산로,1050048500,전농동 620-67,127.0464947999503522_37.5810643971102678,1050034501,청량리역,127.0460892333836540_37.5806594998506540,57.0,32.0,원활,127.0460892333836540_37.5806594998506540|127.0463540022838913_37.5809185817681310|127.0464947999503522_37.5810643971102678
2026-09-04T13:22:12.125893+09:00,청량리 제기동 일대 전통시장,청량리 제기동 일대 전통시장,POI081,KEY_2,1050010501,고산자로,1050105600,용두동 47-1,127.0382217953188473_37.5775822640354562,1050020603,경동시장앞교차로,127.0382559889091851_37.5781221935232352,60.0,18.0,서행,127.0382559889091851_37.5781221935232352|127.0382217953188473_37.5775822640354562
2026-09-04T13:22:12.125893+09:00,청량리 제기동 일대 전통시장,청량리 제기동 일대 전통시장,POI081,KEY_2,1050010900,답십리로,1050017604,전농동 673,127.0457576196628935_37.5768828489976059,1050022903,성바오로병원앞교차로,127.0425156165576084_37.5792900196769892,399.0,15.0,서행,127.0425156165576084_37.5792900196769892|127.0426056919961582_37.5791458580297046|127.0430899902156057_37.5785181606433483|127.0432300333997233_37.5783654927604331|127.0433326010899009_37.5782738231559179|127.0435590272505948_37.5781070243800386|127.0441283095776015_37.5777284584770896|127.0443449053242659_37.5776121265381136|127.0457576196628935_37.5768828489976059
2026-09-04T13:22:12.125893+09:00,청량리 제기동 일대 전통시장,청량리 제기동 일대 전통시장,POI081,KEY_2,1050011000,답십리로,1050022902,성바오로병원앞교차로,127.0426423168874948_37.5793300644201622,1050017601,전농동 588-176,127.0458409183235062_37.5769687193368966,392.0,13.5,정체,127.0458409183235062_37.5769687193368966|127.0444198690210698_37.5777022995842671|127.0442100713277256_37.5778149800870054|127.0436487758609871_37.5781882356696144|127.0434296937124969_37.5783496241472719|127.0433358702342588_37.5784334799077229|127.0432029140465886_37.5785784210990315|127.0427246324008195_37.5791983213650767|127.0426423168874948_37.5793300644201622
2026-09-04T13:22:12.125893+09:00,청량리 제기동 일대 전통시장,청량리 제기동 일대 전통시장,POI081,KEY_2,1050012400,정릉천동로,1050161300,제기동 891-2,127.0353295952309054_37.5802826594421475,1050020201,제기동역앞교차로,127.0350088500129999_37.5782260634865750,231.0,19.0,서행,127.0350088500129999_37.5782260634865750|127.0349716319646660_37.5784669023516287|127.0349890060903988_37.5786412323471524|127.0351327525282130_37.5795110371786407|127.0352012851466128_37.5798139264052011|127.0353295952309054_37.5802826594421475
2026-09-04T13:22:12.125893+09:00,청량리 제기동 일대 전통시장,청량리 제기동 일대 전통시장,POI081,KEY_2,1050012500,고산자로,1050050200,제기동 856,127.0385240878603810_37.5824894518006971,1050003703,제기사거리,127.0385501171187173_37.5829003676783273,46.0,15.3,서행,127.0385501171187173_37.5829003676783273|127.0385240878603810_37.5824894518006971
2026-09-04T13:22:12.125893+09:00,청량리 제기동 일대 전통시장,청량리 제기동 일대 전통시장,POI081,KEY_2,1050012600,고산자로,1050101400,제기동 856,127.0384331056866500_37.5788111183911084,1050020601,경동시장앞교차로,127.0383990846547846_37.5782378507115453,64.0,15.0,서행,127.0383990846547846_37.5782378507115453|127.0384331056866500_37.5788111183911084
2026-09-04T13:22:12.125893+09:00,청량리 제기동 일대 전통시장,청량리 제기동 일대 전통시장,POI081,KEY_2,1050013102,홍릉로,1050090300,청량리동 819,127.0443578463446528_37.5826518145000961,1050003803,동대문경찰서앞교차로,127.0442216705502148_37.5830737817513381,48.0,11.0,정체,127.0442216705502148_37.5830737817513381|127.0443578463446528_37.5826518145000961
2026-09-04T13:22:12.125893+09:00,청량리 제기동 일대 전통시장,청량리 제기동 일대 전통시장,POI081,KEY_2,1050013201,홍릉로,1050023900,청량리역2번출구,127.0450753633898699_37.5808453639440785,1050023301,청량리역교차로,127.0452125325349328_37.5802545562535357,67.0,27.0,원활,127.0452125325349328_37.5802545562535357|127.0451539497365872_37.5805498205869384|127.0450753633898699_37.5808453639440785
2026-09-04T13:22:12.125893+09:00,청량리 제기동 일대 전통시장,청량리 제기동 일대 전통시장,POI081,KEY_2,1050013202,홍릉로,1050151800,청량리동 819,127.0449903248618995_37.5811265490759752,1050023900,청량리역2번출구,127.0450753633898699_37.5808453639440785,32.0,18.0,서행,127.0450753633898699_37.5808453639440785|127.0450486820941194_37.5809457078844105|127.0449903248618995_37.5811265490759752
2026-09-04T13:22:12.125893+09:00,청량리 제기동 일대 전통시장,청량리 제기동 일대 전통시장,POI081,KEY_2,1050013500,약령시로,1050048900,제기동 55-11,127.0350291400294651_37.5828772563283451,1050024904,삼일교교차로,127.0359134734853370_37.5829026882320463,78.0,17.0,서행,127.0359134734853370_37.5829026882320463|127.0350291400294651_37.5828772563283451
2026-09-04T13:22:12.125893+09:00,청량리 제기동 일대 전통시장,청량리 제기동 일대 전통시장,POI081,KEY_2,1050013701,약령시로,1050114900,제기동 888-1,127.0366790136575901_37.5829254133888497,1050025004,제기동주민센터,127.0372114253206632_37.5829412517639199,47.0,18.0,서행,127.0372114253206632_37.5829412517639199|127.0366790136575901_37.5829254133888497
2026-09-04T13:22:12.125893+09:00,청량리 제기동 일대 전통시장,청량리 제기동 일대 전통시장,POI081,KEY_2,1050013702,약령시로,1050108800,제기동 852-1,127.0380271771814904_37.5829817223960205,1050003704,제기사거리,127.0385512936609018_37.5830087754357365,46.0,11.0,정체,127.0385512936609018_37.5830087754357365|127.0380271771814904_37.5829817223960205
2026-09-04T13:22:12.125893+09:00,청량리 제기동 일대 전통시장,청량리 제기동 일대 전통시장,POI081,KEY_2,1050013801,약령시로,1050115000,제기동 888-1,127.0366840889514464_37.5828173691781373,1050024902,삼일교교차로,127.0360241678695701_37.5827977342635364,58.0,8.0,정체,127.0360241678695701_37.5827977342635364|127.0366840889514464_37.5828173691781373
2026-09-04T13:22:12.125893+09:00,청량리 제기동 일대 전통시장,청량리 제기동 일대 전통시장,POI081,KEY_2,1050013802,약령시로,1050108900,제기동 852-1,127.0380359706663143_37.5828738295813238,1050025002,제기동주민센터,127.0373532285007769_37.5828385857854954,60.0,6.0,정체,127.0373532285007769_37.5828385857854954|127.0380359706663143_37.5828738295813238
2026-09-04T13:22:12.125893+09:00,청량리 제기동 일대 전통시장,청량리 제기동 일대 전통시장,POI081,KEY_2,1050013901,약령시로,1050116700,제기동 856,127.0392148170582942_37.5830357530155155,1050025204,제기동 856,127.0404427896859261_37.5830841700302614,109.0,5.0,정체,127.0404427896859261_37.5830841700302614|127.0392148170582942_37.5830357530155155
2026-09-04T13:22:12.125893+09:00,청량리 제기동 일대 전통시장,청량리 제기동 일대 전통시장,POI081,KEY_2,1050013902,약령시로,1050098700,제기동 851,127.0435420817761809_37.5831645498471261,1050003804,동대문경찰서앞교차로,127.0441863415581878_37.5831810520431091,57.0,21.0,서행,127.0441863415581878_37.5831810520431091|127.0435420817761809_37.5831645498471261
2026-09-04T13:22:12.125893+09:00,청량리 제기동 일대 전통시장,청량리 제기동 일대 전통시장,POI081,KEY_2,1050014001,약령시로,1050116800,제기동 856,127.0392215406190388_37.5829277664627526,1050003702,제기사거리,127.0386865463234329_37.5829066687372162,47.0,21.0,서행,127.0386865463234329_37.5829066687372162|127.0392215406190388_37.5829277664627526
2026-09-04T13:22:12.125893+09:00,청량리 제기동 일대 전통시장,청량리 제기동 일대 전통시장,POI081,KEY_2,1050014002,약령시로,1050176000,제기동 851,127.0417333242454845_37.5830100259550690,1050025202,제기동 851,127.0405836866488585_37.5829805524707936,102.0,15.7,서행,127.0405836866488585_37.5829805524707936|127.0417333242454845_37.5830100259550690
2026-09-04T13:22:12.125893+09:00,청량리 제기동 일대 전통시장,청량리 제기동 일대 전통시장,POI081,KEY_2,1050014100,약령시로,1050113000,청량리동 341,127.0447216570387070_37.5831596059123498,1050003802,동대문경찰서앞교차로,127.0443568554020004_37.5830895270839775,33.0,18.0,서행,127.0443568554020004_37.5830895270839775|127.0447216570387070_37.5831596059123498
2026-09-04T13:22:12.125893+09:00,청량리 제기동 일대 전통시장,청량리 제기동 일대 전통시장,POI081,KEY_2,1050014800,정릉천동로,1050026302,제1제기교,127.0370689820156684_37.5865134563592207,1050024901,삼일교교차로,127.0360532926812027_37.5829067961363137,410.0,18.0,서행,127.0360532926812027_37.5829067961363137|127.0362840868141774_37.5837924163304962|127.0364223970758530_37.5843231402711382|127.0365653935191546_37.5848428358730189|127.0368585806838979_37.5859083501086104|127.0368601461181015_37.5859140391972204|127.0370123109445331_37.5863739268343124|127.0370689820156684_37.5865134563592207
2026-09-04T13:22:12.125893+09:00,청량리 제기동 일대 전통시장,청량리 제기동 일대 전통시장,POI081,KEY_2,1050015000,고산자로,1050142100,제기동 856,127.0386654248391096_37.5834463439167905,1050003701,제기사거리,127.0386869518905115_37.5830149361830195,48.0,14.0,정체,127.0386869518905115_37.5830149361830195|127.0386654248391096_37.5834463439167905
2026-09-04T13:22:12.125893+09:00,청량리 제기동 일대 전통시장,청량리 제기동 일대 전통시장,POI081,KEY_2,1050015200,홍릉로,1050043600,청량리동 819,127.0441470586146124_37.5837202265381336,1050003801,동대문경찰서앞교차로,127.0443225336728830_37.5831941589460072,60.0,25.0,원활,127.0443225336728830_37.5831941589460072|127.0441470586146124_37.5837202265381336
2026-09-04T13:22:12.125893+09:00,청량리 제기동 일대 전통시장,청량리 제기동 일대 전통시장,POI081,KEY_2,1050038801,왕산로26길,1050017509,롯데캐슬피렌체아파트,127.0363596099260519_37.5768867509562057,1050020403,거창박물관,127.0363961067295975_37.5781262493958934,138.0,9.0,정체,127.0363961067295975_37.5781262493958934|127.0363926283433500_37.5776676586342973|127.0363892401854429_37.5775808494227732|127.0363723353722065_37.5771477220653836|127.0363625354396362_37.5768966303587888|127.0363596099260519_37.5768867509562057
2026-09-04T13:22:12.125893+09:00,청량리 제기동 일대 전통시장,청량리 제기동 일대 전통시장,POI081,KEY_2,1050039400,정릉천동로,1050017505,용두동롯데캐슬피렌체,127.0349257620474077_37.5769109727254005,1050020203,제기동역앞교차로,127.0348828212866437_37.5781168818358680,134.0,25.0,원활,127.0348828212866437_37.5781168818358680|127.0349044161978327_37.5775104349118649|127.0349257620474077_37.5769109727254005
2026-09-04T13:22:12.125893+09:00,청량리 제기동 일대 전통시장,청량리 제기동 일대 전통시장,POI081,KEY_2,1050043000,왕산로40길,1050092800,전농동 620-67,127.0452389886980740_37.5796623142503634,1050023303,청량리역교차로,127.0451025223220682_37.5801001523242419,51.0,8.0,정체,127.0451025223220682_37.5801001523242419|127.0451306248033916_37.5799177490329157|127.0451915069077273_37.5797132983468032|127.0452389886980740_37.5796623142503634
2026-09-04T13:22:12.125893+09:00,청량리 제기동 일대 전통시장,청량리 제기동 일대 전통시장,POI081,KEY_2,1050043100,왕산로40길,1050023302,청량리역교차로,127.0452326500566897_37.5801439168176401,1050034502,청량리역,127.0459964287098984_37.5805780358841730,313.0,19.0,서행,127.0459964287098984_37.5805780358841730|127.0462134258658864_37.5804642171059839|127.0467519950169333_37.5801486599193879|127.0465904637121071_37.5799179657545039|127.0464096144275743_37.5797880929598165|127.0462896809750504_37.5796751734410890|127.0460360832012157_37.5793543331836020|127.0453706247479317_37.5797025411493024|127.0453481299126395_37.5797266950808577|127.0453172628219534_37.5797598387271634|127.0452645517941335_37.5799368537845808|127.0452326500566897_37.5801439168176401
2026-09-04T13:22:12.125893+09:00,청량리 제기동 일대 전통시장,청량리 제기동 일대 전통시장,POI081,KEY_2,1050043700,약령중앙로,1050136600,제기동 852-2,127.0371102410108080_37.5816901819596154,1050025003,제기동주민센터,127.0372164998460960_37.5828332075310030,127.0,13.0,정체,127.0372164998460960_37.5828332075310030|127.0371481924258319_37.5820984291408351|127.0371102410108080_37.5816901819596154
2026-09-04T13:22:12.125893+09:00,청량리 제기동 일대 전통시장,청량리 제기동 일대 전통시장,POI081,KEY_2,1050043800,약령중앙로,1050070200,제기동 852-2,127.0369355547791486_37.5787829052107085,1050020301,롯데불로장생센터,127.0368890032088984_37.5782342522715140,61.0,11.5,정체,127.0368890032088984_37.5782342522715140|127.0369001369950013_37.5784260066059730|127.0369355547791486_37.5787829052107085
2026-09-04T13:22:12.125893+09:00,청량리 제기동 일대 전통시장,청량리 제기동 일대 전통시장,POI081,KEY_2,1050043900,왕산로,1050023900,청량리역2번출구,127.0450753633898699_37.5808453639440785,1050023700,청량리역,127.0459363049394881_37.5806812079750898,89.0,15.0,서행,127.0459363049394881_37.5806812079750898|127.0457671019444490_37.5806231686130943|127.0455753907062331_37.5806137075688440|127.0454166401437845_37.5806233039696735|127.0452968380994321_37.5806448053648339|127.0452159765178664_37.5806686748574208|127.0451438136422837_37.5807199771276288|127.0450753633898699_37.5808453639440785
2026-09-04T13:22:12.125893+09:00,청량리 제기동 일대 전통시장,청량리 제기동 일대 전통시장,POI081,KEY_2,1050044000,경동시장로,1050022504,우리은행청량리중앙지,127.0412171089013640_37.5789936056868541,1050025203,제기동 856,127.0404479224436187_37.5829761201516064,453.0,4.0,정체,127.0404479224436187_37.5829761201516064|127.0405098512004685_37.5809077018177717|127.0405554658246388_37.5803867009460362|127.0405836228622434_37.5802621243739949|127.0412171089013640_37.5789936056868541
2026-09-04T13:22:12.125893+09:00,청량리 제기동 일대 전통시장,청량리 제기동 일대 전통시장,POI081,KEY_2,1050044100,경동시장로,1050025202,제기동 851,127.0405836866488585_37.5829805524707936,1050022501,우리은행청량리중앙지,127.0413432654145964_37.5790337160642736,449.0,8.0,정체,127.0413432654145964_37.5790337160642736|127.0407149128103441_37.5802919597220040|127.0406904784571651_37.5804000684794488|127.0406455938563397_37.5809127502758429|127.0405836866488585_37.5829805524707936
2026-09-04T13:22:12.125893+09:00,청량리 제기동 일대 전통시장,청량리 제기동 일대 전통시장,POI081,KEY_2,1050044600,경동시장로,1050025204,제기동 856,127.0404427896859261_37.5830841700302614,1050026603,홍파초등학교,127.0403012084238696_37.5866159039440646,392.0,19.5,서행,127.0403012084238696_37.5866159039440646|127.0403184677534369_37.5860259300612398|127.0403559575042465_37.5844098204635699|127.0404427896859261_37.5830841700302614
2026-09-04T13:22:12.125893+09:00,청량리 제기동 일대 전통시장,청량리 제기동 일대 전통시장,POI081,KEY_2,1050044700,경동시장로,1050026602,홍파초등학교,127.0404369915547704_37.5866199724589833,1050025201,제기동 851,127.0405785429013292_37.5830885957993956,392.0,18.0,서행,127.0405785429013292_37.5830885957993956|127.0404917522584469_37.5844136329136163|127.0404543019615033_37.5860281856233982|127.0404369915547704_37.5866199724589833
2026-09-04T13:22:12.125893+09:00,청량리 제기동 일대 전통시장,청량리 제기동 일대 전통시장,POI081,KEY_2,1050059900,내부순환도로,1050179100,최소노드배치점,127.0352570949029030_37.5825551594173248,1050012900,마장IC,127.0344965668106454_37.5761957617566935,712.0,72.0,원활,127.0344965668106454_37.5761957617566935|127.0344491702681466_37.5772966870719074|127.0344435741412923_37.5781192801891137|127.0344796246944128_37.5787124796680345|127.0345335200423591_37.5791540194540943|127.0346112952546775_37.5796808600876844|127.0346768953482268_37.5799603111151086|127.0350191756218408_37.5814101648819303|127.0352570949029030_37.5825551594173248
2026-09-04T13:22:12.125893+09:00,청량리 제기동 일대 전통시장,청량리 제기동 일대 전통시장,POI081,KEY_2,1050060101,-,1050036003,전농동127-389,127.0499263689543596_37.5814016936830058,1050037403,청량리역(수인분당선),127.0471606779858860_37.5811540252545413,288.0,13.0,정체,127.0471606779858860_37.5811540252545413|127.0473278168176137_37.5811400190891831|127.0473759430348792_37.5811413305516595|127.0475025711721884_37.5811542089216104|127.0475894915639117_37.5811782025109267|127.0476593937288925_37.5812072007199589|127.0480393625438609_37.5814661039841980|127.0482393918822481_37.5816319286635903|127.0485065989905564_37.5818092770515761|127.0485744130471630_37.5818326335519615|127.0486386899868592_37.5818554130329190|127.0487404980783452_37.5818760821781552|127.0488105330437207_37.5818831098210921|127.0488792111226104_37.5818805559182678|127.0489854936958380_37.5818634984007289|127.0490791331249198_37.5818300560716310|127.0491537006067517_37.5817897803673446|127.0499263689543596_37.5814016936830058
2026-09-04T13:22:12.125893+09:00,청량리 제기동 일대 전통시장,청량리 제기동 일대 전통시장,POI081,KEY_2,1050060201,-,1050037402,청량리역(수인분당선),127.0471671635029765_37.5812520714926137,1050036004,전농동127-389,127.0499983666957178_37.5814941008551173,293.0,14.0,정체,127.0499983666957178_37.5814941008551173|127.0491763974471553_37.5818997182524726|127.0491004748329402_37.5819298484461868|127.0490430204891226_37.5819493464040448|127.0489579426685083_37.5819715551703055|127.0488771840946782_37.5819819500620511|127.0488163090418112_37.5819817166671228|127.0487193550828380_37.5819779662423628|127.0486366391591844_37.5819607499304880|127.0485426382687422_37.5819367302948706|127.0484388505621496_37.5818923926919268|127.0481321778835451_37.5816861626856848|127.0479159156196118_37.5815123886431479|127.0475457612450043_37.5812692961718327|127.0474814676848894_37.5812493335069817|127.0474086008562153_37.5812422935980166|127.0473427885541184_37.5812392241968638|127.0472500176778254_37.5812461927108643|127.0471671635029765_37.5812520714926137
2026-09-04T13:22:12.125893+09:00,해방촌·경리단길,해방촌·경리단길,POI082,KEY_3,1020011903,녹사평대로,1020026002,이태원지하차도,126.9868116742945574_37.5363328242444823,1020028303,재정관리단앞교차로,126.9867451943054704_37.5383435465004709,224.0,40.0,원활,126.9867451943054704_37.5383435465004709|126.9866790861609331_37.5379776086191654|126.9866715093699838_37.5377196225374448|126.9866809795197611_37.5374744033153647|126.9866829093340925_37.5374244326751736|126.9867579204266832_37.5367885280276852|126.9868116742945574_37.5363328242444823
2026-09-04T13:22:12.125893+09:00,해방촌·경리단길,해방촌·경리단길,POI082,KEY_3,1020015000,회나무로,1020099800,이태원동 304-4,126.9886622424707525_37.5388582477845034,1020028302,재정관리단앞교차로,126.9868728727705331_37.5382909807264369,172.0,21.0,서행,126.9868728727705331_37.5382909807264369|126.9870379365778064_37.5382894090684971|126.9872177584471302_37.5383221593059204|126.9876117945158995_37.5384384195195295|126.9881427963085230_37.5386249180070450|126.9885780415344669_37.5388089154147053|126.9886622424707525_37.5388582477845034
2026-09-04T13:22:12.125893+09:00,해방촌·경리단길,해방촌·경리단길,POI082,KEY_3,1020021201,녹사평대로,1020030701,남산3호터널(남측),126.9885345116869644_37.5441997782690322,1020038300,이태원주공아파트105동,126.9885630019689273_37.5429566236067345,139.0,51.0,원활,126.9885630019689273_37.5429566236067345|126.9886252484286189_37.5434097368701032|126.9886061462605227_37.5437918660155177|126.9885345116869644_37.5441997782690322
2026-09-04T13:22:12.125893+09:00,해방촌·경리단길,해방촌·경리단길,POI082,KEY_3,1020015702,녹사평대로,1020028304,재정관리단앞교차로,126.9868014972725092_37.5386413609384206,1020029801,남산2호터널지하차도(남측),126.9880584405187562_37.5419881693523365,388.0,13.0,정체,126.9880584405187562_37.5419881693523365|126.9877986497125733_37.5413125110144321|126.9875498051758598_37.5406653094598894|126.9873701670335180_37.5402197026677626|126.9873034215915197_37.5400541338267928|126.9870673703858444_37.5394685786494975|126.9869350653526254_37.5391403748739023|126.9869241553577126_37.5391133107524411|126.9868014972725092_37.5386413609384206
2026-09-04T13:22:12.125893+09:00,해방촌·경리단길,해방촌·경리단길,POI082,KEY_3,1020015801,녹사평대로,1020065200,이태원동 685,126.9870643464237645_37.5391073289917188,1020028301,재정관리단앞교차로,126.9868922851884747_37.5383989232431858,80.0,46.0,원활,126.9868922851884747_37.5383989232431858|126.9869259230508476_37.5385866123729457|126.9870556490550086_37.5390857537338931|126.9870643464237645_37.5391073289917188
2026-09-04T13:22:12.125893+09:00,해방촌·경리단길,해방촌·경리단길,POI082,KEY_3,1020016901,신흥로,1020191300,용산동2가 18-2,126.9860049971300100_37.5454163852097054,1020032202,해방촌오거리,126.9853598311598830_37.5457921931329466,71.0,17.3,서행,126.9853598311598830_37.5457921931329466|126.9855691282656949_37.5457147141711900|126.9856022324781719_37.5456920562460326|126.9860049971300100_37.5454163852097054
2026-09-04T13:22:12.125893+09:00,해방촌·경리단길,해방촌·경리단길,POI082,KEY_3,1020016902,소월로20길,1020032204,해방촌오거리,126.9852831271626599_37.5459398212019693,1020032504,용산2가동주민센터앞교차로,126.9851223484754286_37.5465573437204512,71.0,13.0,정체,126.9851223484754286_37.5465573437204512|126.9851464015547862_37.5464616656656602|126.9852404969048507_37.5463259230407260|126.9852837713250295_37.5459635844615391|126.9852831271626599_37.5459398212019693
2026-09-04T13:22:12.125893+09:00,해방촌·경리단길,해방촌·경리단길,POI082,KEY_3,1020017002,신흥로,1020046800,용산동2가 45-16,126.9875544530639218_37.5424716848103230,1020028304,재정관리단앞교차로,126.9868014972725092_37.5386413609384206,440.0,18.0,서행,126.9868014972725092_37.5386413609384206|126.9867113647514145_37.5389657094815306|126.9866271706916052_37.5393079157990144|126.9865735456826030_37.5395258726953713|126.9865618560741041_37.5396150055004227|126.9865756752825234_37.5397207952903855|126.9866726034883584_37.5400718647083238|126.9868966945001745_37.5405598127963955|126.9869836970594150_37.5408346985654759|126.9872201539195231_37.5413974276192022|126.9872239610144504_37.5414096617493271|126.9873176908194239_37.5417108619235762|126.9874712155967700_37.5422042074613316|126.9875544530639218_37.5424716848103230
2026-09-04T13:22:12.125893+09:00,해방촌·경리단길,해방촌·경리단길,POI082,KEY_3,1020017003,소월로20길,1020032503,용산2가동주민센터앞교차로,126.9852924555416394_37.5464747175834503,1020032201,해방촌오거리,126.9854176004788400_37.5458900415257588,67.0,12.0,정체,126.9854176004788400_37.5458900415257588|126.9854197016928907_37.5459675495017891|126.9853730083114414_37.5463585106443389|126.9852924555416394_37.5464747175834503
2026-09-04T13:22:12.125893+09:00,해방촌·경리단길,해방촌·경리단길,POI082,KEY_3,1020017601,녹사평대로58길,1020030902,주공이태원아파트,126.9890205413680206_37.5433967778131361,1020038300,이태원주공아파트105동,126.9885630019689273_37.5429566236067345,63.0,44.7,원활,126.9885630019689273_37.5429566236067345|126.9890205413680206_37.5433967778131361
2026-09-04T13:22:12.125893+09:00,해방촌·경리단길,해방촌·경리단길,POI082,KEY_3,1020018400,신흥로,1020180700,용산동2가 1-1600,126.9824734614724235_37.5446883683947803,1020032203,해방촌오거리,126.9852246416165826_37.5458422381929395,305.0,14.0,정체,126.9852246416165826_37.5458422381929395|126.9851109695849374_37.5457644329875748|126.9849640542287830_37.5456474178329813|126.9848578594547632_37.5455243854437128|126.9846662180806760_37.5451642034092785|126.9846095453935959_37.5450974743415458|126.9844754338979413_37.5450337903787315|126.9841448941342605_37.5449677149289158|126.9834261944490663_37.5447995195147044|126.9833705983433845_37.5447980836145234|126.9832401625668012_37.5448257591879653|126.9829850632019799_37.5449045988834627|126.9828958861069026_37.5449045860000936|126.9827806661271694_37.5448786916551640|126.9824734614724235_37.5446883683947803
2026-09-04T13:22:12.125893+09:00,해방촌·경리단길,해방촌·경리단길,POI082,KEY_3,1020019100,소월로,1020197900,용산동2가 48-5,126.9873684771307438_37.5459531342061368,1020032503,용산2가동주민센터앞교차로,126.9852924555416394_37.5464747175834503,193.0,40.7,원활,126.9852924555416394_37.5464747175834503|126.9854160959703222_37.5464172539021490|126.9856026132817277_37.5463430281642374|126.9859444255285581_37.5462580240463808|126.9873565735092455_37.5459537252957105|126.9873684771307438_37.5459531342061368
2026-09-04T13:22:12.125893+09:00,해방촌·경리단길,해방촌·경리단길,POI082,KEY_3,1020020600,소월로,1020202300,최소노드배치점,126.9837884104005923_37.5493862278245416,1020032501,용산2가동주민센터앞교차로,126.9852054592412998_37.5466428470561624,347.0,37.0,원활,126.9852054592412998_37.5466428470561624|126.9847717560129610_37.5469101027995720|126.9845864439278529_37.5470281015069958|126.9845268187721672_37.5471032424247397|126.9844952209674034_37.5472121780575918|126.9844980284595692_37.5480374474067204|126.9844853903748287_37.5481855176849422|126.9844160179153931_37.5483837291718459|126.9842770429615655_37.5486147709639155|126.9839523254951814_37.5490296975246878|126.9837884104005923_37.5493862278245416
2026-09-04T13:22:12.125893+09:00,해방촌·경리단길,해방촌·경리단길,POI082,KEY_3,1020021101,녹사평대로,1020029801,남산2호터널지하차도(남측),126.9880584405187562_37.5419881693523365,1020030702,남산3호터널(남측),126.9884022250705016_37.5441768004450580,248.0,48.0,원활,126.9884022250705016_37.5441768004450580|126.9884707342777546_37.5437822058713024|126.9884891708638435_37.5434134105737201|126.9884317961847557_37.5429844688311434|126.9883423732940742_37.5427173217743189|126.9881927118278497_37.5423329861134789|126.9880584405187562_37.5419881693523365
2026-09-04T13:22:12.125893+09:00,해방촌·경리단길,해방촌·경리단길,POI082,KEY_3,1020047100,녹사평대로,1020029801,남산2호터널지하차도(남측),126.9880584405187562_37.5419881693523365,1020031300,남산2호터널지하차도(북측),126.9893791606359770_37.5439513185613407,253.0,42.0,원활,126.9893791606359770_37.5439513185613407|126.9883602227382369_37.5429687555737317|126.9882771228937486_37.5427322935318131|126.9880584405187562_37.5419881693523365
2026-09-04T13:22:12.125893+09:00,DDP(동대문디자인플라자),DDP(동대문디자인플라자),POI083,KEY_4,1010010601,마른내로,1010134000,광희동1가 235-6,127.0062746188617808_37.5646055130078267,1010023000,광희동1가169-1,127.0066022342274863_37.5645458036535800,30.0,10.0,정체,127.0066022342274863_37.5645458036535800|127.0063686118675577_37.5645902274929711|127.0062746188617808_37.5646055130078267
2026-09-04T13:22:12.125893+09:00,DDP(동대문디자인플라자),DDP(동대문디자인플라자),POI083,KEY_4,1010011501,을지로,1010025400,한양공고앞,127.0104615863536850_37.5651414229202487,1010025702,동대문역사문화공원역앞교차로,127.0098092568797057_37.5653495503264523,62.0,20.0,서행,127.0098092568797057_37.5653495503264523|127.0104018007762932_37.5651601202690344|127.0104615863536850_37.5651414229202487
2026-09-04T13:22:12.125893+09:00,DDP(동대문디자인플라자),DDP(동대문디자인플라자),POI083,KEY_4,1010011602,을지로,1010025701,동대문역사문화공원역앞교차로,127.0098839022084150_37.5654422003783637,1010024401,한양공고앞,127.0114159293672458_37.5649391116953026,146.0,17.0,서행,127.0114159293672458_37.5649391116953026|127.0111804215872553_37.5650327842942460|127.0105112526830311_37.5652420552738704|127.0104519446709617_37.5652606030398672|127.0098839022084150_37.5654422003783637
2026-09-04T13:22:12.125893+09:00,DDP(동대문디자인플라자),DDP(동대문디자인플라자),POI083,KEY_4,1010011901,장충단로,1010022104,광희동사거리,127.0071286778296695_37.5642723681278099,1010024100,광희동2가9,127.0072910181171153_37.5647498099421497,55.0,13.0,정체,127.0072910181171153_37.5647498099421497|127.0072564348693760_37.5646568662029168|127.0071286778296695_37.5642723681278099
2026-09-04T13:22:12.125893+09:00,DDP(동대문디자인플라자),DDP(동대문디자인플라자),POI083,KEY_4,1010011902,장충단로,1010024100,광희동2가9,127.0072910181171153_37.5647498099421497,1010025603,동대문역사문화공원,127.0075096102102208_37.5653372838946922,68.0,26.0,원활,127.0075096102102208_37.5653372838946922|127.0072910181171153_37.5647498099421497
2026-09-04T13:22:12.125893+09:00,DDP(동대문디자인플라자),DDP(동대문디자인플라자),POI083,KEY_4,1010011904,장충단로,1010026800,동대문역사문화공원,127.0076027310937263_37.5655895835695972,1010027503,동대문역사문화공원앞교차로,127.0077423203471056_37.5659686340729024,44.0,13.0,정체,127.0077423203471056_37.5659686340729024|127.0076027310937263_37.5655895835695972
2026-09-04T13:22:12.125893+09:00,DDP(동대문디자인플라자),DDP(동대문디자인플라자),POI083,KEY_4,1010012001,장충단로,1010023800,광희동2가9,127.0074212496598989_37.5647191039854818,1010022101,광희동사거리,127.0072731356478073_37.5642842960486263,50.0,12.0,정체,127.0072731356478073_37.5642842960486263|127.0073872334830867_37.5646276838331019|127.0074212496598989_37.5647191039854818
2026-09-04T13:22:12.125893+09:00,DDP(동대문디자인플라자),DDP(동대문디자인플라자),POI083,KEY_4,1010012002,장충단로,1010025602,동대문역사문화공원,127.0076398432787244_37.5653065784687641,1010023800,광희동2가9,127.0074212496598989_37.5647191039854818,68.0,21.0,서행,127.0074212496598989_37.5647191039854818|127.0076398432787244_37.5653065784687641
2026-09-04T13:22:12.125893+09:00,DDP(동대문디자인플라자),DDP(동대문디자인플라자),POI083,KEY_4,1010012004,장충단로,1010027502,동대문역사문화공원앞교차로,127.0078734506891323_37.5659403597718651,1010026500,동대문역사문화공원,127.0077330726616651_37.5655591691889441,44.0,7.0,정체,127.0077330726616651_37.5655591691889441|127.0078734506891323_37.5659403597718651
2026-09-04T13:22:12.125893+09:00,DDP(동대문디자인플라자),DDP(동대문디자인플라자),POI083,KEY_4,1010013301,을지로,1010026900,동대문역사문화공원,127.0084142117340065_37.5657933815894935,1010027502,동대문역사문화공원앞교차로,127.0078734506891323_37.5659403597718651,51.0,14.0,정체,127.0078734506891323_37.5659403597718651|127.0080862909446040_37.5658896606162571|127.0084142117340065_37.5657933815894935
2026-09-04T13:22:12.125893+09:00,DDP(동대문디자인플라자),DDP(동대문디자인플라자),POI083,KEY_4,1010013302,을지로,1010080900,을지로7가 112-3,127.0088653110683481_37.5656507823329591,1010026900,동대문역사문화공원,127.0084142117340065_37.5657933815894935,43.0,12.0,정체,127.0084142117340065_37.5657933815894935|127.0084667296888910_37.5657779617922074|127.0088653110683481_37.5656507823329591
2026-09-04T13:22:12.125893+09:00,DDP(동대문디자인플라자),DDP(동대문디자인플라자),POI083,KEY_4,1010013401,을지로,1010027501,동대문역사문화공원앞교차로,127.0079126423696891_37.5660438810911330,1010025704,동대문역사문화공원역앞교차로,127.0097555715754112_37.5654831945412937,174.0,8.3,정체,127.0097555715754112_37.5654831945412937|127.0096128053100841_37.5655287500039421|127.0089158485056231_37.5657511395251831|127.0085155097829670_37.5658788797530079|127.0084612158882180_37.5658948204746821|127.0081293049191800_37.5659922730020028|127.0079126423696891_37.5660438810911330
2026-09-04T13:22:12.125893+09:00,DDP(동대문디자인플라자),DDP(동대문디자인플라자),POI083,KEY_4,1010014502,을지로45길,1010025704,동대문역사문화공원역앞교차로,127.0097555715754112_37.5654831945412937,1010031203,신당동 251-159,127.0125199832589118_37.5670528209413206,317.0,17.0,서행,127.0125199832589118_37.5670528209413206|127.0124748534802706_37.5669451006742108|127.0123969525654672_37.5668174774060688|127.0123025116707964_37.5666983314770420|127.0121971172845576_37.5665907571920030|127.0120637838956981_37.5664864490764074|127.0119132422724846_37.5664083993704807|127.0117389300272777_37.5663307203448511|127.0115558621243821_37.5662698698201609|127.0113306725807121_37.5662120107637136|127.0106272887382772_37.5660711531911673|127.0104211268278505_37.5660237206134866|127.0102552544842212_37.5659567055388024|127.0101066121111302_37.5658730843004420|127.0099898103265588_37.5657739315167234|127.0097555715754112_37.5654831945412937
2026-09-04T13:22:12.125893+09:00,DDP(동대문디자인플라자),DDP(동대문디자인플라자),POI083,KEY_4,1010014503,을지로45길,1010031204,신당동 251-159,127.0125599243742585_37.5672394044600324,1010031813,운동장평화시장,127.0124984243057042_37.5678383411287697,68.0,17.0,서행,127.0124984243057042_37.5678383411287697|127.0125278070149193_37.5678140109252396|127.0125545329192533_37.5677608060890265|127.0125807604174355_37.5676720254815848|127.0125874088479208_37.5675818531156409|127.0125803643056344_37.5674031656770779|127.0125599243742585_37.5672394044600324
2026-09-04T13:22:12.125893+09:00,DDP(동대문디자인플라자),DDP(동대문디자인플라자),POI083,KEY_4,1010014602,을지로45길,1010031202,신당동 251-159,127.0126037267031904_37.5669109428648440,1010025701,동대문역사문화공원역앞교차로,127.0098839022084150_37.5654422003783637,305.0,26.0,원활,127.0098839022084150_37.5654422003783637|127.0100974157430329_37.5657072126138019|127.0101962625768266_37.5657911237929127|127.0103255593623715_37.5658638616798513|127.0104711638876438_37.5659226884021962|127.0106627259196870_37.5659667614976271|127.0113681429240273_37.5661080259160514|127.0116029740556911_37.5661683625948655|127.0117984706255356_37.5662333437737743|127.0119835625390436_37.5663158266306780|127.0121493010753682_37.5664017556969796|127.0122987151525393_37.5665186435508005|127.0124137776696784_37.5666360853386863|127.0125158379894970_37.5667648439987900|127.0126009014704351_37.5669041991938073|127.0126037267031904_37.5669109428648440
2026-09-04T13:22:12.125893+09:00,DDP(동대문디자인플라자),DDP(동대문디자인플라자),POI083,KEY_4,1010014603,을지로45길,1010031812,운동장평화시장,127.0126485643679786_37.5678648322467907,1010031201,신당동 199-6,127.0126632942662184_37.5670642770788277,90.0,11.0,정체,127.0126632942662184_37.5670642770788277|127.0126915510936527_37.5672094829220882|127.0127159720722574_37.5673958521818534|127.0127233647992000_37.5675833278878599|127.0127156707868608_37.5676876829484456|127.0126844296511024_37.5677934334783714|127.0126485643679786_37.5678648322467907
2026-09-04T13:22:12.125893+09:00,DDP(동대문디자인플라자),DDP(동대문디자인플라자),POI083,KEY_4,1010014905,을지로,1010027503,동대문역사문화공원앞교차로,127.0077423203471056_37.5659686340729024,1010027300,동대문역사문화공원,127.0072093223593868_37.5660721727252351,48.0,14.0,정체,127.0072093223593868_37.5660721727252351|127.0077423203471056_37.5659686340729024
2026-09-04T13:22:12.125893+09:00,DDP(동대문디자인플라자),DDP(동대문디자인플라자),POI083,KEY_4,1010015005,을지로,1010028100,동대문역사문화공원,127.0072415247333453_37.5661772097702809,1010027504,동대문역사문화공원앞교차로,127.0077815127893501_37.5660723132225556,49.0,28.0,원활,127.0077815127893501_37.5660723132225556|127.0072415247333453_37.5661772097702809
2026-09-04T13:22:12.125893+09:00,DDP(동대문디자인플라자),DDP(동대문디자인플라자),POI083,KEY_4,1010017301,장충단로,1010027504,동대문역사문화공원앞교차로,127.0077815127893501_37.5660723132225556,1010028800,동대문역사문화공원,127.0080565712496110_37.5666288866091591,67.0,6.0,정체,127.0080565712496110_37.5666288866091591|127.0079624699871488_37.5664856769850175|127.0078715207442457_37.5663037548790442|127.0077815127893501_37.5660723132225556
2026-09-04T13:22:12.125893+09:00,DDP(동대문디자인플라자),DDP(동대문디자인플라자),POI083,KEY_4,1010017302,장충단로,1010143800,을지로6가 18-11,127.0082819372846643_37.5669476563761933,1010031703,을지로6가 18-11,127.0088451603658086_37.5677293203079117,100.0,10.0,정체,127.0088451603658086_37.5677293203079117|127.0082819372846643_37.5669476563761933
2026-09-04T13:22:12.125893+09:00,DDP(동대문디자인플라자),DDP(동대문디자인플라자),POI083,KEY_4,1010017303,장충단로,1010151400,을지로6가 18-11,127.0092239635291378_37.5682916548078154,1010033603,흥인시장,127.0095744381944343_37.5688379054322823,68.0,17.0,서행,127.0095744381944343_37.5688379054322823|127.0095441539168775_37.5687836818919578|127.0094685009096480_37.5686576314897209|127.0092239635291378_37.5682916548078154
2026-09-04T13:22:12.125893+09:00,DDP(동대문디자인플라자),DDP(동대문디자인플라자),POI083,KEY_4,1010017401,장충단로,1010031702,을지로6가 18-198,127.0089629856017694_37.5676755281945915,1010027501,동대문역사문화공원앞교차로,127.0079126423696891_37.5660438810911330,204.0,29.0,원활,127.0079126423696891_37.5660438810911330|127.0079996952631092_37.5662677235432056|127.0080860788338697_37.5664405124682617|127.0081769300446410_37.5665787757523901|127.0082204295207475_37.5666449752098757|127.0083997623679863_37.5668938645087991|127.0089629856017694_37.5676755281945915
2026-09-04T13:22:12.125893+09:00,DDP(동대문디자인플라자),DDP(동대문디자인플라자),POI083,KEY_4,1010017402,장충단로,1010033602,흥인시장,127.0096784540469628_37.5687579872561841,1010031701,을지로6가 18-11,127.0090328345347217_37.5677753546081874,123.0,17.0,서행,127.0090328345347217_37.5677753546081874|127.0093438877200214_37.5682408851308693|127.0095898005743607_37.5686089201824345|127.0096675199618375_37.5687384094390211|127.0096784540469628_37.5687579872561841
2026-09-04T13:22:12.125893+09:00,DDP(동대문디자인플라자),DDP(동대문디자인플라자),POI083,KEY_4,1010017405,장충단로,1010034701,청계6가사거리,127.0098099727011487_37.5696292980751281,1010033601,흥인시장,127.0097254442646317_37.5688636970958783,86.0,7.0,정체,127.0097254442646317_37.5688636970958783|127.0097710903643389_37.5690379675287076|127.0098052651739948_37.5692398786983972|127.0098225114876840_37.5694298296446618|127.0098099727011487_37.5696292980751281
2026-09-04T13:22:12.125893+09:00,DDP(동대문디자인플라자),DDP(동대문디자인플라자),POI083,KEY_4,1010017900,마장로,1010031811,운동장평화시장,127.0125602184103286_37.5679573189645097,1010032004,흥인사거리,127.0159347353495747_37.5680686203623893,300.0,21.8,서행,127.0159347353495747_37.5680686203623893|127.0156884666647272_37.5680616007632224|127.0144660810207995_37.5680903184376831|127.0138825710250785_37.5680999453562308|127.0137456855287041_37.5680989709988395|127.0136150764297582_37.5680980411691650|127.0132103478226497_37.5680672217406553|127.0129104055784666_37.5680323170113368|127.0127590991973818_37.5680014116303767|127.0127288182885081_37.5679952265176880|127.0125602184103286_37.5679573189645097
2026-09-04T13:22:12.125893+09:00,DDP(동대문디자인플라자),DDP(동대문디자인플라자),POI083,KEY_4,1010018000,마장로,1010140800,신당동 208-5,127.0127928615110591_37.5678966848153522,1010031812,운동장평화시장,127.0126485643679786_37.5678648322467907,13.0,13.0,정체,127.0126485643679786_37.5678648322467907|127.0127641662878943_37.5678908234252873|127.0127928615110591_37.5678966848153522
2026-09-04T13:22:12.125893+09:00,DDP(동대문디자인플라자),DDP(동대문디자인플라자),POI083,KEY_4,1010018701,마장로,1010152800,신당동 204-97,127.0117072992637475_37.5679805134442333,1010031814,운동장평화시장,127.0124154726912309_37.5679435535466197,63.0,21.5,서행,127.0124154726912309_37.5679435535466197|127.0122590074739151_37.5679378566801887|127.0120605595701875_37.5679355192139823|127.0119126210582579_37.5679377984365175|127.0117849221734048_37.5679599090739913|127.0117072992637475_37.5679805134442333
2026-09-04T13:22:12.125893+09:00,DDP(동대문디자인플라자),DDP(동대문디자인플라자),POI083,KEY_4,1010018702,마장로,1010033601,흥인시장,127.0097254442646317_37.5688636970958783,1010031806,신당동 220-37,127.0108933564805653_37.5683374957941965,119.0,4.0,정체,127.0108933564805653_37.5683374957941965|127.0103128324394817_37.5685983229940632|127.0098862405464928_37.5687745410715479|127.0097254442646317_37.5688636970958783
2026-09-04T13:22:12.125893+09:00,DDP(동대문디자인플라자),DDP(동대문디자인플라자),POI083,KEY_4,1010018801,마장로,1010031805,신당동 222-3,127.0108265877144618_37.5682433405487259,1010033602,흥인시장,127.0096784540469628_37.5687579872561841,117.0,6.0,정체,127.0096784540469628_37.5687579872561841|127.0098158423830341_37.5686818101705882|127.0102481441824267_37.5685032330426054|127.0108265877144618_37.5682433405487259
2026-09-04T13:22:12.125893+09:00,DDP(동대문디자인플라자),DDP(동대문디자인플라자),POI083,KEY_4,1010018802,마장로,1010031813,운동장평화시장,127.0124984243057042_37.5678383411287697,1010031804,신당동 204-25,127.0109614857434366_37.5681827306582221,145.0,11.0,정체,127.0109614857434366_37.5681827306582221|127.0116044562520585_37.5678938389136974|127.0116643298441801_37.5678779462685810|127.0117488970436739_37.5678554989719800|127.0118967207613707_37.5678299039982804|127.0120602489677566_37.5678273844402426|127.0122631167441938_37.5678297737057392|127.0124984243057042_37.5678383411287697
2026-09-04T13:22:12.125893+09:00,DDP(동대문디자인플라자),DDP(동대문디자인플라자),POI083,KEY_4,1010018902,마장로1길,1010031814,운동장평화시장,127.0124154726912309_37.5679435535466197,1010031809,신당동222-8,127.0122750629742399_37.5683759183048167,50.0,5.0,정체,127.0122750629742399_37.5683759183048167|127.0123180657187021_37.5681383238811932|127.0123497877902849_37.5680414779446536|127.0124154726912309_37.5679435535466197
2026-09-04T13:22:12.125893+09:00,DDP(동대문디자인플라자),DDP(동대문디자인플라자),POI083,KEY_4,1010019001,마장로1길,1010031808,신당동222-8,127.0124095059075984_37.5683913354501371,1010031811,운동장평화시장,127.0125602184103286_37.5679573189645097,51.0,21.0,서행,127.0125602184103286_37.5679573189645097|127.0124771732185138_37.5680811245796917|127.0124514225665706_37.5681597391732680|127.0124095059075984_37.5683913354501371
2026-09-04T13:22:12.125893+09:00,DDP(동대문디자인플라자),DDP(동대문디자인플라자),POI083,KEY_4,1010037500,퇴계로,1010022000,광희동1가202-5,127.0064842473273927_37.5641466003637774,1010022800,동대문역사문화공원역(서울5호선),127.0065706763448077_37.5644406429326594,48.0,17.0,서행,127.0065706763448077_37.5644406429326594|127.0066811536361087_37.5643775516764293|127.0066907310278452_37.5643088952173088|127.0066691623191701_37.5642345191936187|127.0066041857510015_37.5641759869182650|127.0064842473273927_37.5641466003637774
2026-09-04T13:22:12.125893+09:00,DDP(동대문디자인플라자),DDP(동대문디자인플라자),POI083,KEY_4,1010038000,장충단로,1010023800,광희동2가9,127.0074212496598989_37.5647191039854818,1010022600,동대문역사문화공원역(서울4호선),127.0077454141687099_37.5643181758701132,63.0,17.0,서행,127.0077454141687099_37.5643181758701132|127.0075819683701184_37.5643336340610148|127.0075100991725066_37.5643889445091830|127.0074478177686927_37.5644766757582289|127.0073975133061595_37.5645491496537787|127.0074212496598989_37.5647191039854818
2026-09-04T13:22:12.125893+09:00,DDP(동대문디자인플라자),DDP(동대문디자인플라자),POI083,KEY_4,1010038700,마른내로,1010023000,광희동1가169-1,127.0066022342274863_37.5645458036535800,1010024100,광희동2가9,127.0072910181171153_37.5647498099421497,71.0,12.0,정체,127.0072910181171153_37.5647498099421497|127.0070884576186359_37.5645796826538856|127.0069375173959259_37.5645243848659760|127.0068231515665786_37.5645069004905352|127.0066022342274863_37.5645458036535800
2026-09-04T13:22:12.125893+09:00,DDP(동대문디자인플라자),DDP(동대문디자인플라자),POI083,KEY_4,1010040800,을지로,1010026900,동대문역사문화공원,127.0084142117340065_37.5657933815894935,1010026500,동대문역사문화공원,127.0077330726616651_37.5655591691889441,68.0,17.0,서행,127.0077330726616651_37.5655591691889441|127.0079381871399988_37.5656946131292102|127.0081740368883487_37.5657810133705610|127.0084142117340065_37.5657933815894935
2026-09-04T13:22:12.125893+09:00,DDP(동대문디자인플라자),DDP(동대문디자인플라자),POI083,KEY_4,1010041000,장충단로,1010026800,동대문역사문화공원,127.0076027310937263_37.5655895835695972,1010027300,동대문역사문화공원,127.0072093223593868_37.5660721727252351,68.0,13.0,정체,127.0072093223593868_37.5660721727252351|127.0074103827092529_37.5659777349919963|127.0075077022791419_37.5658704535518240|127.0075937893706595_37.5657363546045602|127.0076027310937263_37.5655895835695972
2026-09-04T13:22:12.125893+09:00,DDP(동대문디자인플라자),DDP(동대문디자인플라자),POI083,KEY_4,1010041500,퇴계로71길,1010024504,성동여자실업고교앞,127.0122824244794231_37.5649718786512210,1010031202,신당동 251-159,127.0126037267031904_37.5669109428648440,244.0,13.0,정체,127.0126037267031904_37.5669109428648440|127.0126412307703134_37.5668474033094597|127.0126698024754859_37.5667546274016004|127.0127005738834924_37.5665576114049742|127.0127364488098749_37.5663279184632444|127.0127338355630116_37.5663230668818073|127.0123319930443841_37.5662096732445008|127.0122708949118078_37.5661506328379602|127.0122755975942681_37.5650242043360834|127.0122824244794231_37.5649718786512210
2026-09-04T13:22:12.125893+09:00,DDP(동대문디자인플라자),DDP(동대문디자인플라자),POI083,KEY_4,1010041800,을지로,1010028100,동대문역사문화공원,127.0072415247333453_37.5661772097702809,1010028800,동대문역사문화공원,127.0080565712496110_37.5666288866091591,89.0,17.0,서행,127.0080565712496110_37.5666288866091591|127.0077173922156106_37.5663889362043406|127.0073916863854606_37.5661982459288595|127.0072415247333453_37.5661772097702809
2026-09-04T13:22:12.125893+09:00,DDP(동대문디자인플라자),DDP(동대문디자인플라자),POI083,KEY_4,1010044900,장충단로13길,1010031901,현대시티아울렛(동대문점),127.0078041379920819_37.5680116507579029,1010031704,을지로6가 18-11,127.0089129103870960_37.5678261241420017,100.0,16.0,서행,127.0089129103870960_37.5678261241420017|127.0087521862193825_37.5678639356992790|127.0078041379920819_37.5680116507579029
2026-09-04T13:22:12.125893+09:00,DMC(디지털미디어시티),DMC(디지털미디어시티),POI084,KEY_1,1110086500,증산로,1130046402,은평구-마포구,126.9017527415007578_37.5765539742255541,1110005500,증산교,126.9034752758808793_37.5781798772630822,236.0,22.5,서행,126.9034752758808793_37.5781798772630822|126.9026029745643172_37.5773591500215929|126.9017527415007578_37.5765539742255541
2026-09-04T13:22:12.125893+09:00,DMC(디지털미디어시티),DMC(디지털미디어시티),POI084,KEY_1,1130007102,증산로,1130043500,성산동491-1,126.8990562961894852_37.5737647959106411,1130044402,증산지하차도(남측),126.8995968764490669_37.5743540467505426,81.0,22.0,서행,126.8995968764490669_37.5743540467505426|126.8992398926530143_37.5739603793572670|126.8990562961894852_37.5737647959106411
2026-09-04T13:22:12.125893+09:00,DMC(디지털미디어시티),DMC(디지털미디어시티),POI084,KEY_1,1110086400,증산로,1110025301,증산지하차도(북측),126.9039758261172608_37.5784870932225132,1130046401,은평구-마포구,126.9018567383502045_37.5764844121927837,291.0,54.5,원활,126.9018567383502045_37.5764844121927837|126.9027068325619041_37.5772894554844186|126.9035789940010091_37.5781100503089647|126.9039758261172608_37.5784870932225132
2026-09-04T13:22:12.125893+09:00,DMC(디지털미디어시티),DMC(디지털미디어시티),POI084,KEY_1,1130007202,증산로,1130044401,증산지하차도(남측),126.8997070239019962_37.5742907695769190,1130044100,성산동488-2,126.8993493776716974_37.5738963850184291,54.0,48.0,원활,126.8993493776716974_37.5738963850184291|126.8997070239019962_37.5742907695769190
2026-09-04T13:22:12.125893+09:00,DMC(디지털미디어시티),DMC(디지털미디어시티),POI084,KEY_1,1130007501,증산로,1130044402,증산지하차도(남측),126.8995968764490669_37.5743540467505426,1130046402,은평구-마포구,126.9017527415007578_37.5765539742255541,310.0,21.0,서행,126.9017527415007578_37.5765539742255541|126.9006134456184895_37.5754750169051093|126.8995968764490669_37.5743540467505426
2026-09-04T13:22:12.125893+09:00,DMC(디지털미디어시티),DMC(디지털미디어시티),POI084,KEY_1,1130007601,증산로,1130046401,은평구-마포구,126.9018567383502045_37.5764844121927837,1130044401,증산지하차도(남측),126.8997070239019962_37.5742907695769190,309.0,54.0,원활,126.8997070239019962_37.5742907695769190|126.9007206641610566_37.5754085065304366|126.9018567383502045_37.5764844121927837
2026-09-04T13:22:12.125893+09:00,DMC(디지털미디어시티),DMC(디지털미디어시티),POI084,KEY_1,1130023901,성암로,1130045102,중동교,126.9008492951027023_37.5752640367100312,1130003202,중동교,126.9005739786039442_37.5754350244651292,31.0,40.0,원활,126.9005739786039442_37.5754350244651292|126.9008492951027023_37.5752640367100312
2026-09-04T13:22:12.125893+09:00,DMC(디지털미디어시티),DMC(디지털미디어시티),POI084,KEY_1,1130023902,성암로,1130044702,중동교,126.9013932137603007_37.5749262274768512,1130045102,중동교,126.9008492951027023_37.5752640367100312,61.0,41.0,원활,126.9008492951027023_37.5752640367100312|126.9013932137603007_37.5749262274768512
2026-09-04T13:22:12.125893+09:00,DMC(디지털미디어시티),DMC(디지털미디어시티),POI084,KEY_1,1130024001,성암로,1130003201,중동교,126.9006575479311749_37.5755202637415948,1130045101,중동교,126.9009328670204440_37.5753492743804642,31.0,48.0,원활,126.9009328670204440_37.5753492743804642|126.9006575479311749_37.5755202637415948
2026-09-04T13:22:12.125893+09:00,DMC(디지털미디어시티),DMC(디지털미디어시티),POI084,KEY_1,1130024002,성암로,1130045101,중동교,126.9009328670204440_37.5753492743804642,1130044701,중동교,126.9014751720981593_37.5750124364249984,61.0,48.0,원활,126.9014751720981593_37.5750124364249984|126.9009328670204440_37.5753492743804642
2026-09-04T13:22:12.125893+09:00,DMC(디지털미디어시티),DMC(디지털미디어시티),POI084,KEY_1,1130024500,월드컵로,1130042904,월드컵파크3단지교차로,126.8880419598859106_37.5730202691865927,1130007302,디지털미디어시티입구교차로,126.8865044792722472_37.5740977172547161,181.0,29.0,원활,126.8865044792722472_37.5740977172547161|126.8871887145199224_37.5736835642442912|126.8876417608668987_37.5733592229529521|126.8880419598859106_37.5730202691865927
2026-09-04T13:22:12.125893+09:00,DMC(디지털미디어시티),DMC(디지털미디어시티),POI084,KEY_1,1130024600,월드컵로,1130007301,디지털미디어시티입구교차로,126.8865867067047475_37.5741837779433610,1130042901,월드컵파크3단지교차로,126.8881409491589523_37.5730943102150050,183.0,34.0,원활,126.8881409491589523_37.5730943102150050|126.8877368451630474_37.5734365727853401|126.8872753969699261_37.5737669286614562|126.8865867067047475_37.5741837779433610
2026-09-04T13:22:12.125893+09:00,DMC(디지털미디어시티),DMC(디지털미디어시티),POI084,KEY_1,1130024700,매봉산로,1130042901,월드컵파크3단지교차로,126.8881409491589523_37.5730943102150050,1130044603,월드컵파크2단지사거리,126.8900041088949990_37.5748995117424016,259.0,18.5,서행,126.8900041088949990_37.5748995117424016|126.8887517450962719_37.5736649009094705|126.8882989940305492_37.5732185545011106|126.8881409491589523_37.5730943102150050
2026-09-04T13:22:12.125893+09:00,DMC(디지털미디어시티),DMC(디지털미디어시티),POI084,KEY_1,1130025000,상암산로,1130045802,월드컵파크4단지앞교차로,126.8883797106704350_37.5759449782012638,1130007301,디지털미디어시티입구교차로,126.8865867067047475_37.5741837779433610,252.0,20.5,서행,126.8865867067047475_37.5741837779433610|126.8883797106704350_37.5759449782012638
2026-09-04T13:22:12.125893+09:00,DMC(디지털미디어시티),DMC(디지털미디어시티),POI084,KEY_1,1130025302,성중길,1130007104,중암교앞교차로,126.9003625466799292_37.5723898224647499,1130045702,서대문구-마포구,126.9024294366205226_37.5761197309857309,466.0,26.0,원활,126.9024294366205226_37.5761197309857309|126.9018138955969306_37.5755687499806541|126.9015618580273497_37.5753284999021275|126.9015478912081676_37.5753035295780435|126.9013739001951961_37.5749924613626689|126.9010880430100201_37.5745239321889599|126.9010138467866540_37.5744247403146971|126.9008681130194560_37.5742299100118871|126.9006382435482010_37.5739161941188797|126.9004842258342904_37.5736112507413580|126.9004169598244971_37.5732829734208806|126.9003697155043966_37.5725880171336186|126.9003625466799292_37.5723898224647499
2026-09-04T13:22:12.125893+09:00,DMC(디지털미디어시티),DMC(디지털미디어시티),POI084,KEY_1,1130025401,성중길,1130110700,중동 89-7,126.9011305691405198_37.5743694314635519,1130007101,중암교앞교차로,126.9004948048543895_37.5722892982473482,243.0,23.0,서행,126.9004948048543895_37.5722892982473482|126.9005054484899944_37.5725835401371313|126.9005522055344244_37.5732713168361343|126.9006158741737522_37.5735820315699272|126.9007605822510385_37.5738685434168076|126.9009851491210696_37.5741750196416930|126.9011305691405198_37.5743694314635519
2026-09-04T13:22:12.125893+09:00,DMC(디지털미디어시티),DMC(디지털미디어시티),POI084,KEY_1,1130025504,월드컵북로,1130227400,상암동 1715,126.8928691721298350_37.5767846610504463,1130046802,상암초교앞교차로,126.8923681066395375_37.5770772862630835,55.0,23.0,서행,126.8923681066395375_37.5770772862630835|126.8928691721298350_37.5767846610504463
2026-09-04T13:22:12.125893+09:00,DMC(디지털미디어시티),DMC(디지털미디어시티),POI084,KEY_1,1130025601,월드컵북로,1130043400,상암동24-59,126.8984326017897075_37.5737046034107323,1130043204,상암사거리,126.8988065387872979_37.5734987293495166,40.0,35.0,원활,126.8988065387872979_37.5734987293495166|126.8984326017897075_37.5737046034107323
2026-09-04T13:22:12.125893+09:00,DMC(디지털미디어시티),DMC(디지털미디어시티),POI084,KEY_1,1130025602,월드컵북로,1130044206,서울시시설관리공단,126.8974443493847133_37.5742486819677097,1130043400,상암동24-59,126.8984326017897075_37.5737046034107323,106.0,39.0,원활,126.8984326017897075_37.5737046034107323|126.8974443493847133_37.5742486819677097
2026-09-04T13:22:12.125893+09:00,DMC(디지털미디어시티),DMC(디지털미디어시티),POI084,KEY_1,1130025604,월드컵북로,1130232200,상암동 37-2,126.8939439911347620_37.5762910507855992,1130045604,월드컵파크1단지교차로,126.8947828040230235_37.5758011541261752,92.0,18.0,서행,126.8947828040230235_37.5758011541261752|126.8939439911347620_37.5762910507855992
2026-09-04T13:22:12.125893+09:00,DMC(디지털미디어시티),DMC(디지털미디어시티),POI084,KEY_1,1130025605,월드컵북로,1130044202,상암동31-1,126.8958974025637474_37.5751501684494542,1130044209,서울시시설관리공단,126.8973331824673920_37.5743115641671324,157.0,23.0,서행,126.8973331824673920_37.5743115641671324|126.8958974025637474_37.5751501684494542
2026-09-04T13:22:12.125893+09:00,DMC(디지털미디어시티),DMC(디지털미디어시티),POI084,KEY_1,1130025606,월드컵북로,1130143900,상암동 31-1,126.8954351096876678_37.5754201750939032,1130044205,상암동31-1,126.8957878809720938_37.5752141359076433,39.0,32.0,원활,126.8957878809720938_37.5752141359076433|126.8954351096876678_37.5754201750939032
2026-09-04T13:22:12.125893+09:00,DMC(디지털미디어시티),DMC(디지털미디어시티),POI084,KEY_1,1130025702,상암산로,1130044603,월드컵파크2단지사거리,126.8900041088949990_37.5748995117424016,1130045802,월드컵파크4단지앞교차로,126.8883797106704350_37.5759449782012638,185.0,17.0,서행,126.8883797106704350_37.5759449782012638|126.8891094429257294_37.5754773087779412|126.8892146635848093_37.5754096006289160|126.8900041088949990_37.5748995117424016
2026-09-04T13:22:12.125893+09:00,DMC(디지털미디어시티),DMC(디지털미디어시티),POI084,KEY_1,1130025801,상암산로,1130045301,한국공공정책신문,126.8893002827802974_37.5754935420065124,1130044604,월드컵파크2단지사거리,126.8900888980952288_37.5749839882549139,90.0,12.0,정체,126.8900888980952288_37.5749839882549139|126.8893002827802974_37.5754935420065124
2026-09-04T13:22:12.125893+09:00,DMC(디지털미디어시티),DMC(디지털미디어시티),POI084,KEY_1,1130025802,상암산로,1130045801,월드컵파크4단지앞교차로,126.8884645575662233_37.5760294154012371,1130045304,한국공공정책신문,126.8891946406988893_37.5755615201432676,83.0,12.0,정체,126.8891946406988893_37.5755615201432676|126.8884645575662233_37.5760294154012371
2026-09-04T13:22:12.125893+09:00,DMC(디지털미디어시티),DMC(디지털미디어시티),POI084,KEY_1,1130025901,매봉산로,1130149100,상암동 1718,126.8907491326159800_37.5756486885100287,1130046303,상암초등학교,126.8915532409193361_37.5764582146745170,115.0,22.0,서행,126.8915532409193361_37.5764582146745170|126.8907491326159800_37.5756486885100287
2026-09-04T13:22:12.125893+09:00,DMC(디지털미디어시티),DMC(디지털미디어시티),POI084,KEY_1,1130025902,매봉산로,1130046304,상암초등학교,126.8916385575081733_37.5765423522413826,1130046803,상암초교앞교차로,126.8922586587650017_37.5771415893312337,86.0,26.0,원활,126.8922586587650017_37.5771415893312337|126.8916385575081733_37.5765423522413826
2026-09-04T13:22:12.125893+09:00,DMC(디지털미디어시티),DMC(디지털미디어시티),POI084,KEY_1,1130026001,매봉산로,1130046802,상암초교앞교차로,126.8923681066395375_37.5770772862630835,1130044601,월드컵파크2단지사거리,126.8901922548791532_37.5749137067317420,308.0,9.0,정체,126.8901922548791532_37.5749137067317420|126.8908556979909861_37.5755816358774624|126.8916598070790513_37.5763911610855672|126.8917434171382297_37.5764736169634261|126.8923681066395375_37.5770772862630835
2026-09-04T13:22:12.125893+09:00,DMC(디지털미디어시티),DMC(디지털미디어시티),POI084,KEY_1,1130026401,상암산로,1130047102,중앙일보빌딩,126.8899246502134446_37.5775017541936762,1130045801,월드컵파크4단지앞교차로,126.8884645575662233_37.5760294154012371,208.0,26.0,원활,126.8884645575662233_37.5760294154012371|126.8899246502134446_37.5775017541936762
2026-09-04T13:22:12.125893+09:00,DMC(디지털미디어시티),DMC(디지털미디어시티),POI084,KEY_1,1130026402,상암산로,1130047502,디지털미디어시티앞교차로,126.8905616249283810_37.5781439913648541,1130047101,중앙일보빌딩,126.8900088184744988_37.5775866225538309,79.0,27.0,원활,126.8900088184744988_37.5775866225538309|126.8905616249283810_37.5781439913648541
2026-09-04T13:22:12.125893+09:00,DMC(디지털미디어시티),DMC(디지털미디어시티),POI084,KEY_1,1130026500,월드컵북로,1130046803,상암초교앞교차로,126.8922586587650017_37.5771415893312337,1130047502,디지털미디어시티앞교차로,126.8905616249283810_37.5781439913648541,187.0,14.0,정체,126.8905616249283810_37.5781439913648541|126.8922586587650017_37.5771415893312337
2026-09-04T13:22:12.125893+09:00,DMC(디지털미디어시티),DMC(디지털미디어시티),POI084,KEY_1,1130026600,월드컵북로,1130047501,디지털미디어시티앞교차로,126.8906465242374253_37.5782284856381139,1130046804,상암초교앞교차로,126.8923444009224255_37.5772255856267208,187.0,30.0,원활,126.8923444009224255_37.5772255856267208|126.8906465242374253_37.5782284856381139
2026-09-04T13:22:12.125893+09:00,DMC(디지털미디어시티),DMC(디지털미디어시티),POI084,KEY_1,1130026701,성암로,1130003202,중동교,126.9005739786039442_37.5754350244651292,1130045502,상암동 1154-1,126.9002568597358760_37.5756319717856542,36.0,44.0,원활,126.9002568597358760_37.5756319717856542|126.9005739786039442_37.5754350244651292
2026-09-04T13:22:12.125893+09:00,DMC(디지털미디어시티),DMC(디지털미디어시티),POI084,KEY_1,1130026702,성암로,1130045503,상암동 1154-1,126.9001493992533227_37.5756987098997470,1130046002,수색역(서측),126.8994866230595164_37.5761479863590679,77.0,33.0,원활,126.8994866230595164_37.5761479863590679|126.9000166173634625_37.5757811735134624|126.9001493992533227_37.5756987098997470
2026-09-04T13:22:12.125893+09:00,DMC(디지털미디어시티),DMC(디지털미디어시티),POI084,KEY_1,1130026703,성암로,1130046003,수색역(서측),126.8993841122573514_37.5762189341099884,1130046602,데일리임팩트,126.8986663047599421_37.5767157224527040,84.0,22.0,서행,126.8986663047599421_37.5767157224527040|126.8993841122573514_37.5762189341099884
2026-09-04T13:22:12.125893+09:00,DMC(디지털미디어시티),DMC(디지털미디어시티),POI084,KEY_1,1130026704,성암로,1130046603,데일리임팩트,126.8985637517100145_37.5767866976523521,1130047002,디지털미디어시티역(공항철도),126.8977378225588240_37.5773583009889691,97.0,36.0,원활,126.8977378225588240_37.5773583009889691|126.8985637517100145_37.5767866976523521
2026-09-04T13:22:12.125893+09:00,DMC(디지털미디어시티),DMC(디지털미디어시티),POI084,KEY_1,1130026705,성암로,1130228300,상암동 1695,126.8955455733531608_37.5788472502048592,1130008002,성암삼거리,126.8947203404407986_37.5794074408454364,96.0,40.0,원활,126.8947203404407986_37.5794074408454364|126.8955455733531608_37.5788472502048592
2026-09-04T13:22:12.125893+09:00,DMC(디지털미디어시티),DMC(디지털미디어시티),POI084,KEY_1,1130026801,성암로,1130046001,수색역(서측),126.8995757632913666_37.5762295729790523,1130003201,중동교,126.9006575479311749_37.5755202637415948,124.0,32.0,원활,126.9006575479311749_37.5755202637415948|126.9003404289748858_37.5757172113524263|126.9002329685327624_37.5757839495594794|126.9001030333946005_37.5758646453959528|126.8995757632913666_37.5762295729790523
2026-09-04T13:22:12.125893+09:00,DMC(디지털미디어시티),DMC(디지털미디어시티),POI084,KEY_1,1130026803,성암로,1130047001,디지털미디어시티역(공항철도),126.8978269624122817_37.5774398889533572,1130046004,수색역(서측),126.8994732524635225_37.5763005208021355,193.0,32.0,원활,126.8994732524635225_37.5763005208021355|126.8987554448355439_37.5767973097372874|126.8986528917860852_37.5768682850013249|126.8978269624122817_37.5774398889533572
2026-09-04T13:22:12.125893+09:00,DMC(디지털미디어시티),DMC(디지털미디어시티),POI084,KEY_1,1130026805,성암로,1130008001,성암삼거리,126.8948085001043040_37.5794897016194511,1130047004,디지털미디어시티역(공항철도),126.8977228468471594_37.5775112990256872,338.0,38.0,원활,126.8977228468471594_37.5775112990256872|126.8968720930318739_37.5780888511044466|126.8964379623555487_37.5783835639945067|126.8956337334028035_37.5789295104891039|126.8948085001043040_37.5794897016194511
2026-09-04T13:22:12.125893+09:00,DMC(디지털미디어시티),DMC(디지털미디어시티),POI084,KEY_1,1130027102,매봉산로,1130231200,상암동 1708,126.8936160448470645_37.5784875021319564,1130008003,성암삼거리,126.8946161530180916_37.5794768573100697,141.0,12.0,정체,126.8946161530180916_37.5794768573100697|126.8943001506249146_37.5791642562783039|126.8936160448470645_37.5784875021319564
2026-09-04T13:22:12.125893+09:00,DMC(디지털미디어시티),DMC(디지털미디어시티),POI084,KEY_1,1130027201,매봉산로,1130047402,상암동주민센터,126.8931728779294730_37.5778763973820418,1130046801,상암초교앞교차로,126.8924537995065407_37.5771613452104063,102.0,14.0,정체,126.8924537995065407_37.5771613452104063|126.8931728779294730_37.5778763973820418
2026-09-04T13:22:12.125893+09:00,DMC(디지털미디어시티),DMC(디지털미디어시티),POI084,KEY_1,1130027202,매봉산로,1130229600,상암동 1708,126.8935960933187062_37.5782952804950696,1130047401,상암동주민센터,126.8932580052658352_37.5779608186309133,48.0,17.0,서행,126.8932580052658352_37.5779608186309133|126.8935960933187062_37.5782952804950696
2026-09-04T13:22:12.125893+09:00,DMC(디지털미디어시티),DMC(디지털미디어시티),POI084,KEY_1,1130027801,월드컵북로,1130047701,월드컵파크5단지교차로,126.8879562129837808_37.5798223834944807,1130047504,디지털미디어시티앞교차로,126.8905373393383655_37.5782929771257415,284.0,20.0,서행,126.8905373393383655_37.5782929771257415|126.8890176540088817_37.5791905774580002|126.8879562129837808_37.5798223834944807
2026-09-04T13:22:12.125893+09:00,DMC(디지털미디어시티),DMC(디지털미디어시티),POI084,KEY_1,1130027802,월드컵북로,1130048401,LGCNS상암IT센터,126.8869393016809539_37.5804276653714808,1130047704,월드컵파크5단지교차로,126.8878473615480118_37.5798871744750684,100.0,47.0,원활,126.8878473615480118_37.5798871744750684|126.8869393016809539_37.5804276653714808
2026-09-04T13:22:12.125893+09:00,DMC(디지털미디어시티),DMC(디지털미디어시티),POI084,KEY_1,1130027803,월드컵북로,1130049001,상암ITTower,126.8860549963467577_37.5809540024161706,1130048404,LGCNS상암IT센터,126.8868304001961178_37.5804924841435763,86.0,55.0,원활,126.8868304001961178_37.5804924841435763|126.8860549963467577_37.5809540024161706
2026-09-04T13:22:12.125893+09:00,DMC(디지털미디어시티),DMC(디지털미디어시티),POI084,KEY_1,1130027804,월드컵북로,1130049401,월드컵파크6단지앞교차로,126.8850370693500054_37.5815595588284097,1130049004,상암ITTower,126.8859461297215887_37.5810187825645698,100.0,26.0,원활,126.8859461297215887_37.5810187825645698|126.8850370693500054_37.5815595588284097
2026-09-04T13:22:12.125893+09:00,DMC(디지털미디어시티),DMC(디지털미디어시티),POI084,KEY_1,1130028101,성암로,1130008003,성암삼거리,126.8946161530180916_37.5794768573100697,1130048702,YTN미디어센터,126.8929940644010941_37.5805367573738849,185.0,35.0,원활,126.8929940644010941_37.5805367573738849|126.8946161530180916_37.5794768573100697
2026-09-04T13:22:12.125893+09:00,DMC(디지털미디어시티),DMC(디지털미디어시티),POI084,KEY_1,1130028102,성암로,1130048703,YTN미디어센터,126.8928902450410732_37.5806065277136980,1130049802,MBC글로벌미디어센터,126.8902432196895802_37.5821317158528529,290.0,20.3,서행,126.8902432196895802_37.5821317158528529|126.8916848633843983_37.5814405541822225|126.8928902450410732_37.5806065277136980
2026-09-04T13:22:12.125893+09:00,DMC(디지털미디어시티),DMC(디지털미디어시티),POI084,KEY_1,1130028103,성암로,1130049803,MBC글로벌미디어센터,126.8901255531158938_37.5821872546751976,1130051107,상암월드컵7단지,126.8870844323033538_37.5835933665662054,311.0,32.0,원활,126.8870844323033538_37.5835933665662054|126.8882017895862475_37.5830840500806644|126.8901255531158938_37.5821872546751976
2026-09-04T13:22:12.125893+09:00,DMC(디지털미디어시티),DMC(디지털미디어시티),POI084,KEY_1,1130028201,성암로,1130048701,YTN미디어센터,126.8930802693829634_37.5806203208228027,1130008004,성암삼거리,126.8947023591175594_37.5795604200954330,185.0,16.0,서행,126.8947023591175594_37.5795604200954330|126.8930802693829634_37.5806203208228027
2026-09-04T13:22:12.125893+09:00,DMC(디지털미디어시티),DMC(디지털미디어시티),POI084,KEY_1,1130028202,성암로,1130049801,MBC글로벌미디어센터,126.8903133236235590_37.5822243292954283,1130048704,YTN미디어센터,126.8929793808815418_37.5806881204146705,292.0,26.0,원활,126.8929793808815418_37.5806881204146705|126.8917650856113539_37.5815283151309529|126.8903133236235590_37.5822243292954283
2026-09-04T13:22:12.125893+09:00,DMC(디지털미디어시티),DMC(디지털미디어시티),POI084,KEY_1,1130028203,성암로,1130051106,상암월드컵7단지,126.8871519552963463_37.5836871858182704,1130049804,MBC글로벌미디어센터,126.8901942208562588_37.5822805460614902,311.0,23.5,서행,126.8901942208562588_37.5822805460614902|126.8882698867831635_37.5831776087941023|126.8871519552963463_37.5836871858182704
2026-09-04T13:22:12.125893+09:00,DMC(디지털미디어시티),DMC(디지털미디어시티),POI084,KEY_1,1130028401,월드컵북로,1130049701,상암동 1715,126.8840285649525583_37.5821600609072348,1130049404,월드컵파크6단지앞교차로,126.8849281565869092_37.5816243792028004,99.0,12.0,정체,126.8849281565869092_37.5816243792028004|126.8840285649525583_37.5821600609072348
2026-09-04T13:22:12.125893+09:00,DMC(디지털미디어시티),DMC(디지털미디어시티),POI084,KEY_1,1130028402,월드컵북로,1130050603,월드컵파크7단지앞교차로,126.8821398763244019_37.5833081209194830,1130049704,상암동 1715,126.8839196519033266_37.5822248985580174,198.0,12.0,정체,126.8839196519033266_37.5822248985580174|126.8826686765652312_37.5829694057582486|126.8821398763244019_37.5833081209194830
2026-09-04T13:22:12.125893+09:00,DMC(디지털미디어시티),DMC(디지털미디어시티),POI084,KEY_1,1130029202,가양대로,1130051308,DMC첨단산업센터앞교차로,126.8843531662040931_37.5848817670797217,1130050603,월드컵파크7단지앞교차로,126.8821398763244019_37.5833081209194830,262.0,39.0,원활,126.8821398763244019_37.5833081209194830|126.8843531662040931_37.5848817670797217
2026-09-04T13:22:12.125893+09:00,DMC(디지털미디어시티),DMC(디지털미디어시티),POI084,KEY_1,1130029301,성암로,1130051104,서울드와이트외국인학교,126.8858869388385102_37.5841637180196386,1130051308,DMC첨단산업센터앞교차로,126.8843531662040931_37.5848817670797217,157.0,16.0,서행,126.8843531662040931_37.5848817670797217|126.8858869388385102_37.5841637180196386
2026-09-04T13:22:12.125893+09:00,DMC(디지털미디어시티),DMC(디지털미디어시티),POI084,KEY_1,1130029302,성암로,1130051108,상암월드컵7단지,126.8869679526118830_37.5836502072271372,1130051103,서울드와이트외국인학교,126.8860048570749086_37.5841085121615635,99.0,11.0,정체,126.8860048570749086_37.5841085121615635|126.8868092634666596_37.5837319073182599|126.8869679526118830_37.5836502072271372
2026-09-04T13:22:12.125893+09:00,DMC(디지털미디어시티),DMC(디지털미디어시티),POI084,KEY_1,1130029403,성암로,1130051105,속성변화점,126.8859558279229987_37.5842569077612083,1130051109,상암월드컵7단지,126.8870417489205096_37.5837409855167053,112.0,8.0,정체,126.8870417489205096_37.5837409855167053|126.8868806383061525_37.5838239328711907|126.8860737463692487_37.5842017018027050|126.8859558279229987_37.5842569077612083
2026-09-04T13:22:12.125893+09:00,DMC(디지털미디어시티),DMC(디지털미디어시티),POI084,KEY_1,1130029404,성암로,1130051307,DMC첨단산업센터앞교차로,126.8844595822825880_37.5849573881018273,1130051105,속성변화점,126.8859558279229987_37.5842569077612083,153.0,15.0,서행,126.8859558279229987_37.5842569077612083|126.8844595822825880_37.5849573881018273
2026-09-04T13:22:12.125893+09:00,DMC(디지털미디어시티),DMC(디지털미디어시티),POI084,KEY_1,1130029701,가양대로,1130051302,상암동800-2,126.8855807691684419_37.5858988231682716,1110002104,수색교앞교차로,126.8871491881332076_37.5870129955381955,186.0,19.0,서행,126.8871491881332076_37.5870129955381955|126.8855807691684419_37.5858988231682716
2026-09-04T13:22:12.125893+09:00,DMC(디지털미디어시티),DMC(디지털미디어시티),POI084,KEY_1,1130029803,가양대로,1130051304,상암동800-2,126.8855698926924163_37.5857461653515301,1130051307,DMC첨단산업센터앞교차로,126.8844595822825880_37.5849573881018273,131.0,13.0,정체,126.8844595822825880_37.5849573881018273|126.8855698926924163_37.5857461653515301
2026-09-04T13:22:12.125893+09:00,DMC(디지털미디어시티),DMC(디지털미디어시티),POI084,KEY_1,1130029804,가양대로,1110002103,수색교앞교차로,126.8872427699533461_37.5869345435850164,1130051303,상암동800-2,126.8856712462701211_37.5858181666906503,186.0,14.0,정체,126.8856712462701211_37.5858181666906503|126.8872427699533461_37.5869345435850164
2026-09-04T13:22:12.125893+09:00,DMC(디지털미디어시티),DMC(디지털미디어시티),POI084,KEY_1,1130069400,월드컵북로42길,1130045902,상암빌라,126.8980210391311658_37.5760895880111647,1130045404,상암동 1711,126.8987086831504172_37.5755938245076209,82.0,9.0,정체,126.8987086831504172_37.5755938245076209|126.8981312410485742_37.5759845693332508|126.8980210391311658_37.5760895880111647
2026-09-04T13:22:12.125893+09:00,DMC(디지털미디어시티),DMC(디지털미디어시티),POI084,KEY_1,1130066900,월드컵북로,1130043400,상암동24-59,126.8984326017897075_37.5737046034107323,1130043500,성산동491-1,126.8990562961894852_37.5737647959106411,59.0,29.0,원활,126.8990562961894852_37.5737647959106411|126.8989085002055361_37.5736866108833851|126.8987791467213100_37.5736598008740614|126.8986641476944612_37.5736501660897773|126.8985371690847614_37.5736660785077774|126.8984326017897075_37.5737046034107323
2026-09-04T13:22:12.125893+09:00,DMC(디지털미디어시티),DMC(디지털미디어시티),POI084,KEY_1,1130067200,월드컵북로47길,1130192300,상암동 1716,126.8909626371225414_37.5742633434940458,1130044602,월드컵파크2단지사거리,126.8901072799406080_37.5748291059225537,98.0,17.0,서행,126.8901072799406080_37.5748291059225537|126.8904259188012844_37.5746002657640261|126.8907263880997220_37.5744065670365757|126.8908070311500040_37.5743545798713043|126.8909626371225414_37.5742633434940458
2026-09-04T13:22:12.125893+09:00,DMC(디지털미디어시티),DMC(디지털미디어시티),POI084,KEY_1,1130067600,월드컵북로42길,1130044502,디지털미디어시티역2번출구,126.8996768178415522_37.5748358906114177,1130044802,상암동 1711,126.8981204003995344_37.5748786658393286,190.0,18.0,서행,126.8981204003995344_37.5748786658393286|126.8981548997384152_37.5748041674797832|126.8989380650604346_37.5743415501355784|126.8990473331477773_37.5743038487143366|126.8991597518555920_37.5743120798745451|126.8992540899842254_37.5743497228770025|126.8996768178415522_37.5748358906114177
2026-09-04T13:22:12.125893+09:00,DMC(디지털미디어시티),DMC(디지털미디어시티),POI084,KEY_1,1130067700,월드컵북로42길,1130044801,상암동 1711,126.8982215233432527_37.5749729322993389,1130044503,디지털미디어시티역2번출구,126.8995651160360723_37.5748974180213082,170.0,19.0,서행,126.8995651160360723_37.5748974180213082|126.8991621560312382_37.5744339846669391|126.8991217838771917_37.5744178755341096|126.8990694863173019_37.5744140466565923|126.8990064543680489_37.5744357950114960|126.8982683624107608_37.5748717876271385|126.8982215233432527_37.5749729322993389
2026-09-04T13:22:12.125893+09:00,DMC(디지털미디어시티),DMC(디지털미디어시티),POI084,KEY_1,1130067800,월드컵북로42길,1130044802,상암동 1711,126.8981204003995344_37.5748786658393286,1130044206,서울시시설관리공단,126.8974443493847133_37.5742486819677097,92.0,28.5,원활,126.8974443493847133_37.5742486819677097|126.8981204003995344_37.5748786658393286
2026-09-04T13:22:12.125893+09:00,DMC(디지털미디어시티),DMC(디지털미디어시티),POI084,KEY_1,1130067900,월드컵북로42길,1130044209,서울시시설관리공단,126.8973331824673920_37.5743115641671324,1130044803,상암동 1711,126.8980445440763702_37.5749744531417491,97.0,25.0,원활,126.8980445440763702_37.5749744531417491|126.8973331824673920_37.5743115641671324
2026-09-04T13:22:12.125893+09:00,DMC(디지털미디어시티),DMC(디지털미디어시티),POI084,KEY_1,1130068200,증산로,1130045102,중동교,126.9008492951027023_37.5752640367100312,1130044100,성산동488-2,126.8993493776716974_37.5738963850184291,203.0,17.0,서행,126.8993493776716974_37.5738963850184291|126.8997550267243923_37.5741747896741316|126.8999831939128740_37.5743329158112758|126.9008492951027023_37.5752640367100312
2026-09-04T13:22:12.125893+09:00,DMC(디지털미디어시티),DMC(디지털미디어시티),POI084,KEY_1,1130068300,월드컵북로42길,1130044503,디지털미디어시티역2번출구,126.8995651160360723_37.5748974180213082,1130045402,상암동 1711,126.8987247218111918_37.5754425169501260,96.0,17.0,서행,126.8987247218111918_37.5754425169501260|126.8995651160360723_37.5748974180213082
2026-09-04T13:22:12.125893+09:00,DMC(디지털미디어시티),DMC(디지털미디어시티),POI084,KEY_1,1130068400,월드컵북로42길,1130045401,상암동 1711,126.8988131161988804_37.5755246575182369,1130044504,디지털미디어시티역2번출구,126.8996370708927657_37.5749902219936800,94.0,16.0,서행,126.8996370708927657_37.5749902219936800|126.8988131161988804_37.5755246575182369
2026-09-04T13:22:12.125893+09:00,DMC(디지털미디어시티),DMC(디지털미디어시티),POI084,KEY_1,1130068500,월드컵북로42길,1130045402,상암동 1711,126.8987247218111918_37.5754425169501260,1130044801,상암동 1711,126.8982215233432527_37.5749729322993389,68.0,31.0,원활,126.8982215233432527_37.5749729322993389|126.8987247218111918_37.5754425169501260
2026-09-04T13:22:12.125893+09:00,DMC(디지털미디어시티),DMC(디지털미디어시티),POI084,KEY_1,1130068600,월드컵북로42길,1130044804,상암동 1711,126.8981330253056825_37.5750569593229926,1130045403,상암동 1711,126.8986203198311955_37.5755117037941773,66.0,30.5,원활,126.8986203198311955_37.5755117037941773|126.8981330253056825_37.5750569593229926
2026-09-04T13:22:12.125893+09:00,DMC(디지털미디어시티),DMC(디지털미디어시티),POI084,KEY_1,1130068700,성암로,1130045502,상암동 1154-1,126.9002568597358760_37.5756319717856542,1130044501,디지털미디어시티역2번출구,126.8997554586748322_37.5749372010833653,91.0,15.0,서행,126.8997554586748322_37.5749372010833653|126.8998013926707245_37.5750021725140755|126.8999518821993888_37.5753686624393950|126.9002568597358760_37.5756319717856542
2026-09-04T13:22:12.125893+09:00,DMC(디지털미디어시티),DMC(디지털미디어시티),POI084,KEY_1,1130068800,성암로,1130044504,디지털미디어시티역2번출구,126.8996370708927657_37.5749902219936800,1130045503,상암동 1154-1,126.9001493992533227_37.5756987098997470,93.0,17.0,서행,126.9001493992533227_37.5756987098997470|126.8998319496738389_37.5754246323100034|126.8996764327224440_37.5750458979557891|126.8996370708927657_37.5749902219936800
2026-09-04T13:22:12.125893+09:00,DMC(디지털미디어시티),DMC(디지털미디어시티),POI084,KEY_1,1130069300,월드컵북로42길,1130045403,상암동 1711,126.8986203198311955_37.5755117037941773,1130045903,상암빌라,126.8979167747526304_37.5760202816905178,84.0,28.0,원활,126.8979167747526304_37.5760202816905178|126.8980344116927057_37.5759081769391798|126.8986203198311955_37.5755117037941773
2026-09-04T13:22:12.125893+09:00,DMC(디지털미디어시티),DMC(디지털미디어시티),POI084,KEY_1,1130069500,월드컵북로42길,1130046002,수색역(서측),126.8994866230595164_37.5761479863590679,1130045401,상암동 1711,126.8988131161988804_37.5755246575182369,91.0,11.0,정체,126.8988131161988804_37.5755246575182369|126.8994866230595164_37.5761479863590679
2026-09-04T13:22:12.125893+09:00,DMC(디지털미디어시티),DMC(디지털미디어시티),POI084,KEY_1,1130069600,월드컵북로42길,1130045404,상암동 1711,126.8987086831504172_37.5755938245076209,1130046003,수색역(서측),126.8993841122573514_37.5762189341099884,92.0,26.0,원활,126.8993841122573514_37.5762189341099884|126.8987086831504172_37.5755938245076209
2026-09-04T13:22:12.125893+09:00,DMC(디지털미디어시티),DMC(디지털미디어시티),POI084,KEY_1,1130070000,상암산로,1130046702,KBS미디어센터,126.8907708780118213_37.5769657557175876,1130045301,한국공공정책신문,126.8893002827802974_37.5754935420065124,209.0,14.0,정체,126.8893002827802974_37.5754935420065124|126.8907708780118213_37.5769657557175876
2026-09-04T13:22:12.125893+09:00,DMC(디지털미디어시티),DMC(디지털미디어시티),POI084,KEY_1,1130070100,상암산로,1130045304,한국공공정책신문,126.8891946406988893_37.5755615201432676,1130046703,KBS미디어센터,126.8906650467874329_37.5770335465561018,209.0,15.5,서행,126.8906650467874329_37.5770335465561018|126.8891946406988893_37.5755615201432676
2026-09-04T13:22:12.125893+09:00,DMC(디지털미디어시티),DMC(디지털미디어시티),POI084,KEY_1,1130070600,성암로,1130046602,데일리임팩트,126.8986663047599421_37.5767157224527040,1130045902,상암빌라,126.8980210391311658_37.5760895880111647,90.0,14.0,정체,126.8980210391311658_37.5760895880111647|126.8986663047599421_37.5767157224527040
2026-09-04T13:22:12.125893+09:00,DMC(디지털미디어시티),DMC(디지털미디어시티),POI084,KEY_1,1130070700,성암로,1130045901,상암빌라,126.8979371695674416_37.5761786921852803,1130046603,데일리임팩트,126.8985637517100145_37.5767866976523521,87.0,15.0,서행,126.8985637517100145_37.5767866976523521|126.8979371695674416_37.5761786921852803
2026-09-04T13:22:12.125893+09:00,DMC(디지털미디어시티),DMC(디지털미디어시티),POI084,KEY_1,1130070800,상암산로,1130046303,상암초등학교,126.8915532409193361_37.5764582146745170,1130046702,KBS미디어센터,126.8907708780118213_37.5769657557175876,89.0,16.0,서행,126.8907708780118213_37.5769657557175876|126.8915532409193361_37.5764582146745170
2026-09-04T13:22:12.125893+09:00,DMC(디지털미디어시티),DMC(디지털미디어시티),POI084,KEY_1,1130070900,상암산로,1130046701,KBS미디어센터,126.8908567065178516_37.5770495623463958,1130046304,상암초등학교,126.8916385575081733_37.5765423522413826,89.0,7.0,정체,126.8916385575081733_37.5765423522413826|126.8908567065178516_37.5770495623463958
2026-09-04T13:22:12.125893+09:00,DMC(디지털미디어시티),DMC(디지털미디어시티),POI084,KEY_1,1130071000,성암로,1130230100,상암동 1709,126.8973658393318260_37.5766400680182500,1130047003,디지털미디어시티역(공항철도),126.8976346858385824_37.5774290399688340,104.0,17.0,서행,126.8976346858385824_37.5774290399688340|126.8972069079642608_37.5769761157230207|126.8971965231739745_37.5768883093211983|126.8972293764982595_37.5767953166038282|126.8973658393318260_37.5766400680182500
2026-09-04T13:22:12.125893+09:00,DMC(디지털미디어시티),DMC(디지털미디어시티),POI084,KEY_1,1130071100,성암로,1130047002,디지털미디어시티역(공항철도),126.8977378225588240_37.5773583009889691,1130045901,상암빌라,126.8979371695674416_37.5761786921852803,159.0,7.0,정체,126.8979371695674416_37.5761786921852803|126.8974771503392418_37.5767020453298102|126.8973539084312421_37.5768422532145507|126.8973341406117754_37.5768982075732580|126.8973385598150259_37.5769355684291426|126.8977378225588240_37.5773583009889691
2026-09-04T13:22:12.125893+09:00,DMC(디지털미디어시티),DMC(디지털미디어시티),POI084,KEY_1,1130071200,상암산로,1130046703,KBS미디어센터,126.8906650467874329_37.5770335465561018,1130047102,중앙일보빌딩,126.8899246502134446_37.5775017541936762,84.0,7.0,정체,126.8899246502134446_37.5775017541936762|126.8906650467874329_37.5770335465561018
2026-09-04T13:22:12.125893+09:00,DMC(디지털미디어시티),DMC(디지털미디어시티),POI084,KEY_1,1130071300,상암산로,1130047101,중앙일보빌딩,126.8900088184744988_37.5775866225538309,1130046704,KBS미디어센터,126.8907495567892312_37.5771181976975086,84.0,3.0,정체,126.8907495567892312_37.5771181976975086|126.8900088184744988_37.5775866225538309
2026-09-04T13:22:12.125893+09:00,DMC(디지털미디어시티),DMC(디지털미디어시티),POI084,KEY_1,1130072000,상암산로,1130048702,YTN미디어센터,126.8929940644010941_37.5805367573738849,1130047501,디지털미디어시티앞교차로,126.8906465242374253_37.5782284856381139,330.0,20.0,서행,126.8906465242374253_37.5782284856381139|126.8929940644010941_37.5805367573738849
2026-09-04T13:22:12.125893+09:00,DMC(디지털미디어시티),DMC(디지털미디어시티),POI084,KEY_1,1130072100,상암산로,1130047504,디지털미디어시티앞교차로,126.8905373393383655_37.5782929771257415,1130048703,YTN미디어센터,126.8928902450410732_37.5806065277136980,330.0,11.0,정체,126.8928902450410732_37.5806065277136980|126.8905373393383655_37.5782929771257415
2026-09-04T13:22:12.125893+09:00,DMC(디지털미디어시티),DMC(디지털미디어시티),POI084,KEY_1,1130073400,월드컵북로54길,1130227600,상암동 1704,126.8887390930264587_37.5805999182029922,1130047701,월드컵파크5단지교차로,126.8879562129837808_37.5798223834944807,111.0,16.0,서행,126.8879562129837808_37.5798223834944807|126.8887390930264587_37.5805999182029922
2026-09-04T13:22:12.125893+09:00,DMC(디지털미디어시티),DMC(디지털미디어시티),POI084,KEY_1,1130073500,월드컵북로54길,1130047704,월드컵파크5단지교차로,126.8878473615480118_37.5798871744750684,1130049203,MBC문화방송본사,126.8892836564560582_37.5813136494657627,203.0,19.0,서행,126.8892836564560582_37.5813136494657627|126.8886330781796232_37.5806675281166989|126.8878473615480118_37.5798871744750684
2026-09-04T13:22:12.125893+09:00,DMC(디지털미디어시티),DMC(디지털미디어시티),POI084,KEY_1,1130074000,월드컵북로56길,1130228900,상암동 1702,126.8875423772986579_37.5810132902587100,1130048401,LGCNS상암IT센터,126.8869393016809539_37.5804276653714808,84.0,13.0,정체,126.8869393016809539_37.5804276653714808|126.8875423772986579_37.5810132902587100
2026-09-04T13:22:12.125893+09:00,DMC(디지털미디어시티),DMC(디지털미디어시티),POI084,KEY_1,1130074100,월드컵북로56길,1130229000,상암동 1702,126.8874373024892890_37.5810818253805863,1130049603,대원방송,126.8882715653573143_37.5818919280665753,116.0,17.0,서행,126.8882715653573143_37.5818919280665753|126.8878698286892188_37.5815018285952149|126.8874373024892890_37.5810818253805863
2026-09-04T13:22:12.125893+09:00,DMC(디지털미디어시티),DMC(디지털미디어시티),POI084,KEY_1,1130074600,월드컵북로56길,1130049203,MBC문화방송본사,126.8892836564560582_37.5813136494657627,1130049602,대원방송,126.8883858216651532_37.5818323079101333,98.0,12.0,정체,126.8883858216651532_37.5818323079101333|126.8892836564560582_37.5813136494657627
2026-09-04T13:22:12.125893+09:00,DMC(디지털미디어시티),DMC(디지털미디어시티),POI084,KEY_1,1130074700,월드컵북로56길,1130049601,대원방송,126.8884656267736943_37.5819198063311930,1130049204,MBC문화방송본사,126.8893675179688074_37.5813988050588179,98.0,10.0,정체,126.8893675179688074_37.5813988050588179|126.8884656267736943_37.5819198063311930
2026-09-04T13:22:12.125893+09:00,DMC(디지털미디어시티),DMC(디지털미디어시티),POI084,KEY_1,1130074800,월드컵북로58길,1130229300,상암동 1700,126.8866383641144324_37.5815330002816026,1130049001,상암ITTower,126.8860549963467577_37.5809540024161706,82.0,12.0,정체,126.8860549963467577_37.5809540024161706|126.8866383641144324_37.5815330002816026
2026-09-04T13:22:12.125893+09:00,DMC(디지털미디어시티),DMC(디지털미디어시티),POI084,KEY_1,1130074900,월드컵북로58길,1130229400,상암동 1700,126.8865323748690059_37.5816006370995197,1130049903,한국지역정보개발원,126.8872903229448070_37.5823528908183846,107.0,19.0,서행,126.8872903229448070_37.5823528908183846|126.8869392975139192_37.5820045050870206|126.8865323748690059_37.5816006370995197
2026-09-04T13:22:12.125893+09:00,DMC(디지털미디어시티),DMC(디지털미디어시티),POI084,KEY_1,1130075000,월드컵북로54길,1130049802,MBC글로벌미디어센터,126.8902432196895802_37.5821317158528529,1130049201,MBC문화방송본사,126.8894754129642877_37.5813331049980519,112.0,16.0,서행,126.8894754129642877_37.5813331049980519|126.8902432196895802_37.5821317158528529
2026-09-04T13:22:12.125893+09:00,DMC(디지털미디어시티),DMC(디지털미디어시티),POI084,KEY_1,1130075100,월드컵북로54길,1130049204,MBC문화방송본사,126.8893675179688074_37.5813988050588179,1130049803,MBC글로벌미디어센터,126.8901255531158938_37.5821872546751976,110.0,10.0,정체,126.8901255531158938_37.5821872546751976|126.8893675179688074_37.5813988050588179
2026-09-04T13:22:12.125893+09:00,DMC(디지털미디어시티),DMC(디지털미디어시티),POI084,KEY_1,1130075200,월드컵북로56길,1130049603,대원방송,126.8882715653573143_37.5818919280665753,1130049902,한국지역정보개발원,126.8874140089263705_37.5823028164665516,88.0,26.0,원활,126.8874140089263705_37.5823028164665516|126.8882715653573143_37.5818919280665753
2026-09-04T13:22:12.125893+09:00,DMC(디지털미디어시티),DMC(디지털미디어시티),POI084,KEY_1,1130075300,월드컵북로56길,1130049901,한국지역정보개발원,126.8874997672136118_37.5823879290279308,1130049604,대원방송,126.8883416393229169_37.5819845548537756,87.0,15.0,서행,126.8883416393229169_37.5819845548537756|126.8874997672136118_37.5823879290279308
2026-09-04T13:22:12.125893+09:00,DMC(디지털미디어시티),DMC(디지털미디어시티),POI084,KEY_1,1130075400,월드컵북로60길,1130230800,상암동 1698,126.8856024106953129_37.5821067794425474,1130049401,월드컵파크6단지앞교차로,126.8850370693500054_37.5815595588284097,79.0,17.0,서행,126.8850370693500054_37.5815595588284097|126.8856024106953129_37.5821067794425474
2026-09-04T13:22:12.125893+09:00,DMC(디지털미디어시티),DMC(디지털미디어시티),POI084,KEY_1,1130075500,월드컵북로60길,1130049404,월드컵파크6단지앞교차로,126.8849281565869092_37.5816243792028004,1130050003,스탠포드호텔서울,126.8861101278442050_37.5827684534966480,164.0,17.0,서행,126.8861101278442050_37.5827684534966480|126.8854974703182421_37.5821754451747054|126.8849281565869092_37.5816243792028004
2026-09-04T13:22:12.125893+09:00,DMC(디지털미디어시티),DMC(디지털미디어시티),POI084,KEY_1,1130075600,월드컵북로60길,1130049903,한국지역정보개발원,126.8872903229448070_37.5823528908183846,1130050002,스탠포드호텔서울,126.8862442705996045_37.5827280529537973,101.0,10.0,정체,126.8862442705996045_37.5827280529537973|126.8872903229448070_37.5823528908183846
2026-09-04T13:22:12.125893+09:00,DMC(디지털미디어시티),DMC(디지털미디어시티),POI084,KEY_1,1130075700,월드컵북로60길,1130050001,스탠포드호텔서울,126.8863310804255065_37.5828155107780688,1130049904,한국지역정보개발원,126.8873780953404662_37.5824400024958010,101.0,16.5,서행,126.8873780953404662_37.5824400024958010|126.8863310804255065_37.5828155107780688
2026-09-04T13:22:12.125893+09:00,DMC(디지털미디어시티),DMC(디지털미디어시티),POI084,KEY_1,1130075800,월드컵북로62길,1130228600,상암동 1696,126.8845727100091239_37.5826845055324199,1130049701,상암동 1715,126.8840285649525583_37.5821600609072348,75.0,11.0,정체,126.8840285649525583_37.5821600609072348|126.8845727100091239_37.5826845055324199
2026-09-04T13:22:12.125893+09:00,DMC(디지털미디어시티),DMC(디지털미디어시티),POI084,KEY_1,1130075900,월드컵북로62길,1130049704,상암동 1715,126.8839196519033266_37.5822248985580174,1130050404,서울일본인학교,126.8848748758891105_37.5831455330485440,133.0,25.0,원활,126.8848748758891105_37.5831455330485440|126.8844679508670765_37.5827533468660917|126.8839196519033266_37.5822248985580174
2026-09-04T13:22:12.125893+09:00,DMC(디지털미디어시티),DMC(디지털미디어시티),POI084,KEY_1,1130076000,월드컵북로60길,1130050003,스탠포드호텔서울,126.8861101278442050_37.5827684534966480,1130050403,서울일본인학교,126.8849796349235106_37.5830766915166947,106.0,11.0,정체,126.8849796349235106_37.5830766915166947|126.8861101278442050_37.5827684534966480
2026-09-04T13:22:12.125893+09:00,DMC(디지털미디어시티),DMC(디지털미디어시티),POI084,KEY_1,1130076100,월드컵북로60길,1130050402,서울일본인학교,126.8850709902395550_37.5831660711584163,1130050004,스탠포드호텔서울,126.8862007374457335_37.5828580366690090,105.0,16.0,서행,126.8862007374457335_37.5828580366690090|126.8850709902395550_37.5831660711584163
2026-09-04T13:22:12.125893+09:00,DMC(디지털미디어시티),DMC(디지털미디어시티),POI084,KEY_1,1130076300,월드컵북로60길,1130051107,상암월드컵7단지,126.8870844323033538_37.5835933665662054,1130050001,스탠포드호텔서울,126.8863310804255065_37.5828155107780688,109.0,18.0,서행,126.8863310804255065_37.5828155107780688|126.8870844323033538_37.5835933665662054
2026-09-04T13:22:12.125893+09:00,DMC(디지털미디어시티),DMC(디지털미디어시티),POI084,KEY_1,1130076400,월드컵북로60길,1130050004,스탠포드호텔서울,126.8862007374457335_37.5828580366690090,1130051108,상암월드컵7단지,126.8869679526118830_37.5836502072271372,111.0,10.0,정체,126.8869679526118830_37.5836502072271372|126.8862007374457335_37.5828580366690090
2026-09-04T13:22:12.125893+09:00,DMC(디지털미디어시티),DMC(디지털미디어시티),POI084,KEY_1,1130086800,월드컵북로62길,1130050401,서울일본인학교,126.8849652876481997_37.5832339947921312,1130051104,서울드와이트외국인학교,126.8858869388385102_37.5841637180196386,131.0,12.0,정체,126.8858869388385102_37.5841637180196386|126.8855418938747874_37.5838022880318761|126.8849652876481997_37.5832339947921312
2026-09-04T13:22:12.125893+09:00,DMC(디지털미디어시티),DMC(디지털미디어시티),POI084,KEY_1,1130086900,월드컵북로62길,1130051103,서울드와이트외국인학교,126.8860048570749086_37.5841085121615635,1130050402,서울일본인학교,126.8850709902395550_37.5831660711584163,133.0,16.0,서행,126.8850709902395550_37.5831660711584163|126.8856488572541821_37.5837356083076131|126.8860048570749086_37.5841085121615635
2026-09-04T13:22:12.125893+09:00,가산디지털단지역,가산디지털단지역,POI013,KEY_2,1160003501,남부순환로,1170016605,디지털단지오거리,126.8897211418423723_37.4793279122721970,1170017201,가산치안센터,126.8878517040770220_37.4802639980304875,197.0,8.0,정체,126.8878517040770220_37.4802639980304875|126.8881729322508960_37.4800224635507888|126.8884184403771087_37.4798608276333667|126.8885644024226167_37.4797738008962611|126.8887806547894712_37.4796831946810585|126.8894559098646369_37.4794074114802385|126.8896311235157128_37.4793504792482182|126.8897211418423723_37.4793279122721970
2026-09-04T13:22:12.125893+09:00,가산디지털단지역,가산디지털단지역,POI013,KEY_2,1160003502,남부순환로,1170017202,가산치안센터,126.8877563510179272_37.4803409344622338,1170017603,진도로터리,126.8865717208607293_37.4816908228100871,183.0,8.0,정체,126.8865717208607293_37.4816908228100871|126.8871910645151360_37.4808930497281807|126.8872533985144457_37.4808234240947442|126.8874024014183703_37.4806569906409237|126.8874901153701131_37.4805714099006124|126.8877563510179272_37.4803409344622338
2026-09-04T13:22:12.125893+09:00,가산디지털단지역,가산디지털단지역,POI013,KEY_2,1160006501,벚꽃로56길,1170017604,진도로터리,126.8864996062809212_37.4817824247397624,1170018001,가산동 87-228,126.8849888398732020_37.4830651069565590,196.0,13.0,정체,126.8849888398732020_37.4830651069565590|126.8853232502128066_37.4828384705037578|126.8858521011573970_37.4824308281103526|126.8860411166215130_37.4822371023176615|126.8862685425384029_37.4819537373762728|126.8864996062809212_37.4817824247397624
2026-09-04T13:22:12.125893+09:00,가산디지털단지역,가산디지털단지역,POI013,KEY_2,1160006502,벚꽃로56길,1170018002,가산동 87-228,126.8848823508648422_37.4831372761665094,1170018202,가산동교차로,126.8811914499102755_37.4855182683695247,421.0,25.0,원활,126.8811914499102755_37.4855182683695247|126.8813904809196913_37.4854471229337562|126.8819767830358245_37.4851063326005800|126.8838600897582154_37.4838300660555532|126.8848823508648422_37.4831372761665094
2026-09-04T13:22:12.125893+09:00,가산디지털단지역,가산디지털단지역,POI013,KEY_2,1160008101,남부순환로,1170019000,가리봉고가차도,126.8791756496076175_37.4863167028194511,1160009900,구로IC,126.8767113990122795_37.4884030681732270,323.0,54.5,원활,126.8767113990122795_37.4884030681732270|126.8773617738595050_37.4876151761703653|126.8779138587961057_37.4870541454600001|126.8780827941354943_37.4869124175203083|126.8783482283694468_37.4867677307161458|126.8791756496076175_37.4863167028194511
2026-09-04T13:22:12.125893+09:00,가산디지털단지역,가산디지털단지역,POI013,KEY_2,1160276200,남부순환로,1170023204,구로IC,126.8781042169384961_37.4863653494947258,1160119403,구로IC,126.8779377906354995_37.4865789505771190,28.0,13.0,정체,126.8779377906354995_37.4865789505771190|126.8781042169384961_37.4863653494947258
2026-09-04T13:22:12.125893+09:00,가산디지털단지역,가산디지털단지역,POI013,KEY_2,1170007901,디지털로,1170014101,디지털3단지교차로,126.8808941691960683_37.4759382777542669,1170014502,수출의다리고가차도(서측),126.8817270968934139_37.4761604725563657,78.0,19.0,서행,126.8817270968934139_37.4761604725563657|126.8808941691960683_37.4759382777542669
2026-09-04T13:22:12.125893+09:00,가산디지털단지역,가산디지털단지역,POI013,KEY_2,1170007902,디지털로,1170014502,수출의다리고가차도(서측),126.8817270968934139_37.4761604725563657,1170002804,창업경영신문,126.8831950703829676_37.4766334638794163,141.0,25.0,원활,126.8831950703829676_37.4766334638794163|126.8819600632701992_37.4762838037544910|126.8817270968934139_37.4761604725563657
2026-09-04T13:22:12.125893+09:00,가산디지털단지역,가산디지털단지역,POI013,KEY_2,1170008100,디지털로,1170014502,수출의다리고가차도(서측),126.8817270968934139_37.4761604725563657,1170014802,수출의다리고가차도(동측),126.8868851157251072_37.4776397125304612,485.0,28.0,원활,126.8868851157251072_37.4776397125304612|126.8849451085779663_37.4770773261663095|126.8844958007691304_37.4769546947428012|126.8832815434968353_37.4766005762184591|126.8817270968934139_37.4761604725563657
2026-09-04T13:22:12.125893+09:00,가산디지털단지역,가산디지털단지역,POI013,KEY_2,1170008501,디지털로,1170002901,가산동 60-35,126.8849706404372881_37.4771422536530636,1170014802,수출의다리고가차도(동측),126.8868851157251072_37.4776397125304612,179.0,8.0,정체,126.8868851157251072_37.4776397125304612|126.8866068412610275_37.4776165718272409|126.8849706404372881_37.4771422536530636
2026-09-04T13:22:12.125893+09:00,가산디지털단지역,가산디지털단지역,POI013,KEY_2,1170008502,디지털로,1170014802,수출의다리고가차도(동측),126.8868851157251072_37.4776397125304612,1170015304,마리오사거리,126.8879457849973704_37.4779606013956652,100.0,28.0,원활,126.8879457849973704_37.4779606013956652|126.8877937382763292_37.4779018553425018|126.8868851157251072_37.4776397125304612
2026-09-04T13:22:12.125893+09:00,가산디지털단지역,가산디지털단지역,POI013,KEY_2,1170008700,가산디지털2로,1170165900,가산동 450-2,126.8795693852690647_37.4785504672348466,1170003103,넥스트데일리,126.8792068995255988_37.4793524705919339,95.0,14.0,정체,126.8792068995255988_37.4793524705919339|126.8795693852690647_37.4785504672348466
2026-09-04T13:22:12.125893+09:00,가산디지털단지역,가산디지털단지역,POI013,KEY_2,1170008800,가산디지털2로,1170151300,가산동 450-2,126.8799342887909205_37.4780621502048774,1170014101,디지털3단지교차로,126.8808941691960683_37.4759382777542669,251.0,21.0,서행,126.8808941691960683_37.4759382777542669|126.8806351373934405_37.4765114353296767|126.8804550586407345_37.4769098885863343|126.8799342887909205_37.4780621502048774
2026-09-04T13:22:12.125893+09:00,가산디지털단지역,가산디지털단지역,POI013,KEY_2,1170009100,가산디지털1로,1170002804,창업경영신문,126.8831950703829676_37.4766334638794163,1170017103,우림라이온스밸리,126.8816733364257345_37.4800346466289866,401.0,17.0,서행,126.8816733364257345_37.4800346466289866|126.8831950703829676_37.4766334638794163
2026-09-04T13:22:12.125893+09:00,가산디지털단지역,가산디지털단지역,POI013,KEY_2,1170009200,가산디지털1로,1170017102,우림라이온스밸리,126.8818011270400490_37.4800709604220117,1170002801,창업경영신문,126.8833226910250147_37.4766701422596853,401.0,24.0,서행,126.8833226910250147_37.4766701422596853|126.8818011270400490_37.4800709604220117
2026-09-04T13:22:12.125893+09:00,가산디지털단지역,가산디지털단지역,POI013,KEY_2,1170009301,디지털로,1170015301,마리오사거리,126.8880672616053715_37.4780099944341174,1170015804,가산동 60-35,126.8888608195852470_37.4786422669334556,100.0,9.0,정체,126.8888608195852470_37.4786422669334556|126.8881409368257351_37.4780418229270751|126.8880672616053715_37.4780099944341174
2026-09-04T13:22:12.125893+09:00,가산디지털단지역,가산디지털단지역,POI013,KEY_2,1170009302,디지털로,1170015801,가산동 127-34,126.8889577744570971_37.4787220070768754,1170016605,디지털단지오거리,126.8897211418423723_37.4793279122721970,95.0,22.0,서행,126.8897211418423723_37.4793279122721970|126.8895964707636494_37.4792431250065050|126.8893402984789844_37.4790341130758478|126.8889577744570971_37.4787220070768754
2026-09-04T13:22:12.125893+09:00,가산디지털단지역,가산디지털단지역,POI013,KEY_2,1170009501,벚꽃로,1170002904,가산동 60-35,126.8848493716510859_37.4770937824342951,1170017303,가산디지털단지역,126.8833329550342484_37.4805985517580140,412.0,24.0,서행,126.8833329550342484_37.4805985517580140|126.8836020502718611_37.4799046444760648|126.8836391972232320_37.4798198577455253|126.8847971478063670_37.4771767696381630|126.8848493716510859_37.4770937824342951
2026-09-04T13:22:12.125893+09:00,가산디지털단지역,가산디지털단지역,POI013,KEY_2,1170009502,벚꽃로,1170017304,가산디지털단지역,126.8832914721379836_37.4806927127882901,1170003303,가산디지털단지역앞교차로,126.8828894882291110_37.4816141572351995,108.0,21.0,서행,126.8828894882291110_37.4816141572351995|126.8830619523466794_37.4811548390686653|126.8832914721379836_37.4806927127882901
2026-09-04T13:22:12.125893+09:00,가산디지털단지역,가산디지털단지역,POI013,KEY_2,1170009601,벚꽃로,1170168100,가산동 60-35,126.8837672852709773_37.4798554986572157,1170002901,가산동 60-35,126.8849706404372881_37.4771422536530636,319.0,22.0,서행,126.8849706404372881_37.4771422536530636|126.8849223436458260_37.4772190002988594|126.8837672852709773_37.4798554986572157
2026-09-04T13:22:12.125893+09:00,가산디지털단지역,가산디지털단지역,POI013,KEY_2,1170009602,벚꽃로,1170003302,가산디지털단지역앞교차로,126.8830194687454451_37.4816451521612635,1170017301,가산디지털단지역,126.8834176229635631_37.4807325035353074,107.0,14.0,정체,126.8834176229635631_37.4807325035353074|126.8831902554749149_37.4811902972294035|126.8830194687454451_37.4816451521612635
2026-09-04T13:22:12.125893+09:00,가산디지털단지역,가산디지털단지역,POI013,KEY_2,1170009700,가산디지털1로,1170003101,넥스트데일리,126.8792897949768275_37.4794901852118443,1170017104,우림라이온스밸리,126.8816281155147578_37.4801365859910831,219.0,9.3,정체,126.8816281155147578_37.4801365859910831|126.8792897949768275_37.4794901852118443
2026-09-04T13:22:12.125893+09:00,가산디지털단지역,가산디지털단지역,POI013,KEY_2,1170009800,가산디지털1로,1170017103,우림라이온스밸리,126.8816733364257345_37.4800346466289866,1170003102,넥스트데일리,126.8793349417991720_37.4793882254874120,219.0,17.3,서행,126.8793349417991720_37.4793882254874120|126.8816733364257345_37.4800346466289866
2026-09-04T13:22:12.125893+09:00,가산디지털단지역,가산디지털단지역,POI013,KEY_2,1170009901,디지털로9길,1170164100,가산동 60-35,126.8857907737875763_37.4806189633382587,1170017503,가산KS타워,126.8854049819534566_37.4811550680724608,69.0,13.5,정체,126.8854049819534566_37.4811550680724608|126.8854945275656974_37.4809843865200421|126.8857907737875763_37.4806189633382587
2026-09-04T13:22:12.125893+09:00,가산디지털단지역,가산디지털단지역,POI013,KEY_2,1170009902,디지털로9길,1170017504,가산KS타워,126.8853679062811182_37.4812594917756741,1170017803,가산동 602-6,126.8846865555989893_37.4822817629960028,146.0,16.0,서행,126.8846865555989893_37.4822817629960028|126.8847872687601921_37.4822837721918489|126.8849954357073386_37.4822479211715986|126.8850646930436028_37.4822359934149461|126.8850993805177296_37.4821999372626919|126.8853385586020295_37.4814344575109359|126.8853679062811182_37.4812594917756741
2026-09-04T13:22:12.125893+09:00,가산디지털단지역,가산디지털단지역,POI013,KEY_2,1170009903,벚꽃로38길,1170155100,가산동 46-1,126.8840151666784664_37.4820112742903930,1170003302,가산디지털단지역앞교차로,126.8830194687454451_37.4816451521612635,97.0,19.0,서행,126.8830194687454451_37.4816451521612635|126.8831886167514966_37.4817004430020972|126.8840151666784664_37.4820112742903930
2026-09-04T13:22:12.125893+09:00,가산디지털단지역,가산디지털단지역,POI013,KEY_2,1170010001,디지털로9길,1170157900,가산동 60-35,126.8876891962911060_37.4784763829253507,1170015301,마리오사거리,126.8880672616053715_37.4780099944341174,62.0,13.0,정체,126.8880672616053715_37.4780099944341174|126.8876891962911060_37.4784763829253507
2026-09-04T13:22:12.125893+09:00,가산디지털단지역,가산디지털단지역,POI013,KEY_2,1170010002,디지털로9길,1170164300,가산동 83-17,126.8850240952999968_37.4823536023999466,1170017501,가산KS타워,126.8854966385132741_37.4813080721727374,130.0,24.0,서행,126.8854966385132741_37.4813080721727374|126.8854720363983688_37.4814547452319502|126.8852242188884105_37.4822478778168318|126.8851420531717906_37.4823332874456128|126.8850240952999968_37.4823536023999466
2026-09-04T13:22:12.125893+09:00,가산디지털단지역,가산디지털단지역,POI013,KEY_2,1170010003,벚꽃로38길,1170003301,가산디지털단지역앞교차로,126.8829893206686705_37.4817521605425767,1170017805,가산동 44-2,126.8845113234408046_37.4823435056280232,150.0,14.0,정체,126.8845113234408046_37.4823435056280232|126.8844121273338743_37.4822801062946951|126.8839572660004364_37.4821090552079923|126.8831338864580545_37.4817994160133665|126.8829893206686705_37.4817521605425767
2026-09-04T13:22:12.125893+09:00,가산디지털단지역,가산디지털단지역,POI013,KEY_2,1170010100,가산디지털2로,1170163700,가산동 459-16,126.8780659482346493_37.4819818783020651,1170003403,에이스K1타워,126.8776671309272359_37.4829016927615086,108.0,5.0,정체,126.8776671309272359_37.4829016927615086|126.8780659482346493_37.4819818783020651
2026-09-04T13:22:12.125893+09:00,가산디지털단지역,가산디지털단지역,POI013,KEY_2,1170010200,가산디지털2로,1170158600,가산동 459-16,126.8788328581306786_37.4805441223066751,1170003101,넥스트데일리,126.8792897949768275_37.4794901852118443,124.0,15.0,서행,126.8792897949768275_37.4794901852118443|126.8790614862625290_37.4800167893449014|126.8788328581306786_37.4805441223066751
2026-09-04T13:22:12.125893+09:00,가산디지털단지역,가산디지털단지역,POI013,KEY_2,1170010300,가산디지털1로,1170150600,가산동 459-10,126.8808801590886901_37.4818370707626585,1170003503,한국훼스토사옥,126.8801118740768601_37.4835836867734358,205.0,17.0,서행,126.8801118740768601_37.4835836867734358|126.8803369051264553_37.4830721111243506|126.8808801590886901_37.4818370707626585
2026-09-04T13:22:12.125893+09:00,가산디지털단지역,가산디지털단지역,POI013,KEY_2,1170010400,가산디지털1로,1170167300,가산동 616-15,126.8813486780083650_37.4810987530050070,1170017101,우림라이온스밸리,126.8817561488803136_37.4801723509751810,109.0,17.3,서행,126.8817561488803136_37.4801723509751810|126.8815593348671769_37.4806198189058648|126.8813486780083650_37.4810987530050070
2026-09-04T13:22:12.125893+09:00,가산디지털단지역,가산디지털단지역,POI013,KEY_2,1170010500,가산디지털1로,1170003401,에이스K1타워,126.8777503253269572_37.4830394456682896,1170003504,한국훼스토사옥,126.8800667333185430_37.4836856482294465,217.0,18.0,서행,126.8800667333185430_37.4836856482294465|126.8780941474029760_37.4831353644310639|126.8777503253269572_37.4830394456682896
2026-09-04T13:22:12.125893+09:00,가산디지털단지역,가산디지털단지역,POI013,KEY_2,1170010600,가산디지털1로,1170003503,한국훼스토사옥,126.8801118740768601_37.4835836867734358,1170003402,에이스K1타워,126.8777951926237648_37.4829374080324058,217.0,22.0,서행,126.8777951926237648_37.4829374080324058|126.8781389769056318_37.4830333162361384|126.8801118740768601_37.4835836867734358
2026-09-04T13:22:12.125893+09:00,가산디지털단지역,가산디지털단지역,POI013,KEY_2,1170010700,가산디지털2로,1170003404,에이스K1타워,126.8776222640547218_37.4830037301974457,1170023003,한일유앤아이앞교차로,126.8764497305519399_37.4856050416145052,307.0,14.0,정체,126.8764497305519399_37.4856050416145052|126.8769530191521113_37.4844974112430336|126.8771270214393354_37.4841144613098365|126.8776222640547218_37.4830037301974457
2026-09-04T13:22:12.125893+09:00,가산디지털단지역,가산디지털단지역,POI013,KEY_2,1170010800,가산디지털2로,1170156100,가산동 481-16,126.8770714123987062_37.4845325912213241,1170003401,에이스K1타워,126.8777503253269572_37.4830394456682896,176.0,15.5,서행,126.8777503253269572_37.4830394456682896|126.8772551320893029_37.4841500725636081|126.8770714123987062_37.4845325912213241
2026-09-04T13:22:12.125893+09:00,가산디지털단지역,가산디지털단지역,POI013,KEY_2,1170010901,가산디지털1로,1170018402,구로IC,126.8790152981205779_37.4860597091810774,1170023202,구로IC,126.8782894081204518_37.4863251524316681,72.0,30.0,원활,126.8782894081204518_37.4863251524316681|126.8784915212230970_37.4863057342280257|126.8790152981205779_37.4860597091810774
2026-09-04T13:22:12.125893+09:00,가산디지털단지역,가산디지털단지역,POI013,KEY_2,1170010902,가산디지털1로,1170003504,한국훼스토사옥,126.8800667333185430_37.4836856482294465,1170018402,구로IC,126.8790152981205779_37.4860597091810774,279.0,15.5,서행,126.8790152981205779_37.4860597091810774|126.8790604212477149_37.4859441407688223|126.8793212295502570_37.4853588158684659|126.8795574099507206_37.4848287542369079|126.8800667333185430_37.4836856482294465
2026-09-04T13:22:12.125893+09:00,가산디지털단지역,가산디지털단지역,POI013,KEY_2,1170011000,가산디지털1로,1170150700,가산동 505-21,126.8794490895131304_37.4853949931488870,1170003501,한국훼스토사옥,126.8801945904667718_37.4837218246057446,197.0,22.0,서행,126.8801945904667718_37.4837218246057446|126.8796852690211807_37.4848649312325009|126.8794490895131304_37.4853949931488870
2026-09-04T13:22:12.125893+09:00,가산디지털단지역,가산디지털단지역,POI013,KEY_2,1170028300,디지털로,1170023502,철산교고가차도,126.8800949544824590_37.4757125871934207,1170013902,가산동 371-27,126.8802765869246230_37.4757477449477676,17.0,29.0,원활,126.8802765869246230_37.4757477449477676|126.8800949544824590_37.4757125871934207
2026-09-04T13:22:12.125893+09:00,가산디지털단지역,가산디지털단지역,POI013,KEY_2,1170028500,디지털로,1170013902,가산동 371-27,126.8802765869246230_37.4757477449477676,1170014104,디지털3단지교차로,126.8807666706382662_37.4759013303836070,47.0,29.0,원활,126.8807666706382662_37.4759013303836070|126.8802765869246230_37.4757477449477676
2026-09-04T13:22:12.125893+09:00,가산디지털단지역,가산디지털단지역,POI013,KEY_2,1170028900,디지털로,1170002801,창업경영신문,126.8833226910250147_37.4766701422596853,1170019102,가산동 371-37,126.8844718276479000_37.4770052692773135,108.0,6.0,정체,126.8844718276479000_37.4770052692773135|126.8833226910250147_37.4766701422596853
2026-09-04T13:22:12.125893+09:00,가산디지털단지역,가산디지털단지역,POI013,KEY_2,1170029200,서부샛길,1170153800,가산동 547-52,126.8767546681473988_37.4782024378307170,1170015903,가산동 544-13,126.8765381634038363_37.4785920668772263,47.0,28.0,원활,126.8765381634038363_37.4785920668772263|126.8766674236980521_37.4783525686198544|126.8767546681473988_37.4782024378307170
2026-09-04T13:22:12.125893+09:00,가산디지털단지역,가산디지털단지역,POI013,KEY_2,1170029300,서부샛길,1170151400,가산동 550-15,126.8780991489793593_37.4762654423675059,1170014301,가산동 550-22,126.8783120974288749_37.4759271076860259,42.0,20.0,서행,126.8783120974288749_37.4759271076860259|126.8780991489793593_37.4762654423675059
2026-09-04T13:22:12.125893+09:00,가산디지털단지역,가산디지털단지역,POI013,KEY_2,1170030000,가산디지털2로,1170164700,가산동 547-99,126.8773536677577454_37.4788296880376564,1170015902,가산동 544-13,126.8766627919840744_37.4786347879414308,65.0,18.0,서행,126.8766627919840744_37.4786347879414308|126.8773536677577454_37.4788296880376564
2026-09-04T13:22:12.125893+09:00,가산디지털단지역,가산디지털단지역,POI013,KEY_2,1170030100,가산디지털2로,1170015901,가산동 544-12,126.8766133438417967_37.4787355332651373,1170003104,넥스트데일리,126.8791617565880898_37.4794544305682820,239.0,14.0,정체,126.8791617565880898_37.4794544305682820|126.8773083963655779_37.4789316116942430|126.8766133438417967_37.4787355332651373
2026-09-04T13:22:12.125893+09:00,가산디지털단지역,가산디지털단지역,POI013,KEY_2,1170030200,서부간선도로,1170023102,철산교,126.8780496419956876_37.4758314471784288,1170017902,광명대교,126.8742441723002514_37.4831753643997345,884.0,11.0,정체,126.8742441723002514_37.4831753643997345|126.8742841358361062_37.4830666454064314|126.8746521467129043_37.4820934591778610|126.8757447269381515_37.4798258450576327|126.8762013804379194_37.4788734274832294|126.8764080609626461_37.4784287554216320|126.8767237674334041_37.4779089228715350|126.8772010922821636_37.4771584487192797|126.8780496419956876_37.4758314471784288
2026-09-04T13:22:12.125893+09:00,가산디지털단지역,가산디지털단지역,POI013,KEY_2,1170030300,서부간선도로,1170017901,광명대교,126.8743744262892932_37.4832057708655171,1170023101,철산교,126.8781714453113096_37.4758789730092374,881.0,24.0,서행,126.8781714453113096_37.4758789730092374|126.8768453846509772_37.4779569383214692|126.8765330638727704_37.4784711983867780|126.8763284069663797_37.4789115164048496|126.8758714678139228_37.4798645333357214|126.8747806505455884_37.4821284959943171|126.8745671705812583_37.4826930422461686|126.8744142413161313_37.4830974513846513|126.8743744262892932_37.4832057708655171
2026-09-04T13:22:12.125893+09:00,가산디지털단지역,가산디지털단지역,POI013,KEY_2,1170030400,디지털로11길,1170015804,가산동 60-35,126.8888608195852470_37.4786422669334556,1170017202,가산치안센터,126.8877563510179272_37.4803409344622338,225.0,8.0,정체,126.8877563510179272_37.4803409344622338|126.8876487189374700_37.4802532686979433|126.8876152582835175_37.4801857324034202|126.8877781348083573_37.4799839046579919|126.8888608195852470_37.4786422669334556
2026-09-04T13:22:12.125893+09:00,가산디지털단지역,가산디지털단지역,POI013,KEY_2,1170030500,디지털로11길,1170017201,가산치안센터,126.8878517040770220_37.4802639980304875,1170015801,가산동 127-34,126.8889577744570971_37.4787220070768754,205.0,14.0,정체,126.8889577744570971_37.4787220070768754|126.8878922441530221_37.4800423892421009|126.8877682556147874_37.4801960294957510|126.8878517040770220_37.4802639980304875
2026-09-04T13:22:12.125893+09:00,가산디지털단지역,가산디지털단지역,POI013,KEY_2,1170030600,서부샛길,1170156300,가산동 542-18,126.8762015040739612_37.4792846998089075,1170017703,가산동 535-140,126.8748589685998525_37.4821163650056377,336.0,26.5,원활,126.8748589685998525_37.4821163650056377|126.8752476347248290_37.4812862732621923|126.8754964236416640_37.4807660887605039|126.8755720501943642_37.4806079621604198|126.8758630488654546_37.4799995100011856|126.8762015040739612_37.4792846998089075
2026-09-04T13:22:12.125893+09:00,가산디지털단지역,가산디지털단지역,POI013,KEY_2,1170030700,서부샛길,1170156400,가산동 543-1,126.8763284381504661_37.4793228710363309,1170015901,가산동 544-12,126.8766133438417967_37.4787355332651373,70.0,26.0,원활,126.8766133438417967_37.4787355332651373|126.8764689858910373_37.4790635996740278|126.8764086333215033_37.4791534977809491|126.8763284381504661_37.4793228710363309
2026-09-04T13:22:12.125893+09:00,가산디지털단지역,가산디지털단지역,POI013,KEY_2,1170031000,벚꽃로36길,1170017503,가산KS타워,126.8854049819534566_37.4811550680724608,1170017302,가산디지털단지역,126.8834625777253109_37.4806304764118963,181.0,8.0,정체,126.8834625777253109_37.4806304764118963|126.8845092248789683_37.4809084600321043|126.8851637740912679_37.4810822988738792|126.8854049819534566_37.4811550680724608
2026-09-04T13:22:12.125893+09:00,가산디지털단지역,가산디지털단지역,POI013,KEY_2,1170031100,벚꽃로36길,1170168600,가산동 60-35,126.8844663288588350_37.4810110345676577,1170017504,가산KS타워,126.8853679062811182_37.4812594917756741,84.0,12.0,정체,126.8853679062811182_37.4812594917756741|126.8851182907982178_37.4811841866554118|126.8844663288588350_37.4810110345676577
2026-09-04T13:22:12.125893+09:00,가산디지털단지역,가산디지털단지역,POI013,KEY_2,1170031200,벚꽃로36길,1170017603,진도로터리,126.8865717208607293_37.4816908228100871,1170017502,가산KS타워,126.8855287992586085_37.4811993588658439,107.0,7.0,정체,126.8855287992586085_37.4811993588658439|126.8856946300879258_37.4812690241665081|126.8865717208607293_37.4816908228100871
2026-09-04T13:22:12.125893+09:00,가산디지털단지역,가산디지털단지역,POI013,KEY_2,1170031300,벚꽃로36길,1170017501,가산KS타워,126.8854966385132741_37.4813080721727374,1170017604,진도로터리,126.8864996062809212_37.4817824247397624,103.0,6.0,정체,126.8864996062809212_37.4817824247397624|126.8856278911453188_37.4813632104785341|126.8854966385132741_37.4813080721727374
2026-09-04T13:22:12.125893+09:00,가산디지털단지역,가산디지털단지역,POI013,KEY_2,1170031600,가산디지털2로,1170003403,에이스K1타워,126.8776671309272359_37.4829016927615086,1170017702,가산동 535-140,126.8749860827710734_37.4821541629738917,251.0,14.0,정체,126.8749860827710734_37.4821541629738917|126.8771006730682416_37.4827437593072830|126.8776671309272359_37.4829016927615086
2026-09-04T13:22:12.125893+09:00,가산디지털단지역,가산디지털단지역,POI013,KEY_2,1170031700,가산디지털2로,1170017701,가산동 535-140,126.8749405965466508_37.4822560278924541,1170003404,에이스K1타워,126.8776222640547218_37.4830037301974457,251.0,21.0,서행,126.8776222640547218_37.4830037301974457|126.8770558675186066_37.4828458138785905|126.8749405965466508_37.4822560278924541
2026-09-04T13:22:12.125893+09:00,가산디지털단지역,가산디지털단지역,POI013,KEY_2,1170031800,벚꽃로38길,1170018001,가산동 87-228,126.8849888398732020_37.4830651069565590,1170017802,가산동 602-6,126.8846772351536458_37.4823809587892427,81.0,22.0,서행,126.8846772351536458_37.4823809587892427|126.8846856655747217_37.4824789783436785|126.8847230497314200_37.4825887441221894|126.8848857802843639_37.4829088102786230|126.8849888398732020_37.4830651069565590
2026-09-04T13:22:12.125893+09:00,가산디지털단지역,가산디지털단지역,POI013,KEY_2,1170031900,벚꽃로38길,1170017806,가산동 602-6,126.8845429062670860_37.4824003203607106,1170018002,가산동 87-228,126.8848823508648422_37.4831372761665094,88.0,22.0,서행,126.8848823508648422_37.4831372761665094|126.8847625679666606_37.4829543974171813|126.8845942445571637_37.4826233297257261|126.8845512215779223_37.4824970086767024|126.8845429062670860_37.4824003203607106
2026-09-04T13:22:12.125893+09:00,가산디지털단지역,가산디지털단지역,POI013,KEY_2,1170032000,서부샛길,1170017704,가산동 535-140,126.8748120880016330_37.4822213561447128,1170018102,광명대교,126.8740587812258696_37.4851270971715280,330.0,30.0,원활,126.8740587812258696_37.4851270971715280|126.8741436649035990_37.4846873682491832|126.8741537951397902_37.4846348895166557|126.8742036013845649_37.4842427896649255|126.8742494009264590_37.4839837526722377|126.8742891614991066_37.4838292628454326|126.8743330290148634_37.4836588147161365|126.8746081909190053_37.4827012903680625|126.8748120880016330_37.4822213561447128
2026-09-04T13:22:12.125893+09:00,가산디지털단지역,가산디지털단지역,POI013,KEY_2,1170032100,서부샛길,1170168200,가산동 536-14,126.8744238567562235_37.4838473620564159,1170017701,가산동 535-140,126.8749405965466508_37.4822560278924541,183.0,29.0,원활,126.8749405965466508_37.4822560278924541|126.8747379563199473_37.4827330065497080|126.8745128245454907_37.4834893090519898|126.8744308419180982_37.4838078535391972|126.8744238567562235_37.4838473620564159
2026-09-04T13:22:12.125893+09:00,가산디지털단지역,가산디지털단지역,POI013,KEY_2,1170043900,가마산로,1170023001,한일유앤아이앞교차로,126.8765517662187534_37.4857476377097569,1170023204,구로IC,126.8781042169384961_37.4863653494947258,154.0,7.0,정체,126.8781042169384961_37.4863653494947258|126.8778462666792564_37.4862478999184319|126.8772797986363656_37.4859894003297995|126.8767786420606427_37.4858124623021354|126.8765517662187534_37.4857476377097569
2026-09-04T13:22:12.125893+09:00,가산디지털단지역,가산디지털단지역,POI013,KEY_2,1170032200,벚꽃로,1170003304,가산디지털단지역앞교차로,126.8828556252263553_37.4817337593798925,1170018203,가산동교차로,126.8810193619301288_37.4855797823955541,457.0,29.0,원활,126.8810193619301288_37.4855797823955541|126.8814549818461330_37.4846175107537718|126.8816762697065883_37.4841371457142856|126.8819732803121099_37.4835805968858509|126.8821895137885321_37.4831754053464792|126.8823893348157696_37.4827592756745958|126.8825550680871004_37.4824141303692215|126.8826465093475946_37.4822236992901168|126.8827737257268780_37.4819587629643607|126.8828437361635224_37.4817886175017208|126.8828556252263553_37.4817337593798925
2026-09-04T13:22:12.125893+09:00,가산디지털단지역,가산디지털단지역,POI013,KEY_2,1170032300,벚꽃로,1170157400,가산동 34-91,126.8827732242271651_37.4822623402857431,1170003301,가산디지털단지역앞교차로,126.8829893206686705_37.4817521605425767,60.0,37.0,원활,126.8829893206686705_37.4817521605425767|126.8829757450834563_37.4818148018831323|126.8829016185382415_37.4819949499432283|126.8827732242271651_37.4822623402857431
2026-09-04T13:22:12.125893+09:00,가산디지털단지역,가산디지털단지역,POI013,KEY_2,1170032400,서부간선도로,1170017902,광명대교,126.8742441723002514_37.4831753643997345,1170022903,금천구-광명시,126.8734821978691230_37.4850995426429492,225.0,32.0,원활,126.8734821978691230_37.4850995426429492|126.8736948615680831_37.4844914584934017|126.8739616413024578_37.4837516950747229|126.8741225826684911_37.4833138490987423|126.8742441723002514_37.4831753643997345
2026-09-04T13:22:12.125893+09:00,가산디지털단지역,가산디지털단지역,POI013,KEY_2,1170032500,서부간선도로,1170022902,금천구-광명시,126.8737588846273923_37.4851140302723067,1170017901,광명대교,126.8743744262892932_37.4832057708655171,219.0,34.0,원활,126.8743744262892932_37.4832057708655171|126.8743604958764450_37.4834381828801071|126.8739559928559828_37.4845504191062844|126.8737588846273923_37.4851140302723067
2026-09-04T13:22:12.125893+09:00,가산디지털단지역,가산디지털단지역,POI013,KEY_2,1170032600,서부간선도로,2130001604,금천구-광명시,126.8734167913569877_37.4857818034045209,1170017901,광명대교,126.8743744262892932_37.4832057708655171,298.0,63.0,원활,126.8743744262892932_37.4832057708655171|126.8738910636768082_37.4845347984241712|126.8734167913569877_37.4857818034045209
2026-09-04T13:22:12.125893+09:00,가산디지털단지역,가산디지털단지역,POI013,KEY_2,1170032700,서부간선도로,1170017902,광명대교,126.8742441723002514_37.4831753643997345,2130001605,금천구-광명시,126.8733111410033843_37.4857606763575504,299.0,9.0,정체,126.8733111410033843_37.4857606763575504|126.8737601144272276_37.4845061759182911|126.8740267697573216_37.4837667537030796|126.8742441723002514_37.4831753643997345
2026-09-04T13:22:12.125893+09:00,가산디지털단지역,가산디지털단지역,POI013,KEY_2,1170032800,서부간선도로,2130001604,금천구-광명시,126.8734167913569877_37.4857818034045209,1170022901,금천구-광명시,126.8737210965491045_37.4852198895296880,68.0,22.0,서행,126.8737210965491045_37.4852198895296880|126.8735624265544004_37.4856033073380033|126.8734167913569877_37.4857818034045209
2026-09-04T13:22:12.125893+09:00,가산디지털단지역,가산디지털단지역,POI013,KEY_2,1170032900,서부간선도로,1170022904,금천구-광명시,126.8734457962195279_37.4852015732672896,2130001605,금천구-광명시,126.8733111410033843_37.4857606763575504,64.0,6.0,정체,126.8733111410033843_37.4857606763575504|126.8733240737339401_37.4855316814037565|126.8734457962195279_37.4852015732672896
2026-09-04T13:22:12.125893+09:00,가산디지털단지역,가산디지털단지역,POI013,KEY_2,1170033000,남부순환로,1170018700,구로구-금천구,126.8790815469585880_37.4864162607002811,1170018401,구로IC,126.8791448623472178_37.4860989419166160,36.0,32.0,원활,126.8791448623472178_37.4860989419166160|126.8791164766049633_37.4862132444492389|126.8790891626350685_37.4863324792847834|126.8790815469585880_37.4864162607002811
2026-09-04T13:22:12.125893+09:00,가산디지털단지역,가산디지털단지역,POI013,KEY_2,1170043300,서부간선도로,1170023101,철산교,126.8781714453113096_37.4758789730092374,1170023401,철산교교차로,126.8792146732295976_37.4741770255893343,210.0,21.0,서행,126.8792146732295976_37.4741770255893343|126.8791512669663177_37.4742680248910673|126.8785461422459235_37.4752412749364154|126.8784617030426745_37.4753839935928355|126.8781714453113096_37.4758789730092374
2026-09-04T13:22:12.125893+09:00,가산디지털단지역,가산디지털단지역,POI013,KEY_2,1170043400,서부간선도로,1170023402,철산교교차로,126.8791102050527684_37.4741042433240850,1170023102,철산교,126.8780496419956876_37.4758314471784288,213.0,14.5,정체,126.8780496419956876_37.4758314471784288|126.8784241722095771_37.4751939636416651|126.8790311411188014_37.4742177436715664|126.8791102050527684_37.4741042433240850
2026-09-04T13:22:12.125893+09:00,가산디지털단지역,가산디지털단지역,POI013,KEY_2,1170043600,디지털로,1170023301,철산대교,126.8786566066053894_37.4753214467683478,1170023502,철산교고가차도,126.8800949544824590_37.4757125871934207,134.0,42.0,원활,126.8800949544824590_37.4757125871934207|126.8786566066053894_37.4753214467683478
2026-09-04T13:22:12.125893+09:00,가산디지털단지역,가산디지털단지역,POI013,KEY_2,1170043700,서부샛길,1170023101,철산교,126.8781714453113096_37.4758789730092374,1170023301,철산대교,126.8786566066053894_37.4753214467683478,75.0,28.0,원활,126.8786566066053894_37.4753214467683478|126.8781714453113096_37.4758789730092374
2026-09-04T13:22:12.125893+09:00,가산디지털단지역,가산디지털단지역,POI013,KEY_2,1170043800,가마산로,1170023203,구로IC,126.8781715420438019_37.4862714751951671,1170023002,한일유앤아이앞교차로,126.8765440518033216_37.4856305734552890,161.0,33.0,원활,126.8765440518033216_37.4856305734552890|126.8768290793187106_37.4857120254992182|126.8773411424120496_37.4858928057238785|126.8779136422489131_37.4861540250904710|126.8781715420438019_37.4862714751951671
2026-09-04T13:22:12.125893+09:00,가산디지털단지역,가산디지털단지역,POI013,KEY_2,1170044000,가마산로,1160002600,구로구-금천구,126.8787546103777828_37.4865587443682529,1170023202,구로IC,126.8782894081204518_37.4863251524316681,49.0,44.0,원활,126.8782894081204518_37.4863251524316681|126.8783716099286067_37.4863625878676814|126.8787546103777828_37.4865587443682529
2026-09-04T13:22:12.125893+09:00,가산디지털단지역,가산디지털단지역,POI013,KEY_2,1170044100,가마산로,1170023201,구로IC,126.8782220883242502_37.4864190188929030,1160008600,구로IC교차로,126.8786626732868825_37.4866401190959166,46.0,15.0,서행,126.8786626732868825_37.4866401190959166|126.8783012361690226_37.4864550569965189|126.8782220883242502_37.4864190188929030
2026-09-04T13:22:12.125893+09:00,가산디지털단지역,가산디지털단지역,POI013,KEY_2,1170044201,남부순환로,1170169300,최소노드배치점,126.8822665721246352_37.4849710662941860,1170019000,가리봉고가차도,126.8791756496076175_37.4863167028194511,313.0,10.0,정체,126.8791756496076175_37.4863167028194511|126.8795977657532745_37.4861425221933544|126.8803209840576471_37.4858849248429351|126.8809917090289616_37.4856484551944149|126.8812938588655328_37.4855283549657656|126.8814598900988813_37.4854548625366562|126.8821731209506112_37.4850349575400301|126.8822665721246352_37.4849710662941860
2026-09-04T13:22:12.125893+09:00,가산디지털단지역,가산디지털단지역,POI013,KEY_2,1170044401,남부순환로,1170017604,진도로터리,126.8864996062809212_37.4817824247397624,1160119703,가산동 87-228,126.8849676600162297_37.4831497843805792,205.0,10.0,정체,126.8849676600162297_37.4831497843805792|126.8855355875806055_37.4827596705933672|126.8857488716080582_37.4826120558047649|126.8859756879799647_37.4824256035163046|126.8860754726341327_37.4823234017196043|126.8864996062809212_37.4817824247397624
2026-09-04T13:22:12.125893+09:00,가산디지털단지역,가산디지털단지역,POI013,KEY_2,2130003700,가마산로,1170022901,금천구-광명시,126.8737210965491045_37.4852198895296880,1170023004,한일유앤아이앞교차로,126.8764065934058607_37.4857075652449510,244.0,16.0,서행,126.8764065934058607_37.4857075652449510|126.8758372667077765_37.4855633058797721|126.8751884228181837_37.4854021500352275|126.8748092360707460_37.4853289942778574|126.8740455173326467_37.4852429319146481|126.8737210965491045_37.4852198895296880
2026-09-04T13:22:12.125893+09:00,가산디지털단지역,가산디지털단지역,POI013,KEY_2,2130003800,가마산로,1170023003,한일유앤아이앞교차로,126.8764497305519399_37.4856050416145052,1170022902,금천구-광명시,126.8737588846273923_37.4851140302723067,245.0,12.5,정체,126.8737588846273923_37.4851140302723067|126.8740610488251548_37.4851354942786159|126.8748347677250621_37.4852226501480530|126.8752246104701555_37.4852979002086286|126.8758780173978948_37.4854601499689437|126.8764497305519399_37.4856050416145052
2026-09-04T13:22:12.125893+09:00,가산디지털단지역,가산디지털단지역,POI013,KEY_2,2130005900,디지털로,2130010101,철산대교사거리,126.8760760325830859_37.4746055471850141,1170023301,철산대교,126.8786566066053894_37.4753214467683478,242.0,15.0,서행,126.8786566066053894_37.4753214467683478|126.8781441417533955_37.4751502438280255|126.8760760325830859_37.4746055471850141
2026-09-04T13:22:12.125893+09:00,가산디지털단지역,가산디지털단지역,POI013,KEY_2,2130006200,가마산로,1160119302,구로현대로얄아파트,126.8774535794735243_37.4870541215173674,1170023001,한일유앤아이앞교차로,126.8765517662187534_37.4857476377097569,171.0,15.0,서행,126.8765517662187534_37.4857476377097569|126.8765848292610627_37.4859164939894995|126.8765939865786123_37.4860499004509009|126.8766411101054103_37.4862142745454250|126.8767186103615217_37.4863205256784866|126.8768765484934136_37.4864989313129797|126.8771816105266197_37.4868254937788166|126.8773875479257214_37.4870177123956125|126.8774535794735243_37.4870541215173674
2026-09-04T13:22:12.125893+09:00,가산디지털단지역,가산디지털단지역,POI013,KEY_2,2130037200,가마산로,1170022903,금천구-광명시,126.8734821978691230_37.4850995426429492,2130012802,광명대교사거리,126.8710246817804688_37.4849333097879693,218.0,11.0,정체,126.8710246817804688_37.4849333097879693|126.8711334546059959_37.4849340255628292|126.8713709553037603_37.4849265248893673|126.8734821978691230_37.4850995426429492
2026-09-04T13:22:12.125893+09:00,가산디지털단지역,가산디지털단지역,POI013,KEY_2,2130037300,가마산로,2130012801,광명대교사거리,126.8709844969789344_37.4850411728194999,1170022904,금천구-광명시,126.8734457962195279_37.4852015732672896,219.0,19.0,서행,126.8734457962195279_37.4852015732672896|126.8713640170870747_37.4850349311023550|126.8711355799803329_37.4850421497208615|126.8709844969789344_37.4850411728194999
2026-09-04T13:22:12.125893+09:00,가산디지털단지역,가산디지털단지역,POI013,KEY_2,2130048500,서부간선도로,2130001602,세진자동차정비센터,126.8731138749185021_37.4871474213395715,2130001604,금천구-광명시,126.8734167913569877_37.4857818034045209,154.0,60.0,원활,126.8734167913569877_37.4857818034045209|126.8731138749185021_37.4871474213395715
2026-09-04T13:22:12.125893+09:00,가산디지털단지역,가산디지털단지역,POI013,KEY_2,2130048600,서부간선도로,2130001605,금천구-광명시,126.8733111410033843_37.4857606763575504,2130001603,세진자동차정비센터,126.8729809575309986_37.4871260344337003,154.0,14.7,정체,126.8729809575309986_37.4871260344337003|126.8733111410033843_37.4857606763575504
2026-09-04T13:22:12.125893+09:00,강남역,강남역,POI014,KEY_3,1210054400,서초대로74길,1210216800,서초동 1398,127.0262898811845957_37.4965833263985431,1210033703,윤빌딩,127.0259041388009109_37.4973919554259822,96.0,15.0,서행,127.0259041388009109_37.4973919554259822|127.0262898811845957_37.4965833263985431
2026-09-04T13:22:12.125893+09:00,강남역,강남역,POI014,KEY_3,1220019401,역삼로,1220438500,역삼동 858-14,127.0309432021188627_37.4933967723260864,1220027304,역삼초등학교,127.0316663031210709_37.4936126134126368,68.0,13.0,정체,127.0316663031210709_37.4936126134126368|127.0309432021188627_37.4933967723260864
2026-09-04T13:22:12.125893+09:00,강남역,강남역,POI014,KEY_3,1220019402,역삼로,1220275000,역삼동 858-14,127.0325453290157043_37.4938819369312810,1220006604,역삼초교앞교차로,127.0333341389376045_37.4941241826241694,75.0,23.7,서행,127.0333341389376045_37.4941241826241694|127.0325453290157043_37.4938819369312810
2026-09-04T13:22:12.125893+09:00,강남역,강남역,POI014,KEY_3,1210020001,사임당로,1210415300,서초동 1419,127.0292323976334075_37.4928850031516703,1220006304,우성아파트앞사거리,127.0298809732350946_37.4930795966086521,61.0,16.7,서행,127.0298809732350946_37.4930795966086521|127.0292323976334075_37.4928850031516703
2026-09-04T13:22:12.125893+09:00,강남역,강남역,POI014,KEY_3,1210020101,사임당로,1210360800,서초동 1419,127.0283021951469919_37.4924903721082217,1210030502,서이초교사거리,127.0266740331770166_37.4920018339467589,154.0,14.0,정체,127.0266740331770166_37.4920018339467589|127.0283021951469919_37.4924903721082217
2026-09-04T13:22:12.125893+09:00,강남역,강남역,POI014,KEY_3,1210022202,서초대로,1210033401,진흥아파트앞교차로,127.0242802822726844_37.4970075567363992,1210033704,윤빌딩,127.0258548542651624_37.4974926936972466,149.0,14.0,정체,127.0258548542651624_37.4974926936972466|127.0251665089917026_37.4972806128327818|127.0250399262904324_37.4972416118408773|127.0242802822726844_37.4970075567363992
2026-09-04T13:22:12.125893+09:00,강남역,강남역,POI014,KEY_3,1210022203,서초대로,1210373100,서초동 1377,127.0264489335689433_37.4976757265136271,1210034104,강남역사거리,127.0275555290794074_37.4980166525441376,105.0,32.0,원활,127.0275555290794074_37.4980166525441376|127.0264489335689433_37.4976757265136271
2026-09-04T13:22:12.125893+09:00,강남역,강남역,POI014,KEY_3,1210022302,서초대로,1210033703,윤빌딩,127.0259041388009109_37.4973919554259822,1210033502,부띠크모나코뮤지엄,127.0252154534745728_37.4971797698303249,65.0,17.0,서행,127.0252154534745728_37.4971797698303249|127.0259041388009109_37.4973919554259822
2026-09-04T13:22:12.125893+09:00,강남역,강남역,POI014,KEY_3,1210022303,서초대로,1210034103,강남역사거리,127.0276030282322353_37.4979153641312806,1210033702,윤빌딩,127.0260307099654398_37.4974309517033291,149.0,5.0,정체,127.0260307099654398_37.4974309517033291|127.0264978765125790_37.4975748829649973|127.0276030282322353_37.4979153641312806
2026-09-04T13:22:12.125893+09:00,강남역,강남역,POI014,KEY_3,1210025402,사평대로,1210134700,반포동 749-35,127.0236141059144614_37.5043118599685954,1210040404,교보타워사거리,127.0243991052031305_37.5045524553287137,74.0,25.0,원활,127.0243991052031305_37.5045524553287137|127.0236141059144614_37.5043118599685954
2026-09-04T13:22:12.125893+09:00,강남역,강남역,POI014,KEY_3,1210025502,사평대로,1210236300,서초동 1413,127.0234894173690634_37.5041577975041776,1210039302,양정빌딩,127.0229020145832664_37.5039777585302119,56.0,6.3,정체,127.0229020145832664_37.5039777585302119|127.0234894173690634_37.5041577975041776
2026-09-04T13:22:12.125893+09:00,강남역,강남역,POI014,KEY_3,1210053600,강남대로55길,1210033004,삼성타운,127.0266857689022544_37.4957536970583831,1210032702,더에셋,127.0259776820794997_37.4955386588283872,67.0,13.3,정체,127.0259776820794997_37.4955386588283872|127.0266857689022544_37.4957536970583831
2026-09-04T13:22:12.125893+09:00,강남역,강남역,POI014,KEY_3,1210053700,강남대로55길,1210032701,더에셋,127.0259293124109234_37.4956396778841849,1210033005,삼성타운,127.0266374387400532_37.4958547278587062,67.0,13.0,정체,127.0266374387400532_37.4958547278587062|127.0259293124109234_37.4956396778841849
2026-09-04T13:22:12.125893+09:00,강남역,강남역,POI014,KEY_3,1210053801,강남대로55길,1210191200,서초동 1327-36,127.0272404832483488_37.4959221540181886,1210033003,삼성타운,127.0268125713474916_37.4957922050099555,40.0,12.5,정체,127.0268125713474916_37.4957922050099555|127.0272404832483488_37.4959221540181886
2026-09-04T13:22:12.125893+09:00,강남역,강남역,POI014,KEY_3,1210053802,강남대로55길,1210033203,강남역(신분당선),127.0283572661165579_37.4962612914871656,1210033007,강남역(신분당선),127.0277803841059381_37.4960861092022952,55.0,8.0,정체,127.0277803841059381_37.4960861092022952|127.0283572661165579_37.4962612914871656
2026-09-04T13:22:12.125893+09:00,강남역,강남역,POI014,KEY_3,1210053901,강남대로55길,1210033006,강남역(신분당선),127.0277320549546687_37.4961871406859260,1210033204,강남역(신분당선),127.0283100116079567_37.4963626493360778,55.0,12.5,정체,127.0283100116079567_37.4963626493360778|127.0277320549546687_37.4961871406859260
2026-09-04T13:22:12.125893+09:00,강남역,강남역,POI014,KEY_3,1210053902,강남대로55길,1210033002,삼성타운,127.0267642413025158_37.4958932358491239,1210033009,강남역(신분당선),127.0276052375956084_37.4961486294656154,80.0,11.5,정체,127.0276052375956084_37.4961486294656154|127.0271921536036501_37.4960231851536534|127.0267642413025158_37.4958932358491239
2026-09-04T13:22:12.125893+09:00,강남역,강남역,POI014,KEY_3,1210054500,서초대로74길,1210033702,윤빌딩,127.0260307099654398_37.4974309517033291,1210033002,삼성타운,127.0267642413025158_37.4958932358491239,183.0,16.0,서행,127.0267642413025158_37.4958932358491239|127.0264167297892470_37.4966217393929426|127.0260307099654398_37.4974309517033291
2026-09-04T13:22:12.125893+09:00,강남역,강남역,POI014,KEY_3,1210055400,강남대로61길,1210034701,서초초교,127.0235391206333873_37.4985356638665053,1210035204,서초동 1417,127.0251133763993892_37.4990052283610922,149.0,13.0,정체,127.0251133763993892_37.4990052283610922|127.0243740858838351_37.4987847182566867|127.0235391206333873_37.4985356638665053
2026-09-04T13:22:12.125893+09:00,강남역,강남역,POI014,KEY_3,1210055600,강남대로61길,1210418200,서초동 1417,127.0257829298254109_37.4990960560013917,1210035202,서초동 1417,127.0252893737708320_37.4989430293845913,47.0,6.0,정체,127.0252893737708320_37.4989430293845913|127.0257829298254109_37.4990960560013917
2026-09-04T13:22:12.125893+09:00,강남역,강남역,POI014,KEY_3,1210055700,강남대로61길,1210401600,서초동 1417,127.0261124478687265_37.4993142400926160,1210035404,서초동 1373,127.0268224853808761_37.4995343793171756,67.0,11.0,정체,127.0268224853808761_37.4995343793171756|127.0261124478687265_37.4993142400926160
2026-09-04T13:22:12.125893+09:00,강남역,강남역,POI014,KEY_3,1210056100,서초대로73길,1210409800,서초동 1389,127.0236643794922031_37.5020492808981771,1210038103,서초푸르지오써밋2단지아파트,127.0233853819339487_37.5026409362391178,70.0,15.0,서행,127.0233853819339487_37.5026409362391178|127.0236643794922031_37.5020492808981771
2026-09-04T13:22:12.125893+09:00,강남역,강남역,POI014,KEY_3,1210056200,서초대로73길,1210364100,서초동 1391,127.0240545656601086_37.5015292588755429,1210035201,서초동 1417,127.0252401586390647_37.4990437889059507,295.0,5.0,정체,127.0252401586390647_37.4990437889059507|127.0242391703617812_37.5011377644102453|127.0240545656601086_37.5015292588755429
2026-09-04T13:22:12.125893+09:00,강남역,강남역,POI014,KEY_3,1210057000,서운로26길,1210038103,서초푸르지오써밋2단지아파트,127.0233853819339487_37.5026409362391178,1210037402,서초4동주민센터,127.0218282543338546_37.5021676027010855,147.0,15.0,서행,127.0218282543338546_37.5021676027010855|127.0222929628553601_37.5023088669464926|127.0233853819339487_37.5026409362391178
2026-09-04T13:22:12.125893+09:00,강남역,강남역,POI014,KEY_3,1210057100,서운로26길,1210388100,서초동 1302-6,127.0222445833544498_37.5024098842265374,1210038104,서초푸르지오써밋2단지아파트,127.0233377260351233_37.5027421735315016,103.0,7.0,정체,127.0233377260351233_37.5027421735315016|127.0222445833544498_37.5024098842265374
2026-09-04T13:22:12.125893+09:00,강남역,강남역,POI014,KEY_3,1210057700,사평대로56길,1210038104,서초푸르지오써밋2단지아파트,127.0233377260351233_37.5027421735315016,1210039303,양정빌딩,127.0227753209311885_37.5039389866395183,142.0,12.0,정체,127.0227753209311885_37.5039389866395183|127.0233377260351233_37.5027421735315016
2026-09-04T13:22:12.125893+09:00,강남역,강남역,POI014,KEY_3,1210057800,사평대로56길,1210039302,양정빌딩,127.0229020145832664_37.5039777585302119,1210038101,서초푸르지오써밋2단지아파트,127.0234674391860921_37.5027745145973768,143.0,4.0,정체,127.0234674391860921_37.5027745145973768|127.0229020145832664_37.5039777585302119
2026-09-04T13:22:12.125893+09:00,강남역,강남역,POI014,KEY_3,1210172200,서초대로77길,1210082402,서초동 1309-12,127.0246208303307327_37.5023342996229516,1210038102,서초푸르지오써밋2단지아파트,127.0235154848242018_37.5026724719820592,109.0,8.0,정체,127.0235154848242018_37.5026724719820592|127.0235605027470882_37.5026574669446049|127.0238729763156584_37.5024491592639393|127.0239918461970205_37.5024095377816664|127.0242144189857498_37.5023920831073028|127.0242153286376663_37.5023920117694232|127.0244981705713059_37.5023756173163889|127.0245684570023315_37.5023622299920731|127.0246208303307327_37.5023342996229516
2026-09-04T13:22:12.125893+09:00,강남역,강남역,POI014,KEY_3,1210172300,서초대로73길,1210033704,윤빌딩,127.0258548542651624_37.4974926936972466,1210082502,한국무라타전자본사,127.0254697726481936_37.4982778876805085,94.0,15.0,서행,127.0254697726481936_37.4982778876805085|127.0255576288302848_37.4980854506844921|127.0258548542651624_37.4974926936972466
2026-09-04T13:22:12.125893+09:00,강남역,강남역,POI014,KEY_3,1210172400,서초대로73길,1210082501,한국무라타전자본사,127.0255973021892970_37.4983148473285794,1210033701,윤빌딩,127.0259814315018616_37.4975316918531618,93.0,14.0,정체,127.0259814315018616_37.4975316918531618|127.0256844337441891_37.4981239961677630|127.0255973021892970_37.4983148473285794
2026-09-04T13:22:12.125893+09:00,강남역,강남역,POI014,KEY_3,1220016203,강남대로,1210029205,중앙경제TV,127.0305900356174362_37.4915934710394581,1220006303,우성아파트앞사거리,127.0299293519401402_37.4929785798404396,164.0,18.0,서행,127.0299293519401402_37.4929785798404396|127.0305900356174362_37.4915934710394581
2026-09-04T13:22:12.125893+09:00,강남역,강남역,POI014,KEY_3,1220016304,강남대로,1220006302,우성아파트앞사거리,127.0300563841217496_37.4930165951748009,1210029202,속성변화점,127.0307168759066059_37.4916318829225474,164.0,5.0,정체,127.0307168759066059_37.4916318829225474|127.0300563841217496_37.4930165951748009
2026-09-04T13:22:12.125893+09:00,강남역,강남역,POI014,KEY_3,1220017600,도곡로7길,1220379200,역삼동 858-15,127.0340703991431752_37.4925901335485747,1220006603,역삼초교앞교차로,127.0333827720970277_37.4940232440208803,170.0,12.0,정체,127.0333827720970277_37.4940232440208803|127.0336153677406941_37.4935384889359966|127.0337962432027297_37.4931615197673196|127.0340703991431752_37.4925901335485747
2026-09-04T13:22:12.125893+09:00,강남역,강남역,POI014,KEY_3,1220019501,역삼로,1220438600,역삼동 858-14,127.0309908064247821_37.4932955226971032,1220006302,우성아파트앞사거리,127.0300563841217496_37.4930165951748009,88.0,25.0,원활,127.0300563841217496_37.4930165951748009|127.0309908064247821_37.4932955226971032
2026-09-04T13:22:12.125893+09:00,강남역,강남역,POI014,KEY_3,1220019502,역삼로,1220006603,역삼초교앞교차로,127.0333827720970277_37.4940232440208803,1220027302,역삼초등학교,127.0318512919482572_37.4935529160897403,145.0,6.7,정체,127.0318512919482572_37.4935529160897403|127.0325941313863609_37.4937810503361462|127.0333827720970277_37.4940232440208803
2026-09-04T13:22:12.125893+09:00,강남역,강남역,POI014,KEY_3,1220020700,역삼로,1220375800,역삼동 858-14,127.0338334350395542_37.4941595999640853,1220006602,역삼초교앞교차로,127.0335095296028811_37.4940618362868818,31.0,15.0,서행,127.0335095296028811_37.4940618362868818|127.0338334350395542_37.4941595999640853
2026-09-04T13:22:12.125893+09:00,강남역,강남역,POI014,KEY_3,1220021001,강남대로,1220006304,우성아파트앞사거리,127.0298809732350946_37.4930795966086521,1210032503,속성변화점,127.0291466107050695_37.4946068687934400,182.0,8.0,정체,127.0291466107050695_37.4946068687934400|127.0298809732350946_37.4930795966086521
2026-09-04T13:22:12.125893+09:00,강남역,강남역,POI014,KEY_3,1220021002,강남대로,1210032503,속성변화점,127.0291466107050695_37.4946068687934400,1210033203,강남역(신분당선),127.0283572661165579_37.4962612914871656,196.0,11.0,정체,127.0283572661165579_37.4962612914871656|127.0290981037409779_37.4947081584269171|127.0291466107050695_37.4946068687934400
2026-09-04T13:22:12.125893+09:00,강남역,강남역,POI014,KEY_3,1220021003,강남대로,1210033204,강남역(신분당선),127.0283100116079567_37.4963626493360778,1210034103,강남역사거리,127.0276030282322353_37.4979153641312806,183.0,26.0,원활,127.0276030282322353_37.4979153641312806|127.0283100116079567_37.4963626493360778
2026-09-04T13:22:12.125893+09:00,강남역,강남역,POI014,KEY_3,1220021101,강남대로,1210032502,삼성화재서초사옥,127.0292733269647272_37.4946455507303256,1220006301,우성아파트앞사거리,127.0300080064880888_37.4931176139120410,182.0,13.0,정체,127.0300080064880888_37.4931176139120410|127.0292733269647272_37.4946455507303256
2026-09-04T13:22:12.125893+09:00,강남역,강남역,POI014,KEY_3,1220021102,강남대로,1210034102,강남역사거리,127.0277297558715759_37.4979540832481035,1210032501,삼성화재서초사옥,127.0292249496761201_37.4947465691331274,380.0,5.0,정체,127.0292249496761201_37.4947465691331274|127.0284841143001699_37.4962997029777512|127.0284375777275727_37.4963995211793275|127.0277297558715759_37.4979540832481035
2026-09-04T13:22:12.125893+09:00,강남역,강남역,POI014,KEY_3,1220021600,테헤란로8길,1220382500,역삼동 858-13,127.0317807377698927_37.4973349404078959,1220031503,국기원입구교차로,127.0309935926159000_37.4989426147382048,192.0,13.0,정체,127.0309935926159000_37.4989426147382048|127.0314397690811461_37.4980334728711426|127.0316520402862892_37.4976009346478421|127.0317807377698927_37.4973349404078959
2026-09-04T13:22:12.125893+09:00,강남역,강남역,POI014,KEY_3,1220021700,테헤란로8길,1220401300,역삼동 858-13,127.0333117491822463_37.4944710677349136,1220006601,역삼초교앞교차로,127.0334608974688280_37.4941627761416356,37.0,11.0,정체,127.0334608974688280_37.4941627761416356|127.0333117491822463_37.4944710677349136
2026-09-04T13:22:12.125893+09:00,강남역,강남역,POI014,KEY_3,1220023302,테헤란로,1210034101,강남역사거리,127.0276822389256637_37.4980553605985918,1220031504,국기원입구교차로,127.0309460927545757_37.4990438974112124,309.0,8.0,정체,127.0309460927545757_37.4990438974112124|127.0286612555960488_37.4983518916215388|127.0276822389256637_37.4980553605985918
2026-09-04T13:22:12.125893+09:00,강남역,강남역,POI014,KEY_3,1220023402,테헤란로,1220417400,역삼동 804,127.0287094769204117_37.4982508275695068,1210034102,강남역사거리,127.0277297558715759_37.4979540832481035,93.0,22.0,서행,127.0277297558715759_37.4979540832481035|127.0287094769204117_37.4982508275695068
2026-09-04T13:22:12.125893+09:00,강남역,강남역,POI014,KEY_3,1220024001,테헤란로,1220031501,국기원입구교차로,127.0310728003854166_37.4990827049839055,1220032004,한국타이어빌딩,127.0338550060461245_37.4999438554121411,264.0,20.0,서행,127.0338550060461245_37.4999438554121411|127.0310728003854166_37.4990827049839055
2026-09-04T13:22:12.125893+09:00,강남역,강남역,POI014,KEY_3,1220024101,테헤란로,1220032003,한국타이어빌딩,127.0339011803060885_37.4998421534899293,1220031502,국기원입구교차로,127.0311202675968190_37.4989814033435920,264.0,10.0,정체,127.0311202675968190_37.4989814033435920|127.0339011803060885_37.4998421534899293
2026-09-04T13:22:12.125893+09:00,강남역,강남역,POI014,KEY_3,1220025002,강남대로,1210034104,강남역사거리,127.0275555290794074_37.4980166525441376,1210035403,서초동 1373,127.0268712238501365_37.4994334710894108,168.0,9.0,정체,127.0268712238501365_37.4994334710894108|127.0275555290794074_37.4980166525441376
2026-09-04T13:22:12.125893+09:00,강남역,강남역,POI014,KEY_3,1220025003,강남대로,1210394200,서초동 1373,127.0253434781147917_37.5025963782215541,1210040403,교보타워사거리,127.0244473968313343_37.5044514101080111,221.0,20.0,서행,127.0244473968313343_37.5044514101080111|127.0247108420325048_37.5039060466009033|127.0253434781147917_37.5025963782215541
2026-09-04T13:22:12.125893+09:00,강남역,강남역,POI014,KEY_3,1220025102,강남대로,1210035401,속성변화점,127.0269491384972866_37.4995732101292063,1210034101,강남역사거리,127.0276822389256637_37.4980553605985918,181.0,12.0,정체,127.0276822389256637_37.4980553605985918|127.0269978768356367_37.4994723018201697|127.0269491384972866_37.4995732101292063
2026-09-04T13:22:12.125893+09:00,강남역,강남역,POI014,KEY_3,1220025103,강남대로,1220323900,역삼동 858,127.0265517996681552_37.5003958528345578,1210035401,속성변화점,127.0269491384972866_37.4995732101292063,98.0,9.0,정체,127.0269491384972866_37.4995732101292063|127.0265517996681552_37.5003958528345578
2026-09-04T13:22:12.125893+09:00,강남역,강남역,POI014,KEY_3,1220027202,봉은사로,1210040401,교보타워사거리,127.0245260087286567_37.5045907813304069,1220036604,보건타임즈,127.0277136842342856_37.5055392843385320,301.0,7.0,정체,127.0277136842342856_37.5055392843385320|127.0258610708307287_37.5049880469825112|127.0253288463886605_37.5048296789477078|127.0252017084722951_37.5047918474566870|127.0245260087286567_37.5045907813304069
2026-09-04T13:22:12.125893+09:00,강남역,강남역,POI014,KEY_3,1220027301,봉은사로,1220036003,신논현역,127.0252491957505185_37.5046905608852796,1210040402,교보타워사거리,127.0245743023879044_37.5044897355058495,64.0,8.0,정체,127.0245743023879044_37.5044897355058495|127.0252491957505185_37.5046905608852796
2026-09-04T13:22:12.125893+09:00,강남역,강남역,POI014,KEY_3,1220027302,봉은사로,1220317200,역삼동 800,127.0259085572878206_37.5048867600619360,1220036002,신논현역,127.0253763334646919_37.5047283922381283,50.0,20.0,서행,127.0253763334646919_37.5047283922381283|127.0259085572878206_37.5048867600619360
2026-09-04T13:22:12.125893+09:00,강남역,강남역,POI014,KEY_3,1220027801,강남대로,1210040404,교보타워사거리,127.0243991052031305_37.5045524553287137,1210042503,HM타워,127.0238275183942562_37.5057614843330143,143.0,19.0,서행,127.0238275183942562_37.5057614843330143|127.0241540090957244_37.5050708914382724|127.0243991052031305_37.5045524553287137
2026-09-04T13:22:12.125893+09:00,강남역,강남역,POI014,KEY_3,1220027901,강남대로,1220443400,논현동 280,127.0242810161496863_37.5051089999436158,1210040401,교보타워사거리,127.0245260087286567_37.5045907813304069,61.0,21.0,서행,127.0245260087286567_37.5045907813304069|127.0242810161496863_37.5051089999436158
2026-09-04T13:22:12.125893+09:00,강남역,강남역,POI014,KEY_3,1220056300,역삼로4길,1220024004,라이브팜뉴스,127.0330755956318143_37.4906612534684598,1220027303,역삼초등학교,127.0317244448772271_37.4935145090668769,338.0,19.0,서행,127.0317244448772271_37.4935145090668769|127.0324852863543583_37.4919019849371793|127.0326810147735301_37.4914906014038465|127.0330755956318143_37.4906612534684598
2026-09-04T13:22:12.125893+09:00,강남역,강남역,POI014,KEY_3,1220059100,역삼로3길,1220401600,역삼동 831-35,127.0311409663314350_37.4947099662645797,1210032502,삼성화재서초사옥,127.0292733269647272_37.4946455507303256,210.0,8.0,정체,127.0292733269647272_37.4946455507303256|127.0309286768451500_37.4951582359373319|127.0311409663314350_37.4947099662645797
2026-09-04T13:22:12.125893+09:00,강남역,강남역,POI014,KEY_3,1220059200,역삼로3길,1220285400,역삼동 830-33,127.0313905671328598_37.4944891661354802,1220027301,역삼초등학교,127.0317945815014866_37.4936513739525950,100.0,10.5,정체,127.0317945815014866_37.4936513739525950|127.0317722804120706_37.4936831186651816|127.0313905671328598_37.4944891661354802
2026-09-04T13:22:12.125893+09:00,강남역,강남역,POI014,KEY_3,1220063300,테헤란로7길,1220284400,역삼동 800-60,127.0307232034964642_37.4995423064647895,1220032203,과학기술회관,127.0305117723236350_37.5000150872202340,56.0,7.0,정체,127.0305117723236350_37.5000150872202340|127.0307232034964642_37.4995423064647895
2026-09-04T13:22:12.125893+09:00,강남역,강남역,POI014,KEY_3,1220063400,테헤란로7길,1220032202,과학기술회관,127.0306386532190999_37.5000535101687191,1220031501,국기원입구교차로,127.0310728003854166_37.4990827049839055,114.0,16.0,서행,127.0310728003854166_37.4990827049839055|127.0308510382801757_37.4995785950317284|127.0306386532190999_37.5000535101687191
2026-09-04T13:22:12.125893+09:00,강남역,강남역,POI014,KEY_3,1220064300,강남대로94길,1220305300,역삼동 648-9,127.0318547777729066_37.5004256036905161,1220032202,과학기술회관,127.0306386532190999_37.5000535101687191,115.0,13.0,정체,127.0306386532190999_37.5000535101687191|127.0318547777729066_37.5004256036905161
2026-09-04T13:22:12.125893+09:00,강남역,강남역,POI014,KEY_3,1220064500,테헤란로1길,1220438100,역삼동 858-6,127.0255100549291853_37.5041277615367150,1220036003,신논현역,127.0252491957505185_37.5046905608852796,67.0,12.0,정체,127.0252491957505185_37.5046905608852796|127.0255100549291853_37.5041277615367150
2026-09-04T13:22:12.125893+09:00,강남역,강남역,POI014,KEY_3,1220330500,테헤란로7길,1220338600,역삼동 635-1,127.0302003507315618_37.5006905079083666,1220151602,역삼동635,127.0297701679202760_37.5015425004955034,102.0,17.0,서행,127.0297701679202760_37.5015425004955034|127.0301825943231790_37.5007260187034390|127.0302003507315618_37.5006905079083666
2026-09-04T13:22:12.125893+09:00,강남역,강남역,POI014,KEY_3,1220330600,테헤란로7길,1220151601,역삼동635,127.0298960655262306_37.5015828661995272,1220032201,과학기술회관,127.0305936748156626_37.5001555678750762,170.0,11.0,정체,127.0305936748156626_37.5001555678750762|127.0304591873435953_37.5004650064613116|127.0303836281318155_37.5006161187949090|127.0303264238414016_37.5007305223256040|127.0303085800503595_37.5007662082549444|127.0298960655262306_37.5015828661995272
2026-09-04T13:22:12.125893+09:00,건대입구역,건대입구역,POI015,KEY_4,1040011100,아차산로,1040140800,최소노드배치점,127.0673439680819854_37.5411063158663154,1040016304,건대입구역앞교차로,127.0705974213252318_37.5399913944474619,313.0,12.3,정체,127.0705974213252318_37.5399913944474619|127.0673439680819854_37.5411063158663154
2026-09-04T13:22:12.125893+09:00,건대입구역,건대입구역,POI015,KEY_4,1040001403,동일로,1040136200,자양동 23-9,127.0637369066414379_37.5416039221817570,1040016701,자양동 24-10,127.0629424504767826_37.5402252363948463,168.0,7.0,정체,127.0629424504767826_37.5402252363948463|127.0637369066414379_37.5416039221817570
2026-09-04T13:22:12.125893+09:00,건대입구역,건대입구역,POI015,KEY_4,1040007500,강변북로,1040028701,청담대교,127.0701160723116203_37.5386945582041420,1040000201,청담대교(북측),127.0668012691852340_37.5315220172388280,848.0,16.0,정체,127.0668012691852340_37.5315220172388280|127.0669355263784155_37.5317815872931959|127.0672448702695760_37.5324328127955837|127.0677860749237738_37.5336261809339149|127.0685094362804364_37.5351779912987382|127.0689130346604259_37.5360918386047686|127.0694053089361546_37.5371700486358151|127.0701160723116203_37.5386945582041420
2026-09-04T13:22:12.125893+09:00,건대입구역,건대입구역,POI015,KEY_4,1040009001,능동로,1040002904,신양초교앞교차로,127.0683938999842724_37.5353920921553765,1040014303,자양동 510-6,127.0693552008508078_37.5375201646841390,251.0,10.0,정체,127.0693552008508078_37.5375201646841390|127.0683938999842724_37.5353920921553765
2026-09-04T13:22:12.125893+09:00,건대입구역,건대입구역,POI015,KEY_4,1040009002,능동로,1040014304,자양동 544-25,127.0694040333790440_37.5376254711493687,1040014703,광진문화예술회관,127.0695248126943966_37.5378780281476239,30.0,10.0,정체,127.0695248126943966_37.5378780281476239|127.0694040333790440_37.5376254711493687
2026-09-04T13:22:12.125893+09:00,건대입구역,건대입구역,POI015,KEY_4,1040009004,능동로,1040014704,광진문화예술회관,127.0695721820980992_37.5379794092468728,1040028702,청담대교,127.0699887106514012_37.5387318473572122,92.0,10.0,정체,127.0699887106514012_37.5387318473572122|127.0698365174506677_37.5385571365379533|127.0695721820980992_37.5379794092468728
2026-09-04T13:22:12.125893+09:00,건대입구역,건대입구역,POI015,KEY_4,1040009005,능동로,1040138300,자양동 2-5,127.0702940918243513_37.5393862177953963,1040016303,건대입구역앞교차로,127.0705451519353772_37.5398915999283176,60.0,28.0,원활,127.0705451519353772_37.5398915999283176|127.0702940918243513_37.5393862177953963
2026-09-04T13:22:12.125893+09:00,건대입구역,건대입구역,POI015,KEY_4,1040009102,능동로,1040014702,광진문화예술회관,127.0697785872817889_37.5378010707799845,1040014301,자양동 544-25,127.0696578072354725_37.5375485140387042,30.0,21.0,서행,127.0696578072354725_37.5375485140387042|127.0697785872817889_37.5378010707799845
2026-09-04T13:22:12.125893+09:00,건대입구역,건대입구역,POI015,KEY_4,1040009104,능동로,1040028701,청담대교,127.0701160723116203_37.5386945582041420,1040014701,광진문화예술회관,127.0698273271903957_37.5379053837168115,92.0,30.0,원활,127.0698273271903957_37.5379053837168115|127.0700914705954148_37.5384826880863471|127.0701160723116203_37.5386945582041420
2026-09-04T13:22:12.125893+09:00,건대입구역,건대입구역,POI015,KEY_4,1040009105,능동로,1040016302,건대입구역앞교차로,127.0706701763312623_37.5398495303758679,1040028701,청담대교,127.0701160723116203_37.5386945582041420,137.0,6.0,정체,127.0701160723116203_37.5386945582041420|127.0703453921553461_37.5391955560171695|127.0704203352615025_37.5393464600055822|127.0706701763312623_37.5398495303758679
2026-09-04T13:22:12.125893+09:00,건대입구역,건대입구역,POI015,KEY_4,1040010001,아차산로,1040016103,자양동 227-10,127.0722906925684299_37.5393138101561092,1040016302,건대입구역앞교차로,127.0706701763312623_37.5398495303758679,155.0,30.0,원활,127.0706701763312623_37.5398495303758679|127.0722906925684299_37.5393138101561092
2026-09-04T13:22:12.125893+09:00,건대입구역,건대입구역,POI015,KEY_4,1040010002,아차산로,1040015603,건대후문,127.0743028565397594_37.5387659697394866,1040016102,자양동 227-11,127.0724170914304096_37.5392743175297454,176.0,15.7,서행,127.0724170914304096_37.5392743175297454|127.0732440795779752_37.5390305622558316|127.0738492717248533_37.5388771586053096|127.0743028565397594_37.5387659697394866
2026-09-04T13:22:12.125893+09:00,건대입구역,건대입구역,POI015,KEY_4,1040010102,아차산로,1040016301,건대입구역앞교차로,127.0707225025917495_37.5399492998029629,1040015604,건대후문,127.0743428046605885_37.5388693046709747,342.0,16.0,서행,127.0743428046605885_37.5388693046709747|127.0738898387637903_37.5389803409746747|127.0732882623326105_37.5391328280718852|127.0724642243224878_37.5393757141788100|127.0723427547939082_37.5394136659137487|127.0707225025917495_37.5399492998029629
2026-09-04T13:22:12.125893+09:00,건대입구역,건대입구역,POI015,KEY_4,1040011000,아차산로,1040140700,최소노드배치점,127.0672902949043674_37.5410070020582083,1040017702,성수사거리,127.0640311954609132_37.5421146116750606,313.0,19.0,서행,127.0640311954609132_37.5421146116750606|127.0672609375260862_37.5410170619344754|127.0672902949043674_37.5410070020582083
2026-09-04T13:22:12.125893+09:00,건대입구역,건대입구역,POI015,KEY_4,1040020202,강변북로,1040000202,청담대교(북측),127.0666626111006252_37.5315665324150132,1040028702,청담대교,127.0699887106514012_37.5387318473572122,848.0,47.3,서행,127.0699887106514012_37.5387318473572122|127.0692776775772757_37.5372071673034355|127.0687850931199563_37.5361282739688562|127.0683816446363466_37.5352147721280858|127.0676584862117124_37.5336633852443669|127.0671174250280160_37.5324703344999904|127.0668031124959469_37.5318450873398533|127.0666626111006252_37.5315665324150132
2026-09-04T13:22:12.125893+09:00,건대입구역,건대입구역,POI015,KEY_4,1040027600,능동로10길,1040014301,자양동 544-25,127.0696578072354725_37.5375485140387042,1040013604,자양동 533-12,127.0709982985214737_37.5370947600898077,129.0,18.0,서행,127.0709982985214737_37.5370947600898077|127.0703860529624478_37.5373020067107035|127.0696578072354725_37.5375485140387042
2026-09-04T13:22:12.125893+09:00,건대입구역,건대입구역,POI015,KEY_4,1040027900,능동로10길.인접길,1040015305,롯데백화점(건대스타시티점),127.0718152958673386_37.5385927041950112,1040013601,자양동 533-12,127.0711231696489989_37.5370523007099521,189.0,22.0,서행,127.0711231696489989_37.5370523007099521|127.0713025411892829_37.5373939593811485|127.0713648775065963_37.5375597922618951|127.0713994673353255_37.5377317290412122|127.0714026811254342_37.5379540759166446|127.0714313612276527_37.5381221176206239|127.0715447302706309_37.5383922616219081|127.0716025814282517_37.5384821337513586|127.0716992357909163_37.5385508925898677|127.0718152958673386_37.5385927041950112
2026-09-04T13:22:12.125893+09:00,건대입구역,건대입구역,POI015,KEY_4,1040028000,능동로10길.인접길,1040013604,자양동 533-12,127.0709982985214737_37.5370947600898077,1040015306,롯데백화점(건대스타시티점),127.0717558016464750_37.5386899411971910,197.0,13.5,정체,127.0717558016464750_37.5386899411971910|127.0716243019645759_37.5386425670634978|127.0714932793169254_37.5385493587163950|127.0714192116500101_37.5384342944701359|127.0712985397454275_37.5381467474374162|127.0712670108413960_37.5379620082844880|127.0712638156544898_37.5377409525274928|127.0712322307973494_37.5375839515783269|127.0711745171430778_37.5374304144951338|127.0709982985214737_37.5370947600898077
2026-09-04T13:22:12.125893+09:00,건대입구역,건대입구역,POI015,KEY_4,1040028300,아차산로36길.인접길,1040014603,자양동 227-341,127.0740040009059584_37.5378127959524193,1040015304,롯데백화점(건대스타시티점),127.0719246036874495_37.5385692379251523,203.0,8.0,정체,127.0719246036874495_37.5385692379251523|127.0719936563514096_37.5385130426523617|127.0740040009059584_37.5378127959524193
2026-09-04T13:22:12.125893+09:00,건대입구역,건대입구역,POI015,KEY_4,1040028400,아차산로36길.인접길,1040015303,롯데백화점(건대스타시티점),127.0720450891753757_37.5386257803461518,1040014604,자양동 227-341,127.0740365887297401_37.5379194569983099,193.0,18.5,서행,127.0740365887297401_37.5379194569983099|127.0720722466193280_37.5386036794673075|127.0720450891753757_37.5386257803461518
2026-09-04T13:22:12.125893+09:00,건대입구역,건대입구역,POI015,KEY_4,1040028900,아차산로36길,1040014604,자양동 227-341,127.0740365887297401_37.5379194569983099,1040015603,건대후문,127.0743028565397594_37.5387659697394866,97.0,23.5,서행,127.0743028565397594_37.5387659697394866|127.0740365887297401_37.5379194569983099
2026-09-04T13:22:12.125893+09:00,건대입구역,건대입구역,POI015,KEY_4,1040029000,아차산로.인접길,1040016102,자양동 227-11,127.0724170914304096_37.5392743175297454,1040015302,롯데백화점(건대스타시티점),127.0720401866019245_37.5387435624408710,68.0,11.0,정체,127.0720401866019245_37.5387435624408710|127.0721872456988280_37.5388889991784183|127.0722948438208419_37.5390223336112143|127.0724170914304096_37.5392743175297454
2026-09-04T13:22:12.125893+09:00,건대입구역,건대입구역,POI015,KEY_4,1040029100,아차산로.인접길,1040015301,롯데백화점(건대스타시티점),127.0719288145516259_37.5388058163590657,1040016103,자양동 227-10,127.0722906925684299_37.5393138101561092,65.0,12.0,정체,127.0722906925684299_37.5393138101561092|127.0721731592987993_37.5390715422750532|127.0720769406492536_37.5389523077442107|127.0719288145516259_37.5388058163590657
2026-09-04T13:22:12.125893+09:00,건대입구역,건대입구역,POI015,KEY_4,1040029300,동일로18길,1040125100,자양동 2-7,127.0688669950632317_37.5382081798395362,1040014704,광진문화예술회관,127.0695721820980992_37.5379794092468728,67.0,13.0,정체,127.0695721820980992_37.5379794092468728|127.0688669950632317_37.5382081798395362
2026-09-04T13:22:12.125893+09:00,고덕역,고덕역,POI016,KEY_1,1240019501,고덕로62길,1249015000,명일동 42,127.1526885826783797_37.5515430019917389,1240022003,우성아파트,127.1527027401545951_37.5518473961090180,34.0,20.0,서행,127.1527027401545951_37.5518473961090180|127.1526885826783797_37.5515430019917389
2026-09-04T13:22:12.125893+09:00,고덕역,고덕역,POI016,KEY_1,1240023500,동남로,1240023704,E마트앞교차로,127.1565319059284604_37.5554448253468962,1240024703,공무원아파트,127.1566607565064828_37.5575326121566846,232.0,17.0,서행,127.1566607565064828_37.5575326121566846|127.1565319059284604_37.5554448253468962
2026-09-04T13:22:12.125893+09:00,고덕역,고덕역,POI016,KEY_1,1240023600,동남로,1240024702,공무원아파트,127.1567964043278209_37.5575273061670032,1240023701,E마트앞교차로,127.1566690593141971_37.5554639755517101,229.0,29.0,원활,127.1566690593141971_37.5554639755517101|127.1567964043278209_37.5575273061670032
2026-09-04T13:22:12.125893+09:00,고덕역,고덕역,POI016,KEY_1,1240019502,고덕로62길,1240022004,우성아파트,127.1527082571407732_37.5519562014326880,1240022903,속성변화점,127.1532708499726425_37.5543655297540369,279.0,15.0,서행,127.1532708499726425_37.5543655297540369|127.1532787647308282_37.5534142595099638|127.1532474432401898_37.5529950724982982|127.1528297263010359_37.5523642779357587|127.1527199008409639_37.5521674566200190|127.1527082571407732_37.5519562014326880
2026-09-04T13:22:12.125893+09:00,고덕역,고덕역,POI016,KEY_1,1240019503,고덕로62길,1240022903,속성변화점,127.1532708499726425_37.5543655297540369,1240006403,고덕역앞교차로,127.1532674889658239_37.5548705448781277,56.0,22.0,서행,127.1532674889658239_37.5548705448781277|127.1532700432416334_37.5544740363229010|127.1532708499726425_37.5543655297540369
2026-09-04T13:22:12.125893+09:00,고덕역,고덕역,POI016,KEY_1,1240019602,고덕로62길,1240022902,고덕역(서울5호선),127.1534066528685258_37.5543662458503178,1240022001,우성아파트,127.1528439279635165_37.5519514614591188,279.0,15.0,서행,127.1528439279635165_37.5519514614591188|127.1528544449762848_37.5521422672337408|127.1529519809076589_37.5523170650503815|127.1533812641063292_37.5529653226050186|127.1534145959126931_37.5534114044376679|127.1534066528685258_37.5543662458503178
2026-09-04T13:22:12.125893+09:00,고덕역,고덕역,POI016,KEY_1,1240019603,고덕로62길,1240006402,고덕역앞교차로,127.1534031785336936_37.5548889608193335,1240022901,고덕역(서울5호선),127.1534058471205242_37.5544745907377688,46.0,8.0,정체,127.1534058471205242_37.5544745907377688|127.1534031785336936_37.5548889608193335
2026-09-04T13:22:12.125893+09:00,고덕역,고덕역,POI016,KEY_1,1240019701,동남로,1240020904,한영중고교앞교차로,127.1561056866717792_37.5492346583745444,1240021903,경희대동서신의학병원,127.1562657827621621_37.5516636070952501,270.0,15.0,서행,127.1562657827621621_37.5516636070952501|127.1561606582872770_37.5500686961002899|127.1561056866717792_37.5492346583745444
2026-09-04T13:22:12.125893+09:00,고덕역,고덕역,POI016,KEY_1,1240019702,동남로,1240021904,경희대동서신의학병원,127.1562730618892942_37.5517715790425299,1240022203,동신빌딩,127.1563466001623794_37.5528393489022676,119.0,33.0,원활,127.1563466001623794_37.5528393489022676|127.1562730618892942_37.5517715790425299
2026-09-04T13:22:12.125893+09:00,고덕역,고덕역,POI016,KEY_1,1240019703,동남로,1240022204,동신빌딩,127.1563542108928431_37.5529473068933370,1240022703,명일지구대,127.1564466598309053_37.5542281682217975,142.0,29.0,원활,127.1564466598309053_37.5542281682217975|127.1564274239220396_37.5539616623274455|127.1563769047034924_37.5532617292401198|127.1563542108928431_37.5529473068933370
2026-09-04T13:22:12.125893+09:00,고덕역,고덕역,POI016,KEY_1,1240019704,동남로,1240022704,명일지구대,127.1564543497274400_37.5543361171717294,1240023703,E마트앞교차로,127.1565244786737310_37.5553339279445311,111.0,28.0,원활,127.1565244786737310_37.5553339279445311|127.1564543497274400_37.5543361171717294
2026-09-04T13:22:12.125893+09:00,고덕역,고덕역,POI016,KEY_1,1240019802,동남로,1240022202,동신빌딩,127.1564821996538370_37.5528334291763528,1240021901,경희대동서신의학병원,127.1564086584289157_37.5517656594490390,119.0,27.0,원활,127.1564086584289157_37.5517656594490390|127.1564821996538370_37.5528334291763528
2026-09-04T13:22:12.125893+09:00,고덕역,고덕역,POI016,KEY_1,1240019803,동남로,1249046100,상일동 147,127.1565124851740052_37.5532555265066890,1240022201,동신빌딩,127.1564897907958596_37.5529411041869068,35.0,37.0,원활,127.1564897907958596_37.5529411041869068|127.1565124851740052_37.5532555265066890
2026-09-04T13:22:12.125893+09:00,고덕역,고덕역,POI016,KEY_1,1240021500,고덕로,1240006001,배재고교앞교차로,127.1502627998174688_37.5547636377300549,1240006404,고덕역앞교차로,127.1532600929711379_37.5549791469369154,267.0,36.0,원활,127.1532600929711379_37.5549791469369154|127.1520963208777317_37.5548269141009783|127.1515498828997863_37.5547554304647662|127.1513403944212541_37.5547487506746620|127.1502627998174688_37.5547636377300549
2026-09-04T13:22:12.125893+09:00,고덕역,고덕역,POI016,KEY_1,1240022100,고덕로,1240006401,고덕역앞교차로,127.1533941373135690_37.5549975120235686,1240023704,E마트앞교차로,127.1565319059284604_37.5554448253468962,282.0,16.0,서행,127.1565319059284604_37.5554448253468962|127.1533941373135690_37.5549975120235686
2026-09-04T13:22:12.125893+09:00,고덕역,고덕역,POI016,KEY_1,1240022200,고덕로,1240023703,E마트앞교차로,127.1565244786737310_37.5553339279445311,1240006402,고덕역앞교차로,127.1534031785336936_37.5548889608193335,280.0,20.8,서행,127.1534031785336936_37.5548889608193335|127.1565244786737310_37.5553339279445311
2026-09-04T13:22:12.125893+09:00,고덕역,고덕역,POI016,KEY_1,1240023000,고덕로,1249096400,최소노드배치점,127.1613824392157710_37.5560035018671883,1240023702,E마트앞교차로,127.1566618576462133_37.5553532574502498,423.0,26.3,원활,127.1566618576462133_37.5553532574502498|127.1573914943176504_37.5554537755565292|127.1613824392157710_37.5560035018671883
2026-09-04T13:22:12.125893+09:00,고덕역,고덕역,POI016,KEY_1,1240023200,고덕로61길,1240024402,고덕1동주민센터,127.1525743134977660_37.5571130062806517,1240006401,고덕역앞교차로,127.1533941373135690_37.5549975120235686,251.0,36.0,원활,127.1533941373135690_37.5549975120235686|127.1533712556684748_37.5551550493848723|127.1531257397310668_37.5563143499174785|127.1530566959877007_37.5565171952235630|127.1529694231436309_37.5566814857628160|127.1529192002355586_37.5567760296908162|127.1527970436217032_37.5569113886853714|127.1525743134977660_37.5571130062806517
2026-09-04T13:22:12.125893+09:00,고덕역,고덕역,POI016,KEY_1,1240045700,동남로71길,1249084200,명일동 51-1,127.1537923688565428_37.5517933652963904,1240022002,우성아파트,127.1528384484914511_37.5518433951172454,84.0,16.0,서행,127.1528384484914511_37.5518433951172454|127.1537923688565428_37.5517933652963904
2026-09-04T13:22:12.125893+09:00,고덕역,고덕역,POI016,KEY_1,1240045800,동남로71길,1249010500,명일동 48-26,127.1555401193046464_37.5518100355237081,1240021904,경희대동서신의학병원,127.1562730618892942_37.5517715790425299,65.0,12.0,정체,127.1562730618892942_37.5517715790425299|127.1555401193046464_37.5518100355237081
2026-09-04T13:22:12.125893+09:00,고덕역,고덕역,POI016,KEY_1,1240046900,동남로75길,1240022203,동신빌딩,127.1563466001623794_37.5528393489022676,1240022803,이마트(명일점),127.1557406568431503_37.5542565204500747,218.0,10.0,정체,127.1557406568431503_37.5542565204500747|127.1556316973113780_37.5528640997413490|127.1557061495714578_37.5528615223127886|127.1563466001623794_37.5528393489022676
2026-09-04T13:22:12.125893+09:00,고덕역,고덕역,POI016,KEY_1,1240047000,동남로75길,1240022802,이마트(명일점),127.1558762667287965_37.5542506552277473,1240022204,동신빌딩,127.1563542108928431_37.5529473068933370,194.0,10.0,정체,127.1563542108928431_37.5529473068933370|127.1557758420784552_37.5529673306197509|127.1558762667287965_37.5542506552277473
2026-09-04T13:22:12.125893+09:00,고덕역,고덕역,POI016,KEY_1,1240047600,동남로75길,1240022703,명일지구대,127.1564466598309053_37.5542281682217975,1240022802,이마트(명일점),127.1558762667287965_37.5542506552277473,50.0,8.0,정체,127.1558762667287965_37.5542506552277473|127.1564466598309053_37.5542281682217975
2026-09-04T13:22:12.125893+09:00,고덕역,고덕역,POI016,KEY_1,1240047700,동남로75길,1240022801,이마트(명일점),127.1558829830451316_37.5543586425636917,1240022704,명일지구대,127.1564543497274400_37.5543361171717294,51.0,15.0,서행,127.1564543497274400_37.5543361171717294|127.1558829830451316_37.5543586425636917
2026-09-04T13:22:12.125893+09:00,고덕역,고덕역,POI016,KEY_1,1240047800,동남로75길,1249018200,명일동 47,127.1541550445079167_37.5543310677768858,1240022902,고덕역(서울5호선),127.1534066528685258_37.5543662458503178,66.0,7.0,정체,127.1534066528685258_37.5543662458503178|127.1541550445079167_37.5543310677768858
2026-09-04T13:22:12.125893+09:00,고덕역,고덕역,POI016,KEY_1,1240047900,동남로75길,1249080500,명일동 46-7,127.1546630165006633_37.5544154954661806,1240022804,이마트(명일점),127.1557486638497920_37.5543644520193567,96.0,4.0,정체,127.1557486638497920_37.5543644520193567|127.1546630165006633_37.5544154954661806
2026-09-04T13:22:12.125893+09:00,고덕역,고덕역,POI016,KEY_1,1249000400,세종포천고속도로,1249000400,최소노드배치점,127.1562659190031752_37.5482223253238061,1249000600,최소노드배치점,127.1567336886367912_37.5549510932514892,748.0,83.0,원활,127.1567336886367912_37.5549510932514892|127.1562659190031752_37.5482223253238061
2026-09-04T13:22:12.125893+09:00,고덕역,고덕역,POI016,KEY_1,1249002100,세종포천고속도로,1249000600,최소노드배치점,127.1567336886367912_37.5549510932514892,1249002500,속성변화점,127.1567905526363518_37.5621310464831240,798.0,85.3,원활,127.1567905526363518_37.5621310464831240|127.1568099459097425_37.5620296619621925|127.1568207569509781_37.5619515831646140|127.1568335791102555_37.5618515885968520|127.1568460753415621_37.5617445850114962|127.1568528102163782_37.5616821179146712|127.1568617540514907_37.5615927158354950|127.1568699127336970_37.5615033156045541|127.1568787005434302_37.5613961481224194|127.1568839973351572_37.5613245394333930|127.1568882735797530_37.5612618801151825|127.1568927663312678_37.5611900970685753|127.1568973175616719_37.5611095444721101|127.1569030236011315_37.5609930670848513|127.1569093441339220_37.5608315651403046|127.1569113397340516_37.5607687500768037|127.1569139119720546_37.5606745476477712|127.1569156008113026_37.5605981443625225|127.1569176926255551_37.5604723059106931|127.1569187926735225_37.5603735263940735|127.1569192637286534_37.5603106266835951|127.1569197450923525_37.5601487873917179|127.1569196039050809_37.5600588952101546|127.1569362682184874_37.5592688607885918|127.1569315224843990_37.5590408597429715|127.1569258709478305_37.5588129111153322|127.1569193129190154_37.5585849727078909|127.1569118484383125_37.5583570623747178|127.1569034774869209_37.5581291624299922|127.1568942000978950_37.5579012905312055|127.1568840162720164_37.5576734379717294|127.1568729260267645_37.5574456135393291|127.1568474885994107_37.5565944961394464|127.1568321091370706_37.5563666922550112|127.1567336886367912_37.5549510932514892
2026-09-04T13:22:12.125893+09:00,고속터미널역,고속터미널역,POI017,KEY_2,1210024802,사평대로,1210037304,서울성모병원앞교차로,127.0034296050644542_37.5022581526050445,1210038702,사평지하차도(동측),127.0064482891770155_37.5033692509684471,295.0,9.0,정체,127.0064482891770155_37.5033692509684471|127.0061744165954849_37.5033231250553598|127.0034296050644542_37.5022581526050445
2026-09-04T13:22:12.125893+09:00,고속터미널역,고속터미널역,POI017,KEY_2,1210024803,사평대로,1210038702,사평지하차도(동측),127.0064482891770155_37.5033692509684471,1210040604,삼호가든사거리,127.0095817026590339_37.5045780976898939,308.0,48.0,원활,127.0095817026590339_37.5045780976898939|127.0064482891770155_37.5033692509684471
2026-09-04T13:22:12.125893+09:00,고속터미널역,고속터미널역,POI017,KEY_2,1210024805,사평대로,1210040601,삼호가든사거리,127.0097441692551996_37.5046292707813649,1210041204,삼호가든사거리,127.0102897902201988_37.5047887051124746,51.0,25.0,원활,127.0102897902201988_37.5047887051124746|127.0097441692551996_37.5046292707813649
2026-09-04T13:22:12.125893+09:00,고속터미널역,고속터미널역,POI017,KEY_2,1210025002,반포대로,1210037303,서울성모병원앞교차로,127.0033082442591308_37.5022080765398869,1210038902,반포대교고가차도(남측),127.0024364070386440_37.5032310155441309,137.0,17.0,서행,127.0024364070386440_37.5032310155441309|127.0033082442591308_37.5022080765398869
2026-09-04T13:22:12.125893+09:00,고속터미널역,고속터미널역,POI017,KEY_2,1210025102,반포대로,1210038901,반포대교고가차도(남측),127.0025493771764218_37.5032909216012982,1210037304,서울성모병원앞교차로,127.0034296050644542_37.5022581526050445,139.0,21.0,서행,127.0034296050644542_37.5022581526050445|127.0025493771764218_37.5032909216012982
2026-09-04T13:22:12.125893+09:00,고속터미널역,고속터미널역,POI017,KEY_2,1210025103,반포대로,1210041702,고속터미널사거리,127.0012498931297387_37.5049984469199771,1210038901,반포대교고가차도(남측),127.0025493771764218_37.5032909216012982,222.0,11.0,정체,127.0025493771764218_37.5032909216012982|127.0024586016355954_37.5035007380121144|127.0014528013214488_37.5047290217636800|127.0012498931297387_37.5049984469199771
2026-09-04T13:22:12.125893+09:00,고속터미널역,고속터미널역,POI017,KEY_2,1210026002,신반포로,1210393600,잠원동 110,127.0031103815705364_37.5056962380394125,1210042704,고속터미널역앞교차로,127.0043174874553813_37.5060735942867041,115.0,15.0,서행,127.0043174874553813_37.5060735942867041|127.0039498594828302_37.5059586709413040|127.0035607575584038_37.5058370330399740|127.0031103815705364_37.5056962380394125
2026-09-04T13:22:12.125893+09:00,고속터미널역,고속터미널역,POI017,KEY_2,1210026102,신반포로,1210286400,반포동 128-4,127.0036103340112561_37.5057363840915414,1210041702,고속터미널사거리,127.0012498931297387_37.5049984469199771,224.0,18.7,서행,127.0012498931297387_37.5049984469199771|127.0018301415136932_37.5051798538655916|127.0031599584830957_37.5055955893836241|127.0036103340112561_37.5057363840915414
2026-09-04T13:22:12.125893+09:00,고속터미널역,고속터미널역,POI017,KEY_2,1210026203,잠원로,1210241200,반포동 20-19,127.0097477330052698_37.5059341675518851,1210043803,고속터미널앞교차로,127.0089859824615246_37.5073365595586097,170.0,18.0,서행,127.0089859824615246_37.5073365595586097|127.0091639478021790_37.5070467103003224|127.0096229461825743_37.5061913923870804|127.0096714148749442_37.5060954381854685|127.0097477330052698_37.5059341675518851
2026-09-04T13:22:12.125893+09:00,고속터미널역,고속터미널역,POI017,KEY_2,1210027501,신반포로23길,1210466500,잠원동 101,127.0042204769171548_37.5065757828190200,1210042701,고속터미널역앞교차로,127.0044442985191040_37.5061121193226654,55.0,15.0,서행,127.0044442985191040_37.5061121193226654|127.0042204769171548_37.5065757828190200
2026-09-04T13:22:12.125893+09:00,고속터미널역,고속터미널역,POI017,KEY_2,1210056500,사평대로,1210447300,최소노드배치점,127.0030994056385509_37.5020573549217744,1210038702,사평지하차도(동측),127.0064482891770155_37.5033692509684471,330.0,50.7,원활,127.0064482891770155_37.5033692509684471|127.0034140730417960_37.5021919946757052|127.0030994056385509_37.5020573549217744
2026-09-04T13:22:12.125893+09:00,고속터미널역,고속터미널역,POI017,KEY_2,1210059800,반포대로,1210443100,최소노드배치점,127.0010419244075166_37.5052271229805498,1210038901,반포대교고가차도(남측),127.0025493771764218_37.5032909216012982,253.0,23.0,서행,127.0025493771764218_37.5032909216012982|127.0013952695996693_37.5047003362471614|127.0011470013501480_37.5050299906587696|127.0010419244075166_37.5052271229805498
2026-09-04T13:22:12.125893+09:00,교대역,교대역,POI018,KEY_3,1210019402,서초중앙로,1210400700,서초동 1748-19,127.0137837728346994_37.4928232437485249,1210031503,법원검찰청앞교차로,127.0136428736489478_37.4936380570639756,91.0,30.0,원활,127.0136428736489478_37.4936380570639756|127.0137434820127851_37.4930562454970726|127.0137837728346994_37.4928232437485249
2026-09-04T13:22:12.125893+09:00,교대역,교대역,POI018,KEY_3,1210019502,서초중앙로,1210243500,서초동 1748-21,127.0140319936997599_37.4921799025374156,1210029901,서초동 1748-21,127.0141756387419036_37.4913491659201199,93.0,13.0,정체,127.0141756387419036_37.4913491659201199|127.0140319936997599_37.4921799025374156
2026-09-04T13:22:12.125893+09:00,교대역,교대역,POI018,KEY_3,1210020203,서초대로,1210269800,서초동 1748-5,127.0124401032801273_37.4933781712096490,1210031504,법원검찰청앞교차로,127.0136216391757529_37.4937475646462133,112.0,12.0,정체,127.0136216391757529_37.4937475646462133|127.0124401032801273_37.4933781712096490
2026-09-04T13:22:12.125893+09:00,교대역,교대역,POI018,KEY_3,1210020303,서초대로,1210269900,서초동 1748-18,127.0124896684601907_37.4932775211786122,1210031002,법원사거리,127.0111725811120351_37.4928657314468339,125.0,8.0,정체,127.0111725811120351_37.4928657314468339|127.0124896684601907_37.4932775211786122
2026-09-04T13:22:12.125893+09:00,교대역,교대역,POI018,KEY_3,1210021002,서초대로,1210031501,법원검찰청앞교차로,127.0137505044271506_37.4937873673853872,1210031804,법원검찰청앞,127.0141601505593627_37.4939128508193633,39.0,4.0,정체,127.0141601505593627_37.4939128508193633|127.0137505044271506_37.4937873673853872
2026-09-04T13:22:12.125893+09:00,교대역,교대역,POI018,KEY_3,1210021102,서초대로,1210031803,법원검찰청앞,127.0142088437567196_37.4938119303480732,1210031502,법원검찰청앞교차로,127.0137728785141036_37.4936783857816565,41.0,23.0,서행,127.0137728785141036_37.4936783857816565|127.0142088437567196_37.4938119303480732
2026-09-04T13:22:12.125893+09:00,교대역,교대역,POI018,KEY_3,1210021103,서초대로,1210140900,서초동 1748-22,127.0156198886122070_37.4942415051054638,1210031802,법원검찰청앞,127.0143396760256138_37.4938518474941844,121.0,33.0,원활,127.0143396760256138_37.4938518474941844|127.0156198886122070_37.4942415051054638
2026-09-04T13:22:12.125893+09:00,교대역,교대역,POI018,KEY_3,1210022402,서초중앙로,1210031504,법원검찰청앞교차로,127.0136216391757529_37.4937475646462133,1210032203,법원검찰청,127.0134993661059184_37.4942865056136014,61.0,13.0,정체,127.0134993661059184_37.4942865056136014|127.0136216391757529_37.4937475646462133
2026-09-04T13:22:12.125893+09:00,교대역,교대역,POI018,KEY_3,1210022502,서초중앙로,1210032202,법원검찰청,127.0136328991116414_37.4943057390382393,1210031501,법원검찰청앞교차로,127.0137505044271506_37.4937873673853872,58.0,19.0,서행,127.0137505044271506_37.4937873673853872|127.0136328991116414_37.4943057390382393
2026-09-04T13:22:12.125893+09:00,교대역,교대역,POI018,KEY_3,1210050700,서초대로48길,1210113300,서초동 1740-14,127.0125465107975629_37.4883574908379344,1210027901,제우교역,127.0127660370921916_37.4878908233688293,55.0,11.0,정체,127.0127660370921916_37.4878908233688293|127.0125465107975629_37.4883574908379344
2026-09-04T13:22:12.125893+09:00,교대역,교대역,POI018,KEY_3,1210051000,사임당로17길,1210486000,최소노드배치점,127.0169832520375053_37.4913577937534228,1210029902,서초동 1748-21,127.0141940883130474_37.4912414223335304,263.0,17.0,서행,127.0141940883130474_37.4912414223335304|127.0143303182462802_37.4912445354333030|127.0148804532487361_37.4913102573158028|127.0168712656599581_37.4915480673583730|127.0169525455043811_37.4913937888368878|127.0169832520375053_37.4913577937534228
2026-09-04T13:22:12.125893+09:00,교대역,교대역,POI018,KEY_3,1210052100,법원로,1210032402,서초동 1704,127.0103123000076977_37.4946878999023383,1210031001,법원사거리,127.0111320342529240_37.4929692006080515,204.0,22.0,서행,127.0111320342529240_37.4929692006080515|127.0103123000076977_37.4946878999023383
2026-09-04T13:22:12.125893+09:00,교대역,교대역,POI018,KEY_3,1210052400,서초대로51길,1210031804,법원검찰청앞,127.0141601505593627_37.4939128508193633,1210032303,교대역(서울2호선),127.0140873902132341_37.4944548234829895,60.0,9.0,정체,127.0140873902132341_37.4944548234829895|127.0141601505593627_37.4939128508193633
2026-09-04T13:22:12.125893+09:00,교대역,교대역,POI018,KEY_3,1210052600,서초중앙로24길,1210032303,교대역(서울2호선),127.0140873902132341_37.4944548234829895,1210032202,법원검찰청,127.0136328991116414_37.4943057390382393,43.0,19.0,서행,127.0136328991116414_37.4943057390382393|127.0140873902132341_37.4944548234829895
2026-09-04T13:22:12.125893+09:00,교대역,교대역,POI018,KEY_3,1210053200,서초중앙로24길,1210248700,서초동 1738-8,127.0153406668385685_37.4948371291268998,1210032302,교대역(서울2호선),127.0142182497646530_37.4944966325160962,106.0,24.0,서행,127.0142182497646530_37.4944966325160962|127.0153338278322650_37.4948365998414204|127.0153406668385685_37.4948371291268998
2026-09-04T13:22:12.125893+09:00,구로디지털단지역,구로디지털단지역,POI019,KEY_4,1160004101,디지털로26길,1160182400,구로동 235-3,126.8935931802360528_37.4807606268774833,1160005903,한국농어촌방송본사,126.8972776620144600_37.4817867015770929,371.0,12.0,정체,126.8972776620144600_37.4817867015770929|126.8972546690239795_37.4817632720945042|126.8970781120239621_37.4816132813058331|126.8966736205973547_37.4812696497047924|126.8963971171849892_37.4810923909176736|126.8960631019952672_37.4809340381232516|126.8958190562637043_37.4808350735419467|126.8955610312988398_37.4807653113058663|126.8951553490746704_37.4806855758554462|126.8946221264621386_37.4806172167958138|126.8944167558325091_37.4806026749789396|126.8942013826247148_37.4806145973910247|126.8941088673691979_37.4806197186351824|126.8938885593329076_37.4806563244882653|126.8935931802360528_37.4807606268774833
2026-09-04T13:22:12.125893+09:00,구로디지털단지역,구로디지털단지역,POI019,KEY_4,1160004102,디지털로26길,1160005904,한국농어촌방송본사,126.8973489442759188_37.4818787081438316,1160006603,구로단지우체국,126.8985293618348464_37.4836667423166148,225.0,20.0,서행,126.8985293618348464_37.4836667423166148|126.8983856036246465_37.4835653271991660|126.8975996931281429_37.4822973020260690|126.8973489442759188_37.4818787081438316
2026-09-04T13:22:12.125893+09:00,구로디지털단지역,구로디지털단지역,POI019,KEY_4,1160004202,디지털로26길,1160006602,구로단지우체국,126.8986737843152071_37.4836242263360404,1160005901,한국농어촌방송본사,126.8974713835569190_37.4818321294097245,227.0,13.0,정체,126.8974713835569190_37.4818321294097245|126.8977217421889918_37.4822500705583579|126.8984954653475086_37.4834984298665361|126.8986737843152071_37.4836242263360404
2026-09-04T13:22:12.125893+09:00,구로디지털단지역,구로디지털단지역,POI019,KEY_4,1160004303,시흥대로,1160256200,구로동 1135,126.8999774739549480_37.4812299882525295,1200018703,디지털단지입구교차로,126.9010897237599522_37.4825599240928682,177.0,44.0,원활,126.9010897237599522_37.4825599240928682|126.9008921655430981_37.4823237046259621|126.9005066114061293_37.4818626940330404|126.8999774739549480_37.4812299882525295
2026-09-04T13:22:12.125893+09:00,구로디지털단지역,구로디지털단지역,POI019,KEY_4,1160004700,디지털로,1160001704,서남투데이,126.8924872692041674_37.4815738080084557,1160002003,구로남초교입구교차로,126.8934086030634347_37.4823270181535548,117.0,33.0,원활,126.8934086030634347_37.4823270181535548|126.8924872692041674_37.4815738080084557
2026-09-04T13:22:12.125893+09:00,구로디지털단지역,구로디지털단지역,POI019,KEY_4,1160004800,디지털로,1160002002,구로남초교입구교차로,126.8935057566591382_37.4822515463757284,1160001701,서남투데이,126.8925844222859496_37.4814983374191328,117.0,19.0,서행,126.8925844222859496_37.4814983374191328|126.8935057566591382_37.4822515463757284
2026-09-04T13:22:12.125893+09:00,구로디지털단지역,구로디지털단지역,POI019,KEY_4,1160005100,디지털로32길,1160122600,구로동 814,126.8994064931689536_37.4833014519814824,1160006602,구로단지우체국,126.8986737843152071_37.4836242263360404,74.0,13.0,정체,126.8986737843152071_37.4836242263360404|126.8994064931689536_37.4833014519814824
2026-09-04T13:22:12.125893+09:00,구로디지털단지역,구로디지털단지역,POI019,KEY_4,1160005200,디지털로32길,1160152700,구로동 1125-12,126.9004969408632348_37.4829446144700782,1200018704,디지털단지입구교차로,126.9011652276891908_37.4826502033151101,68.0,9.0,정체,126.9011652276891908_37.4826502033151101|126.9004969408632348_37.4829446144700782
2026-09-04T13:22:12.125893+09:00,구로디지털단지역,구로디지털단지역,POI019,KEY_4,1160005501,디지털로,1160002004,구로남초교입구교차로,126.8934972340672545_37.4824088818278227,1160006403,어린이뉴스,126.8943678431792534_37.4833758245411133,132.0,28.0,원활,126.8943678431792534_37.4833758245411133|126.8936855370631349_37.4826055748467724|126.8934972340672545_37.4824088818278227
2026-09-04T13:22:12.125893+09:00,구로디지털단지역,구로디지털단지역,POI019,KEY_4,1160005502,디지털로,1160006404,어린이뉴스,126.8944434284587572_37.4834656171134597,1160002303,디지털1단지교차로,126.8952796424025138_37.4845376205185374,140.0,21.0,서행,126.8952796424025138_37.4845376205185374|126.8951636473394444_37.4843661583925964|126.8944434284587572_37.4834656171134597
2026-09-04T13:22:12.125893+09:00,구로디지털단지역,구로디지털단지역,POI019,KEY_4,1160005601,디지털로,1160006402,어린이뉴스,126.8944792413172991_37.4833140985581466,1160002001,구로남초교입구교차로,126.8936051022042761_37.4823433008935680,133.0,7.0,정체,126.8936051022042761_37.4823433008935680|126.8937949293671466_37.4825415854034105|126.8944792413172991_37.4833140985581466
2026-09-04T13:22:12.125893+09:00,구로디지털단지역,구로디지털단지역,POI019,KEY_4,1160005602,디지털로,1160002302,디지털1단지교차로,126.8953985916931799_37.4844856024406567,1160006401,어린이뉴스,126.8945549359889640_37.4834038701793091,141.0,6.0,정체,126.8945549359889640_37.4834038701793091|126.8952807267612286_37.4843113764102185|126.8953985916931799_37.4844856024406567
2026-09-04T13:22:12.125893+09:00,구로디지털단지역,구로디지털단지역,POI019,KEY_4,1160005701,시흥대로,1200018704,디지털단지입구교차로,126.9011652276891908_37.4826502033151101,1200019603,강남우신병원,126.9022120415721275_37.4839018397197421,167.0,30.0,원활,126.9022120415721275_37.4839018397197421|126.9019032146348849_37.4835325921695102|126.9016526150941928_37.4832329606700370|126.9011652276891908_37.4826502033151101
2026-09-04T13:22:12.125893+09:00,구로디지털단지역,구로디지털단지역,POI019,KEY_4,1160005801,시흥대로,1200064500,신림동 1674-1,126.9017655141786207_37.4831729969411924,1200018701,디지털단지입구교차로,126.9012781259227296_37.4825902402013185,78.0,8.0,정체,126.9012781259227296_37.4825902402013185|126.9017655141786207_37.4831729969411924
2026-09-04T13:22:12.125893+09:00,구로디지털단지역,구로디지털단지역,POI019,KEY_4,1160005900,디지털로32길,1160264900,구로동 218,126.8962716907271044_37.4841177503565461,1160002302,디지털1단지교차로,126.8953985916931799_37.4844856024406567,87.0,11.0,정체,126.8953985916931799_37.4844856024406567|126.8962716907271044_37.4841177503565461
2026-09-04T13:22:12.125893+09:00,구로디지털단지역,구로디지털단지역,POI019,KEY_4,1160006000,디지털로32길,1160173800,구로동 188-15,126.8974394243345927_37.4838718295493152,1160006604,구로단지우체국,126.8986238179200399_37.4837566500810055,106.0,11.0,정체,126.8986238179200399_37.4837566500810055|126.8984122660177007_37.4838087376831908|126.8978251818164011_37.4838468129254636|126.8974394243345927_37.4838718295493152
2026-09-04T13:22:12.125893+09:00,구로디지털단지역,구로디지털단지역,POI019,KEY_4,1160006103,디지털로27길,1160002003,구로남초교입구교차로,126.8934086030634347_37.4823270181535548,1160006503,이-스페이스,126.8917305812735350_37.4835423141444153,201.0,15.0,서행,126.8917305812735350_37.4835423141444153|126.8918104893524088_37.4834371883227107|126.8934086030634347_37.4823270181535548
2026-09-04T13:22:12.125893+09:00,구로디지털단지역,구로디지털단지역,POI019,KEY_4,1160006203,디지털로27길,1160006901,구로3동천주교회,126.8896190447517682_37.4843226177104896,1160006501,이-스페이스,126.8917578654632479_37.4836791360871544,203.0,19.0,서행,126.8917578654632479_37.4836791360871544|126.8916170526133698_37.4837566784791747|126.8915711466728595_37.4837819577517237|126.8912685166112908_37.4839067656981442|126.8910233054121477_37.4839828362498082|126.8910049520434455_37.4839872772442035|126.8906410941285969_37.4840753198361085|126.8896190447517682_37.4843226177104896
2026-09-04T13:22:12.125893+09:00,구로디지털단지역,구로디지털단지역,POI019,KEY_4,1160006204,디지털로27길,1160006502,이-스페이스,126.8918485125667104_37.4835958539846601,1160002004,구로남초교입구교차로,126.8934972340672545_37.4824088818278227,197.0,24.0,서행,126.8934972340672545_37.4824088818278227|126.8919155820691032_37.4835076181120002|126.8918485125667104_37.4835958539846601
2026-09-04T13:22:12.125893+09:00,구로디지털단지역,구로디지털단지역,POI019,KEY_4,1160006701,디지털로,1160002304,디지털1단지교차로,126.8953435093039275_37.4846330611772203,1160007703,롯데시티호텔(구로),126.8962470857265714_37.4858199893710164,154.0,9.0,정체,126.8962470857265714_37.4858199893710164|126.8954956195910313_37.4848627394576752|126.8953435093039275_37.4846330611772203
2026-09-04T13:22:12.125893+09:00,구로디지털단지역,구로디지털단지역,POI019,KEY_4,1160006801,디지털로,1160007702,롯데시티호텔(구로),126.8963657610801619_37.4857672925145806,1160002301,디지털1단지교차로,126.8954624472248867_37.4845810017210894,154.0,13.0,정체,126.8954624472248867_37.4845810017210894|126.8956132886323047_37.4848087640744083|126.8963657610801619_37.4857672925145806
2026-09-04T13:22:12.125893+09:00,구로디지털단지역,구로디지털단지역,POI019,KEY_4,1160006802,디지털로,1160275600,구로동 181-23,126.8972347051497280_37.4868941980659827,1160007701,롯데시티호텔(구로),126.8964372409138690_37.4858591948314981,135.0,13.0,정체,126.8964372409138690_37.4858591948314981|126.8970469168106519_37.4866504766744626|126.8972347051497280_37.4868941980659827
2026-09-04T13:22:12.125893+09:00,구로디지털단지역,구로디지털단지역,POI019,KEY_4,1160020300,디지털로30길,1160005903,한국농어촌방송본사,126.8972776620144600_37.4817867015770929,1160006402,어린이뉴스,126.8944792413172991_37.4833140985581466,300.0,18.0,서행,126.8944792413172991_37.4833140985581466|126.8948413059893596_37.4831095502286615|126.8956357623937805_37.4826388020315520|126.8971832914315030_37.4818345023029238|126.8972776620144600_37.4817867015770929
2026-09-04T13:22:12.125893+09:00,구로디지털단지역,구로디지털단지역,POI019,KEY_4,1160020400,디지털로30길,1160006401,어린이뉴스,126.8945549359889640_37.4834038701793091,1160005904,한국농어촌방송본사,126.8973489442759188_37.4818787081438316,300.0,11.0,정체,126.8973489442759188_37.4818787081438316|126.8972567421730275_37.4819254112818570|126.8957133712641507_37.4827275496055634|126.8949210281995477_37.4831970450921332|126.8945549359889640_37.4834038701793091
2026-09-04T13:22:12.125893+09:00,구로디지털단지역,구로디지털단지역,POI019,KEY_4,1160020700,디지털로29길,1160006403,어린이뉴스,126.8943678431792534_37.4833758245411133,1160007002,이투뉴스,126.8926060338410196_37.4843334001185298,189.0,12.0,정체,126.8926060338410196_37.4843334001185298|126.8943678431792534_37.4833758245411133
2026-09-04T13:22:12.125893+09:00,구로디지털단지역,구로디지털단지역,POI019,KEY_4,1160020800,디지털로29길,1160007001,이투뉴스,126.8926819657823302_37.4844230047648566,1160006404,어린이뉴스,126.8944434284587572_37.4834656171134597,189.0,16.5,서행,126.8944434284587572_37.4834656171134597|126.8926819657823302_37.4844230047648566
2026-09-04T13:22:12.125893+09:00,구로디지털단지역,구로디지털단지역,POI019,KEY_4,1160020900,디지털로27가길,1160007002,이투뉴스,126.8926060338410196_37.4843334001185298,1160006502,이-스페이스,126.8918485125667104_37.4835958539846601,107.0,17.5,서행,126.8918485125667104_37.4835958539846601|126.8919599002950918_37.4836464229215878|126.8920939703165516_37.4837502631997097|126.8921680859276364_37.4838346666103917|126.8926060338410196_37.4843334001185298
2026-09-04T13:22:12.125893+09:00,구로디지털단지역,구로디지털단지역,POI019,KEY_4,1160021000,디지털로27가길,1160127000,구로동 252-63,126.8920569215520828_37.4838966556500779,1160007003,이투뉴스,126.8924948692016841_37.4843953895049040,68.0,22.5,서행,126.8924948692016841_37.4843953895049040|126.8920569215520828_37.4838966556500779
2026-09-04T13:22:12.125893+09:00,구로디지털단지역,구로디지털단지역,POI019,KEY_4,1160021100,시흥대로,1160226100,구로동 1124-77,126.9015770566548156_37.4842913595505109,1160007102,구로디지털단지역,126.9014162506018835_37.4848180029825926,61.0,27.0,원활,126.9014162506018835_37.4848180029825926|126.9014866605190690_37.4844597741793351|126.9015502373806186_37.4843238082773027|126.9015770566548156_37.4842913595505109
2026-09-04T13:22:12.125893+09:00,구로디지털단지역,구로디지털단지역,POI019,KEY_4,1160021600,디지털로27가길,1160007503,동작벼룩시장,126.8934530051471086_37.4853665929568365,1160007001,이투뉴스,126.8926819657823302_37.4844230047648566,125.0,16.0,서행,126.8926819657823302_37.4844230047648566|126.8934530051471086_37.4853665929568365
2026-09-04T13:22:12.125893+09:00,구로디지털단지역,구로디지털단지역,POI019,KEY_4,1160021700,디지털로27가길,1160007004,이투뉴스,126.8925682669420922_37.4844820023724665,1160007504,동작벼룩시장,126.8933353461741689_37.4854207480942847,124.0,21.0,서행,126.8933353461741689_37.4854207480942847|126.8925682669420922_37.4844820023724665
2026-09-04T13:22:12.125893+09:00,구로디지털단지역,구로디지털단지역,POI019,KEY_4,1160021900,디지털로31길,1160002303,디지털1단지교차로,126.8952796424025138_37.4845376205185374,1160007503,동작벼룩시장,126.8934530051471086_37.4853665929568365,186.0,7.0,정체,126.8934530051471086_37.4853665929568365|126.8952796424025138_37.4845376205185374
2026-09-04T13:22:12.125893+09:00,구로디지털단지역,구로디지털단지역,POI019,KEY_4,1160022000,디지털로31길,1160007502,동작벼룩시장,126.8935268697175616_37.4854574967908860,1160002304,디지털1단지교차로,126.8953435093039275_37.4846330611772203,185.0,20.0,서행,126.8953435093039275_37.4846330611772203|126.8935268697175616_37.4854574967908860
2026-09-04T13:22:12.125893+09:00,구로디지털단지역,구로디지털단지역,POI019,KEY_4,1160022100,디지털로34길,1160006604,구로단지우체국,126.8986238179200399_37.4837566500810055,1160007702,롯데시티호텔(구로),126.8963657610801619_37.4857672925145806,328.0,11.0,정체,126.8963657610801619_37.4857672925145806|126.8982267387187051_37.4848363408960239|126.8983738715280793_37.4847418499824627|126.8984734048972740_37.4846451213332514|126.8985743992566171_37.4845003998530188|126.8986311369851876_37.4843455994852945|126.8986930392562584_37.4840401198066218|126.8986689418290013_37.4838515866000037|126.8986238179200399_37.4837566500810055
2026-09-04T13:22:12.125893+09:00,구로디지털단지역,구로디지털단지역,POI019,KEY_4,1160022200,디지털로34길,1160007701,롯데시티호텔(구로),126.8964372409138690_37.4858591948314981,1160006601,구로단지우체국,126.8987489435907605_37.4837146589600820,345.0,15.0,서행,126.8987489435907605_37.4837146589600820|126.8988021200996457_37.4838265373868396|126.8988298283918681_37.4840433148602798|126.8987637368247903_37.4843694655542663|126.8987003707336925_37.4845423516443788|126.8985860552682681_37.4847061631695553|126.8984699121090074_37.4848190336163043|126.8983056516939598_37.4849245247307650|126.8964372409138690_37.4858591948314981
2026-09-04T13:22:12.125893+09:00,구로디지털단지역,구로디지털단지역,POI019,KEY_4,1160022400,시흥대로,1160007102,구로디지털단지역,126.9014162506018835_37.4848180029825926,1160007800,구로디지털단지역3번출구,126.9002348002063911_37.4856322056448832,149.0,19.0,서행,126.9002348002063911_37.4856322056448832|126.9004417563574947_37.4852283060631208|126.9005017145782830_37.4851329992872735|126.9006094867249743_37.4850758759866665|126.9011063006316675_37.4849141862083783|126.9014162506018835_37.4848180029825926
2026-09-04T13:22:12.125893+09:00,구로디지털단지역,구로디지털단지역,POI019,KEY_4,1160023400,디지털로31길,1160159500,구로동 197-57,126.8926750779697272_37.4858537636431279,1160007505,동작벼룩시장,126.8934091963354831_37.4855115845585587,75.0,16.0,서행,126.8934091963354831_37.4855115845585587|126.8926750779697272_37.4858537636431279
2026-09-04T13:22:12.125893+09:00,구로디지털단지역,구로디지털단지역,POI019,KEY_4,1160024201,디지털로33길,1160007507,구로동170-6,126.8944821374542471_37.4866390404158096,1160007502,동작벼룩시장,126.8935268697175616_37.4854574967908860,156.0,17.0,서행,126.8935268697175616_37.4854574967908860|126.8944821374542471_37.4866390404158096
2026-09-04T13:22:12.125893+09:00,구로디지털단지역,구로디지털단지역,POI019,KEY_4,1160024202,디지털로33길,1160007703,롯데시티호텔(구로),126.8962470857265714_37.4858199893710164,1160007507,구로동170-6,126.8944821374542471_37.4866390404158096,181.0,5.0,정체,126.8944821374542471_37.4866390404158096|126.8958791004022544_37.4859657126565011|126.8962470857265714_37.4858199893710164
2026-09-04T13:22:12.125893+09:00,구로디지털단지역,구로디지털단지역,POI019,KEY_4,1160024301,디지털로33길,1160007506,구로동170-6,126.8946532528574238_37.4866829253835476,1160007704,롯데시티호텔(구로),126.8963189246829302_37.4859122766495005,170.0,21.0,서행,126.8963189246829302_37.4859122766495005|126.8959445157643557_37.4860605446026938|126.8946532528574238_37.4866829253835476
2026-09-04T13:22:12.125893+09:00,구로디지털단지역,구로디지털단지역,POI019,KEY_4,1160024302,디지털로33길,1160007505,동작벼룩시장,126.8934091963354831_37.4855115845585587,1160007508,구로동170-6,126.8943602466473664_37.4866879141360343,155.0,14.0,정체,126.8943602466473664_37.4866879141360343|126.8934091963354831_37.4855115845585587
2026-09-04T13:22:12.125893+09:00,구로디지털단지역,구로디지털단지역,POI019,KEY_4,1200006500,조원로,1200064000,신림동 1675-8,126.9029897960255653_37.4834956199973774,1200019602,강남우신병원,126.9023243042701239_37.4838411132313780,70.0,15.0,서행,126.9023243042701239_37.4838411132313780|126.9028094961459772_37.4835667668525545|126.9029503679733324_37.4835056834624254|126.9029897960255653_37.4834956199973774
2026-09-04T13:22:12.125893+09:00,구로디지털단지역,구로디지털단지역,POI019,KEY_4,1200010401,봉천로,1200101300,최소노드배치점,126.9048781530148204_37.4848031964909509,1160007800,구로디지털단지역3번출구,126.9002348002063911_37.4856322056448832,430.0,46.5,원활,126.9002348002063911_37.4856322056448832|126.9007586758196879_37.4853704156801228|126.9011403150620083_37.4852098210022149|126.9015443650774131_37.4850671233676280|126.9018586044769989_37.4849720275228933|126.9022849956394339_37.4849008634215295|126.9026739605597101_37.4848535058282195|126.9033022188487507_37.4848301828163599|126.9048781530148204_37.4848031964909509
2026-09-04T13:22:12.125893+09:00,구로역,구로역,POI020,KEY_1,1160002703,경인로,1160037802,구로지하차도(북측),126.8814935704587299_37.5043183305166821,1160040905,신도림동사무소,126.8835127714082347_37.5057700823748021,240.0,41.0,원활,126.8835127714082347_37.5057700823748021|126.8814935704587299_37.5043183305166821
2026-09-04T13:22:12.125893+09:00,구로역,구로역,POI020,KEY_1,1160002305,경인로,1160034502,구로기계공구상가단지,126.8784152415114903_37.5021440736997747,1160036403,구로역교차로,126.8796656821958493_37.5030673368874119,151.0,12.0,정체,126.8796656821958493_37.5030673368874119|126.8784152415114903_37.5021440736997747
2026-09-04T13:22:12.125893+09:00,구로역,구로역,POI020,KEY_1,1160002404,경인로,1160036402,구로역교차로,126.8798498461747783_37.5029085407338769,1160034801,구로지하차도(남측),126.8783029444020514_37.5018416464907460,182.0,7.0,정체,126.8783029444020514_37.5018416464907460|126.8785027898019990_37.5019153329666537|126.8798498461747783_37.5029085407338769
2026-09-04T13:22:12.125893+09:00,구로역,구로역,POI020,KEY_1,1160002702,경인로,1160036404,구로역교차로,126.8797656740501054_37.5031404717325572,1160037802,구로지하차도(북측),126.8814935704587299_37.5043183305166821,202.0,27.0,원활,126.8814935704587299_37.5043183305166821|126.8812468828441808_37.5042127918201231|126.8797656740501054_37.5031404717325572
2026-09-04T13:22:12.125893+09:00,구로역,구로역,POI020,KEY_1,1160002802,경인로,1160037801,구로지하차도(북측),126.8815846697612244_37.5042381878289319,1160036401,구로역교차로,126.8799498591355785_37.5029816276734707,202.0,32.0,원활,126.8799498591355785_37.5029816276734707|126.8814294227990160_37.5040527548736691|126.8815846697612244_37.5042381878289319
2026-09-04T13:22:12.125893+09:00,구로역,구로역,POI020,KEY_1,1160002803,경인로,1160040904,신도림동사무소,126.8836036985089919_37.5056898153755398,1160037801,구로지하차도(북측),126.8815846697612244_37.5042381878289319,240.0,11.0,정체,126.8815846697612244_37.5042381878289319|126.8836036985089919_37.5056898153755398
2026-09-04T13:22:12.125893+09:00,구로역,구로역,POI020,KEY_1,1160012304,구로동로,1160154900,구로동 462-1,126.8824091172900097_37.4994610619746851,1160004304,AK플라자앞교차로,126.8824439152142389_37.5006446548789327,132.0,19.0,서행,126.8824439152142389_37.5006446548789327|126.8823951197181117_37.5002205163018019|126.8824051244391882_37.4996777003701851|126.8824091172900097_37.4994610619746851
2026-09-04T13:22:12.125893+09:00,구로역,구로역,POI020,KEY_1,1160013702,구로중앙로,1160050102,지하차도(서측),126.8835148282346239_37.4996233978199669,1160004303,AK플라자앞교차로,126.8825668705374738_37.5005288608787382,131.0,42.5,원활,126.8825668705374738_37.5005288608787382|126.8828710307459176_37.5002468361621055|126.8829505981381516_37.5001648826779288|126.8832376273967526_37.4998512991191930|126.8835148282346239_37.4996233978199669
2026-09-04T13:22:12.125893+09:00,구로역,구로역,POI020,KEY_1,1160013801,구로중앙로,1160031302,AK플라자앞,126.8830602464456945_37.5002285892838003,1160050101,지하차도(서측),126.8836055631120132_37.4996996362300692,76.0,38.0,원활,126.8836055631120132_37.4996996362300692|126.8835971196618289_37.4997111069201736|126.8833416853714908_37.4999211136327162|126.8830602464456945_37.5002285892838003
2026-09-04T13:22:12.125893+09:00,구로역,구로역,POI020,KEY_1,1160013802,구로중앙로,1160004302,AK플라자앞교차로,126.8826698006300973_37.5005993241719082,1160031301,AK플라자앞,126.8829739607386529_37.5003172991934548,41.0,15.0,서행,126.8829739607386529_37.5003172991934548|126.8826698006300973_37.5005993241719082
2026-09-04T13:22:12.125893+09:00,구로역,구로역,POI020,KEY_1,1160014701,구로중앙로,1160004304,AK플라자앞교차로,126.8824439152142389_37.5006446548789327,1160036402,구로역교차로,126.8798498461747783_37.5029085407338769,341.0,28.0,원활,126.8798498461747783_37.5029085407338769|126.8802195515829396_37.5025788447226205|126.8808010888238442_37.5020186292574849|126.8812049630685976_37.5016737266998490|126.8822093574845837_37.5008862202708784|126.8824439152142389_37.5006446548789327
2026-09-04T13:22:12.125893+09:00,구로역,구로역,POI020,KEY_1,1160014801,구로중앙로,1160036401,구로역교차로,126.8799498591355785_37.5029816276734707,1160004301,AK플라자앞교차로,126.8825512540485363_37.5007108111362015,342.0,20.0,서행,126.8825512540485363_37.5007108111362015|126.8823110851922564_37.5009581561256553|126.8813022193148470_37.5017491701350210|126.8809030844676187_37.5020900259782337|126.8803224434791872_37.5026493166134713|126.8799498591355785_37.5029816276734707
2026-09-04T13:22:12.125893+09:00,구로역,구로역,POI020,KEY_1,1160016002,구로중앙로,1160318200,구로동 604-15,126.8787840193907925_37.5039589067442876,1160036404,구로역교차로,126.8797656740501054_37.5031404717325572,126.0,18.0,서행,126.8797656740501054_37.5031404717325572|126.8787840193907925_37.5039589067442876
2026-09-04T13:22:12.125893+09:00,구로역,구로역,POI020,KEY_1,1160060200,구로중앙로34길,1160032903,영림빌딩,126.8848678729358284_37.5007540665173380,1160031302,AK플라자앞,126.8830602464456945_37.5002285892838003,170.0,16.5,서행,126.8830602464456945_37.5002285892838003|126.8837347429068956_37.5004481416141644|126.8841599860697329_37.5005629512532863|126.8848678729358284_37.5007540665173380
2026-09-04T13:22:12.125893+09:00,구로역,구로역,POI020,KEY_1,1160064101,새말로,1160201200,구로동 496-128,126.8828911595734468_37.5019979620272395,1160049101,애경백화점주차장입구,126.8827564584221506_37.5019420651198843,13.0,13.0,정체,126.8827564584221506_37.5019420651198843|126.8828911595734468_37.5019979620272395
2026-09-04T13:22:12.125893+09:00,구로역,구로역,POI020,KEY_1,1160064201,새말로,1160241300,구로동 566-16,126.8835953818400526_37.5024120971290884,1160049204,구로롯데아파트앞,126.8843917579443570_37.5027425563835806,79.0,18.0,서행,126.8843917579443570_37.5027425563835806|126.8839858571494403_37.5025741273609654|126.8835953818400526_37.5024120971290884
2026-09-04T13:22:12.125893+09:00,구로역,구로역,POI020,KEY_1,1160067300,경인로,1160037801,구로지하차도(북측),126.8815846697612244_37.5042381878289319,1160034801,구로지하차도(남측),126.8783029444020514_37.5018416464907460,394.0,39.5,원활,126.8783029444020514_37.5018416464907460|126.8798550910123879_37.5029860650246718|126.8815846697612244_37.5042381878289319
2026-09-04T13:22:12.125893+09:00,구로역,구로역,POI020,KEY_1,1160067400,경인로,1160034802,구로지하차도(남측),126.8782114750291896_37.5019215141120696,1160037802,구로지하차도(북측),126.8814935704587299_37.5043183305166821,394.0,44.7,원활,126.8814935704587299_37.5043183305166821|126.8797633638207003_37.5030657520983226|126.8782114750291896_37.5019215141120696
2026-09-04T13:22:12.125893+09:00,구로역,구로역,POI020,KEY_1,1160088400,벚꽃로,1160048902,새말고가교(남측),126.8808562236643098_37.5011540117632762,1160049002,새말고가교(북측),126.8821621334058420_37.5018170387463314,138.0,43.0,원활,126.8821621334058420_37.5018170387463314|126.8818108904469000_37.5016871323605017|126.8813106955592787_37.5014691137450953|126.8810384845925938_37.5012995869694592|126.8808562236643098_37.5011540117632762
2026-09-04T13:22:12.125893+09:00,구로역,구로역,POI020,KEY_1,1160088600,벚꽃로,1160049001,새말고가교(북측),126.8822220968000352_37.5017200764814689,1160048901,새말고가교(남측),126.8809607714558467_37.5010859028210248,133.0,39.7,원활,126.8809607714558467_37.5010859028210248|126.8811286565910166_37.5012185106669875|126.8813855473329824_37.5013784964260068|126.8818721077834653_37.5015905715778359|126.8822220968000352_37.5017200764814689
2026-09-04T13:22:12.125893+09:00,구로역,구로역,POI020,KEY_1,1160088800,새말로,1160049101,애경백화점주차장입구,126.8827564584221506_37.5019420651198843,1160004301,AK플라자앞교차로,126.8825512540485363_37.5007108111362015,195.0,27.0,원활,126.8825512540485363_37.5007108111362015|126.8825109701480471_37.5008058644173587|126.8820157985044403_37.5012387302059977|126.8819625479276567_37.5013452749619560|126.8819309554534556_37.5014560949871125|126.8819419585757373_37.5014967665556327|126.8819931567736461_37.5015712443604912|126.8821845449758428_37.5016717109843896|126.8825234212579574_37.5018237696641208|126.8827564584221506_37.5019420651198843
2026-09-04T13:22:12.125893+09:00,구로역,구로역,POI020,KEY_1,1160088900,새말로,1160049002,새말고가교(북측),126.8821621334058420_37.5018170387463314,1160049102,애경백화점주차장입구,126.8826937386913443_37.5020379469097875,53.0,17.0,서행,126.8826937386913443_37.5020379469097875|126.8821621334058420_37.5018170387463314
2026-09-04T13:22:12.125893+09:00,구로역,구로역,POI020,KEY_1,1160089000,새말로,1160049101,애경백화점주차장입구,126.8827564584221506_37.5019420651198843,1160049001,새말고가교(북측),126.8822220968000352_37.5017200764814689,53.0,22.0,서행,126.8822220968000352_37.5017200764814689|126.8827564584221506_37.5019420651198843
2026-09-04T13:22:12.125893+09:00,군자역,군자역,POI021,KEY_2,1040004403,천호대로,1040058200,중곡동 661,127.0806872902272744_37.5567588534684162,1040024504,속성변화점,127.0817853905452353_37.5563326894010103,108.0,16.0,서행,127.0817853905452353_37.5563326894010103|127.0806872902272744_37.5567588534684162
2026-09-04T13:22:12.125893+09:00,군자역,군자역,POI021,KEY_2,1040004301,천호대로,1040074800,능동 256-16,127.0831087283005871_37.5557047588145991,1040024502,하나은행중곡동지점,127.0818480980083507_37.5561883471965672,124.0,21.5,서행,127.0818480980083507_37.5561883471965672|127.0831087283005871_37.5557047588145991
2026-09-04T13:22:12.125893+09:00,군자역,군자역,POI021,KEY_2,1040004302,천호대로,1040058100,능동 265-10,127.0806277800777764_37.5566616664993660,1040001902,군자역사거리,127.0795348266652240_37.5570858179850333,107.0,31.0,원활,127.0795348266652240_37.5570858179850333|127.0806277800777764_37.5566616664993660
2026-09-04T13:22:12.125893+09:00,군자역,군자역,POI021,KEY_2,1040004701,천호대로,1040001903,군자역사거리,127.0794124264596832_37.5571326952658282,1040024802,군자역(서울5호선),127.0787410926408967_37.5573863002999602,66.0,7.0,정체,127.0787410926408967_37.5573863002999602|127.0794124264596832_37.5571326952658282
2026-09-04T13:22:12.125893+09:00,군자역,군자역,POI021,KEY_2,1040004702,천호대로,1040024803,군자역(서울5호선),127.0786186884951690_37.5574334057867176,1040025102,군자동 484,127.0770083487010851_37.5580635804755758,159.0,15.0,서행,127.0770083487010851_37.5580635804755758|127.0781748461028542_37.5576070980020376|127.0786186884951690_37.5574334057867176
2026-09-04T13:22:12.125893+09:00,군자역,군자역,POI021,KEY_2,1040004801,천호대로,1040118000,중곡동 661,127.0782347592370058_37.5577041280935759,1040001904,군자역사거리,127.0794679514587244_37.5572313947359646,121.0,34.0,원활,127.0794679514587244_37.5572313947359646|127.0787993147264672_37.5574839809709218|127.0786786020649828_37.5575304356554085|127.0782347592370058_37.5577041280935759
2026-09-04T13:22:12.125893+09:00,군자역,군자역,POI021,KEY_2,1040005003,천호대로,1040080100,중곡동 660,127.0762266121017348_37.5585010016227940,1040025104,중곡동 660,127.0769419301756358_37.5582109206187056,71.0,32.0,원활,127.0769419301756358_37.5582109206187056|127.0762266121017348_37.5585010016227940
2026-09-04T13:22:12.125893+09:00,군자역,군자역,POI021,KEY_2,1040014201,능동로,1040050700,군자동 47-1,127.0779016230986826_37.5543875146911716,1040024403,능동119안전센터,127.0784794280852879_37.5554353109497256,127.0,15.0,서행,127.0784794280852879_37.5554353109497256|127.0779016230986826_37.5543875146911716
2026-09-04T13:22:12.125893+09:00,군자역,군자역,POI021,KEY_2,1040014202,능동로,1040024404,능동119안전센터,127.0785327914266389_37.5555337392588058,1040024603,능동시장입구,127.0790245738390212_37.5564603311063223,112.0,17.7,서행,127.0790245738390212_37.5564603311063223|127.0785327914266389_37.5555337392588058
2026-09-04T13:22:12.125893+09:00,군자역,군자역,POI021,KEY_2,1040014203,능동로,1040024604,능동시장입구,127.0790796723156575_37.5565593130955548,1040001903,군자역사거리,127.0794124264596832_37.5571326952658282,70.0,21.0,서행,127.0794124264596832_37.5571326952658282|127.0790796723156575_37.5565593130955548
2026-09-04T13:22:12.125893+09:00,군자역,군자역,POI021,KEY_2,1040014302,능동로,1040001902,군자역사거리,127.0795348266652240_37.5570858179850333,1040024401,능동119안전센터,127.0786578909075786_37.5554916575915527,193.0,14.0,정체,127.0786578909075786_37.5554916575915527|127.0791496745905675_37.5564182489232010|127.0792029604481144_37.5565139666780041|127.0795348266652240_37.5570858179850333
2026-09-04T13:22:12.125893+09:00,군자역,군자역,POI021,KEY_2,1040014401,군자로,1040051100,군자동 498,127.0773859030467037_37.5559192589275526,1040024703,군자동 498,127.0781418254503308_37.5568150974500838,120.0,21.0,서행,127.0781418254503308_37.5568150974500838|127.0773859030467037_37.5559192589275526
2026-09-04T13:22:12.125893+09:00,군자역,군자역,POI021,KEY_2,1040014402,군자로,1040024704,군자동 473-17,127.0782167648829954_37.5569063842871316,1040024803,군자역(서울5호선),127.0786186884951690_37.5574334057867176,68.0,16.0,서행,127.0786186884951690_37.5574334057867176|127.0785251045072073_37.5572958312944110|127.0782167648829954_37.5569063842871316
2026-09-04T13:22:12.125893+09:00,군자역,군자역,POI021,KEY_2,1040014502,군자로,1040024802,군자역(서울5호선),127.0787410926408967_37.5573863002999602,1040024701,군자동 478-3,127.0783391267993352_37.5568581661630958,69.0,6.0,정체,127.0783391267993352_37.5568581661630958|127.0786423903673494_37.5572412023606361|127.0787410926408967_37.5573863002999602
2026-09-04T13:22:12.125893+09:00,군자역,군자역,POI021,KEY_2,1040014601,면목로,1040043600,군자동 55-1,127.0761006675665499_37.5566678876701872,1040024903,덕산빌딩,127.0765332367497393_37.5574279966482294,93.0,25.0,원활,127.0765332367497393_37.5574279966482294|127.0763146059258020_37.5570463247497557|127.0761146941674156_37.5566973276250238|127.0761006675665499_37.5566678876701872
2026-09-04T13:22:12.125893+09:00,군자역,군자역,POI021,KEY_2,1040014602,면목로,1040024904,덕산빌딩,127.0765850070330600_37.5575232608000391,1040025103,군자동 484,127.0768865082141730_37.5581120561590538,71.0,19.0,서행,127.0768865082141730_37.5581120561590538|127.0765850070330600_37.5575232608000391
2026-09-04T13:22:12.125893+09:00,군자역,군자역,POI021,KEY_2,1040014702,면목로,1040025102,군자동 484,127.0770083487010851_37.5580635804755758,1040024901,덕산빌딩,127.0767107698767973_37.5574824468424708,70.0,18.0,서행,127.0767107698767973_37.5574824468424708|127.0770083487010851_37.5580635804755758
2026-09-04T13:22:12.125893+09:00,군자역,군자역,POI021,KEY_2,1040015301,능동로,1040100200,중곡동 672,127.0799523671894633_37.5578476892915063,1040001901,군자역사거리,127.0795904427961460_37.5571845162377826,80.0,23.3,서행,127.0795904427961460_37.5571845162377826|127.0799523671894633_37.5578476892915063
2026-09-04T13:22:12.125893+09:00,군자역,군자역,POI021,KEY_2,1040015700,면목로,1040117400,중곡동 669,127.0774452742331562_37.5588289367580259,1040025101,중곡동 659,127.0770633897610651_37.5581625172458260,81.0,15.0,서행,127.0770633897610651_37.5581625172458260|127.0772236884223787_37.5584272094132317|127.0774452742331562_37.5588289367580259
2026-09-04T13:22:12.125893+09:00,군자역,군자역,POI021,KEY_2,1040036900,천호대로112길,1040113400,능동 265-12,127.0811761263330339_37.5550588496486881,1040024301,능동행정복지센터,127.0808961978493130_37.5546000541827141,57.0,13.0,정체,127.0808961978493130_37.5546000541827141|127.0810767106879382_37.5548917415527583|127.0811761263330339_37.5550588496486881
2026-09-04T13:22:12.125893+09:00,군자역,군자역,POI021,KEY_2,1040037000,천호대로112길,1040031900,능동 265-12,127.0813512873793627_37.5556058644750337,1040024503,하나은행중곡동지점,127.0817258793105822_37.5562355029796677,77.0,17.0,서행,127.0817258793105822_37.5562355029796677|127.0813512873793627_37.5556058644750337
2026-09-04T13:22:12.125893+09:00,군자역,군자역,POI021,KEY_2,1040037300,능동로35길,1040081700,군자동 476-19,127.0785006871383587_37.5566717504792678,1040024702,군자동 498,127.0782648012190208_37.5567669432952229,23.0,14.0,정체,127.0782648012190208_37.5567669432952229|127.0785006871383587_37.5566717504792678
2026-09-04T13:22:12.125893+09:00,군자역,군자역,POI021,KEY_2,1040037400,능동로35길,1040024701,군자동 478-3,127.0783391267993352_37.5568581661630958,1040024604,능동시장입구,127.0790796723156575_37.5565593130955548,73.0,16.0,서행,127.0790796723156575_37.5565593130955548|127.0785620921129038_37.5567681874680659|127.0783391267993352_37.5568581661630958
2026-09-04T13:22:12.125893+09:00,군자역,군자역,POI021,KEY_2,1040037500,능동로35길,1040024703,군자동 498,127.0781418254503308_37.5568150974500838,1040024902,덕산빌딩,127.0766568065223794_37.5573831352894132,146.0,20.0,서행,127.0766568065223794_37.5573831352894132|127.0781418254503308_37.5568150974500838
2026-09-04T13:22:12.125893+09:00,군자역,군자역,POI021,KEY_2,1040037600,능동로35길,1040024901,덕산빌딩,127.0767107698767973_37.5574824468424708,1040024704,군자동 473-17,127.0782167648829954_37.5569063842871316,148.0,12.0,정체,127.0782167648829954_37.5569063842871316|127.0767107698767973_37.5574824468424708
2026-09-04T13:22:12.125893+09:00,대림역,대림역,POI023,KEY_3,1160007302,도림로,1160225400,구로동 772,126.8904010194307972_37.4889164164321826,1160010803,영서중,126.8914297539746627_37.4895657998392124,116.0,16.0,서행,126.8914297539746627_37.4895657998392124|126.8905514013743527_37.4890117568818582|126.8904010194307972_37.4889164164321826
2026-09-04T13:22:12.125893+09:00,대림역,대림역,POI023,KEY_3,1160007303,도림로,1160217800,구로동 141-3,126.8926285085608470_37.4903142599622470,1160011904,이화우성아파트앞교차로,126.8929152890763135_37.4904964352182120,32.0,26.0,원활,126.8929152890763135_37.4904964352182120|126.8926990710762226_37.4903582830098188|126.8926285085608470_37.4903142599622470
2026-09-04T13:22:12.125893+09:00,대림역,대림역,POI023,KEY_3,1160007403,도림로,1160010802,영서중,126.8915139708522020_37.4894810257779127,1160010102,두산아파트,126.8897945974124610_37.4883937786456869,194.0,22.0,서행,126.8897945974124610_37.4883937786456869|126.8904854992964744_37.4888318085023116|126.8906357495298636_37.4889270655138702|126.8915139708522020_37.4894810257779127
2026-09-04T13:22:12.125893+09:00,대림역,대림역,POI023,KEY_3,1160007404,도림로,1160011903,이화우성아파트앞교차로,126.8930001743539435_37.4904120838378958,1160010801,영서중,126.8916296698385224_37.4895537665370497,154.0,10.0,정체,126.8916296698385224_37.4895537665370497|126.8920912355731190_37.4898417393384875|126.8927121587774991_37.4902291295874335|126.8927833415098263_37.4902735396003237|126.8930001743539435_37.4904120838378958
2026-09-04T13:22:12.125893+09:00,대림역,대림역,POI023,KEY_3,1160007702,도림천로,1160048702,대림1교(서측),126.8961721623145422_37.4891819536651596,1160003101,대림역앞교차로,126.8951790541212432_37.4917967493715238,303.0,25.0,원활,126.8951790541212432_37.4917967493715238|126.8957256692603153_37.4903646601817258|126.8961721623145422_37.4891819536651596
2026-09-04T13:22:12.125893+09:00,대림역,대림역,POI023,KEY_3,1160008502,도림로,1160206800,구로동 125-90,126.8946481025246982_37.4916034087912990,1160003102,대림역앞교차로,126.8951368393779262_37.4919075571000988,55.0,17.0,서행,126.8951368393779262_37.4919075571000988|126.8946481025246982_37.4916034087912990
2026-09-04T13:22:12.125893+09:00,대림역,대림역,POI023,KEY_3,1160008600,도림로,1160290800,구로동 125-90,126.8937506634492394_37.4909077328717615,1160011902,이화우성아파트앞교차로,126.8931080201690804_37.4904833570122022,74.0,13.0,정체,126.8931080201690804_37.4904833570122022|126.8935149734357850_37.4907610379991567|126.8937506634492394_37.4909077328717615
2026-09-04T13:22:12.125893+09:00,대림역,대림역,POI023,KEY_3,1160009302,구로중앙로,1160172800,구로동 136-14,126.8912072361346901_37.4922624369484083,1160015703,동구로초등교,126.8907809041495369_37.4927508825685223,66.0,12.0,정체,126.8907809041495369_37.4927508825685223|126.8912072361346901_37.4922624369484083
2026-09-04T13:22:12.125893+09:00,대림역,대림역,POI023,KEY_3,1160009402,구로중앙로,1160144900,구로동 136-14,126.8926556031381807_37.4909335976771700,1160011901,이화우성아파트앞교차로,126.8930197619754523_37.4905654813101421,52.0,16.0,서행,126.8930197619754523_37.4905654813101421|126.8926556031381807_37.4909335976771700
2026-09-04T13:22:12.125893+09:00,대림역,대림역,POI023,KEY_3,1160009403,구로중앙로,1160019802,구로중학교,126.8894587513572816_37.4945975713785131,1160015701,동구로초등교,126.8908134604049849_37.4929068959194325,223.0,24.0,서행,126.8908134604049849_37.4929068959194325|126.8905437421596929_37.4932435113719080|126.8897691103862115_37.4942102517986697|126.8894587513572816_37.4945975713785131
2026-09-04T13:22:12.125893+09:00,대림역,대림역,POI023,KEY_3,1160011101,도림천로,1160003102,대림역앞교차로,126.8951368393779262_37.4919075571000988,1160019901,구로동 72-9,126.8941517206176570_37.4945810739956400,309.0,15.0,서행,126.8941517206176570_37.4945810739956400|126.8942482427834904_37.4942443675041019|126.8951368393779262_37.4919075571000988
2026-09-04T13:22:12.125893+09:00,대림역,대림역,POI023,KEY_3,1160011102,도림천로,1160019902,구로동 72-9,126.8941170254665423_37.4946987368495215,1160025000,거리공원오거리,126.8933050731660046_37.4971960011134016,286.0,36.0,원활,126.8933050731660046_37.4971960011134016|126.8935989143015917_37.4964083812532749|126.8941170254665423_37.4946987368495215
2026-09-04T13:22:12.125893+09:00,대림역,대림역,POI023,KEY_3,1160029200,구로동로26길,1160313400,최소노드배치점,126.8878639163611268_37.4900111269113552,1160010804,영서중,126.8915460186500610_37.4896388966145651,347.0,15.0,서행,126.8915460186500610_37.4896388966145651|126.8906364711194499_37.4900259563153426|126.8903834628753486_37.4901246344105701|126.8901833510556401_37.4901726389422265|126.8898305550219732_37.4902407681095795|126.8894918861310686_37.4902987848196290|126.8892782124872980_37.4903059874365425|126.8889939662046089_37.4903057207039581|126.8887661176781592_37.4902563195181102|126.8882902923041769_37.4901041382504374|126.8880556872973671_37.4900207883635872|126.8879413777153218_37.4900081145503350|126.8878639163611268_37.4900111269113552
2026-09-04T13:22:12.125893+09:00,대림역,대림역,POI023,KEY_3,1160031000,구로동로28길,1160143300,구로동 136-71,126.8903851632108370_37.4926410535080947,1160015704,동구로초등교,126.8907052567209206_37.4928410150700842,36.0,12.0,정체,126.8907052567209206_37.4928410150700842|126.8903851632108370_37.4926410535080947
2026-09-04T13:22:12.125893+09:00,대림역,대림역,POI023,KEY_3,1160034000,도림로,1160014601,대림역,126.8956997149267778_37.4921193661557481,1160003101,대림역앞교차로,126.8951790541212432_37.4917967493715238,58.0,30.5,원활,126.8951790541212432_37.4917967493715238|126.8956997149267778_37.4921193661557481
2026-09-04T13:22:12.125893+09:00,대림역,대림역,POI023,KEY_3,1160034100,도림로,1160003102,대림역앞교차로,126.8951368393779262_37.4919075571000988,1160014602,대림역,126.8956552318730076_37.4922287682018478,58.0,9.0,정체,126.8956552318730076_37.4922287682018478|126.8951368393779262_37.4919075571000988
2026-09-04T13:22:12.125893+09:00,대림역,대림역,POI023,KEY_3,1160041100,구로중앙로14길,1160146700,구로동 130-92,126.8916337032718218_37.4932605226136815,1160015702,동구로초등교,126.8908887156223528_37.4928167280073694,82.0,11.0,정체,126.8908887156223528_37.4928167280073694|126.8916337032718218_37.4932605226136815
2026-09-04T13:22:12.125893+09:00,대림역,대림역,POI023,KEY_3,1180006601,대림로,1180318000,대림동 697-2,126.9003294017936412_37.4942557156031810,1180011603,우성아파트앞교차로,126.8998903883358906_37.4947946768444780,71.0,14.0,정체,126.8998903883358906_37.4947946768444780|126.9003294017936412_37.4942557156031810
2026-09-04T13:22:12.125893+09:00,대림역,대림역,POI023,KEY_3,1180007300,도림로,1180310100,대림동 697-2,126.9007488523201772_37.4953116502085564,1180011602,우성아파트앞교차로,126.8999977976841080_37.4948614162264064,83.0,32.0,원활,126.8999977976841080_37.4948614162264064|126.9005378556376087_37.4951851652660082|126.9007488523201772_37.4953116502085564
2026-09-04T13:22:12.125893+09:00,대림역,대림역,POI023,KEY_3,1180007702,대림로,1180315700,대림동 697,126.8994934939156849_37.4960041756513363,1180011601,우성아파트앞교차로,126.8999404585053128_37.4949623481974044,122.0,35.0,원활,126.8999404585053128_37.4949623481974044|126.8997136385791009_37.4954929565158608|126.8996662727585658_37.4956037601360919|126.8994934939156849_37.4960041756513363
2026-09-04T13:22:12.125893+09:00,대림역,대림역,POI023,KEY_3,1180042300,도림천로,1180322500,최소노드배치점,126.8947276411259679_37.4947538215554133,1160014602,대림역,126.8956552318730076_37.4922287682018478,292.0,26.0,원활,126.8956552318730076_37.4922287682018478|126.8953568311614504_37.4929395634666349|126.8948498948411014_37.4944052224449678|126.8947276411259679_37.4947538215554133
2026-09-04T13:22:12.125893+09:00,대림역,대림역,POI023,KEY_3,1180130000,도림천로,1160014601,대림역,126.8956997149267778_37.4921193661557481,1160048701,대림1교(서측),126.8967107357510145_37.4893263010416717,323.0,14.0,정체,126.8967107357510145_37.4893263010416717|126.8965318687534420_37.4897044279033409|126.8959009581949147_37.4916080288853237|126.8956997149267778_37.4921193661557481
2026-09-04T13:22:12.125893+09:00,대림역,대림역,POI023,KEY_3,1180130100,도림로,1180293600,대림동 1053-10,126.8958992093115086_37.4922466200951519,1160014601,대림역,126.8956997149267778_37.4921193661557481,23.0,23.5,서행,126.8956997149267778_37.4921193661557481|126.8958992093115086_37.4922466200951519
2026-09-04T13:22:12.125893+09:00,대림역,대림역,POI023,KEY_3,1180130200,도림로,1180317000,대림동 697-2,126.8985615880100823_37.4940832619939926,1180011604,우성아파트앞교차로,126.8998268728202277_37.4948927120842370,143.0,18.0,서행,126.8998268728202277_37.4948927120842370|126.8988460866591907_37.4942647866943091|126.8985615880100823_37.4940832619939926
2026-09-04T13:22:12.125893+09:00,동대문역,동대문역,POI024,KEY_4,1000001901,종로,1000235800,종로5가 37-8,127.0063580211496799_37.5711504610907880,1000011404,종로6가,127.0066394054990440_37.5711562818851732,25.0,12.0,정체,127.0066394054990440_37.5711562818851732|127.0063580211496799_37.5711504610907880
2026-09-04T13:22:12.125893+09:00,동대문역,동대문역,POI024,KEY_4,1000001902,종로,1000011401,종로6가,127.0067751976320238_37.5711591343297826,1000011704,흥인지문사거리,127.0089498572394433_37.5713693193848641,196.0,15.0,서행,127.0089498572394433_37.5713693193848641|127.0087391849973528_37.5712937741781943|127.0086199123563517_37.5712544202680050|127.0084602554355655_37.5712135860998870|127.0082631629970535_37.5711908652469759|127.0080635936516842_37.5711866101314982|127.0077077532635457_37.5711790230337357|127.0067751976320238_37.5711591343297826
2026-09-04T13:22:12.125893+09:00,동대문역,동대문역,POI024,KEY_4,1000002002,종로,1000113100,종로6가 272-1,127.0077113909216706_37.5710709430025176,1000011402,종로6가,127.0067780115006570_37.5710510367424106,82.0,17.0,서행,127.0067780115006570_37.5710510367424106|127.0077113909216706_37.5710709430025176
2026-09-04T13:22:12.125893+09:00,동대문역,동대문역,POI024,KEY_4,1000002003,종로,1000011703,흥인지문사거리,127.0090256024343631_37.5712778950010033,1000011300,동대문역10번출구,127.0080672314708750_37.5710785300975587,89.0,16.0,서행,127.0080672314708750_37.5710785300975587|127.0082747571647133_37.5710829540366547|127.0084909821378574_37.5711078809344414|127.0086667767084236_37.5711528422383196|127.0087931039338400_37.5711945228473638|127.0090256024343631_37.5712778950010033
2026-09-04T13:22:12.125893+09:00,동대문역,동대문역,POI024,KEY_4,1000002201,종로,1000176600,창신동 442-1,127.0108777515568477_37.5716621493242968,1000011702,흥인지문사거리,127.0091495968440398_37.5713227254486739,158.0,11.7,정체,127.0091495968440398_37.5713227254486739|127.0092723977128770_37.5713674394156811|127.0094846006979310_37.5714183224799285|127.0097878732437096_37.5714751424867188|127.0103298320711360_37.5715766797035471|127.0103586021919568_37.5715820697737044|127.0108233682804553_37.5716512389232733|127.0108777515568477_37.5716621493242968
2026-09-04T13:22:12.125893+09:00,동대문역,동대문역,POI024,KEY_4,1000005301,청계천로,1010035001,청계5가,127.0020881246934152_37.5698075774404145,1000031402,버들다리(북측),127.0066778573984863_37.5698145407186601,405.0,13.3,정체,127.0066778573984863_37.5698145407186601|127.0020881246934152_37.5698075774404145
2026-09-04T13:22:12.125893+09:00,동대문역,동대문역,POI024,KEY_4,1000005302,청계천로,1000031401,버들다리(북측),127.0068104529230624_37.5697993350473567,1010035102,청계6가사거리,127.0096210652811237_37.5699440857354006,249.0,11.0,정체,127.0096210652811237_37.5699440857354006|127.0093543827214120_37.5699514872757661|127.0068104529230624_37.5697993350473567
2026-09-04T13:22:12.125893+09:00,동대문역,동대문역,POI024,KEY_4,1000005401,청계천로,1010034902,버들다리(남측),127.0065602496820105_37.5695317839187268,1010034601,청계5가교차로,127.0021191180861280_37.5694902995239062,392.0,14.0,정체,127.0021191180861280_37.5694902995239062|127.0024509740674006_37.5695131963120659|127.0065602496820105_37.5695317839187268
2026-09-04T13:22:12.125893+09:00,동대문역,동대문역,POI024,KEY_4,1000005402,청계천로,1010034702,청계6가사거리,127.0096736759349909_37.5696339498216076,1010034901,버들다리(남측),127.0067045342350838_37.5695353837745003,263.0,14.0,정체,127.0067045342350838_37.5695353837745003|127.0093753105708458_37.5696558834258525|127.0096736759349909_37.5696339498216076
2026-09-04T13:22:12.125893+09:00,동대문역,동대문역,POI024,KEY_4,1000005700,청계천로,1000256400,최소노드배치점,127.0127816976351198_37.5699685404101658,1010035202,청계7가사거리,127.0158040936899226_37.5700110354399825,267.0,11.7,정체,127.0158040936899226_37.5700110354399825|127.0155094115753371_37.5699917344054910|127.0127816976351198_37.5699685404101658
2026-09-04T13:22:12.125893+09:00,동대문역,동대문역,POI024,KEY_4,1000005800,청계천로,1010005302,신평화시장,127.0121349816149205_37.5696419493387239,1010034701,청계6가사거리,127.0098099727011487_37.5696292980751281,205.0,16.0,서행,127.0098099727011487_37.5696292980751281|127.0121349816149205_37.5696419493387239
2026-09-04T13:22:12.125893+09:00,동대문역,동대문역,POI024,KEY_4,1000006101,율곡로,1010035102,청계6가사거리,127.0096210652811237_37.5699440857354006,1000009900,흥인지문,127.0093873462230221_37.5706631809010148,83.0,11.0,정체,127.0093873462230221_37.5706631809010148|127.0094292652047443_37.5705741772424844|127.0094975291804218_37.5704036160553798|127.0095564087739035_37.5702141995526446|127.0096210652811237_37.5699440857354006
2026-09-04T13:22:12.125893+09:00,동대문역,동대문역,POI024,KEY_4,1000006102,율곡로,1000009900,흥인지문,127.0093873462230221_37.5706631809010148,1000011703,흥인지문사거리,127.0090256024343631_37.5712778950010033,75.0,12.0,정체,127.0090256024343631_37.5712778950010033|127.0091075737013711_37.5711579258072774|127.0092355138361029_37.5709579814170240|127.0093370098156385_37.5707700537480775|127.0093873462230221_37.5706631809010148
2026-09-04T13:22:12.125893+09:00,동대문역,동대문역,POI024,KEY_4,1000006200,율곡로,1000011702,흥인지문사거리,127.0091495968440398_37.5713227254486739,1010035101,청계6가사거리,127.0097583244985060_37.5699427587399839,163.0,13.0,정체,127.0097583244985060_37.5699427587399839|127.0096891857815962_37.5702372118649492|127.0096283139498468_37.5704330409796157|127.0095576557767316_37.5706095859452489|127.0095145373694692_37.5707011341562094|127.0094630728513749_37.5708104028937200|127.0093585611355422_37.5710039143764831|127.0092277816811901_37.5712082974230555|127.0091495968440398_37.5713227254486739
2026-09-04T13:22:12.125893+09:00,동대문역,동대문역,POI024,KEY_4,1000009501,율곡로,1000236300,종로6가 15-11,127.0080997168361137_37.5722694888985629,1000014003,한양도성박물관,127.0074741969655747_37.5729318015656233,92.0,8.0,정체,127.0074741969655747_37.5729318015656233|127.0080997168361137_37.5722694888985629
2026-09-04T13:22:12.125893+09:00,동대문역,동대문역,POI024,KEY_4,1000009503,율곡로,1000014004,한양도성박물관,127.0073825495362314_37.5730303687179017,1000014900,종로6가 28-1,127.0069550317644911_37.5734941425063624,64.0,8.0,정체,127.0069550317644911_37.5734941425063624|127.0071984295928900_37.5732342235394938|127.0072808550544181_37.5731446580486832|127.0073825495362314_37.5730303687179017
2026-09-04T13:22:12.125893+09:00,동대문역,동대문역,POI024,KEY_4,1000009601,율곡로,1000236200,종로6가 15-11,127.0082082977746438_37.5723344550567262,1000011701,흥인지문사거리,127.0090766087889449_37.5714150445714523,128.0,20.0,서행,127.0090766087889449_37.5714150445714523|127.0082082977746438_37.5723344550567262
2026-09-04T13:22:12.125893+09:00,동대문역,동대문역,POI024,KEY_4,1000009602,율곡로,1000014301,대광빌딩,127.0073917099937546_37.5732071461993300,1000014001,한양도성박물관,127.0074934043910844_37.5730928567742879,16.0,18.0,서행,127.0074934043910844_37.5730928567742879|127.0073917099937546_37.5732071461993300
2026-09-04T13:22:12.125893+09:00,동대문역,동대문역,POI024,KEY_4,1000024200,종로40길,1000056800,종로6가 94-1,127.0066606069363075_37.5704117265212076,1000011403,종로6가,127.0066422217709032_37.5710481835517882,71.0,6.0,정체,127.0066422217709032_37.5710481835517882|127.0066606069363075_37.5704117265212076
2026-09-04T13:22:12.125893+09:00,동대문역,동대문역,POI024,KEY_4,1000025300,종로,1000009900,흥인지문,127.0093873462230221_37.5706631809010148,1000011300,동대문역10번출구,127.0080672314708750_37.5710785300975587,130.0,16.0,서행,127.0080672314708750_37.5710785300975587|127.0085333891818209_37.5710486383400308|127.0087654958763324_37.5709979628760777|127.0089601650943791_37.5709413315209986|127.0091211384305581_37.5708727822850008|127.0093873462230221_37.5706631809010148
2026-09-04T13:22:12.125893+09:00,동대문역,동대문역,POI024,KEY_4,1000026100,종로41길,1000011404,종로6가,127.0066394054990440_37.5711562818851732,1000012303,코리아빌딩,127.0066248908967168_37.5717818376925123,69.0,8.0,정체,127.0066248908967168_37.5717818376925123|127.0066394054990440_37.5711562818851732
2026-09-04T13:22:12.125893+09:00,동대문역,동대문역,POI024,KEY_4,1000026200,종로41길,1000012302,코리아빌딩,127.0067607060210548_37.5717838340609731,1000011401,종로6가,127.0067751976320238_37.5711591343297826,69.0,19.0,서행,127.0067751976320238_37.5711591343297826|127.0067607060210548_37.5717838340609731
2026-09-04T13:22:12.125893+09:00,동대문역,동대문역,POI024,KEY_4,1000027300,율곡로30길,1000014003,한양도성박물관,127.0074741969655747_37.5729318015656233,1000012302,코리아빌딩,127.0067607060210548_37.5717838340609731,144.0,15.0,서행,127.0067607060210548_37.5717838340609731|127.0068418074915257_37.5718254252741346|127.0069006522041235_37.5718722555762383|127.0069736400099885_37.5719679324644389|127.0071577154982805_37.5722899073601511|127.0074307351738696_37.5728587751446241|127.0074741969655747_37.5729318015656233
2026-09-04T13:22:12.125893+09:00,동대문역,동대문역,POI024,KEY_4,1000029300,종로41길,1000015002,더피알,127.0060737018723955_37.5735253769162298,1000012301,코리아빌딩,127.0067500526035360_37.5719069888806700,190.0,20.0,서행,127.0067500526035360_37.5719069888806700|127.0067329640749989_37.5720642069515591|127.0067190865195954_37.5721336699591646|127.0064616068015084_37.5727313017324036|127.0064000674097144_37.5728572794460263|127.0060737018723955_37.5735253769162298
2026-09-04T13:22:12.125893+09:00,동대문역,동대문역,POI024,KEY_4,1000036300,낙산성곽서길,1000255800,최소노드배치점,127.0083988211466419_37.5759719407725825,1000014301,대광빌딩,127.0073917099937546_37.5732071461993300,415.0,17.0,서행,127.0073917099937546_37.5732071461993300|127.0075135881165664_37.5733414617230110|127.0075502035946755_37.5733605830037476|127.0076746407379034_37.5733824787757484|127.0077199575610223_37.5733904526197833|127.0080292967237767_37.5734072184215080|127.0081100191316636_37.5734080447108099|127.0086041930911591_37.5734131019619682|127.0086728628516113_37.5734525677212545|127.0086946620129993_37.5735120371860205|127.0086965588550783_37.5739369119779880|127.0086747547327093_37.5740602147212002|127.0086213070120778_37.5741027627096216|127.0085844357751910_37.5741884788321414|127.0085802973890878_37.5742401520841440|127.0087569235764420_37.5748079270685480|127.0087707947809292_37.5749182231035519|127.0087507649042209_37.5750362783156078|127.0086711883484725_37.5752076218318152|127.0086514625701710_37.5752947296362407|127.0085965127586718_37.5754150353500620|127.0085404101098447_37.5754836222287665|127.0084277005735061_37.5755991738724262|127.0084124632425358_37.5756386006790564|127.0083988211466419_37.5759719407725825
2026-09-04T13:22:12.125893+09:00,동대문역,동대문역,POI024,KEY_4,1010017304,장충단로,1010033604,흥인시장,127.0096221501300420_37.5689990735866033,1010034702,청계6가사거리,127.0096736759349909_37.5696339498216076,71.0,14.0,정체,127.0096736759349909_37.5696339498216076|127.0096864325971779_37.5694310293012208|127.0096700878060432_37.5692510036280254|127.0096371243204487_37.5690562417204532|127.0096221501300420_37.5689990735866033
2026-09-04T13:22:12.125893+09:00,동대문역,동대문역,POI024,KEY_4,1010017305,율곡로,1010034702,청계6가사거리,127.0096736759349909_37.5696339498216076,1010035102,청계6가사거리,127.0096210652811237_37.5699440857354006,35.0,15.0,서행,127.0096210652811237_37.5699440857354006|127.0096736759349909_37.5696339498216076
2026-09-04T13:22:12.125893+09:00,동대문역,동대문역,POI024,KEY_4,1010017405,장충단로,1010034701,청계6가사거리,127.0098099727011487_37.5696292980751281,1010033601,흥인시장,127.0097254442646317_37.5688636970958783,86.0,7.0,정체,127.0097254442646317_37.5688636970958783|127.0097710903643389_37.5690379675287076|127.0098052651739948_37.5692398786983972|127.0098225114876840_37.5694298296446618|127.0098099727011487_37.5696292980751281
2026-09-04T13:22:12.125893+09:00,동대문역,동대문역,POI024,KEY_4,1010017406,율곡로,1010035101,청계6가사거리,127.0097583244985060_37.5699427587399839,1010034701,청계6가사거리,127.0098099727011487_37.5696292980751281,35.0,29.0,원활,127.0098099727011487_37.5696292980751281|127.0097583244985060_37.5699427587399839
2026-09-04T13:22:12.125893+09:00,동대문역,동대문역,POI024,KEY_4,1010018901,마장로1길,1010152100,신당동 213-11,127.0121553033908839_37.5690336687148729,1010005302,신평화시장,127.0121349816149205_37.5696419493387239,68.0,14.0,정체,127.0121349816149205_37.5696419493387239|127.0121421248701665_37.5691843025149339|127.0121553033908839_37.5690336687148729
2026-09-04T13:22:12.125893+09:00,동대문역,동대문역,POI024,KEY_4,1010019002,마장로1길,1010005301,신평화시장,127.0122708151406528_37.5696426709985616,1010031807,신당동222-8,127.0123898303853878_37.5685000458484097,127.0,13.0,정체,127.0123898303853878_37.5685000458484097|127.0123418218841209_37.5687652999462713|127.0122919230176990_37.5690284264960468|127.0122908073151677_37.5690411795721175|127.0122778985721510_37.5691887330836352|127.0122708151406528_37.5696426709985616
2026-09-04T13:22:12.125893+09:00,동대문역,동대문역,POI024,KEY_4,1010019600,청계천로,1010034802,청계7가사거리,127.0158306639446124_37.5696611075855529,1010005301,신평화시장,127.0122708151406528_37.5696426709985616,314.0,16.0,서행,127.0122708151406528_37.5696426709985616|127.0158306639446124_37.5696611075855529
2026-09-04T13:22:12.125893+09:00,뚝섬역,뚝섬역,POI025,KEY_1,1030007302,왕십리로,1030081800,성수동1가 661-10,127.0446704988484328_37.5460928940030882,1030017103,뚝섬역앞교차로,127.0444260436081123_37.5480672996080145,220.0,17.0,서행,127.0444260436081123_37.5480672996080145|127.0444273942489701_37.5479194014410780|127.0444370021755702_37.5477219511594811|127.0444656303823763_37.5475252363644927|127.0445177557166971_37.5471670616016340|127.0446012991971116_37.5465929925257882|127.0446138016338580_37.5465070812594277|127.0446704988484328_37.5460928940030882
2026-09-04T13:22:12.125893+09:00,뚝섬역,뚝섬역,POI025,KEY_1,1030009102,아차산로,1030016003,뚝섬역(서울2호선),127.0466946591980104_37.5474024880960968,1030017102,뚝섬역앞교차로,127.0445619470601031_37.5480557481142156,202.0,26.0,원활,127.0445619470601031_37.5480557481142156|127.0446249032181640_37.5480437882236018|127.0458005883487971_37.5477079881317337|127.0466946591980104_37.5474024880960968
2026-09-04T13:22:12.125893+09:00,뚝섬역,뚝섬역,POI025,KEY_1,1030009103,아차산로,1030015603,뚝섬미술관,127.0485988749721571_37.5467876679392063,1030016002,뚝섬역(서울2호선),127.0468607627340276_37.5473483609669358,166.0,23.0,서행,127.0468607627340276_37.5473483609669358|127.0485988749721571_37.5467876679392063
2026-09-04T13:22:12.125893+09:00,뚝섬역,뚝섬역,POI025,KEY_1,1030009104,아차산로,1030002603,경동초등교입구교차로,127.0502646094481776_37.5462577464320475,1030015602,뚝섬미술관,127.0487523357495689_37.5467383237563368,144.0,17.0,서행,127.0487523357495689_37.5467383237563368|127.0502646094481776_37.5462577464320475
2026-09-04T13:22:12.125893+09:00,뚝섬역,뚝섬역,POI025,KEY_1,1030009201,아차산로,1030017101,뚝섬역앞교차로,127.0445559830420876_37.5481680361730241,1030016300,뚝섬역1번출구,127.0458502973536099_37.5478085500334871,121.0,6.0,정체,127.0458502973536099_37.5478085500334871|127.0446637107324506_37.5481475713041846|127.0445559830420876_37.5481680361730241
2026-09-04T13:22:12.125893+09:00,뚝섬역,뚝섬역,POI025,KEY_1,1030009203,아차산로,1030016300,뚝섬역1번출구,127.0458502973536099_37.5478085500334871,1030015604,뚝섬미술관,127.0486498669871906_37.5468878757781184,268.0,26.0,원활,127.0486498669871906_37.5468878757781184|127.0469117528058831_37.5474485695482230|127.0467481960743328_37.5475018476119402|127.0458502973536099_37.5478085500334871
2026-09-04T13:22:12.125893+09:00,뚝섬역,뚝섬역,POI025,KEY_1,1030009204,아차산로,1030015601,뚝섬미술관,127.0488026707037932_37.5468387411565701,1030002604,경동초등교입구교차로,127.0503061250636279_37.5463609661244959,143.0,25.5,원활,127.0503061250636279_37.5463609661244959|127.0488026707037932_37.5468387411565701
2026-09-04T13:22:12.125893+09:00,뚝섬역,뚝섬역,POI025,KEY_1,1030009300,서울숲길,1030076300,성수동1가 676-8,127.0399213370954214_37.5479548333834785,1030018200,응봉지하차도,127.0374624651740305_37.5484417432670767,239.0,12.0,정체,127.0374624651740305_37.5484417432670767|127.0376197668948919_37.5485990148293283|127.0377691938879821_37.5486030666717809|127.0379335176127427_37.5485712655074408|127.0381567590147682_37.5484853004769974|127.0383340384476725_37.5484272268524180|127.0392064844063640_37.5481559010921799|127.0393057439895301_37.5481250313893327|127.0399213370954214_37.5479548333834785
2026-09-04T13:22:12.125893+09:00,뚝섬역,뚝섬역,POI025,KEY_1,1030009400,서울숲길,1030141200,성수동1가 694-129,127.0438398115211669_37.5481503800310534,1030017104,뚝섬역앞교차로,127.0444185151597907_37.5481752530340955,51.0,17.0,서행,127.0444185151597907_37.5481752530340955|127.0439197015720794_37.5481537474168334|127.0438398115211669_37.5481503800310534
2026-09-04T13:22:12.125893+09:00,뚝섬역,뚝섬역,POI025,KEY_1,1030011001,왕십리로,1030019000,뚝섬역,127.0444131204166638_37.5492628137788813,1030017101,뚝섬역앞교차로,127.0445559830420876_37.5481680361730241,122.0,29.0,원활,127.0445559830420876_37.5481680361730241|127.0445241661342237_37.5484118566767293|127.0444131204166638_37.5492628137788813
2026-09-04T13:22:12.125893+09:00,뚝섬역,뚝섬역,POI025,KEY_1,1030012103,광나루로,1030152300,성수동1가 13-217,127.0483259630721875_37.5515909820218710,1030020602,신양빌딩,127.0473778362250385_37.5516125824966167,84.0,21.0,서행,127.0473778362250385_37.5516125824966167|127.0475011922233080_37.5516193055715917|127.0479181770018613_37.5516134788176288|127.0483099223790902_37.5515925250523281|127.0483259630721875_37.5515909820218710
2026-09-04T13:22:12.125893+09:00,뚝섬역,뚝섬역,POI025,KEY_1,1030012202,광나루로,1030020401,성동교앞,127.0446705815333104_37.5515329876251940,1030020604,신양빌딩,127.0472256675834473_37.5517107262809589,227.0,19.0,서행,127.0472256675834473_37.5517107262809589|127.0468732650669352_37.5516800366620487|127.0459097739890382_37.5515961237774434|127.0448942561788641_37.5515076710365960|127.0446705815333104_37.5515329876251940
2026-09-04T13:22:12.125893+09:00,뚝섬역,뚝섬역,POI025,KEY_1,1030012203,광나루로,1030020601,신양빌딩,127.0473685607118739_37.5517204495909027,1030019904,상원삼거리,127.0521090871754524_37.5509242440641344,430.0,24.0,서행,127.0521090871754524_37.5509242440641344|127.0503670484279297_37.5513158045824582|127.0495149654191778_37.5515073176291594|127.0490669861335533_37.5516014778440379|127.0486456428778013_37.5516691360422712|127.0483422525792889_37.5516983211797850|127.0483226281881173_37.5517002089533136|127.0479239238059392_37.5517215340934527|127.0474977402356700_37.5517274907081742|127.0473685607118739_37.5517204495909027
2026-09-04T13:22:12.125893+09:00,뚝섬역,뚝섬역,POI025,KEY_1,1030031200,상원1길,1030091200,성수동1가 9-9,127.0475389473704695_37.5463909592910170,1030016003,뚝섬역(서울2호선),127.0466946591980104_37.5474024880960968,136.0,6.0,정체,127.0466946591980104_37.5474024880960968|127.0467667964252172_37.5472315847214801|127.0468079071165732_37.5471725962568641|127.0475389473704695_37.5463909592910170
2026-09-04T13:22:12.125893+09:00,뚝섬역,뚝섬역,POI025,KEY_1,1030034800,왕십리로,1030019000,뚝섬역,127.0444131204166638_37.5492628137788813,1030016300,뚝섬역1번출구,127.0458502973536099_37.5478085500334871,215.0,20.0,서행,127.0458502973536099_37.5478085500334871|127.0453006661870035_37.5480594839891566|127.0450986461055578_37.5481954436356062|127.0449370469582107_37.5483313875576457|127.0447799493502288_37.5484852089655234|127.0446587877601274_37.5486533190267195|127.0444131204166638_37.5492628137788813
2026-09-04T13:22:12.125893+09:00,뚝섬역,뚝섬역,POI025,KEY_1,1030035100,상원길,1030061700,성수동1가 706,127.0478692797114491_37.5496458841686547,1030020603,신양빌딩,127.0472404335068717_37.5516032483773969,224.0,17.0,서행,127.0472404335068717_37.5516032483773969|127.0473488387670642_37.5512786326791073|127.0476547182317546_37.5503654406795135|127.0476825679149186_37.5502760059199474|127.0477512443017361_37.5500554618497731|127.0478692797114491_37.5496458841686547
2026-09-04T13:22:12.125893+09:00,뚝섬역,뚝섬역,POI025,KEY_1,1030035200,상원길,1030106300,성수동1가 13-219,127.0486061067635859_37.5475435639625346,1030015601,뚝섬미술관,127.0488026707037932_37.5468387411565701,80.0,13.0,정체,127.0488026707037932_37.5468387411565701|127.0486061067635859_37.5475435639625346
2026-09-04T13:22:12.125893+09:00,미아사거리역,미아사거리역,POI026,KEY_2,1070013704,종암로,1070026204,서울북공업고등학교,127.0308707064488374_37.6073065362985730,1070027503,숭곡중학교,127.0305563501388662_37.6083287723153674,117.0,24.0,서행,127.0305563501388662_37.6083287723153674|127.0308707064488374_37.6073065362985730
2026-09-04T13:22:12.125893+09:00,미아사거리역,미아사거리역,POI026,KEY_2,1070013705,종암로,1070027504,숭곡중학교,127.0305221673298632_37.6084359781976971,1070028300,하월곡동200,127.0304743529744798_37.6085781403316659,16.0,14.0,정체,127.0304743529744798_37.6085781403316659|127.0305221673298632_37.6084359781976971
2026-09-04T13:22:12.125893+09:00,미아사거리역,미아사거리역,POI026,KEY_2,1070013706,종암로,1070028300,하월곡동200,127.0304743529744798_37.6085781403316659,1070028903,미아사거리,127.0303294634808964_37.6090089272412911,49.0,30.0,원활,127.0303294634808964_37.6090089272412911|127.0304743529744798_37.6085781403316659
2026-09-04T13:22:12.125893+09:00,미아사거리역,미아사거리역,POI026,KEY_2,1070013803,종암로,1070027502,숭곡중학교,127.0306883607368462_37.6083544657187403,1070025202,하월곡동 88-1,127.0313101977619255_37.6063375624355487,230.0,11.0,정체,127.0313101977619255_37.6063375624355487|127.0310350628994769_37.6072273342227206|127.0310027155827157_37.6073322294012442|127.0306883607368462_37.6083544657187403
2026-09-04T13:22:12.125893+09:00,미아사거리역,미아사거리역,POI026,KEY_2,1070013805,종암로,1070028500,하월곡동200,127.0305489509506458_37.6087746349567809,1070027501,숭곡중학교,127.0306534531509470_37.6084639243302306,36.0,5.0,정체,127.0306534531509470_37.6084639243302306|127.0305489509506458_37.6087746349567809
2026-09-04T13:22:12.125893+09:00,미아사거리역,미아사거리역,POI026,KEY_2,1070013806,종암로,1070028902,미아사거리,127.0304455262968020_37.6090821381163778,1070028500,하월곡동200,127.0305489509506458_37.6087746349567809,35.0,10.0,정체,127.0305489509506458_37.6087746349567809|127.0304455262968020_37.6090821381163778
2026-09-04T13:22:12.125893+09:00,미아사거리역,미아사거리역,POI026,KEY_2,1070013903,동소문로,1070114200,길음동 515,127.0290378256414812_37.6077940245615210,1070026504,현대백화점주차장,127.0291689241680047_37.6079489887094027,21.0,19.0,서행,127.0291689241680047_37.6079489887094027|127.0290378256414812_37.6077940245615210
2026-09-04T13:22:12.125893+09:00,미아사거리역,미아사거리역,POI026,KEY_2,1070013904,동소문로,1070062500,길음동 20-5,127.0295749308021271_37.6084207615687873,1070028600,현대백화점(미아점),127.0297518241092689_37.6086261384038210,28.0,25.0,원활,127.0297518241092689_37.6086261384038210|127.0295749308021271_37.6084207615687873
2026-09-04T13:22:12.125893+09:00,미아사거리역,미아사거리역,POI026,KEY_2,1070013905,동소문로,1070028600,현대백화점(미아점),127.0297518241092689_37.6086261384038210,1070028904,미아사거리,127.0302878192895690_37.6091228549225036,73.0,25.0,원활,127.0302878192895690_37.6091228549225036|127.0301617188182917_37.6090370729491070|127.0300039846915610_37.6088959938862715|127.0298670058183461_37.6087598666022558|127.0297518241092689_37.6086261384038210
2026-09-04T13:22:12.125893+09:00,미아사거리역,미아사거리역,POI026,KEY_2,1070014003,동소문로,1070026503,현대백화점주차장,127.0292816696526046_37.6078886204303515,1070026301,성북우체국,127.0288234793379729_37.6073470158956766,72.0,23.0,서행,127.0288234793379729_37.6073470158956766|127.0291505712628464_37.6077336563754585|127.0292816696526046_37.6078886204303515
2026-09-04T13:22:12.125893+09:00,미아사거리역,미아사거리역,POI026,KEY_2,1070014004,동소문로,1070028200,길음동860-64,127.0298639346089686_37.6085650248024947,1070026502,현대백화점주차장,127.0293804965659064_37.6080037411137909,76.0,22.0,서행,127.0293804965659064_37.6080037411137909|127.0296870407270546_37.6083596477856190|127.0298639346089686_37.6085650248024947
2026-09-04T13:22:12.125893+09:00,미아사거리역,미아사거리역,POI026,KEY_2,1070014005,동소문로,1070028903,미아사거리,127.0303294634808964_37.6090089272412911,1070028200,길음동860-64,127.0298639346089686_37.6085650248024947,64.0,22.0,서행,127.0298639346089686_37.6085650248024947|127.0299762599600797_37.6086954361752319|127.0301078764450438_37.6088262344485784|127.0302570976003977_37.6089596994934823|127.0303294634808964_37.6090089272412911
2026-09-04T13:22:12.125893+09:00,미아사거리역,미아사거리역,POI026,KEY_2,1070014101,오패산로3길,1070048700,하월곡동 84-143,127.0337041733590837_37.6077745143263655,1070030803,하월곡동 96-8,127.0330683656703599_37.6104633882483199,322.0,19.0,서행,127.0330683656703599_37.6104633882483199|127.0329212205034679_37.6102373577853868|127.0328042830951176_37.6100253407290595|127.0327640203279884_37.6099369738772893|127.0327370781031391_37.6098315232622014|127.0327270047354489_37.6097453049848482|127.0327429692750201_37.6096497938881669|127.0328592237434719_37.6093126293853999|127.0329173354287491_37.6091520595868971|127.0329552787660958_37.6090657799486010|127.0330423866319478_37.6088677039173263|127.0331080410727509_37.6087369942952847|127.0331558650049857_37.6086505750789755|127.0335967715632393_37.6079455558291329|127.0337041733590837_37.6077745143263655
2026-09-04T13:22:12.125893+09:00,미아사거리역,미아사거리역,POI026,KEY_2,1070014905,오패산로,1070147900,하월곡동 77-33,127.0357718046089133_37.6094235200250608,1070032703,방천시장입구교차로,127.0350606765864967_37.6115056996043293,239.0,14.3,정체,127.0350606765864967_37.6115056996043293|127.0351084175312337_37.6113406859324186|127.0353299201961335_37.6107107624071020|127.0353652542247431_37.6106102761977397|127.0355468471979208_37.6100938406920875|127.0357718046089133_37.6094235200250608
2026-09-04T13:22:12.125893+09:00,미아사거리역,미아사거리역,POI026,KEY_2,1070016501,월계로,1070028901,미아사거리,127.0304026912356932_37.6091892319313885,1070029100,미아동13-23,127.0307970607158552_37.6093968261890694,42.0,3.0,정체,127.0307970607158552_37.6093968261890694|127.0307167840027063_37.6093545456603380|127.0304026912356932_37.6091892319313885
2026-09-04T13:22:12.125893+09:00,미아사거리역,미아사거리역,POI026,KEY_2,1070016502,월계로,1080220000,미아동 13-23,127.0324022337639462_37.6102422295950660,1070030804,미아동 46-41,127.0331982309171366_37.6106614455999946,84.0,3.0,정체,127.0331982309171366_37.6106614455999946|127.0324022337639462_37.6102422295950660
2026-09-04T13:22:12.125893+09:00,미아사거리역,미아사거리역,POI026,KEY_2,1070016601,월계로,1080004000,미아사거리,127.0308720855030344_37.6093066743138422,1070028902,미아사거리,127.0304455262968020_37.6090821381163778,45.0,29.0,원활,127.0304455262968020_37.6090821381163778|127.0307917895869849_37.6092643839295988|127.0308720855030344_37.6093066743138422
2026-09-04T13:22:12.125893+09:00,미아사거리역,미아사거리역,POI026,KEY_2,1070016602,월계로,1080219900,미아동 866-1,127.0324772569885710_37.6101520768605795,1080004000,미아사거리,127.0308720855030344_37.6093066743138422,170.0,26.0,원활,127.0308720855030344_37.6093066743138422|127.0313924598670781_37.6095807466134673|127.0324772569885710_37.6101520768605795
2026-09-04T13:22:12.125893+09:00,미아사거리역,미아사거리역,POI026,KEY_2,1070018301,도봉로,1070028904,미아사거리,127.0302878192895690_37.6091228549225036,1070029200,길음동14-1,127.0301679403793429_37.6097308656014064,69.0,8.0,정체,127.0301679403793429_37.6097308656014064|127.0301645608454493_37.6095093591410503|127.0301806086935272_37.6094018219594091|127.0302319143706455_37.6092507354351326|127.0302878192895690_37.6091228549225036
2026-09-04T13:22:12.125893+09:00,미아사거리역,미아사거리역,POI026,KEY_2,1070018302,도봉로,1070123400,길음동 13-1,127.0302192302895179_37.6103794149359558,1070033603,미아삼거리역,127.0301170297419731_37.6122786292103584,212.0,8.0,정체,127.0301170297419731_37.6122786292103584|127.0302560371795693_37.6115868014395502|127.0302780121191546_37.6114512708352606|127.0302896992106128_37.6112864634231272|127.0302906822353037_37.6111829591978051|127.0302911134341883_37.6111375574959439|127.0302836638677206_37.6109684698817546|127.0302192302895179_37.6103794149359558
2026-09-04T13:22:12.125893+09:00,미아사거리역,미아사거리역,POI026,KEY_2,1070018401,도봉로,1070029400,미아동13-23,127.0303037865156597_37.6097324048251664,1070028901,미아사거리,127.0304026912356932_37.6091892319313885,62.0,7.0,정체,127.0304026912356932_37.6091892319313885|127.0303618600728868_37.6092826313368391|127.0303143984526457_37.6094224023050074|127.0303005611853848_37.6095151185633085|127.0303037865156597_37.6097324048251664
2026-09-04T13:22:12.125893+09:00,미아사거리역,미아사거리역,POI026,KEY_2,1070018402,도봉로,1080186800,미아동 13-23,127.0303257828538648_37.6100373225124329,1070029400,미아동13-23,127.0303037865156597_37.6097324048251664,34.0,8.0,정체,127.0303037865156597_37.6097324048251664|127.0303022097731400_37.6097653481018810|127.0303257828538648_37.6100373225124329
2026-09-04T13:22:12.125893+09:00,미아사거리역,미아사거리역,POI026,KEY_2,1070053000,동소문로,1070027503,숭곡중학교,127.0305563501388662_37.6083287723153674,1070026503,현대백화점주차장,127.0292816696526046_37.6078886204303515,124.0,4.0,정체,127.0292816696526046_37.6078886204303515|127.0294677215616446_37.6079010815959478|127.0296323842187434_37.6079350977723266|127.0300221074489002_37.6081178433939058|127.0305563501388662_37.6083287723153674
2026-09-04T13:22:12.125893+09:00,미아사거리역,미아사거리역,POI026,KEY_2,1070053100,동소문로,1070026502,현대백화점주차장,127.0293804965659064_37.6080037411137909,1070027504,숭곡중학교,127.0305221673298632_37.6084359781976971,112.0,27.0,원활,127.0305221673298632_37.6084359781976971|127.0299573115892144_37.6082129620091834|127.0295797887646643_37.6080359362050700|127.0294447779431408_37.6080080464985542|127.0293804965659064_37.6080037411137909
2026-09-04T13:22:12.125893+09:00,미아사거리역,미아사거리역,POI026,KEY_2,1070054800,종암로,1070028300,하월곡동200,127.0304743529744798_37.6085781403316659,1070028200,길음동860-64,127.0298639346089686_37.6085650248024947,63.0,14.0,정체,127.0298639346089686_37.6085650248024947|127.0300244023697900_37.6086795376908185|127.0301412755163284_37.6087009631612332|127.0302419542547483_37.6086909247088244|127.0303156591294282_37.6086665907958277|127.0304743529744798_37.6085781403316659
2026-09-04T13:22:12.125893+09:00,미아사거리역,미아사거리역,POI026,KEY_2,1070055100,동소문로,1070028600,현대백화점(미아점),127.0297518241092689_37.6086261384038210,1070029200,길음동14-1,127.0301679403793429_37.6097308656014064,129.0,19.0,서행,127.0301679403793429_37.6097308656014064|127.0300937824806908_37.6096173788021559|127.0300503302344595_37.6094214472180184|127.0299922669209138_37.6092445238945601|127.0299490669414553_37.6091200965177777|127.0298950801941231_37.6089971026266667|127.0298335365210676_37.6088693218599985|127.0297849821499341_37.6087585394519124|127.0297518241092689_37.6086261384038210
2026-09-04T13:22:12.125893+09:00,미아사거리역,미아사거리역,POI026,KEY_2,1070063102,숭인로,1070033603,미아삼거리역,127.0301170297419731_37.6122786292103584,1070033303,영훈초등학교,127.0272366252979594_37.6124997369536160,257.0,12.0,정체,127.0272366252979594_37.6124997369536160|127.0273290177740932_37.6124920237944238|127.0277198994808572_37.6125063943992686|127.0280519294709620_37.6125122120121063|127.0281714809471509_37.6125065226202864|127.0283094040843537_37.6124883905500482|127.0284766085014923_37.6124500698429429|127.0285133251269230_37.6124416549143064|127.0287641695714882_37.6123807502593905|127.0289657378952626_37.6123609656958209|127.0290381633802781_37.6123554605349995|127.0299433135421481_37.6122866550074235|127.0301170297419731_37.6122786292103584
2026-09-04T13:22:12.125893+09:00,미아사거리역,미아사거리역,POI026,KEY_2,1070063201,숭인로,1080208400,미아동 484-11,127.0290510909710093_37.6124630890364458,1070033604,미아삼거리역,127.0300983318171859_37.6123877944740386,93.0,21.0,서행,127.0300983318171859_37.6123877944740386|127.0299537211582788_37.6123944755107473|127.0290510909710093_37.6124630890364458
2026-09-04T13:22:12.125893+09:00,미아사거리역,미아사거리역,POI026,KEY_2,1070070600,숭인로8길,1070075300,길음동 1288-2,127.0274859733274013_37.6098597961299035,1070041801,현대백화점,127.0286222777593963_37.6091855339611456,125.0,19.0,서행,127.0286222777593963_37.6091855339611456|127.0280529599322392_37.6095166127957299|127.0280353703558234_37.6095268416775639|127.0274859733274013_37.6098597961299035
2026-09-04T13:22:12.125893+09:00,미아사거리역,미아사거리역,POI026,KEY_2,1070076400,월계로,1070096700,하월곡동 79-20,127.0338497916468157_37.6108727283433311,1070030802,하월곡동 96-8,127.0333012137834316_37.6105859601554187,58.0,17.0,서행,127.0333012137834316_37.6105859601554187|127.0338497916468157_37.6108727283433311
2026-09-04T13:22:12.125893+09:00,미아사거리역,미아사거리역,POI026,KEY_2,1070076600,월계로,1070082200,하월곡동 산2-76,127.0360750402543033_37.6120372770475058,1070032702,방천시장입구교차로,127.0351818040333285_37.6115690734767298,94.0,33.0,원활,127.0351818040333285_37.6115690734767298|127.0360750402543033_37.6120372770475058
2026-09-04T13:22:12.125893+09:00,미아사거리역,미아사거리역,POI026,KEY_2,1070076900,월계로,1070032701,방천시장입구교차로,127.0351361942052364_37.6116746238631379,1070034803,창문여고앞,127.0375644525691570_37.6132010932717336,277.0,21.5,서행,127.0375644525691570_37.6132010932717336|127.0374326476301974_37.6130317692853424|127.0372709646521940_37.6128522299669044|127.0371916667080683_37.6127751366487999|127.0370529635782049_37.6126787402837692|127.0360004406020806_37.6121273741262740|127.0351361942052364_37.6116746238631379
2026-09-04T13:22:12.125893+09:00,미아사거리역,미아사거리역,POI026,KEY_2,1080000900,월계로,1070030801,미아동 46-41,127.0334139063331946_37.6107742430994421,1070032704,방천시장입구교차로,127.0350206256664194_37.6116141344327843,170.0,6.0,정체,127.0350206256664194_37.6116141344327843|127.0337751563115916_37.6109630853235259|127.0334139063331946_37.6107742430994421
2026-09-04T13:22:12.125893+09:00,미아사거리역,미아사거리역,POI026,KEY_2,1080001301,도봉로8길,1080188000,미아동 860-68,127.0313076593327679_37.6124939066315420,1080004403,롯데백화점(미아점),127.0307655742459758_37.6152294799087770,354.0,13.0,정체,127.0307655742459758_37.6152294799087770|127.0307595083810952_37.6151431414709805|127.0307982049350812_37.6146048520059324|127.0308334377665034_37.6144241108047410|127.0308880019328228_37.6142290723469088|127.0308888194819872_37.6142261500267807|127.0309021182958560_37.6141593634664346|127.0308971769619575_37.6141162866918890|127.0308713303888197_37.6140091037384749|127.0308172547337193_37.6138558335722166|127.0306687476536069_37.6135272070313320|127.0306263756309590_37.6134334427768025|127.0305256407967818_37.6132105275378237|127.0304829018195534_37.6131161834363184|127.0304581524445808_37.6129865258258107|127.0304679093526232_37.6128992805603062|127.0305305543381564_37.6128261392159047|127.0308831459086178_37.6126452505436006|127.0311960791661221_37.6125297876005433|127.0313076593327679_37.6124939066315420
2026-09-04T13:22:12.125893+09:00,미아사거리역,미아사거리역,POI026,KEY_2,1080001302,도봉로10길,1080004404,롯데백화점(미아점),127.0307752511100574_37.6153377881961077,1080004603,송중초교앞교차로,127.0304883063638783_37.6164177510826150,125.0,13.0,정체,127.0304883063638783_37.6164177510826150|127.0305703985691252_37.6163131925084642|127.0306363068363140_37.6162059695205286|127.0307091738091572_37.6160516347061957|127.0307523911061054_37.6159357563504244|127.0307780233704449_37.6158268129668514|127.0307895338175257_37.6157153468896510|127.0307960511374716_37.6155476827439088|127.0307967671710401_37.6155292620652375|127.0307752511100574_37.6153377881961077
2026-09-04T13:22:12.125893+09:00,미아사거리역,미아사거리역,POI026,KEY_2,1080001303,도봉로16길,1080004604,송중초교앞교차로,127.0304102014371495_37.6165235549963413,1080005102,삼양입구사거리,127.0298702192108067_37.6170704681836625,79.0,19.0,서행,127.0298702192108067_37.6170704681836625|127.0298850521788978_37.6170678421002123|127.0299748118788585_37.6170321140735879|127.0300606496514746_37.6169837596280487|127.0301171093192494_37.6169296264748780|127.0302651320415634_37.6167245455032031|127.0304102014371495_37.6165235549963413
2026-09-04T13:22:12.125893+09:00,미아사거리역,미아사거리역,POI026,KEY_2,1080001401,도봉로8길,1080226500,미아동 860-62,127.0333709883061459_37.6111757648604055,1070030801,미아동 46-41,127.0334139063331946_37.6107742430994421,47.0,13.0,정체,127.0334139063331946_37.6107742430994421|127.0334462215943887_37.6108752645659408|127.0334496189833260_37.6109857942447405|127.0334250973174051_37.6110939559240691|127.0334003678912893_37.6111530443839968|127.0333709883061459_37.6111757648604055
2026-09-04T13:22:12.125893+09:00,미아사거리역,미아사거리역,POI026,KEY_2,1080001402,도봉로10길,1080223600,미아동 860-128,127.0309319037914122_37.6155510242293474,1080004401,롯데백화점(미아점),127.0309106282188338_37.6153281619081881,25.0,7.0,정체,127.0309106282188338_37.6153281619081881|127.0309328722385231_37.6155261090471882|127.0309319037914122_37.6155510242293474
2026-09-04T13:22:12.125893+09:00,미아사거리역,미아사거리역,POI026,KEY_2,1080001403,도봉로16길,1080226700,미아동 860-128,127.0303830050474403_37.6167783790601220,1080004601,송중초교앞교차로,127.0305637850283773_37.6165279116074700,32.0,7.0,정체,127.0305637850283773_37.6165279116074700|127.0303830050474403_37.6167783790601220
2026-09-04T13:22:12.125893+09:00,미아사거리역,미아사거리역,POI026,KEY_2,1080001600,오패산로,1080213700,미아동 1317-4,127.0350445501677967_37.6118498616365429,1070032701,방천시장입구교차로,127.0351361942052364_37.6116746238631379,21.0,11.7,정체,127.0351361942052364_37.6116746238631379|127.0350445501677967_37.6118498616365429
2026-09-04T13:22:12.125893+09:00,미아사거리역,미아사거리역,POI026,KEY_2,1080001900,오현로,1080208300,미아동 89-40,127.0313087266287511_37.6164361744709836,1080004602,송중초교앞교차로,127.0306455696994732_37.6164215546226970,59.0,19.0,서행,127.0306455696994732_37.6164215546226970|127.0313087266287511_37.6164361744709836
2026-09-04T13:22:12.125893+09:00,미아사거리역,미아사거리역,POI026,KEY_2,1080002000,오현로,1080004601,송중초교앞교차로,127.0305637850283773_37.6165279116074700,1080000704,송중동주민센터,127.0333214076489838_37.6165889302136804,244.0,19.0,서행,127.0333214076489838_37.6165889302136804|127.0327048727601778_37.6165751501665611|127.0325535462619797_37.6165717674053610|127.0322799608593556_37.6165657393747779|127.0313049616454890_37.6165442516112378|127.0305637850283773_37.6165279116074700
2026-09-04T13:22:12.125893+09:00,미아사거리역,미아사거리역,POI026,KEY_2,1080013300,도봉로,1070029400,미아동13-23,127.0303037865156597_37.6097324048251664,1070029100,미아동13-23,127.0307970607158552_37.6093968261890694,68.0,15.0,서행,127.0307970607158552_37.6093968261890694|127.0305946239942188_37.6093716682601524|127.0304681352867107_37.6094164675411236|127.0304277962557080_37.6094780299370726|127.0303633502236949_37.6096357439956179|127.0303037865156597_37.6097324048251664
2026-09-04T13:22:12.125893+09:00,미아사거리역,미아사거리역,POI026,KEY_2,1080013600,도봉로14길,1080004403,롯데백화점(미아점),127.0307655742459758_37.6152294799087770,1080004302,롯데백화점,127.0300044147842016_37.6152165221594643,67.0,12.0,정체,127.0300044147842016_37.6152165221594643|127.0307655742459758_37.6152294799087770
2026-09-04T13:22:12.125893+09:00,미아사거리역,미아사거리역,POI026,KEY_2,1080014200,오현로,1080004603,송중초교앞교차로,127.0304883063638783_37.6164177510826150,1080004502,미아4동지구대,127.0299406932083599_37.6164009553699401,48.0,4.0,정체,127.0299406932083599_37.6164009553699401|127.0304883063638783_37.6164177510826150
2026-09-04T13:22:12.125893+09:00,미아사거리역,미아사거리역,POI026,KEY_2,1080014300,오현로,1080004501,미아4동지구대,127.0299378171736464_37.6165090658176240,1080004604,송중초교앞교차로,127.0304102014371495_37.6165235549963413,42.0,16.0,서행,127.0304102014371495_37.6165235549963413|127.0299378171736464_37.6165090658176240
2026-09-04T13:22:12.125893+09:00,미아사거리역,미아사거리역,POI026,KEY_2,1080014600,도봉로15길,1080192800,미아동 458-7,127.0289263823759143_37.6164970010907709,1080005303,솔샘빌딩,127.0271851492296946_37.6171857601041069,173.0,26.0,원활,127.0271851492296946_37.6171857601041069|127.0280001291889533_37.6167779690611326|127.0282120914124135_37.6166948240359034|127.0284782414750566_37.6166076453546765|127.0287039024196645_37.6165457270247074|127.0289263823759143_37.6164970010907709
2026-09-04T13:22:12.125893+09:00,미아사거리역,미아사거리역,POI026,KEY_2,1080014700,도봉로15길,1080192900,미아동 458-7,127.0289624624824540_37.6166012407417867,1080004504,미아4동지구대,127.0298017896812581_37.6165088554968250,75.0,13.0,정체,127.0298017896812581_37.6165088554968250|127.0295487633222109_37.6165152651126817|127.0293179985103222_37.6165373968828902|127.0290397621278942_37.6165843107636775|127.0289624624824540_37.6166012407417867
2026-09-04T13:22:12.125893+09:00,미아사거리역,미아사거리역,POI026,KEY_2,1080035900,도봉로,1080227900,미아동 66-1,127.0299274972616104_37.6144546098941603,1080004303,롯데백화점,127.0298687581600916_37.6152098457852233,84.0,8.0,정체,127.0298687581600916_37.6152098457852233|127.0298853879347121_37.6149960306107900|127.0299274972616104_37.6144546098941603
2026-09-04T13:22:12.125893+09:00,미아사거리역,미아사거리역,POI026,KEY_2,1080036400,도봉로,1080225600,미아동 66-1,127.0299803524425357_37.6155274151514050,1080004301,롯데백화점,127.0299960395229704_37.6153245223647374,23.0,27.0,원활,127.0299960395229704_37.6153245223647374|127.0299803524425357_37.6155274151514050
2026-09-04T13:22:12.125893+09:00,미아사거리역,미아사거리역,POI026,KEY_2,1080036500,도봉로,1080004304,롯데백화점,127.0298603782955666_37.6153178851803318,1080004503,미아4동지구대,127.0298047742597731_37.6164006059727711,120.0,8.0,정체,127.0298047742597731_37.6164006059727711|127.0298046298892842_37.6160389086157849|127.0298446910549472_37.6155207779205440|127.0298603782955666_37.6153178851803318
2026-09-04T13:22:12.125893+09:00,미아사거리역,미아사거리역,POI026,KEY_2,1080036600,도봉로,1080005102,삼양입구사거리,127.0298702192108067_37.6170704681836625,1080004501,미아4동지구대,127.0299378171736464_37.6165090658176240,63.0,9.0,정체,127.0299378171736464_37.6165090658176240|127.0299226736381542_37.6167963269789851|127.0298951691717804_37.6169547114601741|127.0298702192108067_37.6170704681836625
2026-09-04T13:22:12.125893+09:00,미아사거리역,미아사거리역,POI026,KEY_2,1080036700,도봉로,1080004504,미아4동지구대,127.0298017896812581_37.6165088554968250,1080005103,삼양입구사거리,127.0297284688176518_37.6170883149081376,65.0,8.0,정체,127.0297284688176518_37.6170883149081376|127.0297608296273353_37.6169381744416640|127.0297871444125661_37.6167866423070549|127.0298017896812581_37.6165088554968250
2026-09-04T13:22:12.125893+09:00,발산역,발산역,POI027,KEY_3,1150014202,강서로,1150175000,마곡동 724-1,126.8383852842325865_37.5592402053588401,1150030703,등촌동 709,126.8385237764946822_37.5596590721435390,48.0,10.0,정체,126.8385237764946822_37.5596590721435390|126.8383852842325865_37.5592402053588401
2026-09-04T13:22:12.125893+09:00,발산역,발산역,POI027,KEY_3,1150013501,공항대로41길,1150199500,등촌동 709-18,126.8449936130237745_37.5585491936764626,1150027801,등촌동 665-15,126.8446075434389826_37.5579957914980866,70.0,9.0,정체,126.8446075434389826_37.5579957914980866|126.8449936130237745_37.5585491936764626
2026-09-04T13:22:12.125893+09:00,발산역,발산역,POI027,KEY_3,1150013502,공항대로41길,1150264200,등촌동 709-19,126.8457392751923010_37.5596525373729904,1150029901,등촌성당,126.8453512898314699_37.5590655577672123,74.0,10.7,정체,126.8453512898314699_37.5590655577672123|126.8457392751923010_37.5596525373729904
2026-09-04T13:22:12.125893+09:00,발산역,발산역,POI027,KEY_3,1150001301,공항대로,1150388100,최소노드배치점,126.8479422913783452_37.5574279579684003,1150027802,내발산동 727-11,126.8445162648301476_37.5578956605161736,308.0,12.0,정체,126.8445162648301476_37.5578956605161736|126.8470260619137662_37.5576543889665260|126.8472895533285225_37.5576081323218673|126.8475700185465627_37.5575380223980133|126.8478776911477155_37.5574499386466130|126.8479422913783452_37.5574279579684003
2026-09-04T13:22:12.125893+09:00,발산역,발산역,POI027,KEY_3,1150001401,공항대로,1150027801,등촌동 665-15,126.8446075434389826_37.5579957914980866,1150027504,KBS88체육관,126.8485838392266203_37.5573272457826803,362.0,17.0,서행,126.8485838392266203_37.5573272457826803|126.8479956668994788_37.5575273772584879|126.8479274007050321_37.5575506052493537|126.8476133601174638_37.5576405117346468|126.8473245865430670_37.5577126995265402|126.8470488797595976_37.5577611001132396|126.8446075434389826_37.5579957914980866
2026-09-04T13:22:12.125893+09:00,발산역,발산역,POI027,KEY_3,1150001702,공항대로,1150156500,내발산동 727-13,126.8389437190157025_37.5584498941833331,1150029007,발산역앞교차로,126.8382868423504277_37.5585154741234675,58.0,17.0,서행,126.8382868423504277_37.5585154741234675|126.8389437190157025_37.5584498941833331
2026-09-04T13:22:12.125893+09:00,발산역,발산역,POI027,KEY_3,1150001802,공항대로,1150286100,등촌동 675-7,126.8434851477407221_37.5581068792877204,1150027804,등촌동 675-7,126.8444620467467274_37.5580099188913792,87.0,10.0,정체,126.8444620467467274_37.5580099188913792|126.8434851477407221_37.5581068792877204
2026-09-04T13:22:12.125893+09:00,발산역,발산역,POI027,KEY_3,1150012402,강서로,1150159900,내발산동 727-3,126.8379581400753864_37.5579157877647489,1150029008,발산역앞교차로,126.8381511771219436_37.5585292798091572,70.0,13.5,정체,126.8381511771219436_37.5585292798091572|126.8379581400753864_37.5579157877647489
2026-09-04T13:22:12.125893+09:00,발산역,발산역,POI027,KEY_3,1150012501,강서로,1150024502,동아빌딩,126.8372882612989372_37.5553437451673062,1150023601,우장산공원입구교차로,126.8371370636826754_37.5548824736412428,53.0,19.0,서행,126.8371370636826754_37.5548824736412428|126.8372882612989372_37.5553437451673062
2026-09-04T13:22:12.125893+09:00,발산역,발산역,POI027,KEY_3,1150012502,강서로,1150160000,내발산동 727-3,126.8380898818052742_37.5578895163977009,1150024501,동아빌딩,126.8373220381356390_37.5554491393520493,279.0,17.0,서행,126.8373220381356390_37.5554491393520493|126.8376715306814759_37.5565599243357937|126.8380898818052742_37.5578895163977009
2026-09-04T13:22:12.125893+09:00,발산역,발산역,POI027,KEY_3,1150013401,공항대로41길,1150199400,등촌동 709-18,126.8448748818911582_37.5586016883165925,1150029903,등촌성당,126.8451274169810858_37.5589636738274208,46.0,12.0,정체,126.8451274169810858_37.5589636738274208|126.8448748818911582_37.5586016883165925
2026-09-04T13:22:12.125893+09:00,발산역,발산역,POI027,KEY_3,1150014203,강서로,1150030704,등촌동 709,126.8385583871243085_37.5597642315047793,1150031803,등촌동 709,126.8388799352455294_37.5607467891492064,113.0,25.0,원활,126.8388799352455294_37.5607467891492064|126.8385583871243085_37.5597642315047793
2026-09-04T13:22:12.125893+09:00,발산역,발산역,POI027,KEY_3,1150014205,강서로,1150031804,등촌동 709,126.8389140890373454_37.5608509288689092,1150005703,등촌1-10단지앞교차로,126.8396861857425364_37.5631977716060206,269.0,14.0,정체,126.8396861857425364_37.5631977716060206|126.8393141722479385_37.5620670292307963|126.8392797556717255_37.5619624175767370|126.8389140890373454_37.5608509288689092
2026-09-04T13:22:12.125893+09:00,발산역,발산역,POI027,KEY_3,1150014302,강서로,1150175100,등촌동 675-9,126.8385166255535950_37.5592126843741667,1150029006,발산역앞교차로,126.8383210052044774_37.5586210293481884,68.0,24.0,서행,126.8383210052044774_37.5586210293481884|126.8385166255535950_37.5592126843741667
2026-09-04T13:22:12.125893+09:00,발산역,발산역,POI027,KEY_3,1150014303,강서로,1150031802,등촌동 709,126.8390139938301218_37.5607275621226293,1150030701,등촌동 709,126.8386936568455070_37.5597487108810242,112.0,18.0,서행,126.8386936568455070_37.5597487108810242|126.8390139938301218_37.5607275621226293
2026-09-04T13:22:12.125893+09:00,발산역,발산역,POI027,KEY_3,1150014304,강서로,1150034202,국민연금관리공단,126.8394111443076042_37.5619350252835389,1150031801,등촌동 709,126.8390483347155140_37.5608322269258892,127.0,34.0,원활,126.8390483347155140_37.5608322269258892|126.8394111443076042_37.5619350252835389
2026-09-04T13:22:12.125893+09:00,발산역,발산역,POI027,KEY_3,1150014305,강서로,1150005702,등촌1-10단지앞교차로,126.8398205853715410_37.5631795244991835,1150034201,국민연금관리공단,126.8394455610547453_37.5620396368988594,131.0,34.0,원활,126.8394455610547453_37.5620396368988594|126.8398205853715410_37.5631795244991835
2026-09-04T13:22:12.125893+09:00,발산역,발산역,POI027,KEY_3,1150015201,강서로62길,1150036503,등촌동 709-7,126.8406735207926062_37.5630129446335346,1150005702,등촌1-10단지앞교차로,126.8398205853715410_37.5631795244991835,78.0,13.0,정체,126.8398205853715410_37.5631795244991835|126.8406735207926062_37.5630129446335346
2026-09-04T13:22:12.125893+09:00,발산역,발산역,POI027,KEY_3,1150015202,강서로62길,1150035303,등촌동 709-7,126.8421580440403602_37.5627055380148107,1150036502,등촌동 709-7,126.8408051994368861_37.5629864249681731,124.0,13.7,정체,126.8408051994368861_37.5629864249681731|126.8421580440403602_37.5627055380148107
2026-09-04T13:22:12.125893+09:00,발산역,발산역,POI027,KEY_3,1150015301,강서로62길,1150005701,등촌1-10단지앞교차로,126.8398546136223644_37.5632842045207411,1150036504,등촌동 709-7,126.8407073809268581_37.5631176574675862,78.0,10.0,정체,126.8407073809268581_37.5631176574675862|126.8398546136223644_37.5632842045207411
2026-09-04T13:22:12.125893+09:00,발산역,발산역,POI027,KEY_3,1150015302,강서로62길,1150036501,등촌동 709-7,126.8408390519562801_37.5630911327515875,1150035304,등촌동 709-7,126.8421984401591374_37.5628088871163897,124.0,15.0,서행,126.8421984401591374_37.5628088871163897|126.8408390519562801_37.5630911327515875
2026-09-04T13:22:12.125893+09:00,발산역,발산역,POI027,KEY_3,1150061400,강서로50길,1150160400,내발산동 724-31,126.8379970283803289_37.5552640353912395,1150024502,동아빌딩,126.8372882612989372_37.5553437451673062,63.0,22.0,서행,126.8372882612989372_37.5553437451673062|126.8379970283803289_37.5552640353912395
2026-09-04T13:22:12.125893+09:00,발산역,발산역,POI027,KEY_3,1150063600,공항대로42길,1150168900,내발산동 727-10,126.8437845680732181_37.5573454026150557,1150027803,내발산동 727-11,126.8443119302488782_37.5579158619486293,79.0,17.0,서행,126.8443119302488782_37.5579158619486293|126.8442191029553783_37.5578656596487974|126.8439617274123350_37.5575931711129414|126.8439157570281708_37.5575288788179549|126.8437845680732181_37.5573454026150557
2026-09-04T13:22:12.125893+09:00,발산역,발산역,POI027,KEY_3,1150068500,화곡로63길,1150249200,등촌동 665,126.8468281137539435_37.5588151943925652,1150029902,등촌성당,126.8452825414138516_37.5589633449437912,138.0,21.5,서행,126.8452825414138516_37.5589633449437912|126.8456271872231582_37.5589296648363486|126.8457671569491794_37.5589163237876207|126.8468281137539435_37.5588151943925652
2026-09-04T13:22:12.125893+09:00,발산역,발산역,POI027,KEY_3,1150068900,강서로56길,1150029903,등촌성당,126.8451274169810858_37.5589636738274208,1150030102,동명중학교앞사거리,126.8437021070714508_37.5590900784440578,127.0,6.0,정체,126.8437021070714508_37.5590900784440578|126.8450504206099083_37.5589612812080915|126.8451274169810858_37.5589636738274208
2026-09-04T13:22:12.125893+09:00,발산역,발산역,POI027,KEY_3,1150069000,강서로56길,1150030101,동명중학교앞사거리,126.8437182868120630_37.5591974274643690,1150029904,등촌성당,126.8452035600025880_37.5590742413996850,132.0,18.0,서행,126.8452035600025880_37.5590742413996850|126.8450558970051816_37.5590696530153494|126.8437182868120630_37.5591974274643690
2026-09-04T13:22:12.125893+09:00,발산역,발산역,POI027,KEY_3,1150069400,강서로56길,1150253100,등촌동 675-3,126.8420541660963323_37.5592559113364217,1150030302,NC백화점(강서점),126.8412679507252108_37.5593352125803221,70.0,24.0,서행,126.8412679507252108_37.5593352125803221|126.8420541660963323_37.5592559113364217
2026-09-04T13:22:12.125893+09:00,발산역,발산역,POI027,KEY_3,1150069500,강서로56길,1150030301,NC백화점(강서점),126.8412850215417649_37.5594424739169526,1150030104,동명중학교앞사거리,126.8435827794940707_37.5592106973085009,205.0,24.0,서행,126.8435827794940707_37.5592106973085009|126.8420712380346345_37.5593631728529758|126.8412850215417649_37.5594424739169526
2026-09-04T13:22:12.125893+09:00,발산역,발산역,POI027,KEY_3,1150069900,강서로56길,1150222900,등촌동 675-10,126.8398256103945130_37.5594834893855705,1150030502,등촌동 675-10,126.8396404824841710_37.5595279604237717,17.0,26.7,원활,126.8396404824841710_37.5595279604237717|126.8397994820281411_37.5594861781463507|126.8398256103945130_37.5594834893855705
2026-09-04T13:22:12.125893+09:00,발산역,발산역,POI027,KEY_3,1150070000,강서로56길,1150030501,등촌동 709-24,126.8396830550129550_37.5596306307353771,1150030304,NC백화점(강서점),126.8411492775769176_37.5594562882070591,131.0,8.7,정체,126.8411492775769176_37.5594562882070591|126.8404955909356886_37.5595235617705185|126.8398430218055637_37.5595907165936680|126.8398297469764060_37.5595920826459491|126.8396830550129550_37.5596306307353771
2026-09-04T13:22:12.125893+09:00,발산역,발산역,POI027,KEY_3,1150070100,강서로56길,1150030503,등촌동 675-10,126.8395323421799361_37.5595482233216273,1150030702,등촌동 709,126.8386590218707255_37.5596433568766201,78.0,12.0,정체,126.8386590218707255_37.5596433568766201|126.8395323421799361_37.5595482233216273
2026-09-04T13:22:12.125893+09:00,발산역,발산역,POI027,KEY_3,1150070200,강서로56길,1150030701,등촌동 709,126.8386936568455070_37.5597487108810242,1150030504,등촌동 709-24,126.8395507558514197_37.5596553444129242,76.0,8.0,정체,126.8395507558514197_37.5596553444129242|126.8386936568455070_37.5597487108810242
2026-09-04T13:22:12.125893+09:00,발산역,발산역,POI027,KEY_3,1150070500,강서로56나길,1150031102,등촌주공3단지,126.8415189407386379_37.5601714765458112,1150030301,NC백화점(강서점),126.8412850215417649_37.5594424739169526,84.0,22.0,서행,126.8412850215417649_37.5594424739169526|126.8415189407386379_37.5601714765458112
2026-09-04T13:22:12.125893+09:00,발산역,발산역,POI027,KEY_3,1150070600,강서로56나길,1150030304,NC백화점(강서점),126.8411492775769176_37.5594562882070591,1150031103,등촌주공3단지,126.8413873500379907_37.5601982354522050,85.0,14.0,정체,126.8413873500379907_37.5601982354522050|126.8411492775769176_37.5594562882070591
2026-09-04T13:22:12.125893+09:00,발산역,발산역,POI027,KEY_3,1150071200,강서로56가길,1150031302,킴스클럽(강서점),126.8399788271866129_37.5605014032291180,1150030501,등촌동 709-24,126.8396830550129550_37.5596306307353771,100.0,6.0,정체,126.8396830550129550_37.5596306307353771|126.8397331722678132_37.5597781806686797|126.8399788271866129_37.5605014032291180
2026-09-04T13:22:12.125893+09:00,발산역,발산역,POI027,KEY_3,1150071300,강서로56가길,1150177200,등촌동 709-24,126.8396020643651383_37.5598064024523026,1150031303,킴스클럽(강서점),126.8398481363394410_37.5605308572489065,83.0,7.0,정체,126.8398481363394410_37.5605308572489065|126.8396020643651383_37.5598064024523026
2026-09-04T13:22:12.125893+09:00,발산역,발산역,POI027,KEY_3,1150071700,강서로,1150031103,등촌주공3단지,126.8413873500379907_37.5601982354522050,1150031302,킴스클럽(강서점),126.8399788271866129_37.5605014032291180,129.0,18.0,서행,126.8399788271866129_37.5605014032291180|126.8409817156347685_37.5602855454065931|126.8413873500379907_37.5601982354522050
2026-09-04T13:22:12.125893+09:00,발산역,발산역,POI027,KEY_3,1150071800,강서로,1150031301,킴스클럽(강서점),126.8400146179819785_37.5606057011169838,1150031104,등촌주공3단지,126.8414257249843189_37.5603019770891677,129.0,9.0,정체,126.8414257249843189_37.5603019770891677|126.8410171647322500_37.5603899168237874|126.8400146179819785_37.5606057011169838
2026-09-04T13:22:12.125893+09:00,발산역,발산역,POI027,KEY_3,1150071900,강서로,1150031303,킴스클럽(강서점),126.8398481363394410_37.5605308572489065,1150031802,등촌동 709,126.8390139938301218_37.5607275621226293,77.0,9.0,정체,126.8390139938301218_37.5607275621226293|126.8398481363394410_37.5605308572489065
2026-09-04T13:22:12.125893+09:00,발산역,발산역,POI027,KEY_3,1150072000,강서로,1150031801,등촌동 709,126.8390483347155140_37.5608322269258892,1150031304,킴스클럽(강서점),126.8398839413988100_37.5606351767868460,77.0,4.0,정체,126.8398839413988100_37.5606351767868460|126.8390483347155140_37.5608322269258892
2026-09-04T13:22:12.125893+09:00,발산역,발산역,POI027,KEY_3,1150072100,공항대로39길,1150256400,등촌동 709-21,126.8439667127423149_37.5600268748774369,1150030101,동명중학교앞사거리,126.8437182868120630_37.5591974274643690,95.0,19.0,서행,126.8437182868120630_37.5591974274643690|126.8438689490130855_37.5597219963694755|126.8439667127423149_37.5600268748774369
2026-09-04T13:22:12.125893+09:00,발산역,발산역,POI027,KEY_3,1150072300,강서로56가길,1150033502,등촌동 709-24,126.8403937546382281_37.5617408215833422,1150031301,킴스클럽(강서점),126.8400146179819785_37.5606057011169838,130.0,7.0,정체,126.8400146179819785_37.5606057011169838|126.8400855183556359_37.5608102389680525|126.8401212767520718_37.5609159034849611|126.8403937546382281_37.5617408215833422
2026-09-04T13:22:12.125893+09:00,발산역,발산역,POI027,KEY_3,1150072400,강서로56가길,1150031304,킴스클럽(강서점),126.8398839413988100_37.5606351767868460,1150031903,등촌동 709-25,126.8399545939338253_37.5608389991299347,23.0,7.5,정체,126.8399545939338253_37.5608389991299347|126.8398839413988100_37.5606351767868460
2026-09-04T13:22:12.125893+09:00,발산역,발산역,POI027,KEY_3,1150073800,강서로56가길,1150031903,등촌동 709-25,126.8399545939338253_37.5608389991299347,1150033703,청호빌딩,126.8398879643180805_37.5618434951784010,136.0,81.0,원활,126.8398879643180805_37.5618434951784010|126.8396084486025330_37.5609783844197054|126.8396550646368155_37.5609044813812574|126.8399545939338253_37.5608389991299347
2026-09-04T13:22:12.125893+09:00,발산역,발산역,POI027,KEY_3,1150073900,강서로56가길,1150033702,청호빌딩,126.8400198011262034_37.5618174884067031,1150031904,등촌동 678-6,126.8399899238250583_37.5609433981560485,116.0,11.0,정체,126.8399899238250583_37.5609433981560485|126.8397540438665771_37.5609949658284634|126.8400198011262034_37.5618174884067031
2026-09-04T13:22:12.125893+09:00,발산역,발산역,POI027,KEY_3,1150074100,강서로56가길,1150031904,등촌동 678-6,126.8399899238250583_37.5609433981560485,1150033503,등촌동 709-25,126.8402624006093049_37.5617683164986360,95.0,9.0,정체,126.8402624006093049_37.5617683164986360|126.8399899238250583_37.5609433981560485
2026-09-04T13:22:12.125893+09:00,발산역,발산역,POI027,KEY_3,1150074400,강서로56나길,1150224800,등촌동 709-23,126.8421593876177269_37.5622512538104232,1150031101,등촌주공3단지,126.8415577146132023_37.5602764926730970,226.0,11.0,정체,126.8415577146132023_37.5602764926730970|126.8417915836892433_37.5610440910706487|126.8421593876177269_37.5622512538104232
2026-09-04T13:22:12.125893+09:00,발산역,발산역,POI027,KEY_3,1150075500,강서로56가길,1150033503,등촌동 709-25,126.8402624006093049_37.5617683164986360,1150033702,청호빌딩,126.8400198011262034_37.5618174884067031,22.0,16.0,서행,126.8400198011262034_37.5618174884067031|126.8402624006093049_37.5617683164986360
2026-09-04T13:22:12.125893+09:00,발산역,발산역,POI027,KEY_3,1150075600,강서로56가길,1150033701,청호빌딩,126.8400533738930847_37.5619222522369043,1150033504,등촌동 679-6,126.8402969405602931_37.5618728844387348,22.0,4.0,정체,126.8402969405602931_37.5618728844387348|126.8400533738930847_37.5619222522369043
2026-09-04T13:22:12.125893+09:00,발산역,발산역,POI027,KEY_3,1150075800,강서로,1150033703,청호빌딩,126.8398879643180805_37.5618434951784010,1150034202,국민연금관리공단,126.8394111443076042_37.5619350252835389,43.0,8.0,정체,126.8394111443076042_37.5619350252835389|126.8398879643180805_37.5618434951784010
2026-09-04T13:22:12.125893+09:00,발산역,발산역,POI027,KEY_3,1150075900,강서로,1150034201,국민연금관리공단,126.8394455610547453_37.5620396368988594,1150033704,청호빌딩,126.8399215433585283_37.5619482675854854,43.0,6.0,정체,126.8399215433585283_37.5619482675854854|126.8394455610547453_37.5620396368988594
2026-09-04T13:22:12.125893+09:00,발산역,발산역,POI027,KEY_3,1150076300,강서로56가길,1150035502,호서아트갤러리,126.8406970304975800_37.5626589595992826,1150033501,등촌동 709-24,126.8404282947817023_37.5618453895506121,93.0,19.5,서행,126.8404282947817023_37.5618453895506121|126.8406970304975800_37.5626589595992826
2026-09-04T13:22:12.125893+09:00,발산역,발산역,POI027,KEY_3,1150076400,강서로56가길,1150033504,등촌동 679-6,126.8402969405602931_37.5618728844387348,1150035503,호서아트갤러리,126.8405656746963217_37.5626864548314643,93.0,25.0,원활,126.8405656746963217_37.5626864548314643|126.8402969405602931_37.5618728844387348
2026-09-04T13:22:12.125893+09:00,발산역,발산역,POI027,KEY_3,1150076900,강서로56가길,1150033704,청호빌딩,126.8399215433585283_37.5619482675854854,1150035504,호서아트갤러리,126.8406002224921991_37.5627910440640420,136.0,10.0,정체,126.8406002224921991_37.5627910440640420|126.8402872434445356_37.5628508061186608|126.8401954405893264_37.5628100442906998|126.8399215433585283_37.5619482675854854
2026-09-04T13:22:12.125893+09:00,발산역,발산역,POI027,KEY_3,1150078400,강서로56가길,1150036502,등촌동 709-7,126.8408051994368861_37.5629864249681731,1150035501,호서아트갤러리,126.8407315784833003_37.5627635487979958,26.0,8.0,정체,126.8407315784833003_37.5627635487979958|126.8408051994368861_37.5629864249681731
2026-09-04T13:22:12.125893+09:00,발산역,발산역,POI027,KEY_3,1150078500,강서로56가길,1150035504,호서아트갤러리,126.8406002224921991_37.5627910440640420,1150036503,등촌동 709-7,126.8406735207926062_37.5630129446335346,25.0,18.0,서행,126.8406735207926062_37.5630129446335346|126.8406002224921991_37.5627910440640420
2026-09-04T13:22:12.125893+09:00,발산역,발산역,POI027,KEY_3,1150081800,강서로56가길,1150038902,등촌주공1단지아파트,126.8416224738478206_37.5655681810133828,1150036501,등촌동 709-7,126.8408390519562801_37.5630911327515875,284.0,17.0,서행,126.8408390519562801_37.5630911327515875|126.8416224738478206_37.5655681810133828
2026-09-04T13:22:12.125893+09:00,발산역,발산역,POI027,KEY_3,1150081900,강서로56가길,1150036504,등촌동 709-7,126.8407073809268581_37.5631176574675862,1150038903,등촌주공1단지아파트,126.8414907582864544_37.5655945778397111,283.0,21.0,서행,126.8414907582864544_37.5655945778397111|126.8407073809268581_37.5631176574675862
2026-09-04T13:22:12.125893+09:00,발산역,발산역,POI027,KEY_3,1150414700,공항대로,1150143803,마곡동 800-23,126.8331897528281473_37.5590371786249193,1150142902,마곡동 799-23,126.8299789794061354_37.5593544984393830,286.0,17.0,서행,126.8299789794061354_37.5593544984393830|126.8331897528281473_37.5590371786249193
2026-09-04T13:22:12.125893+09:00,발산역,발산역,POI027,KEY_3,1150414800,공항대로,1150142901,마곡동 771-6,126.8299957636812536_37.5594617895610980,1150143804,마곡동 775-3,126.8332050999563307_37.5591446111485254,286.0,17.0,서행,126.8332050999563307_37.5591446111485254|126.8299957636812536_37.5594617895610980
2026-09-04T13:22:12.125893+09:00,발산역,발산역,POI027,KEY_3,1150415000,마곡동로4길,1150143903,더스포츠투데이,126.8332857991649547_37.5596880604673728,1150143002,스포츠니어스,126.8300720826581909_37.5600051057354847,286.0,11.0,정체,126.8300720826581909_37.5600051057354847|126.8332857991649547_37.5596880604673728
2026-09-04T13:22:12.125893+09:00,발산역,발산역,POI027,KEY_3,1150415200,마곡동로4길,1150143001,스포츠니어스,126.8300889340493427_37.5601123893861484,1150143904,더스포츠투데이,126.8333022312357485_37.5597953858369493,286.0,10.0,정체,126.8333022312357485_37.5597953858369493|126.8300889340493427_37.5601123893861484
2026-09-04T13:22:12.125893+09:00,발산역,발산역,POI027,KEY_3,1150415300,마곡중앙6로,1150144003,마곡동796-3,126.8333756769971359_37.5602611156995607,1150143102,마곡동 771-6,126.8301522505480108_37.5604769150319484,286.0,13.0,정체,126.8301522505480108_37.5604769150319484|126.8315992311645601_37.5603293921517363|126.8317903553199244_37.5603190670868727|126.8321654198426671_37.5603292225798029|126.8324684712669921_37.5603342165290286|126.8326274768060671_37.5603290036322974|126.8333756769971359_37.5602611156995607
2026-09-04T13:22:12.125893+09:00,발산역,발산역,POI027,KEY_3,1150415400,마곡중앙6로,1150143101,마곡동 771-6,126.8301695159718747_37.5605841499526605,1150144004,마곡동796-3,126.8333921054945677_37.5603684438512104,286.0,19.0,서행,126.8333921054945677_37.5603684438512104|126.8326428577152853_37.5604364277498135|126.8324742064728667_37.5604422396582009|126.8321626681507439_37.5604373192537437|126.8317857413540537_37.5604271232566731|126.8316086846086961_37.5604372494358998|126.8301695159718747_37.5605841499526605
2026-09-04T13:22:12.125893+09:00,발산역,발산역,POI027,KEY_3,1150415500,마곡중앙8로,1150144103,마곡동 775-3,126.8335156177956549_37.5612009154793540,1150143302,스페이스K서울미술관,126.8303074798785133_37.5615141459653259,286.0,14.0,정체,126.8303074798785133_37.5615141459653259|126.8310422029500444_37.5614424183077915|126.8325672766222709_37.5612935172885685|126.8335156177956549_37.5612009154793540
2026-09-04T13:22:12.125893+09:00,발산역,발산역,POI027,KEY_3,1150415600,마곡중앙8로,1150143301,스페이스K서울미술관,126.8303240117242154_37.5616214608969941,1150144104,마곡동 775-3,126.8335310636990982_37.5613083368637817,285.0,16.0,서행,126.8335310636990982_37.5613083368637817|126.8325838117159350_37.5614008321921915|126.8310587358588606_37.5615497332296471|126.8303240117242154_37.5616214608969941
2026-09-04T13:22:12.125893+09:00,발산역,발산역,POI027,KEY_3,1150416000,마곡동로,1150143704,아트나눔,126.8331006582411220_37.5583873342277244,1150143803,마곡동 800-23,126.8331897528281473_37.5590371786249193,73.0,24.0,서행,126.8331897528281473_37.5590371786249193|126.8331006582411220_37.5583873342277244
2026-09-04T13:22:12.125893+09:00,발산역,발산역,POI027,KEY_3,1150416200,마곡동로,1150143804,마곡동 775-3,126.8332050999563307_37.5591446111485254,1150143903,더스포츠투데이,126.8332857991649547_37.5596880604673728,61.0,7.0,정체,126.8332857991649547_37.5596880604673728|126.8332050999563307_37.5591446111485254
2026-09-04T13:22:12.125893+09:00,발산역,발산역,POI027,KEY_3,1150416400,마곡동로,1150143802,마곡동 800-23,126.8333245244353122_37.5590236911699904,1150143701,아트나눔,126.8332353657170586_37.5583733943382683,73.0,7.0,정체,126.8332353657170586_37.5583733943382683|126.8333245244353122_37.5590236911699904
2026-09-04T13:22:12.125893+09:00,발산역,발산역,POI027,KEY_3,1150416600,마곡동로,1150143904,더스포츠투데이,126.8333022312357485_37.5597953858369493,1150144003,마곡동796-3,126.8333756769971359_37.5602611156995607,52.0,12.0,정체,126.8333756769971359_37.5602611156995607|126.8333022312357485_37.5597953858369493
2026-09-04T13:22:12.125893+09:00,발산역,발산역,POI027,KEY_3,1150416700,마곡동로,1150143902,더스포츠투데이,126.8334205140886155_37.5596742805224650,1150143801,마곡동 775-3,126.8333398581103921_37.5591311289854701,61.0,17.0,서행,126.8333398581103921_37.5591311289854701|126.8334205140886155_37.5596742805224650
2026-09-04T13:22:12.125893+09:00,발산역,발산역,POI027,KEY_3,1150416800,마곡동로,1150144004,마곡동796-3,126.8333921054945677_37.5603684438512104,1150144103,마곡동 775-3,126.8335156177956549_37.5612009154793540,93.0,9.0,정체,126.8335156177956549_37.5612009154793540|126.8333921054945677_37.5603684438512104
2026-09-04T13:22:12.125893+09:00,발산역,발산역,POI027,KEY_3,1150416900,마곡동로,1150144002,마곡동796-3,126.8335106253723552_37.5602488541742048,1150143901,더스포츠투데이,126.8334369408403290_37.5597816127083632,52.0,6.0,정체,126.8334369408403290_37.5597816127083632|126.8335106253723552_37.5602488541742048
2026-09-04T13:22:12.125893+09:00,발산역,발산역,POI027,KEY_3,1150417000,마곡동로,1150144102,마곡동 775-3,126.8336504427879277_37.5611878569099460,1150144001,마곡동796-3,126.8335270465289426_37.5603561826379106,93.0,10.0,정체,126.8335270465289426_37.5603561826379106|126.8336504427879277_37.5611878569099460
2026-09-04T13:22:12.125893+09:00,발산역,발산역,POI027,KEY_3,1150417100,마곡동로,1150144104,마곡동 775-3,126.8335310636990982_37.5613083368637817,1150075303,마곡동 775-3,126.8338665843508579_37.5637171638409200,269.0,15.3,서행,126.8338665843508579_37.5637171638409200|126.8335310636990982_37.5613083368637817
2026-09-04T13:22:12.125893+09:00,발산역,발산역,POI027,KEY_3,1150417200,마곡동로,1150075302,마곡동 775-3,126.8340015234932139_37.5637048487681895,1150144101,마곡동 775-3,126.8336658955196157_37.5612952760720518,269.0,15.3,서행,126.8336658955196157_37.5612952760720518|126.8340015234932139_37.5637048487681895
2026-09-04T13:22:12.125893+09:00,발산역,발산역,POI027,KEY_3,1150418100,공항대로,1150144503,마곡동 808-2,126.8353045369876781_37.5588231594929596,1150143802,마곡동 800-23,126.8333245244353122_37.5590236911699904,176.0,9.0,정체,126.8333245244353122_37.5590236911699904|126.8353045369876781_37.5588231594929596
2026-09-04T13:22:12.125893+09:00,발산역,발산역,POI027,KEY_3,1150418300,마곡동로4길,1150144603,마곡동 797-1,126.8354226221326968_37.5594623538091739,1150143902,더스포츠투데이,126.8334205140886155_37.5596742805224650,178.0,11.0,정체,126.8334205140886155_37.5596742805224650|126.8354226221326968_37.5594623538091739
2026-09-04T13:22:12.125893+09:00,발산역,발산역,POI027,KEY_3,1150418400,마곡동로4길,1150143901,더스포츠투데이,126.8334369408403290_37.5597816127083632,1150144604,마곡동 797-17,126.8354405248635146_37.5595695294607594,179.0,10.0,정체,126.8354405248635146_37.5595695294607594|126.8334369408403290_37.5597816127083632
2026-09-04T13:22:12.125893+09:00,발산역,발산역,POI027,KEY_3,1150418500,마곡중앙6로,1150144803,마곡동795-8,126.8355105459097700_37.5600668693746229,1150144002,마곡동796-3,126.8335106253723552_37.5602488541742048,178.0,17.0,서행,126.8335106253723552_37.5602488541742048|126.8355105459097700_37.5600668693746229
2026-09-04T13:22:12.125893+09:00,발산역,발산역,POI027,KEY_3,1150418600,마곡중앙6로,1150144001,마곡동796-3,126.8335270465289426_37.5603561826379106,1150144804,마곡동795-8,126.8355266360785407_37.5601742289107179,178.0,8.0,정체,126.8355266360785407_37.5601742289107179|126.8335270465289426_37.5603561826379106
2026-09-04T13:22:12.125893+09:00,발산역,발산역,POI027,KEY_3,1150418700,마곡중앙8로,1150215900,마곡동 789-10,126.8348798327747602_37.5610697462614738,1150144102,마곡동 775-3,126.8336504427879277_37.5611878569099460,109.0,21.0,서행,126.8336504427879277_37.5611878569099460|126.8344178057114249_37.5611141359322147|126.8348798327747602_37.5610697462614738
2026-09-04T13:22:12.125893+09:00,발산역,발산역,POI027,KEY_3,1150418800,마곡중앙8로,1150215800,마곡동 789-10,126.8348961067385972_37.5611770861689465,1150144904,마곡동 789-10,126.8356742349839834_37.5611023223528946,69.0,14.0,정체,126.8356742349839834_37.5611023223528946|126.8348961067385972_37.5611770861689465
2026-09-04T13:22:12.125893+09:00,발산역,발산역,POI027,KEY_3,1150419400,마곡중앙2로,1150144404,마곡동801-2,126.8352046735335108_37.5581637508680544,1150144503,마곡동 808-2,126.8353045369876781_37.5588231594929596,74.0,8.0,정체,126.8353045369876781_37.5588231594929596|126.8352046735335108_37.5581637508680544
2026-09-04T13:22:12.125893+09:00,발산역,발산역,POI027,KEY_3,1150419800,마곡중앙2로,1150144502,마곡동 808-2,126.8354392475825705_37.5588093803015113,1150144401,마곡동801-2,126.8353395103048484_37.5581508093880885,74.0,6.0,정체,126.8353395103048484_37.5581508093880885|126.8354392475825705_37.5588093803015113
2026-09-04T13:22:12.125893+09:00,발산역,발산역,POI027,KEY_3,1150419900,마곡중앙6로,1150144604,마곡동 797-17,126.8354405248635146_37.5595695294607594,1150144803,마곡동795-8,126.8355105459097700_37.5600668693746229,56.0,16.0,서행,126.8355105459097700_37.5600668693746229|126.8354405248635146_37.5595695294607594
2026-09-04T13:22:12.125893+09:00,발산역,발산역,POI027,KEY_3,1150420000,마곡중앙6로,1150144804,마곡동795-8,126.8355266360785407_37.5601742289107179,1150144903,마곡동 789-10,126.8356571963544752_37.5609950561465453,92.0,23.0,서행,126.8356571963544752_37.5609950561465453|126.8355266360785407_37.5601742289107179
2026-09-04T13:22:12.125893+09:00,발산역,발산역,POI027,KEY_3,1150420100,마곡중앙6로,1150144802,마곡동795-8,126.8356454133569713_37.5600540899636997,1150144601,마곡동 797-17,126.8355752580511364_37.5595558020758560,56.0,10.5,정체,126.8355752580511364_37.5595558020758560|126.8356454133569713_37.5600540899636997
2026-09-04T13:22:12.125893+09:00,발산역,발산역,POI027,KEY_3,1150420200,마곡중앙6로,1150144902,마곡동 789-10,126.8357920851740062_37.5609823952840856,1150144801,마곡동795-8,126.8356615034770840_37.5601614444259368,92.0,9.0,정체,126.8356615034770840_37.5601614444259368|126.8357920851740062_37.5609823952840856
2026-09-04T13:22:12.125893+09:00,발산역,발산역,POI027,KEY_3,1150420300,마곡중앙8로1길,1150144904,마곡동 789-10,126.8356742349839834_37.5611023223528946,1150145003,마곡동 788-5,126.8360599704796385_37.5635339917327684,272.0,18.0,서행,126.8360599704796385_37.5635339917327684|126.8356742349839834_37.5611023223528946
2026-09-04T13:22:12.125893+09:00,발산역,발산역,POI027,KEY_3,1150420400,마곡중앙8로1길,1150145002,마곡동 788-5,126.8361949639833171_37.5635219719725413,1150144901,마곡동 789-10,126.8358091243757855_37.5610896665506644,272.0,15.0,서행,126.8358091243757855_37.5610896665506644|126.8361949639833171_37.5635219719725413
2026-09-04T13:22:12.125893+09:00,발산역,발산역,POI027,KEY_3,1150420500,마곡중앙8로,1150145203,마곡동 789-10,126.8364770013601657_37.5609196539713821,1150144902,마곡동 789-10,126.8357920851740062_37.5609823952840856,61.0,20.0,서행,126.8357920851740062_37.5609823952840856|126.8364770013601657_37.5609196539713821
2026-09-04T13:22:12.125893+09:00,발산역,발산역,POI027,KEY_3,1150420600,마곡중앙8로,1150144901,마곡동 789-10,126.8358091243757855_37.5610896665506644,1150145204,마곡동 789-10,126.8364925281873639_37.5610270643811788,61.0,11.0,정체,126.8364925281873639_37.5610270643811788|126.8358091243757855_37.5610896665506644
2026-09-04T13:22:12.125893+09:00,발산역,발산역,POI027,KEY_3,1150421500,마곡동로4길,1150144601,마곡동 797-17,126.8355752580511364_37.5595558020758560,1150145903,마곡동 796-8,126.8377695096314568_37.5597528706232140,226.0,19.0,서행,126.8377695096314568_37.5597528706232140|126.8376750367937404_37.5594532066334068|126.8376436383031205_37.5593938770169231|126.8376179384656552_37.5593788608118189|126.8375879805322910_37.5593639856061756|126.8375501436959922_37.5593660292694267|126.8374935312904483_37.5593681993480644|126.8355752580511364_37.5595558020758560
2026-09-04T13:22:12.125893+09:00,발산역,발산역,POI027,KEY_3,1150421600,마곡중앙8로3길,1150145204,마곡동 789-10,126.8364925281873639_37.5610270643811788,1150145403,마곡동790-3,126.8368895854583229_37.5634558056279033,272.0,16.0,서행,126.8368895854583229_37.5634558056279033|126.8364925281873639_37.5610270643811788
2026-09-04T13:22:12.125893+09:00,발산역,발산역,POI027,KEY_3,1150421700,마곡동로4길,1150145902,마곡동 794-3,126.8379038144172029_37.5597347169141997,1150144602,마곡동 797-1,126.8355587376322546_37.5594485003173730,244.0,10.0,정체,126.8355587376322546_37.5594485003173730|126.8374890599963720_37.5592601385319043|126.8375672753137735_37.5592587730342302|126.8376641123460900_37.5592744493026203|126.8377146483493192_37.5593029497080764|126.8377692522320643_37.5593527678433503|126.8378067666416626_37.5594268875707442|126.8379038144172029_37.5597347169141997
2026-09-04T13:22:12.125893+09:00,발산역,발산역,POI027,KEY_3,1150421800,마곡중앙6로,1150145903,마곡동 796-8,126.8377695096314568_37.5597528706232140,1150144802,마곡동795-8,126.8356454133569713_37.5600540899636997,191.0,11.0,정체,126.8356454133569713_37.5600540899636997|126.8366877546921927_37.5599514564631178|126.8369205654560403_37.5599216147159325|126.8371554394351790_37.5598735121656588|126.8374637488971359_37.5598018888513394|126.8376078818179167_37.5597765466474698|126.8377695096314568_37.5597528706232140
2026-09-04T13:22:12.125893+09:00,발산역,발산역,POI027,KEY_3,1150421900,마곡중앙6로,1150144801,마곡동795-8,126.8356615034770840_37.5601614444259368,1150145904,마곡동 796-8,126.8378038370677103_37.5598577766027901,193.0,19.0,서행,126.8378038370677103_37.5598577766027901|126.8376324600815650_37.5598828808636256|126.8374930776610938_37.5599074565809232|126.8371935476745591_37.5599772882827452|126.8369544237169464_37.5600263202725841|126.8367095047433821_37.5600581806902412|126.8356615034770840_37.5601614444259368
2026-09-04T13:22:12.125893+09:00,발산역,발산역,POI027,KEY_3,1150422001,공항대로,1150029004,발산역교차로,126.8374105472545637_37.5586057815653120,1150144502,마곡동 808-2,126.8354392475825705_37.5588093803015113,176.0,7.0,정체,126.8354392475825705_37.5588093803015113|126.8374105472545637_37.5586057815653120
2026-09-04T13:22:12.125893+09:00,발산역,발산역,POI027,KEY_3,1150422002,공항대로,1150029008,발산역앞교차로,126.8381511771219436_37.5585292798091572,1150029003,발산역교차로,126.8375462326909968_37.5585917665558426,54.0,4.0,정체,126.8375462326909968_37.5585917665558426|126.8381511771219436_37.5585292798091572
2026-09-04T13:22:12.125893+09:00,발산역,발산역,POI027,KEY_3,1150422101,공항대로,1150029002,발산역교차로,126.8375637077918725_37.5586989875216517,1150029009,발산역앞교차로,126.8381851184764457_37.5586347998771046,55.0,32.0,원활,126.8381851184764457_37.5586347998771046|126.8375637077918725_37.5586989875216517
2026-09-04T13:22:12.125893+09:00,발산역,발산역,POI027,KEY_3,1150422102,공항대로,1150143801,마곡동 775-3,126.8333398581103921_37.5591311289854701,1150029005,발산역교차로,126.8374280222594592_37.5587130025401308,364.0,18.5,서행,126.8374280222594592_37.5587130025401308|126.8354567198058760_37.5589166015442970|126.8353216785587989_37.5589304145240703|126.8333398581103921_37.5591311289854701
2026-09-04T13:22:12.125893+09:00,발산역,발산역,POI027,KEY_3,1150422300,마곡중앙8로3길,1150145402,마곡동790-3,126.8370244519072685_37.5634429501900655,1150145201,마곡동 789-10,126.8366275461055892_37.5610151619675108,272.0,16.0,서행,126.8366275461055892_37.5610151619675108|126.8370244519072685_37.5634429501900655
2026-09-04T13:22:12.125893+09:00,발산역,발산역,POI027,KEY_3,1150422500,마곡중앙8로,1150145503,마곡동 789-10,126.8371436423929310_37.5608626455951153,1150145202,마곡동 789-10,126.8366131535689050_37.5609076513561604,47.0,10.0,정체,126.8366131535689050_37.5609076513561604|126.8371436423929310_37.5608626455951153
2026-09-04T13:22:12.125893+09:00,발산역,발산역,POI027,KEY_3,1150422600,마곡중앙8로,1150145201,마곡동 789-10,126.8366275461055892_37.5610151619675108,1150145504,마곡동 789-10,126.8371580356739798_37.5609701560716545,47.0,11.0,정체,126.8371580356739798_37.5609701560716545|126.8366275461055892_37.5610151619675108
2026-09-04T13:22:12.125893+09:00,발산역,발산역,POI027,KEY_3,1150423400,마곡중앙8로5길,1150145504,마곡동 789-10,126.8371580356739798_37.5609701560716545,1150145803,마곡동792,126.8375276600782087_37.5633949518694692,271.0,10.0,정체,126.8375276600782087_37.5633949518694692|126.8371580356739798_37.5609701560716545
2026-09-04T13:22:12.125893+09:00,발산역,발산역,POI027,KEY_3,1150423600,마곡중앙8로5길,1150145802,마곡동792,126.8376625044230934_37.5633820021888667,1150145501,마곡동 789-10,126.8372931867405811_37.5609592470734981,271.0,6.0,정체,126.8372931867405811_37.5609592470734981|126.8376625044230934_37.5633820021888667
2026-09-04T13:22:12.125893+09:00,발산역,발산역,POI027,KEY_3,1150424000,마곡중앙8로,1150146103,마곡동 789-10,126.8381208566963210_37.5607870940493456,1150145502,마곡동 789-10,126.8372801516027266_37.5608516269170352,75.0,20.0,서행,126.8372801516027266_37.5608516269170352|126.8381208566963210_37.5607870940493456
2026-09-04T13:22:12.125893+09:00,발산역,발산역,POI027,KEY_3,1150424200,마곡중앙8로,1150145501,마곡동 789-10,126.8372931867405811_37.5609592470734981,1150146104,마곡동 789-10,126.8381561407636298_37.5608930067502698,77.0,18.0,서행,126.8381561407636298_37.5608930067502698|126.8372931867405811_37.5609592470734981
2026-09-04T13:22:12.125893+09:00,발산역,발산역,POI027,KEY_3,1150424800,마곡중앙6로,1150145904,마곡동 796-8,126.8378038370677103_37.5598577766027901,1150146103,마곡동 789-10,126.8381208566963210_37.5607870940493456,107.0,7.0,정체,126.8381208566963210_37.5607870940493456|126.8378038370677103_37.5598577766027901
2026-09-04T13:22:12.125893+09:00,발산역,발산역,POI027,KEY_3,1150425100,마곡중앙6로,1150146102,마곡동 789-10,126.8382584988430608_37.5607780252386831,1150145901,마곡동 794-3,126.8379384640187197_37.5598398709925121,108.0,8.0,정체,126.8379384640187197_37.5598398709925121|126.8382584988430608_37.5607780252386831
2026-09-04T13:22:12.125893+09:00,발산역,발산역,POI027,KEY_3,1150425300,강서로,1150030703,등촌동 709,126.8385237764946822_37.5596590721435390,1150145902,마곡동 794-3,126.8379038144172029_37.5597347169141997,55.0,4.0,정체,126.8379038144172029_37.5597347169141997|126.8385237764946822_37.5596590721435390
2026-09-04T13:22:12.125893+09:00,발산역,발산역,POI027,KEY_3,1150425400,강서로,1150145901,마곡동 794-3,126.8379384640187197_37.5598398709925121,1150030704,등촌동 709,126.8385583871243085_37.5597642315047793,55.0,14.0,정체,126.8385583871243085_37.5597642315047793|126.8379384640187197_37.5598398709925121
2026-09-04T13:22:12.125893+09:00,발산역,발산역,POI027,KEY_3,1150425500,마곡중앙10로,1150146503,마곡동 788-5,126.8389187233626103_37.5632605403728235,1150145802,마곡동792,126.8376625044230934_37.5633820021888667,112.0,12.0,정체,126.8376625044230934_37.5633820021888667|126.8389187233626103_37.5632605403728235
2026-09-04T13:22:12.125893+09:00,발산역,발산역,POI027,KEY_3,1150425700,마곡중앙10로,1150145801,마곡동792,126.8376790860897074_37.5634893130113241,1150146504,마곡동 788-5,126.8389525008029182_37.5633661888971702,113.0,15.0,서행,126.8389525008029182_37.5633661888971702|126.8376790860897074_37.5634893130113241
2026-09-04T13:22:12.125893+09:00,발산역,발산역,POI027,KEY_3,1150426000,마곡중앙8로7길,1150146104,마곡동 789-10,126.8381561407636298_37.5608930067502698,1150146503,마곡동 788-5,126.8389187233626103_37.5632605403728235,271.0,19.5,서행,126.8389187233626103_37.5632605403728235|126.8381561407636298_37.5608930067502698
2026-09-04T13:22:12.125893+09:00,발산역,발산역,POI027,KEY_3,1150426300,마곡중앙8로,1150031803,등촌동 709,126.8388799352455294_37.5607467891492064,1150146102,마곡동 789-10,126.8382584988430608_37.5607780252386831,55.0,7.0,정체,126.8382584988430608_37.5607780252386831|126.8388799352455294_37.5607467891492064
2026-09-04T13:22:12.125893+09:00,발산역,발산역,POI027,KEY_3,1150426400,마곡중앙8로,1150146101,마곡동 789-10,126.8382935502586690_37.5608843100478111,1150031804,등촌동 709,126.8389140890373454_37.5608509288689092,55.0,19.0,서행,126.8389140890373454_37.5608509288689092|126.8382935502586690_37.5608843100478111
2026-09-04T13:22:12.125893+09:00,발산역,발산역,POI027,KEY_3,1150426600,마곡중앙8로7길,1150146502,마곡동 788-5,126.8390550086403010_37.5632483376584787,1150146101,마곡동 789-10,126.8382935502586690_37.5608843100478111,271.0,18.5,서행,126.8382935502586690_37.5608843100478111|126.8390550086403010_37.5632483376584787
2026-09-04T13:22:12.125893+09:00,발산역,발산역,POI027,KEY_3,1150427500,마곡동로10길,1150146504,마곡동 788-5,126.8389525008029182_37.5633661888971702,1150146803,마곡동 781-15,126.8394613145432999_37.5649731732607250,184.0,23.0,서행,126.8394613145432999_37.5649731732607250|126.8389525008029182_37.5633661888971702
2026-09-04T13:22:12.125893+09:00,발산역,발산역,POI027,KEY_3,1150427600,마곡동로10길,1150146802,마곡동 776-9,126.8395972420332782_37.5649600796846030,1150146501,마곡동 788-5,126.8390887719296103_37.5633541913248763,184.0,27.0,원활,126.8390887719296103_37.5633541913248763|126.8395972420332782_37.5649600796846030
2026-09-04T13:22:12.125893+09:00,발산역,발산역,POI027,KEY_3,1150427700,마곡중앙10로,1150005703,등촌1-10단지앞교차로,126.8396861857425364_37.5631977716060206,1150146502,마곡동 788-5,126.8390550086403010_37.5632483376584787,56.0,5.0,정체,126.8390550086403010_37.5632483376584787|126.8396861857425364_37.5631977716060206
2026-09-04T13:22:12.125893+09:00,발산역,발산역,POI027,KEY_3,1150427800,마곡중앙10로,1150146501,마곡동 788-5,126.8390887719296103_37.5633541913248763,1150005704,등촌1-10단지앞교차로,126.8397203720518291_37.5633027237737167,56.0,6.0,정체,126.8397203720518291_37.5633027237737167|126.8390887719296103_37.5633541913248763
2026-09-04T13:22:12.125893+09:00,발산역,발산역,POI027,KEY_3,1150428700,강서로,1150005704,등촌1-10단지앞교차로,126.8397203720518291_37.5633027237737167,1150147003,KT가양빌딩,126.8402339447114286_37.5649013322239611,183.0,31.0,원활,126.8402339447114286_37.5649013322239611|126.8397203720518291_37.5633027237737167
2026-09-04T13:22:12.125893+09:00,발산역,발산역,POI027,KEY_3,1150428800,강서로,1150147002,KT가양빌딩,126.8403655344729373_37.5648745441111132,1150005701,등촌1-10단지앞교차로,126.8398546136223644_37.5632842045207411,182.0,14.0,정체,126.8398546136223644_37.5632842045207411|126.8403655344729373_37.5648745441111132
2026-09-04T13:22:12.125893+09:00,발산역,발산역,POI027,KEY_3,1150431100,마곡동로2길,1150143506,서울가곡초등학교,126.8350271362563717_37.5560819152047785,1150148802,서울가곡초등학교,126.8365609872267328_37.5559474561603963,136.0,25.0,원활,126.8365609872267328_37.5559474561603963|126.8350271362563717_37.5560819152047785
2026-09-04T13:22:12.125893+09:00,발산역,발산역,POI027,KEY_3,1150431200,마곡동로2길,1150148801,서울가곡초등학교,126.8366641738323324_37.5558296369560694,1150143507,서울가곡초등학교,126.8349442511752727_37.5560130568887658,153.0,19.0,서행,126.8349442511752727_37.5560130568887658|126.8366641738323324_37.5558296369560694
2026-09-04T13:22:12.125893+09:00,발산역,발산역,POI027,KEY_3,1150435500,공항대로36길,1150172600,내발산동 654-7,126.8369433124920391_37.5567243744775467,1150148801,서울가곡초등학교,126.8366641738323324_37.5558296369560694,102.0,23.0,서행,126.8366641738323324_37.5558296369560694|126.8369408817935806_37.5567168612510400|126.8369433124920391_37.5567243744775467
2026-09-04T13:22:12.125893+09:00,발산역,발산역,POI027,KEY_3,1150435600,공항대로36길,1150157200,마곡동 808-4,126.8372217203108505_37.5580183968786727,1150029004,발산역교차로,126.8374105472545637_37.5586057815653120,67.0,16.0,서행,126.8374105472545637_37.5586057815653120|126.8372217263437278_37.5580184155255381|126.8372217203108505_37.5580183968786727
2026-09-04T13:22:12.125893+09:00,사당역,사당역,POI029,KEY_4,1200001505,남부순환로,1200132500,남현동 1129-1,126.9783525562753113_37.4766273240377927,1200013402,신한은행사당지점,126.9776771148018355_37.4766039630478005,60.0,25.0,원활,126.9776771148018355_37.4766039630478005|126.9783525562753113_37.4766273240377927
2026-09-04T13:22:12.125893+09:00,사당역,사당역,POI029,KEY_4,1200001506,남부순환로,1200013303,사당역사거리,126.9815670557517393_37.4764560893672538,1200013502,사당고가차도(서측),126.9787009972853724_37.4766393737914996,255.0,16.0,서행,126.9787009972853724_37.4766393737914996|126.9789650020834841_37.4765785388182664|126.9801113064884248_37.4765498880248984|126.9815670557517393_37.4764560893672538
2026-09-04T13:22:12.125893+09:00,사당역,사당역,POI029,KEY_4,1200001605,남부순환로,1190054000,사당동 1129,126.9783466956105258_37.4767352419899780,1200013501,사당고가차도(서측),126.9787001825253299_37.4767474172804356,31.0,29.0,원활,126.9787001825253299_37.4767474172804356|126.9783466956105258_37.4767352419899780
2026-09-04T13:22:12.125893+09:00,사당역,사당역,POI029,KEY_4,1200001606,남부순환로,1200013501,사당고가차도(서측),126.9787001825253299_37.4767474172804356,1200013304,사당역사거리,126.9815732086563997_37.4766726412872657,255.0,30.0,원활,126.9815732086563997_37.4766726412872657|126.9801265014511102_37.4767658562949109|126.9789735053924602_37.4767946745016403|126.9787001825253299_37.4767474172804356
2026-09-04T13:22:12.125893+09:00,사당역,사당역,POI029,KEY_4,1200029400,남현1길,1200124700,남현동 1127,126.9783505255877287_37.4758331487339404,1200012702,남현동 1124,126.9774083343266255_37.4758329723464598,83.0,11.0,정체,126.9774083343266255_37.4758329723464598|126.9783505255877287_37.4758331487339404
2026-09-04T13:22:12.125893+09:00,사당역,사당역,POI029,KEY_4,1200029500,남현1길,1200124800,남현동 1126,126.9783504943989669_37.4759412699036858,1200012604,사당역,126.9815729873653396_37.4759244431946215,285.0,13.0,정체,126.9815729873653396_37.4759244431946215|126.9812548651862727_37.4759025444998670|126.9812539432546714_37.4759025800500751|126.9810035708241287_37.4759122342870654|126.9801469632111974_37.4759452606210459|126.9798496083057984_37.4759272567643791|126.9795261688568644_37.4759303639910115|126.9783894695607387_37.4759412770384230|126.9783504943989669_37.4759412699036858
2026-09-04T13:22:12.125893+09:00,사당역,사당역,POI029,KEY_4,1210008004,과천대로,1200012604,사당역,126.9815729873653396_37.4759244431946215,1200013303,사당역사거리,126.9815670557517393_37.4764560893672538,59.0,18.0,서행,126.9815670557517393_37.4764560893672538|126.9815729873653396_37.4759244431946215
2026-09-04T13:22:12.125893+09:00,사당역,사당역,POI029,KEY_4,1210008011,과천대로,1200062900,최소노드배치점,126.9822525246905229_37.4734022440347303,1200012603,사당역,126.9815823220961875_37.4758165626830646,275.0,24.0,서행,126.9815823220961875_37.4758165626830646|126.9817001113355701_37.4750801148305257|126.9817905847563964_37.4746695755126211|126.9820074384190463_37.4739500549048046|126.9822334447884487_37.4734412030830981|126.9822525246905229_37.4734022440347303
2026-09-04T13:22:12.125893+09:00,사당역,사당역,POI029,KEY_4,1210008103,과천대로,1200013302,사당역사거리,126.9817028736171522_37.4764428156749503,1200012601,사당역,126.9817086454812056_37.4759254044758237,57.0,9.0,정체,126.9817086454812056_37.4759254044758237|126.9817028736171522_37.4764428156749503
2026-09-04T13:22:12.125893+09:00,사당역,사당역,POI029,KEY_4,1210010802,남부순환로,1210017903,사당역,126.9828244412134239_37.4763105643704293,1200013302,사당역사거리,126.9817028736171522_37.4764428156749503,100.0,24.0,서행,126.9817028736171522_37.4764428156749503|126.9828244412134239_37.4763105643704293
2026-09-04T13:22:12.125893+09:00,사당역,사당역,POI029,KEY_4,1210010803,남부순환로,1210003303,서울메트로교차로,126.9859091321453235_37.4757933674249983,1210017903,사당역,126.9828244412134239_37.4763105643704293,280.0,34.7,원활,126.9828244412134239_37.4763105643704293|126.9838822367532885_37.4761741693844570|126.9845101702115926_37.4760682802059222|126.9852145546307440_37.4759088277420105|126.9856963687830245_37.4757894650169021|126.9859091321453235_37.4757933674249983
2026-09-04T13:22:12.125893+09:00,사당역,사당역,POI029,KEY_4,1210010902,남부순환로,1200013301,사당역사거리,126.9817082784629605_37.4766607747569367,1210017904,사당역,126.9827527470157378_37.4765376153703258,93.0,5.0,정체,126.9827527470157378_37.4765376153703258|126.9817082784629605_37.4766607747569367
2026-09-04T13:22:12.125893+09:00,사당역,사당역,POI029,KEY_4,1210010903,남부순환로,1210017902,사당역,126.9830561823782915_37.4764997376228024,1210003304,서울메트로교차로,126.9859494025058098_37.4758966152538164,266.0,17.0,서행,126.9859494025058098_37.4758966152538164|126.9857769093572557_37.4759959608525506|126.9852919046509356_37.4761161137957686|126.9845753962514294_37.4762783105096844|126.9839320162596152_37.4763868045525186|126.9830561823782915_37.4764997376228024
2026-09-04T13:22:12.125893+09:00,사당역,사당역,POI029,KEY_4,1210013202,동작대로,1190033600,사당동 345-15,126.9817861676152404_37.4805935022985111,1210020003,삼산빌딩,126.9818242931630436_37.4813376709689763,83.0,8.0,정체,126.9818242931630436_37.4813376709689763|126.9817861676152404_37.4805935022985111
2026-09-04T13:22:12.125893+09:00,사당역,사당역,POI029,KEY_4,1210013301,동작대로,1210018502,사당역,126.9817437830158013_37.4771994664082868,1200013301,사당역사거리,126.9817082784629605_37.4766607747569367,60.0,14.0,정체,126.9817082784629605_37.4766607747569367|126.9817437830158013_37.4771994664082868
2026-09-04T13:22:12.125893+09:00,사당역,사당역,POI029,KEY_4,1210013302,동작대로,1210468700,방배동 443-12,126.9818049976731800_37.4783394618983792,1210018501,사당역,126.9817502949196921_37.4773079097285162,115.0,9.5,정체,126.9817502949196921_37.4773079097285162|126.9818049976731800_37.4783394618983792
2026-09-04T13:22:12.125893+09:00,사당역,사당역,POI029,KEY_4,1210040300,남부순환로,1210018102,사조비앤엠,126.9832282659307907_37.4770362167618387,1210017902,사당역,126.9830561823782915_37.4764997376228024,62.0,14.0,정체,126.9830561823782915_37.4764997376228024|126.9830940755248747_37.4765277731399067|126.9832282659307907_37.4770362167618387
2026-09-04T13:22:12.125893+09:00,사당역,사당역,POI029,KEY_4,1210040700,방배천로2길,1210018403,방배동 503-2,126.9865499553038575_37.4771840753630201,1210018102,사조비앤엠,126.9832282659307907_37.4770362167618387,312.0,11.0,정체,126.9832282659307907_37.4770362167618387|126.9838387279922500_37.4769433744873552|126.9842264784725216_37.4768844016010547|126.9844843494000770_37.4768366985496968|126.9850479258344080_37.4767324414477372|126.9851328673271667_37.4767167276972017|126.9853016753093016_37.4766847179225664|126.9854463664147772_37.4766991501857447|126.9855880761818980_37.4767611614829477|126.9864528235630843_37.4771395635469844|126.9865499553038575_37.4771840753630201
2026-09-04T13:22:12.125893+09:00,사당역,사당역,POI029,KEY_4,1210040800,방배천로2길,1210481800,방배동 500-2,126.9855227810337936_37.4768559361672118,1210018404,방배동 503-2,126.9867909913023567_37.4774192533986010,128.0,16.0,서행,126.9867909913023567_37.4774192533986010|126.9863863560306783_37.4772338258397397|126.9855227810337936_37.4768559361672118
2026-09-04T13:22:12.125893+09:00,사당역,사당역,POI029,KEY_4,1210041000,방배천로2길,1210018103,사조비앤엠,126.9830940597976507_37.4770529961187151,1210018302,만남의광장,126.9828120263917697_37.4770814474041529,25.0,15.0,서행,126.9828120263917697_37.4770814474041529|126.9830940597976507_37.4770529961187151
2026-09-04T13:22:12.125893+09:00,사당역,사당역,POI029,KEY_4,1210041100,방배천로2길,1210018301,만남의광장,126.9827974715784791_37.4771918993242608,1210018104,사조비앤엠,126.9831110962849863_37.4771602618443040,28.0,13.0,정체,126.9831110962849863_37.4771602618443040|126.9827974715784791_37.4771918993242608
2026-09-04T13:22:12.125893+09:00,사당역,사당역,POI029,KEY_4,1210041200,방배천로,1210018303,만남의광장,126.9826774245232031_37.4770956879658286,1210018502,사당역,126.9817437830158013_37.4771994664082868,83.0,14.5,정체,126.9817437830158013_37.4771994664082868|126.9826774245232031_37.4770956879658286
2026-09-04T13:22:12.125893+09:00,사당역,사당역,POI029,KEY_4,1210041300,방배천로,1210018501,사당역,126.9817502949196921_37.4773079097285162,1210018304,만남의광장,126.9826398554988032_37.4772090314510322,79.0,6.0,정체,126.9826398554988032_37.4772090314510322|126.9817502949196921_37.4773079097285162
2026-09-04T13:22:12.125893+09:00,사당역,사당역,POI029,KEY_4,1210041500,방배천로,1210470700,방배동 493-3,126.9825683523388307_37.4783076787632652,1210018301,만남의광장,126.9827974715784791_37.4771918993242608,126.0,15.0,서행,126.9827974715784791_37.4771918993242608|126.9826927892492421_37.4773818532591676|126.9826336040056276_37.4779466108636683|126.9825683523388307_37.4783076787632652
2026-09-04T13:22:12.125893+09:00,사당역,사당역,POI029,KEY_4,1210041600,방배천로,1210470600,방배동 493-3,126.9824340696896314_37.4782922656353747,1210020108,한국영농신문,126.9823867484598452_37.4813297051922873,338.0,13.0,정체,126.9823867484598452_37.4813297051922873|126.9822960071732609_37.4793999970057357|126.9823413875449205_37.4788051096968715|126.9824340696896314_37.4782922656353747
2026-09-04T13:22:12.125893+09:00,사당역,사당역,POI029,KEY_4,1210178200,남부순환로,1210473400,최소노드배치점,126.9823646816492584_37.4765287259015523,1210003304,서울메트로교차로,126.9859494025058098_37.4758966152538164,325.0,47.5,원활,126.9859494025058098_37.4758966152538164|126.9852725668233688_37.4760642916119622|126.9845590899898724_37.4762258029378472|126.9839195713567648_37.4763336450874291|126.9828555926954294_37.4764708382123786|126.9823646816492584_37.4765287259015523
2026-09-04T13:22:12.125893+09:00,사당역,사당역,POI029,KEY_4,1210178300,남부순환로,1210473300,최소노드배치점,126.9823448255159946_37.4764217699743014,1200013502,사당고가차도(서측),126.9787009972853724_37.4766393737914996,323.0,44.0,원활,126.9787009972853724_37.4766393737914996|126.9801151055036144_37.4766038798681222|126.9816260227920424_37.4765065271099331|126.9823448255159946_37.4764217699743014
2026-09-04T13:22:12.125893+09:00,삼각지역,삼각지역,POI030,KEY_1,1020014201,한강대로,1020026100,삼각지역10번출구,126.9742878403268662_37.5365230850403009,1020025601,삼각지역교차로,126.9741286309340893_37.5356441095230551,100.0,20.0,서행,126.9741286309340893_37.5356441095230551|126.9742144475380172_37.5358076529602371|126.9742840895532794_37.5360223351451125|126.9743213281359431_37.5362712689839313|126.9742979653557313_37.5364679009623998|126.9742878403268662_37.5365230850403009
2026-09-04T13:22:12.125893+09:00,삼각지역,삼각지역,POI030,KEY_1,1020009302,한강대로,1020025100,삼각지역7번출구,126.9734329393310475_37.5350708801419586,1020025603,삼각지역교차로,126.9739472931050841_37.5356089153529453,75.0,26.0,원활,126.9739472931050841_37.5356089153529453|126.9738394312628174_37.5354850527930566|126.9734329393310475_37.5350708801419586
2026-09-04T13:22:12.125893+09:00,삼각지역,삼각지역,POI030,KEY_1,1020009402,한강대로,1020025602,삼각지역교차로,126.9740601326000160_37.5355487598275559,1020024700,삼각지역7번출구,126.9735399131187421_37.5350043003819138,76.0,17.0,서행,126.9735399131187421_37.5350043003819138|126.9739487928858210_37.5354209040961138|126.9740601326000160_37.5355487598275559
2026-09-04T13:22:12.125893+09:00,삼각지역,삼각지역,POI030,KEY_1,1020011301,이태원로,1020024900,삼각지역13번출구,126.9749769084332343_37.5349767961125238,1020025602,삼각지역교차로,126.9740601326000160_37.5355487598275559,103.0,31.0,원활,126.9740601326000160_37.5355487598275559|126.9743097291953688_37.5353822428393471|126.9749769084332343_37.5349767961125238
2026-09-04T13:22:12.125893+09:00,삼각지역,삼각지역,POI030,KEY_1,1020011302,이태원로,1020172000,용산동1가 8-4,126.9758108129347249_37.5345865931169627,1020024900,삼각지역13번출구,126.9749769084332343_37.5349767961125238,86.0,21.0,서행,126.9749769084332343_37.5349767961125238|126.9752246722463696_37.5348262262511767|126.9755579245992294_37.5346530089152211|126.9756727269330270_37.5346093142588373|126.9758108129347249_37.5345865931169627
2026-09-04T13:22:12.125893+09:00,삼각지역,삼각지역,POI030,KEY_1,1020011401,이태원로,1020025601,삼각지역교차로,126.9741286309340893_37.5356441095230551,1020025200,삼각지역(서울6호선),126.9750592746409410_37.5350627473837051,105.0,11.0,정체,126.9750592746409410_37.5350627473837051|126.9743945507994880_37.5354667021441912|126.9741286309340893_37.5356441095230551
2026-09-04T13:22:12.125893+09:00,삼각지역,삼각지역,POI030,KEY_1,1020012501,백범로,1020037902,삼각지고가차도(동측),126.9728791096191856_37.5359752795594801,1020027102,삼각지고가차도(서측),126.9677288676026876_37.5375445517424211,487.0,23.0,서행,126.9677288676026876_37.5375445517424211|126.9695926562404367_37.5369758898650616|126.9701318143721522_37.5368090819879754|126.9706406142201445_37.5366572882838270|126.9714452222487893_37.5364042044241515|126.9728791096191856_37.5359752795594801
2026-09-04T13:22:12.125893+09:00,삼각지역,삼각지역,POI030,KEY_1,1020012502,백범로,1020025603,삼각지역교차로,126.9739472931050841_37.5356089153529453,1020025800,삼각지역8번출구,126.9732142110164972_37.5358680244183063,71.0,10.0,정체,126.9732142110164972_37.5358680244183063|126.9737037621432734_37.5357113531253859|126.9739472931050841_37.5356089153529453
2026-09-04T13:22:12.125893+09:00,삼각지역,삼각지역,POI030,KEY_1,1020012601,백범로,1020027101,삼각지고가차도(서측),126.9677775911532080_37.5376454699409763,1020037901,삼각지고가차도(동측),126.9729282965810881_37.5360760482562767,487.0,16.0,서행,126.9729282965810881_37.5360760482562767|126.9714940374053072_37.5365050994439287|126.9706893741407754_37.5367582007369904|126.9701802172559724_37.5369100999754153|126.9696415303806987_37.5370767622295958|126.9677775911532080_37.5376454699409763
2026-09-04T13:22:12.125893+09:00,삼각지역,삼각지역,POI030,KEY_1,1020012602,백범로,1020025900,삼각지역9번출구,126.9732648398461947_37.5359683460905913,1020025604,삼각지역교차로,126.9740127329014001_37.5357036653550509,72.0,15.5,서행,126.9740127329014001_37.5357036653550509|126.9737609376188203_37.5358095794168420|126.9732648398461947_37.5359683460905913
2026-09-04T13:22:12.125893+09:00,삼각지역,삼각지역,POI030,KEY_1,1020014101,한강대로,1020025604,삼각지역교차로,126.9740127329014001_37.5357036653550509,1020026300,삼각지역10번출구,126.9741534931197577_37.5365074530867560,92.0,14.0,정체,126.9741534931197577_37.5365074530867560|126.9741631206036629_37.5364549845269977|126.9741847918449622_37.5362725862118936|126.9741503498416080_37.5360423405955430|126.9740854223847748_37.5358421943092253|126.9740127329014001_37.5357036653550509
2026-09-04T13:22:12.125893+09:00,삼각지역,삼각지역,POI030,KEY_1,1020014202,한강대로,1020131600,한강로1가 11-13,126.9741900195763549_37.5369252595219507,1020026100,삼각지역10번출구,126.9742878403268662_37.5365230850403009,45.0,22.0,서행,126.9742878403268662_37.5365230850403009|126.9742659023367821_37.5366426475340518|126.9741900195763549_37.5369252595219507
2026-09-04T13:22:12.125893+09:00,삼각지역,삼각지역,POI030,KEY_1,1020041600,이태원로,1020024900,삼각지역13번출구,126.9749769084332343_37.5349767961125238,1020024700,삼각지역7번출구,126.9735399131187421_37.5350043003819138,133.0,20.0,서행,126.9735399131187421_37.5350043003819138|126.9737871420369544_37.5350683590055922|126.9740745093847494_37.5351141932787655|126.9743259590357241_37.5351428549854020|126.9744936004149025_37.5351390773759803|126.9746804090904675_37.5351124173200219|126.9749769084332343_37.5349767961125238
2026-09-04T13:22:12.125893+09:00,삼각지역,삼각지역,POI030,KEY_1,1020042000,한강대로,1020025100,삼각지역7번출구,126.9734329393310475_37.5350708801419586,1020025800,삼각지역8번출구,126.9732142110164972_37.5358680244183063,99.0,18.0,서행,126.9732142110164972_37.5358680244183063|126.9733594327573485_37.5358059269681803|126.9734228796811522_37.5357567484317087|126.9734612351895180_37.5356518652658693|126.9734828450604738_37.5354935787201356|126.9734805099240447_37.5353238449836439|126.9734329393310475_37.5350708801419586
2026-09-04T13:22:12.125893+09:00,삼각지역,삼각지역,POI030,KEY_1,1020042700,한강대로,1020026100,삼각지역10번출구,126.9742878403268662_37.5365230850403009,1020025200,삼각지역(서울6호선),126.9750592746409410_37.5350627473837051,177.0,25.3,원활,126.9750592746409410_37.5350627473837051|126.9748767335852051_37.5352726571772237|126.9747904745872802_37.5354004160112282|126.9747233793208210_37.5355186435926313|126.9746634608651732_37.5356559432532677|126.9746035202002048_37.5358580851873924|126.9744788894439296_37.5361422194916159|126.9743662656054255_37.5363310006673174|126.9742878403268662_37.5365230850403009
2026-09-04T13:22:12.125893+09:00,삼각지역,삼각지역,POI030,KEY_1,1020043000,백범로,1020025900,삼각지역9번출구,126.9732648398461947_37.5359683460905913,1020026300,삼각지역10번출구,126.9741534931197577_37.5365074530867560,106.0,22.0,서행,126.9741534931197577_37.5365074530867560|126.9740836590516437_37.5363538243993915|126.9739256446785731_37.5362145697140122|126.9738011461972036_37.5361115577945768|126.9736574773157685_37.5360428695899984|126.9734563275352457_37.5359856101105933|126.9732648398461947_37.5359683460905913
2026-09-04T13:22:12.125893+09:00,삼각지역,삼각지역,POI030,KEY_1,1020043101,백범로,1020025800,삼각지역8번출구,126.9732142110164972_37.5358680244183063,1020037902,삼각지고가차도(동측),126.9728791096191856_37.5359752795594801,32.0,16.0,서행,126.9728791096191856_37.5359752795594801|126.9732142110164972_37.5358680244183063
2026-09-04T13:22:12.125893+09:00,삼각지역,삼각지역,POI030,KEY_1,1020043102,백범로99길,1020037902,삼각지고가차도(동측),126.9728791096191856_37.5359752795594801,1020037802,삼각지고가차도,126.9714218863204991_37.5363534364092146,136.0,25.0,원활,126.9714218863204991_37.5363534364092146|126.9726010356899621_37.5360007149303883|126.9728791096191856_37.5359752795594801
2026-09-04T13:22:12.125893+09:00,삼각지역,삼각지역,POI030,KEY_1,1020043201,백범로,1020037901,삼각지고가차도(동측),126.9729282965810881_37.5360760482562767,1020025900,삼각지역9번출구,126.9732648398461947_37.5359683460905913,32.0,16.0,서행,126.9732648398461947_37.5359683460905913|126.9729282965810881_37.5360760482562767
2026-09-04T13:22:12.125893+09:00,삼각지역,삼각지역,POI030,KEY_1,1020043202,백범로99길,1020037801,삼각지고가차도,126.9715173745611594_37.5365558674436173,1020037901,삼각지고가차도(동측),126.9729282965810881_37.5360760482562767,136.0,23.0,서행,126.9729282965810881_37.5360760482562767|126.9726965267358452_37.5362031442635811|126.9715173745611594_37.5365558674436173
2026-09-04T13:22:12.125893+09:00,삼각지역,삼각지역,POI030,KEY_1,1020057501,한강대로,1020058400,한강로1가 228-1,126.9732120555661368_37.5348400238888473,1020025100,삼각지역7번출구,126.9734329393310475_37.5350708801419586,32.0,12.0,정체,126.9734329393310475_37.5350708801419586|126.9732120555661368_37.5348400238888473
2026-09-04T13:22:12.125893+09:00,서울대입구역,서울대입구역,POI031,KEY_2,1200006801,관악로,1200019002,봉천동 974,126.9543394692249194_37.4833129616067495,1200018501,봉천로사거리,126.9532896763081737_37.4821008446812698,163.0,35.7,원활,126.9532896763081737_37.4821008446812698|126.9543394692249194_37.4833129616067495
2026-09-04T13:22:12.125893+09:00,서울대입구역,서울대입구역,POI031,KEY_2,1200000702,관악로,1200147600,봉천동 1693-29,126.9522246538503936_37.4777352134391819,1200015703,관악구청앞교차로,126.9522377459285281_37.4786693925832921,104.0,25.0,원활,126.9522377459285281_37.4786693925832921|126.9522077157591440_37.4782346145373069|126.9522055955279285_37.4782039175510846|126.9521997038051779_37.4779133486468794|126.9522246538503936_37.4777352134391819
2026-09-04T13:22:12.125893+09:00,서울대입구역,서울대입구역,POI031,KEY_2,1200002501,남부순환로,1200016403,대주빌딩,126.9574913970491110_37.4793760798364062,1200016502,원당초교입구교차로,126.9559402890267705_37.4799879964122979,153.0,26.0,원활,126.9559402890267705_37.4799879964122979|126.9574913970491110_37.4793760798364062
2026-09-04T13:22:12.125893+09:00,서울대입구역,서울대입구역,POI031,KEY_2,1200002601,남부순환로,1200016501,원당초교입구교차로,126.9559206387162646_37.4801163909857848,1200016404,대주빌딩,126.9575515870621558_37.4794729778043134,161.0,23.0,서행,126.9575515870621558_37.4794729778043134|126.9559206387162646_37.4801163909857848
2026-09-04T13:22:12.125893+09:00,서울대입구역,서울대입구역,POI031,KEY_2,1200002904,쑥고개로,1200153800,봉천동 1693-14,126.9487765703259896_37.4791184371890367,1200015904,봉천동 1693-14,126.9505376178615847_37.4789435653166905,157.0,19.0,서행,126.9505376178615847_37.4789435653166905|126.9499023027108819_37.4790066551792052|126.9493012906527269_37.4790663353359861|126.9487765703259896_37.4791184371890367
2026-09-04T13:22:12.125893+09:00,서울대입구역,서울대입구역,POI031,KEY_2,1200002905,쑥고개로,1200133600,봉천동 1693-14,126.9513985522525559_37.4788598121389285,1200015704,관악구청앞교차로,126.9522505906299727_37.4787770665901121,76.0,19.0,서행,126.9522505906299727_37.4787770665901121|126.9513985522525559_37.4788598121389285
2026-09-04T13:22:12.125893+09:00,서울대입구역,서울대입구역,POI031,KEY_2,1200003004,쑥고개로,1200133700,봉천동 1693-14,126.9513821417355217_37.4787524843844011,1200015902,봉천동 1693-14,126.9506555196940241_37.4788230451029918,65.0,8.0,정체,126.9506555196940241_37.4788230451029918|126.9513821417355217_37.4787524843844011
2026-09-04T13:22:12.125893+09:00,서울대입구역,서울대입구역,POI031,KEY_2,1200003301,관악로,1200137200,봉천동 979-2,126.9524878048813292_37.4801951810912044,1200017803,서울대입구역앞교차로,126.9526605547101354_37.4812278801779613,116.0,16.0,서행,126.9526605547101354_37.4812278801779613|126.9525338709949125_37.4804705672934091|126.9524878048813292_37.4801951810912044
2026-09-04T13:22:12.125893+09:00,서울대입구역,서울대입구역,POI031,KEY_2,1200003401,관악로,1200154100,봉천동 979-3,126.9524660705434087_37.4792470168027734,1200015701,관악구청앞교차로,126.9523850704364207_37.4787627796784051,54.0,8.7,정체,126.9523850704364207_37.4787627796784051|126.9524660705434087_37.4792470168027734
2026-09-04T13:22:12.125893+09:00,서울대입구역,서울대입구역,POI031,KEY_2,1200003702,남부순환로,1200016503,원당초교입구교차로,126.9557958253940910_37.4800450576380442,1200017802,서울대입구역앞교차로,126.9527915715378725_37.4811928722608272,295.0,24.0,서행,126.9527915715378725_37.4811928722608272|126.9531845048482381_37.4810807920192062|126.9557958253940910_37.4800450576380442
2026-09-04T13:22:12.125893+09:00,서울대입구역,서울대입구역,POI031,KEY_2,1200003802,남부순환로,1200017801,서울대입구역앞교차로,126.9528230848760160_37.4812987216698303,1200016504,원당초교입구교차로,126.9557714315071593_37.4801755064166073,289.0,16.0,서행,126.9557714315071593_37.4801755064166073|126.9532377759305035_37.4811804349692039|126.9528230848760160_37.4812987216698303
2026-09-04T13:22:12.125893+09:00,서울대입구역,서울대입구역,POI031,KEY_2,1200004300,봉천로,1200125700,봉천동 976-2,126.9539561572800608_37.4817575055817400,1200018502,봉천로사거리,126.9532176156306775_37.4820077732204027,71.0,13.0,정체,126.9532176156306775_37.4820077732204027|126.9539561572800608_37.4817575055817400
2026-09-04T13:22:12.125893+09:00,서울대입구역,서울대입구역,POI031,KEY_2,1200004400,봉천로,1200137100,봉천동 1693-67,126.9558280377526103_37.4805793725063552,1200016501,원당초교입구교차로,126.9559206387162646_37.4801163909857848,52.0,13.0,정체,126.9559206387162646_37.4801163909857848|126.9558280377526103_37.4805793725063552
2026-09-04T13:22:12.125893+09:00,서울대입구역,서울대입구역,POI031,KEY_2,1200004801,남부순환로,1200154700,최소노드배치점,126.9495413094698080_37.4816992764322237,1200017804,서울대입구역앞교차로,126.9526941920900214_37.4813327311166375,282.0,20.0,서행,126.9526941920900214_37.4813327311166375|126.9523071664939522_37.4814260600463669|126.9519781168149848_37.4814732693768704|126.9495413094698080_37.4816992764322237
2026-09-04T13:22:12.125893+09:00,서울대입구역,서울대입구역,POI031,KEY_2,1200004902,관악로,1200017804,서울대입구역앞교차로,126.9526941920900214_37.4813327311166375,1200018503,봉천로사거리,126.9530925534990615_37.4820505395562833,87.0,10.0,정체,126.9530925534990615_37.4820505395562833|126.9528795135001928_37.4817271617772008|126.9526941920900214_37.4813327311166375
2026-09-04T13:22:12.125893+09:00,서울대입구역,서울대입구역,POI031,KEY_2,1200005002,관악로,1200018502,봉천로사거리,126.9532176156306775_37.4820077732204027,1200017801,서울대입구역앞교차로,126.9528230848760160_37.4812987216698303,86.0,10.0,정체,126.9528230848760160_37.4812987216698303|126.9530035917882600_37.4816829031847973|126.9532176156306775_37.4820077732204027
2026-09-04T13:22:12.125893+09:00,서울대입구역,서울대입구역,POI031,KEY_2,1200006701,관악로,1200018504,봉천로사거리,126.9531617530743546_37.4821434849747632,1200019003,봉천동 738-2,126.9542278055383804_37.4833743780636368,166.0,18.0,서행,126.9542278055383804_37.4833743780636368|126.9531617530743546_37.4821434849747632
2026-09-04T13:22:12.125893+09:00,서울대입구역,서울대입구역,POI031,KEY_2,1200006802,관악로,1200121600,봉천동 33-2,126.9546356552230151_37.4836649816748775,1200019001,봉천동 738-154,126.9544168536153990_37.4834038021005114,35.0,41.0,원활,126.9544168536153990_37.4834038021005114|126.9546356552230151_37.4836649816748775
2026-09-04T13:22:12.125893+09:00,서울대입구역,서울대입구역,POI031,KEY_2,1200033600,봉천로,1200122300,봉천동 1693-61,126.9558457686856912_37.4796869046605181,1200016503,원당초교입구교차로,126.9557958253940910_37.4800450576380442,40.0,20.0,서행,126.9557958253940910_37.4800450576380442|126.9558457686856912_37.4796869046605181
2026-09-04T13:22:12.125893+09:00,서울대입구역,서울대입구역,POI031,KEY_2,1200033700,봉천로,1200016502,원당초교입구교차로,126.9559402890267705_37.4799879964122979,1200015804,봉천동 1693-44,126.9571670665262957_37.4788983823675323,181.0,16.0,서행,126.9571670665262957_37.4788983823675323|126.9569560237969057_37.4789790350281962|126.9561798226016833_37.4792756654327093|126.9560769612357092_37.4793698475757964|126.9560066912847276_37.4795118087694945|126.9559806097831967_37.4796988466465635|126.9559402890267705_37.4799879964122979
2026-09-04T13:22:12.125893+09:00,서울대입구역,서울대입구역,POI031,KEY_2,1200052501,봉천로,1200018503,봉천로사거리,126.9530925534990615_37.4820505395562833,1200030402,봉천로사거리,126.9527961557603106_37.4821293390019150,28.0,3.0,정체,126.9527961557603106_37.4821293390019150|126.9529247768185485_37.4820983233696552|126.9530331363959448_37.4820706577702865|126.9530925534990615_37.4820505395562833
2026-09-04T13:22:12.125893+09:00,서울대입구역,서울대입구역,POI031,KEY_2,1200052601,봉천로,1200130200,봉천동 976-3,126.9526380490989510_37.4822446203455186,1200018504,봉천로사거리,126.9531617530743546_37.4821434849747632,48.0,31.0,원활,126.9531617530743546_37.4821434849747632|126.9531180383010138_37.4821578064242544|126.9530188720877106_37.4821849513698737|126.9529105767887813_37.4822036041905164|126.9528138385163487_37.4822146288342211|126.9526380490989510_37.4822446203455186
2026-09-04T13:22:12.125893+09:00,서울식물원·마곡나루역,서울식물원·마곡나루역,POI032,KEY_3,1150347100,마곡서로,1150123904,마곡동 754-6,126.8250332753124354_37.5684936763918387,1150124003,마곡엠밸리4단지아파트,126.8251683287211193_37.5694996548876929,112.0,9.0,정체,126.8251683287211193_37.5694996548876929|126.8250332753124354_37.5684936763918387
2026-09-04T13:22:12.125893+09:00,서울식물원·마곡나루역,서울식물원·마곡나루역,POI032,KEY_3,1150092200,양천로47길,1150043105,가양동 259-16,126.8376787257849969_37.5704831139822559,1150045203,안국물류센터,126.8371828053407455_37.5723976729921745,227.0,10.0,정체,126.8371828053407455_37.5723976729921745|126.8372344178457070_37.5722638296760110|126.8374792508476361_37.5718439420828005|126.8378050738606220_37.5712851487789550|126.8378502494829121_37.5711505545359614|126.8378505078834309_37.5710313650556245|126.8377927438611579_37.5707759880537111|126.8377611633382571_37.5706808457399717|126.8377261330084451_37.5705753099356343|126.8376787257849969_37.5704831139822559
2026-09-04T13:22:12.125893+09:00,서울식물원·마곡나루역,서울식물원·마곡나루역,POI032,KEY_3,1150092300,양천로47길,1150263800,가양동 270-1,126.8378924928257305_37.5706532278373118,1150043102,가양동 272-31,126.8377947178878316_37.5704232539362835,27.0,21.5,서행,126.8377947178878316_37.5704232539362835|126.8378552002995718_37.5705408782778889|126.8378924928257305_37.5706532278373118
2026-09-04T13:22:12.125893+09:00,서울식물원·마곡나루역,서울식물원·마곡나루역,POI032,KEY_3,1150162500,마곡중앙로,1150074904,마곡동 761-5,126.8274669943156709_37.5644625852716132,1150075008,마곡나루역,126.8277833312780558_37.5666128805373489,240.0,21.0,서행,126.8277833312780558_37.5666128805373489|126.8276575183308523_37.5657576833248612|126.8274669943156709_37.5644625852716132
2026-09-04T13:22:12.125893+09:00,서울식물원·마곡나루역,서울식물원·마곡나루역,POI032,KEY_3,1150162600,마곡중앙로,1150075007,마곡나루역,126.8279182372204161_37.5666003050689881,1150074901,마곡동 761-5,126.8276018960349489_37.5644500101354311,240.0,20.0,서행,126.8276018960349489_37.5644500101354311|126.8277924230811209_37.5657451076729956|126.8279182372204161_37.5666003050689881
2026-09-04T13:22:12.125893+09:00,서울식물원·마곡나루역,서울식물원·마곡나루역,POI032,KEY_3,1150345700,마곡중앙5로,1150123803,마곡엠밸리7단지아파트,126.8248194327366463_37.5668890819305616,1150041502,마곡동 736-3,126.8229883663928348_37.5670430646556497,163.0,8.0,정체,126.8229883663928348_37.5670430646556497|126.8240917306121815_37.5669502812011729|126.8248194327366463_37.5668890819305616
2026-09-04T13:22:12.125893+09:00,서울식물원·마곡나루역,서울식물원·마곡나루역,POI032,KEY_3,1150345800,마곡중앙5로,1150213100,마곡동 736-3,126.8241060019915096_37.5670578051764892,1150123804,마곡엠밸리7단지아파트,126.8248353308419922_37.5669964661057989,65.0,17.0,서행,126.8248353308419922_37.5669964661057989|126.8241060019915096_37.5670578051764892
2026-09-04T13:22:12.125893+09:00,서울식물원·마곡나루역,서울식물원·마곡나루역,POI032,KEY_3,1150346100,마곡중앙로,1150123903,마곡동 754-6,126.8250189223362980_37.5683858530446315,1150123702,속성변화점,126.8238655983810474_37.5684135391033465,102.0,8.0,정체,126.8238655983810474_37.5684135391033465|126.8250189223362980_37.5683858530446315
2026-09-04T13:22:12.125893+09:00,서울식물원·마곡나루역,서울식물원·마곡나루역,POI032,KEY_3,1150346200,마곡중앙로,1150123701,속성변화점,126.8238696921612529_37.5685216090925493,1150123904,마곡동 754-6,126.8250332753124354_37.5684936763918387,103.0,21.0,서행,126.8250332753124354_37.5684936763918387|126.8238696921612529_37.5685216090925493
2026-09-04T13:22:12.125893+09:00,서울식물원·마곡나루역,서울식물원·마곡나루역,POI032,KEY_3,1150346700,마곡서로,1150123804,마곡엠밸리7단지아파트,126.8248353308419922_37.5669964661057989,1150123903,마곡동 754-6,126.8250189223362980_37.5683858530446315,155.0,9.0,정체,126.8250189223362980_37.5683858530446315|126.8249800749604077_37.5680918674812148|126.8248353308419922_37.5669964661057989
2026-09-04T13:22:12.125893+09:00,서울식물원·마곡나루역,서울식물원·마곡나루역,POI032,KEY_3,1150346900,마곡서로,1150123902,마곡동 754-6,126.8251545831812592_37.5683788917189787,1150123801,마곡엠밸리7단지아파트,126.8249703595226379_37.5669847444380380,156.0,6.0,정체,126.8249703595226379_37.5669847444380380|126.8251151605168872_37.5680805576273471|126.8251545831812592_37.5683788917189787
2026-09-04T13:22:12.125893+09:00,서울식물원·마곡나루역,서울식물원·마곡나루역,POI032,KEY_3,1150347400,마곡서로,1150124002,마곡엠밸리4단지아파트,126.8253033927255586_37.5694881665028930,1150123901,마곡동 754-6,126.8251689045653734_37.5684864088936621,112.0,8.5,정체,126.8251689045653734_37.5684864088936621|126.8253033927255586_37.5694881665028930
2026-09-04T13:22:12.125893+09:00,서울식물원·마곡나루역,서울식물원·마곡나루역,POI032,KEY_3,1150348000,마곡중앙5로,1150075008,마곡나루역,126.8277833312780558_37.5666128805373489,1150123802,마곡엠밸리7단지아파트,126.8249544940145910_37.5668773639659790,252.0,25.0,원활,126.8249544940145910_37.5668773639659790|126.8260844492597670_37.5667761890566325|126.8262182438895138_37.5667637598528401|126.8277833312780558_37.5666128805373489
2026-09-04T13:22:12.125893+09:00,서울식물원·마곡나루역,서울식물원·마곡나루역,POI032,KEY_3,1150348100,마곡중앙5로,1150123801,마곡엠밸리7단지아파트,126.8249703595226379_37.5669847444380380,1150124404,두산더랜드타워,126.8260996331955255_37.5668836310497909,100.0,21.0,서행,126.8260996331955255_37.5668836310497909|126.8249703595226379_37.5669847444380380
2026-09-04T13:22:12.125893+09:00,서울식물원·마곡나루역,서울식물원·마곡나루역,POI032,KEY_3,1150348400,마곡중앙로,1150124503,라마다앙코르서울마곡호텔,126.8262696732657275_37.5682885029268263,1150123902,마곡동 754-6,126.8251545831812592_37.5683788917189787,99.0,16.0,서행,126.8251545831812592_37.5683788917189787|126.8262696732657275_37.5682885029268263
2026-09-04T13:22:12.125893+09:00,서울식물원·마곡나루역,서울식물원·마곡나루역,POI032,KEY_3,1150348500,마곡중앙로,1150123901,마곡동 754-6,126.8251689045653734_37.5684864088936621,1150124504,라마다앙코르서울마곡호텔,126.8262834041454568_37.5683960690200394,99.0,15.0,서행,126.8262834041454568_37.5683960690200394|126.8251689045653734_37.5684864088936621
2026-09-04T13:22:12.125893+09:00,서울식물원·마곡나루역,서울식물원·마곡나루역,POI032,KEY_3,1150348900,마곡중앙5로1길,1150246400,마곡동 756-10,126.8261924890039722_37.5676508126898696,1150124503,라마다앙코르서울마곡호텔,126.8262696732657275_37.5682885029268263,71.0,7.0,정체,126.8262696732657275_37.5682885029268263|126.8261924890039722_37.5676508126898696
2026-09-04T13:22:12.125893+09:00,서울식물원·마곡나루역,서울식물원·마곡나루역,POI032,KEY_3,1150349200,마곡중앙5로1길,1150246300,마곡동 760,126.8263276928453962_37.5676404440413449,1150124401,두산더랜드타워,126.8262345744409885_37.5668711008752041,86.0,9.0,정체,126.8262345744409885_37.5668711008752041|126.8263276928453962_37.5676404440413449
2026-09-04T13:22:12.125893+09:00,서울식물원·마곡나루역,서울식물원·마곡나루역,POI032,KEY_3,1150349300,마곡중앙5로1길,1150124504,라마다앙코르서울마곡호텔,126.8262834041454568_37.5683960690200394,1150124603,마곡동 755-11,126.8264179078798719_37.5693978253014009,112.0,7.0,정체,126.8264179078798719_37.5693978253014009|126.8262834041454568_37.5683960690200394
2026-09-04T13:22:12.125893+09:00,서울식물원·마곡나루역,서울식물원·마곡나루역,POI032,KEY_3,1150349500,마곡중앙5로1길,1150124602,마곡동 756-10,126.8265530251150182_37.5693867385103744,1150124501,라마다앙코르서울마곡호텔,126.8264185129404780_37.5683849300273707,112.0,25.0,원활,126.8264185129404780_37.5683849300273707|126.8265530251150182_37.5693867385103744
2026-09-04T13:22:12.125893+09:00,서울식물원·마곡나루역,서울식물원·마곡나루역,POI032,KEY_3,1150350400,마곡중앙5로,1150124401,두산더랜드타워,126.8262345744409885_37.5668711008752041,1150075009,마곡나루역,126.8277994809352833_37.5667203788234190,139.0,27.0,원활,126.8277994809352833_37.5667203788234190|126.8262345744409885_37.5668711008752041
2026-09-04T13:22:12.125893+09:00,서울식물원·마곡나루역,서울식물원·마곡나루역,POI032,KEY_3,1150350500,마곡중앙로,1150125003,마곡동 761-5,126.8280174969957130_37.5681421784926002,1150124502,라마다앙코르서울마곡호텔,126.8264047845530769_37.5682773629179252,143.0,9.0,정체,126.8264047845530769_37.5682773629179252|126.8280174969957130_37.5681421784926002
2026-09-04T13:22:12.125893+09:00,서울식물원·마곡나루역,서울식물원·마곡나루역,POI032,KEY_3,1150350600,마곡중앙로,1150124501,라마다앙코르서울마곡호텔,126.8264185129404780_37.5683849300273707,1150125004,마곡동 761-5,126.8280336731774582_37.5682495397938183,143.0,14.0,정체,126.8280336731774582_37.5682495397938183|126.8264185129404780_37.5683849300273707
2026-09-04T13:22:12.125893+09:00,서울식물원·마곡나루역,서울식물원·마곡나루역,POI032,KEY_3,1150351301,마곡중앙로,1150075004,속성변화점,126.8278972863442249_37.5673582246527644,1150125003,마곡동 761-5,126.8280174969957130_37.5681421784926002,88.0,25.0,원활,126.8280174969957130_37.5681421784926002|126.8279137604504427_37.5674656611974243|126.8278972863442249_37.5673582246527644
2026-09-04T13:22:12.125893+09:00,서울식물원·마곡나루역,서울식물원·마곡나루역,POI032,KEY_3,1150351302,마곡중앙로,1150075009,마곡나루역,126.8277994809352833_37.5667203788234190,1150075004,속성변화점,126.8278972863442249_37.5673582246527644,71.0,9.0,정체,126.8278972863442249_37.5673582246527644|126.8277994809352833_37.5667203788234190
2026-09-04T13:22:12.125893+09:00,서울식물원·마곡나루역,서울식물원·마곡나루역,POI032,KEY_3,1150351401,마곡중앙로,1150075003,마곡나루역(서울9호선),126.8280321112912787_37.5673451255178179,1150075006,마곡나루역,126.8279343028494424_37.5667072797274955,71.0,23.0,서행,126.8279343028494424_37.5667072797274955|126.8280321112912787_37.5673451255178179
2026-09-04T13:22:12.125893+09:00,서울식물원·마곡나루역,서울식물원·마곡나루역,POI032,KEY_3,1150351402,마곡중앙로,1150125002,마곡동 761-5,126.8281529581740017_37.5681331949291035,1150075002,마곡나루역(서울9호선),126.8280485860209836_37.5674525620977136,76.0,14.0,정체,126.8280485860209836_37.5674525620977136|126.8281529581740017_37.5681331949291035
2026-09-04T13:22:12.125893+09:00,서울식물원·마곡나루역,서울식물원·마곡나루역,POI032,KEY_3,1150351500,마곡중앙로,1150125004,마곡동 761-5,126.8280336731774582_37.5682495397938183,1150125103,두산더랜드파크,126.8281818807448644_37.5692514510466609,112.0,22.0,서행,126.8281818807448644_37.5692514510466609|126.8280336731774582_37.5682495397938183
2026-09-04T13:22:12.125893+09:00,서울식물원·마곡나루역,서울식물원·마곡나루역,POI032,KEY_3,1150351600,마곡중앙로,1150125202,마곡동302,126.8287027702962320_37.5718417586160029,1150125001,마곡동 761-5,126.8281691405074696_37.5682407381455761,402.0,36.0,원활,126.8281691405074696_37.5682407381455761|126.8283167811732142_37.5692388078092208|126.8283326812459535_37.5693461624015583|126.8287027702962320_37.5718417586160029
2026-09-04T13:22:12.125893+09:00,서울식물원·마곡나루역,서울식물원·마곡나루역,POI032,KEY_3,1150409100,마곡서로,1150142004,마곡동 767-6,126.8240678285792740_37.5622386186809436,1150142103,마곡동768,126.8242446293254773_37.5633729121217712,127.0,7.0,정체,126.8242446293254773_37.5633729121217712|126.8240678285792740_37.5622386186809436
2026-09-04T13:22:12.125893+09:00,서울식물원·마곡나루역,서울식물원·마곡나루역,POI032,KEY_3,1150409200,마곡서로,1150142102,마곡동768,126.8243794172085614_37.5633595988611333,1150142001,마곡동 767-6,126.8242026491620464_37.5622255252647577,127.0,13.3,정체,126.8242026491620464_37.5622255252647577|126.8243794172085614_37.5633595988611333
2026-09-04T13:22:12.125893+09:00,서울식물원·마곡나루역,서울식물원·마곡나루역,POI032,KEY_3,1150409300,마곡서로,1150142104,마곡동768,126.8242618848687613_37.5634808652541281,1150123803,마곡엠밸리7단지아파트,126.8248194327366463_37.5668890819305616,381.0,12.0,정체,126.8248194327366463_37.5668890819305616|126.8242618848687613_37.5634808652541281
2026-09-04T13:22:12.125893+09:00,서울식물원·마곡나루역,서울식물원·마곡나루역,POI032,KEY_3,1150409400,마곡서로,1150123802,마곡엠밸리7단지아파트,126.8249544940145910_37.5668773639659790,1150142101,마곡동768,126.8243965694592674_37.5634669041434393,382.0,16.0,서행,126.8243965694592674_37.5634669041434393|126.8249544940145910_37.5668773639659790
2026-09-04T13:22:12.125893+09:00,서울식물원·마곡나루역,서울식물원·마곡나루역,POI032,KEY_3,1150409700,마곡중앙로,1150142403,마곡동727-816,126.8272764525622875_37.5631379015638203,1150142102,마곡동768,126.8243794172085614_37.5633595988611333,257.0,19.0,서행,126.8243794172085614_37.5633595988611333|126.8272764525622875_37.5631379015638203
2026-09-04T13:22:12.125893+09:00,서울식물원·마곡나루역,서울식물원·마곡나루역,POI032,KEY_3,1150409800,마곡중앙로,1150142101,마곡동768,126.8243965694592674_37.5634669041434393,1150142404,마곡동727-816,126.8272918915514538_37.5632453378836573,257.0,16.0,서행,126.8272918915514538_37.5632453378836573|126.8243965694592674_37.5634669041434393
2026-09-04T13:22:12.125893+09:00,서울식물원·마곡나루역,서울식물원·마곡나루역,POI032,KEY_3,1150410400,마곡중앙로,1150074902,마곡동 761-5,126.8275862789564741_37.5643426040570887,1150142301,마곡동770,126.8272402866037822_37.5619348890641191,269.0,28.0,원활,126.8272402866037822_37.5619348890641191|126.8274113938616381_37.5631256137476086|126.8274268326666459_37.5632330502435607|126.8275862789564741_37.5643426040570887
2026-09-04T13:22:12.125893+09:00,서울식물원·마곡나루역,서울식물원·마곡나루역,POI032,KEY_3,1150410500,마곡중앙로,1150142404,마곡동727-816,126.8272918915514538_37.5632453378836573,1150074903,마곡동 761-5,126.8274513442039506_37.5643548917567500,124.0,39.0,원활,126.8274513442039506_37.5643548917567500|126.8272918915514538_37.5632453378836573
2026-09-04T13:22:12.125893+09:00,서울식물원·마곡나루역,서울식물원·마곡나루역,POI032,KEY_3,1150414000,마곡중앙10로,1150277800,마곡동 770-7,126.8288092332455363_37.5642208400664828,1150074902,마곡동 761-5,126.8275862789564741_37.5643426040570887,109.0,15.0,서행,126.8275862789564741_37.5643426040570887|126.8288092332455363_37.5642208400664828
2026-09-04T13:22:12.125893+09:00,서울식물원·마곡나루역,서울식물원·마곡나루역,POI032,KEY_3,1150414200,마곡중앙10로,1150389600,최소노드배치점,126.8307424036753446_37.5641372978135877,1150075304,마곡동 775-3,126.8338828853735123_37.5638245018731780,280.0,20.0,서행,126.8338828853735123_37.5638245018731780|126.8328221540902234_37.5639301616883472|126.8315352584256459_37.5640583366140817|126.8307424036753446_37.5641372978135877
2026-09-04T13:22:12.125893+09:00,서울식물원·마곡나루역,서울식물원·마곡나루역,POI032,KEY_3,1150416301,양천로,1150043108,마곡동55-14,126.8311555988990875_37.5725904146730514,1150075102,마곡나루역,126.8288373206273434_37.5727163496919587,205.0,11.0,정체,126.8288373206273434_37.5727163496919587|126.8296823072899855_37.5726704531005353|126.8299698430472375_37.5726548338152426|126.8311555988990875_37.5725904146730514
2026-09-04T13:22:12.125893+09:00,서울식물원·마곡나루역,서울식물원·마곡나루역,POI032,KEY_3,1150416302,양천로,1150291400,최소노드배치점,126.8347335812000694_37.5720301020831613,1150043107,마곡동55-14,126.8312911970061663_37.5725830471349624,313.0,17.0,서행,126.8312911970061663_37.5725830471349624|126.8313223863605401_37.5725813524673455|126.8319183935554975_37.5725385124495546|126.8329974182405095_37.5724286737315580|126.8338233378188562_37.5723299126639461|126.8341794125019959_37.5722589437952905|126.8344474121661420_37.5721717018549342|126.8347335812000694_37.5720301020831613
2026-09-04T13:22:12.125893+09:00,서울식물원·마곡나루역,서울식물원·마곡나루역,POI032,KEY_3,1150416501,양천로,1150291500,최소노드배치점,126.8348051840946482_37.5721214821432099,1150043105,가양동 259-16,126.8376787257849969_37.5704831139822559,313.0,26.5,원활,126.8376787257849969_37.5704831139822559|126.8361258425969709_37.5712621708563859|126.8357944030930753_37.5714717140547876|126.8353576867366996_37.5717917732486484|126.8348837484222003_37.5720824703133829|126.8348051840946482_37.5721214821432099
2026-09-04T13:22:12.125893+09:00,서울식물원·마곡나루역,서울식물원·마곡나루역,POI032,KEY_3,1150416502,양천로,1150254700,마곡동 60-8,126.8299790922617802_37.5727626902760221,1150043109,마곡동55-14,126.8311648498268056_37.5726982577767430,105.0,24.5,서행,126.8311648498268056_37.5726982577767430|126.8299790922617802_37.5727626902760221
2026-09-04T13:22:12.125893+09:00,서울식물원·마곡나루역,서울식물원·마곡나루역,POI032,KEY_3,1150417100,마곡동로,1150144104,마곡동 775-3,126.8335310636990982_37.5613083368637817,1150075303,마곡동 775-3,126.8338665843508579_37.5637171638409200,269.0,15.3,서행,126.8338665843508579_37.5637171638409200|126.8335310636990982_37.5613083368637817
2026-09-04T13:22:12.125893+09:00,서울식물원·마곡나루역,서울식물원·마곡나루역,POI032,KEY_3,1150417200,마곡동로,1150075302,마곡동 775-3,126.8340015234932139_37.5637048487681895,1150144101,마곡동 775-3,126.8336658955196157_37.5612952760720518,269.0,15.3,서행,126.8336658955196157_37.5612952760720518|126.8340015234932139_37.5637048487681895
2026-09-04T13:22:12.125893+09:00,서울식물원·마곡나루역,서울식물원·마곡나루역,POI032,KEY_3,1150417500,마곡동로,1150075304,마곡동 775-3,126.8338828853735123_37.5638245018731780,1150144203,마곡동780-2,126.8341558464182128_37.5654851502626030,186.0,18.0,서행,126.8341558464182128_37.5654851502626030|126.8338828853735123_37.5638245018731780
2026-09-04T13:22:12.125893+09:00,서울식물원·마곡나루역,서울식물원·마곡나루역,POI032,KEY_3,1150417800,마곡동로,1150144202,마곡동780-2,126.8342905242931806_37.5654711230213820,1150075301,마곡동 775-3,126.8340178433640517_37.5638121990224931,186.0,19.5,서행,126.8340178433640517_37.5638121990224931|126.8342905242931806_37.5654711230213820
2026-09-04T13:22:12.125893+09:00,서울식물원·마곡나루역,서울식물원·마곡나루역,POI032,KEY_3,1150418900,마곡동로,1150144204,마곡동780-2,126.8341734390219244_37.5655923282243478,1150144704,마곡동727-303,126.8354565033221064_37.5685517959434634,357.0,38.7,원활,126.8354565033221064_37.5685517959434634|126.8352352314876015_37.5683818105701022|126.8350821970963977_37.5682462656852252|126.8349214230356523_37.5680805174436756|126.8347977069162766_37.5679212503397295|126.8346746464682013_37.5677272641862245|126.8345733320090289_37.5675234947359442|126.8344739994450094_37.5672325405002852|126.8343694867273541_37.5667883088518053|126.8341734390219244_37.5655923282243478
2026-09-04T13:22:12.125893+09:00,서울식물원·마곡나루역,서울식물원·마곡나루역,POI032,KEY_3,1150419000,마곡동로,1150144703,마곡동727-303,126.8355507947878493_37.5684740291864117,1150144201,마곡동780-2,126.8343081233074940_37.5655783391273630,349.0,38.7,원활,126.8343081233074940_37.5655783391273630|126.8345041723628555_37.5667743196739465|126.8346075025500852_37.5672126182991306|126.8347043867980943_37.5674950807237948|126.8348008665867468_37.5676873195743610|126.8349188940197507_37.5678724174548293|126.8350368758045477_37.5680235593591050|126.8351895951969226_37.5681800709160072|126.8353361855195232_37.5683094763074124|126.8355507947878493_37.5684740291864117
2026-09-04T13:22:12.125893+09:00,서울식물원·마곡나루역,서울식물원·마곡나루역,POI032,KEY_3,1150419100,마곡중앙10로,1150145003,마곡동 788-5,126.8360599704796385_37.5635339917327684,1150075302,마곡동 775-3,126.8340015234932139_37.5637048487681895,183.0,12.7,정체,126.8340015234932139_37.5637048487681895|126.8350297428666948_37.5636195081810484|126.8354050095481540_37.5635883593580431|126.8360599704796385_37.5635339917327684
2026-09-04T13:22:12.125893+09:00,서울식물원·마곡나루역,서울식물원·마곡나루역,POI032,KEY_3,1150419200,마곡중앙10로,1150075301,마곡동 775-3,126.8340178433640517_37.5638121990224931,1150145004,마곡동 788-5,126.8360765905275400_37.5636413182444429,183.0,11.0,정체,126.8360765905275400_37.5636413182444429|126.8354190960058077_37.5636958957994480|126.8350438287640003_37.5637270444474254|126.8340178433640517_37.5638121990224931
2026-09-04T13:22:12.125893+09:00,서울식물원·마곡나루역,서울식물원·마곡나루역,POI032,KEY_3,1150419600,마곡동로6길,1150220800,마곡동 788-2,126.8356276088871226_37.5653457857466435,1150144202,마곡동780-2,126.8342905242931806_37.5654711230213820,119.0,25.0,원활,126.8342905242931806_37.5654711230213820|126.8356276088871226_37.5653457857466435
2026-09-04T13:22:12.125893+09:00,서울식물원·마곡나루역,서울식물원·마곡나루역,POI032,KEY_3,1150419700,마곡동로6길,1150144201,마곡동780-2,126.8343081233074940_37.5655783391273630,1150145104,마곡동781-6,126.8363409857659576_37.5653877748030638,181.0,19.0,서행,126.8363409857659576_37.5653877748030638|126.8356434950057263_37.5654531629459782|126.8343081233074940_37.5655783391273630
2026-09-04T13:22:12.125893+09:00,서울식물원·마곡나루역,서울식물원·마곡나루역,POI032,KEY_3,1150420900,마곡동로,1150145303,마곡동775,126.8368886693610023_37.5696143112132717,1150144702,마곡동727-303,126.8356470133750804_37.5685526720342367,161.0,27.0,원활,126.8356470133750804_37.5685526720342367|126.8366161616912109_37.5693813157480037|126.8368886693610023_37.5696143112132717
2026-09-04T13:22:12.125893+09:00,서울식물원·마곡나루역,서울식물원·마곡나루역,POI032,KEY_3,1150421100,마곡동로8길,1150145703,이랜드글로벌R&D센터,126.8374468311080676_37.5674452354668347,1150144703,마곡동727-303,126.8355507947878493_37.5684740291864117,203.0,12.0,정체,126.8355507947878493_37.5684740291864117|126.8374468311080676_37.5674452354668347
2026-09-04T13:22:12.125893+09:00,서울식물원·마곡나루역,서울식물원·마곡나루역,POI032,KEY_3,1150421400,마곡동로8길,1150144702,마곡동727-303,126.8356470133750804_37.5685526720342367,1150145704,이랜드글로벌R&D센터,126.8375229088581762_37.5675348046934658,201.0,16.0,서행,126.8375229088581762_37.5675348046934658|126.8356470133750804_37.5685526720342367
2026-09-04T13:22:12.125893+09:00,서울식물원·마곡나루역,서울식물원·마곡나루역,POI032,KEY_3,1150423100,마곡동로,1150157000,마곡동 775-3,126.8365167423386737_37.5694549864723797,1150043104,마곡동 775-6,126.8376091778656587_37.5703902011560302,142.0,26.0,원활,126.8376091778656587_37.5703902011560302|126.8368825604932653_37.5697678436687639|126.8367892501556184_37.5696879820584471|126.8365167423386737_37.5694549864723797
2026-09-04T13:22:12.125893+09:00,서울식물원·마곡나루역,서울식물원·마곡나루역,POI032,KEY_3,1150423500,마곡동로,1150043103,마곡동 775-6,126.8377179434827156_37.5703340571605153,1150145302,마곡동775,126.8369816630471973_37.5696945381406238,96.0,16.0,서행,126.8369816630471973_37.5696945381406238|126.8377179434827156_37.5703340571605153
2026-09-04T13:22:12.125893+09:00,서울식물원·마곡나루역,서울식물원·마곡나루역,POI032,KEY_3,1150424300,마곡동로10길,1150146303,마곡동775-2,126.8385308873400419_37.5687062546252193,1150145303,마곡동775,126.8368886693610023_37.5696143112132717,177.0,14.0,정체,126.8368886693610023_37.5696143112132717|126.8385308873400419_37.5687062546252193
2026-09-04T13:22:12.125893+09:00,서울식물원·마곡나루역,서울식물원·마곡나루역,POI032,KEY_3,1150424400,마곡동로10길,1150145302,마곡동775,126.8369816630471973_37.5696945381406238,1150146304,마곡동775-2,126.8386067590957111_37.5687959486371170,175.0,23.0,서행,126.8386067590957111_37.5687959486371170|126.8369816630471973_37.5696945381406238
2026-09-04T13:22:12.125893+09:00,서울식물원·마곡나루역,서울식물원·마곡나루역,POI032,KEY_3,1150425900,양천로,1150146603,양천초등학교앞,126.8392163656429830_37.5695287407597860,1150043103,마곡동 775-6,126.8377179434827156_37.5703340571605153,160.0,9.0,정체,126.8377179434827156_37.5703340571605153|126.8392163656429830_37.5695287407597860
2026-09-04T13:22:12.125893+09:00,서울식물원·마곡나루역,서울식물원·마곡나루역,POI032,KEY_3,1150430900,마곡중앙14로,1150125001,마곡동 761-5,126.8281691405074696_37.5682407381455761,1150148704,마곡동269-3,126.8296786246404082_37.5681690681778733,134.0,11.0,정체,126.8296786246404082_37.5681690681778733|126.8281691405074696_37.5682407381455761
2026-09-04T13:22:12.125893+09:00,서울식물원·마곡나루역,서울식물원·마곡나루역,POI032,KEY_3,1150431000,마곡중앙14로,1150148703,마곡동269-3,126.8296705357492442_37.5680611407837404,1150125002,마곡동 761-5,126.8281529581740017_37.5681331949291035,134.0,21.0,서행,126.8281529581740017_37.5681331949291035|126.8296705357492442_37.5680611407837404
2026-09-04T13:22:12.125893+09:00,서울식물원·마곡나루역,서울식물원·마곡나루역,POI032,KEY_3,1150431500,마곡중앙14로,1150148701,마곡동269-3,126.8298140897098847_37.5681599918400622,1150148904,마곡동272-1,126.8305538015969205_37.5680970716601692,66.0,17.0,서행,126.8305538015969205_37.5680970716601692|126.8298140897098847_37.5681599918400622
2026-09-04T13:22:12.125893+09:00,서울식물원·마곡나루역,서울식물원·마곡나루역,POI032,KEY_3,1150431600,마곡중앙14로,1150148903,마곡동272-1,126.8305344297398563_37.5679899841820983,1150148702,마곡동269-3,126.8297996571735098_37.5680524850471116,65.0,28.0,원활,126.8297996571735098_37.5680524850471116|126.8305344297398563_37.5679899841820983
2026-09-04T13:22:12.125893+09:00,서울역,서울역,POI033,KEY_4,1010000501,소월로2길,1010077600,남대문로5가 824-1,126.9765249826189262_37.5549508284745031,1020036803,남산어린이놀이터앞교차로,126.9765460017274421_37.5551782854136533,25.0,23.0,서행,126.9765460017274421_37.5551782854136533|126.9765254807177541_37.5549586352516300|126.9765249826189262_37.5549508284745031
2026-09-04T13:22:12.125893+09:00,서울역,서울역,POI033,KEY_4,1010000502,소월로2길,1010049700,후암삼거리,126.9764266237509247_37.5533494301722683,1010000313,남대문로5가 490-1,126.9764794024509058_37.5542364381138611,99.0,9.0,정체,126.9764794024509058_37.5542364381138611|126.9764680858715593_37.5540590720134091|126.9764324412455494_37.5535004040168090|126.9764314470447459_37.5534746028640782|126.9764266237509247_37.5533494301722683
2026-09-04T13:22:12.125893+09:00,서울역,서울역,POI033,KEY_4,1010001901,통일로,1010001003,서울역,126.9725590319377915_37.5570177603937765,1010009100,서울역,126.9717121828378907_37.5576314695367799,104.0,19.0,서행,126.9717121828378907_37.5576314695367799|126.9717533352314831_37.5575529097224958|126.9719362038334651_37.5573471349099250|126.9722156056808160_37.5571695450368424|126.9725590319377915_37.5570177603937765
2026-09-04T13:22:12.125893+09:00,서울역,서울역,POI033,KEY_4,1010001902,통일로,1010009100,서울역,126.9717121828378907_37.5576314695367799,1010010202,의주로지하차도(남측),126.9715795465149455_37.5581326310857904,57.0,8.0,정체,126.9715795465149455_37.5581326310857904|126.9716801952437919_37.5576925341671597|126.9717121828378907_37.5576314695367799
2026-09-04T13:22:12.125893+09:00,서울역,서울역,POI033,KEY_4,1010001903,통일로,1010010202,의주로지하차도(남측),126.9715795465149455_37.5581326310857904,1010012103,염천교앞교차로,126.9712395112075001_37.5595497858304483,161.0,7.0,정체,126.9712395112075001_37.5595497858304483|126.9712786050966145_37.5593746817197243|126.9714493678720544_37.5584607787226332|126.9714752285433832_37.5583228393018231|126.9715795465149455_37.5581326310857904
2026-09-04T13:22:12.125893+09:00,서울역,서울역,POI033,KEY_4,1010002001,통일로,1010009300,서울역,126.9718375318289674_37.5576730841303998,1010001004,서울역,126.9725768217156627_37.5571335615094881,91.0,17.0,서행,126.9725768217156627_37.5571335615094881|126.9722914624442751_37.5572596833207513|126.9720359689673757_37.5574220765078550|126.9718728932392793_37.5576055781302927|126.9718375318289674_37.5576730841303998
2026-09-04T13:22:12.125893+09:00,서울역,서울역,POI033,KEY_4,1010002002,통일로,1010010201,의주로지하차도(남측),126.9717135157052326_37.5581502975144517,1010009300,서울역,126.9718375318289674_37.5576730841303998,54.0,42.0,원활,126.9718375318289674_37.5576730841303998|126.9718111845805169_37.5577233823227346|126.9717135157052326_37.5581502975144517
2026-09-04T13:22:12.125893+09:00,서울역,서울역,POI033,KEY_4,1010002003,통일로,1010009802,청암빌딩,126.9717279554252372_37.5584396963817682,1010010201,의주로지하차도(남측),126.9717135157052326_37.5581502975144517,32.0,8.0,정체,126.9717135157052326_37.5581502975144517|126.9717438786689598_37.5583547587673294|126.9717279554252372_37.5584396963817682
2026-09-04T13:22:12.125893+09:00,서울역,서울역,POI033,KEY_4,1010002004,통일로,1010012102,염천교앞교차로,126.9715109934232657_37.5595695154306881,1010009801,청암빌딩,126.9717079416461587_37.5585466375375603,115.0,7.0,정체,126.9717079416461587_37.5585466375375603|126.9715467147326677_37.5594095152096656|126.9715109934232657_37.5595695154306881
2026-09-04T13:22:12.125893+09:00,서울역,서울역,POI033,KEY_4,1010002301,소월로,1010155400,최소노드배치점,126.9760533414636114_37.5582497344554369,1010013803,숭례문앞교차로,126.9755809845113532_37.5605189064983307,262.0,23.0,서행,126.9755809845113532_37.5605189064983307|126.9757337889885065_37.5603525891795087|126.9757984686316661_37.5601874326070444|126.9757969708594061_37.5599997077910714|126.9757198667068110_37.5593373627741514|126.9757048763582503_37.5591937029204388|126.9757309859065373_37.5590497713064551|126.9757785893644524_37.5588840435687814|126.9759074328705282_37.5585745471584289|126.9759297486065890_37.5585209420058632|126.9759522152383795_37.5584716422248093|126.9760533414636114_37.5582497344554369
2026-09-04T13:22:12.125893+09:00,서울역,서울역,POI033,KEY_4,1010002506,퇴계로,1010008102,서울역,126.9739254787072014_37.5566063926840243,1010036102,속성변화점,126.9744607168154147_37.5567608633366703,51.0,9.0,정체,126.9744607168154147_37.5567608633366703|126.9743391734486693_37.5567116927890936|126.9742235732120292_37.5566711695761555|126.9739254787072014_37.5566063926840243
2026-09-04T13:22:12.125893+09:00,서울역,서울역,POI033,KEY_4,1010002507,퇴계로,1010036102,속성변화점,126.9744607168154147_37.5567608633366703,1010008802,서울역고가차도(동측),126.9757153290362908_37.5572684121082503,124.0,11.0,정체,126.9757153290362908_37.5572684121082503|126.9744607168154147_37.5567608633366703
2026-09-04T13:22:12.125893+09:00,서울역,서울역,POI033,KEY_4,1010002604,퇴계로,1010008101,서울역,126.9740073233546838_37.5564831416643941,1010036000,서울역(서울1호선),126.9728469457788407_37.5551689665811139,188.0,8.0,정체,126.9728469457788407_37.5551689665811139|126.9730354728597064_37.5557211852762123|126.9732094536090869_37.5559776848255495|126.9733963265082224_37.5561726380715371|126.9735767550837409_37.5562906524971751|126.9737770809038864_37.5564006548910712|126.9740073233546838_37.5564831416643941
2026-09-04T13:22:12.125893+09:00,서울역,서울역,POI033,KEY_4,1010002605,퇴계로,1010036101,속성변화점,126.9745222423205888_37.5566644754830179,1010008101,서울역,126.9740073233546838_37.5564831416643941,50.0,7.0,정체,126.9740073233546838_37.5564831416643941|126.9742734196230174_37.5565705056965129|126.9743973461574740_37.5566139480968246|126.9745222423205888_37.5566644754830179
2026-09-04T13:22:12.125893+09:00,서울역,서울역,POI033,KEY_4,1010002606,퇴계로,1010008801,서울역고가차도(동측),126.9757762804091783_37.5571717943319854,1010036101,속성변화점,126.9745222423205888_37.5566644754830179,124.0,12.0,정체,126.9745222423205888_37.5566644754830179|126.9757762804091783_37.5571717943319854
2026-09-04T13:22:12.125893+09:00,서울역,서울역,POI033,KEY_4,1010002607,퇴계로,1010088200,남대문로5가 292,126.9762491190694220_37.5573586199649654,1010008801,서울역고가차도(동측),126.9757762804091783_37.5571717943319854,47.0,9.0,정체,126.9757762804091783_37.5571717943319854|126.9762491190694220_37.5573586199649654
2026-09-04T13:22:12.125893+09:00,서울역,서울역,POI033,KEY_4,1010002901,세종대로,1010001004,서울역,126.9725768217156627_37.5571335615094881,1010009400,서울역3번출구,126.9729047212582458_37.5576301040073588,63.0,14.0,정체,126.9729047212582458_37.5576301040073588|126.9726802932207335_37.5573569212650042|126.9725966053711232_37.5572076931080829|126.9725768217156627_37.5571335615094881
2026-09-04T13:22:12.125893+09:00,서울역,서울역,POI033,KEY_4,1010002902,세종대로,1010088000,남대문로5가 84-15,126.9732159812998304_37.5579784751034964,1010011400,숭례문학당,126.9742665437086799_37.5591522019033732,160.0,11.0,정체,126.9742665437086799_37.5591522019033732|126.9738617088002712_37.5586999110099455|126.9732159812998304_37.5579784751034964
2026-09-04T13:22:12.125893+09:00,서울역,서울역,POI033,KEY_4,1010002903,세종대로,1010011400,숭례문학당,126.9742665437086799_37.5591522019033732,1010015502,숭례문앞,126.9748954449175216_37.5603663160010157,148.0,14.0,정체,126.9748954449175216_37.5603663160010157|126.9748468953437168_37.5603089259620049|126.9746855723265071_37.5601208840657534|126.9746137545376854_37.5599415792683970|126.9745483394273009_37.5596299211490319|126.9744734144699265_37.5594109852280340|126.9742665437086799_37.5591522019033732
2026-09-04T13:22:12.125893+09:00,서울역,서울역,POI033,KEY_4,1010003001,세종대로,1010008700,서울역4번출구,126.9730184115597211_37.5575709588477622,1010001001,서울역,126.9727010153384299_37.5570786706198803,62.0,10.0,정체,126.9727010153384299_37.5570786706198803|126.9727264690063038_37.5571740475001192|126.9727998873353840_37.5573049631326796|126.9730184115597211_37.5575709588477622
2026-09-04T13:22:12.125893+09:00,서울역,서울역,POI033,KEY_4,1010003002,세종대로,1010087900,남대문로5가 84-15,126.9733265878310959_37.5579157333092937,1010008700,서울역4번출구,126.9730184115597211_37.5575709588477622,47.0,15.0,서행,126.9730184115597211_37.5575709588477622|126.9730229219266846_37.5575764586648120|126.9733265878310959_37.5579157333092937
2026-09-04T13:22:12.125893+09:00,서울역,서울역,POI033,KEY_4,1010023400,세종대로,1010008700,서울역4번출구,126.9730184115597211_37.5575709588477622,1010008102,서울역,126.9739254787072014_37.5566063926840243,162.0,10.0,정체,126.9739254787072014_37.5566063926840243|126.9737622051817567_37.5566040860006964|126.9735713010116314_37.5566308625134724|126.9734365333165442_37.5566814899503854|126.9732830443898450_37.5567499923911043|126.9731407651332091_37.5568691548601450|126.9730396577194114_37.5569942857603749|126.9729647480841948_37.5571283631696460|126.9729384960857459_37.5572684108869552|126.9729459298956016_37.5574144255147857|126.9730184115597211_37.5575709588477622
2026-09-04T13:22:12.125893+09:00,서울역,서울역,POI033,KEY_4,1010023700,통일로,1010035900,서울역,126.9726382859721099_37.5561301693119631,1010009100,서울역,126.9717121828378907_37.5576314695367799,188.0,11.0,정체,126.9717121828378907_37.5576314695367799|126.9717381577070796_37.5575423806400934|126.9718724015783806_37.5573509120254982|126.9719768608054409_37.5572093343208309|126.9722404703145457_37.5569471676151210|126.9723782873772677_37.5567517213420103|126.9726382859721099_37.5561301693119631
2026-09-04T13:22:12.125893+09:00,서울역,서울역,POI033,KEY_4,1010024000,통일로,1010009300,서울역,126.9718375318289674_37.5576730841303998,1010009400,서울역3번출구,126.9729047212582458_37.5576301040073588,102.0,18.0,서행,126.9729047212582458_37.5576301040073588|126.9725548679935372_37.5575079038318833|126.9723512460599437_37.5575030882471950|126.9722194858867397_37.5575125925735875|126.9720340632495663_37.5575548632373852|126.9718375318289674_37.5576730841303998
2026-09-04T13:22:12.125893+09:00,서울역,서울역,POI033,KEY_4,1010025000,세종대로5길,1010009801,청암빌딩,126.9717079416461587_37.5585466375375603,1010012202,숭례문학당,126.9742748764175104_37.5595190981504885,256.0,14.0,정체,126.9742748764175104_37.5595190981504885|126.9738902974027042_37.5594176881754152|126.9732580878187207_37.5590467827891743|126.9725988537744144_37.5587016101154347|126.9723765861687639_37.5586285243969087|126.9717079416461587_37.5585466375375603
2026-09-04T13:22:12.125893+09:00,서울역,서울역,POI033,KEY_4,1010025700,세종대로,1010011400,숭례문학당,126.9742665437086799_37.5591522019033732,1010012201,숭례문학당,126.9742810386167378_37.5594068263078924,28.0,16.0,서행,126.9742810386167378_37.5594068263078924|126.9742665437086799_37.5591522019033732
2026-09-04T13:22:12.125893+09:00,서울역,서울역,POI033,KEY_4,1010025900,통일로,1010015801,의주로지하차도,126.9705766693740969_37.5608929272020475,1010010201,의주로지하차도(남측),126.9717135157052326_37.5581502975144517,326.0,41.0,원활,126.9717135157052326_37.5581502975144517|126.9716508619000876_37.5584846919861022|126.9714796864512891_37.5594008071192960|126.9714288668962752_37.5596284362280457|126.9713406022852240_37.5598094854925790|126.9712395311263293_37.5599958456464336|126.9705766693740969_37.5608929272020475
2026-09-04T13:22:12.125893+09:00,서울역,서울역,POI033,KEY_4,1010026600,세종대로,1010012202,숭례문학당,126.9742748764175104_37.5595190981504885,1010013502,속성변화점,126.9740489449279721_37.5597823376631155,38.0,22.0,서행,126.9740489449279721_37.5597823376631155|126.9741150100377496_37.5597678403268418|126.9741805117776181_37.5597165730551339|126.9742464328148515_37.5595997767984215|126.9742747291389691_37.5595199465246452|126.9742748764175104_37.5595190981504885
2026-09-04T13:22:12.125893+09:00,서울역,서울역,POI033,KEY_4,1010053600,한강대로,1010001002,서울역,126.9727007782336159_37.5569551120884242,1010036000,서울역(서울1호선),126.9728469457788407_37.5551689665811139,199.0,8.0,정체,126.9728469457788407_37.5551689665811139|126.9727738506837085_37.5561366589997760|126.9727007782336159_37.5569551120884242
2026-09-04T13:22:12.125893+09:00,서울역,서울역,POI033,KEY_4,1010054200,한강대로,1010035900,서울역,126.9726382859721099_37.5561301693119631,1010001003,서울역,126.9725590319377915_37.5570177603937765,99.0,19.0,서행,126.9725590319377915_37.5570177603937765|126.9726382859721099_37.5561301693119631
2026-09-04T13:22:12.125893+09:00,서울역,서울역,POI033,KEY_4,1020020904,한강대로,1020203900,최소노드배치점,126.9722876759107919_37.5518756720325513,1020006103,서울역앞교차로,126.9727381744143457_37.5541261601478666,253.0,27.0,원활,126.9727381744143457_37.5541261601478666|126.9727229068416534_37.5538935459301157|126.9726784214511497_37.5535312047517351|126.9726256427587145_37.5532355904220339|126.9725178599615276_37.5528309803471814|126.9722876759107919_37.5518756720325513
2026-09-04T13:22:12.125893+09:00,서울역,서울역,POI033,KEY_4,1020021002,한강대로,1020035400,서울역,126.9727592898207575_37.5532167445227429,1020034701,SR타임스,126.9720743182236049_37.5504162783518467,317.0,27.5,원활,126.9720743182236049_37.5504162783518467|126.9724210456315205_37.5518553022977031|126.9726509821565941_37.5528095774144859|126.9727592898207575_37.5532167445227429
2026-09-04T13:22:12.125893+09:00,서울역,서울역,POI033,KEY_4,1020021003,한강대로,1020006102,서울역앞교차로,126.9728719437852220_37.5540923073772603,1020035400,서울역,126.9727592898207575_37.5532167445227429,98.0,9.0,정체,126.9727592898207575_37.5532167445227429|126.9728132891065684_37.5535183101659840|126.9728583675455553_37.5538854618583358|126.9728719437852220_37.5540923073772603
2026-09-04T13:22:12.125893+09:00,서울역,서울역,POI033,KEY_4,1020022101,후암로,1020035600,서울역,126.9737199051955514_37.5538379912663061,1020006102,서울역앞교차로,126.9728719437852220_37.5540923073772603,80.0,13.0,정체,126.9728719437852220_37.5540923073772603|126.9735274346848541_37.5539264208546015|126.9737199051955514_37.5538379912663061
2026-09-04T13:22:12.125893+09:00,서울역,서울역,POI033,KEY_4,1020022104,후암로,1010000309,LG이노텍본사,126.9752027764478157_37.5534823331146370,1020035503,서울역,126.9741607668503036_37.5536489517180243,94.0,21.0,서행,126.9741607668503036_37.5536489517180243|126.9743753771546579_37.5535781623073959|126.9752027764478157_37.5534823331146370
2026-09-04T13:22:12.125893+09:00,서울역,서울역,POI033,KEY_4,1020022105,후암로,1010000305,후암삼거리,126.9764773617211802_37.5529546135781587,1010000308,LG이노텍본사,126.9753152099327735_37.5534675492286354,119.0,13.0,정체,126.9753152099327735_37.5534675492286354|126.9756306217603310_37.5533867074038383|126.9759065341277875_37.5532885038937039|126.9762800978454038_37.5530903392528472|126.9764773617211802_37.5529546135781587
2026-09-04T13:22:12.125893+09:00,서울역,서울역,POI033,KEY_4,1020022202,후암로,1020006101,서울역앞교차로,126.9728775006100676_37.5542043509851950,1020035501,서울역,126.9740888409367727_37.5537933166131026,117.0,8.0,정체,126.9740888409367727_37.5537933166131026|126.9737877851355989_37.5539316362506170|126.9735825829031910_37.5540259150812474|126.9728775006100676_37.5542043509851950
2026-09-04T13:22:12.125893+09:00,서울역,서울역,POI033,KEY_4,1020022204,후암로,1010000307,LG이노텍본사,126.9753568263294028_37.5535704670573551,1010000306,후암삼거리,126.9764434852530570_37.5531208228510494,109.0,21.0,서행,126.9764434852530570_37.5531208228510494|126.9763624695380884_37.5531765650602836|126.9759723584350724_37.5533835077186069|126.9756792883205350_37.5534878184159808|126.9753568263294028_37.5535704670573551
2026-09-04T13:22:12.125893+09:00,서울역,서울역,POI033,KEY_4,1020022205,후암로,1020035502,서울역,126.9742127476792319_37.5537488377428588,1010000310,LG이노텍본사,126.9752223276996546_37.5535893271465042,91.0,7.0,정체,126.9752223276996546_37.5535893271465042|126.9744116995333343_37.5536832130246765|126.9742127476792319_37.5537488377428588
2026-09-04T13:22:12.125893+09:00,서울역,서울역,POI033,KEY_4,1020022705,소월로,1010109800,남대문로5가 431,126.9765972619878767_37.5555182701131471,1010000704,도동삼거리,126.9768636563198214_37.5560052120861414,59.0,23.0,서행,126.9768636563198214_37.5560052120861414|126.9768061889182320_37.5559210408862967|126.9767141186498520_37.5557820754249434|126.9766585950972626_37.5556855676206496|126.9765972619878767_37.5555182701131471
2026-09-04T13:22:12.125893+09:00,서울역,서울역,POI033,KEY_4,1020022901,한강대로,1020006104,서울역앞교차로,126.9727424266385611_37.5542385337162727,1010035900,서울역,126.9726382859721099_37.5561301693119631,210.0,22.0,서행,126.9726382859721099_37.5561301693119631|126.9727113828136709_37.5551624769767898|126.9727511726894420_37.5546357106512687|126.9727424266385611_37.5542385337162727
2026-09-04T13:22:12.125893+09:00,서울역,서울역,POI033,KEY_4,1020023001,한강대로,1010036000,서울역(서울1호선),126.9728469457788407_37.5551689665811139,1020006101,서울역앞교차로,126.9728775006100676_37.5542043509851950,107.0,5.0,정체,126.9728775006100676_37.5542043509851950|126.9728870508398302_37.5546380115442062|126.9728469457788407_37.5551689665811139
2026-09-04T13:22:12.125893+09:00,서울역,서울역,POI033,KEY_4,1020050600,후암로,1020035600,서울역,126.9737199051955514_37.5538379912663061,1020035400,서울역,126.9727592898207575_37.5532167445227429,115.0,20.0,서행,126.9727592898207575_37.5532167445227429|126.9729413557275279_37.5534694514369036|126.9731097388656735_37.5535976235205595|126.9732594214425347_37.5536900341256157|126.9734053703012080_37.5537586041957994|126.9735615769517239_37.5538343924740516|126.9737199051955514_37.5538379912663061
2026-09-04T13:22:12.125893+09:00,선릉역,선릉역,POI034,KEY_1,1220025803,선릉로,1220382800,역삼동 802-31,127.0494800504940969_37.5033567751413273,1220035503,선릉역(서울2호선),127.0493398594145731_37.5036589428028151,36.0,20.0,서행,127.0493398594145731_37.5036589428028151|127.0494800504940969_37.5033567751413273
2026-09-04T13:22:12.125893+09:00,선릉역,선릉역,POI034,KEY_1,1220025804,선릉로,1220035504,선릉역(서울2호선),127.0492928042660310_37.5037603648988949,1220035903,선릉역사거리,127.0489874547452303_37.5044185049200891,78.0,11.0,정체,127.0489874547452303_37.5044185049200891|127.0492474271719345_37.5038581699360591|127.0492928042660310_37.5037603648988949
2026-09-04T13:22:12.125893+09:00,선릉역,선릉역,POI034,KEY_1,1220025903,선릉로,1220358000,대치동 1011-17,127.0493747245042755_37.5038956551044578,1220034601,진선여고,127.0497736298861042_37.5030358485243909,102.0,16.0,서행,127.0497736298861042_37.5030358485243909|127.0496073469251996_37.5033942600096850|127.0494671565548828_37.5036964278532707|127.0494201015183222_37.5037978500803462|127.0493747245042755_37.5038956551044578
2026-09-04T13:22:12.125893+09:00,선릉역,선릉역,POI034,KEY_1,1220026002,테헤란로,1220034906,블랙베리박물관,127.0443627780408065_37.5031471670482617,1220035704,역삼동 804,127.0471173294836689_37.5039936601345545,261.0,19.0,서행,127.0471173294836689_37.5039936601345545|127.0443627780408065_37.5031471670482617
2026-09-04T13:22:12.125893+09:00,선릉역,선릉역,POI034,KEY_1,1220026003,테헤란로,1220035701,역삼동 804,127.0472444652040593_37.5040315100491171,1220035904,선릉역사거리,127.0489401518829737_37.5045198504901336,159.0,20.0,서행,127.0489401518829737_37.5045198504901336|127.0472444652040593_37.5040315100491171
2026-09-04T13:22:12.125893+09:00,선릉역,선릉역,POI034,KEY_1,1220026004,테헤란로,1220034102,르네상스호텔교차로,127.0436867528111975_37.5029433037034892,1220034909,블랙베리박물관,127.0442359817900950_37.5031085999901350,52.0,11.0,정체,127.0442359817900950_37.5031085999901350|127.0436867528111975_37.5029433037034892
2026-09-04T13:22:12.125893+09:00,선릉역,선릉역,POI034,KEY_1,1220026005,테헤란로,1220034106,르네상스호텔사거리,127.0428318796063962_37.5026860140694112,1220034105,르네상스호텔교차로,127.0435597867368074_37.5029050914540534,69.0,9.0,정체,127.0435597867368074_37.5029050914540534|127.0428318796063962_37.5026860140694112
2026-09-04T13:22:12.125893+09:00,선릉역,선릉역,POI034,KEY_1,1220026102,테헤란로,1220035703,역삼동 804,127.0471670915627840_37.5038930671752482,1220034907,블랙베리박물관,127.0444223112660467_37.5030495771580661,260.0,26.0,원활,127.0444223112660467_37.5030495771580661|127.0471670915627840_37.5038930671752482
2026-09-04T13:22:12.125893+09:00,선릉역,선릉역,POI034,KEY_1,1220026103,테헤란로,1220035903,선릉역사거리,127.0489874547452303_37.5044185049200891,1220035702,역삼동 804,127.0472942790560325_37.5039308877385196,159.0,9.0,정체,127.0472942790560325_37.5039308877385196|127.0489874547452303_37.5044185049200891
2026-09-04T13:22:12.125893+09:00,선릉역,선릉역,POI034,KEY_1,1220026801,테헤란로,1220035901,선릉역사거리,127.0490667656896164_37.5045587941768233,1220036304,월간부동산경제,127.0507097058413279_37.5050961507753726,157.0,6.0,정체,127.0507097058413279_37.5050961507753726|127.0490667656896164_37.5045587941768233
2026-09-04T13:22:12.125893+09:00,선릉역,선릉역,POI034,KEY_1,1220026802,테헤란로,1220036301,월간부동산경제,127.0508357905731600_37.5051361926111113,1220036804,KTF타워,127.0528495126162909_37.5057573699263784,191.0,26.0,원활,127.0528495126162909_37.5057573699263784|127.0508357905731600_37.5051361926111113
2026-09-04T13:22:12.125893+09:00,선릉역,선릉역,POI034,KEY_1,1220026804,테헤란로,1220036801,KTF타워,127.0529760573716800_37.5057964677758875,1220037405,포스코사거리,127.0565476506724707_37.5068995560620664,339.0,34.0,원활,127.0565476506724707_37.5068995560620664|127.0551245320578602_37.5064612571662650|127.0549977448848864_37.5064221165811134|127.0529760573716800_37.5057964677758875
2026-09-04T13:22:12.125893+09:00,선릉역,선릉역,POI034,KEY_1,1220026901,테헤란로,1220036303,월간부동산경제,127.0507602689269504_37.5049958100575296,1220035902,선릉역사거리,127.0491140994473085_37.5044573976487072,157.0,15.0,서행,127.0491140994473085_37.5044573976487072|127.0507602689269504_37.5049958100575296
2026-09-04T13:22:12.125893+09:00,선릉역,선릉역,POI034,KEY_1,1220026902,테헤란로,1220037203,포스코미술관,127.0550468873825025_37.5063213325861398,1220036302,월간부동산경제,127.0508863665850328_37.5050358511375421,395.0,32.0,원활,127.0508863665850328_37.5050358511375421|127.0528985165621947_37.5056565437127531|127.0530252017615993_37.5056956853289023|127.0550468873825025_37.5063213325861398
2026-09-04T13:22:12.125893+09:00,선릉역,선릉역,POI034,KEY_1,1220026904,테헤란로,1220037404,포스코사거리,127.0566007053227366_37.5067999758815986,1220037202,포스코미술관,127.0551734722876205_37.5063604107458772,135.0,6.0,정체,127.0551734722876205_37.5063604107458772|127.0566007053227366_37.5067999758815986
2026-09-04T13:22:12.125893+09:00,선릉역,선릉역,POI034,KEY_1,1220027601,선릉로,1220358300,역삼동 802-31,127.0486586538320637_37.5051194262060719,1220036703,선릉역(수인분당선),127.0484330543986573_37.5055999334302470,57.0,7.5,정체,127.0484330543986573_37.5055999334302470|127.0486078996825796_37.5052275287191392|127.0486586538320637_37.5051194262060719
2026-09-04T13:22:12.125893+09:00,선릉역,선릉역,POI034,KEY_1,1220027602,선릉로,1220448000,역삼동 802-21,127.0472703648739241_37.5068578058261082,1220037903,선릉공원,127.0470897828734138_37.5069674641184108,20.0,21.5,서행,127.0470897828734138_37.5069674641184108|127.0472703648739241_37.5068578058261082
2026-09-04T13:22:12.125893+09:00,선릉역,선릉역,POI034,KEY_1,1220027603,선릉로,1220370100,역삼동 802-3,127.0440604841689805_37.5095866488481064,1220041803,선정릉역사거리,127.0438262673777103_37.5102164759167138,73.0,27.0,원활,127.0438262673777103_37.5102164759167138|127.0440604841689805_37.5095866488481064
2026-09-04T13:22:12.125893+09:00,선릉역,선릉역,POI034,KEY_1,1220027701,선릉로,1220303700,삼성동 111-114,127.0487350154241852_37.5052654063889435,1220035901,선릉역사거리,127.0490667656896164_37.5045587941768233,84.0,30.7,원활,127.0490667656896164_37.5045587941768233|127.0487857693820217_37.5051573038117922|127.0487350154241852_37.5052654063889435
2026-09-04T13:22:12.125893+09:00,선릉역,선릉역,POI034,KEY_1,1220027702,선릉로,1220374600,삼성동 111-114,127.0483605484462402_37.5060104032975730,1220036701,선릉역(수인분당선),127.0485078851592107_37.5057410376844658,33.0,31.7,원활,127.0485078851592107_37.5057410376844658|127.0483605484462402_37.5060104032975730
2026-09-04T13:22:12.125893+09:00,선릉역,선릉역,POI034,KEY_1,1220027703,선릉로,1220365800,삼성동 111-114,127.0443282632564745_37.5092606516299512,1220037901,선릉공원,127.0469965891165742_37.5071602068898287,337.0,11.0,정체,127.0469965891165742_37.5071602068898287|127.0457652914226543_37.5079213112726038|127.0457315935512526_37.5079411118796386|127.0453123945694074_37.5081874282568322|127.0450551787726425_37.5083692241713393|127.0448383445246918_37.5085748402795289|127.0446727771421109_37.5087520328191388|127.0446145508118008_37.5088143472007260|127.0444273773029806_37.5090709040483858|127.0443282632564745_37.5092606516299512
2026-09-04T13:22:12.125893+09:00,선릉역,선릉역,POI034,KEY_1,1220029003,봉은사로,1220334600,논현동 279-165,127.0429218607902868_37.5100587666423735,1220041804,선정릉역사거리,127.0437875852603753_37.5103204253317628,82.0,15.0,서행,127.0437875852603753_37.5103204253317628|127.0432838786139769_37.5101681847940256|127.0429218607902868_37.5100587666423735
2026-09-04T13:22:12.125893+09:00,선릉역,선릉역,POI034,KEY_1,1220030101,봉은사로,1220266300,삼성동 111-147,127.0456546467774217_37.5107534974710006,1220041802,선정릉역사거리,127.0439536961437739_37.5102544648311351,160.0,24.3,서행,127.0439536961437739_37.5102544648311351|127.0456546467774217_37.5107534974710006
2026-09-04T13:22:12.125893+09:00,선릉역,선릉역,POI034,KEY_1,1220031101,선릉로,1220264300,삼성동 111-114,127.0436559026359049_37.5110541949156300,1220041801,선정릉역사거리,127.0439150377636111_37.5103583429885745,81.0,35.3,원활,127.0439150377636111_37.5103583429885745|127.0436559026359049_37.5110541949156300
2026-09-04T13:22:12.125893+09:00,선릉역,선릉역,POI034,KEY_1,1220066400,선릉로85길,1220033802,역삼동 709-6,127.0449918128137057_37.5022563458516913,1220034404,진선여자고등학교,127.0485994425350498_37.5026948948454901,353.0,16.0,서행,127.0485994425350498_37.5026948948454901|127.0458864169672921_37.5018168749480054|127.0458443373064910_37.5018129468389816|127.0458437108576959_37.5018128883602913|127.0450049324684585_37.5022506870223040|127.0449918128137057_37.5022563458516913
2026-09-04T13:22:12.125893+09:00,선릉역,선릉역,POI034,KEY_1,1220066900,언주로86길,1220034503,진선여자중학교,127.0476253937541600_37.5029148927015115,1220033802,역삼동 709-6,127.0449918128137057_37.5022563458516913,244.0,21.0,서행,127.0449918128137057_37.5022563458516913|127.0450373398494150_37.5022704805788649|127.0460858483811535_37.5025342023920842|127.0461241747767502_37.5025440418957388|127.0465088357584165_37.5026427947566461|127.0471586361461931_37.5028096126219666|127.0475001726865116_37.5028972907328964|127.0476253937541600_37.5029148927015115
2026-09-04T13:22:12.125893+09:00,선릉역,선릉역,POI034,KEY_1,1220067000,언주로86길,1220033801,역삼동 707-12,127.0448489661988987_37.5023280363648013,1220034504,진선여자중학교,127.0476018129394333_37.5030213687362988,255.0,21.0,서행,127.0476018129394333_37.5030213687362988|127.0474674171433094_37.5030024773813935|127.0471170126434259_37.5029125227694990|127.0464672114241012_37.5027457047571673|127.0460825499488777_37.5026469518089058|127.0460446065235516_37.5026372106288548|127.0449922237995821_37.5023725132399832|127.0448489661988987_37.5023280363648013
2026-09-04T13:22:12.125893+09:00,선릉역,선릉역,POI034,KEY_1,1220067100,테헤란로44길,1220425200,역삼동 706-28,127.0445594426699216_37.5025715799587829,1220034908,블랙베리박물관,127.0442936787205923_37.5030103853983761,54.0,10.0,정체,127.0442936787205923_37.5030103853983761|127.0444068427994182_37.5028586561034274|127.0445594426699216_37.5025715799587829
2026-09-04T13:22:12.125893+09:00,선릉역,선릉역,POI034,KEY_1,1220067200,테헤란로44길,1220425100,역삼동 805-14,127.0446844104283741_37.5026137429825184,1220033801,역삼동 707-12,127.0448489661988987_37.5023280363648013,35.0,11.5,정체,127.0448489661988987_37.5023280363648013|127.0448257245955972_37.5023478943872206|127.0446844104283741_37.5026137429825184
2026-09-04T13:22:12.125893+09:00,선릉역,선릉역,POI034,KEY_1,1220067300,역삼로63길,1220369600,대치동 899-17,127.0520617732479707_37.5022788964194831,1220035303,대치동 1011-19,127.0514857362790195_37.5034880610051431,144.0,17.0,서행,127.0514857362790195_37.5034880610051431|127.0520617732479707_37.5022788964194831
2026-09-04T13:22:12.125893+09:00,선릉역,선릉역,POI034,KEY_1,1220067700,테헤란로52길,1220034404,진선여자고등학교,127.0485994425350498_37.5026948948454901,1220034502,진선여자중학교,127.0477058613497690_37.5029198869641291,83.0,18.5,서행,127.0477058613497690_37.5029198869641291|127.0482637055277451_37.5027833474549865|127.0485650684316852_37.5027095837196143|127.0485994425350498_37.5026948948454901
2026-09-04T13:22:12.125893+09:00,선릉역,선릉역,POI034,KEY_1,1220067800,테헤란로52길,1220289300,역삼동 708-33,127.0483035617519079_37.5028867005181183,1220034401,진선여자고등학교,127.0487756743473824_37.5027422782434172,45.0,9.0,정체,127.0487756743473824_37.5027422782434172|127.0486175648109253_37.5028098431502173|127.0483035617519079_37.5028867005181183
2026-09-04T13:22:12.125893+09:00,선릉역,선릉역,POI034,KEY_1,1220068000,선릉로85길,1220034401,진선여자고등학교,127.0487756743473824_37.5027422782434172,1220034604,진선여고,127.0496481972099332_37.5029943484915336,83.0,19.0,서행,127.0496481972099332_37.5029943484915336|127.0488838028640259_37.5027428534322240|127.0487756743473824_37.5027422782434172
2026-09-04T13:22:12.125893+09:00,선릉역,선릉역,POI034,KEY_1,1220068400,테헤란로52길,1220034504,진선여자중학교,127.0476018129394333_37.5030213687362988,1220035003,도시개발신문,127.0475579221615732_37.5031154893994980,11.0,4.0,정체,127.0475579221615732_37.5031154893994980|127.0476018129394333_37.5030213687362988
2026-09-04T13:22:12.125893+09:00,선릉역,선릉역,POI034,KEY_1,1220068500,테헤란로52길,1220035002,도시개발신문,127.0476851392119499_37.5031531430107989,1220034501,진선여자중학교,127.0477457167723543_37.5030232397223813,15.0,14.0,정체,127.0477457167723543_37.5030232397223813|127.0476851392119499_37.5031531430107989
2026-09-04T13:22:12.125893+09:00,선릉역,선릉역,POI034,KEY_1,1220068600,선릉로86길,1220271900,대치동 1011-18,127.0502748335649130_37.5030853689336396,1220034602,진선여고,127.0498209559993370_37.5029344252388057,43.0,12.0,정체,127.0498209559993370_37.5029344252388057|127.0502748335649130_37.5030853689336396
2026-09-04T13:22:12.125893+09:00,선릉역,선릉역,POI034,KEY_1,1220068700,선릉로86길,1220272000,대치동 889-46,127.0502225545053534_37.5031851452885192,1220035304,대치동 1011-19,127.0514375857766964_37.5035892110017741,116.0,10.0,정체,127.0514375857766964_37.5035892110017741|127.0510727414042123_37.5034678816585227|127.0506832483399933_37.5033383536890739|127.0502225545053534_37.5031851452885192
2026-09-04T13:22:12.125893+09:00,선릉역,선릉역,POI034,KEY_1,1220069201,테헤란로43길,1220034905,국제섬유신문,127.0440100661521683_37.5035966744363876,1220035603,속성변화점,127.0438833453921603_37.5038704428559555,32.0,14.0,정체,127.0438833453921603_37.5038704428559555|127.0440100661521683_37.5035966744363876
2026-09-04T13:22:12.125893+09:00,선릉역,선릉역,POI034,KEY_1,1220069202,테헤란로43길,1220034909,블랙베리박물관,127.0442359817900950_37.5031085999901350,1220034904,국제섬유신문,127.0440570321479470_37.5034952082934012,46.0,11.0,정체,127.0440570321479470_37.5034952082934012|127.0442359817900950_37.5031085999901350
2026-09-04T13:22:12.125893+09:00,선릉역,선릉역,POI034,KEY_1,1220069301,테헤란로43길,1220034903,국제섬유신문,127.0441843649481370_37.5035326168648098,1220034906,블랙베리박물관,127.0443627780408065_37.5031471670482617,46.0,21.0,서행,127.0443627780408065_37.5031471670482617|127.0441843649481370_37.5035326168648098
2026-09-04T13:22:12.125893+09:00,선릉역,선릉역,POI034,KEY_1,1220069302,테헤란로43길,1220035602,이환빌딩,127.0440106778918334_37.5039078512403847,1220034902,국제섬유신문,127.0441373988766571_37.5036340831138304,32.0,14.0,정체,127.0441373988766571_37.5036340831138304|127.0440106778918334_37.5039078512403847
2026-09-04T13:22:12.125893+09:00,선릉역,선릉역,POI034,KEY_1,1220069400,선릉로89길,1220035001,도시개발신문,127.0476361765401236_37.5032539819536694,1220035504,선릉역(서울2호선),127.0492928042660310_37.5037603648988949,157.0,6.0,정체,127.0492928042660310_37.5037603648988949|127.0476361765401236_37.5032539819536694
2026-09-04T13:22:12.125893+09:00,선릉역,선릉역,POI034,KEY_1,1220069500,테헤란로52길,1220035004,도시개발신문,127.0475102746900689_37.5032136202441109,1220035703,역삼동 804,127.0471670915627840_37.5038930671752482,81.0,15.0,서행,127.0471670915627840_37.5038930671752482|127.0475102746900689_37.5032136202441109
2026-09-04T13:22:12.125893+09:00,선릉역,선릉역,POI034,KEY_1,1220069600,테헤란로52길,1220035702,역삼동 804,127.0472942790560325_37.5039308877385196,1220035001,도시개발신문,127.0476361765401236_37.5032539819536694,81.0,10.0,정체,127.0476361765401236_37.5032539819536694|127.0472942790560325_37.5039308877385196
2026-09-04T13:22:12.125893+09:00,선릉역,선릉역,POI034,KEY_1,1220069900,선릉로86길,1220368500,대치동 896-8,127.0519565654232679_37.5036215470825738,1220035302,대치동 1011-19,127.0516171337999509_37.5035169501664427,32.0,7.5,정체,127.0516171337999509_37.5035169501664427|127.0516507264595560_37.5035213954269935|127.0519565654232679_37.5036215470825738
2026-09-04T13:22:12.125893+09:00,선릉역,선릉역,POI034,KEY_1,1220070000,선릉로86길,1220291800,대치동 1011-12,127.0536876429382716_37.5043052918240960,1220036204,롯데캐슬아파트,127.0557455057748939_37.5049791009656133,197.0,8.0,정체,127.0557455057748939_37.5049791009656133|127.0536876429382716_37.5043052918240960
2026-09-04T13:22:12.125893+09:00,선릉역,선릉역,POI034,KEY_1,1220070100,테헤란로64길,1220327000,대치동 890-49,127.0511666174652987_37.5044640143400940,1220035301,대치동 890-57,127.0515680449655349_37.5036200563672182,100.0,17.0,서행,127.0515680449655349_37.5036200563672182|127.0514128759260046_37.5039462849432255|127.0511666174652987_37.5044640143400940
2026-09-04T13:22:12.125893+09:00,선릉역,선릉역,POI034,KEY_1,1220070200,테헤란로64길,1220327100,대치동 1011-11,127.0510397087366101_37.5044257017429885,1220036303,월간부동산경제,127.0507602689269504_37.5049958100575296,68.0,13.5,정체,127.0507602689269504_37.5049958100575296|127.0508397863444259_37.5048460080051811|127.0510397087366101_37.5044257017429885
2026-09-04T13:22:12.125893+09:00,선릉역,선릉역,POI034,KEY_1,1220070300,선릉로93길,1220374900,역삼동 702-31,127.0452775257639217_37.5043015743408361,1220035602,이환빌딩,127.0440106778918334_37.5039078512403847,120.0,11.0,정체,127.0440106778918334_37.5039078512403847|127.0446181406134656_37.5040968150351475|127.0452456907805328_37.5042920231553651|127.0452775257639217_37.5043015743408361
2026-09-04T13:22:12.125893+09:00,선릉역,선릉역,POI034,KEY_1,1220070400,선릉로93길,1220374800,역삼동 802-37,127.0452296953085209_37.5044027582226391,1220036104,우리빌딩,127.0467047231793600_37.5048452859594335,139.0,14.0,정체,127.0467047231793600_37.5048452859594335|127.0452296953085209_37.5044027582226391
2026-09-04T13:22:12.125893+09:00,선릉역,선릉역,POI034,KEY_1,1220070500,언주로94길,1220035603,속성변화점,127.0438833453921603_37.5038704428559555,1220035802,센터필드EAST,127.0421318287953625_37.5041808866634341,184.0,17.0,서행,127.0421318287953625_37.5041808866634341|127.0426856690897637_37.5043235110338884|127.0428279173818282_37.5043501211974117|127.0429646936048016_37.5043500715293163|127.0436734217523451_37.5042155266854564|127.0437402751845042_37.5041595513156381|127.0438359819385852_37.5039686758785251|127.0438833453921603_37.5038704428559555
2026-09-04T13:22:12.125893+09:00,선릉역,선릉역,POI034,KEY_1,1220070600,언주로94길,1220406900,역삼동 700-38,127.0429923173944360_37.5044559753481082,1220035601,이환빌딩,127.0439620134067269_37.5040087840446006,108.0,11.0,정체,127.0439620134067269_37.5040087840446006|127.0438566121118811_37.5042189961629546|127.0437440122160382_37.5043132731677531|127.0429923173944360_37.5044559753481082
2026-09-04T13:22:12.125893+09:00,선릉역,선릉역,POI034,KEY_1,1220070700,테헤란로51길,1220035704,역삼동 804,127.0471173294836689_37.5039936601345545,1220036103,우리빌딩,127.0467535949327811_37.5047444149913147,89.0,12.0,정체,127.0467535949327811_37.5047444149913147|127.0468396453975544_37.5045668067024280|127.0471173294836689_37.5039936601345545
2026-09-04T13:22:12.125893+09:00,선릉역,선릉역,POI034,KEY_1,1220070800,테헤란로51길,1220323800,역삼동 705-31,127.0469662568829392_37.5046057396921384,1220035701,역삼동 804,127.0472444652040593_37.5040315100491171,68.0,13.0,정체,127.0472444652040593_37.5040315100491171|127.0469662568829392_37.5046057396921384
2026-09-04T13:22:12.125893+09:00,선릉역,선릉역,POI034,KEY_1,1220071100,삼성로85길,1220036503,이비스스타일앰배서더서울강남,127.0573585733390729_37.5053724936751181,1220036202,롯데캐슬아파트,127.0559213381150556_37.5049190420530891,137.0,8.0,정체,127.0559213381150556_37.5049190420530891|127.0573585733390729_37.5053724936751181
2026-09-04T13:22:12.125893+09:00,선릉역,선릉역,POI034,KEY_1,1220071200,삼성로85길,1220036201,롯데캐슬아파트,127.0558713656280361_37.5050195657570598,1220036504,이비스스타일앰배서더서울강남,127.0573055376119243_37.5054720518562945,136.0,14.0,정체,127.0573055376119243_37.5054720518562945|127.0558713656280361_37.5050195657570598
2026-09-04T13:22:12.125893+09:00,선릉역,선릉역,POI034,KEY_1,1220071300,선릉로93길,1220036703,선릉역(수인분당선),127.0484330543986573_37.5055999334302470,1220036102,우리빌딩,127.0468696615953377_37.5048051128072615,169.0,11.0,정체,127.0468696615953377_37.5048051128072615|127.0472577382230241_37.5052092417498173|127.0475341574507979_37.5053011288221043|127.0479304710487156_37.5054328695665120|127.0484330543986573_37.5055999334302470
2026-09-04T13:22:12.125893+09:00,선릉역,선릉역,POI034,KEY_1,1220071400,선릉로93길,1220335200,역삼동 696-45,127.0478782088464129_37.5055326522576777,1220036704,선릉역(수인분당선),127.0483821896187351_37.5057001806225543,48.0,12.7,정체,127.0483821896187351_37.5057001806225543|127.0478782088464129_37.5055326522576777
2026-09-04T13:22:12.125893+09:00,선릉역,선릉역,POI034,KEY_1,1220071500,테헤란로78길,1220268600,대치동 1011-6,127.0553089900937067_37.5058177697578614,1220037203,포스코미술관,127.0550468873825025_37.5063213325861398,61.0,20.0,서행,127.0550468873825025_37.5063213325861398|127.0553089900937067_37.5058177697578614
2026-09-04T13:22:12.125893+09:00,선릉역,선릉역,POI034,KEY_1,1220071600,테헤란로78길,1220037202,포스코미술관,127.0551734722876205_37.5063604107458772,1220036201,롯데캐슬아파트,127.0558713656280361_37.5050195657570598,161.0,15.0,서행,127.0558713656280361_37.5050195657570598|127.0556616943434847_37.5054224074410030|127.0554343582095669_37.5058591832844215|127.0551734722876205_37.5063604107458772
2026-09-04T13:22:12.125893+09:00,선릉역,선릉역,POI034,KEY_1,1220071700,테헤란로63길,1220423600,삼성동 172-98,127.0503997460840679_37.5057459597834253,1220037103,삼성동빌딩,127.0501931847878154_37.5061595041217970,49.0,14.0,정체,127.0501931847878154_37.5061595041217970|127.0502410686189307_37.5060786113238365|127.0503997460840679_37.5057459597834253
2026-09-04T13:22:12.125893+09:00,선릉역,선릉역,POI034,KEY_1,1220071800,테헤란로63길,1220423500,삼성동 142-5,127.0505266121239316_37.5057843667848871,1220036301,월간부동산경제,127.0508357905731600_37.5051361926111113,77.0,19.0,서행,127.0508357905731600_37.5051361926111113|127.0505266121239316_37.5057843667848871
2026-09-04T13:22:12.125893+09:00,선릉역,선릉역,POI034,KEY_1,1220071900,선릉로94길,1220037103,삼성동빌딩,127.0501931847878154_37.5061595041217970,1220036702,선릉역(수인분당선),127.0485587670993652_37.5056408010745486,156.0,17.0,서행,127.0485587670993652_37.5056408010745486|127.0490621091166048_37.5058005461863644|127.0501931847878154_37.5061595041217970
2026-09-04T13:22:12.125893+09:00,선릉역,선릉역,POI034,KEY_1,1220072000,선릉로94길,1220036701,선릉역(수인분당선),127.0485078851592107_37.5057410376844658,1220037104,삼성동빌딩,127.0501601069988027_37.5062653907136010,157.0,6.0,정체,127.0501601069988027_37.5062653907136010|127.0490118813641089_37.5059009903445002|127.0485078851592107_37.5057410376844658
2026-09-04T13:22:12.125893+09:00,선릉역,선릉역,POI034,KEY_1,1220072100,테헤란로69길,1220036804,KTF타워,127.0528495126162909_37.5057573699263784,1220037603,삼성동 172-89,127.0522708430014944_37.5069035359184255,137.0,9.0,정체,127.0522708430014944_37.5069035359184255|127.0524230958238974_37.5066019737352079|127.0526102703543501_37.5062312396574242|127.0528495126162909_37.5057573699263784
2026-09-04T13:22:12.125893+09:00,선릉역,선릉역,POI034,KEY_1,1220072200,테헤란로69길,1220345500,삼성동 172-99,127.0527361859108169_37.5062715853546678,1220036801,KTF타워,127.0529760573716800_37.5057964677758875,57.0,13.0,정체,127.0529760573716800_37.5057964677758875|127.0527361859108169_37.5062715853546678
2026-09-04T13:22:12.125893+09:00,선릉역,선릉역,POI034,KEY_1,1220072700,테헤란로63길,1220037104,삼성동빌딩,127.0501601069988027_37.5062653907136010,1220037303,정든빌딩,127.0501680356160392_37.5067325970078258,52.0,17.5,서행,127.0501680356160392_37.5067325970078258|127.0501601069988027_37.5062653907136010
2026-09-04T13:22:12.125893+09:00,선릉역,선릉역,POI034,KEY_1,1220072800,테헤란로63길,1220037302,정든빌딩,127.0503036864279096_37.5067277996371189,1220037101,삼성동빌딩,127.0502958135916458_37.5062639290552582,51.0,14.0,정체,127.0502958135916458_37.5062639290552582|127.0503036864279096_37.5067277996371189
2026-09-04T13:22:12.125893+09:00,선릉역,선릉역,POI034,KEY_1,1220073500,선릉로100길,1220369700,삼성동 172-89,127.0515841885179213_37.5067796298796594,1220037302,정든빌딩,127.0503036864279096_37.5067277996371189,113.0,9.0,정체,127.0503036864279096_37.5067277996371189|127.0515841885179213_37.5067796298796594
2026-09-04T13:22:12.125893+09:00,선릉역,선릉역,POI034,KEY_1,1220073600,선릉로100길,1220037301,정든빌딩,127.0502967986549976_37.5068357808075135,1220037604,삼성동 172-89,127.0522091422740658_37.5069998373663793,171.0,20.0,서행,127.0522091422740658_37.5069998373663793|127.0520785711498206_37.5069467447646474|127.0518857869076896_37.5069000953744691|127.0515773025849029_37.5068876111003817|127.0502967986549976_37.5068357808075135
2026-09-04T13:22:12.125893+09:00,선릉역,선릉역,POI034,KEY_1,1220073700,선릉로100길,1220419800,삼성동 172-88,127.0489998316540294_37.5068690014972219,1220037902,선릉공원,127.0471720593799319_37.5070534520707710,163.0,24.0,서행,127.0471720593799319_37.5070534520707710|127.0474044325196132_37.5070552676544722|127.0489998316540294_37.5068690014972219
2026-09-04T13:22:12.125893+09:00,선릉역,선릉역,POI034,KEY_1,1220073800,선릉로100길,1220037901,선릉공원,127.0469965891165742_37.5071602068898287,1220037304,정든빌딩,127.0501877186652990_37.5068395748828394,285.0,16.0,서행,127.0501877186652990_37.5068395748828394|127.0490195130558817_37.5069759794436237|127.0474136620712926_37.5071634656356494|127.0469965891165742_37.5071602068898287
2026-09-04T13:22:12.125893+09:00,선릉역,선릉역,POI034,KEY_1,1220074600,삼성로95길,1220038503,마루빌딩,127.0534532547879820_37.5074151103447733,1220037602,삼성동 172-89,127.0523915908889165_37.5069541192693592,107.0,9.0,정체,127.0523915908889165_37.5069541192693592|127.0534532547879820_37.5074151103447733
2026-09-04T13:22:12.125893+09:00,선릉역,선릉역,POI034,KEY_1,1220075600,삼성로95길,1220406500,삼성동 172-90,127.0542714833571409_37.5077257788648311,1220038502,마루빌딩,127.0535960100787065_37.5074744096809738,66.0,8.0,정체,127.0535960100787065_37.5074744096809738|127.0540234447238248_37.5076262489432253|127.0542714833571409_37.5077257788648311
2026-09-04T13:22:12.125893+09:00,선릉역,선릉역,POI034,KEY_1,1220078300,봉은사로68길,1220392700,삼성동 172-73,127.0530668262036471_37.5086067783565937,1220038501,마루빌딩,127.0536095457558048_37.5075976007268892,126.0,24.0,서행,127.0536095457558048_37.5075976007268892|127.0536270441107263_37.5077568563279229|127.0536175999609867_37.5078783512049867|127.0536010378548042_37.5079533619661234|127.0532756349020502_37.5083408529318518|127.0530933339902475_37.5085844180251726|127.0530668262036471_37.5086067783565937
2026-09-04T13:22:12.125893+09:00,선릉역,선릉역,POI034,KEY_1,1220330700,테헤란로43길,1220034105,르네상스호텔교차로,127.0435597867368074_37.5029050914540534,1220034905,국제섬유신문,127.0440100661521683_37.5035966744363876,122.0,7.0,정체,127.0440100661521683_37.5035966744363876|127.0436463251092079_37.5034967442712031|127.0433326699137950_37.5034026470018773|127.0435597867368074_37.5029050914540534
2026-09-04T13:22:12.125893+09:00,선릉역,선릉역,POI034,KEY_1,1220330800,테헤란로43길,1220034904,국제섬유신문,127.0440570321479470_37.5034952082934012,1220034102,르네상스호텔교차로,127.0436867528111975_37.5029433037034892,98.0,6.0,정체,127.0436867528111975_37.5029433037034892|127.0435060706377044_37.5033391353576278|127.0436923689629509_37.5033950244486789|127.0440570321479470_37.5034952082934012
2026-09-04T13:22:12.125893+09:00,성신여대입구역,성신여대입구역,POI035,KEY_2,1070005902,고려대로7길,1070009903,동선동2가 2-12,127.0176192672884525_37.5897727856347075,1070010303,하늘다리(동측),127.0169126278614584_37.5903777968666262,92.0,23.0,서행,127.0169126278614584_37.5903777968666262|127.0169401511210765_37.5903235362831509|127.0170002694840861_37.5902430465021453|127.0176192672884525_37.5897727856347075
2026-09-04T13:22:12.125893+09:00,성신여대입구역,성신여대입구역,POI035,KEY_2,1070006002,고려대로7길,1070010302,하늘다리(동측),127.0170394750946059_37.5904165844383797,1070009904,동선동2가 2-12,127.0177130914113519_37.5898509870969306,87.0,5.0,정체,127.0177130914113519_37.5898509870969306|127.0171075576426318_37.5903110198803319|127.0170622572597949_37.5903716704267481|127.0170394750946059_37.5904165844383797
2026-09-04T13:22:12.125893+09:00,성신여대입구역,성신여대입구역,POI035,KEY_2,1070006502,보문로34길,1070010201,하늘다리(서측),127.0165586656954559_37.5903884913356379,1070010304,하늘다리(동측),127.0168751057147887_37.5904820436575946,30.0,9.0,정체,127.0168751057147887_37.5904820436575946|127.0165586656954559_37.5903884913356379
2026-09-04T13:22:12.125893+09:00,성신여대입구역,성신여대입구역,POI035,KEY_2,1070006602,보문로34길,1070010303,하늘다리(동측),127.0169126278614584_37.5903777968666262,1070010202,하늘다리(서측),127.0166059853883098_37.5902871410901014,29.0,5.0,정체,127.0166059853883098_37.5902871410901014|127.0169126278614584_37.5903777968666262
2026-09-04T13:22:12.125893+09:00,성신여대입구역,성신여대입구역,POI035,KEY_2,1070007000,보문로34길,1070178200,동선동2가 10-1,127.0184456420819572_37.5908604765532530,1070010302,하늘다리(동측),127.0170394750946059_37.5904165844383797,134.0,12.0,정체,127.0170394750946059_37.5904165844383797|127.0184456420819572_37.5908604765532530
2026-09-04T13:22:12.125893+09:00,성신여대입구역,성신여대입구역,POI035,KEY_2,1070007101,동소문로20길,1070010304,하늘다리(동측),127.0168751057147887_37.5904820436575946,1070010403,성신여대입구역(우이신설경전철),127.0167328226829540_37.5911976949289937,80.0,6.0,정체,127.0167328226829540_37.5911976949289937|127.0168015831991823_37.5908518469217512|127.0168751057147887_37.5904820436575946
2026-09-04T13:22:12.125893+09:00,성신여대입구역,성신여대입구역,POI035,KEY_2,1070007102,동소문로20길,1070189800,동소문동5가 65-6,127.0165453469041097_37.5921183733808775,1070011403,성신여대입구역사거리,127.0164391257461887_37.5926067210998767,55.0,8.0,정체,127.0164391257461887_37.5926067210998767|127.0165453469041097_37.5921183733808775
2026-09-04T13:22:12.125893+09:00,성신여대입구역,성신여대입구역,POI035,KEY_2,1070007201,동소문로20길,1070217800,동선동1가 5-1,127.0169357870388751_37.5908687418819838,1070010301,하늘다리(동측),127.0170047370346680_37.5905219344376036,39.0,14.0,정체,127.0170047370346680_37.5905219344376036|127.0169357870388751_37.5908687418819838
2026-09-04T13:22:12.125893+09:00,성신여대입구역,성신여대입구역,POI035,KEY_2,1070007702,동소문로,1070191300,동소문동6가 10-2,127.0145774605457092_37.5924002821867944,1070011204,성신여대입구역,127.0157407964704248_37.5925412837108297,104.0,15.0,서행,127.0157407964704248_37.5925412837108297|127.0155688164207959_37.5925158470959602|127.0152429599720847_37.5924762180501730|127.0150037964714045_37.5924587492791531|127.0148577137105974_37.5924431614350354|127.0147441962490404_37.5924270782359216|127.0145774605457092_37.5924002821867944
2026-09-04T13:22:12.125893+09:00,성신여대입구역,성신여대입구역,POI035,KEY_2,1070007703,동소문로,1070011201,성신여대입구역,127.0158752935630702_37.5925635166821124,1070011404,성신여대입구역사거리,127.0164161787219967_37.5927162489956643,51.0,15.0,서행,127.0164161787219967_37.5927162489956643|127.0161741705460230_37.5926359517155646|127.0159856262325775_37.5925831927881262|127.0158752935630702_37.5925635166821124
2026-09-04T13:22:12.125893+09:00,성신여대입구역,성신여대입구역,POI035,KEY_2,1070007801,동소문로,1070011003,동소문동5가 54-1,127.0148815318724047_37.5923367166396858,1070010802,성북구청입구교차로,127.0133127718712700_37.5917960363692458,152.0,25.5,원활,127.0133127718712700_37.5917960363692458|127.0139621904980771_37.5920947289044349|127.0141232416506938_37.5921587812784352|127.0141441991609810_37.5921671163592848|127.0143532692258077_37.5922299974821783|127.0146050805432481_37.5922944190553423|127.0147695578757663_37.5923208517137724|127.0148815318724047_37.5923367166396858
2026-09-04T13:22:12.125893+09:00,성신여대입구역,성신여대입구역,POI035,KEY_2,1070007802,동소문로,1070011403,성신여대입구역사거리,127.0164391257461887_37.5926067210998767,1070011002,동소문동5가 65-1,127.0150162167295349_37.5923510826165099,130.0,18.5,서행,127.0150162167295349_37.5923510826165099|127.0152594491616185_37.5923688483093557|127.0155915012157806_37.5924092315234120|127.0157656264955506_37.5924349850518809|127.0159050086856922_37.5924580145421103|127.0160231508369577_37.5924790834847826|127.0162228939912552_37.5925349762665917|127.0164391257461887_37.5926067210998767
2026-09-04T13:22:12.125893+09:00,성신여대입구역,성신여대입구역,POI035,KEY_2,1070008600,동소문로,1070217600,동선동1가 101-1,127.0173731193807072_37.5930450746463052,1070011402,성신여대입구역사거리,127.0165670307477939_37.5926526509804191,84.0,43.5,원활,127.0165670307477939_37.5926526509804191|127.0168368755280710_37.5927622646081758|127.0170626909825984_37.5928666328168575|127.0172973428945937_37.5929975253992126|127.0173731193807072_37.5930450746463052
2026-09-04T13:22:12.125893+09:00,성신여대입구역,성신여대입구역,POI035,KEY_2,1070009501,아리랑로,1070011404,성신여대입구역사거리,127.0164161787219967_37.5927162489956643,1070011903,성신여대입구역(서울4호선),127.0163070681390423_37.5932706597657145,62.0,7.0,정체,127.0163070681390423_37.5932706597657145|127.0164161787219967_37.5927162489956643
2026-09-04T13:22:12.125893+09:00,성신여대입구역,성신여대입구역,POI035,KEY_2,1070009502,아리랑로,1070152500,동소문동6가 200-1,127.0161022456183559_37.5942459627278893,1070013303,흥천사입구,127.0153444563614613_37.5964186545611980,252.0,26.0,원활,127.0153444563614613_37.5964186545611980|127.0158188667783890_37.5955277742552951|127.0158434474531646_37.5954639148354701|127.0158506544361643_37.5954451914158199|127.0160294984277414_37.5945904614207151|127.0161022456183559_37.5942459627278893
2026-09-04T13:22:12.125893+09:00,성신여대입구역,성신여대입구역,POI035,KEY_2,1070009601,아리랑로,1070152400,동선동4가 62-1,127.0162362461145733_37.5942638784102030,1070011401,성신여대입구역사거리,127.0165441646656461_37.5927647547090160,169.0,23.0,서행,127.0165441646656461_37.5927647547090160|127.0164413089041631_37.5932873874350264|127.0164179583282191_37.5934033471139699|127.0163543209479826_37.5937047158219642|127.0162362461145733_37.5942638784102030
2026-09-04T13:22:12.125893+09:00,성신여대입구역,성신여대입구역,POI035,KEY_2,1070026500,동소문로,1070181400,동소문동5가 118-1,127.0160530935796004_37.5912416782053072,1070010903,동일하이빌아파트,127.0149594233561601_37.5919301839374782,155.0,6.0,정체,127.0149594233561601_37.5919301839374782|127.0150138337729260_37.5916857225979797|127.0150919169856820_37.5913348985611790|127.0151619182899196_37.5912762458128924|127.0153666425906778_37.5912860924097174|127.0160530935796004_37.5912416782053072
2026-09-04T13:22:12.125893+09:00,성신여대입구역,성신여대입구역,POI035,KEY_2,1070026600,동소문로,1070181500,동소문동5가 118-1,127.0160641056095443_37.5913494417794638,1070010404,성신여대입구역(우이신설경전철),127.0167106452625632_37.5913076060878240,57.0,18.0,서행,127.0167106452625632_37.5913076060878240|127.0160641056095443_37.5913494417794638
2026-09-04T13:22:12.125893+09:00,성신여대입구역,성신여대입구역,POI035,KEY_2,1070026800,보문로40길,1070010903,동일하이빌아파트,127.0149594233561601_37.5919301839374782,1070010602,성북구청입구,127.0135671858635504_37.5915271608862156,131.0,15.0,서행,127.0135671858635504_37.5915271608862156|127.0147074627602990_37.5918996231696596|127.0147774769798161_37.5919135419600607|127.0149594233561601_37.5919301839374782
2026-09-04T13:22:12.125893+09:00,성신여대입구역,성신여대입구역,POI035,KEY_2,1070026900,보문로40길,1070010601,성북구청입구,127.0134721138476550_37.5916129798123109,1070010904,동일하이빌아파트,127.0149376262676526_37.5920370213863748,138.0,12.0,정체,127.0149376262676526_37.5920370213863748|127.0147531482231074_37.5920201476797970|127.0146649758462445_37.5920026190555703|127.0134721138476550_37.5916129798123109
2026-09-04T13:22:12.125893+09:00,성신여대입구역,성신여대입구역,POI035,KEY_2,1070027000,동소문로,1070010904,동일하이빌아파트,127.0149376262676526_37.5920370213863748,1070011003,동소문동5가 54-1,127.0148815318724047_37.5923367166396858,34.0,16.0,서행,127.0148815318724047_37.5923367166396858|127.0149376262676526_37.5920370213863748
2026-09-04T13:22:12.125893+09:00,성신여대입구역,성신여대입구역,POI035,KEY_2,1070027100,동소문로,1070011002,동소문동5가 65-1,127.0150162167295349_37.5923510826165099,1070010901,동일하이빌아파트,127.0150720184948625_37.5920529485815251,33.0,11.0,정체,127.0150720184948625_37.5920529485815251|127.0150162167295349_37.5923510826165099
2026-09-04T13:22:12.125893+09:00,성신여대입구역,성신여대입구역,POI035,KEY_2,1070028700,아리랑로,1070208700,동소문동6가 140-1,127.0157330995905625_37.5927917752668392,1070011904,성신여대입구역(서울4호선),127.0162839594818251_37.5933854316600673,87.0,7.0,정체,127.0162839594818251_37.5933854316600673|127.0159785893586246_37.5932414953664633|127.0158756041946901_37.5931682919617316|127.0157419765480853_37.5928464458237670|127.0157330995905625_37.5927917752668392
2026-09-04T13:22:12.125893+09:00,수유역,수유역,POI036,KEY_3,1080010403,노해로,1080128200,수유동 140,127.0229199583416033_37.6382534900182861,1080015901,한성빌딩,127.0229732198363592_37.6378134096389871,49.0,20.0,서행,127.0229732198363592_37.6378134096389871|127.0229199583416033_37.6382534900182861
2026-09-04T13:22:12.125893+09:00,수유역,수유역,POI036,KEY_3,1080008000,도봉로,1080015202,수유시외버스정류소,127.0236831694384279_37.6360907804609113,1080014201,수유사거리,127.0233556679664844_37.6347442902930567,157.0,23.0,서행,127.0233556679664844_37.6347442902930567|127.0233018635561280_37.6352888705356889|127.0233175543222046_37.6354070103498799|127.0233430823840308_37.6355173868229684|127.0233955533373802_37.6356355217398075|127.0234453674785868_37.6357565952720634|127.0235352966461022_37.6359041479519192|127.0236251021237166_37.6360284821932822|127.0236831694384279_37.6360907804609113
2026-09-04T13:22:12.125893+09:00,수유역,수유역,POI036,KEY_3,1080008602,도봉로82길,1080226000,번동 391,127.0241644936939878_37.6357696032203535,1080015202,수유시외버스정류소,127.0236831694384279_37.6360907804609113,55.0,6.0,정체,127.0236831694384279_37.6360907804609113|127.0241644936939878_37.6357696032203535
2026-09-04T13:22:12.125893+09:00,수유역,수유역,POI036,KEY_3,1080009103,오패산로,1080158500,번동 386-16,127.0260853604169284_37.6375944430184219,1080016102,수유역앞교차로,127.0256194588501444_37.6379067843667983,54.0,10.0,정체,127.0256194588501444_37.6379067843667983|127.0260853604169284_37.6375944430184219
2026-09-04T13:22:12.125893+09:00,수유역,수유역,POI036,KEY_3,1080009301,도봉로,1080002901,번동 386-16,127.0231664465426604_37.6352899337358835,1080015203,수유시외버스정류소,127.0235736061376599_37.6361550867126198,104.0,20.0,서행,127.0235736061376599_37.6361550867126198|127.0235111603072085_37.6360878005974442|127.0234150337191750_37.6359547144529927|127.0233190142585045_37.6357971691573283|127.0232668329031753_37.6356703423469057|127.0232113146315527_37.6355453442665109|127.0231828133108536_37.6354221130901792|127.0231664465426604_37.6352899337358835
2026-09-04T13:22:12.125893+09:00,수유역,수유역,POI036,KEY_3,1080009302,도봉로,1080156300,수유동 140,127.0250179650912514_37.6375154509010059,1080016103,수유역앞교차로,127.0255162867766927_37.6379771983937559,68.0,22.0,서행,127.0255162867766927_37.6379771983937559|127.0250179650912514_37.6375154509010059
2026-09-04T13:22:12.125893+09:00,수유역,수유역,POI036,KEY_3,1080009402,도봉로,1080073400,번동 386-16,127.0242352713134437_37.6366200409223595,1080015201,수유시외버스정류소,127.0237672815486718_37.6361757911882933,64.0,13.0,정체,127.0237672815486718_37.6361757911882933|127.0242352713134437_37.6366200409223595
2026-09-04T13:22:12.125893+09:00,수유역,수유역,POI036,KEY_3,1080009703,한천로,1080016003,번동 386-16,127.0299779896407841_37.6378716339951396,1080016402,강북웨딩홀,127.0282279267782144_37.6390089170082121,199.0,16.0,서행,127.0282279267782144_37.6390089170082121|127.0299779896407841_37.6378716339951396
2026-09-04T13:22:12.125893+09:00,수유역,수유역,POI036,KEY_3,1080009704,한천로,1080016403,강북웨딩홀,127.0281210425953446_37.6390791820698425,1080003302,강북구청사거리,127.0273999361081678_37.6395569047145599,83.0,21.0,서행,127.0273999361081678_37.6395569047145599|127.0278033307742049_37.6392896628693592|127.0281210425953446_37.6390791820698425
2026-09-04T13:22:12.125893+09:00,수유역,수유역,POI036,KEY_3,1080009802,한천로,1080016401,강북웨딩홀,127.0283249364074294_37.6390855039041270,1080016004,번동 386-16,127.0300640215044723_37.6379553522579826,198.0,18.0,서행,127.0300640215044723_37.6379553522579826|127.0283249364074294_37.6390855039041270
2026-09-04T13:22:12.125893+09:00,수유역,수유역,POI036,KEY_3,1080009803,한천로,1080151700,번동 386-16,127.0278903554192169_37.6393727312907700,1080016404,강북웨딩홀,127.0282200410424593_37.6391543174096554,38.0,6.0,정체,127.0282200410424593_37.6391543174096554|127.0278903554192169_37.6393727312907700
2026-09-04T13:22:12.125893+09:00,수유역,수유역,POI036,KEY_3,1080009900,도봉로,1080047000,수유동 140,127.0270207603614807_37.6393715289835100,1080003303,강북구청사거리,127.0272963919230165_37.6396269755500938,37.0,13.0,정체,127.0272963919230165_37.6396269755500938|127.0270207603614807_37.6393715289835100
2026-09-04T13:22:12.125893+09:00,수유역,수유역,POI036,KEY_3,1080010000,도봉로,1080003302,강북구청사거리,127.0273999361081678_37.6395569047145599,1080016101,수유역앞교차로,127.0257080007585841_37.6379888370540669,229.0,12.0,정체,127.0257080007585841_37.6379888370540669|127.0271239431816923_37.6393011235957502|127.0273999361081678_37.6395569047145599
2026-09-04T13:22:12.125893+09:00,수유역,수유역,POI036,KEY_3,1080010301,노해로,1080002901,번동 386-16,127.0231664465426604_37.6352899337358835,1080015303,수유사거리,127.0229982580287214_37.6361886528113985,101.0,5.0,정체,127.0229982580287214_37.6361886528113985|127.0230491409070765_37.6360140073621778|127.0230954897363063_37.6356468837192679|127.0231628676230997_37.6354251713480110|127.0231664465426604_37.6352899337358835
2026-09-04T13:22:12.125893+09:00,수유역,수유역,POI036,KEY_3,1080010302,노해로,1080015304,수유사거리,127.0229876277383028_37.6362964481573314,1080015903,한성빌딩,127.0228494863499407_37.6376972279147566,156.0,14.0,정체,127.0228494863499407_37.6376972279147566|127.0229876277383028_37.6362964481573314
2026-09-04T13:22:12.125893+09:00,수유역,수유역,POI036,KEY_3,1080010303,노해로,1080075700,수유동 140,127.0224197979474923_37.6413919672375812,1080016903,광산사거리,127.0222951825581958_37.6424932997948360,123.0,21.0,서행,127.0222951825581958_37.6424932997948360|127.0223303549133078_37.6421824549928701|127.0223878024834789_37.6416747415900090|127.0224197979474923_37.6413919672375812
2026-09-04T13:22:12.125893+09:00,수유역,수유역,POI036,KEY_3,1080010304,노해로,1080016904,광산사거리,127.0222815961850955_37.6426152684026505,1080017403,광산사거리,127.0222565141699675_37.6432080577765262,66.0,21.0,서행,127.0222565141699675_37.6432080577765262|127.0222415900239241_37.6431089181549936|127.0222383652308054_37.6430211692069321|127.0222815961850955_37.6426152684026505
2026-09-04T13:22:12.125893+09:00,수유역,수유역,POI036,KEY_3,1080010402,노해로,1080015902,한성빌딩,127.0229850488410364_37.6377056824230678,1080015301,수유사거리,127.0231238772314271_37.6363035834235546,156.0,17.0,서행,127.0231238772314271_37.6363035834235546|127.0229850488410364_37.6377056824230678
2026-09-04T13:22:12.125893+09:00,수유역,수유역,POI036,KEY_3,1080010404,노해로,1080017402,광산사거리,127.0223798519249527_37.6431177142399491,1080016901,광산사거리,127.0224170781558968_37.6426243925686279,55.0,6.0,정체,127.0224170781558968_37.6426243925686279|127.0223744999869666_37.6430241617647852|127.0223773205328683_37.6431008980557209|127.0223798519249527_37.6431177142399491
2026-09-04T13:22:12.125893+09:00,수유역,수유역,POI036,KEY_3,1080010900,삼각산로,1080116900,수유동 140,127.0213634369372357_37.6419126554108203,1080016904,광산사거리,127.0222815961850955_37.6426152684026505,113.0,13.0,정체,127.0222815961850955_37.6426152684026505|127.0221156936451194_37.6425294098279721|127.0217836952744790_37.6422534289198722|127.0217078661471390_37.6421919419448017|127.0215164280236877_37.6420367113308743|127.0213634369372357_37.6419126554108203
2026-09-04T13:22:12.125893+09:00,수유역,수유역,POI036,KEY_3,1080011101,한천로,1080003303,강북구청사거리,127.0272963919230165_37.6396269755500938,1080016602,쌍문시장,127.0266863981054115_37.6400485444776081,71.0,9.0,정체,127.0266863981054115_37.6400485444776081|127.0269422583467929_37.6398717195093795|127.0272963919230165_37.6396269755500938
2026-09-04T13:22:12.125893+09:00,수유역,수유역,POI036,KEY_3,1080011104,한천로,1080115800,수유동 140,127.0232223773573992_37.6425073065817628,1080017402,광산사거리,127.0223798519249527_37.6431177142399491,101.0,13.0,정체,127.0223798519249527_37.6431177142399491|127.0226468883839317_37.6429218971916342|127.0227483095569170_37.6428482628419303|127.0232223773573992_37.6425073065817628
2026-09-04T13:22:12.125893+09:00,수유역,수유역,POI036,KEY_3,1080011201,한천로,1080110500,수유동 140,127.0270314454666050_37.6399533258760783,1080003304,강북구청사거리,127.0273850195992651_37.6397089683551442,41.0,9.0,정체,127.0273850195992651_37.6397089683551442|127.0270314454666050_37.6399533258760783
2026-09-04T13:22:12.125893+09:00,수유역,수유역,POI036,KEY_3,1080011202,한천로,1080112100,수유동 140,127.0252466462093679_37.6411988384507481,1080016604,쌍문시장,127.0266738125599062_37.6402009050989221,168.0,12.0,정체,127.0266738125599062_37.6402009050989221|127.0263045023562682_37.6404591461986371|127.0252466462093679_37.6411988384507481
2026-09-04T13:22:12.125893+09:00,수유역,수유역,POI036,KEY_3,1080011203,한천로,1080017401,광산사거리,127.0224184143844752_37.6432365102794435,1080017204,광산사거리,127.0227390640422271_37.6430013781192727,38.0,9.0,정체,127.0227390640422271_37.6430013781192727|127.0224184143844752_37.6432365102794435
2026-09-04T13:22:12.125893+09:00,수유역,수유역,POI036,KEY_3,1080011301,도봉로,1080060100,수유동 140,127.0306004514326617_37.6426841969638559,1080017102,강북구-도봉구,127.0308257491886792_37.6428931106192053,31.0,23.0,서행,127.0308257491886792_37.6428931106192053|127.0306004514326617_37.6426841969638559
2026-09-04T13:22:12.125893+09:00,수유역,수유역,POI036,KEY_3,1080011401,도봉로,1080148000,번동 386-16,127.0288995422619678_37.6409419521947370,1080003301,강북구청사거리,127.0274885730155745_37.6396389056824674,191.0,18.0,서행,127.0274885730155745_37.6396389056824674|127.0286952516696459_37.6407532913383776|127.0288995422619678_37.6409419521947370
2026-09-04T13:22:12.125893+09:00,수유역,수유역,POI036,KEY_3,1080011701,한천로150길,1080017204,광산사거리,127.0227390640422271_37.6430013781192727,1080017603,수유동 147,127.0234399674013446_37.6435776119042629,89.0,11.0,정체,127.0234399674013446_37.6435776119042629|127.0230342462796358_37.6432440579369043|127.0227390640422271_37.6430013781192727
2026-09-04T13:22:12.125893+09:00,수유역,수유역,POI036,KEY_3,1080011702,한천로150길,1080067100,수유동 694-1,127.0270426136358566_37.6449180881712522,1080018002,강북구-도봉구,127.0274281234246558_37.6451501418039811,43.0,23.0,서행,127.0274281234246558_37.6451501418039811|127.0270788313504369_37.6449493887403364|127.0270426136358566_37.6449180881712522
2026-09-04T13:22:12.125893+09:00,수유역,수유역,POI036,KEY_3,1080011801,한천로150길,1080038600,수유동 141,127.0231319780003645_37.6431688921579166,1080017201,광산사거리,127.0228395148250087_37.6429284480442590,37.0,19.0,서행,127.0228395148250087_37.6429284480442590|127.0231319780003645_37.6431688921579166
2026-09-04T13:22:12.125893+09:00,수유역,수유역,POI036,KEY_3,1080011802,한천로150길,1080163300,수유동 147,127.0241618599472559_37.6436534197422503,1080017602,수유동 147,127.0236131674350020_37.6435644896973614,49.0,24.0,서행,127.0236131674350020_37.6435644896973614|127.0240590981584603_37.6436445515889417|127.0241618599472559_37.6436534197422503
2026-09-04T13:22:12.125893+09:00,수유역,수유역,POI036,KEY_3,1080012301,노해로,1080017404,광산사거리,127.0223175758041947_37.6433102339396655,1080017703,원남빌딩,127.0226179050192314_37.6436435751257079,46.0,9.0,정체,127.0226179050192314_37.6436435751257079|127.0223175758041947_37.6433102339396655
2026-09-04T13:22:12.125893+09:00,수유역,수유역,POI036,KEY_3,1080012401,노해로,1080017702,원남빌딩,127.0227796397990403_37.6436374411399228,1080017401,광산사거리,127.0224184143844752_37.6432365102794435,55.0,28.0,원활,127.0224184143844752_37.6432365102794435|127.0227796397990403_37.6436374411399228
2026-09-04T13:22:12.125893+09:00,수유역,수유역,POI036,KEY_3,1080012402,노해로,1080109000,수유동 252-147,127.0235321681217897_37.6445554686688695,1080017701,원남빌딩,127.0228650113697171_37.6437391865908069,108.0,29.0,원활,127.0228650113697171_37.6437391865908069|127.0230607508394485_37.6439786807207284|127.0234439357460161_37.6444475155171503|127.0235321681217897_37.6445554686688695
2026-09-04T13:22:12.125893+09:00,수유역,수유역,POI036,KEY_3,1080012601,한천로,1080017802,성일빌딩,127.0216586112420742_37.6437908797410401,1080017404,광산사거리,127.0223175758041947_37.6433102339396655,79.0,33.0,원활,127.0223175758041947_37.6433102339396655|127.0219574608576494_37.6435729013975973|127.0216586112420742_37.6437908797410401
2026-09-04T13:22:12.125893+09:00,수유역,수유역,POI036,KEY_3,1080028800,수유로,1080015303,수유사거리,127.0229982580287214_37.6361886528113985,1080014701,수유5동사무소,127.0196296035613130_37.6354694768000684,316.0,14.0,정체,127.0196296035613130_37.6354694768000684|127.0196618238943103_37.6354991334178237|127.0197320600272661_37.6355471748465007|127.0198055328148001_37.6355856679477725|127.0198680257195178_37.6356135068326125|127.0199653824943766_37.6356568765132451|127.0202420867677802_37.6357640222951773|127.0205825288630592_37.6358730997497020|127.0206347803766249_37.6358884735904198|127.0209615626878730_37.6359846213166023|127.0210525776655430_37.6360114000487229|127.0213979901811570_37.6361100853538346|127.0216445353368471_37.6361805232032367|127.0217730123288931_37.6362063490435546|127.0217867365767006_37.6362091078179262|127.0219302934594907_37.6362240303695188|127.0220706801763839_37.6362267612068706|127.0222776181497437_37.6362225021000967|127.0224141929671902_37.6362139761998264|127.0229012279700527_37.6361835709619328|127.0229982580287214_37.6361886528113985
2026-09-04T13:22:12.125893+09:00,수유역,수유역,POI036,KEY_3,1080028900,수유로,1080214400,수유동 143,127.0224248327344299_37.6363217629655793,1080015304,수유사거리,127.0229876277383028_37.6362964481573314,50.0,18.0,서행,127.0229876277383028_37.6362964481573314|127.0229020860330280_37.6362919683322943|127.0224248327344299_37.6363217629655793
2026-09-04T13:22:12.125893+09:00,수유역,수유역,POI036,KEY_3,1080029100,도봉로82길,1080015302,수유사거리,127.0231345500635882_37.6361957908305484,1080015203,수유시외버스정류소,127.0235736061376599_37.6361550867126198,42.0,6.0,정체,127.0235736061376599_37.6361550867126198|127.0235145314210854_37.6361122691585663|127.0232717727846534_37.6361373695695676|127.0231345500635882_37.6361957908305484
2026-09-04T13:22:12.125893+09:00,수유역,수유역,POI036,KEY_3,1080030000,덕릉로41길,1080056400,번동 416-118,127.0276656701430369_37.6383417113699252,1080016203,번동 416-19,127.0274257118923913_37.6385046095529532,28.0,7.0,정체,127.0274257118923913_37.6385046095529532|127.0276656701430369_37.6383417113699252
2026-09-04T13:22:12.125893+09:00,수유역,수유역,POI036,KEY_3,1080030200,한천로131길,1080016203,번동 416-19,127.0274257118923913_37.6385046095529532,1080015801,서울강북경찰서,127.0265402141837114_37.6374306750451026,143.0,7.0,정체,127.0265402141837114_37.6374306750451026|127.0266918623168522_37.6376924623126428|127.0268206522959247_37.6378868296333167|127.0269609021722204_37.6380660945815109|127.0273791837187218_37.6384682159555339|127.0274257118923913_37.6385046095529532
2026-09-04T13:22:12.125893+09:00,수유역,수유역,POI036,KEY_3,1080030300,한천로131길,1080015804,서울강북경찰서,127.0264324979401351_37.6375031317895292,1080016204,번동 418-3,127.0273303726697804_37.6385816903498878,145.0,7.0,정체,127.0273303726697804_37.6385816903498878|127.0272788693371098_37.6385414054732266|127.0268503025075404_37.6381293941757562|127.0267026408067892_37.6379406569185022|127.0265698925462488_37.6377403159305146|127.0264324979401351_37.6375031317895292
2026-09-04T13:22:12.125893+09:00,수유역,수유역,POI036,KEY_3,1080030600,한천로139길,1080091000,수유동 142,127.0247879820656038_37.6385298259940555,1080015902,한성빌딩,127.0229850488410364_37.6377056824230678,191.0,7.0,정체,127.0229850488410364_37.6377056824230678|127.0234677051405043_37.6377319368771239|127.0235267678141753_37.6377475797293712|127.0237756329887020_37.6379867161345629|127.0241969008081355_37.6382500965158187|127.0244024240663236_37.6383514825667049|127.0247039950171484_37.6385009283449250|127.0247879820656038_37.6385298259940555
2026-09-04T13:22:12.125893+09:00,수유역,수유역,POI036,KEY_3,1080030800,한천로131길,1080016402,강북웨딩홀,127.0282279267782144_37.6390089170082121,1080016202,번동 417-18,127.0275246363479198_37.6385796093806704,78.0,10.0,정체,127.0275246363479198_37.6385796093806704|127.0275475902735991_37.6385965752124534|127.0279986243420751_37.6388609522476472|127.0282279267782144_37.6390089170082121
2026-09-04T13:22:12.125893+09:00,수유역,수유역,POI036,KEY_3,1080030900,한천로131길,1080016201,번동 418-3,127.0274320745246115_37.6386588024939144,1080016403,강북웨딩홀,127.0281210425953446_37.6390791820698425,77.0,18.0,서행,127.0281210425953446_37.6390791820698425|127.0279154104788688_37.6389464907444165|127.0274606942933957_37.6386799563932897|127.0274320745246115_37.6386588024939144
2026-09-04T13:22:12.125893+09:00,수유역,수유역,POI036,KEY_3,1080031700,노해로22길,1080017603,수유동 147,127.0234399674013446_37.6435776119042629,1080017702,원남빌딩,127.0227796397990403_37.6436374411399228,59.0,23.0,서행,127.0227796397990403_37.6436374411399228|127.0233264025382312_37.6435930200839692|127.0234399674013446_37.6435776119042629
2026-09-04T13:22:12.125893+09:00,수유역,수유역,POI036,KEY_3,1080031800,노해로22길,1080017701,원남빌딩,127.0228650113697171_37.6437391865908069,1080017604,수유동 605-77,127.0235544803541501_37.6436717552080538,61.0,25.0,원활,127.0235544803541501_37.6436717552080538|127.0233447680138283_37.6437002083349483|127.0228650113697171_37.6437391865908069
2026-09-04T13:22:12.125893+09:00,수유역,수유역,POI036,KEY_3,1080031900,노해로,1080017703,원남빌딩,127.0226179050192314_37.6436435751257079,1080017802,성일빌딩,127.0216586112420742_37.6437908797410401,88.0,4.0,정체,127.0216586112420742_37.6437908797410401|127.0217303154022375_37.6437988114114930|127.0221374868864217_37.6437973518002380|127.0221882192326888_37.6437864385601699|127.0224688583896295_37.6436690710073023|127.0225845057136382_37.6436444151185583|127.0226179050192314_37.6436435751257079
2026-09-04T13:22:12.125893+09:00,수유역,수유역,POI036,KEY_3,1080032000,노해로,1080017801,성일빌딩,127.0215279269870052_37.6438855832635184,1080017704,원남빌딩,127.0227112002526297_37.6437494010203721,108.0,12.5,정체,127.0227112002526297_37.6437494010203721|127.0226045245666739_37.6437520842929914|127.0225187236848257_37.6437703762629639|127.0222382213104027_37.6438876871446908|127.0221558543603777_37.6439054051771507|127.0217212086632941_37.6439069627147660|127.0215279269870052_37.6438855832635184
2026-09-04T13:22:12.125893+09:00,수유역,수유역,POI036,KEY_3,1090044400,도봉로,1090000702,우이교앞교차로,127.0311828397790350_37.6430569437685492,1080017101,강북구-도봉구,127.0309288510039636_37.6428226257850653,34.0,15.0,서행,127.0309288510039636_37.6428226257850653|127.0311828397790350_37.6430569437685492
2026-09-04T13:22:12.125893+09:00,수유역,수유역,POI036,KEY_3,1090044500,도봉로,1080017102,강북구-도봉구,127.0308257491886792_37.6428931106192053,1090000703,우이교앞교차로,127.0310729519188158_37.6431211684896070,33.0,23.5,서행,127.0310729519188158_37.6431211684896070|127.0308257491886792_37.6428931106192053
2026-09-04T13:22:12.125893+09:00,수유역,수유역,POI036,KEY_3,1090044600,한천로150길,1090000902,한일병원,127.0279685895414303_37.6450803801061440,1080018001,강북구-도봉구,127.0275077754502036_37.6450625164904054,45.0,19.0,서행,127.0275077754502036_37.6450625164904054|127.0276429361835682_37.6451401989281891|127.0276803680900457_37.6451498423920157|127.0277351194381907_37.6451384257800754|127.0279685895414303_37.6450803801061440
2026-09-04T13:22:12.125893+09:00,수유역,수유역,POI036,KEY_3,1090044700,한천로150길,1080018002,강북구-도봉구,127.0274281234246558_37.6451501418039811,1090000903,한일병원,127.0278597593353567_37.6452207179505223,42.0,24.0,서행,127.0278597593353567_37.6452207179505223|127.0277726737142103_37.6452423697628973|127.0276763386695364_37.6452624555106468|127.0275806464922255_37.6452378026752044|127.0274281234246558_37.6451501418039811
2026-09-04T13:22:12.125893+09:00,숭례문,숭례문,POI131,KEY_4,1010002301,소월로,1010155400,최소노드배치점,126.9760533414636114_37.5582497344554369,1010013803,숭례문앞교차로,126.9755809845113532_37.5605189064983307,262.0,23.0,서행,126.9755809845113532_37.5605189064983307|126.9757337889885065_37.5603525891795087|126.9757984686316661_37.5601874326070444|126.9757969708594061_37.5599997077910714|126.9757198667068110_37.5593373627741514|126.9757048763582503_37.5591937029204388|126.9757309859065373_37.5590497713064551|126.9757785893644524_37.5588840435687814|126.9759074328705282_37.5585745471584289|126.9759297486065890_37.5585209420058632|126.9759522152383795_37.5584716422248093|126.9760533414636114_37.5582497344554369
2026-09-04T13:22:12.125893+09:00,숭례문,숭례문,POI131,KEY_4,1010002402,소월로,1010013802,숭례문앞교차로,126.9757600351255320_37.5605071695408910,1010011100,숭례문,126.9758644071737450_37.5590694809368770,164.0,7.0,정체,126.9758644071737450_37.5590694809368770|126.9758414948468044_37.5591969276911115|126.9758551619603253_37.5593278985156402|126.9759327469906509_37.5599943665054212|126.9759344158917429_37.5602035603088922|126.9758567349293656_37.5604019178341417|126.9757600351255320_37.5605071695408910
2026-09-04T13:22:12.125893+09:00,숭례문,숭례문,POI131,KEY_4,1010002902,세종대로,1010088000,남대문로5가 84-15,126.9732159812998304_37.5579784751034964,1010011400,숭례문학당,126.9742665437086799_37.5591522019033732,160.0,11.0,정체,126.9742665437086799_37.5591522019033732|126.9738617088002712_37.5586999110099455|126.9732159812998304_37.5579784751034964
2026-09-04T13:22:12.125893+09:00,숭례문,숭례문,POI131,KEY_4,1010002903,세종대로,1010011400,숭례문학당,126.9742665437086799_37.5591522019033732,1010015502,숭례문앞,126.9748954449175216_37.5603663160010157,148.0,14.0,정체,126.9748954449175216_37.5603663160010157|126.9748468953437168_37.5603089259620049|126.9746855723265071_37.5601208840657534|126.9746137545376854_37.5599415792683970|126.9745483394273009_37.5596299211490319|126.9744734144699265_37.5594109852280340|126.9742665437086799_37.5591522019033732
2026-09-04T13:22:12.125893+09:00,숭례문,숭례문,POI131,KEY_4,1010003902,칠패로,1010012401,연세봉래빌딩,126.9728961137524550_37.5597716675716882,1010013504,서울태평로우체국,126.9737754401947001_37.5598470846353862,78.0,25.0,원활,126.9737754401947001_37.5598470846353862|126.9736091972524719_37.5598219183409583|126.9728961137524550_37.5597716675716882
2026-09-04T13:22:12.125893+09:00,숭례문,숭례문,POI131,KEY_4,1010004002,칠패로,1010013502,속성변화점,126.9740489449279721_37.5597823376631155,1010012402,속성변화점,126.9729080901224023_37.5596639686996383,102.0,24.0,서행,126.9729080901224023_37.5596639686996383|126.9736279176620428_37.5597146948757512|126.9738890961723428_37.5597566563457050|126.9740489449279721_37.5597823376631155
2026-09-04T13:22:12.125893+09:00,숭례문,숭례문,POI131,KEY_4,1010005101,남대문로,1010013801,숭례문앞교차로,126.9756943412395600_37.5606249038699929,1010015000,숭례문,126.9764459331227329_37.5606350021971664,67.0,11.0,정체,126.9764459331227329_37.5606350021971664|126.9761770959942169_37.5605854916413975|126.9759176766868478_37.5605967861663927|126.9756943412395600_37.5606249038699929
2026-09-04T13:22:12.125893+09:00,숭례문,숭례문,POI131,KEY_4,1010005201,남대문로,1010014800,숭례문,126.9764883666133954_37.5605318420117769,1010013802,숭례문앞교차로,126.9757600351255320_37.5605071695408910,65.0,9.0,정체,126.9757600351255320_37.5605071695408910|126.9759033237710781_37.5604891294319145|126.9761889274862341_37.5604766950548168|126.9764883666133954_37.5605318420117769
2026-09-04T13:22:12.125893+09:00,숭례문,숭례문,POI131,KEY_4,1010005202,남대문로,1010105800,남대문로4가 24-1,126.9773600444245005_37.5608297698874694,1010014800,숭례문,126.9764883666133954_37.5605318420117769,84.0,10.0,정체,126.9764883666133954_37.5605318420117769|126.9773600444245005_37.5608297698874694
2026-09-04T13:22:12.125893+09:00,숭례문,숭례문,POI131,KEY_4,1010005901,세종대로,1010015501,숭례문앞,126.9750008599633020_37.5604365486671696,1010013804,숭례문앞교차로,126.9755531451685755_37.5606249719220884,53.0,16.0,서행,126.9755531451685755_37.5606249719220884|126.9754028377394803_37.5605915921021847|126.9751366781808457_37.5605012366469282|126.9750008599633020_37.5604365486671696
2026-09-04T13:22:12.125893+09:00,숭례문,숭례문,POI131,KEY_4,1010005902,세종대로,1010013804,숭례문앞교차로,126.9755531451685755_37.5606249719220884,1010017804,태평로2가 113-1,126.9759821545367657_37.5618238793823238,138.0,18.0,서행,126.9759821545367657_37.5618238793823238|126.9756910543935362_37.5610103756445426|126.9755531451685755_37.5606249719220884
2026-09-04T13:22:12.125893+09:00,숭례문,숭례문,POI131,KEY_4,1010005904,세종대로,1010017809,소공동주민센터,126.9763214748840596_37.5626583872939435,1010021603,시청앞광장,126.9768324946201261_37.5639716881909536,153.0,19.0,서행,126.9768324946201261_37.5639716881909536|126.9764915927669620_37.5630734109549138|126.9763214748840596_37.5626583872939435
2026-09-04T13:22:12.125893+09:00,숭례문,숭례문,POI131,KEY_4,1010005905,세종대로,1010017805,태평로2가 280,126.9760218053088749_37.5619272971520815,1010017808,소공동주민센터,126.9762793420332230_37.5625555984382302,73.0,18.0,서행,126.9762793420332230_37.5625555984382302|126.9760218053088749_37.5619272971520815
2026-09-04T13:22:12.125893+09:00,숭례문,숭례문,POI131,KEY_4,1010006001,세종대로,1010015700,숭례문,126.9758216757282128_37.5609807560682611,1010013801,숭례문앞교차로,126.9756943412395600_37.5606249038699929,41.0,6.0,정체,126.9756943412395600_37.5606249038699929|126.9758216757282128_37.5609807560682611
2026-09-04T13:22:12.125893+09:00,숭례문,숭례문,POI131,KEY_4,1010006002,세종대로,1010021602,시청앞광장,126.9769689889781006_37.5639574810137518,1010015700,숭례문,126.9758216757282128_37.5609807560682611,346.0,4.0,정체,126.9758216757282128_37.5609807560682611|126.9761127772680140_37.5617942588954108|126.9761509252078469_37.5618937585952821|126.9764084629013752_37.5625220596037011|126.9764505959815182_37.5626248484352132|126.9766211792211692_37.5630410044178191|126.9769689889781006_37.5639574810137518
2026-09-04T13:22:12.125893+09:00,숭례문,숭례문,POI131,KEY_4,1010025000,세종대로5길,1010009801,청암빌딩,126.9717079416461587_37.5585466375375603,1010012202,숭례문학당,126.9742748764175104_37.5595190981504885,256.0,14.0,정체,126.9742748764175104_37.5595190981504885|126.9738902974027042_37.5594176881754152|126.9732580878187207_37.5590467827891743|126.9725988537744144_37.5587016101154347|126.9723765861687639_37.5586285243969087|126.9717079416461587_37.5585466375375603
2026-09-04T13:22:12.125893+09:00,숭례문,숭례문,POI131,KEY_4,1010025700,세종대로,1010011400,숭례문학당,126.9742665437086799_37.5591522019033732,1010012201,숭례문학당,126.9742810386167378_37.5594068263078924,28.0,16.0,서행,126.9742810386167378_37.5594068263078924|126.9742665437086799_37.5591522019033732
2026-09-04T13:22:12.125893+09:00,숭례문,숭례문,POI131,KEY_4,1010026600,세종대로,1010012202,숭례문학당,126.9742748764175104_37.5595190981504885,1010013502,속성변화점,126.9740489449279721_37.5597823376631155,38.0,22.0,서행,126.9740489449279721_37.5597823376631155|126.9741150100377496_37.5597678403268418|126.9741805117776181_37.5597165730551339|126.9742464328148515_37.5595997767984215|126.9742747291389691_37.5595199465246452|126.9742748764175104_37.5595190981504885
2026-09-04T13:22:12.125893+09:00,숭례문,숭례문,POI131,KEY_4,1010026800,남대문로,1010014800,숭례문,126.9764883666133954_37.5605318420117769,1010011100,숭례문,126.9758644071737450_37.5590694809368770,185.0,8.0,정체,126.9758644071737450_37.5590694809368770|126.9758795592592975_37.5591125336731508|126.9758641531054906_37.5591939851637946|126.9759578405099205_37.5599862959824407|126.9759704486266543_37.5601312860724406|126.9760507361714588_37.5602633560949499|126.9761537145355277_37.5603739896225477|126.9763022172343057_37.5604655608040190|126.9764279735615418_37.5605091608890334|126.9764883666133954_37.5605318420117769
2026-09-04T13:22:12.125893+09:00,숭례문,숭례문,POI131,KEY_4,1010028100,칠패로,1010013501,서울태평로우체국,126.9739368551684606_37.5598715198189694,1010015502,숭례문앞,126.9748954449175216_37.5603663160010157,104.0,15.0,서행,126.9748954449175216_37.5603663160010157|126.9747412413605190_37.5602379012476604|126.9745837444805971_37.5601125063439625|126.9743897378353950_37.5599922209763335|126.9741885345064247_37.5598987284625991|126.9739368551684606_37.5598715198189694
2026-09-04T13:22:12.125893+09:00,숭례문,숭례문,POI131,KEY_4,1010028800,남대문로,1010015700,숭례문,126.9758216757282128_37.5609807560682611,1010015000,숭례문,126.9764459331227329_37.5606350021971664,84.0,4.0,정체,126.9764459331227329_37.5606350021971664|126.9763771801474945_37.5606275849701134|126.9762640154305728_37.5606077628684645|126.9761188999622306_37.5606156137238472|126.9760253099623242_37.5606453934247568|126.9759279729758958_37.5606841119779062|126.9758493363337521_37.5607734919220704|126.9758081301075663_37.5608688386806833|126.9758216757282128_37.5609807560682611
2026-09-04T13:22:12.125893+09:00,숭례문,숭례문,POI131,KEY_4,1010029800,세종대로9길,1010016601,서울상공회의소,126.9739942067467524_37.5610861238427134,1010015501,숭례문앞,126.9750008599633020_37.5604365486671696,115.0,7.0,정체,126.9750008599633020_37.5604365486671696|126.9743374081002969_37.5608988908602583|126.9739942067467524_37.5610861238427134
2026-09-04T13:22:12.125893+09:00,숭례문,숭례문,POI131,KEY_4,1010030200,세종대로7길,1010013504,서울태평로우체국,126.9737754401947001_37.5598470846353862,1010017203,삼성공제회관,126.9723447378598280_37.5614351869967891,218.0,17.0,서행,126.9723447378598280_37.5614351869967891|126.9724426435651878_37.5613486396344527|126.9728287590755400_37.5609439824650480|126.9729870635557489_37.5607477483518011|126.9732909060755475_37.5603060974689171|126.9734911044854755_37.5600733096733634|126.9737754401947001_37.5598470846353862
2026-09-04T13:22:12.125893+09:00,숭례문,숭례문,POI131,KEY_4,1010030300,세종대로7길,1010017202,삼성공제회관,126.9724677288777457_37.5614880344311644,1010013501,서울태평로우체국,126.9739368551684606_37.5598715198189694,223.0,14.0,정체,126.9739368551684606_37.5598715198189694|126.9735960423329431_37.5601426793156890|126.9734067863791722_37.5603627440718739|126.9731039079903923_37.5608029953193991|126.9729401492897267_37.5610059894173247|126.9725473673189668_37.5614176353293558|126.9724677288777457_37.5614880344311644
2026-09-04T13:22:12.125893+09:00,숭례문,숭례문,POI131,KEY_4,1010030400,세종대로9길,1010015502,숭례문앞,126.9748954449175216_37.5603663160010157,1010016602,서울상공회의소,126.9739174290618422_37.5609969379700317,111.0,7.0,정체,126.9739174290618422_37.5609969379700317|126.9742539978041691_37.5608133230553776|126.9748954449175216_37.5603663160010157
2026-09-04T13:22:12.125893+09:00,숭례문,숭례문,POI131,KEY_4,1010032200,서소문로12길,1010018502,서소문교회,126.9747633700022931_37.5620674980203830,1010016601,서울상공회의소,126.9739942067467524_37.5610861238427134,128.0,9.0,정체,126.9739942067467524_37.5610861238427134|126.9744465436808554_37.5616737041432032|126.9747633700022931_37.5620674980203830
2026-09-04T13:22:12.125893+09:00,숭례문,숭례문,POI131,KEY_4,1010032300,서소문로12길,1010016604,서울상공회의소,126.9738808575842484_37.5611458069729096,1010018503,서소문교회,126.9746147466654236_37.5620832401554381,123.0,16.0,서행,126.9746147466654236_37.5620832401554381|126.9743314442682589_37.5617311132080829|126.9738808575842484_37.5611458069729096
2026-09-04T13:22:12.125893+09:00,숭례문,숭례문,POI131,KEY_4,1010032700,세종대로9길,1010016603,서울상공회의소,126.9738076756016198_37.5610547243624069,1010017202,삼성공제회관,126.9724677288777457_37.5614880344311644,168.0,15.0,서행,126.9724677288777457_37.5614880344311644|126.9731108178436614_37.5617726360549753|126.9731160404765689_37.5617715983951399|126.9734771479622708_37.5612521915043374|126.9735789952258358_37.5611711606731760|126.9738076756016198_37.5610547243624069
2026-09-04T13:22:12.125893+09:00,숭례문,숭례문,POI131,KEY_4,1010032800,세종대로9길,1010017201,삼성공제회관,126.9723774125475586_37.5615717687771919,1010016604,서울상공회의소,126.9738808575842484_37.5611458069729096,184.0,13.0,정체,126.9738808575842484_37.5611458069729096|126.9736645875834853_37.5612559239453319|126.9735867065820258_37.5613178870136366|126.9732062647113509_37.5618651036139326|126.9730916926246351_37.5618878772773002|126.9723774125475586_37.5615717687771919
2026-09-04T13:22:12.125893+09:00,숭례문,숭례문,POI131,KEY_4,1010033500,세종대로11길,1010017804,태평로2가 113-1,126.9759821545367657_37.5618238793823238,1010018502,서소문교회,126.9747633700022931_37.5620674980203830,111.0,14.0,정체,126.9747633700022931_37.5620674980203830|126.9748858706072667_37.5620545226508469|126.9749991336940695_37.5620338999985037|126.9753712299025068_37.5619661488297325|126.9759821545367657_37.5618238793823238
2026-09-04T13:22:12.125893+09:00,숭례문,숭례문,POI131,KEY_4,1010033600,세종대로11길,1010105500,태평로2가 252,126.9750294174586429_37.5621392977174651,1010017805,태평로2가 280,126.9760218053088749_37.5619272971520815,91.0,14.5,정체,126.9760218053088749_37.5619272971520815|126.9754054696340546_37.5620708256454421|126.9750294174586429_37.5621392977174651
2026-09-04T13:22:12.125893+09:00,숭례문,숭례문,POI131,KEY_4,1010035000,서소문로12길,1010020202,중앙일보사,126.9742502538365869_37.5631241528421853,1010018501,서소문교회,126.9747917025249961_37.5621735699209296,120.0,13.0,정체,126.9747917025249961_37.5621735699209296|126.9747501775862588_37.5625032287475307|126.9746651993805102_37.5625957455904143|126.9745466004009700_37.5626917899282518|126.9744603303331587_37.5627616532963344|126.9742502538365869_37.5631241528421853
2026-09-04T13:22:12.125893+09:00,시의회 앞,시의회 앞,POI130,KEY_1,1000000902,새문안로,1000008401,신문로1가141,126.9756642084840337_37.5702188245241615,1000009300,세종로208,126.9762005801091362_37.5702231750732523,47.0,38.0,원활,126.9762005801091362_37.5702231750732523|126.9756642084840337_37.5702188245241615
2026-09-04T13:22:12.125893+09:00,시의회 앞,시의회 앞,POI130,KEY_1,1000000903,새문안로,1000214200,세종대로사거리,126.9766244379145377_37.5702266110763219,1000009004,세종대로사거리,126.9769755542479714_37.5702294562480148,31.0,29.7,원활,126.9769755542479714_37.5702294562480148|126.9766244379145377_37.5702266110763219
2026-09-04T13:22:12.125893+09:00,시의회 앞,시의회 앞,POI130,KEY_1,1000001002,새문안로,1000007600,주한요르단명예영사관,126.9762019638013300_37.5701150604124336,1000008402,신문로1가141,126.9756655929920299_37.5701107106503116,47.0,10.5,정체,126.9756655929920299_37.5701107106503116|126.9762019638013300_37.5701150604124336
2026-09-04T13:22:12.125893+09:00,시의회 앞,시의회 앞,POI130,KEY_1,1000001003,새문안로,1000009003,세종대로사거리,126.9769600332011521_37.5701212054532618,1000007600,주한요르단명예영사관,126.9762019638013300_37.5701150604124336,67.0,13.0,정체,126.9762019638013300_37.5701150604124336|126.9766258211001428_37.5701184968726238|126.9769600332011521_37.5701212054532618
2026-09-04T13:22:12.125893+09:00,시의회 앞,시의회 앞,POI130,KEY_1,1000001301,종로,1000009001,세종대로사거리,126.9771187019505163_37.5702314111293560,1000009700,종로1가1-3,126.9777559525715844_37.5702421551131351,56.0,7.0,정체,126.9777559525715844_37.5702421551131351|126.9771187019505163_37.5702314111293560
2026-09-04T13:22:12.125893+09:00,시의회 앞,시의회 앞,POI130,KEY_1,1000001302,종로,1000009700,종로1가1-3,126.9777559525715844_37.5702421551131351,1000008804,광화문우체국,126.9784336631558119_37.5702494972367163,60.0,8.0,정체,126.9784336631558119_37.5702494972367163|126.9779432056922133_37.5702453112944994|126.9777559525715844_37.5702421551131351
2026-09-04T13:22:12.125893+09:00,시의회 앞,시의회 앞,POI130,KEY_1,1000001401,종로,1000008000,동아일보사,126.9777588281918099_37.5701340596360964,1000009002,세종대로사거리,126.9770959172438580_37.5701228829325231,59.0,24.0,서행,126.9770959172438580_37.5701228829325231|126.9777588281918099_37.5701340596360964
2026-09-04T13:22:12.125893+09:00,시의회 앞,시의회 앞,POI130,KEY_1,1000001402,종로,1000008803,광화문우체국,126.9784351192109852_37.5701413844145975,1000008000,동아일보사,126.9777588281918099_37.5701340596360964,60.0,9.0,정체,126.9777588281918099_37.5701340596360964|126.9779453713088060_37.5701372048683524|126.9784351192109852_37.5701413844145975
2026-09-04T13:22:12.125893+09:00,시의회 앞,시의회 앞,POI130,KEY_1,1000003700,청계천로,1010034102,무교동사거리,126.9792256224440905_37.5689816845044717,1000002000,청계광장,126.9771060680401717_37.5690311929919076,188.0,9.0,정체,126.9771060680401717_37.5690311929919076|126.9774434053876035_37.5690828687536680|126.9775440319711919_37.5690924240737019|126.9777213322496863_37.5690924576651568|126.9792256224440905_37.5689816845044717
2026-09-04T13:22:12.125893+09:00,시의회 앞,시의회 앞,POI130,KEY_1,1000003801,청계천로,1000031000,청계광장,126.9770921904126482_37.5694157550093379,1000007002,동아일보사,126.9783460265061024_37.5693222473721278,111.0,9.0,정체,126.9783460265061024_37.5693222473721278|126.9773834142662849_37.5693879956262435|126.9770921904126482_37.5694157550093379
2026-09-04T13:22:12.125893+09:00,시의회 앞,시의회 앞,POI130,KEY_1,1000004101,세종대로21길,1010036201,청계광장,126.9769724776174371_37.5689758850454254,1010034202,속성변화점,126.9761089175425468_37.5690525772719468,77.0,13.0,정체,126.9761089175425468_37.5690525772719468|126.9762590231906501_37.5690173503827225|126.9766423549418590_37.5690116154256089|126.9767891468850252_37.5690047706819641|126.9769724776174371_37.5689758850454254
2026-09-04T13:22:12.125893+09:00,시의회 앞,시의회 앞,POI130,KEY_1,1000004201,세종대로21길,1010034201,속성변화점,126.9761701151880970_37.5691453161545397,1010036202,청계광장,126.9769681640981389_37.5690870395436463,71.0,17.0,서행,126.9769681640981389_37.5690870395436463|126.9768062997742106_37.5691122763363623|126.9766476039636132_37.5691196746613940|126.9762762102917009_37.5691252318358337|126.9761701151880970_37.5691453161545397
2026-09-04T13:22:12.125893+09:00,시의회 앞,시의회 앞,POI130,KEY_1,1000004202,세종대로21길,1010034502,조선일보본사,126.9758538003934376_37.5694432589816216,1010034201,속성변화점,126.9761701151880970_37.5691453161545397,44.0,18.0,서행,126.9761701151880970_37.5691453161545397|126.9759646865800136_37.5693016963708999|126.9759165276521173_37.5693486608578553|126.9758538003934376_37.5694432589816216
2026-09-04T13:22:12.125893+09:00,시의회 앞,시의회 앞,POI130,KEY_1,1000004203,세종대로21길,1000008402,신문로1가141,126.9756655929920299_37.5701107106503116,1010034501,조선일보본사,126.9758232836738614_37.5695216067234981,67.0,4.0,정체,126.9758232836738614_37.5695216067234981|126.9756655929920299_37.5701107106503116
2026-09-04T13:22:12.125893+09:00,시의회 앞,시의회 앞,POI130,KEY_1,1000005101,세종대로,1010036202,청계광장,126.9769681640981389_37.5690870395436463,1000007300,세종로1-80,126.9769534872362158_37.5695820797097966,55.0,7.0,정체,126.9769534872362158_37.5695820797097966|126.9769561223222638_37.5694207011224321|126.9769681640981389_37.5690870395436463
2026-09-04T13:22:12.125893+09:00,시의회 앞,시의회 앞,POI130,KEY_1,1000005102,세종대로,1000007300,세종로1-80,126.9769534872362158_37.5695820797097966,1000009003,세종대로사거리,126.9769600332011521_37.5701212054532618,60.0,10.0,정체,126.9769600332011521_37.5701212054532618|126.9769532767960953_37.5697764532188643|126.9769534872362158_37.5695820797097966
2026-09-04T13:22:12.125893+09:00,시의회 앞,시의회 앞,POI130,KEY_1,1000005202,세종대로,1000009002,세종대로사거리,126.9770959172438580_37.5701228829325231,1000007400,청계천광장,126.9770893091757529_37.5695834801641908,60.0,4.0,정체,126.9770893091757529_37.5695834801641908|126.9770891110814688_37.5697756552470636|126.9770959172438580_37.5701228829325231
2026-09-04T13:22:12.125893+09:00,시의회 앞,시의회 앞,POI130,KEY_1,1000005203,세종대로,1000031000,청계광장,126.9770921904126482_37.5694157550093379,1000002000,청계광장,126.9771060680401717_37.5690311929919076,43.0,5.0,정체,126.9771060680401717_37.5690311929919076|126.9770921904126482_37.5694157550093379
2026-09-04T13:22:12.125893+09:00,시의회 앞,시의회 앞,POI130,KEY_1,1000005204,세종대로,1000007400,청계천광장,126.9770893091757529_37.5695834801641908,1000031000,청계광장,126.9770921904126482_37.5694157550093379,19.0,6.0,정체,126.9770921904126482_37.5694157550093379|126.9770893091757529_37.5695834801641908
2026-09-04T13:22:12.125893+09:00,시의회 앞,시의회 앞,POI130,KEY_1,1000023800,세종대로,1000007300,세종로1-80,126.9769534872362158_37.5695820797097966,1000007600,주한요르단명예영사관,126.9762019638013300_37.5701150604124336,93.0,4.0,정체,126.9762019638013300_37.5701150604124336|126.9765157204813590_37.5700245083348179|126.9765948042672790_37.5699744620325760|126.9767188239706144_37.5698815155413541|126.9768230812362049_37.5697756907165257|126.9769442873751473_37.5696462098692763|126.9769534872362158_37.5695820797097966
2026-09-04T13:22:12.125893+09:00,시의회 앞,시의회 앞,POI130,KEY_1,1000023900,종로,1000008000,동아일보사,126.9777588281918099_37.5701340596360964,1000007400,청계천광장,126.9770893091757529_37.5695834801641908,91.0,8.0,정체,126.9770893091757529_37.5695834801641908|126.9770963075021939_37.5696479702720865|126.9772094321437663_37.5697743360528662|126.9773459521211265_37.5699388507560457|126.9774735034476549_37.5700533015790512|126.9775723207871607_37.5701062430602590|126.9777588281918099_37.5701340596360964
2026-09-04T13:22:12.125893+09:00,시의회 앞,시의회 앞,POI130,KEY_1,1010005904,세종대로,1010017809,소공동주민센터,126.9763214748840596_37.5626583872939435,1010021603,시청앞광장,126.9768324946201261_37.5639716881909536,153.0,19.0,서행,126.9768324946201261_37.5639716881909536|126.9764915927669620_37.5630734109549138|126.9763214748840596_37.5626583872939435
2026-09-04T13:22:12.125893+09:00,시의회 앞,시의회 앞,POI130,KEY_1,1010006002,세종대로,1010021602,시청앞광장,126.9769689889781006_37.5639574810137518,1010015700,숭례문,126.9758216757282128_37.5609807560682611,346.0,4.0,정체,126.9758216757282128_37.5609807560682611|126.9761127772680140_37.5617942588954108|126.9761509252078469_37.5618937585952821|126.9764084629013752_37.5625220596037011|126.9764505959815182_37.5626248484352132|126.9766211792211692_37.5630410044178191|126.9769689889781006_37.5639574810137518
2026-09-04T13:22:12.125893+09:00,시의회 앞,시의회 앞,POI130,KEY_1,1010007305,서소문로,1010060500,서소문동 42-3,126.9748814331857290_37.5634753132613639,1010021604,시청앞광장,126.9768728564433928_37.5640783561644085,191.0,15.0,서행,126.9768728564433928_37.5640783561644085|126.9766787939362445_37.5640859652900971|126.9765523317762188_37.5640754535460886|126.9763400428201123_37.5640251139761148|126.9749917778751325_37.5635158830683409|126.9748814331857290_37.5634753132613639
2026-09-04T13:22:12.125893+09:00,시의회 앞,시의회 앞,POI130,KEY_1,1010007405,서소문로,1010021603,시청앞광장,126.9768324946201261_37.5639716881909536,1010020202,중앙일보사,126.9742502538365869_37.5631241528421853,249.0,4.0,정체,126.9742502538365869_37.5631241528421853|126.9749383845103381_37.5633771573157134|126.9750493665217306_37.5634179614493959|126.9763888286545210_37.5639238670732283|126.9765790012718583_37.5639689628774178|126.9766825277856697_37.5639775680622137|126.9768324946201261_37.5639716881909536
2026-09-04T13:22:12.125893+09:00,시의회 앞,시의회 앞,POI130,KEY_1,1010008401,세종대로18길,1010021203,우성빌딩,126.9777193951018148_37.5638099385310227,1010021602,시청앞광장,126.9769689889781006_37.5639574810137518,68.0,18.0,서행,126.9769689889781006_37.5639574810137518|126.9777193951018148_37.5638099385310227
2026-09-04T13:22:12.125893+09:00,시의회 앞,시의회 앞,POI130,KEY_1,1010008402,세종대로18길,1010073800,소공동 87-15,126.9784945856248157_37.5638009334543241,1010021202,우성빌딩,126.9778443694909242_37.5637825313256783,58.0,13.0,정체,126.9778443694909242_37.5637825313256783|126.9779245419285019_37.5637634021338656|126.9780550037610567_37.5637507097928918|126.9781651142375978_37.5637590779395225|126.9784945856248157_37.5638009334543241
2026-09-04T13:22:12.125893+09:00,시의회 앞,시의회 앞,POI130,KEY_1,1010009902,세종대로,1010021604,시청앞광장,126.9768728564433928_37.5640783561644085,1010024204,시청앞교차로,126.9770880989032236_37.5648197786229900,85.0,5.0,정체,126.9770880989032236_37.5648197786229900|126.9770591791834136_37.5646629693451288|126.9770001947957212_37.5644354373990907|126.9769219936512883_37.5642088549141349|126.9768728564433928_37.5640783561644085
2026-09-04T13:22:12.125893+09:00,시의회 앞,시의회 앞,POI130,KEY_1,1010010000,세종대로,1010024203,시청앞교차로,126.9772135411598413_37.5647555843739269,1010021601,시청앞광장,126.9770081698073909_37.5640611462049279,79.0,10.0,정체,126.9770081698073909_37.5640611462049279|126.9770525488461743_37.5641790078298783|126.9771323290460572_37.5644101639924273|126.9771929938028450_37.5646441761629077|126.9772135411598413_37.5647555843739269
2026-09-04T13:22:12.125893+09:00,시의회 앞,시의회 앞,POI130,KEY_1,1010011000,덕수궁길,1010003702,국립현대미술관(덕수궁),126.9734800713954428_37.5653099277390794,1010024205,시청앞교차로,126.9771111379704962_37.5649683842586413,350.0,15.5,서행,126.9771111379704962_37.5649683842586413|126.9769955437966189_37.5648997036250520|126.9769191129801698_37.5648841239987448|126.9762643259252286_37.5649661911538288|126.9761744747147532_37.5649770829893868|126.9759779520215517_37.5650009053778362|126.9758689949813260_37.5650050124235619|126.9752013280298399_37.5649548066137768|126.9751376722967393_37.5649475156969572|126.9743014077374426_37.5648517294047579|126.9740978380537513_37.5648406360021241|126.9740518977143893_37.5648432379020889|126.9740231183313881_37.5648571744892976|126.9736843653272729_37.5652451675209207|126.9735504744861458_37.5653043393530339|126.9734800713954428_37.5653099277390794
2026-09-04T13:22:12.125893+09:00,시의회 앞,시의회 앞,POI130,KEY_1,1010011100,소공로,1010024703,시청앞광장,126.9784672029423973_37.5649273269454653,1010024202,시청앞교차로,126.9772712943529740_37.5649019993645936,106.0,13.0,정체,126.9772712943529740_37.5649019993645936|126.9774098801302102_37.5649281244663342|126.9776269810423628_37.5649428736685351|126.9783249021099323_37.5649392241840445|126.9784672029423973_37.5649273269454653
2026-09-04T13:22:12.125893+09:00,시의회 앞,시의회 앞,POI130,KEY_1,1010011200,소공로,1010024201,시청앞교차로,126.9772516593585294_37.5650094083765893,1010024704,시청앞광장,126.9784659259494219_37.5650361481380060,108.0,12.0,정체,126.9784659259494219_37.5650361481380060|126.9783324600417700_37.5650473063687187|126.9776216401868254_37.5650510228301613|126.9773883375840597_37.5650351731031407|126.9772516593585294_37.5650094083765893
2026-09-04T13:22:12.125893+09:00,시의회 앞,시의회 앞,POI130,KEY_1,1010013800,세종대로,1010004902,강원도민일보(서울본부),126.9771979915670101_37.5670009920858590,1010024201,시청앞교차로,126.9772516593585294_37.5650094083765893,221.0,5.0,정체,126.9772516593585294_37.5650094083765893|126.9772632229602749_37.5651213527824481|126.9772704963173453_37.5652669803863901|126.9772680209366058_37.5654083777349115|126.9772559424266944_37.5656434912380419|126.9771979915670101_37.5670009920858590
2026-09-04T13:22:12.125893+09:00,시의회 앞,시의회 앞,POI130,KEY_1,1010016400,세종대로20길,1010152400,태평로1가 31-1,126.9781614739919320_37.5671149535760875,1010004804,한국체육박물관,126.9791327692852860_37.5670432031565085,86.0,9.0,정체,126.9791327692852860_37.5670432031565085|126.9790021637939503_37.5670657791657803|126.9788569191823626_37.5670778321488825|126.9783926986433755_37.5671163538151802|126.9781614739919320_37.5671149535760875
2026-09-04T13:22:12.125893+09:00,시의회 앞,시의회 앞,POI130,KEY_1,1010018100,세종대로,1010024205,시청앞교차로,126.9771111379704962_37.5649683842586413,1010036201,청계광장,126.9769724776174371_37.5689758850454254,445.0,11.0,정체,126.9769724776174371_37.5689758850454254|126.9770357842986499_37.5675064469025131|126.9770571241010231_37.5671045176161513|126.9770622406749681_37.5669973200828053|126.9771202099424414_37.5656394465692429|126.9771322330851717_37.5654054151655075|126.9771346338183520_37.5652683750225975|126.9771276194723697_37.5651279335943542|126.9771111379704962_37.5649683842586413
2026-09-04T13:22:12.125893+09:00,시의회 앞,시의회 앞,POI130,KEY_1,1010018200,세종대로,1000002000,청계광장,126.9771060680401717_37.5690311929919076,1010004901,강원도민일보(서울본부),126.9771928320576109_37.5671090827981402,213.0,6.0,정체,126.9771928320576109_37.5671090827981402|126.9771715167423451_37.5675105826680635|126.9771060680401717_37.5690311929919076
2026-09-04T13:22:12.125893+09:00,시의회 앞,시의회 앞,POI130,KEY_1,1010037000,남대문로1길,1010023102,서울프라자호텔,126.9781270908112134_37.5644147123986087,1010021201,우성빌딩,126.9778833665384354_37.5638860982800367,62.0,5.0,정체,126.9778833665384354_37.5638860982800367|126.9781270908112134_37.5644147123986087
2026-09-04T13:22:12.125893+09:00,시의회 앞,시의회 앞,POI130,KEY_1,1010037100,남대문로1길,1010021204,우성빌딩,126.9777519647640105_37.5639149035560536,1010023103,서울프라자호텔,126.9779917291016176_37.5644349310718795,61.0,10.0,정체,126.9779917291016176_37.5644349310718795|126.9777519647640105_37.5639149035560536
2026-09-04T13:22:12.125893+09:00,시의회 앞,시의회 앞,POI130,KEY_1,1010038300,소공로,1010023101,서울프라자호텔,126.9781769454158393_37.5645228411741812,1010023304,조선호텔,126.9787312154575005_37.5645930511843886,50.0,15.0,서행,126.9787312154575005_37.5645930511843886|126.9785957557285769_37.5645517262991930|126.9784554783557979_37.5645322032255891|126.9782121876750836_37.5645228476832003|126.9781769454158393_37.5645228411741812
2026-09-04T13:22:12.125893+09:00,시의회 앞,시의회 앞,POI130,KEY_1,1010039000,소공로,1010024202,시청앞교차로,126.9772712943529740_37.5649019993645936,1010023104,서울프라자호텔,126.9780385528240316_37.5645364866542977,82.0,4.0,정체,126.9780385528240316_37.5645364866542977|126.9776055199770184_37.5646501981039478|126.9774312688185773_37.5647230654274864|126.9773645076050741_37.5647713550531037|126.9773054583435652_37.5648401473905977|126.9772712943529740_37.5649019993645936
2026-09-04T13:22:12.125893+09:00,시의회 앞,시의회 앞,POI130,KEY_1,1010045900,새문안로2길,1010034503,조선일보본사,126.9757336729328898_37.5693927914711736,1010034403,덕수초교앞,126.9744623970510844_37.5693699781441666,112.0,16.0,서행,126.9744623970510844_37.5693699781441666|126.9751125420028046_37.5693767090831088|126.9754684882037736_37.5693803926704959|126.9757336729328898_37.5693927914711736
2026-09-04T13:22:12.125893+09:00,시의회 앞,시의회 앞,POI130,KEY_1,1010046000,새문안로2길,1010034402,덕수초교앞,126.9744431042179968_37.5694779067993210,1010034504,조선일보본사,126.9756904321789079_37.5694990761609162,110.0,21.5,서행,126.9756904321789079_37.5694990761609162|126.9754636204795446_37.5694884714731927|126.9751107757574573_37.5694848197226179|126.9744431042179968_37.5694779067993210
2026-09-04T13:22:12.125893+09:00,신논현역·논현역,신논현역·논현역,POI037,KEY_2,1210025402,사평대로,1210134700,반포동 749-35,127.0236141059144614_37.5043118599685954,1210040404,교보타워사거리,127.0243991052031305_37.5045524553287137,74.0,25.0,원활,127.0243991052031305_37.5045524553287137|127.0236141059144614_37.5043118599685954
2026-09-04T13:22:12.125893+09:00,신논현역·논현역,신논현역·논현역,POI037,KEY_2,1210027602,신반포로,1210275400,잠원동 99,127.0203821705510308_37.5108839074530920,1210046004,논현역앞교차로,127.0212424469134902_37.5111447623381054,81.0,27.0,원활,127.0212424469134902_37.5111447623381054|127.0203821705510308_37.5108839074530920
2026-09-04T13:22:12.125893+09:00,신논현역·논현역,신논현역·논현역,POI037,KEY_2,1210027702,신반포로,1210149300,반포동 749,127.0198333910656174_37.5106018115088986,1210045802,중앙일보,127.0194387100755051_37.5104821301408151,37.0,5.0,정체,127.0194387100755051_37.5104821301408151|127.0198333910656174_37.5106018115088986
2026-09-04T13:22:12.125893+09:00,신논현역·논현역,신논현역·논현역,POI037,KEY_2,1220025003,강남대로,1210394200,서초동 1373,127.0253434781147917_37.5025963782215541,1210040403,교보타워사거리,127.0244473968313343_37.5044514101080111,221.0,20.0,서행,127.0244473968313343_37.5044514101080111|127.0247108420325048_37.5039060466009033|127.0253434781147917_37.5025963782215541
2026-09-04T13:22:12.125893+09:00,신논현역·논현역,신논현역·논현역,POI037,KEY_2,1220027202,봉은사로,1210040401,교보타워사거리,127.0245260087286567_37.5045907813304069,1220036604,보건타임즈,127.0277136842342856_37.5055392843385320,301.0,7.0,정체,127.0277136842342856_37.5055392843385320|127.0258610708307287_37.5049880469825112|127.0253288463886605_37.5048296789477078|127.0252017084722951_37.5047918474566870|127.0245260087286567_37.5045907813304069
2026-09-04T13:22:12.125893+09:00,신논현역·논현역,신논현역·논현역,POI037,KEY_2,1220027301,봉은사로,1220036003,신논현역,127.0252491957505185_37.5046905608852796,1210040402,교보타워사거리,127.0245743023879044_37.5044897355058495,64.0,8.0,정체,127.0245743023879044_37.5044897355058495|127.0252491957505185_37.5046905608852796
2026-09-04T13:22:12.125893+09:00,신논현역·논현역,신논현역·논현역,POI037,KEY_2,1220027302,봉은사로,1220317200,역삼동 800,127.0259085572878206_37.5048867600619360,1220036002,신논현역,127.0253763334646919_37.5047283922381283,50.0,20.0,서행,127.0253763334646919_37.5047283922381283|127.0259085572878206_37.5048867600619360
2026-09-04T13:22:12.125893+09:00,신논현역·논현역,신논현역·논현역,POI037,KEY_2,1220027801,강남대로,1210040404,교보타워사거리,127.0243991052031305_37.5045524553287137,1210042503,HM타워,127.0238275183942562_37.5057614843330143,143.0,19.0,서행,127.0238275183942562_37.5057614843330143|127.0241540090957244_37.5050708914382724|127.0243991052031305_37.5045524553287137
2026-09-04T13:22:12.125893+09:00,신논현역·논현역,신논현역·논현역,POI037,KEY_2,1220027802,강남대로,1210042504,HM타워,127.0237750703768711_37.5058715959127795,1210043403,청하빌딩,127.0232278893486892_37.5070167220657709,136.0,17.7,서행,127.0232278893486892_37.5070167220657709|127.0237750703768711_37.5058715959127795
2026-09-04T13:22:12.125893+09:00,신논현역·논현역,신논현역·논현역,POI037,KEY_2,1220027803,강남대로,1210404600,반포동 749-18,127.0215110784695867_37.5105855711166996,1210046003,논현역앞교차로,127.0212906706428271_37.5110436959506757,54.0,18.0,서행,127.0212906706428271_37.5110436959506757|127.0215110784695867_37.5105855711166996
2026-09-04T13:22:12.125893+09:00,신논현역·논현역,신논현역·논현역,POI037,KEY_2,1220027901,강남대로,1220443400,논현동 280,127.0242810161496863_37.5051089999436158,1210040401,교보타워사거리,127.0245260087286567_37.5045907813304069,61.0,21.0,서행,127.0245260087286567_37.5045907813304069|127.0242810161496863_37.5051089999436158
2026-09-04T13:22:12.125893+09:00,신논현역·논현역,신논현역·논현역,POI037,KEY_2,1220027902,강남대로,1210043402,청하빌딩,127.0233547305241473_37.5070551876010612,1210042501,HM타워,127.0239019098950024_37.5059100608685441,136.0,21.0,서행,127.0239019098950024_37.5059100608685441|127.0233547305241473_37.5070551876010612
2026-09-04T13:22:12.125893+09:00,신논현역·논현역,신논현역·논현역,POI037,KEY_2,1220027903,강남대로,1220309900,논현동 280,127.0225878609492725_37.5086494889239788,1210043401,청하빌딩,127.0232987766696908_37.5071716970898308,176.0,21.0,서행,127.0232987766696908_37.5071716970898308|127.0230474222821186_37.5076941986452752|127.0225878609492725_37.5086494889239788
2026-09-04T13:22:12.125893+09:00,신논현역·논현역,신논현역·논현역,POI037,KEY_2,1220030407,학동로,1220325200,논현동 279-67,127.0221311305263896_37.5114114729703303,1220158004,논현역(서울7호선),127.0227048123846032_37.5115835049169206,54.0,5.0,정체,127.0227048123846032_37.5115835049169206|127.0221311305263896_37.5114114729703303
2026-09-04T13:22:12.125893+09:00,신논현역·논현역,신논현역·논현역,POI037,KEY_2,1220030506,학동로,1220325300,논현동 279-67,127.0221789489386168_37.5113102848538986,1210046002,논현역앞교차로,127.0214176087622775_37.5110819738494570,72.0,25.0,원활,127.0214176087622775_37.5110819738494570|127.0221789489386168_37.5113102848538986
2026-09-04T13:22:12.125893+09:00,신논현역·논현역,신논현역·논현역,POI037,KEY_2,1220030507,학동로,1220041903,주한부탄왕국명예총영사관,127.0234136233973601_37.5116805263399442,1220158002,논현역(서울7호선),127.0228796600953984_37.5115204088512186,50.0,18.0,서행,127.0228796600953984_37.5115204088512186|127.0234136233973601_37.5116805263399442
2026-09-04T13:22:12.125893+09:00,신논현역·논현역,신논현역·논현역,POI037,KEY_2,1220030601,강남대로,1210046004,논현역앞교차로,127.0212424469134902_37.5111447623381054,1210046503,원빌딩,127.0207750873245374_37.5121324472905613,117.0,6.0,정체,127.0207750873245374_37.5121324472905613|127.0208603365410340_37.5119522896699067|127.0212424469134902_37.5111447623381054
2026-09-04T13:22:12.125893+09:00,신논현역·논현역,신논현역·논현역,POI037,KEY_2,1220030701,강남대로,1220383100,논현동 280,127.0209873423382589_37.5119904251618195,1210046001,논현역앞교차로,127.0213693851217158_37.5111830402280262,96.0,10.0,정체,127.0213693851217158_37.5111830402280262|127.0209873423382589_37.5119904251618195
2026-09-04T13:22:12.125893+09:00,신논현역·논현역,신논현역·논현역,POI037,KEY_2,1220064500,테헤란로1길,1220438100,역삼동 858-6,127.0255100549291853_37.5041277615367150,1220036003,신논현역,127.0252491957505185_37.5046905608852796,67.0,12.0,정체,127.0252491957505185_37.5046905608852796|127.0255100549291853_37.5041277615367150
2026-09-04T13:22:12.125893+09:00,신논현역·논현역,신논현역·논현역,POI037,KEY_2,1220073300,강남대로118길,1220285600,논현동 280-21,127.0245724546161910_37.5063437576129388,1210042502,HM타워,127.0239545262593310_37.5057995931114334,82.0,15.0,서행,127.0239545262593310_37.5057995931114334|127.0241796229151134_37.5059761899912516|127.0245724546161910_37.5063437576129388
2026-09-04T13:22:12.125893+09:00,신논현역·논현역,신논현역·논현역,POI037,KEY_2,1220073400,강남대로118길,1220344200,논현동 280-22,127.0260578684266903_37.5071566901156643,1220038404,동진빌라,127.0270270582617940_37.5074525861540309,92.0,15.0,서행,127.0270270582617940_37.5074525861540309|127.0267446316322122_37.5073663616738386|127.0260578684266903_37.5071566901156643
2026-09-04T13:22:12.125893+09:00,신논현역·논현역,신논현역·논현역,POI037,KEY_2,1220076200,강남대로122길,1220383300,논현동 280-21,127.0239585511872207_37.5076461467828892,1210043402,청하빌딩,127.0233547305241473_37.5070551876010612,85.0,17.0,서행,127.0233547305241473_37.5070551876010612|127.0239585511872207_37.5076461467828892
2026-09-04T13:22:12.125893+09:00,신도림역,신도림역,POI038,KEY_3,1160002810,경인로,1160046003,신도림역앞교차로,126.8903424587400792_37.5101498583467645,1160044901,신도림1차푸르지오아파트,126.8874005665339268_37.5084270778164779,324.0,37.0,원활,126.8874005665339268_37.5084270778164779|126.8883045512452412_37.5090891878129966|126.8885921501778000_37.5092764511375876|126.8887544663060396_37.5093640420734502|126.8903424587400792_37.5101498583467645
2026-09-04T13:22:12.125893+09:00,신도림역,신도림역,POI038,KEY_3,1160003000,경인로,1160046101,구로구-영등포구,126.8912321353821966_37.5105628597886351,1160046002,신도림역앞교차로,126.8904555821730611_37.5102041121521665,79.0,23.0,서행,126.8904555821730611_37.5102041121521665|126.8912321353821966_37.5105628597886351
2026-09-04T13:22:12.125893+09:00,신도림역,신도림역,POI038,KEY_3,1180052800,대방천로,1180322300,최소노드배치점,126.8935975656483919_37.5081974894365828,1180021900,남성아파트,126.8912162735914109_37.5112358968431892,408.0,49.0,원활,126.8912162735914109_37.5112358968431892|126.8913272395882075_37.5110271967147852|126.8913932951010111_37.5108770709088546|126.8918343349843099_37.5100955527058417|126.8924223350581855_37.5090805434708088|126.8925032943379847_37.5089685736822602|126.8926007325865726_37.5088423144747836|126.8927176122257805_37.5087220329867606|126.8928584330055003_37.5086017730982491|126.8930067151990073_37.5084946321149744|126.8931864263503542_37.5083815583219149|126.8933870642186577_37.5082828074889605|126.8935975656483919_37.5081974894365828
2026-09-04T13:22:12.125893+09:00,신림역,신림역,POI039,KEY_4,1200009902,신림로,1200020104,신림역사거리,126.9296345705553506_37.4843144004965225,1200021103,속성변화점,126.9295553661489748_37.4848688498997049,62.0,8.0,정체,126.9295553661489748_37.4848688498997049|126.9296345705553506_37.4843144004965225
2026-09-04T13:22:12.125893+09:00,신림역,신림역,POI039,KEY_4,1200004102,신원로,1200018202,신림교(남측),126.9286207564022249_37.4816238943609719,1200018402,신림교(북측),126.9290143862204872_37.4819760796263850,53.0,12.5,정체,126.9290143862204872_37.4819760796263850|126.9286924192674775_37.4817310050226524|126.9286207564022249_37.4816238943609719
2026-09-04T13:22:12.125893+09:00,신림역,신림역,POI039,KEY_4,1200004103,신원로,1200018402,신림교(북측),126.9290143862204872_37.4819760796263850,1200002204,청암두산위브센티움아파트,126.9298127276580317_37.4824928509211759,91.0,16.0,서행,126.9298127276580317_37.4824928509211759|126.9296886447191497_37.4824229406256961|126.9294781618747976_37.4822744658780707|126.9291012539534478_37.4820085923506383|126.9290143862204872_37.4819760796263850
2026-09-04T13:22:12.125893+09:00,신림역,신림역,POI039,KEY_4,1200004202,신원로,1200018401,신림교(북측),126.9290904863204332_37.4818883651078352,1200018201,신림교(남측),126.9287243528422948_37.4815571342682148,49.0,6.0,정체,126.9287243528422948_37.4815571342682148|126.9288021597998153_37.4816652191764348|126.9290904863204332_37.4818883651078352
2026-09-04T13:22:12.125893+09:00,신림역,신림역,POI039,KEY_4,1200004203,신원로,1200134200,신림동 1637-28,126.9295680884739426_37.4821935061319849,1200018401,신림교(북측),126.9290904863204332_37.4818883651078352,55.0,5.0,정체,126.9290904863204332_37.4818883651078352|126.9291765809071393_37.4819173338105003|126.9295680884739426_37.4821935061319849
2026-09-04T13:22:12.125893+09:00,신림역,신림역,POI039,KEY_4,1200006301,신림로,1200128900,신림동 1642-9,126.9297651262775162_37.4829859944651815,1200020103,신림역사거리,126.9296473116667414_37.4842065087380831,136.0,15.0,서행,126.9296473116667414_37.4842065087380831|126.9297127106620167_37.4835290051691103|126.9297651262775162_37.4829859944651815
2026-09-04T13:22:12.125893+09:00,신림역,신림역,POI039,KEY_4,1200006401,신림로,1200126800,신림동 1642-9,126.9298479887308844_37.4835372976435508,1200002201,청암두산위브센티움아파트,126.9299480045151114_37.4825011433319801,115.0,12.0,정체,126.9299480045151114_37.4825011433319801|126.9299004037127929_37.4829942868911843|126.9298479887308844_37.4835372976435508
2026-09-04T13:22:12.125893+09:00,신림역,신림역,POI039,KEY_4,1200007101,남부순환로,1200019201,봉림교앞교차로,126.9259814166635607_37.4838452405197131,1200019302,봉림교,126.9265933890458058_37.4839284039129623,55.0,27.5,원활,126.9265933890458058_37.4839284039129623|126.9259814166635607_37.4838452405197131
2026-09-04T13:22:12.125893+09:00,신림역,신림역,POI039,KEY_4,1200007102,남부순환로,1200019302,봉림교,126.9265933890458058_37.4839284039129623,1200019704,신림빌딩,126.9271300263131081_37.4839919793202796,48.0,31.0,원활,126.9271300263131081_37.4839919793202796|126.9265933890458058_37.4839284039129623
2026-09-04T13:22:12.125893+09:00,신림역,신림역,POI039,KEY_4,1200007103,남부순환로,1200080500,신림동 1467-10,126.9281206685292318_37.4841178312982279,1200020104,신림역사거리,126.9296345705553506_37.4843144004965225,136.0,34.0,원활,126.9296345705553506_37.4843144004965225|126.9281206685292318_37.4841178312982279
2026-09-04T13:22:12.125893+09:00,신림역,신림역,POI039,KEY_4,1200007201,남부순환로,1200019301,봉림교,126.9266147704214944_37.4838216396349608,1200019202,봉림교앞교차로,126.9260042284080470_37.4837386582791297,55.0,9.0,정체,126.9260042284080470_37.4837386582791297|126.9266147704214944_37.4838216396349608
2026-09-04T13:22:12.125893+09:00,신림역,신림역,POI039,KEY_4,1200007202,남부순환로,1200019703,신림빌딩,126.9271499741240774_37.4838850371988528,1200019301,봉림교,126.9266147704214944_37.4838216396349608,48.0,9.5,정체,126.9266147704214944_37.4838216396349608|126.9271499741240774_37.4838850371988528
2026-09-04T13:22:12.125893+09:00,신림역,신림역,POI039,KEY_4,1200007203,남부순환로,1200080600,신림동 1467-10,126.9281424889960022_37.4840111176954167,1200019702,신림빌딩,126.9274148922430072_37.4839166369399663,65.0,8.0,정체,126.9274148922430072_37.4839166369399663|126.9278158896297697_37.4839687083113660|126.9281424889960022_37.4840111176954167
2026-09-04T13:22:12.125893+09:00,신림역,신림역,POI039,KEY_4,1200007902,남부순환로,1200020101,신림역사거리,126.9297686662309843_37.4843316191219031,1200020804,프레콘빌딩,126.9334177978626741_37.4847896255204915,327.0,18.0,서행,126.9334177978626741_37.4847896255204915|126.9313947265893603_37.4845382789214909|126.9297686662309843_37.4843316191219031
2026-09-04T13:22:12.125893+09:00,신림역,신림역,POI039,KEY_4,1200008002,남부순환로,1200020803,프레콘빌딩,126.9334386973421545_37.4846827956256874,1200020102,신림역사거리,126.9297817227290892_37.4842237912787937,327.0,34.3,원활,126.9297817227290892_37.4842237912787937|126.9314158613318000_37.4844314775554039|126.9334386973421545_37.4846827956256874
2026-09-04T13:22:12.125893+09:00,신림역,신림역,POI039,KEY_4,1200009903,신림로,1200105700,신림동 1467-9,126.9289535004739378_37.4870088740843457,1200023903,패션거리입구,126.9287320328464403_37.4875074332781750,59.0,24.0,서행,126.9287320328464403_37.4875074332781750|126.9289535004739378_37.4870088740843457
2026-09-04T13:22:12.125893+09:00,신림역,신림역,POI039,KEY_4,1200010002,신림로,1200021102,신림역(신림선),126.9296901754619284_37.4848810790201838,1200020101,신림역사거리,126.9297686662309843_37.4843316191219031,61.0,25.0,원활,126.9297686662309843_37.4843316191219031|126.9296901754619284_37.4848810790201838
2026-09-04T13:22:12.125893+09:00,신림역,신림역,POI039,KEY_4,1200010003,신림로,1200107300,신림동 1467-10,126.9296502982945611_37.4852749534387613,1200021101,신림역(신림선),126.9296775075418395_37.4849889447568003,32.0,25.0,원활,126.9296775075418395_37.4849889447568003|126.9296502982945611_37.4852749534387613
2026-09-04T13:22:12.125893+09:00,신림역,신림역,POI039,KEY_4,1200034700,관천로,1200018401,신림교(북측),126.9290904863204332_37.4818883651078352,1200017501,웅산빌딩,126.9299789404261389_37.4811381328184083,126.0,9.5,정체,126.9299789404261389_37.4811381328184083|126.9298217809850229_37.4810932390031510|126.9297649329152335_37.4811051246699947|126.9295164022418589_37.4813648240106829|126.9294475460358171_37.4814219969730971|126.9291960249631046_37.4816769266020415|126.9290904863204332_37.4818883651078352
2026-09-04T13:22:12.125893+09:00,신림역,신림역,POI039,KEY_4,1200035100,관천로,1200019301,봉림교,126.9266147704214944_37.4838216396349608,1200018402,신림교(북측),126.9290143862204872_37.4819760796263850,295.0,11.0,정체,126.9290143862204872_37.4819760796263850|126.9290012731884332_37.4820034073762258|126.9287378307599710_37.4822082660947515|126.9275014496326293_37.4831491633948630|126.9267769577677711_37.4837113225239165|126.9266147704214944_37.4838216396349608
2026-09-04T13:22:12.125893+09:00,신림역,신림역,POI039,KEY_4,1200035800,관천로,1200084000,신림동 1433-146,126.9260978536034514_37.4844856918411580,1200019701,신림빌딩,126.9273930706725508_37.4840233507243710,126.0,24.0,서행,126.9273930706725508_37.4840233507243710|126.9268531317812858_37.4841985908938327|126.9263496185242275_37.4843722096447465|126.9261137946958087_37.4844764198908393|126.9260978536034514_37.4844856918411580
2026-09-04T13:22:12.125893+09:00,신림역,신림역,POI039,KEY_4,1200035900,관천로,1200019704,신림빌딩,126.9271300263131081_37.4839919793202796,1200021004,봉림교삼거리,126.9252720732605866_37.4848497357513395,191.0,24.0,서행,126.9252720732605866_37.4848497357513395|126.9255012661441242_37.4846988293717587|126.9260178634568774_37.4843983592746426|126.9260406177968008_37.4843851244896413|126.9262896351738732_37.4842750840857164|126.9268005969255029_37.4840988969223616|126.9271300263131081_37.4839919793202796
2026-09-04T13:22:12.125893+09:00,신림역,신림역,POI039,KEY_4,1200037000,남부순환로187길,1200105000,신림동 1412-2,126.9334057669882583_37.4851541017712648,1200021603,서울관악우체국,126.9333993548549131_37.4853483563466554,22.0,14.0,정체,126.9333993548549131_37.4853483563466554|126.9334057669882583_37.4851541017712648
2026-09-04T13:22:12.125893+09:00,신림역,신림역,POI039,KEY_4,1200037200,신림로64길,1200021603,서울관악우체국,126.9333993548549131_37.4853483563466554,1200021102,신림역(신림선),126.9296901754619284_37.4848810790201838,332.0,9.0,정체,126.9296901754619284_37.4848810790201838|126.9309406511893741_37.4850382794090038|126.9333993548549131_37.4853483563466554
2026-09-04T13:22:12.125893+09:00,신정네거리역,신정네거리역,POI117,KEY_1,1140012300,중앙로,1140304000,신정동 1231,126.8527778798694214_37.5203231384960318,1140020503,신정네거리역앞교차로,126.8524641082912154_37.5210454129062327,85.0,22.0,서행,126.8524641082912154_37.5210454129062327|126.8527778798694214_37.5203231384960318
2026-09-04T13:22:12.125893+09:00,신정네거리역,신정네거리역,POI117,KEY_1,1140012400,중앙로,1140292700,신정동 1092,126.8534166988610536_37.5191903498562382,1140003301,목동10단지앞교차로,126.8538153270405218_37.5182869674380797,106.0,13.5,정체,126.8538153270405218_37.5182869674380797|126.8537622755779211_37.5184071955056453|126.8535160562519053_37.5189651855214876|126.8534166988610536_37.5191903498562382
2026-09-04T13:22:12.125893+09:00,신정네거리역,신정네거리역,POI117,KEY_1,1140014902,신월로,1140243500,신정동 1093,126.8532645566517232_37.5212174537458623,1140020904,신정동 1093,126.8543856987749194_37.5213497353641685,100.0,11.0,정체,126.8543856987749194_37.5213497353641685|126.8532645566517232_37.5212174537458623
2026-09-04T13:22:12.125893+09:00,신정네거리역,신정네거리역,POI117,KEY_1,1140014903,신월로,1140267200,신정동 1093,126.8554773918877174_37.5214758708896383,1140021305,동은빌딩,126.8566435580547562_37.5216053651049535,104.0,25.0,원활,126.8566435580547562_37.5216053651049535|126.8560160057808162_37.5215356815056253|126.8554773918877174_37.5214758708896383
2026-09-04T13:22:12.125893+09:00,신정네거리역,신정네거리역,POI117,KEY_1,1140014906,신월로,1140021306,신정동1093,126.8583322449103576_37.5217928596022290,1140021504,꿈꾸는카멜레온어린이미술관,126.8596132846867874_37.5219356418171444,114.0,15.0,서행,126.8596132846867874_37.5219356418171444|126.8591959897358947_37.5218887510016685|126.8583322449103576_37.5217928596022290
2026-09-04T13:22:12.125893+09:00,신정네거리역,신정네거리역,POI117,KEY_1,1140014907,신월로,1140021302,동은빌딩,126.8567780062629282_37.5216202938004884,1140021309,신정동1093,126.8581977948664274_37.5217779325875256,127.0,19.0,서행,126.8581977948664274_37.5217779325875256|126.8567780062629282_37.5216202938004884
2026-09-04T13:22:12.125893+09:00,신정네거리역,신정네거리역,POI117,KEY_1,1140015001,신월로,1140020603,신정네거리역앞,126.8528554777727635_37.5210598841245044,1140020502,신정네거리역앞교차로,126.8526138493944728_37.5210313723228168,22.0,26.0,원활,126.8526138493944728_37.5210313723228168|126.8528554777727635_37.5210598841245044
2026-09-04T13:22:12.125893+09:00,신정네거리역,신정네거리역,POI117,KEY_1,1140015002,신월로,1140243600,신정동 1093,126.8532844491230094_37.5211105006627648,1140020602,신정네거리역앞,126.8530325905116598_37.5210807827743906,23.0,37.0,원활,126.8530325905116598_37.5210807827743906|126.8532844491230094_37.5211105006627648
2026-09-04T13:22:12.125893+09:00,신정네거리역,신정네거리역,POI117,KEY_1,1140015003,신월로,1140267100,신정동 1093,126.8554961365460656_37.5213687864358008,1140020902,신정동 1093,126.8545569843418690_37.5212606440898142,84.0,24.0,서행,126.8545569843418690_37.5212606440898142|126.8551125002585565_37.5213261838740664|126.8554961365460656_37.5213687864358008
2026-09-04T13:22:12.125893+09:00,신정네거리역,신정네거리역,POI117,KEY_1,1140015005,신월로,1140272400,신정동 1094,126.8610576912007701_37.5219887458859915,1140021502,꿈꾸는카멜레온어린이미술관,126.8597665692237371_37.5218436752577844,115.0,21.5,서행,126.8597665692237371_37.5218436752577844|126.8608449515332666_37.5219648434398678|126.8610576912007701_37.5219887458859915
2026-09-04T13:22:12.125893+09:00,신정네거리역,신정네거리역,POI117,KEY_1,1140015006,신월로,1140021308,신정동1093,126.8582165356956324_37.5216708475291441,1140021303,동은빌딩,126.8567967490803738_37.5215132089686207,127.0,33.0,원활,126.8567967490803738_37.5215132089686207|126.8582165356956324_37.5216708475291441
2026-09-04T13:22:12.125893+09:00,신정네거리역,신정네거리역,POI117,KEY_1,1140015007,신월로,1140021503,꿈꾸는카멜레온어린이미술관,126.8596321536522282_37.5218285714619171,1140021307,신정동1093,126.8583509854924927_37.5216857745389447,114.0,22.5,서행,126.8583509854924927_37.5216857745389447|126.8592148414391971_37.5217816785654037|126.8596321536522282_37.5218285714619171
2026-09-04T13:22:12.125893+09:00,신정네거리역,신정네거리역,POI117,KEY_1,1140015902,중앙로,1140020504,신정네거리역앞교차로,126.8523200137848335_37.5213068059378259,1140022603,명성빌딩,126.8516685864229601_37.5225158329285406,146.0,5.0,정체,126.8516685864229601_37.5225158329285406|126.8517987058371261_37.5222713272162238|126.8519436904784499_37.5219988863798335|126.8521324176756337_37.5216442455826495|126.8523200137848335_37.5213068059378259
2026-09-04T13:22:12.125893+09:00,신정네거리역,신정네거리역,POI117,KEY_1,1140016001,중앙로,1140118300,신정동 1092,126.8520686739882422_37.5220410804103963,1140020501,신정네거리역앞교차로,126.8525640943406501_37.5211348016249673,110.0,17.0,서행,126.8525640943406501_37.5211348016249673|126.8522569777203586_37.5216872332956370|126.8520686739882422_37.5220410804103963
2026-09-04T13:22:12.125893+09:00,신정네거리역,신정네거리역,POI117,KEY_1,1140016106,신월로,1140022001,신월동 895,126.8507094594277902_37.5223133908582369,1140020504,신정네거리역앞교차로,126.8523200137848335_37.5213068059378259,182.0,29.0,원활,126.8523200137848335_37.5213068059378259|126.8521160507619499_37.5214639048480976|126.8510318117103566_37.5221668925016729|126.8508268269855961_37.5222704255984212|126.8507094594277902_37.5223133908582369
2026-09-04T13:22:12.125893+09:00,신정네거리역,신정네거리역,POI117,KEY_1,1140054801,중앙로34길,1140019405,신정1동주민센터,126.8538796784740867_37.5193821376289378,1140020603,신정네거리역앞,126.8528554777727635_37.5210598841245044,222.0,17.0,서행,126.8528554777727635_37.5210598841245044|126.8535934020350737_37.5205511930761588|126.8536999963924075_37.5204621007117112|126.8537692383027178_37.5203712086594976|126.8537955704803295_37.5202940803262450|126.8538126090800660_37.5201853955234341|126.8538219892636931_37.5201255616303442|126.8538796784740867_37.5193821376289378
2026-09-04T13:22:12.125893+09:00,신정네거리역,신정네거리역,POI117,KEY_1,1140054802,중앙로34길,1140019409,목동10단지앞,126.8539734917989961_37.5183344603548790,1140019404,신정1동주민센터,126.8538880871001027_37.5192737759540336,105.0,7.0,정체,126.8538880871001027_37.5192737759540336|126.8539379775177309_37.5186308268166684|126.8539734917989961_37.5183344603548790
2026-09-04T13:22:12.125893+09:00,신정네거리역,신정네거리역,POI117,KEY_1,1140054901,중앙로34길,1140019403,신정1동주민센터,126.8540235698495025_37.5192804456659488,1140019406,목동10단지앞,126.8541051135368178_37.5183739826820073,101.0,25.0,원활,126.8541051135368178_37.5183739826820073|126.8540733198426267_37.5186393004506940|126.8540235698495025_37.5192804456659488
2026-09-04T13:22:12.125893+09:00,신정네거리역,신정네거리역,POI117,KEY_1,1140054902,중앙로34길,1140186400,신정동 1146,126.8539473066920351_37.5201987921083031,1140019402,신정1동주민센터,126.8540151614070339_37.5193888074719695,90.0,12.0,정체,126.8540151614070339_37.5193888074719695|126.8539572124395534_37.5201356047961312|126.8539473066920351_37.5201987921083031
2026-09-04T13:22:12.125893+09:00,신정네거리역,신정네거리역,POI117,KEY_1,1140055900,은행정로,1140166500,신정동 1125,126.8597165347587321_37.5213433547744302,1140021503,꿈꾸는카멜레온어린이미술관,126.8596321536522282_37.5218285714619171,54.0,17.0,서행,126.8596321536522282_37.5218285714619171|126.8597165347587321_37.5213433547744302
2026-09-04T13:22:12.125893+09:00,신정네거리역,신정네거리역,POI117,KEY_1,1140058000,오목로30길,1140150600,신정동 1106,126.8546981085227401_37.5223329762819091,1140020901,신정동 1093,126.8545370935655114_37.5213675973558196,111.0,12.0,정체,126.8545370935655114_37.5213675973558196|126.8547338215463469_37.5218205968237299|126.8547705802692747_37.5219357855826985|126.8546981085227401_37.5223329762819091
2026-09-04T13:22:12.125893+09:00,신정네거리역,신정네거리역,POI117,KEY_1,1140058400,오목로38길,1140137400,신정동 1105,126.8566236011362918_37.5225408124600364,1140021302,동은빌딩,126.8567780062629282_37.5216202938004884,103.0,6.0,정체,126.8567780062629282_37.5216202938004884|126.8566236011362918_37.5225408124600364
2026-09-04T13:22:12.125893+09:00,신정네거리역,신정네거리역,POI117,KEY_1,1140058600,은행정로,1140207400,신정동 1113,126.8596569688713629_37.5224588897148266,1140021501,꿈꾸는카멜레온어린이미술관,126.8597477005454266_37.5219507456227035,57.0,10.0,정체,126.8597477005454266_37.5219507456227035|126.8596569688713629_37.5224588897148266
2026-09-04T13:22:12.125893+09:00,신정네거리역,신정네거리역,POI117,KEY_1,1140276400,중앙로36길,1140262500,신정동 1050-36,126.8547144854327797_37.5193650062674351,1140019403,신정1동주민센터,126.8540235698495025_37.5192804456659488,62.0,18.0,서행,126.8540235698495025_37.5192804456659488|126.8547084315488149_37.5193643641604027|126.8547144854327797_37.5193650062674351
2026-09-04T13:22:12.125893+09:00,신정네거리역,신정네거리역,POI117,KEY_1,1140277700,신월로36길,1140175700,신정동 1323-2,126.8584682314931626_37.5203048399161645,1140108303,신정동1125,126.8583172237674432_37.5211313429453099,93.0,22.0,서행,126.8583172237674432_37.5211313429453099|126.8583812989856057_37.5208181099124545|126.8583818978566029_37.5208145740617596|126.8584682314931626_37.5203048399161645
2026-09-04T13:22:12.125893+09:00,신정네거리역,신정네거리역,POI117,KEY_1,1140277900,신월로36길,1140021307,신정동1093,126.8583509854924927_37.5216857745389447,1140108301,신정동1125,126.8584307373469926_37.5212539233509972,48.0,7.0,정체,126.8584307373469926_37.5212539233509972|126.8583509854924927_37.5216857745389447
2026-09-04T13:22:12.125893+09:00,신정네거리역,신정네거리역,POI117,KEY_1,1140278000,신월로36길,1140108304,신정동1125,126.8582964364918979_37.5212381891154365,1140021308,신정동1093,126.8582165356956324_37.5216708475291441,49.0,25.0,원활,126.8582165356956324_37.5216708475291441|126.8582964364918979_37.5212381891154365
2026-09-04T13:22:12.125893+09:00,신정네거리역,신정네거리역,POI117,KEY_1,1140278200,은행정로5길,1140134600,신정동 1127,126.8569637813919257_37.5210795349276367,1140108304,신정동1125,126.8582964364918979_37.5212381891154365,119.0,19.0,서행,126.8582964364918979_37.5212381891154365|126.8569637813919257_37.5210795349276367
2026-09-04T13:22:12.125893+09:00,신촌·이대역,신촌·이대역,POI040,KEY_2,1120000100,신촌로,1120088400,대현동 60-11,126.9446865403610190_37.5567732537023247,1120000209,이대역앞교차로,126.9458093614291130_37.5568354550338697,99.0,10.0,정체,126.9458093614291130_37.5568354550338697|126.9446865403610190_37.5567732537023247
2026-09-04T13:22:12.125893+09:00,신촌·이대역,신촌·이대역,POI040,KEY_2,1120000404,신촌로,1130263200,대흥동 3-63,126.9464914102469635_37.5567658919320806,1120000207,이대역앞교차로,126.9459501043940008_37.5567349831730724,48.0,23.0,서행,126.9459501043940008_37.5567349831730724|126.9464914102469635_37.5567658919320806
2026-09-04T13:22:12.125893+09:00,신촌·이대역,신촌·이대역,POI040,KEY_2,1120002701,신촌역로,1120071600,대현동 60-11,126.9427680418913411_37.5578961046815536,1120004602,신촌역,126.9427440310376340_37.5585203049646097,69.0,7.0,정체,126.9427440310376340_37.5585203049646097|126.9427680418913411_37.5578961046815536
2026-09-04T13:22:12.125893+09:00,신촌·이대역,신촌·이대역,POI040,KEY_2,1120002801,신촌역로,1120115700,대현동 60-11,126.9429316939373678_37.5571739776181843,1130029101,신촌기차역입구교차로,126.9429508064184517_37.5566770773961380,55.0,14.0,정체,126.9429508064184517_37.5566770773961380|126.9429316939373678_37.5571739776181843
2026-09-04T13:22:12.125893+09:00,신촌·이대역,신촌·이대역,POI040,KEY_2,1120002802,신촌역로,1120005103,신촌역,126.9428490112470627_37.5589999804080819,1120004601,신촌역,126.9428797809855354_37.5585236143059831,53.0,14.0,정체,126.9428797809855354_37.5585236143059831|126.9428522809412954_37.5589815940035621|126.9428490112470627_37.5589999804080819
2026-09-04T13:22:12.125893+09:00,신촌·이대역,신촌·이대역,POI040,KEY_2,1120003002,이화여대길,1120050200,대현동 60-11,126.9459111121087034_37.5573503317707704,1120000206,이대역앞교차로,126.9459449283367718_37.5568430846451875,56.0,16.0,서행,126.9459449283367718_37.5568430846451875|126.9459370069837689_37.5570327600623557|126.9459111121087034_37.5573503317707704
2026-09-04T13:22:12.125893+09:00,신촌·이대역,신촌·이대역,POI040,KEY_2,1120003101,명물길,1120103200,창천동 31-62,126.9387014712648210_37.5585993116674715,1120004903,북경어언대학교,126.9392103198794786_37.5589742883029700,61.0,13.7,정체,126.9392103198794786_37.5589742883029700|126.9391313904544205_37.5589213056300650|126.9387014712648210_37.5585993116674715
2026-09-04T13:22:12.125893+09:00,신촌·이대역,신촌·이대역,POI040,KEY_2,1120003102,명물길,1120057200,창천동 31-64,126.9402143091177209_37.5591519755949577,1120001504,명물거리교차로,126.9403451527086730_37.5591543062232276,12.0,20.0,서행,126.9403451527086730_37.5591543062232276|126.9402143091177209_37.5591519755949577
2026-09-04T13:22:12.125893+09:00,신촌·이대역,신촌·이대역,POI040,KEY_2,1120003201,명물길,1120098800,창천동 18-54,126.9375123444595204_37.5575602259048438,1120004502,현대백화점유플렉스(신촌점),126.9369730969373080_37.5572180933913842,61.0,8.0,정체,126.9369730969373080_37.5572180933913842|126.9371287798259686_37.5572890262117483|126.9374266006236667_37.5574960038265644|126.9375123444595204_37.5575602259048438
2026-09-04T13:22:12.125893+09:00,신촌·이대역,신촌·이대역,POI040,KEY_2,1120003202,명물길,1120099300,창천동 31-64,126.9399922025746577_37.5590398721991008,1120004901,북경어언대학교,126.9394401770155696_37.5589847229875957,50.0,6.3,정체,126.9394401770155696_37.5589847229875957|126.9395187556796856_37.5590205224607772|126.9395956552481550_37.5590328072777240|126.9399922025746577_37.5590398721991008
2026-09-04T13:22:12.125893+09:00,신촌·이대역,신촌·이대역,POI040,KEY_2,1120003301,연세로,1120004504,현대백화점유플렉스(신촌점),126.9368371308242018_37.5572889150469535,1120004803,창천동 30-18,126.9368510014508757_37.5588996821571541,179.0,14.5,정체,126.9368510014508757_37.5588996821571541|126.9368340470399659_37.5574372784594317|126.9368371308242018_37.5572889150469535
2026-09-04T13:22:12.125893+09:00,신촌·이대역,신촌·이대역,POI040,KEY_2,1120003302,연세로,1120004804,창천동 30-18,126.9368505138006498_37.5590108985973998,1120005503,연세대앞교차로,126.9368364800660771_37.5599930891343377,109.0,10.5,정체,126.9368364800660771_37.5599930891343377|126.9368505138006498_37.5590108985973998
2026-09-04T13:22:12.125893+09:00,신촌·이대역,신촌·이대역,POI040,KEY_2,1120003401,연세로,1120004802,창천동 30-18,126.9369867245719377_37.5588913341097239,1120004501,현대백화점유플렉스(신촌점),126.9369718556757505_37.5573421030471337,172.0,10.0,정체,126.9369718556757505_37.5573421030471337|126.9369698696455231_37.5574376736014486|126.9369867245719377_37.5588913341097239
2026-09-04T13:22:12.125893+09:00,신촌·이대역,신촌·이대역,POI040,KEY_2,1120003402,연세로,1120005502,연세대앞교차로,126.9369722907914309_37.5599940789319859,1120004801,창천동 30-18,126.9369864978419571_37.5589996318879216,110.0,5.0,정체,126.9369864978419571_37.5589996318879216|126.9369722907914309_37.5599940789319859
2026-09-04T13:22:12.125893+09:00,신촌·이대역,신촌·이대역,POI040,KEY_2,1120003501,이화여대길,1120005002,신촌역,126.9420267726184761_37.5591801830420735,1120005104,신촌역,126.9426661573823623_37.5591824608859142,57.0,10.0,정체,126.9426661573823623_37.5591824608859142|126.9426586391526541_37.5591822440454948|126.9421138457002485_37.5591743855017910|126.9420267726184761_37.5591801830420735
2026-09-04T13:22:12.125893+09:00,신촌·이대역,신촌·이대역,POI040,KEY_2,1120003502,신촌역로,1120001501,명물거리교차로,126.9404809387878714_37.5591565534944891,1120005002,신촌역,126.9420267726184761_37.5591801830420735,137.0,14.0,정체,126.9420267726184761_37.5591801830420735|126.9415767821894292_37.5591733065980620|126.9412142365348615_37.5591677651764968|126.9408768439811013_37.5591626072131248|126.9404809387878714_37.5591565534944891
2026-09-04T13:22:12.125893+09:00,신촌·이대역,신촌·이대역,POI040,KEY_2,1120003601,신촌역로,1120114700,창천동 31-64,126.9408794518354000_37.5590545075459303,1120001502,명물거리교차로,126.9404835471664086_37.5590484540526717,35.0,20.0,서행,126.9404835471664086_37.5590484540526717|126.9408794518354000_37.5590545075459303
2026-09-04T13:22:12.125893+09:00,신촌·이대역,신촌·이대역,POI040,KEY_2,1120003801,이화여대길,1120069800,대현동 60-11,126.9436423389426665_37.5591035513754079,1120005102,신촌역,126.9429796664790473_37.5590839814278610,59.0,15.5,서행,126.9429796664790473_37.5590839814278610|126.9434309302908161_37.5590989851527581|126.9436423389426665_37.5591035513754079
2026-09-04T13:22:12.125893+09:00,신촌·이대역,신촌·이대역,POI040,KEY_2,1120003901,신촌역로,1120001504,명물거리교차로,126.9403451527086730_37.5591543062232276,1120005402,세브란스병원입구,126.9403236648437030_37.5598832986994040,81.0,11.0,정체,126.9403236648437030_37.5598832986994040|126.9403451527086730_37.5591543062232276
2026-09-04T13:22:12.125893+09:00,신촌·이대역,신촌·이대역,POI040,KEY_2,1120004401,성산로,1120005700,세브란스병원입구,126.9399697271517624_37.5600298889541833,1120005502,연세대앞교차로,126.9369722907914309_37.5599940789319859,265.0,21.0,서행,126.9369722907914309_37.5599940789319859|126.9381957544518968_37.5600239454363845|126.9383304604905334_37.5600259947314896|126.9392179638289520_37.5600335435028612|126.9394831195383091_37.5600177212536508|126.9396777836779791_37.5599969609922439|126.9398686749726863_37.5600119581510583|126.9399697271517624_37.5600298889541833
2026-09-04T13:22:12.125893+09:00,신촌·이대역,신촌·이대역,POI040,KEY_2,1120004403,성산로,1120001902,세브란스병원입구,126.9406365826691854_37.5602535248457912,1120005700,세브란스병원입구,126.9399697271517624_37.5600298889541833,65.0,18.0,서행,126.9399697271517624_37.5600298889541833|126.9402429363548492_37.5600866443863382|126.9404262960347580_37.5601582545694228|126.9405647286410925_37.5602417602446934|126.9406365826691854_37.5602535248457912
2026-09-04T13:22:12.125893+09:00,신촌·이대역,신촌·이대역,POI040,KEY_2,1120014200,신촌로,1130028200,신촌로터리,126.9362638695840104_37.5553903889948231,1120004300,현대백화점(신촌점),126.9368030588893959_37.5556219621744134,57.0,13.0,정체,126.9368030588893959_37.5556219621744134|126.9367619707854544_37.5555447886619120|126.9365015572182216_37.5554290301989795|126.9362638695840104_37.5553903889948231
2026-09-04T13:22:12.125893+09:00,신촌·이대역,신촌·이대역,POI040,KEY_2,1120014300,연세로5길,1120004503,현대백화점유플렉스(신촌점),126.9368363451414297_37.5571751207012667,1130028301,신촌현대백화점,126.9352769143878135_37.5557459412116970,218.0,14.5,정체,126.9352769143878135_37.5557459412116970|126.9355227188717095_37.5561809513214655|126.9356969741435961_37.5564893345166482|126.9357357833693243_37.5565340280943047|126.9357546442551836_37.5565557486909398|126.9367282221445237_37.5571473890112912|126.9368363451414297_37.5571751207012667
2026-09-04T13:22:12.125893+09:00,신촌·이대역,신촌·이대역,POI040,KEY_2,1120014400,연세로5길,1120046000,창천동 53-47,126.9356240685518031_37.5565955099592088,1120004504,현대백화점유플렉스(신촌점),126.9368371308242018_37.5572889150469535,133.0,5.0,정체,126.9368371308242018_37.5572889150469535|126.9366643652368651_37.5572446039108812|126.9356551527703942_37.5566313071096900|126.9356240685518031_37.5565955099592088
2026-09-04T13:22:12.125893+09:00,신촌·이대역,신촌·이대역,POI040,KEY_2,1130015002,백범로,1130027302,신촌로터리,126.9369363048809589_37.5551398431720429,1130026300,신촌로터리,126.9370076539618566_37.5545626830804551,64.0,5.0,정체,126.9370076539618566_37.5545626830804551|126.9369363048809589_37.5551398431720429
2026-09-04T13:22:12.125893+09:00,신촌·이대역,신촌·이대역,POI040,KEY_2,1120014600,신촌역로,1120004602,신촌역,126.9427440310376340_37.5585203049646097,1120005001,신촌역,126.9420293779965050_37.5590720827057183,95.0,16.0,서행,126.9420293779965050_37.5590720827057183|126.9421437304203835_37.5590560677133638|126.9422389637944093_37.5590308801191455|126.9426919759452090_37.5587183341767812|126.9427399358533393_37.5586554228029499|126.9427440310376340_37.5585203049646097
2026-09-04T13:22:12.125893+09:00,신촌·이대역,신촌·이대역,POI040,KEY_2,1120014800,연세로12길,1120004801,창천동 30-18,126.9369864978419571_37.5589996318879216,1120004904,북경어언대학교,126.9393727178320859_37.5590785623916332,211.0,12.5,정체,126.9393727178320859_37.5590785623916332|126.9389022167064809_37.5590898448829122|126.9369864978419571_37.5589996318879216
2026-09-04T13:22:12.125893+09:00,신촌·이대역,신촌·이대역,POI040,KEY_2,1120015000,성산로22길,1120088900,창천동 70-59,126.9345245647633504_37.5591495266209137,1120004804,창천동 30-18,126.9368505138006498_37.5590108985973998,211.0,10.0,정체,126.9368505138006498_37.5590108985973998|126.9367700942083559_37.5590260958107223|126.9363607042080844_37.5590258758581754|126.9349766718667780_37.5589958955722949|126.9349592890310134_37.5589955189298124|126.9345722423701091_37.5590852696270119|126.9345245647633504_37.5591495266209137
2026-09-04T13:22:12.125893+09:00,신촌·이대역,신촌·이대역,POI040,KEY_2,1120015200,신촌역로,1120005402,세브란스병원입구,126.9403236648437030_37.5598832986994040,1120005700,세브란스병원입구,126.9399697271517624_37.5600298889541833,38.0,20.0,서행,126.9399697271517624_37.5600298889541833|126.9401906078274891_37.5599912626938561|126.9403000000014856_37.5599500001454203|126.9403236648437030_37.5598832986994040
2026-09-04T13:22:12.125893+09:00,신촌·이대역,신촌·이대역,POI040,KEY_2,1120015501,북아현로11길,1120110000,대현동 62-13,126.9461402896745028_37.5587493431421393,1120004707,무궁화상가아파트,126.9457971823491818_37.5587475204387502,30.0,18.0,서행,126.9457971823491818_37.5587475204387502|126.9461402896745028_37.5587493431421393
2026-09-04T13:22:12.125893+09:00,신촌·이대역,신촌·이대역,POI040,KEY_2,1120061600,신촌로,1130243700,노고산동 31-123,126.9378979886779319_37.5553264048270492,1130027600,신촌로터리,126.9375535313722594_37.5552189146085595,33.0,12.0,정체,126.9375535313722594_37.5552189146085595|126.9376883483507896_37.5552573962598544|126.9378979886779319_37.5553264048270492
2026-09-04T13:22:12.125893+09:00,신촌·이대역,신촌·이대역,POI040,KEY_2,1120061700,연세로,1120004502,현대백화점유플렉스(신촌점),126.9369730969373080_37.5572180933913842,1120004200,신촌역(서울2호선),126.9369388461816897_37.5556200624915562,177.0,16.0,서행,126.9369388461816897_37.5556200624915562|126.9369730969373080_37.5572180933913842
2026-09-04T13:22:12.125893+09:00,신촌·이대역,신촌·이대역,POI040,KEY_2,1120061900,신촌로,1120035100,대현동 60-11,126.9422602990258042_37.5566379052705770,1130029104,신촌기차역입구교차로,126.9428152251685447_37.5566694693811343,49.0,24.0,서행,126.9428152251685447_37.5566694693811343|126.9422602990258042_37.5566379052705770
2026-09-04T13:22:12.125893+09:00,신촌·이대역,신촌·이대역,POI040,KEY_2,1120062000,연세로,1120004300,현대백화점(신촌점),126.9368030588893959_37.5556219621744134,1120004503,현대백화점유플렉스(신촌점),126.9368363451414297_37.5571751207012667,172.0,18.0,서행,126.9368363451414297_37.5571751207012667|126.9368030588893959_37.5556219621744134
2026-09-04T13:22:12.125893+09:00,신촌·이대역,신촌·이대역,POI040,KEY_2,1130002903,신촌로,1130027304,신촌로터리,126.9367463936915783_37.5551491321864219,1130027800,신촌로터리,126.9362078795990669_37.5552918851353184,50.0,13.0,정체,126.9362078795990669_37.5552918851353184|126.9362843096010209_37.5552643504737276|126.9364926549409489_37.5552010586219964|126.9366443811309324_37.5551666346300124|126.9367463936915783_37.5551491321864219
2026-09-04T13:22:12.125893+09:00,신촌·이대역,신촌·이대역,POI040,KEY_2,1130003001,신촌로,1120065800,창천동 30-17,126.9340762364727908_37.5561712001553190,1130028304,신촌현대백화점,126.9351529989082650_37.5557901862083625,104.0,13.0,정체,126.9351529989082650_37.5557901862083625|126.9340762364727908_37.5561712001553190
2026-09-04T13:22:12.125893+09:00,신촌·이대역,신촌·이대역,POI040,KEY_2,1130003002,신촌로,1120063200,창천동 30-16,126.9359793082337546_37.5554929038804843,1130028200,신촌로터리,126.9362638695840104_37.5553903889948231,28.0,13.5,정체,126.9362638695840104_37.5553903889948231|126.9359793082337546_37.5554929038804843
2026-09-04T13:22:12.125893+09:00,신촌·이대역,신촌·이대역,POI040,KEY_2,1130003003,신촌로,1130028200,신촌로터리,126.9362638695840104_37.5553903889948231,1130027305,신촌로터리,126.9367949040171339_37.5552525850785059,50.0,20.0,서행,126.9367949040171339_37.5552525850785059|126.9367822077433345_37.5552535889944465|126.9366773331614553_37.5552715833811135|126.9365355543422140_37.5553037503571261|126.9363365592773363_37.5553642010740631|126.9362638695840104_37.5553903889948231
2026-09-04T13:22:12.125893+09:00,신촌·이대역,신촌·이대역,POI040,KEY_2,1130003101,신촌로,1130027301,신촌로터리,126.9369309039101665_37.5552479096703777,1130028100,신촌로터리,126.9375107828557248_37.5553215381359138,52.0,4.0,정체,126.9375107828557248_37.5553215381359138|126.9374120463708664_37.5552954695353094|126.9372367545836511_37.5552633433213288|126.9370612427232459_37.5552495051776276|126.9369309039101665_37.5552479096703777
2026-09-04T13:22:12.125893+09:00,신촌·이대역,신촌·이대역,POI040,KEY_2,1130003201,신촌로,1130027600,신촌로터리,126.9375535313722594_37.5552189146085595,1130027302,신촌로터리,126.9369363048809589_37.5551398431720429,56.0,9.0,정체,126.9369363048809589_37.5551398431720429|126.9370689919941668_37.5551414670887596|126.9372587703670519_37.5551564300398013|126.9374487359331596_37.5551912462659345|126.9375535313722594_37.5552189146085595
2026-09-04T13:22:12.125893+09:00,신촌·이대역,신촌·이대역,POI040,KEY_2,1130016101,서강로,1130105400,노고산동 31-123,126.9360124624394928_37.5545948546319508,1130026900,신촌로터리,126.9362469698456266_37.5547336229279907,26.0,14.0,정체,126.9362469698456266_37.5547336229279907|126.9360124624394928_37.5545948546319508
2026-09-04T13:22:12.125893+09:00,신촌·이대역,신촌·이대역,POI040,KEY_2,1130016102,서강로,1130026900,신촌로터리,126.9362469698456266_37.5547336229279907,1130027304,신촌로터리,126.9367463936915783_37.5551491321864219,64.0,19.0,서행,126.9367463936915783_37.5551491321864219|126.9366482286148994_37.5550253909116165|126.9363557341915083_37.5548026529712615|126.9362469698456266_37.5547336229279907
2026-09-04T13:22:12.125893+09:00,신촌·이대역,신촌·이대역,POI040,KEY_2,1130016202,서강로,1130027303,신촌로터리,126.9368133181621232_37.5550310181252058,1130026700,신촌로터리,126.9363297908926853_37.5546479548134542,61.0,4.0,정체,126.9363297908926853_37.5546479548134542|126.9364451665790341_37.5547211401372962|126.9367541497696266_37.5549564339847848|126.9368133181621232_37.5550310181252058
2026-09-04T13:22:12.125893+09:00,신촌·이대역,신촌·이대역,POI040,KEY_2,1130053700,신촌로,1130027600,신촌로터리,126.9375535313722594_37.5552189146085595,1130026300,신촌로터리,126.9370076539618566_37.5545626830804551,87.0,9.0,정체,126.9370076539618566_37.5545626830804551|126.9375535313722594_37.5552189146085595
2026-09-04T13:22:12.125893+09:00,신촌·이대역,신촌·이대역,POI040,KEY_2,1130054000,서강로,1130026900,신촌로터리,126.9362469698456266_37.5547336229279907,1130027800,신촌로터리,126.9362078795990669_37.5552918851353184,66.0,18.0,서행,126.9362078795990669_37.5552918851353184|126.9362774483328025_37.5552146864900038|126.9363062591853719_37.5551384172764813|126.9363230977790380_37.5550564211653537|126.9363327714613661_37.5549477201242823|126.9363184780678608_37.5548542645506771|126.9362469698456266_37.5547336229279907
2026-09-04T13:22:12.125893+09:00,쌍문역,쌍문역,POI070,KEY_3,1080011301,도봉로,1080060100,수유동 140,127.0306004514326617_37.6426841969638559,1080017102,강북구-도봉구,127.0308257491886792_37.6428931106192053,31.0,23.0,서행,127.0308257491886792_37.6428931106192053|127.0306004514326617_37.6426841969638559
2026-09-04T13:22:12.125893+09:00,쌍문역,쌍문역,POI070,KEY_3,1090000904,우이천로,1090005403,번창교,127.0318933286728367_37.6426051578388083,1090000702,우이교앞교차로,127.0311828397790350_37.6430569437685492,80.0,17.5,서행,127.0311828397790350_37.6430569437685492|127.0318933286728367_37.6426051578388083
2026-09-04T13:22:12.125893+09:00,쌍문역,쌍문역,POI070,KEY_3,1090001004,우이천로,1090000701,우이교앞교차로,127.0312724373789877_37.6431384065756944,1090005404,번창교,127.0319809335181702_37.6426878882124569,80.0,18.0,서행,127.0319809335181702_37.6426878882124569|127.0312724373789877_37.6431384065756944
2026-09-04T13:22:12.125893+09:00,쌍문역,쌍문역,POI070,KEY_3,1090001500,우이천로,1090000703,우이교앞교차로,127.0310729519188158_37.6431211684896070,1090000902,한일병원,127.0279685895414303_37.6450803801061440,350.0,11.0,정체,127.0279685895414303_37.6450803801061440|127.0280970845996933_37.6449964844622755|127.0284654183674178_37.6447559940197536|127.0287300641372070_37.6445832012974151|127.0287440560925489_37.6445740656200698|127.0291467962950946_37.6443195262820893|127.0303466242784936_37.6435611940581438|127.0308594191241554_37.6432370817667845|127.0310729519188158_37.6431211684896070
2026-09-04T13:22:12.125893+09:00,쌍문역,쌍문역,POI070,KEY_3,1090001600,우이천로,1090097600,쌍문동 83-10,127.0304312281127466_37.6436458315402973,1090000704,우이교앞교차로,127.0311629794475863_37.6432032074832321,81.0,14.7,정체,127.0311629794475863_37.6432032074832321|127.0309401577308392_37.6433241623639816|127.0304312281127466_37.6436458315402973
2026-09-04T13:22:12.125893+09:00,쌍문역,쌍문역,POI070,KEY_3,1090001702,도봉로,1090057800,쌍문동 83-8,127.0322645121424188_37.6446330103546600,1090001303,창동시장입구교차로,127.0333679558157627_37.6464986566063828,229.0,14.0,정체,127.0333679558157627_37.6464986566063828|127.0326215714648015_37.6452398113717877|127.0325635966364075_37.6451416305438258|127.0322645121424188_37.6446330103546600
2026-09-04T13:22:12.125893+09:00,쌍문역,쌍문역,POI070,KEY_3,1090001801,도봉로,1090057900,창동 703-9,127.0323876826054175_37.6445872158534343,1090000701,우이교앞교차로,127.0312724373789877_37.6431384065756944,189.0,29.0,원활,127.0312724373789877_37.6431384065756944|127.0313379882501721_37.6431972177101386|127.0315344838842435_37.6433976928929965|127.0317063615047317_37.6435881292882257|127.0318399394393509_37.6437483018028090|127.0319611171275511_37.6439100560457618|127.0320824040946093_37.6440796622059537|127.0322036071876823_37.6442741759624582|127.0323876826054175_37.6445872158534343
2026-09-04T13:22:12.125893+09:00,쌍문역,쌍문역,POI070,KEY_3,1090001802,도봉로,1090001302,창동시장입구교차로,127.0334909458621269_37.6464525507448045,1090006001,창동 703-9,127.0327445598980489_37.6451937062792226,154.0,32.0,원활,127.0327445598980489_37.6451937062792226|127.0334909458621269_37.6464525507448045
2026-09-04T13:22:12.125893+09:00,쌍문역,쌍문역,POI070,KEY_3,1090002901,도봉로110길,1090001301,창동시장입구교차로,127.0335489194755070_37.6465503488024709,1090006804,창동 703-6,127.0342878211482969_37.6462731281989917,72.0,7.0,정체,127.0342878211482969_37.6462731281989917|127.0340935174179151_37.6463460275834763|127.0335489194755070_37.6465503488024709
2026-09-04T13:22:12.125893+09:00,쌍문역,쌍문역,POI070,KEY_3,1090003001,도봉로110길,1090104700,창동 703-6,127.0340354943073748_37.6462482478843796,1090001302,창동시장입구교차로,127.0334909458621269_37.6464525507448045,53.0,17.0,서행,127.0334909458621269_37.6464525507448045|127.0340354943073748_37.6462482478843796
2026-09-04T13:22:12.125893+09:00,쌍문역,쌍문역,POI070,KEY_3,1090003002,도봉로110길,1090080200,창동 703-7,127.0357360179233837_37.6461069649814846,1090006802,창동 703-6,127.0343549840734454_37.6461328281547765,124.0,17.0,서행,127.0343549840734454_37.6461328281547765|127.0345012774259459_37.6460886710330769|127.0346261544876967_37.6460608796433576|127.0347246771475653_37.6460514498211580|127.0348610739236506_37.6460494013026832|127.0357360179233837_37.6461069649814846
2026-09-04T13:22:12.125893+09:00,쌍문역,쌍문역,POI070,KEY_3,1090003700,도봉로,1090135200,쌍문동 83-5,127.0350228266440666_37.6492923382218478,1090002003,정의여중고교입구교차로,127.0362215685676404_37.6513055778951582,247.0,29.3,원활,127.0362215685676404_37.6513055778951582|127.0360825534525588_37.6510864778828989|127.0358650918987422_37.6507183178536025|127.0356007620248846_37.6502708062316955|127.0350228266440666_37.6492923382218478
2026-09-04T13:22:12.125893+09:00,쌍문역,쌍문역,POI070,KEY_3,1090003801,도봉로,1090137100,창동 703-5,127.0342808907164880_37.6477854429096652,1090001301,창동시장입구교차로,127.0335489194755070_37.6465503488024709,152.0,22.0,서행,127.0335489194755070_37.6465503488024709|127.0342320361945099_37.6477029598049171|127.0342808907164880_37.6477854429096652
2026-09-04T13:22:12.125893+09:00,쌍문역,쌍문역,POI070,KEY_3,1090003802,도봉로,1090002002,정의여중고교입구교차로,127.0363773263417357_37.6513110181991735,1090007800,창동 703-3,127.0359881747483968_37.6506723581663039,79.0,20.0,서행,127.0359881747483968_37.6506723581663039|127.0362048236143977_37.6510391397169215|127.0363773263417357_37.6513110181991735
2026-09-04T13:22:12.125893+09:00,쌍문역,쌍문역,POI070,KEY_3,1090005100,노해로,1090121700,쌍문동 83-4,127.0350101560504044_37.6513313295938374,1090002004,정의여중고교입구교차로,127.0362912697615769_37.6514169783247610,113.0,17.3,서행,127.0362912697615769_37.6514169783247610|127.0358744447874244_37.6513983643391370|127.0356105287372799_37.6513778955387650|127.0350101560504044_37.6513313295938374
2026-09-04T13:22:12.125893+09:00,쌍문역,쌍문역,POI070,KEY_3,1090005500,노해로,1090002001,정의여중고교입구교차로,127.0364434898500150_37.6514195793773183,1090008204,창동고교,127.0376207170842662_37.6514673842390550,104.0,7.5,정체,127.0376207170842662_37.6514673842390550|127.0372124994038785_37.6514364984026884|127.0371634236865077_37.6514327847047809|127.0368827243874392_37.6514224925743335|127.0364434898500150_37.6514195793773183
2026-09-04T13:22:12.125893+09:00,쌍문역,쌍문역,POI070,KEY_3,1090005601,노해로,1090008000,정의여중입구,127.0372253821596331_37.6513288665233219,1090002002,정의여중고교입구교차로,127.0363773263417357_37.6513110181991735,75.0,21.0,서행,127.0363773263417357_37.6513110181991735|127.0368864251738898_37.6513143950908074|127.0371730020149244_37.6513249033987236|127.0372253821596331_37.6513288665233219
2026-09-04T13:22:12.125893+09:00,쌍문역,쌍문역,POI070,KEY_3,1090007201,도봉로,1090060400,창동 723-12,127.0374667021622201_37.6531309026853336,1090002001,정의여중고교입구교차로,127.0364434898500150_37.6514195793773183,210.0,24.0,서행,127.0364434898500150_37.6514195793773183|127.0365670542006740_37.6516255471527472|127.0366115427542724_37.6516990602945469|127.0370435422705526_37.6524128903159365|127.0371049079353014_37.6525142888462554|127.0374667021622201_37.6531309026853336
2026-09-04T13:22:12.125893+09:00,쌍문역,쌍문역,POI070,KEY_3,1090016100,도봉로106길,1090005903,창동 445-27,127.0334595348995492_37.6448135819881742,1090006002,창동 703-9,127.0326867677156883_37.6450958357447760,75.0,14.0,정체,127.0326867677156883_37.6450958357447760|127.0334595348995492_37.6448135819881742
2026-09-04T13:22:12.125893+09:00,쌍문역,쌍문역,POI070,KEY_3,1090016600,도봉로110다길,1090005904,창동 445-27,127.0335171994878181_37.6449114990430758,1090006803,창동 703-6,127.0342297978290986_37.6461753485027018,154.0,18.0,서행,127.0342297978290986_37.6461753485027018|127.0340689432467656_37.6459116372999603|127.0338676118185077_37.6455815638404729|127.0338380059821048_37.6455042068618368|127.0338114727567813_37.6454348781533952|127.0335171994878181_37.6449114990430758
2026-09-04T13:22:12.125893+09:00,쌍문역,쌍문역,POI070,KEY_3,1090018900,노해로,1090008000,정의여중입구,127.0372253821596331_37.6513288665233219,1090007800,창동 703-3,127.0359881747483968_37.6506723581663039,133.0,21.0,서행,127.0359881747483968_37.6506723581663039|127.0362290122563707_37.6508846218187543|127.0369217729405591_37.6512348335471998|127.0372253821596331_37.6513288665233219
2026-09-04T13:22:12.125893+09:00,쌍문역,쌍문역,POI070,KEY_3,1090044400,도봉로,1090000702,우이교앞교차로,127.0311828397790350_37.6430569437685492,1080017101,강북구-도봉구,127.0309288510039636_37.6428226257850653,34.0,15.0,서행,127.0309288510039636_37.6428226257850653|127.0311828397790350_37.6430569437685492
2026-09-04T13:22:12.125893+09:00,쌍문역,쌍문역,POI070,KEY_3,1090044500,도봉로,1080017102,강북구-도봉구,127.0308257491886792_37.6428931106192053,1090000703,우이교앞교차로,127.0310729519188158_37.6431211684896070,33.0,23.5,서행,127.0310729519188158_37.6431211684896070|127.0308257491886792_37.6428931106192053
2026-09-04T13:22:12.125893+09:00,양재역,양재역,POI041,KEY_4,1210013601,강남대로,1210486100,최소노드배치점,127.0378699418751438_37.4804219789779864,1210021103,서초구민회관,127.0362470306922518_37.4823297666331001,257.0,21.0,서행,127.0362470306922518_37.4823297666331001|127.0370531848571858_37.4815620178122231|127.0372178545636501_37.4814051903833061|127.0374052147573991_37.4811810304723849|127.0376834362452172_37.4807607700402627|127.0378699418751438_37.4804219789779864
2026-09-04T13:22:12.125893+09:00,양재역,양재역,POI041,KEY_4,1210013602,강남대로,1210021104,서초구민회관,127.0361598826672207_37.4824126347006299,1210022103,양재역(신분당선),127.0352394844712620_37.4832864839525328,127.0,22.0,서행,127.0352394844712620_37.4832864839525328|127.0359772211679399_37.4825860603316414|127.0361598826672207_37.4824126347006299
2026-09-04T13:22:12.125893+09:00,양재역,양재역,POI041,KEY_4,1210013603,강남대로,1210022104,양재역(신분당선),127.0351524056463148_37.4833697515923561,1210024103,양재역사거리,127.0340762774561654_37.4844728789609647,155.0,26.0,원활,127.0340762774561654_37.4844728789609647|127.0346472974863588_37.4838557653419784|127.0349836352215931_37.4835321429980013|127.0351524056463148_37.4833697515923561
2026-09-04T13:22:12.125893+09:00,양재역,양재역,POI041,KEY_4,1210015200,남부순환로,1210023405,서초구청앞사거리,127.0298160387686437_37.4839266444256793,1210001100,서초IC,127.0288287872834019_37.4837904329522402,89.0,20.5,서행,127.0288287872834019_37.4837904329522402|127.0298160387686437_37.4839266444256793
2026-09-04T13:22:12.125893+09:00,양재역,양재역,POI041,KEY_4,1210015300,남부순환로,1210023100,서초IC,127.0286616071774688_37.4838771371351172,1210023406,서초구청앞사거리,127.0297928843277333_37.4840332206194162,102.0,39.0,원활,127.0297928843277333_37.4840332206194162|127.0286616071774688_37.4838771371351172
2026-09-04T13:22:12.125893+09:00,양재역,양재역,POI041,KEY_4,1210015402,남부순환로,1210023702,양재지하차도(서측),127.0322646148869694_37.4843647429376858,1210024104,양재역사거리,127.0339305823189875_37.4846709888093628,152.0,12.0,정체,127.0339305823189875_37.4846709888093628|127.0325186277341913_37.4844580696051111|127.0322646148869694_37.4843647429376858
2026-09-04T13:22:12.125893+09:00,양재역,양재역,POI041,KEY_4,1210015403,남부순환로,1210023410,속성변화점,127.0312528830012866_37.4842291575750366,1210023702,양재지하차도(서측),127.0322646148869694_37.4843647429376858,91.0,11.0,정체,127.0322646148869694_37.4843647429376858|127.0313866868204684_37.4842470903056082|127.0312528830012866_37.4842291575750366
2026-09-04T13:22:12.125893+09:00,양재역,양재역,POI041,KEY_4,1210015404,남부순환로,1210175900,서초동 1376,127.0304688834092417_37.4841240757012955,1210023410,속성변화점,127.0312528830012866_37.4842291575750366,70.0,10.0,정체,127.0312528830012866_37.4842291575750366|127.0304688834092417_37.4841240757012955
2026-09-04T13:22:12.125893+09:00,양재역,양재역,POI041,KEY_4,1210015502,남부순환로,1210024103,양재역사거리,127.0340762774561654_37.4844728789609647,1210023701,양재지하차도(서측),127.0322884803785684_37.4842583138286400,161.0,14.0,정체,127.0322884803785684_37.4842583138286400|127.0325690840085429_37.4842455987838719|127.0340762774561654_37.4844728789609647
2026-09-04T13:22:12.125893+09:00,양재역,양재역,POI041,KEY_4,1210015503,남부순환로,1210023409,서초동1376,127.0312753868282414_37.4841225344668700,1210023404,서초구청앞사거리,127.0299491468833679_37.4839447711009797,119.0,35.0,원활,127.0299491468833679_37.4839447711009797|127.0304913883419289_37.4840174526615328|127.0312753868282414_37.4841225344668700
2026-09-04T13:22:12.125893+09:00,양재역,양재역,POI041,KEY_4,1210015504,남부순환로,1210023701,양재지하차도(서측),127.0322884803785684_37.4842583138286400,1210023408,서초동1376,127.0314091882127201_37.4841404676964132,79.0,38.5,원활,127.0314091882127201_37.4841404676964132|127.0322884803785684_37.4842583138286400
2026-09-04T13:22:12.125893+09:00,양재역,양재역,POI041,KEY_4,1210016403,서운로,1210119900,서초동 1381,127.0293607853437265_37.4859224457787263,1210026803,지앤이타임즈,127.0293184725809965_37.4861074409803052,21.0,12.0,정체,127.0293184725809965_37.4861074409803052|127.0293607853437265_37.4859224457787263
2026-09-04T13:22:12.125893+09:00,양재역,양재역,POI041,KEY_4,1210016404,서운로,1210198100,서초동 1381,127.0296592234120681_37.4846176232074200,1210023413,서초동1381,127.0295289779158594_37.4851870836886008,64.0,6.0,정체,127.0295289779158594_37.4851870836886008|127.0296592234120681_37.4846176232074200
2026-09-04T13:22:12.125893+09:00,양재역,양재역,POI041,KEY_4,1210016502,서운로,1210265100,서초동 1381,127.0291560231373182_37.4868282893948290,1210026801,지앤이타임즈,127.0294340080851043_37.4861874036643883,75.0,13.0,정체,127.0294340080851043_37.4861874036643883|127.0293261566869347_37.4864753109788253|127.0291560231373182_37.4868282893948290
2026-09-04T13:22:12.125893+09:00,양재역,양재역,POI041,KEY_4,1210016503,서운로,1210221500,서초동 1381,127.0298684823102491_37.4843056849218144,1210023403,서초구청앞사거리,127.0299266411793866_37.4840513940925320,29.0,10.0,정체,127.0299266411793866_37.4840513940925320|127.0298684823102491_37.4843056849218144
2026-09-04T13:22:12.125893+09:00,양재역,양재역,POI041,KEY_4,1210042500,남부순환로348길,1210395800,양재동 25,127.0354836118658142_37.4818234896589502,1210021402,속성변화점,127.0343612916231280_37.4828579968059117,172.0,7.0,정체,127.0343612916231280_37.4828579968059117|127.0345013035312434_37.4826248626667038|127.0345585919445313_37.4824806953361431|127.0346113146708973_37.4823659769818605|127.0346862677207156_37.4822783030647670|127.0349480920600911_37.4820550973857749|127.0352640588052822_37.4817372005637850|127.0353844389002091_37.4817577201900178|127.0354836118658142_37.4818234896589502
2026-09-04T13:22:12.125893+09:00,양재역,양재역,POI041,KEY_4,1210042600,남부순환로348길,1210021401,속성변화점,127.0345286599769850_37.4828297660686118,1210021104,서초구민회관,127.0361598826672207_37.4824126347006299,227.0,20.0,서행,127.0361598826672207_37.4824126347006299|127.0353968258938409_37.4819065974304024|127.0353233590157629_37.4818578756904373|127.0353180887605475_37.4818569771580883|127.0350509984066747_37.4821256996869039|127.0347925138185872_37.4823460574200951|127.0347329234404299_37.4824157616745595|127.0346870275424749_37.4825156249487463|127.0346277833618842_37.4826647151245993|127.0345286599769850_37.4828297660686118
2026-09-04T13:22:12.125893+09:00,양재역,양재역,POI041,KEY_4,1210043300,강남대로,1210022103,양재역(신분당선),127.0352394844712620_37.4832864839525328,1210021401,속성변화점,127.0345286599769850_37.4828297660686118,81.0,12.0,정체,127.0345286599769850_37.4828297660686118|127.0349836505278773_37.4831396959587693|127.0352394844712620_37.4832864839525328
2026-09-04T13:22:12.125893+09:00,양재역,양재역,POI041,KEY_4,1210043400,강남대로,1210021402,속성변화점,127.0343612916231280_37.4828579968059117,1210022104,양재역(신분당선),127.0351524056463148_37.4833697515923561,90.0,13.0,정체,127.0351524056463148_37.4833697515923561|127.0348997885669320_37.4832248093140876|127.0343612916231280_37.4828579968059117
2026-09-04T13:22:12.125893+09:00,양재역,양재역,POI041,KEY_4,1210045900,남부순환로,1210024706,양재지하차도(동측),127.0360586687670121_37.4847936982097849,1210023701,양재지하차도(서측),127.0322884803785684_37.4842583138286400,339.0,44.7,원활,127.0322884803785684_37.4842583138286400|127.0340728272282860_37.4845273783584219|127.0360586687670121_37.4847936982097849
2026-09-04T13:22:12.125893+09:00,양재역,양재역,POI041,KEY_4,1210046000,남부순환로,1210023702,양재지하차도(서측),127.0322646148869694_37.4843647429376858,1210024707,양재지하차도(동측),127.0360357594740179_37.4849002658108148,339.0,9.0,정체,127.0360357594740179_37.4849002658108148|127.0340489540976421_37.4846338186649177|127.0322646148869694_37.4843647429376858
2026-09-04T13:22:12.125893+09:00,양재역,양재역,POI041,KEY_4,1210048900,효령로72길,1210421700,서초동 1344-36,127.0275412444502194_37.4867808964481242,1210026804,지앤이타임즈,127.0292735633250203_37.4862377140809855,165.0,15.0,서행,127.0292735633250203_37.4862377140809855|127.0286110089064096_37.4864454672244634|127.0279410533482150_37.4866555361435800|127.0275412444502194_37.4867808964481242
2026-09-04T13:22:12.125893+09:00,양재역,양재역,POI041,KEY_4,1220010202,남부순환로,1210024101,양재역사거리,127.0340689766054396_37.4846913246563176,1210024707,양재지하차도(동측),127.0360357594740179_37.4849002658108148,176.0,7.0,정체,127.0360357594740179_37.4849002658108148|127.0357572961840731_37.4849177451772491|127.0340689766054396_37.4846913246563176
2026-09-04T13:22:12.125893+09:00,양재역,양재역,POI041,KEY_4,1220010205,남부순환로,1220289700,도곡동 959-64,127.0373549942873836_37.4850835385253944,1210025105,양재빌딩,127.0381419430490553_37.4851928571018931,71.0,28.0,원활,127.0381419430490553_37.4851928571018931|127.0378924560210123_37.4851582003438324|127.0373549942873836_37.4850835385253944
2026-09-04T13:22:12.125893+09:00,양재역,양재역,POI041,KEY_4,1220010206,남부순환로,1210024707,양재지하차도(동측),127.0360357594740179_37.4849002658108148,1210024705,강남피타워,127.0362666923472403_37.4849323486232535,21.0,11.0,정체,127.0362666923472403_37.4849323486232535|127.0360357594740179_37.4849002658108148
2026-09-04T13:22:12.125893+09:00,양재역,양재역,POI041,KEY_4,1220010302,남부순환로,1210024706,양재지하차도(동측),127.0360586687670121_37.4847936982097849,1210024102,양재역사거리,127.0342261265630555_37.4844931178199090,166.0,19.0,서행,127.0342261265630555_37.4844931178199090|127.0358023295931247_37.4847045015941021|127.0360586687670121_37.4847936982097849
2026-09-04T13:22:12.125893+09:00,양재역,양재역,POI041,KEY_4,1220010305,남부순환로,1210024703,속성변화점,127.0364286830664469_37.4848451024516365,1210024706,양재지하차도(동측),127.0360586687670121_37.4847936982097849,33.0,8.0,정체,127.0360586687670121_37.4847936982097849|127.0362899952789348_37.4848258348871610|127.0364286830664469_37.4848451024516365
2026-09-04T13:22:12.125893+09:00,양재역,양재역,POI041,KEY_4,1220010306,남부순환로,1220442500,도곡동 958-3,127.0368025764135211_37.4848970453510688,1210024703,속성변화점,127.0364286830664469_37.4848451024516365,34.0,8.0,정체,127.0364286830664469_37.4848451024516365|127.0368025764135211_37.4848970453510688
2026-09-04T13:22:12.125893+09:00,양재역,양재역,POI041,KEY_4,1220011902,강남대로,1220379300,도곡동 958-2,127.0336693863127380_37.4854787293575669,1210024101,양재역사거리,127.0340689766054396_37.4846913246563176,94.0,21.0,서행,127.0340689766054396_37.4846913246563176|127.0339650333567505_37.4848623610794220|127.0336693863127380_37.4854787293575669
2026-09-04T13:22:12.125893+09:00,역삼역,역삼역,POI042,KEY_1,1220022901,논현로,1220421300,역삼동 803-3,127.0380228090820651_37.4983127742013025,1220031703,역삼동 803-3,127.0375577638543518_37.4992997915635939,117.0,16.0,서행,127.0375577638543518_37.4992997915635939|127.0380228090820651_37.4983127742013025
2026-09-04T13:22:12.125893+09:00,역삼역,역삼역,POI042,KEY_1,1220022902,논현로,1220031704,역삼동 803-3,127.0375106660669928_37.4994012382100053,1220032703,역삼역앞교차로,127.0368909881553634_37.5007549406311398,160.0,29.0,원활,127.0368909881553634_37.5007549406311398|127.0375106660669928_37.4994012382100053
2026-09-04T13:22:12.125893+09:00,역삼역,역삼역,POI042,KEY_1,1220023002,논현로,1220032702,역삼역앞교차로,127.0370178297836929_37.5007934116919515,1220031701,역삼동 803-3,127.0376332097685577_37.4994490942840741,159.0,8.0,정체,127.0376332097685577_37.4994490942840741|127.0370178297836929_37.5007934116919515
2026-09-04T13:22:12.125893+09:00,역삼역,역삼역,POI042,KEY_1,1220024002,테헤란로,1220032001,한국타이어빌딩,127.0339816634749042_37.4999827779347470,1220032504,강남파이낸스센터,127.0355809598226955_37.5004709050617890,151.0,36.0,원활,127.0355809598226955_37.5004709050617890|127.0339816634749042_37.4999827779347470
2026-09-04T13:22:12.125893+09:00,역삼역,역삼역,POI042,KEY_1,1220024003,테헤란로,1220032501,강남파이낸스센터,127.0357139041821881_37.5005114802401565,1220032704,역삼역앞교차로,127.0368445237788109_37.5008565423281937,107.0,21.0,서행,127.0368445237788109_37.5008565423281937|127.0357139041821881_37.5005114802401565
2026-09-04T13:22:12.125893+09:00,역삼역,역삼역,POI042,KEY_1,1220024102,테헤란로,1220032503,강남파이낸스센터,127.0356493611653690_37.5003759986710961,1220032002,한국타이어빌딩,127.0340278079028593_37.4998810786723951,154.0,18.0,서행,127.0340278079028593_37.4998810786723951|127.0356493611653690_37.5003759986710961
2026-09-04T13:22:12.125893+09:00,역삼역,역삼역,POI042,KEY_1,1220024103,테헤란로,1220032703,역삼역앞교차로,127.0368909881553634_37.5007549406311398,1220032502,강남파이낸스센터,127.0357762567149393_37.5004147276981854,106.0,7.0,정체,127.0357762567149393_37.5004147276981854|127.0368909881553634_37.5007549406311398
2026-09-04T13:22:12.125893+09:00,역삼역,역삼역,POI042,KEY_1,1220025201,테헤란로,1220032701,역삼역앞교차로,127.0369713701904999_37.5008950080904739,1220033204,역삼동 804,127.0383036450100747_37.5012965051190150,126.0,8.0,정체,127.0383036450100747_37.5012965051190150|127.0369713701904999_37.5008950080904739
2026-09-04T13:22:12.125893+09:00,역삼역,역삼역,POI042,KEY_1,1220025202,테헤란로,1220033201,역삼동 804,127.0384303599731339_37.5013352470725749,1220033604,조선팰리스서울강남,127.0410901902141632_37.5021604542974885,252.0,14.0,정체,127.0410901902141632_37.5021604542974885|127.0384303599731339_37.5013352470725749
2026-09-04T13:22:12.125893+09:00,역삼역,역삼역,POI042,KEY_1,1220025203,테헤란로,1220033601,조선팰리스서울강남,127.0412168948508196_37.5021992128127692,1220034109,르네상스호텔사거리,127.0427049356462277_37.5026477779311733,141.0,28.0,원활,127.0427049356462277_37.5026477779311733|127.0412168948508196_37.5021992128127692
2026-09-04T13:22:12.125893+09:00,역삼역,역삼역,POI042,KEY_1,1220025301,테헤란로,1220033203,역삼동 804,127.0383619562775550_37.5011984810594541,1220032702,역삼역앞교차로,127.0370178297836929_37.5007934116919515,127.0,27.0,원활,127.0370178297836929_37.5007934116919515|127.0383619562775550_37.5011984810594541
2026-09-04T13:22:12.125893+09:00,역삼역,역삼역,POI042,KEY_1,1220025302,테헤란로,1220033603,조선팰리스서울강남,127.0411472370855819_37.5020621235551701,1220033202,역삼동 804,127.0384900125446848_37.5012377243034365,252.0,23.0,서행,127.0384900125446848_37.5012377243034365|127.0411472370855819_37.5020621235551701
2026-09-04T13:22:12.125893+09:00,역삼역,역삼역,POI042,KEY_1,1220025303,테헤란로,1220034108,르네상스호텔사거리,127.0427524460124999_37.5025464977713199,1220033602,조선팰리스서울강남,127.0412749899103062_37.5021011235286110,140.0,7.0,정체,127.0412749899103062_37.5021011235286110|127.0427524460124999_37.5025464977713199
2026-09-04T13:22:12.125893+09:00,역삼역,역삼역,POI042,KEY_1,1220026201,논현로,1220414300,역삼동 800-3,127.0365795823227160_37.5014364664377027,1220033703,역삼동 800-3,127.0362865170511100_37.5020779389071848,76.0,12.0,정체,127.0362865170511100_37.5020779389071848|127.0365795823227160_37.5014364664377027
2026-09-04T13:22:12.125893+09:00,역삼역,역삼역,POI042,KEY_1,1220026301,논현로,1220033702,역삼동 800-3,127.0364185314605834_37.5021050987604525,1220032701,역삼역앞교차로,127.0369713701904999_37.5008950080904739,143.0,5.0,정체,127.0369713701904999_37.5008950080904739|127.0367071085393178_37.5014734470237059|127.0364185314605834_37.5021050987604525
2026-09-04T13:22:12.125893+09:00,역삼역,역삼역,POI042,KEY_1,1220026302,논현로,1220035107,선&석갤러리미술관,127.0357793801420456_37.5034432024512014,1220033701,역삼동 800-3,127.0363710774077219_37.5022064868924119,147.0,9.0,정체,127.0363710774077219_37.5022064868924119|127.0359496264084811_37.5030873726170029|127.0357793801420456_37.5034432024512014
2026-09-04T13:22:12.125893+09:00,역삼역,역삼역,POI042,KEY_1,1220062900,논현로85길,1220318800,역삼동 803-8,127.0366610795921929_37.4990582363199891,1220031903,강남파이낸스센터,127.0359151742246411_37.4997297381888330,108.0,5.0,정체,127.0359151742246411_37.4997297381888330|127.0361109699647528_37.4992910933509691|127.0366162770087186_37.4990461668587614|127.0366610795921929_37.4990582363199891
2026-09-04T13:22:12.125893+09:00,역삼역,역삼역,POI042,KEY_1,1220063000,논현로85길,1220031902,강남파이낸스센터,127.0360430367235125_37.4997659664220748,1220031704,역삼동 803-3,127.0375106660669928_37.4994012382100053,172.0,11.0,정체,127.0375106660669928_37.4994012382100053|127.0366327519434861_37.4991647395749723|127.0362226810127737_37.4993635036514164|127.0360430367235125_37.4997659664220748
2026-09-04T13:22:12.125893+09:00,역삼역,역삼역,POI042,KEY_1,1220063100,논현로87길,1220377400,역삼동 736-60,127.0350245042144763_37.4994681153879341,1220032003,한국타이어빌딩,127.0339011803060885_37.4998421534899293,150.0,8.0,정체,127.0339011803060885_37.4998421534899293|127.0341720860163406_37.4992537810037732|127.0342451967198230_37.4992391968694818|127.0350245042144763_37.4994681153879341
2026-09-04T13:22:12.125893+09:00,역삼역,역삼역,POI042,KEY_1,1220063200,논현로87길,1220032002,한국타이어빌딩,127.0340278079028593_37.4998810786723951,1220031904,강남파이낸스센터,127.0358713909474631_37.4998321123386660,213.0,13.0,정체,127.0358713909474631_37.4998321123386660|127.0349775599276398_37.4995695607544732|127.0342673023357776_37.4993609254057532|127.0340278079028593_37.4998810786723951
2026-09-04T13:22:12.125893+09:00,역삼역,역삼역,POI042,KEY_1,1220063800,논현로86길,1220355200,역삼동 804-14,127.0385858837944539_37.4996365979730086,1220031702,역삼동 803-3,127.0376812090304384_37.4993454389484810,87.0,18.0,서행,127.0376812090304384_37.4993454389484810|127.0378037738192631_37.4994067530186683|127.0385858837944539_37.4996365979730086
2026-09-04T13:22:12.125893+09:00,역삼역,역삼역,POI042,KEY_1,1220063900,테헤란로26길,1220031904,강남파이낸스센터,127.0358713909474631_37.4998321123386660,1220032503,강남파이낸스센터,127.0356493611653690_37.5003759986710961,63.0,14.5,정체,127.0356493611653690_37.5003759986710961|127.0358713909474631_37.4998321123386660
2026-09-04T13:22:12.125893+09:00,역삼역,역삼역,POI042,KEY_1,1220064000,테헤란로26길,1220032502,강남파이낸스센터,127.0357762567149393_37.5004147276981854,1220031901,강남파이낸스센터,127.0360004440093178_37.4998655532656855,64.0,11.0,정체,127.0360004440093178_37.4998655532656855|127.0357762567149393_37.5004147276981854
2026-09-04T13:22:12.125893+09:00,역삼역,역삼역,POI042,KEY_1,1220064200,테헤란로19길,1220032602,현대해상강남사옥,127.0337088654406443_37.5005926415755724,1220032001,한국타이어빌딩,127.0339816634749042_37.4999827779347470,72.0,16.0,서행,127.0339816634749042_37.4999827779347470|127.0337088654406443_37.5005926415755724
2026-09-04T13:22:12.125893+09:00,역삼역,역삼역,POI042,KEY_1,1220064700,테헤란로25길,1220299000,역삼동 800-55,127.0354261517218362_37.5009351779329592,1220032501,강남파이낸스센터,127.0357139041821881_37.5005114802401565,54.0,19.0,서행,127.0357139041821881_37.5005114802401565|127.0355669976001991_37.5006583522082835|127.0354261517218362_37.5009351779329592
2026-09-04T13:22:12.125893+09:00,역삼역,역삼역,POI042,KEY_1,1220064800,강남대로94길,1220032903,AC호텔서울강남,127.0352188371493725_37.5010548317045789,1220032602,현대해상강남사옥,127.0337088654406443_37.5005926415755724,143.0,7.0,정체,127.0337088654406443_37.5005926415755724|127.0345432586491228_37.5008480456843643|127.0348576265480318_37.5009442703391116|127.0352188371493725_37.5010548317045789
2026-09-04T13:22:12.125893+09:00,역삼역,역삼역,POI042,KEY_1,1220065000,언주로85길,1220425600,역삼동 804-2,127.0413775483893204_37.5016708899374862,1220033603,조선팰리스서울강남,127.0411472370855819_37.5020621235551701,48.0,11.5,정체,127.0411472370855819_37.5020621235551701|127.0412903042234376_37.5018498555624049|127.0413775483893204_37.5016708899374862
2026-09-04T13:22:12.125893+09:00,역삼역,역삼역,POI042,KEY_1,1220065100,언주로85길,1220398400,역삼동 804-5,127.0416682032000608_37.5013733047190456,1220033404,역삼동 804-10,127.0432869693216986_37.5014089252733029,169.0,17.0,서행,127.0432869693216986_37.5014089252733029|127.0427807466158896_37.5012612056344494|127.0423901287035022_37.5011472184706918|127.0423861586326097_37.5011468064563331|127.0418446575615121_37.5010906081298501|127.0417976313598416_37.5011078006535357|127.0416682032000608_37.5013733047190456
2026-09-04T13:22:12.125893+09:00,역삼역,역삼역,POI042,KEY_1,1220066000,테헤란로25길,1220411000,역삼동 800-46,127.0357497043298878_37.5019516544713767,1220032901,AC호텔서울강남,127.0353011884444641_37.5011899349873303,103.0,11.0,정체,127.0353011884444641_37.5011899349873303|127.0352524015514604_37.5013089790965211|127.0354105872832235_37.5016420889215567|127.0355251871199442_37.5018834129373317|127.0357497043298878_37.5019516544713767
2026-09-04T13:22:12.125893+09:00,역삼역,역삼역,POI042,KEY_1,1220066100,테헤란로27길,1220033204,역삼동 804,127.0383036450100747_37.5012965051190150,1220034202,주원빌딩,127.0376735538589088_37.5025242529355367,147.0,16.0,서행,127.0376735538589088_37.5025242529355367|127.0377125497796129_37.5024717782014534|127.0378031339130587_37.5022916726038176|127.0379628362755966_37.5019741391064088|127.0381171969712426_37.5016672235797017|127.0383036450100747_37.5012965051190150
2026-09-04T13:22:12.125893+09:00,역삼역,역삼역,POI042,KEY_1,1220066200,테헤란로27길,1220355800,역삼동 801-43,127.0382431714843676_37.5017074385952114,1220033201,역삼동 804,127.0384303599731339_37.5013352470725749,45.0,15.0,서행,127.0384303599731339_37.5013352470725749|127.0382431714843676_37.5017074385952114
2026-09-04T13:22:12.125893+09:00,역삼역,역삼역,POI042,KEY_1,1220066500,논현로94길,1220446500,역삼동 679-1,127.0370346102444188_37.5023108598895689,1220033702,역삼동 800-3,127.0364185314605834_37.5021050987604525,59.0,16.0,서행,127.0364185314605834_37.5021050987604525|127.0370346102444188_37.5023108598895689
2026-09-04T13:22:12.125893+09:00,역삼역,역삼역,POI042,KEY_1,1220066600,논현로94길,1220293800,역삼동 801-43,127.0371427012136962_37.5024641970630412,1220034203,주원빌딩,127.0376210865578486_37.5026239667892369,46.0,13.0,정체,127.0376210865578486_37.5026239667892369|127.0371427012136962_37.5024641970630412
2026-09-04T13:22:12.125893+09:00,역삼역,역삼역,POI042,KEY_1,1220068100,테헤란로37길,1220264200,역삼동 801-35,127.0407611017780738_37.5031096751308723,1220033601,조선팰리스서울강남,127.0412168948508196_37.5021992128127692,109.0,18.5,서행,127.0412168948508196_37.5021992128127692|127.0409307988315248_37.5027697610468564|127.0407642310578069_37.5031019352162929|127.0407611017780738_37.5031096751308723
2026-09-04T13:22:12.125893+09:00,역삼역,역삼역,POI042,KEY_1,1220068200,테헤란로37길,1220264100,역삼동 677-32,127.0406319239594382_37.5030765261350822,1220035202,역삼동 801-35,127.0404774749732866_37.5034585349666685,45.0,14.5,정체,127.0404774749732866_37.5034585349666685|127.0406319239594382_37.5030765261350822
2026-09-04T13:22:12.125893+09:00,역삼역,역삼역,POI042,KEY_1,1220068300,언주로93길,1220321900,역삼동 801-33,127.0391274307591516_37.5030308203285614,1220034201,주원빌딩,127.0377844825094655_37.5025872091827566,129.0,14.0,정체,127.0377844825094655_37.5025872091827566|127.0378060516913052_37.5026080587615880|127.0384306021221903_37.5028078796534032|127.0387682486888679_37.5029159056779875|127.0391274307591516_37.5030308203285614
2026-09-04T13:22:12.125893+09:00,역삼역,역삼역,POI042,KEY_1,1220069700,언주로93길,1220274400,역삼동 801-35,127.0412737965731509_37.5038968162216406,1220035201,역삼동 676,127.0405990896133375_37.5035103913320995,74.0,10.5,정체,127.0405990896133375_37.5035103913320995|127.0406893594651905_37.5035754025077637|127.0408653580880838_37.5036752510038980|127.0412405043126967_37.5038880792316647|127.0412737965731509_37.5038968162216406
2026-09-04T13:22:12.125893+09:00,역삼역,역삼역,POI042,KEY_1,1220109300,논현로86길,1220031701,역삼동 803-3,127.0376332097685577_37.4994490942840741,1220033203,역삼동 804,127.0383619562775550_37.5011984810594541,269.0,27.0,원활,127.0383619562775550_37.5011984810594541|127.0384939225746734_37.5010126436947360|127.0385785669749765_37.5008379293449394|127.0387523426002332_37.5004792366435709|127.0389134461888858_37.5001466971603179|127.0385215492466671_37.4997329331422051|127.0377435658552514_37.4995043007809841|127.0376332097685577_37.4994490942840741
2026-09-04T13:22:12.125893+09:00,역삼역,역삼역,POI042,KEY_1,1220109400,테헤란로25길,1220032504,강남파이낸스센터,127.0355809598226955_37.5004709050617890,1220032903,AC호텔서울강남,127.0352188371493725_37.5010548317045789,73.0,11.0,정체,127.0352188371493725_37.5010548317045789|127.0353003824151870_37.5008945602992867|127.0354486142979624_37.5006032191951775|127.0355809598226955_37.5004709050617890
2026-09-04T13:22:12.125893+09:00,역삼역,역삼역,POI042,KEY_1,1220109500,테헤란로25길,1220441900,역삼동 800-46,127.0352836579838822_37.5016803480284437,1220033704,역삼동 800-3,127.0362369327934431_37.5021833042211554,111.0,14.5,정체,127.0362369327934431_37.5021833042211554|127.0361038904469950_37.5021750291069296|127.0357013303636364_37.5020526726668919|127.0354198369294210_37.5019671128703962|127.0352836579838822_37.5016803480284437
2026-09-04T13:22:12.125893+09:00,연신내역,연신내역,POI043,KEY_2,1110001503,연서로,1110105600,갈현동 530-2,126.9191210811147101_37.6170033593878657,1110019203,하나은행연신내지점,126.9193918028253876_37.6174113195444662,51.0,30.0,원활,126.9193918028253876_37.6174113195444662|126.9191210811147101_37.6170033593878657
2026-09-04T13:22:12.125893+09:00,연신내역,연신내역,POI043,KEY_2,1110001504,연서로,1110187200,갈현동 389-6,126.9196400799543625_37.6177839798001798,1110019400,연신내역,126.9200614701943834_37.6184160813275312,79.0,11.0,정체,126.9200614701943834_37.6184160813275312|126.9196400799543625_37.6177839798001798
2026-09-04T13:22:12.125893+09:00,연신내역,연신내역,POI043,KEY_2,1110001505,연서로,1110204300,갈현동 439-7,126.9206257333500787_37.6187209331177215,1110000904,연신내역앞교차로,126.9212784764965676_37.6189101493237814,61.0,11.0,정체,126.9212784764965676_37.6189101493237814|126.9206355668252399_37.6187241813834703|126.9206257333500787_37.6187209331177215
2026-09-04T13:22:12.125893+09:00,연신내역,연신내역,POI043,KEY_2,1110001604,연서로,1110211200,대조동 228-1,126.9202548518927500_37.6184314740807295,1110019201,하나은행연신내지점,126.9195769445319968_37.6174587466015211,124.0,9.0,정체,126.9195769445319968_37.6174587466015211|126.9197593257919294_37.6177338047535628|126.9201657311834452_37.6183467163848206|126.9202548518927500_37.6184314740807295
2026-09-04T13:22:12.125893+09:00,연신내역,연신내역,POI043,KEY_2,1110001701,통일로,1110000904,연신내역앞교차로,126.9212784764965676_37.6189101493237814,1110019800,연신내역,126.9207299541102003_37.6195647960508452,87.0,22.0,서행,126.9207299541102003_37.6195647960508452|126.9212784764965676_37.6189101493237814
2026-09-04T13:22:12.125893+09:00,연신내역,연신내역,POI043,KEY_2,1110001802,통일로,1110276900,불광동 484-82,126.9206343140460120_37.6198754773551016,1110000901,연신내역앞교차로,126.9214112017024263_37.6189466943516067,124.0,26.0,원활,126.9214112017024263_37.6189466943516067|126.9208432802010549_37.6196244949793908|126.9206343140460120_37.6198754773551016
2026-09-04T13:22:12.125893+09:00,연신내역,연신내역,POI043,KEY_2,1110013702,통일로,1110203100,불광동 308-3,126.9219105125210376_37.6181746742698593,1110000903,연신내역앞교차로,126.9213567205654414_37.6188177358830984,87.0,12.5,정체,126.9213567205654414_37.6188177358830984|126.9219105125210376_37.6181746742698593
2026-09-04T13:22:12.125893+09:00,연신내역,연신내역,POI043,KEY_2,1110014001,연서로,1110219300,불광동 309-4,126.9226386392597732_37.6193753898948984,1110000902,연신내역앞교차로,126.9214908022308350_37.6188533548093673,121.0,23.0,서행,126.9214908022308350_37.6188533548093673|126.9221600641645722_37.6190222750227292|126.9223610041808143_37.6191151559738088|126.9224330610361591_37.6191709731888508|126.9225061446400247_37.6192275856208340|126.9226386392597732_37.6193753898948984
2026-09-04T13:22:12.125893+09:00,연신내역,연신내역,POI043,KEY_2,1110035000,연서로26길,1110257200,대조동 185-12,126.9200627926501568_37.6171301646562029,1110019202,하나은행연신내지점,126.9195135135817480_37.6173631224620664,55.0,18.0,서행,126.9195135135817480_37.6173631224620664|126.9200627926501568_37.6171301646562029
2026-09-04T13:22:12.125893+09:00,연신내역,연신내역,POI043,KEY_2,1110035500,연서로27길,1110149700,갈현동 420-10,126.9187221737785336_37.6178103221391424,1110019204,하나은행연신내지점,126.9194554443667755_37.6175070154733575,73.0,16.5,서행,126.9194554443667755_37.6175070154733575|126.9193235955441992_37.6175557871926429|126.9187221737785336_37.6178103221391424
2026-09-04T13:22:12.125893+09:00,연신내역,연신내역,POI043,KEY_2,1110036500,통일로,1110128500,갈현동 420-35,126.9197022186026942_37.6197297502046695,1110019501,연신내역(GTX-A),126.9203079864686146_37.6188802936263968,108.0,8.0,정체,126.9203079864686146_37.6188802936263968|126.9202451318865030_37.6189485091594449|126.9198832339485818_37.6194639413064422|126.9197379057777937_37.6196709222245929|126.9197022186026942_37.6197297502046695
2026-09-04T13:22:12.125893+09:00,오목교역·목동운동장,오목교역·목동운동장,POI044,KEY_3,1140017800,목동동로,1140024202,목동 405-403,126.8715637411060015_37.5249515816088035,1140005401,목동초등학교,126.8711677708672312_37.5232047866843175,197.0,22.0,서행,126.8711677708672312_37.5232047866843175|126.8712225487244751_37.5234520114673984|126.8715637411060015_37.5249515816088035
2026-09-04T13:22:12.125893+09:00,오목교역·목동운동장,오목교역·목동운동장,POI044,KEY_3,1140012500,안양천로,1140310800,최소노드배치점,126.8775163465214035_37.5198303050041133,1140004904,신정동 137-2,126.8782632688182161_37.5221322207168839,268.0,48.0,원활,126.8782632688182161_37.5221322207168839|126.8782981016445603_37.5218734009839139|126.8782983970848619_37.5216915105551223|126.8782899061957039_37.5215347769621914|126.8782687357557535_37.5214259401943480|126.8782126253799163_37.5212531304698587|126.8776046350151319_37.5200558238897699|126.8775163465214035_37.5198303050041133
2026-09-04T13:22:12.125893+09:00,오목교역·목동운동장,오목교역·목동운동장,POI044,KEY_3,1140017600,오목로52길,1140005601,진도아파트,126.8687459414196042_37.5239674403543688,1140005501,신정동 314-7,126.8693054271715681_37.5236081240057757,64.0,7.0,정체,126.8693054271715681_37.5236081240057757|126.8692601852498569_37.5236620117285966|126.8691995517558411_37.5237239254150978|126.8687459414196042_37.5239674403543688
2026-09-04T13:22:12.125893+09:00,오목교역·목동운동장,오목교역·목동운동장,POI044,KEY_3,1140012602,안양천로,1140004903,신정동 137-2,126.8783982430570489_37.5221437443696928,1140019200,신정동쌍용아파트,126.8774277767779068_37.5184368802104729,426.0,39.0,원활,126.8774277767779068_37.5184368802104729|126.8774952028564798_37.5191418307164994|126.8775390353828385_37.5194455320804607|126.8776179855951369_37.5197267258202132|126.8776459355257060_37.5197981187704457|126.8777325662202884_37.5200194000170413|126.8783418122356039_37.5212191777890709|126.8784018478279023_37.5214040739357841|126.8784252027244150_37.5215241376156143|126.8784341474975008_37.5216892491856768|126.8784338392301549_37.5218792486221702|126.8783982430570489_37.5221437443696928
2026-09-04T13:22:12.125893+09:00,오목교역·목동운동장,오목교역·목동운동장,POI044,KEY_3,1140014300,신목로,1140120200,신정동 867,126.8739873187226550_37.5218579763837994,1140022703,목동대림아파트,126.8745697226059406_37.5226063103844822,98.0,20.0,서행,126.8745697226059406_37.5226063103844822|126.8744307221974879_37.5224274581294210|126.8740376315152645_37.5219216616090065|126.8739873187226550_37.5218579763837994
2026-09-04T13:22:12.125893+09:00,오목교역·목동운동장,오목교역·목동운동장,POI044,KEY_3,1140015200,목동동로,1140005402,목동초등학교,126.8711441712250974_37.5230982757077953,1140004500,목동중교앞교차로,126.8706828920324767_37.5210163482448067,235.0,32.5,원활,126.8706828920324767_37.5210163482448067|126.8711441712250974_37.5230982757077953
2026-09-04T13:22:12.125893+09:00,오목교역·목동운동장,오목교역·목동운동장,POI044,KEY_3,1140015301,신목로16길,1140249500,신정동 118-1,126.8752005636399076_37.5225073241394256,1140022702,목동대림아파트,126.8747137790712998_37.5225862434658168,44.0,21.0,서행,126.8747137790712998_37.5225862434658168|126.8749527901100720_37.5225391961652974|126.8752005636399076_37.5225073241394256
2026-09-04T13:22:12.125893+09:00,오목교역·목동운동장,오목교역·목동운동장,POI044,KEY_3,1140015302,신목로16길,1140249400,신정동 1279-3,126.8777989258199455_37.5221812276191784,1140004907,신정동869-2,126.8772375700857680_37.5222426464536625,50.0,21.0,서행,126.8772375700857680_37.5222426464536625|126.8773244365227271_37.5222313034119352|126.8777989258199455_37.5221812276191784
2026-09-04T13:22:12.125893+09:00,오목교역·목동운동장,오목교역·목동운동장,POI044,KEY_3,1140015401,신목로16길,1140249300,목동 931-1,126.8778167573564701_37.5222884107940757,1140004905,신정동 137-2,126.8782466548456256_37.5222430390452502,38.0,21.0,서행,126.8782466548456256_37.5222430390452502|126.8778167573564701_37.5222884107940757
2026-09-04T13:22:12.125893+09:00,오목교역·목동운동장,오목교역·목동운동장,POI044,KEY_3,1140015402,신목로16길,1140158900,목동 404-77,126.8759834422349684_37.5225159696095574,1140004909,신정동869-2,126.8771236229552954_37.5223670896548782,102.0,13.0,정체,126.8771236229552954_37.5223670896548782|126.8766435652983375_37.5224297749589510|126.8759834422349684_37.5225159696095574
2026-09-04T13:22:12.125893+09:00,오목교역·목동운동장,오목교역·목동운동장,POI044,KEY_3,1140015700,목동서로,1140004800,신정동 314-7,126.8687327841983716_37.5212909443460276,1140005502,신정동 314-7,126.8692623646753077_37.5234649054807363,246.0,24.0,서행,126.8692623646753077_37.5234649054807363|126.8691738622376448_37.5232295496424726|126.8687327841983716_37.5212909443460276
2026-09-04T13:22:12.125893+09:00,오목교역·목동운동장,오목교역·목동운동장,POI044,KEY_3,1140016300,목동동로12길,1140147700,신정동 866,126.8729486753771027_37.5228267186683766,1140005402,목동초등학교,126.8711441712250974_37.5230982757077953,162.0,10.0,정체,126.8711441712250974_37.5230982757077953|126.8720108283598051_37.5229578902758263|126.8723453037555942_37.5229111099127408|126.8729486753771027_37.5228267186683766
2026-09-04T13:22:12.125893+09:00,오목교역·목동운동장,오목교역·목동운동장,POI044,KEY_3,1140016400,목동동로12길,1140139800,목동 405-496,126.8740954722556609_37.5227760865136304,1140022704,목동대림아파트,126.8746480515111728_37.5227066354428302,49.0,11.0,정체,126.8746480515111728_37.5227066354428302|126.8743513142501200_37.5227402993975758|126.8740954722556609_37.5227760865136304
2026-09-04T13:22:12.125893+09:00,오목교역·목동운동장,오목교역·목동운동장,POI044,KEY_3,1140016500,안양천로,1140004905,신정동 137-2,126.8782466548456256_37.5222430390452502,1140005804,오목교앞,126.8779508992600427_37.5241008203129311,208.0,42.0,원활,126.8779508992600427_37.5241008203129311|126.8782466548456256_37.5222430390452502
2026-09-04T13:22:12.125893+09:00,오목교역·목동운동장,오목교역·목동운동장,POI044,KEY_3,1140016600,안양천로,1140005803,오목교앞,126.8780911957869648_37.5240790938181874,1140004902,신정동 137-2,126.8783813240257246_37.5222566391420145,204.0,46.0,원활,126.8783813240257246_37.5222566391420145|126.8780911957869648_37.5240790938181874
2026-09-04T13:22:12.125893+09:00,오목교역·목동운동장,오목교역·목동운동장,POI044,KEY_3,1140017300,신목로,1140022704,목동대림아파트,126.8746480515111728_37.5227066354428302,1140005903,오목교역앞교차로,126.8759863183296375_37.5244024257695941,222.0,17.0,서행,126.8759863183296375_37.5244024257695941|126.8758374449947581_37.5242137848674417|126.8752987382339228_37.5235311673306313|126.8746480515111728_37.5227066354428302
2026-09-04T13:22:12.125893+09:00,오목교역·목동운동장,오목교역·목동운동장,POI044,KEY_3,1140017400,신목로,1140309400,목동 451,126.8754136698647699_37.5234736306829149,1140022701,목동대림아파트,126.8747895063311830_37.5226827108236449,104.0,12.0,정체,126.8747895063311830_37.5226827108236449|126.8754136698647699_37.5234736306829149
2026-09-04T13:22:12.125893+09:00,오목교역·목동운동장,오목교역·목동운동장,POI044,KEY_3,1140017500,오목로52길,1140005502,신정동 314-7,126.8692623646753077_37.5234649054807363,1140005602,진도아파트,126.8686193171741792_37.5239050293816163,76.0,7.0,정체,126.8686193171741792_37.5239050293816163|126.8691057851297330_37.5236438756357344|126.8691500961154901_37.5235986286673651|126.8692623646753077_37.5234649054807363
2026-09-04T13:22:12.125893+09:00,오목교역·목동운동장,오목교역·목동운동장,POI044,KEY_3,1140017901,오목로,1140005808,오목교역교차로,126.8770947270476057_37.5242334046017945,1140005902,오목교역앞교차로,126.8761310369372666_37.5243826302763139,87.0,29.0,원활,126.8761310369372666_37.5243826302763139|126.8770947270476057_37.5242334046017945
2026-09-04T13:22:12.125893+09:00,오목교역·목동운동장,오목교역·목동운동장,POI044,KEY_3,1140017902,오목로,1140005804,오목교앞,126.8779508992600427_37.5241008203129311,1140005807,오목교역교차로,126.8772308694981206_37.5242123224589861,65.0,38.0,원활,126.8772308694981206_37.5242123224589861|126.8779508992600427_37.5241008203129311
2026-09-04T13:22:12.125893+09:00,오목교역·목동운동장,오목교역·목동운동장,POI044,KEY_3,1140018001,오목로,1140005809,속성변화점,126.8771206355412460_37.5243395372797224,1140005805,오목교앞,126.8779334977156736_37.5242136606699717,73.0,12.0,정체,126.8779334977156736_37.5242136606699717|126.8772567781790173_37.5243184551863749|126.8771206355412460_37.5243395372797224
2026-09-04T13:22:12.125893+09:00,오목교역·목동운동장,오목교역·목동운동장,POI044,KEY_3,1140018002,오목로,1140005901,오목교역앞교차로,126.8762075502601192_37.5244809269495647,1140005809,속성변화점,126.8771206355412460_37.5243395372797224,82.0,10.0,정체,126.8771206355412460_37.5243395372797224|126.8762075502601192_37.5244809269495647
2026-09-04T13:22:12.125893+09:00,오목교역·목동운동장,오목교역·목동운동장,POI044,KEY_3,1140018300,목동서로,1140005501,신정동 314-7,126.8693054271715681_37.5236081240057757,1140024402,이마트(목동점),126.8696881012263020_37.5252426482316679,185.0,28.0,원활,126.8696881012263020_37.5252426482316679|126.8693054271715681_37.5236081240057757
2026-09-04T13:22:12.125893+09:00,오목교역·목동운동장,오목교역·목동운동장,POI044,KEY_3,1140018501,오목로,1140023702,목동지하차도(북측),126.8740841329588278_37.5246472899287866,1140024202,목동 405-403,126.8715637411060015_37.5249515816088035,226.0,29.3,원활,126.8715637411060015_37.5249515816088035|126.8738049182802854_37.5246321684823272|126.8740841329588278_37.5246472899287866
2026-09-04T13:22:12.125893+09:00,오목교역·목동운동장,오목교역·목동운동장,POI044,KEY_3,1140018502,오목로,1140307300,목동 406-30,126.8750381222751429_37.5245244890044916,1140023702,목동지하차도(북측),126.8740841329588278_37.5246472899287866,85.0,5.0,정체,126.8740841329588278_37.5246472899287866|126.8750381222751429_37.5245244890044916
2026-09-04T13:22:12.125893+09:00,오목교역·목동운동장,오목교역·목동운동장,POI044,KEY_3,1140018601,오목로,1140024201,목동 406-411,126.8716125319034518_37.5251643021964796,1140023701,목동지하차도(북측),126.8741069190683675_37.5247538721865865,226.0,20.0,서행,126.8741069190683675_37.5247538721865865|126.8738527462003276_37.5248450262842681|126.8716125319034518_37.5251643021964796
2026-09-04T13:22:12.125893+09:00,오목교역·목동운동장,오목교역·목동운동장,POI044,KEY_3,1140018602,오목로,1140307200,목동 406-189,126.8750597810405623_37.5246312199444461,1140005904,오목교역앞교차로,126.8760643398085648_37.5245019045336150,90.0,39.0,원활,126.8760643398085648_37.5245019045336150|126.8750597810405623_37.5246312199444461
2026-09-04T13:22:12.125893+09:00,오목교역·목동운동장,오목교역·목동운동장,POI044,KEY_3,1140018900,안양천로,1140005805,오목교앞,126.8779334977156736_37.5242136606699717,1140024903,유수지삼거리,126.8778106790796869_37.5254482179826141,138.0,37.0,원활,126.8778106790796869_37.5254482179826141|126.8778076033235180_37.5253311284629376|126.8778033704581389_37.5251353102778893|126.8778219971371328_37.5249492573674033|126.8779334977156736_37.5242136606699717
2026-09-04T13:22:12.125893+09:00,오목교역·목동운동장,오목교역·목동운동장,POI044,KEY_3,1140019000,안양천로,1140024902,유수지삼거리,126.8779464032071473_37.5254459558066031,1140005802,오목교앞,126.8780735218519879_37.5241919764275096,140.0,31.0,원활,126.8780735218519879_37.5241919764275096|126.8779571009713720_37.5249600378836519|126.8779392163644246_37.5251386844469152|126.8779433317381944_37.5253290667624455|126.8779464032071473_37.5254459558066031
2026-09-04T13:22:12.125893+09:00,오목교역·목동운동장,오목교역·목동운동장,POI044,KEY_3,1140019100,오목로,1140024202,목동 405-403,126.8715637411060015_37.5249515816088035,1140024402,이마트(목동점),126.8696881012263020_37.5252426482316679,169.0,18.0,서행,126.8696881012263020_37.5252426482316679|126.8715637411060015_37.5249515816088035
2026-09-04T13:22:12.125893+09:00,오목교역·목동운동장,오목교역·목동운동장,POI044,KEY_3,1140019200,오목로,1140024401,이마트(목동점),126.8697371909397162_37.5254553384607306,1140024201,목동 406-411,126.8716125319034518_37.5251643021964796,169.0,10.0,정체,126.8716125319034518_37.5251643021964796|126.8697371909397162_37.5254553384607306
2026-09-04T13:22:12.125893+09:00,오목교역·목동운동장,오목교역·목동운동장,POI044,KEY_3,1140019500,신목로,1140025202,목동 916-1,126.8770619466196905_37.5255858031045690,1140005901,오목교역앞교차로,126.8762075502601192_37.5244809269495647,144.0,21.0,서행,126.8762075502601192_37.5244809269495647|126.8768165978919740_37.5252685305008669|126.8770619466196905_37.5255858031045690
2026-09-04T13:22:12.125893+09:00,오목교역·목동운동장,오목교역·목동운동장,POI044,KEY_3,1140019600,신목로,1140234700,목동 451,126.8767010085339706_37.5253252300247340,1140025203,목동 916-1,126.8769214036638147_37.5256102349532839,37.0,12.0,정체,126.8769214036638147_37.5256102349532839|126.8767010085339706_37.5253252300247340
2026-09-04T13:22:12.125893+09:00,오목교역·목동운동장,오목교역·목동운동장,POI044,KEY_3,1140019700,오목로,1140024402,이마트(목동점),126.8696881012263020_37.5252426482316679,1140041901,목동 927-7,126.8679905384463638_37.5255090319049103,153.0,12.0,정체,126.8679905384463638_37.5255090319049103|126.8696881012263020_37.5252426482316679
2026-09-04T13:22:12.125893+09:00,오목교역·목동운동장,오목교역·목동운동장,POI044,KEY_3,1140019800,오목로,1140025001,목동지하차도(남측),126.8671078971091220_37.5258140928448327,1140024401,이마트(목동점),126.8697371909397162_37.5254553384607306,236.0,42.5,원활,126.8697371909397162_37.5254553384607306|126.8680718606105700_37.5257167240043117|126.8673889689767265_37.5258247482301499|126.8671078971091220_37.5258140928448327
2026-09-04T13:22:12.125893+09:00,오목교역·목동운동장,오목교역·목동운동장,POI044,KEY_3,1140019901,목동동로,1140025203,목동 916-1,126.8769214036638147_37.5256102349532839,1140006402,현대백화점,126.8757939559254027_37.5258006203416130,102.0,17.0,서행,126.8757939559254027_37.5258006203416130|126.8769214036638147_37.5256102349532839
2026-09-04T13:22:12.125893+09:00,오목교역·목동운동장,오목교역·목동운동장,POI044,KEY_3,1140019902,목동동로,1140024903,유수지삼거리,126.8778106790796869_37.5254482179826141,1140025202,목동 916-1,126.8770619466196905_37.5255858031045690,68.0,7.0,정체,126.8770619466196905_37.5255858031045690|126.8778106790796869_37.5254482179826141
2026-09-04T13:22:12.125893+09:00,오목교역·목동운동장,오목교역·목동운동장,POI044,KEY_3,1140020002,목동동로,1140006401,현대백화점,126.8758221113743332_37.5259063887954838,1140025204,목동 916-1,126.8769495613334470_37.5257160032038541,102.0,20.0,서행,126.8769495613334470_37.5257160032038541|126.8758221113743332_37.5259063887954838
2026-09-04T13:22:12.125893+09:00,오목교역·목동운동장,오목교역·목동운동장,POI044,KEY_3,1140020003,목동동로,1140025201,목동 916-1,126.8770924657217307_37.5256911556177215,1140024904,유수지삼거리,126.8778308169557647_37.5255554783344678,67.0,17.0,서행,126.8778308169557647_37.5255554783344678|126.8770924657217307_37.5256911556177215
2026-09-04T13:22:12.125893+09:00,오목교역·목동운동장,오목교역·목동운동장,POI044,KEY_3,1140020200,목동동로,1140027200,방송회관앞교차로,126.8719171529918981_37.5264818390629102,1140024201,목동 406-411,126.8716125319034518_37.5251643021964796,149.0,14.0,정체,126.8716125319034518_37.5251643021964796|126.8719171529918981_37.5264818390629102
2026-09-04T13:22:12.125893+09:00,오목교역·목동운동장,오목교역·목동운동장,POI044,KEY_3,1140020502,목동동로,1140006402,현대백화점,126.8757939559254027_37.5258006203416130,1140006500,목동 916-1,126.8738928014029597_37.5261701039375168,173.0,20.0,서행,126.8738928014029597_37.5261701039375168|126.8757939559254027_37.5258006203416130
2026-09-04T13:22:12.125893+09:00,오목교역·목동운동장,오목교역·목동운동장,POI044,KEY_3,1140020900,목동서로,1140024401,이마트(목동점),126.8697371909397162_37.5254553384607306,1140006800,목동7단지교차로,126.8700370466621052_37.5267734422290928,149.0,25.0,원활,126.8700370466621052_37.5267734422290928|126.8697371909397162_37.5254553384607306
2026-09-04T13:22:12.125893+09:00,오목교역·목동운동장,오목교역·목동운동장,POI044,KEY_3,1140021300,목동동로,1140006500,목동 916-1,126.8738928014029597_37.5261701039375168,1140027200,방송회관앞교차로,126.8719171529918981_37.5264818390629102,178.0,14.5,정체,126.8719171529918981_37.5264818390629102|126.8738928014029597_37.5261701039375168
2026-09-04T13:22:12.125893+09:00,오목교역·목동운동장,오목교역·목동운동장,POI044,KEY_3,1140021600,목동서로,1140027200,방송회관앞교차로,126.8719171529918981_37.5264818390629102,1140006800,목동7단지교차로,126.8700370466621052_37.5267734422290928,169.0,8.0,정체,126.8700370466621052_37.5267734422290928|126.8719171529918981_37.5264818390629102
2026-09-04T13:22:12.125893+09:00,오목교역·목동운동장,오목교역·목동운동장,POI044,KEY_3,1140021700,목동서로,1140006500,목동 916-1,126.8738928014029597_37.5261701039375168,1140006900,목운초등학교,126.8741154633229371_37.5271522276647929,111.0,17.5,서행,126.8741154633229371_37.5271522276647929|126.8738928014029597_37.5261701039375168
2026-09-04T13:22:12.125893+09:00,오목교역·목동운동장,오목교역·목동운동장,POI044,KEY_3,1140022002,목동동로,1140007100,목동주차장교차로,126.8761975431109761_37.5275646112610417,1140006401,현대백화점,126.8758221113743332_37.5259063887954838,187.0,37.0,원활,126.8758221113743332_37.5259063887954838|126.8761975431109761_37.5275646112610417
2026-09-04T13:22:12.125893+09:00,오목교역·목동운동장,오목교역·목동운동장,POI044,KEY_3,1140022400,목동동로,1140007000,목운중학교,126.8721405737730663_37.5274481402760784,1140027200,방송회관앞교차로,126.8719171529918981_37.5264818390629102,109.0,19.0,서행,126.8719171529918981_37.5264818390629102|126.8721405737730663_37.5274481402760784
2026-09-04T13:22:12.125893+09:00,오목교역·목동운동장,오목교역·목동운동장,POI044,KEY_3,1140022700,안양천로,1140024904,유수지삼거리,126.8778308169557647_37.5255554783344678,1140029804,목동 914-3,126.8802517919727677_37.5287987014459361,421.0,38.7,원활,126.8802517919727677_37.5287987014459361|126.8801811820151499_37.5287329253868762|126.8800611888309646_37.5285781124886810|126.8796216304804858_37.5279546967675728|126.8793985338476347_37.5276446174976570|126.8790646266032951_37.5272250301873171|126.8784238801622450_37.5265380128296968|126.8781472901061704_37.5261975915847756|126.8779873955565591_37.5259420727405697|126.8778954134242127_37.5257508590129163|126.8778308169557647_37.5255554783344678
2026-09-04T13:22:12.125893+09:00,오목교역·목동운동장,오목교역·목동운동장,POI044,KEY_3,1140022800,안양천로,1140029803,목동 914-3,126.8803549801513242_37.5287284420117473,1140024901,유수지삼거리,126.8779620959467849_37.5255279467383502,415.0,41.0,원활,126.8779620959467849_37.5255279467383502|126.8780248173832916_37.5257176556673286|126.8781118197576490_37.5258985161525374|126.8782653980794493_37.5261439407063264|126.8785354739030140_37.5264763432727975|126.8791766036924997_37.5271637712813586|126.8795148196710159_37.5275887722878068|126.8797397136665239_37.5279013489451643|126.8801781868167637_37.5285232242217575|126.8802911905114854_37.5286690199059407|126.8803549801513242_37.5287284420117473
2026-09-04T13:22:12.125893+09:00,오목교역·목동운동장,오목교역·목동운동장,POI044,KEY_3,1140023000,목동서로,1140007000,목운중학교,126.8721405737730663_37.5274481402760784,1140006900,목운초등학교,126.8741154633229371_37.5271522276647929,178.0,16.0,서행,126.8741154633229371_37.5271522276647929|126.8721405737730663_37.5274481402760784
2026-09-04T13:22:12.125893+09:00,오목교역·목동운동장,오목교역·목동운동장,POI044,KEY_3,1140023100,목동서로,1140006900,목운초등학교,126.8741154633229371_37.5271522276647929,1140007200,목동 920-2,126.8742742959669556_37.5278527965658384,79.0,17.0,서행,126.8742742959669556_37.5278527965658384|126.8741154633229371_37.5271522276647929
2026-09-04T13:22:12.125893+09:00,오목교역·목동운동장,오목교역·목동운동장,POI044,KEY_3,1140023500,목동서로,1140006800,목동7단지교차로,126.8700370466621052_37.5267734422290928,1140007600,목동 925-5,126.8703817932222933_37.5284034261129520,183.0,35.0,원활,126.8703817932222933_37.5284034261129520|126.8700370466621052_37.5267734422290928
2026-09-04T13:22:12.125893+09:00,오목교역·목동운동장,오목교역·목동운동장,POI044,KEY_3,1140023800,목동동로,1140007200,목동 920-2,126.8742742959669556_37.5278527965658384,1140007100,목동주차장교차로,126.8761975431109761_37.5275646112610417,173.0,12.0,정체,126.8761975431109761_37.5275646112610417|126.8742742959669556_37.5278527965658384
2026-09-04T13:22:12.125893+09:00,오목교역·목동운동장,오목교역·목동운동장,POI044,KEY_3,1140024000,목동동로,1140007400,목동 924-2,126.8722963649476441_37.5281219280359437,1140007000,목운중학교,126.8721405737730663_37.5274481402760784,76.0,19.0,서행,126.8721405737730663_37.5274481402760784|126.8722963649476441_37.5281219280359437
2026-09-04T13:22:12.125893+09:00,오목교역·목동운동장,오목교역·목동운동장,POI044,KEY_3,1140024500,목동서로,1140007200,목동 920-2,126.8742742959669556_37.5278527965658384,1140007700,CBS기독교방송,126.8744364998262313_37.5285619580008785,80.0,31.0,원활,126.8744364998262313_37.5285619580008785|126.8742742959669556_37.5278527965658384
2026-09-04T13:22:12.125893+09:00,오목교역·목동운동장,오목교역·목동운동장,POI044,KEY_3,1140024700,목동서로,1140007400,목동 924-2,126.8722963649476441_37.5281219280359437,1140007600,목동 925-5,126.8703817932222933_37.5284034261129520,172.0,10.0,정체,126.8703817932222933_37.5284034261129520|126.8722963649476441_37.5281219280359437
2026-09-04T13:22:12.125893+09:00,오목교역·목동운동장,오목교역·목동운동장,POI044,KEY_3,1140025200,목동동로,1140008502,한국통신목동지점,126.8767586051522613_37.5300075904237431,1140007100,목동주차장교차로,126.8761975431109761_37.5275646112610417,276.0,21.0,서행,126.8761975431109761_37.5275646112610417|126.8762869637620554_37.5279574217115623|126.8767586051522613_37.5300075904237431
2026-09-04T13:22:12.125893+09:00,오목교역·목동운동장,오목교역·목동운동장,POI044,KEY_3,1140025400,목동동로,1140007900,오목공원,126.8724636489445885_37.5288454055255940,1140007400,목동 924-2,126.8722963649476441_37.5281219280359437,82.0,21.0,서행,126.8722963649476441_37.5281219280359437|126.8724636489445885_37.5288454055255940
2026-09-04T13:22:12.125893+09:00,오목교역·목동운동장,오목교역·목동운동장,POI044,KEY_3,1140025500,목동동로,1140007700,CBS기독교방송,126.8744364998262313_37.5285619580008785,1140007900,오목공원,126.8724636489445885_37.5288454055255940,177.0,15.5,서행,126.8724636489445885_37.5288454055255940|126.8744364998262313_37.5285619580008785
2026-09-04T13:22:12.125893+09:00,오목교역·목동운동장,오목교역·목동운동장,POI044,KEY_3,1140025900,목동서로,1140007700,CBS기독교방송,126.8744364998262313_37.5285619580008785,1140008100,SBS방송센터교차로,126.8746593923549000_37.5295512957762867,112.0,19.0,서행,126.8746593923549000_37.5295512957762867|126.8744364998262313_37.5285619580008785
2026-09-04T13:22:12.125893+09:00,오목교역·목동운동장,오목교역·목동운동장,POI044,KEY_3,1140026600,목동동로,1140008400,양천소방서교차로,126.8726973678810168_37.5298561817287393,1140007900,오목공원,126.8724636489445885_37.5288454055255940,114.0,18.5,서행,126.8724636489445885_37.5288454055255940|126.8726973678810168_37.5298561817287393
2026-09-04T13:22:12.125893+09:00,오목교역·목동운동장,오목교역·목동운동장,POI044,KEY_3,1140026701,안양천로,1140265400,목동 914-3,126.8840395555670852_37.5296213132311394,1140031500,목동교,126.8845796056343147_37.5298541112350392,54.0,40.0,원활,126.8845796056343147_37.5298541112350392|126.8840395555670852_37.5296213132311394
2026-09-04T13:22:12.125893+09:00,오목교역·목동운동장,오목교역·목동운동장,POI044,KEY_3,1140026702,안양천로,1140031500,목동교,126.8845796056343147_37.5298541112350392,1140031800,목동교,126.8858661791991977_37.5304734230982291,133.0,41.0,원활,126.8858661791991977_37.5304734230982291|126.8857544420663856_37.5303903022336129|126.8855057939607320_37.5302579395494291|126.8845796056343147_37.5298541112350392
2026-09-04T13:22:12.125893+09:00,오목교역·목동운동장,오목교역·목동운동장,POI044,KEY_3,1140026801,안양천로,1140030900,목동교,126.8846448018285855_37.5297592742909174,1140029802,목동 914-3,126.8804368172790049_37.5287942883076511,400.0,51.0,원활,126.8804368172790049_37.5287942883076511|126.8806014916928433_37.5289093373200373|126.8807733399068383_37.5290088273910669|126.8810295841952183_37.5291059929811439|126.8812528945229445_37.5291712294635289|126.8815169140189880_37.5291986300845579|126.8818124685144966_37.5291816206965265|126.8822595377858704_37.5291245356198928|126.8825743120673906_37.5291248490139893|126.8829236106694509_37.5291581436100969|126.8833913339066584_37.5292499327297406|126.8837941457795893_37.5293925807294357|126.8841041799816054_37.5295262287585629|126.8846448018285855_37.5297592742909174
2026-09-04T13:22:12.125893+09:00,오목교역·목동운동장,오목교역·목동운동장,POI044,KEY_3,1140027000,목동서로,1140008400,양천소방서교차로,126.8726973678810168_37.5298561817287393,1140008100,SBS방송센터교차로,126.8746593923549000_37.5295512957762867,177.0,24.0,서행,126.8746593923549000_37.5295512957762867|126.8726973678810168_37.5298561817287393
2026-09-04T13:22:12.125893+09:00,오목교역·목동운동장,오목교역·목동운동장,POI044,KEY_3,1140027500,목동서로,1140008100,SBS방송센터교차로,126.8746593923549000_37.5295512957762867,1140008700,청소년수련관앞,126.8748398802341057_37.5303465971350931,90.0,32.0,원활,126.8748398802341057_37.5303465971350931|126.8746593923549000_37.5295512957762867
2026-09-04T13:22:12.125893+09:00,오목교역·목동운동장,오목교역·목동운동장,POI044,KEY_3,1140027900,목동서로,1140008501,한국통신목동지점,126.8767830729488395_37.5301139460043203,1140008700,청소년수련관앞,126.8748398802341057_37.5303465971350931,174.0,12.0,정체,126.8748398802341057_37.5303465971350931|126.8767830729488395_37.5301139460043203
2026-09-04T13:22:12.125893+09:00,오목교역·목동운동장,오목교역·목동운동장,POI044,KEY_3,1140028600,목동동로,1140009000,양천우체국,126.8770546258868848_37.5312943013899840,1140008501,한국통신목동지점,126.8767830729488395_37.5301139460043203,133.0,27.5,원활,126.8767830729488395_37.5301139460043203|126.8770546258868848_37.5312943013899840
2026-09-04T13:22:12.125893+09:00,오목교역·목동운동장,오목교역·목동운동장,POI044,KEY_3,1140028700,목동서로,1140008700,청소년수련관앞,126.8748398802341057_37.5303465971350931,1140008900,청소년수련관앞교차로,126.8749851771577255_37.5309868184484969,72.0,25.0,원활,126.8749851771577255_37.5309868184484969|126.8748398802341057_37.5303465971350931
2026-09-04T13:22:12.125893+09:00,오목교역·목동운동장,오목교역·목동운동장,POI044,KEY_3,1140029100,국회대로,1140312900,최소노드배치점,126.8723983124313719_37.5309016221429346,1140009201,신월여의지하도로(동측),126.8808443431802715_37.5319377152892457,755.0,45.0,원활,126.8808443431802715_37.5319377152892457|126.8804389867348306_37.5319127100883563|126.8799537888849756_37.5318681967887500|126.8794101563803736_37.5317995858458602|126.8784003800115556_37.5316720337239644|126.8757268552482742_37.5313240538540356|126.8748182748966826_37.5312089563962559|126.8730797268309800_37.5309851275213049|126.8723983124313719_37.5309016221429346
2026-09-04T13:22:12.125893+09:00,오목교역·목동운동장,오목교역·목동운동장,POI044,KEY_3,1140029200,국회대로,1140312800,최소노드배치점,126.8724189685671035_37.5307947208274726,1140031001,홍익병원앞교차로,126.8639907063568870_37.5297465213528838,754.0,35.5,원활,126.8639907063568870_37.5297465213528838|126.8650874531422659_37.5298815229964546|126.8659514513962705_37.5299875464180914|126.8669909996045817_37.5301213175723021|126.8698625278036474_37.5304794687018415|126.8714478965867016_37.5306757112922611|126.8724189685671035_37.5307947208274726
2026-09-04T13:22:12.125893+09:00,오목교역·목동운동장,오목교역·목동운동장,POI044,KEY_3,1140030300,목동서로,1140032900,청소년수련관앞,126.8750649305418960_37.5313299084450378,1140009302,목동 903-6,126.8754059121054496_37.5328403623939266,170.0,17.0,서행,126.8754059121054496_37.5328403623939266|126.8750649305418960_37.5313299084450378
2026-09-04T13:22:12.125893+09:00,오목교역·목동운동장,오목교역·목동운동장,POI044,KEY_3,1140030601,목동동로,1140033400,양천우체국,126.8771228632929393_37.5315914819196266,1140009000,양천우체국,126.8770546258868848_37.5312943013899840,34.0,43.0,원활,126.8770546258868848_37.5312943013899840|126.8771228632929393_37.5315914819196266
2026-09-04T13:22:12.125893+09:00,오목교역·목동운동장,오목교역·목동운동장,POI044,KEY_3,1140030602,목동동로,1140009500,법안정사,126.8776093242993852_37.5336801307362080,1140033400,양천우체국,126.8771228632929393_37.5315914819196266,236.0,20.3,서행,126.8771228632929393_37.5315914819196266|126.8775018319297345_37.5332380794548897|126.8776093242993852_37.5336801307362080
2026-09-04T13:22:12.125893+09:00,오목교역·목동운동장,오목교역·목동운동장,POI044,KEY_3,1140031000,목동서로8길,1140277200,목동 903-5,126.8746424963737098_37.5330737326508270,1140009301,목동 903-6,126.8754300033318430_37.5329467924858804,71.0,20.0,서행,126.8754300033318430_37.5329467924858804|126.8746460016121347_37.5330734143301186|126.8746424963737098_37.5330737326508270
2026-09-04T13:22:12.125893+09:00,오목교역·목동운동장,오목교역·목동운동장,POI044,KEY_3,1140031500,목동서로,1140009301,목동 903-6,126.8754300033318430_37.5329467924858804,1140009600,목동 903-6,126.8756637978666220_37.5339768809772707,116.0,23.3,서행,126.8756637978666220_37.5339768809772707|126.8754300033318430_37.5329467924858804
2026-09-04T13:22:12.125893+09:00,오목교역·목동운동장,오목교역·목동운동장,POI044,KEY_3,1140031700,목동동로16길,1140332200,목동 913-4,126.8798393911997948_37.5351177280643782,1140009902,목동5단지교차로,126.8797154850128663_37.5353485135608196,28.0,24.0,서행,126.8797154850128663_37.5353485135608196|126.8798393911997948_37.5351177280643782
2026-09-04T13:22:12.125893+09:00,오목교역·목동운동장,오목교역·목동운동장,POI044,KEY_3,1140031800,목동동로16길,1140229800,목동 913-4,126.8808217015313176_37.5323896291626937,1140009203,신월여의지하도로(동측),126.8808823152185141_37.5320181494475520,42.0,19.0,서행,126.8808823152185141_37.5320181494475520|126.8808217015313176_37.5323896291626937
2026-09-04T13:22:12.125893+09:00,오목교역·목동운동장,오목교역·목동운동장,POI044,KEY_3,1140032000,목동동로,1140009600,목동 903-6,126.8756637978666220_37.5339768809772707,1140009500,법안정사,126.8776093242993852_37.5336801307362080,175.0,14.0,정체,126.8776093242993852_37.5336801307362080|126.8756637978666220_37.5339768809772707
2026-09-04T13:22:12.125893+09:00,오목교역·목동운동장,오목교역·목동운동장,POI044,KEY_3,1140032100,목동동로18길,1140327600,목동 912-3,126.8830590710973070_37.5360028453064984,1140035002,목동5·6단지앞교차로,126.8828699872771892_37.5364480077944762,52.0,22.0,서행,126.8828699872771892_37.5364480077944762|126.8829311279323520_37.5362664342802006|126.8830184569602579_37.5360768386733312|126.8830590710973070_37.5360028453064984
2026-09-04T13:22:12.125893+09:00,오목교역·목동운동장,오목교역·목동운동장,POI044,KEY_3,1140032200,목동동로18길,1140196900,목동 912-3,126.8837054261265820_37.5322917398549265,1140009101,목동5.6단지,126.8836194087718070_37.5318939270615388,45.0,23.0,서행,126.8836194087718070_37.5318939270615388|126.8837054261265820_37.5322917398549265
2026-09-04T13:22:12.125893+09:00,오목교역·목동운동장,오목교역·목동운동장,POI044,KEY_3,1140032300,목동동로,1140009700,목동 913-3,126.8784391701507985_37.5348828313176668,1140009500,법안정사,126.8776093242993852_37.5336801307362080,156.0,24.0,서행,126.8776093242993852_37.5336801307362080|126.8776623267564929_37.5339138078558179|126.8777070110188987_37.5340479482234315|126.8777741216845527_37.5341970116271497|126.8778562254971973_37.5343311915555660|126.8779533019347241_37.5344624063895651|126.8781027207437120_37.5346204943553587|126.8782820920490195_37.5347696732787952|126.8784391701507985_37.5348828313176668
2026-09-04T13:22:12.125893+09:00,오목교역·목동운동장,오목교역·목동운동장,POI044,KEY_3,1140032700,목동서로,1140009600,목동 903-6,126.8756637978666220_37.5339768809772707,1140010002,목동2.3단지교차로,126.8764419634238294_37.5355209305015336,187.0,29.0,원활,126.8764419634238294_37.5355209305015336|126.8763723690955914_37.5354548490478592|126.8762349330648931_37.5352925998445386|126.8760796061470160_37.5350874215701538|126.8759661743498128_37.5348918223800752|126.8758468437574294_37.5346437714498009|126.8757380699430826_37.5343480532638054|126.8756637978666220_37.5339768809772707
2026-09-04T13:22:12.125893+09:00,오목교역·목동운동장,오목교역·목동운동장,POI044,KEY_3,1140033000,목동동로,1140009902,목동5단지교차로,126.8797154850128663_37.5353485135608196,1140009700,목동 913-3,126.8784391701507985_37.5348828313176668,124.0,33.5,원활,126.8784391701507985_37.5348828313176668|126.8786372474522750_37.5349726701522712|126.8797154850128663_37.5353485135608196
2026-09-04T13:22:12.125893+09:00,오목교역·목동운동장,오목교역·목동운동장,POI044,KEY_3,1140033500,목동서로,1140009700,목동 913-3,126.8784391701507985_37.5348828313176668,1140010400,목동2·3단지교차로,126.8773306552267286_37.5361618405017623,172.0,10.0,정체,126.8773306552267286_37.5361618405017623|126.8784391701507985_37.5348828313176668
2026-09-04T13:22:12.125893+09:00,오목교역·목동운동장,오목교역·목동운동장,POI044,KEY_3,1140033800,목동동로,1140010100,목동 912-2,126.8808228944800476_37.5357345122197046,1140009901,목동5단지교차로,126.8798398671769121_37.5353918688772765,95.0,37.0,원활,126.8798398671769121_37.5353918688772765|126.8808228944800476_37.5357345122197046
2026-09-04T13:22:12.125893+09:00,오목교역·목동운동장,오목교역·목동운동장,POI044,KEY_3,1140034000,목동서로6길,1140334000,목동 902-4,126.8761939543289259_37.5358071939591440,1140010001,목동2.3단지교차로,126.8765293071620306_37.5356038651211890,37.0,16.0,서행,126.8765293071620306_37.5356038651211890|126.8761939543289259_37.5358071939591440
2026-09-04T13:22:12.125893+09:00,오목교역·목동운동장,오목교역·목동운동장,POI044,KEY_3,1140034100,목동서로,1140010001,목동2.3단지교차로,126.8765293071620306_37.5356038651211890,1140010400,목동2·3단지교차로,126.8773306552267286_37.5361618405017623,95.0,24.0,서행,126.8773306552267286_37.5361618405017623|126.8770898739765443_37.5360372692547912|126.8768626030107072_37.5358892306394836|126.8765935481060438_37.5356648629501208|126.8765293071620306_37.5356038651211890
2026-09-04T13:22:12.125893+09:00,오목교역·목동운동장,오목교역·목동운동장,POI044,KEY_3,1140034400,목동동로,1140010300,목동 912-2,126.8819022864357748_37.5361107306896997,1140010100,목동 912-2,126.8808228944800476_37.5357345122197046,104.0,41.5,원활,126.8808228944800476_37.5357345122197046|126.8819022864357748_37.5361107306896997
2026-09-04T13:22:12.125893+09:00,오목교역·목동운동장,오목교역·목동운동장,POI044,KEY_3,1140034600,목동동로,1140035002,목동5·6단지앞교차로,126.8828699872771892_37.5364480077944762,1140010300,목동 912-2,126.8819022864357748_37.5361107306896997,93.0,38.7,원활,126.8819022864357748_37.5361107306896997|126.8828699872771892_37.5364480077944762
2026-09-04T13:22:12.125893+09:00,오목교역·목동운동장,오목교역·목동운동장,POI044,KEY_3,1140035000,목동동로,1140010802,목동1·2단지교차로,126.8799687730722638_37.5371493482495353,1140010100,목동 912-2,126.8808228944800476_37.5357345122197046,174.0,11.0,정체,126.8808228944800476_37.5357345122197046|126.8799687730722638_37.5371493482495353
2026-09-04T13:22:12.125893+09:00,오목교역·목동운동장,오목교역·목동운동장,POI044,KEY_3,1140035101,목동서로,1140010400,목동2·3단지교차로,126.8773306552267286_37.5361618405017623,1140035200,목동 902-5,126.8787896567945523_37.5367371777255556,144.0,40.7,원활,126.8787896567945523_37.5367371777255556|126.8777452658256522_37.5363693409841375|126.8773719312131902_37.5361833379833172|126.8773306552267286_37.5361618405017623
2026-09-04T13:22:12.125893+09:00,오목교역·목동운동장,오목교역·목동운동장,POI044,KEY_3,1140035102,목동서로,1140035200,목동 902-5,126.8787896567945523_37.5367371777255556,1140035400,목동 902-5,126.8794522569202883_37.5369696354992541,64.0,43.0,원활,126.8794522569202883_37.5369696354992541|126.8787896567945523_37.5367371777255556
2026-09-04T13:22:12.125893+09:00,오목교역·목동운동장,오목교역·목동운동장,POI044,KEY_3,1140035103,목동서로,1140035400,목동 902-5,126.8794522569202883_37.5369696354992541,1140010802,목동1·2단지교차로,126.8799687730722638_37.5371493482495353,50.0,38.5,원활,126.8799687730722638_37.5371493482495353|126.8797106292408756_37.5370602773647732|126.8794522569202883_37.5369696354992541
2026-09-04T13:22:12.125893+09:00,오목교역·목동운동장,오목교역·목동운동장,POI044,KEY_3,1140035401,목동서로,1140010300,목동 912-2,126.8819022864357748_37.5361107306896997,1140035501,목5동주민센터,126.8813336608763649_37.5371512511334942,126.0,7.0,정체,126.8813336608763649_37.5371512511334942|126.8819022864357748_37.5361107306896997
2026-09-04T13:22:12.125893+09:00,오목교역·목동운동장,오목교역·목동운동장,POI044,KEY_3,1140035402,목동서로,1140035502,목5동주민센터,126.8812794797658796_37.5372503947860707,1140011100,목동 901-7,126.8811180027535670_37.5375458728608749,36.0,17.0,서행,126.8811180027535670_37.5375458728608749|126.8812794797658796_37.5372503947860707
2026-09-04T13:22:12.125893+09:00,오목교역·목동운동장,오목교역·목동운동장,POI044,KEY_3,1140035600,목동동로,1140010903,목동 911-9,126.8852431717270406_37.5371884307117796,1140035001,목동5·6단지앞교차로,126.8829944458794472_37.5364913851206907,213.0,19.5,서행,126.8829944458794472_37.5364913851206907|126.8852431717270406_37.5371884307117796
2026-09-04T13:22:12.125893+09:00,오목교역·목동운동장,오목교역·목동운동장,POI044,KEY_3,1140035900,목동서로,1140010801,목동1·2단지교차로,126.8800933684234451_37.5371923387842727,1140011100,목동 901-7,126.8811180027535670_37.5375458728608749,99.0,28.5,원활,126.8811180027535670_37.5375458728608749|126.8800933684234451_37.5371923387842727
2026-09-04T13:22:12.125893+09:00,오목교역·목동운동장,오목교역·목동운동장,POI044,KEY_3,1140036500,목동서로,1140011100,목동 901-7,126.8811180027535670_37.5375458728608749,1140011302,월촌중학교,126.8831136085260738_37.5381735273184489,190.0,17.3,서행,126.8831136085260738_37.5381735273184489|126.8811180027535670_37.5375458728608749
2026-09-04T13:22:12.125893+09:00,오목교역·목동운동장,오목교역·목동운동장,POI044,KEY_3,1140037200,목동서로4길,1140333400,목동 901-9,126.8799390790421313_37.5374651832932287,1140010801,목동1·2단지교차로,126.8800933684234451_37.5371923387842727,33.0,26.0,원활,126.8800933684234451_37.5371923387842727|126.8799390790421313_37.5374651832932287
2026-09-04T13:22:12.125893+09:00,오목교역·목동운동장,오목교역·목동운동장,POI044,KEY_3,1140040400,목동서로,1140005402,목동초등학교,126.8711441712250974_37.5230982757077953,1140005502,신정동 314-7,126.8692623646753077_37.5234649054807363,174.0,7.0,정체,126.8692623646753077_37.5234649054807363|126.8693057909037236_37.5234043612395283|126.8693983750727199_37.5233709662043609|126.8703723483932180_37.5232296546835613|126.8709356922444158_37.5231479165233281|126.8711441712250974_37.5230982757077953
2026-09-04T13:22:12.125893+09:00,오목교역·목동운동장,오목교역·목동운동장,POI044,KEY_3,1140059100,오목로,1180072102,양천구-영등포구,126.8798127598729764_37.5238124759839593,1140005803,오목교앞,126.8780911957869648_37.5240790938181874,155.0,47.3,원활,126.8780911957869648_37.5240790938181874|126.8798127598729764_37.5238124759839593
2026-09-04T13:22:12.125893+09:00,오목교역·목동운동장,오목교역·목동운동장,POI044,KEY_3,1140059200,오목로,1140005802,오목교앞,126.8780735218519879_37.5241919764275096,1180072101,양천구-영등포구,126.8798383046578664_37.5239186642518590,159.0,44.3,원활,126.8798383046578664_37.5239186642518590|126.8780735218519879_37.5241919764275096
2026-09-04T13:22:12.125893+09:00,오목교역·목동운동장,오목교역·목동운동장,POI044,KEY_3,1140060300,오목로,1140311400,최소노드배치점,126.8705789568914497_37.5251594795092345,1140025002,목동지하차도(남측),126.8670823231769162_37.5257078971196734,315.0,23.0,서행,126.8670823231769162_37.5257078971196734|126.8680323921005311_37.5255576197932470|126.8696999326072898_37.5252958895737194|126.8705789568914497_37.5251594795092345
2026-09-04T13:22:12.125893+09:00,오목교역·목동운동장,오목교역·목동운동장,POI044,KEY_3,1140060400,오목로,1140311500,최소노드배치점,126.8706049200779802_37.5252656041847530,1140023701,목동지하차도(북측),126.8741069190683675_37.5247538721865865,315.0,54.7,원활,126.8741069190683675_37.5247538721865865|126.8716004171447196_37.5251111113636640|126.8706049200779802_37.5252656041847530
2026-09-04T13:22:12.125893+09:00,오목교역·목동운동장,오목교역·목동운동장,POI044,KEY_3,1140064700,목동서로,1140007600,목동 925-5,126.8703817932222933_37.5284034261129520,1140031702,KT서울통신센터,126.8708864108891561_37.5299765391988984,183.0,30.0,원활,126.8708864108891561_37.5299765391988984|126.8708826562650955_37.5299741403027838|126.8708049479702140_37.5299049224176926|126.8707482016617547_37.5298309593268371|126.8706885113179936_37.5297283862032955|126.8706378223026405_37.5296139035657461|126.8703817932222933_37.5284034261129520
2026-09-04T13:22:12.125893+09:00,오목교역·목동운동장,오목교역·목동운동장,POI044,KEY_3,1140065200,목동동로,1140278700,목동 914-8,126.8787135275921685_37.5297383750703872,1140008502,한국통신목동지점,126.8767586051522613_37.5300075904237431,175.0,22.5,서행,126.8767586051522613_37.5300075904237431|126.8787135275921685_37.5297383750703872
2026-09-04T13:22:12.125893+09:00,오목교역·목동운동장,오목교역·목동운동장,POI044,KEY_3,1140065300,목동동로,1140200000,목동 914-8,126.8794366198333137_37.5295948765360734,1140029801,목동 914-3,126.8803472890119082_37.5288755664340741,113.0,27.0,원활,126.8803472890119082_37.5288755664340741|126.8795457269464038_37.5295264574369938|126.8794366198333137_37.5295948765360734
2026-09-04T13:22:12.125893+09:00,오목교역·목동운동장,오목교역·목동운동장,POI044,KEY_3,1140065400,목동서로,1140031701,KT서울통신센터,126.8710064122143137_37.5300304659751873,1140008400,양천소방서교차로,126.8726973678810168_37.5298561817287393,152.0,23.3,서행,126.8726973678810168_37.5298561817287393|126.8713644600100849_37.5300485670690662|126.8712117696352237_37.5300650880968476|126.8710860692017093_37.5300530316119065|126.8710064122143137_37.5300304659751873
2026-09-04T13:22:12.125893+09:00,오목교역·목동운동장,오목교역·목동운동장,POI044,KEY_3,1140065500,국회대로,1140032102,목1동주민센터,126.8707770773223302_37.5304899448172264,1140030800,홍익병원앞,126.8646468126980551_37.5297289010190696,548.0,41.0,원활,126.8646468126980551_37.5297289010190696|126.8691358789846220_37.5302810663476976|126.8707770773223302_37.5304899448172264
2026-09-04T13:22:12.125893+09:00,오목교역·목동운동장,오목교역·목동운동장,POI044,KEY_3,1140065800,-,1140031702,KT서울통신센터,126.8708864108891561_37.5299765391988984,1140032102,목1동주민센터,126.8707770773223302_37.5304899448172264,58.0,17.0,서행,126.8707770773223302_37.5304899448172264|126.8708154273461588_37.5301353405440707|126.8708864108891561_37.5299765391988984
2026-09-04T13:22:12.125893+09:00,오목교역·목동운동장,오목교역·목동운동장,POI044,KEY_3,1140065900,-,1140032101,목1동주민센터,126.8709115136581858_37.5305068509940867,1140031701,KT서울통신센터,126.8710064122143137_37.5300304659751873,54.0,13.0,정체,126.8710064122143137_37.5300304659751873|126.8709491888728138_37.5301584866351376|126.8709115136581858_37.5305068509940867
2026-09-04T13:22:12.125893+09:00,오목교역·목동운동장,오목교역·목동운동장,POI044,KEY_3,1140066000,국회대로,1140032300,목동교,126.8874592812072706_37.5309134970682692,1140030900,목동교,126.8846448018285855_37.5297592742909174,300.0,29.5,원활,126.8846448018285855_37.5297592742909174|126.8850650412698826_37.5298468207319260|126.8852176368649225_37.5298898802170271|126.8853926600453974_37.5299472637623097|126.8856349365595264_37.5300690770065231|126.8858682234413067_37.5301980341117201|126.8860962319625401_37.5303532074958710|126.8862494340091729_37.5304904298454289|126.8864100708302090_37.5306604375601438|126.8865258476216553_37.5308035827628643|126.8866416654425961_37.5309199095953971|126.8867351286276772_37.5309736367565279|126.8868548550046000_37.5309797116427077|126.8874592812072706_37.5309134970682692
2026-09-04T13:22:12.125893+09:00,오목교역·목동운동장,오목교역·목동운동장,POI044,KEY_3,1140066300,안양천로,1140031500,목동교,126.8845796056343147_37.5298541112350392,1140032600,목동교,126.8843017135001503_37.5315237887279807,216.0,33.0,원활,126.8843017135001503_37.5315237887279807|126.8845478291154762_37.5314537533224737|126.8846297897559054_37.5313856736052571|126.8846728961694907_37.5313143276081433|126.8847283443867582_37.5311732723914062|126.8848913527991584_37.5303818380835850|126.8848914672821735_37.5303073416295092|126.8848617160776371_37.5301881174002929|126.8848281972405232_37.5300867689519677|126.8847572695101036_37.5299794238724616|126.8845796056343147_37.5298541112350392
2026-09-04T13:22:12.125893+09:00,오목교역·목동운동장,오목교역·목동운동장,POI044,KEY_3,1140066600,국회대로,1140032500,목동교,126.8856427398844033_37.5313018773321616,1140031800,목동교,126.8858661791991977_37.5304734230982291,214.0,37.3,원활,126.8858661791991977_37.5304734230982291|126.8856284890071606_37.5303706349086923|126.8854638671550674_37.5303615356366933|126.8853179180124613_37.5303762938548644|126.8852131080252406_37.5304030103262676|126.8851307450970154_37.5304327290510003|126.8850483489604386_37.5304833067597983|126.8849733908632658_37.5305636904608022|126.8849358270675936_37.5306590104051665|126.8849094335674863_37.5307900992467935|126.8849166977411045_37.5309331402237873|126.8849539596190112_37.5310344931801438|126.8850174412507243_37.5311179912911541|126.8851258429127711_37.5311896137283725|126.8853277838037172_37.5312643074386827|126.8856427398844033_37.5313018773321616
2026-09-04T13:22:12.125893+09:00,오목교역·목동운동장,오목교역·목동운동장,POI044,KEY_3,1140066700,안양천로,1140033800,서울경인유치원,126.8874090613953172_37.5328062140190042,1140030900,목동교,126.8846448018285855_37.5297592742909174,435.0,45.0,원활,126.8846448018285855_37.5297592742909174|126.8855762511383176_37.5301653966409390|126.8858390555100186_37.5303052944202946|126.8859588523003339_37.5303944110417476|126.8860447549820378_37.5304583145656494|126.8862305225850520_37.5306548325961415|126.8863509678829047_37.5308287246199441|126.8867650931619124_37.5315997619943076|126.8868135165644588_37.5316899175065330|126.8874090613953172_37.5328062140190042
2026-09-04T13:22:12.125893+09:00,오목교역·목동운동장,오목교역·목동운동장,POI044,KEY_3,1140066800,국회대로,1140008900,청소년수련관앞교차로,126.8749851771577255_37.5309868184484969,1140032101,목1동주민센터,126.8709115136581858_37.5305068509940867,364.0,15.0,서행,126.8709115136581858_37.5305068509940867|126.8746979038654388_37.5309772381993625|126.8749851771577255_37.5309868184484969
2026-09-04T13:22:12.125893+09:00,오목교역·목동운동장,오목교역·목동운동장,POI044,KEY_3,1140066900,국회대로,1140008601,카톨릭스포츠센터,126.8674839304714226_37.5304076183302158,1140032900,청소년수련관앞,126.8750649305418960_37.5313299084450378,678.0,47.0,원활,126.8750649305418960_37.5313299084450378|126.8731974085957290_37.5311109831907501|126.8703243549700090_37.5307526619028593|126.8674839304714226_37.5304076183302158
2026-09-04T13:22:12.125893+09:00,오목교역·목동운동장,오목교역·목동운동장,POI044,KEY_3,1140067000,안양천로,1140031800,목동교,126.8858661791991977_37.5304734230982291,1140033300,목동교,126.8866402689599795_37.5316422821087627,148.0,44.0,원활,126.8866402689599795_37.5316422821087627|126.8862288128544265_37.5308762140925509|126.8861162834759995_37.5307137515685838|126.8859434209870756_37.5305308833755262|126.8858661791991977_37.5304734230982291
2026-09-04T13:22:12.125893+09:00,오목교역·목동운동장,오목교역·목동운동장,POI044,KEY_3,1140067100,국회대로,1140032300,목동교,126.8874592812072706_37.5309134970682692,1140032500,목동교,126.8856427398844033_37.5313018773321616,166.0,15.0,서행,126.8856427398844033_37.5313018773321616|126.8874592812072706_37.5309134970682692
2026-09-04T13:22:12.125893+09:00,오목교역·목동운동장,오목교역·목동운동장,POI044,KEY_3,1140067200,국회대로,1140032700,목동교,126.8856779402811412_37.5314062995702784,1140032400,목동교,126.8874944839553933_37.5310179196766285,166.0,57.0,원활,126.8874944839553933_37.5310179196766285|126.8856779402811412_37.5314062995702784
2026-09-04T13:22:12.125893+09:00,오목교역·목동운동장,오목교역·목동운동장,POI044,KEY_3,1140067500,목동서로,1140008900,청소년수련관앞교차로,126.8749851771577255_37.5309868184484969,1140032900,청소년수련관앞,126.8750649305418960_37.5313299084450378,39.0,29.0,원활,126.8750649305418960_37.5313299084450378|126.8749851771577255_37.5309868184484969
2026-09-04T13:22:12.125893+09:00,오목교역·목동운동장,오목교역·목동운동장,POI044,KEY_3,1140067600,국회대로,1140032500,목동교,126.8856427398844033_37.5313018773321616,1140032600,목동교,126.8843017135001503_37.5315237887279807,122.0,61.5,원활,126.8843017135001503_37.5315237887279807|126.8853586214199112_37.5313072241180805|126.8856427398844033_37.5313018773321616
2026-09-04T13:22:12.125893+09:00,오목교역·목동운동장,오목교역·목동운동장,POI044,KEY_3,1140067700,국회대로,1140033100,목동919-1,126.8846580863304041_37.5316987170409391,1140032700,목동교,126.8856779402811412_37.5314062995702784,96.0,54.7,원활,126.8856779402811412_37.5314062995702784|126.8854226642528573_37.5315161310584671|126.8852300090918419_37.5315830586408552|126.8846580863304041_37.5316987170409391
2026-09-04T13:22:12.125893+09:00,오목교역·목동운동장,오목교역·목동운동장,POI044,KEY_3,1140068000,국회대로,1140032500,목동교,126.8856427398844033_37.5313018773321616,1140009202,신월여의지하도로(동측),126.8808482917957576_37.5318295469259979,430.0,32.0,원활,126.8808482917957576_37.5318295469259979|126.8808607617265807_37.5318303181491117|126.8812315437144775_37.5318398935389439|126.8816011358477596_37.5318450120240783|126.8819879692905204_37.5318406599456083|126.8827149925730424_37.5318111511213601|126.8832868040315702_37.5317585000011462|126.8837211158317331_37.5316939067983526|126.8842769696246933_37.5315938605462023|126.8856427398844033_37.5313018773321616
2026-09-04T13:22:12.125893+09:00,오목교역·목동운동장,오목교역·목동운동장,POI044,KEY_3,1140068100,국회대로,1140009201,신월여의지하도로(동측),126.8808443431802715_37.5319377152892457,1140032700,목동교,126.8856779402811412_37.5314062995702784,434.0,48.5,원활,126.8856779402811412_37.5314062995702784|126.8843095448977749_37.5316988203129114|126.8837485626048363_37.5317998338477565|126.8833070903347959_37.5318654922657657|126.8827262608263027_37.5319189742605417|126.8819923889352879_37.5319487799470082|126.8816009139386125_37.5319531850502628|126.8812281489590248_37.5319480219271782|126.8808532892372796_37.5319382667175248|126.8808443431802715_37.5319377152892457
2026-09-04T13:22:12.125893+09:00,오목교역·목동운동장,오목교역·목동운동장,POI044,KEY_3,1140068200,국회대로,1140032600,목동교,126.8843017135001503_37.5315237887279807,1140009000,양천우체국,126.8770546258868848_37.5312943013899840,647.0,44.3,원활,126.8770546258868848_37.5312943013899840|126.8799373615991470_37.5316647395253540|126.8804785893359934_37.5317256168243460|126.8809376979914418_37.5317617196590447|126.8814691644842725_37.5317719138982540|126.8819186117248847_37.5317665409693930|126.8827622599531253_37.5317297088407074|126.8832712124020503_37.5316809201365160|126.8837082488141306_37.5316173315858208|126.8840670157696167_37.5315605869974007|126.8843017135001503_37.5315237887279807
2026-09-04T13:22:12.125893+09:00,오목교역·목동운동장,오목교역·목동운동장,POI044,KEY_3,1140068300,국회대로,1140009101,목동5.6단지,126.8836194087718070_37.5318939270615388,1140033100,목동919-1,126.8846580863304041_37.5316987170409391,94.0,49.5,원활,126.8846580863304041_37.5316987170409391|126.8840959031976325_37.5318054424971805|126.8836194087718070_37.5318939270615388
2026-09-04T13:22:12.125893+09:00,오목교역·목동운동장,오목교역·목동운동장,POI044,KEY_3,1140068400,국회대로,1140033400,양천우체국,126.8771228632929393_37.5315914819196266,1140009204,신월여의지하도로(동측),126.8807466405625064_37.5320105989073340,324.0,43.7,원활,126.8807466405625064_37.5320105989073340|126.8804381231026213_37.5319902087916830|126.8798675821093696_37.5319368726031399|126.8771228632929393_37.5315914819196266
2026-09-04T13:22:12.125893+09:00,오목교역·목동운동장,오목교역·목동운동장,POI044,KEY_3,1140068500,안양천로,1140033800,서울경인유치원,126.8874090613953172_37.5328062140190042,1140032400,목동교,126.8874944839553933_37.5310179196766285,219.0,31.0,원활,126.8874944839553933_37.5310179196766285|126.8871687813057179_37.5312327057991340|126.8871103083707794_37.5313005907927533|126.8870742839215495_37.5313684981249196|126.8870337550903713_37.5314471275519850|126.8870425999447775_37.5315365324158563|126.8870649052745989_37.5316331022950891|126.8873555271278804_37.5324558259722707|126.8873778008711355_37.5325738503761741|126.8874090613953172_37.5328062140190042
2026-09-04T13:22:12.125893+09:00,오목교역·목동운동장,오목교역·목동운동장,POI044,KEY_3,1140068600,국회대로,1140009203,신월여의지하도로(동측),126.8808823152185141_37.5320181494475520,1140009102,목동5.6단지,126.8834860328442034_37.5319142163712982,231.0,46.5,원활,126.8834860328442034_37.5319142163712982|126.8832391663128334_37.5319435959562213|126.8827960704332867_37.5319860672060983|126.8819159384685662_37.5320233325202040|126.8814549373534533_37.5320300228165635|126.8809221202336488_37.5320199505877667|126.8808823152185141_37.5320181494475520
2026-09-04T13:22:12.125893+09:00,오목교역·목동운동장,오목교역·목동운동장,POI044,KEY_3,1140068900,안양천로,1140033300,목동교,126.8866402689599795_37.5316422821087627,1140033900,경인초등학교,126.8872841046669890_37.5328484932096558,145.0,46.0,원활,126.8872841046669890_37.5328484932096558|126.8866886268011740_37.5317323177754290|126.8866402689599795_37.5316422821087627
2026-09-04T13:22:12.125893+09:00,오목교역·목동운동장,오목교역·목동운동장,POI044,KEY_3,1140069000,안양천로,1140033300,목동교,126.8866402689599795_37.5316422821087627,1140032700,목동교,126.8856779402811412_37.5314062995702784,274.0,34.7,원활,126.8856779402811412_37.5314062995702784|126.8853631263658031_37.5316421899703840|126.8852911418873219_37.5317350925452757|126.8852550553224319_37.5318423324453363|126.8852548745429232_37.5319603354404236|126.8852905832891764_37.5320998288292316|126.8853577985463801_37.5321892904893843|126.8854475033743370_37.5322537432255814|126.8855641663416947_37.5323074938029038|126.8856763826849772_37.5323326331875364|126.8858604691290282_37.5323399633916566|126.8859952075329574_37.5323186380075384|126.8862647264191992_37.5322473809460320|126.8864444523789530_37.5321688848189936|126.8865613054865094_37.5320974801854064|126.8866467643268692_37.5320010146039067|126.8866694155660326_37.5318687297839872|126.8866402689599795_37.5316422821087627
2026-09-04T13:22:12.125893+09:00,오목교역·목동운동장,오목교역·목동운동장,POI044,KEY_3,1140069100,국회대로,1140033100,목동919-1,126.8846580863304041_37.5316987170409391,1140033900,경인초등학교,126.8872841046669890_37.5328484932096558,305.0,30.0,원활,126.8872841046669890_37.5328484932096558|126.8870232047119799_37.5324876913705410|126.8868886823055959_37.5323659833704113|126.8867989706955797_37.5323051077945919|126.8866822755141754_37.5322728130350143|126.8865251566823815_37.5322476314694313|126.8863589551066013_37.5322903818162601|126.8860040566905383_37.5324044668675469|126.8858378871728831_37.5324257618817754|126.8856583018977631_37.5324112847579414|126.8855101749726657_37.5323789584046423|126.8854114562078337_37.5323359525014979|126.8853128087379929_37.5322464603536332|126.8852276383169482_37.5321534051485699|126.8851694358867519_37.5320424975478346|126.8851291613164562_37.5319530619861013|126.8850529547154196_37.5318707426846601|126.8849273515351683_37.5317919521853156|126.8846580863304041_37.5316987170409391
2026-09-04T13:22:12.125893+09:00,오목교역·목동운동장,오목교역·목동운동장,POI044,KEY_3,1140070900,목동서로,1140035400,목동 902-5,126.8794522569202883_37.5369696354992541,1140035200,목동 902-5,126.8787896567945523_37.5367371777255556,139.0,5.0,정체,126.8787896567945523_37.5367371777255556|126.8789346312818367_37.5364400279712456|126.8789735753898071_37.5364233804675678|126.8790274603863537_37.5364234356787847|126.8795719836017355_37.5366194722880664|126.8796018783849746_37.5366457254744006|126.8795988117533398_37.5366910165188727|126.8794522569202883_37.5369696354992541
2026-09-04T13:22:12.125893+09:00,오목교역·목동운동장,오목교역·목동운동장,POI044,KEY_3,1140072100,목동서로,1140035502,목5동주민센터,126.8812794797658796_37.5372503947860707,1140035001,목동5·6단지앞교차로,126.8829944458794472_37.5364913851206907,237.0,14.3,정체,126.8829944458794472_37.5364913851206907|126.8828955898899409_37.5366553292359413|126.8824282154331229_37.5375388998787471|126.8823480626168703_37.5375770873188870|126.8822481670510314_37.5375769877530985|126.8812794797658796_37.5372503947860707
2026-09-04T13:22:12.125893+09:00,왕십리역,왕십리역,POI045,KEY_4,1030013101,살곶이길,1030021705,행당동40-30,127.0406606658124531_37.5550427346378228,1030023503,한양대병원앞교차로,127.0407317596827141_37.5576777615059285,296.0,36.0,원활,127.0407317596827141_37.5576777615059285|127.0407945351501553_37.5571399080762944|127.0408096258599926_37.5570503671522786|127.0407945873468236_37.5570052152632812|127.0407306986277831_37.5569326232404563|127.0406912822892878_37.5568627023168133|127.0406893999771540_37.5568002479541718|127.0406689829890325_37.5561228136161560|127.0406606658124531_37.5550427346378228
2026-09-04T13:22:12.125893+09:00,왕십리역,왕십리역,POI045,KEY_4,1030013900,왕십리로,1030072500,행당동 33,127.0432843193880075_37.5561986724655981,1030023502,한양대병원앞교차로,127.0408689696439808_37.5576533330614595,294.0,33.0,원활,127.0408689696439808_37.5576533330614595|127.0414651523882839_37.5575486984067481|127.0417348064217293_37.5575013713202210|127.0419711005124697_37.5574504902346860|127.0420141955084716_37.5574392859410580|127.0421870399526654_37.5573943478193399|127.0423829627192163_37.5573282057195925|127.0425359187892553_37.5572517965998074|127.0427034755646645_37.5571479493357785|127.0428672032618493_37.5570285114635709|127.0429925912583258_37.5568995286477687|127.0431151520268145_37.5567318227621385|127.0432092746061699_37.5565579805509699|127.0432548152679999_37.5564035797701479|127.0432843193880075_37.5561986724655981
2026-09-04T13:22:12.125893+09:00,왕십리역,왕십리역,POI045,KEY_4,1030014002,왕십리로,1030044300,행당동 33,127.0420563576226129_37.5575420637526918,1030021602,성동교,127.0437483808687773_37.5540070847499905,450.0,26.0,원활,127.0437483808687773_37.5540070847499905|127.0435729718255686_37.5551433159312538|127.0434192453609370_37.5562109855440482|127.0433888397111843_37.5564221569148842|127.0433387450400318_37.5565920007120297|127.0432366421870825_37.5567805817599876|127.0431054757296323_37.5569600633437375|127.0429675078410128_37.5571019873763561|127.0427912070035319_37.5572305966901965|127.0426139249710360_37.5573404716556354|127.0424459658693763_37.5574243753592327|127.0422347194732851_37.5574956911651938|127.0420563576226129_37.5575420637526918
2026-09-04T13:22:12.125893+09:00,왕십리역,왕십리역,POI045,KEY_4,1030014003,왕십리로,1030023501,한양대병원앞교차로,127.0408564347669227_37.5577662484576962,1030023400,한양대병원,127.0414943912409598_37.5576542823099402,58.0,19.3,서행,127.0414943912409598_37.5576542823099402|127.0408564347669227_37.5577662484576962
2026-09-04T13:22:12.125893+09:00,왕십리역,왕십리역,POI045,KEY_4,1030014302,왕십리로,1030023503,한양대병원앞교차로,127.0407317596827141_37.5576777615059285,1030024002,조선일보(행당지국),127.0390317491796708_37.5581207261700101,159.0,15.0,서행,127.0390317491796708_37.5581207261700101|127.0392551736033653_37.5580234612838879|127.0394473516100504_37.5579497920688397|127.0396148722932423_37.5578928506210872|127.0397835145799235_37.5578513273227159|127.0400937599964948_37.5577945406428881|127.0407317596827141_37.5576777615059285
2026-09-04T13:22:12.125893+09:00,왕십리역,왕십리역,POI045,KEY_4,1030014403,왕십리로,1030023600,한양대병원,127.0401241920463349_37.5578999118409200,1030023504,한양대병원앞교차로,127.0407178272021440_37.5577912532816640,54.0,10.0,정체,127.0407178272021440_37.5577912532816640|127.0401241920463349_37.5578999118409200
2026-09-04T13:22:12.125893+09:00,왕십리역,왕십리역,POI045,KEY_4,1030014701,마조로,1030023504,한양대병원앞교차로,127.0407178272021440_37.5577912532816640,1030024202,한양대병원,127.0407612725606299_37.5585544662770658,85.0,5.0,정체,127.0407612725606299_37.5585544662770658|127.0407236552717620_37.5583709119054916|127.0407015370226702_37.5582441411244830|127.0406890440276726_37.5580684726059033|127.0407178272021440_37.5577912532816640
2026-09-04T13:22:12.125893+09:00,왕십리역,왕십리역,POI045,KEY_4,1030014801,마조로,1030024101,한양대병원,127.0408950955423535_37.5585360531750752,1030023501,한양대병원앞교차로,127.0408564347669227_37.5577662484576962,86.0,8.0,정체,127.0408564347669227_37.5577662484576962|127.0408251710542658_37.5580698410820588|127.0408368192400559_37.5582336302307880|127.0408579567847340_37.5583547700938851|127.0408950955423535_37.5585360531750752
2026-09-04T13:22:12.125893+09:00,왕십리역,왕십리역,POI045,KEY_4,1030016100,마조로,1030061200,마장동 804,127.0416483790261850_37.5651550355191404,1030030503,마장역앞교차로,127.0417018327762833_37.5653994420407500,28.0,18.0,서행,127.0417018327762833_37.5653994420407500|127.0416640475275187_37.5653186632740557|127.0416478375684477_37.5652307633108933|127.0416483790261850_37.5651550355191404
2026-09-04T13:22:12.125893+09:00,왕십리역,왕십리역,POI045,KEY_4,1030018102,마장로,1030030803,마장지하차도,127.0386146617530017_37.5657857831450031,1030031502,도선사거리,127.0365873736816980_37.5659823448740369,183.0,29.0,원활,127.0365873736816980_37.5659823448740369|127.0367829784409395_37.5659089223587088|127.0384424182462340_37.5657480261625167|127.0386146617530017_37.5657857831450031
2026-09-04T13:22:12.125893+09:00,왕십리역,왕십리역,POI045,KEY_4,1030018204,마장로,1030144000,마장동 804,127.0411549741083945_37.5655881067383390,1030030504,마장역앞교차로,127.0417495217666470_37.5655013931411759,53.0,26.0,원활,127.0417495217666470_37.5655013931411759|127.0415658280315228_37.5655380183550420|127.0411549741083945_37.5655881067383390
2026-09-04T13:22:12.125893+09:00,왕십리역,왕십리역,POI045,KEY_4,1030018500,마장로,1030061800,마장동 804,127.0432974482949504_37.5664169399821475,1030032804,마장동주민센터앞교차로,127.0440440345155793_37.5669108325866077,86.0,8.0,정체,127.0440440345155793_37.5669108325866077|127.0433958505408043_37.5664809666421746|127.0432974482949504_37.5664169399821475
2026-09-04T13:22:12.125893+09:00,왕십리역,왕십리역,POI045,KEY_4,1030018600,마장로,1030134400,마장동 810,127.0425479832442335_37.5657896399408244,1030030502,마장역앞교차로,127.0418456121557966_37.5653969688591616,76.0,33.0,원활,127.0418456121557966_37.5653969688591616|127.0419850304157876_37.5654460044658123|127.0421341834124576_37.5655203871183048|127.0425479832442335_37.5657896399408244
2026-09-04T13:22:12.125893+09:00,왕십리역,왕십리역,POI045,KEY_4,1030040900,마조로,1030024101,한양대병원,127.0408950955423535_37.5585360531750752,1030023400,한양대병원,127.0414943912409598_37.5576542823099402,125.0,17.0,서행,127.0414943912409598_37.5576542823099402|127.0411961266824932_37.5577409077178999|127.0410544473263457_37.5578356428652285|127.0409871067379868_37.5579012237195897|127.0409497246167376_37.5579906327321069|127.0409086159234846_37.5581098417024819|127.0408950955423535_37.5585360531750752
2026-09-04T13:22:12.125893+09:00,왕십리역,왕십리역,POI045,KEY_4,1030041000,왕십리로,1030023600,한양대병원,127.0401241920463349_37.5578999118409200,1030024202,한양대병원,127.0407612725606299_37.5585544662770658,105.0,16.0,서행,127.0407612725606299_37.5585544662770658|127.0405979599217403_37.5581516669007414|127.0405080350082159_37.5579848249991599|127.0404475997170977_37.5579202802585499|127.0403472512524274_37.5578929999611830|127.0401241920463349_37.5578999118409200
2026-09-04T13:22:12.125893+09:00,왕십리역,왕십리역,POI045,KEY_4,1030041100,마조로1길,1030024102,한양대병원,127.0408742935170920_37.5585051489693527,1030024604,행당동 130-98,127.0392504179304041_37.5586532449253383,180.0,20.0,서행,127.0392504179304041_37.5586532449253383|127.0392814810351751_37.5585267702696868|127.0393697957369739_37.5584314333784306|127.0395271548831602_37.5583286635246267|127.0396861956018171_37.5582582540092886|127.0398075187269029_37.5582159491922383|127.0399309224261373_37.5581852033403223|127.0400668747390114_37.5581685059544839|127.0402144151123451_37.5581726499363526|127.0403519933965129_37.5581994653267088|127.0404650543163854_37.5582329121919187|127.0405965135359025_37.5582977343549516|127.0407379213938697_37.5584042907300102|127.0408742935170920_37.5585051489693527
2026-09-04T13:22:12.125893+09:00,왕십리역,왕십리역,POI045,KEY_4,1030041400,왕십리로,1030024604,행당동 130-98,127.0392504179304041_37.5586532449253383,1030024702,행당동 130-99,127.0371950414791513_37.5591915933272489,207.0,18.0,서행,127.0371950414791513_37.5591915933272489|127.0372938373433271_37.5592689894725993|127.0373044165327343_37.5592719332917255|127.0373458578195169_37.5592598216029501|127.0380813615824138_37.5588691344951968|127.0383532477905675_37.5587247109603766|127.0384819703694603_37.5586615920715730|127.0385888259601472_37.5586211429709351|127.0387058054011362_37.5586029324696327|127.0392504179304041_37.5586532449253383
2026-09-04T13:22:12.125893+09:00,왕십리역,왕십리역,POI045,KEY_4,1030041500,왕십리로,1030050100,행당동 147,127.0381567437530919_37.5589590712692853,1030024605,행당동 161-6,127.0392255234201144_37.5587597901073877,102.0,16.0,서행,127.0392255234201144_37.5587597901073877|127.0387111349351130_37.5587122703245271|127.0386316901602584_37.5587246373024328|127.0385469350028558_37.5587567206779909|127.0384265763602656_37.5588157382791010|127.0381567437530919_37.5589590712692853
2026-09-04T13:22:12.125893+09:00,왕십리역,왕십리역,POI045,KEY_4,1030042300,왕십리광장로,1030024004,조선일보(행당지국),127.0388406648960853_37.5583260986608423,1030026403,왕십리역앞,127.0377517205372015_37.5611993881740602,336.0,18.0,서행,127.0377517205372015_37.5611993881740602|127.0377650980093875_37.5611341446590146|127.0378097194870577_37.5610211543974373|127.0380548421426852_37.5607013821703504|127.0380954469743529_37.5606145084796168|127.0382123294102144_37.5599479231469928|127.0382440467292327_37.5598720705615392|127.0383749086904999_37.5596377571849445|127.0385186513372986_37.5593979442720141|127.0385718630762142_37.5592056229586788|127.0387086320606329_37.5587112989692713|127.0388406648960853_37.5583260986608423
2026-09-04T13:22:12.125893+09:00,왕십리역,왕십리역,POI045,KEY_4,1030042400,왕십리광장로,1030086700,행당동 168-151,127.0387044987476344_37.5592288798914993,1030024001,조선일보(행당지국),127.0390057146199183_37.5582552895193515,111.0,14.0,정체,127.0390057146199183_37.5582552895193515|127.0388405423378373_37.5587371746324052|127.0387044987476344_37.5592288798914993
2026-09-04T13:22:12.125893+09:00,왕십리역,왕십리역,POI045,KEY_4,1030044101,왕십리광장로,1030037400,왕십리역앞,127.0359784820327178_37.5611357748002419,1030026502,왕십리역앞교차로,127.0355510006751132_37.5611328602784198,38.0,29.0,원활,127.0355510006751132_37.5611328602784198|127.0356452401439356_37.5611257414677979|127.0358488591397617_37.5611237030310932|127.0359784820327178_37.5611357748002419
2026-09-04T13:22:12.125893+09:00,왕십리역,왕십리역,POI045,KEY_4,1030044102,왕십리광장로,1030026403,왕십리역앞,127.0377517205372015_37.5611993881740602,1030037400,왕십리역앞,127.0359784820327178_37.5611357748002419,157.0,7.0,정체,127.0359784820327178_37.5611357748002419|127.0368253885831251_37.5612146395864812|127.0368707386068081_37.5612188624500192|127.0370546307386093_37.5612225115798708|127.0377517205372015_37.5611993881740602
2026-09-04T13:22:12.125893+09:00,왕십리역,왕십리역,POI045,KEY_4,1030044500,왕십리광장로,1030026501,왕십리역앞교차로,127.0355939986096558_37.5612382173782393,1030026900,왕십리역앞,127.0359627017570290_37.5612431621990837,33.0,16.0,서행,127.0359627017570290_37.5612431621990837|127.0358417929594026_37.5612319022688581|127.0356525216958659_37.5612337967072207|127.0355939986096558_37.5612382173782393
2026-09-04T13:22:12.125893+09:00,왕십리역,왕십리역,POI045,KEY_4,1030044600,왕십리광장로,1030149300,행당동 188-1,127.0368096089545844_37.5613220274798536,1030026404,왕십리역앞,127.0377309319347319_37.5613082912370047,81.0,8.0,정체,127.0377309319347319_37.5613082912370047|127.0370557674667253_37.5613306866894590|127.0368611362330711_37.5613268255766073|127.0368096089545844_37.5613220274798536
2026-09-04T13:22:12.125893+09:00,왕십리역,왕십리역,POI045,KEY_4,1030044700,고산자로,1030027500,왕십리역,127.0357690042511507_37.5615701035394451,1030026900,왕십리역앞,127.0359627017570290_37.5612431621990837,47.0,12.0,정체,127.0359627017570290_37.5612431621990837|127.0358080594423313_37.5612942434570982|127.0357649548084282_37.5613314451612155|127.0357470069464938_37.5613729306825661|127.0357398437842420_37.5614229949302043|127.0357690042511507_37.5615701035394451
2026-09-04T13:22:12.125893+09:00,왕십리역,왕십리역,POI045,KEY_4,1030045101,마조로19길,1030059100,행당동 19-35,127.0393885431442271_37.5596858738063659,1030024602,행당동 19-82,127.0393592414637567_37.5587787106330353,101.0,11.0,정체,127.0393592414637567_37.5587787106330353|127.0393061338484699_37.5590165774156688|127.0393885431442271_37.5596858738063659
2026-09-04T13:22:12.125893+09:00,왕십리역,왕십리역,POI045,KEY_4,1030045201,마조로19길,1030024609,동마중학교,127.0386752783173279_37.5628242955473439,1030030803,마장지하차도,127.0386146617530017_37.5657857831450031,344.0,26.0,원활,127.0386146617530017_37.5657857831450031|127.0385600737579637_37.5657158398768161|127.0384531427916954_37.5655126821268226|127.0383431649115522_37.5651915713588878|127.0382962620837048_37.5651124301483961|127.0382454592931367_37.5650267081474496|127.0381943156338878_37.5648986481030605|127.0381355308392415_37.5645507186013248|127.0381207495017151_37.5643636783626320|127.0381231637716581_37.5642170728807727|127.0381507909637406_37.5640606672231030|127.0382198112129259_37.5638818466911886|127.0383133694872555_37.5636730478102976|127.0385671182345959_37.5631067372239897|127.0386189991260011_37.5629845505551643|127.0386752783173279_37.5628242955473439
2026-09-04T13:22:12.125893+09:00,왕십리역,왕십리역,POI045,KEY_4,1030045202,마조로19길,1030024605,행당동 161-6,127.0392255234201144_37.5587597901073877,1030024608,동마중학교,127.0387006256198958_37.5627180484271079,449.0,12.0,정체,127.0387006256198958_37.5627180484271079|127.0388678464282748_37.5618895184550681|127.0388970839293989_37.5617448859843179|127.0390868398354201_37.5608061850477739|127.0391428382667698_37.5607124718408514|127.0392818177529932_37.5605845589208940|127.0393043065291465_37.5605473357634239|127.0393238520345562_37.5604294013854982|127.0393250098986897_37.5603550590215463|127.0393260724128055_37.5602868386190920|127.0392729172373265_37.5598551369899667|127.0392533748053978_37.5596964211700453|127.0391691423192668_37.5590123107700862|127.0392255234201144_37.5587597901073877
2026-09-04T13:22:12.125893+09:00,왕십리역,왕십리역,POI045,KEY_4,1030046200,고산자로14길,1030107300,행당동 192-49,127.0366876740809516_37.5620177617034372,1030037302,서울특별시립성동청소,127.0359924631133310_37.5620912285831423,62.0,19.5,서행,127.0359924631133310_37.5620912285831423|127.0362763775775790_37.5620498159350049|127.0366876740809516_37.5620177617034372
2026-09-04T13:22:12.125893+09:00,왕십리역,왕십리역,POI045,KEY_4,1030046300,고산자로14길,1030107400,행당동 7,127.0367009081264911_37.5621253665273116,1030029802,행당동 192-40,127.0364219120025808_37.5647259650895009,353.0,14.0,정체,127.0364219120025808_37.5647259650895009|127.0365416540318364_37.5646629426064109|127.0368387063582674_37.5643967140319930|127.0368600695454404_37.5643514893217016|127.0369325873191855_37.5641979726829760|127.0370938059815558_37.5639997984659360|127.0372484053933135_37.5638121632627175|127.0372649247868395_37.5637665081702323|127.0372564144410035_37.5636098924651449|127.0371987457000813_37.5631351441197268|127.0371888387931136_37.5631127250437302|127.0371318140162202_37.5630787078087138|127.0370607004682029_37.5630362860563309|127.0370234718385944_37.5629770725376417|127.0370487862962818_37.5621556368928395|127.0370417118243580_37.5621203290568957|127.0370404865071947_37.5621189307603132|127.0370306045183639_37.5621076537173337|127.0370022209199448_37.5621018827232405|127.0367009081264911_37.5621253665273116
2026-09-04T13:22:12.125893+09:00,왕십리역,왕십리역,POI045,KEY_4,1030051200,왕십리광장로,1030037400,왕십리역앞,127.0359784820327178_37.5611357748002419,1030037100,왕십리역앞,127.0357826189997326_37.5608364862612945,44.0,21.0,서행,127.0357826189997326_37.5608364862612945|127.0357486607465347_37.5609256519804262|127.0357936330141939_37.5610358933276700|127.0358685325253703_37.5611073872131698|127.0359784820327178_37.5611357748002419
2026-09-04T13:22:12.125893+09:00,왕십리역,왕십리역,POI045,KEY_4,1030064200,왕십리광장로,1030024608,동마중학교,127.0387006256198958_37.5627180484271079,1030026401,왕십리역앞,127.0378689884879009_37.5613037113735189,226.0,18.0,서행,127.0378689884879009_37.5613037113735189|127.0378079757911109_37.5616402018536562|127.0377865977822296_37.5617767934806750|127.0377245417596015_37.5622682132607721|127.0377127997241331_37.5624403920444649|127.0377530330382143_37.5625409754472486|127.0378487239693328_37.5626047686992024|127.0387006256198958_37.5627180484271079
2026-09-04T13:22:12.125893+09:00,왕십리역,왕십리역,POI045,KEY_4,1030064300,왕십리광장로,1030026404,왕십리역앞,127.0377309319347319_37.5613082912370047,1030024609,동마중학교,127.0386752783173279_37.5628242955473439,242.0,10.0,정체,127.0386752783173279_37.5628242955473439|127.0377898698108936_37.5627065605114936|127.0376355840434428_37.5626037042817700|127.0375758292617832_37.5624543164691502|127.0375890895391251_37.5622598708882833|127.0376516210575062_37.5617647010788929|127.0376733614598521_37.5616257937989317|127.0377309319347319_37.5613082912370047
2026-09-04T13:22:12.125893+09:00,용산역,용산역,POI046,KEY_1,1020006501,이촌로,1020019800,원효대교북단교차로,126.9549713924562013_37.5315077158583179,1020020403,원효대교북단,126.9553082852605002_37.5317879306578988,43.0,8.0,정체,126.9553082852605002_37.5317879306578988|126.9552595804082529_37.5317588974850480|126.9551463430920109_37.5316836749914486|126.9550491339785054_37.5315936856741885|126.9549713924562013_37.5315077158583179
2026-09-04T13:22:12.125893+09:00,용산역,용산역,POI046,KEY_1,1020006502,이촌로,1020019104,원효대교(북측),126.9547296547672914_37.5310849407541980,1020019800,원효대교북단교차로,126.9549713924562013_37.5315077158583179,52.0,10.0,정체,126.9549713924562013_37.5315077158583179|126.9548823881418684_37.5314051380367530|126.9547955830909842_37.5312469196548548|126.9547296547672914_37.5310849407541980
2026-09-04T13:22:12.125893+09:00,용산역,용산역,POI046,KEY_1,1020006504,이촌로,1020018400,원효대교(북측),126.9545711623072890_37.5306544215694089,1020019103,원효대교(북측),126.9546751732118395_37.5309512393787443,34.0,24.0,서행,126.9546751732118395_37.5309512393787443|126.9546570380824448_37.5309067457603192|126.9545711623072890_37.5306544215694089
2026-09-04T13:22:12.125893+09:00,용산역,용산역,POI046,KEY_1,1020006505,이촌로,1020106600,이촌동 171-1,126.9544359068926269_37.5302142769447897,1020018400,원효대교(북측),126.9545711623072890_37.5306544215694089,50.0,33.0,원활,126.9545711623072890_37.5306544215694089|126.9544809652151400_37.5304060158969790|126.9544442074129051_37.5302666285182838|126.9544359068926269_37.5302142769447897
2026-09-04T13:22:12.125893+09:00,용산역,용산역,POI046,KEY_1,1020006506,이촌로,1020013502,이촌고가차도(남측),126.9585449269514044_37.5242820013251546,1020014202,이촌고가차도(북측),126.9567284262237763_37.5256034794381890,218.0,41.0,원활,126.9567284262237763_37.5256034794381890|126.9574592703260691_37.5249784632239098|126.9578315467532974_37.5247304021404133|126.9585449269514044_37.5242820013251546
2026-09-04T13:22:12.125893+09:00,용산역,용산역,POI046,KEY_1,1020006601,이촌로,1020020402,원효대교북단,126.9553901102148501_37.5317020507255563,1020019101,원효대교(북측),126.9548588027812031_37.5310516019593976,88.0,17.0,서행,126.9548588027812031_37.5310516019593976|126.9549226689843948_37.5312085125953701|126.9550033116491221_37.5313554984575291|126.9550615398033386_37.5314328679821756|126.9551536553410358_37.5315246564589984|126.9552419361069866_37.5316063792257282|126.9553441400846054_37.5316742723173178|126.9553901102148501_37.5317020507255563
2026-09-04T13:22:12.125893+09:00,용산역,용산역,POI046,KEY_1,1020006602,이촌로,1020205500,최소노드배치점,126.9548358306542184_37.5280745473059696,1020014201,이촌고가차도(북측),126.9568310199770877_37.5256741735968973,321.0,31.0,원활,126.9568310199770877_37.5256741735968973|126.9567137750659356_37.5257905141320904|126.9566032818130168_37.5259001546487454|126.9561863225043794_37.5263138922143824|126.9559119746242430_37.5265861169618304|126.9558554148212153_37.5266429384152786|126.9556176202604121_37.5268818317877120|126.9553630706085698_37.5271950322431351|126.9552216938227076_37.5273988835597478|126.9551608101404412_37.5275054945227566|126.9548358306542184_37.5280745473059696
2026-09-04T13:22:12.125893+09:00,용산역,용산역,POI046,KEY_1,1020006603,이촌로,1020014201,이촌고가차도(북측),126.9568310199770877_37.5256741735968973,1020013501,이촌고가차도(남측),126.9586289791741223_37.5243669044741708,216.0,43.5,원활,126.9586289791741223_37.5243669044741708|126.9579171683803196_37.5248143186944176|126.9575528488126537_37.5250570787040729|126.9568310199770877_37.5256741735968973
2026-09-04T13:22:12.125893+09:00,용산역,용산역,POI046,KEY_1,1020007302,한강대로,1020015204,용산역,126.9667170087153636_37.5280456524693449,1020016803,전자상가입구교차로,126.9681558223356888_37.5295644873819896,211.0,25.0,원활,126.9681558223356888_37.5295644873819896|126.9672342806026819_37.5285917021841300|126.9667170087153636_37.5280456524693449
2026-09-04T13:22:12.125893+09:00,용산역,용산역,POI046,KEY_1,1020007303,한강대로,1020014817,용산역사거리,126.9661319906761747_37.5274253090940633,1020015203,용산역,126.9666353702945258_37.5279592626933010,74.0,7.5,정체,126.9666353702945258_37.5279592626933010|126.9661319906761747_37.5274253090940633
2026-09-04T13:22:12.125893+09:00,용산역,용산역,POI046,KEY_1,1020007402,한강대로,1020051500,한강로2가 188-1,126.9673426559004668_37.5285265849111056,1020015201,속성변화점,126.9668253836721163_37.5279805356647955,76.0,14.0,정체,126.9668253836721163_37.5279805356647955|126.9673426559004668_37.5285265849111056
2026-09-04T13:22:12.125893+09:00,용산역,용산역,POI046,KEY_1,1020007404,한강대로,1020015201,속성변화점,126.9668253836721163_37.5279805356647955,1020014814,용산역사거리,126.9662405537631287_37.5273603918662033,86.0,33.5,원활,126.9662405537631287_37.5273603918662033|126.9667439343401583_37.5278943446378008|126.9668253836721163_37.5279805356647955
2026-09-04T13:22:12.125893+09:00,용산역,용산역,POI046,KEY_1,1020007700,청파로,1020173500,최소노드배치점,126.9542456981875063_37.5317279758192655,1020037602,원효대교,126.9568345198735386_37.5332410447366627,285.0,51.0,원활,126.9568345198735386_37.5332410447366627|126.9565849866213654_37.5331524137163512|126.9561176036738885_37.5328605788594274|126.9556559715311721_37.5326013704243877|126.9553154035325093_37.5324227537399153|126.9549297998321720_37.5322109106913047|126.9546531467051835_37.5320271321003176|126.9542456981875063_37.5317279758192655
2026-09-04T13:22:12.125893+09:00,용산역,용산역,POI046,KEY_1,1020008301,새창로,1020143800,한강로3가 3-38,126.9630915470483501_37.5330272864438896,1020022103,용산전자상가앞교차로,126.9629279568080591_37.5332351639350534,27.0,28.0,원활,126.9629279568080591_37.5332351639350534|126.9630538866097140_37.5330634009447337|126.9630915470483501_37.5330272864438896
2026-09-04T13:22:12.125893+09:00,용산역,용산역,POI046,KEY_1,1020008302,새창로,1020020304,한강로3가 23-4,126.9652119205696295_37.5317965792214139,1020021002,신용산지하차도(서측),126.9641478967900383_37.5325528422241064,127.0,39.0,원활,126.9641478967900383_37.5325528422241064|126.9643316528803609_37.5324303445171026|126.9643497266759482_37.5324240929770170|126.9644789739496247_37.5323619601416141|126.9646508439094248_37.5322560774030194|126.9652119205696295_37.5317965792214139
2026-09-04T13:22:12.125893+09:00,용산역,용산역,POI046,KEY_1,1020008304,새창로,1020017803,신용산지하차도(동측),126.9672920986842541_37.5301423807374377,1020021002,신용산지하차도(서측),126.9641478967900383_37.5325528422241064,388.0,10.0,정체,126.9641478967900383_37.5325528422241064|126.9643809266257364_37.5324722401779951|126.9645174119451809_37.5324066289165401|126.9646961706868211_37.5322965008629552|126.9653089376107715_37.5317946698217355|126.9666662371181047_37.5306072265435589|126.9670883183181331_37.5302833177777018|126.9672920986842541_37.5301423807374377
2026-09-04T13:22:12.125893+09:00,용산역,용산역,POI046,KEY_1,1020008306,새창로,1020016803,전자상가입구교차로,126.9681558223356888_37.5295644873819896,1020017802,신용산지하차도(동측),126.9673959720882692_37.5300726947153009,88.0,13.0,정체,126.9673959720882692_37.5300726947153009|126.9677699989137238_37.5298289272809029|126.9679910930038602_37.5296848305883302|126.9679948818404398_37.5296820626562777|126.9681558223356888_37.5295644873819896
2026-09-04T13:22:12.125893+09:00,용산역,용산역,POI046,KEY_1,1020008401,새창로,1020022102,용산전자상가앞교차로,126.9630710658397987_37.5332544033118722,1020021004,신용산지하차도(서측),126.9640622935567649_37.5327015803896558,110.0,10.0,정체,126.9640622935567649_37.5327015803896558|126.9634749367835127_37.5329119529101760|126.9633867785343142_37.5329492144407979|126.9632743505974162_37.5330212208712055|126.9631959939209196_37.5330963613603785|126.9631654873827102_37.5331256156879931|126.9630710658397987_37.5332544033118722
2026-09-04T13:22:12.125893+09:00,용산역,용산역,POI046,KEY_1,1020008402,새창로,1020021001,신용산지하차도(서측),126.9642019833896285_37.5326520130916776,1020020301,한강로2가 2-367,126.9654108854401215_37.5319438111119723,137.0,31.0,원활,126.9654108854401215_37.5319438111119723|126.9648321479170505_37.5324177738388656|126.9646327205503979_37.5325406342616859|126.9644745301098396_37.5326166817303246|126.9644398268731891_37.5326286851676940|126.9642019833896285_37.5326520130916776
2026-09-04T13:22:12.125893+09:00,용산역,용산역,POI046,KEY_1,1020008404,새창로,1020021001,신용산지하차도(서측),126.9642019833896285_37.5326520130916776,1020017804,신용산지하차도(동측),126.9673811166748720_37.5302240136235596,392.0,46.3,원활,126.9673811166748720_37.5302240136235596|126.9671799908457928_37.5303631161555273|126.9667636396161754_37.5306826263665059|126.9654078286461214_37.5318687710402443|126.9647868221242817_37.5323773504322133|126.9645942835487062_37.5324959655255483|126.9644433289083878_37.5325685345548337|126.9642019833896285_37.5326520130916776
2026-09-04T13:22:12.125893+09:00,용산역,용산역,POI046,KEY_1,1020008406,새창로,1020126900,한강로2가 422-1,126.9678559795664512_37.5299126000648968,1020016804,전자상가입구교차로,126.9682403944276103_37.5296494232954956,45.0,12.0,정체,126.9682403944276103_37.5296494232954956|126.9680866539261928_37.5297617379752211|126.9680800395232581_37.5297665700961005|126.9678559795664512_37.5299126000648968
2026-09-04T13:22:12.125893+09:00,용산역,용산역,POI046,KEY_1,1020009702,청파로,1020020404,원효대교북단,126.9556375536380557_37.5319857483433736,1020020600,한강로3가16-65,126.9565323634393508_37.5323743610575846,90.0,19.0,서행,126.9565323634393508_37.5323743610575846|126.9556375536380557_37.5319857483433736
2026-09-04T13:22:12.125893+09:00,용산역,용산역,POI046,KEY_1,1020009703,청파로,1020020600,한강로3가16-65,126.9565323634393508_37.5323743610575846,1020020902,용산전자단지우체국,126.9569058189334640_37.5325337481242514,37.0,32.0,원활,126.9569058189334640_37.5325337481242514|126.9565323634393508_37.5323743610575846
2026-09-04T13:22:12.125893+09:00,용산역,용산역,POI046,KEY_1,1020009704,청파로,1020020902,용산전자단지우체국,126.9569058189334640_37.5325337481242514,1020021304,한강로3가 16-7,126.9574584875420840_37.5327318107459149,54.0,11.0,정체,126.9574584875420840_37.5327318107459149|126.9572579846815188_37.5326702912132433|126.9569058189334640_37.5325337481242514
2026-09-04T13:22:12.125893+09:00,용산역,용산역,POI046,KEY_1,1020009705,청파로,1020119000,한강로3가 16-7,126.9595695472644508_37.5332638198563799,1020021604,한강로3가 16-19,126.9615014024332140_37.5332163732493740,172.0,31.0,원활,126.9615014024332140_37.5332163732493740|126.9602058425279836_37.5333336741990635|126.9600077776086664_37.5333356039105581|126.9597562586833277_37.5333057692181953|126.9595695472644508_37.5332638198563799
2026-09-04T13:22:12.125893+09:00,용산역,용산역,POI046,KEY_1,1020009706,청파로,1020021601,한강로3가 1-5,126.9616473260760756_37.5332073613940054,1020022104,용산전자상가앞교차로,126.9628484822402044_37.5333341021974505,107.0,26.0,원활,126.9628484822402044_37.5333341021974505|126.9618939521689356_37.5332053139414228|126.9617370896390582_37.5332029917991576|126.9616473260760756_37.5332073613940054
2026-09-04T13:22:12.125893+09:00,용산역,용산역,POI046,KEY_1,1020009708,청파로,1020037500,원효대교(북측),126.9542693846201331_37.5315793811471394,1020020404,원효대교북단,126.9556375536380557_37.5319857483433736,129.0,34.0,원활,126.9556375536380557_37.5319857483433736|126.9551388991962710_37.5318433205660398|126.9547492867794602_37.5317238126920998|126.9542693846201331_37.5315793811471394
2026-09-04T13:22:12.125893+09:00,용산역,용산역,POI046,KEY_1,1020009802,청파로,1020020403,원효대교북단,126.9553082852605002_37.5317879306578988,1020020200,원효대교(북측),126.9548392490623030_37.5316133150025451,46.0,18.0,서행,126.9548392490623030_37.5316133150025451|126.9550620163499985_37.5317058967629364|126.9552021760954830_37.5317598740333125|126.9553082852605002_37.5317879306578988
2026-09-04T13:22:12.125893+09:00,용산역,용산역,POI046,KEY_1,1020009803,청파로,1020020901,용산전자단지우체국,126.9569675898006125_37.5324375365610621,1020020401,원효대교북단,126.9557064644342717_37.5318932133014656,127.0,25.0,원활,126.9557064644342717_37.5318932133014656|126.9565965093453883_37.5322790695441242|126.9569675898006125_37.5324375365610621
2026-09-04T13:22:12.125893+09:00,용산역,용산역,POI046,KEY_1,1020009804,청파로,1020021303,한강로3가 16-7,126.9575072985046518_37.5326309196351815,1020020901,용산전자단지우체국,126.9569675898006125_37.5324375365610621,52.0,20.0,서행,126.9569675898006125_37.5324375365610621|126.9573122042361888_37.5325710592489799|126.9575072985046518_37.5326309196351815
2026-09-04T13:22:12.125893+09:00,용산역,용산역,POI046,KEY_1,1020009805,청파로,1020021603,한강로3가 16-7,126.9614677039148063_37.5331106071503697,1020021302,한강로3가 16-7,126.9576337477824950_37.5326706470732603,349.0,18.0,서행,126.9576337477824950_37.5326706470732603|126.9580664129919683_37.5328101154640095|126.9585225787335219_37.5329162450912719|126.9596064120293448_37.5331597618635868|126.9597848075777904_37.5331998428518006|126.9600170076349457_37.5332273860062742|126.9601973228100036_37.5332256286964352|126.9614677039148063_37.5331106071503697
2026-09-04T13:22:12.125893+09:00,용산역,용산역,POI046,KEY_1,1020009806,청파로,1020022103,용산전자상가앞교차로,126.9629279568080591_37.5332351639350534,1020021602,한강로3가 16-39,126.9616029567967104_37.5331011995652588,118.0,16.0,서행,126.9616029567967104_37.5331011995652588|126.9617342044094386_37.5330948103767668|126.9619066244179351_37.5330973627923612|126.9629279568080591_37.5332351639350534
2026-09-04T13:22:12.125893+09:00,용산역,용산역,POI046,KEY_1,1020010101,원효로,1020020501,현대원효로센터앞교차로,126.9539405868904964_37.5322577712034473,1020021802,성불사,126.9566111307023277_37.5331000118838318,264.0,19.0,서행,126.9566111307023277_37.5331000118838318|126.9561594810851517_37.5328179473307841|126.9556942083330568_37.5325566942213769|126.9553618008372524_37.5323823568818753|126.9550080897569586_37.5322928947044829|126.9546935805942809_37.5322579850113343|126.9545090936698841_37.5322510272462040|126.9544108963312965_37.5322473237002754|126.9541630715034586_37.5322472277727215|126.9539405868904964_37.5322577712034473
2026-09-04T13:22:12.125893+09:00,용산역,용산역,POI046,KEY_1,1020010103,원효로,1020056200,원효로3가 47-12,126.9584348464885011_37.5341146938112047,1020024504,원효전화국,126.9602035658032548_37.5348449023069861,176.0,43.3,원활,126.9602035658032548_37.5348449023069861|126.9585590008392302_37.5341732154492931|126.9584348464885011_37.5341146938112047
2026-09-04T13:22:12.125893+09:00,용산역,용산역,POI046,KEY_1,1020010104,원효로,1020024501,원효전화국,126.9603308476740580_37.5348967079158768,1020025504,원효로2가사거리,126.9615466458641890_37.5353906443280891,121.0,37.3,원활,126.9615466458641890_37.5353906443280891|126.9603308476740580_37.5348967079158768
2026-09-04T13:22:12.125893+09:00,용산역,용산역,POI046,KEY_1,1020010105,원효로,1020021801,성불사,126.9567219150006707_37.5331696767850218,1020037602,원효대교,126.9568345198735386_37.5332410447366627,13.0,22.0,서행,126.9568345198735386_37.5332410447366627|126.9567219150006707_37.5331696767850218
2026-09-04T13:22:12.125893+09:00,용산역,용산역,POI046,KEY_1,1020010106,원효로,1020037602,원효대교,126.9568345198735386_37.5332410447366627,1020022803,원효대교북단,126.9572909752407952_37.5335219124607775,51.0,48.0,원활,126.9572909752407952_37.5335219124607775|126.9569699494762745_37.5333268803031075|126.9568345198735386_37.5332410447366627
2026-09-04T13:22:12.125893+09:00,용산역,용산역,POI046,KEY_1,1020010202,원효로,1020021500,스페이스빌딩,126.9567356509816420_37.5330397231732746,1020021100,원효대교(북측),126.9561715111079963_37.5326923837849762,63.0,49.0,원활,126.9561715111079963_37.5326923837849762|126.9567356509816420_37.5330397231732746
2026-09-04T13:22:12.125893+09:00,용산역,용산역,POI046,KEY_1,1020010204,원효로,1020056300,원효로3가 57-2,126.9585040021752462_37.5340216509975093,1020022801,속성변화점,126.9575143077252903_37.5335198035977271,104.0,22.0,서행,126.9575143077252903_37.5335198035977271|126.9577629164446648_37.5336490491793953|126.9578768727078284_37.5337082919235598|126.9583520494125537_37.5339500260028203|126.9585040021752462_37.5340216509975093
2026-09-04T13:22:12.125893+09:00,용산역,용산역,POI046,KEY_1,1020010205,원효로,1020025503,원효로2가사거리,126.9616066918026007_37.5352936610886161,1020024502,원효전화국,126.9603925485917841_37.5348003971819892,120.0,7.0,정체,126.9603925485917841_37.5348003971819892|126.9616066918026007_37.5352936610886161
2026-09-04T13:22:12.125893+09:00,용산역,용산역,POI046,KEY_1,1020010206,원효로,1020037601,원효대교,126.9569192541430027_37.5331563648474642,1020021500,스페이스빌딩,126.9567356509816420_37.5330397231732746,21.0,37.0,원활,126.9567356509816420_37.5330397231732746|126.9569192541430027_37.5331563648474642
2026-09-04T13:22:12.125893+09:00,용산역,용산역,POI046,KEY_1,1020010207,원효로,1020022801,속성변화점,126.9575143077252903_37.5335198035977271,1020037601,원효대교,126.9569192541430027_37.5331563648474642,66.0,19.0,서행,126.9569192541430027_37.5331563648474642|126.9570534673341626_37.5332416291606350|126.9573733231160020_37.5334359509358393|126.9575143077252903_37.5335198035977271
2026-09-04T13:22:12.125893+09:00,용산역,용산역,POI046,KEY_1,1020010302,청파로,1020022101,용산전자상가앞교차로,126.9629950467819413_37.5333538457541422,1020023304,욱천고가차도,126.9667423822990884_37.5338566798318425,336.0,16.0,서행,126.9667423822990884_37.5338566798318425|126.9640513889183637_37.5334956050625834|126.9639175077057160_37.5334776391437899|126.9629950467819413_37.5333538457541422
2026-09-04T13:22:12.125893+09:00,용산역,용산역,POI046,KEY_1,1020010401,청파로,1020023303,욱천고가차도,126.9666991397419622_37.5337412337859959,1020022402,과학동아천문대,126.9640739486854528_37.5333889875427644,235.0,38.0,원활,126.9640739486854528_37.5333889875427644|126.9666991397419622_37.5337412337859959
2026-09-04T13:22:12.125893+09:00,용산역,용산역,POI046,KEY_1,1020010500,새창로,1020162500,신계동 33-1,126.9620261863349242_37.5346299016487635,1020025503,원효로2가사거리,126.9616066918026007_37.5352936610886161,82.0,12.5,정체,126.9616066918026007_37.5352936610886161|126.9620261863349242_37.5346299016487635
2026-09-04T13:22:12.125893+09:00,용산역,용산역,POI046,KEY_1,1020010600,새창로,1020071900,신계동 33-1,126.9622256102794040_37.5345548543234315,1020022101,용산전자상가앞교차로,126.9629950467819413_37.5333538457541422,150.0,22.0,서행,126.9629950467819413_37.5333538457541422|126.9628865667205702_37.5334837393238701|126.9623753062408724_37.5343179881643252|126.9622256102794040_37.5345548543234315
2026-09-04T13:22:12.125893+09:00,용산역,용산역,POI046,KEY_1,1020012200,새창로,1020053600,원효로2가 69-8,126.9614104165255384_37.5358642039830173,1020025501,원효로2가사거리,126.9616681414131563_37.5354389270863322,52.0,15.3,서행,126.9616681414131563_37.5354389270863322|126.9614104165255384_37.5358642039830173
2026-09-04T13:22:12.125893+09:00,용산역,용산역,POI046,KEY_1,1020013001,원효로,1020156300,원효로2가 85-18,126.9621265329987807_37.5355061956467253,1020025502,원효로2가사거리,126.9617281707655394_37.5353419481051134,40.0,16.0,서행,126.9617281707655394_37.5353419481051134|126.9619750621552043_37.5354379534562739|126.9621265329987807_37.5355061956467253
2026-09-04T13:22:12.125893+09:00,용산역,용산역,POI046,KEY_1,1020031003,한강대로23길,1020014811,한강로3가40-999,126.9650319571767909_37.5280002038717555,1020014808,나인트리프리미어로카우스호텔서울용산,126.9650066545708853_37.5276421187492488,41.0,11.0,정체,126.9650066545708853_37.5276421187492488|126.9649914191819278_37.5277013522904355|126.9649619436993220_37.5278251817468700|126.9649731538123945_37.5279028153889769|126.9650111793189211_37.5279786063186336|126.9650319571767909_37.5280002038717555
2026-09-04T13:22:12.125893+09:00,용산역,용산역,POI046,KEY_1,1020031004,한강대로23길,1020015802,용산역광장앞삼거리,126.9655870495660963_37.5285771917394086,1020014810,한강로3가40-999,126.9651145625119995_37.5280860680841215,69.0,15.0,서행,126.9651145625119995_37.5280860680841215|126.9655870495660963_37.5285771917394086
2026-09-04T13:22:12.125893+09:00,용산역,용산역,POI046,KEY_1,1020031103,한강대로23길,1020014813,한강로3가40-999,126.9649986264322621_37.5281433310974464,1020015803,용산역광장앞삼거리,126.9654792857407983_37.5286429499279635,70.0,3.0,정체,126.9654792857407983_37.5286429499279635|126.9649986264322621_37.5281433310974464
2026-09-04T13:22:12.125893+09:00,용산역,용산역,POI046,KEY_1,1020031104,한강대로23길,1020014809,나인트리프리미어로카우스호텔서울용산,126.9648618974692766_37.5276661459034742,1020014812,한강로3가40-999,126.9649132840756920_37.5280546215653175,45.0,11.0,정체,126.9649132840756920_37.5280546215653175|126.9648920477050780_37.5280325472795724|126.9648403574404796_37.5279295185643349|126.9648247157962260_37.5278211990720649|126.9648582224020572_37.5276804338166627|126.9648618974692766_37.5276661459034742
2026-09-04T13:22:12.125893+09:00,용산역,용산역,POI046,KEY_1,1020031200,한강대로29길,1020015203,용산역,126.9666353702945258_37.5279592626933010,1020015802,용산역광장앞삼거리,126.9655870495660963_37.5285771917394086,115.0,13.0,정체,126.9655870495660963_37.5285771917394086|126.9666353702945258_37.5279592626933010
2026-09-04T13:22:12.125893+09:00,용산역,용산역,POI046,KEY_1,1020031300,한강대로29길,1020015801,용산역광장앞삼거리,126.9656695215508364_37.5286630905805509,1020015204,용산역,126.9667170087153636_37.5280456524693449,115.0,15.0,서행,126.9667170087153636_37.5280456524693449|126.9656695215508364_37.5286630905805509
2026-09-04T13:22:12.125893+09:00,용산역,용산역,POI046,KEY_1,1020031800,한강대로23길,1020016503,래미안용산더센트럴아파트,126.9665866344622600_37.5293810609541154,1020015801,용산역광장앞삼거리,126.9656695215508364_37.5286630905805509,117.0,14.0,정체,126.9656695215508364_37.5286630905805509|126.9662201108448301_37.5292376820034406|126.9663585298970645_37.5293159554833409|126.9664976804328944_37.5293681540214692|126.9665866344622600_37.5293810609541154
2026-09-04T13:22:12.125893+09:00,용산역,용산역,POI046,KEY_1,1020031900,한강대로23길,1020015804,용산역광장앞삼거리,126.9655615980971248_37.5287286830372580,1020016504,래미안용산더센트럴아파트,126.9665623007562090_37.5294874303158039,126.0,8.0,정체,126.9665623007562090_37.5294874303158039|126.9664558863780712_37.5294719906999603|126.9662897668189885_37.5294096751808439|126.9661246990065138_37.5293163310360498|126.9655615980971248_37.5287286830372580
2026-09-04T13:22:12.125893+09:00,용산역,용산역,POI046,KEY_1,1020033800,한강대로23길,1020017802,신용산지하차도(동측),126.9673959720882692_37.5300726947153009,1020016502,래미안용산더센트럴아파트,126.9668186628177295_37.5294998350448381,82.0,10.0,정체,126.9668186628177295_37.5294998350448381|126.9668353525807589_37.5295109193249630|126.9673959720882692_37.5300726947153009
2026-09-04T13:22:12.125893+09:00,용산역,용산역,POI046,KEY_1,1020033900,한강대로23길,1020016501,래미안용산더센트럴아파트,126.9667317143194367_37.5295828712989419,1020017803,신용산지하차도(동측),126.9672920986842541_37.5301423807374377,79.0,8.0,정체,126.9672920986842541_37.5301423807374377|126.9667377225475065_37.5295868616176236|126.9667317143194367_37.5295828712989419
2026-09-04T13:22:12.125893+09:00,용산역,용산역,POI046,KEY_1,1020037600,청파로20길,1020121400,한강로2가 16-8,126.9668210577428340_37.5331389847105044,1020023303,욱천고가차도,126.9666991397419622_37.5337412337859959,68.0,14.0,정체,126.9666991397419622_37.5337412337859959|126.9668024994931272_37.5332225614810042|126.9668210577428340_37.5331389847105044
2026-09-04T13:22:12.125893+09:00,용산역,용산역,POI046,KEY_1,1020034800,이촌로2길,1020017500,이촌119안전센터,126.9523654405978732_37.5299851049663928,1020019104,원효대교(북측),126.9547296547672914_37.5310849407541980,251.0,25.0,원활,126.9547296547672914_37.5310849407541980|126.9545655803105433_37.5310328345768127|126.9543726239541144_37.5309286287612096|126.9540821407545081_37.5307553338088766|126.9530819266436481_37.5301623577747137|126.9528911683399315_37.5300492648525363|126.9527252955329146_37.5299509250104393|126.9526356021338103_37.5299314301440461|126.9525667304034755_37.5299311114793284|126.9525008186408570_37.5299355755796711|126.9523654405978732_37.5299851049663928
2026-09-04T13:22:12.125893+09:00,용산역,용산역,POI046,KEY_1,1020034900,이촌로,1020018400,원효대교(북측),126.9545711623072890_37.5306544215694089,1020018700,원효대교(북측),126.9543146494929005_37.5307598839378187,27.0,16.0,서행,126.9543146494929005_37.5307598839378187|126.9544437703061419_37.5307416362807444|126.9545056917429804_37.5307121037020153|126.9545534666634836_37.5306713040317206|126.9545711623072890_37.5306544215694089
2026-09-04T13:22:12.125893+09:00,용산역,용산역,POI046,KEY_1,1020035200,이촌로2길,1020019103,원효대교(북측),126.9546751732118395_37.5309512393787443,1020018700,원효대교(북측),126.9543146494929005_37.5307598839378187,38.0,12.0,정체,126.9543146494929005_37.5307598839378187|126.9544514644855440_37.5308405709979240|126.9546295685219661_37.5309367565745760|126.9546751732118395_37.5309512393787443
2026-09-04T13:22:12.125893+09:00,용산역,용산역,POI046,KEY_1,1020036100,이촌로,1020019104,원효대교(북측),126.9547296547672914_37.5310849407541980,1020019300,원효대교(북측),126.9543441870368383_37.5313612767879334,53.0,21.0,서행,126.9543441870368383_37.5313612767879334|126.9544303469565278_37.5313660691537123|126.9545129769833665_37.5313541456228563|126.9546005674117595_37.5313227226698274|126.9546616289976413_37.5312789475547532|126.9546937077607396_37.5311873829968690|126.9547296547672914_37.5310849407541980
2026-09-04T13:22:12.125893+09:00,용산역,용산역,POI046,KEY_1,1020036300,청파로,1020173900,최소노드배치점,126.9610232494990356_37.5318170658722465,1020021303,한강로3가 16-7,126.9575072985046518_37.5326309196351815,380.0,21.0,서행,126.9575072985046518_37.5326309196351815|126.9578275642214180_37.5318770888071569|126.9579050787331767_37.5318219157228796|126.9580441527752441_37.5317903247534730|126.9581599223025989_37.5317836200292945|126.9582503389003136_37.5318011098269508|126.9587847846923694_37.5319191178751055|126.9592422416729391_37.5319853479552847|126.9598040293009262_37.5320438172580566|126.9599868096045014_37.5320348945443172|126.9602979712750823_37.5319846984666938|126.9610232494990356_37.5318170658722465
2026-09-04T13:22:12.125893+09:00,용산역,용산역,POI046,KEY_1,1020036400,청파로,1020051600,한강로3가 40-999,126.9651342782798906_37.5308520902996037,1020016501,래미안용산더센트럴아파트,126.9667317143194367_37.5295828712989419,286.0,13.0,정체,126.9667317143194367_37.5295828712989419|126.9667342797360448_37.5295871669884633|126.9670026551513899_37.5298632595946771|126.9670198541459598_37.5299346174117971|126.9670018542596779_37.5300299563627817|126.9669516738453154_37.5301004213707472|126.9665305642197239_37.5304917275435486|126.9663500374824423_37.5306268174460413|126.9662430780638118_37.5306336011953618|126.9657310266158277_37.5303634416177161|126.9655336880002920_37.5305204864041144|126.9651342782798906_37.5308520902996037
2026-09-04T13:22:12.125893+09:00,용산역,용산역,POI046,KEY_1,1020036500,이촌로,1020019800,원효대교북단교차로,126.9549713924562013_37.5315077158583179,1020020200,원효대교(북측),126.9548392490623030_37.5316133150025451,20.0,8.0,정체,126.9548392490623030_37.5316133150025451|126.9549083150940731_37.5316110717711027|126.9549509103713802_37.5315900370343911|126.9549709351302482_37.5315664735781809|126.9549752021724913_37.5315409480382698|126.9549713924562013_37.5315077158583179
2026-09-04T13:22:12.125893+09:00,용산역,용산역,POI046,KEY_1,1020037000,청파로20길,1020079500,한강로3가 40-969,126.9629597330628741_37.5320408152329819,1020021603,한강로3가 16-7,126.9614677039148063_37.5331106071503697,225.0,13.5,정체,126.9614677039148063_37.5331106071503697|126.9614047219316859_37.5325343489783307|126.9614013743318850_37.5324176547259896|126.9614508283752343_37.5323318198881850|126.9615635429022689_37.5322869840670563|126.9619319510057380_37.5322220300683327|126.9629597330628741_37.5320408152329819
2026-09-04T13:22:12.125893+09:00,용산역,용산역,POI046,KEY_1,1020037100,청파로20길,1020099000,한강로3가 23-1,126.9637035399275788_37.5320204024149149,1020020304,한강로3가 23-4,126.9652119205696295_37.5317965792214139,140.0,15.5,서행,126.9652119205696295_37.5317965792214139|126.9651393019003365_37.5317424383839153|126.9650994879791170_37.5317344987149681|126.9649852047470375_37.5317530795719136|126.9640726512030824_37.5319553172189231|126.9637035399275788_37.5320204024149149
2026-09-04T13:22:12.125893+09:00,용산역,용산역,POI046,KEY_1,1020037400,청파로,1020020600,한강로3가16-65,126.9565323634393508_37.5323743610575846,1020021100,원효대교(북측),126.9561715111079963_37.5326923837849762,57.0,13.0,정체,126.9561715111079963_37.5326923837849762|126.9563725209901719_37.5326683519297930|126.9564513229297091_37.5326418852762274|126.9565040511106275_37.5325974123742796|126.9565345586347433_37.5325200456337811|126.9565323634393508_37.5323743610575846
2026-09-04T13:22:12.125893+09:00,용산역,용산역,POI046,KEY_1,1020037500,청파로20길,1020023302,욱천고가차도,126.9668127759471901_37.5337599745325932,1020020302,한강로2가 2-367,126.9655029202062337_37.5318643256554978,269.0,13.0,정체,126.9655029202062337_37.5318643256554978|126.9658228653465244_37.5320992742805473|126.9669454772575961_37.5328926487014982|126.9669788188484318_37.5329657490361228|126.9669825954666464_37.5330324178620387|126.9669547514942423_37.5331578118494633|126.9669364015558273_37.5332404496774856|126.9668127759471901_37.5337599745325932
2026-09-04T13:22:12.125893+09:00,용산역,용산역,POI046,KEY_1,1020057001,한강대로,1020041503,용산우체국,126.9688709856765172_37.5301100058853052,1020016801,전자상가입구교차로,126.9683459865975124_37.5295827397858162,75.0,14.0,정체,126.9683459865975124_37.5295827397858162|126.9688709856765172_37.5301100058853052
2026-09-04T13:22:12.125893+09:00,용산역,용산역,POI046,KEY_1,1020037700,원효로,1020021500,스페이스빌딩,126.9567356509816420_37.5330397231732746,1020020902,용산전자단지우체국,126.9569058189334640_37.5325337481242514,60.0,21.0,서행,126.9569058189334640_37.5325337481242514|126.9568100044306647_37.5326661782408806|126.9567290707744291_37.5328556687790567|126.9567356509816420_37.5330397231732746
2026-09-04T13:22:12.125893+09:00,용산역,용산역,POI046,KEY_1,1020038000,청파로,1020022402,과학동아천문대,126.9640739486854528_37.5333889875427644,1020021001,신용산지하차도(서측),126.9642019833896285_37.5326520130916776,83.0,15.0,서행,126.9642019833896285_37.5326520130916776|126.9641861505747897_37.5328649726940426|126.9640739486854528_37.5333889875427644
2026-09-04T13:22:12.125893+09:00,용산역,용산역,POI046,KEY_1,1020038100,청파로,1020021004,신용산지하차도(서측),126.9640622935567649_37.5327015803896558,1020022403,과학동아천문대,126.9639400680898262_37.5333710217557694,75.0,13.0,정체,126.9639400680898262_37.5333710217557694|126.9640510614697462_37.5328526528075628|126.9640622935567649_37.5327015803896558
2026-09-04T13:22:12.125893+09:00,용산역,용산역,POI046,KEY_1,1020038800,청파로,1020022403,과학동아천문대,126.9639400680898262_37.5333710217557694,1020022102,용산전자상가앞교차로,126.9630710658397987_37.5332544033118722,78.0,11.0,정체,126.9630710658397987_37.5332544033118722|126.9639400680898262_37.5333710217557694
2026-09-04T13:22:12.125893+09:00,용산역,용산역,POI046,KEY_1,1020039000,원효로35길,1020021802,성불사,126.9566111307023277_37.5331000118838318,1020023003,원효로3가 262-8,126.9563711597537008_37.5335700537209007,56.0,23.0,서행,126.9563711597537008_37.5335700537209007|126.9566111307023277_37.5331000118838318
2026-09-04T13:22:12.125893+09:00,용산역,용산역,POI046,KEY_1,1020039100,원효로35길,1020023002,원효로3가 257-1,126.9565130570848197_37.5335791274521071,1020021801,성불사,126.9567219150006707_37.5331696767850218,49.0,18.0,서행,126.9567219150006707_37.5331696767850218|126.9565130570848197_37.5335791274521071
2026-09-04T13:22:12.125893+09:00,용산역,용산역,POI046,KEY_1,1020039400,원효로,1020022803,원효대교북단,126.9572909752407952_37.5335219124607775,1020023002,원효로3가 257-1,126.9565130570848197_37.5335791274521071,69.0,15.0,서행,126.9565130570848197_37.5335791274521071|126.9565400311155940_37.5335807898227074|126.9567851336461501_37.5335674182814358|126.9568120776048801_37.5335659483254318|126.9571675861822229_37.5335396550469582|126.9572909752407952_37.5335219124607775
2026-09-04T13:22:12.125893+09:00,용산역,용산역,POI046,KEY_1,1020039500,원효로,1020079800,원효로3가 133-1,126.9567944129417612_37.5336752857926328,1020022804,원효대교북단,126.9574400905556786_37.5336103391808891,58.0,17.0,서행,126.9574400905556786_37.5336103391808891|126.9571859599558792_37.5336468817203510|126.9568229957344698_37.5336737264434745|126.9567944129417612_37.5336752857926328
2026-09-04T13:22:12.125893+09:00,용산역,용산역,POI046,KEY_1,1020039900,원효로48길,1020168400,신계동 42-4,126.9614756097737569_37.5337831190555633,1020024503,원효전화국,126.9602655248851022_37.5347486963228505,151.0,8.0,정체,126.9602655248851022_37.5347486963228505|126.9610542717761490_37.5341193264917905|126.9614756097737569_37.5337831190555633
2026-09-04T13:22:12.125893+09:00,용산역,용산역,POI046,KEY_1,1020040000,원효로48길,1020096400,신계동 43-24,126.9616992885874680_37.5337337588043596,1020021601,한강로3가 1-5,126.9616473260760756_37.5332073613940054,60.0,14.0,정체,126.9616473260760756_37.5332073613940054|126.9616850607653760_37.5332679821519903|126.9617061301868972_37.5334117541946028|126.9617361756409224_37.5336167752948100|126.9617091124944182_37.5337207321187591|126.9616992885874680_37.5337337588043596
2026-09-04T13:22:12.125893+09:00,용산역,용산역,POI046,KEY_1,1020040900,청파로,1020023304,욱천고가차도,126.9667423822990884_37.5338566798318425,1020026402,용산고가차도(북측),126.9704843093111037_37.5363492385874977,467.0,42.3,원활,126.9704843093111037_37.5363492385874977|126.9704227801793621_37.5361717784474251|126.9701495821165622_37.5355871197905202|126.9699845691585267_37.5353053026188022|126.9698975191507628_37.5351873692026388|126.9697449137036358_37.5350072940416624|126.9695389623419288_37.5348080100099253|126.9693899613785675_37.5346822917854368|126.9691796804427781_37.5345333431076682|126.9688675278101329_37.5343596834213500|126.9687428200648611_37.5342995915658406|126.9686065249130706_37.5342441222367000|126.9683645420976745_37.5341627846816905|126.9679751237316907_37.5340780955624211|126.9676503836511898_37.5340186887597653|126.9667423822990884_37.5338566798318425
2026-09-04T13:22:12.125893+09:00,용산역,용산역,POI046,KEY_1,1020055800,한강대로21나길,1020039901,용산역(경춘선),126.9641176719463544_37.5286186792737837,1020014813,한강로3가40-999,126.9649986264322621_37.5281433310974464,95.0,6.0,정체,126.9649986264322621_37.5281433310974464|126.9647835836461098_37.5282153525752520|126.9647283623979348_37.5282448024578343|126.9641176719463544_37.5286186792737837
2026-09-04T13:22:12.125893+09:00,용산역,용산역,POI046,KEY_1,1020056100,한강대로23길,1020014816,용산역사거리,126.9660504142522797_37.5273387770719893,1020014811,한강로3가40-999,126.9650319571767909_37.5280002038717555,116.0,6.0,정체,126.9650319571767909_37.5280002038717555|126.9660504142522797_37.5273387770719893
2026-09-04T13:22:12.125893+09:00,용산역,용산역,POI046,KEY_1,1020056200,한강대로23길,1020014810,한강로3가40-999,126.9651145625119995_37.5280860680841215,1020014817,용산역사거리,126.9661319906761747_37.5274253090940633,116.0,11.0,정체,126.9661319906761747_37.5274253090940633|126.9651145625119995_37.5280860680841215
2026-09-04T13:22:12.125893+09:00,이태원역,이태원역,POI047,KEY_2,1020009500,보광로,1020157400,이태원동 131-33,126.9940373387562431_37.5339474192291860,1020003103,이태원역앞교차로,126.9938722101036319_37.5344410134072106,57.0,18.0,서행,126.9938722101036319_37.5344410134072106|126.9939255349719502_37.5342547060894063|126.9940373387562431_37.5339474192291860
2026-09-04T13:22:12.125893+09:00,이태원역,이태원역,POI047,KEY_2,1020010701,이태원로,1020109600,이태원동 119-23,126.9934065376017003_37.5345186269656637,1020003104,이태원역앞교차로,126.9938609433052790_37.5345487608536530,40.0,19.0,서행,126.9938609433052790_37.5345487608536530|126.9934065376017003_37.5345186269656637
2026-09-04T13:22:12.125893+09:00,이태원역,이태원역,POI047,KEY_2,1020010800,이태원로,1020093600,이태원동 57-6,126.9901670978671575_37.5341952578389240,1020003002,녹사평역,126.9881954058624700_37.5340760770369641,175.0,8.0,정체,126.9881954058624700_37.5340760770369641|126.9888746584762771_37.5341095041848334|126.9895083789417214_37.5341515534771304|126.9899064253265237_37.5341779633098369|126.9901670978671575_37.5341952578389240
2026-09-04T13:22:12.125893+09:00,이태원역,이태원역,POI047,KEY_2,1020011101,이태원로,1020167100,이태원동 119-23,126.9944655556111286_37.5345901775849882,1020024204,이태원소방파출소,126.9954968238074144_37.5346610574196760,91.0,13.0,정체,126.9954968238074144_37.5346610574196760|126.9944655556111286_37.5345901775849882
2026-09-04T13:22:12.125893+09:00,이태원역,이태원역,POI047,KEY_2,1020011102,이태원로,1020024201,이태원소방파출소,126.9956371857134911_37.5346703540578233,1020025304,이태원호텔앞교차로,126.9986418686788028_37.5352583937875650,280.0,12.0,정체,126.9986418686788028_37.5352583937875650|126.9984212314769110_37.5351188313605419|126.9982335515615830_37.5350249822649857|126.9980583342124731_37.5349517245471205|126.9978393040948390_37.5348749734958176|126.9976622321914590_37.5348302588598415|126.9974202076542866_37.5347917072044979|126.9972001370625776_37.5347636612448596|126.9968571305746536_37.5347459155125946|126.9956371857134911_37.5346703540578233
2026-09-04T13:22:12.125893+09:00,이태원역,이태원역,POI047,KEY_2,1020011201,이태원로,1020024203,이태원소방파출소,126.9955363307621354_37.5345552498172168,1020003102,이태원역앞교차로,126.9940088155564695_37.5344502604877519,136.0,12.0,정체,126.9940088155564695_37.5344502604877519|126.9944772309336969_37.5344824577926843|126.9955363307621354_37.5345552498172168
2026-09-04T13:22:12.125893+09:00,이태원역,이태원역,POI047,KEY_2,1020011202,이태원로,1020025303,이태원호텔앞교차로,126.9987263153591641_37.5351737312984781,1020024202,이태원소방파출소,126.9956725121214589_37.5345640956228834,285.0,19.0,서행,126.9956725121214589_37.5345640956228834|126.9968667962878328_37.5346380677732867|126.9972152987085821_37.5346560983237794|126.9974442596476365_37.5346852761054279|126.9976961690244082_37.5347254028548534|126.9978873030321580_37.5347736685373405|126.9981173019449585_37.5348542624446893|126.9983013090689639_37.5349311962862444|126.9984997949651415_37.5350304478139734|126.9987263153591641_37.5351737312984781
2026-09-04T13:22:12.125893+09:00,이태원역,이태원역,POI047,KEY_2,1020035800,우사단로10길,1020063700,이태원동 137-71,126.9973461434624795_37.5330913789416840,1020021402,보광초등학교,126.9956899673288291_37.5330078219414247,149.0,9.5,정체,126.9956899673288291_37.5330078219414247|126.9957471709841883_37.5330071120154045|126.9959092532463245_37.5329895166849070|126.9959908705287717_37.5329962436548925|126.9967100332990952_37.5331265163957823|126.9968007706584103_37.5331409709456594|126.9970508064429566_37.5331553276982532|126.9970573683931434_37.5331539068610311|126.9973461434624795_37.5330913789416840
2026-09-04T13:22:12.125893+09:00,이태원역,이태원역,POI047,KEY_2,1020037200,우사단로,1020019604,보광초교,126.9965895979005239_37.5314169517780911,1020021403,보광초등학교,126.9955478948623835_37.5330095850120031,200.0,20.0,서행,126.9955478948623835_37.5330095850120031|126.9955854463118499_37.5329070733362755|126.9956459380082094_37.5327986977635888|126.9960112393039111_37.5322685994321645|126.9965895979005239_37.5314169517780911
2026-09-04T13:22:12.125893+09:00,이태원역,이태원역,POI047,KEY_2,1020037300,우사단로,1020021402,보광초등학교,126.9956899673288291_37.5330078219414247,1020019601,보광초교,126.9967090173040560_37.5314683853719586,193.0,14.0,정체,126.9967090173040560_37.5314683853719586|126.9961304606680130_37.5323203253718063|126.9957676933582462_37.5328467489747055|126.9957132225621166_37.5329443380426113|126.9956899673288291_37.5330078219414247
2026-09-04T13:22:12.125893+09:00,이태원역,이태원역,POI047,KEY_2,1020039700,우사단로,1020063400,이태원동 137-23,126.9955993093615803_37.5340288073665604,1020024203,이태원소방파출소,126.9955363307621354_37.5345552498172168,59.0,9.0,정체,126.9955363307621354_37.5345552498172168|126.9955674338379481_37.5344291020757268|126.9956003436716969_37.5340381328912898|126.9955993093615803_37.5340288073665604
2026-09-04T13:22:12.125893+09:00,이태원역,이태원역,POI047,KEY_2,1020039800,우사단로,1020127900,이태원동 137-23,126.9956810738919017_37.5335371339901727,1020021401,보광초등학교,126.9956544097363604_37.5331163963296177,47.0,6.0,정체,126.9956544097363604_37.5331163963296177|126.9956431779321804_37.5331593197407258|126.9956452666882569_37.5332142943968208|126.9956810738919017_37.5335371339901727
2026-09-04T13:22:12.125893+09:00,이태원역,이태원역,POI047,KEY_2,1020041800,이태원로27길,1020091200,이태원동 112-33,126.9941872579211832_37.5354242896055013,1020026204,태국대사관,126.9952756990904561_37.5363269214383237,190.0,14.0,정체,126.9952756990904561_37.5363269214383237|126.9950024930177079_37.5361660973740001|126.9945858125235389_37.5359208138482217|126.9944631524413410_37.5359015925205028|126.9942169223346156_37.5359130027042980|126.9940461223898893_37.5358880581230920|126.9939407102296656_37.5358117362051757|126.9939029380128943_37.5357324209755134|126.9939132882914947_37.5356500538305298|126.9939823977568238_37.5355615331545565|126.9940376114138303_37.5355245435285383|126.9941872579211832_37.5354242896055013
2026-09-04T13:22:12.125893+09:00,이태원역,이태원역,POI047,KEY_2,1020041900,이태원로27길,1020091300,이태원동 111-5,126.9942746628349681_37.5355070255918761,1020024201,이태원소방파출소,126.9956371857134911_37.5346703540578233,170.0,21.0,서행,126.9956371857134911_37.5346703540578233|126.9955842562411448_37.5347850178568478|126.9954134054469819_37.5350706997723336|126.9953750142490776_37.5351183002557249|126.9952378837399039_37.5352883250498763|126.9951738511499997_37.5353312605409712|126.9950719982470559_37.5353558347332807|126.9945933761089663_37.5353577392293118|126.9945100556674760_37.5353687933671125|126.9944205701082751_37.5354092765412304|126.9942746628349681_37.5355070255918761
2026-09-04T13:22:12.125893+09:00,잠실새내역,잠실새내역,POI118,KEY_3,1230021702,석촌호수로,1230353100,잠실동 279,127.0864689721910281_37.5092608070909250,1230039203,잠실동 277-1,127.0857913006940407_37.5107155088263937,173.0,18.0,서행,127.0857913006940407_37.5107155088263937|127.0859355179749457_37.5102051998990049|127.0860448769971782_37.5099333179183532|127.0862025510453179_37.5096427326652702|127.0864085402465520_37.5093331628304583|127.0864689721910281_37.5092608070909250
2026-09-04T13:22:12.125893+09:00,잠실새내역,잠실새내역,POI118,KEY_3,1230021703,석촌호수로,1230039204,잠실동 277-1,127.0857622779248999_37.5108246687258244,1230040503,잠실새내역교차로,127.0855635572315521_37.5116014858236753,88.0,11.0,정체,127.0855635572315521_37.5116014858236753|127.0857622779248999_37.5108246687258244
2026-09-04T13:22:12.125893+09:00,잠실새내역,잠실새내역,POI118,KEY_3,1230021801,석촌호수로,1230353200,잠실동 34-1,127.0865819707457973_37.5093206987781613,1230035804,잠실학원사거리,127.0907435116093893_37.5076347291248027,428.0,29.0,원활,127.0907435116093893_37.5076347291248027|127.0891988654833682_37.5078903869766904|127.0886967870483488_37.5080084362478132|127.0881708286998588_37.5081877992563406|127.0880012683076359_37.5082606960781177|127.0877888032188707_37.5083520377951984|127.0873293019124333_37.5086200596454873|127.0869893609562524_37.5088726575149423|127.0867610863939206_37.5091062405246163|127.0865819707457973_37.5093206987781613
2026-09-04T13:22:12.125893+09:00,잠실새내역,잠실새내역,POI118,KEY_3,1230022501,백제고분로,1230034504,아시아선수촌아파트앞교차로,127.0794760915656525_37.5067976917142687,1230037302,아시아선수촌정문,127.0789846119519098_37.5088462503289861,232.0,24.0,서행,127.0789846119519098_37.5088462503289861|127.0792348638606626_37.5077439618197062|127.0794043146057106_37.5069975607147299|127.0794760915656525_37.5067976917142687
2026-09-04T13:22:12.125893+09:00,잠실새내역,잠실새내역,POI118,KEY_3,1230022502,백제고분로,1230353500,잠실동 125,127.0787072249255090_37.5099907360209954,1230038503,올림피아빌딩,127.0786542685962957_37.5102092272623651,25.0,29.0,원활,127.0786542685962957_37.5102092272623651|127.0787072249255090_37.5099907360209954
2026-09-04T13:22:12.125893+09:00,잠실새내역,잠실새내역,POI118,KEY_3,1230022503,백제고분로,1230038504,올림피아빌딩,127.0786287250056432_37.5103159388886098,1230041203,종합운동장교차로,127.0782816833858391_37.5117845986573144,166.0,22.0,서행,127.0782816833858391_37.5117845986573144|127.0786287250056432_37.5103159388886098
2026-09-04T13:22:12.125893+09:00,잠실새내역,잠실새내역,POI118,KEY_3,1230022601,백제고분로,1230351300,잠실동 258,127.0793710204524842_37.5077634256097809,1230034501,아시아선수촌아파트앞교차로,127.0795914683025813_37.5068694993964726,101.0,10.0,정체,127.0795914683025813_37.5068694993964726|127.0795366621722025_37.5070221123558625|127.0793710204524842_37.5077634256097809
2026-09-04T13:22:12.125893+09:00,잠실새내역,잠실새내역,POI118,KEY_3,1230022602,백제고분로,1230037800,아시아선수촌정문,127.0789738144993350_37.5094612320512866,1230037301,아시아선수촌정문,127.0791244501709514_37.5088668990510925,67.0,10.0,정체,127.0791244501709514_37.5088668990510925|127.0789738144993350_37.5094612320512866
2026-09-04T13:22:12.125893+09:00,잠실새내역,잠실새내역,POI118,KEY_3,1230022604,백제고분로,1230038502,올림피아빌딩,127.0787875343454232_37.5102297243505305,1230037800,아시아선수촌정문,127.0789738144993350_37.5094612320512866,87.0,12.0,정체,127.0789738144993350_37.5094612320512866|127.0788885712924667_37.5098129019347439|127.0788404959359497_37.5100112347870578|127.0787875343454232_37.5102297243505305
2026-09-04T13:22:12.125893+09:00,잠실새내역,잠실새내역,POI118,KEY_3,1230022605,백제고분로,1230041202,종합운동장교차로,127.0784113695261652_37.5118202602699213,1230038501,올림피아빌딩,127.0787621084200936_37.5103359393821023,168.0,8.0,정체,127.0787621084200936_37.5103359393821023|127.0784113695261652_37.5118202602699213
2026-09-04T13:22:12.125893+09:00,잠실새내역,잠실새내역,POI118,KEY_3,1230024502,올림픽로,1230039501,정신여중고교,127.0736954853006182_37.5111786898829180,1230041205,종합운동장교차로,127.0782510546514033_37.5119142943147708,411.0,40.0,원활,127.0782510546514033_37.5119142943147708|127.0777355344654751_37.5118609241788334|127.0736954853006182_37.5111786898829180
2026-09-04T13:22:12.125893+09:00,잠실새내역,잠실새내역,POI118,KEY_3,1230024900,올림픽로,1230358200,최소노드배치점,127.0890986901108874_37.5116423850120313,1230041304,잠실3사거리,127.0924582513479919_37.5119541794962004,299.0,21.5,서행,127.0924582513479919_37.5119541794962004|127.0894865754439849_37.5116660118753273|127.0890986901108874_37.5116423850120313
2026-09-04T13:22:12.125893+09:00,잠실새내역,잠실새내역,POI118,KEY_3,1230025002,올림픽로,1230358100,최소노드배치점,127.0891090387559217_37.5115345789191323,1230040502,잠실새내역교차로,127.0857035804970963_37.5115956032460929,301.0,20.0,서행,127.0857035804970963_37.5115956032460929|127.0879951156214815_37.5115020522100338|127.0885680436061307_37.5115016240106058|127.0891090387559217_37.5115345789191323
2026-09-04T13:22:12.125893+09:00,잠실새내역,잠실새내역,POI118,KEY_3,1230025101,올림픽로,1230040900,잠실동 255,127.0795451503135922_37.5118493118968601,1230041202,종합운동장교차로,127.0784113695261652_37.5118202602699213,101.0,18.0,서행,127.0784113695261652_37.5118202602699213|127.0789150728828076_37.5118612872023789|127.0792928572771814_37.5118610342029228|127.0795451503135922_37.5118493118968601
2026-09-04T13:22:12.125893+09:00,잠실새내역,잠실새내역,POI118,KEY_3,1230025102,올림픽로,1230040600,한국지능형사물인터넷협회,127.0804332107682484_37.5118129433548333,1230040900,잠실동 255,127.0795451503135922_37.5118493118968601,79.0,21.0,서행,127.0795451503135922_37.5118493118968601|127.0804332107682484_37.5118129433548333
2026-09-04T13:22:12.125893+09:00,잠실새내역,잠실새내역,POI118,KEY_3,1230025103,올림픽로,1230040703,잠실지구대,127.0829054041126511_37.5117180965625749,1230040600,한국지능형사물인터넷협회,127.0804332107682484_37.5118129433548333,219.0,33.0,원활,127.0804332107682484_37.5118129433548333|127.0819528580516362_37.5117546475695249|127.0829054041126511_37.5117180965625749
2026-09-04T13:22:12.125893+09:00,잠실새내역,잠실새내역,POI118,KEY_3,1230025104,올림픽로,1230040503,잠실새내역교차로,127.0855635572315521_37.5116014858236753,1230040702,잠실지구대,127.0830409730676962_37.5117125062694399,223.0,15.0,서행,127.0830409730676962_37.5117125062694399|127.0855635572315521_37.5116014858236753
2026-09-04T13:22:12.125893+09:00,잠실새내역,잠실새내역,POI118,KEY_3,1230025202,올림픽로,1230424500,최소노드배치점,127.0819594247720232_37.5118631388527746,1230040504,잠실새내역교차로,127.0855335976985714_37.5117110899299107,316.0,30.0,원활,127.0855335976985714_37.5117110899299107|127.0830484586408744_37.5118204620005500|127.0829120200997835_37.5118261214596131|127.0819594247720232_37.5118631388527746
2026-09-04T13:22:12.125893+09:00,잠실새내역,잠실새내역,POI118,KEY_3,1230027000,석촌호수로,1230356600,잠실동 18-1,127.0850670165109193_37.5140217413784498,1230040501,잠실새내역교차로,127.0856744573367365_37.5117050538603038,263.0,18.7,서행,127.0856744573367365_37.5117050538603038|127.0854547322949060_37.5124799462171339|127.0850670165109193_37.5140217413784498
2026-09-04T13:22:12.125893+09:00,잠실새내역,잠실새내역,POI118,KEY_3,1230027701,백제고분로,1230041205,종합운동장교차로,127.0782510546514033_37.5119142943147708,1230044203,신천중교앞,127.0774299249238197_37.5153939877462790,393.0,13.0,정체,127.0774299249238197_37.5153939877462790|127.0782510546514033_37.5119142943147708
2026-09-04T13:22:12.125893+09:00,잠실새내역,잠실새내역,POI118,KEY_3,1230027801,백제고분로,1230044202,신천중교앞,127.0775633237073521_37.5154139620390339,1230041201,종합운동장교차로,127.0783861885229413_37.5119268938563764,394.0,20.0,서행,127.0783861885229413_37.5119268938563764|127.0775633237073521_37.5154139620390339
2026-09-04T13:22:12.125893+09:00,잠실새내역,잠실새내역,POI118,KEY_3,1230074100,올림픽로12길,1230343800,잠실동 274,127.0833686401427087_37.5069877890081500,1230039303,피처캠프(신천점),127.0828829403486111_37.5108014836183230,434.0,17.5,서행,127.0828829403486111_37.5108014836183230|127.0836489279273422_37.5076846783056865|127.0836420187927303_37.5076355355415885|127.0836385317299033_37.5076107330029842|127.0836104420223052_37.5075215615306234|127.0835997373339410_37.5074979313306827|127.0833686401427087_37.5069877890081500
2026-09-04T13:22:12.125893+09:00,잠실새내역,잠실새내역,POI118,KEY_3,1230074500,백제고분로9길,1230037500,속성변화점,127.0794813125434359_37.5091538969098863,1230037301,아시아선수촌정문,127.0791244501709514_37.5088668990510925,45.0,19.0,서행,127.0791244501709514_37.5088668990510925|127.0794813125434359_37.5091538969098863
2026-09-04T13:22:12.125893+09:00,잠실새내역,잠실새내역,POI118,KEY_3,1230075100,백제고분로9길,1230037800,아시아선수촌정문,127.0789738144993350_37.5094612320512866,1230037700,속성변화점,127.0794532153200009_37.5092637347447635,48.0,8.0,정체,127.0794532153200009_37.5092637347447635|127.0789738144993350_37.5094612320512866
2026-09-04T13:22:12.125893+09:00,잠실새내역,잠실새내역,POI118,KEY_3,1230075200,올림픽로8길,1230345200,잠실동 263,127.0800495933583960_37.5092445044540952,1230037500,속성변화점,127.0794813125434359_37.5091538969098863,51.0,18.0,서행,127.0794813125434359_37.5091538969098863|127.0800495933583960_37.5092445044540952
2026-09-04T13:22:12.125893+09:00,잠실새내역,잠실새내역,POI118,KEY_3,1230075300,올림픽로8길,1230345100,잠실동 257,127.0800231129676234_37.5093519997702458,1230038903,잠실아이파크,127.0801725507411817_37.5104262642441668,147.0,17.0,서행,127.0801725507411817_37.5104262642441668|127.0804008413532671_37.5094548236844929|127.0803904580349553_37.5094333724295268|127.0803522291554515_37.5094029715202808|127.0800231129676234_37.5093519997702458
2026-09-04T13:22:12.125893+09:00,잠실새내역,잠실새내역,POI118,KEY_3,1230076600,백제고분로7길,1230038903,잠실아이파크,127.0801725507411817_37.5104262642441668,1230038502,올림피아빌딩,127.0787875343454232_37.5102297243505305,124.0,11.0,정체,127.0787875343454232_37.5102297243505305|127.0801725507411817_37.5104262642441668
2026-09-04T13:22:12.125893+09:00,잠실새내역,잠실새내역,POI118,KEY_3,1230076700,백제고분로7길,1230038501,올림피아빌딩,127.0787621084200936_37.5103359393821023,1230038904,잠실아이파크,127.0801478779330864_37.5105325853430571,124.0,5.0,정체,127.0801478779330864_37.5105325853430571|127.0787621084200936_37.5103359393821023
2026-09-04T13:22:12.125893+09:00,잠실새내역,잠실새내역,POI118,KEY_3,1230076800,백제고분로7길,1230357500,잠실동 262,127.0811518239590043_37.5105746128225590,1230038902,잠실아이파크,127.0803060223495748_37.5104458918043377,76.0,7.0,정체,127.0803060223495748_37.5104458918043377|127.0811518239590043_37.5105746128225590
2026-09-04T13:22:12.125893+09:00,잠실새내역,잠실새내역,POI118,KEY_3,1230076900,백제고분로7길,1230357600,잠실동 262,127.0811263550866528_37.5106808129218976,1230039304,피처캠프(신천점),127.0828710878363665_37.5109094276610335,156.0,16.0,서행,127.0828710878363665_37.5109094276610335|127.0825055257436702_37.5108644567057610|127.0816055492480956_37.5107537377581792|127.0811263550866528_37.5106808129218976
2026-09-04T13:22:12.125893+09:00,잠실새내역,잠실새내역,POI118,KEY_3,1230077000,백제고분로7길,1230344000,잠실동 271,127.0836883041854435_37.5107842000684073,1230039302,피처캠프(신천점),127.0830201298739155_37.5108060171210980,59.0,9.0,정체,127.0830201298739155_37.5108060171210980|127.0836883041854435_37.5107842000684073
2026-09-04T13:22:12.125893+09:00,잠실새내역,잠실새내역,POI118,KEY_3,1230077100,백제고분로7길,1230039301,피처캠프(신천점),127.0830071143003153_37.5109146527428194,1230039204,잠실동 277-1,127.0857622779248999_37.5108246687258244,244.0,14.0,정체,127.0857622779248999_37.5108246687258244|127.0844068445662174_37.5108689454204338|127.0840316601494067_37.5108811984670325|127.0836938632375279_37.5108922294623497|127.0830071143003153_37.5109146527428194
2026-09-04T13:22:12.125893+09:00,잠실새내역,잠실새내역,POI118,KEY_3,1230077200,올림픽로8길,1230347300,잠실동 253,127.0799794078372571_37.5112677326767354,1230040102,한국지능형사물인터넷협회,127.0799521928648090_37.5115008656669815,26.0,14.0,정체,127.0799521928648090_37.5115008656669815|127.0799748694044808_37.5112875366811664|127.0799794078372571_37.5112677326767354
2026-09-04T13:22:12.125893+09:00,잠실새내역,잠실새내역,POI118,KEY_3,1230077300,올림픽로8길,1230347400,잠실동 253,127.0801129296330458_37.5112871496055504,1230038901,잠실아이파크,127.0802813497855510_37.5105522130446758,83.0,18.0,서행,127.0802813497855510_37.5105522130446758|127.0801129296330458_37.5112871496055504
2026-09-04T13:22:12.125893+09:00,잠실새내역,잠실새내역,POI118,KEY_3,1230078100,올림픽로12길,1230040702,잠실지구대,127.0830409730676962_37.5117125062694399,1230039301,피처캠프(신천점),127.0830071143003153_37.5109146527428194,89.0,9.0,정체,127.0830071143003153_37.5109146527428194|127.0830409730676962_37.5117125062694399
2026-09-04T13:22:12.125893+09:00,잠실새내역,잠실새내역,POI118,KEY_3,1230078200,올림픽로12길,1230039304,피처캠프(신천점),127.0828710878363665_37.5109094276610335,1230040703,잠실지구대,127.0829054041126511_37.5117180965625749,90.0,11.0,정체,127.0829054041126511_37.5117180965625749|127.0828710878363665_37.5109094276610335
2026-09-04T13:22:12.125893+09:00,잠실새내역,잠실새내역,POI118,KEY_3,1230078600,올림픽로8길,1230040600,한국지능형사물인터넷협회,127.0804332107682484_37.5118129433548333,1230040101,한국지능형사물인터넷협회,127.0800845454826629_37.5115034781185273,46.0,16.0,서행,127.0800845454826629_37.5115034781185273|127.0804332107682484_37.5118129433548333
2026-09-04T13:22:12.125893+09:00,잠실새내역,잠실새내역,POI118,KEY_3,1230078700,올림픽로8길,1230040102,한국지능형사물인터넷협회,127.0799521928648090_37.5115008656669815,1230040900,잠실동 255,127.0795451503135922_37.5118493118968601,53.0,13.5,정체,127.0795451503135922_37.5118493118968601|127.0799521928648090_37.5115008656669815
2026-09-04T13:22:12.125893+09:00,잠실새내역,잠실새내역,POI118,KEY_3,1230436901,올림픽로,1230041203,종합운동장교차로,127.0782816833858391_37.5117845986573144,1230188203,종합운동장역,127.0738142849638592_37.5107794587518768,415.0,27.0,원활,127.0738142849638592_37.5107794587518768|127.0766624359143151_37.5112667681648091|127.0776889686936215_37.5114478975817462|127.0777299027053004_37.5114626912692941|127.0777834837586227_37.5114921764978320|127.0782816833858391_37.5117845986573144
2026-09-04T13:22:12.125893+09:00,잠실역,잠실역,POI119,KEY_4,1230003300,송파대로,1230036704,석촌호수앞교차로,127.1039028911642674_37.5087367936795530,1230001703,석촌호수앞교차로,127.1017878219228550_37.5111046223331428,323.0,39.0,원활,127.1017878219228550_37.5111046223331428|127.1039028911642674_37.5087367936795530
2026-09-04T13:22:12.125893+09:00,잠실역,잠실역,POI119,KEY_4,1230003400,송파대로,1230001702,석촌호수앞교차로,127.1019076941057762_37.5111569141952117,1230036701,석촌호수앞교차로,127.1040028890472797_37.5088113302377195,320.0,6.0,정체,127.1040028890472797_37.5088113302377195|127.1019076941057762_37.5111569141952117
2026-09-04T13:22:12.125893+09:00,잠실역,잠실역,POI119,KEY_4,1230003501,송파대로,1230399700,잠실동 41,127.1007560729534731_37.5124412982623454,1230001803,잠실역사거리,127.1001586829554100_37.5132191939759281,101.0,15.0,서행,127.1001586829554100_37.5132191939759281|127.1007560729534731_37.5124412982623454
2026-09-04T13:22:12.125893+09:00,잠실역,잠실역,POI119,KEY_4,1230003601,송파대로,1230001802,잠실역사거리,127.1002879409381165_37.5132580710148957,1230001701,석촌호수앞교차로,127.1018323332335598_37.5112469862295228,262.0,6.0,정체,127.1018323332335598_37.5112469862295228|127.1008718568159566_37.5124977195192244|127.1002879409381165_37.5132580710148957
2026-09-04T13:22:12.125893+09:00,잠실역,잠실역,POI119,KEY_4,1230003802,송파대로,1230044702,잠실대교남측,127.0981251707990225_37.5159789121879115,1230001801,잠실역사거리,127.1002155326109744_37.5133509522926616,345.0,11.7,정체,127.1002155326109744_37.5133509522926616|127.0985290071868548_37.5154712346922068|127.0981251707990225_37.5159789121879115
2026-09-04T13:22:12.125893+09:00,잠실역,잠실역,POI119,KEY_4,1230021500,삼학사로,1230418200,잠실동 46,127.0973734398476296_37.5087240119147722,1230007103,서울놀이마당앞교차로,127.0974453047706589_37.5099321530276910,134.0,24.5,서행,127.0974453047706589_37.5099321530276910|127.0973734398476296_37.5087240119147722
2026-09-04T13:22:12.125893+09:00,잠실역,잠실역,POI119,KEY_4,1230021600,삼학사로,1230007102,서울놀이마당앞교차로,127.0975809295277941_37.5099279073468779,1230034301,석촌호교차로,127.0973845362845935_37.5066262726573783,367.0,32.0,원활,127.0973845362845935_37.5066262726573783|127.0975090109694889_37.5087188942394008|127.0975809295277941_37.5099279073468779
2026-09-04T13:22:12.125893+09:00,잠실역,잠실역,POI119,KEY_4,1230023101,잠실로,1230038303,잠실동 43,127.0947217679651260_37.5101178628557932,1230038602,잠실3삼거리,127.0930971257991189_37.5102585455899913,144.0,23.0,서행,127.0930971257991189_37.5102585455899913|127.0947217679651260_37.5101178628557932
2026-09-04T13:22:12.125893+09:00,잠실역,잠실역,POI119,KEY_4,1230023102,잠실로,1230007103,서울놀이마당앞교차로,127.0974453047706589_37.5099321530276910,1230038302,잠실동 43,127.0948609890413223_37.5101069748518370,229.0,23.0,서행,127.0948609890413223_37.5101069748518370|127.0962459094918131_37.5100132959391175|127.0974453047706589_37.5099321530276910
2026-09-04T13:22:12.125893+09:00,잠실역,잠실역,POI119,KEY_4,1230023201,잠실로,1230038601,잠실3삼거리,127.0931194165767408_37.5103653726765316,1230038304,잠실동 43,127.0947364363945553_37.5102253498387128,144.0,11.0,정체,127.0947364363945553_37.5102253498387128|127.0931194165767408_37.5103653726765316
2026-09-04T13:22:12.125893+09:00,잠실역,잠실역,POI119,KEY_4,1230023202,잠실로,1230393400,잠실동 43,127.0962573939644642_37.5101210286650257,1230007104,서울놀이마당앞교차로,127.0974567909531032_37.5100398856026942,106.0,11.0,정체,127.0974567909531032_37.5100398856026942|127.0962573939644642_37.5101210286650257
2026-09-04T13:22:12.125893+09:00,잠실역,잠실역,POI119,KEY_4,1230023500,잠실로,1230412400,잠실동 42,127.1004419094974480_37.5105947295189637,1230001704,석촌호수앞교차로,127.1017131193153915_37.5111950333109547,131.0,17.5,서행,127.1017131193153915_37.5111950333109547|127.1004641614348145_37.5106046485269218|127.1004419094974480_37.5105947295189637
2026-09-04T13:22:12.125893+09:00,잠실역,잠실역,POI119,KEY_4,1230023600,잠실로,1230001703,석촌호수앞교차로,127.1017878219228550_37.5111046223331428,1230007102,서울놀이마당앞교차로,127.0975809295277941_37.5099279073468779,403.0,17.0,서행,127.0975809295277941_37.5099279073468779|127.0985541482379375_37.5099332768199432|127.0990046849047843_37.5099841635964921|127.0994430355566607_37.5101001528652276|127.0999744578332411_37.5102624598802024|127.1005081875894263_37.5105003764333560|127.1005319432435670_37.5105109657146656|127.1017878219228550_37.5111046223331428
2026-09-04T13:22:12.125893+09:00,잠실역,잠실역,POI119,KEY_4,1230025702,올림픽로,1230422700,최소노드배치점,127.0963985029439982_37.5124235494134552,1230001804,잠실역사거리,127.1000841139758677_37.5133141607708396,341.0,23.0,서행,127.1000841139758677_37.5133141607708396|127.0963985029439982_37.5124235494134552
2026-09-04T13:22:12.125893+09:00,잠실역,잠실역,POI119,KEY_4,1230025801,올림픽로,1230041703,잠실동 39,127.0946882254534103_37.5120601573260686,1230041302,잠실3사거리,127.0926320843072830_37.5118620680798003,183.0,35.0,원활,127.0926320843072830_37.5118620680798003|127.0946882254534103_37.5120601573260686
2026-09-04T13:22:12.125893+09:00,잠실역,잠실역,POI119,KEY_4,1230025802,올림픽로,1230001803,잠실역사거리,127.1001586829554100_37.5132191939759281,1230041702,잠실동 39,127.0948236216370191_37.5120740018570373,489.0,20.0,서행,127.0948236216370191_37.5120740018570373|127.0956739088233007_37.5121671905185963|127.0962807923011582_37.5122821169021705|127.0964379064208174_37.5123200858476054|127.1001586829554100_37.5132191939759281
2026-09-04T13:22:12.125893+09:00,잠실역,잠실역,POI119,KEY_4,1230027302,올림픽로,1230001801,잠실역사거리,127.1002155326109744_37.5133509522926616,1230043404,신천동 8,127.1021667132219335_37.5140202279747825,188.0,6.3,정체,127.1021667132219335_37.5140202279747825|127.1002155326109744_37.5133509522926616
2026-09-04T13:22:12.125893+09:00,잠실역,잠실역,POI119,KEY_4,1230027303,올림픽로,1230043401,신천동 8,127.1022912026975433_37.5140633484028712,1230043804,잠실역(서울8호선),127.1031193148053262_37.5143528991889355,80.0,24.0,서행,127.1031193148053262_37.5143528991889355|127.1022912026975433_37.5140633484028712
2026-09-04T13:22:12.125893+09:00,잠실역,잠실역,POI119,KEY_4,1230027304,올림픽로,1230043801,잠실역(서울8호선),127.1032441614670745_37.5143953515620083,1230044104,송파구청앞교차로,127.1065954149593580_37.5155037548529151,321.0,35.0,원활,127.1065954149593580_37.5155037548529151|127.1032441614670745_37.5143953515620083
2026-09-04T13:22:12.125893+09:00,잠실역,잠실역,POI119,KEY_4,1230027402,올림픽로,1230425600,최소노드배치점,127.1034569107816310_37.5143486498193468,1230001802,잠실역사거리,127.1002879409381165_37.5132580710148957,305.0,32.0,원활,127.1002879409381165_37.5132580710148957|127.1022203942543456_37.5139209223143766|127.1023457587723016_37.5139643456983833|127.1031738699951745_37.5142538961081584|127.1032962137368543_37.5142954974985372|127.1034569107816310_37.5143486498193468
2026-09-04T13:22:12.125893+09:00,잠실역,잠실역,POI119,KEY_4,1230077600,올림픽로.잠실로.사이길,1230038304,잠실동 43,127.0947364363945553_37.5102253498387128,1230041703,잠실동 39,127.0946882254534103_37.5120601573260686,204.0,10.0,정체,127.0946882254534103_37.5120601573260686|127.0947364363945553_37.5102253498387128
2026-09-04T13:22:12.125893+09:00,잠실역,잠실역,POI119,KEY_4,1230077700,올림픽로.잠실로.사이길,1230041702,잠실동 39,127.0948236216370191_37.5120740018570373,1230038301,잠실동 43,127.0948724715403131_37.5102147077519135,206.0,8.0,정체,127.0948724715403131_37.5102147077519135|127.0948236216370191_37.5120740018570373
2026-09-04T13:22:12.125893+09:00,잠실역,잠실역,POI119,KEY_4,1230080800,올림픽로,1230043404,신천동 8,127.1021667132219335_37.5140202279747825,1230044003,어린이교통공원,127.1015862279693067_37.5151316086360467,134.0,6.0,정체,127.1015862279693067_37.5151316086360467|127.1021667132219335_37.5140202279747825
2026-09-04T13:22:12.125893+09:00,잠실역,잠실역,POI119,KEY_4,1230080900,올림픽로,1230044002,어린이교통공원,127.1017112605977104_37.5151736946584151,1230043401,신천동 8,127.1022912026975433_37.5140633484028712,133.0,16.7,서행,127.1022912026975433_37.5140633484028712|127.1017112605977104_37.5151736946584151
2026-09-04T13:22:12.125893+09:00,잠실역,잠실역,POI119,KEY_4,1230081000,올림픽로,1230043804,잠실역(서울8호선),127.1031193148053262_37.5143528991889355,1230044403,신천동 7-21,127.1025553001734067_37.5154467539088188,131.0,9.0,정체,127.1025553001734067_37.5154467539088188|127.1031193148053262_37.5143528991889355
2026-09-04T13:22:12.125893+09:00,잠실역,잠실역,POI119,KEY_4,1230081100,올림픽로,1230044402,신천동 7-21,127.1026803877707039_37.5154887453600807,1230043801,잠실역(서울8호선),127.1032441614670745_37.5143953515620083,131.0,14.0,정체,127.1032441614670745_37.5143953515620083|127.1026803877707039_37.5154887453600807
2026-09-04T13:22:12.125893+09:00,잠실역,잠실역,POI119,KEY_4,1230437101,잠실로,1230188302,잠실길지하차도(서측),127.1024547747106510_37.5113805101291220,1230001702,석촌호수앞교차로,127.1019076941057762_37.5111569141952117,54.0,15.0,서행,127.1019076941057762_37.5111569141952117|127.1024547747106510_37.5113805101291220
2026-09-04T13:22:12.125893+09:00,잠실역,잠실역,POI119,KEY_4,1230437201,잠실로,1230001701,석촌호수앞교차로,127.1018323332335598_37.5112469862295228,1230188303,잠실길지하차도(서측),127.1023918266045030_37.5114715455822392,55.0,8.0,정체,127.1023918266045030_37.5114715455822392|127.1018323332335598_37.5112469862295228
2026-09-04T13:22:12.125893+09:00,잠실역,잠실역,POI119,KEY_4,1230437301,잠실로,1230188502,잠실길지하차도(동측),127.1062173467716150_37.5131578738299325,1230188302,잠실길지하차도(서측),127.1024547747106510_37.5113805101291220,387.0,31.0,원활,127.1024547747106510_37.5113805101291220|127.1030924680476488_37.5116688194554797|127.1037922288458617_37.5120057984034787|127.1044073633298837_37.5122985483592544|127.1051198819620254_37.5126321816150679|127.1062173467716150_37.5131578738299325
2026-09-04T13:22:12.125893+09:00,잠실역,잠실역,POI119,KEY_4,1230437401,잠실로,1230188303,잠실길지하차도(서측),127.1023918266045030_37.5114715455822392,1230188503,잠실길지하차도(동측),127.1061687896124681_37.5132231248888246,386.0,17.0,서행,127.1061687896124681_37.5132231248888246|127.1052815756607259_37.5128152477143786|127.1034974052928277_37.5119907247148916|127.1023918266045030_37.5114715455822392
2026-09-04T13:22:12.125893+09:00,잠실역,잠실역,POI119,KEY_4,1230437501,-,1230188502,잠실길지하차도(동측),127.1062173467716150_37.5131578738299325,1230188402,신천동 30,127.1050426082693434_37.5125336192748193,126.0,28.0,원활,127.1050426082693434_37.5125336192748193|127.1057099909694585_37.5128445639683008|127.1060250249974217_37.5129978687956296|127.1062173467716150_37.5131578738299325
2026-09-04T13:22:12.125893+09:00,잠실역,잠실역,POI119,KEY_4,1230437601,-,1230188403,신천동 30,127.1049002456384613_37.5127083450110632,1230188503,잠실길지하차도(동측),127.1061687896124681_37.5132231248888246,126.0,18.5,서행,127.1061687896124681_37.5132231248888246|127.1058942002584331_37.5131610578152603|127.1056142121499164_37.5130369103311239|127.1049002456384613_37.5127083450110632
2026-09-04T13:22:12.125893+09:00,잠실역,잠실역,POI119,KEY_4,1230437701,잠실로,1230394600,신천동 30,127.1067595331203108_37.5134063123268504,1230188502,잠실길지하차도(동측),127.1062173467716150_37.5131578738299325,55.0,8.0,정체,127.1062173467716150_37.5131578738299325|127.1067595331203108_37.5134063123268504
2026-09-04T13:22:12.125893+09:00,잠실역,잠실역,POI119,KEY_4,1230437801,잠실로,1230188503,잠실길지하차도(동측),127.1061687896124681_37.5132231248888246,1230043204,잠실전화국,127.1073301047804875_37.5137619968566653,119.0,12.0,정체,127.1073301047804875_37.5137619968566653|127.1067103200439448_37.5134744075350568|127.1061687896124681_37.5132231248888246
2026-09-04T13:22:12.125893+09:00,장지역,장지역,POI048,KEY_1,1230000501,송파대로,1230000604,장지교앞교차로,127.1269923146135881_37.4759317298926007,1230013503,장지교앞,127.1269689977646067_37.4762489682989113,35.0,7.0,정체,127.1269689977646067_37.4762489682989113|127.1269923146135881_37.4759317298926007
2026-09-04T13:22:12.125893+09:00,장지역,장지역,POI048,KEY_1,1230000601,송파대로,1230013502,장지교앞,127.1271033322769028_37.4762702251211408,1230000601,장지교앞교차로,127.1271286086057017_37.4759263177463851,38.0,14.0,정체,127.1271286086057017_37.4759263177463851|127.1271033322769028_37.4762702251211408
2026-09-04T13:22:12.125893+09:00,장지역,장지역,POI048,KEY_1,1230001301,송파대로,1230013504,장지교앞,127.1269539868962397_37.4763591432306029,1230014403,장지역사거리,127.1257807374389159_37.4792989981545901,344.0,11.3,정체,127.1257807374389159_37.4792989981545901|127.1266032295630311_37.4775940684485604|127.1267153872522897_37.4773199621971926|127.1268566922320247_37.4769095793527001|127.1269539868962397_37.4763591432306029
2026-09-04T13:22:12.125893+09:00,장지역,장지역,POI048,KEY_1,1230001302,송파대로,1230014404,장지역사거리,127.1257315074845877_37.4793999327968521,1230000803,건영아파트앞교차로,127.1241917169870135_37.4825185713341327,372.0,13.0,정체,127.1241917169870135_37.4825185713341327|127.1253292527007233_37.4802146727817842|127.1257315074845877_37.4793999327968521
2026-09-04T13:22:12.125893+09:00,장지역,장지역,POI048,KEY_1,1230001401,송파대로,1230014402,장지역사거리,127.1259062230151216_37.4793401788441329,1230013501,장지교앞,127.1270852807920164_37.4763914485074707,345.0,13.0,정체,127.1270852807920164_37.4763914485074707|127.1269898196586183_37.4769315164777552|127.1268453664058029_37.4773510462986437|127.1267311217031448_37.4776302528188054|127.1259062230151216_37.4793401788441329
2026-09-04T13:22:12.125893+09:00,장지역,장지역,POI048,KEY_1,1230001402,송파대로,1230299900,문정동 250-13,127.1254555029657922_37.4802542605031093,1230014401,장지역사거리,127.1258570426893897_37.4794409654952076,97.0,17.7,서행,127.1258570426893897_37.4794409654952076|127.1254555029657922_37.4802542605031093
2026-09-04T13:22:12.125893+09:00,장지역,장지역,POI048,KEY_1,1230001501,분당수서로,1230421500,최소노드배치점,127.1179952551913601_37.4777917867211272,1220015902,강남구-송파구,127.1125492606370528_37.4828096944516744,765.0,73.0,원활,127.1125492606370528_37.4828096944516744|127.1132128994780004_37.4826811137614868|127.1134929519644601_37.4826040962937412|127.1138131990407345_37.4824883573599479|127.1140990774141670_37.4823548017758341|127.1143755440086665_37.4822075358555367|127.1146615632740549_37.4820106802260398|127.1148953465730642_37.4818309677371317|127.1151103742952415_37.4816381525698290|127.1152902785904359_37.4814418276170329|127.1156015206883723_37.4810510011883409|127.1163127896964369_37.4800714230576233|127.1178486500348725_37.4779922243427137|127.1179952551913601_37.4777917867211272
2026-09-04T13:22:12.125893+09:00,장지역,장지역,POI048,KEY_1,1230001601,분당수서로,1230421600,최소노드배치점,127.1181319981646709_37.4778553114959649,1230000100,한국지역난방공사강남동남권열원,127.1224581721023839_37.4719375362209703,760.0,63.0,원활,127.1224581721023839_37.4719375362209703|127.1216206648475975_37.4730852461134063|127.1181319981646709_37.4778553114959649
2026-09-04T13:22:12.125893+09:00,장지역,장지역,POI048,KEY_1,1230005800,새말로8길,1230296400,문정동 72-6,127.1267939561596876_37.4806959462897851,1230014701,장지동 839,127.1269309130754692_37.4797546600969440,105.0,19.0,서행,127.1269309130754692_37.4797546600969440|127.1268144591286671_37.4805550336894981|127.1267939561596876_37.4806959462897851
2026-09-04T13:22:12.125893+09:00,장지역,장지역,POI048,KEY_1,1230042602,연화로,1230124404,서울동남권물류단지정문,127.1233157925686896_37.4763349610710108,1230013703,장지동 245-50,127.1233993079223552_37.4767322362474857,45.0,4.0,정체,127.1233993079223552_37.4767322362474857|127.1233157925686896_37.4763349610710108
2026-09-04T13:22:12.125893+09:00,장지역,장지역,POI048,KEY_1,1230042702,연화로,1230013702,장지동 237-15,127.1235332577449526_37.4767143506205329,1230124401,서울동남권물류단지정문,127.1234501559201675_37.4763136369767267,45.0,24.0,서행,127.1234501559201675_37.4763136369767267|127.1235332577449526_37.4767143506205329
2026-09-04T13:22:12.125893+09:00,장지역,장지역,POI048,KEY_1,1230042800,송파대로6길,1230013603,탄천길-거여동길삼거리,127.1277333387761388_37.4763585124254632,1230013502,장지교앞,127.1271033322769028_37.4762702251211408,59.0,23.0,서행,127.1271033322769028_37.4762702251211408|127.1272754956391395_37.4763642806537476|127.1273738808052798_37.4763815938462415|127.1277333387761388_37.4763585124254632
2026-09-04T13:22:12.125893+09:00,장지역,장지역,POI048,KEY_1,1230042900,송파대로6길,1230013501,장지교앞,127.1270852807920164_37.4763914485074707,1230013604,탄천길-거여동길삼거리,127.1277442341634156_37.4764662840414218,61.0,30.0,원활,127.1277442341634156_37.4764662840414218|127.1273644970251695_37.4764906684154653|127.1272205203625134_37.4764653321716281|127.1270852807920164_37.4763914485074707
2026-09-04T13:22:12.125893+09:00,장지역,장지역,POI048,KEY_1,1230043000,충민로2길,1230013604,탄천길-거여동길삼거리,127.1277442341634156_37.4764662840414218,1230013903,장지동 839-5,127.1276159253911260_37.4772523095836974,88.0,21.0,서행,127.1276159253911260_37.4772523095836974|127.1277442341634156_37.4764662840414218
2026-09-04T13:22:12.125893+09:00,장지역,장지역,POI048,KEY_1,1230043100,충민로2길,1230013902,장지동 839-5,127.1277504577886788_37.4772662580162432,1230013601,탄천길-거여동길삼거리,127.1278814912486723_37.4764635389202070,90.0,15.0,서행,127.1278814912486723_37.4764635389202070|127.1277504577886788_37.4772662580162432
2026-09-04T13:22:12.125893+09:00,장지역,장지역,POI048,KEY_1,1230043200,송파대로6길,1230333200,최소노드배치점,127.1324868383645850_37.4777923748985629,1230013602,탄천길-거여동길삼거리,127.1278883144571097_37.4763555551825647,446.0,30.0,원활,127.1278883144571097_37.4763555551825647|127.1280858376613736_37.4763634824942429|127.1285921838900634_37.4763821492441167|127.1291436365430343_37.4764539745276437|127.1297487353769640_37.4765786510002030|127.1304427301450204_37.4767893933662393|127.1309160360531507_37.4769628556507612|127.1313570586968780_37.4771884590788957|127.1323252410417268_37.4776805730498737|127.1324868383645850_37.4777923748985629
2026-09-04T13:22:12.125893+09:00,장지역,장지역,POI048,KEY_1,1230043400,송파대로8길,1230298900,장지동 839-1,127.1290278801988620_37.4775853705287929,1230013902,장지동 839-5,127.1277504577886788_37.4772662580162432,118.0,9.0,정체,127.1277504577886788_37.4772662580162432|127.1287607949420249_37.4775096784668875|127.1290278801988620_37.4775853705287929
2026-09-04T13:22:12.125893+09:00,장지역,장지역,POI048,KEY_1,1230043600,연화로,1230013704,장지동 237-15,127.1234173733339787_37.4768337565781380,1230014103,송파구시설관리공단,127.1233342566863200_37.4784159063536961,179.0,22.0,서행,127.1233342566863200_37.4784159063536961|127.1234362064992922_37.4781841447336674|127.1235101220011785_37.4779506962681666|127.1235313119918544_37.4777830170718289|127.1235222173797297_37.4775671051813575|127.1234173733339787_37.4768337565781380
2026-09-04T13:22:12.125893+09:00,장지역,장지역,POI048,KEY_1,1230043700,연화로,1230014102,송파구시설관리공단,127.1234596003036614_37.4784577788928175,1230013701,장지동 237-15,127.1235521664017654_37.4768215165913574,185.0,16.0,서행,127.1235521664017654_37.4768215165913574|127.1236576258426680_37.4775591590069013|127.1236672090848288_37.4777866366277266|127.1236441065318843_37.4779694412846567|127.1235662560414994_37.4782153197619934|127.1234596003036614_37.4784577788928175
2026-09-04T13:22:12.125893+09:00,장지역,장지역,POI048,KEY_1,1230043800,충민로,1230014103,송파구시설관리공단,127.1233342566863200_37.4784159063536961,1230014303,장사약수터길삼거리,127.1190537152588860_37.4792653210820248,426.0,16.0,서행,127.1190537152588860_37.4792653210820248|127.1193253571912578_37.4789185003177110|127.1195660327592236_37.4787293091517455|127.1197712170566376_37.4786086616826779|127.1200966017663205_37.4784617886132381|127.1204418459357868_37.4783543847228273|127.1207477690774681_37.4782961502269245|127.1216023481827051_37.4781836478253325|127.1216426525138559_37.4781783417377312|127.1220272639370421_37.4781536638628836|127.1223740280481138_37.4781655877837707|127.1227327249021499_37.4782297459976235|127.1233342566863200_37.4784159063536961
2026-09-04T13:22:12.125893+09:00,장지역,장지역,POI048,KEY_1,1230043900,충민로,1230014302,장사약수터길삼거리,127.1191688048404274_37.4793225720070069,1230014104,송파구시설관리공단,127.1232857178834763_37.4785168717931612,410.0,17.5,서행,127.1232857178834763_37.4785168717931612|127.1226930928552150_37.4783334680546858|127.1223561087756622_37.4782731931130684|127.1220297938946544_37.4782619724335149|127.1216591802877645_37.4782857520148340|127.1216244598273875_37.4782903229969904|127.1207746177764477_37.4784022021694767|127.1204824637599415_37.4784578151749841|127.1201549987457469_37.4785596887315293|127.1198451885996974_37.4786995309083579|127.1196543930949474_37.4788117178767379|127.1194319941749598_37.4789865430828897|127.1191688048404274_37.4793225720070069
2026-09-04T13:22:12.125893+09:00,장지역,장지역,POI048,KEY_1,1230044000,충민로2길,1230013904,장지동 839-5,127.1275907972595007_37.4773387947976460,1230014703,장지동 839,127.1268161875644154_37.4796071303601366,262.0,3.0,정체,127.1268161875644154_37.4796071303601366|127.1268580538282151_37.4793302454993480|127.1269073471221134_37.4789978870295073|127.1270523166961794_37.4785330927124036|127.1273393673819498_37.4779625279796278|127.1275907972595007_37.4773387947976460
2026-09-04T13:22:12.125893+09:00,장지역,장지역,POI048,KEY_1,1230044100,충민로2길,1230014702,장지동 839,127.1269471586656010_37.4796447029341593,1230013901,장지동 839-5,127.1277199617084079_37.4773718646166003,263.0,13.0,정체,127.1277199617084079_37.4773718646166003|127.1274670703135570_37.4779992271313063|127.1271817218920717_37.4785664097527587|127.1270410744192105_37.4790173501728816|127.1269927676274278_37.4793430590934662|127.1269471586656010_37.4796447029341593
2026-09-04T13:22:12.125893+09:00,장지역,장지역,POI048,KEY_1,1230044200,충민로,1230014403,장지역사거리,127.1257807374389159_37.4792989981545901,1230014102,송파구시설관리공단,127.1234596003036614_37.4784577788928175,226.0,10.0,정체,127.1234596003036614_37.4784577788928175|127.1257807374389159_37.4792989981545901
2026-09-04T13:22:12.125893+09:00,장지역,장지역,POI048,KEY_1,1230044300,충민로,1230014101,송파구시설관리공단,127.1234107446050103_37.4785588491623827,1230014404,장지역사거리,127.1257315074845877_37.4793999327968521,226.0,15.5,서행,127.1257315074845877_37.4793999327968521|127.1234107446050103_37.4785588491623827
2026-09-04T13:22:12.125893+09:00,장지역,장지역,POI048,KEY_1,1230044400,새말로,1230014203,탄천길사거리,127.1170757806192455_37.4794846455472168,1220014801,강남구-송파구,127.1154931512342046_37.4788010034456249,159.0,36.0,원활,127.1154931512342046_37.4788010034456249|127.1170757806192455_37.4794846455472168
2026-09-04T13:22:12.125893+09:00,장지역,장지역,POI048,KEY_1,1230044500,새말로,1220014802,강남구-송파구,127.1154293096839467_37.4788964022459581,1230014204,탄천길사거리,127.1170049036088585_37.4795773073683449,159.0,14.0,정체,127.1170049036088585_37.4795773073683449|127.1154293096839467_37.4788964022459581
2026-09-04T13:22:12.125893+09:00,장지역,장지역,POI048,KEY_1,1230045100,충민로,1230014703,장지동 839,127.1268161875644154_37.4796071303601366,1230014402,장지역사거리,127.1259062230151216_37.4793401788441329,86.0,20.0,서행,127.1259062230151216_37.4793401788441329|127.1265755733222278_37.4795365434929337|127.1268161875644154_37.4796071303601366
2026-09-04T13:22:12.125893+09:00,장지역,장지역,POI048,KEY_1,1230045200,충민로,1230322900,문정동 637,127.1265287058943585_37.4796380084969698,1230014704,문정동 637,127.1267997378765671_37.4797175186294069,26.0,10.0,정체,127.1267997378765671_37.4797175186294069|127.1265287058943585_37.4796380084969698
2026-09-04T13:22:12.125893+09:00,장지역,장지역,POI048,KEY_1,1230045300,연화로,1230014104,송파구시설관리공단,127.1232857178834763_37.4785168717931612,1230015503,송파푸르지오시티,127.1221967121438183_37.4805994669172904,250.0,16.0,서행,127.1221967121438183_37.4805994669172904|127.1226277575302817_37.4797751584865892|127.1228967411226307_37.4792607584681647|127.1232857178834763_37.4785168717931612
2026-09-04T13:22:12.125893+09:00,장지역,장지역,POI048,KEY_1,1230045400,연화로,1230394900,문정동 619,127.1230219721752803_37.4793023481707124,1230014101,송파구시설관리공단,127.1234107446050103_37.4785588491623827,89.0,15.0,서행,127.1234107446050103_37.4785588491623827|127.1230219721752803_37.4793023481707124
2026-09-04T13:22:12.125893+09:00,장지역,장지역,POI048,KEY_1,1230045500,새말로,1230014903,문정동 305-24,127.1185527755407065_37.4801009985019888,1230014202,탄천길사거리,127.1171956964571308_37.4795355088390565,135.0,11.0,정체,127.1171956964571308_37.4795355088390565|127.1185527755407065_37.4801009985019888
2026-09-04T13:22:12.125893+09:00,장지역,장지역,POI048,KEY_1,1230045600,새말로,1230014201,탄천길사거리,127.1171248775366536_37.4796282212593681,1230014904,문정동 305-24,127.1184941078168151_37.4801985694631412,137.0,14.0,정체,127.1184941078168151_37.4801985694631412|127.1171248775366536_37.4796282212593681
2026-09-04T13:22:12.125893+09:00,장지역,장지역,POI048,KEY_1,1230045700,충민로,1230014304,장사약수터길삼거리,127.1189810465568542_37.4793717077558455,1230014903,문정동 305-24,127.1185527755407065_37.4801009985019888,89.0,17.0,서행,127.1185527755407065_37.4801009985019888|127.1189810465568542_37.4793717077558455
2026-09-04T13:22:12.125893+09:00,장지역,장지역,POI048,KEY_1,1230045800,충민로,1230014902,문정동 305-24,127.1186727562944725_37.4801517654565046,1230014301,장사약수터길삼거리,127.1191039257759741_37.4794175370043092,90.0,12.0,정체,127.1191039257759741_37.4794175370043092|127.1186727562944725_37.4801517654565046
2026-09-04T13:22:12.125893+09:00,장지역,장지역,POI048,KEY_1,1230046000,충민로,1230015003,문현중학교,127.1287597899418103_37.4802465402684959,1230014702,장지동 839,127.1269471586656010_37.4796447029341593,174.0,18.0,서행,127.1269471586656010_37.4796447029341593|127.1279022447124447_37.4799089837245560|127.1281896020368549_37.4800103907757389|127.1287597899418103_37.4802465402684959
2026-09-04T13:22:12.125893+09:00,장지역,장지역,POI048,KEY_1,1230046100,충민로,1230014701,장지동 839,127.1269309130754692_37.4797546600969440,1230015004,문현중학교,127.1286972266236717_37.4803424793124478,170.0,23.0,서행,127.1286972266236717_37.4803424793124478|127.1281307967186649_37.4801078860251593|127.1278524440417073_37.4800096559568630|127.1269309130754692_37.4797546600969440
2026-09-04T13:22:12.125893+09:00,장지역,장지역,POI048,KEY_1,1230046400,연화로.충민로.사이길,1230015503,송파푸르지오시티,127.1221967121438183_37.4805994669172904,1230014302,장사약수터길삼거리,127.1191688048404274_37.4793225720070069,303.0,9.5,정체,127.1191688048404274_37.4793225720070069|127.1221967121438183_37.4805994669172904
2026-09-04T13:22:12.125893+09:00,장지역,장지역,POI048,KEY_1,1230046500,연화로.충민로.사이길,1230014301,장사약수터길삼거리,127.1191039257759741_37.4794175370043092,1230015504,송파푸르지오시티,127.1221468633931693_37.4807007713791833,305.0,17.0,서행,127.1221468633931693_37.4807007713791833|127.1191039257759741_37.4794175370043092
2026-09-04T13:22:12.125893+09:00,장지역,장지역,POI048,KEY_1,1230047400,새말로,1230015804,밤고개로서20길삼거리,127.1217875816867036_37.4814919999727252,1230014902,문정동 305-24,127.1186727562944725_37.4801517654565046,313.0,31.0,원활,127.1186727562944725_37.4801517654565046|127.1217875816867036_37.4814919999727252
2026-09-04T13:22:12.125893+09:00,장지역,장지역,POI048,KEY_1,1230047500,새말로,1230014901,문정동 305-24,127.1186139676453024_37.4802493435114243,1230015805,밤고개로서20길삼거리,127.1217373057993996_37.4815932409139592,314.0,26.0,원활,127.1217373057993996_37.4815932409139592|127.1186139676453024_37.4802493435114243
2026-09-04T13:22:12.125893+09:00,장지역,장지역,POI048,KEY_1,1230047800,연화로,1230015504,송파푸르지오시티,127.1221468633931693_37.4807007713791833,1230015804,밤고개로서20길삼거리,127.1217875816867036_37.4814919999727252,93.0,28.0,원활,127.1217875816867036_37.4814919999727252|127.1221468633931693_37.4807007713791833
2026-09-04T13:22:12.125893+09:00,장지역,장지역,POI048,KEY_1,1230047900,연화로,1230015803,밤고개로서20길삼거리,127.1219083492408828_37.4815437880296969,1230015501,송파푸르지오시티,127.1222744406843645_37.4807375620832630,95.0,10.0,정체,127.1222744406843645_37.4807375620832630|127.1219083492408828_37.4815437880296969
2026-09-04T13:22:12.125893+09:00,장지역,장지역,POI048,KEY_1,1230048400,새말로,1230000803,건영아파트앞교차로,127.1241917169870135_37.4825185713341327,1230015803,밤고개로서20길삼거리,127.1219083492408828_37.4815437880296969,229.0,17.0,서행,127.1219083492408828_37.4815437880296969|127.1241917169870135_37.4825185713341327
2026-09-04T13:22:12.125893+09:00,장지역,장지역,POI048,KEY_1,1230048500,새말로,1230015802,밤고개로서20길삼거리,127.1218571774554107_37.4816446003187878,1230000804,건영아파트앞교차로,127.1241405649993226_37.4826193915541808,229.0,20.0,서행,127.1241405649993226_37.4826193915541808|127.1218571774554107_37.4816446003187878
2026-09-04T13:22:12.125893+09:00,장지역,장지역,POI048,KEY_1,1230247800,탄천동로,1230420800,최소노드배치점,127.1146713685735676_37.4826610947263958,1230014201,탄천길사거리,127.1171248775366536_37.4796282212593681,401.0,32.0,원활,127.1171248775366536_37.4796282212593681|127.1167525544109509_37.4801117059112485|127.1161770444327885_37.4809168351454147|127.1161191890283391_37.4809899385842584|127.1155458448990601_37.4817037128635135|127.1152669905840753_37.4820456224007401|127.1152363650561767_37.4820792986307580|127.1151146958633547_37.4822117411272160|127.1149789575418367_37.4823594972106093|127.1147740271956081_37.4825529438264056|127.1146713685735676_37.4826610947263958
2026-09-04T13:22:12.125893+09:00,장지역,장지역,POI048,KEY_1,1230248500,탄천동로,1230375500,장지동 803-17,127.1181031005176578_37.4781145686661574,1230014203,탄천길사거리,127.1170757806192455_37.4794846455472168,177.0,34.5,원활,127.1170757806192455_37.4794846455472168|127.1180265406988070_37.4782185568334825|127.1181031005176578_37.4781145686661574
2026-09-04T13:22:12.125893+09:00,장지역,장지역,POI048,KEY_1,1230248700,탄천동로,1230014202,탄천길사거리,127.1171956964571308_37.4795355088390565,1230123704,서울동남권물류단지주차장,127.1193655629786292_37.4770488690804982,341.0,33.0,원활,127.1193655629786292_37.4770488690804982|127.1192176397203184_37.4770948524548828|127.1191219842944946_37.4771385757909812|127.1190138353558154_37.4771996137119245|127.1189207250191515_37.4772650360259618|127.1188817639093287_37.4772964411607887|127.1188161190561345_37.4773597409083479|127.1182201131985749_37.4781692847559782|127.1181432556636111_37.4782736774438590|127.1171956964571308_37.4795355088390565
2026-09-04T13:22:12.125893+09:00,장지역,장지역,POI048,KEY_1,1230425600,정의로,1230014904,문정동 305-24,127.1184941078168151_37.4801985694631412,1230184911,동부지방검찰청,127.1177787191544013_37.4813590263818668,143.0,5.0,정체,127.1177787191544013_37.4813590263818668|127.1184941078168151_37.4801985694631412
2026-09-04T13:22:12.125893+09:00,장지역,장지역,POI048,KEY_1,1230425700,정의로,1230184910,동부지방검찰청,127.1179004908147476_37.4814067018039268,1230014901,문정동 305-24,127.1186139676453024_37.4802493435114243,143.0,21.0,서행,127.1186139676453024_37.4802493435114243|127.1179004908147476_37.4814067018039268
2026-09-04T13:22:12.125893+09:00,장지역,장지역,POI048,KEY_1,1230427001,법원로,1230015805,밤고개로서20길삼거리,127.1217373057993996_37.4815932409139592,1230185306,동부지방법원,127.1210112080073174_37.4829087878924270,160.0,18.0,서행,127.1210112080073174_37.4829087878924270|127.1212677420882216_37.4824440038667817|127.1213224066118954_37.4823449628596492|127.1217373057993996_37.4815932409139592
2026-09-04T13:22:12.125893+09:00,장지역,장지역,POI048,KEY_1,1230427101,법원로,1230015807,문정동319-1,127.1214465998811392_37.4823884944289816,1230015802,밤고개로서20길삼거리,127.1218571774554107_37.4816446003187878,90.0,21.5,서행,127.1218571774554107_37.4816446003187878|127.1214465998811392_37.4823884944289816
2026-09-04T13:22:12.125893+09:00,장지역,장지역,POI048,KEY_1,1230438201,송파대로,1230188703,문정동 315-2,127.1239479110468551_37.4833301900742271,1230000801,건영아파트앞교차로,127.1242682197490410_37.4826573644086594,80.0,30.5,원활,127.1242682197490410_37.4826573644086594|127.1239479110468551_37.4833301900742271
2026-09-04T13:22:12.125893+09:00,장지역,장지역,POI048,KEY_1,1230438301,새말로,1230327100,문정동 84-3,127.1259819311826931_37.4827316505952481,1230000802,건영아파트앞교차로,127.1243177664718189_37.4825585751717796,149.0,21.5,서행,127.1243177664718189_37.4825585751717796|127.1243842051824231_37.4825708307456225|127.1246498140282881_37.4826099825514021|127.1248481535320849_37.4826309321312081|127.1249286523521533_37.4826394333383135|127.1254973878396299_37.4826864711153576|127.1259819311826931_37.4827316505952481
2026-09-04T13:22:12.125893+09:00,장지역,장지역,POI048,KEY_1,1230438401,새말로,1230000801,건영아파트앞교차로,127.1242682197490410_37.4826573644086594,1230188805,문정동 84-3,127.1248318838255074_37.4827287527277306,51.0,6.0,정체,127.1248318838255074_37.4827287527277306|127.1245839423819461_37.4827061067117739|127.1243211560425834_37.4826680897622992|127.1242682197490410_37.4826573644086594
2026-09-04T13:22:12.125893+09:00,장지역,장지역,POI048,KEY_1,1230438701,송파대로,1230000804,건영아파트앞교차로,127.1241405649993226_37.4826193915541808,1230000904,문정역앞교차로,127.1223889164570693_37.4860786985646115,414.0,22.5,서행,127.1223889164570693_37.4860786985646115|127.1226010302328149_37.4856577894584291|127.1232300538723479_37.4844095529361496|127.1237511840044618_37.4833753865404802|127.1238001516343417_37.4832819812932385|127.1241405649993226_37.4826193915541808
2026-09-04T13:22:12.125893+09:00,장한평역,장한평역,POI049,KEY_2,1030011902,가람길,1030150700,송정동 73-12,127.0660636492249154_37.5554419149221985,1030023702,용답동 240-2,127.0681080518610599_37.5580381286833358,341.0,32.3,원활,127.0681080518610599_37.5580381286833358|127.0680833790954125_37.5579632071763214|127.0675268791300141_37.5572382691045874|127.0672521834545563_37.5569128883798982|127.0665358814266312_37.5560316575065158|127.0660636492249154_37.5554419149221985
2026-09-04T13:22:12.125893+09:00,장한평역,장한평역,POI049,KEY_2,1030011903,가람길,1030023702,용답동 240-2,127.0681080518610599_37.5580381286833358,1030025002,용답동 240-2,127.0699220168489063_37.5597832874840591,252.0,30.3,원활,127.0699220168489063_37.5597832874840591|127.0693178888312502_37.5592051592301885|127.0681596352914227_37.5581094941159748|127.0681080518610599_37.5580381286833358
2026-09-04T13:22:12.125893+09:00,장한평역,장한평역,POI049,KEY_2,1030011904,가람길,1030025001,용답동 240-1,127.0700092988272303_37.5598645946951990,1030025802,성동구-동대문구,127.0706640715975624_37.5605166515404463,93.0,28.5,원활,127.0706640715975624_37.5605166515404463|127.0705722364046579_37.5603898954754172|127.0704683779562885_37.5602825803238645|127.0700092988272303_37.5598645946951990
2026-09-04T13:22:12.125893+09:00,장한평역,장한평역,POI049,KEY_2,1030012002,가람길,1030025801,성동구-동대문구,127.0707817230801879_37.5604626329549873,1030023701,용답동 240-4,127.0682330886596105_37.5579990528862595,355.0,28.0,원활,127.0682330886596105_37.5579990528862595|127.0682713264218222_37.5580472346584813|127.0694220521514950_37.5591357771302228|127.0700648947949958_37.5597509782769521|127.0705733957858143_37.5602139373299835|127.0706853580158793_37.5603296259075634|127.0707817230801879_37.5604626329549873
2026-09-04T13:22:12.125893+09:00,장한평역,장한평역,POI049,KEY_2,1030017102,천호대로,1030029003,서울교통공사교차로,127.0578745193384265_37.5629294913580480,1030029503,용답동주민센터,127.0564081740788112_37.5640263140196851,178.0,19.0,서행,127.0564081740788112_37.5640263140196851|127.0568949124193523_37.5636634045143367|127.0578745193384265_37.5629294913580480
2026-09-04T13:22:12.125893+09:00,장한평역,장한평역,POI049,KEY_2,1030042100,자동차시장1길,1030025002,용답동 240-2,127.0699220168489063_37.5597832874840591,1030025602,용답동 239-5,127.0694795460457556_37.5601914548097326,61.0,14.0,정체,127.0694795460457556_37.5601914548097326|127.0695305735004013_37.5600964768313617|127.0696184689939514_37.5600157840238040|127.0699220168489063_37.5597832874840591
2026-09-04T13:22:12.125893+09:00,장한평역,장한평역,POI049,KEY_2,1030042200,자동차시장1길,1030025601,용답동 239-5,127.0696120309735733_37.5602198077237688,1030025001,용답동 240-1,127.0700092988272303_37.5598645946951990,53.0,22.3,서행,127.0700092988272303_37.5598645946951990|127.0697171805729795_37.5600901967641434|127.0696470980665111_37.5601545368586756|127.0696120309735733_37.5602198077237688
2026-09-04T13:22:12.125893+09:00,장한평역,장한평역,POI049,KEY_2,1030042700,자동차시장3길,1030080700,용답동 239-3,127.0626580313124947_37.5609577004758961,1030027803,삼우빌딩,127.0628177151623248_37.5616798556884603,81.0,17.0,서행,127.0628177151623248_37.5616798556884603|127.0626580313124947_37.5609577004758961
2026-09-04T13:22:12.125893+09:00,장한평역,장한평역,POI049,KEY_2,1030042800,자동차시장3길,1030080600,용답동 239-3,127.0627917926856298_37.5609389568733505,1030038000,장한평역7번출구,127.0642965515912124_37.5607284470047276,236.0,21.0,서행,127.0642965515912124_37.5607284470047276|127.0642919871739025_37.5606456812307528|127.0642121002419458_37.5602787658555144|127.0626960956658564_37.5605061731907739|127.0627917926856298_37.5609389568733505
2026-09-04T13:22:12.125893+09:00,장한평역,장한평역,POI049,KEY_2,1030042900,동부간선도로,1030025100,군자교,127.0694914376022950_37.5589895207302717,1030025900,군자교,127.0701175317999514_37.5606705619671146,245.0,35.3,서행,127.0701175317999514_37.5606705619671146|127.0701588230862740_37.5606421344186856|127.0703302081732744_37.5605330560024129|127.0704744811331182_37.5604501125154187|127.0705707399724815_37.5603813026632807|127.0706430880468929_37.5603028663759204|127.0706644954758104_37.5602266292418747|127.0706589284612562_37.5601526796620746|127.0706174413148659_37.5600738294254697|127.0705369816159589_37.5599996065564454|127.0701675448919445_37.5596453078755275|127.0696728701305318_37.5591903883753986|127.0694914376022950_37.5589895207302717
2026-09-04T13:22:12.125893+09:00,장한평역,장한평역,POI049,KEY_2,1030043000,천호대로,1030025900,군자교,127.0701175317999514_37.5606705619671146,1030025601,용답동 239-5,127.0696120309735733_37.5602198077237688,75.0,20.5,서행,127.0696120309735733_37.5602198077237688|127.0696067747692268_37.5603510950565536|127.0696425209936535_37.5604426666000180|127.0696971621084259_37.5605078953501774|127.0697978344584129_37.5605650500695276|127.0699303168950109_37.5606141201434482|127.0701175317999514_37.5606705619671146
2026-09-04T13:22:12.125893+09:00,장한평역,장한평역,POI049,KEY_2,1030043100,자동차시장1길,1030025602,용답동 239-5,127.0694795460457556_37.5601914548097326,1030026100,라이온스협회,127.0691306361139681_37.5608034688155001,81.0,23.5,서행,127.0691306361139681_37.5608034688155001|127.0694073891156535_37.5606186787137730|127.0694528594828796_37.5605343709423138|127.0694836450661569_37.5604530829262657|127.0694884192480600_37.5603472850821021|127.0694795460457556_37.5601914548097326
2026-09-04T13:22:12.125893+09:00,장한평역,장한평역,POI049,KEY_2,1030043600,천호대로,1030027202,장한평역교차로,127.0646338799710691_37.5614219416917337,1030026000,장한평역6번출구,127.0644306438098852_37.5607147328150148,81.0,4.0,정체,127.0644306438098852_37.5607147328150148|127.0646338799710691_37.5614219416917337
2026-09-04T13:22:12.125893+09:00,장한평역,장한평역,POI049,KEY_2,1030043700,천호대로,1030038000,장한평역7번출구,127.0642965515912124_37.5607284470047276,1030027203,장한평역교차로,127.0645000404244058_37.5614407132058119,81.0,21.0,서행,127.0645000404244058_37.5614407132058119|127.0642965515912124_37.5607284470047276
2026-09-04T13:22:12.125893+09:00,장한평역,장한평역,POI049,KEY_2,1030043800,천호대로,1030026700,장한평역4번출구,127.0656589832994428_37.5612806361296876,1030026000,장한평역6번출구,127.0644306438098852_37.5607147328150148,137.0,16.0,서행,127.0644306438098852_37.5607147328150148|127.0644883447035483_37.5608696060678895|127.0645396457863825_37.5609422560306925|127.0650642651593358_37.5612257396806299|127.0652499748754849_37.5612756983665648|127.0656589832994428_37.5612806361296876
2026-09-04T13:22:12.125893+09:00,장한평역,장한평역,POI049,KEY_2,1030044400,천호대로,1030038000,장한평역7번출구,127.0642965515912124_37.5607284470047276,1030027300,장한평역,127.0636749913523147_37.5615582305417988,115.0,12.0,정체,127.0636749913523147_37.5615582305417988|127.0639414383298202_37.5614051441747350|127.0643184084713226_37.5609949102709848|127.0643323818184314_37.5609211146359243|127.0642965515912124_37.5607284470047276
2026-09-04T13:22:12.125893+09:00,장한평역,장한평역,POI049,KEY_2,1030045300,자동차시장길,1030029002,서울교통공사교차로,127.0579838383515892_37.5628589219914772,1030028401,용답동 223-7,127.0575234094467589_37.5620294127739029,101.0,6.0,정체,127.0575234094467589_37.5620294127739029|127.0579838383515892_37.5628589219914772
2026-09-04T13:22:12.125893+09:00,장한평역,장한평역,POI049,KEY_2,1030045700,자동차시장길,1030028404,용답동 223-19,127.0573991760311685_37.5620731101225971,1030029003,서울교통공사교차로,127.0578745193384265_37.5629294913580480,104.0,21.0,서행,127.0578745193384265_37.5629294913580480|127.0573991760311685_37.5620731101225971
2026-09-04T13:22:12.125893+09:00,장한평역,장한평역,POI049,KEY_2,1030067701,자동차시장1길,1030042902,용답동 239-2,127.0592655428368971_37.5614411693530243,1030042802,용답동 249-21,127.0586601470560026_37.5584360317965817,338.0,21.0,서행,127.0586601470560026_37.5584360317965817|127.0592655428368971_37.5614411693530243
2026-09-04T13:22:12.125893+09:00,장한평역,장한평역,POI049,KEY_2,1030067801,자동차시장1길,1030042805,용답동 249-21,127.0585192522324434_37.5584540194234151,1030042903,용답동 239-2,127.0591555949161631_37.5614569664410283,338.0,22.0,서행,127.0591555949161631_37.5614569664410283|127.0589707952441216_37.5606568616105108|127.0587149008319727_37.5594097878991775|127.0585192522324434_37.5584540194234151
2026-09-04T13:22:12.125893+09:00,장한평역,장한평역,POI049,KEY_2,1030067901,천호대로,1030042903,용답동 239-2,127.0591555949161631_37.5614569664410283,1050037604,용답동 224-1,127.0593516529250167_37.5622234716224668,87.0,24.0,서행,127.0593516529250167_37.5622234716224668|127.0591555949161631_37.5614569664410283
2026-09-04T13:22:12.125893+09:00,장한평역,장한평역,POI049,KEY_2,1030068001,천호대로,1050037603,용답동 224-1,127.0594543668739362_37.5621991150526071,1030042902,용답동 239-2,127.0592655428368971_37.5614411693530243,86.0,17.0,서행,127.0592655428368971_37.5614411693530243|127.0594543668739362_37.5621991150526071
2026-09-04T13:22:12.125893+09:00,장한평역,장한평역,POI049,KEY_2,1030068101,천호대로,1030028202,속성변화점,127.0611684529429226_37.5619230648949838,1050037603,용답동 224-1,127.0594543668739362_37.5621991150526071,155.0,26.7,원활,127.0594543668739362_37.5621991150526071|127.0599505289799538_37.5621043679588453|127.0605582898425752_37.5620063564312687|127.0610367609639724_37.5619418819347644|127.0611684529429226_37.5619230648949838
2026-09-04T13:22:12.125893+09:00,장한평역,장한평역,POI049,KEY_2,1050003701,천호대로,1030026700,장한평역4번출구,127.0656589832994428_37.5612806361296876,1030027202,장한평역교차로,127.0646338799710691_37.5614219416917337,92.0,30.7,원활,127.0646338799710691_37.5614219416917337|127.0656589832994428_37.5612806361296876
2026-09-04T13:22:12.125893+09:00,장한평역,장한평역,POI049,KEY_2,1050003702,천호대로,1030142800,용답동 224-4,127.0664727944246266_37.5611684491970195,1030026700,장한평역4번출구,127.0656589832994428_37.5612806361296876,73.0,29.3,원활,127.0656589832994428_37.5612806361296876|127.0664727944246266_37.5611684491970195
2026-09-04T13:22:12.125893+09:00,장한평역,장한평역,POI049,KEY_2,1050003703,천호대로,1030025900,군자교,127.0701175317999514_37.5606705619671146,1030026100,라이온스협회,127.0691306361139681_37.5608034688155001,88.0,39.0,원활,127.0691306361139681_37.5608034688155001|127.0701175317999514_37.5606705619671146
2026-09-04T13:22:12.125893+09:00,장한평역,장한평역,POI049,KEY_2,1050003704,천호대로,1050000102,군자교(서측),127.0711993828658564_37.5603647197320356,1030025900,군자교,127.0701175317999514_37.5606705619671146,102.0,36.5,원활,127.0701175317999514_37.5606705619671146|127.0704641978875031_37.5606175571749645|127.0705054805498690_37.5606077738345903|127.0706494170174636_37.5605736634553082|127.0708085808709313_37.5605205660757449|127.0711993828658564_37.5603647197320356
2026-09-04T13:22:12.125893+09:00,장한평역,장한평역,POI049,KEY_2,1050003801,천호대로,1030027201,장한평역교차로,127.0646811371104974_37.5615251565540902,1030027100,장한평역4번출구,127.0656821580608806_37.5613871696903487,90.0,20.0,서행,127.0656821580608806_37.5613871696903487|127.0646811371104974_37.5615251565540902
2026-09-04T13:22:12.125893+09:00,장한평역,장한평역,POI049,KEY_2,1050003802,천호대로,1050182700,장안동 472-2,127.0681955840067872_37.5610410993414305,1030026300,라이온스협회,127.0691536413907556_37.5609100252266259,86.0,24.0,서행,127.0691536413907556_37.5609100252266259|127.0681955840067872_37.5610410993414305
2026-09-04T13:22:12.125893+09:00,장한평역,장한평역,POI049,KEY_2,1050003803,천호대로,1030026300,라이온스협회,127.0691536413907556_37.5609100252266259,1030026200,군자교,127.0705442307436215_37.5607113995430026,125.0,35.0,원활,127.0705442307436215_37.5607113995430026|127.0704971680179369_37.5607225522591150|127.0702565777095998_37.5607614916846231|127.0691536413907556_37.5609100252266259
2026-09-04T13:22:12.125893+09:00,장한평역,장한평역,POI049,KEY_2,1050003804,천호대로,1030026200,군자교,127.0705442307436215_37.5607113995430026,1050000101,군자교(서측),127.0712602140736749_37.5604613880901894,69.0,35.3,원활,127.0712602140736749_37.5604613880901894|127.0708653074909336_37.5606188704233190|127.0706951706114012_37.5606756288918504|127.0705442307436215_37.5607113995430026
2026-09-04T13:22:12.125893+09:00,장한평역,장한평역,POI049,KEY_2,1050004101,장안벚꽃로,1030025802,성동구-동대문구,127.0706640715975624_37.5605166515404463,1050006202,스타PARK아파트,127.0710770045332794_37.5612054138542319,85.0,28.0,원활,127.0710770045332794_37.5612054138542319|127.0710244567467413_37.5610846116788082|127.0708417416250740_37.5607618772411485|127.0706640715975624_37.5605166515404463
2026-09-04T13:22:12.125893+09:00,장한평역,장한평역,POI049,KEY_2,1050004201,장안벚꽃로,1050006902,장평중삼거리,127.0727984448601973_37.5640374509294048,1030025801,성동구-동대문구,127.0707817230801879_37.5604626329549873,435.0,23.0,서행,127.0707817230801879_37.5604626329549873|127.0709627796551615_37.5607125326513867|127.0711508180029909_37.5610446682990400|127.0712256550306734_37.5612171568160065|127.0719049732423827_37.5624755506617305|127.0719083965326774_37.5624815351401935|127.0724829889732064_37.5634860028182516|127.0727984448601973_37.5640374509294048
2026-09-04T13:22:12.125893+09:00,장한평역,장한평역,POI049,KEY_2,1050004301,장한로,1030027204,장한평역교차로,127.0645425885173267_37.5615444898432358,1050006500,장한평역3번출구,127.0649900197555695_37.5622444247279859,87.0,6.0,정체,127.0649900197555695_37.5622444247279859|127.0647189347308625_37.5618452736188502|127.0645425885173267_37.5615444898432358
2026-09-04T13:22:12.125893+09:00,장한평역,장한평역,POI049,KEY_2,1050004401,장한로,1050006400,장한평역3번출구,127.0651094957785290_37.5621930039047314,1030027201,장한평역교차로,127.0646811371104974_37.5615251565540902,83.0,14.0,정체,127.0646811371104974_37.5615251565540902|127.0648403153393673_37.5617966577238533|127.0651094957785290_37.5621930039047314
2026-09-04T13:22:12.125893+09:00,장한평역,장한평역,POI049,KEY_2,1050004402,장한로,1050192900,장안동 469-11,127.0663180099621172_37.5639029871303052,1050006400,장한평역3번출구,127.0651094957785290_37.5621930039047314,218.0,13.0,정체,127.0651094957785290_37.5621930039047314|127.0651485250990049_37.5622504704536908|127.0657164059681463_37.5630528220107180|127.0663142631000824_37.5638975049516048|127.0663180099621172_37.5639029871303052
2026-09-04T13:22:12.125893+09:00,장한평역,장한평역,POI049,KEY_2,1050057700,한천로,1030029004,서울교통공사교차로,127.0579437153332236_37.5630261230406859,1050006708,부품상가삼거리,127.0586134993678229_37.5637686922705853,102.0,9.0,정체,127.0586134993678229_37.5637686922705853|127.0584755531634755_37.5636316051894639|127.0583632433165064_37.5635199943106954|127.0581120472439380_37.5632300505651315|127.0579437153332236_37.5630261230406859
2026-09-04T13:22:12.125893+09:00,장한평역,장한평역,POI049,KEY_2,1050022100,동부간선도로,1030026200,군자교,127.0705442307436215_37.5607113995430026,1050006300,군자교,127.0720004031899322_37.5621203836883524,222.0,18.0,정체,127.0720004031899322_37.5621203836883524|127.0719124162673950_37.5619998686712364|127.0717011281758602_37.5616480562349011|127.0713330110081216_37.5610610060558585|127.0711977074599162_37.5608334788595997|127.0711548207308255_37.5607894423738884|127.0710831415277795_37.5607510247067253|127.0710257228409432_37.5607336456998340|127.0709635215755213_37.5607143405057471|127.0708365577721253_37.5607043400018696|127.0706313913964181_37.5607075218010138|127.0705442307436215_37.5607113995430026
2026-09-04T13:22:12.125893+09:00,장한평역,장한평역,POI049,KEY_2,1050022200,천호대로,1030026300,라이온스협회,127.0691536413907556_37.5609100252266259,1050006102,장안동 480-18,127.0701242734518246_37.5613305352848741,114.0,24.0,서행,127.0701242734518246_37.5613305352848741|127.0700742397946641_37.5611803454351119|127.0700258934481752_37.5610683928558586|127.0699803263200351_37.5610150205068578|127.0699179915692838_37.5609654719892205|127.0698269259394664_37.5609331053207214|127.0691536413907556_37.5609100252266259
2026-09-04T13:22:12.125893+09:00,장한평역,장한평역,POI049,KEY_2,1050022300,장한로6길,1050006101,장안동 480-18,127.0702429499912540_37.5612779573610780,1030026200,군자교,127.0705442307436215_37.5607113995430026,76.0,20.0,서행,127.0705442307436215_37.5607113995430026|127.0702796801526802_37.5609023226316836|127.0702126735769895_37.5609786471802849|127.0701791995159908_37.5610492304342856|127.0701954473470465_37.5611536003310675|127.0702429499912540_37.5612779573610780
2026-09-04T13:22:12.125893+09:00,장한평역,장한평역,POI049,KEY_2,1050022400,장한로6길,1050006202,스타PARK아파트,127.0710770045332794_37.5612054138542319,1050006101,장안동 480-18,127.0702429499912540_37.5612779573610780,83.0,14.0,정체,127.0702429499912540_37.5612779573610780|127.0702801463518199_37.5613311624989521|127.0703338871004888_37.5613656098335653|127.0704211455896342_37.5613866942983634|127.0705169868264193_37.5613850477364934|127.0706453297080998_37.5613572581594894|127.0710770045332794_37.5612054138542319
2026-09-04T13:22:12.125893+09:00,장한평역,장한평역,POI049,KEY_2,1050022500,장한로6길,1050006102,장안동 480-18,127.0701242734518246_37.5613305352848741,1050006201,스타PARK아파트,127.0711261546019557_37.5613063290945135,100.0,20.0,서행,127.0711261546019557_37.5613063290945135|127.0706908564927318_37.5614594480678008|127.0705365648764769_37.5614928555958727|127.0704024220371053_37.5614951602215967|127.0702692269588425_37.5614629766860162|127.0701743445387848_37.5614021572867713|127.0701242734518246_37.5613305352848741
2026-09-04T13:22:12.125893+09:00,장한평역,장한평역,POI049,KEY_2,1050022600,장한로,1050006400,장한평역3번출구,127.0651094957785290_37.5621930039047314,1030027100,장한평역4번출구,127.0656821580608806_37.5613871696903487,116.0,17.0,서행,127.0656821580608806_37.5613871696903487|127.0653729485284629_37.5614973322629879|127.0652831827717080_37.5615808178176422|127.0650499368940558_37.5619671370952375|127.0650380478297450_37.5620696509166976|127.0651094957785290_37.5621930039047314
2026-09-04T13:22:12.125893+09:00,장한평역,장한평역,POI049,KEY_2,1050022700,천호대로,1030027900,장한평역,127.0636987461977441_37.5616646830852758,1050006500,장한평역3번출구,127.0649900197555695_37.5622444247279859,136.0,19.0,서행,127.0649900197555695_37.5622444247279859|127.0648504970743886_37.5620680286746094|127.0647175295089113_37.5619649357354461|127.0640914430972686_37.5617245048653601|127.0636987461977441_37.5616646830852758
2026-09-04T13:22:12.125893+09:00,장한평역,장한평역,POI049,KEY_2,1050056700,천호대로,1030027900,장한평역,127.0636987461977441_37.5616646830852758,1030027204,장한평역교차로,127.0645425885173267_37.5615444898432358,76.0,22.0,서행,127.0645425885173267_37.5615444898432358|127.0636987461977441_37.5616646830852758
2026-09-04T13:22:12.125893+09:00,장한평역,장한평역,POI049,KEY_2,1050056800,천호대로,1030027203,장한평역교차로,127.0645000404244058_37.5614407132058119,1030027300,장한평역,127.0636749913523147_37.5615582305417988,74.0,26.0,원활,127.0636749913523147_37.5615582305417988|127.0645000404244058_37.5614407132058119
2026-09-04T13:22:12.125893+09:00,장한평역,장한평역,POI049,KEY_2,1050056900,천호대로,1030027804,속성변화점,127.0628424554379450_37.5617861664547803,1030027900,장한평역,127.0636987461977441_37.5616646830852758,77.0,31.0,원활,127.0636987461977441_37.5616646830852758|127.0629751084912300_37.5617670089779025|127.0628424554379450_37.5617861664547803
2026-09-04T13:22:12.125893+09:00,장한평역,장한평역,POI049,KEY_2,1050057000,천호대로,1030027300,장한평역,127.0636749913523147_37.5615582305417988,1030027802,삼우빌딩,127.0629513549016281_37.5616605554283538,65.0,26.0,원활,127.0629513549016281_37.5616605554283538|127.0636749913523147_37.5615582305417988
2026-09-04T13:22:12.125893+09:00,장한평역,장한평역,POI049,KEY_2,1050057100,천호대로,1030028201,삼지빌딩,127.0611931909564305_37.5620293760044888,1030027804,속성변화점,127.0628424554379450_37.5617861664547803,148.0,31.0,원활,127.0628424554379450_37.5617861664547803|127.0611931909564305_37.5620293760044888
2026-09-04T13:22:12.125893+09:00,장한평역,장한평역,POI049,KEY_2,1050057200,천호대로,1030027803,삼우빌딩,127.0628177151623248_37.5616798556884603,1030028202,속성변화점,127.0611684529429226_37.5619230648949838,148.0,26.0,원활,127.0611684529429226_37.5619230648949838|127.0628177151623248_37.5616798556884603
2026-09-04T13:22:12.125893+09:00,장한평역,장한평역,POI049,KEY_2,1050057600,한천로,1050186700,장안동 482,127.0585815604546411_37.5635640107395758,1030029001,서울교통공사교차로,127.0580467272918384_37.5629540333191940,83.0,21.5,서행,127.0580467272918384_37.5629540333191940|127.0582247213048817_37.5631696643374866|127.0584722924049856_37.5634554227117903|127.0585815604546411_37.5635640107395758
2026-09-04T13:22:12.125893+09:00,장한평역,장한평역,POI049,KEY_2,1050057800,천호대로,1030029300,국정일보,127.0569879986479975_37.5637421382279157,1030029004,서울교통공사교차로,127.0579437153332236_37.5630261230406859,116.0,13.0,정체,127.0579437153332236_37.5630261230406859|127.0569879986479975_37.5637421382279157
2026-09-04T13:22:12.125893+09:00,장한평역,장한평역,POI049,KEY_2,1050058000,한천로,1050196700,장안동 482,127.0589404032238434_37.5638901989359084,1050006706,부품상가삼거리,127.0588015705685905_37.5637757166667043,18.0,14.0,정체,127.0588015705685905_37.5637757166667043|127.0589253275586685_37.5638795739207936|127.0589404032238434_37.5638901989359084
2026-09-04T13:22:12.125893+09:00,장한평역,장한평역,POI049,KEY_2,1050058100,한천로,1050006709,부품상가삼거리,127.0587030276794707_37.5638501243244036,1050006705,답십리동217-1,127.0608648877731355_37.5653900420829316,256.0,26.0,원활,127.0608648877731355_37.5653900420829316|127.0608585785979727_37.5653846154118582|127.0601635343737428_37.5648966245898634|127.0595596446630680_37.5644710284825152|127.0588503675639771_37.5639711495952753|127.0588308591260471_37.5639574004323364|127.0587030276794707_37.5638501243244036
2026-09-04T13:22:12.125893+09:00,장한평역,장한평역,POI049,KEY_2,1050058300,황물로,1050180200,답십리동 952-2,127.0582500024359831_37.5641933476752001,1050006709,부품상가삼거리,127.0587030276794707_37.5638501243244036,55.0,21.0,서행,127.0587030276794707_37.5638501243244036|127.0582500024359831_37.5641933476752001
2026-09-04T13:22:12.125893+09:00,장한평역,장한평역,POI049,KEY_2,1050058400,황물로,1050006708,부품상가삼거리,127.0586134993678229_37.5637686922705853,1050007304,답십리5지구대,127.0572514594513081_37.5647808125362559,165.0,20.5,서행,127.0572514594513081_37.5647808125362559|127.0574015441680302_37.5646868882744229|127.0581563634882087_37.5641150296059152|127.0586134993678229_37.5637686922705853
2026-09-04T13:22:12.125893+09:00,장한평역,장한평역,POI049,KEY_2,1050060501,천호대로,1050037604,용답동 224-1,127.0593516529250167_37.5622234716224668,1030029002,서울교통공사교차로,127.0579838383515892_37.5628589219914772,141.0,26.0,원활,127.0579838383515892_37.5628589219914772|127.0583281599183607_37.5626484148036894|127.0585326584047294_37.5625320039678314|127.0586760384163370_37.5624593052762776|127.0588775323544439_37.5623721768169858|127.0591413146442079_37.5622827454154162|127.0593516529250167_37.5622234716224668
2026-09-04T13:22:12.125893+09:00,장한평역,장한평역,POI049,KEY_2,1050060701,천호대로,1030029001,서울교통공사교차로,127.0580467272918384_37.5629540333191940,1030028204,삼지빌딩,127.0610595386931436_37.5620489976538323,289.0,22.0,서행,127.0610595386931436_37.5620489976538323|127.0606213566722289_37.5621124992959707|127.0603677903037863_37.5621498628990125|127.0600291775151192_37.5622083156058935|127.0597429978717088_37.5622556964060195|127.0594898707176554_37.5623079996906881|127.0593992958180536_37.5623295887485327|127.0591519469817428_37.5623999606302093|127.0589803520694687_37.5624570624331540|127.0588427266968807_37.5625140092085132|127.0586312982700150_37.5626056078786874|127.0584595127480583_37.5626951007398233|127.0580467272918384_37.5629540333191940
2026-09-04T13:22:12.125893+09:00,천호역,천호역,POI050,KEY_3,1230091500,풍성로25길,1230423100,최소노드배치점,127.1213202475153992_37.5366159926774401,1230057202,풍납1동주민센터,127.1222889993939589_37.5389396716807582,284.0,15.0,서행,127.1222889993939589_37.5389396716807582|127.1219021881112354_37.5382276816301328|127.1213833795709434_37.5372923015735083|127.1214025863991282_37.5372101448766955|127.1215441560175634_37.5371087097441318|127.1215461125996882_37.5370684600636437|127.1213202475153992_37.5366159926774401
2026-09-04T13:22:12.125893+09:00,천호역,천호역,POI050,KEY_3,1230091700,천호대로,1230056700,천호사거리,127.1231991095257143_37.5382127630712290,1230057100,천호사거리,127.1228015509893083_37.5387585883164832,73.0,19.7,서행,127.1228015509893083_37.5387585883164832|127.1229241648776735_37.5386668308833507|127.1230198352073586_37.5385885389022675|127.1231277941631106_37.5384743769456719|127.1231768092596184_37.5383908689299020|127.1231970416041435_37.5382921018591134|127.1231991095257143_37.5382127630712290
2026-09-04T13:22:12.125893+09:00,천호역,천호역,POI050,KEY_3,1230094400,올림픽대로,1230057202,풍납1동주민센터,127.1222889993939589_37.5389396716807582,1230057601,풍납1동사무소,127.1206171273850600_37.5398267942077126,180.0,38.0,서행,127.1206171273850600_37.5398267942077126|127.1206402519064369_37.5398105049192665|127.1208137207095632_37.5397054359141791|127.1211101440944589_37.5395116516381009|127.1213039218144303_37.5393779552428981|127.1217585328710840_37.5391085831531299|127.1221845741995793_37.5389460379588940|127.1222889993939589_37.5389396716807582
2026-09-04T13:22:12.125893+09:00,천호역,천호역,POI050,KEY_3,1240000503,천호대로,1249137600,성내동 5-19,127.1280382627610948_37.5371810929529701,1240015902,천호신사거리,127.1265613525916365_37.5376636665247787,141.0,21.0,서행,127.1265613525916365_37.5376636665247787|127.1275442594800751_37.5373425089920758|127.1280382627610948_37.5371810929529701
2026-09-04T13:22:12.125893+09:00,천호역,천호역,POI050,KEY_3,1240000901,천호대로,1240015903,천호신사거리,127.1264313401249240_37.5377030556450677,1240016102,속성변화점,127.1258227718012819_37.5378782795148567,57.0,33.0,원활,127.1258227718012819_37.5378782795148567|127.1264313401249240_37.5377030556450677
2026-09-04T13:22:12.125893+09:00,천호역,천호역,POI050,KEY_3,1240000902,천호대로,1240016102,속성변화점,127.1258227718012819_37.5378782795148567,1240016400,천호역7번출구,127.1242070043111596_37.5383086791756000,151.0,34.0,원활,127.1242070043111596_37.5383086791756000|127.1248744937185933_37.5381079577954324|127.1255448371520913_37.5379047060162492|127.1258227718012819_37.5378782795148567
2026-09-04T13:22:12.125893+09:00,천호역,천호역,POI050,KEY_3,1240000903,천호대로,1240016400,천호역7번출구,127.1242070043111596_37.5383086791756000,1230057002,천호사거리,127.1234478477520184_37.5385370305723569,72.0,25.0,원활,127.1234478477520184_37.5385370305723569|127.1242070043111596_37.5383086791756000
2026-09-04T13:22:12.125893+09:00,천호역,천호역,POI050,KEY_3,1240001001,천호대로,1240016101,속성변화점,127.1258700127424532_37.5379796401749530,1240015904,천호신사거리,127.1264995678300238_37.5377983808995310,59.0,19.0,서행,127.1264995678300238_37.5377983808995310|127.1258700127424532_37.5379796401749530
2026-09-04T13:22:12.125893+09:00,천호역,천호역,POI050,KEY_3,1240001003,천호대로,1230057001,천호사거리,127.1235172823043769_37.5387460209010086,1240016500,천호사거리,127.1240195713131129_37.5385827314211369,48.0,9.0,정체,127.1240195713131129_37.5385827314211369|127.1235172823043769_37.5387460209010086
2026-09-04T13:22:12.125893+09:00,천호역,천호역,POI050,KEY_3,1240001301,천호대로,1230057003,천호사거리,127.1233208369298211_37.5385774148515452,1230057100,천호사거리,127.1228015509893083_37.5387585883164832,50.0,7.0,정체,127.1228015509893083_37.5387585883164832|127.1233208369298211_37.5385774148515452
2026-09-04T13:22:12.125893+09:00,천호역,천호역,POI050,KEY_3,1240001302,천호대로,1230057100,천호사거리,127.1228015509893083_37.5387585883164832,1230057201,풍납1동주민센터,127.1224128179309645_37.5388942112432815,38.0,6.5,정체,127.1224128179309645_37.5388942112432815|127.1228015509893083_37.5387585883164832
2026-09-04T13:22:12.125893+09:00,천호역,천호역,POI050,KEY_3,1240001303,천호대로,1230057202,풍납1동주민센터,127.1222889993939589_37.5389396716807582,1230425800,최소노드배치점,127.1206473646241477_37.5399649693936297,187.0,12.0,정체,127.1206473646241477_37.5399649693936297|127.1208002690071339_37.5397806065349755|127.1212122107708637_37.5394811670133990|127.1217838639544340_37.5391353320378940|127.1222889993939589_37.5389396716807582
2026-09-04T13:22:12.125893+09:00,천호역,천호역,POI050,KEY_3,1240001402,천호대로,1249154200,속성변화점,127.1207370515739399_37.5400461468424780,1240032502,천호동 458-32,127.1223997000991659_37.5391372566073969,179.0,41.0,원활,127.1223997000991659_37.5391372566073969|127.1219267779063671_37.5393204408960344|127.1213813850969814_37.5396503892687647|127.1209832957351296_37.5399401536630535|127.1207370515739399_37.5400461468424780
2026-09-04T13:22:12.125893+09:00,천호역,천호역,POI050,KEY_3,1240001405,천호대로,1240032600,천호사거리,127.1229181381820865_37.5389539974583073,1230057004,천호사거리,127.1233910826555729_37.5387889914914226,46.0,28.0,원활,127.1233910826555729_37.5387889914914226|127.1229181381820865_37.5389539974583073
2026-09-04T13:22:12.125893+09:00,천호역,천호역,POI050,KEY_3,1240001406,천호대로,1240032501,성내동 71-18,127.1225232060097312_37.5390917822839612,1240032600,천호사거리,127.1229181381820865_37.5389539974583073,38.0,30.0,원활,127.1229181381820865_37.5389539974583073|127.1225232060097312_37.5390917822839612
2026-09-04T13:22:12.125893+09:00,천호역,천호역,POI050,KEY_3,1240009300,천호옛길,1249137900,성내동 610-4,127.1258292313183631_37.5369283484509992,1240015903,천호신사거리,127.1264313401249240_37.5377030556450677,101.0,17.0,서행,127.1264313401249240_37.5377030556450677|127.1263164556896612_37.5375642510170380|127.1262594729914213_37.5374954036653037|127.1260023829827759_37.5371565622425933|127.1258292313183631_37.5369283484509992
2026-09-04T13:22:12.125893+09:00,천호역,천호역,POI050,KEY_3,1240009701,올림픽로,1230270600,풍납동 490-16,127.1226668613505808_37.5366443114647481,1230056700,천호사거리,127.1231991095257143_37.5382127630712290,180.0,17.0,서행,127.1231991095257143_37.5382127630712290|127.1229568202109164_37.5374869408773861|127.1228079874914840_37.5370410778011561|127.1226668613505808_37.5366443114647481
2026-09-04T13:22:12.125893+09:00,천호역,천호역,POI050,KEY_3,1240009702,올림픽로,1230056700,천호사거리,127.1231991095257143_37.5382127630712290,1230057003,천호사거리,127.1233208369298211_37.5385774148515452,42.0,22.0,서행,127.1233208369298211_37.5385774148515452|127.1231991095257143_37.5382127630712290
2026-09-04T13:22:12.125893+09:00,천호역,천호역,POI050,KEY_3,1240009802,올림픽로,1230057002,천호사거리,127.1234478477520184_37.5385370305723569,1230056800,천호사거리,127.1233125521570173_37.5381317339889833,47.0,4.0,정체,127.1233125521570173_37.5381317339889833|127.1234478477520184_37.5385370305723569
2026-09-04T13:22:12.125893+09:00,천호역,천호역,POI050,KEY_3,1240010501,진황도로,1249115700,천호동 410-382,127.1297282195018568_37.5392494506617709,1240003403,천호시장사거리,127.1279040058523577_37.5402699692055037,197.0,13.0,정체,127.1279040058523577_37.5402699692055037|127.1281233888413453_37.5401494195158278|127.1292799313315243_37.5395010700264251|127.1296483811764944_37.5392945149189714|127.1297282195018568_37.5392494506617709
2026-09-04T13:22:12.125893+09:00,천호역,천호역,POI050,KEY_3,1240011101,올림픽로,1230057004,천호사거리,127.1233910826555729_37.5387889914914226,1240017000,천호사거리,127.1235011793470306_37.5391221481703639,38.0,16.0,서행,127.1235011793470306_37.5391221481703639|127.1233910826555729_37.5387889914914226
2026-09-04T13:22:12.125893+09:00,천호역,천호역,POI050,KEY_3,1240011102,올림픽로,1249104900,천호동 428-2,127.1237027452071828_37.5397320880800720,1240003704,광진교남단사거리,127.1242723015992340_37.5412434639985975,175.0,15.0,서행,127.1242723015992340_37.5412434639985975|127.1240122340375507_37.5405538642123275|127.1238499365141621_37.5401235064093299|127.1237057177538929_37.5397410829525455|127.1237027452071828_37.5397320880800720
2026-09-04T13:22:12.125893+09:00,천호역,천호역,POI050,KEY_3,1240011201,올림픽로,1240016900,천호사거리,127.1236242721152223_37.5390697740102013,1230057001,천호사거리,127.1235172823043769_37.5387460209010086,37.0,8.0,정체,127.1235172823043769_37.5387460209010086|127.1236242721152223_37.5390697740102013
2026-09-04T13:22:12.125893+09:00,천호역,천호역,POI050,KEY_3,1240011202,올림픽로,1249118200,천호동 428-2,127.1237604673641783_37.5394819021781032,1240016900,천호사거리,127.1236242721152223_37.5390697740102013,47.0,14.0,정체,127.1236242721152223_37.5390697740102013|127.1237604673641783_37.5394819021781032
2026-09-04T13:22:12.125893+09:00,천호역,천호역,POI050,KEY_3,1240011501,구천면로,1240003408,킴스클럽(천호점),127.1261364525714015_37.5407094515659523,1240003703,광진교남단사거리,127.1243975126236307_37.5411995502778808,163.0,6.5,정체,127.1243975126236307_37.5411995502778808|127.1250523370211170_37.5410149998832807|127.1252564276983179_37.5409574796942067|127.1261364525714015_37.5407094515659523
2026-09-04T13:22:12.125893+09:00,천호역,천호역,POI050,KEY_3,1240011502,구천면로,1249123800,천호동 418-2,127.1266871986057225_37.5405542240687140,1240003407,킴스클럽(천호점),127.1262650007328148_37.5406732206050719,40.0,9.0,정체,127.1262650007328148_37.5406732206050719|127.1266871986057225_37.5405542240687140
2026-09-04T13:22:12.125893+09:00,천호역,천호역,POI050,KEY_3,1240011601,구천면로,1240003406,킴스클럽(천호점),127.1263103069998266_37.5407751443387099,1240003405,천호시장사거리,127.1278224353661557_37.5404323554764829,139.0,24.0,서행,127.1278224353661557_37.5404323554764829|127.1270886044431165_37.5405616113526648|127.1270334400655173_37.5405713277208974|127.1267325053378556_37.5406561474975717|127.1263103069998266_37.5407751443387099
2026-09-04T13:22:12.125893+09:00,천호역,천호역,POI050,KEY_3,1240011602,구천면로,1249150700,천호동 435-2,127.1250976417453842_37.5411169237754336,1240003409,킴스클럽(천호점),127.1261817587292029_37.5408113753436652,102.0,4.0,정체,127.1261817587292029_37.5408113753436652|127.1253017326863954_37.5410594035665426|127.1250976417453842_37.5411169237754336
2026-09-04T13:22:12.125893+09:00,천호역,천호역,POI050,KEY_3,1240012200,구천면로,1249111600,천호동 397-441,127.1300178217984325_37.5410705636680788,1240003402,천호시장사거리,127.1279634389083384_37.5403686754933119,200.0,12.5,정체,127.1279634389083384_37.5403686754933119|127.1280961944452059_37.5404233059771144|127.1286980083948350_37.5405042767628885|127.1290074504487251_37.5405921604635040|127.1293547790916421_37.5407190682850427|127.1296108197300470_37.5408388339810557|127.1298899091390808_37.5409841225037084|127.1300178217984325_37.5410705636680788
2026-09-04T13:22:12.125893+09:00,천호역,천호역,POI050,KEY_3,1240012601,올림픽로,1249109700,천호동 373,127.1246760440397452_37.5419690104642640,1240003702,광진교남단사거리,127.1244358849439777_37.5413034277414468,77.0,21.0,서행,127.1244358849439777_37.5413034277414468|127.1246760440397452_37.5419690104642640
2026-09-04T13:22:12.125893+09:00,천호역,천호역,POI050,KEY_3,1240039600,천호대로,1240016400,천호역7번출구,127.1242070043111596_37.5383086791756000,1230056800,천호사거리,127.1233125521570173_37.5381317339889833,87.0,22.0,서행,127.1233125521570173_37.5381317339889833|127.1233894987534825_37.5382002602406928|127.1235445694257749_37.5382799014588926|127.1235912244469404_37.5383031173539337|127.1237243792602101_37.5383377934522713|127.1238241290205622_37.5383378663987912|127.1239965496080515_37.5383281493004475|127.1242070043111596_37.5383086791756000
2026-09-04T13:22:12.125893+09:00,천호역,천호역,POI050,KEY_3,1240040000,천호대로,1240016900,천호사거리,127.1236242721152223_37.5390697740102013,1240016500,천호사거리,127.1240195713131129_37.5385827314211369,66.0,16.0,서행,127.1240195713131129_37.5385827314211369|127.1238606684004111_37.5387097157003780|127.1237243793176361_37.5388452644014663|127.1236423181457553_37.5389854711084467|127.1236242721152223_37.5390697740102013
2026-09-04T13:22:12.125893+09:00,천호역,천호역,POI050,KEY_3,1240040200,천호대로157길,1249121100,천호동 454-49,127.1267213376215466_37.5381549599408473,1240003404,천호시장사거리,127.1277656314485256_37.5403316272977321,263.0,12.0,정체,127.1277656314485256_37.5403316272977321|127.1277764803604811_37.5400663754616346|127.1276287872081667_37.5395939952034325|127.1274683047712841_37.5391935724405386|127.1273335079728923_37.5389564198065386|127.1267213376215466_37.5381549599408473
2026-09-04T13:22:12.125893+09:00,천호역,천호역,POI050,KEY_3,1240040300,천호대로,1240032600,천호사거리,127.1229181381820865_37.5389539974583073,1240017000,천호사거리,127.1235011793470306_37.5391221481703639,58.0,11.0,정체,127.1235011793470306_37.5391221481703639|127.1233903598605508_37.5390373240800344|127.1232600735032037_37.5389731530963857|127.1231593473902564_37.5389564680612224|127.1230348034606692_37.5389527839542012|127.1229181381820865_37.5389539974583073
2026-09-04T13:22:12.125893+09:00,천호역,천호역,POI050,KEY_3,1240040800,천호대로151길,1249144900,천호동 459-2,127.1229562993439544_37.5398463764838937,1240032501,성내동 71-18,127.1225232060097312_37.5390917822839612,92.0,5.0,정체,127.1225232060097312_37.5390917822839612|127.1229562993439544_37.5398463764838937
2026-09-04T13:22:12.125893+09:00,천호역,천호역,POI050,KEY_3,1240041200,구천면로,1240003704,광진교남단사거리,127.1242723015992340_37.5412434639985975,1240017602,광진교남단사거리,127.1239812132037912_37.5413533959520294,29.0,10.0,정체,127.1239812132037912_37.5413533959520294|127.1241422367008767_37.5413014621294323|127.1242723015992340_37.5412434639985975
2026-09-04T13:22:12.125893+09:00,천호역,천호역,POI050,KEY_3,1240041300,구천면로,1240017604,광진교남단사거리,127.1239000032397968_37.5414954748858349,1240003705,광진교남단사거리,127.1243113956138018_37.5413499499680157,40.0,25.0,원활,127.1243113956138018_37.5413499499680157|127.1242011279294388_37.5413991198798556|127.1240321888513591_37.5414536077047316|127.1239000032397968_37.5414954748858349
2026-09-04T13:22:12.125893+09:00,천호역,천호역,POI050,KEY_3,1240041900,구천면로,1249152700,최소노드배치점,127.1194660888336898_37.5428727643710758,1240017604,광진교남단사거리,127.1239000032397968_37.5414954748858349,421.0,25.0,원활,127.1239000032397968_37.5414954748858349|127.1214621369989999_37.5422587470682814|127.1194660888336898_37.5428727643710758
2026-09-04T13:22:12.125893+09:00,천호역,천호역,POI050,KEY_3,1240221700,구천면로23길,1240003409,킴스클럽(천호점),127.1261817587292029_37.5408113753436652,1240091502,2001아울렛(천호점),127.1265123428250519_37.5413813494056541,70.0,4.0,정체,127.1265123428250519_37.5413813494056541|127.1261817587292029_37.5408113753436652
2026-09-04T13:22:12.125893+09:00,천호역,천호역,POI050,KEY_3,1240221800,구천면로23길,1240091501,2001아울렛(천호점),127.1266356131728088_37.5413360168481560,1240003406,킴스클럽(천호점),127.1263103069998266_37.5407751443387099,69.0,9.0,정체,127.1263103069998266_37.5407751443387099|127.1266356131728088_37.5413360168481560
2026-09-04T13:22:12.125893+09:00,총신대입구(이수)역,총신대입구(이수)역,POI051,KEY_4,1190008600,사당로,1190090200,사당동 1092,126.9783089913764371_37.4840630813367639,1190003002,남성초등학교앞교차로,126.9775810609628337_37.4838343819257673,69.0,26.0,원활,126.9775810609628337_37.4838343819257673|126.9779561785673252_37.4839522361997055|126.9783089913764371_37.4840630813367639
2026-09-04T13:22:12.125893+09:00,총신대입구(이수)역,총신대입구(이수)역,POI051,KEY_4,1190008700,사당로,1190055500,사당동 708-624,126.9789433675313148_37.4843786033373689,1190003204,사당동 708-436,126.9792039752670121_37.4844604770999297,25.0,22.0,서행,126.9792039752670121_37.4844604770999297|126.9789433675313148_37.4843786033373689
2026-09-04T13:22:12.125893+09:00,총신대입구(이수)역,총신대입구(이수)역,POI051,KEY_4,1190008800,동작대로23길,1190047400,사당동 1091,126.9796370105229073_37.4842213526536838,1190003203,사당동 708-624,126.9792537377390147_37.4843598906780784,38.0,16.0,서행,126.9792537377390147_37.4843598906780784|126.9793683365627430_37.4842924228876058|126.9795496091593066_37.4842357088864730|126.9796370105229073_37.4842213526536838
2026-09-04T13:22:12.125893+09:00,총신대입구(이수)역,총신대입구(이수)역,POI051,KEY_4,1190008900,동작대로23길,1190055300,사당동 708-286,126.9810081884948971_37.4842981630243912,1210023904,사당동 708-517,126.9820022856057591_37.4844625134943641,90.0,7.5,정체,126.9820022856057591_37.4844625134943641|126.9814454702967907_37.4843910349356264|126.9810081884948971_37.4842981630243912
2026-09-04T13:22:12.125893+09:00,총신대입구(이수)역,총신대입구(이수)역,POI051,KEY_4,1190009000,사당로,1190053300,사당동 144-4,126.9810923720944231_37.4850378218572331,1190003202,사당동 708-624,126.9793960972202598_37.4844105065625612,165.0,10.0,정체,126.9793960972202598_37.4844105065625612|126.9805441138140196_37.4848352529794440|126.9809554691264140_37.4849874434861832|126.9810923720944231_37.4850378218572331
2026-09-04T13:22:12.125893+09:00,총신대입구(이수)역,총신대입구(이수)역,POI051,KEY_4,1190009100,사당로,1190075300,사당동 144-4,126.9814106321940415_37.4852740285928050,1210025304,이수역앞교차로,126.9820585773020554_37.4854625425216668,61.0,22.0,서행,126.9820585773020554_37.4854625425216668|126.9816021496104241_37.4853445029508165|126.9814106321940415_37.4852740285928050
2026-09-04T13:22:12.125893+09:00,총신대입구(이수)역,총신대입구(이수)역,POI051,KEY_4,1190013101,동작대로33길,1190062300,사당동 737-4,126.9819976691939445_37.4895700925421735,1210028704,삼원빌딩,126.9824873372129446_37.4895576800631645,44.0,17.5,서행,126.9824873372129446_37.4895576800631645|126.9822796434602026_37.4895377492337332|126.9819976691939445_37.4895700925421735
2026-09-04T13:22:12.125893+09:00,총신대입구(이수)역,총신대입구(이수)역,POI051,KEY_4,1190050200,동작대로27길,1190081200,사당동 139-34,126.9811336332786027_37.4876179672351100,1210027105,총신대입구역(서울4호선),126.9821792965293241_37.4876120560627513,92.0,18.0,서행,126.9821792965293241_37.4876120560627513|126.9817506975894617_37.4876180660610103|126.9817500609947558_37.4876180660587366|126.9811357001604080_37.4876180622694832|126.9811336332786027_37.4876179672351100
2026-09-04T13:22:12.125893+09:00,총신대입구(이수)역,총신대입구(이수)역,POI051,KEY_4,1190050300,동작대로27길,1190056000,사당동 139-34,126.9804922927347235_37.4874767312889645,1190026401,사당동130-22,126.9800298494712791_37.4874517319426488,41.0,14.0,정체,126.9800298494712791_37.4874517319426488|126.9804922927347235_37.4874767312889645
2026-09-04T13:22:12.125893+09:00,총신대입구(이수)역,총신대입구(이수)역,POI051,KEY_4,1210013203,동작대로,1190045100,사당동 339-24,126.9819051206889071_37.4827596414189870,1210023903,사당동 708-808,126.9819959904761362_37.4843521900688970,177.0,9.0,정체,126.9819959904761362_37.4843521900688970|126.9819730430722444_37.4839500291722914|126.9819051206889071_37.4827596414189870
2026-09-04T13:22:12.125893+09:00,총신대입구(이수)역,총신대입구(이수)역,POI051,KEY_4,1210013204,동작대로,1210023904,사당동 708-517,126.9820022856057591_37.4844625134943641,1210025303,이수역앞교차로,126.9820527768257676_37.4853473698567683,98.0,7.0,정체,126.9820527768257676_37.4853473698567683|126.9820022856057591_37.4844625134943641
2026-09-04T13:22:12.125893+09:00,총신대입구(이수)역,총신대입구(이수)역,POI051,KEY_4,1210013303,동작대로,1210468300,방배동 495-1,126.9820406568788513_37.4827547301711093,1210020001,삼산빌딩,126.9819657161490056_37.4814413381301179,146.0,9.5,정체,126.9819657161490056_37.4814413381301179|126.9819812696377994_37.4817139283870233|126.9820406568788513_37.4827547301711093
2026-09-04T13:22:12.125893+09:00,총신대입구(이수)역,총신대입구(이수)역,POI051,KEY_4,1210016202,서초대로,1210025301,이수역앞교차로,126.9821951600873575_37.4854855974890171,1210026304,방배동 3151-4,126.9833597973550923_37.4856198848411566,104.0,7.0,정체,126.9833597973550923_37.4856198848411566|126.9821951600873575_37.4854855974890171
2026-09-04T13:22:12.125893+09:00,총신대입구(이수)역,총신대입구(이수)역,POI051,KEY_4,1210016302,서초대로,1210026303,방배동 3151-4,126.9833403088553041_37.4855083913280964,1210025302,이수역앞교차로,126.9821902192167471_37.4853757809412045,103.0,29.0,원활,126.9821902192167471_37.4853757809412045|126.9833403088553041_37.4855083913280964
2026-09-04T13:22:12.125893+09:00,총신대입구(이수)역,총신대입구(이수)역,POI051,KEY_4,1210016303,서초대로,1210468000,방배동 864-41,126.9843637683908071_37.4856223333560337,1210026302,방배동 421-5,126.9834795968043721_37.4855242287525385,79.0,20.0,서행,126.9834795968043721_37.4855242287525385|126.9843637683908071_37.4856223333560337
2026-09-04T13:22:12.125893+09:00,총신대입구(이수)역,총신대입구(이수)역,POI051,KEY_4,1210017602,동작대로,1210025304,이수역앞교차로,126.9820585773020554_37.4854625425216668,1210027108,속성변화점,126.9820894460752214_37.4863064861430431,94.0,4.0,정체,126.9820894460752214_37.4863064861430431|126.9820585773020554_37.4854625425216668
2026-09-04T13:22:12.125893+09:00,총신대입구(이수)역,총신대입구(이수)역,POI051,KEY_4,1210017605,동작대로,1190072600,사당동 708-659,126.9822597372454140_37.4884783486161339,1210028703,삼원빌딩,126.9824624742385737_37.4894463919877055,109.0,19.5,서행,126.9824624742385737_37.4894463919877055|126.9823356718194702_37.4889406987954388|126.9823189008856730_37.4888738151074250|126.9822597372454140_37.4884783486161339
2026-09-04T13:22:12.125893+09:00,총신대입구(이수)역,총신대입구(이수)역,POI051,KEY_4,1210017606,동작대로,1190071600,사당동 708-500,126.9821148939163464_37.4866945255961852,1210027104,총신대입구역(서울4호선),126.9821717135688601_37.4875040246955962,90.0,10.0,정체,126.9821717135688601_37.4875040246955962|126.9821148939163464_37.4866945255961852
2026-09-04T13:22:12.125893+09:00,총신대입구(이수)역,총신대입구(이수)역,POI051,KEY_4,1210017702,동작대로,1210027107,총신대입구역(서울4호선),126.9822250708600251_37.4863033359931279,1210025301,이수역앞교차로,126.9821951600873575_37.4854855974890171,91.0,17.7,서행,126.9821951600873575_37.4854855974890171|126.9822250708600251_37.4863033359931279
2026-09-04T13:22:12.125893+09:00,총신대입구(이수)역,총신대입구(이수)역,POI051,KEY_4,1210017704,동작대로,1210471400,방배동 2279,126.9826680850078873_37.4901113437174232,1210028701,속성변화점,126.9826217390590273_37.4895428255529453,63.0,13.0,정체,126.9826217390590273_37.4895428255529453|126.9826448796264344_37.4896757639483056|126.9826680850078873_37.4901113437174232
2026-09-04T13:22:12.125893+09:00,총신대입구(이수)역,총신대입구(이수)역,POI051,KEY_4,1210017705,동작대로,1210027102,속성변화점,126.9823147704309747_37.4876060179877726,1210027106,총신대입구역(서울4호선),126.9822309209962725_37.4864114578571730,133.0,22.0,서행,126.9822309209962725_37.4864114578571730|126.9822503662360873_37.4866884875043240|126.9823071873458957_37.4874979865397790|126.9823147704309747_37.4876060179877726
2026-09-04T13:22:12.125893+09:00,총신대입구(이수)역,총신대입구(이수)역,POI051,KEY_4,1210017706,동작대로,1210470800,방배동 1809,126.9823525562850932_37.4881443286373823,1210027102,속성변화점,126.9823147704309747_37.4876060179877726,60.0,18.0,서행,126.9823147704309747_37.4876060179877726|126.9823525562850932_37.4881443286373823
2026-09-04T13:22:12.125893+09:00,총신대입구(이수)역,총신대입구(이수)역,POI051,KEY_4,1210044801,방배천로,1210020103,방배동493-5,126.9825978472802603_37.4826827756520018,1210020106,한국영농신문,126.9825278403283733_37.4814329643019377,139.0,21.0,서행,126.9825278403283733_37.4814329643019377|126.9825978472802603_37.4826827756520018
2026-09-04T13:22:12.125893+09:00,총신대입구(이수)역,총신대입구(이수)역,POI051,KEY_4,1210044802,방배천로,1210472400,방배동 493-4,126.9826676586466476_37.4839290493333763,1210020102,방배동493-5,126.9826038978293212_37.4827907919779051,126.0,17.5,서행,126.9826038978293212_37.4827907919779051|126.9826676586466476_37.4839290493333763
2026-09-04T13:22:12.125893+09:00,총신대입구(이수)역,총신대입구(이수)역,POI051,KEY_4,1210044901,방배천로,1210472300,방배동 493-4,126.9825321154947488_37.4839338709411081,1210026303,방배동 3151-4,126.9833403088553041_37.4855083913280964,192.0,19.0,서행,126.9833403088553041_37.4855083913280964|126.9832921070280065_37.4852054761472786|126.9832496822412793_37.4850419299093005|126.9831290782554873_37.4848552868759981|126.9829544187051766_37.4846603556171800|126.9828685313590739_37.4845644993626124|126.9826696632651419_37.4842961995852448|126.9825366906737827_37.4840155473817802|126.9825321154947488_37.4839338709411081
2026-09-04T13:22:12.125893+09:00,총신대입구(이수)역,총신대입구(이수)역,POI051,KEY_4,1210044902,방배천로,1210020109,한국영농신문,126.9823923009376330_37.4814377857296748,1210020104,방배동493-5,126.9824623056363038_37.4826875971584457,139.0,16.0,서행,126.9824623056363038_37.4826875971584457|126.9823923009376330_37.4814377857296748
2026-09-04T13:22:12.125893+09:00,총신대입구(이수)역,총신대입구(이수)역,POI051,KEY_4,1210048000,방배천로,1210027302,방배한진로즈힐아파트,126.9838346401866147_37.4863793944778010,1210026301,방배동 421-5,126.9835004450508791_37.4856357060859082,89.0,18.0,서행,126.9835004450508791_37.4856357060859082|126.9835418963080116_37.4858402058014804|126.9836294430309778_37.4860775561549673|126.9836954062014343_37.4862074845377364|126.9837263206772491_37.4862683769525447|126.9838346401866147_37.4863793944778010
2026-09-04T13:22:12.125893+09:00,총신대입구(이수)역,총신대입구(이수)역,POI051,KEY_4,1210048100,방배천로,1210026304,방배동 3151-4,126.9833597973550923_37.4856198848411566,1210027303,방배한진로즈힐아파트,126.9837275241604146_37.4864457595328773,99.0,15.0,서행,126.9837275241604146_37.4864457595328773|126.9836076191972012_37.4863228679357690|126.9835696266733720_37.4862480332841841|126.9835011543169117_37.4861131614725451|126.9834093116757714_37.4858641657913410|126.9833597973550923_37.4856198848411566
2026-09-04T13:22:12.125893+09:00,총신대입구(이수)역,총신대입구(이수)역,POI051,KEY_4,1210048400,동광로12길,1210027303,방배한진로즈힐아파트,126.9837275241604146_37.4864457595328773,1210027107,총신대입구역(서울4호선),126.9822250708600251_37.4863033359931279,134.0,16.5,서행,126.9822250708600251_37.4863033359931279|126.9826995428011713_37.4863034064230973|126.9830881094296728_37.4863760361900376|126.9834661851801485_37.4864278733475942|126.9837275241604146_37.4864457595328773
2026-09-04T13:22:12.125893+09:00,총신대입구(이수)역,총신대입구(이수)역,POI051,KEY_4,1210048500,동광로12길,1210027106,총신대입구역(서울4호선),126.9822309209962725_37.4864114578571730,1210027304,방배한진로즈힐아파트,126.9838499767115110_37.4865626593792598,145.0,12.0,정체,126.9838499767115110_37.4865626593792598|126.9834488449595256_37.4865352053215162|126.9830610879912456_37.4864820413386965|126.9826838306572370_37.4864115251054315|126.9822309209962725_37.4864114578571730
2026-09-04T13:22:12.125893+09:00,총신대입구(이수)역,총신대입구(이수)역,POI051,KEY_4,1210162600,방배천로18길,1210469000,방배동 492-2,126.9841467143931908_37.4826351298115270,1210020103,방배동493-5,126.9825978472802603_37.4826827756520018,137.0,19.0,서행,126.9825978472802603_37.4826827756520018|126.9833473919327531_37.4826605555061576|126.9841345361255947_37.4826355725340008|126.9841467143931908_37.4826351298115270
2026-09-04T13:22:12.125893+09:00,충정로역,충정로역,POI052,KEY_1,1010003105,중림로,1010010702,충정로역가구상가,126.9640754256734283_37.5590508294670045,1010010902,충정로역가구상가,126.9636848431599390_37.5590704219795128,35.0,7.0,정체,126.9636848431599390_37.5590704219795128|126.9640754256734283_37.5590508294670045
2026-09-04T13:22:12.125893+09:00,충정로역,충정로역,POI052,KEY_1,1010003106,중림로,1010058300,중림동 200,126.9650510841565278_37.5589523597584503,1010010702,충정로역가구상가,126.9640754256734283_37.5590508294670045,87.0,13.0,정체,126.9640754256734283_37.5590508294670045|126.9648587817104612_37.5589857330086545|126.9650510841565278_37.5589523597584503
2026-09-04T13:22:12.125893+09:00,충정로역,충정로역,POI052,KEY_1,1010003203,중림로,1010010901,충정로역가구상가,126.9636933844713411_37.5591783271103310,1010010701,충정로역가구상가,126.9640867414488667_37.5591585507347574,35.0,14.0,정체,126.9640867414488667_37.5591585507347574|126.9636933844713411_37.5591783271103310
2026-09-04T13:22:12.125893+09:00,충정로역,충정로역,POI052,KEY_1,1010004100,청파로,1010053100,중림동 351,126.9677081849395393_37.5609501641540362,1120002003,상수도사업본부교차로,126.9674908459828231_37.5614112452323354,55.0,11.0,정체,126.9674908459828231_37.5614112452323354|126.9677081849395393_37.5609501641540362
2026-09-04T13:22:12.125893+09:00,충정로역,충정로역,POI052,KEY_1,1010004202,청파로,1120002002,상수도사업본부교차로,126.9676167335992716_37.5614519307047843,1010011800,중림동,126.9684502351673530_37.5596836333754780,210.0,12.0,정체,126.9684502351673530_37.5596836333754780|126.9683561139200236_37.5598833187951939|126.9679693788652060_37.5607037947160336|126.9678353453515314_37.5609881483563299|126.9676167335992716_37.5614519307047843
2026-09-04T13:22:12.125893+09:00,충정로역,충정로역,POI052,KEY_1,1010006400,서소문로,1010134800,최소노드배치점,126.9688094991627594_37.5617925136145487,1010015901,서소문고가차도(서측),126.9660808471698346_37.5606758941064101,276.0,58.0,원활,126.9660808471698346_37.5606758941064101|126.9664117212871588_37.5609173619709722|126.9668194179275105_37.5611712880354318|126.9670907245415066_37.5613173299435417|126.9673694926154752_37.5614283839817418|126.9675339141719093_37.5614849578415004|126.9677551811045930_37.5615513111113870|126.9681716153295383_37.5616461476905030|126.9688094991627594_37.5617925136145487
2026-09-04T13:22:12.125893+09:00,충정로역,충정로역,POI052,KEY_1,1010025200,서소문로,1010011200,충정로역가구상가,126.9639333332024052_37.5593892258437165,1010010701,충정로역가구상가,126.9640867414488667_37.5591585507347574,32.0,3.0,정체,126.9640867414488667_37.5591585507347574|126.9640336759729422_37.5591555927884713|126.9640109018983054_37.5591889605807339|126.9639333332024052_37.5593892258437165
2026-09-04T13:22:12.125893+09:00,충정로역,충정로역,POI052,KEY_1,1010046800,중림로,1010010902,충정로역가구상가,126.9636848431599390_37.5590704219795128,1120022800,충정로사거리,126.9630067826871169_37.5591971961966209,62.0,18.0,서행,126.9630067826871169_37.5591971961966209|126.9632871751432361_37.5591616213529562|126.9633814740724631_37.5591398374989325|126.9635318328539313_37.5591038495610121|126.9636848431599390_37.5590704219795128
2026-09-04T13:22:12.125893+09:00,충정로역,충정로역,POI052,KEY_1,1120000702,신촌로,1130277500,북아현동 930-3,126.9609134061408611_37.5584844788521437,1120000509,충정로사거리,126.9619074057619912_37.5592113879016694,119.0,37.0,원활,126.9619074057619912_37.5592113879016694|126.9612918908444641_37.5587812687724991|126.9609134061408611_37.5584844788521437
2026-09-04T13:22:12.125893+09:00,충정로역,충정로역,POI052,KEY_1,1120000801,신촌로,1130031603,아현1동파출소,126.9603608185110346_37.5579007542804106,1130030701,아현교차로,126.9593903711545124_37.5572215324002201,114.0,36.0,원활,126.9593903711545124_37.5572215324002201|126.9599149131550178_37.5575634945568098|126.9603608185110346_37.5579007542804106
2026-09-04T13:22:12.125893+09:00,충정로역,충정로역,POI052,KEY_1,1120000802,신촌로,1120000508,충정로사거리,126.9620080990980853_37.5591378875581938,1130031602,아현1동파출소,126.9604584267966914_37.5579759373505979,188.0,26.0,원활,126.9604584267966914_37.5579759373505979|126.9610087130211866_37.5584074514955262|126.9613844188411349_37.5587020617830092|126.9620080990980853_37.5591378875581938
2026-09-04T13:22:12.125893+09:00,충정로역,충정로역,POI052,KEY_1,1120001001,충정로,1120005300,충정로사거리,126.9627180368454304_37.5598743433504580,1120000507,충정로사거리,126.9621372974823572_37.5592562991161856,86.0,22.0,서행,126.9621372974823572_37.5592562991161856|126.9623795374019153_37.5594882660047844|126.9626383443296902_37.5597704386196014|126.9627180368454304_37.5598743433504580
2026-09-04T13:22:12.125893+09:00,충정로역,충정로역,POI052,KEY_1,1120001002,충정로,1120136900,충정로3가 248-1,126.9633068718442246_37.5607776660404724,1120005300,충정로사거리,126.9627180368454304_37.5598743433504580,113.0,14.0,정체,126.9627180368454304_37.5598743433504580|126.9627893178244875_37.5599672811436491|126.9633068718442246_37.5607776660404724
2026-09-04T13:22:12.125893+09:00,충정로역,충정로역,POI052,KEY_1,1120004101,서소문로,1120134100,충정로3가 281-49,126.9645815660364860_37.5598977280732740,1010015902,서소문고가차도(서측),126.9659908088701030_37.5607568184368503,157.0,21.0,서행,126.9659908088701030_37.5607568184368503|126.9657622305857387_37.5606011985419741|126.9655478502515109_37.5604734670610227|126.9645815660364860_37.5598977280732740
2026-09-04T13:22:12.125893+09:00,충정로역,충정로역,POI052,KEY_1,1120004102,서소문로,1010015902,서소문고가차도(서측),126.9659908088701030_37.5607568184368503,1120002004,상수도사업본부교차로,126.9673830692199346_37.5616097357074139,158.0,32.0,원활,126.9673830692199346_37.5616097357074139|126.9672834243969390_37.5615754487724445|126.9669876407800047_37.5614576160841409|126.9666994465889758_37.5613024853318080|126.9662799084869818_37.5610411844229191|126.9661451257960465_37.5609428038709865|126.9659908088701030_37.5607568184368503
2026-09-04T13:22:12.125893+09:00,충정로역,충정로역,POI052,KEY_1,1120004201,서소문로,1010011200,충정로역가구상가,126.9639333332024052_37.5593892258437165,1120022800,충정로사거리,126.9630067826871169_37.5591971961966209,86.0,9.0,정체,126.9630067826871169_37.5591971961966209|126.9633282461327184_37.5592111925570293|126.9635104493961251_37.5592396304144245|126.9637143972144031_37.5592998340788782|126.9637216136169826_37.5593019642914001|126.9639333332024052_37.5593892258437165
2026-09-04T13:22:12.125893+09:00,충정로역,충정로역,POI052,KEY_1,1120004202,서소문로,1010125800,중림동 591,126.9656292329265881_37.5603869069285068,1010011200,충정로역가구상가,126.9639333332024052_37.5593892258437165,186.0,7.0,정체,126.9639333332024052_37.5593892258437165|126.9639453029332969_37.5593941588540901|126.9640772384998826_37.5594621774906869|126.9646629493658025_37.5598111684287872|126.9656292329265881_37.5603869069285068
2026-09-04T13:22:12.125893+09:00,충정로역,충정로역,POI052,KEY_1,1120004203,서소문로,1120002003,상수도사업본부교차로,126.9674908459828231_37.5614112452323354,1010015901,서소문고가차도(서측),126.9660808471698346_37.5606758941064101,150.0,7.0,정체,126.9660808471698346_37.5606758941064101|126.9663287044560747_37.5607834224243646|126.9664556576583010_37.5608760880869994|126.9668594086569158_37.5611275567769596|126.9671250868416337_37.5612705669752174|126.9673981830782594_37.5613793623703742|126.9674908459828231_37.5614112452323354
2026-09-04T13:22:12.125893+09:00,충정로역,충정로역,POI052,KEY_1,1120015100,충정로,1120005300,충정로사거리,126.9627180368454304_37.5598743433504580,1120005200,충정로사거리,126.9629993658748504_37.5593051549388335,76.0,25.7,원활,126.9629993658748504_37.5593051549388335|126.9628715999865420_37.5593511098260109|126.9627847160042080_37.5594369024355288|126.9627187973606368_37.5595155503887455|126.9626858196171781_37.5595894406433857|126.9626678035905059_37.5596871741968599|126.9627180368454304_37.5598743433504580
2026-09-04T13:22:12.125893+09:00,충정로역,충정로역,POI052,KEY_1,1120016501,경기대로,1120000503,충정로3가26-2,126.9618966230996193_37.5616899669241846,1120000506,충정로사거리,126.9620254998589814_37.5593183699107698,264.0,20.0,서행,126.9620254998589814_37.5593183699107698|126.9619872778432921_37.5595326415076372|126.9619650109536195_37.5597618722879147|126.9619549399386642_37.5601151769762964|126.9619547745921722_37.5601209775248037|126.9619526638429079_37.5604057890847756|126.9619483365010097_37.5609896868436337|126.9619180281690944_37.5614001105234578|126.9618966230996193_37.5616899669241846
2026-09-04T13:22:12.125893+09:00,충정로역,충정로역,POI052,KEY_1,1120062500,서소문로,1120022800,충정로사거리,126.9630067826871169_37.5591971961966209,1120000508,충정로사거리,126.9620080990980853_37.5591378875581938,89.0,6.0,정체,126.9620080990980853_37.5591378875581938|126.9624976738023321_37.5591750287326249|126.9630067826871169_37.5591971961966209
2026-09-04T13:22:12.125893+09:00,충정로역,충정로역,POI052,KEY_1,1120062600,서소문로,1120000507,충정로사거리,126.9621372974823572_37.5592562991161856,1120005200,충정로사거리,126.9629993658748504_37.5593051549388335,76.0,21.0,서행,126.9629993658748504_37.5593051549388335|126.9624875185141093_37.5592828676414570|126.9621372974823572_37.5592562991161856
2026-09-04T13:22:12.125893+09:00,충정로역,충정로역,POI052,KEY_1,1130055200,손기정로,1130276800,아현동 729,126.9610147030383871_37.5573677054923536,1130031603,아현1동파출소,126.9603608185110346_37.5579007542804106,83.0,15.0,서행,126.9603608185110346_37.5579007542804106|126.9604666936073443_37.5578151020777966|126.9610147030383871_37.5573677054923536
2026-09-04T13:22:12.125893+09:00,합정역,합정역,POI053,KEY_2,1130015202,동교로,1130086800,망원동 394-30,126.9071685873662005_37.5527404272813783,1130025402,망원동 394-30,126.9066384824819806_37.5525694180905347,51.0,15.0,서행,126.9066384824819806_37.5525694180905347|126.9071685873662005_37.5527404272813783
2026-09-04T13:22:12.125893+09:00,합정역,합정역,POI053,KEY_2,1130051300,포은로,1130063900,합정동 441-34,126.9066598233272600_37.5522450186794572,1130025403,망원동 394-30,126.9065126723004227_37.5525287058559130,34.0,19.0,서행,126.9065126723004227_37.5525287058559130|126.9066598233272600_37.5522450186794572
2026-09-04T13:22:12.125893+09:00,합정역,합정역,POI053,KEY_2,1130012502,독막로,1130020103,당인리사거리,126.9200080925505745_37.5478048127950714,1130020302,합정동 402,126.9184253750183302_37.5478817926919461,140.0,18.0,서행,126.9184253750183302_37.5478817926919461|126.9200080925505745_37.5478048127950714
2026-09-04T13:22:12.125893+09:00,합정역,합정역,POI053,KEY_2,1130001502,양화로,1130019500,양화대교(북측),126.9088702991146818_37.5473486190442571,1130020700,양화대교(북측),126.9110864738484850_37.5486558094690892,247.0,56.0,원활,126.9110864738484850_37.5486558094690892|126.9104702975695886_37.5484316205709661|126.9102030567186858_37.5483158501774241|126.9098751447166222_37.5481333274638018|126.9095562311644869_37.5479092035175839|126.9088702991146818_37.5473486190442571
2026-09-04T13:22:12.125893+09:00,합정역,합정역,POI053,KEY_2,1130001503,양화로,1130020700,양화대교(북측),126.9110864738484850_37.5486558094690892,1130021204,합정동 402,126.9117526504634554_37.5488099012589700,61.0,41.0,원활,126.9117526504634554_37.5488099012589700|126.9114095304818335_37.5487362312337467|126.9110864738484850_37.5486558094690892
2026-09-04T13:22:12.125893+09:00,합정역,합정역,POI053,KEY_2,1130001504,양화로,1130021201,합정동 402,126.9118842718870042_37.5488389364112436,1130052000,합정역8번출구,126.9125610162048474_37.5489924297706352,62.0,31.0,원활,126.9125610162048474_37.5489924297706352|126.9125108300752061_37.5489801444249309|126.9123320541385880_37.5489398539158543|126.9118842718870042_37.5488389364112436
2026-09-04T13:22:12.125893+09:00,합정역,합정역,POI053,KEY_2,1130001505,양화로,1130052000,합정역8번출구,126.9125610162048474_37.5489924297706352,1130021604,합정역교차로,126.9133271355590011_37.5492481379057494,74.0,35.0,원활,126.9133271355590011_37.5492481379057494|126.9131511937065824_37.5491581588815038|126.9128784491420845_37.5490701385518264|126.9125610162048474_37.5489924297706352
2026-09-04T13:22:12.125893+09:00,합정역,합정역,POI053,KEY_2,1130001602,양화로,1130020600,양화대교(북측),126.9111269978420609_37.5485526161926089,1130019000,양화대교(북측),126.9089758149120399_37.5472798488198407,240.0,32.0,원활,126.9089758149120399_37.5472798488198407|126.9096499332892023_37.5478308424299101|126.9099592463067125_37.5480482193369483|126.9102746337613610_37.5482237702880965|126.9105310887964890_37.5483348678804703|126.9111269978420609_37.5485526161926089
2026-09-04T13:22:12.125893+09:00,합정역,합정역,POI053,KEY_2,1130001603,양화로,1130021203,합정동 402,126.9117684440008702_37.5487013098127989,1130020600,양화대교(북측),126.9111269978420609_37.5485526161926089,59.0,5.0,정체,126.9111269978420609_37.5485526161926089|126.9114474860303403_37.5486323980145400|126.9117684440008702_37.5487013098127989
2026-09-04T13:22:12.125893+09:00,합정역,합정역,POI053,KEY_2,1130001605,양화로,1130021800,합정역8번출구,126.9126009251802998_37.5488890850710817,1130021202,합정동 402,126.9119017412713788_37.5487305057125056,64.0,5.0,정체,126.9119017412713788_37.5487305057125056|126.9123690393006569_37.5488358216645253|126.9125492819859886_37.5488764427686803|126.9126009251802998_37.5488890850710817
2026-09-04T13:22:12.125893+09:00,합정역,합정역,POI053,KEY_2,1130001606,양화로,1130021603,합정역교차로,126.9133979744090510_37.5491558635704337,1130021800,합정역8번출구,126.9126009251802998_37.5488890850710817,77.0,4.0,정체,126.9126009251802998_37.5488890850710817|126.9129239950553085_37.5489681728266333|126.9132139348755288_37.5490617432278029|126.9133979744090510_37.5491558635704337
2026-09-04T13:22:12.125893+09:00,합정역,합정역,POI053,KEY_2,1130002101,양화로,1130021601,합정역교차로,126.9134396891751067_37.5493101529960995,1130022800,합정역(서울2호선),126.9139380043217500_37.5496171809286139,56.0,38.0,원활,126.9139380043217500_37.5496171809286139|126.9138232146117105_37.5495337692831868|126.9134396891751067_37.5493101529960995
2026-09-04T13:22:12.125893+09:00,합정역,합정역,POI053,KEY_2,1130002102,양화로,1130022800,합정역(서울2호선),126.9139380043217500_37.5496171809286139,1130024304,누아갤러리,126.9154925570157388_37.5507467776258252,186.0,22.3,서행,126.9154925570157388_37.5507467776258252|126.9142500058633658_37.5498438974214181|126.9139380043217500_37.5496171809286139
2026-09-04T13:22:12.125893+09:00,합정역,합정역,POI053,KEY_2,1130002201,양화로,1130022400,합정역5번출구,126.9140295476794051_37.5495373218593258,1130021602,합정역교차로,126.9135099145764940_37.5492170875193594,58.0,13.0,정체,126.9135099145764940_37.5492170875193594|126.9139093521257280_37.5494499807109747|126.9140295476794051_37.5495373218593258
2026-09-04T13:22:12.125893+09:00,합정역,합정역,POI053,KEY_2,1130002202,양화로,1130073600,합정동 402,126.9143415490859326_37.5497640377180701,1130022400,합정역5번출구,126.9140295476794051_37.5495373218593258,37.0,13.0,정체,126.9140295476794051_37.5495373218593258|126.9143415490859326_37.5497640377180701
2026-09-04T13:22:12.125893+09:00,합정역,합정역,POI053,KEY_2,1130012504,독막로,1130052100,합정역7번출구,126.9140173730645671_37.5487741682980598,1130021603,합정역교차로,126.9133979744090510_37.5491558635704337,71.0,24.0,서행,126.9133979744090510_37.5491558635704337|126.9135406193636584_37.5489949395947065|126.9136811129909290_37.5488909851792201|126.9137974866256258_37.5488341856604748|126.9139631942102255_37.5487857147723645|126.9140173730645671_37.5487741682980598
2026-09-04T13:22:12.125893+09:00,합정역,합정역,POI053,KEY_2,1130012505,독막로,1130136100,합정동 402,126.9148352538110629_37.5486026780129691,1130052100,합정역7번출구,126.9140173730645671_37.5487741682980598,75.0,21.0,서행,126.9140173730645671_37.5487741682980598|126.9143677077482124_37.5486995039643006|126.9148352538110629_37.5486026780129691
2026-09-04T13:22:12.125893+09:00,합정역,합정역,POI053,KEY_2,1130012601,독막로,1130021602,합정역교차로,126.9135099145764940_37.5492170875193594,1130021400,합정역6번출구,126.9140524865152884_37.5488786114665416,63.0,3.0,정체,126.9140524865152884_37.5488786114665416|126.9140042501253305_37.5488888909759595|126.9138569670299148_37.5489319720761685|126.9137636338956270_37.5489775269032293|126.9136434160954963_37.5490664775041694|126.9135099145764940_37.5492170875193594
2026-09-04T13:22:12.125893+09:00,합정역,합정역,POI053,KEY_2,1130012602,독막로,1130186000,합정동 402,126.9177339751904867_37.5481133092591222,1130020304,합정동 402,126.9183338437030670_37.5480000256765933,55.0,4.0,정체,126.9183338437030670_37.5480000256765933|126.9181046943702569_37.5480347619131436|126.9177339751904867_37.5481133092591222
2026-09-04T13:22:12.125893+09:00,합정역,합정역,POI053,KEY_2,1130012603,독막로,1130020301,합정동 402,126.9184724577285692_37.5479878247379446,1130020104,당인리사거리,126.9200163735166598_37.5479127310459049,137.0,24.0,서행,126.9200163735166598_37.5479127310459049|126.9184724577285692_37.5479878247379446
2026-09-04T13:22:12.125893+09:00,합정역,합정역,POI053,KEY_2,1130014101,월드컵로,1130021604,합정역교차로,126.9133271355590011_37.5492481379057494,1130022900,합정역9번출구,126.9130418149968449_37.5497885897765329,65.0,10.0,정체,126.9130418149968449_37.5497885897765329|126.9130982247336163_37.5496351327381603|126.9132269055929783_37.5494015408536583|126.9133271355590011_37.5492481379057494
2026-09-04T13:22:12.125893+09:00,합정역,합정역,POI053,KEY_2,1130014102,월드컵로,1130135600,합정동 402,126.9128188401226964_37.5505027227293695,1130025203,합정동주민센터,126.9124127492584506_37.5518459734548173,153.0,12.0,정체,126.9124127492584506_37.5518459734548173|126.9128188401226964_37.5505027227293695
2026-09-04T13:22:12.125893+09:00,합정역,합정역,POI053,KEY_2,1130014103,월드컵로,1130076100,합정동 426-38,126.9121437730441926_37.5527273387387908,1130026004,성산초교앞교차로,126.9116840665830637_37.5541751613641424,166.0,20.0,서행,126.9116840665830637_37.5541751613641424|126.9117399457097122_37.5540497782302225|126.9121437730441926_37.5527273387387908
2026-09-04T13:22:12.125893+09:00,합정역,합정역,POI053,KEY_2,1130014201,월드컵로,1130023000,합정역9번출구,126.9131721455813278_37.5498189592265703,1130021601,합정역교차로,126.9134396891751067_37.5493101529960995,61.0,16.0,서행,126.9134396891751067_37.5493101529960995|126.9133494569869924_37.5494482548088371|126.9132260984452927_37.5496721848271662|126.9131721455813278_37.5498189592265703
2026-09-04T13:22:12.125893+09:00,합정역,합정역,POI053,KEY_2,1130014202,월드컵로,1130025202,합정동주민센터,126.9125490838489583_37.5518570392708213,1130023000,합정역9번출구,126.9131721455813278_37.5498189592265703,233.0,19.3,서행,126.9131721455813278_37.5498189592265703|126.9131331753272036_37.5499249762533154|126.9129508683919170_37.5505280238880061|126.9125490838489583_37.5518570392708213
2026-09-04T13:22:12.125893+09:00,합정역,합정역,POI053,KEY_2,1130014203,월드컵로,1130076000,서교동 419-2,126.9122757323099222_37.5527528799291730,1130025201,합정동주민센터,126.9125164449968679_37.5519645743570578,90.0,21.0,서행,126.9125164449968679_37.5519645743570578|126.9124004277404225_37.5523445193010375|126.9122757323099222_37.5527528799291730
2026-09-04T13:22:12.125893+09:00,합정역,합정역,POI053,KEY_2,1130014301,동교로,1130024907,망원동211-43,126.9034465315685054_37.5516644094111740,1130005109,망원정사거리,126.9047886652220853_37.5520868600659128,128.0,26.0,원활,126.9047886652220853_37.5520868600659128|126.9041212381203536_37.5518767713203019|126.9034525233849280_37.5516662722900705|126.9034465315685054_37.5516644094111740
2026-09-04T13:22:12.125893+09:00,합정역,합정역,POI053,KEY_2,1130015101,동교로,1130063700,망원동 394-30,126.9061706467434902_37.5525344400519927,1130025404,망원동 394-30,126.9064616665168330_37.5526289096231380,28.0,20.0,서행,126.9064616665168330_37.5526289096231380|126.9061706467434902_37.5525344400519927
2026-09-04T13:22:12.125893+09:00,합정역,합정역,POI053,KEY_2,1130015102,동교로,1130134300,망원동 378-19,126.9109885347377400_37.5540892854917487,1130026005,성산초교앞교차로,126.9116312431169007_37.5542756338722938,61.0,17.0,서행,126.9116312431169007_37.5542756338722938|126.9114168624829375_37.5542274409565024|126.9109885347377400_37.5540892854917487
2026-09-04T13:22:12.125893+09:00,합정역,합정역,POI053,KEY_2,1130015201,동교로,1130190800,망원동 394-30,126.9058348256742477_37.5523086644254889,1130005107,망원정사거리,126.9051109710454455_37.5520736822240480,69.0,15.5,서행,126.9051109710454455_37.5520736822240480|126.9054727866373042_37.5521911377965623|126.9058348256742477_37.5523086644254889
2026-09-04T13:22:12.125893+09:00,합정역,합정역,POI053,KEY_2,1130016302,희우정로,1130005109,망원정사거리,126.9047886652220853_37.5520868600659128,1130005104,망원동397-5,126.9026414056871062_37.5535367246284864,249.0,11.0,정체,126.9026414056871062_37.5535367246284864|126.9031199330166686_37.5532132140255897|126.9034056646777913_37.5530200415522373|126.9042858127946261_37.5524249957153984|126.9046395349854492_37.5521858485710567|126.9047886652220853_37.5520868600659128
2026-09-04T13:22:12.125893+09:00,합정역,합정역,POI053,KEY_2,1130016401,희우정로,1130091800,망원동 397-5,126.9043737164451358_37.5525074096072515,1130005106,망원정사거리,126.9049321405859132_37.5521323908787252,65.0,18.0,서행,126.9049321405859132_37.5521323908787252|126.9047269699466938_37.5522685793953812|126.9043737164451358_37.5525074096072515
2026-09-04T13:22:12.125893+09:00,합정역,합정역,POI053,KEY_2,1130016601,동교로,1130112700,서교동 480-4,126.9128544885335685_37.5543811077444118,1130026003,성산초교앞교차로,126.9118165724208609_37.5542011783164611,94.0,24.0,서행,126.9118165724208609_37.5542011783164611|126.9128544885335685_37.5543811077444118
2026-09-04T13:22:12.125893+09:00,합정역,합정역,POI053,KEY_2,1130017600,월드컵로,1130269900,서교동 475-24,126.9110403993826708_37.5551324974902272,1130026001,성산초교앞교차로,126.9117481199565418_37.5543318244504860,109.0,16.7,서행,126.9117481199565418_37.5543318244504860|126.9117217336388137_37.5543764564183462|126.9115952004829921_37.5545358301992565|126.9110403993826708_37.5551324974902272
2026-09-04T13:22:12.125893+09:00,합정역,합정역,POI053,KEY_2,1130040300,토정로,1130093900,당인동 32-5,126.9190249087932756_37.5452938711510740,1130016703,정촌빌딩,126.9173355133907251_37.5453976341282143,150.0,22.0,서행,126.9173355133907251_37.5453976341282143|126.9179879318845536_37.5453575653633322|126.9186745789707089_37.5453153904837649|126.9190249087932756_37.5452938711510740
2026-09-04T13:22:12.125893+09:00,합정역,합정역,POI053,KEY_2,1130041101,토정로,1130183900,합정동 198-37,126.9125265728405765_37.5456473243354907,1130051902,양화진지하차도,126.9116494291067738_37.5456921203351399,78.0,23.3,서행,126.9116494291067738_37.5456921203351399|126.9125265728405765_37.5456473243354907
2026-09-04T13:22:12.125893+09:00,합정역,합정역,POI053,KEY_2,1130041102,양화진길,1130051902,양화진지하차도,126.9116494291067738_37.5456921203351399,1130020002,합정동 378-23,126.9123577034040693_37.5476409177885841,225.0,17.0,서행,126.9123577034040693_37.5476409177885841|126.9120955278425953_37.5469227221206481|126.9118933519104644_37.5463280646940518|126.9118639920289553_37.5462417080414497|126.9116494291067738_37.5456921203351399
2026-09-04T13:22:12.125893+09:00,합정역,합정역,POI053,KEY_2,1130041200,토정로,1130062500,합정동 404,126.9169479797956228_37.5455371484787008,1130016705,정촌빌딩,126.9171919837363589_37.5455165733101737,22.0,23.0,서행,126.9171919837363589_37.5455165733101737|126.9169479797956228_37.5455371484787008
2026-09-04T13:22:12.125893+09:00,합정역,합정역,POI053,KEY_2,1130041500,강변북로,1130018200,양화대교(북측),126.9102416078398505_37.5466718111709170,1130016600,잠두봉지하차도,126.9106610590066850_37.5454299420450894,148.0,41.7,서행,126.9106610590066850_37.5454299420450894|126.9103725279893240_37.5457364234116469|126.9103004095069025_37.5458612660095810|126.9102507538453466_37.5459862211416819|126.9102386300255318_37.5460994395440792|126.9102448257733329_37.5462634269317874|126.9102473956978230_37.5464124910196304|126.9102416078398505_37.5466718111709170
2026-09-04T13:22:12.125893+09:00,합정역,합정역,POI053,KEY_2,1130042300,강변북로,1130018200,양화대교(북측),126.9102416078398505_37.5466718111709170,1130017400,양화대교(북측),126.9083263926780347_37.5461870828408806,213.0,40.0,서행,126.9083263926780347_37.5461870828408806|126.9086815580021295_37.5460469364801028|126.9089104715153553_37.5459795194566013|126.9091091277169596_37.5459507036203561|126.9092925034494357_37.5459605637004188|126.9095168029035676_37.5460034206055084|126.9097221477106672_37.5460759910495838|126.9098898204880044_37.5461781842636242|126.9100273785922894_37.5463010934854751|126.9101199879446682_37.5464267596339738|126.9102416078398505_37.5466718111709170
2026-09-04T13:22:12.125893+09:00,합정역,합정역,POI053,KEY_2,1130043000,독막로8길,1130073900,합정동 402-1,126.9177526088323447_37.5463811553820648,1130016702,정촌빌딩,126.9173485910594650_37.5454940535949220,105.0,9.0,정체,126.9173485910594650_37.5454940535949220|126.9175285690358805_37.5458892339993113|126.9177526088323447_37.5463811553820648
2026-09-04T13:22:12.125893+09:00,합정역,합정역,POI053,KEY_2,1130043100,독막로8길,1130082900,합정동 402-1,126.9180671577792907_37.5473994313994197,1130020303,합정동 402,126.9182880539808735_37.5478969049352216,59.0,24.0,서행,126.9182880539808735_37.5478969049352216|126.9180671577792907_37.5473994313994197
2026-09-04T13:22:12.125893+09:00,합정역,합정역,POI053,KEY_2,1130043600,강변북로,1130017700,양화대교(북측),126.9091923154714152_37.5466689501214006,1130019000,양화대교(북측),126.9089758149120399_37.5472798488198407,269.0,35.0,서행,126.9089758149120399_37.5472798488198407|126.9092704009022299_37.5474014805923133|126.9095213494077257_37.5474838189884323|126.9096589738032463_37.5475035859526187|126.9098028895845260_37.5474852273027864|126.9099350121042136_37.5474429604955517|126.9100270967485216_37.5473820114679029|126.9100875149351708_37.5473167305853863|126.9101369139921047_37.5472245662991782|126.9101638016301052_37.5471382503673894|126.9101794580799663_37.5470518790335888|126.9101727697353823_37.5469504908747425|126.9101436876654674_37.5468400477573425|126.9100994191457374_37.5467563581366903|126.9100214803409585_37.5466695190838564|126.9099322148413620_37.5465945474034370|126.9098239967981527_37.5465492905363973|126.9097267976512313_37.5465309187861465|126.9096182270967574_37.5465303762252063|126.9095283045494966_37.5465388695537357|126.9093707102214665_37.5465827967285577|126.9091923154714152_37.5466689501214006
2026-09-04T13:22:12.125893+09:00,합정역,합정역,POI053,KEY_2,1130044800,강변북로,1130020600,양화대교(북측),126.9111269978420609_37.5485526161926089,1130018200,양화대교(북측),126.9102416078398505_37.5466718111709170,232.0,20.0,정체,126.9102416078398505_37.5466718111709170|126.9103448964562659_37.5473430570484155|126.9103986365779804_37.5476503707893841|126.9104238574202981_37.5477756999008818|126.9105048846684127_37.5479460230307964|126.9105824276039556_37.5480835372061037|126.9106640651950073_37.5481763558913002|126.9108350419256226_37.5483352032103284|126.9109652588307142_37.5484401893999191|126.9111269978420609_37.5485526161926089
2026-09-04T13:22:12.125893+09:00,합정역,합정역,POI053,KEY_2,1130045900,양화로,1130156400,합정동 380-8,126.9118151967610686_37.5482356448082584,1130021203,합정동 402,126.9117684440008702_37.5487013098127989,52.0,16.0,서행,126.9117684440008702_37.5487013098127989|126.9118151967610686_37.5482356448082584
2026-09-04T13:22:12.125893+09:00,합정역,합정역,POI053,KEY_2,1130046200,양화진길,1130148400,합정동 406,126.9120365373734387_37.5462972046876189,1130051901,양화진지하차도,126.9118049451303278_37.5457925206284528,60.0,15.0,서행,126.9118049451303278_37.5457925206284528|126.9118907104063112_37.5459270532487039|126.9119814830364277_37.5461349975885597|126.9120365373734387_37.5462972046876189
2026-09-04T13:22:12.125893+09:00,합정역,합정역,POI053,KEY_2,1130046300,양화진길,1130020001,합정동 406,126.9124089735466470_37.5477549671771911,1130021800,합정역8번출구,126.9126009251802998_37.5488890850710817,178.0,7.0,정체,126.9126009251802998_37.5488890850710817|126.9129052599318044_37.5488590463041163|126.9130897233898594_37.5488362968600953|126.9126784164114241_37.5482505084113853|126.9124089735466470_37.5477549671771911
2026-09-04T13:22:12.125893+09:00,합정역,합정역,POI053,KEY_2,1130047000,강변북로,1130020801,양화대교(북측),126.9101361694712296_37.5485270306192120,1130020700,양화대교(북측),126.9110864738484850_37.5486558094690892,85.0,35.5,서행,126.9110864738484850_37.5486558094690892|126.9102173533760265_37.5485274362036847|126.9101361694712296_37.5485270306192120
2026-09-04T13:22:12.125893+09:00,합정역,합정역,POI053,KEY_2,1130047200,강변북로,1130020901,한국전기전자시험연구원서울지원,126.9092400003074346_37.5485532513566937,1130020802,양화대교(북측),126.9099980412515833_37.5485263406705485,67.0,34.0,서행,126.9099980412515833_37.5485263406705485|126.9098848919468878_37.5485257755875352|126.9096197927881491_37.5485280272938056|126.9092400003074346_37.5485532513566937
2026-09-04T13:22:12.125893+09:00,합정역,합정역,POI053,KEY_2,1130047500,강변북로,1130021100,양화대교(북측),126.9082218508906692_37.5486104598507637,1130020902,한국전기전자시험연구원서울지원,126.9090527936751158_37.5485656841098177,74.0,40.0,서행,126.9090527936751158_37.5485656841098177|126.9085679039440464_37.5485978845830530|126.9082218508906692_37.5486104598507637
2026-09-04T13:22:12.125893+09:00,합정역,합정역,POI053,KEY_2,1130048500,양화로,1130022400,합정역5번출구,126.9140295476794051_37.5495373218593258,1130021400,합정역6번출구,126.9140524865152884_37.5488786114665416,86.0,13.0,정체,126.9140524865152884_37.5488786114665416|126.9139230246069445_37.5489343484288156|126.9138762522378556_37.5489900978359401|126.9138420413620167_37.5490572990694389|126.9138329563527492_37.5491459732028474|126.9138508086349617_37.5492446788838663|126.9140295476794051_37.5495373218593258
2026-09-04T13:22:12.125893+09:00,합정역,합정역,POI053,KEY_2,1130049000,양화로,1130052000,합정역8번출구,126.9125610162048474_37.5489924297706352,1130022900,합정역9번출구,126.9130418149968449_37.5497885897765329,105.0,14.0,정체,126.9130418149968449_37.5497885897765329|126.9130618100318912_37.5495401812596441|126.9130421428666295_37.5494586372446904|126.9130134806158026_37.5493885292777207|126.9129740362242984_37.5493212749275216|126.9129004782609655_37.5492368304858175|126.9125610162048474_37.5489924297706352
2026-09-04T13:22:12.125893+09:00,합정역,합정역,POI053,KEY_2,1130049100,포은로,1130159900,합정동 407,126.9090599403653243_37.5494558051850191,1130024204,양화진공원,126.9081052504389504_37.5502802985279587,124.0,16.0,서행,126.9081052504389504_37.5502802985279587|126.9090599403653243_37.5494558051850191
2026-09-04T13:22:12.125893+09:00,합정역,합정역,POI053,KEY_2,1130049200,포은로,1130087400,합정동 407,126.9099495376151907_37.5488516698183616,1130020801,양화대교(북측),126.9101361694712296_37.5485270306192120,41.0,16.0,서행,126.9101361694712296_37.5485270306192120|126.9101056044401190_37.5486532711152776|126.9100648038296697_37.5487471853466914|126.9100156633384415_37.5488022052165391|126.9099495376151907_37.5488516698183616
2026-09-04T13:22:12.125893+09:00,합정역,합정역,POI053,KEY_2,1130049300,양화로,1130023000,합정역9번출구,126.9131721455813278_37.5498189592265703,1130022800,합정역(서울2호선),126.9139380043217500_37.5496171809286139,76.0,20.0,서행,126.9139380043217500_37.5496171809286139|126.9136402094506622_37.5496006797627686|126.9135395936122848_37.5496106180248574|126.9134569354612267_37.5496277214884771|126.9133796540536849_37.5496562715165325|126.9131721455813278_37.5498189592265703
2026-09-04T13:22:12.125893+09:00,합정역,합정역,POI053,KEY_2,1130050900,희우정로,1130138600,합정동 442-13,126.9053671269604564_37.5517187628927047,1130005108,망원정사거리,126.9049245136665292_37.5520133571673611,52.0,23.3,서행,126.9049245136665292_37.5520133571673611|126.9049996895268606_37.5519980826211324|126.9050541918936830_37.5519753005798123|126.9053671269604564_37.5517187628927047
2026-09-04T13:22:12.125893+09:00,합정역,합정역,POI053,KEY_2,1130051000,희우정로,1130147700,합정동 407,126.9086182180221840_37.5491269928968379,1130020901,한국전기전자시험연구원서울지원,126.9092400003074346_37.5485532513566937,84.0,17.0,서행,126.9092400003074346_37.5485532513566937|126.9090294120417752_37.5487607496119153|126.9088628974909767_37.5489201303545315|126.9086182180221840_37.5491269928968379
2026-09-04T13:22:12.125893+09:00,합정역,합정역,POI053,KEY_2,1130051400,포은로,1130131100,합정동 436-31,126.9072140139262928_37.5511825775689090,1130024202,양화진공원,126.9081119283490011_37.5504322494886082,115.0,17.0,서행,126.9081119283490011_37.5504322494886082|126.9072341444415741_37.5511567441295568|126.9072140139262928_37.5511825775689090
2026-09-04T13:22:12.125893+09:00,합정역,합정역,POI053,KEY_2,1130051501,월드컵로5길,1130091000,합정동 407,126.9091548338343785_37.5510585332406777,1130024203,양화진공원,126.9082050934984238_37.5503535841661247,115.0,19.0,서행,126.9082050934984238_37.5503535841661247|126.9091548338343785_37.5510585332406777
2026-09-04T13:22:12.125893+09:00,합정역,합정역,POI053,KEY_2,1130051502,월드컵로5길,1130025203,합정동주민센터,126.9124127492584506_37.5518459734548173,1130024207,합정동주민센터,126.9110609932505014_37.5516236888938550,122.0,9.0,정체,126.9110609932505014_37.5516236888938550|126.9120426543793059_37.5517851162292402|126.9124127492584506_37.5518459734548173
2026-09-04T13:22:12.125893+09:00,합정역,합정역,POI053,KEY_2,1130051601,월드컵로5길,1130159000,합정동 426-6,126.9120151858922725_37.5518910005306523,1130025204,합정동주민센터,126.9123807963445927_37.5519511205839720,33.0,19.0,서행,126.9123807963445927_37.5519511205839720|126.9120151858922725_37.5518910005306523
2026-09-04T13:22:12.125893+09:00,합정역,합정역,POI053,KEY_2,1130051602,월드컵로5길,1130153500,합정동 430-13,126.9098042748595532_37.5515274185667920,1130024209,합정동주민센터,126.9109004564532199_37.5517076897151370,99.0,15.0,서행,126.9109004564532199_37.5517076897151370|126.9100423399230380_37.5515665701927546|126.9098042748595532_37.5515274185667920
2026-09-04T13:22:12.125893+09:00,합정역,합정역,POI053,KEY_2,1130051900,양화로7길,1130145700,서교동 492,126.9135974368144701_37.5520222797338405,1130025202,합정동주민센터,126.9125490838489583_37.5518570392708213,95.0,14.0,정체,126.9125490838489583_37.5518570392708213|126.9126682083433053_37.5518592833619991|126.9129354976850976_37.5518998472612608|126.9129556993787276_37.5519035838338127|126.9135974368144701_37.5520222797338405
2026-09-04T13:22:12.125893+09:00,합정역,합정역,POI053,KEY_2,1130052000,양화로7길,1130138000,서교동 419,126.9152338094359038_37.5512625596168448,1130024301,누아갤러리,126.9155934469087441_37.5508218968336536,58.0,7.0,정체,126.9155934469087441_37.5508218968336536|126.9153007619960079_37.5511871879382042|126.9152338094359038_37.5512625596168448
2026-09-04T13:22:12.125893+09:00,합정역,합정역,POI053,KEY_2,1130053300,포은로,1130154200,망원동 338-40,126.9064483679028399_37.5529482132002812,1130025401,망원동 394-30,126.9065874791183859_37.5526696222780956,33.0,11.0,정체,126.9065874791183859_37.5526696222780956|126.9064483679028399_37.5529482132002812
2026-09-04T13:22:12.125893+09:00,합정역,합정역,POI053,KEY_2,1130087400,양화로3길,1130115500,합정동 407,126.9115648474776918_37.5495020430743978,1130024208,합정동주민센터,126.9109279262303147_37.5516018062342454,240.0,22.0,서행,126.9109279262303147_37.5516018062342454|126.9111023091478216_37.5510270793224734|126.9113023466319703_37.5503436587212889|126.9115648474776918_37.5495020430743978
2026-09-04T13:22:12.125893+09:00,합정역,합정역,POI053,KEY_2,1130087500,양화로3길,1130115600,합정동 407,126.9116969527201491_37.5495270854960594,1130021201,합정동 402,126.9118842718870042_37.5488389364112436,78.0,18.0,서행,126.9118842718870042_37.5488389364112436|126.9118474626460227_37.5490170505902370|126.9116969527201491_37.5495270854960594
2026-09-04T13:22:12.125893+09:00,혜화역,혜화역,POI054,KEY_3,1000015503,창경궁로,1000120100,명륜4가 193-2,126.9985288416550162_37.5829009806544079,1000024004,성균관대입구교차로,126.9986638311449383_37.5830208076827219,18.0,18.0,서행,126.9986638311449383_37.5830208076827219|126.9985288416550162_37.5829009806544079
2026-09-04T13:22:12.125893+09:00,혜화역,혜화역,POI054,KEY_3,1000015901,대학로,1000236800,연건동 72-4,127.0021346925376946_37.5789034735153820,1000022603,한국방송통신대학교(본부),127.0021125194726324_37.5799473301568696,116.0,17.0,서행,127.0021125194726324_37.5799473301568696|127.0021203558879392_37.5795784131897079|127.0021346925376946_37.5789034735153820
2026-09-04T13:22:12.125893+09:00,혜화역,혜화역,POI054,KEY_3,1000015902,대학로,1000124400,명륜4가 96-5,127.0019273467155188_37.5817580324666949,1000023903,혜화역(서울4호선),127.0018302545112618_37.5823277329186567,64.0,19.0,서행,127.0018302545112618_37.5823277329186567|127.0019273467155188_37.5817580324666949
2026-09-04T13:22:12.125893+09:00,혜화역,혜화역,POI054,KEY_3,1000015903,대학로,1000202900,혜화동 142-1,127.0015583946770761_37.5838121669841811,1000024902,혜화동로터리,127.0012507868207052_37.5852575963595541,163.0,22.0,서행,127.0012507868207052_37.5852575963595541|127.0012954946977146_37.5851403426576383|127.0015151443531352_37.5840477506560759|127.0015583946770761_37.5838121669841811
2026-09-04T13:22:12.125893+09:00,혜화역,혜화역,POI054,KEY_3,1000016001,대학로,1000077100,연건동 1-4,127.0022561877208460_37.5795802406985615,1000020701,이화사거리,127.0022876778822081_37.5762198333443180,373.0,20.3,서행,127.0022876778822081_37.5762198333443180|127.0023282656139543_37.5764645289926591|127.0023018153618324_37.5775057466467217|127.0022922645341055_37.5778817090708159|127.0022834454863130_37.5782969256252741|127.0022705236376055_37.5789053010155030|127.0022561877208460_37.5795802406985615
2026-09-04T13:22:12.125893+09:00,혜화역,혜화역,POI054,KEY_3,1000016002,대학로,1000124500,동숭동 67-4,127.0020619699124040_37.5817725636609126,1000022601,한국방송통신대학교(본부),127.0022442668778240_37.5800599005851765,191.0,27.0,원활,127.0022442668778240_37.5800599005851765|127.0022178609099228_37.5805652414491789|127.0022131705630528_37.5806550016484948|127.0021794886454671_37.5809920829626023|127.0021433747690480_37.5812948986010511|127.0020619699124040_37.5817725636609126
2026-09-04T13:22:12.125893+09:00,혜화역,혜화역,POI054,KEY_3,1000016003,대학로,1000107300,동숭동 67-4,127.0018197389143069_37.5831364940714252,1000023901,혜화역(서울4호선),127.0019456426901030_37.5824506710265140,77.0,19.0,서행,127.0019456426901030_37.5824506710265140|127.0018197389143069_37.5831364940714252
2026-09-04T13:22:12.125893+09:00,혜화역,혜화역,POI054,KEY_3,1000017701,창경궁로,1000075400,명륜2가 4-1,127.0006454828255755_37.5850130052527689,1000025002,혜화동로터리,127.0009399906732597_37.5853547783758302,46.0,30.0,원활,127.0009399906732597_37.5853547783758302|127.0007320440542742_37.5851134590106781|127.0006454828255755_37.5850130052527689
2026-09-04T13:22:12.125893+09:00,혜화역,혜화역,POI054,KEY_3,1000017801,창경궁로,1000087700,명륜2가 168-2,126.9993716108596118_37.5834928951299361,1000024002,성균관대입구교차로,126.9988439471047315_37.5830191594735439,70.0,18.0,서행,126.9988439471047315_37.5830191594735439|126.9993716108596118_37.5834928951299361
2026-09-04T13:22:12.125893+09:00,혜화역,혜화역,POI054,KEY_3,1000019001,성균관로,1000178200,명륜2가 204-1,126.9983129803109563_37.5835686144698613,1000024001,성균관대입구교차로,126.9987566656751170_37.5831037931408574,65.0,13.0,정체,126.9987566656751170_37.5831037931408574|126.9987062683989052_37.5831610623215369|126.9983129803109563_37.5835686144698613
2026-09-04T13:22:12.125893+09:00,혜화역,혜화역,POI054,KEY_3,1000019401,창경궁로,1000025301,혜화동로터리,127.0014820459859806_37.5857949668899423,1000025001,혜화동로터리,127.0010427623787166_37.5852828685383429,69.0,15.0,서행,127.0010427623787166_37.5852828685383429|127.0012603459444875_37.5855353690346234|127.0014820459859806_37.5857949668899423
2026-09-04T13:22:12.125893+09:00,혜화역,혜화역,POI054,KEY_3,1000037300,대학로.창경궁로.사이길,1000022603,한국방송통신대학교(본부),127.0021125194726324_37.5799473301568696,1000021801,서울대학교병원,126.9999250498313188_37.5790799916106337,234.0,14.0,정체,126.9999250498313188_37.5790799916106337|126.9999582925761530_37.5791735370360058|127.0000242879586523_37.5793082716843685|127.0001113530142334_37.5794320871287724|127.0001968016411524_37.5795253200711130|127.0002891946536181_37.5795862468942587|127.0004562226640843_37.5796532695046324|127.0014768206154230_37.5799259793942610|127.0015759343299493_37.5799389443158844|127.0021125194726324_37.5799473301568696
2026-09-04T13:22:12.125893+09:00,혜화역,혜화역,POI054,KEY_3,1000037400,대학로.창경궁로.사이길,1000021804,서울대학교병원,126.9997943261698339_37.5791094160175589,1000022604,한국방송통신대학교(본부),127.0021085317335547_37.5800554081267109,249.0,10.0,정체,127.0021085317335547_37.5800554081267109|127.0015635196683945_37.5800468907569041|127.0014439712545311_37.5800312519269823|127.0004037537713657_37.5797532998443131|127.0002143337454470_37.5796772915910893|127.0000970514567342_37.5795999531285929|126.9999967882396703_37.5794905553830176|126.9999011375092977_37.5793545286769728|126.9998293471492445_37.5792079639012684|126.9997943261698339_37.5791094160175589
2026-09-04T13:22:12.125893+09:00,혜화역,혜화역,POI054,KEY_3,1000039000,대학로11길,1000034800,명륜4가 82-6,127.0007214609778856_37.5823234224516582,1000023904,혜화역(서울4호선),127.0018112128841636_37.5824350409261996,97.0,10.0,정체,127.0018112128841636_37.5824350409261996|127.0013170961387061_37.5824067215044337|127.0011475248667807_37.5823910766211640|127.0007214609778856_37.5823234224516582
2026-09-04T13:22:12.125893+09:00,혜화역,혜화역,POI054,KEY_3,1000039800,창경궁로,1000024902,혜화동로터리,127.0012507868207052_37.5852575963595541,1000025001,혜화동로터리,127.0010427623787166_37.5852828685383429,19.0,18.0,서행,127.0010427623787166_37.5852828685383429|127.0010750786859717_37.5852722322397241|127.0011514658529279_37.5852579282541015|127.0012383383490402_37.5852555433470172|127.0012507868207052_37.5852575963595541
2026-09-04T13:22:12.125893+09:00,혜화역,혜화역,POI054,KEY_3,1000039900,창경궁로,1000025301,혜화동로터리,127.0014820459859806_37.5857949668899423,1000024901,혜화동로터리,127.0013812786190641_37.5852877246657400,67.0,6.0,정체,127.0013812786190641_37.5852877246657400|127.0014090861534584_37.5852960681010373|127.0014914662075114_37.5853520881352452|127.0015543752309242_37.5854176435789853|127.0015933195411719_37.5854927354248147|127.0016082988245216_37.5855654435582309|127.0015978153254110_37.5856453041188914|127.0015648653472908_37.5857072856721359|127.0015019588968812_37.5857823788507091|127.0014820459859806_37.5857949668899423
2026-09-04T13:22:12.125893+09:00,홍대입구역(2호선),홍대입구역(2호선),POI055,KEY_4,1130002502,양화로,1130025901,서교동 427,126.9198881225875368_37.5540412931764607,1130027404,홍대입구역앞교차로,126.9214584654919236_37.5552173006732275,190.0,6.0,정체,126.9214584654919236_37.5552173006732275|126.9198881225875368_37.5540412931764607
2026-09-04T13:22:12.125893+09:00,홍대입구역(2호선),홍대입구역(2호선),POI055,KEY_4,1130003701,양화로,1130273800,동교동 155-55,126.9227158165769538_37.5561519142828715,1130030004,홍대입구역(서울2호선),126.9240038282710827_37.5571089892898087,156.0,8.0,정체,126.9240038282710827_37.5571089892898087|126.9227158165769538_37.5561519142828715
2026-09-04T13:22:12.125893+09:00,홍대입구역(2호선),홍대입구역(2호선),POI055,KEY_4,1130003702,양화로,1130030001,홍대입구역(서울2호선),126.9241024975835899_37.5571832879291989,1130031303,대성카센터,126.9247680509792247_37.5576912738708160,81.0,12.0,정체,126.9247680509792247_37.5576912738708160|126.9241024975835899_37.5571832879291989
2026-09-04T13:22:12.125893+09:00,홍대입구역(2호선),홍대입구역(2호선),POI055,KEY_4,1130003703,양화로,1130260400,동교동 155-54,126.9256281988244410_37.5583324442910680,1130032300,동교동삼거리,126.9260758648074869_37.5586455831952080,53.0,8.0,정체,126.9260758648074869_37.5586455831952080|126.9259516460622734_37.5585781495251254|126.9256756439668692_37.5583677527849815|126.9256281988244410_37.5583324442910680
2026-09-04T13:22:12.125893+09:00,홍대입구역(2호선),홍대입구역(2호선),POI055,KEY_4,1130003801,양화로,1130273900,동교동 155-55,126.9228084843940536_37.5560728745735588,1130027402,홍대입구역앞교차로,126.9216455946868933_37.5552087411659343,141.0,24.0,서행,126.9216455946868933_37.5552087411659343|126.9228084843940536_37.5560728745735588
2026-09-04T13:22:12.125893+09:00,홍대입구역(2호선),홍대입구역(2호선),POI055,KEY_4,1130015901,홍익로,1130154700,서교동 427,126.9220359643673390_37.5546826076917313,1130027403,홍대입구역앞교차로,126.9215460181029016_37.5551344303407504,66.0,7.0,정체,126.9215460181029016_37.5551344303407504|126.9217237952683917_37.5549495724854268|126.9220359643673390_37.5546826076917313
2026-09-04T13:22:12.125893+09:00,홍대입구역(2호선),홍대입구역(2호선),POI055,KEY_4,1130015902,홍익로,1130109300,서교동 406,126.9231648679629956_37.5537171543489379,1130005308,서교푸르지오아파트,126.9225993071129750_37.5542008340247122,73.0,5.0,정체,126.9225993071129750_37.5542008340247122|126.9228527697001851_37.5539840685397763|126.9231648679629956_37.5537171543489379
2026-09-04T13:22:12.125893+09:00,홍대입구역(2호선),홍대입구역(2호선),POI055,KEY_4,1130016002,홍익로,1130119400,동교동 155-55,126.9224863431878845_37.5544561207342085,1130005306,속성변화점,126.9226010481489340_37.5543580239452197,15.0,8.0,정체,126.9226010481489340_37.5543580239452197|126.9224863431878845_37.5544561207342085
2026-09-04T13:22:12.125893+09:00,홍대입구역(2호선),홍대입구역(2호선),POI055,KEY_4,1130016702,동교로,1130238700,서교동 446-18,126.9190392211144172_37.5556218287363777,1130028604,롯데호텔L7(홍대),126.9204652226422638_37.5560637316398740,135.0,19.0,서행,126.9204652226422638_37.5560637316398740|126.9198761792323324_37.5558814033141104|126.9196325327701231_37.5558059855936079|126.9193242097296093_37.5557102862871091|126.9191763653079903_37.5556643970031701|126.9190392211144172_37.5556218287363777
2026-09-04T13:22:12.125893+09:00,홍대입구역(2호선),홍대입구역(2호선),POI055,KEY_4,1130016900,월드컵북로,1130267400,서교동 427,126.9210494203991146_37.5555664569088208,1130028603,롯데호텔L7(홍대),126.9205661479972775_37.5559789666732442,63.0,9.0,정체,126.9205661479972775_37.5559789666732442|126.9210494203991146_37.5555664569088208
2026-09-04T13:22:12.125893+09:00,홍대입구역(2호선),홍대입구역(2호선),POI055,KEY_4,1130017000,월드컵북로,1130267500,동교동 155-55,126.9211487362349544_37.5556402014086004,1130027401,홍대입구역앞교차로,126.9215575669487777_37.5552912277757187,53.0,10.5,정체,126.9215575669487777_37.5552912277757187|126.9211487362349544_37.5556402014086004
2026-09-04T13:22:12.125893+09:00,홍대입구역(2호선),홍대입구역(2호선),POI055,KEY_4,1130018301,동교로,1130234800,동교동 201-12,126.9223714576705504_37.5573415856685884,1130031703,우성빌딩,126.9229594770721690_37.5579740539319573,88.0,7.0,정체,126.9229594770721690_37.5579740539319573|126.9225761142016040_37.5575121455362435|126.9224853349252271_37.5574284446085400|126.9223714576705504_37.5573415856685884
2026-09-04T13:22:12.125893+09:00,홍대입구역(2호선),홍대입구역(2호선),POI055,KEY_4,1130018302,동교로,1130031704,우성빌딩,126.9230362835969004_37.5580664636773349,1130032103,동교동 151-3,126.9232918768675518_37.5583894534776732,42.0,16.0,서행,126.9232918768675518_37.5583894534776732|126.9231947644524467_37.5582569650777955|126.9230362835969004_37.5580664636773349
2026-09-04T13:22:12.125893+09:00,홍대입구역(2호선),홍대입구역(2호선),POI055,KEY_4,1130018401,동교로,1130236400,동교동 193-1,126.9218939397593573_37.5568917656500219,1130028602,롯데호텔L7(홍대),126.9207044539840865_37.5560194307797488,153.0,21.7,서행,126.9207044539840865_37.5560194307797488|126.9213020185727601_37.5561898308273214|126.9213990027508032_37.5562174862381255|126.9214983639262613_37.5562825737130197|126.9215763902692657_37.5563664435403197|126.9217678851206443_37.5567011225728038|126.9218286112969025_37.5568118746297515|126.9218939397593573_37.5568917656500219
2026-09-04T13:22:12.125893+09:00,홍대입구역(2호선),홍대입구역(2호선),POI055,KEY_4,1130018402,동교로,1130032102,동교동 192-4,126.9234091793915979_37.5583349617897966,1130031701,우성빌딩,126.9231327245934153_37.5579865800830248,46.0,21.0,서행,126.9231327245934153_37.5579865800830248|126.9233101249413238_37.5581998231503391|126.9234091793915979_37.5583349617897966
2026-09-04T13:22:12.125893+09:00,홍대입구역(2호선),홍대입구역(2호선),POI055,KEY_4,1130018403,동교로,1130267100,동교동 193-1,126.9236924952947447_37.5590020505672726,1130032101,동교동 192-4,126.9234766820471947_37.5584553758656909,64.0,20.7,서행,126.9234766820471947_37.5584553758656909|126.9235707625761904_37.5586374586260803|126.9236499224741550_37.5588562655902223|126.9236924952947447_37.5590020505672726
2026-09-04T13:22:12.125893+09:00,홍대입구역(2호선),홍대입구역(2호선),POI055,KEY_4,1130018601,월드컵북로,1130260800,동교동 205-15,126.9201047852547219_37.5565208181069323,1130028601,롯데호텔L7(홍대),126.9206030650937720_37.5561053644053331,64.0,15.0,서행,126.9206030650937720_37.5561053644053331|126.9201047852547219_37.5565208181069323
2026-09-04T13:22:12.125893+09:00,홍대입구역(2호선),홍대입구역(2호선),POI055,KEY_4,1130056000,동교로,1130244700,동교동 192-44,126.9235969752971585_37.5574460002231092,1130031702,우성빌딩,126.9230559412983723_37.5578941512089344,69.0,8.0,정체,126.9230559412983723_37.5578941512089344|126.9235969752971585_37.5574460002231092
2026-09-04T13:22:12.125893+09:00,홍대입구역(2호선),홍대입구역(2호선),POI055,KEY_4,1130056100,동교로,1130244800,동교동 192-44,126.9236948948308594_37.5575209206440874,1130030001,홍대입구역(서울2호선),126.9241024975835899_37.5571832879291989,52.0,10.0,정체,126.9241024975835899_37.5571832879291989|126.9236948948308594_37.5575209206440874
2026-09-04T13:22:12.125893+09:00,홍대입구역(2호선),홍대입구역(2호선),POI055,KEY_4,1130056500,양화로19길,1130269400,동교동 192-44,126.9242827846036619_37.5579718887892824,1130032102,동교동 192-4,126.9234091793915979_37.5583349617897966,93.0,8.0,정체,126.9234091793915979_37.5583349617897966|126.9235741468609007_37.5583601799000988|126.9237435175153621_37.5583522399045222|126.9237886059845266_37.5583215233953140|126.9242827846036619_37.5579718887892824
2026-09-04T13:22:12.125893+09:00,홍대입구역(2호선),홍대입구역(2호선),POI055,KEY_4,1130056600,양화로19길,1130269300,동교동 192-44,126.9243730039212181_37.5580527040690697,1130031304,대성카센터,126.9248672211749920_37.5577661204474040,54.0,8.0,정체,126.9248672211749920_37.5577661204474040|126.9247523387008556_37.5578433291799882|126.9243935191233703_37.5580381892432413|126.9243730039212181_37.5580527040690697
2026-09-04T13:22:12.125893+09:00,홍대입구역(2호선),홍대입구역(2호선),POI055,KEY_4,1130087300,어울마당로,1130121700,서교동 365-1,126.9222448191466555_37.5539062487640578,1130005309,서교푸르지오아파트,126.9225016470744691_37.5542843540505018,48.0,18.0,서행,126.9225016470744691_37.5542843540505018|126.9222449850932577_37.5539064976814032|126.9222448191466555_37.5539062487640578
2026-09-04T13:22:12.125893+09:00,회기역,회기역,POI056,KEY_1,1050019605,이문로,1050171300,휘경동 183-52,127.0569053681512202_37.5913336230820647,1050028511,속성변화점,127.0567073781321454_37.5910419415285659,37.0,12.0,정체,127.0567073781321454_37.5910419415285659|127.0569053681512202_37.5913336230820647
2026-09-04T13:22:12.125893+09:00,회기역,회기역,POI056,KEY_1,1050002000,왕산로,1050147000,청량리동 2-3,127.0521740305288034_37.5865914207080749,1050027504,시조사삼거리,127.0536344497994889_37.5883081964527719,230.0,23.0,서행,127.0536344497994889_37.5883081964527719|127.0533693812412537_37.5880506891911281|127.0532821315917147_37.5879582237014773|127.0531884417398345_37.5878589333261814|127.0530786029586778_37.5877401031031511|127.0529453852549864_37.5875668506956302|127.0521740305288034_37.5865914207080749
2026-09-04T13:22:12.125893+09:00,회기역,회기역,POI056,KEY_1,1050002103,왕산로,1050027503,시조사삼거리,127.0537378944253106_37.5882380693253708,1050027200,시조사삼거리,127.0533907788699821_37.5878933031426641,49.0,7.0,정체,127.0533907788699821_37.5878933031426641|127.0534763062884451_37.5879839430212641|127.0537378944253106_37.5882380693253708
2026-09-04T13:22:12.125893+09:00,회기역,회기역,POI056,KEY_1,1050002401,망우로,1050027502,시조사삼거리,127.0538253192589622_37.5883242468388588,1050027400,시조사삼거리,127.0541206187562437_37.5882076514237013,29.0,22.0,서행,127.0541206187562437_37.5882076514237013|127.0538253192589622_37.5883242468388588
2026-09-04T13:22:12.125893+09:00,회기역,회기역,POI056,KEY_1,1050002403,망우로,1050164800,휘경동 255-20,127.0566271995283927_37.5885646497494079,1050027904,회기역(경춘선),127.0587229978746819_37.5891560770667468,196.0,41.0,원활,127.0587229978746819_37.5891560770667468|127.0566271995283927_37.5885646497494079
2026-09-04T13:22:12.125893+09:00,회기역,회기역,POI056,KEY_1,1050002404,망우로,1050084600,삼육서울병원앞교차로,127.0623833137998986_37.5902061896011475,1050001303,위생병원앞교차로,127.0632484265541677_37.5904597865263526,81.0,25.5,원활,127.0632484265541677_37.5904597865263526|127.0623833137998986_37.5902061896011475
2026-09-04T13:22:12.125893+09:00,회기역,회기역,POI056,KEY_1,1050002501,망우로,1050027300,시조사삼거리,127.0541999989331146_37.5880556130543226,1050027503,시조사삼거리,127.0537378944253106_37.5882380693253708,46.0,25.3,원활,127.0537378944253106_37.5882380693253708|127.0541999989331146_37.5880556130543226
2026-09-04T13:22:12.125893+09:00,회기역,회기역,POI056,KEY_1,1050002502,망우로,1050156600,휘경동 312-263,127.0549127142937778_37.5877972441917763,1050027300,시조사삼거리,127.0541999989331146_37.5880556130543226,69.0,33.0,원활,127.0541999989331146_37.5880556130543226|127.0543490059122718_37.5879967791021912|127.0544022892117368_37.5879769619772119|127.0548019834277511_37.5878283065988015|127.0549127142937778_37.5877972441917763
2026-09-04T13:22:12.125893+09:00,회기역,회기역,POI056,KEY_1,1050002503,망우로,1050103800,휘경동 312-263,127.0558877492230181_37.5880681398638501,1050027101,동원빌딩,127.0554260527593158_37.5878153625107885,50.0,24.7,서행,127.0554260527593158_37.5878153625107885|127.0555870241268650_37.5878875753104609|127.0558877492230181_37.5880681398638501
2026-09-04T13:22:12.125893+09:00,회기역,회기역,POI056,KEY_1,1050016901,이문로,1050149700,회기동 67-7,127.0549874556031256_37.5894380701676880,1050028505,회기역앞교차로,127.0558403986045448_37.5900485574702969,101.0,15.0,서행,127.0558403986045448_37.5900485574702969|127.0556480315051289_37.5899387594113605|127.0549874556031256_37.5894380701676880
2026-09-04T13:22:12.125893+09:00,회기역,회기역,POI056,KEY_1,1050017001,이문로,1050027600,시조사삼거리,127.0540465630913332_37.5885443925608271,1050027502,시조사삼거리,127.0538253192589622_37.5883242468388588,31.0,14.0,정체,127.0538253192589622_37.5883242468388588|127.0540465630913332_37.5885443925608271
2026-09-04T13:22:12.125893+09:00,회기역,회기역,POI056,KEY_1,1050017002,이문로,1050176700,회기동 67-7,127.0548704471611074_37.5892000639472741,1050027600,시조사삼거리,127.0540465630913332_37.5885443925608271,103.0,12.0,정체,127.0540465630913332_37.5885443925608271|127.0541853301977540_37.5886824691056205|127.0544431845224977_37.5888767060216864|127.0545488681346455_37.5889563150846513|127.0548704471611074_37.5892000639472741
2026-09-04T13:22:12.125893+09:00,회기역,회기역,POI056,KEY_1,1050017300,망우로21길,1050122600,휘경동 255-3,127.0617591501848125_37.5904134381428037,1050001304,위생병원앞교차로,127.0634908901715221_37.5905309344400962,155.0,14.0,정체,127.0634908901715221_37.5905309344400962|127.0632178369145322_37.5905750550639510|127.0630916165366955_37.5905790878648816|127.0626126576069339_37.5905162329112414|127.0623131575363232_37.5904642275628262|127.0617591501848125_37.5904134381428037
2026-09-04T13:22:12.125893+09:00,회기역,회기역,POI056,KEY_1,1050017400,망우로21길,1050001303,위생병원앞교차로,127.0632484265541677_37.5904597865263526,1050027901,회기역(경춘선),127.0588509533018708_37.5891924358330769,487.0,14.0,정체,127.0588509533018708_37.5891924358330769|127.0586222408351631_37.5896998569228415|127.0586234850224088_37.5897155353725907|127.0586558907976809_37.5897438653915401|127.0593663615114792_37.5901249299453752|127.0594071724264751_37.5901360700027922|127.0596966741023550_37.5901535169629497|127.0605348267827281_37.5902040245941436|127.0608602792811297_37.5902236349527001|127.0609061683020826_37.5902263999534085|127.0617747012593099_37.5903060296202796|127.0623354714367110_37.5903574392000976|127.0626382121015610_37.5904100067944142|127.0631000327965552_37.5904706129225801|127.0632014876607059_37.5904673709321102|127.0632484265541677_37.5904597865263526
2026-09-04T13:22:12.125893+09:00,회기역,회기역,POI056,KEY_1,1050017901,회기로,1050108200,회기동 45-41,127.0528521200719609_37.5914237853785167,1050029502,경희대삼거리,127.0523710951539016_37.5915377474733887,45.0,11.0,정체,127.0523710951539016_37.5915377474733887|127.0523876709606839_37.5915392918076137|127.0525137901161372_37.5915202005053146|127.0527658907962945_37.5914653690270413|127.0528442171102199_37.5914282626685718|127.0528521200719609_37.5914237853785167
2026-09-04T13:22:12.125893+09:00,회기역,회기역,POI056,KEY_1,1050018000,회기로,1050090700,회기동 346-34,127.0554194809867994_37.5903301444166829,1050028506,회기역앞교차로,127.0559329204722445_37.5901284797674222,51.0,13.0,정체,127.0559329204722445_37.5901284797674222|127.0558069727111103_37.5902037400693985|127.0554194809867994_37.5903301444166829
2026-09-04T13:22:12.125893+09:00,회기역,회기역,POI056,KEY_1,1050018700,회기로,1050163600,회기동 60-1,127.0507843845696527_37.5915013641051914,1050029504,경희대삼거리,127.0522433043757928_37.5916108396205715,142.0,21.0,서행,127.0522433043757928_37.5916108396205715|127.0521821091064680_37.5915621986856294|127.0521299877231201_37.5914887692426234|127.0520751335120195_37.5914483983794412|127.0520098849486175_37.5914078816053774|127.0519034946834296_37.5913797147717617|127.0517947991007759_37.5913645006145458|127.0517866259030058_37.5913650351109823|127.0516920880945833_37.5913712174869730|127.0516245575307437_37.5913854433012133|127.0515727328529181_37.5913963605241577|127.0513870021773783_37.5914444346731500|127.0512414282786153_37.5914704654519269|127.0510708375150699_37.5914862788164186|127.0507843845696527_37.5915013641051914
2026-09-04T13:22:12.125893+09:00,회기역,회기역,POI056,KEY_1,1050019200,경희대로,1050146600,회기동 16-9,127.0525711480171935_37.5925999739552665,1050029501,경희대삼거리,127.0523841820177466_37.5916478245289412,107.0,16.3,서행,127.0523841820177466_37.5916478245289412|127.0524323066177885_37.5920526103703097|127.0525711480171935_37.5925999739552665
2026-09-04T13:22:12.125893+09:00,회기역,회기역,POI056,KEY_1,1050019502,이문로,1050030104,청량초교,127.0577394956087574_37.5928251591112073,1050030203,이문동 346-131,127.0580271875429759_37.5932372410084241,52.0,24.0,서행,127.0580271875429759_37.5932372410084241|127.0577394956087574_37.5928251591112073
2026-09-04T13:22:12.125893+09:00,회기역,회기역,POI056,KEY_1,1050019504,이문로,1050129400,이문동 346-131,127.0573694032562599_37.5922660294926700,1050030103,청량초교,127.0576749762335425_37.5927299944141922,58.0,29.0,원활,127.0576749762335425_37.5927299944141922|127.0573694032562599_37.5922660294926700
2026-09-04T13:22:12.125893+09:00,회기역,회기역,POI056,KEY_1,1050019505,이문로,1050028506,회기역앞교차로,127.0559329204722445_37.5901284797674222,1050028513,휘경동321-20,127.0565232575148826_37.5909981942095399,110.0,9.0,정체,127.0565232575148826_37.5909981942095399|127.0559329204722445_37.5901284797674222
2026-09-04T13:22:12.125893+09:00,회기역,회기역,POI056,KEY_1,1050019602,이문로,1050030202,이문동 346-131,127.0581459663800246_37.5931847359417901,1050030101,청량초교,127.0578582739937303_37.5927726543307941,52.0,18.0,서행,127.0578582739937303_37.5927726543307941|127.0581459663800246_37.5931847359417901
2026-09-04T13:22:12.125893+09:00,회기역,회기역,POI056,KEY_1,1050019604,이문로,1050028511,속성변화점,127.0567073781321454_37.5910419415285659,1050028503,회기역앞교차로,127.0560411463774244_37.5900604187410963,124.0,12.0,정체,127.0560411463774244_37.5900604187410963|127.0566428056983597_37.5909468118858783|127.0567073781321454_37.5910419415285659
2026-09-04T13:22:12.125893+09:00,회기역,회기역,POI056,KEY_1,1050045000,서울시립대로29길,1050057500,휘경동 312-67,127.0551709010215689_37.5872097744655633,1050027102,동원빌딩,127.0552792290295940_37.5877668966272154,63.0,18.0,서행,127.0552792290295940_37.5877668966272154|127.0551861067910551_37.5872848038543452|127.0551730839952285_37.5872110997316824|127.0551709010215689_37.5872097744655633
2026-09-04T13:22:12.125893+09:00,회기역,회기역,POI056,KEY_1,1050045700,망우로,1050027300,시조사삼거리,127.0541999989331146_37.5880556130543226,1050027200,시조사삼거리,127.0533907788699821_37.5878933031426641,76.0,19.5,서행,127.0533907788699821_37.5878933031426641|127.0536217637957321_37.5880161289625931|127.0537753139503394_37.5880458576351089|127.0539101309762913_37.5880606949511815|127.0540411940321093_37.5880636155024845|127.0541999989331146_37.5880556130543226
2026-09-04T13:22:12.125893+09:00,회기역,회기역,POI056,KEY_1,1050045800,망우로,1050027600,시조사삼거리,127.0540465630913332_37.5885443925608271,1050027400,시조사삼거리,127.0541206187562437_37.5882076514237013,42.0,19.0,서행,127.0541206187562437_37.5882076514237013|127.0541037664381037_37.5882183007721338|127.0540247436433390_37.5883060639055344|127.0539888628242409_37.5883995276613447|127.0540026641759823_37.5884802457704197|127.0540465630913332_37.5885443925608271
2026-09-04T13:22:12.125893+09:00,회기역,회기역,POI056,KEY_1,1050046801,회기로31길,1050136100,회기동 346-33,127.0560943182206870_37.5898996187215104,1050028504,회기역앞교차로,127.0559516903433490_37.5899790240485743,15.0,13.0,정체,127.0559516903433490_37.5899790240485743|127.0560270041918756_37.5899281520509376|127.0560943182206870_37.5898996187215104
2026-09-04T13:22:12.125893+09:00,회기역,회기역,POI056,KEY_1,1050047600,이문로9길,1050177600,이문동 345-4,127.0572646789287603_37.5930223292243824,1050030104,청량초교,127.0577394956087574_37.5928251591112073,47.0,17.0,서행,127.0577394956087574_37.5928251591112073|127.0572646789287603_37.5930223292243824
2026-09-04T13:22:12.125893+09:00,회기역,회기역,POI056,KEY_1,1050056200,이문로1길,1050122100,회기동 65-142,127.0534051830155704_37.5886976397466412,1050027501,시조사삼거리,127.0537232490909645_37.5883957922412506,44.0,17.0,서행,127.0537232490909645_37.5883957922412506|127.0536258598978634_37.5885065292228262|127.0534051830155704_37.5886976397466412
2026-09-04T18:34:05.570303+09:00,경복궁,경복궁,POI008,KEY_1,1000012502,사직로,1000224600,내자동 35,126.9704050096786716_37.5761139325286422,1000019804,경복궁역사거리,126.9725583211622109_37.5759627912727225,191.0,42.0,원활,126.9725583211622109_37.5759627912727225|126.9704050096786716_37.5761139325286422
2026-09-04T18:34:05.570303+09:00,경복궁,경복궁,POI008,KEY_1,1000010600,새문안로5길,1000019302,정부서울청사사거리,126.9743957431224146_37.5756988655088620,1000015501,정부중앙청사별관,126.9745359191347660_37.5741633893777163,171.0,5.0,정체,126.9745359191347660_37.5741633893777163|126.9745251838795923_37.5743178497332622|126.9743883747213147_37.5754949317932088|126.9743883466303203_37.5755769520238516|126.9743957431224146_37.5756988655088620
2026-09-04T18:34:05.570303+09:00,경복궁,경복궁,POI008,KEY_1,1000011700,사직로,1000019303,정부서울청사사거리,126.9742603998069796_37.5757097304571062,1000019802,경복궁역사거리,126.9727094012703503_37.5758424186585529,138.0,15.0,서행,126.9727094012703503_37.5758424186585529|126.9729390930378230_37.5758227698022793|126.9733793101036952_37.5757851103966303|126.9742603998069796_37.5757097304571062
2026-09-04T18:34:05.570303+09:00,경복궁,경복궁,POI008,KEY_1,1000011800,사직로,1000242400,적선동 8-1,126.9733938280741512_37.5758926104395314,1000019304,정부서울청사사거리,126.9742589191568953_37.5758185992423250,77.0,16.0,서행,126.9742589191568953_37.5758185992423250|126.9733938280741512_37.5758926104395314
2026-09-04T18:34:05.570303+09:00,경복궁,경복궁,POI008,KEY_1,1000012001,사직로,1000018500,광화문,126.9756248255992830_37.5755943672526271,1000019302,정부서울청사사거리,126.9743957431224146_37.5756988655088620,109.0,12.0,정체,126.9743957431224146_37.5756988655088620|126.9754810818243271_37.5756177185546321|126.9756248255992830_37.5755943672526271
2026-09-04T18:34:05.570303+09:00,경복궁,경복궁,POI008,KEY_1,1000012101,사직로,1000003601,광화문삼거리,126.9772026040190127_37.5752961563211159,1000020200,경복궁,126.9786283706113750_37.5757946408291801,142.0,5.0,정체,126.9786283706113750_37.5757946408291801|126.9780494814518477_37.5757270176835334|126.9778051553330869_37.5756687993840117|126.9775841152535918_37.5755595455980540|126.9773389726312587_37.5753713360195221|126.9772665949307680_37.5753228898854132|126.9772026040190127_37.5752961563211159
2026-09-04T18:34:05.570303+09:00,경복궁,경복궁,POI008,KEY_1,1000012102,사직로,1000020200,경복궁,126.9786283706113750_37.5757946408291801,1000019704,경복궁사거리,126.9793621536958312_37.5759001150550986,66.0,5.0,정체,126.9793621536958312_37.5759001150550986|126.9791440605087161_37.5758645700478056|126.9786283706113750_37.5757946408291801
2026-09-04T18:34:05.570303+09:00,경복궁,경복궁,POI008,KEY_1,1000012203,사직로,1000019703,경복궁사거리,126.9793107532419185_37.5757813746508091,1000019100,경복궁,126.9786480964121154_37.5756876675167888,59.0,11.0,정체,126.9786480964121154_37.5756876675167888|126.9791690991976765_37.5757582877498706|126.9793107532419185_37.5757813746508091
2026-09-04T18:34:05.570303+09:00,경복궁,경복궁,POI008,KEY_1,1000014301,삼청로,1000019704,경복궁사거리,126.9793621536958312_37.5759001150550986,1000020600,대한출판문화협회,126.9794687888132074_37.5765544121067592,73.0,5.0,정체,126.9794687888132074_37.5765544121067592|126.9794674172659654_37.5764824989996455|126.9794172673057773_37.5761249117022231|126.9793621536958312_37.5759001150550986
2026-09-04T18:34:05.570303+09:00,경복궁,경복궁,POI008,KEY_1,1000014302,삼청로,1000020600,대한출판문화협회,126.9794687888132074_37.5765544121067592,1000022703,국군서울지구병원,126.9798562503477797_37.5800221917764006,388.0,8.0,정체,126.9798562503477797_37.5800221917764006|126.9796182985417516_37.5793264763807215|126.9795665449151443_37.5791397220131316|126.9795478931843604_37.5790381290051698|126.9795326834604623_37.5788730174103378|126.9794969047037227_37.5780275498626395|126.9794687888132074_37.5765544121067592
2026-09-04T18:34:05.570303+09:00,경복궁,경복궁,POI008,KEY_1,1000014303,삼청로,1000022704,국군서울지구병원,126.9798888896173850_37.5801238754593712,1000023003,갤러리스케이프,126.9801383570053588_37.5809954150793715,99.0,27.0,원활,126.9801383570053588_37.5809954150793715|126.9801143803817212_37.5808712068437671|126.9798888896173850_37.5801238754593712
2026-09-04T18:34:05.570303+09:00,경복궁,경복궁,POI008,KEY_1,1000014401,삼청로,1000021000,대한출판문화협회,126.9796046197648423_37.5765527706146756,1000019701,경복궁사거리,126.9795067975766756_37.5759255521593971,70.0,23.0,서행,126.9795067975766756_37.5759255521593971|126.9795516592807161_37.5761085342554608|126.9796031487506696_37.5764756650611034|126.9796046197648423_37.5765527706146756
2026-09-04T18:34:05.570303+09:00,경복궁,경복궁,POI008,KEY_1,1000014402,삼청로,1000022702,국군서울지구병원,126.9799873332334244_37.5799937943622950,1000021000,대한출판문화협회,126.9796046197648423_37.5765527706146756,385.0,16.0,서행,126.9796046197648423_37.5765527706146756|126.9796327193578946_37.5780249082326065|126.9796683669145381_37.5788672429607900|126.9796830227134734_37.5790263448128528|126.9797002616005130_37.5791202376619609|126.9797502489418548_37.5793006189381842|126.9799873332334244_37.5799937943622950
2026-09-04T18:34:05.570303+09:00,경복궁,경복궁,POI008,KEY_1,1000014403,삼청로,1000023002,갤러리스케이프,126.9802726364854522_37.5809789975197504,1000022701,국군서울지구병원,126.9800209872343402_37.5800986304131186,100.0,12.0,정체,126.9800209872343402_37.5800986304131186|126.9802478003755937_37.5808503388031028|126.9802726364854522_37.5809789975197504
2026-09-04T18:34:05.570303+09:00,경복궁,경복궁,POI008,KEY_1,1000015101,효자로,1000219200,통의동 7-2,126.9738823732247113_37.5782737331220034,1000022103,한글전각갤러리,126.9737664393316123_37.5793405707998147,119.0,14.0,정체,126.9737664393316123_37.5793405707998147|126.9738823732247113_37.5782737331220034
2026-09-04T18:34:05.570303+09:00,경복궁,경복궁,POI008,KEY_1,1000015102,효자로,1000041400,창성동 16,126.9736432808576581_37.5805908651879150,1000023603,창성동 75-1,126.9736167411290211_37.5817495935669825,129.0,11.0,정체,126.9736167411290211_37.5817495935669825|126.9736341888375790_37.5807097019062013|126.9736432808576581_37.5805908651879150
2026-09-04T18:34:05.570303+09:00,경복궁,경복궁,POI008,KEY_1,1000015103,효자로,1000023604,세종로 1-82,126.9736148980526167_37.5818577441157089,1000005203,효자동삼거리,126.9736127255228695_37.5835625507457465,189.0,10.0,정체,126.9736127255228695_37.5835625507457465|126.9735913171579114_37.5832181223740136|126.9736148980526167_37.5818577441157089
2026-09-04T18:34:05.570303+09:00,경복궁,경복궁,POI008,KEY_1,1000015201,효자로,1000022102,한글전각갤러리,126.9739017858953645_37.5793498869892204,1000019301,정부서울청사사거리,126.9743957935852450_37.5758074664167268,396.0,19.0,서행,126.9743957935852450_37.5758074664167268|126.9743764184428017_37.5760755345660726|126.9743092662572082_37.5764778948295017|126.9741719066146146_37.5773009081164844|126.9741268698984413_37.5775378120208856|126.9740611119599407_37.5778837117652031|126.9740177174622744_37.5782830491677231|126.9739017858953645_37.5793498869892204
2026-09-04T18:34:05.570303+09:00,경복궁,경복궁,POI008,KEY_1,1000015202,효자로,1000023602,세종로 1-39,126.9737525850962072_37.5817510371078143,1000022101,한글전각갤러리,126.9738905991571443_37.5794569415239579,255.0,23.0,서행,126.9738905991571443_37.5794569415239579|126.9738519824120146_37.5798414672260890|126.9737879055856666_37.5804795024973970|126.9737788834196408_37.5805974360917929|126.9737699881223705_37.5807137109477551|126.9737525850962072_37.5817510371078143
2026-09-04T18:34:05.570303+09:00,경복궁,경복궁,POI008,KEY_1,1000015203,효자로,1000005202,효자동삼거리,126.9737472613430214_37.5835385999729326,1000023601,세종로 1-39,126.9737507411007016_37.5818592353335603,186.0,11.0,정체,126.9737507411007016_37.5818592353335603|126.9737272227124265_37.5832161948422154|126.9737472613430214_37.5835385999729326
2026-09-04T18:34:05.570303+09:00,경복궁,경복궁,POI008,KEY_1,1000015401,자하문로,1000140900,통의동 139,126.9725715057905830_37.5765777524989346,1000019801,경복궁역사거리,126.9726968257656665_37.5759522364072183,70.0,17.0,서행,126.9726968257656665_37.5759522364072183|126.9726385507227491_37.5763288934255186|126.9725895796281208_37.5765259070172135|126.9725715057905830_37.5765777524989346
2026-09-04T18:34:05.570303+09:00,경복궁,경복궁,POI008,KEY_1,1000015800,북촌로5길,1000110800,소격동 101-1,126.9816632165415768_37.5796980355060555,1000022702,국군서울지구병원,126.9799873332334244_37.5799937943622950,152.0,16.3,서행,126.9799873332334244_37.5799937943622950|126.9811117769615265_37.5798023119298961|126.9813717539606586_37.5797580385712706|126.9816632165415768_37.5796980355060555
2026-09-04T18:34:05.570303+09:00,경복궁,경복궁,POI008,KEY_1,1000016301,삼청로,1000023001,갤러리스케이프,126.9802926936486500_37.5811058372642535,1000023403,브라질대사관,126.9810263784892186_37.5815445739605920,82.0,15.0,서행,126.9810263784892186_37.5815445739605920|126.9809131169670025_37.5814523264612390|126.9807572607189741_37.5813324212478079|126.9805732045222584_37.5812254848848113|126.9805004045640970_37.5811831880586382|126.9802926936486500_37.5811058372642535
2026-09-04T18:34:05.570303+09:00,경복궁,경복궁,POI008,KEY_1,1000016401,삼청로,1000154400,소격동 5-2,126.9806533091713163_37.5811381602125181,1000023002,갤러리스케이프,126.9802726364854522_37.5809789975197504,38.0,12.0,정체,126.9802726364854522_37.5809789975197504|126.9805698902694644_37.5810896934890764|126.9806533091713163_37.5811381602125181
2026-09-04T18:34:05.570303+09:00,경복궁,경복궁,POI008,KEY_1,1000016500,청와대로,1000023004,갤러리스케이프,126.9801577660451670_37.5811184473203284,1000024202,퐁데자르갤러리,126.9792888757798295_37.5833973114764888,283.0,14.0,정체,126.9792888757798295_37.5833973114764888|126.9794326695444795_37.5833409548265038|126.9795985399564842_37.5832476848462562|126.9797349654737388_37.5831482053396115|126.9798535787143550_37.5830268942675616|126.9799783199628109_37.5828376834460514|126.9800830519028665_37.5826410034803118|126.9801523342807030_37.5824206537665262|126.9801756947906881_37.5821819448641676|126.9801669773254389_37.5812814489405298|126.9801611478268342_37.5811413659670990|126.9801577660451670_37.5811184473203284
2026-09-04T18:34:05.570303+09:00,경복궁,경복궁,POI008,KEY_1,1000016600,청와대로,1000024201,퐁데자르갤러리,126.9793488993760917_37.5834943060582702,1000023001,갤러리스케이프,126.9802926936486500_37.5811058372642535,298.0,26.0,원활,126.9802926936486500_37.5811058372642535|126.9802967397338023_37.5811332572089398|126.9803028147339035_37.5812792426264579|126.9803115922597812_37.5821857328606441|126.9802868960512399_37.5824380961232620|126.9802122748901070_37.5826754278464534|126.9801012249592418_37.5828839711424081|126.9799682487228267_37.5830856738696752|126.9798351717180509_37.5832217786991762|126.9796839720406183_37.5833320316592037|126.9795023111846888_37.5834341801086822|126.9793488993760917_37.5834943060582702
2026-09-04T18:34:05.570303+09:00,경복궁,경복궁,POI008,KEY_1,1000017102,효자로,1000005203,효자동삼거리,126.9736127255228695_37.5835625507457465,1000024302,효자동 136-1,126.9727651070645038_37.5836899468878016,76.0,6.3,정체,126.9727651070645038_37.5836899468878016|126.9730868519890805_37.5836617458525453|126.9732850493551410_37.5836358134354498|126.9736127255228695_37.5835625507457465
2026-09-04T18:34:05.570303+09:00,경복궁,경복궁,POI008,KEY_1,1000017202,효자로,1000024301,효자동 136-1,126.9727799801869850_37.5837974155542724,1000005204,효자동삼거리,126.9736494719598028_37.5836666397267720,78.0,11.0,정체,126.9736494719598028_37.5836666397267720|126.9733145338289120_37.5837415255394376|126.9731053220007908_37.5837688997887582|126.9727799801869850_37.5837974155542724
2026-09-04T18:34:05.570303+09:00,경복궁,경복궁,POI008,KEY_1,1000017300,청와대로,1000024203,퐁데자르갤러리,126.9791795136897292_37.5834335611764701,1000005202,효자동삼거리,126.9737472613430214_37.5835385999729326,486.0,27.5,원활,126.9737472613430214_37.5835385999729326|126.9739495073895483_37.5835089975692114|126.9741309391237110_37.5835057794776830|126.9743076583270351_37.5835171156289292|126.9752337920588730_37.5836985645955508|126.9754323254462349_37.5837264891222063|126.9757360888294073_37.5837476748394224|126.9763499836077330_37.5837643209452068|126.9766286175151322_37.5837433697827379|126.9789929139192566_37.5834750307908365|126.9791275283093626_37.5834477041164519|126.9791795136897292_37.5834335611764701
2026-09-04T18:34:05.570303+09:00,경복궁,경복궁,POI008,KEY_1,1000017400,청와대로,1000005201,효자동삼거리,126.9737718367323538_37.5836449359611962,1000024204,퐁데자르갤러리,126.9792234607305943_37.5835358668880062,488.0,14.0,정체,126.9792234607305943_37.5835358668880062|126.9791663527855263_37.5835514035953580|126.9790193732068246_37.5835812400857776|126.9766446063162135_37.5838507686442966|126.9763540772180477_37.5838726139501844|126.9757278388116646_37.5838556337628376|126.9754145390009228_37.5838337820068062|126.9752057008707880_37.5838044082914848|126.9742858206583094_37.5836241849198771|126.9741269844044211_37.5836139960176467|126.9739633976216311_37.5836168972867881|126.9737718367323538_37.5836449359611962
2026-09-04T18:34:05.570303+09:00,경복궁,경복궁,POI008,KEY_1,1000034400,새문안로3길,1000018004,서울특별시경찰청,126.9726181216856418_37.5753302820372284,1000019803,경복궁역사거리,126.9725722748504069_37.5758532725264089,58.0,21.0,서행,126.9725722748504069_37.5758532725264089|126.9726181216856418_37.5753302820372284
2026-09-04T18:34:05.570303+09:00,경복궁,경복궁,POI008,KEY_1,1000034500,새문안로3길,1000019802,경복궁역사거리,126.9727094012703503_37.5758424186585529,1000018001,서울특별시경찰청,126.9727536370288590_37.5753378072978137,56.0,9.0,정체,126.9727536370288590_37.5753378072978137|126.9727094012703503_37.5758424186585529
2026-09-04T18:34:05.570303+09:00,경복궁,경복궁,POI008,KEY_1,1000035200,사직로,1000020200,경복궁,126.9786283706113750_37.5757946408291801,1000020600,대한출판문화협회,126.9794687888132074_37.5765544121067592,118.0,5.0,정체,126.9794687888132074_37.5765544121067592|126.9794368084534142_37.5764098329770562|126.9791960602808700_37.5761637733622180|126.9789750836954596_37.5759177176703147|126.9788694300669647_37.5758537146814078|126.9786283706113750_37.5757946408291801
2026-09-04T18:34:05.570303+09:00,경복궁,경복궁,POI008,KEY_1,1000035300,삼청로,1000021000,대한출판문화협회,126.9796046197648423_37.5765527706146756,1000020300,경복궁,126.9801205068413168_37.5759892604625989,93.0,15.0,서행,126.9801205068413168_37.5759892604625989|126.9797298312382878_37.5760780464987292|126.9796597331679635_37.5761137931100748|126.9796040049640879_37.5761795786155588|126.9796046197648423_37.5765527706146756
2026-09-04T18:34:05.570303+09:00,경복궁,경복궁,POI008,KEY_1,1000037000,자하문로10길,1000142900,창성동 130-12,126.9720322425473000_37.5795267662096677,1000022104,한글전각갤러리,126.9737551795793422_37.5794483274217725,153.0,11.0,정체,126.9737551795793422_37.5794483274217725|126.9735697636163820_37.5794379905376914|126.9730629180689760_37.5794543875836595|126.9720322425473000_37.5795267662096677
2026-09-04T18:34:05.570303+09:00,경복궁,경복궁,POI008,KEY_1,1000038800,자하문로16길,1000068600,효자동 158-3,126.9730842997045812_37.5818361876427218,1000023604,세종로 1-82,126.9736148980526167_37.5818577441157089,47.0,10.0,정체,126.9736148980526167_37.5818577441157089|126.9732424959569812_37.5818454811704967|126.9730842997045812_37.5818361876427218
2026-09-04T18:34:05.570303+09:00,광화문·덕수궁,광화문·덕수궁,POI009,KEY_2,1000000301,종로,1000081900,종로1가 82-2,126.9798999832241719_37.5701535606807582,1000008607,종로구청입구교차로,126.9793805233784241_37.5701494116837509,46.0,7.0,정체,126.9793805233784241_37.5701494116837509|126.9798999832241719_37.5701535606807582
2026-09-04T18:34:05.570303+09:00,광화문·덕수궁,광화문·덕수궁,POI009,KEY_2,1000000401,종로,1000008606,종로구청입구교차로,126.9793844377634713_37.5702575676490582,1000008905,SK빌딩,126.9809530025248421_37.5702700889503021,139.0,7.0,정체,126.9809530025248421_37.5702700889503021|126.9798986206276368_37.5702616744867512|126.9793844377634713_37.5702575676490582
2026-09-04T18:34:05.570303+09:00,광화문·덕수궁,광화문·덕수궁,POI009,KEY_2,1000000703,새문안로,1000008201,구세군회관,126.9726666240444217_37.5702234697315518,1000008304,뉴질랜드관광청,126.9749173399443691_37.5702117971802636,199.0,3.0,정체,126.9749173399443691_37.5702117971802636|126.9745065658627396_37.5702088031007975|126.9743721680184052_37.5702090286750732|126.9726666240444217_37.5702234697315518
2026-09-04T18:34:05.570303+09:00,광화문·덕수궁,광화문·덕수궁,POI009,KEY_2,1000000802,새문안로,1000007903,신문로1가 5-4,126.9743707219120381_37.5701009152256020,1000008202,구세군회관,126.9726644410624914_37.5701153625080622,151.0,21.0,서행,126.9726644410624914_37.5701153625080622|126.9743707219120381_37.5701009152256020
2026-09-04T18:34:05.570303+09:00,광화문·덕수궁,광화문·덕수궁,POI009,KEY_2,1000000803,새문안로,1000008403,신문로1가141,126.9755270360325170_37.5701094904468960,1000007902,신문로1가 5-4,126.9745078099836633_37.5701006884260735,90.0,21.0,서행,126.9745078099836633_37.5701006884260735|126.9749185834716059_37.5701036825010561|126.9750548861427575_37.5701048454871938|126.9755270360325170_37.5701094904468960
2026-09-04T18:34:05.570303+09:00,광화문·덕수궁,광화문·덕수궁,POI009,KEY_2,1000000901,새문안로,1000008301,뉴질랜드관광청,126.9750532070518432_37.5702129564638909,1000008404,신문로1가141,126.9755253576206542_37.5702176014390972,42.0,7.0,정체,126.9755253576206542_37.5702176014390972|126.9750532070518432_37.5702129564638909
2026-09-04T18:34:05.570303+09:00,광화문·덕수궁,광화문·덕수궁,POI009,KEY_2,1000000902,새문안로,1000008401,신문로1가141,126.9756642084840337_37.5702188245241615,1000009300,세종로208,126.9762005801091362_37.5702231750732523,47.0,5.5,정체,126.9762005801091362_37.5702231750732523|126.9756642084840337_37.5702188245241615
2026-09-04T18:34:05.570303+09:00,광화문·덕수궁,광화문·덕수궁,POI009,KEY_2,1000000903,새문안로,1000214200,세종대로사거리,126.9766244379145377_37.5702266110763219,1000009004,세종대로사거리,126.9769755542479714_37.5702294562480148,31.0,7.0,정체,126.9769755542479714_37.5702294562480148|126.9766244379145377_37.5702266110763219
2026-09-04T18:34:05.570303+09:00,광화문·덕수궁,광화문·덕수궁,POI009,KEY_2,1000001002,새문안로,1000007600,주한요르단명예영사관,126.9762019638013300_37.5701150604124336,1000008402,신문로1가141,126.9756655929920299_37.5701107106503116,47.0,16.0,서행,126.9756655929920299_37.5701107106503116|126.9762019638013300_37.5701150604124336
2026-09-04T18:34:05.570303+09:00,광화문·덕수궁,광화문·덕수궁,POI009,KEY_2,1000001003,새문안로,1000009003,세종대로사거리,126.9769600332011521_37.5701212054532618,1000007600,주한요르단명예영사관,126.9762019638013300_37.5701150604124336,67.0,20.0,서행,126.9762019638013300_37.5701150604124336|126.9766258211001428_37.5701184968726238|126.9769600332011521_37.5701212054532618
2026-09-04T18:34:05.570303+09:00,광화문·덕수궁,광화문·덕수궁,POI009,KEY_2,1000001301,종로,1000009001,세종대로사거리,126.9771187019505163_37.5702314111293560,1000009700,종로1가1-3,126.9777559525715844_37.5702421551131351,56.0,5.0,정체,126.9777559525715844_37.5702421551131351|126.9771187019505163_37.5702314111293560
2026-09-04T18:34:05.570303+09:00,광화문·덕수궁,광화문·덕수궁,POI009,KEY_2,1000001302,종로,1000009700,종로1가1-3,126.9777559525715844_37.5702421551131351,1000008804,광화문우체국,126.9784336631558119_37.5702494972367163,60.0,7.0,정체,126.9784336631558119_37.5702494972367163|126.9779432056922133_37.5702453112944994|126.9777559525715844_37.5702421551131351
2026-09-04T18:34:05.570303+09:00,광화문·덕수궁,광화문·덕수궁,POI009,KEY_2,1000001303,종로,1000008801,광화문우체국,126.9785701334498214_37.5702506615867833,1000008609,종로구청입구교차로,126.9792481536049564_37.5702564438606927,60.0,10.0,정체,126.9792481536049564_37.5702564438606927|126.9785701334498214_37.5702506615867833
2026-09-04T18:34:05.570303+09:00,광화문·덕수궁,광화문·덕수궁,POI009,KEY_2,1000001401,종로,1000008000,동아일보사,126.9777588281918099_37.5701340596360964,1000009002,세종대로사거리,126.9770959172438580_37.5701228829325231,59.0,8.0,정체,126.9770959172438580_37.5701228829325231|126.9777588281918099_37.5701340596360964
2026-09-04T18:34:05.570303+09:00,광화문·덕수궁,광화문·덕수궁,POI009,KEY_2,1000001402,종로,1000008803,광화문우체국,126.9784351192109852_37.5701413844145975,1000008000,동아일보사,126.9777588281918099_37.5701340596360964,60.0,7.5,정체,126.9777588281918099_37.5701340596360964|126.9779453713088060_37.5701372048683524|126.9784351192109852_37.5701413844145975
2026-09-04T18:34:05.570303+09:00,광화문·덕수궁,광화문·덕수궁,POI009,KEY_2,1000001403,종로,1000008608,종로구청입구교차로,126.9792446499360778_37.5701482878816435,1000008802,광화문우체국,126.9785715892256235_37.5701425486416056,59.0,8.0,정체,126.9785715892256235_37.5701425486416056|126.9792446499360778_37.5701482878816435
2026-09-04T18:34:05.570303+09:00,광화문·덕수궁,광화문·덕수궁,POI009,KEY_2,1000003301,청계천로,1010033802,호주관광청,126.9797619415674745_37.5689431360811881,1010034101,무교동사거리,126.9793610650683036_37.5689718470786644,36.0,8.0,정체,126.9793610650683036_37.5689718470786644|126.9797619415674745_37.5689431360811881
2026-09-04T18:34:05.570303+09:00,광화문·덕수궁,광화문·덕수궁,POI009,KEY_2,1000003400,청계천로,1010034301,무교동사거리,126.9793440155466442_37.5692674718774171,1010033702,광교사거리,126.9827120922386285_37.5690419071249693,299.0,13.0,정체,126.9827120922386285_37.5690419071249693|126.9793440155466442_37.5692674718774171
2026-09-04T18:34:05.570303+09:00,광화문·덕수궁,광화문·덕수궁,POI009,KEY_2,1000003700,청계천로,1010034102,무교동사거리,126.9792256224440905_37.5689816845044717,1000002000,청계광장,126.9771060680401717_37.5690311929919076,188.0,9.0,정체,126.9771060680401717_37.5690311929919076|126.9774434053876035_37.5690828687536680|126.9775440319711919_37.5690924240737019|126.9777213322496863_37.5690924576651568|126.9792256224440905_37.5689816845044717
2026-09-04T18:34:05.570303+09:00,광화문·덕수궁,광화문·덕수궁,POI009,KEY_2,1000003801,청계천로,1000031000,청계광장,126.9770921904126482_37.5694157550093379,1000007002,동아일보사,126.9783460265061024_37.5693222473721278,111.0,3.0,정체,126.9783460265061024_37.5693222473721278|126.9773834142662849_37.5693879956262435|126.9770921904126482_37.5694157550093379
2026-09-04T18:34:05.570303+09:00,광화문·덕수궁,광화문·덕수궁,POI009,KEY_2,1000003802,청계천로,1000007001,동아일보사,126.9784814758997982_37.5693140408546356,1010034302,무교동사거리,126.9792084451945726_37.5692755952973627,64.0,2.0,정체,126.9792084451945726_37.5692755952973627|126.9784814758997982_37.5693140408546356
2026-09-04T18:34:05.570303+09:00,광화문·덕수궁,광화문·덕수궁,POI009,KEY_2,1000007304,새문안로5길,1000097900,당주동 9-1,126.9746904072748208_37.5722005256472400,1000012008,국토매일신문,126.9745473563027076_37.5729549828790397,85.0,5.0,정체,126.9745473563027076_37.5729549828790397|126.9746153014773142_37.5723873767864731|126.9746904072748208_37.5722005256472400
2026-09-04T18:34:05.570303+09:00,광화문·덕수궁,광화문·덕수궁,POI009,KEY_2,1000004101,세종대로21길,1010036201,청계광장,126.9769724776174371_37.5689758850454254,1010034202,속성변화점,126.9761089175425468_37.5690525772719468,77.0,12.0,정체,126.9761089175425468_37.5690525772719468|126.9762590231906501_37.5690173503827225|126.9766423549418590_37.5690116154256089|126.9767891468850252_37.5690047706819641|126.9769724776174371_37.5689758850454254
2026-09-04T18:34:05.570303+09:00,광화문·덕수궁,광화문·덕수궁,POI009,KEY_2,1000004201,세종대로21길,1010034201,속성변화점,126.9761701151880970_37.5691453161545397,1010036202,청계광장,126.9769681640981389_37.5690870395436463,71.0,10.0,정체,126.9769681640981389_37.5690870395436463|126.9768062997742106_37.5691122763363623|126.9766476039636132_37.5691196746613940|126.9762762102917009_37.5691252318358337|126.9761701151880970_37.5691453161545397
2026-09-04T18:34:05.570303+09:00,광화문·덕수궁,광화문·덕수궁,POI009,KEY_2,1000004202,세종대로21길,1010034502,조선일보본사,126.9758538003934376_37.5694432589816216,1010034201,속성변화점,126.9761701151880970_37.5691453161545397,44.0,17.0,서행,126.9761701151880970_37.5691453161545397|126.9759646865800136_37.5693016963708999|126.9759165276521173_37.5693486608578553|126.9758538003934376_37.5694432589816216
2026-09-04T18:34:05.570303+09:00,광화문·덕수궁,광화문·덕수궁,POI009,KEY_2,1000004203,세종대로21길,1000008402,신문로1가141,126.9756655929920299_37.5701107106503116,1010034501,조선일보본사,126.9758232836738614_37.5695216067234981,67.0,8.5,정체,126.9758232836738614_37.5695216067234981|126.9756655929920299_37.5701107106503116
2026-09-04T18:34:05.570303+09:00,광화문·덕수궁,광화문·덕수궁,POI009,KEY_2,1000005000,무교로,1000008607,종로구청입구교차로,126.9793805233784241_37.5701494116837509,1010034301,무교동사거리,126.9793440155466442_37.5692674718774171,98.0,7.0,정체,126.9793440155466442_37.5692674718774171|126.9793805233784241_37.5701494116837509
2026-09-04T18:34:05.570303+09:00,광화문·덕수궁,광화문·덕수궁,POI009,KEY_2,1000005101,세종대로,1010036202,청계광장,126.9769681640981389_37.5690870395436463,1000007300,세종로1-80,126.9769534872362158_37.5695820797097966,55.0,28.0,원활,126.9769534872362158_37.5695820797097966|126.9769561223222638_37.5694207011224321|126.9769681640981389_37.5690870395436463
2026-09-04T18:34:05.570303+09:00,광화문·덕수궁,광화문·덕수궁,POI009,KEY_2,1000005102,세종대로,1000007300,세종로1-80,126.9769534872362158_37.5695820797097966,1000009003,세종대로사거리,126.9769600332011521_37.5701212054532618,60.0,15.0,서행,126.9769600332011521_37.5701212054532618|126.9769532767960953_37.5697764532188643|126.9769534872362158_37.5695820797097966
2026-09-04T18:34:05.570303+09:00,광화문·덕수궁,광화문·덕수궁,POI009,KEY_2,1000005202,세종대로,1000009002,세종대로사거리,126.9770959172438580_37.5701228829325231,1000007400,청계천광장,126.9770893091757529_37.5695834801641908,60.0,5.0,정체,126.9770893091757529_37.5695834801641908|126.9770891110814688_37.5697756552470636|126.9770959172438580_37.5701228829325231
2026-09-04T18:34:05.570303+09:00,광화문·덕수궁,광화문·덕수궁,POI009,KEY_2,1000005203,세종대로,1000031000,청계광장,126.9770921904126482_37.5694157550093379,1000002000,청계광장,126.9771060680401717_37.5690311929919076,43.0,4.0,정체,126.9771060680401717_37.5690311929919076|126.9770921904126482_37.5694157550093379
2026-09-04T18:34:05.570303+09:00,광화문·덕수궁,광화문·덕수궁,POI009,KEY_2,1000005204,세종대로,1000007400,청계천광장,126.9770893091757529_37.5695834801641908,1000031000,청계광장,126.9770921904126482_37.5694157550093379,19.0,6.0,정체,126.9770921904126482_37.5694157550093379|126.9770893091757529_37.5695834801641908
2026-09-04T18:34:05.570303+09:00,광화문·덕수궁,광화문·덕수궁,POI009,KEY_2,1000006701,종로3길,1000008605,KT광화문빌딩East,126.9792365875387787_37.5713076844087723,1000002503,종로구청앞교차로,126.9791846724866247_37.5724168674636516,123.0,12.0,정체,126.9791846724866247_37.5724168674636516|126.9792127143992531_37.5722886996592322|126.9792365875387787_37.5713076844087723
2026-09-04T18:34:05.570303+09:00,광화문·덕수궁,광화문·덕수궁,POI009,KEY_2,1000006702,종로3길,1000008609,종로구청입구교차로,126.9792481536049564_37.5702564438606927,1000008604,KT광화문빌딩East,126.9792392182412755_37.5711995824609417,105.0,6.5,정체,126.9792392182412755_37.5711995824609417|126.9792562098357678_37.5705013662105856|126.9792481536049564_37.5702564438606927
2026-09-04T18:34:05.570303+09:00,광화문·덕수궁,광화문·덕수궁,POI009,KEY_2,1000006801,종로3길,1000008603,KT광화문빌딩East,126.9793750304311573_37.5712016763059680,1000008606,종로구청입구교차로,126.9793844377634713_37.5702575676490582,105.0,8.0,정체,126.9793844377634713_37.5702575676490582|126.9793920781041692_37.5705010629446505|126.9793750304311573_37.5712016763059680
2026-09-04T18:34:05.570303+09:00,광화문·덕수궁,광화문·덕수궁,POI009,KEY_2,1000006802,종로3길,1000002502,종로구청앞교차로,126.9793217364559581_37.5724206139039367,1000008602,KT광화문빌딩East,126.9793723999539878_37.5713097781531999,124.0,6.0,정체,126.9793723999539878_37.5713097781531999|126.9793483260029632_37.5722990812992776|126.9793217364559581_37.5724206139039367
2026-09-04T18:34:05.570303+09:00,광화문·덕수궁,광화문·덕수궁,POI009,KEY_2,1000007301,새문안로5길,1000191900,당주동 42-1,126.9747945654450376_37.5713741249107471,1000012004,당주동 42-1,126.9747711914900208_37.5715772036542930,23.0,5.0,정체,126.9747711914900208_37.5715772036542930|126.9747764927874840_37.5715266880177694|126.9747945654450376_37.5713741249107471
2026-09-04T18:34:05.570303+09:00,광화문·덕수궁,광화문·덕수궁,POI009,KEY_2,1000007303,새문안로5길,1000012009,국토매일신문,126.9745343892600573_37.5730633074938467,1000015503,정부중앙청사별관,126.9744112783023837_37.5740498591777197,110.0,5.0,정체,126.9744112783023837_37.5740498591777197|126.9744499541339309_37.5737686609407575|126.9744632498496486_37.5736575921968523|126.9745343892600573_37.5730633074938467
2026-09-04T18:34:05.570303+09:00,광화문·덕수궁,광화문·덕수궁,POI009,KEY_2,1000007401,새문안로5길,1000122600,당주동 37-5,126.9749949194423237_37.5708345656133957,1000008301,뉴질랜드관광청,126.9750532070518432_37.5702129564638909,69.0,3.0,정체,126.9750532070518432_37.5702129564638909|126.9750441061559343_37.5704193325342715|126.9750097115534828_37.5707096914500909|126.9749949194423237_37.5708345656133957
2026-09-04T18:34:05.570303+09:00,광화문·덕수궁,광화문·덕수궁,POI009,KEY_2,1000007403,새문안로5길,1000012007,국토매일신문,126.9746825846849134_37.5729652378036505,1000012002,당주동 15-5,126.9748960733688961_37.5716933165325884,143.0,5.0,정체,126.9748960733688961_37.5716933165325884|126.9748542851426265_37.5721476425157519|126.9748197861506611_37.5722334714313035|126.9747491405799735_37.5724092275890840|126.9746825846849134_37.5729652378036505
2026-09-04T18:34:05.570303+09:00,광화문·덕수궁,광화문·덕수궁,POI009,KEY_2,1000007404,새문안로5길,1000015502,정부중앙청사별관,126.9745471372090009_37.5740556283939924,1000012006,국토매일신문,126.9746696177836469_37.5730735623354022,110.0,2.0,정체,126.9746696177836469_37.5730735623354022|126.9745984783698276_37.5736678471220458|126.9745850921002415_37.5737796723370465|126.9745471372090009_37.5740556283939924
2026-09-04T18:34:05.570303+09:00,광화문·덕수궁,광화문·덕수궁,POI009,KEY_2,1000007501,삼봉로,1000013006,신라스테이(광화문),126.9800323953105732_37.5724462314692360,1000002502,종로구청앞교차로,126.9793217364559581_37.5724206139039367,63.0,7.0,정체,126.9793217364559581_37.5724206139039367|126.9799519020942853_37.5724644845951588|126.9800031202296822_37.5724557581351775|126.9800323953105732_37.5724462314692360
2026-09-04T18:34:05.570303+09:00,광화문·덕수궁,광화문·덕수궁,POI009,KEY_2,1000007502,삼봉로,1000012403,조계사앞교차로,126.9829706356902221_37.5719776537276218,1000013004,신라스테이(광화문),126.9801805317354280_37.5724047958457916,252.0,10.3,정체,126.9801805317354280_37.5724047958457916|126.9804914824202910_37.5723319178106152|126.9811053055208276_37.5721880522337770|126.9822536902158987_37.5720311041132078|126.9827182491962247_37.5719849537863269|126.9829706356902221_37.5719776537276218
2026-09-04T18:34:05.570303+09:00,광화문·덕수궁,광화문·덕수궁,POI009,KEY_2,1000007601,삼봉로,1000002501,종로구청앞교차로,126.9793098997934777_37.5725283213326406,1000013008,신라스테이(광화문),126.9800853113310097_37.5725458182865282,69.0,8.0,정체,126.9800853113310097_37.5725458182865282|126.9800433552072860_37.5725594712725126|126.9799603876916336_37.5725736073446370|126.9793098997934777_37.5725283213326406
2026-09-04T18:34:05.570303+09:00,광화문·덕수궁,광화문·덕수궁,POI009,KEY_2,1000008305,사직로8길,1000030902,세종로공원,126.9763299470461675_37.5743620222710391,1000016700,광화문,126.9763532157447088_37.5747826865806687,47.0,12.0,정체,126.9763532157447088_37.5747826865806687|126.9763299470461675_37.5743620222710391
2026-09-04T18:34:05.570303+09:00,광화문·덕수궁,광화문·덕수궁,POI009,KEY_2,1000008306,사직로8길,1000030901,세종로공원,126.9763653836261312_37.5741476322646690,1000030902,세종로공원,126.9763299470461675_37.5743620222710391,24.0,17.0,서행,126.9763299470461675_37.5743620222710391|126.9763653836261312_37.5741476322646690
2026-09-04T18:34:05.570303+09:00,광화문·덕수궁,광화문·덕수궁,POI009,KEY_2,1000008403,세종대로,1000178600,세종로 84-12,126.9773435970436708_37.5716353187199061,1000010301,주한네덜란드대사관,126.9773205016073234_37.5708618739457165,86.0,3.0,정체,126.9773205016073234_37.5708618739457165|126.9773435970436708_37.5716353187199061
2026-09-04T18:34:05.570303+09:00,광화문·덕수궁,광화문·덕수궁,POI009,KEY_2,1000008404,세종대로,1000031103,대한민국역사박물관,126.9772668410657133_37.5742389331108342,1000013701,미국대사관,126.9773127388234570_37.5727861811112405,161.0,4.0,정체,126.9773127388234570_37.5727861811112405|126.9772668410657133_37.5742389331108342
2026-09-04T18:34:05.570303+09:00,광화문·덕수궁,광화문·덕수궁,POI009,KEY_2,1000008405,세종대로,1000031102,대한민국역사박물관,126.9772570032702248_37.5744554912241924,1000031103,대한민국역사박물관,126.9772668410657133_37.5742389331108342,24.0,3.0,정체,126.9772668410657133_37.5742389331108342|126.9772570032702248_37.5744554912241924
2026-09-04T18:34:05.570303+09:00,광화문·덕수궁,광화문·덕수궁,POI009,KEY_2,1000008406,세종대로,1000013701,미국대사관,126.9773127388234570_37.5727861811112405,1000013702,미국대사관,126.9773159428094118_37.5726780742018107,12.0,4.0,정체,126.9773159428094118_37.5726780742018107|126.9773127388234570_37.5727861811112405
2026-09-04T18:34:05.570303+09:00,광화문·덕수궁,광화문·덕수궁,POI009,KEY_2,1000008501,삼봉로,1000013502,주한미국대사관,126.9786734195719902_37.5726343147372575,1000002504,종로구청앞교차로,126.9791894907537966_37.5725249183912950,48.0,3.0,정체,126.9791894907537966_37.5725249183912950|126.9790501230296087_37.5725288554711625|126.9789227998701477_37.5725532930203556|126.9786734195719902_37.5726343147372575
2026-09-04T18:34:05.570303+09:00,광화문·덕수궁,광화문·덕수궁,POI009,KEY_2,1000008502,종로1길,1000016104,정부합동민원실,126.9785818993651674_37.5743088383231623,1000013501,주한미국대사관,126.9786285350510866_37.5726918211835468,180.0,4.0,정체,126.9786285350510866_37.5726918211835468|126.9786270745331507_37.5728076925504126|126.9785818993651674_37.5743088383231623
2026-09-04T18:34:05.570303+09:00,광화문·덕수궁,광화문·덕수궁,POI009,KEY_2,1000008601,삼봉로,1000002503,종로구청앞교차로,126.9791846724866247_37.5724168674636516,1000013503,주한미국대사관,126.9786357598149351_37.5725297706543273,51.0,11.0,정체,126.9786357598149351_37.5725297706543273|126.9788809724591374_37.5724501026944324|126.9790316055260035_37.5724211913871144|126.9791846724866247_37.5724168674636516
2026-09-04T18:34:05.570303+09:00,광화문·덕수궁,광화문·덕수궁,POI009,KEY_2,1000008602,종로1길,1000013505,주한미국대사관,126.9784926276747825_37.5726966398339357,1000016105,정부합동민원실,126.9784455851017384_37.5743231998157583,181.0,13.0,정체,126.9784455851017384_37.5743231998157583|126.9784912513626978_37.5728058559814073|126.9784926276747825_37.5726966398339357
2026-09-04T18:34:05.570303+09:00,광화문·덕수궁,광화문·덕수궁,POI009,KEY_2,1000009102,우정국로,1000017300,안국동사거리,126.9828039229332575_37.5749851341707171,1000017904,안국동로터리,126.9829082928001753_37.5755454257557844,63.0,12.0,정체,126.9829082928001753_37.5755454257557844|126.9828499577781997_37.5754008805051001|126.9828163493672974_37.5752357359225755|126.9827996996409070_37.5750526973415191|126.9828039229332575_37.5749851341707171
2026-09-04T18:34:05.570303+09:00,광화문·덕수궁,광화문·덕수궁,POI009,KEY_2,1000009300,사직로8길,1000015301,스타트경제,126.9734883930231888_37.5741271926938722,1000015504,정부중앙청사별관,126.9744002652443839_37.5741577051489486,81.0,14.0,정체,126.9744002652443839_37.5741577051489486|126.9734883930231888_37.5741271926938722
2026-09-04T18:34:05.570303+09:00,광화문·덕수궁,광화문·덕수궁,POI009,KEY_2,1000009400,사직로8길,1000015503,정부중앙청사별관,126.9744112783023837_37.5740498591777197,1000015302,스타트경제,126.9734940995421653_37.5740191692129102,81.0,10.0,정체,126.9734940995421653_37.5740191692129102|126.9744112783023837_37.5740498591777197
2026-09-04T18:34:05.570303+09:00,광화문·덕수궁,광화문·덕수궁,POI009,KEY_2,1000009700,종로5길,1000016102,정부합동민원실,126.9786256776191635_37.5744598668717487,1000003004,서울지방국세청,126.9792726003818757_37.5744097123775163,57.0,8.0,정체,126.9792726003818757_37.5744097123775163|126.9786256776191635_37.5744598668717487
2026-09-04T18:34:05.570303+09:00,광화문·덕수궁,광화문·덕수궁,POI009,KEY_2,1000009800,종로5길,1000003003,서울지방국세청,126.9792594302951443_37.5743021024994945,1000016103,정부합동민원실,126.9786387287132357_37.5743502241267819,55.0,16.0,서행,126.9786387287132357_37.5743502241267819|126.9792594302951443_37.5743021024994945
2026-09-04T18:34:05.570303+09:00,광화문·덕수궁,광화문·덕수궁,POI009,KEY_2,1000009901,사직로8길,1000015501,정부중앙청사별관,126.9745359191347660_37.5741633893777163,1000015902,중앙지하차도(서측),126.9756117227963585_37.5742176029672024,95.0,5.0,정체,126.9756117227963585_37.5742176029672024|126.9745359191347660_37.5741633893777163
2026-09-04T18:34:05.570303+09:00,광화문·덕수궁,광화문·덕수궁,POI009,KEY_2,1000009902,사직로8길,1000015902,중앙지하차도(서측),126.9756117227963585_37.5742176029672024,1000030902,세종로공원,126.9763299470461675_37.5743620222710391,66.0,12.0,정체,126.9763299470461675_37.5743620222710391|126.9758706991731145_37.5743046632961182|126.9756117227963585_37.5742176029672024
2026-09-04T18:34:05.570303+09:00,광화문·덕수궁,광화문·덕수궁,POI009,KEY_2,1000009903,사직로8길,1000031102,대한민국역사박물관,126.9772570032702248_37.5744554912241924,1000016202,중앙지하차도(동측),126.9780305337901893_37.5744492911494277,69.0,5.0,정체,126.9780305337901893_37.5744492911494277|126.9777525987565241_37.5744864077288838|126.9772766588325226_37.5744570835161937|126.9772570032702248_37.5744554912241924
2026-09-04T18:34:05.570303+09:00,광화문·덕수궁,광화문·덕수궁,POI009,KEY_2,1000009904,사직로8길,1000016202,중앙지하차도(동측),126.9780305337901893_37.5744492911494277,1000016107,정부합동민원실,126.9784461006803866_37.5744659883513918,37.0,18.3,서행,126.9784461006803866_37.5744659883513918|126.9780305337901893_37.5744492911494277
2026-09-04T18:34:05.570303+09:00,광화문·덕수궁,광화문·덕수궁,POI009,KEY_2,1000010001,사직로8길,1000015901,중앙지하차도(서측),126.9756254491522043_37.5741101153048476,1000015502,정부중앙청사별관,126.9745471372090009_37.5740556283939924,95.0,30.5,원활,126.9745471372090009_37.5740556283939924|126.9756254491522043_37.5741101153048476
2026-09-04T18:34:05.570303+09:00,광화문·덕수궁,광화문·덕수궁,POI009,KEY_2,1000010002,사직로8길,1000030901,세종로공원,126.9763653836261312_37.5741476322646690,1000015901,중앙지하차도(서측),126.9756254491522043_37.5741101153048476,66.0,19.0,서행,126.9756254491522043_37.5741101153048476|126.9759083891116944_37.5740905296920999|126.9763653836261312_37.5741476322646690
2026-09-04T18:34:05.570303+09:00,광화문·덕수궁,광화문·덕수궁,POI009,KEY_2,1000010003,사직로8길,1000016201,중앙지하차도(동측),126.9780392001640763_37.5743414013185841,1000031103,대한민국역사박물관,126.9772668410657133_37.5742389331108342,70.0,18.0,서행,126.9772668410657133_37.5742389331108342|126.9773009030501640_37.5742416927750185|126.9777735667203871_37.5742708146941595|126.9780392001640763_37.5743414013185841
2026-09-04T18:34:05.570303+09:00,광화문·덕수궁,광화문·덕수궁,POI009,KEY_2,1000010004,사직로8길,1000016106,정부합동민원실,126.9784265292035883_37.5743569447684180,1000016201,중앙지하차도(동측),126.9780392001640763_37.5743414013185841,34.0,11.0,정체,126.9780392001640763_37.5743414013185841|126.9784265292035883_37.5743569447684180
2026-09-04T18:34:05.570303+09:00,광화문·덕수궁,광화문·덕수궁,POI009,KEY_2,1000010600,새문안로5길,1000019302,정부서울청사사거리,126.9743957431224146_37.5756988655088620,1000015501,정부중앙청사별관,126.9745359191347660_37.5741633893777163,171.0,5.0,정체,126.9745359191347660_37.5741633893777163|126.9745251838795923_37.5743178497332622|126.9743883747213147_37.5754949317932088|126.9743883466303203_37.5755769520238516|126.9743957431224146_37.5756988655088620
2026-09-04T18:34:05.570303+09:00,광화문·덕수궁,광화문·덕수궁,POI009,KEY_2,1000011101,종로1길,1000061700,세종로 23-3,126.9788627671283336_37.5751151643689312,1000018300,경복궁사거리,126.9791985772177298_37.5755559719213679,57.0,11.0,정체,126.9791985772177298_37.5755559719213679|126.9791278841071005_37.5754329070121216|126.9790835784237970_37.5753764590680319|126.9788627671283336_37.5751151643689312
2026-09-04T18:34:05.570303+09:00,광화문·덕수궁,광화문·덕수궁,POI009,KEY_2,1000011102,종로1길,1000018300,경복궁사거리,126.9791985772177298_37.5755559719213679,1000019703,경복궁사거리,126.9793107532419185_37.5757813746508091,27.0,11.0,정체,126.9793107532419185_37.5757813746508091|126.9791985772177298_37.5755559719213679
2026-09-04T18:34:05.570303+09:00,광화문·덕수궁,광화문·덕수궁,POI009,KEY_2,1000011201,종로1길,1000018200,경복궁,126.9792457576218681_37.5753789068622197,1000016101,정부합동민원실,126.9785925869651777_37.5744763969490307,116.0,4.0,정체,126.9785925869651777_37.5744763969490307|126.9786030542454114_37.5745264529886569|126.9786595083860163_37.5746487570202206|126.9787160834317490_37.5747406686916463|126.9788572860340707_37.5749149509381581|126.9789754866872897_37.5750548226999328|126.9791975771393453_37.5753176298490956|126.9792457576218681_37.5753789068622197
2026-09-04T18:34:05.570303+09:00,광화문·덕수궁,광화문·덕수궁,POI009,KEY_2,1000011202,종로1길,1000019702,경복궁사거리,126.9794701198467664_37.5758080047390521,1000018200,경복궁,126.9792457576218681_37.5753789068622197,52.0,2.0,정체,126.9792457576218681_37.5753789068622197|126.9793010192322811_37.5754682222458030|126.9794701198467664_37.5758080047390521
2026-09-04T18:34:05.570303+09:00,광화문·덕수궁,광화문·덕수궁,POI009,KEY_2,1000011501,율곡로,1000019401,경복궁,126.9801381644492011_37.5758813627365100,1000019702,경복궁사거리,126.9794701198467664_37.5758080047390521,60.0,11.0,정체,126.9794701198467664_37.5758080047390521|126.9797343426333214_37.5758559422202438|126.9799729505737531_37.5758791430045278|126.9801381644492011_37.5758813627365100
2026-09-04T18:34:05.570303+09:00,광화문·덕수궁,광화문·덕수궁,POI009,KEY_2,1000011502,율곡로,1000019203,주한멕시코대사관,126.9811804454430160_37.5757381628755169,1000019401,경복궁,126.9801381644492011_37.5758813627365100,94.0,9.0,정체,126.9801381644492011_37.5758813627365100|126.9801458468412108_37.5758814661415386|126.9803274747907409_37.5758700232846223|126.9811804454430160_37.5757381628755169
2026-09-04T18:34:05.570303+09:00,광화문·덕수궁,광화문·덕수궁,POI009,KEY_2,1000011503,율곡로,1000018100,안국동사거리,126.9820370732549009_37.5756052331219763,1000019202,주한멕시코대사관,126.9813332527749594_37.5757145141333595,63.0,7.0,정체,126.9813332527749594_37.5757145141333595|126.9820370732549009_37.5756052331219763
2026-09-04T18:34:05.570303+09:00,광화문·덕수궁,광화문·덕수궁,POI009,KEY_2,1000011504,율곡로,1000017904,안국동로터리,126.9829082928001753_37.5755454257557844,1000018100,안국동사거리,126.9820370732549009_37.5756052331219763,78.0,11.0,정체,126.9820370732549009_37.5756052331219763|126.9821849025842226_37.5755822792614822|126.9823949596761850_37.5755556593554090|126.9825949987016998_37.5755409919947070|126.9827732334880466_37.5755410181384661|126.9829082928001753_37.5755454257557844
2026-09-04T18:34:05.570303+09:00,광화문·덕수궁,광화문·덕수궁,POI009,KEY_2,1000011601,율곡로,1000019701,경복궁사거리,126.9795067975766756_37.5759255521593971,1000020300,경복궁,126.9801205068413168_37.5759892604625989,55.0,14.0,정체,126.9801205068413168_37.5759892604625989|126.9799635415281358_37.5759871517272330|126.9797109494754608_37.5759625907229378|126.9795067975766756_37.5759255521593971
2026-09-04T18:34:05.570303+09:00,광화문·덕수궁,광화문·덕수궁,POI009,KEY_2,1000011603,율곡로,1000020300,경복궁,126.9801205068413168_37.5759892604625989,1000017905,안국동로터리,126.9829348569925571_37.5756562270635044,252.0,9.0,정체,126.9829348569925571_37.5756562270635044|126.9829125468357773_37.5756537744281829|126.9827704373494015_37.5756491370767236|126.9826012303179823_37.5756491122595975|126.9824118889619911_37.5756629946566250|126.9822085957164859_37.5756887578650449|126.9820630846885052_37.5757113517092307|126.9813592631155075_37.5758206328940290|126.9812063475179400_37.5758442987123971|126.9803458434132892_37.5759773239770425|126.9801500700749699_37.5759896573698668|126.9801205068413168_37.5759892604625989
2026-09-04T18:34:05.570303+09:00,광화문·덕수궁,광화문·덕수궁,POI009,KEY_2,1000011700,사직로,1000019303,정부서울청사사거리,126.9742603998069796_37.5757097304571062,1000019802,경복궁역사거리,126.9727094012703503_37.5758424186585529,138.0,15.0,서행,126.9727094012703503_37.5758424186585529|126.9729390930378230_37.5758227698022793|126.9733793101036952_37.5757851103966303|126.9742603998069796_37.5757097304571062
2026-09-04T18:34:05.570303+09:00,광화문·덕수궁,광화문·덕수궁,POI009,KEY_2,1000011800,사직로,1000242400,적선동 8-1,126.9733938280741512_37.5758926104395314,1000019304,정부서울청사사거리,126.9742589191568953_37.5758185992423250,77.0,16.0,서행,126.9742589191568953_37.5758185992423250|126.9733938280741512_37.5758926104395314
2026-09-04T18:34:05.570303+09:00,광화문·덕수궁,광화문·덕수궁,POI009,KEY_2,1000012001,사직로,1000018500,광화문,126.9756248255992830_37.5755943672526271,1000019302,정부서울청사사거리,126.9743957431224146_37.5756988655088620,109.0,12.0,정체,126.9743957431224146_37.5756988655088620|126.9754810818243271_37.5756177185546321|126.9756248255992830_37.5755943672526271
2026-09-04T18:34:05.570303+09:00,광화문·덕수궁,광화문·덕수궁,POI009,KEY_2,1000012101,사직로,1000003601,광화문삼거리,126.9772026040190127_37.5752961563211159,1000020200,경복궁,126.9786283706113750_37.5757946408291801,142.0,5.0,정체,126.9786283706113750_37.5757946408291801|126.9780494814518477_37.5757270176835334|126.9778051553330869_37.5756687993840117|126.9775841152535918_37.5755595455980540|126.9773389726312587_37.5753713360195221|126.9772665949307680_37.5753228898854132|126.9772026040190127_37.5752961563211159
2026-09-04T18:34:05.570303+09:00,광화문·덕수궁,광화문·덕수궁,POI009,KEY_2,1000012102,사직로,1000020200,경복궁,126.9786283706113750_37.5757946408291801,1000019704,경복궁사거리,126.9793621536958312_37.5759001150550986,66.0,5.0,정체,126.9793621536958312_37.5759001150550986|126.9791440605087161_37.5758645700478056|126.9786283706113750_37.5757946408291801
2026-09-04T18:34:05.570303+09:00,광화문·덕수궁,광화문·덕수궁,POI009,KEY_2,1000012201,사직로,1000018900,광화문,126.9779451863085598_37.5756050720602488,1000003602,광화문삼거리,126.9772110255811555_37.5752034687002023,79.0,20.0,서행,126.9772110255811555_37.5752034687002023|126.9772928511832646_37.5752335458452649|126.9773935570080141_37.5752794922773816|126.9776603729761888_37.5754731005354259|126.9778509223909992_37.5755747642951761|126.9779451863085598_37.5756050720602488
2026-09-04T18:34:05.570303+09:00,광화문·덕수궁,광화문·덕수궁,POI009,KEY_2,1000012202,사직로,1000019100,경복궁,126.9786480964121154_37.5756876675167888,1000018900,광화문,126.9779451863085598_37.5756050720602488,63.0,16.0,서행,126.9779451863085598_37.5756050720602488|126.9786480964121154_37.5756876675167888
2026-09-04T18:34:05.570303+09:00,광화문·덕수궁,광화문·덕수궁,POI009,KEY_2,1000012203,사직로,1000019703,경복궁사거리,126.9793107532419185_37.5757813746508091,1000019100,경복궁,126.9786480964121154_37.5756876675167888,59.0,11.0,정체,126.9786480964121154_37.5756876675167888|126.9791690991976765_37.5757582877498706|126.9793107532419185_37.5757813746508091
2026-09-04T18:34:05.570303+09:00,광화문·덕수궁,광화문·덕수궁,POI009,KEY_2,1000012800,율곡로,1000099700,관훈동 113,126.9843012547585914_37.5759322813818102,1000017902,안국동로터리,126.9831650747284471_37.5755740090362238,108.0,10.5,정체,126.9831650747284471_37.5755740090362238|126.9832157778299404_37.5755801309922148|126.9834207454955077_37.5756172367829961|126.9836820397707413_37.5756980185194678|126.9842468281761967_37.5759072448986657|126.9843012547585914_37.5759322813818102
2026-09-04T18:34:05.570303+09:00,광화문·덕수궁,광화문·덕수궁,POI009,KEY_2,1000013802,율곡로3길,1000187200,안국동 177-3,126.9825779024490799_37.5773003698629964,1000017901,안국동로터리,126.9830699625115358_37.5756718813989750,188.0,11.0,정체,126.9830699625115358_37.5756718813989750|126.9830564549576764_37.5759140717657090|126.9830330914684993_37.5760255151221827|126.9826494722971120_37.5768341676311906|126.9826150056688476_37.5769949197743074|126.9825779024490799_37.5773003698629964
2026-09-04T18:34:05.570303+09:00,광화문·덕수궁,광화문·덕수궁,POI009,KEY_2,1000014301,삼청로,1000019704,경복궁사거리,126.9793621536958312_37.5759001150550986,1000020600,대한출판문화협회,126.9794687888132074_37.5765544121067592,73.0,5.0,정체,126.9794687888132074_37.5765544121067592|126.9794674172659654_37.5764824989996455|126.9794172673057773_37.5761249117022231|126.9793621536958312_37.5759001150550986
2026-09-04T18:34:05.570303+09:00,광화문·덕수궁,광화문·덕수궁,POI009,KEY_2,1000014302,삼청로,1000020600,대한출판문화협회,126.9794687888132074_37.5765544121067592,1000022703,국군서울지구병원,126.9798562503477797_37.5800221917764006,388.0,8.0,정체,126.9798562503477797_37.5800221917764006|126.9796182985417516_37.5793264763807215|126.9795665449151443_37.5791397220131316|126.9795478931843604_37.5790381290051698|126.9795326834604623_37.5788730174103378|126.9794969047037227_37.5780275498626395|126.9794687888132074_37.5765544121067592
2026-09-04T18:34:05.570303+09:00,광화문·덕수궁,광화문·덕수궁,POI009,KEY_2,1000014401,삼청로,1000021000,대한출판문화협회,126.9796046197648423_37.5765527706146756,1000019701,경복궁사거리,126.9795067975766756_37.5759255521593971,70.0,23.0,서행,126.9795067975766756_37.5759255521593971|126.9795516592807161_37.5761085342554608|126.9796031487506696_37.5764756650611034|126.9796046197648423_37.5765527706146756
2026-09-04T18:34:05.570303+09:00,광화문·덕수궁,광화문·덕수궁,POI009,KEY_2,1000014402,삼청로,1000022702,국군서울지구병원,126.9799873332334244_37.5799937943622950,1000021000,대한출판문화협회,126.9796046197648423_37.5765527706146756,385.0,16.0,서행,126.9796046197648423_37.5765527706146756|126.9796327193578946_37.5780249082326065|126.9796683669145381_37.5788672429607900|126.9796830227134734_37.5790263448128528|126.9797002616005130_37.5791202376619609|126.9797502489418548_37.5793006189381842|126.9799873332334244_37.5799937943622950
2026-09-04T18:34:05.570303+09:00,광화문·덕수궁,광화문·덕수궁,POI009,KEY_2,1000015201,효자로,1000022102,한글전각갤러리,126.9739017858953645_37.5793498869892204,1000019301,정부서울청사사거리,126.9743957935852450_37.5758074664167268,396.0,19.0,서행,126.9743957935852450_37.5758074664167268|126.9743764184428017_37.5760755345660726|126.9743092662572082_37.5764778948295017|126.9741719066146146_37.5773009081164844|126.9741268698984413_37.5775378120208856|126.9740611119599407_37.5778837117652031|126.9740177174622744_37.5782830491677231|126.9739017858953645_37.5793498869892204
2026-09-04T18:34:05.570303+09:00,광화문·덕수궁,광화문·덕수궁,POI009,KEY_2,1000023500,종로,1000007002,동아일보사,126.9783460265061024_37.5693222473721278,1000008803,광화문우체국,126.9784351192109852_37.5701413844145975,91.0,4.0,정체,126.9784351192109852_37.5701413844145975|126.9783460265061024_37.5693222473721278
2026-09-04T18:34:05.570303+09:00,광화문·덕수궁,광화문·덕수궁,POI009,KEY_2,1000023800,세종대로,1000007300,세종로1-80,126.9769534872362158_37.5695820797097966,1000007600,주한요르단명예영사관,126.9762019638013300_37.5701150604124336,93.0,14.0,정체,126.9762019638013300_37.5701150604124336|126.9765157204813590_37.5700245083348179|126.9765948042672790_37.5699744620325760|126.9767188239706144_37.5698815155413541|126.9768230812362049_37.5697756907165257|126.9769442873751473_37.5696462098692763|126.9769534872362158_37.5695820797097966
2026-09-04T18:34:05.570303+09:00,광화문·덕수궁,광화문·덕수궁,POI009,KEY_2,1000023900,종로,1000008000,동아일보사,126.9777588281918099_37.5701340596360964,1000007400,청계천광장,126.9770893091757529_37.5695834801641908,91.0,8.5,정체,126.9770893091757529_37.5695834801641908|126.9770963075021939_37.5696479702720865|126.9772094321437663_37.5697743360528662|126.9773459521211265_37.5699388507560457|126.9774735034476549_37.5700533015790512|126.9775723207871607_37.5701062430602590|126.9777588281918099_37.5701340596360964
2026-09-04T18:34:05.570303+09:00,광화문·덕수궁,광화문·덕수궁,POI009,KEY_2,1000025901,종로5길,1000008909,GS건설본사,126.9806366436472871_37.5713225324397655,1000013005,신라스테이(광화문),126.9801024195699028_37.5723985668960268,128.0,9.0,정체,126.9801024195699028_37.5723985668960268|126.9801274853195991_37.5723618756308824|126.9801882517644884_37.5722503255379436|126.9804583466781196_37.5717160525297444|126.9804740373480314_37.5716814217555211|126.9806366436472871_37.5713225324397655
2026-09-04T18:34:05.570303+09:00,광화문·덕수궁,광화문·덕수궁,POI009,KEY_2,1000026600,세종대로23길,1000103800,당주동 5-2,126.9738882499421777_37.5716930130245785,1000012005,당주동 50,126.9747605984092615_37.5716854222088443,77.0,9.0,정체,126.9747605984092615_37.5716854222088443|126.9741381445169708_37.5716908392042441|126.9738882499421777_37.5716930130245785
2026-09-04T18:34:05.570303+09:00,광화문·덕수궁,광화문·덕수궁,POI009,KEY_2,1000029000,삼봉로,1000013504,주한미국대사관,126.9784467211068915_37.5726032215874994,1000013702,미국대사관,126.9773159428094118_37.5726780742018107,102.0,16.0,서행,126.9773159428094118_37.5726780742018107|126.9782512339889990_37.5726820504358230|126.9783129244980984_37.5726656952107234|126.9784467211068915_37.5726032215874994
2026-09-04T18:34:05.570303+09:00,광화문·덕수궁,광화문·덕수궁,POI009,KEY_2,1000029100,삼봉로,1000013701,미국대사관,126.9773127388234570_37.5727861811112405,1000013506,주한미국대사관,126.9785034818852267_37.5727020694592397,108.0,8.0,정체,126.9785034818852267_37.5727020694592397|126.9783693699185818_37.5727646906777721|126.9782729085429054_37.5727902630233856|126.9773127388234570_37.5727861811112405
2026-09-04T18:34:05.570303+09:00,광화문·덕수궁,광화문·덕수궁,POI009,KEY_2,1000030300,종로5길,1000013007,신라스테이(광화문),126.9800318327919655_37.5725027624303252,1000003003,서울지방국세청,126.9792594302951443_37.5743021024994945,212.0,21.0,서행,126.9792594302951443_37.5743021024994945|126.9792759294909956_37.5741870574901426|126.9797264864295556_37.5733456984577785|126.9799216853167252_37.5728080378637372|126.9800098025583424_37.5725355279602269|126.9800318327919655_37.5725027624303252
2026-09-04T18:34:05.570303+09:00,광화문·덕수궁,광화문·덕수궁,POI009,KEY_2,1000030400,종로5길,1000003002,서울지방국세청,126.9793945615540594_37.5743132109144398,1000013001,신라스테이(광화문),126.9801555512632518_37.5725479005761187,208.0,7.0,정체,126.9801555512632518_37.5725479005761187|126.9801372815345815_37.5725750734258099|126.9800527402421295_37.5728365252146901|126.9798546919840163_37.5733820359051833|126.9794086508121325_37.5742149647006229|126.9793945615540594_37.5743132109144398
2026-09-04T18:34:05.570303+09:00,광화문·덕수궁,광화문·덕수궁,POI009,KEY_2,1000031700,인사동길,1000200000,관훈동 177-1,126.9846248795644641_37.5741354335962896,1000017903,안국동로터리,126.9830393503038977_37.5755166265144283,209.0,13.0,정체,126.9830393503038977_37.5755166265144283|126.9832578502403493_37.5753718765763765|126.9833833057397072_37.5752802649537472|126.9833874257963799_37.5752759258947009|126.9838138538233210_37.5748268274858290|126.9839983126868219_37.5746325599944413|126.9840028137515446_37.5746278195686330|126.9841931260739045_37.5744516475788828|126.9843256891268339_37.5743491032214507|126.9843944674535408_37.5742999847176264|126.9846248795644641_37.5741354335962896
2026-09-04T18:34:05.570303+09:00,광화문·덕수궁,광화문·덕수궁,POI009,KEY_2,1000032100,사직로8길,1000016201,중앙지하차도(동측),126.9780392001640763_37.5743414013185841,1000015901,중앙지하차도(서측),126.9756254491522043_37.5741101153048476,215.0,8.0,정체,126.9756254491522043_37.5741101153048476|126.9761957492264486_37.5741735473063159|126.9766215660821871_37.5742181343338189|126.9771926297512294_37.5742872595378330|126.9772948428578871_37.5742955404616978|126.9780392001640763_37.5743414013185841
2026-09-04T18:34:05.570303+09:00,광화문·덕수궁,광화문·덕수궁,POI009,KEY_2,1000032200,사직로8길,1000015902,중앙지하차도(서측),126.9756117227963585_37.5742176029672024,1000016202,중앙지하차도(동측),126.9780305337901893_37.5744492911494277,215.0,25.0,원활,126.9780305337901893_37.5744492911494277|126.9772827190510327_37.5744032358319444|126.9771755284284893_37.5743945520917961|126.9766024909210955_37.5743251885524288|126.9761774658537661_37.5742806845081674|126.9756117227963585_37.5742176029672024
2026-09-04T18:34:05.570303+09:00,광화문·덕수궁,광화문·덕수궁,POI009,KEY_2,1000032700,율곡로2길,1000064500,수송동 85,126.9808437743933212_37.5753197426095085,1000003002,서울지방국세청,126.9793945615540594_37.5743132109144398,170.0,12.0,정체,126.9793945615540594_37.5743132109144398|126.9794413053962359_37.5743246674037579|126.9795218589004548_37.5743613221576922|126.9800684692065005_37.5747696032537419|126.9808437743933212_37.5753197426095085
2026-09-04T18:34:05.570303+09:00,광화문·덕수궁,광화문·덕수궁,POI009,KEY_2,1000032800,율곡로2길,1000003001,서울지방국세청,126.9793545831470993_37.5744165416395930,1000019203,주한멕시코대사관,126.9811804454430160_37.5757381628755169,219.0,12.0,정체,126.9811804454430160_37.5757381628755169|126.9810303591040253_37.5755969856150003|126.9807533749140589_37.5754004466844975|126.9799767752529789_37.5748493879335896|126.9794405580789487_37.5744488693975143|126.9793869466254961_37.5744244737253723|126.9793545831470993_37.5744165416395930
2026-09-04T18:34:05.570303+09:00,광화문·덕수궁,광화문·덕수궁,POI009,KEY_2,1000033500,사직로8길,1000016700,광화문,126.9763532157447088_37.5747826865806687,1000018500,광화문,126.9756248255992830_37.5755943672526271,120.0,17.0,서행,126.9756248255992830_37.5755943672526271|126.9757224088591272_37.5755618208710729|126.9758504305735158_37.5754900338429323|126.9760508643001629_37.5753564685578638|126.9761754799532412_37.5752709023523934|126.9762520914758284_37.5751999395367235|126.9763079793872578_37.5751369053768087|126.9763381579947321_37.5750888967285448|126.9763591702643026_37.5749970467265655|126.9763532157447088_37.5747826865806687
2026-09-04T18:34:05.570303+09:00,광화문·덕수궁,광화문·덕수궁,POI009,KEY_2,1000033900,우정국로,1000017300,안국동사거리,126.9828039229332575_37.5749851341707171,1000018100,안국동사거리,126.9820370732549009_37.5756052331219763,102.0,10.0,정체,126.9820370732549009_37.5756052331219763|126.9822935365986751_37.5755095925525495|126.9827428871539610_37.5751967734075052|126.9827905797247212_37.5750539177611387|126.9828039229332575_37.5749851341707171
2026-09-04T18:34:05.570303+09:00,광화문·덕수궁,광화문·덕수궁,POI009,KEY_2,1000034600,종로1길,1000018300,경복궁사거리,126.9791985772177298_37.5755559719213679,1000019100,경복궁,126.9786480964121154_37.5756876675167888,52.0,18.0,서행,126.9786480964121154_37.5756876675167888|126.9788862592677674_37.5756563323175570|126.9790599923662171_37.5756153599018674|126.9791438638352332_37.5755915362356276|126.9791953891944161_37.5755648461559062|126.9791985772177298_37.5755559719213679
2026-09-04T18:34:05.570303+09:00,광화문·덕수궁,광화문·덕수궁,POI009,KEY_2,1000034900,율곡로,1000019401,경복궁,126.9801381644492011_37.5758813627365100,1000018200,경복궁,126.9792457576218681_37.5753789068622197,101.0,7.0,정체,126.9792457576218681_37.5753789068622197|126.9793355830232144_37.5754952608411301|126.9794316395642397_37.5755988334256017|126.9795071017629624_37.5756589212616419|126.9796274882100420_37.5757347490756146|126.9797877149027556_37.5758145479697703|126.9801381644492011_37.5758813627365100
2026-09-04T18:34:05.570303+09:00,광화문·덕수궁,광화문·덕수궁,POI009,KEY_2,1000035200,사직로,1000020200,경복궁,126.9786283706113750_37.5757946408291801,1000020600,대한출판문화협회,126.9794687888132074_37.5765544121067592,118.0,5.0,정체,126.9794687888132074_37.5765544121067592|126.9794368084534142_37.5764098329770562|126.9791960602808700_37.5761637733622180|126.9789750836954596_37.5759177176703147|126.9788694300669647_37.5758537146814078|126.9786283706113750_37.5757946408291801
2026-09-04T18:34:05.570303+09:00,광화문·덕수궁,광화문·덕수궁,POI009,KEY_2,1000035300,삼청로,1000021000,대한출판문화협회,126.9796046197648423_37.5765527706146756,1000020300,경복궁,126.9801205068413168_37.5759892604625989,93.0,15.0,서행,126.9801205068413168_37.5759892604625989|126.9797298312382878_37.5760780464987292|126.9796597331679635_37.5761137931100748|126.9796040049640879_37.5761795786155588|126.9796046197648423_37.5765527706146756
2026-09-04T18:34:05.570303+09:00,광화문·덕수궁,광화문·덕수궁,POI009,KEY_2,1000046300,새문안로2길,1000031901,LG생활건강본사,126.9726562477517007_37.5694752037596373,1010034407,덕수초교앞,126.9742405418020041_37.5694753085403192,140.0,4.0,정체,126.9742405418020041_37.5694753085403192|126.9737001184918910_37.5694668895599477|126.9732258257600250_37.5694752072557421|126.9732250058664107_37.5694752072526938|126.9726562477517007_37.5694752037596373
2026-09-04T18:34:05.570303+09:00,광화문·덕수궁,광화문·덕수궁,POI009,KEY_2,1000046400,새문안로2길,1010034406,덕수초교앞,126.9742124026112293_37.5693667298241039,1000031902,LG생활건강본사,126.9726548639586667_37.5693670843502048,138.0,20.0,서행,126.9726548639586667_37.5693670843502048|126.9732243295454310_37.5693670883595701|126.9736984915906817_37.5693587722487976|126.9736999516345151_37.5693587466388053|126.9742124026112293_37.5693667298241039
2026-09-04T18:34:05.570303+09:00,광화문·덕수궁,광화문·덕수궁,POI009,KEY_2,1000046500,종로3길,1000008602,KT광화문빌딩East,126.9793723999539878_37.5713097781531999,1000008909,GS건설본사,126.9806366436472871_37.5713225324397655,112.0,6.0,정체,126.9806366436472871_37.5713225324397655|126.9793723999539878_37.5713097781531999
2026-09-04T18:34:05.570303+09:00,광화문·덕수궁,광화문·덕수궁,POI009,KEY_2,1000046600,종로3길,1000008908,GS건설본사,126.9806854115378769_37.5712148957716821,1000008603,KT광화문빌딩East,126.9793750304311573_37.5712016763059680,116.0,11.0,정체,126.9793750304311573_37.5712016763059680|126.9806854115378769_37.5712148957716821
2026-09-04T18:34:05.570303+09:00,광화문·덕수궁,광화문·덕수궁,POI009,KEY_2,1000046900,새문안로5길,1000012006,국토매일신문,126.9746696177836469_37.5730735623354022,1000032002,세종문화회관,126.9758250290710748_37.5731209316015295,105.0,6.0,정체,126.9758250290710748_37.5731209316015295|126.9757824820902385_37.5730812205397768|126.9757224844348826_37.5730583643911942|126.9746696177836469_37.5730735623354022
2026-09-04T18:34:05.570303+09:00,광화문·덕수궁,광화문·덕수궁,POI009,KEY_2,1010005904,세종대로,1010017809,소공동주민센터,126.9763214748840596_37.5626583872939435,1010021603,시청앞광장,126.9768324946201261_37.5639716881909536,153.0,10.0,정체,126.9768324946201261_37.5639716881909536|126.9764915927669620_37.5630734109549138|126.9763214748840596_37.5626583872939435
2026-09-04T18:34:05.570303+09:00,광화문·덕수궁,광화문·덕수궁,POI009,KEY_2,1010006002,세종대로,1010021602,시청앞광장,126.9769689889781006_37.5639574810137518,1010015700,숭례문,126.9758216757282128_37.5609807560682611,346.0,15.0,서행,126.9758216757282128_37.5609807560682611|126.9761127772680140_37.5617942588954108|126.9761509252078469_37.5618937585952821|126.9764084629013752_37.5625220596037011|126.9764505959815182_37.5626248484352132|126.9766211792211692_37.5630410044178191|126.9769689889781006_37.5639574810137518
2026-09-04T18:34:05.570303+09:00,광화문·덕수궁,광화문·덕수궁,POI009,KEY_2,1010007305,서소문로,1010060500,서소문동 42-3,126.9748814331857290_37.5634753132613639,1010021604,시청앞광장,126.9768728564433928_37.5640783561644085,191.0,21.0,서행,126.9768728564433928_37.5640783561644085|126.9766787939362445_37.5640859652900971|126.9765523317762188_37.5640754535460886|126.9763400428201123_37.5640251139761148|126.9749917778751325_37.5635158830683409|126.9748814331857290_37.5634753132613639
2026-09-04T18:34:05.570303+09:00,광화문·덕수궁,광화문·덕수궁,POI009,KEY_2,1010011100,소공로,1010024703,시청앞광장,126.9784672029423973_37.5649273269454653,1010024202,시청앞교차로,126.9772712943529740_37.5649019993645936,106.0,23.0,서행,126.9772712943529740_37.5649019993645936|126.9774098801302102_37.5649281244663342|126.9776269810423628_37.5649428736685351|126.9783249021099323_37.5649392241840445|126.9784672029423973_37.5649273269454653
2026-09-04T18:34:05.570303+09:00,광화문·덕수궁,광화문·덕수궁,POI009,KEY_2,1010007405,서소문로,1010021603,시청앞광장,126.9768324946201261_37.5639716881909536,1010020202,중앙일보사,126.9742502538365869_37.5631241528421853,249.0,8.0,정체,126.9742502538365869_37.5631241528421853|126.9749383845103381_37.5633771573157134|126.9750493665217306_37.5634179614493959|126.9763888286545210_37.5639238670732283|126.9765790012718583_37.5639689628774178|126.9766825277856697_37.5639775680622137|126.9768324946201261_37.5639716881909536
2026-09-04T18:34:05.570303+09:00,광화문·덕수궁,광화문·덕수궁,POI009,KEY_2,1010007500,소공로,1010017903,한국은행앞교차로,126.9811556456876929_37.5619216279188848,1010021703,소공로지하상가,126.9793735854893129_37.5639048297059688,271.0,7.0,정체,126.9793735854893129_37.5639048297059688|126.9799260872659801_37.5633234478845921|126.9804607657373765_37.5627352047527836|126.9809958432867205_37.5621465108158432|126.9811556456876929_37.5619216279188848
2026-09-04T18:34:05.570303+09:00,광화문·덕수궁,광화문·덕수궁,POI009,KEY_2,1010008401,세종대로18길,1010021203,우성빌딩,126.9777193951018148_37.5638099385310227,1010021602,시청앞광장,126.9769689889781006_37.5639574810137518,68.0,8.0,정체,126.9769689889781006_37.5639574810137518|126.9777193951018148_37.5638099385310227
2026-09-04T18:34:05.570303+09:00,광화문·덕수궁,광화문·덕수궁,POI009,KEY_2,1010008402,세종대로18길,1010073800,소공동 87-15,126.9784945856248157_37.5638009334543241,1010021202,우성빌딩,126.9778443694909242_37.5637825313256783,58.0,6.0,정체,126.9778443694909242_37.5637825313256783|126.9779245419285019_37.5637634021338656|126.9780550037610567_37.5637507097928918|126.9781651142375978_37.5637590779395225|126.9784945856248157_37.5638009334543241
2026-09-04T18:34:05.570303+09:00,광화문·덕수궁,광화문·덕수궁,POI009,KEY_2,1010009100,남대문로7길,1010021108,호텔이비스명동,126.9820519451972700_37.5636664770067483,1010021702,소공로지하상가,126.9795475428450970_37.5639009918525275,227.0,5.0,정체,126.9795475428450970_37.5639009918525275|126.9796803370022360_37.5638948862261515|126.9806310216740002_37.5639896452279629|126.9820519451972700_37.5636664770067483
2026-09-04T18:34:05.570303+09:00,광화문·덕수궁,광화문·덕수궁,POI009,KEY_2,1010009200,남대문로7길,1010021701,소공로지하상가,126.9794402894512473_37.5640142229526717,1010021109,호텔이비스명동,126.9820873216543333_37.5637708767384169,240.0,11.0,정체,126.9820873216543333_37.5637708767384169|126.9806416666700954_37.5640996703370931|126.9796757766825266_37.5640033960331934|126.9794402894512473_37.5640142229526717
2026-09-04T18:34:05.570303+09:00,광화문·덕수궁,광화문·덕수궁,POI009,KEY_2,1010009501,소공로,1010021704,소공로지하상가,126.9792789797845671_37.5640057968385435,1010023303,조선호텔,126.9788152991022230_37.5645029149171776,69.0,10.0,정체,126.9788152991022230_37.5645029149171776|126.9792789797845671_37.5640057968385435
2026-09-04T18:34:05.570303+09:00,광화문·덕수궁,광화문·덕수궁,POI009,KEY_2,1010009502,소공로,1010023304,조선호텔,126.9787312154575005_37.5645930511843886,1010024703,시청앞광장,126.9784672029423973_37.5649273269454653,44.0,8.0,정체,126.9784672029423973_37.5649273269454653|126.9785328581880179_37.5648259321764542|126.9786099909753290_37.5647229929441977|126.9787312154575005_37.5645930511843886
2026-09-04T18:34:05.570303+09:00,광화문·덕수궁,광화문·덕수궁,POI009,KEY_2,1010009601,소공로,1010023302,조선호텔,126.9789243502561220_37.5645673683433330,1010021701,소공로지하상가,126.9794402894512473_37.5640142229526717,76.0,11.0,정체,126.9794402894512473_37.5640142229526717|126.9789243502561220_37.5645673683433330
2026-09-04T18:34:05.570303+09:00,광화문·덕수궁,광화문·덕수궁,POI009,KEY_2,1010009602,소공로,1010024701,속성변화점,126.9786056986612977_37.5650244624703831,1010023301,조선호텔,126.9788402605382771_37.5646575116433681,47.0,14.0,정체,126.9788402605382771_37.5646575116433681|126.9787231273203787_37.5647830692895752|126.9786516629586544_37.5648784430538711|126.9786287557715099_37.5649138199071757|126.9786056986612977_37.5650244624703831
2026-09-04T18:34:05.570303+09:00,광화문·덕수궁,광화문·덕수궁,POI009,KEY_2,1010009902,세종대로,1010021604,시청앞광장,126.9768728564433928_37.5640783561644085,1010024204,시청앞교차로,126.9770880989032236_37.5648197786229900,85.0,17.0,서행,126.9770880989032236_37.5648197786229900|126.9770591791834136_37.5646629693451288|126.9770001947957212_37.5644354373990907|126.9769219936512883_37.5642088549141349|126.9768728564433928_37.5640783561644085
2026-09-04T18:34:05.570303+09:00,광화문·덕수궁,광화문·덕수궁,POI009,KEY_2,1010010000,세종대로,1010024203,시청앞교차로,126.9772135411598413_37.5647555843739269,1010021601,시청앞광장,126.9770081698073909_37.5640611462049279,79.0,17.0,서행,126.9770081698073909_37.5640611462049279|126.9770525488461743_37.5641790078298783|126.9771323290460572_37.5644101639924273|126.9771929938028450_37.5646441761629077|126.9772135411598413_37.5647555843739269
2026-09-04T18:34:05.570303+09:00,광화문·덕수궁,광화문·덕수궁,POI009,KEY_2,1010011000,덕수궁길,1010003702,국립현대미술관(덕수궁),126.9734800713954428_37.5653099277390794,1010024205,시청앞교차로,126.9771111379704962_37.5649683842586413,350.0,14.0,정체,126.9771111379704962_37.5649683842586413|126.9769955437966189_37.5648997036250520|126.9769191129801698_37.5648841239987448|126.9762643259252286_37.5649661911538288|126.9761744747147532_37.5649770829893868|126.9759779520215517_37.5650009053778362|126.9758689949813260_37.5650050124235619|126.9752013280298399_37.5649548066137768|126.9751376722967393_37.5649475156969572|126.9743014077374426_37.5648517294047579|126.9740978380537513_37.5648406360021241|126.9740518977143893_37.5648432379020889|126.9740231183313881_37.5648571744892976|126.9736843653272729_37.5652451675209207|126.9735504744861458_37.5653043393530339|126.9734800713954428_37.5653099277390794
2026-09-04T18:34:05.570303+09:00,광화문·덕수궁,광화문·덕수궁,POI009,KEY_2,1010011200,소공로,1010024201,시청앞교차로,126.9772516593585294_37.5650094083765893,1010024704,시청앞광장,126.9784659259494219_37.5650361481380060,108.0,5.0,정체,126.9784659259494219_37.5650361481380060|126.9783324600417700_37.5650473063687187|126.9776216401868254_37.5650510228301613|126.9773883375840597_37.5650351731031407|126.9772516593585294_37.5650094083765893
2026-09-04T18:34:05.570303+09:00,광화문·덕수궁,광화문·덕수궁,POI009,KEY_2,1010012500,을지로,1010024704,시청앞광장,126.9784659259494219_37.5650361481380060,1010004003,시청앞교차로,126.9789708087737665_37.5659839969886207,114.0,9.0,정체,126.9789708087737665_37.5659839969886207|126.9788675333299039_37.5658318303835728|126.9786502993091943_37.5654208830312371|126.9784659259494219_37.5650361481380060
2026-09-04T18:34:05.570303+09:00,광화문·덕수궁,광화문·덕수궁,POI009,KEY_2,1010012600,을지로,1010004002,시청앞교차로,126.9790903112125449_37.5659326054826721,1010024701,속성변화점,126.9786056986612977_37.5650244624703831,110.0,14.0,정체,126.9786056986612977_37.5650244624703831|126.9787763856751894_37.5653806366447611|126.9789901698400030_37.5657850581407118|126.9790903112125449_37.5659326054826721
2026-09-04T18:34:05.570303+09:00,광화문·덕수궁,광화문·덕수궁,POI009,KEY_2,1010013800,세종대로,1010004902,강원도민일보(서울본부),126.9771979915670101_37.5670009920858590,1010024201,시청앞교차로,126.9772516593585294_37.5650094083765893,221.0,21.0,서행,126.9772516593585294_37.5650094083765893|126.9772632229602749_37.5651213527824481|126.9772704963173453_37.5652669803863901|126.9772680209366058_37.5654083777349115|126.9772559424266944_37.5656434912380419|126.9771979915670101_37.5670009920858590
2026-09-04T18:34:05.570303+09:00,광화문·덕수궁,광화문·덕수궁,POI009,KEY_2,1010013901,을지로,1010004001,시청앞교차로,126.9791355868352127_37.5660429362421766,1010027204,일본국제관광진흥기구서울사무소,126.9796194072220459_37.5660647181267464,43.0,8.0,정체,126.9796194072220459_37.5660647181267464|126.9791355868352127_37.5660429362421766
2026-09-04T18:34:05.570303+09:00,광화문·덕수궁,광화문·덕수궁,POI009,KEY_2,1010014001,을지로,1010141800,을지로1가 50-1,126.9805253177826074_37.5659685214828443,1010004002,시청앞교차로,126.9790903112125449_37.5659326054826721,127.0,13.0,정체,126.9790903112125449_37.5659326054826721|126.9796270767268993_37.5659567711099385|126.9797571380910313_37.5659602844908065|126.9805253177826074_37.5659685214828443
2026-09-04T18:34:05.570303+09:00,광화문·덕수궁,광화문·덕수궁,POI009,KEY_2,1010015200,정동길,1010053500,정동 6-1,126.9726302734250396_37.5657818964494226,1010003701,국립현대미술관(덕수궁),126.9734172515147748_37.5653215661761095,86.0,10.7,정체,126.9734172515147748_37.5653215661761095|126.9731819807769568_37.5654408147970216|126.9726302734250396_37.5657818964494226
2026-09-04T18:34:05.570303+09:00,광화문·덕수궁,광화문·덕수궁,POI009,KEY_2,1010015400,무교로,1010004802,한국체육박물관,126.9792639816276676_37.5669296274705644,1010004001,시청앞교차로,126.9791355868352127_37.5660429362421766,99.0,10.0,정체,126.9791355868352127_37.5660429362421766|126.9792051056433166_37.5662774283455079|126.9792449697865493_37.5664901136539342|126.9792639816276676_37.5669296274705644
2026-09-04T18:34:05.570303+09:00,광화문·덕수궁,광화문·덕수궁,POI009,KEY_2,1010016400,세종대로20길,1010152400,태평로1가 31-1,126.9781614739919320_37.5671149535760875,1010004804,한국체육박물관,126.9791327692852860_37.5670432031565085,86.0,6.0,정체,126.9791327692852860_37.5670432031565085|126.9790021637939503_37.5670657791657803|126.9788569191823626_37.5670778321488825|126.9783926986433755_37.5671163538151802|126.9781614739919320_37.5671149535760875
2026-09-04T18:34:05.570303+09:00,광화문·덕수궁,광화문·덕수궁,POI009,KEY_2,1010017601,무교로,1010141400,무교동 44-1,126.9793100041751046_37.5679689583533047,1010004801,한국체육박물관,126.9792685302403470_37.5670397690594271,103.0,3.0,정체,126.9792685302403470_37.5670397690594271|126.9792880141313276_37.5675278005997768|126.9792897236795000_37.5675706209739317|126.9793100041751046_37.5679689583533047
2026-09-04T18:34:05.570303+09:00,광화문·덕수궁,광화문·덕수궁,POI009,KEY_2,1010017602,무교로,1010034301,무교동사거리,126.9793440155466442_37.5692674718774171,1010034101,무교동사거리,126.9793610650683036_37.5689718470786644,33.0,2.0,정체,126.9793610650683036_37.5689718470786644|126.9793440155466442_37.5692674718774171
2026-09-04T18:34:05.570303+09:00,광화문·덕수궁,광화문·덕수궁,POI009,KEY_2,1010017701,덕수궁길,1010003708,국립현대미술관(덕수궁),126.9733973038882908_37.5653215550209438,1010034405,덕수초교앞,126.9742636314177417_37.5692915440127635,470.0,19.0,서행,126.9742636314177417_37.5692915440127635|126.9742609154399133_37.5692318560367440|126.9741806606774475_37.5688123115606558|126.9741708329106444_37.5687509002550755|126.9741496491990489_37.5687070234402825|126.9733330667186380_37.5677499979341434|126.9732604662010260_37.5676432387449850|126.9732135563309470_37.5675636296405173|126.9732109235822293_37.5675447199477688|126.9732028295893542_37.5674865848597861|126.9732067525657442_37.5673829793437548|126.9732946020034490_37.5669917355047289|126.9734162527930152_37.5666474960378096|126.9734297415941171_37.5665457649226155|126.9734351774182528_37.5662640535461065|126.9734319058327827_37.5653823750330673|126.9734292579386477_37.5653516838069237|126.9734209124859774_37.5653359703583263|126.9733973038882908_37.5653215550209438
2026-09-04T18:34:05.570303+09:00,광화문·덕수궁,광화문·덕수궁,POI009,KEY_2,1010017702,덕수궁길,1010034408,덕수초교앞,126.9742709920243016_37.5695017977150982,1000007903,신문로1가 5-4,126.9743707219120381_37.5701009152256020,67.0,16.0,서행,126.9743707219120381_37.5701009152256020|126.9742714713144238_37.5695298211502120|126.9742709920243016_37.5695017977150982
2026-09-04T18:34:05.570303+09:00,광화문·덕수궁,광화문·덕수궁,POI009,KEY_2,1010017801,덕수궁길,1010142200,정동 1-36,126.9733459274212635_37.5675328106811506,1010003703,국립현대미술관(덕수궁),126.9735218655151243_37.5652613466895460,255.0,21.0,서행,126.9735218655151243_37.5652613466895460|126.9735320491287638_37.5652675646712737|126.9735632083507113_37.5653262373116092|126.9735677185460503_37.5653785069074999|126.9735710082390199_37.5662647237383496|126.9735654610655899_37.5665522825597762|126.9735501225163148_37.5666679552866043|126.9734271477770164_37.5670159427351393|126.9733422194510410_37.5673941796546416|126.9733388862719750_37.5674822368240626|126.9733459274212635_37.5675328106811506
2026-09-04T18:34:05.570303+09:00,광화문·덕수궁,광화문·덕수궁,POI009,KEY_2,1010017802,덕수궁길,1000007902,신문로1가 5-4,126.9745078099836633_37.5701006884260735,1010034401,덕수초교앞,126.9744068784933120_37.5695041013549940,67.0,15.7,서행,126.9744068784933120_37.5695041013549940|126.9744071786620196_37.5695216461825154|126.9745078099836633_37.5701006884260735
2026-09-04T18:34:05.570303+09:00,광화문·덕수궁,광화문·덕수궁,POI009,KEY_2,1010018100,세종대로,1010024205,시청앞교차로,126.9771111379704962_37.5649683842586413,1010036201,청계광장,126.9769724776174371_37.5689758850454254,445.0,14.0,정체,126.9769724776174371_37.5689758850454254|126.9770357842986499_37.5675064469025131|126.9770571241010231_37.5671045176161513|126.9770622406749681_37.5669973200828053|126.9771202099424414_37.5656394465692429|126.9771322330851717_37.5654054151655075|126.9771346338183520_37.5652683750225975|126.9771276194723697_37.5651279335943542|126.9771111379704962_37.5649683842586413
2026-09-04T18:34:05.570303+09:00,광화문·덕수궁,광화문·덕수궁,POI009,KEY_2,1010018200,세종대로,1000002000,청계광장,126.9771060680401717_37.5690311929919076,1010004901,강원도민일보(서울본부),126.9771928320576109_37.5671090827981402,213.0,9.5,정체,126.9771928320576109_37.5671090827981402|126.9771715167423451_37.5675105826680635|126.9771060680401717_37.5690311929919076
2026-09-04T18:34:05.570303+09:00,광화문·덕수궁,광화문·덕수궁,POI009,KEY_2,1010037000,남대문로1길,1010023102,서울프라자호텔,126.9781270908112134_37.5644147123986087,1010021201,우성빌딩,126.9778833665384354_37.5638860982800367,62.0,5.0,정체,126.9778833665384354_37.5638860982800367|126.9781270908112134_37.5644147123986087
2026-09-04T18:34:05.570303+09:00,광화문·덕수궁,광화문·덕수궁,POI009,KEY_2,1010037100,남대문로1길,1010021204,우성빌딩,126.9777519647640105_37.5639149035560536,1010023103,서울프라자호텔,126.9779917291016176_37.5644349310718795,61.0,9.0,정체,126.9779917291016176_37.5644349310718795|126.9777519647640105_37.5639149035560536
2026-09-04T18:34:05.570303+09:00,광화문·덕수궁,광화문·덕수궁,POI009,KEY_2,1010037700,서소문로11길,1010119100,정동 34-31,126.9727951808603876_37.5647038792147114,1010003707,국립현대미술관(덕수궁),126.9733026963352955_37.5652751287957045,97.0,6.0,정체,126.9733026963352955_37.5652751287957045|126.9731147506106339_37.5651909181462429|126.9727976869032062_37.5651133337218468|126.9727288163474412_37.5650455719333536|126.9727288478402016_37.5649591817261097|126.9727803611883274_37.5647836723506359|126.9727951808603876_37.5647038792147114
2026-09-04T18:34:05.570303+09:00,광화문·덕수궁,광화문·덕수궁,POI009,KEY_2,1010038300,소공로,1010023101,서울프라자호텔,126.9781769454158393_37.5645228411741812,1010023304,조선호텔,126.9787312154575005_37.5645930511843886,50.0,9.0,정체,126.9787312154575005_37.5645930511843886|126.9785957557285769_37.5645517262991930|126.9784554783557979_37.5645322032255891|126.9782121876750836_37.5645228476832003|126.9781769454158393_37.5645228411741812
2026-09-04T18:34:05.570303+09:00,광화문·덕수궁,광화문·덕수궁,POI009,KEY_2,1010039000,소공로,1010024202,시청앞교차로,126.9772712943529740_37.5649019993645936,1010023104,서울프라자호텔,126.9780385528240316_37.5645364866542977,82.0,4.0,정체,126.9780385528240316_37.5645364866542977|126.9776055199770184_37.5646501981039478|126.9774312688185773_37.5647230654274864|126.9773645076050741_37.5647713550531037|126.9773054583435652_37.5648401473905977|126.9772712943529740_37.5649019993645936
2026-09-04T18:34:05.570303+09:00,광화문·덕수궁,광화문·덕수궁,POI009,KEY_2,1010045900,새문안로2길,1010034503,조선일보본사,126.9757336729328898_37.5693927914711736,1010034403,덕수초교앞,126.9744623970510844_37.5693699781441666,112.0,17.0,서행,126.9744623970510844_37.5693699781441666|126.9751125420028046_37.5693767090831088|126.9754684882037736_37.5693803926704959|126.9757336729328898_37.5693927914711736
2026-09-04T18:34:05.570303+09:00,광화문·덕수궁,광화문·덕수궁,POI009,KEY_2,1010046000,새문안로2길,1010034402,덕수초교앞,126.9744431042179968_37.5694779067993210,1010034504,조선일보본사,126.9756904321789079_37.5694990761609162,110.0,22.0,서행,126.9756904321789079_37.5694990761609162|126.9754636204795446_37.5694884714731927|126.9751107757574573_37.5694848197226179|126.9744431042179968_37.5694779067993210
2026-09-04T18:34:05.570303+09:00,보신각,보신각,POI010,KEY_3,1000000303,종로,1000008703,종로1가사거리,126.9828971865418197_37.5701731264087542,1000007700,종로1가,126.9822109960776402_37.5701758601934444,61.0,6.0,정체,126.9822109960776402_37.5701758601934444|126.9824008620181672_37.5701779915733454|126.9828971865418197_37.5701731264087542
2026-09-04T18:34:05.570303+09:00,보신각,보신각,POI010,KEY_3,1000000401,종로,1000008606,종로구청입구교차로,126.9793844377634713_37.5702575676490582,1000008905,SK빌딩,126.9809530025248421_37.5702700889503021,139.0,7.0,정체,126.9809530025248421_37.5702700889503021|126.9798986206276368_37.5702616744867512|126.9793844377634713_37.5702575676490582
2026-09-04T18:34:05.570303+09:00,보신각,보신각,POI010,KEY_3,1000000402,종로,1000008902,SK빌딩,126.9810888552751891_37.5702713893331790,1000009500,종로1가,126.9822090811274506_37.5702839694386270,99.0,10.0,정체,126.9822090811274506_37.5702839694386270|126.9810888552751891_37.5702713893331790
2026-09-04T18:34:05.570303+09:00,보신각,보신각,POI010,KEY_3,1000000403,종로,1000009500,종로1가,126.9822090811274506_37.5702839694386270,1000008704,종로1가사거리,126.9829124807839946_37.5702811035568871,62.0,7.0,정체,126.9829124807839946_37.5702811035568871|126.9824007403594095_37.5702861200097971|126.9822090811274506_37.5702839694386270
2026-09-04T18:34:05.570303+09:00,보신각,보신각,POI010,KEY_3,1000000501,종로,1000008701,종로1가사거리,126.9830485481293891_37.5702800768006568,1000009600,종로1가,126.9837104338048164_37.5702764015435093,58.0,7.0,정체,126.9837104338048164_37.5702764015435093|126.9830485481293891_37.5702800768006568
2026-09-04T18:34:05.570303+09:00,보신각,보신각,POI010,KEY_3,1000000502,종로,1000231500,종로2가 1-2,126.9840871569151233_37.5702743076942411,1000009104,종각지하쇼핑센터,126.9856860459643428_37.5702623526753499,141.0,16.0,서행,126.9856860459643428_37.5702623526753499|126.9846512311403757_37.5702711702886205|126.9844496207387294_37.5702722919640593|126.9840871569151233_37.5702743076942411
2026-09-04T18:34:05.570303+09:00,보신각,보신각,POI010,KEY_3,1000000503,종로,1000009101,종각지하쇼핑센터,126.9858227292488380_37.5702608423529298,1000008504,종로2가교차로,126.9876156819137520_37.5702574924147754,158.0,12.0,정체,126.9876156819137520_37.5702574924147754|126.9871453036203235_37.5702428823229511|126.9869246551587310_37.5702458796709990|126.9858227292488380_37.5702608423529298
2026-09-04T18:34:05.570303+09:00,보신각,보신각,POI010,KEY_3,1000000601,종로,1000007800,종로1가,126.9837094850009294_37.5701682846705296,1000008702,종로1가사거리,126.9830343185050481_37.5701720336345346,60.0,7.0,정체,126.9830343185050481_37.5701720336345346|126.9837094850009294_37.5701682846705296
2026-09-04T18:34:05.570303+09:00,보신각,보신각,POI010,KEY_3,1000000602,종로,1000231400,종로2가 1-2,126.9840862081807984_37.5701661909693030,1000007800,종로1가,126.9837094850009294_37.5701682846705296,33.0,5.0,정체,126.9837094850009294_37.5701682846705296|126.9840862081807984_37.5701661909693030
2026-09-04T18:34:05.570303+09:00,보신각,보신각,POI010,KEY_3,1000000603,종로,1000181900,종로2가 84-11,126.9869223374955283_37.5701377759501440,1000009102,종각지하쇼핑센터,126.9858204131049462_37.5701527379884581,97.0,7.0,정체,126.9858204131049462_37.5701527379884581|126.9869223374955283_37.5701377759501440
2026-09-04T18:34:05.570303+09:00,보신각,보신각,POI010,KEY_3,1000003001,청계천로,1010033701,광교사거리,126.9828472617604831_37.5690310653232729,1000006702,동광빌딩,126.9856496555834724_37.5685348675876654,254.0,4.0,정체,126.9856496555834724_37.5685348675876654|126.9845929724430675_37.5687445528897968|126.9830379501262456_37.5690132418433791|126.9828472617604831_37.5690310653232729
2026-09-04T18:34:05.570303+09:00,보신각,보신각,POI010,KEY_3,1000003002,청계천로,1000006701,동광빌딩,126.9857835455856332_37.5685053538768585,1010032702,청계2가,126.9876182832415594_37.5682809508841231,165.0,4.0,정체,126.9876182832415594_37.5682809508841231|126.9873100375229313_37.5682871695245453|126.9868524145434350_37.5683023760080914|126.9865577109127059_37.5683366707556416|126.9863804072084292_37.5683652570468496|126.9861647659198667_37.5684129099601307|126.9857835455856332_37.5685053538768585
2026-09-04T18:34:05.570303+09:00,보신각,보신각,POI010,KEY_3,1000003400,청계천로,1010034301,무교동사거리,126.9793440155466442_37.5692674718774171,1010033702,광교사거리,126.9827120922386285_37.5690419071249693,299.0,13.0,정체,126.9827120922386285_37.5690419071249693|126.9793440155466442_37.5692674718774171
2026-09-04T18:34:05.570303+09:00,보신각,보신각,POI010,KEY_3,1000004701,우정국로,1010033702,광교사거리,126.9827120922386285_37.5690419071249693,1000007200,종로1가,126.9827935302844111_37.5696197701673924,65.0,12.5,정체,126.9827935302844111_37.5696197701673924|126.9827458886658889_37.5693654356143227|126.9827120922386285_37.5690419071249693
2026-09-04T18:34:05.570303+09:00,보신각,보신각,POI010,KEY_3,1000004702,우정국로,1000007200,종로1가,126.9827935302844111_37.5696197701673924,1000008703,종로1가사거리,126.9828971865418197_37.5701731264087542,62.0,11.0,정체,126.9828971865418197_37.5701731264087542|126.9827935302844111_37.5696197701673924
2026-09-04T18:34:05.570303+09:00,보신각,보신각,POI010,KEY_3,1000004801,우정국로,1000007100,종로1가,126.9829278791696936_37.5696038258341787,1010033701,광교사거리,126.9828472617604831_37.5690310653232729,64.0,7.0,정체,126.9828472617604831_37.5690310653232729|126.9828808883077329_37.5693529710736058|126.9829278791696936_37.5696038258341787
2026-09-04T18:34:05.570303+09:00,보신각,보신각,POI010,KEY_3,1000004802,우정국로,1000008702,종로1가사거리,126.9830343185050481_37.5701720336345346,1000007100,종로1가,126.9829278791696936_37.5696038258341787,64.0,4.0,정체,126.9829278791696936_37.5696038258341787|126.9830343185050481_37.5701720336345346
2026-09-04T18:34:05.570303+09:00,보신각,보신각,POI010,KEY_3,1000006501,우정국로,1000008704,종로1가사거리,126.9829124807839946_37.5702811035568871,1000010800,종로1가,126.9829520973026149_37.5707555248776544,53.0,6.0,정체,126.9829520973026149_37.5707555248776544|126.9829508691110647_37.5707257702316255|126.9829124807839946_37.5702811035568871
2026-09-04T18:34:05.570303+09:00,보신각,보신각,POI010,KEY_3,1000006502,우정국로,1000010800,종로1가,126.9829520973026149_37.5707555248776544,1000012403,조계사앞교차로,126.9829706356902221_37.5719776537276218,136.0,8.0,정체,126.9829706356902221_37.5719776537276218|126.9829821214281083_37.5714823927012560|126.9829655468528955_37.5710811329590442|126.9829520973026149_37.5707555248776544
2026-09-04T18:34:05.570303+09:00,보신각,보신각,POI010,KEY_3,1000006601,우정국로,1000010700,종로1가,126.9830878603485758_37.5707519719581455,1000008701,종로1가사거리,126.9830485481293891_37.5702800768006568,52.0,7.0,정체,126.9830485481293891_37.5702800768006568|126.9830865510382267_37.5707202864689833|126.9830878603485758_37.5707519719581455
2026-09-04T18:34:05.570303+09:00,보신각,보신각,POI010,KEY_3,1000006602,우정국로,1000090100,공평동 98,126.9831013100779558_37.5710775801252623,1000010700,종로1가,126.9830878603485758_37.5707519719581455,36.0,8.0,정체,126.9830878603485758_37.5707519719581455|126.9831013100779558_37.5710775801252623
2026-09-04T18:34:05.570303+09:00,보신각,보신각,POI010,KEY_3,1000007502,삼봉로,1000012403,조계사앞교차로,126.9829706356902221_37.5719776537276218,1000013004,신라스테이(광화문),126.9801805317354280_37.5724047958457916,252.0,10.3,정체,126.9801805317354280_37.5724047958457916|126.9804914824202910_37.5723319178106152|126.9811053055208276_37.5721880522337770|126.9822536902158987_37.5720311041132078|126.9827182491962247_37.5719849537863269|126.9829706356902221_37.5719776537276218
2026-09-04T18:34:05.570303+09:00,보신각,보신각,POI010,KEY_3,1000007602,삼봉로,1000140500,수송동 80-4,126.9805298527977442_37.5724356343591879,1000012404,조계사앞교차로,126.9829679360295245_37.5720859226599799,219.0,11.0,정체,126.9829679360295245_37.5720859226599799|126.9827291479286515_37.5720928297221519|126.9822736058986408_37.5721380840541883|126.9811360893303345_37.5722935474607382|126.9805298527977442_37.5724356343591879
2026-09-04T18:34:05.570303+09:00,보신각,보신각,POI010,KEY_3,1000009201,우정국로,1000085100,견지동 110-2,126.9830654526105036_37.5729316051841806,1000012401,조계사앞교차로,126.9831034437596884_37.5720995445690349,92.0,6.0,정체,126.9831034437596884_37.5720995445690349|126.9830943674485724_37.5724421623328340|126.9830752766845592_37.5727653133374773|126.9830654526105036_37.5729316051841806
2026-09-04T18:34:05.570303+09:00,보신각,보신각,POI010,KEY_3,1000023600,종로,1000007200,종로1가,126.9827935302844111_37.5696197701673924,1000007700,종로1가,126.9822109960776402_37.5701758601934444,90.0,12.0,정체,126.9822109960776402_37.5701758601934444|126.9823538247533747_37.5701681727122576|126.9825335459648414_37.5700690295792086|126.9826437791460876_37.5699908547526107|126.9827324536877029_37.5698897904859521|126.9827899849345840_37.5697677437382040|126.9827935302844111_37.5696197701673924
2026-09-04T18:34:05.570303+09:00,보신각,보신각,POI010,KEY_3,1000023700,종로,1000007800,종로1가,126.9837094850009294_37.5701682846705296,1000007100,종로1가,126.9829278791696936_37.5696038258341787,103.0,7.0,정체,126.9829278791696936_37.5696038258341787|126.9830032097695494_37.5698402452960423|126.9830990215400703_37.5699604067910897|126.9831924475550267_37.5700347972999680|126.9833242130892046_37.5700939366007987|126.9834847309357855_37.5701511723724835|126.9837094850009294_37.5701682846705296
2026-09-04T18:34:05.570303+09:00,보신각,보신각,POI010,KEY_3,1000024400,종로,1000010700,종로1가,126.9830878603485758_37.5707519719581455,1000009600,종로1가,126.9837104338048164_37.5702764015435093,84.0,9.0,정체,126.9837104338048164_37.5702764015435093|126.9834199944166073_37.5703552243340226|126.9832834070776642_37.5704238609181118|126.9831923434160359_37.5704982251536919|126.9830964773624657_37.5706145452795255|126.9830878603485758_37.5707519719581455
2026-09-04T18:34:05.570303+09:00,보신각,보신각,POI010,KEY_3,1000024500,종로,1000009500,종로1가,126.9822090811274506_37.5702839694386270,1000010800,종로1가,126.9829520973026149_37.5707555248776544,92.0,10.0,정체,126.9829520973026149_37.5707555248776544|126.9829359392394394_37.5706431287853420|126.9828401259818236_37.5705267810848440|126.9827754493047394_37.5704619306360499|126.9826892071422293_37.5704047039165019|126.9825119206921613_37.5703322080284821|126.9822090811274506_37.5702839694386270
2026-09-04T18:34:05.570303+09:00,보신각,보신각,POI010,KEY_3,1000025901,종로5길,1000008909,GS건설본사,126.9806366436472871_37.5713225324397655,1000013005,신라스테이(광화문),126.9801024195699028_37.5723985668960268,128.0,9.0,정체,126.9801024195699028_37.5723985668960268|126.9801274853195991_37.5723618756308824|126.9801882517644884_37.5722503255379436|126.9804583466781196_37.5717160525297444|126.9804740373480314_37.5716814217555211|126.9806366436472871_37.5713225324397655
2026-09-04T18:34:05.570303+09:00,보신각,보신각,POI010,KEY_3,1000025902,종로5길,1000008905,SK빌딩,126.9809530025248421_37.5702700889503021,1000008908,GS건설본사,126.9806854115378769_37.5712148957716821,109.0,10.0,정체,126.9806854115378769_37.5712148957716821|126.9808934318098466_37.5707557655600937|126.9809177843168158_37.5706870956374530|126.9809314541032421_37.5706019997404184|126.9809431151314243_37.5705149231286057|126.9809530025248421_37.5702700889503021
2026-09-04T18:34:05.570303+09:00,보신각,보신각,POI010,KEY_3,1000026001,종로5길,1000008907,GS건설본사,126.9808291543834713_37.5712163450013819,1000008902,SK빌딩,126.9810888552751891_37.5702713893331790,108.0,8.0,정체,126.9810888552751891_37.5702713893331790|126.9810787188347803_37.5705223997754985|126.9810663740957466_37.5706145876373654|126.9810512464558627_37.5707087563385187|126.9810228489215831_37.5707888322386268|126.9808291543834713_37.5712163450013819
2026-09-04T18:34:05.570303+09:00,보신각,보신각,POI010,KEY_3,1000027500,인사동5길,1000231600,공평동 5-12,126.9837015373939977_37.5721207661722474,1000012402,조계사앞교차로,126.9831062491158349_37.5719883384085875,55.0,12.0,정체,126.9831062491158349_37.5719883384085875|126.9832673605664155_37.5720220520782107|126.9837015373939977_37.5721207661722474
2026-09-04T18:34:05.570303+09:00,보신각,보신각,POI010,KEY_3,1000027600,인사동5길,1000036800,인사동 187-4,126.9855567085236174_37.5727903642359919,1000013904,인사동사거리,126.9861168618192977_37.5730266274726361,56.0,3.0,정체,126.9861168618192977_37.5730266274726361|126.9855567085236174_37.5727903642359919
2026-09-04T18:34:05.570303+09:00,보신각,보신각,POI010,KEY_3,1000046500,종로3길,1000008602,KT광화문빌딩East,126.9793723999539878_37.5713097781531999,1000008909,GS건설본사,126.9806366436472871_37.5713225324397655,112.0,6.0,정체,126.9806366436472871_37.5713225324397655|126.9793723999539878_37.5713097781531999
2026-09-04T18:34:05.570303+09:00,보신각,보신각,POI010,KEY_3,1000046600,종로3길,1000008908,GS건설본사,126.9806854115378769_37.5712148957716821,1000008603,KT광화문빌딩East,126.9793750304311573_37.5712016763059680,116.0,11.0,정체,126.9793750304311573_37.5712016763059680|126.9806854115378769_37.5712148957716821
2026-09-04T18:34:05.570303+09:00,보신각,보신각,POI010,KEY_3,1010016903,우정국로,1010033402,광교교차로,126.9826972926992426_37.5687326607183465,1010033702,광교사거리,126.9827120922386285_37.5690419071249693,34.0,12.0,정체,126.9827120922386285_37.5690419071249693|126.9826972926992426_37.5687326607183465
2026-09-04T18:34:05.570303+09:00,보신각,보신각,POI010,KEY_3,1010017003,우정국로,1010033701,광교사거리,126.9828472617604831_37.5690310653232729,1010033401,광교교차로,126.9828323504512895_37.5687142869809634,35.0,5.0,정체,126.9828323504512895_37.5687142869809634|126.9828472617604831_37.5690310653232729
2026-09-04T18:34:05.570303+09:00,서울 암사동 유적,서울 암사동 유적,POI011,KEY_4,1240026502,올림픽로,1249049800,암사동 138,127.1303868902218426_37.5581213582314959,1240025203,서울암사동유적,127.1310831520760161_37.5596271965427917,178.0,18.0,서행,127.1310831520760161_37.5596271965427917|127.1306279901634753_37.5587636989147882|127.1303868902218426_37.5581213582314959
2026-09-04T18:34:05.570303+09:00,서울 암사동 유적,서울 암사동 유적,POI011,KEY_4,1240026512,올림픽로,1240025204,서울암사동유적,127.1311362462215726_37.5597299172270596,1240001503,암사동서원마을회관,127.1329417839865101_37.5638633628286627,495.0,25.0,원활,127.1329417839865101_37.5638633628286627|127.1329385901726567_37.5638530355215323|127.1328076129944407_37.5625315770132389|127.1325679156605446_37.5619032160946844|127.1324628664250440_37.5616950056665999|127.1324015018273457_37.5615733787883030|127.1320918622332670_37.5610538481508982|127.1318311751461181_37.5607294195891654|127.1314134429880340_37.5602729161990680|127.1311362462215726_37.5597299172270596
2026-09-04T18:34:05.570303+09:00,서울 암사동 유적,서울 암사동 유적,POI011,KEY_4,1240026602,올림픽로,1249049700,암사동 138,127.1305170173570929_37.5580904036952390,1240023801,선사초등학교,127.1296849682262859_37.5558735719696912,257.0,23.0,서행,127.1296849682262859_37.5558735719696912|127.1302524784022268_37.5573856065605156|127.1305170173570929_37.5580904036952390
2026-09-04T18:34:05.570303+09:00,서울 암사동 유적,서울 암사동 유적,POI011,KEY_4,1240026611,올림픽로,1249096700,최소노드배치점,127.1325889005040750_37.5616547095206741,1240025201,서울암사동유적,127.1312497921398688_37.5596651615473789,252.0,30.0,원활,127.1312497921398688_37.5596651615473789|127.1315330077839292_37.5602199513383255|127.1319433727937849_37.5606684031311673|127.1322108955108803_37.5610013373068412|127.1325259892048081_37.5615300174364890|127.1325889005040750_37.5616547095206741
2026-09-04T18:34:05.570303+09:00,서울 암사동 유적,서울 암사동 유적,POI011,KEY_4,1240049600,올림픽로108길,1249054800,암사동 135-1,127.1324513506835387_37.5586179294608584,1240025202,서울암사동유적,127.1311963964887610_37.5595626125415976,153.0,17.0,서행,127.1311963964887610_37.5595626125415976|127.1312906290088449_37.5595088709743194|127.1321441825899257_37.5588537073451434|127.1324513506835387_37.5586179294608584
2026-09-04T18:34:05.570303+09:00,서울 암사동 유적,서울 암사동 유적,POI011,KEY_4,1240049700,올림픽로108길,1249054700,암사동 199-3,127.1325456285770059_37.5586957689652934,1240023906,강일중,127.1350630805942075_37.5567633051846101,309.0,30.0,원활,127.1350630805942075_37.5567633051846101|127.1325456285770059_37.5586957689652934
2026-09-04T18:34:05.570303+09:00,서울 암사동 유적,서울 암사동 유적,POI011,KEY_4,1240216800,올림픽대로,1240001504,암사동서원마을회관,127.1328606037288154_37.5639977455946550,1240090400,암사IC,127.1320967627789713_37.5638268865707303,75.0,28.7,정체,127.1320967627789713_37.5638268865707303|127.1323008177666054_37.5639094235526869|127.1324394046457655_37.5639871880837006|127.1325100130354429_37.5640201033193009|127.1325629529353307_37.5640375916818527|127.1326211702869102_37.5640452487343595|127.1326758409645379_37.5640423789060733|127.1328606037288154_37.5639977455946550
2026-09-04T18:34:05.570303+09:00,창덕궁·종묘,창덕궁·종묘,POI012,KEY_1,1000001501,종로,1000009801,종로3가사거리,126.9922000608216308_37.5704778715046643,1000010004,종묘공원,126.9937102608658108_37.5705569291297934,134.0,5.0,정체,126.9937102608658108_37.5705569291297934|126.9932582925197551_37.5705332710333550|126.9922000608216308_37.5704778715046643
2026-09-04T18:34:05.570303+09:00,창덕궁·종묘,창덕궁·종묘,POI012,KEY_1,1000001502,종로,1000010001,종묘공원,126.9938459149599908_37.5705638014388867,1000010104,세운상가,126.9949902918217504_37.5706199754433428,101.0,18.0,서행,126.9949902918217504_37.5706199754433428|126.9938459149599908_37.5705638014388867
2026-09-04T18:34:05.570303+09:00,창덕궁·종묘,창덕궁·종묘,POI012,KEY_1,1000001503,종로,1000010101,세운상가,126.9951330460539509_37.5706277157350215,1000010504,종로4가 32-8,126.9963629369768086_37.5707037465677516,109.0,25.0,원활,126.9963629369768086_37.5707037465677516|126.9958351088011312_37.5706676576709242|126.9951330460539509_37.5706277157350215
2026-09-04T18:34:05.570303+09:00,창덕궁·종묘,창덕궁·종묘,POI012,KEY_1,1000001504,종로,1000010501,종로4가 32-8,126.9964984168760793_37.5707129060128366,1000010902,종로4가,126.9969778496483315_37.5707449803633011,43.0,18.0,서행,126.9969778496483315_37.5707449803633011|126.9964984168760793_37.5707129060128366
2026-09-04T18:34:05.570303+09:00,창덕궁·종묘,창덕궁·종묘,POI012,KEY_1,1000001505,종로,1000010901,종로4가,126.9970824501172899_37.5707519010579603,1000011004,종로4가사거리,126.9976981845290851_37.5707921454332379,55.0,18.0,서행,126.9976981845290851_37.5707921454332379|126.9970824501172899_37.5707519010579603
2026-09-04T18:34:05.570303+09:00,창덕궁·종묘,창덕궁·종묘,POI012,KEY_1,1000007100,돈화문로,1000145800,묘동 20-5,126.9916684242814142_37.5719817889873724,1000013303,묘동사거리,126.9914801613035706_37.5725495704926047,65.0,13.0,정체,126.9914801613035706_37.5725495704926047|126.9916684242814142_37.5719817889873724
2026-09-04T18:34:05.570303+09:00,창덕궁·종묘,창덕궁·종묘,POI012,KEY_1,1000007200,돈화문로,1000059400,묘동 20-5,126.9921535095209890_37.5708464956724839,1000009801,종로3가사거리,126.9922000608216308_37.5704778715046643,41.0,12.5,정체,126.9922000608216308_37.5704778715046643|126.9921602362403092_37.5708137185849509|126.9921535095209890_37.5708464956724839
2026-09-04T18:34:05.570303+09:00,창덕궁·종묘,창덕궁·종묘,POI012,KEY_1,1000008701,창경궁로,1000011004,종로4가사거리,126.9976981845290851_37.5707921454332379,1000011601,종로4가,126.9976727162272141_37.5712098653190125,46.0,20.0,서행,126.9976727162272141_37.5712098653190125|126.9976981845290851_37.5707921454332379
2026-09-04T18:34:05.570303+09:00,창덕궁·종묘,창덕궁·종묘,POI012,KEY_1,1000008702,창경궁로,1000059900,인의동 101-8,126.9976040275693805_37.5721420297877202,1000014503,서울특별시재향군인회,126.9975145081767209_37.5733082767353750,130.0,18.0,서행,126.9975145081767209_37.5733082767353750|126.9975586489672992_37.5727332208694804|126.9975861399317978_37.5723750705251547|126.9976040275693805_37.5721420297877202
2026-09-04T18:34:05.570303+09:00,창덕궁·종묘,창덕궁·종묘,POI012,KEY_1,1000008801,창경궁로,1000084400,인의동 101-8,126.9977485816959160_37.5720317772708725,1000011001,종로4가사거리,126.9978336320802015_37.5708014801402754,137.0,4.0,정체,126.9978336320802015_37.5708014801402754|126.9977997145428219_37.5713655900292949|126.9977485816959160_37.5720317772708725
2026-09-04T18:34:05.570303+09:00,창덕궁·종묘,창덕궁·종묘,POI012,KEY_1,1000010801,돈화문로,1000174700,묘동 141-2,126.9911270176696547_37.5741747070514336,1000013301,묘동사거리,126.9915850849808550_37.5726594865675594,173.0,6.0,정체,126.9915850849808550_37.5726594865675594|126.9913726822985893_37.5733444453639649|126.9911270176696547_37.5741747070514336
2026-09-04T18:34:05.570303+09:00,창덕궁·종묘,창덕궁·종묘,POI012,KEY_1,1000010802,돈화문로,1000106300,와룡동 75-4,126.9909562970876493_37.5747505051657669,1000016401,종로1가2가3가4가동주민센터,126.9910234246664515_37.5745245938365429,26.0,5.0,정체,126.9910234246664515_37.5745245938365429|126.9909562970876493_37.5747505051657669
2026-09-04T18:34:05.570303+09:00,창덕궁·종묘,창덕궁·종묘,POI012,KEY_1,1000010803,돈화문로,1000021402,창덕궁앞교차로,126.9901841383139782_37.5773932267385504,1000018601,한겨레신문(종로지국),126.9906634515929795_37.5757350308395957,189.0,5.0,정체,126.9906634515929795_37.5757350308395957|126.9903062505280644_37.5769154241969332|126.9902695786729083_37.5770589150526817|126.9901841383139782_37.5773932267385504
2026-09-04T18:34:05.570303+09:00,창덕궁·종묘,창덕궁·종묘,POI012,KEY_1,1000013502,율곡로,1000021501,우즈베키스탄대사관,126.9893297531960883_37.5774544023044541,1000021404,창덕궁앞교차로,126.9900388640569702_37.5774865487865739,63.0,4.0,정체,126.9900388640569702_37.5774865487865739|126.9897463242174780_37.5774687657961053|126.9893297531960883_37.5774544023044541
2026-09-04T18:34:05.570303+09:00,창덕궁·종묘,창덕궁·종묘,POI012,KEY_1,1000014100,창덕궁길,1000022002,북촌1경,126.9893063929122548_37.5792409569275208,1000021501,우즈베키스탄대사관,126.9893297531960883_37.5774544023044541,199.0,22.5,서행,126.9893297531960883_37.5774544023044541|126.9892548365952365_37.5786955788249983|126.9892562414735409_37.5787264244637242|126.9892665857058205_37.5789535426034647|126.9893063929122548_37.5792409569275208
2026-09-04T18:34:05.570303+09:00,창덕궁·종묘,창덕궁·종묘,POI012,KEY_1,1000015602,창경궁로,1000021302,연건동 28-5,126.9972685910119736_37.5770105602906241,1000019601,원남동사거리,126.9974112787328835_37.5759608809491965,117.0,25.0,원활,126.9974112787328835_37.5759608809491965|126.9973105074180921_37.5767022072452619|126.9972685910119736_37.5770105602906241
2026-09-04T18:34:05.570303+09:00,창덕궁·종묘,창덕궁·종묘,POI012,KEY_1,1000024700,동순라길,1000010504,종로4가 32-8,126.9963629369768086_37.5707037465677516,1000011103,종로4가 32-7,126.9963562951020464_37.5708334820153240,14.0,9.0,정체,126.9963562951020464_37.5708334820153240|126.9963629369768086_37.5707037465677516
2026-09-04T18:34:05.570303+09:00,창덕궁·종묘,창덕궁·종묘,POI012,KEY_1,1000024800,동순라길,1000011102,종로4가 32-7,126.9964920187830728_37.5708378841030850,1000010501,종로4가 32-8,126.9964984168760793_37.5707129060128366,14.0,12.0,정체,126.9964984168760793_37.5707129060128366|126.9964920187830728_37.5708378841030850
2026-09-04T18:34:05.570303+09:00,창덕궁·종묘,창덕궁·종묘,POI012,KEY_1,1000024900,종로.동순라길.사이길,1000011103,종로4가 32-7,126.9963562951020464_37.5708334820153240,1000010101,세운상가,126.9951330460539509_37.5706277157350215,120.0,12.0,정체,126.9951330460539509_37.5706277157350215|126.9951743837452085_37.5707556885858693|126.9951919467698929_37.5707641992030830|126.9963562951020464_37.5708334820153240
2026-09-04T18:34:05.570303+09:00,창덕궁·종묘,창덕궁·종묘,POI012,KEY_1,1000025000,종로.동순라길.사이길,1000010104,세운상가,126.9949902918217504_37.5706199754433428,1000011104,종로4가 32-7,126.9963483113230751_37.5709414285277603,139.0,8.0,정체,126.9963483113230751_37.5709414285277603|126.9951492285879624_37.5708700779174407|126.9950565789311838_37.5708251846869601|126.9949902918217504_37.5706199754433428
2026-09-04T18:34:05.570303+09:00,창덕궁·종묘,창덕궁·종묘,POI012,KEY_1,1000025400,종로,1000010902,종로4가,126.9969778496483315_37.5707449803633011,1000011602,종로4가,126.9976685550659852_37.5712805902372935,85.0,8.0,정체,126.9976685550659852_37.5712805902372935|126.9969778496483315_37.5707449803633011
2026-09-04T18:34:05.570303+09:00,창덕궁·종묘,창덕궁·종묘,POI012,KEY_1,1000028300,서순라길,1000179700,묘동 164-2,126.9918986546224602_37.5725528238137017,1000013302,묘동사거리,126.9916200024151749_37.5725515277908357,25.0,10.0,정체,126.9916200024151749_37.5725515277908357|126.9918986546224602_37.5725528238137017
2026-09-04T18:34:05.570303+09:00,창덕궁·종묘,창덕궁·종묘,POI012,KEY_1,1000028500,동순라길,1000143300,인의동 112-10,126.9965136894643791_37.5722112354701423,1000011101,종로4가 32-7,126.9964837407064522_37.5709497945866389,143.0,10.0,정체,126.9964837407064522_37.5709497945866389|126.9963802654962421_37.5720110081513141|126.9965136894643791_37.5722112354701423
2026-09-04T18:34:05.570303+09:00,창덕궁·종묘,창덕궁·종묘,POI012,KEY_1,1000028600,동순라길,1000011104,종로4가 32-7,126.9963483113230751_37.5709414285277603,1000014504,서울특별시재향군인회,126.9975060050786055_37.5734165592808793,347.0,18.5,서행,126.9975060050786055_37.5734165592808793|126.9969911144367956_37.5734250144218507|126.9968404615841990_37.5733955984085384|126.9967470749479901_37.5733345381505828|126.9966990577044896_37.5732294276517820|126.9966908891550048_37.5731275113813510|126.9967289597005760_37.5728378479680103|126.9967212685301092_37.5727949856210941|126.9966862804331384_37.5727009865390329|126.9963936851750645_37.5722618959152896|126.9962417830590056_37.5720339377534884|126.9963483113230751_37.5709414285277603
2026-09-04T18:34:05.570303+09:00,창덕궁·종묘,창덕궁·종묘,POI012,KEY_1,1000029900,김상옥로,1000096500,연지동 253-1,126.9984112007160206_37.5733171805444996,1000014502,서울특별시재향군인회,126.9976506161619483_37.5733080934406729,67.0,5.0,정체,126.9976506161619483_37.5733080934406729|126.9984112007160206_37.5733171805444996
2026-09-04T18:34:05.570303+09:00,창덕궁·종묘,창덕궁·종묘,POI012,KEY_1,1000039200,창덕궁길,1000134400,원서동 2-2,126.9892407733604642_37.5829070876196951,1000022001,북촌1경,126.9893249216224547_37.5793389188440585,401.0,18.0,서행,126.9893249216224547_37.5793389188440585|126.9893432024728526_37.5794117077019152|126.9893374585478654_37.5795962855689609|126.9893189924063250_37.5801896786208189|126.9893532350689895_37.5809623190334960|126.9893738580933729_37.5812665958495344|126.9893978694693288_37.5816208620396139|126.9894570663397531_37.5819414687995632|126.9895023987834435_37.5821303841621628|126.9895105285284274_37.5822120284156327|126.9895040052748669_37.5823078791324363|126.9894734073156428_37.5824257182516135|126.9893881157924085_37.5826046082802492|126.9892904879125695_37.5827681919472880|126.9892407733604642_37.5829070876196951
2026-09-04T18:34:05.570303+09:00,강남 MICE 관광특구,강남 MICE 관광특구,POI001,KEY_2,1220003104,영동대로,1220038604,사조빌딩,127.0637824235113698_37.5075784064484665,1220040303,삼성역사거리,127.0631184701287282_37.5088181934601863,150.0,22.0,서행,127.0631184701287282_37.5088181934601863|127.0637824235113698_37.5075784064484665
2026-09-04T18:34:05.570303+09:00,강남 MICE 관광특구,강남 MICE 관광특구,POI001,KEY_2,1220003204,영동대로,1220040302,삼성역사거리,127.0632451463058885_37.5088571864380711,1220038601,사조빌딩,127.0639078316108197_37.5076197633601041,149.0,4.0,정체,127.0639078316108197_37.5076197633601041|127.0632451463058885_37.5088571864380711
2026-09-04T18:34:05.570303+09:00,강남 MICE 관광특구,강남 MICE 관광특구,POI001,KEY_2,1220003303,영동대로,1220042504,속성변화점,127.0608476713455985_37.5130456722428676,1220043808,코엑스앞교차로,127.0601919456584454_37.5142029024356347,141.0,6.0,정체,127.0601919456584454_37.5142029024356347|127.0603995070934218_37.5138375440934411|127.0607938946184277_37.5131433157650775|127.0608476713455985_37.5130456722428676
2026-09-04T18:34:05.570303+09:00,강남 MICE 관광특구,강남 MICE 관광특구,POI001,KEY_2,1220003402,영동대로,1220434100,삼성동 111-8,127.0623503477867757_37.5105231713021467,1220040301,삼성역사거리,127.0631917873569989_37.5089566792768281,189.0,5.0,정체,127.0631917873569989_37.5089566792768281|127.0623503477867757_37.5105231713021467
2026-09-04T18:34:05.570303+09:00,강남 MICE 관광특구,강남 MICE 관광특구,POI001,KEY_2,1220003403,영동대로,1220043807,코엑스앞교차로,127.0603272282434091_37.5142270211862794,1220042502,아셈타워,127.0609175537963154_37.5131878914081796,127.0,4.0,정체,127.0609175537963154_37.5131878914081796|127.0605231671833053_37.5138821201433714|127.0603272282434091_37.5142270211862794
2026-09-04T18:34:05.570303+09:00,강남 MICE 관광특구,강남 MICE 관광특구,POI001,KEY_2,1220004001,영동대로,1220043809,코엑스앞교차로,127.0601375029284839_37.5143038844831338,1220044403,봉은사역(서울9호선),127.0598624891181174_37.5148335177271051,64.0,9.0,정체,127.0598624891181174_37.5148335177271051|127.0601375029284839_37.5143038844831338
2026-09-04T18:34:05.570303+09:00,강남 MICE 관광특구,강남 MICE 관광특구,POI001,KEY_2,1220004101,영동대로,1220044402,봉은사역(서울9호선),127.0599879180035288_37.5148748429464263,1220043806,코엑스앞교차로,127.0602718568028990_37.5143280204466052,66.0,34.0,원활,127.0602718568028990_37.5143280204466052|127.0599879180035288_37.5148748429464263
2026-09-04T18:34:05.570303+09:00,강남 MICE 관광특구,강남 MICE 관광특구,POI001,KEY_2,1220028002,테헤란로,1220038701,삼성동 172-66,127.0594740418968343_37.5078073048774883,1220039504,슈페리어사옥,127.0619066150805594_37.5085594791171530,231.0,15.0,서행,127.0619066150805594_37.5085594791171530|127.0594740418968343_37.5078073048774883
2026-09-04T18:34:05.570303+09:00,강남 MICE 관광특구,강남 MICE 관광특구,POI001,KEY_2,1220028003,테헤란로,1220039501,슈페리어사옥,127.0620331846530320_37.5085986138393324,1220040304,삼성역사거리,127.0630651113215919_37.5089176743260495,98.0,19.0,서행,127.0630651113215919_37.5089176743260495|127.0620331846530320_37.5085986138393324
2026-09-04T18:34:05.570303+09:00,강남 MICE 관광특구,강남 MICE 관광특구,POI001,KEY_2,1220028103,테헤란로,1220040303,삼성역사거리,127.0631184701287282_37.5088181934601863,1220039502,슈페리어사옥,127.0620822932532974_37.5084978197410663,98.0,6.0,정체,127.0620822932532974_37.5084978197410663|127.0631184701287282_37.5088181934601863
2026-09-04T18:34:05.570303+09:00,강남 MICE 관광특구,강남 MICE 관광특구,POI001,KEY_2,1220028803,테헤란로,1220040301,삼성역사거리,127.0631917873569989_37.5089566792768281,1220041404,서울강남경찰서교차로,127.0663791845268378_37.5099251428739393,302.0,7.0,정체,127.0663791845268378_37.5099251428739393|127.0647076757638558_37.5094210528302128|127.0645797580656193_37.5093821330006207|127.0631917873569989_37.5089566792768281
2026-09-04T18:34:05.570303+09:00,강남 MICE 관광특구,강남 MICE 관광특구,POI001,KEY_2,1220028902,테헤란로,1220040803,대치동 1011,127.0646284979941214_37.5092812253236190,1220040302,삼성역사거리,127.0632451463058885_37.5088571864380711,131.0,27.0,원활,127.0632451463058885_37.5088571864380711|127.0646284979941214_37.5092812253236190
2026-09-04T18:34:05.570303+09:00,강남 MICE 관광특구,강남 MICE 관광특구,POI001,KEY_2,1220030802,봉은사로,1220306300,삼성동 111-86,127.0595673491428670_37.5141997365039970,1220043809,코엑스앞교차로,127.0601375029284839_37.5143038844831338,52.0,15.0,서행,127.0601375029284839_37.5143038844831338|127.0595673491428670_37.5141997365039970
2026-09-04T18:34:05.570303+09:00,강남 MICE 관광특구,강남 MICE 관광특구,POI001,KEY_2,1220031404,봉은사로,1220043806,코엑스앞교차로,127.0602718568028990_37.5143280204466052,1220043805,삼성1동주민센터,127.0617426909060157_37.5145859851302461,133.0,13.0,정체,127.0617426909060157_37.5145859851302461|127.0612478602413944_37.5144992006761413|127.0602718568028990_37.5143280204466052
2026-09-04T18:34:05.570303+09:00,강남 MICE 관광특구,강남 MICE 관광특구,POI001,KEY_2,1220031503,봉은사로,1220304600,삼성동 172,127.0612770466940020_37.5143936087352401,1220043807,코엑스앞교차로,127.0603272282434091_37.5142270211862794,86.0,7.0,정체,127.0603272282434091_37.5142270211862794|127.0612770466940020_37.5143936087352401
2026-09-04T18:34:05.570303+09:00,동대문 관광특구,동대문 관광특구,POI002,KEY_3,1000002003,종로,1000011703,흥인지문사거리,127.0090256024343631_37.5712778950010033,1000011300,동대문역10번출구,127.0080672314708750_37.5710785300975587,89.0,3.0,정체,127.0080672314708750_37.5710785300975587|127.0082747571647133_37.5710829540366547|127.0084909821378574_37.5711078809344414|127.0086667767084236_37.5711528422383196|127.0087931039338400_37.5711945228473638|127.0090256024343631_37.5712778950010033
2026-09-04T18:34:05.570303+09:00,동대문 관광특구,동대문 관광특구,POI002,KEY_3,1000002201,종로,1000176600,창신동 442-1,127.0108777515568477_37.5716621493242968,1000011702,흥인지문사거리,127.0091495968440398_37.5713227254486739,158.0,11.0,정체,127.0091495968440398_37.5713227254486739|127.0092723977128770_37.5713674394156811|127.0094846006979310_37.5714183224799285|127.0097878732437096_37.5714751424867188|127.0103298320711360_37.5715766797035471|127.0103586021919568_37.5715820697737044|127.0108233682804553_37.5716512389232733|127.0108777515568477_37.5716621493242968
2026-09-04T18:34:05.570303+09:00,동대문 관광특구,동대문 관광특구,POI002,KEY_3,1000005401,청계천로,1010034902,버들다리(남측),127.0065602496820105_37.5695317839187268,1010034601,청계5가교차로,127.0021191180861280_37.5694902995239062,392.0,10.0,정체,127.0021191180861280_37.5694902995239062|127.0024509740674006_37.5695131963120659|127.0065602496820105_37.5695317839187268
2026-09-04T18:34:05.570303+09:00,동대문 관광특구,동대문 관광특구,POI002,KEY_3,1000005402,청계천로,1010034702,청계6가사거리,127.0096736759349909_37.5696339498216076,1010034901,버들다리(남측),127.0067045342350838_37.5695353837745003,263.0,10.0,정체,127.0067045342350838_37.5695353837745003|127.0093753105708458_37.5696558834258525|127.0096736759349909_37.5696339498216076
2026-09-04T18:34:05.570303+09:00,동대문 관광특구,동대문 관광특구,POI002,KEY_3,1000005800,청계천로,1010005302,신평화시장,127.0121349816149205_37.5696419493387239,1010034701,청계6가사거리,127.0098099727011487_37.5696292980751281,205.0,17.0,서행,127.0098099727011487_37.5696292980751281|127.0121349816149205_37.5696419493387239
2026-09-04T18:34:05.570303+09:00,동대문 관광특구,동대문 관광특구,POI002,KEY_3,1000006102,율곡로,1000009900,흥인지문,127.0093873462230221_37.5706631809010148,1000011703,흥인지문사거리,127.0090256024343631_37.5712778950010033,75.0,16.0,서행,127.0090256024343631_37.5712778950010033|127.0091075737013711_37.5711579258072774|127.0092355138361029_37.5709579814170240|127.0093370098156385_37.5707700537480775|127.0093873462230221_37.5706631809010148
2026-09-04T18:34:05.570303+09:00,동대문 관광특구,동대문 관광특구,POI002,KEY_3,1010010302,퇴계로,1010055500,광희동2가 106-3,127.0099082789205482_37.5646817382909717,1010024300,한양공고앞,127.0104773475085409_37.5647757639333406,51.0,12.0,정체,127.0104773475085409_37.5647757639333406|127.0099082789205482_37.5646817382909717
2026-09-04T18:34:05.570303+09:00,동대문 관광특구,동대문 관광특구,POI002,KEY_3,1010010303,퇴계로,1010024300,한양공고앞,127.0104773475085409_37.5647757639333406,1010024404,한양공고앞,127.0112090095234549_37.5649005480942861,66.0,42.7,원활,127.0112090095234549_37.5649005480942861|127.0110078071713389_37.5648590073598498|127.0104773475085409_37.5647757639333406
2026-09-04T18:34:05.570303+09:00,동대문 관광특구,동대문 관광특구,POI002,KEY_3,1010010404,퇴계로,1010024403,한양공고앞,127.0112431099512804_37.5647958913381643,1010024000,한양공고앞,127.0105042836972586_37.5646697935721292,67.0,5.0,정체,127.0105042836972586_37.5646697935721292|127.0110380183582066_37.5647535474378884|127.0112431099512804_37.5647958913381643
2026-09-04T18:34:05.570303+09:00,동대문 관광특구,동대문 관광특구,POI002,KEY_3,1010010601,마른내로,1010134000,광희동1가 235-6,127.0062746188617808_37.5646055130078267,1010023000,광희동1가169-1,127.0066022342274863_37.5645458036535800,30.0,12.7,정체,127.0066022342274863_37.5645458036535800|127.0063686118675577_37.5645902274929711|127.0062746188617808_37.5646055130078267
2026-09-04T18:34:05.570303+09:00,동대문 관광특구,동대문 관광특구,POI002,KEY_3,1010011501,을지로,1010025400,한양공고앞,127.0104615863536850_37.5651414229202487,1010025702,동대문역사문화공원역앞교차로,127.0098092568797057_37.5653495503264523,62.0,4.0,정체,127.0098092568797057_37.5653495503264523|127.0104018007762932_37.5651601202690344|127.0104615863536850_37.5651414229202487
2026-09-04T18:34:05.570303+09:00,동대문 관광특구,동대문 관광특구,POI002,KEY_3,1010011502,을지로,1010024404,한양공고앞,127.0112090095234549_37.5649005480942861,1010025400,한양공고앞,127.0104615863536850_37.5651414229202487,71.0,4.0,정체,127.0104615863536850_37.5651414229202487|127.0111251236703254_37.5649339132959668|127.0112090095234549_37.5649005480942861
2026-09-04T18:34:05.570303+09:00,동대문 관광특구,동대문 관광특구,POI002,KEY_3,1010011602,을지로,1010025701,동대문역사문화공원역앞교차로,127.0098839022084150_37.5654422003783637,1010024401,한양공고앞,127.0114159293672458_37.5649391116953026,146.0,16.0,서행,127.0114159293672458_37.5649391116953026|127.0111804215872553_37.5650327842942460|127.0105112526830311_37.5652420552738704|127.0104519446709617_37.5652606030398672|127.0098839022084150_37.5654422003783637
2026-09-04T18:34:05.570303+09:00,동대문 관광특구,동대문 관광특구,POI002,KEY_3,1010011701,퇴계로,1010024401,한양공고앞,127.0114159293672458_37.5649391116953026,1010024504,성동여자실업고교앞,127.0122824244794231_37.5649718786512210,77.0,43.0,원활,127.0122824244794231_37.5649718786512210|127.0116953092412899_37.5649498454663089|127.0116305534288301_37.5649473576079913|127.0114159293672458_37.5649391116953026
2026-09-04T18:34:05.570303+09:00,동대문 관광특구,동대문 관광특구,POI002,KEY_3,1010011703,퇴계로,1010129100,흥인동 162-1,127.0142218597084707_37.5651926228685937,1010025104,신당역,127.0156055414690144_37.5653606672875071,124.0,43.3,원활,127.0156055414690144_37.5653606672875071|127.0148603714920625_37.5652701705125835|127.0142218597084707_37.5651926228685937
2026-09-04T18:34:05.570303+09:00,동대문 관광특구,동대문 관광특구,POI002,KEY_3,1010011704,퇴계로,1010025101,신당역,127.0157472142811628_37.5653765487913560,1010025505,신당역사거리,127.0161301530858964_37.5654176105649569,34.0,40.0,원활,127.0161301530858964_37.5654176105649569|127.0157472142811628_37.5653765487913560
2026-09-04T18:34:05.570303+09:00,동대문 관광특구,동대문 관광특구,POI002,KEY_3,1010011801,퇴계로,1010044500,한양공고앞교차로,127.0116371013748875_37.5648393637238627,1010024402,한양공고앞,127.0114224776999379_37.5648311176682981,19.0,8.0,정체,127.0114224776999379_37.5648311176682981|127.0116371013748875_37.5648393637238627
2026-09-04T18:34:05.570303+09:00,동대문 관광특구,동대문 관광특구,POI002,KEY_3,1010011901,장충단로,1010022104,광희동사거리,127.0071286778296695_37.5642723681278099,1010024100,광희동2가9,127.0072910181171153_37.5647498099421497,55.0,19.0,서행,127.0072910181171153_37.5647498099421497|127.0072564348693760_37.5646568662029168|127.0071286778296695_37.5642723681278099
2026-09-04T18:34:05.570303+09:00,동대문 관광특구,동대문 관광특구,POI002,KEY_3,1010011902,장충단로,1010024100,광희동2가9,127.0072910181171153_37.5647498099421497,1010025603,동대문역사문화공원,127.0075096102102208_37.5653372838946922,68.0,21.0,서행,127.0075096102102208_37.5653372838946922|127.0072910181171153_37.5647498099421497
2026-09-04T18:34:05.570303+09:00,동대문 관광특구,동대문 관광특구,POI002,KEY_3,1010011903,장충단로,1010025604,동대문역사문화공원,127.0075480588206034_37.5654411230059182,1010026800,동대문역사문화공원,127.0076027310937263_37.5655895835695972,17.0,21.0,서행,127.0076027310937263_37.5655895835695972|127.0075480588206034_37.5654411230059182
2026-09-04T18:34:05.570303+09:00,동대문 관광특구,동대문 관광특구,POI002,KEY_3,1010011904,장충단로,1010026800,동대문역사문화공원,127.0076027310937263_37.5655895835695972,1010027503,동대문역사문화공원앞교차로,127.0077423203471056_37.5659686340729024,44.0,28.0,원활,127.0077423203471056_37.5659686340729024|127.0076027310937263_37.5655895835695972
2026-09-04T18:34:05.570303+09:00,동대문 관광특구,동대문 관광특구,POI002,KEY_3,1010012001,장충단로,1010023800,광희동2가9,127.0074212496598989_37.5647191039854818,1010022101,광희동사거리,127.0072731356478073_37.5642842960486263,50.0,24.0,서행,127.0072731356478073_37.5642842960486263|127.0073872334830867_37.5646276838331019|127.0074212496598989_37.5647191039854818
2026-09-04T18:34:05.570303+09:00,동대문 관광특구,동대문 관광특구,POI002,KEY_3,1010012002,장충단로,1010025602,동대문역사문화공원,127.0076398432787244_37.5653065784687641,1010023800,광희동2가9,127.0074212496598989_37.5647191039854818,68.0,18.0,서행,127.0074212496598989_37.5647191039854818|127.0076398432787244_37.5653065784687641
2026-09-04T18:34:05.570303+09:00,동대문 관광특구,동대문 관광특구,POI002,KEY_3,1010012003,장충단로,1010026500,동대문역사문화공원,127.0077330726616651_37.5655591691889441,1010025601,동대문역사문화공원,127.0076784001102084_37.5654107085710436,17.0,13.0,정체,127.0076784001102084_37.5654107085710436|127.0077330726616651_37.5655591691889441
2026-09-04T18:34:05.570303+09:00,동대문 관광특구,동대문 관광특구,POI002,KEY_3,1010012004,장충단로,1010027502,동대문역사문화공원앞교차로,127.0078734506891323_37.5659403597718651,1010026500,동대문역사문화공원,127.0077330726616651_37.5655591691889441,44.0,4.0,정체,127.0077330726616651_37.5655591691889441|127.0078734506891323_37.5659403597718651
2026-09-04T18:34:05.570303+09:00,동대문 관광특구,동대문 관광특구,POI002,KEY_3,1010013104,퇴계로,1010026103,속성변화점,127.0211957674442402_37.5655856117215876,1010026302,신당역(서울2호선),127.0197645442450352_37.5656319651526047,127.0,10.0,정체,127.0197645442450352_37.5656319651526047|127.0205488666692304_37.5656443090833747|127.0206684292129040_37.5656405803761970|127.0207742631976942_37.5656372797099394|127.0210595706817145_37.5656067908117777|127.0210619582555438_37.5656064195453538|127.0211957674442402_37.5655856117215876
2026-09-04T18:34:05.570303+09:00,동대문 관광특구,동대문 관광특구,POI002,KEY_3,1010013201,퇴계로,1010081700,황학동 757,127.0186241650023646_37.5657023223694893,1010026304,신당역(서울2호선),127.0196260547904643_37.5657380666285974,89.0,14.0,정체,127.0196260547904643_37.5657380666285974|127.0191248008310083_37.5657312115641773|127.0188070063581591_37.5657192171997423|127.0186241650023646_37.5657023223694893
2026-09-04T18:34:05.570303+09:00,동대문 관광특구,동대문 관광특구,POI002,KEY_3,1010013205,퇴계로,1010123400,황학동 757,127.0206737469985541_37.5657486168200094,1010026105,신당5동주민센터,127.0210879994097581_37.5657125329307533,37.0,11.0,정체,127.0210879994097581_37.5657125329307533|127.0210816476591305_37.5657135206677495|127.0207859832972161_37.5657451160638232|127.0206737469985541_37.5657486168200094
2026-09-04T18:34:05.570303+09:00,동대문 관광특구,동대문 관광특구,POI002,KEY_3,1010013301,을지로,1010026900,동대문역사문화공원,127.0084142117340065_37.5657933815894935,1010027502,동대문역사문화공원앞교차로,127.0078734506891323_37.5659403597718651,51.0,11.0,정체,127.0078734506891323_37.5659403597718651|127.0080862909446040_37.5658896606162571|127.0084142117340065_37.5657933815894935
2026-09-04T18:34:05.570303+09:00,동대문 관광특구,동대문 관광특구,POI002,KEY_3,1010013302,을지로,1010080900,을지로7가 112-3,127.0088653110683481_37.5656507823329591,1010026900,동대문역사문화공원,127.0084142117340065_37.5657933815894935,43.0,11.0,정체,127.0084142117340065_37.5657933815894935|127.0084667296888910_37.5657779617922074|127.0088653110683481_37.5656507823329591
2026-09-04T18:34:05.570303+09:00,동대문 관광특구,동대문 관광특구,POI002,KEY_3,1010013401,을지로,1010027501,동대문역사문화공원앞교차로,127.0079126423696891_37.5660438810911330,1010025704,동대문역사문화공원역앞교차로,127.0097555715754112_37.5654831945412937,174.0,16.0,서행,127.0097555715754112_37.5654831945412937|127.0096128053100841_37.5655287500039421|127.0089158485056231_37.5657511395251831|127.0085155097829670_37.5658788797530079|127.0084612158882180_37.5658948204746821|127.0081293049191800_37.5659922730020028|127.0079126423696891_37.5660438810911330
2026-09-04T18:34:05.570303+09:00,동대문 관광특구,동대문 관광특구,POI002,KEY_3,1010014502,을지로45길,1010025704,동대문역사문화공원역앞교차로,127.0097555715754112_37.5654831945412937,1010031203,신당동 251-159,127.0125199832589118_37.5670528209413206,317.0,6.0,정체,127.0125199832589118_37.5670528209413206|127.0124748534802706_37.5669451006742108|127.0123969525654672_37.5668174774060688|127.0123025116707964_37.5666983314770420|127.0121971172845576_37.5665907571920030|127.0120637838956981_37.5664864490764074|127.0119132422724846_37.5664083993704807|127.0117389300272777_37.5663307203448511|127.0115558621243821_37.5662698698201609|127.0113306725807121_37.5662120107637136|127.0106272887382772_37.5660711531911673|127.0104211268278505_37.5660237206134866|127.0102552544842212_37.5659567055388024|127.0101066121111302_37.5658730843004420|127.0099898103265588_37.5657739315167234|127.0097555715754112_37.5654831945412937
2026-09-04T18:34:05.570303+09:00,동대문 관광특구,동대문 관광특구,POI002,KEY_3,1010014503,을지로45길,1010031204,신당동 251-159,127.0125599243742585_37.5672394044600324,1010031813,운동장평화시장,127.0124984243057042_37.5678383411287697,68.0,13.0,정체,127.0124984243057042_37.5678383411287697|127.0125278070149193_37.5678140109252396|127.0125545329192533_37.5677608060890265|127.0125807604174355_37.5676720254815848|127.0125874088479208_37.5675818531156409|127.0125803643056344_37.5674031656770779|127.0125599243742585_37.5672394044600324
2026-09-04T18:34:05.570303+09:00,동대문 관광특구,동대문 관광특구,POI002,KEY_3,1010014602,을지로45길,1010031202,신당동 251-159,127.0126037267031904_37.5669109428648440,1010025701,동대문역사문화공원역앞교차로,127.0098839022084150_37.5654422003783637,305.0,11.0,정체,127.0098839022084150_37.5654422003783637|127.0100974157430329_37.5657072126138019|127.0101962625768266_37.5657911237929127|127.0103255593623715_37.5658638616798513|127.0104711638876438_37.5659226884021962|127.0106627259196870_37.5659667614976271|127.0113681429240273_37.5661080259160514|127.0116029740556911_37.5661683625948655|127.0117984706255356_37.5662333437737743|127.0119835625390436_37.5663158266306780|127.0121493010753682_37.5664017556969796|127.0122987151525393_37.5665186435508005|127.0124137776696784_37.5666360853386863|127.0125158379894970_37.5667648439987900|127.0126009014704351_37.5669041991938073|127.0126037267031904_37.5669109428648440
2026-09-04T18:34:05.570303+09:00,동대문 관광특구,동대문 관광특구,POI002,KEY_3,1010014603,을지로45길,1010031812,운동장평화시장,127.0126485643679786_37.5678648322467907,1010031201,신당동 199-6,127.0126632942662184_37.5670642770788277,90.0,3.0,정체,127.0126632942662184_37.5670642770788277|127.0126915510936527_37.5672094829220882|127.0127159720722574_37.5673958521818534|127.0127233647992000_37.5675833278878599|127.0127156707868608_37.5676876829484456|127.0126844296511024_37.5677934334783714|127.0126485643679786_37.5678648322467907
2026-09-04T18:34:05.570303+09:00,동대문 관광특구,동대문 관광특구,POI002,KEY_3,1010014903,을지로,1010142800,을지로6가 55-5,127.0048451725819234_37.5665039662244240,1010029302,노보텔앰배서더서울동대문,127.0044950518891795_37.5665669124054631,32.0,6.0,정체,127.0044950518891795_37.5665669124054631|127.0048451725819234_37.5665039662244240
2026-09-04T18:34:05.570303+09:00,동대문 관광특구,동대문 관광특구,POI002,KEY_3,1010014904,을지로,1010027300,동대문역사문화공원,127.0072093223593868_37.5660721727252351,1010028502,을지로6가 23-30,127.0068099877482979_37.5661497447646155,36.0,7.0,정체,127.0068099877482979_37.5661497447646155|127.0072093223593868_37.5660721727252351
2026-09-04T18:34:05.570303+09:00,동대문 관광특구,동대문 관광특구,POI002,KEY_3,1010014905,을지로,1010027503,동대문역사문화공원앞교차로,127.0077423203471056_37.5659686340729024,1010027300,동대문역사문화공원,127.0072093223593868_37.5660721727252351,48.0,7.0,정체,127.0072093223593868_37.5660721727252351|127.0077423203471056_37.5659686340729024
2026-09-04T18:34:05.570303+09:00,동대문 관광특구,동대문 관광특구,POI002,KEY_3,1010015003,을지로,1010148600,을지로6가 55-5,127.0059756238963331_37.5664115645017986,1010028504,을지로6가 23-30,127.0067077144106662_37.5662799350011980,66.0,31.0,원활,127.0067077144106662_37.5662799350011980|127.0059756238963331_37.5664115645017986
2026-09-04T18:34:05.570303+09:00,동대문 관광특구,동대문 관광특구,POI002,KEY_3,1010015004,을지로,1010028501,을지로6가 23-30,127.0068399544692994_37.5662552159040573,1010028100,동대문역사문화공원,127.0072415247333453_37.5661772097702809,37.0,25.0,원활,127.0072415247333453_37.5661772097702809|127.0068399544692994_37.5662552159040573
2026-09-04T18:34:05.570303+09:00,동대문 관광특구,동대문 관광특구,POI002,KEY_3,1010015005,을지로,1010028100,동대문역사문화공원,127.0072415247333453_37.5661772097702809,1010027504,동대문역사문화공원앞교차로,127.0077815127893501_37.5660723132225556,49.0,27.5,원활,127.0077815127893501_37.5660723132225556|127.0072415247333453_37.5661772097702809
2026-09-04T18:34:05.570303+09:00,동대문 관광특구,동대문 관광특구,POI002,KEY_3,1010015903,다산로,1010030609,광희초교,127.0160617314247702_37.5668749100625661,1010032003,흥인사거리,127.0159430605048101_37.5679606692483219,121.0,5.0,정체,127.0159430605048101_37.5679606692483219|127.0159743421306047_37.5676112312418340|127.0160255927031301_37.5672344083472609|127.0160402251580791_37.5671268232184943|127.0160549534698760_37.5670185344442942|127.0160617314247702_37.5668749100625661
2026-09-04T18:34:05.570303+09:00,동대문 관광특구,동대문 관광특구,POI002,KEY_3,1010015905,다산로,1010025505,신당역사거리,127.0161301530858964_37.5654176105649569,1010030608,광희초교,127.0160674105021883_37.5667646741866150,150.0,3.0,정체,127.0160674105021883_37.5667646741866150|127.0160810448809769_37.5665140691110153|127.0160869222810902_37.5664060394060755|127.0161264200022373_37.5656800402324649|127.0161301530858964_37.5654176105649569
2026-09-04T18:34:05.570303+09:00,동대문 관광특구,동대문 관광특구,POI002,KEY_3,1010016004,다산로,1010032002,흥인사거리,127.0160789424705570_37.5679639438026456,1010030602,흥인사거리,127.0161606333554687_37.5672460453498260,80.0,5.0,정체,127.0161606333554687_37.5672460453498260|127.0161096513763539_37.5676208949564980|127.0160789424705570_37.5679639438026456
2026-09-04T18:34:05.570303+09:00,동대문 관광특구,동대문 관광특구,POI002,KEY_3,1010016005,다산로,1010025507,신당역(서울6호선),127.0162226232657048_37.5664107172522961,1010025502,신당역사거리,127.0162657689687649_37.5654329995531739,109.0,12.0,정체,127.0162657689687649_37.5654329995531739|127.0162622132909576_37.5656829912889449|127.0162226232657048_37.5664107172522961
2026-09-04T18:34:05.570303+09:00,동대문 관광특구,동대문 관광특구,POI002,KEY_3,1010016006,다산로,1010030603,흥인사거리,127.0161752657197951_37.5671384605402565,1010025506,신당역(서울6호선),127.0162167460837139_37.5665187469929265,69.0,17.0,서행,127.0162167460837139_37.5665187469929265|127.0162031121587347_37.5667693520839094|127.0161974648976724_37.5668789685628042|127.0161905080191644_37.5670263924383008|127.0161752657197951_37.5671384605402565
2026-09-04T18:34:05.570303+09:00,동대문 관광특구,동대문 관광특구,POI002,KEY_3,1010017301,장충단로,1010027504,동대문역사문화공원앞교차로,127.0077815127893501_37.5660723132225556,1010028800,동대문역사문화공원,127.0080565712496110_37.5666288866091591,67.0,6.0,정체,127.0080565712496110_37.5666288866091591|127.0079624699871488_37.5664856769850175|127.0078715207442457_37.5663037548790442|127.0077815127893501_37.5660723132225556
2026-09-04T18:34:05.570303+09:00,동대문 관광특구,동대문 관광특구,POI002,KEY_3,1010017302,장충단로,1010143800,을지로6가 18-11,127.0082819372846643_37.5669476563761933,1010031703,을지로6가 18-11,127.0088451603658086_37.5677293203079117,100.0,19.0,서행,127.0088451603658086_37.5677293203079117|127.0082819372846643_37.5669476563761933
2026-09-04T18:34:05.570303+09:00,동대문 관광특구,동대문 관광특구,POI002,KEY_3,1010017303,장충단로,1010151400,을지로6가 18-11,127.0092239635291378_37.5682916548078154,1010033603,흥인시장,127.0095744381944343_37.5688379054322823,68.0,29.0,원활,127.0095744381944343_37.5688379054322823|127.0095441539168775_37.5687836818919578|127.0094685009096480_37.5686576314897209|127.0092239635291378_37.5682916548078154
2026-09-04T18:34:05.570303+09:00,동대문 관광특구,동대문 관광특구,POI002,KEY_3,1010017304,장충단로,1010033604,흥인시장,127.0096221501300420_37.5689990735866033,1010034702,청계6가사거리,127.0096736759349909_37.5696339498216076,71.0,36.0,원활,127.0096736759349909_37.5696339498216076|127.0096864325971779_37.5694310293012208|127.0096700878060432_37.5692510036280254|127.0096371243204487_37.5690562417204532|127.0096221501300420_37.5689990735866033
2026-09-04T18:34:05.570303+09:00,동대문 관광특구,동대문 관광특구,POI002,KEY_3,1010017401,장충단로,1010031702,을지로6가 18-198,127.0089629856017694_37.5676755281945915,1010027501,동대문역사문화공원앞교차로,127.0079126423696891_37.5660438810911330,204.0,12.0,정체,127.0079126423696891_37.5660438810911330|127.0079996952631092_37.5662677235432056|127.0080860788338697_37.5664405124682617|127.0081769300446410_37.5665787757523901|127.0082204295207475_37.5666449752098757|127.0083997623679863_37.5668938645087991|127.0089629856017694_37.5676755281945915
2026-09-04T18:34:05.570303+09:00,동대문 관광특구,동대문 관광특구,POI002,KEY_3,1010017402,장충단로,1010033602,흥인시장,127.0096784540469628_37.5687579872561841,1010031701,을지로6가 18-11,127.0090328345347217_37.5677753546081874,123.0,5.0,정체,127.0090328345347217_37.5677753546081874|127.0093438877200214_37.5682408851308693|127.0095898005743607_37.5686089201824345|127.0096675199618375_37.5687384094390211|127.0096784540469628_37.5687579872561841
2026-09-04T18:34:05.570303+09:00,동대문 관광특구,동대문 관광특구,POI002,KEY_3,1010017405,장충단로,1010034701,청계6가사거리,127.0098099727011487_37.5696292980751281,1010033601,흥인시장,127.0097254442646317_37.5688636970958783,86.0,2.0,정체,127.0097254442646317_37.5688636970958783|127.0097710903643389_37.5690379675287076|127.0098052651739948_37.5692398786983972|127.0098225114876840_37.5694298296446618|127.0098099727011487_37.5696292980751281
2026-09-04T18:34:05.570303+09:00,동대문 관광특구,동대문 관광특구,POI002,KEY_3,1010017406,율곡로,1010035101,청계6가사거리,127.0097583244985060_37.5699427587399839,1010034701,청계6가사거리,127.0098099727011487_37.5696292980751281,35.0,3.0,정체,127.0098099727011487_37.5696292980751281|127.0097583244985060_37.5699427587399839
2026-09-04T18:34:05.570303+09:00,동대문 관광특구,동대문 관광특구,POI002,KEY_3,1010017900,마장로,1010031811,운동장평화시장,127.0125602184103286_37.5679573189645097,1010032004,흥인사거리,127.0159347353495747_37.5680686203623893,300.0,14.0,정체,127.0159347353495747_37.5680686203623893|127.0156884666647272_37.5680616007632224|127.0144660810207995_37.5680903184376831|127.0138825710250785_37.5680999453562308|127.0137456855287041_37.5680989709988395|127.0136150764297582_37.5680980411691650|127.0132103478226497_37.5680672217406553|127.0129104055784666_37.5680323170113368|127.0127590991973818_37.5680014116303767|127.0127288182885081_37.5679952265176880|127.0125602184103286_37.5679573189645097
2026-09-04T18:34:05.570303+09:00,동대문 관광특구,동대문 관광특구,POI002,KEY_3,1010018000,마장로,1010140800,신당동 208-5,127.0127928615110591_37.5678966848153522,1010031812,운동장평화시장,127.0126485643679786_37.5678648322467907,13.0,3.0,정체,127.0126485643679786_37.5678648322467907|127.0127641662878943_37.5678908234252873|127.0127928615110591_37.5678966848153522
2026-09-04T18:34:05.570303+09:00,동대문 관광특구,동대문 관광특구,POI002,KEY_3,1010018501,마장로,1010148000,황학동 160,127.0178811388246203_37.5681858311381092,1010032002,흥인사거리,127.0160789424705570_37.5679639438026456,161.0,15.0,서행,127.0160789424705570_37.5679639438026456|127.0163154668655494_37.5679686852888892|127.0165901118881067_37.5679879931942224|127.0168817457523289_37.5680208363940551|127.0176785581743104_37.5681563529552491|127.0178811388246203_37.5681858311381092
2026-09-04T18:34:05.570303+09:00,동대문 관광특구,동대문 관광특구,POI002,KEY_3,1010018701,마장로,1010152800,신당동 204-97,127.0117072992637475_37.5679805134442333,1010031814,운동장평화시장,127.0124154726912309_37.5679435535466197,63.0,32.0,원활,127.0124154726912309_37.5679435535466197|127.0122590074739151_37.5679378566801887|127.0120605595701875_37.5679355192139823|127.0119126210582579_37.5679377984365175|127.0117849221734048_37.5679599090739913|127.0117072992637475_37.5679805134442333
2026-09-04T18:34:05.570303+09:00,동대문 관광특구,동대문 관광특구,POI002,KEY_3,1010018702,마장로,1010033601,흥인시장,127.0097254442646317_37.5688636970958783,1010031806,신당동 220-37,127.0108933564805653_37.5683374957941965,119.0,7.0,정체,127.0108933564805653_37.5683374957941965|127.0103128324394817_37.5685983229940632|127.0098862405464928_37.5687745410715479|127.0097254442646317_37.5688636970958783
2026-09-04T18:34:05.570303+09:00,동대문 관광특구,동대문 관광특구,POI002,KEY_3,1010018801,마장로,1010031805,신당동 222-3,127.0108265877144618_37.5682433405487259,1010033602,흥인시장,127.0096784540469628_37.5687579872561841,117.0,18.5,서행,127.0096784540469628_37.5687579872561841|127.0098158423830341_37.5686818101705882|127.0102481441824267_37.5685032330426054|127.0108265877144618_37.5682433405487259
2026-09-04T18:34:05.570303+09:00,동대문 관광특구,동대문 관광특구,POI002,KEY_3,1010018802,마장로,1010031813,운동장평화시장,127.0124984243057042_37.5678383411287697,1010031804,신당동 204-25,127.0109614857434366_37.5681827306582221,145.0,10.0,정체,127.0109614857434366_37.5681827306582221|127.0116044562520585_37.5678938389136974|127.0116643298441801_37.5678779462685810|127.0117488970436739_37.5678554989719800|127.0118967207613707_37.5678299039982804|127.0120602489677566_37.5678273844402426|127.0122631167441938_37.5678297737057392|127.0124984243057042_37.5678383411287697
2026-09-04T18:34:05.570303+09:00,동대문 관광특구,동대문 관광특구,POI002,KEY_3,1010018901,마장로1길,1010152100,신당동 213-11,127.0121553033908839_37.5690336687148729,1010005302,신평화시장,127.0121349816149205_37.5696419493387239,68.0,16.0,서행,127.0121349816149205_37.5696419493387239|127.0121421248701665_37.5691843025149339|127.0121553033908839_37.5690336687148729
2026-09-04T18:34:05.570303+09:00,동대문 관광특구,동대문 관광특구,POI002,KEY_3,1010018902,마장로1길,1010031814,운동장평화시장,127.0124154726912309_37.5679435535466197,1010031809,신당동222-8,127.0122750629742399_37.5683759183048167,50.0,5.0,정체,127.0122750629742399_37.5683759183048167|127.0123180657187021_37.5681383238811932|127.0123497877902849_37.5680414779446536|127.0124154726912309_37.5679435535466197
2026-09-04T18:34:05.570303+09:00,동대문 관광특구,동대문 관광특구,POI002,KEY_3,1010019001,마장로1길,1010031808,신당동222-8,127.0124095059075984_37.5683913354501371,1010031811,운동장평화시장,127.0125602184103286_37.5679573189645097,51.0,24.0,서행,127.0125602184103286_37.5679573189645097|127.0124771732185138_37.5680811245796917|127.0124514225665706_37.5681597391732680|127.0124095059075984_37.5683913354501371
2026-09-04T18:34:05.570303+09:00,동대문 관광특구,동대문 관광특구,POI002,KEY_3,1010050000,다산로48길,1010037001,흥인동165,127.0168881371641589_37.5671760636422079,1010030603,흥인사거리,127.0161752657197951_37.5671384605402565,63.0,10.0,정체,127.0161752657197951_37.5671384605402565|127.0168881371641589_37.5671760636422079
2026-09-04T18:34:05.570303+09:00,동대문 관광특구,동대문 관광특구,POI002,KEY_3,1010019002,마장로1길,1010005301,신평화시장,127.0122708151406528_37.5696426709985616,1010031807,신당동222-8,127.0123898303853878_37.5685000458484097,127.0,25.0,원활,127.0123898303853878_37.5685000458484097|127.0123418218841209_37.5687652999462713|127.0122919230176990_37.5690284264960468|127.0122908073151677_37.5690411795721175|127.0122778985721510_37.5691887330836352|127.0122708151406528_37.5696426709985616
2026-09-04T18:34:05.570303+09:00,동대문 관광특구,동대문 관광특구,POI002,KEY_3,1010019101,다산로,1010141200,흥인동 162-1,127.0158502651201076_37.5693611781333274,1010034802,청계7가사거리,127.0158306639446124_37.5696611075855529,33.0,4.0,정체,127.0158306639446124_37.5696611075855529|127.0158502651201076_37.5693611781333274
2026-09-04T18:34:05.570303+09:00,동대문 관광특구,동대문 관광특구,POI002,KEY_3,1010019102,지봉로,1010034802,청계7가사거리,127.0158306639446124_37.5696611075855529,1010035202,청계7가사거리,127.0158040936899226_37.5700110354399825,39.0,9.0,정체,127.0158040936899226_37.5700110354399825|127.0158306639446124_37.5696611075855529
2026-09-04T18:34:05.570303+09:00,동대문 관광특구,동대문 관광특구,POI002,KEY_3,1010019201,다산로,1010034801,청계7가사거리,127.0159658392398683_37.5696730413387101,1010032001,흥인사거리,127.0160705316801852_37.5680719294102587,178.0,4.0,정체,127.0160705316801852_37.5680719294102587|127.0159858642378339_37.5693667947247576|127.0159658392398683_37.5696730413387101
2026-09-04T18:34:05.570303+09:00,동대문 관광특구,동대문 관광특구,POI002,KEY_3,1010019202,지봉로,1010035201,청계7가사거리,127.0159391928957717_37.5700239796054660,1010034801,청계7가사거리,127.0159658392398683_37.5696730413387101,39.0,8.0,정체,127.0159658392398683_37.5696730413387101|127.0159391928957717_37.5700239796054660
2026-09-04T18:34:05.570303+09:00,동대문 관광특구,동대문 관광특구,POI002,KEY_3,1010019600,청계천로,1010034802,청계7가사거리,127.0158306639446124_37.5696611075855529,1010005301,신평화시장,127.0122708151406528_37.5696426709985616,314.0,5.0,정체,127.0122708151406528_37.5696426709985616|127.0158306639446124_37.5696611075855529
2026-09-04T18:34:05.570303+09:00,동대문 관광특구,동대문 관광특구,POI002,KEY_3,1010019801,청계천로,1010035302,영도교,127.0190376795105180_37.5709005304627368,1010034801,청계7가사거리,127.0159658392398683_37.5696730413387101,306.0,8.0,정체,127.0159658392398683_37.5696730413387101|127.0162447649568236_37.5697211440676426|127.0165233090075390_37.5697807026559474|127.0168138383008198_37.5698640974172520|127.0171942285477513_37.5699927732501777|127.0175147209545514_37.5701286070555724|127.0180299167504216_37.5703764545912975|127.0190376795105180_37.5709005304627368
2026-09-04T18:34:05.570303+09:00,동대문 관광특구,동대문 관광특구,POI002,KEY_3,1010037500,퇴계로,1010022000,광희동1가202-5,127.0064842473273927_37.5641466003637774,1010022800,동대문역사문화공원역(서울5호선),127.0065706763448077_37.5644406429326594,48.0,4.0,정체,127.0065706763448077_37.5644406429326594|127.0066811536361087_37.5643775516764293|127.0066907310278452_37.5643088952173088|127.0066691623191701_37.5642345191936187|127.0066041857510015_37.5641759869182650|127.0064842473273927_37.5641466003637774
2026-09-04T18:34:05.570303+09:00,동대문 관광특구,동대문 관광특구,POI002,KEY_3,1010038000,장충단로,1010023800,광희동2가9,127.0074212496598989_37.5647191039854818,1010022600,동대문역사문화공원역(서울4호선),127.0077454141687099_37.5643181758701132,63.0,12.0,정체,127.0077454141687099_37.5643181758701132|127.0075819683701184_37.5643336340610148|127.0075100991725066_37.5643889445091830|127.0074478177686927_37.5644766757582289|127.0073975133061595_37.5645491496537787|127.0074212496598989_37.5647191039854818
2026-09-04T18:34:05.570303+09:00,동대문 관광특구,동대문 관광특구,POI002,KEY_3,1010038700,마른내로,1010023000,광희동1가169-1,127.0066022342274863_37.5645458036535800,1010024100,광희동2가9,127.0072910181171153_37.5647498099421497,71.0,15.0,서행,127.0072910181171153_37.5647498099421497|127.0070884576186359_37.5645796826538856|127.0069375173959259_37.5645243848659760|127.0068231515665786_37.5645069004905352|127.0066022342274863_37.5645458036535800
2026-09-04T18:34:05.570303+09:00,동대문 관광특구,동대문 관광특구,POI002,KEY_3,1010039200,퇴계로,1010024300,한양공고앞,127.0104773475085409_37.5647757639333406,1010025400,한양공고앞,127.0104615863536850_37.5651414229202487,51.0,15.0,서행,127.0104615863536850_37.5651414229202487|127.0105600471430023_37.5650748710828495|127.0105997131547184_37.5650060557475030|127.0106034436050777_37.5649166603729512|127.0105734829310649_37.5648213070281614|127.0104773475085409_37.5647757639333406
2026-09-04T18:34:05.570303+09:00,동대문 관광특구,동대문 관광특구,POI002,KEY_3,1010040100,장충단로,1010092000,광희동1가 181-1,127.0065666581878219_37.5657901895796726,1010028503,을지로6가 23-30,127.0066777601740426_37.5661744771858537,44.0,9.0,정체,127.0066777601740426_37.5661744771858537|127.0065666581878219_37.5657901895796726
2026-09-04T18:34:05.570303+09:00,동대문 관광특구,동대문 관광특구,POI002,KEY_3,1010040200,장충단로,1010028502,을지로6가 23-30,127.0068099877482979_37.5661497447646155,1010025604,동대문역사문화공원,127.0075480588206034_37.5654411230059182,142.0,7.0,정체,127.0075480588206034_37.5654411230059182|127.0066546962787299_37.5656126126095131|127.0066990252346812_37.5657659412754299|127.0068099877482979_37.5661497447646155
2026-09-04T18:34:05.570303+09:00,동대문 관광특구,동대문 관광특구,POI002,KEY_3,1010040800,을지로,1010026900,동대문역사문화공원,127.0084142117340065_37.5657933815894935,1010026500,동대문역사문화공원,127.0077330726616651_37.5655591691889441,68.0,15.0,서행,127.0077330726616651_37.5655591691889441|127.0079381871399988_37.5656946131292102|127.0081740368883487_37.5657810133705610|127.0084142117340065_37.5657933815894935
2026-09-04T18:34:05.570303+09:00,동대문 관광특구,동대문 관광특구,POI002,KEY_3,1010041000,장충단로,1010026800,동대문역사문화공원,127.0076027310937263_37.5655895835695972,1010027300,동대문역사문화공원,127.0072093223593868_37.5660721727252351,68.0,15.0,서행,127.0072093223593868_37.5660721727252351|127.0074103827092529_37.5659777349919963|127.0075077022791419_37.5658704535518240|127.0075937893706595_37.5657363546045602|127.0076027310937263_37.5655895835695972
2026-09-04T18:34:05.570303+09:00,동대문 관광특구,동대문 관광특구,POI002,KEY_3,1010041400,퇴계로71길,1010146500,신당동 251-113,127.0128353641023153_37.5665709505979564,1010024501,성동여자실업고교앞,127.0124180083525971_37.5649793334128219,204.0,15.0,서행,127.0124180083525971_37.5649793334128219|127.0124114001971662_37.5650299826422014|127.0124068834825550_37.5661119920256468|127.0124128800912473_37.5661177857006550|127.0128352490476402_37.5662369720408265|127.0128757748486237_37.5663122143075370|127.0128353641023153_37.5665709505979564
2026-09-04T18:34:05.570303+09:00,동대문 관광특구,동대문 관광특구,POI002,KEY_3,1010041500,퇴계로71길,1010024504,성동여자실업고교앞,127.0122824244794231_37.5649718786512210,1010031202,신당동 251-159,127.0126037267031904_37.5669109428648440,244.0,16.0,서행,127.0126037267031904_37.5669109428648440|127.0126412307703134_37.5668474033094597|127.0126698024754859_37.5667546274016004|127.0127005738834924_37.5665576114049742|127.0127364488098749_37.5663279184632444|127.0127338355630116_37.5663230668818073|127.0123319930443841_37.5662096732445008|127.0122708949118078_37.5661506328379602|127.0122755975942681_37.5650242043360834|127.0122824244794231_37.5649718786512210
2026-09-04T18:34:05.570303+09:00,동대문 관광특구,동대문 관광특구,POI002,KEY_3,1010041600,퇴계로75길,1010030608,광희초교,127.0160674105021883_37.5667646741866150,1010025101,신당역,127.0157472142811628_37.5653765487913560,171.0,20.0,서행,127.0157472142811628_37.5653765487913560|127.0157807694131407_37.5655235857224596|127.0157959514498032_37.5662042009814456|127.0158068552079413_37.5666930119781171|127.0158387126609796_37.5667198528817465|127.0160674105021883_37.5667646741866150
2026-09-04T18:34:05.570303+09:00,동대문 관광특구,동대문 관광특구,POI002,KEY_3,1010041700,퇴계로75길,1010143700,흥인동 117-5,127.0156601453222152_37.5662061203708575,1010030609,광희초교,127.0160617314247702_37.5668749100625661,98.0,19.0,서행,127.0160617314247702_37.5668749100625661|127.0157674288877132_37.5668172312489048|127.0156719822129077_37.5667368138553144|127.0156601453222152_37.5662061203708575
2026-09-04T18:34:05.570303+09:00,동대문 관광특구,동대문 관광특구,POI002,KEY_3,1010041800,을지로,1010028100,동대문역사문화공원,127.0072415247333453_37.5661772097702809,1010028800,동대문역사문화공원,127.0080565712496110_37.5666288866091591,89.0,20.0,서행,127.0080565712496110_37.5666288866091591|127.0077173922156106_37.5663889362043406|127.0073916863854606_37.5661982459288595|127.0072415247333453_37.5661772097702809
2026-09-04T18:34:05.570303+09:00,동대문 관광특구,동대문 관광특구,POI002,KEY_3,1010043800,을지로43길,1010149300,을지로6가 18-222,127.0073782111932843_37.5673699384108701,1010028501,을지로6가 23-30,127.0068399544692994_37.5662552159040573,137.0,12.0,정체,127.0068399544692994_37.5662552159040573|127.0069949714038273_37.5668109051300121|127.0070602814434295_37.5670450194884324|127.0071638649251753_37.5670828028170760|127.0073782111932843_37.5673699384108701
2026-09-04T18:34:05.570303+09:00,동대문 관광특구,동대문 관광특구,POI002,KEY_3,1010044900,장충단로13길,1010031901,현대시티아울렛(동대문점),127.0078041379920819_37.5680116507579029,1010031704,을지로6가 18-11,127.0089129103870960_37.5678261241420017,100.0,10.5,정체,127.0089129103870960_37.5678261241420017|127.0087521862193825_37.5678639356992790|127.0078041379920819_37.5680116507579029
2026-09-04T18:34:05.570303+09:00,동대문 관광특구,동대문 관광특구,POI002,KEY_3,1010045400,장충단로13길,1010032401,라뜰리에,127.0073032393134156_37.5680926349257334,1010031904,현대시티아울렛(동대문점),127.0076640479500298_37.5680340824541119,33.0,16.0,서행,127.0076640479500298_37.5680340824541119|127.0073032393134156_37.5680926349257334
2026-09-04T18:34:05.570303+09:00,동대문 관광특구,동대문 관광특구,POI002,KEY_3,1010045500,을지로39길,1010153200,을지로6가 18-11,127.0048090270473011_37.5670973204548702,1010029301,노보텔앰배서더서울동대문,127.0045543539209376_37.5666670938253304,53.0,14.0,정체,127.0045543539209376_37.5666670938253304|127.0048090270473011_37.5670973204548702
2026-09-04T18:34:05.570303+09:00,동대문 관광특구,동대문 관광특구,POI002,KEY_3,1010045600,을지로39길,1010139800,을지로6가 18-11,127.0066730552178456_37.5681872995602077,1010032404,라뜰리에,127.0071655544813609_37.5681138478869201,44.0,17.0,서행,127.0071655544813609_37.5681138478869201|127.0066730552178456_37.5681872995602077
2026-09-04T18:34:05.570303+09:00,동대문 관광특구,동대문 관광특구,POI002,KEY_3,1010046100,장충단로.장충단로13길,1010149900,을지로6가 18-12,127.0085250946082596_37.5692538356941554,1010032401,라뜰리에,127.0073032393134156_37.5680926349257334,236.0,12.5,정체,127.0073032393134156_37.5680926349257334|127.0072300360729116_37.5690589517777553|127.0072386991814142_37.5691914930984012|127.0072413992780440_37.5691957915825583|127.0072563754432053_37.5692017507484977|127.0085250946082596_37.5692538356941554
2026-09-04T18:34:05.570303+09:00,동대문 관광특구,동대문 관광특구,POI002,KEY_3,1010046200,장충단로,1010149800,을지로6가 17-468,127.0085180990572127_37.5693618116457060,1010033604,흥인시장,127.0096221501300420_37.5689990735866033,120.0,5.0,정체,127.0096221501300420_37.5689990735866033|127.0095287010951211_37.5691419252875107|127.0093799513192749_37.5693199901350354|127.0092838051250510_37.5693743124476072|127.0091918387787189_37.5693894653783715|127.0085180990572127_37.5693618116457060
2026-09-04T18:34:05.570303+09:00,동대문 관광특구,동대문 관광특구,POI002,KEY_3,1010049900,다산로48길,1010030602,흥인사거리,127.0161606333554687_37.5672460453498260,1010037002,흥인동165,127.0168791560236201_37.5672839465636130,64.0,2.0,정체,127.0168791560236201_37.5672839465636130|127.0161606333554687_37.5672460453498260
2026-09-04T18:34:05.570303+09:00,명동 관광특구,명동 관광특구,POI003,KEY_4,1000000303,종로,1000008703,종로1가사거리,126.9828971865418197_37.5701731264087542,1000007700,종로1가,126.9822109960776402_37.5701758601934444,61.0,6.0,정체,126.9822109960776402_37.5701758601934444|126.9824008620181672_37.5701779915733454|126.9828971865418197_37.5701731264087542
2026-09-04T18:34:05.570303+09:00,명동 관광특구,명동 관광특구,POI003,KEY_4,1000000403,종로,1000009500,종로1가,126.9822090811274506_37.5702839694386270,1000008704,종로1가사거리,126.9829124807839946_37.5702811035568871,62.0,7.0,정체,126.9829124807839946_37.5702811035568871|126.9824007403594095_37.5702861200097971|126.9822090811274506_37.5702839694386270
2026-09-04T18:34:05.570303+09:00,명동 관광특구,명동 관광특구,POI003,KEY_4,1000000501,종로,1000008701,종로1가사거리,126.9830485481293891_37.5702800768006568,1000009600,종로1가,126.9837104338048164_37.5702764015435093,58.0,7.0,정체,126.9837104338048164_37.5702764015435093|126.9830485481293891_37.5702800768006568
2026-09-04T18:34:05.570303+09:00,명동 관광특구,명동 관광특구,POI003,KEY_4,1000000502,종로,1000231500,종로2가 1-2,126.9840871569151233_37.5702743076942411,1000009104,종각지하쇼핑센터,126.9856860459643428_37.5702623526753499,141.0,16.0,서행,126.9856860459643428_37.5702623526753499|126.9846512311403757_37.5702711702886205|126.9844496207387294_37.5702722919640593|126.9840871569151233_37.5702743076942411
2026-09-04T18:34:05.570303+09:00,명동 관광특구,명동 관광특구,POI003,KEY_4,1000000601,종로,1000007800,종로1가,126.9837094850009294_37.5701682846705296,1000008702,종로1가사거리,126.9830343185050481_37.5701720336345346,60.0,7.0,정체,126.9830343185050481_37.5701720336345346|126.9837094850009294_37.5701682846705296
2026-09-04T18:34:05.570303+09:00,명동 관광특구,명동 관광특구,POI003,KEY_4,1000000602,종로,1000231400,종로2가 1-2,126.9840862081807984_37.5701661909693030,1000007800,종로1가,126.9837094850009294_37.5701682846705296,33.0,5.0,정체,126.9837094850009294_37.5701682846705296|126.9840862081807984_37.5701661909693030
2026-09-04T18:34:05.570303+09:00,명동 관광특구,명동 관광특구,POI003,KEY_4,1000001301,종로,1000009001,세종대로사거리,126.9771187019505163_37.5702314111293560,1000009700,종로1가1-3,126.9777559525715844_37.5702421551131351,56.0,5.0,정체,126.9777559525715844_37.5702421551131351|126.9771187019505163_37.5702314111293560
2026-09-04T18:34:05.570303+09:00,명동 관광특구,명동 관광특구,POI003,KEY_4,1000001401,종로,1000008000,동아일보사,126.9777588281918099_37.5701340596360964,1000009002,세종대로사거리,126.9770959172438580_37.5701228829325231,59.0,8.0,정체,126.9770959172438580_37.5701228829325231|126.9777588281918099_37.5701340596360964
2026-09-04T18:34:05.570303+09:00,명동 관광특구,명동 관광특구,POI003,KEY_4,1000002901,청계천로,1010032502,삼일교,126.9858176809112962_37.5681887506945316,1010033401,광교교차로,126.9828323504512895_37.5687142869809634,270.0,20.0,서행,126.9828323504512895_37.5687142869809634|126.9831003219411656_37.5686737853844051|126.9852687140431868_37.5682945602868230|126.9858176809112962_37.5681887506945316
2026-09-04T18:34:05.570303+09:00,명동 관광특구,명동 관광특구,POI003,KEY_4,1000002902,청계천로,1010032102,청계2가교차로,126.9875991297301567_37.5679809831949356,1010032501,삼일교,126.9859639352789031_37.5681586090325510,147.0,6.0,정체,126.9859639352789031_37.5681586090325510|126.9863253538070325_37.5680791845531417|126.9865577650626705_37.5680353471692356|126.9867829856370349_37.5680067659841299|126.9869962249077844_37.5679896256958159|126.9871974815225713_37.5679858337771080|126.9875991297301567_37.5679809831949356
2026-09-04T18:34:05.570303+09:00,명동 관광특구,명동 관광특구,POI003,KEY_4,1000003001,청계천로,1010033701,광교사거리,126.9828472617604831_37.5690310653232729,1000006702,동광빌딩,126.9856496555834724_37.5685348675876654,254.0,4.0,정체,126.9856496555834724_37.5685348675876654|126.9845929724430675_37.5687445528897968|126.9830379501262456_37.5690132418433791|126.9828472617604831_37.5690310653232729
2026-09-04T18:34:05.570303+09:00,명동 관광특구,명동 관광특구,POI003,KEY_4,1000003301,청계천로,1010033802,호주관광청,126.9797619415674745_37.5689431360811881,1010034101,무교동사거리,126.9793610650683036_37.5689718470786644,36.0,8.0,정체,126.9793610650683036_37.5689718470786644|126.9797619415674745_37.5689431360811881
2026-09-04T18:34:05.570303+09:00,명동 관광특구,명동 관광특구,POI003,KEY_4,1000003302,청계천로,1010033402,광교교차로,126.9826972926992426_37.5687326607183465,1010033801,호주관광청,126.9798972652306475_37.5689336143038304,248.0,8.3,정체,126.9798972652306475_37.5689336143038304|126.9825540318489203_37.5687499905156059|126.9826972926992426_37.5687326607183465
2026-09-04T18:34:05.570303+09:00,명동 관광특구,명동 관광특구,POI003,KEY_4,1000003400,청계천로,1010034301,무교동사거리,126.9793440155466442_37.5692674718774171,1010033702,광교사거리,126.9827120922386285_37.5690419071249693,299.0,13.0,정체,126.9827120922386285_37.5690419071249693|126.9793440155466442_37.5692674718774171
2026-09-04T18:34:05.570303+09:00,명동 관광특구,명동 관광특구,POI003,KEY_4,1000003700,청계천로,1010034102,무교동사거리,126.9792256224440905_37.5689816845044717,1000002000,청계광장,126.9771060680401717_37.5690311929919076,188.0,9.0,정체,126.9771060680401717_37.5690311929919076|126.9774434053876035_37.5690828687536680|126.9775440319711919_37.5690924240737019|126.9777213322496863_37.5690924576651568|126.9792256224440905_37.5689816845044717
2026-09-04T18:34:05.570303+09:00,명동 관광특구,명동 관광특구,POI003,KEY_4,1000003801,청계천로,1000031000,청계광장,126.9770921904126482_37.5694157550093379,1000007002,동아일보사,126.9783460265061024_37.5693222473721278,111.0,3.0,정체,126.9783460265061024_37.5693222473721278|126.9773834142662849_37.5693879956262435|126.9770921904126482_37.5694157550093379
2026-09-04T18:34:05.570303+09:00,명동 관광특구,명동 관광특구,POI003,KEY_4,1000004701,우정국로,1010033702,광교사거리,126.9827120922386285_37.5690419071249693,1000007200,종로1가,126.9827935302844111_37.5696197701673924,65.0,12.5,정체,126.9827935302844111_37.5696197701673924|126.9827458886658889_37.5693654356143227|126.9827120922386285_37.5690419071249693
2026-09-04T18:34:05.570303+09:00,명동 관광특구,명동 관광특구,POI003,KEY_4,1000004702,우정국로,1000007200,종로1가,126.9827935302844111_37.5696197701673924,1000008703,종로1가사거리,126.9828971865418197_37.5701731264087542,62.0,11.0,정체,126.9828971865418197_37.5701731264087542|126.9827935302844111_37.5696197701673924
2026-09-04T18:34:05.570303+09:00,명동 관광특구,명동 관광특구,POI003,KEY_4,1000004801,우정국로,1000007100,종로1가,126.9829278791696936_37.5696038258341787,1010033701,광교사거리,126.9828472617604831_37.5690310653232729,64.0,7.0,정체,126.9828472617604831_37.5690310653232729|126.9828808883077329_37.5693529710736058|126.9829278791696936_37.5696038258341787
2026-09-04T18:34:05.570303+09:00,명동 관광특구,명동 관광특구,POI003,KEY_4,1000004802,우정국로,1000008702,종로1가사거리,126.9830343185050481_37.5701720336345346,1000007100,종로1가,126.9829278791696936_37.5696038258341787,64.0,4.0,정체,126.9829278791696936_37.5696038258341787|126.9830343185050481_37.5701720336345346
2026-09-04T18:34:05.570303+09:00,명동 관광특구,명동 관광특구,POI003,KEY_4,1000005202,세종대로,1000009002,세종대로사거리,126.9770959172438580_37.5701228829325231,1000007400,청계천광장,126.9770893091757529_37.5695834801641908,60.0,5.0,정체,126.9770893091757529_37.5695834801641908|126.9770891110814688_37.5697756552470636|126.9770959172438580_37.5701228829325231
2026-09-04T18:34:05.570303+09:00,명동 관광특구,명동 관광특구,POI003,KEY_4,1000005203,세종대로,1000031000,청계광장,126.9770921904126482_37.5694157550093379,1000002000,청계광장,126.9771060680401717_37.5690311929919076,43.0,4.0,정체,126.9771060680401717_37.5690311929919076|126.9770921904126482_37.5694157550093379
2026-09-04T18:34:05.570303+09:00,명동 관광특구,명동 관광특구,POI003,KEY_4,1000005204,세종대로,1000007400,청계천광장,126.9770893091757529_37.5695834801641908,1000031000,청계광장,126.9770921904126482_37.5694157550093379,19.0,6.0,정체,126.9770921904126482_37.5694157550093379|126.9770893091757529_37.5695834801641908
2026-09-04T18:34:05.570303+09:00,명동 관광특구,명동 관광특구,POI003,KEY_4,1000006501,우정국로,1000008704,종로1가사거리,126.9829124807839946_37.5702811035568871,1000010800,종로1가,126.9829520973026149_37.5707555248776544,53.0,6.0,정체,126.9829520973026149_37.5707555248776544|126.9829508691110647_37.5707257702316255|126.9829124807839946_37.5702811035568871
2026-09-04T18:34:05.570303+09:00,명동 관광특구,명동 관광특구,POI003,KEY_4,1000006601,우정국로,1000010700,종로1가,126.9830878603485758_37.5707519719581455,1000008701,종로1가사거리,126.9830485481293891_37.5702800768006568,52.0,7.0,정체,126.9830485481293891_37.5702800768006568|126.9830865510382267_37.5707202864689833|126.9830878603485758_37.5707519719581455
2026-09-04T18:34:05.570303+09:00,명동 관광특구,명동 관광특구,POI003,KEY_4,1000008403,세종대로,1000178600,세종로 84-12,126.9773435970436708_37.5716353187199061,1000010301,주한네덜란드대사관,126.9773205016073234_37.5708618739457165,86.0,3.0,정체,126.9773205016073234_37.5708618739457165|126.9773435970436708_37.5716353187199061
2026-09-04T18:34:05.570303+09:00,명동 관광특구,명동 관광특구,POI003,KEY_4,1000023600,종로,1000007200,종로1가,126.9827935302844111_37.5696197701673924,1000007700,종로1가,126.9822109960776402_37.5701758601934444,90.0,12.0,정체,126.9822109960776402_37.5701758601934444|126.9823538247533747_37.5701681727122576|126.9825335459648414_37.5700690295792086|126.9826437791460876_37.5699908547526107|126.9827324536877029_37.5698897904859521|126.9827899849345840_37.5697677437382040|126.9827935302844111_37.5696197701673924
2026-09-04T18:34:05.570303+09:00,명동 관광특구,명동 관광특구,POI003,KEY_4,1000023700,종로,1000007800,종로1가,126.9837094850009294_37.5701682846705296,1000007100,종로1가,126.9829278791696936_37.5696038258341787,103.0,7.0,정체,126.9829278791696936_37.5696038258341787|126.9830032097695494_37.5698402452960423|126.9830990215400703_37.5699604067910897|126.9831924475550267_37.5700347972999680|126.9833242130892046_37.5700939366007987|126.9834847309357855_37.5701511723724835|126.9837094850009294_37.5701682846705296
2026-09-04T18:34:05.570303+09:00,명동 관광특구,명동 관광특구,POI003,KEY_4,1000023900,종로,1000008000,동아일보사,126.9777588281918099_37.5701340596360964,1000007400,청계천광장,126.9770893091757529_37.5695834801641908,91.0,8.5,정체,126.9770893091757529_37.5695834801641908|126.9770963075021939_37.5696479702720865|126.9772094321437663_37.5697743360528662|126.9773459521211265_37.5699388507560457|126.9774735034476549_37.5700533015790512|126.9775723207871607_37.5701062430602590|126.9777588281918099_37.5701340596360964
2026-09-04T18:34:05.570303+09:00,명동 관광특구,명동 관광특구,POI003,KEY_4,1000024400,종로,1000010700,종로1가,126.9830878603485758_37.5707519719581455,1000009600,종로1가,126.9837104338048164_37.5702764015435093,84.0,9.0,정체,126.9837104338048164_37.5702764015435093|126.9834199944166073_37.5703552243340226|126.9832834070776642_37.5704238609181118|126.9831923434160359_37.5704982251536919|126.9830964773624657_37.5706145452795255|126.9830878603485758_37.5707519719581455
2026-09-04T18:34:05.570303+09:00,명동 관광특구,명동 관광특구,POI003,KEY_4,1000024500,종로,1000009500,종로1가,126.9822090811274506_37.5702839694386270,1000010800,종로1가,126.9829520973026149_37.5707555248776544,92.0,10.0,정체,126.9829520973026149_37.5707555248776544|126.9829359392394394_37.5706431287853420|126.9828401259818236_37.5705267810848440|126.9827754493047394_37.5704619306360499|126.9826892071422293_37.5704047039165019|126.9825119206921613_37.5703322080284821|126.9822090811274506_37.5702839694386270
2026-09-04T18:34:05.570303+09:00,명동 관광특구,명동 관광특구,POI003,KEY_4,1010002301,소월로,1010155400,최소노드배치점,126.9760533414636114_37.5582497344554369,1010013803,숭례문앞교차로,126.9755809845113532_37.5605189064983307,262.0,27.0,원활,126.9755809845113532_37.5605189064983307|126.9757337889885065_37.5603525891795087|126.9757984686316661_37.5601874326070444|126.9757969708594061_37.5599997077910714|126.9757198667068110_37.5593373627741514|126.9757048763582503_37.5591937029204388|126.9757309859065373_37.5590497713064551|126.9757785893644524_37.5588840435687814|126.9759074328705282_37.5585745471584289|126.9759297486065890_37.5585209420058632|126.9759522152383795_37.5584716422248093|126.9760533414636114_37.5582497344554369
2026-09-04T18:34:05.570303+09:00,명동 관광특구,명동 관광특구,POI003,KEY_4,1010002402,소월로,1010013802,숭례문앞교차로,126.9757600351255320_37.5605071695408910,1010011100,숭례문,126.9758644071737450_37.5590694809368770,164.0,9.0,정체,126.9758644071737450_37.5590694809368770|126.9758414948468044_37.5591969276911115|126.9758551619603253_37.5593278985156402|126.9759327469906509_37.5599943665054212|126.9759344158917429_37.5602035603088922|126.9758567349293656_37.5604019178341417|126.9757600351255320_37.5605071695408910
2026-09-04T18:34:05.570303+09:00,명동 관광특구,명동 관광특구,POI003,KEY_4,1010002508,퇴계로,1010038200,회현동1가 194-69,126.9793517057243974_37.5593685443415026,1010011702,회현역7번출구,126.9799749525828076_37.5595619956135778,59.0,3.0,정체,126.9799749525828076_37.5595619956135778|126.9797655565294434_37.5594985542619710|126.9793517057243974_37.5593685443415026
2026-09-04T18:34:05.570303+09:00,명동 관광특구,명동 관광특구,POI003,KEY_4,1010004503,퇴계로,1010058100,충무로2가 111,126.9860157278956194_37.5609895542921493,1010016204,롯데호텔L7(명동),126.9867111612325346_37.5610613083895331,62.0,6.0,정체,126.9867111612325346_37.5610613083895331|126.9862655416711590_37.5610153303082797|126.9860157278956194_37.5609895542921493
2026-09-04T18:34:05.570303+09:00,명동 관광특구,명동 관광특구,POI003,KEY_4,1010004505,퇴계로,1010016201,롯데호텔L7(명동),126.9868467299909440_37.5610743853645488,1010017004,퇴계로2가교차로,126.9889474014538138_37.5613140531310350,189.0,11.0,정체,126.9889474014538138_37.5613140531310350|126.9870814163588051_37.5611494769929379|126.9869907146048007_37.5611414765227138|126.9868467299909440_37.5610743853645488
2026-09-04T18:34:05.570303+09:00,명동 관광특구,명동 관광특구,POI003,KEY_4,1010004603,퇴계로,1010108700,충무로2가 94-2,126.9862829994179521_37.5609081074300093,1010016002,명동역(서울4호선),126.9858383483569071_37.5608622275438933,40.0,21.0,서행,126.9858383483569071_37.5608622275438933|126.9860331859943869_37.5608823314504221|126.9862829994179521_37.5609081074300093
2026-09-04T18:34:05.570303+09:00,명동 관광특구,명동 관광특구,POI003,KEY_4,1010004604,퇴계로,1010016301,명동역1번출구,126.9871113334254318_37.5609345528858967,1010016202,롯데호텔L7(명동),126.9868616879201113_37.5609669231657151,23.0,29.0,원활,126.9868616879201113_37.5609669231657151|126.9870206308065406_37.5609265523693381|126.9871113334254318_37.5609345528858967
2026-09-04T18:34:05.570303+09:00,명동 관광특구,명동 관광특구,POI003,KEY_4,1010004605,퇴계로,1010017003,퇴계로2가교차로,126.9889890744976100_37.5611001658779600,1010016301,명동역1번출구,126.9871113334254318_37.5609345528858967,167.0,20.5,서행,126.9871113334254318_37.5609345528858967|126.9889890744976100_37.5611001658779600
2026-09-04T18:34:05.570303+09:00,명동 관광특구,명동 관광특구,POI003,KEY_4,1010004901,소공로,1010014904,회현사거리,126.9819470670801422_37.5604226300890645,1010016100,신세계백화점(본점),126.9816686271532404_37.5609097208093701,59.0,8.0,정체,126.9816686271532404_37.5609097208093701|126.9819470670801422_37.5604226300890645
2026-09-04T18:34:05.570303+09:00,명동 관광특구,명동 관광특구,POI003,KEY_4,1010004903,소공로,1010016100,신세계백화점(본점),126.9816686271532404_37.5609097208093701,1010017902,한국은행앞교차로,126.9812102323787997_37.5618212267858951,109.0,19.0,서행,126.9812102323787997_37.5618212267858951|126.9814215875591117_37.5613304278622451|126.9815191090982296_37.5611692719051433|126.9815779997364160_37.5610682604307513|126.9816686271532404_37.5609097208093701
2026-09-04T18:34:05.570303+09:00,명동 관광특구,명동 관광특구,POI003,KEY_4,1010005001,소공로,1010016400,포스트타워,126.9817922479335550_37.5609545032611152,1010014901,회현사거리,126.9820623967078177_37.5604819136935362,58.0,10.0,정체,126.9820623967078177_37.5604819136935362|126.9817922479335550_37.5609545032611152
2026-09-04T18:34:05.570303+09:00,명동 관광특구,명동 관광특구,POI003,KEY_4,1010005002,소공로,1010016902,한국은행앞,126.9817016201550075_37.5611130425819510,1010016400,포스트타워,126.9817922479335550_37.5609545032611152,19.0,10.0,정체,126.9817922479335550_37.5609545032611152|126.9817016201550075_37.5611130425819510
2026-09-04T18:34:05.570303+09:00,명동 관광특구,명동 관광특구,POI003,KEY_4,1010005003,소공로,1010017901,한국은행앞교차로,126.9813201261830500_37.5618994475613093,1010016901,한국은행앞,126.9816414699309064_37.5612161949658940,81.0,11.0,정체,126.9816414699309064_37.5612161949658940|126.9815474496638501_37.5613715645860893|126.9813201261830500_37.5618994475613093
2026-09-04T18:34:05.570303+09:00,명동 관광특구,명동 관광특구,POI003,KEY_4,1010005101,남대문로,1010013801,숭례문앞교차로,126.9756943412395600_37.5606249038699929,1010015000,숭례문,126.9764459331227329_37.5606350021971664,67.0,12.0,정체,126.9764459331227329_37.5606350021971664|126.9761770959942169_37.5605854916413975|126.9759176766868478_37.5605967861663927|126.9756943412395600_37.5606249038699929
2026-09-04T18:34:05.570303+09:00,명동 관광특구,명동 관광특구,POI003,KEY_4,1010005102,남대문로,1010123700,남대문로3가 110-4,126.9802395481067094_37.5615376279630198,1010017903,한국은행앞교차로,126.9811556456876929_37.5619216279188848,92.0,15.0,서행,126.9811556456876929_37.5619216279188848|126.9809804652948202_37.5618338688153770|126.9804945418923836_37.5616270684645031|126.9802395481067094_37.5615376279630198
2026-09-04T18:34:05.570303+09:00,명동 관광특구,명동 관광특구,POI003,KEY_4,1010005201,남대문로,1010014800,숭례문,126.9764883666133954_37.5605318420117769,1010013802,숭례문앞교차로,126.9757600351255320_37.5605071695408910,65.0,7.0,정체,126.9757600351255320_37.5605071695408910|126.9759033237710781_37.5604891294319145|126.9761889274862341_37.5604766950548168|126.9764883666133954_37.5605318420117769
2026-09-04T18:34:05.570303+09:00,명동 관광특구,명동 관광특구,POI003,KEY_4,1010005202,남대문로,1010105800,남대문로4가 24-1,126.9773600444245005_37.5608297698874694,1010014800,숭례문,126.9764883666133954_37.5605318420117769,84.0,4.0,정체,126.9764883666133954_37.5605318420117769|126.9773600444245005_37.5608297698874694
2026-09-04T18:34:05.570303+09:00,명동 관광특구,명동 관광특구,POI003,KEY_4,1010007100,남대문로,1010017904,한국은행앞교차로,126.9812429466621211_37.5620183676301806,1010021108,호텔이비스명동,126.9820519451972700_37.5636664770067483,197.0,6.0,정체,126.9820519451972700_37.5636664770067483|126.9819793117574847_37.5634775660291922|126.9817625196920829_37.5629137095619114|126.9816744970428033_37.5627384358941327|126.9813726104749207_37.5622249080098740|126.9812429466621211_37.5620183676301806
2026-09-04T18:34:05.570303+09:00,명동 관광특구,명동 관광특구,POI003,KEY_4,1010007200,남대문로,1010090400,남대문로2가 17-2,126.9821091872959755_37.5634459234669080,1010017901,한국은행앞교차로,126.9813201261830500_37.5618994475613093,186.0,7.0,정체,126.9813201261830500_37.5618994475613093|126.9814948864511877_37.5621778204330639|126.9817991665262582_37.5626954199811465|126.9818907371757462_37.5628777579140802|126.9821091872959755_37.5634459234669080
2026-09-04T18:34:05.570303+09:00,명동 관광특구,명동 관광특구,POI003,KEY_4,1010007304,서소문로,1010019501,한산빌딩,126.9730982772283170_37.5628920335954888,1010020204,중앙일보사,126.9740738637650566_37.5631806396414873,92.0,21.0,서행,126.9740738637650566_37.5631806396414873|126.9737013790137468_37.5630578478489241|126.9732815155571188_37.5629364731473245|126.9732301148138589_37.5629240073069894|126.9730982772283170_37.5628920335954888
2026-09-04T18:34:05.570303+09:00,명동 관광특구,명동 관광특구,POI003,KEY_4,1010007305,서소문로,1010060500,서소문동 42-3,126.9748814331857290_37.5634753132613639,1010021604,시청앞광장,126.9768728564433928_37.5640783561644085,191.0,21.0,서행,126.9768728564433928_37.5640783561644085|126.9766787939362445_37.5640859652900971|126.9765523317762188_37.5640754535460886|126.9763400428201123_37.5640251139761148|126.9749917778751325_37.5635158830683409|126.9748814331857290_37.5634753132613639
2026-09-04T18:34:05.570303+09:00,명동 관광특구,명동 관광특구,POI003,KEY_4,1010007405,서소문로,1010021603,시청앞광장,126.9768324946201261_37.5639716881909536,1010020202,중앙일보사,126.9742502538365869_37.5631241528421853,249.0,8.0,정체,126.9742502538365869_37.5631241528421853|126.9749383845103381_37.5633771573157134|126.9750493665217306_37.5634179614493959|126.9763888286545210_37.5639238670732283|126.9765790012718583_37.5639689628774178|126.9766825277856697_37.5639775680622137|126.9768324946201261_37.5639716881909536
2026-09-04T18:34:05.570303+09:00,명동 관광특구,명동 관광특구,POI003,KEY_4,1010007500,소공로,1010017903,한국은행앞교차로,126.9811556456876929_37.5619216279188848,1010021703,소공로지하상가,126.9793735854893129_37.5639048297059688,271.0,7.0,정체,126.9793735854893129_37.5639048297059688|126.9799260872659801_37.5633234478845921|126.9804607657373765_37.5627352047527836|126.9809958432867205_37.5621465108158432|126.9811556456876929_37.5619216279188848
2026-09-04T18:34:05.570303+09:00,명동 관광특구,명동 관광특구,POI003,KEY_4,1010007600,소공로,1010125600,소공동 44-2,126.9805708038916379_37.5627985840057121,1010017904,한국은행앞교차로,126.9812429466621211_37.5620183676301806,105.0,17.0,서행,126.9812429466621211_37.5620183676301806|126.9811103260703646_37.5622049984614250|126.9805708038916379_37.5627985840057121
2026-09-04T18:34:05.570303+09:00,명동 관광특구,명동 관광특구,POI003,KEY_4,1010008401,세종대로18길,1010021203,우성빌딩,126.9777193951018148_37.5638099385310227,1010021602,시청앞광장,126.9769689889781006_37.5639574810137518,68.0,8.0,정체,126.9769689889781006_37.5639574810137518|126.9777193951018148_37.5638099385310227
2026-09-04T18:34:05.570303+09:00,명동 관광특구,명동 관광특구,POI003,KEY_4,1010008402,세종대로18길,1010073800,소공동 87-15,126.9784945856248157_37.5638009334543241,1010021202,우성빌딩,126.9778443694909242_37.5637825313256783,58.0,6.0,정체,126.9778443694909242_37.5637825313256783|126.9779245419285019_37.5637634021338656|126.9780550037610567_37.5637507097928918|126.9781651142375978_37.5637590779395225|126.9784945856248157_37.5638009334543241
2026-09-04T18:34:05.570303+09:00,명동 관광특구,명동 관광특구,POI003,KEY_4,1010008601,명동길,1010094000,명동2가 81-1,126.9851479805942063_37.5638186401739063,1010021107,호텔이비스명동,126.9821837939177840_37.5636399652824764,264.0,5.0,정체,126.9821837939177840_37.5636399652824764|126.9823326124742522_37.5636143047609394|126.9828833689964966_37.5636071193572647|126.9835225261317078_37.5636288098772013|126.9845070950813550_37.5637152298037265|126.9851479805942063_37.5638186401739063
2026-09-04T18:34:05.570303+09:00,명동 관광특구,명동 관광특구,POI003,KEY_4,1010008602,명동길,1010106400,명동2가 1-17,126.9865203350459382_37.5642465490057234,1010021103,천주교서울대교구역사관,126.9862268629406685_37.5640958827178579,31.0,4.0,정체,126.9862268629406685_37.5640958827178579|126.9865203350459382_37.5642465490057234
2026-09-04T18:34:05.570303+09:00,명동 관광특구,명동 관광특구,POI003,KEY_4,1010009100,남대문로7길,1010021108,호텔이비스명동,126.9820519451972700_37.5636664770067483,1010021702,소공로지하상가,126.9795475428450970_37.5639009918525275,227.0,5.0,정체,126.9795475428450970_37.5639009918525275|126.9796803370022360_37.5638948862261515|126.9806310216740002_37.5639896452279629|126.9820519451972700_37.5636664770067483
2026-09-04T18:34:05.570303+09:00,명동 관광특구,명동 관광특구,POI003,KEY_4,1010009200,남대문로7길,1010021701,소공로지하상가,126.9794402894512473_37.5640142229526717,1010021109,호텔이비스명동,126.9820873216543333_37.5637708767384169,240.0,11.0,정체,126.9820873216543333_37.5637708767384169|126.9806416666700954_37.5640996703370931|126.9796757766825266_37.5640033960331934|126.9794402894512473_37.5640142229526717
2026-09-04T18:34:05.570303+09:00,명동 관광특구,명동 관광특구,POI003,KEY_4,1010009501,소공로,1010021704,소공로지하상가,126.9792789797845671_37.5640057968385435,1010023303,조선호텔,126.9788152991022230_37.5645029149171776,69.0,10.0,정체,126.9788152991022230_37.5645029149171776|126.9792789797845671_37.5640057968385435
2026-09-04T18:34:05.570303+09:00,명동 관광특구,명동 관광특구,POI003,KEY_4,1010009502,소공로,1010023304,조선호텔,126.9787312154575005_37.5645930511843886,1010024703,시청앞광장,126.9784672029423973_37.5649273269454653,44.0,8.0,정체,126.9784672029423973_37.5649273269454653|126.9785328581880179_37.5648259321764542|126.9786099909753290_37.5647229929441977|126.9787312154575005_37.5645930511843886
2026-09-04T18:34:05.570303+09:00,명동 관광특구,명동 관광특구,POI003,KEY_4,1010009601,소공로,1010023302,조선호텔,126.9789243502561220_37.5645673683433330,1010021701,소공로지하상가,126.9794402894512473_37.5640142229526717,76.0,11.0,정체,126.9794402894512473_37.5640142229526717|126.9789243502561220_37.5645673683433330
2026-09-04T18:34:05.570303+09:00,명동 관광특구,명동 관광특구,POI003,KEY_4,1010009602,소공로,1010024701,속성변화점,126.9786056986612977_37.5650244624703831,1010023301,조선호텔,126.9788402605382771_37.5646575116433681,47.0,14.0,정체,126.9788402605382771_37.5646575116433681|126.9787231273203787_37.5647830692895752|126.9786516629586544_37.5648784430538711|126.9786287557715099_37.5649138199071757|126.9786056986612977_37.5650244624703831
2026-09-04T18:34:05.570303+09:00,명동 관광특구,명동 관광특구,POI003,KEY_4,1010009902,세종대로,1010021604,시청앞광장,126.9768728564433928_37.5640783561644085,1010024204,시청앞교차로,126.9770880989032236_37.5648197786229900,85.0,17.0,서행,126.9770880989032236_37.5648197786229900|126.9770591791834136_37.5646629693451288|126.9770001947957212_37.5644354373990907|126.9769219936512883_37.5642088549141349|126.9768728564433928_37.5640783561644085
2026-09-04T18:34:05.570303+09:00,명동 관광특구,명동 관광특구,POI003,KEY_4,1010010000,세종대로,1010024203,시청앞교차로,126.9772135411598413_37.5647555843739269,1010021601,시청앞광장,126.9770081698073909_37.5640611462049279,79.0,17.0,서행,126.9770081698073909_37.5640611462049279|126.9770525488461743_37.5641790078298783|126.9771323290460572_37.5644101639924273|126.9771929938028450_37.5646441761629077|126.9772135411598413_37.5647555843739269
2026-09-04T18:34:05.570303+09:00,명동 관광특구,명동 관광특구,POI003,KEY_4,1010011000,덕수궁길,1010003702,국립현대미술관(덕수궁),126.9734800713954428_37.5653099277390794,1010024205,시청앞교차로,126.9771111379704962_37.5649683842586413,350.0,14.0,정체,126.9771111379704962_37.5649683842586413|126.9769955437966189_37.5648997036250520|126.9769191129801698_37.5648841239987448|126.9762643259252286_37.5649661911538288|126.9761744747147532_37.5649770829893868|126.9759779520215517_37.5650009053778362|126.9758689949813260_37.5650050124235619|126.9752013280298399_37.5649548066137768|126.9751376722967393_37.5649475156969572|126.9743014077374426_37.5648517294047579|126.9740978380537513_37.5648406360021241|126.9740518977143893_37.5648432379020889|126.9740231183313881_37.5648571744892976|126.9736843653272729_37.5652451675209207|126.9735504744861458_37.5653043393530339|126.9734800713954428_37.5653099277390794
2026-09-04T18:34:05.570303+09:00,명동 관광특구,명동 관광특구,POI003,KEY_4,1010011100,소공로,1010024703,시청앞광장,126.9784672029423973_37.5649273269454653,1010024202,시청앞교차로,126.9772712943529740_37.5649019993645936,106.0,23.0,서행,126.9772712943529740_37.5649019993645936|126.9774098801302102_37.5649281244663342|126.9776269810423628_37.5649428736685351|126.9783249021099323_37.5649392241840445|126.9784672029423973_37.5649273269454653
2026-09-04T18:34:05.570303+09:00,명동 관광특구,명동 관광특구,POI003,KEY_4,1010011200,소공로,1010024201,시청앞교차로,126.9772516593585294_37.5650094083765893,1010024704,시청앞광장,126.9784659259494219_37.5650361481380060,108.0,5.0,정체,126.9784659259494219_37.5650361481380060|126.9783324600417700_37.5650473063687187|126.9776216401868254_37.5650510228301613|126.9773883375840597_37.5650351731031407|126.9772516593585294_37.5650094083765893
2026-09-04T18:34:05.570303+09:00,명동 관광특구,명동 관광특구,POI003,KEY_4,1010014003,을지로,1010027603,을지로1가사거리,126.9825982666405650_37.5659907242088167,1010027100,을지로1가,126.9818929057274914_37.5659831733999496,62.0,5.0,정체,126.9818929057274914_37.5659831733999496|126.9825982666405650_37.5659907242088167
2026-09-04T18:34:05.570303+09:00,명동 관광특구,명동 관광특구,POI003,KEY_4,1010011301,남대문로,1010021109,호텔이비스명동,126.9820873216543333_37.5637708767384169,1010026000,을지로1가,126.9825267031434635_37.5654759873990756,193.0,8.0,정체,126.9825267031434635_37.5654759873990756|126.9824702954355473_37.5651483984699510|126.9824465623792378_37.5650489393979115|126.9823699220778366_37.5647277579612506|126.9821890475419082_37.5641153221354358|126.9820873216543333_37.5637708767384169
2026-09-04T18:34:05.570303+09:00,명동 관광특구,명동 관광특구,POI003,KEY_4,1010011302,남대문로,1010026000,을지로1가,126.9825267031434635_37.5654759873990756,1010027603,을지로1가사거리,126.9825982666405650_37.5659907242088167,58.0,14.0,정체,126.9825982666405650_37.5659907242088167|126.9825744719930611_37.5657534111520093|126.9825267031434635_37.5654759873990756
2026-09-04T18:34:05.570303+09:00,명동 관광특구,명동 관광특구,POI003,KEY_4,1010011401,남대문로,1010091100,남대문로2가 55,126.9823212661627423_37.5640905784940742,1010021106,호텔이비스명동,126.9822190609451695_37.5637445116022164,39.0,5.0,정체,126.9822190609451695_37.5637445116022164|126.9823212661627423_37.5640905784940742
2026-09-04T18:34:05.570303+09:00,명동 관광특구,명동 관광특구,POI003,KEY_4,1010011402,남대문로,1010027602,을지로1가사거리,126.9827347649793126_37.5659931090943999,1010025900,을지로1가,126.9826612707275899_37.5654613047842005,59.0,4.0,정체,126.9826612707275899_37.5654613047842005|126.9827095622990356_37.5657417604116617|126.9827347649793126_37.5659931090943999
2026-09-04T18:34:05.570303+09:00,명동 관광특구,명동 관광특구,POI003,KEY_4,1010012301,삼일대로,1010023607,을지로2가교차로,126.9875153124106788_37.5653314296015850,1010028303,을지로2가사거리,126.9874738711629050_37.5660973882812215,85.0,22.0,서행,126.9874738711629050_37.5660973882812215|126.9875153124106788_37.5653314296015850
2026-09-04T18:34:05.570303+09:00,명동 관광특구,명동 관광특구,POI003,KEY_4,1010012402,삼일대로,1010028302,을지로2가사거리,126.9876096117672972_37.5661013280257805,1010023606,을지로2가교차로,126.9876510130918916_37.5653360815828705,85.0,5.0,정체,126.9876510130918916_37.5653360815828705|126.9876096117672972_37.5661013280257805
2026-09-04T18:34:05.570303+09:00,명동 관광특구,명동 관광특구,POI003,KEY_4,1010012500,을지로,1010024704,시청앞광장,126.9784659259494219_37.5650361481380060,1010004003,시청앞교차로,126.9789708087737665_37.5659839969886207,114.0,9.0,정체,126.9789708087737665_37.5659839969886207|126.9788675333299039_37.5658318303835728|126.9786502993091943_37.5654208830312371|126.9784659259494219_37.5650361481380060
2026-09-04T18:34:05.570303+09:00,명동 관광특구,명동 관광특구,POI003,KEY_4,1010012600,을지로,1010004002,시청앞교차로,126.9790903112125449_37.5659326054826721,1010024701,속성변화점,126.9786056986612977_37.5650244624703831,110.0,14.0,정체,126.9786056986612977_37.5650244624703831|126.9787763856751894_37.5653806366447611|126.9789901698400030_37.5657850581407118|126.9790903112125449_37.5659326054826721
2026-09-04T18:34:05.570303+09:00,명동 관광특구,명동 관광특구,POI003,KEY_4,1010012901,수표로,1010003202,을지로3가역교차로,126.9897291608209429_37.5658390563948359,1010028603,을지로3가역앞교차로,126.9896894051841514_37.5661745923649022,37.0,4.0,정체,126.9896894051841514_37.5661745923649022|126.9897291608209429_37.5658390563948359
2026-09-04T18:34:05.570303+09:00,명동 관광특구,명동 관광특구,POI003,KEY_4,1010013001,수표로,1010028602,을지로3가역앞교차로,126.9898251326520580_37.5661805237763957,1010003203,중부경찰서앞교차로,126.9900253380623667_37.5648767043805805,146.0,3.0,정체,126.9900253380623667_37.5648767043805805|126.9898963568923449_37.5655793760539467|126.9898643876243369_37.5658492083217084|126.9898251326520580_37.5661805237763957
2026-09-04T18:34:05.570303+09:00,명동 관광특구,명동 관광특구,POI003,KEY_4,1010013800,세종대로,1010004902,강원도민일보(서울본부),126.9771979915670101_37.5670009920858590,1010024201,시청앞교차로,126.9772516593585294_37.5650094083765893,221.0,21.0,서행,126.9772516593585294_37.5650094083765893|126.9772632229602749_37.5651213527824481|126.9772704963173453_37.5652669803863901|126.9772680209366058_37.5654083777349115|126.9772559424266944_37.5656434912380419|126.9771979915670101_37.5670009920858590
2026-09-04T18:34:05.570303+09:00,명동 관광특구,명동 관광특구,POI003,KEY_4,1010013901,을지로,1010004001,시청앞교차로,126.9791355868352127_37.5660429362421766,1010027204,일본국제관광진흥기구서울사무소,126.9796194072220459_37.5660647181267464,43.0,8.0,정체,126.9796194072220459_37.5660647181267464|126.9791355868352127_37.5660429362421766
2026-09-04T18:34:05.570303+09:00,명동 관광특구,명동 관광특구,POI003,KEY_4,1010013902,을지로,1010146100,을지로1가 100-1,126.9815109860232241_37.5660872122773881,1010027900,을지로1가,126.9818910787151509_37.5660912827303974,34.0,9.5,정체,126.9818910787151509_37.5660912827303974|126.9815109860232241_37.5660872122773881
2026-09-04T18:34:05.570303+09:00,명동 관광특구,명동 관광특구,POI003,KEY_4,1010013903,을지로,1010027900,을지로1가,126.9818910787151509_37.5660912827303974,1010027604,을지로1가사거리,126.9826058911915396_37.5660989346886538,63.0,19.0,서행,126.9826058911915396_37.5660989346886538|126.9818910787151509_37.5660912827303974
2026-09-04T18:34:05.570303+09:00,명동 관광특구,명동 관광특구,POI003,KEY_4,1010014001,을지로,1010141800,을지로1가 50-1,126.9805253177826074_37.5659685214828443,1010004002,시청앞교차로,126.9790903112125449_37.5659326054826721,127.0,13.0,정체,126.9790903112125449_37.5659326054826721|126.9796270767268993_37.5659567711099385|126.9797571380910313_37.5659602844908065|126.9805253177826074_37.5659685214828443
2026-09-04T18:34:05.570303+09:00,명동 관광특구,명동 관광특구,POI003,KEY_4,1010014101,을지로,1010027601,을지로1가사거리,126.9827418668225789_37.5661014686323185,1010028200,을지로1가,126.9835099428304233_37.5661212717317525,68.0,13.0,정체,126.9835099428304233_37.5661212717317525|126.9827418668225789_37.5661014686323185
2026-09-04T18:34:05.570303+09:00,명동 관광특구,명동 관광특구,POI003,KEY_4,1010014102,을지로,1010028200,을지로1가,126.9835099428304233_37.5661212717317525,1010027804,하나은행,126.9843493694020538_37.5661429082344682,74.0,12.0,정체,126.9843493694020538_37.5661429082344682|126.9840974032225063_37.5661364143494865|126.9835099428304233_37.5661212717317525
2026-09-04T18:34:05.570303+09:00,명동 관광특구,명동 관광특구,POI003,KEY_4,1010014103,을지로,1010027801,하나은행,126.9844851596662494_37.5661457541766879,1010028004,을지로2가 41-2,126.9856802427402158_37.5661651885926133,106.0,10.0,정체,126.9856802427402158_37.5661651885926133|126.9844851596662494_37.5661457541766879
2026-09-04T18:34:05.570303+09:00,명동 관광특구,명동 관광특구,POI003,KEY_4,1010014104,을지로,1010028001,을지로2가 41-2,126.9858160807349066_37.5661678499220457,1010028304,을지로2가사거리,126.9874737825745115_37.5662055493903111,147.0,7.3,정체,126.9874737825745115_37.5662055493903111|126.9858160807349066_37.5661678499220457
2026-09-04T18:34:05.570303+09:00,명동 관광특구,명동 관광특구,POI003,KEY_4,1010014201,을지로,1010027400,을지로1가,126.9835143391555619_37.5660132086861509,1010027602,을지로1가사거리,126.9827347649793126_37.5659931090943999,69.0,17.0,서행,126.9827347649793126_37.5659931090943999|126.9835143391555619_37.5660132086861509
2026-09-04T18:34:05.570303+09:00,명동 관광특구,명동 관광특구,POI003,KEY_4,1010014202,을지로,1010142400,을지로2가 9-7,126.9841017988764804_37.5660283512678390,1010027400,을지로1가,126.9835143391555619_37.5660132086861509,52.0,24.0,서행,126.9835143391555619_37.5660132086861509|126.9841017988764804_37.5660283512678390
2026-09-04T18:34:05.570303+09:00,명동 관광특구,명동 관광특구,POI003,KEY_4,1010014204,을지로,1010028303,을지로2가사거리,126.9874738711629050_37.5660973882812215,1010028002,을지로2가 193-2,126.9858818140827310_37.5660611820985721,141.0,16.0,서행,126.9858818140827310_37.5660611820985721|126.9874738711629050_37.5660973882812215
2026-09-04T18:34:05.570303+09:00,명동 관광특구,명동 관광특구,POI003,KEY_4,1010014300,을지로,1010146800,을지로2가 149-10,126.9884088923176222_37.5662377135078387,1010028604,을지로3가역앞교차로,126.9896747555891778_37.5662823014544429,112.0,2.0,정체,126.9896747555891778_37.5662823014544429|126.9884088923176222_37.5662377135078387
2026-09-04T18:34:05.570303+09:00,명동 관광특구,명동 관광특구,POI003,KEY_4,1010014400,을지로,1010028603,을지로3가역앞교차로,126.9896894051841514_37.5661745923649022,1010028302,을지로2가사거리,126.9876096117672972_37.5661013280257805,184.0,17.0,서행,126.9876096117672972_37.5661013280257805|126.9884148977249652_37.5661296999875063|126.9896894051841514_37.5661745923649022
2026-09-04T18:34:05.570303+09:00,명동 관광특구,명동 관광특구,POI003,KEY_4,1010014700,을지로,1010151800,을지로3가 335-1,126.9919946469998706_37.5664006855458155,1010028904,을지로3가사거리,126.9925487818469207_37.5664292389546333,49.0,3.0,정체,126.9925487818469207_37.5664292389546333|126.9919946469998706_37.5664006855458155
2026-09-04T18:34:05.570303+09:00,명동 관광특구,명동 관광특구,POI003,KEY_4,1010014800,을지로,1010145900,을지로3가 335-1,126.9914406363359234_37.5662637900358405,1010028602,을지로3가역앞교차로,126.9898251326520580_37.5661805237763957,143.0,15.5,서행,126.9898251326520580_37.5661805237763957|126.9908895242729585_37.5662353871338581|126.9914406363359234_37.5662637900358405
2026-09-04T18:34:05.570303+09:00,명동 관광특구,명동 관광특구,POI003,KEY_4,1010015400,무교로,1010004802,한국체육박물관,126.9792639816276676_37.5669296274705644,1010004001,시청앞교차로,126.9791355868352127_37.5660429362421766,99.0,10.0,정체,126.9791355868352127_37.5660429362421766|126.9792051056433166_37.5662774283455079|126.9792449697865493_37.5664901136539342|126.9792639816276676_37.5669296274705644
2026-09-04T18:34:05.570303+09:00,명동 관광특구,명동 관광특구,POI003,KEY_4,1010015801,을지로,1010141600,을지로3가 282-8,126.9935397848157663_37.5663732801445960,1010028902,을지로3가사거리,126.9926970990682662_37.5663286365962890,75.0,35.0,원활,126.9926970990682662_37.5663286365962890|126.9934021740241121_37.5663659902566422|126.9935397848157663_37.5663732801445960
2026-09-04T18:34:05.570303+09:00,명동 관광특구,명동 관광특구,POI003,KEY_4,1010016400,세종대로20길,1010152400,태평로1가 31-1,126.9781614739919320_37.5671149535760875,1010004804,한국체육박물관,126.9791327692852860_37.5670432031565085,86.0,6.0,정체,126.9791327692852860_37.5670432031565085|126.9790021637939503_37.5670657791657803|126.9788569191823626_37.5670778321488825|126.9783926986433755_37.5671163538151802|126.9781614739919320_37.5671149535760875
2026-09-04T18:34:05.570303+09:00,명동 관광특구,명동 관광특구,POI003,KEY_4,1010016501,삼일대로,1010028304,을지로2가사거리,126.9874737825745115_37.5662055493903111,1010029803,장교빌딩,126.9875051706000590_37.5667709319350678,63.0,7.0,정체,126.9875051706000590_37.5667709319350678|126.9874737825745115_37.5662055493903111
2026-09-04T18:34:05.570303+09:00,명동 관광특구,명동 관광특구,POI003,KEY_4,1010016601,삼일대로,1010032101,청계2가교차로,126.9877349955711310_37.5679787776906622,1010028301,을지로2가사거리,126.9876099653043724_37.5662095656072808,197.0,6.0,정체,126.9876099653043724_37.5662095656072808|126.9876408664182748_37.5667661585678516|126.9876479046651099_37.5668724557024163|126.9877349955711310_37.5679787776906622
2026-09-04T18:34:05.570303+09:00,명동 관광특구,명동 관광특구,POI003,KEY_4,1010016800,충무로,1010032601,청계3가사거리,126.9924532079404145_37.5682271426007404,1010028901,을지로3가사거리,126.9926843734522208_37.5664363213669432,200.0,6.0,정체,126.9926843734522208_37.5664363213669432|126.9926252903373012_37.5669347201085557|126.9924985400868280_37.5680039058879061|126.9924532079404145_37.5682271426007404
2026-09-04T18:34:05.570303+09:00,명동 관광특구,명동 관광특구,POI003,KEY_4,1010016901,남대문로,1010027604,을지로1가사거리,126.9826058911915396_37.5660989346886538,1010030400,을지로1가,126.9826247367543033_37.5666216435254796,58.0,6.0,정체,126.9826247367543033_37.5666216435254796|126.9826226084675653_37.5665596339693408|126.9826058911915396_37.5660989346886538
2026-09-04T18:34:05.570303+09:00,명동 관광특구,명동 관광특구,POI003,KEY_4,1010016902,남대문로,1010150800,남대문로1가 108-2,126.9826731481714006_37.5680301882648422,1010033402,광교교차로,126.9826972926992426_37.5687326607183465,78.0,14.0,정체,126.9826972926992426_37.5687326607183465|126.9826731481714006_37.5680301882648422
2026-09-04T18:34:05.570303+09:00,명동 관광특구,명동 관광특구,POI003,KEY_4,1010016903,우정국로,1010033402,광교교차로,126.9826972926992426_37.5687326607183465,1010033702,광교사거리,126.9827120922386285_37.5690419071249693,34.0,12.0,정체,126.9827120922386285_37.5690419071249693|126.9826972926992426_37.5687326607183465
2026-09-04T18:34:05.570303+09:00,명동 관광특구,명동 관광특구,POI003,KEY_4,1010017001,남대문로,1010029900,을지로1가,126.9827605148126537_37.5666186901436632,1010027601,을지로1가사거리,126.9827418668225789_37.5661014686323185,57.0,28.0,원활,126.9827418668225789_37.5661014686323185|126.9827583830370514_37.5665565967967936|126.9827605148126537_37.5666186901436632
2026-09-04T18:34:05.570303+09:00,명동 관광특구,명동 관광특구,POI003,KEY_4,1010017002,남대문로,1010140600,남대문로1가 48-6,126.9827925225078928_37.5675524365280396,1010029900,을지로1가,126.9827605148126537_37.5666186901436632,104.0,15.0,서행,126.9827605148126537_37.5666186901436632|126.9827925225078928_37.5675524365280396
2026-09-04T18:34:05.570303+09:00,명동 관광특구,명동 관광특구,POI003,KEY_4,1010017003,우정국로,1010033701,광교사거리,126.9828472617604831_37.5690310653232729,1010033401,광교교차로,126.9828323504512895_37.5687142869809634,35.0,5.0,정체,126.9828323504512895_37.5687142869809634|126.9828472617604831_37.5690310653232729
2026-09-04T18:34:05.570303+09:00,명동 관광특구,명동 관광특구,POI003,KEY_4,1010017601,무교로,1010141400,무교동 44-1,126.9793100041751046_37.5679689583533047,1010004801,한국체육박물관,126.9792685302403470_37.5670397690594271,103.0,3.0,정체,126.9792685302403470_37.5670397690594271|126.9792880141313276_37.5675278005997768|126.9792897236795000_37.5675706209739317|126.9793100041751046_37.5679689583533047
2026-09-04T18:34:05.570303+09:00,명동 관광특구,명동 관광특구,POI003,KEY_4,1010017602,무교로,1010034301,무교동사거리,126.9793440155466442_37.5692674718774171,1010034101,무교동사거리,126.9793610650683036_37.5689718470786644,33.0,2.0,정체,126.9793610650683036_37.5689718470786644|126.9793440155466442_37.5692674718774171
2026-09-04T18:34:05.570303+09:00,명동 관광특구,명동 관광특구,POI003,KEY_4,1010018100,세종대로,1010024205,시청앞교차로,126.9771111379704962_37.5649683842586413,1010036201,청계광장,126.9769724776174371_37.5689758850454254,445.0,14.0,정체,126.9769724776174371_37.5689758850454254|126.9770357842986499_37.5675064469025131|126.9770571241010231_37.5671045176161513|126.9770622406749681_37.5669973200828053|126.9771202099424414_37.5656394465692429|126.9771322330851717_37.5654054151655075|126.9771346338183520_37.5652683750225975|126.9771276194723697_37.5651279335943542|126.9771111379704962_37.5649683842586413
2026-09-04T18:34:05.570303+09:00,명동 관광특구,명동 관광특구,POI003,KEY_4,1010018200,세종대로,1000002000,청계광장,126.9771060680401717_37.5690311929919076,1010004901,강원도민일보(서울본부),126.9771928320576109_37.5671090827981402,213.0,9.5,정체,126.9771928320576109_37.5671090827981402|126.9771715167423451_37.5675105826680635|126.9771060680401717_37.5690311929919076
2026-09-04T18:34:05.570303+09:00,명동 관광특구,명동 관광특구,POI003,KEY_4,1010024400,퇴계로18길,1010052800,충무로2가 110-5,126.9855026693382030_37.5605924515809733,1010016003,명동역(서울4호선),126.9856885936606972_37.5608481430984611,33.0,12.0,정체,126.9856885936606972_37.5608481430984611|126.9856564457096937_37.5607738860330755|126.9855938186398134_37.5606936563534290|126.9855157814734383_37.5606165998628825|126.9855026693382030_37.5605924515809733
2026-09-04T18:34:05.570303+09:00,명동 관광특구,명동 관광특구,POI003,KEY_4,1010026800,남대문로,1010014800,숭례문,126.9764883666133954_37.5605318420117769,1010011100,숭례문,126.9758644071737450_37.5590694809368770,185.0,4.0,정체,126.9758644071737450_37.5590694809368770|126.9758795592592975_37.5591125336731508|126.9758641531054906_37.5591939851637946|126.9759578405099205_37.5599862959824407|126.9759704486266543_37.5601312860724406|126.9760507361714588_37.5602633560949499|126.9761537145355277_37.5603739896225477|126.9763022172343057_37.5604655608040190|126.9764279735615418_37.5605091608890334|126.9764883666133954_37.5605318420117769
2026-09-04T18:34:05.570303+09:00,명동 관광특구,명동 관광특구,POI003,KEY_4,1010028000,퇴계로,1010014100,신세계백화점(본점신관),126.9813345597681007_37.5600996831039851,1010015401,충무로1가52-4,126.9817851871179641_37.5605865324912713,69.0,9.0,정체,126.9817851871179641_37.5605865324912713|126.9817851041901093_37.5605860521239734|126.9817447014208653_37.5604906906837641|126.9817012987769544_37.5604120152254382|126.9816174759299514_37.5603059188314958|126.9813345597681007_37.5600996831039851
2026-09-04T18:34:05.570303+09:00,명동 관광특구,명동 관광특구,POI003,KEY_4,1010044100,수표로,1010153600,수표동 50-1,126.9897340487189723_37.5667939813917044,1010028601,을지로3가역앞교차로,126.9898106847127082_37.5662881250014209,57.0,25.0,원활,126.9898106847127082_37.5662881250014209|126.9897340487189723_37.5667939813917044
2026-09-04T18:34:05.570303+09:00,명동 관광특구,명동 관광특구,POI003,KEY_4,1010028800,남대문로,1010015700,숭례문,126.9758216757282128_37.5609807560682611,1010015000,숭례문,126.9764459331227329_37.5606350021971664,84.0,14.0,정체,126.9764459331227329_37.5606350021971664|126.9763771801474945_37.5606275849701134|126.9762640154305728_37.5606077628684645|126.9761188999622306_37.5606156137238472|126.9760253099623242_37.5606453934247568|126.9759279729758958_37.5606841119779062|126.9758493363337521_37.5607734919220704|126.9758081301075663_37.5608688386806833|126.9758216757282128_37.5609807560682611
2026-09-04T18:34:05.570303+09:00,명동 관광특구,명동 관광특구,POI003,KEY_4,1010029201,남대문시장10길,1010036301,충무로1가52-9,126.9802096866011425_37.5606718594319489,1010011701,회현역7번출구,126.9801048978132769_37.5596035774933412,119.0,12.0,정체,126.9801048978132769_37.5596035774933412|126.9800866593272559_37.5597021179481985|126.9800889154790298_37.5598874597116179|126.9802096866011425_37.5606718594319489
2026-09-04T18:34:05.570303+09:00,명동 관광특구,명동 관광특구,POI003,KEY_4,1010029202,남대문시장길,1010015401,충무로1가52-4,126.9817851871179641_37.5605865324912713,1010036301,충무로1가52-9,126.9802096866011425_37.5606718594319489,140.0,6.0,정체,126.9802096866011425_37.5606718594319489|126.9802497030729995_37.5606741822428134|126.9807707845876763_37.5606494140121825|126.9816883147786086_37.5606057960128439|126.9817851871179641_37.5605865324912713
2026-09-04T18:34:05.570303+09:00,명동 관광특구,명동 관광특구,POI003,KEY_4,1010029900,소공로,1010016400,포스트타워,126.9817922479335550_37.5609545032611152,1010015600,중국관광청,126.9827116249739731_37.5606706950213010,91.0,7.0,정체,126.9827116249739731_37.5606706950213010|126.9823825034924312_37.5606779228201688|126.9822612178897288_37.5606993600976651|126.9821728710918194_37.5607267614215701|126.9820875153085780_37.5607648904012166|126.9817922479335550_37.5609545032611152
2026-09-04T18:34:05.570303+09:00,명동 관광특구,명동 관광특구,POI003,KEY_4,1010030001,남대문시장10길,1010011702,회현역7번출구,126.9799749525828076_37.5595619956135778,1010036302,충무로1가52-9,126.9800884608386724_37.5607732287643117,135.0,12.0,정체,126.9800884608386724_37.5607732287643117|126.9799531801049426_37.5598945825498376|126.9799507471012276_37.5596946869498254|126.9799749525828076_37.5595619956135778
2026-09-04T18:34:05.570303+09:00,명동 관광특구,명동 관광특구,POI003,KEY_4,1010030100,소공로,1010015402,충무로1가52-4,126.9817657794933154_37.5607018336872827,1010016100,신세계백화점(본점),126.9816686271532404_37.5609097208093701,25.0,13.0,정체,126.9816686271532404_37.5609097208093701|126.9817657794933154_37.5607018336872827
2026-09-04T18:34:05.570303+09:00,명동 관광특구,명동 관광특구,POI003,KEY_4,1010031000,소파로,1010015300,명동역10번출구,126.9883062927232231_37.5607909574822685,1010016301,명동역1번출구,126.9871113334254318_37.5609345528858967,113.0,17.0,서행,126.9871113334254318_37.5609345528858967|126.9874447180556274_37.5610079416609750|126.9876354659963766_37.5610121135843684|126.9878175418455442_37.5609892471934259|126.9880115986588294_37.5609473112405254|126.9881625342676870_37.5608977410119067|126.9882463915136555_37.5608481648322652|126.9883062927232231_37.5607909574822685
2026-09-04T18:34:05.570303+09:00,명동 관광특구,명동 관광특구,POI003,KEY_4,1010031200,퇴계로,1010016703,흥국빌딩,126.9904228164697599_37.5610767696574754,1010016202,롯데호텔L7(명동),126.9868616879201113_37.5609669231657151,317.0,7.0,정체,126.9868616879201113_37.5609669231657151|126.9890337974489825_37.5611585006403175|126.9894972258370700_37.5611975631426844|126.9896672965873847_37.5611975781491196|126.9898435176610576_37.5611725033829131|126.9901719518890246_37.5611092577799397|126.9904228164697599_37.5610767696574754
2026-09-04T18:34:05.570303+09:00,명동 관광특구,명동 관광특구,POI003,KEY_4,1010031300,퇴계로,1010016201,롯데호텔L7(명동),126.9868467299909440_37.5610743853645488,1010016704,흥국빌딩,126.9904446250492356_37.5611834858824452,321.0,27.0,원활,126.9904446250492356_37.5611834858824452|126.9901988617116615_37.5612153145444125|126.9898714581575661_37.5612783602882132|126.9896793321666593_37.5613056988122338|126.9894900484891167_37.5613056821144156|126.9890191710092893_37.5612659917982157|126.9868467299909440_37.5610743853645488
2026-09-04T18:34:05.570303+09:00,명동 관광특구,명동 관광특구,POI003,KEY_4,1010031800,퇴계로,1010016204,롯데호텔L7(명동),126.9867111612325346_37.5610613083895331,1010017703,LG패션,126.9866201621199338_37.5617417366360087,76.0,6.0,정체,126.9866201621199338_37.5617417366360087|126.9866697601324717_37.5612053795276566|126.9867111612325346_37.5610613083895331
2026-09-04T18:34:05.570303+09:00,명동 관광특구,명동 관광특구,POI003,KEY_4,1010031900,퇴계로,1010017702,LG패션,126.9867557514096319_37.5617482057480316,1010016201,롯데호텔L7(명동),126.9868467299909440_37.5610743853645488,75.0,8.0,정체,126.9868467299909440_37.5610743853645488|126.9868044552684125_37.5612214954705976|126.9867557514096319_37.5617482057480316
2026-09-04T18:34:05.570303+09:00,명동 관광특구,명동 관광특구,POI003,KEY_4,1010032100,명동8나길,1010016901,한국은행앞,126.9816414699309064_37.5612161949658940,1010017704,LG패션,126.9866156676616384_37.5618497971722718,446.0,6.0,정체,126.9866156676616384_37.5618497971722718|126.9864059219120378_37.5618442687355554|126.9861439853324043_37.5618224161464553|126.9858850471473204_37.5617884341175383|126.9849862833789587_37.5616166058945993|126.9832174106051212_37.5613666087159430|126.9816414699309064_37.5612161949658940
2026-09-04T18:34:05.570303+09:00,명동 관광특구,명동 관광특구,POI003,KEY_4,1010033000,명동8가길,1010017701,LG패션,126.9867440976731388_37.5618559267117149,1010018104,이비스스타일앰배서더서울명동호텔,126.9888712977151073_37.5620017408282791,189.0,9.0,정체,126.9888712977151073_37.5620017408282791|126.9867440976731388_37.5618559267117149
2026-09-04T18:34:05.570303+09:00,명동 관광특구,명동 관광특구,POI003,KEY_4,1010035000,서소문로12길,1010020202,중앙일보사,126.9742502538365869_37.5631241528421853,1010018501,서소문교회,126.9747917025249961_37.5621735699209296,120.0,9.5,정체,126.9747917025249961_37.5621735699209296|126.9747501775862588_37.5625032287475307|126.9746651993805102_37.5625957455904143|126.9745466004009700_37.5626917899282518|126.9744603303331587_37.5627616532963344|126.9742502538365869_37.5631241528421853
2026-09-04T18:34:05.570303+09:00,명동 관광특구,명동 관광특구,POI003,KEY_4,1010037000,남대문로1길,1010023102,서울프라자호텔,126.9781270908112134_37.5644147123986087,1010021201,우성빌딩,126.9778833665384354_37.5638860982800367,62.0,5.0,정체,126.9778833665384354_37.5638860982800367|126.9781270908112134_37.5644147123986087
2026-09-04T18:34:05.570303+09:00,명동 관광특구,명동 관광특구,POI003,KEY_4,1010037100,남대문로1길,1010021204,우성빌딩,126.9777519647640105_37.5639149035560536,1010023103,서울프라자호텔,126.9779917291016176_37.5644349310718795,61.0,9.0,정체,126.9779917291016176_37.5644349310718795|126.9777519647640105_37.5639149035560536
2026-09-04T18:34:05.570303+09:00,명동 관광특구,명동 관광특구,POI003,KEY_4,1010038300,소공로,1010023101,서울프라자호텔,126.9781769454158393_37.5645228411741812,1010023304,조선호텔,126.9787312154575005_37.5645930511843886,50.0,9.0,정체,126.9787312154575005_37.5645930511843886|126.9785957557285769_37.5645517262991930|126.9784554783557979_37.5645322032255891|126.9782121876750836_37.5645228476832003|126.9781769454158393_37.5645228411741812
2026-09-04T18:34:05.570303+09:00,명동 관광특구,명동 관광특구,POI003,KEY_4,1010039000,소공로,1010024202,시청앞교차로,126.9772712943529740_37.5649019993645936,1010023104,서울프라자호텔,126.9780385528240316_37.5645364866542977,82.0,4.0,정체,126.9780385528240316_37.5645364866542977|126.9776055199770184_37.5646501981039478|126.9774312688185773_37.5647230654274864|126.9773645076050741_37.5647713550531037|126.9773054583435652_37.5648401473905977|126.9772712943529740_37.5649019993645936
2026-09-04T18:34:05.570303+09:00,명동 관광특구,명동 관광특구,POI003,KEY_4,1010040900,남대문로,1010026000,을지로1가,126.9825267031434635_37.5654759873990756,1010027100,을지로1가,126.9818929057274914_37.5659831733999496,87.0,9.0,정체,126.9818929057274914_37.5659831733999496|126.9821334557953492_37.5659445131698959|126.9822484752895235_37.5658682458889075|126.9824545566445693_37.5656985434546797|126.9825096793449859_37.5656222669993269|126.9825267031434635_37.5654759873990756
2026-09-04T18:34:05.570303+09:00,명동 관광특구,명동 관광특구,POI003,KEY_4,1010041100,을지로,1010027400,을지로1가,126.9835143391555619_37.5660132086861509,1010025900,을지로1가,126.9826612707275899_37.5654613047842005,97.0,8.0,정체,126.9826612707275899_37.5654613047842005|126.9835143391555619_37.5660132086861509
2026-09-04T18:34:05.570303+09:00,명동 관광특구,명동 관광특구,POI003,KEY_4,1010041900,남대문로,1010029900,을지로1가,126.9827605148126537_37.5666186901436632,1010028200,을지로1가,126.9835099428304233_37.5661212717317525,90.0,15.0,서행,126.9835099428304233_37.5661212717317525|126.9832594466967635_37.5661964164851412|126.9828520929630287_37.5664538185209054|126.9827605148126537_37.5666186901436632
2026-09-04T18:34:05.570303+09:00,명동 관광특구,명동 관광특구,POI003,KEY_4,1010042000,을지로,1010027900,을지로1가,126.9818910787151509_37.5660912827303974,1010030400,을지로1가,126.9826247367543033_37.5666216435254796,91.0,9.0,정체,126.9826247367543033_37.5666216435254796|126.9825310467384298_37.5664575853693634|126.9821477775787884_37.5661676469985011|126.9818910787151509_37.5660912827303974
2026-09-04T18:34:05.570303+09:00,명동 관광특구,명동 관광특구,POI003,KEY_4,1010042200,을지로7길,1010030302,SKT타워,126.9858182898443459_37.5667390226410092,1010028001,을지로2가 41-2,126.9858160807349066_37.5661678499220457,63.0,18.5,서행,126.9858160807349066_37.5661678499220457|126.9858182898443459_37.5667390226410092
2026-09-04T18:34:05.570303+09:00,명동 관광특구,명동 관광특구,POI003,KEY_4,1010042300,을지로7길,1010028004,을지로2가 41-2,126.9856802427402158_37.5661651885926133,1010030303,SKT타워,126.9856824597678440_37.5667386786453577,64.0,8.5,정체,126.9856824597678440_37.5667386786453577|126.9856802427402158_37.5661651885926133
2026-09-04T18:34:05.570303+09:00,명동 관광특구,명동 관광특구,POI003,KEY_4,1010042800,삼일대로13길,1010029803,장교빌딩,126.9875051706000590_37.5667709319350678,1010030302,SKT타워,126.9858182898443459_37.5667390226410092,149.0,10.0,정체,126.9858182898443459_37.5667390226410092|126.9875051706000590_37.5667709319350678
2026-09-04T18:34:05.570303+09:00,명동 관광특구,명동 관광특구,POI003,KEY_4,1010042900,삼일대로13길,1010030301,SKT타워,126.9858190045731732_37.5668471857429154,1010029804,장교빌딩,126.9875123442491969_37.5668792171118326,150.0,18.0,서행,126.9875123442491969_37.5668792171118326|126.9858190045731732_37.5668471857429154
2026-09-04T18:34:05.570303+09:00,명동 관광특구,명동 관광특구,POI003,KEY_4,1010043000,삼일대로13길,1010030303,SKT타워,126.9856824597678440_37.5667386786453577,1010027801,하나은행,126.9844851596662494_37.5661457541766879,172.0,20.0,서행,126.9844851596662494_37.5661457541766879|126.9844746816400374_37.5667114251484762|126.9844971680687848_37.5667440774922028|126.9845213954534273_37.5667545277186505|126.9856824597678440_37.5667386786453577
2026-09-04T18:34:05.570303+09:00,명동 관광특구,명동 관광특구,POI003,KEY_4,1010043100,삼일대로13길,1010027804,하나은행,126.9843493694020538_37.5661429082344682,1010030304,SKT타워,126.9856831683010228_37.5668468043910551,192.0,11.0,정체,126.9856831683010228_37.5668468043910551|126.9844880519270873_37.5668631185760020|126.9843972880018157_37.5668239682550222|126.9843383392972669_37.5667383694429446|126.9843493694020538_37.5661429082344682
2026-09-04T18:34:05.570303+09:00,명동 관광특구,명동 관광특구,POI003,KEY_4,1010044200,을지로1길,1010145400,다동 181-3,126.9798420044631087_37.5673496367689879,1010027201,일본국제관광진흥기구서울사무소,126.9797553080136367_37.5660683946489300,148.0,5.0,정체,126.9797553080136367_37.5660683946489300|126.9797612166699281_37.5664251576809960|126.9798879830738372_37.5665161556076299|126.9799037873308833_37.5668339305475030|126.9798653986595411_37.5669604067092635|126.9798492640081520_37.5673065899852574|126.9798420044631087_37.5673496367689879
2026-09-04T18:34:05.570303+09:00,명동 관광특구,명동 관광특구,POI003,KEY_4,1010044300,을지로1길,1010153100,무교동 13-1,126.9797242605662717_37.5679573139925438,1010033802,호주관광청,126.9797619415674745_37.5689431360811881,110.0,13.0,정체,126.9797619415674745_37.5689431360811881|126.9797294037351634_37.5686965769939718|126.9797278110211920_37.5679701534751942|126.9797242605662717_37.5679573139925438
2026-09-04T18:34:05.570303+09:00,명동 관광특구,명동 관광특구,POI003,KEY_4,1010044600,을지로7길,1010032501,삼일교,126.9859639352789031_37.5681586090325510,1010030301,SKT타워,126.9858190045731732_37.5668471857429154,149.0,13.0,정체,126.9858190045731732_37.5668471857429154|126.9858235105325974_37.5673376933759684|126.9858278780456828_37.5678131240137105|126.9858346126576834_37.5680180175580674|126.9858648768505276_37.5680662145450555|126.9859639352789031_37.5681586090325510
2026-09-04T18:34:05.570303+09:00,명동 관광특구,명동 관광특구,POI003,KEY_4,1010044700,을지로7길,1010152200,장교동 1-6,126.9856876838925643_37.5673384838597215,1010032502,삼일교,126.9858176809112962_37.5681887506945316,98.0,21.0,서행,126.9858176809112962_37.5681887506945316|126.9857507900447189_37.5681263594124744|126.9856996176952180_37.5680448635696038|126.9856920596732408_37.5678149339499825|126.9856876838925643_37.5673384838597215
2026-09-04T18:34:05.570303+09:00,명동 관광특구,명동 관광특구,POI003,KEY_4,1010047100,명동11길,1010021105,천주교서울대교구역사관,126.9860324845534620_37.5641352276249094,1010036702,하나생명본사,126.9858686540308810_37.5653162980890372,138.0,12.0,정체,126.9858686540308810_37.5653162980890372|126.9857432038202205_37.5647413878638972|126.9857571822132911_37.5645643609108220|126.9859747526712113_37.5642572157062204|126.9860324845534620_37.5641352276249094
2026-09-04T18:34:05.570303+09:00,명동 관광특구,명동 관광특구,POI003,KEY_4,1010047300,명동11길,1010028002,을지로2가 193-2,126.9858818140827310_37.5660611820985721,1010036701,하나생명본사,126.9860033855318591_37.5653041509724446,86.0,8.0,정체,126.9860033855318591_37.5653041509724446|126.9860169818394837_37.5654967509146118|126.9859913147029999_37.5658560335710519|126.9859355195914645_37.5660048147195980|126.9858818140827310_37.5660611820985721
2026-09-04T18:34:05.570303+09:00,명동 관광특구,명동 관광특구,POI003,KEY_4,1010047400,명동11길,1010036702,하나생명본사,126.9858686540308810_37.5653162980890372,1010028003,을지로2가 193-2,126.9857147459351268_37.5660576077563917,86.0,13.0,정체,126.9857147459351268_37.5660576077563917|126.9858124129876700_37.5659551010490276|126.9858566107715205_37.5658372461591341|126.9858809461957350_37.5654966103869441|126.9858686540308810_37.5653162980890372
2026-09-04T18:34:05.570303+09:00,이태원 관광특구,이태원 관광특구,POI004,KEY_1,1020009001,녹사평대로,1020018000,용산동4가 19-6,126.9909773297691800_37.5304809634511045,1020017000,용산동4가 19-6,126.9913885945213963_37.5298136745927096,83.0,27.5,원활,126.9913885945213963_37.5298136745927096|126.9912856241119101_37.5300162220987090|126.9910469864938420_37.5303842075015055|126.9909773297691800_37.5304809634511045
2026-09-04T18:34:05.570303+09:00,이태원 관광특구,이태원 관광특구,POI004,KEY_1,1020009002,녹사평대로,1020143500,이태원동 34-126,126.9898090601809457_37.5321081021588725,1020018000,용산동4가 19-6,126.9909773297691800_37.5304809634511045,208.0,14.0,정체,126.9909773297691800_37.5304809634511045|126.9900852768915342_37.5317200300991516|126.9898090601809457_37.5321081021588725
2026-09-04T18:34:05.570303+09:00,이태원 관광특구,이태원 관광특구,POI004,KEY_1,1020009003,녹사평대로,1020003002,녹사평역,126.9881954058624700_37.5340760770369641,1020022201,이태원지하차도(남측),126.9892666169127864_37.5328701969023584,166.0,3.0,정체,126.9892666169127864_37.5328701969023584|126.9891809982103155_37.5330843757700805|126.9890194391820586_37.5332936325271902|126.9888311597391066_37.5334983754604465|126.9887002632124080_37.5336341735904142|126.9885375748190626_37.5337996501651361|126.9882692412401042_37.5340175651299930|126.9881954058624700_37.5340760770369641
2026-09-04T18:34:05.570303+09:00,이태원 관광특구,이태원 관광특구,POI004,KEY_1,1020009500,보광로,1020157400,이태원동 131-33,126.9940373387562431_37.5339474192291860,1020003103,이태원역앞교차로,126.9938722101036319_37.5344410134072106,57.0,16.0,서행,126.9938722101036319_37.5344410134072106|126.9939255349719502_37.5342547060894063|126.9940373387562431_37.5339474192291860
2026-09-04T18:34:05.570303+09:00,이태원 관광특구,이태원 관광특구,POI004,KEY_1,1020009904,대사관로,1020039002,한남2동지하차도(남측),127.0004027609345059_37.5343006442184901,1020025303,이태원호텔앞교차로,126.9987263153591641_37.5351737312984781,177.0,17.7,서행,126.9987263153591641_37.5351737312984781|126.9990954478136729_37.5349816259437503|126.9999396501646345_37.5345673699441988|127.0002191213156379_37.5344286922105042|127.0003672073616201_37.5343360329136502|127.0004027609345059_37.5343006442184901
2026-09-04T18:34:05.570303+09:00,이태원 관광특구,이태원 관광특구,POI004,KEY_1,1020010004,대사관로,1020025302,이태원호텔앞교차로,126.9988280672798311_37.5352499378824618,1020039001,한남2동지하차도(남측),127.0005087773131009_37.5343681869459900,178.0,9.0,정체,127.0005087773131009_37.5343681869459900|127.0004634267225185_37.5344133312418080|127.0002971938895513_37.5345173433158550|127.0000111659778099_37.5346592756479964|126.9991682109557161_37.5350729194805908|126.9988280672798311_37.5352499378824618
2026-09-04T18:34:05.570303+09:00,이태원 관광특구,이태원 관광특구,POI004,KEY_1,1020010701,이태원로,1020109600,이태원동 119-23,126.9934065376017003_37.5345186269656637,1020003104,이태원역앞교차로,126.9938609433052790_37.5345487608536530,40.0,3.0,정체,126.9938609433052790_37.5345487608536530|126.9934065376017003_37.5345186269656637
2026-09-04T18:34:05.570303+09:00,이태원 관광특구,이태원 관광특구,POI004,KEY_1,1020010800,이태원로,1020093600,이태원동 57-6,126.9901670978671575_37.5341952578389240,1020003002,녹사평역,126.9881954058624700_37.5340760770369641,175.0,11.0,정체,126.9881954058624700_37.5340760770369641|126.9888746584762771_37.5341095041848334|126.9895083789417214_37.5341515534771304|126.9899064253265237_37.5341779633098369|126.9901670978671575_37.5341952578389240
2026-09-04T18:34:05.570303+09:00,이태원 관광특구,이태원 관광특구,POI004,KEY_1,1020011101,이태원로,1020167100,이태원동 119-23,126.9944655556111286_37.5345901775849882,1020024204,이태원소방파출소,126.9954968238074144_37.5346610574196760,91.0,3.0,정체,126.9954968238074144_37.5346610574196760|126.9944655556111286_37.5345901775849882
2026-09-04T18:34:05.570303+09:00,이태원 관광특구,이태원 관광특구,POI004,KEY_1,1020011102,이태원로,1020024201,이태원소방파출소,126.9956371857134911_37.5346703540578233,1020025304,이태원호텔앞교차로,126.9986418686788028_37.5352583937875650,280.0,3.0,정체,126.9986418686788028_37.5352583937875650|126.9984212314769110_37.5351188313605419|126.9982335515615830_37.5350249822649857|126.9980583342124731_37.5349517245471205|126.9978393040948390_37.5348749734958176|126.9976622321914590_37.5348302588598415|126.9974202076542866_37.5347917072044979|126.9972001370625776_37.5347636612448596|126.9968571305746536_37.5347459155125946|126.9956371857134911_37.5346703540578233
2026-09-04T18:34:05.570303+09:00,이태원 관광특구,이태원 관광특구,POI004,KEY_1,1020011201,이태원로,1020024203,이태원소방파출소,126.9955363307621354_37.5345552498172168,1020003102,이태원역앞교차로,126.9940088155564695_37.5344502604877519,136.0,11.0,정체,126.9940088155564695_37.5344502604877519|126.9944772309336969_37.5344824577926843|126.9955363307621354_37.5345552498172168
2026-09-04T18:34:05.570303+09:00,이태원 관광특구,이태원 관광특구,POI004,KEY_1,1020011202,이태원로,1020025303,이태원호텔앞교차로,126.9987263153591641_37.5351737312984781,1020024202,이태원소방파출소,126.9956725121214589_37.5345640956228834,285.0,14.0,정체,126.9956725121214589_37.5345640956228834|126.9968667962878328_37.5346380677732867|126.9972152987085821_37.5346560983237794|126.9974442596476365_37.5346852761054279|126.9976961690244082_37.5347254028548534|126.9978873030321580_37.5347736685373405|126.9981173019449585_37.5348542624446893|126.9983013090689639_37.5349311962862444|126.9984997949651415_37.5350304478139734|126.9987263153591641_37.5351737312984781
2026-09-04T18:34:05.570303+09:00,이태원 관광특구,이태원 관광특구,POI004,KEY_1,1020011901,녹사평대로,1020003004,녹사평역,126.9876402873352532_37.5341922458149284,1020024403,녹사평역3번출구,126.9871942320691289_37.5345264082409287,54.0,7.0,정체,126.9871942320691289_37.5345264082409287|126.9874994306240978_37.5342855546436809|126.9876402873352532_37.5341922458149284
2026-09-04T18:34:05.570303+09:00,이태원 관광특구,이태원 관광특구,POI004,KEY_1,1020012001,녹사평대로,1020024402,녹사평역3번출구,126.9874278284808042_37.5346464951910121,1020003001,녹사평역,126.9880612839168776_37.5341860241447520,76.0,16.0,서행,126.9880612839168776_37.5341860241447520|126.9878801594456093_37.5343123819876681|126.9876829423078846_37.5344451664072736|126.9874278284808042_37.5346464951910121
2026-09-04T18:34:05.570303+09:00,이태원 관광특구,이태원 관광특구,POI004,KEY_1,1020013501,이태원로,1020082000,한남동 738-29,127.0004845666072555_37.5369043590949900,1020028203,아마도예술공간,127.0014953826060378_37.5382912457230304,179.0,7.0,정체,127.0014953826060378_37.5382912457230304|127.0014356603659564_37.5381444461041909|127.0014309919154414_37.5381362885281789|127.0013038217596630_37.5379140726661760|127.0011379573928849_37.5376822064471440|127.0007877780447814_37.5372550360047725|127.0004845666072555_37.5369043590949900
2026-09-04T18:34:05.570303+09:00,이태원 관광특구,이태원 관광특구,POI004,KEY_1,1020013601,이태원로,1020045200,한남동 738-29,126.9989169963617854_37.5353238031737177,1020025302,이태원호텔앞교차로,126.9988280672798311_37.5352499378824618,11.0,23.0,서행,126.9988280672798311_37.5352499378824618|126.9989169963617854_37.5353238031737177
2026-09-04T18:34:05.570303+09:00,이태원 관광특구,이태원 관광특구,POI004,KEY_1,1020013602,이태원로,1020059700,한남동 726-494,127.0017834196089126_37.5389040486291208,1020028201,아마도예술공간,127.0016665133178009_37.5383661384416030,61.0,22.3,서행,127.0016665133178009_37.5383661384416030|127.0017224666353144_37.5385209000011812|127.0017610145381610_37.5386958484475741|127.0017800432824231_37.5388655227169679|127.0017834196089126_37.5389040486291208
2026-09-04T18:34:05.570303+09:00,이태원 관광특구,이태원 관광특구,POI004,KEY_1,1020034600,녹사평대로26길,1020018000,용산동4가 19-6,126.9909773297691800_37.5304809634511045,1020018202,찬우물삼거리,126.9913377452865575_37.5305452345433466,46.0,11.5,정체,126.9913377452865575_37.5305452345433466|126.9913156669195189_37.5304568149457580|126.9912955967890156_37.5304265497298886|126.9912791792530129_37.5304108710930961|126.9912378720889734_37.5303937039575430|126.9911893806270911_37.5303879789905181|126.9911408868570533_37.5303922668328198|126.9909773297691800_37.5304809634511045
2026-09-04T18:34:05.570303+09:00,이태원 관광특구,이태원 관광특구,POI004,KEY_1,1020039700,우사단로,1020063400,이태원동 137-23,126.9955993093615803_37.5340288073665604,1020024203,이태원소방파출소,126.9955363307621354_37.5345552498172168,59.0,11.0,정체,126.9955363307621354_37.5345552498172168|126.9955674338379481_37.5344291020757268|126.9956003436716969_37.5340381328912898|126.9955993093615803_37.5340288073665604
2026-09-04T18:34:05.570303+09:00,이태원 관광특구,이태원 관광특구,POI004,KEY_1,1020039800,우사단로,1020127900,이태원동 137-23,126.9956810738919017_37.5335371339901727,1020021401,보광초등학교,126.9956544097363604_37.5331163963296177,47.0,8.0,정체,126.9956544097363604_37.5331163963296177|126.9956431779321804_37.5331593197407258|126.9956452666882569_37.5332142943968208|126.9956810738919017_37.5335371339901727
2026-09-04T18:34:05.570303+09:00,이태원 관광특구,이태원 관광특구,POI004,KEY_1,1020040300,녹사평대로,1020022202,이태원지하차도(남측),126.9891497327059682_37.5328152235285657,1020026002,이태원지하차도,126.9868116742945574_37.5363328242444823,460.0,28.0,원활,126.9868116742945574_37.5363328242444823|126.9868538272333325_37.5357070871561049|126.9868812904903166_37.5354814228777371|126.9869364299821228_37.5352656870731707|126.9870236999042561_37.5350207533350897|126.9871658847246181_37.5347578685569943|126.9872591983395012_37.5345735338936208|126.9874007711287476_37.5344348138735882|126.9876675674987609_37.5342527524634377|126.9879724804863770_37.5340099975053576|126.9882501662422953_37.5337975865582933|126.9884625156009008_37.5336198526182443|126.9886696602970630_37.5333995022459348|126.9888502689490508_37.5332031012114840|126.9891497327059682_37.5328152235285657
2026-09-04T18:34:05.570303+09:00,이태원 관광특구,이태원 관광특구,POI004,KEY_1,1020040400,녹사평대로,1020026001,이태원지하차도,126.9869473083997917_37.5363386126122549,1020022201,이태원지하차도(남측),126.9892666169127864_37.5328701969023584,454.0,51.0,원활,126.9892666169127864_37.5328701969023584|126.9889630490588246_37.5332634563500420|126.9887753964363526_37.5334675162952465|126.9886639536934894_37.5335851889942944|126.9883372603884482_37.5338799692030065|126.9880214583303228_37.5341357308534143|126.9878036642156758_37.5343004565738241|126.9876348774150330_37.5344044902058016|126.9874116350989652_37.5345822214730234|126.9873136131370046_37.5347382886526404|126.9871518976878093_37.5350570479496213|126.9870684496982989_37.5352912611919365|126.9870157481944091_37.5354974629360356|126.9869892495657240_37.5357151985455673|126.9869473083997917_37.5363386126122549
2026-09-04T18:34:05.570303+09:00,이태원 관광특구,이태원 관광특구,POI004,KEY_1,1020041800,이태원로27길,1020091200,이태원동 112-33,126.9941872579211832_37.5354242896055013,1020026204,태국대사관,126.9952756990904561_37.5363269214383237,190.0,14.0,정체,126.9952756990904561_37.5363269214383237|126.9950024930177079_37.5361660973740001|126.9945858125235389_37.5359208138482217|126.9944631524413410_37.5359015925205028|126.9942169223346156_37.5359130027042980|126.9940461223898893_37.5358880581230920|126.9939407102296656_37.5358117362051757|126.9939029380128943_37.5357324209755134|126.9939132882914947_37.5356500538305298|126.9939823977568238_37.5355615331545565|126.9940376114138303_37.5355245435285383|126.9941872579211832_37.5354242896055013
2026-09-04T18:34:05.570303+09:00,이태원 관광특구,이태원 관광특구,POI004,KEY_1,1020041900,이태원로27길,1020091300,이태원동 111-5,126.9942746628349681_37.5355070255918761,1020024201,이태원소방파출소,126.9956371857134911_37.5346703540578233,170.0,19.5,서행,126.9956371857134911_37.5346703540578233|126.9955842562411448_37.5347850178568478|126.9954134054469819_37.5350706997723336|126.9953750142490776_37.5351183002557249|126.9952378837399039_37.5352883250498763|126.9951738511499997_37.5353312605409712|126.9950719982470559_37.5353558347332807|126.9945933761089663_37.5353577392293118|126.9945100556674760_37.5353687933671125|126.9944205701082751_37.5354092765412304|126.9942746628349681_37.5355070255918761
2026-09-04T18:34:05.570303+09:00,이태원 관광특구,이태원 관광특구,POI004,KEY_1,1020044200,이태원로55길,1020117100,한남동 743-28,126.9997391668357380_37.5378586004776338,1020028204,아마도예술공간,127.0015360364709949_37.5383960510061243,179.0,17.5,서행,127.0015360364709949_37.5383960510061243|127.0013368209632745_37.5384168160424778|127.0012499160572617_37.5384184910217868|127.0010329755712064_37.5384226719888048|127.0008219211757847_37.5384105245589978|127.0006153256219363_37.5383529464938235|127.0005500769398310_37.5383219398232413|127.0004569571074597_37.5382776884626210|127.0002827447613072_37.5381667082987036|127.0000496884858734_37.5379811250893098|126.9998107834810668_37.5378752339839465|126.9997391668357380_37.5378586004776338
2026-09-04T18:34:05.570303+09:00,이태원 관광특구,이태원 관광특구,POI004,KEY_1,1020052400,이태원로,1020038902,한남동 686-1,126.9999041836640004_37.5345212747176191,1020025303,이태원호텔앞교차로,126.9987263153591641_37.5351737312984781,128.0,14.0,정체,126.9987263153591641_37.5351737312984781|126.9988754803021465_37.5350315221282500|126.9990590663091723_37.5349359791579857|126.9999041836640004_37.5345212747176191
2026-09-04T18:34:05.570303+09:00,이태원 관광특구,이태원 관광특구,POI004,KEY_1,1020052500,이태원로,1020025302,이태원호텔앞교차로,126.9988280672798311_37.5352499378824618,1020038901,한남동 685-46,127.0000466337410785_37.5347053708413583,124.0,6.0,정체,127.0000466337410785_37.5347053708413583|126.9992045925932302_37.5351185662316666|126.9990240300251401_37.5352125351167487|126.9988280672798311_37.5352499378824618
2026-09-04T18:34:05.570303+09:00,잠실 관광특구,잠실 관광특구,POI005,KEY_2,1230003102,송파대로,1230412500,석촌동 209,127.1044792274671522_37.5081049831544888,1230036703,석촌호수앞교차로,127.1039824947923051_37.5086487529905597,75.0,17.0,서행,127.1039824947923051_37.5086487529905597|127.1044792274671522_37.5081049831544888
2026-09-04T18:34:05.570303+09:00,잠실 관광특구,잠실 관광특구,POI005,KEY_2,1230003300,송파대로,1230036704,석촌호수앞교차로,127.1039028911642674_37.5087367936795530,1230001703,석촌호수앞교차로,127.1017878219228550_37.5111046223331428,323.0,16.0,서행,127.1017878219228550_37.5111046223331428|127.1039028911642674_37.5087367936795530
2026-09-04T18:34:05.570303+09:00,잠실 관광특구,잠실 관광특구,POI005,KEY_2,1230003400,송파대로,1230001702,석촌호수앞교차로,127.1019076941057762_37.5111569141952117,1230036701,석촌호수앞교차로,127.1040028890472797_37.5088113302377195,320.0,5.0,정체,127.1040028890472797_37.5088113302377195|127.1019076941057762_37.5111569141952117
2026-09-04T18:34:05.570303+09:00,잠실 관광특구,잠실 관광특구,POI005,KEY_2,1230003501,송파대로,1230399700,잠실동 41,127.1007560729534731_37.5124412982623454,1230001803,잠실역사거리,127.1001586829554100_37.5132191939759281,101.0,12.0,정체,127.1001586829554100_37.5132191939759281|127.1007560729534731_37.5124412982623454
2026-09-04T18:34:05.570303+09:00,잠실 관광특구,잠실 관광특구,POI005,KEY_2,1230003601,송파대로,1230001802,잠실역사거리,127.1002879409381165_37.5132580710148957,1230001701,석촌호수앞교차로,127.1018323332335598_37.5112469862295228,262.0,5.0,정체,127.1018323332335598_37.5112469862295228|127.1008718568159566_37.5124977195192244|127.1002879409381165_37.5132580710148957
2026-09-04T18:34:05.570303+09:00,잠실 관광특구,잠실 관광특구,POI005,KEY_2,1230003802,송파대로,1230044702,잠실대교남측,127.0981251707990225_37.5159789121879115,1230001801,잠실역사거리,127.1002155326109744_37.5133509522926616,345.0,12.5,정체,127.1002155326109744_37.5133509522926616|127.0985290071868548_37.5154712346922068|127.0981251707990225_37.5159789121879115
2026-09-04T18:34:05.570303+09:00,잠실 관광특구,잠실 관광특구,POI005,KEY_2,1230018100,삼학사로,1230399400,삼전동 152,127.0971851736833997_37.5058146183606098,1230034303,석촌호교차로,127.0972427646003808_37.5065427063586085,81.0,17.5,서행,127.0972427646003808_37.5065427063586085|127.0971851736833997_37.5058146183606098
2026-09-04T18:34:05.570303+09:00,잠실 관광특구,잠실 관광특구,POI005,KEY_2,1230020203,석촌호수로,1230362100,잠실동 45-1,127.0959603598268473_37.5068429608790908,1230034304,석촌호교차로,127.0972501695385262_37.5066515875651163,116.0,20.0,서행,127.0972501695385262_37.5066515875651163|127.0959603598268473_37.5068429608790908
2026-09-04T18:34:05.570303+09:00,잠실 관광특구,잠실 관광특구,POI005,KEY_2,1230020300,석촌호수로,1230425400,최소노드배치점,127.1008735740489470_37.5071235777689509,1230036704,석촌호수앞교차로,127.1039028911642674_37.5087367936795530,323.0,21.5,서행,127.1039028911642674_37.5087367936795530|127.1030871966188158_37.5081804312170775|127.1027814029224459_37.5079972621807372|127.1027257780679207_37.5079698553039691|127.1018874551534168_37.5075568002840285|127.1015021632143061_37.5073921700333557|127.1008735740489470_37.5071235777689509
2026-09-04T18:34:05.570303+09:00,잠실 관광특구,잠실 관광특구,POI005,KEY_2,1230020400,석촌호수로,1230369400,석촌동 191,127.0987703823118125_37.5064112799268017,1230034302,석촌호교차로,127.0973765618586384_37.5065150079019958,125.0,13.0,정체,127.0973765618586384_37.5065150079019958|127.0976452744375536_37.5064483289197952|127.0979269591683192_37.5064090615062042|127.0982641563232818_37.5063794736021237|127.0986308344447906_37.5063986405236136|127.0987703823118125_37.5064112799268017
2026-09-04T18:34:05.570303+09:00,잠실 관광특구,잠실 관광특구,POI005,KEY_2,1230021500,삼학사로,1230418200,잠실동 46,127.0973734398476296_37.5087240119147722,1230007103,서울놀이마당앞교차로,127.0974453047706589_37.5099321530276910,134.0,26.0,원활,127.0974453047706589_37.5099321530276910|127.0973734398476296_37.5087240119147722
2026-09-04T18:34:05.570303+09:00,잠실 관광특구,잠실 관광특구,POI005,KEY_2,1230021600,삼학사로,1230007102,서울놀이마당앞교차로,127.0975809295277941_37.5099279073468779,1230034301,석촌호교차로,127.0973845362845935_37.5066262726573783,367.0,21.0,서행,127.0973845362845935_37.5066262726573783|127.0975090109694889_37.5087188942394008|127.0975809295277941_37.5099279073468779
2026-09-04T18:34:05.570303+09:00,잠실 관광특구,잠실 관광특구,POI005,KEY_2,1230021900,삼전로,1230356200,잠실동 37,127.0922842977067404_37.5094309777277743,1230038603,잠실3삼거리,127.0929733206664025_37.5103028554533822,115.0,13.0,정체,127.0929733206664025_37.5103028554533822|127.0928602894616830_37.5101024415336113|127.0922842977067404_37.5094309777277743
2026-09-04T18:34:05.570303+09:00,잠실 관광특구,잠실 관광특구,POI005,KEY_2,1230023101,잠실로,1230038303,잠실동 43,127.0947217679651260_37.5101178628557932,1230038602,잠실3삼거리,127.0930971257991189_37.5102585455899913,144.0,28.0,원활,127.0930971257991189_37.5102585455899913|127.0947217679651260_37.5101178628557932
2026-09-04T18:34:05.570303+09:00,잠실 관광특구,잠실 관광특구,POI005,KEY_2,1230023102,잠실로,1230007103,서울놀이마당앞교차로,127.0974453047706589_37.5099321530276910,1230038302,잠실동 43,127.0948609890413223_37.5101069748518370,229.0,32.0,원활,127.0948609890413223_37.5101069748518370|127.0962459094918131_37.5100132959391175|127.0974453047706589_37.5099321530276910
2026-09-04T18:34:05.570303+09:00,잠실 관광특구,잠실 관광특구,POI005,KEY_2,1230023201,잠실로,1230038601,잠실3삼거리,127.0931194165767408_37.5103653726765316,1230038304,잠실동 43,127.0947364363945553_37.5102253498387128,144.0,13.7,정체,127.0947364363945553_37.5102253498387128|127.0931194165767408_37.5103653726765316
2026-09-04T18:34:05.570303+09:00,잠실 관광특구,잠실 관광특구,POI005,KEY_2,1230023202,잠실로,1230393400,잠실동 43,127.0962573939644642_37.5101210286650257,1230007104,서울놀이마당앞교차로,127.0974567909531032_37.5100398856026942,106.0,15.0,서행,127.0974567909531032_37.5100398856026942|127.0962573939644642_37.5101210286650257
2026-09-04T18:34:05.570303+09:00,잠실 관광특구,잠실 관광특구,POI005,KEY_2,1230023301,양재대로,1230222600,방이동 217-2,127.1268249994781740_37.5100254368363224,1230040803,올림픽공원앞교차로,127.1279156747526429_37.5117452056324225,214.0,11.0,정체,127.1279156747526429_37.5117452056324225|127.1268249994781740_37.5100254368363224
2026-09-04T18:34:05.570303+09:00,잠실 관광특구,잠실 관광특구,POI005,KEY_2,1230023500,잠실로,1230412400,잠실동 42,127.1004419094974480_37.5105947295189637,1230001704,석촌호수앞교차로,127.1017131193153915_37.5111950333109547,131.0,12.0,정체,127.1017131193153915_37.5111950333109547|127.1004641614348145_37.5106046485269218|127.1004419094974480_37.5105947295189637
2026-09-04T18:34:05.570303+09:00,잠실 관광특구,잠실 관광특구,POI005,KEY_2,1230023600,잠실로,1230001703,석촌호수앞교차로,127.1017878219228550_37.5111046223331428,1230007102,서울놀이마당앞교차로,127.0975809295277941_37.5099279073468779,403.0,13.0,정체,127.0975809295277941_37.5099279073468779|127.0985541482379375_37.5099332768199432|127.0990046849047843_37.5099841635964921|127.0994430355566607_37.5101001528652276|127.0999744578332411_37.5102624598802024|127.1005081875894263_37.5105003764333560|127.1005319432435670_37.5105109657146656|127.1017878219228550_37.5111046223331428
2026-09-04T18:34:05.570303+09:00,잠실 관광특구,잠실 관광특구,POI005,KEY_2,1230023701,석촌호수로,1230036701,석촌호수앞교차로,127.1040028890472797_37.5088113302377195,1230038204,수림빌딩,127.1051505452613100_37.5097264956549949,144.0,8.0,정체,127.1051505452613100_37.5097264956549949|127.1048424116308126_37.5094807866672255|127.1040028890472797_37.5088113302377195
2026-09-04T18:34:05.570303+09:00,잠실 관광특구,잠실 관광특구,POI005,KEY_2,1230023702,석촌호수로,1230038201,수림빌딩,127.1052475076223942_37.5098032820847891,1230039704,신천동 33,127.1069053310213803_37.5111077200237375,206.0,15.0,서행,127.1069053310213803_37.5111077200237375|127.1060795391087055_37.5104579644505165|127.1052475076223942_37.5098032820847891
2026-09-04T18:34:05.570303+09:00,잠실 관광특구,잠실 관광특구,POI005,KEY_2,1230023703,석촌호수로,1230039701,신천동 33,127.1070065907386635_37.5111861357687459,1230041504,방이삼거리,127.1080898185277164_37.5120029659807344,132.0,10.0,정체,127.1080898185277164_37.5120029659807344|127.1079331088216122_37.5118964724360211|127.1070065907386635_37.5111861357687459
2026-09-04T18:34:05.570303+09:00,잠실 관광특구,잠실 관광특구,POI005,KEY_2,1230023801,석촌호수로,1230383600,송파동 60,127.1049384312716057_37.5094043721425194,1230036702,석촌호수앞교차로,127.1040831324389728_37.5087223370806129,107.0,10.0,정체,127.1040831324389728_37.5087223370806129|127.1049384312716057_37.5094043721425194
2026-09-04T18:34:05.570303+09:00,잠실 관광특구,잠실 관광특구,POI005,KEY_2,1230023802,석촌호수로,1230380500,송파동 61,127.1061749184303977_37.5103810412995244,1230038202,수림빌딩,127.1053428869681454_37.5097263595970531,103.0,11.0,정체,127.1053428869681454_37.5097263595970531|127.1061749184303977_37.5103810412995244
2026-09-04T18:34:05.570303+09:00,잠실 관광특구,잠실 관광특구,POI005,KEY_2,1230023803,석촌호수로,1230041503,방이삼거리,127.1081921675338720_37.5119304002947942,1230039702,송파동 62,127.1071007108080408_37.5111082344274962,133.0,6.0,정체,127.1071007108080408_37.5111082344274962|127.1080242959557012_37.5118163213665241|127.1081921675338720_37.5119304002947942
2026-09-04T18:34:05.570303+09:00,잠실 관광특구,잠실 관광특구,POI005,KEY_2,1230023904,위례성대로,1230038803,오금초교,127.1315805616083452_37.5102624702576577,1230040802,올림픽공원앞교차로,127.1280368042940410_37.5116964262882320,351.0,31.0,원활,127.1280368042940410_37.5116964262882320|127.1315805616083452_37.5102624702576577
2026-09-04T18:34:05.570303+09:00,잠실 관광특구,잠실 관광특구,POI005,KEY_2,1230024003,위례성대로,1230040801,올림픽공원앞교차로,127.1280993215722361_37.5117923995774305,1230038804,오금초교,127.1316420322552858_37.5103588665718206,351.0,11.0,정체,127.1316420322552858_37.5103588665718206|127.1280993215722361_37.5117923995774305
2026-09-04T18:34:05.570303+09:00,잠실 관광특구,잠실 관광특구,POI005,KEY_2,1230024100,잠실로,1230038604,잠실3삼거리,127.0929839814057658_37.5103582875929717,1230041303,잠실3사거리,127.0924958334099557_37.5118489046082644,171.0,13.0,정체,127.0924958334099557_37.5118489046082644|127.0929749045914718_37.5104683915562376|127.0929839814057658_37.5103582875929717
2026-09-04T18:34:05.570303+09:00,잠실 관광특구,잠실 관광특구,POI005,KEY_2,1230024200,잠실로,1230041302,잠실3사거리,127.0926320843072830_37.5118620680798003,1230038601,잠실3삼거리,127.0931194165767408_37.5103653726765316,172.0,7.7,정체,127.0931194165767408_37.5103653726765316|127.0931094286359553_37.5104865264241667|127.0926320843072830_37.5118620680798003
2026-09-04T18:34:05.570303+09:00,잠실 관광특구,잠실 관광특구,POI005,KEY_2,1230024302,오금로,1230384900,송파동 62,127.1086886760872829_37.5117147904571766,1230041503,방이삼거리,127.1081921675338720_37.5119304002947942,50.0,20.0,서행,127.1081921675338720_37.5119304002947942|127.1083902263657990_37.5118348937114661|127.1086886760872829_37.5117147904571766
2026-09-04T18:34:05.570303+09:00,잠실 관광특구,잠실 관광특구,POI005,KEY_2,1230024703,가락로,1230042404,에뜨왈리코리아,127.1197334005263002_37.5127417204113840,1230008303,방이초교앞교차로,127.1208213191434737_37.5145580278620869,223.0,13.0,정체,127.1208213191434737_37.5145580278620869|127.1197334005263002_37.5127417204113840
2026-09-04T18:34:05.570303+09:00,잠실 관광특구,잠실 관광특구,POI005,KEY_2,1230024803,가락로,1230008302,방이초교앞교차로,127.1209450232393436_37.5145134722125775,1230042401,에뜨왈리코리아,127.1198552228544401_37.5126940280713512,224.0,20.0,서행,127.1198552228544401_37.5126940280713512|127.1209450232393436_37.5145134722125775
2026-09-04T18:34:05.570303+09:00,잠실 관광특구,잠실 관광특구,POI005,KEY_2,1230024900,올림픽로,1230358200,최소노드배치점,127.0890986901108874_37.5116423850120313,1230041304,잠실3사거리,127.0924582513479919_37.5119541794962004,299.0,15.0,서행,127.0924582513479919_37.5119541794962004|127.0894865754439849_37.5116660118753273|127.0890986901108874_37.5116423850120313
2026-09-04T18:34:05.570303+09:00,잠실 관광특구,잠실 관광특구,POI005,KEY_2,1230025502,위례성대로12길,1230384600,방이동 75-1,127.1226867891286361_37.5132366843652107,1230008203,올림픽공원남2문,127.1230115468975583_37.5137580552017056,65.0,17.0,서행,127.1230115468975583_37.5137580552017056|127.1226867891286361_37.5132366843652107
2026-09-04T18:34:05.570303+09:00,잠실 관광특구,잠실 관광특구,POI005,KEY_2,1230025602,위례성대로12길,1230008202,올림픽공원남2문,127.1231332582007383_37.5137101955394456,1230041001,제이에스빌딩,127.1219838454871649_37.5118648795729470,229.0,22.0,서행,127.1219838454871649_37.5118648795729470|127.1228083768162378_37.5131886276024815|127.1231332582007383_37.5137101955394456
2026-09-04T18:34:05.570303+09:00,잠실 관광특구,잠실 관광특구,POI005,KEY_2,1230025702,올림픽로,1230422700,최소노드배치점,127.0963985029439982_37.5124235494134552,1230001804,잠실역사거리,127.1000841139758677_37.5133141607708396,341.0,21.0,서행,127.1000841139758677_37.5133141607708396|127.0963985029439982_37.5124235494134552
2026-09-04T18:34:05.570303+09:00,잠실 관광특구,잠실 관광특구,POI005,KEY_2,1230025801,올림픽로,1230041703,잠실동 39,127.0946882254534103_37.5120601573260686,1230041302,잠실3사거리,127.0926320843072830_37.5118620680798003,183.0,22.0,서행,127.0926320843072830_37.5118620680798003|127.0946882254534103_37.5120601573260686
2026-09-04T18:34:05.570303+09:00,잠실 관광특구,잠실 관광특구,POI005,KEY_2,1230025802,올림픽로,1230001803,잠실역사거리,127.1001586829554100_37.5132191939759281,1230041702,잠실동 39,127.0948236216370191_37.5120740018570373,489.0,10.0,정체,127.0948236216370191_37.5120740018570373|127.0956739088233007_37.5121671905185963|127.0962807923011582_37.5122821169021705|127.0964379064208174_37.5123200858476054|127.1001586829554100_37.5132191939759281
2026-09-04T18:34:05.570303+09:00,잠실 관광특구,잠실 관광특구,POI005,KEY_2,1230026102,위례성대로,1230040803,올림픽공원앞교차로,127.1279156747526429_37.5117452056324225,1230042502,방이동 181-7,127.1254911970844859_37.5127168656425241,240.0,10.0,정체,127.1254911970844859_37.5127168656425241|127.1279156747526429_37.5117452056324225
2026-09-04T18:34:05.570303+09:00,잠실 관광특구,잠실 관광특구,POI005,KEY_2,1230026103,위례성대로,1230042503,방이동 181-7,127.1253705911887266_37.5127664663946732,1230008202,올림픽공원남2문,127.1231332582007383_37.5137101955394456,224.0,11.0,정체,127.1231332582007383_37.5137101955394456|127.1253705911887266_37.5127664663946732
2026-09-04T18:34:05.570303+09:00,잠실 관광특구,잠실 관광특구,POI005,KEY_2,1230026202,위례성대로,1230008201,올림픽공원남2문,127.1231967749277914_37.5138057465937962,1230040804,올림픽공원앞교차로,127.1279781659139445_37.5118411937980127,476.0,36.7,원활,127.1279781659139445_37.5118411937980127|127.1255521973024827_37.5128134512352105|127.1254341104055641_37.5128620169255242|127.1231967749277914_37.5138057465937962
2026-09-04T18:34:05.570303+09:00,잠실 관광특구,잠실 관광특구,POI005,KEY_2,1230026301,오금로,1230041504,방이삼거리,127.1080898185277164_37.5120029659807344,1230043203,잠실전화국,127.1073625915452112_37.5136826385122433,198.0,19.0,서행,127.1073625915452112_37.5136826385122433|127.1076552451824142_37.5129653281818420|127.1080218934859403_37.5120666323530259|127.1080898185277164_37.5120029659807344
2026-09-04T18:34:05.570303+09:00,잠실 관광특구,잠실 관광특구,POI005,KEY_2,1230026400,오금로,1230362200,방이동 95-3,127.1077843306107411_37.5129987458803527,1230041501,방이삼거리,127.1081930791064138_37.5120731373911980,109.0,10.0,정체,127.1081930791064138_37.5120731373911980|127.1081426875516627_37.5121203703189892|127.1077843306107411_37.5129987458803527
2026-09-04T18:34:05.570303+09:00,잠실 관광특구,잠실 관광특구,POI005,KEY_2,1230026702,백제고분로,1230397100,방이동 94-4,127.1155243442379685_37.5158080782483836,1230045403,올림픽공원남4문앞교차로,127.1158353619488821_37.5163285598069436,64.0,13.0,정체,127.1158353619488821_37.5163285598069436|127.1155243442379685_37.5158080782483836
2026-09-04T18:34:05.570303+09:00,잠실 관광특구,잠실 관광특구,POI005,KEY_2,1230026802,백제고분로,1230045402,올림픽공원남4문앞교차로,127.1159592191718559_37.5162842594980717,1230043901,방이중,127.1149670532686144_37.5146238680820474,204.0,6.0,정체,127.1149670532686144_37.5146238680820474|127.1156469051217641_37.5157616102810749|127.1159592191718559_37.5162842594980717
2026-09-04T18:34:05.570303+09:00,잠실 관광특구,잠실 관광특구,POI005,KEY_2,1230027100,위례성대로,1230008203,올림픽공원남2문,127.1230115468975583_37.5137580552017056,1230008302,방이초교앞교차로,127.1209450232393436_37.5145134722125775,201.0,42.0,원활,127.1209450232393436_37.5145134722125775|127.1230115468975583_37.5137580552017056
2026-09-04T18:34:05.570303+09:00,잠실 관광특구,잠실 관광특구,POI005,KEY_2,1230027200,위례성대로,1230424900,최소노드배치점,127.1195466393614311_37.5151289900827436,1230008204,올림픽공원남2문,127.1230681603091739_37.5138563218870544,342.0,32.0,원활,127.1230681603091739_37.5138563218870544|127.1210016343324725_37.5146117395583261|127.1208765811574466_37.5146567818947432|127.1195466393614311_37.5151289900827436
2026-09-04T18:34:05.570303+09:00,잠실 관광특구,잠실 관광특구,POI005,KEY_2,1230027302,올림픽로,1230001801,잠실역사거리,127.1002155326109744_37.5133509522926616,1230043404,신천동 8,127.1021667132219335_37.5140202279747825,188.0,10.0,정체,127.1021667132219335_37.5140202279747825|127.1002155326109744_37.5133509522926616
2026-09-04T18:34:05.570303+09:00,잠실 관광특구,잠실 관광특구,POI005,KEY_2,1230027303,올림픽로,1230043401,신천동 8,127.1022912026975433_37.5140633484028712,1230043804,잠실역(서울8호선),127.1031193148053262_37.5143528991889355,80.0,24.0,서행,127.1031193148053262_37.5143528991889355|127.1022912026975433_37.5140633484028712
2026-09-04T18:34:05.570303+09:00,잠실 관광특구,잠실 관광특구,POI005,KEY_2,1230027304,올림픽로,1230043801,잠실역(서울8호선),127.1032441614670745_37.5143953515620083,1230044104,송파구청앞교차로,127.1065954149593580_37.5155037548529151,321.0,35.7,원활,127.1065954149593580_37.5155037548529151|127.1032441614670745_37.5143953515620083
2026-09-04T18:34:05.570303+09:00,잠실 관광특구,잠실 관광특구,POI005,KEY_2,1230027402,올림픽로,1230425600,최소노드배치점,127.1034569107816310_37.5143486498193468,1230001802,잠실역사거리,127.1002879409381165_37.5132580710148957,305.0,26.0,원활,127.1002879409381165_37.5132580710148957|127.1022203942543456_37.5139209223143766|127.1023457587723016_37.5139643456983833|127.1031738699951745_37.5142538961081584|127.1032962137368543_37.5142954974985372|127.1034569107816310_37.5143486498193468
2026-09-04T18:34:05.570303+09:00,잠실 관광특구,잠실 관광특구,POI005,KEY_2,1230027600,잠실로,1230354600,잠실동 26-1,127.0923490777133509_37.5126418063312386,1230041301,잠실3사거리,127.0925947702226182_37.5119673808282528,78.0,18.0,서행,127.0925947702226182_37.5119673808282528|127.0923490777133509_37.5126418063312386
2026-09-04T18:34:05.570303+09:00,잠실 관광특구,잠실 관광특구,POI005,KEY_2,1230027901,오금로,1230043204,잠실전화국,127.1073301047804875_37.5137619968566653,1230043703,KT송파빌딩,127.1072008780327849_37.5140753242066154,37.0,7.0,정체,127.1072008780327849_37.5140753242066154|127.1073301047804875_37.5137619968566653
2026-09-04T18:34:05.570303+09:00,잠실 관광특구,잠실 관광특구,POI005,KEY_2,1230027902,오금로,1230043704,KT송파빌딩,127.1071582673112630_37.5141777969497454,1230044103,송파구청앞교차로,127.1066451578842873_37.5154031368063627,143.0,9.0,정체,127.1066451578842873_37.5154031368063627|127.1071582673112630_37.5141777969497454
2026-09-04T18:34:05.570303+09:00,잠실 관광특구,잠실 관광특구,POI005,KEY_2,1230028001,오금로,1230043702,KT송파빌딩,127.1073298305418575_37.5141090707700258,1230043201,잠실전화국,127.1074590560679241_37.5137957428479041,37.0,7.0,정체,127.1074590560679241_37.5137957428479041|127.1073298305418575_37.5141090707700258
2026-09-04T18:34:05.570303+09:00,잠실 관광특구,잠실 관광특구,POI005,KEY_2,1230028002,오금로,1230044102,송파구청앞교차로,127.1067706331513705_37.5154451950086951,1230043701,KT송파빌딩,127.1072870264943191_37.5142120080203938,144.0,5.0,정체,127.1072870264943191_37.5142120080203938|127.1067706331513705_37.5154451950086951
2026-09-04T18:34:05.570303+09:00,잠실 관광특구,잠실 관광특구,POI005,KEY_2,1230028100,위례성대로,1230008303,방이초교앞교차로,127.1208213191434737_37.5145580278620869,1230045402,올림픽공원남4문앞교차로,127.1159592191718559_37.5162842594980717,471.0,39.0,원활,127.1159592191718559_37.5162842594980717|127.1194913787483216_37.5150302354333220|127.1208213191434737_37.5145580278620869
2026-09-04T18:34:05.570303+09:00,잠실 관광특구,잠실 관광특구,POI005,KEY_2,1230028301,올림픽로,1230044101,송파구청앞교차로,127.1067205760415391_37.5155457351922763,1230044902,잠실진주아파트앞교차로,127.1087256571209707_37.5162283031640200,193.0,11.0,정체,127.1087256571209707_37.5162283031640200|127.1067205760415391_37.5155457351922763
2026-09-04T18:34:05.570303+09:00,잠실 관광특구,잠실 관광특구,POI005,KEY_2,1230028401,올림픽로,1230421300,최소노드배치점,127.1097120122696964_37.5164468577884307,1230044102,송파구청앞교차로,127.1067706331513705_37.5154451950086951,283.0,14.5,정체,127.1067706331513705_37.5154451950086951|127.1088293438040182_37.5161460190462677|127.1097120122696964_37.5164468577884307
2026-09-04T18:34:05.570303+09:00,잠실 관광특구,잠실 관광특구,POI005,KEY_2,1230028702,양재대로,1230040804,올림픽공원앞교차로,127.1279781659139445_37.5118411937980127,1230043503,방이동 89-28,127.1293137788365044_37.5138391508336753,251.0,15.0,서행,127.1293137788365044_37.5138391508336753|127.1279781659139445_37.5118411937980127
2026-09-04T18:34:05.570303+09:00,잠실 관광특구,잠실 관광특구,POI005,KEY_2,1230028703,양재대로,1230043504,방이동 89-28,127.1293758864878356_37.5139336243623376,1230044603,올림픽공원동문교차로,127.1305797082937374_37.5157953632322290,232.0,25.0,원활,127.1305797082937374_37.5157953632322290|127.1293758864878356_37.5139336243623376
2026-09-04T18:34:05.570303+09:00,잠실 관광특구,잠실 관광특구,POI005,KEY_2,1230028704,양재대로,1230044604,올림픽공원동문교차로,127.1306432453781667_37.5158930503733714,1230047803,오륜교,127.1316412754749763_37.5174145740411831,191.0,24.5,서행,127.1316412754749763_37.5174145740411831|127.1306432453781667_37.5158930503733714
2026-09-04T18:34:05.570303+09:00,잠실 관광특구,잠실 관광특구,POI005,KEY_2,1230028802,양재대로,1230043502,방이동 89-28,127.1294335833399884_37.5137883314546841,1230040801,올림픽공원앞교차로,127.1280993215722361_37.5117923995774305,251.0,24.0,서행,127.1280993215722361_37.5117923995774305|127.1294335833399884_37.5137883314546841
2026-09-04T18:34:05.570303+09:00,잠실 관광특구,잠실 관광특구,POI005,KEY_2,1230028803,양재대로,1230044602,올림픽공원동문교차로,127.1307066675273347_37.5157555807827805,1230043501,방이동 89-28,127.1294965542968640_37.5138841169906101,234.0,15.0,서행,127.1294965542968640_37.5138841169906101|127.1307066675273347_37.5157555807827805
2026-09-04T18:34:05.570303+09:00,잠실 관광특구,잠실 관광특구,POI005,KEY_2,1230028804,양재대로,1230047802,오륜교,127.1317615823722491_37.5173645046840889,1230044601,올림픽공원동문교차로,127.1307691739442731_37.5158515552836462,189.0,18.0,서행,127.1307691739442731_37.5158515552836462|127.1317615823722491_37.5173645046840889
2026-09-04T18:34:05.570303+09:00,잠실 관광특구,잠실 관광특구,POI005,KEY_2,1230029101,올림픽로,1230044901,잠실진주아파트앞교차로,127.1088533723906977_37.5162718111141373,1230047903,올림픽공원앞교차로,127.1125664517782781_37.5175764714066560,359.0,15.0,서행,127.1125664517782781_37.5175764714066560|127.1121927794052340_37.5174099266855308|127.1096586157180326_37.5165462608805385|127.1088533723906977_37.5162718111141373
2026-09-04T18:34:05.570303+09:00,잠실 관광특구,잠실 관광특구,POI005,KEY_2,1230029300,위례성대로,1230045403,올림픽공원남4문앞교차로,127.1158353619488821_37.5163285598069436,1230047902,올림픽공원앞교차로,127.1126327333255119_37.5174821175529445,311.0,14.0,정체,127.1126327333255119_37.5174821175529445|127.1158353619488821_37.5163285598069436
2026-09-04T18:34:05.570303+09:00,잠실 관광특구,잠실 관광특구,POI005,KEY_2,1230029401,위례성대로,1230047901,올림픽공원앞교차로,127.1127294559663170_37.5175659412636975,1230045404,올림픽공원남4문앞교차로,127.1158912913085715_37.5164270745673178,307.0,19.7,서행,127.1158912913085715_37.5164270745673178|127.1127294559663170_37.5175659412636975
2026-09-04T18:34:05.570303+09:00,잠실 관광특구,잠실 관광특구,POI005,KEY_2,1230029800,오금로,1230009202,잠실나루역사거리,127.1050458803196079_37.5186165757193919,1230044101,송파구청앞교차로,127.1067205760415391_37.5155457351922763,372.0,16.0,서행,127.1067205760415391_37.5155457351922763|127.1063870230920116_37.5161245657841746|127.1060062563923623_37.5167853165615099|127.1057041776155785_37.5173095096861147|127.1054650209393913_37.5177245091905434|127.1053636836204817_37.5179234011036442|127.1051267515503156_37.5183884165572152|127.1050458803196079_37.5186165757193919
2026-09-04T18:34:05.570303+09:00,잠실 관광특구,잠실 관광특구,POI005,KEY_2,1230030200,올림픽로33길,1230044902,잠실진주아파트앞교차로,127.1087256571209707_37.5162283031640200,1230009303,파크리오아파트,127.1080198937217318_37.5191489075320419,330.0,13.0,정체,127.1080198937217318_37.5191489075320419|127.1087256571209707_37.5162283031640200
2026-09-04T18:34:05.570303+09:00,잠실 관광특구,잠실 관광특구,POI005,KEY_2,1230030300,올림픽로33길,1230009302,파크리오아파트,127.1081532489597805_37.5191690964758351,1230044901,잠실진주아파트앞교차로,127.1088533723906977_37.5162718111141373,327.0,10.0,정체,127.1088533723906977_37.5162718111141373|127.1081532489597805_37.5191690964758351
2026-09-04T18:34:05.570303+09:00,잠실 관광특구,잠실 관광특구,POI005,KEY_2,1230030701,올림픽로,1230047904,올림픽공원앞교차로,127.1126156383089949_37.5176248562335459,1230050103,올림픽회관앞교차로,127.1141234836901077_37.5200172918018566,297.0,19.0,서행,127.1141234836901077_37.5200172918018566|127.1130967077667009_37.5183006809000261|127.1127808418886076_37.5178273473246833|127.1126156383089949_37.5176248562335459
2026-09-04T18:34:05.570303+09:00,잠실 관광특구,잠실 관광특구,POI005,KEY_2,1230030802,올림픽로,1230050102,올림픽회관앞교차로,127.1142460290998173_37.5199707880909941,1230047901,올림픽공원앞교차로,127.1127294559663170_37.5175659412636975,299.0,16.0,서행,127.1127294559663170_37.5175659412636975|127.1128979059259194_37.5177724112602746|127.1132179682735881_37.5182520322072364|127.1142460290998173_37.5199707880909941
2026-09-04T18:34:05.570303+09:00,잠실 관광특구,잠실 관광특구,POI005,KEY_2,1230031300,올림픽로35길,1230380000,신천동 20-3,127.1120965855774898_37.5198794214376790,1230050104,올림픽회관앞교차로,127.1141869164074905_37.5201219523906175,187.0,9.8,정체,127.1141869164074905_37.5201219523906175|127.1139207414424419_37.5201377237057514|127.1137172639646593_37.5201260770116463|127.1129232291908551_37.5200052336238770|127.1120965855774898_37.5198794214376790
2026-09-04T18:34:05.570303+09:00,잠실 관광특구,잠실 관광특구,POI005,KEY_2,1230032100,올림픽로,1230400900,신천동 26,127.1145514766661790_37.5207067945448216,1230052003,성내교(남측),127.1155399981984147_37.5222925683271740,197.0,22.0,서행,127.1155399981984147_37.5222925683271740|127.1145514766661790_37.5207067945448216
2026-09-04T18:34:05.570303+09:00,잠실 관광특구,잠실 관광특구,POI005,KEY_2,1230032200,올림픽로,1230052001,성내교(남측),127.1156967807111187_37.5223009606581428,1230050101,올림픽회관앞교차로,127.1143085002419610_37.5200738709822801,276.0,41.0,원활,127.1143085002419610_37.5200738709822801|127.1146730610900732_37.5206587128019535|127.1156615842423037_37.5222444857121431|127.1156967807111187_37.5223009606581428
2026-09-04T18:34:05.570303+09:00,잠실 관광특구,잠실 관광특구,POI005,KEY_2,1230032404,강동대로,1230052403,서울체고앞,127.1309465905180929_37.5226422457426523,1230052602,올림픽공원북2문,127.1286484144718969_37.5236389836207067,231.0,19.0,서행,127.1286484144718969_37.5236389836207067|127.1309465905180929_37.5226422457426523
2026-09-04T18:34:05.570303+09:00,잠실 관광특구,잠실 관광특구,POI005,KEY_2,1230032504,강동대로,1230052601,올림픽공원북2문,127.1287133329938257_37.5237339387489186,1230052404,서울체고앞,127.1310115110815389_37.5227371996198542,231.0,24.0,서행,127.1310115110815389_37.5227371996198542|127.1287133329938257_37.5237339387489186
2026-09-04T18:34:05.570303+09:00,잠실 관광특구,잠실 관광특구,POI005,KEY_2,1230032902,올림픽로37길,1230424700,최소노드배치점,127.1116469399134274_37.5231307998258217,1230052004,성내교(남측),127.1156093484237601_37.5224038573356538,390.0,29.0,원활,127.1156093484237601_37.5224038573356538|127.1154210464076897_37.5226254636658609|127.1151860694290434_37.5229714220100377|127.1150231489065732_37.5230568047779158|127.1148610626049589_37.5231117596672803|127.1146813739484145_37.5231312778946844|127.1116469399134274_37.5231307998258217
2026-09-04T18:34:05.570303+09:00,잠실 관광특구,잠실 관광특구,POI005,KEY_2,1230033202,올림픽로,1230052004,성내교(남측),127.1156093484237601_37.5224038573356538,1230053103,올림픽대교남단교차로,127.1174254322370984_37.5253520980877155,364.0,38.0,원활,127.1174254322370984_37.5253520980877155|127.1168266280546959_37.5243574555609811|127.1156093484237601_37.5224038573356538
2026-09-04T18:34:05.570303+09:00,잠실 관광특구,잠실 관광특구,POI005,KEY_2,1230033301,올림픽로,1230053102,올림픽대교남단교차로,127.1176915230806799_37.5255440086627701,1230052001,성내교(남측),127.1156967807111187_37.5223009606581428,401.0,10.0,정체,127.1156967807111187_37.5223009606581428|127.1169486377113884_37.5243100484275445|127.1176915230806799_37.5255440086627701
2026-09-04T18:34:05.570303+09:00,잠실 관광특구,잠실 관광특구,POI005,KEY_2,1230033600,올림픽로43길,1230342000,풍납동 447,127.1141253196765888_37.5248124645393801,1230053104,올림픽대교남단교차로,127.1175353532768639_37.5255915012395889,333.0,23.5,서행,127.1175353532768639_37.5255915012395889|127.1171986824647178_37.5253250746693325|127.1163931251730617_37.5248172882132565|127.1149530945181425_37.5248116617606371|127.1141253196765888_37.5248124645393801
2026-09-04T18:34:05.570303+09:00,잠실 관광특구,잠실 관광특구,POI005,KEY_2,1230033801,강동대로,1230052603,올림픽공원북2문,127.1285292145280152_37.5236906555977967,1230052702,올림픽공원북2문앞교차로,127.1280135683207533_37.5239140807955565,52.0,12.0,정체,127.1280135683207533_37.5239140807955565|127.1285292145280152_37.5236906555977967
2026-09-04T18:34:05.570303+09:00,잠실 관광특구,잠실 관광특구,POI005,KEY_2,1230033802,강동대로,1230052703,올림픽공원북2문앞교차로,127.1278955398801997_37.5239676869855785,1230052902,그린빌딩,127.1255021088525581_37.5251103772284154,247.0,8.0,정체,127.1255021088525581_37.5251103772284154|127.1278955398801997_37.5239676869855785
2026-09-04T18:34:05.570303+09:00,잠실 관광특구,잠실 관광특구,POI005,KEY_2,1230033803,강동대로,1230052903,그린빌딩,127.1253868539951242_37.5251644663839627,1230010402,성내유수지,127.1230687264287127_37.5262344211604315,237.0,16.0,서행,127.1230687264287127_37.5262344211604315|127.1253868539951242_37.5251644663839627
2026-09-04T18:34:05.570303+09:00,잠실 관광특구,잠실 관광특구,POI005,KEY_2,1230033901,강동대로,1230052701,올림픽공원북2문앞교차로,127.1280784406892508_37.5240090563020559,1230052604,올림픽공원북2문,127.1285940873550402_37.5237856308238449,52.0,34.0,원활,127.1285940873550402_37.5237856308238449|127.1280784406892508_37.5240090563020559
2026-09-04T18:34:05.570303+09:00,잠실 관광특구,잠실 관광특구,POI005,KEY_2,1230033902,강동대로,1230052901,그린빌딩,127.1255719037447705_37.5252031128434638,1230052704,올림픽공원북2문앞교차로,127.1279653366622995_37.5240604212007227,247.0,47.0,원활,127.1279653366622995_37.5240604212007227|127.1255719037447705_37.5252031128434638
2026-09-04T18:34:05.570303+09:00,잠실 관광특구,잠실 관광특구,POI005,KEY_2,1230033903,강동대로,1230010401,성내유수지,127.1233271552869013_37.5262401076401133,1230052904,그린빌딩,127.1254549241451741_37.5252580128047128,217.0,48.3,원활,127.1254549241451741_37.5252580128047128|127.1233271552869013_37.5262401076401133
2026-09-04T18:34:05.570303+09:00,잠실 관광특구,잠실 관광특구,POI005,KEY_2,1230034200,강동대로,1230053101,올림픽대교남단교차로,127.1177512410432087_37.5256417956853880,1230010403,성내유수지,127.1228341746085704_37.5263374209143734,467.0,9.3,정체,127.1228341746085704_37.5263374209143734|127.1226119104132124_37.5263325291198058|127.1222182279912971_37.5262594731087304|127.1197935343633674_37.5255708855089978|127.1192764530002961_37.5254871931229914|127.1186659385550399_37.5254644325269382|127.1181404811154323_37.5255300720034626|127.1177512410432087_37.5256417956853880
2026-09-04T18:34:05.570303+09:00,잠실 관광특구,잠실 관광특구,POI005,KEY_2,1230034300,강동대로,1230010402,성내유수지,127.1230687264287127_37.5262344211604315,1230053102,올림픽대교남단교차로,127.1176915230806799_37.5255440086627701,493.0,46.0,원활,127.1176915230806799_37.5255440086627701|127.1181066449297958_37.5254248562288311|127.1186585197018388_37.5253559170246618|127.1192932429278528_37.5253795803410242|127.1198300344327095_37.5254664629282857|127.1222565506296860_37.5261555686853470|127.1226293640594349_37.5262247521119789|127.1230687264287127_37.5262344211604315
2026-09-04T18:34:05.570303+09:00,잠실 관광특구,잠실 관광특구,POI005,KEY_2,1230034600,강동대로,1230053104,올림픽대교남단교차로,127.1175353532768639_37.5255915012395889,1230053301,풍성초등학교,127.1133707067350969_37.5271092576510128,408.0,8.0,정체,127.1133707067350969_37.5271092576510128|127.1138885360357307_37.5270579046375232|127.1141380710895277_37.5270029206930715|127.1144337586637221_37.5269066454630149|127.1172570729713414_37.5256789869567413|127.1175353532768639_37.5255915012395889
2026-09-04T18:34:05.570303+09:00,잠실 관광특구,잠실 관광특구,POI005,KEY_2,1230034700,강동대로,1230058701,풍납동 330-7,127.1135343578604022_37.5272039528378372,1230053105,올림픽대교남단교차로,127.1176235541679063_37.5256800112130264,402.0,20.0,서행,127.1176235541679063_37.5256800112130264|127.1173147432993602_37.5257770947223790|127.1144921531920318_37.5270044385361317|127.1141820098842743_37.5271054212045385|127.1139153828274857_37.5271641707955510|127.1135343578604022_37.5272039528378372
2026-09-04T18:34:05.570303+09:00,잠실 관광특구,잠실 관광특구,POI005,KEY_2,1230034800,강동대로,1230010403,성내유수지,127.1228341746085704_37.5263374209143734,1230053202,성내동 474,127.1214169266581280_37.5269574474404806,143.0,6.0,정체,127.1214169266581280_37.5269574474404806|127.1221246173486747_37.5266478458902597|127.1228341746085704_37.5263374209143734
2026-09-04T18:34:05.570303+09:00,잠실 관광특구,잠실 관광특구,POI005,KEY_2,1230034900,강동대로,1230053201,성내동 474,127.1214822863304903_37.5270522124399051,1230010404,성내유수지,127.1231026366477437_37.5263433289148836,163.0,29.0,원활,127.1231026366477437_37.5263433289148836|127.1221899776439983_37.5267426105018984|127.1214822863304903_37.5270522124399051
2026-09-04T18:34:05.570303+09:00,잠실 관광특구,잠실 관광특구,POI005,KEY_2,1230035100,올림픽로,1230053602,풍납사거리,127.1191638427110746_37.5279285363098012,1230053101,올림픽대교남단교차로,127.1177512410432087_37.5256417956853880,283.0,10.0,정체,127.1177512410432087_37.5256417956853880|127.1182052842400196_37.5263768247819911|127.1185296816843362_37.5269019665074097|127.1189218723730647_37.5275368423195701|127.1191638427110746_37.5279285363098012
2026-09-04T18:34:05.570303+09:00,잠실 관광특구,잠실 관광특구,POI005,KEY_2,1230073600,백제고분로41길,1230362400,송파동 74,127.1055839132151277_37.5093570558199474,1230038203,수림빌딩,127.1052465652364560_37.5096500807059527,44.0,10.0,정체,127.1052465652364560_37.5096500807059527|127.1053208564511436_37.5095948198186591|127.1055839132151277_37.5093570558199474
2026-09-04T18:34:05.570303+09:00,잠실 관광특구,잠실 관광특구,POI005,KEY_2,1230076200,백제고분로45길,1230414400,송파동 83,127.1074305390192620_37.5108125123386174,1230039703,송파동 61,127.1070007103191557_37.5110307962144418,45.0,16.0,서행,127.1070007103191557_37.5110307962144418|127.1074305390192620_37.5108125123386174
2026-09-04T18:34:05.570303+09:00,잠실 관광특구,잠실 관광특구,POI005,KEY_2,1230077600,올림픽로.잠실로.사이길,1230038304,잠실동 43,127.0947364363945553_37.5102253498387128,1230041703,잠실동 39,127.0946882254534103_37.5120601573260686,204.0,10.0,정체,127.0946882254534103_37.5120601573260686|127.0947364363945553_37.5102253498387128
2026-09-04T18:34:05.570303+09:00,잠실 관광특구,잠실 관광특구,POI005,KEY_2,1230077700,올림픽로.잠실로.사이길,1230041702,잠실동 39,127.0948236216370191_37.5120740018570373,1230038301,잠실동 43,127.0948724715403131_37.5102147077519135,206.0,8.0,정체,127.0948724715403131_37.5102147077519135|127.0948236216370191_37.5120740018570373
2026-09-04T18:34:05.570303+09:00,잠실 관광특구,잠실 관광특구,POI005,KEY_2,1230077900,위례성대로16길,1230248000,방이동 200-3,127.1250899543352517_37.5123366148555277,1230042503,방이동 181-7,127.1253705911887266_37.5127664663946732,54.0,9.0,정체,127.1253705911887266_37.5127664663946732|127.1250899543352517_37.5123366148555277
2026-09-04T18:34:05.570303+09:00,잠실 관광특구,잠실 관광특구,POI005,KEY_2,1230079600,올림픽선수촌아파트내부길,1230042003,오륜초등학교,127.1334912399933756_37.5124937085259731,1230043502,방이동 89-28,127.1294335833399884_37.5137883314546841,392.0,22.0,서행,127.1294335833399884_37.5137883314546841|127.1324667918181888_37.5125501930643708|127.1334912399933756_37.5124937085259731
2026-09-04T18:34:05.570303+09:00,잠실 관광특구,잠실 관광특구,POI005,KEY_2,1230079700,올림픽선수촌아파트내부길,1230043501,방이동 89-28,127.1294965542968640_37.5138841169906101,1230042004,오륜초등학교,127.1335006130637026_37.5126015705990881,387.0,13.0,정체,127.1335006130637026_37.5126015705990881|127.1325039266811245_37.5126565247953394|127.1294965542968640_37.5138841169906101
2026-09-04T18:34:05.570303+09:00,잠실 관광특구,잠실 관광특구,POI005,KEY_2,1230080800,올림픽로,1230043404,신천동 8,127.1021667132219335_37.5140202279747825,1230044003,어린이교통공원,127.1015862279693067_37.5151316086360467,134.0,3.0,정체,127.1015862279693067_37.5151316086360467|127.1021667132219335_37.5140202279747825
2026-09-04T18:34:05.570303+09:00,잠실 관광특구,잠실 관광특구,POI005,KEY_2,1230080900,올림픽로,1230044002,어린이교통공원,127.1017112605977104_37.5151736946584151,1230043401,신천동 8,127.1022912026975433_37.5140633484028712,133.0,11.0,정체,127.1022912026975433_37.5140633484028712|127.1017112605977104_37.5151736946584151
2026-09-04T18:34:05.570303+09:00,잠실 관광특구,잠실 관광특구,POI005,KEY_2,1230081000,올림픽로,1230043804,잠실역(서울8호선),127.1031193148053262_37.5143528991889355,1230044403,신천동 7-21,127.1025553001734067_37.5154467539088188,131.0,6.5,정체,127.1025553001734067_37.5154467539088188|127.1031193148053262_37.5143528991889355
2026-09-04T18:34:05.570303+09:00,잠실 관광특구,잠실 관광특구,POI005,KEY_2,1230081100,올림픽로,1230044402,신천동 7-21,127.1026803877707039_37.5154887453600807,1230043801,잠실역(서울8호선),127.1032441614670745_37.5143953515620083,131.0,13.5,정체,127.1032441614670745_37.5143953515620083|127.1026803877707039_37.5154887453600807
2026-09-04T18:34:05.570303+09:00,잠실 관광특구,잠실 관광특구,POI005,KEY_2,1230081200,올림픽선수촌아파트내부길,1230332800,최소노드배치점,127.1337490189227708_37.5151722701553894,1230044602,올림픽공원동문교차로,127.1307066675273347_37.5157555807827805,292.0,12.0,정체,127.1307066675273347_37.5157555807827805|127.1324233734096509_37.5150503918994147|127.1325384533906515_37.5150232903922287|127.1330520009699256_37.5149959261979333|127.1331591568025914_37.5149985589094541|127.1337490189227708_37.5151722701553894
2026-09-04T18:34:05.570303+09:00,잠실 관광특구,잠실 관광특구,POI005,KEY_2,1230082000,오금로11길,1230382300,방이동 96-5,127.1078356746363340_37.5142776638634814,1230043702,KT송파빌딩,127.1073298305418575_37.5141090707700258,48.0,10.5,정체,127.1073298305418575_37.5141090707700258|127.1078356746363340_37.5142776638634814
2026-09-04T18:34:05.570303+09:00,잠실 관광특구,잠실 관광특구,POI005,KEY_2,1230082100,오금로11길,1230364600,방이동 96-2,127.1142995993866123_37.5148873703963588,1230043904,방이중,127.1148454576012909_37.5146719476403305,54.0,10.0,정체,127.1148454576012909_37.5146719476403305|127.1142995993866123_37.5148873703963588
2026-09-04T18:34:05.570303+09:00,잠실 관광특구,잠실 관광특구,POI005,KEY_2,1230085700,양재대로.강동대로사이길,1230334700,최소노드배치점,127.1280130627585407_37.5175316488536268,1230050202,속성변화점,127.1283029621945957_37.5202980729066624,323.0,14.0,정체,127.1283029621945957_37.5202980729066624|127.1284869880934565_37.5198916490292831|127.1286040453807260_37.5194988449093358|127.1286401155603869_37.5191957029570418|127.1286322343100750_37.5188746212359092|127.1285506796273381_37.5184532831418807|127.1284264473650580_37.5181404522839657|127.1280130627585407_37.5175316488536268
2026-09-04T18:34:05.570303+09:00,잠실 관광특구,잠실 관광특구,POI005,KEY_2,1230085800,양재대로.강동대로사이길,1230334600,최소노드배치점,127.1281324577583263_37.5174802131984393,1230044604,올림픽공원동문교차로,127.1306432453781667_37.5158930503733714,333.0,14.0,정체,127.1306432453781667_37.5158930503733714|127.1304306419184798_37.5159439490849564|127.1278436313470053_37.5170548436271218|127.1281324577583263_37.5174802131984393
2026-09-04T18:34:05.570303+09:00,잠실 관광특구,잠실 관광특구,POI005,KEY_2,1230088200,양재대로.강동대로사이길,1230196800,꿈나무다리(남측),127.1283746340457981_37.5204440109063455,1230050201,속성변화점,127.1284296259339470_37.5203368866533751,13.0,9.0,정체,127.1284296259339470_37.5203368866533751|127.1283746340457981_37.5204440109063455
2026-09-04T18:34:05.570303+09:00,잠실 관광특구,잠실 관광특구,POI005,KEY_2,1230088300,양재대로.강동대로사이길,1230196500,꿈나무다리(북측),127.1281832207590128_37.5205312266587470,1230052703,올림픽공원북2문앞교차로,127.1278955398801997_37.5239676869855785,421.0,12.0,정체,127.1278955398801997_37.5239676869855785|127.1273300483411504_37.5230946179717293|127.1271761257750654_37.5227528147954175|127.1271136146098968_37.5224320685814590|127.1271364389473888_37.5221410644727129|127.1272519101088534_37.5217772550903916|127.1276017695838618_37.5212911085732799|127.1279442979174661_37.5209163958855996|127.1281570038538149_37.5205822745236119|127.1281832207590128_37.5205312266587470
2026-09-04T18:34:05.570303+09:00,잠실 관광특구,잠실 관광특구,POI005,KEY_2,1230437101,잠실로,1230188302,잠실길지하차도(서측),127.1024547747106510_37.5113805101291220,1230001702,석촌호수앞교차로,127.1019076941057762_37.5111569141952117,54.0,23.0,서행,127.1019076941057762_37.5111569141952117|127.1024547747106510_37.5113805101291220
2026-09-04T18:34:05.570303+09:00,잠실 관광특구,잠실 관광특구,POI005,KEY_2,1230437201,잠실로,1230001701,석촌호수앞교차로,127.1018323332335598_37.5112469862295228,1230188303,잠실길지하차도(서측),127.1023918266045030_37.5114715455822392,55.0,4.0,정체,127.1023918266045030_37.5114715455822392|127.1018323332335598_37.5112469862295228
2026-09-04T18:34:05.570303+09:00,잠실 관광특구,잠실 관광특구,POI005,KEY_2,1230437301,잠실로,1230188502,잠실길지하차도(동측),127.1062173467716150_37.5131578738299325,1230188302,잠실길지하차도(서측),127.1024547747106510_37.5113805101291220,387.0,32.0,원활,127.1024547747106510_37.5113805101291220|127.1030924680476488_37.5116688194554797|127.1037922288458617_37.5120057984034787|127.1044073633298837_37.5122985483592544|127.1051198819620254_37.5126321816150679|127.1062173467716150_37.5131578738299325
2026-09-04T18:34:05.570303+09:00,잠실 관광특구,잠실 관광특구,POI005,KEY_2,1230437401,잠실로,1230188303,잠실길지하차도(서측),127.1023918266045030_37.5114715455822392,1230188503,잠실길지하차도(동측),127.1061687896124681_37.5132231248888246,386.0,43.0,원활,127.1061687896124681_37.5132231248888246|127.1052815756607259_37.5128152477143786|127.1034974052928277_37.5119907247148916|127.1023918266045030_37.5114715455822392
2026-09-04T18:34:05.570303+09:00,잠실 관광특구,잠실 관광특구,POI005,KEY_2,1230437501,-,1230188502,잠실길지하차도(동측),127.1062173467716150_37.5131578738299325,1230188402,신천동 30,127.1050426082693434_37.5125336192748193,126.0,15.0,서행,127.1050426082693434_37.5125336192748193|127.1057099909694585_37.5128445639683008|127.1060250249974217_37.5129978687956296|127.1062173467716150_37.5131578738299325
2026-09-04T18:34:05.570303+09:00,잠실 관광특구,잠실 관광특구,POI005,KEY_2,1230437601,-,1230188403,신천동 30,127.1049002456384613_37.5127083450110632,1230188503,잠실길지하차도(동측),127.1061687896124681_37.5132231248888246,126.0,16.0,서행,127.1061687896124681_37.5132231248888246|127.1058942002584331_37.5131610578152603|127.1056142121499164_37.5130369103311239|127.1049002456384613_37.5127083450110632
2026-09-04T18:34:05.570303+09:00,잠실 관광특구,잠실 관광특구,POI005,KEY_2,1230437701,잠실로,1230394600,신천동 30,127.1067595331203108_37.5134063123268504,1230188502,잠실길지하차도(동측),127.1062173467716150_37.5131578738299325,55.0,5.5,정체,127.1062173467716150_37.5131578738299325|127.1067595331203108_37.5134063123268504
2026-09-04T18:34:05.570303+09:00,잠실 관광특구,잠실 관광특구,POI005,KEY_2,1230437801,잠실로,1230188503,잠실길지하차도(동측),127.1061687896124681_37.5132231248888246,1230043204,잠실전화국,127.1073301047804875_37.5137619968566653,119.0,8.0,정체,127.1073301047804875_37.5137619968566653|127.1067103200439448_37.5134744075350568|127.1061687896124681_37.5132231248888246
2026-09-04T18:34:05.570303+09:00,잠실 관광특구,잠실 관광특구,POI005,KEY_2,1240030800,성안로,1249118500,성내동 450-2,127.1292262080433062_37.5246357770880579,1230052601,올림픽공원북2문,127.1287133329938257_37.5237339387489186,110.0,15.5,서행,127.1287133329938257_37.5237339387489186|127.1289764894649039_37.5241324489509367|127.1292262080433062_37.5246357770880579
2026-09-04T18:34:05.570303+09:00,잠실 관광특구,잠실 관광특구,POI005,KEY_2,1240031600,성내로14길,1249129200,성내동 492,127.1259457409445162_37.5257312228414079,1230052901,그린빌딩,127.1255719037447705_37.5252031128434638,67.0,16.0,서행,127.1255719037447705_37.5252031128434638|127.1259457409445162_37.5257312228414079
2026-09-04T18:34:05.570303+09:00,종로·청계 관광특구,종로·청계 관광특구,POI006,KEY_3,1000001802,종로,1000169300,종로4가 183,126.9992162622975655_37.5707928126224999,1000031300,종로4가,126.9985532581453924_37.5707449132439208,59.0,12.0,정체,126.9985532581453924_37.5707449132439208|126.9992162622975655_37.5707928126224999
2026-09-04T18:34:05.570303+09:00,종로·청계 관광특구,종로·청계 관광특구,POI006,KEY_3,1000001801,종로,1000031300,종로4가,126.9985532581453924_37.5707449132439208,1000011002,종로4가사거리,126.9978420032838642_37.5706935232521886,63.0,13.0,정체,126.9978420032838642_37.5706935232521886|126.9985532581453924_37.5707449132439208
2026-09-04T18:34:05.570303+09:00,종로·청계 관광특구,종로·청계 관광특구,POI006,KEY_3,1000000501,종로,1000008701,종로1가사거리,126.9830485481293891_37.5702800768006568,1000009600,종로1가,126.9837104338048164_37.5702764015435093,58.0,7.0,정체,126.9837104338048164_37.5702764015435093|126.9830485481293891_37.5702800768006568
2026-09-04T18:34:05.570303+09:00,종로·청계 관광특구,종로·청계 관광특구,POI006,KEY_3,1000001605,종로,1000011003,종로4가사거리,126.9977066575793003_37.5706842868909874,1000010400,종로4가,126.9969798514767092_37.5706375452027856,64.0,15.0,서행,126.9969798514767092_37.5706375452027856|126.9977066575793003_37.5706842868909874
2026-09-04T18:34:05.570303+09:00,종로·청계 관광특구,종로·청계 관광특구,POI006,KEY_3,1000000301,종로,1000081900,종로1가 82-2,126.9798999832241719_37.5701535606807582,1000008607,종로구청입구교차로,126.9793805233784241_37.5701494116837509,46.0,7.0,정체,126.9793805233784241_37.5701494116837509|126.9798999832241719_37.5701535606807582
2026-09-04T18:34:05.570303+09:00,종로·청계 관광특구,종로·청계 관광특구,POI006,KEY_3,1000000303,종로,1000008703,종로1가사거리,126.9828971865418197_37.5701731264087542,1000007700,종로1가,126.9822109960776402_37.5701758601934444,61.0,6.0,정체,126.9822109960776402_37.5701758601934444|126.9824008620181672_37.5701779915733454|126.9828971865418197_37.5701731264087542
2026-09-04T18:34:05.570303+09:00,종로·청계 관광특구,종로·청계 관광특구,POI006,KEY_3,1000000401,종로,1000008606,종로구청입구교차로,126.9793844377634713_37.5702575676490582,1000008905,SK빌딩,126.9809530025248421_37.5702700889503021,139.0,7.0,정체,126.9809530025248421_37.5702700889503021|126.9798986206276368_37.5702616744867512|126.9793844377634713_37.5702575676490582
2026-09-04T18:34:05.570303+09:00,종로·청계 관광특구,종로·청계 관광특구,POI006,KEY_3,1000000503,종로,1000009101,종각지하쇼핑센터,126.9858227292488380_37.5702608423529298,1000008504,종로2가교차로,126.9876156819137520_37.5702574924147754,158.0,12.0,정체,126.9876156819137520_37.5702574924147754|126.9871453036203235_37.5702428823229511|126.9869246551587310_37.5702458796709990|126.9858227292488380_37.5702608423529298
2026-09-04T18:34:05.570303+09:00,종로·청계 관광특구,종로·청계 관광특구,POI006,KEY_3,1000000601,종로,1000007800,종로1가,126.9837094850009294_37.5701682846705296,1000008702,종로1가사거리,126.9830343185050481_37.5701720336345346,60.0,7.0,정체,126.9830343185050481_37.5701720336345346|126.9837094850009294_37.5701682846705296
2026-09-04T18:34:05.570303+09:00,종로·청계 관광특구,종로·청계 관광특구,POI006,KEY_3,1000000602,종로,1000231400,종로2가 1-2,126.9840862081807984_37.5701661909693030,1000007800,종로1가,126.9837094850009294_37.5701682846705296,33.0,5.0,정체,126.9837094850009294_37.5701682846705296|126.9840862081807984_37.5701661909693030
2026-09-04T18:34:05.570303+09:00,종로·청계 관광특구,종로·청계 관광특구,POI006,KEY_3,1000000603,종로,1000181900,종로2가 84-11,126.9869223374955283_37.5701377759501440,1000009102,종각지하쇼핑센터,126.9858204131049462_37.5701527379884581,97.0,7.0,정체,126.9858204131049462_37.5701527379884581|126.9869223374955283_37.5701377759501440
2026-09-04T18:34:05.570303+09:00,종로·청계 관광특구,종로·청계 관광특구,POI006,KEY_3,1000001102,종로,1000009401,육의전박물관,126.9894911528416657_37.5703440400947173,1000009804,종로3가사거리,126.9920644385376676_37.5704709834989146,228.0,10.0,정체,126.9920644385376676_37.5704709834989146|126.9894911528416657_37.5703440400947173
2026-09-04T18:34:05.570303+09:00,종로·청계 관광특구,종로·청계 관광특구,POI006,KEY_3,1000001201,종로,1000151200,종로2가 34-2,126.9885296395007401_37.5701839568255025,1000008502,종로2가교차로,126.9877530838436002_37.5701530192531123,69.0,35.0,원활,126.9877530838436002_37.5701530192531123|126.9881077158716209_37.5701611205547650|126.9885296395007401_37.5701839568255025
2026-09-04T18:34:05.570303+09:00,종로·청계 관광특구,종로·청계 관광특구,POI006,KEY_3,1000001202,종로,1000009803,종로3가사거리,126.9920772085238099_37.5703632864036052,1000009402,육의전박물관,126.9894997373196901_37.5702361366249775,228.0,14.0,정체,126.9894997373196901_37.5702361366249775|126.9920772085238099_37.5703632864036052
2026-09-04T18:34:05.570303+09:00,종로·청계 관광특구,종로·청계 관광특구,POI006,KEY_3,1000001301,종로,1000009001,세종대로사거리,126.9771187019505163_37.5702314111293560,1000009700,종로1가1-3,126.9777559525715844_37.5702421551131351,56.0,5.0,정체,126.9777559525715844_37.5702421551131351|126.9771187019505163_37.5702314111293560
2026-09-04T18:34:05.570303+09:00,종로·청계 관광특구,종로·청계 관광특구,POI006,KEY_3,1000001302,종로,1000009700,종로1가1-3,126.9777559525715844_37.5702421551131351,1000008804,광화문우체국,126.9784336631558119_37.5702494972367163,60.0,7.0,정체,126.9784336631558119_37.5702494972367163|126.9779432056922133_37.5702453112944994|126.9777559525715844_37.5702421551131351
2026-09-04T18:34:05.570303+09:00,종로·청계 관광특구,종로·청계 관광특구,POI006,KEY_3,1000001303,종로,1000008801,광화문우체국,126.9785701334498214_37.5702506615867833,1000008609,종로구청입구교차로,126.9792481536049564_37.5702564438606927,60.0,10.0,정체,126.9792481536049564_37.5702564438606927|126.9785701334498214_37.5702506615867833
2026-09-04T18:34:05.570303+09:00,종로·청계 관광특구,종로·청계 관광특구,POI006,KEY_3,1000001401,종로,1000008000,동아일보사,126.9777588281918099_37.5701340596360964,1000009002,세종대로사거리,126.9770959172438580_37.5701228829325231,59.0,8.0,정체,126.9770959172438580_37.5701228829325231|126.9777588281918099_37.5701340596360964
2026-09-04T18:34:05.570303+09:00,종로·청계 관광특구,종로·청계 관광특구,POI006,KEY_3,1000001402,종로,1000008803,광화문우체국,126.9784351192109852_37.5701413844145975,1000008000,동아일보사,126.9777588281918099_37.5701340596360964,60.0,7.5,정체,126.9777588281918099_37.5701340596360964|126.9779453713088060_37.5701372048683524|126.9784351192109852_37.5701413844145975
2026-09-04T18:34:05.570303+09:00,종로·청계 관광특구,종로·청계 관광특구,POI006,KEY_3,1000001403,종로,1000008608,종로구청입구교차로,126.9792446499360778_37.5701482878816435,1000008802,광화문우체국,126.9785715892256235_37.5701425486416056,59.0,8.0,정체,126.9785715892256235_37.5701425486416056|126.9792446499360778_37.5701482878816435
2026-09-04T18:34:05.570303+09:00,종로·청계 관광특구,종로·청계 관광특구,POI006,KEY_3,1000001501,종로,1000009801,종로3가사거리,126.9922000608216308_37.5704778715046643,1000010004,종묘공원,126.9937102608658108_37.5705569291297934,134.0,5.0,정체,126.9937102608658108_37.5705569291297934|126.9932582925197551_37.5705332710333550|126.9922000608216308_37.5704778715046643
2026-09-04T18:34:05.570303+09:00,종로·청계 관광특구,종로·청계 관광특구,POI006,KEY_3,1000001601,종로,1000161000,종로3가 45-4,126.9932672065188228_37.5704253845720260,1000009802,종로3가사거리,126.9922128288669825_37.5703701868235100,93.0,33.0,원활,126.9922128288669825_37.5703701868235100|126.9932672065188228_37.5704253845720260
2026-09-04T18:34:05.570303+09:00,종로·청계 관광특구,종로·청계 관광특구,POI006,KEY_3,1000001603,종로,1000010400,종로4가,126.9969798514767092_37.5706375452027856,1000010102,세운상가,126.9951427308156298_37.5705198714942412,163.0,18.0,서행,126.9951427308156298_37.5705198714942412|126.9958457643039083_37.5705598683717241|126.9963745621010816_37.5705960239034340|126.9965100719281992_37.5706053072005162|126.9969798514767092_37.5706375452027856
2026-09-04T18:34:05.570303+09:00,종로·청계 관광특구,종로·청계 관광특구,POI006,KEY_3,1000002001,종로,1000245300,종로5가 82-1,127.0027233485987352_37.5709694752928485,1000011202,종로5가사거리,127.0019976949529052_37.5709492579211854,64.0,6.0,정체,127.0019976949529052_37.5709492579211854|127.0026822738535230_37.5709687051739039|127.0027233485987352_37.5709694752928485
2026-09-04T18:34:05.570303+09:00,종로·청계 관광특구,종로·청계 관광특구,POI006,KEY_3,1000002201,종로,1000176600,창신동 442-1,127.0108777515568477_37.5716621493242968,1000011702,흥인지문사거리,127.0091495968440398_37.5713227254486739,158.0,11.0,정체,127.0091495968440398_37.5713227254486739|127.0092723977128770_37.5713674394156811|127.0094846006979310_37.5714183224799285|127.0097878732437096_37.5714751424867188|127.0103298320711360_37.5715766797035471|127.0103586021919568_37.5715820697737044|127.0108233682804553_37.5716512389232733|127.0108777515568477_37.5716621493242968
2026-09-04T18:34:05.570303+09:00,종로·청계 관광특구,종로·청계 관광특구,POI006,KEY_3,1000002401,종로,1000203200,숭인동 282-1,127.0165578114239366_37.5732025866726858,1000014102,동묘앞역사거리,127.0157090127315769_37.5729851199764937,79.0,18.0,서행,127.0157090127315769_37.5729851199764937|127.0165578114239366_37.5732025866726858
2026-09-04T18:34:05.570303+09:00,종로·청계 관광특구,종로·청계 관광특구,POI006,KEY_3,1000002701,청계천로,1010032701,청계2가,126.9877539783027771_37.5682760807968279,1000006602,관수동 152-2,126.9894972350662528_37.5683104742400360,154.0,6.7,정체,126.9894972350662528_37.5683104742400360|126.9885265106382519_37.5682545626433182|126.9880976408843622_37.5682583350004933|126.9877539783027771_37.5682760807968279
2026-09-04T18:34:05.570303+09:00,종로·청계 관광특구,종로·청계 관광특구,POI006,KEY_3,1000002702,청계천로,1000006601,관수동 91-4,126.9896326598155412_37.5683193140372680,1000001602,청계3가사거리,126.9922843827072825_37.5685127633063871,235.0,9.0,정체,126.9922843827072825_37.5685127633063871|126.9896326598155412_37.5683193140372680
2026-09-04T18:34:05.570303+09:00,종로·청계 관광특구,종로·청계 관광특구,POI006,KEY_3,1000003001,청계천로,1010033701,광교사거리,126.9828472617604831_37.5690310653232729,1000006702,동광빌딩,126.9856496555834724_37.5685348675876654,254.0,4.0,정체,126.9856496555834724_37.5685348675876654|126.9845929724430675_37.5687445528897968|126.9830379501262456_37.5690132418433791|126.9828472617604831_37.5690310653232729
2026-09-04T18:34:05.570303+09:00,종로·청계 관광특구,종로·청계 관광특구,POI006,KEY_3,1000003002,청계천로,1000006701,동광빌딩,126.9857835455856332_37.5685053538768585,1010032702,청계2가,126.9876182832415594_37.5682809508841231,165.0,4.0,정체,126.9876182832415594_37.5682809508841231|126.9873100375229313_37.5682871695245453|126.9868524145434350_37.5683023760080914|126.9865577109127059_37.5683366707556416|126.9863804072084292_37.5683652570468496|126.9861647659198667_37.5684129099601307|126.9857835455856332_37.5685053538768585
2026-09-04T18:34:05.570303+09:00,종로·청계 관광특구,종로·청계 관광특구,POI006,KEY_3,1000003101,청계천로,1000001601,청계3가사거리,126.9924197004040280_37.5685221720677589,1000006802,세운교,126.9952943683145179_37.5687121004089306,255.0,7.0,정체,126.9952943683145179_37.5687121004089306|126.9924197004040280_37.5685221720677589
2026-09-04T18:34:05.570303+09:00,종로·청계 관광특구,종로·청계 관광특구,POI006,KEY_3,1000003102,청계천로,1000006802,세운교,126.9952943683145179_37.5687121004089306,1010034002,청계4가사거리,126.9978567741960518_37.5690141197168899,229.0,14.0,정체,126.9978567741960518_37.5690141197168899|126.9977196243080755_37.5689778939568413|126.9973817991979672_37.5689244876432014|126.9962389430763210_37.5687890515443357|126.9952943683145179_37.5687121004089306
2026-09-04T18:34:05.570303+09:00,종로·청계 관광특구,종로·청계 관광특구,POI006,KEY_3,1000003400,청계천로,1010034301,무교동사거리,126.9793440155466442_37.5692674718774171,1010033702,광교사거리,126.9827120922386285_37.5690419071249693,299.0,13.0,정체,126.9827120922386285_37.5690419071249693|126.9793440155466442_37.5692674718774171
2026-09-04T18:34:05.570303+09:00,종로·청계 관광특구,종로·청계 관광특구,POI006,KEY_3,1000003801,청계천로,1000031000,청계광장,126.9770921904126482_37.5694157550093379,1000007002,동아일보사,126.9783460265061024_37.5693222473721278,111.0,3.0,정체,126.9783460265061024_37.5693222473721278|126.9773834142662849_37.5693879956262435|126.9770921904126482_37.5694157550093379
2026-09-04T18:34:05.570303+09:00,종로·청계 관광특구,종로·청계 관광특구,POI006,KEY_3,1000003802,청계천로,1000007001,동아일보사,126.9784814758997982_37.5693140408546356,1010034302,무교동사거리,126.9792084451945726_37.5692755952973627,64.0,2.0,정체,126.9792084451945726_37.5692755952973627|126.9784814758997982_37.5693140408546356
2026-09-04T18:34:05.570303+09:00,종로·청계 관광특구,종로·청계 관광특구,POI006,KEY_3,1000003900,삼일대로,1000151000,관철동 268,126.9876175548289154_37.5696044234772373,1000008503,종로2가교차로,126.9876172549084856_37.5701493398525912,60.0,17.0,서행,126.9876172549084856_37.5701493398525912|126.9876175548289154_37.5696044234772373
2026-09-04T18:34:05.570303+09:00,종로·청계 관광특구,종로·청계 관광특구,POI006,KEY_3,1000004000,삼일대로,1000151100,종로2가 84-11,126.9877533452622771_37.5696044693991666,1010032701,청계2가,126.9877539783027771_37.5682760807968279,147.0,9.0,정체,126.9877539783027771_37.5682760807968279|126.9877537065576405_37.5688463253598712|126.9877535398068744_37.5691962384911236|126.9877533452622771_37.5696044693991666
2026-09-04T18:34:05.570303+09:00,종로·청계 관광특구,종로·청계 관광특구,POI006,KEY_3,1000004300,청계천로,1010034001,청계4가사거리,126.9979899258223242_37.5690487214556867,1010035002,청계5가,127.0019528507516640_37.5697976426441400,360.0,10.8,정체,127.0019528507516640_37.5697976426441400|127.0017358863905201_37.5697659409256488|127.0000347507350966_37.5694727355165128|126.9982497711816194_37.5691151390471632|126.9979899258223242_37.5690487214556867
2026-09-04T18:34:05.570303+09:00,종로·청계 관광특구,종로·청계 관광특구,POI006,KEY_3,1000004601,충무로,1000001601,청계3가사거리,126.9924197004040280_37.5685221720677589,1010032601,청계3가사거리,126.9924532079404145_37.5682271426007404,33.0,3.0,정체,126.9924532079404145_37.5682271426007404|126.9924197004040280_37.5685221720677589
2026-09-04T18:34:05.570303+09:00,종로·청계 관광특구,종로·청계 관광특구,POI006,KEY_3,1000004602,돈화문로,1000009802,종로3가사거리,126.9922128288669825_37.5703701868235100,1000001601,청계3가사거리,126.9924197004040280_37.5685221720677589,206.0,4.0,정체,126.9924197004040280_37.5685221720677589|126.9923429257738547_37.5692728725519558|126.9923404394218522_37.5692938442209439|126.9922128288669825_37.5703701868235100
2026-09-04T18:34:05.570303+09:00,종로·청계 관광특구,종로·청계 관광특구,POI006,KEY_3,1000004701,우정국로,1010033702,광교사거리,126.9827120922386285_37.5690419071249693,1000007200,종로1가,126.9827935302844111_37.5696197701673924,65.0,12.5,정체,126.9827935302844111_37.5696197701673924|126.9827458886658889_37.5693654356143227|126.9827120922386285_37.5690419071249693
2026-09-04T18:34:05.570303+09:00,종로·청계 관광특구,종로·청계 관광특구,POI006,KEY_3,1000004702,우정국로,1000007200,종로1가,126.9827935302844111_37.5696197701673924,1000008703,종로1가사거리,126.9828971865418197_37.5701731264087542,62.0,11.0,정체,126.9828971865418197_37.5701731264087542|126.9827935302844111_37.5696197701673924
2026-09-04T18:34:05.570303+09:00,종로·청계 관광특구,종로·청계 관광특구,POI006,KEY_3,1000004801,우정국로,1000007100,종로1가,126.9829278791696936_37.5696038258341787,1010033701,광교사거리,126.9828472617604831_37.5690310653232729,64.0,7.0,정체,126.9828472617604831_37.5690310653232729|126.9828808883077329_37.5693529710736058|126.9829278791696936_37.5696038258341787
2026-09-04T18:34:05.570303+09:00,종로·청계 관광특구,종로·청계 관광특구,POI006,KEY_3,1000004802,우정국로,1000008702,종로1가사거리,126.9830343185050481_37.5701720336345346,1000007100,종로1가,126.9829278791696936_37.5696038258341787,64.0,4.0,정체,126.9829278791696936_37.5696038258341787|126.9830343185050481_37.5701720336345346
2026-09-04T18:34:05.570303+09:00,종로·청계 관광특구,종로·청계 관광특구,POI006,KEY_3,1000005000,무교로,1000008607,종로구청입구교차로,126.9793805233784241_37.5701494116837509,1010034301,무교동사거리,126.9793440155466442_37.5692674718774171,98.0,7.0,정체,126.9793440155466442_37.5692674718774171|126.9793805233784241_37.5701494116837509
2026-09-04T18:34:05.570303+09:00,종로·청계 관광특구,종로·청계 관광특구,POI006,KEY_3,1000005301,청계천로,1010035001,청계5가,127.0020881246934152_37.5698075774404145,1000031402,버들다리(북측),127.0066778573984863_37.5698145407186601,405.0,17.0,서행,127.0066778573984863_37.5698145407186601|127.0020881246934152_37.5698075774404145
2026-09-04T18:34:05.570303+09:00,종로·청계 관광특구,종로·청계 관광특구,POI006,KEY_3,1000005302,청계천로,1000031401,버들다리(북측),127.0068104529230624_37.5697993350473567,1010035102,청계6가사거리,127.0096210652811237_37.5699440857354006,249.0,18.0,서행,127.0096210652811237_37.5699440857354006|127.0093543827214120_37.5699514872757661|127.0068104529230624_37.5697993350473567
2026-09-04T18:34:05.570303+09:00,종로·청계 관광특구,종로·청계 관광특구,POI006,KEY_3,1000005501,창경궁로,1010034002,청계4가사거리,126.9978567741960518_37.5690141197168899,1000009200,종로4가,126.9977510820364870_37.5702192149541574,134.0,9.0,정체,126.9977510820364870_37.5702192149541574|126.9977619635523922_37.5701052996103186|126.9977928254472488_37.5697501122231543|126.9978567741960518_37.5690141197168899
2026-09-04T18:34:05.570303+09:00,종로·청계 관광특구,종로·청계 관광특구,POI006,KEY_3,1000005502,창경궁로,1000009200,종로4가,126.9977510820364870_37.5702192149541574,1000011003,종로4가사거리,126.9977066575793003_37.5706842868909874,52.0,6.0,정체,126.9977066575793003_37.5706842868909874|126.9977510820364870_37.5702192149541574
2026-09-04T18:34:05.570303+09:00,종로·청계 관광특구,종로·청계 관광특구,POI006,KEY_3,1000005700,청계천로,1000256400,최소노드배치점,127.0127816976351198_37.5699685404101658,1010035202,청계7가사거리,127.0158040936899226_37.5700110354399825,267.0,13.0,정체,127.0158040936899226_37.5700110354399825|127.0155094115753371_37.5699917344054910|127.0127816976351198_37.5699685404101658
2026-09-04T18:34:05.570303+09:00,종로·청계 관광특구,종로·청계 관광특구,POI006,KEY_3,1000005900,동호로,1000080900,종로5가 194-1,127.0019049283621939_37.5704023856927236,1000011203,종로5가사거리,127.0018619903622010_37.5709442212742246,60.0,7.0,정체,127.0018619903622010_37.5709442212742246|127.0019049283621939_37.5704023856927236
2026-09-04T18:34:05.570303+09:00,종로·청계 관광특구,종로·청계 관광특구,POI006,KEY_3,1000006000,동호로,1000081000,종로5가 194-1,127.0020404728760326_37.5704091886523841,1010035001,청계5가,127.0020881246934152_37.5698075774404145,67.0,7.0,정체,127.0020881246934152_37.5698075774404145|127.0020404728760326_37.5704091886523841
2026-09-04T18:34:05.570303+09:00,종로·청계 관광특구,종로·청계 관광특구,POI006,KEY_3,1000006101,율곡로,1010035102,청계6가사거리,127.0096210652811237_37.5699440857354006,1000009900,흥인지문,127.0093873462230221_37.5706631809010148,83.0,12.0,정체,127.0093873462230221_37.5706631809010148|127.0094292652047443_37.5705741772424844|127.0094975291804218_37.5704036160553798|127.0095564087739035_37.5702141995526446|127.0096210652811237_37.5699440857354006
2026-09-04T18:34:05.570303+09:00,종로·청계 관광특구,종로·청계 관광특구,POI006,KEY_3,1000006102,율곡로,1000009900,흥인지문,127.0093873462230221_37.5706631809010148,1000011703,흥인지문사거리,127.0090256024343631_37.5712778950010033,75.0,16.0,서행,127.0090256024343631_37.5712778950010033|127.0091075737013711_37.5711579258072774|127.0092355138361029_37.5709579814170240|127.0093370098156385_37.5707700537480775|127.0093873462230221_37.5706631809010148
2026-09-04T18:34:05.570303+09:00,종로·청계 관광특구,종로·청계 관광특구,POI006,KEY_3,1000006200,율곡로,1000011702,흥인지문사거리,127.0091495968440398_37.5713227254486739,1010035101,청계6가사거리,127.0097583244985060_37.5699427587399839,163.0,5.0,정체,127.0097583244985060_37.5699427587399839|127.0096891857815962_37.5702372118649492|127.0096283139498468_37.5704330409796157|127.0095576557767316_37.5706095859452489|127.0095145373694692_37.5707011341562094|127.0094630728513749_37.5708104028937200|127.0093585611355422_37.5710039143764831|127.0092277816811901_37.5712082974230555|127.0091495968440398_37.5713227254486739
2026-09-04T18:34:05.570303+09:00,종로·청계 관광특구,종로·청계 관광특구,POI006,KEY_3,1000006702,종로3길,1000008609,종로구청입구교차로,126.9792481536049564_37.5702564438606927,1000008604,KT광화문빌딩East,126.9792392182412755_37.5711995824609417,105.0,6.5,정체,126.9792392182412755_37.5711995824609417|126.9792562098357678_37.5705013662105856|126.9792481536049564_37.5702564438606927
2026-09-04T18:34:05.570303+09:00,종로·청계 관광특구,종로·청계 관광특구,POI006,KEY_3,1000006801,종로3길,1000008603,KT광화문빌딩East,126.9793750304311573_37.5712016763059680,1000008606,종로구청입구교차로,126.9793844377634713_37.5702575676490582,105.0,8.0,정체,126.9793844377634713_37.5702575676490582|126.9793920781041692_37.5705010629446505|126.9793750304311573_37.5712016763059680
2026-09-04T18:34:05.570303+09:00,종로·청계 관광특구,종로·청계 관광특구,POI006,KEY_3,1000007100,돈화문로,1000145800,묘동 20-5,126.9916684242814142_37.5719817889873724,1000013303,묘동사거리,126.9914801613035706_37.5725495704926047,65.0,13.0,정체,126.9914801613035706_37.5725495704926047|126.9916684242814142_37.5719817889873724
2026-09-04T18:34:05.570303+09:00,종로·청계 관광특구,종로·청계 관광특구,POI006,KEY_3,1000007200,돈화문로,1000059400,묘동 20-5,126.9921535095209890_37.5708464956724839,1000009801,종로3가사거리,126.9922000608216308_37.5704778715046643,41.0,12.5,정체,126.9922000608216308_37.5704778715046643|126.9921602362403092_37.5708137185849509|126.9921535095209890_37.5708464956724839
2026-09-04T18:34:05.570303+09:00,종로·청계 관광특구,종로·청계 관광특구,POI006,KEY_3,1000022600,수표로,1000108100,관수동 14-2,126.9894314284546084_37.5692594329428573,1000009403,육의전박물관,126.9893641825799904_37.5702291213036688,108.0,10.0,정체,126.9893641825799904_37.5702291213036688|126.9894314284546084_37.5692594329428573
2026-09-04T18:34:05.570303+09:00,종로·청계 관광특구,종로·청계 관광특구,POI006,KEY_3,1000022700,수표로,1000108200,관수동 137-1,126.9895670546993642_37.5692653917909638,1000006601,관수동 91-4,126.9896326598155412_37.5683193140372680,105.0,13.0,정체,126.9896326598155412_37.5683193140372680|126.9895670546993642_37.5692653917909638
2026-09-04T18:34:05.570303+09:00,종로·청계 관광특구,종로·청계 관광특구,POI006,KEY_3,1000023500,종로,1000007002,동아일보사,126.9783460265061024_37.5693222473721278,1000008803,광화문우체국,126.9784351192109852_37.5701413844145975,91.0,4.0,정체,126.9784351192109852_37.5701413844145975|126.9783460265061024_37.5693222473721278
2026-09-04T18:34:05.570303+09:00,종로·청계 관광특구,종로·청계 관광특구,POI006,KEY_3,1000023600,종로,1000007200,종로1가,126.9827935302844111_37.5696197701673924,1000007700,종로1가,126.9822109960776402_37.5701758601934444,90.0,12.0,정체,126.9822109960776402_37.5701758601934444|126.9823538247533747_37.5701681727122576|126.9825335459648414_37.5700690295792086|126.9826437791460876_37.5699908547526107|126.9827324536877029_37.5698897904859521|126.9827899849345840_37.5697677437382040|126.9827935302844111_37.5696197701673924
2026-09-04T18:34:05.570303+09:00,종로·청계 관광특구,종로·청계 관광특구,POI006,KEY_3,1000023700,종로,1000007800,종로1가,126.9837094850009294_37.5701682846705296,1000007100,종로1가,126.9829278791696936_37.5696038258341787,103.0,7.0,정체,126.9829278791696936_37.5696038258341787|126.9830032097695494_37.5698402452960423|126.9830990215400703_37.5699604067910897|126.9831924475550267_37.5700347972999680|126.9833242130892046_37.5700939366007987|126.9834847309357855_37.5701511723724835|126.9837094850009294_37.5701682846705296
2026-09-04T18:34:05.570303+09:00,종로·청계 관광특구,종로·청계 관광특구,POI006,KEY_3,1000023900,종로,1000008000,동아일보사,126.9777588281918099_37.5701340596360964,1000007400,청계천광장,126.9770893091757529_37.5695834801641908,91.0,8.5,정체,126.9770893091757529_37.5695834801641908|126.9770963075021939_37.5696479702720865|126.9772094321437663_37.5697743360528662|126.9773459521211265_37.5699388507560457|126.9774735034476549_37.5700533015790512|126.9775723207871607_37.5701062430602590|126.9777588281918099_37.5701340596360964
2026-09-04T18:34:05.570303+09:00,종로·청계 관광특구,종로·청계 관광특구,POI006,KEY_3,1000024200,종로40길,1000056800,종로6가 94-1,127.0066606069363075_37.5704117265212076,1000011403,종로6가,127.0066422217709032_37.5710481835517882,71.0,6.0,정체,127.0066422217709032_37.5710481835517882|127.0066606069363075_37.5704117265212076
2026-09-04T18:34:05.570303+09:00,종로·청계 관광특구,종로·청계 관광특구,POI006,KEY_3,1000024600,종로,1000009200,종로4가,126.9977510820364870_37.5702192149541574,1000010400,종로4가,126.9969798514767092_37.5706375452027856,82.0,12.0,정체,126.9969798514767092_37.5706375452027856|126.9977510820364870_37.5702192149541574
2026-09-04T18:34:05.570303+09:00,종로·청계 관광특구,종로·청계 관광특구,POI006,KEY_3,1000025300,종로,1000009900,흥인지문,127.0093873462230221_37.5706631809010148,1000011300,동대문역10번출구,127.0080672314708750_37.5710785300975587,130.0,16.0,서행,127.0080672314708750_37.5710785300975587|127.0085333891818209_37.5710486383400308|127.0087654958763324_37.5709979628760777|127.0089601650943791_37.5709413315209986|127.0091211384305581_37.5708727822850008|127.0093873462230221_37.5706631809010148
2026-09-04T18:34:05.570303+09:00,종로·청계 관광특구,종로·청계 관광특구,POI006,KEY_3,1000028300,서순라길,1000179700,묘동 164-2,126.9918986546224602_37.5725528238137017,1000013302,묘동사거리,126.9916200024151749_37.5725515277908357,25.0,10.0,정체,126.9916200024151749_37.5725515277908357|126.9918986546224602_37.5725528238137017
2026-09-04T18:34:05.570303+09:00,종로·청계 관광특구,종로·청계 관광특구,POI006,KEY_3,1000044900,종로,1000031300,종로4가,126.9985532581453924_37.5707449132439208,1000031200,종로4가,126.9978863472252044_37.5702292896807890,82.0,7.0,정체,126.9978863472252044_37.5702292896807890|126.9985532581453924_37.5707449132439208
2026-09-04T18:34:05.570303+09:00,종로·청계 관광특구,종로·청계 관광특구,POI006,KEY_3,1000047200,지봉로,1000074500,창신동 397-6,127.0157169552058747_37.5712846872494310,1000014103,동묘앞역사거리,127.0155780893531698_37.5729481588667227,185.0,5.5,정체,127.0155780893531698_37.5729481588667227|127.0156159971831329_37.5727174560925832|127.0156606543816764_37.5720471206749451|127.0156947959210640_37.5715847731665988|127.0157169552058747_37.5712846872494310
2026-09-04T18:34:05.570303+09:00,종로·청계 관광특구,종로·청계 관광특구,POI006,KEY_3,1010016504,삼일대로,1010032102,청계2가교차로,126.9875991297301567_37.5679809831949356,1010032702,청계2가,126.9876182832415594_37.5682809508841231,33.0,8.0,정체,126.9876182832415594_37.5682809508841231|126.9875991297301567_37.5679809831949356
2026-09-04T18:34:05.570303+09:00,종로·청계 관광특구,종로·청계 관광특구,POI006,KEY_3,1010016603,삼일대로,1010032701,청계2가,126.9877539783027771_37.5682760807968279,1010032101,청계2가교차로,126.9877349955711310_37.5679787776906622,33.0,5.0,정체,126.9877349955711310_37.5679787776906622|126.9877539783027771_37.5682760807968279
2026-09-04T18:34:05.570303+09:00,종로·청계 관광특구,종로·청계 관광특구,POI006,KEY_3,1010016903,우정국로,1010033402,광교교차로,126.9826972926992426_37.5687326607183465,1010033702,광교사거리,126.9827120922386285_37.5690419071249693,34.0,12.0,정체,126.9827120922386285_37.5690419071249693|126.9826972926992426_37.5687326607183465
2026-09-04T18:34:05.570303+09:00,종로·청계 관광특구,종로·청계 관광특구,POI006,KEY_3,1010017003,우정국로,1010033701,광교사거리,126.9828472617604831_37.5690310653232729,1010033401,광교교차로,126.9828323504512895_37.5687142869809634,35.0,5.0,정체,126.9828323504512895_37.5687142869809634|126.9828472617604831_37.5690310653232729
2026-09-04T18:34:05.570303+09:00,종로·청계 관광특구,종로·청계 관광특구,POI006,KEY_3,1010017103,창경궁로,1010033502,청계4가사거리,126.9978802454382389_37.5687215808426274,1010034002,청계4가사거리,126.9978567741960518_37.5690141197168899,33.0,19.0,서행,126.9978567741960518_37.5690141197168899|126.9978802454382389_37.5687215808426274
2026-09-04T18:34:05.570303+09:00,종로·청계 관광특구,종로·청계 관광특구,POI006,KEY_3,1010017305,율곡로,1010034702,청계6가사거리,127.0096736759349909_37.5696339498216076,1010035102,청계6가사거리,127.0096210652811237_37.5699440857354006,35.0,16.0,서행,127.0096210652811237_37.5699440857354006|127.0096736759349909_37.5696339498216076
2026-09-04T18:34:05.570303+09:00,종로·청계 관광특구,종로·청계 관광특구,POI006,KEY_3,1010017406,율곡로,1010035101,청계6가사거리,127.0097583244985060_37.5699427587399839,1010034701,청계6가사거리,127.0098099727011487_37.5696292980751281,35.0,3.0,정체,127.0098099727011487_37.5696292980751281|127.0097583244985060_37.5699427587399839
2026-09-04T18:34:05.570303+09:00,종로·청계 관광특구,종로·청계 관광특구,POI006,KEY_3,1010017602,무교로,1010034301,무교동사거리,126.9793440155466442_37.5692674718774171,1010034101,무교동사거리,126.9793610650683036_37.5689718470786644,33.0,2.0,정체,126.9793610650683036_37.5689718470786644|126.9793440155466442_37.5692674718774171
2026-09-04T18:34:05.570303+09:00,종로·청계 관광특구,종로·청계 관광특구,POI006,KEY_3,1010018304,동호로,1010034602,청계5가교차로,127.0019837396539657_37.5694814402428676,1010035002,청계5가,127.0019528507516640_37.5697976426441400,35.0,4.0,정체,127.0019528507516640_37.5697976426441400|127.0019837396539657_37.5694814402428676
2026-09-04T18:34:05.570303+09:00,종로·청계 관광특구,종로·청계 관광특구,POI006,KEY_3,1010018404,동호로,1010035001,청계5가,127.0020881246934152_37.5698075774404145,1010034601,청계5가교차로,127.0021191180861280_37.5694902995239062,35.0,7.0,정체,127.0021191180861280_37.5694902995239062|127.0020881246934152_37.5698075774404145
2026-09-04T18:34:05.570303+09:00,홍대 관광특구,홍대 관광특구,POI007,KEY_4,1130016002,홍익로,1130119400,동교동 155-55,126.9224863431878845_37.5544561207342085,1130005306,속성변화점,126.9226010481489340_37.5543580239452197,15.0,7.0,정체,126.9226010481489340_37.5543580239452197|126.9224863431878845_37.5544561207342085
2026-09-04T18:34:05.570303+09:00,홍대 관광특구,홍대 관광특구,POI007,KEY_4,1120004701,연희로,1130001804,동교동삼거리,126.9268950567400083_37.5587611086849407,1130032500,동교동삼거리,126.9265306057119460_37.5594558524399389,84.0,14.0,정체,126.9265306057119460_37.5594558524399389|126.9265681925086255_37.5592771793147833|126.9266988610016114_37.5590497894311639|126.9268950567400083_37.5587611086849407
2026-09-04T18:34:05.570303+09:00,홍대 관광특구,홍대 관광특구,POI007,KEY_4,1130001505,양화로,1130052000,합정역8번출구,126.9125610162048474_37.5489924297706352,1130021604,합정역교차로,126.9133271355590011_37.5492481379057494,74.0,19.0,서행,126.9133271355590011_37.5492481379057494|126.9131511937065824_37.5491581588815038|126.9128784491420845_37.5490701385518264|126.9125610162048474_37.5489924297706352
2026-09-04T18:34:05.570303+09:00,홍대 관광특구,홍대 관광특구,POI007,KEY_4,1130001606,양화로,1130021603,합정역교차로,126.9133979744090510_37.5491558635704337,1130021800,합정역8번출구,126.9126009251802998_37.5488890850710817,77.0,7.0,정체,126.9126009251802998_37.5488890850710817|126.9129239950553085_37.5489681728266333|126.9132139348755288_37.5490617432278029|126.9133979744090510_37.5491558635704337
2026-09-04T18:34:05.570303+09:00,홍대 관광특구,홍대 관광특구,POI007,KEY_4,1130002101,양화로,1130021601,합정역교차로,126.9134396891751067_37.5493101529960995,1130022800,합정역(서울2호선),126.9139380043217500_37.5496171809286139,56.0,6.0,정체,126.9139380043217500_37.5496171809286139|126.9138232146117105_37.5495337692831868|126.9134396891751067_37.5493101529960995
2026-09-04T18:34:05.570303+09:00,홍대 관광특구,홍대 관광특구,POI007,KEY_4,1130002102,양화로,1130022800,합정역(서울2호선),126.9139380043217500_37.5496171809286139,1130024304,누아갤러리,126.9154925570157388_37.5507467776258252,186.0,6.0,정체,126.9154925570157388_37.5507467776258252|126.9142500058633658_37.5498438974214181|126.9139380043217500_37.5496171809286139
2026-09-04T18:34:05.570303+09:00,홍대 관광특구,홍대 관광특구,POI007,KEY_4,1130002103,양화로,1130061000,서교동 427,126.9167660297625986_37.5517097625194793,1130025604,서교동사거리,126.9181132815169946_37.5527298448976765,164.0,10.0,정체,126.9181132815169946_37.5527298448976765|126.9171655098772931_37.5520122365821649|126.9167660297625986_37.5517097625194793
2026-09-04T18:34:05.570303+09:00,홍대 관광특구,홍대 관광특구,POI007,KEY_4,1130002201,양화로,1130022400,합정역5번출구,126.9140295476794051_37.5495373218593258,1130021602,합정역교차로,126.9135099145764940_37.5492170875193594,58.0,33.0,원활,126.9135099145764940_37.5492170875193594|126.9139093521257280_37.5494499807109747|126.9140295476794051_37.5495373218593258
2026-09-04T18:34:05.570303+09:00,홍대 관광특구,홍대 관광특구,POI007,KEY_4,1130002202,양화로,1130073600,합정동 402,126.9143415490859326_37.5497640377180701,1130022400,합정역5번출구,126.9140295476794051_37.5495373218593258,37.0,32.0,원활,126.9140295476794051_37.5495373218593258|126.9143415490859326_37.5497640377180701
2026-09-04T18:34:05.570303+09:00,홍대 관광특구,홍대 관광특구,POI007,KEY_4,1130002501,양화로,1130025601,서교동사거리,126.9182122864217916_37.5528038522271572,1130025904,서교동 427,126.9197888664365763_37.5539674961994976,190.0,6.0,정체,126.9197888664365763_37.5539674961994976|126.9185449616588812_37.5530493983241485|126.9182122864217916_37.5528038522271572
2026-09-04T18:34:05.570303+09:00,홍대 관광특구,홍대 관광특구,POI007,KEY_4,1130002502,양화로,1130025901,서교동 427,126.9198881225875368_37.5540412931764607,1130027404,홍대입구역앞교차로,126.9214584654919236_37.5552173006732275,190.0,14.0,정체,126.9214584654919236_37.5552173006732275|126.9198881225875368_37.5540412931764607
2026-09-04T18:34:05.570303+09:00,홍대 관광특구,홍대 관광특구,POI007,KEY_4,1130003701,양화로,1130273800,동교동 155-55,126.9227158165769538_37.5561519142828715,1130030004,홍대입구역(서울2호선),126.9240038282710827_37.5571089892898087,156.0,17.0,서행,126.9240038282710827_37.5571089892898087|126.9227158165769538_37.5561519142828715
2026-09-04T18:34:05.570303+09:00,홍대 관광특구,홍대 관광특구,POI007,KEY_4,1130003702,양화로,1130030001,홍대입구역(서울2호선),126.9241024975835899_37.5571832879291989,1130031303,대성카센터,126.9247680509792247_37.5576912738708160,81.0,16.0,서행,126.9247680509792247_37.5576912738708160|126.9241024975835899_37.5571832879291989
2026-09-04T18:34:05.570303+09:00,홍대 관광특구,홍대 관광특구,POI007,KEY_4,1130003703,양화로,1130260400,동교동 155-54,126.9256281988244410_37.5583324442910680,1130032300,동교동삼거리,126.9260758648074869_37.5586455831952080,53.0,9.0,정체,126.9260758648074869_37.5586455831952080|126.9259516460622734_37.5585781495251254|126.9256756439668692_37.5583677527849815|126.9256281988244410_37.5583324442910680
2026-09-04T18:34:05.570303+09:00,홍대 관광특구,홍대 관광특구,POI007,KEY_4,1130003704,양화로,1130032300,동교동삼거리,126.9260758648074869_37.5586455831952080,1130001804,동교동삼거리,126.9268950567400083_37.5587611086849407,75.0,10.0,정체,126.9268950567400083_37.5587611086849407|126.9268455311802200_37.5587689621708094|126.9267020111609838_37.5587790282963496|126.9265461121104579_37.5587713324019461|126.9263918168373806_37.5587486717422934|126.9262198315530981_37.5587079879979058|126.9260758648074869_37.5586455831952080
2026-09-04T18:34:05.570303+09:00,홍대 관광특구,홍대 관광특구,POI007,KEY_4,1130012504,독막로,1130052100,합정역7번출구,126.9140173730645671_37.5487741682980598,1130021603,합정역교차로,126.9133979744090510_37.5491558635704337,71.0,13.0,정체,126.9133979744090510_37.5491558635704337|126.9135406193636584_37.5489949395947065|126.9136811129909290_37.5488909851792201|126.9137974866256258_37.5488341856604748|126.9139631942102255_37.5487857147723645|126.9140173730645671_37.5487741682980598
2026-09-04T18:34:05.570303+09:00,홍대 관광특구,홍대 관광특구,POI007,KEY_4,1130012601,독막로,1130021602,합정역교차로,126.9135099145764940_37.5492170875193594,1130021400,합정역6번출구,126.9140524865152884_37.5488786114665416,63.0,5.0,정체,126.9140524865152884_37.5488786114665416|126.9140042501253305_37.5488888909759595|126.9138569670299148_37.5489319720761685|126.9137636338956270_37.5489775269032293|126.9136434160954963_37.5490664775041694|126.9135099145764940_37.5492170875193594
2026-09-04T18:34:05.570303+09:00,홍대 관광특구,홍대 관광특구,POI007,KEY_4,1130012604,독막로,1130181200,상수동 309-18,126.9218696837411784_37.5478321154183874,1130004604,상수역앞교차로,126.9229254474764872_37.5478016570923359,93.0,17.0,서행,126.9229254474764872_37.5478016570923359|126.9218696837411784_37.5478321154183874
2026-09-04T18:34:05.570303+09:00,홍대 관광특구,홍대 관광특구,POI007,KEY_4,1130013100,와우산로,1130124200,서교동 406,126.9229920019003544_37.5501657824683832,1130005003,서교동 406,126.9230055961275383_37.5506651939424145,55.0,11.5,정체,126.9230055961275383_37.5506651939424145|126.9229920019003544_37.5501657824683832
2026-09-04T18:34:05.570303+09:00,홍대 관광특구,홍대 관광특구,POI007,KEY_4,1130013701,잔다리로,1130005003,서교동 406,126.9230055961275383_37.5506651939424145,1130024402,태성빌딩,126.9212984594291243_37.5507136993635982,151.0,11.0,정체,126.9212984594291243_37.5507136993635982|126.9217266238917006_37.5507015361146728|126.9221144105031556_37.5506905185719049|126.9230055961275383_37.5506651939424145
2026-09-04T18:34:05.570303+09:00,홍대 관광특구,홍대 관광특구,POI007,KEY_4,1130013702,잔다리로,1130190600,서교동 427,126.9189825850368720_37.5519723209559828,1130025603,서교동사거리,126.9182053202966358_37.5526503262188740,102.0,20.0,서행,126.9182053202966358_37.5526503262188740|126.9189825850368720_37.5519723209559828
2026-09-04T18:34:05.570303+09:00,홍대 관광특구,홍대 관광특구,POI007,KEY_4,1130013801,잔다리로,1130191400,서교동 406,126.9221192536904113_37.5507985694623727,1130005004,서교동 406,126.9230243233857180_37.5507728502407474,80.0,18.0,서행,126.9230243233857180_37.5507728502407474|126.9221192536904113_37.5507985694623727
2026-09-04T18:34:05.570303+09:00,홍대 관광특구,홍대 관광특구,POI007,KEY_4,1130013802,잔다리로,1130078500,서교동 427,126.9207065337273690_37.5508354595409060,1130024404,태성빌딩,126.9211838126956309_37.5508247851285262,42.0,3.0,정체,126.9211838126956309_37.5508247851285262|126.9207065337273690_37.5508354595409060
2026-09-04T18:34:05.570303+09:00,홍대 관광특구,홍대 관광특구,POI007,KEY_4,1130014101,월드컵로,1130021604,합정역교차로,126.9133271355590011_37.5492481379057494,1130022900,합정역9번출구,126.9130418149968449_37.5497885897765329,65.0,7.0,정체,126.9130418149968449_37.5497885897765329|126.9130982247336163_37.5496351327381603|126.9132269055929783_37.5494015408536583|126.9133271355590011_37.5492481379057494
2026-09-04T18:34:05.570303+09:00,홍대 관광특구,홍대 관광특구,POI007,KEY_4,1130014102,월드컵로,1130135600,합정동 402,126.9128188401226964_37.5505027227293695,1130025203,합정동주민센터,126.9124127492584506_37.5518459734548173,153.0,12.0,정체,126.9124127492584506_37.5518459734548173|126.9128188401226964_37.5505027227293695
2026-09-04T18:34:05.570303+09:00,홍대 관광특구,홍대 관광특구,POI007,KEY_4,1130014103,월드컵로,1130076100,합정동 426-38,126.9121437730441926_37.5527273387387908,1130026004,성산초교앞교차로,126.9116840665830637_37.5541751613641424,166.0,26.0,원활,126.9116840665830637_37.5541751613641424|126.9117399457097122_37.5540497782302225|126.9121437730441926_37.5527273387387908
2026-09-04T18:34:05.570303+09:00,홍대 관광특구,홍대 관광특구,POI007,KEY_4,1130014201,월드컵로,1130023000,합정역9번출구,126.9131721455813278_37.5498189592265703,1130021601,합정역교차로,126.9134396891751067_37.5493101529960995,61.0,35.0,원활,126.9134396891751067_37.5493101529960995|126.9133494569869924_37.5494482548088371|126.9132260984452927_37.5496721848271662|126.9131721455813278_37.5498189592265703
2026-09-04T18:34:05.570303+09:00,홍대 관광특구,홍대 관광특구,POI007,KEY_4,1130014202,월드컵로,1130025202,합정동주민센터,126.9125490838489583_37.5518570392708213,1130023000,합정역9번출구,126.9131721455813278_37.5498189592265703,233.0,18.0,서행,126.9131721455813278_37.5498189592265703|126.9131331753272036_37.5499249762533154|126.9129508683919170_37.5505280238880061|126.9125490838489583_37.5518570392708213
2026-09-04T18:34:05.570303+09:00,홍대 관광특구,홍대 관광특구,POI007,KEY_4,1130014203,월드컵로,1130076000,서교동 419-2,126.9122757323099222_37.5527528799291730,1130025201,합정동주민센터,126.9125164449968679_37.5519645743570578,90.0,22.0,서행,126.9125164449968679_37.5519645743570578|126.9124004277404225_37.5523445193010375|126.9122757323099222_37.5527528799291730
2026-09-04T18:34:05.570303+09:00,홍대 관광특구,홍대 관광특구,POI007,KEY_4,1130014501,와우산로,1130065900,서교동 406,126.9239983822778584_37.5526642779511519,1130005305,홍익대앞교차로,126.9241709727699146_37.5528566898356004,26.0,13.0,정체,126.9241709727699146_37.5528566898356004|126.9239983822778584_37.5526642779511519
2026-09-04T18:34:05.570303+09:00,홍대 관광특구,홍대 관광특구,POI007,KEY_4,1130014601,와우산로,1130162700,서교동 406,126.9235886681274508_37.5519414149815205,1130005001,서교동 406,126.9231548424966718_37.5507429936340600,138.0,6.0,정체,126.9231548424966718_37.5507429936340600|126.9232862425119350_37.5511071096942004|126.9235840742390167_37.5519324027044945|126.9235886681274508_37.5519414149815205
2026-09-04T18:34:05.570303+09:00,홍대 관광특구,홍대 관광특구,POI007,KEY_4,1130015300,와우산로,1130068000,서교동 349,126.9297333719006673_37.5544875636568065,1130026604,서교동 349,126.9300858883580219_37.5547938010427984,46.0,13.0,정체,126.9300858883580219_37.5547938010427984|126.9299834944231549_37.5546849402940452|126.9298766861657981_37.5545928751440101|126.9297661535598110_37.5545093833760149|126.9297333719006673_37.5544875636568065
2026-09-04T18:34:05.570303+09:00,홍대 관광특구,홍대 관광특구,POI007,KEY_4,1130015701,잔다리로,1130168500,서교동 427,126.9177057214150892_37.5530785078530158,1130025803,경북신문서울지사,126.9168794495548838_37.5537853595123963,107.0,8.0,정체,126.9168794495548838_37.5537853595123963|126.9177057214150892_37.5530785078530158
2026-09-04T18:34:05.570303+09:00,홍대 관광특구,홍대 관광특구,POI007,KEY_4,1130015702,잔다리로,1130025804,경북신문서울지사,126.9167794658698938_37.5538677598341195,1130027103,마포신문사,126.9157323354683768_37.5548803576989911,146.0,19.0,서행,126.9157323354683768_37.5548803576989911|126.9160958931614829_37.5544314008575242|126.9162129074296530_37.5543260095726907|126.9167794658698938_37.5538677598341195
2026-09-04T18:34:05.570303+09:00,홍대 관광특구,홍대 관광특구,POI007,KEY_4,1130015801,잔다리로,1130168600,서교동 427,126.9178051349914114_37.5531521659568099,1130025601,서교동사거리,126.9182122864217916_37.5528038522271572,53.0,16.0,서행,126.9182122864217916_37.5528038522271572|126.9178051349914114_37.5531521659568099
2026-09-04T18:34:05.570303+09:00,홍대 관광특구,홍대 관광특구,POI007,KEY_4,1130015802,잔다리로,1130027102,마포신문사,126.9158737035807434_37.5549053205329528,1130025801,경북신문서울지사,126.9169099970482506_37.5539163098363460,144.0,11.0,정체,126.9169099970482506_37.5539163098363460|126.9163122473365917_37.5543997888327326|126.9162044591175942_37.5544968696544146|126.9158737035807434_37.5549053205329528
2026-09-04T18:34:05.570303+09:00,홍대 관광특구,홍대 관광특구,POI007,KEY_4,1130015901,홍익로,1130154700,서교동 427,126.9220359643673390_37.5546826076917313,1130027403,홍대입구역앞교차로,126.9215460181029016_37.5551344303407504,66.0,6.0,정체,126.9215460181029016_37.5551344303407504|126.9217237952683917_37.5549495724854268|126.9220359643673390_37.5546826076917313
2026-09-04T18:34:05.570303+09:00,홍대 관광특구,홍대 관광특구,POI007,KEY_4,1130015902,홍익로,1130109300,서교동 406,126.9231648679629956_37.5537171543489379,1130005308,서교푸르지오아파트,126.9225993071129750_37.5542008340247122,73.0,10.0,정체,126.9225993071129750_37.5542008340247122|126.9228527697001851_37.5539840685397763|126.9231648679629956_37.5537171543489379
2026-09-04T18:34:05.570303+09:00,홍대 관광특구,홍대 관광특구,POI007,KEY_4,1130016001,홍익로,1130091300,서교동 349,126.9229521707389097_37.5540577381318670,1130005302,홍익대앞교차로,126.9242716262433675_37.5529292870087730,171.0,5.0,정체,126.9242716262433675_37.5529292870087730|126.9241239492523050_37.5530555887153952|126.9240033040959332_37.5531587708137664|126.9232642689553643_37.5537908236815881|126.9229521707389097_37.5540577381318670
2026-09-04T18:34:05.570303+09:00,홍대 관광특구,홍대 관광특구,POI007,KEY_4,1130016601,동교로,1130112700,서교동 480-4,126.9128544885335685_37.5543811077444118,1130026003,성산초교앞교차로,126.9118165724208609_37.5542011783164611,94.0,22.0,서행,126.9118165724208609_37.5542011783164611|126.9128544885335685_37.5543811077444118
2026-09-04T18:34:05.570303+09:00,홍대 관광특구,홍대 관광특구,POI007,KEY_4,1130016602,동교로,1130027103,마포신문사,126.9157323354683768_37.5548803576989911,1130026802,서교동주민센터,126.9151918884149666_37.5547863283070740,49.0,10.0,정체,126.9151918884149666_37.5547863283070740|126.9157323354683768_37.5548803576989911
2026-09-04T18:34:05.570303+09:00,홍대 관광특구,홍대 관광특구,POI007,KEY_4,1130016801,동교로,1130082800,서교동 461-6,126.9164678276881233_37.5550109832930517,1130027102,마포신문사,126.9158737035807434_37.5549053205329528,54.0,23.0,서행,126.9158737035807434_37.5549053205329528|126.9164678276881233_37.5550109832930517
2026-09-04T18:34:05.570303+09:00,홍대 관광특구,홍대 관광특구,POI007,KEY_4,1130016802,동교로,1130241800,서교동 461-6,126.9185671453848556_37.5553757191433064,1130027702,서교동 461-6,126.9179996526103480_37.5552825577389129,51.0,6.0,정체,126.9179996526103480_37.5552825577389129|126.9185671453848556_37.5553757191433064
2026-09-04T18:34:05.570303+09:00,홍대 관광특구,홍대 관광특구,POI007,KEY_4,1130016900,월드컵북로,1130267400,서교동 427,126.9210494203991146_37.5555664569088208,1130028603,롯데호텔L7(홍대),126.9205661479972775_37.5559789666732442,63.0,9.0,정체,126.9205661479972775_37.5559789666732442|126.9210494203991146_37.5555664569088208
2026-09-04T18:34:05.570303+09:00,홍대 관광특구,홍대 관광특구,POI007,KEY_4,1130017000,월드컵북로,1130267500,동교동 155-55,126.9211487362349544_37.5556402014086004,1130027401,홍대입구역앞교차로,126.9215575669487777_37.5552912277757187,53.0,8.0,정체,126.9215575669487777_37.5552912277757187|126.9211487362349544_37.5556402014086004
2026-09-04T18:34:05.570303+09:00,홍대 관광특구,홍대 관광특구,POI007,KEY_4,1130017300,와우산로,1130279000,동교동 191-3,126.9313970925375656_37.5566259879880349,1130029803,창천동삼거리,126.9316137471090968_37.5569253206561484,38.0,17.5,서행,126.9316137471090968_37.5569253206561484|126.9313970925375656_37.5566259879880349
2026-09-04T18:34:05.570303+09:00,홍대 관광특구,홍대 관광특구,POI007,KEY_4,1130017600,월드컵로,1130269900,서교동 475-24,126.9110403993826708_37.5551324974902272,1130026001,성산초교앞교차로,126.9117481199565418_37.5543318244504860,109.0,15.0,서행,126.9117481199565418_37.5543318244504860|126.9117217336388137_37.5543764564183462|126.9115952004829921_37.5545358301992565|126.9110403993826708_37.5551324974902272
2026-09-04T18:34:05.570303+09:00,홍대 관광특구,홍대 관광특구,POI007,KEY_4,1130018301,동교로,1130234800,동교동 201-12,126.9223714576705504_37.5573415856685884,1130031703,우성빌딩,126.9229594770721690_37.5579740539319573,88.0,7.0,정체,126.9229594770721690_37.5579740539319573|126.9225761142016040_37.5575121455362435|126.9224853349252271_37.5574284446085400|126.9223714576705504_37.5573415856685884
2026-09-04T18:34:05.570303+09:00,홍대 관광특구,홍대 관광특구,POI007,KEY_4,1130018302,동교로,1130031704,우성빌딩,126.9230362835969004_37.5580664636773349,1130032103,동교동 151-3,126.9232918768675518_37.5583894534776732,42.0,18.0,서행,126.9232918768675518_37.5583894534776732|126.9231947644524467_37.5582569650777955|126.9230362835969004_37.5580664636773349
2026-09-04T18:34:05.570303+09:00,홍대 관광특구,홍대 관광특구,POI007,KEY_4,1130018303,동교로,1130267000,동교동 151-3,126.9235602086829147_37.5590265329813064,1130006103,동서빌라,126.9237720218529262_37.5599217838101325,101.0,9.0,정체,126.9237720218529262_37.5599217838101325|126.9237420189898273_37.5597891978450278|126.9236012045125506_37.5591669167257010|126.9235602086829147_37.5590265329813064
2026-09-04T18:34:05.570303+09:00,홍대 관광특구,홍대 관광특구,POI007,KEY_4,1130018401,동교로,1130236400,동교동 193-1,126.9218939397593573_37.5568917656500219,1130028602,롯데호텔L7(홍대),126.9207044539840865_37.5560194307797488,153.0,23.0,서행,126.9207044539840865_37.5560194307797488|126.9213020185727601_37.5561898308273214|126.9213990027508032_37.5562174862381255|126.9214983639262613_37.5562825737130197|126.9215763902692657_37.5563664435403197|126.9217678851206443_37.5567011225728038|126.9218286112969025_37.5568118746297515|126.9218939397593573_37.5568917656500219
2026-09-04T18:34:05.570303+09:00,홍대 관광특구,홍대 관광특구,POI007,KEY_4,1130018402,동교로,1130032102,동교동 192-4,126.9234091793915979_37.5583349617897966,1130031701,우성빌딩,126.9231327245934153_37.5579865800830248,46.0,20.0,서행,126.9231327245934153_37.5579865800830248|126.9233101249413238_37.5581998231503391|126.9234091793915979_37.5583349617897966
2026-09-04T18:34:05.570303+09:00,홍대 관광특구,홍대 관광특구,POI007,KEY_4,1130018403,동교로,1130267100,동교동 193-1,126.9236924952947447_37.5590020505672726,1130032101,동교동 192-4,126.9234766820471947_37.5584553758656909,64.0,20.0,서행,126.9234766820471947_37.5584553758656909|126.9235707625761904_37.5586374586260803|126.9236499224741550_37.5588562655902223|126.9236924952947447_37.5590020505672726
2026-09-04T18:34:05.570303+09:00,홍대 관광특구,홍대 관광특구,POI007,KEY_4,1130018601,월드컵북로,1130260800,동교동 205-15,126.9201047852547219_37.5565208181069323,1130028601,롯데호텔L7(홍대),126.9206030650937720_37.5561053644053331,64.0,11.0,정체,126.9206030650937720_37.5561053644053331|126.9201047852547219_37.5565208181069323
2026-09-04T18:34:05.570303+09:00,홍대 관광특구,홍대 관광특구,POI007,KEY_4,1130019402,연남로,1130006103,동서빌라,126.9237720218529262_37.5599217838101325,1130033403,동교동 197-41,126.9232773041242268_37.5605287127344880,80.0,2.0,정체,126.9232773041242268_37.5605287127344880|126.9237720218529262_37.5599217838101325
2026-09-04T18:34:05.570303+09:00,홍대 관광특구,홍대 관광특구,POI007,KEY_4,1130021301,동교로,1130270200,연남동 373-20,126.9238877393567293_37.5603936801492893,1130033503,창무빌딩,126.9241748864737787_37.5606341936674681,38.0,10.0,정체,126.9241748864737787_37.5606341936674681|126.9241661103410337_37.5606061520141736|126.9241366858942399_37.5605700517992886|126.9241002899647839_37.5605390962913646|126.9239179770402757_37.5604331415745349|126.9238877393567293_37.5603936801492893
2026-09-04T18:34:05.570303+09:00,홍대 관광특구,홍대 관광특구,POI007,KEY_4,1130021401,동교로,1130270300,동교동 190-1,126.9240036868288968_37.5603373757369283,1130006101,동서빌라,126.9239149665367705_37.5599450424727905,44.0,11.0,정체,126.9239149665367705_37.5599450424727905|126.9239877581506306_37.5602899730970847|126.9239997971928346_37.5603322997610576|126.9240036868288968_37.5603373757369283
2026-09-04T18:34:05.570303+09:00,홍대 관광특구,홍대 관광특구,POI007,KEY_4,1130021402,동교로,1130234100,연남동 260-65,126.9243509881973893_37.5610184290997395,1130033501,창무빌딩,126.9243242832398835_37.5606902998111352,36.0,15.3,서행,126.9243242832398835_37.5606902998111352|126.9243327450441683_37.5607736496850464|126.9243509881973893_37.5610184290997395
2026-09-04T18:34:05.570303+09:00,홍대 관광특구,홍대 관광특구,POI007,KEY_4,1130048500,양화로,1130022400,합정역5번출구,126.9140295476794051_37.5495373218593258,1130021400,합정역6번출구,126.9140524865152884_37.5488786114665416,86.0,12.0,정체,126.9140524865152884_37.5488786114665416|126.9139230246069445_37.5489343484288156|126.9138762522378556_37.5489900978359401|126.9138420413620167_37.5490572990694389|126.9138329563527492_37.5491459732028474|126.9138508086349617_37.5492446788838663|126.9140295476794051_37.5495373218593258
2026-09-04T18:34:05.570303+09:00,홍대 관광특구,홍대 관광특구,POI007,KEY_4,1130048800,어울마당로,1130024402,태성빌딩,126.9212984594291243_37.5507136993635982,1130020101,당인리사거리,126.9201577112685442_37.5479060826974020,329.0,12.0,정체,126.9201577112685442_37.5479060826974020|126.9203052286126194_37.5482319014126986|126.9204629847500172_37.5485121849773620|126.9206431597284137_37.5488596987716292|126.9208952920467510_37.5494059973120997|126.9211927078193867_37.5502025480265331|126.9212984594291243_37.5507136993635982
2026-09-04T18:34:05.570303+09:00,홍대 관광특구,홍대 관광특구,POI007,KEY_4,1130048900,어울마당로,1130020104,당인리사거리,126.9200163735166598_37.5479127310459049,1130024403,태성빌딩,126.9211615381937150_37.5507171207813784,328.0,13.5,정체,126.9211615381937150_37.5507171207813784|126.9210601044129163_37.5502268341553247|126.9207663483677209_37.5494400821215706|126.9205166183366913_37.5488989872912740|126.9203382349370202_37.5485549298443289|126.9201792152841790_37.5482723999727952|126.9200163735166598_37.5479127310459049
2026-09-04T18:34:05.570303+09:00,홍대 관광특구,홍대 관광특구,POI007,KEY_4,1130049000,양화로,1130052000,합정역8번출구,126.9125610162048474_37.5489924297706352,1130022900,합정역9번출구,126.9130418149968449_37.5497885897765329,105.0,9.0,정체,126.9130418149968449_37.5497885897765329|126.9130618100318912_37.5495401812596441|126.9130421428666295_37.5494586372446904|126.9130134806158026_37.5493885292777207|126.9129740362242984_37.5493212749275216|126.9129004782609655_37.5492368304858175|126.9125610162048474_37.5489924297706352
2026-09-04T18:34:05.570303+09:00,홍대 관광특구,홍대 관광특구,POI007,KEY_4,1130049300,양화로,1130023000,합정역9번출구,126.9131721455813278_37.5498189592265703,1130022800,합정역(서울2호선),126.9139380043217500_37.5496171809286139,76.0,19.0,서행,126.9139380043217500_37.5496171809286139|126.9136402094506622_37.5496006797627686|126.9135395936122848_37.5496106180248574|126.9134569354612267_37.5496277214884771|126.9133796540536849_37.5496562715165325|126.9131721455813278_37.5498189592265703
2026-09-04T18:34:05.570303+09:00,홍대 관광특구,홍대 관광특구,POI007,KEY_4,1130051502,월드컵로5길,1130025203,합정동주민센터,126.9124127492584506_37.5518459734548173,1130024207,합정동주민센터,126.9110609932505014_37.5516236888938550,122.0,9.0,정체,126.9110609932505014_37.5516236888938550|126.9120426543793059_37.5517851162292402|126.9124127492584506_37.5518459734548173
2026-09-04T18:34:05.570303+09:00,홍대 관광특구,홍대 관광특구,POI007,KEY_4,1130051601,월드컵로5길,1130159000,합정동 426-6,126.9120151858922725_37.5518910005306523,1130025204,합정동주민센터,126.9123807963445927_37.5519511205839720,33.0,22.0,서행,126.9123807963445927_37.5519511205839720|126.9120151858922725_37.5518910005306523
2026-09-04T18:34:05.570303+09:00,홍대 관광특구,홍대 관광특구,POI007,KEY_4,1130051900,양화로7길,1130145700,서교동 492,126.9135974368144701_37.5520222797338405,1130025202,합정동주민센터,126.9125490838489583_37.5518570392708213,95.0,16.0,서행,126.9125490838489583_37.5518570392708213|126.9126682083433053_37.5518592833619991|126.9129354976850976_37.5518998472612608|126.9129556993787276_37.5519035838338127|126.9135974368144701_37.5520222797338405
2026-09-04T18:34:05.570303+09:00,홍대 관광특구,홍대 관광특구,POI007,KEY_4,1130052000,양화로7길,1130138000,서교동 419,126.9152338094359038_37.5512625596168448,1130024301,누아갤러리,126.9155934469087441_37.5508218968336536,58.0,14.0,정체,126.9155934469087441_37.5508218968336536|126.9153007619960079_37.5511871879382042|126.9152338094359038_37.5512625596168448
2026-09-04T18:34:05.570303+09:00,홍대 관광특구,홍대 관광특구,POI007,KEY_4,1130052400,동교로16길,1130025803,경북신문서울지사,126.9168794495548838_37.5537853595123963,1130026803,서교동주민센터,126.9150562264393471_37.5547627600824470,233.0,8.0,정체,126.9150562264393471_37.5547627600824470|126.9151041919509026_37.5546783248440121|126.9155915455989287_37.5540739571268816|126.9161869550941049_37.5535709704613723|126.9162940154244694_37.5535710464076899|126.9168794495548838_37.5537853595123963
2026-09-04T18:34:05.570303+09:00,홍대 관광특구,홍대 관광특구,POI007,KEY_4,1130052600,동교로22길,1130026103,백운아트빌라,126.9180694970235379_37.5542655831425805,1130025802,경북신문서울지사,126.9170081596091819_37.5538339564204833,106.0,15.0,서행,126.9170081596091819_37.5538339564204833|126.9174869227818618_37.5540176960998977|126.9179190228157523_37.5541765386133832|126.9180694970235379_37.5542655831425805
2026-09-04T18:34:05.570303+09:00,홍대 관광특구,홍대 관광특구,POI007,KEY_4,1130052700,동교로22길,1130025801,경북신문서울지사,126.9169099970482506_37.5539163098363460,1130026104,백운아트빌라,126.9180281230511440_37.5543758143779129,112.0,15.0,서행,126.9180281230511440_37.5543758143779129|126.9178493084904318_37.5542700001648413|126.9174289674534464_37.5541154804999380|126.9169099970482506_37.5539163098363460
2026-09-04T18:34:05.570303+09:00,홍대 관광특구,홍대 관광특구,POI007,KEY_4,1130052900,양화로15길,1130189500,서교동 375-3,126.9191627194573044_37.5544961684800782,1130026102,백운아트빌라,126.9181857720605535_37.5543334302643643,114.0,6.0,정체,126.9181857720605535_37.5543334302643643|126.9182551674568060_37.5543727901433684|126.9184496385441321_37.5544938893267428|126.9188541407513924_37.5547457748013329|126.9191627194573044_37.5544961684800782
2026-09-04T18:34:05.570303+09:00,홍대 관광특구,홍대 관광특구,POI007,KEY_4,1130053000,양화로15길,1130119600,서교동 463-27,126.9183659693348716_37.5545790522533025,1130025901,서교동 427,126.9198881225875368_37.5540412931764607,184.0,10.0,정체,126.9198881225875368_37.5540412931764607|126.9194734610042730_37.5543989462411432|126.9192595099514733_37.5545720106137679|126.9189173184498429_37.5548488058227576|126.9188180840116047_37.5548605857523441|126.9183659693348716_37.5545790522533025
2026-09-04T18:34:05.570303+09:00,홍대 관광특구,홍대 관광특구,POI007,KEY_4,1130053400,동교로,1130119900,서교동 464-61,126.9179362134423457_37.5548483553241965,1130027703,서교동 461-6,126.9178664857794274_37.5552597164420305,46.0,10.0,정체,126.9178664857794274_37.5552597164420305|126.9179362134423457_37.5548483553241965
2026-09-04T18:34:05.570303+09:00,홍대 관광특구,홍대 관광특구,POI007,KEY_4,1130056000,동교로,1130244700,동교동 192-44,126.9235969752971585_37.5574460002231092,1130031702,우성빌딩,126.9230559412983723_37.5578941512089344,69.0,4.0,정체,126.9230559412983723_37.5578941512089344|126.9235969752971585_37.5574460002231092
2026-09-04T18:34:05.570303+09:00,홍대 관광특구,홍대 관광특구,POI007,KEY_4,1130056100,동교로,1130244800,동교동 192-44,126.9236948948308594_37.5575209206440874,1130030001,홍대입구역(서울2호선),126.9241024975835899_37.5571832879291989,52.0,8.0,정체,126.9241024975835899_37.5571832879291989|126.9236948948308594_37.5575209206440874
2026-09-04T18:34:05.570303+09:00,홍대 관광특구,홍대 관광특구,POI007,KEY_4,1130056500,양화로19길,1130269400,동교동 192-44,126.9242827846036619_37.5579718887892824,1130032102,동교동 192-4,126.9234091793915979_37.5583349617897966,93.0,8.0,정체,126.9234091793915979_37.5583349617897966|126.9235741468609007_37.5583601799000988|126.9237435175153621_37.5583522399045222|126.9237886059845266_37.5583215233953140|126.9242827846036619_37.5579718887892824
2026-09-04T18:34:05.570303+09:00,홍대 관광특구,홍대 관광특구,POI007,KEY_4,1130056600,양화로19길,1130269300,동교동 192-44,126.9243730039212181_37.5580527040690697,1130031304,대성카센터,126.9248672211749920_37.5577661204474040,54.0,8.0,정체,126.9248672211749920_37.5577661204474040|126.9247523387008556_37.5578433291799882|126.9243935191233703_37.5580381892432413|126.9243730039212181_37.5580527040690697
2026-09-04T18:34:05.570303+09:00,홍대 관광특구,홍대 관광특구,POI007,KEY_4,1130057300,월드컵북로6길,1130261300,동교동 203-33,126.9193673333113281_37.5578672419356039,1130031202,동교동 205-15,126.9188838547954674_37.5575387719110481,56.0,18.5,서행,126.9188838547954674_37.5575387719110481|126.9193673333113281_37.5578672419356039
2026-09-04T18:34:05.570303+09:00,홍대 관광특구,홍대 관광특구,POI007,KEY_4,1130057500,양화로,1130032300,동교동삼거리,126.9260758648074869_37.5586455831952080,1130032500,동교동삼거리,126.9265306057119460_37.5594558524399389,99.0,9.0,정체,126.9265306057119460_37.5594558524399389|126.9264660553294988_37.5592263103355393|126.9260758648074869_37.5586455831952080
2026-09-04T18:34:05.570303+09:00,홍대 관광특구,홍대 관광특구,POI007,KEY_4,1130060000,동교로29길,1130033503,창무빌딩,126.9241748864737787_37.5606341936674681,1130036003,노블레스아파트,126.9218068862926145_37.5634853229895498,381.0,22.0,서행,126.9218068862926145_37.5634853229895498|126.9218459298930100_37.5634232918577879|126.9220337933197982_37.5631841000810169|126.9223456371491494_37.5627870497117868|126.9227675631269960_37.5622648309932572|126.9233084612183120_37.5615953472728421|126.9240020675585043_37.5607446270273684|126.9240943496756557_37.5606712830971432|126.9241748864737787_37.5606341936674681
2026-09-04T18:34:05.570303+09:00,홍대 관광특구,홍대 관광특구,POI007,KEY_4,1130060100,동교로29길,1130246800,연남동 257-9,126.9228817967008496_37.5623233169991337,1130033504,창무빌딩,126.9241941095302053_37.5607502493276115,210.0,7.0,정체,126.9241941095302053_37.5607502493276115|126.9241777376998783_37.5607577891073205|126.9241081814776919_37.5608130710165966|126.9234225413209742_37.5616540221321031|126.9228817967008496_37.5623233169991337
2026-09-04T18:34:05.570303+09:00,홍대 관광특구,홍대 관광특구,POI007,KEY_4,1130087200,어울마당로,1130121800,서교동 413,126.9223646926300830_37.5538554367246178,1130055701,아이스뮤지엄,126.9221148424968106_37.5534806652672515,47.0,8.0,정체,126.9221148424968106_37.5534806652672515|126.9223646926300830_37.5538554367246178
2026-09-04T18:34:05.570303+09:00,홍대 관광특구,홍대 관광특구,POI007,KEY_4,1130087300,어울마당로,1130121700,서교동 365-1,126.9222448191466555_37.5539062487640578,1130005309,서교푸르지오아파트,126.9225016470744691_37.5542843540505018,48.0,18.0,서행,126.9225016470744691_37.5542843540505018|126.9222449850932577_37.5539064976814032|126.9222448191466555_37.5539062487640578
2026-09-04T18:34:05.570303+09:00,강서한강공원,강서한강공원,POI085,KEY_1,1150022400,인천국제공항고속도로,1150297800,최소노드배치점,126.8204153738163740_37.5848105303894116,1150007500,팔팔JC,126.8251458922897115_37.5821572405280335,521.0,71.0,원활,126.8251458922897115_37.5821572405280335|126.8242581309057471_37.5825988923992114|126.8225508326354287_37.5833403164188127|126.8222949416472147_37.5834700113225253|126.8220989259378939_37.5836060109654468|126.8219358934425145_37.5837398156667746|126.8217315846995774_37.5839640048093813|126.8215951501203733_37.5841385028620678|126.8214407374371433_37.5843128978739571|126.8213273924079374_37.5844195615005603|126.8211779927619034_37.5845367498505425|126.8209702243633359_37.5846464478467652|126.8207581882781767_37.5847310806041222|126.8205554011008189_37.5847871484738150|126.8204153738163740_37.5848105303894116
2026-09-04T18:34:05.570303+09:00,강서한강공원,강서한강공원,POI085,KEY_1,1150102400,양천로27길,1150268300,방화동 57-7,126.8189818773737016_37.5842896446790746,1150051603,명성인테리어,126.8193992844918085_37.5848574978405026,73.0,18.5,서행,126.8193992844918085_37.5848574978405026|126.8191354810659277_37.5845649348009871|126.8189882066549785_37.5842980469406385|126.8189818773737016_37.5842896446790746
2026-09-04T18:34:05.570303+09:00,강서한강공원,강서한강공원,POI085,KEY_1,1150102700,올림픽대로,1150051601,명성인테리어,126.8196931240858873_37.5848639111563685,1150051300,신우쌀상회,126.8210223077670520_37.5838477270534099,164.0,26.0,정체,126.8210223077670520_37.5838477270534099|126.8204550407689055_37.5843184565730155|126.8198365622038608_37.5848072925936592|126.8196931240858873_37.5848639111563685
2026-09-04T18:34:05.570303+09:00,강서한강공원,강서한강공원,POI085,KEY_1,1150103000,올림픽대로,1150051700,강서안내센터,126.8168617226006347_37.5859421297018841,1150051604,명성인테리어,126.8193906771097659_37.5849778885091084,248.0,30.7,서행,126.8193906771097659_37.5849778885091084|126.8191196709408928_37.5850751540521557|126.8183996940716156_37.5853415341712136|126.8174179597383215_37.5857138196225620|126.8168617226006347_37.5859421297018841
2026-09-04T18:34:05.570303+09:00,강서한강공원,강서한강공원,POI085,KEY_1,1150408600,올림픽대로,1150297900,최소노드배치점,126.8204022238293049_37.5846952923594699,1150007500,팔팔JC,126.8251458922897115_37.5821572405280335,515.0,53.7,원활,126.8251458922897115_37.5821572405280335|126.8224711907430731_37.5832680578219396|126.8221978552422797_37.5833955305618943|126.8219883433806388_37.5835095435029132|126.8217840770615084_37.5836834979902079|126.8213507897844181_37.5842063933520194|126.8211989310714074_37.5843483886307084|126.8209774563604384_37.5845038083476410|126.8207390262142553_37.5846130431728156|126.8204197757882525_37.5846941616647499|126.8204022238293049_37.5846952923594699
2026-09-04T18:34:05.570303+09:00,강서한강공원,강서한강공원,POI085,KEY_1,1150437100,인천국제공항고속도로,1150298100,최소노드배치점,126.8216063582030131_37.5844601022409819,1150051400,방화대교(남측),126.8154876201350021_37.5837329496539851,561.0,87.3,원활,126.8154876201350021_37.5837329496539851|126.8156228199711535_37.5837019217106345|126.8162488559649717_37.5835902982088541|126.8168139068726958_37.5835510606755392|126.8176549474994061_37.5835257845014610|126.8183178182470101_37.5835660150861770|126.8189841860020408_37.5836543305607833|126.8195530571487097_37.5837543458256320|126.8200936823200351_37.5838910811882769|126.8210372379553377_37.5842098431123475|126.8215775845386446_37.5844440036353475|126.8216063582030131_37.5844601022409819
2026-09-04T18:34:05.570303+09:00,강서한강공원,강서한강공원,POI085,KEY_1,1150437200,인천국제공항고속도로,1150298000,최소노드배치점,126.8214760810631105_37.5846075682720340,1150149502,강서구-고양시덕양구,126.8266486163456932_37.5882576198968295,611.0,92.4,원활,126.8266486163456932_37.5882576198968295|126.8237771167596151_37.5861489077353781|126.8227472164407601_37.5853533062098677|126.8222253278242135_37.5850267596131147|126.8214760810631105_37.5846075682720340
2026-09-04T18:34:05.570303+09:00,고척돔,고척돔,POI086,KEY_2,1160002201,경인로,1160234100,고척동 63-5,126.8655596867435236_37.4984329974895232,1160026902,구로소방서앞,126.8651472056647407_37.4981012338396624,52.0,21.0,서행,126.8651472056647407_37.4981012338396624|126.8655596867435236_37.4984329974895232
2026-09-04T18:34:05.570303+09:00,고척돔,고척돔,POI086,KEY_2,1160001507,경인로,1160025205,구로소방서앞교차로,126.8646617438848239_37.4978600578237362,1160026904,구로소방서앞,126.8649481363168121_37.4980943173495334,36.0,11.0,정체,126.8649481363168121_37.4980943173495334|126.8646617438848239_37.4978600578237362
2026-09-04T18:34:05.570303+09:00,고척돔,고척돔,POI086,KEY_2,1160001608,경인로,1160026903,구로소방서앞,126.8650453464209704_37.4980188760107680,1160025202,구로소방서앞교차로,126.8647589542741940_37.4977846162542079,36.0,14.0,정체,126.8647589542741940_37.4977846162542079|126.8650453464209704_37.4980188760107680
2026-09-04T18:34:05.570303+09:00,고척돔,고척돔,POI086,KEY_2,1160001901,경인로,1160029303,고척교교차로,126.8716335382674743_37.4988496986391695,1160030602,동양미래대학앞교차로,126.8689427324677865_37.4994868075101664,248.0,20.0,서행,126.8689427324677865_37.4994868075101664|126.8711528967156568_37.4989518486928404|126.8715231913182890_37.4988650895980484|126.8716335382674743_37.4988496986391695
2026-09-04T18:34:05.570303+09:00,고척돔,고척돔,POI086,KEY_2,1160002001,경인로,1160030601,동양미래대학앞교차로,126.8689872290022862_37.4995890371950367,1160029304,고척교교차로,126.8716680741279674_37.4989546467396906,247.0,7.0,정체,126.8716680741279674_37.4989546467396906|126.8715541336007533_37.4989705391101751|126.8711911831498753_37.4990555772781562|126.8689872290022862_37.4995890371950367
2026-09-04T18:34:05.570303+09:00,고척돔,고척돔,POI086,KEY_2,1160002102,경인로,1160026901,구로소방서앞,126.8650507946293686_37.4981773243852032,1160030704,고척동 63-3,126.8674869579498932_37.4996940445519300,278.0,14.0,정체,126.8674869579498932_37.4996940445519300|126.8673777511500731_37.4996751499945233|126.8671788695642988_37.4996233133504546|126.8669493159061687_37.4995461947532931|126.8667640607105227_37.4994684400143257|126.8665382770592061_37.4993469206109040|126.8663359449855790_37.4992109715771136|126.8654632761091818_37.4985090881244290|126.8650507946293686_37.4981773243852032
2026-09-04T18:34:05.570303+09:00,고척돔,고척돔,POI086,KEY_2,1160002103,경인로,1160134900,고척동 63-3,126.8684174202034285_37.4996907760024811,1160030604,동양미래대학앞교차로,126.8687232996965832_37.4996421945641814,28.0,7.0,정체,126.8687232996965832_37.4996421945641814|126.8684174202034285_37.4996907760024811
2026-09-04T18:34:05.570303+09:00,고척돔,고척돔,POI086,KEY_2,1160002202,경인로,1160030603,동양미래대학앞교차로,126.8686779646894678_37.4995391473739801,1160030702,고척동 63-3,126.8676654321501900_37.4996121446361812,90.0,22.0,서행,126.8676654321501900_37.4996121446361812|126.8678069625456857_37.4996264010276690|126.8680461031747626_37.4996197405567102|126.8683009934756853_37.4995990198500522|126.8683908896466761_37.4995847422032185|126.8686779646894678_37.4995391473739801
2026-09-04T18:34:05.570303+09:00,고척돔,고척돔,POI086,KEY_2,1160014202,중앙로,1160125100,고척동 52-333,126.8646271411664230_37.4989471657823756,1160026901,구로소방서앞,126.8650507946293686_37.4981773243852032,93.0,13.3,정체,126.8650507946293686_37.4981773243852032|126.8648755784311248_37.4984981040910128|126.8646271411664230_37.4989471657823756
2026-09-04T18:34:05.570303+09:00,고척돔,고척돔,POI086,KEY_2,1160015701,안양천로537길,1160030604,동양미래대학앞교차로,126.8687232996965832_37.4996421945641814,1160038402,고척지하차도(북측),126.8699170172796187_37.5023839464348470,323.0,5.0,정체,126.8699170172796187_37.5023839464348470|126.8697728681989503_37.5021941044543823|126.8694643346875210_37.5013934109902394|126.8687232996965832_37.4996421945641814
2026-09-04T18:34:05.570303+09:00,고척돔,고척돔,POI086,KEY_2,1160015801,안양천로537길,1160038401,고척지하차도(북측),126.8700471287657763_37.5023532266215511,1160030601,동양미래대학앞교차로,126.8689872290022862_37.4995890371950367,322.0,28.5,원활,126.8689872290022862_37.4995890371950367|126.8697227149842348_37.5013271263434547|126.8700323395424050_37.5021306423309682|126.8700471287657763_37.5023532266215511
2026-09-04T18:34:05.570303+09:00,고척돔,고척돔,POI086,KEY_2,1160049000,안양천로,1160026001,고척지하차도(남측),126.8682164931016416_37.4980315828367239,2130015801,구로구-광명시,126.8683061872405204_37.4953711878066613,303.0,25.0,원활,126.8683061872405204_37.4953711878066613|126.8680791301081570_37.4959108832984143|126.8680192247021239_37.4961901165675542|126.8679713339188453_37.4963936246526259|126.8679416938823437_37.4965988803425390|126.8679353024971164_37.4968807087750235|126.8679467286440712_37.4970971053372253|126.8679814883963815_37.4974018031208942|126.8680806147528557_37.4977290078190819|126.8682164931016416_37.4980315828367239
2026-09-04T18:34:05.570303+09:00,고척돔,고척돔,POI086,KEY_2,1160049100,안양천로,2130015802,구로구-광명시,126.8681747476950505_37.4953419563867740,1160026002,고척지하차도(남측),126.8680887281871179_37.4980680227387566,310.0,15.0,서행,126.8680887281871179_37.4980680227387566|126.8679504014649098_37.4977599920923339|126.8678472427124149_37.4974194749191909|126.8678112852119142_37.4971042754339194|126.8677995486469570_37.4968820057548768|126.8678061330137012_37.4965917080895466|126.8678370716341277_37.4963774627470841|126.8678856475315513_37.4961710443316889|126.8679464131163144_37.4958878080200222|126.8681747476950505_37.4953419563867740
2026-09-04T18:34:05.570303+09:00,고척돔,고척돔,POI086,KEY_2,1160054400,안양천로,1160030602,동양미래대학앞교차로,126.8689427324677865_37.4994868075101664,1160026001,고척지하차도(남측),126.8682164931016416_37.4980315828367239,174.0,17.0,서행,126.8682164931016416_37.4980315828367239|126.8683718766255737_37.4982169168125878|126.8689427324677865_37.4994868075101664
2026-09-04T18:34:05.570303+09:00,고척돔,고척돔,POI086,KEY_2,1160054500,안양천로,1160026002,고척지하차도(남측),126.8680887281871179_37.4980680227387566,1160030603,동양미래대학앞교차로,126.8686779646894678_37.4995391473739801,172.0,34.0,원활,126.8686779646894678_37.4995391473739801|126.8681163619592382_37.4982898286822390|126.8680887281871179_37.4980680227387566
2026-09-04T18:34:05.570303+09:00,고척돔,고척돔,POI086,KEY_2,1160058300,경인로47길,1160030704,고척동 63-3,126.8674869579498932_37.4996940445519300,1160031102,동양미래대학교,126.8669875450639069_37.5000831480897503,62.0,10.0,정체,126.8669875450639069_37.5000831480897503|126.8673517388977388_37.4997995352371589|126.8674869579498932_37.4996940445519300
2026-09-04T18:34:05.570303+09:00,고척돔,고척돔,POI086,KEY_2,1160058400,경인로47길,1160031101,동양미래대학교,126.8672357269624626_37.5000410688331058,1160030701,고척동 63-3,126.8676484099707835_37.4997194117280301,51.0,15.0,서행,126.8676484099707835_37.4997194117280301|126.8674466402152063_37.4998768209931157|126.8672357269624626_37.5000410688331058
2026-09-04T18:34:05.570303+09:00,고척돔,고척돔,POI086,KEY_2,1160061600,안양천로,1160312300,최소노드배치점,126.8691669663092796_37.5001830167126542,1160026001,고척지하차도(남측),126.8682164931016416_37.4980315828367239,253.0,12.0,정체,126.8682164931016416_37.4980315828367239|126.8688997309864703_37.4995514775238874|126.8691669663092796_37.5001830167126542
2026-09-04T18:34:05.570303+09:00,광나루한강공원,광나루한강공원,POI087,KEY_3,1230005100,올림픽대로,1230052500,잠실대교JC,127.1008769588409706_37.5229114985517214,1230054000,올림픽대교남단IC,127.1051025385346520_37.5260799913631047,514.0,80.0,원활,127.1051025385346520_37.5260799913631047|127.1031412114076176_37.5243990994672458|127.1028266080407718_37.5241633671182342|127.1022828471172517_37.5237919497680679|127.1018469450196733_37.5234955300521236|127.1008769588409706_37.5229114985517214
2026-09-04T18:34:05.570303+09:00,광나루한강공원,광나루한강공원,POI087,KEY_3,1230005303,올림픽대로,1230056001,올림픽대교남단IC,127.1099294541211577_37.5335917221984587,1230056600,미성카센타,127.1133333362662370_37.5372311246279509,509.0,74.0,원활,127.1133333362662370_37.5372311246279509|127.1122417772533879_37.5363305814544859|127.1116797970572065_37.5358769804391983|127.1114369751523441_37.5356483557694247|127.1111851586531714_37.5354090108490368|127.1109647758809160_37.5351696358490798|127.1107848648134819_37.5349695574394744|127.1106138947897364_37.5347408627111747|127.1103754017710941_37.5343978047017046|127.1102043647706665_37.5341226232009859|127.1100737679640247_37.5338652841078755|127.1099294541211577_37.5335917221984587
2026-09-04T18:34:05.570303+09:00,광나루한강공원,광나루한강공원,POI087,KEY_3,1230005304,올림픽대로,1230056600,미성카센타,127.1133333362662370_37.5372311246279509,1240000703,송파구-강동구,127.1180715211807666_37.5411721498286326,606.0,73.3,원활,127.1180715211807666_37.5411721498286326|127.1178531270779786_37.5409665671253308|127.1174349307113829_37.5406093996140768|127.1157442858759907_37.5392200633587976|127.1133333362662370_37.5372311246279509
2026-09-04T18:34:05.570303+09:00,광나루한강공원,광나루한강공원,POI087,KEY_3,1230035900,강변북로.한가람로사이길,1230342900,최소노드배치점,127.1015149961345827_37.5246010575964561,1230052101,잠실대교JC,127.1014277624528717_37.5224635506086486,473.0,41.0,원활,127.1014277624528717_37.5224635506086486|127.1019012970064210_37.5227419164495544|127.1022293161336734_37.5229454568152008|127.1023955346630316_37.5230204059564443|127.1026425819513577_37.5231060119775464|127.1028940706044494_37.5231558555366931|127.1034374042296093_37.5232197458338632|127.1034778407937154_37.5232411659780993|127.1034868601301469_37.5232697648950335|127.1034734249590059_37.5232948074079431|127.1033926368200042_37.5233127576457974|127.1025529951041904_37.5232562760554629|127.1024721909816861_37.5232634983457274|127.1023734783107670_37.5233064941788044|127.1022972616788422_37.5233852285200129|127.1015149961345827_37.5246010575964561
2026-09-04T18:34:05.570303+09:00,광나루한강공원,광나루한강공원,POI087,KEY_3,1230037000,강동대로,1230002402,올림픽대교(남측),127.1085524663248947_37.5294043437257443,1230055300,올림픽대교JC,127.1070429303796345_37.5308586555323842,209.0,59.0,원활,127.1070429303796345_37.5308586555323842|127.1071826739481168_37.5307235038766933|127.1080659148240812_37.5298788826372558|127.1085524663248947_37.5294043437257443
2026-09-04T18:34:05.570303+09:00,광나루한강공원,광나루한강공원,POI087,KEY_3,1230037100,강동대로,1230055100,올림픽대교남단IC,127.1081706965742200_37.5299476979813633,1230002401,올림픽대교(남측),127.1086576634710497_37.5294727540513975,68.0,60.0,원활,127.1086576634710497_37.5294727540513975|127.1081706965742200_37.5299476979813633
2026-09-04T18:34:05.570303+09:00,광나루한강공원,광나루한강공원,POI087,KEY_3,1230090200,올림픽대로,1230054000,올림픽대교남단IC,127.1051025385346520_37.5260799913631047,1230055601,올림픽대교남단IC,127.1088850042010847_37.5302574334446248,576.0,81.7,원활,127.1088850042010847_37.5302574334446248|127.1087569682559320_37.5299831257084406|127.1086623868030614_37.5297829652675716|127.1085948294174557_37.5296399934726352|127.1085003472445152_37.5295077736948031|127.1082123774365158_37.5290860864164131|127.1079469834661637_37.5287501990476358|127.1075692455725772_37.5283464716297388|127.1067698727563737_37.5275344855949697|127.1051025385346520_37.5260799913631047
2026-09-04T18:34:05.570303+09:00,광나루한강공원,광나루한강공원,POI087,KEY_3,1230090400,올림픽대로,1230055601,올림픽대교남단IC,127.1088850042010847_37.5302574334446248,1230055100,올림픽대교남단IC,127.1081706965742200_37.5299476979813633,339.0,49.3,서행,127.1081706965742200_37.5299476979813633|127.1078345692699685_37.5304007809457758|127.1077032400517055_37.5306042495152852|127.1076712736896184_37.5307043059950090|127.1076482146884530_37.5308187018855577|127.1076699998539539_37.5309475558016175|127.1077233573010830_37.5310514745469277|127.1077813389797910_37.5311303664476981|127.1078887300662217_37.5312094231246149|127.1080142386506679_37.5312599212262654|127.1081398786947716_37.5312853793569801|127.1082745960005838_37.5312929811048477|127.1084543994672345_37.5312685359485343|127.1086209335816193_37.5312046974480467|127.1087245812778406_37.5311406499274369|127.1087878223726619_37.5310728913791465|127.1088422461959766_37.5309729085143360|127.1088832706566194_37.5308585715166814|127.1088927767297747_37.5307584399179603|127.1089025448454493_37.5306082268346017|127.1088850042010847_37.5302574334446248
2026-09-04T18:34:05.570303+09:00,광나루한강공원,광나루한강공원,POI087,KEY_3,1230090700,강동대로,1230055800,올림픽대교JC,127.1057403919076734_37.5322885127339063,1230055100,올림픽대교남단IC,127.1081706965742200_37.5299476979813633,337.0,62.5,원활,127.1081706965742200_37.5299476979813633|127.1072872786940309_37.5307924913453235|127.1057403919076734_37.5322885127339063
2026-09-04T18:34:05.570303+09:00,광나루한강공원,광나루한강공원,POI087,KEY_3,1230090800,올림픽대로,1230055800,올림픽대교JC,127.1057403919076734_37.5322885127339063,1230056001,올림픽대교남단IC,127.1099294541211577_37.5335917221984587,540.0,39.5,서행,127.1099294541211577_37.5335917221984587|127.1096262768232208_37.5330896658542983|127.1094795159279869_37.5328065769456458|127.1093907047227844_37.5326095338056689|127.1092454868847028_37.5323181025886257|127.1091476110435536_37.5321365306090513|127.1090762771443963_37.5320337463737346|127.1089958837828675_37.5319452405059266|127.1088587936477694_37.5318183898052453|127.1086976727481925_37.5317057689452653|127.1085573264984134_37.5316289886031740|127.1083751328115881_37.5315377602104405|127.1081748335834476_37.5314727050775119|127.1079863896938349_37.5314315378132548|127.1078277784543076_37.5314119318962369|127.1076302005832872_37.5313993521511904|127.1074384993772952_37.5314082537991993|127.1072706793245004_37.5314315449563765|127.1070547962320347_37.5314832934178995|127.1069138144955417_37.5315281360046669|127.1067757391387971_37.5315896821536654|127.1066526373526813_37.5316512776893703|127.1063641193078269_37.5318482588181652|127.1057403919076734_37.5322885127339063
2026-09-04T18:34:05.570303+09:00,광나루한강공원,광나루한강공원,POI087,KEY_3,1230091800,올림픽대로,1230056600,미성카센타,127.1133333362662370_37.5372311246279509,1230057400,천호대교JC,127.1157174036013373_37.5395156076707224,331.0,52.0,원활,127.1157174036013373_37.5395156076707224|127.1151468092735115_37.5390904403905097|127.1149641714684719_37.5389348300830221|127.1147295222956757_37.5387015434871998|127.1140182220692196_37.5379778060380431|127.1133333362662370_37.5372311246279509
2026-09-04T18:34:05.570303+09:00,광나루한강공원,광나루한강공원,POI087,KEY_3,1230091900,올림픽대로,1230056900,천호대교JC,127.1162142103148085_37.5388537608271946,1230057400,천호대교JC,127.1157174036013373_37.5395156076707224,178.0,33.0,서행,127.1157174036013373_37.5395156076707224|127.1154640026734057_37.5392882235603764|127.1153746464073464_37.5391925382371454|127.1153301531393680_37.5391089238801996|127.1153080896353629_37.5390313450269062|127.1153046362326791_37.5389746935386270|127.1153237071228119_37.5389061917311793|127.1153577047622036_37.5388466817326076|127.1154142265800857_37.5387753204867778|127.1154593628562139_37.5387337321685379|127.1155269466954394_37.5386951987887585|127.1156281753993653_37.5386657181129024|127.1157330715718530_37.5386511543116654|127.1158602757870142_37.5386664736148248|127.1159835987508444_37.5387086094438516|127.1162142103148085_37.5388537608271946
2026-09-04T18:34:05.570303+09:00,광나루한강공원,광나루한강공원,POI087,KEY_3,1230092600,올림픽대로,1230057400,천호대교JC,127.1157174036013373_37.5395156076707224,1240000704,송파구-강동구,127.1177702741646272_37.5412636326827069,266.0,59.3,원활,127.1177702741646272_37.5412636326827069|127.1173955639220026_37.5409316902013757|127.1157174036013373_37.5395156076707224
2026-09-04T18:34:05.570303+09:00,광나루한강공원,광나루한강공원,POI087,KEY_3,1230092900,올림픽대로,1230057400,천호대교JC,127.1157174036013373_37.5395156076707224,1230058100,천호대교,127.1159520970910961_37.5417466710169379,328.0,30.0,서행,127.1159520970910961_37.5417466710169379|127.1165541276385795_37.5414864175535428|127.1167530618793080_37.5413857073547419|127.1168245734631626_37.5413114132071115|127.1168848836948229_37.5412311204375655|127.1169340554431244_37.5411329051754237|127.1169495337675812_37.5410345809067465|127.1169499298096639_37.5409570747468919|127.1169242421861156_37.5408556359407726|127.1168686213662795_37.5407511192081316|127.1167570894564420_37.5405987236708256|127.1161827557995565_37.5400239001523843|127.1157174036013373_37.5395156076707224
2026-09-04T18:34:05.570303+09:00,광나루한강공원,광나루한강공원,POI087,KEY_3,1230093200,천호대로,1230425800,최소노드배치점,127.1206473646241477_37.5399649693936297,1230058100,천호대교,127.1159520970910961_37.5417466710169379,464.0,37.0,원활,127.1159520970910961_37.5417466710169379|127.1161491919131947_37.5416905000389676|127.1183256249000664_37.5410826767303547|127.1184867245484753_37.5410376841720819|127.1189581322967541_37.5408884029799665|127.1192856066919603_37.5407540814178731|127.1196722318756258_37.5405730840098570|127.1200712468310456_37.5403536063656276|127.1206473646241477_37.5399649693936297
2026-09-04T18:34:05.570303+09:00,광나루한강공원,광나루한강공원,POI087,KEY_3,1230093300,천호대로,1230058200,천호대교,127.1159661888353156_37.5418575359492053,1230057900,천호대교JC,127.1196303873800275_37.5407181431623798,348.0,48.0,원활,127.1196303873800275_37.5407181431623798|127.1193511805818588_37.5408488525534025|127.1190144651814933_37.5409869651035706|127.1185343214704062_37.5411390123457025|127.1183705829695612_37.5411847428288681|127.1161945568195506_37.5417924521301600|127.1159661888353156_37.5418575359492053
2026-09-04T18:34:05.570303+09:00,광나루한강공원,광나루한강공원,POI087,KEY_3,1230434300,천호대로,1230058301,광진구-강동구,127.1110000296090448_37.5432727264046662,1230058200,천호대교,127.1159661888353156_37.5418575359492053,466.0,56.7,원활,127.1159661888353156_37.5418575359492053|127.1110000296090448_37.5432727264046662
2026-09-04T18:34:05.570303+09:00,광나루한강공원,광나루한강공원,POI087,KEY_3,1230434400,천호대로,1230058100,천호대교,127.1159520970910961_37.5417466710169379,1230058302,광진구-강동구,127.1109540025240250_37.5431709639418898,469.0,55.5,원활,127.1109540025240250_37.5431709639418898|127.1159520970910961_37.5417466710169379
2026-09-04T18:34:05.570303+09:00,광나루한강공원,광나루한강공원,POI087,KEY_3,1240004002,수도권제1순환고속도로,1240030900,강일IC,127.1651625313621281_37.5734340461809779,1240030500,강일IC,127.1680363385314934_37.5723391779006377,337.0,38.0,원활,127.1680363385314934_37.5723391779006377|127.1679375057071582_37.5726668136497821|127.1678164127926607_37.5729466913235299|127.1676507446742903_37.5731429730831223|127.1673801822541492_37.5733449219623097|127.1671698867062048_37.5734695327726271|127.1669522874906590_37.5735523879642201|127.1666523159129412_37.5736290485050191|127.1663375230439925_37.5736698939382947|127.1660754297366083_37.5736512663853404|127.1656936991961686_37.5735846030556573|127.1651625313621281_37.5734340461809779
2026-09-04T18:34:05.570303+09:00,광나루한강공원,광나루한강공원,POI087,KEY_3,1240004102,수도권제1순환고속도로,1240031000,강일IC(북측),127.1634752871115808_37.5755388690718135,1240030400,강일IC(남측),127.1657495975126295_37.5728096914099865,363.0,25.0,원활,127.1657495975126295_37.5728096914099865|127.1634752871115808_37.5755388690718135
2026-09-04T18:34:05.570303+09:00,광나루한강공원,광나루한강공원,POI087,KEY_3,1240004302,수도권제1순환고속도로,1240030700,강일IC(남측),127.1653218540085248_37.5726985985708808,1240001800,강일IC(북측),127.1637915819941043_37.5745162605052201,243.0,74.3,원활,127.1637915819941043_37.5745162605052201|127.1653218540085248_37.5726985985708808
2026-09-04T18:34:05.570303+09:00,광나루한강공원,광나루한강공원,POI087,KEY_3,1240004400,수도권제1순환고속도로,1240031000,강일IC(북측),127.1634752871115808_37.5755388690718135,1240031100,강일IC,127.1691443708316314_37.5755176901044976,603.0,16.3,서행,127.1691443708316314_37.5755176901044976|127.1683515051425104_37.5752531339766875|127.1671551774036573_37.5747549149552498|127.1659813385120970_37.5742567467394366|127.1657045812182645_37.5741665325013443|127.1655548210494828_37.5741541845667157|127.1653750434233388_37.5741536743072615|127.1651876429522900_37.5741829540882151|127.1650151694652351_37.5742241986279737|127.1648275280877840_37.5743071350576443|127.1646248509363346_37.5744019528390112|127.1634752871115808_37.5755388690718135
2026-09-04T18:34:05.570303+09:00,광나루한강공원,광나루한강공원,POI087,KEY_3,1240004500,수도권제1순환고속도로,1249098300,최소노드배치점,127.1633568206802778_37.5726671424708130,1240031100,강일IC,127.1691443708316314_37.5755176901044976,604.0,56.7,원활,127.1691443708316314_37.5755176901044976|127.1684057617363095_37.5752141751109505|127.1677143859803891_37.5748694120681677|127.1668248690925651_37.5744435969194015|127.1660475110784745_37.5740657898579471|127.1652888200322025_37.5737029359402825|127.1637676876223964_37.5729831642507293|127.1636032703812162_37.5728992267665660|127.1634986974201382_37.5728333458983386|127.1634241141811543_37.5727615876864576|127.1633682832330834_37.5726839217883821|127.1633568206802778_37.5726671424708130
2026-09-04T18:34:05.570303+09:00,광나루한강공원,광나루한강공원,POI087,KEY_3,1240004800,수도권제1순환고속도로,1240030300,강일IC,127.1606499758005384_37.5714359568575702,1240001800,강일IC(북측),127.1637915819941043_37.5745162605052201,502.0,52.3,원활,127.1637915819941043_37.5745162605052201|127.1640728136204643_37.5738936067012759|127.1641112573887256_37.5736731197052549|127.1640745545810915_37.5735060768960238|127.1639705689491251_37.5733090325426957|127.1638363274989985_37.5731774845940123|127.1636796150773421_37.5730458730428509|127.1632012909007443_37.5728060257228620|127.1613554414870180_37.5718468130863954|127.1606499758005384_37.5714359568575702
2026-09-04T18:34:05.570303+09:00,광나루한강공원,광나루한강공원,POI087,KEY_3,1240041400,올림픽대로,1230058200,천호대교,127.1159661888353156_37.5418575359492053,1240017800,천호동480-7,127.1193551490127760_37.5429706223890776,366.0,40.3,서행,127.1193551490127760_37.5429706223890776|127.1191149729041570_37.5426412172727382|127.1186559044189437_37.5422152338548187|127.1184172538477384_37.5420284458060749|127.1182143981745298_37.5418703903455224|127.1180314731057592_37.5417684432610983|127.1178670693293213_37.5417053095727766|127.1176913435667331_37.5416600249226207|127.1175267263362656_37.5416386243567644|127.1173919531962753_37.5416381871796503|127.1171934003703683_37.5416643737201525|127.1159661888353156_37.5418575359492053
2026-09-04T18:34:05.570303+09:00,광나루한강공원,광나루한강공원,POI087,KEY_3,1240041700,올림픽대로,1240000704,송파구-강동구,127.1177702741646272_37.5412636326827069,1240017800,천호동480-7,127.1193551490127760_37.5429706223890776,237.0,61.0,원활,127.1193551490127760_37.5429706223890776|127.1191614498819717_37.5426306349992416|127.1189681247738150_37.5423646982119266|127.1186924398611637_37.5420984952193777|127.1182602045156358_37.5416976373432547|127.1177702741646272_37.5412636326827069
2026-09-04T18:34:05.570303+09:00,광나루한강공원,광나루한강공원,POI087,KEY_3,1240042100,올림픽대로,1240017800,천호동480-7,127.1193551490127760_37.5429706223890776,1240018300,상행4교,127.1200789348837787_37.5446471106927930,197.0,55.3,원활,127.1200789348837787_37.5446471106927930|127.1198037347710965_37.5439880095403069|127.1194795577771686_37.5432428947114047|127.1193551490127760_37.5429706223890776
2026-09-04T18:34:05.570303+09:00,광나루한강공원,광나루한강공원,POI087,KEY_3,1240042302,올림픽대로,1240032400,상행4교,127.1204348553451950_37.5446076809158882,1240020000,광나루안내센터앞,127.1217277682565907_37.5477735136945441,370.0,70.0,원활,127.1217277682565907_37.5477735136945441|127.1213840772890364_37.5468190353825406|127.1212036413887034_37.5463293298339167|127.1210368608753214_37.5459504616287774|127.1207574154174154_37.5453285505199403|127.1204348553451950_37.5446076809158882
2026-09-04T18:34:05.570303+09:00,광나루한강공원,광나루한강공원,POI087,KEY_3,1240042400,올림픽대로,1240018000,광진교(동측),127.1177651433606286_37.5433963082104114,1240018300,상행4교,127.1200789348837787_37.5446471106927930,276.0,43.7,서행,127.1200789348837787_37.5446471106927930|127.1196730132447357_37.5440734423594407|127.1195971491536056_37.5439730353192189|127.1195077699718183_37.5438797381744678|127.1194048407431296_37.5438007066636459|127.1189614043024676_37.5435381364146963|127.1187150792044207_37.5433870966714593|127.1185940715525788_37.5433294696328730|127.1184774296472852_37.5432968975747983|127.1183786120777057_37.5432930007483918|127.1182572765543597_37.5432997635863899|127.1177651433606286_37.5433963082104114
2026-09-04T18:34:05.570303+09:00,광나루한강공원,광나루한강공원,POI087,KEY_3,1240042800,올림픽대로,1240018300,상행4교,127.1200789348837787_37.5446471106927930,1240018200,천호대교JC,127.1211431987809704_37.5447471157151540,162.0,37.7,서행,127.1211431987809704_37.5447471157151540|127.1211604267792268_37.5448938392005402|127.1211239968275066_37.5449903077650191|127.1210651588128684_37.5450759737932458|127.1209840003271978_37.5451329487343273|127.1208984774984714_37.5451648695119218|127.1207950378878309_37.5451860010776883|127.1206871406906345_37.5451999633571774|127.1205703678194112_37.5451924340691718|127.1204761672079258_37.5451635135530495|127.1203911338036221_37.5450988491057771|127.1202036036161900_37.5448693016934172|127.1200789348837787_37.5446471106927930
2026-09-04T18:34:05.570303+09:00,광나루한강공원,광나루한강공원,POI087,KEY_3,1240043700,올림픽대로,1240018300,상행4교,127.1200789348837787_37.5446471106927930,1240020000,광나루안내센터앞,127.1217277682565907_37.5477735136945441,377.0,52.7,원활,127.1217277682565907_37.5477735136945441|127.1212759966970225_37.5469153604550527|127.1210049801465232_37.5463135111228326|127.1209069734959058_37.5461486431880829|127.1206662160814318_37.5457829894321264|127.1204255690761471_37.5453958723591228|127.1202696502783169_37.5451342307823310|127.1201275194644040_37.5448118206155357|127.1200789348837787_37.5446471106927930
2026-09-04T18:34:05.570303+09:00,광나루한강공원,광나루한강공원,POI087,KEY_3,1240045200,올림픽대로,1240020000,광나루안내센터앞,127.1217277682565907_37.5477735136945441,1240001200,경지리버캐슬,127.1230632962747364_37.5514363188395635,423.0,59.3,원활,127.1230632962747364_37.5514363188395635|127.1222773585622576_37.5492997494173082|127.1217277682565907_37.5477735136945441
2026-09-04T18:34:05.570303+09:00,광나루한강공원,광나루한강공원,POI087,KEY_3,1240047100,올림픽대로,1240001200,경지리버캐슬,127.1230632962747364_37.5514363188395635,1240023602,토끼굴입구교차로,127.1239139566358176_37.5547761552695221,378.0,47.0,서행,127.1239139566358176_37.5547761552695221|127.1238319581724454_37.5545467811282307|127.1236789988214184_37.5539882420447455|127.1233559075293158_37.5527137092216492|127.1230632962747364_37.5514363188395635
2026-09-04T18:34:05.570303+09:00,광나루한강공원,광나루한강공원,POI087,KEY_3,1240048400,올림픽대로,1240023601,토끼굴입구교차로,127.1239539812538482_37.5548831627873270,1240001404,토끼굴입구교차로,127.1250320763398065_37.5548511707998713,95.0,37.3,원활,127.1250320763398065_37.5548511707998713|127.1239539812538482_37.5548831627873270
2026-09-04T18:34:05.570303+09:00,광나루한강공원,광나루한강공원,POI087,KEY_3,1240049000,올림픽대로,1240001200,경지리버캐슬,127.1230632962747364_37.5514363188395635,1240025100,한강공원광나루지구앞,127.1269478033680542_37.5596504528202146,978.0,75.7,원활,127.1269478033680542_37.5596504528202146|127.1267496973602817_37.5593753265502670|127.1265066019370522_37.5590573372870296|127.1262273815180919_37.5586249595653143|127.1260337536956229_37.5583390999885367|127.1258490752626926_37.5580317751064641|127.1256418735539881_37.5576851390736692|127.1254301889410527_37.5573420834741540|127.1252499164838241_37.5569811156751996|127.1250966558760211_37.5566558768257437|127.1248848334649182_37.5562270003697236|127.1247360440222423_37.5558874529512821|127.1245781829503017_37.5554942767383437|127.1244112578118575_37.5550510486342262|127.1242397953772922_37.5545792183717495|127.1238473589382494_37.5535676683159139|127.1230632962747364_37.5514363188395635
2026-09-04T18:34:05.570303+09:00,광나루한강공원,광나루한강공원,POI087,KEY_3,1240055102,올림픽대로,1240090702,암사IC(동측),127.1362722116925994_37.5665738586957119,1240090901,암사IC,127.1394559378402249_37.5670778105045855,290.0,73.5,원활,127.1394559378402249_37.5670778105045855|127.1392235027427517_37.5670837960173998|127.1387484463464119_37.5670734478306017|127.1384095245911254_37.5670446840480778|127.1379356221320194_37.5669908429020794|127.1376427892064527_37.5669474737897886|127.1373686766040549_37.5669013071047218|127.1370990240938568_37.5668372561549120|127.1367978928529539_37.5667553608164653|127.1362722116925994_37.5665738586957119
2026-09-04T18:34:05.570303+09:00,광나루한강공원,광나루한강공원,POI087,KEY_3,1240055103,올림픽대로,1240090202,암사IC(서측),127.1308373655388664_37.5634694337541291,1240090702,암사IC(동측),127.1362722116925994_37.5665738586957119,594.0,77.3,원활,127.1362722116925994_37.5665738586957119|127.1359618092228487_37.5664666845864019|127.1356965859733208_37.5663668666233050|127.1352739684259205_37.5661742566018333|127.1347748760588274_37.5659209431275443|127.1340149204080774_37.5654891321954594|127.1334438721459890_37.5651858336020723|127.1329177577794809_37.5648860567984357|127.1325580067021122_37.5646719116931251|127.1321217855294492_37.5643970609068134|127.1316495417214725_37.5640721875436014|127.1313256970069148_37.5638365431922949|127.1308938962237960_37.5635151978296022|127.1308373655388664_37.5634694337541291
2026-09-04T18:34:05.570303+09:00,광나루한강공원,광나루한강공원,POI087,KEY_3,1240055104,올림픽대로,1240025100,한강공원광나루지구앞,127.1269478033680542_37.5596504528202146,1240090202,암사IC(서측),127.1308373655388664_37.5634694337541291,547.0,76.0,원활,127.1308373655388664_37.5634694337541291|127.1304395565809671_37.5631473897905153|127.1297692396458956_37.5625688430569511|127.1293553268536130_37.5621938351308913|127.1289548887118599_37.5618152340556080|127.1286624204853126_37.5615294868736953|127.1282079077977443_37.5610472428759650|127.1279469249624725_37.5607829142085734|127.1277579236502930_37.5605828724556119|127.1273528761989411_37.5601256030252131|127.1271323445065207_37.5598719561348560|127.1269478033680542_37.5596504528202146
2026-09-04T18:34:05.570303+09:00,광나루한강공원,광나루한강공원,POI087,KEY_3,1240057300,올림픽대로,1240030300,강일IC,127.1606499758005384_37.5714359568575702,1240030900,강일IC,127.1651625313621281_37.5734340461809779,456.0,19.0,정체,127.1651625313621281_37.5734340461809779|127.1632490113124447_37.5725223673562283|127.1606499758005384_37.5714359568575702
2026-09-04T18:34:05.570303+09:00,광나루한강공원,광나루한강공원,POI087,KEY_3,1240057500,서울양양고속도로,1240030900,강일IC,127.1651625313621281_37.5734340461809779,1240031100,강일IC,127.1691443708316314_37.5755176901044976,421.0,16.0,서행,127.1691443708316314_37.5755176901044976|127.1684720445243215_37.5751921035002070|127.1679862738846367_37.5749460640484614|127.1673070552934064_37.5745822937581835|127.1651625313621281_37.5734340461809779
2026-09-04T18:34:05.570303+09:00,광나루한강공원,광나루한강공원,POI087,KEY_3,1240059700,올림픽대로,1240017800,천호동480-7,127.1193551490127760_37.5429706223890776,1240032400,상행4교,127.1204348553451950_37.5446076809158882,206.0,64.0,원활,127.1204348553451950_37.5446076809158882|127.1201623800669296_37.5441394084785358|127.1198193379672148_37.5435695202564261|127.1196945642871015_37.5433687916018997|127.1195071488959343_37.5431177801974911|127.1193551490127760_37.5429706223890776
2026-09-04T18:34:05.570303+09:00,광나루한강공원,광나루한강공원,POI087,KEY_3,1240216500,올림픽대로,1240090202,암사IC(서측),127.1308373655388664_37.5634694337541291,1240090300,암사IC,127.1311901252658743_37.5637979024442927,48.0,61.0,원활,127.1311901252658743_37.5637979024442927|127.1310138827218452_37.5636337964583262|127.1308373655388664_37.5634694337541291
2026-09-04T18:34:05.570303+09:00,광나루한강공원,광나루한강공원,POI087,KEY_3,1240216700,올림픽대로,1240090300,암사IC,127.1311901252658743_37.5637979024442927,1240090500,암사IC,127.1329986169290862_37.5660652670102877,318.0,55.7,원활,127.1329986169290862_37.5660652670102877|127.1328953941539055_37.5659201364822906|127.1328683589674426_37.5657876034544600|127.1328605096152273_37.5656794288641009|127.1328678177050620_37.5654828603696558|127.1328713805042128_37.5653335298719071|127.1328673549299992_37.5652223038032886|127.1328537636253913_37.5651141329609501|127.1328152880906686_37.5650059928144842|127.1327730376240623_37.5649283303708970|127.1326867371606824_37.5648354806896165|127.1325793638164470_37.5647350366917578|127.1319258660842877_37.5643015086600727|127.1313737935168007_37.5639166927200563|127.1311901252658743_37.5637979024442927
2026-09-04T18:34:05.570303+09:00,광나루한강공원,광나루한강공원,POI087,KEY_3,1240217100,올림픽대로,1240090300,암사IC,127.1311901252658743_37.5637979024442927,1240090800,암사IC,127.1365972294102136_37.5651414590423798,693.0,57.3,원활,127.1365972294102136_37.5651414590423798|127.1366263498069742_37.5655247592747017|127.1366167971389984_37.5656929654523779|127.1365649460693987_37.5658421591015284|127.1365017738534391_37.5659610923698466|127.1364258738261981_37.5660542502193593|127.1363443474445631_37.5661507779322008|127.1362559045065979_37.5662221956221316|127.1361627886459758_37.5662828859782465|127.1360539698548564_37.5663292820469792|127.1359376504363468_37.5663766290928933|127.1358095231906304_37.5664104188161829|127.1356841884783364_37.5664318678621783|127.1355588365373990_37.5664432247464291|127.1354531846279627_37.5664411025320177|127.1353489279283622_37.5664356161090396|127.1352108326978083_37.5664111059951153|127.1350797559133667_37.5663731304233295|127.1349599506734194_37.5663351418212059|127.1347329831988588_37.5662412119071334|127.1345299467184589_37.5661371604368099|127.1342169603501446_37.5659917464286082|127.1340214186574826_37.5658947989163110|127.1335532128112504_37.5656929956492291|127.1332924858514275_37.5655570489759256|127.1331657550513938_37.5654850024289502|127.1330075339983523_37.5653758269636810|127.1328322008377683_37.5652387973408679|127.1326037771345341_37.5650332117797632|127.1323717324360416_37.5648140500230099|127.1322296265415730_37.5646762668406211|127.1320398864888830_37.5645135188209238|127.1318015860040163_37.5643079445266750|127.1315363565676506_37.5641031115349975|127.1313266480101163_37.5639559655156603|127.1311901252658743_37.5637979024442927
2026-09-04T18:34:05.570303+09:00,광나루한강공원,광나루한강공원,POI087,KEY_3,1240217200,올림픽대로,1240090701,암사IC(동측),127.1364229071871677_37.5663677147302906,1240090500,암사IC,127.1329986169290862_37.5660652670102877,429.0,42.0,서행,127.1329986169290862_37.5660652670102877|127.1329600232939043_37.5659203700531990|127.1329477880620686_37.5657735359934364|127.1329571774073059_37.5656667286276971|127.1329953312629755_37.5655656083791030|127.1330524000476601_37.5654702791231472|127.1331395872142025_37.5653680962422101|127.1332719276441736_37.5652471288348551|127.1334574976156517_37.5651451697874421|127.1336425154903651_37.5650873571503965|127.1338331574076790_37.5650681545166520|127.1339956210931490_37.5650678927528929|127.1341503653642917_37.5650884588409824|127.1343907537342943_37.5651804419851203|127.1347988979699153_37.5654176755140767|127.1361786059709686_37.5661791595674472|127.1364229071871677_37.5663677147302906
2026-09-04T18:34:05.570303+09:00,광나루한강공원,광나루한강공원,POI087,KEY_3,1240217300,올림픽대로,1240032202,암사IC,127.1348105358614475_37.5657190763764177,1240090702,암사IC(동측),127.1362722116925994_37.5665738586957119,536.0,54.0,원활,127.1362722116925994_37.5665738586957119|127.1355422138825730_37.5663616190620218|127.1348522274947328_37.5660240593168595|127.1342908298379797_37.5657067127172297|127.1341501924355697_37.5656478330757935|127.1340163428170911_37.5656032849037871|127.1338410826988223_37.5655780026662782|127.1336805566699155_37.5655762771312212|127.1335679829956007_37.5655935685079001|127.1334553318832974_37.5656328324409614|127.1333445177709223_37.5657000728031463|127.1332756414529683_37.5657719725260222|127.1332170858739090_37.5658548445979292|127.1331755937859640_37.5659449107621697|127.1331652662762650_37.5660414865934911|127.1331867609522135_37.5661374994450910|127.1332400486171395_37.5662272919825639|127.1333189293997492_37.5663054624892823|127.1334168092737400_37.5663671403775368|127.1335308265165622_37.5664115431693588|127.1336547605761496_37.5664370029105470|127.1337870236855281_37.5664456260945272|127.1339187209134565_37.5664270829611198|127.1340416062283367_37.5663864212405372|127.1341479884932824_37.5663306954828826|127.1342383507524829_37.5662603980275662|127.1343304101638694_37.5661885497603620|127.1344106509993281_37.5661070895429674|127.1348105358614475_37.5657190763764177
2026-09-04T18:34:05.570303+09:00,광나루한강공원,광나루한강공원,POI087,KEY_3,1240217600,올림픽대로,2210023201,구리암사대교(남측),127.1334726884199142_37.5674589454839420,1240090901,암사IC,127.1394559378402249_37.5670778105045855,575.0,53.3,원활,127.1394559378402249_37.5670778105045855|127.1391618742425180_37.5671175478771460|127.1387317818069249_37.5671512557337621|127.1381680858627021_37.5671271691521014|127.1378284097649924_37.5670932364760404|127.1374725327581388_37.5670450228944262|127.1372447989842129_37.5670107436991003|127.1369697781383366_37.5669581404343518|127.1367585584036846_37.5669140446188194|127.1365455306683003_37.5668628011187735|127.1363783400160372_37.5668179373993993|127.1362139303013947_37.5667647999988148|127.1360363612497935_37.5667022909636685|127.1358671842482835_37.5666359499810625|127.1357252808234790_37.5665890154760760|127.1355862061503359_37.5665495495053392|127.1354603154168927_37.5665272655413673|127.1352987581030334_37.5665184813906166|127.1351409859530435_37.5665253898261540|127.1350085934929695_37.5665449784701764|127.1348612114022671_37.5665847708890581|127.1347194891144881_37.5666380121291681|127.1345881243871787_37.5667061961113262|127.1344361688853581_37.5668140219592956|127.1342926771646944_37.5669293153423993|127.1341501309783979_37.5670475978779947|127.1339456741921055_37.5672093135944110|127.1334726884199142_37.5674589454839420
2026-09-04T18:34:05.570303+09:00,광나루한강공원,광나루한강공원,POI087,KEY_3,1240224500,구천면로,1249098600,최소노드배치점,127.1150320984369557_37.5442471099520390,1240018000,광진교(동측),127.1177651433606286_37.5433963082104114,259.0,42.0,원활,127.1177651433606286_37.5433963082104114|127.1150320984369557_37.5442471099520390
2026-09-04T18:34:05.570303+09:00,광나루한강공원,광나루한강공원,POI087,KEY_3,1240225700,양재대로,2210023201,구리암사대교(남측),127.1334726884199142_37.5674589454839420,1240032201,암사IC,127.1349194171493338_37.5657805051552458,226.0,49.0,원활,127.1349194171493338_37.5657805051552458|127.1347113561779594_37.5660250553624380|127.1343030318637659_37.5664722466768595|127.1334726884199142_37.5674589454839420
2026-09-04T18:34:05.570303+09:00,광나루한강공원,광나루한강공원,POI087,KEY_3,1240225800,양재대로,1240032202,암사IC,127.1348105358614475_37.5657190763764177,2210023202,구리암사대교(남측),127.1333607373298094_37.5673990317431219,226.0,73.5,원활,127.1333607373298094_37.5673990317431219|127.1339898006687719_37.5666507311606352|127.1345996182809017_37.5659635700386403|127.1347596556099120_37.5657752217915260|127.1348105358614475_37.5657190763764177
2026-09-04T18:34:05.570303+09:00,광나루한강공원,광나루한강공원,POI087,KEY_3,1249001300,올림픽대로,1249000900,강동고덕IC,127.1454005448970577_37.5666132262366972,1249001700,강동고덕IC,127.1492121179498014_37.5666314223501203,339.0,27.5,정체,127.1492121179498014_37.5666314223501203|127.1491517684305705_37.5666506266823532|127.1490891987170784_37.5666668338693199|127.1490241536903909_37.5666798852292416|127.1489563782325547_37.5666896220796218|127.1488856172266821_37.5666958857371682|127.1488116155573067_37.5666985175178283|127.1487538341527852_37.5666980124752143|127.1486939787477439_37.5666953082959765|127.1486319417171700_37.5666903380342205|127.1482595541863247_37.5666553171452406|127.1481842141033667_37.5666458129190204|127.1481029864332157_37.5666368475785077|127.1480166691343072_37.5666284947251015|127.1479105974525794_37.5666196220394184|127.1477999514545161_37.5666118000809703|127.1476859982637393_37.5666051457360766|127.1475700050023363_37.5665997758956252|127.1474532387909591_37.5665958074551938|127.1473534987606371_37.5665936099474820|127.1472549197459756_37.5665926015455014|127.1471742331369512_37.5665927226699523|127.1460812311838140_37.5666310345758490|127.1454005448970577_37.5666132262366972
2026-09-04T18:34:05.570303+09:00,광나루한강공원,광나루한강공원,POI087,KEY_3,1249004200,세종포천고속도로,1249003800,속성변화점,127.1538504256544826_37.5669421443272782,1249004200,강동고덕IC,127.1531229995195389_37.5684066576774143,177.0,61.0,원활,127.1531229995195389_37.5684066576774143|127.1535588105884784_37.5677732648299880|127.1535929995864933_37.5677180275478122|127.1536248360431784_37.5676632906555739|127.1536543679879827_37.5676090409917052|127.1536816434500565_37.5675552653944180|127.1537067104583940_37.5675019507018462|127.1537296170416482_37.5674490837518178|127.1537504112283159_37.5673966513820972|127.1537691410466238_37.5673446404302638|127.1537858545246706_37.5672930377337835|127.1538005996902143_37.5672418301299587|127.1538134245708846_37.5671910044559638|127.1538243771941552_37.5671405475488882|127.1538335055871727_37.5670904462456576|127.1538408577770412_37.5670406873831837|127.1538464817905947_37.5669912577981435|127.1538504256544826_37.5669421443272782
2026-09-04T18:34:05.570303+09:00,광나루한강공원,광나루한강공원,POI087,KEY_3,1249004300,세종포천고속도로,1249004000,고덕토평대교남측,127.1545591558637369_37.5669550891076014,1249004200,강동고덕IC,127.1531229995195389_37.5684066576774143,205.0,97.5,원활,127.1531229995195389_37.5684066576774143|127.1532135199928177_37.5683248961847838|127.1533046506330322_37.5682413080580773|127.1533960872386615_37.5681562109459009|127.1534875266374343_37.5680699219237368|127.1535786664171752_37.5679827576630743|127.1536691796681140_37.5678950588425877|127.1537810724618538_37.5677850763585255|127.1538909404785898_37.5676753577294917|127.1539982208116442_37.5675664961815983|127.1541023247567068_37.5674591108636875|127.1542026905767671_37.5673537932635924|127.1542798270779571_37.5672715179325110|127.1543538975981420_37.5671912761153450|127.1544245713835153_37.5671134180022293|127.1545591558637369_37.5669550891076014
2026-09-04T18:34:05.570303+09:00,광나루한강공원,광나루한강공원,POI087,KEY_3,1249004400,세종포천고속도로,1249004200,강동고덕IC,127.1531229995195389_37.5684066576774143,1249004300,속성변화점,127.1522537238791841_37.5691179051641413,110.0,91.0,원활,127.1522537238791841_37.5691179051641413|127.1523607796468411_37.5690333491446182|127.1525902903006937_37.5688563531528530|127.1526498118070663_37.5688094067240073|127.1527108078899033_37.5687602660624833|127.1527731575753677_37.5687090563237618|127.1528367244431763_37.5686559157201145|127.1529013741228908_37.5686009814704747|127.1529669738312691_37.5685443899934768|127.1530333557997778_37.5684863087568388|127.1531229995195389_37.5684066576774143
2026-09-04T18:34:05.570303+09:00,광나루한강공원,광나루한강공원,POI087,KEY_3,1249004900,세종포천고속도로,1249004700,속성변화점,127.1532558940064632_37.5685317270623784,1249004400,강동고덕IC,127.1543111086451745_37.5675084796111562,147.0,39.0,원활,127.1543111086451745_37.5675084796111562|127.1542642049294614_37.5675576974918073|127.1541590918255054_37.5676661240150978|127.1540508224112784_37.5677759894576084|127.1539399686044192_37.5678866927681128|127.1538271281338837_37.5679976069766965|127.1537357464921456_37.5680861473637577|127.1536437611318320_37.5681741204938291|127.1535514394082611_37.5682612423114790|127.1534590731802581_37.5683472047559022|127.1533669535522648_37.5684317001723187|127.1532753706052858_37.5685144214808062|127.1532558940064632_37.5685317270623784
2026-09-04T18:34:05.570303+09:00,광나루한강공원,광나루한강공원,POI087,KEY_3,1249005500,올림픽대로,1249004900,강동고덕IC,127.1556172088553183_37.5685808780140178,1249005100,강동고덕IC,127.1594245200947029_37.5708609109450435,442.0,49.7,서행,127.1594245200947029_37.5708609109450435|127.1588715773559244_37.5706859281288743|127.1580595927379278_37.5703110920263939|127.1579691582908254_37.5702726713072863|127.1578110747222468_37.5702093065536431|127.1569625645828836_37.5698849616775519|127.1565017725998672_37.5696886070384934|127.1564544256262366_37.5696560720357198|127.1564114406254049_37.5696225646814881|127.1563728176568731_37.5695880711070558|127.1563353706094972_37.5695489725379588|127.1563032017711521_37.5695086454000986|127.1562763112197274_37.5694670712322036|127.1562546990325870_37.5694242315722349|127.1562383652865975_37.5693801079574996|127.1561674568100102_37.5691095660189305|127.1561466169877406_37.5690521608998296|127.1561279777383930_37.5690062093171449|127.1561065119989706_37.5689596704125321|127.1560841316127437_37.5689180059745880|127.1560577006417532_37.5688766896133117|127.1560260854565882_37.5688363298500576|127.1559910932286499_37.5688002241587924|127.1559519866989518_37.5687672624400264|127.1559080286109520_37.5687363345928915|127.1558584817111210_37.5687063305148499|127.1556172088553183_37.5685808780140178
2026-09-04T18:34:05.570303+09:00,광나루한강공원,광나루한강공원,POI087,KEY_3,1249005600,세종포천고속도로,2219001400,강동구-구리시,127.1514647427795097_37.5699413360462344,1249004700,속성변화점,127.1532558940064632_37.5685317270623784,223.0,39.0,원활,127.1532558940064632_37.5685317270623784|127.1531846520407072_37.5685950277339202|127.1531172624208637_37.5686539907219981|127.1530506549390651_37.5687114516808691|127.1529849125477512_37.5687673145237468|127.1529201531859457_37.5688214521152730|127.1528564932069401_37.5688737381209066|127.1527940469153464_37.5689240471999000|127.1527329440634304_37.5689722409552118|127.1525034848036881_37.5691491975690255|127.1523967485271243_37.5692335013670586|127.1522547258818037_37.5693439987906217|127.1520462644153895_37.5695038996392867|127.1517314946208330_37.5697420983592494|127.1514647427795097_37.5699413360462344
2026-09-04T18:34:05.570303+09:00,광나루한강공원,광나루한강공원,POI087,KEY_3,2210114600,수도권제1순환고속도로,2219109600,최소노드배치점,127.1609957002902433_37.5785547087026899,1240031000,강일IC(북측),127.1634752871115808_37.5755388690718135,400.0,42.0,원활,127.1634752871115808_37.5755388690718135|127.1610498332658210_37.5784891172327278|127.1609957002902433_37.5785547087026899
2026-09-04T18:34:05.570303+09:00,광나루한강공원,광나루한강공원,POI087,KEY_3,2219001100,세종포천고속도로,1249004300,속성변화점,127.1522537238791841_37.5691179051641413,2219001300,강동구-구리시,127.1512993803769831_37.5698423595654631,117.0,88.5,원활,127.1512993803769831_37.5698423595654631|127.1515915337838010_37.5696241497645218|127.1519053223385924_37.5693866939154546|127.1521127670735893_37.5692275731775283|127.1522537238791841_37.5691179051641413
2026-09-04T18:34:05.570303+09:00,광화문광장,광화문광장,POI088,KEY_4,1000000902,새문안로,1000008401,신문로1가141,126.9756642084840337_37.5702188245241615,1000009300,세종로208,126.9762005801091362_37.5702231750732523,47.0,5.5,정체,126.9762005801091362_37.5702231750732523|126.9756642084840337_37.5702188245241615
2026-09-04T18:34:05.570303+09:00,광화문광장,광화문광장,POI088,KEY_4,1000000903,새문안로,1000214200,세종대로사거리,126.9766244379145377_37.5702266110763219,1000009004,세종대로사거리,126.9769755542479714_37.5702294562480148,31.0,7.0,정체,126.9769755542479714_37.5702294562480148|126.9766244379145377_37.5702266110763219
2026-09-04T18:34:05.570303+09:00,광화문광장,광화문광장,POI088,KEY_4,1000001301,종로,1000009001,세종대로사거리,126.9771187019505163_37.5702314111293560,1000009700,종로1가1-3,126.9777559525715844_37.5702421551131351,56.0,5.0,정체,126.9777559525715844_37.5702421551131351|126.9771187019505163_37.5702314111293560
2026-09-04T18:34:05.570303+09:00,광화문광장,광화문광장,POI088,KEY_4,1000001302,종로,1000009700,종로1가1-3,126.9777559525715844_37.5702421551131351,1000008804,광화문우체국,126.9784336631558119_37.5702494972367163,60.0,7.0,정체,126.9784336631558119_37.5702494972367163|126.9779432056922133_37.5702453112944994|126.9777559525715844_37.5702421551131351
2026-09-04T18:34:05.570303+09:00,광화문광장,광화문광장,POI088,KEY_4,1000001402,종로,1000008803,광화문우체국,126.9784351192109852_37.5701413844145975,1000008000,동아일보사,126.9777588281918099_37.5701340596360964,60.0,7.5,정체,126.9777588281918099_37.5701340596360964|126.9779453713088060_37.5701372048683524|126.9784351192109852_37.5701413844145975
2026-09-04T18:34:05.570303+09:00,광화문광장,광화문광장,POI088,KEY_4,1000008305,사직로8길,1000030902,세종로공원,126.9763299470461675_37.5743620222710391,1000016700,광화문,126.9763532157447088_37.5747826865806687,47.0,12.0,정체,126.9763532157447088_37.5747826865806687|126.9763299470461675_37.5743620222710391
2026-09-04T18:34:05.570303+09:00,광화문광장,광화문광장,POI088,KEY_4,1000008306,사직로8길,1000030901,세종로공원,126.9763653836261312_37.5741476322646690,1000030902,세종로공원,126.9763299470461675_37.5743620222710391,24.0,17.0,서행,126.9763299470461675_37.5743620222710391|126.9763653836261312_37.5741476322646690
2026-09-04T18:34:05.570303+09:00,광화문광장,광화문광장,POI088,KEY_4,1000008403,세종대로,1000178600,세종로 84-12,126.9773435970436708_37.5716353187199061,1000010301,주한네덜란드대사관,126.9773205016073234_37.5708618739457165,86.0,3.0,정체,126.9773205016073234_37.5708618739457165|126.9773435970436708_37.5716353187199061
2026-09-04T18:34:05.570303+09:00,광화문광장,광화문광장,POI088,KEY_4,1000008404,세종대로,1000031103,대한민국역사박물관,126.9772668410657133_37.5742389331108342,1000013701,미국대사관,126.9773127388234570_37.5727861811112405,161.0,4.0,정체,126.9773127388234570_37.5727861811112405|126.9772668410657133_37.5742389331108342
2026-09-04T18:34:05.570303+09:00,광화문광장,광화문광장,POI088,KEY_4,1000008405,세종대로,1000031102,대한민국역사박물관,126.9772570032702248_37.5744554912241924,1000031103,대한민국역사박물관,126.9772668410657133_37.5742389331108342,24.0,3.0,정체,126.9772668410657133_37.5742389331108342|126.9772570032702248_37.5744554912241924
2026-09-04T18:34:05.570303+09:00,광화문광장,광화문광장,POI088,KEY_4,1000008406,세종대로,1000013701,미국대사관,126.9773127388234570_37.5727861811112405,1000013702,미국대사관,126.9773159428094118_37.5726780742018107,12.0,4.0,정체,126.9773159428094118_37.5726780742018107|126.9773127388234570_37.5727861811112405
2026-09-04T18:34:05.570303+09:00,광화문광장,광화문광장,POI088,KEY_4,1000009901,사직로8길,1000015501,정부중앙청사별관,126.9745359191347660_37.5741633893777163,1000015902,중앙지하차도(서측),126.9756117227963585_37.5742176029672024,95.0,5.0,정체,126.9756117227963585_37.5742176029672024|126.9745359191347660_37.5741633893777163
2026-09-04T18:34:05.570303+09:00,광화문광장,광화문광장,POI088,KEY_4,1000009902,사직로8길,1000015902,중앙지하차도(서측),126.9756117227963585_37.5742176029672024,1000030902,세종로공원,126.9763299470461675_37.5743620222710391,66.0,12.0,정체,126.9763299470461675_37.5743620222710391|126.9758706991731145_37.5743046632961182|126.9756117227963585_37.5742176029672024
2026-09-04T18:34:05.570303+09:00,광화문광장,광화문광장,POI088,KEY_4,1000009903,사직로8길,1000031102,대한민국역사박물관,126.9772570032702248_37.5744554912241924,1000016202,중앙지하차도(동측),126.9780305337901893_37.5744492911494277,69.0,5.0,정체,126.9780305337901893_37.5744492911494277|126.9777525987565241_37.5744864077288838|126.9772766588325226_37.5744570835161937|126.9772570032702248_37.5744554912241924
2026-09-04T18:34:05.570303+09:00,광화문광장,광화문광장,POI088,KEY_4,1000009904,사직로8길,1000016202,중앙지하차도(동측),126.9780305337901893_37.5744492911494277,1000016107,정부합동민원실,126.9784461006803866_37.5744659883513918,37.0,18.3,서행,126.9784461006803866_37.5744659883513918|126.9780305337901893_37.5744492911494277
2026-09-04T18:34:05.570303+09:00,광화문광장,광화문광장,POI088,KEY_4,1000010001,사직로8길,1000015901,중앙지하차도(서측),126.9756254491522043_37.5741101153048476,1000015502,정부중앙청사별관,126.9745471372090009_37.5740556283939924,95.0,30.5,원활,126.9745471372090009_37.5740556283939924|126.9756254491522043_37.5741101153048476
2026-09-04T18:34:05.570303+09:00,광화문광장,광화문광장,POI088,KEY_4,1000010002,사직로8길,1000030901,세종로공원,126.9763653836261312_37.5741476322646690,1000015901,중앙지하차도(서측),126.9756254491522043_37.5741101153048476,66.0,19.0,서행,126.9756254491522043_37.5741101153048476|126.9759083891116944_37.5740905296920999|126.9763653836261312_37.5741476322646690
2026-09-04T18:34:05.570303+09:00,광화문광장,광화문광장,POI088,KEY_4,1000010003,사직로8길,1000016201,중앙지하차도(동측),126.9780392001640763_37.5743414013185841,1000031103,대한민국역사박물관,126.9772668410657133_37.5742389331108342,70.0,18.0,서행,126.9772668410657133_37.5742389331108342|126.9773009030501640_37.5742416927750185|126.9777735667203871_37.5742708146941595|126.9780392001640763_37.5743414013185841
2026-09-04T18:34:05.570303+09:00,광화문광장,광화문광장,POI088,KEY_4,1000010004,사직로8길,1000016106,정부합동민원실,126.9784265292035883_37.5743569447684180,1000016201,중앙지하차도(동측),126.9780392001640763_37.5743414013185841,34.0,11.0,정체,126.9780392001640763_37.5743414013185841|126.9784265292035883_37.5743569447684180
2026-09-04T18:34:05.570303+09:00,광화문광장,광화문광장,POI088,KEY_4,1000010600,새문안로5길,1000019302,정부서울청사사거리,126.9743957431224146_37.5756988655088620,1000015501,정부중앙청사별관,126.9745359191347660_37.5741633893777163,171.0,5.0,정체,126.9745359191347660_37.5741633893777163|126.9745251838795923_37.5743178497332622|126.9743883747213147_37.5754949317932088|126.9743883466303203_37.5755769520238516|126.9743957431224146_37.5756988655088620
2026-09-04T18:34:05.570303+09:00,광화문광장,광화문광장,POI088,KEY_4,1000011101,종로1길,1000061700,세종로 23-3,126.9788627671283336_37.5751151643689312,1000018300,경복궁사거리,126.9791985772177298_37.5755559719213679,57.0,11.0,정체,126.9791985772177298_37.5755559719213679|126.9791278841071005_37.5754329070121216|126.9790835784237970_37.5753764590680319|126.9788627671283336_37.5751151643689312
2026-09-04T18:34:05.570303+09:00,광화문광장,광화문광장,POI088,KEY_4,1000011102,종로1길,1000018300,경복궁사거리,126.9791985772177298_37.5755559719213679,1000019703,경복궁사거리,126.9793107532419185_37.5757813746508091,27.0,11.0,정체,126.9793107532419185_37.5757813746508091|126.9791985772177298_37.5755559719213679
2026-09-04T18:34:05.570303+09:00,광화문광장,광화문광장,POI088,KEY_4,1000011202,종로1길,1000019702,경복궁사거리,126.9794701198467664_37.5758080047390521,1000018200,경복궁,126.9792457576218681_37.5753789068622197,52.0,2.0,정체,126.9792457576218681_37.5753789068622197|126.9793010192322811_37.5754682222458030|126.9794701198467664_37.5758080047390521
2026-09-04T18:34:05.570303+09:00,광화문광장,광화문광장,POI088,KEY_4,1000011700,사직로,1000019303,정부서울청사사거리,126.9742603998069796_37.5757097304571062,1000019802,경복궁역사거리,126.9727094012703503_37.5758424186585529,138.0,15.0,서행,126.9727094012703503_37.5758424186585529|126.9729390930378230_37.5758227698022793|126.9733793101036952_37.5757851103966303|126.9742603998069796_37.5757097304571062
2026-09-04T18:34:05.570303+09:00,광화문광장,광화문광장,POI088,KEY_4,1000011800,사직로,1000242400,적선동 8-1,126.9733938280741512_37.5758926104395314,1000019304,정부서울청사사거리,126.9742589191568953_37.5758185992423250,77.0,16.0,서행,126.9742589191568953_37.5758185992423250|126.9733938280741512_37.5758926104395314
2026-09-04T18:34:05.570303+09:00,광화문광장,광화문광장,POI088,KEY_4,1000012001,사직로,1000018500,광화문,126.9756248255992830_37.5755943672526271,1000019302,정부서울청사사거리,126.9743957431224146_37.5756988655088620,109.0,12.0,정체,126.9743957431224146_37.5756988655088620|126.9754810818243271_37.5756177185546321|126.9756248255992830_37.5755943672526271
2026-09-04T18:34:05.570303+09:00,광화문광장,광화문광장,POI088,KEY_4,1000012101,사직로,1000003601,광화문삼거리,126.9772026040190127_37.5752961563211159,1000020200,경복궁,126.9786283706113750_37.5757946408291801,142.0,5.0,정체,126.9786283706113750_37.5757946408291801|126.9780494814518477_37.5757270176835334|126.9778051553330869_37.5756687993840117|126.9775841152535918_37.5755595455980540|126.9773389726312587_37.5753713360195221|126.9772665949307680_37.5753228898854132|126.9772026040190127_37.5752961563211159
2026-09-04T18:34:05.570303+09:00,광화문광장,광화문광장,POI088,KEY_4,1000012102,사직로,1000020200,경복궁,126.9786283706113750_37.5757946408291801,1000019704,경복궁사거리,126.9793621536958312_37.5759001150550986,66.0,5.0,정체,126.9793621536958312_37.5759001150550986|126.9791440605087161_37.5758645700478056|126.9786283706113750_37.5757946408291801
2026-09-04T18:34:05.570303+09:00,광화문광장,광화문광장,POI088,KEY_4,1000012201,사직로,1000018900,광화문,126.9779451863085598_37.5756050720602488,1000003602,광화문삼거리,126.9772110255811555_37.5752034687002023,79.0,20.0,서행,126.9772110255811555_37.5752034687002023|126.9772928511832646_37.5752335458452649|126.9773935570080141_37.5752794922773816|126.9776603729761888_37.5754731005354259|126.9778509223909992_37.5755747642951761|126.9779451863085598_37.5756050720602488
2026-09-04T18:34:05.570303+09:00,광화문광장,광화문광장,POI088,KEY_4,1000012202,사직로,1000019100,경복궁,126.9786480964121154_37.5756876675167888,1000018900,광화문,126.9779451863085598_37.5756050720602488,63.0,16.0,서행,126.9779451863085598_37.5756050720602488|126.9786480964121154_37.5756876675167888
2026-09-04T18:34:05.570303+09:00,광화문광장,광화문광장,POI088,KEY_4,1000012203,사직로,1000019703,경복궁사거리,126.9793107532419185_37.5757813746508091,1000019100,경복궁,126.9786480964121154_37.5756876675167888,59.0,11.0,정체,126.9786480964121154_37.5756876675167888|126.9791690991976765_37.5757582877498706|126.9793107532419185_37.5757813746508091
2026-09-04T18:34:05.570303+09:00,광화문광장,광화문광장,POI088,KEY_4,1000012502,사직로,1000224600,내자동 35,126.9704050096786716_37.5761139325286422,1000019804,경복궁역사거리,126.9725583211622109_37.5759627912727225,191.0,42.0,원활,126.9725583211622109_37.5759627912727225|126.9704050096786716_37.5761139325286422
2026-09-04T18:34:05.570303+09:00,광화문광장,광화문광장,POI088,KEY_4,1000015201,효자로,1000022102,한글전각갤러리,126.9739017858953645_37.5793498869892204,1000019301,정부서울청사사거리,126.9743957935852450_37.5758074664167268,396.0,19.0,서행,126.9743957935852450_37.5758074664167268|126.9743764184428017_37.5760755345660726|126.9743092662572082_37.5764778948295017|126.9741719066146146_37.5773009081164844|126.9741268698984413_37.5775378120208856|126.9740611119599407_37.5778837117652031|126.9740177174622744_37.5782830491677231|126.9739017858953645_37.5793498869892204
2026-09-04T18:34:05.570303+09:00,광화문광장,광화문광장,POI088,KEY_4,1000015401,자하문로,1000140900,통의동 139,126.9725715057905830_37.5765777524989346,1000019801,경복궁역사거리,126.9726968257656665_37.5759522364072183,70.0,17.0,서행,126.9726968257656665_37.5759522364072183|126.9726385507227491_37.5763288934255186|126.9725895796281208_37.5765259070172135|126.9725715057905830_37.5765777524989346
2026-09-04T18:34:05.570303+09:00,광화문광장,광화문광장,POI088,KEY_4,1000029000,삼봉로,1000013504,주한미국대사관,126.9784467211068915_37.5726032215874994,1000013702,미국대사관,126.9773159428094118_37.5726780742018107,102.0,16.0,서행,126.9773159428094118_37.5726780742018107|126.9782512339889990_37.5726820504358230|126.9783129244980984_37.5726656952107234|126.9784467211068915_37.5726032215874994
2026-09-04T18:34:05.570303+09:00,광화문광장,광화문광장,POI088,KEY_4,1000029100,삼봉로,1000013701,미국대사관,126.9773127388234570_37.5727861811112405,1000013506,주한미국대사관,126.9785034818852267_37.5727020694592397,108.0,8.0,정체,126.9785034818852267_37.5727020694592397|126.9783693699185818_37.5727646906777721|126.9782729085429054_37.5727902630233856|126.9773127388234570_37.5727861811112405
2026-09-04T18:34:05.570303+09:00,광화문광장,광화문광장,POI088,KEY_4,1000032100,사직로8길,1000016201,중앙지하차도(동측),126.9780392001640763_37.5743414013185841,1000015901,중앙지하차도(서측),126.9756254491522043_37.5741101153048476,215.0,8.0,정체,126.9756254491522043_37.5741101153048476|126.9761957492264486_37.5741735473063159|126.9766215660821871_37.5742181343338189|126.9771926297512294_37.5742872595378330|126.9772948428578871_37.5742955404616978|126.9780392001640763_37.5743414013185841
2026-09-04T18:34:05.570303+09:00,광화문광장,광화문광장,POI088,KEY_4,1000032200,사직로8길,1000015902,중앙지하차도(서측),126.9756117227963585_37.5742176029672024,1000016202,중앙지하차도(동측),126.9780305337901893_37.5744492911494277,215.0,25.0,원활,126.9780305337901893_37.5744492911494277|126.9772827190510327_37.5744032358319444|126.9771755284284893_37.5743945520917961|126.9766024909210955_37.5743251885524288|126.9761774658537661_37.5742806845081674|126.9756117227963585_37.5742176029672024
2026-09-04T18:34:05.570303+09:00,광화문광장,광화문광장,POI088,KEY_4,1000033500,사직로8길,1000016700,광화문,126.9763532157447088_37.5747826865806687,1000018500,광화문,126.9756248255992830_37.5755943672526271,120.0,17.0,서행,126.9756248255992830_37.5755943672526271|126.9757224088591272_37.5755618208710729|126.9758504305735158_37.5754900338429323|126.9760508643001629_37.5753564685578638|126.9761754799532412_37.5752709023523934|126.9762520914758284_37.5751999395367235|126.9763079793872578_37.5751369053768087|126.9763381579947321_37.5750888967285448|126.9763591702643026_37.5749970467265655|126.9763532157447088_37.5747826865806687
2026-09-04T18:34:05.570303+09:00,광화문광장,광화문광장,POI088,KEY_4,1000034400,새문안로3길,1000018004,서울특별시경찰청,126.9726181216856418_37.5753302820372284,1000019803,경복궁역사거리,126.9725722748504069_37.5758532725264089,58.0,21.0,서행,126.9725722748504069_37.5758532725264089|126.9726181216856418_37.5753302820372284
2026-09-04T18:34:05.570303+09:00,광화문광장,광화문광장,POI088,KEY_4,1000034500,새문안로3길,1000019802,경복궁역사거리,126.9727094012703503_37.5758424186585529,1000018001,서울특별시경찰청,126.9727536370288590_37.5753378072978137,56.0,9.0,정체,126.9727536370288590_37.5753378072978137|126.9727094012703503_37.5758424186585529
2026-09-04T18:34:05.570303+09:00,광화문광장,광화문광장,POI088,KEY_4,1000034600,종로1길,1000018300,경복궁사거리,126.9791985772177298_37.5755559719213679,1000019100,경복궁,126.9786480964121154_37.5756876675167888,52.0,18.0,서행,126.9786480964121154_37.5756876675167888|126.9788862592677674_37.5756563323175570|126.9790599923662171_37.5756153599018674|126.9791438638352332_37.5755915362356276|126.9791953891944161_37.5755648461559062|126.9791985772177298_37.5755559719213679
2026-09-04T18:34:05.570303+09:00,광화문광장,광화문광장,POI088,KEY_4,1000034900,율곡로,1000019401,경복궁,126.9801381644492011_37.5758813627365100,1000018200,경복궁,126.9792457576218681_37.5753789068622197,101.0,7.0,정체,126.9792457576218681_37.5753789068622197|126.9793355830232144_37.5754952608411301|126.9794316395642397_37.5755988334256017|126.9795071017629624_37.5756589212616419|126.9796274882100420_37.5757347490756146|126.9797877149027556_37.5758145479697703|126.9801381644492011_37.5758813627365100
2026-09-04T18:34:05.570303+09:00,광화문광장,광화문광장,POI088,KEY_4,1000035200,사직로,1000020200,경복궁,126.9786283706113750_37.5757946408291801,1000020600,대한출판문화협회,126.9794687888132074_37.5765544121067592,118.0,5.0,정체,126.9794687888132074_37.5765544121067592|126.9794368084534142_37.5764098329770562|126.9791960602808700_37.5761637733622180|126.9789750836954596_37.5759177176703147|126.9788694300669647_37.5758537146814078|126.9786283706113750_37.5757946408291801
2026-09-04T18:34:05.570303+09:00,광화문광장,광화문광장,POI088,KEY_4,1000046900,새문안로5길,1000012006,국토매일신문,126.9746696177836469_37.5730735623354022,1000032002,세종문화회관,126.9758250290710748_37.5731209316015295,105.0,6.0,정체,126.9758250290710748_37.5731209316015295|126.9757824820902385_37.5730812205397768|126.9757224844348826_37.5730583643911942|126.9746696177836469_37.5730735623354022
2026-09-04T18:34:05.570303+09:00,국립중앙박물관·용산가족공원,국립중앙박물관·용산가족공원,POI089,KEY_1,1020002703,동작대로,1020008300,동작대교(북측),126.9831231263510745_37.5186454299299683,1020008900,용산동6가68-2,126.9856244599082515_37.5199353315508191,345.0,27.0,원활,126.9856244599082515_37.5199353315508191|126.9851520657106505_37.5199330133943860|126.9849590223187761_37.5199222607252665|126.9844517234037795_37.5198792847619202|126.9837468776516687_37.5198934932959531|126.9834415949089248_37.5198934508918427|126.9833114065726534_37.5198684018021069|126.9832395884266276_37.5198111779369654|126.9831857329131708_37.5197325009994032|126.9831678001106070_37.5196216471319275|126.9831589769449067_37.5189315044776635|126.9831231263510745_37.5186454299299683
2026-09-04T18:34:05.570303+09:00,국립중앙박물관·용산가족공원,국립중앙박물관·용산가족공원,POI089,KEY_1,1020003501,서빙고로,1020008900,용산동6가68-2,126.9856244599082515_37.5199353315508191,1020009600,서빙고역1번출구,126.9892206338615068_37.5202953174309997,322.0,31.0,원활,126.9892206338615068_37.5202953174309997|126.9874372796063824_37.5202347577893534|126.9869599767637851_37.5201713421180116|126.9861687618297594_37.5200308704333310|126.9856244599082515_37.5199353315508191
2026-09-04T18:34:05.570303+09:00,국립중앙박물관·용산가족공원,국립중앙박물관·용산가족공원,POI089,KEY_1,1020003600,서빙고로,1020009803,서빙고역앞교차로,126.9906263345553441_37.5201827478191134,1020009100,용산동6가68-28,126.9856485208616874_37.5198269672326532,444.0,20.0,서행,126.9856485208616874_37.5198269672326532|126.9861984039574878_37.5199253592339943|126.9869859291069929_37.5200651761878134|126.9874513924203825_37.5201270182477344|126.9892261074465267_37.5201872858655250|126.9899322487584783_37.5202087064446914|126.9906263345553441_37.5201827478191134
2026-09-04T18:34:05.570303+09:00,국립중앙박물관·용산가족공원,국립중앙박물관·용산가족공원,POI089,KEY_1,1020003701,서빙고로,1020205300,최소노드배치점,126.9771318206997961_37.5215083602475872,1020013208,이촌역앞교차로,126.9721043872624193_37.5230255837811626,475.0,32.5,원활,126.9721043872624193_37.5230255837811626|126.9724396951435779_37.5229486320181209|126.9727996738355813_37.5228541381284799|126.9759261236798551_37.5218809031478742|126.9771318206997961_37.5215083602475872
2026-09-04T18:34:05.570303+09:00,국립중앙박물관·용산가족공원,국립중앙박물관·용산가족공원,POI089,KEY_1,1020003702,서빙고로,1020009100,용산동6가68-28,126.9856485208616874_37.5198269672326532,1020010400,용산동6가 69-17,126.9821380566905020_37.5199437901041364,315.0,52.5,원활,126.9821380566905020_37.5199437901041364|126.9826383095516746_37.5198210408598669|126.9829979071286772_37.5197577814862271|126.9832537786960671_37.5197221532927898|126.9834537822768112_37.5196943038870074|126.9841416316742198_37.5196883777421704|126.9845049125151775_37.5196974684270046|126.9850144834923640_37.5197426320869454|126.9856485208616874_37.5198269672326532
2026-09-04T18:34:05.570303+09:00,국립중앙박물관·용산가족공원,국립중앙박물관·용산가족공원,POI089,KEY_1,1020003800,서빙고로,1020132300,용산동6가 93-9,126.9832771544528640_37.5198286585956069,1020008900,용산동6가68-2,126.9856244599082515_37.5199353315508191,209.0,22.0,서행,126.9856244599082515_37.5199353315508191|126.9849957939445346_37.5198497634866399|126.9844952603327499_37.5198054001232961|126.9841402343862171_37.5197965168473218|126.9834662864089552_37.5198023232951812|126.9832771544528640_37.5198286585956069
2026-09-04T18:34:05.570303+09:00,난지한강공원,난지한강공원,POI090,KEY_2,1130006902,강변북로,1130199300,최소노드배치점,126.8729418117983414_37.5705812052893933,1130042800,가양대교,126.8697893429894208_37.5724082688915715,344.0,18.0,정체,126.8697893429894208_37.5724082688915715|126.8729418117983414_37.5705812052893933
2026-09-04T18:34:05.570303+09:00,난지한강공원,난지한강공원,POI090,KEY_2,1130006903,강변북로,1130042800,가양대교,126.8697893429894208_37.5724082688915715,1130045000,가양검문소,126.8655270720403223_37.5748441741929255,464.0,21.0,정체,126.8655270720403223_37.5748441741929255|126.8684984002298108_37.5731553579559545|126.8697893429894208_37.5724082688915715
2026-09-04T18:34:05.570303+09:00,난지한강공원,난지한강공원,POI090,KEY_2,1130023704,화곡로,1130043800,가양대교북측(남측),126.8640065465169613_37.5735408103049622,1130003102,가양대교북측(북측),126.8652734328428409_37.5751759287727651,213.0,58.5,원활,126.8652734328428409_37.5751759287727651|126.8650573893713869_37.5749071565173054|126.8640065465169613_37.5735408103049622
2026-09-04T18:34:05.570303+09:00,난지한강공원,난지한강공원,POI090,KEY_2,1130023804,화곡로,1130003101,가양대교북측(북측),126.8653879037502890_37.5751176402787053,1130043700,가양대교북측(남측),126.8641238491476031_37.5734862081748417,213.0,64.3,원활,126.8641238491476031_37.5734862081748417|126.8651729497332923_37.5748502250003824|126.8653879037502890_37.5751176402787053
2026-09-04T18:34:05.570303+09:00,난지한강공원,난지한강공원,POI090,KEY_2,1130066800,강변북로,1130042800,가양대교,126.8697893429894208_37.5724082688915715,1130043900,가양대교(북측),126.8653915391259233_37.5740001396464294,428.0,54.0,원활,126.8653915391259233_37.5740001396464294|126.8655742057499509_37.5739419777835124|126.8658939660418525_37.5738292252444879|126.8670765553321615_37.5734444641728871|126.8679322688668805_37.5731628727649962|126.8680668810109893_37.5731178050788230|126.8683506640299328_37.5730067616893137|126.8686659924354387_37.5728500975266826|126.8690150858697763_37.5726688106692777|126.8692939748631829_37.5725691850813419|126.8697893429894208_37.5724082688915715
2026-09-04T18:34:05.570303+09:00,난지한강공원,난지한강공원,POI090,KEY_2,1130067100,강변북로,1130043900,가양대교(북측),126.8653915391259233_37.5740001396464294,1130043700,가양대교북측(남측),126.8641238491476031_37.5734862081748417,133.0,12.0,정체,126.8641238491476031_37.5734862081748417|126.8643667768084100_37.5736869866731524|126.8645275042349709_37.5738130536306585|126.8646616308736128_37.5738960511847537|126.8648070000908348_37.5739607460517107|126.8649361413688155_37.5739957821690709|126.8650630327634161_37.5740136354167973|126.8651636699805891_37.5740179922855120|126.8652907555269280_37.5740129521496655|126.8653915391259233_37.5740001396464294
2026-09-04T18:34:05.570303+09:00,난지한강공원,난지한강공원,POI090,KEY_2,1130067400,강변북로,1130044900,가양대교(북측),126.8662979111019808_37.5750965324918980,2180012400,마포구-고양시덕양구,126.8621499541622484_37.5761292129435418,867.0,45.3,서행,126.8621499541622484_37.5761292129435418|126.8630365316940498_37.5756983525925961|126.8633496391713038_37.5755235658387008|126.8636024164670175_37.5753961503927982|126.8638549079817466_37.5753021186014351|126.8642093916064510_37.5751943274225582|126.8644317580255318_37.5751192112446475|126.8646243656565815_37.5750200868760302|126.8656963468579306_37.5743962637992084|126.8673222210701397_37.5734653760000015|126.8674191938721094_37.5734247582035579|126.8675616609625365_37.5734076352449335|126.8677301163889410_37.5734174809641033|126.8678459640486977_37.5734479111437594|126.8679578899536153_37.5734991876324784|126.8680656691356319_37.5735981381943773|126.8681136254124340_37.5736848440004394|126.8681425287121556_37.5738102009802120|126.8681227959743723_37.5739293354224060|126.8680618906707167_37.5740452685688453|126.8679938724763190_37.5741164485557846|126.8678959680219123_37.5741785247544513|126.8670114588051803_37.5746924804154645|126.8664732680685887_37.5749996173274710|126.8662979111019808_37.5750965324918980
2026-09-04T18:34:05.570303+09:00,난지한강공원,난지한강공원,POI090,KEY_2,1130068100,강변북로,1130045200,상암동1550-3,126.8641075564550107_37.5759187444953753,1130043900,가양대교(북측),126.8653915391259233_37.5740001396464294,472.0,12.0,정체,126.8653915391259233_37.5740001396464294|126.8655530578639770_37.5739801801802500|126.8656826690621386_37.5739598904694603|126.8661509725368433_37.5738555664648857|126.8662685671453687_37.5738390277396874|126.8663692370552525_37.5738395679072923|126.8664578250642165_37.5738514900970912|126.8665224124056721_37.5738670998852271|126.8665988064661292_37.5739037584917384|126.8666941819490717_37.5739634138358554|126.8667607786702263_37.5740248214943335|126.8668082321833168_37.5740823116192715|126.8668364303619285_37.5741492377416790|126.8668526598945334_37.5742141906959048|126.8668616174391417_37.5742886445381998|126.8668489706226410_37.5743667987229344|126.8668146220147861_37.5744600984612092|126.8667539721880928_37.5745456262622142|126.8666911827972115_37.5746006169252169|126.8666261100899249_37.5746422405294780|126.8660974620481738_37.5749545546124253|126.8655931483691290_37.5752410021525876|126.8650740029988668_37.5755094827713094|126.8645475391721931_37.5757570541415831|126.8641075564550107_37.5759187444953753
2026-09-04T18:34:05.570303+09:00,난지한강공원,난지한강공원,POI090,KEY_2,1130069100,강변북로,1130045000,가양검문소,126.8655270720403223_37.5748441741929255,2180012600,마포구-고양시덕양구,126.8625272257133503_37.5762306272659998,312.0,45.3,서행,126.8625272257133503_37.5762306272659998|126.8626433861685427_37.5760568517554603|126.8627729468719139_37.5759511104311912|126.8635903166779713_37.5754976378824423|126.8637978156018278_37.5754093259839479|126.8640051312374766_37.5753424760846357|126.8644151451120194_37.5752230596518473|126.8648566176255628_37.5751038111562465|126.8655270720403223_37.5748441741929255
2026-09-04T18:34:05.570303+09:00,남산공원,남산공원,POI091,KEY_3,1010000301,장충단로,1010006900,남산2호터널입구,127.0033988695936671_37.5548935414454093,1010000603,남산2호터널입구,127.0037426485065737_37.5552737772064873,52.0,22.0,서행,127.0037426485065737_37.5552737772064873|127.0035282913233061_37.5550113935567609|127.0033988695936671_37.5548935414454093
2026-09-04T18:34:05.570303+09:00,남산공원,남산공원,POI091,KEY_3,1010001502,동호로,1010051200,장충동2가 200-99,127.0072549377270832_37.5585335221268224,1010010402,장충체육관앞교차로,127.0059032168232420_37.5590364937144017,133.0,8.0,정체,127.0059032168232420_37.5590364937144017|127.0060424523246354_37.5590206517219016|127.0062708051007263_37.5589790416794287|127.0064793488934498_37.5589089319431153|127.0066853042447690_37.5588299759944348|127.0068865164345908_37.5587327053933535|127.0072549377270832_37.5585335221268224
2026-09-04T18:34:05.570303+09:00,남산공원,남산공원,POI091,KEY_3,1010000302,장충단로,1010005501,국립극장앞교차로,127.0006486526240224_37.5513665440380251,1010006900,남산2호터널입구,127.0033988695936671_37.5548935414454093,473.0,28.0,원활,127.0033988695936671_37.5548935414454093|127.0031149384006852_37.5546349890521256|127.0029234147354629_37.5544558999171159|127.0027809963428638_37.5542858346147881|127.0026807419987307_37.5541237203930294|127.0026308503079946_37.5539921596100967|127.0026137115633702_37.5539400997707560|127.0023539371052550_37.5531510119431502|127.0023156055375750_37.5530345749592982|127.0022897411065799_37.5529560082666123|127.0022014491112827_37.5527474874638685|127.0021082526436942_37.5525712764668427|127.0020031170222126_37.5524264996161321|127.0018806441535020_37.5523176583549869|127.0016912530339397_37.5521714482379920|127.0006486526240224_37.5513665440380251
2026-09-04T18:34:05.570303+09:00,남산공원,남산공원,POI091,KEY_3,1010000400,장충단로,1010054300,장충동2가 산14-59,127.0017857896011435_37.5520938273146712,1010005502,국립극장앞교차로,127.0007431891368697_37.5512889240241208,128.0,24.0,서행,127.0007431891368697_37.5512889240241208|127.0017857896011435_37.5520938273146712
2026-09-04T18:34:05.570303+09:00,남산공원,남산공원,POI091,KEY_3,1010001102,소파로,1010095500,회현동1가 산1-15,126.9845039711751298_37.5562079515069414,1010008204,숭의여자대학,126.9848938893702410_37.5565212352323172,52.0,21.0,서행,126.9848938893702410_37.5565212352323172|126.9848029126483766_37.5563786781750863|126.9847328238889048_37.5562825435116068|126.9845961173795814_37.5562250817582424|126.9845039711751298_37.5562079515069414
2026-09-04T18:34:05.570303+09:00,남산공원,남산공원,POI091,KEY_3,1010001201,소파로,1010006403,남산공원길삼거리,126.9831261462573053_37.5544988787698557,1010006502,남산삼거리,126.9812787838592385_37.5548495032825187,181.0,32.0,원활,126.9812787838592385_37.5548495032825187|126.9815220498121420_37.5548200034189605|126.9818019244048912_37.5547580294103938|126.9820135627067970_37.5546715471349657|126.9822289312196943_37.5545541563119158|126.9825569048328191_37.5543793323612292|126.9826816379444949_37.5543559860473053|126.9827968050887961_37.5543648759095134|126.9829020167175742_37.5544027231883888|126.9830185822169852_37.5544527319567010|126.9831261462573053_37.5544988787698557
2026-09-04T18:34:05.570303+09:00,남산공원,남산공원,POI091,KEY_3,1010001202,소파로,1010008203,숭의여자대학,126.9850149682281852_37.5564722624052933,1010006402,남산공원길삼거리,126.9833127479965924_37.5545875210906388,290.0,23.3,서행,126.9833127479965924_37.5545875210906388|126.9834363869461669_37.5546470148075002|126.9836101358687017_37.5547853899607205|126.9837289439065700_37.5549481427998586|126.9838488483216850_37.5551722121612812|126.9839365351384117_37.5554075097513831|126.9839827815822133_37.5556434026180455|126.9839916258128341_37.5559198695204870|126.9840256522176958_37.5560283028777846|126.9840988545075504_37.5560865991909338|126.9841806359164735_37.5561056005014819|126.9843075666088623_37.5561056174395418|126.9844905831734678_37.5560944341132981|126.9845348535011453_37.5561026639138476|126.9846440462466148_37.5561229626348521|126.9848307103494420_37.5562014240048967|126.9849222737715024_37.5563270131622957|126.9850149682281852_37.5564722624052933
2026-09-04T18:34:05.570303+09:00,남산공원,남산공원,POI091,KEY_3,1010001204,소파로,1010008207,퇴계로3가교차로,126.9882272590009933_37.5596084833303152,1010008202,숭의여자대학,126.9850923528635604_37.5565486456338746,492.0,16.0,서행,126.9850923528635604_37.5565486456338746|126.9851906864904691_37.5565858460465520|126.9853074115873142_37.5565988268837856|126.9855164635201703_37.5566135380703940|126.9856485836059363_37.5566459189330004|126.9858039765505708_37.5567232640226294|126.9858337769702672_37.5567433446292895|126.9859306749466015_37.5568086378831225|126.9860186837096307_37.5569046811477207|126.9861537911583866_37.5570964851778513|126.9862311615470674_37.5571580981197428|126.9863421672078232_37.5572115500676844|126.9864935101552135_37.5572334743272833|126.9867624436285354_37.5572654973995910|126.9868864122230860_37.5573106304780140|126.9869736628592989_37.5573772148304528|126.9870438797185983_37.5574750708671417|126.9870728940331759_37.5575906431716717|126.9871341294348213_37.5578206195085542|126.9871851851400208_37.5579104995386004|126.9873590005650499_37.5581028694753982|126.9874298075541503_37.5581914756963187|126.9874415619887742_37.5582394683360974|126.9874576301803870_37.5583050736805504|126.9874544572227535_37.5584030829173372|126.9874587342623329_37.5588887928806940|126.9874602536611121_37.5590613376255789|126.9874882855996105_37.5591301758755023|126.9875554613431632_37.5591874881907586|126.9876829529899709_37.5592492856312745|126.9879414610584405_37.5593534261293627|126.9880748439122300_37.5594389136614808|126.9881827319811975_37.5595404425465915|126.9882272590009933_37.5596084833303152
2026-09-04T18:34:05.570303+09:00,남산공원,남산공원,POI091,KEY_3,1010001301,장충단로,1010000604,남산2호터널입구,127.0038257611614085_37.5553763910344998,1010007600,남산2호터널입구교차로,127.0041260185985266_37.5557914777712298,53.0,22.0,서행,127.0041260185985266_37.5557914777712298|127.0040056243652913_37.5556037942045577|127.0038257611614085_37.5553763910344998
2026-09-04T18:34:05.570303+09:00,남산공원,남산공원,POI091,KEY_3,1010001302,장충단로,1010124300,동국대학교앞교차로,127.0045670624924838_37.5565468094024126,1010009900,장충체육관앞,127.0056977643979934_37.5586970766435471,259.0,26.0,원활,127.0056977643979934_37.5586970766435471|127.0047960363494610_37.5569407351396336|127.0045670624924838_37.5565468094024126
2026-09-04T18:34:05.570303+09:00,남산공원,남산공원,POI091,KEY_3,1010001303,장충단로,1010009900,장충체육관앞,127.0056977643979934_37.5586970766435471,1010010403,장충체육관앞교차로,127.0057665663904487_37.5590390492282040,38.0,34.0,원활,127.0057665663904487_37.5590390492282040|127.0057228446975870_37.5587857894109689|127.0056977643979934_37.5586970766435471
2026-09-04T18:34:05.570303+09:00,남산공원,남산공원,POI091,KEY_3,1010001400,장충단로,1010124400,동국대학교앞교차로,127.0046903157819855_37.5565014032542592,1010000601,남산2호터널입구,127.0039406830343722_37.5553187798869388,147.0,11.0,정체,127.0039406830343722_37.5553187798869388|127.0041237972855726_37.5555502934024474|127.0042469681278305_37.5557423033409137|127.0042695268052455_37.5557774702655394|127.0046903157819855_37.5565014032542592
2026-09-04T18:34:05.570303+09:00,남산공원,남산공원,POI091,KEY_3,1010002701,소공로,1010000902,남산3호터널(북측),126.9830887618383031_37.5553930310135513,1010008902,속성변화점,126.9832089705039522_37.5572414839973518,206.0,39.0,원활,126.9832089705039522_37.5572414839973518|126.9831555236054470_37.5568017684804758|126.9830521252804942_37.5561027886698611|126.9830385570957532_37.5557769562709893|126.9830478610083446_37.5555376328218600|126.9830887618383031_37.5553930310135513
2026-09-04T18:34:05.570303+09:00,남산공원,남산공원,POI091,KEY_3,1010002801,소공로,1010008901,속성변화점,126.9833444453383180_37.5572378592887901,1010000901,남산3호터널(북측),126.9832195813292657_37.5554216252410669,203.0,21.0,서행,126.9832195813292657_37.5554216252410669|126.9831832021176723_37.5555513049927114|126.9831744347859939_37.5557768369584437|126.9831876703655809_37.5560946603272967|126.9832905738539210_37.5567902882398457|126.9833444453383180_37.5572378592887901
2026-09-04T18:34:05.570303+09:00,남산공원,남산공원,POI091,KEY_3,1010002802,소공로,1010105100,회현동2가 27-3,126.9829293161598969_37.5586746413334183,1010008901,속성변화점,126.9833444453383180_37.5572378592887901,165.0,15.0,서행,126.9833444453383180_37.5572378592887901|126.9833355997514985_37.5575008833025308|126.9832987830692304_37.5577459818027108|126.9832299618999656_37.5579759101541057|126.9831318471378125_37.5582319419447828|126.9831164077535988_37.5582722310573587|126.9829293161598969_37.5586746413334183
2026-09-04T18:34:05.570303+09:00,남산공원,남산공원,POI091,KEY_3,1010003301,삼일대로,1010008009,남산한옥마을,126.9924991769319149_37.5566378220840988,1010013900,예장동 2-165,126.9907886661840450_37.5596968507301625,392.0,43.0,원활,126.9907886661840450_37.5596968507301625|126.9911072447422669_37.5595627094932709|126.9913094952981822_37.5594477276004284|126.9915421382187901_37.5592741322756680|126.9917249439470197_37.5590908004344186|126.9919044779056492_37.5588866613537036|126.9920094357326974_37.5587224662817363|126.9920543519056224_37.5586350518666592|126.9924229024185962_37.5569649010334317|126.9924991769319149_37.5566378220840988
2026-09-04T18:34:05.570303+09:00,남산공원,남산공원,POI091,KEY_3,1010003302,삼일대로,1010013900,예장동 2-165,126.9907886661840450_37.5596968507301625,1010017003,퇴계로2가교차로,126.9889890744976100_37.5611001658779600,237.0,42.0,원활,126.9889890744976100_37.5611001658779600|126.9890595408814988_37.5608553446384548|126.9891256328368883_37.5606790112492348|126.9892666382029915_37.5604608081191671|126.9894301254928308_37.5603028087374966|126.9896049396944733_37.5601574925556534|126.9897890949876427_37.5600545841425344|126.9900359820303777_37.5599440574158336|126.9905175640940342_37.5597973426898264|126.9907886661840450_37.5596968507301625
2026-09-04T18:34:05.570303+09:00,남산공원,남산공원,POI091,KEY_3,1010003401,삼일대로,1010013100,예장동 산3-23,126.9921881175068847_37.5586537591868037,1010008006,남산한옥마을,126.9926327057625315_37.5566575572921622,225.0,43.0,원활,126.9926327057625315_37.5566575572921622|126.9925565518997388_37.5569841224033851|126.9921881175068847_37.5586537591868037
2026-09-04T18:34:05.570303+09:00,남산공원,남산공원,POI091,KEY_3,1010003402,삼일대로,1010017002,퇴계로2가교차로,126.9891250549591035_37.5611118311742516,1010013100,예장동 산3-23,126.9921881175068847_37.5586537591868037,403.0,15.0,서행,126.9921881175068847_37.5586537591868037|126.9921333805466759_37.5587669622396305|126.9920211997960280_37.5589424572383876|126.9918338579688566_37.5591554743801126|126.9916423048775016_37.5593475787773414|126.9913957815651457_37.5595315329503165|126.9911787667644205_37.5596549084761975|126.9908490674513786_37.5597936513351200|126.9905705661544317_37.5598969620606340|126.9900938505030723_37.5600421943677034|126.9898615779713822_37.5601461785287327|126.9896938440610228_37.5602399100324220|126.9895317290732208_37.5603746704899848|126.9893807410068831_37.5605205896683501|126.9892521749939931_37.5607195433671706|126.9891909463249533_37.5608829029173350|126.9891250549591035_37.5611118311742516
2026-09-04T18:34:05.570303+09:00,남산공원,남산공원,POI091,KEY_3,1010003701,동호로,1010010403,장충체육관앞교차로,127.0057665663904487_37.5590390492282040,1010010100,장충체육관앞,127.0051102100207174_37.5590018901398537,58.0,3.0,정체,127.0051102100207174_37.5590018901398537|127.0057665663904487_37.5590390492282040
2026-09-04T18:34:05.570303+09:00,남산공원,남산공원,POI091,KEY_3,1010003702,동호로,1010104300,장충동2가 산7-1,127.0030333060906713_37.5591096114287666,1010012003,엠버서더호텔,127.0027977571823641_37.5596709812965557,67.0,7.0,정체,127.0027977571823641_37.5596709812965557|127.0028380218545720_37.5594345353126258|127.0028698468580615_37.5593483830081922|127.0029413209754665_37.5591828437622723|127.0030333060906713_37.5591096114287666
2026-09-04T18:34:05.570303+09:00,남산공원,남산공원,POI091,KEY_3,1010004503,퇴계로,1010058100,충무로2가 111,126.9860157278956194_37.5609895542921493,1010016204,롯데호텔L7(명동),126.9867111612325346_37.5610613083895331,62.0,6.0,정체,126.9867111612325346_37.5610613083895331|126.9862655416711590_37.5610153303082797|126.9860157278956194_37.5609895542921493
2026-09-04T18:34:05.570303+09:00,남산공원,남산공원,POI091,KEY_3,1010004505,퇴계로,1010016201,롯데호텔L7(명동),126.9868467299909440_37.5610743853645488,1010017004,퇴계로2가교차로,126.9889474014538138_37.5613140531310350,189.0,11.0,정체,126.9889474014538138_37.5613140531310350|126.9870814163588051_37.5611494769929379|126.9869907146048007_37.5611414765227138|126.9868467299909440_37.5610743853645488
2026-09-04T18:34:05.570303+09:00,남산공원,남산공원,POI091,KEY_3,1010004604,퇴계로,1010016301,명동역1번출구,126.9871113334254318_37.5609345528858967,1010016202,롯데호텔L7(명동),126.9868616879201113_37.5609669231657151,23.0,29.0,원활,126.9868616879201113_37.5609669231657151|126.9870206308065406_37.5609265523693381|126.9871113334254318_37.5609345528858967
2026-09-04T18:34:05.570303+09:00,남산공원,남산공원,POI091,KEY_3,1010004605,퇴계로,1010017003,퇴계로2가교차로,126.9889890744976100_37.5611001658779600,1010016301,명동역1번출구,126.9871113334254318_37.5609345528858967,167.0,20.5,서행,126.9871113334254318_37.5609345528858967|126.9889890744976100_37.5611001658779600
2026-09-04T18:34:05.570303+09:00,남산공원,남산공원,POI091,KEY_3,1010005601,퇴계로,1010048300,충무로4가 125,126.9952241550831644_37.5614516441202824,1010016502,충무로역앞교차로,126.9933357350378316_37.5610532293559913,173.0,5.0,정체,126.9933357350378316_37.5610532293559913|126.9934886542693988_37.5610692325475668|126.9937811936575400_37.5611177660942559|126.9942724850213409_37.5612314453171834|126.9952241550831644_37.5614516441202824
2026-09-04T18:34:05.570303+09:00,남산공원,남산공원,POI091,KEY_3,1010006601,충무로,1010019402,호운빌딩,126.9931562485942607_37.5626064613558839,1010016501,충무로역앞교차로,126.9932971341834218_37.5611582393921495,161.0,12.0,정체,126.9932971341834218_37.5611582393921495|126.9932863823843547_37.5613599287251034|126.9931836992394096_37.5623435191156148|126.9931562485942607_37.5626064613558839
2026-09-04T18:34:05.570303+09:00,남산공원,남산공원,POI091,KEY_3,1010020600,녹사평대로58길,1010136200,최소노드배치점,126.9968887099839776_37.5508864123452000,1020033801,중구-용산구,126.9942815212881726_37.5482919379464306,370.0,11.0,정체,126.9942815212881726_37.5482919379464306|126.9953611190786091_37.5492577386266291|126.9963457068924129_37.5501404661396307|126.9965665935423402_37.5504285462955778|126.9968887099839776_37.5508864123452000
2026-09-04T18:34:05.570303+09:00,남산공원,남산공원,POI091,KEY_3,1010020700,녹사평대로58길,1010136500,최소노드배치점,126.9988788935205548_37.5538236872194844,1010007102,남산2호터널(북측),127.0024043754121976_37.5552652427156204,381.0,36.0,원활,127.0024043754121976_37.5552652427156204|126.9998659810384680_37.5549279687588040|126.9997652348791775_37.5549070456322696|126.9996575684543387_37.5548474155371821|126.9990770381372442_37.5540952315364933|126.9988788935205548_37.5538236872194844
2026-09-04T18:34:05.570303+09:00,남산공원,남산공원,POI091,KEY_3,1010021100,녹사평대로,1010000901,남산3호터널(북측),126.9832195813292657_37.5554216252410669,1020035101,중구-용산구,126.9844587143850134_37.5527423976260550,317.0,53.3,원활,126.9844587143850134_37.5527423976260550|126.9833359757020901_37.5551366776229898|126.9832195813292657_37.5554216252410669
2026-09-04T18:34:05.570303+09:00,남산공원,남산공원,POI091,KEY_3,1010021200,녹사평대로,1020035102,중구-용산구,126.9843316265079096_37.5527042883916451,1010000902,남산3호터널(북측),126.9830887618383031_37.5553930310135513,318.0,32.0,원활,126.9830887618383031_37.5553930310135513|126.9832077271294821_37.5551010349056824|126.9843316265079096_37.5527042883916451
2026-09-04T18:34:05.570303+09:00,남산공원,남산공원,POI091,KEY_3,1010022000,녹사평대로58길,1010007300,남산2호터널입구,127.0030929919946061_37.5552358010399345,1010007101,남산2호터널(북측),127.0024253365402274_37.5551584245554793,60.0,12.0,정체,127.0024253365402274_37.5551584245554793|127.0030929919946061_37.5552358010399345
2026-09-04T18:34:05.570303+09:00,남산공원,남산공원,POI091,KEY_3,1010022100,녹사평대로58길,1010007102,남산2호터널(북측),127.0024043754121976_37.5552652427156204,1010007400,남산2호터널입구,127.0030734265067593_37.5553427932220600,60.0,32.0,원활,127.0030734265067593_37.5553427932220600|127.0024043754121976_37.5552652427156204
2026-09-04T18:34:05.570303+09:00,남산공원,남산공원,POI091,KEY_3,1010022200,장충단로,1010006900,남산2호터널입구,127.0033988695936671_37.5548935414454093,1010007300,남산2호터널입구,127.0030929919946061_37.5552358010399345,66.0,20.0,서행,127.0030929919946061_37.5552358010399345|127.0033199494194918_37.5552405917881416|127.0033768411355197_37.5552072154187329|127.0034397212556030_37.5551595355091337|127.0034696612319607_37.5550880179411095|127.0034756459087646_37.5549926624747599|127.0033988695936671_37.5548935414454093
2026-09-04T18:34:05.570303+09:00,남산공원,남산공원,POI091,KEY_3,1010022400,녹사평대로58길,1010000603,남산2호터널입구,127.0037426485065737_37.5552737772064873,1010007300,남산2호터널입구,127.0030929919946061_37.5552358010399345,58.0,10.5,정체,127.0030929919946061_37.5552358010399345|127.0033892409550873_37.5552701380382103|127.0035699644311080_37.5552861191139016|127.0037426485065737_37.5552737772064873
2026-09-04T18:34:05.570303+09:00,남산공원,남산공원,POI091,KEY_3,1010022500,녹사평대로58길,1010007400,남산2호터널입구,127.0030734265067593_37.5553427932220600,1010000604,남산2호터널입구,127.0038257611614085_37.5553763910344998,67.0,36.0,원활,127.0038257611614085_37.5553763910344998|127.0035685255234768_37.5553947767724097|127.0033719563347603_37.5553773941959363|127.0030734265067593_37.5553427932220600
2026-09-04T18:34:05.570303+09:00,남산공원,남산공원,POI091,KEY_3,1010022800,녹사평대로58길,1010007400,남산2호터널입구,127.0030734265067593_37.5553427932220600,1010007600,남산2호터널입구교차로,127.0041260185985266_37.5557914777712298,109.0,28.0,원활,127.0041260185985266_37.5557914777712298|127.0036433526274493_37.5554479811013522|127.0034462848177839_37.5553951408027018|127.0030734265067593_37.5553427932220600
2026-09-04T18:34:05.570303+09:00,남산공원,남산공원,POI091,KEY_3,1010023100,필동로,1010130100,필동3가 61-16,126.9956758423491578_37.5564886423403124,1010005901,남산학사빌딩,126.9968729328910939_37.5526048160589738,465.0,19.0,서행,126.9968729328910939_37.5526048160589738|126.9969001079877700_37.5526913693534539|126.9969248551049077_37.5528466471043316|126.9969652148841561_37.5529820807668102|126.9971237035859275_37.5533572891303820|126.9971379251871468_37.5534886738987268|126.9970236820477396_37.5536850345630455|126.9968771639210843_37.5538882148150464|126.9968412488034630_37.5539757728333754|126.9966750295618994_37.5544149083081606|126.9963648975606674_37.5549850856884575|126.9962371702020363_37.5550664282652207|126.9962323999813947_37.5550709440456103|126.9961581049851844_37.5551412761027734|126.9960427606810924_37.5553267156352817|126.9959855657400141_37.5555069195413864|126.9958542241982542_37.5557391063254826|126.9957997040461208_37.5558354870824616|126.9956996920190164_37.5560558026157096|126.9956771680994905_37.5561648526345166|126.9956726357914505_37.5561867958577480|126.9956610930827026_37.5564217827936702|126.9956758423491578_37.5564886423403124
2026-09-04T18:34:05.570303+09:00,남산공원,남산공원,POI091,KEY_3,1010024601,퇴계로26길,1010008005,예장동2-102,126.9896564712399396_37.5593178416227360,1010012802,남산안기부터공원,126.9900119969606180_37.5598587489970583,68.0,28.0,원활,126.9900119969606180_37.5598587489970583|126.9899102911458471_37.5597158836745848|126.9896564712399396_37.5593178416227360
2026-09-04T18:34:05.570303+09:00,남산공원,남산공원,POI091,KEY_3,1010024702,퇴계로26길,1010012801,남산안기부터공원,126.9901301560217490_37.5598054406358912,1010008002,예장동2-102,126.9897775762310062_37.5592689009855789,67.0,22.0,서행,126.9897775762310062_37.5592689009855789|126.9900299867471176_37.5596647325304858|126.9901301560217490_37.5598054406358912
2026-09-04T18:34:05.570303+09:00,남산공원,남산공원,POI091,KEY_3,1010024800,장충단로,1010009900,장충체육관앞,127.0056977643979934_37.5586970766435471,1010010100,장충체육관앞,127.0051102100207174_37.5590018901398537,71.0,12.0,정체,127.0051102100207174_37.5590018901398537|127.0053645119635632_37.5589950808362403|127.0055705853889805_37.5589172873120702|127.0056842038645470_37.5588226817040862|127.0056977643979934_37.5586970766435471
2026-09-04T18:34:05.570303+09:00,남산공원,남산공원,POI091,KEY_3,1010026900,소파로,1010012802,남산안기부터공원,126.9900119969606180_37.5598587489970583,1010014000,매일경제티브이아트앤디자인센터,126.9893485137651794_37.5600758880328343,64.0,8.0,정체,126.9893485137651794_37.5600758880328343|126.9894623166251364_37.5600115328254631|126.9900119969606180_37.5598587489970583
2026-09-04T18:34:05.570303+09:00,남산공원,남산공원,POI091,KEY_3,1010027200,소파로,1010012801,남산안기부터공원,126.9901301560217490_37.5598054406358912,1010014301,퇴계로3가교차로,126.9884563236464601_37.5600435340665300,161.0,25.0,원활,126.9884563236464601_37.5600435340665300|126.9885276942571437_37.5601305548015389|126.9885824679438144_37.5601453103317269|126.9886504117103101_37.5601351977860745|126.9899225549276736_37.5597691471587041|126.9899893934116051_37.5597684221360879|126.9901301560217490_37.5598054406358912
2026-09-04T18:34:05.570303+09:00,남산공원,남산공원,POI091,KEY_3,1010027400,퇴계로26길,1010014600,주자동빌딩,126.9901932151330612_37.5601353360127277,1010012801,남산안기부터공원,126.9901301560217490_37.5598054406358912,37.0,8.0,정체,126.9901301560217490_37.5598054406358912|126.9901932151330612_37.5601353360127277
2026-09-04T18:34:05.570303+09:00,남산공원,남산공원,POI091,KEY_3,1010027600,삼일대로2길,1010014600,주자동빌딩,126.9901932151330612_37.5601353360127277,1010013100,예장동 산3-23,126.9921881175068847_37.5586537591868037,254.0,36.0,원활,126.9921881175068847_37.5586537591868037|126.9921524756692293_37.5587701440302766|126.9920713791381388_37.5590129023742847|126.9919815275385133_37.5591618896894772|126.9917456848140773_37.5593704632660419|126.9914873832232871_37.5595730764536810|126.9913002109624216_37.5596833178136009|126.9910943233582117_37.5597786576774837|126.9906600945686534_37.5599276174894143|126.9904092880018283_37.5600199729958746|126.9903010274202586_37.5600743176934699|126.9901932151330612_37.5601353360127277
2026-09-04T18:34:05.570303+09:00,남산공원,남산공원,POI091,KEY_3,1010028600,퇴계로36길,1010096800,필동2가 79,126.9953795008796078_37.5602933387065647,1010016503,충무로역앞교차로,126.9931917886483461_37.5610407128292394,217.0,15.0,서행,126.9931917886483461_37.5610407128292394|126.9932698071303179_37.5609162715643663|126.9933785265103836_37.5608210828932485|126.9934940342237297_37.5607650238862121|126.9939617818677391_37.5606734227620862|126.9942993862487839_37.5606071982569034|126.9946428036166566_37.5605167164118470|126.9949100490692047_37.5604355509489665|126.9953712571787179_37.5602954749963871|126.9953795008796078_37.5602933387065647
2026-09-04T18:34:05.570303+09:00,남산공원,남산공원,POI091,KEY_3,1010029700,소파로,1010014302,퇴계로3가교차로,126.9883285565974944_37.5600802019915889,1010017003,퇴계로2가교차로,126.9889890744976100_37.5611001658779600,132.0,17.0,서행,126.9889890744976100_37.5611001658779600|126.9888682751928997_37.5610849611105877|126.9887988136153467_37.5609915058575083|126.9886623017465155_37.5607149615883316|126.9885784807332954_37.5605299635393948|126.9884314506820715_37.5602734336100710|126.9883285565974944_37.5600802019915889
2026-09-04T18:34:05.570303+09:00,남산공원,남산공원,POI091,KEY_3,1010031000,소파로,1010015300,명동역10번출구,126.9883062927232231_37.5607909574822685,1010016301,명동역1번출구,126.9871113334254318_37.5609345528858967,113.0,17.0,서행,126.9871113334254318_37.5609345528858967|126.9874447180556274_37.5610079416609750|126.9876354659963766_37.5610121135843684|126.9878175418455442_37.5609892471934259|126.9880115986588294_37.5609473112405254|126.9881625342676870_37.5608977410119067|126.9882463915136555_37.5608481648322652|126.9883062927232231_37.5607909574822685
2026-09-04T18:34:05.570303+09:00,남산공원,남산공원,POI091,KEY_3,1010031200,퇴계로,1010016703,흥국빌딩,126.9904228164697599_37.5610767696574754,1010016202,롯데호텔L7(명동),126.9868616879201113_37.5609669231657151,317.0,7.0,정체,126.9868616879201113_37.5609669231657151|126.9890337974489825_37.5611585006403175|126.9894972258370700_37.5611975631426844|126.9896672965873847_37.5611975781491196|126.9898435176610576_37.5611725033829131|126.9901719518890246_37.5611092577799397|126.9904228164697599_37.5610767696574754
2026-09-04T18:34:05.570303+09:00,남산공원,남산공원,POI091,KEY_3,1010031300,퇴계로,1010016201,롯데호텔L7(명동),126.9868467299909440_37.5610743853645488,1010016704,흥국빌딩,126.9904446250492356_37.5611834858824452,321.0,27.0,원활,126.9904446250492356_37.5611834858824452|126.9901988617116615_37.5612153145444125|126.9898714581575661_37.5612783602882132|126.9896793321666593_37.5613056988122338|126.9894900484891167_37.5613056821144156|126.9890191710092893_37.5612659917982157|126.9868467299909440_37.5610743853645488
2026-09-04T18:34:05.570303+09:00,남산공원,남산공원,POI091,KEY_3,1010051400,삼일대로,1010137800,최소노드배치점,126.9951526782604958_37.5522667944259823,1020033901,중구-용산구,126.9973340280127019_37.5488358005655130,427.0,54.0,원활,126.9973340280127019_37.5488358005655130|126.9959822894256405_37.5509523187586822|126.9951526782604958_37.5522667944259823
2026-09-04T18:34:05.570303+09:00,남산공원,남산공원,POI091,KEY_3,1010051500,삼일대로,1010137900,최소노드배치점,126.9950313338340067_37.5522182490636993,1010001102,남산1호터널(북측),126.9929217684921667_37.5556833610261123,428.0,14.0,정체,126.9929217684921667_37.5556833610261123|126.9932770474927821_37.5550067940349024|126.9940013356589503_37.5538501500980217|126.9950313338340067_37.5522182490636993
2026-09-04T18:34:05.570303+09:00,남산공원,남산공원,POI091,KEY_3,1010051600,장충단로,1010005503,국립극장앞교차로,127.0006452620610844_37.5512135010897623,1020034301,중구-용산구,126.9997458610224328_37.5498946352363348,177.0,26.5,원활,126.9997458610224328_37.5498946352363348|126.9997123738225753_37.5500116966741189|126.9997012367280007_37.5501402637217367|126.9997206124440936_37.5502614714863654|126.9997806553506479_37.5504162712518976|126.9998541302150130_37.5505512679565001|127.0000139703703042_37.5507285250612313|127.0006452620610844_37.5512135010897623
2026-09-04T18:34:05.570303+09:00,남산공원,남산공원,POI091,KEY_3,1010051700,장충단로,1020034302,중구-용산구,126.9996178648612641_37.5498600155730813,1010005504,국립극장앞교차로,127.0005509669023098_37.5512913068117129,191.0,43.0,원활,127.0005509669023098_37.5512913068117129|126.9999108283262643_37.5507995327092843|126.9997353193519416_37.5506049014811367|126.9996530970048951_37.5504538299658464|126.9995873859489421_37.5502844195261787|126.9995648441908287_37.5501433987724837|126.9995776621319976_37.5499954341476041|126.9996178648612641_37.5498600155730813
2026-09-04T18:34:05.570303+09:00,남산공원,남산공원,POI091,KEY_3,1010053100,소월로3길,1010006503,남산삼거리,126.9811650329996411_37.5548402580275251,1020035301,중구-용산구,126.9794359625306441_37.5533355630164678,244.0,30.0,원활,126.9794359625306441_37.5533355630164678|126.9794377262654876_37.5533623696143906|126.9794604845724280_37.5534621428795390|126.9795037062092007_37.5535999165766796|126.9795792110562473_37.5537502908920757|126.9796704920301380_37.5539097940801057|126.9797755942381059_37.5540679309457488|126.9799168936921916_37.5542344045017842|126.9800131949856450_37.5543436479056325|126.9801394846269034_37.5544579508745144|126.9803426669009383_37.5545989730072662|126.9804499002827498_37.5546574115057652|126.9806202715629126_37.5547287148210316|126.9808000848712908_37.5547878289260453|126.9809807898117953_37.5548175451464843|126.9811650329996411_37.5548402580275251
2026-09-04T18:34:05.570303+09:00,남산공원,남산공원,POI091,KEY_3,1010053900,삼일대로,1010008007,남산한옥마을,126.9926793846615709_37.5565231864836875,1010001101,남산1호터널(북측),126.9930465791601222_37.5557259705615749,94.0,41.0,원활,126.9930465791601222_37.5557259705615749|126.9928675379104703_37.5560502009483628|126.9927656627598935_37.5562864029666486|126.9926793846615709_37.5565231864836875
2026-09-04T18:34:05.570303+09:00,남산공원,남산공원,POI091,KEY_3,1010054000,삼일대로,1010001102,남산1호터널(북측),126.9929217684921667_37.5556833610261123,1010008008,남산한옥마을,126.9925489514454711_37.5564930643168040,96.0,7.0,정체,126.9925489514454711_37.5564930643168040|126.9926361466641112_37.5562537662359688|126.9927409314109212_37.5560108178373540|126.9929217684921667_37.5556833610261123
2026-09-04T18:34:05.570303+09:00,남산공원,남산공원,POI091,KEY_3,1020013503,이태원로,1020029301,한강진역(서울6호선),127.0017194731485404_37.5403123179937737,1020030604,북한남삼거리,127.0022184589252987_37.5420235281721943,199.0,23.5,서행,127.0022184589252987_37.5420235281721943|127.0020105521671923_37.5418073965013903|127.0019292985444537_37.5416844726601298|127.0018816666390222_37.5415359337069532|127.0018247702718241_37.5412580977982060|127.0018212415865975_37.5412330698797376|127.0017833598613493_37.5409643796915375|127.0017457559744543_37.5406620137023879|127.0017194731485404_37.5403123179937737
2026-09-04T18:34:05.570303+09:00,남산공원,남산공원,POI091,KEY_3,1020016600,소월로,1020205100,최소노드배치점,126.9935065011558351_37.5426620403777989,1020029901,그랜드하얏트서울호텔,126.9968710453129859_37.5412533247676805,341.0,34.5,원활,126.9968710453129859_37.5412533247676805|126.9962030872764700_37.5416642886108249|126.9957120169575830_37.5419664162750450|126.9954912636471676_37.5420753380152732|126.9952976887570202_37.5421359731504651|126.9944654566896247_37.5422765759182084|126.9943312964985012_37.5423188543689648|126.9941288523878455_37.5424092330924211|126.9936904320038025_37.5426049586251693|126.9935065011558351_37.5426620403777989
2026-09-04T18:34:05.570303+09:00,남산공원,남산공원,POI091,KEY_3,1020017101,소월로,1020080500,이태원동 258-466,126.9973230128762225_37.5410483640412878,1020030802,남산관광고가차도(남측),127.0005154463813994_37.5427136145269316,361.0,13.7,정체,127.0005154463813994_37.5427136145269316|127.0003739159875948_37.5425874075405090|126.9994403344769580_37.5417582537453853|126.9990235842738429_37.5414026985069142|126.9988333482718161_37.5412651979035630|126.9986822649016176_37.5411743998592584|126.9984893641391324_37.5410987423950289|126.9983170716432426_37.5410415761301550|126.9982071541269306_37.5410216320229111|126.9980884589850945_37.5410000951226195|126.9979253357986693_37.5409795838106675|126.9977146013374067_37.5409795799202826|126.9974849729743624_37.5410092875252062|126.9973230128762225_37.5410483640412878
2026-09-04T18:34:05.570303+09:00,남산공원,남산공원,POI091,KEY_3,1020017102,소월로,1020030802,남산관광고가차도(남측),127.0005154463813994_37.5427136145269316,1020031500,남산맨션아파트,127.0021365084328409_37.5443554939609854,236.0,13.0,정체,127.0021365084328409_37.5443554939609854|127.0018834255056532_37.5439839702774023|127.0017037840183036_37.5437074409669549|127.0015421068988815_37.5434690531480868|127.0013385176179384_37.5432592723151757|127.0010750516554339_37.5430637959528042|127.0007397338261654_37.5428444790193581|127.0005154463813994_37.5427136145269316
2026-09-04T18:34:05.570303+09:00,남산공원,남산공원,POI091,KEY_3,1020017104,한남대로,1020201800,한남동 726-468,127.0022900780869008_37.5451015287289067,1020032402,한남동 726-466,127.0025220578535681_37.5462372610228172,128.0,12.0,정체,127.0025220578535681_37.5462372610228172|127.0024299606877634_37.5457810591842076|127.0023945789044717_37.5456091805311516|127.0022900780869008_37.5451015287289067
2026-09-04T18:34:05.570303+09:00,남산공원,남산공원,POI091,KEY_3,1020017202,한남대로,1020032100,남산관광고가차도(북측),127.0025639626736762_37.5457635706606467,1020030801,남산관광고가차도(남측),127.0006167288986063_37.5426416007474586,408.0,42.0,원활,127.0006167288986063_37.5426416007474586|127.0008175743112702_37.5427872650328780|127.0012486976299471_37.5430637942442544|127.0016199463885584_37.5433641604487747|127.0020795219007965_37.5437944471662846|127.0022097620136918_37.5439517818238429|127.0022995844048808_37.5441091180285866|127.0023489900632683_37.5442700301371843|127.0025241647842762_37.5451604129389054|127.0025380337342114_37.5453370138918245|127.0025639626736762_37.5457635706606467
2026-09-04T18:34:05.570303+09:00,남산공원,남산공원,POI091,KEY_3,1020017204,한남대로,1020032401,한남동 726-466,127.0026561285417728_37.5462201012591379,1020032100,남산관광고가차도(북측),127.0025639626736762_37.5457635706606467,51.0,32.0,원활,127.0025639626736762_37.5457635706606467|127.0026561285417728_37.5462201012591379
2026-09-04T18:34:05.570303+09:00,남산공원,남산공원,POI091,KEY_3,1020018100,한남대로,1020030604,북한남삼거리,127.0022184589252987_37.5420235281721943,1020031500,남산맨션아파트,127.0021365084328409_37.5443554939609854,266.0,13.0,정체,127.0021365084328409_37.5443554939609854|127.0019440406086204_37.5428386962338010|127.0019378726381660_37.5426228258432886|127.0019817146717145_37.5423435053198347|127.0021036238137242_37.5421340225907798|127.0022184589252987_37.5420235281721943
2026-09-04T18:34:05.570303+09:00,남산공원,남산공원,POI091,KEY_3,1020018200,한남대로,1020032100,남산관광고가차도(북측),127.0025639626736762_37.5457635706606467,1020030601,북한남삼거리,127.0023230676922736_37.5420924597692505,416.0,25.0,원활,127.0023230676922736_37.5420924597692505|127.0022194356072731_37.5421921745940210|127.0021138222907524_37.5423736549821498|127.0020738499172097_37.5426283304431081|127.0020796694266494_37.5428320256251880|127.0022710579769978_37.5443413187302610|127.0024240169706360_37.5450840457689239|127.0025285644748010_37.5455916912076688|127.0025639626736762_37.5457635706606467
2026-09-04T18:34:05.570303+09:00,남산공원,남산공원,POI091,KEY_3,1020019200,소월로,1020198000,용산동2가 5-2146,126.9873787628858111_37.5460609528674567,1020031201,주한파키스탄대사관저,126.9911144667655236_37.5443954669159794,435.0,33.7,원활,126.9911144667655236_37.5443954669159794|126.9910735701488136_37.5444779064234453|126.9905580995526719_37.5452913794631584|126.9904629217780325_37.5454025055591813|126.9903097281450641_37.5455344119793111|126.9895344029768438_37.5460459430190596|126.9893462102989616_37.5461490896824017|126.9891842828923956_37.5462184942362072|126.9890281368240466_37.5462702800681640|126.9888305116261620_37.5462859965873506|126.9887068235050549_37.5462726761659624|126.9878225459612935_37.5460680173489649|126.9876689709004722_37.5460586974375516|126.9875588164478728_37.5460520124403416|126.9873787628858111_37.5460609528674567
2026-09-04T18:34:05.570303+09:00,남산공원,남산공원,POI091,KEY_3,1020020101,장충단로,1020033602,한남동 산9-24,127.0018534544919646_37.5479854852196766,1020034302,중구-용산구,126.9996178648612641_37.5498600155730813,288.0,42.0,원활,126.9996178648612641_37.5498600155730813|126.9996770063061859_37.5497529883793248|126.9997363683108347_37.5496666386303346|126.9998412098966298_37.5495604002782670|127.0015788290318568_37.5481840684392694|127.0018534544919646_37.5479854852196766
2026-09-04T18:34:05.570303+09:00,남산공원,남산공원,POI091,KEY_3,1020020201,장충단로,1020034301,중구-용산구,126.9997458610224328_37.5498946352363348,1020033601,한남동 산9-19,127.0019447500765182_37.5480655221760529,282.0,30.0,원활,127.0019447500765182_37.5480655221760529|127.0016724126737415_37.5482624522401665|126.9999428643421311_37.5496323928575890|126.9998500929740857_37.5497264002596509|126.9997986695977232_37.5498012019808556|126.9997458610224328_37.5498946352363348
2026-09-04T18:34:05.570303+09:00,남산공원,남산공원,POI091,KEY_3,1020020301,삼일대로,1020202900,최소노드배치점,126.9991749524351405_37.5457226778887971,1020033902,중구-용산구,126.9972131284970089_37.5487865670217715,382.0,12.0,정체,126.9972131284970089_37.5487865670217715|126.9976937788828337_37.5480426897664614|126.9991749524351405_37.5457226778887971
2026-09-04T18:34:05.570303+09:00,남산공원,남산공원,POI091,KEY_3,1020020405,삼일대로,1020203000,최소노드배치점,126.9992960011910128_37.5457716707877935,1020030501,남산1호터널,127.0013263761871229_37.5427407685120968,381.0,55.0,원활,127.0013263761871229_37.5427407685120968|127.0001500288212100_37.5444339010368964|126.9992960011910128_37.5457716707877935
2026-09-04T18:34:05.570303+09:00,남산공원,남산공원,POI091,KEY_3,1020020500,소월로,1020202400,최소노드배치점,126.9836608885575231_37.5493490622536683,1020035002,남산도서관,126.9820576561830876_37.5520743432417916,343.0,32.0,원활,126.9820576561830876_37.5520743432417916|126.9822226605565021_37.5519329108021651|126.9827360702505530_37.5514510898937104|126.9833001012622873_37.5506927205511403|126.9833805235940218_37.5505464376930007|126.9834888201302334_37.5502483494537671|126.9835269266317965_37.5500362381177126|126.9835751122179346_37.5496604338540934|126.9836457141962569_37.5493820675401437|126.9836608885575231_37.5493490622536683
2026-09-04T18:34:05.570303+09:00,남산공원,남산공원,POI091,KEY_3,1020048000,한남대로,1020032402,한남동 726-466,127.0025220578535681_37.5462372610228172,1020032900,버티고개삼거리,127.0026105037928943_37.5468688936416513,71.0,17.0,서행,127.0026105037928943_37.5468688936416513|127.0025188872698436_37.5463087905039785|127.0025220578535681_37.5462372610228172
2026-09-04T18:34:05.570303+09:00,남산공원,남산공원,POI091,KEY_3,1020020600,소월로,1020202300,최소노드배치점,126.9837884104005923_37.5493862278245416,1020032501,용산2가동주민센터앞교차로,126.9852054592412998_37.5466428470561624,347.0,34.3,원활,126.9852054592412998_37.5466428470561624|126.9847717560129610_37.5469101027995720|126.9845864439278529_37.5470281015069958|126.9845268187721672_37.5471032424247397|126.9844952209674034_37.5472121780575918|126.9844980284595692_37.5480374474067204|126.9844853903748287_37.5481855176849422|126.9844160179153931_37.5483837291718459|126.9842770429615655_37.5486147709639155|126.9839523254951814_37.5490296975246878|126.9837884104005923_37.5493862278245416
2026-09-04T18:34:05.570303+09:00,남산공원,남산공원,POI091,KEY_3,1020021102,녹사평대로,1020202800,최소노드배치점,126.9862234500265004_37.5487401447911182,1020035102,중구-용산구,126.9843316265079096_37.5527042883916451,471.0,36.0,원활,126.9843316265079096_37.5527042883916451|126.9862234500265004_37.5487401447911182
2026-09-04T18:34:05.570303+09:00,남산공원,남산공원,POI091,KEY_3,1020021203,녹사평대로,1020202700,최소노드배치점,126.9863503923400998_37.5487785464141908,1020031700,남산3호터널,126.9882591208348686_37.5448199209281057,471.0,53.5,원활,126.9882591208348686_37.5448199209281057|126.9874456928026518_37.5464987757139923|126.9869567914766435_37.5475077924163756|126.9863503923400998_37.5487785464141908
2026-09-04T18:34:05.570303+09:00,남산공원,남산공원,POI091,KEY_3,1020021503,녹사평대로58길,1020202600,최소노드배치점,126.9920654888585432_37.5464836330589478,1020033802,중구-용산구,126.9941800822392253_37.5483638189793609,280.0,33.5,원활,126.9941800822392253_37.5483638189793609|126.9938148610441147_37.5480370875412888|126.9920654888585432_37.5464836330589478
2026-09-04T18:34:05.570303+09:00,남산공원,남산공원,POI091,KEY_3,1020021602,녹사평대로58길,1020202500,최소노드배치점,126.9921665926364795_37.5464114553124944,1020031601,남산2호터널(남측),126.9900889924239067_37.5445050141916710,280.0,11.0,정체,126.9900889924239067_37.5445050141916710|126.9914916267217109_37.5458120576411361|126.9921665926364795_37.5464114553124944
2026-09-04T18:34:05.570303+09:00,남산공원,남산공원,POI091,KEY_3,1020022000,소월로,1020194800,후암동 30-84,126.9814072594849534_37.5522852306242356,1020035004,남산도서관,126.9820441302999257_37.5522163769606223,59.0,39.0,원활,126.9820441302999257_37.5522163769606223|126.9819088129307261_37.5522833198760679|126.9817703707758199_37.5523143848202494|126.9814072594849534_37.5522852306242356
2026-09-04T18:34:05.570303+09:00,남산공원,남산공원,POI091,KEY_3,1020022501,소월로3길,1020035301,중구-용산구,126.9794359625306441_37.5533355630164678,1020035201,백범삼거리,126.9793662533445655_37.5529532246864122,43.0,32.0,원활,126.9793662533445655_37.5529532246864122|126.9793880800049521_37.5530117222789102|126.9794227439918330_37.5531347848289343|126.9794359625306441_37.5533355630164678
2026-09-04T18:34:05.570303+09:00,남산공원,남산공원,POI091,KEY_3,1020022601,소월로3길,1020035204,백범삼거리,126.9792622165397944_37.5530589862476134,1020035302,중구-용산구,126.9793003435379148_37.5533412224888679,32.0,19.0,서행,126.9793003435379148_37.5533412224888679|126.9792877259997397_37.5531495484006754|126.9792622165397944_37.5530589862476134
2026-09-04T18:34:05.570303+09:00,남산공원,남산공원,POI091,KEY_3,1020022701,소월로,1020035203,백범삼거리,126.9791523207287014_37.5529954657967551,1020035803,남산빌딩,126.9788197492435984_37.5538664469801802,105.0,32.0,원활,126.9788197492435984_37.5538664469801802|126.9788320848520584_37.5537936153429754|126.9788381662664420_37.5534787987545684|126.9788616301610205_37.5533455832039920|126.9789869852372135_37.5531767747786844|126.9791523207287014_37.5529954657967551
2026-09-04T18:34:05.570303+09:00,남산공원,남산공원,POI091,KEY_3,1020022705,소월로,1010109800,남대문로5가 431,126.9765972619878767_37.5555182701131471,1010000704,도동삼거리,126.9768636563198214_37.5560052120861414,59.0,23.0,서행,126.9768636563198214_37.5560052120861414|126.9768061889182320_37.5559210408862967|126.9767141186498520_37.5557820754249434|126.9766585950972626_37.5556855676206496|126.9765972619878767_37.5555182701131471
2026-09-04T18:34:05.570303+09:00,남산공원,남산공원,POI091,KEY_3,1020046700,회나무로,1020029604,주한잠비아대사관,126.9967777014190347_37.5409679675920387,1020029904,그랜드하얏트서울호텔,126.9967880247366026_37.5411677682187985,22.0,21.0,서행,126.9967880247366026_37.5411677682187985|126.9967728360006589_37.5410286281927483|126.9967777014190347_37.5409679675920387
2026-09-04T18:34:05.570303+09:00,남산공원,남산공원,POI091,KEY_3,1020046800,이태원로,1020029301,한강진역(서울6호선),127.0017194731485404_37.5403123179937737,1020030502,남산1호터널,127.0011475233860949_37.5426632134690550,272.0,18.3,서행,127.0011475233860949_37.5426632134690550|127.0015311515307985_37.5421016089276307|127.0015805456080216_37.5419085123277227|127.0015939913932499_37.5406247820271943|127.0016388950282931_37.5405067783538442|127.0017194731485404_37.5403123179937737
2026-09-04T18:34:05.570303+09:00,남산공원,남산공원,POI091,KEY_3,1020046900,삼일대로,1020175500,최소노드배치점,127.0035323192753083_37.5405885434105357,1020030502,남산1호터널,127.0011475233860949_37.5426632134690550,321.0,10.7,정체,127.0011475233860949_37.5426632134690550|127.0014421537468792_37.5421321890763622|127.0016477330503335_37.5418866360372547|127.0018907470175975_37.5416665641116509|127.0022358658835202_37.5414482134012175|127.0025860131714524_37.5412867858314456|127.0028559969429409_37.5411634273289678|127.0031181343200473_37.5410231206069369|127.0032721853626754_37.5409133593387665|127.0033897576778941_37.5407906749780054|127.0035115414202807_37.5406268074686480|127.0035323192753083_37.5405885434105357
2026-09-04T18:34:05.570303+09:00,남산공원,남산공원,POI091,KEY_3,1020048300,한남대로,1020032900,버티고개삼거리,127.0026105037928943_37.5468688936416513,1020032700,버티고개삼거리,127.0029447673493195_37.5467593288095358,44.0,14.0,정체,127.0029447673493195_37.5467593288095358|127.0029380695280992_37.5468203653495749|127.0029099083530042_37.5468760387726661|127.0028500298482896_37.5469141822217907|127.0027751791743782_37.5469261033197625|127.0027153173217584_37.5469271696922320|127.0026602253265509_37.5469004707433598|127.0026105037928943_37.5468688936416513
2026-09-04T18:34:05.570303+09:00,남산공원,남산공원,POI091,KEY_3,1020048700,한남대로,1020032900,버티고개삼거리,127.0026105037928943_37.5468688936416513,1020033200,버티고개삼거리,127.0025730838910363_37.5470327870720695,18.0,13.0,정체,127.0025730838910363_37.5470327870720695|127.0026105037928943_37.5468688936416513
2026-09-04T18:34:05.570303+09:00,남산공원,남산공원,POI091,KEY_3,1020048902,장충단로,1020039200,금곡마을,127.0025345027781754_37.5476975304652854,1020033400,버티고개삼거리,127.0030416859701603_37.5473790298105854,57.0,26.0,원활,127.0030416859701603_37.5473790298105854|127.0027348020271063_37.5475667685394185|127.0025345027781754_37.5476975304652854
2026-09-04T18:34:05.570303+09:00,남산공원,남산공원,POI091,KEY_3,1020049101,한남대로,1020033200,버티고개삼거리,127.0025730838910363_37.5470327870720695,1020033400,버티고개삼거리,127.0030416859701603_37.5473790298105854,61.0,13.0,정체,127.0030416859701603_37.5473790298105854|127.0028680107847805_37.5473504346501059|127.0027692048318926_37.5473075269365992|127.0026853679474499_37.5472336280425196|127.0025730838910363_37.5470327870720695
2026-09-04T18:34:05.570303+09:00,남산공원,남산공원,POI091,KEY_3,1020049200,한남대로,1020033200,버티고개삼거리,127.0025730838910363_37.5470327870720695,1020033602,한남동 산9-24,127.0018534544919646_37.5479854852196766,125.0,11.0,정체,127.0018534544919646_37.5479854852196766|127.0020491484872736_37.5478403427924476|127.0022886659577210_37.5475512907599622|127.0024084221392684_37.5473665367583962|127.0025730838910363_37.5470327870720695
2026-09-04T18:34:05.570303+09:00,남산공원,남산공원,POI091,KEY_3,1020049300,장충단로,1020033601,한남동 산9-19,127.0019447500765182_37.5480655221760529,1020039200,금곡마을,127.0025345027781754_37.5476975304652854,66.0,42.0,원활,127.0025345027781754_37.5476975304652854|127.0021706652056963_37.5479225801878513|127.0019447500765182_37.5480655221760529
2026-09-04T18:34:05.570303+09:00,남산공원,남산공원,POI091,KEY_3,1020052600,장충단로,1020039200,금곡마을,127.0025345027781754_37.5476975304652854,1020039300,버티고개삼거리,127.0035835950983483_37.5474410033304693,97.0,28.5,원활,127.0035835950983483_37.5474410033304693|127.0029323907036627_37.5475602162392121|127.0025345027781754_37.5476975304652854
2026-09-04T18:34:05.570303+09:00,뚝섬한강공원,뚝섬한강공원,POI093,KEY_1,1040000101,강변북로,1040007200,갈보리교회,127.0717090610578452_37.5301063396273378,1040007700,청담대교,127.0639048821844455_37.5319767570000238,723.0,28.0,정체,127.0639048821844455_37.5319767570000238|127.0641467011488999_37.5319005471695135|127.0644696731657177_37.5318097837486206|127.0647191200326773_37.5317507749984074|127.0648782042396334_37.5317238099468824|127.0651840667161281_37.5317014958161437|127.0655199521013117_37.5316906105589112|127.0657229190443616_37.5316733003715655|127.0659578374756506_37.5316385196029287|127.0662238405564892_37.5315862703501750|127.0675077088500728_37.5312398941677614|127.0688008468883226_37.5308922092799335|127.0697340200764529_37.5306450696274183|127.0708561697146166_37.5303333238003844|127.0717090610578452_37.5301063396273378
2026-09-04T18:34:05.570303+09:00,뚝섬한강공원,뚝섬한강공원,POI093,KEY_1,1040007500,강변북로,1040028701,청담대교,127.0701160723116203_37.5386945582041420,1040000201,청담대교(북측),127.0668012691852340_37.5315220172388280,848.0,9.0,정체,127.0668012691852340_37.5315220172388280|127.0669355263784155_37.5317815872931959|127.0672448702695760_37.5324328127955837|127.0677860749237738_37.5336261809339149|127.0685094362804364_37.5351779912987382|127.0689130346604259_37.5360918386047686|127.0694053089361546_37.5371700486358151|127.0701160723116203_37.5386945582041420
2026-09-04T18:34:05.570303+09:00,뚝섬한강공원,뚝섬한강공원,POI093,KEY_1,1040017500,동부간선도로,1040006500,청담대교(북측),127.0659058096508573_37.5295099655257971,1220054801,광진구-강남구,127.0638527269761511_37.5251377326585711,518.0,32.0,서행,127.0638527269761511_37.5251377326585711|127.0659058096508573_37.5295099655257971
2026-09-04T18:34:05.570303+09:00,뚝섬한강공원,뚝섬한강공원,POI093,KEY_1,1040017600,동부간선도로,1220054802,광진구-강남구,127.0637042681796913_37.5251816470201618,1040006700,청담대교(북측),127.0658040332418466_37.5296505595828407,530.0,19.0,정체,127.0658040332418466_37.5296505595828407|127.0637042681796913_37.5251816470201618
2026-09-04T18:34:05.570303+09:00,뚝섬한강공원,뚝섬한강공원,POI093,KEY_1,1040017800,강변북로,1040005500,자양동571,127.0891044140083466_37.5275091410896735,1040005300,잠실대교(북측),127.0862499791729050_37.5276278416706646,294.0,37.5,서행,127.0862499791729050_37.5276278416706646|127.0870098289398840_37.5278013091686447|127.0873723080057545_37.5279098933669459|127.0876710927343680_37.5280301791059827|127.0878690622159581_37.5281053971571410|127.0879961282403485_37.5281416129128687|127.0881232595525887_37.5281659046285085|127.0882280475711497_37.5281692511000173|127.0883254798830819_37.5281487237361020|127.0884230277934961_37.5281073290094156|127.0886296793605368_37.5279649582207568|127.0887725846017418_37.5278432327973945|127.0891044140083466_37.5275091410896735
2026-09-04T18:34:05.570303+09:00,뚝섬한강공원,뚝섬한강공원,POI093,KEY_1,1040019400,동부간선도로,1040007100,청담대교,127.0661780522084143_37.5301489062000044,1040006500,청담대교(북측),127.0659058096508573_37.5295099655257971,75.0,32.0,서행,127.0659058096508573_37.5295099655257971|127.0661780522084143_37.5301489062000044
2026-09-04T18:34:05.570303+09:00,뚝섬한강공원,뚝섬한강공원,POI093,KEY_1,1040020201,동부간선도로,1040007000,청담대교,127.0659084467373674_37.5304009255851980,1040000202,청담대교(북측),127.0666626111006252_37.5315665324150132,569.0,9.0,정체,127.0666626111006252_37.5315665324150132|127.0665844704566894_37.5314071710942372|127.0663149822559603_37.5307563124062753|127.0662000326143897_37.5305680838471929|127.0660846349030635_37.5304573613561558|127.0659765674722195_37.5303734944058007|127.0658273955304765_37.5302775525286307|127.0656033278221884_37.5301872968624579|127.0653603715604163_37.5301267824677822|127.0651883094761558_37.5301052814653744|127.0649974815679144_37.5300926545932185|127.0647877110491919_37.5301187114876384|127.0646601860693039_37.5301629565729868|127.0645287783082438_37.5302310369297629|127.0644234346550832_37.5303230605501739|127.0643403747003788_37.5304449770722925|127.0642833610659608_37.5305938192979269|127.0642749904788360_37.5307458218700916|127.0642928567745145_37.5308919599562856|127.0643409974126001_37.5309815689468493|127.0644079744791384_37.5310503797447552|127.0644900298670166_37.5311013604668062|127.0645983212158967_37.5311464756817443|127.0647590866586398_37.5311798598309210|127.0649312365971753_37.5311864561425708|127.0651485129710068_37.5311574458794723|127.0653548011039504_37.5310866600695121|127.0655163454597556_37.5309858989919221|127.0656895151263939_37.5308166154867990|127.0657988609960825_37.5306798898420055|127.0659084467373674_37.5304009255851980
2026-09-04T18:34:05.570303+09:00,뚝섬한강공원,뚝섬한강공원,POI093,KEY_1,1040020202,강변북로,1040000202,청담대교(북측),127.0666626111006252_37.5315665324150132,1040028702,청담대교,127.0699887106514012_37.5387318473572122,848.0,11.0,정체,127.0699887106514012_37.5387318473572122|127.0692776775772757_37.5372071673034355|127.0687850931199563_37.5361282739688562|127.0683816446363466_37.5352147721280858|127.0676584862117124_37.5336633852443669|127.0671174250280160_37.5324703344999904|127.0668031124959469_37.5318450873398533|127.0666626111006252_37.5315665324150132
2026-09-04T18:34:05.570303+09:00,뚝섬한강공원,뚝섬한강공원,POI093,KEY_1,1040020300,강변북로,1040007200,갈보리교회,127.0717090610578452_37.5301063396273378,1040006500,청담대교(북측),127.0659058096508573_37.5295099655257971,589.0,44.0,서행,127.0659058096508573_37.5295099655257971|127.0661422395284603_37.5299300856423272|127.0662624382071897_37.5301165444698057|127.0663782912479149_37.5302779469622081|127.0665122982715047_37.5304072202187626|127.0666286278227517_37.5304863472552910|127.0667584332606879_37.5305655233223590|127.0669376489558573_37.5306448802829351|127.0670946529859862_37.5306812285827149|127.0672831216946861_37.5307141142238834|127.0674897015057212_37.5307220260745638|127.0677188016304342_37.5307192874318076|127.0681369279238879_37.5306528494715437|127.0693822761927549_37.5304606472188951|127.0711311633638729_37.5301879846553135|127.0717090610578452_37.5301063396273378
2026-09-04T18:34:05.570303+09:00,뚝섬한강공원,뚝섬한강공원,POI093,KEY_1,1040020500,동부간선도로,1040000201,청담대교(북측),127.0668012691852340_37.5315220172388280,1040007100,청담대교,127.0661780522084143_37.5301489062000044,162.0,9.0,정체,127.0661780522084143_37.5301489062000044|127.0664052488033349_37.5306821173898300|127.0667157921235457_37.5313539937747009|127.0668012691852340_37.5315220172388280
2026-09-04T18:34:05.570303+09:00,뚝섬한강공원,뚝섬한강공원,POI093,KEY_1,1040021000,동부간선도로,1040006700,청담대교(북측),127.0658040332418466_37.5296505595828407,1040009000,자양동97-1,127.0609155736685238_37.5329350367471548,667.0,14.7,정체,127.0609155736685238_37.5329350367471548|127.0635781208483195_37.5322247311841934|127.0648539404698596_37.5318789459323554|127.0650767295477550_37.5317936319202801|127.0653158181221016_37.5317034610872753|127.0654788496418206_37.5315939721514624|127.0656013167870384_37.5315067692669189|127.0657049770766918_37.5314172115909841|127.0658172245582875_37.5313035896028282|127.0659108411356186_37.5311780017973362|127.0659843578464603_37.5310296063900140|127.0660360753247318_37.5309057555864598|127.0660617534609145_37.5307962695734290|127.0660878117391661_37.5306432775922545|127.0660919911500457_37.5304921755342349|127.0660746323654990_37.5303480953147215|127.0660169856809460_37.5301263983296920|127.0658040332418466_37.5296505595828407
2026-09-04T18:34:05.570303+09:00,뚝섬한강공원,뚝섬한강공원,POI093,KEY_1,1040021300,강변북로,1040008900,영동대교(북측),127.0622180343810612_37.5327754229746304,1040007100,청담대교,127.0661780522084143_37.5301489062000044,509.0,63.7,원활,127.0661780522084143_37.5301489062000044|127.0662091213532250_37.5303319154962338|127.0662279483586872_37.5304881872226304|127.0662234250055747_37.5306517647420890|127.0661958813128507_37.5308134783766079|127.0661678792534133_37.5309328767341057|127.0661120615257715_37.5310665481004193|127.0660331851003662_37.5312257613005116|127.0659294695478962_37.5313648977888334|127.0658084369414951_37.5314874122535613|127.0656967341885206_37.5315839185092415|127.0655679104062585_37.5316756480466083|127.0653898901095005_37.5317952023784045|127.0651352239816987_37.5318912483707550|127.0649091457236040_37.5319778229982433|127.0637001264982189_37.5323719601884278|127.0622180343810612_37.5327754229746304
2026-09-04T18:34:05.570303+09:00,뚝섬한강공원,뚝섬한강공원,POI093,KEY_1,1040022900,강변북로,1040028500,뚝섬한강공원벽천마당,127.0614388129309447_37.5326114973567044,1040008500,영동대교북측(남측),127.0584975332097599_37.5323485831343291,299.0,13.0,정체,127.0584975332097599_37.5323485831343291|127.0586732895560260_37.5324789717091889|127.0587699459401705_37.5325926128592471|127.0588552316242925_37.5327300595365685|127.0589407991397479_37.5328198106204880|127.0590489151475424_37.5328947406158733|127.0591385071375470_37.5329368094717353|127.0592505754695907_37.5329759819797673|127.0593664405883203_37.5330062244541409|127.0594824115241863_37.5330185818925273|127.0596283980437136_37.5330191263591999|127.0597595173028367_37.5330017284285375|127.0599319339068529_37.5329636179149517|127.0603781675341111_37.5328311326851605|127.0605468755547491_37.5327870441264153|127.0607343336554607_37.5327370639507691|127.0609329701540418_37.5326960678981081|127.0611090765655149_37.5326669124135179|127.0614388129309447_37.5326114973567044
2026-09-04T18:34:05.570303+09:00,뚝섬한강공원,뚝섬한강공원,POI093,KEY_1,1040023200,강변북로,1040028500,뚝섬한강공원벽천마당,127.0614388129309447_37.5326114973567044,1040009400,성동구-광진구,127.0589888489411123_37.5333278313286485,231.0,35.0,서행,127.0589888489411123_37.5333278313286485|127.0593730424238856_37.5332076489046926|127.0601146754208912_37.5329776536316828|127.0604866550777530_37.5328683822143034|127.0607385812359098_37.5328044512337371|127.0609664941108861_37.5327499710006336|127.0611464257032139_37.5327067587713472|127.0614388129309447_37.5326114973567044
2026-09-04T18:34:05.570303+09:00,뚝섬한강공원,뚝섬한강공원,POI093,KEY_1,1040040100,동부간선도로,1040006700,청담대교(북측),127.0658040332418466_37.5296505595828407,1040007000,청담대교,127.0659084467373674_37.5304009255851980,84.0,10.0,정체,127.0659084467373674_37.5304009255851980|127.0658993527911917_37.5302722000947497|127.0658767209621232_37.5300648130206937|127.0658040332418466_37.5296505595828407
2026-09-04T18:34:05.570303+09:00,뚝섬한강공원,뚝섬한강공원,POI093,KEY_1,1040040200,강변북로,1040007000,청담대교,127.0659084467373674_37.5304009255851980,1040028600,청담대교,127.0628710918014548_37.5322113847492105,364.0,22.0,정체,127.0628710918014548_37.5322113847492105|127.0645647717664133_37.5316794398258153|127.0649620402024738_37.5315528754805783|127.0651954679026687_37.5314848059559907|127.0653391000813741_37.5314239369300040|127.0654333429809810_37.5313666711772527|127.0655455274282843_37.5312879398512464|127.0656307704089016_37.5312092233928993|127.0656935509832692_37.5311162159748619|127.0657563020179310_37.5309910265765865|127.0658100480931978_37.5308372344698995|127.0658458430619930_37.5306941805669751|127.0658906280394405_37.5305618489558483|127.0659084467373674_37.5304009255851980
2026-09-04T18:34:05.570303+09:00,망원한강공원,망원한강공원,POI094,KEY_2,1130002001,강변북로,1130018900,양화대교(북측),126.9079628582625361_37.5476071802752429,1130017700,양화대교(북측),126.9091923154714152_37.5466689501214006,150.0,12.0,정체,126.9091923154714152_37.5466689501214006|126.9079628582625361_37.5476071802752429
2026-09-04T18:34:05.570303+09:00,망원한강공원,망원한강공원,POI094,KEY_2,1130001502,양화로,1130019500,양화대교(북측),126.9088702991146818_37.5473486190442571,1130020700,양화대교(북측),126.9110864738484850_37.5486558094690892,247.0,52.0,원활,126.9110864738484850_37.5486558094690892|126.9104702975695886_37.5484316205709661|126.9102030567186858_37.5483158501774241|126.9098751447166222_37.5481333274638018|126.9095562311644869_37.5479092035175839|126.9088702991146818_37.5473486190442571
2026-09-04T18:34:05.570303+09:00,망원한강공원,망원한강공원,POI094,KEY_2,1130001503,양화로,1130020700,양화대교(북측),126.9110864738484850_37.5486558094690892,1130021204,합정동 402,126.9117526504634554_37.5488099012589700,61.0,22.0,서행,126.9117526504634554_37.5488099012589700|126.9114095304818335_37.5487362312337467|126.9110864738484850_37.5486558094690892
2026-09-04T18:34:05.570303+09:00,망원한강공원,망원한강공원,POI094,KEY_2,1130001504,양화로,1130021201,합정동 402,126.9118842718870042_37.5488389364112436,1130052000,합정역8번출구,126.9125610162048474_37.5489924297706352,62.0,12.0,정체,126.9125610162048474_37.5489924297706352|126.9125108300752061_37.5489801444249309|126.9123320541385880_37.5489398539158543|126.9118842718870042_37.5488389364112436
2026-09-04T18:34:05.570303+09:00,망원한강공원,망원한강공원,POI094,KEY_2,1130001505,양화로,1130052000,합정역8번출구,126.9125610162048474_37.5489924297706352,1130021604,합정역교차로,126.9133271355590011_37.5492481379057494,74.0,19.0,서행,126.9133271355590011_37.5492481379057494|126.9131511937065824_37.5491581588815038|126.9128784491420845_37.5490701385518264|126.9125610162048474_37.5489924297706352
2026-09-04T18:34:05.570303+09:00,망원한강공원,망원한강공원,POI094,KEY_2,1130001602,양화로,1130020600,양화대교(북측),126.9111269978420609_37.5485526161926089,1130019000,양화대교(북측),126.9089758149120399_37.5472798488198407,240.0,8.0,정체,126.9089758149120399_37.5472798488198407|126.9096499332892023_37.5478308424299101|126.9099592463067125_37.5480482193369483|126.9102746337613610_37.5482237702880965|126.9105310887964890_37.5483348678804703|126.9111269978420609_37.5485526161926089
2026-09-04T18:34:05.570303+09:00,망원한강공원,망원한강공원,POI094,KEY_2,1130001603,양화로,1130021203,합정동 402,126.9117684440008702_37.5487013098127989,1130020600,양화대교(북측),126.9111269978420609_37.5485526161926089,59.0,10.0,정체,126.9111269978420609_37.5485526161926089|126.9114474860303403_37.5486323980145400|126.9117684440008702_37.5487013098127989
2026-09-04T18:34:05.570303+09:00,망원한강공원,망원한강공원,POI094,KEY_2,1130001605,양화로,1130021800,합정역8번출구,126.9126009251802998_37.5488890850710817,1130021202,합정동 402,126.9119017412713788_37.5487305057125056,64.0,7.0,정체,126.9119017412713788_37.5487305057125056|126.9123690393006569_37.5488358216645253|126.9125492819859886_37.5488764427686803|126.9126009251802998_37.5488890850710817
2026-09-04T18:34:05.570303+09:00,망원한강공원,망원한강공원,POI094,KEY_2,1130001606,양화로,1130021603,합정역교차로,126.9133979744090510_37.5491558635704337,1130021800,합정역8번출구,126.9126009251802998_37.5488890850710817,77.0,7.0,정체,126.9126009251802998_37.5488890850710817|126.9129239950553085_37.5489681728266333|126.9132139348755288_37.5490617432278029|126.9133979744090510_37.5491558635704337
2026-09-04T18:34:05.570303+09:00,망원한강공원,망원한강공원,POI094,KEY_2,1130001901,강변북로,1130017400,양화대교(북측),126.9083263926780347_37.5461870828408806,1130018500,양화대교(북측),126.9073251434053304_37.5469921878426263,126.0,62.7,원활,126.9073251434053304_37.5469921878426263|126.9079528426240131_37.5464989216316312|126.9083263926780347_37.5461870828408806
2026-09-04T18:34:05.570303+09:00,망원한강공원,망원한강공원,POI094,KEY_2,1130001902,강변북로,1130018500,양화대교(북측),126.9073251434053304_37.5469921878426263,1130021700,양화대교(북측),126.9048603023906736_37.5488546051941512,300.0,64.0,원활,126.9048603023906736_37.5488546051941512|126.9072221258290227_37.5470731409600376|126.9073251434053304_37.5469921878426263
2026-09-04T18:34:05.570303+09:00,망원한강공원,망원한강공원,POI094,KEY_2,1130002002,강변북로,1130022700,양화대교(북측),126.9055080199198642_37.5489541612342776,1130018900,양화대교(북측),126.9079628582625361_37.5476071802752429,264.0,13.0,정체,126.9079628582625361_37.5476071802752429|126.9073936673337926_37.5479978199623545|126.9069694275231797_37.5482389414567947|126.9064914428329871_37.5484583282313551|126.9055080199198642_37.5489541612342776
2026-09-04T18:34:05.570303+09:00,망원한강공원,망원한강공원,POI094,KEY_2,1130002003,강변북로,1130001000,동인리버빌2차,126.9029266853274578_37.5507642647602324,1130022700,양화대교(북측),126.9055080199198642_37.5489541612342776,304.0,15.0,정체,126.9055080199198642_37.5489541612342776|126.9050478801057693_37.5492753502968384|126.9029266853274578_37.5507642647602324
2026-09-04T18:34:05.570303+09:00,망원한강공원,망원한강공원,POI094,KEY_2,1130002101,양화로,1130021601,합정역교차로,126.9134396891751067_37.5493101529960995,1130022800,합정역(서울2호선),126.9139380043217500_37.5496171809286139,56.0,6.0,정체,126.9139380043217500_37.5496171809286139|126.9138232146117105_37.5495337692831868|126.9134396891751067_37.5493101529960995
2026-09-04T18:34:05.570303+09:00,망원한강공원,망원한강공원,POI094,KEY_2,1130002102,양화로,1130022800,합정역(서울2호선),126.9139380043217500_37.5496171809286139,1130024304,누아갤러리,126.9154925570157388_37.5507467776258252,186.0,6.0,정체,126.9154925570157388_37.5507467776258252|126.9142500058633658_37.5498438974214181|126.9139380043217500_37.5496171809286139
2026-09-04T18:34:05.570303+09:00,망원한강공원,망원한강공원,POI094,KEY_2,1130002201,양화로,1130022400,합정역5번출구,126.9140295476794051_37.5495373218593258,1130021602,합정역교차로,126.9135099145764940_37.5492170875193594,58.0,33.0,원활,126.9135099145764940_37.5492170875193594|126.9139093521257280_37.5494499807109747|126.9140295476794051_37.5495373218593258
2026-09-04T18:34:05.570303+09:00,망원한강공원,망원한강공원,POI094,KEY_2,1130002202,양화로,1130073600,합정동 402,126.9143415490859326_37.5497640377180701,1130022400,합정역5번출구,126.9140295476794051_37.5495373218593258,37.0,32.0,원활,126.9140295476794051_37.5495373218593258|126.9143415490859326_37.5497640377180701
2026-09-04T18:34:05.570303+09:00,망원한강공원,망원한강공원,POI094,KEY_2,1130002302,강변북로,1130021700,양화대교(북측),126.9048603023906736_37.5488546051941512,1130025700,망원안내센터,126.9007654903283679_37.5519545470431098,499.0,20.0,정체,126.9007654903283679_37.5519545470431098|126.9031163427670492_37.5502021941284241|126.9039187278760892_37.5495836910314580|126.9048603023906736_37.5488546051941512
2026-09-04T18:34:05.570303+09:00,망원한강공원,망원한강공원,POI094,KEY_2,1130002303,강변북로,1130025700,망원안내센터,126.9007654903283679_37.5519545470431098,1130028000,성산대교(북측),126.8963688755541455_37.5552314842199308,532.0,58.0,원활,126.8963688755541455_37.5552314842199308|126.9007654903283679_37.5519545470431098
2026-09-04T18:34:05.570303+09:00,망원한강공원,망원한강공원,POI094,KEY_2,1130002401,강변북로,1130051800,망원안내센터,126.9009570824425310_37.5522283841895188,1130001000,동인리버빌2차,126.9029266853274578_37.5507642647602324,238.0,17.8,정체,126.9029266853274578_37.5507642647602324|126.9009570824425310_37.5522283841895188
2026-09-04T18:34:05.570303+09:00,망원한강공원,망원한강공원,POI094,KEY_2,1130002402,강변북로,1130027900,성산대교(북측),126.8972467448848818_37.5549676744905199,1130051800,망원안내센터,126.9009570824425310_37.5522283841895188,447.0,15.3,정체,126.9009570824425310_37.5522283841895188|126.8972467448848818_37.5549676744905199
2026-09-04T18:34:05.570303+09:00,망원한강공원,망원한강공원,POI094,KEY_2,1130003401,강변북로,1130028500,성산대교(북측),126.8963294092971381_37.5558625828289365,1130027900,성산대교(북측),126.8972467448848818_37.5549676744905199,128.0,16.0,정체,126.8972467448848818_37.5549676744905199|126.8970402802669923_37.5551901202604625|126.8966418585040685_37.5555636932406571|126.8963294092971381_37.5558625828289365
2026-09-04T18:34:05.570303+09:00,망원한강공원,망원한강공원,POI094,KEY_2,1130003402,강변북로,1130030400,성산대교(북측),126.8947848919604837_37.5573821483062815,1130028500,성산대교(북측),126.8963294092971381_37.5558625828289365,217.0,14.0,정체,126.8963294092971381_37.5558625828289365|126.8955775076021837_37.5566063745334304|126.8949481528685936_37.5571969694140364|126.8947848919604837_37.5573821483062815
2026-09-04T18:34:05.570303+09:00,망원한강공원,망원한강공원,POI094,KEY_2,1130003900,강변북로,1130201400,최소노드배치점,126.8947142757485977_37.5570261297014412,1130034300,성산지하차도,126.8987170904777031_37.5621054838341308,789.0,68.0,원활,126.8987170904777031_37.5621054838341308|126.8969536987574855_37.5615846732236918|126.8963662923212468_37.5614278506331800|126.8961199007135576_37.5613335826976993|126.8958557676520229_37.5612106063692224|126.8956902323749318_37.5611203281630139|126.8954532341929990_37.5609760266916481|126.8951942332924432_37.5607743757100181|126.8949800523225804_37.5605872628649635|126.8948420294957060_37.5604291583902281|126.8947087021021645_37.5602460363635160|126.8946021053882873_37.5600916699249439|126.8944959424210310_37.5598836467254458|126.8944166539394161_37.5596864927554392|126.8943291310609283_37.5593962890377000|126.8942944005902547_37.5592458680922050|126.8942732661792689_37.5590812073427287|126.8942613210597443_37.5588915539580199|126.8942718716697442_37.5586984383601603|126.8943005688038568_37.5584839520411649|126.8943379626907983_37.5583052827078205|126.8944118820898979_37.5580552564431471|126.8947142757485977_37.5570261297014412
2026-09-04T18:34:05.570303+09:00,망원한강공원,망원한강공원,POI094,KEY_2,1130004000,내부순환도로,1130199400,최소노드배치점,126.8958737769441854_37.5567231575300013,1130051800,망원안내센터,126.9009570824425310_37.5522283841895188,675.0,72.3,원활,126.9009570824425310_37.5522283841895188|126.9004216665100273_37.5527558689880081|126.8992644896432012_37.5536192522852588|126.8974878493433636_37.5549623897843006|126.8970581227338243_37.5553179179575167|126.8967684876836159_37.5555739988053006|126.8965601593328500_37.5557768354810761|126.8963650204589584_37.5560155115119159|126.8960834710524210_37.5563825258058159|126.8958737769441854_37.5567231575300013
2026-09-04T18:34:05.570303+09:00,망원한강공원,망원한강공원,POI094,KEY_2,1130004101,성산로,1130001702,성산대교(북측),126.8942680586532674_37.5573968828278240,1130032200,망원동297-2,126.8950002147612537_37.5586295530031435,151.0,26.0,원활,126.8950002147612537_37.5586295530031435|126.8946622839659284_37.5580572433595918|126.8942680586532674_37.5573968828278240
2026-09-04T18:34:05.570303+09:00,망원한강공원,망원한강공원,POI094,KEY_2,1130004102,성산로,1130032200,망원동297-2,126.8950002147612537_37.5586295530031435,1130051700,성산대교(북측),126.8965663447275745_37.5604484258084454,248.0,44.0,원활,126.8965663447275745_37.5604484258084454|126.8961956061885417_37.5601962475844360|126.8960004414220890_37.5600454039845530|126.8957681063122038_37.5598307646228093|126.8955523404559216_37.5595645510922296|126.8950002147612537_37.5586295530031435
2026-09-04T18:34:05.570303+09:00,망원한강공원,망원한강공원,POI094,KEY_2,1130004201,성산로,1130032000,성산대교(북측),126.8948869795846548_37.5581835345159192,1130001701,성산대교(북측),126.8943813250255772_37.5573346406202617,104.0,38.0,원활,126.8943813250255772_37.5573346406202617|126.8947851168518781_37.5580110236248075|126.8948869795846548_37.5581835345159192
2026-09-04T18:34:05.570303+09:00,망원한강공원,망원한강공원,POI094,KEY_2,1130004202,성산로,1130033100,성산대교(북측),126.8962400098648260_37.5600798445252551,1130032000,성산대교(북측),126.8948869795846548_37.5581835345159192,244.0,63.3,원활,126.8948869795846548_37.5581835345159192|126.8956713880452583_37.5595120093113124|126.8958771300655002_37.5597658566190375|126.8960993848130840_37.5599711823067182|126.8962400098648260_37.5600798445252551
2026-09-04T18:34:05.570303+09:00,망원한강공원,망원한강공원,POI094,KEY_2,1130004301,강변북로,1130028000,성산대교(북측),126.8963688755541455_37.5552314842199308,1130031400,성산대교(북측),126.8934765616889280_37.5578619363347244,389.0,63.5,원활,126.8934765616889280_37.5578619363347244|126.8941287036934114_37.5571376348293455|126.8945911533620006_37.5567226042710089|126.8949875801237539_37.5563790865756957|126.8953713328322834_37.5560456826038447|126.8957040277104795_37.5557573830465401|126.8959563276929146_37.5555665113359325|126.8962264597457050_37.5553376236581471|126.8963688755541455_37.5552314842199308
2026-09-04T18:34:05.570303+09:00,망원한강공원,망원한강공원,POI094,KEY_2,1130004401,강변북로,1130031800,성산대교(북측),126.8940421199747988_37.5581045142548078,1130030400,성산대교(북측),126.8947848919604837_37.5573821483062815,104.0,15.0,정체,126.8947848919604837_37.5573821483062815|126.8940421199747988_37.5581045142548078
2026-09-04T18:34:05.570303+09:00,망원한강공원,망원한강공원,POI094,KEY_2,1130004402,강변북로,1130033200,성산대교,126.8911412406119865_37.5603058527702629,1130031800,성산대교(북측),126.8940421199747988_37.5581045142548078,356.0,25.0,정체,126.8940421199747988_37.5581045142548078|126.8937299682216917_37.5583640487572197|126.8932455301918196_37.5588122892025851|126.8927341561938960_37.5592568126717694|126.8923676674887275_37.5595661444779694|126.8920015830471186_37.5598253972085629|126.8918072327847568_37.5599639069689175|126.8911412406119865_37.5603058527702629
2026-09-04T18:34:05.570303+09:00,망원한강공원,망원한강공원,POI094,KEY_2,1130012504,독막로,1130052100,합정역7번출구,126.9140173730645671_37.5487741682980598,1130021603,합정역교차로,126.9133979744090510_37.5491558635704337,71.0,13.0,정체,126.9133979744090510_37.5491558635704337|126.9135406193636584_37.5489949395947065|126.9136811129909290_37.5488909851792201|126.9137974866256258_37.5488341856604748|126.9139631942102255_37.5487857147723645|126.9140173730645671_37.5487741682980598
2026-09-04T18:34:05.570303+09:00,망원한강공원,망원한강공원,POI094,KEY_2,1130012505,독막로,1130136100,합정동 402,126.9148352538110629_37.5486026780129691,1130052100,합정역7번출구,126.9140173730645671_37.5487741682980598,75.0,18.0,서행,126.9140173730645671_37.5487741682980598|126.9143677077482124_37.5486995039643006|126.9148352538110629_37.5486026780129691
2026-09-04T18:34:05.570303+09:00,망원한강공원,망원한강공원,POI094,KEY_2,1130012601,독막로,1130021602,합정역교차로,126.9135099145764940_37.5492170875193594,1130021400,합정역6번출구,126.9140524865152884_37.5488786114665416,63.0,5.0,정체,126.9140524865152884_37.5488786114665416|126.9140042501253305_37.5488888909759595|126.9138569670299148_37.5489319720761685|126.9137636338956270_37.5489775269032293|126.9136434160954963_37.5490664775041694|126.9135099145764940_37.5492170875193594
2026-09-04T18:34:05.570303+09:00,망원한강공원,망원한강공원,POI094,KEY_2,1130014101,월드컵로,1130021604,합정역교차로,126.9133271355590011_37.5492481379057494,1130022900,합정역9번출구,126.9130418149968449_37.5497885897765329,65.0,7.0,정체,126.9130418149968449_37.5497885897765329|126.9130982247336163_37.5496351327381603|126.9132269055929783_37.5494015408536583|126.9133271355590011_37.5492481379057494
2026-09-04T18:34:05.570303+09:00,망원한강공원,망원한강공원,POI094,KEY_2,1130014201,월드컵로,1130023000,합정역9번출구,126.9131721455813278_37.5498189592265703,1130021601,합정역교차로,126.9134396891751067_37.5493101529960995,61.0,35.0,원활,126.9134396891751067_37.5493101529960995|126.9133494569869924_37.5494482548088371|126.9132260984452927_37.5496721848271662|126.9131721455813278_37.5498189592265703
2026-09-04T18:34:05.570303+09:00,망원한강공원,망원한강공원,POI094,KEY_2,1130044800,강변북로,1130020600,양화대교(북측),126.9111269978420609_37.5485526161926089,1130018200,양화대교(북측),126.9102416078398505_37.5466718111709170,232.0,21.0,정체,126.9102416078398505_37.5466718111709170|126.9103448964562659_37.5473430570484155|126.9103986365779804_37.5476503707893841|126.9104238574202981_37.5477756999008818|126.9105048846684127_37.5479460230307964|126.9105824276039556_37.5480835372061037|126.9106640651950073_37.5481763558913002|126.9108350419256226_37.5483352032103284|126.9109652588307142_37.5484401893999191|126.9111269978420609_37.5485526161926089
2026-09-04T18:34:05.570303+09:00,망원한강공원,망원한강공원,POI094,KEY_2,1130045800,강변북로,1130018400,양화대교북측(서측),126.9079539251361695_37.5465977422113681,1130021700,양화대교(북측),126.9048603023906736_37.5488546051941512,399.0,15.3,정체,126.9048603023906736_37.5488546051941512|126.9055266718272748_37.5485396853818898|126.9064149434197049_37.5481399277629464|126.9066089514169136_37.5480371639153034|126.9068527465944953_37.5478881448283275|126.9078918069258606_37.5471671825859303|126.9080115554062900_37.5470801412585331|126.9080494888386426_37.5470177297965719|126.9080763318795846_37.5469373771126413|126.9080619926768776_37.5468568175705784|126.9080364933849836_37.5467672582688436|126.9079539251361695_37.5465977422113681
2026-09-04T18:34:05.570303+09:00,망원한강공원,망원한강공원,POI094,KEY_2,1130045900,양화로,1130156400,합정동 380-8,126.9118151967610686_37.5482356448082584,1130021203,합정동 402,126.9117684440008702_37.5487013098127989,52.0,16.0,서행,126.9117684440008702_37.5487013098127989|126.9118151967610686_37.5482356448082584
2026-09-04T18:34:05.570303+09:00,망원한강공원,망원한강공원,POI094,KEY_2,1130046100,강변북로,1130018500,양화대교(북측),126.9073251434053304_37.5469921878426263,1130021100,양화대교(북측),126.9082218508906692_37.5486104598507637,242.0,42.0,서행,126.9082218508906692_37.5486104598507637|126.9079481053933449_37.5485697378756456|126.9077374574621047_37.5485042916332930|126.9075136716404160_37.5483958525956893|126.9073528686301700_37.5482769965683474|126.9072370781374417_37.5481476349090215|126.9071571446287834_37.5480291853937302|126.9070864795459102_37.5478750095152094|126.9070561930063690_37.5477281913991590|126.9070570707658732_37.5476173016963841|126.9070763730902627_37.5474492689457051|126.9071136463088436_37.5472813269097330|126.9071729281685634_37.5471707299992374|126.9073251434053304_37.5469921878426263
2026-09-04T18:34:05.570303+09:00,망원한강공원,망원한강공원,POI094,KEY_2,1130046300,양화진길,1130020001,합정동 406,126.9124089735466470_37.5477549671771911,1130021800,합정역8번출구,126.9126009251802998_37.5488890850710817,178.0,16.0,서행,126.9126009251802998_37.5488890850710817|126.9129052599318044_37.5488590463041163|126.9130897233898594_37.5488362968600953|126.9126784164114241_37.5482505084113853|126.9124089735466470_37.5477549671771911
2026-09-04T18:34:05.570303+09:00,망원한강공원,망원한강공원,POI094,KEY_2,1130047000,강변북로,1130020801,양화대교(북측),126.9101361694712296_37.5485270306192120,1130020700,양화대교(북측),126.9110864738484850_37.5486558094690892,85.0,4.0,정체,126.9110864738484850_37.5486558094690892|126.9102173533760265_37.5485274362036847|126.9101361694712296_37.5485270306192120
2026-09-04T18:34:05.570303+09:00,망원한강공원,망원한강공원,POI094,KEY_2,1130047100,강변북로,1130019500,양화대교(북측),126.9088702991146818_37.5473486190442571,1130018900,양화대교(북측),126.9079628582625361_37.5476071802752429,325.0,37.0,서행,126.9079628582625361_37.5476071802752429|126.9077617869843664_37.5478774454727855|126.9077121956132999_37.5479934562309055|126.9076963242405185_37.5481066551844478|126.9077181031041022_37.5481932140098991|126.9077660192914578_37.5482888473825298|126.9078179629540131_37.5483487286568902|126.9079222970304244_37.5484118529214044|126.9080081489424288_37.5484450747764527|126.9081353007526332_37.5484635982839308|126.9086293112116124_37.5484899213285814|126.9087792323046813_37.5484698053234780|126.9089407869166877_37.5483990700973962|126.9090537868644617_37.5483131857162320|126.9091257452737693_37.5482092100341518|126.9091714952716217_37.5481051033266340|126.9091836210362487_37.5479918850748717|126.9091696574317609_37.5478636307128539|126.9091072118532821_37.5477112859805118|126.9090111415095521_37.5475498305376476|126.9088702991146818_37.5473486190442571
2026-09-04T18:34:05.570303+09:00,망원한강공원,망원한강공원,POI094,KEY_2,1130048200,강변북로,1130022700,양화대교(북측),126.9055080199198642_37.5489541612342776,1130021100,양화대교(북측),126.9082218508906692_37.5486104598507637,251.0,13.0,정체,126.9082218508906692_37.5486104598507637|126.9077408467245789_37.5486438201896675|126.9074846758116024_37.5486532667477277|126.9072960385176003_37.5486451656873541|126.9070761497593764_37.5486118667423909|126.9068607830846673_37.5485750129122451|126.9067171008075690_37.5485635595252205|126.9065733056602454_37.5485664137284303|126.9063889048232880_37.5485905279660344|126.9062583330403129_37.5486256435050336|126.9055080199198642_37.5489541612342776
2026-09-04T18:34:05.570303+09:00,망원한강공원,망원한강공원,POI094,KEY_2,1130048500,양화로,1130022400,합정역5번출구,126.9140295476794051_37.5495373218593258,1130021400,합정역6번출구,126.9140524865152884_37.5488786114665416,86.0,12.0,정체,126.9140524865152884_37.5488786114665416|126.9139230246069445_37.5489343484288156|126.9138762522378556_37.5489900978359401|126.9138420413620167_37.5490572990694389|126.9138329563527492_37.5491459732028474|126.9138508086349617_37.5492446788838663|126.9140295476794051_37.5495373218593258
2026-09-04T18:34:05.570303+09:00,망원한강공원,망원한강공원,POI094,KEY_2,1130049000,양화로,1130052000,합정역8번출구,126.9125610162048474_37.5489924297706352,1130022900,합정역9번출구,126.9130418149968449_37.5497885897765329,105.0,9.0,정체,126.9130418149968449_37.5497885897765329|126.9130618100318912_37.5495401812596441|126.9130421428666295_37.5494586372446904|126.9130134806158026_37.5493885292777207|126.9129740362242984_37.5493212749275216|126.9129004782609655_37.5492368304858175|126.9125610162048474_37.5489924297706352
2026-09-04T18:34:05.570303+09:00,망원한강공원,망원한강공원,POI094,KEY_2,1130049300,양화로,1130023000,합정역9번출구,126.9131721455813278_37.5498189592265703,1130022800,합정역(서울2호선),126.9139380043217500_37.5496171809286139,76.0,19.0,서행,126.9139380043217500_37.5496171809286139|126.9136402094506622_37.5496006797627686|126.9135395936122848_37.5496106180248574|126.9134569354612267_37.5496277214884771|126.9133796540536849_37.5496562715165325|126.9131721455813278_37.5498189592265703
2026-09-04T18:34:05.570303+09:00,망원한강공원,망원한강공원,POI094,KEY_2,1130051100,강변북로,1130024903,망원동 211-48,126.9028611241875382_37.5513378254563790,1130001000,동인리버빌2차,126.9029266853274578_37.5507642647602324,67.0,32.0,서행,126.9029266853274578_37.5507642647602324|126.9028126717339262_37.5509453472569632|126.9027897505136622_37.5510720564586151|126.9027991886800919_37.5511826770461639|126.9028254134930478_37.5512780539479394|126.9028588751143047_37.5513352948506878|126.9028611241875382_37.5513378254563790
2026-09-04T18:34:05.570303+09:00,망원한강공원,망원한강공원,POI094,KEY_2,1130052801,성산로,1130197900,최소노드배치점,126.8921036592381171_37.5538194662087861,1130051600,성산대교(북측),126.8939006534653657_37.5567814362906276,365.0,31.0,원활,126.8939006534653657_37.5567814362906276|126.8921036592381171_37.5538194662087861
2026-09-04T18:34:05.570303+09:00,망원한강공원,망원한강공원,POI094,KEY_2,1130052802,성산로,1130051600,성산대교(북측),126.8939006534653657_37.5567814362906276,1130001702,성산대교(북측),126.8942680586532674_37.5573968828278240,76.0,21.0,서행,126.8942680586532674_37.5573968828278240|126.8939006534653657_37.5567814362906276
2026-09-04T18:34:05.570303+09:00,망원한강공원,망원한강공원,POI094,KEY_2,1130054500,강변북로,1130030200,성산대교(북측),126.8959477838967871_37.5573272909178115,1130028500,성산대교(북측),126.8963294092971381_37.5558625828289365,167.0,42.0,서행,126.8963294092971381_37.5558625828289365|126.8962548200340024_37.5560109538974203|126.8961901567778057_37.5561358257255833|126.8960829348993116_37.5564303980136032|126.8960440488294239_37.5566090603388716|126.8960201868548268_37.5567818370500675|126.8959949779797540_37.5571215438861472|126.8959477838967871_37.5573272909178115
2026-09-04T18:34:05.570303+09:00,망원한강공원,망원한강공원,POI094,KEY_2,1130054600,강변북로,1130028000,성산대교(북측),126.8963688755541455_37.5552314842199308,1130029500,성산대교(북측),126.8939091133735531_37.5565467017228869,326.0,31.0,서행,126.8939091133735531_37.5565467017228869|126.8941160039223490_37.5567491270422238|126.8942322184528422_37.5568248446779336|126.8943307792081328_37.5568611223742863|126.8944698084482781_37.5568940303965704|126.8946000245683479_37.5569054298960339|126.8947079483467917_37.5568952521194745|126.8948519626013791_37.5568673720655255|126.8949782349178150_37.5568107838051546|126.8950776352305496_37.5567433262311141|126.8952272699656163_37.5565759637522874|126.8953411542366894_37.5564406025223079|126.8960393752678470_37.5556106937079477|126.8961527713011748_37.5554789163318645|126.8963688755541455_37.5552314842199308
2026-09-04T18:34:05.570303+09:00,망원한강공원,망원한강공원,POI094,KEY_2,1130055100,강변북로,1130030200,성산대교(북측),126.8959477838967871_37.5573272909178115,1130031400,성산대교(북측),126.8934765616889280_37.5578619363347244,298.0,38.7,서행,126.8934765616889280_37.5578619363347244|126.8935715870818655_37.5577801484427098|126.8938020760769518_37.5576167799939142|126.8944847836780241_37.5570980087808479|126.8947239079309526_37.5569776093695822|126.8952461613477141_37.5568515063165833|126.8954622110283879_37.5568061082511946|126.8956193864642330_37.5568176449194340|126.8957223845461613_37.5568610991157641|126.8958473271129890_37.5569690551372233|126.8959003502932745_37.5570802200584239|126.8959309083641926_37.5571912705501774|126.8959477838967871_37.5573272909178115
2026-09-04T18:34:05.570303+09:00,망원한강공원,망원한강공원,POI094,KEY_2,1130055600,성산로,1130001701,성산대교(북측),126.8943813250255772_37.5573346406202617,1130029500,성산대교(북측),126.8939091133735531_37.5565467017228869,97.0,26.0,원활,126.8939091133735531_37.5565467017228869|126.8940231764855895_37.5567347016886757|126.8943813250255772_37.5573346406202617
2026-09-04T18:34:05.570303+09:00,망원한강공원,망원한강공원,POI094,KEY_2,1130056200,강변북로,1130030400,성산대교(북측),126.8947848919604837_37.5573821483062815,1130032000,성산대교(북측),126.8948869795846548_37.5581835345159192,302.0,7.3,정체,126.8948869795846548_37.5581835345159192|126.8950464902944901_37.5582798803510869|126.8951406178000667_37.5583089805873769|126.8953021456018462_37.5583384252499357|126.8954280162047326_37.5583319153729320|126.8955405500953191_37.5583074511124764|126.8956443012299502_37.5582579015376083|126.8956941314630313_37.5582080753949441|126.8957350329097835_37.5581510495894904|126.8957489756507186_37.5580938855421920|126.8958222373852891_37.5573680845716851|126.8958094802783023_37.5572785889986918|126.8957786337305009_37.5572033096052138|126.8957475572415774_37.5571566465653888|126.8957029717622191_37.5571134917800222|126.8955955389453294_37.5570628608098858|126.8954833521016923_37.5570444001368173|126.8953889660117085_37.5570474943645962|126.8952674755185512_37.5570683348415173|126.8951682775213072_37.5571107540445794|126.8947848919604837_37.5573821483062815
2026-09-04T18:34:05.570303+09:00,망원한강공원,망원한강공원,POI094,KEY_2,1130057100,강변북로,1130033100,성산대교(북측),126.8962400098648260_37.5600798445252551,1130030200,성산대교(북측),126.8959477838967871_37.5573272909178115,314.0,48.7,서행,126.8959477838967871_37.5573272909178115|126.8958285842760176_37.5586225282904849|126.8958024250376582_37.5588942629468718|126.8958129054658315_37.5590803325226474|126.8958353298008888_37.5592712320608726|126.8958938158745582_37.5594480078332751|126.8959817962853549_37.5596821688064466|126.8960524974649928_37.5598303891524452|126.8961169487055258_37.5599177650610443|126.8962400098648260_37.5600798445252551
2026-09-04T18:34:05.570303+09:00,망원한강공원,망원한강공원,POI094,KEY_2,1130057200,강변북로,1130031400,성산대교(북측),126.8934765616889280_37.5578619363347244,1130032600,성산대교(북측),126.8944996981634006_37.5595429958823459,239.0,41.3,서행,126.8944996981634006_37.5595429958823459|126.8941294575235332_37.5593605658435763|126.8938607550015405_37.5592482928689790|126.8936729614436558_37.5591328575938022|126.8935435829644405_37.5590177224764972|126.8934368449610588_37.5588812396137470|126.8933615604962029_37.5587449184117617|126.8933178448669281_37.5585944503053000|126.8932965095752934_37.5584548296853100|126.8933112370545899_37.5583010842876703|126.8933302832502790_37.5581688252532899|126.8933808399575440_37.5580295741042107|126.8934765616889280_37.5578619363347244
2026-09-04T18:34:05.570303+09:00,망원한강공원,망원한강공원,POI094,KEY_2,1130057600,강변북로,1130032200,망원동297-2,126.8950002147612537_37.5586295530031435,1130031800,성산대교(북측),126.8940421199747988_37.5581045142548078,296.0,40.7,서행,126.8940421199747988_37.5581045142548078|126.8938006897265183_37.5584165792352991|126.8937232601420106_37.5585449619723732|126.8936684125329748_37.5586591508701986|126.8936495121976407_37.5587735243936720|126.8936709924894188_37.5588952602886152|126.8937374944070342_37.5590064959451837|126.8938133878040446_37.5590676986530951|126.8939028207753950_37.5591218154273392|126.8942162540165697_37.5592593590031356|126.8944268626905654_37.5593319831374330|126.8945211364593462_37.5593431983093211|126.8946470364907526_37.5593331123366880|126.8947912005788936_37.5592873477212734|126.8949221728727252_37.5592057430569781|126.8949992832976932_37.5591167075910022|126.8950313433697943_37.5590417506482055|126.8950410538536175_37.5589523695953105|126.8950002147612537_37.5586295530031435
2026-09-04T18:34:05.570303+09:00,망원한강공원,망원한강공원,POI094,KEY_2,1130057700,강변북로,1130033200,성산대교,126.8911412406119865_37.5603058527702629,1130032600,성산대교(북측),126.8944996981634006_37.5595429958823459,326.0,7.7,정체,126.8944996981634006_37.5595429958823459|126.8943293941725443_37.5594872710125642|126.8941530411086944_37.5594386700603451|126.8939286622046154_37.5594017467735526|126.8937640802613203_37.5593794378865411|126.8935933902019855_37.5593714067652158|126.8934495642020437_37.5593754378597282|126.8932726515631657_37.5593959919852907|126.8931075851383383_37.5594333006925396|126.8929244098583382_37.5594872098278643|126.8926237686871303_37.5596192130071884|126.8919590517301259_37.5599472802490411|126.8911412406119865_37.5603058527702629
2026-09-04T18:34:05.570303+09:00,망원한강공원,망원한강공원,POI094,KEY_2,1130058000,강변북로,1130032600,성산대교(북측),126.8944996981634006_37.5595429958823459,1130033300,성산대교(북측),126.8960313586577939_37.5602532631850607,157.0,9.0,정체,126.8960313586577939_37.5602532631850607|126.8959204715099958_37.5601846338889942|126.8958161077995186_37.5601244796121350|126.8952608916589497_37.5598783857262077|126.8944996981634006_37.5595429958823459
2026-09-04T18:34:05.570303+09:00,망원한강공원,망원한강공원,POI094,KEY_2,1130077600,강변북로,1130051600,성산대교(북측),126.8939006534653657_37.5567814362906276,1130032901,상암동 1536-5,126.8907763104595432_37.5602411617639333,509.0,10.0,정체,126.8907763104595432_37.5602411617639333|126.8914515481813510_37.5599570068259894|126.8916725966885934_37.5598508291836310|126.8919166058800556_37.5596839575910550|126.8921021123249062_37.5595275151353363|126.8923374234193773_37.5593248246021076|126.8928854144154599_37.5587982156387596|126.8936462934091765_37.5580616421300277|126.8938410402452490_37.5578730495400208|126.8939317463245260_37.5577697750056032|126.8939818668525277_37.5576841793648271|126.8940368585594598_37.5575521047411414|126.8940509166800297_37.5574806322605426|126.8940609464013676_37.5573519041138013|126.8940571775176807_37.5572624542587903|126.8940267098289780_37.5571406724921744|126.8939006534653657_37.5567814362906276
2026-09-04T18:34:05.570303+09:00,망원한강공원,망원한강공원,POI094,KEY_2,1130087500,양화로3길,1130115600,합정동 407,126.9116969527201491_37.5495270854960594,1130021201,합정동 402,126.9118842718870042_37.5488389364112436,78.0,21.0,서행,126.9118842718870042_37.5488389364112436|126.9118474626460227_37.5490170505902370|126.9116969527201491_37.5495270854960594
2026-09-04T18:34:05.570303+09:00,반포한강공원,반포한강공원,POI095,KEY_3,1210004500,올림픽대로,1210473500,최소노드배치점,126.9849859864246895_37.5052572539861941,1210043100,반포동 1337-4,126.9909393086859950_37.5067245440807682,553.0,12.7,정체,126.9909393086859950_37.5067245440807682|126.9901890908383422_37.5064390997933188|126.9898392708057742_37.5063085407043388|126.9896210377246319_37.5062459316056049|126.9891672180945790_37.5061253742093896|126.9890092184601258_37.5060903943060140|126.9869005703152567_37.5056505401000209|126.9849859864246895_37.5052572539861941
2026-09-04T18:34:05.570303+09:00,반포한강공원,반포한강공원,POI095,KEY_3,1210004600,올림픽대로,1210473600,최소노드배치점,126.9850464041665674_37.5050791504093013,1190028801,동작구-서초구,126.9789823584474249_37.5046639518026268,541.0,25.0,정체,126.9789823584474249_37.5046639518026268|126.9802303681690603_37.5046617417532460|126.9819135711866238_37.5046512840886379|126.9826048000792440_37.5046692674508506|126.9832197188299574_37.5047158428743330|126.9836326487822618_37.5047874181129828|126.9840096720059250_37.5048554109620085|126.9850464041665674_37.5050791504093013
2026-09-04T18:34:05.570303+09:00,반포한강공원,반포한강공원,POI095,KEY_3,1210004901,올림픽대로,1210043100,반포동 1337-4,126.9909393086859950_37.5067245440807682,1210044300,반포동 115-6,126.9939814359000110_37.5081015369480752,310.0,19.0,정체,126.9939814359000110_37.5081015369480752|126.9931929722786066_37.5077169948010720|126.9918464285245676_37.5070696761976734|126.9909393086859950_37.5067245440807682
2026-09-04T18:34:05.570303+09:00,반포한강공원,반포한강공원,POI095,KEY_3,1210004902,올림픽대로,1210044300,반포동 115-6,126.9939814359000110_37.5081015369480752,1210046300,미니스톱반포1점,127.0028235957947658_37.5124656549612254,920.0,20.0,정체,127.0028235957947658_37.5124656549612254|127.0024892527280258_37.5122549419168081|127.0019326101089803_37.5119367005065172|127.0003435122797271_37.5111714802009573|126.9985614268103404_37.5102989599209735|126.9966940965352222_37.5094085307340350|126.9946741968714150_37.5084393965799947|126.9939814359000110_37.5081015369480752
2026-09-04T18:34:05.570303+09:00,반포한강공원,반포한강공원,POI095,KEY_3,1210005301,올림픽대로,1210467000,최소노드배치점,127.0063311684586722_37.5151321080427280,1210048600,한남대교분기점,127.0116483973796164_37.5197328756636708,694.0,14.0,정체,127.0116483973796164_37.5197328756636708|127.0113381325108008_37.5194347621186211|127.0111530941337463_37.5192706692185212|127.0109430122922873_37.5190843650138959|127.0098205372895421_37.5181189800994872|127.0087474791721576_37.5172072192485331|127.0063311684586722_37.5151321080427280
2026-09-04T18:34:05.570303+09:00,반포한강공원,반포한강공원,POI095,KEY_3,1210024100,동작대로,1210042300,동작대교,126.9806649648760128_37.5057967542173571,1210037600,동작구-서초구,126.9811003133906979_37.5023416866593706,402.0,57.7,원활,126.9811003133906979_37.5023416866593706|126.9807516982350393_37.5027332272799541|126.9806465756221598_37.5029030100310194|126.9805412999374425_37.5031160553451315|126.9804608919166640_37.5033252141313085|126.9804082986606772_37.5035319177264057|126.9803587674843186_37.5038518205309757|126.9803461438776395_37.5044511123134754|126.9803862384570579_37.5047636480202087|126.9804912197440103_37.5051623242331402|126.9806649648760128_37.5057967542173571
2026-09-04T18:34:05.570303+09:00,반포한강공원,반포한강공원,POI095,KEY_3,1210026605,반포대로,1210044902,반포대교,126.9992921995695951_37.5086549273924064,1210045500,반포대교,126.9985814437733325_37.5101401536037926,176.0,14.0,정체,126.9985814437733325_37.5101401536037926|126.9992921995695951_37.5086549273924064
2026-09-04T18:34:05.570303+09:00,반포한강공원,반포한강공원,POI095,KEY_3,1210026705,반포대로,1210051600,반포대교,126.9986967105539293_37.5101806127401289,1210044901,반포대교,126.9994191248414523_37.5086931506571730,177.0,25.0,원활,126.9994191248414523_37.5086931506571730|126.9986967105539293_37.5101806127401289
2026-09-04T18:34:05.570303+09:00,반포한강공원,반포한강공원,POI095,KEY_3,1210058200,현충로,1190029000,동작구-서초구,126.9791771252401844_37.5043272220037096,1210040500,한강홍수통제소앞,126.9826300808937276_37.5044384633158856,306.0,4.0,정체,126.9826300808937276_37.5044384633158856|126.9821116639992766_37.5043498801840158|126.9818418690978774_37.5043382205551197|126.9791771252401844_37.5043272220037096
2026-09-04T18:34:05.570303+09:00,반포한강공원,반포한강공원,POI095,KEY_3,1210058300,동작대로,1210042300,동작대교,126.9806649648760128_37.5057967542173571,1210040500,한강홍수통제소앞,126.9826300808937276_37.5044384633158856,316.0,8.0,정체,126.9826300808937276_37.5044384633158856|126.9820741456918398_37.5043962636629544|126.9814073885070229_37.5043800380098489|126.9809749282143798_37.5043960917430752|126.9808838035022802_37.5044214124037936|126.9808013490878125_37.5044628578957528|126.9807434859177704_37.5045100638647781|126.9806928462777478_37.5045699409240783|126.9806668008969837_37.5046240636632362|126.9806479788473865_37.5046873985579055|126.9806436204795972_37.5047691631819120|126.9806776952086693_37.5049367323332348|126.9806964559726055_37.5051071767794966|126.9807036988778037_37.5053218983415277|126.9806732534744356_37.5056051937505188|126.9806649648760128_37.5057967542173571
2026-09-04T18:34:05.570303+09:00,반포한강공원,반포한강공원,POI095,KEY_3,1210060300,올림픽대로,1210040500,한강홍수통제소앞,126.9826300808937276_37.5044384633158856,1210043100,반포동 1337-4,126.9909393086859950_37.5067245440807682,784.0,11.0,정체,126.9909393086859950_37.5067245440807682|126.9904059126604068_37.5066141279368068|126.9884504673063219_37.5062670272108889|126.9881455542998765_37.5062037004910778|126.9879783094321226_37.5061457399460565|126.9877752733192295_37.5060685444103257|126.9851906749843380_37.5049268930149537|126.9846346495238834_37.5048147648617061|126.9833132594171730_37.5045609687905426|126.9826300808937276_37.5044384633158856
2026-09-04T18:34:05.570303+09:00,반포한강공원,반포한강공원,POI095,KEY_3,1210061500,올림픽대로,1210044300,반포동 115-6,126.9939814359000110_37.5081015369480752,1210051500,반포대교JC,126.9982337024220413_37.5097200726367461,417.0,28.0,정체,126.9982337024220413_37.5097200726367461|126.9973859716003517_37.5093492024963311|126.9967144131025520_37.5090534435411271|126.9961887876295634_37.5088651853329011|126.9950834353601437_37.5085218184218760|126.9946891821507080_37.5083865812520614|126.9939814359000110_37.5081015369480752
2026-09-04T18:34:05.570303+09:00,반포한강공원,반포한강공원,POI095,KEY_3,1210062500,올림픽대로,1210051700,잠원동116,126.9996578059465548_37.5103108362172506,1210046300,미니스톱반포1점,127.0028235957947658_37.5124656549612254,370.0,21.0,정체,127.0028235957947658_37.5124656549612254|127.0019652362981617_37.5117753427098535|127.0008853712997166_37.5109658997057878|127.0006022424074246_37.5107739154575412|126.9996578059465548_37.5103108362172506
2026-09-04T18:34:05.570303+09:00,반포한강공원,반포한강공원,POI095,KEY_3,1210062700,반포대로,1210467200,최소노드배치점,126.9975047366202716_37.5127959116777916,1210045100,잠수교,126.9991848898787055_37.5093357874198716,412.0,33.0,원활,126.9991848898787055_37.5093357874198716|126.9989266448896927_37.5098764854581717|126.9985869159005603_37.5105542301294363|126.9975047366202716_37.5127959116777916
2026-09-04T18:34:05.570303+09:00,반포한강공원,반포한강공원,POI095,KEY_3,1210066800,올림픽대로,1210051500,반포대교JC,126.9982337024220413_37.5097200726367461,1210045500,반포대교,126.9985814437733325_37.5101401536037926,63.0,27.0,정체,126.9985814437733325_37.5101401536037926|126.9985769843182197_37.5099470979996710|126.9985693289548720_37.5099110072666377|126.9985492264190583_37.5098763453739963|126.9985149122531993_37.5098453314676092|126.9982337024220413_37.5097200726367461
2026-09-04T18:34:05.570303+09:00,반포한강공원,반포한강공원,POI095,KEY_3,1210067000,올림픽대로,1210051600,반포대교,126.9986967105539293_37.5101806127401289,1210051700,잠원동116,126.9996578059465548_37.5103108362172506,96.0,22.0,정체,126.9996578059465548_37.5103108362172506|126.9990482172973145_37.5100741732167009|126.9989802461160338_37.5100528260487920|126.9989066249661533_37.5100606019608733|126.9988506241951711_37.5100816939465815|126.9987820786087838_37.5101227060872446|126.9986967105539293_37.5101806127401289
2026-09-04T18:34:05.570303+09:00,반포한강공원,반포한강공원,POI095,KEY_3,1210178600,반포대로,1210467400,최소노드배치점,126.9972314575511376_37.5132225242302439,1210051600,반포대교,126.9986967105539293_37.5101806127401289,362.0,55.0,원활,126.9986967105539293_37.5101806127401289|126.9972314575511376_37.5132225242302439
2026-09-04T18:34:05.570303+09:00,보라매공원,보라매공원,POI123,KEY_4,1190013200,보라매로5길,1190170600,신대방동 395-61,126.9227366705831628_37.4904668646938362,1200025701,신림동 808-152,126.9226317395202983_37.4900265482961004,50.0,19.0,서행,126.9226317395202983_37.4900265482961004|126.9227366705831628_37.4904668646938362
2026-09-04T18:34:05.570303+09:00,보라매공원,보라매공원,POI123,KEY_4,1190013300,보라매로5길,1190131900,신대방동 395-61,126.9227968309863712_37.4912988693119473,1190004903,한국컴퓨터(주),126.9229285536427057_37.4918515944887218,62.0,5.0,정체,126.9229285536427057_37.4918515944887218|126.9227968309863712_37.4912988693119473
2026-09-04T18:34:05.570303+09:00,보라매공원,보라매공원,POI123,KEY_4,1190013600,보라매로5길,1200026503,전문건설회관,126.9245918446947883_37.4916188514920350,1190004902,한국컴퓨터(주),126.9230618642969404_37.4918314235246157,137.0,12.0,정체,126.9230618642969404_37.4918314235246157|126.9245918446947883_37.4916188514920350
2026-09-04T18:34:05.570303+09:00,보라매공원,보라매공원,POI123,KEY_4,1190013700,보라매로5길-보라매로,1190004901,한국컴퓨터(주),126.9230872448197687_37.4919376497595991,1200026504,전문건설회관,126.9246181163629643_37.4917249529024517,137.0,13.0,정체,126.9246181163629643_37.4917249529024517|126.9230872448197687_37.4919376497595991
2026-09-04T18:34:05.570303+09:00,보라매공원,보라매공원,POI123,KEY_4,1190014000,보라매로5길,1190000601,속성변화점,126.9233297358312456_37.4929500653999170,1190004901,한국컴퓨터(주),126.9230872448197687_37.4919376497595991,114.0,16.0,서행,126.9230872448197687_37.4919376497595991|126.9231928492696966_37.4923785585905094|126.9233297358312456_37.4929500653999170
2026-09-04T18:34:05.570303+09:00,보라매공원,보라매공원,POI123,KEY_4,1190014100,보라매로5길,1190004904,한국컴퓨터(주),126.9229539576708277_37.4919579182738758,1190000602,속성변화점,126.9232218613518768_37.4930764401332155,126.0,12.0,정체,126.9232218613518768_37.4930764401332155|126.9230595613653776_37.4923988272215638|126.9229539576708277_37.4919579182738758
2026-09-04T18:34:05.570303+09:00,보라매공원,보라매공원,POI123,KEY_4,1190014200,보라매로5길,1200027503,신대방동 395-61,126.9248443409804281_37.4927208881633547,1190000601,속성변화점,126.9233297358312456_37.4929500653999170,136.0,9.0,정체,126.9233297358312456_37.4929500653999170|126.9248443409804281_37.4927208881633547
2026-09-04T18:34:05.570303+09:00,보라매공원,보라매공원,POI123,KEY_4,1190014300,보라매로5길,1190000602,속성변화점,126.9232218613518768_37.4930764401332155,1200027504,신대방동 395-61,126.9248696580128808_37.4928271104749058,148.0,17.0,서행,126.9248696580128808_37.4928271104749058|126.9232218613518768_37.4930764401332155
2026-09-04T18:34:05.570303+09:00,보라매공원,보라매공원,POI123,KEY_4,1190015300,여의대방로16길,1190181700,최소노드배치점,126.9182577898026381_37.4944467326277220,1180002803,보라매공원입구교차로,126.9174794396136008_37.4971467344705047,315.0,22.0,서행,126.9174794396136008_37.4971467344705047|126.9176836590731341_37.4965740922622217|126.9183531540798526_37.4946616280406104|126.9183686092806482_37.4945698810985348|126.9183390140503604_37.4944936652096104|126.9182657352436649_37.4944478893438102|126.9182577898026381_37.4944467326277220
2026-09-04T18:34:05.570303+09:00,북서울꿈의숲,북서울꿈의숲,POI096,KEY_1,1070021501,월계로,1080212200,번동 105,127.0454848732878901_37.6210311282169911,1070039703,상아A빌딩,127.0455536192900894_37.6211584974991595,15.0,18.0,서행,127.0455536192900894_37.6211584974991595|127.0454848732878901_37.6210311282169911
2026-09-04T18:34:05.570303+09:00,북서울꿈의숲,북서울꿈의숲,POI096,KEY_1,1070021502,월계로,1070039704,상아A빌딩,127.0456077776519521_37.6212588607164733,1070039804,장월초등학교,127.0462802478580642_37.6221704051017340,118.0,18.0,서행,127.0462802478580642_37.6221704051017340|127.0460826413426645_37.6219610511300928|127.0459327948366735_37.6217868126396553|127.0458240259468710_37.6216374117474786|127.0457124630564039_37.6214528913420452|127.0456077776519521_37.6212588607164733
2026-09-04T18:34:05.570303+09:00,북서울꿈의숲,북서울꿈의숲,POI096,KEY_1,1070021503,월계로,1070039801,장월초등학교,127.0463893459632345_37.6222718031564298,1070040104,번동 47-33,127.0477746747576333_37.6231889255401484,160.0,18.0,서행,127.0477746747576333_37.6231889255401484|127.0470806863630031_37.6227988312367785|127.0468342172890459_37.6226363551742295|127.0466273780273809_37.6224821817550179|127.0464543217501188_37.6223301948852296|127.0463893459632345_37.6222718031564298
2026-09-04T18:34:05.570303+09:00,북서울꿈의숲,북서울꿈의숲,POI096,KEY_1,1070077300,월계로,1080229400,최소노드배치점,127.0425458966283827_37.6177250516263371,1080001103,북서울꿈의숲동문앞교차로,127.0446748612530001_37.6195665141872198,279.0,48.0,원활,127.0446748612530001_37.6195665141872198|127.0445434286952491_37.6194076045613102|127.0445063415358931_37.6193663455268492|127.0443041935552770_37.6191414572316631|127.0441253531880079_37.6189406021498485|127.0439433826660718_37.6187603121031415|127.0438459398562259_37.6186763310502315|127.0437764753761201_37.6186164629460791|127.0430953054205077_37.6181150210598076|127.0429818097745880_37.6180344625877012|127.0425458966283827_37.6177250516263371
2026-09-04T18:34:05.570303+09:00,북서울꿈의숲,북서울꿈의숲,POI096,KEY_1,1080003204,오현로,1080006102,공주능입구,127.0361318047046382_37.6185224922539447,1080005001,미아동 1-46,127.0350143207193696_37.6168346850441679,212.0,21.0,서행,127.0350143207193696_37.6168346850441679|127.0350450205997959_37.6168659193167940|127.0351051242240885_37.6169501420465764|127.0355840328240618_37.6176862852074336|127.0361318047046382_37.6185224922539447
2026-09-04T18:34:05.570303+09:00,북서울꿈의숲,북서울꿈의숲,POI096,KEY_1,1080003205,오현로,1080218800,번동 120-6,127.0377100072892915_37.6221811532617565,1080006101,공주능입구,127.0361964670142925_37.6186211961319685,422.0,30.0,원활,127.0361964670142925_37.6186211961319685|127.0366822973561653_37.6193626991985397|127.0370572117887917_37.6199956178654062|127.0371336632409083_37.6201486851583482|127.0373786759467691_37.6207278050103326|127.0374520264741562_37.6208954639794300|127.0376240978868907_37.6212887683658153|127.0376661828446885_37.6214224371594526|127.0376912506485638_37.6215578980299483|127.0376974714457958_37.6216876454460802|127.0377100072892915_37.6221811532617565
2026-09-04T18:34:05.570303+09:00,북서울꿈의숲,북서울꿈의숲,POI096,KEY_1,1080004105,한천로109길,1080208500,번동 255,127.0420690581762670_37.6279992677586677,1080010102,번동 621-19,127.0416119537741935_37.6276598609258457,55.0,10.0,정체,127.0416119537741935_37.6276598609258457|127.0420187146939668_37.6279488633456367|127.0420690581762670_37.6279992677586677
2026-09-04T18:34:05.570303+09:00,북서울꿈의숲,북서울꿈의숲,POI096,KEY_1,1080004106,한천로109길,1080011802,번동주공3단지,127.0440770025255404_37.6286515288063796,1080011202,서울번동3행복주택아파트,127.0435150678661529_37.6284354077918337,55.0,10.0,정체,127.0435150678661529_37.6284354077918337|127.0435547632801416_37.6284436795084574|127.0438912618911047_37.6285611704831382|127.0440770025255404_37.6286515288063796
2026-09-04T18:34:05.570303+09:00,북서울꿈의숲,북서울꿈의숲,POI096,KEY_1,1080004205,한천로109길,1080184600,번동 237,127.0427839829520025_37.6284666162161940,1080011204,서울번동3행복주택아파트,127.0433528053765997_37.6285175086048156,51.0,19.7,서행,127.0433528053765997_37.6285175086048156|127.0428809652419915_37.6284971376578525|127.0427839829520025_37.6284666162161940
2026-09-04T18:34:05.570303+09:00,북서울꿈의숲,북서울꿈의숲,POI096,KEY_1,1080004206,한천로109길,1080011201,서울번동3행복주택아파트,127.0434806136058654_37.6285399963380627,1080011803,번동주공3단지,127.0439811538381178_37.6287316404037995,49.0,19.0,서행,127.0439811538381178_37.6287316404037995|127.0438281850549629_37.6286572246620068|127.0435099364932228_37.6285461066658158|127.0434806136058654_37.6285399963380627
2026-09-04T18:34:05.570303+09:00,북서울꿈의숲,북서울꿈의숲,POI096,KEY_1,1080004500,한천로,1080011803,번동주공3단지,127.0439811538381178_37.6287316404037995,1080012402,강북구민운동장앞교차로,127.0415727990643262_37.6305731360132114,296.0,35.8,원활,127.0415727990643262_37.6305731360132114|127.0423787483356648_37.6300923495313384|127.0425736317070999_37.6299654196215769|127.0427335814493119_37.6298462694465030|127.0428767999803767_37.6297240329487224|127.0430753819527894_37.6295469330440824|127.0438304230867317_37.6288647723450964|127.0439811538381178_37.6287316404037995
2026-09-04T18:34:05.570303+09:00,북서울꿈의숲,북서울꿈의숲,POI096,KEY_1,1080004600,한천로,1080012401,강북구민운동장앞교차로,127.0416350558218568_37.6306711503403477,1080011804,번동주공3단지,127.0440991156767581_37.6287890258468778,303.0,18.0,서행,127.0440991156767581_37.6287890258468778|127.0439319559293239_37.6289366684336386|127.0431771323927848_37.6296186341803107|127.0429772698638544_37.6297968753689887|127.0428298867321075_37.6299226669884987|127.0426632627233943_37.6300467886447123|127.0424626389235101_37.6301774580572825|127.0416350558218568_37.6306711503403477
2026-09-04T18:34:05.570303+09:00,북서울꿈의숲,북서울꿈의숲,POI096,KEY_1,1080015400,오현로14길,1080006101,공주능입구,127.0361964670142925_37.6186211961319685,1080005002,미아동 1-46,127.0349215753503671_37.6167528715441719,280.0,8.0,정체,127.0349215753503671_37.6167528715441719|127.0351942306662778_37.6166226459324378|127.0352928677290549_37.6166308749319427|127.0353588654271988_37.6166712266560381|127.0356435851497565_37.6171017620031733|127.0360212110051208_37.6177079799055250|127.0360542021376205_37.6178339504861370|127.0362695727076670_37.6185048628651515|127.0362641784160616_37.6185739441696469|127.0361964670142925_37.6186211961319685
2026-09-04T18:34:05.570303+09:00,북서울꿈의숲,북서울꿈의숲,POI096,KEY_1,1080015500,오현로14길,1080005001,미아동 1-46,127.0350143207193696_37.6168346850441679,1080006102,공주능입구,127.0361318047046382_37.6185224922539447,238.0,9.0,정체,127.0361318047046382_37.6185224922539447|127.0361320240584178_37.6185223391783623|127.0361325857837045_37.6185151347067404|127.0359217561974532_37.6178583626048422|127.0358916952279742_37.6177435813682948|127.0355225275374238_37.6171509393017303|127.0352524323656667_37.6167425194599261|127.0352404895300253_37.6167352169135611|127.0352252421694317_37.6167339447655849|127.0350143207193696_37.6168346850441679
2026-09-04T18:34:05.570303+09:00,북서울꿈의숲,북서울꿈의숲,POI096,KEY_1,1080018800,월계로37길,1070039804,장월초등학교,127.0462802478580642_37.6221704051017340,1080007608,한진아파트,127.0448198705373954_37.6250619397698642,349.0,24.5,서행,127.0448198705373954_37.6250619397698642|127.0453450135076423_37.6243212278256181|127.0456012798674124_37.6239530578342141|127.0457084490999335_37.6237865698143992|127.0458936597036370_37.6233822610333704|127.0460292216023248_37.6230767528485188|127.0461048454251483_37.6228581131876467|127.0461799710472519_37.6225013577183987|127.0462802478580642_37.6221704051017340
2026-09-04T18:34:05.570303+09:00,북서울꿈의숲,북서울꿈의숲,POI096,KEY_1,1080018900,월계로37길,1080007607,한진아파트,127.0449382769235172_37.6251150462080020,1070039801,장월초등학교,127.0463893459632345_37.6222718031564298,343.0,16.5,서행,127.0463893459632345_37.6222718031564298|127.0463132410816485_37.6225229805389176|127.0462377569169377_37.6228814445038537|127.0461590058405363_37.6231091250770504|127.0460216130153981_37.6234187606445261|127.0458332841501630_37.6238298786935417|127.0457212714792377_37.6240038919443620|127.0454636802138850_37.6243739655881626|127.0449382769235172_37.6251150462080020
2026-09-04T18:34:05.570303+09:00,북서울꿈의숲,북서울꿈의숲,POI096,KEY_1,1080020100,오현로20길,1080008903,해모로아파트105동,127.0385479471585626_37.6265558089872272,1080008002,완성아파트,127.0371753798906269_37.6253812312944618,183.0,32.0,원활,127.0371753798906269_37.6253812312944618|127.0373865258954567_37.6254464105757265|127.0374723547953408_37.6254993073195436|127.0376130935286199_37.6256213246378124|127.0380278108809051_37.6261848950123294|127.0381864572136550_37.6263361879287004|127.0382783505832549_37.6264047223438922|127.0384625439472188_37.6265165208501031|127.0385479471585626_37.6265558089872272
2026-09-04T18:34:05.570303+09:00,북서울꿈의숲,북서울꿈의숲,POI096,KEY_1,1080021500,오현로20길,1080009303,아파트상가,127.0397069872915949_37.6269553768017602,1080008902,해모로아파트105동,127.0386566892210709_37.6265997184016427,101.0,28.0,원활,127.0386566892210709_37.6265997184016427|127.0391230076543820_37.6267655400595871|127.0397069872915949_37.6269553768017602
2026-09-04T18:34:05.570303+09:00,북서울꿈의숲,북서울꿈의숲,POI096,KEY_1,1080021701,월계로37길,1080185000,번동 256,127.0437488865762816_37.6280740361808839,1080011203,서울번동3행복주택아파트,127.0433601734675619_37.6284095497175457,51.0,19.0,서행,127.0433601734675619_37.6284095497175457|127.0437488865762816_37.6280740361808839
2026-09-04T18:34:05.570303+09:00,북서울꿈의숲,북서울꿈의숲,POI096,KEY_1,1080021702,월계로37길,1080007609,한진아파트,127.0447534824117497_37.6251483626267031,1080007604,번동256,127.0442817402998372_37.6257590785054745,80.0,9.0,정체,127.0442817402998372_37.6257590785054745|127.0444325615691952_37.6255389083081369|127.0447534824117497_37.6251483626267031
2026-09-04T18:34:05.570303+09:00,북서울꿈의숲,북서울꿈의숲,POI096,KEY_1,1080021802,월계로37길,1080011202,서울번동3행복주택아파트,127.0435150678661529_37.6284354077918337,1080007602,번동256,127.0443694314072616_37.6258666177173566,311.0,15.0,서행,127.0443694314072616_37.6258666177173566|127.0443210064716055_37.6259591777217111|127.0442363585700321_37.6261572535861575|127.0441698358856257_37.6263623268706837|127.0441476477345049_37.6264985778802554|127.0441476968119190_37.6265815559266841|127.0441477060896034_37.6265972422084900|127.0441549271426851_37.6267838635792202|127.0442426045886464_37.6276417934187677|127.0441796981021838_37.6278187878592476|127.0441054805433794_37.6279257969587420|127.0439308155152958_37.6280765589696458|127.0438488574726676_37.6281473007031764|127.0435150678661529_37.6284354077918337
2026-09-04T18:34:05.570303+09:00,북서울꿈의숲,북서울꿈의숲,POI096,KEY_1,1080022700,한천로109길,1080205800,번동 169-5,127.0406038520408316_37.6272645775239454,1080009302,아파트상가,127.0398425759986054_37.6270004561003049,73.0,21.0,서행,127.0398425759986054_37.6270004561003049|127.0406038520408316_37.6272645775239454
2026-09-04T18:34:05.570303+09:00,북서울꿈의숲,북서울꿈의숲,POI096,KEY_1,1080037600,한천로,1080011801,번동주공3단지,127.0441968074792385_37.6287098107447235,1080008701,번3동주민센터앞교차로,127.0474743171278078_37.6266650981888233,371.0,36.0,원활,127.0474743171278078_37.6266650981888233|127.0473273772282425_37.6268399554471671|127.0471539551732860_37.6270058848037934|127.0470082596104220_37.6271400052395038|127.0468653303486803_37.6272550342901226|127.0467033487024082_37.6273517590571771|127.0465136682868916_37.6274472079137112|127.0449742738199888_37.6282150406539841|127.0447102237135653_37.6283555849654192|127.0445296378400997_37.6284654564684047|127.0443468073827802_37.6285945736058807|127.0441968074792385_37.6287098107447235
2026-09-04T18:34:05.570303+09:00,북서울꿈의숲,북서울꿈의숲,POI096,KEY_1,1080037700,한천로,1080008704,번3동주민센터앞교차로,127.0473612995861998_37.6266050192641117,1080011802,번동주공3단지,127.0440770025255404_37.6286515288063796,372.0,28.0,원활,127.0440770025255404_37.6286515288063796|127.0442544133491793_37.6285152331962891|127.0444430935561684_37.6283819847763183|127.0446310435143857_37.6282676336174404|127.0449003424666614_37.6281242953268915|127.0464412148323277_37.6273557259509488|127.0466260753347996_37.6272627018670534|127.0467756922542719_37.6271733620880795|127.0469083712766576_37.6270665812472771|127.0470502458379514_37.6269359790077047|127.0472183028024773_37.6267751821665684|127.0473612995861998_37.6266050192641117
2026-09-04T18:34:05.570303+09:00,서대문독립공원,서대문독립공원,POI124,KEY_2,1120010601,통일로,1120012500,독립문역,126.9598919952445613_37.5726683351508157,1120012204,독립문역앞교차로,126.9602579800340010_37.5723149182673737,51.0,8.0,정체,126.9602579800340010_37.5723149182673737|126.9598919952445613_37.5726683351508157
2026-09-04T18:34:05.570303+09:00,서대문독립공원,서대문독립공원,POI124,KEY_2,1000028700,성산로,1120012500,독립문역,126.9598919952445613_37.5726683351508157,1000012700,독립문역,126.9611444653343000_37.5725503641875491,112.0,6.0,정체,126.9611444653343000_37.5725503641875491|126.9607066158732351_37.5725771851431531|126.9605053374135792_37.5725942819316927|126.9602872862410976_37.5726132801422494|126.9598919952445613_37.5726683351508157
2026-09-04T18:34:05.570303+09:00,서대문독립공원,서대문독립공원,POI124,KEY_2,1000034200,인왕산로1길,1000076200,교북동 1-7,126.9598899542721853_37.5731367509671585,1120012707,교북동 1-60,126.9596212753678657_37.5729297550942007,33.0,25.0,원활,126.9596212753678657_37.5729297550942007|126.9598899542721853_37.5731367509671585
2026-09-04T18:34:05.570303+09:00,서대문독립공원,서대문독립공원,POI124,KEY_2,1120006306,성산로,1120011501,현저고가차도(서측),126.9564055171897365_37.5712262135133344,1120011603,천연동주민센터,126.9589920386933102_37.5715963344347088,235.0,36.0,원활,126.9589920386933102_37.5715963344347088|126.9588418305161497_37.5715312891664013|126.9585804741555108_37.5714391025418095|126.9581964015246740_37.5713462133195719|126.9577794178154164_37.5712872867076229|126.9573510374052887_37.5712592973826958|126.9569778939942495_37.5712591619903691|126.9566800510567504_37.5712701781272642|126.9564055171897365_37.5712262135133344
2026-09-04T18:34:05.570303+09:00,서대문독립공원,서대문독립공원,POI124,KEY_2,1120006307,성산로,1120011604,천연동주민센터,126.9591142539042607_37.5716512366634205,1120012100,독립문역,126.9594722825778490_37.5718407936715622,38.0,20.0,서행,126.9594722825778490_37.5718407936715622|126.9594015545951891_37.5717940176359022|126.9591142539042607_37.5716512366634205
2026-09-04T18:34:05.570303+09:00,서대문독립공원,서대문독립공원,POI124,KEY_2,1120006308,성산로,1120012100,독립문역,126.9594722825778490_37.5718407936715622,1120012203,독립문역앞교차로,126.9601372290005941_37.5722615337842427,75.0,26.0,원활,126.9601372290005941_37.5722615337842427|126.9599976215298227_37.5721965289232003|126.9598425469965548_37.5721000139446062|126.9596299905446699_37.5719450964404302|126.9594722825778490_37.5718407936715622
2026-09-04T18:34:05.570303+09:00,서대문독립공원,서대문독립공원,POI124,KEY_2,1120010501,통일로,1120012203,독립문역앞교차로,126.9601372290005941_37.5722615337842427,1120012400,독립문역,126.9597871733457453_37.5725995679923628,49.0,12.0,정체,126.9597871733457453_37.5725995679923628|126.9601372290005941_37.5722615337842427
2026-09-04T18:34:05.570303+09:00,서대문독립공원,서대문독립공원,POI124,KEY_2,1120010502,통일로,1120012400,독립문역,126.9597871733457453_37.5725995679923628,1120012708,속성변화점,126.9595164541550503_37.5728609870910404,38.0,18.0,서행,126.9595164541550503_37.5728609870910404|126.9597871733457453_37.5725995679923628
2026-09-04T18:34:05.570303+09:00,서대문독립공원,서대문독립공원,POI124,KEY_2,1120010506,통일로,1120012705,독립문역(서울3호선),126.9579658462730976_37.5743449827289950,1120013903,독립공원앞교차로,126.9555790578027086_37.5766017870186175,329.0,27.0,원활,126.9555790578027086_37.5766017870186175|126.9561293351889901_37.5759085045612906|126.9564620388117930_37.5755787259048049|126.9565401444808970_37.5755154687112665|126.9567073668758894_37.5753800360160213|126.9569882797126184_37.5751566604908760|126.9577170018074384_37.5745771878050121|126.9579658462730976_37.5743449827289950
2026-09-04T18:34:05.570303+09:00,서대문독립공원,서대문독립공원,POI124,KEY_2,1120010507,통일로,1120012708,속성변화점,126.9595164541550503_37.5728609870910404,1120012704,독립문역(서울3호선),126.9580541026481910_37.5742626271568128,202.0,20.0,서행,126.9580541026481910_37.5742626271568128|126.9590358815766677_37.5733464714259497|126.9594290243780108_37.5729477014797979|126.9595164541550503_37.5728609870910404
2026-09-04T18:34:05.570303+09:00,서대문독립공원,서대문독립공원,POI124,KEY_2,1120010602,통일로,1120012707,교북동 1-60,126.9596212753678657_37.5729297550942007,1120012500,독립문역,126.9598919952445613_37.5726683351508157,38.0,13.0,정체,126.9598919952445613_37.5726683351508157|126.9596212753678657_37.5729297550942007
2026-09-04T18:34:05.570303+09:00,서대문독립공원,서대문독립공원,POI124,KEY_2,1120010604,통일로,1000257200,최소노드배치점,126.9539057118500125_37.5786303997887146,1120013901,독립공원앞교차로,126.9556245249943345_37.5767457736207788,259.0,11.0,정체,126.9556245249943345_37.5767457736207788|126.9551489155673636_37.5773280410429820|126.9549093920833513_37.5776154894823478|126.9546557954535757_37.5778855302154966|126.9541473648073406_37.5783904287776807|126.9539057118500125_37.5786303997887146
2026-09-04T18:34:05.570303+09:00,서대문독립공원,서대문독립공원,POI124,KEY_2,1120010606,통일로,1120012703,독립문역(서울3호선),126.9581574549469849_37.5743327902645845,1120012706,교북동 1-60,126.9595358909699172_37.5730144465589859,190.0,12.0,정체,126.9595358909699172_37.5730144465589859|126.9591410345318252_37.5734149537420734|126.9581574549469849_37.5743327902645845
2026-09-04T18:34:05.570303+09:00,서대문독립공원,서대문독립공원,POI124,KEY_2,1120010607,통일로,1000119100,무악동 23-1,126.9570842915398572_37.5752331470743286,1120012702,독립문역(서울3호선),126.9580691985351706_37.5744151460965483,126.0,7.5,정체,126.9580691985351706_37.5744151460965483|126.9578168421619324_37.5746506293590272|126.9570842915398572_37.5752331470743286
2026-09-04T18:34:05.570303+09:00,서대문독립공원,서대문독립공원,POI124,KEY_2,1120023400,성산로,1120133100,최소노드배치점,126.9598366501357134_37.5718758172089338,1120011502,현저고가차도(서측),126.9563974518914193_37.5711182938423818,326.0,49.0,원활,126.9563974518914193_37.5711182938423818|126.9569732092367929_37.5710969811519462|126.9573594328844166_37.5710971212840619|126.9578056187436772_37.5711262738220881|126.9582439986790519_37.5711882244444766|126.9586516350865395_37.5712868124550567|126.9589319433781753_37.5713856836947713|126.9591860523892421_37.5714957220573709|126.9595211664746586_37.5716622638495608|126.9597639789680130_37.5718228519238551|126.9598366501357134_37.5718758172089338
2026-09-04T18:34:05.570303+09:00,서대문독립공원,서대문독립공원,POI124,KEY_2,1120023500,성산로,1120133200,최소노드배치점,126.9597449148808010_37.5719555573752615,1000012901,현저고가차도(동측),126.9633524146951800_37.5724808358889888,335.0,55.0,원활,126.9633524146951800_37.5724808358889888|126.9617095115761174_37.5725130836377232|126.9614433829085272_37.5725190481019951|126.9611593490193826_37.5724975689775604|126.9610250437663410_37.5724782569360229|126.9607317559536881_37.5724161451600978|126.9604829199149805_37.5723426959069684|126.9602519572622015_37.5722523233523447|126.9600358602290555_37.5721517029554306|126.9598864664065303_37.5720587236592891|126.9597449148808010_37.5719555573752615
2026-09-04T18:34:05.570303+09:00,서대문독립공원,서대문독립공원,POI124,KEY_2,1120024400,성산로,1120012100,독립문역,126.9594722825778490_37.5718407936715622,1120012400,독립문역,126.9597871733457453_37.5725995679923628,96.0,36.0,원활,126.9597871733457453_37.5725995679923628|126.9598650241106839_37.5724304263712270|126.9598530933969300_37.5723388812228478|126.9598298321479604_37.5722545888308659|126.9597843500730932_37.5721744748884845|126.9596789916165847_37.5720504764494549|126.9594722825778490_37.5718407936715622
2026-09-04T18:34:05.570303+09:00,서대문독립공원,서대문독립공원,POI124,KEY_2,1120024500,독립문공원길,1120129600,현저동 201,126.9546811300403846_37.5729242749960406,1120012301,영천사,126.9542444825959251_37.5722557069659899,267.0,13.0,정체,126.9542444825959251_37.5722557069659899|126.9541959236536570_37.5725293608551780|126.9540692341526835_37.5726423828946423|126.9539689933889548_37.5726596871033820|126.9535014055933289_37.5724715112615968|126.9534713753641313_37.5724854864754150|126.9535139018201306_37.5725458951186724|126.9540071314573169_37.5731436966060457|126.9543564375057372_37.5732013597975296|126.9546143244217831_37.5729535072364556|126.9546811300403846_37.5729242749960406
2026-09-04T18:34:05.570303+09:00,서대문독립공원,서대문독립공원,POI124,KEY_2,1120024600,독립문공원길,1120127700,현저동 207,126.9584613630682384_37.5725913086818011,1120011604,천연동주민센터,126.9591142539042607_37.5716512366634205,122.0,21.0,서행,126.9591142539042607_37.5716512366634205|126.9587534985637518_37.5719486965718588|126.9586998577316734_37.5720442202347797|126.9586510614766581_37.5721632689824716|126.9584921924424492_37.5725508606870662|126.9584613630682384_37.5725913086818011
2026-09-04T18:34:05.570303+09:00,서대문독립공원,서대문독립공원,POI124,KEY_2,1120025400,통일로,1120123700,현저동 산5-5,126.9538792203245663_37.5758367131501885,1120013904,독립공원앞교차로,126.9555057512229013_37.5766928164609340,193.0,20.0,서행,126.9555057512229013_37.5766928164609340|126.9550631009589523_37.5764702194954907|126.9548438412759026_37.5763155062738718|126.9547989242144155_37.5762662167531829|126.9546818418207152_37.5761377365659754|126.9545222999205123_37.5759800318223895|126.9542865563592642_37.5757687431661012|126.9542000233208086_37.5757074645268077|126.9541606256270967_37.5757063292990381|126.9539610384382229_37.5758010939112310|126.9538792203245663_37.5758367131501885
2026-09-04T18:34:05.570303+09:00,서리풀공원·몽마르뜨공원,서리풀공원·몽마르뜨공원,POI098,KEY_3,1210011800,방배로,1210220500,방배동 984-6,126.9979813526685035_37.4808992569514530,1210020213,방배역사거리,126.9976321710106788_37.4814267922410949,66.0,22.0,서행,126.9976321710106788_37.4814267922410949|126.9979813526685035_37.4808992569514530
2026-09-04T18:34:05.570303+09:00,서리풀공원·몽마르뜨공원,서리풀공원·몽마르뜨공원,POI098,KEY_3,1210013000,효령로,1210116600,방배동 912-14,126.9968735291208617_37.4812974085607777,1210020214,방배역사거리,126.9975688246299370_37.4815229789345921,66.0,19.5,서행,126.9975688246299370_37.4815229789345921|126.9968735291208617_37.4812974085607777
2026-09-04T18:34:05.570303+09:00,서리풀공원·몽마르뜨공원,서리풀공원·몽마르뜨공원,POI098,KEY_3,1210013802,효령로,1210020211,방배역사거리,126.9976970818997586_37.4815608386439507,1210020210,방배동912-14,126.9986117144692059_37.4816875991960146,82.0,8.0,정체,126.9986117144692059_37.4816875991960146|126.9979254416350898_37.4816198652729895|126.9976970818997586_37.4815608386439507
2026-09-04T18:34:05.570303+09:00,서리풀공원·몽마르뜨공원,서리풀공원·몽마르뜨공원,POI098,KEY_3,1210013804,효령로,1210020207,방배동912-14,126.9987729537187846_37.4817035126215572,1210020206,히트뉴스,127.0021033700483883_37.4823525121120653,304.0,18.5,서행,127.0021033700483883_37.4823525121120653|127.0019789820658218_37.4823281364793388|127.0006152304751055_37.4819832792475296|127.0005760644728667_37.4819733749067581|126.9999519609822869_37.4818401558295520|126.9997531829779547_37.4818109750550832|126.9995303025066704_37.4817782555937811|126.9990236266257000_37.4817282521577440|126.9987729537187846_37.4817035126215572
2026-09-04T18:34:05.570303+09:00,서리풀공원·몽마르뜨공원,서리풀공원·몽마르뜨공원,POI098,KEY_3,1210013901,효령로,1210020208,속성변화점,126.9987896287997415_37.4815962116531907,1210020212,방배역사거리,126.9977611176580012_37.4814637244191644,92.0,19.5,서행,126.9977611176580012_37.4814637244191644|126.9979549762968531_37.4815138332533166|126.9986283898698503_37.4815802982075112|126.9987896287997415_37.4815962116531907
2026-09-04T18:34:05.570303+09:00,서리풀공원·몽마르뜨공원,서리풀공원·몽마르뜨공원,POI098,KEY_3,1210013903,효령로,1210107000,방배동 190-6,126.9990403013344888_37.4816209511821725,1210020208,속성변화점,126.9987896287997415_37.4815962116531907,22.0,34.0,원활,126.9987896287997415_37.4815962116531907|126.9990403013344888_37.4816209511821725
2026-09-04T18:34:05.570303+09:00,서리풀공원·몽마르뜨공원,서리풀공원·몽마르뜨공원,POI098,KEY_3,1210015701,방배로,1210022202,방림종합시장입구,126.9965746488741019_37.4832722606339175,1210020211,방배역사거리,126.9976970818997586_37.4815608386439507,214.0,8.0,정체,126.9976970818997586_37.4815608386439507|126.9974287991562960_37.4819699090163496|126.9965746488741019_37.4832722606339175
2026-09-04T18:34:05.570303+09:00,서리풀공원·몽마르뜨공원,서리풀공원·몽마르뜨공원,POI098,KEY_3,1210016801,명달로,1210301500,서초동 1748-65,127.0040712378758201_37.4861214996714267,1210028603,서초고교,127.0045599901543483_37.4894897290676354,376.0,9.0,정체,127.0045599901543483_37.4894897290676354|127.0044694535589827_37.4887105284551296|127.0044034359152647_37.4881423391787010|127.0043721260119014_37.4878728634567935|127.0043600663124010_37.4878014747472861|127.0043038817340602_37.4874688821740421|127.0042207570021446_37.4869768080502865|127.0041814813689456_37.4867443054972043|127.0040712378758201_37.4861214996714267
2026-09-04T18:34:05.570303+09:00,서리풀공원·몽마르뜨공원,서리풀공원·몽마르뜨공원,POI098,KEY_3,1210016802,명달로,1210028604,서초고교,127.0045472615645679_37.4895423108705330,1210029403,서울대법원,127.0042729402394457_37.4907812011270849,141.0,19.0,서행,127.0042729402394457_37.4907812011270849|127.0042578299780871_37.4906993551140530|127.0044513081535484_37.4897114138475729|127.0045472615645679_37.4895423108705330
2026-09-04T18:34:05.570303+09:00,서리풀공원·몽마르뜨공원,서리풀공원·몽마르뜨공원,POI098,KEY_3,1210016902,명달로,1210029402,서울대법원,127.0044176822525941_37.4908223180390152,1210028601,서초고교,127.0046686705387344_37.4895860520646877,140.0,10.0,정체,127.0046686705387344_37.4895860520646877|127.0045844225715683_37.4897329455442048|127.0043950687284422_37.4906998330283585|127.0044176822525941_37.4908223180390152
2026-09-04T18:34:05.570303+09:00,서리풀공원·몽마르뜨공원,서리풀공원·몽마르뜨공원,POI098,KEY_3,1210019701,서초대로,1210029808,대법원,127.0062399926017775_37.4913685615963885,1210029402,서울대법원,127.0044176822525941_37.4908223180390152,172.0,11.0,정체,127.0044176822525941_37.4908223180390152|127.0058052151424022_37.4912382388947023|127.0062399926017775_37.4913685615963885
2026-09-04T18:34:05.570303+09:00,서리풀공원·몽마르뜨공원,서리풀공원·몽마르뜨공원,POI098,KEY_3,1210020500,동광로,1210117000,서초동 산172-12,127.0030103162302169_37.4925896623930939,1210029401,서울대법원,127.0043931036492495_37.4909304675424409,224.0,7.0,정체,127.0043931036492495_37.4909304675424409|127.0039912247406590_37.4916747365461589|127.0038774070053051_37.4918057468107406|127.0038268966604562_37.4918514126061311|127.0030103162302169_37.4925896623930939
2026-09-04T18:34:05.570303+09:00,서리풀공원·몽마르뜨공원,서리풀공원·몽마르뜨공원,POI098,KEY_3,1210024802,사평대로,1210037304,서울성모병원앞교차로,127.0034296050644542_37.5022581526050445,1210038702,사평지하차도(동측),127.0064482891770155_37.5033692509684471,295.0,4.0,정체,127.0064482891770155_37.5033692509684471|127.0061744165954849_37.5033231250553598|127.0034296050644542_37.5022581526050445
2026-09-04T18:34:05.570303+09:00,서리풀공원·몽마르뜨공원,서리풀공원·몽마르뜨공원,POI098,KEY_3,1210024902,사평대로,1210038701,사평지하차도(동측),127.0065075748906480_37.5032719917048141,1210037301,서울성모병원앞교차로,127.0035524787514305_37.5020653054771742,294.0,10.0,정체,127.0035524787514305_37.5020653054771742|127.0062932548203207_37.5031287115020859|127.0065075748906480_37.5032719917048141
2026-09-04T18:34:05.570303+09:00,서리풀공원·몽마르뜨공원,서리풀공원·몽마르뜨공원,POI098,KEY_3,1210024903,사평대로,1210040603,삼호가든사거리,127.0096408508530459_37.5044807855888038,1210038701,사평지하차도(동측),127.0065075748906480_37.5032719917048141,308.0,6.3,정체,127.0065075748906480_37.5032719917048141|127.0096408508530459_37.5044807855888038
2026-09-04T18:34:05.570303+09:00,서리풀공원·몽마르뜨공원,서리풀공원·몽마르뜨공원,POI098,KEY_3,1210026002,신반포로,1210393600,잠원동 110,127.0031103815705364_37.5056962380394125,1210042704,고속터미널역앞교차로,127.0043174874553813_37.5060735942867041,115.0,7.0,정체,127.0043174874553813_37.5060735942867041|127.0039498594828302_37.5059586709413040|127.0035607575584038_37.5058370330399740|127.0031103815705364_37.5056962380394125
2026-09-04T18:34:05.570303+09:00,서리풀공원·몽마르뜨공원,서리풀공원·몽마르뜨공원,POI098,KEY_3,1210026102,신반포로,1210286400,반포동 128-4,127.0036103340112561_37.5057363840915414,1210041702,고속터미널사거리,127.0012498931297387_37.5049984469199771,224.0,14.0,정체,127.0012498931297387_37.5049984469199771|127.0018301415136932_37.5051798538655916|127.0031599584830957_37.5055955893836241|127.0036103340112561_37.5057363840915414
2026-09-04T18:34:05.570303+09:00,서리풀공원·몽마르뜨공원,서리풀공원·몽마르뜨공원,POI098,KEY_3,1210027501,신반포로23길,1210466500,잠원동 101,127.0042204769171548_37.5065757828190200,1210042701,고속터미널역앞교차로,127.0044442985191040_37.5061121193226654,55.0,14.0,정체,127.0044442985191040_37.5061121193226654|127.0042204769171548_37.5065757828190200
2026-09-04T18:34:05.570303+09:00,서리풀공원·몽마르뜨공원,서리풀공원·몽마르뜨공원,POI098,KEY_3,1210056500,사평대로,1210447300,최소노드배치점,127.0030994056385509_37.5020573549217744,1210038702,사평지하차도(동측),127.0064482891770155_37.5033692509684471,330.0,53.5,원활,127.0064482891770155_37.5033692509684471|127.0034140730417960_37.5021919946757052|127.0030994056385509_37.5020573549217744
2026-09-04T18:34:05.570303+09:00,서리풀공원·몽마르뜨공원,서리풀공원·몽마르뜨공원,POI098,KEY_3,1210157300,서초대로,1210078702,서리풀터널(서측),126.9989565881344191_37.4893248414787834,1210078802,서리풀터널(동측),127.0037916540739644_37.4907616821414749,456.0,37.0,원활,127.0037916540739644_37.4907616821414749|126.9989565881344191_37.4893248414787834
2026-09-04T18:34:05.570303+09:00,서리풀공원·몽마르뜨공원,서리풀공원·몽마르뜨공원,POI098,KEY_3,1210157400,서초대로,1210078801,서리풀터널(동측),127.0038377451869138_37.4906599963925231,1210078701,서리풀터널(서측),126.9990038846274132_37.4892235014730488,456.0,28.0,원활,126.9990038846274132_37.4892235014730488|127.0038377451869138_37.4906599963925231
2026-09-04T18:34:05.570303+09:00,서리풀공원·몽마르뜨공원,서리풀공원·몽마르뜨공원,POI098,KEY_3,1210157500,서초대로,1210078802,서리풀터널(동측),127.0037916540739644_37.4907616821414749,1210029404,서울대법원,127.0042652980036877_37.4908935921796171,44.0,48.0,원활,127.0042652980036877_37.4908935921796171|127.0037916540739644_37.4907616821414749
2026-09-04T18:34:05.570303+09:00,서리풀공원·몽마르뜨공원,서리풀공원·몽마르뜨공원,POI098,KEY_3,1210157600,서초대로,1210029403,서울대법원,127.0042729402394457_37.4907812011270849,1210078801,서리풀터널(동측),127.0038377451869138_37.4906599963925231,41.0,13.0,정체,127.0038377451869138_37.4906599963925231|127.0042729402394457_37.4907812011270849
2026-09-04T18:34:05.570303+09:00,서울대공원,서울대공원,POI100,KEY_4,2200021200,대공원광장로,2200054900,막계동 289,127.0068923472239391_37.4362228128070527,2200008301,대공원역삼거리,127.0066457822184702_37.4357353467557203,58.0,25.0,원활,127.0066457822184702_37.4357353467557203|127.0068923472239391_37.4362228128070527
2026-09-04T18:34:05.570303+09:00,서울대공원,서울대공원,POI100,KEY_4,2200021300,대공원광장로,2200008304,대공원역삼거리,127.0065499805299964_37.4358349906033609,2200008612,막계동255-3,127.0076509610287019_37.4376132209890429,220.0,23.0,서행,127.0076509610287019_37.4376132209890429|127.0076421735180645_37.4376027753600269|127.0068155789067674_37.4363600557792395|127.0067666120649790_37.4362632531393302|127.0065499805299964_37.4358349906033609
2026-09-04T18:34:05.570303+09:00,서울대공원,서울대공원,POI100,KEY_4,2200021500,대공원광장로,2200057700,막계동 326,127.0058355921950124_37.4347670361327189,2200008303,대공원역삼거리,127.0064877905878689_37.4357219553627161,121.0,28.0,원활,127.0064877905878689_37.4357219553627161|127.0058355921950124_37.4347670361327189
2026-09-04T18:34:05.570303+09:00,서울대공원,서울대공원,POI100,KEY_4,2200003401,과천대로,2200066000,최소노드배치점,127.0029893781873085_37.4330879113692063,2200000807,과천시보훈회관,127.0016592458971445_37.4295384538219054,414.0,59.0,원활,127.0016592458971445_37.4295384538219054|127.0016656726336350_37.4295544944481264|127.0016808290951502_37.4295923378440207|127.0017085794528953_37.4296618689190268|127.0021328924420914_37.4305501492686545|127.0021330788781171_37.4305505249892576|127.0021332359380040_37.4305508998093970|127.0021334223739728_37.4305512746289963|127.0021335794338597_37.4305516494491215|127.0021337353639126_37.4305520251702859|127.0021338924237995_37.4305523999904111|127.0021340483547192_37.4305528063461566|127.0023788304229271_37.4311574000942855|127.0027959231863264_37.4319916187944770|127.0027961107579273_37.4319919629783513|127.0027962983306651_37.4319923377967854|127.0027964859033887_37.4319927126152265|127.0027966418397227_37.4319930874343996|127.0027968294124747_37.4319934622528478|127.0027969853488372_37.4319938379730388|127.0027971424150195_37.4319942127922047|127.0027972983513536_37.4319945876113849|127.0027974542876876_37.4319949624305721|127.0027976113538841_37.4319953372497309|127.0027977672902466_37.4319957129699219|127.0027978927200252_37.4319960877898197|127.0027980475264968_37.4319964626090496|127.0027981729574265_37.4319968680634929|127.0027983300236798_37.4319972437836626|127.0027984543235675_37.4319976186036101|127.0027985797533745_37.4319979934235079|127.0027987040532622_37.4319983682434199|127.0027988294842487_37.4319987745989167|127.0027989232776520_37.4319991503205713|127.0027990475775681_37.4319995251405189|127.0027991730085262_37.4319999314959873|127.0027992679317776_37.4320003063166240|127.0027993605963985_37.4320007117718561|127.0027994543898018_37.4320010874935178|127.0027995481843561_37.4320014938497465|127.0027996419777168_37.4320018686704117|127.0027997357711058_37.4320022434910555|127.0029223293061449_37.4325574306588109|127.0029224231020777_37.4325578379159438|127.0029224852613368_37.4325582442728049|127.0029225801870751_37.4325586497278593|127.0029226423463342_37.4325590560847274|127.0029227045043569_37.4325594309060250|127.0030011103725656_37.4330134628184865|127.0030011736624544_37.4330138682742302|127.0030012358212588_37.4330142430954709|127.0030012979813279_37.4330146503532930|127.0030013296344151_37.4330150567108575|127.0030013917944416_37.4330154621666438|127.0030014550843731_37.4330158685234053|127.0030014856075695_37.4330162748810125|127.0030015172606568_37.4330166812386125|127.0030015794206548_37.4330170866943917|127.0030016099438797_37.4330174939530096|127.0030016415969527_37.4330179003105883|127.0030016732500400_37.4330183066681599|127.0030016732649756_37.4330186805899601|127.0030017049180628_37.4330190869475246|127.0030017049342916_37.4330194933059133|127.0030017049505489_37.4330199005652986|127.0030017354737026_37.4330203060218878|127.0030017354899314_37.4330207123802836|127.0030017355061744_37.4330211187386581|127.0030017050154072_37.4330215250978142|127.0030017050316218_37.4330219305551708|127.0030017050478790_37.4330223378145632|127.0030017050641078_37.4330227441729519|127.0030016734434639_37.4330231505321223|127.0030016418228058_37.4330235559902889|127.0030016102021904_37.4330239623494805|127.0030015797114231_37.4330243687086366|127.0030015480907650_37.4330247741668103|127.0030015164701638_37.4330251814270056|127.0030014543425665_37.4330255877869504|127.0030014238518277_37.4330259941461136|127.0030013594644061_37.4330263996051116|127.0030013301035581_37.4330268059642250|127.0030012668460415_37.4330272123242196|127.0030012047172079_37.4330275880496259|127.0030011109527521_37.4330279944103808|127.0030010488250980_37.4330283998693290|127.0030009855676099_37.4330288062293022|127.0030009234399984_37.4330292125892683|127.0029893781873085_37.4330879113692063
2026-09-04T18:34:05.570303+09:00,서울대공원,서울대공원,POI100,KEY_4,2200021000,대공원대로,2200008501,대공원고가교(남측),127.0026171655613894_37.4373008081790388,2200008304,대공원역삼거리,127.0065499805299964_37.4358349906033609,388.0,49.0,원활,127.0065499805299964_37.4358349906033609|127.0064835174808309_37.4359041189738022|127.0063064858203035_37.4360422750141737|127.0050953603984993_37.4365122438352103|127.0046392981143981_37.4367083056359391|127.0042678612085325_37.4368524623347056|127.0036812359890774_37.4370492125447925|127.0026171655613894_37.4373008081790388
2026-09-04T18:34:05.570303+09:00,서울대공원,서울대공원,POI100,KEY_4,2200021100,대공원대로,2200008303,대공원역삼거리,127.0064877905878689_37.4357219553627161,2200008502,대공원고가교(남측),127.0025810450012074_37.4371966195773922,387.0,31.0,원활,127.0025810450012074_37.4371966195773922|127.0036355483765647_37.4369472442036866|127.0042118601151628_37.4367539310591511|127.0045774549838313_37.4366120876679318|127.0050334852050327_37.4364159936674312|127.0062273604819580_37.4359527443574649|127.0063817667330852_37.4358322441634499|127.0064877905878689_37.4357219553627161
2026-09-04T18:34:05.570303+09:00,서울대공원,서울대공원,POI100,KEY_4,2200022600,대공원광장로,2200008902,국립과천과학관동주차장,127.0084574650786067_37.4387382391346932,2200008611,막계동255-3,127.0077634952381658_37.4375529084523322,146.0,33.0,원활,127.0077634952381658_37.4375529084523322|127.0080855172262488_37.4379349314084564|127.0084574650786067_37.4387382391346932
2026-09-04T18:34:05.570303+09:00,서울대공원,서울대공원,POI100,KEY_4,2200023200,대공원광장로,2200008804,부진입교,127.0088684476730663_37.4388146771083825,2200008902,국립과천과학관동주차장,127.0084574650786067_37.4387382391346932,44.0,24.0,서행,127.0084574650786067_37.4387382391346932|127.0086182979441531_37.4387072127582528|127.0088554238022596_37.4387826192372870|127.0088844548043880_37.4387800879082917|127.0088684476730663_37.4388146771083825
2026-09-04T18:34:05.570303+09:00,서울대공원,서울대공원,POI100,KEY_4,2200030300,과천대로,2200008502,대공원고가교(남측),127.0025810450012074_37.4371966195773922,2200001802,상아벌지하차도(남측),127.0014046720212946_37.4365631797303209,184.0,46.5,원활,127.0014046720212946_37.4365631797303209|127.0013062218505269_37.4370767111946634|127.0013184326599998_37.4371743937791948|127.0013460154439286_37.4372134696193584|127.0013899595908384_37.4372330013296022|127.0014828202305779_37.4372396334788959|127.0025810450012074_37.4371966195773922
2026-09-04T18:34:05.570303+09:00,서울대공원,서울대공원,POI100,KEY_4,2200040300,광명로,2200066800,최소노드배치점,127.0179262719529731_37.4318090801042729,2200026501,막계동579-1,127.0186725129336338_37.4295158870037881,352.0,33.0,원활,127.0186725129336338_37.4295158870037881|127.0184844257098433_37.4296161952381112|127.0184837592780127_37.4296165344177609|127.0173584939860945_37.4301892270314909|127.0173904526724442_37.4303596775883065|127.0173776032648050_37.4305909173157332|127.0172810825387302_37.4315158124468184|127.0179262719529731_37.4318090801042729
2026-09-04T18:34:05.570303+09:00,서울대공원,서울대공원,POI100,KEY_4,2200040400,광명로,2200064400,최소노드배치점,127.0128644829702154_37.4388265717598969,2200008802,부진입교,127.0091676506749963_37.4387479984704754,389.0,33.0,원활,127.0091676506749963_37.4387479984704754|127.0095977730109382_37.4388101026301854|127.0098898497513460_37.4389540229815125|127.0103395740317609_37.4390789472301933|127.0114255964999757_37.4396054988472713|127.0115608143817383_37.4395926219030173|127.0116696759749573_37.4395332460063344|127.0119056536387347_37.4391441081629992|127.0121150672391934_37.4390045051773370|127.0128644829702154_37.4388265717598969
2026-09-04T18:34:05.570303+09:00,서울숲공원,서울숲공원,POI101,KEY_1,1030029300,뚝섬로,1030013200,뚝섬역앞,127.0340021665685128_37.5447699627491218,1030012700,성수대교,127.0355058723116031_37.5442361646540377,145.0,35.0,원활,127.0355058723116031_37.5442361646540377|127.0340021665685128_37.5447699627491218
2026-09-04T18:34:05.570303+09:00,서울숲공원,서울숲공원,POI101,KEY_1,1030000800,강변북로,1030010300,옥수동492,127.0318062526681047_37.5420723308692246,1030007300,성수동1가701-1,127.0389959168127234_37.5393979946672758,701.0,74.5,원활,127.0389959168127234_37.5393979946672758|127.0385781455044309_37.5395473870466105|127.0355740478927515_37.5406900926766909|127.0332856937590549_37.5415329045588777|127.0318062526681047_37.5420723308692246
2026-09-04T18:34:05.570303+09:00,서울숲공원,서울숲공원,POI101,KEY_1,1030000401,강변북로,1030006801,수도박물관,127.0427151925593137_37.5381098869044223,1030006601,성수동1가 496,127.0448610462769921_37.5375861963207313,198.0,37.0,서행,127.0448610462769921_37.5375861963207313|127.0445464268946125_37.5376608176332951|127.0435350724843744_37.5379014546380390|127.0429376144479932_37.5380399480896116|127.0427151925593137_37.5381098869044223
2026-09-04T18:34:05.570303+09:00,서울숲공원,서울숲공원,POI101,KEY_1,1030000500,강변북로,1030006500,강변동양아파트,127.0457199441466400_37.5371614419992170,1030007400,민들레,127.0411070650829117_37.5384294612663183,432.0,17.5,정체,127.0411070650829117_37.5384294612663183|127.0419474702915181_37.5381286569360313|127.0426750556077735_37.5379108794709282|127.0448120293160486_37.5373944724523483|127.0457199441466400_37.5371614419992170
2026-09-04T18:34:05.570303+09:00,서울숲공원,서울숲공원,POI101,KEY_1,1030000601,강변북로,1030007300,성수동1가701-1,127.0389959168127234_37.5393979946672758,1030007000,한강공원이촌지구입구,127.0411526317783455_37.5386310153525642,209.0,61.0,원활,127.0411526317783455_37.5386310153525642|127.0408998925125275_37.5387228934488917|127.0396375215554201_37.5391685549233358|127.0389959168127234_37.5393979946672758
2026-09-04T18:34:05.570303+09:00,서울숲공원,서울숲공원,POI101,KEY_1,1030000602,강변북로,1030007000,한강공원이촌지구입구,127.0411526317783455_37.5386310153525642,1030006801,수도박물관,127.0427151925593137_37.5381098869044223,150.0,29.0,정체,127.0427151925593137_37.5381098869044223|127.0422729834904203_37.5382370690409317|127.0418136435815057_37.5383907125557883|127.0411526317783455_37.5386310153525642
2026-09-04T18:34:05.570303+09:00,서울숲공원,서울숲공원,POI101,KEY_1,1030000700,강변북로,1030007400,민들레,127.0411070650829117_37.5384294612663183,1030009300,성수동1가695-1,127.0344033964930475_37.5407497451442893,646.0,20.5,정체,127.0344033964930475_37.5407497451442893|127.0353746709002962_37.5403924198628545|127.0361849511012196_37.5401273119134729|127.0382706512017421_37.5394438838092270|127.0400565032718703_37.5388129095392387|127.0411070650829117_37.5384294612663183
2026-09-04T18:34:05.570303+09:00,서울숲공원,서울숲공원,POI101,KEY_1,1030000901,강변북로,1030011200,동부간선도로입구,127.0297847949010190_37.5425055540992219,1030036500,두모교,127.0262150453302326_37.5435433933201281,337.0,25.0,정체,127.0262150453302326_37.5435433933201281|127.0275035061907545_37.5433072906735745|127.0281111196451320_37.5431308580303877|127.0286140564713833_37.5429301558187731|127.0297847949010190_37.5425055540992219
2026-09-04T18:34:05.570303+09:00,서울숲공원,서울숲공원,POI101,KEY_1,1030000902,강변북로,1030009300,성수동1가695-1,127.0344033964930475_37.5407497451442893,1030036500,두모교,127.0262150453302326_37.5435433933201281,793.0,18.0,정체,127.0262150453302326_37.5435433933201281|127.0263420859732406_37.5435433650486843|127.0265935686574750_37.5435290053148734|127.0269483352357156_37.5434967420871502|127.0273165646364504_37.5434394440140906|127.0276398803257933_37.5433678519471172|127.0280215633972176_37.5432640623576859|127.0283852777987619_37.5431459724865420|127.0294407958222678_37.5427610413079833|127.0303968691536340_37.5423981188109366|127.0313562320281875_37.5419902214887315|127.0327211793242839_37.5414272507229754|127.0337209293278136_37.5410121707927402|127.0344033964930475_37.5407497451442893
2026-09-04T18:34:05.570303+09:00,서울숲공원,서울숲공원,POI101,KEY_1,1030001001,강변북로,1030011700,성수JC,127.0277034763174839_37.5435314558420359,1030010300,옥수동492,127.0318062526681047_37.5420723308692246,397.0,72.5,원활,127.0318062526681047_37.5420723308692246|127.0317011292671481_37.5421106588302322|127.0295362283649325_37.5429145153627459|127.0284706664303940_37.5433031231814809|127.0280969564901881_37.5434244583883654|127.0277034763174839_37.5435314558420359
2026-09-04T18:34:05.570303+09:00,서울숲공원,서울숲공원,POI101,KEY_1,1030001300,동부간선도로,1030009300,성수동1가695-1,127.0344033964930475_37.5407497451442893,1030036600,성수JC,127.0323619427774275_37.5449326440640903,989.0,26.0,정체,127.0323619427774275_37.5449326440640903|127.0322744211834163_37.5448697440340950|127.0313534821279120_37.5441619743014670|127.0302711561675579_37.5434045468581559|127.0292213225685600_37.5426813636680023|127.0291244493513432_37.5425946961241763|127.0290404411798164_37.5424856354964689|127.0289683965850429_37.5423433772447765|127.0289492441156938_37.5422172789344444|127.0289589663725280_37.5420771666000306|127.0290406841672421_37.5418664180243553|127.0291345094840949_37.5417562440955805|127.0292528012461872_37.5416541396924401|127.0293644662197465_37.5416032937911552|127.0294966916302428_37.5415774733236560|127.0296598992147494_37.5415688441143018|127.0297956329881259_37.5415905366518103|127.0299660142581786_37.5416436813546142|127.0302080506025959_37.5417328835311892|127.0303749985669413_37.5417866745375051|127.0305860820734409_37.5418295301635538|127.0307702075141520_37.5418402096315589|127.0309812692028117_37.5418294271438810|127.0312192598502747_37.5417828782866607|127.0313943777152161_37.5417327696135601|127.0315829533341940_37.5416468991060341|127.0318164273072910_37.5415395607010254|127.0321621433381978_37.5413749778313246|127.0323237815666886_37.5413105689769679|127.0325033866125892_37.5412533061920328|127.0326695215194945_37.5412031980960634|127.0329883271511591_37.5411244404720108|127.0333789797064696_37.5410349343961087|127.0344033964930475_37.5407497451442893
2026-09-04T18:34:05.570303+09:00,서울숲공원,서울숲공원,POI101,KEY_1,1030001401,동부간선도로,1030012000,성수JC,127.0314731932145378_37.5440534747483454,1030011200,동부간선도로입구,127.0297847949010190_37.5425055540992219,513.0,17.0,정체,127.0297847949010190_37.5425055540992219|127.0299878534914342_37.5423632727119809|127.0301011000793920_37.5422146708626414|127.0301245340403682_37.5420597506111804|127.0301028206364720_37.5419404223460518|127.0300361833235030_37.5418209153987874|127.0299243595096925_37.5417429631655111|127.0297973367850091_37.5417007230823003|127.0296688991218446_37.5416767672049758|127.0295175256817117_37.5416847708783266|127.0294153409281535_37.5417047255893195|127.0293384278699591_37.5417397467600580|127.0292412353666265_37.5418236404248020|127.0291644895328034_37.5419137566701835|127.0290936747369557_37.5420963887518155|127.0290855325617230_37.5422137414567914|127.0291010924953383_37.5423161911923629|127.0291621710753986_37.5424367947448658|127.0292339344424875_37.5425299601811346|127.0293168984713077_37.5426041828799129|127.0314731932145378_37.5440534747483454
2026-09-04T18:34:05.570303+09:00,서울숲공원,서울숲공원,POI101,KEY_1,1030001402,동부간선도로,1030018800,뚝섬유수지체육공원,127.0382875770396396_37.5497896869035088,1030012000,성수JC,127.0314731932145378_37.5440534747483454,879.0,23.0,정체,127.0314731932145378_37.5440534747483454|127.0321620057514167_37.5445396044308666|127.0329047457750846_37.5450876965753437|127.0335516609834627_37.5455738297302162|127.0341566432096130_37.5460027579968809|127.0347257052412289_37.5464364617868753|127.0353187467665066_37.5469130648032845|127.0359178026335627_37.5474278067572769|127.0363491413191213_37.5478281687294952|127.0373556589110393_37.5488433954447274|127.0381644948249260_37.5496727329993192|127.0382875770396396_37.5497896869035088
2026-09-04T18:34:05.570303+09:00,서울숲공원,서울숲공원,POI101,KEY_1,1030001901,동부간선도로,1030036600,성수JC,127.0323619427774275_37.5449326440640903,1030014900,성수동1가685-31,127.0343613336856379_37.5465066021287299,249.0,45.0,서행,127.0343613336856379_37.5465066021287299|127.0334694196474317_37.5457812522501087|127.0326922104666920_37.5451699997149859|127.0323619427774275_37.5449326440640903
2026-09-04T18:34:05.570303+09:00,서울숲공원,서울숲공원,POI101,KEY_1,1030003503,성덕정길,1030001308,미러드스피어갤러리,127.0464519405476977_37.5391950904684464,1030008602,뚝도아리수정수센터,127.0438952129735242_37.5400817035135219,247.0,18.5,서행,127.0438952129735242_37.5400817035135219|127.0442789728588338_37.5399443264311756|127.0451914269481790_37.5396455830965792|127.0455079029676710_37.5395158662262887|127.0459034895997235_37.5393691667486706|127.0460520754789684_37.5393140646203705|127.0464519405476977_37.5391950904684464
2026-09-04T18:34:05.570303+09:00,서울숲공원,서울숲공원,POI101,KEY_1,1030004700,왕십리로,1030080900,성수동1가 685-235,127.0438119803910837_37.5405714958717525,1030010203,서울숲입구교차로,127.0441621562491576_37.5418224578429118,142.0,9.3,정체,127.0441621562491576_37.5418224578429118|127.0440725821409558_37.5415338454959340|127.0438641961902988_37.5408624063888681|127.0438595359219391_37.5408415890386138|127.0438248603938689_37.5406866935925194|127.0438119803910837_37.5405714958717525
2026-09-04T18:34:05.570303+09:00,서울숲공원,서울숲공원,POI101,KEY_1,1030004802,왕십리로,1030128800,성수동1가 685-235,127.0439932105147278_37.5408226145050463,1030008601,뚝도아리수정수센터,127.0439063438414848_37.5401962621521079,70.0,5.0,정체,127.0439063438414848_37.5401962621521079|127.0439472262407605_37.5405619077732950|127.0439595786689608_37.5406723851967925|127.0439932105147278_37.5408226145050463
2026-09-04T18:34:05.570303+09:00,서울숲공원,서울숲공원,POI101,KEY_1,1030004901,뚝섬로,1030009204,성수동1가656-277,127.0457205785411929_37.5413201683959912,1030010202,서울숲입구교차로,127.0442908325642293_37.5417863962982779,137.0,20.0,서행,127.0442908325642293_37.5417863962982779|127.0457170505857789_37.5413212981805557|127.0457205785411929_37.5413201683959912
2026-09-04T18:34:05.570303+09:00,서울숲공원,서울숲공원,POI101,KEY_1,1030005002,뚝섬로,1030010201,서울숲입구교차로,127.0443227134553865_37.5418928353680030,1030009205,성수동1가656-277,127.0457712426725436_37.5414204802605198,138.0,7.5,정체,127.0457712426725436_37.5414204802605198|127.0457681139552193_37.5414214821839067|127.0443227134553865_37.5418928353680030
2026-09-04T18:34:05.570303+09:00,서울숲공원,서울숲공원,POI101,KEY_1,1030005101,강변북로,1030008900,성수대교(북측),127.0366204592998116_37.5407494361191212,1030007300,성수동1가701-1,127.0389959168127234_37.5393979946672758,259.0,22.0,정체,127.0389959168127234_37.5393979946672758|127.0380812312561005_37.5399037731009955|127.0374764356561315_37.5403592941123279|127.0371608666084597_37.5405369205504513|127.0368725612304388_37.5406645708815390|127.0366204592998116_37.5407494361191212
2026-09-04T18:34:05.570303+09:00,서울숲공원,서울숲공원,POI101,KEY_1,1030005102,강변북로,1030009100,성수대교(북측),127.0337769617486003_37.5407132030334907,1030008900,성수대교(북측),127.0366204592998116_37.5407494361191212,391.0,50.3,원활,127.0366204592998116_37.5407494361191212|127.0362736400008146_37.5408947419886374|127.0359854860295883_37.5409973504146777|127.0348150285060029_37.5413862430326475|127.0344457187267864_37.5415350316108203|127.0342926666647259_37.5415845095064356|127.0341217331513661_37.5416196079110733|127.0339644542110022_37.5416261422525039|127.0338253465951937_37.5416005523428069|127.0337267360757068_37.5415643900919491|127.0336371775573099_37.5415175321155274|127.0335746407953366_37.5414600490100838|127.0335121717437517_37.5413918349446547|127.0334722300060122_37.5413129772588476|127.0334503034915912_37.5412270371034751|127.0334463233892848_37.5411447445142770|127.0334693648077575_37.5410518268865303|127.0335194276366479_37.5409482842039708|127.0335873025506146_37.5408698527050149|127.0336957647755582_37.5407665410948184|127.0337769617486003_37.5407132030334907
2026-09-04T18:34:05.570303+09:00,서울숲공원,서울숲공원,POI101,KEY_1,1030005200,강변북로,1030009800,성수대교(북측),127.0339243946623640_37.5414459285932267,1030008900,성수대교(북측),127.0366204592998116_37.5407494361191212,250.0,17.0,정체,127.0366204592998116_37.5407494361191212|127.0339243946623640_37.5414459285932267
2026-09-04T18:34:05.570303+09:00,서울숲공원,서울숲공원,POI101,KEY_1,1030006301,고산자로,1030000502,성수대교북측(북측),127.0354766600117671_37.5405116623693331,1030011900,성수대교,127.0360005462618460_37.5434631051802086,331.0,28.0,원활,127.0360005462618460_37.5434631051802086|127.0356397284671885_37.5414859989735703|127.0354766600117671_37.5405116623693331
2026-09-04T18:34:05.570303+09:00,서울숲공원,서울숲공원,POI101,KEY_1,1030006302,고산자로,1030011900,성수대교,127.0360005462618460_37.5434631051802086,1030012303,성수대교북단교차로,127.0360826391629558_37.5439129163279333,50.0,15.0,서행,127.0360826391629558_37.5439129163279333|127.0360005462618460_37.5434631051802086
2026-09-04T18:34:05.570303+09:00,서울숲공원,서울숲공원,POI101,KEY_1,1030006303,고산자로,1030012304,성수대교북단교차로,127.0361107182000069_37.5440214432186963,1030012900,성수대교,127.0363032638533412_37.5446862650665025,76.0,14.0,정체,127.0363032638533412_37.5446862650665025|127.0362387402871747_37.5444355836425174|127.0361107182000069_37.5440214432186963
2026-09-04T18:34:05.570303+09:00,서울숲공원,서울숲공원,POI101,KEY_1,1030006401,고산자로,1030011800,성수대교,127.0361349219139697_37.5434475561346019,1030000501,성수대교북측(북측),127.0356112502638837_37.5404973798243304,331.0,7.0,정체,127.0356112502638837_37.5404973798243304|127.0357742152324789_37.5414710828022180|127.0361349219139697_37.5434475561346019
2026-09-04T18:34:05.570303+09:00,서울숲공원,서울숲공원,POI101,KEY_1,1030006402,고산자로,1030012302,성수대교북단교차로,127.0362119535135861_37.5438696362694699,1030011800,성수대교,127.0361349219139697_37.5434475561346019,47.0,8.0,정체,127.0361349219139697_37.5434475561346019|127.0362119535135861_37.5438696362694699
2026-09-04T18:34:05.570303+09:00,서울숲공원,서울숲공원,POI101,KEY_1,1030006403,고산자로,1030012800,성수대교,127.0364370496948396_37.5446681209833670,1030012301,성수대교북단교차로,127.0362371882276165_37.5439781927615286,79.0,33.0,원활,127.0362371882276165_37.5439781927615286|127.0363712284441391_37.5444117997759790|127.0364370496948396_37.5446681209833670
2026-09-04T18:34:05.570303+09:00,서울숲공원,서울숲공원,POI101,KEY_1,1030007301,왕십리로,1030140700,성수동1가 656-924,127.0446136093396774_37.5433513872624047,1030014103,서울숲역4번출구,127.0448437340704970_37.5450473472375776,191.0,11.0,정체,127.0448437340704970_37.5450473472375776|127.0448761766708117_37.5448861908370617|127.0448854061282731_37.5447527583577454|127.0448876560694202_37.5446344887410604|127.0448869911702872_37.5446282772486981|127.0448761719551953_37.5445272039189746|127.0448509665354777_37.5444162085853108|127.0447937498153124_37.5442608259489319|127.0447494222051290_37.5441004009097696|127.0447271040391684_37.5439661327797438|127.0446626140563637_37.5435781523824801|127.0446453492180865_37.5434904437053589|127.0446270842971757_37.5433976541887731|127.0446136093396774_37.5433513872624047
2026-09-04T18:34:05.570303+09:00,서울숲공원,서울숲공원,POI101,KEY_1,1030007401,왕십리로,1030108300,성수동1가 656-924,127.0445405976371944_37.5426578631228907,1030010201,서울숲입구교차로,127.0443227134553865_37.5418928353680030,87.0,13.0,정체,127.0443227134553865_37.5418928353680030|127.0445405976371944_37.5426578631228907
2026-09-04T18:34:05.570303+09:00,서울숲공원,서울숲공원,POI101,KEY_1,1030007702,광나루로,1030013800,용비교앞,127.0333325548071599_37.5450050369533841,1030015000,성수동1가685-366,127.0347281610465444_37.5457320230783580,149.0,33.5,원활,127.0347281610465444_37.5457320230783580|127.0345634495914453_37.5456389612574384|127.0339308281616155_37.5452976975982509|127.0338163721421125_37.5452323683480316|127.0337417705139984_37.5451771052804588|127.0335982894965667_37.5450806500806493|127.0334629512231004_37.5450262429314208|127.0333325548071599_37.5450050369533841
2026-09-04T18:34:05.570303+09:00,서울숲공원,서울숲공원,POI101,KEY_1,1030007803,광나루로,1030015700,응봉교앞,127.0362287011718365_37.5468934194515498,1030013200,뚝섬역앞,127.0340021665685128_37.5447699627491218,335.0,11.0,정체,127.0340021665685128_37.5447699627491218|127.0339119478859402_37.5448533482408919|127.0338390853927564_37.5449373945285672|127.0338227918287686_37.5450024693594102|127.0338138824460401_37.5450640218691802|127.0338381578220464_37.5451008315442252|127.0339025242840307_37.5451485128795497|127.0340084810208623_37.5452089899118064|127.0346408315383542_37.5455501072778191|127.0348067426888434_37.5456438452889145|127.0350260021663757_37.5457746884153849|127.0356313917589119_37.5462775440664771|127.0361171498495167_37.5467784023693270|127.0362287011718365_37.5468934194515498
2026-09-04T18:34:05.570303+09:00,서울숲공원,서울숲공원,POI101,KEY_1,1030007903,뚝섬로,1030153700,최소노드배치점,127.0298541325279302_37.5461734938040195,1030013800,용비교앞,127.0333325548071599_37.5450050369533841,334.0,19.0,서행,127.0333325548071599_37.5450050369533841|127.0320878634865949_37.5454301821306089|127.0301483584728004_37.5461118314372300|127.0298548174119588_37.5461734181233169|127.0298541325279302_37.5461734938040195
2026-09-04T18:34:05.570303+09:00,서울숲공원,서울숲공원,POI101,KEY_1,1030007904,뚝섬로,1030013800,용비교앞,127.0333325548071599_37.5450050369533841,1030013401,서울숲입구,127.0336259699339791_37.5449020311093804,28.0,28.0,원활,127.0336259699339791_37.5449020311093804|127.0333325548071599_37.5450050369533841
2026-09-04T18:34:05.570303+09:00,서울숲공원,서울숲공원,POI101,KEY_1,1030008004,뚝섬로,1030013402,서울숲입구,127.0335712621943571_37.5448039853446431,1030014600,강변북로분기점,127.0320336805205699_37.5453310445884938,148.0,9.5,정체,127.0320336805205699_37.5453310445884938|127.0335605592246537_37.5448077968026155|127.0335712621943571_37.5448039853446431
2026-09-04T18:34:05.570303+09:00,서울숲공원,서울숲공원,POI101,KEY_1,1030008201,고산자로,1030015200,응봉지하차도,127.0366128449075376_37.5457210264910088,1030012800,성수대교,127.0364370496948396_37.5446681209833670,118.0,38.0,원활,127.0364370496948396_37.5446681209833670|127.0366128449075376_37.5457210264910088
2026-09-04T18:34:05.570303+09:00,서울숲공원,서울숲공원,POI101,KEY_1,1030008202,고산자로,1030015902,응봉교앞교차로,127.0366620598710057_37.5470907469341526,1030015200,응봉지하차도,127.0366128449075376_37.5457210264910088,155.0,33.0,원활,127.0366128449075376_37.5457210264910088|127.0367779996532391_37.5467407889137164|127.0367656344953389_37.5469133007197087|127.0367066612591316_37.5470409050150522|127.0366620598710057_37.5470907469341526
2026-09-04T18:34:05.570303+09:00,서울숲공원,서울숲공원,POI101,KEY_1,1030009300,서울숲길,1030076300,성수동1가 676-8,127.0399213370954214_37.5479548333834785,1030018200,응봉지하차도,127.0374624651740305_37.5484417432670767,239.0,13.0,정체,127.0374624651740305_37.5484417432670767|127.0376197668948919_37.5485990148293283|127.0377691938879821_37.5486030666717809|127.0379335176127427_37.5485712655074408|127.0381567590147682_37.5484853004769974|127.0383340384476725_37.5484272268524180|127.0392064844063640_37.5481559010921799|127.0393057439895301_37.5481250313893327|127.0399213370954214_37.5479548333834785
2026-09-04T18:34:05.570303+09:00,서울숲공원,서울숲공원,POI101,KEY_1,1030009502,광나루로,1030015901,응봉교앞교차로,127.0366152887005171_37.5472219483610559,1030003300,성수동1가685-682,127.0377144991523579_37.5489181795884193,214.0,5.0,정체,127.0377144991523579_37.5489181795884193|127.0375766079558133_37.5487776911937914|127.0374329612102429_37.5486111232519235|127.0373464606487204_37.5484979491716757|127.0372495867620586_37.5483712020506317|127.0370899670532054_37.5481557307054956|127.0369658436303979_37.5479582707073689|127.0368520299556110_37.5478161520716753|127.0366852607440364_37.5473419561078501|127.0366152887005171_37.5472219483610559
2026-09-04T18:34:05.570303+09:00,서울숲공원,서울숲공원,POI101,KEY_1,1030009601,광나루로,1030016401,응봉교교차로,127.0369747496989561_37.5477727654258828,1030015902,응봉교앞교차로,127.0366620598710057_37.5470907469341526,81.0,35.0,원활,127.0366620598710057_37.5470907469341526|127.0367310816394308_37.5471637738456607|127.0368132004219177_37.5473046122355285|127.0369747496989561_37.5477727654258828
2026-09-04T18:34:05.570303+09:00,서울숲공원,서울숲공원,POI101,KEY_1,1030009602,광나루로,1030018200,응봉지하차도,127.0374624651740305_37.5484417432670767,1030016401,응봉교교차로,127.0369747496989561_37.5477727654258828,86.0,47.0,원활,127.0369747496989561_37.5477727654258828|127.0370841269440092_37.5479048674630818|127.0372093083618381_37.5481040100708015|127.0373660769487429_37.5483156321913540|127.0374624651740305_37.5484417432670767
2026-09-04T18:34:05.570303+09:00,서울숲공원,서울숲공원,POI101,KEY_1,1030009603,광나루로,1030018600,응봉지하차도,127.0379861625013405_37.5489978732287639,1030018200,응봉지하차도,127.0374624651740305_37.5484417432670767,77.0,18.0,서행,127.0374624651740305_37.5484417432670767|127.0375470226948380_37.5485523752630357|127.0376861857009629_37.5487137421328967|127.0378185869667504_37.5488488351778074|127.0379861625013405_37.5489978732287639
2026-09-04T18:34:05.570303+09:00,서울숲공원,서울숲공원,POI101,KEY_1,1030011501,광나루로,1030174400,최소노드배치점,127.0398169960489128_37.5505495317001561,1030020300,성수동1가672-3,127.0424916727474027_37.5515155229991748,260.0,43.0,원활,127.0424916727474027_37.5515155229991748|127.0423272436774056_37.5514771040283861|127.0419434266120362_37.5513458747840048|127.0406151306876978_37.5508917096208847|127.0405116801708232_37.5508515661850097|127.0401146984400640_37.5506975182419964|127.0398336311208141_37.5505594903515316|127.0398169960489128_37.5505495317001561
2026-09-04T18:34:05.570303+09:00,서울숲공원,서울숲공원,POI101,KEY_1,1030011600,광나루로,1030092500,성수동1가 685-682,127.0383955604428934_37.5493625191709341,1030018600,응봉지하차도,127.0379861625013405_37.5489978732287639,54.0,18.3,서행,127.0379861625013405_37.5489978732287639|127.0382859447694699_37.5492644909027860|127.0383955604428934_37.5493625191709341
2026-09-04T18:34:05.570303+09:00,서울숲공원,서울숲공원,POI101,KEY_1,1030022500,강변북로,1030006500,강변동양아파트,127.0457199441466400_37.5371614419992170,1030008200,성수동1가689-15,127.0386116957061802_37.5399100186691754,732.0,9.0,정체,127.0386116957061802_37.5399100186691754|127.0388094671413626_37.5398929051167940|127.0389980988206418_37.5399007961000279|127.0391732543634902_37.5399086344900752|127.0393260579287897_37.5398984988097268|127.0394565554318120_37.5398632351905448|127.0396188712205685_37.5397672820113897|127.0397092230287228_37.5396853579724663|127.0398132934763566_37.5395641366282575|127.0402208488266780_37.5390362908951474|127.0404468884075158_37.5388046494535104|127.0412228387984328_37.5382710782329667|127.0415022100986846_37.5381326507174720|127.0418939270202827_37.5379875036210677|127.0424249449393841_37.5378357405717580|127.0429738849922785_37.5376911991380950|127.0434372105982987_37.5375892508277289|127.0439229523194200_37.5374945418114123|127.0443443046295755_37.5373995828899609|127.0447580464581847_37.5373248636183803|127.0457199441466400_37.5371614419992170
2026-09-04T18:34:05.570303+09:00,서울숲공원,서울숲공원,POI101,KEY_1,1030023000,강변북로,1030008700,성수동1가685-717,127.0387034330841232_37.5403324927363400,1030007000,한강공원이촌지구입구,127.0411526317783455_37.5386310153525642,296.0,19.0,정체,127.0411526317783455_37.5386310153525642|127.0407533818060841_37.5388833491545242|127.0405051750272207_37.5390672079383378|127.0403168625084618_37.5392512998438548|127.0401282578067139_37.5394830868806224|127.0399244787430320_37.5397470102002941|127.0397481798608510_37.5399251856554201|127.0395181272781286_37.5400781102996177|127.0392477741095405_37.5402094139839022|127.0390542301361450_37.5402694721315768|127.0388742738886378_37.5403116965031529|127.0387034330841232_37.5403324927363400
2026-09-04T18:34:05.570303+09:00,서울숲공원,서울숲공원,POI101,KEY_1,1030023100,강변북로,1030007400,민들레,127.0411070650829117_37.5384294612663183,1030007800,성수대교(북측),127.0368534360828363_37.5396408057627795,400.0,50.0,원활,127.0368534360828363_37.5396408057627795|127.0371121663615810_37.5395732560513053|127.0376707307637503_37.5394502404493267|127.0379819235674006_37.5393739513036451|127.0383382043887082_37.5392710086407959|127.0391560042913142_37.5389969660262821|127.0399475014373252_37.5387377201589345|127.0404688029044422_37.5385847357400735|127.0411070650829117_37.5384294612663183
2026-09-04T18:34:05.570303+09:00,서울숲공원,서울숲공원,POI101,KEY_1,1030023200,강변북로,1030007800,성수대교(북측),127.0368534360828363_37.5396408057627795,1030007600,성수대교북측(남측),127.0353856054661748_37.5391491203814596,172.0,37.5,서행,127.0353856054661748_37.5391491203814596|127.0354519301494349_37.5392596892391666|127.0355294539751867_37.5394358763245677|127.0356147237740174_37.5395703582316855|127.0356778466900352_37.5396540754166210|127.0357710106925424_37.5397230061694600|127.0358755720474022_37.5397651511611272|127.0359727566045080_37.5397893819223896|127.0360513720212055_37.5397896904171802|127.0361712028036294_37.5397841991194525|127.0363398484315809_37.5397550513494167|127.0368534360828363_37.5396408057627795
2026-09-04T18:34:05.570303+09:00,서울숲공원,서울숲공원,POI101,KEY_1,1030023800,언주로,1030000501,성수대교북측(북측),127.0356112502638837_37.5404973798243304,1030007600,성수대교북측(남측),127.0353856054661748_37.5391491203814596,151.0,8.0,정체,127.0353856054661748_37.5391491203814596|127.0356112502638837_37.5404973798243304
2026-09-04T18:34:05.570303+09:00,서울숲공원,서울숲공원,POI101,KEY_1,1030023900,언주로,1030007700,성수대교북측(남측),127.0352537450373660_37.5391797046238054,1030000502,성수대교북측(북측),127.0354766600117671_37.5405116623693331,149.0,11.0,정체,127.0354766600117671_37.5405116623693331|127.0352537450373660_37.5391797046238054
2026-09-04T18:34:05.570303+09:00,서울숲공원,서울숲공원,POI101,KEY_1,1030024400,강변북로,1030008200,성수동1가689-15,127.0386116957061802_37.5399100186691754,1030008700,성수동1가685-717,127.0387034330841232_37.5403324927363400,70.0,6.0,정체,127.0387034330841232_37.5403324927363400|127.0385419074224984_37.5402996662770363|127.0384613765454702_37.5402456929054082|127.0384258357114931_37.5401811631481621|127.0384038369325168_37.5401059548299685|127.0384311435581708_37.5400488261539849|127.0384719932345803_37.5399810180122273|127.0385216066115106_37.5399490163397971|127.0386116957061802_37.5399100186691754
2026-09-04T18:34:05.570303+09:00,서울숲공원,서울숲공원,POI101,KEY_1,1030024600,강변북로,1030007700,성수대교북측(남측),127.0352537450373660_37.5391797046238054,1030009100,성수대교(북측),127.0337769617486003_37.5407132030334907,232.0,7.0,정체,127.0337769617486003_37.5407132030334907|127.0339391981025443_37.5406315664747012|127.0345833361038927_37.5403550816663412|127.0347591365769091_37.5402591888875037|127.0348945951880637_37.5401488278030868|127.0350121281835385_37.5400312413527359|127.0351029072210878_37.5398813537806788|127.0351441154042362_37.5397563124581737|127.0351901036656983_37.5395847853010736|127.0352046463879958_37.5394131341517507|127.0352537450373660_37.5391797046238054
2026-09-04T18:34:05.570303+09:00,서울숲공원,서울숲공원,POI101,KEY_1,1030029200,뚝섬로,1030012400,뚝섬역앞,127.0351598907825377_37.5442382170389379,1030013402,서울숲입구,127.0335712621943571_37.5448039853446431,154.0,7.0,정체,127.0335712621943571_37.5448039853446431|127.0351598907825377_37.5442382170389379
2026-09-04T18:34:05.570303+09:00,서울숲공원,서울숲공원,POI101,KEY_1,1030024900,강변북로,1030009800,성수대교(북측),127.0339243946623640_37.5414459285932267,1030007800,성수대교(북측),127.0368534360828363_37.5396408057627795,443.0,42.0,서행,127.0368534360828363_37.5396408057627795|127.0370181494945712_37.5396420480801467|127.0371527636470574_37.5396676167305898|127.0372737895883120_37.5397110176042972|127.0373676853027973_37.5397829309775091|127.0374390099259898_37.5398726416778246|127.0374656095860360_37.5399299818899905|127.0374784683138927_37.5400301951343636|127.0374688644552776_37.5401303208999835|127.0374323740247178_37.5402196089517304|127.0373689946792553_37.5402980601669327|127.0373057713197937_37.5403514716095259|127.0372291364230506_37.5403940977729462|127.0369949821833870_37.5404826117086117|127.0368329266345881_37.5405356348524464|127.0348571263850914_37.5411181147050996|127.0339243946623640_37.5414459285932267
2026-09-04T18:34:05.570303+09:00,서울숲공원,서울숲공원,POI101,KEY_1,1030025400,강변북로,1030009100,성수대교(북측),127.0337769617486003_37.5407132030334907,1030011200,동부간선도로입구,127.0297847949010190_37.5425055540992219,406.0,59.7,원활,127.0297847949010190_37.5425055540992219|127.0301014443444387_37.5423983044091045|127.0316013885051376_37.5417710906772442|127.0322590225374171_37.5414946717477847|127.0325159372563633_37.5413597540577584|127.0329488123294794_37.5411039051045989|127.0332779588102170_37.5409120349971985|127.0335527716549109_37.5407879165858489|127.0337769617486003_37.5407132030334907
2026-09-04T18:34:05.570303+09:00,서울숲공원,서울숲공원,POI101,KEY_1,1030025800,강변북로,1030010300,옥수동492,127.0318062526681047_37.5420723308692246,1030009800,성수대교(북측),127.0339243946623640_37.5414459285932267,200.0,56.0,원활,127.0339243946623640_37.5414459285932267|127.0325861881406126_37.5418365221240293|127.0318062526681047_37.5420723308692246
2026-09-04T18:34:05.570303+09:00,서울숲공원,서울숲공원,POI101,KEY_1,1030026500,뚝섬로,1030010901,서울숲관리사무소,127.0422149021619873_37.5423764621375895,1030010204,서울숲입구교차로,127.0441934353593894_37.5419277837611602,182.0,30.5,원활,127.0441934353593894_37.5419277837611602|127.0422149021619873_37.5423764621375895
2026-09-04T18:34:05.570303+09:00,서울숲공원,서울숲공원,POI101,KEY_1,1030026600,강변북로,1030008200,성수동1가689-15,127.0386116957061802_37.5399100186691754,1030012400,뚝섬역앞,127.0351598907825377_37.5442382170389379,705.0,6.0,정체,127.0351598907825377_37.5442382170389379|127.0354068962458172_37.5441060684462187|127.0355674450624122_37.5439976137586413|127.0356577622891763_37.5439228468216513|127.0357242893047811_37.5438335331714370|127.0357486109102041_37.5437622279278287|127.0357679800487318_37.5436680730317818|127.0357632413711571_37.5435762680332843|127.0357323270163477_37.5434902923140541|127.0350720288963942_37.5420245991552690|127.0350366668427000_37.5419314516935074|127.0350057086922106_37.5418526306111957|127.0349972125870295_37.5417738974697954|127.0349978124110635_37.5416773137281155|127.0350299037809663_37.5415737000574268|127.0350934191691721_37.5414737873586901|127.0351612929096063_37.5413953549625887|127.0352650617556947_37.5413242180194970|127.0353776822518057_37.5412745797914127|127.0355127644148183_37.5412250302087003|127.0369487294088202_37.5407620496736740|127.0371784364439236_37.5406663643740757|127.0373902612695645_37.5405562998266404|127.0376021513677642_37.5404355030668313|127.0377555536119729_37.5403287865443716|127.0379134244137020_37.5402256633759421|127.0380354020996378_37.5401152462535208|127.0381436804458559_37.5400405472650220|127.0383058228510720_37.5399732135098958|127.0384363198342470_37.5399379510186222|127.0386116957061802_37.5399100186691754
2026-09-04T18:34:05.570303+09:00,서울숲공원,서울숲공원,POI101,KEY_1,1030026700,강변북로,1030013401,서울숲입구,127.0336259699339791_37.5449020311093804,1030008700,성수동1가685-717,127.0387034330841232_37.5403324927363400,845.0,23.0,정체,127.0387034330841232_37.5403324927363400|127.0385371511629842_37.5403425752467825|127.0383978666933160_37.5403456074334514|127.0382316516383412_37.5403449576821160|127.0381148287079043_37.5403480786678330|127.0379889118636783_37.5403690494698381|127.0378718901825152_37.5404043639064326|127.0376601982701743_37.5404929665598743|127.0373762310509278_37.5406456762469176|127.0370879036319849_37.5407769040777453|127.0362952125058484_37.5411029014549058|127.0354844785458965_37.5414395541404957|127.0353673215752082_37.5414963288448078|127.0352725369027098_37.5415675010344856|127.0352046178310417_37.5416530874434429|127.0351591164095453_37.5417459165832241|127.0351405248829764_37.5418460069646898|127.0351354551451237_37.5419389952436759|127.0351751538081260_37.5420572008873492|127.0358001798617806_37.5434154374524383|127.0358353439824128_37.5435407792331688|127.0358480445403444_37.5436660323164375|127.0358326844142454_37.5437716016713736|127.0358155281628427_37.5438434318438041|127.0357804123959227_37.5439402458612719|127.0357588038870915_37.5440155390118946|127.0357240209459917_37.5441034969866152|127.0356607451534785_37.5441938214730655|127.0355930812456791_37.5442489605209389|127.0354925813227567_37.5443013739697307|127.0352297106497588_37.5443971397144693|127.0348467896735940_37.5445356792611875|127.0337727652631230_37.5449105304015731|127.0336259699339791_37.5449020311093804
2026-09-04T18:34:05.570303+09:00,서울숲공원,서울숲공원,POI101,KEY_1,1030026800,뚝섬로,1030010203,서울숲입구교차로,127.0441621562491576_37.5418224578429118,1030011002,무지개터널(동측),127.0413473196034317_37.5424602796447218,259.0,27.0,원활,127.0413473196034317_37.5424602796447218|127.0420470149079648_37.5423020740521096|127.0421777116470992_37.5422724767808944|127.0441621562491576_37.5418224578429118
2026-09-04T18:34:05.570303+09:00,서울숲공원,서울숲공원,POI101,KEY_1,1030026900,뚝섬로,1030011001,무지개터널(동측),127.0413856137363098_37.5425640055429071,1030010904,서울숲관리사무소,127.0420841060007007_37.5424060811278437,64.0,30.0,원활,127.0420841060007007_37.5424060811278437|127.0413856137363098_37.5425640055429071
2026-09-04T18:34:05.570303+09:00,서울숲공원,서울숲공원,POI101,KEY_1,1030029100,뚝섬로,1030012700,성수대교,127.0355058723116031_37.5442361646540377,1030012900,성수대교,127.0363032638533412_37.5446862650665025,96.0,27.0,원활,127.0363032638533412_37.5446862650665025|127.0360858026865287_37.5443708360154389|127.0360067334721066_37.5443122168106527|127.0359348598702240_37.5442721892855644|127.0358665879682007_37.5442507545453665|127.0357731684678839_37.5442321889604642|127.0355058723116031_37.5442361646540377
2026-09-04T18:34:05.570303+09:00,서울숲공원,서울숲공원,POI101,KEY_1,1030027000,동부간선도로,1030012000,성수JC,127.0314731932145378_37.5440534747483454,1030009800,성수대교(북측),127.0339243946623640_37.5414459285932267,486.0,25.0,정체,127.0339243946623640_37.5414459285932267|127.0334660672718314_37.5416308850519584|127.0311611799832292_37.5425040231097924|127.0309995450869707_37.5425851177727168|127.0308738370767827_37.5426709718164062|127.0307840622352700_37.5427711188299682|127.0307062751404032_37.5428998693921869|127.0306763922770017_37.5430381436443739|127.0306704646842491_37.5431859469438933|127.0307184282822703_37.5433337362326114|127.0308143019321960_37.5435005844608796|127.0309640663317907_37.5436674175867111|127.0314731932145378_37.5440534747483454
2026-09-04T18:34:05.570303+09:00,서울숲공원,서울숲공원,POI101,KEY_1,1030027100,뚝섬로,1030011002,무지개터널(동측),127.0413473196034317_37.5424602796447218,1030011502,무지개터널(서측),127.0382618561309727_37.5432843303280137,288.0,27.0,원활,127.0382618561309727_37.5432843303280137|127.0401723923043704_37.5427447280211126|127.0413473196034317_37.5424602796447218
2026-09-04T18:34:05.570303+09:00,서울숲공원,서울숲공원,POI101,KEY_1,1030027200,뚝섬로,1030011501,무지개터널(서측),127.0383065031408876_37.5433864362319696,1030011001,무지개터널(동측),127.0413856137363098_37.5425640055429071,287.0,29.5,원활,127.0413856137363098_37.5425640055429071|127.0402148599190326_37.5428474536407961|127.0383065031408876_37.5433864362319696
2026-09-04T18:34:05.570303+09:00,서울숲공원,서울숲공원,POI101,KEY_1,1030027700,뚝섬로,1030011502,무지개터널(서측),127.0382618561309727_37.5432843303280137,1030012100,성수대교,127.0367153495430301_37.5437064666827922,144.0,27.0,원활,127.0367153495430301_37.5437064666827922|127.0367423091030759_37.5436977285142177|127.0382618561309727_37.5432843303280137
2026-09-04T18:34:05.570303+09:00,서울숲공원,서울숲공원,POI101,KEY_1,1030027800,뚝섬로,1030012200,성수대교,127.0367665461850777_37.5438066076472126,1030011501,무지개터널(서측),127.0383065031408876_37.5433864362319696,144.0,23.0,서행,127.0383065031408876_37.5433864362319696|127.0367898966813982_37.5437990382867781|127.0367665461850777_37.5438066076472126
2026-09-04T18:34:05.570303+09:00,서울숲공원,서울숲공원,POI101,KEY_1,1030027900,뚝섬로,1030012100,성수대교,127.0367153495430301_37.5437064666827922,1030011800,성수대교,127.0361349219139697_37.5434475561346019,73.0,27.0,원활,127.0361349219139697_37.5434475561346019|127.0362399483803699_37.5436656315811135|127.0363100343637797_37.5437256841859224|127.0363675331386162_37.5437557040092429|127.0364268175616616_37.5437671284283141|127.0364914867285364_37.5437685392485392|127.0367153495430301_37.5437064666827922
2026-09-04T18:34:05.570303+09:00,서울숲공원,서울숲공원,POI101,KEY_1,1030028000,고산자로,1030011900,성수대교,127.0360005462618460_37.5434631051802086,1030012400,뚝섬역앞,127.0351598907825377_37.5442382170389379,125.0,22.0,서행,127.0351598907825377_37.5442382170389379|127.0357216302386547_37.5440210860030703|127.0358269236664057_37.5439489651457876|127.0358969414481436_37.5438645535781532|127.0359471986930373_37.5437801488859435|127.0359812860939428_37.5436914567381876|127.0360005462618460_37.5434631051802086
2026-09-04T18:34:05.570303+09:00,서울숲공원,서울숲공원,POI101,KEY_1,1030028100,뚝섬로,1030012100,성수대교,127.0367153495430301_37.5437064666827922,1030012302,성수대교북단교차로,127.0362119535135861_37.5438696362694699,48.0,27.0,원활,127.0362119535135861_37.5438696362694699|127.0367153495430301_37.5437064666827922
2026-09-04T18:34:05.570303+09:00,서울숲공원,서울숲공원,POI101,KEY_1,1030028200,뚝섬로,1030012301,성수대교북단교차로,127.0362371882276165_37.5439781927615286,1030012200,성수대교,127.0367665461850777_37.5438066076472126,51.0,19.0,서행,127.0367665461850777_37.5438066076472126|127.0362371882276165_37.5439781927615286
2026-09-04T18:34:05.570303+09:00,서울숲공원,서울숲공원,POI101,KEY_1,1030028600,강변북로,1030011700,성수JC,127.0277034763174839_37.5435314558420359,1030036600,성수JC,127.0323619427774275_37.5449326440640903,484.0,63.0,원활,127.0323619427774275_37.5449326440640903|127.0311949792518220_37.5441285919077359|127.0304674227492541_37.5436105774788729|127.0301690887583277_37.5434233741345693|127.0299481177394938_37.5433175620449404|127.0297448471371666_37.5432547470848448|127.0295174374858931_37.5432204535432916|127.0292298587921209_37.5432288467092619|127.0289780092224845_37.5432707692171306|127.0286119287075337_37.5433790108575920|127.0282280286061933_37.5434633313840465|127.0279282574757644_37.5435050603725173|127.0277034763174839_37.5435314558420359
2026-09-04T18:34:05.570303+09:00,서울숲공원,서울숲공원,POI101,KEY_1,1030028700,뚝섬로,1030012303,성수대교북단교차로,127.0360826391629558_37.5439129163279333,1030012400,뚝섬역앞,127.0351598907825377_37.5442382170389379,89.0,4.0,정체,127.0351598907825377_37.5442382170389379|127.0360826391629558_37.5439129163279333
2026-09-04T18:34:05.570303+09:00,서울숲공원,서울숲공원,POI101,KEY_1,1030028800,뚝섬로,1030012700,성수대교,127.0355058723116031_37.5442361646540377,1030012304,성수대교북단교차로,127.0361107182000069_37.5440214432186963,59.0,36.5,원활,127.0361107182000069_37.5440214432186963|127.0355058723116031_37.5442361646540377
2026-09-04T18:34:05.570303+09:00,서울숲공원,서울숲공원,POI101,KEY_1,1030028900,고산자로,1030012800,성수대교,127.0364370496948396_37.5446681209833670,1030012200,성수대교,127.0367665461850777_37.5438066076472126,108.0,25.0,원활,127.0367665461850777_37.5438066076472126|127.0365185217943775_37.5439516139629532|127.0364718466361467_37.5440131333070539|127.0364485303973794_37.5440889478878148|127.0364701751367278_37.5442705943811035|127.0364702301823172_37.5443835913891988|127.0364370496948396_37.5446681209833670
2026-09-04T18:34:05.570303+09:00,서울숲공원,서울숲공원,POI101,KEY_1,1030029400,왕십리로,1030088000,성수동1가 685-703,127.0428329815148061_37.5438084633640159,1030010901,서울숲관리사무소,127.0422149021619873_37.5423764621375895,168.0,18.5,서행,127.0422149021619873_37.5423764621375895|127.0424002084268693_37.5428057963129760|127.0428329815148061_37.5438084633640159
2026-09-04T18:34:05.570303+09:00,서울숲공원,서울숲공원,POI101,KEY_1,1030029500,왕십리로,1030048000,성수동1가 685-703,127.0422717949817439_37.5428409373270853,1030014104,서울숲역4번출구,127.0448202932931565_37.5451684659811562,437.0,17.0,서행,127.0448202932931565_37.5451684659811562|127.0437337797184085_37.5454718229148128|127.0436132250108585_37.5454905344017718|127.0435214686951042_37.5454872471729715|127.0434239332012396_37.5454387588731251|127.0433527486151348_37.5453642534812673|127.0430275322895142_37.5445972039875997|127.0428995455311991_37.5442953320865698|127.0428019950379763_37.5440693275960413|127.0427045667538124_37.5438436047861117|127.0422717949817439_37.5428409373270853
2026-09-04T18:34:05.570303+09:00,서울숲공원,서울숲공원,POI101,KEY_1,1030029600,동부간선도로,1030014600,강변북로분기점,127.0320336805205699_37.5453310445884938,1030014900,성수동1가685-31,127.0343613336856379_37.5465066021287299,571.0,15.0,정체,127.0343613336856379_37.5465066021287299|127.0318255585729048_37.5446617188198246|127.0316912107762022_37.5445926221796640|127.0315418498018971_37.5445294282392652|127.0314110770727751_37.5444871746965418|127.0312875694041850_37.5444807220927714|127.0311226926525450_37.5445039159389822|127.0310025737252744_37.5445541169787873|127.0309085864134317_37.5446163457062099|127.0308294244458125_37.5447024812067696|127.0307689064878502_37.5448006149083895|127.0307534830975413_37.5448720987995159|127.0307565913073802_37.5449734667094219|127.0308009193484367_37.5450690358540484|127.0308528286035710_37.5451497302063615|127.0309309633900057_37.5452275470847212|127.0310353800474701_37.5452935449066558|127.0311324779692654_37.5453326839784367|127.0312708319260508_37.5453600630229474|127.0313980663339208_37.5453695113752985|127.0315478211685019_37.5453701048633306|127.0318025327893849_37.5453502478940848|127.0320336805205699_37.5453310445884938
2026-09-04T18:34:05.570303+09:00,서울숲공원,서울숲공원,POI101,KEY_1,1030029700,뚝섬로,1030013401,서울숲입구,127.0336259699339791_37.5449020311093804,1030013200,뚝섬역앞,127.0340021665685128_37.5447699627491218,36.0,37.0,원활,127.0340021665685128_37.5447699627491218|127.0336259699339791_37.5449020311093804
2026-09-04T18:34:05.570303+09:00,서울숲공원,서울숲공원,POI101,KEY_1,1030032500,광나루로,1030016401,응봉교교차로,127.0369747496989561_37.5477727654258828,1030015200,응봉지하차도,127.0366128449075376_37.5457210264910088,230.0,26.0,원활,127.0366128449075376_37.5457210264910088|127.0368276497498954_37.5470051724699232|127.0369026875021632_37.5473835928909807|127.0369664318891694_37.5476279220281128|127.0369747496989561_37.5477727654258828
2026-09-04T18:34:05.570303+09:00,서울숲공원,서울숲공원,POI101,KEY_1,1030032800,광나루로,1030015000,성수동1가685-366,127.0347281610465444_37.5457320230783580,1030003300,성수동1가685-682,127.0377144991523579_37.5489181795884193,444.0,48.0,원활,127.0377144991523579_37.5489181795884193|127.0376349663708169_37.5488792088440420|127.0375691685638202_37.5488429997423339|127.0374972819558081_37.5487896231078722|127.0369269252125122_37.5482272030721305|127.0362439495232394_37.5475618306844936|127.0361888294393822_37.5475027267513752|127.0361337032097850_37.5474283661806965|127.0355128987986006_37.5465131378379624|127.0354457826970389_37.5464082664061678|127.0353714847591817_37.5463110258443677|127.0352780284328986_37.5462195114021711|127.0349928768071521_37.5459602283603573|127.0348844288978540_37.5458661456903613|127.0347281610465444_37.5457320230783580
2026-09-04T18:34:05.570303+09:00,서울숲공원,서울숲공원,POI101,KEY_1,1030032900,동부간선도로,1030018800,뚝섬유수지체육공원,127.0382875770396396_37.5497896869035088,1030015200,응봉지하차도,127.0366128449075376_37.5457210264910088,483.0,48.0,서행,127.0366128449075376_37.5457210264910088|127.0367395874531695_37.5458139377940583|127.0369539997381594_37.5469993756130123|127.0370342949750864_37.5474726199264097|127.0370915689507143_37.5476591825833665|127.0372061177639154_37.5480049958211382|127.0373900159957685_37.5484437763583472|127.0374702337432922_37.5485840562428734|127.0378471820537527_37.5491260326457947|127.0382687480772859_37.5497553055001063|127.0382875770396396_37.5497896869035088
2026-09-04T18:34:05.570303+09:00,서울숲공원,서울숲공원,POI101,KEY_1,1030066501,강변북로,1030006801,수도박물관,127.0427151925593137_37.5381098869044223,1030042503,뚝도아리수정수센터,127.0437293162950709_37.5396718467509345,242.0,9.0,정체,127.0437293162950709_37.5396718467509345|127.0437158216782620_37.5394558739311748|127.0436997075802168_37.5391979763109163|127.0436816706408365_37.5389072203456848|127.0436712786202520_37.5387550768041294|127.0436602539318045_37.5384744878092533|127.0436159951614457_37.5383075668496176|127.0435936726297541_37.5382556522524453|127.0435557805520119_37.5382048047723771|127.0434880665350477_37.5381718693380719|127.0434174680179638_37.5381479359175430|127.0433467795864289_37.5381386491473776|127.0432448681980304_37.5381450151367630|127.0431330250412572_37.5381558491223046|127.0430240334894876_37.5381633140242101|127.0429108368762172_37.5381640030298840|127.0428358836345950_37.5381580791353997|127.0427751550125492_37.5381398171506078|127.0427151925593137_37.5381098869044223
2026-09-04T18:34:05.570303+09:00,서울숲공원,서울숲공원,POI101,KEY_1,1030066601,왕십리로,1030042502,뚝도아리수정수센터,127.0438509781158700_37.5396651007243065,1030042402,수도박물관,127.0437442315341769_37.5380444160904290,181.0,23.0,서행,127.0437442315341769_37.5380444160904290|127.0437837378023858_37.5381786455282338|127.0438033070933841_37.5384502537906712|127.0438255679363238_37.5387444058637882|127.0438406795499446_37.5390509240955197|127.0438714536466875_37.5394497548960047|127.0438734643708329_37.5394758136334019|127.0438509781158700_37.5396651007243065
2026-09-04T18:34:05.570303+09:00,서울숲공원,서울숲공원,POI101,KEY_1,1030066701,왕십리로,1030042402,수도박물관,127.0437442315341769_37.5380444160904290,1030042503,뚝도아리수정수센터,127.0437293162950709_37.5396718467509345,197.0,26.5,원활,127.0437293162950709_37.5396718467509345|127.0436584084536804_37.5394738561754551|127.0436074642709343_37.5387784903495216|127.0435799846575833_37.5384122096925594|127.0435110066697462_37.5381223833616389|127.0435196323790024_37.5380998831084298|127.0435650529448282_37.5380763980079877|127.0436769846834864_37.5380509169205467|127.0437279737801077_37.5380420997835174|127.0437442315341769_37.5380444160904290
2026-09-04T18:34:05.570303+09:00,서울숲공원,서울숲공원,POI101,KEY_1,1030066801,강변북로,1030042502,뚝도아리수정수센터,127.0438509781158700_37.5396651007243065,1030006601,성수동1가 496,127.0448610462769921_37.5375861963207313,287.0,10.0,정체,127.0448610462769921_37.5375861963207313|127.0443789849651353_37.5377832211987013|127.0439250586849766_37.5379741335692074|127.0438682035410096_37.5380167278659016|127.0438284220830241_37.5380436149692827|127.0437843076973081_37.5380851323055182|127.0437628038830411_37.5381312435571814|127.0437512306277341_37.5381728857687804|127.0437465393209919_37.5382461027841430|127.0437606481121833_37.5384850157771268|127.0438097661079979_37.5392479761743303|127.0438509781158700_37.5396651007243065
2026-09-04T18:34:05.570303+09:00,서울숲공원,서울숲공원,POI101,KEY_1,1030066901,왕십리로,1030042503,뚝도아리수정수센터,127.0437293162950709_37.5396718467509345,1030008603,뚝도아리수정수센터,127.0437630549361216_37.5401290126004596,51.0,10.0,정체,127.0437630549361216_37.5401290126004596|127.0437293162950709_37.5396718467509345
2026-09-04T18:34:05.570303+09:00,서울숲공원,서울숲공원,POI101,KEY_1,1030067001,왕십리로,1030008602,뚝도아리수정수센터,127.0438952129735242_37.5400817035135219,1030042502,뚝도아리수정수센터,127.0438509781158700_37.5396651007243065,46.0,8.0,정체,127.0438509781158700_37.5396651007243065|127.0438952129735242_37.5400817035135219
2026-09-04T18:34:05.570303+09:00,송현녹지광장,송현녹지광장,POI129,KEY_2,1000009102,우정국로,1000017300,안국동사거리,126.9828039229332575_37.5749851341707171,1000017904,안국동로터리,126.9829082928001753_37.5755454257557844,63.0,12.0,정체,126.9829082928001753_37.5755454257557844|126.9828499577781997_37.5754008805051001|126.9828163493672974_37.5752357359225755|126.9827996996409070_37.5750526973415191|126.9828039229332575_37.5749851341707171
2026-09-04T18:34:05.570303+09:00,송현녹지광장,송현녹지광장,POI129,KEY_2,1000010303,삼일대로,1000017003,속성변화점,126.9867672620100478_37.5750673701046694,1000021203,안국역사거리,126.9861392416785293_37.5767777393512361,198.0,14.0,정체,126.9861392416785293_37.5767777393512361|126.9867306429910911_37.5751700115634506|126.9867672620100478_37.5750673701046694
2026-09-04T18:34:05.570303+09:00,송현녹지광장,송현녹지광장,POI129,KEY_2,1000010403,삼일대로,1000021202,안국역사거리,126.9862597945630966_37.5768348176280966,1000017001,덕성여자대학교(종로캠퍼스),126.9868610139755560_37.5752003900895701,189.0,3.0,정체,126.9868610139755560_37.5752003900895701|126.9862597945630966_37.5768348176280966
2026-09-04T18:34:05.570303+09:00,송현녹지광장,송현녹지광장,POI129,KEY_2,1000011202,종로1길,1000019702,경복궁사거리,126.9794701198467664_37.5758080047390521,1000018200,경복궁,126.9792457576218681_37.5753789068622197,52.0,2.0,정체,126.9792457576218681_37.5753789068622197|126.9793010192322811_37.5754682222458030|126.9794701198467664_37.5758080047390521
2026-09-04T18:34:05.570303+09:00,송현녹지광장,송현녹지광장,POI129,KEY_2,1000011501,율곡로,1000019401,경복궁,126.9801381644492011_37.5758813627365100,1000019702,경복궁사거리,126.9794701198467664_37.5758080047390521,60.0,11.0,정체,126.9794701198467664_37.5758080047390521|126.9797343426333214_37.5758559422202438|126.9799729505737531_37.5758791430045278|126.9801381644492011_37.5758813627365100
2026-09-04T18:34:05.570303+09:00,송현녹지광장,송현녹지광장,POI129,KEY_2,1000011502,율곡로,1000019203,주한멕시코대사관,126.9811804454430160_37.5757381628755169,1000019401,경복궁,126.9801381644492011_37.5758813627365100,94.0,9.0,정체,126.9801381644492011_37.5758813627365100|126.9801458468412108_37.5758814661415386|126.9803274747907409_37.5758700232846223|126.9811804454430160_37.5757381628755169
2026-09-04T18:34:05.570303+09:00,송현녹지광장,송현녹지광장,POI129,KEY_2,1000011503,율곡로,1000018100,안국동사거리,126.9820370732549009_37.5756052331219763,1000019202,주한멕시코대사관,126.9813332527749594_37.5757145141333595,63.0,7.0,정체,126.9813332527749594_37.5757145141333595|126.9820370732549009_37.5756052331219763
2026-09-04T18:34:05.570303+09:00,송현녹지광장,송현녹지광장,POI129,KEY_2,1000011504,율곡로,1000017904,안국동로터리,126.9829082928001753_37.5755454257557844,1000018100,안국동사거리,126.9820370732549009_37.5756052331219763,78.0,11.0,정체,126.9820370732549009_37.5756052331219763|126.9821849025842226_37.5755822792614822|126.9823949596761850_37.5755556593554090|126.9825949987016998_37.5755409919947070|126.9827732334880466_37.5755410181384661|126.9829082928001753_37.5755454257557844
2026-09-04T18:34:05.570303+09:00,송현녹지광장,송현녹지광장,POI129,KEY_2,1000011601,율곡로,1000019701,경복궁사거리,126.9795067975766756_37.5759255521593971,1000020300,경복궁,126.9801205068413168_37.5759892604625989,55.0,14.0,정체,126.9801205068413168_37.5759892604625989|126.9799635415281358_37.5759871517272330|126.9797109494754608_37.5759625907229378|126.9795067975766756_37.5759255521593971
2026-09-04T18:34:05.570303+09:00,송현녹지광장,송현녹지광장,POI129,KEY_2,1000011603,율곡로,1000020300,경복궁,126.9801205068413168_37.5759892604625989,1000017905,안국동로터리,126.9829348569925571_37.5756562270635044,252.0,9.0,정체,126.9829348569925571_37.5756562270635044|126.9829125468357773_37.5756537744281829|126.9827704373494015_37.5756491370767236|126.9826012303179823_37.5756491122595975|126.9824118889619911_37.5756629946566250|126.9822085957164859_37.5756887578650449|126.9820630846885052_37.5757113517092307|126.9813592631155075_37.5758206328940290|126.9812063475179400_37.5758442987123971|126.9803458434132892_37.5759773239770425|126.9801500700749699_37.5759896573698668|126.9801205068413168_37.5759892604625989
2026-09-04T18:34:05.570303+09:00,송현녹지광장,송현녹지광장,POI129,KEY_2,1000012702,율곡로,1000204600,안국역,126.9857294779033765_37.5767141333904462,1000021204,안국역사거리,126.9860941353497878_37.5768818686938246,37.0,8.0,정체,126.9860941353497878_37.5768818686938246|126.9857294779033765_37.5767141333904462
2026-09-04T18:34:05.570303+09:00,송현녹지광장,송현녹지광장,POI129,KEY_2,1000012800,율곡로,1000099700,관훈동 113,126.9843012547585914_37.5759322813818102,1000017902,안국동로터리,126.9831650747284471_37.5755740090362238,108.0,10.5,정체,126.9831650747284471_37.5755740090362238|126.9832157778299404_37.5755801309922148|126.9834207454955077_37.5756172367829961|126.9836820397707413_37.5756980185194678|126.9842468281761967_37.5759072448986657|126.9843012547585914_37.5759322813818102
2026-09-04T18:34:05.570303+09:00,송현녹지광장,송현녹지광장,POI129,KEY_2,1000013501,율곡로,1000054300,계동 149-3,126.9868657861829462_37.5772407179262302,1000021504,우즈베키스탄대사관,126.9891939676239474_37.5774507625066221,209.0,6.0,정체,126.9891939676239474_37.5774507625066221|126.9886716347625111_37.5774406495643092|126.9876528972208263_37.5774209190205184|126.9874748196535421_37.5774084674404421|126.9872839495136390_37.5773710909105532|126.9870718117635420_37.5773123392589739|126.9868657861829462_37.5772407179262302
2026-09-04T18:34:05.570303+09:00,송현녹지광장,송현녹지광장,POI129,KEY_2,1000013502,율곡로,1000021501,우즈베키스탄대사관,126.9893297531960883_37.5774544023044541,1000021404,창덕궁앞교차로,126.9900388640569702_37.5774865487865739,63.0,4.0,정체,126.9900388640569702_37.5774865487865739|126.9897463242174780_37.5774687657961053|126.9893297531960883_37.5774544023044541
2026-09-04T18:34:05.570303+09:00,송현녹지광장,송현녹지광장,POI129,KEY_2,1000013601,율곡로,1000115800,운니동 99,126.9886749388672058_37.5773325621108185,1000021202,안국역사거리,126.9862597945630966_37.5768348176280966,226.0,25.7,원활,126.9862597945630966_37.5768348176280966|126.9866987114048271_37.5770526790006230|126.9869129296675823_37.5771391236163410|126.9869201616997287_37.5771416376904028|126.9871213965557644_37.5772115927930628|126.9873225852521443_37.5772673122363585|126.9874971233893604_37.5773014911490293|126.9876605021504048_37.5773129149276315|126.9886749388672058_37.5773325621108185
2026-09-04T18:34:05.570303+09:00,송현녹지광장,송현녹지광장,POI129,KEY_2,1000013802,율곡로3길,1000187200,안국동 177-3,126.9825779024490799_37.5773003698629964,1000017901,안국동로터리,126.9830699625115358_37.5756718813989750,188.0,11.0,정체,126.9830699625115358_37.5756718813989750|126.9830564549576764_37.5759140717657090|126.9830330914684993_37.5760255151221827|126.9826494722971120_37.5768341676311906|126.9826150056688476_37.5769949197743074|126.9825779024490799_37.5773003698629964
2026-09-04T18:34:05.570303+09:00,송현녹지광장,송현녹지광장,POI129,KEY_2,1000013900,북촌로,1000116500,재동 63-1,126.9851879175372176_37.5787742277141632,1000021903,재동초등학교앞교차로,126.9849709248422442_37.5791896537058818,50.0,8.5,정체,126.9849709248422442_37.5791896537058818|126.9851123444681207_37.5789593789195138|126.9851879175372176_37.5787742277141632
2026-09-04T18:34:05.570303+09:00,송현녹지광장,송현녹지광장,POI129,KEY_2,1000014000,북촌로,1000021902,재동초등학교앞교차로,126.9851742297151702_37.5791048269106014,1000021201,안국역사거리,126.9862116059343862_37.5769383209828334,258.0,11.0,정체,126.9862116059343862_37.5769383209828334|126.9861227104490524_37.5771049965042820|126.9858974625520034_37.5775403033717339|126.9855988771401059_37.5781173314432593|126.9855520543728602_37.5782320480744829|126.9853545228100558_37.5787159998899227|126.9853171216767009_37.5788076318220590|126.9852385949747031_37.5790000196943907|126.9851742297151702_37.5791048269106014
2026-09-04T18:34:05.570303+09:00,송현녹지광장,송현녹지광장,POI129,KEY_2,1000014100,창덕궁길,1000022002,북촌1경,126.9893063929122548_37.5792409569275208,1000021501,우즈베키스탄대사관,126.9893297531960883_37.5774544023044541,199.0,22.5,서행,126.9893297531960883_37.5774544023044541|126.9892548365952365_37.5786955788249983|126.9892562414735409_37.5787264244637242|126.9892665857058205_37.5789535426034647|126.9893063929122548_37.5792409569275208
2026-09-04T18:34:05.570303+09:00,송현녹지광장,송현녹지광장,POI129,KEY_2,1000014200,창덕궁길,1000128100,원서동 181,126.9891204798979061_37.5787303411058602,1000022003,북촌1경,126.9891713596778544_37.5792528029310802,58.0,9.0,정체,126.9891713596778544_37.5792528029310802|126.9891310055471081_37.5789614346187477|126.9891204798979061_37.5787303411058602
2026-09-04T18:34:05.570303+09:00,송현녹지광장,송현녹지광장,POI129,KEY_2,1000014301,삼청로,1000019704,경복궁사거리,126.9793621536958312_37.5759001150550986,1000020600,대한출판문화협회,126.9794687888132074_37.5765544121067592,73.0,5.0,정체,126.9794687888132074_37.5765544121067592|126.9794674172659654_37.5764824989996455|126.9794172673057773_37.5761249117022231|126.9793621536958312_37.5759001150550986
2026-09-04T18:34:05.570303+09:00,송현녹지광장,송현녹지광장,POI129,KEY_2,1000014302,삼청로,1000020600,대한출판문화협회,126.9794687888132074_37.5765544121067592,1000022703,국군서울지구병원,126.9798562503477797_37.5800221917764006,388.0,8.0,정체,126.9798562503477797_37.5800221917764006|126.9796182985417516_37.5793264763807215|126.9795665449151443_37.5791397220131316|126.9795478931843604_37.5790381290051698|126.9795326834604623_37.5788730174103378|126.9794969047037227_37.5780275498626395|126.9794687888132074_37.5765544121067592
2026-09-04T18:34:05.570303+09:00,송현녹지광장,송현녹지광장,POI129,KEY_2,1000014303,삼청로,1000022704,국군서울지구병원,126.9798888896173850_37.5801238754593712,1000023003,갤러리스케이프,126.9801383570053588_37.5809954150793715,99.0,27.0,원활,126.9801383570053588_37.5809954150793715|126.9801143803817212_37.5808712068437671|126.9798888896173850_37.5801238754593712
2026-09-04T18:34:05.570303+09:00,송현녹지광장,송현녹지광장,POI129,KEY_2,1000014401,삼청로,1000021000,대한출판문화협회,126.9796046197648423_37.5765527706146756,1000019701,경복궁사거리,126.9795067975766756_37.5759255521593971,70.0,23.0,서행,126.9795067975766756_37.5759255521593971|126.9795516592807161_37.5761085342554608|126.9796031487506696_37.5764756650611034|126.9796046197648423_37.5765527706146756
2026-09-04T18:34:05.570303+09:00,송현녹지광장,송현녹지광장,POI129,KEY_2,1000014402,삼청로,1000022702,국군서울지구병원,126.9799873332334244_37.5799937943622950,1000021000,대한출판문화협회,126.9796046197648423_37.5765527706146756,385.0,16.0,서행,126.9796046197648423_37.5765527706146756|126.9796327193578946_37.5780249082326065|126.9796683669145381_37.5788672429607900|126.9796830227134734_37.5790263448128528|126.9797002616005130_37.5791202376619609|126.9797502489418548_37.5793006189381842|126.9799873332334244_37.5799937943622950
2026-09-04T18:34:05.570303+09:00,송현녹지광장,송현녹지광장,POI129,KEY_2,1000014403,삼청로,1000023002,갤러리스케이프,126.9802726364854522_37.5809789975197504,1000022701,국군서울지구병원,126.9800209872343402_37.5800986304131186,100.0,12.0,정체,126.9800209872343402_37.5800986304131186|126.9802478003755937_37.5808503388031028|126.9802726364854522_37.5809789975197504
2026-09-04T18:34:05.570303+09:00,송현녹지광장,송현녹지광장,POI129,KEY_2,1000014500,창덕궁1길,1000088900,계동 140-16,126.9878476682862356_37.5794101883603631,1000022004,북촌1경,126.9891917052853216_37.5793601104971486,119.0,5.0,정체,126.9891917052853216_37.5793601104971486|126.9885772532278594_37.5793912379346011|126.9881446134938585_37.5794131530335278|126.9878476682862356_37.5794101883603631
2026-09-04T18:34:05.570303+09:00,송현녹지광장,송현녹지광장,POI129,KEY_2,1000014600,창덕궁1길,1000234800,계동 140-86,126.9867245271659613_37.5792908407173911,1000021902,재동초등학교앞교차로,126.9851742297151702_37.5791048269106014,140.0,16.5,서행,126.9851742297151702_37.5791048269106014|126.9852469017435794_37.5790943935501645|126.9854890351706871_37.5791147085421500|126.9857411784709598_37.5791656111606329|126.9863425963181811_37.5792870227705578|126.9867245271659613_37.5792908407173911
2026-09-04T18:34:05.570303+09:00,송현녹지광장,송현녹지광장,POI129,KEY_2,1000014700,북촌로5길,1000088600,재동 25-7,126.9846956415277077_37.5792531158054075,1000004602,아트선재센타,126.9822633488435173_37.5794968175353787,217.0,14.0,정체,126.9822633488435173_37.5794968175353787|126.9823491181884378_37.5794770462139454|126.9831043086073379_37.5794265902338225|126.9836111998907597_37.5794024285617070|126.9843075237738219_37.5793274055110444|126.9845584348345966_37.5792764558543553|126.9846956415277077_37.5792531158054075
2026-09-04T18:34:05.570303+09:00,송현녹지광장,송현녹지광장,POI129,KEY_2,1000014800,북촌로5길,1000004601,아트선재센타,126.9823007060969786_37.5796007692993683,1000021904,재동초등학교앞교차로,126.9849412214244495_37.5793218207986328,236.0,4.0,정체,126.9849412214244495_37.5793218207986328|126.9849408583969392_37.5793219631089599|126.9847240373197081_37.5793588468995097|126.9845894370426578_37.5793817437555475|126.9843335147772478_37.5794337109354046|126.9836243912640441_37.5795101126857958|126.9831140519790864_37.5795344388027459|126.9823739414034378_37.5795838870825634|126.9823007060969786_37.5796007692993683
2026-09-04T18:34:05.570303+09:00,송현녹지광장,송현녹지광장,POI129,KEY_2,1000015700,북촌로5길,1000042100,소격동 129-2,126.9811402027582403_37.5799080374455983,1000004604,아트선재센타,126.9821635225137584_37.5796494081435881,95.0,4.0,정체,126.9821635225137584_37.5796494081435881|126.9819590979485184_37.5797316730103290|126.9817617178907625_37.5797894351325041|126.9816972383664222_37.5798027094324709|126.9814029918968004_37.5798632849907435|126.9811402027582403_37.5799080374455983
2026-09-04T18:34:05.570303+09:00,송현녹지광장,송현녹지광장,POI129,KEY_2,1000015800,북촌로5길,1000110800,소격동 101-1,126.9816632165415768_37.5796980355060555,1000022702,국군서울지구병원,126.9799873332334244_37.5799937943622950,152.0,16.3,서행,126.9799873332334244_37.5799937943622950|126.9811117769615265_37.5798023119298961|126.9813717539606586_37.5797580385712706|126.9816632165415768_37.5796980355060555
2026-09-04T18:34:05.570303+09:00,송현녹지광장,송현녹지광장,POI129,KEY_2,1000018401,북촌로,1000109700,가회동 1-168,126.9850883294862882_37.5801433623240229,1000021901,재동초등학교앞교차로,126.9850860098677572_37.5792604403861148,98.0,17.7,서행,126.9850860098677572_37.5792604403861148|126.9850636853442580_37.5794280545368409|126.9850708428209742_37.5796350854461281|126.9850879859902477_37.5801309490906519|126.9850883294862882_37.5801433623240229
2026-09-04T18:34:05.570303+09:00,송현녹지광장,송현녹지광장,POI129,KEY_2,1000031700,인사동길,1000200000,관훈동 177-1,126.9846248795644641_37.5741354335962896,1000017903,안국동로터리,126.9830393503038977_37.5755166265144283,209.0,13.0,정체,126.9830393503038977_37.5755166265144283|126.9832578502403493_37.5753718765763765|126.9833833057397072_37.5752802649537472|126.9833874257963799_37.5752759258947009|126.9838138538233210_37.5748268274858290|126.9839983126868219_37.5746325599944413|126.9840028137515446_37.5746278195686330|126.9841931260739045_37.5744516475788828|126.9843256891268339_37.5743491032214507|126.9843944674535408_37.5742999847176264|126.9846248795644641_37.5741354335962896
2026-09-04T18:34:05.570303+09:00,송현녹지광장,송현녹지광장,POI129,KEY_2,1000032800,율곡로2길,1000003001,서울지방국세청,126.9793545831470993_37.5744165416395930,1000019203,주한멕시코대사관,126.9811804454430160_37.5757381628755169,219.0,12.0,정체,126.9811804454430160_37.5757381628755169|126.9810303591040253_37.5755969856150003|126.9807533749140589_37.5754004466844975|126.9799767752529789_37.5748493879335896|126.9794405580789487_37.5744488693975143|126.9793869466254961_37.5744244737253723|126.9793545831470993_37.5744165416395930
2026-09-04T18:34:05.570303+09:00,송현녹지광장,송현녹지광장,POI129,KEY_2,1000033900,우정국로,1000017300,안국동사거리,126.9828039229332575_37.5749851341707171,1000018100,안국동사거리,126.9820370732549009_37.5756052331219763,102.0,10.0,정체,126.9820370732549009_37.5756052331219763|126.9822935365986751_37.5755095925525495|126.9827428871539610_37.5751967734075052|126.9827905797247212_37.5750539177611387|126.9828039229332575_37.5749851341707171
2026-09-04T18:34:05.570303+09:00,송현녹지광장,송현녹지광장,POI129,KEY_2,1000034900,율곡로,1000019401,경복궁,126.9801381644492011_37.5758813627365100,1000018200,경복궁,126.9792457576218681_37.5753789068622197,101.0,7.0,정체,126.9792457576218681_37.5753789068622197|126.9793355830232144_37.5754952608411301|126.9794316395642397_37.5755988334256017|126.9795071017629624_37.5756589212616419|126.9796274882100420_37.5757347490756146|126.9797877149027556_37.5758145479697703|126.9801381644492011_37.5758813627365100
2026-09-04T18:34:05.570303+09:00,송현녹지광장,송현녹지광장,POI129,KEY_2,1000035200,사직로,1000020200,경복궁,126.9786283706113750_37.5757946408291801,1000020600,대한출판문화협회,126.9794687888132074_37.5765544121067592,118.0,5.0,정체,126.9794687888132074_37.5765544121067592|126.9794368084534142_37.5764098329770562|126.9791960602808700_37.5761637733622180|126.9789750836954596_37.5759177176703147|126.9788694300669647_37.5758537146814078|126.9786283706113750_37.5757946408291801
2026-09-04T18:34:05.570303+09:00,송현녹지광장,송현녹지광장,POI129,KEY_2,1000035300,삼청로,1000021000,대한출판문화협회,126.9796046197648423_37.5765527706146756,1000020300,경복궁,126.9801205068413168_37.5759892604625989,93.0,15.0,서행,126.9801205068413168_37.5759892604625989|126.9797298312382878_37.5760780464987292|126.9796597331679635_37.5761137931100748|126.9796040049640879_37.5761795786155588|126.9796046197648423_37.5765527706146756
2026-09-04T18:34:05.570303+09:00,송현녹지광장,송현녹지광장,POI129,KEY_2,1000038000,북촌로5가길,1000023401,브라질대사관,126.9812038502894040_37.5815562759534103,1000004601,아트선재센타,126.9823007060969786_37.5796007692993683,250.0,5.0,정체,126.9823007060969786_37.5796007692993683|126.9822972536010894_37.5796292911074730|126.9823917024047972_37.5799273089699213|126.9823779765214056_37.5799764228013515|126.9821552192083942_37.5802224687814075|126.9819546456237020_37.5805311963954978|126.9817179917203873_37.5808954559517758|126.9816141551167590_37.5811617086964844|126.9815165107633987_37.5813307541008967|126.9814068792123862_37.5814306552793056|126.9812038502894040_37.5815562759534103
2026-09-04T18:34:05.570303+09:00,송현녹지광장,송현녹지광장,POI129,KEY_2,1000039200,창덕궁길,1000134400,원서동 2-2,126.9892407733604642_37.5829070876196951,1000022001,북촌1경,126.9893249216224547_37.5793389188440585,401.0,18.0,서행,126.9893249216224547_37.5793389188440585|126.9893432024728526_37.5794117077019152|126.9893374585478654_37.5795962855689609|126.9893189924063250_37.5801896786208189|126.9893532350689895_37.5809623190334960|126.9893738580933729_37.5812665958495344|126.9893978694693288_37.5816208620396139|126.9894570663397531_37.5819414687995632|126.9895023987834435_37.5821303841621628|126.9895105285284274_37.5822120284156327|126.9895040052748669_37.5823078791324363|126.9894734073156428_37.5824257182516135|126.9893881157924085_37.5826046082802492|126.9892904879125695_37.5827681919472880|126.9892407733604642_37.5829070876196951
2026-09-04T18:34:05.570303+09:00,아차산,아차산,POI102,KEY_3,1040013803,워커힐로,1040023301,아차산공원,127.1008930142695732_37.5509054583929469,1040023404,워커힐APT후문,127.1046621654105166_37.5519284766786683,361.0,19.0,서행,127.1046621654105166_37.5519284766786683|127.1045123885116794_37.5519320536423891|127.1039678955502268_37.5519093381437941|127.1033217162343618_37.5518131021411889|127.1033066618318230_37.5518100894500790|127.1027843733849778_37.5517055676046638|127.1020593871072464_37.5515302072632764|127.1016289221158075_37.5513710145273620|127.1012830511546383_37.5511766502113105|127.1008930142695732_37.5509054583929469
2026-09-04T18:34:05.570303+09:00,아차산,아차산,POI102,KEY_3,1040013804,워커힐로,1040023401,워커힐APT후문,127.1049276269984176_37.5519211247376532,1040004502,광장동 5-98,127.1078524178076492_37.5534174306053714,384.0,35.0,원활,127.1078524178076492_37.5534174306053714|127.1076811035192122_37.5530795930431722|127.1072767198500344_37.5527235526060750|127.1071304148010768_37.5524951185490607|127.1070666758819812_37.5521581383454475|127.1069204511945401_37.5519839403942512|127.1067013662202783_37.5517675729472700|127.1066127735316797_37.5517219705812622|127.1063570390410291_37.5516300750843612|127.1061098042711848_37.5515814409139992|127.1058798946651223_37.5515776387596105|127.1057306022039057_37.5516058980850289|127.1050792513768783_37.5518980964882729|127.1049700409938055_37.5519199374068151|127.1049276269984176_37.5519211247376532
2026-09-04T18:34:05.570303+09:00,아차산,아차산,POI102,KEY_3,1040013902,워커힐로,1040037500,광장동 5-116,127.1033397664333791_37.5517052322201295,1040023302,아차산공원,127.1009710046642311_37.5508161397328806,235.0,31.0,원활,127.1009710046642311_37.5508161397328806|127.1013670924174761_37.5510915383037869|127.1016972311609550_37.5512770627219510|127.1021079664083970_37.5514289579738829|127.1028206860444101_37.5516013518060063|127.1033397664333791_37.5517052322201295
2026-09-04T18:34:05.570303+09:00,아차산,아차산,POI102,KEY_3,1040013903,워커힐로,1040004501,광장동 5-98,127.1079420944953142_37.5533362363541343,1040023402,워커힐APT후문,127.1049228550648849_37.5518130720409644,394.0,28.0,원활,127.1049228550648849_37.5518130720409644|127.1049509015872871_37.5518122869850544|127.1050284778533381_37.5517967722012784|127.1056805925240525_37.5515042301097068|127.1058653657010922_37.5514692554390379|127.1061277196661337_37.5514735933910160|127.1064016260464200_37.5515274743309604|127.1066779378455749_37.5516267645540864|127.1067835146799325_37.5516811101132078|127.1070809686040803_37.5519450547321298|127.1071930889892769_37.5520882909308753|127.1072470470903824_37.5523904149471264|127.1073495748650686_37.5526305106411940|127.1075006302712325_37.5527775854154555|127.1077491266862580_37.5530097991801242|127.1079420944953142_37.5533362363541343
2026-09-04T18:34:05.570303+09:00,아차산,아차산,POI102,KEY_3,1040015000,긴고랑로,1040076000,중곡동 438-2,127.0940803110470085_37.5592351580863877,1040004804,관음사,127.0947652352017911_37.5601235011157328,116.0,15.0,서행,127.0947652352017911_37.5601235011157328|127.0945334735480685_37.5598229102943080|127.0940803110470085_37.5592351580863877
2026-09-04T18:34:05.570303+09:00,아차산,아차산,POI102,KEY_3,1040035800,영화사로,1040023304,아차산공원,127.1008060127738588_37.5508156818041030,1040023902,금강유치원,127.0973921911687370_37.5534278259907950,446.0,24.0,서행,127.0973921911687370_37.5534278259907950|127.0976202228682155_37.5533234892310048|127.0977507414220185_37.5532866935278804|127.0979322170566519_37.5532482876912397|127.0983398303619225_37.5531138498259409|127.0993272146760091_37.5527510123888746|127.0994452128869483_37.5526820552185399|127.0995342046890926_37.5526123691506086|127.0995833295077659_37.5525565397521603|127.0996019406459254_37.5525050464495607|127.0996584339095392_37.5521263643794327|127.0996779811088544_37.5520292239200231|127.0997188056076936_37.5519588908967279|127.0997847039527784_37.5518871869768418|127.0998855677940895_37.5518037314638420|127.1001214267548676_37.5516212093827946|127.1002603396649135_37.5514757290182075|127.1006900113672913_37.5509485327873449|127.1008060127738588_37.5508156818041030
2026-09-04T18:34:05.570303+09:00,아차산,아차산,POI102,KEY_3,1040035900,영화사로,1040023901,금강유치원,127.0974780094158234_37.5535132633479805,1040023301,아차산공원,127.1008930142695732_37.5509054583929469,446.0,17.0,서행,127.1008930142695732_37.5509054583929469|127.1008027509701463_37.5510088322909041|127.1003715070149127_37.5515379583983560|127.1002233760503088_37.5516930927998871|127.0999818487328383_37.5518800014346539|127.0998889001829042_37.5519569081877975|127.0998363985145971_37.5520140344068167|127.0998091107366292_37.5520610472150693|127.0997929633906693_37.5521412983215299|127.0997354949309255_37.5525265117099991|127.0997075659435183_37.5526037877441468|127.0996382970092498_37.5526825105262034|127.0995334621833450_37.5527646032513402|127.0993965465031437_37.5528446154590370|127.0983942956821977_37.5532129159948909|127.0979758415217589_37.5533509291907990|127.0977909160551889_37.5533900650563055|127.0976771901570004_37.5534221274872380|127.0974780094158234_37.5535132633479805
2026-09-04T18:34:05.570303+09:00,아차산,아차산,POI102,KEY_3,1040036600,영화사로,1040024201,영화사삼거리,127.0945392348431398_37.5546032858723038,1040023901,금강유치원,127.0974780094158234_37.5535132633479805,379.0,13.0,정체,127.0974780094158234_37.5535132633479805|127.0977822383135560_37.5538544536056946|127.0977886680209963_37.5539275660333800|127.0977520642529015_37.5539780233728280|127.0969567317195583_37.5544790466728244|127.0968770994306567_37.5545292107245459|127.0965242691939068_37.5547022443235079|127.0963272401162385_37.5547666706726488|127.0961289793592641_37.5548125758914679|127.0959124514986911_37.5548481197310480|127.0957455808237313_37.5548603339358635|127.0955488408334588_37.5548515437013606|127.0952229064879049_37.5548132605374718|127.0947469052585745_37.5546546057004775|127.0947279301697534_37.5546498039577088|127.0945472578703885_37.5546040837293731|127.0945392348431398_37.5546032858723038
2026-09-04T18:34:05.570303+09:00,아차산,아차산,POI102,KEY_3,1040038900,긴고랑로,1040032800,중곡동 143-127,127.0958120816944188_37.5610219921190591,1040004802,관음사,127.0950177358912470_37.5601697751550248,123.0,16.0,서행,127.0950177358912470_37.5601697751550248|127.0955765335709913_37.5605344921423665|127.0956459965098020_37.5605940917725789|127.0957037292286032_37.5606835950337938|127.0957857387401617_37.5609121987379737|127.0958120816944188_37.5610219921190591
2026-09-04T18:34:05.570303+09:00,아차산,아차산,POI102,KEY_3,1040047701,워커힐로,1040031002,광장동 383-17,127.0990645876057386_37.5494355369845252,1040023304,아차산공원,127.1008060127738588_37.5508156818041030,259.0,30.0,원활,127.1008060127738588_37.5508156818041030|127.1007925997512018_37.5507935691135231|127.1007710308057597_37.5507250504072232|127.1007604189920812_37.5505920649480416|127.1007643063759076_37.5503937798927510|127.1007650635919077_37.5502518197930542|127.1007541636568021_37.5501729142761178|127.1006899832523089_37.5500014397067403|127.1006423739781184_37.5499066367278402|127.1005891182432919_37.5498095617160885|127.1005187118289257_37.5497439749477522|127.1004397073080270_37.5496986399784447|127.1003068333099293_37.5496711499487006|127.0998769118242109_37.5496201196427037|127.0994979086849526_37.5495737670072103|127.0992971711559250_37.5495347777035136|127.0991778144667279_37.5494938123189002|127.0990645876057386_37.5494355369845252
2026-09-04T18:34:05.570303+09:00,아차산,아차산,POI102,KEY_3,1040047801,워커힐로,1040023303,아차산공원,127.1008908597615203_37.5507185101470071,1040031003,광장동 383-17,127.0991143822563743_37.5493704376081254,256.0,21.5,서행,127.0991143822563743_37.5493704376081254|127.0992192405733618_37.5494212813986437|127.0993654541225908_37.5494679716120316|127.0994771101612315_37.5494937011082897|127.0996319481334496_37.5495156333044022|127.0998766138181537_37.5495435035139451|127.1003129181202098_37.5495917389092568|127.1004436663644981_37.5496197848547766|127.1005227250856393_37.5496549799425523|127.1005960988636190_37.5496946622863774|127.1006383112054863_37.5497398726420357|127.1006769562851701_37.5497907046482595|127.1007483860163774_37.5499295289827515|127.1008077138042012_37.5500823966485697|127.1008466336960794_37.5502143515265274|127.1008595392178506_37.5503152333671437|127.1008666840009056_37.5505676364613024|127.1008712614258087_37.5506380707744967|127.1008871446091320_37.5507113587990773|127.1008908597615203_37.5507185101470071
2026-09-04T18:34:05.570303+09:00,아차산,아차산,POI102,KEY_3,2210000104,아차산로,2210000113,아천동 304-1,127.1148808859241797_37.5629285934982349,2210000105,아천동268,127.1164076630803379_37.5662038218868801,393.0,54.0,원활,127.1164076630803379_37.5662038218868801|127.1162906430716362_37.5660260764270149|127.1160703938195979_37.5657270770442864|127.1160687682345127_37.5657247639847682|127.1157006430136818_37.5651641699431380|127.1154016113760861_37.5647442949758172|127.1154002681514754_37.5647422942762006|127.1153120188190115_37.5646053579684249|127.1153107366244370_37.5646032950394329|127.1153096116640313_37.5646011697881619|127.1152458934182050_37.5644772955287323|127.1151526736599493_37.5643058891441441|127.1151514554129562_37.5643034504356805|127.1151503616254388_37.5643009818729539|127.1151494250715785_37.5642984509881472|127.1150902682137627_37.5641234514869637|127.1150893295690025_37.5641202944115378|127.1150105180551577_37.5638156075563430|127.1150099562526350_37.5638131384738685|127.1149852678241530_37.5636884827079669|127.1149848622680310_37.5636860450080050|127.1149352684571596_37.5633314504835170|127.1149352681221814_37.5633312324428132|127.1148808859241797_37.5629285934982349
2026-09-04T18:34:05.570303+09:00,아차산,아차산,POI102,KEY_3,2210000204,아차산로,2210000104,아천동268,127.1165280035745013_37.5661536019367190,2210000110,아천동 314-17,127.1150159324927245_37.5629170357202895,389.0,42.5,원활,127.1150159324927245_37.5629170357202895|127.1150702994088419_37.5633195762730736|127.1151196745152419_37.5636728582033186|127.1151438930360342_37.5637950447698401|127.1152219865336264_37.5640969193284207|127.1152792995577556_37.5642665758573315|127.1153707988243440_37.5644348573687950|127.1153709871964566_37.5644351698302401|127.1153711439249321_37.5644355138574753|127.1153713300333123_37.5644358263211657|127.1154342060962676_37.5645580759406883|127.1155204553782596_37.5646919516305360|127.1158193615435579_37.5651116390162443|127.1158195805287789_37.5651119829817759|127.1158197994637788_37.5651122945115006|127.1158200184015641_37.5651126078432256|127.1158202373853783_37.5651129509077535|127.1158204551899047_37.5651132633396116|127.1161883937617461_37.5656735139164084|127.1164086432788878_37.5659724824473784|127.1164088622202542_37.5659727948769699|127.1164090812093121_37.5659731379403681|127.1164093307131395_37.5659734512408079|127.1164095496545343_37.5659737636703639|127.1164097674640061_37.5659740761010710|127.1164099875863513_37.5659744200643217|127.1164102053958516_37.5659747324950217|127.1165280035745013_37.5661536019367190
2026-09-04T18:34:05.570303+09:00,아차산,아차산,POI102,KEY_3,2210000700,아차산로,2210000105,아천동268,127.1164076630803379_37.5662038218868801,2210000204,아치울삼거리,127.1192506804836597_37.5692536117197804,424.0,52.0,원활,127.1192506804836597_37.5692536117197804|127.1190496732744322_37.5690724000063696|127.1185543295898981_37.5686479621573852|127.1185524864427663_37.5686463061772571|127.1179837045937973_37.5681171502757962|127.1177293291578536_37.5678918688914081|127.1175577044471225_37.5677438694395605|127.1175555178311214_37.5677418687043598|127.1175534544965302_37.5677398056777250|127.1175515177923359_37.5677376506234353|127.1173843613294565_37.5675426811850528|127.1173838918332990_37.5675421185298077|127.1171630797363861_37.5672774929988407|127.1171618298735666_37.5672758994774370|127.1171606105723839_37.5672743059256860|127.1170134860041969_37.5670682121973556|127.1168223300640108_37.5668150569144785|127.1168212989169035_37.5668136190451420|127.1166347983959639_37.5665486810274487|127.1166339236057468_37.5665473376064512|127.1164076630803379_37.5662038218868801
2026-09-04T18:34:05.570303+09:00,아차산,아차산,POI102,KEY_3,2210000800,아차산로,2210000203,아치울삼거리,127.1193525150356294_37.5691820436574844,2210000104,아천동268,127.1165280035745013_37.5661536019367190,421.0,27.0,원활,127.1165280035745013_37.5661536019367190|127.1167537679690867_37.5664964624706528|127.1169392989007889_37.5667600560767667|127.1171303292096297_37.5670130554248658|127.1171304858049069_37.5670133057462365|127.1171306729136461_37.5670135254034747|127.1171308294595264_37.5670137441900422|127.1171309860533825_37.5670139936103880|127.1171311731607290_37.5670142123666295|127.1172775492191533_37.5672192435190766|127.1174967977411114_37.5674820251561457|127.1176608914456239_37.5676734313503857|127.1178294547480192_37.5678188064072742|127.1178296734552191_37.5678189629621500|127.1178298616474507_37.5678191492803393|127.1178300792723945_37.5678193373711480|127.1180852980999418_37.5680453691276313|127.1180855168566950_37.5680455563158375|127.1180857356632288_37.5680457750388399|127.1180859544199819_37.5680459622270249|127.1180861731781704_37.5680461503162206|127.1180863919846900_37.5680463690392017|127.1186547988044993_37.5685751806489279|127.1191497674074640_37.5689993067157886|127.1191499850879580_37.5689995254378886|127.1191502355443816_37.5689997125921025|127.1191504543065918_37.5689998997782837|127.1191507048132365_37.5690001184672511|127.1191509236256820_37.5690003371882142|127.1193525150356294_37.5691820436574844
2026-09-04T18:34:05.570303+09:00,아차산,아차산,POI102,KEY_3,2210000901,아차산로,2219108700,최소노드배치점,127.1206998377133743_37.5714703267250627,2210019703,아치울마을입구교차로,127.1219933923624126_37.5735438381385620,257.0,53.5,원활,127.1219933923624126_37.5735438381385620|127.1216237678160894_37.5728874513230764|127.1206998377133743_37.5714703267250627
2026-09-04T18:34:05.570303+09:00,아차산,아차산,POI102,KEY_3,2210001001,아차산로,2219108800,최소노드배치점,127.1208204065706013_37.5714205263891898,2210000202,아치울삼거리,127.1194802690020680_37.5693649396868778,257.0,34.0,원활,127.1194802690020680_37.5693649396868778|127.1208204065706013_37.5714205263891898
2026-09-04T18:34:05.570303+09:00,아차산,아차산,POI102,KEY_3,2210046000,토평강변로,2210000202,아치울삼거리,127.1194802690020680_37.5693649396868778,2210006002,속성변화점,127.1239011064881907_37.5712366063836569,442.0,24.0,서행,127.1239011064881907_37.5712366063836569|127.1232388189529132_37.5709623304387108|127.1219628442181886_37.5704268509566077|127.1204129899585666_37.5697587927906440|127.1194802690020680_37.5693649396868778
2026-09-04T18:34:05.570303+09:00,안양천,안양천,POI125,KEY_4,1140012601,안양천로,1140019200,신정동쌍용아파트,126.8774277767779068_37.5184368802104729,1140003001,신정교교차로,126.8773157767078033_37.5174241538264965,113.0,14.0,정체,126.8773157767078033_37.5174241538264965|126.8774277767779068_37.5184368802104729
2026-09-04T18:34:05.570303+09:00,안양천,안양천,POI125,KEY_4,1140005300,안양천로,1140017504,목일중학교앞교차로,126.8754414118770768_37.5133268628390297,1140003003,신정교교차로,126.8771684095813441_37.5173232334173079,487.0,16.0,서행,126.8771684095813441_37.5173232334173079|126.8770492715621714_37.5162325975909283|126.8769254186979083_37.5152220259739053|126.8769038228937802_37.5150934663437070|126.8768603632752132_37.5149507201433607|126.8767902331647548_37.5147577494091067|126.8767160804796674_37.5146112680035841|126.8766340664943471_37.5144698086394968|126.8764959530556098_37.5143077666143867|126.8754414118770768_37.5133268628390297
2026-09-04T18:34:05.570303+09:00,안양천,안양천,POI125,KEY_4,1140005401,안양천로,1140018000,신정동쌍용아파트,126.8771844966631619_37.5162232254841683,1140017501,목일중학교앞교차로,126.8755445066785086_37.5132565360681909,373.0,43.3,원활,126.8755445066785086_37.5132565360681909|126.8766039862775870_37.5142420314940210|126.8767526226287430_37.5144164200124095|126.8768407128762163_37.5145683588944010|126.8769186968702201_37.5147224090392797|126.8769915725535640_37.5149229329656393|126.8770374141606680_37.5150735005047409|126.8770602759908002_37.5152096001231357|126.8771844966631619_37.5162232254841683
2026-09-04T18:34:05.570303+09:00,안양천,안양천,POI125,KEY_4,1140005402,안양천로,1140003002,신정교교차로,126.8773036367130658_37.5173138610034584,1140018000,신정동쌍용아파트,126.8771844966631619_37.5162232254841683,122.0,37.0,원활,126.8771844966631619_37.5162232254841683|126.8773036367130658_37.5173138610034584
2026-09-04T18:34:05.570303+09:00,안양천,안양천,POI125,KEY_4,1140009501,도림천로,1140003003,신정교교차로,126.8771684095813441_37.5173232334173079,1140019102,신정동현대아파트,126.8761126202360856_37.5175917621060364,98.0,21.0,서행,126.8761126202360856_37.5175917621060364|126.8771684095813441_37.5173232334173079
2026-09-04T18:34:05.570303+09:00,안양천,안양천,POI125,KEY_4,1140009601,도림천로,1140019101,신정동현대아파트,126.8761539085131744_37.5176947593198875,1140003004,신정교교차로,126.8771805616940185_37.5174336412253382,95.0,17.0,서행,126.8771805616940185_37.5174336412253382|126.8761539085131744_37.5176947593198875
2026-09-04T18:34:05.570303+09:00,안양천,안양천,POI125,KEY_4,1140012500,안양천로,1140310800,최소노드배치점,126.8775163465214035_37.5198303050041133,1140004904,신정동 137-2,126.8782632688182161_37.5221322207168839,268.0,14.0,정체,126.8782632688182161_37.5221322207168839|126.8782981016445603_37.5218734009839139|126.8782983970848619_37.5216915105551223|126.8782899061957039_37.5215347769621914|126.8782687357557535_37.5214259401943480|126.8782126253799163_37.5212531304698587|126.8776046350151319_37.5200558238897699|126.8775163465214035_37.5198303050041133
2026-09-04T18:34:05.570303+09:00,안양천,안양천,POI125,KEY_4,1140012602,안양천로,1140004903,신정동 137-2,126.8783982430570489_37.5221437443696928,1140019200,신정동쌍용아파트,126.8774277767779068_37.5184368802104729,426.0,22.0,서행,126.8774277767779068_37.5184368802104729|126.8774952028564798_37.5191418307164994|126.8775390353828385_37.5194455320804607|126.8776179855951369_37.5197267258202132|126.8776459355257060_37.5197981187704457|126.8777325662202884_37.5200194000170413|126.8783418122356039_37.5212191777890709|126.8784018478279023_37.5214040739357841|126.8784252027244150_37.5215241376156143|126.8784341474975008_37.5216892491856768|126.8784338392301549_37.5218792486221702|126.8783982430570489_37.5221437443696928
2026-09-04T18:34:05.570303+09:00,안양천,안양천,POI125,KEY_4,1140016600,안양천로,1140005803,오목교앞,126.8780911957869648_37.5240790938181874,1140004902,신정동 137-2,126.8783813240257246_37.5222566391420145,204.0,15.0,서행,126.8783813240257246_37.5222566391420145|126.8780911957869648_37.5240790938181874
2026-09-04T18:34:05.570303+09:00,안양천,안양천,POI125,KEY_4,1140053000,도림천로,1160119602,구로구-영등포구,126.8797245973547803_37.5166854276940924,1140018400,신정교,126.8786197862322069_37.5169667906104252,103.0,9.0,정체,126.8786197862322069_37.5169667906104252|126.8797245973547803_37.5166854276940924
2026-09-04T18:34:05.570303+09:00,안양천,안양천,POI125,KEY_4,1140053100,도림천로,1140018700,신정교,126.8786611225654184_37.5170697753778697,1160119601,구로구-영등포구,126.8797659831452904_37.5167884002737182,103.0,31.0,원활,126.8797659831452904_37.5167884002737182|126.8786611225654184_37.5170697753778697
2026-09-04T18:34:05.570303+09:00,안양천,안양천,POI125,KEY_4,1140053200,도림천로,1140018400,신정교,126.8786197862322069_37.5169667906104252,1140018000,신정동쌍용아파트,126.8771844966631619_37.5162232254841683,179.0,45.3,원활,126.8771844966631619_37.5162232254841683|126.8772780212092641_37.5165177245500558|126.8773854992852677_37.5166787499102909|126.8774885478867418_37.5168040115666628|126.8775782041790308_37.5168827738027630|126.8776858526776863_37.5169400990188606|126.8778159595431276_37.5169902961100377|126.8779460957034217_37.5170226135845652|126.8780304104791270_37.5170269011575996|126.8786197862322069_37.5169667906104252
2026-09-04T18:34:05.570303+09:00,안양천,안양천,POI125,KEY_4,1140053700,안양천로,1140019200,신정동쌍용아파트,126.8774277767779068_37.5184368802104729,1140018700,신정교,126.8786611225654184_37.5170697753778697,208.0,12.0,정체,126.8786611225654184_37.5170697753778697|126.8781736489334548_37.5172408290595598|126.8779815323018596_37.5173158708015322|126.8778781977704000_37.5173658255310087|126.8777613594226779_37.5174372226786232|126.8776849305162102_37.5175050845818490|126.8776219701787227_37.5175729603903463|126.8775544839652980_37.5176622870544563|126.8775094337992755_37.5177587891090099|126.8774688135033557_37.5178910538406782|126.8774371547105915_37.5180340551944767|126.8774277767779068_37.5184368802104729
2026-09-04T18:34:05.570303+09:00,안양천,안양천,POI125,KEY_4,1140053800,신목로,1140018400,신정교,126.8786197862322069_37.5169667906104252,1140019302,신정교(서측),126.8745764250714956_37.5179766998355859,376.0,52.7,원활,126.8745764250714956_37.5179766998355859|126.8746964468175662_37.5178856611709719|126.8747349174787757_37.5178761562431475|126.8760098097402533_37.5175611607569408|126.8772001068155646_37.5172584212099949|126.8786197862322069_37.5169667906104252
2026-09-04T18:34:05.570303+09:00,안양천,안양천,POI125,KEY_4,1140053900,신목로,1140019301,신정교(서측),126.8746215712428409_37.5180786650471632,1140018700,신정교,126.8786611225654184_37.5170697753778697,375.0,12.0,정체,126.8786611225654184_37.5170697753778697|126.8772813433645723_37.5174647569257260|126.8760913149289991_37.5177674281831415|126.8748252720141352_37.5180802368483270|126.8747818393032674_37.5180909677359509|126.8746215712428409_37.5180786650471632
2026-09-04T18:34:05.570303+09:00,안양천,안양천,POI125,KEY_4,1140059100,오목로,1180072102,양천구-영등포구,126.8798127598729764_37.5238124759839593,1140005803,오목교앞,126.8780911957869648_37.5240790938181874,155.0,50.0,원활,126.8780911957869648_37.5240790938181874|126.8798127598729764_37.5238124759839593
2026-09-04T18:34:05.570303+09:00,안양천,안양천,POI125,KEY_4,1140059200,오목로,1140005802,오목교앞,126.8780735218519879_37.5241919764275096,1180072101,양천구-영등포구,126.8798383046578664_37.5239186642518590,159.0,8.0,정체,126.8798383046578664_37.5239186642518590|126.8780735218519879_37.5241919764275096
2026-09-04T18:34:05.570303+09:00,안양천,안양천,POI125,KEY_4,1160003102,서부간선도로,1160044802,지하차도(북측),126.8756726558463157_37.5087758296454012,1160047302,지하차도(남측),126.8808635001100669_37.5145797730726116,791.0,14.0,정체,126.8808635001100669_37.5145797730726116|126.8807057923003470_37.5144308276624585|126.8800689815355156_37.5137965539118028|126.8794977541810880_37.5131814475717249|126.8784949853081230_37.5120165668361594|126.8767394160038577_37.5100185314225953|126.8758964120837334_37.5090544609198560|126.8756726558463157_37.5087758296454012
2026-09-04T18:34:05.570303+09:00,안양천,안양천,POI125,KEY_4,1160003103,서부간선도로,1160047302,지하차도(남측),126.8808635001100669_37.5145797730726116,1160047704,속성변화점,126.8818954820598606_37.5156387959905970,149.0,9.0,정체,126.8818954820598606_37.5156387959905970|126.8818341862618837_37.5155414502111171|126.8816133512363251_37.5152879534536297|126.8810041996648863_37.5147126561865605|126.8808635001100669_37.5145797730726116
2026-09-04T18:34:05.570303+09:00,안양천,안양천,POI125,KEY_4,1160003202,서부간선도로,1160047301,지하차도(남측),126.8809672943436766_37.5145100402310518,1160044801,지하차도(북측),126.8757874324690533_37.5087179220132967,790.0,16.0,서행,126.8757874324690533_37.5087179220132967|126.8760093466115677_37.5089943834283019|126.8768507380769819_37.5099566098020603|126.8786065968032091_37.5119549700440018|126.8796083595338473_37.5131186811187334|126.8801766210233808_37.5137305907656398|126.8808107274078907_37.5143621726202170|126.8809672943436766_37.5145100402310518
2026-09-04T18:34:05.570303+09:00,안양천,안양천,POI125,KEY_4,1160003203,서부간선도로,1160047701,속성변화점,126.8820147707367596_37.5155869944456768,1160047301,지하차도(남측),126.8809672943436766_37.5145100402310518,152.0,9.0,정체,126.8809672943436766_37.5145100402310518|126.8811073391141235_37.5146423024857896|126.8817212650556030_37.5152221099264906|126.8819512390905970_37.5154860951882370|126.8820147707367596_37.5155869944456768
2026-09-04T18:34:05.570303+09:00,안양천,안양천,POI125,KEY_4,1160086400,서부간선도로,1160047702,속성변화점,126.8820744160497327_37.5155610940041981,1160047301,지하차도(남측),126.8809672943436766_37.5145100402310518,154.0,8.0,정체,126.8809672943436766_37.5145100402310518|126.8811828896822504_37.5146297746207438|126.8817752230281428_37.5151891863246689|126.8820097654408698_37.5154584171825221|126.8820744160497327_37.5155610940041981
2026-09-04T18:34:05.570303+09:00,안양천,안양천,POI125,KEY_4,1160086500,서부간선도로,1160047302,지하차도(남측),126.8808635001100669_37.5145797730726116,1160047703,속성변화점,126.8818358373772242_37.5156646964920810,149.0,12.0,정체,126.8818358373772242_37.5156646964920810|126.8817756609145988_37.5155691272293694|126.8815593931245047_37.5153208751787091|126.8809662175801094_37.5147606652219707|126.8808635001100669_37.5145797730726116
2026-09-04T18:34:05.570303+09:00,안양천,안양천,POI125,KEY_4,1180001302,서부간선도로,1180000404,신정교교차로,126.8821548721505508_37.5161762663576610,1180029502,지하차도(북측),126.8821347742308632_37.5181953925741851,226.0,5.0,정체,126.8821347742308632_37.5181953925741851|126.8821764225875199_37.5179333317516850|126.8822522626400513_37.5174561091917340|126.8823032686718761_37.5170219351509999|126.8822933899772067_37.5168032212340421|126.8822600485964784_37.5165639563687208|126.8821803916431321_37.5162355054491172|126.8821548721505508_37.5161762663576610
2026-09-04T18:34:05.570303+09:00,안양천,안양천,POI125,KEY_4,1180001303,서부간선도로,1180029502,지하차도(북측),126.8821347742308632_37.5181953925741851,1180039802,지하차도(남측),126.8816377409904419_37.5220471208314379,430.0,18.0,서행,126.8816377409904419_37.5220471208314379|126.8816588750321870_37.5218659446900631|126.8818010380468877_37.5205983469667856|126.8818795627989147_37.5198012328953183|126.8821347742308632_37.5181953925741851
2026-09-04T18:34:05.570303+09:00,안양천,안양천,POI125,KEY_4,1180001304,서부간선도로,1180039802,지하차도(남측),126.8816377409904419_37.5220471208314379,1180043603,오목교(동측),126.8814322117859632_37.5235690185835296,171.0,28.0,원활,126.8814322117859632_37.5235690185835296|126.8814491142259584_37.5230798735196203|126.8815449824190154_37.5222579698871712|126.8816377409904419_37.5220471208314379
2026-09-04T18:34:05.570303+09:00,안양천,안양천,POI125,KEY_4,1180001401,서부간선도로,1180029501,지하차도(북측),126.8822694875200909_37.5182089755097508,1180000401,신정교교차로,126.8822840164086045_37.5161428086982127,231.0,34.0,원활,126.8822840164086045_37.5161428086982127|126.8823119113908717_37.5162075577046394|126.8823944066752887_37.5165477063838750|126.8824289072809677_37.5167953003374279|126.8824392848786431_37.5170250403142660|126.8823872535443513_37.5174679441118002|126.8823218289801673_37.5178796219673174|126.8822694875200909_37.5182089755097508
2026-09-04T18:34:05.570303+09:00,안양천,안양천,POI125,KEY_4,1180001402,서부간선도로,1180039801,지하차도(남측),126.8817729565984678_37.5220571259198366,1180029501,지하차도(북측),126.8822694875200909_37.5182089755097508,429.0,8.0,정체,126.8822694875200909_37.5182089755097508|126.8820146869627621_37.5198122610743354|126.8819363590698259_37.5206073896224908|126.8817941111366849_37.5218757586812330|126.8817729565984678_37.5220571259198366
2026-09-04T18:34:05.570303+09:00,안양천,안양천,POI125,KEY_4,1180001403,서부간선도로,1180043602,오목교(동측),126.8817053471465925_37.5235261002078246,1180039801,지하차도(남측),126.8817729565984678_37.5220571259198366,164.0,6.0,정체,126.8817729565984678_37.5220571259198366|126.8818156332547176_37.5222756645993343|126.8817203162169847_37.5230928666769614|126.8817053471465925_37.5235261002078246
2026-09-04T18:34:05.570303+09:00,안양천,안양천,POI125,KEY_4,1180017001,도림천로,1180000403,신정교교차로,126.8821108094355594_37.5160739870999933,1160119602,구로구-영등포구,126.8797245973547803_37.5166854276940924,222.0,9.0,정체,126.8797245973547803_37.5166854276940924|126.8815754833351122_37.5162128295313266|126.8821108094355594_37.5160739870999933
2026-09-04T18:34:05.570303+09:00,안양천,안양천,POI125,KEY_4,1180017101,도림천로,1160119601,구로구-영등포구,126.8797659831452904_37.5167884002737182,1180000404,신정교교차로,126.8821548721505508_37.5161762663576610,222.0,38.0,원활,126.8821548721505508_37.5161762663576610|126.8816175090696134_37.5163156373744968|126.8797659831452904_37.5167884002737182
2026-09-04T18:34:05.570303+09:00,안양천,안양천,POI125,KEY_4,1180027800,오목로,1180043603,오목교(동측),126.8814322117859632_37.5235690185835296,1180072102,양천구-영등포구,126.8798127598729764_37.5238124759839593,146.0,51.5,원활,126.8798127598729764_37.5238124759839593|126.8814322117859632_37.5235690185835296
2026-09-04T18:34:05.570303+09:00,안양천,안양천,POI125,KEY_4,1180027901,오목로,1180072101,양천구-영등포구,126.8798383046578664_37.5239186642518590,1180043800,오목교(서측),126.8804633953107981_37.5238246952276810,56.0,8.0,정체,126.8804633953107981_37.5238246952276810|126.8798383046578664_37.5239186642518590
2026-09-04T18:34:05.570303+09:00,안양천,안양천,POI125,KEY_4,1180027902,오목로,1180043800,오목교(서측),126.8804633953107981_37.5238246952276810,1180043604,오목교(동측),126.8814283900210569_37.5236796179324799,87.0,7.0,정체,126.8814283900210569_37.5236796179324799|126.8804633953107981_37.5238246952276810
2026-09-04T18:34:05.570303+09:00,안양천,안양천,POI125,KEY_4,1180069200,서부간선도로,1180029501,지하차도(북측),126.8822694875200909_37.5182089755097508,1160047702,속성변화점,126.8820744160497327_37.5155610940041981,302.0,18.0,서행,126.8820744160497327_37.5155610940041981|126.8821718541549046_37.5157158406422866|126.8823776706625353_37.5161935837768254|126.8824615845632593_37.5165395804319672|126.8824966659229574_37.5167913393802976|126.8825072929849966_37.5170265937381728|126.8824547495795940_37.5174738606135492|126.8823703586272131_37.5180048867798703|126.8822694875200909_37.5182089755097508
2026-09-04T18:34:05.570303+09:00,안양천,안양천,POI125,KEY_4,1180069300,서부간선도로,1160047703,속성변화점,126.8818358373772242_37.5156646964920810,1180029502,지하차도(북측),126.8821347742308632_37.5181953925741851,287.0,12.0,정체,126.8821347742308632_37.5181953925741851|126.8821034416390603_37.5179619274509548|126.8821847666370672_37.5174501925743016|126.8822352605743049_37.5170203816096404|126.8822256313140144_37.5168071820745084|126.8821928695353733_37.5165720813037566|126.8821146323010538_37.5162494774648607|126.8819209169217288_37.5157998167306985|126.8818358373772242_37.5156646964920810
2026-09-04T18:34:05.570303+09:00,안양천,안양천,POI125,KEY_4,1180089100,서부간선도로,1180045301,양평동 488,126.8819829949260480_37.5250903944249004,1180039801,지하차도(남측),126.8817729565984678_37.5220571259198366,342.0,4.0,정체,126.8817729565984678_37.5220571259198366|126.8816525281542766_37.5230896182332216|126.8816213021879520_37.5239933226042837|126.8816890923990712_37.5243066319619558|126.8817580718192630_37.5245520474594514|126.8818563203447809_37.5248208551664248|126.8819829949260480_37.5250903944249004
2026-09-04T18:34:05.570303+09:00,안양천,안양천,POI125,KEY_4,1180089200,서부간선도로,1180039802,지하차도(남측),126.8816377409904419_37.5220471208314379,1180045302,양평동 488,126.8818626446242632_37.5251361728659560,348.0,15.3,서행,126.8818626446242632_37.5251361728659560|126.8817273514576556_37.5248549758679957|126.8816264833464089_37.5245790024652521|126.8815558360683724_37.5243276422111620|126.8814851826298593_37.5240010941867013|126.8815169022707323_37.5230831220800951|126.8816377409904419_37.5220471208314379
2026-09-04T18:34:05.570303+09:00,안양천,안양천,POI125,KEY_4,1180089900,서부간선도로,1180043800,오목교(서측),126.8804633953107981_37.5238246952276810,1180045302,양평동 488,126.8818626446242632_37.5251361728659560,208.0,15.0,서행,126.8818626446242632_37.5251361728659560|126.8816385318922642_37.5248793923368780|126.8815300030075406_37.5245992080018098|126.8814312596801130_37.5243394635966752|126.8813948548748982_37.5242627716034676|126.8813460143441176_37.5241745577067860|126.8812984599446878_37.5241121903218371|126.8812214161666958_37.5240425681289551|126.8811262132405346_37.5239774434312139|126.8810094381192073_37.5239204257641390|126.8808620127177420_37.5238742152199620|126.8807474520110077_37.5238533270029251|126.8805895923610478_37.5238375414289891|126.8804633953107981_37.5238246952276810
2026-09-04T18:34:05.570303+09:00,양화한강공원,양화한강공원,POI103,KEY_1,1180116501,올림픽대로,1180068901,속성변화점,126.8911950618084461_37.5453818553184533,1180064301,한강자전거대여소양화,126.8929620179760462_37.5435397753914373,258.0,31.0,서행,126.8929620179760462_37.5435397753914373|126.8924624352412280_37.5440132348647282|126.8921333363990129_37.5443174516262701|126.8918236172157776_37.5446297185144644|126.8914783258249201_37.5450221939402695|126.8912862280317455_37.5452796272142280|126.8911950618084461_37.5453818553184533
2026-09-04T18:34:05.570303+09:00,양화한강공원,양화한강공원,POI103,KEY_1,1180116502,올림픽대로,1180068801,양화지구요트장,126.8906329199262615_37.5461883353215242,1180068901,속성변화점,126.8911950618084461_37.5453818553184533,103.0,32.0,서행,126.8911950618084461_37.5453818553184533|126.8910827866964581_37.5455077528260404|126.8909175555900362_37.5457420455788693|126.8907568639606609_37.5460066305290283|126.8907556915637258_37.5460085609179472|126.8906329199262615_37.5461883353215242
2026-09-04T18:34:05.570303+09:00,양화한강공원,양화한강공원,POI103,KEY_1,1180003700,선유로,1180061900,양화대교남측(북측),126.9003162310957862_37.5391581962178265,1180065002,마포구-영등포구,126.9034340062914481_37.5428697829536162,497.0,49.5,원활,126.9034340062914481_37.5428697829536162|126.9031865441036899_37.5426673699542377|126.9028418671644545_37.5423392663843316|126.9024924710115556_37.5419306337797138|126.9003162310957862_37.5391581962178265
2026-09-04T18:34:05.570303+09:00,양화한강공원,양화한강공원,POI103,KEY_1,1180003800,선유로,1180065001,마포구-영등포구,126.9035313025047884_37.5427943648450224,1180061700,양화대교남측(북측),126.9004310790266459_37.5391005237055850,494.0,8.0,정체,126.9004310790266459_37.5391005237055850|126.9026062043023870_37.5418715328792629|126.9029503279271580_37.5422739970822121|126.9032874115673764_37.5425948735123498|126.9035313025047884_37.5427943648450224
2026-09-04T18:34:05.570303+09:00,양화한강공원,양화한강공원,POI103,KEY_1,1180004201,올림픽대로,1180066401,성산대교분기점,126.8888411626850399_37.5477825572430532,1180064302,한강자전거대여소양화,126.8925371457164317_37.5437742927481963,562.0,16.0,정체,126.8925371457164317_37.5437742927481963|126.8920840338608400_37.5440075512365325|126.8918458095331800_37.5441503668725076|126.8916839670621073_37.5442682214603991|126.8915086205845597_37.5444075189047268|126.8912747864056456_37.5446182790339265|126.8910723726072547_37.5448397949720913|126.8908082604970247_37.5451847993744181|126.8904271842300204_37.5458700829895804|126.8902166002092571_37.5462759413564910|126.8900581956828546_37.5465467648014553|126.8898977213294899_37.5467868872686736|126.8896168017271009_37.5471118530247878|126.8893965836439008_37.5473450677299567|126.8891910883715042_37.5475280831896328|126.8889220242193687_37.5477175184840135|126.8888411626850399_37.5477825572430532
2026-09-04T18:34:05.570303+09:00,양화한강공원,양화한강공원,POI103,KEY_1,1180004202,올림픽대로,1180275300,최소노드배치점,126.8973404856717053_37.5409999643048806,1180061502,당산지하차도(북측),126.9013196980885141_37.5387211185546263,433.0,17.0,정체,126.9013196980885141_37.5387211185546263|126.9011851683369798_37.5388053759942224|126.9010147859780204_37.5389041639828065|126.9004464163211310_37.5392052021772926|126.8992840080575490_37.5398659278211255|126.8987716979411147_37.5401444059229448|126.8984481243431901_37.5403264967326322|126.8981425252922151_37.5404978739526811|126.8973404856717053_37.5409999643048806
2026-09-04T18:34:05.570303+09:00,양화한강공원,양화한강공원,POI103,KEY_1,1180106800,양화한강공원.내부도로,1180060401,당산지하차도(북측),126.9052179013469726_37.5363533026194389,1180059701,당산지하차도(남측),126.9041930519550760_37.5351897850495106,158.0,5.0,정체,126.9041930519550760_37.5351897850495106|126.9047283439570037_37.5357132613154292|126.9052179013469726_37.5363533026194389
2026-09-04T18:34:05.570303+09:00,양화한강공원,양화한강공원,POI103,KEY_1,1180106900,양화한강공원.내부도로,1180059702,당산지하차도(남측),126.9040909209916776_37.5352609227878347,1180060402,당산지하차도(북측),126.9050972926407468_37.5364022801269641,155.0,21.0,서행,126.9050972926407468_37.5364022801269641|126.9046172037866143_37.5357758001345374|126.9040909209916776_37.5352609227878347
2026-09-04T18:34:05.570303+09:00,양화한강공원,양화한강공원,POI103,KEY_1,1180107400,올림픽대로,1180061501,당산지하차도(북측),126.9015556784025023_37.5385874968487485,1180001500,여의하류IC,126.9073822654269605_37.5347960718864755,667.0,11.0,정체,126.9073822654269605_37.5347960718864755|126.9072345317692054_37.5349134869402548|126.9069884611113679_37.5350909463555098|126.9066843956993864_37.5352965328221515|126.9063396243953719_37.5355128432645273|126.9060177401819942_37.5357001839244901|126.9056790545791955_37.5358867804719907|126.9054259255949972_37.5360232687841986|126.9050418875323629_37.5362207157517815|126.9046007978930533_37.5364411017063091|126.9042278359899285_37.5366410471238581|126.9039222571481389_37.5368195915804179|126.9036885517153763_37.5369767392636717|126.9034053986285784_37.5371731792037053|126.9032818580892439_37.5372705365657353|126.9028659897484346_37.5375982637741359|126.9021557476865922_37.5381662372690172|126.9016882954194330_37.5384984036018210|126.9015556784025023_37.5385874968487485
2026-09-04T18:34:05.570303+09:00,양화한강공원,양화한강공원,POI103,KEY_1,1180116503,올림픽대로,1180066401,성산대교분기점,126.8888411626850399_37.5477825572430532,1180068801,양화지구요트장,126.8906329199262615_37.5461883353215242,243.0,9.0,정체,126.8906329199262615_37.5461883353215242|126.8902923101416604_37.5466870824158718|126.8900853961976480_37.5469673717390222|126.8898821258784295_37.5471728631900064|126.8896131444485746_37.5473865270969185|126.8894001209834528_37.5475258725971770|126.8888411626850399_37.5477825572430532
2026-09-04T18:34:05.570303+09:00,양화한강공원,양화한강공원,POI103,KEY_1,1180120000,올림픽대로,1180064302,한강자전거대여소양화,126.8925371457164317_37.5437742927481963,1180068902,속성변화점,126.8910843041868759_37.5453192348812976,215.0,27.0,정체,126.8910843041868759_37.5453192348812976|126.8911722698863258_37.5452205951209876|126.8913641468294173_37.5449634600574385|126.8917145990619275_37.5445651196867445|126.8920285271805284_37.5442486087197196|126.8923589710925626_37.5439431491933036|126.8925371457164317_37.5437742927481963
2026-09-04T18:34:05.570303+09:00,양화한강공원,양화한강공원,POI103,KEY_1,1180120300,올림픽대로,1180273000,양화동 1-1,126.8906348080487021_37.5459591553834642,1180068802,양화지구요트장,126.8905741506410152_37.5460479760438872,11.0,23.0,정체,126.8905741506410152_37.5460479760438872|126.8906348080487021_37.5459591553834642
2026-09-04T18:34:05.570303+09:00,양화한강공원,양화한강공원,POI103,KEY_1,1180120400,양평로30길.인접길,1180068802,양화지구요트장,126.8905741506410152_37.5460479760438872,1180065702,노들로지하차도(북측),126.8898740097263413_37.5457796920981295,69.0,8.0,정체,126.8898740097263413_37.5457796920981295|126.8899657563483601_37.5458262969566476|126.8905741506410152_37.5460479760438872
2026-09-04T18:34:05.570303+09:00,양화한강공원,양화한강공원,POI103,KEY_1,1180120500,양평로30길.인접길,1180065701,노들로지하차도(북측),126.8898352916660031_37.5458883205518816,1180068801,양화지구요트장,126.8906329199262615_37.5461883353215242,78.0,17.0,정체,126.8906329199262615_37.5461883353215242|126.8899006495960151_37.5459215204837946|126.8898352916660031_37.5458883205518816
2026-09-04T18:34:05.570303+09:00,어린이대공원,어린이대공원,POI104,KEY_2,1040001702,자양로,1040047400,구의동 234-20,127.0850134877562425_37.5445799545474230,1040019303,구의사거리,127.0852016679581027_37.5450327198646008,53.0,21.0,서행,127.0852016679581027_37.5450327198646008|127.0850134877562425_37.5445799545474230
2026-09-04T18:34:05.570303+09:00,어린이대공원,어린이대공원,POI104,KEY_2,1040003702,천호대로,1040023704,아차산역(서울5호선),127.0894152102956696_37.5523730777975402,1040023802,아차산역앞교차로,127.0884235759888412_37.5534828698855989,152.0,8.3,정체,127.0884235759888412_37.5534828698855989|127.0886624862391585_37.5532839277980628|127.0886637034305267_37.5532829142311328|127.0888873635349370_37.5530645974054096|127.0890268085873771_37.5528999527207930|127.0891093055435448_37.5528025470138260|127.0892864462199441_37.5525787801403368|127.0893773157368827_37.5524360852402097|127.0894152102956696_37.5523730777975402
2026-09-04T18:34:05.570303+09:00,어린이대공원,어린이대공원,POI104,KEY_2,1040003703,천호대로,1040023005,아차산역(서울5호선),127.0896155483765142_37.5519975307228222,1040023703,아차산역(서울5호선),127.0894712980461918_37.5522739019515015,33.0,8.0,정체,127.0894712980461918_37.5522739019515015|127.0896155483765142_37.5519975307228222
2026-09-04T18:34:05.570303+09:00,어린이대공원,어린이대공원,POI104,KEY_2,1040003704,천호대로,1040055900,구의동 96,127.0897928318516392_37.5516388382775688,1040023004,아차산역(서울5호선),127.0896662697747672_37.5518971990822621,31.0,8.0,정체,127.0896662697747672_37.5518971990822621|127.0897928318516392_37.5516388382775688
2026-09-04T18:34:05.570303+09:00,어린이대공원,어린이대공원,POI104,KEY_2,1040012000,능동로,1040114300,화양동 164-1,127.0738499175466529_37.5469075575045395,1040021503,어린이대공원역교차로,127.0740638995458625_37.5472462986414683,43.0,10.7,정체,127.0740638995458625_37.5472462986414683|127.0740081337839626_37.5472033770291134|127.0739561575077659_37.5471262732918802|127.0738499175466529_37.5469075575045395
2026-09-04T18:34:05.570303+09:00,어린이대공원,어린이대공원,POI104,KEY_2,1040013002,광나루로,1040057800,능동 18-13,127.0824979527504297_37.5451942361248854,1040019707,능동 465-11,127.0801323371978810_37.5453265943592029,210.0,6.0,정체,127.0801323371978810_37.5453265943592029|127.0824979527504297_37.5451942361248854
2026-09-04T18:34:05.570303+09:00,어린이대공원,어린이대공원,POI104,KEY_2,1040013003,광나루로,1040117200,화양동 523-1,127.0748637792651294_37.5470177472935376,1040021502,어린이대공원역교차로,127.0742105755008993_37.5472088130338690,62.0,15.0,서행,127.0742105755008993_37.5472088130338690|127.0744760629178813_37.5471475290462635|127.0747110648677989_37.5470725121037390|127.0748637792651294_37.5470177472935376
2026-09-04T18:34:05.570303+09:00,어린이대공원,어린이대공원,POI104,KEY_2,1040013004,광나루로,1040106900,능동 465-6,127.0782098816718957_37.5456461445395817,1040019704,능동465-10,127.0762471218919387_37.5463437278881926,192.0,14.0,정체,127.0762471218919387_37.5463437278881926|127.0769710074017240_37.5459868418889471|127.0772206451426740_37.5458814034881883|127.0774360550218915_37.5458142118875813|127.0777244787871325_37.5457522535124895|127.0782098816718957_37.5456461445395817
2026-09-04T18:34:05.570303+09:00,어린이대공원,어린이대공원,POI104,KEY_2,1040013102,광나루로,1040085100,능동 462,127.0845336132097145_37.5451835926679252,1040019304,구의사거리,127.0852617177113899_37.5451373705296305,65.0,25.0,원활,127.0852617177113899_37.5451373705296305|127.0845336132097145_37.5451835926679252
2026-09-04T18:34:05.570303+09:00,어린이대공원,어린이대공원,POI104,KEY_2,1040013103,광나루로,1040090500,능동 465-11,127.0785202210576728_37.5456904243164828,1040019709,능동 465-11,127.0800014772765110_37.5454416646291946,134.0,25.0,원활,127.0800014772765110_37.5454416646291946|127.0797557368217099_37.5454526161265392|127.0795563669481396_37.5454751638663069|127.0794025475084794_37.5454975391919774|127.0791842773309526_37.5455452558775349|127.0785202210576728_37.5456904243164828
2026-09-04T18:34:05.570303+09:00,어린이대공원,어린이대공원,POI104,KEY_2,1040013104,광나루로,1040021501,어린이대공원역교차로,127.0743034621454655_37.5472999431202226,1040019702,능동465-10,127.0761424954991696_37.5465224763344168,185.0,7.0,정체,127.0761424954991696_37.5465224763344168|127.0756119425461179_37.5467840399242760|127.0751851251593791_37.5469944586241908|127.0751691298701047_37.5470022981979028|127.0749826196579164_37.5470937098645052|127.0749195443242172_37.5471163292778130|127.0747642377408795_37.5471720234904396|127.0745203439082331_37.5472498788895024|127.0743034621454655_37.5472999431202226
2026-09-04T18:34:05.570303+09:00,어린이대공원,어린이대공원,POI104,KEY_2,1040013500,광나루로,1040022106,화양삼거리,127.0705751138821142_37.5480841538030390,1040021504,어린이대공원역교차로,127.0741659660582599_37.5473332285597650,329.0,21.3,서행,127.0741659660582599_37.5473332285597650|127.0725793362072835_37.5477529486592232|127.0723983135173967_37.5477978010862756|127.0722290249340176_37.5478397458256126|127.0719422259231237_37.5478921797309795|127.0712641935088385_37.5479873932270394|127.0711515062522068_37.5480032170662241|127.0705751138821142_37.5480841538030390
2026-09-04T18:34:05.570303+09:00,어린이대공원,어린이대공원,POI104,KEY_2,1040014301,능동로,1040035000,능동 436-10,127.0764227755948639_37.5510178459050650,1040021501,어린이대공원역교차로,127.0743034621454655_37.5472999431202226,454.0,15.0,서행,127.0743034621454655_37.5472999431202226|127.0743627740555723_37.5473648979059718|127.0744499846126558_37.5474861903546113|127.0753298565593923_37.5489917495963965|127.0753384687054393_37.5490061886858584|127.0760108959974275_37.5501335583072020|127.0761500673246900_37.5503811278221491|127.0762744416538226_37.5506461437392076|127.0764227755948639_37.5510178459050650
2026-09-04T18:34:05.570303+09:00,어린이대공원,어린이대공원,POI104,KEY_2,1040036100,능동로32길,1040037800,능동 262-3,127.0873003378867026_37.5520986838956929,1040023704,아차산역(서울5호선),127.0894152102956696_37.5523730777975402,203.0,16.0,서행,127.0894152102956696_37.5523730777975402|127.0892263838892546_37.5523242468070180|127.0891766044352096_37.5523166637736523|127.0886595708244471_37.5523412692495668|127.0885738710277053_37.5523532015114228|127.0884820724995592_37.5524244455627922|127.0883918724937871_37.5524282928071429|127.0881666694092615_37.5523307128257855|127.0873648285240307_37.5520520112069249|127.0873476371065038_37.5520558576716894|127.0873003378867026_37.5520986838956929
2026-09-04T18:34:05.570303+09:00,여의도한강공원,여의도한강공원,POI105,KEY_3,1180002501,여의대로,1180050904,마포대교앞교차로,126.9294559117414423_37.5292538203661366,1180052400,마포대교,126.9307212821010751_37.5300463600273631,142.0,30.0,원활,126.9307212821010751_37.5300463600273631|126.9294559117414423_37.5292538203661366
2026-09-04T18:34:05.570303+09:00,여의도한강공원,여의도한강공원,POI105,KEY_3,1180002601,여의대로,1180051800,마포대교,126.9308059681326171_37.5299618570035207,1180050901,마포대교앞교차로,126.9295779021332464_37.5291926767471580,138.0,44.0,원활,126.9295779021332464_37.5291926767471580|126.9308059681326171_37.5299618570035207
2026-09-04T18:34:05.570303+09:00,여의도한강공원,여의도한강공원,POI105,KEY_3,1180002602,여의대로,1180263600,최소노드배치점,126.9340230665834355_37.5320236982424547,1180051800,마포대교,126.9308059681326171_37.5299618570035207,365.0,25.0,원활,126.9308059681326171_37.5299618570035207|126.9335784255592046_37.5317501054697615|126.9340230665834355_37.5320236982424547
2026-09-04T18:34:05.570303+09:00,여의도한강공원,여의도한강공원,POI105,KEY_3,1180018603,여의동로,1180248600,여의도동 7-6,126.9406867369458780_37.5205161735924975,1180007003,시범아파트앞교차로,126.9402919444834907_37.5208989401789523,56.0,22.0,서행,126.9402919444834907_37.5208989401789523|126.9404650735248765_37.5207821875801457|126.9406178353196282_37.5206239357599500|126.9406867369458780_37.5205161735924975
2026-09-04T18:34:05.570303+09:00,여의도한강공원,여의도한강공원,POI105,KEY_3,1180018705,여의동로,1180033601,여의상류IC,126.9410620352872030_37.5197641943777285,1180032700,여의상류IC,126.9408644596989291_37.5190433065538684,83.0,19.0,서행,126.9408644596989291_37.5190433065538684|126.9409385909511201_37.5191950815743880|126.9409922183505728_37.5193112485734019|126.9410273832007618_37.5194267107547716|126.9410583553759722_37.5195846269940034|126.9410620352872030_37.5197641943777285
2026-09-04T18:34:05.570303+09:00,여의도한강공원,여의도한강공원,POI105,KEY_3,1180018706,여의동로,1180248500,여의도동 7-5,126.9408076990061289_37.5205652394176070,1180033601,여의상류IC,126.9410620352872030_37.5197641943777285,92.0,20.0,서행,126.9410620352872030_37.5197641943777285|126.9410197256354849_37.5200367526254936|126.9409429071853452_37.5203021469964426|126.9408500463545408_37.5204990074997298|126.9408076990061289_37.5205652394176070
2026-09-04T18:34:05.570303+09:00,여의도한강공원,여의도한강공원,POI105,KEY_3,1180024601,여의동로,1180007004,시범아파트앞교차로,126.9401991775211798_37.5209785278175971,1180007602,원효대교앞교차로,126.9377991695937595_37.5228304435030964,295.0,21.0,서행,126.9377991695937595_37.5228304435030964|126.9394041207515187_37.5216176335209894|126.9401086909208090_37.5210660656542530|126.9401991775211798_37.5209785278175971
2026-09-04T18:34:05.570303+09:00,여의도한강공원,여의도한강공원,POI105,KEY_3,1180024701,여의동로,1180039300,원효대교(남측),126.9394984211137256_37.5216954122665811,1180007001,시범아파트앞교차로,126.9403039746038786_37.5210472508129982,101.0,38.0,원활,126.9403039746038786_37.5210472508129982|126.9402089441002488_37.5211391841689448|126.9394984211137256_37.5216954122665811
2026-09-04T18:34:05.570303+09:00,여의도한강공원,여의도한강공원,POI105,KEY_3,1180024702,여의동로,1180007601,원효대교앞교차로,126.9379087682920613_37.5228966618330730,1180039300,원효대교(남측),126.9394984211137256_37.5216954122665811,194.0,22.0,서행,126.9394984211137256_37.5216954122665811|126.9379087682920613_37.5228966618330730
2026-09-04T18:34:05.570303+09:00,여의도한강공원,여의도한강공원,POI105,KEY_3,1180027701,여의동로,1180044300,원효대교(남측),126.9363222446695119_37.5240962818884185,1180007604,원효대교앞교차로,126.9378089860223895_37.5229720840527037,181.0,8.0,정체,126.9378089860223895_37.5229720840527037|126.9363222446695119_37.5240962818884185
2026-09-04T18:34:05.570303+09:00,여의도한강공원,여의도한강공원,POI105,KEY_3,1180027702,여의동로,1180008201,여의도선착장앞교차로,126.9353157098191645_37.5248573421928668,1180044300,원효대교(남측),126.9363222446695119_37.5240962818884185,123.0,8.0,정체,126.9363222446695119_37.5240962818884185|126.9353157098191645_37.5248573421928668
2026-09-04T18:34:05.570303+09:00,여의도한강공원,여의도한강공원,POI105,KEY_3,1180031700,여의대방로,1180263900,최소노드배치점,126.9423668339206870_37.5252518313100794,1180043100,원효대교남단,126.9389194214592607_37.5234603791527448,364.0,51.5,원활,126.9389194214592607_37.5234603791527448|126.9423668339206870_37.5252518313100794
2026-09-04T18:34:05.570303+09:00,여의도한강공원,여의도한강공원,POI105,KEY_3,1180033501,여의동로,1180050000,마포대교남측,126.9304020221015321_37.5286131745307898,1180009104,여의중고교앞교차로,126.9325853985016863_37.5269417668937137,268.0,13.0,정체,126.9325853985016863_37.5269417668937137|126.9317038491518019_37.5276028935370434|126.9307836236958451_37.5283174604033363|126.9306853496340324_37.5283936719680753|126.9304020221015321_37.5286131745307898
2026-09-04T18:34:05.570303+09:00,여의도한강공원,여의도한강공원,POI105,KEY_3,1180033503,여의동로,1180050901,마포대교앞교차로,126.9295779021332464_37.5291926767471580,1180050000,마포대교남측,126.9304020221015321_37.5286131745307898,97.0,11.0,정체,126.9304020221015321_37.5286131745307898|126.9299369050538218_37.5289735100707489|126.9295779021332464_37.5291926767471580
2026-09-04T18:34:05.570303+09:00,여의도한강공원,여의도한강공원,POI105,KEY_3,1180038004,여의서로,1180057702,여의하류IC,126.9116446085465810_37.5333341738394211,1180010601,여의하류IC,126.9158866788485369_37.5334891812985134,389.0,18.0,서행,126.9158866788485369_37.5334891812985134|126.9157160525504509_37.5335075640938882|126.9145253690237212_37.5336052142657834|126.9129473608267773_37.5337346107591614|126.9127263123781830_37.5337454488282916|126.9125619724539717_37.5337376282147730|126.9123498788537177_37.5336886646839432|126.9121669423552277_37.5336324766132563|126.9119754499676134_37.5335430187373973|126.9117951706554237_37.5334397412671237|126.9116446085465810_37.5333341738394211
2026-09-04T18:34:05.570303+09:00,여의도한강공원,여의도한강공원,POI105,KEY_3,1180038702,여의서로,1180323000,최소노드배치점,126.9187881082516611_37.5328709059154022,1180010304,서강대교(남측),126.9216090189517701_37.5320376430852960,266.0,6.0,정체,126.9216090189517701_37.5320376430852960|126.9203533112228826_37.5324099776008708|126.9202812799588713_37.5324311902864451|126.9187881082516611_37.5328709059154022
2026-09-04T18:34:05.570303+09:00,여의도한강공원,여의도한강공원,POI105,KEY_3,1180039200,올림픽대로,1180058400,여의하류IC,126.9148490647562824_37.5338551834337650,1180010601,여의하류IC,126.9158866788485369_37.5334891812985134,100.0,7.0,정체,126.9158866788485369_37.5334891812985134|126.9155841280332453_37.5335956228786003|126.9148490647562824_37.5338551834337650
2026-09-04T18:34:05.570303+09:00,여의도한강공원,여의도한강공원,POI105,KEY_3,1180041102,국회대로,1180274900,최소노드배치점,126.9238759567866452_37.5352270758419237,1180010301,서강대교(남측),126.9217369577254289_37.5319990605573608,405.0,56.7,원활,126.9217369577254289_37.5319990605573608|126.9234661246942437_37.5346102805177892|126.9238759567866452_37.5352270758419237
2026-09-04T18:34:05.570303+09:00,여의도한강공원,여의도한강공원,POI105,KEY_3,1180086000,여의대방로,1180043100,원효대교남단,126.9389194214592607_37.5234603791527448,1180038401,원효대교(남측),126.9355118374576392_37.5214344074539099,377.0,53.3,원활,126.9355118374576392_37.5214344074539099|126.9357682265078324_37.5215237383808358|126.9368814016096110_37.5222080746101767|126.9378844663648636_37.5228141242598880|126.9386342653729258_37.5232817445596751|126.9389194214592607_37.5234603791527448
2026-09-04T18:34:05.570303+09:00,여의도한강공원,여의도한강공원,POI105,KEY_3,1180086100,여의대방로,1180038402,원효대교(남측),126.9354288936371944_37.5215199968422155,1180043400,원효대교남단,126.9388452416195463_37.5235509284484792,378.0,6.0,정체,126.9388452416195463_37.5235509284484792|126.9385269005017420_37.5234022392466500|126.9377236729463903_37.5229883934775685|126.9367164135576331_37.5223798075140991|126.9356023408485044_37.5216949187275617|126.9354288936371944_37.5215199968422155
2026-09-04T18:34:05.570303+09:00,여의도한강공원,여의도한강공원,POI105,KEY_3,1180086200,여의대방로,1180043100,원효대교남단,126.9389194214592607_37.5234603791527448,1180039300,원효대교(남측),126.9394984211137256_37.5216954122665811,256.0,45.0,원활,126.9394984211137256_37.5216954122665811|126.9394143576814571_37.5217932892441297|126.9390639344829168_37.5220578983287538|126.9386058222683715_37.5224039073714266|126.9384454643178373_37.5225455615191805|126.9383732776471589_37.5226476074626873|126.9383372872894142_37.5227369852470787|126.9383282232904264_37.5228406804968202|126.9383416241537788_37.5229229319018529|126.9383954201431948_37.5230195086963576|126.9384806415670255_37.5231196770154796|126.9389194214592607_37.5234603791527448
2026-09-04T18:34:05.570303+09:00,여의도한강공원,여의도한강공원,POI105,KEY_3,1180088800,여의동로,1180044300,원효대교(남측),126.9363222446695119_37.5240962818884185,1180043400,원효대교남단,126.9388452416195463_37.5235509284484792,262.0,5.0,정체,126.9388452416195463_37.5235509284484792|126.9384579493625438_37.5234164617016432|126.9382200598614503_37.5233412443599619|126.9380943813213918_37.5233018443910211|126.9379642022848174_37.5232767444369202|126.9378340066637492_37.5232731008024061|126.9376229810390129_37.5232872929537464|126.9374613272680392_37.5233193903731248|126.9373544849209878_37.5233714062846175|126.9371561824279837_37.5235065711294808|126.9363767315390135_37.5240925820042506|126.9363222446695119_37.5240962818884185
2026-09-04T18:34:05.570303+09:00,여의도한강공원,여의도한강공원,POI105,KEY_3,1180097300,여의대로,1180051800,마포대교,126.9308059681326171_37.5299618570035207,1180050000,마포대교남측,126.9304020221015321_37.5286131745307898,175.0,31.0,원활,126.9304020221015321_37.5286131745307898|126.9302674992351569_37.5287639444649983|126.9301715807580422_37.5289069217861453|126.9301534341487070_37.5291071595431802|126.9301772199870157_37.5292788143913825|126.9302847624288546_37.5295125003925918|126.9308059681326171_37.5299618570035207
2026-09-04T18:34:05.570303+09:00,여의도한강공원,여의도한강공원,POI105,KEY_3,1180098300,여의대로,1180051900,마포대교(남측),126.9282127564699607_37.5297704303567201,1180052400,마포대교,126.9307212821010751_37.5300463600273631,231.0,5.0,정체,126.9307212821010751_37.5300463600273631|126.9298072793187941_37.5297592892750274|126.9295379418201009_37.5296911879758781|126.9293044968049458_37.5296517134467038|126.9291024559104528_37.5296408650083890|126.9289048951919625_37.5296407462443824|126.9286983266459004_37.5296692285065987|126.9283704934996138_37.5297333958644117|126.9282127564699607_37.5297704303567201
2026-09-04T18:34:05.570303+09:00,여의도한강공원,여의도한강공원,POI105,KEY_3,1180103700,올림픽대로,1180056900,여의하류IC앞,126.9099107440064671_37.5323785517192547,1180058100,여의하류IC,126.9113470954211209_37.5334759494431651,183.0,42.0,서행,126.9113470954211209_37.5334759494431651|126.9112574345930824_37.5333543028651491|126.9111647860354850_37.5332278867742630|126.9110691582745005_37.5330895481243871|126.9109675293688468_37.5329631251105766|126.9108449616440879_37.5328247659603988|126.9107313287380663_37.5327245564036360|126.9105578407508830_37.5326123820790158|126.9103573956169413_37.5325144895265197|126.9101523716446422_37.5324473163778976|126.9099107440064671_37.5323785517192547
2026-09-04T18:34:05.570303+09:00,여의도한강공원,여의도한강공원,POI105,KEY_3,1180104000,올림픽대로,1180322800,최소노드배치점,126.9188633519518135_37.5330663833708513,1180054900,여의하류IC,126.9238476077766080_37.5313717470433375,486.0,7.0,정체,126.9238476077766080_37.5313717470433375|126.9235232634260058_37.5316199137243132|126.9232000481612062_37.5318505638760769|126.9230158194888247_37.5319791744498730|126.9228496134543036_37.5320470077723343|126.9224004740734983_37.5321647167067241|126.9210485355217912_37.5325392848552042|126.9195124922006812_37.5329065609222638|126.9188633519518135_37.5330663833708513
2026-09-04T18:34:05.570303+09:00,여의도한강공원,여의도한강공원,POI105,KEY_3,1180104100,올림픽대로,1180058200,여의하류IC,126.9088719404886518_37.5335782193263654,1180057200,여의하류IC앞,126.9095075762253231_37.5324759606280765,136.0,5.0,정체,126.9095075762253231_37.5324759606280765|126.9094010991301218_37.5327426013710124|126.9092574981122681_37.5331043762872483|126.9092073553575375_37.5331971336186072|126.9090893547378300_37.5333503643350284|126.9088719404886518_37.5335782193263654
2026-09-04T18:34:05.570303+09:00,여의도한강공원,여의도한강공원,POI105,KEY_3,1180104200,올림픽대로,1180056900,여의하류IC앞,126.9099107440064671_37.5323785517192547,1180057200,여의하류IC앞,126.9095075762253231_37.5324759606280765,244.0,33.5,서행,126.9095075762253231_37.5324759606280765|126.9094841950826407_37.5325994681253974|126.9094564797182016_37.5327452630529876|126.9094313198684887_37.5328977660792660|126.9094484590793002_37.5330027836566202|126.9095046031765150_37.5330984571128070|126.9095730635125250_37.5331512658508686|126.9096595477012244_37.5331970100760017|126.9097791981177750_37.5332143016489468|126.9099049867064224_37.5332125452215948|126.9100668986708342_37.5331871216565673|126.9101840428222800_37.5331423950281788|126.9102684147233475_37.5330760409922490|126.9103138214403117_37.5330142623253735|126.9103534441543815_37.5329262222845230|126.9103630663362168_37.5328451854664635|126.9103489008242747_37.5327425678390441|126.9103166942296639_37.5326493988199772|126.9102455019530993_37.5325631892314817|126.9101144752508361_37.5324695269450785|126.9099107440064671_37.5323785517192547
2026-09-04T18:34:05.570303+09:00,여의도한강공원,여의도한강공원,POI105,KEY_3,1180104400,올림픽대로,1180058200,여의하류IC,126.9088719404886518_37.5335782193263654,1180058100,여의하류IC,126.9113470954211209_37.5334759494431651,236.0,4.0,정체,126.9113470954211209_37.5334759494431651|126.9111690623947908_37.5333607524628903|126.9109989641811467_37.5332847817553272|126.9108511282904743_37.5332339637287120|126.9106941120611651_37.5332081395440156|126.9105324361279230_37.5332037554386346|126.9103751385429319_37.5332137012479095|126.9102175873575931_37.5332558412137871|126.9100735400548814_37.5332944719436838|126.9099296329114139_37.5333152159377619|126.9097947662082930_37.5333288514592383|126.9096330327877951_37.5333316200244838|126.9094937305390545_37.5333380780400887|126.9093228160708549_37.5333658410132927|126.9091877513593118_37.5334045154003917|126.9090840728703284_37.5334505001922309|126.9088719404886518_37.5335782193263654
2026-09-04T18:34:05.570303+09:00,여의도한강공원,여의도한강공원,POI105,KEY_3,1180104700,올림픽대로,1180057702,여의하류IC,126.9116446085465810_37.5333341738394211,1180058600,여의하류IC,126.9124480904624335_37.5340012297976102,103.0,23.0,정체,126.9124480904624335_37.5340012297976102|126.9122745980778859_37.5338890571121127|126.9120682102647208_37.5337482538104155|126.9119545687167232_37.5336528126330577|126.9118678582978959_37.5335669276376009|126.9117632252879702_37.5334476543186142|126.9116446085465810_37.5333341738394211
2026-09-04T18:34:05.570303+09:00,여의도한강공원,여의도한강공원,POI105,KEY_3,1180105100,올림픽대로,1180058100,여의하류IC,126.9113470954211209_37.5334759494431651,1180058600,여의하류IC,126.9124480904624335_37.5340012297976102,118.0,5.0,정체,126.9124480904624335_37.5340012297976102|126.9122714926787694_37.5339844113092269|126.9121398055384304_37.5339604738344619|126.9119004108432165_37.5338863945131394|126.9117179131641819_37.5337956707200888|126.9115683555591261_37.5336954342220679|126.9114666742656965_37.5336119217694275|126.9113470954211209_37.5334759494431651
2026-09-04T18:34:05.570303+09:00,여의도한강공원,여의도한강공원,POI105,KEY_3,1180105300,올림픽대로,1180058600,여의하류IC,126.9124480904624335_37.5340012297976102,1180058400,여의하류IC,126.9148490647562824_37.5338551834337650,213.0,7.0,정체,126.9148490647562824_37.5338551834337650|126.9146365081849410_37.5338693333682087|126.9127833540508021_37.5340110131640330|126.9126216957507864_37.5340180458078123|126.9124480904624335_37.5340012297976102
2026-09-04T18:34:05.570303+09:00,여의도한강공원,여의도한강공원,POI105,KEY_3,1180105700,올림픽대로,1180001500,여의하류IC,126.9073822654269605_37.5347960718864755,1180058200,여의하류IC,126.9088719404886518_37.5335782193263654,189.0,6.0,정체,126.9088719404886518_37.5335782193263654|126.9083242197496730_37.5341084847941602|126.9081522571456162_37.5342685986380289|126.9077456701091364_37.5345598932521654|126.9073822654269605_37.5347960718864755
2026-09-04T18:34:05.570303+09:00,여의도한강공원,여의도한강공원,POI105,KEY_3,1180131800,올림픽대로,1180073200,여의상류IC,126.9413747929981042_37.5171839921024386,1180072900,여의상류IC,126.9406083800987517_37.5174248708792817,223.0,5.5,정체,126.9406083800987517_37.5174248708792817|126.9405930312344424_37.5175435153873309|126.9406092616678592_37.5176670087558009|126.9406471748521454_37.5177969651017236|126.9407050223394009_37.5178687842951106|126.9407719322446866_37.5179299139964257|126.9408479565857988_37.5179732011517402|126.9409330178654471_37.5180093757528255|126.9410361749584411_37.5180277509984137|126.9411618942258571_37.5180319231682446|126.9413057634171480_37.5180111401280030|126.9414454615370147_37.5179474103264710|126.9415493929910213_37.5178620475961679|126.9416038699689295_37.5177836052660467|126.9416231424661277_37.5177302402591408|126.9416451412587463_37.5176693288908751|126.9416504315423992_37.5175620364262841|126.9416241520395943_37.5174724808295537|126.9415895959336780_37.5173712900806677|126.9415130106084462_37.5172832160456764|126.9414200748953476_37.5172121420924327|126.9413747929981042_37.5171839921024386
2026-09-04T18:34:05.570303+09:00,여의도한강공원,여의도한강공원,POI105,KEY_3,1180131900,올림픽대로,1180033601,여의상류IC,126.9410620352872030_37.5197641943777285,1180073300,여의상류IC,126.9429855095649771_37.5174961988850910,356.0,14.0,정체,126.9429855095649771_37.5174961988850910|126.9425770783428646_37.5174620764480835|126.9423645811656343_37.5174515339232642|126.9422687580351123_37.5174534666303643|126.9421458647768333_37.5174719653657647|126.9420678452474931_37.5174954451136884|126.9419987904991132_37.5175213520105117|126.9419236224377983_37.5175639235214362|126.9418634063433728_37.5176089512716757|126.9418000721829998_37.5176706568276828|126.9417427069557931_37.5177485130741815|126.9416003222524836_37.5179582783130741|126.9415367386929461_37.5180533702759931|126.9414333808193476_37.5182627473598558|126.9414028723800385_37.5183389174551678|126.9413353512353808_37.5185603874609441|126.9413075523894747_37.5186747280699180|126.9411772528702187_37.5192846297340026|126.9411243449818727_37.5195538654257774|126.9410620352872030_37.5197641943777285
2026-09-04T18:34:05.570303+09:00,여의서로,여의서로,POI126,KEY_4,1180031402,국회대로,1180046001,여의2교남단교차로,126.9110548372880771_37.5257645667991255,1180047804,의원회관앞교차로,126.9134650625379095_37.5269942928087872,253.0,4.0,정체,126.9134650625379095_37.5269942928087872|126.9110548372880771_37.5257645667991255
2026-09-04T18:34:05.570303+09:00,여의서로,여의서로,POI126,KEY_4,1180031502,국회대로,1180047803,의원회관앞교차로,126.9135274643399640_37.5268977275474711,1180046002,여의2교남단교차로,126.9111139413039098_37.5256663196409335,253.0,13.0,정체,126.9111139413039098_37.5256663196409335|126.9135274643399640_37.5268977275474711
2026-09-04T18:34:05.570303+09:00,여의서로,여의서로,POI126,KEY_4,1180036401,국회대로,1180155000,여의도동 1-1,126.9184061280869713_37.5300009967483419,1180010303,서강대교(남측),126.9215102204224763_37.5319506286676088,350.0,10.0,정체,126.9215102204224763_37.5319506286676088|126.9210461430147205_37.5316255718379566|126.9203325255415535_37.5311864488027496|126.9197419650193126_37.5308230414341679|126.9191619518192908_37.5304661181429466|126.9185557758553813_37.5300930883489983|126.9184061280869713_37.5300009967483419
2026-09-04T18:34:05.570303+09:00,여의서로,여의서로,POI126,KEY_4,1180038001,여의서로,1180047804,의원회관앞교차로,126.9134650625379095_37.5269942928087872,1180050300,여의하류IC,126.9125858842577514_37.5288463372735421,220.0,8.0,정체,126.9125858842577514_37.5288463372735421|126.9133384396445194_37.5272156123272751|126.9134650625379095_37.5269942928087872
2026-09-04T18:34:05.570303+09:00,여의서로,여의서로,POI126,KEY_4,1180038003,여의서로,1180323100,최소노드배치점,126.9117402894865307_37.5311049087075475,1180057702,여의하류IC,126.9116446085465810_37.5333341738394211,262.0,35.0,원활,126.9116446085465810_37.5333341738394211|126.9114652390462226_37.5331501506058203|126.9113732100930463_37.5329943489975122|126.9112983897178282_37.5327900539595092|126.9112674876685105_37.5325516232177918|126.9112865696183974_37.5323367272189188|126.9113546059211899_37.5321355343469492|126.9114569592268964_37.5318631682642589|126.9115238408340929_37.5316841785415747|126.9117402894865307_37.5311049087075475
2026-09-04T18:34:05.570303+09:00,여의서로,여의서로,POI126,KEY_4,1180038004,여의서로,1180057702,여의하류IC,126.9116446085465810_37.5333341738394211,1180010601,여의하류IC,126.9158866788485369_37.5334891812985134,389.0,18.0,서행,126.9158866788485369_37.5334891812985134|126.9157160525504509_37.5335075640938882|126.9145253690237212_37.5336052142657834|126.9129473608267773_37.5337346107591614|126.9127263123781830_37.5337454488282916|126.9125619724539717_37.5337376282147730|126.9123498788537177_37.5336886646839432|126.9121669423552277_37.5336324766132563|126.9119754499676134_37.5335430187373973|126.9117951706554237_37.5334397412671237|126.9116446085465810_37.5333341738394211
2026-09-04T18:34:05.570303+09:00,여의서로,여의서로,POI126,KEY_4,1180038101,여의서로,1180141500,여의도동 8-1,126.9125034013571849_37.5294588335489934,1180047801,의원회관앞교차로,126.9135777323507170_37.5270581170031505,283.0,34.3,원활,126.9135777323507170_37.5270581170031505|126.9134640961386822_37.5272567387847005|126.9127147702930785_37.5288800985185560|126.9125034013571849_37.5294588335489934
2026-09-04T18:34:05.570303+09:00,여의서로,여의서로,POI126,KEY_4,1180038102,여의서로,1180136800,여의도동 8-1,126.9145114614992735_37.5334976629259458,1180057701,여의하류IC,126.9117432717733465_37.5332606350129012,257.0,19.0,서행,126.9117432717733465_37.5332606350129012|126.9118798764054787_37.5333550779968661|126.9120496011042292_37.5334523089724428|126.9122261082116410_37.5335347665300532|126.9123932874727672_37.5335861143590392|126.9125852087945532_37.5336304218281285|126.9127261896915257_37.5336371304333341|126.9129362320318251_37.5336268320589994|126.9145114614992735_37.5334976629259458
2026-09-04T18:34:05.570303+09:00,여의서로,여의서로,POI126,KEY_4,1180038602,여의서로,1180199400,여의도동 8-1,126.9180805162101962_37.5329548925892027,1180010602,여의하류IC,126.9158651872016321_37.5333825331527251,202.0,19.0,서행,126.9158651872016321_37.5333825331527251|126.9163150027583100_37.5333154038283041|126.9167447105342319_37.5332479919289739|126.9172043329491686_37.5331630452426737|126.9179823764344519_37.5329820256749258|126.9180805162101962_37.5329548925892027
2026-09-04T18:34:05.570303+09:00,여의서로,여의서로,POI126,KEY_4,1180038702,여의서로,1180323000,최소노드배치점,126.9187881082516611_37.5328709059154022,1180010304,서강대교(남측),126.9216090189517701_37.5320376430852960,266.0,6.0,정체,126.9216090189517701_37.5320376430852960|126.9203533112228826_37.5324099776008708|126.9202812799588713_37.5324311902864451|126.9187881082516611_37.5328709059154022
2026-09-04T18:34:05.570303+09:00,여의서로,여의서로,POI126,KEY_4,1180039200,올림픽대로,1180058400,여의하류IC,126.9148490647562824_37.5338551834337650,1180010601,여의하류IC,126.9158866788485369_37.5334891812985134,100.0,7.0,정체,126.9158866788485369_37.5334891812985134|126.9155841280332453_37.5335956228786003|126.9148490647562824_37.5338551834337650
2026-09-04T18:34:05.570303+09:00,여의서로,여의서로,POI126,KEY_4,1180041102,국회대로,1180274900,최소노드배치점,126.9238759567866452_37.5352270758419237,1180010301,서강대교(남측),126.9217369577254289_37.5319990605573608,405.0,56.7,원활,126.9217369577254289_37.5319990605573608|126.9234661246942437_37.5346102805177892|126.9238759567866452_37.5352270758419237
2026-09-04T18:34:05.570303+09:00,여의서로,여의서로,POI126,KEY_4,1180093800,올림픽대로,1180046700,여의하류IC,126.9139332883952989_37.5258302984319769,1180049300,여의하류IC,126.9124219382957364_37.5282059407288671,296.0,36.0,원활,126.9124219382957364_37.5282059407288671|126.9126709766838559_37.5276959699368291|126.9130099086824686_37.5271002435067516|126.9134446643213892_37.5264640601462816|126.9135615846091270_37.5263044242820101|126.9139332883952989_37.5258302984319769
2026-09-04T18:34:05.570303+09:00,여의서로,여의서로,POI126,KEY_4,1180097500,올림픽대로,1180049300,여의하류IC,126.9124219382957364_37.5282059407288671,1180053000,여의하류IC,126.9116502139587652_37.5302817461312657,241.0,31.0,원활,126.9116502139587652_37.5302817461312657|126.9117554871957765_37.5298527220926914|126.9119085944505940_37.5294737959552691|126.9122868518727643_37.5285372036068665|126.9124219382957364_37.5282059407288671
2026-09-04T18:34:05.570303+09:00,여의서로,여의서로,POI126,KEY_4,1180098200,여의서로,1180050300,여의하류IC,126.9125858842577514_37.5288463372735421,1180053000,여의하류IC,126.9116502139587652_37.5302817461312657,180.0,8.0,정체,126.9116502139587652_37.5302817461312657|126.9119321014785982_37.5298480867291033|126.9124478698020368_37.5290689337596177|126.9125858842577514_37.5288463372735421
2026-09-04T18:34:05.570303+09:00,여의서로,여의서로,POI126,KEY_4,1180100100,올림픽대로,1180053000,여의하류IC,126.9116502139587652_37.5302817461312657,1180054600,여의하류IC,126.9113467485372553_37.5312398487618282,110.0,34.0,원활,126.9113467485372553_37.5312398487618282|126.9114940115750727_37.5307441067722678|126.9116502139587652_37.5302817461312657
2026-09-04T18:34:05.570303+09:00,여의서로,여의서로,POI126,KEY_4,1180101100,올림픽대로,1180054600,여의하류IC,126.9113467485372553_37.5312398487618282,1180053900,여의하류IC,126.9101796785526517_37.5308445942274886,161.0,37.0,서행,126.9101796785526517_37.5308445942274886|126.9101931014992317_37.5310414092060398|126.9102886836397630_37.5312624829991321|126.9103927384446138_37.5313583960722070|126.9105342246899681_37.5314544950895836|126.9107135639955573_37.5314971247237921|126.9109007655329577_37.5314920961623173|126.9111183798562479_37.5314275989006632|126.9112086357648082_37.5313743906016768|126.9113467485372553_37.5312398487618282
2026-09-04T18:34:05.570303+09:00,여의서로,여의서로,POI126,KEY_4,1180102100,올림픽대로,1180055000,여의하류IC앞,126.9097766577302622_37.5319288643150841,1180056700,여의하류IC앞,126.9099677257352141_37.5322885743723162,247.0,4.0,정체,126.9099677257352141_37.5322885743723162|126.9101802749627552_37.5322898012020829|126.9104318980016188_37.5322803263696159|126.9105533440733069_37.5322594692428169|126.9106435161752842_37.5322169922414162|126.9107278503933003_37.5321554077364397|126.9108033508016575_37.5320746999620383|126.9108579076633276_37.5319915030838942|126.9108854019603427_37.5319224810316570|126.9108979423341879_37.5318509987701034|126.9108805013922705_37.5317841367436387|126.9108362782712049_37.5316956773246275|126.9107828271066865_37.5316381747174148|126.9106874170305019_37.5315852327633905|126.9105858681555645_37.5315513377507699|126.9104842061042717_37.5315317522630707|126.9103943910203895_37.5315289189790775|126.9102954982978702_37.5315379647373817|126.9102025389048976_37.5315541941005435|126.9100974322583681_37.5315918264329014|126.9100101221350911_37.5316510106624506|126.9099196124940221_37.5317364124159667|126.9097766577302622_37.5319288643150841
2026-09-04T18:34:05.570303+09:00,여의서로,여의서로,POI126,KEY_4,1180103300,올림픽대로,1180054600,여의하류IC,126.9113467485372553_37.5312398487618282,1180056700,여의하류IC앞,126.9099677257352141_37.5322885743723162,207.0,40.0,원활,126.9099677257352141_37.5322885743723162|126.9102019059527322_37.5323529642993847|126.9104144226252089_37.5323881863476316|126.9105551300773840_37.5323763736599858|126.9106838828241166_37.5323478643264963|126.9107976882863937_37.5323026561256228|126.9109025353903490_37.5322383695701731|126.9109714553170818_37.5321788239392902|126.9110374194450657_37.5320882852129003|126.9110944195145976_37.5319834363101563|126.9113016746642160_37.5313852328840198|126.9113467485372553_37.5312398487618282
2026-09-04T18:34:05.570303+09:00,여의서로,여의서로,POI126,KEY_4,1180103700,올림픽대로,1180056900,여의하류IC앞,126.9099107440064671_37.5323785517192547,1180058100,여의하류IC,126.9113470954211209_37.5334759494431651,183.0,42.0,서행,126.9113470954211209_37.5334759494431651|126.9112574345930824_37.5333543028651491|126.9111647860354850_37.5332278867742630|126.9110691582745005_37.5330895481243871|126.9109675293688468_37.5329631251105766|126.9108449616440879_37.5328247659603988|126.9107313287380663_37.5327245564036360|126.9105578407508830_37.5326123820790158|126.9103573956169413_37.5325144895265197|126.9101523716446422_37.5324473163778976|126.9099107440064671_37.5323785517192547
2026-09-04T18:34:05.570303+09:00,여의서로,여의서로,POI126,KEY_4,1180104000,올림픽대로,1180322800,최소노드배치점,126.9188633519518135_37.5330663833708513,1180054900,여의하류IC,126.9238476077766080_37.5313717470433375,486.0,7.0,정체,126.9238476077766080_37.5313717470433375|126.9235232634260058_37.5316199137243132|126.9232000481612062_37.5318505638760769|126.9230158194888247_37.5319791744498730|126.9228496134543036_37.5320470077723343|126.9224004740734983_37.5321647167067241|126.9210485355217912_37.5325392848552042|126.9195124922006812_37.5329065609222638|126.9188633519518135_37.5330663833708513
2026-09-04T18:34:05.570303+09:00,여의서로,여의서로,POI126,KEY_4,1180104400,올림픽대로,1180058200,여의하류IC,126.9088719404886518_37.5335782193263654,1180058100,여의하류IC,126.9113470954211209_37.5334759494431651,236.0,4.0,정체,126.9113470954211209_37.5334759494431651|126.9111690623947908_37.5333607524628903|126.9109989641811467_37.5332847817553272|126.9108511282904743_37.5332339637287120|126.9106941120611651_37.5332081395440156|126.9105324361279230_37.5332037554386346|126.9103751385429319_37.5332137012479095|126.9102175873575931_37.5332558412137871|126.9100735400548814_37.5332944719436838|126.9099296329114139_37.5333152159377619|126.9097947662082930_37.5333288514592383|126.9096330327877951_37.5333316200244838|126.9094937305390545_37.5333380780400887|126.9093228160708549_37.5333658410132927|126.9091877513593118_37.5334045154003917|126.9090840728703284_37.5334505001922309|126.9088719404886518_37.5335782193263654
2026-09-04T18:34:05.570303+09:00,여의서로,여의서로,POI126,KEY_4,1180104700,올림픽대로,1180057702,여의하류IC,126.9116446085465810_37.5333341738394211,1180058600,여의하류IC,126.9124480904624335_37.5340012297976102,103.0,23.0,정체,126.9124480904624335_37.5340012297976102|126.9122745980778859_37.5338890571121127|126.9120682102647208_37.5337482538104155|126.9119545687167232_37.5336528126330577|126.9118678582978959_37.5335669276376009|126.9117632252879702_37.5334476543186142|126.9116446085465810_37.5333341738394211
2026-09-04T18:34:05.570303+09:00,여의서로,여의서로,POI126,KEY_4,1180105100,올림픽대로,1180058100,여의하류IC,126.9113470954211209_37.5334759494431651,1180058600,여의하류IC,126.9124480904624335_37.5340012297976102,118.0,5.0,정체,126.9124480904624335_37.5340012297976102|126.9122714926787694_37.5339844113092269|126.9121398055384304_37.5339604738344619|126.9119004108432165_37.5338863945131394|126.9117179131641819_37.5337956707200888|126.9115683555591261_37.5336954342220679|126.9114666742656965_37.5336119217694275|126.9113470954211209_37.5334759494431651
2026-09-04T18:34:05.570303+09:00,여의서로,여의서로,POI126,KEY_4,1180105300,올림픽대로,1180058600,여의하류IC,126.9124480904624335_37.5340012297976102,1180058400,여의하류IC,126.9148490647562824_37.5338551834337650,213.0,7.0,정체,126.9148490647562824_37.5338551834337650|126.9146365081849410_37.5338693333682087|126.9127833540508021_37.5340110131640330|126.9126216957507864_37.5340180458078123|126.9124480904624335_37.5340012297976102
2026-09-04T18:34:05.570303+09:00,올림픽공원,올림픽공원,POI127,KEY_1,1230023301,양재대로,1230222600,방이동 217-2,127.1268249994781740_37.5100254368363224,1230040803,올림픽공원앞교차로,127.1279156747526429_37.5117452056324225,214.0,11.0,정체,127.1279156747526429_37.5117452056324225|127.1268249994781740_37.5100254368363224
2026-09-04T18:34:05.570303+09:00,올림픽공원,올림픽공원,POI127,KEY_1,1230023904,위례성대로,1230038803,오금초교,127.1315805616083452_37.5102624702576577,1230040802,올림픽공원앞교차로,127.1280368042940410_37.5116964262882320,351.0,31.0,원활,127.1280368042940410_37.5116964262882320|127.1315805616083452_37.5102624702576577
2026-09-04T18:34:05.570303+09:00,올림픽공원,올림픽공원,POI127,KEY_1,1230024003,위례성대로,1230040801,올림픽공원앞교차로,127.1280993215722361_37.5117923995774305,1230038804,오금초교,127.1316420322552858_37.5103588665718206,351.0,11.0,정체,127.1316420322552858_37.5103588665718206|127.1280993215722361_37.5117923995774305
2026-09-04T18:34:05.570303+09:00,올림픽공원,올림픽공원,POI127,KEY_1,1230024703,가락로,1230042404,에뜨왈리코리아,127.1197334005263002_37.5127417204113840,1230008303,방이초교앞교차로,127.1208213191434737_37.5145580278620869,223.0,13.0,정체,127.1208213191434737_37.5145580278620869|127.1197334005263002_37.5127417204113840
2026-09-04T18:34:05.570303+09:00,올림픽공원,올림픽공원,POI127,KEY_1,1230024803,가락로,1230008302,방이초교앞교차로,127.1209450232393436_37.5145134722125775,1230042401,에뜨왈리코리아,127.1198552228544401_37.5126940280713512,224.0,20.0,서행,127.1198552228544401_37.5126940280713512|127.1209450232393436_37.5145134722125775
2026-09-04T18:34:05.570303+09:00,올림픽공원,올림픽공원,POI127,KEY_1,1230025502,위례성대로12길,1230384600,방이동 75-1,127.1226867891286361_37.5132366843652107,1230008203,올림픽공원남2문,127.1230115468975583_37.5137580552017056,65.0,17.0,서행,127.1230115468975583_37.5137580552017056|127.1226867891286361_37.5132366843652107
2026-09-04T18:34:05.570303+09:00,올림픽공원,올림픽공원,POI127,KEY_1,1230025602,위례성대로12길,1230008202,올림픽공원남2문,127.1231332582007383_37.5137101955394456,1230041001,제이에스빌딩,127.1219838454871649_37.5118648795729470,229.0,22.0,서행,127.1219838454871649_37.5118648795729470|127.1228083768162378_37.5131886276024815|127.1231332582007383_37.5137101955394456
2026-09-04T18:34:05.570303+09:00,올림픽공원,올림픽공원,POI127,KEY_1,1230026102,위례성대로,1230040803,올림픽공원앞교차로,127.1279156747526429_37.5117452056324225,1230042502,방이동 181-7,127.1254911970844859_37.5127168656425241,240.0,10.0,정체,127.1254911970844859_37.5127168656425241|127.1279156747526429_37.5117452056324225
2026-09-04T18:34:05.570303+09:00,올림픽공원,올림픽공원,POI127,KEY_1,1230026103,위례성대로,1230042503,방이동 181-7,127.1253705911887266_37.5127664663946732,1230008202,올림픽공원남2문,127.1231332582007383_37.5137101955394456,224.0,11.0,정체,127.1231332582007383_37.5137101955394456|127.1253705911887266_37.5127664663946732
2026-09-04T18:34:05.570303+09:00,올림픽공원,올림픽공원,POI127,KEY_1,1230026202,위례성대로,1230008201,올림픽공원남2문,127.1231967749277914_37.5138057465937962,1230040804,올림픽공원앞교차로,127.1279781659139445_37.5118411937980127,476.0,36.7,원활,127.1279781659139445_37.5118411937980127|127.1255521973024827_37.5128134512352105|127.1254341104055641_37.5128620169255242|127.1231967749277914_37.5138057465937962
2026-09-04T18:34:05.570303+09:00,올림픽공원,올림픽공원,POI127,KEY_1,1230026702,백제고분로,1230397100,방이동 94-4,127.1155243442379685_37.5158080782483836,1230045403,올림픽공원남4문앞교차로,127.1158353619488821_37.5163285598069436,64.0,13.0,정체,127.1158353619488821_37.5163285598069436|127.1155243442379685_37.5158080782483836
2026-09-04T18:34:05.570303+09:00,올림픽공원,올림픽공원,POI127,KEY_1,1230026802,백제고분로,1230045402,올림픽공원남4문앞교차로,127.1159592191718559_37.5162842594980717,1230043901,방이중,127.1149670532686144_37.5146238680820474,204.0,6.0,정체,127.1149670532686144_37.5146238680820474|127.1156469051217641_37.5157616102810749|127.1159592191718559_37.5162842594980717
2026-09-04T18:34:05.570303+09:00,올림픽공원,올림픽공원,POI127,KEY_1,1230027100,위례성대로,1230008203,올림픽공원남2문,127.1230115468975583_37.5137580552017056,1230008302,방이초교앞교차로,127.1209450232393436_37.5145134722125775,201.0,42.0,원활,127.1209450232393436_37.5145134722125775|127.1230115468975583_37.5137580552017056
2026-09-04T18:34:05.570303+09:00,올림픽공원,올림픽공원,POI127,KEY_1,1230027200,위례성대로,1230424900,최소노드배치점,127.1195466393614311_37.5151289900827436,1230008204,올림픽공원남2문,127.1230681603091739_37.5138563218870544,342.0,32.0,원활,127.1230681603091739_37.5138563218870544|127.1210016343324725_37.5146117395583261|127.1208765811574466_37.5146567818947432|127.1195466393614311_37.5151289900827436
2026-09-04T18:34:05.570303+09:00,올림픽공원,올림픽공원,POI127,KEY_1,1230028100,위례성대로,1230008303,방이초교앞교차로,127.1208213191434737_37.5145580278620869,1230045402,올림픽공원남4문앞교차로,127.1159592191718559_37.5162842594980717,471.0,39.0,원활,127.1159592191718559_37.5162842594980717|127.1194913787483216_37.5150302354333220|127.1208213191434737_37.5145580278620869
2026-09-04T18:34:05.570303+09:00,올림픽공원,올림픽공원,POI127,KEY_1,1230028702,양재대로,1230040804,올림픽공원앞교차로,127.1279781659139445_37.5118411937980127,1230043503,방이동 89-28,127.1293137788365044_37.5138391508336753,251.0,15.0,서행,127.1293137788365044_37.5138391508336753|127.1279781659139445_37.5118411937980127
2026-09-04T18:34:05.570303+09:00,올림픽공원,올림픽공원,POI127,KEY_1,1230028703,양재대로,1230043504,방이동 89-28,127.1293758864878356_37.5139336243623376,1230044603,올림픽공원동문교차로,127.1305797082937374_37.5157953632322290,232.0,25.0,원활,127.1305797082937374_37.5157953632322290|127.1293758864878356_37.5139336243623376
2026-09-04T18:34:05.570303+09:00,올림픽공원,올림픽공원,POI127,KEY_1,1230028704,양재대로,1230044604,올림픽공원동문교차로,127.1306432453781667_37.5158930503733714,1230047803,오륜교,127.1316412754749763_37.5174145740411831,191.0,24.5,서행,127.1316412754749763_37.5174145740411831|127.1306432453781667_37.5158930503733714
2026-09-04T18:34:05.570303+09:00,올림픽공원,올림픽공원,POI127,KEY_1,1230028802,양재대로,1230043502,방이동 89-28,127.1294335833399884_37.5137883314546841,1230040801,올림픽공원앞교차로,127.1280993215722361_37.5117923995774305,251.0,24.0,서행,127.1280993215722361_37.5117923995774305|127.1294335833399884_37.5137883314546841
2026-09-04T18:34:05.570303+09:00,올림픽공원,올림픽공원,POI127,KEY_1,1230028803,양재대로,1230044602,올림픽공원동문교차로,127.1307066675273347_37.5157555807827805,1230043501,방이동 89-28,127.1294965542968640_37.5138841169906101,234.0,15.0,서행,127.1294965542968640_37.5138841169906101|127.1307066675273347_37.5157555807827805
2026-09-04T18:34:05.570303+09:00,올림픽공원,올림픽공원,POI127,KEY_1,1230028804,양재대로,1230047802,오륜교,127.1317615823722491_37.5173645046840889,1230044601,올림픽공원동문교차로,127.1307691739442731_37.5158515552836462,189.0,18.0,서행,127.1307691739442731_37.5158515552836462|127.1317615823722491_37.5173645046840889
2026-09-04T18:34:05.570303+09:00,올림픽공원,올림픽공원,POI127,KEY_1,1230029101,올림픽로,1230044901,잠실진주아파트앞교차로,127.1088533723906977_37.5162718111141373,1230047903,올림픽공원앞교차로,127.1125664517782781_37.5175764714066560,359.0,15.0,서행,127.1125664517782781_37.5175764714066560|127.1121927794052340_37.5174099266855308|127.1096586157180326_37.5165462608805385|127.1088533723906977_37.5162718111141373
2026-09-04T18:34:05.570303+09:00,올림픽공원,올림픽공원,POI127,KEY_1,1230029300,위례성대로,1230045403,올림픽공원남4문앞교차로,127.1158353619488821_37.5163285598069436,1230047902,올림픽공원앞교차로,127.1126327333255119_37.5174821175529445,311.0,14.0,정체,127.1126327333255119_37.5174821175529445|127.1158353619488821_37.5163285598069436
2026-09-04T18:34:05.570303+09:00,올림픽공원,올림픽공원,POI127,KEY_1,1230029401,위례성대로,1230047901,올림픽공원앞교차로,127.1127294559663170_37.5175659412636975,1230045404,올림픽공원남4문앞교차로,127.1158912913085715_37.5164270745673178,307.0,19.7,서행,127.1158912913085715_37.5164270745673178|127.1127294559663170_37.5175659412636975
2026-09-04T18:34:05.570303+09:00,올림픽공원,올림픽공원,POI127,KEY_1,1230030701,올림픽로,1230047904,올림픽공원앞교차로,127.1126156383089949_37.5176248562335459,1230050103,올림픽회관앞교차로,127.1141234836901077_37.5200172918018566,297.0,19.0,서행,127.1141234836901077_37.5200172918018566|127.1130967077667009_37.5183006809000261|127.1127808418886076_37.5178273473246833|127.1126156383089949_37.5176248562335459
2026-09-04T18:34:05.570303+09:00,올림픽공원,올림픽공원,POI127,KEY_1,1230030802,올림픽로,1230050102,올림픽회관앞교차로,127.1142460290998173_37.5199707880909941,1230047901,올림픽공원앞교차로,127.1127294559663170_37.5175659412636975,299.0,16.0,서행,127.1127294559663170_37.5175659412636975|127.1128979059259194_37.5177724112602746|127.1132179682735881_37.5182520322072364|127.1142460290998173_37.5199707880909941
2026-09-04T18:34:05.570303+09:00,올림픽공원,올림픽공원,POI127,KEY_1,1230031300,올림픽로35길,1230380000,신천동 20-3,127.1120965855774898_37.5198794214376790,1230050104,올림픽회관앞교차로,127.1141869164074905_37.5201219523906175,187.0,9.8,정체,127.1141869164074905_37.5201219523906175|127.1139207414424419_37.5201377237057514|127.1137172639646593_37.5201260770116463|127.1129232291908551_37.5200052336238770|127.1120965855774898_37.5198794214376790
2026-09-04T18:34:05.570303+09:00,올림픽공원,올림픽공원,POI127,KEY_1,1230032100,올림픽로,1230400900,신천동 26,127.1145514766661790_37.5207067945448216,1230052003,성내교(남측),127.1155399981984147_37.5222925683271740,197.0,22.0,서행,127.1155399981984147_37.5222925683271740|127.1145514766661790_37.5207067945448216
2026-09-04T18:34:05.570303+09:00,올림픽공원,올림픽공원,POI127,KEY_1,1230032200,올림픽로,1230052001,성내교(남측),127.1156967807111187_37.5223009606581428,1230050101,올림픽회관앞교차로,127.1143085002419610_37.5200738709822801,276.0,41.0,원활,127.1143085002419610_37.5200738709822801|127.1146730610900732_37.5206587128019535|127.1156615842423037_37.5222444857121431|127.1156967807111187_37.5223009606581428
2026-09-04T18:34:05.570303+09:00,올림픽공원,올림픽공원,POI127,KEY_1,1230032404,강동대로,1230052403,서울체고앞,127.1309465905180929_37.5226422457426523,1230052602,올림픽공원북2문,127.1286484144718969_37.5236389836207067,231.0,19.0,서행,127.1286484144718969_37.5236389836207067|127.1309465905180929_37.5226422457426523
2026-09-04T18:34:05.570303+09:00,올림픽공원,올림픽공원,POI127,KEY_1,1230032504,강동대로,1230052601,올림픽공원북2문,127.1287133329938257_37.5237339387489186,1230052404,서울체고앞,127.1310115110815389_37.5227371996198542,231.0,24.0,서행,127.1310115110815389_37.5227371996198542|127.1287133329938257_37.5237339387489186
2026-09-04T18:34:05.570303+09:00,올림픽공원,올림픽공원,POI127,KEY_1,1230032902,올림픽로37길,1230424700,최소노드배치점,127.1116469399134274_37.5231307998258217,1230052004,성내교(남측),127.1156093484237601_37.5224038573356538,390.0,29.0,원활,127.1156093484237601_37.5224038573356538|127.1154210464076897_37.5226254636658609|127.1151860694290434_37.5229714220100377|127.1150231489065732_37.5230568047779158|127.1148610626049589_37.5231117596672803|127.1146813739484145_37.5231312778946844|127.1116469399134274_37.5231307998258217
2026-09-04T18:34:05.570303+09:00,올림픽공원,올림픽공원,POI127,KEY_1,1230033202,올림픽로,1230052004,성내교(남측),127.1156093484237601_37.5224038573356538,1230053103,올림픽대교남단교차로,127.1174254322370984_37.5253520980877155,364.0,38.0,원활,127.1174254322370984_37.5253520980877155|127.1168266280546959_37.5243574555609811|127.1156093484237601_37.5224038573356538
2026-09-04T18:34:05.570303+09:00,올림픽공원,올림픽공원,POI127,KEY_1,1230033301,올림픽로,1230053102,올림픽대교남단교차로,127.1176915230806799_37.5255440086627701,1230052001,성내교(남측),127.1156967807111187_37.5223009606581428,401.0,10.0,정체,127.1156967807111187_37.5223009606581428|127.1169486377113884_37.5243100484275445|127.1176915230806799_37.5255440086627701
2026-09-04T18:34:05.570303+09:00,올림픽공원,올림픽공원,POI127,KEY_1,1230033600,올림픽로43길,1230342000,풍납동 447,127.1141253196765888_37.5248124645393801,1230053104,올림픽대교남단교차로,127.1175353532768639_37.5255915012395889,333.0,23.5,서행,127.1175353532768639_37.5255915012395889|127.1171986824647178_37.5253250746693325|127.1163931251730617_37.5248172882132565|127.1149530945181425_37.5248116617606371|127.1141253196765888_37.5248124645393801
2026-09-04T18:34:05.570303+09:00,올림픽공원,올림픽공원,POI127,KEY_1,1230033801,강동대로,1230052603,올림픽공원북2문,127.1285292145280152_37.5236906555977967,1230052702,올림픽공원북2문앞교차로,127.1280135683207533_37.5239140807955565,52.0,12.0,정체,127.1280135683207533_37.5239140807955565|127.1285292145280152_37.5236906555977967
2026-09-04T18:34:05.570303+09:00,올림픽공원,올림픽공원,POI127,KEY_1,1230033802,강동대로,1230052703,올림픽공원북2문앞교차로,127.1278955398801997_37.5239676869855785,1230052902,그린빌딩,127.1255021088525581_37.5251103772284154,247.0,8.0,정체,127.1255021088525581_37.5251103772284154|127.1278955398801997_37.5239676869855785
2026-09-04T18:34:05.570303+09:00,올림픽공원,올림픽공원,POI127,KEY_1,1230033803,강동대로,1230052903,그린빌딩,127.1253868539951242_37.5251644663839627,1230010402,성내유수지,127.1230687264287127_37.5262344211604315,237.0,16.0,서행,127.1230687264287127_37.5262344211604315|127.1253868539951242_37.5251644663839627
2026-09-04T18:34:05.570303+09:00,올림픽공원,올림픽공원,POI127,KEY_1,1230033901,강동대로,1230052701,올림픽공원북2문앞교차로,127.1280784406892508_37.5240090563020559,1230052604,올림픽공원북2문,127.1285940873550402_37.5237856308238449,52.0,34.0,원활,127.1285940873550402_37.5237856308238449|127.1280784406892508_37.5240090563020559
2026-09-04T18:34:05.570303+09:00,올림픽공원,올림픽공원,POI127,KEY_1,1230033902,강동대로,1230052901,그린빌딩,127.1255719037447705_37.5252031128434638,1230052704,올림픽공원북2문앞교차로,127.1279653366622995_37.5240604212007227,247.0,47.0,원활,127.1279653366622995_37.5240604212007227|127.1255719037447705_37.5252031128434638
2026-09-04T18:34:05.570303+09:00,올림픽공원,올림픽공원,POI127,KEY_1,1230033903,강동대로,1230010401,성내유수지,127.1233271552869013_37.5262401076401133,1230052904,그린빌딩,127.1254549241451741_37.5252580128047128,217.0,48.3,원활,127.1254549241451741_37.5252580128047128|127.1233271552869013_37.5262401076401133
2026-09-04T18:34:05.570303+09:00,올림픽공원,올림픽공원,POI127,KEY_1,1230034200,강동대로,1230053101,올림픽대교남단교차로,127.1177512410432087_37.5256417956853880,1230010403,성내유수지,127.1228341746085704_37.5263374209143734,467.0,9.3,정체,127.1228341746085704_37.5263374209143734|127.1226119104132124_37.5263325291198058|127.1222182279912971_37.5262594731087304|127.1197935343633674_37.5255708855089978|127.1192764530002961_37.5254871931229914|127.1186659385550399_37.5254644325269382|127.1181404811154323_37.5255300720034626|127.1177512410432087_37.5256417956853880
2026-09-04T18:34:05.570303+09:00,올림픽공원,올림픽공원,POI127,KEY_1,1230034300,강동대로,1230010402,성내유수지,127.1230687264287127_37.5262344211604315,1230053102,올림픽대교남단교차로,127.1176915230806799_37.5255440086627701,493.0,46.0,원활,127.1176915230806799_37.5255440086627701|127.1181066449297958_37.5254248562288311|127.1186585197018388_37.5253559170246618|127.1192932429278528_37.5253795803410242|127.1198300344327095_37.5254664629282857|127.1222565506296860_37.5261555686853470|127.1226293640594349_37.5262247521119789|127.1230687264287127_37.5262344211604315
2026-09-04T18:34:05.570303+09:00,올림픽공원,올림픽공원,POI127,KEY_1,1230034600,강동대로,1230053104,올림픽대교남단교차로,127.1175353532768639_37.5255915012395889,1230053301,풍성초등학교,127.1133707067350969_37.5271092576510128,408.0,8.0,정체,127.1133707067350969_37.5271092576510128|127.1138885360357307_37.5270579046375232|127.1141380710895277_37.5270029206930715|127.1144337586637221_37.5269066454630149|127.1172570729713414_37.5256789869567413|127.1175353532768639_37.5255915012395889
2026-09-04T18:34:05.570303+09:00,올림픽공원,올림픽공원,POI127,KEY_1,1230034700,강동대로,1230058701,풍납동 330-7,127.1135343578604022_37.5272039528378372,1230053105,올림픽대교남단교차로,127.1176235541679063_37.5256800112130264,402.0,20.0,서행,127.1176235541679063_37.5256800112130264|127.1173147432993602_37.5257770947223790|127.1144921531920318_37.5270044385361317|127.1141820098842743_37.5271054212045385|127.1139153828274857_37.5271641707955510|127.1135343578604022_37.5272039528378372
2026-09-04T18:34:05.570303+09:00,올림픽공원,올림픽공원,POI127,KEY_1,1230034800,강동대로,1230010403,성내유수지,127.1228341746085704_37.5263374209143734,1230053202,성내동 474,127.1214169266581280_37.5269574474404806,143.0,6.0,정체,127.1214169266581280_37.5269574474404806|127.1221246173486747_37.5266478458902597|127.1228341746085704_37.5263374209143734
2026-09-04T18:34:05.570303+09:00,올림픽공원,올림픽공원,POI127,KEY_1,1230034900,강동대로,1230053201,성내동 474,127.1214822863304903_37.5270522124399051,1230010404,성내유수지,127.1231026366477437_37.5263433289148836,163.0,29.0,원활,127.1231026366477437_37.5263433289148836|127.1221899776439983_37.5267426105018984|127.1214822863304903_37.5270522124399051
2026-09-04T18:34:05.570303+09:00,올림픽공원,올림픽공원,POI127,KEY_1,1230035100,올림픽로,1230053602,풍납사거리,127.1191638427110746_37.5279285363098012,1230053101,올림픽대교남단교차로,127.1177512410432087_37.5256417956853880,283.0,10.0,정체,127.1177512410432087_37.5256417956853880|127.1182052842400196_37.5263768247819911|127.1185296816843362_37.5269019665074097|127.1189218723730647_37.5275368423195701|127.1191638427110746_37.5279285363098012
2026-09-04T18:34:05.570303+09:00,올림픽공원,올림픽공원,POI127,KEY_1,1230077900,위례성대로16길,1230248000,방이동 200-3,127.1250899543352517_37.5123366148555277,1230042503,방이동 181-7,127.1253705911887266_37.5127664663946732,54.0,9.0,정체,127.1253705911887266_37.5127664663946732|127.1250899543352517_37.5123366148555277
2026-09-04T18:34:05.570303+09:00,올림픽공원,올림픽공원,POI127,KEY_1,1230079600,올림픽선수촌아파트내부길,1230042003,오륜초등학교,127.1334912399933756_37.5124937085259731,1230043502,방이동 89-28,127.1294335833399884_37.5137883314546841,392.0,22.0,서행,127.1294335833399884_37.5137883314546841|127.1324667918181888_37.5125501930643708|127.1334912399933756_37.5124937085259731
2026-09-04T18:34:05.570303+09:00,올림픽공원,올림픽공원,POI127,KEY_1,1230079700,올림픽선수촌아파트내부길,1230043501,방이동 89-28,127.1294965542968640_37.5138841169906101,1230042004,오륜초등학교,127.1335006130637026_37.5126015705990881,387.0,13.0,정체,127.1335006130637026_37.5126015705990881|127.1325039266811245_37.5126565247953394|127.1294965542968640_37.5138841169906101
2026-09-04T18:34:05.570303+09:00,올림픽공원,올림픽공원,POI127,KEY_1,1230081200,올림픽선수촌아파트내부길,1230332800,최소노드배치점,127.1337490189227708_37.5151722701553894,1230044602,올림픽공원동문교차로,127.1307066675273347_37.5157555807827805,292.0,12.0,정체,127.1307066675273347_37.5157555807827805|127.1324233734096509_37.5150503918994147|127.1325384533906515_37.5150232903922287|127.1330520009699256_37.5149959261979333|127.1331591568025914_37.5149985589094541|127.1337490189227708_37.5151722701553894
2026-09-04T18:34:05.570303+09:00,올림픽공원,올림픽공원,POI127,KEY_1,1230085700,양재대로.강동대로사이길,1230334700,최소노드배치점,127.1280130627585407_37.5175316488536268,1230050202,속성변화점,127.1283029621945957_37.5202980729066624,323.0,14.0,정체,127.1283029621945957_37.5202980729066624|127.1284869880934565_37.5198916490292831|127.1286040453807260_37.5194988449093358|127.1286401155603869_37.5191957029570418|127.1286322343100750_37.5188746212359092|127.1285506796273381_37.5184532831418807|127.1284264473650580_37.5181404522839657|127.1280130627585407_37.5175316488536268
2026-09-04T18:34:05.570303+09:00,올림픽공원,올림픽공원,POI127,KEY_1,1230085800,양재대로.강동대로사이길,1230334600,최소노드배치점,127.1281324577583263_37.5174802131984393,1230044604,올림픽공원동문교차로,127.1306432453781667_37.5158930503733714,333.0,14.0,정체,127.1306432453781667_37.5158930503733714|127.1304306419184798_37.5159439490849564|127.1278436313470053_37.5170548436271218|127.1281324577583263_37.5174802131984393
2026-09-04T18:34:05.570303+09:00,올림픽공원,올림픽공원,POI127,KEY_1,1230088200,양재대로.강동대로사이길,1230196800,꿈나무다리(남측),127.1283746340457981_37.5204440109063455,1230050201,속성변화점,127.1284296259339470_37.5203368866533751,13.0,9.0,정체,127.1284296259339470_37.5203368866533751|127.1283746340457981_37.5204440109063455
2026-09-04T18:34:05.570303+09:00,올림픽공원,올림픽공원,POI127,KEY_1,1230088300,양재대로.강동대로사이길,1230196500,꿈나무다리(북측),127.1281832207590128_37.5205312266587470,1230052703,올림픽공원북2문앞교차로,127.1278955398801997_37.5239676869855785,421.0,12.0,정체,127.1278955398801997_37.5239676869855785|127.1273300483411504_37.5230946179717293|127.1271761257750654_37.5227528147954175|127.1271136146098968_37.5224320685814590|127.1271364389473888_37.5221410644727129|127.1272519101088534_37.5217772550903916|127.1276017695838618_37.5212911085732799|127.1279442979174661_37.5209163958855996|127.1281570038538149_37.5205822745236119|127.1281832207590128_37.5205312266587470
2026-09-04T18:34:05.570303+09:00,올림픽공원,올림픽공원,POI127,KEY_1,1240030800,성안로,1249118500,성내동 450-2,127.1292262080433062_37.5246357770880579,1230052601,올림픽공원북2문,127.1287133329938257_37.5237339387489186,110.0,15.5,서행,127.1287133329938257_37.5237339387489186|127.1289764894649039_37.5241324489509367|127.1292262080433062_37.5246357770880579
2026-09-04T18:34:05.570303+09:00,올림픽공원,올림픽공원,POI127,KEY_1,1240031600,성내로14길,1249129200,성내동 492,127.1259457409445162_37.5257312228414079,1230052901,그린빌딩,127.1255719037447705_37.5252031128434638,67.0,16.0,서행,127.1255719037447705_37.5252031128434638|127.1259457409445162_37.5257312228414079
2026-09-04T18:34:05.570303+09:00,월드컵공원,월드컵공원,POI106,KEY_2,1110086400,증산로,1110025301,증산지하차도(북측),126.9039758261172608_37.5784870932225132,1130046401,은평구-마포구,126.9018567383502045_37.5764844121927837,291.0,11.0,정체,126.9018567383502045_37.5764844121927837|126.9027068325619041_37.5772894554844186|126.9035789940010091_37.5781100503089647|126.9039758261172608_37.5784870932225132
2026-09-04T18:34:05.570303+09:00,월드컵공원,월드컵공원,POI106,KEY_2,1110086500,증산로,1130046402,은평구-마포구,126.9017527415007578_37.5765539742255541,1110005500,증산교,126.9034752758808793_37.5781798772630822,236.0,24.0,서행,126.9034752758808793_37.5781798772630822|126.9026029745643172_37.5773591500215929|126.9017527415007578_37.5765539742255541
2026-09-04T18:34:05.570303+09:00,월드컵공원,월드컵공원,POI106,KEY_2,1130003900,강변북로,1130201400,최소노드배치점,126.8947142757485977_37.5570261297014412,1130034300,성산지하차도,126.8987170904777031_37.5621054838341308,789.0,68.0,원활,126.8987170904777031_37.5621054838341308|126.8969536987574855_37.5615846732236918|126.8963662923212468_37.5614278506331800|126.8961199007135576_37.5613335826976993|126.8958557676520229_37.5612106063692224|126.8956902323749318_37.5611203281630139|126.8954532341929990_37.5609760266916481|126.8951942332924432_37.5607743757100181|126.8949800523225804_37.5605872628649635|126.8948420294957060_37.5604291583902281|126.8947087021021645_37.5602460363635160|126.8946021053882873_37.5600916699249439|126.8944959424210310_37.5598836467254458|126.8944166539394161_37.5596864927554392|126.8943291310609283_37.5593962890377000|126.8942944005902547_37.5592458680922050|126.8942732661792689_37.5590812073427287|126.8942613210597443_37.5588915539580199|126.8942718716697442_37.5586984383601603|126.8943005688038568_37.5584839520411649|126.8943379626907983_37.5583052827078205|126.8944118820898979_37.5580552564431471|126.8947142757485977_37.5570261297014412
2026-09-04T18:34:05.570303+09:00,월드컵공원,월드컵공원,POI106,KEY_2,1130004402,강변북로,1130033200,성산대교,126.8911412406119865_37.5603058527702629,1130031800,성산대교(북측),126.8940421199747988_37.5581045142548078,356.0,25.0,정체,126.8940421199747988_37.5581045142548078|126.8937299682216917_37.5583640487572197|126.8932455301918196_37.5588122892025851|126.8927341561938960_37.5592568126717694|126.8923676674887275_37.5595661444779694|126.8920015830471186_37.5598253972085629|126.8918072327847568_37.5599639069689175|126.8911412406119865_37.5603058527702629
2026-09-04T18:34:05.570303+09:00,월드컵공원,월드컵공원,POI106,KEY_2,1130004404,강변북로,1130033700,난지IC,126.8896339776288613_37.5611813391795977,1130033200,성산대교,126.8911412406119865_37.5603058527702629,165.0,22.0,정체,126.8911412406119865_37.5603058527702629|126.8903331778963519_37.5607879615698508|126.8896389086477683_37.5611784867295526|126.8896339776288613_37.5611813391795977
2026-09-04T18:34:05.570303+09:00,월드컵공원,월드컵공원,POI106,KEY_2,1130005002,농수산시장로,1130034500,성산교,126.8989219885503985_37.5621373717947051,1130036303,평화의공원입구삼거리,126.8990860253315134_37.5639959273358528,207.0,27.0,원활,126.8990860253315134_37.5639959273358528|126.8989219885503985_37.5621373717947051
2026-09-04T18:34:05.570303+09:00,월드컵공원,월드컵공원,POI106,KEY_2,1130005003,농수산시장로,1130036304,평화의공원입구삼거리,126.8990929587228322_37.5641039888147077,1130037803,월드컵경기장앞교차로,126.8991063695936248_37.5662308077124507,236.0,26.0,원활,126.8991063695936248_37.5662308077124507|126.8991198200176740_37.5648080194228982|126.8990929587228322_37.5641039888147077
2026-09-04T18:34:05.570303+09:00,월드컵공원,월드컵공원,POI106,KEY_2,1130005102,농수산시장로,1130036302,평화의공원입구삼거리,126.8992213899087744_37.5639881918106582,1130034600,성산교,126.8990554846838847_37.5621485214101725,205.0,42.0,원활,126.8990554846838847_37.5621485214101725|126.8992213899087744_37.5639881918106582
2026-09-04T18:34:05.570303+09:00,월드컵공원,월드컵공원,POI106,KEY_2,1130005103,농수산시장로,1130037802,월드컵경기장앞교차로,126.8992424444353873_37.5662050990980205,1130036301,평화의공원입구삼거리,126.8992287189742001_37.5641007064985146,234.0,28.0,원활,126.8992287189742001_37.5641007064985146|126.8992556602302244_37.5648067848227996|126.8992424444353873_37.5662050990980205
2026-09-04T18:34:05.570303+09:00,월드컵공원,월드컵공원,POI106,KEY_2,1130005801,강변북로,1130035200,상암동487-92,126.8869824709277339_37.5627146689442810,1130033700,난지IC,126.8896339776288613_37.5611813391795977,290.0,16.0,정체,126.8896339776288613_37.5611813391795977|126.8869824709277339_37.5627146689442810
2026-09-04T18:34:05.570303+09:00,월드컵공원,월드컵공원,POI106,KEY_2,1130005802,강변북로,1130201300,최소노드배치점,126.8805715235547069_37.5664215207717902,1130035200,상암동487-92,126.8869824709277339_37.5627146689442810,700.0,37.0,서행,126.8869824709277339_37.5627146689442810|126.8805715235547069_37.5664215207717902
2026-09-04T18:34:05.570303+09:00,월드컵공원,월드컵공원,POI106,KEY_2,1130005803,강변북로,1130040700,난지하늘다리,126.8776788640752642_37.5680938393486130,1130037600,공중화장실중앙연결브릿지,126.8797079271903243_37.5669208029345754,222.0,59.0,원활,126.8797079271903243_37.5669208029345754|126.8776788640752642_37.5680938393486130
2026-09-04T18:34:05.570303+09:00,월드컵공원,월드컵공원,POI106,KEY_2,1130006804,증산로,1130042600,월드컵터널(북측),126.8985600196672294_37.5730452642534374,1130041801,월드컵터널(남측),126.8953457382357044_37.5694939484396357,486.0,6.7,정체,126.8953457382357044_37.5694939484396357|126.8985600196672294_37.5730452642534374
2026-09-04T18:34:05.570303+09:00,월드컵공원,월드컵공원,POI106,KEY_2,1130006101,월드컵로,1130038600,월드컵경기장교차로,126.8944428243858624_37.5671141661657799,1130039502,월드컵경기장교차로,126.8936587855695848_37.5675979976845014,88.0,33.0,원활,126.8936587855695848_37.5675979976845014|126.8939987637868825_37.5673753795305387|126.8944428243858624_37.5671141661657799
2026-09-04T18:34:05.570303+09:00,월드컵공원,월드컵공원,POI106,KEY_2,1130006102,월드컵로,1130163300,성산동 665,126.8953131844907887_37.5667064551793857,1130038600,월드컵경기장교차로,126.8944428243858624_37.5671141661657799,89.0,19.0,서행,126.8944428243858624_37.5671141661657799|126.8944875832715411_37.5670878367418126|126.8948936159094245_37.5668809204063052|126.8953131844907887_37.5667064551793857
2026-09-04T18:34:05.570303+09:00,월드컵공원,월드컵공원,POI106,KEY_2,1130006201,월드컵로,1130039501,월드컵경기장교차로,126.8937381162322424_37.5676860539947057,1130038900,월드컵경기장교차로,126.8945235506847951_37.5672011186045438,88.0,14.0,정체,126.8945235506847951_37.5672011186045438|126.8940823287928907_37.5674606625682159|126.8937381162322424_37.5676860539947057
2026-09-04T18:34:05.570303+09:00,월드컵공원,월드컵공원,POI106,KEY_2,1130006202,월드컵로,1130185900,성산동 665,126.8974372806954136_37.5663634229440433,1130037804,월드컵경기장앞교차로,126.8991050235384819_37.5663389215532177,147.0,11.0,정체,126.8991050235384819_37.5663389215532177|126.8981580057296981_37.5663314468831757|126.8977341761823681_37.5663443972156230|126.8977059872391635_37.5663452584893349|126.8974372806954136_37.5663634229440433
2026-09-04T18:34:05.570303+09:00,월드컵공원,월드컵공원,POI106,KEY_2,1130006302,강변북로,1130038204,하늘공원삼거리,126.8927750177231246_37.5668119719618616,1130038800,월드컵경기장,126.8930701997771990_37.5671361630912628,44.0,27.0,정체,126.8930701997771990_37.5671361630912628|126.8927750177231246_37.5668119719618616
2026-09-04T18:34:05.570303+09:00,월드컵공원,월드컵공원,POI106,KEY_2,1130006303,강변북로,1130038800,월드컵경기장,126.8930701997771990_37.5671361630912628,1130039503,월드컵경기장교차로,126.8935547123719658_37.5676679324827774,73.0,41.0,서행,126.8935547123719658_37.5676679324827774|126.8930701997771990_37.5671361630912628
2026-09-04T18:34:05.570303+09:00,월드컵공원,월드컵공원,POI106,KEY_2,1130006402,강변북로,1130038500,월드컵경기장,126.8931801682920337_37.5670727001149629,1130038201,하늘공원삼거리,126.8928849981851243_37.5667485225148923,44.0,11.0,정체,126.8928849981851243_37.5667485225148923|126.8931801682920337_37.5670727001149629
2026-09-04T18:34:05.570303+09:00,월드컵공원,월드컵공원,POI106,KEY_2,1130006403,강변북로,1130039502,월드컵경기장교차로,126.8936587855695848_37.5675979976845014,1130038500,월드컵경기장,126.8931801682920337_37.5670727001149629,72.0,10.0,정체,126.8931801682920337_37.5670727001149629|126.8936587855695848_37.5675979976845014
2026-09-04T18:34:05.570303+09:00,월드컵공원,월드컵공원,POI106,KEY_2,1130006701,증산로,1130039504,월드컵경기장교차로,126.8936341225956426_37.5677562478545823,1130040500,월드컵경기장,126.8940928477794330_37.5682720534531640,70.0,24.0,서행,126.8940928477794330_37.5682720534531640|126.8936341225956426_37.5677562478545823
2026-09-04T18:34:05.570303+09:00,월드컵공원,월드컵공원,POI106,KEY_2,1130006702,증산로,1130040500,월드컵경기장,126.8940928477794330_37.5682720534531640,1130041002,속성변화점,126.8945908282671553_37.5688321429532905,76.0,8.0,정체,126.8945908282671553_37.5688321429532905|126.8940928477794330_37.5682720534531640
2026-09-04T18:34:05.570303+09:00,월드컵공원,월드컵공원,POI106,KEY_2,1130006703,증산로,1130041002,속성변화점,126.8945908282671553_37.5688321429532905,1130041802,월드컵터널(남측),126.8952351960387688_37.5695567787868399,99.0,24.0,서행,126.8952351960387688_37.5695567787868399|126.8945908282671553_37.5688321429532905
2026-09-04T18:34:05.570303+09:00,월드컵공원,월드컵공원,POI106,KEY_2,1130006704,증산로,1130041802,월드컵터널(남측),126.8952351960387688_37.5695567787868399,1130042700,월드컵터널(북측),126.8984500525647974_37.5731087375812649,486.0,48.0,원활,126.8984500525647974_37.5731087375812649|126.8952351960387688_37.5695567787868399
2026-09-04T18:34:05.570303+09:00,월드컵공원,월드컵공원,POI106,KEY_2,1130006705,증산로,1130042700,월드컵터널(북측),126.8984500525647974_37.5731087375812649,1130043203,상암사거리,126.8987259999710346_37.5734116062475536,42.0,33.0,원활,126.8987259999710346_37.5734116062475536|126.8984500525647974_37.5731087375812649
2026-09-04T18:34:05.570303+09:00,월드컵공원,월드컵공원,POI106,KEY_2,1130006801,증산로,1130040300,월드컵경기장,126.8942037166999768_37.5682095895477133,1130039501,월드컵경기장교차로,126.8937381162322424_37.5676860539947057,71.0,7.0,정체,126.8937381162322424_37.5676860539947057|126.8942037166999768_37.5682095895477133
2026-09-04T18:34:05.570303+09:00,월드컵공원,월드컵공원,POI106,KEY_2,1130006802,증산로,1130041001,속성변화점,126.8947017012762615_37.5687696816076766,1130040300,월드컵경기장,126.8942037166999768_37.5682095895477133,76.0,7.0,정체,126.8942037166999768_37.5682095895477133|126.8947017012762615_37.5687696816076766
2026-09-04T18:34:05.570303+09:00,월드컵공원,월드컵공원,POI106,KEY_2,1130006803,증산로,1130041801,월드컵터널(남측),126.8953457382357044_37.5694939484396357,1130041001,속성변화점,126.8947017012762615_37.5687696816076766,98.0,14.0,정체,126.8947017012762615_37.5687696816076766|126.8953457382357044_37.5694939484396357
2026-09-04T18:34:05.570303+09:00,월드컵공원,월드컵공원,POI106,KEY_2,1130006805,증산로,1130043202,상암사거리,126.8988336866391791_37.5733456292449119,1130042600,월드컵터널(북측),126.8985600196672294_37.5730452642534374,41.0,6.3,정체,126.8985600196672294_37.5730452642534374|126.8988336866391791_37.5733456292449119
2026-09-04T18:34:05.570303+09:00,월드컵공원,월드컵공원,POI106,KEY_2,1130007001,강변북로,1130199200,최소노드배치점,126.8730919539536188_37.5707453440919394,1130040700,난지하늘다리,126.8776788640752642_37.5680938393486130,501.0,32.0,서행,126.8776788640752642_37.5680938393486130|126.8730919539536188_37.5707453440919394
2026-09-04T18:34:05.570303+09:00,월드컵공원,월드컵공원,POI106,KEY_2,1130007101,증산로,1130043204,상암사거리,126.8988065387872979_37.5734987293495166,1130043500,성산동491-1,126.8990562961894852_37.5737647959106411,37.0,11.0,정체,126.8990562961894852_37.5737647959106411|126.8988065387872979_37.5734987293495166
2026-09-04T18:34:05.570303+09:00,월드컵공원,월드컵공원,POI106,KEY_2,1130007102,증산로,1130043500,성산동491-1,126.8990562961894852_37.5737647959106411,1130044402,증산지하차도(남측),126.8995968764490669_37.5743540467505426,81.0,9.0,정체,126.8995968764490669_37.5743540467505426|126.8992398926530143_37.5739603793572670|126.8990562961894852_37.5737647959106411
2026-09-04T18:34:05.570303+09:00,월드컵공원,월드컵공원,POI106,KEY_2,1130007201,증산로,1130044100,성산동488-2,126.8993493776716974_37.5738963850184291,1130043201,상암사거리,126.8989143573968192_37.5734329477853279,64.0,24.0,서행,126.8989143573968192_37.5734329477853279|126.8991651175588800_37.5737000821793430|126.8993493776716974_37.5738963850184291
2026-09-04T18:34:05.570303+09:00,월드컵공원,월드컵공원,POI106,KEY_2,1130007202,증산로,1130044401,증산지하차도(남측),126.8997070239019962_37.5742907695769190,1130044100,성산동488-2,126.8993493776716974_37.5738963850184291,54.0,10.0,정체,126.8993493776716974_37.5738963850184291|126.8997070239019962_37.5742907695769190
2026-09-04T18:34:05.570303+09:00,월드컵공원,월드컵공원,POI106,KEY_2,1130007501,증산로,1130044402,증산지하차도(남측),126.8995968764490669_37.5743540467505426,1130046402,은평구-마포구,126.9017527415007578_37.5765539742255541,310.0,25.5,원활,126.9017527415007578_37.5765539742255541|126.9006134456184895_37.5754750169051093|126.8995968764490669_37.5743540467505426
2026-09-04T18:34:05.570303+09:00,월드컵공원,월드컵공원,POI106,KEY_2,1130007601,증산로,1130046401,은평구-마포구,126.9018567383502045_37.5764844121927837,1130044401,증산지하차도(남측),126.8997070239019962_37.5742907695769190,309.0,11.0,정체,126.8997070239019962_37.5742907695769190|126.9007206641610566_37.5754085065304366|126.9018567383502045_37.5764844121927837
2026-09-04T18:34:05.570303+09:00,월드컵공원,월드컵공원,POI106,KEY_2,1130021902,월드컵로,1130037503,상암교,126.8999592062094877_37.5659752555764754,1130037802,월드컵경기장앞교차로,126.8992424444353873_37.5662050990980205,68.0,26.7,원활,126.8992424444353873_37.5662050990980205|126.8999592062094877_37.5659752555764754
2026-09-04T18:34:05.570303+09:00,월드컵공원,월드컵공원,POI106,KEY_2,1130022002,월드컵로,1130037801,월드컵경기장앞교차로,126.8992931976572294_37.5663053862595930,1130037504,상암교,126.9000099608666687_37.5660755432390019,68.0,21.0,서행,126.9000099608666687_37.5660755432390019|126.8992931976572294_37.5663053862595930
2026-09-04T18:34:05.570303+09:00,월드컵공원,월드컵공원,POI106,KEY_2,1130023301,월드컵로,1130194500,최소노드배치점,126.8902328706012668_37.5703701596385145,1130042903,월드컵파크3단지교차로,126.8881223856412817_37.5729458818583879,342.0,20.0,서행,126.8881223856412817_37.5729458818583879|126.8883908114686676_37.5726703780645437|126.8894393624499486_37.5713326055581973|126.8900333463798376_37.5705864698741436|126.8902328706012668_37.5703701596385145
2026-09-04T18:34:05.570303+09:00,월드컵공원,월드컵공원,POI106,KEY_2,1130023302,월드컵로,1130039503,월드컵경기장교차로,126.8935547123719658_37.5676679324827774,1130039900,월드컵경기장,126.8929039986858243_37.5681184361734708,76.0,16.5,서행,126.8929039986858243_37.5681184361734708|126.8935547123719658_37.5676679324827774
2026-09-04T18:34:05.570303+09:00,월드컵공원,월드컵공원,POI106,KEY_2,1130023401,월드컵로,1130194400,최소노드배치점,126.8903423639994941_37.5704341460450308,1130040200,월드컵경기장,126.8929931387771859_37.5682000156307865,342.0,32.5,원활,126.8929931387771859_37.5682000156307865|126.8923026998431283_37.5686797885601820|126.8915863422657537_37.5692546075148286|126.8909882827659459_37.5698007733940003|126.8905327633387543_37.5702277271571177|126.8903423639994941_37.5704341460450308
2026-09-04T18:34:05.570303+09:00,월드컵공원,월드컵공원,POI106,KEY_2,1130023402,월드컵로,1130040200,월드컵경기장,126.8929931387771859_37.5682000156307865,1130039504,월드컵경기장교차로,126.8936341225956426_37.5677562478545823,75.0,44.0,원활,126.8936341225956426_37.5677562478545823|126.8929931387771859_37.5682000156307865
2026-09-04T18:34:05.570303+09:00,월드컵공원,월드컵공원,POI106,KEY_2,1130023901,성암로,1130045102,중동교,126.9008492951027023_37.5752640367100312,1130003202,중동교,126.9005739786039442_37.5754350244651292,31.0,36.0,원활,126.9005739786039442_37.5754350244651292|126.9008492951027023_37.5752640367100312
2026-09-04T18:34:05.570303+09:00,월드컵공원,월드컵공원,POI106,KEY_2,1130023902,성암로,1130044702,중동교,126.9013932137603007_37.5749262274768512,1130045102,중동교,126.9008492951027023_37.5752640367100312,61.0,36.0,원활,126.9008492951027023_37.5752640367100312|126.9013932137603007_37.5749262274768512
2026-09-04T18:34:05.570303+09:00,월드컵공원,월드컵공원,POI106,KEY_2,1130024001,성암로,1130003201,중동교,126.9006575479311749_37.5755202637415948,1130045101,중동교,126.9009328670204440_37.5753492743804642,31.0,42.0,원활,126.9009328670204440_37.5753492743804642|126.9006575479311749_37.5755202637415948
2026-09-04T18:34:05.570303+09:00,월드컵공원,월드컵공원,POI106,KEY_2,1130024002,성암로,1130045101,중동교,126.9009328670204440_37.5753492743804642,1130044701,중동교,126.9014751720981593_37.5750124364249984,61.0,48.0,원활,126.9014751720981593_37.5750124364249984|126.9009328670204440_37.5753492743804642
2026-09-04T18:34:05.570303+09:00,월드컵공원,월드컵공원,POI106,KEY_2,1130024101,하늘공원로,1130002802,난지하늘다리,126.8790067890186322_37.5679013379083457,1130041503,하늘공원입구교차로,126.8805494049825313_37.5695878566951720,232.0,31.0,원활,126.8805494049825313_37.5695878566951720|126.8790067890186322_37.5679013379083457
2026-09-04T18:34:05.570303+09:00,월드컵공원,월드컵공원,POI106,KEY_2,1130024102,하늘공원로,1130041504,하늘공원입구교차로,126.8806278182475182_37.5696761433924351,1130041704,하늘공원입구,126.8809741483384101_37.5700782293513740,54.0,40.0,원활,126.8809741483384101_37.5700782293513740|126.8806278182475182_37.5696761433924351
2026-09-04T18:34:05.570303+09:00,월드컵공원,월드컵공원,POI106,KEY_2,1130024103,하늘공원로,1130041701,하늘공원입구,126.8811070905664735_37.5702303720602799,1130043603,난지천공원축구장,126.8832904519065465_37.5736664016871273,438.0,41.0,원활,126.8832904519065465_37.5736664016871273|126.8832169793506921_37.5729168480731701|126.8831824572262690_37.5727274419921073|126.8831078471530418_37.5725393395911809|126.8829989250993293_37.5723516491287413|126.8820815554522596_37.5713438253104854|126.8811070905664735_37.5702303720602799
2026-09-04T18:34:05.570303+09:00,월드컵공원,월드컵공원,POI106,KEY_2,1130024104,하늘공원로,1130119100,상암동 478-1,126.8819036280695087_37.5750167829500512,1130046903,난지천공원입구교차로,126.8808038386050328_37.5774410688980609,370.0,35.0,원활,126.8808038386050328_37.5774410688980609|126.8806469221033382_37.5773811452822457|126.8800689661548375_37.5768267465542394|126.8799824556043774_37.5766672971433522|126.8799754600303658_37.5765294406676063|126.8800473960555451_37.5764096023066756|126.8803622906001038_37.5761449134077097|126.8819036280695087_37.5750167829500512
2026-09-04T18:34:05.570303+09:00,월드컵공원,월드컵공원,POI106,KEY_2,1130024201,하늘공원로,1130041502,하늘공원입구교차로,126.8806600810001157_37.5695245329108189,1130002801,난지하늘다리,126.8791284445894973_37.5678284485748435,232.0,23.0,서행,126.8791284445894973_37.5678284485748435|126.8806600810001157_37.5695245329108189
2026-09-04T18:34:05.570303+09:00,월드컵공원,월드컵공원,POI106,KEY_2,1130024202,하늘공원로,1130041703,하늘공원입구,126.8810861781607002_37.5700170935686444,1130041501,하늘공원입구교차로,126.8807398575677894_37.5696150047872237,54.0,34.5,원활,126.8807398575677894_37.5696150047872237|126.8810861781607002_37.5700170935686444
2026-09-04T18:34:05.570303+09:00,월드컵공원,월드컵공원,POI106,KEY_2,1130024203,하늘공원로,1130043602,난지천공원축구장,126.8834195956951163_37.5735938769844608,1130041702,하늘공원입구,126.8812185486830089_37.5701685727438743,438.0,35.0,원활,126.8812185486830089_37.5701685727438743|126.8821922954406176_37.5712812032115693|126.8831166935827923_37.5722967465541373|126.8832347852110303_37.5725002386121716|126.8833153084836312_37.5727032474265030|126.8833520577633180_37.5729048686507099|126.8834195956951163_37.5735938769844608
2026-09-04T18:34:05.570303+09:00,월드컵공원,월드컵공원,POI106,KEY_2,1130024204,하늘공원로,1130119200,상암동 1538,126.8819955811620872_37.5750963663371991,1130043601,난지천공원축구장,126.8834290475820268_37.5737208916380823,206.0,29.5,원활,126.8834290475820268_37.5737208916380823|126.8834287565967287_37.5739075718971094|126.8834008524211328_37.5740288704340273|126.8833040852893816_37.5741386069257430|126.8819955811620872_37.5750963663371991
2026-09-04T18:34:05.570303+09:00,월드컵공원,월드컵공원,POI106,KEY_2,1130024301,월드컵북로,1130007103,중암교앞교차로,126.9003567074412331_37.5722443668917450,1130043101,성산동산50-10,126.8992002042206764_37.5730978684736385,139.0,5.0,정체,126.8992002042206764_37.5730978684736385|126.8993140126868582_37.5730209341606027|126.8995630326002555_37.5728426565414608|126.8997381790937737_37.5727172653403443|126.9003567074412331_37.5722443668917450
2026-09-04T18:34:05.570303+09:00,월드컵공원,월드컵공원,POI106,KEY_2,1130024302,월드컵북로,1130043101,성산동산50-10,126.8992002042206764_37.5730978684736385,1130043202,상암사거리,126.8988336866391791_37.5733456292449119,42.0,5.0,정체,126.8988336866391791_37.5733456292449119|126.8992002042206764_37.5730978684736385
2026-09-04T18:34:05.570303+09:00,월드컵공원,월드컵공원,POI106,KEY_2,1130024400,월드컵북로,1130043201,상암사거리,126.8989143573968192_37.5734329477853279,1130007104,중암교앞교차로,126.9003625466799292_37.5723898224647499,173.0,5.5,정체,126.9003625466799292_37.5723898224647499|126.8998306758195156_37.5727964656059541|126.8996538747944385_37.5729230417552316|126.8994034193962932_37.5731023476670956|126.8992881390889664_37.5731802764086069|126.8989143573968192_37.5734329477853279
2026-09-04T18:34:05.570303+09:00,월드컵공원,월드컵공원,POI106,KEY_2,1130024500,월드컵로,1130042904,월드컵파크3단지교차로,126.8880419598859106_37.5730202691865927,1130007302,디지털미디어시티입구교차로,126.8865044792722472_37.5740977172547161,181.0,27.5,원활,126.8865044792722472_37.5740977172547161|126.8871887145199224_37.5736835642442912|126.8876417608668987_37.5733592229529521|126.8880419598859106_37.5730202691865927
2026-09-04T18:34:05.570303+09:00,월드컵공원,월드컵공원,POI106,KEY_2,1130024600,월드컵로,1130007301,디지털미디어시티입구교차로,126.8865867067047475_37.5741837779433610,1130042901,월드컵파크3단지교차로,126.8881409491589523_37.5730943102150050,183.0,45.0,원활,126.8881409491589523_37.5730943102150050|126.8877368451630474_37.5734365727853401|126.8872753969699261_37.5737669286614562|126.8865867067047475_37.5741837779433610
2026-09-04T18:34:05.570303+09:00,월드컵공원,월드컵공원,POI106,KEY_2,1130024700,매봉산로,1130042901,월드컵파크3단지교차로,126.8881409491589523_37.5730943102150050,1130044603,월드컵파크2단지사거리,126.8900041088949990_37.5748995117424016,259.0,10.0,정체,126.8900041088949990_37.5748995117424016|126.8887517450962719_37.5736649009094705|126.8882989940305492_37.5732185545011106|126.8881409491589523_37.5730943102150050
2026-09-04T18:34:05.570303+09:00,월드컵공원,월드컵공원,POI106,KEY_2,1130024800,매봉산로,1130143300,상암동 1718,126.8888574380232797_37.5735969833114538,1130042902,월드컵파크3단지교차로,126.8882297303751585_37.5730121388944696,85.0,17.5,서행,126.8882297303751585_37.5730121388944696|126.8883998868334544_37.5731459054289232|126.8888574380232797_37.5735969833114538
2026-09-04T18:34:05.570303+09:00,월드컵공원,월드컵공원,POI106,KEY_2,1130024900,상암산로,1130007304,디지털미디어시티입구교차로,126.8864778921370515_37.5742486322207014,1130045803,월드컵파크4단지앞교차로,126.8882742497551561_37.5760131281143472,252.0,16.0,서행,126.8882742497551561_37.5760131281143472|126.8864778921370515_37.5742486322207014
2026-09-04T18:34:05.570303+09:00,월드컵공원,월드컵공원,POI106,KEY_2,1130025000,상암산로,1130045802,월드컵파크4단지앞교차로,126.8883797106704350_37.5759449782012638,1130007301,디지털미디어시티입구교차로,126.8865867067047475_37.5741837779433610,252.0,17.0,서행,126.8865867067047475_37.5741837779433610|126.8883797106704350_37.5759449782012638
2026-09-04T18:34:05.570303+09:00,월드컵공원,월드컵공원,POI106,KEY_2,1130025201,월드컵로,1130200200,최소노드배치점,126.8837926199325068_37.5758224723070740,1130007304,디지털미디어시티입구교차로,126.8864778921370515_37.5742486322207014,295.0,44.5,원활,126.8864778921370515_37.5742486322207014|126.8837926199325068_37.5758224723070740
2026-09-04T18:34:05.570303+09:00,월드컵공원,월드컵공원,POI106,KEY_2,1130025501,월드컵북로,1130043203,상암사거리,126.8987259999710346_37.5734116062475536,1130043300,상암동24-59,126.8983553249005070_37.5736156835259791,40.0,3.0,정체,126.8983553249005070_37.5736156835259791|126.8987259999710346_37.5734116062475536
2026-09-04T18:34:05.570303+09:00,월드컵공원,월드컵공원,POI106,KEY_2,1130025601,월드컵북로,1130043400,상암동24-59,126.8984326017897075_37.5737046034107323,1130043204,상암사거리,126.8988065387872979_37.5734987293495166,40.0,41.0,원활,126.8988065387872979_37.5734987293495166|126.8984326017897075_37.5737046034107323
2026-09-04T18:34:05.570303+09:00,월드컵공원,월드컵공원,POI106,KEY_2,1130026101,월드컵로,1130200300,최소노드배치점,126.8837120711249611_37.5757354111488198,1130046902,난지천공원입구교차로,126.8809731670700387_37.5773405521763664,300.0,27.0,원활,126.8809731670700387_37.5773405521763664|126.8837120711249611_37.5757354111488198
2026-09-04T18:34:05.570303+09:00,월드컵공원,월드컵공원,POI106,KEY_2,1130026701,성암로,1130003202,중동교,126.9005739786039442_37.5754350244651292,1130045502,상암동 1154-1,126.9002568597358760_37.5756319717856542,36.0,31.0,원활,126.9002568597358760_37.5756319717856542|126.9005739786039442_37.5754350244651292
2026-09-04T18:34:05.570303+09:00,월드컵공원,월드컵공원,POI106,KEY_2,1130026801,성암로,1130046001,수색역(서측),126.8995757632913666_37.5762295729790523,1130003201,중동교,126.9006575479311749_37.5755202637415948,124.0,26.0,원활,126.9006575479311749_37.5755202637415948|126.9003404289748858_37.5757172113524263|126.9002329685327624_37.5757839495594794|126.9001030333946005_37.5758646453959528|126.8995757632913666_37.5762295729790523
2026-09-04T18:34:05.570303+09:00,월드컵공원,월드컵공원,POI106,KEY_2,1130026803,성암로,1130047001,디지털미디어시티역(공항철도),126.8978269624122817_37.5774398889533572,1130046004,수색역(서측),126.8994732524635225_37.5763005208021355,193.0,35.0,원활,126.8994732524635225_37.5763005208021355|126.8987554448355439_37.5767973097372874|126.8986528917860852_37.5768682850013249|126.8978269624122817_37.5774398889533572
2026-09-04T18:34:05.570303+09:00,월드컵공원,월드컵공원,POI106,KEY_2,1130026805,성암로,1130008001,성암삼거리,126.8948085001043040_37.5794897016194511,1130047004,디지털미디어시티역(공항철도),126.8977228468471594_37.5775112990256872,338.0,38.0,원활,126.8977228468471594_37.5775112990256872|126.8968720930318739_37.5780888511044466|126.8964379623555487_37.5783835639945067|126.8956337334028035_37.5789295104891039|126.8948085001043040_37.5794897016194511
2026-09-04T18:34:05.570303+09:00,월드컵공원,월드컵공원,POI106,KEY_2,1130026902,가양대로,1130046200,상암동1548-2,126.8667080698376282_37.5766573573538807,1130047202,마포구-고양시덕양구,126.8685200397426769_37.5777218494147363,200.0,59.0,원활,126.8685200397426769_37.5777218494147363|126.8678276058587073_37.5774019125309451|126.8673500858389929_37.5771027767939287|126.8667080698376282_37.5766573573538807
2026-09-04T18:34:05.570303+09:00,월드컵공원,월드컵공원,POI106,KEY_2,1130027001,가양대로,1130046100,상암동1548-2,126.8668103712872721_37.5765861618658121,1130003101,가양대교북측(북측),126.8653879037502890_37.5751176402787053,206.0,68.0,원활,126.8653879037502890_37.5751176402787053|126.8658129554851399_37.5756464246818354|126.8661297220612170_37.5759666290461709|126.8668103712872721_37.5765861618658121
2026-09-04T18:34:05.570303+09:00,월드컵공원,월드컵공원,POI106,KEY_2,1130027002,가양대로,1130047201,마포구-고양시덕양구,126.8685875400640697_37.5776283095015344,1130046100,상암동1548-2,126.8668103712872721_37.5765861618658121,196.0,25.0,원활,126.8668103712872721_37.5765861618658121|126.8674367739413071_37.5770194394513553|126.8679047056204325_37.5773125680000035|126.8685875400640697_37.5776283095015344
2026-09-04T18:34:05.570303+09:00,월드컵공원,월드컵공원,POI106,KEY_2,1130027301,월드컵로,1130046903,난지천공원입구교차로,126.8808038386050328_37.5774410688980609,2180129202,마포구-고양시덕양구,126.8763952068496508_37.5799982060491828,482.0,39.0,원활,126.8763952068496508_37.5799982060491828|126.8773632316619029_37.5794867425515520|126.8808038386050328_37.5774410688980609
2026-09-04T18:34:05.570303+09:00,월드컵공원,월드컵공원,POI106,KEY_2,1130027401,월드컵로,2180129201,마포구-고양시덕양구,126.8764749226956496_37.5800874255298964,1130046904,난지천공원입구교차로,126.8809936867214532_37.5774631452153756,494.0,7.0,정체,126.8809936867214532_37.5774631452153756|126.8774448794777925_37.5795731569323479|126.8764749226956496_37.5800874255298964
2026-09-04T18:34:05.570303+09:00,월드컵공원,월드컵공원,POI106,KEY_2,1130057700,강변북로,1130033200,성산대교,126.8911412406119865_37.5603058527702629,1130032600,성산대교(북측),126.8944996981634006_37.5595429958823459,326.0,7.7,정체,126.8944996981634006_37.5595429958823459|126.8943293941725443_37.5594872710125642|126.8941530411086944_37.5594386700603451|126.8939286622046154_37.5594017467735526|126.8937640802613203_37.5593794378865411|126.8935933902019855_37.5593714067652158|126.8934495642020437_37.5593754378597282|126.8932726515631657_37.5593959919852907|126.8931075851383383_37.5594333006925396|126.8929244098583382_37.5594872098278643|126.8926237686871303_37.5596192130071884|126.8919590517301259_37.5599472802490411|126.8911412406119865_37.5603058527702629
2026-09-04T18:34:05.570303+09:00,월드컵공원,월드컵공원,POI106,KEY_2,1130059800,강변북로,1130035300,난지IC,126.8898104030113245_37.5629860660037380,1130033700,난지IC,126.8896339776288613_37.5611813391795977,226.0,44.0,서행,126.8896339776288613_37.5611813391795977|126.8894176020147597_37.5614684878669536|126.8893153300090262_37.5616110476746101|126.8892318793200928_37.5617417805528220|126.8891819829926249_37.5618905729018380|126.8891735935308986_37.5620008271417234|126.8891911726312003_37.5621410260356967|126.8892312918061833_37.5622723973896910|126.8892941471643923_37.5623710965022468|126.8893792510292542_37.5624967390930635|126.8895054254927999_37.5626374991353629|126.8898104030113245_37.5629860660037380
2026-09-04T18:34:05.570303+09:00,월드컵공원,월드컵공원,POI106,KEY_2,1130060400,강변북로,1130035300,난지IC,126.8898104030113245_37.5629860660037380,1130035400,난지IC,126.8887404508207766_37.5627647059584433,207.0,30.7,서행,126.8887404508207766_37.5627647059584433|126.8886217917344226_37.5626210023311842|126.8885403597886921_37.5625043212687686|126.8885296857777973_37.5624357030392346|126.8885453230687261_37.5623552966885796|126.8886058453901313_37.5622810846940212|126.8887074127081576_37.5622249709323057|126.8888236168811687_37.5622106680788406|126.8889059247495226_37.5622200366281618|126.8890104334459892_37.5622623123526296|126.8890997191290637_37.5623343182722351|126.8894897171077929_37.5627268488306711|126.8898104030113245_37.5629860660037380
2026-09-04T18:34:05.570303+09:00,월드컵공원,월드컵공원,POI106,KEY_2,1130060800,강변북로,1130035200,상암동487-92,126.8869824709277339_37.5627146689442810,1130035400,난지IC,126.8887404508207766_37.5627647059584433,165.0,41.0,서행,126.8887404508207766_37.5627647059584433|126.8885876752644322_37.5626715034093053|126.8884571255752434_37.5626082257223715|126.8883226842041552_37.5625628136654015|126.8881731187654225_37.5625352097352447|126.8880346660856162_37.5625225681853436|126.8879298166337293_37.5625220245149123|126.8877874234350571_37.5625332102818064|126.8876637043857301_37.5625504548253915|126.8874648490535719_37.5625971199513131|126.8869824709277339_37.5627146689442810
2026-09-04T18:34:05.570303+09:00,월드컵공원,월드컵공원,POI106,KEY_2,1130061400,강변북로,1130035400,난지IC,126.8887404508207766_37.5627647059584433,1130036802,월드컵대교북단(북측),126.8904690310220502_37.5644096741189699,238.0,35.0,서행,126.8904690310220502_37.5644096741189699|126.8901651684740699_37.5641182988978670|126.8887404508207766_37.5627647059584433
2026-09-04T18:34:05.570303+09:00,월드컵공원,월드컵공원,POI106,KEY_2,1130061500,월드컵로,1130036303,평화의공원입구삼거리,126.8990860253315134_37.5639959273358528,1130036402,월드컵공원관리사업소,126.8977744243629928_37.5640083581478237,116.0,18.0,서행,126.8977744243629928_37.5640083581478237|126.8990860253315134_37.5639959273358528
2026-09-04T18:34:05.570303+09:00,월드컵공원,월드컵공원,POI106,KEY_2,1130061600,월드컵로,1130036401,월드컵공원관리사업소,126.8977760412117561_37.5641164700524541,1130036304,평화의공원입구삼거리,126.8990929587228322_37.5641039888147077,116.0,10.0,정체,126.8990929587228322_37.5641039888147077|126.8977760412117561_37.5641164700524541
2026-09-04T18:34:05.570303+09:00,월드컵공원,월드컵공원,POI106,KEY_2,1130062900,강변북로,1130002801,난지하늘다리,126.8791284445894973_37.5678284485748435,1130037600,공중화장실중앙연결브릿지,126.8797079271903243_37.5669208029345754,122.0,35.5,서행,126.8797079271903243_37.5669208029345754|126.8793072989835622_37.5672575978672327|126.8791033450198142_37.5674651956459158|126.8790652029663732_37.5675484635056307|126.8790741844070027_37.5676319787488211|126.8790921421632021_37.5677244852051189|126.8791284445894973_37.5678284485748435
2026-09-04T18:34:05.570303+09:00,월드컵공원,월드컵공원,POI106,KEY_2,1130063000,강변북로,1130038600,월드컵경기장교차로,126.8944428243858624_37.5671141661657799,1130038500,월드컵경기장,126.8931801682920337_37.5670727001149629,125.0,17.0,정체,126.8931801682920337_37.5670727001149629|126.8933897681488503_37.5672261579097437|126.8935813632224097_37.5672787759108360|126.8937879608320429_37.5673123366294135|126.8939706670349068_37.5672981975568163|126.8942043606884340_37.5672316578597290|126.8944428243858624_37.5671141661657799
2026-09-04T18:34:05.570303+09:00,월드컵공원,월드컵공원,POI106,KEY_2,1130063400,증산로,1130040300,월드컵경기장,126.8942037166999768_37.5682095895477133,1130038900,월드컵경기장교차로,126.8945235506847951_37.5672011186045438,132.0,7.0,정체,126.8945235506847951_37.5672011186045438|126.8941591507406628_37.5674342485064017|126.8940661142988517_37.5675724300144651|126.8940569783548256_37.5676796970297389|126.8940746403386015_37.5678966464311941|126.8941013742459489_37.5680516235913231|126.8942037166999768_37.5682095895477133
2026-09-04T18:34:05.570303+09:00,월드컵공원,월드컵공원,POI106,KEY_2,1130063500,강변북로,1130038800,월드컵경기장,126.8930701997771990_37.5671361630912628,1130039900,월드컵경기장,126.8929039986858243_37.5681184361734708,118.0,41.0,서행,126.8929039986858243_37.5681184361734708|126.8931462963787595_37.5678481327790266|126.8931914230922331_37.5677051397006991|126.8932036109160464_37.5675597336768163|126.8931828577785836_37.5674119138146949|126.8930701997771990_37.5671361630912628
2026-09-04T18:34:05.570303+09:00,월드컵공원,월드컵공원,POI106,KEY_2,1130063800,강변북로,1130040700,난지하늘다리,126.8776788640752642_37.5680938393486130,1130002802,난지하늘다리,126.8790067890186322_37.5679013379083457,127.0,31.0,서행,126.8790067890186322_37.5679013379083457|126.8788308435538426_37.5678095595811072|126.8786737572404633_37.5677848848747118|126.8783510034137123_37.5678666541355639|126.8776788640752642_37.5680938393486130
2026-09-04T18:34:05.570303+09:00,월드컵공원,월드컵공원,POI106,KEY_2,1130063900,월드컵로,1130040200,월드컵경기장,126.8929931387771859_37.5682000156307865,1130040500,월드컵경기장,126.8940928477794330_37.5682720534531640,109.0,34.0,원활,126.8940928477794330_37.5682720534531640|126.8939125656522293_37.5681444259831849|126.8937000263679380_37.5680751014343741|126.8935293686126613_37.5680391898499764|126.8933975868422834_37.5680438380959885|126.8931848928623936_37.5680841726191517|126.8929931387771859_37.5682000156307865
2026-09-04T18:34:05.570303+09:00,월드컵공원,월드컵공원,POI106,KEY_2,1130065600,증산로,1130042100,속성변화점,126.8962751836689620_37.5706745501291124,1130041801,월드컵터널(남측),126.8953457382357044_37.5694939484396357,186.0,30.0,원활,126.8953457382357044_37.5694939484396357|126.8959901880873531_37.5699362475398502|126.8963117579864530_37.5702168759129691|126.8964882429743852_37.5703743670373029|126.8965301036916884_37.5704244657172666|126.8965179988444589_37.5705150429433061|126.8964640067656120_37.5705745928165271|126.8962751836689620_37.5706745501291124
2026-09-04T18:34:05.570303+09:00,월드컵공원,월드컵공원,POI106,KEY_2,1130065700,증산로,1130041802,월드컵터널(남측),126.8952351960387688_37.5695567787868399,1130042100,속성변화점,126.8962751836689620_37.5706745501291124,175.0,29.5,원활,126.8962751836689620_37.5706745501291124|126.8961193477791625_37.5707435455473870|126.8960085430591676_37.5707362967985716|126.8959217483802888_37.5706933095278472|126.8958500247873076_37.5705812039502050|126.8952351960387688_37.5695567787868399
2026-09-04T18:34:05.570303+09:00,월드컵공원,월드컵공원,POI106,KEY_2,1130066600,월드컵북로,1130043101,성산동산50-10,126.8992002042206764_37.5730978684736385,1130042600,월드컵터널(북측),126.8985600196672294_37.5730452642534374,62.0,5.0,정체,126.8985600196672294_37.5730452642534374|126.8986768445737283_37.5731219076736807|126.8988493070879713_37.5731621056792235|126.8989762827692971_37.5731736570376427|126.8991097236723817_37.5731413353492059|126.8992002042206764_37.5730978684736385
2026-09-04T18:34:05.570303+09:00,월드컵공원,월드컵공원,POI106,KEY_2,1130066700,증산로,1130042700,월드컵터널(북측),126.8984500525647974_37.5731087375812649,1130043300,상암동24-59,126.8983553249005070_37.5736156835259791,60.0,20.0,서행,126.8983553249005070_37.5736156835259791|126.8984534992670916_37.5734974169797056|126.8984848298550645_37.5733639462692608|126.8984969418499560_37.5732666934217008|126.8984500525647974_37.5731087375812649
2026-09-04T18:34:05.570303+09:00,월드컵공원,월드컵공원,POI106,KEY_2,1130066900,월드컵북로,1130043400,상암동24-59,126.8984326017897075_37.5737046034107323,1130043500,성산동491-1,126.8990562961894852_37.5737647959106411,59.0,16.0,서행,126.8990562961894852_37.5737647959106411|126.8989085002055361_37.5736866108833851|126.8987791467213100_37.5736598008740614|126.8986641476944612_37.5736501660897773|126.8985371690847614_37.5736660785077774|126.8984326017897075_37.5737046034107323
2026-09-04T18:34:05.570303+09:00,월드컵공원,월드컵공원,POI106,KEY_2,1130067000,강변북로,1130044000,가양대교,126.8673743583999141_37.5742974351538592,1130043000,상암동496-173,126.8685043667667713_37.5733962814687246,142.0,59.0,원활,126.8685043667667713_37.5733962814687246|126.8682637435223626_37.5736487619131054|126.8675778383089323_37.5741518602001037|126.8673743583999141_37.5742974351538592
2026-09-04T18:34:05.570303+09:00,월드컵공원,월드컵공원,POI106,KEY_2,1130067400,강변북로,1130044900,가양대교(북측),126.8662979111019808_37.5750965324918980,2180012400,마포구-고양시덕양구,126.8621499541622484_37.5761292129435418,867.0,45.3,서행,126.8621499541622484_37.5761292129435418|126.8630365316940498_37.5756983525925961|126.8633496391713038_37.5755235658387008|126.8636024164670175_37.5753961503927982|126.8638549079817466_37.5753021186014351|126.8642093916064510_37.5751943274225582|126.8644317580255318_37.5751192112446475|126.8646243656565815_37.5750200868760302|126.8656963468579306_37.5743962637992084|126.8673222210701397_37.5734653760000015|126.8674191938721094_37.5734247582035579|126.8675616609625365_37.5734076352449335|126.8677301163889410_37.5734174809641033|126.8678459640486977_37.5734479111437594|126.8679578899536153_37.5734991876324784|126.8680656691356319_37.5735981381943773|126.8681136254124340_37.5736848440004394|126.8681425287121556_37.5738102009802120|126.8681227959743723_37.5739293354224060|126.8680618906707167_37.5740452685688453|126.8679938724763190_37.5741164485557846|126.8678959680219123_37.5741785247544513|126.8670114588051803_37.5746924804154645|126.8664732680685887_37.5749996173274710|126.8662979111019808_37.5750965324918980
2026-09-04T18:34:05.570303+09:00,월드컵공원,월드컵공원,POI106,KEY_2,1130068000,강변북로,1130044900,가양대교(북측),126.8662979111019808_37.5750965324918980,1130044000,가양대교,126.8673743583999141_37.5742974351538592,130.0,50.7,원활,126.8673743583999141_37.5742974351538592|126.8671029486819180_37.5745034584801587|126.8668363039734714_37.5746773111499621|126.8665787981325934_37.5748333266504062|126.8662979111019808_37.5750965324918980
2026-09-04T18:34:05.570303+09:00,월드컵공원,월드컵공원,POI106,KEY_2,1130068100,강변북로,1130045200,상암동1550-3,126.8641075564550107_37.5759187444953753,1130043900,가양대교(북측),126.8653915391259233_37.5740001396464294,472.0,12.0,정체,126.8653915391259233_37.5740001396464294|126.8655530578639770_37.5739801801802500|126.8656826690621386_37.5739598904694603|126.8661509725368433_37.5738555664648857|126.8662685671453687_37.5738390277396874|126.8663692370552525_37.5738395679072923|126.8664578250642165_37.5738514900970912|126.8665224124056721_37.5738670998852271|126.8665988064661292_37.5739037584917384|126.8666941819490717_37.5739634138358554|126.8667607786702263_37.5740248214943335|126.8668082321833168_37.5740823116192715|126.8668364303619285_37.5741492377416790|126.8668526598945334_37.5742141906959048|126.8668616174391417_37.5742886445381998|126.8668489706226410_37.5743667987229344|126.8668146220147861_37.5744600984612092|126.8667539721880928_37.5745456262622142|126.8666911827972115_37.5746006169252169|126.8666261100899249_37.5746422405294780|126.8660974620481738_37.5749545546124253|126.8655931483691290_37.5752410021525876|126.8650740029988668_37.5755094827713094|126.8645475391721931_37.5757570541415831|126.8641075564550107_37.5759187444953753
2026-09-04T18:34:05.570303+09:00,월드컵공원,월드컵공원,POI106,KEY_2,1130068200,증산로,1130045102,중동교,126.9008492951027023_37.5752640367100312,1130044100,성산동488-2,126.8993493776716974_37.5738963850184291,203.0,17.0,서행,126.8993493776716974_37.5738963850184291|126.8997550267243923_37.5741747896741316|126.8999831939128740_37.5743329158112758|126.9008492951027023_37.5752640367100312
2026-09-04T18:34:05.570303+09:00,월드컵공원,월드컵공원,POI106,KEY_2,1130069000,강변북로,1130046100,상암동1548-2,126.8668103712872721_37.5765861618658121,1130044900,가양대교(북측),126.8662979111019808_37.5750965324918980,187.0,48.0,서행,126.8662979111019808_37.5750965324918980|126.8662245161535509_37.5751831042431661|126.8661675796174393_37.5752722291032342|126.8661254475466791_37.5753822999128815|126.8661059123572699_37.5754775866996624|126.8661050528011884_37.5755789367306079|126.8661155560571956_37.5756654422576091|126.8661519976949847_37.5757848778879833|126.8662148338686819_37.5758835881253859|126.8663447810881735_37.5760184312028898|126.8665599115308424_37.5762670083014783|126.8668103712872721_37.5765861618658121
2026-09-04T18:34:05.570303+09:00,월드컵공원,월드컵공원,POI106,KEY_2,1130069200,강변북로,1130281600,가양대교북단,126.8660053048504182_37.5750796107830993,1130044000,가양대교,126.8673743583999141_37.5742974351538592,149.0,42.5,서행,126.8673743583999141_37.5742974351538592|126.8665795553867071_37.5747439011434423|126.8661436579312891_37.5750013064232888|126.8660053048504182_37.5750796107830993
2026-09-04T18:34:05.570303+09:00,월드컵공원,월드컵공원,POI106,KEY_2,1130069800,하늘공원로.인접길,1130196200,최소노드배치점,126.8796216688609491_37.5766068101045363,1130043604,난지천공원축구장,126.8832930872955274_37.5737972440663555,451.0,19.0,서행,126.8832930872955274_37.5737972440663555|126.8831478360829408_37.5738788137359450|126.8818446069710149_37.5748528284286962|126.8813502498068573_37.5751596481914305|126.8805852438940889_37.5757456690421776|126.8797692818211829_37.5764610535517178|126.8796216688609491_37.5766068101045363
2026-09-04T18:34:05.570303+09:00,월드컵공원,월드컵공원,POI106,KEY_2,1130069900,하늘공원로.인접길,1130135300,상암동 481-6,126.8800262698801617_37.5700108803724220,1130041504,하늘공원입구교차로,126.8806278182475182_37.5696761433924351,65.0,16.0,서행,126.8806278182475182_37.5696761433924351|126.8800262698801617_37.5700108803724220
2026-09-04T18:34:05.570303+09:00,월드컵공원,월드컵공원,POI106,KEY_2,1130071400,월드컵로42길,1130047301,속성변화점,126.8815283578683051_37.5777569752766922,1130046901,난지천공원입구교차로,126.8811072347717186_37.5773962507000618,55.0,46.0,원활,126.8811072347717186_37.5773962507000618|126.8812495831449496_37.5774833779547421|126.8813405260552258_37.5775507592219284|126.8815283578683051_37.5777569752766922
2026-09-04T18:34:05.570303+09:00,월드컵공원,월드컵공원,POI106,KEY_2,1130071500,월드컵로42길,1130046904,난지천공원입구교차로,126.8809936867214532_37.5774631452153756,1130047302,속성변화점,126.8814183695332076_37.5778204336888777,55.0,12.0,정체,126.8814183695332076_37.5778204336888777|126.8812382924741939_37.5776227305095460|126.8811616986085369_37.5775659809208022|126.8809936867214532_37.5774631452153756
2026-09-04T18:34:05.570303+09:00,월드컵공원,월드컵공원,POI106,KEY_2,2180147000,월드컵로,2180129202,마포구-고양시덕양구,126.8763952068496508_37.5799982060491828,2180012203,구룡사거리,126.8762149289149761_37.5801524042564026,23.0,36.3,원활,126.8762149289149761_37.5801524042564026|126.8763634855326785_37.5800170245039027|126.8763952068496508_37.5799982060491828
2026-09-04T18:34:05.570303+09:00,월드컵공원,월드컵공원,POI106,KEY_2,2180147100,월드컵로,2180012202,구룡사거리,126.8763295675570220_37.5802143042951400,2180129201,마포구-고양시덕양구,126.8764749226956496_37.5800874255298964,19.0,7.0,정체,126.8764749226956496_37.5800874255298964|126.8763295675570220_37.5802143042951400
2026-09-04T18:34:05.570303+09:00,월드컵공원,월드컵공원,POI106,KEY_2,2180147200,가양대로,2180648800,최소노드배치점,126.8724967538337722_37.5787136648142166,1130047201,마포구-고양시덕양구,126.8685875400640697_37.5776283095015344,367.0,9.0,정체,126.8685875400640697_37.5776283095015344|126.8687679231673258_37.5777081191461306|126.8696731106302451_37.5780079626163825|126.8707378927987293_37.5783310556528534|126.8724967538337722_37.5787136648142166
2026-09-04T18:34:05.570303+09:00,응봉산,응봉산,POI107,KEY_3,1030008303,금호로,1030158200,금호동4가 136-1,127.0255399332561268_37.5476169553150001,1030016200,금호동4가136-1,127.0255795520311040_37.5477118348494585,11.0,17.0,서행,127.0255795520311040_37.5477118348494585|127.0255399332561268_37.5476169553150001
2026-09-04T18:34:05.570303+09:00,응봉산,응봉산,POI107,KEY_3,1030001100,강변북로,1030156000,최소노드배치점,127.0213172696816315_37.5418363698245869,1030011700,성수JC,127.0277034763174839_37.5435314558420359,626.0,77.3,원활,127.0277034763174839_37.5435314558420359|127.0273660596918859_37.5436061706099622|127.0269812022349356_37.5436660558017010|127.0266134653938508_37.5436994987565029|127.0263498147619003_37.5437145532157359|127.0260689874350106_37.5437146155462784|127.0257972439317058_37.5437072140486165|127.0256158593587799_37.5436920509719414|127.0253420083322311_37.5436625446649401|127.0251421236166749_37.5436322732668017|127.0248394197989370_37.5435730110211523|127.0245616660347139_37.5435067258282444|127.0242659363870530_37.5434283027086693|127.0240476294227250_37.5433576585535036|127.0238338095811912_37.5432838253520345|127.0235805366022390_37.5431853014490997|127.0233607080480311_37.5430932747052140|127.0231555229665901_37.5429926482434908|127.0229868700822493_37.5428875399539521|127.0226181889339188_37.5426725398474233|127.0213172696816315_37.5418363698245869
2026-09-04T18:34:05.570303+09:00,응봉산,응봉산,POI107,KEY_3,1030007902,뚝섬로,1030013601,금호삼거리,127.0245891214709388_37.5447654759813005,1030014302,금호삼거리,127.0263191362427904_37.5452769580231731,164.0,13.0,정체,127.0263191362427904_37.5452769580231731|127.0261038637831490_37.5452060923529416|127.0259258020346493_37.5451540547291813|127.0256170193134579_37.5450978439079961|127.0253052748234381_37.5450222398063929|127.0250045882675067_37.5449283656812511|127.0246872563924541_37.5448051207934412|127.0245891214709388_37.5447654759813005
2026-09-04T18:34:05.570303+09:00,응봉산,응봉산,POI107,KEY_3,1030007903,뚝섬로,1030153700,최소노드배치점,127.0298541325279302_37.5461734938040195,1030013800,용비교앞,127.0333325548071599_37.5450050369533841,334.0,19.0,서행,127.0333325548071599_37.5450050369533841|127.0320878634865949_37.5454301821306089|127.0301483584728004_37.5461118314372300|127.0298548174119588_37.5461734181233169|127.0298541325279302_37.5461734938040195
2026-09-04T18:34:05.570303+09:00,응봉산,응봉산,POI107,KEY_3,1030008002,뚝섬로,1030014301,금호삼거리,127.0263715716448445_37.5451772275798916,1030013602,금호삼거리,127.0246505601775056_37.5446690560700560,163.0,14.0,정체,127.0246505601775056_37.5446690560700560|127.0247477442928243_37.5447083164846589|127.0250592248637247_37.5448292892327657|127.0253499091777769_37.5449200407027206|127.0256519775122257_37.5449932978853056|127.0259644829495471_37.5450501862500374|127.0261532197348942_37.5451053434148392|127.0263715716448445_37.5451772275798916
2026-09-04T18:34:05.570303+09:00,응봉산,응봉산,POI107,KEY_3,1030008003,뚝섬로,1030153800,최소노드배치점,127.0298280875985313_37.5460672151115205,1030014301,금호삼거리,127.0263715716448445_37.5451772275798916,327.0,11.0,정체,127.0263715716448445_37.5451772275798916|127.0277067042073753_37.5456277749716634|127.0283663117931781_37.5458931608152326|127.0286645473896385_37.5460015438553114|127.0289031949048280_37.5460619400162230|127.0291560364487253_37.5460963879228444|127.0293619782756736_37.5461020897726172|127.0295918951163969_37.5460933152127936|127.0298280875985313_37.5460672151115205
2026-09-04T18:34:05.570303+09:00,응봉산,응봉산,POI107,KEY_3,1030008301,뚝섬로,1030002302,금호삼거리,127.0225396667000410_37.5433334984248930,1030014003,금호삼거리,127.0243831066502196_37.5449660805404974,246.0,31.0,원활,127.0243831066502196_37.5449660805404974|127.0243360987880408_37.5449581175842013|127.0242336645572436_37.5448336998437640|127.0240467802874633_37.5446420720797462|127.0237323247119434_37.5443560684192832|127.0232856057741913_37.5440197800600259|127.0230559677864051_37.5438428535230955|127.0228298698669960_37.5436679242665221|127.0226446269329870_37.5435285236299734|127.0225396667000410_37.5433334984248930
2026-09-04T18:34:05.570303+09:00,응봉산,응봉산,POI107,KEY_3,1030008302,금호로,1030014004,금호삼거리,127.0244003804041171_37.5450849069713186,1030015403,서울숲2차푸르지오아파트,127.0250874895659621_37.5465858605602207,177.0,16.0,서행,127.0250874895659621_37.5465858605602207|127.0248337854645087_37.5460386382467064|127.0247559716229802_37.5458707974138193|127.0244749924089547_37.5452718122957805|127.0244003804041171_37.5450849069713186
2026-09-04T18:34:05.570303+09:00,응봉산,응봉산,POI107,KEY_3,1030008304,금호로,1030016200,금호동4가136-1,127.0255795520311040_37.5477118348494585,1030016903,금호사거리,127.0256775098357593_37.5480028846398000,33.0,26.5,원활,127.0256775098357593_37.5480028846398000|127.0256382523289176_37.5478636728514132|127.0255882964010823_37.5477327757710384|127.0255795520311040_37.5477118348494585
2026-09-04T18:34:05.570303+09:00,응봉산,응봉산,POI107,KEY_3,1030008402,금호로,1030161600,금호동4가 189,127.0249611739107110_37.5460011960421554,1030014001,금호삼거리,127.0245297901294350_37.5450521552824128,112.0,10.0,정체,127.0245297901294350_37.5450521552824128|127.0246033800226115_37.5452364997842736|127.0248832696392469_37.5458331611532259|127.0249611739107110_37.5460011960421554
2026-09-04T18:34:05.570303+09:00,응봉산,응봉산,POI107,KEY_3,1030008403,금호로,1030158300,금호동4가 103-1,127.0256687918147662_37.5475828444212425,1030015401,서울숲2차푸르지오아파트,127.0252473374584810_37.5466183593112390,113.0,9.0,정체,127.0252473374584810_37.5466183593112390|127.0254324071465817_37.5470167442117599|127.0256687918147662_37.5475828444212425
2026-09-04T18:34:05.570303+09:00,응봉산,응봉산,POI107,KEY_3,1030008404,금호로,1030016902,금호사거리,127.0258104610465182_37.5479808142442693,1030016100,금호동4가110-1,127.0257084110779715_37.5476777247828579,35.0,4.0,정체,127.0257084110779715_37.5476777247828579|127.0257177115611427_37.5476999972500991|127.0257696441507704_37.5478360745881687|127.0258104610465182_37.5479808142442693
2026-09-04T18:34:05.570303+09:00,응봉산,응봉산,POI107,KEY_3,1030011101,독서당로,1030016901,금호사거리,127.0258355963698307_37.5480872396207204,1030016800,성동야구아카데미,127.0262243759454179_37.5480394677482039,35.0,7.0,정체,127.0262243759454179_37.5480394677482039|127.0260129946544225_37.5480523681525966|127.0258355963698307_37.5480872396207204
2026-09-04T18:34:05.570303+09:00,응봉산,응봉산,POI107,KEY_3,1030011102,독서당로,1030016800,성동야구아카데미,127.0262243759454179_37.5480394677482039,1030018704,금호삼성아파트,127.0288457542290246_37.5490547942188471,265.0,20.0,서행,127.0288457542290246_37.5490547942188471|127.0277159147608899_37.5484809426068509|127.0272678076244972_37.5481907559656278|127.0271129046379031_37.5481264540184654|127.0269135921910078_37.5480706016531229|127.0266918306376596_37.5480488090773363|127.0262243759454179_37.5480394677482039
2026-09-04T18:34:05.570303+09:00,응봉산,응봉산,POI107,KEY_3,1030011103,독서당로,1030046800,응봉동 산8-14,127.0302999391925312_37.5497975459235462,1030019304,응봉현대아파트,127.0306640401490199_37.5499835776434523,38.0,33.0,원활,127.0306640401490199_37.5499835776434523|127.0302999391925312_37.5497975459235462
2026-09-04T18:34:05.570303+09:00,응봉산,응봉산,POI107,KEY_3,1030011104,독서당로,1030140100,응봉삼거리,127.0341738103327600_37.5545163588240456,1030022204,응봉삼거리,127.0343484654333395_37.5546429357531792,21.0,22.0,서행,127.0343484654333395_37.5546429357531792|127.0341738103327600_37.5545163588240456
2026-09-04T18:34:05.570303+09:00,응봉산,응봉산,POI107,KEY_3,1030011201,독서당로,1030016700,금호동4가76-2,127.0262277838623106_37.5479313822787617,1030016902,금호사거리,127.0258104610465182_37.5479808142442693,37.0,30.0,원활,127.0258104610465182_37.5479808142442693|127.0259914566427284_37.5479452360338399|127.0262232709304726_37.5479312922801824|127.0262277838623106_37.5479313822787617
2026-09-04T18:34:05.570303+09:00,응봉산,응봉산,POI107,KEY_3,1030011202,독서당로,1030098600,금호동4가 산3-4,127.0271710951555235_37.5480286767438614,1030016700,금호동4가76-2,127.0262277838623106_37.5479313822787617,85.0,23.7,서행,127.0262277838623106_37.5479313822787617|127.0267018748789809_37.5479408563429828|127.0269448117447695_37.5479647289813627|127.0271671083666405_37.5480270217543932|127.0271710951555235_37.5480286767438614
2026-09-04T18:34:05.570303+09:00,응봉산,응봉산,POI107,KEY_3,1030011203,독서당로,1030019303,응봉현대아파트,127.0307373825225596_37.5498925829780532,1030018702,금호삼성아파트,127.0290429266333518_37.5490268092057420,178.0,12.0,정체,127.0290429266333518_37.5490268092057420|127.0298580970931113_37.5494433220325661|127.0303732819594131_37.5497065513663557|127.0307373825225596_37.5498925829780532
2026-09-04T18:34:05.570303+09:00,응봉산,응봉산,POI107,KEY_3,1030011204,독서당로,1030156400,최소노드배치점,127.0324901285359402_37.5517415938519079,1030019302,응봉현대아파트,127.0308532474746102_37.5499493209760473,254.0,12.0,정체,127.0308532474746102_37.5499493209760473|127.0311598133465196_37.5500923092155929|127.0314245468871661_37.5502415038619333|127.0316905277874611_37.5504369629417525|127.0319013854685437_37.5506503454654563|127.0320815292466818_37.5508887152306770|127.0322086909415731_37.5511042138192508|127.0323804186302112_37.5515081726606041|127.0324901285359402_37.5517415938519079
2026-09-04T18:34:05.570303+09:00,응봉산,응봉산,POI107,KEY_3,1030011702,고산자로,1030020204,응봉역앞,127.0352176251380740_37.5514632527617636,1030020805,응봉동 59,127.0350352951621602_37.5520646051962572,69.0,23.0,서행,127.0350352951621602_37.5520646051962572|127.0352176251380740_37.5514632527617636
2026-09-04T18:34:05.570303+09:00,응봉산,응봉산,POI107,KEY_3,1030013701,고산자로,1030022204,응봉삼거리,127.0343484654333395_37.5546429357531792,1030022702,행당동 330-2,127.0341912875980626_37.5556766233079600,116.0,13.0,정체,127.0341912875980626_37.5556766233079600|127.0342120672140993_37.5555183447502472|127.0342828586803989_37.5549791203233809|127.0343484654333395_37.5546429357531792
2026-09-04T18:34:05.570303+09:00,응봉산,응봉산,POI107,KEY_3,1030029800,금호로,1030013604,금호삼거리,127.0244660195330226_37.5447157450772906,1030014003,금호삼거리,127.0243831066502196_37.5449660805404974,29.0,21.0,서행,127.0243831066502196_37.5449660805404974|127.0243819232019575_37.5449412170987458|127.0244660195330226_37.5447157450772906
2026-09-04T18:34:05.570303+09:00,응봉산,응봉산,POI107,KEY_3,1030029900,금호로,1030014002,금호삼거리,127.0245187985881046_37.5449619861916730,1030013601,금호삼거리,127.0245891214709388_37.5447654759813005,23.0,7.0,정체,127.0245891214709388_37.5447654759813005|127.0245184623645542_37.5449549218575100|127.0245187985881046_37.5449619861916730
2026-09-04T18:34:05.570303+09:00,응봉산,응봉산,POI107,KEY_3,1030031400,금호로1길,1030014003,금호삼거리,127.0243831066502196_37.5449660805404974,1030016504,금호동4가 505-1,127.0238483837796792_37.5479358798656904,454.0,19.0,서행,127.0238483837796792_37.5479358798656904|127.0235770885817601_37.5476364587372160|127.0233181784719392_37.5474261233172228|127.0231977308909421_37.5472913323833097|127.0231284337929480_37.5471902376842550|127.0230337332526602_37.5469745516509974|127.0229944018157227_37.5468411934546538|127.0230517106162864_37.5467011472214693|127.0230642106844670_37.5465843593454736|127.0230696017737841_37.5465339903971795|127.0231018410010364_37.5464532464752168|127.0232559374913279_37.5463259447105244|127.0232760633650599_37.5463055394242105|127.0232748760431889_37.5462973648940945|127.0232359799152846_37.5462177864088957|127.0232284704929668_37.5459692671184229|127.0232061315526408_37.5457166872262889|127.0232633860120046_37.5455514696615467|127.0233136429695122_37.5454785391859716|127.0233294889235083_37.5454326157334748|127.0233397117676617_37.5453168893803308|127.0233542551236638_37.5450929071155599|127.0233664379930758_37.5450467735456996|127.0234954995279821_37.5449373260855879|127.0235833461806436_37.5448878247946993|127.0236787743664451_37.5448637120767685|127.0237713541191482_37.5448674731677912|127.0240301499684676_37.5449428731654322|127.0240922262797056_37.5449510983525201|127.0242451816518354_37.5449453357904304|127.0243709098179892_37.5449627883928230|127.0243831066502196_37.5449660805404974
2026-09-04T18:34:05.570303+09:00,응봉산,응봉산,POI107,KEY_3,1030031500,금호로1길,1030170600,금호동4가 342,127.0239894492258799_37.5450461462238820,1030014004,금호삼거리,127.0244003804041171_37.5450849069713186,37.0,18.0,서행,127.0244003804041171_37.5450849069713186|127.0243372513306781_37.5450678671607250|127.0242366270141616_37.5450538989428892|127.0240842009909557_37.5450596415639026|127.0239953752521558_37.5450478727755410|127.0239894492258799_37.5450461462238820
2026-09-04T18:34:05.570303+09:00,응봉산,응봉산,POI107,KEY_3,1030032600,금호로3길,1030015403,서울숲2차푸르지오아파트,127.0250874895659621_37.5465858605602207,1030016503,금호동4가 235-5,127.0239194442631998_37.5478295063627385,173.0,14.5,정체,127.0239194442631998_37.5478295063627385|127.0239218379499277_37.5478255558994576|127.0239908175615966_37.5477381715467899|127.0240349006078020_37.5476823263885606|127.0247811874996700_37.5468915402105168|127.0249918043950572_37.5466522562733687|127.0250874895659621_37.5465858605602207
2026-09-04T18:34:05.570303+09:00,응봉산,응봉산,POI107,KEY_3,1030032700,금호로3길,1030161000,금호동4가 162,127.0241057892529284_37.5477957056858145,1030015404,서울숲2차푸르지오아파트,127.0251378478824336_37.5466943339865722,153.0,23.0,서행,127.0251378478824336_37.5466943339865722|127.0250935042581659_37.5467251038971526|127.0248910998353864_37.5469550582399805|127.0241468609991529_37.5477436750801701|127.0241057892529284_37.5477957056858145
2026-09-04T18:34:05.570303+09:00,응봉산,응봉산,POI107,KEY_3,1030033000,독서당로,1030016700,금호동4가76-2,127.0262277838623106_37.5479313822787617,1030016100,금호동4가110-1,127.0257084110779715_37.5476777247828579,59.0,25.5,원활,127.0257084110779715_37.5476777247828579|127.0258361501292654_37.5478382783143019|127.0259188060206981_37.5478911830666533|127.0260122341105529_37.5479283512465543|127.0262277838623106_37.5479313822787617
2026-09-04T18:34:05.570303+09:00,응봉산,응봉산,POI107,KEY_3,1030033100,금호로,1030016200,금호동4가136-1,127.0255795520311040_37.5477118348494585,1030017000,금호동4가116,127.0253168883355812_37.5480374538519825,51.0,12.0,정체,127.0253168883355812_37.5480374538519825|127.0254769187222905_37.5480071359631964|127.0255415757320350_37.5479627820440243|127.0255864659671232_37.5478998375612534|127.0256086918468270_37.5478097734097034|127.0255795520311040_37.5477118348494585
2026-09-04T18:34:05.570303+09:00,응봉산,응봉산,POI107,KEY_3,1030033400,금호로,1030017600,금호동1가1806-1,127.0258826035867230_37.5483405109717623,1030016800,성동야구아카데미,127.0262243759454179_37.5480394677482039,51.0,25.0,원활,127.0262243759454179_37.5480394677482039|127.0260122902762134_37.5480899795996237|127.0259440425159738_37.5481400559065506|127.0258919651416250_37.5481987115429092|127.0258826035867230_37.5483405109717623
2026-09-04T18:34:05.570303+09:00,응봉산,응봉산,POI107,KEY_3,1030035800,독서당로55길,1030019401,금호동1가 635,127.0265686732719814_37.5506119028105729,1030018701,금호삼성아파트,127.0289695825101717_37.5491178034089472,269.0,22.0,서행,127.0289695825101717_37.5491178034089472|127.0284531619766000_37.5494050999312776|127.0279050315179461_37.5497563426537440|127.0275345654433181_37.5500100867125113|127.0275119157961399_37.5500256000861725|127.0265686732719814_37.5506119028105729
2026-09-04T18:34:05.570303+09:00,응봉산,응봉산,POI107,KEY_3,1030036300,독서당로62길,1030044000,응봉동 193-76,127.0309081430659148_37.5497511992183064,1030019303,응봉현대아파트,127.0307373825225596_37.5498925829780532,23.0,21.0,서행,127.0307373825225596_37.5498925829780532|127.0307983143885480_37.5498023978845268|127.0308928097263816_37.5497541355430400|127.0309081430659148_37.5497511992183064
2026-09-04T18:34:05.570303+09:00,응봉산,응봉산,POI107,KEY_3,1030036400,독서당로62길,1030115800,응봉동 100,127.0331540741885163_37.5508112196129389,1030020807,응봉동 59,127.0349470253762831_37.5522432866666946,253.0,16.5,서행,127.0349470253762831_37.5522432866666946|127.0348927337139884_37.5522533951449304|127.0347463640402594_37.5522612067135668|127.0346056172544991_37.5522485151423950|127.0340392251581392_37.5521575140909221|127.0339498538011753_37.5521025726294582|127.0336679641477815_37.5517028399204804|127.0333347532741612_37.5512634320380485|127.0332090570225176_37.5510684553932919|127.0331540741885163_37.5508112196129389
2026-09-04T18:34:05.570303+09:00,응봉산,응봉산,POI107,KEY_3,1030050600,금호로,1030014002,금호삼거리,127.0245187985881046_37.5449619861916730,1030014302,금호삼거리,127.0263191362427904_37.5452769580231731,166.0,8.0,정체,127.0263191362427904_37.5452769580231731|127.0261005100282858_37.5452863826889143|127.0258942993101527_37.5452474499432611|127.0255848366716549_37.5451722743201728|127.0252679662626605_37.5450911580173639|127.0249717297689074_37.5449967008118861|127.0248301010968532_37.5449537241828182|127.0247241087351142_37.5449365823874572|127.0246504579408651_37.5449365977853091|127.0245821989922774_37.5449466239183209|127.0245187985881046_37.5449619861916730
2026-09-04T18:34:05.570303+09:00,응봉산,응봉산,POI107,KEY_3,1030050700,뚝섬로,1030002302,금호삼거리,127.0225396667000410_37.5433334984248930,1030014302,금호삼거리,127.0263191362427904_37.5452769580231731,409.0,23.0,서행,127.0263191362427904_37.5452769580231731|127.0260791857573537_37.5452564663631208|127.0259064609708446_37.5452059880624418|127.0255995407431442_37.5451501164641570|127.0252829570347615_37.5450733393513474|127.0249772704809885_37.5449779038953011|127.0246570129492625_37.5448535224850417|127.0244053744653030_37.5447518654607038|127.0241663157922289_37.5446239979584249|127.0239073468036253_37.5444640458128447|127.0236663621607534_37.5442874822721109|127.0231478159418970_37.5438927410097776|127.0226898898909695_37.5435157252336751|127.0225396667000410_37.5433334984248930
2026-09-04T18:34:05.570303+09:00,응봉산,응봉산,POI107,KEY_3,1030050800,뚝섬로,1030014301,금호삼거리,127.0263715716448445_37.5451772275798916,1030002301,금호삼거리,127.0226342015975263_37.5432558991388277,401.0,30.0,원활,127.0226342015975263_37.5432558991388277|127.0227735424564344_37.5432963462593179|127.0233375538967522_37.5437380146797395|127.0238521589868981_37.5441297546865442|127.0240828291760948_37.5442987614734989|127.0243254469313001_37.5444486137030395|127.0245430436055187_37.5445650012127530|127.0247779887503299_37.5446599147684452|127.0250865436734244_37.5447797509983090|127.0253722257435101_37.5448689411440455|127.0256694571406229_37.5449410244187760|127.0259838239325632_37.5449982520049161|127.0261778976611424_37.5450549693879267|127.0263715716448445_37.5451772275798916
2026-09-04T18:34:05.570303+09:00,응봉산,응봉산,POI107,KEY_3,1030060200,고산자로,1030040502,응봉동 84,127.0345457436668113_37.5537140114381387,1030022203,응봉삼거리,127.0343749878095281_37.5545159488352596,90.0,32.0,원활,127.0343749878095281_37.5545159488352596|127.0345457436668113_37.5537140114381387
2026-09-04T18:34:05.570303+09:00,응봉산,응봉산,POI107,KEY_3,1030060300,고산자로,1030022202,응봉삼거리,127.0344982469721202_37.5545839712216960,1030040501,응봉동 84,127.0346787765228669_37.5537354682910234,96.0,16.0,서행,127.0346787765228669_37.5537354682910234|127.0344982469721202_37.5545839712216960
2026-09-04T18:34:05.570303+09:00,응봉산,응봉산,POI107,KEY_3,1030060400,고산자로,1030020808,응봉동 50-4,127.0349722533052272_37.5522752466610541,1030040502,응봉동 84,127.0345457436668113_37.5537140114381387,164.0,26.0,원활,127.0345457436668113_37.5537140114381387|127.0349722533052272_37.5522752466610541
2026-09-04T18:34:05.570303+09:00,응봉산,응봉산,POI107,KEY_3,1030060500,고산자로,1030040602,응봉교(북측),127.0353039979932106_37.5511793223031063,1030040502,응봉동 84,127.0345457436668113_37.5537140114381387,290.0,57.0,원활,127.0345457436668113_37.5537140114381387|127.0345547094132854_37.5534909140588553|127.0351691257787223_37.5514430022586794|127.0351942408883872_37.5513657567030990|127.0352397142679450_37.5512827837282543|127.0353039979932106_37.5511793223031063
2026-09-04T18:34:05.570303+09:00,응봉산,응봉산,POI107,KEY_3,1030060600,고산자로,1030040501,응봉동 84,127.0346787765228669_37.5537354682910234,1030020801,응봉동 59,127.0351012086756413_37.5523109259349184,162.0,14.0,정체,127.0351012086756413_37.5523109259349184|127.0346787765228669_37.5537354682910234
2026-09-04T18:34:05.570303+09:00,응봉산,응봉산,POI107,KEY_3,1030060800,고산자로,1030040501,응봉동 84,127.0346787765228669_37.5537354682910234,1030040601,응봉교(북측),127.0354323058887900_37.5512155665399234,289.0,24.0,서행,127.0354323058887900_37.5512155665399234|127.0354385491616256_37.5513218203346000|127.0354314127047104_37.5514267130854691|127.0354122260271765_37.5515241500845391|127.0352878611766556_37.5519380319943181|127.0348049216232482_37.5535433180143912|127.0346787765228669_37.5537354682910234
2026-09-04T18:34:05.570303+09:00,응봉산,응봉산,POI107,KEY_3,1030061000,고산자로,1030040802,응봉교(남측),127.0364122199101899_37.5475877422382993,1030040602,응봉교(북측),127.0353039979932106_37.5511793223031063,410.0,45.0,원활,127.0353039979932106_37.5511793223031063|127.0364122199101899_37.5475877422382993
2026-09-04T18:34:05.570303+09:00,응봉산,응봉산,POI107,KEY_3,1030061100,고산자로,1030040601,응봉교(북측),127.0354323058887900_37.5512155665399234,1030040801,응봉교(남측),127.0365453230109836_37.5476083497879003,412.0,41.0,원활,127.0365453230109836_37.5476083497879003|127.0354323058887900_37.5512155665399234
2026-09-04T18:34:05.570303+09:00,이촌한강공원,이촌한강공원,POI108,KEY_4,1020000101,강변북로,1020177700,최소노드배치점,126.9735160758688437_37.5170335682321721,1020008600,장미맨션,126.9674759268883975_37.5192653374396343,589.0,15.0,정체,126.9674759268883975_37.5192653374396343|126.9708113694907041_37.5180220323550628|126.9730614976379854_37.5171832066243809|126.9733548327701698_37.5170831491498902|126.9735160758688437_37.5170335682321721
2026-09-04T18:34:05.570303+09:00,이촌한강공원,이촌한강공원,POI108,KEY_4,1020000104,강변북로,1020006400,동작대교북측(남측),126.9828949892906991_37.5150080800496397,1020006700,동작대교(북측),126.9800256660309117_37.5160519948221989,372.0,45.3,서행,126.9800256660309117_37.5160519948221989|126.9808299968759400_37.5161101275101529|126.9811628406973938_37.5161443822588936|126.9823899641706930_37.5162034251455054|126.9825434009835448_37.5162040975456890|126.9826708465813283_37.5161748445062813|126.9827535076294396_37.5161275097643312|126.9828400343725860_37.5160623059202649|126.9828932089837963_37.5159492592973720|126.9828944431571500_37.5157704012335955|126.9828892630113018_37.5154365011152393|126.9828949892906991_37.5150080800496397
2026-09-04T18:34:05.570303+09:00,이촌한강공원,이촌한강공원,POI108,KEY_4,1020001201,강변북로,1020016900,이촌119안전센터,126.9527707053192813_37.5296032521090837,1020014700,늘봄어린이집,126.9534103419858297_37.5269616177521641,303.0,5.0,정체,126.9534103419858297_37.5269616177521641|126.9534012496742150_37.5270744241099976|126.9532254685826160_37.5287686344059281|126.9531671027491626_37.5289431542131382|126.9531202258240512_37.5290789643106777|126.9530543691655424_37.5292061523673013|126.9529628453764900_37.5293571166056665|126.9528713860592291_37.5294859395831253|126.9527707053192813_37.5296032521090837
2026-09-04T18:34:05.570303+09:00,이촌한강공원,이촌한강공원,POI108,KEY_4,1020001202,강변북로,1020017500,이촌119안전센터,126.9523654405978732_37.5299851049663928,1020016900,이촌119안전센터,126.9527707053192813_37.5296032521090837,56.0,5.0,정체,126.9527707053192813_37.5296032521090837|126.9526111115253713_37.5297638421530593|126.9524261692913427_37.5299314144408740|126.9523654405978732_37.5299851049663928
2026-09-04T18:34:05.570303+09:00,이촌한강공원,이촌한강공원,POI108,KEY_4,1020001203,강변북로,1020018900,현대자동차중부지역본부,126.9515851345648088_37.5306749736558771,1020017500,이촌119안전센터,126.9523654405978732_37.5299851049663928,103.0,5.0,정체,126.9523654405978732_37.5299851049663928|126.9519853330072579_37.5303211606273521|126.9515851345648088_37.5306749736558771
2026-09-04T18:34:05.570303+09:00,이촌한강공원,이촌한강공원,POI108,KEY_4,1020001301,강변북로,1020015100,원효대교(북측),126.9530054534751287_37.5274065558744638,1020020100,원효대교(북측),126.9490556979416453_37.5318418487171641,611.0,15.0,정체,126.9490556979416453_37.5318418487171641|126.9511588605246004_37.5298950607039430|126.9517964502142036_37.5293048486157872|126.9520794947991362_37.5290331982994090|126.9522412504164919_37.5288508956887625|126.9523805449295111_37.5286864623722636|126.9524973865242998_37.5285255959335444|126.9526187348045738_37.5283361243785549|126.9527355979030716_37.5281394987459009|126.9528480107025956_37.5278785063501417|126.9529379639647573_37.5276318073909181|126.9530054534751287_37.5274065558744638
2026-09-04T18:34:05.570303+09:00,이촌한강공원,이촌한강공원,POI108,KEY_4,1020004501,양녕로,1020173400,최소노드배치점,126.9595585500767214_37.5188246703474917,1020037700,한강대교,126.9614504170564686_37.5219168510869849,382.0,8.0,정체,126.9614504170564686_37.5219168510869849|126.9595585500767214_37.5188246703474917
2026-09-04T18:34:05.570303+09:00,이촌한강공원,이촌한강공원,POI108,KEY_4,1020007800,청파로,1020173600,최소노드배치점,126.9544297498901955_37.5315689925581850,1020000701,원효대교북측(동측),126.9517622341474095_37.5300758765918303,288.0,56.5,원활,126.9517622341474095_37.5300758765918303|126.9539847333503388_37.5312739203574566|126.9542620658364172_37.5314458751583899|126.9544297498901955_37.5315689925581850
2026-09-04T18:34:05.570303+09:00,이촌한강공원,이촌한강공원,POI108,KEY_4,1020023300,서빙고로62길,1020174500,최소노드배치점,126.9787187723303674_37.5152580928693737,1020006502,사촌5길삼거리,126.9749717465756760_37.5156880509036554,335.0,35.0,원활,126.9749717465756760_37.5156880509036554|126.9751117329301451_37.5156600647625922|126.9754017049598644_37.5156100828596593|126.9760224047377619_37.5155278109994939|126.9770532987808167_37.5154248967958210|126.9787074137265250_37.5152593209579024|126.9787187723303674_37.5152580928693737
2026-09-04T18:34:05.570303+09:00,이촌한강공원,이촌한강공원,POI108,KEY_4,1020023400,서빙고로62길,1020174800,최소노드배치점,126.9824891213493459_37.5152764328568153,1020006204,여우목길-이촌동길삼거,126.9862607226467901_37.5155372285773865,335.0,34.0,원활,126.9862607226467901_37.5155372285773865|126.9848107248320019_37.5154401903541554|126.9828575452751238_37.5152969238249341|126.9824891213493459_37.5152764328568153
2026-09-04T18:34:05.570303+09:00,이촌한강공원,이촌한강공원,POI108,KEY_4,1020023600,동작대로,1020006400,동작대교북측(남측),126.9828949892906991_37.5150080800496397,1020000102,동작대교북측(북측),126.9830968580070873_37.5162135878794203,135.0,58.0,원활,126.9830968580070873_37.5162135878794203|126.9830973582783855_37.5159265924053926|126.9830855094718913_37.5158320420852931|126.9830500284640493_37.5156150572852383|126.9828949892906991_37.5150080800496397
2026-09-04T18:34:05.570303+09:00,이촌한강공원,이촌한강공원,POI108,KEY_4,1020025900,서빙고로62길,1020141900,이촌동 375-1,126.9596450999449502_37.5218248060785342,1020012002,이촌한강공원한강축구장,126.9584923328509802_37.5219853753291375,104.0,33.0,원활,126.9584923328509802_37.5219853753291375|126.9585875324684139_37.5219485289045878|126.9587560183722843_37.5219160589596896|126.9594890278337971_37.5218356566925237|126.9596450999449502_37.5218248060785342
2026-09-04T18:34:05.570303+09:00,이촌한강공원,이촌한강공원,POI108,KEY_4,1020026000,서빙고로62길,1020161500,이촌동 302-17,126.9704077941686506_37.5172262067152431,1020006501,사촌5길삼거리,126.9749999143509029_37.5157937473941132,438.0,22.0,서행,126.9749999143509029_37.5157937473941132|126.9748202206337169_37.5158189922882812|126.9744904447008196_37.5158831702968598|126.9738607344488059_37.5160198211928844|126.9733243730976966_37.5161583026667174|126.9729818969831854_37.5162548304322385|126.9727131343539668_37.5163419065095027|126.9722761593685192_37.5164882421616070|126.9715818965029257_37.5167388922272593|126.9707166376167891_37.5170984596883486|126.9704077941686506_37.5172262067152431
2026-09-04T18:34:05.570303+09:00,이촌한강공원,이촌한강공원,POI108,KEY_4,1020029000,강변북로,1020011900,이촌동 375,126.9602235794051666_37.5220096584238760,1020012001,이촌한강공원한강축구장,126.9585516639946974_37.5220826215641168,148.0,15.0,정체,126.9585516639946974_37.5220826215641168|126.9587113208574465_37.5220996316526865|126.9591141977425650_37.5220609052510881|126.9596830840466453_37.5220183500368947|126.9602235794051666_37.5220096584238760
2026-09-04T18:34:05.570303+09:00,이촌한강공원,이촌한강공원,POI108,KEY_4,1020029200,강변북로,1020012002,이촌한강공원한강축구장,126.9584923328509802_37.5219853753291375,1020012900,이촌우성아파트,126.9566358774652315_37.5229345434784065,199.0,27.0,정체,126.9566358774652315_37.5229345434784065|126.9570464453038028_37.5225864767338919|126.9574825635857280_37.5223784218399743|126.9580930558484653_37.5221996549528427|126.9583501102936225_37.5221157291829570|126.9584923328509802_37.5219853753291375
2026-09-04T18:34:05.570303+09:00,이촌한강공원,이촌한강공원,POI108,KEY_4,1020032100,강변북로,1020015100,원효대교(북측),126.9530054534751287_37.5274065558744638,1020017300,원효대교북측(서측),126.9512077159163965_37.5298631512081684,389.0,35.0,서행,126.9512077159163965_37.5298631512081684|126.9514822855463336_37.5299090640322532|126.9516216330552822_37.5299292063212135|126.9517511067902262_37.5299467270030931|126.9518970490022127_37.5299546450712000|126.9519877335176687_37.5299455566299400|126.9521077543355858_37.5299127260165122|126.9522368979249620_37.5298608590075560|126.9523270967404471_37.5298111962103320|126.9524084351906055_37.5297447981758694|126.9524777763784442_37.5296807288515026|126.9526166005700532_37.5295335132300067|126.9527584871032815_37.5293767714761159|126.9528702913169127_37.5292389692136652|126.9529309273824396_37.5291367026859675|126.9529675922746605_37.5290367097196622|126.9529801960210875_37.5289509141567166|126.9529811713372993_37.5288173680834305|126.9529769080494788_37.5281710589532835|126.9529840979044479_37.5280065388959798|126.9529943354486932_37.5278348787065212|126.9530054534751287_37.5274065558744638
2026-09-04T18:34:05.570303+09:00,이촌한강공원,이촌한강공원,POI108,KEY_4,1020034000,여의대방로,1020000701,원효대교북측(동측),126.9517622341474095_37.5300758765918303,1020017300,원효대교북측(서측),126.9512077159163965_37.5298631512081684,54.0,57.0,원활,126.9512077159163965_37.5298631512081684|126.9517622341474095_37.5300758765918303
2026-09-04T18:34:05.570303+09:00,이촌한강공원,이촌한강공원,POI108,KEY_4,1020034500,이촌로2길,1020136600,이촌동 172-1,126.9529749817550623_37.5299597795509499,1020016900,이촌119안전센터,126.9527707053192813_37.5296032521090837,48.0,17.0,서행,126.9527707053192813_37.5296032521090837|126.9527510286802681_37.5297077910479260|126.9527654424910708_37.5297841729085633|126.9528069643994144_37.5298392163718901|126.9528474013405344_37.5298835816184777|126.9529749817550623_37.5299597795509499
2026-09-04T18:34:05.570303+09:00,이촌한강공원,이촌한강공원,POI108,KEY_4,1020034800,이촌로2길,1020017500,이촌119안전센터,126.9523654405978732_37.5299851049663928,1020019104,원효대교(북측),126.9547296547672914_37.5310849407541980,251.0,27.0,원활,126.9547296547672914_37.5310849407541980|126.9545655803105433_37.5310328345768127|126.9543726239541144_37.5309286287612096|126.9540821407545081_37.5307553338088766|126.9530819266436481_37.5301623577747137|126.9528911683399315_37.5300492648525363|126.9527252955329146_37.5299509250104393|126.9526356021338103_37.5299314301440461|126.9525667304034755_37.5299311114793284|126.9525008186408570_37.5299355755796711|126.9523654405978732_37.5299851049663928
2026-09-04T18:34:05.570303+09:00,이촌한강공원,이촌한강공원,POI108,KEY_4,1020052000,강변북로,1020037400,원효대교(북측),126.9525421584508535_37.5304082079948245,1020017500,이촌119안전센터,126.9523654405978732_37.5299851049663928,52.0,30.0,서행,126.9523654405978732_37.5299851049663928|126.9523627938557553_37.5300890965853284|126.9523796108926064_37.5301734974690859|126.9524096759291609_37.5302742064081443|126.9524626558254994_37.5303423173229618|126.9525421584508535_37.5304082079948245
2026-09-04T18:34:05.570303+09:00,이촌한강공원,이촌한강공원,POI108,KEY_4,1020052200,청파로,1020020200,원효대교(북측),126.9548392490623030_37.5316133150025451,1020017300,원효대교북측(서측),126.9512077159163965_37.5298631512081684,380.0,46.0,원활,126.9512077159163965_37.5298631512081684|126.9518915547961058_37.5299922272080906|126.9541046333161063_37.5311800268186957|126.9547757568389557_37.5315338800621774|126.9548392490623030_37.5316133150025451
2026-09-04T18:34:05.570303+09:00,잠실종합운동장,잠실종합운동장,POI109,KEY_1,1230024502,올림픽로,1230039501,정신여중고교,127.0736954853006182_37.5111786898829180,1230041205,종합운동장교차로,127.0782510546514033_37.5119142943147708,411.0,31.0,원활,127.0782510546514033_37.5119142943147708|127.0777355344654751_37.5118609241788334|127.0736954853006182_37.5111786898829180
2026-09-04T18:34:05.570303+09:00,잠실종합운동장,잠실종합운동장,POI109,KEY_1,1230024602,올림픽로,1230041204,종합운동장교차로,127.0781055802095096_37.5117902042657008,1230039502,속성변화점,127.0737236350740034_37.5110729205048941,396.0,13.0,정체,127.0737236350740034_37.5110729205048941|127.0777583891545248_37.5117542599830429|127.0781055802095096_37.5117902042657008
2026-09-04T18:34:05.570303+09:00,잠실종합운동장,잠실종합운동장,POI109,KEY_1,1230080400,올림픽로.백제고분로,1230358300,최소노드배치점,127.0741133987251885_37.5141329445928022,1230039501,정신여중고교,127.0736954853006182_37.5111786898829180,348.0,7.0,정체,127.0736954853006182_37.5111786898829180|127.0735109745380811_37.5120468642505998|127.0733871347810577_37.5128886808420958|127.0734162045250599_37.5131457669554109|127.0735033961650799_37.5134180663867554|127.0736294614953579_37.5136367146674488|127.0741133987251885_37.5141329445928022
2026-09-04T18:34:05.570303+09:00,잠실종합운동장,잠실종합운동장,POI109,KEY_1,1230080500,올림픽로.백제고분로,1230358400,최소노드배치점,127.0740062090400500_37.5141992739565353,1230044204,신천중교앞,127.0774044018965441_37.5155003964846543,357.0,14.0,정체,127.0774044018965441_37.5155003964846543|127.0755124993001175_37.5153095096552178|127.0751959624176237_37.5152553387321319|127.0749349587907773_37.5151515936626865|127.0740062090400500_37.5141992739565353
2026-09-04T18:34:05.570303+09:00,잠실종합운동장,잠실종합운동장,POI109,KEY_1,1230085100,올림픽대로,1230048700,탄천IC,127.0712574770913363_37.5181553244251091,1230046800,탄천IC,127.0697459726230250_37.5168231112045873,231.0,41.0,서행,127.0697459726230250_37.5168231112045873|127.0697754002144677_37.5173608675772812|127.0698117639167890_37.5175458256678240|127.0699380842498272_37.5177072629794210|127.0701243878796731_37.5178510319211540|127.0703109993272903_37.5179411420373370|127.0704903324183590_37.5179954539382052|127.0712574770913363_37.5181553244251091
2026-09-04T18:34:05.570303+09:00,잠실종합운동장,잠실종합운동장,POI109,KEY_1,1230436501,올림픽로,1230039502,속성변화점,127.0737236350740034_37.5110729205048941,1230188103,잠실동 121,127.0716318198721382_37.5107177546662882,189.0,18.0,서행,127.0716318198721382_37.5107177546662882|127.0735906339783128_37.5110512148189557|127.0737236350740034_37.5110729205048941
2026-09-04T18:34:05.570303+09:00,잠실한강공원,잠실한강공원,POI110,KEY_2,1230004401,올림픽대로,1230048500,잠실실내체육관북문앞,127.0744105410493603_37.5180587342205172,1230046600,잠실여름파출소,127.0810876316749329_37.5169833092338081,603.0,76.0,원활,127.0810876316749329_37.5169833092338081|127.0804213279931645_37.5170194895651008|127.0800023606424958_37.5170483809421711|127.0792542343313727_37.5171299377557048|127.0789549994236012_37.5171778165530725|127.0776144544349506_37.5174218633083356|127.0765970754220291_37.5176132410161287|127.0755258542856154_37.5178380175560235|127.0747957401812727_37.5179862845251577|127.0744105410493603_37.5180587342205172
2026-09-04T18:34:05.570303+09:00,잠실한강공원,잠실한강공원,POI110,KEY_2,1230004800,올림픽대로,1230053400,올림픽대교남단IC,127.1054403294451021_37.5258712723512531,1230058600,잠실대교JC,127.1009146875278901_37.5224189667535271,555.0,18.0,정체,127.1009146875278901_37.5224189667535271|127.1011093537508287_37.5225414095623506|127.1025922080837773_37.5234805816309276|127.1030011499238270_37.5237591426245700|127.1034011999147282_37.5240984996804912|127.1047630304620668_37.5252732674915777|127.1054403294451021_37.5258712723512531
2026-09-04T18:34:05.570303+09:00,잠실한강공원,잠실한강공원,POI110,KEY_2,1230004901,송파대로,1230002202,잠실대교,127.0957221756853812_37.5188676904711542,1230050400,잠실대교JC,127.0940531440605810_37.5210283294453149,282.0,7.0,정체,127.0940531440605810_37.5210283294453149|127.0943979417753837_37.5205735354890280|127.0957221756853812_37.5188676904711542
2026-09-04T18:34:05.570303+09:00,잠실한강공원,잠실한강공원,POI110,KEY_2,1230005001,송파대로,1230050500,잠실대교JC,127.0941614709712155_37.5210946866676380,1230002201,잠실대교,127.0958376749982079_37.5189245732049699,283.0,60.5,원활,127.0958376749982079_37.5189245732049699|127.0945138178915101_37.5206299338843792|127.0941614709712155_37.5210946866676380
2026-09-04T18:34:05.570303+09:00,잠실한강공원,잠실한강공원,POI110,KEY_2,1230005100,올림픽대로,1230052500,잠실대교JC,127.1008769588409706_37.5229114985517214,1230054000,올림픽대교남단IC,127.1051025385346520_37.5260799913631047,514.0,80.0,원활,127.1051025385346520_37.5260799913631047|127.1031412114076176_37.5243990994672458|127.1028266080407718_37.5241633671182342|127.1022828471172517_37.5237919497680679|127.1018469450196733_37.5234955300521236|127.1008769588409706_37.5229114985517214
2026-09-04T18:34:05.570303+09:00,잠실한강공원,잠실한강공원,POI110,KEY_2,1230032601,오금로2길,1230051402,잠현초등학교앞,127.1032272322034373_37.5217466792184808,1230051702,잠현초등학교앞,127.1042850886722420_37.5222053467216838,111.0,17.0,서행,127.1042850886722420_37.5222053467216838|127.1042497005361156_37.5221103348289660|127.1042277195709289_37.5220785857864811|127.1041621108260529_37.5220413475743726|127.1039663504930388_37.5219727654665149|127.1032272322034373_37.5217466792184808
2026-09-04T18:34:05.570303+09:00,잠실한강공원,잠실한강공원,POI110,KEY_2,1230032700,오금로2길,1230052101,잠실대교JC,127.1014277624528717_37.5224635506086486,1230051402,잠현초등학교앞,127.1032272322034373_37.5217466792184808,218.0,24.3,서행,127.1032272322034373_37.5217466792184808|127.1029991014250413_37.5216712850617142|127.1024125243856844_37.5214774265063795|127.1014277624528717_37.5224635506086486
2026-09-04T18:34:05.570303+09:00,잠실한강공원,잠실한강공원,POI110,KEY_2,1230035900,강변북로.한가람로사이길,1230342900,최소노드배치점,127.1015149961345827_37.5246010575964561,1230052101,잠실대교JC,127.1014277624528717_37.5224635506086486,473.0,41.0,원활,127.1014277624528717_37.5224635506086486|127.1019012970064210_37.5227419164495544|127.1022293161336734_37.5229454568152008|127.1023955346630316_37.5230204059564443|127.1026425819513577_37.5231060119775464|127.1028940706044494_37.5231558555366931|127.1034374042296093_37.5232197458338632|127.1034778407937154_37.5232411659780993|127.1034868601301469_37.5232697648950335|127.1034734249590059_37.5232948074079431|127.1033926368200042_37.5233127576457974|127.1025529951041904_37.5232562760554629|127.1024721909816861_37.5232634983457274|127.1023734783107670_37.5233064941788044|127.1022972616788422_37.5233852285200129|127.1015149961345827_37.5246010575964561
2026-09-04T18:34:05.570303+09:00,잠실한강공원,잠실한강공원,POI110,KEY_2,1230084700,올림픽대로,1230048400,종합운동장분기점,127.0777486454134646_37.5178704259979199,1230046600,잠실여름파출소,127.0810876316749329_37.5169833092338081,314.0,41.0,서행,127.0810876316749329_37.5169833092338081|127.0801927964286335_37.5171577227981317|127.0793309923237757_37.5173394821108701|127.0789711453512041_37.5174395553138140|127.0788360149310137_37.5175106194115884|127.0785881391682750_37.5176647507308303|127.0785130541955965_37.5177062170797271|127.0777486454134646_37.5178704259979199
2026-09-04T18:34:05.570303+09:00,잠실한강공원,잠실한강공원,POI110,KEY_2,1230085300,올림픽대로,1230048400,종합운동장분기점,127.0777486454134646_37.5178704259979199,1230045601,잠실선착장앞,127.0774875189781739_37.5166619666764163,136.0,24.3,정체,127.0774875189781739_37.5166619666764163|127.0777486454134646_37.5178704259979199
2026-09-04T18:34:05.570303+09:00,잠실한강공원,잠실한강공원,POI110,KEY_2,1230085600,올림픽대로,1230048500,잠실실내체육관북문앞,127.0744105410493603_37.5180587342205172,1230048400,종합운동장분기점,127.0777486454134646_37.5178704259979199,300.0,14.0,정체,127.0777486454134646_37.5178704259979199|127.0773650613805614_37.5179316568650449|127.0771467542200384_37.5178855628762733|127.0768209339584587_37.5177913870465716|127.0761140007833632_37.5178508577266143|127.0755388160040695_37.5179084136562651|127.0744105410493603_37.5180587342205172
2026-09-04T18:34:05.570303+09:00,잠실한강공원,잠실한강공원,POI110,KEY_2,1230085900,올림픽대로,1230047500,잠실대교JC,127.0882031183010952_37.5173476816793539,1230049200,잠실대교JC,127.0923739588028951_37.5186948203919854,398.0,13.0,정체,127.0923739588028951_37.5186948203919854|127.0906700937840412_37.5181881092216685|127.0888588349887840_37.5176142250082165|127.0886078102504939_37.5175274965200956|127.0882031183010952_37.5173476816793539
2026-09-04T18:34:05.570303+09:00,잠실한강공원,잠실한강공원,POI110,KEY_2,1230086400,올림픽대로,1230049100,청담IC,127.0707396061695107_37.5184287009435380,1230046800,탄천IC,127.0697459726230250_37.5168231112045873,448.0,38.5,서행,127.0697459726230250_37.5168231112045873|127.0697255394333922_37.5169421476156941|127.0696754767479462_37.5173641215222204|127.0696427964096671_37.5178971851342311|127.0696653241736698_37.5180462680572546|127.0696933359397889_37.5183048124125094|127.0697546894723047_37.5184857525859030|127.0698487706782345_37.5186328686366366|127.0699827934278261_37.5187585702354625|127.0701134307655735_37.5188453314355357|127.0702305969029453_37.5189112963400362|127.0705564071799216_37.5190044839187422|127.0708077692025881_37.5190292462295290|127.0710115288144806_37.5190013676009428|127.0713114784911539_37.5189070636006647|127.0713897595890245_37.5188310320207776|127.0714321672822820_37.5187453318010427|127.0714086790554802_37.5186641620221621|127.0713254192519202_37.5185636955236959|127.0712059303728694_37.5185155657555001|127.0707396061695107_37.5184287009435380
2026-09-04T18:34:05.570303+09:00,잠실한강공원,잠실한강공원,POI110,KEY_2,1230087000,올림픽대로,1230049200,잠실대교JC,127.0923739588028951_37.5186948203919854,1230050400,잠실대교JC,127.0940531440605810_37.5210283294453149,366.0,8.0,정체,127.0940531440605810_37.5210283294453149|127.0944191952030025_37.5203044781990656|127.0944561310460159_37.5201185871230507|127.0944510462596639_37.5199516308761289|127.0943922228928074_37.5197558710782317|127.0943090605750143_37.5196315729957846|127.0941839809711382_37.5195071316884281|127.0940228946276704_37.5193968745701554|127.0937720401544908_37.5192767702937999|127.0931867060835003_37.5189981127720316|127.0923739588028951_37.5186948203919854
2026-09-04T18:34:05.570303+09:00,잠실한강공원,잠실한강공원,POI110,KEY_2,1230087100,올림픽대로,1230049200,잠실대교JC,127.0923739588028951_37.5186948203919854,1230051200,잠실대교JC,127.0974803904301069_37.5212021137005536,534.0,7.7,정체,127.0974803904301069_37.5212021137005536|127.0968061273857188_37.5207514623958787|127.0953376304814242_37.5198926651322751|127.0945972650167306_37.5194894724186341|127.0942747579238556_37.5193309645688444|127.0939999759979742_37.5192060081488634|127.0934799938887778_37.5190229712408154|127.0923739588028951_37.5186948203919854
2026-09-04T18:34:05.570303+09:00,잠실한강공원,잠실한강공원,POI110,KEY_2,1230087500,올림픽대로,1230050500,잠실대교JC,127.0941614709712155_37.5210946866676380,1230051200,잠실대교JC,127.0974803904301069_37.5212021137005536,356.0,48.3,서행,127.0974803904301069_37.5212021137005536|127.0968474033966800_37.5208708456413760|127.0960652565332367_37.5204389013147832|127.0958920359090456_37.5203572238258403|127.0957125445294054_37.5203279913220200|127.0955329497879518_37.5203178373608708|127.0952873557283453_37.5203313048193365|127.0950954496138507_37.5203831139705883|127.0948973740489834_37.5204682891928982|127.0941614709712155_37.5210946866676380
2026-09-04T18:34:05.570303+09:00,잠실한강공원,잠실한강공원,POI110,KEY_2,1230087800,올림픽대로,1230051200,잠실대교JC,127.0974803904301069_37.5212021137005536,1230050700,잠실대교JC,127.0985275932771117_37.5207859447465282,191.0,19.0,정체,127.0985275932771117_37.5207859447465282|127.0986497398156985_37.5209008332440774|127.0987329107394004_37.5210251273303044|127.0987622391326255_37.5211396995225144|127.0987255177263222_37.5212874351721695|127.0986290925901301_37.5214015808490018|127.0985089432221002_37.5214727179596608|127.0983770471739689_37.5215008869134579|127.0982332510044301_37.5215147072423250|127.0979044566973073_37.5214086547447678|127.0974803904301069_37.5212021137005536
2026-09-04T18:34:05.570303+09:00,잠실한강공원,잠실한강공원,POI110,KEY_2,1230088000,올림픽로37길,1230051102,잠현초등학교앞,127.1045800172266951_37.5212171791430293,1230051401,잠현초등학교앞,127.1032558452858154_37.5216390772203923,127.0,13.0,정체,127.1032558452858154_37.5216390772203923|127.1039066435248372_37.5214664456400584|127.1042127017812646_37.5213794148577477|127.1043569968460929_37.5213194897201916|127.1044871741674740_37.5212604256405129|127.1045800172266951_37.5212171791430293
2026-09-04T18:34:05.570303+09:00,잠실한강공원,잠실한강공원,POI110,KEY_2,1230088400,올림픽대로,1230051200,잠실대교JC,127.0974803904301069_37.5212021137005536,1230052500,잠실대교JC,127.1008769588409706_37.5229114985517214,356.0,10.0,정체,127.1008769588409706_37.5229114985517214|127.1002271864062720_37.5226757386651713|127.0995044513345107_37.5223251030228795|127.0989968176467215_37.5220658174711446|127.0974803904301069_37.5212021137005536
2026-09-04T18:34:05.570303+09:00,잠실한강공원,잠실한강공원,POI110,KEY_2,1230094200,올림픽대로,1230046700,탄천IC,127.0696020078595723_37.5168633745709172,1230048500,잠실실내체육관북문앞,127.0744105410493603_37.5180587342205172,659.0,11.0,정체,127.0744105410493603_37.5180587342205172|127.0737644465918663_37.5182398374740700|127.0730716885542506_37.5184376616550637|127.0726308743356014_37.5185576948802080|127.0718747864366662_37.5188339841774621|127.0712897216547645_37.5190464979453040|127.0710108250935519_37.5191241846480992|127.0707592023156991_37.5191447343682398|127.0705168079646370_37.5191223893981984|127.0701522174600910_37.5189996213961336|127.0700306271375979_37.5189311668636947|127.0698868542610569_37.5188356808245729|127.0697349817978932_37.5186932382090816|127.0696272774244591_37.5185248186740381|127.0695590856078496_37.5183237126064597|127.0695302311407602_37.5180573831475215|127.0695066075921886_37.5179010369558412|127.0695399975699189_37.5173563914672599|127.0695906177090961_37.5169297275663567|127.0696020078595723_37.5168633745709172
2026-09-04T18:34:05.570303+09:00,잠원한강공원,잠원한강공원,POI111,KEY_3,1210005301,올림픽대로,1210467000,최소노드배치점,127.0063311684586722_37.5151321080427280,1210048600,한남대교분기점,127.0116483973796164_37.5197328756636708,694.0,14.0,정체,127.0116483973796164_37.5197328756636708|127.0113381325108008_37.5194347621186211|127.0111530941337463_37.5192706692185212|127.0109430122922873_37.5190843650138959|127.0098205372895421_37.5181189800994872|127.0087474791721576_37.5172072192485331|127.0063311684586722_37.5151321080427280
2026-09-04T18:34:05.570303+09:00,잠원한강공원,잠원한강공원,POI111,KEY_3,1210005304,올림픽대로,1210048600,한남대교분기점,127.0116483973796164_37.5197328756636708,1210050600,한남IC,127.0144200511100223_37.5223958397555037,384.0,14.0,정체,127.0144200511100223_37.5223958397555037|127.0116483973796164_37.5197328756636708
2026-09-04T18:34:05.570303+09:00,잠원한강공원,잠원한강공원,POI111,KEY_3,1210030601,강남대로,1210050800,잠원고가차도,127.0171954067127871_37.5225456375150301,1220157700,한남IC,127.0145780793450854_37.5252994305641892,383.0,10.0,정체,127.0145780793450854_37.5252994305641892|127.0159781603691300_37.5238357378014484|127.0167039603145014_37.5230785483821734|127.0171954067127871_37.5225456375150301
2026-09-04T18:34:05.570303+09:00,잠원한강공원,잠원한강공원,POI111,KEY_3,1210030701,강남대로,1220157800,한남대교(남측),127.0146790907489986_37.5253724046406063,1210050500,잠원고가차도,127.0175844575561968_37.5222683840522109,430.0,51.0,원활,127.0175844575561968_37.5222683840522109|127.0173048143189050_37.5226096422798534|127.0168126229697805_37.5231433610007699|127.0160861030461348_37.5239013035145419|127.0146790907489986_37.5253724046406063
2026-09-04T18:34:05.570303+09:00,잠원한강공원,잠원한강공원,POI111,KEY_3,1210065500,올림픽대로,1220053900,한남IC,127.0169213218881623_37.5242444408011622,1210049600,한남IC,127.0132919536855240_37.5215913460039729,547.0,6.5,정체,127.0132919536855240_37.5215913460039729|127.0131764377013468_37.5213976973987542|127.0131545160519551_37.5213153301614213|127.0131550039927646_37.5212402098941311|127.0132140172836444_37.5211438671777131|127.0132726582109086_37.5211047588790620|127.0133582214981942_37.5210693389180960|127.0134525365458131_37.5210697273576983|127.0135512489524530_37.5210844429655666|127.0136138688634730_37.5211240510594735|127.0136897779433696_37.5211923310959961|127.0148471413883442_37.5223310822313749|127.0150702369121944_37.5225585580549250|127.0153899107410211_37.5228997103152295|127.0159514978690822_37.5234535073125173|127.0169213218881623_37.5242444408011622
2026-09-04T18:34:05.570303+09:00,잠원한강공원,잠원한강공원,POI111,KEY_3,1210065700,올림픽대로,1210048600,한남대교분기점,127.0116483973796164_37.5197328756636708,1210049600,한남IC,127.0132919536855240_37.5215913460039729,252.0,50.0,원활,127.0132919536855240_37.5215913460039729|127.0130555709649087_37.5213363858637976|127.0125786238490377_37.5207799430913980|127.0122757179837834_37.5203959260493249|127.0116483973796164_37.5197328756636708
2026-09-04T18:34:05.570303+09:00,잠원한강공원,잠원한강공원,POI111,KEY_3,1210065800,올림픽대로,1210050400,한남대교(남측),127.0155096957228693_37.5225502263552855,1220054400,한남IC,127.0200272274778115_37.5267777660031570,858.0,11.0,정체,127.0200272274778115_37.5267777660031570|127.0192123985727335_37.5262320472879267|127.0184256031381693_37.5256529030607808|127.0180363445848855_37.5254187935745804|127.0166351946520251_37.5246904614057826|127.0163666602473711_37.5245426948937322|127.0161921899377546_37.5244346626288348|127.0159597253565238_37.5242655788244619|127.0157274941423822_37.5240607229278424|127.0155355229140639_37.5238810722285265|127.0153170228297910_37.5236369227872473|127.0150716907118067_37.5233747752288167|127.0143490415408536_37.5226098500547209|127.0142824146727492_37.5224951037274508|127.0142785258566107_37.5224020792743715|127.0143106145724090_37.5223020478728913|127.0143650186087854_37.5222235720411348|127.0144237289814981_37.5221737313262196|127.0145183694337305_37.5221240393409659|127.0146443083077656_37.5220959386366317|127.0147880047045845_37.5221001058899972|127.0148866254190949_37.5221291292150383|127.0150164538753614_37.5221940534525586|127.0155096957228693_37.5225502263552855
2026-09-04T18:34:05.570303+09:00,잠원한강공원,잠원한강공원,POI111,KEY_3,1210066300,올림픽대로,1210049600,한남IC,127.0132919536855240_37.5215913460039729,1220157700,한남IC,127.0145780793450854_37.5252994305641892,460.0,8.0,정체,127.0145780793450854_37.5252994305641892|127.0147104295549099_37.5249005422464350|127.0147863672377895_37.5247339158101951|127.0148579760127063_37.5245883769243278|127.0149310195781425_37.5244062372913092|127.0149770447245032_37.5242347175482251|127.0149917460097839_37.5240451835156819|127.0149749842814657_37.5238590971000932|127.0149399334525668_37.5237230168275246|127.0148737690059306_37.5235367275936440|127.0148115854763091_37.5234291548056120|127.0146423776016888_37.5232030927398981|127.0137688650678029_37.5221549397842438|127.0132919536855240_37.5215913460039729
2026-09-04T18:34:05.570303+09:00,잠원한강공원,잠원한강공원,POI111,KEY_3,1220096300,올림픽대로,1220157800,한남대교(남측),127.0146790907489986_37.5253724046406063,1220054400,한남IC,127.0200272274778115_37.5267777660031570,575.0,10.0,정체,127.0200272274778115_37.5267777660031570|127.0193242289730762_37.5264203087462036|127.0188857178037978_37.5261609604559894|127.0185233361122101_37.5259376936575251|127.0182234214589982_37.5257790711315735|127.0179681452605820_37.5256635576158075|127.0175160321388574_37.5254256122853178|127.0165272393316940_37.5248313212460829|127.0163169527300369_37.5247052561106358|127.0162273333328500_37.5246726936194008|127.0160972225443743_37.5246506972341933|127.0159221050795963_37.5246428254883995|127.0158097059604216_37.5246602506560123|127.0156341030276366_37.5247274987173896|127.0154267130539978_37.5248482747160921|127.0146790907489986_37.5253724046406063
2026-09-04T18:34:05.570303+09:00,잠원한강공원,잠원한강공원,POI111,KEY_3,1220105100,올림픽대로,1220059300,동호대교JC,127.0220780430583289_37.5291616152612590,1220061000,동호대교(남측),127.0229084781207405_37.5333942739204431,522.0,17.0,정체,127.0229084781207405_37.5333942739204431|127.0233635598606838_37.5325665468142446|127.0235829412492023_37.5322097058520612|127.0236738242093537_37.5320455189443791|127.0237150924269685_37.5319133274793018|127.0237159114981580_37.5317845490102897|127.0236941799930719_37.5316699892608909|127.0236589738914148_37.5315553754423448|127.0235878106225016_37.5314441935041714|127.0234184891007061_37.5312288752733068|127.0232223077572939_37.5309991388464397|127.0227364911469152_37.5304033524873617|127.0225805354424722_37.5302059729861313|127.0224870300151281_37.5300768133414024|127.0223848165293816_37.5299046919136003|127.0222960097674587_37.5297433564546594|127.0222118991010092_37.5295498443736761|127.0220780430583289_37.5291616152612590
2026-09-04T18:34:05.570303+09:00,잠원한강공원,잠원한강공원,POI111,KEY_3,1220106000,논현로,1220060104,동호대교JC,127.0244930828705350_37.5312156076113936,1220061000,동호대교(남측),127.0229084781207405_37.5333942739204431,279.0,16.0,서행,127.0229084781207405_37.5333942739204431|127.0232726866820627_37.5328829494918850|127.0244930828705350_37.5312156076113936
2026-09-04T18:34:05.570303+09:00,잠원한강공원,잠원한강공원,POI111,KEY_3,1220342500,올림픽대로,1210002002,서초구-강남구,127.0160756749148590_37.5238982581448965,1220054400,한남IC,127.0200272274778115_37.5267777660031570,473.0,9.0,정체,127.0200272274778115_37.5267777660031570|127.0174926925739385_37.5248921052717748|127.0167692105759869_37.5243778468914542|127.0160756749148590_37.5238982581448965
2026-09-04T18:34:05.570303+09:00,잠원한강공원,잠원한강공원,POI111,KEY_3,1220342800,올림픽대로,1220054400,한남IC,127.0200272274778115_37.5267777660031570,1220059300,동호대교JC,127.0220780430583289_37.5291616152612590,322.0,10.0,정체,127.0220780430583289_37.5291616152612590|127.0220517502220900_37.5291250566255243|127.0213640484212050_37.5281805214620263|127.0212442670701734_37.5280074876508394|127.0209909950696954_37.5276997633197666|127.0208173241896787_37.5274941629031531|127.0206909534822728_37.5273554073890026|127.0205589843227756_37.5272328410129745|127.0204122331301448_37.5270947744028120|127.0203880379195880_37.5270740330117505|127.0202983566571362_37.5269971470395589|127.0200272274778115_37.5267777660031570
2026-09-04T18:34:05.570303+09:00,잠원한강공원,잠원한강공원,POI111,KEY_3,1220343000,올림픽대로,1220059300,동호대교JC,127.0220780430583289_37.5291616152612590,1220061700,동호대교JC,127.0265039145882753_37.5338077911726771,655.0,6.0,정체,127.0265039145882753_37.5338077911726771|127.0263061761544918_37.5337200787946372|127.0261029394426231_37.5336028099630568|127.0258301164592467_37.5334591467799115|127.0255926780643279_37.5333027315416814|127.0254173103755306_37.5331668245794674|127.0252530509295497_37.5330397168580419|127.0250780178394621_37.5328857370346967|127.0248546347229421_37.5326680240083306|127.0246229562475975_37.5324221577972992|127.0240947726871497_37.5318184643953501|127.0236711793850333_37.5313091455595753|127.0232027216458448_37.5306889035906366|127.0228655067426757_37.5302415599729571|127.0224067469877554_37.5296186521967385|127.0220780430583289_37.5291616152612590
2026-09-04T18:34:05.570303+09:00,청계산,청계산,POI112,KEY_4,1210000711,경부고속도로,1210449200,최소노드배치점,127.0572473646991796_37.4446822625857081,1210000303,원지동489-2,127.0611116321153702_37.4392909081442369,689.0,16.0,서행,127.0611116321153702_37.4392909081442369|127.0609315083385411_37.4395346353218912|127.0588239315142545_37.4424793010316677|127.0572473646991796_37.4446822625857081
2026-09-04T18:34:05.570303+09:00,청계산,청계산,POI112,KEY_4,1210031900,청계산로,1210486300,최소노드배치점,127.0608932817513477_37.4400494757925912,1210008321,청계산길삼거리,127.0586823451657352_37.4429910818022265,381.0,37.0,원활,127.0586823451657352_37.4429910818022265|127.0591662640642028_37.4422470485704224|127.0592491678171001_37.4421399553288055|127.0603402860259621_37.4407304388508493|127.0603767585155452_37.4406855268171128|127.0608932817513477_37.4400494757925912
2026-09-04T18:34:05.570303+09:00,청계산,청계산,POI112,KEY_4,1210032000,청계산로,1210382300,신원동 48-16,127.0689133267683673_37.4319923005843833,2040001001,서초구-성남시수정구,127.0712198428584401_37.4305783980768396,260.0,40.0,원활,127.0712198428584401_37.4305783980768396|127.0711028696561584_37.4306114678604231|127.0703107383910719_37.4309818756336128|127.0695397393779444_37.4314271473229923|127.0693310371891442_37.4315845639555036|127.0689133267683673_37.4319923005843833
2026-09-04T18:34:05.570303+09:00,청계산,청계산,POI112,KEY_4,1210032101,청계산로,1210284000,신원동 307,127.0514085152237556_37.4518091803845721,1210008504,신원동501-21,127.0513183620442987_37.4531538308920418,201.0,39.0,원활,127.0513183620442987_37.4531538308920418|127.0506240143684380_37.4527327188383623|127.0506592259591940_37.4526912672754051|127.0514085152237556_37.4518091803845721
2026-09-04T18:34:05.570303+09:00,청계산,청계산,POI112,KEY_4,1210032103,청계산로,1210008310,신원동201-3,127.0559458797580419_37.4469717659356149,1210008325,신원동280-1,127.0531615785309327_37.4497181796301390,392.0,29.5,원활,127.0531615785309327_37.4497181796301390|127.0533221718746262_37.4495056390777634|127.0559458797580419_37.4469717659356149
2026-09-04T18:34:05.570303+09:00,청계산,청계산,POI112,KEY_4,1210032202,청계산로,1210008503,신원동501-21,127.0513688585657803_37.4530533330380067,1210008323,신원동280-1,127.0532074871860857_37.4498669554356738,446.0,16.5,서행,127.0532074871860857_37.4498669554356738|127.0530950000193258_37.4500158268333792|127.0515057194718622_37.4518620167792236|127.0507818684531429_37.4527028419938546|127.0513688585657803_37.4530533330380067
2026-09-04T18:34:05.570303+09:00,청계산,청계산,POI112,KEY_4,1210032204,청계산로,1210008324,신원동280-1,127.0532777455629230_37.4497739712044080,1210008307,신원동201-3,127.0560504946031841_37.4470406208549775,390.0,27.0,원활,127.0560504946031841_37.4470406208549775|127.0534298062270295_37.4495727231995446|127.0532777455629230_37.4497739712044080
2026-09-04T18:34:05.570303+09:00,청계산,청계산,POI112,KEY_4,1210177500,경부고속도로,1210446500,최소노드배치점,127.0653036739185353_37.4349232323748993,1210085501,서초구-성남시수정구,127.0696665356241795_37.4306444654284931,612.0,19.0,서행,127.0696665356241795_37.4306444654284931|127.0653036739185353_37.4349232323748993
2026-09-04T18:34:05.570303+09:00,청계산,청계산,POI112,KEY_4,1210177600,경부고속도로,1210446400,최소노드배치점,127.0651984769812799_37.4348550201566468,1210000304,원지동489-2,127.0609981268950293_37.4392308276163988,612.0,88.4,원활,127.0609981268950293_37.4392308276163988|127.0619913681257458_37.4380483828942161|127.0627090354693252_37.4372961789658376|127.0651984769812799_37.4348550201566468
2026-09-04T18:34:05.570303+09:00,청계산,청계산,POI112,KEY_4,1210177700,경부고속도로,1210449500,최소노드배치점,127.0526747207954372_37.4497035943056531,1210074702,신양재IC,127.0481276841114635_37.4547449692336869,689.0,87.2,원활,127.0481276841114635_37.4547449692336869|127.0488562039205362_37.4539451814088551|127.0499088293466770_37.4527786187978151|127.0507886425474311_37.4518049000086037|127.0516045488923140_37.4508924001779917|127.0526646112414824_37.4497147438476219|127.0526747207954372_37.4497035943056531
2026-09-04T18:34:05.570303+09:00,홍제폭포,홍제폭포,POI128,KEY_1,1120001300,내부순환도로,1120189000,최소노드배치점,126.9355029712090754_37.5797537876482934,1120018100,예그린유치원,126.9353306048413259_37.5859254286256572,782.0,31.7,서행,126.9353306048413259_37.5859254286256572|126.9353720149181157_37.5856896398522622|126.9354206634169913_37.5854295552364022|126.9355132292078991_37.5851258757186955|126.9356226920927213_37.5848470691319108|126.9357642556575456_37.5845605511847225|126.9359608400409485_37.5842493982299857|126.9369854646653977_37.5826831449766772|126.9371085724289401_37.5824456628314110|126.9371785853267482_37.5822326575221055|126.9372196054329152_37.5820190961513987|126.9372314619192110_37.5817916412523019|126.9372081619637669_37.5815484606276442|126.9371731874261968_37.5813433155249186|126.9371097635167871_37.5811454523982604|126.9369753385925321_37.5808984760248705|126.9368523263752451_37.5807116973754205|126.9367005935860959_37.5805256438115265|126.9365006626036063_37.5803335058484080|126.9363068869953679_37.5801650390661877|126.9361325128705431_37.5800446018223511|126.9358819462616168_37.5799006304472769|126.9356007343512687_37.5797885361015034|126.9355029712090754_37.5797537876482934
2026-09-04T18:34:05.570303+09:00,홍제폭포,홍제폭포,POI128,KEY_1,1120010301,연희로,1120143600,연희동 169-1,126.9359270691176391_37.5786224940936506,1120014803,서대문구청,126.9360877140000383_37.5796495017982863,115.0,16.3,서행,126.9360877140000383_37.5796495017982863|126.9360739899393877_37.5793519176538453|126.9360576488695926_37.5792443728082688|126.9360343655483661_37.5790911386545901|126.9359766844867039_37.5788392026325582|126.9359270691176391_37.5786224940936506
2026-09-04T18:34:05.570303+09:00,홍제폭포,홍제폭포,POI128,KEY_1,1120010302,연희로,1120014804,서대문구청,126.9360927246252260_37.5797673993961681,1120015303,서대문구청앞교차로,126.9361095223012796_37.5802604456917777,55.0,44.0,원활,126.9361095223012796_37.5802604456917777|126.9360927246252260_37.5797673993961681
2026-09-04T18:34:05.570303+09:00,홍제폭포,홍제폭포,POI128,KEY_1,1120010402,연희로,1120015302,서대문구청앞교차로,126.9362453257862029_37.5802575151093023,1120014801,서대문구청,126.9362289336807237_37.5797763988674731,53.0,29.0,원활,126.9362289336807237_37.5797763988674731|126.9362453257862029_37.5802575151093023
2026-09-04T18:34:05.570303+09:00,홍제폭포,홍제폭포,POI128,KEY_1,1120010902,연희로,1120014701,홍은동 275-36,126.9341761077857598_37.5796051045167516,1120015304,서대문구청앞교차로,126.9361130599227607_37.5803854760075282,192.0,6.0,정체,126.9361130599227607_37.5803854760075282|126.9355295449089311_37.5801293098410127|126.9341761077857598_37.5796051045167516
2026-09-04T18:34:05.570303+09:00,홍제폭포,홍제폭포,POI128,KEY_1,1120012101,연희로,1120015304,서대문구청앞교차로,126.9361130599227607_37.5803854760075282,1120015900,서대문구청앞,126.9361242751955388_37.5814206624140539,115.0,37.0,원활,126.9361242751955388_37.5814206624140539|126.9361190331520532_37.5809368173319669|126.9361130599227607_37.5803854760075282
2026-09-04T18:34:05.570303+09:00,홍제폭포,홍제폭포,POI128,KEY_1,1120012200,연희로,1120183800,홍은동 274-14,126.9362548820711538_37.5809358850233224,1120015301,서대문구청앞교차로,126.9362489072490945_37.5803845436516468,61.0,12.0,정체,126.9362489072490945_37.5803845436516468|126.9362548820711538_37.5809358850233224
2026-09-04T18:34:05.570303+09:00,홍제폭포,홍제폭포,POI128,KEY_1,1120026100,연희로32길,1120156600,연희동 168-34,126.9366082191874625_37.5795866226403561,1120014802,서대문구청,126.9362244887250029_37.5796675300616769,35.0,10.0,정체,126.9362244887250029_37.5796675300616769|126.9364292255509099_37.5796421835507530|126.9366082191874625_37.5795866226403561
2026-09-04T18:34:05.570303+09:00,가락시장,가락시장,POI058,KEY_2,1230002100,송파대로,1230017304,올림픽훼밀리타운앞교차로,127.1210258428540527_37.4887675565131815,1230019203,가락시장역앞교차로,127.1187411667467586_37.4925136264130430,463.0,17.0,서행,127.1187411667467586_37.4925136264130430|127.1197714201593811_37.4910640833560080|127.1200223071997186_37.4906490297457822|127.1203066139645301_37.4901786821806482|127.1206094301574723_37.4895845644306007|127.1210258428540527_37.4887675565131815
2026-09-04T18:34:05.570303+09:00,가락시장,가락시장,POI058,KEY_2,1230002501,송파대로,1230019204,가락시장역앞교차로,127.1186631577493671_37.4926059869610953,1230019703,속성변화점,127.1180895409655136_37.4932155741045676,85.0,5.0,정체,127.1180895409655136_37.4932155741045676|127.1184380300240377_37.4928470244958234|127.1186631577493671_37.4926059869610953
2026-09-04T18:34:05.570303+09:00,가락시장,가락시장,POI058,KEY_2,1230002502,송파대로,1230019703,속성변화점,127.1180895409655136_37.4932155741045676,1230020403,속성변화점,127.1174565775458518_37.4938968822872383,94.0,10.0,정체,127.1174565775458518_37.4938968822872383|127.1180074799294744_37.4933031352013657|127.1180895409655136_37.4932155741045676
2026-09-04T18:34:05.570303+09:00,가락시장,가락시장,POI058,KEY_2,1230002503,송파대로,1230020403,속성변화점,127.1174565775458518_37.4938968822872383,1230021003,속성변화점,127.1165394302565375_37.4948799779219542,136.0,15.0,서행,127.1165394302565375_37.4948799779219542|127.1173759307437905_37.4939835618050665|127.1174565775458518_37.4938968822872383
2026-09-04T18:34:05.570303+09:00,가락시장,가락시장,POI058,KEY_2,1230002504,송파대로,1230021003,속성변화점,127.1165394302565375_37.4948799779219542,1230022202,송파지하차도(남측),127.1157009408522782_37.4957852674061130,125.0,10.0,정체,127.1157009408522782_37.4957852674061130|127.1164582088762387_37.4949673388322466|127.1165394302565375_37.4948799779219542
2026-09-04T18:34:05.570303+09:00,가락시장,가락시장,POI058,KEY_2,1230002505,송파대로,1230022202,송파지하차도(남측),127.1157009408522782_37.4957852674061130,1230023000,가락동172-9,127.1150412999846395_37.4964072887051572,91.0,35.5,원활,127.1150412999846395_37.4964072887051572|127.1154853088913086_37.4959272692098367|127.1157009408522782_37.4957852674061130
2026-09-04T18:34:05.570303+09:00,가락시장,가락시장,POI058,KEY_2,1230002506,송파대로,1230023000,가락동172-9,127.1150412999846395_37.4964072887051572,1230024503,가락시장앞교차로,127.1139289764058020_37.4976097905047183,166.0,30.0,원활,127.1139289764058020_37.4976097905047183|127.1150412999846395_37.4964072887051572
2026-09-04T18:34:05.570303+09:00,가락시장,가락시장,POI058,KEY_2,1230002601,송파대로,1230019702,가락시장역(서울8호선),127.1181979182710222_37.4932806354653536,1230019201,가락시장역앞교차로,127.1187959472877793_37.4926449140792002,88.0,32.0,원활,127.1187959472877793_37.4926449140792002|127.1185466484956379_37.4929118312852694|127.1181979182710222_37.4932806354653536
2026-09-04T18:34:05.570303+09:00,가락시장,가락시장,POI058,KEY_2,1230002602,송파대로,1230020402,대한소방공제회관,127.1175656927106274_37.4939611574999532,1230019701,가락시장역(서울8호선),127.1181165953376393_37.4933674102880872,82.0,38.0,원활,127.1181165953376393_37.4933674102880872|127.1175656927106274_37.4939611574999532
2026-09-04T18:34:05.570303+09:00,가락시장,가락시장,POI058,KEY_2,1230002603,송파대로,1230021002,금호아파트,127.1166483258781170_37.4949444902828972,1230020401,대한소방공제회관,127.1174848264418529_37.4940480737983179,124.0,34.5,원활,127.1174848264418529_37.4940480737983179|127.1166483258781170_37.4949444902828972
2026-09-04T18:34:05.570303+09:00,가락시장,가락시장,POI058,KEY_2,1230002604,송파대로,1230022201,송파지하차도(남측),127.1158101613083460_37.4958494321184332,1230021001,금호아파트,127.1165674108393091_37.4950315228562872,113.0,43.0,원활,127.1165674108393091_37.4950315228562872|127.1158101613083460_37.4958494321184332
2026-09-04T18:34:05.570303+09:00,가락시장,가락시장,POI058,KEY_2,1230002605,송파대로,1230023100,가락금호아파트,127.1152652544426758_37.4965296586052403,1230022201,송파지하차도(남측),127.1158101613083460_37.4958494321184332,90.0,7.0,정체,127.1158101613083460_37.4958494321184332|127.1157037850572209_37.4960555597114009|127.1152652544426758_37.4965296586052403
2026-09-04T18:34:05.570303+09:00,가락시장,가락시장,POI058,KEY_2,1230002606,송파대로,1230024502,가락시장앞교차로,127.1141561470058008_37.4977286881623826,1230023100,가락금호아파트,127.1152652544426758_37.4965296586052403,165.0,5.0,정체,127.1152652544426758_37.4965296586052403|127.1141561470058008_37.4977286881623826
2026-09-04T18:34:05.570303+09:00,가락시장,가락시장,POI058,KEY_2,1230006701,중대로2길,1230404500,광평교교차로,127.1093634865369353_37.4894577289529849,1230017703,광평교앞교차로,127.1092394510687598_37.4896255728467267,22.0,31.0,원활,127.1092394510687598_37.4896255728467267|127.1093634865369353_37.4894577289529849
2026-09-04T18:34:05.570303+09:00,가락시장,가락시장,POI058,KEY_2,1230008301,중대로,1230017701,광평교앞교차로,127.1092906185560736_37.4897579918237298,1230018104,문정2동주민센터,127.1115601597222593_37.4904720850338151,216.0,15.0,서행,127.1115601597222593_37.4904720850338151|127.1092906185560736_37.4897579918237298
2026-09-04T18:34:05.570303+09:00,가락시장,가락시장,POI058,KEY_2,1230008302,중대로,1230402200,가락동 214-15,127.1156548468998295_37.4917156376188814,1230018904,가락시장역(서울3호선),127.1165507728938735_37.4919875515897090,85.0,22.0,서행,127.1165507728938735_37.4919875515897090|127.1156548468998295_37.4917156376188814
2026-09-04T18:34:05.570303+09:00,가락시장,가락시장,POI058,KEY_2,1230008303,중대로,1230018901,가락시장역(서울3호선),127.1166794195227965_37.4920258866616223,1230019204,가락시장역앞교차로,127.1186631577493671_37.4926059869610953,187.0,20.0,서행,127.1186631577493671_37.4926059869610953|127.1166794195227965_37.4920258866616223
2026-09-04T18:34:05.570303+09:00,가락시장,가락시장,POI058,KEY_2,1230008401,중대로,1230018103,문정2동주민센터,127.1116079808720940_37.4903708873401271,1230017702,광평교앞교차로,127.1093671662392239_37.4896658322966232,213.0,24.0,서행,127.1093671662392239_37.4896658322966232|127.1116079808720940_37.4903708873401271
2026-09-04T18:34:05.570303+09:00,가락시장,가락시장,POI058,KEY_2,1230008402,중대로,1230369800,가락동 214-15,127.1148749173534327_37.4913632225477613,1230018102,문정2동주민센터,127.1117345135237997_37.4904100115912300,297.0,10.3,정체,127.1117345135237997_37.4904100115912300|127.1126865290733008_37.4906989895391050|127.1134352511671608_37.4909262521512474|127.1142273347816030_37.4911666697808599|127.1148749173534327_37.4913632225477613
2026-09-04T18:34:05.570303+09:00,가락시장,가락시장,POI058,KEY_2,1230008403,중대로,1230019203,가락시장역앞교차로,127.1187411667467586_37.4925136264130430,1230018902,가락시장역(서울3호선),127.1167261713873557_37.4919243860885771,190.0,10.0,정체,127.1167261713873557_37.4919243860885771|127.1187411667467586_37.4925136264130430
2026-09-04T18:34:05.570303+09:00,가락시장,가락시장,POI058,KEY_2,1230009100,양재대로,1230421100,최소노드배치점,127.1068132568920532_37.4922308056512179,1230020602,탄천교앞교차로,127.1037134371381967_37.4941541612508757,351.0,21.8,서행,127.1037134371381967_37.4941541612508757|127.1040602054997919_37.4940702958258214|127.1041358426904821_37.4940098959711463|127.1042874408076955_37.4938668220432021|127.1050376852226407_37.4934408894289248|127.1058058447839301_37.4929665113712218|127.1063415329264501_37.4925814887936966|127.1068132568920532_37.4922308056512179
2026-09-04T18:34:05.570303+09:00,가락시장,가락시장,POI058,KEY_2,1230009200,양재대로,1230421200,최소노드배치점,127.1069058251384831_37.4923098611998498,1230017701,광평교앞교차로,127.1092906185560736_37.4897579918237298,356.0,31.0,원활,127.1092906185560736_37.4897579918237298|127.1091246165315027_37.4899268501938678|127.1089168382183630_37.4902518586327673|127.1086917284484201_37.4905864179943222|127.1083045104332001_37.4910935964046459|127.1080776858556334_37.4913544969977579|127.1078545506475876_37.4915690793142886|127.1074077619908849_37.4919367115673055|127.1069058251384831_37.4923098611998498
2026-09-04T18:34:05.570303+09:00,가락시장,가락시장,POI058,KEY_2,1230010001,중대로,1230389000,가락동 100-2,127.1213288954643446_37.4938085150073661,1230019202,가락시장역앞교차로,127.1188701859757515_37.4925515078194422,259.0,11.0,정체,127.1188701859757515_37.4925515078194422|127.1191253945907675_37.4926266562471753|127.1193048451132483_37.4927010271650119|127.1197739351579514_37.4929547661225939|127.1204944491470172_37.4933444976609849|127.1206077359289424_37.4934066955895773|127.1213288954643446_37.4938085150073661
2026-09-04T18:34:05.570303+09:00,가락시장,가락시장,POI058,KEY_2,1230011301,탄천동로,1230020603,탄천교앞교차로,127.1035083522439209_37.4942053452210757,1230020900,가락시영1차아파트,127.1023921618984787_37.4946491021272408,111.0,7.0,정체,127.1023921618984787_37.4946491021272408|127.1032717072850176_37.4942717424955845|127.1033115117363366_37.4942546645723027|127.1035083522439209_37.4942053452210757
2026-09-04T18:34:05.570303+09:00,가락시장,가락시장,POI058,KEY_2,1230011402,탄천동로,1230404200,가락동 913-5,127.1033360425381034_37.4943669393432941,1230020604,탄천교앞교차로,127.1037081302821434_37.4942686301430825,35.0,30.0,원활,127.1037081302821434_37.4942686301430825|127.1033645059181936_37.4943547272602373|127.1033360425381034_37.4943669393432941
2026-09-04T18:34:05.570303+09:00,가락시장,가락시장,POI058,KEY_2,1230011501,양재대로,1230020604,탄천교앞교차로,127.1037081302821434_37.4942686301430825,1230021602,가락지하차도(서측),127.1066159249626821_37.4951597316970222,276.0,24.0,서행,127.1066159249626821_37.4951597316970222|127.1037081302821434_37.4942686301430825
2026-09-04T18:34:05.570303+09:00,가락시장,가락시장,POI058,KEY_2,1230011503,양재대로,1230021602,가락지하차도(서측),127.1066159249626821_37.4951597316970222,1230022404,가락시장입구교차로,127.1088751233200611_37.4959359121374192,218.0,36.3,원활,127.1088751233200611_37.4959359121374192|127.1071119917949375_37.4953848191210000|127.1068397224560442_37.4952934730400784|127.1066159249626821_37.4951597316970222
2026-09-04T18:34:05.570303+09:00,가락시장,가락시장,POI058,KEY_2,1230011504,양재대로,1230022401,가락시장입구교차로,127.1090039674739813_37.4959756436812626,1230022702,가락지하차도(동측),127.1109238161647710_37.4965018932248313,180.0,19.0,서행,127.1109238161647710_37.4965018932248313|127.1106463375335807_37.4964753395489012|127.1090039674739813_37.4959756436812626
2026-09-04T18:34:05.570303+09:00,가락시장,가락시장,POI058,KEY_2,1230011505,양재대로,1230022702,가락지하차도(동측),127.1109238161647710_37.4965018932248313,1230023800,가락지하차도,127.1116511171543522_37.4967260215322469,69.0,39.5,원활,127.1116511171543522_37.4967260215322469|127.1109238161647710_37.4965018932248313
2026-09-04T18:34:05.570303+09:00,가락시장,가락시장,POI058,KEY_2,1230011506,양재대로,1230023800,가락지하차도,127.1116511171543522_37.4967260215322469,1230024504,가락시장앞교차로,127.1138489076628559_37.4976973187640681,223.0,37.0,원활,127.1138489076628559_37.4976973187640681|127.1127794983662085_37.4971502561369405|127.1121184572878491_37.4968847443641735|127.1116511171543522_37.4967260215322469
2026-09-04T18:34:05.570303+09:00,가락시장,가락시장,POI058,KEY_2,1230011601,양재대로,1230021601,가락지하차도(서측),127.1066666120631226_37.4950594505273571,1230020601,탄천교앞교차로,127.1039190442420335_37.4942174272189277,260.0,25.0,원활,127.1039190442420335_37.4942174272189277|127.1066666120631226_37.4950594505273571
2026-09-04T18:34:05.570303+09:00,가락시장,가락시장,POI058,KEY_2,1230011603,양재대로,1230022403,가락시장입구교차로,127.1089742353404120_37.4957346052473497,1230021601,가락지하차도(서측),127.1066666120631226_37.4950594505273571,218.0,17.0,서행,127.1066666120631226_37.4950594505273571|127.1069450436642683_37.4950941788595031|127.1072142261082831_37.4951844894170065|127.1089742353404120_37.4957346052473497
2026-09-04T18:34:05.570303+09:00,가락시장,가락시장,POI058,KEY_2,1230011604,양재대로,1230022701,가락지하차도(동측),127.1109724966751742_37.4964009687156761,1230022402,가락시장입구교차로,127.1091007883985071_37.4957736303197251,180.0,34.0,원활,127.1091007883985071_37.4957736303197251|127.1107431549197742_37.4962733259833385|127.1109724966751742_37.4964009687156761
2026-09-04T18:34:05.570303+09:00,가락시장,가락시장,POI058,KEY_2,1230011605,양재대로,1230023300,가락지하차도,127.1117000683038469_37.4966251805970856,1230022701,가락지하차도(동측),127.1109724966751742_37.4964009687156761,69.0,24.0,서행,127.1109724966751742_37.4964009687156761|127.1117000683038469_37.4966251805970856
2026-09-04T18:34:05.570303+09:00,가락시장,가락시장,POI058,KEY_2,1230011606,양재대로,1230024503,가락시장앞교차로,127.1139289764058020_37.4976097905047183,1230023300,가락지하차도,127.1117000683038469_37.4966251805970856,226.0,12.0,정체,127.1117000683038469_37.4966251805970856|127.1121756604013200_37.4967866380658776|127.1128468823689133_37.4970562393765974|127.1139289764058020_37.4976097905047183
2026-09-04T18:34:05.570303+09:00,가락시장,가락시장,POI058,KEY_2,1230037801,탄천동로,1230017704,광평교앞교차로,127.1091590629308001_37.4897164815972701,1230018400,광평교,127.1081813856774403_37.4907944108752886,149.0,6.0,정체,127.1081813856774403_37.4907944108752886|127.1083606038160809_37.4905939968972461|127.1088443327929838_37.4899451261901149|127.1089279804344869_37.4898616122221782|127.1091590629308001_37.4897164815972701
2026-09-04T18:34:05.570303+09:00,가락시장,가락시장,POI058,KEY_2,1230037802,탄천동로,1230018400,광평교,127.1081813856774403_37.4907944108752886,1230020200,탄천교북측,127.1046982234543350_37.4935032962483277,432.0,7.0,정체,127.1046982234543350_37.4935032962483277|127.1049388716472919_37.4933600479160347|127.1053932176754131_37.4930592694339637|127.1066156422230335_37.4921737388548735|127.1072462173635955_37.4916796974214108|127.1076466228856958_37.4913312805641468|127.1078826618966673_37.4911117448254743|127.1080380223929467_37.4909637998517482|127.1081813856774403_37.4907944108752886
2026-09-04T18:34:05.570303+09:00,가락시장,가락시장,POI058,KEY_2,1230037803,탄천동로,1230020200,탄천교북측,127.1046982234543350_37.4935032962483277,1230020603,탄천교앞교차로,127.1035083522439209_37.4942053452210757,134.0,8.0,정체,127.1035083522439209_37.4942053452210757|127.1040325096386141_37.4940538804506005|127.1041465466602460_37.4939567938172402|127.1042633630689096_37.4938362379005881|127.1046982234543350_37.4935032962483277
2026-09-04T18:34:05.570303+09:00,가락시장,가락시장,POI058,KEY_2,1230050600,중대로4길,1230407200,문정동 150,127.1123299947120131_37.4887823158563123,1230018103,문정2동주민센터,127.1116079808720940_37.4903708873401271,188.0,13.0,정체,127.1116079808720940_37.4903708873401271|127.1118727225017579_37.4897884123905669|127.1120077593992619_37.4894913053738250|127.1123299947120131_37.4887823158563123
2026-09-04T18:34:05.570303+09:00,가락시장,가락시장,POI058,KEY_2,1230051300,탄천동로,1230017101,가락동616-1,127.1097657080771626_37.4886328395552795,1230017703,광평교앞교차로,127.1092394510687598_37.4896255728467267,128.0,29.0,원활,127.1092394510687598_37.4896255728467267|127.1091558106008961_37.4895112849332648|127.1091556753553391_37.4894183407482799|127.1092033232423972_37.4893094586352476|127.1097657080771626_37.4886328395552795
2026-09-04T18:34:05.570303+09:00,가락시장,가락시장,POI058,KEY_2,1230051600,중대로,1230017703,광평교앞교차로,127.1092394510687598_37.4896255728467267,1220023001,강남구-송파구,127.1078485322773020_37.4891860036057949,132.0,21.0,서행,127.1078485322773020_37.4891860036057949|127.1092394510687598_37.4896255728467267
2026-09-04T18:34:05.570303+09:00,가락시장,가락시장,POI058,KEY_2,1230051700,중대로,1220023002,강남구-송파구,127.1077983160486440_37.4892864477850765,1230017704,광평교앞교차로,127.1091590629308001_37.4897164815972701,129.0,10.0,정체,127.1091590629308001_37.4897164815972701|127.1077983160486440_37.4892864477850765
2026-09-04T18:34:05.570303+09:00,가락시장,가락시장,POI058,KEY_2,1230051800,탄천동로,1230017102,가락동616-1,127.1096470218132737_37.4885958507830637,1230018400,광평교,127.1081813856774403_37.4907944108752886,279.0,9.0,정체,127.1081813856774403_37.4907944108752886|127.1082887287691960_37.4905440001390318|127.1086974912796705_37.4897760026649465|127.1088854968754589_37.4894492333212099|127.1090766429304182_37.4892249683685037|127.1093007035074862_37.4890054407837212|127.1095576330975092_37.4887596584706273|127.1096470218132737_37.4885958507830637
2026-09-04T18:34:05.570303+09:00,가락시장,가락시장,POI058,KEY_2,1230051901,중대로8길,1230386000,문정동 150-14,127.1167833241685088_37.4914854397265600,1230018903,가락시장역(서울3호선),127.1165990721881229_37.4918865116658182,47.0,11.0,정체,127.1165990721881229_37.4918865116658182|127.1167833241685088_37.4914854397265600
2026-09-04T18:34:05.570303+09:00,가락시장,가락시장,POI058,KEY_2,1230051902,중대로8길,1230361900,문정동 150-14,127.1172116084218118_37.4905531499749003,1230016908,롯데마트(송파점),127.1169709124956029_37.4910771005723191,62.0,17.0,서행,127.1169709124956029_37.4910771005723191|127.1172116084218118_37.4905531499749003
2026-09-04T18:34:05.570303+09:00,가락시장,가락시장,POI058,KEY_2,1230052002,중대로8길,1230018902,가락시장역(서울3호선),127.1167261713873557_37.4919243860885771,1230016906,롯데마트(송파점),127.1170516918871982_37.4912157989307673,84.0,22.0,서행,127.1170516918871982_37.4912157989307673|127.1169107476193574_37.4915226056316016|127.1167261713873557_37.4919243860885771
2026-09-04T18:34:05.570303+09:00,가락시장,가락시장,POI058,KEY_2,1230054000,양재대로.중대로.사이길,1230422000,최소노드배치점,127.1102674173819196_37.4931029974296166,1230022403,가락시장입구교차로,127.1089742353404120_37.4957346052473497,314.0,19.0,서행,127.1089742353404120_37.4957346052473497|127.1102674173819196_37.4931029974296166
2026-09-04T18:34:05.570303+09:00,가락시장,가락시장,POI058,KEY_2,1230054100,양재대로.중대로.사이길,1230421900,최소노드배치점,127.1103937724681998_37.4931424163455418,1230018101,문정2동주민센터,127.1116866660194091_37.4905111871912951,314.0,11.0,정체,127.1116866660194091_37.4905111871912951|127.1103937724681998_37.4931424163455418
2026-09-04T18:34:05.570303+09:00,가락시장,가락시장,POI058,KEY_2,1230054500,송파대로28길,1230410400,가락동 99-10,127.1190884118777689_37.4937496752694486,1230019702,가락시장역(서울8호선),127.1181979182710222_37.4932806354653536,94.0,16.0,서행,127.1181979182710222_37.4932806354653536|127.1190884118777689_37.4937496752694486
2026-09-04T18:34:05.570303+09:00,가락시장,가락시장,POI058,KEY_2,1230054900,양재대로,1230020602,탄천교앞교차로,127.1037134371381967_37.4941541612508757,1220027201,강남구-송파구,127.1017380867346276_37.4935258095581858,188.0,11.0,정체,127.1017380867346276_37.4935258095581858|127.1037134371381967_37.4941541612508757
2026-09-04T18:34:05.570303+09:00,가락시장,가락시장,POI058,KEY_2,1230055000,양재대로,1220027202,강남구-송파구,127.1016878963476984_37.4936262631744768,1230020603,탄천교앞교차로,127.1035083522439209_37.4942053452210757,173.0,44.0,원활,127.1035083522439209_37.4942053452210757|127.1016878963476984_37.4936262631744768
2026-09-04T18:34:05.570303+09:00,가락시장,가락시장,POI058,KEY_2,1230055100,탄천동로,1230020200,탄천교북측,127.1046982234543350_37.4935032962483277,1230020900,가락시영1차아파트,127.1023921618984787_37.4946491021272408,242.0,43.7,원활,127.1023921618984787_37.4946491021272408|127.1026351641800431_37.4944956246392778|127.1028100011304502_37.4943560139147394|127.1030386932509373_37.4942163550683105|127.1032808577331110_37.4940838361899651|127.1037831652852645_37.4938402368164390|127.1041105962998046_37.4937076412947334|127.1045008466885804_37.4935678371215673|127.1046982234543350_37.4935032962483277
2026-09-04T18:34:05.570303+09:00,가락시장,가락시장,POI058,KEY_2,1230055200,송파대로30길,1230390100,가락동 69,127.1181576884960975_37.4942844707260150,1230020402,대한소방공제회관,127.1175656927106274_37.4939611574999532,63.0,16.0,서행,127.1175656927106274_37.4939611574999532|127.1181576884960975_37.4942844707260150
2026-09-04T18:34:05.570303+09:00,가락시장,가락시장,POI058,KEY_2,1230056400,송파대로32길,1230363800,가락동 95-4,127.1171072649732992_37.4951831927519237,1230021002,금호아파트,127.1166483258781170_37.4949444902828972,48.0,23.0,서행,127.1166483258781170_37.4949444902828972|127.1171072649732992_37.4951831927519237
2026-09-04T18:34:05.570303+09:00,가락시장,가락시장,POI058,KEY_2,1230056500,송파대로32길,1230021001,금호아파트,127.1165674108393091_37.4950315228562872,1230021504,가락우성아파트,127.1172109413439841_37.4953662344504721,68.0,10.0,정체,127.1172109413439841_37.4953662344504721|127.1170330887625113_37.4952737308299717|127.1165674108393091_37.4950315228562872
2026-09-04T18:34:05.570303+09:00,가락시장,가락시장,POI058,KEY_2,1230057400,양재대로,1230022701,가락지하차도(동측),127.1109724966751742_37.4964009687156761,1230021601,가락지하차도(서측),127.1066666120631226_37.4950594505273571,409.0,37.0,원활,127.1066666120631226_37.4950594505273571|127.1071886675820224_37.4952345725276146|127.1090124158185830_37.4958046094001745|127.1109724966751742_37.4964009687156761
2026-09-04T18:34:05.570303+09:00,가락시장,가락시장,POI058,KEY_2,1230057500,양재대로,1230021602,가락지하차도(서측),127.1066159249626821_37.4951597316970222,1230022702,가락지하차도(동측),127.1109238161647710_37.4965018932248313,409.0,40.0,원활,127.1109238161647710_37.4965018932248313|127.1089634310423406_37.4959054420606890|127.1071375504234169_37.4953347360280986|127.1066159249626821_37.4951597316970222
2026-09-04T18:34:05.570303+09:00,가락시장,가락시장,POI058,KEY_2,1230059500,송파대로,1230023000,가락동172-9,127.1150412999846395_37.4964072887051572,1230023300,가락지하차도,127.1117000683038469_37.4966251805970856,334.0,29.0,원활,127.1117000683038469_37.4966251805970856|127.1132133030553462_37.4970539948776178|127.1134714429685602_37.4971044053795453|127.1136659491883449_37.4971191174298255|127.1138791054569595_37.4971010325812486|127.1140735290281469_37.4970621071467463|127.1143127756149056_37.4969843983692925|127.1146639988599105_37.4967605652213081|127.1150412999846395_37.4964072887051572
2026-09-04T18:34:05.570303+09:00,가락시장,가락시장,POI058,KEY_2,1230060100,송파대로,1230421700,최소노드배치점,127.1140721427734945_37.4977283810108872,1230022201,송파지하차도(남측),127.1158101613083460_37.4958494321184332,259.0,35.0,원활,127.1158101613083460_37.4958494321184332|127.1140721427734945_37.4977283810108872
2026-09-04T18:34:05.570303+09:00,가락시장,가락시장,POI058,KEY_2,1230060600,송파대로,1230025300,가락시장,127.1152758863382815_37.4983274724392501,1230023100,가락금호아파트,127.1152652544426758_37.4965296586052403,219.0,28.0,원활,127.1152652544426758_37.4965296586052403|127.1150120367173741_37.4969002819968367|127.1148517221107426_37.4972312072140355|127.1148219697051616_37.4973414922481183|127.1148034295675444_37.4974458062222311|127.1148110824045574_37.4975590345204068|127.1148337147807439_37.4976841685654136|127.1148825004034109_37.4977913976102499|127.1149425202820424_37.4979075545829943|127.1150586916786693_37.4980564363442781|127.1151897560098263_37.4982333364637554|127.1152758863382815_37.4983274724392501
2026-09-04T18:34:05.570303+09:00,가락시장,가락시장,POI058,KEY_2,1230060700,송파대로,1230023800,가락지하차도,127.1116511171543522_37.4967260215322469,1230025400,가락시장,127.1130396665766114_37.4985897582915655,279.0,33.0,원활,127.1130396665766114_37.4985897582915655|127.1131914635941911_37.4982502004138496|127.1132223301329560_37.4980790698056055|127.1132258865675624_37.4979568908886378|127.1132032208043796_37.4978079177548906|127.1131581323575404_37.4976708855017762|127.1130718956508048_37.4975279333659444|127.1128920928922668_37.4973433522305371|127.1126262481860749_37.4971439529376838|127.1116511171543522_37.4967260215322469
2026-09-04T18:34:05.570303+09:00,가로수길,가로수길,POI059,KEY_3,1220032606,도산대로,1220157901,신사역(서울3호선),127.0212177927414388_37.5168872521704131,1220046804,속성변화점,127.0218474243994109_37.5171534779245377,63.0,7.0,정체,127.0218474243994109_37.5171534779245377|127.0212177927414388_37.5168872521704131
2026-09-04T18:34:05.570303+09:00,가로수길,가로수길,POI059,KEY_3,1210005200,경부고속도로,1210050200,한남IC,127.0179230663021883_37.5215654212540883,1210048000,한남IC,127.0163581235578505_37.5170442405948918,561.0,22.0,서행,127.0163581235578505_37.5170442405948918|127.0165343138516363_37.5173858495530155|127.0167723392642358_37.5178670968809271|127.0170761911662964_37.5184149453652935|127.0172780896881903_37.5186691448905876|127.0175392423539904_37.5189538108083624|127.0178552351912344_37.5192549372941286|127.0180991379812383_37.5194738142039839|127.0182190961692754_37.5196134278193227|127.0182996365167583_37.5197270444739175|127.0183619528752246_37.5198563810036632|127.0184053893967047_37.5199980614801021|127.0184358162196929_37.5201630123718175|127.0184386910793393_37.5202890784637049|127.0184285996865725_37.5204319196483027|127.0184009492116246_37.5205590924208536|127.0183243377286288_37.5208205916057693|127.0179230663021883_37.5215654212540883
2026-09-04T18:34:05.570303+09:00,가로수길,가로수길,POI059,KEY_3,1210006302,강남대로,1210050500,잠원고가차도,127.0175844575561968_37.5222683840522109,1210050200,한남IC,127.0179230663021883_37.5215654212540883,84.0,37.0,원활,127.0179230663021883_37.5215654212540883|127.0178330428322369_37.5217757145184265|127.0176826012822175_37.5220826339949767|127.0175844575561968_37.5222683840522109
2026-09-04T18:34:05.570303+09:00,가로수길,가로수길,POI059,KEY_3,1210030102,강남대로,1220278700,신사동 667,127.0193796654159115_37.5169519190738754,1210047901,신사역사거리,127.0196073447006455_37.5162062855192104,85.0,33.0,원활,127.0196073447006455_37.5162062855192104|127.0193796654159115_37.5169519190738754
2026-09-04T18:34:05.570303+09:00,가로수길,가로수길,POI059,KEY_3,1210030103,강남대로,1210050200,한남IC,127.0179230663021883_37.5215654212540883,1210048900,한남IC,127.0191320703633693_37.5177627579261355,435.0,53.0,원활,127.0191320703633693_37.5177627579261355|127.0189310303031931_37.5184211218205093|127.0187293953687515_37.5190814217743309|127.0186579516555696_37.5193153777495993|127.0183961813083613_37.5201679848804446|127.0181460666752287_37.5209458080791194|127.0180078207468881_37.5213674346140280|127.0179230663021883_37.5215654212540883
2026-09-04T18:34:05.570303+09:00,가로수길,가로수길,POI059,KEY_3,1220032603,도산대로,1220301900,신사동 501-5,127.0226731476215747_37.5174979512342688,1220047304,신사동 501-5,127.0233702123766051_37.5177885099050883,70.0,7.0,정체,127.0233702123766051_37.5177885099050883|127.0227971066371566_37.5175496217451894|127.0226731476215747_37.5174979512342688
2026-09-04T18:34:05.570303+09:00,가로수길,가로수길,POI059,KEY_3,1220032604,도산대로,1220333600,신사동 501-5,127.0252630090018755_37.5185850545470387,1220048404,파키스탄대사관,127.0261635430802301_37.5189640959520858,90.0,19.0,서행,127.0261635430802301_37.5189640959520858|127.0252630090018755_37.5185850545470387
2026-09-04T18:34:05.570303+09:00,가로수길,가로수길,POI059,KEY_3,1220032605,도산대로,1220312500,신사동 501-5,127.0271621006632188_37.5193785848759092,1220048904,강남을지병원사거리,127.0280371859392829_37.5197414933169782,87.0,22.0,서행,127.0280371859392829_37.5197414933169782|127.0271621006632188_37.5193785848759092
2026-09-04T18:34:05.570303+09:00,가로수길,가로수길,POI059,KEY_3,1220032607,도산대로,1220314700,신사동 501-5,127.0205588097228713_37.5166086099990750,1220157904,신사역(서울3호선),127.0210978863052702_37.5168365517813100,54.0,7.5,정체,127.0210978863052702_37.5168365517813100|127.0205588097228713_37.5166086099990750
2026-09-04T18:34:05.570303+09:00,가로수길,가로수길,POI059,KEY_3,1220032706,도산대로,1220314600,논현동 279,127.0206224542618116_37.5165131107482495,1210047902,신사역사거리,127.0196397311538306_37.5160975693515226,98.0,27.0,원활,127.0196397311538306_37.5160975693515226|127.0206224542618116_37.5165131107482495
2026-09-04T18:34:05.570303+09:00,가로수길,가로수길,POI059,KEY_3,1220032707,도산대로,1220046803,국민연금관리공단,127.0218796194653237_37.5170446810028935,1220157902,속성변화점,127.0212814368900069_37.5167917523675669,60.0,17.5,서행,127.0212814368900069_37.5167917523675669|127.0218796194653237_37.5170446810028935
2026-09-04T18:34:05.570303+09:00,가로수길,가로수길,POI059,KEY_3,1220034402,논현로,1220048904,강남을지병원사거리,127.0280371859392829_37.5197414933169782,1220049904,포포인츠바이쉐라톤서울강남,127.0280734448643045_37.5206167208549601,97.0,7.0,정체,127.0280734448643045_37.5206167208549601|127.0280371859392829_37.5197414933169782
2026-09-04T18:34:05.570303+09:00,가로수길,가로수길,POI059,KEY_3,1220034404,논현로,1220053804,KT신사지사앞,127.0283248558345122_37.5246129191385620,1220055202,압구정고가차도(남측),127.0283395591130500_37.5250065536841362,44.0,21.7,서행,127.0283395591130500_37.5250065536841362|127.0283248558345122_37.5246129191385620
2026-09-04T18:34:05.570303+09:00,가로수길,가로수길,POI059,KEY_3,1220034405,논현로,1220055202,압구정고가차도(남측),127.0283395591130500_37.5250065536841362,1220010003,압구정역앞교차로,127.0282759409679016_37.5270582615837682,229.0,13.0,정체,127.0282759409679016_37.5270582615837682|127.0283303202405847_37.5268739474045816|127.0283620150373025_37.5266475017756704|127.0283619317290800_37.5264274554737582|127.0283319991274453_37.5259676695780868|127.0282853399793055_37.5252252266081712|127.0283395591130500_37.5250065536841362
2026-09-04T18:34:05.570303+09:00,가로수길,가로수길,POI059,KEY_3,1220034406,논현로,1220049909,신사동668,127.0282766583817988_37.5238348591677067,1220053803,KT신사지사앞,127.0283194174098185_37.5245048688214595,74.0,9.0,정체,127.0283194174098185_37.5245048688214595|127.0282766583817988_37.5238348591677067
2026-09-04T18:34:05.570303+09:00,가로수길,가로수길,POI059,KEY_3,1220034407,논현로,1220373500,신사동 668,127.0282210639870328_37.5229636995892477,1220049908,신사동668,127.0282697656988802_37.5237268530348160,85.0,9.5,정체,127.0282697656988802_37.5237268530348160|127.0282210639870328_37.5229636995892477
2026-09-04T18:34:05.570303+09:00,가로수길,가로수길,POI059,KEY_3,1220034505,논현로,1220010002,압구정역앞교차로,127.0285181437996727_37.5271826705537279,1220055201,압구정고가차도(남측),127.0284751971407360_37.5250022451099099,244.0,4.0,정체,127.0284751971407360_37.5250022451099099|127.0285565062360433_37.5252144169059250|127.0286031556237134_37.5259566660534603|127.0286334403760122_37.5264218208668652|127.0286335312154051_37.5266594844593655|127.0285983577891358_37.5269107887466404|127.0285181437996727_37.5271826705537279
2026-09-04T18:34:05.570303+09:00,가로수길,가로수길,POI059,KEY_3,1220035101,압구정로,1220387500,신사동 667-35,127.0208024983061250_37.5232622623860976,1220051900,한남IC,127.0196414563682623_37.5226786197747799,121.0,5.0,정체,127.0196414563682623_37.5226786197747799|127.0198045751835991_37.5227606189946599|127.0208024983061250_37.5232622623860976
2026-09-04T18:34:05.570303+09:00,가로수길,가로수길,POI059,KEY_3,1220035102,압구정로,1220284700,신사동 667-35,127.0231244458356485_37.5244338308142105,1220052802,현대고,127.0224876254120829_37.5241095444315249,67.0,4.0,정체,127.0224876254120829_37.5241095444315249|127.0231244458356485_37.5244338308142105
2026-09-04T18:34:05.570303+09:00,가로수길,가로수길,POI059,KEY_3,1220035103,압구정로,1220229500,신사동 667-35,127.0254725690620887_37.5256273769602657,1220054201,청작화랑,127.0241083963904600_37.5249346230122711,143.0,3.0,정체,127.0241083963904600_37.5249346230122711|127.0254725690620887_37.5256273769602657
2026-09-04T18:34:05.570303+09:00,가로수길,가로수길,POI059,KEY_3,1220035104,압구정로,1220197700,신사동 667-35,127.0264768016643444_37.5261378314984313,1220055601,갤러리가인로,127.0263447850509237_37.5260702905259507,14.0,3.0,정체,127.0263447850509237_37.5260702905259507|127.0264768016643444_37.5261378314984313
2026-09-04T18:34:05.570303+09:00,가로수길,가로수길,POI059,KEY_3,1220035600,논현로,1220055202,압구정고가차도(남측),127.0283395591130500_37.5250065536841362,1220058304,압구정고가차도(북측),127.0268388941667439_37.5286867952204233,456.0,52.3,원활,127.0268388941667439_37.5286867952204233|127.0276229048477035_37.5280429604157248|127.0278165005547066_37.5278840115926755|127.0279731715236551_37.5277036660985672|127.0281672333874639_37.5274318336580421|127.0283131192877590_37.5271685854789965|127.0283973296032798_37.5268831584729128|127.0284298940737244_37.5266504975051163|127.0284298088944297_37.5264260462047829|127.0283997882590228_37.5259649187552995|127.0283395591130500_37.5250065536841362
2026-09-04T18:34:05.570303+09:00,가로수길,가로수길,POI059,KEY_3,1220035700,논현로,1220058302,압구정고가차도(북측),127.0269363512986587_37.5287620679434681,1220055201,압구정고가차도(남측),127.0284751971407360_37.5250022451099099,466.0,45.0,원활,127.0284751971407360_37.5250022451099099|127.0285353676384261_37.5259594169927198|127.0285655632184074_37.5264232302528455|127.0285656521627686_37.5266564888469674|127.0285313483773990_37.5269015786934403|127.0284480650293517_37.5271838619750469|127.0282888742812872_37.5274801946933394|127.0280882251533114_37.5277612569592449|127.0279217590682350_37.5279528773542097|127.0269363512986587_37.5287620679434681
2026-09-04T18:34:05.570303+09:00,가로수길,가로수길,POI059,KEY_3,1220036101,압구정로,1220213100,신사동 667-35,127.0293474339213446_37.5276110594799661,1220010002,압구정역앞교차로,127.0285181437996727_37.5271826705537279,87.0,5.0,정체,127.0285181437996727_37.5271826705537279|127.0293474339213446_37.5276110594799661
2026-09-04T18:34:05.570303+09:00,가로수길,가로수길,POI059,KEY_3,1220089200,도산대로13길,1220287700,신사동 667-13,127.0230743650847813_37.5193351003487336,1220048603,한교빌딩,127.0230536690337004_37.5194604758461239,14.0,12.0,정체,127.0230536690337004_37.5194604758461239|127.0230743650847813_37.5193351003487336
2026-09-04T18:34:05.570303+09:00,가로수길,가로수길,POI059,KEY_3,1220089300,도산대로13길,1220389400,신사동 667-13,127.0233652346300346_37.5184041868742781,1220047301,신사동 501-5,127.0234959990522157_37.5178412759112945,64.0,6.0,정체,127.0234959990522157_37.5178412759112945|127.0233652346300346_37.5184041868742781
2026-09-04T18:34:05.570303+09:00,가로수길,가로수길,POI059,KEY_3,1220089800,논현로151길,1220443500,신사동 540-17,127.0244909423343387_37.5196152857974283,1220048602,한교빌딩,127.0231882543426423_37.5194745704341912,116.0,14.5,정체,127.0231882543426423_37.5194745704341912|127.0244718919648932_37.5196135745143948|127.0244909423343387_37.5196152857974283
2026-09-04T18:34:05.570303+09:00,가로수길,가로수길,POI059,KEY_3,1220089900,논현로151길,1220418800,신사동 667-21,127.0262498643968883_37.5199608855933420,1220049804,신사동 667-21,127.0274070953705206_37.5204456743626125,116.0,14.0,정체,127.0274070953705206_37.5204456743626125|127.0266396543750886_37.5201241789116082|127.0262498643968883_37.5199608855933420
2026-09-04T18:34:05.570303+09:00,가로수길,가로수길,POI059,KEY_3,1220091000,논현로151길,1220049904,포포인츠바이쉐라톤서울강남,127.0280734448643045_37.5206167208549601,1220049802,신사동 563-37,127.0275930492730652_37.5204031223416550,49.0,8.0,정체,127.0275930492730652_37.5204031223416550|127.0280734448643045_37.5206167208549601
2026-09-04T18:34:05.570303+09:00,가로수길,가로수길,POI059,KEY_3,1220091100,논현로151길,1220049801,신사동 667-21,127.0275268835117117_37.5204975286007425,1220049905,포포인츠바이쉐라톤서울강남,127.0280793639937258_37.5207431780700205,56.0,12.5,정체,127.0280793639937258_37.5207431780700205|127.0275268835117117_37.5204975286007425
2026-09-04T18:34:05.570303+09:00,가로수길,가로수길,POI059,KEY_3,1220092400,압구정로12길,1220417800,신사동 667-13,127.0224302352055901_37.5234937392832748,1220052803,현대고,127.0223574913892861_37.5240439075491210,61.0,13.0,정체,127.0223574913892861_37.5240439075491210|127.0223782425358934_37.5238158829208359|127.0224302352055901_37.5234937392832748
2026-09-04T18:34:05.570303+09:00,가로수길,가로수길,POI059,KEY_3,1220092500,압구정로12길,1220366000,신사동 667-13,127.0231140667746814_37.5199586975137009,1220048601,한교빌딩,127.0231712660938115_37.5195818456572496,42.0,5.0,정체,127.0231712660938115_37.5195818456572496|127.0231140667746814_37.5199586975137009
2026-09-04T18:34:05.570303+09:00,가로수길,가로수길,POI059,KEY_3,1220093002,압구정로,1220051400,한남IC,127.0184647515422967_37.5220740214540527,1210050301,서초구-강남구,127.0177990144592144_37.5217285520426174,70.0,21.0,서행,127.0177990144592144_37.5217285520426174|127.0184647515422967_37.5220740214540527
2026-09-04T18:34:05.570303+09:00,가로수길,가로수길,POI059,KEY_3,1220093400,압구정로,1220051900,한남IC,127.0196414563682623_37.5226786197747799,1220051400,한남IC,127.0184647515422967_37.5220740214540527,124.0,16.0,서행,127.0184647515422967_37.5220740214540527|127.0196414563682623_37.5226786197747799
2026-09-04T18:34:05.570303+09:00,가로수길,가로수길,POI059,KEY_3,1220093600,압구정로18길,1220402700,신사동 667-26,127.0242997575267196_37.5244046914768887,1220054203,청작화랑,127.0238902580922229_37.5248237950768342,60.0,11.0,정체,127.0238902580922229_37.5248237950768342|127.0240075609036410_37.5247631606974252|127.0242997575267196_37.5244046914768887
2026-09-04T18:34:05.570303+09:00,가로수길,가로수길,POI059,KEY_3,1220093700,압구정로18길,1220269200,신사동 667-22,127.0265257201653952_37.5217976687929635,1220049801,신사동 667-21,127.0275268835117117_37.5204975286007425,170.0,17.0,서행,127.0275268835117117_37.5204975286007425|127.0274614673849953_37.5206192024850438|127.0273151084055172_37.5208488732382079|127.0272306072528465_37.5209504397739764|127.0269002741036815_37.5213474819321107|127.0265257201653952_37.5217976687929635
2026-09-04T18:34:05.570303+09:00,가로수길,가로수길,POI059,KEY_3,1220095500,압구정로20길,1220295800,신사동 667-30,127.0249300313320617_37.5246883867516772,1220054202,청작화랑,127.0239993271606807_37.5248792090952108,85.0,14.0,정체,127.0239993271606807_37.5248792090952108|127.0241907646657893_37.5248235301143254|127.0248768749337529_37.5246912303723548|127.0249300313320617_37.5246883867516772
2026-09-04T18:34:05.570303+09:00,가로수길,가로수길,POI059,KEY_3,1220095600,압구정로20길,1220389300,신사동 667-30,127.0276891866743654_37.5246599576587982,1220053804,KT신사지사앞,127.0283248558345122_37.5246129191385620,57.0,7.0,정체,127.0283248558345122_37.5246129191385620|127.0278024437205033_37.5246369682814134|127.0276891866743654_37.5246599576587982
2026-09-04T18:34:05.570303+09:00,가로수길,가로수길,POI059,KEY_3,1220341900,강남대로,1220450900,최소노드배치점,127.0185739660145998_37.5202897635519861,1210048900,한남IC,127.0191320703633693_37.5177627579261355,286.0,20.0,서행,127.0191320703633693_37.5177627579261355|127.0190749075924401_37.5184495173263812|127.0185850281335433_37.5201347966023420|127.0185739660145998_37.5202897635519861
2026-09-04T18:34:05.570303+09:00,가로수길,가로수길,POI059,KEY_3,1220342100,강남대로,1210050200,한남IC,127.0179230663021883_37.5215654212540883,1220051400,한남IC,127.0184647515422967_37.5220740214540527,219.0,7.5,정체,127.0184647515422967_37.5220740214540527|127.0187361940851076_37.5221219841313172|127.0188799124806849_37.5221225694219385|127.0189701046267459_37.5220657007965528|127.0190338533853947_37.5219300247544041|127.0187948665284097_37.5213781528593202|127.0186786484771915_37.5212918254898256|127.0184900646496544_37.5212839020109570|127.0183010678575073_37.5213403675630133|127.0179230663021883_37.5215654212540883
2026-09-04T18:34:05.570303+09:00,광장(전통)시장,광장(전통)시장,POI060,KEY_4,1000001700,종로,1000107700,종로5가 82-1,127.0014559954733784_37.5710337936727115,1000011204,종로5가사거리,127.0018597424576257_37.5710524176874969,36.0,15.0,서행,127.0018597424576257_37.5710524176874969|127.0014559954733784_37.5710337936727115
2026-09-04T18:34:05.570303+09:00,광장(전통)시장,광장(전통)시장,POI060,KEY_4,1000001801,종로,1000031300,종로4가,126.9985532581453924_37.5707449132439208,1000011002,종로4가사거리,126.9978420032838642_37.5706935232521886,63.0,13.0,정체,126.9978420032838642_37.5706935232521886|126.9985532581453924_37.5707449132439208
2026-09-04T18:34:05.570303+09:00,광장(전통)시장,광장(전통)시장,POI060,KEY_4,1000001802,종로,1000169300,종로4가 183,126.9992162622975655_37.5707928126224999,1000031300,종로4가,126.9985532581453924_37.5707449132439208,59.0,12.0,정체,126.9985532581453924_37.5707449132439208|126.9992162622975655_37.5707928126224999
2026-09-04T18:34:05.570303+09:00,광장(전통)시장,광장(전통)시장,POI060,KEY_4,1000002001,종로,1000245300,종로5가 82-1,127.0027233485987352_37.5709694752928485,1000011202,종로5가사거리,127.0019976949529052_37.5709492579211854,64.0,6.0,정체,127.0019976949529052_37.5709492579211854|127.0026822738535230_37.5709687051739039|127.0027233485987352_37.5709694752928485
2026-09-04T18:34:05.570303+09:00,광장(전통)시장,광장(전통)시장,POI060,KEY_4,1000003102,청계천로,1000006802,세운교,126.9952943683145179_37.5687121004089306,1010034002,청계4가사거리,126.9978567741960518_37.5690141197168899,229.0,14.0,정체,126.9978567741960518_37.5690141197168899|126.9977196243080755_37.5689778939568413|126.9973817991979672_37.5689244876432014|126.9962389430763210_37.5687890515443357|126.9952943683145179_37.5687121004089306
2026-09-04T18:34:05.570303+09:00,광장(전통)시장,광장(전통)시장,POI060,KEY_4,1000003202,청계천로,1010033502,청계4가사거리,126.9978802454382389_37.5687215808426274,1000006801,세운교,126.9953276014707626_37.5684416148171678,228.0,10.0,정체,126.9953276014707626_37.5684416148171678|126.9957094599574390_37.5684724533581900|126.9977052575266896_37.5686899192676975|126.9978802454382389_37.5687215808426274
2026-09-04T18:34:05.570303+09:00,광장(전통)시장,광장(전통)시장,POI060,KEY_4,1000004300,청계천로,1010034001,청계4가사거리,126.9979899258223242_37.5690487214556867,1010035002,청계5가,127.0019528507516640_37.5697976426441400,360.0,10.8,정체,127.0019528507516640_37.5697976426441400|127.0017358863905201_37.5697659409256488|127.0000347507350966_37.5694727355165128|126.9982497711816194_37.5691151390471632|126.9979899258223242_37.5690487214556867
2026-09-04T18:34:05.570303+09:00,광장(전통)시장,광장(전통)시장,POI060,KEY_4,1000004400,청계천로,1010034602,청계5가교차로,127.0019837396539657_37.5694814402428676,1010033501,청계4가사거리,126.9980141971210799_37.5687475550074197,360.0,8.0,정체,126.9980141971210799_37.5687475550074197|127.0001365777901867_37.5691866684635656|127.0015262324094891_37.5694417350148697|127.0017658284941149_37.5694679542473580|127.0019837396539657_37.5694814402428676
2026-09-04T18:34:05.570303+09:00,광장(전통)시장,광장(전통)시장,POI060,KEY_4,1000005301,청계천로,1010035001,청계5가,127.0020881246934152_37.5698075774404145,1000031402,버들다리(북측),127.0066778573984863_37.5698145407186601,405.0,17.0,서행,127.0066778573984863_37.5698145407186601|127.0020881246934152_37.5698075774404145
2026-09-04T18:34:05.570303+09:00,광장(전통)시장,광장(전통)시장,POI060,KEY_4,1000005401,청계천로,1010034902,버들다리(남측),127.0065602496820105_37.5695317839187268,1010034601,청계5가교차로,127.0021191180861280_37.5694902995239062,392.0,10.0,정체,127.0021191180861280_37.5694902995239062|127.0024509740674006_37.5695131963120659|127.0065602496820105_37.5695317839187268
2026-09-04T18:34:05.570303+09:00,광장(전통)시장,광장(전통)시장,POI060,KEY_4,1000005501,창경궁로,1010034002,청계4가사거리,126.9978567741960518_37.5690141197168899,1000009200,종로4가,126.9977510820364870_37.5702192149541574,134.0,9.0,정체,126.9977510820364870_37.5702192149541574|126.9977619635523922_37.5701052996103186|126.9977928254472488_37.5697501122231543|126.9978567741960518_37.5690141197168899
2026-09-04T18:34:05.570303+09:00,광장(전통)시장,광장(전통)시장,POI060,KEY_4,1000005502,창경궁로,1000009200,종로4가,126.9977510820364870_37.5702192149541574,1000011003,종로4가사거리,126.9977066575793003_37.5706842868909874,52.0,6.0,정체,126.9977066575793003_37.5706842868909874|126.9977510820364870_37.5702192149541574
2026-09-04T18:34:05.570303+09:00,광장(전통)시장,광장(전통)시장,POI060,KEY_4,1000005900,동호로,1000080900,종로5가 194-1,127.0019049283621939_37.5704023856927236,1000011203,종로5가사거리,127.0018619903622010_37.5709442212742246,60.0,7.0,정체,127.0018619903622010_37.5709442212742246|127.0019049283621939_37.5704023856927236
2026-09-04T18:34:05.570303+09:00,광장(전통)시장,광장(전통)시장,POI060,KEY_4,1000006000,동호로,1000081000,종로5가 194-1,127.0020404728760326_37.5704091886523841,1010035001,청계5가,127.0020881246934152_37.5698075774404145,67.0,7.0,정체,127.0020881246934152_37.5698075774404145|127.0020404728760326_37.5704091886523841
2026-09-04T18:34:05.570303+09:00,광장(전통)시장,광장(전통)시장,POI060,KEY_4,1000009002,대학로,1000211400,효제동 248-3,127.0020354004494578_37.5719845778189736,1000011201,종로5가사거리,127.0019958691737827_37.5710573946658712,103.0,4.0,정체,127.0019958691737827_37.5710573946658712|127.0020354004494578_37.5719845778189736
2026-09-04T18:34:05.570303+09:00,광장(전통)시장,광장(전통)시장,POI060,KEY_4,1000024600,종로,1000009200,종로4가,126.9977510820364870_37.5702192149541574,1000010400,종로4가,126.9969798514767092_37.5706375452027856,82.0,12.0,정체,126.9969798514767092_37.5706375452027856|126.9977510820364870_37.5702192149541574
2026-09-04T18:34:05.570303+09:00,광장(전통)시장,광장(전통)시장,POI060,KEY_4,1000044900,종로,1000031300,종로4가,126.9985532581453924_37.5707449132439208,1000031200,종로4가,126.9978863472252044_37.5702292896807890,82.0,7.0,정체,126.9978863472252044_37.5702292896807890|126.9985532581453924_37.5707449132439208
2026-09-04T18:34:05.570303+09:00,광장(전통)시장,광장(전통)시장,POI060,KEY_4,1010017102,창경궁로,1010144900,주교동 150-1,126.9979022407054572_37.5684599840524882,1010033502,청계4가사거리,126.9978802454382389_37.5687215808426274,29.0,20.0,서행,126.9978802454382389_37.5687215808426274|126.9979022407054572_37.5684599840524882
2026-09-04T18:34:05.570303+09:00,광장(전통)시장,광장(전통)시장,POI060,KEY_4,1010017103,창경궁로,1010033502,청계4가사거리,126.9978802454382389_37.5687215808426274,1010034002,청계4가사거리,126.9978567741960518_37.5690141197168899,33.0,19.0,서행,126.9978567741960518_37.5690141197168899|126.9978802454382389_37.5687215808426274
2026-09-04T18:34:05.570303+09:00,광장(전통)시장,광장(전통)시장,POI060,KEY_4,1010018303,동호로,1010033004,방산종합시장,127.0020517143025671_37.5684662611909843,1010034602,청계5가교차로,127.0019837396539657_37.5694814402428676,113.0,18.0,서행,127.0019837396539657_37.5694814402428676|127.0020303269679118_37.5687856770029711|127.0020517143025671_37.5684662611909843
2026-09-04T18:34:05.570303+09:00,광장(전통)시장,광장(전통)시장,POI060,KEY_4,1010018304,동호로,1010034602,청계5가교차로,127.0019837396539657_37.5694814402428676,1010035002,청계5가,127.0019528507516640_37.5697976426441400,35.0,4.0,정체,127.0019528507516640_37.5697976426441400|127.0019837396539657_37.5694814402428676
2026-09-04T18:34:05.570303+09:00,광장(전통)시장,광장(전통)시장,POI060,KEY_4,1010018404,동호로,1010035001,청계5가,127.0020881246934152_37.5698075774404145,1010034601,청계5가교차로,127.0021191180861280_37.5694902995239062,35.0,7.0,정체,127.0021191180861280_37.5694902995239062|127.0020881246934152_37.5698075774404145
2026-09-04T18:34:05.570303+09:00,김포공항,김포공항,POI061,KEY_1,1150012601,남부순환로,1150389900,최소노드배치점,126.8095743430638294_37.5571410012688958,1150030002,공항지하차도(남측),126.8077168731396398_37.5596785527472150,335.0,11.0,정체,126.8077168731396398_37.5596785527472150|126.8080235123319426_37.5587598772484270|126.8080487310129598_37.5586843223038969|126.8081645923880245_37.5584605680897425|126.8083120730024547_37.5582415061213482|126.8085234864771706_37.5579901613593989|126.8086738654403263_37.5578514718858045|126.8087487100140578_37.5577824449810294|126.8095743430638294_37.5571410012688958
2026-09-04T18:34:05.570303+09:00,김포공항,김포공항,POI061,KEY_1,1150012602,남부순환로,1150030002,공항지하차도(남측),126.8077168731396398_37.5596785527472150,1150033203,김포공항입구교차로,126.8070108813666224_37.5617129549202957,235.0,38.0,원활,126.8070108813666224_37.5617129549202957|126.8075853764430434_37.5598753351117551|126.8077168731396398_37.5596785527472150
2026-09-04T18:34:05.570303+09:00,김포공항,김포공항,POI061,KEY_1,1150012702,남부순환로,1150033202,김포공항입구교차로,126.8073025792230766_37.5616752975893391,1150030001,공항지하차도(남측),126.8078484011787168_37.5597054915840687,225.0,8.0,정체,126.8078484011787168_37.5597054915840687|126.8078489684554739_37.5599275572281215|126.8073025792230766_37.5616752975893391
2026-09-04T18:34:05.570303+09:00,김포공항,김포공항,POI061,KEY_1,1150014601,공항대로,1150032903,김포공항입구,126.8078281271154850_37.5616183037410494,1150033202,김포공항입구교차로,126.8073025792230766_37.5616752975893391,47.0,16.3,서행,126.8073025792230766_37.5616752975893391|126.8078281271154850_37.5616183037410494
2026-09-04T18:34:05.570303+09:00,김포공항,김포공항,POI061,KEY_1,1150014701,공항대로,1150033201,김포공항입구교차로,126.8072672096517124_37.5617882508206051,1150032904,김포공항입구,126.8079101380171778_37.5617185281611867,57.0,11.0,정체,126.8079101380171778_37.5617185281611867|126.8072672096517124_37.5617882508206051
2026-09-04T18:34:05.570303+09:00,김포공항,김포공항,POI061,KEY_1,1150016602,개화동로,1150033204,김포공항입구교차로,126.8069741436833624_37.5618291362629790,1150036802,공항지하차도(북측),126.8066028860935575_37.5632234424859774,159.0,15.0,서행,126.8066028860935575_37.5632234424859774|126.8066032813527642_37.5630009147905142|126.8069741436833624_37.5618291362629790
2026-09-04T18:34:05.570303+09:00,김포공항,김포공항,POI061,KEY_1,1150016603,개화동로,1150036802,공항지하차도(북측),126.8066028860935575_37.5632234424859774,1150039602,개화지하차도(남측),126.8057924187939989_37.5657106945988915,285.0,34.0,원활,126.8057924187939989_37.5657106945988915|126.8062995071421568_37.5641545058068758|126.8066028860935575_37.5632234424859774
2026-09-04T18:34:05.570303+09:00,김포공항,김포공항,POI061,KEY_1,1150016604,개화동로,1150039602,개화지하차도(남측),126.8057924187939989_37.5657106945988915,1150006403,김포공항,126.8050471612343841_37.5677507825846604,236.0,32.3,원활,126.8050471612343841_37.5677507825846604|126.8056575562592201_37.5659060332226744|126.8057924187939989_37.5657106945988915
2026-09-04T18:34:05.570303+09:00,김포공항,김포공항,POI061,KEY_1,1150016701,개화동로,1150036801,공항지하차도(북측),126.8067344748664880_37.5632502226468645,1150033201,김포공항입구교차로,126.8072672096517124_37.5617882508206051,170.0,16.0,서행,126.8072672096517124_37.5617882508206051|126.8068666929418953_37.5630537442273749|126.8067344748664880_37.5632502226468645
2026-09-04T18:34:05.570303+09:00,김포공항,김포공항,POI061,KEY_1,1150016702,개화동로,1150247600,방화동 635-2,126.8064309785913366_37.5641816513473401,1150036801,공항지하차도(북측),126.8067344748664880_37.5632502226468645,107.0,5.0,정체,126.8067344748664880_37.5632502226468645|126.8064309785913366_37.5641816513473401
2026-09-04T18:34:05.570303+09:00,김포공항,김포공항,POI061,KEY_1,1150016703,개화동로,1150006402,김포공항,126.8053283756748613_37.5677499095885210,1150039601,개화지하차도(남측),126.8059238292659359_37.5657380361406368,230.0,2.0,정체,126.8059238292659359_37.5657380361406368|126.8059202518390123_37.5659611079850535|126.8053283756748613_37.5677499095885210
2026-09-04T18:34:05.570303+09:00,김포공항,김포공항,POI061,KEY_1,1150019201,개화동로,1150006404,김포공항,126.8050116383548271_37.5678590131138606,1150042703,개화지하차도(북측),126.8043750832667627_37.5700177472717556,247.0,9.0,정체,126.8043750832667627_37.5700177472717556|126.8043732440636404_37.5698089916991620|126.8050116383548271_37.5678590131138606
2026-09-04T18:34:05.570303+09:00,김포공항,김포공항,POI061,KEY_1,1150019301,개화동로,1150042702,개화지하차도(북측),126.8045065255030863_37.5700450114689204,1150006401,김포공항,126.8052926539899659_37.5678581403692888,253.0,7.0,정체,126.8052926539899659_37.5678581403692888|126.8046362685131214_37.5698630949740959|126.8045065255030863_37.5700450114689204
2026-09-04T18:34:05.570303+09:00,김포공항,김포공항,POI061,KEY_1,1150064000,하늘길,1150025202,속성변화점,126.8082875031500834_37.5555638288103708,1150027102,공항동 1373,126.8068481061529695_37.5568211814329942,190.0,8.0,정체,126.8068481061529695_37.5568211814329942|126.8069636778689784_37.5566653638428392|126.8070672851894329_37.5565384620971159|126.8082875031500834_37.5555638288103708
2026-09-04T18:34:05.570303+09:00,김포공항,김포공항,POI061,KEY_1,1150064100,하늘길,1150027101,공항동 1373,126.8069712276863470_37.5568648222929724,1150025201,속성변화점,126.8083836703710006_37.5556401721833879,185.0,6.0,정체,126.8083836703710006_37.5556401721833879|126.8071734526590006_37.5566068184149557|126.8070788020918229_37.5567227499429279|126.8069712276863470_37.5568648222929724
2026-09-04T18:34:05.570303+09:00,김포공항,김포공항,POI061,KEY_1,1150066200,하늘길,1150027102,공항동 1373,126.8068481061529695_37.5568211814329942,1150027900,꽃뫼마을,126.8066393602112214_37.5579420572046487,126.0,23.0,서행,126.8066393602112214_37.5579420572046487|126.8067209036262284_37.5573619926632958|126.8067425712815322_37.5572078567915852|126.8067860131757527_37.5569836897910534|126.8068481061529695_37.5568211814329942
2026-09-04T18:34:05.570303+09:00,김포공항,김포공항,POI061,KEY_1,1150066500,하늘길,1150247200,공항동 1373,126.8068558770528966_37.5573740172171497,1150027101,공항동 1373,126.8069712276863470_37.5568648222929724,58.0,12.0,정체,126.8069712276863470_37.5568648222929724|126.8069187602059316_37.5570077860468388|126.8068772250646390_37.5572221164367548|126.8068558770528966_37.5573740172171497
2026-09-04T18:34:05.570303+09:00,김포공항,김포공항,POI061,KEY_1,1150073600,남부순환로,1150030002,공항지하차도(남측),126.8077168731396398_37.5596785527472150,1150036802,공항지하차도(북측),126.8066028860935575_37.5632234424859774,406.0,43.5,원활,126.8066028860935575_37.5632234424859774|126.8070741742825192_37.5617343500932535|126.8077168731396398_37.5596785527472150
2026-09-04T18:34:05.570303+09:00,김포공항,김포공항,POI061,KEY_1,1150073700,남부순환로,1150036801,공항지하차도(북측),126.8067344748664880_37.5632502226468645,1150030001,공항지하차도(남측),126.8078484011787168_37.5597054915840687,406.0,4.0,정체,126.8078484011787168_37.5597054915840687|126.8072059248408863_37.5617606130839761|126.8067344748664880_37.5632502226468645
2026-09-04T18:34:05.570303+09:00,김포공항,김포공항,POI061,KEY_1,1150087200,초원로,1150276600,방화동 648-7,126.8061653651844978_37.5677509978913946,1150006402,김포공항,126.8053283756748613_37.5677499095885210,74.0,16.0,서행,126.8053283756748613_37.5677499095885210|126.8055414028596175_37.5677492478255175|126.8061653651844978_37.5677509978913946
2026-09-04T18:34:05.570303+09:00,김포공항,김포공항,POI061,KEY_1,1150087300,초원로,1150006401,김포공항,126.8052926539899659_37.5678581403692888,1150041804,우림루미아트아파트,126.8075307779801193_37.5678629359116485,198.0,9.0,정체,126.8075307779801193_37.5678629359116485|126.8073398019933933_37.5678624027739900|126.8069523157120386_37.5678613200995315|126.8065648290245235_37.5678602361521072|126.8061648869972657_37.5678591160285933|126.8055414285367419_37.5678573671970213|126.8052926539899659_37.5678581403692888
2026-09-04T18:34:05.570303+09:00,김포공항,김포공항,POI061,KEY_1,1150088000,개화동로,1150039602,개화지하차도(남측),126.8057924187939989_37.5657106945988915,1150042703,개화지하차도(북측),126.8043750832667627_37.5700177472717556,494.0,23.0,서행,126.8043750832667627_37.5700177472717556|126.8051041638151162_37.5677907609375552|126.8057924187939989_37.5657106945988915
2026-09-04T18:34:05.570303+09:00,김포공항,김포공항,POI061,KEY_1,1150088100,개화동로,1150042702,개화지하차도(북측),126.8045065255030863_37.5700450114689204,1150039601,개화지하차도(남측),126.8059238292659359_37.5657380361406368,494.0,4.0,정체,126.8059238292659359_37.5657380361406368|126.8052355602882528_37.5678181625819221|126.8045065255030863_37.5700450114689204
2026-09-04T18:34:05.570303+09:00,김포공항,김포공항,POI061,KEY_1,1150106400,하늘길,1150028802,금당엄나무마을,126.8065715832151881_37.5584244799448612,1150028400,속성변화점,126.8048520251257685_37.5583579319005096,185.0,14.0,정체,126.8048520251257685_37.5583579319005096|126.8052377971326763_37.5580516095033374|126.8053823436995202_37.5579701842871785|126.8055353778495942_37.5579424668231496|126.8056745668371832_37.5579540170042065|126.8058403506843348_37.5580050725773518|126.8059860097157099_37.5580901308708448|126.8065715832151881_37.5584244799448612
2026-09-04T18:34:05.570303+09:00,김포공항,김포공항,POI061,KEY_1,1150106500,하늘길,1150027900,꽃뫼마을,126.8066393602112214_37.5579420572046487,1150028100,고가차도(동측),126.8060691893281700_37.5580001571214055,70.0,15.0,서행,126.8060691893281700_37.5580001571214055|126.8062856880729470_37.5581168464145136|126.8063706400496358_37.5581522669607892|126.8064580694506560_37.5581562242252716|126.8065401626594593_37.5581308101262579|126.8066082234555978_37.5580596654638583|126.8066393602112214_37.5579420572046487
2026-09-04T18:34:05.570303+09:00,김포공항,김포공항,POI061,KEY_1,1150106600,하늘길,1150028802,금당엄나무마을,126.8065715832151881_37.5584244799448612,1150028100,고가차도(동측),126.8060691893281700_37.5580001571214055,65.0,5.0,정체,126.8060691893281700_37.5580001571214055|126.8065715832151881_37.5584244799448612
2026-09-04T18:34:05.570303+09:00,김포공항,김포공항,POI061,KEY_1,1150106700,하늘길,1150289200,최소노드배치점,126.8033683591133922_37.5592833803729107,1150032700,고가차도(서측),126.8009776700938573_37.5613568425905200,315.0,26.0,원활,126.8009776700938573_37.5613568425905200|126.8010280242264827_37.5611957637211304|126.8011248860496778_37.5610890211158690|126.8033683591133922_37.5592833803729107
2026-09-04T18:34:05.570303+09:00,김포공항,김포공항,POI061,KEY_1,1150106800,하늘길,1150028400,속성변화점,126.8048520251257685_37.5583579319005096,1150032700,고가차도(서측),126.8009776700938573_37.5613568425905200,478.0,20.0,서행,126.8009776700938573_37.5613568425905200|126.8013035967179007_37.5611997795353290|126.8035334487866663_37.5594139846441664|126.8048520251257685_37.5583579319005096
2026-09-04T18:34:05.570303+09:00,김포공항,김포공항,POI061,KEY_1,1150106900,김포공항내부도로,1150032200,속성변화점,126.8047455373718151_37.5611116336784789,1150028801,금당엄나무마을,126.8067065539106721_37.5584365013286785,359.0,28.0,원활,126.8067065539106721_37.5584365013286785|126.8066109696513877_37.5588857489316297|126.8064624030633780_37.5595840033141712|126.8064141826300073_37.5597031187799502|126.8063180116815687_37.5598364588791966|126.8062219021269073_37.5599459604553729|126.8047455373718151_37.5611116336784789
2026-09-04T18:34:05.570303+09:00,김포공항,김포공항,POI061,KEY_1,1150107000,김포공항내부도로,1150389800,최소노드배치점,126.8067286898441637_37.5607631173226295,1150028801,금당엄나무마을,126.8067065539106721_37.5584365013286785,267.0,43.7,원활,126.8067065539106721_37.5584365013286785|126.8066708925769035_37.5588901607108099|126.8066646253163015_37.5589698879747615|126.8067045329581930_37.5591701996241056|126.8067999267995276_37.5593372282787641|126.8069432095978897_37.5595138704042526|126.8069908756392294_37.5596093034119178|126.8069965453199757_37.5597332752688544|126.8069866614919334_37.5597713874458137|126.8067666698569838_37.5606197059842231|126.8067286898441637_37.5607631173226295
2026-09-04T18:34:05.570303+09:00,김포공항,김포공항,POI061,KEY_1,1150107100,김포공항내부도로,1150033900,방화동886,126.8052833993092463_37.5619393978386995,1150032200,속성변화점,126.8047455373718151_37.5611116336784789,113.0,22.0,서행,126.8047455373718151_37.5611116336784789|126.8048083802269446_37.5615490149788158|126.8048519525371631_37.5616959366339103|126.8049097352545687_37.5617642437812407|126.8049856578287944_37.5618147717900683|126.8052833993092463_37.5619393978386995
2026-09-04T18:34:05.570303+09:00,김포공항,김포공항,POI061,KEY_1,1150107200,하늘길,1150032700,고가차도(서측),126.8009776700938573_37.5613568425905200,1150034800,지하차도,126.7995944673012190_37.5624929202118381,184.0,22.0,서행,126.7995944673012190_37.5624929202118381|126.7996107466501883_37.5622929971972539|126.7998015798858518_37.5620687650094354|126.8003220714264785_37.5616712047205752|126.8009776700938573_37.5613568425905200
2026-09-04T18:34:05.570303+09:00,김포공항,김포공항,POI061,KEY_1,1150107300,하늘길,1150033203,김포공항입구교차로,126.8070108813666224_37.5617129549202957,1150033900,방화동886,126.8052833993092463_37.5619393978386995,155.0,9.0,정체,126.8052833993092463_37.5619393978386995|126.8061205674983825_37.5618551503654459|126.8070108813666224_37.5617129549202957
2026-09-04T18:34:05.570303+09:00,김포공항,김포공항,POI061,KEY_1,1150107400,하늘길,1150034900,김포공항역(공항철도),126.8029854953172162_37.5622967045944236,1150033204,김포공항입구교차로,126.8069741436833624_37.5618291362629790,356.0,40.0,원활,126.8069741436833624_37.5618291362629790|126.8061424791094254_37.5619619642015792|126.8053005219796034_37.5620466931704584|126.8053004393328109_37.5620467020441282|126.8035548962029679_37.5622240961301515|126.8029854953172162_37.5622967045944236
2026-09-04T18:34:05.570303+09:00,김포공항,김포공항,POI061,KEY_1,1150107500,하늘길,1150032700,고가차도(서측),126.8009776700938573_37.5613568425905200,1150036700,지하차도,126.7995614162036446_37.5632407963395494,257.0,29.0,원활,126.7995614162036446_37.5632407963395494|126.7995700031927413_37.5631889631586731|126.7996689684073601_37.5626019355139178|126.7997259457631287_37.5624038582984383|126.7997701717995227_37.5622877418760126|126.7998407061498085_37.5621775057847600|126.7999327368006419_37.5620750285075431|126.8001500459457986_37.5619027027951873|126.8004710632430232_37.5616604022978677|126.8009776700938573_37.5613568425905200
2026-09-04T18:34:05.570303+09:00,김포공항,김포공항,POI061,KEY_1,1150107600,하늘길,1150032700,고가차도(서측),126.8009776700938573_37.5613568425905200,1150034900,김포공항역(공항철도),126.8029854953172162_37.5622967045944236,221.0,14.0,정체,126.8029854953172162_37.5622967045944236|126.8024038149654160_37.5623012502060760|126.8021954186314559_37.5622894586052993|126.8020781093091784_37.5622587480032664|126.8019705670447905_37.5621988226795125|126.8013430762655958_37.5617038420301697|126.8009776700938573_37.5613568425905200
2026-09-04T18:34:05.570303+09:00,김포공항,김포공항,POI061,KEY_1,1150107700,하늘길,1150299800,최소노드배치점,126.8024246026703281_37.5621497575235139,1150034800,지하차도,126.7995944673012190_37.5624929202118381,254.0,54.0,원활,126.7995944673012190_37.5624929202118381|126.8000193989265938_37.5623756689364328|126.8013731312601493_37.5622549088509174|126.8024246026703281_37.5621497575235139
2026-09-04T18:34:05.570303+09:00,김포공항,김포공항,POI061,KEY_1,1150107800,하늘길,1150034800,지하차도,126.7995944673012190_37.5624929202118381,1150034900,김포공항역(공항철도),126.8029854953172162_37.5622967045944236,303.0,25.0,원활,126.8029854953172162_37.5622967045944236|126.8022002166869839_37.5623968364395395|126.8002736857091293_37.5625739227759468|126.7999725900794772_37.5625757150790633|126.7997661912279455_37.5625422959885213|126.7995944673012190_37.5624929202118381
2026-09-04T18:34:05.570303+09:00,김포공항,김포공항,POI061,KEY_1,1150107900,김포공항내부도로,1150034800,지하차도,126.7995944673012190_37.5624929202118381,1150035000,롯데렌터카국내선영업소,126.7985940506221993_37.5626360951519658,90.0,13.0,정체,126.7985940506221993_37.5626360951519658|126.7995944673012190_37.5624929202118381
2026-09-04T18:34:05.570303+09:00,김포공항,김포공항,POI061,KEY_1,1150108000,김포공항내부도로,1150035000,롯데렌터카국내선영업소,126.7985940506221993_37.5626360951519658,1150037900,속성변화점,126.7983021129292069_37.5630189098091307,69.0,31.0,원활,126.7983021129292069_37.5630189098091307|126.7982096451205791_37.5628961389908085|126.7981918453900789_37.5627976604402321|126.7982148156196160_37.5627441391479806|126.7982713199159548_37.5627087031636862|126.7984365839414380_37.5626560267344658|126.7985940506221993_37.5626360951519658
2026-09-04T18:34:05.570303+09:00,김포공항,김포공항,POI061,KEY_1,1150108100,김포공항내부도로,1150037200,김포공항역2번출구,126.8015105464991024_37.5637406961484217,1150034900,김포공항역(공항철도),126.8029854953172162_37.5622967045944236,224.0,28.0,원활,126.8029854953172162_37.5622967045944236|126.8026435167321182_37.5623975981132574|126.8024209948936658_37.5624869055912711|126.8022103875416491_37.5625834378667847|126.8020295362189529_37.5627016084077425|126.8018937973466933_37.5628009677141534|126.8017817563183627_37.5629290840681804|126.8016845605308163_37.5630715970221161|126.8016508513365608_37.5631524812872755|126.8015802361039590_37.5633356925993880|126.8015552917320719_37.5634404760404337|126.8015105464991024_37.5637406961484217
2026-09-04T18:34:05.570303+09:00,김포공항,김포공항,POI061,KEY_1,1150108200,김포공항내부도로,1150037200,김포공항역2번출구,126.8015105464991024_37.5637406961484217,1150037600,김포공항역2번출구,126.8001346503840097_37.5639860917984407,227.0,35.0,원활,126.8001346503840097_37.5639860917984407|126.8001072244096434_37.5638754734673199|126.8000662884100365_37.5637679145538073|126.8000615019386856_37.5636391074166127|126.8000983656984602_37.5635415488353317|126.8001531351182081_37.5634512510361276|126.8002708817475650_37.5633541725600040|126.8003431789846047_37.5633116750763278|126.8006015428384643_37.5632345072076177|126.8007667497781910_37.5631877893086070|126.8009106542144337_37.5631767173647546|126.8010154569920900_37.5631821081042290|126.8011438702288416_37.5632257947703039|126.8012750344631172_37.5632957301106600|126.8013611065026396_37.5633820920717767|126.8014169785191285_37.5634945086059346|126.8015105464991024_37.5637406961484217
2026-09-04T18:34:05.570303+09:00,김포공항,김포공항,POI061,KEY_1,1150108300,김포공항내부도로,1150037200,김포공항역2번출구,126.8015105464991024_37.5637406961484217,1150037700,도심공항터미널,126.8005353893544509_37.5647314688052489,380.0,35.0,원활,126.8005353893544509_37.5647314688052489|126.8001504709565523_37.5643765376844172|126.7999602627294138_37.5642132436054723|126.7998446348872505_37.5640837782937638|126.7997974626711084_37.5640024159575390|126.7997564603626728_37.5639020107266219|126.7997422185323018_37.5638232279006772|126.7997462404500055_37.5637135512019142|126.7997618660982369_37.5636444849060140|126.7997987969324925_37.5635397726324740|126.7998686354479503_37.5634400247530920|126.7999532946344345_37.5633570595498085|126.8000708847145859_37.5632766728403382|126.8002273963702180_37.5631989025939461|126.8005910089229786_37.5630794326731063|126.8007680206251422_37.5630518637346071|126.8009029369462439_37.5630407387900718|126.8010496128956675_37.5630535306005058|126.8011272556779261_37.5630802236472192|126.8012465922204228_37.5631333950045487|126.8013446245621054_37.5632222134043161|126.8014065981104892_37.5633227416721880|126.8014653984647708_37.5634423296246851|126.8015105464991024_37.5637406961484217
2026-09-04T18:34:05.570303+09:00,김포공항,김포공항,POI061,KEY_1,1150108400,김포공항내부도로,1150035000,롯데렌터카국내선영업소,126.7985940506221993_37.5626360951519658,1150037600,김포공항역2번출구,126.8001346503840097_37.5639860917984407,229.0,31.3,원활,126.8001346503840097_37.5639860917984407|126.7999521214609189_37.5638025725482123|126.7998405864598084_37.5637160582818836|126.7996393494245950_37.5636111258423355|126.7992991815572026_37.5634660194623891|126.7987938274058735_37.5632054610151798|126.7985571473165436_37.5630466579929205|126.7984637566289052_37.5629423643065863|126.7984331071625661_37.5628563291241946|126.7984472253013024_37.5627884461292609|126.7984884047937442_37.5627099928980641|126.7985940506221993_37.5626360951519658
2026-09-04T18:34:05.570303+09:00,김포공항,김포공항,POI061,KEY_1,1150108500,김포공항내부도로,1150037900,속성변화점,126.7983021129292069_37.5630189098091307,1150037700,도심공항터미널,126.8005353893544509_37.5647314688052489,274.0,44.0,원활,126.8005353893544509_37.5647314688052489|126.7995993705168303_37.5640520760878971|126.7991235205774814_37.5636796088143541|126.7984879720149394_37.5631660830637344|126.7983021129292069_37.5630189098091307
2026-09-04T18:34:05.570303+09:00,김포공항,김포공항,POI061,KEY_1,1150108600,김포공항내부도로,1150036700,지하차도,126.7995614162036446_37.5632407963395494,1150037700,도심공항터미널,126.8005353893544509_37.5647314688052489,200.0,46.0,원활,126.8005353893544509_37.5647314688052489|126.7997423221904967_37.5640787997897547|126.7996369375317300_37.5639753894983812|126.7995776669586547_37.5639063555770250|126.7995377103744943_37.5638221735569431|126.7995167669065069_37.5637552751601973|126.7995105241441820_37.5636541224698846|126.7995141173256854_37.5635263188312720|126.7995614162036446_37.5632407963395494
2026-09-04T18:34:05.570303+09:00,김포공항,김포공항,POI061,KEY_1,1150108700,김포공항내부도로,1150039400,에어포트빌딩,126.8054199980519314_37.5653693282458718,1150038300,속성변화점,126.8061015993678495_37.5631202624798846,257.0,32.0,원활,126.8061015993678495_37.5631202624798846|126.8059321035797495_37.5637269267169103|126.8054199980519314_37.5653693282458718
2026-09-04T18:34:05.570303+09:00,김포공항,김포공항,POI061,KEY_1,1150108800,김포공항내부도로,1150040200,고가차도,126.8034852971276649_37.5656196609774327,1150037200,김포공항역2번출구,126.8015105464991024_37.5637406961484217,281.0,28.0,원활,126.8015105464991024_37.5637406961484217|126.8015357041857101_37.5639340135730890|126.8015969668641674_37.5641108512010717|126.8016766037265626_37.5642448710447212|126.8018308227888724_37.5644127195580566|126.8019823811680595_37.5645447794917331|126.8029309732480101_37.5653063657249433|126.8030975575997701_37.5654337433964187|126.8031839240266976_37.5654891030670228|126.8032971189519884_37.5655589304998614|126.8034852971276649_37.5656196609774327
2026-09-04T18:34:05.570303+09:00,김포공항,김포공항,POI061,KEY_1,1150108900,김포공항내부도로,1150037600,김포공항역2번출구,126.8001346503840097_37.5639860917984407,1150040100,김포국제공항국제선행사전용주차,126.8028803555274493_37.5664085986469658,364.0,24.0,서행,126.8028803555274493_37.5664085986469658|126.8025555415103298_37.5661435602585243|126.8016983643685194_37.5654441163697115|126.8007304672482007_37.5646657129594246|126.8005254668434532_37.5644820611773724|126.8003740566643103_37.5643344989100783|126.8002586967350567_37.5641764188608462|126.8001346503840097_37.5639860917984407
2026-09-04T18:34:05.570303+09:00,김포공항,김포공항,POI061,KEY_1,1150109000,김포공항내부도로,1150230600,방화동 886,126.8024348662543304_37.5662398015641941,1150040400,김포국제공항국제선행사전용주차,126.8027894261290527_37.5665213396097499,44.0,37.0,원활,126.8027894261290527_37.5665213396097499|126.8024348662543304_37.5662398015641941
2026-09-04T18:34:05.570303+09:00,김포공항,김포공항,POI061,KEY_1,1150109100,김포공항내부도로,1150041000,방화동 886,126.8045183377906397_37.5669683926712068,1150040200,고가차도,126.8034852971276649_37.5656196609774327,230.0,5.0,정체,126.8034852971276649_37.5656196609774327|126.8038598120078717_37.5656171005556203|126.8040245791983551_37.5656180715457495|126.8041980462812290_37.5656500969040295|126.8043592631563854_37.5657106668445309|126.8045051467313868_37.5658093034294893|126.8045999917029718_37.5659195628959566|126.8046735124137001_37.5660678531299581|126.8046871384255923_37.5662134061310837|126.8046429140189559_37.5664587801131731|126.8045621762904034_37.5667890603198273|126.8045183377906397_37.5669683926712068
2026-09-04T18:34:05.570303+09:00,김포공항,김포공항,POI061,KEY_1,1150109200,김포공항내부도로,1150041000,방화동 886,126.8045183377906397_37.5669683926712068,1150039400,에어포트빌딩,126.8054199980519314_37.5653693282458718,195.0,10.0,정체,126.8054199980519314_37.5653693282458718|126.8052708856440205_37.5656182579022513|126.8051516363182998_37.5658774998792708|126.8050359139828487_37.5660795262780098|126.8048750313832045_37.5663051353414588|126.8047956777825931_37.5664620646431686|126.8046114786252758_37.5667983501891527|126.8045183377906397_37.5669683926712068
2026-09-04T18:34:05.570303+09:00,김포공항,김포공항,POI061,KEY_1,1150109300,김포공항내부도로,1150040100,김포국제공항국제선행사전용주차,126.8028803555274493_37.5664085986469658,1150040200,고가차도,126.8034852971276649_37.5656196609774327,284.0,32.3,원활,126.8034852971276649_37.5656196609774327|126.8037092911531829_37.5656949107724856|126.8039213478413529_37.5657653208962614|126.8040856049847491_37.5658211399076123|126.8041899467209817_37.5658766052520434|126.8043000587682911_37.5659559519230015|126.8043650346164810_37.5660564961891268|126.8043969909406741_37.5661640008600628|126.8043960589709513_37.5662641565827897|126.8043682760401367_37.5663522305254460|126.8043044108686530_37.5664544010831989|126.8042197297529015_37.5665397542608659|126.8041171845886481_37.5666130782922849|126.8040118652004651_37.5666625383911637|126.8038617424439281_37.5666974251657493|126.8036968833293230_37.5667059926222748|126.8035562582793006_37.5666860845983379|126.8033055432747886_37.5665844440246985|126.8028803555274493_37.5664085986469658
2026-09-04T18:34:05.570303+09:00,김포공항,김포공항,POI061,KEY_1,1150109400,김포공항내부도로,1150040400,김포국제공항국제선행사전용주차,126.8027894261290527_37.5665213396097499,1150040200,고가차도,126.8034852971276649_37.5656196609774327,325.0,36.3,원활,126.8034852971276649_37.5656196609774327|126.8038472962753502_37.5656742613916776|126.8041074633345033_37.5657258761666881|126.8042626881742905_37.5657864110680890|126.8043907080456449_37.5658730187277072|126.8044736150714442_37.5659784381928930|126.8045263198669659_37.5661099121142357|126.8045371714244425_37.5662316012986750|126.8044998914784856_37.5663744697547912|126.8044178744128061_37.5664956104879550|126.8042728343056496_37.5666283046634888|126.8041613460849533_37.5666968070994187|126.8040018571548018_37.5667721800218857|126.8038667356538127_37.5668047707435235|126.8037077789608134_37.5668229120773987|126.8035849511758926_37.5668221870188859|126.8034592599620964_37.5668071366586176|126.8032978191564979_37.5667704126488431|126.8031277685627884_37.5666930950689633|126.8027894261290527_37.5665213396097499
2026-09-04T18:34:05.570303+09:00,김포공항,김포공항,POI061,KEY_1,1150109500,김포공항내부도로,1150040100,김포국제공항국제선행사전용주차,126.8028803555274493_37.5664085986469658,1150039400,에어포트빌딩,126.8054199980519314_37.5653693282458718,376.0,39.5,원활,126.8054199980519314_37.5653693282458718|126.8052475454865942_37.5658732946121603|126.8051706796212983_37.5660850889471618|126.8051128520501720_37.5661825252739732|126.8049609786541794_37.5664058022311735|126.8048907678706740_37.5665460918130734|126.8048112374909948_37.5667220993863751|126.8047558940367168_37.5668744002905513|126.8046892767711427_37.5669503214266172|126.8046318243050052_37.5670072178743411|126.8045536219927527_37.5670401450249045|126.8044245134226315_37.5670703866327500|126.8043016178312996_37.5670768170044340|126.8041549555153011_37.5670616434222921|126.8040113335603252_37.5670417183552701|126.8038648492974687_37.5670074679516688|126.8037573763743211_37.5669662923032561|126.8036590024200621_37.5669132466707012|126.8033524544107848_37.5666944209830262|126.8028803555274493_37.5664085986469658
2026-09-04T18:34:05.570303+09:00,김포공항,김포공항,POI061,KEY_1,1150109600,동양로,1150042000,방화동886,126.8043496290626138_37.5690016313593063,1150039400,에어포트빌딩,126.8054199980519314_37.5653693282458718,415.0,9.0,정체,126.8054199980519314_37.5653693282458718|126.8053899634556529_37.5657000420245950|126.8052719382406082_37.5661500744627759|126.8050369470159779_37.5669356746776870|126.8046700032554241_37.5680567539646901|126.8044016010786521_37.5688898518380725|126.8043496290626138_37.5690016313593063
2026-09-04T18:34:05.570303+09:00,김포공항,김포공항,POI061,KEY_1,1150109700,김포공항내부도로,1150040400,김포국제공항국제선행사전용주차,126.8027894261290527_37.5665213396097499,1150039400,에어포트빌딩,126.8054199980519314_37.5653693282458718,415.0,45.0,원활,126.8054199980519314_37.5653693282458718|126.8052245812453407_37.5660877907704887|126.8050520545537978_37.5665995070195393|126.8049656904614864_37.5668660966114416|126.8048926608036169_37.5669872912542075|126.8047806848064170_37.5671082565730927|126.8046781173340491_37.5671839659799573|126.8045727754340533_37.5672358105680573|126.8044646150375883_37.5672685610235249|126.8043295358767608_37.5672963824766839|126.8041916836448735_37.5673003399413261|126.8040330596514451_37.5672827109800309|126.8039045051699674_37.5672533359350851|126.8037553117633252_37.5671880659636201|126.8036153745131003_37.5670942334573823|126.8034964512136469_37.5669957550961513|126.8033357432111643_37.5668803367947532|126.8031125447181466_37.5667192381668187|126.8027894261290527_37.5665213396097499
2026-09-04T18:34:05.570303+09:00,김포공항,김포공항,POI061,KEY_1,1150109800,김포공항내부도로,1150040100,김포국제공항국제선행사전용주차,126.8028803555274493_37.5664085986469658,1150042800,방화동886,126.8042907955019558_37.5687117795039498,314.0,37.3,원활,126.8042907955019558_37.5687117795039498|126.8044447834326718_37.5682788825722866|126.8044868755081893_37.5681341354681422|126.8045023381572065_37.5680178481092497|126.8044953256624297_37.5679235276140986|126.8044776550525796_37.5678101460486644|126.8044115504804950_37.5676696490093036|126.8043376251230825_37.5675648787147196|126.8028803555274493_37.5664085986469658
2026-09-04T18:34:05.570303+09:00,김포공항,김포공항,POI061,KEY_1,1150109900,김포공항내부도로,1150040400,김포국제공항국제선행사전용주차,126.8027894261290527_37.5665213396097499,1150042800,방화동886,126.8042907955019558_37.5687117795039498,295.0,45.0,원활,126.8042907955019558_37.5687117795039498|126.8043428985787244_37.5682058242231278|126.8043258377389151_37.5680268638760850|126.8042788189286512_37.5678477268196147|126.8041865573810441_37.5677011144876261|126.8039896345038642_37.5675330180398959|126.8030307240473888_37.5667493201426410|126.8027894261290527_37.5665213396097499
2026-09-04T18:34:05.570303+09:00,김포공항,김포공항,POI061,KEY_1,1150110000,김포공항내부도로,1150006403,김포공항,126.8050471612343841_37.5677507825846604,1150041000,방화동 886,126.8045183377906397_37.5669683926712068,111.0,3.0,정체,126.8045183377906397_37.5669683926712068|126.8044868277380175_37.5671351434086915|126.8044947727027676_37.5672472754189357|126.8045177634208045_37.5673523415138533|126.8045557557905738_37.5674551123775871|126.8046357569593994_37.5675509754502670|126.8047189542533459_37.5676253937799203|126.8048084750304980_37.5676640782547082|126.8049390968690489_37.5677205900781033|126.8050471612343841_37.5677507825846604
2026-09-04T18:34:05.570303+09:00,김포공항,김포공항,POI061,KEY_1,1150110100,김포공항내부도로,1150042000,방화동886,126.8043496290626138_37.5690016313593063,1150041000,방화동 886,126.8045183377906397_37.5669683926712068,232.0,5.0,정체,126.8045183377906397_37.5669683926712068|126.8044296852477970_37.5671586539184261|126.8044137517465373_37.5672611066355557|126.8044306408279454_37.5673780611712615|126.8044567380267864_37.5674712221760458|126.8045036514052697_37.5675811995677122|126.8045505649234315_37.5676911760380960|126.8045929307459403_37.5678123353112312|126.8046013294623862_37.5679402102264959|126.8045806666986550_37.5681003466947629|126.8045362341527635_37.5682658281448383|126.8044189538831716_37.5686347811846346|126.8043496290626138_37.5690016313593063
2026-09-04T18:34:05.570303+09:00,김포공항,김포공항,POI061,KEY_1,1150110200,김포공항진출입도로,1150042800,방화동886,126.8042907955019558_37.5687117795039498,1150036202,방화동 886,126.8039740863463436_37.5697527827448567,119.0,43.0,원활,126.8039740863463436_37.5697527827448567|126.8039933986746490_37.5696818307411888|126.8042907955019558_37.5687117795039498
2026-09-04T18:34:05.570303+09:00,김포공항,김포공항,POI061,KEY_1,1150110300,김포공항진출입도로,1150036201,방화동 886,126.8041058714845235_37.5697760280389303,1150042000,방화동886,126.8043496290626138_37.5690016313593063,89.0,6.0,정체,126.8043496290626138_37.5690016313593063|126.8041120461763427_37.5697543702871357|126.8041058714845235_37.5697760280389303
2026-09-04T18:34:05.570303+09:00,남대문시장,남대문시장,POI115,KEY_2,1010004901,소공로,1010014904,회현사거리,126.9819470670801422_37.5604226300890645,1010016100,신세계백화점(본점),126.9816686271532404_37.5609097208093701,59.0,11.0,정체,126.9816686271532404_37.5609097208093701|126.9819470670801422_37.5604226300890645
2026-09-04T18:34:05.570303+09:00,남대문시장,남대문시장,POI115,KEY_2,1010002301,소월로,1010155400,최소노드배치점,126.9760533414636114_37.5582497344554369,1010013803,숭례문앞교차로,126.9755809845113532_37.5605189064983307,262.0,21.0,서행,126.9755809845113532_37.5605189064983307|126.9757337889885065_37.5603525891795087|126.9757984686316661_37.5601874326070444|126.9757969708594061_37.5599997077910714|126.9757198667068110_37.5593373627741514|126.9757048763582503_37.5591937029204388|126.9757309859065373_37.5590497713064551|126.9757785893644524_37.5588840435687814|126.9759074328705282_37.5585745471584289|126.9759297486065890_37.5585209420058632|126.9759522152383795_37.5584716422248093|126.9760533414636114_37.5582497344554369
2026-09-04T18:34:05.570303+09:00,남대문시장,남대문시장,POI115,KEY_2,1010002402,소월로,1010013802,숭례문앞교차로,126.9757600351255320_37.5605071695408910,1010011100,숭례문,126.9758644071737450_37.5590694809368770,164.0,11.0,정체,126.9758644071737450_37.5590694809368770|126.9758414948468044_37.5591969276911115|126.9758551619603253_37.5593278985156402|126.9759327469906509_37.5599943665054212|126.9759344158917429_37.5602035603088922|126.9758567349293656_37.5604019178341417|126.9757600351255320_37.5605071695408910
2026-09-04T18:34:05.570303+09:00,남대문시장,남대문시장,POI115,KEY_2,1010002504,퇴계로,1010011701,회현역7번출구,126.9801048978132769_37.5596035774933412,1010014100,신세계백화점(본점신관),126.9813345597681007_37.5600996831039851,122.0,11.0,정체,126.9813345597681007_37.5600996831039851|126.9811756372389482_37.5600198160300565|126.9804229490495260_37.5597117743107418|126.9801048978132769_37.5596035774933412
2026-09-04T18:34:05.570303+09:00,남대문시장,남대문시장,POI115,KEY_2,1010002505,퇴계로,1010014100,신세계백화점(본점신관),126.9813345597681007_37.5600996831039851,1010014904,회현사거리,126.9819470670801422_37.5604226300890645,65.0,7.0,정체,126.9819470670801422_37.5604226300890645|126.9814522832707127_37.5601588457968916|126.9813345597681007_37.5600996831039851
2026-09-04T18:34:05.570303+09:00,남대문시장,남대문시장,POI115,KEY_2,1010002508,퇴계로,1010038200,회현동1가 194-69,126.9793517057243974_37.5593685443415026,1010011702,회현역7번출구,126.9799749525828076_37.5595619956135778,59.0,4.0,정체,126.9799749525828076_37.5595619956135778|126.9797655565294434_37.5594985542619710|126.9793517057243974_37.5593685443415026
2026-09-04T18:34:05.570303+09:00,남대문시장,남대문시장,POI115,KEY_2,1010002603,퇴계로,1010014903,회현사거리,126.9820015801727067_37.5603215668065360,1010013600,우리은행은행사박물관,126.9814070609472481_37.5600082577712442,63.0,7.0,정체,126.9814070609472481_37.5600082577712442|126.9815263347418437_37.5600681990967189|126.9820015801727067_37.5603215668065360
2026-09-04T18:34:05.570303+09:00,남대문시장,남대문시장,POI115,KEY_2,1010002703,소공로,1010012500,회현동2가73,126.9822136040558433_37.5599025256994565,1010014903,회현사거리,126.9820015801727067_37.5603215668065360,50.0,13.0,정체,126.9820015801727067_37.5603215668065360|126.9821708623236134_37.5599944542781472|126.9822136040558433_37.5599025256994565
2026-09-04T18:34:05.570303+09:00,남대문시장,남대문시장,POI115,KEY_2,1010002803,소공로,1010014902,회현사거리,126.9821173466426387_37.5603817102966602,1010012900,금산갤러리,126.9823409760007848_37.5599400560248142,53.0,5.0,정체,126.9823409760007848_37.5599400560248142|126.9822973783252849_37.5600338243564380|126.9821173466426387_37.5603817102966602
2026-09-04T18:34:05.570303+09:00,남대문시장,남대문시장,POI115,KEY_2,1010004501,퇴계로,1010014901,회현사거리,126.9820623967078177_37.5604819136935362,1010015600,중국관광청,126.9827116249739731_37.5606706950213010,62.0,6.0,정체,126.9827116249739731_37.5606706950213010|126.9825668114146993_37.5606529961696793|126.9823364708074251_37.5606043117085662|126.9821925519696464_37.5605470002049984|126.9820623967078177_37.5604819136935362
2026-09-04T18:34:05.570303+09:00,남대문시장,남대문시장,POI115,KEY_2,1010004601,퇴계로,1010015100,스테이트타워남산,126.9827322350448071_37.5605638271977540,1010014902,회현사거리,126.9821173466426387_37.5603817102966602,59.0,26.0,원활,126.9821173466426387_37.5603817102966602|126.9822592119591746_37.5604526524429048|126.9823847812171778_37.5605026567482270|126.9825946231940890_37.5605470088059334|126.9827322350448071_37.5605638271977540
2026-09-04T18:34:05.570303+09:00,남대문시장,남대문시장,POI115,KEY_2,1010004903,소공로,1010016100,신세계백화점(본점),126.9816686271532404_37.5609097208093701,1010017902,한국은행앞교차로,126.9812102323787997_37.5618212267858951,109.0,17.0,서행,126.9812102323787997_37.5618212267858951|126.9814215875591117_37.5613304278622451|126.9815191090982296_37.5611692719051433|126.9815779997364160_37.5610682604307513|126.9816686271532404_37.5609097208093701
2026-09-04T18:34:05.570303+09:00,남대문시장,남대문시장,POI115,KEY_2,1010005001,소공로,1010016400,포스트타워,126.9817922479335550_37.5609545032611152,1010014901,회현사거리,126.9820623967078177_37.5604819136935362,58.0,8.0,정체,126.9820623967078177_37.5604819136935362|126.9817922479335550_37.5609545032611152
2026-09-04T18:34:05.570303+09:00,남대문시장,남대문시장,POI115,KEY_2,1010005002,소공로,1010016902,한국은행앞,126.9817016201550075_37.5611130425819510,1010016400,포스트타워,126.9817922479335550_37.5609545032611152,19.0,8.0,정체,126.9817922479335550_37.5609545032611152|126.9817016201550075_37.5611130425819510
2026-09-04T18:34:05.570303+09:00,남대문시장,남대문시장,POI115,KEY_2,1010005003,소공로,1010017901,한국은행앞교차로,126.9813201261830500_37.5618994475613093,1010016901,한국은행앞,126.9816414699309064_37.5612161949658940,81.0,6.7,정체,126.9816414699309064_37.5612161949658940|126.9815474496638501_37.5613715645860893|126.9813201261830500_37.5618994475613093
2026-09-04T18:34:05.570303+09:00,남대문시장,남대문시장,POI115,KEY_2,1010005102,남대문로,1010123700,남대문로3가 110-4,126.9802395481067094_37.5615376279630198,1010017903,한국은행앞교차로,126.9811556456876929_37.5619216279188848,92.0,10.0,정체,126.9811556456876929_37.5619216279188848|126.9809804652948202_37.5618338688153770|126.9804945418923836_37.5616270684645031|126.9802395481067094_37.5615376279630198
2026-09-04T18:34:05.570303+09:00,남대문시장,남대문시장,POI115,KEY_2,1010005201,남대문로,1010014800,숭례문,126.9764883666133954_37.5605318420117769,1010013802,숭례문앞교차로,126.9757600351255320_37.5605071695408910,65.0,7.0,정체,126.9757600351255320_37.5605071695408910|126.9759033237710781_37.5604891294319145|126.9761889274862341_37.5604766950548168|126.9764883666133954_37.5605318420117769
2026-09-04T18:34:05.570303+09:00,남대문시장,남대문시장,POI115,KEY_2,1010005202,남대문로,1010105800,남대문로4가 24-1,126.9773600444245005_37.5608297698874694,1010014800,숭례문,126.9764883666133954_37.5605318420117769,84.0,9.0,정체,126.9764883666133954_37.5605318420117769|126.9773600444245005_37.5608297698874694
2026-09-04T18:34:05.570303+09:00,남대문시장,남대문시장,POI115,KEY_2,1010026800,남대문로,1010014800,숭례문,126.9764883666133954_37.5605318420117769,1010011100,숭례문,126.9758644071737450_37.5590694809368770,185.0,6.0,정체,126.9758644071737450_37.5590694809368770|126.9758795592592975_37.5591125336731508|126.9758641531054906_37.5591939851637946|126.9759578405099205_37.5599862959824407|126.9759704486266543_37.5601312860724406|126.9760507361714588_37.5602633560949499|126.9761537145355277_37.5603739896225477|126.9763022172343057_37.5604655608040190|126.9764279735615418_37.5605091608890334|126.9764883666133954_37.5605318420117769
2026-09-04T18:34:05.570303+09:00,남대문시장,남대문시장,POI115,KEY_2,1010027000,소공로,1010012500,회현동2가73,126.9822136040558433_37.5599025256994565,1010013600,우리은행은행사박물관,126.9814070609472481_37.5600082577712442,77.0,22.0,서행,126.9814070609472481_37.5600082577712442|126.9817283323599497_37.5600723147489930|126.9817987065068365_37.5600687495620491|126.9818795629010708_37.5600532666540161|126.9819694078222909_37.5600199056804485|126.9822136040558433_37.5599025256994565
2026-09-04T18:34:05.570303+09:00,남대문시장,남대문시장,POI115,KEY_2,1010028000,퇴계로,1010014100,신세계백화점(본점신관),126.9813345597681007_37.5600996831039851,1010015401,충무로1가52-4,126.9817851871179641_37.5605865324912713,69.0,11.0,정체,126.9817851871179641_37.5605865324912713|126.9817851041901093_37.5605860521239734|126.9817447014208653_37.5604906906837641|126.9817012987769544_37.5604120152254382|126.9816174759299514_37.5603059188314958|126.9813345597681007_37.5600996831039851
2026-09-04T18:34:05.570303+09:00,남대문시장,남대문시장,POI115,KEY_2,1010029201,남대문시장10길,1010036301,충무로1가52-9,126.9802096866011425_37.5606718594319489,1010011701,회현역7번출구,126.9801048978132769_37.5596035774933412,119.0,12.0,정체,126.9801048978132769_37.5596035774933412|126.9800866593272559_37.5597021179481985|126.9800889154790298_37.5598874597116179|126.9802096866011425_37.5606718594319489
2026-09-04T18:34:05.570303+09:00,남대문시장,남대문시장,POI115,KEY_2,1010029202,남대문시장길,1010015401,충무로1가52-4,126.9817851871179641_37.5605865324912713,1010036301,충무로1가52-9,126.9802096866011425_37.5606718594319489,140.0,6.0,정체,126.9802096866011425_37.5606718594319489|126.9802497030729995_37.5606741822428134|126.9807707845876763_37.5606494140121825|126.9816883147786086_37.5606057960128439|126.9817851871179641_37.5605865324912713
2026-09-04T18:34:05.570303+09:00,남대문시장,남대문시장,POI115,KEY_2,1010029900,소공로,1010016400,포스트타워,126.9817922479335550_37.5609545032611152,1010015600,중국관광청,126.9827116249739731_37.5606706950213010,91.0,6.3,정체,126.9827116249739731_37.5606706950213010|126.9823825034924312_37.5606779228201688|126.9822612178897288_37.5606993600976651|126.9821728710918194_37.5607267614215701|126.9820875153085780_37.5607648904012166|126.9817922479335550_37.5609545032611152
2026-09-04T18:34:05.570303+09:00,남대문시장,남대문시장,POI115,KEY_2,1010030001,남대문시장10길,1010011702,회현역7번출구,126.9799749525828076_37.5595619956135778,1010036302,충무로1가52-9,126.9800884608386724_37.5607732287643117,135.0,10.0,정체,126.9800884608386724_37.5607732287643117|126.9799531801049426_37.5598945825498376|126.9799507471012276_37.5596946869498254|126.9799749525828076_37.5595619956135778
2026-09-04T18:34:05.570303+09:00,남대문시장,남대문시장,POI115,KEY_2,1010030100,소공로,1010015402,충무로1가52-4,126.9817657794933154_37.5607018336872827,1010016100,신세계백화점(본점),126.9816686271532404_37.5609097208093701,25.0,12.0,정체,126.9816686271532404_37.5609097208093701|126.9817657794933154_37.5607018336872827
2026-09-04T18:34:05.570303+09:00,남대문시장,남대문시장,POI115,KEY_2,1010032100,명동8나길,1010016901,한국은행앞,126.9816414699309064_37.5612161949658940,1010017704,LG패션,126.9866156676616384_37.5618497971722718,446.0,6.0,정체,126.9866156676616384_37.5618497971722718|126.9864059219120378_37.5618442687355554|126.9861439853324043_37.5618224161464553|126.9858850471473204_37.5617884341175383|126.9849862833789587_37.5616166058945993|126.9832174106051212_37.5613666087159430|126.9816414699309064_37.5612161949658940
2026-09-04T18:34:05.570303+09:00,노량진,노량진,POI063,KEY_3,1190005202,노량진로,1190117200,본동 365,126.9512041597025416_37.5127679663408102,1190019404,노량진배수지앞교차로,126.9521514565343949_37.5127483356353082,84.0,7.0,정체,126.9521514565343949_37.5127483356353082|126.9515041450622306_37.5127617506074742|126.9512041597025416_37.5127679663408102
2026-09-04T18:34:05.570303+09:00,노량진,노량진,POI063,KEY_3,1190004503,장승배기로,1190152600,노량진동 49-1,126.9401167823962169_37.5121780072331958,1190021003,노량진삼거리,126.9401273601333457_37.5134896778213545,146.0,10.5,정체,126.9401273601333457_37.5134896778213545|126.9401211502656963_37.5127196410551917|126.9401192691902907_37.5124863808360871|126.9401167823962169_37.5121780072331958
2026-09-04T18:34:05.570303+09:00,노량진,노량진,POI063,KEY_3,1190004900,만양로,1190166100,노량진동 118-14,126.9442141544357412_37.5118605513789589,1190002603,노량진동 113-1,126.9442112295573821_37.5137418468286512,209.0,16.3,서행,126.9442112295573821_37.5137418468286512|126.9442007157676358_37.5133170529862738|126.9442010082990748_37.5132853486690649|126.9442075422818306_37.5125771934533816|126.9442141544357412_37.5118605513789589
2026-09-04T18:34:05.570303+09:00,노량진,노량진,POI063,KEY_3,1190005000,만양로,1190149500,노량진동 118-14,126.9445072828588934_37.5112337554396333,1190002101,노량진삼익아파트,126.9447316692998697_37.5107279071619644,60.0,11.0,정체,126.9447316692998697_37.5107279071619644|126.9445279473944197_37.5111733767808033|126.9445072828588934_37.5112337554396333
2026-09-04T18:34:05.570303+09:00,노량진,노량진,POI063,KEY_3,1190005101,노량진로,1190020703,수산시장입구교차로,126.9466367290000477_37.5134096602374356,1190002602,노량진동 113-6,126.9443471153927447_37.5137469511950457,207.0,19.0,서행,126.9443471153927447_37.5137469511950457|126.9447018533880680_37.5137501237495457|126.9449800137784337_37.5137432195083349|126.9452206941408434_37.5137189330884127|126.9453360318755699_37.5136987454881279|126.9454805879769310_37.5136734436133423|126.9460307202107430_37.5135490198353878|126.9466367290000477_37.5134096602374356
2026-09-04T18:34:05.570303+09:00,노량진,노량진,POI063,KEY_3,1190005102,노량진로,1190111500,노량진동 148-80,126.9471465220967872_37.5132972498454933,1190020702,수산시장입구교차로,126.9467856169075617_37.5133759098446546,33.0,25.0,원활,126.9467856169075617_37.5133759098446546|126.9471465220967872_37.5132972498454933
2026-09-04T18:34:05.570303+09:00,노량진,노량진,POI063,KEY_3,1190005201,노량진로,1190113600,노량진동 150-2,126.9453651613680023_37.5138043462520159,1190020704,수산시장입구교차로,126.9466743766019192_37.5135135387472616,120.0,7.0,정체,126.9466743766019192_37.5135135387472616|126.9460680803163228_37.5136529641003662|126.9455137197508776_37.5137783438666617|126.9453651613680023_37.5138043462520159
2026-09-04T18:34:05.570303+09:00,노량진,노량진,POI063,KEY_3,1190005302,노량진로23길,1190019404,노량진배수지앞교차로,126.9521514565343949_37.5127483356353082,1190021702,강변유원아파트앞교차로,126.9517878200399252_37.5144323341285642,190.0,7.0,정체,126.9517878200399252_37.5144323341285642|126.9521402590242047_37.5130263085339948|126.9521514565343949_37.5127483356353082
2026-09-04T18:34:05.570303+09:00,노량진,노량진,POI063,KEY_3,1190005402,노량진로23길,1190021701,강변유원아파트앞교차로,126.9519265942660269_37.5144356577308216,1190019401,노량진배수지앞교차로,126.9522873805224066_37.5127452624808910,191.0,21.0,서행,126.9522873805224066_37.5127452624808910|126.9522755603509978_37.5130387016279059|126.9519265942660269_37.5144356577308216
2026-09-04T18:34:05.570303+09:00,노량진,노량진,POI063,KEY_3,1190005403,노량진로23길,1190021702,강변유원아파트앞교차로,126.9517878200399252_37.5144323341285642,1190002800,래미안트윈파크어린이집,126.9513254038714081_37.5151339939864243,90.0,32.0,원활,126.9513254038714081_37.5151339939864243|126.9515276227898823_37.5149837680980554|126.9516261546233409_37.5148351491784879|126.9516943568016671_37.5147120387054969|126.9517717030701789_37.5145057377369682|126.9517878200399252_37.5144323341285642
2026-09-04T18:34:05.570303+09:00,노량진,노량진,POI063,KEY_3,1190005901,노량진로,1190002301,동작전화국입구교차로,126.9319314618299188_37.5132681113596362,1190020504,노량진전화국,126.9367010324218938_37.5133867368247493,422.0,19.0,서행,126.9367010324218938_37.5133867368247493|126.9349496085363853_37.5132700252727744|126.9346845661618062_37.5132523610597346|126.9343824864800325_37.5132486544900985|126.9319314618299188_37.5132681113596362
2026-09-04T18:34:05.570303+09:00,노량진,노량진,POI063,KEY_3,1190005902,노량진로,1190020501,노량진전화국,126.9368725067964618_37.5133974948874851,1190021004,노량진삼거리,126.9401168906885289_37.5135974767245486,288.0,29.0,원활,126.9401168906885289_37.5135974767245486|126.9384099054870916_37.5134922704434572|126.9376728241927026_37.5134468343409324|126.9372728687352492_37.5134221778299022|126.9368725067964618_37.5133974948874851
2026-09-04T18:34:05.570303+09:00,노량진,노량진,POI063,KEY_3,1190006002,노량진로,1190156700,노량진동 40-12,126.9372833421547142_37.5133143799160251,1190020502,노량진전화국,126.9367832042905064_37.5132835455482123,44.0,22.0,서행,126.9367832042905064_37.5132835455482123|126.9372833421547142_37.5133143799160251
2026-09-04T18:34:05.570303+09:00,노량진,노량진,POI063,KEY_3,1190006300,노량진로,1190021001,노량진삼거리,126.9402528271981794_37.5136058036791340,1190002604,노량진동 149-1,126.9442005819552293_37.5138496342654904,350.0,15.0,서행,126.9442005819552293_37.5138496342654904|126.9436735713390760_37.5138165998370070|126.9425225287408949_37.5137444411450716|126.9422059483943457_37.5137245927783880|126.9419852419011647_37.5137111710165669|126.9414974384053210_37.5136815048798908|126.9413599099681420_37.5136731406162056|126.9402528271981794_37.5136058036791340
2026-09-04T18:34:05.570303+09:00,노량진,노량진,POI063,KEY_3,1190006402,노량진로,1190165400,노량진동 60-11,126.9413702431442630_37.5135653340007238,1190021002,노량진삼거리,126.9402631619478825_37.5134979974577192,98.0,21.0,서행,126.9402631619478825_37.5134979974577192|126.9413702431442630_37.5135653340007238
2026-09-04T18:34:05.570303+09:00,노량진,노량진,POI063,KEY_3,1190006503,노들로,1190002503,한강대교남단교차로,126.9559485654462350_37.5135692375558918,1190021402,노량진북고가차도(남측),126.9535701647488253_37.5144666186535645,234.0,23.0,서행,126.9535701647488253_37.5144666186535645|126.9538055503909391_37.5143453656792119|126.9550106567837133_37.5140170958698604|126.9551952040804679_37.5139503610819247|126.9553662466185671_37.5138687011783389|126.9559485654462350_37.5135692375558918
2026-09-04T18:34:05.570303+09:00,노량진,노량진,POI063,KEY_3,1190035600,매봉로,1190112400,본동 163-2,126.9520505492110658_37.5124639722260156,1190019403,노량진배수지앞교차로,126.9521271874186397_37.5126406813780520,21.0,19.5,서행,126.9521271874186397_37.5126406813780520|126.9520505492110658_37.5124639722260156
2026-09-04T18:34:05.570303+09:00,노량진,노량진,POI063,KEY_3,1190037400,등용로14길,1190147800,노량진동 261-16,126.9360131508652358_37.5128578520058724,1190020503,노량진전화국,126.9366130923878160_37.5132723793395044,71.0,16.0,서행,126.9366130923878160_37.5132723793395044|126.9365424170735963_37.5131804726463116|126.9360131508652358_37.5128578520058724
2026-09-04T18:34:05.570303+09:00,노량진,노량진,POI063,KEY_3,1190038200,노량진로,1190002203,상도터널입구삼거리,126.9541890386700089_37.5126031402648223,1190019402,노량진배수지앞교차로,126.9522694244192564_37.5126375342248082,170.0,8.0,정체,126.9522694244192564_37.5126375342248082|126.9540738186661173_37.5125928966997364|126.9541890386700089_37.5126031402648223
2026-09-04T18:34:05.570303+09:00,노량진,노량진,POI063,KEY_3,1190038300,노량진로,1190019401,노량진배수지앞교차로,126.9522873805224066_37.5127452624808910,1190002204,상도터널입구삼거리,126.9542714927660967_37.5127192624925598,176.0,12.0,정체,126.9542714927660967_37.5127192624925598|126.9540683705858299_37.5127012042861523|126.9522873805224066_37.5127452624808910
2026-09-04T18:34:05.570303+09:00,노량진,노량진,POI063,KEY_3,1190040700,노량진로17길,1190023001,여의상류IC,126.9431116863680842_37.5161708855538407,1190020701,수산시장입구교차로,126.9468214378170643_37.5134801972138732,493.0,26.0,원활,126.9468214378170643_37.5134801972138732|126.9466448548326269_37.5141699643926856|126.9465643597165752_37.5142980228204763|126.9464218282206502_37.5144168285898871|126.9462405404805025_37.5144778270687311|126.9460835780338783_37.5144777555249433|126.9453210615172054_37.5143777449688898|126.9452338575720916_37.5143850162141206|126.9451348889409985_37.5144401324414005|126.9434906876151103_37.5159004906293632|126.9432089104320056_37.5161015222505938|126.9431116863680842_37.5161708855538407
2026-09-04T18:34:05.570303+09:00,노량진,노량진,POI063,KEY_3,1190040900,노들로,1190021800,본동 258-49,126.9522431443229635_37.5148369634925771,1190021701,강변유원아파트앞교차로,126.9519265942660269_37.5144356577308216,60.0,15.0,서행,126.9519265942660269_37.5144356577308216|126.9519056314746734_37.5145429569509261|126.9519136872829819_37.5146399127459347|126.9519623531568016_37.5147094143572275|126.9520672177055758_37.5147752779884840|126.9521798364511511_37.5148124882405014|126.9522431443229635_37.5148369634925771
2026-09-04T18:34:05.570303+09:00,덕수궁길·정동길,덕수궁길·정동길,POI064,KEY_4,1000003501,통일로,1010027003,서대문역사거리,126.9665598949685972_37.5658773201177496,1120008500,서대문역,126.9660434778780029_37.5662892627082314,65.0,9.0,정체,126.9660434778780029_37.5662892627082314|126.9660644805756817_37.5662660599925218|126.9662705451212759_37.5660693694562298|126.9664350799789361_37.5659422317544767|126.9665598949685972_37.5658773201177496
2026-09-04T18:34:05.570303+09:00,덕수궁길·정동길,덕수궁길·정동길,POI064,KEY_4,1000003601,통일로,1120008600,서대문역,126.9661536779906470_37.5663524685838368,1010027004,서대문역사거리,126.9666386902470094_37.5659654915417676,61.0,7.0,정체,126.9666386902470094_37.5659654915417676|126.9665203108583569_37.5660270558958160|126.9663702817105673_37.5661429858535953|126.9661718721607571_37.5663323698760294|126.9661536779906470_37.5663524685838368
2026-09-04T18:34:05.570303+09:00,덕수궁길·정동길,덕수궁길·정동길,POI064,KEY_4,1000006401,송월길,1000006901,강북삼성병원뒤,126.9678155847015262_37.5692462622143637,1010032809,정동사거리,126.9691333679310219_37.5683815810654309,163.0,23.0,서행,126.9691333679310219_37.5683815810654309|126.9688551437995585_37.5683808671272601|126.9687865289426298_37.5683825554918585|126.9687053439467377_37.5683979184998549|126.9686414665824401_37.5684337846019289|126.9685779416765854_37.5684927369736954|126.9685223607223037_37.5685604321071480|126.9682968100973284_37.5688351412147554|126.9681174074262486_37.5690536427198865|126.9679795032923550_37.5691778229461093|126.9678501620556546_37.5692356875673852|126.9678155847015262_37.5692462622143637
2026-09-04T18:34:05.570303+09:00,덕수궁길·정동길,덕수궁길·정동길,POI064,KEY_4,1000022100,새문안로,1120008600,서대문역,126.9661536779906470_37.5663524685838368,1010028700,서대문역4번출구,126.9670324901914711_37.5663666430491148,80.0,5.0,정체,126.9670324901914711_37.5663666430491148|126.9668820265256244_37.5663086732054694|126.9667454719701425_37.5662886101858149|126.9666125029624908_37.5662871418756055|126.9664364041787792_37.5662956739300782|126.9661536779906470_37.5663524685838368
2026-09-04T18:34:05.570303+09:00,덕수궁길·정동길,덕수궁길·정동길,POI064,KEY_4,1000022401,새문안로,1010032804,서울역사박물관,126.9707197881594425_37.5693628093792142,1010032806,정동사거리,126.9692709523976930_37.5683376169548211,171.0,22.0,서행,126.9692709523976930_37.5683376169548211|126.9694171583184641_37.5684519908853858|126.9701987888334713_37.5690024896529167|126.9705789078106477_37.5692702008800268|126.9707197881594425_37.5693628093792142
2026-09-04T18:34:05.570303+09:00,덕수궁길·정동길,덕수궁길·정동길,POI064,KEY_4,1010000101,새문안로,1010027004,서대문역사거리,126.9666386902470094_37.5659654915417676,1010028700,서대문역4번출구,126.9670324901914711_37.5663666430491148,57.0,5.0,정체,126.9670324901914711_37.5663666430491148|126.9668835823451474_37.5662204039694956|126.9666386902470094_37.5659654915417676
2026-09-04T18:34:05.570303+09:00,덕수궁길·정동길,덕수궁길·정동길,POI064,KEY_4,1010000102,새문안로,1010028700,서대문역4번출구,126.9670324901914711_37.5663666430491148,1010029003,서울적십자병원,126.9671546864980343_37.5664866489618561,17.0,4.0,정체,126.9671546864980343_37.5664866489618561|126.9670324901914711_37.5663666430491148
2026-09-04T18:34:05.570303+09:00,덕수궁길·정동길,덕수궁길·정동길,POI064,KEY_4,1010000103,새문안로,1010029004,서울적십자병원,126.9672365893395067_37.5665683518858913,1010031502,서대문고가차도(북측),126.9682797509603347_37.5675570741512246,144.0,6.0,정체,126.9682797509603347_37.5675570741512246|126.9680594800643263_37.5674181616993508|126.9672365893395067_37.5665683518858913
2026-09-04T18:34:05.570303+09:00,덕수궁길·정동길,덕수궁길·정동길,POI064,KEY_4,1010000104,새문안로,1000130100,평동 140,126.9686758248646044_37.5679534765213603,1010032808,정동사거리,126.9690069713246316_37.5682731367375595,46.0,5.0,정체,126.9690069713246316_37.5682731367375595|126.9689149176519578_37.5681927649009353|126.9686758248646044_37.5679534765213603
2026-09-04T18:34:05.570303+09:00,덕수궁길·정동길,덕수궁길·정동길,POI064,KEY_4,1010000201,새문안로,1010028401,서대문역5번출구,126.9672435278120872_37.5662304820158113,1010027001,서대문역사거리,126.9668575711302481_37.5658373549132563,55.0,26.3,원활,126.9668575711302481_37.5658373549132563|126.9670970399012475_37.5660866188988862|126.9672435278120872_37.5662304820158113
2026-09-04T18:34:05.570303+09:00,덕수궁길·정동길,덕수궁길·정동길,POI064,KEY_4,1010000202,새문안로,1010029002,서울적십자병원,126.9673657254923569_37.5663504889476059,1010028401,서대문역5번출구,126.9672435278120872_37.5662304820158113,17.0,26.3,원활,126.9672435278120872_37.5662304820158113|126.9673657254923569_37.5663504889476059
2026-09-04T18:34:05.570303+09:00,덕수궁길·정동길,덕수궁길·정동길,POI064,KEY_4,1010000203,새문안로,1010031501,서대문고가차도(북측),126.9683866953238578_37.5674904209052158,1010029001,서울적십자병원,126.9674517491191921_37.5664363425452308,144.0,27.3,원활,126.9674517491191921_37.5664363425452308|126.9682746406970750_37.5672861516802570|126.9683866953238578_37.5674904209052158
2026-09-04T18:34:05.570303+09:00,덕수궁길·정동길,덕수궁길·정동길,POI064,KEY_4,1010000204,새문안로,1010032807,정동사거리,126.9691736826791697_37.5682582105465954,1010031501,서대문고가차도(북측),126.9683866953238578_37.5674904209052158,110.0,15.0,서행,126.9683866953238578_37.5674904209052158|126.9687821295761694_37.5678861768572077|126.9690183776100270_37.5681226144453078|126.9691736826791697_37.5682582105465954
2026-09-04T18:34:05.570303+09:00,덕수궁길·정동길,덕수궁길·정동길,POI064,KEY_4,1010007305,서소문로,1010060500,서소문동 42-3,126.9748814331857290_37.5634753132613639,1010021604,시청앞광장,126.9768728564433928_37.5640783561644085,191.0,19.0,서행,126.9768728564433928_37.5640783561644085|126.9766787939362445_37.5640859652900971|126.9765523317762188_37.5640754535460886|126.9763400428201123_37.5640251139761148|126.9749917778751325_37.5635158830683409|126.9748814331857290_37.5634753132613639
2026-09-04T18:34:05.570303+09:00,덕수궁길·정동길,덕수궁길·정동길,POI064,KEY_4,1010007405,서소문로,1010021603,시청앞광장,126.9768324946201261_37.5639716881909536,1010020202,중앙일보사,126.9742502538365869_37.5631241528421853,249.0,8.0,정체,126.9742502538365869_37.5631241528421853|126.9749383845103381_37.5633771573157134|126.9750493665217306_37.5634179614493959|126.9763888286545210_37.5639238670732283|126.9765790012718583_37.5639689628774178|126.9766825277856697_37.5639775680622137|126.9768324946201261_37.5639716881909536
2026-09-04T18:34:05.570303+09:00,덕수궁길·정동길,덕수궁길·정동길,POI064,KEY_4,1010008906,통일로,1010025300,서대문역,126.9671252866849898_37.5653671985533322,1010027002,서대문역사거리,126.9667788262273973_37.5657489148118202,53.0,19.0,서행,126.9667788262273973_37.5657489148118202|126.9668162462572951_37.5657244020835108|126.9669569622694496_37.5655921194699403|126.9671252866849898_37.5653671985533322
2026-09-04T18:34:05.570303+09:00,덕수궁길·정동길,덕수궁길·정동길,POI064,KEY_4,1010009006,통일로,1010027001,서대문역사거리,126.9668575711302481_37.5658373549132563,1010025800,서대문역,126.9672419766317830_37.5654225323261173,58.0,3.0,정체,126.9672419766317830_37.5654225323261173|126.9670678922722402_37.5656551508116365|126.9669120004380005_37.5658017001798896|126.9668575711302481_37.5658373549132563
2026-09-04T18:34:05.570303+09:00,덕수궁길·정동길,덕수궁길·정동길,POI064,KEY_4,1010009902,세종대로,1010021604,시청앞광장,126.9768728564433928_37.5640783561644085,1010024204,시청앞교차로,126.9770880989032236_37.5648197786229900,85.0,13.7,정체,126.9770880989032236_37.5648197786229900|126.9770591791834136_37.5646629693451288|126.9770001947957212_37.5644354373990907|126.9769219936512883_37.5642088549141349|126.9768728564433928_37.5640783561644085
2026-09-04T18:34:05.570303+09:00,덕수궁길·정동길,덕수궁길·정동길,POI064,KEY_4,1010010000,세종대로,1010024203,시청앞교차로,126.9772135411598413_37.5647555843739269,1010021601,시청앞광장,126.9770081698073909_37.5640611462049279,79.0,15.0,서행,126.9770081698073909_37.5640611462049279|126.9770525488461743_37.5641790078298783|126.9771323290460572_37.5644101639924273|126.9771929938028450_37.5646441761629077|126.9772135411598413_37.5647555843739269
2026-09-04T18:34:05.570303+09:00,덕수궁길·정동길,덕수궁길·정동길,POI064,KEY_4,1010011000,덕수궁길,1010003702,국립현대미술관(덕수궁),126.9734800713954428_37.5653099277390794,1010024205,시청앞교차로,126.9771111379704962_37.5649683842586413,350.0,14.3,정체,126.9771111379704962_37.5649683842586413|126.9769955437966189_37.5648997036250520|126.9769191129801698_37.5648841239987448|126.9762643259252286_37.5649661911538288|126.9761744747147532_37.5649770829893868|126.9759779520215517_37.5650009053778362|126.9758689949813260_37.5650050124235619|126.9752013280298399_37.5649548066137768|126.9751376722967393_37.5649475156969572|126.9743014077374426_37.5648517294047579|126.9740978380537513_37.5648406360021241|126.9740518977143893_37.5648432379020889|126.9740231183313881_37.5648571744892976|126.9736843653272729_37.5652451675209207|126.9735504744861458_37.5653043393530339|126.9734800713954428_37.5653099277390794
2026-09-04T18:34:05.570303+09:00,덕수궁길·정동길,덕수궁길·정동길,POI064,KEY_4,1010011100,소공로,1010024703,시청앞광장,126.9784672029423973_37.5649273269454653,1010024202,시청앞교차로,126.9772712943529740_37.5649019993645936,106.0,17.0,서행,126.9772712943529740_37.5649019993645936|126.9774098801302102_37.5649281244663342|126.9776269810423628_37.5649428736685351|126.9783249021099323_37.5649392241840445|126.9784672029423973_37.5649273269454653
2026-09-04T18:34:05.570303+09:00,덕수궁길·정동길,덕수궁길·정동길,POI064,KEY_4,1010011200,소공로,1010024201,시청앞교차로,126.9772516593585294_37.5650094083765893,1010024704,시청앞광장,126.9784659259494219_37.5650361481380060,108.0,5.0,정체,126.9784659259494219_37.5650361481380060|126.9783324600417700_37.5650473063687187|126.9776216401868254_37.5650510228301613|126.9773883375840597_37.5650351731031407|126.9772516593585294_37.5650094083765893
2026-09-04T18:34:05.570303+09:00,덕수궁길·정동길,덕수궁길·정동길,POI064,KEY_4,1010013800,세종대로,1010004902,강원도민일보(서울본부),126.9771979915670101_37.5670009920858590,1010024201,시청앞교차로,126.9772516593585294_37.5650094083765893,221.0,9.0,정체,126.9772516593585294_37.5650094083765893|126.9772632229602749_37.5651213527824481|126.9772704963173453_37.5652669803863901|126.9772680209366058_37.5654083777349115|126.9772559424266944_37.5656434912380419|126.9771979915670101_37.5670009920858590
2026-09-04T18:34:05.570303+09:00,덕수궁길·정동길,덕수궁길·정동길,POI064,KEY_4,1010015100,정동길,1010153400,정동 23-20,126.9696811503261245_37.5676424275946701,1010032807,정동사거리,126.9691736826791697_37.5682582105465954,84.0,17.0,서행,126.9691736826791697_37.5682582105465954|126.9693289724986869_37.5681827433020032|126.9694353904340431_37.5680832784538410|126.9695596803049256_37.5678603245802520|126.9696811503261245_37.5676424275946701
2026-09-04T18:34:05.570303+09:00,덕수궁길·정동길,덕수궁길·정동길,POI064,KEY_4,1010015200,정동길,1010053500,정동 6-1,126.9726302734250396_37.5657818964494226,1010003701,국립현대미술관(덕수궁),126.9734172515147748_37.5653215661761095,86.0,10.7,정체,126.9734172515147748_37.5653215661761095|126.9731819807769568_37.5654408147970216|126.9726302734250396_37.5657818964494226
2026-09-04T18:34:05.570303+09:00,덕수궁길·정동길,덕수궁길·정동길,POI064,KEY_4,1010017701,덕수궁길,1010003708,국립현대미술관(덕수궁),126.9733973038882908_37.5653215550209438,1010034405,덕수초교앞,126.9742636314177417_37.5692915440127635,470.0,19.0,서행,126.9742636314177417_37.5692915440127635|126.9742609154399133_37.5692318560367440|126.9741806606774475_37.5688123115606558|126.9741708329106444_37.5687509002550755|126.9741496491990489_37.5687070234402825|126.9733330667186380_37.5677499979341434|126.9732604662010260_37.5676432387449850|126.9732135563309470_37.5675636296405173|126.9732109235822293_37.5675447199477688|126.9732028295893542_37.5674865848597861|126.9732067525657442_37.5673829793437548|126.9732946020034490_37.5669917355047289|126.9734162527930152_37.5666474960378096|126.9734297415941171_37.5665457649226155|126.9734351774182528_37.5662640535461065|126.9734319058327827_37.5653823750330673|126.9734292579386477_37.5653516838069237|126.9734209124859774_37.5653359703583263|126.9733973038882908_37.5653215550209438
2026-09-04T18:34:05.570303+09:00,덕수궁길·정동길,덕수궁길·정동길,POI064,KEY_4,1010017801,덕수궁길,1010142200,정동 1-36,126.9733459274212635_37.5675328106811506,1010003703,국립현대미술관(덕수궁),126.9735218655151243_37.5652613466895460,255.0,21.0,서행,126.9735218655151243_37.5652613466895460|126.9735320491287638_37.5652675646712737|126.9735632083507113_37.5653262373116092|126.9735677185460503_37.5653785069074999|126.9735710082390199_37.5662647237383496|126.9735654610655899_37.5665522825597762|126.9735501225163148_37.5666679552866043|126.9734271477770164_37.5670159427351393|126.9733422194510410_37.5673941796546416|126.9733388862719750_37.5674822368240626|126.9733459274212635_37.5675328106811506
2026-09-04T18:34:05.570303+09:00,덕수궁길·정동길,덕수궁길·정동길,POI064,KEY_4,1010018100,세종대로,1010024205,시청앞교차로,126.9771111379704962_37.5649683842586413,1010036201,청계광장,126.9769724776174371_37.5689758850454254,445.0,17.0,서행,126.9769724776174371_37.5689758850454254|126.9770357842986499_37.5675064469025131|126.9770571241010231_37.5671045176161513|126.9770622406749681_37.5669973200828053|126.9771202099424414_37.5656394465692429|126.9771322330851717_37.5654054151655075|126.9771346338183520_37.5652683750225975|126.9771276194723697_37.5651279335943542|126.9771111379704962_37.5649683842586413
2026-09-04T18:34:05.570303+09:00,덕수궁길·정동길,덕수궁길·정동길,POI064,KEY_4,1010037700,서소문로11길,1010119100,정동 34-31,126.9727951808603876_37.5647038792147114,1010003707,국립현대미술관(덕수궁),126.9733026963352955_37.5652751287957045,97.0,7.0,정체,126.9733026963352955_37.5652751287957045|126.9731147506106339_37.5651909181462429|126.9727976869032062_37.5651133337218468|126.9727288163474412_37.5650455719333536|126.9727288478402016_37.5649591817261097|126.9727803611883274_37.5647836723506359|126.9727951808603876_37.5647038792147114
2026-09-04T18:34:05.570303+09:00,덕수궁길·정동길,덕수궁길·정동길,POI064,KEY_4,1010039000,소공로,1010024202,시청앞교차로,126.9772712943529740_37.5649019993645936,1010023104,서울프라자호텔,126.9780385528240316_37.5645364866542977,82.0,4.0,정체,126.9780385528240316_37.5645364866542977|126.9776055199770184_37.5646501981039478|126.9774312688185773_37.5647230654274864|126.9773645076050741_37.5647713550531037|126.9773054583435652_37.5648401473905977|126.9772712943529740_37.5649019993645936
2026-09-04T18:34:05.570303+09:00,덕수궁길·정동길,덕수궁길·정동길,POI064,KEY_4,1010040700,새문안로,1010028401,서대문역5번출구,126.9672435278120872_37.5662304820158113,1010025800,서대문역,126.9672419766317830_37.5654225323261173,92.0,27.0,원활,126.9672419766317830_37.5654225323261173|126.9671627047004989_37.5655962214450838|126.9671530773462109_37.5656982484603077|126.9671501998966363_37.5657656962227051|126.9671429571134951_37.5658915642520341|126.9671696483151493_37.5660384205100399|126.9672435278120872_37.5662304820158113
2026-09-04T18:34:05.570303+09:00,덕수궁길·정동길,덕수궁길·정동길,POI064,KEY_4,1010041200,통일로4길,1010026704,농협중앙회중앙본부,126.9680009751863565_37.5657474827716342,1010029002,서울적십자병원,126.9673657254923569_37.5663504889476059,87.0,22.0,서행,126.9673657254923569_37.5663504889476059|126.9674678905687699_37.5662580433505866|126.9678098962985331_37.5659327261802858|126.9680009751863565_37.5657474827716342
2026-09-04T18:34:05.570303+09:00,덕수궁길·정동길,덕수궁길·정동길,POI064,KEY_4,1010041300,통일로4길,1010029001,서울적십자병원,126.9674517491191921_37.5664363425452308,1010026701,농협중앙회중앙본부,126.9681059501351683_37.5658160932863012,90.0,13.0,정체,126.9681059501351683_37.5658160932863012|126.9679144693849793_37.5660017267912281|126.9675709803964594_37.5663284539118862|126.9674517491191921_37.5664363425452308
2026-09-04T18:34:05.570303+09:00,덕수궁길·정동길,덕수궁길·정동길,POI064,KEY_4,1120000904,충정로,1120007504,경기대입구교차로,126.9654358551941868_37.5643701192781236,1120008200,서대문역1번출구,126.9661345078370260_37.5653705612373798,128.0,19.0,서행,126.9661345078370260_37.5653705612373798|126.9658063010760287_37.5649795640658724|126.9654882556718718_37.5645480455164105|126.9654358551941868_37.5643701192781236
2026-09-04T18:34:05.570303+09:00,덕수궁길·정동길,덕수궁길·정동길,POI064,KEY_4,1120000905,충정로,1120008200,서대문역1번출구,126.9661345078370260_37.5653705612373798,1010027003,서대문역사거리,126.9665598949685972_37.5658773201177496,68.0,23.0,서행,126.9665598949685972_37.5658773201177496|126.9661345078370260_37.5653705612373798
2026-09-04T18:34:05.570303+09:00,덕수궁길·정동길,덕수궁길·정동길,POI064,KEY_4,1120001004,충정로,1120008100,서대문역8번출구,126.9663601701517166_37.5652501751878560,1120007501,경기대입구교차로,126.9655530068436775_37.5643154067983005,127.0,3.0,정체,126.9655530068436775_37.5643154067983005|126.9657225563985463_37.5644386212690051|126.9660365816878453_37.5648646850507362|126.9663601701517166_37.5652501751878560
2026-09-04T18:34:05.570303+09:00,덕수궁길·정동길,덕수궁길·정동길,POI064,KEY_4,1120001005,충정로,1010027002,서대문역사거리,126.9667788262273973_37.5657489148118202,1120008100,서대문역8번출구,126.9663601701517166_37.5652501751878560,67.0,3.0,정체,126.9663601701517166_37.5652501751878560|126.9667788262273973_37.5657489148118202
2026-09-04T18:34:05.570303+09:00,덕수궁길·정동길,덕수궁길·정동길,POI064,KEY_4,1120018600,새문안로,1010031501,서대문고가차도(북측),126.9683866953238578_37.5674904209052158,1120007501,경기대입구교차로,126.9655530068436775_37.5643154067983005,433.0,3.0,정체,126.9655530068436775_37.5643154067983005|126.9659790116012346_37.5648934048468846|126.9667666082858375_37.5658316625100710|126.9670436755838097_37.5661200652030587|126.9673713851940988_37.5664419018809852|126.9683866953238578_37.5674904209052158
2026-09-04T18:34:05.570303+09:00,덕수궁길·정동길,덕수궁길·정동길,POI064,KEY_4,1120019100,충정로,1010025300,서대문역,126.9671252866849898_37.5653671985533322,1120008100,서대문역8번출구,126.9663601701517166_37.5652501751878560,74.0,19.0,서행,126.9663601701517166_37.5652501751878560|126.9665194783773217_37.5653631197886000|126.9666434455435962_37.5653989136113822|126.9667584409983760_37.5654103886958168|126.9668764802246983_37.5654216401742502|126.9669962758516419_37.5654130917357776|126.9671252866849898_37.5653671985533322
2026-09-04T18:34:05.570303+09:00,덕수궁길·정동길,덕수궁길·정동길,POI064,KEY_4,1120019400,충정로,1120008200,서대문역1번출구,126.9661345078370260_37.5653705612373798,1120008500,서대문역,126.9660434778780029_37.5662892627082314,109.0,13.0,정체,126.9660434778780029_37.5662892627082314|126.9662204775012100_37.5660705723871402|126.9662588552284035_37.5659733199437156|126.9662708684429191_37.5658970396490446|126.9662804865533872_37.5658207577671277|126.9662829231651244_37.5657311237744906|126.9662372680301416_37.5655890326611370|126.9661345078370260_37.5653705612373798
2026-09-04T18:34:05.570303+09:00,북창동 먹자골목,북창동 먹자골목,POI114,KEY_1,1010002402,소월로,1010013802,숭례문앞교차로,126.9757600351255320_37.5605071695408910,1010011100,숭례문,126.9758644071737450_37.5590694809368770,164.0,11.0,정체,126.9758644071737450_37.5590694809368770|126.9758414948468044_37.5591969276911115|126.9758551619603253_37.5593278985156402|126.9759327469906509_37.5599943665054212|126.9759344158917429_37.5602035603088922|126.9758567349293656_37.5604019178341417|126.9757600351255320_37.5605071695408910
2026-09-04T18:34:05.570303+09:00,북창동 먹자골목,북창동 먹자골목,POI114,KEY_1,1010004903,소공로,1010016100,신세계백화점(본점),126.9816686271532404_37.5609097208093701,1010017902,한국은행앞교차로,126.9812102323787997_37.5618212267858951,109.0,17.0,서행,126.9812102323787997_37.5618212267858951|126.9814215875591117_37.5613304278622451|126.9815191090982296_37.5611692719051433|126.9815779997364160_37.5610682604307513|126.9816686271532404_37.5609097208093701
2026-09-04T18:34:05.570303+09:00,북창동 먹자골목,북창동 먹자골목,POI114,KEY_1,1010005003,소공로,1010017901,한국은행앞교차로,126.9813201261830500_37.5618994475613093,1010016901,한국은행앞,126.9816414699309064_37.5612161949658940,81.0,6.7,정체,126.9816414699309064_37.5612161949658940|126.9815474496638501_37.5613715645860893|126.9813201261830500_37.5618994475613093
2026-09-04T18:34:05.570303+09:00,북창동 먹자골목,북창동 먹자골목,POI114,KEY_1,1010005101,남대문로,1010013801,숭례문앞교차로,126.9756943412395600_37.5606249038699929,1010015000,숭례문,126.9764459331227329_37.5606350021971664,67.0,12.5,정체,126.9764459331227329_37.5606350021971664|126.9761770959942169_37.5605854916413975|126.9759176766868478_37.5605967861663927|126.9756943412395600_37.5606249038699929
2026-09-04T18:34:05.570303+09:00,북창동 먹자골목,북창동 먹자골목,POI114,KEY_1,1010005102,남대문로,1010123700,남대문로3가 110-4,126.9802395481067094_37.5615376279630198,1010017903,한국은행앞교차로,126.9811556456876929_37.5619216279188848,92.0,10.0,정체,126.9811556456876929_37.5619216279188848|126.9809804652948202_37.5618338688153770|126.9804945418923836_37.5616270684645031|126.9802395481067094_37.5615376279630198
2026-09-04T18:34:05.570303+09:00,북창동 먹자골목,북창동 먹자골목,POI114,KEY_1,1010005201,남대문로,1010014800,숭례문,126.9764883666133954_37.5605318420117769,1010013802,숭례문앞교차로,126.9757600351255320_37.5605071695408910,65.0,7.0,정체,126.9757600351255320_37.5605071695408910|126.9759033237710781_37.5604891294319145|126.9761889274862341_37.5604766950548168|126.9764883666133954_37.5605318420117769
2026-09-04T18:34:05.570303+09:00,북창동 먹자골목,북창동 먹자골목,POI114,KEY_1,1010005202,남대문로,1010105800,남대문로4가 24-1,126.9773600444245005_37.5608297698874694,1010014800,숭례문,126.9764883666133954_37.5605318420117769,84.0,9.0,정체,126.9764883666133954_37.5605318420117769|126.9773600444245005_37.5608297698874694
2026-09-04T18:34:05.570303+09:00,북창동 먹자골목,북창동 먹자골목,POI114,KEY_1,1010007100,남대문로,1010017904,한국은행앞교차로,126.9812429466621211_37.5620183676301806,1010021108,호텔이비스명동,126.9820519451972700_37.5636664770067483,197.0,5.0,정체,126.9820519451972700_37.5636664770067483|126.9819793117574847_37.5634775660291922|126.9817625196920829_37.5629137095619114|126.9816744970428033_37.5627384358941327|126.9813726104749207_37.5622249080098740|126.9812429466621211_37.5620183676301806
2026-09-04T18:34:05.570303+09:00,북창동 먹자골목,북창동 먹자골목,POI114,KEY_1,1010007200,남대문로,1010090400,남대문로2가 17-2,126.9821091872959755_37.5634459234669080,1010017901,한국은행앞교차로,126.9813201261830500_37.5618994475613093,186.0,7.0,정체,126.9813201261830500_37.5618994475613093|126.9814948864511877_37.5621778204330639|126.9817991665262582_37.5626954199811465|126.9818907371757462_37.5628777579140802|126.9821091872959755_37.5634459234669080
2026-09-04T18:34:05.570303+09:00,북창동 먹자골목,북창동 먹자골목,POI114,KEY_1,1010007500,소공로,1010017903,한국은행앞교차로,126.9811556456876929_37.5619216279188848,1010021703,소공로지하상가,126.9793735854893129_37.5639048297059688,271.0,7.5,정체,126.9793735854893129_37.5639048297059688|126.9799260872659801_37.5633234478845921|126.9804607657373765_37.5627352047527836|126.9809958432867205_37.5621465108158432|126.9811556456876929_37.5619216279188848
2026-09-04T18:34:05.570303+09:00,북창동 먹자골목,북창동 먹자골목,POI114,KEY_1,1010007600,소공로,1010125600,소공동 44-2,126.9805708038916379_37.5627985840057121,1010017904,한국은행앞교차로,126.9812429466621211_37.5620183676301806,105.0,21.0,서행,126.9812429466621211_37.5620183676301806|126.9811103260703646_37.5622049984614250|126.9805708038916379_37.5627985840057121
2026-09-04T18:34:05.570303+09:00,북창동 먹자골목,북창동 먹자골목,POI114,KEY_1,1010008401,세종대로18길,1010021203,우성빌딩,126.9777193951018148_37.5638099385310227,1010021602,시청앞광장,126.9769689889781006_37.5639574810137518,68.0,8.0,정체,126.9769689889781006_37.5639574810137518|126.9777193951018148_37.5638099385310227
2026-09-04T18:34:05.570303+09:00,북창동 먹자골목,북창동 먹자골목,POI114,KEY_1,1010008402,세종대로18길,1010073800,소공동 87-15,126.9784945856248157_37.5638009334543241,1010021202,우성빌딩,126.9778443694909242_37.5637825313256783,58.0,6.0,정체,126.9778443694909242_37.5637825313256783|126.9779245419285019_37.5637634021338656|126.9780550037610567_37.5637507097928918|126.9781651142375978_37.5637590779395225|126.9784945856248157_37.5638009334543241
2026-09-04T18:34:05.570303+09:00,북창동 먹자골목,북창동 먹자골목,POI114,KEY_1,1010009100,남대문로7길,1010021108,호텔이비스명동,126.9820519451972700_37.5636664770067483,1010021702,소공로지하상가,126.9795475428450970_37.5639009918525275,227.0,5.0,정체,126.9795475428450970_37.5639009918525275|126.9796803370022360_37.5638948862261515|126.9806310216740002_37.5639896452279629|126.9820519451972700_37.5636664770067483
2026-09-04T18:34:05.570303+09:00,북창동 먹자골목,북창동 먹자골목,POI114,KEY_1,1010009200,남대문로7길,1010021701,소공로지하상가,126.9794402894512473_37.5640142229526717,1010021109,호텔이비스명동,126.9820873216543333_37.5637708767384169,240.0,11.0,정체,126.9820873216543333_37.5637708767384169|126.9806416666700954_37.5640996703370931|126.9796757766825266_37.5640033960331934|126.9794402894512473_37.5640142229526717
2026-09-04T18:34:05.570303+09:00,북창동 먹자골목,북창동 먹자골목,POI114,KEY_1,1010009501,소공로,1010021704,소공로지하상가,126.9792789797845671_37.5640057968385435,1010023303,조선호텔,126.9788152991022230_37.5645029149171776,69.0,5.0,정체,126.9788152991022230_37.5645029149171776|126.9792789797845671_37.5640057968385435
2026-09-04T18:34:05.570303+09:00,북창동 먹자골목,북창동 먹자골목,POI114,KEY_1,1010009601,소공로,1010023302,조선호텔,126.9789243502561220_37.5645673683433330,1010021701,소공로지하상가,126.9794402894512473_37.5640142229526717,76.0,12.0,정체,126.9794402894512473_37.5640142229526717|126.9789243502561220_37.5645673683433330
2026-09-04T18:34:05.570303+09:00,북창동 먹자골목,북창동 먹자골목,POI114,KEY_1,1010026800,남대문로,1010014800,숭례문,126.9764883666133954_37.5605318420117769,1010011100,숭례문,126.9758644071737450_37.5590694809368770,185.0,6.0,정체,126.9758644071737450_37.5590694809368770|126.9758795592592975_37.5591125336731508|126.9758641531054906_37.5591939851637946|126.9759578405099205_37.5599862959824407|126.9759704486266543_37.5601312860724406|126.9760507361714588_37.5602633560949499|126.9761537145355277_37.5603739896225477|126.9763022172343057_37.5604655608040190|126.9764279735615418_37.5605091608890334|126.9764883666133954_37.5605318420117769
2026-09-04T18:34:05.570303+09:00,북창동 먹자골목,북창동 먹자골목,POI114,KEY_1,1010028800,남대문로,1010015700,숭례문,126.9758216757282128_37.5609807560682611,1010015000,숭례문,126.9764459331227329_37.5606350021971664,84.0,16.0,서행,126.9764459331227329_37.5606350021971664|126.9763771801474945_37.5606275849701134|126.9762640154305728_37.5606077628684645|126.9761188999622306_37.5606156137238472|126.9760253099623242_37.5606453934247568|126.9759279729758958_37.5606841119779062|126.9758493363337521_37.5607734919220704|126.9758081301075663_37.5608688386806833|126.9758216757282128_37.5609807560682611
2026-09-04T18:34:05.570303+09:00,북창동 먹자골목,북창동 먹자골목,POI114,KEY_1,1010037000,남대문로1길,1010023102,서울프라자호텔,126.9781270908112134_37.5644147123986087,1010021201,우성빌딩,126.9778833665384354_37.5638860982800367,62.0,5.0,정체,126.9778833665384354_37.5638860982800367|126.9781270908112134_37.5644147123986087
2026-09-04T18:34:05.570303+09:00,북창동 먹자골목,북창동 먹자골목,POI114,KEY_1,1010037100,남대문로1길,1010021204,우성빌딩,126.9777519647640105_37.5639149035560536,1010023103,서울프라자호텔,126.9779917291016176_37.5644349310718795,61.0,6.0,정체,126.9779917291016176_37.5644349310718795|126.9777519647640105_37.5639149035560536
2026-09-04T18:34:05.570303+09:00,북촌한옥마을,북촌한옥마을,POI066,KEY_2,1000012702,율곡로,1000204600,안국역,126.9857294779033765_37.5767141333904462,1000021204,안국역사거리,126.9860941353497878_37.5768818686938246,37.0,8.0,정체,126.9860941353497878_37.5768818686938246|126.9857294779033765_37.5767141333904462
2026-09-04T18:34:05.570303+09:00,북촌한옥마을,북촌한옥마을,POI066,KEY_2,1000012203,사직로,1000019703,경복궁사거리,126.9793107532419185_37.5757813746508091,1000019100,경복궁,126.9786480964121154_37.5756876675167888,59.0,12.0,정체,126.9786480964121154_37.5756876675167888|126.9791690991976765_37.5757582877498706|126.9793107532419185_37.5757813746508091
2026-09-04T18:34:05.570303+09:00,북촌한옥마을,북촌한옥마을,POI066,KEY_2,1000009102,우정국로,1000017300,안국동사거리,126.9828039229332575_37.5749851341707171,1000017904,안국동로터리,126.9829082928001753_37.5755454257557844,63.0,12.0,정체,126.9829082928001753_37.5755454257557844|126.9828499577781997_37.5754008805051001|126.9828163493672974_37.5752357359225755|126.9827996996409070_37.5750526973415191|126.9828039229332575_37.5749851341707171
2026-09-04T18:34:05.570303+09:00,북촌한옥마을,북촌한옥마을,POI066,KEY_2,1000010303,삼일대로,1000017003,속성변화점,126.9867672620100478_37.5750673701046694,1000021203,안국역사거리,126.9861392416785293_37.5767777393512361,198.0,18.0,서행,126.9861392416785293_37.5767777393512361|126.9867306429910911_37.5751700115634506|126.9867672620100478_37.5750673701046694
2026-09-04T18:34:05.570303+09:00,북촌한옥마을,북촌한옥마을,POI066,KEY_2,1000010403,삼일대로,1000021202,안국역사거리,126.9862597945630966_37.5768348176280966,1000017001,덕성여자대학교(종로캠퍼스),126.9868610139755560_37.5752003900895701,189.0,5.0,정체,126.9868610139755560_37.5752003900895701|126.9862597945630966_37.5768348176280966
2026-09-04T18:34:05.570303+09:00,북촌한옥마을,북촌한옥마을,POI066,KEY_2,1000010703,돈화문로,1000187700,와룡동 139-4,126.9901364571830698_37.5770373641859052,1000021403,창덕궁앞교차로,126.9900492095065232_37.5773787437811535,39.0,20.7,서행,126.9900492095065232_37.5773787437811535|126.9901364571830698_37.5770373641859052
2026-09-04T18:34:05.570303+09:00,북촌한옥마을,북촌한옥마을,POI066,KEY_2,1000011102,종로1길,1000018300,경복궁사거리,126.9791985772177298_37.5755559719213679,1000019703,경복궁사거리,126.9793107532419185_37.5757813746508091,27.0,10.0,정체,126.9793107532419185_37.5757813746508091|126.9791985772177298_37.5755559719213679
2026-09-04T18:34:05.570303+09:00,북촌한옥마을,북촌한옥마을,POI066,KEY_2,1000011202,종로1길,1000019702,경복궁사거리,126.9794701198467664_37.5758080047390521,1000018200,경복궁,126.9792457576218681_37.5753789068622197,52.0,2.0,정체,126.9792457576218681_37.5753789068622197|126.9793010192322811_37.5754682222458030|126.9794701198467664_37.5758080047390521
2026-09-04T18:34:05.570303+09:00,북촌한옥마을,북촌한옥마을,POI066,KEY_2,1000011501,율곡로,1000019401,경복궁,126.9801381644492011_37.5758813627365100,1000019702,경복궁사거리,126.9794701198467664_37.5758080047390521,60.0,8.0,정체,126.9794701198467664_37.5758080047390521|126.9797343426333214_37.5758559422202438|126.9799729505737531_37.5758791430045278|126.9801381644492011_37.5758813627365100
2026-09-04T18:34:05.570303+09:00,북촌한옥마을,북촌한옥마을,POI066,KEY_2,1000011502,율곡로,1000019203,주한멕시코대사관,126.9811804454430160_37.5757381628755169,1000019401,경복궁,126.9801381644492011_37.5758813627365100,94.0,10.0,정체,126.9801381644492011_37.5758813627365100|126.9801458468412108_37.5758814661415386|126.9803274747907409_37.5758700232846223|126.9811804454430160_37.5757381628755169
2026-09-04T18:34:05.570303+09:00,북촌한옥마을,북촌한옥마을,POI066,KEY_2,1000011503,율곡로,1000018100,안국동사거리,126.9820370732549009_37.5756052331219763,1000019202,주한멕시코대사관,126.9813332527749594_37.5757145141333595,63.0,6.0,정체,126.9813332527749594_37.5757145141333595|126.9820370732549009_37.5756052331219763
2026-09-04T18:34:05.570303+09:00,북촌한옥마을,북촌한옥마을,POI066,KEY_2,1000011504,율곡로,1000017904,안국동로터리,126.9829082928001753_37.5755454257557844,1000018100,안국동사거리,126.9820370732549009_37.5756052331219763,78.0,8.0,정체,126.9820370732549009_37.5756052331219763|126.9821849025842226_37.5755822792614822|126.9823949596761850_37.5755556593554090|126.9825949987016998_37.5755409919947070|126.9827732334880466_37.5755410181384661|126.9829082928001753_37.5755454257557844
2026-09-04T18:34:05.570303+09:00,북촌한옥마을,북촌한옥마을,POI066,KEY_2,1000011601,율곡로,1000019701,경복궁사거리,126.9795067975766756_37.5759255521593971,1000020300,경복궁,126.9801205068413168_37.5759892604625989,55.0,9.0,정체,126.9801205068413168_37.5759892604625989|126.9799635415281358_37.5759871517272330|126.9797109494754608_37.5759625907229378|126.9795067975766756_37.5759255521593971
2026-09-04T18:34:05.570303+09:00,북촌한옥마을,북촌한옥마을,POI066,KEY_2,1000011603,율곡로,1000020300,경복궁,126.9801205068413168_37.5759892604625989,1000017905,안국동로터리,126.9829348569925571_37.5756562270635044,252.0,10.0,정체,126.9829348569925571_37.5756562270635044|126.9829125468357773_37.5756537744281829|126.9827704373494015_37.5756491370767236|126.9826012303179823_37.5756491122595975|126.9824118889619911_37.5756629946566250|126.9822085957164859_37.5756887578650449|126.9820630846885052_37.5757113517092307|126.9813592631155075_37.5758206328940290|126.9812063475179400_37.5758442987123971|126.9803458434132892_37.5759773239770425|126.9801500700749699_37.5759896573698668|126.9801205068413168_37.5759892604625989
2026-09-04T18:34:05.570303+09:00,북촌한옥마을,북촌한옥마을,POI066,KEY_2,1000012102,사직로,1000020200,경복궁,126.9786283706113750_37.5757946408291801,1000019704,경복궁사거리,126.9793621536958312_37.5759001150550986,66.0,7.0,정체,126.9793621536958312_37.5759001150550986|126.9791440605087161_37.5758645700478056|126.9786283706113750_37.5757946408291801
2026-09-04T18:34:05.570303+09:00,북촌한옥마을,북촌한옥마을,POI066,KEY_2,1000012800,율곡로,1000099700,관훈동 113,126.9843012547585914_37.5759322813818102,1000017902,안국동로터리,126.9831650747284471_37.5755740090362238,108.0,9.0,정체,126.9831650747284471_37.5755740090362238|126.9832157778299404_37.5755801309922148|126.9834207454955077_37.5756172367829961|126.9836820397707413_37.5756980185194678|126.9842468281761967_37.5759072448986657|126.9843012547585914_37.5759322813818102
2026-09-04T18:34:05.570303+09:00,북촌한옥마을,북촌한옥마을,POI066,KEY_2,1000013501,율곡로,1000054300,계동 149-3,126.9868657861829462_37.5772407179262302,1000021504,우즈베키스탄대사관,126.9891939676239474_37.5774507625066221,209.0,8.0,정체,126.9891939676239474_37.5774507625066221|126.9886716347625111_37.5774406495643092|126.9876528972208263_37.5774209190205184|126.9874748196535421_37.5774084674404421|126.9872839495136390_37.5773710909105532|126.9870718117635420_37.5773123392589739|126.9868657861829462_37.5772407179262302
2026-09-04T18:34:05.570303+09:00,북촌한옥마을,북촌한옥마을,POI066,KEY_2,1000013502,율곡로,1000021501,우즈베키스탄대사관,126.9893297531960883_37.5774544023044541,1000021404,창덕궁앞교차로,126.9900388640569702_37.5774865487865739,63.0,14.0,정체,126.9900388640569702_37.5774865487865739|126.9897463242174780_37.5774687657961053|126.9893297531960883_37.5774544023044541
2026-09-04T18:34:05.570303+09:00,북촌한옥마을,북촌한옥마을,POI066,KEY_2,1000013601,율곡로,1000115800,운니동 99,126.9886749388672058_37.5773325621108185,1000021202,안국역사거리,126.9862597945630966_37.5768348176280966,226.0,28.0,원활,126.9862597945630966_37.5768348176280966|126.9866987114048271_37.5770526790006230|126.9869129296675823_37.5771391236163410|126.9869201616997287_37.5771416376904028|126.9871213965557644_37.5772115927930628|126.9873225852521443_37.5772673122363585|126.9874971233893604_37.5773014911490293|126.9876605021504048_37.5773129149276315|126.9886749388672058_37.5773325621108185
2026-09-04T18:34:05.570303+09:00,북촌한옥마을,북촌한옥마을,POI066,KEY_2,1000013802,율곡로3길,1000187200,안국동 177-3,126.9825779024490799_37.5773003698629964,1000017901,안국동로터리,126.9830699625115358_37.5756718813989750,188.0,10.0,정체,126.9830699625115358_37.5756718813989750|126.9830564549576764_37.5759140717657090|126.9830330914684993_37.5760255151221827|126.9826494722971120_37.5768341676311906|126.9826150056688476_37.5769949197743074|126.9825779024490799_37.5773003698629964
2026-09-04T18:34:05.570303+09:00,북촌한옥마을,북촌한옥마을,POI066,KEY_2,1000013900,북촌로,1000116500,재동 63-1,126.9851879175372176_37.5787742277141632,1000021903,재동초등학교앞교차로,126.9849709248422442_37.5791896537058818,50.0,8.5,정체,126.9849709248422442_37.5791896537058818|126.9851123444681207_37.5789593789195138|126.9851879175372176_37.5787742277141632
2026-09-04T18:34:05.570303+09:00,북촌한옥마을,북촌한옥마을,POI066,KEY_2,1000014000,북촌로,1000021902,재동초등학교앞교차로,126.9851742297151702_37.5791048269106014,1000021201,안국역사거리,126.9862116059343862_37.5769383209828334,258.0,8.0,정체,126.9862116059343862_37.5769383209828334|126.9861227104490524_37.5771049965042820|126.9858974625520034_37.5775403033717339|126.9855988771401059_37.5781173314432593|126.9855520543728602_37.5782320480744829|126.9853545228100558_37.5787159998899227|126.9853171216767009_37.5788076318220590|126.9852385949747031_37.5790000196943907|126.9851742297151702_37.5791048269106014
2026-09-04T18:34:05.570303+09:00,북촌한옥마을,북촌한옥마을,POI066,KEY_2,1000014100,창덕궁길,1000022002,북촌1경,126.9893063929122548_37.5792409569275208,1000021501,우즈베키스탄대사관,126.9893297531960883_37.5774544023044541,199.0,24.0,서행,126.9893297531960883_37.5774544023044541|126.9892548365952365_37.5786955788249983|126.9892562414735409_37.5787264244637242|126.9892665857058205_37.5789535426034647|126.9893063929122548_37.5792409569275208
2026-09-04T18:34:05.570303+09:00,북촌한옥마을,북촌한옥마을,POI066,KEY_2,1000014200,창덕궁길,1000128100,원서동 181,126.9891204798979061_37.5787303411058602,1000022003,북촌1경,126.9891713596778544_37.5792528029310802,58.0,9.0,정체,126.9891713596778544_37.5792528029310802|126.9891310055471081_37.5789614346187477|126.9891204798979061_37.5787303411058602
2026-09-04T18:34:05.570303+09:00,북촌한옥마을,북촌한옥마을,POI066,KEY_2,1000014301,삼청로,1000019704,경복궁사거리,126.9793621536958312_37.5759001150550986,1000020600,대한출판문화협회,126.9794687888132074_37.5765544121067592,73.0,3.0,정체,126.9794687888132074_37.5765544121067592|126.9794674172659654_37.5764824989996455|126.9794172673057773_37.5761249117022231|126.9793621536958312_37.5759001150550986
2026-09-04T18:34:05.570303+09:00,북촌한옥마을,북촌한옥마을,POI066,KEY_2,1000014302,삼청로,1000020600,대한출판문화협회,126.9794687888132074_37.5765544121067592,1000022703,국군서울지구병원,126.9798562503477797_37.5800221917764006,388.0,8.0,정체,126.9798562503477797_37.5800221917764006|126.9796182985417516_37.5793264763807215|126.9795665449151443_37.5791397220131316|126.9795478931843604_37.5790381290051698|126.9795326834604623_37.5788730174103378|126.9794969047037227_37.5780275498626395|126.9794687888132074_37.5765544121067592
2026-09-04T18:34:05.570303+09:00,북촌한옥마을,북촌한옥마을,POI066,KEY_2,1000014303,삼청로,1000022704,국군서울지구병원,126.9798888896173850_37.5801238754593712,1000023003,갤러리스케이프,126.9801383570053588_37.5809954150793715,99.0,23.0,서행,126.9801383570053588_37.5809954150793715|126.9801143803817212_37.5808712068437671|126.9798888896173850_37.5801238754593712
2026-09-04T18:34:05.570303+09:00,북촌한옥마을,북촌한옥마을,POI066,KEY_2,1000014401,삼청로,1000021000,대한출판문화협회,126.9796046197648423_37.5765527706146756,1000019701,경복궁사거리,126.9795067975766756_37.5759255521593971,70.0,19.0,서행,126.9795067975766756_37.5759255521593971|126.9795516592807161_37.5761085342554608|126.9796031487506696_37.5764756650611034|126.9796046197648423_37.5765527706146756
2026-09-04T18:34:05.570303+09:00,북촌한옥마을,북촌한옥마을,POI066,KEY_2,1000014402,삼청로,1000022702,국군서울지구병원,126.9799873332334244_37.5799937943622950,1000021000,대한출판문화협회,126.9796046197648423_37.5765527706146756,385.0,16.0,서행,126.9796046197648423_37.5765527706146756|126.9796327193578946_37.5780249082326065|126.9796683669145381_37.5788672429607900|126.9796830227134734_37.5790263448128528|126.9797002616005130_37.5791202376619609|126.9797502489418548_37.5793006189381842|126.9799873332334244_37.5799937943622950
2026-09-04T18:34:05.570303+09:00,북촌한옥마을,북촌한옥마을,POI066,KEY_2,1000014403,삼청로,1000023002,갤러리스케이프,126.9802726364854522_37.5809789975197504,1000022701,국군서울지구병원,126.9800209872343402_37.5800986304131186,100.0,16.0,서행,126.9800209872343402_37.5800986304131186|126.9802478003755937_37.5808503388031028|126.9802726364854522_37.5809789975197504
2026-09-04T18:34:05.570303+09:00,북촌한옥마을,북촌한옥마을,POI066,KEY_2,1000014500,창덕궁1길,1000088900,계동 140-16,126.9878476682862356_37.5794101883603631,1000022004,북촌1경,126.9891917052853216_37.5793601104971486,119.0,4.0,정체,126.9891917052853216_37.5793601104971486|126.9885772532278594_37.5793912379346011|126.9881446134938585_37.5794131530335278|126.9878476682862356_37.5794101883603631
2026-09-04T18:34:05.570303+09:00,북촌한옥마을,북촌한옥마을,POI066,KEY_2,1000014600,창덕궁1길,1000234800,계동 140-86,126.9867245271659613_37.5792908407173911,1000021902,재동초등학교앞교차로,126.9851742297151702_37.5791048269106014,140.0,17.0,서행,126.9851742297151702_37.5791048269106014|126.9852469017435794_37.5790943935501645|126.9854890351706871_37.5791147085421500|126.9857411784709598_37.5791656111606329|126.9863425963181811_37.5792870227705578|126.9867245271659613_37.5792908407173911
2026-09-04T18:34:05.570303+09:00,북촌한옥마을,북촌한옥마을,POI066,KEY_2,1000014700,북촌로5길,1000088600,재동 25-7,126.9846956415277077_37.5792531158054075,1000004602,아트선재센타,126.9822633488435173_37.5794968175353787,217.0,14.0,정체,126.9822633488435173_37.5794968175353787|126.9823491181884378_37.5794770462139454|126.9831043086073379_37.5794265902338225|126.9836111998907597_37.5794024285617070|126.9843075237738219_37.5793274055110444|126.9845584348345966_37.5792764558543553|126.9846956415277077_37.5792531158054075
2026-09-04T18:34:05.570303+09:00,북촌한옥마을,북촌한옥마을,POI066,KEY_2,1000014800,북촌로5길,1000004601,아트선재센타,126.9823007060969786_37.5796007692993683,1000021904,재동초등학교앞교차로,126.9849412214244495_37.5793218207986328,236.0,4.0,정체,126.9849412214244495_37.5793218207986328|126.9849408583969392_37.5793219631089599|126.9847240373197081_37.5793588468995097|126.9845894370426578_37.5793817437555475|126.9843335147772478_37.5794337109354046|126.9836243912640441_37.5795101126857958|126.9831140519790864_37.5795344388027459|126.9823739414034378_37.5795838870825634|126.9823007060969786_37.5796007692993683
2026-09-04T18:34:05.570303+09:00,북촌한옥마을,북촌한옥마을,POI066,KEY_2,1000015700,북촌로5길,1000042100,소격동 129-2,126.9811402027582403_37.5799080374455983,1000004604,아트선재센타,126.9821635225137584_37.5796494081435881,95.0,4.0,정체,126.9821635225137584_37.5796494081435881|126.9819590979485184_37.5797316730103290|126.9817617178907625_37.5797894351325041|126.9816972383664222_37.5798027094324709|126.9814029918968004_37.5798632849907435|126.9811402027582403_37.5799080374455983
2026-09-04T18:34:05.570303+09:00,북촌한옥마을,북촌한옥마을,POI066,KEY_2,1000015800,북촌로5길,1000110800,소격동 101-1,126.9816632165415768_37.5796980355060555,1000022702,국군서울지구병원,126.9799873332334244_37.5799937943622950,152.0,15.0,서행,126.9799873332334244_37.5799937943622950|126.9811117769615265_37.5798023119298961|126.9813717539606586_37.5797580385712706|126.9816632165415768_37.5796980355060555
2026-09-04T18:34:05.570303+09:00,북촌한옥마을,북촌한옥마을,POI066,KEY_2,1000016301,삼청로,1000023001,갤러리스케이프,126.9802926936486500_37.5811058372642535,1000023403,브라질대사관,126.9810263784892186_37.5815445739605920,82.0,12.0,정체,126.9810263784892186_37.5815445739605920|126.9809131169670025_37.5814523264612390|126.9807572607189741_37.5813324212478079|126.9805732045222584_37.5812254848848113|126.9805004045640970_37.5811831880586382|126.9802926936486500_37.5811058372642535
2026-09-04T18:34:05.570303+09:00,북촌한옥마을,북촌한옥마을,POI066,KEY_2,1000016302,삼청로,1000210000,팔판동 92-4,126.9816300289541431_37.5823353085312490,1000005403,삼청동사무소입구,126.9817700007639871_37.5838068173945885,168.0,18.0,서행,126.9817700007639871_37.5838068173945885|126.9817176007183690_37.5835777740102657|126.9817156895871761_37.5834761236459656|126.9817950795399071_37.5827568972120289|126.9817985139781484_37.5826659271347765|126.9817904338247558_37.5825963322516401|126.9817677049394717_37.5825265071541281|126.9817256020838556_37.5824414018078912|126.9816300289541431_37.5823353085312490
2026-09-04T18:34:05.570303+09:00,북촌한옥마을,북촌한옥마을,POI066,KEY_2,1000016401,삼청로,1000154400,소격동 5-2,126.9806533091713163_37.5811381602125181,1000023002,갤러리스케이프,126.9802726364854522_37.5809789975197504,38.0,14.0,정체,126.9802726364854522_37.5809789975197504|126.9805698902694644_37.5810896934890764|126.9806533091713163_37.5811381602125181
2026-09-04T18:34:05.570303+09:00,북촌한옥마을,북촌한옥마을,POI066,KEY_2,1000016402,삼청로,1000005402,삼청동사무소입구,126.9819036626585955_37.5837874507546630,1000023401,브라질대사관,126.9812038502894040_37.5815562759534103,266.0,20.0,서행,126.9812038502894040_37.5815562759534103|126.9814373883853733_37.5819115014553873|126.9815284353070695_37.5820369682808817|126.9817404422459219_37.5822723126744407|126.9818458380324842_37.5823893095989874|126.9818971476022540_37.5824930218311124|126.9819247050023563_37.5825776797982982|126.9819345601843281_37.5826625639023604|126.9819307590106661_37.5827632565478780|126.9818516381346711_37.5834800567387148|126.9818532755907228_37.5835672100760263|126.9819036626585955_37.5837874507546630
2026-09-04T18:34:05.570303+09:00,북촌한옥마을,북촌한옥마을,POI066,KEY_2,1000016500,청와대로,1000023004,갤러리스케이프,126.9801577660451670_37.5811184473203284,1000024202,퐁데자르갤러리,126.9792888757798295_37.5833973114764888,283.0,12.3,정체,126.9792888757798295_37.5833973114764888|126.9794326695444795_37.5833409548265038|126.9795985399564842_37.5832476848462562|126.9797349654737388_37.5831482053396115|126.9798535787143550_37.5830268942675616|126.9799783199628109_37.5828376834460514|126.9800830519028665_37.5826410034803118|126.9801523342807030_37.5824206537665262|126.9801756947906881_37.5821819448641676|126.9801669773254389_37.5812814489405298|126.9801611478268342_37.5811413659670990|126.9801577660451670_37.5811184473203284
2026-09-04T18:34:05.570303+09:00,북촌한옥마을,북촌한옥마을,POI066,KEY_2,1000016600,청와대로,1000024201,퐁데자르갤러리,126.9793488993760917_37.5834943060582702,1000023001,갤러리스케이프,126.9802926936486500_37.5811058372642535,298.0,23.0,서행,126.9802926936486500_37.5811058372642535|126.9802967397338023_37.5811332572089398|126.9803028147339035_37.5812792426264579|126.9803115922597812_37.5821857328606441|126.9802868960512399_37.5824380961232620|126.9802122748901070_37.5826754278464534|126.9801012249592418_37.5828839711424081|126.9799682487228267_37.5830856738696752|126.9798351717180509_37.5832217786991762|126.9796839720406183_37.5833320316592037|126.9795023111846888_37.5834341801086822|126.9793488993760917_37.5834943060582702
2026-09-04T18:34:05.570303+09:00,북촌한옥마을,북촌한옥마을,POI066,KEY_2,1000017300,청와대로,1000024203,퐁데자르갤러리,126.9791795136897292_37.5834335611764701,1000005202,효자동삼거리,126.9737472613430214_37.5835385999729326,486.0,29.0,원활,126.9737472613430214_37.5835385999729326|126.9739495073895483_37.5835089975692114|126.9741309391237110_37.5835057794776830|126.9743076583270351_37.5835171156289292|126.9752337920588730_37.5836985645955508|126.9754323254462349_37.5837264891222063|126.9757360888294073_37.5837476748394224|126.9763499836077330_37.5837643209452068|126.9766286175151322_37.5837433697827379|126.9789929139192566_37.5834750307908365|126.9791275283093626_37.5834477041164519|126.9791795136897292_37.5834335611764701
2026-09-04T18:34:05.570303+09:00,북촌한옥마을,북촌한옥마을,POI066,KEY_2,1000017400,청와대로,1000005201,효자동삼거리,126.9737718367323538_37.5836449359611962,1000024204,퐁데자르갤러리,126.9792234607305943_37.5835358668880062,488.0,17.5,서행,126.9792234607305943_37.5835358668880062|126.9791663527855263_37.5835514035953580|126.9790193732068246_37.5835812400857776|126.9766446063162135_37.5838507686442966|126.9763540772180477_37.5838726139501844|126.9757278388116646_37.5838556337628376|126.9754145390009228_37.5838337820068062|126.9752057008707880_37.5838044082914848|126.9742858206583094_37.5836241849198771|126.9741269844044211_37.5836139960176467|126.9739633976216311_37.5836168972867881|126.9737718367323538_37.5836449359611962
2026-09-04T18:34:05.570303+09:00,북촌한옥마을,북촌한옥마을,POI066,KEY_2,1000017600,삼청로7길,1000168300,삼청동 150-1,126.9807888773657254_37.5839280973940575,1000005404,삼청동사무소입구,126.9818004132621212_37.5839157131028259,89.0,22.0,서행,126.9818004132621212_37.5839157131028259|126.9815008960389804_37.5839085489495019|126.9807888773657254_37.5839280973940575
2026-09-04T18:34:05.570303+09:00,북촌한옥마을,북촌한옥마을,POI066,KEY_2,1000018301,북촌로,1000101500,가회동 1-168,126.9850236706118665_37.5827874950713436,1000024103,대한불교조계종안국선,126.9850355329563598_37.5832623916933670,53.0,15.0,서행,126.9850355329563598_37.5832623916933670|126.9850236706118665_37.5827874950713436
2026-09-04T18:34:05.570303+09:00,북촌한옥마을,북촌한옥마을,POI066,KEY_2,1000018302,북촌로,1000239600,가회동 1-250,126.9850538870515777_37.5840703753649237,1000025802,베트남대사관관저,126.9852744170840566_37.5863360502147970,264.0,23.0,서행,126.9852744170840566_37.5863360502147970|126.9854225406475905_37.5862215467540466|126.9854612721195082_37.5861804635502068|126.9854692166722714_37.5861615070491197|126.9854835391995778_37.5861273320341027|126.9854883320269181_37.5860386460853348|126.9854767822601076_37.5859465875107048|126.9854501121792936_37.5858656209973319|126.9851025691619526_37.5850827975937278|126.9850792320325041_37.5849836619781286|126.9850735481085025_37.5849004986931448|126.9850538870515777_37.5840703753649237
2026-09-04T18:34:05.570303+09:00,북촌한옥마을,북촌한옥마을,POI066,KEY_2,1000018303,북촌로,1000134600,삼청동 27-1,126.9830345595555485_37.5873874210896801,1000005802,삼청공원입구교차로,126.9817629372389973_37.5869393565507082,123.0,22.7,서행,126.9817629372389973_37.5869393565507082|126.9818503285177655_37.5869529767061579|126.9824132446797762_37.5871443261108524|126.9824860389382621_37.5871690704477928|126.9830345595555485_37.5873874210896801
2026-09-04T18:34:05.570303+09:00,북촌한옥마을,북촌한옥마을,POI066,KEY_2,1000018401,북촌로,1000109700,가회동 1-168,126.9850883294862882_37.5801433623240229,1000021901,재동초등학교앞교차로,126.9850860098677572_37.5792604403861148,98.0,20.0,서행,126.9850860098677572_37.5792604403861148|126.9850636853442580_37.5794280545368409|126.9850708428209742_37.5796350854461281|126.9850879859902477_37.5801309490906519|126.9850883294862882_37.5801433623240229
2026-09-04T18:34:05.570303+09:00,북촌한옥마을,북촌한옥마을,POI066,KEY_2,1000018402,북촌로,1000161100,계동 1-30,126.9855981013200932_37.5861957133021960,1000024101,대한불교조계종안국선,126.9851737974609733_37.5833683543644028,320.0,23.7,서행,126.9851737974609733_37.5833683543644028|126.9851772814684807_37.5835430555352872|126.9851897231882134_37.5840683377949034|126.9852093402149507_37.5848965424064545|126.9852144101615039_37.5849707163997167|126.9852341727705749_37.5850546680059026|126.9855801009655494_37.5858338499159856|126.9856109125878874_37.5859273911633238|126.9856244871780433_37.5860355822506662|126.9856184571485755_37.5861471406611187|126.9855981013200932_37.5861957133021960
2026-09-04T18:34:05.570303+09:00,북촌한옥마을,북촌한옥마을,POI066,KEY_2,1000018403,북촌로,1000045600,삼청동 25-25,126.9842930162338774_37.5868744097116547,1000025804,베트남대사관관저,126.9852588547533827_37.5864775547501324,97.0,22.5,서행,126.9852588547533827_37.5864775547501324|126.9843974414412884_37.5868629172304054|126.9842930162338774_37.5868744097116547
2026-09-04T18:34:05.570303+09:00,북촌한옥마을,북촌한옥마을,POI066,KEY_2,1000018700,삼청로,1000158100,삼청동 120-5,126.9816271173177711_37.5864194371847447,1000005803,삼청공원입구교차로,126.9816270732179078_37.5869388418446206,58.0,21.0,서행,126.9816270732179078_37.5869388418446206|126.9816286782915142_37.5866705766686380|126.9816271173177711_37.5864194371847447
2026-09-04T18:34:05.570303+09:00,북촌한옥마을,북촌한옥마을,POI066,KEY_2,1000018800,삼청로,1000005802,삼청공원입구교차로,126.9817629372389973_37.5869393565507082,1000005401,삼청동사무소입구,126.9819308867779455_37.5838855711679614,348.0,14.0,정체,126.9819308867779455_37.5838855711679614|126.9821032911359282_37.5843581996051483|126.9821729182241796_37.5845113952027390|126.9821895399777247_37.5845908572014835|126.9821835477451515_37.5846748234545416|126.9821529910542779_37.5848519477845642|126.9821273693467703_37.5852755277952255|126.9819245194376265_37.5857127755461562|126.9818086437971232_37.5859625457474067|126.9817611243974085_37.5861204257165156|126.9817629803821291_37.5864189022851320|126.9817645452935722_37.5866705671027574|126.9817629372389973_37.5869393565507082
2026-09-04T18:34:05.570303+09:00,북촌한옥마을,북촌한옥마을,POI066,KEY_2,1000020201,삼청로,1000258100,최소노드배치점,126.9826565286748661_37.5890646971555782,1000005801,삼청공원입구교차로,126.9817557087605167_37.5870484034326111,255.0,29.0,원활,126.9817557087605167_37.5870484034326111|126.9817486263342943_37.5871116673024233|126.9817780622410908_37.5873043071317454|126.9817822119406543_37.5873314642714718|126.9817861708161217_37.5874217371478281|126.9817381732127757_37.5876087102233924|126.9817315742594985_37.5876344161523406|126.9817121707744008_37.5879099808601893|126.9817190400840161_37.5881040043848458|126.9817304105136913_37.5881432497804369|126.9819098649019509_37.5883314502219932|126.9820182409422387_37.5884451075822241|126.9824555696576454_37.5887717597721505|126.9825600561912040_37.5888872870032174|126.9826486782866226_37.5890360674416470|126.9826565286748661_37.5890646971555782
2026-09-04T18:34:05.570303+09:00,북촌한옥마을,북촌한옥마을,POI066,KEY_2,1000031700,인사동길,1000200000,관훈동 177-1,126.9846248795644641_37.5741354335962896,1000017903,안국동로터리,126.9830393503038977_37.5755166265144283,209.0,13.0,정체,126.9830393503038977_37.5755166265144283|126.9832578502403493_37.5753718765763765|126.9833833057397072_37.5752802649537472|126.9833874257963799_37.5752759258947009|126.9838138538233210_37.5748268274858290|126.9839983126868219_37.5746325599944413|126.9840028137515446_37.5746278195686330|126.9841931260739045_37.5744516475788828|126.9843256891268339_37.5743491032214507|126.9843944674535408_37.5742999847176264|126.9846248795644641_37.5741354335962896
2026-09-04T18:34:05.570303+09:00,북촌한옥마을,북촌한옥마을,POI066,KEY_2,1000032800,율곡로2길,1000003001,서울지방국세청,126.9793545831470993_37.5744165416395930,1000019203,주한멕시코대사관,126.9811804454430160_37.5757381628755169,219.0,14.0,정체,126.9811804454430160_37.5757381628755169|126.9810303591040253_37.5755969856150003|126.9807533749140589_37.5754004466844975|126.9799767752529789_37.5748493879335896|126.9794405580789487_37.5744488693975143|126.9793869466254961_37.5744244737253723|126.9793545831470993_37.5744165416395930
2026-09-04T18:34:05.570303+09:00,북촌한옥마을,북촌한옥마을,POI066,KEY_2,1000033900,우정국로,1000017300,안국동사거리,126.9828039229332575_37.5749851341707171,1000018100,안국동사거리,126.9820370732549009_37.5756052331219763,102.0,10.0,정체,126.9820370732549009_37.5756052331219763|126.9822935365986751_37.5755095925525495|126.9827428871539610_37.5751967734075052|126.9827905797247212_37.5750539177611387|126.9828039229332575_37.5749851341707171
2026-09-04T18:34:05.570303+09:00,북촌한옥마을,북촌한옥마을,POI066,KEY_2,1000034900,율곡로,1000019401,경복궁,126.9801381644492011_37.5758813627365100,1000018200,경복궁,126.9792457576218681_37.5753789068622197,101.0,7.0,정체,126.9792457576218681_37.5753789068622197|126.9793355830232144_37.5754952608411301|126.9794316395642397_37.5755988334256017|126.9795071017629624_37.5756589212616419|126.9796274882100420_37.5757347490756146|126.9797877149027556_37.5758145479697703|126.9801381644492011_37.5758813627365100
2026-09-04T18:34:05.570303+09:00,북촌한옥마을,북촌한옥마을,POI066,KEY_2,1000035200,사직로,1000020200,경복궁,126.9786283706113750_37.5757946408291801,1000020600,대한출판문화협회,126.9794687888132074_37.5765544121067592,118.0,15.0,서행,126.9794687888132074_37.5765544121067592|126.9794368084534142_37.5764098329770562|126.9791960602808700_37.5761637733622180|126.9789750836954596_37.5759177176703147|126.9788694300669647_37.5758537146814078|126.9786283706113750_37.5757946408291801
2026-09-04T18:34:05.570303+09:00,북촌한옥마을,북촌한옥마을,POI066,KEY_2,1000035300,삼청로,1000021000,대한출판문화협회,126.9796046197648423_37.5765527706146756,1000020300,경복궁,126.9801205068413168_37.5759892604625989,93.0,18.3,서행,126.9801205068413168_37.5759892604625989|126.9797298312382878_37.5760780464987292|126.9796597331679635_37.5761137931100748|126.9796040049640879_37.5761795786155588|126.9796046197648423_37.5765527706146756
2026-09-04T18:34:05.570303+09:00,북촌한옥마을,북촌한옥마을,POI066,KEY_2,1000038000,북촌로5가길,1000023401,브라질대사관,126.9812038502894040_37.5815562759534103,1000004601,아트선재센타,126.9823007060969786_37.5796007692993683,250.0,5.0,정체,126.9823007060969786_37.5796007692993683|126.9822972536010894_37.5796292911074730|126.9823917024047972_37.5799273089699213|126.9823779765214056_37.5799764228013515|126.9821552192083942_37.5802224687814075|126.9819546456237020_37.5805311963954978|126.9817179917203873_37.5808954559517758|126.9816141551167590_37.5811617086964844|126.9815165107633987_37.5813307541008967|126.9814068792123862_37.5814306552793056|126.9812038502894040_37.5815562759534103
2026-09-04T18:34:05.570303+09:00,북촌한옥마을,북촌한옥마을,POI066,KEY_2,1000039100,창덕궁길,1000145700,가회동 11-149,126.9864376946197240_37.5830959611666202,1000024102,대한불교조계종안국선,126.9851713647794469_37.5832602427580653,114.0,13.0,정체,126.9851713647794469_37.5832602427580653|126.9854761281609683_37.5832527016222571|126.9857016172705642_37.5831925220697443|126.9860258673503353_37.5831672393821279|126.9864376946197240_37.5830959611666202
2026-09-04T18:34:05.570303+09:00,북촌한옥마을,북촌한옥마을,POI066,KEY_2,1000039200,창덕궁길,1000134400,원서동 2-2,126.9892407733604642_37.5829070876196951,1000022001,북촌1경,126.9893249216224547_37.5793389188440585,401.0,18.0,서행,126.9893249216224547_37.5793389188440585|126.9893432024728526_37.5794117077019152|126.9893374585478654_37.5795962855689609|126.9893189924063250_37.5801896786208189|126.9893532350689895_37.5809623190334960|126.9893738580933729_37.5812665958495344|126.9893978694693288_37.5816208620396139|126.9894570663397531_37.5819414687995632|126.9895023987834435_37.5821303841621628|126.9895105285284274_37.5822120284156327|126.9895040052748669_37.5823078791324363|126.9894734073156428_37.5824257182516135|126.9893881157924085_37.5826046082802492|126.9892904879125695_37.5827681919472880|126.9892407733604642_37.5829070876196951
2026-09-04T18:34:05.570303+09:00,북촌한옥마을,북촌한옥마을,POI066,KEY_2,1000040700,와룡공원길,1000253800,최소노드배치점,126.9879881469794896_37.5883603016045313,1000025801,베트남대사관관저,126.9853690834960531_37.5864136030075144,467.0,28.0,원활,126.9853690834960531_37.5864136030075144|126.9855026525219017_37.5865908087390252|126.9859522355681491_37.5872277127589811|126.9860686694551930_37.5875235765388354|126.9860870308064307_37.5876322375257814|126.9860653624489117_37.5879779828046452|126.9860758863282655_37.5880517816519557|126.9861332312026292_37.5881869210807054|126.9863613163946638_37.5886900646209909|126.9864770212350606_37.5888628765896513|126.9865535356519501_37.5889386984454390|126.9866484545570557_37.5889842543916757|126.9866865161106091_37.5889835018571148|126.9867575122499943_37.5889574360212890|126.9868568724144637_37.5888844721387372|126.9869692787548416_37.5886969862523941|126.9870663574523775_37.5886339824111033|126.9871830885473685_37.5886283080789241|126.9873689381485065_37.5886490608527382|126.9874389693339509_37.5886348840000935|126.9875587466999463_37.5885508782276005|126.9877150208619838_37.5883939939446208|126.9878346435790348_37.5883445823847993|126.9879479296750588_37.5883404016875460|126.9879881469794896_37.5883603016045313
2026-09-04T18:34:05.570303+09:00,서촌,서촌,POI067,KEY_3,1000011700,사직로,1000019303,정부서울청사사거리,126.9742603998069796_37.5757097304571062,1000019802,경복궁역사거리,126.9727094012703503_37.5758424186585529,138.0,18.0,서행,126.9727094012703503_37.5758424186585529|126.9729390930378230_37.5758227698022793|126.9733793101036952_37.5757851103966303|126.9742603998069796_37.5757097304571062
2026-09-04T18:34:05.570303+09:00,서촌,서촌,POI067,KEY_3,1000011800,사직로,1000242400,적선동 8-1,126.9733938280741512_37.5758926104395314,1000019304,정부서울청사사거리,126.9742589191568953_37.5758185992423250,77.0,21.0,서행,126.9742589191568953_37.5758185992423250|126.9733938280741512_37.5758926104395314
2026-09-04T18:34:05.570303+09:00,서촌,서촌,POI067,KEY_3,1000012501,사직로,1000020100,사직공원앞,126.9689331702207369_37.5757871464128712,1000020500,국제로타리3650지구,126.9699690365431621_37.5761370516852082,102.0,37.5,원활,126.9699690365431621_37.5761370516852082|126.9697496373347576_37.5761106821251332|126.9695368224083012_37.5760811684848406|126.9693318547466276_37.5760246401807407|126.9691683291127902_37.5759547479891722|126.9690171874282498_37.5758597156690257|126.9689331702207369_37.5757871464128712
2026-09-04T18:34:05.570303+09:00,서촌,서촌,POI067,KEY_3,1000012502,사직로,1000224600,내자동 35,126.9704050096786716_37.5761139325286422,1000019804,경복궁역사거리,126.9725583211622109_37.5759627912727225,191.0,41.0,원활,126.9725583211622109_37.5759627912727225|126.9704050096786716_37.5761139325286422
2026-09-04T18:34:05.570303+09:00,서촌,서촌,POI067,KEY_3,1000012602,사직로,1000224700,필운동 207-1,126.9703930773551974_37.5760062306696909,1000017801,사직공원앞교차로,126.9688995501142443_37.5755985551712186,147.0,20.0,서행,126.9688995501142443_37.5755985551712186|126.9690330692439915_37.5757138803615405|126.9691098168270997_37.5757801695158165|126.9692431458560407_37.5758640022225663|126.9693865754453270_37.5759253044264554|126.9695709408504030_37.5759761519635802|126.9697714418005745_37.5760039577088207|126.9699893215724700_37.5760301448416101|126.9702616329099527_37.5760154554650541|126.9703930773551974_37.5760062306696909
2026-09-04T18:34:05.570303+09:00,서촌,서촌,POI067,KEY_3,1000013100,사직로9길,1000172800,필운동 32-11,126.9676297869552286_37.5773403479924113,1000020804,사직공원,126.9690520892445704_37.5763687926038799,173.0,18.0,서행,126.9690520892445704_37.5763687926038799|126.9685560332300014_37.5765553062680198|126.9685048115022425_37.5765745651147824|126.9682524535478905_37.5766800895520205|126.9680839636594669_37.5767608552037373|126.9679796347772225_37.5768316045617183|126.9678939615713773_37.5769192101987102|126.9678540001803810_37.5769712588458873|126.9676631837378835_37.5772197909861916|126.9676406476160224_37.5772593636872401|126.9676297869552286_37.5773403479924113
2026-09-04T18:34:05.570303+09:00,서촌,서촌,POI067,KEY_3,1000013200,사직로9길,1000172900,필운동 32-11,126.9674947067161952_37.5773288730763042,1000021702,매동초등학교,126.9665695812889794_37.5780507264933661,147.0,8.0,정체,126.9665695812889794_37.5780507264933661|126.9669007139286805_37.5779062931324006|126.9675646417328352_37.5778158734480030|126.9675272780639261_37.5776768649993116|126.9674879332635697_37.5773793801130367|126.9674947067161952_37.5773288730763042
2026-09-04T18:34:05.570303+09:00,서촌,서촌,POI067,KEY_3,1000015101,효자로,1000219200,통의동 7-2,126.9738823732247113_37.5782737331220034,1000022103,한글전각갤러리,126.9737664393316123_37.5793405707998147,119.0,15.0,서행,126.9737664393316123_37.5793405707998147|126.9738823732247113_37.5782737331220034
2026-09-04T18:34:05.570303+09:00,서촌,서촌,POI067,KEY_3,1000015102,효자로,1000041400,창성동 16,126.9736432808576581_37.5805908651879150,1000023603,창성동 75-1,126.9736167411290211_37.5817495935669825,129.0,12.0,정체,126.9736167411290211_37.5817495935669825|126.9736341888375790_37.5807097019062013|126.9736432808576581_37.5805908651879150
2026-09-04T18:34:05.570303+09:00,서촌,서촌,POI067,KEY_3,1000015103,효자로,1000023604,세종로 1-82,126.9736148980526167_37.5818577441157089,1000005203,효자동삼거리,126.9736127255228695_37.5835625507457465,189.0,12.0,정체,126.9736127255228695_37.5835625507457465|126.9735913171579114_37.5832181223740136|126.9736148980526167_37.5818577441157089
2026-09-04T18:34:05.570303+09:00,서촌,서촌,POI067,KEY_3,1000015201,효자로,1000022102,한글전각갤러리,126.9739017858953645_37.5793498869892204,1000019301,정부서울청사사거리,126.9743957935852450_37.5758074664167268,396.0,18.0,서행,126.9743957935852450_37.5758074664167268|126.9743764184428017_37.5760755345660726|126.9743092662572082_37.5764778948295017|126.9741719066146146_37.5773009081164844|126.9741268698984413_37.5775378120208856|126.9740611119599407_37.5778837117652031|126.9740177174622744_37.5782830491677231|126.9739017858953645_37.5793498869892204
2026-09-04T18:34:05.570303+09:00,서촌,서촌,POI067,KEY_3,1000015202,효자로,1000023602,세종로 1-39,126.9737525850962072_37.5817510371078143,1000022101,한글전각갤러리,126.9738905991571443_37.5794569415239579,255.0,26.0,원활,126.9738905991571443_37.5794569415239579|126.9738519824120146_37.5798414672260890|126.9737879055856666_37.5804795024973970|126.9737788834196408_37.5805974360917929|126.9737699881223705_37.5807137109477551|126.9737525850962072_37.5817510371078143
2026-09-04T18:34:05.570303+09:00,서촌,서촌,POI067,KEY_3,1000015203,효자로,1000005202,효자동삼거리,126.9737472613430214_37.5835385999729326,1000023601,세종로 1-39,126.9737507411007016_37.5818592353335603,186.0,7.0,정체,126.9737507411007016_37.5818592353335603|126.9737272227124265_37.5832161948422154|126.9737472613430214_37.5835385999729326
2026-09-04T18:34:05.570303+09:00,서촌,서촌,POI067,KEY_3,1000018001,자하문로,1000024502,청운효자동주민센터,126.9703592344808527_37.5842595801432040,1000024401,신교동교차로,126.9704231472952358_37.5839137166392874,39.0,15.0,서행,126.9704231472952358_37.5839137166392874|126.9703592344808527_37.5842595801432040
2026-09-04T18:34:05.570303+09:00,서촌,서촌,POI067,KEY_3,1000015301,자하문로,1000076000,통의동 73-1,126.9718349935423021_37.5780828518930079,1000022503,리안갤러리,126.9713323775752372_37.5794446079368853,158.0,27.0,원활,126.9713323775752372_37.5794446079368853|126.9713955110976968_37.5791270137985762|126.9714746554084002_37.5788753862231246|126.9715598075865159_37.5786553696062313|126.9715915417818906_37.5785893478648205|126.9718349935423021_37.5780828518930079
2026-09-04T18:34:05.570303+09:00,서촌,서촌,POI067,KEY_3,1000015302,자하문로,1000053200,창성동 163,126.9710140964178322_37.5808424098074312,1000023203,효자동사무소앞교차로,126.9708450370815314_37.5814524532384127,69.0,24.0,서행,126.9708450370815314_37.5814524532384127|126.9710140964178322_37.5808424098074312
2026-09-04T18:34:05.570303+09:00,서촌,서촌,POI067,KEY_3,1000015303,자하문로,1000204500,효자동 4-2,126.9702899471897268_37.5833214295289793,1000024403,신교동교차로,126.9702998364025035_37.5837863498341065,52.0,28.5,원활,126.9702998364025035_37.5837863498341065|126.9703050502139376_37.5836834288735204|126.9702899471897268_37.5833214295289793
2026-09-04T18:34:05.570303+09:00,서촌,서촌,POI067,KEY_3,1000015401,자하문로,1000140900,통의동 139,126.9725715057905830_37.5765777524989346,1000019801,경복궁역사거리,126.9726968257656665_37.5759522364072183,70.0,20.0,서행,126.9726968257656665_37.5759522364072183|126.9726385507227491_37.5763288934255186|126.9725895796281208_37.5765259070172135|126.9725715057905830_37.5765777524989346
2026-09-04T18:34:05.570303+09:00,서촌,서촌,POI067,KEY_3,1000015402,자하문로,1000172000,창성동 163,126.9714182708217436_37.5796955468538201,1000022501,리안갤러리,126.9714473753110866_37.5795557790706951,16.0,7.0,정체,126.9714473753110866_37.5795557790706951|126.9714182708217436_37.5796955468538201
2026-09-04T18:34:05.570303+09:00,서촌,서촌,POI067,KEY_3,1000015403,자하문로,1000024402,신교동교차로,126.9704348699706884_37.5838048349006826,1000023201,효자동사무소앞교차로,126.9709509591519208_37.5815723472420373,254.0,7.0,정체,126.9709509591519208_37.5815723472420373|126.9707841597674474_37.5821754431325132|126.9706783778710388_37.5824973418818544|126.9706403038144913_37.5825914055628658|126.9704838660099995_37.5829778896126427|126.9704374478816078_37.5831438761179228|126.9704356331519790_37.5831585594092914|126.9704232618846902_37.5832586573173870|126.9704257312769897_37.5833178415591007|126.9704410010707107_37.5836838125807873|126.9704348699706884_37.5838048349006826
2026-09-04T18:34:05.570303+09:00,서촌,서촌,POI067,KEY_3,1000017101,효자로,1000179100,궁정동 15,126.9716215222717182_37.5837476489689593,1000024402,신교동교차로,126.9704348699706884_37.5838048349006826,105.0,12.0,정체,126.9704348699706884_37.5838048349006826|126.9716215222717182_37.5837476489689593
2026-09-04T18:34:05.570303+09:00,서촌,서촌,POI067,KEY_3,1000017102,효자로,1000005203,효자동삼거리,126.9736127255228695_37.5835625507457465,1000024302,효자동 136-1,126.9727651070645038_37.5836899468878016,76.0,6.0,정체,126.9727651070645038_37.5836899468878016|126.9730868519890805_37.5836617458525453|126.9732850493551410_37.5836358134354498|126.9736127255228695_37.5835625507457465
2026-09-04T18:34:05.570303+09:00,서촌,서촌,POI067,KEY_3,1000017201,효자로,1000024401,신교동교차로,126.9704231472952358_37.5839137166392874,1000024304,효자동 136-1,126.9726445962887738_37.5838066534172555,197.0,13.0,정체,126.9726445962887738_37.5838066534172555|126.9725182675997104_37.5838127429855859|126.9716297350931740_37.5838555701006740|126.9704231472952358_37.5839137166392874
2026-09-04T18:34:05.570303+09:00,서촌,서촌,POI067,KEY_3,1000017202,효자로,1000024301,효자동 136-1,126.9727799801869850_37.5837974155542724,1000005204,효자동삼거리,126.9736494719598028_37.5836666397267720,78.0,9.0,정체,126.9736494719598028_37.5836666397267720|126.9733145338289120_37.5837415255394376|126.9731053220007908_37.5837688997887582|126.9727799801869850_37.5837974155542724
2026-09-04T18:34:05.570303+09:00,서촌,서촌,POI067,KEY_3,1000017300,청와대로,1000024203,퐁데자르갤러리,126.9791795136897292_37.5834335611764701,1000005202,효자동삼거리,126.9737472613430214_37.5835385999729326,486.0,29.0,원활,126.9737472613430214_37.5835385999729326|126.9739495073895483_37.5835089975692114|126.9741309391237110_37.5835057794776830|126.9743076583270351_37.5835171156289292|126.9752337920588730_37.5836985645955508|126.9754323254462349_37.5837264891222063|126.9757360888294073_37.5837476748394224|126.9763499836077330_37.5837643209452068|126.9766286175151322_37.5837433697827379|126.9789929139192566_37.5834750307908365|126.9791275283093626_37.5834477041164519|126.9791795136897292_37.5834335611764701
2026-09-04T18:34:05.570303+09:00,서촌,서촌,POI067,KEY_3,1000017400,청와대로,1000005201,효자동삼거리,126.9737718367323538_37.5836449359611962,1000024204,퐁데자르갤러리,126.9792234607305943_37.5835358668880062,488.0,17.5,서행,126.9792234607305943_37.5835358668880062|126.9791663527855263_37.5835514035953580|126.9790193732068246_37.5835812400857776|126.9766446063162135_37.5838507686442966|126.9763540772180477_37.5838726139501844|126.9757278388116646_37.5838556337628376|126.9754145390009228_37.5838337820068062|126.9752057008707880_37.5838044082914848|126.9742858206583094_37.5836241849198771|126.9741269844044211_37.5836139960176467|126.9739633976216311_37.5836168972867881|126.9737718367323538_37.5836449359611962
2026-09-04T18:34:05.570303+09:00,서촌,서촌,POI067,KEY_3,1000017902,자하문로,1000024404,신교동교차로,126.9702887008230903_37.5838981643713623,1000005503,청운초등학교앞교차로,126.9701124524852531_37.5850192577998712,125.0,23.0,서행,126.9701124524852531_37.5850192577998712|126.9702068507207429_37.5843551986274846|126.9702248195549572_37.5842438489710702|126.9702887008230903_37.5838981643713623
2026-09-04T18:34:05.570303+09:00,서촌,서촌,POI067,KEY_3,1000018101,창의문로,1000024602,로마교황청대사관,126.9728457675683160_37.5845703909657871,1000024301,효자동 136-1,126.9727799801869850_37.5837974155542724,86.0,29.0,원활,126.9727799801869850_37.5837974155542724|126.9728572081485680_37.5843908508877078|126.9728457675683160_37.5845703909657871
2026-09-04T18:34:05.570303+09:00,서촌,서촌,POI067,KEY_3,1000018201,창의문로,1000024304,효자동 136-1,126.9726445962887738_37.5838066534172555,1000024603,로마교황청대사관,126.9727100809917175_37.5845649151704748,85.0,11.0,정체,126.9727100809917175_37.5845649151704748|126.9727209921497462_37.5843936990613798|126.9726445962887738_37.5838066534172555
2026-09-04T18:34:05.570303+09:00,서촌,서촌,POI067,KEY_3,1000034400,새문안로3길,1000018004,서울특별시경찰청,126.9726181216856418_37.5753302820372284,1000019803,경복궁역사거리,126.9725722748504069_37.5758532725264089,58.0,7.0,정체,126.9725722748504069_37.5758532725264089|126.9726181216856418_37.5753302820372284
2026-09-04T18:34:05.570303+09:00,서촌,서촌,POI067,KEY_3,1000034500,새문안로3길,1000019802,경복궁역사거리,126.9727094012703503_37.5758424186585529,1000018001,서울특별시경찰청,126.9727536370288590_37.5753378072978137,56.0,15.0,서행,126.9727536370288590_37.5753378072978137|126.9727094012703503_37.5758424186585529
2026-09-04T18:34:05.570303+09:00,서촌,서촌,POI067,KEY_3,1000035400,사직로,1000020100,사직공원앞,126.9689331702207369_37.5757871464128712,1000020803,사직공원,126.9690172718299976_37.5762610183806203,55.0,16.3,서행,126.9690172718299976_37.5762610183806203|126.9690176590465711_37.5762534996242081|126.9690431103298778_37.5760029129733368|126.9690094967434533_37.5758696498175411|126.9689331702207369_37.5757871464128712
2026-09-04T18:34:05.570303+09:00,서촌,서촌,POI067,KEY_3,1000035500,사직로,1000020801,사직공원,126.9691784887291703_37.5763212667803046,1000020500,국제로타리3650지구,126.9699690365431621_37.5761370516852082,78.0,15.0,서행,126.9699690365431621_37.5761370516852082|126.9697686833340384_37.5761518351769652|126.9695718138024176_37.5761510649457975|126.9693875998096928_37.5761855767635140|126.9692863070662412_37.5761999828963127|126.9692525167726984_37.5762788253313573|126.9691826010248263_37.5763148742371911|126.9691784887291703_37.5763212667803046
2026-09-04T18:34:05.570303+09:00,서촌,서촌,POI067,KEY_3,1000035900,필운대로,1000224400,필운동 90-7,126.9695040668394768_37.5777922111372149,1000020801,사직공원,126.9691784887291703_37.5763212667803046,166.0,14.0,정체,126.9691784887291703_37.5763212667803046|126.9691969462868855_37.5763828936023430|126.9693405611889006_37.5771403942365367|126.9694408943809663_37.5774874192730906|126.9695029274274418_37.5777725792624508|126.9695040668394768_37.5777922111372149
2026-09-04T18:34:05.570303+09:00,서촌,서촌,POI067,KEY_3,1000036000,필운대로,1000020804,사직공원,126.9690520892445704_37.5763687926038799,1000022203,남전빌라,126.9687138280531968_37.5793704536666908,349.0,18.0,서행,126.9687138280531968_37.5793704536666908|126.9687546239317584_37.5790779267177939|126.9687829273219251_37.5789505291486492|126.9688385080072521_37.5788210169326575|126.9689658751803734_37.5786287179888490|126.9692731652074116_37.5782171287653526|126.9693442324946773_37.5781067907773121|126.9693468981465116_37.5780984483779292|126.9693693129710539_37.5780282990733383|126.9693744364591055_37.5779018476733455|126.9693683636006085_37.5777971997568017|126.9693676174400707_37.5777843418463888|126.9693076730202250_37.5775087806212724|126.9692070091942071_37.5771606129258373|126.9690637051114095_37.5764047484192787|126.9690520892445704_37.5763687926038799
2026-09-04T18:34:05.570303+09:00,서촌,서촌,POI067,KEY_3,1000036700,자하문로9길,1000022303,동아일보(안국센터),126.9695424142532403_37.5793993909012940,1000022202,남전빌라,126.9688488504917387_37.5793823807096530,61.0,17.0,서행,126.9688488504917387_37.5793823807096530|126.9695424142532403_37.5793993909012940
2026-09-04T18:34:05.570303+09:00,서촌,서촌,POI067,KEY_3,1000036800,자하문로9길,1000022201,남전빌라,126.9688328252975538_37.5794901579994871,1000022304,동아일보(안국센터),126.9695382302678865_37.5795074586415865,62.0,16.0,서행,126.9695382302678865_37.5795074586415865|126.9688328252975538_37.5794901579994871
2026-09-04T18:34:05.570303+09:00,서촌,서촌,POI067,KEY_3,1000036900,자하문로10길,1000142800,통의동 111,126.9720203025743501_37.5794190653061619,1000022502,리안갤러리,126.9714692086950407_37.5794481827133779,49.0,7.0,정체,126.9714692086950407_37.5794481827133779|126.9715679753719257_37.5794508267448819|126.9720203025743501_37.5794190653061619
2026-09-04T18:34:05.570303+09:00,서촌,서촌,POI067,KEY_3,1000037000,자하문로10길,1000142900,창성동 130-12,126.9720322425473000_37.5795267662096677,1000022104,한글전각갤러리,126.9737551795793422_37.5794483274217725,153.0,8.5,정체,126.9737551795793422_37.5794483274217725|126.9735697636163820_37.5794379905376914|126.9730629180689760_37.5794543875836595|126.9720322425473000_37.5795267662096677
2026-09-04T18:34:05.570303+09:00,서촌,서촌,POI067,KEY_3,1000037100,자하문로9길,1000022503,리안갤러리,126.9713323775752372_37.5794446079368853,1000022302,동아일보(안국센터),126.9696990031626882_37.5794032615336278,144.0,10.0,정체,126.9696990031626882_37.5794032615336278|126.9713323775752372_37.5794446079368853
2026-09-04T18:34:05.570303+09:00,서촌,서촌,POI067,KEY_3,1000037200,자하문로9길,1000022301,동아일보(안국센터),126.9696946832067397_37.5795113265124883,1000022504,리안갤러리,126.9713104107569848_37.5795522254932521,143.0,7.0,정체,126.9713104107569848_37.5795522254932521|126.9696946832067397_37.5795113265124883
2026-09-04T18:34:05.570303+09:00,서촌,서촌,POI067,KEY_3,1000037500,필운대로,1000022204,남전빌라,126.9686980571639339_37.5794765258018728,1000022803,송림빌딩,126.9685356882712739_37.5804932238092491,114.0,19.7,서행,126.9685356882712739_37.5804932238092491|126.9686980571639339_37.5794765258018728
2026-09-04T18:34:05.570303+09:00,서촌,서촌,POI067,KEY_3,1000037600,필운대로,1000022802,송림빌딩,126.9686741950003608_37.5804834577350633,1000022201,남전빌라,126.9688328252975538_37.5794901579994871,111.0,7.0,정체,126.9688328252975538_37.5794901579994871|126.9686741950003608_37.5804834577350633
2026-09-04T18:34:05.570303+09:00,서촌,서촌,POI067,KEY_3,1000037800,자하문로7길,1000022801,송림빌딩,126.9686578562488535_37.5805965200529855,1000022301,동아일보(안국센터),126.9696946832067397_37.5795113265124883,155.0,9.0,정체,126.9696946832067397_37.5795113265124883|126.9692692652712935_37.5800624706534165|126.9690151109681864_37.5803873097957108|126.9688630090200832_37.5805354967659397|126.9687973192017267_37.5805736734474465|126.9686578562488535_37.5805965200529855
2026-09-04T18:34:05.570303+09:00,서촌,서촌,POI067,KEY_3,1000038100,필운대로,1000022804,송림빌딩,126.9685209429991062_37.5806007274706673,1000023103,에프피디,126.9684342930284089_37.5813501306001712,84.0,16.0,서행,126.9684342930284089_37.5813501306001712|126.9685049891164823_37.5807387077675088|126.9685209429991062_37.5806007274706673
2026-09-04T18:34:05.570303+09:00,서촌,서촌,POI067,KEY_3,1000038200,필운대로,1000241300,옥인동 97-1,126.9686402708510542_37.5807486148447012,1000022801,송림빌딩,126.9686578562488535_37.5805965200529855,17.0,13.0,정체,126.9686578562488535_37.5805965200529855|126.9686402708510542_37.5807486148447012
2026-09-04T18:34:05.570303+09:00,서촌,서촌,POI067,KEY_3,1000038300,자하문로17길,1000225200,통인동 36-3,126.9688857136933535_37.5813167023331687,1000023102,에프피디,126.9685736564711362_37.5813247519515699,28.0,7.0,정체,126.9685736564711362_37.5813247519515699|126.9685749712024005_37.5813245125327882|126.9688857136933535_37.5813167023331687
2026-09-04T18:34:05.570303+09:00,서촌,서촌,POI067,KEY_3,1000038400,자하문로17길,1000076600,옥인동 19-26,126.9700897400566646_37.5814884057875389,1000023204,효자동사무소앞교차로,126.9708156731310424_37.5815585293292997,65.0,8.0,정체,126.9708156731310424_37.5815585293292997|126.9700897400566646_37.5814884057875389
2026-09-04T18:34:05.570303+09:00,서촌,서촌,POI067,KEY_3,1000038500,옥인길,1000180200,옥인동 181-10,126.9642459909743053_37.5820107022262775,1000023802,옥인시범아파트,126.9630428521217311_37.5823319085405387,114.0,15.0,서행,126.9630428521217311_37.5823319085405387|126.9634311160631910_37.5822119657700284|126.9638040801608554_37.5821856320575094|126.9638258846782577_37.5821842503104477|126.9639076755914573_37.5821241187128265|126.9640327536944255_37.5820567418513178|126.9642459909743053_37.5820107022262775
2026-09-04T18:34:05.570303+09:00,서촌,서촌,POI067,KEY_3,1000038600,옥인길,1000069500,옥인동 110-1,126.9680003538320960_37.5805898185397709,1000022804,송림빌딩,126.9685209429991062_37.5806007274706673,46.0,14.0,정체,126.9685209429991062_37.5806007274706673|126.9683671770248168_37.5805899174079840|126.9680003538320960_37.5805898185397709
2026-09-04T18:34:05.570303+09:00,서촌,서촌,POI067,KEY_3,1000038700,자하문로16길,1000172200,창성동 90-1,126.9717327455699944_37.5815185120166007,1000023202,효자동사무소앞교차로,126.9709802887062438_37.5814664128165106,67.0,14.0,정체,126.9709802887062438_37.5814664128165106|126.9711685133139412_37.5814868866181371|126.9717224467045895_37.5815159289932978|126.9717327455699944_37.5815185120166007
2026-09-04T18:34:05.570303+09:00,서촌,서촌,POI067,KEY_3,1000038800,자하문로16길,1000068600,효자동 158-3,126.9730842997045812_37.5818361876427218,1000023604,세종로 1-82,126.9736148980526167_37.5818577441157089,47.0,10.0,정체,126.9736148980526167_37.5818577441157089|126.9732424959569812_37.5818454811704967|126.9730842997045812_37.5818361876427218
2026-09-04T18:34:05.570303+09:00,서촌,서촌,POI067,KEY_3,1000039300,필운대로,1000069600,옥인동 24-2,126.9680470023112520_37.5821075252462720,1000023101,에프피디,126.9685342880232355_37.5814428341535844,86.0,7.0,정체,126.9685342880232355_37.5814428341535844|126.9684759826139953_37.5814965813299722|126.9683288819594651_37.5817502410309743|126.9681719575950041_37.5819491441507481|126.9680470023112520_37.5821075252462720
2026-09-04T18:34:05.570303+09:00,서촌,서촌,POI067,KEY_3,1000039400,필운대로,1000157200,신교동 10-2,126.9694797901877337_37.5840007368938416,1000024404,신교동교차로,126.9702887008230903_37.5838981643713623,73.0,17.5,서행,126.9702887008230903_37.5838981643713623|126.9702525079941466_37.5838876996520881|126.9701811117037664_37.5838899539430642|126.9697766764469833_37.5839520242591547|126.9697121775833182_37.5839619230231463|126.9694797901877337_37.5840007368938416
2026-09-04T18:34:05.570303+09:00,성수카페거리,성수카페거리,POI068,KEY_4,1030007102,성수일로,1030090500,성수동1가 14-22,127.0500497846464754_37.5457251894821411,1030002603,경동초등교입구교차로,127.0502646094481776_37.5462577464320475,62.0,9.7,정체,127.0502646094481776_37.5462577464320475|127.0500497846464754_37.5457251894821411
2026-09-04T18:34:05.570303+09:00,성수카페거리,성수카페거리,POI068,KEY_4,1030007202,성수일로,1030090400,성수동2가 276-5,127.0501790706398992_37.5456921266287651,1030012601,경동초교오거리,127.0496733755156384_37.5442307671763373,168.0,12.0,정체,127.0496733755156384_37.5442307671763373|127.0497212170377708_37.5443631248183181|127.0499300180839839_37.5450095261678314|127.0501646242803133_37.5456563134568739|127.0501790706398992_37.5456921266287651
2026-09-04T18:34:05.570303+09:00,성수카페거리,성수카페거리,POI068,KEY_4,1030005301,성수이로,1030101200,성수동2가 331-178,127.0550821086010416_37.5394988488500658,1030010703,갤러리까르찌나,127.0561816633971404_37.5421553809868200,310.0,9.0,정체,127.0561816633971404_37.5421553809868200|127.0557526736894971_37.5411339142652452|127.0557239227858446_37.5410654544732481|127.0553170924106041_37.5400832535740463|127.0552972968159366_37.5400354608421907|127.0550821086010416_37.5394988488500658
2026-09-04T18:34:05.570303+09:00,성수카페거리,성수카페거리,POI068,KEY_4,1030005302,성수이로,1030073200,성수동2가 276-5,127.0568177720555667_37.5436940280859019,1030002203,성수역앞교차로,127.0570347466332066_37.5442328886752179,63.0,8.0,정체,127.0570347466332066_37.5442328886752179|127.0569509882276407_37.5440193491518812|127.0568177720555667_37.5436940280859019
2026-09-04T18:34:05.570303+09:00,성수카페거리,성수카페거리,POI068,KEY_4,1030005402,성수이로,1030073300,성수동2가 276-5,127.0569468700353042_37.5436605114481381,1030010701,갤러리까르찌나,127.0563519556657468_37.5422201231263841,168.0,10.0,정체,127.0563519556657468_37.5422201231263841|127.0565888381958075_37.5427861677397772|127.0569468700353042_37.5436605114481381
2026-09-04T18:34:05.570303+09:00,성수카페거리,성수카페거리,POI068,KEY_4,1030006700,아차산로,1030155100,최소노드배치점,127.0605345627924692_37.5431769314548376,1030002202,성수역앞교차로,127.0571620452814585_37.5441947558812004,319.0,6.0,정체,127.0571620452814585_37.5441947558812004|127.0596780069787854_37.5434366092217857|127.0605345627924692_37.5431769314548376
2026-09-04T18:34:05.570303+09:00,성수카페거리,성수카페거리,POI068,KEY_4,1030006800,아차산로,1030155200,최소노드배치점,127.0605828789987299_37.5432779751978245,1040017704,성수사거리,127.0639614752629001_37.5422536244032941,319.0,22.5,서행,127.0639614752629001_37.5422536244032941|127.0605828789987299_37.5432779751978245
2026-09-04T18:34:05.570303+09:00,성수카페거리,성수카페거리,POI068,KEY_4,1030007101,성수일로,1030058800,성수동1가 656-6,127.0494476137624815_37.5439902196161697,1030012603,경동초교오거리,127.0495158134506823_37.5441849133654415,22.0,13.0,정체,127.0495158134506823_37.5441849133654415|127.0494476137624815_37.5439902196161697
2026-09-04T18:34:05.570303+09:00,성수카페거리,성수카페거리,POI068,KEY_4,1030007501,아차산로,1030014203,성수동2가 289-36,127.0539586731564441_37.5451536346176411,1030002602,경동초등교입구교차로,127.0503914838047592_37.5462187041797151,337.0,26.7,원활,127.0503914838047592_37.5462187041797151|127.0523124049013006_37.5456446551002117|127.0539586731564441_37.5451536346176411
2026-09-04T18:34:05.570303+09:00,성수카페거리,성수카페거리,POI068,KEY_4,1030007502,아차산로,1030002203,성수역앞교차로,127.0570347466332066_37.5442328886752179,1030014202,성수동2가 289-36,127.0540851813006498_37.5451156524000069,278.0,25.3,원활,127.0540851813006498_37.5451156524000069|127.0551155584557677_37.5448042641446307|127.0552432926114363_37.5447659621741821|127.0570347466332066_37.5442328886752179
2026-09-04T18:34:05.570303+09:00,성수카페거리,성수카페거리,POI068,KEY_4,1030007601,아차산로,1030002601,경동초등교입구교차로,127.0504329599087896_37.5463217931361726,1030014204,성수동2가 289-30,127.0540063077144595_37.5452548832955628,337.0,11.7,정체,127.0540063077144595_37.5452548832955628|127.0523600803686293_37.5457458918457476|127.0504329599087896_37.5463217931361726
2026-09-04T18:34:05.570303+09:00,성수카페거리,성수카페거리,POI068,KEY_4,1030007602,아차산로,1030014201,성수동2가 289-30,127.0541333653158063_37.5452167369424359,1030013104,제일빌딩,127.0551637436607280_37.5449053482710156,97.0,17.0,서행,127.0551637436607280_37.5449053482710156|127.0541333653158063_37.5452167369424359
2026-09-04T18:34:05.570303+09:00,성수카페거리,성수카페거리,POI068,KEY_4,1030007603,아차산로,1030013101,제일빌딩,127.0552908264291858_37.5448672411363233,1030002204,성수역앞교차로,127.0570737295237649_37.5443367120808986,168.0,21.0,서행,127.0570737295237649_37.5443367120808986|127.0552908264291858_37.5448672411363233
2026-09-04T18:34:05.570303+09:00,성수카페거리,성수카페거리,POI068,KEY_4,1030008501,성수이로,1030002204,성수역앞교차로,127.0570737295237649_37.5443367120808986,1030013503,한국창업경제신문,127.0572046441045018_37.5448312398540978,56.0,8.0,정체,127.0572046441045018_37.5448312398540978|127.0571171648273179_37.5444570554124013|127.0570737295237649_37.5443367120808986
2026-09-04T18:34:05.570303+09:00,성수카페거리,성수카페거리,POI068,KEY_4,1030008502,성수이로,1030013504,한국창업경제신문,127.0572313244105942_37.5449387006975996,1030015303,성수동2가 289-30,127.0576054505362151_37.5463843181490162,164.0,15.5,서행,127.0576054505362151_37.5463843181490162|127.0572313244105942_37.5449387006975996
2026-09-04T18:34:05.570303+09:00,성수카페거리,성수카페거리,POI068,KEY_4,1030008601,성수이로,1030013502,한국창업경제신문,127.0573338133080341_37.5447929467852788,1030002201,성수역앞교차로,127.0572012394779193_37.5442985484642762,56.0,13.0,정체,127.0572012394779193_37.5442985484642762|127.0572494690148631_37.5444321733197555|127.0573338133080341_37.5447929467852788
2026-09-04T18:34:05.570303+09:00,성수카페거리,성수카페거리,POI068,KEY_4,1030008602,성수이로,1030015302,성수동2가 289-30,127.0577384472191653_37.5463624968232850,1030013501,한국창업경제신문,127.0573600869082753_37.5449005282458117,166.0,15.0,서행,127.0573600869082753_37.5449005282458117|127.0577384472191653_37.5463624968232850
2026-09-04T18:34:05.570303+09:00,성수카페거리,성수카페거리,POI068,KEY_4,1030009102,아차산로,1030016003,뚝섬역(서울2호선),127.0466946591980104_37.5474024880960968,1030017102,뚝섬역앞교차로,127.0445619470601031_37.5480557481142156,202.0,17.0,서행,127.0445619470601031_37.5480557481142156|127.0446249032181640_37.5480437882236018|127.0458005883487971_37.5477079881317337|127.0466946591980104_37.5474024880960968
2026-09-04T18:34:05.570303+09:00,성수카페거리,성수카페거리,POI068,KEY_4,1030009103,아차산로,1030015603,뚝섬미술관,127.0485988749721571_37.5467876679392063,1030016002,뚝섬역(서울2호선),127.0468607627340276_37.5473483609669358,166.0,19.0,서행,127.0468607627340276_37.5473483609669358|127.0485988749721571_37.5467876679392063
2026-09-04T18:34:05.570303+09:00,성수카페거리,성수카페거리,POI068,KEY_4,1030009104,아차산로,1030002603,경동초등교입구교차로,127.0502646094481776_37.5462577464320475,1030015602,뚝섬미술관,127.0487523357495689_37.5467383237563368,144.0,14.0,정체,127.0487523357495689_37.5467383237563368|127.0502646094481776_37.5462577464320475
2026-09-04T18:34:05.570303+09:00,성수카페거리,성수카페거리,POI068,KEY_4,1030009203,아차산로,1030016300,뚝섬역1번출구,127.0458502973536099_37.5478085500334871,1030015604,뚝섬미술관,127.0486498669871906_37.5468878757781184,268.0,10.0,정체,127.0486498669871906_37.5468878757781184|127.0469117528058831_37.5474485695482230|127.0467481960743328_37.5475018476119402|127.0458502973536099_37.5478085500334871
2026-09-04T18:34:05.570303+09:00,성수카페거리,성수카페거리,POI068,KEY_4,1030009204,아차산로,1030015601,뚝섬미술관,127.0488026707037932_37.5468387411565701,1030002604,경동초등교입구교차로,127.0503061250636279_37.5463609661244959,143.0,10.0,정체,127.0503061250636279_37.5463609661244959|127.0488026707037932_37.5468387411565701
2026-09-04T18:34:05.570303+09:00,성수카페거리,성수카페거리,POI068,KEY_4,1030010600,성수일로,1030129800,성수동2가 289-30,127.0506496017160885_37.5468618000411780,1030002601,경동초등교입구교차로,127.0504329599087896_37.5463217931361726,63.0,7.0,정체,127.0504329599087896_37.5463217931361726|127.0506496017160885_37.5468618000411780
2026-09-04T18:34:05.570303+09:00,성수카페거리,성수카페거리,POI068,KEY_4,1030023302,성수이로16길,1030037901,성수동2가 816-4,127.0621568721912524_37.5392269336933992,1030037801,속성변화점,127.0604922348733794_37.5399737831362117,173.0,8.0,정체,127.0604922348733794_37.5399737831362117|127.0618595275038842_37.5395244777699517|127.0621167614787623_37.5392508297864680|127.0621568721912524_37.5392269336933992
2026-09-04T18:34:05.570303+09:00,성수카페거리,성수카페거리,POI068,KEY_4,1030023401,뚝섬로17길,1030074400,성수동2가 269-236,127.0598357008560555_37.5390819065168984,1030037802,속성변화점,127.0604272390665699_37.5401121045390269,126.0,15.0,서행,127.0604272390665699_37.5401121045390269|127.0600046535807337_37.5394385874640051|127.0598475191505088_37.5391161993069318|127.0598357008560555_37.5390819065168984
2026-09-04T18:34:05.570303+09:00,성수카페거리,성수카페거리,POI068,KEY_4,1030023402,성수이로16길,1030037802,속성변화점,127.0604272390665699_37.5401121045390269,1030037902,성수동2가 250-7,127.0622137260167790_37.5393281047465095,185.0,10.0,정체,127.0622137260167790_37.5393281047465095|127.0619458477006418_37.5396130764986964|127.0604272390665699_37.5401121045390269
2026-09-04T18:34:05.570303+09:00,성수카페거리,성수카페거리,POI068,KEY_4,1030025200,연무장길,1030130600,성수동2가 275-24,127.0580091136766612_37.5415980110375500,1030010702,갤러리까르찌나,127.0563089149059834_37.5421174674703337,161.0,6.0,정체,127.0563089149059834_37.5421174674703337|127.0580091136766612_37.5415980110375500
2026-09-04T18:34:05.570303+09:00,성수카페거리,성수카페거리,POI068,KEY_4,1030025300,연무장길,1030082400,성수동2가 275-24,127.0594801592498300_37.5412693964118844,1040016704,성수동2가 276-5,127.0628163093967800_37.5402655849892426,315.0,5.0,정체,127.0628163093967800_37.5402655849892426|127.0621978736841697_37.5404485565288084|127.0615071171166619_37.5406572039244466|127.0595653770350850_37.5412436909119265|127.0594801592498300_37.5412693964118844
2026-09-04T18:34:05.570303+09:00,성수카페거리,성수카페거리,POI068,KEY_4,1030026201,뚝섬로5길,1030007907,성수동2가333-84,127.0511418059016080_37.5419733463633918,1030008301,성수동1가 276-34,127.0505209099312509_37.5400671167226250,219.0,21.0,서행,127.0505209099312509_37.5400671167226250|127.0507009988581331_37.5406931957032413|127.0507129685465060_37.5407249042804665|127.0508491504052273_37.5410856579620003|127.0508645474510132_37.5411323611306713|127.0509856790272210_37.5414997819916394|127.0511418059016080_37.5419733463633918
2026-09-04T18:34:05.570303+09:00,성수카페거리,성수카페거리,POI068,KEY_4,1030026202,뚝섬로5길,1030153900,최소노드배치점,127.0539358567467474_37.5415236710096067,1030007907,성수동2가333-84,127.0511418059016080_37.5419733463633918,279.0,13.0,정체,127.0511418059016080_37.5419733463633918|127.0533057566949822_37.5419987135351718|127.0535888319341069_37.5420086775092159|127.0535916655420721_37.5420074544678215|127.0539384595522705_37.5415398732796817|127.0539362246359900_37.5415239464283061|127.0539358567467474_37.5415236710096067
2026-09-04T18:34:05.570303+09:00,성수카페거리,성수카페거리,POI068,KEY_4,1030026301,뚝섬로5길,1030154000,최소노드배치점,127.0540288655895154_37.5414448991232348,1030007902,성원중학교,127.0518167576303341_37.5397389713006930,272.0,20.0,서행,127.0518167576303341_37.5397389713006930|127.0519510862119006_37.5398521095855244|127.0531043952893810_37.5407527892537374|127.0540288655895154_37.5414448991232348
2026-09-04T18:34:05.570303+09:00,성수카페거리,성수카페거리,POI068,KEY_4,1030026302,뚝섬로5길,1030058200,성수동1가 694-3,127.0508543466555835_37.5415272349326870,1030007908,성수동2가333-84,127.0510408429570361_37.5420318807305975,59.0,9.0,정체,127.0510408429570361_37.5420318807305975|127.0510093731079735_37.5419974645077161|127.0508543466555835_37.5415272349326870
2026-09-04T18:34:05.570303+09:00,성수카페거리,성수카페거리,POI068,KEY_4,1030027500,연무장길,1030046400,성수동1가 16-11,127.0498135853201518_37.5440720015569482,1030012602,경동초교오거리,127.0496362503706678_37.5441262961726352,17.0,5.0,정체,127.0496362503706678_37.5441262961726352|127.0498135853201518_37.5440720015569482
2026-09-04T18:34:05.570303+09:00,성수카페거리,성수카페거리,POI068,KEY_4,1030027600,연무장길,1030056400,성수동2가 314-20,127.0513077026240580_37.5437303719044237,1030010704,갤러리까르찌나,127.0562246716134780_37.5422579759689938,464.0,4.0,정체,127.0562246716134780_37.5422579759689938|127.0545637037083964_37.5427394156326670|127.0541726371046565_37.5428610368981666|127.0532280717800546_37.5431468348450679|127.0526780596860021_37.5433132479891327|127.0519993710612709_37.5435185892961556|127.0513077026240580_37.5437303719044237
2026-09-04T18:34:05.570303+09:00,성수카페거리,성수카페거리,POI068,KEY_4,1030030200,성수일로8길,1030013503,한국창업경제신문,127.0572046441045018_37.5448312398540978,1030014702,롯데캐슬파크아파트,127.0555171066052367_37.5453315049633218,159.0,16.0,서행,127.0555171066052367_37.5453315049633218|127.0572046441045018_37.5448312398540978
2026-09-04T18:34:05.570303+09:00,성수카페거리,성수카페거리,POI068,KEY_4,1030030300,성수일로8길,1030014701,롯데캐슬파크아파트,127.0555644840728888_37.5454328297893198,1030013504,한국창업경제신문,127.0572313244105942_37.5449387006975996,157.0,15.0,서행,127.0572313244105942_37.5449387006975996|127.0555644840728888_37.5454328297893198
2026-09-04T18:34:05.570303+09:00,성수카페거리,성수카페거리,POI068,KEY_4,1030030400,아차산로.성수일로8길,1030014702,롯데캐슬파크아파트,127.0555171066052367_37.5453315049633218,1030013101,제일빌딩,127.0552908264291858_37.5448672411363233,55.0,22.0,서행,127.0552908264291858_37.5448672411363233|127.0555171066052367_37.5453315049633218
2026-09-04T18:34:05.570303+09:00,성수카페거리,성수카페거리,POI068,KEY_4,1030030500,아차산로.성수일로8길,1030013104,제일빌딩,127.0551637436607280_37.5449053482710156,1030014703,롯데캐슬파크아파트,127.0553898422885766_37.5453692393267602,55.0,22.0,서행,127.0553898422885766_37.5453692393267602|127.0551637436607280_37.5449053482710156
2026-09-04T18:34:05.570303+09:00,성수카페거리,성수카페거리,POI068,KEY_4,1030030800,아차산로7길,1030014802,성수미술관,127.0543504174999470_37.5456774935109223,1030014201,성수동2가 289-30,127.0541333653158063_37.5452167369424359,55.0,13.0,정체,127.0541333653158063_37.5452167369424359|127.0543504174999470_37.5456774935109223
2026-09-04T18:34:05.570303+09:00,성수카페거리,성수카페거리,POI068,KEY_4,1030030900,아차산로7길,1030014204,성수동2가 289-30,127.0540063077144595_37.5452548832955628,1030014803,성수미술관,127.0542232774579929_37.5457154645452462,55.0,10.0,정체,127.0542232774579929_37.5457154645452462|127.0540063077144595_37.5452548832955628
2026-09-04T18:34:05.570303+09:00,성수카페거리,성수카페거리,POI068,KEY_4,1030031000,성수일로8길,1030014703,롯데캐슬파크아파트,127.0553898422885766_37.5453692393267602,1030014802,성수미술관,127.0543504174999470_37.5456774935109223,98.0,11.0,정체,127.0543504174999470_37.5456774935109223|127.0553898422885766_37.5453692393267602
2026-09-04T18:34:05.570303+09:00,성수카페거리,성수카페거리,POI068,KEY_4,1030031100,성수일로8길,1030014801,성수미술관,127.0543982553893017_37.5457786826499387,1030014704,롯데캐슬파크아파트,127.0554372382108852_37.5454705586781685,98.0,20.0,서행,127.0554372382108852_37.5454705586781685|127.0543982553893017_37.5457786826499387
2026-09-04T18:34:05.570303+09:00,성수카페거리,성수카페거리,POI068,KEY_4,1030031200,상원1길,1030091200,성수동1가 9-9,127.0475389473704695_37.5463909592910170,1030016003,뚝섬역(서울2호선),127.0466946591980104_37.5474024880960968,136.0,6.0,정체,127.0466946591980104_37.5474024880960968|127.0467667964252172_37.5472315847214801|127.0468079071165732_37.5471725962568641|127.0475389473704695_37.5463909592910170
2026-09-04T18:34:05.570303+09:00,성수카페거리,성수카페거리,POI068,KEY_4,1030031300,상원1길,1030092700,성수동1가 656-596,127.0491527603527828_37.5449023730718565,1030012604,경동초교오거리,127.0495606160925774_37.5443097282205116,75.0,9.0,정체,127.0495606160925774_37.5443097282205116|127.0495429811575576_37.5443262001981850|127.0494710750145373_37.5444208496823464|127.0493422255462690_37.5446591584226965|127.0492106063175726_37.5448424117116630|127.0491527603527828_37.5449023730718565
2026-09-04T18:34:05.570303+09:00,성수카페거리,성수카페거리,POI068,KEY_4,1030031800,아차산로7길,1030015802,성수2가3동주민센터,127.0551108236613373_37.5472806334136706,1030014801,성수미술관,127.0543982553893017_37.5457786826499387,178.0,7.0,정체,127.0543982553893017_37.5457786826499387|127.0551108236613373_37.5472806334136706
2026-09-04T18:34:05.570303+09:00,성수카페거리,성수카페거리,POI068,KEY_4,1030031900,아차산로7길,1030014804,성수미술관,127.0542712260709806_37.5458168891166935,1030015803,성수2가3동주민센터,127.0549936974906160_37.5473397187022684,181.0,12.0,정체,127.0549936974906160_37.5473397187022684|127.0542712260709806_37.5458168891166935
2026-09-04T18:34:05.570303+09:00,성수카페거리,성수카페거리,POI068,KEY_4,1030035200,상원길,1030106300,성수동1가 13-219,127.0486061067635859_37.5475435639625346,1030015601,뚝섬미술관,127.0488026707037932_37.5468387411565701,80.0,8.0,정체,127.0488026707037932_37.5468387411565701|127.0486061067635859_37.5475435639625346
2026-09-04T18:34:05.570303+09:00,성수카페거리,성수카페거리,POI068,KEY_4,1040001301,동일로,1040000604,영동대교북단교차로,127.0610526784373917_37.5373122223369862,1030037901,성수동2가 816-4,127.0621568721912524_37.5392269336933992,234.0,2.0,정체,127.0621568721912524_37.5392269336933992|127.0611551294457797_37.5374646790849980|127.0610526784373917_37.5373122223369862
2026-09-04T18:34:05.570303+09:00,성수카페거리,성수카페거리,POI068,KEY_4,1040001303,동일로,1030123900,성수동2가 276-5,127.0636134955508538_37.5416490130212281,1040017703,성수사거리,127.0639050895056812_37.5421550277301534,62.0,8.0,정체,127.0639050895056812_37.5421550277301534|127.0636134955508538_37.5416490130212281
2026-09-04T18:34:05.570303+09:00,성수카페거리,성수카페거리,POI068,KEY_4,1040001304,동일로,1030037902,성수동2가 250-7,127.0622137260167790_37.5393281047465095,1040015802,영동대교고가차도(북측),127.0623811726308219_37.5394948679126799,24.0,2.0,정체,127.0623811726308219_37.5394948679126799|127.0622166959724524_37.5393334314916913|127.0622137260167790_37.5393281047465095
2026-09-04T18:34:05.570303+09:00,성수카페거리,성수카페거리,POI068,KEY_4,1040001305,동일로,1030151300,성수동2가 250-7,127.0624969443109649_37.5397001913100041,1040016703,성수동2가 276-5,127.0627600875261436_37.5401668764377092,57.0,11.0,정체,127.0627600875261436_37.5401668764377092|127.0624969443109649_37.5397001913100041
2026-09-04T18:34:05.570303+09:00,성수카페거리,성수카페거리,POI068,KEY_4,1040001401,동일로,1040015801,영동대교고가차도(북측),127.0625052128641386_37.5394503728433619,1040000601,영동대교북단교차로,127.0613146223214329_37.5372437064079918,267.0,24.0,서행,127.0613146223214329_37.5372437064079918|127.0613988379963502_37.5373690267760622|127.0624191875248812_37.5391674512574340|127.0624742122687110_37.5392650416171847|127.0625052128641386_37.5394503728433619
2026-09-04T18:34:05.570303+09:00,성수카페거리,성수카페거리,POI068,KEY_4,1040001402,동일로,1040016702,자양동 24-10,127.0628863220353537_37.5401267628382485,1040015801,영동대교고가차도(북측),127.0625052128641386_37.5394503728433619,82.0,7.0,정체,127.0625052128641386_37.5394503728433619|127.0626209903454509_37.5396558553713575|127.0628863220353537_37.5401267628382485
2026-09-04T18:34:05.570303+09:00,성수카페거리,성수카페거리,POI068,KEY_4,1040001403,동일로,1040136200,자양동 23-9,127.0637369066414379_37.5416039221817570,1040016701,자양동 24-10,127.0629424504767826_37.5402252363948463,168.0,5.0,정체,127.0629424504767826_37.5402252363948463|127.0637369066414379_37.5416039221817570
2026-09-04T18:34:05.570303+09:00,성수카페거리,성수카페거리,POI068,KEY_4,1040011000,아차산로,1040140700,최소노드배치점,127.0672902949043674_37.5410070020582083,1040017702,성수사거리,127.0640311954609132_37.5421146116750606,313.0,5.0,정체,127.0640311954609132_37.5421146116750606|127.0672609375260862_37.5410170619344754|127.0672902949043674_37.5410070020582083
2026-09-04T18:34:05.570303+09:00,성수카페거리,성수카페거리,POI068,KEY_4,1040026800,동일로,1030154600,최소노드배치점,127.0610289490025622_37.5371433839890969,1040015802,영동대교고가차도(북측),127.0623811726308219_37.5394948679126799,287.0,54.0,원활,127.0623811726308219_37.5394948679126799|127.0612160481458659_37.5374407538958650|127.0610904233777774_37.5372538118366208|127.0610289490025622_37.5371433839890969
2026-09-04T18:34:05.570303+09:00,성수카페거리,성수카페거리,POI068,KEY_4,1040029200,동일로18길,1040130400,자양동 16-35,127.0636162082404610_37.5398770706210243,1040016702,자양동 24-10,127.0628863220353537_37.5401267628382485,70.0,12.5,정체,127.0628863220353537_37.5401267628382485|127.0636162082404610_37.5398770706210243
2026-09-04T18:34:05.570303+09:00,성수카페거리,성수카페거리,POI068,KEY_4,1040042400,동일로,1040133600,화양동 50-7,127.0643751852390722_37.5427205809451507,1040017701,성수사거리,127.0640874503661450_37.5422130496247988,62.0,5.0,정체,127.0640874503661450_37.5422130496247988|127.0643751852390722_37.5427205809451507
2026-09-04T18:34:05.570303+09:00,송리단길·호수단길,송리단길·호수단길,POI121,KEY_1,1230003400,송파대로,1230001702,석촌호수앞교차로,127.1019076941057762_37.5111569141952117,1230036701,석촌호수앞교차로,127.1040028890472797_37.5088113302377195,320.0,5.0,정체,127.1040028890472797_37.5088113302377195|127.1019076941057762_37.5111569141952117
2026-09-04T18:34:05.570303+09:00,송리단길·호수단길,송리단길·호수단길,POI121,KEY_1,1230002901,송파대로,1230403000,석촌동 323,127.1079092974091509_37.5043480585392359,1230001503,석촌역사거리,127.1071785823462221_37.5051497573641299,110.0,13.0,정체,127.1071785823462221_37.5051497573641299|127.1079092974091509_37.5043480585392359
2026-09-04T18:34:05.570303+09:00,송리단길·호수단길,송리단길·호수단길,POI121,KEY_1,1230003102,송파대로,1230412500,석촌동 209,127.1044792274671522_37.5081049831544888,1230036703,석촌호수앞교차로,127.1039824947923051_37.5086487529905597,75.0,20.0,서행,127.1039824947923051_37.5086487529905597|127.1044792274671522_37.5081049831544888
2026-09-04T18:34:05.570303+09:00,송리단길·호수단길,송리단길·호수단길,POI121,KEY_1,1230003202,송파대로,1230374800,송파동 69,127.1062313433935884_37.5063706298099575,1230001501,석촌역사거리,127.1072109621140953_37.5052981513314023,147.0,10.0,정체,127.1072109621140953_37.5052981513314023|127.1062313433935884_37.5063706298099575
2026-09-04T18:34:05.570303+09:00,송리단길·호수단길,송리단길·호수단길,POI121,KEY_1,1230003300,송파대로,1230036704,석촌호수앞교차로,127.1039028911642674_37.5087367936795530,1230001703,석촌호수앞교차로,127.1017878219228550_37.5111046223331428,323.0,31.0,원활,127.1017878219228550_37.5111046223331428|127.1039028911642674_37.5087367936795530
2026-09-04T18:34:05.570303+09:00,송리단길·호수단길,송리단길·호수단길,POI121,KEY_1,1230017104,백제고분로,1230030504,석촌동주민센터,127.1032847802360806_37.5038619289310020,1230031102,석촌지하차도(동측),127.1046857627125632_37.5042645101804695,133.0,23.0,서행,127.1046857627125632_37.5042645101804695|127.1044083485424636_37.5042361486825016|127.1034318138435708_37.5039319569095682|127.1032847802360806_37.5038619289310020
2026-09-04T18:34:05.570303+09:00,송리단길·호수단길,송리단길·호수단길,POI121,KEY_1,1230017105,백제고분로,1230408300,석촌동 208,127.1063402833136706_37.5048772465737272,1230001504,석촌역사거리,127.1070984507477277_37.5052375718930762,78.0,32.0,원활,127.1070984507477277_37.5052375718930762|127.1063402833136706_37.5048772465737272
2026-09-04T18:34:05.570303+09:00,송리단길·호수단길,송리단길·호수단길,POI121,KEY_1,1230018100,삼학사로,1230399400,삼전동 152,127.0971851736833997_37.5058146183606098,1230034303,석촌호교차로,127.0972427646003808_37.5065427063586085,81.0,16.5,서행,127.0972427646003808_37.5065427063586085|127.0971851736833997_37.5058146183606098
2026-09-04T18:34:05.570303+09:00,송리단길·호수단길,송리단길·호수단길,POI121,KEY_1,1230020300,석촌호수로,1230425400,최소노드배치점,127.1008735740489470_37.5071235777689509,1230036704,석촌호수앞교차로,127.1039028911642674_37.5087367936795530,323.0,21.5,서행,127.1039028911642674_37.5087367936795530|127.1030871966188158_37.5081804312170775|127.1027814029224459_37.5079972621807372|127.1027257780679207_37.5079698553039691|127.1018874551534168_37.5075568002840285|127.1015021632143061_37.5073921700333557|127.1008735740489470_37.5071235777689509
2026-09-04T18:34:05.570303+09:00,송리단길·호수단길,송리단길·호수단길,POI121,KEY_1,1230020400,석촌호수로,1230369400,석촌동 191,127.0987703823118125_37.5064112799268017,1230034302,석촌호교차로,127.0973765618586384_37.5065150079019958,125.0,9.0,정체,127.0973765618586384_37.5065150079019958|127.0976452744375536_37.5064483289197952|127.0979269591683192_37.5064090615062042|127.0982641563232818_37.5063794736021237|127.0986308344447906_37.5063986405236136|127.0987703823118125_37.5064112799268017
2026-09-04T18:34:05.570303+09:00,송리단길·호수단길,송리단길·호수단길,POI121,KEY_1,1230020702,백제고분로,1230001501,석촌역사거리,127.1072109621140953_37.5052981513314023,1230034004,송파1동주민센터,127.1088655538812588_37.5063711660504993,189.0,9.0,정체,127.1088655538812588_37.5063711660504993|127.1081423911864619_37.5058679402322923|127.1078766893419214_37.5057054024290366|127.1072109621140953_37.5052981513314023
2026-09-04T18:34:05.570303+09:00,송리단길·호수단길,송리단길·호수단길,POI121,KEY_1,1230020703,백제고분로,1230379600,송파동 65,127.1103575111599184_37.5077338034744230,1230037103,신도빌딩,127.1112559046677433_37.5088767942406491,150.0,12.0,정체,127.1112559046677433_37.5088767942406491|127.1106628130731337_37.5080966789885863|127.1105723711036433_37.5079891819933167|127.1103575111599184_37.5077338034744230
2026-09-04T18:34:05.570303+09:00,송리단길·호수단길,송리단길·호수단길,POI121,KEY_1,1230020704,백제고분로,1230037104,신도빌딩,127.1113205737348011_37.5089721229789319,1230038703,방이사거리,127.1121447508134281_37.5103227955162382,167.0,12.0,정체,127.1121447508134281_37.5103227955162382|127.1113205737348011_37.5089721229789319
2026-09-04T18:34:05.570303+09:00,송리단길·호수단길,송리단길·호수단길,POI121,KEY_1,1230020802,백제고분로,1230380600,송파동 1-1,127.1079593458693466_37.5056196474404473,1230001502,석촌역사거리,127.1072907892475996_37.5052106659885780,75.0,8.0,정체,127.1072907892475996_37.5052106659885780|127.1079593458693466_37.5056196474404473
2026-09-04T18:34:05.570303+09:00,송리단길·호수단길,송리단길·호수단길,POI121,KEY_1,1230020803,백제고분로,1230374600,송파동 1-10,127.1106851121904526_37.5079289853775180,1230034002,송파1동주민센터,127.1090542359617643_37.5063612342065085,227.0,7.0,정체,127.1090542359617643_37.5063612342065085|127.1092969398728911_37.5065416094445183|127.1103283201647685_37.5075049084885492|127.1104702520797503_37.5076736070397345|127.1106851121904526_37.5079289853775180
2026-09-04T18:34:05.570303+09:00,송리단길·호수단길,송리단길·호수단길,POI121,KEY_1,1230020804,백제고분로,1230038702,방이사거리,127.1122582668871672_37.5102615124608363,1230037101,신도빌딩,127.1114426409161240_37.5089248551582415,165.0,6.0,정체,127.1114426409161240_37.5089248551582415|127.1122582668871672_37.5102615124608363
2026-09-04T18:34:05.570303+09:00,송리단길·호수단길,송리단길·호수단길,POI121,KEY_1,1230022100,오금로,1230367600,송파동 3-15,127.1135151757795256_37.5095306777973931,1230038702,방이사거리,127.1122582668871672_37.5102615124608363,138.0,22.3,서행,127.1122582668871672_37.5102615124608363|127.1125345987760653_37.5100795617425007|127.1131362332325097_37.5097427951161677|127.1135151757795256_37.5095306777973931
2026-09-04T18:34:05.570303+09:00,송리단길·호수단길,송리단길·호수단길,POI121,KEY_1,1230023701,석촌호수로,1230036701,석촌호수앞교차로,127.1040028890472797_37.5088113302377195,1230038204,수림빌딩,127.1051505452613100_37.5097264956549949,144.0,7.0,정체,127.1051505452613100_37.5097264956549949|127.1048424116308126_37.5094807866672255|127.1040028890472797_37.5088113302377195
2026-09-04T18:34:05.570303+09:00,송리단길·호수단길,송리단길·호수단길,POI121,KEY_1,1230023801,석촌호수로,1230383600,송파동 60,127.1049384312716057_37.5094043721425194,1230036702,석촌호수앞교차로,127.1040831324389728_37.5087223370806129,107.0,11.0,정체,127.1040831324389728_37.5087223370806129|127.1049384312716057_37.5094043721425194
2026-09-04T18:34:05.570303+09:00,송리단길·호수단길,송리단길·호수단길,POI121,KEY_1,1230023802,석촌호수로,1230380500,송파동 61,127.1061749184303977_37.5103810412995244,1230038202,수림빌딩,127.1053428869681454_37.5097263595970531,103.0,9.0,정체,127.1053428869681454_37.5097263595970531|127.1061749184303977_37.5103810412995244
2026-09-04T18:34:05.570303+09:00,송리단길·호수단길,송리단길·호수단길,POI121,KEY_1,1230023803,석촌호수로,1230041503,방이삼거리,127.1081921675338720_37.5119304002947942,1230039702,송파동 62,127.1071007108080408_37.5111082344274962,133.0,5.0,정체,127.1071007108080408_37.5111082344274962|127.1080242959557012_37.5118163213665241|127.1081921675338720_37.5119304002947942
2026-09-04T18:34:05.570303+09:00,송리단길·호수단길,송리단길·호수단길,POI121,KEY_1,1230024301,오금로,1230038703,방이사거리,127.1121447508134281_37.5103227955162382,1230039102,송파동 63,127.1111596082041189_37.5107203252610688,98.0,11.0,정체,127.1111596082041189_37.5107203252610688|127.1121447508134281_37.5103227955162382
2026-09-04T18:34:05.570303+09:00,송리단길·호수단길,송리단길·호수단길,POI121,KEY_1,1230024302,오금로,1230384900,송파동 62,127.1086886760872829_37.5117147904571766,1230041503,방이삼거리,127.1081921675338720_37.5119304002947942,50.0,19.0,서행,127.1081921675338720_37.5119304002947942|127.1083902263657990_37.5118348937114661|127.1086886760872829_37.5117147904571766
2026-09-04T18:34:05.570303+09:00,송리단길·호수단길,송리단길·호수단길,POI121,KEY_1,1230024401,오금로,1230418600,방이동 95-2,127.1089129889832350_37.5117456548715751,1230038704,방이사거리,127.1122045332657819_37.5104198722678603,326.0,24.0,서행,127.1122045332657819_37.5104198722678603|127.1112209404749507_37.5108167767394178|127.1110993930582396_37.5108657544525386|127.1089129889832350_37.5117456548715751
2026-09-04T18:34:05.570303+09:00,송리단길·호수단길,송리단길·호수단길,POI121,KEY_1,1230026801,백제고분로,1230392100,방이동 1,127.1132825222936447_37.5119110717846382,1230038701,방이사거리,127.1123196324729321_37.5103613805438485,192.0,13.0,정체,127.1123196324729321_37.5103613805438485|127.1132825222936447_37.5119110717846382
2026-09-04T18:34:05.570303+09:00,송리단길·호수단길,송리단길·호수단길,POI121,KEY_1,1230066800,백제고분로,1230420900,최소노드배치점,127.1020075911652043_37.5034155122325359,1230031102,석촌지하차도(동측),127.1046857627125632_37.5042645101804695,255.0,52.0,원활,127.1046857627125632_37.5042645101804695|127.1032055646133756_37.5037916422219624|127.1020075911652043_37.5034155122325359
2026-09-04T18:34:05.570303+09:00,송리단길·호수단길,송리단길·호수단길,POI121,KEY_1,1230073600,백제고분로41길,1230362400,송파동 74,127.1055839132151277_37.5093570558199474,1230038203,수림빌딩,127.1052465652364560_37.5096500807059527,44.0,10.0,정체,127.1052465652364560_37.5096500807059527|127.1053208564511436_37.5095948198186591|127.1055839132151277_37.5093570558199474
2026-09-04T18:34:05.570303+09:00,송리단길·호수단길,송리단길·호수단길,POI121,KEY_1,1230074600,백제고분로45길,1230389500,송파동 80,127.1105001379963824_37.5092557763212895,1230038002,청원빌딩,127.1102116389035928_37.5094004430019652,30.0,8.0,정체,127.1102116389035928_37.5094004430019652|127.1105001379963824_37.5092557763212895
2026-09-04T18:34:05.570303+09:00,송리단길·호수단길,송리단길·호수단길,POI121,KEY_1,1230074700,백제고분로45길,1230415900,송파동 80,127.1109042025177871_37.5091809150388968,1230037104,신도빌딩,127.1113205737348011_37.5089721229789319,43.0,17.5,서행,127.1113205737348011_37.5089721229789319|127.1109042025177871_37.5091809150388968
2026-09-04T18:34:05.570303+09:00,송리단길·호수단길,송리단길·호수단길,POI121,KEY_1,1230076000,오금로18길,1230404700,송파동 80,127.1108701645754735_37.5103349829974491,1230038001,청원빌딩,127.1102839409552985_37.5094919443537549,107.0,10.0,정체,127.1102839409552985_37.5094919443537549|127.1108670913662877_37.5103308915455216|127.1108701645754735_37.5103349829974491
2026-09-04T18:34:05.570303+09:00,송리단길·호수단길,송리단길·호수단길,POI121,KEY_1,1230076100,오금로18길,1230404800,송파동 81,127.1107536956244104_37.5103904983532033,1230039103,송파동 63,127.1110381891797374_37.5107692507720287,49.0,5.0,정체,127.1110381891797374_37.5107692507720287|127.1107536956244104_37.5103904983532033
2026-09-04T18:34:05.570303+09:00,송리단길·호수단길,송리단길·호수단길,POI121,KEY_1,1230076200,백제고분로45길,1230414400,송파동 83,127.1074305390192620_37.5108125123386174,1230039703,송파동 61,127.1070007103191557_37.5110307962144418,45.0,15.0,서행,127.1070007103191557_37.5110307962144418|127.1074305390192620_37.5108125123386174
2026-09-04T18:34:05.570303+09:00,송리단길·호수단길,송리단길·호수단길,POI121,KEY_1,1230076300,백제고분로45길,1230397400,송파동 80,127.1098883650349052_37.5096925018756622,1230038004,청원빌딩,127.1101690988289334_37.5095499223446183,29.0,11.5,정체,127.1101690988289334_37.5095499223446183|127.1098883650349052_37.5096925018756622
2026-09-04T18:34:05.570303+09:00,신촌 스타광장,신촌 스타광장,POI122,KEY_2,1120003201,명물길,1120098800,창천동 18-54,126.9375123444595204_37.5575602259048438,1120004502,현대백화점유플렉스(신촌점),126.9369730969373080_37.5572180933913842,61.0,19.0,서행,126.9369730969373080_37.5572180933913842|126.9371287798259686_37.5572890262117483|126.9374266006236667_37.5574960038265644|126.9375123444595204_37.5575602259048438
2026-09-04T18:34:05.570303+09:00,신촌 스타광장,신촌 스타광장,POI122,KEY_2,1120003301,연세로,1120004504,현대백화점유플렉스(신촌점),126.9368371308242018_37.5572889150469535,1120004803,창천동 30-18,126.9368510014508757_37.5588996821571541,179.0,14.0,정체,126.9368510014508757_37.5588996821571541|126.9368340470399659_37.5574372784594317|126.9368371308242018_37.5572889150469535
2026-09-04T18:34:05.570303+09:00,신촌 스타광장,신촌 스타광장,POI122,KEY_2,1120003401,연세로,1120004802,창천동 30-18,126.9369867245719377_37.5588913341097239,1120004501,현대백화점유플렉스(신촌점),126.9369718556757505_37.5573421030471337,172.0,12.0,정체,126.9369718556757505_37.5573421030471337|126.9369698696455231_37.5574376736014486|126.9369867245719377_37.5588913341097239
2026-09-04T18:34:05.570303+09:00,신촌 스타광장,신촌 스타광장,POI122,KEY_2,1120014200,신촌로,1130028200,신촌로터리,126.9362638695840104_37.5553903889948231,1120004300,현대백화점(신촌점),126.9368030588893959_37.5556219621744134,57.0,23.0,서행,126.9368030588893959_37.5556219621744134|126.9367619707854544_37.5555447886619120|126.9365015572182216_37.5554290301989795|126.9362638695840104_37.5553903889948231
2026-09-04T18:34:05.570303+09:00,신촌 스타광장,신촌 스타광장,POI122,KEY_2,1120014300,연세로5길,1120004503,현대백화점유플렉스(신촌점),126.9368363451414297_37.5571751207012667,1130028301,신촌현대백화점,126.9352769143878135_37.5557459412116970,218.0,20.0,서행,126.9352769143878135_37.5557459412116970|126.9355227188717095_37.5561809513214655|126.9356969741435961_37.5564893345166482|126.9357357833693243_37.5565340280943047|126.9357546442551836_37.5565557486909398|126.9367282221445237_37.5571473890112912|126.9368363451414297_37.5571751207012667
2026-09-04T18:34:05.570303+09:00,신촌 스타광장,신촌 스타광장,POI122,KEY_2,1120014400,연세로5길,1120046000,창천동 53-47,126.9356240685518031_37.5565955099592088,1120004504,현대백화점유플렉스(신촌점),126.9368371308242018_37.5572889150469535,133.0,6.0,정체,126.9368371308242018_37.5572889150469535|126.9366643652368651_37.5572446039108812|126.9356551527703942_37.5566313071096900|126.9356240685518031_37.5565955099592088
2026-09-04T18:34:05.570303+09:00,신촌 스타광장,신촌 스타광장,POI122,KEY_2,1120061600,신촌로,1130243700,노고산동 31-123,126.9378979886779319_37.5553264048270492,1130027600,신촌로터리,126.9375535313722594_37.5552189146085595,33.0,17.0,서행,126.9375535313722594_37.5552189146085595|126.9376883483507896_37.5552573962598544|126.9378979886779319_37.5553264048270492
2026-09-04T18:34:05.570303+09:00,신촌 스타광장,신촌 스타광장,POI122,KEY_2,1120061700,연세로,1120004502,현대백화점유플렉스(신촌점),126.9369730969373080_37.5572180933913842,1120004200,신촌역(서울2호선),126.9369388461816897_37.5556200624915562,177.0,12.0,정체,126.9369388461816897_37.5556200624915562|126.9369730969373080_37.5572180933913842
2026-09-04T18:34:05.570303+09:00,신촌 스타광장,신촌 스타광장,POI122,KEY_2,1120062000,연세로,1120004300,현대백화점(신촌점),126.9368030588893959_37.5556219621744134,1120004503,현대백화점유플렉스(신촌점),126.9368363451414297_37.5571751207012667,172.0,13.5,정체,126.9368363451414297_37.5571751207012667|126.9368030588893959_37.5556219621744134
2026-09-04T18:34:05.570303+09:00,신촌 스타광장,신촌 스타광장,POI122,KEY_2,1130002903,신촌로,1130027304,신촌로터리,126.9367463936915783_37.5551491321864219,1130027800,신촌로터리,126.9362078795990669_37.5552918851353184,50.0,19.0,서행,126.9362078795990669_37.5552918851353184|126.9362843096010209_37.5552643504737276|126.9364926549409489_37.5552010586219964|126.9366443811309324_37.5551666346300124|126.9367463936915783_37.5551491321864219
2026-09-04T18:34:05.570303+09:00,신촌 스타광장,신촌 스타광장,POI122,KEY_2,1130003002,신촌로,1120063200,창천동 30-16,126.9359793082337546_37.5554929038804843,1130028200,신촌로터리,126.9362638695840104_37.5553903889948231,28.0,13.0,정체,126.9362638695840104_37.5553903889948231|126.9359793082337546_37.5554929038804843
2026-09-04T18:34:05.570303+09:00,신촌 스타광장,신촌 스타광장,POI122,KEY_2,1130003003,신촌로,1130028200,신촌로터리,126.9362638695840104_37.5553903889948231,1130027305,신촌로터리,126.9367949040171339_37.5552525850785059,50.0,7.0,정체,126.9367949040171339_37.5552525850785059|126.9367822077433345_37.5552535889944465|126.9366773331614553_37.5552715833811135|126.9365355543422140_37.5553037503571261|126.9363365592773363_37.5553642010740631|126.9362638695840104_37.5553903889948231
2026-09-04T18:34:05.570303+09:00,신촌 스타광장,신촌 스타광장,POI122,KEY_2,1130003101,신촌로,1130027301,신촌로터리,126.9369309039101665_37.5552479096703777,1130028100,신촌로터리,126.9375107828557248_37.5553215381359138,52.0,5.0,정체,126.9375107828557248_37.5553215381359138|126.9374120463708664_37.5552954695353094|126.9372367545836511_37.5552633433213288|126.9370612427232459_37.5552495051776276|126.9369309039101665_37.5552479096703777
2026-09-04T18:34:05.570303+09:00,신촌 스타광장,신촌 스타광장,POI122,KEY_2,1130003201,신촌로,1130027600,신촌로터리,126.9375535313722594_37.5552189146085595,1130027302,신촌로터리,126.9369363048809589_37.5551398431720429,56.0,30.0,원활,126.9369363048809589_37.5551398431720429|126.9370689919941668_37.5551414670887596|126.9372587703670519_37.5551564300398013|126.9374487359331596_37.5551912462659345|126.9375535313722594_37.5552189146085595
2026-09-04T18:34:05.570303+09:00,신촌 스타광장,신촌 스타광장,POI122,KEY_2,1130015002,백범로,1130027302,신촌로터리,126.9369363048809589_37.5551398431720429,1130026300,신촌로터리,126.9370076539618566_37.5545626830804551,64.0,4.0,정체,126.9370076539618566_37.5545626830804551|126.9369363048809589_37.5551398431720429
2026-09-04T18:34:05.570303+09:00,신촌 스타광장,신촌 스타광장,POI122,KEY_2,1130016102,서강로,1130026900,신촌로터리,126.9362469698456266_37.5547336229279907,1130027304,신촌로터리,126.9367463936915783_37.5551491321864219,64.0,22.0,서행,126.9367463936915783_37.5551491321864219|126.9366482286148994_37.5550253909116165|126.9363557341915083_37.5548026529712615|126.9362469698456266_37.5547336229279907
2026-09-04T18:34:05.570303+09:00,신촌 스타광장,신촌 스타광장,POI122,KEY_2,1130053700,신촌로,1130027600,신촌로터리,126.9375535313722594_37.5552189146085595,1130026300,신촌로터리,126.9370076539618566_37.5545626830804551,87.0,16.0,서행,126.9370076539618566_37.5545626830804551|126.9375535313722594_37.5552189146085595
2026-09-04T18:34:05.570303+09:00,신촌 스타광장,신촌 스타광장,POI122,KEY_2,1130054000,서강로,1130026900,신촌로터리,126.9362469698456266_37.5547336229279907,1130027800,신촌로터리,126.9362078795990669_37.5552918851353184,66.0,16.0,서행,126.9362078795990669_37.5552918851353184|126.9362774483328025_37.5552146864900038|126.9363062591853719_37.5551384172764813|126.9363230977790380_37.5550564211653537|126.9363327714613661_37.5549477201242823|126.9363184780678608_37.5548542645506771|126.9362469698456266_37.5547336229279907
2026-09-04T18:34:05.570303+09:00,압구정로데오거리,압구정로데오거리,POI071,KEY_3,1220034202,도산대로,1220050701,도산공원사거리,127.0339034599154076_37.5216159042956363,1220051504,메종에르메스박물관,127.0358768409066386_37.5222264747469652,187.0,6.0,정체,127.0358768409066386_37.5222264747469652|127.0339034599154076_37.5216159042956363
2026-09-04T18:34:05.570303+09:00,압구정로데오거리,압구정로데오거리,POI071,KEY_3,1220034203,도산대로,1220051501,메종에르메스박물관,127.0360029680279013_37.5222664581804750,1220051804,신사동 501-5,127.0373127024870428_37.5226918366399289,125.0,10.0,정체,127.0373127024870428_37.5226918366399289|127.0360029680279013_37.5222664581804750
2026-09-04T18:34:05.570303+09:00,압구정로데오거리,압구정로데오거리,POI071,KEY_3,1220034204,도산대로,1220393600,신사동 501-5,127.0382594965785756_37.5229821213989680,1220052204,학동사거리,127.0390861363866435_37.5232347757009777,78.0,10.0,정체,127.0390861363866435_37.5232347757009777|127.0382594965785756_37.5229821213989680
2026-09-04T18:34:05.570303+09:00,압구정로데오거리,압구정로데오거리,POI071,KEY_3,1220034601,도산대로,1220420500,청담동 77,127.0400054812010779_37.5233569151823687,1220052404,청담동 77,127.0413071564451570_37.5235176656433396,116.0,7.0,정체,127.0413071564451570_37.5235176656433396|127.0405339348501172_37.5234221784106481|127.0400054812010779_37.5233569151823687
2026-09-04T18:34:05.570303+09:00,압구정로데오거리,압구정로데오거리,POI071,KEY_3,1220034602,도산대로,1220332800,청담동 77,127.0435213934482874_37.5238023106680032,1220052604,청담동 77,127.0445564869975641_37.5239355211408920,93.0,18.0,서행,127.0445564869975641_37.5239355211408920|127.0435213934482874_37.5238023106680032
2026-09-04T18:34:05.570303+09:00,압구정로데오거리,압구정로데오거리,POI071,KEY_3,1220034603,도산대로,1220276100,청담동 77,127.0463338208116113_37.5241605900114052,1220053004,청담사거리,127.0472792767386068_37.5242802278421408,85.0,43.0,원활,127.0472792767386068_37.5242802278421408|127.0469562705251434_37.5242393555858413|127.0463338208116113_37.5241605900114052
2026-09-04T18:34:05.570303+09:00,압구정로데오거리,압구정로데오거리,POI071,KEY_3,1220035302,언주로,1220297300,신사동 668-7,127.0335562010961752_37.5223932298900777,1220050701,도산공원사거리,127.0339034599154076_37.5216159042956363,92.0,21.0,서행,127.0339034599154076_37.5216159042956363|127.0337308185268910_37.5219788135002474|127.0335562010961752_37.5223932298900777
2026-09-04T18:34:05.570303+09:00,압구정로데오거리,압구정로데오거리,POI071,KEY_3,1220035303,언주로,1220313800,신사동 668-7,127.0332157260252188_37.5243745199735770,1220052101,아트스페이스엣,127.0333258336318352_37.5231033777095533,142.0,5.0,정체,127.0333258336318352_37.5231033777095533|127.0332722300848047_37.5232958210834937|127.0332484370027544_37.5234974571660942|127.0332280489652561_37.5236702360984324|127.0332116195424987_37.5239537302291168|127.0332015337768610_37.5241277617779829|127.0332157260252188_37.5243745199735770
2026-09-04T18:34:05.570303+09:00,압구정로데오거리,압구정로데오거리,POI071,KEY_3,1220035304,언주로,1220057702,신사동668-7,127.0336604132832861_37.5278365649310217,1220056501,신구중학교,127.0336233748968766_37.5276208211924214,24.0,15.0,서행,127.0336233748968766_37.5276208211924214|127.0336604132832861_37.5278365649310217
2026-09-04T18:34:05.570303+09:00,압구정로데오거리,압구정로데오거리,POI071,KEY_3,1220035305,언주로,1220258700,신사동 668-7,127.0337520736678130_37.5283998550291500,1220057701,신사동668-7,127.0336782786004619_37.5279437530884863,51.0,9.0,정체,127.0336782786004619_37.5279437530884863|127.0337520736678130_37.5283998550291500
2026-09-04T18:34:05.570303+09:00,압구정로데오거리,압구정로데오거리,POI071,KEY_3,1220035402,선릉로,1220052204,학동사거리,127.0390861363866435_37.5232347757009777,1220053403,신한양빌딩,127.0395014174557389_37.5246137310738916,158.0,9.0,정체,127.0395014174557389_37.5246137310738916|127.0393335370945920_37.5241464881978999|127.0392926724511966_37.5240305434553036|127.0391660322892449_37.5236540272358496|127.0391045399377816_37.5234487055447730|127.0390861363866435_37.5232347757009777
2026-09-04T18:34:05.570303+09:00,압구정로데오거리,압구정로데오거리,POI071,KEY_3,1220035403,선릉로,1220315600,신사동 668-5,127.0397160678826936_37.5252354356371711,1220055403,신사동 668-5,127.0398860261996958_37.5257295332640268,57.0,21.0,서행,127.0398860261996958_37.5257295332640268|127.0397160678826936_37.5252354356371711
2026-09-04T18:34:05.570303+09:00,압구정로데오거리,압구정로데오거리,POI071,KEY_3,1220035404,선릉로,1220246500,신사동 668-5,127.0403281994726257_37.5269638204885396,1220057303,한양아파트앞교차로,127.0406204313811145_37.5277781125819700,94.0,25.0,원활,127.0406204313811145_37.5277781125819700|127.0403965205514112_37.5271541960037496|127.0403281994726257_37.5269638204885396
2026-09-04T18:34:05.570303+09:00,압구정로데오거리,압구정로데오거리,POI071,KEY_3,1220035501,선릉로,1220052702,키네마극장,127.0394238001620124_37.5240025656407425,1220052201,학동사거리,127.0392244122724463_37.5232604498081272,84.0,21.0,서행,127.0392244122724463_37.5232604498081272|127.0392392010293747_37.5234323545396080|127.0392976430606637_37.5236274895412407|127.0394238001620124_37.5240025656407425
2026-09-04T18:34:05.570303+09:00,압구정로데오거리,압구정로데오거리,POI071,KEY_3,1220035502,선릉로,1220053402,신한양빌딩,127.0396319308838002_37.5245839844116418,1220052701,키네마극장,127.0394640495580632_37.5241167418134012,54.0,14.0,정체,127.0394640495580632_37.5241167418134012|127.0396319308838002_37.5245839844116418
2026-09-04T18:34:05.570303+09:00,압구정로데오거리,압구정로데오거리,POI071,KEY_3,1220035503,선릉로,1220055402,청담동 139,127.0400167637479711_37.5257004062011887,1220053401,신한양빌딩,127.0396689596081785_37.5246892784528328,116.0,10.0,정체,127.0396689596081785_37.5246892784528328|127.0398469969231741_37.5252068677753172|127.0400167637479711_37.5257004062011887
2026-09-04T18:34:05.570303+09:00,압구정로데오거리,압구정로데오거리,POI071,KEY_3,1220035504,선릉로,1220248500,청담동 139,127.0402731815181454_37.5264170811549747,1220055401,청담동 139,127.0400533551005253_37.5258045248859986,71.0,10.0,정체,127.0400533551005253_37.5258045248859986|127.0402731815181454_37.5264170811549747
2026-09-04T18:34:05.570303+09:00,압구정로데오거리,압구정로데오거리,POI071,KEY_3,1220035802,압구정로,1220220700,청담동 145,127.0445468381688698_37.5267788078608433,1220056102,갤러리아주유소,127.0438011178044917_37.5269658372789365,69.0,26.0,원활,127.0438011178044917_37.5269658372789365|127.0445468381688698_37.5267788078608433
2026-09-04T18:34:05.570303+09:00,압구정로데오거리,압구정로데오거리,POI071,KEY_3,1220035803,압구정로,1220056103,갤러리아주유소,127.0436709090198946_37.5269988640954608,1220056302,압구정로데오역3번출구,127.0423691118125902_37.5273328330233085,121.0,19.5,서행,127.0423691118125902_37.5273328330233085|127.0431965413789044_37.5271205625181921|127.0436709090198946_37.5269988640954608
2026-09-04T18:34:05.570303+09:00,압구정로데오거리,압구정로데오거리,POI071,KEY_3,1220035804,압구정로,1220056303,압구정로데오역3번출구,127.0422397642238650_37.5273658980511087,1220057302,한양아파트앞교차로,127.0407498452267987_37.5277452900861377,138.0,18.0,서행,127.0407498452267987_37.5277452900861377|127.0422397642238650_37.5273658980511087
2026-09-04T18:34:05.570303+09:00,압구정로데오거리,압구정로데오거리,POI071,KEY_3,1220036201,압구정로,1220058902,치안센터,127.0352184421143562_37.5290634828765022,1220059002,성수대교남단교차로,127.0338689599890216_37.5291222776353735,120.0,18.0,서행,127.0338689599890216_37.5291222776353735|127.0344802556415260_37.5291188555326158|127.0348714559033141_37.5290974977561973|127.0352184421143562_37.5290634828765022
2026-09-04T18:34:05.570303+09:00,압구정로데오거리,압구정로데오거리,POI071,KEY_3,1220036202,압구정로,1220058802,디에이치갤러리,127.0357050675745256_37.5290007857834951,1220058902,치안센터,127.0352184421143562_37.5290634828765022,44.0,32.0,원활,127.0352184421143562_37.5290634828765022|127.0357050675745256_37.5290007857834951
2026-09-04T18:34:05.570303+09:00,압구정로데오거리,압구정로데오거리,POI071,KEY_3,1220036203,압구정로,1220058603,신사동 667-35,127.0368481916816137_37.5287559403852029,1220058801,디에이치갤러리,127.0358386033354350_37.5289791338340208,93.0,24.0,서행,127.0358386033354350_37.5289791338340208|127.0361848364311044_37.5289120558376936|127.0368481916816137_37.5287559403852029
2026-09-04T18:34:05.570303+09:00,압구정로데오거리,압구정로데오거리,POI071,KEY_3,1220036204,압구정로,1220058003,뉴스포유,127.0383098113258313_37.5283845789100567,1220058602,신사동 667-35,127.0369779457113566_37.5287241271574530,124.0,23.0,서행,127.0369779457113566_37.5287241271574530|127.0383098113258313_37.5283845789100567
2026-09-04T18:34:05.570303+09:00,압구정로데오거리,압구정로데오거리,POI071,KEY_3,1220036205,압구정로,1220057902,압구정로데오역6번출구,127.0391308114570563_37.5281543012393257,1220058002,뉴스포유,127.0384385465388561_37.5283499106960861,65.0,18.0,서행,127.0384385465388561_37.5283499106960861|127.0391308114570563_37.5281543012393257
2026-09-04T18:34:05.570303+09:00,압구정로데오거리,압구정로데오거리,POI071,KEY_3,1220036206,압구정로,1220235400,신사동 667-35,127.0398194246827615_37.5279804016432124,1220057902,압구정로데오역6번출구,127.0391308114570563_37.5281543012393257,64.0,18.0,서행,127.0391308114570563_37.5281543012393257|127.0398194246827615_37.5279804016432124
2026-09-04T18:34:05.570303+09:00,압구정로데오거리,압구정로데오거리,POI071,KEY_3,1220094200,언주로154길,1220052303,디아드아스턴갤러리,127.0340560504835707_37.5232158850870405,1220052102,아트스페이스엣,127.0333555975738022_37.5229965212493681,67.0,22.0,서행,127.0333555975738022_37.5229965212493681|127.0340560504835707_37.5232158850870405
2026-09-04T18:34:05.570303+09:00,압구정로데오거리,압구정로데오거리,POI071,KEY_3,1220094300,언주로154길,1220052101,아트스페이스엣,127.0333258336318352_37.5231033777095533,1220052304,디아드아스턴갤러리,127.0340516336079162_37.5233306796815853,69.0,9.0,정체,127.0340516336079162_37.5233306796815853|127.0333258336318352_37.5231033777095533
2026-09-04T18:34:05.570303+09:00,압구정로데오거리,압구정로데오거리,POI071,KEY_3,1220094600,도산대로45길,1220277300,신사동 668-46,127.0347080693143624_37.5234268215054954,1220052302,디아드아스턴갤러리,127.0341902263573672_37.5232584336002688,49.0,8.0,정체,127.0341902263573672_37.5232584336002688|127.0347080693143624_37.5234268215054954
2026-09-04T18:34:05.570303+09:00,압구정로데오거리,압구정로데오거리,POI071,KEY_3,1220094700,도산대로45길,1220052301,디아드아스턴갤러리,127.0341857886132289_37.5233737746786886,1220051501,메종에르메스박물관,127.0360029680279013_37.5222664581804750,272.0,14.0,정체,127.0360029680279013_37.5222664581804750|127.0352934199533905_37.5236579906133016|127.0351486410132509_37.5236868649660238|127.0346567586791764_37.5235269211159306|127.0341857886132289_37.5233737746786886
2026-09-04T18:34:05.570303+09:00,압구정로데오거리,압구정로데오거리,POI071,KEY_3,1220095300,선릉로152길,1220319500,청담동 139-1,127.0402782679631741_37.5241051716234963,1220052702,키네마극장,127.0394238001620124_37.5240025656407425,76.0,10.0,정체,127.0394238001620124_37.5240025656407425|127.0402782679631741_37.5241051716234963
2026-09-04T18:34:05.570303+09:00,압구정로데오거리,압구정로데오거리,POI071,KEY_3,1220095400,선릉로152길,1220319400,청담동 139-1,127.0402580301235815_37.5242120839654163,1220052401,청담동 77,127.0414412487968434_37.5235345793648207,176.0,10.0,정체,127.0414412487968434_37.5235345793648207|127.0413128808020531_37.5242458193041557|127.0412157654857310_37.5243077538981922|127.0411093794579500_37.5243143088269946|127.0402580301235815_37.5242120839654163
2026-09-04T18:34:05.570303+09:00,압구정로데오거리,압구정로데오거리,POI071,KEY_3,1220096100,도산대로49길,1220440700,신사동 668-24,127.0373908494422608_37.5232317047430755,1220051801,신사동 501-5,127.0374445169795194_37.5227330235805070,56.0,10.5,정체,127.0374445169795194_37.5227330235805070|127.0373908494422608_37.5232317047430755
2026-09-04T18:34:05.570303+09:00,압구정로데오거리,압구정로데오거리,POI071,KEY_3,1220096200,도산대로49길,1220388400,신사동 668-27,127.0387418603502709_37.5248916424388383,1220053404,신한양빌딩,127.0395380314040210_37.5247178461193727,73.0,13.5,정체,127.0395380314040210_37.5247178461193727|127.0389386031129675_37.5248486960011931|127.0387418603502709_37.5248916424388383
2026-09-04T18:34:05.570303+09:00,압구정로데오거리,압구정로데오거리,POI071,KEY_3,1220097800,압구정로60길,1220352200,청담동 139-1,127.0407503810591976_37.5255388039052349,1220055402,청담동 139,127.0400167637479711_37.5257004062011887,67.0,14.0,정체,127.0400167637479711_37.5257004062011887|127.0407503810591976_37.5255388039052349
2026-09-04T18:34:05.570303+09:00,압구정로데오거리,압구정로데오거리,POI071,KEY_3,1220097900,압구정로60길,1220206400,청담동 139-2,127.0420188424852199_37.5267405370192932,1220056303,압구정로데오역3번출구,127.0422397642238650_37.5273658980511087,72.0,16.0,서행,127.0422397642238650_37.5273658980511087|127.0420188424852199_37.5267405370192932
2026-09-04T18:34:05.570303+09:00,압구정로데오거리,압구정로데오거리,POI071,KEY_3,1220098000,압구정로42길,1220168900,신사동 636-8,127.0349921764483980_37.5272593817440381,1220057103,갤러리언플러그드,127.0351618412494759_37.5276887643753270,50.0,8.0,정체,127.0351618412494759_37.5276887643753270|127.0349921764483980_37.5272593817440381
2026-09-04T18:34:05.570303+09:00,압구정로데오거리,압구정로데오거리,POI071,KEY_3,1220098800,압구정로50길,1220192600,신사동 668-32,127.0380283676483515_37.5276082080590356,1220058003,뉴스포유,127.0383098113258313_37.5283845789100567,90.0,10.0,정체,127.0383098113258313_37.5283845789100567|127.0380283676483515_37.5276082080590356
2026-09-04T18:34:05.570303+09:00,압구정로데오거리,압구정로데오거리,POI071,KEY_3,1220100200,압구정로46길,1220198800,신사동 668-29,127.0368064909289245_37.5282459368945851,1220057102,갤러리언플러그드,127.0352917319595178_37.5276573064262138,224.0,6.5,정체,127.0352917319595178_37.5276573064262138|127.0363751056718939_37.5272684683231859|127.0364780446013810_37.5273012249340567|127.0368064909289245_37.5282459368945851
2026-09-04T18:34:05.570303+09:00,압구정로데오거리,압구정로데오거리,POI071,KEY_3,1220100300,압구정로46길,1220057101,갤러리언플러그드,127.0353333724486617_37.5277609530066627,1220058603,신사동 667-35,127.0368481916816137_37.5287559403852029,258.0,12.0,정체,127.0368481916816137_37.5287559403852029|127.0367790274979996_37.5285721153675809|127.0366756551665475_37.5282747888026975|127.0363679184725925_37.5273896408760095|127.0353333724486617_37.5277609530066627
2026-09-04T18:34:05.570303+09:00,압구정로데오거리,압구정로데오거리,POI071,KEY_3,1220101300,언주로172길,1220221600,신사동 668-31,127.0343366867367791_37.5277719336935860,1220057702,신사동668-7,127.0336604132832861_37.5278365649310217,60.0,16.0,서행,127.0336604132832861_37.5278365649310217|127.0343366867367791_37.5277719336935860
2026-09-04T18:34:05.570303+09:00,압구정로데오거리,압구정로데오거리,POI071,KEY_3,1220101400,언주로172길,1220221500,신사동 637-1,127.0343528619886087_37.5278792836731370,1220057104,갤러리언플러그드,127.0352036089228704_37.5277927638463282,76.0,14.0,정체,127.0352036089228704_37.5277927638463282|127.0350756293459966_37.5278102049535391|127.0343528619886087_37.5278792836731370
2026-09-04T18:34:05.570303+09:00,압구정로데오거리,압구정로데오거리,POI071,KEY_3,1220102100,압구정로42길,1220057104,갤러리언플러그드,127.0352036089228704_37.5277927638463282,1220058802,디에이치갤러리,127.0357050675745256_37.5290007857834951,141.0,11.0,정체,127.0357050675745256_37.5290007857834951|127.0356527222084253_37.5288599748930167|127.0353921213760771_37.5282524051063504|127.0352036089228704_37.5277927638463282
2026-09-04T18:34:05.570303+09:00,여의도,여의도,POI072,KEY_4,1180018706,여의동로,1180248500,여의도동 7-5,126.9408076990061289_37.5205652394176070,1180033601,여의상류IC,126.9410620352872030_37.5197641943777285,92.0,23.0,서행,126.9410620352872030_37.5197641943777285|126.9410197256354849_37.5200367526254936|126.9409429071853452_37.5203021469964426|126.9408500463545408_37.5204990074997298|126.9408076990061289_37.5205652394176070
2026-09-04T18:34:05.570303+09:00,여의도,여의도,POI072,KEY_4,1180001501,경인로,1180034601,영등포고가차도(동측),126.9148856364626994_37.5201012797874753,1180038804,여의도교차로,126.9173326906496868_37.5216339050043644,275.0,9.7,정체,126.9173326906496868_37.5216339050043644|126.9148856364626994_37.5201012797874753
2026-09-04T18:34:05.570303+09:00,여의도,여의도,POI072,KEY_4,1180001601,경인로,1180038803,여의도교차로,126.9174065780712510_37.5215426374484053,1180034602,영등포고가차도(동측),126.9149485395489876_37.5200031329234420,276.0,17.0,서행,126.9149485395489876_37.5200031329234420|126.9174065780712510_37.5215426374484053
2026-09-04T18:34:05.570303+09:00,여의도,여의도,POI072,KEY_4,1180001900,여의대로,1180044402,여의도공원앞,126.9216257794162317_37.5243012223384227,1180047704,여의도동2-11,126.9258941441588888_37.5269761909264190,480.0,18.0,서행,126.9258941441588888_37.5269761909264190|126.9216257794162317_37.5243012223384227
2026-09-04T18:34:05.570303+09:00,여의도,여의도,POI072,KEY_4,1180002000,여의대로,1180047703,여의도동2-11,126.9259780906076145_37.5268912205965108,1180044401,여의도공원앞,126.9217097283597013_37.5242162542949913,480.0,16.0,서행,126.9217097283597013_37.5242162542949913|126.9259780906076145_37.5268912205965108
2026-09-04T18:34:05.570303+09:00,여의도,여의도,POI072,KEY_4,1180002300,여의대로,1180047701,여의도동2-11,126.9259994169464392_37.5270428260578939,1180050903,마포대교앞교차로,126.9293336830422589_37.5291760389837705,378.0,25.0,원활,126.9293336830422589_37.5291760389837705|126.9259994169464392_37.5270428260578939
2026-09-04T18:34:05.570303+09:00,여의도,여의도,POI072,KEY_4,1180002501,여의대로,1180050904,마포대교앞교차로,126.9294559117414423_37.5292538203661366,1180052400,마포대교,126.9307212821010751_37.5300463600273631,142.0,30.0,원활,126.9307212821010751_37.5300463600273631|126.9294559117414423_37.5292538203661366
2026-09-04T18:34:05.570303+09:00,여의도,여의도,POI072,KEY_4,1180002601,여의대로,1180051800,마포대교,126.9308059681326171_37.5299618570035207,1180050901,마포대교앞교차로,126.9295779021332464_37.5291926767471580,138.0,45.0,원활,126.9295779021332464_37.5291926767471580|126.9308059681326171_37.5299618570035207
2026-09-04T18:34:05.570303+09:00,여의도,여의도,POI072,KEY_4,1180002602,여의대로,1180263600,최소노드배치점,126.9340230665834355_37.5320236982424547,1180051800,마포대교,126.9308059681326171_37.5299618570035207,365.0,39.0,원활,126.9308059681326171_37.5299618570035207|126.9335784255592046_37.5317501054697615|126.9340230665834355_37.5320236982424547
2026-09-04T18:34:05.570303+09:00,여의도,여의도,POI072,KEY_4,1180017603,여의동로,1180231500,여의도동 53-19,126.9343504590003988_37.5174301373925374,1180029004,여의도성모병원앞교차로,126.9349411821330307_37.5176018532841411,58.0,8.0,정체,126.9349411821330307_37.5176018532841411|126.9348356152542294_37.5175085459307311|126.9346541232606143_37.5174549053414381|126.9343504590003988_37.5174301373925374
2026-09-04T18:34:05.570303+09:00,여의도,여의도,POI072,KEY_4,1180017604,여의동로,1180028007,여의교앞교차로,126.9287014635556687_37.5170854408198835,1180028005,여의도동7-1,126.9330688836831342_37.5173255987544749,388.0,7.5,정체,126.9330688836831342_37.5173255987544749|126.9328973427525256_37.5173116050715265|126.9294935445075794_37.5170570638274583|126.9289923768250787_37.5170379776801539|126.9287795609766931_37.5170601520838431|126.9287014635556687_37.5170854408198835
2026-09-04T18:34:05.570303+09:00,여의도,여의도,POI072,KEY_4,1180017701,여의동로,1180028004,여의도동7-1,126.9330827126799619_37.5172180403822111,1180028008,여의교앞교차로,126.9286343708705260_37.5169904528563194,396.0,35.0,원활,126.9286343708705260_37.5169904528563194|126.9287446293766948_37.5169547496645919|126.9289867718019735_37.5169295196363777|126.9295031352358762_37.5169491852132566|126.9329106012311854_37.5172040003699721|126.9330827126799619_37.5172180403822111
2026-09-04T18:34:05.570303+09:00,여의도,여의도,POI072,KEY_4,1180017702,여의동로,1180212400,여의도동 7-18,126.9341125889030053_37.5173020490113700,1180028003,여의도동7-1,126.9332227196865404_37.5172294613749528,79.0,8.0,정체,126.9332227196865404_37.5172294613749528|126.9341125889030053_37.5173020490113700
2026-09-04T18:34:05.570303+09:00,여의도,여의도,POI072,KEY_4,1180017801,여의동로,1180028009,여의교앞교차로,126.9284790582093052_37.5169816909920968,1180028502,여의도동 3-9,126.9263700646838942_37.5171809813683481,190.0,7.0,정체,126.9263700646838942_37.5171809813683481|126.9267092074073844_37.5171065648512680|126.9271923057624747_37.5170058728699303|126.9277377896163870_37.5169434538744397|126.9281694861959551_37.5169240690170369|126.9284790582093052_37.5169816909920968
2026-09-04T18:34:05.570303+09:00,여의도,여의도,POI072,KEY_4,1180017802,여의동로,1180028503,여의도동 3-9,126.9262093538062430_37.5172191529016956,1180005902,윤중중교,126.9243075012715991_37.5179017267780566,185.0,7.0,정체,126.9243075012715991_37.5179017267780566|126.9255065559263898_37.5174428120289818|126.9257850863195785_37.5173417407292575|126.9262093538062430_37.5172191529016956
2026-09-04T18:34:05.570303+09:00,여의도,여의도,POI072,KEY_4,1180017901,여의동로,1180028501,여의도동 3-9,126.9264061143659319_37.5172852192624120,1180028010,여의교앞교차로,126.9284949425250630_37.5170956809386524,189.0,25.0,원활,126.9284949425250630_37.5170956809386524|126.9281576212887757_37.5170328939948732|126.9277512856331498_37.5170511401386335|126.9272192236425525_37.5171120231464954|126.9267444154372555_37.5172109868474237|126.9264061143659319_37.5172852192624120
2026-09-04T18:34:05.570303+09:00,여의도,여의도,POI072,KEY_4,1180017902,여의동로,1180005901,윤중중교,126.9243662892942979_37.5179991816475678,1180028504,여의도동 3-9,126.9262556418987771_37.5173207931159425,183.0,24.0,서행,126.9262556418987771_37.5173207931159425|126.9258364480671446_37.5174419140978017|126.9255640934717064_37.5175407441088709|126.9243662892942979_37.5179991816475678
2026-09-04T18:34:05.570303+09:00,여의도,여의도,POI072,KEY_4,1180018603,여의동로,1180248600,여의도동 7-6,126.9406867369458780_37.5205161735924975,1180007003,시범아파트앞교차로,126.9402919444834907_37.5208989401789523,56.0,14.0,정체,126.9402919444834907_37.5208989401789523|126.9404650735248765_37.5207821875801457|126.9406178353196282_37.5206239357599500|126.9406867369458780_37.5205161735924975
2026-09-04T18:34:05.570303+09:00,여의도,여의도,POI072,KEY_4,1180018604,여의동로,1180029002,여의도성모병원앞교차로,126.9350997210679566_37.5175977027777066,1180029602,여의상류IC,126.9364758954819337_37.5177089882566790,126.0,13.0,정체,126.9364758954819337_37.5177089882566790|126.9353673171677030_37.5175347013783878|126.9351749655291002_37.5175478271988325|126.9350997210679566_37.5175977027777066
2026-09-04T18:34:05.570303+09:00,여의도,여의도,POI072,KEY_4,1180018605,여의동로,1180112400,여의도동 62,126.9372867645856218_37.5178660511535682,1180030304,여의상류IC,126.9386167973851798_37.5180766712669254,120.0,33.0,원활,126.9386167973851798_37.5180766712669254|126.9372923478496773_37.5178671325933735|126.9372867645856218_37.5178660511535682
2026-09-04T18:34:05.570303+09:00,여의도,여의도,POI072,KEY_4,1180018701,여의동로,1180029601,여의상류IC,126.9365050785440872_37.5176034226056245,1180029003,여의도성모병원앞교차로,126.9350199175880505_37.5175099394123706,136.0,31.0,원활,126.9350199175880505_37.5175099394123706|126.9351209053556602_37.5174430000204779|126.9353748169001506_37.5174256723693205|126.9365050785440872_37.5176034226056245
2026-09-04T18:34:05.570303+09:00,여의도,여의도,POI072,KEY_4,1180018702,여의동로,1180112500,여의도동 62,126.9373188332011750_37.5177609917576689,1180029601,여의상류IC,126.9365050785440872_37.5176034226056245,74.0,26.0,원활,126.9365050785440872_37.5176034226056245|126.9373188332011750_37.5177609917576689
2026-09-04T18:34:05.570303+09:00,여의도,여의도,POI072,KEY_4,1180018704,여의동로,1180032700,여의상류IC,126.9408644596989291_37.5190433065538684,1180030302,여의상류IC,126.9388089615749209_37.5179993865758163,226.0,33.0,원활,126.9388089615749209_37.5179993865758163|126.9395937035285726_37.5181361308751633|126.9396772958450867_37.5181625840344495|126.9398184957858717_37.5182072672049287|126.9400594148473544_37.5183033690800016|126.9402528860086647_37.5184268126401008|126.9402658425591568_37.5184356698263670|126.9404404017894734_37.5185549993626708|126.9406033172842569_37.5187003987944934|126.9407382129929545_37.5188571753253512|126.9407941985135011_37.5189357133389834|126.9408504409698537_37.5190146115958214|126.9408644596989291_37.5190433065538684
2026-09-04T18:34:05.570303+09:00,여의도,여의도,POI072,KEY_4,1180018705,여의동로,1180033601,여의상류IC,126.9410620352872030_37.5197641943777285,1180032700,여의상류IC,126.9408644596989291_37.5190433065538684,83.0,21.0,서행,126.9408644596989291_37.5190433065538684|126.9409385909511201_37.5191950815743880|126.9409922183505728_37.5193112485734019|126.9410273832007618_37.5194267107547716|126.9410583553759722_37.5195846269940034|126.9410620352872030_37.5197641943777285
2026-09-04T18:34:05.570303+09:00,여의도,여의도,POI072,KEY_4,1180019001,의사당대로,1180028010,여의교앞교차로,126.9284949425250630_37.5170956809386524,1180030703,이마트(여의도점),126.9276237094474169_37.5180791890850927,134.0,6.0,정체,126.9276237094474169_37.5180791890850927|126.9282503724807043_37.5174250886371610|126.9284949425250630_37.5170956809386524
2026-09-04T18:34:05.570303+09:00,여의도,여의도,POI072,KEY_4,1180019002,의사당대로,1180030704,이마트(여의도점),126.9275405917458244_37.5181646802247997,1180032903,대한지적공사앞사거리,126.9264435973438907_37.5192761903987275,157.0,10.0,정체,126.9264435973438907_37.5192761903987275|126.9274241496460434_37.5182826651824399|126.9275405917458244_37.5181646802247997
2026-09-04T18:34:05.570303+09:00,여의도,여의도,POI072,KEY_4,1180019102,의사당대로,1180030701,속성변화점,126.9276473072265503_37.5182315002228179,1180028006,여의교앞교차로,126.9286026167275026_37.5171630582704978,146.0,11.0,정체,126.9286026167275026_37.5171630582704978|126.9283631364112210_37.5174856126007654|126.9277316183260922_37.5181447808652777|126.9276473072265503_37.5182315002228179
2026-09-04T18:34:05.570303+09:00,여의도,여의도,POI072,KEY_4,1180019103,의사당대로,1180158500,여의도동 4-6,126.9275308651327805_37.5183494852298693,1180030701,속성변화점,126.9276473072265503_37.5182315002228179,17.0,10.0,정체,126.9276473072265503_37.5182315002228179|126.9275308651327805_37.5183494852298693
2026-09-04T18:34:05.570303+09:00,여의도,여의도,POI072,KEY_4,1180019202,여의대방로,1180028006,여의교앞교차로,126.9286026167275026_37.5171630582704978,1180031509,인도네시아대사관,126.9306994439660485_37.5185627932675629,243.0,6.0,정체,126.9306994439660485_37.5185627932675629|126.9306031366086529_37.5185041290905232|126.9288757489613886_37.5174518878942251|126.9286828339483293_37.5172632357301907|126.9286026167275026_37.5171630582704978
2026-09-04T18:34:05.570303+09:00,여의도,여의도,POI072,KEY_4,1180019203,여의대방로,1180130400,여의도동 5,126.9313888868268947_37.5189843143560324,1180033009,여의도동 5,126.9319553324304906_37.5193307404292185,63.0,6.0,정체,126.9319553324304906_37.5193307404292185|126.9314871570067851_37.5190444147317379|126.9313888868268947_37.5189843143560324
2026-09-04T18:34:05.570303+09:00,여의도,여의도,POI072,KEY_4,1180019204,여의대방로,1180033006,여의도동 5,126.9320621848172266_37.5193974572135858,1180034404,한양아파트앞교차로,126.9328084183614891_37.5198734924336605,85.0,7.0,정체,126.9328084183614891_37.5198734924336605|126.9322735200188532_37.5195322726712277|126.9320621848172266_37.5193974572135858
2026-09-04T18:34:05.570303+09:00,여의도,여의도,POI072,KEY_4,1180019302,여의대방로,1180241400,여의도동 5,126.9306855951908375_37.5184182444828664,1180028007,여의교앞교차로,126.9287014635556687_37.5170854408198835,231.0,19.0,서행,126.9287014635556687_37.5170854408198835|126.9287930450981605_37.5171998112240601|126.9289709014987722_37.5173737371677518|126.9306855951908375_37.5184182444828664
2026-09-04T18:34:05.570303+09:00,여의도,여의도,POI072,KEY_4,1180019303,여의대방로,1180240900,여의도동 5,126.9315698250522786_37.5189586575812442,1180031507,인도네시아대사관,126.9308898838573612_37.5185428140672030,76.0,17.0,서행,126.9308898838573612_37.5185428140672030|126.9314715548845385_37.5188985573068834|126.9315698250522786_37.5189586575812442
2026-09-04T18:34:05.570303+09:00,여의도,여의도,POI072,KEY_4,1180019801,국제금융로,1180189600,여의도동 5-2,126.9338907798894240_37.5187863161933706,1180034403,한양아파트앞교차로,126.9328922937565949_37.5197884754386166,142.0,18.0,서행,126.9328922937565949_37.5197884754386166|126.9338907798894240_37.5187863161933706
2026-09-04T18:34:05.570303+09:00,여의도,여의도,POI072,KEY_4,1180019902,국제금융로,1180189700,여의도동 5-2,126.9339971083820728_37.5188535265460033,1180029001,여의도성모병원앞교차로,126.9350432370004853_37.5177398182181605,155.0,6.0,정체,126.9350432370004853_37.5177398182181605|126.9349629962171520_37.5178840506861349|126.9339971083820728_37.5188535265460033
2026-09-04T18:34:05.570303+09:00,여의도,여의도,POI072,KEY_4,1180020000,여의동로,1180005903,윤중중교,126.9241717358982697_37.5179543351309093,1180006402,윤중초교앞교차로,126.9206614835417213_37.5193540995263746,347.0,25.0,원활,126.9206614835417213_37.5193540995263746|126.9241717358982697_37.5179543351309093
2026-09-04T18:34:05.570303+09:00,여의도,여의도,POI072,KEY_4,1180020100,여의동로,1180006401,윤중초교앞교차로,126.9207650877759193_37.5194336994840612,1180005904,윤중중교,126.9242325042099822_37.5180510147375443,343.0,4.0,정체,126.9242325042099822_37.5180510147375443|126.9207650877759193_37.5194336994840612
2026-09-04T18:34:05.570303+09:00,여의도,여의도,POI072,KEY_4,1180020301,여의동로3길,1180031103,윤중중학교,126.9249231925236501_37.5183700829170732,1180005901,윤중중교,126.9243662892942979_37.5179991816475678,64.0,21.0,서행,126.9243662892942979_37.5179991816475678|126.9249231925236501_37.5183700829170732
2026-09-04T18:34:05.570303+09:00,여의도,여의도,POI072,KEY_4,1180020302,여의동로3길,1180032903,대한지적공사앞사거리,126.9264435973438907_37.5192761903987275,1180031102,윤중중학교,126.9250235086354763_37.5184328852547324,157.0,15.5,서행,126.9250235086354763_37.5184328852547324|126.9253760354125831_37.5186403507661197|126.9259317402423761_37.5189673840996818|126.9261792002282760_37.5191130130005561|126.9264435973438907_37.5192761903987275
2026-09-04T18:34:05.570303+09:00,여의도,여의도,POI072,KEY_4,1180021002,63로,1180166800,여의도동 50,126.9395653585884816_37.5205912479877313,1180007004,시범아파트앞교차로,126.9401991775211798_37.5209785278175971,71.0,17.3,서행,126.9401991775211798_37.5209785278175971|126.9395653585884816_37.5205912479877313
2026-09-04T18:34:05.570303+09:00,여의도,여의도,POI072,KEY_4,1180021101,63로,1180195300,여의도동 6,126.9380119529951827_37.5194963601287341,1180029002,여의도성모병원앞교차로,126.9350997210679566_37.5175977027777066,334.0,7.0,정체,126.9350997210679566_37.5175977027777066|126.9351839323089735_37.5177190713969679|126.9353248760758532_37.5178334697526950|126.9354925925652253_37.5179372646136571|126.9369440439217271_37.5188355036529302|126.9374483762469197_37.5191476033771139|126.9376362472135042_37.5192638637462252|126.9380119529951827_37.5194963601287341
2026-09-04T18:34:05.570303+09:00,여의도,여의도,POI072,KEY_4,1180022001,여의동로,1180006403,윤중초교앞교차로,126.9205331922790805_37.5194057557695260,1180034500,메리어트파크센터오피스텔,126.9191573972615572_37.5200167950090204,139.0,9.0,정체,126.9191573972615572_37.5200167950090204|126.9195487672864573_37.5198172756694817|126.9200046134281195_37.5196196313517518|126.9205331922790805_37.5194057557695260
2026-09-04T18:34:05.570303+09:00,여의도,여의도,POI072,KEY_4,1180022003,여의동로,1180034500,메리어트파크센터오피스텔,126.9191573972615572_37.5200167950090204,1180038708,서울교앞,126.9176384535335274_37.5212437352463297,193.0,26.0,원활,126.9176384535335274_37.5212437352463297|126.9177737130527390_37.5210708680828517|126.9180113765738440_37.5208237738386003|126.9182127611032485_37.5206509623871227|126.9184597884011652_37.5204519962155132|126.9185760471934401_37.5203706965029085|126.9188382590859732_37.5202048586976034|126.9191573972615572_37.5200167950090204
2026-09-04T18:34:05.570303+09:00,여의도,여의도,POI072,KEY_4,1180022004,여의동로,1180038709,서울교앞,126.9175660120804139_37.5213368385697237,1180038803,여의도교차로,126.9174065780712510_37.5215426374484053,27.0,14.0,정체,126.9174065780712510_37.5215426374484053|126.9175660120804139_37.5213368385697237
2026-09-04T18:34:05.570303+09:00,여의도,여의도,POI072,KEY_4,1180022101,여의동로,1180035807,KT여의도지점,126.9186604598271515_37.5204553701592047,1180006404,윤중초교앞교차로,126.9206365839930015_37.5194851920707038,206.0,19.0,서행,126.9206365839930015_37.5194851920707038|126.9200678162411009_37.5197153291130974|126.9196178727489439_37.5199104143355413|126.9192343336486459_37.5201057964449731|126.9189208570016234_37.5202906791802562|126.9186604598271515_37.5204553701592047
2026-09-04T18:34:05.570303+09:00,여의도,여의도,POI072,KEY_4,1180022103,여의동로,1180038707,서울교앞,126.9177536585469710_37.5213009209994013,1180035806,KT여의도지점,126.9185563083192676_37.5205280201315929,112.0,17.0,서행,126.9185563083192676_37.5205280201315929|126.9183107914376052_37.5207257702069512|126.9181152324778310_37.5208935825944394|126.9178854547087951_37.5211324807004090|126.9177536585469710_37.5213009209994013
2026-09-04T18:34:05.570303+09:00,여의도,여의도,POI072,KEY_4,1180022104,여의동로,1180038802,여의도교차로,126.9175141532534923_37.5216096736950604,1180038706,서울교앞,126.9176815364894821_37.5213936151355867,28.0,13.0,정체,126.9176815364894821_37.5213936151355867|126.9175141532534923_37.5216096736950604
2026-09-04T18:34:05.570303+09:00,여의도,여의도,POI072,KEY_4,1180022401,의사당대로,1180032904,대한지적공사앞사거리,126.9263598027269637_37.5193612539994206,1180035903,속성변화점,126.9253081000746164_37.5204308705330831,151.0,15.0,서행,126.9253081000746164_37.5204308705330831|126.9263598027269637_37.5193612539994206
2026-09-04T18:34:05.570303+09:00,여의도,여의도,POI072,KEY_4,1180022402,의사당대로,1180078600,여의도동 3-6,126.9246842218055917_37.5210726004608617,1180038903,여의도역앞교차로,126.9241769575183127_37.5215948246163791,73.0,33.0,원활,126.9241769575183127_37.5215948246163791|126.9246842218055917_37.5210726004608617
2026-09-04T18:34:05.570303+09:00,여의도,여의도,POI072,KEY_4,1180022501,의사당대로,1180035902,여의도동 3-6,126.9254149706603272_37.5204975359694970,1180032901,대한지적공사앞사거리,126.9264657832950292_37.5194288220322676,151.0,37.0,원활,126.9264657832950292_37.5194288220322676|126.9254149706603272_37.5204975359694970
2026-09-04T18:34:05.570303+09:00,여의도,여의도,POI072,KEY_4,1180022502,의사당대로,1180232200,여의도동 3-6,126.9249536728722347_37.5209718922338453,1180035901,여의도동 3-6,126.9253314029925406_37.5205830136610601,55.0,7.0,정체,126.9253314029925406_37.5205830136610601|126.9249536728722347_37.5209718922338453
2026-09-04T18:34:05.570303+09:00,여의도,여의도,POI072,KEY_4,1180022601,여의나루로,1180244800,여의도동 3,126.9215656689733720_37.5200967219306705,1180036804,광장아파트앞,126.9226527303322172_37.5207652863534591,121.0,14.0,정체,126.9226527303322172_37.5207652863534591|126.9217926969060244_37.5202363504555478|126.9215656689733720_37.5200967219306705
2026-09-04T18:34:05.570303+09:00,여의도,여의도,POI072,KEY_4,1180022602,여의나루로,1180036801,광장아파트앞,126.9227595051740991_37.5208320493825696,1180038904,여의도역앞교차로,126.9240944819508456_37.5216807302462740,151.0,7.0,정체,126.9240944819508456_37.5216807302462740|126.9230741785364529_37.5210320988540929|126.9227595051740991_37.5208320493825696
2026-09-04T18:34:05.570303+09:00,여의도,여의도,POI072,KEY_4,1180022701,여의나루로,1180194200,여의도동 3,126.9209663293650578_37.5195741533230844,1180006401,윤중초교앞교차로,126.9207650877759193_37.5194336994840612,24.0,7.0,정체,126.9207650877759193_37.5194336994840612|126.9208553341128010_37.5195030362503985|126.9209663293650578_37.5195741533230844
2026-09-04T18:34:05.570303+09:00,여의도,여의도,POI072,KEY_4,1180022702,여의나루로,1180124200,여의도동 3,126.9231588597579616_37.5209475952101101,1180036802,광장아파트앞,126.9228279546733376_37.5207372265233658,37.0,10.0,정체,126.9228279546733376_37.5207372265233658|126.9231588597579616_37.5209475952101101
2026-09-04T18:34:05.570303+09:00,여의도,여의도,POI072,KEY_4,1180022901,국제금융로8길,1180126900,여의도동 4,126.9279920585710784_37.5202627781520377,1180032902,대한지적공사앞사거리,126.9265496010735461_37.5193437320748941,163.0,13.0,정체,126.9265496010735461_37.5193437320748941|126.9269201916985708_37.5195875873130760|126.9272716623493835_37.5198188587192476|126.9273748360091219_37.5198841753130239|126.9279920585710784_37.5202627781520377
2026-09-04T18:34:05.570303+09:00,여의도,여의도,POI072,KEY_4,1180022903,국제금융로8길,1180234300,여의도동 4,126.9293196295517134_37.5210904417870239,1180036702,매일일보,126.9287164299037443_37.5207081885220788,68.0,4.0,정체,126.9287164299037443_37.5207081885220788|126.9293196295517134_37.5210904417870239
2026-09-04T18:34:05.570303+09:00,여의도,여의도,POI072,KEY_4,1180022904,국제금융로8길,1180040203,수정아파트앞교차로,126.9307509889043502_37.5219799273467487,1180038602,한국금융증권,126.9299951560938382_37.5215173870643000,84.0,3.0,정체,126.9299951560938382_37.5215173870643000|126.9307509889043502_37.5219799273467487
2026-09-04T18:34:05.570303+09:00,여의도,여의도,POI072,KEY_4,1180023002,국제금융로,1180034404,한양아파트앞교차로,126.9328084183614891_37.5198734924336605,1180040203,수정아파트앞교차로,126.9307509889043502_37.5219799273467487,296.0,8.0,정체,126.9307509889043502_37.5219799273467487|126.9318322407762167_37.5208729407229455|126.9328084183614891_37.5198734924336605
2026-09-04T18:34:05.570303+09:00,여의도,여의도,POI072,KEY_4,1180023102,국제금융로,1180122200,여의도동 4-2,126.9319393819449289_37.5209393298269305,1180034401,한양아파트앞교차로,126.9329147543003131_37.5199407045290272,140.0,5.0,정체,126.9329147543003131_37.5199407045290272|126.9319393819449289_37.5209393298269305
2026-09-04T18:34:05.570303+09:00,여의도,여의도,POI072,KEY_4,1180023802,여의대방로,1180148700,여의도동 5,126.9332535039271335_37.5201528891288518,1180036504,삼익아파트,126.9340675747020981_37.5206627945251299,92.0,3.0,정체,126.9340675747020981_37.5206627945251299|126.9337093608596518_37.5204384234820338|126.9332535039271335_37.5201528891288518
2026-09-04T18:34:05.570303+09:00,여의도,여의도,POI072,KEY_4,1180023803,여의대방로,1180089000,여의도동 5,126.9348014519769947_37.5211250042198898,1180038402,원효대교(남측),126.9354288936371944_37.5215199968422155,71.0,4.0,정체,126.9354288936371944_37.5215199968422155|126.9354064649786693_37.5215062088296207|126.9349318528382327_37.5212071673588810|126.9348014519769947_37.5211250042198898
2026-09-04T18:34:05.570303+09:00,여의도,여의도,POI072,KEY_4,1180023804,여의대방로,1180038402,원효대교(남측),126.9354288936371944_37.5215199968422155,1180007603,원효대교앞교차로,126.9376993931907123_37.5229058691159025,253.0,17.0,서행,126.9376993931907123_37.5229058691159025|126.9367576606416321_37.5223368743102839|126.9354288936371944_37.5215199968422155
2026-09-04T18:34:05.570303+09:00,여의도,여의도,POI072,KEY_4,1180023902,여의대방로,1180148600,여의도동 5,126.9333374148772862_37.5200679006656301,1180034402,한양아파트앞교차로,126.9329986208068846_37.5198556883736742,38.0,31.0,원활,126.9329986208068846_37.5198556883736742|126.9333374148772862_37.5200679006656301
2026-09-04T18:34:05.570303+09:00,여의도,여의도,POI072,KEY_4,1180023904,여의대방로,1180007602,원효대교앞교차로,126.9377991695937595_37.5228304435030964,1180038401,원효대교(남측),126.9355118374576392_37.5214344074539099,255.0,16.0,서행,126.9355118374576392_37.5214344074539099|126.9368401546675926_37.5222510078583156|126.9377991695937595_37.5228304435030964
2026-09-04T18:34:05.570303+09:00,여의도,여의도,POI072,KEY_4,1180024601,여의동로,1180007004,시범아파트앞교차로,126.9401991775211798_37.5209785278175971,1180007602,원효대교앞교차로,126.9377991695937595_37.5228304435030964,295.0,20.0,서행,126.9377991695937595_37.5228304435030964|126.9394041207515187_37.5216176335209894|126.9401086909208090_37.5210660656542530|126.9401991775211798_37.5209785278175971
2026-09-04T18:34:05.570303+09:00,여의도,여의도,POI072,KEY_4,1180024701,여의동로,1180039300,원효대교(남측),126.9394984211137256_37.5216954122665811,1180007001,시범아파트앞교차로,126.9403039746038786_37.5210472508129982,101.0,39.0,원활,126.9403039746038786_37.5210472508129982|126.9402089441002488_37.5211391841689448|126.9394984211137256_37.5216954122665811
2026-09-04T18:34:05.570303+09:00,여의도,여의도,POI072,KEY_4,1180024702,여의동로,1180007601,원효대교앞교차로,126.9379087682920613_37.5228966618330730,1180039300,원효대교(남측),126.9394984211137256_37.5216954122665811,194.0,25.0,원활,126.9394984211137256_37.5216954122665811|126.9379087682920613_37.5228966618330730
2026-09-04T18:34:05.570303+09:00,여의도,여의도,POI072,KEY_4,1180025002,여의서로,1180038804,여의도교차로,126.9173326906496868_37.5216339050043644,1180042903,한국방송공사앞,126.9160598886022484_37.5232024405971387,207.0,8.0,정체,126.9160598886022484_37.5232024405971387|126.9162278121554834_37.5229759399330192|126.9171281270170084_37.5218737751130362|126.9173326906496868_37.5216339050043644
2026-09-04T18:34:05.570303+09:00,여의도,여의도,POI072,KEY_4,1180025102,여의서로,1180042902,한국방송공사앞,126.9161767807363361_37.5232574156796943,1180038801,여의도교차로,126.9174398834116033_37.5217006351711717,206.0,21.0,서행,126.9174398834116033_37.5217006351711717|126.9172411767066819_37.5219336377009398|126.9163432053984479_37.5230329362404262|126.9161767807363361_37.5232574156796943
2026-09-04T18:34:05.570303+09:00,여의도,여의도,POI072,KEY_4,1180026401,여의나루로,1180038901,여의도역앞교차로,126.9242012582014354_37.5217475240258054,1180041304,여의도포스트타워,126.9255002248636544_37.5225475166510023,145.0,7.0,정체,126.9255002248636544_37.5225475166510023|126.9242012582014354_37.5217475240258054
2026-09-04T18:34:05.570303+09:00,여의도,여의도,POI072,KEY_4,1180026402,여의나루로,1180041301,여의도포스트타워,126.9256078753944763_37.5226133831529864,1180042304,여의도우체국,126.9263084504317050_37.5230392405150965,78.0,5.0,정체,126.9263084504317050_37.5230392405150965|126.9256078753944763_37.5226133831529864
2026-09-04T18:34:05.570303+09:00,여의도,여의도,POI072,KEY_4,1180026403,여의나루로,1180125200,여의도동 3,126.9273055137644377_37.5236590158115035,1180008104,한국거래소교차로,126.9284262911522063_37.5243565376483375,126.0,14.0,정체,126.9284262911522063_37.5243565376483375|126.9273055137644377_37.5236590158115035
2026-09-04T18:34:05.570303+09:00,여의도,여의도,POI072,KEY_4,1180026501,여의나루로,1180041302,속성변화점,126.9256902342329596_37.5225274343242958,1180038902,여의도역앞교차로,126.9242837002947937_37.5216616256273028,157.0,18.0,서행,126.9242837002947937_37.5216616256273028|126.9255832614961861_37.5224619830475987|126.9256902342329596_37.5225274343242958
2026-09-04T18:34:05.570303+09:00,여의도,여의도,POI072,KEY_4,1180026502,여의나루로,1180042303,여의도우체국,126.9263908079338563_37.5229532919718807,1180041302,속성변화점,126.9256902342329596_37.5225274343242958,78.0,14.0,정체,126.9256902342329596_37.5225274343242958|126.9263908079338563_37.5229532919718807
2026-09-04T18:34:05.570303+09:00,여의도,여의도,POI072,KEY_4,1180026503,여의나루로,1180125300,여의도동 3,126.9273890984019033_37.5235738209484921,1180042302,여의도우체국,126.9264982473671637_37.5230193781161319,100.0,7.0,정체,126.9264982473671637_37.5230193781161319|126.9273890984019033_37.5235738209484921
2026-09-04T18:34:05.570303+09:00,여의도,여의도,POI072,KEY_4,1180026601,국제금융로,1180040204,수정아파트앞교차로,126.9306672829337828_37.5220650517832723,1180042603,동서빌딩,126.9296216888965887_37.5231213788522311,149.0,18.0,서행,126.9296216888965887_37.5231213788522311|126.9306672829337828_37.5220650517832723
2026-09-04T18:34:05.570303+09:00,여의도,여의도,POI072,KEY_4,1180026602,국제금융로,1180042604,동서빌딩,126.9295381668630398_37.5232067155673192,1180008103,한국거래소교차로,126.9285092333859524_37.5242709429893537,149.0,26.0,원활,126.9285092333859524_37.5242709429893537|126.9295381668630398_37.5232067155673192
2026-09-04T18:34:05.570303+09:00,여의도,여의도,POI072,KEY_4,1180026701,국제금융로,1180008102,한국거래소교차로,126.9286163016688818_37.5243374139891230,1180040201,수정아파트앞교차로,126.9307745811657071_37.5221312878077455,310.0,3.0,정체,126.9307745811657071_37.5221312878077455|126.9297282923670735_37.5231883182878576|126.9296457226009380_37.5232726808345376|126.9286163016688818_37.5243374139891230
2026-09-04T18:34:05.570303+09:00,여의도,여의도,POI072,KEY_4,1180027001,국제금융로7길,1180081300,여의도동 3-1,126.9318327118790393_37.5227902671910627,1180042104,여의도한양아파트,126.9319322430067700_37.5228522517926564,11.0,11.0,정체,126.9319322430067700_37.5228522517926564|126.9318327118790393_37.5227902671910627
2026-09-04T18:34:05.570303+09:00,여의도,여의도,POI072,KEY_4,1180027002,국제금융로7길,1180170400,여의도동 30-2,126.9333111517824335_37.5237035923319837,1180008203,여의도선착장앞교차로,126.9351237113233424_37.5248540733071394,205.0,17.0,서행,126.9351237113233424_37.5248540733071394|126.9347308471132010_37.5245861791715924|126.9341471467802336_37.5242210350281624|126.9339693179029922_37.5241097897212015|126.9335585427071464_37.5238562744125730|126.9333111517824335_37.5237035923319837
2026-09-04T18:34:05.570303+09:00,여의도,여의도,POI072,KEY_4,1180027101,국제금융로7길,1180125900,여의도동 4,126.9311872674100243_37.5222510530704270,1180040202,수정아파트앞교차로,126.9308582797666531_37.5220461648026387,37.0,15.0,서행,126.9308582797666531_37.5220461648026387|126.9311872674100243_37.5222510530704270
2026-09-04T18:34:05.570303+09:00,여의도,여의도,POI072,KEY_4,1180027102,국제금융로7길,1180198500,여의도동 4,126.9326315429515404_37.5231473697622491,1180042102,여의도한양아파트,126.9321229804287583_37.5228334900583178,57.0,12.0,정체,126.9321229804287583_37.5228334900583178|126.9326315429515404_37.5231473697622491
2026-09-04T18:34:05.570303+09:00,여의도,여의도,POI072,KEY_4,1180027601,여의동로,1180007603,원효대교앞교차로,126.9376993931907123_37.5229058691159025,1180008202,여의도선착장앞교차로,126.9352222439933087_37.5247789291314646,302.0,18.0,서행,126.9352222439933087_37.5247789291314646|126.9376993931907123_37.5229058691159025
2026-09-04T18:34:05.570303+09:00,여의도,여의도,POI072,KEY_4,1180027701,여의동로,1180044300,원효대교(남측),126.9363222446695119_37.5240962818884185,1180007604,원효대교앞교차로,126.9378089860223895_37.5229720840527037,181.0,14.0,정체,126.9378089860223895_37.5229720840527037|126.9363222446695119_37.5240962818884185
2026-09-04T18:34:05.570303+09:00,여의도,여의도,POI072,KEY_4,1180027702,여의동로,1180008201,여의도선착장앞교차로,126.9353157098191645_37.5248573421928668,1180044300,원효대교(남측),126.9363222446695119_37.5240962818884185,123.0,12.0,정체,126.9363222446695119_37.5240962818884185|126.9353157098191645_37.5248573421928668
2026-09-04T18:34:05.570303+09:00,여의도,여의도,POI072,KEY_4,1180028200,의사당대로,1180042502,여의도지하차도(남측),126.9230739462851005_37.5227496061812005,1180009003,여의도지하차도(북측),126.9191150291965613_37.5267392953712999,564.0,21.0,서행,126.9191150291965613_37.5267392953712999|126.9201443506246108_37.5257459991238065|126.9212525207885562_37.5245910783263668|126.9219274569347249_37.5239031931689340|126.9230739462851005_37.5227496061812005
2026-09-04T18:34:05.570303+09:00,여의도,여의도,POI072,KEY_4,1180028801,여의공원로,1180119800,한국방송공사앞교차로,126.9162376982854141_37.5234303290582289,1180045104,여의도동 2-11,126.9185848101250258_37.5248548993062059,261.0,7.5,정체,126.9185848101250258_37.5248548993062059|126.9162376982854141_37.5234303290582289
2026-09-04T18:34:05.570303+09:00,여의도,여의도,POI072,KEY_4,1180028802,여의공원로,1180045101,여의도동 2-11,126.9186925033394289_37.5249207467094124,1180046204,여의도공원사거리,126.9200468517650648_37.5257551569498133,151.0,16.0,서행,126.9200468517650648_37.5257551569498133|126.9186925033394289_37.5249207467094124
2026-09-04T18:34:05.570303+09:00,여의도,여의도,POI072,KEY_4,1180028902,여의공원로,1180045103,여의도동 2-11,126.9186670908712671_37.5247689025059827,1180042902,한국방송공사앞,126.9161767807363361_37.5232574156796943,277.0,17.3,서행,126.9161767807363361_37.5232574156796943|126.9163199805120570_37.5233443334696943|126.9186670908712671_37.5247689025059827
2026-09-04T18:34:05.570303+09:00,여의도,여의도,POI072,KEY_4,1180028903,여의공원로,1180046203,여의도공원사거리,126.9201299129616700_37.5256696373191119,1180045102,여의도동 2-11,126.9187755656427044_37.5248352275160784,151.0,31.0,원활,126.9187755656427044_37.5248352275160784|126.9201299129616700_37.5256696373191119
2026-09-04T18:34:05.570303+09:00,여의도,여의도,POI072,KEY_4,1180029201,여의서로,1180042904,한국방송공사앞,126.9159903931043800_37.5232960347716684,1180046803,KBS기술연구소,126.9141488563772526_37.5260216283162720,344.0,24.3,서행,126.9141488563772526_37.5260216283162720|126.9145825675221744_37.5253904618593026|126.9155125095740289_37.5239458188810460|126.9158732772367273_37.5234535696549258|126.9159903931043800_37.5232960347716684
2026-09-04T18:34:05.570303+09:00,여의도,여의도,POI072,KEY_4,1180029202,여의서로,1180046804,KBS기술연구소,126.9140828054650996_37.5261159127207975,1180047803,의원회관앞교차로,126.9135274643399640_37.5268977275474711,100.0,30.0,원활,126.9135274643399640_37.5268977275474711|126.9140828054650996_37.5261159127207975
2026-09-04T18:34:05.570303+09:00,여의도,여의도,POI072,KEY_4,1180029301,여의서로,1180046802,KBS기술연구소,126.9142679428666298_37.5260735354667077,1180042901,한국방송공사앞,126.9161072016457155_37.5233511216727109,343.0,5.0,정체,126.9161072016457155_37.5233511216727109|126.9159903024120695_37.5235083663165980|126.9156316188370539_37.5239977738216837|126.9147025329317984_37.5254410884652785|126.9142679428666298_37.5260735354667077
2026-09-04T18:34:05.570303+09:00,여의도,여의도,POI072,KEY_4,1180029302,여의서로,1180047802,의원회관앞교차로,126.9136394602196987_37.5269596416603761,1180046801,KBS기술연구소,126.9142009634784500_37.5261691500808396,101.0,4.0,정체,126.9142009634784500_37.5261691500808396|126.9136394602196987_37.5269596416603761
2026-09-04T18:34:05.570303+09:00,여의도,여의도,POI072,KEY_4,1180030202,국제금융로,1180008104,한국거래소교차로,126.9284262911522063_37.5243565376483375,1180045503,콘래드호텔,126.9275656592524513_37.5252426866880526,124.0,6.0,정체,126.9275656592524513_37.5252426866880526|126.9284262911522063_37.5243565376483375
2026-09-04T18:34:05.570303+09:00,여의도,여의도,POI072,KEY_4,1180030203,국제금융로,1180045504,콘래드호텔,126.9274823003491548_37.5253285166201778,1180047403,파크원타워1,126.9262943673228676_37.5265516473403409,172.0,14.0,정체,126.9262943673228676_37.5265516473403409|126.9274823003491548_37.5253285166201778
2026-09-04T18:34:05.570303+09:00,여의도,여의도,POI072,KEY_4,1180030302,국제금융로,1180047402,파크원타워1,126.9263987935073459_37.5266208412980191,1180008101,한국거래소교차로,126.9285333597918708_37.5244230074264635,308.0,15.0,서행,126.9285333597918708_37.5244230074264635|126.9276730373239701_37.5253088391501777|126.9275896799517085_37.5253946687649673|126.9263987935073459_37.5266208412980191
2026-09-04T18:34:05.570303+09:00,여의도,여의도,POI072,KEY_4,1180030402,여의나루로,1180153000,여의도동 3,126.9295910888797891_37.5250780460679465,1180045704,삼부아파트,126.9301223210420062_37.5254070237092776,59.0,10.0,정체,126.9301223210420062_37.5254070237092776|126.9295910888797891_37.5250780460679465
2026-09-04T18:34:05.570303+09:00,여의도,여의도,POI072,KEY_4,1180030403,여의나루로,1180171700,여의도동 3,126.9321280963523151_37.5266567883219651,1180009103,여의중고교앞교차로,126.9324772431698278_37.5268743677158270,39.0,14.7,정체,126.9324772431698278_37.5268743677158270|126.9323539014093285_37.5267975045387630|126.9321280963523151_37.5266567883219651
2026-09-04T18:34:05.570303+09:00,여의도,여의도,POI072,KEY_4,1180030501,여의나루로,1180045703,삼부아파트,126.9302056495171200_37.5253216690245637,1180008102,한국거래소교차로,126.9286163016688818_37.5243374139891230,178.0,8.0,정체,126.9286163016688818_37.5243374139891230|126.9290852126952274_37.5246278072283701|126.9296744175930627_37.5249926917535461|126.9302056495171200_37.5253216690245637
2026-09-04T18:34:05.570303+09:00,여의도,여의도,POI072,KEY_4,1180030502,여의나루로,1180105800,여의도동 3,126.9316958645969038_37.5262501446870687,1180045702,삼부아파트,126.9303133224847642_37.5253885442037927,155.0,8.0,정체,126.9303133224847642_37.5253885442037927|126.9316958645969038_37.5262501446870687
2026-09-04T18:34:05.570303+09:00,여의도,여의도,POI072,KEY_4,1180030800,여의동로,1180008203,여의도선착장앞교차로,126.9351237113233424_37.5248540733071394,1180009102,여의중고교앞교차로,126.9325768880587333_37.5267991798270799,312.0,20.0,서행,126.9325768880587333_37.5267991798270799|126.9340880918445009_37.5256494381100225|126.9351237113233424_37.5248540733071394
2026-09-04T18:34:05.570303+09:00,여의도,여의도,POI072,KEY_4,1180030900,여의동로,1180009101,여의중고교앞교차로,126.9326849274163322_37.5268665066546987,1180008204,여의도선착장앞교차로,126.9352179426163758_37.5249319019633703,310.0,8.0,정체,126.9352179426163758_37.5249319019633703|126.9341820940272072_37.5257274434280319|126.9326849274163322_37.5268665066546987
2026-09-04T18:34:05.570303+09:00,여의도,여의도,POI072,KEY_4,1180031200,의사당대로,1180046204,여의도공원사거리,126.9200468517650648_37.5257551569498133,1180009003,여의도지하차도(북측),126.9191150291965613_37.5267392953712999,138.0,28.0,원활,126.9191150291965613_37.5267392953712999|126.9191933704532005_37.5265787675293083|126.9200468517650648_37.5257551569498133
2026-09-04T18:34:05.570303+09:00,여의도,여의도,POI072,KEY_4,1180031300,의사당대로,1180009002,여의도지하차도(북측),126.9192224605303210_37.5268054826268056,1180046201,여의도공원사거리,126.9202613782381377_37.5258878549948420,138.0,17.0,서행,126.9202613782381377_37.5258878549948420|126.9194027746886633_37.5267164115458911|126.9192224605303210_37.5268054826268056
2026-09-04T18:34:05.570303+09:00,여의도,여의도,POI072,KEY_4,1180031402,국회대로,1180046001,여의2교남단교차로,126.9110548372880771_37.5257645667991255,1180047804,의원회관앞교차로,126.9134650625379095_37.5269942928087872,253.0,6.0,정체,126.9134650625379095_37.5269942928087872|126.9110548372880771_37.5257645667991255
2026-09-04T18:34:05.570303+09:00,여의도,여의도,POI072,KEY_4,1180031502,국회대로,1180047803,의원회관앞교차로,126.9135274643399640_37.5268977275474711,1180046002,여의2교남단교차로,126.9111139413039098_37.5256663196409335,253.0,14.5,정체,126.9111139413039098_37.5256663196409335|126.9135274643399640_37.5268977275474711
2026-09-04T18:34:05.570303+09:00,여의도,여의도,POI072,KEY_4,1180031700,여의대방로,1180263900,최소노드배치점,126.9423668339206870_37.5252518313100794,1180043100,원효대교남단,126.9389194214592607_37.5234603791527448,364.0,51.0,원활,126.9389194214592607_37.5234603791527448|126.9423668339206870_37.5252518313100794
2026-09-04T18:34:05.570303+09:00,여의도,여의도,POI072,KEY_4,1180032200,여의공원로,1180046201,여의도공원사거리,126.9202613782381377_37.5258878549948420,1180009504,여의도공원앞교차로,126.9243788044885548_37.5284488470021884,462.0,22.3,서행,126.9243788044885548_37.5284488470021884|126.9229106898593642_37.5275333155708140|126.9202613782381377_37.5258878549948420
2026-09-04T18:34:05.570303+09:00,여의도,여의도,POI072,KEY_4,1180032300,여의공원로,1180009503,여의도공원앞교차로,126.9244625001170590_37.5283637182862293,1180046202,여의도공원사거리,126.9203448630397020_37.5258025956584831,462.0,19.5,서행,126.9203448630397020_37.5258025956584831|126.9229942795348052_37.5274481218260405|126.9244625001170590_37.5283637182862293
2026-09-04T18:34:05.570303+09:00,여의도,여의도,POI072,KEY_4,1180033000,의사당대로,1180009004,여의도지하차도(북측),126.9190308136938512_37.5268240980039991,1180050803,국회의사당앞교차로,126.9169751671367123_37.5289842081922771,301.0,13.0,정체,126.9169751671367123_37.5289842081922771|126.9190308136938512_37.5268240980039991
2026-09-04T18:34:05.570303+09:00,여의도,여의도,POI072,KEY_4,1180033100,의사당대로,1180050802,국회의사당앞교차로,126.9170828781558384_37.5290500254580905,1180009001,여의도지하차도(북측),126.9191381861277392_37.5268902681428855,301.0,7.5,정체,126.9191381861277392_37.5268902681428855|126.9170828781558384_37.5290500254580905
2026-09-04T18:34:05.570303+09:00,여의도,여의도,POI072,KEY_4,1180033202,국회대로,1180138900,여의도동 1-1,126.9158268605278437_37.5284233742115916,1180050804,국회의사당앞교차로,126.9168928924711679_37.5290702119511366,118.0,4.0,정체,126.9168928924711679_37.5290702119511366|126.9165053994318129_37.5288350946524574|126.9158268605278437_37.5284233742115916
2026-09-04T18:34:05.570303+09:00,여의도,여의도,POI072,KEY_4,1180033301,국회대로,1180049103,키즈TV,126.9154773852716289_37.5280753781942735,1180047802,의원회관앞교차로,126.9136394602196987_37.5269596416603761,204.0,40.3,원활,126.9136394602196987_37.5269596416603761|126.9146393203885879_37.5275666275930178|126.9150824738661498_37.5278356472698889|126.9154773852716289_37.5280753781942735
2026-09-04T18:34:05.570303+09:00,여의도,여의도,POI072,KEY_4,1180033302,국회대로,1180115400,여의도동 1-1,126.9165876741060259_37.5287490912861017,1180049102,키즈TV,126.9155853725793577_37.5281409178062191,111.0,23.0,서행,126.9155853725793577_37.5281409178062191|126.9159091352979658_37.5283373715814861|126.9165876741060259_37.5287490912861017
2026-09-04T18:34:05.570303+09:00,여의도,여의도,POI072,KEY_4,1180033401,여의동로,1180009103,여의중고교앞교차로,126.9324772431698278_37.5268743677158270,1180049402,여의동로삼거리,126.9306888510367770_37.5282400464787358,219.0,5.0,정체,126.9306888510367770_37.5282400464787358|126.9316099219255705_37.5275248241457220|126.9324772431698278_37.5268743677158270
2026-09-04T18:34:05.570303+09:00,여의도,여의도,POI072,KEY_4,1180033402,여의동로,1180049403,여의동로삼거리,126.9305906868378742_37.5283161715650735,1180050701,마포대교앞,126.9298855635072698_37.5288624491009486,87.0,9.0,정체,126.9298855635072698_37.5288624491009486|126.9305906868378742_37.5283161715650735
2026-09-04T18:34:05.570303+09:00,여의도,여의도,POI072,KEY_4,1180033501,여의동로,1180050000,마포대교남측,126.9304020221015321_37.5286131745307898,1180009104,여의중고교앞교차로,126.9325853985016863_37.5269417668937137,268.0,15.0,서행,126.9325853985016863_37.5269417668937137|126.9317038491518019_37.5276028935370434|126.9307836236958451_37.5283174604033363|126.9306853496340324_37.5283936719680753|126.9304020221015321_37.5286131745307898
2026-09-04T18:34:05.570303+09:00,여의도,여의도,POI072,KEY_4,1180033503,여의동로,1180050901,마포대교앞교차로,126.9295779021332464_37.5291926767471580,1180050000,마포대교남측,126.9304020221015321_37.5286131745307898,97.0,10.0,정체,126.9304020221015321_37.5286131745307898|126.9299369050538218_37.5289735100707489|126.9295779021332464_37.5291926767471580
2026-09-04T18:34:05.570303+09:00,여의도,여의도,POI072,KEY_4,1180033600,은행로,1180216900,여의도동 1-5,126.9219173698385248_37.5285968839280102,1180009804,신한일보,126.9233585883312401_37.5295063067986732,163.0,16.0,서행,126.9233585883312401_37.5295063067986732|126.9219173698385248_37.5285968839280102
2026-09-04T18:34:05.570303+09:00,여의도,여의도,POI072,KEY_4,1180033700,은행로,1180009803,신한일보,126.9234414497844057_37.5294206483528754,1180009002,여의도지하차도(북측),126.9192224605303210_37.5268054826268056,473.0,17.0,서행,126.9192224605303210_37.5268054826268056|126.9195732675343748_37.5270189229749036|126.9202338553054545_37.5274208360670514|126.9208296717275886_37.5277833342574425|126.9213053103871687_37.5280727109073098|126.9214090375718911_37.5281381664055473|126.9220016795030261_37.5285121403360407|126.9234414497844057_37.5294206483528754
2026-09-04T18:34:05.570303+09:00,여의도,여의도,POI072,KEY_4,1180034400,국회대로76길,1180009504,여의도공원앞교차로,126.9243788044885548_37.5284488470021884,1180009803,신한일보,126.9234414497844057_37.5294206483528754,136.0,15.0,서행,126.9234414497844057_37.5294206483528754|126.9243788044885548_37.5284488470021884
2026-09-04T18:34:05.570303+09:00,여의도,여의도,POI072,KEY_4,1180034500,국회대로76길,1180009802,신한일보,126.9235485328000550_37.5294871131787886,1180009501,여의도공원앞교차로,126.9244851749435838_37.5285160491735326,136.0,11.0,정체,126.9244851749435838_37.5285160491735326|126.9235485328000550_37.5294871131787886
2026-09-04T18:34:05.570303+09:00,여의도,여의도,POI072,KEY_4,1180034801,여의공원로,1180009501,여의도공원앞교차로,126.9244851749435838_37.5285160491735326,1180051204,국민일보본사,126.9257155110862811_37.5293031839462898,139.0,18.0,서행,126.9257155110862811_37.5293031839462898|126.9244851749435838_37.5285160491735326
2026-09-04T18:34:05.570303+09:00,여의도,여의도,POI072,KEY_4,1180034802,여의공원로,1180051201,국민일보본사,126.9258217891435123_37.5293704606697105,1180052803,여의도동 8-1,126.9270735891385158_37.5301791716015671,143.0,17.5,서행,126.9270735891385158_37.5301791716015671|126.9269146142970186_37.5300549037916227|126.9258217891435123_37.5293704606697105
2026-09-04T18:34:05.570303+09:00,여의도,여의도,POI072,KEY_4,1180034901,여의공원로,1180051203,국민일보본사,126.9258005332342947_37.5292188928723505,1180009502,여의도공원앞교차로,126.9245701975796123_37.5284317589745982,139.0,8.0,정체,126.9245701975796123_37.5284317589745982|126.9258005332342947_37.5292188928723505
2026-09-04T18:34:05.570303+09:00,여의도,여의도,POI072,KEY_4,1180034902,여의공원로,1180052802,여의도동 8-1,126.9271942634312609_37.5301220004860596,1180051202,국민일보본사,126.9259057123857843_37.5292854733296437,147.0,8.0,정체,126.9259057123857843_37.5292854733296437|126.9270043948584146_37.5299735844800821|126.9271942634312609_37.5301220004860596
2026-09-04T18:34:05.570303+09:00,여의도,여의도,POI072,KEY_4,1180035200,여의서로,1180050903,마포대교앞교차로,126.9293336830422589_37.5291760389837705,1180052802,여의도동 8-1,126.9271942634312609_37.5301220004860596,217.0,7.0,정체,126.9271942634312609_37.5301220004860596|126.9289687654274701_37.5292909204113414|126.9293336830422589_37.5291760389837705
2026-09-04T18:34:05.570303+09:00,여의도,여의도,POI072,KEY_4,1180035301,여의서로,1180051900,마포대교(남측),126.9282127564699607_37.5297704303567201,1180050904,마포대교앞교차로,126.9294559117414423_37.5292538203661366,124.0,16.0,서행,126.9294559117414423_37.5292538203661366|126.9290284880619879_37.5293883798018513|126.9282127564699607_37.5297704303567201
2026-09-04T18:34:05.570303+09:00,여의도,여의도,POI072,KEY_4,1180035302,여의서로,1180052801,여의도동 8-1,126.9272946071328505_37.5302004365455559,1180051900,마포대교(남측),126.9282127564699607_37.5297704303567201,94.0,5.0,정체,126.9282127564699607_37.5297704303567201|126.9272946071328505_37.5302004365455559
2026-09-04T18:34:05.570303+09:00,여의도,여의도,POI072,KEY_4,1180036002,은행로,1180009801,신한일보,126.9234656771860301_37.5295727631180682,1180054103,여의도동 8-1,126.9253966778790357_37.5307939856169597,218.0,16.0,서행,126.9253966778790357_37.5307939856169597|126.9247967732784161_37.5303884026922248|126.9246963806167088_37.5303239145643346|126.9234656771860301_37.5295727631180682
2026-09-04T18:34:05.570303+09:00,여의도,여의도,POI072,KEY_4,1180036101,은행로,1180053403,중소기업투데이,126.9247789627892189_37.5302380972319654,1180009802,신한일보,126.9235485328000550_37.5294871131787886,137.0,18.0,서행,126.9235485328000550_37.5294871131787886|126.9247789627892189_37.5302380972319654
2026-09-04T18:34:05.570303+09:00,여의도,여의도,POI072,KEY_4,1180036102,은행로,1180054102,여의도동 8-1,126.9255387467788267_37.5307482084733266,1180053402,중소기업투데이,126.9248846356486524_37.5303059783637281,76.0,3.0,정체,126.9248846356486524_37.5303059783637281|126.9255387467788267_37.5307482084733266
2026-09-04T18:34:05.570303+09:00,여의도,여의도,POI072,KEY_4,1180036200,여의서로,1180052803,여의도동 8-1,126.9270735891385158_37.5301791716015671,1180054102,여의도동 8-1,126.9255387467788267_37.5307482084733266,150.0,18.0,서행,126.9255387467788267_37.5307482084733266|126.9263346255653886_37.5304864014787682|126.9267477914268198_37.5303345757613798|126.9270735891385158_37.5301791716015671
2026-09-04T18:34:05.570303+09:00,여의도,여의도,POI072,KEY_4,1180036300,여의서로,1180054101,여의도동 8,126.9256551428871944_37.5308269003855344,1180052804,여의도동 8-1,126.9271737183142079_37.5302574404772074,149.0,10.0,정체,126.9271737183142079_37.5302574404772074|126.9268112935386910_37.5304303158847645|126.9263890041094953_37.5305854941670134|126.9256551428871944_37.5308269003855344
2026-09-04T18:34:05.570303+09:00,여의도,여의도,POI072,KEY_4,1180036401,국회대로,1180155000,여의도동 1-1,126.9184061280869713_37.5300009967483419,1180010303,서강대교(남측),126.9215102204224763_37.5319506286676088,350.0,6.0,정체,126.9215102204224763_37.5319506286676088|126.9210461430147205_37.5316255718379566|126.9203325255415535_37.5311864488027496|126.9197419650193126_37.5308230414341679|126.9191619518192908_37.5304661181429466|126.9185557758553813_37.5300930883489983|126.9184061280869713_37.5300009967483419
2026-09-04T18:34:05.570303+09:00,여의도,여의도,POI072,KEY_4,1180036501,국회대로,1180142700,국회의사당삼거리,126.9174236015788750_37.5292597110738839,1180050802,국회의사당앞교차로,126.9170828781558384_37.5290500254580905,38.0,19.0,서행,126.9170828781558384_37.5290500254580905|126.9174236015788750_37.5292597110738839
2026-09-04T18:34:05.570303+09:00,여의도,여의도,POI072,KEY_4,1180036502,국회대로,1180010302,서강대교(남측),126.9216542954880822_37.5319075549676455,1180055401,서강대교남단,126.9213526599560566_37.5316962787179307,36.0,9.0,정체,126.9213526599560566_37.5316962787179307|126.9216542954880822_37.5319075549676455
2026-09-04T18:34:05.570303+09:00,여의도,여의도,POI072,KEY_4,1180036801,국회대로76길,1180054700,서강대교남측,126.9217615574708447_37.5313291653935792,1180009801,신한일보,126.9234656771860301_37.5295727631180682,246.0,21.0,서행,126.9234656771860301_37.5295727631180682|126.9217615574708447_37.5313291653935792
2026-09-04T18:34:05.570303+09:00,여의도,여의도,POI072,KEY_4,1180036802,국회대로76길,1180055401,서강대교남단,126.9213526599560566_37.5316962787179307,1180054700,서강대교남측,126.9217615574708447_37.5313291653935792,54.0,28.0,원활,126.9217615574708447_37.5313291653935792|126.9213526599560566_37.5316962787179307
2026-09-04T18:34:05.570303+09:00,여의도,여의도,POI072,KEY_4,1180036900,국회대로76길,1180009804,신한일보,126.9233585883312401_37.5295063067986732,1180055402,서강대교남단,126.9212497207452941_37.5316241760058915,300.0,16.0,서행,126.9212497207452941_37.5316241760058915|126.9216570369709558_37.5312600586952954|126.9233585883312401_37.5295063067986732
2026-09-04T18:34:05.570303+09:00,여의도,여의도,POI072,KEY_4,1180037401,여의서로,1180154900,여의도동 8-1,126.9245116578237855_37.5310611026891863,1180055500,서강대교남측,126.9220936272136981_37.5317745947810906,228.0,15.0,서행,126.9220936272136981_37.5317745947810906|126.9223180243961764_37.5317057160051633|126.9236617313689948_37.5313110990677146|126.9238006335624789_37.5312703054629822|126.9245116578237855_37.5310611026891863
2026-09-04T18:34:05.570303+09:00,여의도,여의도,POI072,KEY_4,1180037402,여의서로,1180055500,서강대교남측,126.9220936272136981_37.5317745947810906,1180010302,서강대교(남측),126.9216542954880822_37.5319075549676455,42.0,27.0,원활,126.9216542954880822_37.5319075549676455|126.9220936272136981_37.5317745947810906
2026-09-04T18:34:05.570303+09:00,여의도,여의도,POI072,KEY_4,1180037501,여의서로,1180154800,여의도동 8,126.9245587084467815_37.5311625223770164,1180054104,여의도동 8,126.9255136750625184_37.5308730840905937,90.0,12.0,정체,126.9255136750625184_37.5308730840905937|126.9251824944995661_37.5309789834896534|126.9245587084467815_37.5311625223770164
2026-09-04T18:34:05.570303+09:00,여의도,여의도,POI072,KEY_4,1180037502,여의서로,1180010301,서강대교(남측),126.9217369577254289_37.5319990605573608,1180054900,여의하류IC,126.9238476077766080_37.5313717470433375,199.0,5.0,정체,126.9238476077766080_37.5313717470433375|126.9237087053164998_37.5314125407943209|126.9223658286871910_37.5318069145412565|126.9217369577254289_37.5319990605573608
2026-09-04T18:34:05.570303+09:00,여의도,여의도,POI072,KEY_4,1180038001,여의서로,1180047804,의원회관앞교차로,126.9134650625379095_37.5269942928087872,1180050300,여의하류IC,126.9125858842577514_37.5288463372735421,220.0,5.0,정체,126.9125858842577514_37.5288463372735421|126.9133384396445194_37.5272156123272751|126.9134650625379095_37.5269942928087872
2026-09-04T18:34:05.570303+09:00,여의도,여의도,POI072,KEY_4,1180038003,여의서로,1180323100,최소노드배치점,126.9117402894865307_37.5311049087075475,1180057702,여의하류IC,126.9116446085465810_37.5333341738394211,262.0,34.0,원활,126.9116446085465810_37.5333341738394211|126.9114652390462226_37.5331501506058203|126.9113732100930463_37.5329943489975122|126.9112983897178282_37.5327900539595092|126.9112674876685105_37.5325516232177918|126.9112865696183974_37.5323367272189188|126.9113546059211899_37.5321355343469492|126.9114569592268964_37.5318631682642589|126.9115238408340929_37.5316841785415747|126.9117402894865307_37.5311049087075475
2026-09-04T18:34:05.570303+09:00,여의도,여의도,POI072,KEY_4,1180070700,노들로,1180028103,신길동15-3,126.9194043750581358_37.5170210107110691,1180029702,노들길지하차도(남측),126.9173777873138533_37.5177999098372865,199.0,22.0,서행,126.9173777873138533_37.5177999098372865|126.9182827991260893_37.5174256256417635|126.9194043750581358_37.5170210107110691
2026-09-04T18:34:05.570303+09:00,여의도,여의도,POI072,KEY_4,1180038004,여의서로,1180057702,여의하류IC,126.9116446085465810_37.5333341738394211,1180010601,여의하류IC,126.9158866788485369_37.5334891812985134,389.0,18.0,서행,126.9158866788485369_37.5334891812985134|126.9157160525504509_37.5335075640938882|126.9145253690237212_37.5336052142657834|126.9129473608267773_37.5337346107591614|126.9127263123781830_37.5337454488282916|126.9125619724539717_37.5337376282147730|126.9123498788537177_37.5336886646839432|126.9121669423552277_37.5336324766132563|126.9119754499676134_37.5335430187373973|126.9117951706554237_37.5334397412671237|126.9116446085465810_37.5333341738394211
2026-09-04T18:34:05.570303+09:00,여의도,여의도,POI072,KEY_4,1180038101,여의서로,1180141500,여의도동 8-1,126.9125034013571849_37.5294588335489934,1180047801,의원회관앞교차로,126.9135777323507170_37.5270581170031505,283.0,34.0,원활,126.9135777323507170_37.5270581170031505|126.9134640961386822_37.5272567387847005|126.9127147702930785_37.5288800985185560|126.9125034013571849_37.5294588335489934
2026-09-04T18:34:05.570303+09:00,여의도,여의도,POI072,KEY_4,1180038102,여의서로,1180136800,여의도동 8-1,126.9145114614992735_37.5334976629259458,1180057701,여의하류IC,126.9117432717733465_37.5332606350129012,257.0,22.0,서행,126.9117432717733465_37.5332606350129012|126.9118798764054787_37.5333550779968661|126.9120496011042292_37.5334523089724428|126.9122261082116410_37.5335347665300532|126.9123932874727672_37.5335861143590392|126.9125852087945532_37.5336304218281285|126.9127261896915257_37.5336371304333341|126.9129362320318251_37.5336268320589994|126.9145114614992735_37.5334976629259458
2026-09-04T18:34:05.570303+09:00,여의도,여의도,POI072,KEY_4,1180038602,여의서로,1180199400,여의도동 8-1,126.9180805162101962_37.5329548925892027,1180010602,여의하류IC,126.9158651872016321_37.5333825331527251,202.0,17.0,서행,126.9158651872016321_37.5333825331527251|126.9163150027583100_37.5333154038283041|126.9167447105342319_37.5332479919289739|126.9172043329491686_37.5331630452426737|126.9179823764344519_37.5329820256749258|126.9180805162101962_37.5329548925892027
2026-09-04T18:34:05.570303+09:00,여의도,여의도,POI072,KEY_4,1180038702,여의서로,1180323000,최소노드배치점,126.9187881082516611_37.5328709059154022,1180010304,서강대교(남측),126.9216090189517701_37.5320376430852960,266.0,6.0,정체,126.9216090189517701_37.5320376430852960|126.9203533112228826_37.5324099776008708|126.9202812799588713_37.5324311902864451|126.9187881082516611_37.5328709059154022
2026-09-04T18:34:05.570303+09:00,여의도,여의도,POI072,KEY_4,1180039200,올림픽대로,1180058400,여의하류IC,126.9148490647562824_37.5338551834337650,1180010601,여의하류IC,126.9158866788485369_37.5334891812985134,100.0,5.0,정체,126.9158866788485369_37.5334891812985134|126.9155841280332453_37.5335956228786003|126.9148490647562824_37.5338551834337650
2026-09-04T18:34:05.570303+09:00,여의도,여의도,POI072,KEY_4,1180041102,국회대로,1180274900,최소노드배치점,126.9238759567866452_37.5352270758419237,1180010301,서강대교(남측),126.9217369577254289_37.5319990605573608,405.0,58.0,원활,126.9217369577254289_37.5319990605573608|126.9234661246942437_37.5346102805177892|126.9238759567866452_37.5352270758419237
2026-09-04T18:34:05.570303+09:00,여의도,여의도,POI072,KEY_4,1180062600,여의대방로,1190002703,대방역사거리,126.9268958244966257_37.5145487094125656,1190018001,신길초등학교사거리,126.9248789899667997_37.5112367041177919,410.0,48.0,원활,126.9248789899667997_37.5112367041177919|126.9251784864751045_37.5119743169443751|126.9253201831395614_37.5123138355713479|126.9254964946367608_37.5125952899220820|126.9261779210122114_37.5135516559070297|126.9268958244966257_37.5145487094125656
2026-09-04T18:34:05.570303+09:00,여의도,여의도,POI072,KEY_4,1180062700,여의대방로,1190018004,신길초등학교사거리,126.9247482475985862_37.5112660300318268,1190002704,대방역사거리,126.9267562377877425_37.5145721661826528,409.0,13.0,정체,126.9267562377877425_37.5145721661826528|126.9260600278491466_37.5136052369460913|126.9253766642585646_37.5126461480342570|126.9251944266099628_37.5123552364199853|126.9250495134461403_37.5120080075138560|126.9247482475985862_37.5112660300318268
2026-09-04T18:34:05.570303+09:00,여의도,여의도,POI072,KEY_4,1180065700,노들로,1190002704,대방역사거리,126.9267562377877425_37.5145721661826528,1180025902,여의교지하차도(서측),126.9243577826353402_37.5152265372191849,226.0,30.0,원활,126.9243577826353402_37.5152265372191849|126.9245809528478048_37.5150956973008007|126.9252332346312215_37.5148831534130309|126.9254577190681204_37.5148274294658464|126.9263383848454794_37.5146481452327691|126.9267562377877425_37.5145721661826528
2026-09-04T18:34:05.570303+09:00,여의도,여의도,POI072,KEY_4,1180065800,노들로,1180025901,여의교지하차도(서측),126.9244132221409131_37.5153255758902233,1190002701,대방역사거리,126.9269003072911914_37.5147677729739755,229.0,35.0,원활,126.9269003072911914_37.5147677729739755|126.9264022132233549_37.5148583423264341|126.9255317623644288_37.5150355467441798|126.9253251818176551_37.5150868275884335|126.9246837339447040_37.5152958401404746|126.9244132221409131_37.5153255758902233
2026-09-04T18:34:05.570303+09:00,여의도,여의도,POI072,KEY_4,1180070000,영등포로57길,1180231200,신길동 42-7,126.9185933294383659_37.5169703071205234,1180028902,신길역,126.9166440632117485_37.5173560032043412,178.0,22.7,서행,126.9166440632117485_37.5173560032043412|126.9172033039011893_37.5172657449748854|126.9179843661455891_37.5171190957105267|126.9182238987002904_37.5170605709356195|126.9185933294383659_37.5169703071205234
2026-09-04T18:34:05.570303+09:00,여의도,여의도,POI072,KEY_4,1180070100,영등포로57길,1180221800,신길동 20-7,126.9182637047614008_37.5171639378316684,1180028103,신길동15-3,126.9194043750581358_37.5170210107110691,103.0,8.0,정체,126.9194043750581358_37.5170210107110691|126.9192364816635603_37.5170118471295240|126.9187161041369620_37.5170534021318858|126.9186331360129998_37.5170736740641217|126.9182637047614008_37.5171639378316684
2026-09-04T18:34:05.570303+09:00,여의도,여의도,POI072,KEY_4,1180070800,노들로,1180029701,노들길지하차도(남측),126.9174454412259223_37.5178935252872279,1180028104,신길동15-3,126.9194603769218617_37.5171195004770794,198.0,58.0,원활,126.9194603769218617_37.5171195004770794|126.9183421015647042_37.5175229245464337|126.9174454412259223_37.5178935252872279
2026-09-04T18:34:05.570303+09:00,여의도,여의도,POI072,KEY_4,1180071100,여의동로,1180030703,이마트(여의도점),126.9276237094474169_37.5180791890850927,1180028501,여의도동 3-9,126.9264061143659319_37.5172852192624120,139.0,12.0,정체,126.9264061143659319_37.5172852192624120|126.9265378572362124_37.5173842043816279|126.9274329172205142_37.5179584390562226|126.9276237094474169_37.5180791890850927
2026-09-04T18:34:05.570303+09:00,여의도,여의도,POI072,KEY_4,1180071200,여의동로,1180028504,여의도동 3-9,126.9262556418987771_37.5173207931159425,1180030704,이마트(여의도점),126.9275405917458244_37.5181646802247997,147.0,17.0,서행,126.9275405917458244_37.5181646802247997|126.9273481211435524_37.5180428676898217|126.9264485774468909_37.5174657562893046|126.9262556418987771_37.5173207931159425
2026-09-04T18:34:05.570303+09:00,여의도,여의도,POI072,KEY_4,1180071500,올림픽대로,1180029900,여의상류IC,126.9404509601255029_37.5178091794502038,1180072900,여의상류IC,126.9406083800987517_37.5174248708792817,45.0,43.0,서행,126.9406083800987517_37.5174248708792817|126.9404509601255029_37.5178091794502038
2026-09-04T18:34:05.570303+09:00,여의도,여의도,POI072,KEY_4,1180071603,올림픽대로,1180029800,여의상류IC,126.9377628191142691_37.5176475456465397,1180029601,여의상류IC,126.9365050785440872_37.5176034226056245,111.0,30.0,서행,126.9365050785440872_37.5176034226056245|126.9367032441416256_37.5175986320360053|126.9369075905664630_37.5176015254681374|126.9377628191142691_37.5176475456465397
2026-09-04T18:34:05.570303+09:00,여의도,여의도,POI072,KEY_4,1180071900,올림픽대로,1180030100,여의상류IC,126.9399292397485937_37.5179051874619134,1180029800,여의상류IC,126.9377628191142691_37.5176475456465397,194.0,38.0,서행,126.9377628191142691_37.5176475456465397|126.9388819762016425_37.5177795458921608|126.9393202235015963_37.5178280530124439|126.9399292397485937_37.5179051874619134
2026-09-04T18:34:05.570303+09:00,여의도,여의도,POI072,KEY_4,1180072400,올림픽대로,1180030100,여의상류IC,126.9399292397485937_37.5179051874619134,1180030303,여의상류IC,126.9386432411447601_37.5179706215453024,116.0,31.0,서행,126.9386432411447601_37.5179706215453024|126.9388356132939606_37.5178999662067767|126.9389554574936199_37.5178743054647086|126.9390645174950265_37.5178690017115315|126.9392529998118562_37.5178723144811457|126.9394993655986497_37.5178917341157501|126.9397551544488181_37.5179079414615089|126.9399292397485937_37.5179051874619134
2026-09-04T18:34:05.570303+09:00,여의도,여의도,POI072,KEY_4,1180072700,올림픽대로,1180072800,여의상류IC,126.9405016513416058_37.5173927522574644,1180030100,여의상류IC,126.9399292397485937_37.5179051874619134,84.0,39.0,서행,126.9399292397485937_37.5179051874619134|126.9400831202883921_37.5178824486165894|126.9402777750538718_37.5177996873365771|126.9403592878800566_37.5177300782674692|126.9404107662331427_37.5176558174294499|126.9404538000154758_37.5175691842385888|126.9405016513416058_37.5173927522574644
2026-09-04T18:34:05.570303+09:00,여의도,여의도,POI072,KEY_4,1180072800,올림픽대로,1180030302,여의상류IC,126.9388089615749209_37.5179993865758163,1180029900,여의상류IC,126.9404509601255029_37.5178091794502038,155.0,16.0,정체,126.9404509601255029_37.5178091794502038|126.9403835973619863_37.5178670232158780|126.9402933476123962_37.5179248544743515|126.9402017670291087_37.5179633936088734|126.9401061504134987_37.5179933557776337|126.9400078586650551_37.5180061677154342|126.9399185009759918_37.5180075323650257|126.9398256116081853_37.5179978389370774|126.9397219567891710_37.5179784938017420|126.9395779254911645_37.5179473373987165|126.9394460007034979_37.5179279775558143|126.9392884871980556_37.5179150348757489|126.9391269249482690_37.5179192395949030|126.9389990109286401_37.5179352502025054|126.9388089615749209_37.5179993865758163
2026-09-04T18:34:05.570303+09:00,여의도,여의도,POI072,KEY_4,1180073700,노들로,1180029702,노들길지하차도(남측),126.9173777873138533_37.5177999098372865,1180034603,영등포고가차도(동측),126.9147300572169001_37.5198605051879994,338.0,6.0,정체,126.9147300572169001_37.5198605051879994|126.9150052415285899_37.5193514519132947|126.9151894424992975_37.5191040580958202|126.9154714844551108_37.5188399519601390|126.9157868976313068_37.5186039234675164|126.9161910198482275_37.5183507776750886|126.9167237512801591_37.5180668276396787|126.9171122463613415_37.5178702360334597|126.9173777873138533_37.5177999098372865
2026-09-04T18:34:05.570303+09:00,여의도,여의도,POI072,KEY_4,1180073800,노들로,1180034602,영등포고가차도(동측),126.9149485395489876_37.5200031329234420,1180029701,노들길지하차도(남측),126.9174454412259223_37.5178935252872279,330.0,42.0,원활,126.9174454412259223_37.5178935252872279|126.9172578247047056_37.5180527585371451|126.9168720512663810_37.5182479724615590|126.9163506557057843_37.5185258800491539|126.9159640945339049_37.5187680250151914|126.9156684392605996_37.5189892700103726|126.9154111841748147_37.5192301665086774|126.9152476751075937_37.5194497696661458|126.9149485395489876_37.5200031329234420
2026-09-04T18:34:05.570303+09:00,여의도,여의도,POI072,KEY_4,1180073900,올림픽대로,1180032700,여의상류IC,126.9408644596989291_37.5190433065538684,1180029900,여의상류IC,126.9404509601255029_37.5178091794502038,146.0,27.0,정체,126.9404509601255029_37.5178091794502038|126.9404310269714529_37.5180692971477612|126.9404593198215707_37.5181945058118345|126.9405293590956347_37.5183363022392768|126.9406428359182541_37.5184650324871498|126.9407039224352047_37.5185554824422525|126.9407671851563748_37.5186563652702816|126.9408217004846762_37.5187746330407421|126.9408521950314110_37.5188789781700649|126.9408673973805293_37.5189902704776017|126.9408644596989291_37.5190433065538684
2026-09-04T18:34:05.570303+09:00,여의도,여의도,POI072,KEY_4,1180074000,영등포로,1180031002,신길역,126.9159335144703817_37.5180872053454948,1180032000,영등포로터리,126.9141035939490507_37.5187705194977141,181.0,7.0,정체,126.9141035939490507_37.5187705194977141|126.9145660929896025_37.5186886104868407|126.9148490250060348_37.5185994181823261|126.9155991033942001_37.5182852803393274|126.9159335144703817_37.5180872053454948
2026-09-04T18:34:05.570303+09:00,여의도,여의도,POI072,KEY_4,1180075100,경인로,1180033100,영등포로터리,126.9147672532710232_37.5194468380783732,1180031001,신길역,126.9160342294389352_37.5181596924073730,183.0,37.0,원활,126.9160342294389352_37.5181596924073730|126.9158010714940445_37.5183319108412903|126.9155449492747891_37.5185355519912989|126.9152932575860575_37.5187892581853575|126.9150370026818848_37.5191073254966128|126.9147672532710232_37.5194468380783732
2026-09-04T18:34:05.570303+09:00,여의도,여의도,POI072,KEY_4,1180076000,노들로,1180263400,최소노드배치점,126.9150215912051465_37.5197313004111095,1180029701,노들길지하차도(남측),126.9174454412259223_37.5178935252872279,302.0,39.0,원활,126.9174454412259223_37.5178935252872279|126.9168349753552718_37.5182026853724011|126.9163107458231110_37.5184821044756731|126.9159197960838981_37.5187269996541488|126.9156192013340245_37.5189519405294618|126.9153557486849166_37.5191986403456426|126.9151870666523791_37.5194251909504075|126.9150215912051465_37.5197313004111095
2026-09-04T18:34:05.570303+09:00,여의도,여의도,POI072,KEY_4,1180076900,여의나루로2길,1180031104,윤중중학교,126.9248361210198794_37.5184530288178522,1180036803,광장아파트앞,126.9227144019653082_37.5206666139467089,310.0,22.0,서행,126.9227144019653082_37.5206666139467089|126.9227532238180629_37.5205737479899568|126.9237453604085886_37.5195748552820376|126.9248361210198794_37.5184530288178522
2026-09-04T18:34:05.570303+09:00,여의도,여의도,POI072,KEY_4,1180077501,여의대방로65길,1180031503,여의도동4-4,126.9297722851941046_37.5196579918983986,1180031506,인도네시아대사관,126.9308072157305389_37.5186285705181319,146.0,17.0,서행,126.9308072157305389_37.5186285705181319|126.9297722851941046_37.5196579918983986
2026-09-04T18:34:05.570303+09:00,여의도,여의도,POI072,KEY_4,1180077502,여의대방로65길,1180036702,매일일보,126.9287164299037443_37.5207081885220788,1180031502,여의도동4-4,126.9296874356870433_37.5197423880918137,137.0,5.0,정체,126.9296874356870433_37.5197423880918137|126.9289620332308317_37.5204639049460980|126.9287164299037443_37.5207081885220788
2026-09-04T18:34:05.570303+09:00,여의도,여의도,POI072,KEY_4,1180079601,여의대방로69길,1180033003,여의도동4-3,126.9310026116467043_37.5204312861576597,1180033006,여의도동 5,126.9320621848172266_37.5193974572135858,148.0,6.0,정체,126.9320621848172266_37.5193974572135858|126.9310026116467043_37.5204312861576597
2026-09-04T18:34:05.570303+09:00,여의도,여의도,POI072,KEY_4,1180079602,여의대방로69길,1180038602,한국금융증권,126.9299951560938382_37.5215173870643000,1180033002,여의도동4-3,126.9309225566694295_37.5205116725064727,138.0,10.0,정체,126.9309225566694295_37.5205116725064727|126.9299951560938382_37.5215173870643000
2026-09-04T18:34:05.570303+09:00,여의도,여의도,POI072,KEY_4,1180079800,국제금융로8길,1180034304,미래에셋빌딩,126.9271852079254330_37.5199022140612897,1180037803,여의도백화점,126.9261701209206308_37.5209339886117448,146.0,7.0,정체,126.9261701209206308_37.5209339886117448|126.9261911265355707_37.5209065883039727|126.9267597615167489_37.5203419468673758|126.9271650176002026_37.5199272613282986|126.9271852079254330_37.5199022140612897
2026-09-04T18:34:05.570303+09:00,여의도,여의도,POI072,KEY_4,1180080400,여의동로,1180034500,메리어트파크센터오피스텔,126.9191573972615572_37.5200167950090204,1180040500,버들광장앞교차로,126.9161939719324579_37.5224229383147687,389.0,9.0,정체,126.9161939719324579_37.5224229383147687|126.9167426059924679_37.5216104139380207|126.9169524263356266_37.5213316445914842|126.9172011738798034_37.5210362146835763|126.9174348747745995_37.5208122908082657|126.9175966520831764_37.5206717527601228|126.9177733818976606_37.5205407611104391|126.9179021742503153_37.5204550301915631|126.9180698803598375_37.5203645580240277|126.9183154036421826_37.5202741394602839|126.9185788763550988_37.5201908849197778|126.9188048366269186_37.5201255204490636|126.9191573972615572_37.5200167950090204
2026-09-04T18:34:05.570303+09:00,여의도,여의도,POI072,KEY_4,1180080700,국제금융로6길,1180035901,여의도동 3-6,126.9253314029925406_37.5205830136610601,1180037804,여의도백화점,126.9260889939629209_37.5210206754039888,83.0,15.0,서행,126.9260889939629209_37.5210206754039888|126.9255710268125199_37.5207131494163306|126.9253314029925406_37.5205830136610601
2026-09-04T18:34:05.570303+09:00,여의도,여의도,POI072,KEY_4,1180082100,여의나루로4길,1180036704,매일일보,126.9285263157772903_37.5207269494805828,1180039603,한국노총회관,126.9275235472930063_37.5217889686242856,147.0,4.0,정체,126.9275235472930063_37.5217889686242856|126.9285263157772903_37.5207269494805828
2026-09-04T18:34:05.570303+09:00,여의도,여의도,POI072,KEY_4,1180082200,여의나루로4길,1180039602,한국노총회관,126.9276303241940980_37.5218557680585860,1180036701,매일일보,126.9286332141362692_37.5207936198378604,148.0,15.0,서행,126.9286332141362692_37.5207936198378604|126.9276303241940980_37.5218557680585860
2026-09-04T18:34:05.570303+09:00,여의도,여의도,POI072,KEY_4,1180082301,여의동로1길,1180210100,여의도동 2-8,126.9192896850102699_37.5208453219656519,1180035807,KT여의도지점,126.9186604598271515_37.5204553701592047,70.0,8.0,정체,126.9186604598271515_37.5204553701592047|126.9187823073190913_37.5205297191339184|126.9192896850102699_37.5208453219656519
2026-09-04T18:34:05.570303+09:00,여의도,여의도,POI072,KEY_4,1180082302,여의동로1길,1180040303,대한투자신탁빌딩,126.9213072068328358_37.5221186397936606,1180035803,LG경영개발원,126.9201321156892703_37.5213693262362895,133.0,18.0,서행,126.9201321156892703_37.5213693262362895|126.9201737094506228_37.5213951978285110|126.9213072068328358_37.5221186397936606
2026-09-04T18:34:05.570303+09:00,여의도,여의도,POI072,KEY_4,1180082401,여의동로1길,1180035802,LG경영개발원,126.9200485653260415_37.5214545403774409,1180040304,대한투자신탁빌딩,126.9212238509502555_37.5222039898002322,133.0,11.0,정체,126.9212238509502555_37.5222039898002322|126.9200894880125929_37.5214799945996305|126.9200485653260415_37.5214545403774409
2026-09-04T18:34:05.570303+09:00,여의도,여의도,POI072,KEY_4,1180082402,여의동로1길,1180035806,KT여의도지점,126.9185563083192676_37.5205280201315929,1180035805,LG경영개발원,126.9199415755927589_37.5213879918803102,155.0,7.5,정체,126.9199415755927589_37.5213879918803102|126.9192061340062878_37.5209305358602236|126.9186992541610692_37.5206152428383959|126.9185563083192676_37.5205280201315929
2026-09-04T18:34:05.570303+09:00,여의도,여의도,POI072,KEY_4,1180082600,여의대로2길,1180252000,여의도동 2-7,126.9213903647884649_37.5220349997937390,1180040303,대한투자신탁빌딩,126.9213072068328358_37.5221186397936606,12.0,11.0,정체,126.9213072068328358_37.5221186397936606|126.9213903647884649_37.5220349997937390
2026-09-04T18:34:05.570303+09:00,여의도,여의도,POI072,KEY_4,1180082700,여의대로2길,1180040302,대한투자신탁빌딩,126.9214136274314626_37.5221857618977026,1180036801,광장아파트앞,126.9227595051740991_37.5208320493825696,192.0,20.0,서행,126.9227595051740991_37.5208320493825696|126.9225686764472556_37.5210239929151470|126.9222044493932202_37.5213903441468659|126.9218506466926186_37.5217462056978377|126.9214967852985296_37.5221021218162605|126.9214136274314626_37.5221857618977026
2026-09-04T18:34:05.570303+09:00,여의도,여의도,POI072,KEY_4,1180083100,국제금융로6길,1180037801,여의도백화점,126.9261939219537965_37.5210848066129898,1180039604,한국노총회관,126.9274411463804313_37.5218749163882279,141.0,20.0,서행,126.9274411463804313_37.5218749163882279|126.9267999492455061_37.5214687252867378|126.9261939219537965_37.5210848066129898
2026-09-04T18:34:05.570303+09:00,여의도,여의도,POI072,KEY_4,1180085000,의사당대로,1180038904,여의도역앞교차로,126.9240944819508456_37.5216807302462740,1180041503,속성변화점,126.9232621945534021_37.5225582878517514,122.0,4.0,정체,126.9232621945534021_37.5225582878517514|126.9240944819508456_37.5216807302462740
2026-09-04T18:34:05.570303+09:00,여의도,여의도,POI072,KEY_4,1180085300,의사당대로,1180041502,국회앞지하차도,126.9233705115822772_37.5226234575251354,1180038901,여의도역앞교차로,126.9242012582014354_37.5217475240258054,122.0,36.5,원활,126.9242012582014354_37.5217475240258054|126.9233705115822772_37.5226234575251354
2026-09-04T18:34:05.570303+09:00,여의도,여의도,POI072,KEY_4,1180085600,여의대로,1180044401,여의도공원앞,126.9217097283597013_37.5242162542949913,1180038802,여의도교차로,126.9175141532534923_37.5216096736950604,470.0,31.0,원활,126.9175141532534923_37.5216096736950604|126.9205649669404323_37.5234987788975545|126.9217097283597013_37.5242162542949913
2026-09-04T18:34:05.570303+09:00,여의도,여의도,POI072,KEY_4,1180085800,여의나루로4길,1180092000,여의도동 3-4,126.9268692185870151_37.5224621159343670,1180042303,여의도우체국,126.9263908079338563_37.5229532919718807,69.0,12.0,정체,126.9263908079338563_37.5229532919718807|126.9268692185870151_37.5224621159343670
2026-09-04T18:34:05.570303+09:00,여의도,여의도,POI072,KEY_4,1180085900,여의나루로4길,1180091900,여의도동 33,126.9269764759797710_37.5225283883706098,1180039601,한국노총회관,126.9275479160526032_37.5219416888512995,82.0,11.0,정체,126.9275479160526032_37.5219416888512995|126.9269764759797710_37.5225283883706098
2026-09-04T18:34:05.570303+09:00,여의도,여의도,POI072,KEY_4,1180086000,여의대방로,1180043100,원효대교남단,126.9389194214592607_37.5234603791527448,1180038401,원효대교(남측),126.9355118374576392_37.5214344074539099,377.0,52.0,원활,126.9355118374576392_37.5214344074539099|126.9357682265078324_37.5215237383808358|126.9368814016096110_37.5222080746101767|126.9378844663648636_37.5228141242598880|126.9386342653729258_37.5232817445596751|126.9389194214592607_37.5234603791527448
2026-09-04T18:34:05.570303+09:00,여의도,여의도,POI072,KEY_4,1180086100,여의대방로,1180038402,원효대교(남측),126.9354288936371944_37.5215199968422155,1180043400,원효대교남단,126.9388452416195463_37.5235509284484792,378.0,5.0,정체,126.9388452416195463_37.5235509284484792|126.9385269005017420_37.5234022392466500|126.9377236729463903_37.5229883934775685|126.9367164135576331_37.5223798075140991|126.9356023408485044_37.5216949187275617|126.9354288936371944_37.5215199968422155
2026-09-04T18:34:05.570303+09:00,여의도,여의도,POI072,KEY_4,1180086200,여의대방로,1180043100,원효대교남단,126.9389194214592607_37.5234603791527448,1180039300,원효대교(남측),126.9394984211137256_37.5216954122665811,256.0,44.3,원활,126.9394984211137256_37.5216954122665811|126.9394143576814571_37.5217932892441297|126.9390639344829168_37.5220578983287538|126.9386058222683715_37.5224039073714266|126.9384454643178373_37.5225455615191805|126.9383732776471589_37.5226476074626873|126.9383372872894142_37.5227369852470787|126.9383282232904264_37.5228406804968202|126.9383416241537788_37.5229229319018529|126.9383954201431948_37.5230195086963576|126.9384806415670255_37.5231196770154796|126.9389194214592607_37.5234603791527448
2026-09-04T18:34:05.570303+09:00,여의도,여의도,POI072,KEY_4,1180086400,국제금융로6길,1180039601,한국노총회관,126.9275479160526032_37.5219416888512995,1180042604,동서빌딩,126.9295381668630398_37.5232067155673192,225.0,5.0,정체,126.9295381668630398_37.5232067155673192|126.9293981951603882_37.5231126381915203|126.9280233154665609_37.5222352311225436|126.9275479160526032_37.5219416888512995
2026-09-04T18:34:05.570303+09:00,여의도,여의도,POI072,KEY_4,1180086800,여의대로2길,1180040304,대한투자신탁빌딩,126.9212238509502555_37.5222039898002322,1180042803,전경련회관,126.9204696857417076_37.5229905971904500,110.0,20.0,서행,126.9204696857417076_37.5229905971904500|126.9212238509502555_37.5222039898002322
2026-09-04T18:34:05.570303+09:00,여의도,여의도,POI072,KEY_4,1180086900,여의대로2길,1180042802,전경련회관,126.9205742637601162_37.5230596706733053,1180040301,대한투자신탁빌딩,126.9213317400245273_37.5222696086659511,110.0,19.0,서행,126.9213317400245273_37.5222696086659511|126.9205742637601162_37.5230596706733053
2026-09-04T18:34:05.570303+09:00,여의도,여의도,POI072,KEY_4,1180087000,여의동로,1180040500,버들광장앞교차로,126.9161939719324579_37.5224229383147687,1180042903,한국방송공사앞,126.9160598886022484_37.5232024405971387,89.0,25.0,원활,126.9160598886022484_37.5232024405971387|126.9160345093533806_37.5231642193772856|126.9160286002892235_37.5230950821679485|126.9160616602082285_37.5229735262128017|126.9161637830189875_37.5226541555588327|126.9161939719324579_37.5224229383147687
2026-09-04T18:34:05.570303+09:00,여의도,여의도,POI072,KEY_4,1180087100,여의대로,1180038801,여의도교차로,126.9174398834116033_37.5217006351711717,1180044402,여의도공원앞,126.9216257794162317_37.5243012223384227,469.0,15.0,서행,126.9216257794162317_37.5243012223384227|126.9204813325683574_37.5235839430196663|126.9174398834116033_37.5217006351711717
2026-09-04T18:34:05.570303+09:00,여의도,여의도,POI072,KEY_4,1180087203,여의대로,1180038704,전경련회관삼거리,126.9191704288033691_37.5221849123008013,1180038707,서울교앞,126.9177536585469710_37.5213009209994013,159.0,13.0,정체,126.9177536585469710_37.5213009209994013|126.9179266555743908_37.5214136032377183|126.9191704288033691_37.5221849123008013
2026-09-04T18:34:05.570303+09:00,여의도,여의도,POI072,KEY_4,1180087204,여의대로,1180042803,전경련회관,126.9204696857417076_37.5229905971904500,1180038703,전경련회관삼거리,126.9192775411875402_37.5222513352049134,134.0,46.0,원활,126.9192775411875402_37.5222513352049134|126.9204696857417076_37.5229905971904500
2026-09-04T18:34:05.570303+09:00,여의도,여의도,POI072,KEY_4,1180087300,의사당대로,1180041503,속성변화점,126.9232621945534021_37.5225582878517514,1180042502,여의도지하차도(남측),126.9230739462851005_37.5227496061812005,27.0,6.0,정체,126.9230739462851005_37.5227496061812005|126.9231810254375432_37.5226418788369287|126.9232621945534021_37.5225582878517514
2026-09-04T18:34:05.570303+09:00,여의도,여의도,POI072,KEY_4,1180087400,의사당대로,1180042501,여의도지하차도(남측),126.9231803886150800_37.5228167082285182,1180041501,국회앞지하차도,126.9232874381288525_37.5227089776975404,15.0,9.0,정체,126.9232874381288525_37.5227089776975404|126.9231803886150800_37.5228167082285182
2026-09-04T18:34:05.570303+09:00,여의도,여의도,POI072,KEY_4,1180087700,여의나루로,1180041304,여의도포스트타워,126.9255002248636544_37.5225475166510023,1180043304,서남미술전시관,126.9246482595642505_37.5234309775800341,124.0,7.0,정체,126.9246482595642505_37.5234309775800341|126.9255002248636544_37.5225475166510023
2026-09-04T18:34:05.570303+09:00,여의도,여의도,POI072,KEY_4,1180087900,국제금융로2길,1180043304,서남미술전시관,126.9246482595642505_37.5234309775800341,1180041502,국회앞지하차도,126.9233705115822772_37.5226234575251354,144.0,7.0,정체,126.9233705115822772_37.5226234575251354|126.9246482595642505_37.5234309775800341
2026-09-04T18:34:05.570303+09:00,여의도,여의도,POI072,KEY_4,1180088000,국제금융로2길,1180041501,국회앞지하차도,126.9232874381288525_37.5227089776975404,1180043305,서남미술전시관,126.9245638815206974_37.5235156738176698,144.0,11.0,정체,126.9245638815206974_37.5235156738176698|126.9232874381288525_37.5227089776975404
2026-09-04T18:34:05.570303+09:00,여의도,여의도,POI072,KEY_4,1180088600,의사당대로,1180042502,여의도지하차도(남측),126.9230739462851005_37.5227496061812005,1180043908,여의도공원앞,126.9219023251390297_37.5238413780774422,160.0,6.0,정체,126.9219023251390297_37.5238413780774422|126.9228522219405306_37.5228856048509840|126.9230739462851005_37.5227496061812005
2026-09-04T18:34:05.570303+09:00,여의도,여의도,POI072,KEY_4,1180088700,의사당대로,1180043907,여의도공원앞,126.9221245522233374_37.5239661861320641,1180042501,여의도지하차도(남측),126.9231803886150800_37.5228167082285182,159.0,8.0,정체,126.9231803886150800_37.5228167082285182|126.9230651003582295_37.5230198156360615|126.9221245522233374_37.5239661861320641
2026-09-04T18:34:05.570303+09:00,여의도,여의도,POI072,KEY_4,1180088800,여의동로,1180044300,원효대교(남측),126.9363222446695119_37.5240962818884185,1180043400,원효대교남단,126.9388452416195463_37.5235509284484792,262.0,5.0,정체,126.9388452416195463_37.5235509284484792|126.9384579493625438_37.5234164617016432|126.9382200598614503_37.5233412443599619|126.9380943813213918_37.5233018443910211|126.9379642022848174_37.5232767444369202|126.9378340066637492_37.5232731008024061|126.9376229810390129_37.5232872929537464|126.9374613272680392_37.5233193903731248|126.9373544849209878_37.5233714062846175|126.9371561824279837_37.5235065711294808|126.9363767315390135_37.5240925820042506|126.9363222446695119_37.5240962818884185
2026-09-04T18:34:05.570303+09:00,여의도,여의도,POI072,KEY_4,1180089700,여의동로,1180040500,버들광장앞교차로,126.9161939719324579_37.5224229383147687,1180046700,여의하류IC,126.9139332883952989_37.5258302984319769,428.0,37.3,원활,126.9139332883952989_37.5258302984319769|126.9144071253527954_37.5250320342758101|126.9147639061961854_37.5245102165586246|126.9154324671464025_37.5235452156443898|126.9160590702339135_37.5226135549969868|126.9161939719324579_37.5224229383147687
2026-09-04T18:34:05.570303+09:00,여의도,여의도,POI072,KEY_4,1180090101,국제금융로2길,1180043307,IFC몰,126.9254731568261292_37.5239442773486331,1180043303,서남미술전시관,126.9247526031822275_37.5235002745017567,81.0,7.0,정체,126.9247526031822275_37.5235002745017567|126.9248563107640138_37.5235729177071065|126.9254731568261292_37.5239442773486331
2026-09-04T18:34:05.570303+09:00,여의도,여의도,POI072,KEY_4,1180090102,국제금융로2길,1180232100,여의도동 2-3,126.9265042604631191_37.5245978717237421,1180043306,IFC몰,126.9255988492387957_37.5240199470525582,103.0,10.5,정체,126.9255988492387957_37.5240199470525582|126.9256627847946106_37.5240584375902699|126.9265012354012185_37.5245959182143096|126.9265042604631191_37.5245978717237421
2026-09-04T18:34:05.570303+09:00,여의도,여의도,POI072,KEY_4,1180090201,국제금융로2길,1180224600,여의도동 2-3,126.9269655222914537_37.5250349352047721,1180045504,콘래드호텔,126.9274823003491548_37.5253285166201778,56.0,10.0,정체,126.9274823003491548_37.5253285166201778|126.9271764669597928_37.5251711551253138|126.9269655222914537_37.5250349352047721
2026-09-04T18:34:05.570303+09:00,여의도,여의도,POI072,KEY_4,1180090202,국제금융로2길,1180043302,서남미술전시관,126.9246629538215672_37.5235814628114355,1180043308,IFC몰,126.9253912997659910_37.5240305296354393,81.0,14.0,정체,126.9253912997659910_37.5240305296354393|126.9247704392448242_37.5236567526637756|126.9246629538215672_37.5235814628114355
2026-09-04T18:34:05.570303+09:00,여의도,여의도,POI072,KEY_4,1180090400,의사당대로,1180009002,여의도지하차도(북측),126.9192224605303210_37.5268054826268056,1180042501,여의도지하차도(남측),126.9231803886150800_37.5228167082285182,564.0,29.0,원활,126.9231803886150800_37.5228167082285182|126.9220341599056354_37.5239700333276289|126.9213599375945734_37.5246571942557807|126.9202506695416304_37.5258132586785891|126.9192224605303210_37.5268054826268056
2026-09-04T18:34:05.570303+09:00,여의도,여의도,POI072,KEY_4,1180090500,국회대로62길,1180045104,여의도동 2-11,126.9185848101250258_37.5248548993062059,1180046303,한국방송공사,126.9176318821814391_37.5258125570049614,136.0,16.3,서행,126.9176318821814391_37.5258125570049614|126.9185848101250258_37.5248548993062059
2026-09-04T18:34:05.570303+09:00,여의도,여의도,POI072,KEY_4,1180090600,국회대로62길,1180046302,한국방송공사,126.9177382756308674_37.5258797120015544,1180045101,여의도동 2-11,126.9186925033394289_37.5249207467094124,136.0,19.0,서행,126.9186925033394289_37.5249207467094124|126.9177382756308674_37.5258797120015544
2026-09-04T18:34:05.570303+09:00,여의도,여의도,POI072,KEY_4,1180090801,여의대로,1180043904,여의도동2-11,126.9242022027608812_37.5252577455223957,1180043907,여의도공원앞,126.9221245522233374_37.5239661861320641,233.0,10.5,정체,126.9221245522233374_37.5239661861320641|126.9224788397255423_37.5242242581977550|126.9229839915675910_37.5245271993776797|126.9242022027608812_37.5252577455223957
2026-09-04T18:34:05.570303+09:00,여의도,여의도,POI072,KEY_4,1180090802,여의대로,1180047403,파크원타워1,126.9262943673228676_37.5265516473403409,1180043903,여의도동2-11,126.9243100860090863_37.5253234175577290,222.0,8.5,정체,126.9243100860090863_37.5253234175577290|126.9250586179575464_37.5257867522824924|126.9262943673228676_37.5265516473403409
2026-09-04T18:34:05.570303+09:00,여의도,여의도,POI072,KEY_4,1180092000,여의대로6길,1180102000,여의도동 2-1,126.9287418519904946_37.5267858846280831,1180047903,파크원타워2,126.9285934622132430_37.5269351592018552,21.0,10.0,정체,126.9285934622132430_37.5269351592018552|126.9287418519904946_37.5267858846280831
2026-09-04T18:34:05.570303+09:00,여의도,여의도,POI072,KEY_4,1180092100,여의대로6길,1180150000,여의도동 2-1,126.9292521757274415_37.5264466977230029,1180045701,삼부아파트,126.9302296645015389_37.5254736937039439,138.0,22.0,서행,126.9302296645015389_37.5254736937039439|126.9301481335322990_37.5255453675584434|126.9296356693374719_37.5260609081082990|126.9292521757274415_37.5264466977230029
2026-09-04T18:34:05.570303+09:00,여의도,여의도,POI072,KEY_4,1180092300,의사당대로,1180009003,여의도지하차도(북측),126.9191150291965613_37.5267392953712999,1180046302,한국방송공사,126.9177382756308674_37.5258797120015544,155.0,14.0,정체,126.9177382756308674_37.5258797120015544|126.9187567674418773_37.5265156162027296|126.9191150291965613_37.5267392953712999
2026-09-04T18:34:05.570303+09:00,여의도,여의도,POI072,KEY_4,1180092400,의사당대로,1180250800,여의도동 1-6,126.9186730128168534_37.5266007063800515,1180009004,여의도지하차도(북측),126.9190308136938512_37.5268240980039991,40.0,14.0,정체,126.9190308136938512_37.5268240980039991|126.9186730128168534_37.5266007063800515
2026-09-04T18:34:05.570303+09:00,여의도,여의도,POI072,KEY_4,1180092900,국회대로62길,1180046304,한국방송공사,126.9175467092823766_37.5259008308065418,1180048303,KBS기술연구소입구,126.9162319363117888_37.5273056306211643,194.0,16.0,서행,126.9162319363117888_37.5273056306211643|126.9175467092823766_37.5259008308065418
2026-09-04T18:34:05.570303+09:00,여의도,여의도,POI072,KEY_4,1180093000,국회대로62길,1180048302,KBS기술연구소입구,126.9163407818515026_37.5273702475385065,1180046301,한국방송공사,126.9176555539196301_37.5259654465264916,194.0,19.0,서행,126.9176555539196301_37.5259654465264916|126.9163407818515026_37.5273702475385065
2026-09-04T18:34:05.570303+09:00,여의도,여의도,POI072,KEY_4,1180093100,여의서로1길,1180048303,KBS기술연구소입구,126.9162319363117888_37.5273056306211643,1180046802,KBS기술연구소,126.9142679428666298_37.5260735354667077,221.0,11.0,정체,126.9142679428666298_37.5260735354667077|126.9162319363117888_37.5273056306211643
2026-09-04T18:34:05.570303+09:00,여의도,여의도,POI072,KEY_4,1180093200,여의서로1길,1180046801,KBS기술연구소,126.9142009634784500_37.5261691500808396,1180048304,KBS기술연구소입구,126.9161495320558402_37.5273915692547035,219.0,11.0,정체,126.9161495320558402_37.5273915692547035|126.9142009634784500_37.5261691500808396
2026-09-04T18:34:05.570303+09:00,여의도,여의도,POI072,KEY_4,1180093600,국제금융로,1180047404,파크원타워1,126.9262125302013118_37.5266379264716790,1180047703,여의도동2-11,126.9259780906076145_37.5268912205965108,35.0,23.0,서행,126.9259780906076145_37.5268912205965108|126.9262125302013118_37.5266379264716790
2026-09-04T18:34:05.570303+09:00,여의도,여의도,POI072,KEY_4,1180093800,올림픽대로,1180046700,여의하류IC,126.9139332883952989_37.5258302984319769,1180049300,여의하류IC,126.9124219382957364_37.5282059407288671,296.0,41.0,원활,126.9124219382957364_37.5282059407288671|126.9126709766838559_37.5276959699368291|126.9130099086824686_37.5271002435067516|126.9134446643213892_37.5264640601462816|126.9135615846091270_37.5263044242820101|126.9139332883952989_37.5258302984319769
2026-09-04T18:34:05.570303+09:00,여의도,여의도,POI072,KEY_4,1180094100,여의대로,1180048603,여의도동 2-11,126.9279281708519562_37.5275947181724518,1180047402,파크원타워1,126.9263987935073459_37.5266208412980191,173.0,17.5,서행,126.9263987935073459_37.5266208412980191|126.9266544949265665_37.5268029647382093|126.9279281708519562_37.5275947181724518
2026-09-04T18:34:05.570303+09:00,여의도,여의도,POI072,KEY_4,1180094200,여의대로6길,1180047904,파크원타워2,126.9285094338057576_37.5270190379973414,1180048603,여의도동 2-11,126.9279281708519562_37.5275947181724518,82.0,19.0,서행,126.9279281708519562_37.5275947181724518|126.9285094338057576_37.5270190379973414
2026-09-04T18:34:05.570303+09:00,여의도,여의도,POI072,KEY_4,1180094300,여의대로6길,1180048602,여의도동 2-11,126.9280343217435671_37.5276621198139964,1180047901,파크원타워2,126.9286152279766497_37.5270867929192846,82.0,12.0,정체,126.9286152279766497_37.5270867929192846|126.9280343217435671_37.5276621198139964
2026-09-04T18:34:05.570303+09:00,여의도,여의도,POI072,KEY_4,1180094800,여의대로,1180049000,여의도동 2-11,126.9279149248875740_37.5281296792607293,1180047702,여의도동2-11,126.9260844397870045_37.5269585366700795,208.0,34.0,원활,126.9260844397870045_37.5269585366700795|126.9279149248875740_37.5281296792607293
2026-09-04T18:34:05.570303+09:00,여의도,여의도,POI072,KEY_4,1180095000,여의동로7길,1180047901,파크원타워2,126.9286152279766497_37.5270867929192846,1180049403,여의동로삼거리,126.9305906868378742_37.5283161715650735,222.0,12.0,정체,126.9305906868378742_37.5283161715650735|126.9286152279766497_37.5270867929192846
2026-09-04T18:34:05.570303+09:00,여의도,여의도,POI072,KEY_4,1180095100,국회대로62길,1180162200,여의도동 1-7,126.9158288842052258_37.5277177825872243,1180049103,키즈TV,126.9154773852716289_37.5280753781942735,50.0,18.0,서행,126.9154773852716289_37.5280753781942735|126.9158288842052258_37.5277177825872243
2026-09-04T18:34:05.570303+09:00,여의도,여의도,POI072,KEY_4,1180095200,국회대로62길,1180049102,키즈TV,126.9155853725793577_37.5281409178062191,1180048301,KBS기술연구소입구,126.9162564298634379_37.5274582162754982,96.0,19.0,서행,126.9162564298634379_37.5274582162754982|126.9159357821919372_37.5277844298947727|126.9155853725793577_37.5281409178062191
2026-09-04T18:34:05.570303+09:00,여의도,여의도,POI072,KEY_4,1180095500,여의대로,1180049000,여의도동 2-11,126.9279149248875740_37.5281296792607293,1180048601,여의도동 2-11,126.9279486089333773_37.5277459654754750,49.0,19.0,서행,126.9279486089333773_37.5277459654754750|126.9279023053807975_37.5277355157637231|126.9278863196264382_37.5278051426226966|126.9278733852933385_37.5278944429118866|126.9278793457358177_37.5280030343716007|126.9279149248875740_37.5281296792607293
2026-09-04T18:34:05.570303+09:00,여의도,여의도,POI072,KEY_4,1180095900,여의대로,1180050701,마포대교앞,126.9298855635072698_37.5288624491009486,1180048602,여의도동 2-11,126.9280343217435671_37.5276621198139964,211.0,6.0,정체,126.9280343217435671_37.5276621198139964|126.9298855635072698_37.5288624491009486
2026-09-04T18:34:05.570303+09:00,여의도,여의도,POI072,KEY_4,1180096400,여의대로,1180050902,마포대교앞교차로,126.9294682427298540_37.5291234386379742,1180049000,여의도동 2-11,126.9279149248875740_37.5281296792607293,176.0,21.0,서행,126.9279149248875740_37.5281296792607293|126.9294682427298540_37.5291234386379742
2026-09-04T18:34:05.570303+09:00,여의도,여의도,POI072,KEY_4,1180097100,여의동로,1180050702,마포대교앞,126.9297800289049007_37.5289334445548945,1180050902,마포대교앞교차로,126.9294682427298540_37.5291234386379742,35.0,14.0,정체,126.9294682427298540_37.5291234386379742|126.9297800289049007_37.5289334445548945
2026-09-04T18:34:05.570303+09:00,여의도,여의도,POI072,KEY_4,1180097300,여의대로,1180051800,마포대교,126.9308059681326171_37.5299618570035207,1180050000,마포대교남측,126.9304020221015321_37.5286131745307898,175.0,37.5,원활,126.9304020221015321_37.5286131745307898|126.9302674992351569_37.5287639444649983|126.9301715807580422_37.5289069217861453|126.9301534341487070_37.5291071595431802|126.9301772199870157_37.5292788143913825|126.9302847624288546_37.5295125003925918|126.9308059681326171_37.5299618570035207
2026-09-04T18:34:05.570303+09:00,여의도,여의도,POI072,KEY_4,1180097500,올림픽대로,1180049300,여의하류IC,126.9124219382957364_37.5282059407288671,1180053000,여의하류IC,126.9116502139587652_37.5302817461312657,241.0,35.7,원활,126.9116502139587652_37.5302817461312657|126.9117554871957765_37.5298527220926914|126.9119085944505940_37.5294737959552691|126.9122868518727643_37.5285372036068665|126.9124219382957364_37.5282059407288671
2026-09-04T18:34:05.570303+09:00,여의도,여의도,POI072,KEY_4,1180098200,여의서로,1180050300,여의하류IC,126.9125858842577514_37.5288463372735421,1180053000,여의하류IC,126.9116502139587652_37.5302817461312657,180.0,22.0,서행,126.9116502139587652_37.5302817461312657|126.9119321014785982_37.5298480867291033|126.9124478698020368_37.5290689337596177|126.9125858842577514_37.5288463372735421
2026-09-04T18:34:05.570303+09:00,여의도,여의도,POI072,KEY_4,1180098300,여의대로,1180051900,마포대교(남측),126.9282127564699607_37.5297704303567201,1180052400,마포대교,126.9307212821010751_37.5300463600273631,231.0,5.0,정체,126.9307212821010751_37.5300463600273631|126.9298072793187941_37.5297592892750274|126.9295379418201009_37.5296911879758781|126.9293044968049458_37.5296517134467038|126.9291024559104528_37.5296408650083890|126.9289048951919625_37.5296407462443824|126.9286983266459004_37.5296692285065987|126.9283704934996138_37.5297333958644117|126.9282127564699607_37.5297704303567201
2026-09-04T18:34:05.570303+09:00,여의도,여의도,POI072,KEY_4,1180098800,여의공원로,1180116800,여의도동 1-2,126.9251712482791419_37.5298465003542461,1180053403,중소기업투데이,126.9247789627892189_37.5302380972319654,56.0,9.0,정체,126.9247789627892189_37.5302380972319654|126.9251712482791419_37.5298465003542461
2026-09-04T18:34:05.570303+09:00,여의도,여의도,POI072,KEY_4,1180098900,여의공원로,1180116900,여의도동 1-2,126.9252773746239455_37.5299139286858292,1180051201,국민일보본사,126.9258217891435123_37.5293704606697105,77.0,11.0,정체,126.9258217891435123_37.5293704606697105|126.9252773746239455_37.5299139286858292
2026-09-04T18:34:05.570303+09:00,여의도,여의도,POI072,KEY_4,1180100100,올림픽대로,1180053000,여의하류IC,126.9116502139587652_37.5302817461312657,1180054600,여의하류IC,126.9113467485372553_37.5312398487618282,110.0,40.0,원활,126.9113467485372553_37.5312398487618282|126.9114940115750727_37.5307441067722678|126.9116502139587652_37.5302817461312657
2026-09-04T18:34:05.570303+09:00,여의도,여의도,POI072,KEY_4,1180101100,올림픽대로,1180054600,여의하류IC,126.9113467485372553_37.5312398487618282,1180053900,여의하류IC,126.9101796785526517_37.5308445942274886,161.0,36.3,서행,126.9101796785526517_37.5308445942274886|126.9101931014992317_37.5310414092060398|126.9102886836397630_37.5312624829991321|126.9103927384446138_37.5313583960722070|126.9105342246899681_37.5314544950895836|126.9107135639955573_37.5314971247237921|126.9109007655329577_37.5314920961623173|126.9111183798562479_37.5314275989006632|126.9112086357648082_37.5313743906016768|126.9113467485372553_37.5312398487618282
2026-09-04T18:34:05.570303+09:00,여의도,여의도,POI072,KEY_4,1180101600,여의서로,1180055500,서강대교남측,126.9220936272136981_37.5317745947810906,1180054700,서강대교남측,126.9217615574708447_37.5313291653935792,67.0,20.0,서행,126.9217615574708447_37.5313291653935792|126.9217629235362779_37.5315398924357950|126.9218301729573000_37.5316910168274589|126.9219347722461606_37.5317503890045288|126.9220358644076327_37.5317673982089559|126.9220936272136981_37.5317745947810906
2026-09-04T18:34:05.570303+09:00,여의도,여의도,POI072,KEY_4,1180102100,올림픽대로,1180055000,여의하류IC앞,126.9097766577302622_37.5319288643150841,1180056700,여의하류IC앞,126.9099677257352141_37.5322885743723162,247.0,5.0,정체,126.9099677257352141_37.5322885743723162|126.9101802749627552_37.5322898012020829|126.9104318980016188_37.5322803263696159|126.9105533440733069_37.5322594692428169|126.9106435161752842_37.5322169922414162|126.9107278503933003_37.5321554077364397|126.9108033508016575_37.5320746999620383|126.9108579076633276_37.5319915030838942|126.9108854019603427_37.5319224810316570|126.9108979423341879_37.5318509987701034|126.9108805013922705_37.5317841367436387|126.9108362782712049_37.5316956773246275|126.9107828271066865_37.5316381747174148|126.9106874170305019_37.5315852327633905|126.9105858681555645_37.5315513377507699|126.9104842061042717_37.5315317522630707|126.9103943910203895_37.5315289189790775|126.9102954982978702_37.5315379647373817|126.9102025389048976_37.5315541941005435|126.9100974322583681_37.5315918264329014|126.9100101221350911_37.5316510106624506|126.9099196124940221_37.5317364124159667|126.9097766577302622_37.5319288643150841
2026-09-04T18:34:05.570303+09:00,여의도,여의도,POI072,KEY_4,1180103300,올림픽대로,1180054600,여의하류IC,126.9113467485372553_37.5312398487618282,1180056700,여의하류IC앞,126.9099677257352141_37.5322885743723162,207.0,39.0,원활,126.9099677257352141_37.5322885743723162|126.9102019059527322_37.5323529642993847|126.9104144226252089_37.5323881863476316|126.9105551300773840_37.5323763736599858|126.9106838828241166_37.5323478643264963|126.9107976882863937_37.5323026561256228|126.9109025353903490_37.5322383695701731|126.9109714553170818_37.5321788239392902|126.9110374194450657_37.5320882852129003|126.9110944195145976_37.5319834363101563|126.9113016746642160_37.5313852328840198|126.9113467485372553_37.5312398487618282
2026-09-04T18:34:05.570303+09:00,여의도,여의도,POI072,KEY_4,1180129800,여의대로,1180038703,전경련회관삼거리,126.9192775411875402_37.5222513352049134,1180035802,LG경영개발원,126.9200485653260415_37.5214545403774409,112.0,17.0,서행,126.9200485653260415_37.5214545403774409|126.9192775411875402_37.5222513352049134
2026-09-04T18:34:05.570303+09:00,여의도,여의도,POI072,KEY_4,1180103700,올림픽대로,1180056900,여의하류IC앞,126.9099107440064671_37.5323785517192547,1180058100,여의하류IC,126.9113470954211209_37.5334759494431651,183.0,51.0,원활,126.9113470954211209_37.5334759494431651|126.9112574345930824_37.5333543028651491|126.9111647860354850_37.5332278867742630|126.9110691582745005_37.5330895481243871|126.9109675293688468_37.5329631251105766|126.9108449616440879_37.5328247659603988|126.9107313287380663_37.5327245564036360|126.9105578407508830_37.5326123820790158|126.9103573956169413_37.5325144895265197|126.9101523716446422_37.5324473163778976|126.9099107440064671_37.5323785517192547
2026-09-04T18:34:05.570303+09:00,여의도,여의도,POI072,KEY_4,1180104000,올림픽대로,1180322800,최소노드배치점,126.9188633519518135_37.5330663833708513,1180054900,여의하류IC,126.9238476077766080_37.5313717470433375,486.0,10.0,정체,126.9238476077766080_37.5313717470433375|126.9235232634260058_37.5316199137243132|126.9232000481612062_37.5318505638760769|126.9230158194888247_37.5319791744498730|126.9228496134543036_37.5320470077723343|126.9224004740734983_37.5321647167067241|126.9210485355217912_37.5325392848552042|126.9195124922006812_37.5329065609222638|126.9188633519518135_37.5330663833708513
2026-09-04T18:34:05.570303+09:00,여의도,여의도,POI072,KEY_4,1180104200,올림픽대로,1180056900,여의하류IC앞,126.9099107440064671_37.5323785517192547,1180057200,여의하류IC앞,126.9095075762253231_37.5324759606280765,244.0,36.0,서행,126.9095075762253231_37.5324759606280765|126.9094841950826407_37.5325994681253974|126.9094564797182016_37.5327452630529876|126.9094313198684887_37.5328977660792660|126.9094484590793002_37.5330027836566202|126.9095046031765150_37.5330984571128070|126.9095730635125250_37.5331512658508686|126.9096595477012244_37.5331970100760017|126.9097791981177750_37.5332143016489468|126.9099049867064224_37.5332125452215948|126.9100668986708342_37.5331871216565673|126.9101840428222800_37.5331423950281788|126.9102684147233475_37.5330760409922490|126.9103138214403117_37.5330142623253735|126.9103534441543815_37.5329262222845230|126.9103630663362168_37.5328451854664635|126.9103489008242747_37.5327425678390441|126.9103166942296639_37.5326493988199772|126.9102455019530993_37.5325631892314817|126.9101144752508361_37.5324695269450785|126.9099107440064671_37.5323785517192547
2026-09-04T18:34:05.570303+09:00,여의도,여의도,POI072,KEY_4,1180104400,올림픽대로,1180058200,여의하류IC,126.9088719404886518_37.5335782193263654,1180058100,여의하류IC,126.9113470954211209_37.5334759494431651,236.0,5.0,정체,126.9113470954211209_37.5334759494431651|126.9111690623947908_37.5333607524628903|126.9109989641811467_37.5332847817553272|126.9108511282904743_37.5332339637287120|126.9106941120611651_37.5332081395440156|126.9105324361279230_37.5332037554386346|126.9103751385429319_37.5332137012479095|126.9102175873575931_37.5332558412137871|126.9100735400548814_37.5332944719436838|126.9099296329114139_37.5333152159377619|126.9097947662082930_37.5333288514592383|126.9096330327877951_37.5333316200244838|126.9094937305390545_37.5333380780400887|126.9093228160708549_37.5333658410132927|126.9091877513593118_37.5334045154003917|126.9090840728703284_37.5334505001922309|126.9088719404886518_37.5335782193263654
2026-09-04T18:34:05.570303+09:00,여의도,여의도,POI072,KEY_4,1180104700,올림픽대로,1180057702,여의하류IC,126.9116446085465810_37.5333341738394211,1180058600,여의하류IC,126.9124480904624335_37.5340012297976102,103.0,27.5,정체,126.9124480904624335_37.5340012297976102|126.9122745980778859_37.5338890571121127|126.9120682102647208_37.5337482538104155|126.9119545687167232_37.5336528126330577|126.9118678582978959_37.5335669276376009|126.9117632252879702_37.5334476543186142|126.9116446085465810_37.5333341738394211
2026-09-04T18:34:05.570303+09:00,여의도,여의도,POI072,KEY_4,1180105100,올림픽대로,1180058100,여의하류IC,126.9113470954211209_37.5334759494431651,1180058600,여의하류IC,126.9124480904624335_37.5340012297976102,118.0,9.0,정체,126.9124480904624335_37.5340012297976102|126.9122714926787694_37.5339844113092269|126.9121398055384304_37.5339604738344619|126.9119004108432165_37.5338863945131394|126.9117179131641819_37.5337956707200888|126.9115683555591261_37.5336954342220679|126.9114666742656965_37.5336119217694275|126.9113470954211209_37.5334759494431651
2026-09-04T18:34:05.570303+09:00,여의도,여의도,POI072,KEY_4,1180105300,올림픽대로,1180058600,여의하류IC,126.9124480904624335_37.5340012297976102,1180058400,여의하류IC,126.9148490647562824_37.5338551834337650,213.0,7.0,정체,126.9148490647562824_37.5338551834337650|126.9146365081849410_37.5338693333682087|126.9127833540508021_37.5340110131640330|126.9126216957507864_37.5340180458078123|126.9124480904624335_37.5340012297976102
2026-09-04T18:34:05.570303+09:00,여의도,여의도,POI072,KEY_4,1180119300,국제금융로,1180047702,여의도동2-11,126.9260844397870045_37.5269585366700795,1180047401,파크원타워1,126.9263167991109071_37.5267074897627282,35.0,11.0,정체,126.9263167991109071_37.5267074897627282|126.9260844397870045_37.5269585366700795
2026-09-04T18:34:05.570303+09:00,여의도,여의도,POI072,KEY_4,1180125100,여의대로4길,1180043308,IFC몰,126.9253912997659910_37.5240305296354393,1180043904,여의도동2-11,126.9242022027608812_37.5252577455223957,173.0,7.0,정체,126.9242022027608812_37.5252577455223957|126.9246481580183996_37.5247712374463021|126.9246502970791397_37.5247689038512675|126.9247757014081515_37.5246351435260124|126.9247791512703714_37.5246315370412233|126.9253369888391063_37.5240483679096428|126.9253912997659910_37.5240305296354393
2026-09-04T18:34:05.570303+09:00,여의도,여의도,POI072,KEY_4,1180125200,여의대로4길,1180119700,여의도동 23,126.9248871351346679_37.5246970604828931,1180043309,IFC몰,126.9255169922482764_37.5241061994683847,87.0,10.0,정체,126.9255169922482764_37.5241061994683847|126.9254227075627881_37.5241371671839445|126.9248871351346679_37.5246970604828931
2026-09-04T18:34:05.570303+09:00,여의도,여의도,POI072,KEY_4,1180129700,여의대로,1180035805,LG경영개발원,126.9199415755927589_37.5213879918803102,1180038704,전경련회관삼거리,126.9191704288033691_37.5221849123008013,112.0,21.5,서행,126.9191704288033691_37.5221849123008013|126.9199415755927589_37.5213879918803102
2026-09-04T18:34:05.570303+09:00,여의도,여의도,POI072,KEY_4,1180131700,올림픽대로,1180072800,여의상류IC,126.9405016513416058_37.5173927522574644,1180072700,여의상류IC,126.9400317402693616_37.5169229080486772,221.0,38.0,서행,126.9400317402693616_37.5169229080486772|126.9399344802771310_37.5169316289955646|126.9398211359667812_37.5169535882205949|126.9397250814745064_37.5169865204715478|126.9396499126596893_37.5170290914397313|126.9395866670927830_37.5170788728819602|126.9395569131277739_37.5171084448085992|126.9394778696889432_37.5172142920509657|126.9394474129800869_37.5172833077141021|126.9394349378280964_37.5173500233186985|126.9394344204221170_37.5174191813664777|126.9394518846603290_37.5174860393611098|126.9394842642379189_37.5175601229327924|126.9395138118170934_37.5176127296308124|126.9395792139877273_37.5176750458591997|126.9396507655670234_37.5177159276217509|126.9397313518953752_37.5177496969262165|126.9398150389860405_37.5177691724375677|126.9398958040664525_37.5177790948669383|126.9400096093687011_37.5177748648494571|126.9401115632629029_37.5177538853697854|126.9401896368920006_37.5177232520757471|126.9402527950462485_37.5176853941495381|126.9403371051859892_37.5176214033639113|126.9404239541164117_37.5175025778350246|126.9405016513416058_37.5173927522574644
2026-09-04T18:34:05.570303+09:00,여의도,여의도,POI072,KEY_4,1180131800,올림픽대로,1180073200,여의상류IC,126.9413747929981042_37.5171839921024386,1180072900,여의상류IC,126.9406083800987517_37.5174248708792817,223.0,7.0,정체,126.9406083800987517_37.5174248708792817|126.9405930312344424_37.5175435153873309|126.9406092616678592_37.5176670087558009|126.9406471748521454_37.5177969651017236|126.9407050223394009_37.5178687842951106|126.9407719322446866_37.5179299139964257|126.9408479565857988_37.5179732011517402|126.9409330178654471_37.5180093757528255|126.9410361749584411_37.5180277509984137|126.9411618942258571_37.5180319231682446|126.9413057634171480_37.5180111401280030|126.9414454615370147_37.5179474103264710|126.9415493929910213_37.5178620475961679|126.9416038699689295_37.5177836052660467|126.9416231424661277_37.5177302402591408|126.9416451412587463_37.5176693288908751|126.9416504315423992_37.5175620364262841|126.9416241520395943_37.5174724808295537|126.9415895959336780_37.5173712900806677|126.9415130106084462_37.5172832160456764|126.9414200748953476_37.5172121420924327|126.9413747929981042_37.5171839921024386
2026-09-04T18:34:05.570303+09:00,여의도,여의도,POI072,KEY_4,1180131900,올림픽대로,1180033601,여의상류IC,126.9410620352872030_37.5197641943777285,1180073300,여의상류IC,126.9429855095649771_37.5174961988850910,356.0,27.5,정체,126.9429855095649771_37.5174961988850910|126.9425770783428646_37.5174620764480835|126.9423645811656343_37.5174515339232642|126.9422687580351123_37.5174534666303643|126.9421458647768333_37.5174719653657647|126.9420678452474931_37.5174954451136884|126.9419987904991132_37.5175213520105117|126.9419236224377983_37.5175639235214362|126.9418634063433728_37.5176089512716757|126.9418000721829998_37.5176706568276828|126.9417427069557931_37.5177485130741815|126.9416003222524836_37.5179582783130741|126.9415367386929461_37.5180533702759931|126.9414333808193476_37.5182627473598558|126.9414028723800385_37.5183389174551678|126.9413353512353808_37.5185603874609441|126.9413075523894747_37.5186747280699180|126.9411772528702187_37.5192846297340026|126.9411243449818727_37.5195538654257774|126.9410620352872030_37.5197641943777285
2026-09-04T18:34:05.570303+09:00,여의도,여의도,POI072,KEY_4,1180132000,올림픽대로,1180072600,여의상류IC,126.9378948464693480_37.5165074160918977,1180029800,여의상류IC,126.9377628191142691_37.5176475456465397,325.0,14.0,정체,126.9377628191142691_37.5176475456465397|126.9381601723230375_37.5176575716860441|126.9387198855593368_37.5176805047165018|126.9388336718633070_37.5176786598768359|126.9389566551671322_37.5176482416586694|126.9390618000187771_37.5176010446367982|126.9391550758196558_37.5175394812165521|126.9392214417544267_37.5174730213408125|126.9392698981474012_37.5173993216681509|126.9393003717038368_37.5173279211050357|126.9393129014057564_37.5172540506748149|126.9393105136024502_37.5171729555413691|126.9392901098453308_37.5170989285295988|126.9392489783639775_37.5170157736007610|126.9392102730446084_37.5169649983634272|126.9391597703063752_37.5169122924934584|126.9390793806584412_37.5168522901816885|126.9389868734863427_37.5168113080451349|126.9378948464693480_37.5165074160918977
2026-09-04T18:34:05.570303+09:00,여의도,여의도,POI072,KEY_4,1180132101,올림픽대로,1180029701,노들길지하차도(남측),126.9174454412259223_37.5178935252872279,1180073802,신길동 4898,126.9243723430401758_37.5161747318214296,653.0,55.0,원활,126.9243723430401758_37.5161747318214296|126.9226606204918255_37.5168357374757875|126.9219396728078948_37.5171454308969743|126.9207111304239390_37.5176103681835897|126.9204558848613971_37.5176924905913509|126.9203001038399492_37.5177165135415223|126.9201811855750321_37.5177294500317089|126.9199887160019671_37.5177420257544867|126.9196406749877610_37.5177515824785388|126.9190944888944870_37.5177759385469969|126.9185088538632584_37.5177798166117711|126.9182257725997260_37.5178032092262725|126.9180388896296705_37.5178248227006961|126.9177583737531023_37.5178820279200735|126.9174454412259223_37.5178935252872279
2026-09-04T18:34:05.570303+09:00,여의도,여의도,POI072,KEY_4,1190006101,여의대방로,1180024602,대방역(서울1호선),126.9260012336949046_37.5136322383516898,1190002704,대방역사거리,126.9267562377877425_37.5145721661826528,126.0,13.0,정체,126.9267562377877425_37.5145721661826528|126.9266532556327434_37.5145489765688183|126.9266093775832047_37.5144872851627227|126.9260012336949046_37.5136322383516898
2026-09-04T18:34:05.570303+09:00,여의도,여의도,POI072,KEY_4,1190006201,여의대방로,1190002703,대방역사거리,126.9268958244966257_37.5145487094125656,1180024601,대방역(서울1호선),126.9262367161707630_37.5135246544136862,130.0,13.5,정체,126.9262367161707630_37.5135246544136862|126.9268824723927764_37.5144176304682091|126.9269222862782698_37.5144726857951127|126.9268958244966257_37.5145487094125656
2026-09-04T18:34:05.570303+09:00,여의도,여의도,POI072,KEY_4,1190006903,여의대방로,1190022302,영등포구-동작구,126.9274873639790400_37.5155411761891173,1180028009,여의교앞교차로,126.9284790582093052_37.5169816909920968,182.0,13.0,정체,126.9284790582093052_37.5169816909920968|126.9283375899637605_37.5167431126999773|126.9274873639790400_37.5155411761891173
2026-09-04T18:34:05.570303+09:00,여의도,여의도,POI072,KEY_4,1190007003,여의대방로,1180028008,여의교앞교차로,126.9286343708705260_37.5169904528563194,1190022301,영등포구-동작구,126.9276025342916370_37.5154837396407004,191.0,15.0,서행,126.9276025342916370_37.5154837396407004|126.9284582427261938_37.5166934225227635|126.9286343708705260_37.5169904528563194
2026-09-04T18:34:05.570303+09:00,여의도,여의도,POI072,KEY_4,1190044800,노들로,1190182300,최소노드배치점,126.9272162634406413_37.5145713085371639,1180025902,여의교지하차도(서측),126.9243577826353402_37.5152265372191849,264.0,56.0,원활,126.9243577826353402_37.5152265372191849|126.9252562213810762_37.5149340719642055|126.9254762290053691_37.5148794587899204|126.9263543419064746_37.5147006945100898|126.9268842390227690_37.5146043415104771|126.9272162634406413_37.5145713085371639
2026-09-04T18:34:05.570303+09:00,연남동,연남동,POI073,KEY_1,1130018501,월드컵북로,1130260700,서교동 445-7,126.9200065606029000_37.5564461523167950,1130031203,서교동 445-7,126.9187731280576088_37.5574745284471163,158.0,17.0,서행,126.9187731280576088_37.5574745284471163|126.9200065606029000_37.5564461523167950
2026-09-04T18:34:05.570303+09:00,연남동,연남동,POI073,KEY_1,1120004702,연희로,1130277000,연남동 226-48,126.9271080598153532_37.5618100657820975,1130034803,해청갤러리,126.9273073914400101_37.5621099056815169,38.0,24.0,서행,126.9273073914400101_37.5621099056815169|126.9271080598153532_37.5618100657820975
2026-09-04T18:34:05.570303+09:00,연남동,연남동,POI073,KEY_1,1120004703,연희로,1130250200,연남동 226-24,126.9280727889166229_37.5631859582277556,1130035903,연희동성당앞,126.9283432785030072_37.5635653407448942,48.0,9.0,정체,126.9283432785030072_37.5635653407448942|126.9280727889166229_37.5631859582277556
2026-09-04T18:34:05.570303+09:00,연남동,연남동,POI073,KEY_1,1120004802,연희로,1120065500,연희동 226-32,126.9276239882496213_37.5623374246412851,1130034801,해청갤러리,126.9274702230425476_37.5621217504392817,28.0,13.0,정체,126.9274702230425476_37.5621217504392817|126.9276239882496213_37.5623374246412851
2026-09-04T18:34:05.570303+09:00,연남동,연남동,POI073,KEY_1,1120060900,연희로,1120028701,연희동 739,126.9288286649398998_37.5621518337985663,1130034802,해청갤러리,126.9273953958239645_37.5620111365759470,147.0,15.0,서행,126.9273953958239645_37.5620111365759470|126.9274286614211036_37.5619672062125005|126.9277400706569807_37.5617957123375845|126.9278934350607244_37.5617729928707433|126.9284634704889925_37.5620666455208649|126.9285543477235052_37.5621045099639375|126.9286568464001022_37.5621272878675327|126.9288286649398998_37.5621518337985663
2026-09-04T18:34:05.570303+09:00,연남동,연남동,POI073,KEY_1,1120062900,동교로,1120007802,조선일보(연희지국),126.9270208438035894_37.5646005680013459,1130036601,서대문구-마포구,126.9267080980032176_37.5643200920704956,42.0,24.0,서행,126.9267080980032176_37.5643200920704956|126.9270208438035894_37.5646005680013459
2026-09-04T18:34:05.570303+09:00,연남동,연남동,POI073,KEY_1,1120063000,동교로,1130036602,서대문구-마포구,126.9266078711886649_37.5643930441057563,1120007803,조선일보(연희지국),126.9269211950978473_37.5646740742852359,42.0,20.5,서행,126.9269211950978473_37.5646740742852359|126.9266078711886649_37.5643930441057563
2026-09-04T18:34:05.570303+09:00,연남동,연남동,POI073,KEY_1,1130018303,동교로,1130267000,동교동 151-3,126.9235602086829147_37.5590265329813064,1130006103,동서빌라,126.9237720218529262_37.5599217838101325,101.0,12.0,정체,126.9237720218529262_37.5599217838101325|126.9237420189898273_37.5597891978450278|126.9236012045125506_37.5591669167257010|126.9235602086829147_37.5590265329813064
2026-09-04T18:34:05.570303+09:00,연남동,연남동,POI073,KEY_1,1130018502,월드컵북로,1130251100,성산동 232-19,126.9170346878931355_37.5594060910254228,1130033003,경성고교입구교차로,126.9163000018430409_37.5602379275557112,113.0,17.7,서행,126.9163000018430409_37.5602379275557112|126.9170346878931355_37.5594060910254228
2026-09-04T18:34:05.570303+09:00,연남동,연남동,POI073,KEY_1,1130018602,월드컵북로,1130257900,연남동 571-19,126.9179061052080186_37.5586077878839077,1130031201,연남동 570-51,126.9187945682714940_37.5576202514821702,135.0,26.0,원활,126.9187945682714940_37.5576202514821702|126.9187015916444921_37.5577134134808404|126.9179061052080186_37.5586077878839077
2026-09-04T18:34:05.570303+09:00,연남동,연남동,POI073,KEY_1,1130018900,성미산로,1130272600,성산동 231-11,126.9158091268138975_37.5600789669375956,1130033004,경성고교입구교차로,126.9162191219763116_37.5603247891752687,45.0,16.0,서행,126.9162191219763116_37.5603247891752687|126.9158091268138975_37.5600789669375956
2026-09-04T18:34:05.570303+09:00,연남동,연남동,POI073,KEY_1,1130019301,연남로,1130240800,연남동 567-43,126.9231287573617948_37.5609100158457139,1130033401,연남동 567-43,126.9233172227791897_37.5606784343822042,31.0,13.0,정체,126.9233172227791897_37.5606784343822042|126.9231287573617948_37.5609100158457139
2026-09-04T18:34:05.570303+09:00,연남동,연남동,POI073,KEY_1,1130019302,연남로,1130033402,연남동 567-43,126.9233912364688450_37.5605875658401018,1130006104,동서빌라,126.9238055697589687_37.5600792539152337,67.0,21.0,서행,126.9238055697589687_37.5600792539152337|126.9233912364688450_37.5605875658401018
2026-09-04T18:34:05.570303+09:00,연남동,연남동,POI073,KEY_1,1130019401,연남로,1130245000,연남동 515-26,126.9217700703665628_37.5623806377983485,1130006303,로얄빌딩,126.9211548639525944_37.5631365364465495,100.0,26.0,원활,126.9211548639525944_37.5631365364465495|126.9217700703665628_37.5623806377983485
2026-09-04T18:34:05.570303+09:00,연남동,연남동,POI073,KEY_1,1130019402,연남로,1130006103,동서빌라,126.9237720218529262_37.5599217838101325,1130033403,동교동 197-41,126.9232773041242268_37.5605287127344880,80.0,2.0,정체,126.9232773041242268_37.5605287127344880|126.9237720218529262_37.5599217838101325
2026-09-04T18:34:05.570303+09:00,연남동,연남동,POI073,KEY_1,1130019700,성미산로,1130238200,연남동 369-8,126.9192663547726170_37.5621460245775722,1130006304,로얄빌딩,126.9210804329262032_37.5632272406674659,200.0,14.5,정체,126.9210804329262032_37.5632272406674659|126.9207517183218528_37.5630313265380593|126.9204200520956078_37.5628336512674252|126.9200100335724386_37.5625892747693442|126.9198326226203619_37.5624835345415917|126.9192663547726170_37.5621460245775722
2026-09-04T18:34:05.570303+09:00,연남동,연남동,POI073,KEY_1,1130019800,성미산로,1130237700,성산동 231-20,126.9169040134700737_37.5605999951076086,1130033002,경성고교입구교차로,126.9164085521041301_37.5603030039980226,55.0,19.0,서행,126.9164085521041301_37.5603030039980226|126.9169040134700737_37.5605999951076086
2026-09-04T18:34:05.570303+09:00,연남동,연남동,POI073,KEY_1,1130020000,월드컵북로,1130243000,성산동 231-22,126.9157321063545254_37.5610348315618126,1130033001,경성고교입구교차로,126.9163276327042809_37.5603898418518440,89.0,11.0,정체,126.9163276327042809_37.5603898418518440|126.9161941072004822_37.5605258680463834|126.9160529479223669_37.5606813771840038|126.9157321063545254_37.5610348315618126
2026-09-04T18:34:05.570303+09:00,연남동,연남동,POI073,KEY_1,1130020301,성미산로,1130006301,로얄빌딩,126.9211915162888573_37.5632895435570831,1130036004,노블레스아파트,126.9217317006510797_37.5635753657036062,57.0,4.0,정체,126.9217317006510797_37.5635753657036062|126.9211915162888573_37.5632895435570831
2026-09-04T18:34:05.570303+09:00,연남동,연남동,POI073,KEY_1,1130020302,성미산로,1130249800,연남동 225-38,126.9250630781282325_37.5641314617751121,1130035804,연남동 225-38,126.9256843986061938_37.5636126984175931,80.0,19.0,서행,126.9256843986061938_37.5636126984175931|126.9250630781282325_37.5641314617751121
2026-09-04T18:34:05.570303+09:00,연남동,연남동,POI073,KEY_1,1130020401,성미산로,1130036003,노블레스아파트,126.9218068862926145_37.5634853229895498,1130006302,로얄빌딩,126.9212658294876519_37.5631990398513125,57.0,14.0,정체,126.9212658294876519_37.5631990398513125|126.9218068862926145_37.5634853229895498
2026-09-04T18:34:05.570303+09:00,연남동,연남동,POI073,KEY_1,1130020402,성미산로,1130251300,연남동 250-10,126.9221693717430242_37.5636724649411420,1130036002,노블레스아파트,126.9219212234222169_37.5635450288828423,26.0,17.0,서행,126.9219212234222169_37.5635450288828423|126.9221693717430242_37.5636724649411420
2026-09-04T18:34:05.570303+09:00,연남동,연남동,POI073,KEY_1,1130021301,동교로,1130270200,연남동 373-20,126.9238877393567293_37.5603936801492893,1130033503,창무빌딩,126.9241748864737787_37.5606341936674681,38.0,9.0,정체,126.9241748864737787_37.5606341936674681|126.9241661103410337_37.5606061520141736|126.9241366858942399_37.5605700517992886|126.9241002899647839_37.5605390962913646|126.9239179770402757_37.5604331415745349|126.9238877393567293_37.5603936801492893
2026-09-04T18:34:05.570303+09:00,연남동,연남동,POI073,KEY_1,1130021302,동교로,1130250600,연남동 229-65,126.9250813106768447_37.5630900163644981,1130035803,연남동 225-36,126.9255917382149761_37.5635333791396420,67.0,19.0,서행,126.9255917382149761_37.5635333791396420|126.9253960018439642_37.5633633613362221|126.9250813106768447_37.5630900163644981
2026-09-04T18:34:05.570303+09:00,연남동,연남동,POI073,KEY_1,1130021303,동교로,1130264400,연남동 225-38,126.9263679639492324_37.5641903218058602,1130036602,서대문구-마포구,126.9266078711886649_37.5643930441057563,31.0,9.0,정체,126.9266078711886649_37.5643930441057563|126.9263679639492324_37.5641903218058602
2026-09-04T18:34:05.570303+09:00,연남동,연남동,POI073,KEY_1,1130021401,동교로,1130270300,동교동 190-1,126.9240036868288968_37.5603373757369283,1130006101,동서빌라,126.9239149665367705_37.5599450424727905,44.0,11.3,정체,126.9239149665367705_37.5599450424727905|126.9239877581506306_37.5602899730970847|126.9239997971928346_37.5603322997610576|126.9240036868288968_37.5603373757369283
2026-09-04T18:34:05.570303+09:00,연남동,연남동,POI073,KEY_1,1130021402,동교로,1130234100,연남동 260-65,126.9243509881973893_37.5610184290997395,1130033501,창무빌딩,126.9243242832398835_37.5606902998111352,36.0,15.0,서행,126.9243242832398835_37.5606902998111352|126.9243327450441683_37.5607736496850464|126.9243509881973893_37.5610184290997395
2026-09-04T18:34:05.570303+09:00,연남동,연남동,POI073,KEY_1,1130021403,동교로,1130036601,서대문구-마포구,126.9267080980032176_37.5643200920704956,1130035801,연남동 224-68,126.9257782460976927_37.5635343239583079,120.0,18.0,서행,126.9257782460976927_37.5635343239583079|126.9261142058849572_37.5638182283647524|126.9264668133956491_37.5641161976511739|126.9267080980032176_37.5643200920704956
2026-09-04T18:34:05.570303+09:00,연남동,연남동,POI073,KEY_1,1130021601,연남로,1130281300,최소노드배치점,126.9194887786172217_37.5653656026151168,1130006301,로얄빌딩,126.9211915162888573_37.5632895435570831,275.0,10.0,정체,126.9211915162888573_37.5632895435570831|126.9205365111346566_37.5640803585334453|126.9202702056518319_37.5644070381809527|126.9200506331480227_37.5646763873924741|126.9196463850846328_37.5651722716135268|126.9194887786172217_37.5653656026151168
2026-09-04T18:34:05.570303+09:00,연남동,연남동,POI073,KEY_1,1130055000,월드컵북로5길,1130254500,서교동 449-44,126.9173185892374249_37.5569228155895019,1130031204,서교동 449-44,126.9186832942457102_37.5575579420634398,140.0,16.0,서행,126.9186832942457102_37.5575579420634398|126.9181245521222081_37.5572974258490646|126.9174760525978627_37.5569950542124857|126.9173185892374249_37.5569228155895019
2026-09-04T18:34:05.570303+09:00,연남동,연남동,POI073,KEY_1,1130057300,월드컵북로6길,1130261300,동교동 203-33,126.9193673333113281_37.5578672419356039,1130031202,동교동 205-15,126.9188838547954674_37.5575387719110481,56.0,20.0,서행,126.9188838547954674_37.5575387719110481|126.9193673333113281_37.5578672419356039
2026-09-04T18:34:05.570303+09:00,연남동,연남동,POI073,KEY_1,1130057400,월드컵북로6길,1130237300,연남동 567-58,126.9228121069769628_37.5603611737690315,1130033404,연남동 567-43,126.9232032360486642_37.5606196477347183,45.0,11.0,정체,126.9232032360486642_37.5606196477347183|126.9230964736037777_37.5605557972101778|126.9228121069769628_37.5603611737690315
2026-09-04T18:34:05.570303+09:00,연남동,연남동,POI073,KEY_1,1130060000,동교로29길,1130033503,창무빌딩,126.9241748864737787_37.5606341936674681,1130036003,노블레스아파트,126.9218068862926145_37.5634853229895498,381.0,22.0,서행,126.9218068862926145_37.5634853229895498|126.9218459298930100_37.5634232918577879|126.9220337933197982_37.5631841000810169|126.9223456371491494_37.5627870497117868|126.9227675631269960_37.5622648309932572|126.9233084612183120_37.5615953472728421|126.9240020675585043_37.5607446270273684|126.9240943496756557_37.5606712830971432|126.9241748864737787_37.5606341936674681
2026-09-04T18:34:05.570303+09:00,연남동,연남동,POI073,KEY_1,1130060100,동교로29길,1130246800,연남동 257-9,126.9228817967008496_37.5623233169991337,1130033504,창무빌딩,126.9241941095302053_37.5607502493276115,210.0,7.0,정체,126.9241941095302053_37.5607502493276115|126.9241777376998783_37.5607577891073205|126.9241081814776919_37.5608130710165966|126.9234225413209742_37.5616540221321031|126.9228817967008496_37.5623233169991337
2026-09-04T18:34:05.570303+09:00,연남동,연남동,POI073,KEY_1,1130060900,성미산로,1130275100,연남동 227-35,126.9263235538300165_37.5629220786752782,1130035802,연남동 224-42,126.9256856633364663_37.5634549376981468,82.0,10.0,정체,126.9256856633364663_37.5634549376981468|126.9258913341547981_37.5632831326951120|126.9263235538300165_37.5629220786752782
2026-09-04T18:34:05.570303+09:00,연남동,연남동,POI073,KEY_1,1130061000,성미산로,1130251800,연남동 226-9,126.9268765102369230_37.5626168868789208,1130034804,해청갤러리,126.9273752792072827_37.5622076263378801,63.0,12.0,정체,126.9273752792072827_37.5622076263378801|126.9272849188586036_37.5622757135550032|126.9268765102369230_37.5626168868789208
2026-09-04T18:34:05.570303+09:00,영등포 타임스퀘어,영등포 타임스퀘어,POI074,KEY_2,1180000901,경인로,1180127400,영등포동3가 39,126.9084229054596591_37.5170881749968004,1180028604,영등포한전,126.9092990278852682_37.5173912699995569,84.0,9.0,정체,126.9092990278852682_37.5173912699995569|126.9084229054596591_37.5170881749968004
2026-09-04T18:34:05.570303+09:00,영등포 타임스퀘어,영등포 타임스퀘어,POI074,KEY_2,1180000902,경인로,1180028601,영등포한전,126.9094281785715310_37.5174358290711183,1180029402,영등포고가차도(서측),126.9105878329916948_37.5178352904877315,112.0,9.0,정체,126.9105878329916948_37.5178352904877315|126.9094281785715310_37.5174358290711183
2026-09-04T18:34:05.570303+09:00,영등포 타임스퀘어,영등포 타임스퀘어,POI074,KEY_2,1180000903,경인로,1180029402,영등포고가차도(서측),126.9105878329916948_37.5178352904877315,1180000603,영등포로터리,126.9120906292499882_37.5184239480049868,149.0,22.5,서행,126.9120906292499882_37.5184239480049868|126.9120097694427898_37.5183896253174680|126.9108093688715826_37.5179714686493213|126.9105878329916948_37.5178352904877315
2026-09-04T18:34:05.570303+09:00,영등포 타임스퀘어,영등포 타임스퀘어,POI074,KEY_2,1180001001,경인로,1180243700,영등포동 481-12,126.9078910549129091_37.5167862984797083,1180000503,영등포역앞교차로,126.9067347975935007_37.5163862687553689,111.0,8.0,정체,126.9067347975935007_37.5163862687553689|126.9078910549129091_37.5167862984797083
2026-09-04T18:34:05.570303+09:00,영등포 타임스퀘어,영등포 타임스퀘어,POI074,KEY_2,1180001002,경인로,1180029401,영등포고가차도(서측),126.9106419673750281_37.5177361416953161,1180028602,영등포한전,126.9094820584459313_37.5173365914275081,112.0,10.0,정체,126.9094820584459313_37.5173365914275081|126.9106419673750281_37.5177361416953161
2026-09-04T18:34:05.570303+09:00,영등포 타임스퀘어,영등포 타임스퀘어,POI074,KEY_2,1180001003,경인로,1180000602,영등포로터리,126.9122093045591271_37.5182292931425820,1180029401,영등포고가차도(서측),126.9106419673750281_37.5177361416953161,150.0,4.0,정체,126.9106419673750281_37.5177361416953161|126.9109181500788281_37.5177733471150248|126.9121281737749598_37.5181948553375548|126.9122093045591271_37.5182292931425820
2026-09-04T18:34:05.570303+09:00,영등포 타임스퀘어,영등포 타임스퀘어,POI074,KEY_2,1180016003,영신로,1180265900,최소노드배치점,126.9050837909057066_37.5148823947284882,1180027207,영등포역고가차도(북측),126.9017626129269445_37.5169443079154448,424.0,45.7,원활,126.9017626129269445_37.5169443079154448|126.9019464525509591_37.5164721407837831|126.9020154613533151_37.5163078036969537|126.9021072569615001_37.5161510250484795|126.9023834280580587_37.5156942430907350|126.9024808980569503_37.5155688327527201|126.9026058694610697_37.5154290361645053|126.9027821758004819_37.5152741394399101|126.9029989752344960_37.5151256782396274|126.9031475369572917_37.5150583618414899|126.9033411285070230_37.5149777905100592|126.9035566614483344_37.5149145414508993|126.9037620354231706_37.5148812538008869|126.9039907983438979_37.5148595753164642|126.9041756644236330_37.5148486827381689|126.9046694087680294_37.5148635163425510|126.9050837909057066_37.5148823947284882
2026-09-04T18:34:05.570303+09:00,영등포 타임스퀘어,영등포 타임스퀘어,POI074,KEY_2,1180016005,영신로,1180027204,속성변화점,126.9015038398044055_37.5176240892620427,1180031203,영등포경방필뒷길교차로,126.9011930366776255_37.5184405339261389,95.0,41.0,원활,126.9011930366776255_37.5184405339261389|126.9014769539015077_37.5176947161951801|126.9015038398044055_37.5176240892620427
2026-09-04T18:34:05.570303+09:00,영등포 타임스퀘어,영등포 타임스퀘어,POI074,KEY_2,1180016006,영신로,1180027207,영등포역고가차도(북측),126.9017626129269445_37.5169443079154448,1180027204,속성변화점,126.9015038398044055_37.5176240892620427,79.0,47.0,원활,126.9015038398044055_37.5176240892620427|126.9017626129269445_37.5169443079154448
2026-09-04T18:34:05.570303+09:00,영등포 타임스퀘어,영등포 타임스퀘어,POI074,KEY_2,1180016103,영신로,1180265800,최소노드배치점,126.9050760407689751_37.5149903383453420,1180024701,영등포역고가차도(남측),126.9087307052849098_37.5135198228046463,408.0,51.0,원활,126.9087307052849098_37.5135198228046463|126.9081487147335281_37.5143569277719564|126.9080029370169314_37.5145411794823147|126.9078261800036671_37.5147038872662648|126.9076601325354972_37.5148245785460830|126.9074559124306631_37.5149151632886202|126.9071306301649145_37.5150148103527030|126.9068239133496121_37.5150552815421747|126.9066637699532407_37.5150626586616553|126.9050760407689751_37.5149903383453420
2026-09-04T18:34:05.570303+09:00,영등포 타임스퀘어,영등포 타임스퀘어,POI074,KEY_2,1180016105,영신로,1180027203,센트럴푸르지오시티아파트,126.9016491472245747_37.5176149848718481,1180027206,영등포역고가차도(북측),126.9018923848414317_37.5169760079907491,74.0,7.0,정체,126.9018923848414317_37.5169760079907491|126.9016491472245747_37.5176149848718481
2026-09-04T18:34:05.570303+09:00,영등포 타임스퀘어,영등포 타임스퀘어,POI074,KEY_2,1180016106,영신로,1180031202,영등포경방필뒷길교차로,126.9013385422641136_37.5184309135766441,1180027202,센트럴푸르지오시티아파트,126.9016068526740924_37.5177260895310454,82.0,7.5,정체,126.9016068526740924_37.5177260895310454|126.9013385422641136_37.5184309135766441
2026-09-04T18:34:05.570303+09:00,영등포 타임스퀘어,영등포 타임스퀘어,POI074,KEY_2,1180016204,신길로,1180029302,영등포지하차도(북측),126.9121994203567283_37.5178579827611216,1180000602,영등포로터리,126.9122093045591271_37.5182292931425820,41.0,7.0,정체,126.9122093045591271_37.5182292931425820|126.9121877240078646_37.5181429270656466|126.9121839563804457_37.5179920900407353|126.9121994203567283_37.5178579827611216
2026-09-04T18:34:05.570303+09:00,영등포 타임스퀘어,영등포 타임스퀘어,POI074,KEY_2,1180016304,신길로,1180000601,영등포로터리,126.9124535820762105_37.5184297931263089,1180029301,영등포지하차도(북측),126.9123346128244236_37.5178676775866151,65.0,14.0,정체,126.9123346128244236_37.5178676775866151|126.9123198197420521_37.5179959706838062|126.9123231986734623_37.5181312083496223|126.9123504037761450_37.5182400823260807|126.9124535820762105_37.5184297931263089
2026-09-04T18:34:05.570303+09:00,영등포 타임스퀘어,영등포 타임스퀘어,POI074,KEY_2,1180018001,영중로,1180000509,영등포역교차로,126.9062411865252500_37.5170589962790046,1180030604,신세계백화점삼거리,126.9057574095607492_37.5180060126119699,113.0,6.0,정체,126.9057574095607492_37.5180060126119699|126.9062411865252500_37.5170589962790046
2026-09-04T18:34:05.570303+09:00,영등포 타임스퀘어,영등포 타임스퀘어,POI074,KEY_2,1180018002,영중로,1180000505,영등포역앞교차로,126.9065561592446301_37.5164424089386372,1180000508,영등포역교차로,126.9062924160255932_37.5169587106358122,62.0,4.0,정체,126.9062924160255932_37.5169587106358122|126.9064372908919864_37.5166751056728529|126.9065561592446301_37.5164424089386372
2026-09-04T18:34:05.570303+09:00,영등포 타임스퀘어,영등포 타임스퀘어,POI074,KEY_2,1180018101,영중로,1180177500,영등포동3가 33,126.9065630179876081_37.5167158549283286,1180000502,영등포역앞교차로,126.9066807209800629_37.5164854387568099,28.0,19.0,서행,126.9066807209800629_37.5164854387568099|126.9065630179876081_37.5167158549283286
2026-09-04T18:34:05.570303+09:00,영등포 타임스퀘어,영등포 타임스퀘어,POI074,KEY_2,1180018404,영등포로,1180126700,신길동 50-3,126.9172841213858050_37.5156221114985726,1180028903,신길역,126.9164897743027893_37.5173809040417936,207.0,13.0,정체,126.9164897743027893_37.5173809040417936|126.9166933585755288_37.5169092955012218|126.9169330965590490_37.5163809977301526|126.9172525179823765_37.5156770933944443|126.9172841213858050_37.5156221114985726
2026-09-04T18:34:05.570303+09:00,영등포 타임스퀘어,영등포 타임스퀘어,POI074,KEY_2,1180018801,문래로,1180030608,영등포동4가123-1,126.9024638451189446_37.5183060983704522,1180031202,영등포경방필뒷길교차로,126.9013385422641136_37.5184309135766441,100.0,21.0,서행,126.9013385422641136_37.5184309135766441|126.9015682760347090_37.5183993935494016|126.9020374138769114_37.5183505223735310|126.9024638451189446_37.5183060983704522
2026-09-04T18:34:05.570303+09:00,영등포 타임스퀘어,영등포 타임스퀘어,POI074,KEY_2,1180018802,문래로,1180197700,영등포동4가 123-1,126.9028974562422434_37.5182609246652419,1180030607,영등포동4가123-1,126.9025987362175556_37.5182920455747819,27.0,15.0,서행,126.9025987362175556_37.5182920455747819|126.9028974562422434_37.5182609246652419
2026-09-04T18:34:05.570303+09:00,영등포 타임스퀘어,영등포 타임스퀘어,POI074,KEY_2,1180018901,문래로,1180164900,영등포동4가 53-3,126.9048292098879642_37.5181734231585580,1180030605,신세계백화점삼거리,126.9057028648952326_37.5181149873021340,78.0,9.0,정체,126.9057028648952326_37.5181149873021340|126.9053638432774704_37.5181201708930843|126.9048292098879642_37.5181734231585580
2026-09-04T18:34:05.570303+09:00,영등포 타임스퀘어,영등포 타임스퀘어,POI074,KEY_2,1180019604,문래로,1180031203,영등포경방필뒷길교차로,126.9011930366776255_37.5184405339261389,1180031302,문래동3가 17,126.9007982551108853_37.5184068062494944,35.0,7.0,정체,126.9007982551108853_37.5184068062494944|126.9011930366776255_37.5184405339261389
2026-09-04T18:34:05.570303+09:00,영등포 타임스퀘어,영등포 타임스퀘어,POI074,KEY_2,1180020400,영중로,1180130300,영등포동4가 53-3,126.9052282035568311_37.5190719619747028,1180034704,영등포시장앞교차로,126.9047990476082077_37.5199371694090047,103.0,30.0,원활,126.9047990476082077_37.5199371694090047|126.9052282035568311_37.5190719619747028
2026-09-04T18:34:05.570303+09:00,영등포 타임스퀘어,영등포 타임스퀘어,POI074,KEY_2,1180020601,영등포로,1180198600,영등포동3가 28,126.9106420024377400_37.5187152938311712,1180032602,영등포야구연습장,126.9095385666399807_37.5189372018608651,101.0,7.0,정체,126.9095385666399807_37.5189372018608651|126.9106420024377400_37.5187152938311712
2026-09-04T18:34:05.570303+09:00,영등포 타임스퀘어,영등포 타임스퀘어,POI074,KEY_2,1180020602,영등포로,1180222700,영등포동3가 31,126.9060516206890838_37.5196741320310707,1180034703,영등포시장앞교차로,126.9049610526885488_37.5199048084829059,100.0,21.0,서행,126.9049610526885488_37.5199048084829059|126.9060516206890838_37.5196741320310707
2026-09-04T18:34:05.570303+09:00,영등포 타임스퀘어,영등포 타임스퀘어,POI074,KEY_2,1180020702,영등포로,1180198700,영등포동2가 5-1,126.9106752312442836_37.5188201178326324,1180000604,영등포로터리,126.9122054556963235_37.5185123526650202,140.0,16.0,서행,126.9122054556963235_37.5185123526650202|126.9106752312442836_37.5188201178326324
2026-09-04T18:34:05.570303+09:00,영등포 타임스퀘어,영등포 타임스퀘어,POI074,KEY_2,1180020703,영등포로,1180194500,영등포동2가 30-1,126.9084229110674045_37.5192843866863441,1180032604,영등포야구연습장,126.9094400795285935_37.5190692022479695,93.0,12.0,정체,126.9094400795285935_37.5190692022479695|126.9084229110674045_37.5192843866863441
2026-09-04T18:34:05.570303+09:00,영등포 타임스퀘어,영등포 타임스퀘어,POI074,KEY_2,1180022301,영등포로,1180106100,영등포동6가 76-1,126.9038369152164876_37.5201972870942271,1180034705,영등포시장앞교차로,126.9047816349661844_37.5200500536503583,85.0,7.0,정체,126.9047816349661844_37.5200500536503583|126.9038369152164876_37.5201972870942271
2026-09-04T18:34:05.570303+09:00,영등포 타임스퀘어,영등포 타임스퀘어,POI074,KEY_2,1180023602,영중로,1180034705,영등포시장앞교차로,126.9047816349661844_37.5200500536503583,1180034708,새길병원,126.9048589892574768_37.5209747297568086,103.0,5.0,정체,126.9048589892574768_37.5209747297568086|126.9047862119519294_37.5203545136103216|126.9047816349661844_37.5200500536503583
2026-09-04T18:34:05.570303+09:00,영등포 타임스퀘어,영등포 타임스퀘어,POI074,KEY_2,1180023701,영중로,1180034706,속성변화점,126.9050067919064873_37.5210724475763513,1180034702,영등포시장앞교차로,126.9049170256530346_37.5200259885010610,116.0,9.0,정체,126.9049170256530346_37.5200259885010610|126.9049218798124485_37.5203488258486004|126.9049941446391756_37.5209646684422538|126.9050067919064873_37.5210724475763513
2026-09-04T18:34:05.570303+09:00,영등포 타임스퀘어,영등포 타임스퀘어,POI074,KEY_2,1180064600,영신로,1180024702,영등포역고가차도(남측),126.9086116519794842_37.5134678994298696,1180026102,영등포역1번출구,126.9076181236332417_37.5147853277155576,171.0,13.5,정체,126.9076181236332417_37.5147853277155576|126.9084207633854646_37.5136308769032922|126.9086116519794842_37.5134678994298696
2026-09-04T18:34:05.570303+09:00,영등포 타임스퀘어,영등포 타임스퀘어,POI074,KEY_2,1180064700,영신로,1180026101,영등포역1번출구,126.9078556055787601_37.5148900936006484,1180024701,영등포역고가차도(남측),126.9087307052849098_37.5135198228046463,171.0,18.0,서행,126.9087307052849098_37.5135198228046463|126.9086582428016641_37.5137356411918148|126.9078556055787601_37.5148900936006484
2026-09-04T18:34:05.570303+09:00,영등포 타임스퀘어,영등포 타임스퀘어,POI074,KEY_2,1180067501,영신로,1180026608,청과시장입구사거리,126.9026871473992344_37.5156177148454049,1180026611,청과시장입구교차로,126.9031194935170959_37.5152570224186022,56.0,11.0,정체,126.9031194935170959_37.5152570224186022|126.9029245062045419_37.5153905454125791|126.9027647649380697_37.5155308912642838|126.9026871473992344_37.5156177148454049
2026-09-04T18:34:05.570303+09:00,영등포 타임스퀘어,영등포 타임스퀘어,POI074,KEY_2,1180067502,영신로,1180027206,영등포역고가차도(북측),126.9018923848414317_37.5169760079907491,1180026607,청과시장입구사거리,126.9026117945604284_37.5157085193453881,155.0,17.0,서행,126.9026117945604284_37.5157085193453881|126.9025622027086087_37.5157723283970412|126.9022912457701011_37.5162204879740173|126.9022048796041844_37.5163679945295740|126.9021402544090336_37.5165218909278124|126.9020376238798065_37.5167854844985698|126.9018923848414317_37.5169760079907491
2026-09-04T18:34:05.570303+09:00,영등포 타임스퀘어,영등포 타임스퀘어,POI074,KEY_2,1180067601,경인로,1180194100,영등포동4가 423-98,126.9049173709000513_37.5157593472424935,1180026612,청과시장입구교차로,126.9031734327549401_37.5151578048967025,168.0,18.0,서행,126.9031734327549401_37.5151578048967025|126.9049173709000513_37.5157593472424935
2026-09-04T18:34:05.570303+09:00,영등포 타임스퀘어,영등포 타임스퀘어,POI074,KEY_2,1180067602,경인로,1180000504,영등포역앞교차로,126.9066100945905049_37.5163431897925648,1180026604,영등포역교차로,126.9064578224589042_37.5162906707129054,15.0,14.0,정체,126.9064578224589042_37.5162906707129054|126.9066100945905049_37.5163431897925648
2026-09-04T18:34:05.570303+09:00,영등포 타임스퀘어,영등포 타임스퀘어,POI074,KEY_2,1180067701,경인로,1180026603,영등포역교차로,126.9064038869495192_37.5163898897900978,1180000505,영등포역앞교차로,126.9065561592446301_37.5164424089386372,15.0,6.0,정체,126.9065561592446301_37.5164424089386372|126.9064038869495192_37.5163898897900978
2026-09-04T18:34:05.570303+09:00,영등포 타임스퀘어,영등포 타임스퀘어,POI074,KEY_2,1180067702,경인로,1180194000,영등포동4가 423-98,126.9048634335346009_37.5158585655532590,1180026606,영등포역교차로,126.9062792989578270_37.5163469187381509,136.0,6.5,정체,126.9062792989578270_37.5163469187381509|126.9048634335346009_37.5158585655532590
2026-09-04T18:34:05.570303+09:00,영등포 타임스퀘어,영등포 타임스퀘어,POI074,KEY_2,1180073100,영등포로50길,1180028604,영등포한전,126.9092990278852682_37.5173912699995569,1180032603,영등포야구연습장,126.9094071216628663_37.5189643058265077,176.0,6.0,정체,126.9094071216628663_37.5189643058265077|126.9092962018217037_37.5185871916409681|126.9092686154928487_37.5184211705609982|126.9092376416866585_37.5178113154560577|126.9092517371507256_37.5176562384217647|126.9092990278852682_37.5173912699995569
2026-09-04T18:34:05.570303+09:00,영등포 타임스퀘어,영등포 타임스퀘어,POI074,KEY_2,1180073600,경인로,1180031400,영등포로터리,126.9135244685563038_37.5187677128586827,1180000601,영등포로터리,126.9124535820762105_37.5184297931263089,102.0,8.0,정체,126.9124535820762105_37.5184297931263089|126.9128100770402767_37.5185012566219456|126.9135244685563038_37.5187677128586827
2026-09-04T18:34:05.570303+09:00,영등포 타임스퀘어,영등포 타임스퀘어,POI074,KEY_2,1180074400,버드나루로,1180000604,영등포로터리,126.9122054556963235_37.5185123526650202,1180032400,영등포로터리,126.9125107094587435_37.5191376677346895,79.0,20.0,서행,126.9125107094587435_37.5191376677346895|126.9123789759963330_37.5188311948415461|126.9123310981761392_37.5186176017848041|126.9122705071853119_37.5185097182430880|126.9122054556963235_37.5185123526650202
2026-09-04T18:34:05.570303+09:00,영등포 타임스퀘어,영등포 타임스퀘어,POI074,KEY_2,1180075600,경인로,1180000604,영등포로터리,126.9122054556963235_37.5185123526650202,1180034604,영등포고가차도(동측),126.9146713619132498_37.5199625605113596,278.0,9.0,정체,126.9146713619132498_37.5199625605113596|126.9145526823699441_37.5199508797338339|126.9143552126644749_37.5198935230305253|126.9133322102916424_37.5193826208748220|126.9130630332413148_37.5192203173122039|126.9127341107558067_37.5189626122592088|126.9125481884640863_37.5187765879230426|126.9124818594804083_37.5186855708289926|126.9124327382808559_37.5186108665007083|126.9122705071853119_37.5185097182430880|126.9122054556963235_37.5185123526650202
2026-09-04T18:34:05.570303+09:00,영등포 타임스퀘어,영등포 타임스퀘어,POI074,KEY_2,1180076800,영등포로53길,1180000604,영등포로터리,126.9122054556963235_37.5185123526650202,1180035308,동일빌딩,126.9103211440061187_37.5202225574950390,253.0,20.0,서행,126.9103211440061187_37.5202225574950390|126.9110936783595065_37.5195510357812481|126.9119678887164326_37.5187633670989484|126.9122054556963235_37.5185123526650202
2026-09-04T18:34:05.570303+09:00,영등포 타임스퀘어,영등포 타임스퀘어,POI074,KEY_2,1180077100,영등포로53길,1180035307,동일빌딩,126.9104219802961921_37.5202949459832169,1180000601,영등포로터리,126.9124535820762105_37.5184297931263089,274.0,13.0,정체,126.9124535820762105_37.5184297931263089|126.9120730951421621_37.5188318189768637|126.9111945763048652_37.5196233694127699|126.9104219802961921_37.5202949459832169
2026-09-04T18:34:05.570303+09:00,영등포 타임스퀘어,영등포 타임스퀘어,POI074,KEY_2,1180077800,영등포로49길,1180035308,동일빌딩,126.9103211440061187_37.5202225574950390,1180032601,영등포야구연습장,126.9095714878148726_37.5190420934544235,152.0,9.0,정체,126.9095714878148726_37.5190420934544235|126.9098488533216766_37.5198729332244412|126.9098507104603897_37.5198744152730441|126.9100362848115253_37.5200225083504151|126.9103211440061187_37.5202225574950390
2026-09-04T18:34:05.570303+09:00,영등포 타임스퀘어,영등포 타임스퀘어,POI074,KEY_2,1180122400,영중로3길,1180070602,영등포동4가440-9,126.9040381864777629_37.5162832372860464,1180000509,영등포역교차로,126.9062411865252500_37.5170589962790046,213.0,8.0,정체,126.9062411865252500_37.5170589962790046|126.9057966058204698_37.5169361302130895|126.9055335280310146_37.5168609647402818|126.9052182848325572_37.5167684936097956|126.9049638245406157_37.5166751920809745|126.9044625088730243_37.5164579567123511|126.9040381864777629_37.5162832372860464
2026-09-04T18:34:05.570303+09:00,영등포 타임스퀘어,영등포 타임스퀘어,POI074,KEY_2,1180127800,영신로24길,1180070601,영등포동4가440-9,126.9040999860292942_37.5161869737218368,1180026608,청과시장입구사거리,126.9026871473992344_37.5156177148454049,140.0,16.0,서행,126.9026871473992344_37.5156177148454049|126.9039609526363819_37.5161309557252665|126.9040999860292942_37.5161869737218368
2026-09-04T18:34:05.570303+09:00,용리단길,용리단길,POI076,KEY_3,1020057601,한강대로,1020071700,한강로2가 140-1,126.9691516325622445_37.5304124021685297,1020041502,용산우체국,126.9689326562372713_37.5301754205949933,33.0,20.0,서행,126.9689326562372713_37.5301754205949933|126.9691516325622445_37.5304124021685297
2026-09-04T18:34:05.570303+09:00,용리단길,용리단길,POI076,KEY_3,1020007302,한강대로,1020015204,용산역,126.9667170087153636_37.5280456524693449,1020016803,전자상가입구교차로,126.9681558223356888_37.5295644873819896,211.0,31.0,원활,126.9681558223356888_37.5295644873819896|126.9672342806026819_37.5285917021841300|126.9667170087153636_37.5280456524693449
2026-09-04T18:34:05.570303+09:00,용리단길,용리단길,POI076,KEY_3,1020007402,한강대로,1020051500,한강로2가 188-1,126.9673426559004668_37.5285265849111056,1020015201,속성변화점,126.9668253836721163_37.5279805356647955,76.0,16.0,서행,126.9668253836721163_37.5279805356647955|126.9673426559004668_37.5285265849111056
2026-09-04T18:34:05.570303+09:00,용리단길,용리단길,POI076,KEY_3,1020008306,새창로,1020016803,전자상가입구교차로,126.9681558223356888_37.5295644873819896,1020017802,신용산지하차도(동측),126.9673959720882692_37.5300726947153009,88.0,9.0,정체,126.9673959720882692_37.5300726947153009|126.9677699989137238_37.5298289272809029|126.9679910930038602_37.5296848305883302|126.9679948818404398_37.5296820626562777|126.9681558223356888_37.5295644873819896
2026-09-04T18:34:05.570303+09:00,용리단길,용리단길,POI076,KEY_3,1020008406,새창로,1020126900,한강로2가 422-1,126.9678559795664512_37.5299126000648968,1020016804,전자상가입구교차로,126.9682403944276103_37.5296494232954956,45.0,10.0,정체,126.9682403944276103_37.5296494232954956|126.9680866539261928_37.5297617379752211|126.9680800395232581_37.5297665700961005|126.9678559795664512_37.5299126000648968
2026-09-04T18:34:05.570303+09:00,용리단길,용리단길,POI076,KEY_3,1020009302,한강대로,1020025100,삼각지역7번출구,126.9734329393310475_37.5350708801419586,1020025603,삼각지역교차로,126.9739472931050841_37.5356089153529453,75.0,18.0,서행,126.9739472931050841_37.5356089153529453|126.9738394312628174_37.5354850527930566|126.9734329393310475_37.5350708801419586
2026-09-04T18:34:05.570303+09:00,용리단길,용리단길,POI076,KEY_3,1020009402,한강대로,1020025602,삼각지역교차로,126.9740601326000160_37.5355487598275559,1020024700,삼각지역7번출구,126.9735399131187421_37.5350043003819138,76.0,4.0,정체,126.9735399131187421_37.5350043003819138|126.9739487928858210_37.5354209040961138|126.9740601326000160_37.5355487598275559
2026-09-04T18:34:05.570303+09:00,용리단길,용리단길,POI076,KEY_3,1020011301,이태원로,1020024900,삼각지역13번출구,126.9749769084332343_37.5349767961125238,1020025602,삼각지역교차로,126.9740601326000160_37.5355487598275559,103.0,14.0,정체,126.9740601326000160_37.5355487598275559|126.9743097291953688_37.5353822428393471|126.9749769084332343_37.5349767961125238
2026-09-04T18:34:05.570303+09:00,용리단길,용리단길,POI076,KEY_3,1020011401,이태원로,1020025601,삼각지역교차로,126.9741286309340893_37.5356441095230551,1020025200,삼각지역(서울6호선),126.9750592746409410_37.5350627473837051,105.0,3.0,정체,126.9750592746409410_37.5350627473837051|126.9743945507994880_37.5354667021441912|126.9741286309340893_37.5356441095230551
2026-09-04T18:34:05.570303+09:00,용리단길,용리단길,POI076,KEY_3,1020012502,백범로,1020025603,삼각지역교차로,126.9739472931050841_37.5356089153529453,1020025800,삼각지역8번출구,126.9732142110164972_37.5358680244183063,71.0,8.0,정체,126.9732142110164972_37.5358680244183063|126.9737037621432734_37.5357113531253859|126.9739472931050841_37.5356089153529453
2026-09-04T18:34:05.570303+09:00,용리단길,용리단길,POI076,KEY_3,1020012602,백범로,1020025900,삼각지역9번출구,126.9732648398461947_37.5359683460905913,1020025604,삼각지역교차로,126.9740127329014001_37.5357036653550509,72.0,11.0,정체,126.9740127329014001_37.5357036653550509|126.9737609376188203_37.5358095794168420|126.9732648398461947_37.5359683460905913
2026-09-04T18:34:05.570303+09:00,용리단길,용리단길,POI076,KEY_3,1020014101,한강대로,1020025604,삼각지역교차로,126.9740127329014001_37.5357036653550509,1020026300,삼각지역10번출구,126.9741534931197577_37.5365074530867560,92.0,7.0,정체,126.9741534931197577_37.5365074530867560|126.9741631206036629_37.5364549845269977|126.9741847918449622_37.5362725862118936|126.9741503498416080_37.5360423405955430|126.9740854223847748_37.5358421943092253|126.9740127329014001_37.5357036653550509
2026-09-04T18:34:05.570303+09:00,용리단길,용리단길,POI076,KEY_3,1020014201,한강대로,1020026100,삼각지역10번출구,126.9742878403268662_37.5365230850403009,1020025601,삼각지역교차로,126.9741286309340893_37.5356441095230551,100.0,37.0,원활,126.9741286309340893_37.5356441095230551|126.9742144475380172_37.5358076529602371|126.9742840895532794_37.5360223351451125|126.9743213281359431_37.5362712689839313|126.9742979653557313_37.5364679009623998|126.9742878403268662_37.5365230850403009
2026-09-04T18:34:05.570303+09:00,용리단길,용리단길,POI076,KEY_3,1020041600,이태원로,1020024900,삼각지역13번출구,126.9749769084332343_37.5349767961125238,1020024700,삼각지역7번출구,126.9735399131187421_37.5350043003819138,133.0,11.0,정체,126.9735399131187421_37.5350043003819138|126.9737871420369544_37.5350683590055922|126.9740745093847494_37.5351141932787655|126.9743259590357241_37.5351428549854020|126.9744936004149025_37.5351390773759803|126.9746804090904675_37.5351124173200219|126.9749769084332343_37.5349767961125238
2026-09-04T18:34:05.570303+09:00,용리단길,용리단길,POI076,KEY_3,1020042000,한강대로,1020025100,삼각지역7번출구,126.9734329393310475_37.5350708801419586,1020025800,삼각지역8번출구,126.9732142110164972_37.5358680244183063,99.0,13.0,정체,126.9732142110164972_37.5358680244183063|126.9733594327573485_37.5358059269681803|126.9734228796811522_37.5357567484317087|126.9734612351895180_37.5356518652658693|126.9734828450604738_37.5354935787201356|126.9734805099240447_37.5353238449836439|126.9734329393310475_37.5350708801419586
2026-09-04T18:34:05.570303+09:00,용리단길,용리단길,POI076,KEY_3,1020042700,한강대로,1020026100,삼각지역10번출구,126.9742878403268662_37.5365230850403009,1020025200,삼각지역(서울6호선),126.9750592746409410_37.5350627473837051,177.0,26.7,원활,126.9750592746409410_37.5350627473837051|126.9748767335852051_37.5352726571772237|126.9747904745872802_37.5354004160112282|126.9747233793208210_37.5355186435926313|126.9746634608651732_37.5356559432532677|126.9746035202002048_37.5358580851873924|126.9744788894439296_37.5361422194916159|126.9743662656054255_37.5363310006673174|126.9742878403268662_37.5365230850403009
2026-09-04T18:34:05.570303+09:00,용리단길,용리단길,POI076,KEY_3,1020043000,백범로,1020025900,삼각지역9번출구,126.9732648398461947_37.5359683460905913,1020026300,삼각지역10번출구,126.9741534931197577_37.5365074530867560,106.0,17.0,서행,126.9741534931197577_37.5365074530867560|126.9740836590516437_37.5363538243993915|126.9739256446785731_37.5362145697140122|126.9738011461972036_37.5361115577945768|126.9736574773157685_37.5360428695899984|126.9734563275352457_37.5359856101105933|126.9732648398461947_37.5359683460905913
2026-09-04T18:34:05.570303+09:00,용리단길,용리단길,POI076,KEY_3,1020043101,백범로,1020025800,삼각지역8번출구,126.9732142110164972_37.5358680244183063,1020037902,삼각지고가차도(동측),126.9728791096191856_37.5359752795594801,32.0,10.0,정체,126.9728791096191856_37.5359752795594801|126.9732142110164972_37.5358680244183063
2026-09-04T18:34:05.570303+09:00,용리단길,용리단길,POI076,KEY_3,1020043201,백범로,1020037901,삼각지고가차도(동측),126.9729282965810881_37.5360760482562767,1020025900,삼각지역9번출구,126.9732648398461947_37.5359683460905913,32.0,9.0,정체,126.9732648398461947_37.5359683460905913|126.9729282965810881_37.5360760482562767
2026-09-04T18:34:05.570303+09:00,용리단길,용리단길,POI076,KEY_3,1020056901,한강대로,1020016804,전자상가입구교차로,126.9682403944276103_37.5296494232954956,1020041504,용산우체국,126.9687693600408522_37.5301748910193922,75.0,11.0,정체,126.9687693600408522_37.5301748910193922|126.9682403944276103_37.5296494232954956
2026-09-04T18:34:05.570303+09:00,용리단길,용리단길,POI076,KEY_3,1020057001,한강대로,1020041503,용산우체국,126.9688709856765172_37.5301100058853052,1020016801,전자상가입구교차로,126.9683459865975124_37.5295827397858162,75.0,11.5,정체,126.9683459865975124_37.5295827397858162|126.9688709856765172_37.5301100058853052
2026-09-04T18:34:05.570303+09:00,용리단길,용리단길,POI076,KEY_3,1020057501,한강대로,1020058400,한강로1가 228-1,126.9732120555661368_37.5348400238888473,1020025100,삼각지역7번출구,126.9734329393310475_37.5350708801419586,32.0,10.5,정체,126.9734329393310475_37.5350708801419586|126.9732120555661368_37.5348400238888473
2026-09-04T18:34:05.570303+09:00,이태원 앤틱가구거리,이태원 앤틱가구거리,POI077,KEY_4,1020006703,장문로,1020015404,우루과이대사관저,126.9926471421809993_37.5283649653095139,1020016400,동빙고동 7-38,126.9918491226028294_37.5291270683586760,110.0,20.0,서행,126.9918491226028294_37.5291270683586760|126.9926471421809993_37.5283649653095139
2026-09-04T18:34:05.570303+09:00,이태원 앤틱가구거리,이태원 앤틱가구거리,POI077,KEY_4,1020006803,장문로,1020017000,용산동4가 19-6,126.9913885945213963_37.5298136745927096,1020015401,우루과이대사관저,126.9927514049631014_37.5284342120850951,195.0,23.0,서행,126.9927514049631014_37.5284342120850951|126.9919533858600289_37.5291963156843167|126.9913885945213963_37.5298136745927096
2026-09-04T18:34:05.570303+09:00,이태원 앤틱가구거리,이태원 앤틱가구거리,POI077,KEY_4,1020007203,녹사평대로,1020017000,용산동4가 19-6,126.9913885945213963_37.5298136745927096,1020016601,동빙고동 10-11,126.9914492657646008_37.5294521431013095,40.0,35.0,원활,126.9914492657646008_37.5294521431013095|126.9913885945213963_37.5298136745927096
2026-09-04T18:34:05.570303+09:00,이태원 앤틱가구거리,이태원 앤틱가구거리,POI077,KEY_4,1020007501,보광로,1020044300,보광동 238-66,126.9969332242469591_37.5301241606732958,1020018102,한국폴리텍1대학(정수캠퍼스),126.9967407762806317_37.5303074430734185,27.0,23.0,서행,126.9967407762806317_37.5303074430734185|126.9969332242469591_37.5301241606732958
2026-09-04T18:34:05.570303+09:00,이태원 앤틱가구거리,이태원 앤틱가구거리,POI077,KEY_4,1020007502,보광로,1020054000,이태원동 92-5,126.9952221008180402_37.5312991493789170,1020020003,예림가구전시장,126.9950410040469677_37.5314672212576141,25.0,23.0,서행,126.9950410040469677_37.5314672212576141|126.9952221008180402_37.5312991493789170
2026-09-04T18:34:05.570303+09:00,이태원 앤틱가구거리,이태원 앤틱가구거리,POI077,KEY_4,1020007602,보광로,1020109400,이태원동 21-5,126.9954404860053501_37.5312782549612436,1020018104,한국폴리텍1대학(정수캠퍼스),126.9967076176607605_37.5304630978737350,145.0,19.0,서행,126.9967076176607605_37.5304630978737350|126.9965855293846175_37.5305326888168906|126.9964251122166132_37.5305994203464621|126.9959926204144836_37.5308464907872477|126.9954404860053501_37.5312782549612436
2026-09-04T18:34:05.570303+09:00,이태원 앤틱가구거리,이태원 앤틱가구거리,POI077,KEY_4,1020008700,녹사평대로26길,1020126500,이태원동 22-50,126.9931660545729102_37.5317363258551211,1020020004,예림가구전시장,126.9949764416404889_37.5315738302358213,165.0,18.0,서행,126.9949764416404889_37.5315738302358213|126.9948202137049975_37.5315700528863516|126.9941705583955240_37.5315213703374440|126.9937565109327267_37.5315396683323783|126.9932035616774613_37.5317280200552048|126.9931660545729102_37.5317363258551211
2026-09-04T18:34:05.570303+09:00,이태원 앤틱가구거리,이태원 앤틱가구거리,POI077,KEY_4,1020008800,녹사평대로26길,1020020003,예림가구전시장,126.9950410040469677_37.5314672212576141,1020018201,찬우물삼거리,126.9914707840366219_37.5305236841626382,422.0,18.0,서행,126.9914707840366219_37.5305236841626382|126.9915775990819213_37.5309419173485210|126.9916711574009298_37.5313082400227600|126.9917600905127557_37.5314454930900681|126.9917753022259319_37.5314618320030959|126.9919517327942486_37.5316513355474726|126.9921092617922511_37.5317812903834565|126.9921946495817480_37.5318190759416268|126.9922696900252816_37.5318225965842629|126.9931296829365266_37.5316321581035055|126.9931584811932765_37.5316257808370324|126.9937251084692917_37.5314327691697116|126.9941731712468425_37.5314129682954984|126.9948286419663361_37.5314620871703255|126.9950410040469677_37.5314672212576141
2026-09-04T18:34:05.570303+09:00,이태원 앤틱가구거리,이태원 앤틱가구거리,POI077,KEY_4,1020008901,녹사평대로,1020016602,용산동4가 19-2,126.9913146151955772_37.5294383407276726,1020022202,이태원지하차도(남측),126.9891497327059682_37.5328152235285657,424.0,18.0,서행,126.9891497327059682_37.5328152235285657|126.9896909605636353_37.5320547926819827|126.9899673314355084_37.5316664817415955|126.9908595519634815_37.5304271853298275|126.9909277275987449_37.5303324863214343|126.9911621302299807_37.5299710321997324|126.9912583492032780_37.5297864854106820|126.9913146151955772_37.5294383407276726
2026-09-04T18:34:05.570303+09:00,이태원 앤틱가구거리,이태원 앤틱가구거리,POI077,KEY_4,1020009001,녹사평대로,1020018000,용산동4가 19-6,126.9909773297691800_37.5304809634511045,1020017000,용산동4가 19-6,126.9913885945213963_37.5298136745927096,83.0,10.0,정체,126.9913885945213963_37.5298136745927096|126.9912856241119101_37.5300162220987090|126.9910469864938420_37.5303842075015055|126.9909773297691800_37.5304809634511045
2026-09-04T18:34:05.570303+09:00,이태원 앤틱가구거리,이태원 앤틱가구거리,POI077,KEY_4,1020009002,녹사평대로,1020143500,이태원동 34-126,126.9898090601809457_37.5321081021588725,1020018000,용산동4가 19-6,126.9909773297691800_37.5304809634511045,208.0,10.0,정체,126.9909773297691800_37.5304809634511045|126.9900852768915342_37.5317200300991516|126.9898090601809457_37.5321081021588725
2026-09-04T18:34:05.570303+09:00,이태원 앤틱가구거리,이태원 앤틱가구거리,POI077,KEY_4,1020009500,보광로,1020157400,이태원동 131-33,126.9940373387562431_37.5339474192291860,1020003103,이태원역앞교차로,126.9938722101036319_37.5344410134072106,57.0,16.0,서행,126.9938722101036319_37.5344410134072106|126.9939255349719502_37.5342547060894063|126.9940373387562431_37.5339474192291860
2026-09-04T18:34:05.570303+09:00,이태원 앤틱가구거리,이태원 앤틱가구거리,POI077,KEY_4,1020009600,보광로,1020067700,이태원동 96-7,126.9950341855753067_37.5317612306550714,1020020001,예림가구전시장,126.9951044639607147_37.5316098203141806,18.0,13.0,정체,126.9951044639607147_37.5316098203141806|126.9950439807781066_37.5317462713097711|126.9950341855753067_37.5317612306550714
2026-09-04T18:34:05.570303+09:00,이태원 앤틱가구거리,이태원 앤틱가구거리,POI077,KEY_4,1020010701,이태원로,1020109600,이태원동 119-23,126.9934065376017003_37.5345186269656637,1020003104,이태원역앞교차로,126.9938609433052790_37.5345487608536530,40.0,3.0,정체,126.9938609433052790_37.5345487608536530|126.9934065376017003_37.5345186269656637
2026-09-04T18:34:05.570303+09:00,이태원 앤틱가구거리,이태원 앤틱가구거리,POI077,KEY_4,1020011101,이태원로,1020167100,이태원동 119-23,126.9944655556111286_37.5345901775849882,1020024204,이태원소방파출소,126.9954968238074144_37.5346610574196760,91.0,4.0,정체,126.9954968238074144_37.5346610574196760|126.9944655556111286_37.5345901775849882
2026-09-04T18:34:05.570303+09:00,이태원 앤틱가구거리,이태원 앤틱가구거리,POI077,KEY_4,1020011102,이태원로,1020024201,이태원소방파출소,126.9956371857134911_37.5346703540578233,1020025304,이태원호텔앞교차로,126.9986418686788028_37.5352583937875650,280.0,5.0,정체,126.9986418686788028_37.5352583937875650|126.9984212314769110_37.5351188313605419|126.9982335515615830_37.5350249822649857|126.9980583342124731_37.5349517245471205|126.9978393040948390_37.5348749734958176|126.9976622321914590_37.5348302588598415|126.9974202076542866_37.5347917072044979|126.9972001370625776_37.5347636612448596|126.9968571305746536_37.5347459155125946|126.9956371857134911_37.5346703540578233
2026-09-04T18:34:05.570303+09:00,이태원 앤틱가구거리,이태원 앤틱가구거리,POI077,KEY_4,1020011201,이태원로,1020024203,이태원소방파출소,126.9955363307621354_37.5345552498172168,1020003102,이태원역앞교차로,126.9940088155564695_37.5344502604877519,136.0,11.0,정체,126.9940088155564695_37.5344502604877519|126.9944772309336969_37.5344824577926843|126.9955363307621354_37.5345552498172168
2026-09-04T18:34:05.570303+09:00,이태원 앤틱가구거리,이태원 앤틱가구거리,POI077,KEY_4,1020011202,이태원로,1020025303,이태원호텔앞교차로,126.9987263153591641_37.5351737312984781,1020024202,이태원소방파출소,126.9956725121214589_37.5345640956228834,285.0,13.0,정체,126.9956725121214589_37.5345640956228834|126.9968667962878328_37.5346380677732867|126.9972152987085821_37.5346560983237794|126.9974442596476365_37.5346852761054279|126.9976961690244082_37.5347254028548534|126.9978873030321580_37.5347736685373405|126.9981173019449585_37.5348542624446893|126.9983013090689639_37.5349311962862444|126.9984997949651415_37.5350304478139734|126.9987263153591641_37.5351737312984781
2026-09-04T18:34:05.570303+09:00,이태원 앤틱가구거리,이태원 앤틱가구거리,POI077,KEY_4,1020031700,장문로,1020016400,동빙고동 7-38,126.9918491226028294_37.5291270683586760,1020015600,동빙고동 10-14,126.9915275433903332_37.5289205865966622,55.0,22.5,서행,126.9915275433903332_37.5289205865966622|126.9915229865147097_37.5290693722826134|126.9915463187575710_37.5291331423484351|126.9916078646116802_37.5291730890426720|126.9916734434981862_37.5291949294596705|126.9917616927946113_37.5291801123692821|126.9918491226028294_37.5291270683586760
2026-09-04T18:34:05.570303+09:00,이태원 앤틱가구거리,이태원 앤틱가구거리,POI077,KEY_4,1020032200,장문로,1020016400,동빙고동 7-38,126.9918491226028294_37.5291270683586760,1020016601,동빙고동 10-11,126.9914492657646008_37.5294521431013095,51.0,19.5,서행,126.9914492657646008_37.5294521431013095|126.9915150568015036_37.5293606619443736|126.9916607489244882_37.5292748176774964|126.9918491226028294_37.5291270683586760
2026-09-04T18:34:05.570303+09:00,이태원 앤틱가구거리,이태원 앤틱가구거리,POI077,KEY_4,1020034300,녹사평대로26길,1020018201,찬우물삼거리,126.9914707840366219_37.5305236841626382,1020017000,용산동4가 19-6,126.9913885945213963_37.5298136745927096,80.0,18.0,서행,126.9913885945213963_37.5298136745927096|126.9913442513651489_37.5300294341915617|126.9914164198635405_37.5303478209552139|126.9914707840366219_37.5305236841626382
2026-09-04T18:34:05.570303+09:00,이태원 앤틱가구거리,이태원 앤틱가구거리,POI077,KEY_4,1020034600,녹사평대로26길,1020018000,용산동4가 19-6,126.9909773297691800_37.5304809634511045,1020018202,찬우물삼거리,126.9913377452865575_37.5305452345433466,46.0,12.0,정체,126.9913377452865575_37.5305452345433466|126.9913156669195189_37.5304568149457580|126.9912955967890156_37.5304265497298886|126.9912791792530129_37.5304108710930961|126.9912378720889734_37.5303937039575430|126.9911893806270911_37.5303879789905181|126.9911408868570533_37.5303922668328198|126.9909773297691800_37.5304809634511045
2026-09-04T18:34:05.570303+09:00,이태원 앤틱가구거리,이태원 앤틱가구거리,POI077,KEY_4,1020035000,우사단로,1020018104,한국폴리텍1대학(정수캠퍼스),126.9967076176607605_37.5304630978737350,1020019603,보광초교,126.9966145408362621_37.5313514395482102,99.0,10.0,정체,126.9966145408362621_37.5313514395482102|126.9966499743015476_37.5311273272665034|126.9967023749042738_37.5306467090184555|126.9967047488624701_37.5306249349299250|126.9967076176607605_37.5304630978737350
2026-09-04T18:34:05.570303+09:00,이태원 앤틱가구거리,이태원 앤틱가구거리,POI077,KEY_4,1020035100,우사단로,1020144400,보광동 273-5,126.9968376292760581_37.5306560616211087,1020018101,한국폴리텍1대학(정수캠퍼스),126.9968449244348392_37.5303768014874137,31.0,20.0,서행,126.9968449244348392_37.5303768014874137|126.9968404290553678_37.5306303815874926|126.9968376292760581_37.5306560616211087
2026-09-04T18:34:05.570303+09:00,이태원 앤틱가구거리,이태원 앤틱가구거리,POI077,KEY_4,1020035700,우사단로10길,1020080000,보광동 264-84,126.9972966635901486_37.5314815655202878,1020019602,보광초교,126.9967492421036752_37.5313649465956800,50.0,6.0,정체,126.9967492421036752_37.5313649465956800|126.9969468538200061_37.5314042959198702|126.9970665124913864_37.5314510113661299|126.9972966635901486_37.5314815655202878
2026-09-04T18:34:05.570303+09:00,이태원 앤틱가구거리,이태원 앤틱가구거리,POI077,KEY_4,1020035800,우사단로10길,1020063700,이태원동 137-71,126.9973461434624795_37.5330913789416840,1020021402,보광초등학교,126.9956899673288291_37.5330078219414247,149.0,6.0,정체,126.9956899673288291_37.5330078219414247|126.9957471709841883_37.5330071120154045|126.9959092532463245_37.5329895166849070|126.9959908705287717_37.5329962436548925|126.9967100332990952_37.5331265163957823|126.9968007706584103_37.5331409709456594|126.9970508064429566_37.5331553276982532|126.9970573683931434_37.5331539068610311|126.9973461434624795_37.5330913789416840
2026-09-04T18:34:05.570303+09:00,이태원 앤틱가구거리,이태원 앤틱가구거리,POI077,KEY_4,1020037200,우사단로,1020019604,보광초교,126.9965895979005239_37.5314169517780911,1020021403,보광초등학교,126.9955478948623835_37.5330095850120031,200.0,23.0,서행,126.9955478948623835_37.5330095850120031|126.9955854463118499_37.5329070733362755|126.9956459380082094_37.5327986977635888|126.9960112393039111_37.5322685994321645|126.9965895979005239_37.5314169517780911
2026-09-04T18:34:05.570303+09:00,이태원 앤틱가구거리,이태원 앤틱가구거리,POI077,KEY_4,1020037300,우사단로,1020021402,보광초등학교,126.9956899673288291_37.5330078219414247,1020019601,보광초교,126.9967090173040560_37.5314683853719586,193.0,16.0,서행,126.9967090173040560_37.5314683853719586|126.9961304606680130_37.5323203253718063|126.9957676933582462_37.5328467489747055|126.9957132225621166_37.5329443380426113|126.9956899673288291_37.5330078219414247
2026-09-04T18:34:05.570303+09:00,이태원 앤틱가구거리,이태원 앤틱가구거리,POI077,KEY_4,1020039700,우사단로,1020063400,이태원동 137-23,126.9955993093615803_37.5340288073665604,1020024203,이태원소방파출소,126.9955363307621354_37.5345552498172168,59.0,11.0,정체,126.9955363307621354_37.5345552498172168|126.9955674338379481_37.5344291020757268|126.9956003436716969_37.5340381328912898|126.9955993093615803_37.5340288073665604
2026-09-04T18:34:05.570303+09:00,이태원 앤틱가구거리,이태원 앤틱가구거리,POI077,KEY_4,1020039800,우사단로,1020127900,이태원동 137-23,126.9956810738919017_37.5335371339901727,1020021401,보광초등학교,126.9956544097363604_37.5331163963296177,47.0,8.0,정체,126.9956544097363604_37.5331163963296177|126.9956431779321804_37.5331593197407258|126.9956452666882569_37.5332142943968208|126.9956810738919017_37.5335371339901727
2026-09-04T18:34:05.570303+09:00,이태원 앤틱가구거리,이태원 앤틱가구거리,POI077,KEY_4,1020041900,이태원로27길,1020091300,이태원동 111-5,126.9942746628349681_37.5355070255918761,1020024201,이태원소방파출소,126.9956371857134911_37.5346703540578233,170.0,20.0,서행,126.9956371857134911_37.5346703540578233|126.9955842562411448_37.5347850178568478|126.9954134054469819_37.5350706997723336|126.9953750142490776_37.5351183002557249|126.9952378837399039_37.5352883250498763|126.9951738511499997_37.5353312605409712|126.9950719982470559_37.5353558347332807|126.9945933761089663_37.5353577392293118|126.9945100556674760_37.5353687933671125|126.9944205701082751_37.5354092765412304|126.9942746628349681_37.5355070255918761
2026-09-04T18:34:05.570303+09:00,익선동,익선동,POI116,KEY_1,1000000503,종로,1000009101,종각지하쇼핑센터,126.9858227292488380_37.5702608423529298,1000008504,종로2가교차로,126.9876156819137520_37.5702574924147754,158.0,11.0,정체,126.9876156819137520_37.5702574924147754|126.9871453036203235_37.5702428823229511|126.9869246551587310_37.5702458796709990|126.9858227292488380_37.5702608423529298
2026-09-04T18:34:05.570303+09:00,익선동,익선동,POI116,KEY_1,1000001101,종로,1000112300,종로2가 34-2,126.9887450442138999_37.5703039837526021,1000009404,육의전박물관,126.9893556006803266_37.5703370254621802,54.0,6.0,정체,126.9893556006803266_37.5703370254621802|126.9887450442138999_37.5703039837526021
2026-09-04T18:34:05.570303+09:00,익선동,익선동,POI116,KEY_1,1000001102,종로,1000009401,육의전박물관,126.9894911528416657_37.5703440400947173,1000009804,종로3가사거리,126.9920644385376676_37.5704709834989146,228.0,6.0,정체,126.9920644385376676_37.5704709834989146|126.9894911528416657_37.5703440400947173
2026-09-04T18:34:05.570303+09:00,익선동,익선동,POI116,KEY_1,1000001201,종로,1000151200,종로2가 34-2,126.9885296395007401_37.5701839568255025,1000008502,종로2가교차로,126.9877530838436002_37.5701530192531123,69.0,33.0,원활,126.9877530838436002_37.5701530192531123|126.9881077158716209_37.5701611205547650|126.9885296395007401_37.5701839568255025
2026-09-04T18:34:05.570303+09:00,익선동,익선동,POI116,KEY_1,1000001202,종로,1000009803,종로3가사거리,126.9920772085238099_37.5703632864036052,1000009402,육의전박물관,126.9894997373196901_37.5702361366249775,228.0,16.0,서행,126.9894997373196901_37.5702361366249775|126.9920772085238099_37.5703632864036052
2026-09-04T18:34:05.570303+09:00,익선동,익선동,POI116,KEY_1,1000001501,종로,1000009801,종로3가사거리,126.9922000608216308_37.5704778715046643,1000010004,종묘공원,126.9937102608658108_37.5705569291297934,134.0,7.0,정체,126.9937102608658108_37.5705569291297934|126.9932582925197551_37.5705332710333550|126.9922000608216308_37.5704778715046643
2026-09-04T18:34:05.570303+09:00,익선동,익선동,POI116,KEY_1,1000001601,종로,1000161000,종로3가 45-4,126.9932672065188228_37.5704253845720260,1000009802,종로3가사거리,126.9922128288669825_37.5703701868235100,93.0,34.0,원활,126.9922128288669825_37.5703701868235100|126.9932672065188228_37.5704253845720260
2026-09-04T18:34:05.570303+09:00,익선동,익선동,POI116,KEY_1,1000003900,삼일대로,1000151000,관철동 268,126.9876175548289154_37.5696044234772373,1000008503,종로2가교차로,126.9876172549084856_37.5701493398525912,60.0,23.0,서행,126.9876172549084856_37.5701493398525912|126.9876175548289154_37.5696044234772373
2026-09-04T18:34:05.570303+09:00,익선동,익선동,POI116,KEY_1,1000004602,돈화문로,1000009802,종로3가사거리,126.9922128288669825_37.5703701868235100,1000001601,청계3가사거리,126.9924197004040280_37.5685221720677589,206.0,5.0,정체,126.9924197004040280_37.5685221720677589|126.9923429257738547_37.5692728725519558|126.9923404394218522_37.5692938442209439|126.9922128288669825_37.5703701868235100
2026-09-04T18:34:05.570303+09:00,익선동,익선동,POI116,KEY_1,1000006901,삼일대로,1000097800,종로2가 37-5,126.9875962641486211_37.5709195815897914,1000011503,탑골공원,126.9875919368493555_37.5710671282627970,16.0,5.0,정체,126.9875919368493555_37.5710671282627970|126.9875962641486211_37.5709195815897914
2026-09-04T18:34:05.570303+09:00,익선동,익선동,POI116,KEY_1,1000006902,삼일대로,1000011504,탑골공원,126.9875885367710850_37.5711969434470845,1000002703,낙원상가앞교차로,126.9877290762876498_37.5725675824815539,153.0,15.0,서행,126.9877290762876498_37.5725675824815539|126.9876077446882761_37.5718586900303819|126.9876046271510717_37.5718404753162005|126.9875832438491017_37.5716846738898411|126.9875802081556628_37.5715262335702747|126.9875885367710850_37.5711969434470845
2026-09-04T18:34:05.570303+09:00,익선동,익선동,POI116,KEY_1,1000007001,삼일대로,1000011502,탑골공원,126.9877277365820021_37.5710696514502871,1000008501,종로2가교차로,126.9877514470551745_37.5702611458311253,90.0,19.0,서행,126.9877514470551745_37.5702611458311253|126.9877320636178837_37.5709221047709576|126.9877277365820021_37.5710696514502871
2026-09-04T18:34:05.570303+09:00,익선동,익선동,POI116,KEY_1,1000007002,삼일대로,1000231900,낙원동 300,126.9877423391079816_37.5718440957152282,1000011501,탑골공원,126.9877243457566749_37.5711991196512258,72.0,10.0,정체,126.9877243457566749_37.5711991196512258|126.9877160657086677_37.5715264973604235|126.9877189692615218_37.5716779639602692|126.9877394652978211_37.5718273051350025|126.9877423391079816_37.5718440957152282
2026-09-04T18:34:05.570303+09:00,익선동,익선동,POI116,KEY_1,1000007100,돈화문로,1000145800,묘동 20-5,126.9916684242814142_37.5719817889873724,1000013303,묘동사거리,126.9914801613035706_37.5725495704926047,65.0,10.0,정체,126.9914801613035706_37.5725495704926047|126.9916684242814142_37.5719817889873724
2026-09-04T18:34:05.570303+09:00,익선동,익선동,POI116,KEY_1,1000007200,돈화문로,1000059400,묘동 20-5,126.9921535095209890_37.5708464956724839,1000009801,종로3가사거리,126.9922000608216308_37.5704778715046643,41.0,13.0,정체,126.9922000608216308_37.5704778715046643|126.9921602362403092_37.5708137185849509|126.9921535095209890_37.5708464956724839
2026-09-04T18:34:05.570303+09:00,익선동,익선동,POI116,KEY_1,1000007701,수표로,1000106600,낙원동 289-3,126.9883777088764134_37.5725004488943028,1000002702,낙원상가앞교차로,126.9878647790248039_37.5725594585001090,46.0,10.0,정체,126.9878647790248039_37.5725594585001090|126.9880935169872345_37.5725337359327440|126.9883777088764134_37.5725004488943028
2026-09-04T18:34:05.570303+09:00,익선동,익선동,POI116,KEY_1,1000007702,돈화문로11길,1000068900,돈의동 57-1,126.9912130015799931_37.5725417718704406,1000013202,낙원상가,126.9887726506805734_37.5725199901669740,216.0,7.0,정체,126.9887726506805734_37.5725199901669740|126.9890905413929829_37.5725122858835405|126.9899620366305442_37.5725242512319468|126.9911899638886581_37.5725410993520086|126.9912130015799931_37.5725417718704406
2026-09-04T18:34:05.570303+09:00,익선동,익선동,POI116,KEY_1,1000007801,수표로,1000002701,낙원상가앞교차로,126.9878820470942031_37.5726667101081873,1000013204,낙원상가,126.9885864658241559_37.5726052162671280,63.0,10.0,정체,126.9885864658241559_37.5726052162671280|126.9885704603793926_37.5726001837020931|126.9884924360897003_37.5725962946357583|126.9883974861043612_37.5726074163225974|126.9881129079827673_37.5726407490651368|126.9878820470942031_37.5726667101081873
2026-09-04T18:34:05.570303+09:00,익선동,익선동,POI116,KEY_1,1000010301,삼일대로,1000002704,낙원상가앞교차로,126.9877465559183491_37.5726754784849746,1000014603,종로세무서,126.9876475861341873_37.5734674544711638,90.0,19.3,서행,126.9876475861341873_37.5734674544711638|126.9877122277218575_37.5733420920681738|126.9877432310391328_37.5732524039509244|126.9877661225475407_37.5731477197251849|126.9877805546539236_37.5730078030122741|126.9877748051182778_37.5728630584769832|126.9877465559183491_37.5726754784849746
2026-09-04T18:34:05.570303+09:00,익선동,익선동,POI116,KEY_1,1000010302,삼일대로,1000014604,종로세무서,126.9875929656630689_37.5735672823235660,1000017003,속성변화점,126.9867672620100478_37.5750673701046694,182.0,27.0,원활,126.9867672620100478_37.5750673701046694|126.9868378748170556_37.5748639419944581|126.9869048219416783_37.5747337421937573|126.9870805066234283_37.5744388641803369|126.9875929656630689_37.5735672823235660
2026-09-04T18:34:05.570303+09:00,익선동,익선동,POI116,KEY_1,1000010401,삼일대로,1000014602,종로세무서,126.9877657603728665_37.5735230393018043,1000002701,낙원상가앞교차로,126.9878820470942031_37.5726667101081873,97.0,7.0,정체,126.9878820470942031_37.5726667101081873|126.9879103891225185_37.5728549004152583|126.9879165707175304_37.5730105263044507|126.9879010050845238_37.5731614404618881|126.9878759387023734_37.5732760696720760|126.9878410192205536_37.5733770856293887|126.9877657603728665_37.5735230393018043
2026-09-04T18:34:05.570303+09:00,익선동,익선동,POI116,KEY_1,1000010402,삼일대로,1000017002,덕성여자대학교(종로캠퍼스),126.9868982009082004_37.5750961619411754,1000014601,종로세무서,126.9877103801226923_37.5736226701394358,179.0,13.0,정체,126.9877103801226923_37.5736226701394358|126.9872033965909139_37.5744849400199143|126.9870291458476430_37.5747774127157186|126.9869666594706388_37.5748989374009099|126.9868982009082004_37.5750961619411754
2026-09-04T18:34:05.570303+09:00,익선동,익선동,POI116,KEY_1,1000010701,돈화문로,1000013304,묘동사거리,126.9914460123658273_37.5726567658355961,1000016403,종로1가2가3가4가동주민센터,126.9909224401901895_37.5743944453165497,198.0,12.0,정체,126.9909224401901895_37.5743944453165497|126.9909947931414820_37.5741499222926407|126.9912406256384259_37.5733190978606615|126.9914460123658273_37.5726567658355961
2026-09-04T18:34:05.570303+09:00,익선동,익선동,POI116,KEY_1,1000010702,돈화문로,1000106400,와룡동 75-4,126.9908241009990917_37.5747256213886658,1000018603,한겨레신문(종로지국),126.9905629465608996_37.5756044925587815,100.0,25.5,원활,126.9905629465608996_37.5756044925587815|126.9908241009990917_37.5747256213886658
2026-09-04T18:34:05.570303+09:00,익선동,익선동,POI116,KEY_1,1000010801,돈화문로,1000174700,묘동 141-2,126.9911270176696547_37.5741747070514336,1000013301,묘동사거리,126.9915850849808550_37.5726594865675594,173.0,6.0,정체,126.9915850849808550_37.5726594865675594|126.9913726822985893_37.5733444453639649|126.9911270176696547_37.5741747070514336
2026-09-04T18:34:05.570303+09:00,익선동,익선동,POI116,KEY_1,1000010802,돈화문로,1000106300,와룡동 75-4,126.9909562970876493_37.5747505051657669,1000016401,종로1가2가3가4가동주민센터,126.9910234246664515_37.5745245938365429,26.0,4.0,정체,126.9910234246664515_37.5745245938365429|126.9909562970876493_37.5747505051657669
2026-09-04T18:34:05.570303+09:00,익선동,익선동,POI116,KEY_1,1000010803,돈화문로,1000021402,창덕궁앞교차로,126.9901841383139782_37.5773932267385504,1000018601,한겨레신문(종로지국),126.9906634515929795_37.5757350308395957,189.0,4.0,정체,126.9906634515929795_37.5757350308395957|126.9903062505280644_37.5769154241969332|126.9902695786729083_37.5770589150526817|126.9901841383139782_37.5773932267385504
2026-09-04T18:34:05.570303+09:00,익선동,익선동,POI116,KEY_1,1000022600,수표로,1000108100,관수동 14-2,126.9894314284546084_37.5692594329428573,1000009403,육의전박물관,126.9893641825799904_37.5702291213036688,108.0,10.0,정체,126.9893641825799904_37.5702291213036688|126.9894314284546084_37.5692594329428573
2026-09-04T18:34:05.570303+09:00,익선동,익선동,POI116,KEY_1,1000026300,수표로,1000088800,낙원동 214-2,126.9891520373242599_37.5714620463629885,1000013203,낙원상가,126.9886363744601709_37.5725046593449861,125.0,7.0,정체,126.9886363744601709_37.5725046593449861|126.9886756986303311_37.5724041634539745|126.9889329320732685_37.5720063300465839|126.9889913902188567_37.5719048429175331|126.9890287759369585_37.5718372348224108|126.9891150600059291_37.5715912496210365|126.9891345581447979_37.5715356626058892|126.9891520373242599_37.5714620463629885
2026-09-04T18:34:05.570303+09:00,익선동,익선동,POI116,KEY_1,1000026400,수표로,1000154200,낙원동 175-1,126.9894625707901525_37.5706502295039755,1000009401,육의전박물관,126.9894911528416657_37.5703440400947173,34.0,9.0,정체,126.9894911528416657_37.5703440400947173|126.9894662327657073_37.5706215014400087|126.9894625707901525_37.5706502295039755
2026-09-04T18:34:05.570303+09:00,익선동,익선동,POI116,KEY_1,1000026900,인사동길,1000011503,탑골공원,126.9875919368493555_37.5710671282627970,1000013403,인사동사거리,126.9865006613109273_37.5725411334574346,194.0,15.0,서행,126.9865006613109273_37.5725411334574346|126.9868138272171620_37.5719423831850889|126.9870930380756420_37.5714807558390476|126.9872417374784419_37.5712905430838973|126.9874380393046636_37.5711449542964360|126.9875919368493555_37.5710671282627970
2026-09-04T18:34:05.570303+09:00,익선동,익선동,POI116,KEY_1,1000028300,서순라길,1000179700,묘동 164-2,126.9918986546224602_37.5725528238137017,1000013302,묘동사거리,126.9916200024151749_37.5725515277908357,25.0,10.0,정체,126.9916200024151749_37.5725515277908357|126.9918986546224602_37.5725528238137017
2026-09-04T18:34:05.570303+09:00,익선동,익선동,POI116,KEY_1,1000028800,인사동길,1000002703,낙원상가앞교차로,126.9877290762876498_37.5725675824815539,1000013402,인사동사거리,126.9866260678605698_37.5725826871621464,97.0,3.0,정체,126.9866260678605698_37.5725826871621464|126.9877290762876498_37.5725675824815539
2026-09-04T18:34:05.570303+09:00,익선동,익선동,POI116,KEY_1,1000030100,인사동4길,1000014603,종로세무서,126.9876475861341873_37.5734674544711638,1000013902,인사동사거리,126.9863347930561730_37.5729914707874855,128.0,4.0,정체,126.9863347930561730_37.5729914707874855|126.9865778431354215_37.5730765437080692|126.9871483595308064_37.5732762343743687|126.9875049026030922_37.5734010287094193|126.9876475861341873_37.5734674544711638
2026-09-04T18:34:05.570303+09:00,익선동,익선동,POI116,KEY_1,1000030200,인사동4길,1000190200,낙원동 280,126.9870936767206047_37.5733752066737097,1000014604,종로세무서,126.9875929656630689_37.5735672823235660,49.0,11.0,정체,126.9875929656630689_37.5735672823235660|126.9874430653368904_37.5734974970765307|126.9870936767206047_37.5733752066737097
2026-09-04T18:34:05.570303+09:00,익선동,익선동,POI116,KEY_1,1000031900,삼일대로30길,1000016403,종로1가2가3가4가동주민센터,126.9909224401901895_37.5743944453165497,1000014602,종로세무서,126.9877657603728665_37.5735230393018043,300.0,7.0,정체,126.9877657603728665_37.5735230393018043|126.9882746610469724_37.5737657051567169|126.9890843013498056_37.5741211801994552|126.9892691286933371_37.5741786634928658|126.9894708395082290_37.5742261685853478|126.9900987751391028_37.5742451717422767|126.9904206259991639_37.5742891136834203|126.9906874025872128_37.5743451108355870|126.9909224401901895_37.5743944453165497
2026-09-04T18:34:05.570303+09:00,익선동,익선동,POI116,KEY_1,1000033700,삼일대로32길,1000225400,익선동 1-2,126.9885198465621414_37.5753772077083354,1000017002,덕성여자대학교(종로캠퍼스),126.9868982009082004_37.5750961619411754,147.0,7.0,정체,126.9868982009082004_37.5750961619411754|126.9876435573690543_37.5752236178379775|126.9880192377179640_37.5752979345582787|126.9885198465621414_37.5753772077083354
2026-09-04T18:34:05.570303+09:00,익선동,익선동,POI116,KEY_1,1000033800,삼일대로32길,1000217900,운니동 44-1,126.9886315479750323_37.5755051337652901,1000018604,한겨레신문(종로지국),126.9905313831492180_37.5757097145699248,170.0,10.0,정체,126.9905313831492180_37.5757097145699248|126.9902144284971968_37.5756583032089253|126.9898011914220319_37.5756393653655252|126.9896790156536639_37.5756303509259837|126.9892762976139409_37.5756006364519877|126.9891382250948197_37.5755697755770228|126.9888125680360531_37.5755337981841890|126.9886315479750323_37.5755051337652901
2026-09-04T18:34:05.570303+09:00,인사동,인사동,POI078,KEY_2,1000000303,종로,1000008703,종로1가사거리,126.9828971865418197_37.5701731264087542,1000007700,종로1가,126.9822109960776402_37.5701758601934444,61.0,4.0,정체,126.9822109960776402_37.5701758601934444|126.9824008620181672_37.5701779915733454|126.9828971865418197_37.5701731264087542
2026-09-04T18:34:05.570303+09:00,인사동,인사동,POI078,KEY_2,1000000403,종로,1000009500,종로1가,126.9822090811274506_37.5702839694386270,1000008704,종로1가사거리,126.9829124807839946_37.5702811035568871,62.0,4.0,정체,126.9829124807839946_37.5702811035568871|126.9824007403594095_37.5702861200097971|126.9822090811274506_37.5702839694386270
2026-09-04T18:34:05.570303+09:00,인사동,인사동,POI078,KEY_2,1000000501,종로,1000008701,종로1가사거리,126.9830485481293891_37.5702800768006568,1000009600,종로1가,126.9837104338048164_37.5702764015435093,58.0,7.0,정체,126.9837104338048164_37.5702764015435093|126.9830485481293891_37.5702800768006568
2026-09-04T18:34:05.570303+09:00,인사동,인사동,POI078,KEY_2,1000000502,종로,1000231500,종로2가 1-2,126.9840871569151233_37.5702743076942411,1000009104,종각지하쇼핑센터,126.9856860459643428_37.5702623526753499,141.0,11.0,정체,126.9856860459643428_37.5702623526753499|126.9846512311403757_37.5702711702886205|126.9844496207387294_37.5702722919640593|126.9840871569151233_37.5702743076942411
2026-09-04T18:34:05.570303+09:00,인사동,인사동,POI078,KEY_2,1000000503,종로,1000009101,종각지하쇼핑센터,126.9858227292488380_37.5702608423529298,1000008504,종로2가교차로,126.9876156819137520_37.5702574924147754,158.0,11.0,정체,126.9876156819137520_37.5702574924147754|126.9871453036203235_37.5702428823229511|126.9869246551587310_37.5702458796709990|126.9858227292488380_37.5702608423529298
2026-09-04T18:34:05.570303+09:00,인사동,인사동,POI078,KEY_2,1000000601,종로,1000007800,종로1가,126.9837094850009294_37.5701682846705296,1000008702,종로1가사거리,126.9830343185050481_37.5701720336345346,60.0,5.0,정체,126.9830343185050481_37.5701720336345346|126.9837094850009294_37.5701682846705296
2026-09-04T18:34:05.570303+09:00,인사동,인사동,POI078,KEY_2,1000000602,종로,1000231400,종로2가 1-2,126.9840862081807984_37.5701661909693030,1000007800,종로1가,126.9837094850009294_37.5701682846705296,33.0,5.0,정체,126.9837094850009294_37.5701682846705296|126.9840862081807984_37.5701661909693030
2026-09-04T18:34:05.570303+09:00,인사동,인사동,POI078,KEY_2,1000000603,종로,1000181900,종로2가 84-11,126.9869223374955283_37.5701377759501440,1000009102,종각지하쇼핑센터,126.9858204131049462_37.5701527379884581,97.0,5.0,정체,126.9858204131049462_37.5701527379884581|126.9869223374955283_37.5701377759501440
2026-09-04T18:34:05.570303+09:00,인사동,인사동,POI078,KEY_2,1000001201,종로,1000151200,종로2가 34-2,126.9885296395007401_37.5701839568255025,1000008502,종로2가교차로,126.9877530838436002_37.5701530192531123,69.0,33.0,원활,126.9877530838436002_37.5701530192531123|126.9881077158716209_37.5701611205547650|126.9885296395007401_37.5701839568255025
2026-09-04T18:34:05.570303+09:00,인사동,인사동,POI078,KEY_2,1000003900,삼일대로,1000151000,관철동 268,126.9876175548289154_37.5696044234772373,1000008503,종로2가교차로,126.9876172549084856_37.5701493398525912,60.0,23.0,서행,126.9876172549084856_37.5701493398525912|126.9876175548289154_37.5696044234772373
2026-09-04T18:34:05.570303+09:00,인사동,인사동,POI078,KEY_2,1000004702,우정국로,1000007200,종로1가,126.9827935302844111_37.5696197701673924,1000008703,종로1가사거리,126.9828971865418197_37.5701731264087542,62.0,11.0,정체,126.9828971865418197_37.5701731264087542|126.9827935302844111_37.5696197701673924
2026-09-04T18:34:05.570303+09:00,인사동,인사동,POI078,KEY_2,1000004802,우정국로,1000008702,종로1가사거리,126.9830343185050481_37.5701720336345346,1000007100,종로1가,126.9829278791696936_37.5696038258341787,64.0,6.0,정체,126.9829278791696936_37.5696038258341787|126.9830343185050481_37.5701720336345346
2026-09-04T18:34:05.570303+09:00,인사동,인사동,POI078,KEY_2,1000006501,우정국로,1000008704,종로1가사거리,126.9829124807839946_37.5702811035568871,1000010800,종로1가,126.9829520973026149_37.5707555248776544,53.0,8.0,정체,126.9829520973026149_37.5707555248776544|126.9829508691110647_37.5707257702316255|126.9829124807839946_37.5702811035568871
2026-09-04T18:34:05.570303+09:00,인사동,인사동,POI078,KEY_2,1000006502,우정국로,1000010800,종로1가,126.9829520973026149_37.5707555248776544,1000012403,조계사앞교차로,126.9829706356902221_37.5719776537276218,136.0,7.0,정체,126.9829706356902221_37.5719776537276218|126.9829821214281083_37.5714823927012560|126.9829655468528955_37.5710811329590442|126.9829520973026149_37.5707555248776544
2026-09-04T18:34:05.570303+09:00,인사동,인사동,POI078,KEY_2,1000006601,우정국로,1000010700,종로1가,126.9830878603485758_37.5707519719581455,1000008701,종로1가사거리,126.9830485481293891_37.5702800768006568,52.0,9.0,정체,126.9830485481293891_37.5702800768006568|126.9830865510382267_37.5707202864689833|126.9830878603485758_37.5707519719581455
2026-09-04T18:34:05.570303+09:00,인사동,인사동,POI078,KEY_2,1000006602,우정국로,1000090100,공평동 98,126.9831013100779558_37.5710775801252623,1000010700,종로1가,126.9830878603485758_37.5707519719581455,36.0,8.0,정체,126.9830878603485758_37.5707519719581455|126.9831013100779558_37.5710775801252623
2026-09-04T18:34:05.570303+09:00,인사동,인사동,POI078,KEY_2,1000006901,삼일대로,1000097800,종로2가 37-5,126.9875962641486211_37.5709195815897914,1000011503,탑골공원,126.9875919368493555_37.5710671282627970,16.0,5.0,정체,126.9875919368493555_37.5710671282627970|126.9875962641486211_37.5709195815897914
2026-09-04T18:34:05.570303+09:00,인사동,인사동,POI078,KEY_2,1000006902,삼일대로,1000011504,탑골공원,126.9875885367710850_37.5711969434470845,1000002703,낙원상가앞교차로,126.9877290762876498_37.5725675824815539,153.0,15.0,서행,126.9877290762876498_37.5725675824815539|126.9876077446882761_37.5718586900303819|126.9876046271510717_37.5718404753162005|126.9875832438491017_37.5716846738898411|126.9875802081556628_37.5715262335702747|126.9875885367710850_37.5711969434470845
2026-09-04T18:34:05.570303+09:00,인사동,인사동,POI078,KEY_2,1000007001,삼일대로,1000011502,탑골공원,126.9877277365820021_37.5710696514502871,1000008501,종로2가교차로,126.9877514470551745_37.5702611458311253,90.0,19.0,서행,126.9877514470551745_37.5702611458311253|126.9877320636178837_37.5709221047709576|126.9877277365820021_37.5710696514502871
2026-09-04T18:34:05.570303+09:00,인사동,인사동,POI078,KEY_2,1000007002,삼일대로,1000231900,낙원동 300,126.9877423391079816_37.5718440957152282,1000011501,탑골공원,126.9877243457566749_37.5711991196512258,72.0,10.0,정체,126.9877243457566749_37.5711991196512258|126.9877160657086677_37.5715264973604235|126.9877189692615218_37.5716779639602692|126.9877394652978211_37.5718273051350025|126.9877423391079816_37.5718440957152282
2026-09-04T18:34:05.570303+09:00,인사동,인사동,POI078,KEY_2,1000007502,삼봉로,1000012403,조계사앞교차로,126.9829706356902221_37.5719776537276218,1000013004,신라스테이(광화문),126.9801805317354280_37.5724047958457916,252.0,11.0,정체,126.9801805317354280_37.5724047958457916|126.9804914824202910_37.5723319178106152|126.9811053055208276_37.5721880522337770|126.9822536902158987_37.5720311041132078|126.9827182491962247_37.5719849537863269|126.9829706356902221_37.5719776537276218
2026-09-04T18:34:05.570303+09:00,인사동,인사동,POI078,KEY_2,1000007602,삼봉로,1000140500,수송동 80-4,126.9805298527977442_37.5724356343591879,1000012404,조계사앞교차로,126.9829679360295245_37.5720859226599799,219.0,7.0,정체,126.9829679360295245_37.5720859226599799|126.9827291479286515_37.5720928297221519|126.9822736058986408_37.5721380840541883|126.9811360893303345_37.5722935474607382|126.9805298527977442_37.5724356343591879
2026-09-04T18:34:05.570303+09:00,인사동,인사동,POI078,KEY_2,1000007701,수표로,1000106600,낙원동 289-3,126.9883777088764134_37.5725004488943028,1000002702,낙원상가앞교차로,126.9878647790248039_37.5725594585001090,46.0,10.0,정체,126.9878647790248039_37.5725594585001090|126.9880935169872345_37.5725337359327440|126.9883777088764134_37.5725004488943028
2026-09-04T18:34:05.570303+09:00,인사동,인사동,POI078,KEY_2,1000007801,수표로,1000002701,낙원상가앞교차로,126.9878820470942031_37.5726667101081873,1000013204,낙원상가,126.9885864658241559_37.5726052162671280,63.0,10.0,정체,126.9885864658241559_37.5726052162671280|126.9885704603793926_37.5726001837020931|126.9884924360897003_37.5725962946357583|126.9883974861043612_37.5726074163225974|126.9881129079827673_37.5726407490651368|126.9878820470942031_37.5726667101081873
2026-09-04T18:34:05.570303+09:00,인사동,인사동,POI078,KEY_2,1000009101,우정국로,1000045300,견지동 37-1,126.9828638620594177_37.5740260581453356,1000017300,안국동사거리,126.9828039229332575_37.5749851341707171,107.0,12.0,정체,126.9828039229332575_37.5749851341707171|126.9828638620594177_37.5740260581453356
2026-09-04T18:34:05.570303+09:00,인사동,인사동,POI078,KEY_2,1000009102,우정국로,1000017300,안국동사거리,126.9828039229332575_37.5749851341707171,1000017904,안국동로터리,126.9829082928001753_37.5755454257557844,63.0,12.0,정체,126.9829082928001753_37.5755454257557844|126.9828499577781997_37.5754008805051001|126.9828163493672974_37.5752357359225755|126.9827996996409070_37.5750526973415191|126.9828039229332575_37.5749851341707171
2026-09-04T18:34:05.570303+09:00,인사동,인사동,POI078,KEY_2,1000009201,우정국로,1000085100,견지동 110-2,126.9830654526105036_37.5729316051841806,1000012401,조계사앞교차로,126.9831034437596884_37.5720995445690349,92.0,6.0,정체,126.9831034437596884_37.5720995445690349|126.9830943674485724_37.5724421623328340|126.9830752766845592_37.5727653133374773|126.9830654526105036_37.5729316051841806
2026-09-04T18:34:05.570303+09:00,인사동,인사동,POI078,KEY_2,1000010301,삼일대로,1000002704,낙원상가앞교차로,126.9877465559183491_37.5726754784849746,1000014603,종로세무서,126.9876475861341873_37.5734674544711638,90.0,19.3,서행,126.9876475861341873_37.5734674544711638|126.9877122277218575_37.5733420920681738|126.9877432310391328_37.5732524039509244|126.9877661225475407_37.5731477197251849|126.9877805546539236_37.5730078030122741|126.9877748051182778_37.5728630584769832|126.9877465559183491_37.5726754784849746
2026-09-04T18:34:05.570303+09:00,인사동,인사동,POI078,KEY_2,1000010302,삼일대로,1000014604,종로세무서,126.9875929656630689_37.5735672823235660,1000017003,속성변화점,126.9867672620100478_37.5750673701046694,182.0,27.0,원활,126.9867672620100478_37.5750673701046694|126.9868378748170556_37.5748639419944581|126.9869048219416783_37.5747337421937573|126.9870805066234283_37.5744388641803369|126.9875929656630689_37.5735672823235660
2026-09-04T18:34:05.570303+09:00,인사동,인사동,POI078,KEY_2,1000010303,삼일대로,1000017003,속성변화점,126.9867672620100478_37.5750673701046694,1000021203,안국역사거리,126.9861392416785293_37.5767777393512361,198.0,18.0,서행,126.9861392416785293_37.5767777393512361|126.9867306429910911_37.5751700115634506|126.9867672620100478_37.5750673701046694
2026-09-04T18:34:05.570303+09:00,인사동,인사동,POI078,KEY_2,1000010401,삼일대로,1000014602,종로세무서,126.9877657603728665_37.5735230393018043,1000002701,낙원상가앞교차로,126.9878820470942031_37.5726667101081873,97.0,7.0,정체,126.9878820470942031_37.5726667101081873|126.9879103891225185_37.5728549004152583|126.9879165707175304_37.5730105263044507|126.9879010050845238_37.5731614404618881|126.9878759387023734_37.5732760696720760|126.9878410192205536_37.5733770856293887|126.9877657603728665_37.5735230393018043
2026-09-04T18:34:05.570303+09:00,인사동,인사동,POI078,KEY_2,1000010402,삼일대로,1000017002,덕성여자대학교(종로캠퍼스),126.9868982009082004_37.5750961619411754,1000014601,종로세무서,126.9877103801226923_37.5736226701394358,179.0,13.0,정체,126.9877103801226923_37.5736226701394358|126.9872033965909139_37.5744849400199143|126.9870291458476430_37.5747774127157186|126.9869666594706388_37.5748989374009099|126.9868982009082004_37.5750961619411754
2026-09-04T18:34:05.570303+09:00,인사동,인사동,POI078,KEY_2,1000010403,삼일대로,1000021202,안국역사거리,126.9862597945630966_37.5768348176280966,1000017001,덕성여자대학교(종로캠퍼스),126.9868610139755560_37.5752003900895701,189.0,5.0,정체,126.9868610139755560_37.5752003900895701|126.9862597945630966_37.5768348176280966
2026-09-04T18:34:05.570303+09:00,인사동,인사동,POI078,KEY_2,1000010702,돈화문로,1000106400,와룡동 75-4,126.9908241009990917_37.5747256213886658,1000018603,한겨레신문(종로지국),126.9905629465608996_37.5756044925587815,100.0,25.5,원활,126.9905629465608996_37.5756044925587815|126.9908241009990917_37.5747256213886658
2026-09-04T18:34:05.570303+09:00,인사동,인사동,POI078,KEY_2,1000010703,돈화문로,1000187700,와룡동 139-4,126.9901364571830698_37.5770373641859052,1000021403,창덕궁앞교차로,126.9900492095065232_37.5773787437811535,39.0,20.7,서행,126.9900492095065232_37.5773787437811535|126.9901364571830698_37.5770373641859052
2026-09-04T18:34:05.570303+09:00,인사동,인사동,POI078,KEY_2,1000010803,돈화문로,1000021402,창덕궁앞교차로,126.9901841383139782_37.5773932267385504,1000018601,한겨레신문(종로지국),126.9906634515929795_37.5757350308395957,189.0,4.0,정체,126.9906634515929795_37.5757350308395957|126.9903062505280644_37.5769154241969332|126.9902695786729083_37.5770589150526817|126.9901841383139782_37.5773932267385504
2026-09-04T18:34:05.570303+09:00,인사동,인사동,POI078,KEY_2,1000011504,율곡로,1000017904,안국동로터리,126.9829082928001753_37.5755454257557844,1000018100,안국동사거리,126.9820370732549009_37.5756052331219763,78.0,8.0,정체,126.9820370732549009_37.5756052331219763|126.9821849025842226_37.5755822792614822|126.9823949596761850_37.5755556593554090|126.9825949987016998_37.5755409919947070|126.9827732334880466_37.5755410181384661|126.9829082928001753_37.5755454257557844
2026-09-04T18:34:05.570303+09:00,인사동,인사동,POI078,KEY_2,1000011603,율곡로,1000020300,경복궁,126.9801205068413168_37.5759892604625989,1000017905,안국동로터리,126.9829348569925571_37.5756562270635044,252.0,10.0,정체,126.9829348569925571_37.5756562270635044|126.9829125468357773_37.5756537744281829|126.9827704373494015_37.5756491370767236|126.9826012303179823_37.5756491122595975|126.9824118889619911_37.5756629946566250|126.9822085957164859_37.5756887578650449|126.9820630846885052_37.5757113517092307|126.9813592631155075_37.5758206328940290|126.9812063475179400_37.5758442987123971|126.9803458434132892_37.5759773239770425|126.9801500700749699_37.5759896573698668|126.9801205068413168_37.5759892604625989
2026-09-04T18:34:05.570303+09:00,인사동,인사동,POI078,KEY_2,1000012702,율곡로,1000204600,안국역,126.9857294779033765_37.5767141333904462,1000021204,안국역사거리,126.9860941353497878_37.5768818686938246,37.0,8.0,정체,126.9860941353497878_37.5768818686938246|126.9857294779033765_37.5767141333904462
2026-09-04T18:34:05.570303+09:00,인사동,인사동,POI078,KEY_2,1000012800,율곡로,1000099700,관훈동 113,126.9843012547585914_37.5759322813818102,1000017902,안국동로터리,126.9831650747284471_37.5755740090362238,108.0,9.0,정체,126.9831650747284471_37.5755740090362238|126.9832157778299404_37.5755801309922148|126.9834207454955077_37.5756172367829961|126.9836820397707413_37.5756980185194678|126.9842468281761967_37.5759072448986657|126.9843012547585914_37.5759322813818102
2026-09-04T18:34:05.570303+09:00,인사동,인사동,POI078,KEY_2,1000013501,율곡로,1000054300,계동 149-3,126.9868657861829462_37.5772407179262302,1000021504,우즈베키스탄대사관,126.9891939676239474_37.5774507625066221,209.0,8.0,정체,126.9891939676239474_37.5774507625066221|126.9886716347625111_37.5774406495643092|126.9876528972208263_37.5774209190205184|126.9874748196535421_37.5774084674404421|126.9872839495136390_37.5773710909105532|126.9870718117635420_37.5773123392589739|126.9868657861829462_37.5772407179262302
2026-09-04T18:34:05.570303+09:00,인사동,인사동,POI078,KEY_2,1000013502,율곡로,1000021501,우즈베키스탄대사관,126.9893297531960883_37.5774544023044541,1000021404,창덕궁앞교차로,126.9900388640569702_37.5774865487865739,63.0,14.0,정체,126.9900388640569702_37.5774865487865739|126.9897463242174780_37.5774687657961053|126.9893297531960883_37.5774544023044541
2026-09-04T18:34:05.570303+09:00,인사동,인사동,POI078,KEY_2,1000013601,율곡로,1000115800,운니동 99,126.9886749388672058_37.5773325621108185,1000021202,안국역사거리,126.9862597945630966_37.5768348176280966,226.0,28.0,원활,126.9862597945630966_37.5768348176280966|126.9866987114048271_37.5770526790006230|126.9869129296675823_37.5771391236163410|126.9869201616997287_37.5771416376904028|126.9871213965557644_37.5772115927930628|126.9873225852521443_37.5772673122363585|126.9874971233893604_37.5773014911490293|126.9876605021504048_37.5773129149276315|126.9886749388672058_37.5773325621108185
2026-09-04T18:34:05.570303+09:00,인사동,인사동,POI078,KEY_2,1000013802,율곡로3길,1000187200,안국동 177-3,126.9825779024490799_37.5773003698629964,1000017901,안국동로터리,126.9830699625115358_37.5756718813989750,188.0,10.0,정체,126.9830699625115358_37.5756718813989750|126.9830564549576764_37.5759140717657090|126.9830330914684993_37.5760255151221827|126.9826494722971120_37.5768341676311906|126.9826150056688476_37.5769949197743074|126.9825779024490799_37.5773003698629964
2026-09-04T18:34:05.570303+09:00,인사동,인사동,POI078,KEY_2,1000014000,북촌로,1000021902,재동초등학교앞교차로,126.9851742297151702_37.5791048269106014,1000021201,안국역사거리,126.9862116059343862_37.5769383209828334,258.0,8.0,정체,126.9862116059343862_37.5769383209828334|126.9861227104490524_37.5771049965042820|126.9858974625520034_37.5775403033717339|126.9855988771401059_37.5781173314432593|126.9855520543728602_37.5782320480744829|126.9853545228100558_37.5787159998899227|126.9853171216767009_37.5788076318220590|126.9852385949747031_37.5790000196943907|126.9851742297151702_37.5791048269106014
2026-09-04T18:34:05.570303+09:00,인사동,인사동,POI078,KEY_2,1000014100,창덕궁길,1000022002,북촌1경,126.9893063929122548_37.5792409569275208,1000021501,우즈베키스탄대사관,126.9893297531960883_37.5774544023044541,199.0,24.0,서행,126.9893297531960883_37.5774544023044541|126.9892548365952365_37.5786955788249983|126.9892562414735409_37.5787264244637242|126.9892665857058205_37.5789535426034647|126.9893063929122548_37.5792409569275208
2026-09-04T18:34:05.570303+09:00,인사동,인사동,POI078,KEY_2,1000023700,종로,1000007800,종로1가,126.9837094850009294_37.5701682846705296,1000007100,종로1가,126.9829278791696936_37.5696038258341787,103.0,7.0,정체,126.9829278791696936_37.5696038258341787|126.9830032097695494_37.5698402452960423|126.9830990215400703_37.5699604067910897|126.9831924475550267_37.5700347972999680|126.9833242130892046_37.5700939366007987|126.9834847309357855_37.5701511723724835|126.9837094850009294_37.5701682846705296
2026-09-04T18:34:05.570303+09:00,인사동,인사동,POI078,KEY_2,1000024400,종로,1000010700,종로1가,126.9830878603485758_37.5707519719581455,1000009600,종로1가,126.9837104338048164_37.5702764015435093,84.0,9.0,정체,126.9837104338048164_37.5702764015435093|126.9834199944166073_37.5703552243340226|126.9832834070776642_37.5704238609181118|126.9831923434160359_37.5704982251536919|126.9830964773624657_37.5706145452795255|126.9830878603485758_37.5707519719581455
2026-09-04T18:34:05.570303+09:00,인사동,인사동,POI078,KEY_2,1000024500,종로,1000009500,종로1가,126.9822090811274506_37.5702839694386270,1000010800,종로1가,126.9829520973026149_37.5707555248776544,92.0,4.0,정체,126.9829520973026149_37.5707555248776544|126.9829359392394394_37.5706431287853420|126.9828401259818236_37.5705267810848440|126.9827754493047394_37.5704619306360499|126.9826892071422293_37.5704047039165019|126.9825119206921613_37.5703322080284821|126.9822090811274506_37.5702839694386270
2026-09-04T18:34:05.570303+09:00,인사동,인사동,POI078,KEY_2,1000026900,인사동길,1000011503,탑골공원,126.9875919368493555_37.5710671282627970,1000013403,인사동사거리,126.9865006613109273_37.5725411334574346,194.0,15.0,서행,126.9865006613109273_37.5725411334574346|126.9868138272171620_37.5719423831850889|126.9870930380756420_37.5714807558390476|126.9872417374784419_37.5712905430838973|126.9874380393046636_37.5711449542964360|126.9875919368493555_37.5710671282627970
2026-09-04T18:34:05.570303+09:00,인사동,인사동,POI078,KEY_2,1000027500,인사동5길,1000231600,공평동 5-12,126.9837015373939977_37.5721207661722474,1000012402,조계사앞교차로,126.9831062491158349_37.5719883384085875,55.0,10.0,정체,126.9831062491158349_37.5719883384085875|126.9832673605664155_37.5720220520782107|126.9837015373939977_37.5721207661722474
2026-09-04T18:34:05.570303+09:00,인사동,인사동,POI078,KEY_2,1000027600,인사동5길,1000036800,인사동 187-4,126.9855567085236174_37.5727903642359919,1000013904,인사동사거리,126.9861168618192977_37.5730266274726361,56.0,3.0,정체,126.9861168618192977_37.5730266274726361|126.9855567085236174_37.5727903642359919
2026-09-04T18:34:05.570303+09:00,인사동,인사동,POI078,KEY_2,1000028800,인사동길,1000002703,낙원상가앞교차로,126.9877290762876498_37.5725675824815539,1000013402,인사동사거리,126.9866260678605698_37.5725826871621464,97.0,3.0,정체,126.9866260678605698_37.5725826871621464|126.9877290762876498_37.5725675824815539
2026-09-04T18:34:05.570303+09:00,인사동,인사동,POI078,KEY_2,1000029400,인사동길,1000013404,인사동사거리,126.9864507347062670_37.5726237878874230,1000013903,인사동사거리,126.9862122245298792_37.5729444875610596,41.0,10.0,정체,126.9862122245298792_37.5729444875610596|126.9863985900872052_37.5726751063462814|126.9864507347062670_37.5726237878874230
2026-09-04T18:34:05.570303+09:00,인사동,인사동,POI078,KEY_2,1000030100,인사동4길,1000014603,종로세무서,126.9876475861341873_37.5734674544711638,1000013902,인사동사거리,126.9863347930561730_37.5729914707874855,128.0,4.0,정체,126.9863347930561730_37.5729914707874855|126.9865778431354215_37.5730765437080692|126.9871483595308064_37.5732762343743687|126.9875049026030922_37.5734010287094193|126.9876475861341873_37.5734674544711638
2026-09-04T18:34:05.570303+09:00,인사동,인사동,POI078,KEY_2,1000030200,인사동4길,1000190200,낙원동 280,126.9870936767206047_37.5733752066737097,1000014604,종로세무서,126.9875929656630689_37.5735672823235660,49.0,11.0,정체,126.9875929656630689_37.5735672823235660|126.9874430653368904_37.5734974970765307|126.9870936767206047_37.5733752066737097
2026-09-04T18:34:05.570303+09:00,인사동,인사동,POI078,KEY_2,1000031700,인사동길,1000200000,관훈동 177-1,126.9846248795644641_37.5741354335962896,1000017903,안국동로터리,126.9830393503038977_37.5755166265144283,209.0,13.0,정체,126.9830393503038977_37.5755166265144283|126.9832578502403493_37.5753718765763765|126.9833833057397072_37.5752802649537472|126.9833874257963799_37.5752759258947009|126.9838138538233210_37.5748268274858290|126.9839983126868219_37.5746325599944413|126.9840028137515446_37.5746278195686330|126.9841931260739045_37.5744516475788828|126.9843256891268339_37.5743491032214507|126.9843944674535408_37.5742999847176264|126.9846248795644641_37.5741354335962896
2026-09-04T18:34:05.570303+09:00,인사동,인사동,POI078,KEY_2,1000031900,삼일대로30길,1000016403,종로1가2가3가4가동주민센터,126.9909224401901895_37.5743944453165497,1000014602,종로세무서,126.9877657603728665_37.5735230393018043,300.0,7.0,정체,126.9877657603728665_37.5735230393018043|126.9882746610469724_37.5737657051567169|126.9890843013498056_37.5741211801994552|126.9892691286933371_37.5741786634928658|126.9894708395082290_37.5742261685853478|126.9900987751391028_37.5742451717422767|126.9904206259991639_37.5742891136834203|126.9906874025872128_37.5743451108355870|126.9909224401901895_37.5743944453165497
2026-09-04T18:34:05.570303+09:00,인사동,인사동,POI078,KEY_2,1000033700,삼일대로32길,1000225400,익선동 1-2,126.9885198465621414_37.5753772077083354,1000017002,덕성여자대학교(종로캠퍼스),126.9868982009082004_37.5750961619411754,147.0,7.0,정체,126.9868982009082004_37.5750961619411754|126.9876435573690543_37.5752236178379775|126.9880192377179640_37.5752979345582787|126.9885198465621414_37.5753772077083354
2026-09-04T18:34:05.570303+09:00,인사동,인사동,POI078,KEY_2,1000033800,삼일대로32길,1000217900,운니동 44-1,126.9886315479750323_37.5755051337652901,1000018604,한겨레신문(종로지국),126.9905313831492180_37.5757097145699248,170.0,10.0,정체,126.9905313831492180_37.5757097145699248|126.9902144284971968_37.5756583032089253|126.9898011914220319_37.5756393653655252|126.9896790156536639_37.5756303509259837|126.9892762976139409_37.5756006364519877|126.9891382250948197_37.5755697755770228|126.9888125680360531_37.5755337981841890|126.9886315479750323_37.5755051337652901
2026-09-04T18:34:05.570303+09:00,인사동,인사동,POI078,KEY_2,1000033900,우정국로,1000017300,안국동사거리,126.9828039229332575_37.5749851341707171,1000018100,안국동사거리,126.9820370732549009_37.5756052331219763,102.0,10.0,정체,126.9820370732549009_37.5756052331219763|126.9822935365986751_37.5755095925525495|126.9827428871539610_37.5751967734075052|126.9827905797247212_37.5750539177611387|126.9828039229332575_37.5749851341707171
2026-09-04T18:34:05.570303+09:00,잠실롯데타워·석촌호수,잠실롯데타워·석촌호수,POI120,KEY_3,1230080900,올림픽로,1230044002,어린이교통공원,127.1017112605977104_37.5151736946584151,1230043401,신천동 8,127.1022912026975433_37.5140633484028712,133.0,11.0,정체,127.1022912026975433_37.5140633484028712|127.1017112605977104_37.5151736946584151
2026-09-04T18:34:05.570303+09:00,잠실롯데타워·석촌호수,잠실롯데타워·석촌호수,POI120,KEY_3,1230003102,송파대로,1230412500,석촌동 209,127.1044792274671522_37.5081049831544888,1230036703,석촌호수앞교차로,127.1039824947923051_37.5086487529905597,75.0,20.0,서행,127.1039824947923051_37.5086487529905597|127.1044792274671522_37.5081049831544888
2026-09-04T18:34:05.570303+09:00,잠실롯데타워·석촌호수,잠실롯데타워·석촌호수,POI120,KEY_3,1230081000,올림픽로,1230043804,잠실역(서울8호선),127.1031193148053262_37.5143528991889355,1230044403,신천동 7-21,127.1025553001734067_37.5154467539088188,131.0,8.0,정체,127.1025553001734067_37.5154467539088188|127.1031193148053262_37.5143528991889355
2026-09-04T18:34:05.570303+09:00,잠실롯데타워·석촌호수,잠실롯데타워·석촌호수,POI120,KEY_3,1230003300,송파대로,1230036704,석촌호수앞교차로,127.1039028911642674_37.5087367936795530,1230001703,석촌호수앞교차로,127.1017878219228550_37.5111046223331428,323.0,31.0,원활,127.1017878219228550_37.5111046223331428|127.1039028911642674_37.5087367936795530
2026-09-04T18:34:05.570303+09:00,잠실롯데타워·석촌호수,잠실롯데타워·석촌호수,POI120,KEY_3,1230003400,송파대로,1230001702,석촌호수앞교차로,127.1019076941057762_37.5111569141952117,1230036701,석촌호수앞교차로,127.1040028890472797_37.5088113302377195,320.0,5.0,정체,127.1040028890472797_37.5088113302377195|127.1019076941057762_37.5111569141952117
2026-09-04T18:34:05.570303+09:00,잠실롯데타워·석촌호수,잠실롯데타워·석촌호수,POI120,KEY_3,1230003501,송파대로,1230399700,잠실동 41,127.1007560729534731_37.5124412982623454,1230001803,잠실역사거리,127.1001586829554100_37.5132191939759281,101.0,13.0,정체,127.1001586829554100_37.5132191939759281|127.1007560729534731_37.5124412982623454
2026-09-04T18:34:05.570303+09:00,잠실롯데타워·석촌호수,잠실롯데타워·석촌호수,POI120,KEY_3,1230003601,송파대로,1230001802,잠실역사거리,127.1002879409381165_37.5132580710148957,1230001701,석촌호수앞교차로,127.1018323332335598_37.5112469862295228,262.0,5.0,정체,127.1018323332335598_37.5112469862295228|127.1008718568159566_37.5124977195192244|127.1002879409381165_37.5132580710148957
2026-09-04T18:34:05.570303+09:00,잠실롯데타워·석촌호수,잠실롯데타워·석촌호수,POI120,KEY_3,1230003802,송파대로,1230044702,잠실대교남측,127.0981251707990225_37.5159789121879115,1230001801,잠실역사거리,127.1002155326109744_37.5133509522926616,345.0,13.7,정체,127.1002155326109744_37.5133509522926616|127.0985290071868548_37.5154712346922068|127.0981251707990225_37.5159789121879115
2026-09-04T18:34:05.570303+09:00,잠실롯데타워·석촌호수,잠실롯데타워·석촌호수,POI120,KEY_3,1230018100,삼학사로,1230399400,삼전동 152,127.0971851736833997_37.5058146183606098,1230034303,석촌호교차로,127.0972427646003808_37.5065427063586085,81.0,16.5,서행,127.0972427646003808_37.5065427063586085|127.0971851736833997_37.5058146183606098
2026-09-04T18:34:05.570303+09:00,잠실롯데타워·석촌호수,잠실롯데타워·석촌호수,POI120,KEY_3,1230020203,석촌호수로,1230362100,잠실동 45-1,127.0959603598268473_37.5068429608790908,1230034304,석촌호교차로,127.0972501695385262_37.5066515875651163,116.0,18.0,서행,127.0972501695385262_37.5066515875651163|127.0959603598268473_37.5068429608790908
2026-09-04T18:34:05.570303+09:00,잠실롯데타워·석촌호수,잠실롯데타워·석촌호수,POI120,KEY_3,1230020300,석촌호수로,1230425400,최소노드배치점,127.1008735740489470_37.5071235777689509,1230036704,석촌호수앞교차로,127.1039028911642674_37.5087367936795530,323.0,21.5,서행,127.1039028911642674_37.5087367936795530|127.1030871966188158_37.5081804312170775|127.1027814029224459_37.5079972621807372|127.1027257780679207_37.5079698553039691|127.1018874551534168_37.5075568002840285|127.1015021632143061_37.5073921700333557|127.1008735740489470_37.5071235777689509
2026-09-04T18:34:05.570303+09:00,잠실롯데타워·석촌호수,잠실롯데타워·석촌호수,POI120,KEY_3,1230020400,석촌호수로,1230369400,석촌동 191,127.0987703823118125_37.5064112799268017,1230034302,석촌호교차로,127.0973765618586384_37.5065150079019958,125.0,9.0,정체,127.0973765618586384_37.5065150079019958|127.0976452744375536_37.5064483289197952|127.0979269591683192_37.5064090615062042|127.0982641563232818_37.5063794736021237|127.0986308344447906_37.5063986405236136|127.0987703823118125_37.5064112799268017
2026-09-04T18:34:05.570303+09:00,잠실롯데타워·석촌호수,잠실롯데타워·석촌호수,POI120,KEY_3,1230021500,삼학사로,1230418200,잠실동 46,127.0973734398476296_37.5087240119147722,1230007103,서울놀이마당앞교차로,127.0974453047706589_37.5099321530276910,134.0,22.7,서행,127.0974453047706589_37.5099321530276910|127.0973734398476296_37.5087240119147722
2026-09-04T18:34:05.570303+09:00,잠실롯데타워·석촌호수,잠실롯데타워·석촌호수,POI120,KEY_3,1230021600,삼학사로,1230007102,서울놀이마당앞교차로,127.0975809295277941_37.5099279073468779,1230034301,석촌호교차로,127.0973845362845935_37.5066262726573783,367.0,20.0,서행,127.0973845362845935_37.5066262726573783|127.0975090109694889_37.5087188942394008|127.0975809295277941_37.5099279073468779
2026-09-04T18:34:05.570303+09:00,잠실롯데타워·석촌호수,잠실롯데타워·석촌호수,POI120,KEY_3,1230021900,삼전로,1230356200,잠실동 37,127.0922842977067404_37.5094309777277743,1230038603,잠실3삼거리,127.0929733206664025_37.5103028554533822,115.0,14.0,정체,127.0929733206664025_37.5103028554533822|127.0928602894616830_37.5101024415336113|127.0922842977067404_37.5094309777277743
2026-09-04T18:34:05.570303+09:00,잠실롯데타워·석촌호수,잠실롯데타워·석촌호수,POI120,KEY_3,1230023101,잠실로,1230038303,잠실동 43,127.0947217679651260_37.5101178628557932,1230038602,잠실3삼거리,127.0930971257991189_37.5102585455899913,144.0,21.0,서행,127.0930971257991189_37.5102585455899913|127.0947217679651260_37.5101178628557932
2026-09-04T18:34:05.570303+09:00,잠실롯데타워·석촌호수,잠실롯데타워·석촌호수,POI120,KEY_3,1230023102,잠실로,1230007103,서울놀이마당앞교차로,127.0974453047706589_37.5099321530276910,1230038302,잠실동 43,127.0948609890413223_37.5101069748518370,229.0,33.0,원활,127.0948609890413223_37.5101069748518370|127.0962459094918131_37.5100132959391175|127.0974453047706589_37.5099321530276910
2026-09-04T18:34:05.570303+09:00,잠실롯데타워·석촌호수,잠실롯데타워·석촌호수,POI120,KEY_3,1230023201,잠실로,1230038601,잠실3삼거리,127.0931194165767408_37.5103653726765316,1230038304,잠실동 43,127.0947364363945553_37.5102253498387128,144.0,12.0,정체,127.0947364363945553_37.5102253498387128|127.0931194165767408_37.5103653726765316
2026-09-04T18:34:05.570303+09:00,잠실롯데타워·석촌호수,잠실롯데타워·석촌호수,POI120,KEY_3,1230023202,잠실로,1230393400,잠실동 43,127.0962573939644642_37.5101210286650257,1230007104,서울놀이마당앞교차로,127.0974567909531032_37.5100398856026942,106.0,19.0,서행,127.0974567909531032_37.5100398856026942|127.0962573939644642_37.5101210286650257
2026-09-04T18:34:05.570303+09:00,잠실롯데타워·석촌호수,잠실롯데타워·석촌호수,POI120,KEY_3,1230023500,잠실로,1230412400,잠실동 42,127.1004419094974480_37.5105947295189637,1230001704,석촌호수앞교차로,127.1017131193153915_37.5111950333109547,131.0,12.0,정체,127.1017131193153915_37.5111950333109547|127.1004641614348145_37.5106046485269218|127.1004419094974480_37.5105947295189637
2026-09-04T18:34:05.570303+09:00,잠실롯데타워·석촌호수,잠실롯데타워·석촌호수,POI120,KEY_3,1230023600,잠실로,1230001703,석촌호수앞교차로,127.1017878219228550_37.5111046223331428,1230007102,서울놀이마당앞교차로,127.0975809295277941_37.5099279073468779,403.0,13.0,정체,127.0975809295277941_37.5099279073468779|127.0985541482379375_37.5099332768199432|127.0990046849047843_37.5099841635964921|127.0994430355566607_37.5101001528652276|127.0999744578332411_37.5102624598802024|127.1005081875894263_37.5105003764333560|127.1005319432435670_37.5105109657146656|127.1017878219228550_37.5111046223331428
2026-09-04T18:34:05.570303+09:00,잠실롯데타워·석촌호수,잠실롯데타워·석촌호수,POI120,KEY_3,1230023701,석촌호수로,1230036701,석촌호수앞교차로,127.1040028890472797_37.5088113302377195,1230038204,수림빌딩,127.1051505452613100_37.5097264956549949,144.0,7.0,정체,127.1051505452613100_37.5097264956549949|127.1048424116308126_37.5094807866672255|127.1040028890472797_37.5088113302377195
2026-09-04T18:34:05.570303+09:00,잠실롯데타워·석촌호수,잠실롯데타워·석촌호수,POI120,KEY_3,1230023702,석촌호수로,1230038201,수림빌딩,127.1052475076223942_37.5098032820847891,1230039704,신천동 33,127.1069053310213803_37.5111077200237375,206.0,19.0,서행,127.1069053310213803_37.5111077200237375|127.1060795391087055_37.5104579644505165|127.1052475076223942_37.5098032820847891
2026-09-04T18:34:05.570303+09:00,잠실롯데타워·석촌호수,잠실롯데타워·석촌호수,POI120,KEY_3,1230023703,석촌호수로,1230039701,신천동 33,127.1070065907386635_37.5111861357687459,1230041504,방이삼거리,127.1080898185277164_37.5120029659807344,132.0,18.0,서행,127.1080898185277164_37.5120029659807344|127.1079331088216122_37.5118964724360211|127.1070065907386635_37.5111861357687459
2026-09-04T18:34:05.570303+09:00,잠실롯데타워·석촌호수,잠실롯데타워·석촌호수,POI120,KEY_3,1230023801,석촌호수로,1230383600,송파동 60,127.1049384312716057_37.5094043721425194,1230036702,석촌호수앞교차로,127.1040831324389728_37.5087223370806129,107.0,11.0,정체,127.1040831324389728_37.5087223370806129|127.1049384312716057_37.5094043721425194
2026-09-04T18:34:05.570303+09:00,잠실롯데타워·석촌호수,잠실롯데타워·석촌호수,POI120,KEY_3,1230023802,석촌호수로,1230380500,송파동 61,127.1061749184303977_37.5103810412995244,1230038202,수림빌딩,127.1053428869681454_37.5097263595970531,103.0,9.0,정체,127.1053428869681454_37.5097263595970531|127.1061749184303977_37.5103810412995244
2026-09-04T18:34:05.570303+09:00,잠실롯데타워·석촌호수,잠실롯데타워·석촌호수,POI120,KEY_3,1230023803,석촌호수로,1230041503,방이삼거리,127.1081921675338720_37.5119304002947942,1230039702,송파동 62,127.1071007108080408_37.5111082344274962,133.0,5.0,정체,127.1071007108080408_37.5111082344274962|127.1080242959557012_37.5118163213665241|127.1081921675338720_37.5119304002947942
2026-09-04T18:34:05.570303+09:00,잠실롯데타워·석촌호수,잠실롯데타워·석촌호수,POI120,KEY_3,1230024100,잠실로,1230038604,잠실3삼거리,127.0929839814057658_37.5103582875929717,1230041303,잠실3사거리,127.0924958334099557_37.5118489046082644,171.0,8.0,정체,127.0924958334099557_37.5118489046082644|127.0929749045914718_37.5104683915562376|127.0929839814057658_37.5103582875929717
2026-09-04T18:34:05.570303+09:00,잠실롯데타워·석촌호수,잠실롯데타워·석촌호수,POI120,KEY_3,1230024200,잠실로,1230041302,잠실3사거리,127.0926320843072830_37.5118620680798003,1230038601,잠실3삼거리,127.0931194165767408_37.5103653726765316,172.0,8.0,정체,127.0931194165767408_37.5103653726765316|127.0931094286359553_37.5104865264241667|127.0926320843072830_37.5118620680798003
2026-09-04T18:34:05.570303+09:00,잠실롯데타워·석촌호수,잠실롯데타워·석촌호수,POI120,KEY_3,1230024302,오금로,1230384900,송파동 62,127.1086886760872829_37.5117147904571766,1230041503,방이삼거리,127.1081921675338720_37.5119304002947942,50.0,19.0,서행,127.1081921675338720_37.5119304002947942|127.1083902263657990_37.5118348937114661|127.1086886760872829_37.5117147904571766
2026-09-04T18:34:05.570303+09:00,잠실롯데타워·석촌호수,잠실롯데타워·석촌호수,POI120,KEY_3,1230024900,올림픽로,1230358200,최소노드배치점,127.0890986901108874_37.5116423850120313,1230041304,잠실3사거리,127.0924582513479919_37.5119541794962004,299.0,16.0,서행,127.0924582513479919_37.5119541794962004|127.0894865754439849_37.5116660118753273|127.0890986901108874_37.5116423850120313
2026-09-04T18:34:05.570303+09:00,잠실롯데타워·석촌호수,잠실롯데타워·석촌호수,POI120,KEY_3,1230025702,올림픽로,1230422700,최소노드배치점,127.0963985029439982_37.5124235494134552,1230001804,잠실역사거리,127.1000841139758677_37.5133141607708396,341.0,22.0,서행,127.1000841139758677_37.5133141607708396|127.0963985029439982_37.5124235494134552
2026-09-04T18:34:05.570303+09:00,잠실롯데타워·석촌호수,잠실롯데타워·석촌호수,POI120,KEY_3,1230025801,올림픽로,1230041703,잠실동 39,127.0946882254534103_37.5120601573260686,1230041302,잠실3사거리,127.0926320843072830_37.5118620680798003,183.0,28.0,원활,127.0926320843072830_37.5118620680798003|127.0946882254534103_37.5120601573260686
2026-09-04T18:34:05.570303+09:00,잠실롯데타워·석촌호수,잠실롯데타워·석촌호수,POI120,KEY_3,1230025802,올림픽로,1230001803,잠실역사거리,127.1001586829554100_37.5132191939759281,1230041702,잠실동 39,127.0948236216370191_37.5120740018570373,489.0,11.0,정체,127.0948236216370191_37.5120740018570373|127.0956739088233007_37.5121671905185963|127.0962807923011582_37.5122821169021705|127.0964379064208174_37.5123200858476054|127.1001586829554100_37.5132191939759281
2026-09-04T18:34:05.570303+09:00,잠실롯데타워·석촌호수,잠실롯데타워·석촌호수,POI120,KEY_3,1230026301,오금로,1230041504,방이삼거리,127.1080898185277164_37.5120029659807344,1230043203,잠실전화국,127.1073625915452112_37.5136826385122433,198.0,24.0,서행,127.1073625915452112_37.5136826385122433|127.1076552451824142_37.5129653281818420|127.1080218934859403_37.5120666323530259|127.1080898185277164_37.5120029659807344
2026-09-04T18:34:05.570303+09:00,잠실롯데타워·석촌호수,잠실롯데타워·석촌호수,POI120,KEY_3,1230026400,오금로,1230362200,방이동 95-3,127.1077843306107411_37.5129987458803527,1230041501,방이삼거리,127.1081930791064138_37.5120731373911980,109.0,13.0,정체,127.1081930791064138_37.5120731373911980|127.1081426875516627_37.5121203703189892|127.1077843306107411_37.5129987458803527
2026-09-04T18:34:05.570303+09:00,잠실롯데타워·석촌호수,잠실롯데타워·석촌호수,POI120,KEY_3,1230026702,백제고분로,1230397100,방이동 94-4,127.1155243442379685_37.5158080782483836,1230045403,올림픽공원남4문앞교차로,127.1158353619488821_37.5163285598069436,64.0,11.0,정체,127.1158353619488821_37.5163285598069436|127.1155243442379685_37.5158080782483836
2026-09-04T18:34:05.570303+09:00,잠실롯데타워·석촌호수,잠실롯데타워·석촌호수,POI120,KEY_3,1230026802,백제고분로,1230045402,올림픽공원남4문앞교차로,127.1159592191718559_37.5162842594980717,1230043901,방이중,127.1149670532686144_37.5146238680820474,204.0,10.0,정체,127.1149670532686144_37.5146238680820474|127.1156469051217641_37.5157616102810749|127.1159592191718559_37.5162842594980717
2026-09-04T18:34:05.570303+09:00,잠실롯데타워·석촌호수,잠실롯데타워·석촌호수,POI120,KEY_3,1230027302,올림픽로,1230001801,잠실역사거리,127.1002155326109744_37.5133509522926616,1230043404,신천동 8,127.1021667132219335_37.5140202279747825,188.0,8.0,정체,127.1021667132219335_37.5140202279747825|127.1002155326109744_37.5133509522926616
2026-09-04T18:34:05.570303+09:00,잠실롯데타워·석촌호수,잠실롯데타워·석촌호수,POI120,KEY_3,1230027303,올림픽로,1230043401,신천동 8,127.1022912026975433_37.5140633484028712,1230043804,잠실역(서울8호선),127.1031193148053262_37.5143528991889355,80.0,26.0,원활,127.1031193148053262_37.5143528991889355|127.1022912026975433_37.5140633484028712
2026-09-04T18:34:05.570303+09:00,잠실롯데타워·석촌호수,잠실롯데타워·석촌호수,POI120,KEY_3,1230027304,올림픽로,1230043801,잠실역(서울8호선),127.1032441614670745_37.5143953515620083,1230044104,송파구청앞교차로,127.1065954149593580_37.5155037548529151,321.0,34.0,원활,127.1065954149593580_37.5155037548529151|127.1032441614670745_37.5143953515620083
2026-09-04T18:34:05.570303+09:00,잠실롯데타워·석촌호수,잠실롯데타워·석촌호수,POI120,KEY_3,1230027402,올림픽로,1230425600,최소노드배치점,127.1034569107816310_37.5143486498193468,1230001802,잠실역사거리,127.1002879409381165_37.5132580710148957,305.0,37.0,원활,127.1002879409381165_37.5132580710148957|127.1022203942543456_37.5139209223143766|127.1023457587723016_37.5139643456983833|127.1031738699951745_37.5142538961081584|127.1032962137368543_37.5142954974985372|127.1034569107816310_37.5143486498193468
2026-09-04T18:34:05.570303+09:00,잠실롯데타워·석촌호수,잠실롯데타워·석촌호수,POI120,KEY_3,1230027600,잠실로,1230354600,잠실동 26-1,127.0923490777133509_37.5126418063312386,1230041301,잠실3사거리,127.0925947702226182_37.5119673808282528,78.0,19.3,서행,127.0925947702226182_37.5119673808282528|127.0923490777133509_37.5126418063312386
2026-09-04T18:34:05.570303+09:00,잠실롯데타워·석촌호수,잠실롯데타워·석촌호수,POI120,KEY_3,1230027901,오금로,1230043204,잠실전화국,127.1073301047804875_37.5137619968566653,1230043703,KT송파빌딩,127.1072008780327849_37.5140753242066154,37.0,5.0,정체,127.1072008780327849_37.5140753242066154|127.1073301047804875_37.5137619968566653
2026-09-04T18:34:05.570303+09:00,잠실롯데타워·석촌호수,잠실롯데타워·석촌호수,POI120,KEY_3,1230027902,오금로,1230043704,KT송파빌딩,127.1071582673112630_37.5141777969497454,1230044103,송파구청앞교차로,127.1066451578842873_37.5154031368063627,143.0,9.0,정체,127.1066451578842873_37.5154031368063627|127.1071582673112630_37.5141777969497454
2026-09-04T18:34:05.570303+09:00,잠실롯데타워·석촌호수,잠실롯데타워·석촌호수,POI120,KEY_3,1230028001,오금로,1230043702,KT송파빌딩,127.1073298305418575_37.5141090707700258,1230043201,잠실전화국,127.1074590560679241_37.5137957428479041,37.0,9.0,정체,127.1074590560679241_37.5137957428479041|127.1073298305418575_37.5141090707700258
2026-09-04T18:34:05.570303+09:00,잠실롯데타워·석촌호수,잠실롯데타워·석촌호수,POI120,KEY_3,1230028002,오금로,1230044102,송파구청앞교차로,127.1067706331513705_37.5154451950086951,1230043701,KT송파빌딩,127.1072870264943191_37.5142120080203938,144.0,11.0,정체,127.1072870264943191_37.5142120080203938|127.1067706331513705_37.5154451950086951
2026-09-04T18:34:05.570303+09:00,잠실롯데타워·석촌호수,잠실롯데타워·석촌호수,POI120,KEY_3,1230028100,위례성대로,1230008303,방이초교앞교차로,127.1208213191434737_37.5145580278620869,1230045402,올림픽공원남4문앞교차로,127.1159592191718559_37.5162842594980717,471.0,41.8,원활,127.1159592191718559_37.5162842594980717|127.1194913787483216_37.5150302354333220|127.1208213191434737_37.5145580278620869
2026-09-04T18:34:05.570303+09:00,잠실롯데타워·석촌호수,잠실롯데타워·석촌호수,POI120,KEY_3,1230028301,올림픽로,1230044101,송파구청앞교차로,127.1067205760415391_37.5155457351922763,1230044902,잠실진주아파트앞교차로,127.1087256571209707_37.5162283031640200,193.0,9.0,정체,127.1087256571209707_37.5162283031640200|127.1067205760415391_37.5155457351922763
2026-09-04T18:34:05.570303+09:00,잠실롯데타워·석촌호수,잠실롯데타워·석촌호수,POI120,KEY_3,1230028401,올림픽로,1230421300,최소노드배치점,127.1097120122696964_37.5164468577884307,1230044102,송파구청앞교차로,127.1067706331513705_37.5154451950086951,283.0,15.0,서행,127.1067706331513705_37.5154451950086951|127.1088293438040182_37.5161460190462677|127.1097120122696964_37.5164468577884307
2026-09-04T18:34:05.570303+09:00,잠실롯데타워·석촌호수,잠실롯데타워·석촌호수,POI120,KEY_3,1230029101,올림픽로,1230044901,잠실진주아파트앞교차로,127.1088533723906977_37.5162718111141373,1230047903,올림픽공원앞교차로,127.1125664517782781_37.5175764714066560,359.0,14.0,정체,127.1125664517782781_37.5175764714066560|127.1121927794052340_37.5174099266855308|127.1096586157180326_37.5165462608805385|127.1088533723906977_37.5162718111141373
2026-09-04T18:34:05.570303+09:00,잠실롯데타워·석촌호수,잠실롯데타워·석촌호수,POI120,KEY_3,1230029300,위례성대로,1230045403,올림픽공원남4문앞교차로,127.1158353619488821_37.5163285598069436,1230047902,올림픽공원앞교차로,127.1126327333255119_37.5174821175529445,311.0,20.0,서행,127.1126327333255119_37.5174821175529445|127.1158353619488821_37.5163285598069436
2026-09-04T18:34:05.570303+09:00,잠실롯데타워·석촌호수,잠실롯데타워·석촌호수,POI120,KEY_3,1230029401,위례성대로,1230047901,올림픽공원앞교차로,127.1127294559663170_37.5175659412636975,1230045404,올림픽공원남4문앞교차로,127.1158912913085715_37.5164270745673178,307.0,17.0,서행,127.1158912913085715_37.5164270745673178|127.1127294559663170_37.5175659412636975
2026-09-04T18:34:05.570303+09:00,잠실롯데타워·석촌호수,잠실롯데타워·석촌호수,POI120,KEY_3,1230029800,오금로,1230009202,잠실나루역사거리,127.1050458803196079_37.5186165757193919,1230044101,송파구청앞교차로,127.1067205760415391_37.5155457351922763,372.0,19.3,서행,127.1067205760415391_37.5155457351922763|127.1063870230920116_37.5161245657841746|127.1060062563923623_37.5167853165615099|127.1057041776155785_37.5173095096861147|127.1054650209393913_37.5177245091905434|127.1053636836204817_37.5179234011036442|127.1051267515503156_37.5183884165572152|127.1050458803196079_37.5186165757193919
2026-09-04T18:34:05.570303+09:00,잠실롯데타워·석촌호수,잠실롯데타워·석촌호수,POI120,KEY_3,1230030200,올림픽로33길,1230044902,잠실진주아파트앞교차로,127.1087256571209707_37.5162283031640200,1230009303,파크리오아파트,127.1080198937217318_37.5191489075320419,330.0,15.0,서행,127.1080198937217318_37.5191489075320419|127.1087256571209707_37.5162283031640200
2026-09-04T18:34:05.570303+09:00,잠실롯데타워·석촌호수,잠실롯데타워·석촌호수,POI120,KEY_3,1230030300,올림픽로33길,1230009302,파크리오아파트,127.1081532489597805_37.5191690964758351,1230044901,잠실진주아파트앞교차로,127.1088533723906977_37.5162718111141373,327.0,12.0,정체,127.1088533723906977_37.5162718111141373|127.1081532489597805_37.5191690964758351
2026-09-04T18:34:05.570303+09:00,잠실롯데타워·석촌호수,잠실롯데타워·석촌호수,POI120,KEY_3,1230030701,올림픽로,1230047904,올림픽공원앞교차로,127.1126156383089949_37.5176248562335459,1230050103,올림픽회관앞교차로,127.1141234836901077_37.5200172918018566,297.0,15.0,서행,127.1141234836901077_37.5200172918018566|127.1130967077667009_37.5183006809000261|127.1127808418886076_37.5178273473246833|127.1126156383089949_37.5176248562335459
2026-09-04T18:34:05.570303+09:00,잠실롯데타워·석촌호수,잠실롯데타워·석촌호수,POI120,KEY_3,1230030802,올림픽로,1230050102,올림픽회관앞교차로,127.1142460290998173_37.5199707880909941,1230047901,올림픽공원앞교차로,127.1127294559663170_37.5175659412636975,299.0,18.0,서행,127.1127294559663170_37.5175659412636975|127.1128979059259194_37.5177724112602746|127.1132179682735881_37.5182520322072364|127.1142460290998173_37.5199707880909941
2026-09-04T18:34:05.570303+09:00,잠실롯데타워·석촌호수,잠실롯데타워·석촌호수,POI120,KEY_3,1230073600,백제고분로41길,1230362400,송파동 74,127.1055839132151277_37.5093570558199474,1230038203,수림빌딩,127.1052465652364560_37.5096500807059527,44.0,10.0,정체,127.1052465652364560_37.5096500807059527|127.1053208564511436_37.5095948198186591|127.1055839132151277_37.5093570558199474
2026-09-04T18:34:05.570303+09:00,잠실롯데타워·석촌호수,잠실롯데타워·석촌호수,POI120,KEY_3,1230076200,백제고분로45길,1230414400,송파동 83,127.1074305390192620_37.5108125123386174,1230039703,송파동 61,127.1070007103191557_37.5110307962144418,45.0,15.0,서행,127.1070007103191557_37.5110307962144418|127.1074305390192620_37.5108125123386174
2026-09-04T18:34:05.570303+09:00,잠실롯데타워·석촌호수,잠실롯데타워·석촌호수,POI120,KEY_3,1230077600,올림픽로.잠실로.사이길,1230038304,잠실동 43,127.0947364363945553_37.5102253498387128,1230041703,잠실동 39,127.0946882254534103_37.5120601573260686,204.0,10.0,정체,127.0946882254534103_37.5120601573260686|127.0947364363945553_37.5102253498387128
2026-09-04T18:34:05.570303+09:00,잠실롯데타워·석촌호수,잠실롯데타워·석촌호수,POI120,KEY_3,1230077700,올림픽로.잠실로.사이길,1230041702,잠실동 39,127.0948236216370191_37.5120740018570373,1230038301,잠실동 43,127.0948724715403131_37.5102147077519135,206.0,8.0,정체,127.0948724715403131_37.5102147077519135|127.0948236216370191_37.5120740018570373
2026-09-04T18:34:05.570303+09:00,잠실롯데타워·석촌호수,잠실롯데타워·석촌호수,POI120,KEY_3,1230080800,올림픽로,1230043404,신천동 8,127.1021667132219335_37.5140202279747825,1230044003,어린이교통공원,127.1015862279693067_37.5151316086360467,134.0,5.0,정체,127.1015862279693067_37.5151316086360467|127.1021667132219335_37.5140202279747825
2026-09-04T18:34:05.570303+09:00,잠실롯데타워·석촌호수,잠실롯데타워·석촌호수,POI120,KEY_3,1230081100,올림픽로,1230044402,신천동 7-21,127.1026803877707039_37.5154887453600807,1230043801,잠실역(서울8호선),127.1032441614670745_37.5143953515620083,131.0,13.5,정체,127.1032441614670745_37.5143953515620083|127.1026803877707039_37.5154887453600807
2026-09-04T18:34:05.570303+09:00,잠실롯데타워·석촌호수,잠실롯데타워·석촌호수,POI120,KEY_3,1230082000,오금로11길,1230382300,방이동 96-5,127.1078356746363340_37.5142776638634814,1230043702,KT송파빌딩,127.1073298305418575_37.5141090707700258,48.0,10.0,정체,127.1073298305418575_37.5141090707700258|127.1078356746363340_37.5142776638634814
2026-09-04T18:34:05.570303+09:00,잠실롯데타워·석촌호수,잠실롯데타워·석촌호수,POI120,KEY_3,1230082100,오금로11길,1230364600,방이동 96-2,127.1142995993866123_37.5148873703963588,1230043904,방이중,127.1148454576012909_37.5146719476403305,54.0,12.0,정체,127.1148454576012909_37.5146719476403305|127.1142995993866123_37.5148873703963588
2026-09-04T18:34:05.570303+09:00,잠실롯데타워·석촌호수,잠실롯데타워·석촌호수,POI120,KEY_3,1230437101,잠실로,1230188302,잠실길지하차도(서측),127.1024547747106510_37.5113805101291220,1230001702,석촌호수앞교차로,127.1019076941057762_37.5111569141952117,54.0,36.0,원활,127.1019076941057762_37.5111569141952117|127.1024547747106510_37.5113805101291220
2026-09-04T18:34:05.570303+09:00,잠실롯데타워·석촌호수,잠실롯데타워·석촌호수,POI120,KEY_3,1230437201,잠실로,1230001701,석촌호수앞교차로,127.1018323332335598_37.5112469862295228,1230188303,잠실길지하차도(서측),127.1023918266045030_37.5114715455822392,55.0,4.0,정체,127.1023918266045030_37.5114715455822392|127.1018323332335598_37.5112469862295228
2026-09-04T18:34:05.570303+09:00,잠실롯데타워·석촌호수,잠실롯데타워·석촌호수,POI120,KEY_3,1230437301,잠실로,1230188502,잠실길지하차도(동측),127.1062173467716150_37.5131578738299325,1230188302,잠실길지하차도(서측),127.1024547747106510_37.5113805101291220,387.0,33.0,원활,127.1024547747106510_37.5113805101291220|127.1030924680476488_37.5116688194554797|127.1037922288458617_37.5120057984034787|127.1044073633298837_37.5122985483592544|127.1051198819620254_37.5126321816150679|127.1062173467716150_37.5131578738299325
2026-09-04T18:34:05.570303+09:00,잠실롯데타워·석촌호수,잠실롯데타워·석촌호수,POI120,KEY_3,1230437401,잠실로,1230188303,잠실길지하차도(서측),127.1023918266045030_37.5114715455822392,1230188503,잠실길지하차도(동측),127.1061687896124681_37.5132231248888246,386.0,18.5,서행,127.1061687896124681_37.5132231248888246|127.1052815756607259_37.5128152477143786|127.1034974052928277_37.5119907247148916|127.1023918266045030_37.5114715455822392
2026-09-04T18:34:05.570303+09:00,잠실롯데타워·석촌호수,잠실롯데타워·석촌호수,POI120,KEY_3,1230437501,-,1230188502,잠실길지하차도(동측),127.1062173467716150_37.5131578738299325,1230188402,신천동 30,127.1050426082693434_37.5125336192748193,126.0,21.0,서행,127.1050426082693434_37.5125336192748193|127.1057099909694585_37.5128445639683008|127.1060250249974217_37.5129978687956296|127.1062173467716150_37.5131578738299325
2026-09-04T18:34:05.570303+09:00,잠실롯데타워·석촌호수,잠실롯데타워·석촌호수,POI120,KEY_3,1230437601,-,1230188403,신천동 30,127.1049002456384613_37.5127083450110632,1230188503,잠실길지하차도(동측),127.1061687896124681_37.5132231248888246,126.0,14.0,정체,127.1061687896124681_37.5132231248888246|127.1058942002584331_37.5131610578152603|127.1056142121499164_37.5130369103311239|127.1049002456384613_37.5127083450110632
2026-09-04T18:34:05.570303+09:00,잠실롯데타워·석촌호수,잠실롯데타워·석촌호수,POI120,KEY_3,1230437701,잠실로,1230394600,신천동 30,127.1067595331203108_37.5134063123268504,1230188502,잠실길지하차도(동측),127.1062173467716150_37.5131578738299325,55.0,6.0,정체,127.1062173467716150_37.5131578738299325|127.1067595331203108_37.5134063123268504
2026-09-04T18:34:05.570303+09:00,잠실롯데타워·석촌호수,잠실롯데타워·석촌호수,POI120,KEY_3,1230437801,잠실로,1230188503,잠실길지하차도(동측),127.1061687896124681_37.5132231248888246,1230043204,잠실전화국,127.1073301047804875_37.5137619968566653,119.0,6.0,정체,127.1073301047804875_37.5137619968566653|127.1067103200439448_37.5134744075350568|127.1061687896124681_37.5132231248888246
2026-09-04T18:34:05.570303+09:00,창동 신경제 중심지,창동 신경제 중심지,POI079,KEY_4,1090005402,노해로,1090115200,창동 339,127.0432127254777726_37.6515539518810272,1090008104,서울북부지방법원등기국,127.0438886664260849_37.6514273575234313,61.0,11.0,정체,127.0438886664260849_37.6514273575234313|127.0432127254777726_37.6515539518810272
2026-09-04T18:34:05.570303+09:00,창동 신경제 중심지,창동 신경제 중심지,POI079,KEY_4,1090005403,노해로,1090008101,서울북부지방법원등기국,127.0440396816365904_37.6514000141311485,1090007904,이마트사거리,127.0465802038674212_37.6513439220940356,228.0,11.0,정체,127.0465802038674212_37.6513439220940356|127.0460219527137298_37.6512193468005378|127.0458394182708730_37.6511975131724839|127.0456166930732707_37.6511920224222294|127.0454324298890469_37.6511948838736430|127.0452143697198579_37.6512131449817389|127.0450359743676501_37.6512370892679158|127.0440396816365904_37.6514000141311485
2026-09-04T18:34:05.570303+09:00,창동 신경제 중심지,창동 신경제 중심지,POI079,KEY_4,1090006101,노해로65길,1090007904,이마트사거리,127.0465802038674212_37.6513439220940356,1090008603,이마트사거리,127.0464522437678454_37.6516561121472435,36.0,5.0,정체,127.0464522437678454_37.6516561121472435|127.0465802038674212_37.6513439220940356
2026-09-04T18:34:05.570303+09:00,창동 신경제 중심지,창동 신경제 중심지,POI079,KEY_4,1090006102,노해로65길,1090128100,창동 335-3,127.0462173088500180_37.6522375660554189,1090002402,창동역2번출구,127.0460126594412884_37.6527447346004678,59.0,6.0,정체,127.0460126594412884_37.6527447346004678|127.0462173088500180_37.6522375660554189
2026-09-04T18:34:05.570303+09:00,창동 신경제 중심지,창동 신경제 중심지,POI079,KEY_4,1090006201,노해로65길,1090002401,창동역2번출구,127.0461019329523680_37.6528774164723430,1090007901,이마트사거리,127.0467105834980970_37.6513747627778059,175.0,12.0,정체,127.0467105834980970_37.6513747627778059|127.0465815344402642_37.6516896123671287|127.0465398628008842_37.6517921145791874|127.0463467931061103_37.6522705946534657|127.0461019329523680_37.6528774164723430
2026-09-04T18:34:05.570303+09:00,창동 신경제 중심지,창동 신경제 중심지,POI079,KEY_4,1090006303,노해로63길,1090009401,창동아파트2단지,127.0440490804142541_37.6523926268145033,1090009704,창동 325,127.0450594668613746_37.6526400609466378,93.0,7.0,정체,127.0450594668613746_37.6526400609466378|127.0440490804142541_37.6523926268145033
2026-09-04T18:34:05.570303+09:00,창동 신경제 중심지,창동 신경제 중심지,POI079,KEY_4,1090006304,노해로63길,1090009701,창동 325,127.0451951244152013_37.6526717189787234,1090002401,창동역2번출구,127.0461019329523680_37.6528774164723430,83.0,7.0,정체,127.0461019329523680_37.6528774164723430|127.0451951244152013_37.6526717189787234
2026-09-04T18:34:05.570303+09:00,창동 신경제 중심지,창동 신경제 중심지,POI079,KEY_4,1090006402,노해로63길,1090009303,서울특별시북부교육지원청,127.0436075256318276_37.6521768084206414,1090008702,창원초교앞교차로,127.0418672320513025_37.6517533683042629,161.0,30.0,원활,127.0418672320513025_37.6517533683042629|127.0420136679197753_37.6518029016727667|127.0423245483733439_37.6518846988945839|127.0436075256318276_37.6521768084206414
2026-09-04T18:34:05.570303+09:00,창동 신경제 중심지,창동 신경제 중심지,POI079,KEY_4,1090006403,노해로63길,1090009703,창동 325,127.0450606490341130_37.6525272198554504,1090009302,서울특별시북부교육지원청,127.0437381625268358_37.6522068735649924,122.0,21.5,서행,127.0437381625268358_37.6522068735649924|127.0439570121152002_37.6522577653790549|127.0440891099632950_37.6522892989157825|127.0450606490341130_37.6525272198554504
2026-09-04T18:34:05.570303+09:00,창동 신경제 중심지,창동 신경제 중심지,POI079,KEY_4,1090006405,노해로63길,1090002402,창동역2번출구,127.0460126594412884_37.6527447346004678,1090009702,창동 325,127.0451962992695627_37.6525595534808915,75.0,19.0,서행,127.0451962992695627_37.6525595534808915|127.0460126594412884_37.6527447346004678
2026-09-04T18:34:05.570303+09:00,창동 신경제 중심지,창동 신경제 중심지,POI079,KEY_4,1090006501,노해로,1090009601,창4동주민센터앞교차로,127.0512572997302954_37.6524535243682053,1090009804,창4동주민센터,127.0523451053343962_37.6527487519340056,101.0,27.0,원활,127.0523451053343962_37.6527487519340056|127.0512572997302954_37.6524535243682053
2026-09-04T18:34:05.570303+09:00,창동 신경제 중심지,창동 신경제 중심지,POI079,KEY_4,1090006502,노해로,1090024400,창동 25,127.0529396680044698_37.6528803670265688,1090009904,도봉경찰서앞교차로,127.0532355059426379_37.6529440934046775,27.0,15.0,서행,127.0532355059426379_37.6529440934046775|127.0529396680044698_37.6528803670265688
2026-09-04T18:34:05.570303+09:00,창동 신경제 중심지,창동 신경제 중심지,POI079,KEY_4,1090006700,노해로69길,1090038000,창동 23,127.0507241269660881_37.6534404626976524,1090010103,창동견인차량보관소,127.0505700041465218_37.6538544201770620,48.0,10.0,정체,127.0505700041465218_37.6538544201770620|127.0507241269660881_37.6534404626976524
2026-09-04T18:34:05.570303+09:00,창동 신경제 중심지,창동 신경제 중심지,POI079,KEY_4,1090006800,노해로69길,1090029100,창동 23,127.0510627440724818_37.6529118754495755,1090009601,창4동주민센터앞교차로,127.0512572997302954_37.6524535243682053,54.0,13.0,정체,127.0512572997302954_37.6524535243682053|127.0511636230535117_37.6526409168478153|127.0510627440724818_37.6529118754495755
2026-09-04T18:34:05.570303+09:00,창동 신경제 중심지,창동 신경제 중심지,POI079,KEY_4,1090006900,마들로,1090009904,도봉경찰서앞교차로,127.0532355059426379_37.6529440934046775,1090002703,농협창동유통센터앞교차로,127.0532009362000849_37.6544173179488553,164.0,4.0,정체,127.0532009362000849_37.6544173179488553|127.0532307195816202_37.6537430463703586|127.0532355059426379_37.6529440934046775
2026-09-04T18:34:05.570303+09:00,창동 신경제 중심지,창동 신경제 중심지,POI079,KEY_4,1090007000,마들로,1090002702,농협창동유통센터앞교차로,127.0535193718764901_37.6544297702364830,1090009901,도봉경찰서앞교차로,127.0535457248374058_37.6529848170747670,160.0,23.0,서행,127.0535457248374058_37.6529848170747670|127.0535639356680946_37.6537093807940551|127.0535193718764901_37.6544297702364830
2026-09-04T18:34:05.570303+09:00,창동 신경제 중심지,창동 신경제 중심지,POI079,KEY_4,1090007501,마들로11길,1090010101,창동견인차량보관소,127.0506608950045546_37.6539899638653495,1090010204,속성변화점,127.0517956478494312_37.6542713588531939,105.0,10.0,정체,127.0517956478494312_37.6542713588531939|127.0506608950045546_37.6539899638653495
2026-09-04T18:34:05.570303+09:00,창동 신경제 중심지,창동 신경제 중심지,POI079,KEY_4,1090007502,마들로11길,1090010204,속성변화점,127.0517956478494312_37.6542713588531939,1090002704,농협창동유통센터앞교차로,127.0531926661678455_37.6545256121384426,127.0,22.0,서행,127.0531926661678455_37.6545256121384426|127.0528413530642098_37.6544851417251039|127.0525371577740543_37.6544418358260700|127.0522236392166775_37.6543767700399670|127.0519258441446198_37.6543035169949860|127.0517956478494312_37.6542713588531939
2026-09-04T18:34:05.570303+09:00,창동 신경제 중심지,창동 신경제 중심지,POI079,KEY_4,1090007601,마들로11길,1090010203,극동방송문화센터,127.0518361380290173_37.6541681443841370,1090010102,창동견인차량보관소,127.0506999231827194_37.6538863868738005,105.0,16.0,서행,127.0506999231827194_37.6538863868738005|127.0518361380290173_37.6541681443841370
2026-09-04T18:34:05.570303+09:00,창동 신경제 중심지,창동 신경제 중심지,POI079,KEY_4,1090007602,마들로11길,1090002703,농협창동유통센터앞교차로,127.0532009362000849_37.6544173179488553,1090010202,극동방송문화센터,127.0519660382969249_37.6542002295480955,112.0,14.0,정체,127.0519660382969249_37.6542002295480955|127.0522609278935562_37.6542727675418547|127.0525663592483170_37.6543361556009444|127.0528630944293980_37.6543783989066441|127.0532009362000849_37.6544173179488553
2026-09-04T18:34:05.570303+09:00,창동 신경제 중심지,창동 신경제 중심지,POI079,KEY_4,1090007901,노해로69길,1090010104,창동견인차량보관소,127.0505309856881695_37.6539579953053831,1090010603,환승주차장앞교차로,127.0500190410047310_37.6553009753965853,156.0,11.0,정체,127.0500190410047310_37.6553009753965853|127.0505309856881695_37.6539579953053831
2026-09-04T18:34:05.570303+09:00,창동 신경제 중심지,창동 신경제 중심지,POI079,KEY_4,1090008001,노해로69길,1090010602,환승주차장앞교차로,127.0501493968661464_37.6553317759183273,1090010101,창동견인차량보관소,127.0506608950045546_37.6539899638653495,156.0,16.0,서행,127.0506608950045546_37.6539899638653495|127.0501493968661464_37.6553317759183273
2026-09-04T18:34:05.570303+09:00,창동 신경제 중심지,창동 신경제 중심지,POI079,KEY_4,1090008002,노해로69길,1090039000,창동 808,127.0498866526589694_37.6582834096207364,1090010601,환승주차장앞교차로,127.0501093119601137_37.6554351045767106,320.0,23.0,서행,127.0501093119601137_37.6554351045767106|127.0498394187731890_37.6561185154286520|127.0498064469087751_37.6562513368248304|127.0497820437332734_37.6563946402228211|127.0497734293798260_37.6565485072733139|127.0497823736429837_37.6567003595224250|127.0498049658418580_37.6570426966649023|127.0498750568326187_37.6581047575258054|127.0498866526589694_37.6582834096207364
2026-09-04T18:34:05.570303+09:00,창동 신경제 중심지,창동 신경제 중심지,POI079,KEY_4,1090008003,노해로69길,1090003202,창동운동장앞교차로,127.0500176890655410_37.6599226131206208,1090012501,자운고등학교,127.0499559426194054_37.6593448583809760,64.0,8.0,정체,127.0499559426194054_37.6593448583809760|127.0499875040031696_37.6597610720166642|127.0500176890655410_37.6599226131206208
2026-09-04T18:34:05.570303+09:00,창동 신경제 중심지,창동 신경제 중심지,POI079,KEY_4,1090008501,마들로,1090002704,농협창동유통센터앞교차로,127.0531926661678455_37.6545256121384426,1090010803,창동열린극장교차로,127.0529077492178516_37.6559697981116415,162.0,11.0,정체,127.0529077492178516_37.6559697981116415|127.0529376525054204_37.6558251484242135|127.0529841751127407_37.6556292846411438|127.0530453407864542_37.6553546089362499|127.0531064381076902_37.6550912000013511|127.0531444844696978_37.6548907962926123|127.0531593169806825_37.6547804390951910|127.0531926661678455_37.6545256121384426
2026-09-04T18:34:05.570303+09:00,창동 신경제 중심지,창동 신경제 중심지,POI079,KEY_4,1090008503,마들로,1090042100,최소노드배치점,127.0517360672634197_37.6581815582025214,1090003202,창동운동장앞교차로,127.0500176890655410_37.6599226131206208,254.0,29.0,원활,127.0500176890655410_37.6599226131206208|127.0508493795606171_37.6594946644890030|127.0509575857941371_37.6594117031579572|127.0510758541167036_37.6593051199380682|127.0511528967889348_37.6592197861152442|127.0512329221193397_37.6591096766521360|127.0513861306880159_37.6588488722121966|127.0517360672634197_37.6581815582025214
2026-09-04T18:34:05.570303+09:00,창동 신경제 중심지,창동 신경제 중심지,POI079,KEY_4,1090008601,마들로,1090010802,창동열린극장교차로,127.0532024456634161_37.6560310399620732,1090002701,농협창동유통센터앞교차로,127.0535074980332269_37.6545489567895331,167.0,25.0,원활,127.0535074980332269_37.6545489567895331|127.0534795413420852_37.6547872850787826|127.0534280946085346_37.6550957975282401|127.0533595691476023_37.6554166394989380|127.0533201267756453_37.6556136570978808|127.0532649139748997_37.6558410349877803|127.0532024456634161_37.6560310399620732
2026-09-04T18:34:05.570303+09:00,창동 신경제 중심지,창동 신경제 중심지,POI079,KEY_4,1090008602,마들로,1090042200,최소노드배치점,127.0520531168905620_37.6582813526645026,1090010801,창동열린극장교차로,127.0531581856521797_37.6561522353032387,256.0,25.5,원활,127.0531581856521797_37.6561522353032387|127.0531323122794021_37.6562123336710997|127.0523052489814688_37.6577741420476073|127.0520531168905620_37.6582813526645026
2026-09-04T18:34:05.570303+09:00,창동 신경제 중심지,창동 신경제 중심지,POI079,KEY_4,1090009601,마들로,1090013401,창동 167-4,127.0489118939009217_37.6606289572230395,1090003204,창동운동장앞교차로,127.0499638421036508_37.6600794154383038,111.0,15.0,서행,127.0499638421036508_37.6600794154383038|127.0491745243841279_37.6604917596906716|127.0489118939009217_37.6606289572230395
2026-09-04T18:34:05.570303+09:00,창동 신경제 중심지,창동 신경제 중심지,POI079,KEY_4,1090009602,마들로,1090013501,창동 167-4,127.0476185886963236_37.6612891364181976,1090013404,창동 167-4,127.0487938245867099_37.6606897192368280,123.0,15.0,서행,127.0487938245867099_37.6606897192368280|127.0476185886963236_37.6612891364181976
2026-09-04T18:34:05.570303+09:00,창동 신경제 중심지,창동 신경제 중심지,POI079,KEY_4,1090009603,마들로,1090083700,창동 754-10,127.0468372888467457_37.6619114992761084,1090013504,창동 167-4,127.0475032887600975_37.6613477181105623,88.0,8.0,정체,127.0475032887600975_37.6613477181105623|127.0472771897853903_37.6614620891754441|127.0471587901959793_37.6615381920083365|127.0470377681162120_37.6616381330299035|127.0469427338822612_37.6617407719362305|127.0468606043055502_37.6618642498403560|127.0468372888467457_37.6619114992761084
2026-09-04T18:34:05.570303+09:00,창동 신경제 중심지,창동 신경제 중심지,POI079,KEY_4,1090019100,노해로,1090007901,이마트사거리,127.0467105834980970_37.6513747627778059,1090008302,창동삼성아파트,127.0478413401837798_37.6517150240130505,107.0,19.0,서행,127.0478413401837798_37.6517150240130505|127.0468852696467792_37.6514752569527573|127.0467105834980970_37.6513747627778059
2026-09-04T18:34:05.570303+09:00,창동 신경제 중심지,창동 신경제 중심지,POI079,KEY_4,1090019200,노해로,1090008104,서울북부지방법원등기국,127.0438886664260849_37.6514273575234313,1090008503,서울북부광역등기소,127.0438186184817511_37.6516245484087051,23.0,8.0,정체,127.0438186184817511_37.6516245484087051|127.0438886664260849_37.6514273575234313
2026-09-04T18:34:05.570303+09:00,창동 신경제 중심지,창동 신경제 중심지,POI079,KEY_4,1090019300,노해로,1090008502,서울북부광역등기소,127.0439494827538027_37.6516539354643385,1090008101,서울북부지방법원등기국,127.0440396816365904_37.6514000141311485,29.0,18.0,서행,127.0440396816365904_37.6514000141311485|127.0439494827538027_37.6516539354643385
2026-09-04T18:34:05.570303+09:00,창동 신경제 중심지,창동 신경제 중심지,POI079,KEY_4,1090019400,노해로65길,1090008603,이마트사거리,127.0464522437678454_37.6516561121472435,1090008502,서울북부광역등기소,127.0439494827538027_37.6516539354643385,238.0,9.0,정체,127.0439494827538027_37.6516539354643385|127.0446064750200179_37.6517989522029097|127.0446611672751658_37.6516566609137939|127.0453248260477750_37.6515398179121235|127.0453528909836933_37.6515390822929490|127.0458583619068094_37.6515258320844879|127.0464522437678454_37.6516561121472435
2026-09-04T18:34:05.570303+09:00,창동 신경제 중심지,창동 신경제 중심지,POI079,KEY_4,1090019700,노해로,1090007901,이마트사거리,127.0467105834980970_37.6513747627778059,1090021802,창동지하차도(동측),127.0502642079050020_37.6522089617535656,327.0,48.0,원활,127.0502642079050020_37.6522089617535656|127.0492794810403296_37.6519793948467267|127.0478628390599738_37.6516637304484831|127.0467105834980970_37.6513747627778059
2026-09-04T18:34:05.570303+09:00,창동 신경제 중심지,창동 신경제 중심지,POI079,KEY_4,1090020100,노해로,1090008504,서울북부광역등기소,127.0437810875314142_37.6517260258120885,1090009303,서울특별시북부교육지원청,127.0436075256318276_37.6521768084206414,52.0,26.0,원활,127.0436075256318276_37.6521768084206414|127.0437810875314142_37.6517260258120885
2026-09-04T18:34:05.570303+09:00,창동 신경제 중심지,창동 신경제 중심지,POI079,KEY_4,1090020200,노해로,1090009302,서울특별시북부교육지원청,127.0437381625268358_37.6522068735649924,1090008501,서울북부광역등기소,127.0439111151810465_37.6517576736682713,52.0,20.5,서행,127.0439111151810465_37.6517576736682713|127.0437381625268358_37.6522068735649924
2026-09-04T18:34:05.570303+09:00,창동 신경제 중심지,창동 신경제 중심지,POI079,KEY_4,1090020401,노해로,1090008802,도봉구보건소,127.0492599596684897_37.6520311788763564,1090021802,창동지하차도(동측),127.0502642079050020_37.6522089617535656,91.0,9.0,정체,127.0502642079050020_37.6522089617535656|127.0499849615824104_37.6522002013272115|127.0492599596684897_37.6520311788763564
2026-09-04T18:34:05.570303+09:00,창동 신경제 중심지,창동 신경제 중심지,POI079,KEY_4,1090020402,노해로,1090021802,창동지하차도(동측),127.0502642079050020_37.6522089617535656,1090009604,창4동주민센터앞교차로,127.0511276330638708_37.6524201902091278,80.0,37.0,원활,127.0511276330638708_37.6524201902091278|127.0502642079050020_37.6522089617535656
2026-09-04T18:34:05.570303+09:00,창동 신경제 중심지,창동 신경제 중심지,POI079,KEY_4,1090021200,해등로12길,1090063400,창동 313,127.0431136629325550_37.6531307651280258,1090009401,창동아파트2단지,127.0440490804142541_37.6523926268145033,126.0,18.0,서행,127.0440490804142541_37.6523926268145033|127.0439692149368796_37.6526054232594589|127.0438831887744442_37.6527865510112463|127.0437970826860692_37.6528651036506545|127.0436583473597949_37.6529506340044122|127.0435754939003203_37.6529819611717400|127.0435278911139250_37.6529938875997772|127.0432585397479528_37.6530613706037016|127.0431136629325550_37.6531307651280258
2026-09-04T18:34:05.570303+09:00,창동 신경제 중심지,창동 신경제 중심지,POI079,KEY_4,1090021400,노해로,1090041600,창동 17,127.0523219613917831_37.6532076459143141,1090009801,창4동주민센터,127.0524751925225360_37.6527803127579261,49.0,7.0,정체,127.0524751925225360_37.6527803127579261|127.0523219613917831_37.6532076459143141
2026-09-04T18:34:05.570303+09:00,창동 신경제 중심지,창동 신경제 중심지,POI079,KEY_4,1090021500,마들로11길,1090010103,창동견인차량보관소,127.0505700041465218_37.6538544201770620,1090010303,창동견인보관소앞,127.0477370548599367_37.6547730543022183,334.0,6.0,정체,127.0477370548599367_37.6547730543022183|127.0477658279710056_37.6547196018357795|127.0480897917361744_37.6539206204484387|127.0490340243173364_37.6535484764502826|127.0491908326687991_37.6535176660388800|127.0505700041465218_37.6538544201770620
2026-09-04T18:34:05.570303+09:00,창동 신경제 중심지,창동 신경제 중심지,POI079,KEY_4,1090021600,마들로11길,1090010302,창동견인보관소앞,127.0478788220612643_37.6547844833917438,1090010104,창동견인차량보관소,127.0505309856881695_37.6539579953053831,312.0,14.0,정체,127.0505309856881695_37.6539579953053831|127.0491869029716554_37.6536298084694820|127.0490810918604581_37.6536505985642478|127.0482016102326384_37.6539972231940396|127.0478933258012404_37.6547575391619631|127.0478788220612643_37.6547844833917438
2026-09-04T18:34:05.570303+09:00,창동 신경제 중심지,창동 신경제 중심지,POI079,KEY_4,1090022000,노해로63가길,1090140200,창동 253-1,127.0454165223832916_37.6545743006389628,1090009701,창동 325,127.0451951244152013_37.6526717189787234,214.0,20.0,서행,127.0451951244152013_37.6526717189787234|127.0451933896516010_37.6528373394430531|127.0451890627641234_37.6532504307674429|127.0451861866165615_37.6533547132366593|127.0451749203609921_37.6537631988765753|127.0451653221435322_37.6538501693338503|127.0451644817283636_37.6538577844143987|127.0451689381018952_37.6539035616293987|127.0452793210056939_37.6542058634360899|127.0453865833976579_37.6544996167404804|127.0454165223832916_37.6545743006389628
2026-09-04T18:34:05.570303+09:00,창동 신경제 중심지,창동 신경제 중심지,POI079,KEY_4,1090022100,마들로13길,1090080600,창동 1-12,127.0484109742130983_37.6549129102225990,1090010302,창동견인보관소앞,127.0478788220612643_37.6547844833917438,49.0,10.0,정체,127.0478788220612643_37.6547844833917438|127.0484109742130983_37.6549129102225990
2026-09-04T18:34:05.570303+09:00,창동 신경제 중심지,창동 신경제 중심지,POI079,KEY_4,1090022200,마들로13길,1090010301,창동견인보관소앞,127.0478249942618305_37.6548844814536636,1090010604,환승주차장앞교차로,127.0499789468198060_37.6554042879631865,199.0,14.0,정체,127.0499789468198060_37.6554042879631865|127.0488958360466967_37.6551429101195723|127.0483714753540312_37.6550163664097539|127.0478249942618305_37.6548844814536636
2026-09-04T18:34:05.570303+09:00,창동 신경제 중심지,창동 신경제 중심지,POI079,KEY_4,1090022700,마들로13길,1090025300,창동 1-12,127.0515185622562058_37.6556484809023360,1090010602,환승주차장앞교차로,127.0501493968661464_37.6553317759183273,126.0,28.0,원활,127.0501493968661464_37.6553317759183273|127.0515185622562058_37.6556484809023360
2026-09-04T18:34:05.570303+09:00,창동 신경제 중심지,창동 신경제 중심지,POI079,KEY_4,1090022800,마들로13길,1090010601,환승주차장앞교차로,127.0501093119601137_37.6554351045767106,1090010804,창동열린극장교차로,127.0528664193991801_37.6560728389500241,253.0,20.5,서행,127.0528664193991801_37.6560728389500241|127.0514805729431913_37.6557522943419443|127.0501093119601137_37.6554351045767106
2026-09-04T18:34:05.570303+09:00,창동 신경제 중심지,창동 신경제 중심지,POI079,KEY_4,1090023100,마들로13길,1090010303,창동견인보관소앞,127.0477370548599367_37.6547730543022183,1090011703,자운초교앞,127.0458329161900934_37.6581275500630355,413.0,20.5,서행,127.0458329161900934_37.6581275500630355|127.0462289135254110_37.6572813650045433|127.0463932541250500_37.6568944512451935|127.0465563232358051_37.6564268331624419|127.0472421607888691_37.6553884746299161|127.0474581288074347_37.6550614920549407|127.0476011819743576_37.6548366960861500|127.0476614770812205_37.6547887097468248|127.0477370548599367_37.6547730543022183
2026-09-04T18:34:05.570303+09:00,창동 신경제 중심지,창동 신경제 중심지,POI079,KEY_4,1090023200,마들로13길,1090113200,창동 135-84,127.0473625603757881_37.6554387405282114,1090010304,창동견인보관소앞,127.0476693650736166_37.6548988028347651,66.0,23.0,서행,127.0476693650736166_37.6548988028347651|127.0475790072573972_37.6551110325286515|127.0473625603757881_37.6554387405282114
2026-09-04T18:34:05.570303+09:00,창동 신경제 중심지,창동 신경제 중심지,POI079,KEY_4,1090025500,마들로13길,1090011704,자운초교앞,127.0457848371309240_37.6582173762313985,1090012903,창동 182-42,127.0452405267065643_37.6594275559219440,143.0,26.0,원활,127.0452405267065643_37.6594275559219440|127.0452856378431363_37.6592700887861511|127.0454740499835680_37.6587549827164807|127.0455877139170866_37.6585375202288759|127.0457848371309240_37.6582173762313985
2026-09-04T18:34:05.570303+09:00,창동 신경제 중심지,창동 신경제 중심지,POI079,KEY_4,1090025600,마들로13길,1090012902,창동 181-43,127.0453731275255507_37.6594515649138302,1090011701,자운초교앞,127.0459069829019256_37.6582649115694394,140.0,23.7,서행,127.0459069829019256_37.6582649115694394|127.0457116955399357_37.6585820735511234|127.0456025303731451_37.6587909309425939|127.0454173469814236_37.6592972108555131|127.0453731275255507_37.6594515649138302
2026-09-04T18:34:05.570303+09:00,창동 신경제 중심지,창동 신경제 중심지,POI079,KEY_4,1090026700,도봉로136길,1090013301,가인지하차도(동측),127.0467851587121118_37.6601264554493653,1090012401,가인지하차도(서측),127.0434019690758447_37.6592482191792328,323.0,37.5,원활,127.0434019690758447_37.6592482191792328|127.0449459729015445_37.6594408745348090|127.0452889685188040_37.6594937760274107|127.0459094737849597_37.6595883924112016|127.0460871253542479_37.6596493826614847|127.0462164208273634_37.6597119908414797|127.0463552639532452_37.6597916263826491|127.0465013091322248_37.6598868585154847|127.0466299946581330_37.6599841362507490|127.0467851587121118_37.6601264554493653
2026-09-04T18:34:05.570303+09:00,창동 신경제 중심지,창동 신경제 중심지,POI079,KEY_4,1090026800,도봉로136길,1090012402,가인지하차도(서측),127.0433808066038495_37.6593550194173048,1090013302,가인지하차도(동측),127.0466786690014942_37.6601935346289025,314.0,33.3,원활,127.0466786690014942_37.6601935346289025|127.0465315242048092_37.6600588908333620|127.0464112099059975_37.6599679417970634|127.0462722745903932_37.6598773459194049|127.0461411508791230_37.6598021364880324|127.0460244898846156_37.6597456490715601|127.0458692292156115_37.6596923435053981|127.0452632093449523_37.6595999359672575|127.0449224698914605_37.6595473831225434|127.0433808066038495_37.6593550194173048
2026-09-04T18:34:05.570303+09:00,창동 신경제 중심지,창동 신경제 중심지,POI079,KEY_4,1090027300,도봉로136길,1090013301,가인지하차도(동측),127.0467851587121118_37.6601264554493653,1090012902,창동 181-43,127.0453731275255507_37.6594515649138302,153.0,27.0,원활,127.0453731275255507_37.6594515649138302|127.0459295954603931_37.6595364159575396|127.0461184430292576_37.6596012507948927|127.0462540574332451_37.6596669179990613|127.0463967585631337_37.6597487665919459|127.0465463603726590_37.6598463181993139|127.0466561771203970_37.6599293322028927|127.0466792286765667_37.6599467575772948|127.0467851587121118_37.6601264554493653
2026-09-04T18:34:05.570303+09:00,창동 신경제 중심지,창동 신경제 중심지,POI079,KEY_4,1090027400,도봉로136길,1090012901,창동 181-33,127.0453095442338025_37.6596620454681101,1090013302,가인지하차도(동측),127.0466786690014942_37.6601935346289025,138.0,26.0,원활,127.0466786690014942_37.6601935346289025|127.0464822889049401_37.6600962694450274|127.0464497241137707_37.6600716525110428|127.0463661585185804_37.6600084820608672|127.0462307798373871_37.6599202056654789|127.0461035141367887_37.6598472092934813|127.0459931720883304_37.6597937809121106|127.0458491074561209_37.6597443199474213|127.0453095442338025_37.6596620454681101
2026-09-04T18:34:05.570303+09:00,창동 신경제 중심지,창동 신경제 중심지,POI079,KEY_4,1090028600,마들로13길,1090012904,창동 182-42,127.0451777079419315_37.6596355056669410,1090015003,방학동이수아파트,127.0447749280397005_37.6626683866843237,339.0,30.0,원활,127.0447749280397005_37.6626683866843237|127.0447781799507965_37.6625605684919194|127.0448094776364343_37.6622725926075290|127.0448330271749455_37.6620559074054384|127.0448660408917902_37.6617521377958155|127.0449787657496898_37.6607266113725672|127.0450308716217052_37.6602367359613410|127.0451179019524801_37.6598232692942716|127.0451777079419315_37.6596355056669410
2026-09-04T18:34:05.570303+09:00,창동 신경제 중심지,창동 신경제 중심지,POI079,KEY_4,1090028700,마들로13길,1090048100,창동 752-1,127.0449685240468511_37.6620652137489174,1090012901,창동 181-33,127.0453095442338025_37.6596620454681101,269.0,27.0,원활,127.0453095442338025_37.6596620454681101|127.0452511118152614_37.6598454986423690|127.0451659196911294_37.6602502350921071|127.0451142654643348_37.6607358721721113|127.0450015311825638_37.6617614969333161|127.0449685240468511_37.6620652137489174
2026-09-04T18:34:05.570303+09:00,창동 신경제 중심지,창동 신경제 중심지,POI079,KEY_4,1090028800,방학로,1090107800,창동 744-14,127.0489627249143183_37.6608726014257869,1090013401,창동 167-4,127.0489118939009217_37.6606289572230395,28.0,15.0,서행,127.0489118939009217_37.6606289572230395|127.0489498056694089_37.6607209344841678|127.0489678202076931_37.6608041551679591|127.0489627249143183_37.6608726014257869
2026-09-04T18:34:05.570303+09:00,창동 신경제 중심지,창동 신경제 중심지,POI079,KEY_4,1090045500,노해로,1090009901,도봉경찰서앞교차로,127.0535457248374058_37.6529848170747670,1100036102,도봉구-노원구,127.0542201693494775_37.6530495292574159,60.0,9.0,정체,127.0542201693494775_37.6530495292574159|127.0535457248374058_37.6529848170747670
2026-09-04T18:34:05.570303+09:00,창동 신경제 중심지,창동 신경제 중심지,POI079,KEY_4,1100003501,동일로,1100118800,상계동 729,127.0607516169090445_37.6535093850099329,1100037200,노원역6번출구,127.0606630381764859_37.6538422534128969,38.0,16.0,서행,127.0606630381764859_37.6538422534128969|127.0607516169090445_37.6535093850099329
2026-09-04T18:34:05.570303+09:00,창동 신경제 중심지,창동 신경제 중심지,POI079,KEY_4,1100003502,동일로,1100037200,노원역6번출구,127.0606630381764859_37.6538422534128969,1100037803,노원역,127.0605624598929069_37.6542202110494344,43.0,16.0,서행,127.0605624598929069_37.6542202110494344|127.0606630381764859_37.6538422534128969
2026-09-04T18:34:05.570303+09:00,창동 신경제 중심지,창동 신경제 중심지,POI079,KEY_4,1100003601,동일로,1100118900,상계동 729,127.0608846580693978_37.6535317641635459,1100035101,상계2-6단지교차로,127.0614219272701604_37.6515126919265697,229.0,19.0,서행,127.0614219272701604_37.6515126919265697|127.0608846580693978_37.6535317641635459
2026-09-04T18:34:05.570303+09:00,창동 신경제 중심지,창동 신경제 중심지,POI079,KEY_4,1100003602,동일로,1100037802,노원역,127.0606939292530768_37.6542485022336564,1100037300,노원역5번출구,127.0607960800482061_37.6538646319994967,44.0,11.0,정체,127.0607960800482061_37.6538646319994967|127.0606939292530768_37.6542485022336564
2026-09-04T18:34:05.570303+09:00,창동 신경제 중심지,창동 신경제 중심지,POI079,KEY_4,1100003803,동부간선도로,1100037402,노원지하차도(북측),127.0551494676314945_37.6548162517717628,1100036201,창동교앞교차로,127.0552628560590733_37.6531854240254873,181.0,18.0,정체,127.0552628560590733_37.6531854240254873|127.0552456307809450_37.6533636469401856|127.0552101207977955_37.6538556847095762|127.0551835032701860_37.6543636332209246|127.0551494676314945_37.6548162517717628
2026-09-04T18:34:05.570303+09:00,창동 신경제 중심지,창동 신경제 중심지,POI079,KEY_4,1100003901,동일로,1100037804,노원역,127.0605341697180251_37.6543260636008839,1100038700,노원역,127.0604128401212449_37.6547779132650504,51.0,12.0,정체,127.0604128401212449_37.6547779132650504|127.0605341697180251_37.6543260636008839
2026-09-04T18:34:05.570303+09:00,창동 신경제 중심지,창동 신경제 중심지,POI079,KEY_4,1100003902,동일로,1100038700,노원역,127.0604128401212449_37.6547779132650504,1100039503,노원역앞교차로,127.0602010162035356_37.6555667697837535,90.0,18.0,서행,127.0602010162035356_37.6555667697837535|127.0604128401212449_37.6547779132650504
2026-09-04T18:34:05.570303+09:00,창동 신경제 중심지,창동 신경제 중심지,POI079,KEY_4,1100004001,동일로,1100038900,노원역3번출구,127.0605458327495398_37.6548004858661827,1100037801,노원역,127.0606655841639991_37.6543545069205265,51.0,21.0,서행,127.0606655841639991_37.6543545069205265|127.0605458327495398_37.6548004858661827
2026-09-04T18:34:05.570303+09:00,창동 신경제 중심지,창동 신경제 중심지,POI079,KEY_4,1100004002,동일로,1100039502,노원역앞교차로,127.0603323409069105_37.6555955551666415,1100038900,노원역3번출구,127.0605458327495398_37.6548004858661827,90.0,19.0,서행,127.0605458327495398_37.6548004858661827|127.0603323409069105_37.6555955551666415
2026-09-04T18:34:05.570303+09:00,창동 신경제 중심지,창동 신경제 중심지,POI079,KEY_4,1100004201,동부간선도로,1100043101,상계지하차도(남측),127.0531634037664475_37.6594394033891433,1100037401,노원지하차도(북측),127.0550810735712162_37.6548136821399666,544.0,19.7,정체,127.0550810735712162_37.6548136821399666|127.0550754183786353_37.6548876545282312|127.0550350064868041_37.6552723414702726|127.0549942605154996_37.6555073222257377|127.0549352651446071_37.6557679705295314|127.0548623434530811_37.6559895280506751|127.0547626410769055_37.6562386436802115|127.0546675664509024_37.6564477895056200|127.0538272151033539_37.6581441321275960|127.0535934935571163_37.6585986829488846|127.0533198010285787_37.6591310330955693|127.0532160703950382_37.6593465262757903|127.0531634037664475_37.6594394033891433
2026-09-04T18:34:05.570303+09:00,창동 신경제 중심지,창동 신경제 중심지,POI079,KEY_4,1100004202,동부간선로,1100044002,상계교교차로,127.0525798753311761_37.6616411735135159,1100043102,상계지하차도(남측),127.0532250211979317_37.6594615199293088,251.0,26.0,정체,127.0532250211979317_37.6594615199293088|127.0531517721649379_37.6595913943188663|127.0528975679072374_37.6600530138720373|127.0528163525555527_37.6602266198494746|127.0527703698594024_37.6603765367210812|127.0527359662938949_37.6605618650752021|127.0525798753311761_37.6616411735135159
2026-09-04T18:34:05.570303+09:00,창동 신경제 중심지,창동 신경제 중심지,POI079,KEY_4,1100004304,동일로,1100093400,상계동 694-1,127.0595508065029549_37.6580171134395840,1100041708,용화여자고등학교,127.0591558684395892_37.6595067387207934,169.0,10.0,정체,127.0591558684395892_37.6595067387207934|127.0594096658789312_37.6585508591550990|127.0594376678546524_37.6584451578996706|127.0595508065029549_37.6580171134395840
2026-09-04T18:34:05.570303+09:00,창동 신경제 중심지,창동 신경제 중심지,POI079,KEY_4,1100004401,동일로,1100185600,상계동 694-1,127.0601844029978480_37.6561522066921412,1100039501,노원역앞교차로,127.0603040465450704_37.6557015653982390,51.0,21.0,서행,127.0603040465450704_37.6557015653982390|127.0601844029978480_37.6561522066921412
2026-09-04T18:34:05.570303+09:00,창동 신경제 중심지,창동 신경제 중심지,POI079,KEY_4,1100004702,동부간선로,1100044004,상계교교차로,127.0523149905146738_37.6617776542323384,1100044402,상계지하차도(북측),127.0520378561055281_37.6642215993765177,272.0,12.0,정체,127.0520378561055281_37.6642215993765177|127.0521212250492056_37.6635823328015462|127.0522193701827547_37.6625462296288589|127.0522777575375244_37.6620180125495523|127.0523149905146738_37.6617776542323384
2026-09-04T18:34:05.570303+09:00,창동 신경제 중심지,창동 신경제 중심지,POI079,KEY_4,1100004802,동부간선도로,1100002702,상계동699,127.0523840965415587_37.6643456310184632,1100044001,상계교교차로,127.0525935255395922_37.6617487454504882,291.0,28.0,정체,127.0525935255395922_37.6617487454504882|127.0525483028963407_37.6620406979734881|127.0524904805265578_37.6625638117754420|127.0523921692619922_37.6636017117993660|127.0523115180185556_37.6642197151095530|127.0523445020438800_37.6642879542847595|127.0523840965415587_37.6643456310184632
2026-09-04T18:34:05.570303+09:00,창동 신경제 중심지,창동 신경제 중심지,POI079,KEY_4,1100027502,동일로215길,1100088500,상계동 744,127.0607971399296048_37.6513759115603364,1100035104,상계2-6단지교차로,127.0612907362999096_37.6514833723335016,45.0,17.7,서행,127.0612907362999096_37.6514833723335016|127.0607971399296048_37.6513759115603364
2026-09-04T18:34:05.570303+09:00,창동 신경제 중심지,창동 신경제 중심지,POI079,KEY_4,1100028502,노해로,1100036102,도봉구-노원구,127.0542201693494775_37.6530495292574159,1100036204,창동교앞교차로,127.0549921462478125_37.6531412853505643,69.0,7.0,정체,127.0549921462478125_37.6531412853505643|127.0542201693494775_37.6530495292574159
2026-09-04T18:34:05.570303+09:00,창동 신경제 중심지,창동 신경제 중심지,POI079,KEY_4,1100028703,노해로,1100160200,상계동 739,127.0568037160892487_37.6535154115881099,1100037004,상계6동우체국,127.0575257719759037_37.6536755591483541,66.0,6.0,정체,127.0575257719759037_37.6536755591483541|127.0568037160892487_37.6535154115881099
2026-09-04T18:34:05.570303+09:00,창동 신경제 중심지,창동 신경제 중심지,POI079,KEY_4,1100028704,노해로,1100037001,상계6동우체국,127.0576567470603919_37.6537047057676091,1100037504,현대증권빌딩,127.0593355635265027_37.6540794845506213,154.0,5.0,정체,127.0593355635265027_37.6540794845506213|127.0576567470603919_37.6537047057676091
2026-09-04T18:34:05.570303+09:00,창동 신경제 중심지,창동 신경제 중심지,POI079,KEY_4,1100028705,노해로,1100037501,현대증권빌딩,127.0594668905893343_37.6541075996395733,1100037700,노원역7번출구,127.0599891684443605_37.6542145073474472,48.0,5.0,정체,127.0599891684443605_37.6542145073474472|127.0594668905893343_37.6541075996395733
2026-09-04T18:34:05.570303+09:00,창동 신경제 중심지,창동 신경제 중심지,POI079,KEY_4,1100028706,노해로,1100037700,노원역7번출구,127.0599891684443605_37.6542145073474472,1100037804,노원역,127.0605341697180251_37.6543260636008839,50.0,5.0,정체,127.0605341697180251_37.6543260636008839|127.0599891684443605_37.6542145073474472
2026-09-04T18:34:05.570303+09:00,창동 신경제 중심지,창동 신경제 중심지,POI079,KEY_4,1100028803,노해로,1100037600,노원역7번출구,127.0600230742874572_37.6541098040533271,1100037002,상계6동우체국,127.0576932921409679_37.6536005651398114,213.0,26.0,원활,127.0576932921409679_37.6536005651398114|127.0593723237605417_37.6539753916879150|127.0595007964826095_37.6540028963630675|127.0600230742874572_37.6541098040533271
2026-09-04T18:34:05.570303+09:00,창동 신경제 중심지,창동 신경제 중심지,POI079,KEY_4,1100028805,노해로,1100037803,노원역,127.0605624598929069_37.6542202110494344,1100037600,노원역7번출구,127.0600230742874572_37.6541098040533271,49.0,15.0,서행,127.0600230742874572_37.6541098040533271|127.0605624598929069_37.6542202110494344
2026-09-04T18:34:05.570303+09:00,창동 신경제 중심지,창동 신경제 중심지,POI079,KEY_4,1100029501,노해로,1100037801,노원역,127.0606655841639991_37.6543545069205265,1100038000,노원역4번출구,127.0611922548889794_37.6544740751006302,48.0,8.0,정체,127.0611922548889794_37.6544740751006302|127.0606655841639991_37.6543545069205265
2026-09-04T18:34:05.570303+09:00,창동 신경제 중심지,창동 신경제 중심지,POI079,KEY_4,1100029502,노해로,1100038000,노원역4번출구,127.0611922548889794_37.6544740751006302,1100038304,롯데백화점(노원점),127.0617632535381034_37.6546037047608451,52.0,4.0,정체,127.0617632535381034_37.6546037047608451|127.0611922548889794_37.6544740751006302
2026-09-04T18:34:05.570303+09:00,창동 신경제 중심지,창동 신경제 중심지,POI079,KEY_4,1100029505,노해로,1100103700,상계동 719,127.0661512914501827_37.6555939228266112,1100039604,상계6·7동주민센터앞교차로,127.0669426069039787_37.6557717283692170,73.0,8.0,정체,127.0669426069039787_37.6557717283692170|127.0661512914501827_37.6555939228266112
2026-09-04T18:34:05.570303+09:00,창동 신경제 중심지,창동 신경제 중심지,POI079,KEY_4,1100029506,노해로,1100038802,한국통신상계,127.0632123465894381_37.6549326661265553,1100038809,상계동323-18,127.0644139438269349_37.6552035258636266,110.0,16.0,서행,127.0644139438269349_37.6552035258636266|127.0635781881673267_37.6550157137258239|127.0632123465894381_37.6549326661265553
2026-09-04T18:34:05.570303+09:00,창동 신경제 중심지,창동 신경제 중심지,POI079,KEY_4,1100029601,노해로,1100037900,노원역4번출구,127.0612295934649723_37.6543701129946840,1100037802,노원역,127.0606939292530768_37.6542485022336564,49.0,17.0,서행,127.0606939292530768_37.6542485022336564|127.0612295934649723_37.6543701129946840
2026-09-04T18:34:05.570303+09:00,창동 신경제 중심지,창동 신경제 중심지,POI079,KEY_4,1100029602,노해로,1100038303,롯데백화점(노원점),127.0618005912647845_37.6544997424504331,1100037900,노원역4번출구,127.0612295934649723_37.6543701129946840,52.0,19.0,서행,127.0612295934649723_37.6543701129946840|127.0618005912647845_37.6544997424504331
2026-09-04T18:34:05.570303+09:00,창동 신경제 중심지,창동 신경제 중심지,POI079,KEY_4,1100029605,노해로,1100038808,상계동323-18,127.0644509316282296_37.6550994845618874,1100038803,한국통신상계,127.0632496825551527_37.6548287033200779,110.0,18.5,서행,127.0632496825551527_37.6548287033200779|127.0636153513994913_37.6549117113266902|127.0644509316282296_37.6550994845618874
2026-09-04T18:34:05.570303+09:00,창동 신경제 중심지,창동 신경제 중심지,POI079,KEY_4,1100029701,상계로,1100038102,노원지하차도,127.0552186408102813_37.6546214256784779,1100038604,속성변화점,127.0557908711694211_37.6547236267635412,52.0,22.0,서행,127.0557908711694211_37.6547236267635412|127.0553671834377667_37.6546338968271357|127.0552186408102813_37.6546214256784779
2026-09-04T18:34:05.570303+09:00,창동 신경제 중심지,창동 신경제 중심지,POI079,KEY_4,1100029702,상계로,1100038604,속성변화점,127.0557908711694211_37.6547236267635412,1100039104,노원구보건소,127.0570870474215752_37.6550080356744132,119.0,17.0,서행,127.0570870474215752_37.6550080356744132|127.0559208786339127_37.6547516866268239|127.0557908711694211_37.6547236267635412
2026-09-04T18:34:05.570303+09:00,창동 신경제 중심지,창동 신경제 중심지,POI079,KEY_4,1100029703,상계로,1100039101,노원구보건소,127.0572186143952251_37.6550367765186706,1100039404,상계동 739-4,127.0588643202721642_37.6553939512818587,151.0,27.0,원활,127.0588643202721642_37.6553939512818587|127.0572186143952251_37.6550367765186706
2026-09-04T18:34:05.570303+09:00,창동 신경제 중심지,창동 신경제 중심지,POI079,KEY_4,1100029704,상계로,1100039401,상계동 739-4,127.0589962601925151_37.6554223038178080,1100039504,노원역앞교차로,127.0601727301481390_37.6556726739564454,107.0,22.0,서행,127.0601727301481390_37.6556726739564454|127.0589962601925151_37.6554223038178080
2026-09-04T18:34:05.570303+09:00,창동 신경제 중심지,창동 신경제 중심지,POI079,KEY_4,1100029801,상계로,1100038603,노원구청,127.0558258743156728_37.6546191522476619,1100038101,노원지하차도,127.0552330818509006_37.6545130739862657,54.0,6.0,정체,127.0552330818509006_37.6545130739862657|127.0553919493096799_37.6545272539378431|127.0558258743156728_37.6546191522476619
2026-09-04T18:34:05.570303+09:00,창동 신경제 중심지,창동 신경제 중심지,POI079,KEY_4,1100029802,상계로,1100039103,노원구보건소,127.0571232861294249_37.6549038277198562,1100038602,노원구청,127.0559571188478429_37.6546474790247601,107.0,12.0,정체,127.0559571188478429_37.6546474790247601|127.0571232861294249_37.6549038277198562
2026-09-04T18:34:05.570303+09:00,창동 신경제 중심지,창동 신경제 중심지,POI079,KEY_4,1100029803,상계로,1100039403,상계동 739-4,127.0589001317584064_37.6552896493156339,1100039102,노원구보건소,127.0572544280862672_37.6549324748313055,151.0,6.0,정체,127.0572544280862672_37.6549324748313055|127.0589001317584064_37.6552896493156339
2026-09-04T18:34:05.570303+09:00,창동 신경제 중심지,창동 신경제 중심지,POI079,KEY_4,1100029804,상계로,1100039503,노원역앞교차로,127.0602010162035356_37.6555667697837535,1100039402,상계동 739-4,127.0590314243780483_37.6553178631760161,107.0,6.0,정체,127.0590314243780483_37.6553178631760161|127.0602010162035356_37.6555667697837535
2026-09-04T18:34:05.570303+09:00,창동 신경제 중심지,창동 신경제 중심지,POI079,KEY_4,1100030102,상계로,1100039501,노원역앞교차로,127.0603040465450704_37.6557015653982390,1100039809,성임빌딩,127.0616502820933391_37.6560069404642164,124.0,4.0,정체,127.0616502820933391_37.6560069404642164|127.0614128756597694_37.6559527379808969|127.0612824146659250_37.6559230764615549|127.0603040465450704_37.6557015653982390
2026-09-04T18:34:05.570303+09:00,창동 신경제 중심지,창동 신경제 중심지,POI079,KEY_4,1100030105,상계로,1100039802,노원역(서울4호선),127.0625678182361469_37.6562131766042825,1100039909,노원역(서울4호선),127.0640678531407275_37.6565499966003827,138.0,18.0,서행,127.0640678531407275_37.6565499966003827|127.0625678182361469_37.6562131766042825
2026-09-04T18:34:05.570303+09:00,창동 신경제 중심지,창동 신경제 중심지,POI079,KEY_4,1100030106,상계로,1100039806,성임빌딩,127.0617837261973904_37.6560371069540665,1100039805,노원역(서울4호선),127.0624372787817009_37.6561838640661151,60.0,10.5,정체,127.0624372787817009_37.6561838640661151|127.0617837261973904_37.6560371069540665
2026-09-04T18:34:05.570303+09:00,창동 신경제 중심지,창동 신경제 중심지,POI079,KEY_4,1100030201,상계로,1100039703,상계동 689-4,127.0613196600456689_37.6558190928418952,1100039502,노원역앞교차로,127.0603323409069105_37.6555955551666415,91.0,16.0,서행,127.0603323409069105_37.6555955551666415|127.0613196600456689_37.6558190928418952
2026-09-04T18:34:05.570303+09:00,창동 신경제 중심지,창동 신경제 중심지,POI079,KEY_4,1100030202,상계로,1100039807,속성변화점,127.0618206904819658_37.6559330592462373,1100039702,상계동 689-4,127.0614504112961498_37.6558488199526451,34.0,10.0,정체,127.0614504112961498_37.6558488199526451|127.0616878173730271_37.6559030221767657|127.0618206904819658_37.6559330592462373
2026-09-04T18:34:05.570303+09:00,창동 신경제 중심지,창동 신경제 중심지,POI079,KEY_4,1100030204,상계로,1100040303,상계초교입구교차로,127.0665586801028297_37.6570292785576513,1100039907,노원역(서울4호선),127.0642133857384408_37.6564684562337533,216.0,12.0,정체,127.0642133857384408_37.6564684562337533|127.0644207962196788_37.6565084470902249|127.0660464057039434_37.6568757110014403|127.0662363313010133_37.6569249576004239|127.0664049700920941_37.6569758547641200|127.0665586801028297_37.6570292785576513
2026-09-04T18:34:05.570303+09:00,창동 신경제 중심지,창동 신경제 중심지,POI079,KEY_4,1100030205,상계로,1100039804,노원역(서울4호선),127.0624656337716658_37.6560778831310046,1100039807,속성변화점,127.0618206904819658_37.6559330592462373,59.0,11.0,정체,127.0618206904819658_37.6559330592462373|127.0624656337716658_37.6560778831310046
2026-09-04T18:34:05.570303+09:00,창동 신경제 중심지,창동 신경제 중심지,POI079,KEY_4,1100030206,상계로,1100039908,노원역(서울4호선),127.0640829296194312_37.6564410345314258,1100039803,노원역(서울4호선),127.0625965572083089_37.6561072819066283,136.0,11.5,정체,127.0625965572083089_37.6561072819066283|127.0640829296194312_37.6564410345314258
2026-09-04T18:34:05.570303+09:00,창동 신경제 중심지,창동 신경제 중심지,POI079,KEY_4,1100030300,노원로,1100172100,상계동 330-40,127.0668101330512201_37.6562287061040379,1100040303,상계초교입구교차로,127.0665586801028297_37.6570292785576513,92.0,19.0,서행,127.0665586801028297_37.6570292785576513|127.0666084395444670_37.6569244507512124|127.0668101330512201_37.6562287061040379
2026-09-04T18:34:05.570303+09:00,창동 신경제 중심지,창동 신경제 중심지,POI079,KEY_4,1100032101,노원로,1100223800,상계동 699,127.0556231703667009_37.6613970760336585,1100044002,상계교교차로,127.0525798753311761_37.6616411735135159,270.0,34.0,원활,127.0525798753311761_37.6616411735135159|127.0556231703667009_37.6613970760336585
2026-09-04T18:34:05.570303+09:00,창동 신경제 중심지,창동 신경제 중심지,POI079,KEY_4,1100032102,노원로,1100043503,온수골사거리,127.0587224144695284_37.6611391975146930,1100043802,상계10단지앞,127.0563734840975627_37.6613366921959454,208.0,15.0,서행,127.0563734840975627_37.6613366921959454|127.0587224144695284_37.6611391975146930
2026-09-04T18:34:05.570303+09:00,창동 신경제 중심지,창동 신경제 중심지,POI079,KEY_4,1100032201,노원로,1100044001,상계교교차로,127.0525935255395922_37.6617487454504882,1100043804,상계10단지앞,127.0562460888175451_37.6614557692127931,324.0,14.0,정체,127.0562460888175451_37.6614557692127931|127.0556368248604571_37.6615046469845751|127.0525935255395922_37.6617487454504882
2026-09-04T18:34:05.570303+09:00,창동 신경제 중심지,창동 신경제 중심지,POI079,KEY_4,1100032202,노원로,1100043801,상계10단지앞,127.0563877863022952_37.6614442102939790,1100043504,온수골사거리,127.0586926817611158_37.6612504184423145,205.0,14.0,정체,127.0586926817611158_37.6612504184423145|127.0563877863022952_37.6614442102939790
2026-09-04T18:34:05.570303+09:00,창동 신경제 중심지,창동 신경제 중심지,POI079,KEY_4,1100032704,방학로,1100044003,상계교교차로,127.0522948218053756_37.6616707337914249,1100044102,도봉구-노원구,127.0513629359133034_37.6617818231301555,83.0,9.0,정체,127.0513629359133034_37.6617818231301555|127.0522948218053756_37.6616707337914249
2026-09-04T18:34:05.570303+09:00,창동 신경제 중심지,창동 신경제 중심지,POI079,KEY_4,1100032804,방학로,1100044101,도봉구-노원구,127.0513817650416115_37.6618888939088308,1100044004,상계교교차로,127.0523149905146738_37.6617776542323384,83.0,13.0,정체,127.0523149905146738_37.6617776542323384|127.0513817650416115_37.6618888939088308
2026-09-04T18:34:05.570303+09:00,창동 신경제 중심지,창동 신경제 중심지,POI079,KEY_4,1100067900,동부간선도로,1100037401,노원지하차도(북측),127.0550810735712162_37.6548136821399666,1100035501,노원지하차도(남측),127.0554050195968330_37.6508008456765353,446.0,16.7,정체,127.0554050195968330_37.6508008456765353|127.0553755713891064_37.6511968811547604|127.0553086107411360_37.6519628930263153|127.0552148689220360_37.6528133123426869|127.0551981671509765_37.6531233789090294|127.0551777961183291_37.6533602558558158|127.0551422352250341_37.6538530117120587|127.0551156205709873_37.6543608728118500|127.0550810735712162_37.6548136821399666
2026-09-04T18:34:05.570303+09:00,창동 신경제 중심지,창동 신경제 중심지,POI079,KEY_4,1100068300,동일로218길,1100190200,상계동 720,127.0634051589872087_37.6539899608348563,1100038804,한국통신상계,127.0631180288482369_37.6548015342588300,94.0,14.0,정체,127.0631180288482369_37.6548015342588300|127.0634051589872087_37.6539899608348563
2026-09-04T18:34:05.570303+09:00,창동 신경제 중심지,창동 신경제 중심지,POI079,KEY_4,1100069300,동일로,1100037200,노원역6번출구,127.0606630381764859_37.6538422534128969,1100037600,노원역7번출구,127.0600230742874572_37.6541098040533271,68.0,16.0,서행,127.0600230742874572_37.6541098040533271|127.0602705087191140_37.6541077984462618|127.0603724161650518_37.6540624530492423|127.0605252744344114_37.6539932432403148|127.0606630381764859_37.6538422534128969
2026-09-04T18:34:05.570303+09:00,창동 신경제 중심지,창동 신경제 중심지,POI079,KEY_4,1100069400,동일로,1100037900,노원역4번출구,127.0612295934649723_37.6543701129946840,1100037300,노원역5번출구,127.0607960800482061_37.6538646319994967,74.0,17.0,서행,127.0607960800482061_37.6538646319994967|127.0609302512468730_37.6542385713914243|127.0610202599500411_37.6543100403441784|127.0612295934649723_37.6543701129946840
2026-09-04T18:34:05.570303+09:00,창동 신경제 중심지,창동 신경제 중심지,POI079,KEY_4,1100069700,노해로75길,1100037004,상계6동우체국,127.0575257719759037_37.6536755591483541,1100039103,노원구보건소,127.0571232861294249_37.6549038277198562,141.0,15.0,서행,127.0571232861294249_37.6549038277198562|127.0572338384282887_37.6545664587634334|127.0573890950643516_37.6540926616434675|127.0575257719759037_37.6536755591483541
2026-09-04T18:34:05.570303+09:00,창동 신경제 중심지,창동 신경제 중심지,POI079,KEY_4,1100069800,노해로75길,1100147500,상계동 739-1,127.0575206901786345_37.6541199193935867,1100037001,상계6동우체국,127.0576567470603919_37.6537047057676091,48.0,18.0,서행,127.0576567470603919_37.6537047057676091|127.0575206901786345_37.6541199193935867
2026-09-04T18:34:05.570303+09:00,창동 신경제 중심지,창동 신경제 중심지,POI079,KEY_4,1100069900,동일로,1100037700,노원역7번출구,127.0599891684443605_37.6542145073474472,1100038700,노원역,127.0604128401212449_37.6547779132650504,77.0,5.0,정체,127.0604128401212449_37.6547779132650504|127.0603608138007559_37.6545463811312402|127.0602407202623709_37.6543485822872128|127.0599891684443605_37.6542145073474472
2026-09-04T18:34:05.570303+09:00,창동 신경제 중심지,창동 신경제 중심지,POI079,KEY_4,1100070000,동일로,1100038900,노원역3번출구,127.0605458327495398_37.6548004858661827,1100038000,노원역4번출구,127.0611922548889794_37.6544740751006302,71.0,19.0,서행,127.0611922548889794_37.6544740751006302|127.0609184791477588_37.6545103362795928|127.0607056837969111_37.6546177196376206|127.0605458327495398_37.6548004858661827
2026-09-04T18:34:05.570303+09:00,창동 신경제 중심지,창동 신경제 중심지,POI079,KEY_4,1100070100,노해로77길,1100090700,상계동 739-1,127.0590171828737880_37.6549643414511834,1100039403,상계동 739-4,127.0589001317584064_37.6552896493156339,38.0,9.0,정체,127.0589001317584064_37.6552896493156339|127.0590171828737880_37.6549643414511834
2026-09-04T18:34:05.570303+09:00,창동 신경제 중심지,창동 신경제 중심지,POI079,KEY_4,1100070200,노해로77길,1100118600,상계동 739-1,127.0593163588078909_37.6545259676868156,1100037501,현대증권빌딩,127.0594668905893343_37.6541075996395733,48.0,11.0,정체,127.0594668905893343_37.6541075996395733|127.0593163588078909_37.6545259676868156
2026-09-04T18:34:05.570303+09:00,창동 신경제 중심지,창동 신경제 중심지,POI079,KEY_4,1100070900,노해로79길,1100038304,롯데백화점(노원점),127.0617632535381034_37.6546037047608451,1100039703,상계동 689-4,127.0613196600456689_37.6558190928418952,140.0,5.0,정체,127.0613196600456689_37.6558190928418952|127.0616408947781792_37.6549389558808443|127.0617632535381034_37.6546037047608451
2026-09-04T18:34:05.570303+09:00,창동 신경제 중심지,창동 신경제 중심지,POI079,KEY_4,1100071000,노해로79길,1100146800,상계동 719-2,127.0617714966166574_37.6549690860650941,1100038301,롯데백화점(노원점),127.0618941423685868_37.6546330462088719,39.0,7.0,정체,127.0618941423685868_37.6546330462088719|127.0617714966166574_37.6549690860650941
2026-09-04T18:34:05.570303+09:00,창동 신경제 중심지,창동 신경제 중심지,POI079,KEY_4,1100072000,상계로1길,1100133400,상계동 689-4,127.0616502907192000_37.6573404427585388,1100039806,성임빌딩,127.0617837261973904_37.6560371069540665,145.0,9.0,정체,127.0617837261973904_37.6560371069540665|127.0617482803136795_37.6563984504689628|127.0617152285937692_37.6567353841633903|127.0616949446273480_37.6569243810628436|127.0616502907192000_37.6573404427585388
2026-09-04T18:34:05.570303+09:00,창동 신경제 중심지,창동 신경제 중심지,POI079,KEY_4,1100072902,상계로5길,1100039909,노원역(서울4호선),127.0640678531407275_37.6565499966003827,1100039903,노원역(서울4호선),127.0635616066518736_37.6569896866315688,103.0,7.0,정체,127.0635616066518736_37.6569896866315688|127.0640509403867071_37.6570758608014131|127.0640678531407275_37.6565499966003827
2026-09-04T18:34:05.570303+09:00,창동 신경제 중심지,창동 신경제 중심지,POI079,KEY_4,1100074000,상계로1길,1100167700,상계동 689-4,127.0615348818948007_37.6584656865977578,1100040801,상계동 689-4,127.0615955129512855_37.6578550941219987,68.0,8.0,정체,127.0615955129512855_37.6578550941219987|127.0615348818948007_37.6584656865977578
2026-09-04T18:34:05.570303+09:00,창동 신경제 중심지,창동 신경제 중심지,POI079,KEY_4,1100075500,상계로1길,1100178200,상계동 689-4,127.0613863709227473_37.6597451288931850,1100042001,상계동 581-197,127.0614905270650326_37.6588970954918310,95.0,7.0,정체,127.0614905270650326_37.6588970954918310|127.0614381565533790_37.6593087331885741|127.0613868385167962_37.6597120938858509|127.0613863709227473_37.6597451288931850
2026-09-04T18:34:05.570303+09:00,창동 신경제 중심지,창동 신경제 중심지,POI079,KEY_4,1100077300,동부간선도로,1100044401,상계지하차도(북측),127.0522391122241714_37.6642428852886084,1100043101,상계지하차도(남측),127.0531634037664475_37.6594394033891433,543.0,34.0,서행,127.0531634037664475_37.6594394033891433|127.0530896532811340_37.6595694518560791|127.0528345285101466_37.6600327439112519|127.0527512557655996_37.6602107466547906|127.0527035847874515_37.6603661692527041|127.0526684596108140_37.6605553847439225|127.0525343977077881_37.6616883204855810|127.0524806923268812_37.6620350293671748|127.0524227298465547_37.6625594171862517|127.0523244570151604_37.6635968936766403|127.0522391122241714_37.6642428852886084
2026-09-04T18:34:05.570303+09:00,창동 신경제 중심지,창동 신경제 중심지,POI079,KEY_4,1100078000,한글비석로.노원로사이길,1100043804,상계10단지앞,127.0562460888175451_37.6614557692127931,1100045603,주공10단지앞,127.0550673599237825_37.6643601268637056,352.0,9.0,정체,127.0550673599237825_37.6643601268637056|127.0554504144861028_37.6628553024751653|127.0554784895449956_37.6627981670721965|127.0555290861939852_37.6627525265908076|127.0559344114023475_37.6625536011732436|127.0559614429086253_37.6625382320294477|127.0559763116342396_37.6625158734342236|127.0562460888175451_37.6614557692127931
2026-09-04T18:34:05.570303+09:00,창동 신경제 중심지,창동 신경제 중심지,POI079,KEY_4,1100078100,한글비석로.노원로사이길,1100045602,주공10단지앞,127.0552086527059714_37.6643501883653471,1100043801,상계10단지앞,127.0563877863022952_37.6614442102939790,352.0,14.0,정체,127.0563877863022952_37.6614442102939790|127.0561057210445455_37.6625526080223949|127.0560666734394744_37.6626113255097437|127.0560097782191491_37.6626436743361026|127.0556177444579902_37.6628360769471300|127.0555964221334904_37.6628553112325264|127.0555813803072311_37.6628859210450528|127.0552086527059714_37.6643501883653471
2026-09-04T18:34:05.570303+09:00,창동 신경제 중심지,창동 신경제 중심지,POI079,KEY_4,1100087400,노해로,1100036201,창동교앞교차로,127.0552628560590733_37.6531854240254873,1100036604,노원구청,127.0562587741318907_37.6533952787963315,91.0,5.5,정체,127.0562587741318907_37.6533952787963315|127.0552628560590733_37.6531854240254873
2026-09-04T18:34:05.570303+09:00,창동 신경제 중심지,창동 신경제 중심지,POI079,KEY_4,1100167900,노해로83길,1100038809,상계동323-18,127.0644139438269349_37.6552035258636266,1100084802,상계동327-3,127.0642491087844803_37.6557419745825896,62.0,17.0,서행,127.0642491087844803_37.6557419745825896|127.0644139438269349_37.6552035258636266
2026-09-04T18:34:05.570303+09:00,창동 신경제 중심지,창동 신경제 중심지,POI079,KEY_4,1100168000,노해로83길,1100084801,상계동327-3,127.0643820535794504_37.6557661415304850,1100038806,상계동323-18,127.0645449282982042_37.6552329602418254,61.0,14.0,정체,127.0645449282982042_37.6552329602418254|127.0643820535794504_37.6557661415304850
2026-09-04T18:34:05.570303+09:00,창동 신경제 중심지,창동 신경제 중심지,POI079,KEY_4,1100169300,노해로81길,1100134900,상계동 615-5,127.0626573457765858_37.6559156520498561,1100084701,상계동615-5,127.0627956316247662_37.6554454342408533,54.0,8.0,정체,127.0627956316247662_37.6554454342408533|127.0626573457765858_37.6559156520498561
2026-09-04T18:34:05.570303+09:00,창동 신경제 중심지,창동 신경제 중심지,POI079,KEY_4,1100169400,노해로81길,1100084702,상계동615-5,127.0626624238591944_37.6554244121967372,1100039804,노원역(서울4호선),127.0624656337716658_37.6560778831310046,75.0,16.0,서행,127.0624656337716658_37.6560778831310046|127.0625250625241307_37.6558905771274866|127.0626624238591944_37.6554244121967372
2026-09-04T18:34:05.570303+09:00,창동 신경제 중심지,창동 신경제 중심지,POI079,KEY_4,1100174501,노해로,1100085704,상계동 719-1,127.0628602342563198_37.6547483301789327,1100038302,롯데백화점(노원점),127.0619324534863210_37.6545300954822153,85.0,11.0,정체,127.0619324534863210_37.6545300954822153|127.0628602342563198_37.6547483301789327
2026-09-04T18:34:05.570303+09:00,창동 신경제 중심지,창동 신경제 중심지,POI079,KEY_4,1100174601,노해로,1100038301,롯데백화점(노원점),127.0618941423685868_37.6546330462088719,1100085705,상계동 719-1,127.0628220961756938_37.6548508193401474,85.0,5.0,정체,127.0628220961756938_37.6548508193401474|127.0618941423685868_37.6546330462088719
2026-09-04T18:34:05.570303+09:00,창동 신경제 중심지,창동 신경제 중심지,POI079,KEY_4,1100174701,노해로,1100038804,한국통신상계,127.0631180288482369_37.6548015342588300,1100085703,상계동 719-1,127.0629790946105118_37.6547750764597851,13.0,17.0,서행,127.0629790946105118_37.6547750764597851|127.0631180288482369_37.6548015342588300
2026-09-04T18:34:05.570303+09:00,창동 신경제 중심지,창동 신경제 중심지,POI079,KEY_4,1100174801,노해로,1100085702,상계동 719-1,127.0629479262245525_37.6548785327898230,1100038805,한국통신상계,127.0630856315116972_37.6549056246647567,13.0,8.0,정체,127.0630856315116972_37.6549056246647567|127.0629479262245525_37.6548785327898230
2026-09-04T18:34:05.570303+09:00,창동 신경제 중심지,창동 신경제 중심지,POI079,KEY_4,1100174901,노해로81길,1100099100,상계동 719-2,127.0627236999809924_37.6551624198149781,1100084702,상계동615-5,127.0626624238591944_37.6554244121967372,30.0,7.0,정체,127.0626624238591944_37.6554244121967372|127.0627189374265527_37.6551775017751922|127.0627236999809924_37.6551624198149781
2026-09-04T18:34:05.570303+09:00,창동 신경제 중심지,창동 신경제 중심지,POI079,KEY_4,1100175001,노해로81길,1100099000,상계동 719-2,127.0628497314139480_37.6551876316153340,1100085702,상계동 719-1,127.0629479262245525_37.6548785327898230,35.0,9.0,정체,127.0629479262245525_37.6548785327898230|127.0628497314139480_37.6551876316153340
2026-09-04T18:34:05.570303+09:00,창동 신경제 중심지,창동 신경제 중심지,POI079,KEY_4,1100175101,상계로3길,1100039805,노원역(서울4호선),127.0624372787817009_37.6561838640661151,1100084603,상계동358-27,127.0623057366666870_37.6567535624191336,64.0,12.0,정체,127.0623057366666870_37.6567535624191336|127.0624372787817009_37.6561838640661151
2026-09-04T18:34:05.570303+09:00,창동 신경제 중심지,창동 신경제 중심지,POI079,KEY_4,1100175201,상계로3길,1100084602,상계동358-27,127.0624343956701523_37.6567723394819467,1100039802,노원역(서울4호선),127.0625678182361469_37.6562131766042825,63.0,12.0,정체,127.0625678182361469_37.6562131766042825|127.0624343956701523_37.6567723394819467
2026-09-04T18:34:05.570303+09:00,창동 신경제 중심지,창동 신경제 중심지,POI079,KEY_4,1100175401,상계로3길,1100085803,상계동 358-27,127.0625982048439795_37.6578902527025861,1100084601,상계동358-27,127.0624185796294512_37.6568807605413056,113.0,10.0,정체,127.0624185796294512_37.6568807605413056|127.0624179095909057_37.6569097680141525|127.0625928662779955_37.6577655585726561|127.0625982048439795_37.6578902527025861
2026-09-04T18:34:05.570303+09:00,창동 신경제 중심지,창동 신경제 중심지,POI079,KEY_4,1100175501,상계로1길,1100085804,상계동 591-23,127.0624768892574679_37.6578730477147872,1100040802,상계동 358-27,127.0616064522038613_37.6577489025194794,78.0,10.0,정체,127.0616064522038613_37.6577489025194794|127.0624768892574679_37.6578730477147872
2026-09-04T18:34:05.570303+09:00,창동 신경제 중심지,창동 신경제 중심지,POI079,KEY_4,1100175601,상계로1길,1100040801,상계동 689-4,127.0615955129512855_37.6578550941219987,1100085805,상계동 358-27,127.0624858941322515_37.6579819113351491,80.0,4.0,정체,127.0624858941322515_37.6579819113351491|127.0615955129512855_37.6578550941219987
2026-09-04T18:34:05.570303+09:00,창동 신경제 중심지,창동 신경제 중심지,POI079,KEY_4,1100175801,노해로83길,1100039907,노원역(서울4호선),127.0642133857384408_37.6564684562337533,1100084801,상계동327-3,127.0643820535794504_37.6557661415304850,79.0,7.0,정체,127.0643820535794504_37.6557661415304850|127.0642966412776644_37.6560694662661248|127.0642133857384408_37.6564684562337533
2026-09-04T18:34:05.570303+09:00,창동 신경제 중심지,창동 신경제 중심지,POI079,KEY_4,1100175901,상계로3길,1100039905,노원역(서울4호선),127.0634069365185468_37.6570838579709033,1100085803,상계동 358-27,127.0625982048439795_37.6578902527025861,173.0,3.0,정체,127.0625982048439795_37.6578902527025861|127.0626958622422791_37.6579039577551100|127.0627553022345921_37.6579176985565311|127.0628443369457869_37.6579597152952061|127.0630645388252589_37.6581092508549489|127.0631083509842227_37.6581296932254901|127.0631226416490307_37.6581094666469198|127.0634069365185468_37.6570838579709033
2026-09-04T18:34:05.570303+09:00,창동 신경제 중심지,창동 신경제 중심지,POI079,KEY_4,1100176301,상계로1길,1100156900,상계동 581-52,127.0620218332388731_37.6588304960798865,1100042002,상계동 689-4,127.0615025806987433_37.6587909756533676,46.0,14.0,정체,127.0615025806987433_37.6587909756533676|127.0617349230349475_37.6588086595681446|127.0620218332388731_37.6588304960798865
2026-09-04T18:34:05.570303+09:00,창동 신경제 중심지,창동 신경제 중심지,POI079,KEY_4,1100176401,상계로1길,1100135100,상계동 581-48,127.0617217468324327_37.6589155227401875,1100085902,상계동 690-3,127.0626532514543925_37.6589897550782453,83.0,16.0,서행,127.0626532514543925_37.6589897550782453|127.0620085000066695_37.6589383751264322|127.0617217468324327_37.6589155227401875
2026-09-04T18:34:05.570303+09:00,청담동 명품거리,청담동 명품거리,POI080,KEY_1,1220033403,선릉로,1220050904,영동고교,127.0395406419754778_37.5217105374167943,1220052203,학동사거리,127.0390906173216194_37.5231203381365219,162.0,22.5,서행,127.0390906173216194_37.5231203381365219|127.0391133064020863_37.5228990829912732|127.0395406419754778_37.5217105374167943
2026-09-04T18:34:05.570303+09:00,청담동 명품거리,청담동 명품거리,POI080,KEY_1,1220033503,선릉로,1220052202,학동사거리,127.0392236802746595_37.5231509477852043,1220050901,영동고교,127.0396699892043557_37.5217435123917369,162.0,6.0,정체,127.0396699892043557_37.5217435123917369|127.0392475112795978_37.5229185559885323|127.0392236802746595_37.5231509477852043
2026-09-04T18:34:05.570303+09:00,청담동 명품거리,청담동 명품거리,POI080,KEY_1,1220034002,삼성로,1220422300,청담동 77-102,127.0477207009805198_37.5234442307542722,1220053003,청담사거리,127.0473345858686827_37.5241777503070679,88.0,19.0,서행,127.0473345858686827_37.5241777503070679|127.0477207009805198_37.5234442307542722
2026-09-04T18:34:05.570303+09:00,청담동 명품거리,청담동 명품거리,POI080,KEY_1,1220034204,도산대로,1220393600,신사동 501-5,127.0382594965785756_37.5229821213989680,1220052204,학동사거리,127.0390861363866435_37.5232347757009777,78.0,10.0,정체,127.0390861363866435_37.5232347757009777|127.0382594965785756_37.5229821213989680
2026-09-04T18:34:05.570303+09:00,청담동 명품거리,청담동 명품거리,POI080,KEY_1,1220034601,도산대로,1220420500,청담동 77,127.0400054812010779_37.5233569151823687,1220052404,청담동 77,127.0413071564451570_37.5235176656433396,116.0,7.0,정체,127.0413071564451570_37.5235176656433396|127.0405339348501172_37.5234221784106481|127.0400054812010779_37.5233569151823687
2026-09-04T18:34:05.570303+09:00,청담동 명품거리,청담동 명품거리,POI080,KEY_1,1220034602,도산대로,1220332800,청담동 77,127.0435213934482874_37.5238023106680032,1220052604,청담동 77,127.0445564869975641_37.5239355211408920,93.0,18.0,서행,127.0445564869975641_37.5239355211408920|127.0435213934482874_37.5238023106680032
2026-09-04T18:34:05.570303+09:00,청담동 명품거리,청담동 명품거리,POI080,KEY_1,1220034603,도산대로,1220276100,청담동 77,127.0463338208116113_37.5241605900114052,1220053004,청담사거리,127.0472792767386068_37.5242802278421408,85.0,43.0,원활,127.0472792767386068_37.5242802278421408|127.0469562705251434_37.5242393555858413|127.0463338208116113_37.5241605900114052
2026-09-04T18:34:05.570303+09:00,청담동 명품거리,청담동 명품거리,POI080,KEY_1,1220034701,도산대로,1220420400,청담동 77,127.0400262819293147_37.5232500722957383,1220052202,학동사거리,127.0392236802746595_37.5231509477852043,72.0,8.0,정체,127.0392236802746595_37.5231509477852043|127.0400262819293147_37.5232500722957383
2026-09-04T18:34:05.570303+09:00,청담동 명품거리,청담동 명품거리,POI080,KEY_1,1220034702,도산대로,1220388200,청담동 77,127.0430425640729339_37.5236311625569741,1220052402,청담동 77,127.0414610013850591_37.5234275992135338,142.0,11.0,정체,127.0414610013850591_37.5234275992135338|127.0430425640729339_37.5236311625569741
2026-09-04T18:34:05.570303+09:00,청담동 명품거리,청담동 명품거리,POI080,KEY_1,1220034703,도산대로,1220334000,청담동 77,127.0455919377749296_37.5239572301738278,1220052602,청담동 77,127.0447121822128764_37.5238458928924103,79.0,6.0,정체,127.0447121822128764_37.5238458928924103|127.0452441209281318_37.5239132131085995|127.0455919377749296_37.5239572301738278
2026-09-04T18:34:05.570303+09:00,청담동 명품거리,청담동 명품거리,POI080,KEY_1,1220034801,도산대로,1220053001,청담사거리,127.0474175095661593_37.5242982591380851,1220053204,송담빌딩,127.0481486203532597_37.5243983508696317,66.0,6.0,정체,127.0481486203532597_37.5243983508696317|127.0474175095661593_37.5242982591380851
2026-09-04T18:34:05.570303+09:00,청담동 명품거리,청담동 명품거리,POI080,KEY_1,1220034901,도산대로,1220419300,청담동 77,127.0488945152498417_37.5243806678289928,1220053002,청담사거리,127.0474721597987724_37.5241960352978836,127.0,9.0,정체,127.0474721597987724_37.5241960352978836|127.0481716169773563_37.5242917934341591|127.0483069155655187_37.5243095041464656|127.0487065910878215_37.5243579088313268|127.0488945152498417_37.5243806678289928
2026-09-04T18:34:05.570303+09:00,청담동 명품거리,청담동 명품거리,POI080,KEY_1,1220035402,선릉로,1220052204,학동사거리,127.0390861363866435_37.5232347757009777,1220053403,신한양빌딩,127.0395014174557389_37.5246137310738916,158.0,9.0,정체,127.0395014174557389_37.5246137310738916|127.0393335370945920_37.5241464881978999|127.0392926724511966_37.5240305434553036|127.0391660322892449_37.5236540272358496|127.0391045399377816_37.5234487055447730|127.0390861363866435_37.5232347757009777
2026-09-04T18:34:05.570303+09:00,청담동 명품거리,청담동 명품거리,POI080,KEY_1,1220035404,선릉로,1220246500,신사동 668-5,127.0403281994726257_37.5269638204885396,1220057303,한양아파트앞교차로,127.0406204313811145_37.5277781125819700,94.0,25.0,원활,127.0406204313811145_37.5277781125819700|127.0403965205514112_37.5271541960037496|127.0403281994726257_37.5269638204885396
2026-09-04T18:34:05.570303+09:00,청담동 명품거리,청담동 명품거리,POI080,KEY_1,1220035501,선릉로,1220052702,키네마극장,127.0394238001620124_37.5240025656407425,1220052201,학동사거리,127.0392244122724463_37.5232604498081272,84.0,21.0,서행,127.0392244122724463_37.5232604498081272|127.0392392010293747_37.5234323545396080|127.0392976430606637_37.5236274895412407|127.0394238001620124_37.5240025656407425
2026-09-04T18:34:05.570303+09:00,청담동 명품거리,청담동 명품거리,POI080,KEY_1,1220035502,선릉로,1220053402,신한양빌딩,127.0396319308838002_37.5245839844116418,1220052701,키네마극장,127.0394640495580632_37.5241167418134012,54.0,14.0,정체,127.0394640495580632_37.5241167418134012|127.0396319308838002_37.5245839844116418
2026-09-04T18:34:05.570303+09:00,청담동 명품거리,청담동 명품거리,POI080,KEY_1,1220035802,압구정로,1220220700,청담동 145,127.0445468381688698_37.5267788078608433,1220056102,갤러리아주유소,127.0438011178044917_37.5269658372789365,69.0,26.0,원활,127.0438011178044917_37.5269658372789365|127.0445468381688698_37.5267788078608433
2026-09-04T18:34:05.570303+09:00,청담동 명품거리,청담동 명품거리,POI080,KEY_1,1220035803,압구정로,1220056103,갤러리아주유소,127.0436709090198946_37.5269988640954608,1220056302,압구정로데오역3번출구,127.0423691118125902_37.5273328330233085,121.0,19.5,서행,127.0423691118125902_37.5273328330233085|127.0431965413789044_37.5271205625181921|127.0436709090198946_37.5269988640954608
2026-09-04T18:34:05.570303+09:00,청담동 명품거리,청담동 명품거리,POI080,KEY_1,1220035804,압구정로,1220056303,압구정로데오역3번출구,127.0422397642238650_37.5273658980511087,1220057302,한양아파트앞교차로,127.0407498452267987_37.5277452900861377,138.0,18.0,서행,127.0407498452267987_37.5277452900861377|127.0422397642238650_37.5273658980511087
2026-09-04T18:34:05.570303+09:00,청담동 명품거리,청담동 명품거리,POI080,KEY_1,1220035901,압구정로,1220054302,갤러리미,127.0470610783825549_37.5249488711662522,1220053001,청담사거리,127.0474175095661593_37.5242982591380851,79.0,14.0,정체,127.0474175095661593_37.5242982591380851|127.0470610783825549_37.5249488711662522
2026-09-04T18:34:05.570303+09:00,청담동 명품거리,청담동 명품거리,POI080,KEY_1,1220035902,압구정로,1220334200,청담동 145,127.0467277844240357_37.5255109620662850,1220054301,갤러리미,127.0470030647285284_37.5250513268144701,57.0,7.0,정체,127.0470030647285284_37.5250513268144701|127.0467277844240357_37.5255109620662850
2026-09-04T18:34:05.570303+09:00,청담동 명품거리,청담동 명품거리,POI080,KEY_1,1220035903,압구정로,1220193500,압구정동 394,127.0432381654295426_37.5272234752543667,1220056104,갤러리아주유소,127.0437125335026849_37.5271017764067949,44.0,13.0,정체,127.0437125335026849_37.5271017764067949|127.0432381654295426_37.5272234752543667
2026-09-04T18:34:05.570303+09:00,청담동 명품거리,청담동 명품거리,POI080,KEY_1,1220036205,압구정로,1220057902,압구정로데오역6번출구,127.0391308114570563_37.5281543012393257,1220058002,뉴스포유,127.0384385465388561_37.5283499106960861,65.0,18.0,서행,127.0384385465388561_37.5283499106960861|127.0391308114570563_37.5281543012393257
2026-09-04T18:34:05.570303+09:00,청담동 명품거리,청담동 명품거리,POI080,KEY_1,1220036206,압구정로,1220235400,신사동 667-35,127.0398194246827615_37.5279804016432124,1220057902,압구정로데오역6번출구,127.0391308114570563_37.5281543012393257,64.0,18.0,서행,127.0391308114570563_37.5281543012393257|127.0398194246827615_37.5279804016432124
2026-09-04T18:34:05.570303+09:00,청담동 명품거리,청담동 명품거리,POI080,KEY_1,1220036305,압구정로,1220058001,뉴스포유,127.0384839451984220_37.5284518029265755,1220057901,압구정로데오역6번출구,127.0391740239717961_37.5282567812238455,65.0,4.0,정체,127.0391740239717961_37.5282567812238455|127.0384839451984220_37.5284518029265755
2026-09-04T18:34:05.570303+09:00,청담동 명품거리,청담동 명품거리,POI080,KEY_1,1220036306,압구정로,1220057901,압구정로데오역6번출구,127.0391740239717961_37.5282567812238455,1220057304,한양아파트앞교차로,127.0406568798343869_37.5278823322351158,138.0,3.0,정체,127.0406568798343869_37.5278823322351158|127.0398604514468985_37.5280834481610981|127.0391740239717961_37.5282567812238455
2026-09-04T18:34:05.570303+09:00,청담동 명품거리,청담동 명품거리,POI080,KEY_1,1220036500,선릉로,1220256600,압구정동 495,127.0411012237221939_37.5287721982316143,1220057301,한양아파트앞교차로,127.0407863594955415_37.5278495043803346,106.0,23.0,서행,127.0407863594955415_37.5278495043803346|127.0411012237221939_37.5287721982316143
2026-09-04T18:34:05.570303+09:00,청담동 명품거리,청담동 명품거리,POI080,KEY_1,1220094100,선릉로148길,1220273700,청담동 77-28,127.0431444223127073_37.5229457315852954,1220052603,청담동 77,127.0445781402144121_37.5238287856286306,217.0,15.5,서행,127.0445781402144121_37.5238287856286306|127.0447120599987159_37.5231471090591455|127.0443800312351357_37.5231044587397022|127.0439681977920259_37.5230515558498112|127.0435562545624606_37.5229986373450899|127.0431444223127073_37.5229457315852954
2026-09-04T18:34:05.570303+09:00,청담동 명품거리,청담동 명품거리,POI080,KEY_1,1220094400,도산대로58길,1220052402,청담동 77,127.0414610013850591_37.5234275992135338,1220052001,금구빌딩,127.0415897599450830_37.5227459992821579,77.0,12.5,정체,127.0415897599450830_37.5227459992821579|127.0414610013850591_37.5234275992135338
2026-09-04T18:34:05.570303+09:00,청담동 명품거리,청담동 명품거리,POI080,KEY_1,1220094500,도산대로58길,1220052004,금구빌딩,127.0414555227100522_37.5227299126895915,1220052403,청담동 77,127.0413269166477477_37.5234106937366789,76.0,14.5,정체,127.0413269166477477_37.5234106937366789|127.0414555227100522_37.5227299126895915
2026-09-04T18:34:05.570303+09:00,청담동 명품거리,청담동 명품거리,POI080,KEY_1,1220095300,선릉로152길,1220319500,청담동 139-1,127.0402782679631741_37.5241051716234963,1220052702,키네마극장,127.0394238001620124_37.5240025656407425,76.0,10.0,정체,127.0394238001620124_37.5240025656407425|127.0402782679631741_37.5241051716234963
2026-09-04T18:34:05.570303+09:00,청담동 명품거리,청담동 명품거리,POI080,KEY_1,1220095400,선릉로152길,1220319400,청담동 139-1,127.0402580301235815_37.5242120839654163,1220052401,청담동 77,127.0414412487968434_37.5235345793648207,176.0,10.0,정체,127.0414412487968434_37.5235345793648207|127.0413128808020531_37.5242458193041557|127.0412157654857310_37.5243077538981922|127.0411093794579500_37.5243143088269946|127.0402580301235815_37.5242120839654163
2026-09-04T18:34:05.570303+09:00,청담동 명품거리,청담동 명품거리,POI080,KEY_1,1220095900,도산대로81길,1220053204,송담빌딩,127.0481486203532597_37.5243983508696317,1220054703,청담동 119-8,127.0478075108107561_37.5250369358867317,77.0,5.0,정체,127.0478075108107561_37.5250369358867317|127.0481486203532597_37.5243983508696317
2026-09-04T18:34:05.570303+09:00,청담동 명품거리,청담동 명품거리,POI080,KEY_1,1220096000,도산대로81길,1220054702,청담동 139-19,127.0479462450272479_37.5250533970465483,1220053201,송담빌딩,127.0482865073313974_37.5244163956772354,77.0,16.0,서행,127.0482865073313974_37.5244163956772354|127.0479462450272479_37.5250533970465483
2026-09-04T18:34:05.570303+09:00,청담동 명품거리,청담동 명품거리,POI080,KEY_1,1220096600,압구정로79길,1220054703,청담동 119-8,127.0478075108107561_37.5250369358867317,1220054302,갤러리미,127.0470610783825549_37.5249488711662522,67.0,12.0,정체,127.0470610783825549_37.5249488711662522|127.0478075108107561_37.5250369358867317
2026-09-04T18:34:05.570303+09:00,청담동 명품거리,청담동 명품거리,POI080,KEY_1,1220096700,압구정로79길,1220054301,갤러리미,127.0470030647285284_37.5250513268144701,1220054704,청담동 118-22,127.0477536352439500_37.5251398799896023,67.0,14.0,정체,127.0477536352439500_37.5251398799896023|127.0470030647285284_37.5250513268144701
2026-09-04T18:34:05.570303+09:00,청담동 명품거리,청담동 명품거리,POI080,KEY_1,1220097400,압구정로79길,1220386200,청담동 139-20,127.0490025359680004_37.5251791459004878,1220054702,청담동 139-19,127.0479462450272479_37.5250533970465483,94.0,14.5,정체,127.0479462450272479_37.5250533970465483|127.0481650432785301_37.5250794452541570|127.0490025359680004_37.5251791459004878
2026-09-04T18:34:05.570303+09:00,청담동 명품거리,청담동 명품거리,POI080,KEY_1,1220097900,압구정로60길,1220206400,청담동 139-2,127.0420188424852199_37.5267405370192932,1220056303,압구정로데오역3번출구,127.0422397642238650_37.5273658980511087,72.0,16.0,서행,127.0422397642238650_37.5273658980511087|127.0420188424852199_37.5267405370192932
2026-09-04T18:34:05.570303+09:00,청담동 명품거리,청담동 명품거리,POI080,KEY_1,1220099600,도산대로81길,1220236300,청담동 139-12,127.0456724149564565_37.5272523241087086,1220057202,청담고등학교,127.0440869789984362_37.5276617362854026,147.0,10.0,정체,127.0440869789984362_37.5276617362854026|127.0455677470908142_37.5272771508824405|127.0456724149564565_37.5272523241087086
2026-09-04T18:34:05.570303+09:00,청담동 명품거리,청담동 명품거리,POI080,KEY_1,1220099700,도산대로81길,1220278300,청담동 117-11,127.0477493139133571_37.5254322932834725,1220054701,청담동 117-41,127.0478919747894366_37.5251562571136645,33.0,13.0,정체,127.0478919747894366_37.5251562571136645|127.0477493139133571_37.5254322932834725
2026-09-04T18:34:05.570303+09:00,청담동 명품거리,청담동 명품거리,POI080,KEY_1,1220100000,압구정로61길,1220057202,청담고등학교,127.0440869789984362_37.5276617362854026,1220056101,갤러리아주유소,127.0438418944384722_37.5270689653471052,69.0,17.5,서행,127.0438418944384722_37.5270689653471052|127.0440869789984362_37.5276617362854026
2026-09-04T18:34:05.570303+09:00,청담동 명품거리,청담동 명품거리,POI080,KEY_1,1220100100,압구정로61길,1220056104,갤러리아주유소,127.0437125335026849_37.5271017764067949,1220057203,청담고등학교,127.0439580323542685_37.5276955526107088,69.0,9.0,정체,127.0439580323542685_37.5276955526107088|127.0437125335026849_37.5271017764067949
2026-09-04T18:34:05.570303+09:00,청담동 명품거리,청담동 명품거리,POI080,KEY_1,1220102200,압구정로61길,1220059202,청담동146,127.0447847882395820_37.5295286080348589,1220057201,청담고등학교,127.0441233321837302_37.5277660190179034,204.0,22.5,서행,127.0441233321837302_37.5277660190179034|127.0441454282712925_37.5278450321291004|127.0447136572623634_37.5293809991963343|127.0447847882395820_37.5295286080348589
2026-09-04T18:34:05.570303+09:00,청담동 명품거리,청담동 명품거리,POI080,KEY_1,1220102300,압구정로61길,1220057204,청담고등학교,127.0439908212839555_37.5277895232034879,1220059203,청담동146,127.0446578851777844_37.5295670242574815,206.0,21.0,서행,127.0446578851777844_37.5295670242574815|127.0445849654173713_37.5294157030726865|127.0440139116746536_37.5278720932492433|127.0439908212839555_37.5277895232034879
2026-09-04T18:34:05.570303+09:00,청량리 제기동 일대 전통시장,청량리 제기동 일대 전통시장,POI081,KEY_2,1050001002,왕산로,1050022501,우리은행청량리중앙지,127.0413432654145964_37.5790337160642736,1050022904,성바오로병원앞교차로,127.0424652197496442_37.5793904239257515,107.0,30.5,원활,127.0424652197496442_37.5793904239257515|127.0413432654145964_37.5790337160642736
2026-09-04T18:34:05.570303+09:00,청량리 제기동 일대 전통시장,청량리 제기동 일대 전통시장,POI081,KEY_2,1050000602,왕산로,1050126800,제기동 65,127.0362189659637409_37.5782333123089956,1050020304,롯데불로장생센터,127.0367530334879262_37.5782346903608229,47.0,18.0,서행,127.0367530334879262_37.5782346903608229|127.0365320150396542_37.5782347589657988|127.0363950854085573_37.5782343662634304|127.0362189659637409_37.5782333123089956
2026-09-04T18:34:05.570303+09:00,청량리 제기동 일대 전통시장,청량리 제기동 일대 전통시장,POI081,KEY_2,1050000603,왕산로,1050146300,경동시장교차로,127.0377568941338069_37.5782291365763186,1050020604,경동시장앞교차로,127.0382626475470005_37.5782304860527674,45.0,30.0,원활,127.0382626475470005_37.5782304860527674|127.0380992447732211_37.5782271168700461|127.0377568941338069_37.5782291365763186
2026-09-04T18:34:05.570303+09:00,청량리 제기동 일대 전통시장,청량리 제기동 일대 전통시장,POI081,KEY_2,1050000701,왕산로,1050020403,거창박물관,127.0363961067295975_37.5781262493958934,1050020202,제기동역앞교차로,127.0350186845859071_37.5781180002810231,122.0,4.0,정체,127.0350186845859071_37.5781180002810231|127.0362199874640794_37.5781251955479050|127.0363961067295975_37.5781262493958934
2026-09-04T18:34:05.570303+09:00,청량리 제기동 일대 전통시장,청량리 제기동 일대 전통시장,POI081,KEY_2,1050000702,왕산로,1050020603,경동시장앞교차로,127.0382559889091851_37.5781221935232352,1050020402,거창박물관,127.0365319622162446_37.5781266396877953,152.0,5.0,정체,127.0365319622162446_37.5781266396877953|127.0367529803449287_37.5781265710830752|127.0368879977427383_37.5781261359952481|127.0377558874124730_37.5781210203146117|127.0381005006231021_37.5781189872597778|127.0382559889091851_37.5781221935232352
2026-09-04T18:34:05.570303+09:00,청량리 제기동 일대 전통시장,청량리 제기동 일대 전통시장,POI081,KEY_2,1050000805,왕산로,1050078400,용두동 237-10,127.0328437287515158_37.5782055282031209,1050020204,제기동역앞교차로,127.0348721570958048_37.5782248982015759,179.0,32.0,원활,127.0348721570958048_37.5782248982015759|127.0342286216703940_37.5782181034275240|127.0340930330730203_37.5782167762136936|127.0333561954754202_37.5782101437556761|127.0328437287515158_37.5782055282031209
2026-09-04T18:34:05.570303+09:00,청량리 제기동 일대 전통시장,청량리 제기동 일대 전통시장,POI081,KEY_2,1050000903,왕산로,1050134300,용두동 237-10,127.0333577323084455_37.5781020315640149,1050019000,용두동 237-10,127.0310923042340221_37.5778729830476337,203.0,7.0,정체,127.0310923042340221_37.5778729830476337|127.0311897460573789_37.5778996024433667|127.0313725461128769_37.5779446496631593|127.0314865147686163_37.5779727357437210|127.0316987920672602_37.5780149121333054|127.0318449369934228_37.5780381337654461|127.0322289141872574_37.5780798528057787|127.0323768897642651_37.5780921361113442|127.0327721188330088_37.5780967572699751|127.0328452663248271_37.5780974162274575|127.0333577323084455_37.5781020315640149
2026-09-04T18:34:05.570303+09:00,청량리 제기동 일대 전통시장,청량리 제기동 일대 전통시장,POI081,KEY_2,1050000904,왕산로,1050020203,제기동역앞교차로,127.0348828212866437_37.5781168818358680,1050020102,제기동역(서울1호선),127.0342304242250435_37.5781099935200587,58.0,6.7,정체,127.0342304242250435_37.5781099935200587|127.0348828212866437_37.5781168818358680
2026-09-04T18:34:05.570303+09:00,청량리 제기동 일대 전통시장,청량리 제기동 일대 전통시장,POI081,KEY_2,1050001001,왕산로,1050058500,제기동 65,127.0401839283384646_37.5786651080944338,1050022504,우리은행청량리중앙지,127.0412171089013640_37.5789936056868541,98.0,30.0,원활,127.0412171089013640_37.5789936056868541|127.0401839283384646_37.5786651080944338
2026-09-04T18:34:05.570303+09:00,청량리 제기동 일대 전통시장,청량리 제기동 일대 전통시장,POI081,KEY_2,1050001102,왕산로,1050106000,용두동 47-1,127.0389112712416306_37.5781951845056170,1050020602,경동시장앞교차로,127.0383924185722861_37.5781286412846640,46.0,6.7,정체,127.0383924185722861_37.5781286412846640|127.0385129351531077_37.5781383554420785|127.0387260227668236_37.5781649344333673|127.0389112712416306_37.5781951845056170
2026-09-04T18:34:05.570303+09:00,청량리 제기동 일대 전통시장,청량리 제기동 일대 전통시장,POI081,KEY_2,1050001201,왕산로,1050157100,청량리동 819,127.0443155962862960_37.5799691385054686,1050023304,청량리역교차로,127.0450836083853687_37.5802111516784834,73.0,10.0,정체,127.0450836083853687_37.5802111516784834|127.0449207607042013_37.5801564626971896|127.0443155962862960_37.5799691385054686
2026-09-04T18:34:05.570303+09:00,청량리 제기동 일대 전통시장,청량리 제기동 일대 전통시장,POI081,KEY_2,1050001300,왕산로,1050125800,전농동 620-67,127.0435716348771962_37.5796223090761288,1050022902,성바오로병원앞교차로,127.0426423168874948_37.5793300644201622,88.0,14.0,정체,127.0426423168874948_37.5793300644201622|127.0435716348771962_37.5796223090761288
2026-09-04T18:34:05.570303+09:00,청량리 제기동 일대 전통시장,청량리 제기동 일대 전통시장,POI081,KEY_2,1050001401,왕산로,1050023301,청량리역교차로,127.0452125325349328_37.5802545562535357,1050023700,청량리역,127.0459363049394881_37.5806812079750898,80.0,16.0,서행,127.0459363049394881_37.5806812079750898|127.0457255197295297_37.5805163728220961|127.0454714752361554_37.5803608251852310|127.0453261446361637_37.5802928641571015|127.0452125325349328_37.5802545562535357
2026-09-04T18:34:05.570303+09:00,청량리 제기동 일대 전통시장,청량리 제기동 일대 전통시장,POI081,KEY_2,1050001501,왕산로,1050034502,청량리역,127.0459964287098984_37.5805780358841730,1050023302,청량리역교차로,127.0452326500566897_37.5801439168176401,84.0,35.3,원활,127.0452326500566897_37.5801439168176401|127.0453873160173117_37.5801960676144873|127.0455476013765690_37.5802710217187794|127.0458149484949075_37.5804347135205106|127.0459964287098984_37.5805780358841730
2026-09-04T18:34:05.570303+09:00,청량리 제기동 일대 전통시장,청량리 제기동 일대 전통시장,POI081,KEY_2,1050001502,왕산로,1050048500,전농동 620-67,127.0464947999503522_37.5810643971102678,1050034501,청량리역,127.0460892333836540_37.5806594998506540,57.0,39.0,원활,127.0460892333836540_37.5806594998506540|127.0463540022838913_37.5809185817681310|127.0464947999503522_37.5810643971102678
2026-09-04T18:34:05.570303+09:00,청량리 제기동 일대 전통시장,청량리 제기동 일대 전통시장,POI081,KEY_2,1050010501,고산자로,1050105600,용두동 47-1,127.0382217953188473_37.5775822640354562,1050020603,경동시장앞교차로,127.0382559889091851_37.5781221935232352,60.0,10.0,정체,127.0382559889091851_37.5781221935232352|127.0382217953188473_37.5775822640354562
2026-09-04T18:34:05.570303+09:00,청량리 제기동 일대 전통시장,청량리 제기동 일대 전통시장,POI081,KEY_2,1050010900,답십리로,1050017604,전농동 673,127.0457576196628935_37.5768828489976059,1050022903,성바오로병원앞교차로,127.0425156165576084_37.5792900196769892,399.0,19.0,서행,127.0425156165576084_37.5792900196769892|127.0426056919961582_37.5791458580297046|127.0430899902156057_37.5785181606433483|127.0432300333997233_37.5783654927604331|127.0433326010899009_37.5782738231559179|127.0435590272505948_37.5781070243800386|127.0441283095776015_37.5777284584770896|127.0443449053242659_37.5776121265381136|127.0457576196628935_37.5768828489976059
2026-09-04T18:34:05.570303+09:00,청량리 제기동 일대 전통시장,청량리 제기동 일대 전통시장,POI081,KEY_2,1050011000,답십리로,1050022902,성바오로병원앞교차로,127.0426423168874948_37.5793300644201622,1050017601,전농동 588-176,127.0458409183235062_37.5769687193368966,392.0,15.0,서행,127.0458409183235062_37.5769687193368966|127.0444198690210698_37.5777022995842671|127.0442100713277256_37.5778149800870054|127.0436487758609871_37.5781882356696144|127.0434296937124969_37.5783496241472719|127.0433358702342588_37.5784334799077229|127.0432029140465886_37.5785784210990315|127.0427246324008195_37.5791983213650767|127.0426423168874948_37.5793300644201622
2026-09-04T18:34:05.570303+09:00,청량리 제기동 일대 전통시장,청량리 제기동 일대 전통시장,POI081,KEY_2,1050012300,정릉천동로,1050205500,최소노드배치점,127.0352557866026046_37.5805209542112593,1050024903,삼일교교차로,127.0358838975770226_37.5827936480942881,258.0,22.0,서행,127.0358838975770226_37.5827936480942881|127.0357438615155417_37.5822893839192602|127.0356813917577767_37.5820644305913447|127.0356167000519463_37.5818314745652486|127.0354643794722023_37.5812829594291102|127.0352557866026046_37.5805209542112593
2026-09-04T18:34:05.570303+09:00,청량리 제기동 일대 전통시장,청량리 제기동 일대 전통시장,POI081,KEY_2,1050012400,정릉천동로,1050161300,제기동 891-2,127.0353295952309054_37.5802826594421475,1050020201,제기동역앞교차로,127.0350088500129999_37.5782260634865750,231.0,16.0,서행,127.0350088500129999_37.5782260634865750|127.0349716319646660_37.5784669023516287|127.0349890060903988_37.5786412323471524|127.0351327525282130_37.5795110371786407|127.0352012851466128_37.5798139264052011|127.0353295952309054_37.5802826594421475
2026-09-04T18:34:05.570303+09:00,청량리 제기동 일대 전통시장,청량리 제기동 일대 전통시장,POI081,KEY_2,1050012500,고산자로,1050050200,제기동 856,127.0385240878603810_37.5824894518006971,1050003703,제기사거리,127.0385501171187173_37.5829003676783273,46.0,11.0,정체,127.0385501171187173_37.5829003676783273|127.0385240878603810_37.5824894518006971
2026-09-04T18:34:05.570303+09:00,청량리 제기동 일대 전통시장,청량리 제기동 일대 전통시장,POI081,KEY_2,1050012600,고산자로,1050101400,제기동 856,127.0384331056866500_37.5788111183911084,1050020601,경동시장앞교차로,127.0383990846547846_37.5782378507115453,64.0,20.7,서행,127.0383990846547846_37.5782378507115453|127.0384331056866500_37.5788111183911084
2026-09-04T18:34:05.570303+09:00,청량리 제기동 일대 전통시장,청량리 제기동 일대 전통시장,POI081,KEY_2,1050013102,홍릉로,1050090300,청량리동 819,127.0443578463446528_37.5826518145000961,1050003803,동대문경찰서앞교차로,127.0442216705502148_37.5830737817513381,48.0,13.0,정체,127.0442216705502148_37.5830737817513381|127.0443578463446528_37.5826518145000961
2026-09-04T18:34:05.570303+09:00,청량리 제기동 일대 전통시장,청량리 제기동 일대 전통시장,POI081,KEY_2,1050013201,홍릉로,1050023900,청량리역2번출구,127.0450753633898699_37.5808453639440785,1050023301,청량리역교차로,127.0452125325349328_37.5802545562535357,67.0,17.0,서행,127.0452125325349328_37.5802545562535357|127.0451539497365872_37.5805498205869384|127.0450753633898699_37.5808453639440785
2026-09-04T18:34:05.570303+09:00,청량리 제기동 일대 전통시장,청량리 제기동 일대 전통시장,POI081,KEY_2,1050013202,홍릉로,1050151800,청량리동 819,127.0449903248618995_37.5811265490759752,1050023900,청량리역2번출구,127.0450753633898699_37.5808453639440785,32.0,15.0,서행,127.0450753633898699_37.5808453639440785|127.0450486820941194_37.5809457078844105|127.0449903248618995_37.5811265490759752
2026-09-04T18:34:05.570303+09:00,청량리 제기동 일대 전통시장,청량리 제기동 일대 전통시장,POI081,KEY_2,1050013500,약령시로,1050048900,제기동 55-11,127.0350291400294651_37.5828772563283451,1050024904,삼일교교차로,127.0359134734853370_37.5829026882320463,78.0,17.0,서행,127.0359134734853370_37.5829026882320463|127.0350291400294651_37.5828772563283451
2026-09-04T18:34:05.570303+09:00,청량리 제기동 일대 전통시장,청량리 제기동 일대 전통시장,POI081,KEY_2,1050013701,약령시로,1050114900,제기동 888-1,127.0366790136575901_37.5829254133888497,1050025004,제기동주민센터,127.0372114253206632_37.5829412517639199,47.0,12.0,정체,127.0372114253206632_37.5829412517639199|127.0366790136575901_37.5829254133888497
2026-09-04T18:34:05.570303+09:00,청량리 제기동 일대 전통시장,청량리 제기동 일대 전통시장,POI081,KEY_2,1050013702,약령시로,1050108800,제기동 852-1,127.0380271771814904_37.5829817223960205,1050003704,제기사거리,127.0385512936609018_37.5830087754357365,46.0,14.0,정체,127.0385512936609018_37.5830087754357365|127.0380271771814904_37.5829817223960205
2026-09-04T18:34:05.570303+09:00,청량리 제기동 일대 전통시장,청량리 제기동 일대 전통시장,POI081,KEY_2,1050013801,약령시로,1050115000,제기동 888-1,127.0366840889514464_37.5828173691781373,1050024902,삼일교교차로,127.0360241678695701_37.5827977342635364,58.0,11.0,정체,127.0360241678695701_37.5827977342635364|127.0366840889514464_37.5828173691781373
2026-09-04T18:34:05.570303+09:00,청량리 제기동 일대 전통시장,청량리 제기동 일대 전통시장,POI081,KEY_2,1050013802,약령시로,1050108900,제기동 852-1,127.0380359706663143_37.5828738295813238,1050025002,제기동주민센터,127.0373532285007769_37.5828385857854954,60.0,6.3,정체,127.0373532285007769_37.5828385857854954|127.0380359706663143_37.5828738295813238
2026-09-04T18:34:05.570303+09:00,청량리 제기동 일대 전통시장,청량리 제기동 일대 전통시장,POI081,KEY_2,1050013901,약령시로,1050116700,제기동 856,127.0392148170582942_37.5830357530155155,1050025204,제기동 856,127.0404427896859261_37.5830841700302614,109.0,8.0,정체,127.0404427896859261_37.5830841700302614|127.0392148170582942_37.5830357530155155
2026-09-04T18:34:05.570303+09:00,청량리 제기동 일대 전통시장,청량리 제기동 일대 전통시장,POI081,KEY_2,1050013902,약령시로,1050098700,제기동 851,127.0435420817761809_37.5831645498471261,1050003804,동대문경찰서앞교차로,127.0441863415581878_37.5831810520431091,57.0,24.0,서행,127.0441863415581878_37.5831810520431091|127.0435420817761809_37.5831645498471261
2026-09-04T18:34:05.570303+09:00,청량리 제기동 일대 전통시장,청량리 제기동 일대 전통시장,POI081,KEY_2,1050014001,약령시로,1050116800,제기동 856,127.0392215406190388_37.5829277664627526,1050003702,제기사거리,127.0386865463234329_37.5829066687372162,47.0,28.0,원활,127.0386865463234329_37.5829066687372162|127.0392215406190388_37.5829277664627526
2026-09-04T18:34:05.570303+09:00,청량리 제기동 일대 전통시장,청량리 제기동 일대 전통시장,POI081,KEY_2,1050014002,약령시로,1050176000,제기동 851,127.0417333242454845_37.5830100259550690,1050025202,제기동 851,127.0405836866488585_37.5829805524707936,102.0,15.3,서행,127.0405836866488585_37.5829805524707936|127.0417333242454845_37.5830100259550690
2026-09-04T18:34:05.570303+09:00,청량리 제기동 일대 전통시장,청량리 제기동 일대 전통시장,POI081,KEY_2,1050014100,약령시로,1050113000,청량리동 341,127.0447216570387070_37.5831596059123498,1050003802,동대문경찰서앞교차로,127.0443568554020004_37.5830895270839775,33.0,21.0,서행,127.0443568554020004_37.5830895270839775|127.0447216570387070_37.5831596059123498
2026-09-04T18:34:05.570303+09:00,청량리 제기동 일대 전통시장,청량리 제기동 일대 전통시장,POI081,KEY_2,1050014800,정릉천동로,1050026302,제1제기교,127.0370689820156684_37.5865134563592207,1050024901,삼일교교차로,127.0360532926812027_37.5829067961363137,410.0,14.0,정체,127.0360532926812027_37.5829067961363137|127.0362840868141774_37.5837924163304962|127.0364223970758530_37.5843231402711382|127.0365653935191546_37.5848428358730189|127.0368585806838979_37.5859083501086104|127.0368601461181015_37.5859140391972204|127.0370123109445331_37.5863739268343124|127.0370689820156684_37.5865134563592207
2026-09-04T18:34:05.570303+09:00,청량리 제기동 일대 전통시장,청량리 제기동 일대 전통시장,POI081,KEY_2,1050015000,고산자로,1050142100,제기동 856,127.0386654248391096_37.5834463439167905,1050003701,제기사거리,127.0386869518905115_37.5830149361830195,48.0,11.5,정체,127.0386869518905115_37.5830149361830195|127.0386654248391096_37.5834463439167905
2026-09-04T18:34:05.570303+09:00,청량리 제기동 일대 전통시장,청량리 제기동 일대 전통시장,POI081,KEY_2,1050015200,홍릉로,1050043600,청량리동 819,127.0441470586146124_37.5837202265381336,1050003801,동대문경찰서앞교차로,127.0443225336728830_37.5831941589460072,60.0,22.5,서행,127.0443225336728830_37.5831941589460072|127.0441470586146124_37.5837202265381336
2026-09-04T18:34:05.570303+09:00,청량리 제기동 일대 전통시장,청량리 제기동 일대 전통시장,POI081,KEY_2,1050038801,왕산로26길,1050017509,롯데캐슬피렌체아파트,127.0363596099260519_37.5768867509562057,1050020403,거창박물관,127.0363961067295975_37.5781262493958934,138.0,9.0,정체,127.0363961067295975_37.5781262493958934|127.0363926283433500_37.5776676586342973|127.0363892401854429_37.5775808494227732|127.0363723353722065_37.5771477220653836|127.0363625354396362_37.5768966303587888|127.0363596099260519_37.5768867509562057
2026-09-04T18:34:05.570303+09:00,청량리 제기동 일대 전통시장,청량리 제기동 일대 전통시장,POI081,KEY_2,1050039400,정릉천동로,1050017505,용두동롯데캐슬피렌체,127.0349257620474077_37.5769109727254005,1050020203,제기동역앞교차로,127.0348828212866437_37.5781168818358680,134.0,22.0,서행,127.0348828212866437_37.5781168818358680|127.0349044161978327_37.5775104349118649|127.0349257620474077_37.5769109727254005
2026-09-04T18:34:05.570303+09:00,청량리 제기동 일대 전통시장,청량리 제기동 일대 전통시장,POI081,KEY_2,1050043000,왕산로40길,1050092800,전농동 620-67,127.0452389886980740_37.5796623142503634,1050023303,청량리역교차로,127.0451025223220682_37.5801001523242419,51.0,9.0,정체,127.0451025223220682_37.5801001523242419|127.0451306248033916_37.5799177490329157|127.0451915069077273_37.5797132983468032|127.0452389886980740_37.5796623142503634
2026-09-04T18:34:05.570303+09:00,청량리 제기동 일대 전통시장,청량리 제기동 일대 전통시장,POI081,KEY_2,1050043100,왕산로40길,1050023302,청량리역교차로,127.0452326500566897_37.5801439168176401,1050034502,청량리역,127.0459964287098984_37.5805780358841730,313.0,12.0,정체,127.0459964287098984_37.5805780358841730|127.0462134258658864_37.5804642171059839|127.0467519950169333_37.5801486599193879|127.0465904637121071_37.5799179657545039|127.0464096144275743_37.5797880929598165|127.0462896809750504_37.5796751734410890|127.0460360832012157_37.5793543331836020|127.0453706247479317_37.5797025411493024|127.0453481299126395_37.5797266950808577|127.0453172628219534_37.5797598387271634|127.0452645517941335_37.5799368537845808|127.0452326500566897_37.5801439168176401
2026-09-04T18:34:05.570303+09:00,청량리 제기동 일대 전통시장,청량리 제기동 일대 전통시장,POI081,KEY_2,1050043700,약령중앙로,1050136600,제기동 852-2,127.0371102410108080_37.5816901819596154,1050025003,제기동주민센터,127.0372164998460960_37.5828332075310030,127.0,13.0,정체,127.0372164998460960_37.5828332075310030|127.0371481924258319_37.5820984291408351|127.0371102410108080_37.5816901819596154
2026-09-04T18:34:05.570303+09:00,청량리 제기동 일대 전통시장,청량리 제기동 일대 전통시장,POI081,KEY_2,1050043800,약령중앙로,1050070200,제기동 852-2,127.0369355547791486_37.5787829052107085,1050020301,롯데불로장생센터,127.0368890032088984_37.5782342522715140,61.0,13.5,정체,127.0368890032088984_37.5782342522715140|127.0369001369950013_37.5784260066059730|127.0369355547791486_37.5787829052107085
2026-09-04T18:34:05.570303+09:00,청량리 제기동 일대 전통시장,청량리 제기동 일대 전통시장,POI081,KEY_2,1050043900,왕산로,1050023900,청량리역2번출구,127.0450753633898699_37.5808453639440785,1050023700,청량리역,127.0459363049394881_37.5806812079750898,89.0,12.0,정체,127.0459363049394881_37.5806812079750898|127.0457671019444490_37.5806231686130943|127.0455753907062331_37.5806137075688440|127.0454166401437845_37.5806233039696735|127.0452968380994321_37.5806448053648339|127.0452159765178664_37.5806686748574208|127.0451438136422837_37.5807199771276288|127.0450753633898699_37.5808453639440785
2026-09-04T18:34:05.570303+09:00,청량리 제기동 일대 전통시장,청량리 제기동 일대 전통시장,POI081,KEY_2,1050044000,경동시장로,1050022504,우리은행청량리중앙지,127.0412171089013640_37.5789936056868541,1050025203,제기동 856,127.0404479224436187_37.5829761201516064,453.0,4.0,정체,127.0404479224436187_37.5829761201516064|127.0405098512004685_37.5809077018177717|127.0405554658246388_37.5803867009460362|127.0405836228622434_37.5802621243739949|127.0412171089013640_37.5789936056868541
2026-09-04T18:34:05.570303+09:00,청량리 제기동 일대 전통시장,청량리 제기동 일대 전통시장,POI081,KEY_2,1050044100,경동시장로,1050025202,제기동 851,127.0405836866488585_37.5829805524707936,1050022501,우리은행청량리중앙지,127.0413432654145964_37.5790337160642736,449.0,8.0,정체,127.0413432654145964_37.5790337160642736|127.0407149128103441_37.5802919597220040|127.0406904784571651_37.5804000684794488|127.0406455938563397_37.5809127502758429|127.0405836866488585_37.5829805524707936
2026-09-04T18:34:05.570303+09:00,청량리 제기동 일대 전통시장,청량리 제기동 일대 전통시장,POI081,KEY_2,1050044600,경동시장로,1050025204,제기동 856,127.0404427896859261_37.5830841700302614,1050026603,홍파초등학교,127.0403012084238696_37.5866159039440646,392.0,18.0,서행,127.0403012084238696_37.5866159039440646|127.0403184677534369_37.5860259300612398|127.0403559575042465_37.5844098204635699|127.0404427896859261_37.5830841700302614
2026-09-04T18:34:05.570303+09:00,청량리 제기동 일대 전통시장,청량리 제기동 일대 전통시장,POI081,KEY_2,1050044700,경동시장로,1050026602,홍파초등학교,127.0404369915547704_37.5866199724589833,1050025201,제기동 851,127.0405785429013292_37.5830885957993956,392.0,10.0,정체,127.0405785429013292_37.5830885957993956|127.0404917522584469_37.5844136329136163|127.0404543019615033_37.5860281856233982|127.0404369915547704_37.5866199724589833
2026-09-04T18:34:05.570303+09:00,청량리 제기동 일대 전통시장,청량리 제기동 일대 전통시장,POI081,KEY_2,1050059900,내부순환도로,1050179100,최소노드배치점,127.0352570949029030_37.5825551594173248,1050012900,마장IC,127.0344965668106454_37.5761957617566935,712.0,7.0,정체,127.0344965668106454_37.5761957617566935|127.0344491702681466_37.5772966870719074|127.0344435741412923_37.5781192801891137|127.0344796246944128_37.5787124796680345|127.0345335200423591_37.5791540194540943|127.0346112952546775_37.5796808600876844|127.0346768953482268_37.5799603111151086|127.0350191756218408_37.5814101648819303|127.0352570949029030_37.5825551594173248
2026-09-04T18:34:05.570303+09:00,청량리 제기동 일대 전통시장,청량리 제기동 일대 전통시장,POI081,KEY_2,1050060101,-,1050036003,전농동127-389,127.0499263689543596_37.5814016936830058,1050037403,청량리역(수인분당선),127.0471606779858860_37.5811540252545413,288.0,20.0,서행,127.0471606779858860_37.5811540252545413|127.0473278168176137_37.5811400190891831|127.0473759430348792_37.5811413305516595|127.0475025711721884_37.5811542089216104|127.0475894915639117_37.5811782025109267|127.0476593937288925_37.5812072007199589|127.0480393625438609_37.5814661039841980|127.0482393918822481_37.5816319286635903|127.0485065989905564_37.5818092770515761|127.0485744130471630_37.5818326335519615|127.0486386899868592_37.5818554130329190|127.0487404980783452_37.5818760821781552|127.0488105330437207_37.5818831098210921|127.0488792111226104_37.5818805559182678|127.0489854936958380_37.5818634984007289|127.0490791331249198_37.5818300560716310|127.0491537006067517_37.5817897803673446|127.0499263689543596_37.5814016936830058
2026-09-04T18:34:05.570303+09:00,청량리 제기동 일대 전통시장,청량리 제기동 일대 전통시장,POI081,KEY_2,1050060201,-,1050037402,청량리역(수인분당선),127.0471671635029765_37.5812520714926137,1050036004,전농동127-389,127.0499983666957178_37.5814941008551173,293.0,14.0,정체,127.0499983666957178_37.5814941008551173|127.0491763974471553_37.5818997182524726|127.0491004748329402_37.5819298484461868|127.0490430204891226_37.5819493464040448|127.0489579426685083_37.5819715551703055|127.0488771840946782_37.5819819500620511|127.0488163090418112_37.5819817166671228|127.0487193550828380_37.5819779662423628|127.0486366391591844_37.5819607499304880|127.0485426382687422_37.5819367302948706|127.0484388505621496_37.5818923926919268|127.0481321778835451_37.5816861626856848|127.0479159156196118_37.5815123886431479|127.0475457612450043_37.5812692961718327|127.0474814676848894_37.5812493335069817|127.0474086008562153_37.5812422935980166|127.0473427885541184_37.5812392241968638|127.0472500176778254_37.5812461927108643|127.0471671635029765_37.5812520714926137
2026-09-04T18:34:05.570303+09:00,해방촌·경리단길,해방촌·경리단길,POI082,KEY_3,1020011903,녹사평대로,1020026002,이태원지하차도,126.9868116742945574_37.5363328242444823,1020028303,재정관리단앞교차로,126.9867451943054704_37.5383435465004709,224.0,25.0,원활,126.9867451943054704_37.5383435465004709|126.9866790861609331_37.5379776086191654|126.9866715093699838_37.5377196225374448|126.9866809795197611_37.5374744033153647|126.9866829093340925_37.5374244326751736|126.9867579204266832_37.5367885280276852|126.9868116742945574_37.5363328242444823
2026-09-04T18:34:05.570303+09:00,해방촌·경리단길,해방촌·경리단길,POI082,KEY_3,1020015000,회나무로,1020099800,이태원동 304-4,126.9886622424707525_37.5388582477845034,1020028302,재정관리단앞교차로,126.9868728727705331_37.5382909807264369,172.0,18.0,서행,126.9868728727705331_37.5382909807264369|126.9870379365778064_37.5382894090684971|126.9872177584471302_37.5383221593059204|126.9876117945158995_37.5384384195195295|126.9881427963085230_37.5386249180070450|126.9885780415344669_37.5388089154147053|126.9886622424707525_37.5388582477845034
2026-09-04T18:34:05.570303+09:00,해방촌·경리단길,해방촌·경리단길,POI082,KEY_3,1020015702,녹사평대로,1020028304,재정관리단앞교차로,126.9868014972725092_37.5386413609384206,1020029801,남산2호터널지하차도(남측),126.9880584405187562_37.5419881693523365,388.0,10.0,정체,126.9880584405187562_37.5419881693523365|126.9877986497125733_37.5413125110144321|126.9875498051758598_37.5406653094598894|126.9873701670335180_37.5402197026677626|126.9873034215915197_37.5400541338267928|126.9870673703858444_37.5394685786494975|126.9869350653526254_37.5391403748739023|126.9869241553577126_37.5391133107524411|126.9868014972725092_37.5386413609384206
2026-09-04T18:34:05.570303+09:00,해방촌·경리단길,해방촌·경리단길,POI082,KEY_3,1020015801,녹사평대로,1020065200,이태원동 685,126.9870643464237645_37.5391073289917188,1020028301,재정관리단앞교차로,126.9868922851884747_37.5383989232431858,80.0,46.5,원활,126.9868922851884747_37.5383989232431858|126.9869259230508476_37.5385866123729457|126.9870556490550086_37.5390857537338931|126.9870643464237645_37.5391073289917188
2026-09-04T18:34:05.570303+09:00,해방촌·경리단길,해방촌·경리단길,POI082,KEY_3,1020016901,신흥로,1020191300,용산동2가 18-2,126.9860049971300100_37.5454163852097054,1020032202,해방촌오거리,126.9853598311598830_37.5457921931329466,71.0,14.3,정체,126.9853598311598830_37.5457921931329466|126.9855691282656949_37.5457147141711900|126.9856022324781719_37.5456920562460326|126.9860049971300100_37.5454163852097054
2026-09-04T18:34:05.570303+09:00,해방촌·경리단길,해방촌·경리단길,POI082,KEY_3,1020016902,소월로20길,1020032204,해방촌오거리,126.9852831271626599_37.5459398212019693,1020032504,용산2가동주민센터앞교차로,126.9851223484754286_37.5465573437204512,71.0,14.0,정체,126.9851223484754286_37.5465573437204512|126.9851464015547862_37.5464616656656602|126.9852404969048507_37.5463259230407260|126.9852837713250295_37.5459635844615391|126.9852831271626599_37.5459398212019693
2026-09-04T18:34:05.570303+09:00,해방촌·경리단길,해방촌·경리단길,POI082,KEY_3,1020017002,신흥로,1020046800,용산동2가 45-16,126.9875544530639218_37.5424716848103230,1020028304,재정관리단앞교차로,126.9868014972725092_37.5386413609384206,440.0,14.7,정체,126.9868014972725092_37.5386413609384206|126.9867113647514145_37.5389657094815306|126.9866271706916052_37.5393079157990144|126.9865735456826030_37.5395258726953713|126.9865618560741041_37.5396150055004227|126.9865756752825234_37.5397207952903855|126.9866726034883584_37.5400718647083238|126.9868966945001745_37.5405598127963955|126.9869836970594150_37.5408346985654759|126.9872201539195231_37.5413974276192022|126.9872239610144504_37.5414096617493271|126.9873176908194239_37.5417108619235762|126.9874712155967700_37.5422042074613316|126.9875544530639218_37.5424716848103230
2026-09-04T18:34:05.570303+09:00,해방촌·경리단길,해방촌·경리단길,POI082,KEY_3,1020017003,소월로20길,1020032503,용산2가동주민센터앞교차로,126.9852924555416394_37.5464747175834503,1020032201,해방촌오거리,126.9854176004788400_37.5458900415257588,67.0,6.0,정체,126.9854176004788400_37.5458900415257588|126.9854197016928907_37.5459675495017891|126.9853730083114414_37.5463585106443389|126.9852924555416394_37.5464747175834503
2026-09-04T18:34:05.570303+09:00,해방촌·경리단길,해방촌·경리단길,POI082,KEY_3,1020017601,녹사평대로58길,1020030902,주공이태원아파트,126.9890205413680206_37.5433967778131361,1020038300,이태원주공아파트105동,126.9885630019689273_37.5429566236067345,63.0,43.0,원활,126.9885630019689273_37.5429566236067345|126.9890205413680206_37.5433967778131361
2026-09-04T18:34:05.570303+09:00,해방촌·경리단길,해방촌·경리단길,POI082,KEY_3,1020018400,신흥로,1020180700,용산동2가 1-1600,126.9824734614724235_37.5446883683947803,1020032203,해방촌오거리,126.9852246416165826_37.5458422381929395,305.0,12.0,정체,126.9852246416165826_37.5458422381929395|126.9851109695849374_37.5457644329875748|126.9849640542287830_37.5456474178329813|126.9848578594547632_37.5455243854437128|126.9846662180806760_37.5451642034092785|126.9846095453935959_37.5450974743415458|126.9844754338979413_37.5450337903787315|126.9841448941342605_37.5449677149289158|126.9834261944490663_37.5447995195147044|126.9833705983433845_37.5447980836145234|126.9832401625668012_37.5448257591879653|126.9829850632019799_37.5449045988834627|126.9828958861069026_37.5449045860000936|126.9827806661271694_37.5448786916551640|126.9824734614724235_37.5446883683947803
2026-09-04T18:34:05.570303+09:00,해방촌·경리단길,해방촌·경리단길,POI082,KEY_3,1020019100,소월로,1020197900,용산동2가 48-5,126.9873684771307438_37.5459531342061368,1020032503,용산2가동주민센터앞교차로,126.9852924555416394_37.5464747175834503,193.0,41.0,원활,126.9852924555416394_37.5464747175834503|126.9854160959703222_37.5464172539021490|126.9856026132817277_37.5463430281642374|126.9859444255285581_37.5462580240463808|126.9873565735092455_37.5459537252957105|126.9873684771307438_37.5459531342061368
2026-09-04T18:34:05.570303+09:00,해방촌·경리단길,해방촌·경리단길,POI082,KEY_3,1020020600,소월로,1020202300,최소노드배치점,126.9837884104005923_37.5493862278245416,1020032501,용산2가동주민센터앞교차로,126.9852054592412998_37.5466428470561624,347.0,32.3,원활,126.9852054592412998_37.5466428470561624|126.9847717560129610_37.5469101027995720|126.9845864439278529_37.5470281015069958|126.9845268187721672_37.5471032424247397|126.9844952209674034_37.5472121780575918|126.9844980284595692_37.5480374474067204|126.9844853903748287_37.5481855176849422|126.9844160179153931_37.5483837291718459|126.9842770429615655_37.5486147709639155|126.9839523254951814_37.5490296975246878|126.9837884104005923_37.5493862278245416
2026-09-04T18:34:05.570303+09:00,해방촌·경리단길,해방촌·경리단길,POI082,KEY_3,1020021101,녹사평대로,1020029801,남산2호터널지하차도(남측),126.9880584405187562_37.5419881693523365,1020030702,남산3호터널(남측),126.9884022250705016_37.5441768004450580,248.0,8.0,정체,126.9884022250705016_37.5441768004450580|126.9884707342777546_37.5437822058713024|126.9884891708638435_37.5434134105737201|126.9884317961847557_37.5429844688311434|126.9883423732940742_37.5427173217743189|126.9881927118278497_37.5423329861134789|126.9880584405187562_37.5419881693523365
2026-09-04T18:34:05.570303+09:00,해방촌·경리단길,해방촌·경리단길,POI082,KEY_3,1020021201,녹사평대로,1020030701,남산3호터널(남측),126.9885345116869644_37.5441997782690322,1020038300,이태원주공아파트105동,126.9885630019689273_37.5429566236067345,139.0,54.0,원활,126.9885630019689273_37.5429566236067345|126.9886252484286189_37.5434097368701032|126.9886061462605227_37.5437918660155177|126.9885345116869644_37.5441997782690322
2026-09-04T18:34:05.570303+09:00,해방촌·경리단길,해방촌·경리단길,POI082,KEY_3,1020047100,녹사평대로,1020029801,남산2호터널지하차도(남측),126.9880584405187562_37.5419881693523365,1020031300,남산2호터널지하차도(북측),126.9893791606359770_37.5439513185613407,253.0,10.0,정체,126.9893791606359770_37.5439513185613407|126.9883602227382369_37.5429687555737317|126.9882771228937486_37.5427322935318131|126.9880584405187562_37.5419881693523365
2026-09-04T18:34:05.570303+09:00,DDP(동대문디자인플라자),DDP(동대문디자인플라자),POI083,KEY_4,1010010601,마른내로,1010134000,광희동1가 235-6,127.0062746188617808_37.5646055130078267,1010023000,광희동1가169-1,127.0066022342274863_37.5645458036535800,30.0,12.3,정체,127.0066022342274863_37.5645458036535800|127.0063686118675577_37.5645902274929711|127.0062746188617808_37.5646055130078267
2026-09-04T18:34:05.570303+09:00,DDP(동대문디자인플라자),DDP(동대문디자인플라자),POI083,KEY_4,1010011501,을지로,1010025400,한양공고앞,127.0104615863536850_37.5651414229202487,1010025702,동대문역사문화공원역앞교차로,127.0098092568797057_37.5653495503264523,62.0,6.0,정체,127.0098092568797057_37.5653495503264523|127.0104018007762932_37.5651601202690344|127.0104615863536850_37.5651414229202487
2026-09-04T18:34:05.570303+09:00,DDP(동대문디자인플라자),DDP(동대문디자인플라자),POI083,KEY_4,1010011602,을지로,1010025701,동대문역사문화공원역앞교차로,127.0098839022084150_37.5654422003783637,1010024401,한양공고앞,127.0114159293672458_37.5649391116953026,146.0,22.0,서행,127.0114159293672458_37.5649391116953026|127.0111804215872553_37.5650327842942460|127.0105112526830311_37.5652420552738704|127.0104519446709617_37.5652606030398672|127.0098839022084150_37.5654422003783637
2026-09-04T18:34:05.570303+09:00,DDP(동대문디자인플라자),DDP(동대문디자인플라자),POI083,KEY_4,1010011901,장충단로,1010022104,광희동사거리,127.0071286778296695_37.5642723681278099,1010024100,광희동2가9,127.0072910181171153_37.5647498099421497,55.0,12.0,정체,127.0072910181171153_37.5647498099421497|127.0072564348693760_37.5646568662029168|127.0071286778296695_37.5642723681278099
2026-09-04T18:34:05.570303+09:00,DDP(동대문디자인플라자),DDP(동대문디자인플라자),POI083,KEY_4,1010011902,장충단로,1010024100,광희동2가9,127.0072910181171153_37.5647498099421497,1010025603,동대문역사문화공원,127.0075096102102208_37.5653372838946922,68.0,10.0,정체,127.0075096102102208_37.5653372838946922|127.0072910181171153_37.5647498099421497
2026-09-04T18:34:05.570303+09:00,DDP(동대문디자인플라자),DDP(동대문디자인플라자),POI083,KEY_4,1010011904,장충단로,1010026800,동대문역사문화공원,127.0076027310937263_37.5655895835695972,1010027503,동대문역사문화공원앞교차로,127.0077423203471056_37.5659686340729024,44.0,12.0,정체,127.0077423203471056_37.5659686340729024|127.0076027310937263_37.5655895835695972
2026-09-04T18:34:05.570303+09:00,DDP(동대문디자인플라자),DDP(동대문디자인플라자),POI083,KEY_4,1010012001,장충단로,1010023800,광희동2가9,127.0074212496598989_37.5647191039854818,1010022101,광희동사거리,127.0072731356478073_37.5642842960486263,50.0,17.0,서행,127.0072731356478073_37.5642842960486263|127.0073872334830867_37.5646276838331019|127.0074212496598989_37.5647191039854818
2026-09-04T18:34:05.570303+09:00,DDP(동대문디자인플라자),DDP(동대문디자인플라자),POI083,KEY_4,1010012002,장충단로,1010025602,동대문역사문화공원,127.0076398432787244_37.5653065784687641,1010023800,광희동2가9,127.0074212496598989_37.5647191039854818,68.0,17.0,서행,127.0074212496598989_37.5647191039854818|127.0076398432787244_37.5653065784687641
2026-09-04T18:34:05.570303+09:00,DDP(동대문디자인플라자),DDP(동대문디자인플라자),POI083,KEY_4,1010012004,장충단로,1010027502,동대문역사문화공원앞교차로,127.0078734506891323_37.5659403597718651,1010026500,동대문역사문화공원,127.0077330726616651_37.5655591691889441,44.0,4.0,정체,127.0077330726616651_37.5655591691889441|127.0078734506891323_37.5659403597718651
2026-09-04T18:34:05.570303+09:00,DDP(동대문디자인플라자),DDP(동대문디자인플라자),POI083,KEY_4,1010013301,을지로,1010026900,동대문역사문화공원,127.0084142117340065_37.5657933815894935,1010027502,동대문역사문화공원앞교차로,127.0078734506891323_37.5659403597718651,51.0,14.0,정체,127.0078734506891323_37.5659403597718651|127.0080862909446040_37.5658896606162571|127.0084142117340065_37.5657933815894935
2026-09-04T18:34:05.570303+09:00,DDP(동대문디자인플라자),DDP(동대문디자인플라자),POI083,KEY_4,1010013302,을지로,1010080900,을지로7가 112-3,127.0088653110683481_37.5656507823329591,1010026900,동대문역사문화공원,127.0084142117340065_37.5657933815894935,43.0,12.0,정체,127.0084142117340065_37.5657933815894935|127.0084667296888910_37.5657779617922074|127.0088653110683481_37.5656507823329591
2026-09-04T18:34:05.570303+09:00,DDP(동대문디자인플라자),DDP(동대문디자인플라자),POI083,KEY_4,1010013401,을지로,1010027501,동대문역사문화공원앞교차로,127.0079126423696891_37.5660438810911330,1010025704,동대문역사문화공원역앞교차로,127.0097555715754112_37.5654831945412937,174.0,9.0,정체,127.0097555715754112_37.5654831945412937|127.0096128053100841_37.5655287500039421|127.0089158485056231_37.5657511395251831|127.0085155097829670_37.5658788797530079|127.0084612158882180_37.5658948204746821|127.0081293049191800_37.5659922730020028|127.0079126423696891_37.5660438810911330
2026-09-04T18:34:05.570303+09:00,DDP(동대문디자인플라자),DDP(동대문디자인플라자),POI083,KEY_4,1010014502,을지로45길,1010025704,동대문역사문화공원역앞교차로,127.0097555715754112_37.5654831945412937,1010031203,신당동 251-159,127.0125199832589118_37.5670528209413206,317.0,5.0,정체,127.0125199832589118_37.5670528209413206|127.0124748534802706_37.5669451006742108|127.0123969525654672_37.5668174774060688|127.0123025116707964_37.5666983314770420|127.0121971172845576_37.5665907571920030|127.0120637838956981_37.5664864490764074|127.0119132422724846_37.5664083993704807|127.0117389300272777_37.5663307203448511|127.0115558621243821_37.5662698698201609|127.0113306725807121_37.5662120107637136|127.0106272887382772_37.5660711531911673|127.0104211268278505_37.5660237206134866|127.0102552544842212_37.5659567055388024|127.0101066121111302_37.5658730843004420|127.0099898103265588_37.5657739315167234|127.0097555715754112_37.5654831945412937
2026-09-04T18:34:05.570303+09:00,DDP(동대문디자인플라자),DDP(동대문디자인플라자),POI083,KEY_4,1010014503,을지로45길,1010031204,신당동 251-159,127.0125599243742585_37.5672394044600324,1010031813,운동장평화시장,127.0124984243057042_37.5678383411287697,68.0,13.0,정체,127.0124984243057042_37.5678383411287697|127.0125278070149193_37.5678140109252396|127.0125545329192533_37.5677608060890265|127.0125807604174355_37.5676720254815848|127.0125874088479208_37.5675818531156409|127.0125803643056344_37.5674031656770779|127.0125599243742585_37.5672394044600324
2026-09-04T18:34:05.570303+09:00,DDP(동대문디자인플라자),DDP(동대문디자인플라자),POI083,KEY_4,1010014602,을지로45길,1010031202,신당동 251-159,127.0126037267031904_37.5669109428648440,1010025701,동대문역사문화공원역앞교차로,127.0098839022084150_37.5654422003783637,305.0,7.0,정체,127.0098839022084150_37.5654422003783637|127.0100974157430329_37.5657072126138019|127.0101962625768266_37.5657911237929127|127.0103255593623715_37.5658638616798513|127.0104711638876438_37.5659226884021962|127.0106627259196870_37.5659667614976271|127.0113681429240273_37.5661080259160514|127.0116029740556911_37.5661683625948655|127.0117984706255356_37.5662333437737743|127.0119835625390436_37.5663158266306780|127.0121493010753682_37.5664017556969796|127.0122987151525393_37.5665186435508005|127.0124137776696784_37.5666360853386863|127.0125158379894970_37.5667648439987900|127.0126009014704351_37.5669041991938073|127.0126037267031904_37.5669109428648440
2026-09-04T18:34:05.570303+09:00,DDP(동대문디자인플라자),DDP(동대문디자인플라자),POI083,KEY_4,1010014603,을지로45길,1010031812,운동장평화시장,127.0126485643679786_37.5678648322467907,1010031201,신당동 199-6,127.0126632942662184_37.5670642770788277,90.0,5.0,정체,127.0126632942662184_37.5670642770788277|127.0126915510936527_37.5672094829220882|127.0127159720722574_37.5673958521818534|127.0127233647992000_37.5675833278878599|127.0127156707868608_37.5676876829484456|127.0126844296511024_37.5677934334783714|127.0126485643679786_37.5678648322467907
2026-09-04T18:34:05.570303+09:00,DDP(동대문디자인플라자),DDP(동대문디자인플라자),POI083,KEY_4,1010014905,을지로,1010027503,동대문역사문화공원앞교차로,127.0077423203471056_37.5659686340729024,1010027300,동대문역사문화공원,127.0072093223593868_37.5660721727252351,48.0,7.0,정체,127.0072093223593868_37.5660721727252351|127.0077423203471056_37.5659686340729024
2026-09-04T18:34:05.570303+09:00,DDP(동대문디자인플라자),DDP(동대문디자인플라자),POI083,KEY_4,1010015005,을지로,1010028100,동대문역사문화공원,127.0072415247333453_37.5661772097702809,1010027504,동대문역사문화공원앞교차로,127.0077815127893501_37.5660723132225556,49.0,30.0,원활,127.0077815127893501_37.5660723132225556|127.0072415247333453_37.5661772097702809
2026-09-04T18:34:05.570303+09:00,DDP(동대문디자인플라자),DDP(동대문디자인플라자),POI083,KEY_4,1010017301,장충단로,1010027504,동대문역사문화공원앞교차로,127.0077815127893501_37.5660723132225556,1010028800,동대문역사문화공원,127.0080565712496110_37.5666288866091591,67.0,6.0,정체,127.0080565712496110_37.5666288866091591|127.0079624699871488_37.5664856769850175|127.0078715207442457_37.5663037548790442|127.0077815127893501_37.5660723132225556
2026-09-04T18:34:05.570303+09:00,DDP(동대문디자인플라자),DDP(동대문디자인플라자),POI083,KEY_4,1010017302,장충단로,1010143800,을지로6가 18-11,127.0082819372846643_37.5669476563761933,1010031703,을지로6가 18-11,127.0088451603658086_37.5677293203079117,100.0,13.0,정체,127.0088451603658086_37.5677293203079117|127.0082819372846643_37.5669476563761933
2026-09-04T18:34:05.570303+09:00,DDP(동대문디자인플라자),DDP(동대문디자인플라자),POI083,KEY_4,1010017303,장충단로,1010151400,을지로6가 18-11,127.0092239635291378_37.5682916548078154,1010033603,흥인시장,127.0095744381944343_37.5688379054322823,68.0,27.0,원활,127.0095744381944343_37.5688379054322823|127.0095441539168775_37.5687836818919578|127.0094685009096480_37.5686576314897209|127.0092239635291378_37.5682916548078154
2026-09-04T18:34:05.570303+09:00,DDP(동대문디자인플라자),DDP(동대문디자인플라자),POI083,KEY_4,1010017401,장충단로,1010031702,을지로6가 18-198,127.0089629856017694_37.5676755281945915,1010027501,동대문역사문화공원앞교차로,127.0079126423696891_37.5660438810911330,204.0,14.0,정체,127.0079126423696891_37.5660438810911330|127.0079996952631092_37.5662677235432056|127.0080860788338697_37.5664405124682617|127.0081769300446410_37.5665787757523901|127.0082204295207475_37.5666449752098757|127.0083997623679863_37.5668938645087991|127.0089629856017694_37.5676755281945915
2026-09-04T18:34:05.570303+09:00,DDP(동대문디자인플라자),DDP(동대문디자인플라자),POI083,KEY_4,1010017402,장충단로,1010033602,흥인시장,127.0096784540469628_37.5687579872561841,1010031701,을지로6가 18-11,127.0090328345347217_37.5677753546081874,123.0,5.0,정체,127.0090328345347217_37.5677753546081874|127.0093438877200214_37.5682408851308693|127.0095898005743607_37.5686089201824345|127.0096675199618375_37.5687384094390211|127.0096784540469628_37.5687579872561841
2026-09-04T18:34:05.570303+09:00,DDP(동대문디자인플라자),DDP(동대문디자인플라자),POI083,KEY_4,1010017405,장충단로,1010034701,청계6가사거리,127.0098099727011487_37.5696292980751281,1010033601,흥인시장,127.0097254442646317_37.5688636970958783,86.0,3.0,정체,127.0097254442646317_37.5688636970958783|127.0097710903643389_37.5690379675287076|127.0098052651739948_37.5692398786983972|127.0098225114876840_37.5694298296446618|127.0098099727011487_37.5696292980751281
2026-09-04T18:34:05.570303+09:00,DDP(동대문디자인플라자),DDP(동대문디자인플라자),POI083,KEY_4,1010017900,마장로,1010031811,운동장평화시장,127.0125602184103286_37.5679573189645097,1010032004,흥인사거리,127.0159347353495747_37.5680686203623893,300.0,10.0,정체,127.0159347353495747_37.5680686203623893|127.0156884666647272_37.5680616007632224|127.0144660810207995_37.5680903184376831|127.0138825710250785_37.5680999453562308|127.0137456855287041_37.5680989709988395|127.0136150764297582_37.5680980411691650|127.0132103478226497_37.5680672217406553|127.0129104055784666_37.5680323170113368|127.0127590991973818_37.5680014116303767|127.0127288182885081_37.5679952265176880|127.0125602184103286_37.5679573189645097
2026-09-04T18:34:05.570303+09:00,DDP(동대문디자인플라자),DDP(동대문디자인플라자),POI083,KEY_4,1010018000,마장로,1010140800,신당동 208-5,127.0127928615110591_37.5678966848153522,1010031812,운동장평화시장,127.0126485643679786_37.5678648322467907,13.0,3.0,정체,127.0126485643679786_37.5678648322467907|127.0127641662878943_37.5678908234252873|127.0127928615110591_37.5678966848153522
2026-09-04T18:34:05.570303+09:00,DDP(동대문디자인플라자),DDP(동대문디자인플라자),POI083,KEY_4,1010018701,마장로,1010152800,신당동 204-97,127.0117072992637475_37.5679805134442333,1010031814,운동장평화시장,127.0124154726912309_37.5679435535466197,63.0,30.0,원활,127.0124154726912309_37.5679435535466197|127.0122590074739151_37.5679378566801887|127.0120605595701875_37.5679355192139823|127.0119126210582579_37.5679377984365175|127.0117849221734048_37.5679599090739913|127.0117072992637475_37.5679805134442333
2026-09-04T18:34:05.570303+09:00,DDP(동대문디자인플라자),DDP(동대문디자인플라자),POI083,KEY_4,1010018702,마장로,1010033601,흥인시장,127.0097254442646317_37.5688636970958783,1010031806,신당동 220-37,127.0108933564805653_37.5683374957941965,119.0,7.0,정체,127.0108933564805653_37.5683374957941965|127.0103128324394817_37.5685983229940632|127.0098862405464928_37.5687745410715479|127.0097254442646317_37.5688636970958783
2026-09-04T18:34:05.570303+09:00,DDP(동대문디자인플라자),DDP(동대문디자인플라자),POI083,KEY_4,1010018801,마장로,1010031805,신당동 222-3,127.0108265877144618_37.5682433405487259,1010033602,흥인시장,127.0096784540469628_37.5687579872561841,117.0,7.0,정체,127.0096784540469628_37.5687579872561841|127.0098158423830341_37.5686818101705882|127.0102481441824267_37.5685032330426054|127.0108265877144618_37.5682433405487259
2026-09-04T18:34:05.570303+09:00,DDP(동대문디자인플라자),DDP(동대문디자인플라자),POI083,KEY_4,1010018802,마장로,1010031813,운동장평화시장,127.0124984243057042_37.5678383411287697,1010031804,신당동 204-25,127.0109614857434366_37.5681827306582221,145.0,10.0,정체,127.0109614857434366_37.5681827306582221|127.0116044562520585_37.5678938389136974|127.0116643298441801_37.5678779462685810|127.0117488970436739_37.5678554989719800|127.0118967207613707_37.5678299039982804|127.0120602489677566_37.5678273844402426|127.0122631167441938_37.5678297737057392|127.0124984243057042_37.5678383411287697
2026-09-04T18:34:05.570303+09:00,DDP(동대문디자인플라자),DDP(동대문디자인플라자),POI083,KEY_4,1010018902,마장로1길,1010031814,운동장평화시장,127.0124154726912309_37.5679435535466197,1010031809,신당동222-8,127.0122750629742399_37.5683759183048167,50.0,5.0,정체,127.0122750629742399_37.5683759183048167|127.0123180657187021_37.5681383238811932|127.0123497877902849_37.5680414779446536|127.0124154726912309_37.5679435535466197
2026-09-04T18:34:05.570303+09:00,DDP(동대문디자인플라자),DDP(동대문디자인플라자),POI083,KEY_4,1010019001,마장로1길,1010031808,신당동222-8,127.0124095059075984_37.5683913354501371,1010031811,운동장평화시장,127.0125602184103286_37.5679573189645097,51.0,21.0,서행,127.0125602184103286_37.5679573189645097|127.0124771732185138_37.5680811245796917|127.0124514225665706_37.5681597391732680|127.0124095059075984_37.5683913354501371
2026-09-04T18:34:05.570303+09:00,DDP(동대문디자인플라자),DDP(동대문디자인플라자),POI083,KEY_4,1010037500,퇴계로,1010022000,광희동1가202-5,127.0064842473273927_37.5641466003637774,1010022800,동대문역사문화공원역(서울5호선),127.0065706763448077_37.5644406429326594,48.0,4.0,정체,127.0065706763448077_37.5644406429326594|127.0066811536361087_37.5643775516764293|127.0066907310278452_37.5643088952173088|127.0066691623191701_37.5642345191936187|127.0066041857510015_37.5641759869182650|127.0064842473273927_37.5641466003637774
2026-09-04T18:34:05.570303+09:00,DDP(동대문디자인플라자),DDP(동대문디자인플라자),POI083,KEY_4,1010038000,장충단로,1010023800,광희동2가9,127.0074212496598989_37.5647191039854818,1010022600,동대문역사문화공원역(서울4호선),127.0077454141687099_37.5643181758701132,63.0,12.0,정체,127.0077454141687099_37.5643181758701132|127.0075819683701184_37.5643336340610148|127.0075100991725066_37.5643889445091830|127.0074478177686927_37.5644766757582289|127.0073975133061595_37.5645491496537787|127.0074212496598989_37.5647191039854818
2026-09-04T18:34:05.570303+09:00,DDP(동대문디자인플라자),DDP(동대문디자인플라자),POI083,KEY_4,1010038700,마른내로,1010023000,광희동1가169-1,127.0066022342274863_37.5645458036535800,1010024100,광희동2가9,127.0072910181171153_37.5647498099421497,71.0,16.0,서행,127.0072910181171153_37.5647498099421497|127.0070884576186359_37.5645796826538856|127.0069375173959259_37.5645243848659760|127.0068231515665786_37.5645069004905352|127.0066022342274863_37.5645458036535800
2026-09-04T18:34:05.570303+09:00,DDP(동대문디자인플라자),DDP(동대문디자인플라자),POI083,KEY_4,1010040800,을지로,1010026900,동대문역사문화공원,127.0084142117340065_37.5657933815894935,1010026500,동대문역사문화공원,127.0077330726616651_37.5655591691889441,68.0,12.0,정체,127.0077330726616651_37.5655591691889441|127.0079381871399988_37.5656946131292102|127.0081740368883487_37.5657810133705610|127.0084142117340065_37.5657933815894935
2026-09-04T18:34:05.570303+09:00,DDP(동대문디자인플라자),DDP(동대문디자인플라자),POI083,KEY_4,1010041000,장충단로,1010026800,동대문역사문화공원,127.0076027310937263_37.5655895835695972,1010027300,동대문역사문화공원,127.0072093223593868_37.5660721727252351,68.0,12.0,정체,127.0072093223593868_37.5660721727252351|127.0074103827092529_37.5659777349919963|127.0075077022791419_37.5658704535518240|127.0075937893706595_37.5657363546045602|127.0076027310937263_37.5655895835695972
2026-09-04T18:34:05.570303+09:00,DDP(동대문디자인플라자),DDP(동대문디자인플라자),POI083,KEY_4,1010041500,퇴계로71길,1010024504,성동여자실업고교앞,127.0122824244794231_37.5649718786512210,1010031202,신당동 251-159,127.0126037267031904_37.5669109428648440,244.0,16.0,서행,127.0126037267031904_37.5669109428648440|127.0126412307703134_37.5668474033094597|127.0126698024754859_37.5667546274016004|127.0127005738834924_37.5665576114049742|127.0127364488098749_37.5663279184632444|127.0127338355630116_37.5663230668818073|127.0123319930443841_37.5662096732445008|127.0122708949118078_37.5661506328379602|127.0122755975942681_37.5650242043360834|127.0122824244794231_37.5649718786512210
2026-09-04T18:34:05.570303+09:00,DDP(동대문디자인플라자),DDP(동대문디자인플라자),POI083,KEY_4,1010041800,을지로,1010028100,동대문역사문화공원,127.0072415247333453_37.5661772097702809,1010028800,동대문역사문화공원,127.0080565712496110_37.5666288866091591,89.0,21.0,서행,127.0080565712496110_37.5666288866091591|127.0077173922156106_37.5663889362043406|127.0073916863854606_37.5661982459288595|127.0072415247333453_37.5661772097702809
2026-09-04T18:34:05.570303+09:00,DDP(동대문디자인플라자),DDP(동대문디자인플라자),POI083,KEY_4,1010044900,장충단로13길,1010031901,현대시티아울렛(동대문점),127.0078041379920819_37.5680116507579029,1010031704,을지로6가 18-11,127.0089129103870960_37.5678261241420017,100.0,11.0,정체,127.0089129103870960_37.5678261241420017|127.0087521862193825_37.5678639356992790|127.0078041379920819_37.5680116507579029
2026-09-04T18:34:05.570303+09:00,DMC(디지털미디어시티),DMC(디지털미디어시티),POI084,KEY_1,1130028201,성암로,1130048701,YTN미디어센터,126.8930802693829634_37.5806203208228027,1130008004,성암삼거리,126.8947023591175594_37.5795604200954330,185.0,15.0,서행,126.8947023591175594_37.5795604200954330|126.8930802693829634_37.5806203208228027
2026-09-04T18:34:05.570303+09:00,DMC(디지털미디어시티),DMC(디지털미디어시티),POI084,KEY_1,1130025602,월드컵북로,1130044206,서울시시설관리공단,126.8974443493847133_37.5742486819677097,1130043400,상암동24-59,126.8984326017897075_37.5737046034107323,106.0,46.0,원활,126.8984326017897075_37.5737046034107323|126.8974443493847133_37.5742486819677097
2026-09-04T18:34:05.570303+09:00,DMC(디지털미디어시티),DMC(디지털미디어시티),POI084,KEY_1,1110086400,증산로,1110025301,증산지하차도(북측),126.9039758261172608_37.5784870932225132,1130046401,은평구-마포구,126.9018567383502045_37.5764844121927837,291.0,10.5,정체,126.9018567383502045_37.5764844121927837|126.9027068325619041_37.5772894554844186|126.9035789940010091_37.5781100503089647|126.9039758261172608_37.5784870932225132
2026-09-04T18:34:05.570303+09:00,DMC(디지털미디어시티),DMC(디지털미디어시티),POI084,KEY_1,1110086500,증산로,1130046402,은평구-마포구,126.9017527415007578_37.5765539742255541,1110005500,증산교,126.9034752758808793_37.5781798772630822,236.0,19.0,서행,126.9034752758808793_37.5781798772630822|126.9026029745643172_37.5773591500215929|126.9017527415007578_37.5765539742255541
2026-09-04T18:34:05.570303+09:00,DMC(디지털미디어시티),DMC(디지털미디어시티),POI084,KEY_1,1130007102,증산로,1130043500,성산동491-1,126.8990562961894852_37.5737647959106411,1130044402,증산지하차도(남측),126.8995968764490669_37.5743540467505426,81.0,19.0,서행,126.8995968764490669_37.5743540467505426|126.8992398926530143_37.5739603793572670|126.8990562961894852_37.5737647959106411
2026-09-04T18:34:05.570303+09:00,DMC(디지털미디어시티),DMC(디지털미디어시티),POI084,KEY_1,1130007202,증산로,1130044401,증산지하차도(남측),126.8997070239019962_37.5742907695769190,1130044100,성산동488-2,126.8993493776716974_37.5738963850184291,54.0,11.0,정체,126.8993493776716974_37.5738963850184291|126.8997070239019962_37.5742907695769190
2026-09-04T18:34:05.570303+09:00,DMC(디지털미디어시티),DMC(디지털미디어시티),POI084,KEY_1,1130007501,증산로,1130044402,증산지하차도(남측),126.8995968764490669_37.5743540467505426,1130046402,은평구-마포구,126.9017527415007578_37.5765539742255541,310.0,28.0,원활,126.9017527415007578_37.5765539742255541|126.9006134456184895_37.5754750169051093|126.8995968764490669_37.5743540467505426
2026-09-04T18:34:05.570303+09:00,DMC(디지털미디어시티),DMC(디지털미디어시티),POI084,KEY_1,1130007601,증산로,1130046401,은평구-마포구,126.9018567383502045_37.5764844121927837,1130044401,증산지하차도(남측),126.8997070239019962_37.5742907695769190,309.0,11.5,정체,126.8997070239019962_37.5742907695769190|126.9007206641610566_37.5754085065304366|126.9018567383502045_37.5764844121927837
2026-09-04T18:34:05.570303+09:00,DMC(디지털미디어시티),DMC(디지털미디어시티),POI084,KEY_1,1130023901,성암로,1130045102,중동교,126.9008492951027023_37.5752640367100312,1130003202,중동교,126.9005739786039442_37.5754350244651292,31.0,18.0,서행,126.9005739786039442_37.5754350244651292|126.9008492951027023_37.5752640367100312
2026-09-04T18:34:05.570303+09:00,DMC(디지털미디어시티),DMC(디지털미디어시티),POI084,KEY_1,1130023902,성암로,1130044702,중동교,126.9013932137603007_37.5749262274768512,1130045102,중동교,126.9008492951027023_37.5752640367100312,61.0,18.0,서행,126.9008492951027023_37.5752640367100312|126.9013932137603007_37.5749262274768512
2026-09-04T18:34:05.570303+09:00,DMC(디지털미디어시티),DMC(디지털미디어시티),POI084,KEY_1,1130024001,성암로,1130003201,중동교,126.9006575479311749_37.5755202637415948,1130045101,중동교,126.9009328670204440_37.5753492743804642,31.0,46.0,원활,126.9009328670204440_37.5753492743804642|126.9006575479311749_37.5755202637415948
2026-09-04T18:34:05.570303+09:00,DMC(디지털미디어시티),DMC(디지털미디어시티),POI084,KEY_1,1130024002,성암로,1130045101,중동교,126.9009328670204440_37.5753492743804642,1130044701,중동교,126.9014751720981593_37.5750124364249984,61.0,48.0,원활,126.9014751720981593_37.5750124364249984|126.9009328670204440_37.5753492743804642
2026-09-04T18:34:05.570303+09:00,DMC(디지털미디어시티),DMC(디지털미디어시티),POI084,KEY_1,1130024500,월드컵로,1130042904,월드컵파크3단지교차로,126.8880419598859106_37.5730202691865927,1130007302,디지털미디어시티입구교차로,126.8865044792722472_37.5740977172547161,181.0,30.5,원활,126.8865044792722472_37.5740977172547161|126.8871887145199224_37.5736835642442912|126.8876417608668987_37.5733592229529521|126.8880419598859106_37.5730202691865927
2026-09-04T18:34:05.570303+09:00,DMC(디지털미디어시티),DMC(디지털미디어시티),POI084,KEY_1,1130024600,월드컵로,1130007301,디지털미디어시티입구교차로,126.8865867067047475_37.5741837779433610,1130042901,월드컵파크3단지교차로,126.8881409491589523_37.5730943102150050,183.0,34.0,원활,126.8881409491589523_37.5730943102150050|126.8877368451630474_37.5734365727853401|126.8872753969699261_37.5737669286614562|126.8865867067047475_37.5741837779433610
2026-09-04T18:34:05.570303+09:00,DMC(디지털미디어시티),DMC(디지털미디어시티),POI084,KEY_1,1130024700,매봉산로,1130042901,월드컵파크3단지교차로,126.8881409491589523_37.5730943102150050,1130044603,월드컵파크2단지사거리,126.8900041088949990_37.5748995117424016,259.0,15.5,서행,126.8900041088949990_37.5748995117424016|126.8887517450962719_37.5736649009094705|126.8882989940305492_37.5732185545011106|126.8881409491589523_37.5730943102150050
2026-09-04T18:34:05.570303+09:00,DMC(디지털미디어시티),DMC(디지털미디어시티),POI084,KEY_1,1130025000,상암산로,1130045802,월드컵파크4단지앞교차로,126.8883797106704350_37.5759449782012638,1130007301,디지털미디어시티입구교차로,126.8865867067047475_37.5741837779433610,252.0,16.5,서행,126.8865867067047475_37.5741837779433610|126.8883797106704350_37.5759449782012638
2026-09-04T18:34:05.570303+09:00,DMC(디지털미디어시티),DMC(디지털미디어시티),POI084,KEY_1,1130025302,성중길,1130007104,중암교앞교차로,126.9003625466799292_37.5723898224647499,1130045702,서대문구-마포구,126.9024294366205226_37.5761197309857309,466.0,9.0,정체,126.9024294366205226_37.5761197309857309|126.9018138955969306_37.5755687499806541|126.9015618580273497_37.5753284999021275|126.9015478912081676_37.5753035295780435|126.9013739001951961_37.5749924613626689|126.9010880430100201_37.5745239321889599|126.9010138467866540_37.5744247403146971|126.9008681130194560_37.5742299100118871|126.9006382435482010_37.5739161941188797|126.9004842258342904_37.5736112507413580|126.9004169598244971_37.5732829734208806|126.9003697155043966_37.5725880171336186|126.9003625466799292_37.5723898224647499
2026-09-04T18:34:05.570303+09:00,DMC(디지털미디어시티),DMC(디지털미디어시티),POI084,KEY_1,1130025401,성중길,1130110700,중동 89-7,126.9011305691405198_37.5743694314635519,1130007101,중암교앞교차로,126.9004948048543895_37.5722892982473482,243.0,19.0,서행,126.9004948048543895_37.5722892982473482|126.9005054484899944_37.5725835401371313|126.9005522055344244_37.5732713168361343|126.9006158741737522_37.5735820315699272|126.9007605822510385_37.5738685434168076|126.9009851491210696_37.5741750196416930|126.9011305691405198_37.5743694314635519
2026-09-04T18:34:05.570303+09:00,DMC(디지털미디어시티),DMC(디지털미디어시티),POI084,KEY_1,1130025504,월드컵북로,1130227400,상암동 1715,126.8928691721298350_37.5767846610504463,1130046802,상암초교앞교차로,126.8923681066395375_37.5770772862630835,55.0,26.0,원활,126.8923681066395375_37.5770772862630835|126.8928691721298350_37.5767846610504463
2026-09-04T18:34:05.570303+09:00,DMC(디지털미디어시티),DMC(디지털미디어시티),POI084,KEY_1,1130025601,월드컵북로,1130043400,상암동24-59,126.8984326017897075_37.5737046034107323,1130043204,상암사거리,126.8988065387872979_37.5734987293495166,40.0,41.0,원활,126.8988065387872979_37.5734987293495166|126.8984326017897075_37.5737046034107323
2026-09-04T18:34:05.570303+09:00,DMC(디지털미디어시티),DMC(디지털미디어시티),POI084,KEY_1,1130025604,월드컵북로,1130232200,상암동 37-2,126.8939439911347620_37.5762910507855992,1130045604,월드컵파크1단지교차로,126.8947828040230235_37.5758011541261752,92.0,14.5,정체,126.8947828040230235_37.5758011541261752|126.8939439911347620_37.5762910507855992
2026-09-04T18:34:05.570303+09:00,DMC(디지털미디어시티),DMC(디지털미디어시티),POI084,KEY_1,1130025605,월드컵북로,1130044202,상암동31-1,126.8958974025637474_37.5751501684494542,1130044209,서울시시설관리공단,126.8973331824673920_37.5743115641671324,157.0,27.0,원활,126.8973331824673920_37.5743115641671324|126.8958974025637474_37.5751501684494542
2026-09-04T18:34:05.570303+09:00,DMC(디지털미디어시티),DMC(디지털미디어시티),POI084,KEY_1,1130025606,월드컵북로,1130143900,상암동 31-1,126.8954351096876678_37.5754201750939032,1130044205,상암동31-1,126.8957878809720938_37.5752141359076433,39.0,41.0,원활,126.8957878809720938_37.5752141359076433|126.8954351096876678_37.5754201750939032
2026-09-04T18:34:05.570303+09:00,DMC(디지털미디어시티),DMC(디지털미디어시티),POI084,KEY_1,1130025702,상암산로,1130044603,월드컵파크2단지사거리,126.8900041088949990_37.5748995117424016,1130045802,월드컵파크4단지앞교차로,126.8883797106704350_37.5759449782012638,185.0,11.0,정체,126.8883797106704350_37.5759449782012638|126.8891094429257294_37.5754773087779412|126.8892146635848093_37.5754096006289160|126.8900041088949990_37.5748995117424016
2026-09-04T18:34:05.570303+09:00,DMC(디지털미디어시티),DMC(디지털미디어시티),POI084,KEY_1,1130025801,상암산로,1130045301,한국공공정책신문,126.8893002827802974_37.5754935420065124,1130044604,월드컵파크2단지사거리,126.8900888980952288_37.5749839882549139,90.0,15.0,서행,126.8900888980952288_37.5749839882549139|126.8893002827802974_37.5754935420065124
2026-09-04T18:34:05.570303+09:00,DMC(디지털미디어시티),DMC(디지털미디어시티),POI084,KEY_1,1130025802,상암산로,1130045801,월드컵파크4단지앞교차로,126.8884645575662233_37.5760294154012371,1130045304,한국공공정책신문,126.8891946406988893_37.5755615201432676,83.0,8.0,정체,126.8891946406988893_37.5755615201432676|126.8884645575662233_37.5760294154012371
2026-09-04T18:34:05.570303+09:00,DMC(디지털미디어시티),DMC(디지털미디어시티),POI084,KEY_1,1130025901,매봉산로,1130149100,상암동 1718,126.8907491326159800_37.5756486885100287,1130046303,상암초등학교,126.8915532409193361_37.5764582146745170,115.0,13.0,정체,126.8915532409193361_37.5764582146745170|126.8907491326159800_37.5756486885100287
2026-09-04T18:34:05.570303+09:00,DMC(디지털미디어시티),DMC(디지털미디어시티),POI084,KEY_1,1130025902,매봉산로,1130046304,상암초등학교,126.8916385575081733_37.5765423522413826,1130046803,상암초교앞교차로,126.8922586587650017_37.5771415893312337,86.0,18.0,서행,126.8922586587650017_37.5771415893312337|126.8916385575081733_37.5765423522413826
2026-09-04T18:34:05.570303+09:00,DMC(디지털미디어시티),DMC(디지털미디어시티),POI084,KEY_1,1130026001,매봉산로,1130046802,상암초교앞교차로,126.8923681066395375_37.5770772862630835,1130044601,월드컵파크2단지사거리,126.8901922548791532_37.5749137067317420,308.0,18.0,서행,126.8901922548791532_37.5749137067317420|126.8908556979909861_37.5755816358774624|126.8916598070790513_37.5763911610855672|126.8917434171382297_37.5764736169634261|126.8923681066395375_37.5770772862630835
2026-09-04T18:34:05.570303+09:00,DMC(디지털미디어시티),DMC(디지털미디어시티),POI084,KEY_1,1130026401,상암산로,1130047102,중앙일보빌딩,126.8899246502134446_37.5775017541936762,1130045801,월드컵파크4단지앞교차로,126.8884645575662233_37.5760294154012371,208.0,16.0,서행,126.8884645575662233_37.5760294154012371|126.8899246502134446_37.5775017541936762
2026-09-04T18:34:05.570303+09:00,DMC(디지털미디어시티),DMC(디지털미디어시티),POI084,KEY_1,1130026402,상암산로,1130047502,디지털미디어시티앞교차로,126.8905616249283810_37.5781439913648541,1130047101,중앙일보빌딩,126.8900088184744988_37.5775866225538309,79.0,14.0,정체,126.8900088184744988_37.5775866225538309|126.8905616249283810_37.5781439913648541
2026-09-04T18:34:05.570303+09:00,DMC(디지털미디어시티),DMC(디지털미디어시티),POI084,KEY_1,1130026500,월드컵북로,1130046803,상암초교앞교차로,126.8922586587650017_37.5771415893312337,1130047502,디지털미디어시티앞교차로,126.8905616249283810_37.5781439913648541,187.0,7.5,정체,126.8905616249283810_37.5781439913648541|126.8922586587650017_37.5771415893312337
2026-09-04T18:34:05.570303+09:00,DMC(디지털미디어시티),DMC(디지털미디어시티),POI084,KEY_1,1130026600,월드컵북로,1130047501,디지털미디어시티앞교차로,126.8906465242374253_37.5782284856381139,1130046804,상암초교앞교차로,126.8923444009224255_37.5772255856267208,187.0,28.0,원활,126.8923444009224255_37.5772255856267208|126.8906465242374253_37.5782284856381139
2026-09-04T18:34:05.570303+09:00,DMC(디지털미디어시티),DMC(디지털미디어시티),POI084,KEY_1,1130026701,성암로,1130003202,중동교,126.9005739786039442_37.5754350244651292,1130045502,상암동 1154-1,126.9002568597358760_37.5756319717856542,36.0,17.0,서행,126.9002568597358760_37.5756319717856542|126.9005739786039442_37.5754350244651292
2026-09-04T18:34:05.570303+09:00,DMC(디지털미디어시티),DMC(디지털미디어시티),POI084,KEY_1,1130026702,성암로,1130045503,상암동 1154-1,126.9001493992533227_37.5756987098997470,1130046002,수색역(서측),126.8994866230595164_37.5761479863590679,77.0,18.0,서행,126.8994866230595164_37.5761479863590679|126.9000166173634625_37.5757811735134624|126.9001493992533227_37.5756987098997470
2026-09-04T18:34:05.570303+09:00,DMC(디지털미디어시티),DMC(디지털미디어시티),POI084,KEY_1,1130026703,성암로,1130046003,수색역(서측),126.8993841122573514_37.5762189341099884,1130046602,데일리임팩트,126.8986663047599421_37.5767157224527040,84.0,17.0,서행,126.8986663047599421_37.5767157224527040|126.8993841122573514_37.5762189341099884
2026-09-04T18:34:05.570303+09:00,DMC(디지털미디어시티),DMC(디지털미디어시티),POI084,KEY_1,1130026704,성암로,1130046603,데일리임팩트,126.8985637517100145_37.5767866976523521,1130047002,디지털미디어시티역(공항철도),126.8977378225588240_37.5773583009889691,97.0,21.0,서행,126.8977378225588240_37.5773583009889691|126.8985637517100145_37.5767866976523521
2026-09-04T18:34:05.570303+09:00,DMC(디지털미디어시티),DMC(디지털미디어시티),POI084,KEY_1,1130026705,성암로,1130228300,상암동 1695,126.8955455733531608_37.5788472502048592,1130008002,성암삼거리,126.8947203404407986_37.5794074408454364,96.0,22.0,서행,126.8947203404407986_37.5794074408454364|126.8955455733531608_37.5788472502048592
2026-09-04T18:34:05.570303+09:00,DMC(디지털미디어시티),DMC(디지털미디어시티),POI084,KEY_1,1130026801,성암로,1130046001,수색역(서측),126.8995757632913666_37.5762295729790523,1130003201,중동교,126.9006575479311749_37.5755202637415948,124.0,15.0,서행,126.9006575479311749_37.5755202637415948|126.9003404289748858_37.5757172113524263|126.9002329685327624_37.5757839495594794|126.9001030333946005_37.5758646453959528|126.8995757632913666_37.5762295729790523
2026-09-04T18:34:05.570303+09:00,DMC(디지털미디어시티),DMC(디지털미디어시티),POI084,KEY_1,1130026803,성암로,1130047001,디지털미디어시티역(공항철도),126.8978269624122817_37.5774398889533572,1130046004,수색역(서측),126.8994732524635225_37.5763005208021355,193.0,37.0,원활,126.8994732524635225_37.5763005208021355|126.8987554448355439_37.5767973097372874|126.8986528917860852_37.5768682850013249|126.8978269624122817_37.5774398889533572
2026-09-04T18:34:05.570303+09:00,DMC(디지털미디어시티),DMC(디지털미디어시티),POI084,KEY_1,1130026805,성암로,1130008001,성암삼거리,126.8948085001043040_37.5794897016194511,1130047004,디지털미디어시티역(공항철도),126.8977228468471594_37.5775112990256872,338.0,37.0,원활,126.8977228468471594_37.5775112990256872|126.8968720930318739_37.5780888511044466|126.8964379623555487_37.5783835639945067|126.8956337334028035_37.5789295104891039|126.8948085001043040_37.5794897016194511
2026-09-04T18:34:05.570303+09:00,DMC(디지털미디어시티),DMC(디지털미디어시티),POI084,KEY_1,1130027102,매봉산로,1130231200,상암동 1708,126.8936160448470645_37.5784875021319564,1130008003,성암삼거리,126.8946161530180916_37.5794768573100697,141.0,15.0,서행,126.8946161530180916_37.5794768573100697|126.8943001506249146_37.5791642562783039|126.8936160448470645_37.5784875021319564
2026-09-04T18:34:05.570303+09:00,DMC(디지털미디어시티),DMC(디지털미디어시티),POI084,KEY_1,1130027201,매봉산로,1130047402,상암동주민센터,126.8931728779294730_37.5778763973820418,1130046801,상암초교앞교차로,126.8924537995065407_37.5771613452104063,102.0,15.0,서행,126.8924537995065407_37.5771613452104063|126.8931728779294730_37.5778763973820418
2026-09-04T18:34:05.570303+09:00,DMC(디지털미디어시티),DMC(디지털미디어시티),POI084,KEY_1,1130027202,매봉산로,1130229600,상암동 1708,126.8935960933187062_37.5782952804950696,1130047401,상암동주민센터,126.8932580052658352_37.5779608186309133,48.0,12.0,정체,126.8932580052658352_37.5779608186309133|126.8935960933187062_37.5782952804950696
2026-09-04T18:34:05.570303+09:00,DMC(디지털미디어시티),DMC(디지털미디어시티),POI084,KEY_1,1130027801,월드컵북로,1130047701,월드컵파크5단지교차로,126.8879562129837808_37.5798223834944807,1130047504,디지털미디어시티앞교차로,126.8905373393383655_37.5782929771257415,284.0,43.3,원활,126.8905373393383655_37.5782929771257415|126.8890176540088817_37.5791905774580002|126.8879562129837808_37.5798223834944807
2026-09-04T18:34:05.570303+09:00,DMC(디지털미디어시티),DMC(디지털미디어시티),POI084,KEY_1,1130027802,월드컵북로,1130048401,LGCNS상암IT센터,126.8869393016809539_37.5804276653714808,1130047704,월드컵파크5단지교차로,126.8878473615480118_37.5798871744750684,100.0,20.0,서행,126.8878473615480118_37.5798871744750684|126.8869393016809539_37.5804276653714808
2026-09-04T18:34:05.570303+09:00,DMC(디지털미디어시티),DMC(디지털미디어시티),POI084,KEY_1,1130027803,월드컵북로,1130049001,상암ITTower,126.8860549963467577_37.5809540024161706,1130048404,LGCNS상암IT센터,126.8868304001961178_37.5804924841435763,86.0,32.0,원활,126.8868304001961178_37.5804924841435763|126.8860549963467577_37.5809540024161706
2026-09-04T18:34:05.570303+09:00,DMC(디지털미디어시티),DMC(디지털미디어시티),POI084,KEY_1,1130027804,월드컵북로,1130049401,월드컵파크6단지앞교차로,126.8850370693500054_37.5815595588284097,1130049004,상암ITTower,126.8859461297215887_37.5810187825645698,100.0,13.0,정체,126.8859461297215887_37.5810187825645698|126.8850370693500054_37.5815595588284097
2026-09-04T18:34:05.570303+09:00,DMC(디지털미디어시티),DMC(디지털미디어시티),POI084,KEY_1,1130028101,성암로,1130008003,성암삼거리,126.8946161530180916_37.5794768573100697,1130048702,YTN미디어센터,126.8929940644010941_37.5805367573738849,185.0,33.0,원활,126.8929940644010941_37.5805367573738849|126.8946161530180916_37.5794768573100697
2026-09-04T18:34:05.570303+09:00,DMC(디지털미디어시티),DMC(디지털미디어시티),POI084,KEY_1,1130028102,성암로,1130048703,YTN미디어센터,126.8928902450410732_37.5806065277136980,1130049802,MBC글로벌미디어센터,126.8902432196895802_37.5821317158528529,290.0,18.3,서행,126.8902432196895802_37.5821317158528529|126.8916848633843983_37.5814405541822225|126.8928902450410732_37.5806065277136980
2026-09-04T18:34:05.570303+09:00,DMC(디지털미디어시티),DMC(디지털미디어시티),POI084,KEY_1,1130028103,성암로,1130049803,MBC글로벌미디어센터,126.8901255531158938_37.5821872546751976,1130051107,상암월드컵7단지,126.8870844323033538_37.5835933665662054,311.0,15.0,서행,126.8870844323033538_37.5835933665662054|126.8882017895862475_37.5830840500806644|126.8901255531158938_37.5821872546751976
2026-09-04T18:34:05.570303+09:00,DMC(디지털미디어시티),DMC(디지털미디어시티),POI084,KEY_1,1130028202,성암로,1130049801,MBC글로벌미디어센터,126.8903133236235590_37.5822243292954283,1130048704,YTN미디어센터,126.8929793808815418_37.5806881204146705,292.0,19.0,서행,126.8929793808815418_37.5806881204146705|126.8917650856113539_37.5815283151309529|126.8903133236235590_37.5822243292954283
2026-09-04T18:34:05.570303+09:00,DMC(디지털미디어시티),DMC(디지털미디어시티),POI084,KEY_1,1130028203,성암로,1130051106,상암월드컵7단지,126.8871519552963463_37.5836871858182704,1130049804,MBC글로벌미디어센터,126.8901942208562588_37.5822805460614902,311.0,9.0,정체,126.8901942208562588_37.5822805460614902|126.8882698867831635_37.5831776087941023|126.8871519552963463_37.5836871858182704
2026-09-04T18:34:05.570303+09:00,DMC(디지털미디어시티),DMC(디지털미디어시티),POI084,KEY_1,1130028401,월드컵북로,1130049701,상암동 1715,126.8840285649525583_37.5821600609072348,1130049404,월드컵파크6단지앞교차로,126.8849281565869092_37.5816243792028004,99.0,4.0,정체,126.8849281565869092_37.5816243792028004|126.8840285649525583_37.5821600609072348
2026-09-04T18:34:05.570303+09:00,DMC(디지털미디어시티),DMC(디지털미디어시티),POI084,KEY_1,1130028402,월드컵북로,1130050603,월드컵파크7단지앞교차로,126.8821398763244019_37.5833081209194830,1130049704,상암동 1715,126.8839196519033266_37.5822248985580174,198.0,4.0,정체,126.8839196519033266_37.5822248985580174|126.8826686765652312_37.5829694057582486|126.8821398763244019_37.5833081209194830
2026-09-04T18:34:05.570303+09:00,DMC(디지털미디어시티),DMC(디지털미디어시티),POI084,KEY_1,1130029202,가양대로,1130051308,DMC첨단산업센터앞교차로,126.8843531662040931_37.5848817670797217,1130050603,월드컵파크7단지앞교차로,126.8821398763244019_37.5833081209194830,262.0,8.0,정체,126.8821398763244019_37.5833081209194830|126.8843531662040931_37.5848817670797217
2026-09-04T18:34:05.570303+09:00,DMC(디지털미디어시티),DMC(디지털미디어시티),POI084,KEY_1,1130029301,성암로,1130051104,서울드와이트외국인학교,126.8858869388385102_37.5841637180196386,1130051308,DMC첨단산업센터앞교차로,126.8843531662040931_37.5848817670797217,157.0,36.0,원활,126.8843531662040931_37.5848817670797217|126.8858869388385102_37.5841637180196386
2026-09-04T18:34:05.570303+09:00,DMC(디지털미디어시티),DMC(디지털미디어시티),POI084,KEY_1,1130029302,성암로,1130051108,상암월드컵7단지,126.8869679526118830_37.5836502072271372,1130051103,서울드와이트외국인학교,126.8860048570749086_37.5841085121615635,99.0,11.0,정체,126.8860048570749086_37.5841085121615635|126.8868092634666596_37.5837319073182599|126.8869679526118830_37.5836502072271372
2026-09-04T18:34:05.570303+09:00,DMC(디지털미디어시티),DMC(디지털미디어시티),POI084,KEY_1,1130029403,성암로,1130051105,속성변화점,126.8859558279229987_37.5842569077612083,1130051109,상암월드컵7단지,126.8870417489205096_37.5837409855167053,112.0,10.0,정체,126.8870417489205096_37.5837409855167053|126.8868806383061525_37.5838239328711907|126.8860737463692487_37.5842017018027050|126.8859558279229987_37.5842569077612083
2026-09-04T18:34:05.570303+09:00,DMC(디지털미디어시티),DMC(디지털미디어시티),POI084,KEY_1,1130029404,성암로,1130051307,DMC첨단산업센터앞교차로,126.8844595822825880_37.5849573881018273,1130051105,속성변화점,126.8859558279229987_37.5842569077612083,153.0,5.5,정체,126.8859558279229987_37.5842569077612083|126.8844595822825880_37.5849573881018273
2026-09-04T18:34:05.570303+09:00,DMC(디지털미디어시티),DMC(디지털미디어시티),POI084,KEY_1,1130029701,가양대로,1130051302,상암동800-2,126.8855807691684419_37.5858988231682716,1110002104,수색교앞교차로,126.8871491881332076_37.5870129955381955,186.0,17.0,서행,126.8871491881332076_37.5870129955381955|126.8855807691684419_37.5858988231682716
2026-09-04T18:34:05.570303+09:00,DMC(디지털미디어시티),DMC(디지털미디어시티),POI084,KEY_1,1130029803,가양대로,1130051304,상암동800-2,126.8855698926924163_37.5857461653515301,1130051307,DMC첨단산업센터앞교차로,126.8844595822825880_37.5849573881018273,131.0,11.0,정체,126.8844595822825880_37.5849573881018273|126.8855698926924163_37.5857461653515301
2026-09-04T18:34:05.570303+09:00,DMC(디지털미디어시티),DMC(디지털미디어시티),POI084,KEY_1,1130029804,가양대로,1110002103,수색교앞교차로,126.8872427699533461_37.5869345435850164,1130051303,상암동800-2,126.8856712462701211_37.5858181666906503,186.0,10.0,정체,126.8856712462701211_37.5858181666906503|126.8872427699533461_37.5869345435850164
2026-09-04T18:34:05.570303+09:00,DMC(디지털미디어시티),DMC(디지털미디어시티),POI084,KEY_1,1130066900,월드컵북로,1130043400,상암동24-59,126.8984326017897075_37.5737046034107323,1130043500,성산동491-1,126.8990562961894852_37.5737647959106411,59.0,28.3,원활,126.8990562961894852_37.5737647959106411|126.8989085002055361_37.5736866108833851|126.8987791467213100_37.5736598008740614|126.8986641476944612_37.5736501660897773|126.8985371690847614_37.5736660785077774|126.8984326017897075_37.5737046034107323
2026-09-04T18:34:05.570303+09:00,DMC(디지털미디어시티),DMC(디지털미디어시티),POI084,KEY_1,1130067200,월드컵북로47길,1130192300,상암동 1716,126.8909626371225414_37.5742633434940458,1130044602,월드컵파크2단지사거리,126.8901072799406080_37.5748291059225537,98.0,25.0,원활,126.8901072799406080_37.5748291059225537|126.8904259188012844_37.5746002657640261|126.8907263880997220_37.5744065670365757|126.8908070311500040_37.5743545798713043|126.8909626371225414_37.5742633434940458
2026-09-04T18:34:05.570303+09:00,DMC(디지털미디어시티),DMC(디지털미디어시티),POI084,KEY_1,1130067600,월드컵북로42길,1130044502,디지털미디어시티역2번출구,126.8996768178415522_37.5748358906114177,1130044802,상암동 1711,126.8981204003995344_37.5748786658393286,190.0,14.0,정체,126.8981204003995344_37.5748786658393286|126.8981548997384152_37.5748041674797832|126.8989380650604346_37.5743415501355784|126.8990473331477773_37.5743038487143366|126.8991597518555920_37.5743120798745451|126.8992540899842254_37.5743497228770025|126.8996768178415522_37.5748358906114177
2026-09-04T18:34:05.570303+09:00,DMC(디지털미디어시티),DMC(디지털미디어시티),POI084,KEY_1,1130067700,월드컵북로42길,1130044801,상암동 1711,126.8982215233432527_37.5749729322993389,1130044503,디지털미디어시티역2번출구,126.8995651160360723_37.5748974180213082,170.0,23.0,서행,126.8995651160360723_37.5748974180213082|126.8991621560312382_37.5744339846669391|126.8991217838771917_37.5744178755341096|126.8990694863173019_37.5744140466565923|126.8990064543680489_37.5744357950114960|126.8982683624107608_37.5748717876271385|126.8982215233432527_37.5749729322993389
2026-09-04T18:34:05.570303+09:00,DMC(디지털미디어시티),DMC(디지털미디어시티),POI084,KEY_1,1130067800,월드컵북로42길,1130044802,상암동 1711,126.8981204003995344_37.5748786658393286,1130044206,서울시시설관리공단,126.8974443493847133_37.5742486819677097,92.0,22.0,서행,126.8974443493847133_37.5742486819677097|126.8981204003995344_37.5748786658393286
2026-09-04T18:34:05.570303+09:00,DMC(디지털미디어시티),DMC(디지털미디어시티),POI084,KEY_1,1130067900,월드컵북로42길,1130044209,서울시시설관리공단,126.8973331824673920_37.5743115641671324,1130044803,상암동 1711,126.8980445440763702_37.5749744531417491,97.0,19.0,서행,126.8980445440763702_37.5749744531417491|126.8973331824673920_37.5743115641671324
2026-09-04T18:34:05.570303+09:00,DMC(디지털미디어시티),DMC(디지털미디어시티),POI084,KEY_1,1130068200,증산로,1130045102,중동교,126.9008492951027023_37.5752640367100312,1130044100,성산동488-2,126.8993493776716974_37.5738963850184291,203.0,17.0,서행,126.8993493776716974_37.5738963850184291|126.8997550267243923_37.5741747896741316|126.8999831939128740_37.5743329158112758|126.9008492951027023_37.5752640367100312
2026-09-04T18:34:05.570303+09:00,DMC(디지털미디어시티),DMC(디지털미디어시티),POI084,KEY_1,1130068300,월드컵북로42길,1130044503,디지털미디어시티역2번출구,126.8995651160360723_37.5748974180213082,1130045402,상암동 1711,126.8987247218111918_37.5754425169501260,96.0,14.0,정체,126.8987247218111918_37.5754425169501260|126.8995651160360723_37.5748974180213082
2026-09-04T18:34:05.570303+09:00,DMC(디지털미디어시티),DMC(디지털미디어시티),POI084,KEY_1,1130068400,월드컵북로42길,1130045401,상암동 1711,126.8988131161988804_37.5755246575182369,1130044504,디지털미디어시티역2번출구,126.8996370708927657_37.5749902219936800,94.0,14.0,정체,126.8996370708927657_37.5749902219936800|126.8988131161988804_37.5755246575182369
2026-09-04T18:34:05.570303+09:00,DMC(디지털미디어시티),DMC(디지털미디어시티),POI084,KEY_1,1130068500,월드컵북로42길,1130045402,상암동 1711,126.8987247218111918_37.5754425169501260,1130044801,상암동 1711,126.8982215233432527_37.5749729322993389,68.0,27.0,원활,126.8982215233432527_37.5749729322993389|126.8987247218111918_37.5754425169501260
2026-09-04T18:34:05.570303+09:00,DMC(디지털미디어시티),DMC(디지털미디어시티),POI084,KEY_1,1130068600,월드컵북로42길,1130044804,상암동 1711,126.8981330253056825_37.5750569593229926,1130045403,상암동 1711,126.8986203198311955_37.5755117037941773,66.0,27.5,원활,126.8986203198311955_37.5755117037941773|126.8981330253056825_37.5750569593229926
2026-09-04T18:34:05.570303+09:00,DMC(디지털미디어시티),DMC(디지털미디어시티),POI084,KEY_1,1130068700,성암로,1130045502,상암동 1154-1,126.9002568597358760_37.5756319717856542,1130044501,디지털미디어시티역2번출구,126.8997554586748322_37.5749372010833653,91.0,18.0,서행,126.8997554586748322_37.5749372010833653|126.8998013926707245_37.5750021725140755|126.8999518821993888_37.5753686624393950|126.9002568597358760_37.5756319717856542
2026-09-04T18:34:05.570303+09:00,DMC(디지털미디어시티),DMC(디지털미디어시티),POI084,KEY_1,1130068800,성암로,1130044504,디지털미디어시티역2번출구,126.8996370708927657_37.5749902219936800,1130045503,상암동 1154-1,126.9001493992533227_37.5756987098997470,93.0,11.0,정체,126.9001493992533227_37.5756987098997470|126.8998319496738389_37.5754246323100034|126.8996764327224440_37.5750458979557891|126.8996370708927657_37.5749902219936800
2026-09-04T18:34:05.570303+09:00,DMC(디지털미디어시티),DMC(디지털미디어시티),POI084,KEY_1,1130069300,월드컵북로42길,1130045403,상암동 1711,126.8986203198311955_37.5755117037941773,1130045903,상암빌라,126.8979167747526304_37.5760202816905178,84.0,21.0,서행,126.8979167747526304_37.5760202816905178|126.8980344116927057_37.5759081769391798|126.8986203198311955_37.5755117037941773
2026-09-04T18:34:05.570303+09:00,DMC(디지털미디어시티),DMC(디지털미디어시티),POI084,KEY_1,1130069400,월드컵북로42길,1130045902,상암빌라,126.8980210391311658_37.5760895880111647,1130045404,상암동 1711,126.8987086831504172_37.5755938245076209,82.0,19.0,서행,126.8987086831504172_37.5755938245076209|126.8981312410485742_37.5759845693332508|126.8980210391311658_37.5760895880111647
2026-09-04T18:34:05.570303+09:00,DMC(디지털미디어시티),DMC(디지털미디어시티),POI084,KEY_1,1130069500,월드컵북로42길,1130046002,수색역(서측),126.8994866230595164_37.5761479863590679,1130045401,상암동 1711,126.8988131161988804_37.5755246575182369,91.0,13.0,정체,126.8988131161988804_37.5755246575182369|126.8994866230595164_37.5761479863590679
2026-09-04T18:34:05.570303+09:00,DMC(디지털미디어시티),DMC(디지털미디어시티),POI084,KEY_1,1130069600,월드컵북로42길,1130045404,상암동 1711,126.8987086831504172_37.5755938245076209,1130046003,수색역(서측),126.8993841122573514_37.5762189341099884,92.0,19.0,서행,126.8993841122573514_37.5762189341099884|126.8987086831504172_37.5755938245076209
2026-09-04T18:34:05.570303+09:00,DMC(디지털미디어시티),DMC(디지털미디어시티),POI084,KEY_1,1130070000,상암산로,1130046702,KBS미디어센터,126.8907708780118213_37.5769657557175876,1130045301,한국공공정책신문,126.8893002827802974_37.5754935420065124,209.0,19.0,서행,126.8893002827802974_37.5754935420065124|126.8907708780118213_37.5769657557175876
2026-09-04T18:34:05.570303+09:00,DMC(디지털미디어시티),DMC(디지털미디어시티),POI084,KEY_1,1130070100,상암산로,1130045304,한국공공정책신문,126.8891946406988893_37.5755615201432676,1130046703,KBS미디어센터,126.8906650467874329_37.5770335465561018,209.0,22.0,서행,126.8906650467874329_37.5770335465561018|126.8891946406988893_37.5755615201432676
2026-09-04T18:34:05.570303+09:00,DMC(디지털미디어시티),DMC(디지털미디어시티),POI084,KEY_1,1130070600,성암로,1130046602,데일리임팩트,126.8986663047599421_37.5767157224527040,1130045902,상암빌라,126.8980210391311658_37.5760895880111647,90.0,7.0,정체,126.8980210391311658_37.5760895880111647|126.8986663047599421_37.5767157224527040
2026-09-04T18:34:05.570303+09:00,DMC(디지털미디어시티),DMC(디지털미디어시티),POI084,KEY_1,1130070700,성암로,1130045901,상암빌라,126.8979371695674416_37.5761786921852803,1130046603,데일리임팩트,126.8985637517100145_37.5767866976523521,87.0,18.0,서행,126.8985637517100145_37.5767866976523521|126.8979371695674416_37.5761786921852803
2026-09-04T18:34:05.570303+09:00,DMC(디지털미디어시티),DMC(디지털미디어시티),POI084,KEY_1,1130070800,상암산로,1130046303,상암초등학교,126.8915532409193361_37.5764582146745170,1130046702,KBS미디어센터,126.8907708780118213_37.5769657557175876,89.0,16.0,서행,126.8907708780118213_37.5769657557175876|126.8915532409193361_37.5764582146745170
2026-09-04T18:34:05.570303+09:00,DMC(디지털미디어시티),DMC(디지털미디어시티),POI084,KEY_1,1130070900,상암산로,1130046701,KBS미디어센터,126.8908567065178516_37.5770495623463958,1130046304,상암초등학교,126.8916385575081733_37.5765423522413826,89.0,11.5,정체,126.8916385575081733_37.5765423522413826|126.8908567065178516_37.5770495623463958
2026-09-04T18:34:05.570303+09:00,DMC(디지털미디어시티),DMC(디지털미디어시티),POI084,KEY_1,1130071000,성암로,1130230100,상암동 1709,126.8973658393318260_37.5766400680182500,1130047003,디지털미디어시티역(공항철도),126.8976346858385824_37.5774290399688340,104.0,14.0,정체,126.8976346858385824_37.5774290399688340|126.8972069079642608_37.5769761157230207|126.8971965231739745_37.5768883093211983|126.8972293764982595_37.5767953166038282|126.8973658393318260_37.5766400680182500
2026-09-04T18:34:05.570303+09:00,DMC(디지털미디어시티),DMC(디지털미디어시티),POI084,KEY_1,1130071100,성암로,1130047002,디지털미디어시티역(공항철도),126.8977378225588240_37.5773583009889691,1130045901,상암빌라,126.8979371695674416_37.5761786921852803,159.0,9.5,정체,126.8979371695674416_37.5761786921852803|126.8974771503392418_37.5767020453298102|126.8973539084312421_37.5768422532145507|126.8973341406117754_37.5768982075732580|126.8973385598150259_37.5769355684291426|126.8977378225588240_37.5773583009889691
2026-09-04T18:34:05.570303+09:00,DMC(디지털미디어시티),DMC(디지털미디어시티),POI084,KEY_1,1130071200,상암산로,1130046703,KBS미디어센터,126.8906650467874329_37.5770335465561018,1130047102,중앙일보빌딩,126.8899246502134446_37.5775017541936762,84.0,10.0,정체,126.8899246502134446_37.5775017541936762|126.8906650467874329_37.5770335465561018
2026-09-04T18:34:05.570303+09:00,DMC(디지털미디어시티),DMC(디지털미디어시티),POI084,KEY_1,1130071300,상암산로,1130047101,중앙일보빌딩,126.8900088184744988_37.5775866225538309,1130046704,KBS미디어센터,126.8907495567892312_37.5771181976975086,84.0,15.0,서행,126.8907495567892312_37.5771181976975086|126.8900088184744988_37.5775866225538309
2026-09-04T18:34:05.570303+09:00,DMC(디지털미디어시티),DMC(디지털미디어시티),POI084,KEY_1,1130072000,상암산로,1130048702,YTN미디어센터,126.8929940644010941_37.5805367573738849,1130047501,디지털미디어시티앞교차로,126.8906465242374253_37.5782284856381139,330.0,14.0,정체,126.8906465242374253_37.5782284856381139|126.8929940644010941_37.5805367573738849
2026-09-04T18:34:05.570303+09:00,DMC(디지털미디어시티),DMC(디지털미디어시티),POI084,KEY_1,1130072100,상암산로,1130047504,디지털미디어시티앞교차로,126.8905373393383655_37.5782929771257415,1130048703,YTN미디어센터,126.8928902450410732_37.5806065277136980,330.0,9.0,정체,126.8928902450410732_37.5806065277136980|126.8905373393383655_37.5782929771257415
2026-09-04T18:34:05.570303+09:00,DMC(디지털미디어시티),DMC(디지털미디어시티),POI084,KEY_1,1130073400,월드컵북로54길,1130227600,상암동 1704,126.8887390930264587_37.5805999182029922,1130047701,월드컵파크5단지교차로,126.8879562129837808_37.5798223834944807,111.0,13.0,정체,126.8879562129837808_37.5798223834944807|126.8887390930264587_37.5805999182029922
2026-09-04T18:34:05.570303+09:00,DMC(디지털미디어시티),DMC(디지털미디어시티),POI084,KEY_1,1130073500,월드컵북로54길,1130047704,월드컵파크5단지교차로,126.8878473615480118_37.5798871744750684,1130049203,MBC문화방송본사,126.8892836564560582_37.5813136494657627,203.0,11.0,정체,126.8892836564560582_37.5813136494657627|126.8886330781796232_37.5806675281166989|126.8878473615480118_37.5798871744750684
2026-09-04T18:34:05.570303+09:00,DMC(디지털미디어시티),DMC(디지털미디어시티),POI084,KEY_1,1130074000,월드컵북로56길,1130228900,상암동 1702,126.8875423772986579_37.5810132902587100,1130048401,LGCNS상암IT센터,126.8869393016809539_37.5804276653714808,84.0,11.5,정체,126.8869393016809539_37.5804276653714808|126.8875423772986579_37.5810132902587100
2026-09-04T18:34:05.570303+09:00,DMC(디지털미디어시티),DMC(디지털미디어시티),POI084,KEY_1,1130074100,월드컵북로56길,1130229000,상암동 1702,126.8874373024892890_37.5810818253805863,1130049603,대원방송,126.8882715653573143_37.5818919280665753,116.0,16.5,서행,126.8882715653573143_37.5818919280665753|126.8878698286892188_37.5815018285952149|126.8874373024892890_37.5810818253805863
2026-09-04T18:34:05.570303+09:00,DMC(디지털미디어시티),DMC(디지털미디어시티),POI084,KEY_1,1130074600,월드컵북로56길,1130049203,MBC문화방송본사,126.8892836564560582_37.5813136494657627,1130049602,대원방송,126.8883858216651532_37.5818323079101333,98.0,13.0,정체,126.8883858216651532_37.5818323079101333|126.8892836564560582_37.5813136494657627
2026-09-04T18:34:05.570303+09:00,DMC(디지털미디어시티),DMC(디지털미디어시티),POI084,KEY_1,1130074700,월드컵북로56길,1130049601,대원방송,126.8884656267736943_37.5819198063311930,1130049204,MBC문화방송본사,126.8893675179688074_37.5813988050588179,98.0,12.0,정체,126.8893675179688074_37.5813988050588179|126.8884656267736943_37.5819198063311930
2026-09-04T18:34:05.570303+09:00,DMC(디지털미디어시티),DMC(디지털미디어시티),POI084,KEY_1,1130074800,월드컵북로58길,1130229300,상암동 1700,126.8866383641144324_37.5815330002816026,1130049001,상암ITTower,126.8860549963467577_37.5809540024161706,82.0,15.0,서행,126.8860549963467577_37.5809540024161706|126.8866383641144324_37.5815330002816026
2026-09-04T18:34:05.570303+09:00,DMC(디지털미디어시티),DMC(디지털미디어시티),POI084,KEY_1,1130074900,월드컵북로58길,1130229400,상암동 1700,126.8865323748690059_37.5816006370995197,1130049903,한국지역정보개발원,126.8872903229448070_37.5823528908183846,107.0,12.0,정체,126.8872903229448070_37.5823528908183846|126.8869392975139192_37.5820045050870206|126.8865323748690059_37.5816006370995197
2026-09-04T18:34:05.570303+09:00,DMC(디지털미디어시티),DMC(디지털미디어시티),POI084,KEY_1,1130075000,월드컵북로54길,1130049802,MBC글로벌미디어센터,126.8902432196895802_37.5821317158528529,1130049201,MBC문화방송본사,126.8894754129642877_37.5813331049980519,112.0,12.7,정체,126.8894754129642877_37.5813331049980519|126.8902432196895802_37.5821317158528529
2026-09-04T18:34:05.570303+09:00,DMC(디지털미디어시티),DMC(디지털미디어시티),POI084,KEY_1,1130075100,월드컵북로54길,1130049204,MBC문화방송본사,126.8893675179688074_37.5813988050588179,1130049803,MBC글로벌미디어센터,126.8901255531158938_37.5821872546751976,110.0,11.0,정체,126.8901255531158938_37.5821872546751976|126.8893675179688074_37.5813988050588179
2026-09-04T18:34:05.570303+09:00,DMC(디지털미디어시티),DMC(디지털미디어시티),POI084,KEY_1,1130075200,월드컵북로56길,1130049603,대원방송,126.8882715653573143_37.5818919280665753,1130049902,한국지역정보개발원,126.8874140089263705_37.5823028164665516,88.0,20.0,서행,126.8874140089263705_37.5823028164665516|126.8882715653573143_37.5818919280665753
2026-09-04T18:34:05.570303+09:00,DMC(디지털미디어시티),DMC(디지털미디어시티),POI084,KEY_1,1130075300,월드컵북로56길,1130049901,한국지역정보개발원,126.8874997672136118_37.5823879290279308,1130049604,대원방송,126.8883416393229169_37.5819845548537756,87.0,20.0,서행,126.8883416393229169_37.5819845548537756|126.8874997672136118_37.5823879290279308
2026-09-04T18:34:05.570303+09:00,DMC(디지털미디어시티),DMC(디지털미디어시티),POI084,KEY_1,1130075400,월드컵북로60길,1130230800,상암동 1698,126.8856024106953129_37.5821067794425474,1130049401,월드컵파크6단지앞교차로,126.8850370693500054_37.5815595588284097,79.0,15.0,서행,126.8850370693500054_37.5815595588284097|126.8856024106953129_37.5821067794425474
2026-09-04T18:34:05.570303+09:00,DMC(디지털미디어시티),DMC(디지털미디어시티),POI084,KEY_1,1130075500,월드컵북로60길,1130049404,월드컵파크6단지앞교차로,126.8849281565869092_37.5816243792028004,1130050003,스탠포드호텔서울,126.8861101278442050_37.5827684534966480,164.0,12.0,정체,126.8861101278442050_37.5827684534966480|126.8854974703182421_37.5821754451747054|126.8849281565869092_37.5816243792028004
2026-09-04T18:34:05.570303+09:00,DMC(디지털미디어시티),DMC(디지털미디어시티),POI084,KEY_1,1130075600,월드컵북로60길,1130049903,한국지역정보개발원,126.8872903229448070_37.5823528908183846,1130050002,스탠포드호텔서울,126.8862442705996045_37.5827280529537973,101.0,15.0,서행,126.8862442705996045_37.5827280529537973|126.8872903229448070_37.5823528908183846
2026-09-04T18:34:05.570303+09:00,DMC(디지털미디어시티),DMC(디지털미디어시티),POI084,KEY_1,1130075700,월드컵북로60길,1130050001,스탠포드호텔서울,126.8863310804255065_37.5828155107780688,1130049904,한국지역정보개발원,126.8873780953404662_37.5824400024958010,101.0,17.0,서행,126.8873780953404662_37.5824400024958010|126.8863310804255065_37.5828155107780688
2026-09-04T18:34:05.570303+09:00,DMC(디지털미디어시티),DMC(디지털미디어시티),POI084,KEY_1,1130075800,월드컵북로62길,1130228600,상암동 1696,126.8845727100091239_37.5826845055324199,1130049701,상암동 1715,126.8840285649525583_37.5821600609072348,75.0,10.0,정체,126.8840285649525583_37.5821600609072348|126.8845727100091239_37.5826845055324199
2026-09-04T18:34:05.570303+09:00,DMC(디지털미디어시티),DMC(디지털미디어시티),POI084,KEY_1,1130075900,월드컵북로62길,1130049704,상암동 1715,126.8839196519033266_37.5822248985580174,1130050404,서울일본인학교,126.8848748758891105_37.5831455330485440,133.0,20.5,서행,126.8848748758891105_37.5831455330485440|126.8844679508670765_37.5827533468660917|126.8839196519033266_37.5822248985580174
2026-09-04T18:34:05.570303+09:00,DMC(디지털미디어시티),DMC(디지털미디어시티),POI084,KEY_1,1130076000,월드컵북로60길,1130050003,스탠포드호텔서울,126.8861101278442050_37.5827684534966480,1130050403,서울일본인학교,126.8849796349235106_37.5830766915166947,106.0,17.0,서행,126.8849796349235106_37.5830766915166947|126.8861101278442050_37.5827684534966480
2026-09-04T18:34:05.570303+09:00,DMC(디지털미디어시티),DMC(디지털미디어시티),POI084,KEY_1,1130076100,월드컵북로60길,1130050402,서울일본인학교,126.8850709902395550_37.5831660711584163,1130050004,스탠포드호텔서울,126.8862007374457335_37.5828580366690090,105.0,17.0,서행,126.8862007374457335_37.5828580366690090|126.8850709902395550_37.5831660711584163
2026-09-04T18:34:05.570303+09:00,DMC(디지털미디어시티),DMC(디지털미디어시티),POI084,KEY_1,1130076300,월드컵북로60길,1130051107,상암월드컵7단지,126.8870844323033538_37.5835933665662054,1130050001,스탠포드호텔서울,126.8863310804255065_37.5828155107780688,109.0,10.0,정체,126.8863310804255065_37.5828155107780688|126.8870844323033538_37.5835933665662054
2026-09-04T18:34:05.570303+09:00,DMC(디지털미디어시티),DMC(디지털미디어시티),POI084,KEY_1,1130076400,월드컵북로60길,1130050004,스탠포드호텔서울,126.8862007374457335_37.5828580366690090,1130051108,상암월드컵7단지,126.8869679526118830_37.5836502072271372,111.0,18.0,서행,126.8869679526118830_37.5836502072271372|126.8862007374457335_37.5828580366690090
2026-09-04T18:34:05.570303+09:00,DMC(디지털미디어시티),DMC(디지털미디어시티),POI084,KEY_1,1130086800,월드컵북로62길,1130050401,서울일본인학교,126.8849652876481997_37.5832339947921312,1130051104,서울드와이트외국인학교,126.8858869388385102_37.5841637180196386,131.0,12.0,정체,126.8858869388385102_37.5841637180196386|126.8855418938747874_37.5838022880318761|126.8849652876481997_37.5832339947921312
2026-09-04T18:34:05.570303+09:00,DMC(디지털미디어시티),DMC(디지털미디어시티),POI084,KEY_1,1130086900,월드컵북로62길,1130051103,서울드와이트외국인학교,126.8860048570749086_37.5841085121615635,1130050402,서울일본인학교,126.8850709902395550_37.5831660711584163,133.0,16.0,서행,126.8850709902395550_37.5831660711584163|126.8856488572541821_37.5837356083076131|126.8860048570749086_37.5841085121615635
2026-09-04T18:34:05.570303+09:00,가산디지털단지역,가산디지털단지역,POI013,KEY_2,1160003501,남부순환로,1170016605,디지털단지오거리,126.8897211418423723_37.4793279122721970,1170017201,가산치안센터,126.8878517040770220_37.4802639980304875,197.0,5.0,정체,126.8878517040770220_37.4802639980304875|126.8881729322508960_37.4800224635507888|126.8884184403771087_37.4798608276333667|126.8885644024226167_37.4797738008962611|126.8887806547894712_37.4796831946810585|126.8894559098646369_37.4794074114802385|126.8896311235157128_37.4793504792482182|126.8897211418423723_37.4793279122721970
2026-09-04T18:34:05.570303+09:00,가산디지털단지역,가산디지털단지역,POI013,KEY_2,1160003502,남부순환로,1170017202,가산치안센터,126.8877563510179272_37.4803409344622338,1170017603,진도로터리,126.8865717208607293_37.4816908228100871,183.0,4.0,정체,126.8865717208607293_37.4816908228100871|126.8871910645151360_37.4808930497281807|126.8872533985144457_37.4808234240947442|126.8874024014183703_37.4806569906409237|126.8874901153701131_37.4805714099006124|126.8877563510179272_37.4803409344622338
2026-09-04T18:34:05.570303+09:00,가산디지털단지역,가산디지털단지역,POI013,KEY_2,1160006501,벚꽃로56길,1170017604,진도로터리,126.8864996062809212_37.4817824247397624,1170018001,가산동 87-228,126.8849888398732020_37.4830651069565590,196.0,17.5,서행,126.8849888398732020_37.4830651069565590|126.8853232502128066_37.4828384705037578|126.8858521011573970_37.4824308281103526|126.8860411166215130_37.4822371023176615|126.8862685425384029_37.4819537373762728|126.8864996062809212_37.4817824247397624
2026-09-04T18:34:05.570303+09:00,가산디지털단지역,가산디지털단지역,POI013,KEY_2,1160006502,벚꽃로56길,1170018002,가산동 87-228,126.8848823508648422_37.4831372761665094,1170018202,가산동교차로,126.8811914499102755_37.4855182683695247,421.0,20.5,서행,126.8811914499102755_37.4855182683695247|126.8813904809196913_37.4854471229337562|126.8819767830358245_37.4851063326005800|126.8838600897582154_37.4838300660555532|126.8848823508648422_37.4831372761665094
2026-09-04T18:34:05.570303+09:00,가산디지털단지역,가산디지털단지역,POI013,KEY_2,1160008101,남부순환로,1170019000,가리봉고가차도,126.8791756496076175_37.4863167028194511,1160009900,구로IC,126.8767113990122795_37.4884030681732270,323.0,54.0,원활,126.8767113990122795_37.4884030681732270|126.8773617738595050_37.4876151761703653|126.8779138587961057_37.4870541454600001|126.8780827941354943_37.4869124175203083|126.8783482283694468_37.4867677307161458|126.8791756496076175_37.4863167028194511
2026-09-04T18:34:05.570303+09:00,가산디지털단지역,가산디지털단지역,POI013,KEY_2,1160276200,남부순환로,1170023204,구로IC,126.8781042169384961_37.4863653494947258,1160119403,구로IC,126.8779377906354995_37.4865789505771190,28.0,3.0,정체,126.8779377906354995_37.4865789505771190|126.8781042169384961_37.4863653494947258
2026-09-04T18:34:05.570303+09:00,가산디지털단지역,가산디지털단지역,POI013,KEY_2,1170007901,디지털로,1170014101,디지털3단지교차로,126.8808941691960683_37.4759382777542669,1170014502,수출의다리고가차도(서측),126.8817270968934139_37.4761604725563657,78.0,3.0,정체,126.8817270968934139_37.4761604725563657|126.8808941691960683_37.4759382777542669
2026-09-04T18:34:05.570303+09:00,가산디지털단지역,가산디지털단지역,POI013,KEY_2,1170007902,디지털로,1170014502,수출의다리고가차도(서측),126.8817270968934139_37.4761604725563657,1170002804,창업경영신문,126.8831950703829676_37.4766334638794163,141.0,3.0,정체,126.8831950703829676_37.4766334638794163|126.8819600632701992_37.4762838037544910|126.8817270968934139_37.4761604725563657
2026-09-04T18:34:05.570303+09:00,가산디지털단지역,가산디지털단지역,POI013,KEY_2,1170008100,디지털로,1170014502,수출의다리고가차도(서측),126.8817270968934139_37.4761604725563657,1170014802,수출의다리고가차도(동측),126.8868851157251072_37.4776397125304612,485.0,3.0,정체,126.8868851157251072_37.4776397125304612|126.8849451085779663_37.4770773261663095|126.8844958007691304_37.4769546947428012|126.8832815434968353_37.4766005762184591|126.8817270968934139_37.4761604725563657
2026-09-04T18:34:05.570303+09:00,가산디지털단지역,가산디지털단지역,POI013,KEY_2,1170008501,디지털로,1170002901,가산동 60-35,126.8849706404372881_37.4771422536530636,1170014802,수출의다리고가차도(동측),126.8868851157251072_37.4776397125304612,179.0,12.0,정체,126.8868851157251072_37.4776397125304612|126.8866068412610275_37.4776165718272409|126.8849706404372881_37.4771422536530636
2026-09-04T18:34:05.570303+09:00,가산디지털단지역,가산디지털단지역,POI013,KEY_2,1170008502,디지털로,1170014802,수출의다리고가차도(동측),126.8868851157251072_37.4776397125304612,1170015304,마리오사거리,126.8879457849973704_37.4779606013956652,100.0,2.0,정체,126.8879457849973704_37.4779606013956652|126.8877937382763292_37.4779018553425018|126.8868851157251072_37.4776397125304612
2026-09-04T18:34:05.570303+09:00,가산디지털단지역,가산디지털단지역,POI013,KEY_2,1170008700,가산디지털2로,1170165900,가산동 450-2,126.8795693852690647_37.4785504672348466,1170003103,넥스트데일리,126.8792068995255988_37.4793524705919339,95.0,10.0,정체,126.8792068995255988_37.4793524705919339|126.8795693852690647_37.4785504672348466
2026-09-04T18:34:05.570303+09:00,가산디지털단지역,가산디지털단지역,POI013,KEY_2,1170008800,가산디지털2로,1170151300,가산동 450-2,126.8799342887909205_37.4780621502048774,1170014101,디지털3단지교차로,126.8808941691960683_37.4759382777542669,251.0,18.0,서행,126.8808941691960683_37.4759382777542669|126.8806351373934405_37.4765114353296767|126.8804550586407345_37.4769098885863343|126.8799342887909205_37.4780621502048774
2026-09-04T18:34:05.570303+09:00,가산디지털단지역,가산디지털단지역,POI013,KEY_2,1170009100,가산디지털1로,1170002804,창업경영신문,126.8831950703829676_37.4766334638794163,1170017103,우림라이온스밸리,126.8816733364257345_37.4800346466289866,401.0,10.5,정체,126.8816733364257345_37.4800346466289866|126.8831950703829676_37.4766334638794163
2026-09-04T18:34:05.570303+09:00,가산디지털단지역,가산디지털단지역,POI013,KEY_2,1170009200,가산디지털1로,1170017102,우림라이온스밸리,126.8818011270400490_37.4800709604220117,1170002801,창업경영신문,126.8833226910250147_37.4766701422596853,401.0,15.5,서행,126.8833226910250147_37.4766701422596853|126.8818011270400490_37.4800709604220117
2026-09-04T18:34:05.570303+09:00,가산디지털단지역,가산디지털단지역,POI013,KEY_2,1170009301,디지털로,1170015301,마리오사거리,126.8880672616053715_37.4780099944341174,1170015804,가산동 60-35,126.8888608195852470_37.4786422669334556,100.0,2.0,정체,126.8888608195852470_37.4786422669334556|126.8881409368257351_37.4780418229270751|126.8880672616053715_37.4780099944341174
2026-09-04T18:34:05.570303+09:00,가산디지털단지역,가산디지털단지역,POI013,KEY_2,1170009302,디지털로,1170015801,가산동 127-34,126.8889577744570971_37.4787220070768754,1170016605,디지털단지오거리,126.8897211418423723_37.4793279122721970,95.0,2.0,정체,126.8897211418423723_37.4793279122721970|126.8895964707636494_37.4792431250065050|126.8893402984789844_37.4790341130758478|126.8889577744570971_37.4787220070768754
2026-09-04T18:34:05.570303+09:00,가산디지털단지역,가산디지털단지역,POI013,KEY_2,1170009501,벚꽃로,1170002904,가산동 60-35,126.8848493716510859_37.4770937824342951,1170017303,가산디지털단지역,126.8833329550342484_37.4805985517580140,412.0,6.0,정체,126.8833329550342484_37.4805985517580140|126.8836020502718611_37.4799046444760648|126.8836391972232320_37.4798198577455253|126.8847971478063670_37.4771767696381630|126.8848493716510859_37.4770937824342951
2026-09-04T18:34:05.570303+09:00,가산디지털단지역,가산디지털단지역,POI013,KEY_2,1170009502,벚꽃로,1170017304,가산디지털단지역,126.8832914721379836_37.4806927127882901,1170003303,가산디지털단지역앞교차로,126.8828894882291110_37.4816141572351995,108.0,21.0,서행,126.8828894882291110_37.4816141572351995|126.8830619523466794_37.4811548390686653|126.8832914721379836_37.4806927127882901
2026-09-04T18:34:05.570303+09:00,가산디지털단지역,가산디지털단지역,POI013,KEY_2,1170009601,벚꽃로,1170168100,가산동 60-35,126.8837672852709773_37.4798554986572157,1170002901,가산동 60-35,126.8849706404372881_37.4771422536530636,319.0,10.0,정체,126.8849706404372881_37.4771422536530636|126.8849223436458260_37.4772190002988594|126.8837672852709773_37.4798554986572157
2026-09-04T18:34:05.570303+09:00,가산디지털단지역,가산디지털단지역,POI013,KEY_2,1170009602,벚꽃로,1170003302,가산디지털단지역앞교차로,126.8830194687454451_37.4816451521612635,1170017301,가산디지털단지역,126.8834176229635631_37.4807325035353074,107.0,6.0,정체,126.8834176229635631_37.4807325035353074|126.8831902554749149_37.4811902972294035|126.8830194687454451_37.4816451521612635
2026-09-04T18:34:05.570303+09:00,가산디지털단지역,가산디지털단지역,POI013,KEY_2,1170009700,가산디지털1로,1170003101,넥스트데일리,126.8792897949768275_37.4794901852118443,1170017104,우림라이온스밸리,126.8816281155147578_37.4801365859910831,219.0,2.0,정체,126.8816281155147578_37.4801365859910831|126.8792897949768275_37.4794901852118443
2026-09-04T18:34:05.570303+09:00,가산디지털단지역,가산디지털단지역,POI013,KEY_2,1170009800,가산디지털1로,1170017103,우림라이온스밸리,126.8816733364257345_37.4800346466289866,1170003102,넥스트데일리,126.8793349417991720_37.4793882254874120,219.0,12.0,정체,126.8793349417991720_37.4793882254874120|126.8816733364257345_37.4800346466289866
2026-09-04T18:34:05.570303+09:00,가산디지털단지역,가산디지털단지역,POI013,KEY_2,1170009901,디지털로9길,1170164100,가산동 60-35,126.8857907737875763_37.4806189633382587,1170017503,가산KS타워,126.8854049819534566_37.4811550680724608,69.0,10.7,정체,126.8854049819534566_37.4811550680724608|126.8854945275656974_37.4809843865200421|126.8857907737875763_37.4806189633382587
2026-09-04T18:34:05.570303+09:00,가산디지털단지역,가산디지털단지역,POI013,KEY_2,1170009902,디지털로9길,1170017504,가산KS타워,126.8853679062811182_37.4812594917756741,1170017803,가산동 602-6,126.8846865555989893_37.4822817629960028,146.0,11.0,정체,126.8846865555989893_37.4822817629960028|126.8847872687601921_37.4822837721918489|126.8849954357073386_37.4822479211715986|126.8850646930436028_37.4822359934149461|126.8850993805177296_37.4821999372626919|126.8853385586020295_37.4814344575109359|126.8853679062811182_37.4812594917756741
2026-09-04T18:34:05.570303+09:00,가산디지털단지역,가산디지털단지역,POI013,KEY_2,1170009903,벚꽃로38길,1170155100,가산동 46-1,126.8840151666784664_37.4820112742903930,1170003302,가산디지털단지역앞교차로,126.8830194687454451_37.4816451521612635,97.0,22.0,서행,126.8830194687454451_37.4816451521612635|126.8831886167514966_37.4817004430020972|126.8840151666784664_37.4820112742903930
2026-09-04T18:34:05.570303+09:00,가산디지털단지역,가산디지털단지역,POI013,KEY_2,1170010001,디지털로9길,1170157900,가산동 60-35,126.8876891962911060_37.4784763829253507,1170015301,마리오사거리,126.8880672616053715_37.4780099944341174,62.0,3.0,정체,126.8880672616053715_37.4780099944341174|126.8876891962911060_37.4784763829253507
2026-09-04T18:34:05.570303+09:00,가산디지털단지역,가산디지털단지역,POI013,KEY_2,1170010002,디지털로9길,1170164300,가산동 83-17,126.8850240952999968_37.4823536023999466,1170017501,가산KS타워,126.8854966385132741_37.4813080721727374,130.0,24.0,서행,126.8854966385132741_37.4813080721727374|126.8854720363983688_37.4814547452319502|126.8852242188884105_37.4822478778168318|126.8851420531717906_37.4823332874456128|126.8850240952999968_37.4823536023999466
2026-09-04T18:34:05.570303+09:00,가산디지털단지역,가산디지털단지역,POI013,KEY_2,1170010003,벚꽃로38길,1170003301,가산디지털단지역앞교차로,126.8829893206686705_37.4817521605425767,1170017805,가산동 44-2,126.8845113234408046_37.4823435056280232,150.0,17.0,서행,126.8845113234408046_37.4823435056280232|126.8844121273338743_37.4822801062946951|126.8839572660004364_37.4821090552079923|126.8831338864580545_37.4817994160133665|126.8829893206686705_37.4817521605425767
2026-09-04T18:34:05.570303+09:00,가산디지털단지역,가산디지털단지역,POI013,KEY_2,1170010100,가산디지털2로,1170163700,가산동 459-16,126.8780659482346493_37.4819818783020651,1170003403,에이스K1타워,126.8776671309272359_37.4829016927615086,108.0,4.0,정체,126.8776671309272359_37.4829016927615086|126.8780659482346493_37.4819818783020651
2026-09-04T18:34:05.570303+09:00,가산디지털단지역,가산디지털단지역,POI013,KEY_2,1170010200,가산디지털2로,1170158600,가산동 459-16,126.8788328581306786_37.4805441223066751,1170003101,넥스트데일리,126.8792897949768275_37.4794901852118443,124.0,4.0,정체,126.8792897949768275_37.4794901852118443|126.8790614862625290_37.4800167893449014|126.8788328581306786_37.4805441223066751
2026-09-04T18:34:05.570303+09:00,가산디지털단지역,가산디지털단지역,POI013,KEY_2,1170010300,가산디지털1로,1170150600,가산동 459-10,126.8808801590886901_37.4818370707626585,1170003503,한국훼스토사옥,126.8801118740768601_37.4835836867734358,205.0,12.0,정체,126.8801118740768601_37.4835836867734358|126.8803369051264553_37.4830721111243506|126.8808801590886901_37.4818370707626585
2026-09-04T18:34:05.570303+09:00,가산디지털단지역,가산디지털단지역,POI013,KEY_2,1170010400,가산디지털1로,1170167300,가산동 616-15,126.8813486780083650_37.4810987530050070,1170017101,우림라이온스밸리,126.8817561488803136_37.4801723509751810,109.0,3.0,정체,126.8817561488803136_37.4801723509751810|126.8815593348671769_37.4806198189058648|126.8813486780083650_37.4810987530050070
2026-09-04T18:34:05.570303+09:00,가산디지털단지역,가산디지털단지역,POI013,KEY_2,1170010500,가산디지털1로,1170003401,에이스K1타워,126.8777503253269572_37.4830394456682896,1170003504,한국훼스토사옥,126.8800667333185430_37.4836856482294465,217.0,6.0,정체,126.8800667333185430_37.4836856482294465|126.8780941474029760_37.4831353644310639|126.8777503253269572_37.4830394456682896
2026-09-04T18:34:05.570303+09:00,가산디지털단지역,가산디지털단지역,POI013,KEY_2,1170010600,가산디지털1로,1170003503,한국훼스토사옥,126.8801118740768601_37.4835836867734358,1170003402,에이스K1타워,126.8777951926237648_37.4829374080324058,217.0,19.0,서행,126.8777951926237648_37.4829374080324058|126.8781389769056318_37.4830333162361384|126.8801118740768601_37.4835836867734358
2026-09-04T18:34:05.570303+09:00,가산디지털단지역,가산디지털단지역,POI013,KEY_2,1170010700,가산디지털2로,1170003404,에이스K1타워,126.8776222640547218_37.4830037301974457,1170023003,한일유앤아이앞교차로,126.8764497305519399_37.4856050416145052,307.0,3.0,정체,126.8764497305519399_37.4856050416145052|126.8769530191521113_37.4844974112430336|126.8771270214393354_37.4841144613098365|126.8776222640547218_37.4830037301974457
2026-09-04T18:34:05.570303+09:00,가산디지털단지역,가산디지털단지역,POI013,KEY_2,1170010800,가산디지털2로,1170156100,가산동 481-16,126.8770714123987062_37.4845325912213241,1170003401,에이스K1타워,126.8777503253269572_37.4830394456682896,176.0,6.0,정체,126.8777503253269572_37.4830394456682896|126.8772551320893029_37.4841500725636081|126.8770714123987062_37.4845325912213241
2026-09-04T18:34:05.570303+09:00,가산디지털단지역,가산디지털단지역,POI013,KEY_2,1170010901,가산디지털1로,1170018402,구로IC,126.8790152981205779_37.4860597091810774,1170023202,구로IC,126.8782894081204518_37.4863251524316681,72.0,28.5,원활,126.8782894081204518_37.4863251524316681|126.8784915212230970_37.4863057342280257|126.8790152981205779_37.4860597091810774
2026-09-04T18:34:05.570303+09:00,가산디지털단지역,가산디지털단지역,POI013,KEY_2,1170010902,가산디지털1로,1170003504,한국훼스토사옥,126.8800667333185430_37.4836856482294465,1170018402,구로IC,126.8790152981205779_37.4860597091810774,279.0,8.0,정체,126.8790152981205779_37.4860597091810774|126.8790604212477149_37.4859441407688223|126.8793212295502570_37.4853588158684659|126.8795574099507206_37.4848287542369079|126.8800667333185430_37.4836856482294465
2026-09-04T18:34:05.570303+09:00,가산디지털단지역,가산디지털단지역,POI013,KEY_2,1170011000,가산디지털1로,1170150700,가산동 505-21,126.8794490895131304_37.4853949931488870,1170003501,한국훼스토사옥,126.8801945904667718_37.4837218246057446,197.0,2.0,정체,126.8801945904667718_37.4837218246057446|126.8796852690211807_37.4848649312325009|126.8794490895131304_37.4853949931488870
2026-09-04T18:34:05.570303+09:00,가산디지털단지역,가산디지털단지역,POI013,KEY_2,1170028300,디지털로,1170023502,철산교고가차도,126.8800949544824590_37.4757125871934207,1170013902,가산동 371-27,126.8802765869246230_37.4757477449477676,17.0,26.0,원활,126.8802765869246230_37.4757477449477676|126.8800949544824590_37.4757125871934207
2026-09-04T18:34:05.570303+09:00,가산디지털단지역,가산디지털단지역,POI013,KEY_2,1170028500,디지털로,1170013902,가산동 371-27,126.8802765869246230_37.4757477449477676,1170014104,디지털3단지교차로,126.8807666706382662_37.4759013303836070,47.0,7.0,정체,126.8807666706382662_37.4759013303836070|126.8802765869246230_37.4757477449477676
2026-09-04T18:34:05.570303+09:00,가산디지털단지역,가산디지털단지역,POI013,KEY_2,1170028900,디지털로,1170002801,창업경영신문,126.8833226910250147_37.4766701422596853,1170019102,가산동 371-37,126.8844718276479000_37.4770052692773135,108.0,7.0,정체,126.8844718276479000_37.4770052692773135|126.8833226910250147_37.4766701422596853
2026-09-04T18:34:05.570303+09:00,가산디지털단지역,가산디지털단지역,POI013,KEY_2,1170029200,서부샛길,1170153800,가산동 547-52,126.8767546681473988_37.4782024378307170,1170015903,가산동 544-13,126.8765381634038363_37.4785920668772263,47.0,23.0,서행,126.8765381634038363_37.4785920668772263|126.8766674236980521_37.4783525686198544|126.8767546681473988_37.4782024378307170
2026-09-04T18:34:05.570303+09:00,가산디지털단지역,가산디지털단지역,POI013,KEY_2,1170029300,서부샛길,1170151400,가산동 550-15,126.8780991489793593_37.4762654423675059,1170014301,가산동 550-22,126.8783120974288749_37.4759271076860259,42.0,8.0,정체,126.8783120974288749_37.4759271076860259|126.8780991489793593_37.4762654423675059
2026-09-04T18:34:05.570303+09:00,가산디지털단지역,가산디지털단지역,POI013,KEY_2,1170030000,가산디지털2로,1170164700,가산동 547-99,126.8773536677577454_37.4788296880376564,1170015902,가산동 544-13,126.8766627919840744_37.4786347879414308,65.0,18.0,서행,126.8766627919840744_37.4786347879414308|126.8773536677577454_37.4788296880376564
2026-09-04T18:34:05.570303+09:00,가산디지털단지역,가산디지털단지역,POI013,KEY_2,1170030100,가산디지털2로,1170015901,가산동 544-12,126.8766133438417967_37.4787355332651373,1170003104,넥스트데일리,126.8791617565880898_37.4794544305682820,239.0,4.0,정체,126.8791617565880898_37.4794544305682820|126.8773083963655779_37.4789316116942430|126.8766133438417967_37.4787355332651373
2026-09-04T18:34:05.570303+09:00,가산디지털단지역,가산디지털단지역,POI013,KEY_2,1170030200,서부간선도로,1170023102,철산교,126.8780496419956876_37.4758314471784288,1170017902,광명대교,126.8742441723002514_37.4831753643997345,884.0,7.0,정체,126.8742441723002514_37.4831753643997345|126.8742841358361062_37.4830666454064314|126.8746521467129043_37.4820934591778610|126.8757447269381515_37.4798258450576327|126.8762013804379194_37.4788734274832294|126.8764080609626461_37.4784287554216320|126.8767237674334041_37.4779089228715350|126.8772010922821636_37.4771584487192797|126.8780496419956876_37.4758314471784288
2026-09-04T18:34:05.570303+09:00,가산디지털단지역,가산디지털단지역,POI013,KEY_2,1170030300,서부간선도로,1170017901,광명대교,126.8743744262892932_37.4832057708655171,1170023101,철산교,126.8781714453113096_37.4758789730092374,881.0,9.0,정체,126.8781714453113096_37.4758789730092374|126.8768453846509772_37.4779569383214692|126.8765330638727704_37.4784711983867780|126.8763284069663797_37.4789115164048496|126.8758714678139228_37.4798645333357214|126.8747806505455884_37.4821284959943171|126.8745671705812583_37.4826930422461686|126.8744142413161313_37.4830974513846513|126.8743744262892932_37.4832057708655171
2026-09-04T18:34:05.570303+09:00,가산디지털단지역,가산디지털단지역,POI013,KEY_2,1170030400,디지털로11길,1170015804,가산동 60-35,126.8888608195852470_37.4786422669334556,1170017202,가산치안센터,126.8877563510179272_37.4803409344622338,225.0,8.0,정체,126.8877563510179272_37.4803409344622338|126.8876487189374700_37.4802532686979433|126.8876152582835175_37.4801857324034202|126.8877781348083573_37.4799839046579919|126.8888608195852470_37.4786422669334556
2026-09-04T18:34:05.570303+09:00,가산디지털단지역,가산디지털단지역,POI013,KEY_2,1170030500,디지털로11길,1170017201,가산치안센터,126.8878517040770220_37.4802639980304875,1170015801,가산동 127-34,126.8889577744570971_37.4787220070768754,205.0,14.0,정체,126.8889577744570971_37.4787220070768754|126.8878922441530221_37.4800423892421009|126.8877682556147874_37.4801960294957510|126.8878517040770220_37.4802639980304875
2026-09-04T18:34:05.570303+09:00,가산디지털단지역,가산디지털단지역,POI013,KEY_2,1170030600,서부샛길,1170156300,가산동 542-18,126.8762015040739612_37.4792846998089075,1170017703,가산동 535-140,126.8748589685998525_37.4821163650056377,336.0,26.5,원활,126.8748589685998525_37.4821163650056377|126.8752476347248290_37.4812862732621923|126.8754964236416640_37.4807660887605039|126.8755720501943642_37.4806079621604198|126.8758630488654546_37.4799995100011856|126.8762015040739612_37.4792846998089075
2026-09-04T18:34:05.570303+09:00,가산디지털단지역,가산디지털단지역,POI013,KEY_2,1170030700,서부샛길,1170156400,가산동 543-1,126.8763284381504661_37.4793228710363309,1170015901,가산동 544-12,126.8766133438417967_37.4787355332651373,70.0,30.0,원활,126.8766133438417967_37.4787355332651373|126.8764689858910373_37.4790635996740278|126.8764086333215033_37.4791534977809491|126.8763284381504661_37.4793228710363309
2026-09-04T18:34:05.570303+09:00,가산디지털단지역,가산디지털단지역,POI013,KEY_2,1170031000,벚꽃로36길,1170017503,가산KS타워,126.8854049819534566_37.4811550680724608,1170017302,가산디지털단지역,126.8834625777253109_37.4806304764118963,181.0,2.0,정체,126.8834625777253109_37.4806304764118963|126.8845092248789683_37.4809084600321043|126.8851637740912679_37.4810822988738792|126.8854049819534566_37.4811550680724608
2026-09-04T18:34:05.570303+09:00,가산디지털단지역,가산디지털단지역,POI013,KEY_2,1170031100,벚꽃로36길,1170168600,가산동 60-35,126.8844663288588350_37.4810110345676577,1170017504,가산KS타워,126.8853679062811182_37.4812594917756741,84.0,8.0,정체,126.8853679062811182_37.4812594917756741|126.8851182907982178_37.4811841866554118|126.8844663288588350_37.4810110345676577
2026-09-04T18:34:05.570303+09:00,가산디지털단지역,가산디지털단지역,POI013,KEY_2,1170031200,벚꽃로36길,1170017603,진도로터리,126.8865717208607293_37.4816908228100871,1170017502,가산KS타워,126.8855287992586085_37.4811993588658439,107.0,3.0,정체,126.8855287992586085_37.4811993588658439|126.8856946300879258_37.4812690241665081|126.8865717208607293_37.4816908228100871
2026-09-04T18:34:05.570303+09:00,가산디지털단지역,가산디지털단지역,POI013,KEY_2,1170031300,벚꽃로36길,1170017501,가산KS타워,126.8854966385132741_37.4813080721727374,1170017604,진도로터리,126.8864996062809212_37.4817824247397624,103.0,6.0,정체,126.8864996062809212_37.4817824247397624|126.8856278911453188_37.4813632104785341|126.8854966385132741_37.4813080721727374
2026-09-04T18:34:05.570303+09:00,가산디지털단지역,가산디지털단지역,POI013,KEY_2,1170031600,가산디지털2로,1170003403,에이스K1타워,126.8776671309272359_37.4829016927615086,1170017702,가산동 535-140,126.8749860827710734_37.4821541629738917,251.0,17.0,서행,126.8749860827710734_37.4821541629738917|126.8771006730682416_37.4827437593072830|126.8776671309272359_37.4829016927615086
2026-09-04T18:34:05.570303+09:00,가산디지털단지역,가산디지털단지역,POI013,KEY_2,1170031700,가산디지털2로,1170017701,가산동 535-140,126.8749405965466508_37.4822560278924541,1170003404,에이스K1타워,126.8776222640547218_37.4830037301974457,251.0,23.5,서행,126.8776222640547218_37.4830037301974457|126.8770558675186066_37.4828458138785905|126.8749405965466508_37.4822560278924541
2026-09-04T18:34:05.570303+09:00,가산디지털단지역,가산디지털단지역,POI013,KEY_2,1170031800,벚꽃로38길,1170018001,가산동 87-228,126.8849888398732020_37.4830651069565590,1170017802,가산동 602-6,126.8846772351536458_37.4823809587892427,81.0,22.0,서행,126.8846772351536458_37.4823809587892427|126.8846856655747217_37.4824789783436785|126.8847230497314200_37.4825887441221894|126.8848857802843639_37.4829088102786230|126.8849888398732020_37.4830651069565590
2026-09-04T18:34:05.570303+09:00,가산디지털단지역,가산디지털단지역,POI013,KEY_2,1170031900,벚꽃로38길,1170017806,가산동 602-6,126.8845429062670860_37.4824003203607106,1170018002,가산동 87-228,126.8848823508648422_37.4831372761665094,88.0,22.0,서행,126.8848823508648422_37.4831372761665094|126.8847625679666606_37.4829543974171813|126.8845942445571637_37.4826233297257261|126.8845512215779223_37.4824970086767024|126.8845429062670860_37.4824003203607106
2026-09-04T18:34:05.570303+09:00,가산디지털단지역,가산디지털단지역,POI013,KEY_2,1170032000,서부샛길,1170017704,가산동 535-140,126.8748120880016330_37.4822213561447128,1170018102,광명대교,126.8740587812258696_37.4851270971715280,330.0,29.0,원활,126.8740587812258696_37.4851270971715280|126.8741436649035990_37.4846873682491832|126.8741537951397902_37.4846348895166557|126.8742036013845649_37.4842427896649255|126.8742494009264590_37.4839837526722377|126.8742891614991066_37.4838292628454326|126.8743330290148634_37.4836588147161365|126.8746081909190053_37.4827012903680625|126.8748120880016330_37.4822213561447128
2026-09-04T18:34:05.570303+09:00,가산디지털단지역,가산디지털단지역,POI013,KEY_2,1170032100,서부샛길,1170168200,가산동 536-14,126.8744238567562235_37.4838473620564159,1170017701,가산동 535-140,126.8749405965466508_37.4822560278924541,183.0,30.0,원활,126.8749405965466508_37.4822560278924541|126.8747379563199473_37.4827330065497080|126.8745128245454907_37.4834893090519898|126.8744308419180982_37.4838078535391972|126.8744238567562235_37.4838473620564159
2026-09-04T18:34:05.570303+09:00,가산디지털단지역,가산디지털단지역,POI013,KEY_2,1170032200,벚꽃로,1170003304,가산디지털단지역앞교차로,126.8828556252263553_37.4817337593798925,1170018203,가산동교차로,126.8810193619301288_37.4855797823955541,457.0,21.7,서행,126.8810193619301288_37.4855797823955541|126.8814549818461330_37.4846175107537718|126.8816762697065883_37.4841371457142856|126.8819732803121099_37.4835805968858509|126.8821895137885321_37.4831754053464792|126.8823893348157696_37.4827592756745958|126.8825550680871004_37.4824141303692215|126.8826465093475946_37.4822236992901168|126.8827737257268780_37.4819587629643607|126.8828437361635224_37.4817886175017208|126.8828556252263553_37.4817337593798925
2026-09-04T18:34:05.570303+09:00,가산디지털단지역,가산디지털단지역,POI013,KEY_2,1170032300,벚꽃로,1170157400,가산동 34-91,126.8827732242271651_37.4822623402857431,1170003301,가산디지털단지역앞교차로,126.8829893206686705_37.4817521605425767,60.0,29.0,원활,126.8829893206686705_37.4817521605425767|126.8829757450834563_37.4818148018831323|126.8829016185382415_37.4819949499432283|126.8827732242271651_37.4822623402857431
2026-09-04T18:34:05.570303+09:00,가산디지털단지역,가산디지털단지역,POI013,KEY_2,1170032400,서부간선도로,1170017902,광명대교,126.8742441723002514_37.4831753643997345,1170022903,금천구-광명시,126.8734821978691230_37.4850995426429492,225.0,24.0,서행,126.8734821978691230_37.4850995426429492|126.8736948615680831_37.4844914584934017|126.8739616413024578_37.4837516950747229|126.8741225826684911_37.4833138490987423|126.8742441723002514_37.4831753643997345
2026-09-04T18:34:05.570303+09:00,가산디지털단지역,가산디지털단지역,POI013,KEY_2,1170032500,서부간선도로,1170022902,금천구-광명시,126.8737588846273923_37.4851140302723067,1170017901,광명대교,126.8743744262892932_37.4832057708655171,219.0,3.0,정체,126.8743744262892932_37.4832057708655171|126.8743604958764450_37.4834381828801071|126.8739559928559828_37.4845504191062844|126.8737588846273923_37.4851140302723067
2026-09-04T18:34:05.570303+09:00,가산디지털단지역,가산디지털단지역,POI013,KEY_2,1170032600,서부간선도로,2130001604,금천구-광명시,126.8734167913569877_37.4857818034045209,1170017901,광명대교,126.8743744262892932_37.4832057708655171,298.0,8.0,정체,126.8743744262892932_37.4832057708655171|126.8738910636768082_37.4845347984241712|126.8734167913569877_37.4857818034045209
2026-09-04T18:34:05.570303+09:00,가산디지털단지역,가산디지털단지역,POI013,KEY_2,1170032700,서부간선도로,1170017902,광명대교,126.8742441723002514_37.4831753643997345,2130001605,금천구-광명시,126.8733111410033843_37.4857606763575504,299.0,5.0,정체,126.8733111410033843_37.4857606763575504|126.8737601144272276_37.4845061759182911|126.8740267697573216_37.4837667537030796|126.8742441723002514_37.4831753643997345
2026-09-04T18:34:05.570303+09:00,가산디지털단지역,가산디지털단지역,POI013,KEY_2,1170032800,서부간선도로,2130001604,금천구-광명시,126.8734167913569877_37.4857818034045209,1170022901,금천구-광명시,126.8737210965491045_37.4852198895296880,68.0,40.0,원활,126.8737210965491045_37.4852198895296880|126.8735624265544004_37.4856033073380033|126.8734167913569877_37.4857818034045209
2026-09-04T18:34:05.570303+09:00,가산디지털단지역,가산디지털단지역,POI013,KEY_2,1170032900,서부간선도로,1170022904,금천구-광명시,126.8734457962195279_37.4852015732672896,2130001605,금천구-광명시,126.8733111410033843_37.4857606763575504,64.0,5.0,정체,126.8733111410033843_37.4857606763575504|126.8733240737339401_37.4855316814037565|126.8734457962195279_37.4852015732672896
2026-09-04T18:34:05.570303+09:00,가산디지털단지역,가산디지털단지역,POI013,KEY_2,1170033000,남부순환로,1170018700,구로구-금천구,126.8790815469585880_37.4864162607002811,1170018401,구로IC,126.8791448623472178_37.4860989419166160,36.0,3.0,정체,126.8791448623472178_37.4860989419166160|126.8791164766049633_37.4862132444492389|126.8790891626350685_37.4863324792847834|126.8790815469585880_37.4864162607002811
2026-09-04T18:34:05.570303+09:00,가산디지털단지역,가산디지털단지역,POI013,KEY_2,1170043300,서부간선도로,1170023101,철산교,126.8781714453113096_37.4758789730092374,1170023401,철산교교차로,126.8792146732295976_37.4741770255893343,210.0,8.0,정체,126.8792146732295976_37.4741770255893343|126.8791512669663177_37.4742680248910673|126.8785461422459235_37.4752412749364154|126.8784617030426745_37.4753839935928355|126.8781714453113096_37.4758789730092374
2026-09-04T18:34:05.570303+09:00,가산디지털단지역,가산디지털단지역,POI013,KEY_2,1170043400,서부간선도로,1170023402,철산교교차로,126.8791102050527684_37.4741042433240850,1170023102,철산교,126.8780496419956876_37.4758314471784288,213.0,9.0,정체,126.8780496419956876_37.4758314471784288|126.8784241722095771_37.4751939636416651|126.8790311411188014_37.4742177436715664|126.8791102050527684_37.4741042433240850
2026-09-04T18:34:05.570303+09:00,가산디지털단지역,가산디지털단지역,POI013,KEY_2,1170043600,디지털로,1170023301,철산대교,126.8786566066053894_37.4753214467683478,1170023502,철산교고가차도,126.8800949544824590_37.4757125871934207,134.0,5.0,정체,126.8800949544824590_37.4757125871934207|126.8786566066053894_37.4753214467683478
2026-09-04T18:34:05.570303+09:00,가산디지털단지역,가산디지털단지역,POI013,KEY_2,1170043700,서부샛길,1170023101,철산교,126.8781714453113096_37.4758789730092374,1170023301,철산대교,126.8786566066053894_37.4753214467683478,75.0,6.0,정체,126.8786566066053894_37.4753214467683478|126.8781714453113096_37.4758789730092374
2026-09-04T18:34:05.570303+09:00,가산디지털단지역,가산디지털단지역,POI013,KEY_2,1170043800,가마산로,1170023203,구로IC,126.8781715420438019_37.4862714751951671,1170023002,한일유앤아이앞교차로,126.8765440518033216_37.4856305734552890,161.0,35.0,원활,126.8765440518033216_37.4856305734552890|126.8768290793187106_37.4857120254992182|126.8773411424120496_37.4858928057238785|126.8779136422489131_37.4861540250904710|126.8781715420438019_37.4862714751951671
2026-09-04T18:34:05.570303+09:00,가산디지털단지역,가산디지털단지역,POI013,KEY_2,1170043900,가마산로,1170023001,한일유앤아이앞교차로,126.8765517662187534_37.4857476377097569,1170023204,구로IC,126.8781042169384961_37.4863653494947258,154.0,5.0,정체,126.8781042169384961_37.4863653494947258|126.8778462666792564_37.4862478999184319|126.8772797986363656_37.4859894003297995|126.8767786420606427_37.4858124623021354|126.8765517662187534_37.4857476377097569
2026-09-04T18:34:05.570303+09:00,가산디지털단지역,가산디지털단지역,POI013,KEY_2,1170044000,가마산로,1160002600,구로구-금천구,126.8787546103777828_37.4865587443682529,1170023202,구로IC,126.8782894081204518_37.4863251524316681,49.0,46.0,원활,126.8782894081204518_37.4863251524316681|126.8783716099286067_37.4863625878676814|126.8787546103777828_37.4865587443682529
2026-09-04T18:34:05.570303+09:00,가산디지털단지역,가산디지털단지역,POI013,KEY_2,1170044100,가마산로,1170023201,구로IC,126.8782220883242502_37.4864190188929030,1160008600,구로IC교차로,126.8786626732868825_37.4866401190959166,46.0,5.0,정체,126.8786626732868825_37.4866401190959166|126.8783012361690226_37.4864550569965189|126.8782220883242502_37.4864190188929030
2026-09-04T18:34:05.570303+09:00,가산디지털단지역,가산디지털단지역,POI013,KEY_2,1170044201,남부순환로,1170169300,최소노드배치점,126.8822665721246352_37.4849710662941860,1170019000,가리봉고가차도,126.8791756496076175_37.4863167028194511,313.0,26.0,원활,126.8791756496076175_37.4863167028194511|126.8795977657532745_37.4861425221933544|126.8803209840576471_37.4858849248429351|126.8809917090289616_37.4856484551944149|126.8812938588655328_37.4855283549657656|126.8814598900988813_37.4854548625366562|126.8821731209506112_37.4850349575400301|126.8822665721246352_37.4849710662941860
2026-09-04T18:34:05.570303+09:00,가산디지털단지역,가산디지털단지역,POI013,KEY_2,1170044401,남부순환로,1170017604,진도로터리,126.8864996062809212_37.4817824247397624,1160119703,가산동 87-228,126.8849676600162297_37.4831497843805792,205.0,26.0,원활,126.8849676600162297_37.4831497843805792|126.8855355875806055_37.4827596705933672|126.8857488716080582_37.4826120558047649|126.8859756879799647_37.4824256035163046|126.8860754726341327_37.4823234017196043|126.8864996062809212_37.4817824247397624
2026-09-04T18:34:05.570303+09:00,가산디지털단지역,가산디지털단지역,POI013,KEY_2,2130003700,가마산로,1170022901,금천구-광명시,126.8737210965491045_37.4852198895296880,1170023004,한일유앤아이앞교차로,126.8764065934058607_37.4857075652449510,244.0,13.0,정체,126.8764065934058607_37.4857075652449510|126.8758372667077765_37.4855633058797721|126.8751884228181837_37.4854021500352275|126.8748092360707460_37.4853289942778574|126.8740455173326467_37.4852429319146481|126.8737210965491045_37.4852198895296880
2026-09-04T18:34:05.570303+09:00,가산디지털단지역,가산디지털단지역,POI013,KEY_2,2130003800,가마산로,1170023003,한일유앤아이앞교차로,126.8764497305519399_37.4856050416145052,1170022902,금천구-광명시,126.8737588846273923_37.4851140302723067,245.0,12.5,정체,126.8737588846273923_37.4851140302723067|126.8740610488251548_37.4851354942786159|126.8748347677250621_37.4852226501480530|126.8752246104701555_37.4852979002086286|126.8758780173978948_37.4854601499689437|126.8764497305519399_37.4856050416145052
2026-09-04T18:34:05.570303+09:00,가산디지털단지역,가산디지털단지역,POI013,KEY_2,2130005900,디지털로,2130010101,철산대교사거리,126.8760760325830859_37.4746055471850141,1170023301,철산대교,126.8786566066053894_37.4753214467683478,242.0,6.0,정체,126.8786566066053894_37.4753214467683478|126.8781441417533955_37.4751502438280255|126.8760760325830859_37.4746055471850141
2026-09-04T18:34:05.570303+09:00,가산디지털단지역,가산디지털단지역,POI013,KEY_2,2130006200,가마산로,1160119302,구로현대로얄아파트,126.8774535794735243_37.4870541215173674,1170023001,한일유앤아이앞교차로,126.8765517662187534_37.4857476377097569,171.0,19.0,서행,126.8765517662187534_37.4857476377097569|126.8765848292610627_37.4859164939894995|126.8765939865786123_37.4860499004509009|126.8766411101054103_37.4862142745454250|126.8767186103615217_37.4863205256784866|126.8768765484934136_37.4864989313129797|126.8771816105266197_37.4868254937788166|126.8773875479257214_37.4870177123956125|126.8774535794735243_37.4870541215173674
2026-09-04T18:34:05.570303+09:00,가산디지털단지역,가산디지털단지역,POI013,KEY_2,2130037200,가마산로,1170022903,금천구-광명시,126.8734821978691230_37.4850995426429492,2130012802,광명대교사거리,126.8710246817804688_37.4849333097879693,218.0,24.0,서행,126.8710246817804688_37.4849333097879693|126.8711334546059959_37.4849340255628292|126.8713709553037603_37.4849265248893673|126.8734821978691230_37.4850995426429492
2026-09-04T18:34:05.570303+09:00,가산디지털단지역,가산디지털단지역,POI013,KEY_2,2130037300,가마산로,2130012801,광명대교사거리,126.8709844969789344_37.4850411728194999,1170022904,금천구-광명시,126.8734457962195279_37.4852015732672896,219.0,6.0,정체,126.8734457962195279_37.4852015732672896|126.8713640170870747_37.4850349311023550|126.8711355799803329_37.4850421497208615|126.8709844969789344_37.4850411728194999
2026-09-04T18:34:05.570303+09:00,가산디지털단지역,가산디지털단지역,POI013,KEY_2,2130048500,서부간선도로,2130001602,세진자동차정비센터,126.8731138749185021_37.4871474213395715,2130001604,금천구-광명시,126.8734167913569877_37.4857818034045209,154.0,8.0,정체,126.8734167913569877_37.4857818034045209|126.8731138749185021_37.4871474213395715
2026-09-04T18:34:05.570303+09:00,가산디지털단지역,가산디지털단지역,POI013,KEY_2,2130048600,서부간선도로,2130001605,금천구-광명시,126.8733111410033843_37.4857606763575504,2130001603,세진자동차정비센터,126.8729809575309986_37.4871260344337003,154.0,4.0,정체,126.8729809575309986_37.4871260344337003|126.8733111410033843_37.4857606763575504
2026-09-04T18:34:05.570303+09:00,강남역,강남역,POI014,KEY_3,1220020700,역삼로,1220375800,역삼동 858-14,127.0338334350395542_37.4941595999640853,1220006602,역삼초교앞교차로,127.0335095296028811_37.4940618362868818,31.0,6.0,정체,127.0335095296028811_37.4940618362868818|127.0338334350395542_37.4941595999640853
2026-09-04T18:34:05.570303+09:00,강남역,강남역,POI014,KEY_3,1210020001,사임당로,1210415300,서초동 1419,127.0292323976334075_37.4928850031516703,1220006304,우성아파트앞사거리,127.0298809732350946_37.4930795966086521,61.0,9.0,정체,127.0298809732350946_37.4930795966086521|127.0292323976334075_37.4928850031516703
2026-09-04T18:34:05.570303+09:00,강남역,강남역,POI014,KEY_3,1210020101,사임당로,1210360800,서초동 1419,127.0283021951469919_37.4924903721082217,1210030502,서이초교사거리,127.0266740331770166_37.4920018339467589,154.0,4.0,정체,127.0266740331770166_37.4920018339467589|127.0283021951469919_37.4924903721082217
2026-09-04T18:34:05.570303+09:00,강남역,강남역,POI014,KEY_3,1210022202,서초대로,1210033401,진흥아파트앞교차로,127.0242802822726844_37.4970075567363992,1210033704,윤빌딩,127.0258548542651624_37.4974926936972466,149.0,33.0,원활,127.0258548542651624_37.4974926936972466|127.0251665089917026_37.4972806128327818|127.0250399262904324_37.4972416118408773|127.0242802822726844_37.4970075567363992
2026-09-04T18:34:05.570303+09:00,강남역,강남역,POI014,KEY_3,1210022203,서초대로,1210373100,서초동 1377,127.0264489335689433_37.4976757265136271,1210034104,강남역사거리,127.0275555290794074_37.4980166525441376,105.0,27.0,원활,127.0275555290794074_37.4980166525441376|127.0264489335689433_37.4976757265136271
2026-09-04T18:34:05.570303+09:00,강남역,강남역,POI014,KEY_3,1210022302,서초대로,1210033703,윤빌딩,127.0259041388009109_37.4973919554259822,1210033502,부띠크모나코뮤지엄,127.0252154534745728_37.4971797698303249,65.0,12.0,정체,127.0252154534745728_37.4971797698303249|127.0259041388009109_37.4973919554259822
2026-09-04T18:34:05.570303+09:00,강남역,강남역,POI014,KEY_3,1210022303,서초대로,1210034103,강남역사거리,127.0276030282322353_37.4979153641312806,1210033702,윤빌딩,127.0260307099654398_37.4974309517033291,149.0,5.0,정체,127.0260307099654398_37.4974309517033291|127.0264978765125790_37.4975748829649973|127.0276030282322353_37.4979153641312806
2026-09-04T18:34:05.570303+09:00,강남역,강남역,POI014,KEY_3,1210025402,사평대로,1210134700,반포동 749-35,127.0236141059144614_37.5043118599685954,1210040404,교보타워사거리,127.0243991052031305_37.5045524553287137,74.0,21.0,서행,127.0243991052031305_37.5045524553287137|127.0236141059144614_37.5043118599685954
2026-09-04T18:34:05.570303+09:00,강남역,강남역,POI014,KEY_3,1210025502,사평대로,1210236300,서초동 1413,127.0234894173690634_37.5041577975041776,1210039302,양정빌딩,127.0229020145832664_37.5039777585302119,56.0,5.0,정체,127.0229020145832664_37.5039777585302119|127.0234894173690634_37.5041577975041776
2026-09-04T18:34:05.570303+09:00,강남역,강남역,POI014,KEY_3,1210053600,강남대로55길,1210033004,삼성타운,127.0266857689022544_37.4957536970583831,1210032702,더에셋,127.0259776820794997_37.4955386588283872,67.0,16.0,서행,127.0259776820794997_37.4955386588283872|127.0266857689022544_37.4957536970583831
2026-09-04T18:34:05.570303+09:00,강남역,강남역,POI014,KEY_3,1210053700,강남대로55길,1210032701,더에셋,127.0259293124109234_37.4956396778841849,1210033005,삼성타운,127.0266374387400532_37.4958547278587062,67.0,14.0,정체,127.0266374387400532_37.4958547278587062|127.0259293124109234_37.4956396778841849
2026-09-04T18:34:05.570303+09:00,강남역,강남역,POI014,KEY_3,1210053801,강남대로55길,1210191200,서초동 1327-36,127.0272404832483488_37.4959221540181886,1210033003,삼성타운,127.0268125713474916_37.4957922050099555,40.0,11.0,정체,127.0268125713474916_37.4957922050099555|127.0272404832483488_37.4959221540181886
2026-09-04T18:34:05.570303+09:00,강남역,강남역,POI014,KEY_3,1210053802,강남대로55길,1210033203,강남역(신분당선),127.0283572661165579_37.4962612914871656,1210033007,강남역(신분당선),127.0277803841059381_37.4960861092022952,55.0,7.0,정체,127.0277803841059381_37.4960861092022952|127.0283572661165579_37.4962612914871656
2026-09-04T18:34:05.570303+09:00,강남역,강남역,POI014,KEY_3,1210053901,강남대로55길,1210033006,강남역(신분당선),127.0277320549546687_37.4961871406859260,1210033204,강남역(신분당선),127.0283100116079567_37.4963626493360778,55.0,8.0,정체,127.0283100116079567_37.4963626493360778|127.0277320549546687_37.4961871406859260
2026-09-04T18:34:05.570303+09:00,강남역,강남역,POI014,KEY_3,1210053902,강남대로55길,1210033002,삼성타운,127.0267642413025158_37.4958932358491239,1210033009,강남역(신분당선),127.0276052375956084_37.4961486294656154,80.0,12.0,정체,127.0276052375956084_37.4961486294656154|127.0271921536036501_37.4960231851536534|127.0267642413025158_37.4958932358491239
2026-09-04T18:34:05.570303+09:00,강남역,강남역,POI014,KEY_3,1210054400,서초대로74길,1210216800,서초동 1398,127.0262898811845957_37.4965833263985431,1210033703,윤빌딩,127.0259041388009109_37.4973919554259822,96.0,16.0,서행,127.0259041388009109_37.4973919554259822|127.0262898811845957_37.4965833263985431
2026-09-04T18:34:05.570303+09:00,강남역,강남역,POI014,KEY_3,1210054500,서초대로74길,1210033702,윤빌딩,127.0260307099654398_37.4974309517033291,1210033002,삼성타운,127.0267642413025158_37.4958932358491239,183.0,9.0,정체,127.0267642413025158_37.4958932358491239|127.0264167297892470_37.4966217393929426|127.0260307099654398_37.4974309517033291
2026-09-04T18:34:05.570303+09:00,강남역,강남역,POI014,KEY_3,1210055400,강남대로61길,1210034701,서초초교,127.0235391206333873_37.4985356638665053,1210035204,서초동 1417,127.0251133763993892_37.4990052283610922,149.0,8.0,정체,127.0251133763993892_37.4990052283610922|127.0243740858838351_37.4987847182566867|127.0235391206333873_37.4985356638665053
2026-09-04T18:34:05.570303+09:00,강남역,강남역,POI014,KEY_3,1210055600,강남대로61길,1210418200,서초동 1417,127.0257829298254109_37.4990960560013917,1210035202,서초동 1417,127.0252893737708320_37.4989430293845913,47.0,3.0,정체,127.0252893737708320_37.4989430293845913|127.0257829298254109_37.4990960560013917
2026-09-04T18:34:05.570303+09:00,강남역,강남역,POI014,KEY_3,1210055700,강남대로61길,1210401600,서초동 1417,127.0261124478687265_37.4993142400926160,1210035404,서초동 1373,127.0268224853808761_37.4995343793171756,67.0,9.7,정체,127.0268224853808761_37.4995343793171756|127.0261124478687265_37.4993142400926160
2026-09-04T18:34:05.570303+09:00,강남역,강남역,POI014,KEY_3,1210056100,서초대로73길,1210409800,서초동 1389,127.0236643794922031_37.5020492808981771,1210038103,서초푸르지오써밋2단지아파트,127.0233853819339487_37.5026409362391178,70.0,18.3,서행,127.0233853819339487_37.5026409362391178|127.0236643794922031_37.5020492808981771
2026-09-04T18:34:05.570303+09:00,강남역,강남역,POI014,KEY_3,1210056200,서초대로73길,1210364100,서초동 1391,127.0240545656601086_37.5015292588755429,1210035201,서초동 1417,127.0252401586390647_37.4990437889059507,295.0,3.0,정체,127.0252401586390647_37.4990437889059507|127.0242391703617812_37.5011377644102453|127.0240545656601086_37.5015292588755429
2026-09-04T18:34:05.570303+09:00,강남역,강남역,POI014,KEY_3,1210057000,서운로26길,1210038103,서초푸르지오써밋2단지아파트,127.0233853819339487_37.5026409362391178,1210037402,서초4동주민센터,127.0218282543338546_37.5021676027010855,147.0,12.0,정체,127.0218282543338546_37.5021676027010855|127.0222929628553601_37.5023088669464926|127.0233853819339487_37.5026409362391178
2026-09-04T18:34:05.570303+09:00,강남역,강남역,POI014,KEY_3,1210057100,서운로26길,1210388100,서초동 1302-6,127.0222445833544498_37.5024098842265374,1210038104,서초푸르지오써밋2단지아파트,127.0233377260351233_37.5027421735315016,103.0,3.0,정체,127.0233377260351233_37.5027421735315016|127.0222445833544498_37.5024098842265374
2026-09-04T18:34:05.570303+09:00,강남역,강남역,POI014,KEY_3,1210057700,사평대로56길,1210038104,서초푸르지오써밋2단지아파트,127.0233377260351233_37.5027421735315016,1210039303,양정빌딩,127.0227753209311885_37.5039389866395183,142.0,13.0,정체,127.0227753209311885_37.5039389866395183|127.0233377260351233_37.5027421735315016
2026-09-04T18:34:05.570303+09:00,강남역,강남역,POI014,KEY_3,1210057800,사평대로56길,1210039302,양정빌딩,127.0229020145832664_37.5039777585302119,1210038101,서초푸르지오써밋2단지아파트,127.0234674391860921_37.5027745145973768,143.0,2.0,정체,127.0234674391860921_37.5027745145973768|127.0229020145832664_37.5039777585302119
2026-09-04T18:34:05.570303+09:00,강남역,강남역,POI014,KEY_3,1210172200,서초대로77길,1210082402,서초동 1309-12,127.0246208303307327_37.5023342996229516,1210038102,서초푸르지오써밋2단지아파트,127.0235154848242018_37.5026724719820592,109.0,10.0,정체,127.0235154848242018_37.5026724719820592|127.0235605027470882_37.5026574669446049|127.0238729763156584_37.5024491592639393|127.0239918461970205_37.5024095377816664|127.0242144189857498_37.5023920831073028|127.0242153286376663_37.5023920117694232|127.0244981705713059_37.5023756173163889|127.0245684570023315_37.5023622299920731|127.0246208303307327_37.5023342996229516
2026-09-04T18:34:05.570303+09:00,강남역,강남역,POI014,KEY_3,1210172300,서초대로73길,1210033704,윤빌딩,127.0258548542651624_37.4974926936972466,1210082502,한국무라타전자본사,127.0254697726481936_37.4982778876805085,94.0,13.0,정체,127.0254697726481936_37.4982778876805085|127.0255576288302848_37.4980854506844921|127.0258548542651624_37.4974926936972466
2026-09-04T18:34:05.570303+09:00,강남역,강남역,POI014,KEY_3,1210172400,서초대로73길,1210082501,한국무라타전자본사,127.0255973021892970_37.4983148473285794,1210033701,윤빌딩,127.0259814315018616_37.4975316918531618,93.0,16.0,서행,127.0259814315018616_37.4975316918531618|127.0256844337441891_37.4981239961677630|127.0255973021892970_37.4983148473285794
2026-09-04T18:34:05.570303+09:00,강남역,강남역,POI014,KEY_3,1220016203,강남대로,1210029205,중앙경제TV,127.0305900356174362_37.4915934710394581,1220006303,우성아파트앞사거리,127.0299293519401402_37.4929785798404396,164.0,11.0,정체,127.0299293519401402_37.4929785798404396|127.0305900356174362_37.4915934710394581
2026-09-04T18:34:05.570303+09:00,강남역,강남역,POI014,KEY_3,1220016304,강남대로,1220006302,우성아파트앞사거리,127.0300563841217496_37.4930165951748009,1210029202,속성변화점,127.0307168759066059_37.4916318829225474,164.0,4.0,정체,127.0307168759066059_37.4916318829225474|127.0300563841217496_37.4930165951748009
2026-09-04T18:34:05.570303+09:00,강남역,강남역,POI014,KEY_3,1220017600,도곡로7길,1220379200,역삼동 858-15,127.0340703991431752_37.4925901335485747,1220006603,역삼초교앞교차로,127.0333827720970277_37.4940232440208803,170.0,9.0,정체,127.0333827720970277_37.4940232440208803|127.0336153677406941_37.4935384889359966|127.0337962432027297_37.4931615197673196|127.0340703991431752_37.4925901335485747
2026-09-04T18:34:05.570303+09:00,강남역,강남역,POI014,KEY_3,1220019401,역삼로,1220438500,역삼동 858-14,127.0309432021188627_37.4933967723260864,1220027304,역삼초등학교,127.0316663031210709_37.4936126134126368,68.0,5.0,정체,127.0316663031210709_37.4936126134126368|127.0309432021188627_37.4933967723260864
2026-09-04T18:34:05.570303+09:00,강남역,강남역,POI014,KEY_3,1220019402,역삼로,1220275000,역삼동 858-14,127.0325453290157043_37.4938819369312810,1220006604,역삼초교앞교차로,127.0333341389376045_37.4941241826241694,75.0,14.0,정체,127.0333341389376045_37.4941241826241694|127.0325453290157043_37.4938819369312810
2026-09-04T18:34:05.570303+09:00,강남역,강남역,POI014,KEY_3,1220019501,역삼로,1220438600,역삼동 858-14,127.0309908064247821_37.4932955226971032,1220006302,우성아파트앞사거리,127.0300563841217496_37.4930165951748009,88.0,17.3,서행,127.0300563841217496_37.4930165951748009|127.0309908064247821_37.4932955226971032
2026-09-04T18:34:05.570303+09:00,강남역,강남역,POI014,KEY_3,1220019502,역삼로,1220006603,역삼초교앞교차로,127.0333827720970277_37.4940232440208803,1220027302,역삼초등학교,127.0318512919482572_37.4935529160897403,145.0,7.0,정체,127.0318512919482572_37.4935529160897403|127.0325941313863609_37.4937810503361462|127.0333827720970277_37.4940232440208803
2026-09-04T18:34:05.570303+09:00,강남역,강남역,POI014,KEY_3,1220021001,강남대로,1220006304,우성아파트앞사거리,127.0298809732350946_37.4930795966086521,1210032503,속성변화점,127.0291466107050695_37.4946068687934400,182.0,5.0,정체,127.0291466107050695_37.4946068687934400|127.0298809732350946_37.4930795966086521
2026-09-04T18:34:05.570303+09:00,강남역,강남역,POI014,KEY_3,1220021002,강남대로,1210032503,속성변화점,127.0291466107050695_37.4946068687934400,1210033203,강남역(신분당선),127.0283572661165579_37.4962612914871656,196.0,7.0,정체,127.0283572661165579_37.4962612914871656|127.0290981037409779_37.4947081584269171|127.0291466107050695_37.4946068687934400
2026-09-04T18:34:05.570303+09:00,강남역,강남역,POI014,KEY_3,1220021003,강남대로,1210033204,강남역(신분당선),127.0283100116079567_37.4963626493360778,1210034103,강남역사거리,127.0276030282322353_37.4979153641312806,183.0,10.0,정체,127.0276030282322353_37.4979153641312806|127.0283100116079567_37.4963626493360778
2026-09-04T18:34:05.570303+09:00,강남역,강남역,POI014,KEY_3,1220021101,강남대로,1210032502,삼성화재서초사옥,127.0292733269647272_37.4946455507303256,1220006301,우성아파트앞사거리,127.0300080064880888_37.4931176139120410,182.0,6.0,정체,127.0300080064880888_37.4931176139120410|127.0292733269647272_37.4946455507303256
2026-09-04T18:34:05.570303+09:00,강남역,강남역,POI014,KEY_3,1220021102,강남대로,1210034102,강남역사거리,127.0277297558715759_37.4979540832481035,1210032501,삼성화재서초사옥,127.0292249496761201_37.4947465691331274,380.0,3.0,정체,127.0292249496761201_37.4947465691331274|127.0284841143001699_37.4962997029777512|127.0284375777275727_37.4963995211793275|127.0277297558715759_37.4979540832481035
2026-09-04T18:34:05.570303+09:00,강남역,강남역,POI014,KEY_3,1220021600,테헤란로8길,1220382500,역삼동 858-13,127.0317807377698927_37.4973349404078959,1220031503,국기원입구교차로,127.0309935926159000_37.4989426147382048,192.0,10.0,정체,127.0309935926159000_37.4989426147382048|127.0314397690811461_37.4980334728711426|127.0316520402862892_37.4976009346478421|127.0317807377698927_37.4973349404078959
2026-09-04T18:34:05.570303+09:00,강남역,강남역,POI014,KEY_3,1220021700,테헤란로8길,1220401300,역삼동 858-13,127.0333117491822463_37.4944710677349136,1220006601,역삼초교앞교차로,127.0334608974688280_37.4941627761416356,37.0,10.0,정체,127.0334608974688280_37.4941627761416356|127.0333117491822463_37.4944710677349136
2026-09-04T18:34:05.570303+09:00,강남역,강남역,POI014,KEY_3,1220023302,테헤란로,1210034101,강남역사거리,127.0276822389256637_37.4980553605985918,1220031504,국기원입구교차로,127.0309460927545757_37.4990438974112124,309.0,7.0,정체,127.0309460927545757_37.4990438974112124|127.0286612555960488_37.4983518916215388|127.0276822389256637_37.4980553605985918
2026-09-04T18:34:05.570303+09:00,강남역,강남역,POI014,KEY_3,1220023402,테헤란로,1220417400,역삼동 804,127.0287094769204117_37.4982508275695068,1210034102,강남역사거리,127.0277297558715759_37.4979540832481035,93.0,17.5,서행,127.0277297558715759_37.4979540832481035|127.0287094769204117_37.4982508275695068
2026-09-04T18:34:05.570303+09:00,강남역,강남역,POI014,KEY_3,1220024001,테헤란로,1220031501,국기원입구교차로,127.0310728003854166_37.4990827049839055,1220032004,한국타이어빌딩,127.0338550060461245_37.4999438554121411,264.0,14.0,정체,127.0338550060461245_37.4999438554121411|127.0310728003854166_37.4990827049839055
2026-09-04T18:34:05.570303+09:00,강남역,강남역,POI014,KEY_3,1220024101,테헤란로,1220032003,한국타이어빌딩,127.0339011803060885_37.4998421534899293,1220031502,국기원입구교차로,127.0311202675968190_37.4989814033435920,264.0,6.0,정체,127.0311202675968190_37.4989814033435920|127.0339011803060885_37.4998421534899293
2026-09-04T18:34:05.570303+09:00,강남역,강남역,POI014,KEY_3,1220025002,강남대로,1210034104,강남역사거리,127.0275555290794074_37.4980166525441376,1210035403,서초동 1373,127.0268712238501365_37.4994334710894108,168.0,5.0,정체,127.0268712238501365_37.4994334710894108|127.0275555290794074_37.4980166525441376
2026-09-04T18:34:05.570303+09:00,강남역,강남역,POI014,KEY_3,1220025003,강남대로,1210394200,서초동 1373,127.0253434781147917_37.5025963782215541,1210040403,교보타워사거리,127.0244473968313343_37.5044514101080111,221.0,15.8,서행,127.0244473968313343_37.5044514101080111|127.0247108420325048_37.5039060466009033|127.0253434781147917_37.5025963782215541
2026-09-04T18:34:05.570303+09:00,강남역,강남역,POI014,KEY_3,1220025102,강남대로,1210035401,속성변화점,127.0269491384972866_37.4995732101292063,1210034101,강남역사거리,127.0276822389256637_37.4980553605985918,181.0,6.0,정체,127.0276822389256637_37.4980553605985918|127.0269978768356367_37.4994723018201697|127.0269491384972866_37.4995732101292063
2026-09-04T18:34:05.570303+09:00,강남역,강남역,POI014,KEY_3,1220025103,강남대로,1220323900,역삼동 858,127.0265517996681552_37.5003958528345578,1210035401,속성변화점,127.0269491384972866_37.4995732101292063,98.0,8.0,정체,127.0269491384972866_37.4995732101292063|127.0265517996681552_37.5003958528345578
2026-09-04T18:34:05.570303+09:00,강남역,강남역,POI014,KEY_3,1220027202,봉은사로,1210040401,교보타워사거리,127.0245260087286567_37.5045907813304069,1220036604,보건타임즈,127.0277136842342856_37.5055392843385320,301.0,5.0,정체,127.0277136842342856_37.5055392843385320|127.0258610708307287_37.5049880469825112|127.0253288463886605_37.5048296789477078|127.0252017084722951_37.5047918474566870|127.0245260087286567_37.5045907813304069
2026-09-04T18:34:05.570303+09:00,강남역,강남역,POI014,KEY_3,1220027301,봉은사로,1220036003,신논현역,127.0252491957505185_37.5046905608852796,1210040402,교보타워사거리,127.0245743023879044_37.5044897355058495,64.0,12.0,정체,127.0245743023879044_37.5044897355058495|127.0252491957505185_37.5046905608852796
2026-09-04T18:34:05.570303+09:00,강남역,강남역,POI014,KEY_3,1220027302,봉은사로,1220317200,역삼동 800,127.0259085572878206_37.5048867600619360,1220036002,신논현역,127.0253763334646919_37.5047283922381283,50.0,26.0,원활,127.0253763334646919_37.5047283922381283|127.0259085572878206_37.5048867600619360
2026-09-04T18:34:05.570303+09:00,강남역,강남역,POI014,KEY_3,1220027801,강남대로,1210040404,교보타워사거리,127.0243991052031305_37.5045524553287137,1210042503,HM타워,127.0238275183942562_37.5057614843330143,143.0,6.0,정체,127.0238275183942562_37.5057614843330143|127.0241540090957244_37.5050708914382724|127.0243991052031305_37.5045524553287137
2026-09-04T18:34:05.570303+09:00,강남역,강남역,POI014,KEY_3,1220027901,강남대로,1220443400,논현동 280,127.0242810161496863_37.5051089999436158,1210040401,교보타워사거리,127.0245260087286567_37.5045907813304069,61.0,11.0,정체,127.0245260087286567_37.5045907813304069|127.0242810161496863_37.5051089999436158
2026-09-04T18:34:05.570303+09:00,강남역,강남역,POI014,KEY_3,1220056300,역삼로4길,1220024004,라이브팜뉴스,127.0330755956318143_37.4906612534684598,1220027303,역삼초등학교,127.0317244448772271_37.4935145090668769,338.0,15.0,서행,127.0317244448772271_37.4935145090668769|127.0324852863543583_37.4919019849371793|127.0326810147735301_37.4914906014038465|127.0330755956318143_37.4906612534684598
2026-09-04T18:34:05.570303+09:00,강남역,강남역,POI014,KEY_3,1220059100,역삼로3길,1220401600,역삼동 831-35,127.0311409663314350_37.4947099662645797,1210032502,삼성화재서초사옥,127.0292733269647272_37.4946455507303256,210.0,14.0,정체,127.0292733269647272_37.4946455507303256|127.0309286768451500_37.4951582359373319|127.0311409663314350_37.4947099662645797
2026-09-04T18:34:05.570303+09:00,강남역,강남역,POI014,KEY_3,1220059200,역삼로3길,1220285400,역삼동 830-33,127.0313905671328598_37.4944891661354802,1220027301,역삼초등학교,127.0317945815014866_37.4936513739525950,100.0,8.0,정체,127.0317945815014866_37.4936513739525950|127.0317722804120706_37.4936831186651816|127.0313905671328598_37.4944891661354802
2026-09-04T18:34:05.570303+09:00,강남역,강남역,POI014,KEY_3,1220063300,테헤란로7길,1220284400,역삼동 800-60,127.0307232034964642_37.4995423064647895,1220032203,과학기술회관,127.0305117723236350_37.5000150872202340,56.0,5.0,정체,127.0305117723236350_37.5000150872202340|127.0307232034964642_37.4995423064647895
2026-09-04T18:34:05.570303+09:00,강남역,강남역,POI014,KEY_3,1220063400,테헤란로7길,1220032202,과학기술회관,127.0306386532190999_37.5000535101687191,1220031501,국기원입구교차로,127.0310728003854166_37.4990827049839055,114.0,17.0,서행,127.0310728003854166_37.4990827049839055|127.0308510382801757_37.4995785950317284|127.0306386532190999_37.5000535101687191
2026-09-04T18:34:05.570303+09:00,강남역,강남역,POI014,KEY_3,1220064300,강남대로94길,1220305300,역삼동 648-9,127.0318547777729066_37.5004256036905161,1220032202,과학기술회관,127.0306386532190999_37.5000535101687191,115.0,14.0,정체,127.0306386532190999_37.5000535101687191|127.0318547777729066_37.5004256036905161
2026-09-04T18:34:05.570303+09:00,강남역,강남역,POI014,KEY_3,1220064500,테헤란로1길,1220438100,역삼동 858-6,127.0255100549291853_37.5041277615367150,1220036003,신논현역,127.0252491957505185_37.5046905608852796,67.0,13.0,정체,127.0252491957505185_37.5046905608852796|127.0255100549291853_37.5041277615367150
2026-09-04T18:34:05.570303+09:00,강남역,강남역,POI014,KEY_3,1220330500,테헤란로7길,1220338600,역삼동 635-1,127.0302003507315618_37.5006905079083666,1220151602,역삼동635,127.0297701679202760_37.5015425004955034,102.0,5.0,정체,127.0297701679202760_37.5015425004955034|127.0301825943231790_37.5007260187034390|127.0302003507315618_37.5006905079083666
2026-09-04T18:34:05.570303+09:00,강남역,강남역,POI014,KEY_3,1220330600,테헤란로7길,1220151601,역삼동635,127.0298960655262306_37.5015828661995272,1220032201,과학기술회관,127.0305936748156626_37.5001555678750762,170.0,17.0,서행,127.0305936748156626_37.5001555678750762|127.0304591873435953_37.5004650064613116|127.0303836281318155_37.5006161187949090|127.0303264238414016_37.5007305223256040|127.0303085800503595_37.5007662082549444|127.0298960655262306_37.5015828661995272
2026-09-04T18:34:05.570303+09:00,건대입구역,건대입구역,POI015,KEY_4,1040020202,강변북로,1040000202,청담대교(북측),127.0666626111006252_37.5315665324150132,1040028702,청담대교,127.0699887106514012_37.5387318473572122,848.0,10.0,정체,127.0699887106514012_37.5387318473572122|127.0692776775772757_37.5372071673034355|127.0687850931199563_37.5361282739688562|127.0683816446363466_37.5352147721280858|127.0676584862117124_37.5336633852443669|127.0671174250280160_37.5324703344999904|127.0668031124959469_37.5318450873398533|127.0666626111006252_37.5315665324150132
2026-09-04T18:34:05.570303+09:00,건대입구역,건대입구역,POI015,KEY_4,1040001403,동일로,1040136200,자양동 23-9,127.0637369066414379_37.5416039221817570,1040016701,자양동 24-10,127.0629424504767826_37.5402252363948463,168.0,5.0,정체,127.0629424504767826_37.5402252363948463|127.0637369066414379_37.5416039221817570
2026-09-04T18:34:05.570303+09:00,건대입구역,건대입구역,POI015,KEY_4,1040007500,강변북로,1040028701,청담대교,127.0701160723116203_37.5386945582041420,1040000201,청담대교(북측),127.0668012691852340_37.5315220172388280,848.0,8.0,정체,127.0668012691852340_37.5315220172388280|127.0669355263784155_37.5317815872931959|127.0672448702695760_37.5324328127955837|127.0677860749237738_37.5336261809339149|127.0685094362804364_37.5351779912987382|127.0689130346604259_37.5360918386047686|127.0694053089361546_37.5371700486358151|127.0701160723116203_37.5386945582041420
2026-09-04T18:34:05.570303+09:00,건대입구역,건대입구역,POI015,KEY_4,1040009001,능동로,1040002904,신양초교앞교차로,127.0683938999842724_37.5353920921553765,1040014303,자양동 510-6,127.0693552008508078_37.5375201646841390,251.0,6.0,정체,127.0693552008508078_37.5375201646841390|127.0683938999842724_37.5353920921553765
2026-09-04T18:34:05.570303+09:00,건대입구역,건대입구역,POI015,KEY_4,1040009002,능동로,1040014304,자양동 544-25,127.0694040333790440_37.5376254711493687,1040014703,광진문화예술회관,127.0695248126943966_37.5378780281476239,30.0,7.0,정체,127.0695248126943966_37.5378780281476239|127.0694040333790440_37.5376254711493687
2026-09-04T18:34:05.570303+09:00,건대입구역,건대입구역,POI015,KEY_4,1040009004,능동로,1040014704,광진문화예술회관,127.0695721820980992_37.5379794092468728,1040028702,청담대교,127.0699887106514012_37.5387318473572122,92.0,6.0,정체,127.0699887106514012_37.5387318473572122|127.0698365174506677_37.5385571365379533|127.0695721820980992_37.5379794092468728
2026-09-04T18:34:05.570303+09:00,건대입구역,건대입구역,POI015,KEY_4,1040009005,능동로,1040138300,자양동 2-5,127.0702940918243513_37.5393862177953963,1040016303,건대입구역앞교차로,127.0705451519353772_37.5398915999283176,60.0,15.0,서행,127.0705451519353772_37.5398915999283176|127.0702940918243513_37.5393862177953963
2026-09-04T18:34:05.570303+09:00,건대입구역,건대입구역,POI015,KEY_4,1040009102,능동로,1040014702,광진문화예술회관,127.0697785872817889_37.5378010707799845,1040014301,자양동 544-25,127.0696578072354725_37.5375485140387042,30.0,22.5,서행,127.0696578072354725_37.5375485140387042|127.0697785872817889_37.5378010707799845
2026-09-04T18:34:05.570303+09:00,건대입구역,건대입구역,POI015,KEY_4,1040009104,능동로,1040028701,청담대교,127.0701160723116203_37.5386945582041420,1040014701,광진문화예술회관,127.0698273271903957_37.5379053837168115,92.0,32.0,원활,127.0698273271903957_37.5379053837168115|127.0700914705954148_37.5384826880863471|127.0701160723116203_37.5386945582041420
2026-09-04T18:34:05.570303+09:00,건대입구역,건대입구역,POI015,KEY_4,1040009105,능동로,1040016302,건대입구역앞교차로,127.0706701763312623_37.5398495303758679,1040028701,청담대교,127.0701160723116203_37.5386945582041420,137.0,4.0,정체,127.0701160723116203_37.5386945582041420|127.0703453921553461_37.5391955560171695|127.0704203352615025_37.5393464600055822|127.0706701763312623_37.5398495303758679
2026-09-04T18:34:05.570303+09:00,건대입구역,건대입구역,POI015,KEY_4,1040010001,아차산로,1040016103,자양동 227-10,127.0722906925684299_37.5393138101561092,1040016302,건대입구역앞교차로,127.0706701763312623_37.5398495303758679,155.0,21.0,서행,127.0706701763312623_37.5398495303758679|127.0722906925684299_37.5393138101561092
2026-09-04T18:34:05.570303+09:00,건대입구역,건대입구역,POI015,KEY_4,1040010002,아차산로,1040015603,건대후문,127.0743028565397594_37.5387659697394866,1040016102,자양동 227-11,127.0724170914304096_37.5392743175297454,176.0,16.0,서행,127.0724170914304096_37.5392743175297454|127.0732440795779752_37.5390305622558316|127.0738492717248533_37.5388771586053096|127.0743028565397594_37.5387659697394866
2026-09-04T18:34:05.570303+09:00,건대입구역,건대입구역,POI015,KEY_4,1040010102,아차산로,1040016301,건대입구역앞교차로,127.0707225025917495_37.5399492998029629,1040015604,건대후문,127.0743428046605885_37.5388693046709747,342.0,13.0,정체,127.0743428046605885_37.5388693046709747|127.0738898387637903_37.5389803409746747|127.0732882623326105_37.5391328280718852|127.0724642243224878_37.5393757141788100|127.0723427547939082_37.5394136659137487|127.0707225025917495_37.5399492998029629
2026-09-04T18:34:05.570303+09:00,건대입구역,건대입구역,POI015,KEY_4,1040011000,아차산로,1040140700,최소노드배치점,127.0672902949043674_37.5410070020582083,1040017702,성수사거리,127.0640311954609132_37.5421146116750606,313.0,5.0,정체,127.0640311954609132_37.5421146116750606|127.0672609375260862_37.5410170619344754|127.0672902949043674_37.5410070020582083
2026-09-04T18:34:05.570303+09:00,건대입구역,건대입구역,POI015,KEY_4,1040011100,아차산로,1040140800,최소노드배치점,127.0673439680819854_37.5411063158663154,1040016304,건대입구역앞교차로,127.0705974213252318_37.5399913944474619,313.0,19.0,서행,127.0705974213252318_37.5399913944474619|127.0673439680819854_37.5411063158663154
2026-09-04T18:34:05.570303+09:00,건대입구역,건대입구역,POI015,KEY_4,1040027600,능동로10길,1040014301,자양동 544-25,127.0696578072354725_37.5375485140387042,1040013604,자양동 533-12,127.0709982985214737_37.5370947600898077,129.0,17.0,서행,127.0709982985214737_37.5370947600898077|127.0703860529624478_37.5373020067107035|127.0696578072354725_37.5375485140387042
2026-09-04T18:34:05.570303+09:00,건대입구역,건대입구역,POI015,KEY_4,1040027900,능동로10길.인접길,1040015305,롯데백화점(건대스타시티점),127.0718152958673386_37.5385927041950112,1040013601,자양동 533-12,127.0711231696489989_37.5370523007099521,189.0,16.0,서행,127.0711231696489989_37.5370523007099521|127.0713025411892829_37.5373939593811485|127.0713648775065963_37.5375597922618951|127.0713994673353255_37.5377317290412122|127.0714026811254342_37.5379540759166446|127.0714313612276527_37.5381221176206239|127.0715447302706309_37.5383922616219081|127.0716025814282517_37.5384821337513586|127.0716992357909163_37.5385508925898677|127.0718152958673386_37.5385927041950112
2026-09-04T18:34:05.570303+09:00,건대입구역,건대입구역,POI015,KEY_4,1040028000,능동로10길.인접길,1040013604,자양동 533-12,127.0709982985214737_37.5370947600898077,1040015306,롯데백화점(건대스타시티점),127.0717558016464750_37.5386899411971910,197.0,15.5,서행,127.0717558016464750_37.5386899411971910|127.0716243019645759_37.5386425670634978|127.0714932793169254_37.5385493587163950|127.0714192116500101_37.5384342944701359|127.0712985397454275_37.5381467474374162|127.0712670108413960_37.5379620082844880|127.0712638156544898_37.5377409525274928|127.0712322307973494_37.5375839515783269|127.0711745171430778_37.5374304144951338|127.0709982985214737_37.5370947600898077
2026-09-04T18:34:05.570303+09:00,건대입구역,건대입구역,POI015,KEY_4,1040028300,아차산로36길.인접길,1040014603,자양동 227-341,127.0740040009059584_37.5378127959524193,1040015304,롯데백화점(건대스타시티점),127.0719246036874495_37.5385692379251523,203.0,12.0,정체,127.0719246036874495_37.5385692379251523|127.0719936563514096_37.5385130426523617|127.0740040009059584_37.5378127959524193
2026-09-04T18:34:05.570303+09:00,건대입구역,건대입구역,POI015,KEY_4,1040028400,아차산로36길.인접길,1040015303,롯데백화점(건대스타시티점),127.0720450891753757_37.5386257803461518,1040014604,자양동 227-341,127.0740365887297401_37.5379194569983099,193.0,15.5,서행,127.0740365887297401_37.5379194569983099|127.0720722466193280_37.5386036794673075|127.0720450891753757_37.5386257803461518
2026-09-04T18:34:05.570303+09:00,건대입구역,건대입구역,POI015,KEY_4,1040028900,아차산로36길,1040014604,자양동 227-341,127.0740365887297401_37.5379194569983099,1040015603,건대후문,127.0743028565397594_37.5387659697394866,97.0,21.0,서행,127.0743028565397594_37.5387659697394866|127.0740365887297401_37.5379194569983099
2026-09-04T18:34:05.570303+09:00,건대입구역,건대입구역,POI015,KEY_4,1040029000,아차산로.인접길,1040016102,자양동 227-11,127.0724170914304096_37.5392743175297454,1040015302,롯데백화점(건대스타시티점),127.0720401866019245_37.5387435624408710,68.0,12.0,정체,127.0720401866019245_37.5387435624408710|127.0721872456988280_37.5388889991784183|127.0722948438208419_37.5390223336112143|127.0724170914304096_37.5392743175297454
2026-09-04T18:34:05.570303+09:00,건대입구역,건대입구역,POI015,KEY_4,1040029100,아차산로.인접길,1040015301,롯데백화점(건대스타시티점),127.0719288145516259_37.5388058163590657,1040016103,자양동 227-10,127.0722906925684299_37.5393138101561092,65.0,15.0,서행,127.0722906925684299_37.5393138101561092|127.0721731592987993_37.5390715422750532|127.0720769406492536_37.5389523077442107|127.0719288145516259_37.5388058163590657
2026-09-04T18:34:05.570303+09:00,건대입구역,건대입구역,POI015,KEY_4,1040029300,동일로18길,1040125100,자양동 2-7,127.0688669950632317_37.5382081798395362,1040014704,광진문화예술회관,127.0695721820980992_37.5379794092468728,67.0,12.0,정체,127.0695721820980992_37.5379794092468728|127.0688669950632317_37.5382081798395362
2026-09-04T18:34:05.570303+09:00,고덕역,고덕역,POI016,KEY_1,1240019501,고덕로62길,1249015000,명일동 42,127.1526885826783797_37.5515430019917389,1240022003,우성아파트,127.1527027401545951_37.5518473961090180,34.0,15.0,서행,127.1527027401545951_37.5518473961090180|127.1526885826783797_37.5515430019917389
2026-09-04T18:34:05.570303+09:00,고덕역,고덕역,POI016,KEY_1,1240019502,고덕로62길,1240022004,우성아파트,127.1527082571407732_37.5519562014326880,1240022903,속성변화점,127.1532708499726425_37.5543655297540369,279.0,15.5,서행,127.1532708499726425_37.5543655297540369|127.1532787647308282_37.5534142595099638|127.1532474432401898_37.5529950724982982|127.1528297263010359_37.5523642779357587|127.1527199008409639_37.5521674566200190|127.1527082571407732_37.5519562014326880
2026-09-04T18:34:05.570303+09:00,고덕역,고덕역,POI016,KEY_1,1240019503,고덕로62길,1240022903,속성변화점,127.1532708499726425_37.5543655297540369,1240006403,고덕역앞교차로,127.1532674889658239_37.5548705448781277,56.0,15.0,서행,127.1532674889658239_37.5548705448781277|127.1532700432416334_37.5544740363229010|127.1532708499726425_37.5543655297540369
2026-09-04T18:34:05.570303+09:00,고덕역,고덕역,POI016,KEY_1,1240019602,고덕로62길,1240022902,고덕역(서울5호선),127.1534066528685258_37.5543662458503178,1240022001,우성아파트,127.1528439279635165_37.5519514614591188,279.0,15.5,서행,127.1528439279635165_37.5519514614591188|127.1528544449762848_37.5521422672337408|127.1529519809076589_37.5523170650503815|127.1533812641063292_37.5529653226050186|127.1534145959126931_37.5534114044376679|127.1534066528685258_37.5543662458503178
2026-09-04T18:34:05.570303+09:00,고덕역,고덕역,POI016,KEY_1,1240019603,고덕로62길,1240006402,고덕역앞교차로,127.1534031785336936_37.5548889608193335,1240022901,고덕역(서울5호선),127.1534058471205242_37.5544745907377688,46.0,14.0,정체,127.1534058471205242_37.5544745907377688|127.1534031785336936_37.5548889608193335
2026-09-04T18:34:05.570303+09:00,고덕역,고덕역,POI016,KEY_1,1240019701,동남로,1240020904,한영중고교앞교차로,127.1561056866717792_37.5492346583745444,1240021903,경희대동서신의학병원,127.1562657827621621_37.5516636070952501,270.0,20.0,서행,127.1562657827621621_37.5516636070952501|127.1561606582872770_37.5500686961002899|127.1561056866717792_37.5492346583745444
2026-09-04T18:34:05.570303+09:00,고덕역,고덕역,POI016,KEY_1,1240019702,동남로,1240021904,경희대동서신의학병원,127.1562730618892942_37.5517715790425299,1240022203,동신빌딩,127.1563466001623794_37.5528393489022676,119.0,34.0,원활,127.1563466001623794_37.5528393489022676|127.1562730618892942_37.5517715790425299
2026-09-04T18:34:05.570303+09:00,고덕역,고덕역,POI016,KEY_1,1240019703,동남로,1240022204,동신빌딩,127.1563542108928431_37.5529473068933370,1240022703,명일지구대,127.1564466598309053_37.5542281682217975,142.0,31.0,원활,127.1564466598309053_37.5542281682217975|127.1564274239220396_37.5539616623274455|127.1563769047034924_37.5532617292401198|127.1563542108928431_37.5529473068933370
2026-09-04T18:34:05.570303+09:00,고덕역,고덕역,POI016,KEY_1,1240019704,동남로,1240022704,명일지구대,127.1564543497274400_37.5543361171717294,1240023703,E마트앞교차로,127.1565244786737310_37.5553339279445311,111.0,32.0,원활,127.1565244786737310_37.5553339279445311|127.1564543497274400_37.5543361171717294
2026-09-04T18:34:05.570303+09:00,고덕역,고덕역,POI016,KEY_1,1240019802,동남로,1240022202,동신빌딩,127.1564821996538370_37.5528334291763528,1240021901,경희대동서신의학병원,127.1564086584289157_37.5517656594490390,119.0,17.0,서행,127.1564086584289157_37.5517656594490390|127.1564821996538370_37.5528334291763528
2026-09-04T18:34:05.570303+09:00,고덕역,고덕역,POI016,KEY_1,1240019803,동남로,1249046100,상일동 147,127.1565124851740052_37.5532555265066890,1240022201,동신빌딩,127.1564897907958596_37.5529411041869068,35.0,20.0,서행,127.1564897907958596_37.5529411041869068|127.1565124851740052_37.5532555265066890
2026-09-04T18:34:05.570303+09:00,고덕역,고덕역,POI016,KEY_1,1240021500,고덕로,1240006001,배재고교앞교차로,127.1502627998174688_37.5547636377300549,1240006404,고덕역앞교차로,127.1532600929711379_37.5549791469369154,267.0,35.7,원활,127.1532600929711379_37.5549791469369154|127.1520963208777317_37.5548269141009783|127.1515498828997863_37.5547554304647662|127.1513403944212541_37.5547487506746620|127.1502627998174688_37.5547636377300549
2026-09-04T18:34:05.570303+09:00,고덕역,고덕역,POI016,KEY_1,1240022100,고덕로,1240006401,고덕역앞교차로,127.1533941373135690_37.5549975120235686,1240023704,E마트앞교차로,127.1565319059284604_37.5554448253468962,282.0,10.0,정체,127.1565319059284604_37.5554448253468962|127.1533941373135690_37.5549975120235686
2026-09-04T18:34:05.570303+09:00,고덕역,고덕역,POI016,KEY_1,1240022200,고덕로,1240023703,E마트앞교차로,127.1565244786737310_37.5553339279445311,1240006402,고덕역앞교차로,127.1534031785336936_37.5548889608193335,280.0,15.0,서행,127.1534031785336936_37.5548889608193335|127.1565244786737310_37.5553339279445311
2026-09-04T18:34:05.570303+09:00,고덕역,고덕역,POI016,KEY_1,1240023000,고덕로,1249096400,최소노드배치점,127.1613824392157710_37.5560035018671883,1240023702,E마트앞교차로,127.1566618576462133_37.5553532574502498,423.0,23.0,서행,127.1566618576462133_37.5553532574502498|127.1573914943176504_37.5554537755565292|127.1613824392157710_37.5560035018671883
2026-09-04T18:34:05.570303+09:00,고덕역,고덕역,POI016,KEY_1,1240023200,고덕로61길,1240024402,고덕1동주민센터,127.1525743134977660_37.5571130062806517,1240006401,고덕역앞교차로,127.1533941373135690_37.5549975120235686,251.0,21.0,서행,127.1533941373135690_37.5549975120235686|127.1533712556684748_37.5551550493848723|127.1531257397310668_37.5563143499174785|127.1530566959877007_37.5565171952235630|127.1529694231436309_37.5566814857628160|127.1529192002355586_37.5567760296908162|127.1527970436217032_37.5569113886853714|127.1525743134977660_37.5571130062806517
2026-09-04T18:34:05.570303+09:00,고덕역,고덕역,POI016,KEY_1,1240023500,동남로,1240023704,E마트앞교차로,127.1565319059284604_37.5554448253468962,1240024703,공무원아파트,127.1566607565064828_37.5575326121566846,232.0,13.0,정체,127.1566607565064828_37.5575326121566846|127.1565319059284604_37.5554448253468962
2026-09-04T18:34:05.570303+09:00,고덕역,고덕역,POI016,KEY_1,1240023600,동남로,1240024702,공무원아파트,127.1567964043278209_37.5575273061670032,1240023701,E마트앞교차로,127.1566690593141971_37.5554639755517101,229.0,27.0,원활,127.1566690593141971_37.5554639755517101|127.1567964043278209_37.5575273061670032
2026-09-04T18:34:05.570303+09:00,고덕역,고덕역,POI016,KEY_1,1240045700,동남로71길,1249084200,명일동 51-1,127.1537923688565428_37.5517933652963904,1240022002,우성아파트,127.1528384484914511_37.5518433951172454,84.0,10.5,정체,127.1528384484914511_37.5518433951172454|127.1537923688565428_37.5517933652963904
2026-09-04T18:34:05.570303+09:00,고덕역,고덕역,POI016,KEY_1,1240045800,동남로71길,1249010500,명일동 48-26,127.1555401193046464_37.5518100355237081,1240021904,경희대동서신의학병원,127.1562730618892942_37.5517715790425299,65.0,12.5,정체,127.1562730618892942_37.5517715790425299|127.1555401193046464_37.5518100355237081
2026-09-04T18:34:05.570303+09:00,고덕역,고덕역,POI016,KEY_1,1240046900,동남로75길,1240022203,동신빌딩,127.1563466001623794_37.5528393489022676,1240022803,이마트(명일점),127.1557406568431503_37.5542565204500747,218.0,10.0,정체,127.1557406568431503_37.5542565204500747|127.1556316973113780_37.5528640997413490|127.1557061495714578_37.5528615223127886|127.1563466001623794_37.5528393489022676
2026-09-04T18:34:05.570303+09:00,고덕역,고덕역,POI016,KEY_1,1240047000,동남로75길,1240022802,이마트(명일점),127.1558762667287965_37.5542506552277473,1240022204,동신빌딩,127.1563542108928431_37.5529473068933370,194.0,10.0,정체,127.1563542108928431_37.5529473068933370|127.1557758420784552_37.5529673306197509|127.1558762667287965_37.5542506552277473
2026-09-04T18:34:05.570303+09:00,고덕역,고덕역,POI016,KEY_1,1240047600,동남로75길,1240022703,명일지구대,127.1564466598309053_37.5542281682217975,1240022802,이마트(명일점),127.1558762667287965_37.5542506552277473,50.0,11.0,정체,127.1558762667287965_37.5542506552277473|127.1564466598309053_37.5542281682217975
2026-09-04T18:34:05.570303+09:00,고덕역,고덕역,POI016,KEY_1,1240047700,동남로75길,1240022801,이마트(명일점),127.1558829830451316_37.5543586425636917,1240022704,명일지구대,127.1564543497274400_37.5543361171717294,51.0,14.0,정체,127.1564543497274400_37.5543361171717294|127.1558829830451316_37.5543586425636917
2026-09-04T18:34:05.570303+09:00,고덕역,고덕역,POI016,KEY_1,1240047800,동남로75길,1249018200,명일동 47,127.1541550445079167_37.5543310677768858,1240022902,고덕역(서울5호선),127.1534066528685258_37.5543662458503178,66.0,7.0,정체,127.1534066528685258_37.5543662458503178|127.1541550445079167_37.5543310677768858
2026-09-04T18:34:05.570303+09:00,고덕역,고덕역,POI016,KEY_1,1240047900,동남로75길,1249080500,명일동 46-7,127.1546630165006633_37.5544154954661806,1240022804,이마트(명일점),127.1557486638497920_37.5543644520193567,96.0,4.0,정체,127.1557486638497920_37.5543644520193567|127.1546630165006633_37.5544154954661806
2026-09-04T18:34:05.570303+09:00,고덕역,고덕역,POI016,KEY_1,1249000400,세종포천고속도로,1249000400,최소노드배치점,127.1562659190031752_37.5482223253238061,1249000600,최소노드배치점,127.1567336886367912_37.5549510932514892,748.0,94.5,원활,127.1567336886367912_37.5549510932514892|127.1562659190031752_37.5482223253238061
2026-09-04T18:34:05.570303+09:00,고덕역,고덕역,POI016,KEY_1,1249002100,세종포천고속도로,1249000600,최소노드배치점,127.1567336886367912_37.5549510932514892,1249002500,속성변화점,127.1567905526363518_37.5621310464831240,798.0,95.7,원활,127.1567905526363518_37.5621310464831240|127.1568099459097425_37.5620296619621925|127.1568207569509781_37.5619515831646140|127.1568335791102555_37.5618515885968520|127.1568460753415621_37.5617445850114962|127.1568528102163782_37.5616821179146712|127.1568617540514907_37.5615927158354950|127.1568699127336970_37.5615033156045541|127.1568787005434302_37.5613961481224194|127.1568839973351572_37.5613245394333930|127.1568882735797530_37.5612618801151825|127.1568927663312678_37.5611900970685753|127.1568973175616719_37.5611095444721101|127.1569030236011315_37.5609930670848513|127.1569093441339220_37.5608315651403046|127.1569113397340516_37.5607687500768037|127.1569139119720546_37.5606745476477712|127.1569156008113026_37.5605981443625225|127.1569176926255551_37.5604723059106931|127.1569187926735225_37.5603735263940735|127.1569192637286534_37.5603106266835951|127.1569197450923525_37.5601487873917179|127.1569196039050809_37.5600588952101546|127.1569362682184874_37.5592688607885918|127.1569315224843990_37.5590408597429715|127.1569258709478305_37.5588129111153322|127.1569193129190154_37.5585849727078909|127.1569118484383125_37.5583570623747178|127.1569034774869209_37.5581291624299922|127.1568942000978950_37.5579012905312055|127.1568840162720164_37.5576734379717294|127.1568729260267645_37.5574456135393291|127.1568474885994107_37.5565944961394464|127.1568321091370706_37.5563666922550112|127.1567336886367912_37.5549510932514892
2026-09-04T18:34:05.570303+09:00,고속터미널역,고속터미널역,POI017,KEY_2,1210024802,사평대로,1210037304,서울성모병원앞교차로,127.0034296050644542_37.5022581526050445,1210038702,사평지하차도(동측),127.0064482891770155_37.5033692509684471,295.0,4.0,정체,127.0064482891770155_37.5033692509684471|127.0061744165954849_37.5033231250553598|127.0034296050644542_37.5022581526050445
2026-09-04T18:34:05.570303+09:00,고속터미널역,고속터미널역,POI017,KEY_2,1210024803,사평대로,1210038702,사평지하차도(동측),127.0064482891770155_37.5033692509684471,1210040604,삼호가든사거리,127.0095817026590339_37.5045780976898939,308.0,42.0,원활,127.0095817026590339_37.5045780976898939|127.0064482891770155_37.5033692509684471
2026-09-04T18:34:05.570303+09:00,고속터미널역,고속터미널역,POI017,KEY_2,1210024805,사평대로,1210040601,삼호가든사거리,127.0097441692551996_37.5046292707813649,1210041204,삼호가든사거리,127.0102897902201988_37.5047887051124746,51.0,23.0,서행,127.0102897902201988_37.5047887051124746|127.0097441692551996_37.5046292707813649
2026-09-04T18:34:05.570303+09:00,고속터미널역,고속터미널역,POI017,KEY_2,1210025002,반포대로,1210037303,서울성모병원앞교차로,127.0033082442591308_37.5022080765398869,1210038902,반포대교고가차도(남측),127.0024364070386440_37.5032310155441309,137.0,15.0,서행,127.0024364070386440_37.5032310155441309|127.0033082442591308_37.5022080765398869
2026-09-04T18:34:05.570303+09:00,고속터미널역,고속터미널역,POI017,KEY_2,1210025102,반포대로,1210038901,반포대교고가차도(남측),127.0025493771764218_37.5032909216012982,1210037304,서울성모병원앞교차로,127.0034296050644542_37.5022581526050445,139.0,23.0,서행,127.0034296050644542_37.5022581526050445|127.0025493771764218_37.5032909216012982
2026-09-04T18:34:05.570303+09:00,고속터미널역,고속터미널역,POI017,KEY_2,1210025103,반포대로,1210041702,고속터미널사거리,127.0012498931297387_37.5049984469199771,1210038901,반포대교고가차도(남측),127.0025493771764218_37.5032909216012982,222.0,10.0,정체,127.0025493771764218_37.5032909216012982|127.0024586016355954_37.5035007380121144|127.0014528013214488_37.5047290217636800|127.0012498931297387_37.5049984469199771
2026-09-04T18:34:05.570303+09:00,고속터미널역,고속터미널역,POI017,KEY_2,1210026002,신반포로,1210393600,잠원동 110,127.0031103815705364_37.5056962380394125,1210042704,고속터미널역앞교차로,127.0043174874553813_37.5060735942867041,115.0,6.0,정체,127.0043174874553813_37.5060735942867041|127.0039498594828302_37.5059586709413040|127.0035607575584038_37.5058370330399740|127.0031103815705364_37.5056962380394125
2026-09-04T18:34:05.570303+09:00,고속터미널역,고속터미널역,POI017,KEY_2,1210026102,신반포로,1210286400,반포동 128-4,127.0036103340112561_37.5057363840915414,1210041702,고속터미널사거리,127.0012498931297387_37.5049984469199771,224.0,20.0,서행,127.0012498931297387_37.5049984469199771|127.0018301415136932_37.5051798538655916|127.0031599584830957_37.5055955893836241|127.0036103340112561_37.5057363840915414
2026-09-04T18:34:05.570303+09:00,고속터미널역,고속터미널역,POI017,KEY_2,1210026203,잠원로,1210241200,반포동 20-19,127.0097477330052698_37.5059341675518851,1210043803,고속터미널앞교차로,127.0089859824615246_37.5073365595586097,170.0,9.0,정체,127.0089859824615246_37.5073365595586097|127.0091639478021790_37.5070467103003224|127.0096229461825743_37.5061913923870804|127.0096714148749442_37.5060954381854685|127.0097477330052698_37.5059341675518851
2026-09-04T18:34:05.570303+09:00,고속터미널역,고속터미널역,POI017,KEY_2,1210027501,신반포로23길,1210466500,잠원동 101,127.0042204769171548_37.5065757828190200,1210042701,고속터미널역앞교차로,127.0044442985191040_37.5061121193226654,55.0,12.0,정체,127.0044442985191040_37.5061121193226654|127.0042204769171548_37.5065757828190200
2026-09-04T18:34:05.570303+09:00,고속터미널역,고속터미널역,POI017,KEY_2,1210056500,사평대로,1210447300,최소노드배치점,127.0030994056385509_37.5020573549217744,1210038702,사평지하차도(동측),127.0064482891770155_37.5033692509684471,330.0,48.0,원활,127.0064482891770155_37.5033692509684471|127.0034140730417960_37.5021919946757052|127.0030994056385509_37.5020573549217744
2026-09-04T18:34:05.570303+09:00,고속터미널역,고속터미널역,POI017,KEY_2,1210059800,반포대로,1210443100,최소노드배치점,127.0010419244075166_37.5052271229805498,1210038901,반포대교고가차도(남측),127.0025493771764218_37.5032909216012982,253.0,22.7,서행,127.0025493771764218_37.5032909216012982|127.0013952695996693_37.5047003362471614|127.0011470013501480_37.5050299906587696|127.0010419244075166_37.5052271229805498
2026-09-04T18:34:05.570303+09:00,교대역,교대역,POI018,KEY_3,1210019402,서초중앙로,1210400700,서초동 1748-19,127.0137837728346994_37.4928232437485249,1210031503,법원검찰청앞교차로,127.0136428736489478_37.4936380570639756,91.0,25.0,원활,127.0136428736489478_37.4936380570639756|127.0137434820127851_37.4930562454970726|127.0137837728346994_37.4928232437485249
2026-09-04T18:34:05.570303+09:00,교대역,교대역,POI018,KEY_3,1210019502,서초중앙로,1210243500,서초동 1748-21,127.0140319936997599_37.4921799025374156,1210029901,서초동 1748-21,127.0141756387419036_37.4913491659201199,93.0,2.0,정체,127.0141756387419036_37.4913491659201199|127.0140319936997599_37.4921799025374156
2026-09-04T18:34:05.570303+09:00,교대역,교대역,POI018,KEY_3,1210020203,서초대로,1210269800,서초동 1748-5,127.0124401032801273_37.4933781712096490,1210031504,법원검찰청앞교차로,127.0136216391757529_37.4937475646462133,112.0,13.0,정체,127.0136216391757529_37.4937475646462133|127.0124401032801273_37.4933781712096490
2026-09-04T18:34:05.570303+09:00,교대역,교대역,POI018,KEY_3,1210020303,서초대로,1210269900,서초동 1748-18,127.0124896684601907_37.4932775211786122,1210031002,법원사거리,127.0111725811120351_37.4928657314468339,125.0,4.0,정체,127.0111725811120351_37.4928657314468339|127.0124896684601907_37.4932775211786122
2026-09-04T18:34:05.570303+09:00,교대역,교대역,POI018,KEY_3,1210021002,서초대로,1210031501,법원검찰청앞교차로,127.0137505044271506_37.4937873673853872,1210031804,법원검찰청앞,127.0141601505593627_37.4939128508193633,39.0,4.0,정체,127.0141601505593627_37.4939128508193633|127.0137505044271506_37.4937873673853872
2026-09-04T18:34:05.570303+09:00,교대역,교대역,POI018,KEY_3,1210021102,서초대로,1210031803,법원검찰청앞,127.0142088437567196_37.4938119303480732,1210031502,법원검찰청앞교차로,127.0137728785141036_37.4936783857816565,41.0,13.0,정체,127.0137728785141036_37.4936783857816565|127.0142088437567196_37.4938119303480732
2026-09-04T18:34:05.570303+09:00,교대역,교대역,POI018,KEY_3,1210021103,서초대로,1210140900,서초동 1748-22,127.0156198886122070_37.4942415051054638,1210031802,법원검찰청앞,127.0143396760256138_37.4938518474941844,121.0,35.0,원활,127.0143396760256138_37.4938518474941844|127.0156198886122070_37.4942415051054638
2026-09-04T18:34:05.570303+09:00,교대역,교대역,POI018,KEY_3,1210022402,서초중앙로,1210031504,법원검찰청앞교차로,127.0136216391757529_37.4937475646462133,1210032203,법원검찰청,127.0134993661059184_37.4942865056136014,61.0,3.0,정체,127.0134993661059184_37.4942865056136014|127.0136216391757529_37.4937475646462133
2026-09-04T18:34:05.570303+09:00,교대역,교대역,POI018,KEY_3,1210022502,서초중앙로,1210032202,법원검찰청,127.0136328991116414_37.4943057390382393,1210031501,법원검찰청앞교차로,127.0137505044271506_37.4937873673853872,58.0,1.0,정체,127.0137505044271506_37.4937873673853872|127.0136328991116414_37.4943057390382393
2026-09-04T18:34:05.570303+09:00,교대역,교대역,POI018,KEY_3,1210050700,서초대로48길,1210113300,서초동 1740-14,127.0125465107975629_37.4883574908379344,1210027901,제우교역,127.0127660370921916_37.4878908233688293,55.0,11.0,정체,127.0127660370921916_37.4878908233688293|127.0125465107975629_37.4883574908379344
2026-09-04T18:34:05.570303+09:00,교대역,교대역,POI018,KEY_3,1210051000,사임당로17길,1210486000,최소노드배치점,127.0169832520375053_37.4913577937534228,1210029902,서초동 1748-21,127.0141940883130474_37.4912414223335304,263.0,10.0,정체,127.0141940883130474_37.4912414223335304|127.0143303182462802_37.4912445354333030|127.0148804532487361_37.4913102573158028|127.0168712656599581_37.4915480673583730|127.0169525455043811_37.4913937888368878|127.0169832520375053_37.4913577937534228
2026-09-04T18:34:05.570303+09:00,교대역,교대역,POI018,KEY_3,1210052100,법원로,1210032402,서초동 1704,127.0103123000076977_37.4946878999023383,1210031001,법원사거리,127.0111320342529240_37.4929692006080515,204.0,25.0,원활,127.0111320342529240_37.4929692006080515|127.0103123000076977_37.4946878999023383
2026-09-04T18:34:05.570303+09:00,교대역,교대역,POI018,KEY_3,1210052400,서초대로51길,1210031804,법원검찰청앞,127.0141601505593627_37.4939128508193633,1210032303,교대역(서울2호선),127.0140873902132341_37.4944548234829895,60.0,9.0,정체,127.0140873902132341_37.4944548234829895|127.0141601505593627_37.4939128508193633
2026-09-04T18:34:05.570303+09:00,교대역,교대역,POI018,KEY_3,1210052600,서초중앙로24길,1210032303,교대역(서울2호선),127.0140873902132341_37.4944548234829895,1210032202,법원검찰청,127.0136328991116414_37.4943057390382393,43.0,5.0,정체,127.0136328991116414_37.4943057390382393|127.0140873902132341_37.4944548234829895
2026-09-04T18:34:05.570303+09:00,교대역,교대역,POI018,KEY_3,1210053200,서초중앙로24길,1210248700,서초동 1738-8,127.0153406668385685_37.4948371291268998,1210032302,교대역(서울2호선),127.0142182497646530_37.4944966325160962,106.0,17.0,서행,127.0142182497646530_37.4944966325160962|127.0153338278322650_37.4948365998414204|127.0153406668385685_37.4948371291268998
2026-09-04T18:34:05.570303+09:00,구로디지털단지역,구로디지털단지역,POI019,KEY_4,1160004700,디지털로,1160001704,서남투데이,126.8924872692041674_37.4815738080084557,1160002003,구로남초교입구교차로,126.8934086030634347_37.4823270181535548,117.0,15.0,서행,126.8934086030634347_37.4823270181535548|126.8924872692041674_37.4815738080084557
2026-09-04T18:34:05.570303+09:00,구로디지털단지역,구로디지털단지역,POI019,KEY_4,1160004101,디지털로26길,1160182400,구로동 235-3,126.8935931802360528_37.4807606268774833,1160005903,한국농어촌방송본사,126.8972776620144600_37.4817867015770929,371.0,10.7,정체,126.8972776620144600_37.4817867015770929|126.8972546690239795_37.4817632720945042|126.8970781120239621_37.4816132813058331|126.8966736205973547_37.4812696497047924|126.8963971171849892_37.4810923909176736|126.8960631019952672_37.4809340381232516|126.8958190562637043_37.4808350735419467|126.8955610312988398_37.4807653113058663|126.8951553490746704_37.4806855758554462|126.8946221264621386_37.4806172167958138|126.8944167558325091_37.4806026749789396|126.8942013826247148_37.4806145973910247|126.8941088673691979_37.4806197186351824|126.8938885593329076_37.4806563244882653|126.8935931802360528_37.4807606268774833
2026-09-04T18:34:05.570303+09:00,구로디지털단지역,구로디지털단지역,POI019,KEY_4,1160004102,디지털로26길,1160005904,한국농어촌방송본사,126.8973489442759188_37.4818787081438316,1160006603,구로단지우체국,126.8985293618348464_37.4836667423166148,225.0,19.0,서행,126.8985293618348464_37.4836667423166148|126.8983856036246465_37.4835653271991660|126.8975996931281429_37.4822973020260690|126.8973489442759188_37.4818787081438316
2026-09-04T18:34:05.570303+09:00,구로디지털단지역,구로디지털단지역,POI019,KEY_4,1160004202,디지털로26길,1160006602,구로단지우체국,126.8986737843152071_37.4836242263360404,1160005901,한국농어촌방송본사,126.8974713835569190_37.4818321294097245,227.0,6.0,정체,126.8974713835569190_37.4818321294097245|126.8977217421889918_37.4822500705583579|126.8984954653475086_37.4834984298665361|126.8986737843152071_37.4836242263360404
2026-09-04T18:34:05.570303+09:00,구로디지털단지역,구로디지털단지역,POI019,KEY_4,1160004303,시흥대로,1160256200,구로동 1135,126.8999774739549480_37.4812299882525295,1200018703,디지털단지입구교차로,126.9010897237599522_37.4825599240928682,177.0,44.0,원활,126.9010897237599522_37.4825599240928682|126.9008921655430981_37.4823237046259621|126.9005066114061293_37.4818626940330404|126.8999774739549480_37.4812299882525295
2026-09-04T18:34:05.570303+09:00,구로디지털단지역,구로디지털단지역,POI019,KEY_4,1160004800,디지털로,1160002002,구로남초교입구교차로,126.8935057566591382_37.4822515463757284,1160001701,서남투데이,126.8925844222859496_37.4814983374191328,117.0,19.0,서행,126.8925844222859496_37.4814983374191328|126.8935057566591382_37.4822515463757284
2026-09-04T18:34:05.570303+09:00,구로디지털단지역,구로디지털단지역,POI019,KEY_4,1160005100,디지털로32길,1160122600,구로동 814,126.8994064931689536_37.4833014519814824,1160006602,구로단지우체국,126.8986737843152071_37.4836242263360404,74.0,6.0,정체,126.8986737843152071_37.4836242263360404|126.8994064931689536_37.4833014519814824
2026-09-04T18:34:05.570303+09:00,구로디지털단지역,구로디지털단지역,POI019,KEY_4,1160005200,디지털로32길,1160152700,구로동 1125-12,126.9004969408632348_37.4829446144700782,1200018704,디지털단지입구교차로,126.9011652276891908_37.4826502033151101,68.0,5.0,정체,126.9011652276891908_37.4826502033151101|126.9004969408632348_37.4829446144700782
2026-09-04T18:34:05.570303+09:00,구로디지털단지역,구로디지털단지역,POI019,KEY_4,1160005501,디지털로,1160002004,구로남초교입구교차로,126.8934972340672545_37.4824088818278227,1160006403,어린이뉴스,126.8943678431792534_37.4833758245411133,132.0,18.0,서행,126.8943678431792534_37.4833758245411133|126.8936855370631349_37.4826055748467724|126.8934972340672545_37.4824088818278227
2026-09-04T18:34:05.570303+09:00,구로디지털단지역,구로디지털단지역,POI019,KEY_4,1160005502,디지털로,1160006404,어린이뉴스,126.8944434284587572_37.4834656171134597,1160002303,디지털1단지교차로,126.8952796424025138_37.4845376205185374,140.0,8.0,정체,126.8952796424025138_37.4845376205185374|126.8951636473394444_37.4843661583925964|126.8944434284587572_37.4834656171134597
2026-09-04T18:34:05.570303+09:00,구로디지털단지역,구로디지털단지역,POI019,KEY_4,1160005601,디지털로,1160006402,어린이뉴스,126.8944792413172991_37.4833140985581466,1160002001,구로남초교입구교차로,126.8936051022042761_37.4823433008935680,133.0,4.0,정체,126.8936051022042761_37.4823433008935680|126.8937949293671466_37.4825415854034105|126.8944792413172991_37.4833140985581466
2026-09-04T18:34:05.570303+09:00,구로디지털단지역,구로디지털단지역,POI019,KEY_4,1160005602,디지털로,1160002302,디지털1단지교차로,126.8953985916931799_37.4844856024406567,1160006401,어린이뉴스,126.8945549359889640_37.4834038701793091,141.0,4.0,정체,126.8945549359889640_37.4834038701793091|126.8952807267612286_37.4843113764102185|126.8953985916931799_37.4844856024406567
2026-09-04T18:34:05.570303+09:00,구로디지털단지역,구로디지털단지역,POI019,KEY_4,1160005701,시흥대로,1200018704,디지털단지입구교차로,126.9011652276891908_37.4826502033151101,1200019603,강남우신병원,126.9022120415721275_37.4839018397197421,167.0,27.0,원활,126.9022120415721275_37.4839018397197421|126.9019032146348849_37.4835325921695102|126.9016526150941928_37.4832329606700370|126.9011652276891908_37.4826502033151101
2026-09-04T18:34:05.570303+09:00,구로디지털단지역,구로디지털단지역,POI019,KEY_4,1160005801,시흥대로,1200064500,신림동 1674-1,126.9017655141786207_37.4831729969411924,1200018701,디지털단지입구교차로,126.9012781259227296_37.4825902402013185,78.0,7.0,정체,126.9012781259227296_37.4825902402013185|126.9017655141786207_37.4831729969411924
2026-09-04T18:34:05.570303+09:00,구로디지털단지역,구로디지털단지역,POI019,KEY_4,1160005900,디지털로32길,1160264900,구로동 218,126.8962716907271044_37.4841177503565461,1160002302,디지털1단지교차로,126.8953985916931799_37.4844856024406567,87.0,12.0,정체,126.8953985916931799_37.4844856024406567|126.8962716907271044_37.4841177503565461
2026-09-04T18:34:05.570303+09:00,구로디지털단지역,구로디지털단지역,POI019,KEY_4,1160006000,디지털로32길,1160173800,구로동 188-15,126.8974394243345927_37.4838718295493152,1160006604,구로단지우체국,126.8986238179200399_37.4837566500810055,106.0,6.0,정체,126.8986238179200399_37.4837566500810055|126.8984122660177007_37.4838087376831908|126.8978251818164011_37.4838468129254636|126.8974394243345927_37.4838718295493152
2026-09-04T18:34:05.570303+09:00,구로디지털단지역,구로디지털단지역,POI019,KEY_4,1160006103,디지털로27길,1160002003,구로남초교입구교차로,126.8934086030634347_37.4823270181535548,1160006503,이-스페이스,126.8917305812735350_37.4835423141444153,201.0,13.3,정체,126.8917305812735350_37.4835423141444153|126.8918104893524088_37.4834371883227107|126.8934086030634347_37.4823270181535548
2026-09-04T18:34:05.570303+09:00,구로디지털단지역,구로디지털단지역,POI019,KEY_4,1160006203,디지털로27길,1160006901,구로3동천주교회,126.8896190447517682_37.4843226177104896,1160006501,이-스페이스,126.8917578654632479_37.4836791360871544,203.0,4.0,정체,126.8917578654632479_37.4836791360871544|126.8916170526133698_37.4837566784791747|126.8915711466728595_37.4837819577517237|126.8912685166112908_37.4839067656981442|126.8910233054121477_37.4839828362498082|126.8910049520434455_37.4839872772442035|126.8906410941285969_37.4840753198361085|126.8896190447517682_37.4843226177104896
2026-09-04T18:34:05.570303+09:00,구로디지털단지역,구로디지털단지역,POI019,KEY_4,1160006204,디지털로27길,1160006502,이-스페이스,126.8918485125667104_37.4835958539846601,1160002004,구로남초교입구교차로,126.8934972340672545_37.4824088818278227,197.0,5.0,정체,126.8934972340672545_37.4824088818278227|126.8919155820691032_37.4835076181120002|126.8918485125667104_37.4835958539846601
2026-09-04T18:34:05.570303+09:00,구로디지털단지역,구로디지털단지역,POI019,KEY_4,1160006701,디지털로,1160002304,디지털1단지교차로,126.8953435093039275_37.4846330611772203,1160007703,롯데시티호텔(구로),126.8962470857265714_37.4858199893710164,154.0,12.0,정체,126.8962470857265714_37.4858199893710164|126.8954956195910313_37.4848627394576752|126.8953435093039275_37.4846330611772203
2026-09-04T18:34:05.570303+09:00,구로디지털단지역,구로디지털단지역,POI019,KEY_4,1160006801,디지털로,1160007702,롯데시티호텔(구로),126.8963657610801619_37.4857672925145806,1160002301,디지털1단지교차로,126.8954624472248867_37.4845810017210894,154.0,4.0,정체,126.8954624472248867_37.4845810017210894|126.8956132886323047_37.4848087640744083|126.8963657610801619_37.4857672925145806
2026-09-04T18:34:05.570303+09:00,구로디지털단지역,구로디지털단지역,POI019,KEY_4,1160006802,디지털로,1160275600,구로동 181-23,126.8972347051497280_37.4868941980659827,1160007701,롯데시티호텔(구로),126.8964372409138690_37.4858591948314981,135.0,8.0,정체,126.8964372409138690_37.4858591948314981|126.8970469168106519_37.4866504766744626|126.8972347051497280_37.4868941980659827
2026-09-04T18:34:05.570303+09:00,구로디지털단지역,구로디지털단지역,POI019,KEY_4,1160020300,디지털로30길,1160005903,한국농어촌방송본사,126.8972776620144600_37.4817867015770929,1160006402,어린이뉴스,126.8944792413172991_37.4833140985581466,300.0,8.0,정체,126.8944792413172991_37.4833140985581466|126.8948413059893596_37.4831095502286615|126.8956357623937805_37.4826388020315520|126.8971832914315030_37.4818345023029238|126.8972776620144600_37.4817867015770929
2026-09-04T18:34:05.570303+09:00,구로디지털단지역,구로디지털단지역,POI019,KEY_4,1160020400,디지털로30길,1160006401,어린이뉴스,126.8945549359889640_37.4834038701793091,1160005904,한국농어촌방송본사,126.8973489442759188_37.4818787081438316,300.0,12.0,정체,126.8973489442759188_37.4818787081438316|126.8972567421730275_37.4819254112818570|126.8957133712641507_37.4827275496055634|126.8949210281995477_37.4831970450921332|126.8945549359889640_37.4834038701793091
2026-09-04T18:34:05.570303+09:00,구로디지털단지역,구로디지털단지역,POI019,KEY_4,1160020700,디지털로29길,1160006403,어린이뉴스,126.8943678431792534_37.4833758245411133,1160007002,이투뉴스,126.8926060338410196_37.4843334001185298,189.0,7.5,정체,126.8926060338410196_37.4843334001185298|126.8943678431792534_37.4833758245411133
2026-09-04T18:34:05.570303+09:00,구로디지털단지역,구로디지털단지역,POI019,KEY_4,1160020800,디지털로29길,1160007001,이투뉴스,126.8926819657823302_37.4844230047648566,1160006404,어린이뉴스,126.8944434284587572_37.4834656171134597,189.0,17.0,서행,126.8944434284587572_37.4834656171134597|126.8926819657823302_37.4844230047648566
2026-09-04T18:34:05.570303+09:00,구로디지털단지역,구로디지털단지역,POI019,KEY_4,1160020900,디지털로27가길,1160007002,이투뉴스,126.8926060338410196_37.4843334001185298,1160006502,이-스페이스,126.8918485125667104_37.4835958539846601,107.0,20.5,서행,126.8918485125667104_37.4835958539846601|126.8919599002950918_37.4836464229215878|126.8920939703165516_37.4837502631997097|126.8921680859276364_37.4838346666103917|126.8926060338410196_37.4843334001185298
2026-09-04T18:34:05.570303+09:00,구로디지털단지역,구로디지털단지역,POI019,KEY_4,1160021000,디지털로27가길,1160127000,구로동 252-63,126.8920569215520828_37.4838966556500779,1160007003,이투뉴스,126.8924948692016841_37.4843953895049040,68.0,22.0,서행,126.8924948692016841_37.4843953895049040|126.8920569215520828_37.4838966556500779
2026-09-04T18:34:05.570303+09:00,구로디지털단지역,구로디지털단지역,POI019,KEY_4,1160021100,시흥대로,1160226100,구로동 1124-77,126.9015770566548156_37.4842913595505109,1160007102,구로디지털단지역,126.9014162506018835_37.4848180029825926,61.0,8.0,정체,126.9014162506018835_37.4848180029825926|126.9014866605190690_37.4844597741793351|126.9015502373806186_37.4843238082773027|126.9015770566548156_37.4842913595505109
2026-09-04T18:34:05.570303+09:00,구로디지털단지역,구로디지털단지역,POI019,KEY_4,1160021600,디지털로27가길,1160007503,동작벼룩시장,126.8934530051471086_37.4853665929568365,1160007001,이투뉴스,126.8926819657823302_37.4844230047648566,125.0,10.0,정체,126.8926819657823302_37.4844230047648566|126.8934530051471086_37.4853665929568365
2026-09-04T18:34:05.570303+09:00,구로디지털단지역,구로디지털단지역,POI019,KEY_4,1160021700,디지털로27가길,1160007004,이투뉴스,126.8925682669420922_37.4844820023724665,1160007504,동작벼룩시장,126.8933353461741689_37.4854207480942847,124.0,24.5,서행,126.8933353461741689_37.4854207480942847|126.8925682669420922_37.4844820023724665
2026-09-04T18:34:05.570303+09:00,구로디지털단지역,구로디지털단지역,POI019,KEY_4,1160021900,디지털로31길,1160002303,디지털1단지교차로,126.8952796424025138_37.4845376205185374,1160007503,동작벼룩시장,126.8934530051471086_37.4853665929568365,186.0,4.0,정체,126.8934530051471086_37.4853665929568365|126.8952796424025138_37.4845376205185374
2026-09-04T18:34:05.570303+09:00,구로디지털단지역,구로디지털단지역,POI019,KEY_4,1160022000,디지털로31길,1160007502,동작벼룩시장,126.8935268697175616_37.4854574967908860,1160002304,디지털1단지교차로,126.8953435093039275_37.4846330611772203,185.0,11.0,정체,126.8953435093039275_37.4846330611772203|126.8935268697175616_37.4854574967908860
2026-09-04T18:34:05.570303+09:00,구로디지털단지역,구로디지털단지역,POI019,KEY_4,1160022100,디지털로34길,1160006604,구로단지우체국,126.8986238179200399_37.4837566500810055,1160007702,롯데시티호텔(구로),126.8963657610801619_37.4857672925145806,328.0,7.0,정체,126.8963657610801619_37.4857672925145806|126.8982267387187051_37.4848363408960239|126.8983738715280793_37.4847418499824627|126.8984734048972740_37.4846451213332514|126.8985743992566171_37.4845003998530188|126.8986311369851876_37.4843455994852945|126.8986930392562584_37.4840401198066218|126.8986689418290013_37.4838515866000037|126.8986238179200399_37.4837566500810055
2026-09-04T18:34:05.570303+09:00,구로디지털단지역,구로디지털단지역,POI019,KEY_4,1160022200,디지털로34길,1160007701,롯데시티호텔(구로),126.8964372409138690_37.4858591948314981,1160006601,구로단지우체국,126.8987489435907605_37.4837146589600820,345.0,3.0,정체,126.8987489435907605_37.4837146589600820|126.8988021200996457_37.4838265373868396|126.8988298283918681_37.4840433148602798|126.8987637368247903_37.4843694655542663|126.8987003707336925_37.4845423516443788|126.8985860552682681_37.4847061631695553|126.8984699121090074_37.4848190336163043|126.8983056516939598_37.4849245247307650|126.8964372409138690_37.4858591948314981
2026-09-04T18:34:05.570303+09:00,구로디지털단지역,구로디지털단지역,POI019,KEY_4,1160022400,시흥대로,1160007102,구로디지털단지역,126.9014162506018835_37.4848180029825926,1160007800,구로디지털단지역3번출구,126.9002348002063911_37.4856322056448832,149.0,12.0,정체,126.9002348002063911_37.4856322056448832|126.9004417563574947_37.4852283060631208|126.9005017145782830_37.4851329992872735|126.9006094867249743_37.4850758759866665|126.9011063006316675_37.4849141862083783|126.9014162506018835_37.4848180029825926
2026-09-04T18:34:05.570303+09:00,구로디지털단지역,구로디지털단지역,POI019,KEY_4,1160023400,디지털로31길,1160159500,구로동 197-57,126.8926750779697272_37.4858537636431279,1160007505,동작벼룩시장,126.8934091963354831_37.4855115845585587,75.0,11.0,정체,126.8934091963354831_37.4855115845585587|126.8926750779697272_37.4858537636431279
2026-09-04T18:34:05.570303+09:00,구로디지털단지역,구로디지털단지역,POI019,KEY_4,1160024201,디지털로33길,1160007507,구로동170-6,126.8944821374542471_37.4866390404158096,1160007502,동작벼룩시장,126.8935268697175616_37.4854574967908860,156.0,17.0,서행,126.8935268697175616_37.4854574967908860|126.8944821374542471_37.4866390404158096
2026-09-04T18:34:05.570303+09:00,구로디지털단지역,구로디지털단지역,POI019,KEY_4,1160024202,디지털로33길,1160007703,롯데시티호텔(구로),126.8962470857265714_37.4858199893710164,1160007507,구로동170-6,126.8944821374542471_37.4866390404158096,181.0,3.0,정체,126.8944821374542471_37.4866390404158096|126.8958791004022544_37.4859657126565011|126.8962470857265714_37.4858199893710164
2026-09-04T18:34:05.570303+09:00,구로디지털단지역,구로디지털단지역,POI019,KEY_4,1160024301,디지털로33길,1160007506,구로동170-6,126.8946532528574238_37.4866829253835476,1160007704,롯데시티호텔(구로),126.8963189246829302_37.4859122766495005,170.0,13.0,정체,126.8963189246829302_37.4859122766495005|126.8959445157643557_37.4860605446026938|126.8946532528574238_37.4866829253835476
2026-09-04T18:34:05.570303+09:00,구로디지털단지역,구로디지털단지역,POI019,KEY_4,1160024302,디지털로33길,1160007505,동작벼룩시장,126.8934091963354831_37.4855115845585587,1160007508,구로동170-6,126.8943602466473664_37.4866879141360343,155.0,12.0,정체,126.8943602466473664_37.4866879141360343|126.8934091963354831_37.4855115845585587
2026-09-04T18:34:05.570303+09:00,구로디지털단지역,구로디지털단지역,POI019,KEY_4,1200006500,조원로,1200064000,신림동 1675-8,126.9029897960255653_37.4834956199973774,1200019602,강남우신병원,126.9023243042701239_37.4838411132313780,70.0,14.0,정체,126.9023243042701239_37.4838411132313780|126.9028094961459772_37.4835667668525545|126.9029503679733324_37.4835056834624254|126.9029897960255653_37.4834956199973774
2026-09-04T18:34:05.570303+09:00,구로디지털단지역,구로디지털단지역,POI019,KEY_4,1200010401,봉천로,1200101300,최소노드배치점,126.9048781530148204_37.4848031964909509,1160007800,구로디지털단지역3번출구,126.9002348002063911_37.4856322056448832,430.0,37.0,원활,126.9002348002063911_37.4856322056448832|126.9007586758196879_37.4853704156801228|126.9011403150620083_37.4852098210022149|126.9015443650774131_37.4850671233676280|126.9018586044769989_37.4849720275228933|126.9022849956394339_37.4849008634215295|126.9026739605597101_37.4848535058282195|126.9033022188487507_37.4848301828163599|126.9048781530148204_37.4848031964909509
2026-09-04T18:34:05.570303+09:00,구로역,구로역,POI020,KEY_1,1160002305,경인로,1160034502,구로기계공구상가단지,126.8784152415114903_37.5021440736997747,1160036403,구로역교차로,126.8796656821958493_37.5030673368874119,151.0,3.0,정체,126.8796656821958493_37.5030673368874119|126.8784152415114903_37.5021440736997747
2026-09-04T18:34:05.570303+09:00,구로역,구로역,POI020,KEY_1,1160002404,경인로,1160036402,구로역교차로,126.8798498461747783_37.5029085407338769,1160034801,구로지하차도(남측),126.8783029444020514_37.5018416464907460,182.0,18.0,서행,126.8783029444020514_37.5018416464907460|126.8785027898019990_37.5019153329666537|126.8798498461747783_37.5029085407338769
2026-09-04T18:34:05.570303+09:00,구로역,구로역,POI020,KEY_1,1160002702,경인로,1160036404,구로역교차로,126.8797656740501054_37.5031404717325572,1160037802,구로지하차도(북측),126.8814935704587299_37.5043183305166821,202.0,3.0,정체,126.8814935704587299_37.5043183305166821|126.8812468828441808_37.5042127918201231|126.8797656740501054_37.5031404717325572
2026-09-04T18:34:05.570303+09:00,구로역,구로역,POI020,KEY_1,1160002703,경인로,1160037802,구로지하차도(북측),126.8814935704587299_37.5043183305166821,1160040905,신도림동사무소,126.8835127714082347_37.5057700823748021,240.0,7.0,정체,126.8835127714082347_37.5057700823748021|126.8814935704587299_37.5043183305166821
2026-09-04T18:34:05.570303+09:00,구로역,구로역,POI020,KEY_1,1160002802,경인로,1160037801,구로지하차도(북측),126.8815846697612244_37.5042381878289319,1160036401,구로역교차로,126.8799498591355785_37.5029816276734707,202.0,12.0,정체,126.8799498591355785_37.5029816276734707|126.8814294227990160_37.5040527548736691|126.8815846697612244_37.5042381878289319
2026-09-04T18:34:05.570303+09:00,구로역,구로역,POI020,KEY_1,1160002803,경인로,1160040904,신도림동사무소,126.8836036985089919_37.5056898153755398,1160037801,구로지하차도(북측),126.8815846697612244_37.5042381878289319,240.0,11.0,정체,126.8815846697612244_37.5042381878289319|126.8836036985089919_37.5056898153755398
2026-09-04T18:34:05.570303+09:00,구로역,구로역,POI020,KEY_1,1160012304,구로동로,1160154900,구로동 462-1,126.8824091172900097_37.4994610619746851,1160004304,AK플라자앞교차로,126.8824439152142389_37.5006446548789327,132.0,21.0,서행,126.8824439152142389_37.5006446548789327|126.8823951197181117_37.5002205163018019|126.8824051244391882_37.4996777003701851|126.8824091172900097_37.4994610619746851
2026-09-04T18:34:05.570303+09:00,구로역,구로역,POI020,KEY_1,1160088900,새말로,1160049002,새말고가교(북측),126.8821621334058420_37.5018170387463314,1160049102,애경백화점주차장입구,126.8826937386913443_37.5020379469097875,53.0,19.0,서행,126.8826937386913443_37.5020379469097875|126.8821621334058420_37.5018170387463314
2026-09-04T18:34:05.570303+09:00,구로역,구로역,POI020,KEY_1,1160013702,구로중앙로,1160050102,지하차도(서측),126.8835148282346239_37.4996233978199669,1160004303,AK플라자앞교차로,126.8825668705374738_37.5005288608787382,131.0,42.0,원활,126.8825668705374738_37.5005288608787382|126.8828710307459176_37.5002468361621055|126.8829505981381516_37.5001648826779288|126.8832376273967526_37.4998512991191930|126.8835148282346239_37.4996233978199669
2026-09-04T18:34:05.570303+09:00,구로역,구로역,POI020,KEY_1,1160013801,구로중앙로,1160031302,AK플라자앞,126.8830602464456945_37.5002285892838003,1160050101,지하차도(서측),126.8836055631120132_37.4996996362300692,76.0,20.0,서행,126.8836055631120132_37.4996996362300692|126.8835971196618289_37.4997111069201736|126.8833416853714908_37.4999211136327162|126.8830602464456945_37.5002285892838003
2026-09-04T18:34:05.570303+09:00,구로역,구로역,POI020,KEY_1,1160013802,구로중앙로,1160004302,AK플라자앞교차로,126.8826698006300973_37.5005993241719082,1160031301,AK플라자앞,126.8829739607386529_37.5003172991934548,41.0,5.0,정체,126.8829739607386529_37.5003172991934548|126.8826698006300973_37.5005993241719082
2026-09-04T18:34:05.570303+09:00,구로역,구로역,POI020,KEY_1,1160014701,구로중앙로,1160004304,AK플라자앞교차로,126.8824439152142389_37.5006446548789327,1160036402,구로역교차로,126.8798498461747783_37.5029085407338769,341.0,31.0,원활,126.8798498461747783_37.5029085407338769|126.8802195515829396_37.5025788447226205|126.8808010888238442_37.5020186292574849|126.8812049630685976_37.5016737266998490|126.8822093574845837_37.5008862202708784|126.8824439152142389_37.5006446548789327
2026-09-04T18:34:05.570303+09:00,구로역,구로역,POI020,KEY_1,1160014801,구로중앙로,1160036401,구로역교차로,126.8799498591355785_37.5029816276734707,1160004301,AK플라자앞교차로,126.8825512540485363_37.5007108111362015,342.0,2.0,정체,126.8825512540485363_37.5007108111362015|126.8823110851922564_37.5009581561256553|126.8813022193148470_37.5017491701350210|126.8809030844676187_37.5020900259782337|126.8803224434791872_37.5026493166134713|126.8799498591355785_37.5029816276734707
2026-09-04T18:34:05.570303+09:00,구로역,구로역,POI020,KEY_1,1160016002,구로중앙로,1160318200,구로동 604-15,126.8787840193907925_37.5039589067442876,1160036404,구로역교차로,126.8797656740501054_37.5031404717325572,126.0,2.0,정체,126.8797656740501054_37.5031404717325572|126.8787840193907925_37.5039589067442876
2026-09-04T18:34:05.570303+09:00,구로역,구로역,POI020,KEY_1,1160060200,구로중앙로34길,1160032903,영림빌딩,126.8848678729358284_37.5007540665173380,1160031302,AK플라자앞,126.8830602464456945_37.5002285892838003,170.0,17.0,서행,126.8830602464456945_37.5002285892838003|126.8837347429068956_37.5004481416141644|126.8841599860697329_37.5005629512532863|126.8848678729358284_37.5007540665173380
2026-09-04T18:34:05.570303+09:00,구로역,구로역,POI020,KEY_1,1160064101,새말로,1160201200,구로동 496-128,126.8828911595734468_37.5019979620272395,1160049101,애경백화점주차장입구,126.8827564584221506_37.5019420651198843,13.0,7.0,정체,126.8827564584221506_37.5019420651198843|126.8828911595734468_37.5019979620272395
2026-09-04T18:34:05.570303+09:00,구로역,구로역,POI020,KEY_1,1160064201,새말로,1160241300,구로동 566-16,126.8835953818400526_37.5024120971290884,1160049204,구로롯데아파트앞,126.8843917579443570_37.5027425563835806,79.0,19.0,서행,126.8843917579443570_37.5027425563835806|126.8839858571494403_37.5025741273609654|126.8835953818400526_37.5024120971290884
2026-09-04T18:34:05.570303+09:00,구로역,구로역,POI020,KEY_1,1160067300,경인로,1160037801,구로지하차도(북측),126.8815846697612244_37.5042381878289319,1160034801,구로지하차도(남측),126.8783029444020514_37.5018416464907460,394.0,12.0,정체,126.8783029444020514_37.5018416464907460|126.8798550910123879_37.5029860650246718|126.8815846697612244_37.5042381878289319
2026-09-04T18:34:05.570303+09:00,구로역,구로역,POI020,KEY_1,1160067400,경인로,1160034802,구로지하차도(남측),126.8782114750291896_37.5019215141120696,1160037802,구로지하차도(북측),126.8814935704587299_37.5043183305166821,394.0,3.0,정체,126.8814935704587299_37.5043183305166821|126.8797633638207003_37.5030657520983226|126.8782114750291896_37.5019215141120696
2026-09-04T18:34:05.570303+09:00,구로역,구로역,POI020,KEY_1,1160088400,벚꽃로,1160048902,새말고가교(남측),126.8808562236643098_37.5011540117632762,1160049002,새말고가교(북측),126.8821621334058420_37.5018170387463314,138.0,45.0,원활,126.8821621334058420_37.5018170387463314|126.8818108904469000_37.5016871323605017|126.8813106955592787_37.5014691137450953|126.8810384845925938_37.5012995869694592|126.8808562236643098_37.5011540117632762
2026-09-04T18:34:05.570303+09:00,구로역,구로역,POI020,KEY_1,1160088600,벚꽃로,1160049001,새말고가교(북측),126.8822220968000352_37.5017200764814689,1160048901,새말고가교(남측),126.8809607714558467_37.5010859028210248,133.0,37.0,원활,126.8809607714558467_37.5010859028210248|126.8811286565910166_37.5012185106669875|126.8813855473329824_37.5013784964260068|126.8818721077834653_37.5015905715778359|126.8822220968000352_37.5017200764814689
2026-09-04T18:34:05.570303+09:00,구로역,구로역,POI020,KEY_1,1160088800,새말로,1160049101,애경백화점주차장입구,126.8827564584221506_37.5019420651198843,1160004301,AK플라자앞교차로,126.8825512540485363_37.5007108111362015,195.0,22.0,서행,126.8825512540485363_37.5007108111362015|126.8825109701480471_37.5008058644173587|126.8820157985044403_37.5012387302059977|126.8819625479276567_37.5013452749619560|126.8819309554534556_37.5014560949871125|126.8819419585757373_37.5014967665556327|126.8819931567736461_37.5015712443604912|126.8821845449758428_37.5016717109843896|126.8825234212579574_37.5018237696641208|126.8827564584221506_37.5019420651198843
2026-09-04T18:34:05.570303+09:00,구로역,구로역,POI020,KEY_1,1160089000,새말로,1160049101,애경백화점주차장입구,126.8827564584221506_37.5019420651198843,1160049001,새말고가교(북측),126.8822220968000352_37.5017200764814689,53.0,7.0,정체,126.8822220968000352_37.5017200764814689|126.8827564584221506_37.5019420651198843
2026-09-04T18:34:05.570303+09:00,군자역,군자역,POI021,KEY_2,1040004301,천호대로,1040074800,능동 256-16,127.0831087283005871_37.5557047588145991,1040024502,하나은행중곡동지점,127.0818480980083507_37.5561883471965672,124.0,12.0,정체,127.0818480980083507_37.5561883471965672|127.0831087283005871_37.5557047588145991
2026-09-04T18:34:05.570303+09:00,군자역,군자역,POI021,KEY_2,1040004302,천호대로,1040058100,능동 265-10,127.0806277800777764_37.5566616664993660,1040001902,군자역사거리,127.0795348266652240_37.5570858179850333,107.0,8.0,정체,127.0795348266652240_37.5570858179850333|127.0806277800777764_37.5566616664993660
2026-09-04T18:34:05.570303+09:00,군자역,군자역,POI021,KEY_2,1040004403,천호대로,1040058200,중곡동 661,127.0806872902272744_37.5567588534684162,1040024504,속성변화점,127.0817853905452353_37.5563326894010103,108.0,8.0,정체,127.0817853905452353_37.5563326894010103|127.0806872902272744_37.5567588534684162
2026-09-04T18:34:05.570303+09:00,군자역,군자역,POI021,KEY_2,1040004701,천호대로,1040001903,군자역사거리,127.0794124264596832_37.5571326952658282,1040024802,군자역(서울5호선),127.0787410926408967_37.5573863002999602,66.0,8.0,정체,127.0787410926408967_37.5573863002999602|127.0794124264596832_37.5571326952658282
2026-09-04T18:34:05.570303+09:00,군자역,군자역,POI021,KEY_2,1040004702,천호대로,1040024803,군자역(서울5호선),127.0786186884951690_37.5574334057867176,1040025102,군자동 484,127.0770083487010851_37.5580635804755758,159.0,8.0,정체,127.0770083487010851_37.5580635804755758|127.0781748461028542_37.5576070980020376|127.0786186884951690_37.5574334057867176
2026-09-04T18:34:05.570303+09:00,군자역,군자역,POI021,KEY_2,1040004801,천호대로,1040118000,중곡동 661,127.0782347592370058_37.5577041280935759,1040001904,군자역사거리,127.0794679514587244_37.5572313947359646,121.0,35.0,원활,127.0794679514587244_37.5572313947359646|127.0787993147264672_37.5574839809709218|127.0786786020649828_37.5575304356554085|127.0782347592370058_37.5577041280935759
2026-09-04T18:34:05.570303+09:00,군자역,군자역,POI021,KEY_2,1040005003,천호대로,1040080100,중곡동 660,127.0762266121017348_37.5585010016227940,1040025104,중곡동 660,127.0769419301756358_37.5582109206187056,71.0,20.0,서행,127.0769419301756358_37.5582109206187056|127.0762266121017348_37.5585010016227940
2026-09-04T18:34:05.570303+09:00,군자역,군자역,POI021,KEY_2,1040014201,능동로,1040050700,군자동 47-1,127.0779016230986826_37.5543875146911716,1040024403,능동119안전센터,127.0784794280852879_37.5554353109497256,127.0,17.0,서행,127.0784794280852879_37.5554353109497256|127.0779016230986826_37.5543875146911716
2026-09-04T18:34:05.570303+09:00,군자역,군자역,POI021,KEY_2,1040014202,능동로,1040024404,능동119안전센터,127.0785327914266389_37.5555337392588058,1040024603,능동시장입구,127.0790245738390212_37.5564603311063223,112.0,28.0,원활,127.0790245738390212_37.5564603311063223|127.0785327914266389_37.5555337392588058
2026-09-04T18:34:05.570303+09:00,군자역,군자역,POI021,KEY_2,1040014203,능동로,1040024604,능동시장입구,127.0790796723156575_37.5565593130955548,1040001903,군자역사거리,127.0794124264596832_37.5571326952658282,70.0,26.0,원활,127.0794124264596832_37.5571326952658282|127.0790796723156575_37.5565593130955548
2026-09-04T18:34:05.570303+09:00,군자역,군자역,POI021,KEY_2,1040014302,능동로,1040001902,군자역사거리,127.0795348266652240_37.5570858179850333,1040024401,능동119안전센터,127.0786578909075786_37.5554916575915527,193.0,4.0,정체,127.0786578909075786_37.5554916575915527|127.0791496745905675_37.5564182489232010|127.0792029604481144_37.5565139666780041|127.0795348266652240_37.5570858179850333
2026-09-04T18:34:05.570303+09:00,군자역,군자역,POI021,KEY_2,1040014401,군자로,1040051100,군자동 498,127.0773859030467037_37.5559192589275526,1040024703,군자동 498,127.0781418254503308_37.5568150974500838,120.0,18.0,서행,127.0781418254503308_37.5568150974500838|127.0773859030467037_37.5559192589275526
2026-09-04T18:34:05.570303+09:00,군자역,군자역,POI021,KEY_2,1040014402,군자로,1040024704,군자동 473-17,127.0782167648829954_37.5569063842871316,1040024803,군자역(서울5호선),127.0786186884951690_37.5574334057867176,68.0,14.0,정체,127.0786186884951690_37.5574334057867176|127.0785251045072073_37.5572958312944110|127.0782167648829954_37.5569063842871316
2026-09-04T18:34:05.570303+09:00,군자역,군자역,POI021,KEY_2,1040014502,군자로,1040024802,군자역(서울5호선),127.0787410926408967_37.5573863002999602,1040024701,군자동 478-3,127.0783391267993352_37.5568581661630958,69.0,8.0,정체,127.0783391267993352_37.5568581661630958|127.0786423903673494_37.5572412023606361|127.0787410926408967_37.5573863002999602
2026-09-04T18:34:05.570303+09:00,군자역,군자역,POI021,KEY_2,1040014601,면목로,1040043600,군자동 55-1,127.0761006675665499_37.5566678876701872,1040024903,덕산빌딩,127.0765332367497393_37.5574279966482294,93.0,22.0,서행,127.0765332367497393_37.5574279966482294|127.0763146059258020_37.5570463247497557|127.0761146941674156_37.5566973276250238|127.0761006675665499_37.5566678876701872
2026-09-04T18:34:05.570303+09:00,군자역,군자역,POI021,KEY_2,1040014602,면목로,1040024904,덕산빌딩,127.0765850070330600_37.5575232608000391,1040025103,군자동 484,127.0768865082141730_37.5581120561590538,71.0,14.0,정체,127.0768865082141730_37.5581120561590538|127.0765850070330600_37.5575232608000391
2026-09-04T18:34:05.570303+09:00,군자역,군자역,POI021,KEY_2,1040014702,면목로,1040025102,군자동 484,127.0770083487010851_37.5580635804755758,1040024901,덕산빌딩,127.0767107698767973_37.5574824468424708,70.0,11.0,정체,127.0767107698767973_37.5574824468424708|127.0770083487010851_37.5580635804755758
2026-09-04T18:34:05.570303+09:00,군자역,군자역,POI021,KEY_2,1040015301,능동로,1040100200,중곡동 672,127.0799523671894633_37.5578476892915063,1040001901,군자역사거리,127.0795904427961460_37.5571845162377826,80.0,19.0,서행,127.0795904427961460_37.5571845162377826|127.0799523671894633_37.5578476892915063
2026-09-04T18:34:05.570303+09:00,군자역,군자역,POI021,KEY_2,1040015700,면목로,1040117400,중곡동 669,127.0774452742331562_37.5588289367580259,1040025101,중곡동 659,127.0770633897610651_37.5581625172458260,81.0,12.3,정체,127.0770633897610651_37.5581625172458260|127.0772236884223787_37.5584272094132317|127.0774452742331562_37.5588289367580259
2026-09-04T18:34:05.570303+09:00,군자역,군자역,POI021,KEY_2,1040036900,천호대로112길,1040113400,능동 265-12,127.0811761263330339_37.5550588496486881,1040024301,능동행정복지센터,127.0808961978493130_37.5546000541827141,57.0,15.0,서행,127.0808961978493130_37.5546000541827141|127.0810767106879382_37.5548917415527583|127.0811761263330339_37.5550588496486881
2026-09-04T18:34:05.570303+09:00,군자역,군자역,POI021,KEY_2,1040037000,천호대로112길,1040031900,능동 265-12,127.0813512873793627_37.5556058644750337,1040024503,하나은행중곡동지점,127.0817258793105822_37.5562355029796677,77.0,8.0,정체,127.0817258793105822_37.5562355029796677|127.0813512873793627_37.5556058644750337
2026-09-04T18:34:05.570303+09:00,군자역,군자역,POI021,KEY_2,1040037300,능동로35길,1040081700,군자동 476-19,127.0785006871383587_37.5566717504792678,1040024702,군자동 498,127.0782648012190208_37.5567669432952229,23.0,14.0,정체,127.0782648012190208_37.5567669432952229|127.0785006871383587_37.5566717504792678
2026-09-04T18:34:05.570303+09:00,군자역,군자역,POI021,KEY_2,1040037400,능동로35길,1040024701,군자동 478-3,127.0783391267993352_37.5568581661630958,1040024604,능동시장입구,127.0790796723156575_37.5565593130955548,73.0,16.0,서행,127.0790796723156575_37.5565593130955548|127.0785620921129038_37.5567681874680659|127.0783391267993352_37.5568581661630958
2026-09-04T18:34:05.570303+09:00,군자역,군자역,POI021,KEY_2,1040037500,능동로35길,1040024703,군자동 498,127.0781418254503308_37.5568150974500838,1040024902,덕산빌딩,127.0766568065223794_37.5573831352894132,146.0,20.0,서행,127.0766568065223794_37.5573831352894132|127.0781418254503308_37.5568150974500838
2026-09-04T18:34:05.570303+09:00,군자역,군자역,POI021,KEY_2,1040037600,능동로35길,1040024901,덕산빌딩,127.0767107698767973_37.5574824468424708,1040024704,군자동 473-17,127.0782167648829954_37.5569063842871316,148.0,12.0,정체,127.0782167648829954_37.5569063842871316|127.0767107698767973_37.5574824468424708
2026-09-04T18:34:05.570303+09:00,대림역,대림역,POI023,KEY_3,1160008502,도림로,1160206800,구로동 125-90,126.8946481025246982_37.4916034087912990,1160003102,대림역앞교차로,126.8951368393779262_37.4919075571000988,55.0,18.0,서행,126.8951368393779262_37.4919075571000988|126.8946481025246982_37.4916034087912990
2026-09-04T18:34:05.570303+09:00,대림역,대림역,POI023,KEY_3,1160007302,도림로,1160225400,구로동 772,126.8904010194307972_37.4889164164321826,1160010803,영서중,126.8914297539746627_37.4895657998392124,116.0,18.5,서행,126.8914297539746627_37.4895657998392124|126.8905514013743527_37.4890117568818582|126.8904010194307972_37.4889164164321826
2026-09-04T18:34:05.570303+09:00,대림역,대림역,POI023,KEY_3,1160007303,도림로,1160217800,구로동 141-3,126.8926285085608470_37.4903142599622470,1160011904,이화우성아파트앞교차로,126.8929152890763135_37.4904964352182120,32.0,19.0,서행,126.8929152890763135_37.4904964352182120|126.8926990710762226_37.4903582830098188|126.8926285085608470_37.4903142599622470
2026-09-04T18:34:05.570303+09:00,대림역,대림역,POI023,KEY_3,1160007403,도림로,1160010802,영서중,126.8915139708522020_37.4894810257779127,1160010102,두산아파트,126.8897945974124610_37.4883937786456869,194.0,9.0,정체,126.8897945974124610_37.4883937786456869|126.8904854992964744_37.4888318085023116|126.8906357495298636_37.4889270655138702|126.8915139708522020_37.4894810257779127
2026-09-04T18:34:05.570303+09:00,대림역,대림역,POI023,KEY_3,1160007404,도림로,1160011903,이화우성아파트앞교차로,126.8930001743539435_37.4904120838378958,1160010801,영서중,126.8916296698385224_37.4895537665370497,154.0,6.0,정체,126.8916296698385224_37.4895537665370497|126.8920912355731190_37.4898417393384875|126.8927121587774991_37.4902291295874335|126.8927833415098263_37.4902735396003237|126.8930001743539435_37.4904120838378958
2026-09-04T18:34:05.570303+09:00,대림역,대림역,POI023,KEY_3,1160007702,도림천로,1160048702,대림1교(서측),126.8961721623145422_37.4891819536651596,1160003101,대림역앞교차로,126.8951790541212432_37.4917967493715238,303.0,27.0,원활,126.8951790541212432_37.4917967493715238|126.8957256692603153_37.4903646601817258|126.8961721623145422_37.4891819536651596
2026-09-04T18:34:05.570303+09:00,대림역,대림역,POI023,KEY_3,1160008600,도림로,1160290800,구로동 125-90,126.8937506634492394_37.4909077328717615,1160011902,이화우성아파트앞교차로,126.8931080201690804_37.4904833570122022,74.0,5.0,정체,126.8931080201690804_37.4904833570122022|126.8935149734357850_37.4907610379991567|126.8937506634492394_37.4909077328717615
2026-09-04T18:34:05.570303+09:00,대림역,대림역,POI023,KEY_3,1160009302,구로중앙로,1160172800,구로동 136-14,126.8912072361346901_37.4922624369484083,1160015703,동구로초등교,126.8907809041495369_37.4927508825685223,66.0,15.0,서행,126.8907809041495369_37.4927508825685223|126.8912072361346901_37.4922624369484083
2026-09-04T18:34:05.570303+09:00,대림역,대림역,POI023,KEY_3,1160009402,구로중앙로,1160144900,구로동 136-14,126.8926556031381807_37.4909335976771700,1160011901,이화우성아파트앞교차로,126.8930197619754523_37.4905654813101421,52.0,16.3,서행,126.8930197619754523_37.4905654813101421|126.8926556031381807_37.4909335976771700
2026-09-04T18:34:05.570303+09:00,대림역,대림역,POI023,KEY_3,1160009403,구로중앙로,1160019802,구로중학교,126.8894587513572816_37.4945975713785131,1160015701,동구로초등교,126.8908134604049849_37.4929068959194325,223.0,15.0,서행,126.8908134604049849_37.4929068959194325|126.8905437421596929_37.4932435113719080|126.8897691103862115_37.4942102517986697|126.8894587513572816_37.4945975713785131
2026-09-04T18:34:05.570303+09:00,대림역,대림역,POI023,KEY_3,1160011101,도림천로,1160003102,대림역앞교차로,126.8951368393779262_37.4919075571000988,1160019901,구로동 72-9,126.8941517206176570_37.4945810739956400,309.0,10.0,정체,126.8941517206176570_37.4945810739956400|126.8942482427834904_37.4942443675041019|126.8951368393779262_37.4919075571000988
2026-09-04T18:34:05.570303+09:00,대림역,대림역,POI023,KEY_3,1160011102,도림천로,1160019902,구로동 72-9,126.8941170254665423_37.4946987368495215,1160025000,거리공원오거리,126.8933050731660046_37.4971960011134016,286.0,27.0,원활,126.8933050731660046_37.4971960011134016|126.8935989143015917_37.4964083812532749|126.8941170254665423_37.4946987368495215
2026-09-04T18:34:05.570303+09:00,대림역,대림역,POI023,KEY_3,1160029200,구로동로26길,1160313400,최소노드배치점,126.8878639163611268_37.4900111269113552,1160010804,영서중,126.8915460186500610_37.4896388966145651,347.0,15.0,서행,126.8915460186500610_37.4896388966145651|126.8906364711194499_37.4900259563153426|126.8903834628753486_37.4901246344105701|126.8901833510556401_37.4901726389422265|126.8898305550219732_37.4902407681095795|126.8894918861310686_37.4902987848196290|126.8892782124872980_37.4903059874365425|126.8889939662046089_37.4903057207039581|126.8887661176781592_37.4902563195181102|126.8882902923041769_37.4901041382504374|126.8880556872973671_37.4900207883635872|126.8879413777153218_37.4900081145503350|126.8878639163611268_37.4900111269113552
2026-09-04T18:34:05.570303+09:00,대림역,대림역,POI023,KEY_3,1160031000,구로동로28길,1160143300,구로동 136-71,126.8903851632108370_37.4926410535080947,1160015704,동구로초등교,126.8907052567209206_37.4928410150700842,36.0,11.0,정체,126.8907052567209206_37.4928410150700842|126.8903851632108370_37.4926410535080947
2026-09-04T18:34:05.570303+09:00,대림역,대림역,POI023,KEY_3,1160034000,도림로,1160014601,대림역,126.8956997149267778_37.4921193661557481,1160003101,대림역앞교차로,126.8951790541212432_37.4917967493715238,58.0,12.0,정체,126.8951790541212432_37.4917967493715238|126.8956997149267778_37.4921193661557481
2026-09-04T18:34:05.570303+09:00,대림역,대림역,POI023,KEY_3,1160034100,도림로,1160003102,대림역앞교차로,126.8951368393779262_37.4919075571000988,1160014602,대림역,126.8956552318730076_37.4922287682018478,58.0,27.0,원활,126.8956552318730076_37.4922287682018478|126.8951368393779262_37.4919075571000988
2026-09-04T18:34:05.570303+09:00,대림역,대림역,POI023,KEY_3,1160041100,구로중앙로14길,1160146700,구로동 130-92,126.8916337032718218_37.4932605226136815,1160015702,동구로초등교,126.8908887156223528_37.4928167280073694,82.0,9.0,정체,126.8908887156223528_37.4928167280073694|126.8916337032718218_37.4932605226136815
2026-09-04T18:34:05.570303+09:00,대림역,대림역,POI023,KEY_3,1180006601,대림로,1180318000,대림동 697-2,126.9003294017936412_37.4942557156031810,1180011603,우성아파트앞교차로,126.8998903883358906_37.4947946768444780,71.0,14.0,정체,126.8998903883358906_37.4947946768444780|126.9003294017936412_37.4942557156031810
2026-09-04T18:34:05.570303+09:00,대림역,대림역,POI023,KEY_3,1180007300,도림로,1180310100,대림동 697-2,126.9007488523201772_37.4953116502085564,1180011602,우성아파트앞교차로,126.8999977976841080_37.4948614162264064,83.0,33.0,원활,126.8999977976841080_37.4948614162264064|126.9005378556376087_37.4951851652660082|126.9007488523201772_37.4953116502085564
2026-09-04T18:34:05.570303+09:00,대림역,대림역,POI023,KEY_3,1180007702,대림로,1180315700,대림동 697,126.8994934939156849_37.4960041756513363,1180011601,우성아파트앞교차로,126.8999404585053128_37.4949623481974044,122.0,16.0,서행,126.8999404585053128_37.4949623481974044|126.8997136385791009_37.4954929565158608|126.8996662727585658_37.4956037601360919|126.8994934939156849_37.4960041756513363
2026-09-04T18:34:05.570303+09:00,대림역,대림역,POI023,KEY_3,1180042300,도림천로,1180322500,최소노드배치점,126.8947276411259679_37.4947538215554133,1160014602,대림역,126.8956552318730076_37.4922287682018478,292.0,22.0,서행,126.8956552318730076_37.4922287682018478|126.8953568311614504_37.4929395634666349|126.8948498948411014_37.4944052224449678|126.8947276411259679_37.4947538215554133
2026-09-04T18:34:05.570303+09:00,대림역,대림역,POI023,KEY_3,1180130000,도림천로,1160014601,대림역,126.8956997149267778_37.4921193661557481,1160048701,대림1교(서측),126.8967107357510145_37.4893263010416717,323.0,4.0,정체,126.8967107357510145_37.4893263010416717|126.8965318687534420_37.4897044279033409|126.8959009581949147_37.4916080288853237|126.8956997149267778_37.4921193661557481
2026-09-04T18:34:05.570303+09:00,대림역,대림역,POI023,KEY_3,1180130100,도림로,1180293600,대림동 1053-10,126.8958992093115086_37.4922466200951519,1160014601,대림역,126.8956997149267778_37.4921193661557481,23.0,13.0,정체,126.8956997149267778_37.4921193661557481|126.8958992093115086_37.4922466200951519
2026-09-04T18:34:05.570303+09:00,대림역,대림역,POI023,KEY_3,1180130200,도림로,1180317000,대림동 697-2,126.8985615880100823_37.4940832619939926,1180011604,우성아파트앞교차로,126.8998268728202277_37.4948927120842370,143.0,10.0,정체,126.8998268728202277_37.4948927120842370|126.8988460866591907_37.4942647866943091|126.8985615880100823_37.4940832619939926
2026-09-04T18:34:05.570303+09:00,동대문역,동대문역,POI024,KEY_4,1000001901,종로,1000235800,종로5가 37-8,127.0063580211496799_37.5711504610907880,1000011404,종로6가,127.0066394054990440_37.5711562818851732,25.0,18.0,서행,127.0066394054990440_37.5711562818851732|127.0063580211496799_37.5711504610907880
2026-09-04T18:34:05.570303+09:00,동대문역,동대문역,POI024,KEY_4,1000001902,종로,1000011401,종로6가,127.0067751976320238_37.5711591343297826,1000011704,흥인지문사거리,127.0089498572394433_37.5713693193848641,196.0,16.0,서행,127.0089498572394433_37.5713693193848641|127.0087391849973528_37.5712937741781943|127.0086199123563517_37.5712544202680050|127.0084602554355655_37.5712135860998870|127.0082631629970535_37.5711908652469759|127.0080635936516842_37.5711866101314982|127.0077077532635457_37.5711790230337357|127.0067751976320238_37.5711591343297826
2026-09-04T18:34:05.570303+09:00,동대문역,동대문역,POI024,KEY_4,1000002002,종로,1000113100,종로6가 272-1,127.0077113909216706_37.5710709430025176,1000011402,종로6가,127.0067780115006570_37.5710510367424106,82.0,3.0,정체,127.0067780115006570_37.5710510367424106|127.0077113909216706_37.5710709430025176
2026-09-04T18:34:05.570303+09:00,동대문역,동대문역,POI024,KEY_4,1000002003,종로,1000011703,흥인지문사거리,127.0090256024343631_37.5712778950010033,1000011300,동대문역10번출구,127.0080672314708750_37.5710785300975587,89.0,6.0,정체,127.0080672314708750_37.5710785300975587|127.0082747571647133_37.5710829540366547|127.0084909821378574_37.5711078809344414|127.0086667767084236_37.5711528422383196|127.0087931039338400_37.5711945228473638|127.0090256024343631_37.5712778950010033
2026-09-04T18:34:05.570303+09:00,동대문역,동대문역,POI024,KEY_4,1000002201,종로,1000176600,창신동 442-1,127.0108777515568477_37.5716621493242968,1000011702,흥인지문사거리,127.0091495968440398_37.5713227254486739,158.0,13.0,정체,127.0091495968440398_37.5713227254486739|127.0092723977128770_37.5713674394156811|127.0094846006979310_37.5714183224799285|127.0097878732437096_37.5714751424867188|127.0103298320711360_37.5715766797035471|127.0103586021919568_37.5715820697737044|127.0108233682804553_37.5716512389232733|127.0108777515568477_37.5716621493242968
2026-09-04T18:34:05.570303+09:00,동대문역,동대문역,POI024,KEY_4,1000005301,청계천로,1010035001,청계5가,127.0020881246934152_37.5698075774404145,1000031402,버들다리(북측),127.0066778573984863_37.5698145407186601,405.0,17.0,서행,127.0066778573984863_37.5698145407186601|127.0020881246934152_37.5698075774404145
2026-09-04T18:34:05.570303+09:00,동대문역,동대문역,POI024,KEY_4,1000005302,청계천로,1000031401,버들다리(북측),127.0068104529230624_37.5697993350473567,1010035102,청계6가사거리,127.0096210652811237_37.5699440857354006,249.0,19.0,서행,127.0096210652811237_37.5699440857354006|127.0093543827214120_37.5699514872757661|127.0068104529230624_37.5697993350473567
2026-09-04T18:34:05.570303+09:00,동대문역,동대문역,POI024,KEY_4,1000005401,청계천로,1010034902,버들다리(남측),127.0065602496820105_37.5695317839187268,1010034601,청계5가교차로,127.0021191180861280_37.5694902995239062,392.0,13.0,정체,127.0021191180861280_37.5694902995239062|127.0024509740674006_37.5695131963120659|127.0065602496820105_37.5695317839187268
2026-09-04T18:34:05.570303+09:00,동대문역,동대문역,POI024,KEY_4,1000005402,청계천로,1010034702,청계6가사거리,127.0096736759349909_37.5696339498216076,1010034901,버들다리(남측),127.0067045342350838_37.5695353837745003,263.0,10.0,정체,127.0067045342350838_37.5695353837745003|127.0093753105708458_37.5696558834258525|127.0096736759349909_37.5696339498216076
2026-09-04T18:34:05.570303+09:00,동대문역,동대문역,POI024,KEY_4,1000005700,청계천로,1000256400,최소노드배치점,127.0127816976351198_37.5699685404101658,1010035202,청계7가사거리,127.0158040936899226_37.5700110354399825,267.0,10.7,정체,127.0158040936899226_37.5700110354399825|127.0155094115753371_37.5699917344054910|127.0127816976351198_37.5699685404101658
2026-09-04T18:34:05.570303+09:00,동대문역,동대문역,POI024,KEY_4,1000005800,청계천로,1010005302,신평화시장,127.0121349816149205_37.5696419493387239,1010034701,청계6가사거리,127.0098099727011487_37.5696292980751281,205.0,16.0,서행,127.0098099727011487_37.5696292980751281|127.0121349816149205_37.5696419493387239
2026-09-04T18:34:05.570303+09:00,동대문역,동대문역,POI024,KEY_4,1000006101,율곡로,1010035102,청계6가사거리,127.0096210652811237_37.5699440857354006,1000009900,흥인지문,127.0093873462230221_37.5706631809010148,83.0,14.0,정체,127.0093873462230221_37.5706631809010148|127.0094292652047443_37.5705741772424844|127.0094975291804218_37.5704036160553798|127.0095564087739035_37.5702141995526446|127.0096210652811237_37.5699440857354006
2026-09-04T18:34:05.570303+09:00,동대문역,동대문역,POI024,KEY_4,1000006102,율곡로,1000009900,흥인지문,127.0093873462230221_37.5706631809010148,1000011703,흥인지문사거리,127.0090256024343631_37.5712778950010033,75.0,14.0,정체,127.0090256024343631_37.5712778950010033|127.0091075737013711_37.5711579258072774|127.0092355138361029_37.5709579814170240|127.0093370098156385_37.5707700537480775|127.0093873462230221_37.5706631809010148
2026-09-04T18:34:05.570303+09:00,동대문역,동대문역,POI024,KEY_4,1000006200,율곡로,1000011702,흥인지문사거리,127.0091495968440398_37.5713227254486739,1010035101,청계6가사거리,127.0097583244985060_37.5699427587399839,163.0,6.0,정체,127.0097583244985060_37.5699427587399839|127.0096891857815962_37.5702372118649492|127.0096283139498468_37.5704330409796157|127.0095576557767316_37.5706095859452489|127.0095145373694692_37.5707011341562094|127.0094630728513749_37.5708104028937200|127.0093585611355422_37.5710039143764831|127.0092277816811901_37.5712082974230555|127.0091495968440398_37.5713227254486739
2026-09-04T18:34:05.570303+09:00,동대문역,동대문역,POI024,KEY_4,1000009501,율곡로,1000236300,종로6가 15-11,127.0080997168361137_37.5722694888985629,1000014003,한양도성박물관,127.0074741969655747_37.5729318015656233,92.0,7.0,정체,127.0074741969655747_37.5729318015656233|127.0080997168361137_37.5722694888985629
2026-09-04T18:34:05.570303+09:00,동대문역,동대문역,POI024,KEY_4,1000009503,율곡로,1000014004,한양도성박물관,127.0073825495362314_37.5730303687179017,1000014900,종로6가 28-1,127.0069550317644911_37.5734941425063624,64.0,6.0,정체,127.0069550317644911_37.5734941425063624|127.0071984295928900_37.5732342235394938|127.0072808550544181_37.5731446580486832|127.0073825495362314_37.5730303687179017
2026-09-04T18:34:05.570303+09:00,동대문역,동대문역,POI024,KEY_4,1000009601,율곡로,1000236200,종로6가 15-11,127.0082082977746438_37.5723344550567262,1000011701,흥인지문사거리,127.0090766087889449_37.5714150445714523,128.0,16.0,서행,127.0090766087889449_37.5714150445714523|127.0082082977746438_37.5723344550567262
2026-09-04T18:34:05.570303+09:00,동대문역,동대문역,POI024,KEY_4,1000009602,율곡로,1000014301,대광빌딩,127.0073917099937546_37.5732071461993300,1000014001,한양도성박물관,127.0074934043910844_37.5730928567742879,16.0,21.0,서행,127.0074934043910844_37.5730928567742879|127.0073917099937546_37.5732071461993300
2026-09-04T18:34:05.570303+09:00,동대문역,동대문역,POI024,KEY_4,1000024200,종로40길,1000056800,종로6가 94-1,127.0066606069363075_37.5704117265212076,1000011403,종로6가,127.0066422217709032_37.5710481835517882,71.0,6.0,정체,127.0066422217709032_37.5710481835517882|127.0066606069363075_37.5704117265212076
2026-09-04T18:34:05.570303+09:00,동대문역,동대문역,POI024,KEY_4,1000025300,종로,1000009900,흥인지문,127.0093873462230221_37.5706631809010148,1000011300,동대문역10번출구,127.0080672314708750_37.5710785300975587,130.0,14.0,정체,127.0080672314708750_37.5710785300975587|127.0085333891818209_37.5710486383400308|127.0087654958763324_37.5709979628760777|127.0089601650943791_37.5709413315209986|127.0091211384305581_37.5708727822850008|127.0093873462230221_37.5706631809010148
2026-09-04T18:34:05.570303+09:00,동대문역,동대문역,POI024,KEY_4,1000026100,종로41길,1000011404,종로6가,127.0066394054990440_37.5711562818851732,1000012303,코리아빌딩,127.0066248908967168_37.5717818376925123,69.0,11.0,정체,127.0066248908967168_37.5717818376925123|127.0066394054990440_37.5711562818851732
2026-09-04T18:34:05.570303+09:00,동대문역,동대문역,POI024,KEY_4,1000026200,종로41길,1000012302,코리아빌딩,127.0067607060210548_37.5717838340609731,1000011401,종로6가,127.0067751976320238_37.5711591343297826,69.0,16.0,서행,127.0067751976320238_37.5711591343297826|127.0067607060210548_37.5717838340609731
2026-09-04T18:34:05.570303+09:00,동대문역,동대문역,POI024,KEY_4,1000027300,율곡로30길,1000014003,한양도성박물관,127.0074741969655747_37.5729318015656233,1000012302,코리아빌딩,127.0067607060210548_37.5717838340609731,144.0,11.5,정체,127.0067607060210548_37.5717838340609731|127.0068418074915257_37.5718254252741346|127.0069006522041235_37.5718722555762383|127.0069736400099885_37.5719679324644389|127.0071577154982805_37.5722899073601511|127.0074307351738696_37.5728587751446241|127.0074741969655747_37.5729318015656233
2026-09-04T18:34:05.570303+09:00,동대문역,동대문역,POI024,KEY_4,1000029300,종로41길,1000015002,더피알,127.0060737018723955_37.5735253769162298,1000012301,코리아빌딩,127.0067500526035360_37.5719069888806700,190.0,18.0,서행,127.0067500526035360_37.5719069888806700|127.0067329640749989_37.5720642069515591|127.0067190865195954_37.5721336699591646|127.0064616068015084_37.5727313017324036|127.0064000674097144_37.5728572794460263|127.0060737018723955_37.5735253769162298
2026-09-04T18:34:05.570303+09:00,동대문역,동대문역,POI024,KEY_4,1000036300,낙산성곽서길,1000255800,최소노드배치점,127.0083988211466419_37.5759719407725825,1000014301,대광빌딩,127.0073917099937546_37.5732071461993300,415.0,20.0,서행,127.0073917099937546_37.5732071461993300|127.0075135881165664_37.5733414617230110|127.0075502035946755_37.5733605830037476|127.0076746407379034_37.5733824787757484|127.0077199575610223_37.5733904526197833|127.0080292967237767_37.5734072184215080|127.0081100191316636_37.5734080447108099|127.0086041930911591_37.5734131019619682|127.0086728628516113_37.5734525677212545|127.0086946620129993_37.5735120371860205|127.0086965588550783_37.5739369119779880|127.0086747547327093_37.5740602147212002|127.0086213070120778_37.5741027627096216|127.0085844357751910_37.5741884788321414|127.0085802973890878_37.5742401520841440|127.0087569235764420_37.5748079270685480|127.0087707947809292_37.5749182231035519|127.0087507649042209_37.5750362783156078|127.0086711883484725_37.5752076218318152|127.0086514625701710_37.5752947296362407|127.0085965127586718_37.5754150353500620|127.0085404101098447_37.5754836222287665|127.0084277005735061_37.5755991738724262|127.0084124632425358_37.5756386006790564|127.0083988211466419_37.5759719407725825
2026-09-04T18:34:05.570303+09:00,동대문역,동대문역,POI024,KEY_4,1010017304,장충단로,1010033604,흥인시장,127.0096221501300420_37.5689990735866033,1010034702,청계6가사거리,127.0096736759349909_37.5696339498216076,71.0,25.0,원활,127.0096736759349909_37.5696339498216076|127.0096864325971779_37.5694310293012208|127.0096700878060432_37.5692510036280254|127.0096371243204487_37.5690562417204532|127.0096221501300420_37.5689990735866033
2026-09-04T18:34:05.570303+09:00,동대문역,동대문역,POI024,KEY_4,1010017305,율곡로,1010034702,청계6가사거리,127.0096736759349909_37.5696339498216076,1010035102,청계6가사거리,127.0096210652811237_37.5699440857354006,35.0,14.0,정체,127.0096210652811237_37.5699440857354006|127.0096736759349909_37.5696339498216076
2026-09-04T18:34:05.570303+09:00,동대문역,동대문역,POI024,KEY_4,1010017405,장충단로,1010034701,청계6가사거리,127.0098099727011487_37.5696292980751281,1010033601,흥인시장,127.0097254442646317_37.5688636970958783,86.0,3.0,정체,127.0097254442646317_37.5688636970958783|127.0097710903643389_37.5690379675287076|127.0098052651739948_37.5692398786983972|127.0098225114876840_37.5694298296446618|127.0098099727011487_37.5696292980751281
2026-09-04T18:34:05.570303+09:00,동대문역,동대문역,POI024,KEY_4,1010017406,율곡로,1010035101,청계6가사거리,127.0097583244985060_37.5699427587399839,1010034701,청계6가사거리,127.0098099727011487_37.5696292980751281,35.0,10.0,정체,127.0098099727011487_37.5696292980751281|127.0097583244985060_37.5699427587399839
2026-09-04T18:34:05.570303+09:00,동대문역,동대문역,POI024,KEY_4,1010018901,마장로1길,1010152100,신당동 213-11,127.0121553033908839_37.5690336687148729,1010005302,신평화시장,127.0121349816149205_37.5696419493387239,68.0,16.0,서행,127.0121349816149205_37.5696419493387239|127.0121421248701665_37.5691843025149339|127.0121553033908839_37.5690336687148729
2026-09-04T18:34:05.570303+09:00,동대문역,동대문역,POI024,KEY_4,1010019002,마장로1길,1010005301,신평화시장,127.0122708151406528_37.5696426709985616,1010031807,신당동222-8,127.0123898303853878_37.5685000458484097,127.0,16.0,서행,127.0123898303853878_37.5685000458484097|127.0123418218841209_37.5687652999462713|127.0122919230176990_37.5690284264960468|127.0122908073151677_37.5690411795721175|127.0122778985721510_37.5691887330836352|127.0122708151406528_37.5696426709985616
2026-09-04T18:34:05.570303+09:00,동대문역,동대문역,POI024,KEY_4,1010019600,청계천로,1010034802,청계7가사거리,127.0158306639446124_37.5696611075855529,1010005301,신평화시장,127.0122708151406528_37.5696426709985616,314.0,5.0,정체,127.0122708151406528_37.5696426709985616|127.0158306639446124_37.5696611075855529
2026-09-04T18:34:05.570303+09:00,뚝섬역,뚝섬역,POI025,KEY_1,1030007302,왕십리로,1030081800,성수동1가 661-10,127.0446704988484328_37.5460928940030882,1030017103,뚝섬역앞교차로,127.0444260436081123_37.5480672996080145,220.0,9.0,정체,127.0444260436081123_37.5480672996080145|127.0444273942489701_37.5479194014410780|127.0444370021755702_37.5477219511594811|127.0444656303823763_37.5475252363644927|127.0445177557166971_37.5471670616016340|127.0446012991971116_37.5465929925257882|127.0446138016338580_37.5465070812594277|127.0446704988484328_37.5460928940030882
2026-09-04T18:34:05.570303+09:00,뚝섬역,뚝섬역,POI025,KEY_1,1030009102,아차산로,1030016003,뚝섬역(서울2호선),127.0466946591980104_37.5474024880960968,1030017102,뚝섬역앞교차로,127.0445619470601031_37.5480557481142156,202.0,17.0,서행,127.0445619470601031_37.5480557481142156|127.0446249032181640_37.5480437882236018|127.0458005883487971_37.5477079881317337|127.0466946591980104_37.5474024880960968
2026-09-04T18:34:05.570303+09:00,뚝섬역,뚝섬역,POI025,KEY_1,1030009103,아차산로,1030015603,뚝섬미술관,127.0485988749721571_37.5467876679392063,1030016002,뚝섬역(서울2호선),127.0468607627340276_37.5473483609669358,166.0,19.0,서행,127.0468607627340276_37.5473483609669358|127.0485988749721571_37.5467876679392063
2026-09-04T18:34:05.570303+09:00,뚝섬역,뚝섬역,POI025,KEY_1,1030009104,아차산로,1030002603,경동초등교입구교차로,127.0502646094481776_37.5462577464320475,1030015602,뚝섬미술관,127.0487523357495689_37.5467383237563368,144.0,14.0,정체,127.0487523357495689_37.5467383237563368|127.0502646094481776_37.5462577464320475
2026-09-04T18:34:05.570303+09:00,뚝섬역,뚝섬역,POI025,KEY_1,1030009201,아차산로,1030017101,뚝섬역앞교차로,127.0445559830420876_37.5481680361730241,1030016300,뚝섬역1번출구,127.0458502973536099_37.5478085500334871,121.0,7.0,정체,127.0458502973536099_37.5478085500334871|127.0446637107324506_37.5481475713041846|127.0445559830420876_37.5481680361730241
2026-09-04T18:34:05.570303+09:00,뚝섬역,뚝섬역,POI025,KEY_1,1030009203,아차산로,1030016300,뚝섬역1번출구,127.0458502973536099_37.5478085500334871,1030015604,뚝섬미술관,127.0486498669871906_37.5468878757781184,268.0,10.0,정체,127.0486498669871906_37.5468878757781184|127.0469117528058831_37.5474485695482230|127.0467481960743328_37.5475018476119402|127.0458502973536099_37.5478085500334871
2026-09-04T18:34:05.570303+09:00,뚝섬역,뚝섬역,POI025,KEY_1,1030009204,아차산로,1030015601,뚝섬미술관,127.0488026707037932_37.5468387411565701,1030002604,경동초등교입구교차로,127.0503061250636279_37.5463609661244959,143.0,10.0,정체,127.0503061250636279_37.5463609661244959|127.0488026707037932_37.5468387411565701
2026-09-04T18:34:05.570303+09:00,뚝섬역,뚝섬역,POI025,KEY_1,1030009300,서울숲길,1030076300,성수동1가 676-8,127.0399213370954214_37.5479548333834785,1030018200,응봉지하차도,127.0374624651740305_37.5484417432670767,239.0,14.0,정체,127.0374624651740305_37.5484417432670767|127.0376197668948919_37.5485990148293283|127.0377691938879821_37.5486030666717809|127.0379335176127427_37.5485712655074408|127.0381567590147682_37.5484853004769974|127.0383340384476725_37.5484272268524180|127.0392064844063640_37.5481559010921799|127.0393057439895301_37.5481250313893327|127.0399213370954214_37.5479548333834785
2026-09-04T18:34:05.570303+09:00,뚝섬역,뚝섬역,POI025,KEY_1,1030009400,서울숲길,1030141200,성수동1가 694-129,127.0438398115211669_37.5481503800310534,1030017104,뚝섬역앞교차로,127.0444185151597907_37.5481752530340955,51.0,20.0,서행,127.0444185151597907_37.5481752530340955|127.0439197015720794_37.5481537474168334|127.0438398115211669_37.5481503800310534
2026-09-04T18:34:05.570303+09:00,뚝섬역,뚝섬역,POI025,KEY_1,1030011001,왕십리로,1030019000,뚝섬역,127.0444131204166638_37.5492628137788813,1030017101,뚝섬역앞교차로,127.0445559830420876_37.5481680361730241,122.0,15.0,서행,127.0445559830420876_37.5481680361730241|127.0445241661342237_37.5484118566767293|127.0444131204166638_37.5492628137788813
2026-09-04T18:34:05.570303+09:00,뚝섬역,뚝섬역,POI025,KEY_1,1030012103,광나루로,1030152300,성수동1가 13-217,127.0483259630721875_37.5515909820218710,1030020602,신양빌딩,127.0473778362250385_37.5516125824966167,84.0,21.0,서행,127.0473778362250385_37.5516125824966167|127.0475011922233080_37.5516193055715917|127.0479181770018613_37.5516134788176288|127.0483099223790902_37.5515925250523281|127.0483259630721875_37.5515909820218710
2026-09-04T18:34:05.570303+09:00,뚝섬역,뚝섬역,POI025,KEY_1,1030012202,광나루로,1030020401,성동교앞,127.0446705815333104_37.5515329876251940,1030020604,신양빌딩,127.0472256675834473_37.5517107262809589,227.0,7.0,정체,127.0472256675834473_37.5517107262809589|127.0468732650669352_37.5516800366620487|127.0459097739890382_37.5515961237774434|127.0448942561788641_37.5515076710365960|127.0446705815333104_37.5515329876251940
2026-09-04T18:34:05.570303+09:00,뚝섬역,뚝섬역,POI025,KEY_1,1030012203,광나루로,1030020601,신양빌딩,127.0473685607118739_37.5517204495909027,1030019904,상원삼거리,127.0521090871754524_37.5509242440641344,430.0,5.0,정체,127.0521090871754524_37.5509242440641344|127.0503670484279297_37.5513158045824582|127.0495149654191778_37.5515073176291594|127.0490669861335533_37.5516014778440379|127.0486456428778013_37.5516691360422712|127.0483422525792889_37.5516983211797850|127.0483226281881173_37.5517002089533136|127.0479239238059392_37.5517215340934527|127.0474977402356700_37.5517274907081742|127.0473685607118739_37.5517204495909027
2026-09-04T18:34:05.570303+09:00,뚝섬역,뚝섬역,POI025,KEY_1,1030031200,상원1길,1030091200,성수동1가 9-9,127.0475389473704695_37.5463909592910170,1030016003,뚝섬역(서울2호선),127.0466946591980104_37.5474024880960968,136.0,6.0,정체,127.0466946591980104_37.5474024880960968|127.0467667964252172_37.5472315847214801|127.0468079071165732_37.5471725962568641|127.0475389473704695_37.5463909592910170
2026-09-04T18:34:05.570303+09:00,뚝섬역,뚝섬역,POI025,KEY_1,1030034800,왕십리로,1030019000,뚝섬역,127.0444131204166638_37.5492628137788813,1030016300,뚝섬역1번출구,127.0458502973536099_37.5478085500334871,215.0,9.0,정체,127.0458502973536099_37.5478085500334871|127.0453006661870035_37.5480594839891566|127.0450986461055578_37.5481954436356062|127.0449370469582107_37.5483313875576457|127.0447799493502288_37.5484852089655234|127.0446587877601274_37.5486533190267195|127.0444131204166638_37.5492628137788813
2026-09-04T18:34:05.570303+09:00,뚝섬역,뚝섬역,POI025,KEY_1,1030035100,상원길,1030061700,성수동1가 706,127.0478692797114491_37.5496458841686547,1030020603,신양빌딩,127.0472404335068717_37.5516032483773969,224.0,12.0,정체,127.0472404335068717_37.5516032483773969|127.0473488387670642_37.5512786326791073|127.0476547182317546_37.5503654406795135|127.0476825679149186_37.5502760059199474|127.0477512443017361_37.5500554618497731|127.0478692797114491_37.5496458841686547
2026-09-04T18:34:05.570303+09:00,뚝섬역,뚝섬역,POI025,KEY_1,1030035200,상원길,1030106300,성수동1가 13-219,127.0486061067635859_37.5475435639625346,1030015601,뚝섬미술관,127.0488026707037932_37.5468387411565701,80.0,8.0,정체,127.0488026707037932_37.5468387411565701|127.0486061067635859_37.5475435639625346
2026-09-04T18:34:05.570303+09:00,미아사거리역,미아사거리역,POI026,KEY_2,1070013705,종암로,1070027504,숭곡중학교,127.0305221673298632_37.6084359781976971,1070028300,하월곡동200,127.0304743529744798_37.6085781403316659,16.0,11.0,정체,127.0304743529744798_37.6085781403316659|127.0305221673298632_37.6084359781976971
2026-09-04T18:34:05.570303+09:00,미아사거리역,미아사거리역,POI026,KEY_2,1070013706,종암로,1070028300,하월곡동200,127.0304743529744798_37.6085781403316659,1070028903,미아사거리,127.0303294634808964_37.6090089272412911,49.0,11.0,정체,127.0303294634808964_37.6090089272412911|127.0304743529744798_37.6085781403316659
2026-09-04T18:34:05.570303+09:00,미아사거리역,미아사거리역,POI026,KEY_2,1070013704,종암로,1070026204,서울북공업고등학교,127.0308707064488374_37.6073065362985730,1070027503,숭곡중학교,127.0305563501388662_37.6083287723153674,117.0,11.0,정체,127.0305563501388662_37.6083287723153674|127.0308707064488374_37.6073065362985730
2026-09-04T18:34:05.570303+09:00,미아사거리역,미아사거리역,POI026,KEY_2,1070013803,종암로,1070027502,숭곡중학교,127.0306883607368462_37.6083544657187403,1070025202,하월곡동 88-1,127.0313101977619255_37.6063375624355487,230.0,6.0,정체,127.0313101977619255_37.6063375624355487|127.0310350628994769_37.6072273342227206|127.0310027155827157_37.6073322294012442|127.0306883607368462_37.6083544657187403
2026-09-04T18:34:05.570303+09:00,미아사거리역,미아사거리역,POI026,KEY_2,1070013805,종암로,1070028500,하월곡동200,127.0305489509506458_37.6087746349567809,1070027501,숭곡중학교,127.0306534531509470_37.6084639243302306,36.0,5.0,정체,127.0306534531509470_37.6084639243302306|127.0305489509506458_37.6087746349567809
2026-09-04T18:34:05.570303+09:00,미아사거리역,미아사거리역,POI026,KEY_2,1070013806,종암로,1070028902,미아사거리,127.0304455262968020_37.6090821381163778,1070028500,하월곡동200,127.0305489509506458_37.6087746349567809,35.0,4.0,정체,127.0305489509506458_37.6087746349567809|127.0304455262968020_37.6090821381163778
2026-09-04T18:34:05.570303+09:00,미아사거리역,미아사거리역,POI026,KEY_2,1070013903,동소문로,1070114200,길음동 515,127.0290378256414812_37.6077940245615210,1070026504,현대백화점주차장,127.0291689241680047_37.6079489887094027,21.0,25.0,원활,127.0291689241680047_37.6079489887094027|127.0290378256414812_37.6077940245615210
2026-09-04T18:34:05.570303+09:00,미아사거리역,미아사거리역,POI026,KEY_2,1070013904,동소문로,1070062500,길음동 20-5,127.0295749308021271_37.6084207615687873,1070028600,현대백화점(미아점),127.0297518241092689_37.6086261384038210,28.0,25.0,원활,127.0297518241092689_37.6086261384038210|127.0295749308021271_37.6084207615687873
2026-09-04T18:34:05.570303+09:00,미아사거리역,미아사거리역,POI026,KEY_2,1070013905,동소문로,1070028600,현대백화점(미아점),127.0297518241092689_37.6086261384038210,1070028904,미아사거리,127.0302878192895690_37.6091228549225036,73.0,26.0,원활,127.0302878192895690_37.6091228549225036|127.0301617188182917_37.6090370729491070|127.0300039846915610_37.6088959938862715|127.0298670058183461_37.6087598666022558|127.0297518241092689_37.6086261384038210
2026-09-04T18:34:05.570303+09:00,미아사거리역,미아사거리역,POI026,KEY_2,1070014003,동소문로,1070026503,현대백화점주차장,127.0292816696526046_37.6078886204303515,1070026301,성북우체국,127.0288234793379729_37.6073470158956766,72.0,10.0,정체,127.0288234793379729_37.6073470158956766|127.0291505712628464_37.6077336563754585|127.0292816696526046_37.6078886204303515
2026-09-04T18:34:05.570303+09:00,미아사거리역,미아사거리역,POI026,KEY_2,1070014004,동소문로,1070028200,길음동860-64,127.0298639346089686_37.6085650248024947,1070026502,현대백화점주차장,127.0293804965659064_37.6080037411137909,76.0,5.0,정체,127.0293804965659064_37.6080037411137909|127.0296870407270546_37.6083596477856190|127.0298639346089686_37.6085650248024947
2026-09-04T18:34:05.570303+09:00,미아사거리역,미아사거리역,POI026,KEY_2,1070014005,동소문로,1070028903,미아사거리,127.0303294634808964_37.6090089272412911,1070028200,길음동860-64,127.0298639346089686_37.6085650248024947,64.0,5.0,정체,127.0298639346089686_37.6085650248024947|127.0299762599600797_37.6086954361752319|127.0301078764450438_37.6088262344485784|127.0302570976003977_37.6089596994934823|127.0303294634808964_37.6090089272412911
2026-09-04T18:34:05.570303+09:00,미아사거리역,미아사거리역,POI026,KEY_2,1070014101,오패산로3길,1070048700,하월곡동 84-143,127.0337041733590837_37.6077745143263655,1070030803,하월곡동 96-8,127.0330683656703599_37.6104633882483199,322.0,19.0,서행,127.0330683656703599_37.6104633882483199|127.0329212205034679_37.6102373577853868|127.0328042830951176_37.6100253407290595|127.0327640203279884_37.6099369738772893|127.0327370781031391_37.6098315232622014|127.0327270047354489_37.6097453049848482|127.0327429692750201_37.6096497938881669|127.0328592237434719_37.6093126293853999|127.0329173354287491_37.6091520595868971|127.0329552787660958_37.6090657799486010|127.0330423866319478_37.6088677039173263|127.0331080410727509_37.6087369942952847|127.0331558650049857_37.6086505750789755|127.0335967715632393_37.6079455558291329|127.0337041733590837_37.6077745143263655
2026-09-04T18:34:05.570303+09:00,미아사거리역,미아사거리역,POI026,KEY_2,1070014905,오패산로,1070147900,하월곡동 77-33,127.0357718046089133_37.6094235200250608,1070032703,방천시장입구교차로,127.0350606765864967_37.6115056996043293,239.0,15.0,서행,127.0350606765864967_37.6115056996043293|127.0351084175312337_37.6113406859324186|127.0353299201961335_37.6107107624071020|127.0353652542247431_37.6106102761977397|127.0355468471979208_37.6100938406920875|127.0357718046089133_37.6094235200250608
2026-09-04T18:34:05.570303+09:00,미아사거리역,미아사거리역,POI026,KEY_2,1070016501,월계로,1070028901,미아사거리,127.0304026912356932_37.6091892319313885,1070029100,미아동13-23,127.0307970607158552_37.6093968261890694,42.0,6.0,정체,127.0307970607158552_37.6093968261890694|127.0307167840027063_37.6093545456603380|127.0304026912356932_37.6091892319313885
2026-09-04T18:34:05.570303+09:00,미아사거리역,미아사거리역,POI026,KEY_2,1070016502,월계로,1080220000,미아동 13-23,127.0324022337639462_37.6102422295950660,1070030804,미아동 46-41,127.0331982309171366_37.6106614455999946,84.0,5.0,정체,127.0331982309171366_37.6106614455999946|127.0324022337639462_37.6102422295950660
2026-09-04T18:34:05.570303+09:00,미아사거리역,미아사거리역,POI026,KEY_2,1070016601,월계로,1080004000,미아사거리,127.0308720855030344_37.6093066743138422,1070028902,미아사거리,127.0304455262968020_37.6090821381163778,45.0,12.0,정체,127.0304455262968020_37.6090821381163778|127.0307917895869849_37.6092643839295988|127.0308720855030344_37.6093066743138422
2026-09-04T18:34:05.570303+09:00,미아사거리역,미아사거리역,POI026,KEY_2,1070016602,월계로,1080219900,미아동 866-1,127.0324772569885710_37.6101520768605795,1080004000,미아사거리,127.0308720855030344_37.6093066743138422,170.0,17.0,서행,127.0308720855030344_37.6093066743138422|127.0313924598670781_37.6095807466134673|127.0324772569885710_37.6101520768605795
2026-09-04T18:34:05.570303+09:00,미아사거리역,미아사거리역,POI026,KEY_2,1070018301,도봉로,1070028904,미아사거리,127.0302878192895690_37.6091228549225036,1070029200,길음동14-1,127.0301679403793429_37.6097308656014064,69.0,8.0,정체,127.0301679403793429_37.6097308656014064|127.0301645608454493_37.6095093591410503|127.0301806086935272_37.6094018219594091|127.0302319143706455_37.6092507354351326|127.0302878192895690_37.6091228549225036
2026-09-04T18:34:05.570303+09:00,미아사거리역,미아사거리역,POI026,KEY_2,1070018302,도봉로,1070123400,길음동 13-1,127.0302192302895179_37.6103794149359558,1070033603,미아삼거리역,127.0301170297419731_37.6122786292103584,212.0,14.0,정체,127.0301170297419731_37.6122786292103584|127.0302560371795693_37.6115868014395502|127.0302780121191546_37.6114512708352606|127.0302896992106128_37.6112864634231272|127.0302906822353037_37.6111829591978051|127.0302911134341883_37.6111375574959439|127.0302836638677206_37.6109684698817546|127.0302192302895179_37.6103794149359558
2026-09-04T18:34:05.570303+09:00,미아사거리역,미아사거리역,POI026,KEY_2,1070018401,도봉로,1070029400,미아동13-23,127.0303037865156597_37.6097324048251664,1070028901,미아사거리,127.0304026912356932_37.6091892319313885,62.0,22.0,서행,127.0304026912356932_37.6091892319313885|127.0303618600728868_37.6092826313368391|127.0303143984526457_37.6094224023050074|127.0303005611853848_37.6095151185633085|127.0303037865156597_37.6097324048251664
2026-09-04T18:34:05.570303+09:00,미아사거리역,미아사거리역,POI026,KEY_2,1070018402,도봉로,1080186800,미아동 13-23,127.0303257828538648_37.6100373225124329,1070029400,미아동13-23,127.0303037865156597_37.6097324048251664,34.0,22.0,서행,127.0303037865156597_37.6097324048251664|127.0303022097731400_37.6097653481018810|127.0303257828538648_37.6100373225124329
2026-09-04T18:34:05.570303+09:00,미아사거리역,미아사거리역,POI026,KEY_2,1070053000,동소문로,1070027503,숭곡중학교,127.0305563501388662_37.6083287723153674,1070026503,현대백화점주차장,127.0292816696526046_37.6078886204303515,124.0,4.0,정체,127.0292816696526046_37.6078886204303515|127.0294677215616446_37.6079010815959478|127.0296323842187434_37.6079350977723266|127.0300221074489002_37.6081178433939058|127.0305563501388662_37.6083287723153674
2026-09-04T18:34:05.570303+09:00,미아사거리역,미아사거리역,POI026,KEY_2,1070053100,동소문로,1070026502,현대백화점주차장,127.0293804965659064_37.6080037411137909,1070027504,숭곡중학교,127.0305221673298632_37.6084359781976971,112.0,27.0,원활,127.0305221673298632_37.6084359781976971|127.0299573115892144_37.6082129620091834|127.0295797887646643_37.6080359362050700|127.0294447779431408_37.6080080464985542|127.0293804965659064_37.6080037411137909
2026-09-04T18:34:05.570303+09:00,미아사거리역,미아사거리역,POI026,KEY_2,1070054800,종암로,1070028300,하월곡동200,127.0304743529744798_37.6085781403316659,1070028200,길음동860-64,127.0298639346089686_37.6085650248024947,63.0,11.0,정체,127.0298639346089686_37.6085650248024947|127.0300244023697900_37.6086795376908185|127.0301412755163284_37.6087009631612332|127.0302419542547483_37.6086909247088244|127.0303156591294282_37.6086665907958277|127.0304743529744798_37.6085781403316659
2026-09-04T18:34:05.570303+09:00,미아사거리역,미아사거리역,POI026,KEY_2,1070055100,동소문로,1070028600,현대백화점(미아점),127.0297518241092689_37.6086261384038210,1070029200,길음동14-1,127.0301679403793429_37.6097308656014064,129.0,15.0,서행,127.0301679403793429_37.6097308656014064|127.0300937824806908_37.6096173788021559|127.0300503302344595_37.6094214472180184|127.0299922669209138_37.6092445238945601|127.0299490669414553_37.6091200965177777|127.0298950801941231_37.6089971026266667|127.0298335365210676_37.6088693218599985|127.0297849821499341_37.6087585394519124|127.0297518241092689_37.6086261384038210
2026-09-04T18:34:05.570303+09:00,미아사거리역,미아사거리역,POI026,KEY_2,1070063102,숭인로,1070033603,미아삼거리역,127.0301170297419731_37.6122786292103584,1070033303,영훈초등학교,127.0272366252979594_37.6124997369536160,257.0,13.0,정체,127.0272366252979594_37.6124997369536160|127.0273290177740932_37.6124920237944238|127.0277198994808572_37.6125063943992686|127.0280519294709620_37.6125122120121063|127.0281714809471509_37.6125065226202864|127.0283094040843537_37.6124883905500482|127.0284766085014923_37.6124500698429429|127.0285133251269230_37.6124416549143064|127.0287641695714882_37.6123807502593905|127.0289657378952626_37.6123609656958209|127.0290381633802781_37.6123554605349995|127.0299433135421481_37.6122866550074235|127.0301170297419731_37.6122786292103584
2026-09-04T18:34:05.570303+09:00,미아사거리역,미아사거리역,POI026,KEY_2,1070063201,숭인로,1080208400,미아동 484-11,127.0290510909710093_37.6124630890364458,1070033604,미아삼거리역,127.0300983318171859_37.6123877944740386,93.0,21.0,서행,127.0300983318171859_37.6123877944740386|127.0299537211582788_37.6123944755107473|127.0290510909710093_37.6124630890364458
2026-09-04T18:34:05.570303+09:00,미아사거리역,미아사거리역,POI026,KEY_2,1070070600,숭인로8길,1070075300,길음동 1288-2,127.0274859733274013_37.6098597961299035,1070041801,현대백화점,127.0286222777593963_37.6091855339611456,125.0,17.0,서행,127.0286222777593963_37.6091855339611456|127.0280529599322392_37.6095166127957299|127.0280353703558234_37.6095268416775639|127.0274859733274013_37.6098597961299035
2026-09-04T18:34:05.570303+09:00,미아사거리역,미아사거리역,POI026,KEY_2,1070076400,월계로,1070096700,하월곡동 79-20,127.0338497916468157_37.6108727283433311,1070030802,하월곡동 96-8,127.0333012137834316_37.6105859601554187,58.0,7.5,정체,127.0333012137834316_37.6105859601554187|127.0338497916468157_37.6108727283433311
2026-09-04T18:34:05.570303+09:00,미아사거리역,미아사거리역,POI026,KEY_2,1070076600,월계로,1070082200,하월곡동 산2-76,127.0360750402543033_37.6120372770475058,1070032702,방천시장입구교차로,127.0351818040333285_37.6115690734767298,94.0,31.0,원활,127.0351818040333285_37.6115690734767298|127.0360750402543033_37.6120372770475058
2026-09-04T18:34:05.570303+09:00,미아사거리역,미아사거리역,POI026,KEY_2,1070076900,월계로,1070032701,방천시장입구교차로,127.0351361942052364_37.6116746238631379,1070034803,창문여고앞,127.0375644525691570_37.6132010932717336,277.0,14.0,정체,127.0375644525691570_37.6132010932717336|127.0374326476301974_37.6130317692853424|127.0372709646521940_37.6128522299669044|127.0371916667080683_37.6127751366487999|127.0370529635782049_37.6126787402837692|127.0360004406020806_37.6121273741262740|127.0351361942052364_37.6116746238631379
2026-09-04T18:34:05.570303+09:00,미아사거리역,미아사거리역,POI026,KEY_2,1080000900,월계로,1070030801,미아동 46-41,127.0334139063331946_37.6107742430994421,1070032704,방천시장입구교차로,127.0350206256664194_37.6116141344327843,170.0,24.5,서행,127.0350206256664194_37.6116141344327843|127.0337751563115916_37.6109630853235259|127.0334139063331946_37.6107742430994421
2026-09-04T18:34:05.570303+09:00,미아사거리역,미아사거리역,POI026,KEY_2,1080001301,도봉로8길,1080188000,미아동 860-68,127.0313076593327679_37.6124939066315420,1080004403,롯데백화점(미아점),127.0307655742459758_37.6152294799087770,354.0,10.0,정체,127.0307655742459758_37.6152294799087770|127.0307595083810952_37.6151431414709805|127.0307982049350812_37.6146048520059324|127.0308334377665034_37.6144241108047410|127.0308880019328228_37.6142290723469088|127.0308888194819872_37.6142261500267807|127.0309021182958560_37.6141593634664346|127.0308971769619575_37.6141162866918890|127.0308713303888197_37.6140091037384749|127.0308172547337193_37.6138558335722166|127.0306687476536069_37.6135272070313320|127.0306263756309590_37.6134334427768025|127.0305256407967818_37.6132105275378237|127.0304829018195534_37.6131161834363184|127.0304581524445808_37.6129865258258107|127.0304679093526232_37.6128992805603062|127.0305305543381564_37.6128261392159047|127.0308831459086178_37.6126452505436006|127.0311960791661221_37.6125297876005433|127.0313076593327679_37.6124939066315420
2026-09-04T18:34:05.570303+09:00,미아사거리역,미아사거리역,POI026,KEY_2,1080001302,도봉로10길,1080004404,롯데백화점(미아점),127.0307752511100574_37.6153377881961077,1080004603,송중초교앞교차로,127.0304883063638783_37.6164177510826150,125.0,20.0,서행,127.0304883063638783_37.6164177510826150|127.0305703985691252_37.6163131925084642|127.0306363068363140_37.6162059695205286|127.0307091738091572_37.6160516347061957|127.0307523911061054_37.6159357563504244|127.0307780233704449_37.6158268129668514|127.0307895338175257_37.6157153468896510|127.0307960511374716_37.6155476827439088|127.0307967671710401_37.6155292620652375|127.0307752511100574_37.6153377881961077
2026-09-04T18:34:05.570303+09:00,미아사거리역,미아사거리역,POI026,KEY_2,1080001303,도봉로16길,1080004604,송중초교앞교차로,127.0304102014371495_37.6165235549963413,1080005102,삼양입구사거리,127.0298702192108067_37.6170704681836625,79.0,11.0,정체,127.0298702192108067_37.6170704681836625|127.0298850521788978_37.6170678421002123|127.0299748118788585_37.6170321140735879|127.0300606496514746_37.6169837596280487|127.0301171093192494_37.6169296264748780|127.0302651320415634_37.6167245455032031|127.0304102014371495_37.6165235549963413
2026-09-04T18:34:05.570303+09:00,미아사거리역,미아사거리역,POI026,KEY_2,1080001401,도봉로8길,1080226500,미아동 860-62,127.0333709883061459_37.6111757648604055,1070030801,미아동 46-41,127.0334139063331946_37.6107742430994421,47.0,12.3,정체,127.0334139063331946_37.6107742430994421|127.0334462215943887_37.6108752645659408|127.0334496189833260_37.6109857942447405|127.0334250973174051_37.6110939559240691|127.0334003678912893_37.6111530443839968|127.0333709883061459_37.6111757648604055
2026-09-04T18:34:05.570303+09:00,미아사거리역,미아사거리역,POI026,KEY_2,1080001402,도봉로10길,1080223600,미아동 860-128,127.0309319037914122_37.6155510242293474,1080004401,롯데백화점(미아점),127.0309106282188338_37.6153281619081881,25.0,4.0,정체,127.0309106282188338_37.6153281619081881|127.0309328722385231_37.6155261090471882|127.0309319037914122_37.6155510242293474
2026-09-04T18:34:05.570303+09:00,미아사거리역,미아사거리역,POI026,KEY_2,1080001403,도봉로16길,1080226700,미아동 860-128,127.0303830050474403_37.6167783790601220,1080004601,송중초교앞교차로,127.0305637850283773_37.6165279116074700,32.0,6.0,정체,127.0305637850283773_37.6165279116074700|127.0303830050474403_37.6167783790601220
2026-09-04T18:34:05.570303+09:00,미아사거리역,미아사거리역,POI026,KEY_2,1080001600,오패산로,1080213700,미아동 1317-4,127.0350445501677967_37.6118498616365429,1070032701,방천시장입구교차로,127.0351361942052364_37.6116746238631379,21.0,8.0,정체,127.0351361942052364_37.6116746238631379|127.0350445501677967_37.6118498616365429
2026-09-04T18:34:05.570303+09:00,미아사거리역,미아사거리역,POI026,KEY_2,1080001900,오현로,1080208300,미아동 89-40,127.0313087266287511_37.6164361744709836,1080004602,송중초교앞교차로,127.0306455696994732_37.6164215546226970,59.0,7.0,정체,127.0306455696994732_37.6164215546226970|127.0313087266287511_37.6164361744709836
2026-09-04T18:34:05.570303+09:00,미아사거리역,미아사거리역,POI026,KEY_2,1080002000,오현로,1080004601,송중초교앞교차로,127.0305637850283773_37.6165279116074700,1080000704,송중동주민센터,127.0333214076489838_37.6165889302136804,244.0,18.5,서행,127.0333214076489838_37.6165889302136804|127.0327048727601778_37.6165751501665611|127.0325535462619797_37.6165717674053610|127.0322799608593556_37.6165657393747779|127.0313049616454890_37.6165442516112378|127.0305637850283773_37.6165279116074700
2026-09-04T18:34:05.570303+09:00,미아사거리역,미아사거리역,POI026,KEY_2,1080013300,도봉로,1070029400,미아동13-23,127.0303037865156597_37.6097324048251664,1070029100,미아동13-23,127.0307970607158552_37.6093968261890694,68.0,21.5,서행,127.0307970607158552_37.6093968261890694|127.0305946239942188_37.6093716682601524|127.0304681352867107_37.6094164675411236|127.0304277962557080_37.6094780299370726|127.0303633502236949_37.6096357439956179|127.0303037865156597_37.6097324048251664
2026-09-04T18:34:05.570303+09:00,미아사거리역,미아사거리역,POI026,KEY_2,1080013600,도봉로14길,1080004403,롯데백화점(미아점),127.0307655742459758_37.6152294799087770,1080004302,롯데백화점,127.0300044147842016_37.6152165221594643,67.0,12.0,정체,127.0300044147842016_37.6152165221594643|127.0307655742459758_37.6152294799087770
2026-09-04T18:34:05.570303+09:00,미아사거리역,미아사거리역,POI026,KEY_2,1080014200,오현로,1080004603,송중초교앞교차로,127.0304883063638783_37.6164177510826150,1080004502,미아4동지구대,127.0299406932083599_37.6164009553699401,48.0,6.0,정체,127.0299406932083599_37.6164009553699401|127.0304883063638783_37.6164177510826150
2026-09-04T18:34:05.570303+09:00,미아사거리역,미아사거리역,POI026,KEY_2,1080014300,오현로,1080004501,미아4동지구대,127.0299378171736464_37.6165090658176240,1080004604,송중초교앞교차로,127.0304102014371495_37.6165235549963413,42.0,12.0,정체,127.0304102014371495_37.6165235549963413|127.0299378171736464_37.6165090658176240
2026-09-04T18:34:05.570303+09:00,미아사거리역,미아사거리역,POI026,KEY_2,1080014600,도봉로15길,1080192800,미아동 458-7,127.0289263823759143_37.6164970010907709,1080005303,솔샘빌딩,127.0271851492296946_37.6171857601041069,173.0,21.0,서행,127.0271851492296946_37.6171857601041069|127.0280001291889533_37.6167779690611326|127.0282120914124135_37.6166948240359034|127.0284782414750566_37.6166076453546765|127.0287039024196645_37.6165457270247074|127.0289263823759143_37.6164970010907709
2026-09-04T18:34:05.570303+09:00,미아사거리역,미아사거리역,POI026,KEY_2,1080014700,도봉로15길,1080192900,미아동 458-7,127.0289624624824540_37.6166012407417867,1080004504,미아4동지구대,127.0298017896812581_37.6165088554968250,75.0,16.0,서행,127.0298017896812581_37.6165088554968250|127.0295487633222109_37.6165152651126817|127.0293179985103222_37.6165373968828902|127.0290397621278942_37.6165843107636775|127.0289624624824540_37.6166012407417867
2026-09-04T18:34:05.570303+09:00,미아사거리역,미아사거리역,POI026,KEY_2,1080035900,도봉로,1080227900,미아동 66-1,127.0299274972616104_37.6144546098941603,1080004303,롯데백화점,127.0298687581600916_37.6152098457852233,84.0,8.0,정체,127.0298687581600916_37.6152098457852233|127.0298853879347121_37.6149960306107900|127.0299274972616104_37.6144546098941603
2026-09-04T18:34:05.570303+09:00,미아사거리역,미아사거리역,POI026,KEY_2,1080036400,도봉로,1080225600,미아동 66-1,127.0299803524425357_37.6155274151514050,1080004301,롯데백화점,127.0299960395229704_37.6153245223647374,23.0,16.0,서행,127.0299960395229704_37.6153245223647374|127.0299803524425357_37.6155274151514050
2026-09-04T18:34:05.570303+09:00,미아사거리역,미아사거리역,POI026,KEY_2,1080036500,도봉로,1080004304,롯데백화점,127.0298603782955666_37.6153178851803318,1080004503,미아4동지구대,127.0298047742597731_37.6164006059727711,120.0,21.0,서행,127.0298047742597731_37.6164006059727711|127.0298046298892842_37.6160389086157849|127.0298446910549472_37.6155207779205440|127.0298603782955666_37.6153178851803318
2026-09-04T18:34:05.570303+09:00,미아사거리역,미아사거리역,POI026,KEY_2,1080036600,도봉로,1080005102,삼양입구사거리,127.0298702192108067_37.6170704681836625,1080004501,미아4동지구대,127.0299378171736464_37.6165090658176240,63.0,11.0,정체,127.0299378171736464_37.6165090658176240|127.0299226736381542_37.6167963269789851|127.0298951691717804_37.6169547114601741|127.0298702192108067_37.6170704681836625
2026-09-04T18:34:05.570303+09:00,미아사거리역,미아사거리역,POI026,KEY_2,1080036700,도봉로,1080004504,미아4동지구대,127.0298017896812581_37.6165088554968250,1080005103,삼양입구사거리,127.0297284688176518_37.6170883149081376,65.0,21.0,서행,127.0297284688176518_37.6170883149081376|127.0297608296273353_37.6169381744416640|127.0297871444125661_37.6167866423070549|127.0298017896812581_37.6165088554968250
2026-09-04T18:34:05.570303+09:00,발산역,발산역,POI027,KEY_3,1150425300,강서로,1150030703,등촌동 709,126.8385237764946822_37.5596590721435390,1150145902,마곡동 794-3,126.8379038144172029_37.5597347169141997,55.0,3.0,정체,126.8379038144172029_37.5597347169141997|126.8385237764946822_37.5596590721435390
2026-09-04T18:34:05.570303+09:00,발산역,발산역,POI027,KEY_3,1150013502,공항대로41길,1150264200,등촌동 709-19,126.8457392751923010_37.5596525373729904,1150029901,등촌성당,126.8453512898314699_37.5590655577672123,74.0,13.0,정체,126.8453512898314699_37.5590655577672123|126.8457392751923010_37.5596525373729904
2026-09-04T18:34:05.570303+09:00,발산역,발산역,POI027,KEY_3,1150014202,강서로,1150175000,마곡동 724-1,126.8383852842325865_37.5592402053588401,1150030703,등촌동 709,126.8385237764946822_37.5596590721435390,48.0,5.0,정체,126.8385237764946822_37.5596590721435390|126.8383852842325865_37.5592402053588401
2026-09-04T18:34:05.570303+09:00,발산역,발산역,POI027,KEY_3,1150014203,강서로,1150030704,등촌동 709,126.8385583871243085_37.5597642315047793,1150031803,등촌동 709,126.8388799352455294_37.5607467891492064,113.0,1.0,정체,126.8388799352455294_37.5607467891492064|126.8385583871243085_37.5597642315047793
2026-09-04T18:34:05.570303+09:00,발산역,발산역,POI027,KEY_3,1150001301,공항대로,1150388100,최소노드배치점,126.8479422913783452_37.5574279579684003,1150027802,내발산동 727-11,126.8445162648301476_37.5578956605161736,308.0,7.0,정체,126.8445162648301476_37.5578956605161736|126.8470260619137662_37.5576543889665260|126.8472895533285225_37.5576081323218673|126.8475700185465627_37.5575380223980133|126.8478776911477155_37.5574499386466130|126.8479422913783452_37.5574279579684003
2026-09-04T18:34:05.570303+09:00,발산역,발산역,POI027,KEY_3,1150001401,공항대로,1150027801,등촌동 665-15,126.8446075434389826_37.5579957914980866,1150027504,KBS88체육관,126.8485838392266203_37.5573272457826803,362.0,14.0,정체,126.8485838392266203_37.5573272457826803|126.8479956668994788_37.5575273772584879|126.8479274007050321_37.5575506052493537|126.8476133601174638_37.5576405117346468|126.8473245865430670_37.5577126995265402|126.8470488797595976_37.5577611001132396|126.8446075434389826_37.5579957914980866
2026-09-04T18:34:05.570303+09:00,발산역,발산역,POI027,KEY_3,1150001702,공항대로,1150156500,내발산동 727-13,126.8389437190157025_37.5584498941833331,1150029007,발산역앞교차로,126.8382868423504277_37.5585154741234675,58.0,19.0,서행,126.8382868423504277_37.5585154741234675|126.8389437190157025_37.5584498941833331
2026-09-04T18:34:05.570303+09:00,발산역,발산역,POI027,KEY_3,1150001802,공항대로,1150286100,등촌동 675-7,126.8434851477407221_37.5581068792877204,1150027804,등촌동 675-7,126.8444620467467274_37.5580099188913792,87.0,10.3,정체,126.8444620467467274_37.5580099188913792|126.8434851477407221_37.5581068792877204
2026-09-04T18:34:05.570303+09:00,발산역,발산역,POI027,KEY_3,1150012402,강서로,1150159900,내발산동 727-3,126.8379581400753864_37.5579157877647489,1150029008,발산역앞교차로,126.8381511771219436_37.5585292798091572,70.0,8.0,정체,126.8381511771219436_37.5585292798091572|126.8379581400753864_37.5579157877647489
2026-09-04T18:34:05.570303+09:00,발산역,발산역,POI027,KEY_3,1150012501,강서로,1150024502,동아빌딩,126.8372882612989372_37.5553437451673062,1150023601,우장산공원입구교차로,126.8371370636826754_37.5548824736412428,53.0,38.0,원활,126.8371370636826754_37.5548824736412428|126.8372882612989372_37.5553437451673062
2026-09-04T18:34:05.570303+09:00,발산역,발산역,POI027,KEY_3,1150012502,강서로,1150160000,내발산동 727-3,126.8380898818052742_37.5578895163977009,1150024501,동아빌딩,126.8373220381356390_37.5554491393520493,279.0,17.0,서행,126.8373220381356390_37.5554491393520493|126.8376715306814759_37.5565599243357937|126.8380898818052742_37.5578895163977009
2026-09-04T18:34:05.570303+09:00,발산역,발산역,POI027,KEY_3,1150013401,공항대로41길,1150199400,등촌동 709-18,126.8448748818911582_37.5586016883165925,1150029903,등촌성당,126.8451274169810858_37.5589636738274208,46.0,7.0,정체,126.8451274169810858_37.5589636738274208|126.8448748818911582_37.5586016883165925
2026-09-04T18:34:05.570303+09:00,발산역,발산역,POI027,KEY_3,1150013501,공항대로41길,1150199500,등촌동 709-18,126.8449936130237745_37.5585491936764626,1150027801,등촌동 665-15,126.8446075434389826_37.5579957914980866,70.0,9.0,정체,126.8446075434389826_37.5579957914980866|126.8449936130237745_37.5585491936764626
2026-09-04T18:34:05.570303+09:00,발산역,발산역,POI027,KEY_3,1150014205,강서로,1150031804,등촌동 709,126.8389140890373454_37.5608509288689092,1150005703,등촌1-10단지앞교차로,126.8396861857425364_37.5631977716060206,269.0,4.0,정체,126.8396861857425364_37.5631977716060206|126.8393141722479385_37.5620670292307963|126.8392797556717255_37.5619624175767370|126.8389140890373454_37.5608509288689092
2026-09-04T18:34:05.570303+09:00,발산역,발산역,POI027,KEY_3,1150014302,강서로,1150175100,등촌동 675-9,126.8385166255535950_37.5592126843741667,1150029006,발산역앞교차로,126.8383210052044774_37.5586210293481884,68.0,16.0,서행,126.8383210052044774_37.5586210293481884|126.8385166255535950_37.5592126843741667
2026-09-04T18:34:05.570303+09:00,발산역,발산역,POI027,KEY_3,1150014303,강서로,1150031802,등촌동 709,126.8390139938301218_37.5607275621226293,1150030701,등촌동 709,126.8386936568455070_37.5597487108810242,112.0,14.0,정체,126.8386936568455070_37.5597487108810242|126.8390139938301218_37.5607275621226293
2026-09-04T18:34:05.570303+09:00,발산역,발산역,POI027,KEY_3,1150014304,강서로,1150034202,국민연금관리공단,126.8394111443076042_37.5619350252835389,1150031801,등촌동 709,126.8390483347155140_37.5608322269258892,127.0,31.0,원활,126.8390483347155140_37.5608322269258892|126.8394111443076042_37.5619350252835389
2026-09-04T18:34:05.570303+09:00,발산역,발산역,POI027,KEY_3,1150014305,강서로,1150005702,등촌1-10단지앞교차로,126.8398205853715410_37.5631795244991835,1150034201,국민연금관리공단,126.8394455610547453_37.5620396368988594,131.0,31.3,원활,126.8394455610547453_37.5620396368988594|126.8398205853715410_37.5631795244991835
2026-09-04T18:34:05.570303+09:00,발산역,발산역,POI027,KEY_3,1150015201,강서로62길,1150036503,등촌동 709-7,126.8406735207926062_37.5630129446335346,1150005702,등촌1-10단지앞교차로,126.8398205853715410_37.5631795244991835,78.0,13.0,정체,126.8398205853715410_37.5631795244991835|126.8406735207926062_37.5630129446335346
2026-09-04T18:34:05.570303+09:00,발산역,발산역,POI027,KEY_3,1150015202,강서로62길,1150035303,등촌동 709-7,126.8421580440403602_37.5627055380148107,1150036502,등촌동 709-7,126.8408051994368861_37.5629864249681731,124.0,10.0,정체,126.8408051994368861_37.5629864249681731|126.8421580440403602_37.5627055380148107
2026-09-04T18:34:05.570303+09:00,발산역,발산역,POI027,KEY_3,1150015301,강서로62길,1150005701,등촌1-10단지앞교차로,126.8398546136223644_37.5632842045207411,1150036504,등촌동 709-7,126.8407073809268581_37.5631176574675862,78.0,6.0,정체,126.8407073809268581_37.5631176574675862|126.8398546136223644_37.5632842045207411
2026-09-04T18:34:05.570303+09:00,발산역,발산역,POI027,KEY_3,1150015302,강서로62길,1150036501,등촌동 709-7,126.8408390519562801_37.5630911327515875,1150035304,등촌동 709-7,126.8421984401591374_37.5628088871163897,124.0,13.0,정체,126.8421984401591374_37.5628088871163897|126.8408390519562801_37.5630911327515875
2026-09-04T18:34:05.570303+09:00,발산역,발산역,POI027,KEY_3,1150061400,강서로50길,1150160400,내발산동 724-31,126.8379970283803289_37.5552640353912395,1150024502,동아빌딩,126.8372882612989372_37.5553437451673062,63.0,13.0,정체,126.8372882612989372_37.5553437451673062|126.8379970283803289_37.5552640353912395
2026-09-04T18:34:05.570303+09:00,발산역,발산역,POI027,KEY_3,1150063600,공항대로42길,1150168900,내발산동 727-10,126.8437845680732181_37.5573454026150557,1150027803,내발산동 727-11,126.8443119302488782_37.5579158619486293,79.0,13.0,정체,126.8443119302488782_37.5579158619486293|126.8442191029553783_37.5578656596487974|126.8439617274123350_37.5575931711129414|126.8439157570281708_37.5575288788179549|126.8437845680732181_37.5573454026150557
2026-09-04T18:34:05.570303+09:00,발산역,발산역,POI027,KEY_3,1150068500,화곡로63길,1150249200,등촌동 665,126.8468281137539435_37.5588151943925652,1150029902,등촌성당,126.8452825414138516_37.5589633449437912,138.0,20.0,서행,126.8452825414138516_37.5589633449437912|126.8456271872231582_37.5589296648363486|126.8457671569491794_37.5589163237876207|126.8468281137539435_37.5588151943925652
2026-09-04T18:34:05.570303+09:00,발산역,발산역,POI027,KEY_3,1150068900,강서로56길,1150029903,등촌성당,126.8451274169810858_37.5589636738274208,1150030102,동명중학교앞사거리,126.8437021070714508_37.5590900784440578,127.0,9.0,정체,126.8437021070714508_37.5590900784440578|126.8450504206099083_37.5589612812080915|126.8451274169810858_37.5589636738274208
2026-09-04T18:34:05.570303+09:00,발산역,발산역,POI027,KEY_3,1150069000,강서로56길,1150030101,동명중학교앞사거리,126.8437182868120630_37.5591974274643690,1150029904,등촌성당,126.8452035600025880_37.5590742413996850,132.0,19.0,서행,126.8452035600025880_37.5590742413996850|126.8450558970051816_37.5590696530153494|126.8437182868120630_37.5591974274643690
2026-09-04T18:34:05.570303+09:00,발산역,발산역,POI027,KEY_3,1150069400,강서로56길,1150253100,등촌동 675-3,126.8420541660963323_37.5592559113364217,1150030302,NC백화점(강서점),126.8412679507252108_37.5593352125803221,70.0,21.0,서행,126.8412679507252108_37.5593352125803221|126.8420541660963323_37.5592559113364217
2026-09-04T18:34:05.570303+09:00,발산역,발산역,POI027,KEY_3,1150069500,강서로56길,1150030301,NC백화점(강서점),126.8412850215417649_37.5594424739169526,1150030104,동명중학교앞사거리,126.8435827794940707_37.5592106973085009,205.0,24.3,서행,126.8435827794940707_37.5592106973085009|126.8420712380346345_37.5593631728529758|126.8412850215417649_37.5594424739169526
2026-09-04T18:34:05.570303+09:00,발산역,발산역,POI027,KEY_3,1150421600,마곡중앙8로3길,1150145204,마곡동 789-10,126.8364925281873639_37.5610270643811788,1150145403,마곡동790-3,126.8368895854583229_37.5634558056279033,272.0,13.0,정체,126.8368895854583229_37.5634558056279033|126.8364925281873639_37.5610270643811788
2026-09-04T18:34:05.570303+09:00,발산역,발산역,POI027,KEY_3,1150069900,강서로56길,1150222900,등촌동 675-10,126.8398256103945130_37.5594834893855705,1150030502,등촌동 675-10,126.8396404824841710_37.5595279604237717,17.0,19.5,서행,126.8396404824841710_37.5595279604237717|126.8397994820281411_37.5594861781463507|126.8398256103945130_37.5594834893855705
2026-09-04T18:34:05.570303+09:00,발산역,발산역,POI027,KEY_3,1150070000,강서로56길,1150030501,등촌동 709-24,126.8396830550129550_37.5596306307353771,1150030304,NC백화점(강서점),126.8411492775769176_37.5594562882070591,131.0,8.0,정체,126.8411492775769176_37.5594562882070591|126.8404955909356886_37.5595235617705185|126.8398430218055637_37.5595907165936680|126.8398297469764060_37.5595920826459491|126.8396830550129550_37.5596306307353771
2026-09-04T18:34:05.570303+09:00,발산역,발산역,POI027,KEY_3,1150070100,강서로56길,1150030503,등촌동 675-10,126.8395323421799361_37.5595482233216273,1150030702,등촌동 709,126.8386590218707255_37.5596433568766201,78.0,9.0,정체,126.8386590218707255_37.5596433568766201|126.8395323421799361_37.5595482233216273
2026-09-04T18:34:05.570303+09:00,발산역,발산역,POI027,KEY_3,1150070200,강서로56길,1150030701,등촌동 709,126.8386936568455070_37.5597487108810242,1150030504,등촌동 709-24,126.8395507558514197_37.5596553444129242,76.0,6.0,정체,126.8395507558514197_37.5596553444129242|126.8386936568455070_37.5597487108810242
2026-09-04T18:34:05.570303+09:00,발산역,발산역,POI027,KEY_3,1150070500,강서로56나길,1150031102,등촌주공3단지,126.8415189407386379_37.5601714765458112,1150030301,NC백화점(강서점),126.8412850215417649_37.5594424739169526,84.0,20.0,서행,126.8412850215417649_37.5594424739169526|126.8415189407386379_37.5601714765458112
2026-09-04T18:34:05.570303+09:00,발산역,발산역,POI027,KEY_3,1150070600,강서로56나길,1150030304,NC백화점(강서점),126.8411492775769176_37.5594562882070591,1150031103,등촌주공3단지,126.8413873500379907_37.5601982354522050,85.0,15.5,서행,126.8413873500379907_37.5601982354522050|126.8411492775769176_37.5594562882070591
2026-09-04T18:34:05.570303+09:00,발산역,발산역,POI027,KEY_3,1150071200,강서로56가길,1150031302,킴스클럽(강서점),126.8399788271866129_37.5605014032291180,1150030501,등촌동 709-24,126.8396830550129550_37.5596306307353771,100.0,10.0,정체,126.8396830550129550_37.5596306307353771|126.8397331722678132_37.5597781806686797|126.8399788271866129_37.5605014032291180
2026-09-04T18:34:05.570303+09:00,발산역,발산역,POI027,KEY_3,1150071300,강서로56가길,1150177200,등촌동 709-24,126.8396020643651383_37.5598064024523026,1150031303,킴스클럽(강서점),126.8398481363394410_37.5605308572489065,83.0,9.0,정체,126.8398481363394410_37.5605308572489065|126.8396020643651383_37.5598064024523026
2026-09-04T18:34:05.570303+09:00,발산역,발산역,POI027,KEY_3,1150071700,강서로,1150031103,등촌주공3단지,126.8413873500379907_37.5601982354522050,1150031302,킴스클럽(강서점),126.8399788271866129_37.5605014032291180,129.0,22.0,서행,126.8399788271866129_37.5605014032291180|126.8409817156347685_37.5602855454065931|126.8413873500379907_37.5601982354522050
2026-09-04T18:34:05.570303+09:00,발산역,발산역,POI027,KEY_3,1150071800,강서로,1150031301,킴스클럽(강서점),126.8400146179819785_37.5606057011169838,1150031104,등촌주공3단지,126.8414257249843189_37.5603019770891677,129.0,14.5,정체,126.8414257249843189_37.5603019770891677|126.8410171647322500_37.5603899168237874|126.8400146179819785_37.5606057011169838
2026-09-04T18:34:05.570303+09:00,발산역,발산역,POI027,KEY_3,1150071900,강서로,1150031303,킴스클럽(강서점),126.8398481363394410_37.5605308572489065,1150031802,등촌동 709,126.8390139938301218_37.5607275621226293,77.0,7.0,정체,126.8390139938301218_37.5607275621226293|126.8398481363394410_37.5605308572489065
2026-09-04T18:34:05.570303+09:00,발산역,발산역,POI027,KEY_3,1150072000,강서로,1150031801,등촌동 709,126.8390483347155140_37.5608322269258892,1150031304,킴스클럽(강서점),126.8398839413988100_37.5606351767868460,77.0,7.0,정체,126.8398839413988100_37.5606351767868460|126.8390483347155140_37.5608322269258892
2026-09-04T18:34:05.570303+09:00,발산역,발산역,POI027,KEY_3,1150072100,공항대로39길,1150256400,등촌동 709-21,126.8439667127423149_37.5600268748774369,1150030101,동명중학교앞사거리,126.8437182868120630_37.5591974274643690,95.0,19.5,서행,126.8437182868120630_37.5591974274643690|126.8438689490130855_37.5597219963694755|126.8439667127423149_37.5600268748774369
2026-09-04T18:34:05.570303+09:00,발산역,발산역,POI027,KEY_3,1150072300,강서로56가길,1150033502,등촌동 709-24,126.8403937546382281_37.5617408215833422,1150031301,킴스클럽(강서점),126.8400146179819785_37.5606057011169838,130.0,22.5,서행,126.8400146179819785_37.5606057011169838|126.8400855183556359_37.5608102389680525|126.8401212767520718_37.5609159034849611|126.8403937546382281_37.5617408215833422
2026-09-04T18:34:05.570303+09:00,발산역,발산역,POI027,KEY_3,1150072400,강서로56가길,1150031304,킴스클럽(강서점),126.8398839413988100_37.5606351767868460,1150031903,등촌동 709-25,126.8399545939338253_37.5608389991299347,23.0,6.0,정체,126.8399545939338253_37.5608389991299347|126.8398839413988100_37.5606351767868460
2026-09-04T18:34:05.570303+09:00,발산역,발산역,POI027,KEY_3,1150073800,강서로56가길,1150031903,등촌동 709-25,126.8399545939338253_37.5608389991299347,1150033703,청호빌딩,126.8398879643180805_37.5618434951784010,136.0,81.0,원활,126.8398879643180805_37.5618434951784010|126.8396084486025330_37.5609783844197054|126.8396550646368155_37.5609044813812574|126.8399545939338253_37.5608389991299347
2026-09-04T18:34:05.570303+09:00,발산역,발산역,POI027,KEY_3,1150073900,강서로56가길,1150033702,청호빌딩,126.8400198011262034_37.5618174884067031,1150031904,등촌동 678-6,126.8399899238250583_37.5609433981560485,116.0,11.0,정체,126.8399899238250583_37.5609433981560485|126.8397540438665771_37.5609949658284634|126.8400198011262034_37.5618174884067031
2026-09-04T18:34:05.570303+09:00,발산역,발산역,POI027,KEY_3,1150074100,강서로56가길,1150031904,등촌동 678-6,126.8399899238250583_37.5609433981560485,1150033503,등촌동 709-25,126.8402624006093049_37.5617683164986360,95.0,20.5,서행,126.8402624006093049_37.5617683164986360|126.8399899238250583_37.5609433981560485
2026-09-04T18:34:05.570303+09:00,발산역,발산역,POI027,KEY_3,1150074400,강서로56나길,1150224800,등촌동 709-23,126.8421593876177269_37.5622512538104232,1150031101,등촌주공3단지,126.8415577146132023_37.5602764926730970,226.0,12.0,정체,126.8415577146132023_37.5602764926730970|126.8417915836892433_37.5610440910706487|126.8421593876177269_37.5622512538104232
2026-09-04T18:34:05.570303+09:00,발산역,발산역,POI027,KEY_3,1150075500,강서로56가길,1150033503,등촌동 709-25,126.8402624006093049_37.5617683164986360,1150033702,청호빌딩,126.8400198011262034_37.5618174884067031,22.0,12.0,정체,126.8400198011262034_37.5618174884067031|126.8402624006093049_37.5617683164986360
2026-09-04T18:34:05.570303+09:00,발산역,발산역,POI027,KEY_3,1150075600,강서로56가길,1150033701,청호빌딩,126.8400533738930847_37.5619222522369043,1150033504,등촌동 679-6,126.8402969405602931_37.5618728844387348,22.0,16.0,서행,126.8402969405602931_37.5618728844387348|126.8400533738930847_37.5619222522369043
2026-09-04T18:34:05.570303+09:00,발산역,발산역,POI027,KEY_3,1150075800,강서로,1150033703,청호빌딩,126.8398879643180805_37.5618434951784010,1150034202,국민연금관리공단,126.8394111443076042_37.5619350252835389,43.0,12.0,정체,126.8394111443076042_37.5619350252835389|126.8398879643180805_37.5618434951784010
2026-09-04T18:34:05.570303+09:00,발산역,발산역,POI027,KEY_3,1150075900,강서로,1150034201,국민연금관리공단,126.8394455610547453_37.5620396368988594,1150033704,청호빌딩,126.8399215433585283_37.5619482675854854,43.0,6.0,정체,126.8399215433585283_37.5619482675854854|126.8394455610547453_37.5620396368988594
2026-09-04T18:34:05.570303+09:00,발산역,발산역,POI027,KEY_3,1150076300,강서로56가길,1150035502,호서아트갤러리,126.8406970304975800_37.5626589595992826,1150033501,등촌동 709-24,126.8404282947817023_37.5618453895506121,93.0,20.5,서행,126.8404282947817023_37.5618453895506121|126.8406970304975800_37.5626589595992826
2026-09-04T18:34:05.570303+09:00,발산역,발산역,POI027,KEY_3,1150076400,강서로56가길,1150033504,등촌동 679-6,126.8402969405602931_37.5618728844387348,1150035503,호서아트갤러리,126.8405656746963217_37.5626864548314643,93.0,26.0,원활,126.8405656746963217_37.5626864548314643|126.8402969405602931_37.5618728844387348
2026-09-04T18:34:05.570303+09:00,발산역,발산역,POI027,KEY_3,1150076900,강서로56가길,1150033704,청호빌딩,126.8399215433585283_37.5619482675854854,1150035504,호서아트갤러리,126.8406002224921991_37.5627910440640420,136.0,10.0,정체,126.8406002224921991_37.5627910440640420|126.8402872434445356_37.5628508061186608|126.8401954405893264_37.5628100442906998|126.8399215433585283_37.5619482675854854
2026-09-04T18:34:05.570303+09:00,발산역,발산역,POI027,KEY_3,1150078400,강서로56가길,1150036502,등촌동 709-7,126.8408051994368861_37.5629864249681731,1150035501,호서아트갤러리,126.8407315784833003_37.5627635487979958,26.0,6.5,정체,126.8407315784833003_37.5627635487979958|126.8408051994368861_37.5629864249681731
2026-09-04T18:34:05.570303+09:00,발산역,발산역,POI027,KEY_3,1150078500,강서로56가길,1150035504,호서아트갤러리,126.8406002224921991_37.5627910440640420,1150036503,등촌동 709-7,126.8406735207926062_37.5630129446335346,25.0,20.0,서행,126.8406735207926062_37.5630129446335346|126.8406002224921991_37.5627910440640420
2026-09-04T18:34:05.570303+09:00,발산역,발산역,POI027,KEY_3,1150081800,강서로56가길,1150038902,등촌주공1단지아파트,126.8416224738478206_37.5655681810133828,1150036501,등촌동 709-7,126.8408390519562801_37.5630911327515875,284.0,27.0,원활,126.8408390519562801_37.5630911327515875|126.8416224738478206_37.5655681810133828
2026-09-04T18:34:05.570303+09:00,발산역,발산역,POI027,KEY_3,1150081900,강서로56가길,1150036504,등촌동 709-7,126.8407073809268581_37.5631176574675862,1150038903,등촌주공1단지아파트,126.8414907582864544_37.5655945778397111,283.0,17.0,서행,126.8414907582864544_37.5655945778397111|126.8407073809268581_37.5631176574675862
2026-09-04T18:34:05.570303+09:00,발산역,발산역,POI027,KEY_3,1150414700,공항대로,1150143803,마곡동 800-23,126.8331897528281473_37.5590371786249193,1150142902,마곡동 799-23,126.8299789794061354_37.5593544984393830,286.0,10.0,정체,126.8299789794061354_37.5593544984393830|126.8331897528281473_37.5590371786249193
2026-09-04T18:34:05.570303+09:00,발산역,발산역,POI027,KEY_3,1150414800,공항대로,1150142901,마곡동 771-6,126.8299957636812536_37.5594617895610980,1150143804,마곡동 775-3,126.8332050999563307_37.5591446111485254,286.0,19.0,서행,126.8332050999563307_37.5591446111485254|126.8299957636812536_37.5594617895610980
2026-09-04T18:34:05.570303+09:00,발산역,발산역,POI027,KEY_3,1150415000,마곡동로4길,1150143903,더스포츠투데이,126.8332857991649547_37.5596880604673728,1150143002,스포츠니어스,126.8300720826581909_37.5600051057354847,286.0,10.0,정체,126.8300720826581909_37.5600051057354847|126.8332857991649547_37.5596880604673728
2026-09-04T18:34:05.570303+09:00,발산역,발산역,POI027,KEY_3,1150415200,마곡동로4길,1150143001,스포츠니어스,126.8300889340493427_37.5601123893861484,1150143904,더스포츠투데이,126.8333022312357485_37.5597953858369493,286.0,13.0,정체,126.8333022312357485_37.5597953858369493|126.8300889340493427_37.5601123893861484
2026-09-04T18:34:05.570303+09:00,발산역,발산역,POI027,KEY_3,1150415300,마곡중앙6로,1150144003,마곡동796-3,126.8333756769971359_37.5602611156995607,1150143102,마곡동 771-6,126.8301522505480108_37.5604769150319484,286.0,10.0,정체,126.8301522505480108_37.5604769150319484|126.8315992311645601_37.5603293921517363|126.8317903553199244_37.5603190670868727|126.8321654198426671_37.5603292225798029|126.8324684712669921_37.5603342165290286|126.8326274768060671_37.5603290036322974|126.8333756769971359_37.5602611156995607
2026-09-04T18:34:05.570303+09:00,발산역,발산역,POI027,KEY_3,1150415400,마곡중앙6로,1150143101,마곡동 771-6,126.8301695159718747_37.5605841499526605,1150144004,마곡동796-3,126.8333921054945677_37.5603684438512104,286.0,17.0,서행,126.8333921054945677_37.5603684438512104|126.8326428577152853_37.5604364277498135|126.8324742064728667_37.5604422396582009|126.8321626681507439_37.5604373192537437|126.8317857413540537_37.5604271232566731|126.8316086846086961_37.5604372494358998|126.8301695159718747_37.5605841499526605
2026-09-04T18:34:05.570303+09:00,발산역,발산역,POI027,KEY_3,1150415500,마곡중앙8로,1150144103,마곡동 775-3,126.8335156177956549_37.5612009154793540,1150143302,스페이스K서울미술관,126.8303074798785133_37.5615141459653259,286.0,11.0,정체,126.8303074798785133_37.5615141459653259|126.8310422029500444_37.5614424183077915|126.8325672766222709_37.5612935172885685|126.8335156177956549_37.5612009154793540
2026-09-04T18:34:05.570303+09:00,발산역,발산역,POI027,KEY_3,1150415600,마곡중앙8로,1150143301,스페이스K서울미술관,126.8303240117242154_37.5616214608969941,1150144104,마곡동 775-3,126.8335310636990982_37.5613083368637817,285.0,9.0,정체,126.8335310636990982_37.5613083368637817|126.8325838117159350_37.5614008321921915|126.8310587358588606_37.5615497332296471|126.8303240117242154_37.5616214608969941
2026-09-04T18:34:05.570303+09:00,발산역,발산역,POI027,KEY_3,1150416000,마곡동로,1150143704,아트나눔,126.8331006582411220_37.5583873342277244,1150143803,마곡동 800-23,126.8331897528281473_37.5590371786249193,73.0,7.0,정체,126.8331897528281473_37.5590371786249193|126.8331006582411220_37.5583873342277244
2026-09-04T18:34:05.570303+09:00,발산역,발산역,POI027,KEY_3,1150416200,마곡동로,1150143804,마곡동 775-3,126.8332050999563307_37.5591446111485254,1150143903,더스포츠투데이,126.8332857991649547_37.5596880604673728,61.0,5.0,정체,126.8332857991649547_37.5596880604673728|126.8332050999563307_37.5591446111485254
2026-09-04T18:34:05.570303+09:00,발산역,발산역,POI027,KEY_3,1150416400,마곡동로,1150143802,마곡동 800-23,126.8333245244353122_37.5590236911699904,1150143701,아트나눔,126.8332353657170586_37.5583733943382683,73.0,6.0,정체,126.8332353657170586_37.5583733943382683|126.8333245244353122_37.5590236911699904
2026-09-04T18:34:05.570303+09:00,발산역,발산역,POI027,KEY_3,1150416600,마곡동로,1150143904,더스포츠투데이,126.8333022312357485_37.5597953858369493,1150144003,마곡동796-3,126.8333756769971359_37.5602611156995607,52.0,9.0,정체,126.8333756769971359_37.5602611156995607|126.8333022312357485_37.5597953858369493
2026-09-04T18:34:05.570303+09:00,발산역,발산역,POI027,KEY_3,1150416700,마곡동로,1150143902,더스포츠투데이,126.8334205140886155_37.5596742805224650,1150143801,마곡동 775-3,126.8333398581103921_37.5591311289854701,61.0,17.0,서행,126.8333398581103921_37.5591311289854701|126.8334205140886155_37.5596742805224650
2026-09-04T18:34:05.570303+09:00,발산역,발산역,POI027,KEY_3,1150416800,마곡동로,1150144004,마곡동796-3,126.8333921054945677_37.5603684438512104,1150144103,마곡동 775-3,126.8335156177956549_37.5612009154793540,93.0,5.0,정체,126.8335156177956549_37.5612009154793540|126.8333921054945677_37.5603684438512104
2026-09-04T18:34:05.570303+09:00,발산역,발산역,POI027,KEY_3,1150416900,마곡동로,1150144002,마곡동796-3,126.8335106253723552_37.5602488541742048,1150143901,더스포츠투데이,126.8334369408403290_37.5597816127083632,52.0,7.0,정체,126.8334369408403290_37.5597816127083632|126.8335106253723552_37.5602488541742048
2026-09-04T18:34:05.570303+09:00,발산역,발산역,POI027,KEY_3,1150417000,마곡동로,1150144102,마곡동 775-3,126.8336504427879277_37.5611878569099460,1150144001,마곡동796-3,126.8335270465289426_37.5603561826379106,93.0,11.0,정체,126.8335270465289426_37.5603561826379106|126.8336504427879277_37.5611878569099460
2026-09-04T18:34:05.570303+09:00,발산역,발산역,POI027,KEY_3,1150417100,마곡동로,1150144104,마곡동 775-3,126.8335310636990982_37.5613083368637817,1150075303,마곡동 775-3,126.8338665843508579_37.5637171638409200,269.0,23.0,서행,126.8338665843508579_37.5637171638409200|126.8335310636990982_37.5613083368637817
2026-09-04T18:34:05.570303+09:00,발산역,발산역,POI027,KEY_3,1150417200,마곡동로,1150075302,마곡동 775-3,126.8340015234932139_37.5637048487681895,1150144101,마곡동 775-3,126.8336658955196157_37.5612952760720518,269.0,17.0,서행,126.8336658955196157_37.5612952760720518|126.8340015234932139_37.5637048487681895
2026-09-04T18:34:05.570303+09:00,발산역,발산역,POI027,KEY_3,1150418100,공항대로,1150144503,마곡동 808-2,126.8353045369876781_37.5588231594929596,1150143802,마곡동 800-23,126.8333245244353122_37.5590236911699904,176.0,9.0,정체,126.8333245244353122_37.5590236911699904|126.8353045369876781_37.5588231594929596
2026-09-04T18:34:05.570303+09:00,발산역,발산역,POI027,KEY_3,1150418300,마곡동로4길,1150144603,마곡동 797-1,126.8354226221326968_37.5594623538091739,1150143902,더스포츠투데이,126.8334205140886155_37.5596742805224650,178.0,12.0,정체,126.8334205140886155_37.5596742805224650|126.8354226221326968_37.5594623538091739
2026-09-04T18:34:05.570303+09:00,발산역,발산역,POI027,KEY_3,1150418400,마곡동로4길,1150143901,더스포츠투데이,126.8334369408403290_37.5597816127083632,1150144604,마곡동 797-17,126.8354405248635146_37.5595695294607594,179.0,10.0,정체,126.8354405248635146_37.5595695294607594|126.8334369408403290_37.5597816127083632
2026-09-04T18:34:05.570303+09:00,발산역,발산역,POI027,KEY_3,1150418500,마곡중앙6로,1150144803,마곡동795-8,126.8355105459097700_37.5600668693746229,1150144002,마곡동796-3,126.8335106253723552_37.5602488541742048,178.0,12.0,정체,126.8335106253723552_37.5602488541742048|126.8355105459097700_37.5600668693746229
2026-09-04T18:34:05.570303+09:00,발산역,발산역,POI027,KEY_3,1150418600,마곡중앙6로,1150144001,마곡동796-3,126.8335270465289426_37.5603561826379106,1150144804,마곡동795-8,126.8355266360785407_37.5601742289107179,178.0,9.0,정체,126.8355266360785407_37.5601742289107179|126.8335270465289426_37.5603561826379106
2026-09-04T18:34:05.570303+09:00,발산역,발산역,POI027,KEY_3,1150418700,마곡중앙8로,1150215900,마곡동 789-10,126.8348798327747602_37.5610697462614738,1150144102,마곡동 775-3,126.8336504427879277_37.5611878569099460,109.0,18.0,서행,126.8336504427879277_37.5611878569099460|126.8344178057114249_37.5611141359322147|126.8348798327747602_37.5610697462614738
2026-09-04T18:34:05.570303+09:00,발산역,발산역,POI027,KEY_3,1150418800,마곡중앙8로,1150215800,마곡동 789-10,126.8348961067385972_37.5611770861689465,1150144904,마곡동 789-10,126.8356742349839834_37.5611023223528946,69.0,15.0,서행,126.8356742349839834_37.5611023223528946|126.8348961067385972_37.5611770861689465
2026-09-04T18:34:05.570303+09:00,발산역,발산역,POI027,KEY_3,1150419400,마곡중앙2로,1150144404,마곡동801-2,126.8352046735335108_37.5581637508680544,1150144503,마곡동 808-2,126.8353045369876781_37.5588231594929596,74.0,5.0,정체,126.8353045369876781_37.5588231594929596|126.8352046735335108_37.5581637508680544
2026-09-04T18:34:05.570303+09:00,발산역,발산역,POI027,KEY_3,1150419800,마곡중앙2로,1150144502,마곡동 808-2,126.8354392475825705_37.5588093803015113,1150144401,마곡동801-2,126.8353395103048484_37.5581508093880885,74.0,6.0,정체,126.8353395103048484_37.5581508093880885|126.8354392475825705_37.5588093803015113
2026-09-04T18:34:05.570303+09:00,발산역,발산역,POI027,KEY_3,1150419900,마곡중앙6로,1150144604,마곡동 797-17,126.8354405248635146_37.5595695294607594,1150144803,마곡동795-8,126.8355105459097700_37.5600668693746229,56.0,7.0,정체,126.8355105459097700_37.5600668693746229|126.8354405248635146_37.5595695294607594
2026-09-04T18:34:05.570303+09:00,발산역,발산역,POI027,KEY_3,1150420000,마곡중앙6로,1150144804,마곡동795-8,126.8355266360785407_37.5601742289107179,1150144903,마곡동 789-10,126.8356571963544752_37.5609950561465453,92.0,15.5,서행,126.8356571963544752_37.5609950561465453|126.8355266360785407_37.5601742289107179
2026-09-04T18:34:05.570303+09:00,발산역,발산역,POI027,KEY_3,1150420100,마곡중앙6로,1150144802,마곡동795-8,126.8356454133569713_37.5600540899636997,1150144601,마곡동 797-17,126.8355752580511364_37.5595558020758560,56.0,10.0,정체,126.8355752580511364_37.5595558020758560|126.8356454133569713_37.5600540899636997
2026-09-04T18:34:05.570303+09:00,발산역,발산역,POI027,KEY_3,1150420200,마곡중앙6로,1150144902,마곡동 789-10,126.8357920851740062_37.5609823952840856,1150144801,마곡동795-8,126.8356615034770840_37.5601614444259368,92.0,17.5,서행,126.8356615034770840_37.5601614444259368|126.8357920851740062_37.5609823952840856
2026-09-04T18:34:05.570303+09:00,발산역,발산역,POI027,KEY_3,1150420300,마곡중앙8로1길,1150144904,마곡동 789-10,126.8356742349839834_37.5611023223528946,1150145003,마곡동 788-5,126.8360599704796385_37.5635339917327684,272.0,17.0,서행,126.8360599704796385_37.5635339917327684|126.8356742349839834_37.5611023223528946
2026-09-04T18:34:05.570303+09:00,발산역,발산역,POI027,KEY_3,1150420400,마곡중앙8로1길,1150145002,마곡동 788-5,126.8361949639833171_37.5635219719725413,1150144901,마곡동 789-10,126.8358091243757855_37.5610896665506644,272.0,16.0,서행,126.8358091243757855_37.5610896665506644|126.8361949639833171_37.5635219719725413
2026-09-04T18:34:05.570303+09:00,발산역,발산역,POI027,KEY_3,1150420500,마곡중앙8로,1150145203,마곡동 789-10,126.8364770013601657_37.5609196539713821,1150144902,마곡동 789-10,126.8357920851740062_37.5609823952840856,61.0,4.0,정체,126.8357920851740062_37.5609823952840856|126.8364770013601657_37.5609196539713821
2026-09-04T18:34:05.570303+09:00,발산역,발산역,POI027,KEY_3,1150420600,마곡중앙8로,1150144901,마곡동 789-10,126.8358091243757855_37.5610896665506644,1150145204,마곡동 789-10,126.8364925281873639_37.5610270643811788,61.0,12.0,정체,126.8364925281873639_37.5610270643811788|126.8358091243757855_37.5610896665506644
2026-09-04T18:34:05.570303+09:00,발산역,발산역,POI027,KEY_3,1150421500,마곡동로4길,1150144601,마곡동 797-17,126.8355752580511364_37.5595558020758560,1150145903,마곡동 796-8,126.8377695096314568_37.5597528706232140,226.0,7.0,정체,126.8377695096314568_37.5597528706232140|126.8376750367937404_37.5594532066334068|126.8376436383031205_37.5593938770169231|126.8376179384656552_37.5593788608118189|126.8375879805322910_37.5593639856061756|126.8375501436959922_37.5593660292694267|126.8374935312904483_37.5593681993480644|126.8355752580511364_37.5595558020758560
2026-09-04T18:34:05.570303+09:00,발산역,발산역,POI027,KEY_3,1150421700,마곡동로4길,1150145902,마곡동 794-3,126.8379038144172029_37.5597347169141997,1150144602,마곡동 797-1,126.8355587376322546_37.5594485003173730,244.0,4.0,정체,126.8355587376322546_37.5594485003173730|126.8374890599963720_37.5592601385319043|126.8375672753137735_37.5592587730342302|126.8376641123460900_37.5592744493026203|126.8377146483493192_37.5593029497080764|126.8377692522320643_37.5593527678433503|126.8378067666416626_37.5594268875707442|126.8379038144172029_37.5597347169141997
2026-09-04T18:34:05.570303+09:00,발산역,발산역,POI027,KEY_3,1150421800,마곡중앙6로,1150145903,마곡동 796-8,126.8377695096314568_37.5597528706232140,1150144802,마곡동795-8,126.8356454133569713_37.5600540899636997,191.0,5.0,정체,126.8356454133569713_37.5600540899636997|126.8366877546921927_37.5599514564631178|126.8369205654560403_37.5599216147159325|126.8371554394351790_37.5598735121656588|126.8374637488971359_37.5598018888513394|126.8376078818179167_37.5597765466474698|126.8377695096314568_37.5597528706232140
2026-09-04T18:34:05.570303+09:00,발산역,발산역,POI027,KEY_3,1150421900,마곡중앙6로,1150144801,마곡동795-8,126.8356615034770840_37.5601614444259368,1150145904,마곡동 796-8,126.8378038370677103_37.5598577766027901,193.0,14.5,정체,126.8378038370677103_37.5598577766027901|126.8376324600815650_37.5598828808636256|126.8374930776610938_37.5599074565809232|126.8371935476745591_37.5599772882827452|126.8369544237169464_37.5600263202725841|126.8367095047433821_37.5600581806902412|126.8356615034770840_37.5601614444259368
2026-09-04T18:34:05.570303+09:00,발산역,발산역,POI027,KEY_3,1150422001,공항대로,1150029004,발산역교차로,126.8374105472545637_37.5586057815653120,1150144502,마곡동 808-2,126.8354392475825705_37.5588093803015113,176.0,6.5,정체,126.8354392475825705_37.5588093803015113|126.8374105472545637_37.5586057815653120
2026-09-04T18:34:05.570303+09:00,발산역,발산역,POI027,KEY_3,1150422002,공항대로,1150029008,발산역앞교차로,126.8381511771219436_37.5585292798091572,1150029003,발산역교차로,126.8375462326909968_37.5585917665558426,54.0,7.5,정체,126.8375462326909968_37.5585917665558426|126.8381511771219436_37.5585292798091572
2026-09-04T18:34:05.570303+09:00,발산역,발산역,POI027,KEY_3,1150422101,공항대로,1150029002,발산역교차로,126.8375637077918725_37.5586989875216517,1150029009,발산역앞교차로,126.8381851184764457_37.5586347998771046,55.0,22.0,서행,126.8381851184764457_37.5586347998771046|126.8375637077918725_37.5586989875216517
2026-09-04T18:34:05.570303+09:00,발산역,발산역,POI027,KEY_3,1150422102,공항대로,1150143801,마곡동 775-3,126.8333398581103921_37.5591311289854701,1150029005,발산역교차로,126.8374280222594592_37.5587130025401308,364.0,12.0,정체,126.8374280222594592_37.5587130025401308|126.8354567198058760_37.5589166015442970|126.8353216785587989_37.5589304145240703|126.8333398581103921_37.5591311289854701
2026-09-04T18:34:05.570303+09:00,발산역,발산역,POI027,KEY_3,1150422300,마곡중앙8로3길,1150145402,마곡동790-3,126.8370244519072685_37.5634429501900655,1150145201,마곡동 789-10,126.8366275461055892_37.5610151619675108,272.0,10.0,정체,126.8366275461055892_37.5610151619675108|126.8370244519072685_37.5634429501900655
2026-09-04T18:34:05.570303+09:00,발산역,발산역,POI027,KEY_3,1150422500,마곡중앙8로,1150145503,마곡동 789-10,126.8371436423929310_37.5608626455951153,1150145202,마곡동 789-10,126.8366131535689050_37.5609076513561604,47.0,4.0,정체,126.8366131535689050_37.5609076513561604|126.8371436423929310_37.5608626455951153
2026-09-04T18:34:05.570303+09:00,발산역,발산역,POI027,KEY_3,1150422600,마곡중앙8로,1150145201,마곡동 789-10,126.8366275461055892_37.5610151619675108,1150145504,마곡동 789-10,126.8371580356739798_37.5609701560716545,47.0,18.0,서행,126.8371580356739798_37.5609701560716545|126.8366275461055892_37.5610151619675108
2026-09-04T18:34:05.570303+09:00,발산역,발산역,POI027,KEY_3,1150423400,마곡중앙8로5길,1150145504,마곡동 789-10,126.8371580356739798_37.5609701560716545,1150145803,마곡동792,126.8375276600782087_37.5633949518694692,271.0,10.0,정체,126.8375276600782087_37.5633949518694692|126.8371580356739798_37.5609701560716545
2026-09-04T18:34:05.570303+09:00,발산역,발산역,POI027,KEY_3,1150423600,마곡중앙8로5길,1150145802,마곡동792,126.8376625044230934_37.5633820021888667,1150145501,마곡동 789-10,126.8372931867405811_37.5609592470734981,271.0,13.0,정체,126.8372931867405811_37.5609592470734981|126.8376625044230934_37.5633820021888667
2026-09-04T18:34:05.570303+09:00,발산역,발산역,POI027,KEY_3,1150424000,마곡중앙8로,1150146103,마곡동 789-10,126.8381208566963210_37.5607870940493456,1150145502,마곡동 789-10,126.8372801516027266_37.5608516269170352,75.0,4.0,정체,126.8372801516027266_37.5608516269170352|126.8381208566963210_37.5607870940493456
2026-09-04T18:34:05.570303+09:00,발산역,발산역,POI027,KEY_3,1150424200,마곡중앙8로,1150145501,마곡동 789-10,126.8372931867405811_37.5609592470734981,1150146104,마곡동 789-10,126.8381561407636298_37.5608930067502698,77.0,8.0,정체,126.8381561407636298_37.5608930067502698|126.8372931867405811_37.5609592470734981
2026-09-04T18:34:05.570303+09:00,발산역,발산역,POI027,KEY_3,1150424800,마곡중앙6로,1150145904,마곡동 796-8,126.8378038370677103_37.5598577766027901,1150146103,마곡동 789-10,126.8381208566963210_37.5607870940493456,107.0,11.0,정체,126.8381208566963210_37.5607870940493456|126.8378038370677103_37.5598577766027901
2026-09-04T18:34:05.570303+09:00,발산역,발산역,POI027,KEY_3,1150425100,마곡중앙6로,1150146102,마곡동 789-10,126.8382584988430608_37.5607780252386831,1150145901,마곡동 794-3,126.8379384640187197_37.5598398709925121,108.0,11.0,정체,126.8379384640187197_37.5598398709925121|126.8382584988430608_37.5607780252386831
2026-09-04T18:34:05.570303+09:00,발산역,발산역,POI027,KEY_3,1150425400,강서로,1150145901,마곡동 794-3,126.8379384640187197_37.5598398709925121,1150030704,등촌동 709,126.8385583871243085_37.5597642315047793,55.0,9.0,정체,126.8385583871243085_37.5597642315047793|126.8379384640187197_37.5598398709925121
2026-09-04T18:34:05.570303+09:00,발산역,발산역,POI027,KEY_3,1150425500,마곡중앙10로,1150146503,마곡동 788-5,126.8389187233626103_37.5632605403728235,1150145802,마곡동792,126.8376625044230934_37.5633820021888667,112.0,7.0,정체,126.8376625044230934_37.5633820021888667|126.8389187233626103_37.5632605403728235
2026-09-04T18:34:05.570303+09:00,발산역,발산역,POI027,KEY_3,1150425700,마곡중앙10로,1150145801,마곡동792,126.8376790860897074_37.5634893130113241,1150146504,마곡동 788-5,126.8389525008029182_37.5633661888971702,113.0,10.0,정체,126.8389525008029182_37.5633661888971702|126.8376790860897074_37.5634893130113241
2026-09-04T18:34:05.570303+09:00,발산역,발산역,POI027,KEY_3,1150426000,마곡중앙8로7길,1150146104,마곡동 789-10,126.8381561407636298_37.5608930067502698,1150146503,마곡동 788-5,126.8389187233626103_37.5632605403728235,271.0,20.0,서행,126.8389187233626103_37.5632605403728235|126.8381561407636298_37.5608930067502698
2026-09-04T18:34:05.570303+09:00,발산역,발산역,POI027,KEY_3,1150426300,마곡중앙8로,1150031803,등촌동 709,126.8388799352455294_37.5607467891492064,1150146102,마곡동 789-10,126.8382584988430608_37.5607780252386831,55.0,3.0,정체,126.8382584988430608_37.5607780252386831|126.8388799352455294_37.5607467891492064
2026-09-04T18:34:05.570303+09:00,발산역,발산역,POI027,KEY_3,1150426400,마곡중앙8로,1150146101,마곡동 789-10,126.8382935502586690_37.5608843100478111,1150031804,등촌동 709,126.8389140890373454_37.5608509288689092,55.0,11.0,정체,126.8389140890373454_37.5608509288689092|126.8382935502586690_37.5608843100478111
2026-09-04T18:34:05.570303+09:00,발산역,발산역,POI027,KEY_3,1150426600,마곡중앙8로7길,1150146502,마곡동 788-5,126.8390550086403010_37.5632483376584787,1150146101,마곡동 789-10,126.8382935502586690_37.5608843100478111,271.0,18.0,서행,126.8382935502586690_37.5608843100478111|126.8390550086403010_37.5632483376584787
2026-09-04T18:34:05.570303+09:00,발산역,발산역,POI027,KEY_3,1150427500,마곡동로10길,1150146504,마곡동 788-5,126.8389525008029182_37.5633661888971702,1150146803,마곡동 781-15,126.8394613145432999_37.5649731732607250,184.0,20.0,서행,126.8394613145432999_37.5649731732607250|126.8389525008029182_37.5633661888971702
2026-09-04T18:34:05.570303+09:00,발산역,발산역,POI027,KEY_3,1150427600,마곡동로10길,1150146802,마곡동 776-9,126.8395972420332782_37.5649600796846030,1150146501,마곡동 788-5,126.8390887719296103_37.5633541913248763,184.0,25.0,원활,126.8390887719296103_37.5633541913248763|126.8395972420332782_37.5649600796846030
2026-09-04T18:34:05.570303+09:00,발산역,발산역,POI027,KEY_3,1150427700,마곡중앙10로,1150005703,등촌1-10단지앞교차로,126.8396861857425364_37.5631977716060206,1150146502,마곡동 788-5,126.8390550086403010_37.5632483376584787,56.0,5.0,정체,126.8390550086403010_37.5632483376584787|126.8396861857425364_37.5631977716060206
2026-09-04T18:34:05.570303+09:00,발산역,발산역,POI027,KEY_3,1150427800,마곡중앙10로,1150146501,마곡동 788-5,126.8390887719296103_37.5633541913248763,1150005704,등촌1-10단지앞교차로,126.8397203720518291_37.5633027237737167,56.0,11.0,정체,126.8397203720518291_37.5633027237737167|126.8390887719296103_37.5633541913248763
2026-09-04T18:34:05.570303+09:00,발산역,발산역,POI027,KEY_3,1150428700,강서로,1150005704,등촌1-10단지앞교차로,126.8397203720518291_37.5633027237737167,1150147003,KT가양빌딩,126.8402339447114286_37.5649013322239611,183.0,15.0,서행,126.8402339447114286_37.5649013322239611|126.8397203720518291_37.5633027237737167
2026-09-04T18:34:05.570303+09:00,발산역,발산역,POI027,KEY_3,1150428800,강서로,1150147002,KT가양빌딩,126.8403655344729373_37.5648745441111132,1150005701,등촌1-10단지앞교차로,126.8398546136223644_37.5632842045207411,182.0,32.0,원활,126.8398546136223644_37.5632842045207411|126.8403655344729373_37.5648745441111132
2026-09-04T18:34:05.570303+09:00,발산역,발산역,POI027,KEY_3,1150431100,마곡동로2길,1150143506,서울가곡초등학교,126.8350271362563717_37.5560819152047785,1150148802,서울가곡초등학교,126.8365609872267328_37.5559474561603963,136.0,22.0,서행,126.8365609872267328_37.5559474561603963|126.8350271362563717_37.5560819152047785
2026-09-04T18:34:05.570303+09:00,발산역,발산역,POI027,KEY_3,1150431200,마곡동로2길,1150148801,서울가곡초등학교,126.8366641738323324_37.5558296369560694,1150143507,서울가곡초등학교,126.8349442511752727_37.5560130568887658,153.0,25.0,원활,126.8349442511752727_37.5560130568887658|126.8366641738323324_37.5558296369560694
2026-09-04T18:34:05.570303+09:00,발산역,발산역,POI027,KEY_3,1150435500,공항대로36길,1150172600,내발산동 654-7,126.8369433124920391_37.5567243744775467,1150148801,서울가곡초등학교,126.8366641738323324_37.5558296369560694,102.0,20.0,서행,126.8366641738323324_37.5558296369560694|126.8369408817935806_37.5567168612510400|126.8369433124920391_37.5567243744775467
2026-09-04T18:34:05.570303+09:00,발산역,발산역,POI027,KEY_3,1150435600,공항대로36길,1150157200,마곡동 808-4,126.8372217203108505_37.5580183968786727,1150029004,발산역교차로,126.8374105472545637_37.5586057815653120,67.0,16.0,서행,126.8374105472545637_37.5586057815653120|126.8372217263437278_37.5580184155255381|126.8372217203108505_37.5580183968786727
2026-09-04T18:34:05.570303+09:00,사당역,사당역,POI029,KEY_4,1210013202,동작대로,1190033600,사당동 345-15,126.9817861676152404_37.4805935022985111,1210020003,삼산빌딩,126.9818242931630436_37.4813376709689763,83.0,5.0,정체,126.9818242931630436_37.4813376709689763|126.9817861676152404_37.4805935022985111
2026-09-04T18:34:05.570303+09:00,사당역,사당역,POI029,KEY_4,1210013301,동작대로,1210018502,사당역,126.9817437830158013_37.4771994664082868,1200013301,사당역사거리,126.9817082784629605_37.4766607747569367,60.0,15.0,서행,126.9817082784629605_37.4766607747569367|126.9817437830158013_37.4771994664082868
2026-09-04T18:34:05.570303+09:00,사당역,사당역,POI029,KEY_4,1210013302,동작대로,1210468700,방배동 443-12,126.9818049976731800_37.4783394618983792,1210018501,사당역,126.9817502949196921_37.4773079097285162,115.0,15.0,서행,126.9817502949196921_37.4773079097285162|126.9818049976731800_37.4783394618983792
2026-09-04T18:34:05.570303+09:00,사당역,사당역,POI029,KEY_4,1200001505,남부순환로,1200132500,남현동 1129-1,126.9783525562753113_37.4766273240377927,1200013402,신한은행사당지점,126.9776771148018355_37.4766039630478005,60.0,26.0,원활,126.9776771148018355_37.4766039630478005|126.9783525562753113_37.4766273240377927
2026-09-04T18:34:05.570303+09:00,사당역,사당역,POI029,KEY_4,1200001506,남부순환로,1200013303,사당역사거리,126.9815670557517393_37.4764560893672538,1200013502,사당고가차도(서측),126.9787009972853724_37.4766393737914996,255.0,5.0,정체,126.9787009972853724_37.4766393737914996|126.9789650020834841_37.4765785388182664|126.9801113064884248_37.4765498880248984|126.9815670557517393_37.4764560893672538
2026-09-04T18:34:05.570303+09:00,사당역,사당역,POI029,KEY_4,1200001605,남부순환로,1190054000,사당동 1129,126.9783466956105258_37.4767352419899780,1200013501,사당고가차도(서측),126.9787001825253299_37.4767474172804356,31.0,24.0,서행,126.9787001825253299_37.4767474172804356|126.9783466956105258_37.4767352419899780
2026-09-04T18:34:05.570303+09:00,사당역,사당역,POI029,KEY_4,1200001606,남부순환로,1200013501,사당고가차도(서측),126.9787001825253299_37.4767474172804356,1200013304,사당역사거리,126.9815732086563997_37.4766726412872657,255.0,16.0,서행,126.9815732086563997_37.4766726412872657|126.9801265014511102_37.4767658562949109|126.9789735053924602_37.4767946745016403|126.9787001825253299_37.4767474172804356
2026-09-04T18:34:05.570303+09:00,사당역,사당역,POI029,KEY_4,1200029400,남현1길,1200124700,남현동 1127,126.9783505255877287_37.4758331487339404,1200012702,남현동 1124,126.9774083343266255_37.4758329723464598,83.0,11.0,정체,126.9774083343266255_37.4758329723464598|126.9783505255877287_37.4758331487339404
2026-09-04T18:34:05.570303+09:00,사당역,사당역,POI029,KEY_4,1200029500,남현1길,1200124800,남현동 1126,126.9783504943989669_37.4759412699036858,1200012604,사당역,126.9815729873653396_37.4759244431946215,285.0,8.0,정체,126.9815729873653396_37.4759244431946215|126.9812548651862727_37.4759025444998670|126.9812539432546714_37.4759025800500751|126.9810035708241287_37.4759122342870654|126.9801469632111974_37.4759452606210459|126.9798496083057984_37.4759272567643791|126.9795261688568644_37.4759303639910115|126.9783894695607387_37.4759412770384230|126.9783504943989669_37.4759412699036858
2026-09-04T18:34:05.570303+09:00,사당역,사당역,POI029,KEY_4,1210008004,과천대로,1200012604,사당역,126.9815729873653396_37.4759244431946215,1200013303,사당역사거리,126.9815670557517393_37.4764560893672538,59.0,12.5,정체,126.9815670557517393_37.4764560893672538|126.9815729873653396_37.4759244431946215
2026-09-04T18:34:05.570303+09:00,사당역,사당역,POI029,KEY_4,1210008011,과천대로,1200062900,최소노드배치점,126.9822525246905229_37.4734022440347303,1200012603,사당역,126.9815823220961875_37.4758165626830646,275.0,16.0,서행,126.9815823220961875_37.4758165626830646|126.9817001113355701_37.4750801148305257|126.9817905847563964_37.4746695755126211|126.9820074384190463_37.4739500549048046|126.9822334447884487_37.4734412030830981|126.9822525246905229_37.4734022440347303
2026-09-04T18:34:05.570303+09:00,사당역,사당역,POI029,KEY_4,1210008103,과천대로,1200013302,사당역사거리,126.9817028736171522_37.4764428156749503,1200012601,사당역,126.9817086454812056_37.4759254044758237,57.0,7.0,정체,126.9817086454812056_37.4759254044758237|126.9817028736171522_37.4764428156749503
2026-09-04T18:34:05.570303+09:00,사당역,사당역,POI029,KEY_4,1210010802,남부순환로,1210017903,사당역,126.9828244412134239_37.4763105643704293,1200013302,사당역사거리,126.9817028736171522_37.4764428156749503,100.0,21.0,서행,126.9817028736171522_37.4764428156749503|126.9828244412134239_37.4763105643704293
2026-09-04T18:34:05.570303+09:00,사당역,사당역,POI029,KEY_4,1210010803,남부순환로,1210003303,서울메트로교차로,126.9859091321453235_37.4757933674249983,1210017903,사당역,126.9828244412134239_37.4763105643704293,280.0,41.0,원활,126.9828244412134239_37.4763105643704293|126.9838822367532885_37.4761741693844570|126.9845101702115926_37.4760682802059222|126.9852145546307440_37.4759088277420105|126.9856963687830245_37.4757894650169021|126.9859091321453235_37.4757933674249983
2026-09-04T18:34:05.570303+09:00,사당역,사당역,POI029,KEY_4,1210010902,남부순환로,1200013301,사당역사거리,126.9817082784629605_37.4766607747569367,1210017904,사당역,126.9827527470157378_37.4765376153703258,93.0,6.0,정체,126.9827527470157378_37.4765376153703258|126.9817082784629605_37.4766607747569367
2026-09-04T18:34:05.570303+09:00,사당역,사당역,POI029,KEY_4,1210010903,남부순환로,1210017902,사당역,126.9830561823782915_37.4764997376228024,1210003304,서울메트로교차로,126.9859494025058098_37.4758966152538164,266.0,3.0,정체,126.9859494025058098_37.4758966152538164|126.9857769093572557_37.4759959608525506|126.9852919046509356_37.4761161137957686|126.9845753962514294_37.4762783105096844|126.9839320162596152_37.4763868045525186|126.9830561823782915_37.4764997376228024
2026-09-04T18:34:05.570303+09:00,사당역,사당역,POI029,KEY_4,1210040300,남부순환로,1210018102,사조비앤엠,126.9832282659307907_37.4770362167618387,1210017902,사당역,126.9830561823782915_37.4764997376228024,62.0,13.0,정체,126.9830561823782915_37.4764997376228024|126.9830940755248747_37.4765277731399067|126.9832282659307907_37.4770362167618387
2026-09-04T18:34:05.570303+09:00,사당역,사당역,POI029,KEY_4,1210040700,방배천로2길,1210018403,방배동 503-2,126.9865499553038575_37.4771840753630201,1210018102,사조비앤엠,126.9832282659307907_37.4770362167618387,312.0,8.0,정체,126.9832282659307907_37.4770362167618387|126.9838387279922500_37.4769433744873552|126.9842264784725216_37.4768844016010547|126.9844843494000770_37.4768366985496968|126.9850479258344080_37.4767324414477372|126.9851328673271667_37.4767167276972017|126.9853016753093016_37.4766847179225664|126.9854463664147772_37.4766991501857447|126.9855880761818980_37.4767611614829477|126.9864528235630843_37.4771395635469844|126.9865499553038575_37.4771840753630201
2026-09-04T18:34:05.570303+09:00,사당역,사당역,POI029,KEY_4,1210040800,방배천로2길,1210481800,방배동 500-2,126.9855227810337936_37.4768559361672118,1210018404,방배동 503-2,126.9867909913023567_37.4774192533986010,128.0,12.0,정체,126.9867909913023567_37.4774192533986010|126.9863863560306783_37.4772338258397397|126.9855227810337936_37.4768559361672118
2026-09-04T18:34:05.570303+09:00,사당역,사당역,POI029,KEY_4,1210041000,방배천로2길,1210018103,사조비앤엠,126.9830940597976507_37.4770529961187151,1210018302,만남의광장,126.9828120263917697_37.4770814474041529,25.0,11.0,정체,126.9828120263917697_37.4770814474041529|126.9830940597976507_37.4770529961187151
2026-09-04T18:34:05.570303+09:00,사당역,사당역,POI029,KEY_4,1210041100,방배천로2길,1210018301,만남의광장,126.9827974715784791_37.4771918993242608,1210018104,사조비앤엠,126.9831110962849863_37.4771602618443040,28.0,11.0,정체,126.9831110962849863_37.4771602618443040|126.9827974715784791_37.4771918993242608
2026-09-04T18:34:05.570303+09:00,사당역,사당역,POI029,KEY_4,1210041200,방배천로,1210018303,만남의광장,126.9826774245232031_37.4770956879658286,1210018502,사당역,126.9817437830158013_37.4771994664082868,83.0,13.0,정체,126.9817437830158013_37.4771994664082868|126.9826774245232031_37.4770956879658286
2026-09-04T18:34:05.570303+09:00,사당역,사당역,POI029,KEY_4,1210041300,방배천로,1210018501,사당역,126.9817502949196921_37.4773079097285162,1210018304,만남의광장,126.9826398554988032_37.4772090314510322,79.0,7.0,정체,126.9826398554988032_37.4772090314510322|126.9817502949196921_37.4773079097285162
2026-09-04T18:34:05.570303+09:00,사당역,사당역,POI029,KEY_4,1210041500,방배천로,1210470700,방배동 493-3,126.9825683523388307_37.4783076787632652,1210018301,만남의광장,126.9827974715784791_37.4771918993242608,126.0,10.0,정체,126.9827974715784791_37.4771918993242608|126.9826927892492421_37.4773818532591676|126.9826336040056276_37.4779466108636683|126.9825683523388307_37.4783076787632652
2026-09-04T18:34:05.570303+09:00,사당역,사당역,POI029,KEY_4,1210041600,방배천로,1210470600,방배동 493-3,126.9824340696896314_37.4782922656353747,1210020108,한국영농신문,126.9823867484598452_37.4813297051922873,338.0,9.0,정체,126.9823867484598452_37.4813297051922873|126.9822960071732609_37.4793999970057357|126.9823413875449205_37.4788051096968715|126.9824340696896314_37.4782922656353747
2026-09-04T18:34:05.570303+09:00,사당역,사당역,POI029,KEY_4,1210178200,남부순환로,1210473400,최소노드배치점,126.9823646816492584_37.4765287259015523,1210003304,서울메트로교차로,126.9859494025058098_37.4758966152538164,325.0,35.5,원활,126.9859494025058098_37.4758966152538164|126.9852725668233688_37.4760642916119622|126.9845590899898724_37.4762258029378472|126.9839195713567648_37.4763336450874291|126.9828555926954294_37.4764708382123786|126.9823646816492584_37.4765287259015523
2026-09-04T18:34:05.570303+09:00,사당역,사당역,POI029,KEY_4,1210178300,남부순환로,1210473300,최소노드배치점,126.9823448255159946_37.4764217699743014,1200013502,사당고가차도(서측),126.9787009972853724_37.4766393737914996,323.0,52.0,원활,126.9787009972853724_37.4766393737914996|126.9801151055036144_37.4766038798681222|126.9816260227920424_37.4765065271099331|126.9823448255159946_37.4764217699743014
2026-09-04T18:34:05.570303+09:00,삼각지역,삼각지역,POI030,KEY_1,1020009302,한강대로,1020025100,삼각지역7번출구,126.9734329393310475_37.5350708801419586,1020025603,삼각지역교차로,126.9739472931050841_37.5356089153529453,75.0,18.0,서행,126.9739472931050841_37.5356089153529453|126.9738394312628174_37.5354850527930566|126.9734329393310475_37.5350708801419586
2026-09-04T18:34:05.570303+09:00,삼각지역,삼각지역,POI030,KEY_1,1020009402,한강대로,1020025602,삼각지역교차로,126.9740601326000160_37.5355487598275559,1020024700,삼각지역7번출구,126.9735399131187421_37.5350043003819138,76.0,4.0,정체,126.9735399131187421_37.5350043003819138|126.9739487928858210_37.5354209040961138|126.9740601326000160_37.5355487598275559
2026-09-04T18:34:05.570303+09:00,삼각지역,삼각지역,POI030,KEY_1,1020011301,이태원로,1020024900,삼각지역13번출구,126.9749769084332343_37.5349767961125238,1020025602,삼각지역교차로,126.9740601326000160_37.5355487598275559,103.0,14.0,정체,126.9740601326000160_37.5355487598275559|126.9743097291953688_37.5353822428393471|126.9749769084332343_37.5349767961125238
2026-09-04T18:34:05.570303+09:00,삼각지역,삼각지역,POI030,KEY_1,1020011302,이태원로,1020172000,용산동1가 8-4,126.9758108129347249_37.5345865931169627,1020024900,삼각지역13번출구,126.9749769084332343_37.5349767961125238,86.0,18.0,서행,126.9749769084332343_37.5349767961125238|126.9752246722463696_37.5348262262511767|126.9755579245992294_37.5346530089152211|126.9756727269330270_37.5346093142588373|126.9758108129347249_37.5345865931169627
2026-09-04T18:34:05.570303+09:00,삼각지역,삼각지역,POI030,KEY_1,1020011401,이태원로,1020025601,삼각지역교차로,126.9741286309340893_37.5356441095230551,1020025200,삼각지역(서울6호선),126.9750592746409410_37.5350627473837051,105.0,3.0,정체,126.9750592746409410_37.5350627473837051|126.9743945507994880_37.5354667021441912|126.9741286309340893_37.5356441095230551
2026-09-04T18:34:05.570303+09:00,삼각지역,삼각지역,POI030,KEY_1,1020012501,백범로,1020037902,삼각지고가차도(동측),126.9728791096191856_37.5359752795594801,1020027102,삼각지고가차도(서측),126.9677288676026876_37.5375445517424211,487.0,10.0,정체,126.9677288676026876_37.5375445517424211|126.9695926562404367_37.5369758898650616|126.9701318143721522_37.5368090819879754|126.9706406142201445_37.5366572882838270|126.9714452222487893_37.5364042044241515|126.9728791096191856_37.5359752795594801
2026-09-04T18:34:05.570303+09:00,삼각지역,삼각지역,POI030,KEY_1,1020012502,백범로,1020025603,삼각지역교차로,126.9739472931050841_37.5356089153529453,1020025800,삼각지역8번출구,126.9732142110164972_37.5358680244183063,71.0,8.0,정체,126.9732142110164972_37.5358680244183063|126.9737037621432734_37.5357113531253859|126.9739472931050841_37.5356089153529453
2026-09-04T18:34:05.570303+09:00,삼각지역,삼각지역,POI030,KEY_1,1020012601,백범로,1020027101,삼각지고가차도(서측),126.9677775911532080_37.5376454699409763,1020037901,삼각지고가차도(동측),126.9729282965810881_37.5360760482562767,487.0,12.3,정체,126.9729282965810881_37.5360760482562767|126.9714940374053072_37.5365050994439287|126.9706893741407754_37.5367582007369904|126.9701802172559724_37.5369100999754153|126.9696415303806987_37.5370767622295958|126.9677775911532080_37.5376454699409763
2026-09-04T18:34:05.570303+09:00,삼각지역,삼각지역,POI030,KEY_1,1020012602,백범로,1020025900,삼각지역9번출구,126.9732648398461947_37.5359683460905913,1020025604,삼각지역교차로,126.9740127329014001_37.5357036653550509,72.0,11.0,정체,126.9740127329014001_37.5357036653550509|126.9737609376188203_37.5358095794168420|126.9732648398461947_37.5359683460905913
2026-09-04T18:34:05.570303+09:00,삼각지역,삼각지역,POI030,KEY_1,1020014101,한강대로,1020025604,삼각지역교차로,126.9740127329014001_37.5357036653550509,1020026300,삼각지역10번출구,126.9741534931197577_37.5365074530867560,92.0,7.0,정체,126.9741534931197577_37.5365074530867560|126.9741631206036629_37.5364549845269977|126.9741847918449622_37.5362725862118936|126.9741503498416080_37.5360423405955430|126.9740854223847748_37.5358421943092253|126.9740127329014001_37.5357036653550509
2026-09-04T18:34:05.570303+09:00,삼각지역,삼각지역,POI030,KEY_1,1020014201,한강대로,1020026100,삼각지역10번출구,126.9742878403268662_37.5365230850403009,1020025601,삼각지역교차로,126.9741286309340893_37.5356441095230551,100.0,37.0,원활,126.9741286309340893_37.5356441095230551|126.9742144475380172_37.5358076529602371|126.9742840895532794_37.5360223351451125|126.9743213281359431_37.5362712689839313|126.9742979653557313_37.5364679009623998|126.9742878403268662_37.5365230850403009
2026-09-04T18:34:05.570303+09:00,삼각지역,삼각지역,POI030,KEY_1,1020014202,한강대로,1020131600,한강로1가 11-13,126.9741900195763549_37.5369252595219507,1020026100,삼각지역10번출구,126.9742878403268662_37.5365230850403009,45.0,28.0,원활,126.9742878403268662_37.5365230850403009|126.9742659023367821_37.5366426475340518|126.9741900195763549_37.5369252595219507
2026-09-04T18:34:05.570303+09:00,삼각지역,삼각지역,POI030,KEY_1,1020041600,이태원로,1020024900,삼각지역13번출구,126.9749769084332343_37.5349767961125238,1020024700,삼각지역7번출구,126.9735399131187421_37.5350043003819138,133.0,11.0,정체,126.9735399131187421_37.5350043003819138|126.9737871420369544_37.5350683590055922|126.9740745093847494_37.5351141932787655|126.9743259590357241_37.5351428549854020|126.9744936004149025_37.5351390773759803|126.9746804090904675_37.5351124173200219|126.9749769084332343_37.5349767961125238
2026-09-04T18:34:05.570303+09:00,삼각지역,삼각지역,POI030,KEY_1,1020042000,한강대로,1020025100,삼각지역7번출구,126.9734329393310475_37.5350708801419586,1020025800,삼각지역8번출구,126.9732142110164972_37.5358680244183063,99.0,13.0,정체,126.9732142110164972_37.5358680244183063|126.9733594327573485_37.5358059269681803|126.9734228796811522_37.5357567484317087|126.9734612351895180_37.5356518652658693|126.9734828450604738_37.5354935787201356|126.9734805099240447_37.5353238449836439|126.9734329393310475_37.5350708801419586
2026-09-04T18:34:05.570303+09:00,삼각지역,삼각지역,POI030,KEY_1,1020042700,한강대로,1020026100,삼각지역10번출구,126.9742878403268662_37.5365230850403009,1020025200,삼각지역(서울6호선),126.9750592746409410_37.5350627473837051,177.0,26.7,원활,126.9750592746409410_37.5350627473837051|126.9748767335852051_37.5352726571772237|126.9747904745872802_37.5354004160112282|126.9747233793208210_37.5355186435926313|126.9746634608651732_37.5356559432532677|126.9746035202002048_37.5358580851873924|126.9744788894439296_37.5361422194916159|126.9743662656054255_37.5363310006673174|126.9742878403268662_37.5365230850403009
2026-09-04T18:34:05.570303+09:00,삼각지역,삼각지역,POI030,KEY_1,1020043000,백범로,1020025900,삼각지역9번출구,126.9732648398461947_37.5359683460905913,1020026300,삼각지역10번출구,126.9741534931197577_37.5365074530867560,106.0,17.0,서행,126.9741534931197577_37.5365074530867560|126.9740836590516437_37.5363538243993915|126.9739256446785731_37.5362145697140122|126.9738011461972036_37.5361115577945768|126.9736574773157685_37.5360428695899984|126.9734563275352457_37.5359856101105933|126.9732648398461947_37.5359683460905913
2026-09-04T18:34:05.570303+09:00,삼각지역,삼각지역,POI030,KEY_1,1020043101,백범로,1020025800,삼각지역8번출구,126.9732142110164972_37.5358680244183063,1020037902,삼각지고가차도(동측),126.9728791096191856_37.5359752795594801,32.0,10.0,정체,126.9728791096191856_37.5359752795594801|126.9732142110164972_37.5358680244183063
2026-09-04T18:34:05.570303+09:00,삼각지역,삼각지역,POI030,KEY_1,1020043102,백범로99길,1020037902,삼각지고가차도(동측),126.9728791096191856_37.5359752795594801,1020037802,삼각지고가차도,126.9714218863204991_37.5363534364092146,136.0,17.0,서행,126.9714218863204991_37.5363534364092146|126.9726010356899621_37.5360007149303883|126.9728791096191856_37.5359752795594801
2026-09-04T18:34:05.570303+09:00,삼각지역,삼각지역,POI030,KEY_1,1020043201,백범로,1020037901,삼각지고가차도(동측),126.9729282965810881_37.5360760482562767,1020025900,삼각지역9번출구,126.9732648398461947_37.5359683460905913,32.0,9.0,정체,126.9732648398461947_37.5359683460905913|126.9729282965810881_37.5360760482562767
2026-09-04T18:34:05.570303+09:00,삼각지역,삼각지역,POI030,KEY_1,1020043202,백범로99길,1020037801,삼각지고가차도,126.9715173745611594_37.5365558674436173,1020037901,삼각지고가차도(동측),126.9729282965810881_37.5360760482562767,136.0,28.0,원활,126.9729282965810881_37.5360760482562767|126.9726965267358452_37.5362031442635811|126.9715173745611594_37.5365558674436173
2026-09-04T18:34:05.570303+09:00,삼각지역,삼각지역,POI030,KEY_1,1020057501,한강대로,1020058400,한강로1가 228-1,126.9732120555661368_37.5348400238888473,1020025100,삼각지역7번출구,126.9734329393310475_37.5350708801419586,32.0,10.5,정체,126.9734329393310475_37.5350708801419586|126.9732120555661368_37.5348400238888473
2026-09-04T18:34:05.570303+09:00,서울대입구역,서울대입구역,POI031,KEY_2,1200000702,관악로,1200147600,봉천동 1693-29,126.9522246538503936_37.4777352134391819,1200015703,관악구청앞교차로,126.9522377459285281_37.4786693925832921,104.0,28.0,원활,126.9522377459285281_37.4786693925832921|126.9522077157591440_37.4782346145373069|126.9522055955279285_37.4782039175510846|126.9521997038051779_37.4779133486468794|126.9522246538503936_37.4777352134391819
2026-09-04T18:34:05.570303+09:00,서울대입구역,서울대입구역,POI031,KEY_2,1200002501,남부순환로,1200016403,대주빌딩,126.9574913970491110_37.4793760798364062,1200016502,원당초교입구교차로,126.9559402890267705_37.4799879964122979,153.0,27.0,원활,126.9559402890267705_37.4799879964122979|126.9574913970491110_37.4793760798364062
2026-09-04T18:34:05.570303+09:00,서울대입구역,서울대입구역,POI031,KEY_2,1200002601,남부순환로,1200016501,원당초교입구교차로,126.9559206387162646_37.4801163909857848,1200016404,대주빌딩,126.9575515870621558_37.4794729778043134,161.0,14.0,정체,126.9575515870621558_37.4794729778043134|126.9559206387162646_37.4801163909857848
2026-09-04T18:34:05.570303+09:00,서울대입구역,서울대입구역,POI031,KEY_2,1200002904,쑥고개로,1200153800,봉천동 1693-14,126.9487765703259896_37.4791184371890367,1200015904,봉천동 1693-14,126.9505376178615847_37.4789435653166905,157.0,18.0,서행,126.9505376178615847_37.4789435653166905|126.9499023027108819_37.4790066551792052|126.9493012906527269_37.4790663353359861|126.9487765703259896_37.4791184371890367
2026-09-04T18:34:05.570303+09:00,서울대입구역,서울대입구역,POI031,KEY_2,1200002905,쑥고개로,1200133600,봉천동 1693-14,126.9513985522525559_37.4788598121389285,1200015704,관악구청앞교차로,126.9522505906299727_37.4787770665901121,76.0,26.0,원활,126.9522505906299727_37.4787770665901121|126.9513985522525559_37.4788598121389285
2026-09-04T18:34:05.570303+09:00,서울대입구역,서울대입구역,POI031,KEY_2,1200003004,쑥고개로,1200133700,봉천동 1693-14,126.9513821417355217_37.4787524843844011,1200015902,봉천동 1693-14,126.9506555196940241_37.4788230451029918,65.0,8.0,정체,126.9506555196940241_37.4788230451029918|126.9513821417355217_37.4787524843844011
2026-09-04T18:34:05.570303+09:00,서울대입구역,서울대입구역,POI031,KEY_2,1200003301,관악로,1200137200,봉천동 979-2,126.9524878048813292_37.4801951810912044,1200017803,서울대입구역앞교차로,126.9526605547101354_37.4812278801779613,116.0,16.0,서행,126.9526605547101354_37.4812278801779613|126.9525338709949125_37.4804705672934091|126.9524878048813292_37.4801951810912044
2026-09-04T18:34:05.570303+09:00,서울대입구역,서울대입구역,POI031,KEY_2,1200003401,관악로,1200154100,봉천동 979-3,126.9524660705434087_37.4792470168027734,1200015701,관악구청앞교차로,126.9523850704364207_37.4787627796784051,54.0,10.0,정체,126.9523850704364207_37.4787627796784051|126.9524660705434087_37.4792470168027734
2026-09-04T18:34:05.570303+09:00,서울대입구역,서울대입구역,POI031,KEY_2,1200003702,남부순환로,1200016503,원당초교입구교차로,126.9557958253940910_37.4800450576380442,1200017802,서울대입구역앞교차로,126.9527915715378725_37.4811928722608272,295.0,28.5,원활,126.9527915715378725_37.4811928722608272|126.9531845048482381_37.4810807920192062|126.9557958253940910_37.4800450576380442
2026-09-04T18:34:05.570303+09:00,서울대입구역,서울대입구역,POI031,KEY_2,1200003802,남부순환로,1200017801,서울대입구역앞교차로,126.9528230848760160_37.4812987216698303,1200016504,원당초교입구교차로,126.9557714315071593_37.4801755064166073,289.0,7.0,정체,126.9557714315071593_37.4801755064166073|126.9532377759305035_37.4811804349692039|126.9528230848760160_37.4812987216698303
2026-09-04T18:34:05.570303+09:00,서울대입구역,서울대입구역,POI031,KEY_2,1200004300,봉천로,1200125700,봉천동 976-2,126.9539561572800608_37.4817575055817400,1200018502,봉천로사거리,126.9532176156306775_37.4820077732204027,71.0,12.0,정체,126.9532176156306775_37.4820077732204027|126.9539561572800608_37.4817575055817400
2026-09-04T18:34:05.570303+09:00,서울대입구역,서울대입구역,POI031,KEY_2,1200004400,봉천로,1200137100,봉천동 1693-67,126.9558280377526103_37.4805793725063552,1200016501,원당초교입구교차로,126.9559206387162646_37.4801163909857848,52.0,11.0,정체,126.9559206387162646_37.4801163909857848|126.9558280377526103_37.4805793725063552
2026-09-04T18:34:05.570303+09:00,서울대입구역,서울대입구역,POI031,KEY_2,1200004801,남부순환로,1200154700,최소노드배치점,126.9495413094698080_37.4816992764322237,1200017804,서울대입구역앞교차로,126.9526941920900214_37.4813327311166375,282.0,12.0,정체,126.9526941920900214_37.4813327311166375|126.9523071664939522_37.4814260600463669|126.9519781168149848_37.4814732693768704|126.9495413094698080_37.4816992764322237
2026-09-04T18:34:05.570303+09:00,서울대입구역,서울대입구역,POI031,KEY_2,1200004902,관악로,1200017804,서울대입구역앞교차로,126.9526941920900214_37.4813327311166375,1200018503,봉천로사거리,126.9530925534990615_37.4820505395562833,87.0,7.0,정체,126.9530925534990615_37.4820505395562833|126.9528795135001928_37.4817271617772008|126.9526941920900214_37.4813327311166375
2026-09-04T18:34:05.570303+09:00,서울대입구역,서울대입구역,POI031,KEY_2,1200005002,관악로,1200018502,봉천로사거리,126.9532176156306775_37.4820077732204027,1200017801,서울대입구역앞교차로,126.9528230848760160_37.4812987216698303,86.0,16.0,서행,126.9528230848760160_37.4812987216698303|126.9530035917882600_37.4816829031847973|126.9532176156306775_37.4820077732204027
2026-09-04T18:34:05.570303+09:00,서울대입구역,서울대입구역,POI031,KEY_2,1200006701,관악로,1200018504,봉천로사거리,126.9531617530743546_37.4821434849747632,1200019003,봉천동 738-2,126.9542278055383804_37.4833743780636368,166.0,6.0,정체,126.9542278055383804_37.4833743780636368|126.9531617530743546_37.4821434849747632
2026-09-04T18:34:05.570303+09:00,서울대입구역,서울대입구역,POI031,KEY_2,1200006801,관악로,1200019002,봉천동 974,126.9543394692249194_37.4833129616067495,1200018501,봉천로사거리,126.9532896763081737_37.4821008446812698,163.0,35.0,원활,126.9532896763081737_37.4821008446812698|126.9543394692249194_37.4833129616067495
2026-09-04T18:34:05.570303+09:00,서울대입구역,서울대입구역,POI031,KEY_2,1200006802,관악로,1200121600,봉천동 33-2,126.9546356552230151_37.4836649816748775,1200019001,봉천동 738-154,126.9544168536153990_37.4834038021005114,35.0,27.0,원활,126.9544168536153990_37.4834038021005114|126.9546356552230151_37.4836649816748775
2026-09-04T18:34:05.570303+09:00,서울대입구역,서울대입구역,POI031,KEY_2,1200033600,봉천로,1200122300,봉천동 1693-61,126.9558457686856912_37.4796869046605181,1200016503,원당초교입구교차로,126.9557958253940910_37.4800450576380442,40.0,8.0,정체,126.9557958253940910_37.4800450576380442|126.9558457686856912_37.4796869046605181
2026-09-04T18:34:05.570303+09:00,서울대입구역,서울대입구역,POI031,KEY_2,1200033700,봉천로,1200016502,원당초교입구교차로,126.9559402890267705_37.4799879964122979,1200015804,봉천동 1693-44,126.9571670665262957_37.4788983823675323,181.0,9.0,정체,126.9571670665262957_37.4788983823675323|126.9569560237969057_37.4789790350281962|126.9561798226016833_37.4792756654327093|126.9560769612357092_37.4793698475757964|126.9560066912847276_37.4795118087694945|126.9559806097831967_37.4796988466465635|126.9559402890267705_37.4799879964122979
2026-09-04T18:34:05.570303+09:00,서울대입구역,서울대입구역,POI031,KEY_2,1200052501,봉천로,1200018503,봉천로사거리,126.9530925534990615_37.4820505395562833,1200030402,봉천로사거리,126.9527961557603106_37.4821293390019150,28.0,7.0,정체,126.9527961557603106_37.4821293390019150|126.9529247768185485_37.4820983233696552|126.9530331363959448_37.4820706577702865|126.9530925534990615_37.4820505395562833
2026-09-04T18:34:05.570303+09:00,서울대입구역,서울대입구역,POI031,KEY_2,1200052601,봉천로,1200130200,봉천동 976-3,126.9526380490989510_37.4822446203455186,1200018504,봉천로사거리,126.9531617530743546_37.4821434849747632,48.0,32.0,원활,126.9531617530743546_37.4821434849747632|126.9531180383010138_37.4821578064242544|126.9530188720877106_37.4821849513698737|126.9529105767887813_37.4822036041905164|126.9528138385163487_37.4822146288342211|126.9526380490989510_37.4822446203455186
2026-09-04T18:34:05.570303+09:00,서울식물원·마곡나루역,서울식물원·마곡나루역,POI032,KEY_3,1150092200,양천로47길,1150043105,가양동 259-16,126.8376787257849969_37.5704831139822559,1150045203,안국물류센터,126.8371828053407455_37.5723976729921745,227.0,15.0,서행,126.8371828053407455_37.5723976729921745|126.8372344178457070_37.5722638296760110|126.8374792508476361_37.5718439420828005|126.8378050738606220_37.5712851487789550|126.8378502494829121_37.5711505545359614|126.8378505078834309_37.5710313650556245|126.8377927438611579_37.5707759880537111|126.8377611633382571_37.5706808457399717|126.8377261330084451_37.5705753099356343|126.8376787257849969_37.5704831139822559
2026-09-04T18:34:05.570303+09:00,서울식물원·마곡나루역,서울식물원·마곡나루역,POI032,KEY_3,1150092300,양천로47길,1150263800,가양동 270-1,126.8378924928257305_37.5706532278373118,1150043102,가양동 272-31,126.8377947178878316_37.5704232539362835,27.0,19.5,서행,126.8377947178878316_37.5704232539362835|126.8378552002995718_37.5705408782778889|126.8378924928257305_37.5706532278373118
2026-09-04T18:34:05.570303+09:00,서울식물원·마곡나루역,서울식물원·마곡나루역,POI032,KEY_3,1150162500,마곡중앙로,1150074904,마곡동 761-5,126.8274669943156709_37.5644625852716132,1150075008,마곡나루역,126.8277833312780558_37.5666128805373489,240.0,16.5,서행,126.8277833312780558_37.5666128805373489|126.8276575183308523_37.5657576833248612|126.8274669943156709_37.5644625852716132
2026-09-04T18:34:05.570303+09:00,서울식물원·마곡나루역,서울식물원·마곡나루역,POI032,KEY_3,1150162600,마곡중앙로,1150075007,마곡나루역,126.8279182372204161_37.5666003050689881,1150074901,마곡동 761-5,126.8276018960349489_37.5644500101354311,240.0,10.0,정체,126.8276018960349489_37.5644500101354311|126.8277924230811209_37.5657451076729956|126.8279182372204161_37.5666003050689881
2026-09-04T18:34:05.570303+09:00,서울식물원·마곡나루역,서울식물원·마곡나루역,POI032,KEY_3,1150345700,마곡중앙5로,1150123803,마곡엠밸리7단지아파트,126.8248194327366463_37.5668890819305616,1150041502,마곡동 736-3,126.8229883663928348_37.5670430646556497,163.0,7.0,정체,126.8229883663928348_37.5670430646556497|126.8240917306121815_37.5669502812011729|126.8248194327366463_37.5668890819305616
2026-09-04T18:34:05.570303+09:00,서울식물원·마곡나루역,서울식물원·마곡나루역,POI032,KEY_3,1150345800,마곡중앙5로,1150213100,마곡동 736-3,126.8241060019915096_37.5670578051764892,1150123804,마곡엠밸리7단지아파트,126.8248353308419922_37.5669964661057989,65.0,16.0,서행,126.8248353308419922_37.5669964661057989|126.8241060019915096_37.5670578051764892
2026-09-04T18:34:05.570303+09:00,서울식물원·마곡나루역,서울식물원·마곡나루역,POI032,KEY_3,1150346100,마곡중앙로,1150123903,마곡동 754-6,126.8250189223362980_37.5683858530446315,1150123702,속성변화점,126.8238655983810474_37.5684135391033465,102.0,8.0,정체,126.8238655983810474_37.5684135391033465|126.8250189223362980_37.5683858530446315
2026-09-04T18:34:05.570303+09:00,서울식물원·마곡나루역,서울식물원·마곡나루역,POI032,KEY_3,1150346200,마곡중앙로,1150123701,속성변화점,126.8238696921612529_37.5685216090925493,1150123904,마곡동 754-6,126.8250332753124354_37.5684936763918387,103.0,20.0,서행,126.8250332753124354_37.5684936763918387|126.8238696921612529_37.5685216090925493
2026-09-04T18:34:05.570303+09:00,서울식물원·마곡나루역,서울식물원·마곡나루역,POI032,KEY_3,1150346700,마곡서로,1150123804,마곡엠밸리7단지아파트,126.8248353308419922_37.5669964661057989,1150123903,마곡동 754-6,126.8250189223362980_37.5683858530446315,155.0,13.0,정체,126.8250189223362980_37.5683858530446315|126.8249800749604077_37.5680918674812148|126.8248353308419922_37.5669964661057989
2026-09-04T18:34:05.570303+09:00,서울식물원·마곡나루역,서울식물원·마곡나루역,POI032,KEY_3,1150346900,마곡서로,1150123902,마곡동 754-6,126.8251545831812592_37.5683788917189787,1150123801,마곡엠밸리7단지아파트,126.8249703595226379_37.5669847444380380,156.0,10.0,정체,126.8249703595226379_37.5669847444380380|126.8251151605168872_37.5680805576273471|126.8251545831812592_37.5683788917189787
2026-09-04T18:34:05.570303+09:00,서울식물원·마곡나루역,서울식물원·마곡나루역,POI032,KEY_3,1150347100,마곡서로,1150123904,마곡동 754-6,126.8250332753124354_37.5684936763918387,1150124003,마곡엠밸리4단지아파트,126.8251683287211193_37.5694996548876929,112.0,12.0,정체,126.8251683287211193_37.5694996548876929|126.8250332753124354_37.5684936763918387
2026-09-04T18:34:05.570303+09:00,서울식물원·마곡나루역,서울식물원·마곡나루역,POI032,KEY_3,1150347400,마곡서로,1150124002,마곡엠밸리4단지아파트,126.8253033927255586_37.5694881665028930,1150123901,마곡동 754-6,126.8251689045653734_37.5684864088936621,112.0,11.0,정체,126.8251689045653734_37.5684864088936621|126.8253033927255586_37.5694881665028930
2026-09-04T18:34:05.570303+09:00,서울식물원·마곡나루역,서울식물원·마곡나루역,POI032,KEY_3,1150348000,마곡중앙5로,1150075008,마곡나루역,126.8277833312780558_37.5666128805373489,1150123802,마곡엠밸리7단지아파트,126.8249544940145910_37.5668773639659790,252.0,13.0,정체,126.8249544940145910_37.5668773639659790|126.8260844492597670_37.5667761890566325|126.8262182438895138_37.5667637598528401|126.8277833312780558_37.5666128805373489
2026-09-04T18:34:05.570303+09:00,서울식물원·마곡나루역,서울식물원·마곡나루역,POI032,KEY_3,1150348100,마곡중앙5로,1150123801,마곡엠밸리7단지아파트,126.8249703595226379_37.5669847444380380,1150124404,두산더랜드타워,126.8260996331955255_37.5668836310497909,100.0,5.0,정체,126.8260996331955255_37.5668836310497909|126.8249703595226379_37.5669847444380380
2026-09-04T18:34:05.570303+09:00,서울식물원·마곡나루역,서울식물원·마곡나루역,POI032,KEY_3,1150348400,마곡중앙로,1150124503,라마다앙코르서울마곡호텔,126.8262696732657275_37.5682885029268263,1150123902,마곡동 754-6,126.8251545831812592_37.5683788917189787,99.0,18.0,서행,126.8251545831812592_37.5683788917189787|126.8262696732657275_37.5682885029268263
2026-09-04T18:34:05.570303+09:00,서울식물원·마곡나루역,서울식물원·마곡나루역,POI032,KEY_3,1150348500,마곡중앙로,1150123901,마곡동 754-6,126.8251689045653734_37.5684864088936621,1150124504,라마다앙코르서울마곡호텔,126.8262834041454568_37.5683960690200394,99.0,8.0,정체,126.8262834041454568_37.5683960690200394|126.8251689045653734_37.5684864088936621
2026-09-04T18:34:05.570303+09:00,서울식물원·마곡나루역,서울식물원·마곡나루역,POI032,KEY_3,1150348900,마곡중앙5로1길,1150246400,마곡동 756-10,126.8261924890039722_37.5676508126898696,1150124503,라마다앙코르서울마곡호텔,126.8262696732657275_37.5682885029268263,71.0,14.0,정체,126.8262696732657275_37.5682885029268263|126.8261924890039722_37.5676508126898696
2026-09-04T18:34:05.570303+09:00,서울식물원·마곡나루역,서울식물원·마곡나루역,POI032,KEY_3,1150349200,마곡중앙5로1길,1150246300,마곡동 760,126.8263276928453962_37.5676404440413449,1150124401,두산더랜드타워,126.8262345744409885_37.5668711008752041,86.0,4.0,정체,126.8262345744409885_37.5668711008752041|126.8263276928453962_37.5676404440413449
2026-09-04T18:34:05.570303+09:00,서울식물원·마곡나루역,서울식물원·마곡나루역,POI032,KEY_3,1150349300,마곡중앙5로1길,1150124504,라마다앙코르서울마곡호텔,126.8262834041454568_37.5683960690200394,1150124603,마곡동 755-11,126.8264179078798719_37.5693978253014009,112.0,10.0,정체,126.8264179078798719_37.5693978253014009|126.8262834041454568_37.5683960690200394
2026-09-04T18:34:05.570303+09:00,서울식물원·마곡나루역,서울식물원·마곡나루역,POI032,KEY_3,1150349500,마곡중앙5로1길,1150124602,마곡동 756-10,126.8265530251150182_37.5693867385103744,1150124501,라마다앙코르서울마곡호텔,126.8264185129404780_37.5683849300273707,112.0,12.0,정체,126.8264185129404780_37.5683849300273707|126.8265530251150182_37.5693867385103744
2026-09-04T18:34:05.570303+09:00,서울식물원·마곡나루역,서울식물원·마곡나루역,POI032,KEY_3,1150350400,마곡중앙5로,1150124401,두산더랜드타워,126.8262345744409885_37.5668711008752041,1150075009,마곡나루역,126.8277994809352833_37.5667203788234190,139.0,10.0,정체,126.8277994809352833_37.5667203788234190|126.8262345744409885_37.5668711008752041
2026-09-04T18:34:05.570303+09:00,서울식물원·마곡나루역,서울식물원·마곡나루역,POI032,KEY_3,1150350500,마곡중앙로,1150125003,마곡동 761-5,126.8280174969957130_37.5681421784926002,1150124502,라마다앙코르서울마곡호텔,126.8264047845530769_37.5682773629179252,143.0,10.0,정체,126.8264047845530769_37.5682773629179252|126.8280174969957130_37.5681421784926002
2026-09-04T18:34:05.570303+09:00,서울식물원·마곡나루역,서울식물원·마곡나루역,POI032,KEY_3,1150350600,마곡중앙로,1150124501,라마다앙코르서울마곡호텔,126.8264185129404780_37.5683849300273707,1150125004,마곡동 761-5,126.8280336731774582_37.5682495397938183,143.0,9.0,정체,126.8280336731774582_37.5682495397938183|126.8264185129404780_37.5683849300273707
2026-09-04T18:34:05.570303+09:00,서울식물원·마곡나루역,서울식물원·마곡나루역,POI032,KEY_3,1150351301,마곡중앙로,1150075004,속성변화점,126.8278972863442249_37.5673582246527644,1150125003,마곡동 761-5,126.8280174969957130_37.5681421784926002,88.0,21.5,서행,126.8280174969957130_37.5681421784926002|126.8279137604504427_37.5674656611974243|126.8278972863442249_37.5673582246527644
2026-09-04T18:34:05.570303+09:00,서울식물원·마곡나루역,서울식물원·마곡나루역,POI032,KEY_3,1150351302,마곡중앙로,1150075009,마곡나루역,126.8277994809352833_37.5667203788234190,1150075004,속성변화점,126.8278972863442249_37.5673582246527644,71.0,11.0,정체,126.8278972863442249_37.5673582246527644|126.8277994809352833_37.5667203788234190
2026-09-04T18:34:05.570303+09:00,서울식물원·마곡나루역,서울식물원·마곡나루역,POI032,KEY_3,1150351401,마곡중앙로,1150075003,마곡나루역(서울9호선),126.8280321112912787_37.5673451255178179,1150075006,마곡나루역,126.8279343028494424_37.5667072797274955,71.0,26.0,원활,126.8279343028494424_37.5667072797274955|126.8280321112912787_37.5673451255178179
2026-09-04T18:34:05.570303+09:00,서울식물원·마곡나루역,서울식물원·마곡나루역,POI032,KEY_3,1150351402,마곡중앙로,1150125002,마곡동 761-5,126.8281529581740017_37.5681331949291035,1150075002,마곡나루역(서울9호선),126.8280485860209836_37.5674525620977136,76.0,13.5,정체,126.8280485860209836_37.5674525620977136|126.8281529581740017_37.5681331949291035
2026-09-04T18:34:05.570303+09:00,서울식물원·마곡나루역,서울식물원·마곡나루역,POI032,KEY_3,1150351500,마곡중앙로,1150125004,마곡동 761-5,126.8280336731774582_37.5682495397938183,1150125103,두산더랜드파크,126.8281818807448644_37.5692514510466609,112.0,10.0,정체,126.8281818807448644_37.5692514510466609|126.8280336731774582_37.5682495397938183
2026-09-04T18:34:05.570303+09:00,서울식물원·마곡나루역,서울식물원·마곡나루역,POI032,KEY_3,1150351600,마곡중앙로,1150125202,마곡동302,126.8287027702962320_37.5718417586160029,1150125001,마곡동 761-5,126.8281691405074696_37.5682407381455761,402.0,14.0,정체,126.8281691405074696_37.5682407381455761|126.8283167811732142_37.5692388078092208|126.8283326812459535_37.5693461624015583|126.8287027702962320_37.5718417586160029
2026-09-04T18:34:05.570303+09:00,서울식물원·마곡나루역,서울식물원·마곡나루역,POI032,KEY_3,1150409100,마곡서로,1150142004,마곡동 767-6,126.8240678285792740_37.5622386186809436,1150142103,마곡동768,126.8242446293254773_37.5633729121217712,127.0,5.0,정체,126.8242446293254773_37.5633729121217712|126.8240678285792740_37.5622386186809436
2026-09-04T18:34:05.570303+09:00,서울식물원·마곡나루역,서울식물원·마곡나루역,POI032,KEY_3,1150409200,마곡서로,1150142102,마곡동768,126.8243794172085614_37.5633595988611333,1150142001,마곡동 767-6,126.8242026491620464_37.5622255252647577,127.0,15.0,서행,126.8242026491620464_37.5622255252647577|126.8243794172085614_37.5633595988611333
2026-09-04T18:34:05.570303+09:00,서울식물원·마곡나루역,서울식물원·마곡나루역,POI032,KEY_3,1150409300,마곡서로,1150142104,마곡동768,126.8242618848687613_37.5634808652541281,1150123803,마곡엠밸리7단지아파트,126.8248194327366463_37.5668890819305616,381.0,11.0,정체,126.8248194327366463_37.5668890819305616|126.8242618848687613_37.5634808652541281
2026-09-04T18:34:05.570303+09:00,서울식물원·마곡나루역,서울식물원·마곡나루역,POI032,KEY_3,1150409400,마곡서로,1150123802,마곡엠밸리7단지아파트,126.8249544940145910_37.5668773639659790,1150142101,마곡동768,126.8243965694592674_37.5634669041434393,382.0,8.0,정체,126.8243965694592674_37.5634669041434393|126.8249544940145910_37.5668773639659790
2026-09-04T18:34:05.570303+09:00,서울식물원·마곡나루역,서울식물원·마곡나루역,POI032,KEY_3,1150409700,마곡중앙로,1150142403,마곡동727-816,126.8272764525622875_37.5631379015638203,1150142102,마곡동768,126.8243794172085614_37.5633595988611333,257.0,11.7,정체,126.8243794172085614_37.5633595988611333|126.8272764525622875_37.5631379015638203
2026-09-04T18:34:05.570303+09:00,서울식물원·마곡나루역,서울식물원·마곡나루역,POI032,KEY_3,1150409800,마곡중앙로,1150142101,마곡동768,126.8243965694592674_37.5634669041434393,1150142404,마곡동727-816,126.8272918915514538_37.5632453378836573,257.0,9.0,정체,126.8272918915514538_37.5632453378836573|126.8243965694592674_37.5634669041434393
2026-09-04T18:34:05.570303+09:00,서울식물원·마곡나루역,서울식물원·마곡나루역,POI032,KEY_3,1150410400,마곡중앙로,1150074902,마곡동 761-5,126.8275862789564741_37.5643426040570887,1150142301,마곡동770,126.8272402866037822_37.5619348890641191,269.0,26.0,원활,126.8272402866037822_37.5619348890641191|126.8274113938616381_37.5631256137476086|126.8274268326666459_37.5632330502435607|126.8275862789564741_37.5643426040570887
2026-09-04T18:34:05.570303+09:00,서울식물원·마곡나루역,서울식물원·마곡나루역,POI032,KEY_3,1150410500,마곡중앙로,1150142404,마곡동727-816,126.8272918915514538_37.5632453378836573,1150074903,마곡동 761-5,126.8274513442039506_37.5643548917567500,124.0,19.0,서행,126.8274513442039506_37.5643548917567500|126.8272918915514538_37.5632453378836573
2026-09-04T18:34:05.570303+09:00,서울식물원·마곡나루역,서울식물원·마곡나루역,POI032,KEY_3,1150414000,마곡중앙10로,1150277800,마곡동 770-7,126.8288092332455363_37.5642208400664828,1150074902,마곡동 761-5,126.8275862789564741_37.5643426040570887,109.0,14.5,정체,126.8275862789564741_37.5643426040570887|126.8288092332455363_37.5642208400664828
2026-09-04T18:34:05.570303+09:00,서울식물원·마곡나루역,서울식물원·마곡나루역,POI032,KEY_3,1150414200,마곡중앙10로,1150389600,최소노드배치점,126.8307424036753446_37.5641372978135877,1150075304,마곡동 775-3,126.8338828853735123_37.5638245018731780,280.0,17.3,서행,126.8338828853735123_37.5638245018731780|126.8328221540902234_37.5639301616883472|126.8315352584256459_37.5640583366140817|126.8307424036753446_37.5641372978135877
2026-09-04T18:34:05.570303+09:00,서울식물원·마곡나루역,서울식물원·마곡나루역,POI032,KEY_3,1150416301,양천로,1150043108,마곡동55-14,126.8311555988990875_37.5725904146730514,1150075102,마곡나루역,126.8288373206273434_37.5727163496919587,205.0,21.0,서행,126.8288373206273434_37.5727163496919587|126.8296823072899855_37.5726704531005353|126.8299698430472375_37.5726548338152426|126.8311555988990875_37.5725904146730514
2026-09-04T18:34:05.570303+09:00,서울식물원·마곡나루역,서울식물원·마곡나루역,POI032,KEY_3,1150416302,양천로,1150291400,최소노드배치점,126.8347335812000694_37.5720301020831613,1150043107,마곡동55-14,126.8312911970061663_37.5725830471349624,313.0,21.5,서행,126.8312911970061663_37.5725830471349624|126.8313223863605401_37.5725813524673455|126.8319183935554975_37.5725385124495546|126.8329974182405095_37.5724286737315580|126.8338233378188562_37.5723299126639461|126.8341794125019959_37.5722589437952905|126.8344474121661420_37.5721717018549342|126.8347335812000694_37.5720301020831613
2026-09-04T18:34:05.570303+09:00,서울식물원·마곡나루역,서울식물원·마곡나루역,POI032,KEY_3,1150416501,양천로,1150291500,최소노드배치점,126.8348051840946482_37.5721214821432099,1150043105,가양동 259-16,126.8376787257849969_37.5704831139822559,313.0,20.0,서행,126.8376787257849969_37.5704831139822559|126.8361258425969709_37.5712621708563859|126.8357944030930753_37.5714717140547876|126.8353576867366996_37.5717917732486484|126.8348837484222003_37.5720824703133829|126.8348051840946482_37.5721214821432099
2026-09-04T18:34:05.570303+09:00,서울식물원·마곡나루역,서울식물원·마곡나루역,POI032,KEY_3,1150416502,양천로,1150254700,마곡동 60-8,126.8299790922617802_37.5727626902760221,1150043109,마곡동55-14,126.8311648498268056_37.5726982577767430,105.0,8.0,정체,126.8311648498268056_37.5726982577767430|126.8299790922617802_37.5727626902760221
2026-09-04T18:34:05.570303+09:00,서울식물원·마곡나루역,서울식물원·마곡나루역,POI032,KEY_3,1150417100,마곡동로,1150144104,마곡동 775-3,126.8335310636990982_37.5613083368637817,1150075303,마곡동 775-3,126.8338665843508579_37.5637171638409200,269.0,23.0,서행,126.8338665843508579_37.5637171638409200|126.8335310636990982_37.5613083368637817
2026-09-04T18:34:05.570303+09:00,서울식물원·마곡나루역,서울식물원·마곡나루역,POI032,KEY_3,1150417200,마곡동로,1150075302,마곡동 775-3,126.8340015234932139_37.5637048487681895,1150144101,마곡동 775-3,126.8336658955196157_37.5612952760720518,269.0,17.0,서행,126.8336658955196157_37.5612952760720518|126.8340015234932139_37.5637048487681895
2026-09-04T18:34:05.570303+09:00,서울식물원·마곡나루역,서울식물원·마곡나루역,POI032,KEY_3,1150417500,마곡동로,1150075304,마곡동 775-3,126.8338828853735123_37.5638245018731780,1150144203,마곡동780-2,126.8341558464182128_37.5654851502626030,186.0,11.0,정체,126.8341558464182128_37.5654851502626030|126.8338828853735123_37.5638245018731780
2026-09-04T18:34:05.570303+09:00,서울식물원·마곡나루역,서울식물원·마곡나루역,POI032,KEY_3,1150417800,마곡동로,1150144202,마곡동780-2,126.8342905242931806_37.5654711230213820,1150075301,마곡동 775-3,126.8340178433640517_37.5638121990224931,186.0,16.0,서행,126.8340178433640517_37.5638121990224931|126.8342905242931806_37.5654711230213820
2026-09-04T18:34:05.570303+09:00,서울식물원·마곡나루역,서울식물원·마곡나루역,POI032,KEY_3,1150418900,마곡동로,1150144204,마곡동780-2,126.8341734390219244_37.5655923282243478,1150144704,마곡동727-303,126.8354565033221064_37.5685517959434634,357.0,33.0,원활,126.8354565033221064_37.5685517959434634|126.8352352314876015_37.5683818105701022|126.8350821970963977_37.5682462656852252|126.8349214230356523_37.5680805174436756|126.8347977069162766_37.5679212503397295|126.8346746464682013_37.5677272641862245|126.8345733320090289_37.5675234947359442|126.8344739994450094_37.5672325405002852|126.8343694867273541_37.5667883088518053|126.8341734390219244_37.5655923282243478
2026-09-04T18:34:05.570303+09:00,서울식물원·마곡나루역,서울식물원·마곡나루역,POI032,KEY_3,1150419000,마곡동로,1150144703,마곡동727-303,126.8355507947878493_37.5684740291864117,1150144201,마곡동780-2,126.8343081233074940_37.5655783391273630,349.0,21.0,서행,126.8343081233074940_37.5655783391273630|126.8345041723628555_37.5667743196739465|126.8346075025500852_37.5672126182991306|126.8347043867980943_37.5674950807237948|126.8348008665867468_37.5676873195743610|126.8349188940197507_37.5678724174548293|126.8350368758045477_37.5680235593591050|126.8351895951969226_37.5681800709160072|126.8353361855195232_37.5683094763074124|126.8355507947878493_37.5684740291864117
2026-09-04T18:34:05.570303+09:00,서울식물원·마곡나루역,서울식물원·마곡나루역,POI032,KEY_3,1150419100,마곡중앙10로,1150145003,마곡동 788-5,126.8360599704796385_37.5635339917327684,1150075302,마곡동 775-3,126.8340015234932139_37.5637048487681895,183.0,9.0,정체,126.8340015234932139_37.5637048487681895|126.8350297428666948_37.5636195081810484|126.8354050095481540_37.5635883593580431|126.8360599704796385_37.5635339917327684
2026-09-04T18:34:05.570303+09:00,서울식물원·마곡나루역,서울식물원·마곡나루역,POI032,KEY_3,1150419200,마곡중앙10로,1150075301,마곡동 775-3,126.8340178433640517_37.5638121990224931,1150145004,마곡동 788-5,126.8360765905275400_37.5636413182444429,183.0,4.0,정체,126.8360765905275400_37.5636413182444429|126.8354190960058077_37.5636958957994480|126.8350438287640003_37.5637270444474254|126.8340178433640517_37.5638121990224931
2026-09-04T18:34:05.570303+09:00,서울식물원·마곡나루역,서울식물원·마곡나루역,POI032,KEY_3,1150419600,마곡동로6길,1150220800,마곡동 788-2,126.8356276088871226_37.5653457857466435,1150144202,마곡동780-2,126.8342905242931806_37.5654711230213820,119.0,22.0,서행,126.8342905242931806_37.5654711230213820|126.8356276088871226_37.5653457857466435
2026-09-04T18:34:05.570303+09:00,서울식물원·마곡나루역,서울식물원·마곡나루역,POI032,KEY_3,1150419700,마곡동로6길,1150144201,마곡동780-2,126.8343081233074940_37.5655783391273630,1150145104,마곡동781-6,126.8363409857659576_37.5653877748030638,181.0,25.0,원활,126.8363409857659576_37.5653877748030638|126.8356434950057263_37.5654531629459782|126.8343081233074940_37.5655783391273630
2026-09-04T18:34:05.570303+09:00,서울식물원·마곡나루역,서울식물원·마곡나루역,POI032,KEY_3,1150420900,마곡동로,1150145303,마곡동775,126.8368886693610023_37.5696143112132717,1150144702,마곡동727-303,126.8356470133750804_37.5685526720342367,161.0,24.0,서행,126.8356470133750804_37.5685526720342367|126.8366161616912109_37.5693813157480037|126.8368886693610023_37.5696143112132717
2026-09-04T18:34:05.570303+09:00,서울식물원·마곡나루역,서울식물원·마곡나루역,POI032,KEY_3,1150421100,마곡동로8길,1150145703,이랜드글로벌R&D센터,126.8374468311080676_37.5674452354668347,1150144703,마곡동727-303,126.8355507947878493_37.5684740291864117,203.0,8.0,정체,126.8355507947878493_37.5684740291864117|126.8374468311080676_37.5674452354668347
2026-09-04T18:34:05.570303+09:00,서울식물원·마곡나루역,서울식물원·마곡나루역,POI032,KEY_3,1150421400,마곡동로8길,1150144702,마곡동727-303,126.8356470133750804_37.5685526720342367,1150145704,이랜드글로벌R&D센터,126.8375229088581762_37.5675348046934658,201.0,10.0,정체,126.8375229088581762_37.5675348046934658|126.8356470133750804_37.5685526720342367
2026-09-04T18:34:05.570303+09:00,서울식물원·마곡나루역,서울식물원·마곡나루역,POI032,KEY_3,1150423100,마곡동로,1150157000,마곡동 775-3,126.8365167423386737_37.5694549864723797,1150043104,마곡동 775-6,126.8376091778656587_37.5703902011560302,142.0,22.0,서행,126.8376091778656587_37.5703902011560302|126.8368825604932653_37.5697678436687639|126.8367892501556184_37.5696879820584471|126.8365167423386737_37.5694549864723797
2026-09-04T18:34:05.570303+09:00,서울식물원·마곡나루역,서울식물원·마곡나루역,POI032,KEY_3,1150423500,마곡동로,1150043103,마곡동 775-6,126.8377179434827156_37.5703340571605153,1150145302,마곡동775,126.8369816630471973_37.5696945381406238,96.0,9.0,정체,126.8369816630471973_37.5696945381406238|126.8377179434827156_37.5703340571605153
2026-09-04T18:34:05.570303+09:00,서울식물원·마곡나루역,서울식물원·마곡나루역,POI032,KEY_3,1150424300,마곡동로10길,1150146303,마곡동775-2,126.8385308873400419_37.5687062546252193,1150145303,마곡동775,126.8368886693610023_37.5696143112132717,177.0,10.0,정체,126.8368886693610023_37.5696143112132717|126.8385308873400419_37.5687062546252193
2026-09-04T18:34:05.570303+09:00,서울식물원·마곡나루역,서울식물원·마곡나루역,POI032,KEY_3,1150424400,마곡동로10길,1150145302,마곡동775,126.8369816630471973_37.5696945381406238,1150146304,마곡동775-2,126.8386067590957111_37.5687959486371170,175.0,17.5,서행,126.8386067590957111_37.5687959486371170|126.8369816630471973_37.5696945381406238
2026-09-04T18:34:05.570303+09:00,서울식물원·마곡나루역,서울식물원·마곡나루역,POI032,KEY_3,1150425900,양천로,1150146603,양천초등학교앞,126.8392163656429830_37.5695287407597860,1150043103,마곡동 775-6,126.8377179434827156_37.5703340571605153,160.0,6.0,정체,126.8377179434827156_37.5703340571605153|126.8392163656429830_37.5695287407597860
2026-09-04T18:34:05.570303+09:00,서울식물원·마곡나루역,서울식물원·마곡나루역,POI032,KEY_3,1150430900,마곡중앙14로,1150125001,마곡동 761-5,126.8281691405074696_37.5682407381455761,1150148704,마곡동269-3,126.8296786246404082_37.5681690681778733,134.0,6.0,정체,126.8296786246404082_37.5681690681778733|126.8281691405074696_37.5682407381455761
2026-09-04T18:34:05.570303+09:00,서울식물원·마곡나루역,서울식물원·마곡나루역,POI032,KEY_3,1150431000,마곡중앙14로,1150148703,마곡동269-3,126.8296705357492442_37.5680611407837404,1150125002,마곡동 761-5,126.8281529581740017_37.5681331949291035,134.0,22.0,서행,126.8281529581740017_37.5681331949291035|126.8296705357492442_37.5680611407837404
2026-09-04T18:34:05.570303+09:00,서울식물원·마곡나루역,서울식물원·마곡나루역,POI032,KEY_3,1150431500,마곡중앙14로,1150148701,마곡동269-3,126.8298140897098847_37.5681599918400622,1150148904,마곡동272-1,126.8305538015969205_37.5680970716601692,66.0,22.0,서행,126.8305538015969205_37.5680970716601692|126.8298140897098847_37.5681599918400622
2026-09-04T18:34:05.570303+09:00,서울식물원·마곡나루역,서울식물원·마곡나루역,POI032,KEY_3,1150431600,마곡중앙14로,1150148903,마곡동272-1,126.8305344297398563_37.5679899841820983,1150148702,마곡동269-3,126.8297996571735098_37.5680524850471116,65.0,25.0,원활,126.8297996571735098_37.5680524850471116|126.8305344297398563_37.5679899841820983
2026-09-04T18:34:05.570303+09:00,서울역,서울역,POI033,KEY_4,1010000501,소월로2길,1010077600,남대문로5가 824-1,126.9765249826189262_37.5549508284745031,1020036803,남산어린이놀이터앞교차로,126.9765460017274421_37.5551782854136533,25.0,23.0,서행,126.9765460017274421_37.5551782854136533|126.9765254807177541_37.5549586352516300|126.9765249826189262_37.5549508284745031
2026-09-04T18:34:05.570303+09:00,서울역,서울역,POI033,KEY_4,1010000502,소월로2길,1010049700,후암삼거리,126.9764266237509247_37.5533494301722683,1010000313,남대문로5가 490-1,126.9764794024509058_37.5542364381138611,99.0,16.0,서행,126.9764794024509058_37.5542364381138611|126.9764680858715593_37.5540590720134091|126.9764324412455494_37.5535004040168090|126.9764314470447459_37.5534746028640782|126.9764266237509247_37.5533494301722683
2026-09-04T18:34:05.570303+09:00,서울역,서울역,POI033,KEY_4,1010001901,통일로,1010001003,서울역,126.9725590319377915_37.5570177603937765,1010009100,서울역,126.9717121828378907_37.5576314695367799,104.0,25.0,원활,126.9717121828378907_37.5576314695367799|126.9717533352314831_37.5575529097224958|126.9719362038334651_37.5573471349099250|126.9722156056808160_37.5571695450368424|126.9725590319377915_37.5570177603937765
2026-09-04T18:34:05.570303+09:00,서울역,서울역,POI033,KEY_4,1010001902,통일로,1010009100,서울역,126.9717121828378907_37.5576314695367799,1010010202,의주로지하차도(남측),126.9715795465149455_37.5581326310857904,57.0,17.0,서행,126.9715795465149455_37.5581326310857904|126.9716801952437919_37.5576925341671597|126.9717121828378907_37.5576314695367799
2026-09-04T18:34:05.570303+09:00,서울역,서울역,POI033,KEY_4,1010001903,통일로,1010010202,의주로지하차도(남측),126.9715795465149455_37.5581326310857904,1010012103,염천교앞교차로,126.9712395112075001_37.5595497858304483,161.0,19.0,서행,126.9712395112075001_37.5595497858304483|126.9712786050966145_37.5593746817197243|126.9714493678720544_37.5584607787226332|126.9714752285433832_37.5583228393018231|126.9715795465149455_37.5581326310857904
2026-09-04T18:34:05.570303+09:00,서울역,서울역,POI033,KEY_4,1010002001,통일로,1010009300,서울역,126.9718375318289674_37.5576730841303998,1010001004,서울역,126.9725768217156627_37.5571335615094881,91.0,9.0,정체,126.9725768217156627_37.5571335615094881|126.9722914624442751_37.5572596833207513|126.9720359689673757_37.5574220765078550|126.9718728932392793_37.5576055781302927|126.9718375318289674_37.5576730841303998
2026-09-04T18:34:05.570303+09:00,서울역,서울역,POI033,KEY_4,1010002002,통일로,1010010201,의주로지하차도(남측),126.9717135157052326_37.5581502975144517,1010009300,서울역,126.9718375318289674_37.5576730841303998,54.0,9.0,정체,126.9718375318289674_37.5576730841303998|126.9718111845805169_37.5577233823227346|126.9717135157052326_37.5581502975144517
2026-09-04T18:34:05.570303+09:00,서울역,서울역,POI033,KEY_4,1010002003,통일로,1010009802,청암빌딩,126.9717279554252372_37.5584396963817682,1010010201,의주로지하차도(남측),126.9717135157052326_37.5581502975144517,32.0,6.0,정체,126.9717135157052326_37.5581502975144517|126.9717438786689598_37.5583547587673294|126.9717279554252372_37.5584396963817682
2026-09-04T18:34:05.570303+09:00,서울역,서울역,POI033,KEY_4,1010002004,통일로,1010012102,염천교앞교차로,126.9715109934232657_37.5595695154306881,1010009801,청암빌딩,126.9717079416461587_37.5585466375375603,115.0,6.0,정체,126.9717079416461587_37.5585466375375603|126.9715467147326677_37.5594095152096656|126.9715109934232657_37.5595695154306881
2026-09-04T18:34:05.570303+09:00,서울역,서울역,POI033,KEY_4,1010024000,통일로,1010009300,서울역,126.9718375318289674_37.5576730841303998,1010009400,서울역3번출구,126.9729047212582458_37.5576301040073588,102.0,16.5,서행,126.9729047212582458_37.5576301040073588|126.9725548679935372_37.5575079038318833|126.9723512460599437_37.5575030882471950|126.9722194858867397_37.5575125925735875|126.9720340632495663_37.5575548632373852|126.9718375318289674_37.5576730841303998
2026-09-04T18:34:05.570303+09:00,서울역,서울역,POI033,KEY_4,1010002301,소월로,1010155400,최소노드배치점,126.9760533414636114_37.5582497344554369,1010013803,숭례문앞교차로,126.9755809845113532_37.5605189064983307,262.0,21.0,서행,126.9755809845113532_37.5605189064983307|126.9757337889885065_37.5603525891795087|126.9757984686316661_37.5601874326070444|126.9757969708594061_37.5599997077910714|126.9757198667068110_37.5593373627741514|126.9757048763582503_37.5591937029204388|126.9757309859065373_37.5590497713064551|126.9757785893644524_37.5588840435687814|126.9759074328705282_37.5585745471584289|126.9759297486065890_37.5585209420058632|126.9759522152383795_37.5584716422248093|126.9760533414636114_37.5582497344554369
2026-09-04T18:34:05.570303+09:00,서울역,서울역,POI033,KEY_4,1010002506,퇴계로,1010008102,서울역,126.9739254787072014_37.5566063926840243,1010036102,속성변화점,126.9744607168154147_37.5567608633366703,51.0,3.0,정체,126.9744607168154147_37.5567608633366703|126.9743391734486693_37.5567116927890936|126.9742235732120292_37.5566711695761555|126.9739254787072014_37.5566063926840243
2026-09-04T18:34:05.570303+09:00,서울역,서울역,POI033,KEY_4,1010002507,퇴계로,1010036102,속성변화점,126.9744607168154147_37.5567608633366703,1010008802,서울역고가차도(동측),126.9757153290362908_37.5572684121082503,124.0,3.0,정체,126.9757153290362908_37.5572684121082503|126.9744607168154147_37.5567608633366703
2026-09-04T18:34:05.570303+09:00,서울역,서울역,POI033,KEY_4,1010002604,퇴계로,1010008101,서울역,126.9740073233546838_37.5564831416643941,1010036000,서울역(서울1호선),126.9728469457788407_37.5551689665811139,188.0,13.0,정체,126.9728469457788407_37.5551689665811139|126.9730354728597064_37.5557211852762123|126.9732094536090869_37.5559776848255495|126.9733963265082224_37.5561726380715371|126.9735767550837409_37.5562906524971751|126.9737770809038864_37.5564006548910712|126.9740073233546838_37.5564831416643941
2026-09-04T18:34:05.570303+09:00,서울역,서울역,POI033,KEY_4,1010002605,퇴계로,1010036101,속성변화점,126.9745222423205888_37.5566644754830179,1010008101,서울역,126.9740073233546838_37.5564831416643941,50.0,24.0,서행,126.9740073233546838_37.5564831416643941|126.9742734196230174_37.5565705056965129|126.9743973461574740_37.5566139480968246|126.9745222423205888_37.5566644754830179
2026-09-04T18:34:05.570303+09:00,서울역,서울역,POI033,KEY_4,1010002606,퇴계로,1010008801,서울역고가차도(동측),126.9757762804091783_37.5571717943319854,1010036101,속성변화점,126.9745222423205888_37.5566644754830179,124.0,31.0,원활,126.9745222423205888_37.5566644754830179|126.9757762804091783_37.5571717943319854
2026-09-04T18:34:05.570303+09:00,서울역,서울역,POI033,KEY_4,1010002607,퇴계로,1010088200,남대문로5가 292,126.9762491190694220_37.5573586199649654,1010008801,서울역고가차도(동측),126.9757762804091783_37.5571717943319854,47.0,14.0,정체,126.9757762804091783_37.5571717943319854|126.9762491190694220_37.5573586199649654
2026-09-04T18:34:05.570303+09:00,서울역,서울역,POI033,KEY_4,1010002901,세종대로,1010001004,서울역,126.9725768217156627_37.5571335615094881,1010009400,서울역3번출구,126.9729047212582458_37.5576301040073588,63.0,11.0,정체,126.9729047212582458_37.5576301040073588|126.9726802932207335_37.5573569212650042|126.9725966053711232_37.5572076931080829|126.9725768217156627_37.5571335615094881
2026-09-04T18:34:05.570303+09:00,서울역,서울역,POI033,KEY_4,1010002902,세종대로,1010088000,남대문로5가 84-15,126.9732159812998304_37.5579784751034964,1010011400,숭례문학당,126.9742665437086799_37.5591522019033732,160.0,11.0,정체,126.9742665437086799_37.5591522019033732|126.9738617088002712_37.5586999110099455|126.9732159812998304_37.5579784751034964
2026-09-04T18:34:05.570303+09:00,서울역,서울역,POI033,KEY_4,1010002903,세종대로,1010011400,숭례문학당,126.9742665437086799_37.5591522019033732,1010015502,숭례문앞,126.9748954449175216_37.5603663160010157,148.0,14.0,정체,126.9748954449175216_37.5603663160010157|126.9748468953437168_37.5603089259620049|126.9746855723265071_37.5601208840657534|126.9746137545376854_37.5599415792683970|126.9745483394273009_37.5596299211490319|126.9744734144699265_37.5594109852280340|126.9742665437086799_37.5591522019033732
2026-09-04T18:34:05.570303+09:00,서울역,서울역,POI033,KEY_4,1010003001,세종대로,1010008700,서울역4번출구,126.9730184115597211_37.5575709588477622,1010001001,서울역,126.9727010153384299_37.5570786706198803,62.0,10.0,정체,126.9727010153384299_37.5570786706198803|126.9727264690063038_37.5571740475001192|126.9727998873353840_37.5573049631326796|126.9730184115597211_37.5575709588477622
2026-09-04T18:34:05.570303+09:00,서울역,서울역,POI033,KEY_4,1010003002,세종대로,1010087900,남대문로5가 84-15,126.9733265878310959_37.5579157333092937,1010008700,서울역4번출구,126.9730184115597211_37.5575709588477622,47.0,16.0,서행,126.9730184115597211_37.5575709588477622|126.9730229219266846_37.5575764586648120|126.9733265878310959_37.5579157333092937
2026-09-04T18:34:05.570303+09:00,서울역,서울역,POI033,KEY_4,1010023400,세종대로,1010008700,서울역4번출구,126.9730184115597211_37.5575709588477622,1010008102,서울역,126.9739254787072014_37.5566063926840243,162.0,10.0,정체,126.9739254787072014_37.5566063926840243|126.9737622051817567_37.5566040860006964|126.9735713010116314_37.5566308625134724|126.9734365333165442_37.5566814899503854|126.9732830443898450_37.5567499923911043|126.9731407651332091_37.5568691548601450|126.9730396577194114_37.5569942857603749|126.9729647480841948_37.5571283631696460|126.9729384960857459_37.5572684108869552|126.9729459298956016_37.5574144255147857|126.9730184115597211_37.5575709588477622
2026-09-04T18:34:05.570303+09:00,서울역,서울역,POI033,KEY_4,1010023700,통일로,1010035900,서울역,126.9726382859721099_37.5561301693119631,1010009100,서울역,126.9717121828378907_37.5576314695367799,188.0,21.5,서행,126.9717121828378907_37.5576314695367799|126.9717381577070796_37.5575423806400934|126.9718724015783806_37.5573509120254982|126.9719768608054409_37.5572093343208309|126.9722404703145457_37.5569471676151210|126.9723782873772677_37.5567517213420103|126.9726382859721099_37.5561301693119631
2026-09-04T18:34:05.570303+09:00,서울역,서울역,POI033,KEY_4,1010025000,세종대로5길,1010009801,청암빌딩,126.9717079416461587_37.5585466375375603,1010012202,숭례문학당,126.9742748764175104_37.5595190981504885,256.0,12.0,정체,126.9742748764175104_37.5595190981504885|126.9738902974027042_37.5594176881754152|126.9732580878187207_37.5590467827891743|126.9725988537744144_37.5587016101154347|126.9723765861687639_37.5586285243969087|126.9717079416461587_37.5585466375375603
2026-09-04T18:34:05.570303+09:00,서울역,서울역,POI033,KEY_4,1010025700,세종대로,1010011400,숭례문학당,126.9742665437086799_37.5591522019033732,1010012201,숭례문학당,126.9742810386167378_37.5594068263078924,28.0,17.0,서행,126.9742810386167378_37.5594068263078924|126.9742665437086799_37.5591522019033732
2026-09-04T18:34:05.570303+09:00,서울역,서울역,POI033,KEY_4,1010025900,통일로,1010015801,의주로지하차도,126.9705766693740969_37.5608929272020475,1010010201,의주로지하차도(남측),126.9717135157052326_37.5581502975144517,326.0,25.0,원활,126.9717135157052326_37.5581502975144517|126.9716508619000876_37.5584846919861022|126.9714796864512891_37.5594008071192960|126.9714288668962752_37.5596284362280457|126.9713406022852240_37.5598094854925790|126.9712395311263293_37.5599958456464336|126.9705766693740969_37.5608929272020475
2026-09-04T18:34:05.570303+09:00,서울역,서울역,POI033,KEY_4,1010026600,세종대로,1010012202,숭례문학당,126.9742748764175104_37.5595190981504885,1010013502,속성변화점,126.9740489449279721_37.5597823376631155,38.0,14.0,정체,126.9740489449279721_37.5597823376631155|126.9741150100377496_37.5597678403268418|126.9741805117776181_37.5597165730551339|126.9742464328148515_37.5595997767984215|126.9742747291389691_37.5595199465246452|126.9742748764175104_37.5595190981504885
2026-09-04T18:34:05.570303+09:00,서울역,서울역,POI033,KEY_4,1010053600,한강대로,1010001002,서울역,126.9727007782336159_37.5569551120884242,1010036000,서울역(서울1호선),126.9728469457788407_37.5551689665811139,199.0,6.5,정체,126.9728469457788407_37.5551689665811139|126.9727738506837085_37.5561366589997760|126.9727007782336159_37.5569551120884242
2026-09-04T18:34:05.570303+09:00,서울역,서울역,POI033,KEY_4,1010054200,한강대로,1010035900,서울역,126.9726382859721099_37.5561301693119631,1010001003,서울역,126.9725590319377915_37.5570177603937765,99.0,25.0,원활,126.9725590319377915_37.5570177603937765|126.9726382859721099_37.5561301693119631
2026-09-04T18:34:05.570303+09:00,서울역,서울역,POI033,KEY_4,1020020904,한강대로,1020203900,최소노드배치점,126.9722876759107919_37.5518756720325513,1020006103,서울역앞교차로,126.9727381744143457_37.5541261601478666,253.0,29.0,원활,126.9727381744143457_37.5541261601478666|126.9727229068416534_37.5538935459301157|126.9726784214511497_37.5535312047517351|126.9726256427587145_37.5532355904220339|126.9725178599615276_37.5528309803471814|126.9722876759107919_37.5518756720325513
2026-09-04T18:34:05.570303+09:00,서울역,서울역,POI033,KEY_4,1020021002,한강대로,1020035400,서울역,126.9727592898207575_37.5532167445227429,1020034701,SR타임스,126.9720743182236049_37.5504162783518467,317.0,23.0,서행,126.9720743182236049_37.5504162783518467|126.9724210456315205_37.5518553022977031|126.9726509821565941_37.5528095774144859|126.9727592898207575_37.5532167445227429
2026-09-04T18:34:05.570303+09:00,서울역,서울역,POI033,KEY_4,1020021003,한강대로,1020006102,서울역앞교차로,126.9728719437852220_37.5540923073772603,1020035400,서울역,126.9727592898207575_37.5532167445227429,98.0,4.0,정체,126.9727592898207575_37.5532167445227429|126.9728132891065684_37.5535183101659840|126.9728583675455553_37.5538854618583358|126.9728719437852220_37.5540923073772603
2026-09-04T18:34:05.570303+09:00,서울역,서울역,POI033,KEY_4,1020022101,후암로,1020035600,서울역,126.9737199051955514_37.5538379912663061,1020006102,서울역앞교차로,126.9728719437852220_37.5540923073772603,80.0,8.0,정체,126.9728719437852220_37.5540923073772603|126.9735274346848541_37.5539264208546015|126.9737199051955514_37.5538379912663061
2026-09-04T18:34:05.570303+09:00,서울역,서울역,POI033,KEY_4,1020022104,후암로,1010000309,LG이노텍본사,126.9752027764478157_37.5534823331146370,1020035503,서울역,126.9741607668503036_37.5536489517180243,94.0,20.0,서행,126.9741607668503036_37.5536489517180243|126.9743753771546579_37.5535781623073959|126.9752027764478157_37.5534823331146370
2026-09-04T18:34:05.570303+09:00,서울역,서울역,POI033,KEY_4,1020022105,후암로,1010000305,후암삼거리,126.9764773617211802_37.5529546135781587,1010000308,LG이노텍본사,126.9753152099327735_37.5534675492286354,119.0,10.0,정체,126.9753152099327735_37.5534675492286354|126.9756306217603310_37.5533867074038383|126.9759065341277875_37.5532885038937039|126.9762800978454038_37.5530903392528472|126.9764773617211802_37.5529546135781587
2026-09-04T18:34:05.570303+09:00,서울역,서울역,POI033,KEY_4,1020022202,후암로,1020006101,서울역앞교차로,126.9728775006100676_37.5542043509851950,1020035501,서울역,126.9740888409367727_37.5537933166131026,117.0,2.0,정체,126.9740888409367727_37.5537933166131026|126.9737877851355989_37.5539316362506170|126.9735825829031910_37.5540259150812474|126.9728775006100676_37.5542043509851950
2026-09-04T18:34:05.570303+09:00,서울역,서울역,POI033,KEY_4,1020022204,후암로,1010000307,LG이노텍본사,126.9753568263294028_37.5535704670573551,1010000306,후암삼거리,126.9764434852530570_37.5531208228510494,109.0,16.0,서행,126.9764434852530570_37.5531208228510494|126.9763624695380884_37.5531765650602836|126.9759723584350724_37.5533835077186069|126.9756792883205350_37.5534878184159808|126.9753568263294028_37.5535704670573551
2026-09-04T18:34:05.570303+09:00,서울역,서울역,POI033,KEY_4,1020022205,후암로,1020035502,서울역,126.9742127476792319_37.5537488377428588,1010000310,LG이노텍본사,126.9752223276996546_37.5535893271465042,91.0,5.0,정체,126.9752223276996546_37.5535893271465042|126.9744116995333343_37.5536832130246765|126.9742127476792319_37.5537488377428588
2026-09-04T18:34:05.570303+09:00,서울역,서울역,POI033,KEY_4,1020022705,소월로,1010109800,남대문로5가 431,126.9765972619878767_37.5555182701131471,1010000704,도동삼거리,126.9768636563198214_37.5560052120861414,59.0,21.0,서행,126.9768636563198214_37.5560052120861414|126.9768061889182320_37.5559210408862967|126.9767141186498520_37.5557820754249434|126.9766585950972626_37.5556855676206496|126.9765972619878767_37.5555182701131471
2026-09-04T18:34:05.570303+09:00,서울역,서울역,POI033,KEY_4,1020022901,한강대로,1020006104,서울역앞교차로,126.9727424266385611_37.5542385337162727,1010035900,서울역,126.9726382859721099_37.5561301693119631,210.0,18.0,서행,126.9726382859721099_37.5561301693119631|126.9727113828136709_37.5551624769767898|126.9727511726894420_37.5546357106512687|126.9727424266385611_37.5542385337162727
2026-09-04T18:34:05.570303+09:00,서울역,서울역,POI033,KEY_4,1020023001,한강대로,1010036000,서울역(서울1호선),126.9728469457788407_37.5551689665811139,1020006101,서울역앞교차로,126.9728775006100676_37.5542043509851950,107.0,9.0,정체,126.9728775006100676_37.5542043509851950|126.9728870508398302_37.5546380115442062|126.9728469457788407_37.5551689665811139
2026-09-04T18:34:05.570303+09:00,서울역,서울역,POI033,KEY_4,1020050600,후암로,1020035600,서울역,126.9737199051955514_37.5538379912663061,1020035400,서울역,126.9727592898207575_37.5532167445227429,115.0,12.0,정체,126.9727592898207575_37.5532167445227429|126.9729413557275279_37.5534694514369036|126.9731097388656735_37.5535976235205595|126.9732594214425347_37.5536900341256157|126.9734053703012080_37.5537586041957994|126.9735615769517239_37.5538343924740516|126.9737199051955514_37.5538379912663061
2026-09-04T18:34:05.570303+09:00,선릉역,선릉역,POI034,KEY_1,1220025803,선릉로,1220382800,역삼동 802-31,127.0494800504940969_37.5033567751413273,1220035503,선릉역(서울2호선),127.0493398594145731_37.5036589428028151,36.0,7.0,정체,127.0493398594145731_37.5036589428028151|127.0494800504940969_37.5033567751413273
2026-09-04T18:34:05.570303+09:00,선릉역,선릉역,POI034,KEY_1,1220025804,선릉로,1220035504,선릉역(서울2호선),127.0492928042660310_37.5037603648988949,1220035903,선릉역사거리,127.0489874547452303_37.5044185049200891,78.0,4.0,정체,127.0489874547452303_37.5044185049200891|127.0492474271719345_37.5038581699360591|127.0492928042660310_37.5037603648988949
2026-09-04T18:34:05.570303+09:00,선릉역,선릉역,POI034,KEY_1,1220025903,선릉로,1220358000,대치동 1011-17,127.0493747245042755_37.5038956551044578,1220034601,진선여고,127.0497736298861042_37.5030358485243909,102.0,7.0,정체,127.0497736298861042_37.5030358485243909|127.0496073469251996_37.5033942600096850|127.0494671565548828_37.5036964278532707|127.0494201015183222_37.5037978500803462|127.0493747245042755_37.5038956551044578
2026-09-04T18:34:05.570303+09:00,선릉역,선릉역,POI034,KEY_1,1220026002,테헤란로,1220034906,블랙베리박물관,127.0443627780408065_37.5031471670482617,1220035704,역삼동 804,127.0471173294836689_37.5039936601345545,261.0,6.0,정체,127.0471173294836689_37.5039936601345545|127.0443627780408065_37.5031471670482617
2026-09-04T18:34:05.570303+09:00,선릉역,선릉역,POI034,KEY_1,1220026003,테헤란로,1220035701,역삼동 804,127.0472444652040593_37.5040315100491171,1220035904,선릉역사거리,127.0489401518829737_37.5045198504901336,159.0,7.0,정체,127.0489401518829737_37.5045198504901336|127.0472444652040593_37.5040315100491171
2026-09-04T18:34:05.570303+09:00,선릉역,선릉역,POI034,KEY_1,1220026004,테헤란로,1220034102,르네상스호텔교차로,127.0436867528111975_37.5029433037034892,1220034909,블랙베리박물관,127.0442359817900950_37.5031085999901350,52.0,6.5,정체,127.0442359817900950_37.5031085999901350|127.0436867528111975_37.5029433037034892
2026-09-04T18:34:05.570303+09:00,선릉역,선릉역,POI034,KEY_1,1220026005,테헤란로,1220034106,르네상스호텔사거리,127.0428318796063962_37.5026860140694112,1220034105,르네상스호텔교차로,127.0435597867368074_37.5029050914540534,69.0,6.5,정체,127.0435597867368074_37.5029050914540534|127.0428318796063962_37.5026860140694112
2026-09-04T18:34:05.570303+09:00,선릉역,선릉역,POI034,KEY_1,1220026102,테헤란로,1220035703,역삼동 804,127.0471670915627840_37.5038930671752482,1220034907,블랙베리박물관,127.0444223112660467_37.5030495771580661,260.0,10.0,정체,127.0444223112660467_37.5030495771580661|127.0471670915627840_37.5038930671752482
2026-09-04T18:34:05.570303+09:00,선릉역,선릉역,POI034,KEY_1,1220026103,테헤란로,1220035903,선릉역사거리,127.0489874547452303_37.5044185049200891,1220035702,역삼동 804,127.0472942790560325_37.5039308877385196,159.0,8.0,정체,127.0472942790560325_37.5039308877385196|127.0489874547452303_37.5044185049200891
2026-09-04T18:34:05.570303+09:00,선릉역,선릉역,POI034,KEY_1,1220026801,테헤란로,1220035901,선릉역사거리,127.0490667656896164_37.5045587941768233,1220036304,월간부동산경제,127.0507097058413279_37.5050961507753726,157.0,7.0,정체,127.0507097058413279_37.5050961507753726|127.0490667656896164_37.5045587941768233
2026-09-04T18:34:05.570303+09:00,선릉역,선릉역,POI034,KEY_1,1220026802,테헤란로,1220036301,월간부동산경제,127.0508357905731600_37.5051361926111113,1220036804,KTF타워,127.0528495126162909_37.5057573699263784,191.0,22.0,서행,127.0528495126162909_37.5057573699263784|127.0508357905731600_37.5051361926111113
2026-09-04T18:34:05.570303+09:00,선릉역,선릉역,POI034,KEY_1,1220026804,테헤란로,1220036801,KTF타워,127.0529760573716800_37.5057964677758875,1220037405,포스코사거리,127.0565476506724707_37.5068995560620664,339.0,25.0,원활,127.0565476506724707_37.5068995560620664|127.0551245320578602_37.5064612571662650|127.0549977448848864_37.5064221165811134|127.0529760573716800_37.5057964677758875
2026-09-04T18:34:05.570303+09:00,선릉역,선릉역,POI034,KEY_1,1220026901,테헤란로,1220036303,월간부동산경제,127.0507602689269504_37.5049958100575296,1220035902,선릉역사거리,127.0491140994473085_37.5044573976487072,157.0,3.0,정체,127.0491140994473085_37.5044573976487072|127.0507602689269504_37.5049958100575296
2026-09-04T18:34:05.570303+09:00,선릉역,선릉역,POI034,KEY_1,1220026902,테헤란로,1220037203,포스코미술관,127.0550468873825025_37.5063213325861398,1220036302,월간부동산경제,127.0508863665850328_37.5050358511375421,395.0,3.0,정체,127.0508863665850328_37.5050358511375421|127.0528985165621947_37.5056565437127531|127.0530252017615993_37.5056956853289023|127.0550468873825025_37.5063213325861398
2026-09-04T18:34:05.570303+09:00,선릉역,선릉역,POI034,KEY_1,1220026904,테헤란로,1220037404,포스코사거리,127.0566007053227366_37.5067999758815986,1220037202,포스코미술관,127.0551734722876205_37.5063604107458772,135.0,3.0,정체,127.0551734722876205_37.5063604107458772|127.0566007053227366_37.5067999758815986
2026-09-04T18:34:05.570303+09:00,선릉역,선릉역,POI034,KEY_1,1220027601,선릉로,1220358300,역삼동 802-31,127.0486586538320637_37.5051194262060719,1220036703,선릉역(수인분당선),127.0484330543986573_37.5055999334302470,57.0,1.0,정체,127.0484330543986573_37.5055999334302470|127.0486078996825796_37.5052275287191392|127.0486586538320637_37.5051194262060719
2026-09-04T18:34:05.570303+09:00,선릉역,선릉역,POI034,KEY_1,1220027602,선릉로,1220448000,역삼동 802-21,127.0472703648739241_37.5068578058261082,1220037903,선릉공원,127.0470897828734138_37.5069674641184108,20.0,2.0,정체,127.0470897828734138_37.5069674641184108|127.0472703648739241_37.5068578058261082
2026-09-04T18:34:05.570303+09:00,선릉역,선릉역,POI034,KEY_1,1220027603,선릉로,1220370100,역삼동 802-3,127.0440604841689805_37.5095866488481064,1220041803,선정릉역사거리,127.0438262673777103_37.5102164759167138,73.0,3.0,정체,127.0438262673777103_37.5102164759167138|127.0440604841689805_37.5095866488481064
2026-09-04T18:34:05.570303+09:00,선릉역,선릉역,POI034,KEY_1,1220027701,선릉로,1220303700,삼성동 111-114,127.0487350154241852_37.5052654063889435,1220035901,선릉역사거리,127.0490667656896164_37.5045587941768233,84.0,24.5,서행,127.0490667656896164_37.5045587941768233|127.0487857693820217_37.5051573038117922|127.0487350154241852_37.5052654063889435
2026-09-04T18:34:05.570303+09:00,선릉역,선릉역,POI034,KEY_1,1220027702,선릉로,1220374600,삼성동 111-114,127.0483605484462402_37.5060104032975730,1220036701,선릉역(수인분당선),127.0485078851592107_37.5057410376844658,33.0,7.0,정체,127.0485078851592107_37.5057410376844658|127.0483605484462402_37.5060104032975730
2026-09-04T18:34:05.570303+09:00,선릉역,선릉역,POI034,KEY_1,1220027703,선릉로,1220365800,삼성동 111-114,127.0443282632564745_37.5092606516299512,1220037901,선릉공원,127.0469965891165742_37.5071602068898287,337.0,5.0,정체,127.0469965891165742_37.5071602068898287|127.0457652914226543_37.5079213112726038|127.0457315935512526_37.5079411118796386|127.0453123945694074_37.5081874282568322|127.0450551787726425_37.5083692241713393|127.0448383445246918_37.5085748402795289|127.0446727771421109_37.5087520328191388|127.0446145508118008_37.5088143472007260|127.0444273773029806_37.5090709040483858|127.0443282632564745_37.5092606516299512
2026-09-04T18:34:05.570303+09:00,선릉역,선릉역,POI034,KEY_1,1220029003,봉은사로,1220334600,논현동 279-165,127.0429218607902868_37.5100587666423735,1220041804,선정릉역사거리,127.0437875852603753_37.5103204253317628,82.0,36.0,원활,127.0437875852603753_37.5103204253317628|127.0432838786139769_37.5101681847940256|127.0429218607902868_37.5100587666423735
2026-09-04T18:34:05.570303+09:00,선릉역,선릉역,POI034,KEY_1,1220030101,봉은사로,1220266300,삼성동 111-147,127.0456546467774217_37.5107534974710006,1220041802,선정릉역사거리,127.0439536961437739_37.5102544648311351,160.0,10.0,정체,127.0439536961437739_37.5102544648311351|127.0456546467774217_37.5107534974710006
2026-09-04T18:34:05.570303+09:00,선릉역,선릉역,POI034,KEY_1,1220031101,선릉로,1220264300,삼성동 111-114,127.0436559026359049_37.5110541949156300,1220041801,선정릉역사거리,127.0439150377636111_37.5103583429885745,81.0,15.0,서행,127.0439150377636111_37.5103583429885745|127.0436559026359049_37.5110541949156300
2026-09-04T18:34:05.570303+09:00,선릉역,선릉역,POI034,KEY_1,1220066400,선릉로85길,1220033802,역삼동 709-6,127.0449918128137057_37.5022563458516913,1220034404,진선여자고등학교,127.0485994425350498_37.5026948948454901,353.0,16.0,서행,127.0485994425350498_37.5026948948454901|127.0458864169672921_37.5018168749480054|127.0458443373064910_37.5018129468389816|127.0458437108576959_37.5018128883602913|127.0450049324684585_37.5022506870223040|127.0449918128137057_37.5022563458516913
2026-09-04T18:34:05.570303+09:00,선릉역,선릉역,POI034,KEY_1,1220069400,선릉로89길,1220035001,도시개발신문,127.0476361765401236_37.5032539819536694,1220035504,선릉역(서울2호선),127.0492928042660310_37.5037603648988949,157.0,6.0,정체,127.0492928042660310_37.5037603648988949|127.0476361765401236_37.5032539819536694
2026-09-04T18:34:05.570303+09:00,선릉역,선릉역,POI034,KEY_1,1220066900,언주로86길,1220034503,진선여자중학교,127.0476253937541600_37.5029148927015115,1220033802,역삼동 709-6,127.0449918128137057_37.5022563458516913,244.0,18.5,서행,127.0449918128137057_37.5022563458516913|127.0450373398494150_37.5022704805788649|127.0460858483811535_37.5025342023920842|127.0461241747767502_37.5025440418957388|127.0465088357584165_37.5026427947566461|127.0471586361461931_37.5028096126219666|127.0475001726865116_37.5028972907328964|127.0476253937541600_37.5029148927015115
2026-09-04T18:34:05.570303+09:00,선릉역,선릉역,POI034,KEY_1,1220067000,언주로86길,1220033801,역삼동 707-12,127.0448489661988987_37.5023280363648013,1220034504,진선여자중학교,127.0476018129394333_37.5030213687362988,255.0,11.0,정체,127.0476018129394333_37.5030213687362988|127.0474674171433094_37.5030024773813935|127.0471170126434259_37.5029125227694990|127.0464672114241012_37.5027457047571673|127.0460825499488777_37.5026469518089058|127.0460446065235516_37.5026372106288548|127.0449922237995821_37.5023725132399832|127.0448489661988987_37.5023280363648013
2026-09-04T18:34:05.570303+09:00,선릉역,선릉역,POI034,KEY_1,1220067100,테헤란로44길,1220425200,역삼동 706-28,127.0445594426699216_37.5025715799587829,1220034908,블랙베리박물관,127.0442936787205923_37.5030103853983761,54.0,22.0,서행,127.0442936787205923_37.5030103853983761|127.0444068427994182_37.5028586561034274|127.0445594426699216_37.5025715799587829
2026-09-04T18:34:05.570303+09:00,선릉역,선릉역,POI034,KEY_1,1220067200,테헤란로44길,1220425100,역삼동 805-14,127.0446844104283741_37.5026137429825184,1220033801,역삼동 707-12,127.0448489661988987_37.5023280363648013,35.0,9.0,정체,127.0448489661988987_37.5023280363648013|127.0448257245955972_37.5023478943872206|127.0446844104283741_37.5026137429825184
2026-09-04T18:34:05.570303+09:00,선릉역,선릉역,POI034,KEY_1,1220067300,역삼로63길,1220369600,대치동 899-17,127.0520617732479707_37.5022788964194831,1220035303,대치동 1011-19,127.0514857362790195_37.5034880610051431,144.0,12.0,정체,127.0514857362790195_37.5034880610051431|127.0520617732479707_37.5022788964194831
2026-09-04T18:34:05.570303+09:00,선릉역,선릉역,POI034,KEY_1,1220067700,테헤란로52길,1220034404,진선여자고등학교,127.0485994425350498_37.5026948948454901,1220034502,진선여자중학교,127.0477058613497690_37.5029198869641291,83.0,8.0,정체,127.0477058613497690_37.5029198869641291|127.0482637055277451_37.5027833474549865|127.0485650684316852_37.5027095837196143|127.0485994425350498_37.5026948948454901
2026-09-04T18:34:05.570303+09:00,선릉역,선릉역,POI034,KEY_1,1220067800,테헤란로52길,1220289300,역삼동 708-33,127.0483035617519079_37.5028867005181183,1220034401,진선여자고등학교,127.0487756743473824_37.5027422782434172,45.0,21.0,서행,127.0487756743473824_37.5027422782434172|127.0486175648109253_37.5028098431502173|127.0483035617519079_37.5028867005181183
2026-09-04T18:34:05.570303+09:00,선릉역,선릉역,POI034,KEY_1,1220068000,선릉로85길,1220034401,진선여자고등학교,127.0487756743473824_37.5027422782434172,1220034604,진선여고,127.0496481972099332_37.5029943484915336,83.0,19.5,서행,127.0496481972099332_37.5029943484915336|127.0488838028640259_37.5027428534322240|127.0487756743473824_37.5027422782434172
2026-09-04T18:34:05.570303+09:00,선릉역,선릉역,POI034,KEY_1,1220068400,테헤란로52길,1220034504,진선여자중학교,127.0476018129394333_37.5030213687362988,1220035003,도시개발신문,127.0475579221615732_37.5031154893994980,11.0,12.0,정체,127.0475579221615732_37.5031154893994980|127.0476018129394333_37.5030213687362988
2026-09-04T18:34:05.570303+09:00,선릉역,선릉역,POI034,KEY_1,1220068500,테헤란로52길,1220035002,도시개발신문,127.0476851392119499_37.5031531430107989,1220034501,진선여자중학교,127.0477457167723543_37.5030232397223813,15.0,17.0,서행,127.0477457167723543_37.5030232397223813|127.0476851392119499_37.5031531430107989
2026-09-04T18:34:05.570303+09:00,선릉역,선릉역,POI034,KEY_1,1220068600,선릉로86길,1220271900,대치동 1011-18,127.0502748335649130_37.5030853689336396,1220034602,진선여고,127.0498209559993370_37.5029344252388057,43.0,5.0,정체,127.0498209559993370_37.5029344252388057|127.0502748335649130_37.5030853689336396
2026-09-04T18:34:05.570303+09:00,선릉역,선릉역,POI034,KEY_1,1220068700,선릉로86길,1220272000,대치동 889-46,127.0502225545053534_37.5031851452885192,1220035304,대치동 1011-19,127.0514375857766964_37.5035892110017741,116.0,5.0,정체,127.0514375857766964_37.5035892110017741|127.0510727414042123_37.5034678816585227|127.0506832483399933_37.5033383536890739|127.0502225545053534_37.5031851452885192
2026-09-04T18:34:05.570303+09:00,선릉역,선릉역,POI034,KEY_1,1220069201,테헤란로43길,1220034905,국제섬유신문,127.0440100661521683_37.5035966744363876,1220035603,속성변화점,127.0438833453921603_37.5038704428559555,32.0,18.0,서행,127.0438833453921603_37.5038704428559555|127.0440100661521683_37.5035966744363876
2026-09-04T18:34:05.570303+09:00,선릉역,선릉역,POI034,KEY_1,1220069202,테헤란로43길,1220034909,블랙베리박물관,127.0442359817900950_37.5031085999901350,1220034904,국제섬유신문,127.0440570321479470_37.5034952082934012,46.0,11.5,정체,127.0440570321479470_37.5034952082934012|127.0442359817900950_37.5031085999901350
2026-09-04T18:34:05.570303+09:00,선릉역,선릉역,POI034,KEY_1,1220069301,테헤란로43길,1220034903,국제섬유신문,127.0441843649481370_37.5035326168648098,1220034906,블랙베리박물관,127.0443627780408065_37.5031471670482617,46.0,12.0,정체,127.0443627780408065_37.5031471670482617|127.0441843649481370_37.5035326168648098
2026-09-04T18:34:05.570303+09:00,선릉역,선릉역,POI034,KEY_1,1220069302,테헤란로43길,1220035602,이환빌딩,127.0440106778918334_37.5039078512403847,1220034902,국제섬유신문,127.0441373988766571_37.5036340831138304,32.0,20.0,서행,127.0441373988766571_37.5036340831138304|127.0440106778918334_37.5039078512403847
2026-09-04T18:34:05.570303+09:00,선릉역,선릉역,POI034,KEY_1,1220069500,테헤란로52길,1220035004,도시개발신문,127.0475102746900689_37.5032136202441109,1220035703,역삼동 804,127.0471670915627840_37.5038930671752482,81.0,12.5,정체,127.0471670915627840_37.5038930671752482|127.0475102746900689_37.5032136202441109
2026-09-04T18:34:05.570303+09:00,선릉역,선릉역,POI034,KEY_1,1220069600,테헤란로52길,1220035702,역삼동 804,127.0472942790560325_37.5039308877385196,1220035001,도시개발신문,127.0476361765401236_37.5032539819536694,81.0,11.5,정체,127.0476361765401236_37.5032539819536694|127.0472942790560325_37.5039308877385196
2026-09-04T18:34:05.570303+09:00,선릉역,선릉역,POI034,KEY_1,1220069900,선릉로86길,1220368500,대치동 896-8,127.0519565654232679_37.5036215470825738,1220035302,대치동 1011-19,127.0516171337999509_37.5035169501664427,32.0,5.0,정체,127.0516171337999509_37.5035169501664427|127.0516507264595560_37.5035213954269935|127.0519565654232679_37.5036215470825738
2026-09-04T18:34:05.570303+09:00,선릉역,선릉역,POI034,KEY_1,1220070000,선릉로86길,1220291800,대치동 1011-12,127.0536876429382716_37.5043052918240960,1220036204,롯데캐슬아파트,127.0557455057748939_37.5049791009656133,197.0,8.0,정체,127.0557455057748939_37.5049791009656133|127.0536876429382716_37.5043052918240960
2026-09-04T18:34:05.570303+09:00,선릉역,선릉역,POI034,KEY_1,1220070100,테헤란로64길,1220327000,대치동 890-49,127.0511666174652987_37.5044640143400940,1220035301,대치동 890-57,127.0515680449655349_37.5036200563672182,100.0,9.0,정체,127.0515680449655349_37.5036200563672182|127.0514128759260046_37.5039462849432255|127.0511666174652987_37.5044640143400940
2026-09-04T18:34:05.570303+09:00,선릉역,선릉역,POI034,KEY_1,1220070200,테헤란로64길,1220327100,대치동 1011-11,127.0510397087366101_37.5044257017429885,1220036303,월간부동산경제,127.0507602689269504_37.5049958100575296,68.0,7.0,정체,127.0507602689269504_37.5049958100575296|127.0508397863444259_37.5048460080051811|127.0510397087366101_37.5044257017429885
2026-09-04T18:34:05.570303+09:00,선릉역,선릉역,POI034,KEY_1,1220070300,선릉로93길,1220374900,역삼동 702-31,127.0452775257639217_37.5043015743408361,1220035602,이환빌딩,127.0440106778918334_37.5039078512403847,120.0,16.0,서행,127.0440106778918334_37.5039078512403847|127.0446181406134656_37.5040968150351475|127.0452456907805328_37.5042920231553651|127.0452775257639217_37.5043015743408361
2026-09-04T18:34:05.570303+09:00,선릉역,선릉역,POI034,KEY_1,1220070400,선릉로93길,1220374800,역삼동 802-37,127.0452296953085209_37.5044027582226391,1220036104,우리빌딩,127.0467047231793600_37.5048452859594335,139.0,16.0,서행,127.0467047231793600_37.5048452859594335|127.0452296953085209_37.5044027582226391
2026-09-04T18:34:05.570303+09:00,선릉역,선릉역,POI034,KEY_1,1220070500,언주로94길,1220035603,속성변화점,127.0438833453921603_37.5038704428559555,1220035802,센터필드EAST,127.0421318287953625_37.5041808866634341,184.0,15.0,서행,127.0421318287953625_37.5041808866634341|127.0426856690897637_37.5043235110338884|127.0428279173818282_37.5043501211974117|127.0429646936048016_37.5043500715293163|127.0436734217523451_37.5042155266854564|127.0437402751845042_37.5041595513156381|127.0438359819385852_37.5039686758785251|127.0438833453921603_37.5038704428559555
2026-09-04T18:34:05.570303+09:00,선릉역,선릉역,POI034,KEY_1,1220070600,언주로94길,1220406900,역삼동 700-38,127.0429923173944360_37.5044559753481082,1220035601,이환빌딩,127.0439620134067269_37.5040087840446006,108.0,10.0,정체,127.0439620134067269_37.5040087840446006|127.0438566121118811_37.5042189961629546|127.0437440122160382_37.5043132731677531|127.0429923173944360_37.5044559753481082
2026-09-04T18:34:05.570303+09:00,선릉역,선릉역,POI034,KEY_1,1220070700,테헤란로51길,1220035704,역삼동 804,127.0471173294836689_37.5039936601345545,1220036103,우리빌딩,127.0467535949327811_37.5047444149913147,89.0,8.3,정체,127.0467535949327811_37.5047444149913147|127.0468396453975544_37.5045668067024280|127.0471173294836689_37.5039936601345545
2026-09-04T18:34:05.570303+09:00,선릉역,선릉역,POI034,KEY_1,1220070800,테헤란로51길,1220323800,역삼동 705-31,127.0469662568829392_37.5046057396921384,1220035701,역삼동 804,127.0472444652040593_37.5040315100491171,68.0,10.0,정체,127.0472444652040593_37.5040315100491171|127.0469662568829392_37.5046057396921384
2026-09-04T18:34:05.570303+09:00,선릉역,선릉역,POI034,KEY_1,1220071100,삼성로85길,1220036503,이비스스타일앰배서더서울강남,127.0573585733390729_37.5053724936751181,1220036202,롯데캐슬아파트,127.0559213381150556_37.5049190420530891,137.0,5.0,정체,127.0559213381150556_37.5049190420530891|127.0573585733390729_37.5053724936751181
2026-09-04T18:34:05.570303+09:00,선릉역,선릉역,POI034,KEY_1,1220071200,삼성로85길,1220036201,롯데캐슬아파트,127.0558713656280361_37.5050195657570598,1220036504,이비스스타일앰배서더서울강남,127.0573055376119243_37.5054720518562945,136.0,11.0,정체,127.0573055376119243_37.5054720518562945|127.0558713656280361_37.5050195657570598
2026-09-04T18:34:05.570303+09:00,선릉역,선릉역,POI034,KEY_1,1220071300,선릉로93길,1220036703,선릉역(수인분당선),127.0484330543986573_37.5055999334302470,1220036102,우리빌딩,127.0468696615953377_37.5048051128072615,169.0,5.0,정체,127.0468696615953377_37.5048051128072615|127.0472577382230241_37.5052092417498173|127.0475341574507979_37.5053011288221043|127.0479304710487156_37.5054328695665120|127.0484330543986573_37.5055999334302470
2026-09-04T18:34:05.570303+09:00,선릉역,선릉역,POI034,KEY_1,1220071400,선릉로93길,1220335200,역삼동 696-45,127.0478782088464129_37.5055326522576777,1220036704,선릉역(수인분당선),127.0483821896187351_37.5057001806225543,48.0,15.0,서행,127.0483821896187351_37.5057001806225543|127.0478782088464129_37.5055326522576777
2026-09-04T18:34:05.570303+09:00,선릉역,선릉역,POI034,KEY_1,1220071500,테헤란로78길,1220268600,대치동 1011-6,127.0553089900937067_37.5058177697578614,1220037203,포스코미술관,127.0550468873825025_37.5063213325861398,61.0,6.0,정체,127.0550468873825025_37.5063213325861398|127.0553089900937067_37.5058177697578614
2026-09-04T18:34:05.570303+09:00,선릉역,선릉역,POI034,KEY_1,1220071600,테헤란로78길,1220037202,포스코미술관,127.0551734722876205_37.5063604107458772,1220036201,롯데캐슬아파트,127.0558713656280361_37.5050195657570598,161.0,4.0,정체,127.0558713656280361_37.5050195657570598|127.0556616943434847_37.5054224074410030|127.0554343582095669_37.5058591832844215|127.0551734722876205_37.5063604107458772
2026-09-04T18:34:05.570303+09:00,선릉역,선릉역,POI034,KEY_1,1220071700,테헤란로63길,1220423600,삼성동 172-98,127.0503997460840679_37.5057459597834253,1220037103,삼성동빌딩,127.0501931847878154_37.5061595041217970,49.0,12.0,정체,127.0501931847878154_37.5061595041217970|127.0502410686189307_37.5060786113238365|127.0503997460840679_37.5057459597834253
2026-09-04T18:34:05.570303+09:00,선릉역,선릉역,POI034,KEY_1,1220071800,테헤란로63길,1220423500,삼성동 142-5,127.0505266121239316_37.5057843667848871,1220036301,월간부동산경제,127.0508357905731600_37.5051361926111113,77.0,16.0,서행,127.0508357905731600_37.5051361926111113|127.0505266121239316_37.5057843667848871
2026-09-04T18:34:05.570303+09:00,선릉역,선릉역,POI034,KEY_1,1220071900,선릉로94길,1220037103,삼성동빌딩,127.0501931847878154_37.5061595041217970,1220036702,선릉역(수인분당선),127.0485587670993652_37.5056408010745486,156.0,17.0,서행,127.0485587670993652_37.5056408010745486|127.0490621091166048_37.5058005461863644|127.0501931847878154_37.5061595041217970
2026-09-04T18:34:05.570303+09:00,선릉역,선릉역,POI034,KEY_1,1220072000,선릉로94길,1220036701,선릉역(수인분당선),127.0485078851592107_37.5057410376844658,1220037104,삼성동빌딩,127.0501601069988027_37.5062653907136010,157.0,6.0,정체,127.0501601069988027_37.5062653907136010|127.0490118813641089_37.5059009903445002|127.0485078851592107_37.5057410376844658
2026-09-04T18:34:05.570303+09:00,선릉역,선릉역,POI034,KEY_1,1220072100,테헤란로69길,1220036804,KTF타워,127.0528495126162909_37.5057573699263784,1220037603,삼성동 172-89,127.0522708430014944_37.5069035359184255,137.0,9.0,정체,127.0522708430014944_37.5069035359184255|127.0524230958238974_37.5066019737352079|127.0526102703543501_37.5062312396574242|127.0528495126162909_37.5057573699263784
2026-09-04T18:34:05.570303+09:00,선릉역,선릉역,POI034,KEY_1,1220072200,테헤란로69길,1220345500,삼성동 172-99,127.0527361859108169_37.5062715853546678,1220036801,KTF타워,127.0529760573716800_37.5057964677758875,57.0,13.0,정체,127.0529760573716800_37.5057964677758875|127.0527361859108169_37.5062715853546678
2026-09-04T18:34:05.570303+09:00,선릉역,선릉역,POI034,KEY_1,1220072700,테헤란로63길,1220037104,삼성동빌딩,127.0501601069988027_37.5062653907136010,1220037303,정든빌딩,127.0501680356160392_37.5067325970078258,52.0,14.0,정체,127.0501680356160392_37.5067325970078258|127.0501601069988027_37.5062653907136010
2026-09-04T18:34:05.570303+09:00,선릉역,선릉역,POI034,KEY_1,1220072800,테헤란로63길,1220037302,정든빌딩,127.0503036864279096_37.5067277996371189,1220037101,삼성동빌딩,127.0502958135916458_37.5062639290552582,51.0,13.0,정체,127.0502958135916458_37.5062639290552582|127.0503036864279096_37.5067277996371189
2026-09-04T18:34:05.570303+09:00,선릉역,선릉역,POI034,KEY_1,1220073500,선릉로100길,1220369700,삼성동 172-89,127.0515841885179213_37.5067796298796594,1220037302,정든빌딩,127.0503036864279096_37.5067277996371189,113.0,8.0,정체,127.0503036864279096_37.5067277996371189|127.0515841885179213_37.5067796298796594
2026-09-04T18:34:05.570303+09:00,선릉역,선릉역,POI034,KEY_1,1220073600,선릉로100길,1220037301,정든빌딩,127.0502967986549976_37.5068357808075135,1220037604,삼성동 172-89,127.0522091422740658_37.5069998373663793,171.0,23.0,서행,127.0522091422740658_37.5069998373663793|127.0520785711498206_37.5069467447646474|127.0518857869076896_37.5069000953744691|127.0515773025849029_37.5068876111003817|127.0502967986549976_37.5068357808075135
2026-09-04T18:34:05.570303+09:00,선릉역,선릉역,POI034,KEY_1,1220073700,선릉로100길,1220419800,삼성동 172-88,127.0489998316540294_37.5068690014972219,1220037902,선릉공원,127.0471720593799319_37.5070534520707710,163.0,22.0,서행,127.0471720593799319_37.5070534520707710|127.0474044325196132_37.5070552676544722|127.0489998316540294_37.5068690014972219
2026-09-04T18:34:05.570303+09:00,선릉역,선릉역,POI034,KEY_1,1220073800,선릉로100길,1220037901,선릉공원,127.0469965891165742_37.5071602068898287,1220037304,정든빌딩,127.0501877186652990_37.5068395748828394,285.0,18.0,서행,127.0501877186652990_37.5068395748828394|127.0490195130558817_37.5069759794436237|127.0474136620712926_37.5071634656356494|127.0469965891165742_37.5071602068898287
2026-09-04T18:34:05.570303+09:00,선릉역,선릉역,POI034,KEY_1,1220074600,삼성로95길,1220038503,마루빌딩,127.0534532547879820_37.5074151103447733,1220037602,삼성동 172-89,127.0523915908889165_37.5069541192693592,107.0,8.0,정체,127.0523915908889165_37.5069541192693592|127.0534532547879820_37.5074151103447733
2026-09-04T18:34:05.570303+09:00,선릉역,선릉역,POI034,KEY_1,1220075600,삼성로95길,1220406500,삼성동 172-90,127.0542714833571409_37.5077257788648311,1220038502,마루빌딩,127.0535960100787065_37.5074744096809738,66.0,6.0,정체,127.0535960100787065_37.5074744096809738|127.0540234447238248_37.5076262489432253|127.0542714833571409_37.5077257788648311
2026-09-04T18:34:05.570303+09:00,선릉역,선릉역,POI034,KEY_1,1220078300,봉은사로68길,1220392700,삼성동 172-73,127.0530668262036471_37.5086067783565937,1220038501,마루빌딩,127.0536095457558048_37.5075976007268892,126.0,24.0,서행,127.0536095457558048_37.5075976007268892|127.0536270441107263_37.5077568563279229|127.0536175999609867_37.5078783512049867|127.0536010378548042_37.5079533619661234|127.0532756349020502_37.5083408529318518|127.0530933339902475_37.5085844180251726|127.0530668262036471_37.5086067783565937
2026-09-04T18:34:05.570303+09:00,선릉역,선릉역,POI034,KEY_1,1220330700,테헤란로43길,1220034105,르네상스호텔교차로,127.0435597867368074_37.5029050914540534,1220034905,국제섬유신문,127.0440100661521683_37.5035966744363876,122.0,7.0,정체,127.0440100661521683_37.5035966744363876|127.0436463251092079_37.5034967442712031|127.0433326699137950_37.5034026470018773|127.0435597867368074_37.5029050914540534
2026-09-04T18:34:05.570303+09:00,선릉역,선릉역,POI034,KEY_1,1220330800,테헤란로43길,1220034904,국제섬유신문,127.0440570321479470_37.5034952082934012,1220034102,르네상스호텔교차로,127.0436867528111975_37.5029433037034892,98.0,6.0,정체,127.0436867528111975_37.5029433037034892|127.0435060706377044_37.5033391353576278|127.0436923689629509_37.5033950244486789|127.0440570321479470_37.5034952082934012
2026-09-04T18:34:05.570303+09:00,성신여대입구역,성신여대입구역,POI035,KEY_2,1070005902,고려대로7길,1070009903,동선동2가 2-12,127.0176192672884525_37.5897727856347075,1070010303,하늘다리(동측),127.0169126278614584_37.5903777968666262,92.0,7.0,정체,127.0169126278614584_37.5903777968666262|127.0169401511210765_37.5903235362831509|127.0170002694840861_37.5902430465021453|127.0176192672884525_37.5897727856347075
2026-09-04T18:34:05.570303+09:00,성신여대입구역,성신여대입구역,POI035,KEY_2,1070006002,고려대로7길,1070010302,하늘다리(동측),127.0170394750946059_37.5904165844383797,1070009904,동선동2가 2-12,127.0177130914113519_37.5898509870969306,87.0,5.0,정체,127.0177130914113519_37.5898509870969306|127.0171075576426318_37.5903110198803319|127.0170622572597949_37.5903716704267481|127.0170394750946059_37.5904165844383797
2026-09-04T18:34:05.570303+09:00,성신여대입구역,성신여대입구역,POI035,KEY_2,1070006502,보문로34길,1070010201,하늘다리(서측),127.0165586656954559_37.5903884913356379,1070010304,하늘다리(동측),127.0168751057147887_37.5904820436575946,30.0,16.0,서행,127.0168751057147887_37.5904820436575946|127.0165586656954559_37.5903884913356379
2026-09-04T18:34:05.570303+09:00,성신여대입구역,성신여대입구역,POI035,KEY_2,1070006602,보문로34길,1070010303,하늘다리(동측),127.0169126278614584_37.5903777968666262,1070010202,하늘다리(서측),127.0166059853883098_37.5902871410901014,29.0,4.0,정체,127.0166059853883098_37.5902871410901014|127.0169126278614584_37.5903777968666262
2026-09-04T18:34:05.570303+09:00,성신여대입구역,성신여대입구역,POI035,KEY_2,1070007000,보문로34길,1070178200,동선동2가 10-1,127.0184456420819572_37.5908604765532530,1070010302,하늘다리(동측),127.0170394750946059_37.5904165844383797,134.0,14.5,정체,127.0170394750946059_37.5904165844383797|127.0184456420819572_37.5908604765532530
2026-09-04T18:34:05.570303+09:00,성신여대입구역,성신여대입구역,POI035,KEY_2,1070007101,동소문로20길,1070010304,하늘다리(동측),127.0168751057147887_37.5904820436575946,1070010403,성신여대입구역(우이신설경전철),127.0167328226829540_37.5911976949289937,80.0,6.0,정체,127.0167328226829540_37.5911976949289937|127.0168015831991823_37.5908518469217512|127.0168751057147887_37.5904820436575946
2026-09-04T18:34:05.570303+09:00,성신여대입구역,성신여대입구역,POI035,KEY_2,1070007102,동소문로20길,1070189800,동소문동5가 65-6,127.0165453469041097_37.5921183733808775,1070011403,성신여대입구역사거리,127.0164391257461887_37.5926067210998767,55.0,8.5,정체,127.0164391257461887_37.5926067210998767|127.0165453469041097_37.5921183733808775
2026-09-04T18:34:05.570303+09:00,성신여대입구역,성신여대입구역,POI035,KEY_2,1070007201,동소문로20길,1070217800,동선동1가 5-1,127.0169357870388751_37.5908687418819838,1070010301,하늘다리(동측),127.0170047370346680_37.5905219344376036,39.0,4.0,정체,127.0170047370346680_37.5905219344376036|127.0169357870388751_37.5908687418819838
2026-09-04T18:34:05.570303+09:00,성신여대입구역,성신여대입구역,POI035,KEY_2,1070007702,동소문로,1070191300,동소문동6가 10-2,127.0145774605457092_37.5924002821867944,1070011204,성신여대입구역,127.0157407964704248_37.5925412837108297,104.0,22.0,서행,127.0157407964704248_37.5925412837108297|127.0155688164207959_37.5925158470959602|127.0152429599720847_37.5924762180501730|127.0150037964714045_37.5924587492791531|127.0148577137105974_37.5924431614350354|127.0147441962490404_37.5924270782359216|127.0145774605457092_37.5924002821867944
2026-09-04T18:34:05.570303+09:00,성신여대입구역,성신여대입구역,POI035,KEY_2,1070007703,동소문로,1070011201,성신여대입구역,127.0158752935630702_37.5925635166821124,1070011404,성신여대입구역사거리,127.0164161787219967_37.5927162489956643,51.0,11.0,정체,127.0164161787219967_37.5927162489956643|127.0161741705460230_37.5926359517155646|127.0159856262325775_37.5925831927881262|127.0158752935630702_37.5925635166821124
2026-09-04T18:34:05.570303+09:00,성신여대입구역,성신여대입구역,POI035,KEY_2,1070007801,동소문로,1070011003,동소문동5가 54-1,127.0148815318724047_37.5923367166396858,1070010802,성북구청입구교차로,127.0133127718712700_37.5917960363692458,152.0,16.0,서행,127.0133127718712700_37.5917960363692458|127.0139621904980771_37.5920947289044349|127.0141232416506938_37.5921587812784352|127.0141441991609810_37.5921671163592848|127.0143532692258077_37.5922299974821783|127.0146050805432481_37.5922944190553423|127.0147695578757663_37.5923208517137724|127.0148815318724047_37.5923367166396858
2026-09-04T18:34:05.570303+09:00,성신여대입구역,성신여대입구역,POI035,KEY_2,1070007802,동소문로,1070011403,성신여대입구역사거리,127.0164391257461887_37.5926067210998767,1070011002,동소문동5가 65-1,127.0150162167295349_37.5923510826165099,130.0,9.0,정체,127.0150162167295349_37.5923510826165099|127.0152594491616185_37.5923688483093557|127.0155915012157806_37.5924092315234120|127.0157656264955506_37.5924349850518809|127.0159050086856922_37.5924580145421103|127.0160231508369577_37.5924790834847826|127.0162228939912552_37.5925349762665917|127.0164391257461887_37.5926067210998767
2026-09-04T18:34:05.570303+09:00,성신여대입구역,성신여대입구역,POI035,KEY_2,1070008600,동소문로,1070217600,동선동1가 101-1,127.0173731193807072_37.5930450746463052,1070011402,성신여대입구역사거리,127.0165670307477939_37.5926526509804191,84.0,7.0,정체,127.0165670307477939_37.5926526509804191|127.0168368755280710_37.5927622646081758|127.0170626909825984_37.5928666328168575|127.0172973428945937_37.5929975253992126|127.0173731193807072_37.5930450746463052
2026-09-04T18:34:05.570303+09:00,성신여대입구역,성신여대입구역,POI035,KEY_2,1070009501,아리랑로,1070011404,성신여대입구역사거리,127.0164161787219967_37.5927162489956643,1070011903,성신여대입구역(서울4호선),127.0163070681390423_37.5932706597657145,62.0,8.0,정체,127.0163070681390423_37.5932706597657145|127.0164161787219967_37.5927162489956643
2026-09-04T18:34:05.570303+09:00,성신여대입구역,성신여대입구역,POI035,KEY_2,1070009502,아리랑로,1070152500,동소문동6가 200-1,127.0161022456183559_37.5942459627278893,1070013303,흥천사입구,127.0153444563614613_37.5964186545611980,252.0,23.0,서행,127.0153444563614613_37.5964186545611980|127.0158188667783890_37.5955277742552951|127.0158434474531646_37.5954639148354701|127.0158506544361643_37.5954451914158199|127.0160294984277414_37.5945904614207151|127.0161022456183559_37.5942459627278893
2026-09-04T18:34:05.570303+09:00,성신여대입구역,성신여대입구역,POI035,KEY_2,1070009601,아리랑로,1070152400,동선동4가 62-1,127.0162362461145733_37.5942638784102030,1070011401,성신여대입구역사거리,127.0165441646656461_37.5927647547090160,169.0,9.0,정체,127.0165441646656461_37.5927647547090160|127.0164413089041631_37.5932873874350264|127.0164179583282191_37.5934033471139699|127.0163543209479826_37.5937047158219642|127.0162362461145733_37.5942638784102030
2026-09-04T18:34:05.570303+09:00,성신여대입구역,성신여대입구역,POI035,KEY_2,1070026500,동소문로,1070181400,동소문동5가 118-1,127.0160530935796004_37.5912416782053072,1070010903,동일하이빌아파트,127.0149594233561601_37.5919301839374782,155.0,6.0,정체,127.0149594233561601_37.5919301839374782|127.0150138337729260_37.5916857225979797|127.0150919169856820_37.5913348985611790|127.0151619182899196_37.5912762458128924|127.0153666425906778_37.5912860924097174|127.0160530935796004_37.5912416782053072
2026-09-04T18:34:05.570303+09:00,성신여대입구역,성신여대입구역,POI035,KEY_2,1070026600,동소문로,1070181500,동소문동5가 118-1,127.0160641056095443_37.5913494417794638,1070010404,성신여대입구역(우이신설경전철),127.0167106452625632_37.5913076060878240,57.0,20.0,서행,127.0167106452625632_37.5913076060878240|127.0160641056095443_37.5913494417794638
2026-09-04T18:34:05.570303+09:00,성신여대입구역,성신여대입구역,POI035,KEY_2,1070026800,보문로40길,1070010903,동일하이빌아파트,127.0149594233561601_37.5919301839374782,1070010602,성북구청입구,127.0135671858635504_37.5915271608862156,131.0,18.0,서행,127.0135671858635504_37.5915271608862156|127.0147074627602990_37.5918996231696596|127.0147774769798161_37.5919135419600607|127.0149594233561601_37.5919301839374782
2026-09-04T18:34:05.570303+09:00,성신여대입구역,성신여대입구역,POI035,KEY_2,1070026900,보문로40길,1070010601,성북구청입구,127.0134721138476550_37.5916129798123109,1070010904,동일하이빌아파트,127.0149376262676526_37.5920370213863748,138.0,18.0,서행,127.0149376262676526_37.5920370213863748|127.0147531482231074_37.5920201476797970|127.0146649758462445_37.5920026190555703|127.0134721138476550_37.5916129798123109
2026-09-04T18:34:05.570303+09:00,성신여대입구역,성신여대입구역,POI035,KEY_2,1070027000,동소문로,1070010904,동일하이빌아파트,127.0149376262676526_37.5920370213863748,1070011003,동소문동5가 54-1,127.0148815318724047_37.5923367166396858,34.0,26.0,원활,127.0148815318724047_37.5923367166396858|127.0149376262676526_37.5920370213863748
2026-09-04T18:34:05.570303+09:00,성신여대입구역,성신여대입구역,POI035,KEY_2,1070027100,동소문로,1070011002,동소문동5가 65-1,127.0150162167295349_37.5923510826165099,1070010901,동일하이빌아파트,127.0150720184948625_37.5920529485815251,33.0,4.0,정체,127.0150720184948625_37.5920529485815251|127.0150162167295349_37.5923510826165099
2026-09-04T18:34:05.570303+09:00,성신여대입구역,성신여대입구역,POI035,KEY_2,1070028700,아리랑로,1070208700,동소문동6가 140-1,127.0157330995905625_37.5927917752668392,1070011904,성신여대입구역(서울4호선),127.0162839594818251_37.5933854316600673,87.0,7.0,정체,127.0162839594818251_37.5933854316600673|127.0159785893586246_37.5932414953664633|127.0158756041946901_37.5931682919617316|127.0157419765480853_37.5928464458237670|127.0157330995905625_37.5927917752668392
2026-09-04T18:34:05.570303+09:00,수유역,수유역,POI036,KEY_3,1080009302,도봉로,1080156300,수유동 140,127.0250179650912514_37.6375154509010059,1080016103,수유역앞교차로,127.0255162867766927_37.6379771983937559,68.0,21.0,서행,127.0255162867766927_37.6379771983937559|127.0250179650912514_37.6375154509010059
2026-09-04T18:34:05.570303+09:00,수유역,수유역,POI036,KEY_3,1080009402,도봉로,1080073400,번동 386-16,127.0242352713134437_37.6366200409223595,1080015201,수유시외버스정류소,127.0237672815486718_37.6361757911882933,64.0,10.0,정체,127.0237672815486718_37.6361757911882933|127.0242352713134437_37.6366200409223595
2026-09-04T18:34:05.570303+09:00,수유역,수유역,POI036,KEY_3,1080008000,도봉로,1080015202,수유시외버스정류소,127.0236831694384279_37.6360907804609113,1080014201,수유사거리,127.0233556679664844_37.6347442902930567,157.0,13.0,정체,127.0233556679664844_37.6347442902930567|127.0233018635561280_37.6352888705356889|127.0233175543222046_37.6354070103498799|127.0233430823840308_37.6355173868229684|127.0233955533373802_37.6356355217398075|127.0234453674785868_37.6357565952720634|127.0235352966461022_37.6359041479519192|127.0236251021237166_37.6360284821932822|127.0236831694384279_37.6360907804609113
2026-09-04T18:34:05.570303+09:00,수유역,수유역,POI036,KEY_3,1080008602,도봉로82길,1080226000,번동 391,127.0241644936939878_37.6357696032203535,1080015202,수유시외버스정류소,127.0236831694384279_37.6360907804609113,55.0,12.0,정체,127.0236831694384279_37.6360907804609113|127.0241644936939878_37.6357696032203535
2026-09-04T18:34:05.570303+09:00,수유역,수유역,POI036,KEY_3,1080009103,오패산로,1080158500,번동 386-16,127.0260853604169284_37.6375944430184219,1080016102,수유역앞교차로,127.0256194588501444_37.6379067843667983,54.0,19.3,서행,127.0256194588501444_37.6379067843667983|127.0260853604169284_37.6375944430184219
2026-09-04T18:34:05.570303+09:00,수유역,수유역,POI036,KEY_3,1080009301,도봉로,1080002901,번동 386-16,127.0231664465426604_37.6352899337358835,1080015203,수유시외버스정류소,127.0235736061376599_37.6361550867126198,104.0,20.0,서행,127.0235736061376599_37.6361550867126198|127.0235111603072085_37.6360878005974442|127.0234150337191750_37.6359547144529927|127.0233190142585045_37.6357971691573283|127.0232668329031753_37.6356703423469057|127.0232113146315527_37.6355453442665109|127.0231828133108536_37.6354221130901792|127.0231664465426604_37.6352899337358835
2026-09-04T18:34:05.570303+09:00,수유역,수유역,POI036,KEY_3,1080009703,한천로,1080016003,번동 386-16,127.0299779896407841_37.6378716339951396,1080016402,강북웨딩홀,127.0282279267782144_37.6390089170082121,199.0,20.0,서행,127.0282279267782144_37.6390089170082121|127.0299779896407841_37.6378716339951396
2026-09-04T18:34:05.570303+09:00,수유역,수유역,POI036,KEY_3,1080009704,한천로,1080016403,강북웨딩홀,127.0281210425953446_37.6390791820698425,1080003302,강북구청사거리,127.0273999361081678_37.6395569047145599,83.0,25.0,원활,127.0273999361081678_37.6395569047145599|127.0278033307742049_37.6392896628693592|127.0281210425953446_37.6390791820698425
2026-09-04T18:34:05.570303+09:00,수유역,수유역,POI036,KEY_3,1080009802,한천로,1080016401,강북웨딩홀,127.0283249364074294_37.6390855039041270,1080016004,번동 386-16,127.0300640215044723_37.6379553522579826,198.0,19.0,서행,127.0300640215044723_37.6379553522579826|127.0283249364074294_37.6390855039041270
2026-09-04T18:34:05.570303+09:00,수유역,수유역,POI036,KEY_3,1080009803,한천로,1080151700,번동 386-16,127.0278903554192169_37.6393727312907700,1080016404,강북웨딩홀,127.0282200410424593_37.6391543174096554,38.0,7.0,정체,127.0282200410424593_37.6391543174096554|127.0278903554192169_37.6393727312907700
2026-09-04T18:34:05.570303+09:00,수유역,수유역,POI036,KEY_3,1080009900,도봉로,1080047000,수유동 140,127.0270207603614807_37.6393715289835100,1080003303,강북구청사거리,127.0272963919230165_37.6396269755500938,37.0,14.0,정체,127.0272963919230165_37.6396269755500938|127.0270207603614807_37.6393715289835100
2026-09-04T18:34:05.570303+09:00,수유역,수유역,POI036,KEY_3,1080010000,도봉로,1080003302,강북구청사거리,127.0273999361081678_37.6395569047145599,1080016101,수유역앞교차로,127.0257080007585841_37.6379888370540669,229.0,13.0,정체,127.0257080007585841_37.6379888370540669|127.0271239431816923_37.6393011235957502|127.0273999361081678_37.6395569047145599
2026-09-04T18:34:05.570303+09:00,수유역,수유역,POI036,KEY_3,1080010301,노해로,1080002901,번동 386-16,127.0231664465426604_37.6352899337358835,1080015303,수유사거리,127.0229982580287214_37.6361886528113985,101.0,3.0,정체,127.0229982580287214_37.6361886528113985|127.0230491409070765_37.6360140073621778|127.0230954897363063_37.6356468837192679|127.0231628676230997_37.6354251713480110|127.0231664465426604_37.6352899337358835
2026-09-04T18:34:05.570303+09:00,수유역,수유역,POI036,KEY_3,1080010302,노해로,1080015304,수유사거리,127.0229876277383028_37.6362964481573314,1080015903,한성빌딩,127.0228494863499407_37.6376972279147566,156.0,13.0,정체,127.0228494863499407_37.6376972279147566|127.0229876277383028_37.6362964481573314
2026-09-04T18:34:05.570303+09:00,수유역,수유역,POI036,KEY_3,1080010303,노해로,1080075700,수유동 140,127.0224197979474923_37.6413919672375812,1080016903,광산사거리,127.0222951825581958_37.6424932997948360,123.0,22.0,서행,127.0222951825581958_37.6424932997948360|127.0223303549133078_37.6421824549928701|127.0223878024834789_37.6416747415900090|127.0224197979474923_37.6413919672375812
2026-09-04T18:34:05.570303+09:00,수유역,수유역,POI036,KEY_3,1080010304,노해로,1080016904,광산사거리,127.0222815961850955_37.6426152684026505,1080017403,광산사거리,127.0222565141699675_37.6432080577765262,66.0,27.3,원활,127.0222565141699675_37.6432080577765262|127.0222415900239241_37.6431089181549936|127.0222383652308054_37.6430211692069321|127.0222815961850955_37.6426152684026505
2026-09-04T18:34:05.570303+09:00,수유역,수유역,POI036,KEY_3,1080010402,노해로,1080015902,한성빌딩,127.0229850488410364_37.6377056824230678,1080015301,수유사거리,127.0231238772314271_37.6363035834235546,156.0,16.0,서행,127.0231238772314271_37.6363035834235546|127.0229850488410364_37.6377056824230678
2026-09-04T18:34:05.570303+09:00,수유역,수유역,POI036,KEY_3,1080010403,노해로,1080128200,수유동 140,127.0229199583416033_37.6382534900182861,1080015901,한성빌딩,127.0229732198363592_37.6378134096389871,49.0,16.3,서행,127.0229732198363592_37.6378134096389871|127.0229199583416033_37.6382534900182861
2026-09-04T18:34:05.570303+09:00,수유역,수유역,POI036,KEY_3,1080010404,노해로,1080017402,광산사거리,127.0223798519249527_37.6431177142399491,1080016901,광산사거리,127.0224170781558968_37.6426243925686279,55.0,12.0,정체,127.0224170781558968_37.6426243925686279|127.0223744999869666_37.6430241617647852|127.0223773205328683_37.6431008980557209|127.0223798519249527_37.6431177142399491
2026-09-04T18:34:05.570303+09:00,수유역,수유역,POI036,KEY_3,1080010900,삼각산로,1080116900,수유동 140,127.0213634369372357_37.6419126554108203,1080016904,광산사거리,127.0222815961850955_37.6426152684026505,113.0,13.0,정체,127.0222815961850955_37.6426152684026505|127.0221156936451194_37.6425294098279721|127.0217836952744790_37.6422534289198722|127.0217078661471390_37.6421919419448017|127.0215164280236877_37.6420367113308743|127.0213634369372357_37.6419126554108203
2026-09-04T18:34:05.570303+09:00,수유역,수유역,POI036,KEY_3,1080011101,한천로,1080003303,강북구청사거리,127.0272963919230165_37.6396269755500938,1080016602,쌍문시장,127.0266863981054115_37.6400485444776081,71.0,4.0,정체,127.0266863981054115_37.6400485444776081|127.0269422583467929_37.6398717195093795|127.0272963919230165_37.6396269755500938
2026-09-04T18:34:05.570303+09:00,수유역,수유역,POI036,KEY_3,1080011104,한천로,1080115800,수유동 140,127.0232223773573992_37.6425073065817628,1080017402,광산사거리,127.0223798519249527_37.6431177142399491,101.0,14.0,정체,127.0223798519249527_37.6431177142399491|127.0226468883839317_37.6429218971916342|127.0227483095569170_37.6428482628419303|127.0232223773573992_37.6425073065817628
2026-09-04T18:34:05.570303+09:00,수유역,수유역,POI036,KEY_3,1080011201,한천로,1080110500,수유동 140,127.0270314454666050_37.6399533258760783,1080003304,강북구청사거리,127.0273850195992651_37.6397089683551442,41.0,5.0,정체,127.0273850195992651_37.6397089683551442|127.0270314454666050_37.6399533258760783
2026-09-04T18:34:05.570303+09:00,수유역,수유역,POI036,KEY_3,1080011202,한천로,1080112100,수유동 140,127.0252466462093679_37.6411988384507481,1080016604,쌍문시장,127.0266738125599062_37.6402009050989221,168.0,6.0,정체,127.0266738125599062_37.6402009050989221|127.0263045023562682_37.6404591461986371|127.0252466462093679_37.6411988384507481
2026-09-04T18:34:05.570303+09:00,수유역,수유역,POI036,KEY_3,1080011203,한천로,1080017401,광산사거리,127.0224184143844752_37.6432365102794435,1080017204,광산사거리,127.0227390640422271_37.6430013781192727,38.0,7.0,정체,127.0227390640422271_37.6430013781192727|127.0224184143844752_37.6432365102794435
2026-09-04T18:34:05.570303+09:00,수유역,수유역,POI036,KEY_3,1080011301,도봉로,1080060100,수유동 140,127.0306004514326617_37.6426841969638559,1080017102,강북구-도봉구,127.0308257491886792_37.6428931106192053,31.0,11.0,정체,127.0308257491886792_37.6428931106192053|127.0306004514326617_37.6426841969638559
2026-09-04T18:34:05.570303+09:00,수유역,수유역,POI036,KEY_3,1080011401,도봉로,1080148000,번동 386-16,127.0288995422619678_37.6409419521947370,1080003301,강북구청사거리,127.0274885730155745_37.6396389056824674,191.0,15.5,서행,127.0274885730155745_37.6396389056824674|127.0286952516696459_37.6407532913383776|127.0288995422619678_37.6409419521947370
2026-09-04T18:34:05.570303+09:00,수유역,수유역,POI036,KEY_3,1080011701,한천로150길,1080017204,광산사거리,127.0227390640422271_37.6430013781192727,1080017603,수유동 147,127.0234399674013446_37.6435776119042629,89.0,12.0,정체,127.0234399674013446_37.6435776119042629|127.0230342462796358_37.6432440579369043|127.0227390640422271_37.6430013781192727
2026-09-04T18:34:05.570303+09:00,수유역,수유역,POI036,KEY_3,1080011702,한천로150길,1080067100,수유동 694-1,127.0270426136358566_37.6449180881712522,1080018002,강북구-도봉구,127.0274281234246558_37.6451501418039811,43.0,20.3,서행,127.0274281234246558_37.6451501418039811|127.0270788313504369_37.6449493887403364|127.0270426136358566_37.6449180881712522
2026-09-04T18:34:05.570303+09:00,수유역,수유역,POI036,KEY_3,1080011801,한천로150길,1080038600,수유동 141,127.0231319780003645_37.6431688921579166,1080017201,광산사거리,127.0228395148250087_37.6429284480442590,37.0,16.0,서행,127.0228395148250087_37.6429284480442590|127.0231319780003645_37.6431688921579166
2026-09-04T18:34:05.570303+09:00,수유역,수유역,POI036,KEY_3,1080011802,한천로150길,1080163300,수유동 147,127.0241618599472559_37.6436534197422503,1080017602,수유동 147,127.0236131674350020_37.6435644896973614,49.0,20.0,서행,127.0236131674350020_37.6435644896973614|127.0240590981584603_37.6436445515889417|127.0241618599472559_37.6436534197422503
2026-09-04T18:34:05.570303+09:00,수유역,수유역,POI036,KEY_3,1080012301,노해로,1080017404,광산사거리,127.0223175758041947_37.6433102339396655,1080017703,원남빌딩,127.0226179050192314_37.6436435751257079,46.0,7.0,정체,127.0226179050192314_37.6436435751257079|127.0223175758041947_37.6433102339396655
2026-09-04T18:34:05.570303+09:00,수유역,수유역,POI036,KEY_3,1080012401,노해로,1080017702,원남빌딩,127.0227796397990403_37.6436374411399228,1080017401,광산사거리,127.0224184143844752_37.6432365102794435,55.0,16.0,서행,127.0224184143844752_37.6432365102794435|127.0227796397990403_37.6436374411399228
2026-09-04T18:34:05.570303+09:00,수유역,수유역,POI036,KEY_3,1080012402,노해로,1080109000,수유동 252-147,127.0235321681217897_37.6445554686688695,1080017701,원남빌딩,127.0228650113697171_37.6437391865908069,108.0,18.0,서행,127.0228650113697171_37.6437391865908069|127.0230607508394485_37.6439786807207284|127.0234439357460161_37.6444475155171503|127.0235321681217897_37.6445554686688695
2026-09-04T18:34:05.570303+09:00,수유역,수유역,POI036,KEY_3,1080012601,한천로,1080017802,성일빌딩,127.0216586112420742_37.6437908797410401,1080017404,광산사거리,127.0223175758041947_37.6433102339396655,79.0,16.0,서행,127.0223175758041947_37.6433102339396655|127.0219574608576494_37.6435729013975973|127.0216586112420742_37.6437908797410401
2026-09-04T18:34:05.570303+09:00,수유역,수유역,POI036,KEY_3,1080028800,수유로,1080015303,수유사거리,127.0229982580287214_37.6361886528113985,1080014701,수유5동사무소,127.0196296035613130_37.6354694768000684,316.0,15.5,서행,127.0196296035613130_37.6354694768000684|127.0196618238943103_37.6354991334178237|127.0197320600272661_37.6355471748465007|127.0198055328148001_37.6355856679477725|127.0198680257195178_37.6356135068326125|127.0199653824943766_37.6356568765132451|127.0202420867677802_37.6357640222951773|127.0205825288630592_37.6358730997497020|127.0206347803766249_37.6358884735904198|127.0209615626878730_37.6359846213166023|127.0210525776655430_37.6360114000487229|127.0213979901811570_37.6361100853538346|127.0216445353368471_37.6361805232032367|127.0217730123288931_37.6362063490435546|127.0217867365767006_37.6362091078179262|127.0219302934594907_37.6362240303695188|127.0220706801763839_37.6362267612068706|127.0222776181497437_37.6362225021000967|127.0224141929671902_37.6362139761998264|127.0229012279700527_37.6361835709619328|127.0229982580287214_37.6361886528113985
2026-09-04T18:34:05.570303+09:00,수유역,수유역,POI036,KEY_3,1080028900,수유로,1080214400,수유동 143,127.0224248327344299_37.6363217629655793,1080015304,수유사거리,127.0229876277383028_37.6362964481573314,50.0,12.0,정체,127.0229876277383028_37.6362964481573314|127.0229020860330280_37.6362919683322943|127.0224248327344299_37.6363217629655793
2026-09-04T18:34:05.570303+09:00,수유역,수유역,POI036,KEY_3,1080029100,도봉로82길,1080015302,수유사거리,127.0231345500635882_37.6361957908305484,1080015203,수유시외버스정류소,127.0235736061376599_37.6361550867126198,42.0,13.0,정체,127.0235736061376599_37.6361550867126198|127.0235145314210854_37.6361122691585663|127.0232717727846534_37.6361373695695676|127.0231345500635882_37.6361957908305484
2026-09-04T18:34:05.570303+09:00,수유역,수유역,POI036,KEY_3,1080030000,덕릉로41길,1080056400,번동 416-118,127.0276656701430369_37.6383417113699252,1080016203,번동 416-19,127.0274257118923913_37.6385046095529532,28.0,7.0,정체,127.0274257118923913_37.6385046095529532|127.0276656701430369_37.6383417113699252
2026-09-04T18:34:05.570303+09:00,수유역,수유역,POI036,KEY_3,1080030200,한천로131길,1080016203,번동 416-19,127.0274257118923913_37.6385046095529532,1080015801,서울강북경찰서,127.0265402141837114_37.6374306750451026,143.0,7.0,정체,127.0265402141837114_37.6374306750451026|127.0266918623168522_37.6376924623126428|127.0268206522959247_37.6378868296333167|127.0269609021722204_37.6380660945815109|127.0273791837187218_37.6384682159555339|127.0274257118923913_37.6385046095529532
2026-09-04T18:34:05.570303+09:00,수유역,수유역,POI036,KEY_3,1080030300,한천로131길,1080015804,서울강북경찰서,127.0264324979401351_37.6375031317895292,1080016204,번동 418-3,127.0273303726697804_37.6385816903498878,145.0,7.0,정체,127.0273303726697804_37.6385816903498878|127.0272788693371098_37.6385414054732266|127.0268503025075404_37.6381293941757562|127.0267026408067892_37.6379406569185022|127.0265698925462488_37.6377403159305146|127.0264324979401351_37.6375031317895292
2026-09-04T18:34:05.570303+09:00,수유역,수유역,POI036,KEY_3,1080030600,한천로139길,1080091000,수유동 142,127.0247879820656038_37.6385298259940555,1080015902,한성빌딩,127.0229850488410364_37.6377056824230678,191.0,8.0,정체,127.0229850488410364_37.6377056824230678|127.0234677051405043_37.6377319368771239|127.0235267678141753_37.6377475797293712|127.0237756329887020_37.6379867161345629|127.0241969008081355_37.6382500965158187|127.0244024240663236_37.6383514825667049|127.0247039950171484_37.6385009283449250|127.0247879820656038_37.6385298259940555
2026-09-04T18:34:05.570303+09:00,수유역,수유역,POI036,KEY_3,1080030800,한천로131길,1080016402,강북웨딩홀,127.0282279267782144_37.6390089170082121,1080016202,번동 417-18,127.0275246363479198_37.6385796093806704,78.0,10.0,정체,127.0275246363479198_37.6385796093806704|127.0275475902735991_37.6385965752124534|127.0279986243420751_37.6388609522476472|127.0282279267782144_37.6390089170082121
2026-09-04T18:34:05.570303+09:00,수유역,수유역,POI036,KEY_3,1080030900,한천로131길,1080016201,번동 418-3,127.0274320745246115_37.6386588024939144,1080016403,강북웨딩홀,127.0281210425953446_37.6390791820698425,77.0,18.0,서행,127.0281210425953446_37.6390791820698425|127.0279154104788688_37.6389464907444165|127.0274606942933957_37.6386799563932897|127.0274320745246115_37.6386588024939144
2026-09-04T18:34:05.570303+09:00,수유역,수유역,POI036,KEY_3,1080031700,노해로22길,1080017603,수유동 147,127.0234399674013446_37.6435776119042629,1080017702,원남빌딩,127.0227796397990403_37.6436374411399228,59.0,16.0,서행,127.0227796397990403_37.6436374411399228|127.0233264025382312_37.6435930200839692|127.0234399674013446_37.6435776119042629
2026-09-04T18:34:05.570303+09:00,수유역,수유역,POI036,KEY_3,1080031800,노해로22길,1080017701,원남빌딩,127.0228650113697171_37.6437391865908069,1080017604,수유동 605-77,127.0235544803541501_37.6436717552080538,61.0,21.0,서행,127.0235544803541501_37.6436717552080538|127.0233447680138283_37.6437002083349483|127.0228650113697171_37.6437391865908069
2026-09-04T18:34:05.570303+09:00,수유역,수유역,POI036,KEY_3,1080031900,노해로,1080017703,원남빌딩,127.0226179050192314_37.6436435751257079,1080017802,성일빌딩,127.0216586112420742_37.6437908797410401,88.0,4.0,정체,127.0216586112420742_37.6437908797410401|127.0217303154022375_37.6437988114114930|127.0221374868864217_37.6437973518002380|127.0221882192326888_37.6437864385601699|127.0224688583896295_37.6436690710073023|127.0225845057136382_37.6436444151185583|127.0226179050192314_37.6436435751257079
2026-09-04T18:34:05.570303+09:00,수유역,수유역,POI036,KEY_3,1080032000,노해로,1080017801,성일빌딩,127.0215279269870052_37.6438855832635184,1080017704,원남빌딩,127.0227112002526297_37.6437494010203721,108.0,13.0,정체,127.0227112002526297_37.6437494010203721|127.0226045245666739_37.6437520842929914|127.0225187236848257_37.6437703762629639|127.0222382213104027_37.6438876871446908|127.0221558543603777_37.6439054051771507|127.0217212086632941_37.6439069627147660|127.0215279269870052_37.6438855832635184
2026-09-04T18:34:05.570303+09:00,수유역,수유역,POI036,KEY_3,1090044400,도봉로,1090000702,우이교앞교차로,127.0311828397790350_37.6430569437685492,1080017101,강북구-도봉구,127.0309288510039636_37.6428226257850653,34.0,15.0,서행,127.0309288510039636_37.6428226257850653|127.0311828397790350_37.6430569437685492
2026-09-04T18:34:05.570303+09:00,수유역,수유역,POI036,KEY_3,1090044500,도봉로,1080017102,강북구-도봉구,127.0308257491886792_37.6428931106192053,1090000703,우이교앞교차로,127.0310729519188158_37.6431211684896070,33.0,5.0,정체,127.0310729519188158_37.6431211684896070|127.0308257491886792_37.6428931106192053
2026-09-04T18:34:05.570303+09:00,수유역,수유역,POI036,KEY_3,1090044600,한천로150길,1090000902,한일병원,127.0279685895414303_37.6450803801061440,1080018001,강북구-도봉구,127.0275077754502036_37.6450625164904054,45.0,20.0,서행,127.0275077754502036_37.6450625164904054|127.0276429361835682_37.6451401989281891|127.0276803680900457_37.6451498423920157|127.0277351194381907_37.6451384257800754|127.0279685895414303_37.6450803801061440
2026-09-04T18:34:05.570303+09:00,수유역,수유역,POI036,KEY_3,1090044700,한천로150길,1080018002,강북구-도봉구,127.0274281234246558_37.6451501418039811,1090000903,한일병원,127.0278597593353567_37.6452207179505223,42.0,21.0,서행,127.0278597593353567_37.6452207179505223|127.0277726737142103_37.6452423697628973|127.0276763386695364_37.6452624555106468|127.0275806464922255_37.6452378026752044|127.0274281234246558_37.6451501418039811
2026-09-04T18:34:05.570303+09:00,숭례문,숭례문,POI131,KEY_4,1010002301,소월로,1010155400,최소노드배치점,126.9760533414636114_37.5582497344554369,1010013803,숭례문앞교차로,126.9755809845113532_37.5605189064983307,262.0,21.0,서행,126.9755809845113532_37.5605189064983307|126.9757337889885065_37.5603525891795087|126.9757984686316661_37.5601874326070444|126.9757969708594061_37.5599997077910714|126.9757198667068110_37.5593373627741514|126.9757048763582503_37.5591937029204388|126.9757309859065373_37.5590497713064551|126.9757785893644524_37.5588840435687814|126.9759074328705282_37.5585745471584289|126.9759297486065890_37.5585209420058632|126.9759522152383795_37.5584716422248093|126.9760533414636114_37.5582497344554369
2026-09-04T18:34:05.570303+09:00,숭례문,숭례문,POI131,KEY_4,1010002402,소월로,1010013802,숭례문앞교차로,126.9757600351255320_37.5605071695408910,1010011100,숭례문,126.9758644071737450_37.5590694809368770,164.0,11.0,정체,126.9758644071737450_37.5590694809368770|126.9758414948468044_37.5591969276911115|126.9758551619603253_37.5593278985156402|126.9759327469906509_37.5599943665054212|126.9759344158917429_37.5602035603088922|126.9758567349293656_37.5604019178341417|126.9757600351255320_37.5605071695408910
2026-09-04T18:34:05.570303+09:00,숭례문,숭례문,POI131,KEY_4,1010002902,세종대로,1010088000,남대문로5가 84-15,126.9732159812998304_37.5579784751034964,1010011400,숭례문학당,126.9742665437086799_37.5591522019033732,160.0,11.0,정체,126.9742665437086799_37.5591522019033732|126.9738617088002712_37.5586999110099455|126.9732159812998304_37.5579784751034964
2026-09-04T18:34:05.570303+09:00,숭례문,숭례문,POI131,KEY_4,1010002903,세종대로,1010011400,숭례문학당,126.9742665437086799_37.5591522019033732,1010015502,숭례문앞,126.9748954449175216_37.5603663160010157,148.0,14.0,정체,126.9748954449175216_37.5603663160010157|126.9748468953437168_37.5603089259620049|126.9746855723265071_37.5601208840657534|126.9746137545376854_37.5599415792683970|126.9745483394273009_37.5596299211490319|126.9744734144699265_37.5594109852280340|126.9742665437086799_37.5591522019033732
2026-09-04T18:34:05.570303+09:00,숭례문,숭례문,POI131,KEY_4,1010003902,칠패로,1010012401,연세봉래빌딩,126.9728961137524550_37.5597716675716882,1010013504,서울태평로우체국,126.9737754401947001_37.5598470846353862,78.0,4.0,정체,126.9737754401947001_37.5598470846353862|126.9736091972524719_37.5598219183409583|126.9728961137524550_37.5597716675716882
2026-09-04T18:34:05.570303+09:00,숭례문,숭례문,POI131,KEY_4,1010004002,칠패로,1010013502,속성변화점,126.9740489449279721_37.5597823376631155,1010012402,속성변화점,126.9729080901224023_37.5596639686996383,102.0,28.0,원활,126.9729080901224023_37.5596639686996383|126.9736279176620428_37.5597146948757512|126.9738890961723428_37.5597566563457050|126.9740489449279721_37.5597823376631155
2026-09-04T18:34:05.570303+09:00,숭례문,숭례문,POI131,KEY_4,1010005101,남대문로,1010013801,숭례문앞교차로,126.9756943412395600_37.5606249038699929,1010015000,숭례문,126.9764459331227329_37.5606350021971664,67.0,12.5,정체,126.9764459331227329_37.5606350021971664|126.9761770959942169_37.5605854916413975|126.9759176766868478_37.5605967861663927|126.9756943412395600_37.5606249038699929
2026-09-04T18:34:05.570303+09:00,숭례문,숭례문,POI131,KEY_4,1010005201,남대문로,1010014800,숭례문,126.9764883666133954_37.5605318420117769,1010013802,숭례문앞교차로,126.9757600351255320_37.5605071695408910,65.0,7.0,정체,126.9757600351255320_37.5605071695408910|126.9759033237710781_37.5604891294319145|126.9761889274862341_37.5604766950548168|126.9764883666133954_37.5605318420117769
2026-09-04T18:34:05.570303+09:00,숭례문,숭례문,POI131,KEY_4,1010005202,남대문로,1010105800,남대문로4가 24-1,126.9773600444245005_37.5608297698874694,1010014800,숭례문,126.9764883666133954_37.5605318420117769,84.0,9.0,정체,126.9764883666133954_37.5605318420117769|126.9773600444245005_37.5608297698874694
2026-09-04T18:34:05.570303+09:00,숭례문,숭례문,POI131,KEY_4,1010005901,세종대로,1010015501,숭례문앞,126.9750008599633020_37.5604365486671696,1010013804,숭례문앞교차로,126.9755531451685755_37.5606249719220884,53.0,8.0,정체,126.9755531451685755_37.5606249719220884|126.9754028377394803_37.5605915921021847|126.9751366781808457_37.5605012366469282|126.9750008599633020_37.5604365486671696
2026-09-04T18:34:05.570303+09:00,숭례문,숭례문,POI131,KEY_4,1010005902,세종대로,1010013804,숭례문앞교차로,126.9755531451685755_37.5606249719220884,1010017804,태평로2가 113-1,126.9759821545367657_37.5618238793823238,138.0,7.0,정체,126.9759821545367657_37.5618238793823238|126.9756910543935362_37.5610103756445426|126.9755531451685755_37.5606249719220884
2026-09-04T18:34:05.570303+09:00,숭례문,숭례문,POI131,KEY_4,1010005904,세종대로,1010017809,소공동주민센터,126.9763214748840596_37.5626583872939435,1010021603,시청앞광장,126.9768324946201261_37.5639716881909536,153.0,10.0,정체,126.9768324946201261_37.5639716881909536|126.9764915927669620_37.5630734109549138|126.9763214748840596_37.5626583872939435
2026-09-04T18:34:05.570303+09:00,숭례문,숭례문,POI131,KEY_4,1010005905,세종대로,1010017805,태평로2가 280,126.9760218053088749_37.5619272971520815,1010017808,소공동주민센터,126.9762793420332230_37.5625555984382302,73.0,14.0,정체,126.9762793420332230_37.5625555984382302|126.9760218053088749_37.5619272971520815
2026-09-04T18:34:05.570303+09:00,숭례문,숭례문,POI131,KEY_4,1010006001,세종대로,1010015700,숭례문,126.9758216757282128_37.5609807560682611,1010013801,숭례문앞교차로,126.9756943412395600_37.5606249038699929,41.0,16.0,서행,126.9756943412395600_37.5606249038699929|126.9758216757282128_37.5609807560682611
2026-09-04T18:34:05.570303+09:00,숭례문,숭례문,POI131,KEY_4,1010006002,세종대로,1010021602,시청앞광장,126.9769689889781006_37.5639574810137518,1010015700,숭례문,126.9758216757282128_37.5609807560682611,346.0,16.3,서행,126.9758216757282128_37.5609807560682611|126.9761127772680140_37.5617942588954108|126.9761509252078469_37.5618937585952821|126.9764084629013752_37.5625220596037011|126.9764505959815182_37.5626248484352132|126.9766211792211692_37.5630410044178191|126.9769689889781006_37.5639574810137518
2026-09-04T18:34:05.570303+09:00,숭례문,숭례문,POI131,KEY_4,1010025000,세종대로5길,1010009801,청암빌딩,126.9717079416461587_37.5585466375375603,1010012202,숭례문학당,126.9742748764175104_37.5595190981504885,256.0,12.0,정체,126.9742748764175104_37.5595190981504885|126.9738902974027042_37.5594176881754152|126.9732580878187207_37.5590467827891743|126.9725988537744144_37.5587016101154347|126.9723765861687639_37.5586285243969087|126.9717079416461587_37.5585466375375603
2026-09-04T18:34:05.570303+09:00,숭례문,숭례문,POI131,KEY_4,1010025700,세종대로,1010011400,숭례문학당,126.9742665437086799_37.5591522019033732,1010012201,숭례문학당,126.9742810386167378_37.5594068263078924,28.0,17.0,서행,126.9742810386167378_37.5594068263078924|126.9742665437086799_37.5591522019033732
2026-09-04T18:34:05.570303+09:00,숭례문,숭례문,POI131,KEY_4,1010026600,세종대로,1010012202,숭례문학당,126.9742748764175104_37.5595190981504885,1010013502,속성변화점,126.9740489449279721_37.5597823376631155,38.0,14.0,정체,126.9740489449279721_37.5597823376631155|126.9741150100377496_37.5597678403268418|126.9741805117776181_37.5597165730551339|126.9742464328148515_37.5595997767984215|126.9742747291389691_37.5595199465246452|126.9742748764175104_37.5595190981504885
2026-09-04T18:34:05.570303+09:00,숭례문,숭례문,POI131,KEY_4,1010026800,남대문로,1010014800,숭례문,126.9764883666133954_37.5605318420117769,1010011100,숭례문,126.9758644071737450_37.5590694809368770,185.0,6.0,정체,126.9758644071737450_37.5590694809368770|126.9758795592592975_37.5591125336731508|126.9758641531054906_37.5591939851637946|126.9759578405099205_37.5599862959824407|126.9759704486266543_37.5601312860724406|126.9760507361714588_37.5602633560949499|126.9761537145355277_37.5603739896225477|126.9763022172343057_37.5604655608040190|126.9764279735615418_37.5605091608890334|126.9764883666133954_37.5605318420117769
2026-09-04T18:34:05.570303+09:00,숭례문,숭례문,POI131,KEY_4,1010028100,칠패로,1010013501,서울태평로우체국,126.9739368551684606_37.5598715198189694,1010015502,숭례문앞,126.9748954449175216_37.5603663160010157,104.0,3.0,정체,126.9748954449175216_37.5603663160010157|126.9747412413605190_37.5602379012476604|126.9745837444805971_37.5601125063439625|126.9743897378353950_37.5599922209763335|126.9741885345064247_37.5598987284625991|126.9739368551684606_37.5598715198189694
2026-09-04T18:34:05.570303+09:00,숭례문,숭례문,POI131,KEY_4,1010028800,남대문로,1010015700,숭례문,126.9758216757282128_37.5609807560682611,1010015000,숭례문,126.9764459331227329_37.5606350021971664,84.0,16.0,서행,126.9764459331227329_37.5606350021971664|126.9763771801474945_37.5606275849701134|126.9762640154305728_37.5606077628684645|126.9761188999622306_37.5606156137238472|126.9760253099623242_37.5606453934247568|126.9759279729758958_37.5606841119779062|126.9758493363337521_37.5607734919220704|126.9758081301075663_37.5608688386806833|126.9758216757282128_37.5609807560682611
2026-09-04T18:34:05.570303+09:00,숭례문,숭례문,POI131,KEY_4,1010029800,세종대로9길,1010016601,서울상공회의소,126.9739942067467524_37.5610861238427134,1010015501,숭례문앞,126.9750008599633020_37.5604365486671696,115.0,20.0,서행,126.9750008599633020_37.5604365486671696|126.9743374081002969_37.5608988908602583|126.9739942067467524_37.5610861238427134
2026-09-04T18:34:05.570303+09:00,숭례문,숭례문,POI131,KEY_4,1010030200,세종대로7길,1010013504,서울태평로우체국,126.9737754401947001_37.5598470846353862,1010017203,삼성공제회관,126.9723447378598280_37.5614351869967891,218.0,7.0,정체,126.9723447378598280_37.5614351869967891|126.9724426435651878_37.5613486396344527|126.9728287590755400_37.5609439824650480|126.9729870635557489_37.5607477483518011|126.9732909060755475_37.5603060974689171|126.9734911044854755_37.5600733096733634|126.9737754401947001_37.5598470846353862
2026-09-04T18:34:05.570303+09:00,숭례문,숭례문,POI131,KEY_4,1010030300,세종대로7길,1010017202,삼성공제회관,126.9724677288777457_37.5614880344311644,1010013501,서울태평로우체국,126.9739368551684606_37.5598715198189694,223.0,16.0,서행,126.9739368551684606_37.5598715198189694|126.9735960423329431_37.5601426793156890|126.9734067863791722_37.5603627440718739|126.9731039079903923_37.5608029953193991|126.9729401492897267_37.5610059894173247|126.9725473673189668_37.5614176353293558|126.9724677288777457_37.5614880344311644
2026-09-04T18:34:05.570303+09:00,숭례문,숭례문,POI131,KEY_4,1010030400,세종대로9길,1010015502,숭례문앞,126.9748954449175216_37.5603663160010157,1010016602,서울상공회의소,126.9739174290618422_37.5609969379700317,111.0,8.0,정체,126.9739174290618422_37.5609969379700317|126.9742539978041691_37.5608133230553776|126.9748954449175216_37.5603663160010157
2026-09-04T18:34:05.570303+09:00,숭례문,숭례문,POI131,KEY_4,1010032200,서소문로12길,1010018502,서소문교회,126.9747633700022931_37.5620674980203830,1010016601,서울상공회의소,126.9739942067467524_37.5610861238427134,128.0,16.5,서행,126.9739942067467524_37.5610861238427134|126.9744465436808554_37.5616737041432032|126.9747633700022931_37.5620674980203830
2026-09-04T18:34:05.570303+09:00,숭례문,숭례문,POI131,KEY_4,1010032300,서소문로12길,1010016604,서울상공회의소,126.9738808575842484_37.5611458069729096,1010018503,서소문교회,126.9746147466654236_37.5620832401554381,123.0,6.0,정체,126.9746147466654236_37.5620832401554381|126.9743314442682589_37.5617311132080829|126.9738808575842484_37.5611458069729096
2026-09-04T18:34:05.570303+09:00,숭례문,숭례문,POI131,KEY_4,1010032700,세종대로9길,1010016603,서울상공회의소,126.9738076756016198_37.5610547243624069,1010017202,삼성공제회관,126.9724677288777457_37.5614880344311644,168.0,10.5,정체,126.9724677288777457_37.5614880344311644|126.9731108178436614_37.5617726360549753|126.9731160404765689_37.5617715983951399|126.9734771479622708_37.5612521915043374|126.9735789952258358_37.5611711606731760|126.9738076756016198_37.5610547243624069
2026-09-04T18:34:05.570303+09:00,숭례문,숭례문,POI131,KEY_4,1010032800,세종대로9길,1010017201,삼성공제회관,126.9723774125475586_37.5615717687771919,1010016604,서울상공회의소,126.9738808575842484_37.5611458069729096,184.0,16.0,서행,126.9738808575842484_37.5611458069729096|126.9736645875834853_37.5612559239453319|126.9735867065820258_37.5613178870136366|126.9732062647113509_37.5618651036139326|126.9730916926246351_37.5618878772773002|126.9723774125475586_37.5615717687771919
2026-09-04T18:34:05.570303+09:00,숭례문,숭례문,POI131,KEY_4,1010033500,세종대로11길,1010017804,태평로2가 113-1,126.9759821545367657_37.5618238793823238,1010018502,서소문교회,126.9747633700022931_37.5620674980203830,111.0,10.0,정체,126.9747633700022931_37.5620674980203830|126.9748858706072667_37.5620545226508469|126.9749991336940695_37.5620338999985037|126.9753712299025068_37.5619661488297325|126.9759821545367657_37.5618238793823238
2026-09-04T18:34:05.570303+09:00,숭례문,숭례문,POI131,KEY_4,1010033600,세종대로11길,1010105500,태평로2가 252,126.9750294174586429_37.5621392977174651,1010017805,태평로2가 280,126.9760218053088749_37.5619272971520815,91.0,17.0,서행,126.9760218053088749_37.5619272971520815|126.9754054696340546_37.5620708256454421|126.9750294174586429_37.5621392977174651
2026-09-04T18:34:05.570303+09:00,숭례문,숭례문,POI131,KEY_4,1010035000,서소문로12길,1010020202,중앙일보사,126.9742502538365869_37.5631241528421853,1010018501,서소문교회,126.9747917025249961_37.5621735699209296,120.0,11.0,정체,126.9747917025249961_37.5621735699209296|126.9747501775862588_37.5625032287475307|126.9746651993805102_37.5625957455904143|126.9745466004009700_37.5626917899282518|126.9744603303331587_37.5627616532963344|126.9742502538365869_37.5631241528421853
2026-09-04T18:34:05.570303+09:00,시의회 앞,시의회 앞,POI130,KEY_1,1000000902,새문안로,1000008401,신문로1가141,126.9756642084840337_37.5702188245241615,1000009300,세종로208,126.9762005801091362_37.5702231750732523,47.0,4.0,정체,126.9762005801091362_37.5702231750732523|126.9756642084840337_37.5702188245241615
2026-09-04T18:34:05.570303+09:00,시의회 앞,시의회 앞,POI130,KEY_1,1000000903,새문안로,1000214200,세종대로사거리,126.9766244379145377_37.5702266110763219,1000009004,세종대로사거리,126.9769755542479714_37.5702294562480148,31.0,10.0,정체,126.9769755542479714_37.5702294562480148|126.9766244379145377_37.5702266110763219
2026-09-04T18:34:05.570303+09:00,시의회 앞,시의회 앞,POI130,KEY_1,1000001002,새문안로,1000007600,주한요르단명예영사관,126.9762019638013300_37.5701150604124336,1000008402,신문로1가141,126.9756655929920299_37.5701107106503116,47.0,37.0,원활,126.9756655929920299_37.5701107106503116|126.9762019638013300_37.5701150604124336
2026-09-04T18:34:05.570303+09:00,시의회 앞,시의회 앞,POI130,KEY_1,1000001003,새문안로,1000009003,세종대로사거리,126.9769600332011521_37.5701212054532618,1000007600,주한요르단명예영사관,126.9762019638013300_37.5701150604124336,67.0,30.0,원활,126.9762019638013300_37.5701150604124336|126.9766258211001428_37.5701184968726238|126.9769600332011521_37.5701212054532618
2026-09-04T18:34:05.570303+09:00,시의회 앞,시의회 앞,POI130,KEY_1,1000001301,종로,1000009001,세종대로사거리,126.9771187019505163_37.5702314111293560,1000009700,종로1가1-3,126.9777559525715844_37.5702421551131351,56.0,3.0,정체,126.9777559525715844_37.5702421551131351|126.9771187019505163_37.5702314111293560
2026-09-04T18:34:05.570303+09:00,시의회 앞,시의회 앞,POI130,KEY_1,1000001302,종로,1000009700,종로1가1-3,126.9777559525715844_37.5702421551131351,1000008804,광화문우체국,126.9784336631558119_37.5702494972367163,60.0,4.0,정체,126.9784336631558119_37.5702494972367163|126.9779432056922133_37.5702453112944994|126.9777559525715844_37.5702421551131351
2026-09-04T18:34:05.570303+09:00,시의회 앞,시의회 앞,POI130,KEY_1,1000001401,종로,1000008000,동아일보사,126.9777588281918099_37.5701340596360964,1000009002,세종대로사거리,126.9770959172438580_37.5701228829325231,59.0,18.0,서행,126.9770959172438580_37.5701228829325231|126.9777588281918099_37.5701340596360964
2026-09-04T18:34:05.570303+09:00,시의회 앞,시의회 앞,POI130,KEY_1,1000001402,종로,1000008803,광화문우체국,126.9784351192109852_37.5701413844145975,1000008000,동아일보사,126.9777588281918099_37.5701340596360964,60.0,5.0,정체,126.9777588281918099_37.5701340596360964|126.9779453713088060_37.5701372048683524|126.9784351192109852_37.5701413844145975
2026-09-04T18:34:05.570303+09:00,시의회 앞,시의회 앞,POI130,KEY_1,1000003700,청계천로,1010034102,무교동사거리,126.9792256224440905_37.5689816845044717,1000002000,청계광장,126.9771060680401717_37.5690311929919076,188.0,9.3,정체,126.9771060680401717_37.5690311929919076|126.9774434053876035_37.5690828687536680|126.9775440319711919_37.5690924240737019|126.9777213322496863_37.5690924576651568|126.9792256224440905_37.5689816845044717
2026-09-04T18:34:05.570303+09:00,시의회 앞,시의회 앞,POI130,KEY_1,1000003801,청계천로,1000031000,청계광장,126.9770921904126482_37.5694157550093379,1000007002,동아일보사,126.9783460265061024_37.5693222473721278,111.0,3.0,정체,126.9783460265061024_37.5693222473721278|126.9773834142662849_37.5693879956262435|126.9770921904126482_37.5694157550093379
2026-09-04T18:34:05.570303+09:00,시의회 앞,시의회 앞,POI130,KEY_1,1000004101,세종대로21길,1010036201,청계광장,126.9769724776174371_37.5689758850454254,1010034202,속성변화점,126.9761089175425468_37.5690525772719468,77.0,11.0,정체,126.9761089175425468_37.5690525772719468|126.9762590231906501_37.5690173503827225|126.9766423549418590_37.5690116154256089|126.9767891468850252_37.5690047706819641|126.9769724776174371_37.5689758850454254
2026-09-04T18:34:05.570303+09:00,시의회 앞,시의회 앞,POI130,KEY_1,1000004201,세종대로21길,1010034201,속성변화점,126.9761701151880970_37.5691453161545397,1010036202,청계광장,126.9769681640981389_37.5690870395436463,71.0,8.0,정체,126.9769681640981389_37.5690870395436463|126.9768062997742106_37.5691122763363623|126.9766476039636132_37.5691196746613940|126.9762762102917009_37.5691252318358337|126.9761701151880970_37.5691453161545397
2026-09-04T18:34:05.570303+09:00,시의회 앞,시의회 앞,POI130,KEY_1,1000004202,세종대로21길,1010034502,조선일보본사,126.9758538003934376_37.5694432589816216,1010034201,속성변화점,126.9761701151880970_37.5691453161545397,44.0,13.0,정체,126.9761701151880970_37.5691453161545397|126.9759646865800136_37.5693016963708999|126.9759165276521173_37.5693486608578553|126.9758538003934376_37.5694432589816216
2026-09-04T18:34:05.570303+09:00,시의회 앞,시의회 앞,POI130,KEY_1,1000004203,세종대로21길,1000008402,신문로1가141,126.9756655929920299_37.5701107106503116,1010034501,조선일보본사,126.9758232836738614_37.5695216067234981,67.0,9.0,정체,126.9758232836738614_37.5695216067234981|126.9756655929920299_37.5701107106503116
2026-09-04T18:34:05.570303+09:00,시의회 앞,시의회 앞,POI130,KEY_1,1000005101,세종대로,1010036202,청계광장,126.9769681640981389_37.5690870395436463,1000007300,세종로1-80,126.9769534872362158_37.5695820797097966,55.0,25.0,원활,126.9769534872362158_37.5695820797097966|126.9769561223222638_37.5694207011224321|126.9769681640981389_37.5690870395436463
2026-09-04T18:34:05.570303+09:00,시의회 앞,시의회 앞,POI130,KEY_1,1000005102,세종대로,1000007300,세종로1-80,126.9769534872362158_37.5695820797097966,1000009003,세종대로사거리,126.9769600332011521_37.5701212054532618,60.0,13.0,정체,126.9769600332011521_37.5701212054532618|126.9769532767960953_37.5697764532188643|126.9769534872362158_37.5695820797097966
2026-09-04T18:34:05.570303+09:00,시의회 앞,시의회 앞,POI130,KEY_1,1000005202,세종대로,1000009002,세종대로사거리,126.9770959172438580_37.5701228829325231,1000007400,청계천광장,126.9770893091757529_37.5695834801641908,60.0,4.0,정체,126.9770893091757529_37.5695834801641908|126.9770891110814688_37.5697756552470636|126.9770959172438580_37.5701228829325231
2026-09-04T18:34:05.570303+09:00,시의회 앞,시의회 앞,POI130,KEY_1,1000005203,세종대로,1000031000,청계광장,126.9770921904126482_37.5694157550093379,1000002000,청계광장,126.9771060680401717_37.5690311929919076,43.0,4.0,정체,126.9771060680401717_37.5690311929919076|126.9770921904126482_37.5694157550093379
2026-09-04T18:34:05.570303+09:00,시의회 앞,시의회 앞,POI130,KEY_1,1000005204,세종대로,1000007400,청계천광장,126.9770893091757529_37.5695834801641908,1000031000,청계광장,126.9770921904126482_37.5694157550093379,19.0,6.0,정체,126.9770921904126482_37.5694157550093379|126.9770893091757529_37.5695834801641908
2026-09-04T18:34:05.570303+09:00,시의회 앞,시의회 앞,POI130,KEY_1,1000023800,세종대로,1000007300,세종로1-80,126.9769534872362158_37.5695820797097966,1000007600,주한요르단명예영사관,126.9762019638013300_37.5701150604124336,93.0,9.0,정체,126.9762019638013300_37.5701150604124336|126.9765157204813590_37.5700245083348179|126.9765948042672790_37.5699744620325760|126.9767188239706144_37.5698815155413541|126.9768230812362049_37.5697756907165257|126.9769442873751473_37.5696462098692763|126.9769534872362158_37.5695820797097966
2026-09-04T18:34:05.570303+09:00,시의회 앞,시의회 앞,POI130,KEY_1,1000023900,종로,1000008000,동아일보사,126.9777588281918099_37.5701340596360964,1000007400,청계천광장,126.9770893091757529_37.5695834801641908,91.0,9.0,정체,126.9770893091757529_37.5695834801641908|126.9770963075021939_37.5696479702720865|126.9772094321437663_37.5697743360528662|126.9773459521211265_37.5699388507560457|126.9774735034476549_37.5700533015790512|126.9775723207871607_37.5701062430602590|126.9777588281918099_37.5701340596360964
2026-09-04T18:34:05.570303+09:00,시의회 앞,시의회 앞,POI130,KEY_1,1010005904,세종대로,1010017809,소공동주민센터,126.9763214748840596_37.5626583872939435,1010021603,시청앞광장,126.9768324946201261_37.5639716881909536,153.0,10.0,정체,126.9768324946201261_37.5639716881909536|126.9764915927669620_37.5630734109549138|126.9763214748840596_37.5626583872939435
2026-09-04T18:34:05.570303+09:00,시의회 앞,시의회 앞,POI130,KEY_1,1010006002,세종대로,1010021602,시청앞광장,126.9769689889781006_37.5639574810137518,1010015700,숭례문,126.9758216757282128_37.5609807560682611,346.0,16.3,서행,126.9758216757282128_37.5609807560682611|126.9761127772680140_37.5617942588954108|126.9761509252078469_37.5618937585952821|126.9764084629013752_37.5625220596037011|126.9764505959815182_37.5626248484352132|126.9766211792211692_37.5630410044178191|126.9769689889781006_37.5639574810137518
2026-09-04T18:34:05.570303+09:00,시의회 앞,시의회 앞,POI130,KEY_1,1010007305,서소문로,1010060500,서소문동 42-3,126.9748814331857290_37.5634753132613639,1010021604,시청앞광장,126.9768728564433928_37.5640783561644085,191.0,19.0,서행,126.9768728564433928_37.5640783561644085|126.9766787939362445_37.5640859652900971|126.9765523317762188_37.5640754535460886|126.9763400428201123_37.5640251139761148|126.9749917778751325_37.5635158830683409|126.9748814331857290_37.5634753132613639
2026-09-04T18:34:05.570303+09:00,시의회 앞,시의회 앞,POI130,KEY_1,1010007405,서소문로,1010021603,시청앞광장,126.9768324946201261_37.5639716881909536,1010020202,중앙일보사,126.9742502538365869_37.5631241528421853,249.0,8.0,정체,126.9742502538365869_37.5631241528421853|126.9749383845103381_37.5633771573157134|126.9750493665217306_37.5634179614493959|126.9763888286545210_37.5639238670732283|126.9765790012718583_37.5639689628774178|126.9766825277856697_37.5639775680622137|126.9768324946201261_37.5639716881909536
2026-09-04T18:34:05.570303+09:00,시의회 앞,시의회 앞,POI130,KEY_1,1010008401,세종대로18길,1010021203,우성빌딩,126.9777193951018148_37.5638099385310227,1010021602,시청앞광장,126.9769689889781006_37.5639574810137518,68.0,8.0,정체,126.9769689889781006_37.5639574810137518|126.9777193951018148_37.5638099385310227
2026-09-04T18:34:05.570303+09:00,시의회 앞,시의회 앞,POI130,KEY_1,1010008402,세종대로18길,1010073800,소공동 87-15,126.9784945856248157_37.5638009334543241,1010021202,우성빌딩,126.9778443694909242_37.5637825313256783,58.0,6.0,정체,126.9778443694909242_37.5637825313256783|126.9779245419285019_37.5637634021338656|126.9780550037610567_37.5637507097928918|126.9781651142375978_37.5637590779395225|126.9784945856248157_37.5638009334543241
2026-09-04T18:34:05.570303+09:00,시의회 앞,시의회 앞,POI130,KEY_1,1010009902,세종대로,1010021604,시청앞광장,126.9768728564433928_37.5640783561644085,1010024204,시청앞교차로,126.9770880989032236_37.5648197786229900,85.0,13.7,정체,126.9770880989032236_37.5648197786229900|126.9770591791834136_37.5646629693451288|126.9770001947957212_37.5644354373990907|126.9769219936512883_37.5642088549141349|126.9768728564433928_37.5640783561644085
2026-09-04T18:34:05.570303+09:00,시의회 앞,시의회 앞,POI130,KEY_1,1010010000,세종대로,1010024203,시청앞교차로,126.9772135411598413_37.5647555843739269,1010021601,시청앞광장,126.9770081698073909_37.5640611462049279,79.0,15.0,서행,126.9770081698073909_37.5640611462049279|126.9770525488461743_37.5641790078298783|126.9771323290460572_37.5644101639924273|126.9771929938028450_37.5646441761629077|126.9772135411598413_37.5647555843739269
2026-09-04T18:34:05.570303+09:00,시의회 앞,시의회 앞,POI130,KEY_1,1010011000,덕수궁길,1010003702,국립현대미술관(덕수궁),126.9734800713954428_37.5653099277390794,1010024205,시청앞교차로,126.9771111379704962_37.5649683842586413,350.0,14.3,정체,126.9771111379704962_37.5649683842586413|126.9769955437966189_37.5648997036250520|126.9769191129801698_37.5648841239987448|126.9762643259252286_37.5649661911538288|126.9761744747147532_37.5649770829893868|126.9759779520215517_37.5650009053778362|126.9758689949813260_37.5650050124235619|126.9752013280298399_37.5649548066137768|126.9751376722967393_37.5649475156969572|126.9743014077374426_37.5648517294047579|126.9740978380537513_37.5648406360021241|126.9740518977143893_37.5648432379020889|126.9740231183313881_37.5648571744892976|126.9736843653272729_37.5652451675209207|126.9735504744861458_37.5653043393530339|126.9734800713954428_37.5653099277390794
2026-09-04T18:34:05.570303+09:00,시의회 앞,시의회 앞,POI130,KEY_1,1010011100,소공로,1010024703,시청앞광장,126.9784672029423973_37.5649273269454653,1010024202,시청앞교차로,126.9772712943529740_37.5649019993645936,106.0,17.0,서행,126.9772712943529740_37.5649019993645936|126.9774098801302102_37.5649281244663342|126.9776269810423628_37.5649428736685351|126.9783249021099323_37.5649392241840445|126.9784672029423973_37.5649273269454653
2026-09-04T18:34:05.570303+09:00,시의회 앞,시의회 앞,POI130,KEY_1,1010011200,소공로,1010024201,시청앞교차로,126.9772516593585294_37.5650094083765893,1010024704,시청앞광장,126.9784659259494219_37.5650361481380060,108.0,5.0,정체,126.9784659259494219_37.5650361481380060|126.9783324600417700_37.5650473063687187|126.9776216401868254_37.5650510228301613|126.9773883375840597_37.5650351731031407|126.9772516593585294_37.5650094083765893
2026-09-04T18:34:05.570303+09:00,시의회 앞,시의회 앞,POI130,KEY_1,1010013800,세종대로,1010004902,강원도민일보(서울본부),126.9771979915670101_37.5670009920858590,1010024201,시청앞교차로,126.9772516593585294_37.5650094083765893,221.0,9.0,정체,126.9772516593585294_37.5650094083765893|126.9772632229602749_37.5651213527824481|126.9772704963173453_37.5652669803863901|126.9772680209366058_37.5654083777349115|126.9772559424266944_37.5656434912380419|126.9771979915670101_37.5670009920858590
2026-09-04T18:34:05.570303+09:00,시의회 앞,시의회 앞,POI130,KEY_1,1010016400,세종대로20길,1010152400,태평로1가 31-1,126.9781614739919320_37.5671149535760875,1010004804,한국체육박물관,126.9791327692852860_37.5670432031565085,86.0,5.0,정체,126.9791327692852860_37.5670432031565085|126.9790021637939503_37.5670657791657803|126.9788569191823626_37.5670778321488825|126.9783926986433755_37.5671163538151802|126.9781614739919320_37.5671149535760875
2026-09-04T18:34:05.570303+09:00,시의회 앞,시의회 앞,POI130,KEY_1,1010018100,세종대로,1010024205,시청앞교차로,126.9771111379704962_37.5649683842586413,1010036201,청계광장,126.9769724776174371_37.5689758850454254,445.0,17.0,서행,126.9769724776174371_37.5689758850454254|126.9770357842986499_37.5675064469025131|126.9770571241010231_37.5671045176161513|126.9770622406749681_37.5669973200828053|126.9771202099424414_37.5656394465692429|126.9771322330851717_37.5654054151655075|126.9771346338183520_37.5652683750225975|126.9771276194723697_37.5651279335943542|126.9771111379704962_37.5649683842586413
2026-09-04T18:34:05.570303+09:00,시의회 앞,시의회 앞,POI130,KEY_1,1010018200,세종대로,1000002000,청계광장,126.9771060680401717_37.5690311929919076,1010004901,강원도민일보(서울본부),126.9771928320576109_37.5671090827981402,213.0,5.0,정체,126.9771928320576109_37.5671090827981402|126.9771715167423451_37.5675105826680635|126.9771060680401717_37.5690311929919076
2026-09-04T18:34:05.570303+09:00,시의회 앞,시의회 앞,POI130,KEY_1,1010037000,남대문로1길,1010023102,서울프라자호텔,126.9781270908112134_37.5644147123986087,1010021201,우성빌딩,126.9778833665384354_37.5638860982800367,62.0,5.0,정체,126.9778833665384354_37.5638860982800367|126.9781270908112134_37.5644147123986087
2026-09-04T18:34:05.570303+09:00,시의회 앞,시의회 앞,POI130,KEY_1,1010037100,남대문로1길,1010021204,우성빌딩,126.9777519647640105_37.5639149035560536,1010023103,서울프라자호텔,126.9779917291016176_37.5644349310718795,61.0,6.0,정체,126.9779917291016176_37.5644349310718795|126.9777519647640105_37.5639149035560536
2026-09-04T18:34:05.570303+09:00,시의회 앞,시의회 앞,POI130,KEY_1,1010038300,소공로,1010023101,서울프라자호텔,126.9781769454158393_37.5645228411741812,1010023304,조선호텔,126.9787312154575005_37.5645930511843886,50.0,9.0,정체,126.9787312154575005_37.5645930511843886|126.9785957557285769_37.5645517262991930|126.9784554783557979_37.5645322032255891|126.9782121876750836_37.5645228476832003|126.9781769454158393_37.5645228411741812
2026-09-04T18:34:05.570303+09:00,시의회 앞,시의회 앞,POI130,KEY_1,1010039000,소공로,1010024202,시청앞교차로,126.9772712943529740_37.5649019993645936,1010023104,서울프라자호텔,126.9780385528240316_37.5645364866542977,82.0,4.0,정체,126.9780385528240316_37.5645364866542977|126.9776055199770184_37.5646501981039478|126.9774312688185773_37.5647230654274864|126.9773645076050741_37.5647713550531037|126.9773054583435652_37.5648401473905977|126.9772712943529740_37.5649019993645936
2026-09-04T18:34:05.570303+09:00,시의회 앞,시의회 앞,POI130,KEY_1,1010045900,새문안로2길,1010034503,조선일보본사,126.9757336729328898_37.5693927914711736,1010034403,덕수초교앞,126.9744623970510844_37.5693699781441666,112.0,17.0,서행,126.9744623970510844_37.5693699781441666|126.9751125420028046_37.5693767090831088|126.9754684882037736_37.5693803926704959|126.9757336729328898_37.5693927914711736
2026-09-04T18:34:05.570303+09:00,시의회 앞,시의회 앞,POI130,KEY_1,1010046000,새문안로2길,1010034402,덕수초교앞,126.9744431042179968_37.5694779067993210,1010034504,조선일보본사,126.9756904321789079_37.5694990761609162,110.0,22.0,서행,126.9756904321789079_37.5694990761609162|126.9754636204795446_37.5694884714731927|126.9751107757574573_37.5694848197226179|126.9744431042179968_37.5694779067993210
2026-09-04T18:34:05.570303+09:00,신논현역·논현역,신논현역·논현역,POI037,KEY_2,1210025402,사평대로,1210134700,반포동 749-35,127.0236141059144614_37.5043118599685954,1210040404,교보타워사거리,127.0243991052031305_37.5045524553287137,74.0,21.0,서행,127.0243991052031305_37.5045524553287137|127.0236141059144614_37.5043118599685954
2026-09-04T18:34:05.570303+09:00,신논현역·논현역,신논현역·논현역,POI037,KEY_2,1210027602,신반포로,1210275400,잠원동 99,127.0203821705510308_37.5108839074530920,1210046004,논현역앞교차로,127.0212424469134902_37.5111447623381054,81.0,11.0,정체,127.0212424469134902_37.5111447623381054|127.0203821705510308_37.5108839074530920
2026-09-04T18:34:05.570303+09:00,신논현역·논현역,신논현역·논현역,POI037,KEY_2,1210027702,신반포로,1210149300,반포동 749,127.0198333910656174_37.5106018115088986,1210045802,중앙일보,127.0194387100755051_37.5104821301408151,37.0,3.0,정체,127.0194387100755051_37.5104821301408151|127.0198333910656174_37.5106018115088986
2026-09-04T18:34:05.570303+09:00,신논현역·논현역,신논현역·논현역,POI037,KEY_2,1220025003,강남대로,1210394200,서초동 1373,127.0253434781147917_37.5025963782215541,1210040403,교보타워사거리,127.0244473968313343_37.5044514101080111,221.0,15.8,서행,127.0244473968313343_37.5044514101080111|127.0247108420325048_37.5039060466009033|127.0253434781147917_37.5025963782215541
2026-09-04T18:34:05.570303+09:00,신논현역·논현역,신논현역·논현역,POI037,KEY_2,1220027202,봉은사로,1210040401,교보타워사거리,127.0245260087286567_37.5045907813304069,1220036604,보건타임즈,127.0277136842342856_37.5055392843385320,301.0,5.0,정체,127.0277136842342856_37.5055392843385320|127.0258610708307287_37.5049880469825112|127.0253288463886605_37.5048296789477078|127.0252017084722951_37.5047918474566870|127.0245260087286567_37.5045907813304069
2026-09-04T18:34:05.570303+09:00,신논현역·논현역,신논현역·논현역,POI037,KEY_2,1220027301,봉은사로,1220036003,신논현역,127.0252491957505185_37.5046905608852796,1210040402,교보타워사거리,127.0245743023879044_37.5044897355058495,64.0,12.0,정체,127.0245743023879044_37.5044897355058495|127.0252491957505185_37.5046905608852796
2026-09-04T18:34:05.570303+09:00,신논현역·논현역,신논현역·논현역,POI037,KEY_2,1220027302,봉은사로,1220317200,역삼동 800,127.0259085572878206_37.5048867600619360,1220036002,신논현역,127.0253763334646919_37.5047283922381283,50.0,26.0,원활,127.0253763334646919_37.5047283922381283|127.0259085572878206_37.5048867600619360
2026-09-04T18:34:05.570303+09:00,신논현역·논현역,신논현역·논현역,POI037,KEY_2,1220027801,강남대로,1210040404,교보타워사거리,127.0243991052031305_37.5045524553287137,1210042503,HM타워,127.0238275183942562_37.5057614843330143,143.0,6.0,정체,127.0238275183942562_37.5057614843330143|127.0241540090957244_37.5050708914382724|127.0243991052031305_37.5045524553287137
2026-09-04T18:34:05.570303+09:00,신논현역·논현역,신논현역·논현역,POI037,KEY_2,1220027802,강남대로,1210042504,HM타워,127.0237750703768711_37.5058715959127795,1210043403,청하빌딩,127.0232278893486892_37.5070167220657709,136.0,4.0,정체,127.0232278893486892_37.5070167220657709|127.0237750703768711_37.5058715959127795
2026-09-04T18:34:05.570303+09:00,신논현역·논현역,신논현역·논현역,POI037,KEY_2,1220027803,강남대로,1210404600,반포동 749-18,127.0215110784695867_37.5105855711166996,1210046003,논현역앞교차로,127.0212906706428271_37.5110436959506757,54.0,9.0,정체,127.0212906706428271_37.5110436959506757|127.0215110784695867_37.5105855711166996
2026-09-04T18:34:05.570303+09:00,신논현역·논현역,신논현역·논현역,POI037,KEY_2,1220027901,강남대로,1220443400,논현동 280,127.0242810161496863_37.5051089999436158,1210040401,교보타워사거리,127.0245260087286567_37.5045907813304069,61.0,11.0,정체,127.0245260087286567_37.5045907813304069|127.0242810161496863_37.5051089999436158
2026-09-04T18:34:05.570303+09:00,신논현역·논현역,신논현역·논현역,POI037,KEY_2,1220027902,강남대로,1210043402,청하빌딩,127.0233547305241473_37.5070551876010612,1210042501,HM타워,127.0239019098950024_37.5059100608685441,136.0,25.0,원활,127.0239019098950024_37.5059100608685441|127.0233547305241473_37.5070551876010612
2026-09-04T18:34:05.570303+09:00,신논현역·논현역,신논현역·논현역,POI037,KEY_2,1220027903,강남대로,1220309900,논현동 280,127.0225878609492725_37.5086494889239788,1210043401,청하빌딩,127.0232987766696908_37.5071716970898308,176.0,11.0,정체,127.0232987766696908_37.5071716970898308|127.0230474222821186_37.5076941986452752|127.0225878609492725_37.5086494889239788
2026-09-04T18:34:05.570303+09:00,신논현역·논현역,신논현역·논현역,POI037,KEY_2,1220030407,학동로,1220325200,논현동 279-67,127.0221311305263896_37.5114114729703303,1220158004,논현역(서울7호선),127.0227048123846032_37.5115835049169206,54.0,6.0,정체,127.0227048123846032_37.5115835049169206|127.0221311305263896_37.5114114729703303
2026-09-04T18:34:05.570303+09:00,신논현역·논현역,신논현역·논현역,POI037,KEY_2,1220030506,학동로,1220325300,논현동 279-67,127.0221789489386168_37.5113102848538986,1210046002,논현역앞교차로,127.0214176087622775_37.5110819738494570,72.0,20.0,서행,127.0214176087622775_37.5110819738494570|127.0221789489386168_37.5113102848538986
2026-09-04T18:34:05.570303+09:00,신논현역·논현역,신논현역·논현역,POI037,KEY_2,1220030507,학동로,1220041903,주한부탄왕국명예총영사관,127.0234136233973601_37.5116805263399442,1220158002,논현역(서울7호선),127.0228796600953984_37.5115204088512186,50.0,25.0,원활,127.0228796600953984_37.5115204088512186|127.0234136233973601_37.5116805263399442
2026-09-04T18:34:05.570303+09:00,신논현역·논현역,신논현역·논현역,POI037,KEY_2,1220030601,강남대로,1210046004,논현역앞교차로,127.0212424469134902_37.5111447623381054,1210046503,원빌딩,127.0207750873245374_37.5121324472905613,117.0,7.0,정체,127.0207750873245374_37.5121324472905613|127.0208603365410340_37.5119522896699067|127.0212424469134902_37.5111447623381054
2026-09-04T18:34:05.570303+09:00,신논현역·논현역,신논현역·논현역,POI037,KEY_2,1220030701,강남대로,1220383100,논현동 280,127.0209873423382589_37.5119904251618195,1210046001,논현역앞교차로,127.0213693851217158_37.5111830402280262,96.0,8.0,정체,127.0213693851217158_37.5111830402280262|127.0209873423382589_37.5119904251618195
2026-09-04T18:34:05.570303+09:00,신논현역·논현역,신논현역·논현역,POI037,KEY_2,1220064500,테헤란로1길,1220438100,역삼동 858-6,127.0255100549291853_37.5041277615367150,1220036003,신논현역,127.0252491957505185_37.5046905608852796,67.0,13.0,정체,127.0252491957505185_37.5046905608852796|127.0255100549291853_37.5041277615367150
2026-09-04T18:34:05.570303+09:00,신논현역·논현역,신논현역·논현역,POI037,KEY_2,1220073300,강남대로118길,1220285600,논현동 280-21,127.0245724546161910_37.5063437576129388,1210042502,HM타워,127.0239545262593310_37.5057995931114334,82.0,12.0,정체,127.0239545262593310_37.5057995931114334|127.0241796229151134_37.5059761899912516|127.0245724546161910_37.5063437576129388
2026-09-04T18:34:05.570303+09:00,신논현역·논현역,신논현역·논현역,POI037,KEY_2,1220073400,강남대로118길,1220344200,논현동 280-22,127.0260578684266903_37.5071566901156643,1220038404,동진빌라,127.0270270582617940_37.5074525861540309,92.0,9.0,정체,127.0270270582617940_37.5074525861540309|127.0267446316322122_37.5073663616738386|127.0260578684266903_37.5071566901156643
2026-09-04T18:34:05.570303+09:00,신논현역·논현역,신논현역·논현역,POI037,KEY_2,1220076200,강남대로122길,1220383300,논현동 280-21,127.0239585511872207_37.5076461467828892,1210043402,청하빌딩,127.0233547305241473_37.5070551876010612,85.0,12.0,정체,127.0233547305241473_37.5070551876010612|127.0239585511872207_37.5076461467828892
2026-09-04T18:34:05.570303+09:00,신도림역,신도림역,POI038,KEY_3,1160002810,경인로,1160046003,신도림역앞교차로,126.8903424587400792_37.5101498583467645,1160044901,신도림1차푸르지오아파트,126.8874005665339268_37.5084270778164779,324.0,28.0,원활,126.8874005665339268_37.5084270778164779|126.8883045512452412_37.5090891878129966|126.8885921501778000_37.5092764511375876|126.8887544663060396_37.5093640420734502|126.8903424587400792_37.5101498583467645
2026-09-04T18:34:05.570303+09:00,신도림역,신도림역,POI038,KEY_3,1160003000,경인로,1160046101,구로구-영등포구,126.8912321353821966_37.5105628597886351,1160046002,신도림역앞교차로,126.8904555821730611_37.5102041121521665,79.0,29.0,원활,126.8904555821730611_37.5102041121521665|126.8912321353821966_37.5105628597886351
2026-09-04T18:34:05.570303+09:00,신도림역,신도림역,POI038,KEY_3,1180052800,대방천로,1180322300,최소노드배치점,126.8935975656483919_37.5081974894365828,1180021900,남성아파트,126.8912162735914109_37.5112358968431892,408.0,45.0,원활,126.8912162735914109_37.5112358968431892|126.8913272395882075_37.5110271967147852|126.8913932951010111_37.5108770709088546|126.8918343349843099_37.5100955527058417|126.8924223350581855_37.5090805434708088|126.8925032943379847_37.5089685736822602|126.8926007325865726_37.5088423144747836|126.8927176122257805_37.5087220329867606|126.8928584330055003_37.5086017730982491|126.8930067151990073_37.5084946321149744|126.8931864263503542_37.5083815583219149|126.8933870642186577_37.5082828074889605|126.8935975656483919_37.5081974894365828
2026-09-04T18:34:05.570303+09:00,신림역,신림역,POI039,KEY_4,1200004102,신원로,1200018202,신림교(남측),126.9286207564022249_37.4816238943609719,1200018402,신림교(북측),126.9290143862204872_37.4819760796263850,53.0,10.0,정체,126.9290143862204872_37.4819760796263850|126.9286924192674775_37.4817310050226524|126.9286207564022249_37.4816238943609719
2026-09-04T18:34:05.570303+09:00,신림역,신림역,POI039,KEY_4,1200004103,신원로,1200018402,신림교(북측),126.9290143862204872_37.4819760796263850,1200002204,청암두산위브센티움아파트,126.9298127276580317_37.4824928509211759,91.0,11.0,정체,126.9298127276580317_37.4824928509211759|126.9296886447191497_37.4824229406256961|126.9294781618747976_37.4822744658780707|126.9291012539534478_37.4820085923506383|126.9290143862204872_37.4819760796263850
2026-09-04T18:34:05.570303+09:00,신림역,신림역,POI039,KEY_4,1200004202,신원로,1200018401,신림교(북측),126.9290904863204332_37.4818883651078352,1200018201,신림교(남측),126.9287243528422948_37.4815571342682148,49.0,8.0,정체,126.9287243528422948_37.4815571342682148|126.9288021597998153_37.4816652191764348|126.9290904863204332_37.4818883651078352
2026-09-04T18:34:05.570303+09:00,신림역,신림역,POI039,KEY_4,1200004203,신원로,1200134200,신림동 1637-28,126.9295680884739426_37.4821935061319849,1200018401,신림교(북측),126.9290904863204332_37.4818883651078352,55.0,4.0,정체,126.9290904863204332_37.4818883651078352|126.9291765809071393_37.4819173338105003|126.9295680884739426_37.4821935061319849
2026-09-04T18:34:05.570303+09:00,신림역,신림역,POI039,KEY_4,1200006301,신림로,1200128900,신림동 1642-9,126.9297651262775162_37.4829859944651815,1200020103,신림역사거리,126.9296473116667414_37.4842065087380831,136.0,8.0,정체,126.9296473116667414_37.4842065087380831|126.9297127106620167_37.4835290051691103|126.9297651262775162_37.4829859944651815
2026-09-04T18:34:05.570303+09:00,신림역,신림역,POI039,KEY_4,1200006401,신림로,1200126800,신림동 1642-9,126.9298479887308844_37.4835372976435508,1200002201,청암두산위브센티움아파트,126.9299480045151114_37.4825011433319801,115.0,9.0,정체,126.9299480045151114_37.4825011433319801|126.9299004037127929_37.4829942868911843|126.9298479887308844_37.4835372976435508
2026-09-04T18:34:05.570303+09:00,신림역,신림역,POI039,KEY_4,1200007101,남부순환로,1200019201,봉림교앞교차로,126.9259814166635607_37.4838452405197131,1200019302,봉림교,126.9265933890458058_37.4839284039129623,55.0,16.0,서행,126.9265933890458058_37.4839284039129623|126.9259814166635607_37.4838452405197131
2026-09-04T18:34:05.570303+09:00,신림역,신림역,POI039,KEY_4,1200007102,남부순환로,1200019302,봉림교,126.9265933890458058_37.4839284039129623,1200019704,신림빌딩,126.9271300263131081_37.4839919793202796,48.0,27.0,원활,126.9271300263131081_37.4839919793202796|126.9265933890458058_37.4839284039129623
2026-09-04T18:34:05.570303+09:00,신림역,신림역,POI039,KEY_4,1200007103,남부순환로,1200080500,신림동 1467-10,126.9281206685292318_37.4841178312982279,1200020104,신림역사거리,126.9296345705553506_37.4843144004965225,136.0,27.5,원활,126.9296345705553506_37.4843144004965225|126.9281206685292318_37.4841178312982279
2026-09-04T18:34:05.570303+09:00,신림역,신림역,POI039,KEY_4,1200007201,남부순환로,1200019301,봉림교,126.9266147704214944_37.4838216396349608,1200019202,봉림교앞교차로,126.9260042284080470_37.4837386582791297,55.0,14.0,정체,126.9260042284080470_37.4837386582791297|126.9266147704214944_37.4838216396349608
2026-09-04T18:34:05.570303+09:00,신림역,신림역,POI039,KEY_4,1200007202,남부순환로,1200019703,신림빌딩,126.9271499741240774_37.4838850371988528,1200019301,봉림교,126.9266147704214944_37.4838216396349608,48.0,8.0,정체,126.9266147704214944_37.4838216396349608|126.9271499741240774_37.4838850371988528
2026-09-04T18:34:05.570303+09:00,신림역,신림역,POI039,KEY_4,1200007203,남부순환로,1200080600,신림동 1467-10,126.9281424889960022_37.4840111176954167,1200019702,신림빌딩,126.9274148922430072_37.4839166369399663,65.0,7.8,정체,126.9274148922430072_37.4839166369399663|126.9278158896297697_37.4839687083113660|126.9281424889960022_37.4840111176954167
2026-09-04T18:34:05.570303+09:00,신림역,신림역,POI039,KEY_4,1200007902,남부순환로,1200020101,신림역사거리,126.9297686662309843_37.4843316191219031,1200020804,프레콘빌딩,126.9334177978626741_37.4847896255204915,327.0,10.0,정체,126.9334177978626741_37.4847896255204915|126.9313947265893603_37.4845382789214909|126.9297686662309843_37.4843316191219031
2026-09-04T18:34:05.570303+09:00,신림역,신림역,POI039,KEY_4,1200008002,남부순환로,1200020803,프레콘빌딩,126.9334386973421545_37.4846827956256874,1200020102,신림역사거리,126.9297817227290892_37.4842237912787937,327.0,33.5,원활,126.9297817227290892_37.4842237912787937|126.9314158613318000_37.4844314775554039|126.9334386973421545_37.4846827956256874
2026-09-04T18:34:05.570303+09:00,신림역,신림역,POI039,KEY_4,1200009902,신림로,1200020104,신림역사거리,126.9296345705553506_37.4843144004965225,1200021103,속성변화점,126.9295553661489748_37.4848688498997049,62.0,3.0,정체,126.9295553661489748_37.4848688498997049|126.9296345705553506_37.4843144004965225
2026-09-04T18:34:05.570303+09:00,신림역,신림역,POI039,KEY_4,1200009903,신림로,1200105700,신림동 1467-9,126.9289535004739378_37.4870088740843457,1200023903,패션거리입구,126.9287320328464403_37.4875074332781750,59.0,4.0,정체,126.9287320328464403_37.4875074332781750|126.9289535004739378_37.4870088740843457
2026-09-04T18:34:05.570303+09:00,신림역,신림역,POI039,KEY_4,1200010002,신림로,1200021102,신림역(신림선),126.9296901754619284_37.4848810790201838,1200020101,신림역사거리,126.9297686662309843_37.4843316191219031,61.0,19.0,서행,126.9297686662309843_37.4843316191219031|126.9296901754619284_37.4848810790201838
2026-09-04T18:34:05.570303+09:00,신림역,신림역,POI039,KEY_4,1200010003,신림로,1200107300,신림동 1467-10,126.9296502982945611_37.4852749534387613,1200021101,신림역(신림선),126.9296775075418395_37.4849889447568003,32.0,16.0,서행,126.9296775075418395_37.4849889447568003|126.9296502982945611_37.4852749534387613
2026-09-04T18:34:05.570303+09:00,신림역,신림역,POI039,KEY_4,1200034700,관천로,1200018401,신림교(북측),126.9290904863204332_37.4818883651078352,1200017501,웅산빌딩,126.9299789404261389_37.4811381328184083,126.0,4.0,정체,126.9299789404261389_37.4811381328184083|126.9298217809850229_37.4810932390031510|126.9297649329152335_37.4811051246699947|126.9295164022418589_37.4813648240106829|126.9294475460358171_37.4814219969730971|126.9291960249631046_37.4816769266020415|126.9290904863204332_37.4818883651078352
2026-09-04T18:34:05.570303+09:00,신림역,신림역,POI039,KEY_4,1200035100,관천로,1200019301,봉림교,126.9266147704214944_37.4838216396349608,1200018402,신림교(북측),126.9290143862204872_37.4819760796263850,295.0,12.0,정체,126.9290143862204872_37.4819760796263850|126.9290012731884332_37.4820034073762258|126.9287378307599710_37.4822082660947515|126.9275014496326293_37.4831491633948630|126.9267769577677711_37.4837113225239165|126.9266147704214944_37.4838216396349608
2026-09-04T18:34:05.570303+09:00,신림역,신림역,POI039,KEY_4,1200035800,관천로,1200084000,신림동 1433-146,126.9260978536034514_37.4844856918411580,1200019701,신림빌딩,126.9273930706725508_37.4840233507243710,126.0,21.0,서행,126.9273930706725508_37.4840233507243710|126.9268531317812858_37.4841985908938327|126.9263496185242275_37.4843722096447465|126.9261137946958087_37.4844764198908393|126.9260978536034514_37.4844856918411580
2026-09-04T18:34:05.570303+09:00,신림역,신림역,POI039,KEY_4,1200035900,관천로,1200019704,신림빌딩,126.9271300263131081_37.4839919793202796,1200021004,봉림교삼거리,126.9252720732605866_37.4848497357513395,191.0,14.0,정체,126.9252720732605866_37.4848497357513395|126.9255012661441242_37.4846988293717587|126.9260178634568774_37.4843983592746426|126.9260406177968008_37.4843851244896413|126.9262896351738732_37.4842750840857164|126.9268005969255029_37.4840988969223616|126.9271300263131081_37.4839919793202796
2026-09-04T18:34:05.570303+09:00,신림역,신림역,POI039,KEY_4,1200037000,남부순환로187길,1200105000,신림동 1412-2,126.9334057669882583_37.4851541017712648,1200021603,서울관악우체국,126.9333993548549131_37.4853483563466554,22.0,17.0,서행,126.9333993548549131_37.4853483563466554|126.9334057669882583_37.4851541017712648
2026-09-04T18:34:05.570303+09:00,신림역,신림역,POI039,KEY_4,1200037200,신림로64길,1200021603,서울관악우체국,126.9333993548549131_37.4853483563466554,1200021102,신림역(신림선),126.9296901754619284_37.4848810790201838,332.0,9.0,정체,126.9296901754619284_37.4848810790201838|126.9309406511893741_37.4850382794090038|126.9333993548549131_37.4853483563466554
2026-09-04T18:34:05.570303+09:00,신정네거리역,신정네거리역,POI117,KEY_1,1140012300,중앙로,1140304000,신정동 1231,126.8527778798694214_37.5203231384960318,1140020503,신정네거리역앞교차로,126.8524641082912154_37.5210454129062327,85.0,17.5,서행,126.8524641082912154_37.5210454129062327|126.8527778798694214_37.5203231384960318
2026-09-04T18:34:05.570303+09:00,신정네거리역,신정네거리역,POI117,KEY_1,1140012400,중앙로,1140292700,신정동 1092,126.8534166988610536_37.5191903498562382,1140003301,목동10단지앞교차로,126.8538153270405218_37.5182869674380797,106.0,7.5,정체,126.8538153270405218_37.5182869674380797|126.8537622755779211_37.5184071955056453|126.8535160562519053_37.5189651855214876|126.8534166988610536_37.5191903498562382
2026-09-04T18:34:05.570303+09:00,신정네거리역,신정네거리역,POI117,KEY_1,1140014902,신월로,1140243500,신정동 1093,126.8532645566517232_37.5212174537458623,1140020904,신정동 1093,126.8543856987749194_37.5213497353641685,100.0,6.0,정체,126.8543856987749194_37.5213497353641685|126.8532645566517232_37.5212174537458623
2026-09-04T18:34:05.570303+09:00,신정네거리역,신정네거리역,POI117,KEY_1,1140014903,신월로,1140267200,신정동 1093,126.8554773918877174_37.5214758708896383,1140021305,동은빌딩,126.8566435580547562_37.5216053651049535,104.0,6.0,정체,126.8566435580547562_37.5216053651049535|126.8560160057808162_37.5215356815056253|126.8554773918877174_37.5214758708896383
2026-09-04T18:34:05.570303+09:00,신정네거리역,신정네거리역,POI117,KEY_1,1140014906,신월로,1140021306,신정동1093,126.8583322449103576_37.5217928596022290,1140021504,꿈꾸는카멜레온어린이미술관,126.8596132846867874_37.5219356418171444,114.0,7.0,정체,126.8596132846867874_37.5219356418171444|126.8591959897358947_37.5218887510016685|126.8583322449103576_37.5217928596022290
2026-09-04T18:34:05.570303+09:00,신정네거리역,신정네거리역,POI117,KEY_1,1140014907,신월로,1140021302,동은빌딩,126.8567780062629282_37.5216202938004884,1140021309,신정동1093,126.8581977948664274_37.5217779325875256,127.0,7.0,정체,126.8581977948664274_37.5217779325875256|126.8567780062629282_37.5216202938004884
2026-09-04T18:34:05.570303+09:00,신정네거리역,신정네거리역,POI117,KEY_1,1140015001,신월로,1140020603,신정네거리역앞,126.8528554777727635_37.5210598841245044,1140020502,신정네거리역앞교차로,126.8526138493944728_37.5210313723228168,22.0,30.0,원활,126.8526138493944728_37.5210313723228168|126.8528554777727635_37.5210598841245044
2026-09-04T18:34:05.570303+09:00,신정네거리역,신정네거리역,POI117,KEY_1,1140015002,신월로,1140243600,신정동 1093,126.8532844491230094_37.5211105006627648,1140020602,신정네거리역앞,126.8530325905116598_37.5210807827743906,23.0,41.5,원활,126.8530325905116598_37.5210807827743906|126.8532844491230094_37.5211105006627648
2026-09-04T18:34:05.570303+09:00,신정네거리역,신정네거리역,POI117,KEY_1,1140015003,신월로,1140267100,신정동 1093,126.8554961365460656_37.5213687864358008,1140020902,신정동 1093,126.8545569843418690_37.5212606440898142,84.0,34.7,원활,126.8545569843418690_37.5212606440898142|126.8551125002585565_37.5213261838740664|126.8554961365460656_37.5213687864358008
2026-09-04T18:34:05.570303+09:00,신정네거리역,신정네거리역,POI117,KEY_1,1140015005,신월로,1140272400,신정동 1094,126.8610576912007701_37.5219887458859915,1140021502,꿈꾸는카멜레온어린이미술관,126.8597665692237371_37.5218436752577844,115.0,22.0,서행,126.8597665692237371_37.5218436752577844|126.8608449515332666_37.5219648434398678|126.8610576912007701_37.5219887458859915
2026-09-04T18:34:05.570303+09:00,신정네거리역,신정네거리역,POI117,KEY_1,1140015006,신월로,1140021308,신정동1093,126.8582165356956324_37.5216708475291441,1140021303,동은빌딩,126.8567967490803738_37.5215132089686207,127.0,34.5,원활,126.8567967490803738_37.5215132089686207|126.8582165356956324_37.5216708475291441
2026-09-04T18:34:05.570303+09:00,신정네거리역,신정네거리역,POI117,KEY_1,1140015007,신월로,1140021503,꿈꾸는카멜레온어린이미술관,126.8596321536522282_37.5218285714619171,1140021307,신정동1093,126.8583509854924927_37.5216857745389447,114.0,11.0,정체,126.8583509854924927_37.5216857745389447|126.8592148414391971_37.5217816785654037|126.8596321536522282_37.5218285714619171
2026-09-04T18:34:05.570303+09:00,신정네거리역,신정네거리역,POI117,KEY_1,1140015902,중앙로,1140020504,신정네거리역앞교차로,126.8523200137848335_37.5213068059378259,1140022603,명성빌딩,126.8516685864229601_37.5225158329285406,146.0,6.3,정체,126.8516685864229601_37.5225158329285406|126.8517987058371261_37.5222713272162238|126.8519436904784499_37.5219988863798335|126.8521324176756337_37.5216442455826495|126.8523200137848335_37.5213068059378259
2026-09-04T18:34:05.570303+09:00,신정네거리역,신정네거리역,POI117,KEY_1,1140016001,중앙로,1140118300,신정동 1092,126.8520686739882422_37.5220410804103963,1140020501,신정네거리역앞교차로,126.8525640943406501_37.5211348016249673,110.0,19.0,서행,126.8525640943406501_37.5211348016249673|126.8522569777203586_37.5216872332956370|126.8520686739882422_37.5220410804103963
2026-09-04T18:34:05.570303+09:00,신정네거리역,신정네거리역,POI117,KEY_1,1140016106,신월로,1140022001,신월동 895,126.8507094594277902_37.5223133908582369,1140020504,신정네거리역앞교차로,126.8523200137848335_37.5213068059378259,182.0,22.0,서행,126.8523200137848335_37.5213068059378259|126.8521160507619499_37.5214639048480976|126.8510318117103566_37.5221668925016729|126.8508268269855961_37.5222704255984212|126.8507094594277902_37.5223133908582369
2026-09-04T18:34:05.570303+09:00,신정네거리역,신정네거리역,POI117,KEY_1,1140054801,중앙로34길,1140019405,신정1동주민센터,126.8538796784740867_37.5193821376289378,1140020603,신정네거리역앞,126.8528554777727635_37.5210598841245044,222.0,17.0,서행,126.8528554777727635_37.5210598841245044|126.8535934020350737_37.5205511930761588|126.8536999963924075_37.5204621007117112|126.8537692383027178_37.5203712086594976|126.8537955704803295_37.5202940803262450|126.8538126090800660_37.5201853955234341|126.8538219892636931_37.5201255616303442|126.8538796784740867_37.5193821376289378
2026-09-04T18:34:05.570303+09:00,신정네거리역,신정네거리역,POI117,KEY_1,1140054802,중앙로34길,1140019409,목동10단지앞,126.8539734917989961_37.5183344603548790,1140019404,신정1동주민센터,126.8538880871001027_37.5192737759540336,105.0,7.0,정체,126.8538880871001027_37.5192737759540336|126.8539379775177309_37.5186308268166684|126.8539734917989961_37.5183344603548790
2026-09-04T18:34:05.570303+09:00,신정네거리역,신정네거리역,POI117,KEY_1,1140054901,중앙로34길,1140019403,신정1동주민센터,126.8540235698495025_37.5192804456659488,1140019406,목동10단지앞,126.8541051135368178_37.5183739826820073,101.0,25.0,원활,126.8541051135368178_37.5183739826820073|126.8540733198426267_37.5186393004506940|126.8540235698495025_37.5192804456659488
2026-09-04T18:34:05.570303+09:00,신정네거리역,신정네거리역,POI117,KEY_1,1140054902,중앙로34길,1140186400,신정동 1146,126.8539473066920351_37.5201987921083031,1140019402,신정1동주민센터,126.8540151614070339_37.5193888074719695,90.0,12.0,정체,126.8540151614070339_37.5193888074719695|126.8539572124395534_37.5201356047961312|126.8539473066920351_37.5201987921083031
2026-09-04T18:34:05.570303+09:00,신정네거리역,신정네거리역,POI117,KEY_1,1140055900,은행정로,1140166500,신정동 1125,126.8597165347587321_37.5213433547744302,1140021503,꿈꾸는카멜레온어린이미술관,126.8596321536522282_37.5218285714619171,54.0,14.0,정체,126.8596321536522282_37.5218285714619171|126.8597165347587321_37.5213433547744302
2026-09-04T18:34:05.570303+09:00,신정네거리역,신정네거리역,POI117,KEY_1,1140058000,오목로30길,1140150600,신정동 1106,126.8546981085227401_37.5223329762819091,1140020901,신정동 1093,126.8545370935655114_37.5213675973558196,111.0,12.0,정체,126.8545370935655114_37.5213675973558196|126.8547338215463469_37.5218205968237299|126.8547705802692747_37.5219357855826985|126.8546981085227401_37.5223329762819091
2026-09-04T18:34:05.570303+09:00,신정네거리역,신정네거리역,POI117,KEY_1,1140058400,오목로38길,1140137400,신정동 1105,126.8566236011362918_37.5225408124600364,1140021302,동은빌딩,126.8567780062629282_37.5216202938004884,103.0,6.0,정체,126.8567780062629282_37.5216202938004884|126.8566236011362918_37.5225408124600364
2026-09-04T18:34:05.570303+09:00,신정네거리역,신정네거리역,POI117,KEY_1,1140058600,은행정로,1140207400,신정동 1113,126.8596569688713629_37.5224588897148266,1140021501,꿈꾸는카멜레온어린이미술관,126.8597477005454266_37.5219507456227035,57.0,7.0,정체,126.8597477005454266_37.5219507456227035|126.8596569688713629_37.5224588897148266
2026-09-04T18:34:05.570303+09:00,신정네거리역,신정네거리역,POI117,KEY_1,1140276400,중앙로36길,1140262500,신정동 1050-36,126.8547144854327797_37.5193650062674351,1140019403,신정1동주민센터,126.8540235698495025_37.5192804456659488,62.0,18.0,서행,126.8540235698495025_37.5192804456659488|126.8547084315488149_37.5193643641604027|126.8547144854327797_37.5193650062674351
2026-09-04T18:34:05.570303+09:00,신정네거리역,신정네거리역,POI117,KEY_1,1140277700,신월로36길,1140175700,신정동 1323-2,126.8584682314931626_37.5203048399161645,1140108303,신정동1125,126.8583172237674432_37.5211313429453099,93.0,16.0,서행,126.8583172237674432_37.5211313429453099|126.8583812989856057_37.5208181099124545|126.8583818978566029_37.5208145740617596|126.8584682314931626_37.5203048399161645
2026-09-04T18:34:05.570303+09:00,신정네거리역,신정네거리역,POI117,KEY_1,1140277900,신월로36길,1140021307,신정동1093,126.8583509854924927_37.5216857745389447,1140108301,신정동1125,126.8584307373469926_37.5212539233509972,48.0,8.0,정체,126.8584307373469926_37.5212539233509972|126.8583509854924927_37.5216857745389447
2026-09-04T18:34:05.570303+09:00,신정네거리역,신정네거리역,POI117,KEY_1,1140278000,신월로36길,1140108304,신정동1125,126.8582964364918979_37.5212381891154365,1140021308,신정동1093,126.8582165356956324_37.5216708475291441,49.0,19.0,서행,126.8582165356956324_37.5216708475291441|126.8582964364918979_37.5212381891154365
2026-09-04T18:34:05.570303+09:00,신정네거리역,신정네거리역,POI117,KEY_1,1140278200,은행정로5길,1140134600,신정동 1127,126.8569637813919257_37.5210795349276367,1140108304,신정동1125,126.8582964364918979_37.5212381891154365,119.0,19.0,서행,126.8582964364918979_37.5212381891154365|126.8569637813919257_37.5210795349276367
2026-09-04T18:34:05.570303+09:00,신촌·이대역,신촌·이대역,POI040,KEY_2,1120000100,신촌로,1120088400,대현동 60-11,126.9446865403610190_37.5567732537023247,1120000209,이대역앞교차로,126.9458093614291130_37.5568354550338697,99.0,5.0,정체,126.9458093614291130_37.5568354550338697|126.9446865403610190_37.5567732537023247
2026-09-04T18:34:05.570303+09:00,신촌·이대역,신촌·이대역,POI040,KEY_2,1120000404,신촌로,1130263200,대흥동 3-63,126.9464914102469635_37.5567658919320806,1120000207,이대역앞교차로,126.9459501043940008_37.5567349831730724,48.0,36.0,원활,126.9459501043940008_37.5567349831730724|126.9464914102469635_37.5567658919320806
2026-09-04T18:34:05.570303+09:00,신촌·이대역,신촌·이대역,POI040,KEY_2,1120002701,신촌역로,1120071600,대현동 60-11,126.9427680418913411_37.5578961046815536,1120004602,신촌역,126.9427440310376340_37.5585203049646097,69.0,8.0,정체,126.9427440310376340_37.5585203049646097|126.9427680418913411_37.5578961046815536
2026-09-04T18:34:05.570303+09:00,신촌·이대역,신촌·이대역,POI040,KEY_2,1120002801,신촌역로,1120115700,대현동 60-11,126.9429316939373678_37.5571739776181843,1130029101,신촌기차역입구교차로,126.9429508064184517_37.5566770773961380,55.0,15.5,서행,126.9429508064184517_37.5566770773961380|126.9429316939373678_37.5571739776181843
2026-09-04T18:34:05.570303+09:00,신촌·이대역,신촌·이대역,POI040,KEY_2,1120002802,신촌역로,1120005103,신촌역,126.9428490112470627_37.5589999804080819,1120004601,신촌역,126.9428797809855354_37.5585236143059831,53.0,12.5,정체,126.9428797809855354_37.5585236143059831|126.9428522809412954_37.5589815940035621|126.9428490112470627_37.5589999804080819
2026-09-04T18:34:05.570303+09:00,신촌·이대역,신촌·이대역,POI040,KEY_2,1120003002,이화여대길,1120050200,대현동 60-11,126.9459111121087034_37.5573503317707704,1120000206,이대역앞교차로,126.9459449283367718_37.5568430846451875,56.0,12.0,정체,126.9459449283367718_37.5568430846451875|126.9459370069837689_37.5570327600623557|126.9459111121087034_37.5573503317707704
2026-09-04T18:34:05.570303+09:00,신촌·이대역,신촌·이대역,POI040,KEY_2,1120003101,명물길,1120103200,창천동 31-62,126.9387014712648210_37.5585993116674715,1120004903,북경어언대학교,126.9392103198794786_37.5589742883029700,61.0,13.0,정체,126.9392103198794786_37.5589742883029700|126.9391313904544205_37.5589213056300650|126.9387014712648210_37.5585993116674715
2026-09-04T18:34:05.570303+09:00,신촌·이대역,신촌·이대역,POI040,KEY_2,1120003102,명물길,1120057200,창천동 31-64,126.9402143091177209_37.5591519755949577,1120001504,명물거리교차로,126.9403451527086730_37.5591543062232276,12.0,24.7,서행,126.9403451527086730_37.5591543062232276|126.9402143091177209_37.5591519755949577
2026-09-04T18:34:05.570303+09:00,신촌·이대역,신촌·이대역,POI040,KEY_2,1120003201,명물길,1120098800,창천동 18-54,126.9375123444595204_37.5575602259048438,1120004502,현대백화점유플렉스(신촌점),126.9369730969373080_37.5572180933913842,61.0,19.0,서행,126.9369730969373080_37.5572180933913842|126.9371287798259686_37.5572890262117483|126.9374266006236667_37.5574960038265644|126.9375123444595204_37.5575602259048438
2026-09-04T18:34:05.570303+09:00,신촌·이대역,신촌·이대역,POI040,KEY_2,1120003202,명물길,1120099300,창천동 31-64,126.9399922025746577_37.5590398721991008,1120004901,북경어언대학교,126.9394401770155696_37.5589847229875957,50.0,5.0,정체,126.9394401770155696_37.5589847229875957|126.9395187556796856_37.5590205224607772|126.9395956552481550_37.5590328072777240|126.9399922025746577_37.5590398721991008
2026-09-04T18:34:05.570303+09:00,신촌·이대역,신촌·이대역,POI040,KEY_2,1120003301,연세로,1120004504,현대백화점유플렉스(신촌점),126.9368371308242018_37.5572889150469535,1120004803,창천동 30-18,126.9368510014508757_37.5588996821571541,179.0,14.0,정체,126.9368510014508757_37.5588996821571541|126.9368340470399659_37.5574372784594317|126.9368371308242018_37.5572889150469535
2026-09-04T18:34:05.570303+09:00,신촌·이대역,신촌·이대역,POI040,KEY_2,1120003302,연세로,1120004804,창천동 30-18,126.9368505138006498_37.5590108985973998,1120005503,연세대앞교차로,126.9368364800660771_37.5599930891343377,109.0,10.0,정체,126.9368364800660771_37.5599930891343377|126.9368505138006498_37.5590108985973998
2026-09-04T18:34:05.570303+09:00,신촌·이대역,신촌·이대역,POI040,KEY_2,1120003401,연세로,1120004802,창천동 30-18,126.9369867245719377_37.5588913341097239,1120004501,현대백화점유플렉스(신촌점),126.9369718556757505_37.5573421030471337,172.0,12.0,정체,126.9369718556757505_37.5573421030471337|126.9369698696455231_37.5574376736014486|126.9369867245719377_37.5588913341097239
2026-09-04T18:34:05.570303+09:00,신촌·이대역,신촌·이대역,POI040,KEY_2,1120003402,연세로,1120005502,연세대앞교차로,126.9369722907914309_37.5599940789319859,1120004801,창천동 30-18,126.9369864978419571_37.5589996318879216,110.0,4.0,정체,126.9369864978419571_37.5589996318879216|126.9369722907914309_37.5599940789319859
2026-09-04T18:34:05.570303+09:00,신촌·이대역,신촌·이대역,POI040,KEY_2,1120003501,이화여대길,1120005002,신촌역,126.9420267726184761_37.5591801830420735,1120005104,신촌역,126.9426661573823623_37.5591824608859142,57.0,11.0,정체,126.9426661573823623_37.5591824608859142|126.9426586391526541_37.5591822440454948|126.9421138457002485_37.5591743855017910|126.9420267726184761_37.5591801830420735
2026-09-04T18:34:05.570303+09:00,신촌·이대역,신촌·이대역,POI040,KEY_2,1120003502,신촌역로,1120001501,명물거리교차로,126.9404809387878714_37.5591565534944891,1120005002,신촌역,126.9420267726184761_37.5591801830420735,137.0,13.0,정체,126.9420267726184761_37.5591801830420735|126.9415767821894292_37.5591733065980620|126.9412142365348615_37.5591677651764968|126.9408768439811013_37.5591626072131248|126.9404809387878714_37.5591565534944891
2026-09-04T18:34:05.570303+09:00,신촌·이대역,신촌·이대역,POI040,KEY_2,1120003601,신촌역로,1120114700,창천동 31-64,126.9408794518354000_37.5590545075459303,1120001502,명물거리교차로,126.9404835471664086_37.5590484540526717,35.0,17.0,서행,126.9404835471664086_37.5590484540526717|126.9408794518354000_37.5590545075459303
2026-09-04T18:34:05.570303+09:00,신촌·이대역,신촌·이대역,POI040,KEY_2,1120003801,이화여대길,1120069800,대현동 60-11,126.9436423389426665_37.5591035513754079,1120005102,신촌역,126.9429796664790473_37.5590839814278610,59.0,12.0,정체,126.9429796664790473_37.5590839814278610|126.9434309302908161_37.5590989851527581|126.9436423389426665_37.5591035513754079
2026-09-04T18:34:05.570303+09:00,신촌·이대역,신촌·이대역,POI040,KEY_2,1120003901,신촌역로,1120001504,명물거리교차로,126.9403451527086730_37.5591543062232276,1120005402,세브란스병원입구,126.9403236648437030_37.5598832986994040,81.0,21.5,서행,126.9403236648437030_37.5598832986994040|126.9403451527086730_37.5591543062232276
2026-09-04T18:34:05.570303+09:00,신촌·이대역,신촌·이대역,POI040,KEY_2,1120004401,성산로,1120005700,세브란스병원입구,126.9399697271517624_37.5600298889541833,1120005502,연세대앞교차로,126.9369722907914309_37.5599940789319859,265.0,9.0,정체,126.9369722907914309_37.5599940789319859|126.9381957544518968_37.5600239454363845|126.9383304604905334_37.5600259947314896|126.9392179638289520_37.5600335435028612|126.9394831195383091_37.5600177212536508|126.9396777836779791_37.5599969609922439|126.9398686749726863_37.5600119581510583|126.9399697271517624_37.5600298889541833
2026-09-04T18:34:05.570303+09:00,신촌·이대역,신촌·이대역,POI040,KEY_2,1120004403,성산로,1120001902,세브란스병원입구,126.9406365826691854_37.5602535248457912,1120005700,세브란스병원입구,126.9399697271517624_37.5600298889541833,65.0,6.0,정체,126.9399697271517624_37.5600298889541833|126.9402429363548492_37.5600866443863382|126.9404262960347580_37.5601582545694228|126.9405647286410925_37.5602417602446934|126.9406365826691854_37.5602535248457912
2026-09-04T18:34:05.570303+09:00,신촌·이대역,신촌·이대역,POI040,KEY_2,1120014200,신촌로,1130028200,신촌로터리,126.9362638695840104_37.5553903889948231,1120004300,현대백화점(신촌점),126.9368030588893959_37.5556219621744134,57.0,23.0,서행,126.9368030588893959_37.5556219621744134|126.9367619707854544_37.5555447886619120|126.9365015572182216_37.5554290301989795|126.9362638695840104_37.5553903889948231
2026-09-04T18:34:05.570303+09:00,신촌·이대역,신촌·이대역,POI040,KEY_2,1120014300,연세로5길,1120004503,현대백화점유플렉스(신촌점),126.9368363451414297_37.5571751207012667,1130028301,신촌현대백화점,126.9352769143878135_37.5557459412116970,218.0,20.0,서행,126.9352769143878135_37.5557459412116970|126.9355227188717095_37.5561809513214655|126.9356969741435961_37.5564893345166482|126.9357357833693243_37.5565340280943047|126.9357546442551836_37.5565557486909398|126.9367282221445237_37.5571473890112912|126.9368363451414297_37.5571751207012667
2026-09-04T18:34:05.570303+09:00,신촌·이대역,신촌·이대역,POI040,KEY_2,1120014400,연세로5길,1120046000,창천동 53-47,126.9356240685518031_37.5565955099592088,1120004504,현대백화점유플렉스(신촌점),126.9368371308242018_37.5572889150469535,133.0,6.0,정체,126.9368371308242018_37.5572889150469535|126.9366643652368651_37.5572446039108812|126.9356551527703942_37.5566313071096900|126.9356240685518031_37.5565955099592088
2026-09-04T18:34:05.570303+09:00,신촌·이대역,신촌·이대역,POI040,KEY_2,1120014600,신촌역로,1120004602,신촌역,126.9427440310376340_37.5585203049646097,1120005001,신촌역,126.9420293779965050_37.5590720827057183,95.0,14.0,정체,126.9420293779965050_37.5590720827057183|126.9421437304203835_37.5590560677133638|126.9422389637944093_37.5590308801191455|126.9426919759452090_37.5587183341767812|126.9427399358533393_37.5586554228029499|126.9427440310376340_37.5585203049646097
2026-09-04T18:34:05.570303+09:00,신촌·이대역,신촌·이대역,POI040,KEY_2,1120014800,연세로12길,1120004801,창천동 30-18,126.9369864978419571_37.5589996318879216,1120004904,북경어언대학교,126.9393727178320859_37.5590785623916332,211.0,14.0,정체,126.9393727178320859_37.5590785623916332|126.9389022167064809_37.5590898448829122|126.9369864978419571_37.5589996318879216
2026-09-04T18:34:05.570303+09:00,신촌·이대역,신촌·이대역,POI040,KEY_2,1120015000,성산로22길,1120088900,창천동 70-59,126.9345245647633504_37.5591495266209137,1120004804,창천동 30-18,126.9368505138006498_37.5590108985973998,211.0,13.0,정체,126.9368505138006498_37.5590108985973998|126.9367700942083559_37.5590260958107223|126.9363607042080844_37.5590258758581754|126.9349766718667780_37.5589958955722949|126.9349592890310134_37.5589955189298124|126.9345722423701091_37.5590852696270119|126.9345245647633504_37.5591495266209137
2026-09-04T18:34:05.570303+09:00,신촌·이대역,신촌·이대역,POI040,KEY_2,1120015200,신촌역로,1120005402,세브란스병원입구,126.9403236648437030_37.5598832986994040,1120005700,세브란스병원입구,126.9399697271517624_37.5600298889541833,38.0,19.0,서행,126.9399697271517624_37.5600298889541833|126.9401906078274891_37.5599912626938561|126.9403000000014856_37.5599500001454203|126.9403236648437030_37.5598832986994040
2026-09-04T18:34:05.570303+09:00,신촌·이대역,신촌·이대역,POI040,KEY_2,1120015501,북아현로11길,1120110000,대현동 62-13,126.9461402896745028_37.5587493431421393,1120004707,무궁화상가아파트,126.9457971823491818_37.5587475204387502,30.0,13.0,정체,126.9457971823491818_37.5587475204387502|126.9461402896745028_37.5587493431421393
2026-09-04T18:34:05.570303+09:00,신촌·이대역,신촌·이대역,POI040,KEY_2,1120061600,신촌로,1130243700,노고산동 31-123,126.9378979886779319_37.5553264048270492,1130027600,신촌로터리,126.9375535313722594_37.5552189146085595,33.0,17.0,서행,126.9375535313722594_37.5552189146085595|126.9376883483507896_37.5552573962598544|126.9378979886779319_37.5553264048270492
2026-09-04T18:34:05.570303+09:00,신촌·이대역,신촌·이대역,POI040,KEY_2,1120061700,연세로,1120004502,현대백화점유플렉스(신촌점),126.9369730969373080_37.5572180933913842,1120004200,신촌역(서울2호선),126.9369388461816897_37.5556200624915562,177.0,12.0,정체,126.9369388461816897_37.5556200624915562|126.9369730969373080_37.5572180933913842
2026-09-04T18:34:05.570303+09:00,신촌·이대역,신촌·이대역,POI040,KEY_2,1120061900,신촌로,1120035100,대현동 60-11,126.9422602990258042_37.5566379052705770,1130029104,신촌기차역입구교차로,126.9428152251685447_37.5566694693811343,49.0,13.0,정체,126.9428152251685447_37.5566694693811343|126.9422602990258042_37.5566379052705770
2026-09-04T18:34:05.570303+09:00,신촌·이대역,신촌·이대역,POI040,KEY_2,1120062000,연세로,1120004300,현대백화점(신촌점),126.9368030588893959_37.5556219621744134,1120004503,현대백화점유플렉스(신촌점),126.9368363451414297_37.5571751207012667,172.0,13.5,정체,126.9368363451414297_37.5571751207012667|126.9368030588893959_37.5556219621744134
2026-09-04T18:34:05.570303+09:00,신촌·이대역,신촌·이대역,POI040,KEY_2,1130002903,신촌로,1130027304,신촌로터리,126.9367463936915783_37.5551491321864219,1130027800,신촌로터리,126.9362078795990669_37.5552918851353184,50.0,19.0,서행,126.9362078795990669_37.5552918851353184|126.9362843096010209_37.5552643504737276|126.9364926549409489_37.5552010586219964|126.9366443811309324_37.5551666346300124|126.9367463936915783_37.5551491321864219
2026-09-04T18:34:05.570303+09:00,신촌·이대역,신촌·이대역,POI040,KEY_2,1130003001,신촌로,1120065800,창천동 30-17,126.9340762364727908_37.5561712001553190,1130028304,신촌현대백화점,126.9351529989082650_37.5557901862083625,104.0,20.0,서행,126.9351529989082650_37.5557901862083625|126.9340762364727908_37.5561712001553190
2026-09-04T18:34:05.570303+09:00,신촌·이대역,신촌·이대역,POI040,KEY_2,1130003002,신촌로,1120063200,창천동 30-16,126.9359793082337546_37.5554929038804843,1130028200,신촌로터리,126.9362638695840104_37.5553903889948231,28.0,13.0,정체,126.9362638695840104_37.5553903889948231|126.9359793082337546_37.5554929038804843
2026-09-04T18:34:05.570303+09:00,신촌·이대역,신촌·이대역,POI040,KEY_2,1130003003,신촌로,1130028200,신촌로터리,126.9362638695840104_37.5553903889948231,1130027305,신촌로터리,126.9367949040171339_37.5552525850785059,50.0,7.0,정체,126.9367949040171339_37.5552525850785059|126.9367822077433345_37.5552535889944465|126.9366773331614553_37.5552715833811135|126.9365355543422140_37.5553037503571261|126.9363365592773363_37.5553642010740631|126.9362638695840104_37.5553903889948231
2026-09-04T18:34:05.570303+09:00,신촌·이대역,신촌·이대역,POI040,KEY_2,1130003101,신촌로,1130027301,신촌로터리,126.9369309039101665_37.5552479096703777,1130028100,신촌로터리,126.9375107828557248_37.5553215381359138,52.0,5.0,정체,126.9375107828557248_37.5553215381359138|126.9374120463708664_37.5552954695353094|126.9372367545836511_37.5552633433213288|126.9370612427232459_37.5552495051776276|126.9369309039101665_37.5552479096703777
2026-09-04T18:34:05.570303+09:00,신촌·이대역,신촌·이대역,POI040,KEY_2,1130003201,신촌로,1130027600,신촌로터리,126.9375535313722594_37.5552189146085595,1130027302,신촌로터리,126.9369363048809589_37.5551398431720429,56.0,30.0,원활,126.9369363048809589_37.5551398431720429|126.9370689919941668_37.5551414670887596|126.9372587703670519_37.5551564300398013|126.9374487359331596_37.5551912462659345|126.9375535313722594_37.5552189146085595
2026-09-04T18:34:05.570303+09:00,신촌·이대역,신촌·이대역,POI040,KEY_2,1130015002,백범로,1130027302,신촌로터리,126.9369363048809589_37.5551398431720429,1130026300,신촌로터리,126.9370076539618566_37.5545626830804551,64.0,4.0,정체,126.9370076539618566_37.5545626830804551|126.9369363048809589_37.5551398431720429
2026-09-04T18:34:05.570303+09:00,신촌·이대역,신촌·이대역,POI040,KEY_2,1130016101,서강로,1130105400,노고산동 31-123,126.9360124624394928_37.5545948546319508,1130026900,신촌로터리,126.9362469698456266_37.5547336229279907,26.0,23.0,서행,126.9362469698456266_37.5547336229279907|126.9360124624394928_37.5545948546319508
2026-09-04T18:34:05.570303+09:00,신촌·이대역,신촌·이대역,POI040,KEY_2,1130016102,서강로,1130026900,신촌로터리,126.9362469698456266_37.5547336229279907,1130027304,신촌로터리,126.9367463936915783_37.5551491321864219,64.0,22.0,서행,126.9367463936915783_37.5551491321864219|126.9366482286148994_37.5550253909116165|126.9363557341915083_37.5548026529712615|126.9362469698456266_37.5547336229279907
2026-09-04T18:34:05.570303+09:00,신촌·이대역,신촌·이대역,POI040,KEY_2,1130016202,서강로,1130027303,신촌로터리,126.9368133181621232_37.5550310181252058,1130026700,신촌로터리,126.9363297908926853_37.5546479548134542,61.0,6.7,정체,126.9363297908926853_37.5546479548134542|126.9364451665790341_37.5547211401372962|126.9367541497696266_37.5549564339847848|126.9368133181621232_37.5550310181252058
2026-09-04T18:34:05.570303+09:00,신촌·이대역,신촌·이대역,POI040,KEY_2,1130053700,신촌로,1130027600,신촌로터리,126.9375535313722594_37.5552189146085595,1130026300,신촌로터리,126.9370076539618566_37.5545626830804551,87.0,16.0,서행,126.9370076539618566_37.5545626830804551|126.9375535313722594_37.5552189146085595
2026-09-04T18:34:05.570303+09:00,신촌·이대역,신촌·이대역,POI040,KEY_2,1130054000,서강로,1130026900,신촌로터리,126.9362469698456266_37.5547336229279907,1130027800,신촌로터리,126.9362078795990669_37.5552918851353184,66.0,16.0,서행,126.9362078795990669_37.5552918851353184|126.9362774483328025_37.5552146864900038|126.9363062591853719_37.5551384172764813|126.9363230977790380_37.5550564211653537|126.9363327714613661_37.5549477201242823|126.9363184780678608_37.5548542645506771|126.9362469698456266_37.5547336229279907
2026-09-04T18:34:05.570303+09:00,쌍문역,쌍문역,POI070,KEY_3,1080011301,도봉로,1080060100,수유동 140,127.0306004514326617_37.6426841969638559,1080017102,강북구-도봉구,127.0308257491886792_37.6428931106192053,31.0,11.0,정체,127.0308257491886792_37.6428931106192053|127.0306004514326617_37.6426841969638559
2026-09-04T18:34:05.570303+09:00,쌍문역,쌍문역,POI070,KEY_3,1090000904,우이천로,1090005403,번창교,127.0318933286728367_37.6426051578388083,1090000702,우이교앞교차로,127.0311828397790350_37.6430569437685492,80.0,11.0,정체,127.0311828397790350_37.6430569437685492|127.0318933286728367_37.6426051578388083
2026-09-04T18:34:05.570303+09:00,쌍문역,쌍문역,POI070,KEY_3,1090001004,우이천로,1090000701,우이교앞교차로,127.0312724373789877_37.6431384065756944,1090005404,번창교,127.0319809335181702_37.6426878882124569,80.0,10.0,정체,127.0319809335181702_37.6426878882124569|127.0312724373789877_37.6431384065756944
2026-09-04T18:34:05.570303+09:00,쌍문역,쌍문역,POI070,KEY_3,1090001500,우이천로,1090000703,우이교앞교차로,127.0310729519188158_37.6431211684896070,1090000902,한일병원,127.0279685895414303_37.6450803801061440,350.0,10.5,정체,127.0279685895414303_37.6450803801061440|127.0280970845996933_37.6449964844622755|127.0284654183674178_37.6447559940197536|127.0287300641372070_37.6445832012974151|127.0287440560925489_37.6445740656200698|127.0291467962950946_37.6443195262820893|127.0303466242784936_37.6435611940581438|127.0308594191241554_37.6432370817667845|127.0310729519188158_37.6431211684896070
2026-09-04T18:34:05.570303+09:00,쌍문역,쌍문역,POI070,KEY_3,1090001600,우이천로,1090097600,쌍문동 83-10,127.0304312281127466_37.6436458315402973,1090000704,우이교앞교차로,127.0311629794475863_37.6432032074832321,81.0,14.0,정체,127.0311629794475863_37.6432032074832321|127.0309401577308392_37.6433241623639816|127.0304312281127466_37.6436458315402973
2026-09-04T18:34:05.570303+09:00,쌍문역,쌍문역,POI070,KEY_3,1090001702,도봉로,1090057800,쌍문동 83-8,127.0322645121424188_37.6446330103546600,1090001303,창동시장입구교차로,127.0333679558157627_37.6464986566063828,229.0,25.0,원활,127.0333679558157627_37.6464986566063828|127.0326215714648015_37.6452398113717877|127.0325635966364075_37.6451416305438258|127.0322645121424188_37.6446330103546600
2026-09-04T18:34:05.570303+09:00,쌍문역,쌍문역,POI070,KEY_3,1090001801,도봉로,1090057900,창동 703-9,127.0323876826054175_37.6445872158534343,1090000701,우이교앞교차로,127.0312724373789877_37.6431384065756944,189.0,17.0,서행,127.0312724373789877_37.6431384065756944|127.0313379882501721_37.6431972177101386|127.0315344838842435_37.6433976928929965|127.0317063615047317_37.6435881292882257|127.0318399394393509_37.6437483018028090|127.0319611171275511_37.6439100560457618|127.0320824040946093_37.6440796622059537|127.0322036071876823_37.6442741759624582|127.0323876826054175_37.6445872158534343
2026-09-04T18:34:05.570303+09:00,쌍문역,쌍문역,POI070,KEY_3,1090001802,도봉로,1090001302,창동시장입구교차로,127.0334909458621269_37.6464525507448045,1090006001,창동 703-9,127.0327445598980489_37.6451937062792226,154.0,29.0,원활,127.0327445598980489_37.6451937062792226|127.0334909458621269_37.6464525507448045
2026-09-04T18:34:05.570303+09:00,쌍문역,쌍문역,POI070,KEY_3,1090002901,도봉로110길,1090001301,창동시장입구교차로,127.0335489194755070_37.6465503488024709,1090006804,창동 703-6,127.0342878211482969_37.6462731281989917,72.0,8.0,정체,127.0342878211482969_37.6462731281989917|127.0340935174179151_37.6463460275834763|127.0335489194755070_37.6465503488024709
2026-09-04T18:34:05.570303+09:00,쌍문역,쌍문역,POI070,KEY_3,1090003001,도봉로110길,1090104700,창동 703-6,127.0340354943073748_37.6462482478843796,1090001302,창동시장입구교차로,127.0334909458621269_37.6464525507448045,53.0,15.0,서행,127.0334909458621269_37.6464525507448045|127.0340354943073748_37.6462482478843796
2026-09-04T18:34:05.570303+09:00,쌍문역,쌍문역,POI070,KEY_3,1090003002,도봉로110길,1090080200,창동 703-7,127.0357360179233837_37.6461069649814846,1090006802,창동 703-6,127.0343549840734454_37.6461328281547765,124.0,18.0,서행,127.0343549840734454_37.6461328281547765|127.0345012774259459_37.6460886710330769|127.0346261544876967_37.6460608796433576|127.0347246771475653_37.6460514498211580|127.0348610739236506_37.6460494013026832|127.0357360179233837_37.6461069649814846
2026-09-04T18:34:05.570303+09:00,쌍문역,쌍문역,POI070,KEY_3,1090003700,도봉로,1090135200,쌍문동 83-5,127.0350228266440666_37.6492923382218478,1090002003,정의여중고교입구교차로,127.0362215685676404_37.6513055778951582,247.0,22.0,서행,127.0362215685676404_37.6513055778951582|127.0360825534525588_37.6510864778828989|127.0358650918987422_37.6507183178536025|127.0356007620248846_37.6502708062316955|127.0350228266440666_37.6492923382218478
2026-09-04T18:34:05.570303+09:00,쌍문역,쌍문역,POI070,KEY_3,1090003801,도봉로,1090137100,창동 703-5,127.0342808907164880_37.6477854429096652,1090001301,창동시장입구교차로,127.0335489194755070_37.6465503488024709,152.0,18.5,서행,127.0335489194755070_37.6465503488024709|127.0342320361945099_37.6477029598049171|127.0342808907164880_37.6477854429096652
2026-09-04T18:34:05.570303+09:00,쌍문역,쌍문역,POI070,KEY_3,1090003802,도봉로,1090002002,정의여중고교입구교차로,127.0363773263417357_37.6513110181991735,1090007800,창동 703-3,127.0359881747483968_37.6506723581663039,79.0,13.0,정체,127.0359881747483968_37.6506723581663039|127.0362048236143977_37.6510391397169215|127.0363773263417357_37.6513110181991735
2026-09-04T18:34:05.570303+09:00,쌍문역,쌍문역,POI070,KEY_3,1090005100,노해로,1090121700,쌍문동 83-4,127.0350101560504044_37.6513313295938374,1090002004,정의여중고교입구교차로,127.0362912697615769_37.6514169783247610,113.0,15.5,서행,127.0362912697615769_37.6514169783247610|127.0358744447874244_37.6513983643391370|127.0356105287372799_37.6513778955387650|127.0350101560504044_37.6513313295938374
2026-09-04T18:34:05.570303+09:00,쌍문역,쌍문역,POI070,KEY_3,1090005500,노해로,1090002001,정의여중고교입구교차로,127.0364434898500150_37.6514195793773183,1090008204,창동고교,127.0376207170842662_37.6514673842390550,104.0,11.0,정체,127.0376207170842662_37.6514673842390550|127.0372124994038785_37.6514364984026884|127.0371634236865077_37.6514327847047809|127.0368827243874392_37.6514224925743335|127.0364434898500150_37.6514195793773183
2026-09-04T18:34:05.570303+09:00,쌍문역,쌍문역,POI070,KEY_3,1090005601,노해로,1090008000,정의여중입구,127.0372253821596331_37.6513288665233219,1090002002,정의여중고교입구교차로,127.0363773263417357_37.6513110181991735,75.0,13.0,정체,127.0363773263417357_37.6513110181991735|127.0368864251738898_37.6513143950908074|127.0371730020149244_37.6513249033987236|127.0372253821596331_37.6513288665233219
2026-09-04T18:34:05.570303+09:00,쌍문역,쌍문역,POI070,KEY_3,1090007201,도봉로,1090060400,창동 723-12,127.0374667021622201_37.6531309026853336,1090002001,정의여중고교입구교차로,127.0364434898500150_37.6514195793773183,210.0,6.0,정체,127.0364434898500150_37.6514195793773183|127.0365670542006740_37.6516255471527472|127.0366115427542724_37.6516990602945469|127.0370435422705526_37.6524128903159365|127.0371049079353014_37.6525142888462554|127.0374667021622201_37.6531309026853336
2026-09-04T18:34:05.570303+09:00,쌍문역,쌍문역,POI070,KEY_3,1090016100,도봉로106길,1090005903,창동 445-27,127.0334595348995492_37.6448135819881742,1090006002,창동 703-9,127.0326867677156883_37.6450958357447760,75.0,14.0,정체,127.0326867677156883_37.6450958357447760|127.0334595348995492_37.6448135819881742
2026-09-04T18:34:05.570303+09:00,쌍문역,쌍문역,POI070,KEY_3,1090016600,도봉로110다길,1090005904,창동 445-27,127.0335171994878181_37.6449114990430758,1090006803,창동 703-6,127.0342297978290986_37.6461753485027018,154.0,19.0,서행,127.0342297978290986_37.6461753485027018|127.0340689432467656_37.6459116372999603|127.0338676118185077_37.6455815638404729|127.0338380059821048_37.6455042068618368|127.0338114727567813_37.6454348781533952|127.0335171994878181_37.6449114990430758
2026-09-04T18:34:05.570303+09:00,쌍문역,쌍문역,POI070,KEY_3,1090018900,노해로,1090008000,정의여중입구,127.0372253821596331_37.6513288665233219,1090007800,창동 703-3,127.0359881747483968_37.6506723581663039,133.0,17.0,서행,127.0359881747483968_37.6506723581663039|127.0362290122563707_37.6508846218187543|127.0369217729405591_37.6512348335471998|127.0372253821596331_37.6513288665233219
2026-09-04T18:34:05.570303+09:00,쌍문역,쌍문역,POI070,KEY_3,1090044400,도봉로,1090000702,우이교앞교차로,127.0311828397790350_37.6430569437685492,1080017101,강북구-도봉구,127.0309288510039636_37.6428226257850653,34.0,15.0,서행,127.0309288510039636_37.6428226257850653|127.0311828397790350_37.6430569437685492
2026-09-04T18:34:05.570303+09:00,쌍문역,쌍문역,POI070,KEY_3,1090044500,도봉로,1080017102,강북구-도봉구,127.0308257491886792_37.6428931106192053,1090000703,우이교앞교차로,127.0310729519188158_37.6431211684896070,33.0,5.0,정체,127.0310729519188158_37.6431211684896070|127.0308257491886792_37.6428931106192053
2026-09-04T18:34:05.570303+09:00,양재역,양재역,POI041,KEY_4,1210013601,강남대로,1210486100,최소노드배치점,127.0378699418751438_37.4804219789779864,1210021103,서초구민회관,127.0362470306922518_37.4823297666331001,257.0,18.0,서행,127.0362470306922518_37.4823297666331001|127.0370531848571858_37.4815620178122231|127.0372178545636501_37.4814051903833061|127.0374052147573991_37.4811810304723849|127.0376834362452172_37.4807607700402627|127.0378699418751438_37.4804219789779864
2026-09-04T18:34:05.570303+09:00,양재역,양재역,POI041,KEY_4,1210013602,강남대로,1210021104,서초구민회관,127.0361598826672207_37.4824126347006299,1210022103,양재역(신분당선),127.0352394844712620_37.4832864839525328,127.0,12.0,정체,127.0352394844712620_37.4832864839525328|127.0359772211679399_37.4825860603316414|127.0361598826672207_37.4824126347006299
2026-09-04T18:34:05.570303+09:00,양재역,양재역,POI041,KEY_4,1210013603,강남대로,1210022104,양재역(신분당선),127.0351524056463148_37.4833697515923561,1210024103,양재역사거리,127.0340762774561654_37.4844728789609647,155.0,18.0,서행,127.0340762774561654_37.4844728789609647|127.0346472974863588_37.4838557653419784|127.0349836352215931_37.4835321429980013|127.0351524056463148_37.4833697515923561
2026-09-04T18:34:05.570303+09:00,양재역,양재역,POI041,KEY_4,1210015200,남부순환로,1210023405,서초구청앞사거리,127.0298160387686437_37.4839266444256793,1210001100,서초IC,127.0288287872834019_37.4837904329522402,89.0,13.0,정체,127.0288287872834019_37.4837904329522402|127.0298160387686437_37.4839266444256793
2026-09-04T18:34:05.570303+09:00,양재역,양재역,POI041,KEY_4,1210015300,남부순환로,1210023100,서초IC,127.0286616071774688_37.4838771371351172,1210023406,서초구청앞사거리,127.0297928843277333_37.4840332206194162,102.0,35.0,원활,127.0297928843277333_37.4840332206194162|127.0286616071774688_37.4838771371351172
2026-09-04T18:34:05.570303+09:00,양재역,양재역,POI041,KEY_4,1210015402,남부순환로,1210023702,양재지하차도(서측),127.0322646148869694_37.4843647429376858,1210024104,양재역사거리,127.0339305823189875_37.4846709888093628,152.0,7.0,정체,127.0339305823189875_37.4846709888093628|127.0325186277341913_37.4844580696051111|127.0322646148869694_37.4843647429376858
2026-09-04T18:34:05.570303+09:00,양재역,양재역,POI041,KEY_4,1210015403,남부순환로,1210023410,속성변화점,127.0312528830012866_37.4842291575750366,1210023702,양재지하차도(서측),127.0322646148869694_37.4843647429376858,91.0,6.0,정체,127.0322646148869694_37.4843647429376858|127.0313866868204684_37.4842470903056082|127.0312528830012866_37.4842291575750366
2026-09-04T18:34:05.570303+09:00,양재역,양재역,POI041,KEY_4,1210015404,남부순환로,1210175900,서초동 1376,127.0304688834092417_37.4841240757012955,1210023410,속성변화점,127.0312528830012866_37.4842291575750366,70.0,8.0,정체,127.0312528830012866_37.4842291575750366|127.0304688834092417_37.4841240757012955
2026-09-04T18:34:05.570303+09:00,양재역,양재역,POI041,KEY_4,1210015502,남부순환로,1210024103,양재역사거리,127.0340762774561654_37.4844728789609647,1210023701,양재지하차도(서측),127.0322884803785684_37.4842583138286400,161.0,6.0,정체,127.0322884803785684_37.4842583138286400|127.0325690840085429_37.4842455987838719|127.0340762774561654_37.4844728789609647
2026-09-04T18:34:05.570303+09:00,양재역,양재역,POI041,KEY_4,1210015503,남부순환로,1210023409,서초동1376,127.0312753868282414_37.4841225344668700,1210023404,서초구청앞사거리,127.0299491468833679_37.4839447711009797,119.0,28.5,원활,127.0299491468833679_37.4839447711009797|127.0304913883419289_37.4840174526615328|127.0312753868282414_37.4841225344668700
2026-09-04T18:34:05.570303+09:00,양재역,양재역,POI041,KEY_4,1210015504,남부순환로,1210023701,양재지하차도(서측),127.0322884803785684_37.4842583138286400,1210023408,서초동1376,127.0314091882127201_37.4841404676964132,79.0,31.0,원활,127.0314091882127201_37.4841404676964132|127.0322884803785684_37.4842583138286400
2026-09-04T18:34:05.570303+09:00,양재역,양재역,POI041,KEY_4,1210016403,서운로,1210119900,서초동 1381,127.0293607853437265_37.4859224457787263,1210026803,지앤이타임즈,127.0293184725809965_37.4861074409803052,21.0,11.0,정체,127.0293184725809965_37.4861074409803052|127.0293607853437265_37.4859224457787263
2026-09-04T18:34:05.570303+09:00,양재역,양재역,POI041,KEY_4,1210016404,서운로,1210198100,서초동 1381,127.0296592234120681_37.4846176232074200,1210023413,서초동1381,127.0295289779158594_37.4851870836886008,64.0,5.0,정체,127.0295289779158594_37.4851870836886008|127.0296592234120681_37.4846176232074200
2026-09-04T18:34:05.570303+09:00,양재역,양재역,POI041,KEY_4,1210016502,서운로,1210265100,서초동 1381,127.0291560231373182_37.4868282893948290,1210026801,지앤이타임즈,127.0294340080851043_37.4861874036643883,75.0,12.0,정체,127.0294340080851043_37.4861874036643883|127.0293261566869347_37.4864753109788253|127.0291560231373182_37.4868282893948290
2026-09-04T18:34:05.570303+09:00,양재역,양재역,POI041,KEY_4,1210016503,서운로,1210221500,서초동 1381,127.0298684823102491_37.4843056849218144,1210023403,서초구청앞사거리,127.0299266411793866_37.4840513940925320,29.0,19.0,서행,127.0299266411793866_37.4840513940925320|127.0298684823102491_37.4843056849218144
2026-09-04T18:34:05.570303+09:00,양재역,양재역,POI041,KEY_4,1210042500,남부순환로348길,1210395800,양재동 25,127.0354836118658142_37.4818234896589502,1210021402,속성변화점,127.0343612916231280_37.4828579968059117,172.0,7.0,정체,127.0343612916231280_37.4828579968059117|127.0345013035312434_37.4826248626667038|127.0345585919445313_37.4824806953361431|127.0346113146708973_37.4823659769818605|127.0346862677207156_37.4822783030647670|127.0349480920600911_37.4820550973857749|127.0352640588052822_37.4817372005637850|127.0353844389002091_37.4817577201900178|127.0354836118658142_37.4818234896589502
2026-09-04T18:34:05.570303+09:00,양재역,양재역,POI041,KEY_4,1210042600,남부순환로348길,1210021401,속성변화점,127.0345286599769850_37.4828297660686118,1210021104,서초구민회관,127.0361598826672207_37.4824126347006299,227.0,32.0,원활,127.0361598826672207_37.4824126347006299|127.0353968258938409_37.4819065974304024|127.0353233590157629_37.4818578756904373|127.0353180887605475_37.4818569771580883|127.0350509984066747_37.4821256996869039|127.0347925138185872_37.4823460574200951|127.0347329234404299_37.4824157616745595|127.0346870275424749_37.4825156249487463|127.0346277833618842_37.4826647151245993|127.0345286599769850_37.4828297660686118
2026-09-04T18:34:05.570303+09:00,양재역,양재역,POI041,KEY_4,1210043300,강남대로,1210022103,양재역(신분당선),127.0352394844712620_37.4832864839525328,1210021401,속성변화점,127.0345286599769850_37.4828297660686118,81.0,22.0,서행,127.0345286599769850_37.4828297660686118|127.0349836505278773_37.4831396959587693|127.0352394844712620_37.4832864839525328
2026-09-04T18:34:05.570303+09:00,양재역,양재역,POI041,KEY_4,1210043400,강남대로,1210021402,속성변화점,127.0343612916231280_37.4828579968059117,1210022104,양재역(신분당선),127.0351524056463148_37.4833697515923561,90.0,10.0,정체,127.0351524056463148_37.4833697515923561|127.0348997885669320_37.4832248093140876|127.0343612916231280_37.4828579968059117
2026-09-04T18:34:05.570303+09:00,양재역,양재역,POI041,KEY_4,1210045900,남부순환로,1210024706,양재지하차도(동측),127.0360586687670121_37.4847936982097849,1210023701,양재지하차도(서측),127.0322884803785684_37.4842583138286400,339.0,34.0,원활,127.0322884803785684_37.4842583138286400|127.0340728272282860_37.4845273783584219|127.0360586687670121_37.4847936982097849
2026-09-04T18:34:05.570303+09:00,양재역,양재역,POI041,KEY_4,1210046000,남부순환로,1210023702,양재지하차도(서측),127.0322646148869694_37.4843647429376858,1210024707,양재지하차도(동측),127.0360357594740179_37.4849002658108148,339.0,8.7,정체,127.0360357594740179_37.4849002658108148|127.0340489540976421_37.4846338186649177|127.0322646148869694_37.4843647429376858
2026-09-04T18:34:05.570303+09:00,양재역,양재역,POI041,KEY_4,1210048900,효령로72길,1210421700,서초동 1344-36,127.0275412444502194_37.4867808964481242,1210026804,지앤이타임즈,127.0292735633250203_37.4862377140809855,165.0,21.0,서행,127.0292735633250203_37.4862377140809855|127.0286110089064096_37.4864454672244634|127.0279410533482150_37.4866555361435800|127.0275412444502194_37.4867808964481242
2026-09-04T18:34:05.570303+09:00,양재역,양재역,POI041,KEY_4,1220010202,남부순환로,1210024101,양재역사거리,127.0340689766054396_37.4846913246563176,1210024707,양재지하차도(동측),127.0360357594740179_37.4849002658108148,176.0,6.0,정체,127.0360357594740179_37.4849002658108148|127.0357572961840731_37.4849177451772491|127.0340689766054396_37.4846913246563176
2026-09-04T18:34:05.570303+09:00,양재역,양재역,POI041,KEY_4,1220010205,남부순환로,1220289700,도곡동 959-64,127.0373549942873836_37.4850835385253944,1210025105,양재빌딩,127.0381419430490553_37.4851928571018931,71.0,9.0,정체,127.0381419430490553_37.4851928571018931|127.0378924560210123_37.4851582003438324|127.0373549942873836_37.4850835385253944
2026-09-04T18:34:05.570303+09:00,양재역,양재역,POI041,KEY_4,1220010206,남부순환로,1210024707,양재지하차도(동측),127.0360357594740179_37.4849002658108148,1210024705,강남피타워,127.0362666923472403_37.4849323486232535,21.0,9.0,정체,127.0362666923472403_37.4849323486232535|127.0360357594740179_37.4849002658108148
2026-09-04T18:34:05.570303+09:00,양재역,양재역,POI041,KEY_4,1220010302,남부순환로,1210024706,양재지하차도(동측),127.0360586687670121_37.4847936982097849,1210024102,양재역사거리,127.0342261265630555_37.4844931178199090,166.0,16.0,서행,127.0342261265630555_37.4844931178199090|127.0358023295931247_37.4847045015941021|127.0360586687670121_37.4847936982097849
2026-09-04T18:34:05.570303+09:00,양재역,양재역,POI041,KEY_4,1220010305,남부순환로,1210024703,속성변화점,127.0364286830664469_37.4848451024516365,1210024706,양재지하차도(동측),127.0360586687670121_37.4847936982097849,33.0,8.0,정체,127.0360586687670121_37.4847936982097849|127.0362899952789348_37.4848258348871610|127.0364286830664469_37.4848451024516365
2026-09-04T18:34:05.570303+09:00,양재역,양재역,POI041,KEY_4,1220010306,남부순환로,1220442500,도곡동 958-3,127.0368025764135211_37.4848970453510688,1210024703,속성변화점,127.0364286830664469_37.4848451024516365,34.0,15.0,서행,127.0364286830664469_37.4848451024516365|127.0368025764135211_37.4848970453510688
2026-09-04T18:34:05.570303+09:00,양재역,양재역,POI041,KEY_4,1220011902,강남대로,1220379300,도곡동 958-2,127.0336693863127380_37.4854787293575669,1210024101,양재역사거리,127.0340689766054396_37.4846913246563176,94.0,19.0,서행,127.0340689766054396_37.4846913246563176|127.0339650333567505_37.4848623610794220|127.0336693863127380_37.4854787293575669
2026-09-04T18:34:05.570303+09:00,역삼역,역삼역,POI042,KEY_1,1220022901,논현로,1220421300,역삼동 803-3,127.0380228090820651_37.4983127742013025,1220031703,역삼동 803-3,127.0375577638543518_37.4992997915635939,117.0,5.0,정체,127.0375577638543518_37.4992997915635939|127.0380228090820651_37.4983127742013025
2026-09-04T18:34:05.570303+09:00,역삼역,역삼역,POI042,KEY_1,1220022902,논현로,1220031704,역삼동 803-3,127.0375106660669928_37.4994012382100053,1220032703,역삼역앞교차로,127.0368909881553634_37.5007549406311398,160.0,10.0,정체,127.0368909881553634_37.5007549406311398|127.0375106660669928_37.4994012382100053
2026-09-04T18:34:05.570303+09:00,역삼역,역삼역,POI042,KEY_1,1220023002,논현로,1220032702,역삼역앞교차로,127.0370178297836929_37.5007934116919515,1220031701,역삼동 803-3,127.0376332097685577_37.4994490942840741,159.0,13.0,정체,127.0376332097685577_37.4994490942840741|127.0370178297836929_37.5007934116919515
2026-09-04T18:34:05.570303+09:00,역삼역,역삼역,POI042,KEY_1,1220024002,테헤란로,1220032001,한국타이어빌딩,127.0339816634749042_37.4999827779347470,1220032504,강남파이낸스센터,127.0355809598226955_37.5004709050617890,151.0,26.0,원활,127.0355809598226955_37.5004709050617890|127.0339816634749042_37.4999827779347470
2026-09-04T18:34:05.570303+09:00,역삼역,역삼역,POI042,KEY_1,1220024003,테헤란로,1220032501,강남파이낸스센터,127.0357139041821881_37.5005114802401565,1220032704,역삼역앞교차로,127.0368445237788109_37.5008565423281937,107.0,26.7,원활,127.0368445237788109_37.5008565423281937|127.0357139041821881_37.5005114802401565
2026-09-04T18:34:05.570303+09:00,역삼역,역삼역,POI042,KEY_1,1220024102,테헤란로,1220032503,강남파이낸스센터,127.0356493611653690_37.5003759986710961,1220032002,한국타이어빌딩,127.0340278079028593_37.4998810786723951,154.0,4.0,정체,127.0340278079028593_37.4998810786723951|127.0356493611653690_37.5003759986710961
2026-09-04T18:34:05.570303+09:00,역삼역,역삼역,POI042,KEY_1,1220024103,테헤란로,1220032703,역삼역앞교차로,127.0368909881553634_37.5007549406311398,1220032502,강남파이낸스센터,127.0357762567149393_37.5004147276981854,106.0,5.0,정체,127.0357762567149393_37.5004147276981854|127.0368909881553634_37.5007549406311398
2026-09-04T18:34:05.570303+09:00,역삼역,역삼역,POI042,KEY_1,1220025201,테헤란로,1220032701,역삼역앞교차로,127.0369713701904999_37.5008950080904739,1220033204,역삼동 804,127.0383036450100747_37.5012965051190150,126.0,10.0,정체,127.0383036450100747_37.5012965051190150|127.0369713701904999_37.5008950080904739
2026-09-04T18:34:05.570303+09:00,역삼역,역삼역,POI042,KEY_1,1220025202,테헤란로,1220033201,역삼동 804,127.0384303599731339_37.5013352470725749,1220033604,조선팰리스서울강남,127.0410901902141632_37.5021604542974885,252.0,26.0,원활,127.0410901902141632_37.5021604542974885|127.0384303599731339_37.5013352470725749
2026-09-04T18:34:05.570303+09:00,역삼역,역삼역,POI042,KEY_1,1220025203,테헤란로,1220033601,조선팰리스서울강남,127.0412168948508196_37.5021992128127692,1220034109,르네상스호텔사거리,127.0427049356462277_37.5026477779311733,141.0,29.0,원활,127.0427049356462277_37.5026477779311733|127.0412168948508196_37.5021992128127692
2026-09-04T18:34:05.570303+09:00,역삼역,역삼역,POI042,KEY_1,1220025301,테헤란로,1220033203,역삼동 804,127.0383619562775550_37.5011984810594541,1220032702,역삼역앞교차로,127.0370178297836929_37.5007934116919515,127.0,27.0,원활,127.0370178297836929_37.5007934116919515|127.0383619562775550_37.5011984810594541
2026-09-04T18:34:05.570303+09:00,역삼역,역삼역,POI042,KEY_1,1220025302,테헤란로,1220033603,조선팰리스서울강남,127.0411472370855819_37.5020621235551701,1220033202,역삼동 804,127.0384900125446848_37.5012377243034365,252.0,23.0,서행,127.0384900125446848_37.5012377243034365|127.0411472370855819_37.5020621235551701
2026-09-04T18:34:05.570303+09:00,역삼역,역삼역,POI042,KEY_1,1220025303,테헤란로,1220034108,르네상스호텔사거리,127.0427524460124999_37.5025464977713199,1220033602,조선팰리스서울강남,127.0412749899103062_37.5021011235286110,140.0,5.0,정체,127.0412749899103062_37.5021011235286110|127.0427524460124999_37.5025464977713199
2026-09-04T18:34:05.570303+09:00,역삼역,역삼역,POI042,KEY_1,1220026201,논현로,1220414300,역삼동 800-3,127.0365795823227160_37.5014364664377027,1220033703,역삼동 800-3,127.0362865170511100_37.5020779389071848,76.0,4.0,정체,127.0362865170511100_37.5020779389071848|127.0365795823227160_37.5014364664377027
2026-09-04T18:34:05.570303+09:00,역삼역,역삼역,POI042,KEY_1,1220026301,논현로,1220033702,역삼동 800-3,127.0364185314605834_37.5021050987604525,1220032701,역삼역앞교차로,127.0369713701904999_37.5008950080904739,143.0,10.0,정체,127.0369713701904999_37.5008950080904739|127.0367071085393178_37.5014734470237059|127.0364185314605834_37.5021050987604525
2026-09-04T18:34:05.570303+09:00,역삼역,역삼역,POI042,KEY_1,1220026302,논현로,1220035107,선&석갤러리미술관,127.0357793801420456_37.5034432024512014,1220033701,역삼동 800-3,127.0363710774077219_37.5022064868924119,147.0,10.0,정체,127.0363710774077219_37.5022064868924119|127.0359496264084811_37.5030873726170029|127.0357793801420456_37.5034432024512014
2026-09-04T18:34:05.570303+09:00,역삼역,역삼역,POI042,KEY_1,1220062900,논현로85길,1220318800,역삼동 803-8,127.0366610795921929_37.4990582363199891,1220031903,강남파이낸스센터,127.0359151742246411_37.4997297381888330,108.0,13.0,정체,127.0359151742246411_37.4997297381888330|127.0361109699647528_37.4992910933509691|127.0366162770087186_37.4990461668587614|127.0366610795921929_37.4990582363199891
2026-09-04T18:34:05.570303+09:00,역삼역,역삼역,POI042,KEY_1,1220063000,논현로85길,1220031902,강남파이낸스센터,127.0360430367235125_37.4997659664220748,1220031704,역삼동 803-3,127.0375106660669928_37.4994012382100053,172.0,11.5,정체,127.0375106660669928_37.4994012382100053|127.0366327519434861_37.4991647395749723|127.0362226810127737_37.4993635036514164|127.0360430367235125_37.4997659664220748
2026-09-04T18:34:05.570303+09:00,역삼역,역삼역,POI042,KEY_1,1220063100,논현로87길,1220377400,역삼동 736-60,127.0350245042144763_37.4994681153879341,1220032003,한국타이어빌딩,127.0339011803060885_37.4998421534899293,150.0,10.0,정체,127.0339011803060885_37.4998421534899293|127.0341720860163406_37.4992537810037732|127.0342451967198230_37.4992391968694818|127.0350245042144763_37.4994681153879341
2026-09-04T18:34:05.570303+09:00,역삼역,역삼역,POI042,KEY_1,1220063200,논현로87길,1220032002,한국타이어빌딩,127.0340278079028593_37.4998810786723951,1220031904,강남파이낸스센터,127.0358713909474631_37.4998321123386660,213.0,4.0,정체,127.0358713909474631_37.4998321123386660|127.0349775599276398_37.4995695607544732|127.0342673023357776_37.4993609254057532|127.0340278079028593_37.4998810786723951
2026-09-04T18:34:05.570303+09:00,역삼역,역삼역,POI042,KEY_1,1220063800,논현로86길,1220355200,역삼동 804-14,127.0385858837944539_37.4996365979730086,1220031702,역삼동 803-3,127.0376812090304384_37.4993454389484810,87.0,18.0,서행,127.0376812090304384_37.4993454389484810|127.0378037738192631_37.4994067530186683|127.0385858837944539_37.4996365979730086
2026-09-04T18:34:05.570303+09:00,역삼역,역삼역,POI042,KEY_1,1220063900,테헤란로26길,1220031904,강남파이낸스센터,127.0358713909474631_37.4998321123386660,1220032503,강남파이낸스센터,127.0356493611653690_37.5003759986710961,63.0,12.5,정체,127.0356493611653690_37.5003759986710961|127.0358713909474631_37.4998321123386660
2026-09-04T18:34:05.570303+09:00,역삼역,역삼역,POI042,KEY_1,1220064000,테헤란로26길,1220032502,강남파이낸스센터,127.0357762567149393_37.5004147276981854,1220031901,강남파이낸스센터,127.0360004440093178_37.4998655532656855,64.0,5.0,정체,127.0360004440093178_37.4998655532656855|127.0357762567149393_37.5004147276981854
2026-09-04T18:34:05.570303+09:00,역삼역,역삼역,POI042,KEY_1,1220064200,테헤란로19길,1220032602,현대해상강남사옥,127.0337088654406443_37.5005926415755724,1220032001,한국타이어빌딩,127.0339816634749042_37.4999827779347470,72.0,12.0,정체,127.0339816634749042_37.4999827779347470|127.0337088654406443_37.5005926415755724
2026-09-04T18:34:05.570303+09:00,역삼역,역삼역,POI042,KEY_1,1220064700,테헤란로25길,1220299000,역삼동 800-55,127.0354261517218362_37.5009351779329592,1220032501,강남파이낸스센터,127.0357139041821881_37.5005114802401565,54.0,18.0,서행,127.0357139041821881_37.5005114802401565|127.0355669976001991_37.5006583522082835|127.0354261517218362_37.5009351779329592
2026-09-04T18:34:05.570303+09:00,역삼역,역삼역,POI042,KEY_1,1220064800,강남대로94길,1220032903,AC호텔서울강남,127.0352188371493725_37.5010548317045789,1220032602,현대해상강남사옥,127.0337088654406443_37.5005926415755724,143.0,7.0,정체,127.0337088654406443_37.5005926415755724|127.0345432586491228_37.5008480456843643|127.0348576265480318_37.5009442703391116|127.0352188371493725_37.5010548317045789
2026-09-04T18:34:05.570303+09:00,역삼역,역삼역,POI042,KEY_1,1220065000,언주로85길,1220425600,역삼동 804-2,127.0413775483893204_37.5016708899374862,1220033603,조선팰리스서울강남,127.0411472370855819_37.5020621235551701,48.0,13.0,정체,127.0411472370855819_37.5020621235551701|127.0412903042234376_37.5018498555624049|127.0413775483893204_37.5016708899374862
2026-09-04T18:34:05.570303+09:00,역삼역,역삼역,POI042,KEY_1,1220065100,언주로85길,1220398400,역삼동 804-5,127.0416682032000608_37.5013733047190456,1220033404,역삼동 804-10,127.0432869693216986_37.5014089252733029,169.0,14.5,정체,127.0432869693216986_37.5014089252733029|127.0427807466158896_37.5012612056344494|127.0423901287035022_37.5011472184706918|127.0423861586326097_37.5011468064563331|127.0418446575615121_37.5010906081298501|127.0417976313598416_37.5011078006535357|127.0416682032000608_37.5013733047190456
2026-09-04T18:34:05.570303+09:00,역삼역,역삼역,POI042,KEY_1,1220066000,테헤란로25길,1220411000,역삼동 800-46,127.0357497043298878_37.5019516544713767,1220032901,AC호텔서울강남,127.0353011884444641_37.5011899349873303,103.0,8.0,정체,127.0353011884444641_37.5011899349873303|127.0352524015514604_37.5013089790965211|127.0354105872832235_37.5016420889215567|127.0355251871199442_37.5018834129373317|127.0357497043298878_37.5019516544713767
2026-09-04T18:34:05.570303+09:00,역삼역,역삼역,POI042,KEY_1,1220066100,테헤란로27길,1220033204,역삼동 804,127.0383036450100747_37.5012965051190150,1220034202,주원빌딩,127.0376735538589088_37.5025242529355367,147.0,13.0,정체,127.0376735538589088_37.5025242529355367|127.0377125497796129_37.5024717782014534|127.0378031339130587_37.5022916726038176|127.0379628362755966_37.5019741391064088|127.0381171969712426_37.5016672235797017|127.0383036450100747_37.5012965051190150
2026-09-04T18:34:05.570303+09:00,역삼역,역삼역,POI042,KEY_1,1220066200,테헤란로27길,1220355800,역삼동 801-43,127.0382431714843676_37.5017074385952114,1220033201,역삼동 804,127.0384303599731339_37.5013352470725749,45.0,15.0,서행,127.0384303599731339_37.5013352470725749|127.0382431714843676_37.5017074385952114
2026-09-04T18:34:05.570303+09:00,역삼역,역삼역,POI042,KEY_1,1220066500,논현로94길,1220446500,역삼동 679-1,127.0370346102444188_37.5023108598895689,1220033702,역삼동 800-3,127.0364185314605834_37.5021050987604525,59.0,13.0,정체,127.0364185314605834_37.5021050987604525|127.0370346102444188_37.5023108598895689
2026-09-04T18:34:05.570303+09:00,역삼역,역삼역,POI042,KEY_1,1220066600,논현로94길,1220293800,역삼동 801-43,127.0371427012136962_37.5024641970630412,1220034203,주원빌딩,127.0376210865578486_37.5026239667892369,46.0,11.0,정체,127.0376210865578486_37.5026239667892369|127.0371427012136962_37.5024641970630412
2026-09-04T18:34:05.570303+09:00,역삼역,역삼역,POI042,KEY_1,1220068100,테헤란로37길,1220264200,역삼동 801-35,127.0407611017780738_37.5031096751308723,1220033601,조선팰리스서울강남,127.0412168948508196_37.5021992128127692,109.0,16.5,서행,127.0412168948508196_37.5021992128127692|127.0409307988315248_37.5027697610468564|127.0407642310578069_37.5031019352162929|127.0407611017780738_37.5031096751308723
2026-09-04T18:34:05.570303+09:00,역삼역,역삼역,POI042,KEY_1,1220068200,테헤란로37길,1220264100,역삼동 677-32,127.0406319239594382_37.5030765261350822,1220035202,역삼동 801-35,127.0404774749732866_37.5034585349666685,45.0,13.0,정체,127.0404774749732866_37.5034585349666685|127.0406319239594382_37.5030765261350822
2026-09-04T18:34:05.570303+09:00,역삼역,역삼역,POI042,KEY_1,1220068300,언주로93길,1220321900,역삼동 801-33,127.0391274307591516_37.5030308203285614,1220034201,주원빌딩,127.0377844825094655_37.5025872091827566,129.0,10.0,정체,127.0377844825094655_37.5025872091827566|127.0378060516913052_37.5026080587615880|127.0384306021221903_37.5028078796534032|127.0387682486888679_37.5029159056779875|127.0391274307591516_37.5030308203285614
2026-09-04T18:34:05.570303+09:00,역삼역,역삼역,POI042,KEY_1,1220069700,언주로93길,1220274400,역삼동 801-35,127.0412737965731509_37.5038968162216406,1220035201,역삼동 676,127.0405990896133375_37.5035103913320995,74.0,5.0,정체,127.0405990896133375_37.5035103913320995|127.0406893594651905_37.5035754025077637|127.0408653580880838_37.5036752510038980|127.0412405043126967_37.5038880792316647|127.0412737965731509_37.5038968162216406
2026-09-04T18:34:05.570303+09:00,역삼역,역삼역,POI042,KEY_1,1220109300,논현로86길,1220031701,역삼동 803-3,127.0376332097685577_37.4994490942840741,1220033203,역삼동 804,127.0383619562775550_37.5011984810594541,269.0,16.0,서행,127.0383619562775550_37.5011984810594541|127.0384939225746734_37.5010126436947360|127.0385785669749765_37.5008379293449394|127.0387523426002332_37.5004792366435709|127.0389134461888858_37.5001466971603179|127.0385215492466671_37.4997329331422051|127.0377435658552514_37.4995043007809841|127.0376332097685577_37.4994490942840741
2026-09-04T18:34:05.570303+09:00,역삼역,역삼역,POI042,KEY_1,1220109400,테헤란로25길,1220032504,강남파이낸스센터,127.0355809598226955_37.5004709050617890,1220032903,AC호텔서울강남,127.0352188371493725_37.5010548317045789,73.0,5.0,정체,127.0352188371493725_37.5010548317045789|127.0353003824151870_37.5008945602992867|127.0354486142979624_37.5006032191951775|127.0355809598226955_37.5004709050617890
2026-09-04T18:34:05.570303+09:00,역삼역,역삼역,POI042,KEY_1,1220109500,테헤란로25길,1220441900,역삼동 800-46,127.0352836579838822_37.5016803480284437,1220033704,역삼동 800-3,127.0362369327934431_37.5021833042211554,111.0,15.0,서행,127.0362369327934431_37.5021833042211554|127.0361038904469950_37.5021750291069296|127.0357013303636364_37.5020526726668919|127.0354198369294210_37.5019671128703962|127.0352836579838822_37.5016803480284437
2026-09-04T18:34:05.570303+09:00,연신내역,연신내역,POI043,KEY_2,1110001503,연서로,1110105600,갈현동 530-2,126.9191210811147101_37.6170033593878657,1110019203,하나은행연신내지점,126.9193918028253876_37.6174113195444662,51.0,9.0,정체,126.9193918028253876_37.6174113195444662|126.9191210811147101_37.6170033593878657
2026-09-04T18:34:05.570303+09:00,연신내역,연신내역,POI043,KEY_2,1110001504,연서로,1110187200,갈현동 389-6,126.9196400799543625_37.6177839798001798,1110019400,연신내역,126.9200614701943834_37.6184160813275312,79.0,25.0,원활,126.9200614701943834_37.6184160813275312|126.9196400799543625_37.6177839798001798
2026-09-04T18:34:05.570303+09:00,연신내역,연신내역,POI043,KEY_2,1110001505,연서로,1110204300,갈현동 439-7,126.9206257333500787_37.6187209331177215,1110000904,연신내역앞교차로,126.9212784764965676_37.6189101493237814,61.0,25.0,원활,126.9212784764965676_37.6189101493237814|126.9206355668252399_37.6187241813834703|126.9206257333500787_37.6187209331177215
2026-09-04T18:34:05.570303+09:00,연신내역,연신내역,POI043,KEY_2,1110001604,연서로,1110211200,대조동 228-1,126.9202548518927500_37.6184314740807295,1110019201,하나은행연신내지점,126.9195769445319968_37.6174587466015211,124.0,4.0,정체,126.9195769445319968_37.6174587466015211|126.9197593257919294_37.6177338047535628|126.9201657311834452_37.6183467163848206|126.9202548518927500_37.6184314740807295
2026-09-04T18:34:05.570303+09:00,연신내역,연신내역,POI043,KEY_2,1110001701,통일로,1110000904,연신내역앞교차로,126.9212784764965676_37.6189101493237814,1110019800,연신내역,126.9207299541102003_37.6195647960508452,87.0,10.0,정체,126.9207299541102003_37.6195647960508452|126.9212784764965676_37.6189101493237814
2026-09-04T18:34:05.570303+09:00,연신내역,연신내역,POI043,KEY_2,1110001802,통일로,1110276900,불광동 484-82,126.9206343140460120_37.6198754773551016,1110000901,연신내역앞교차로,126.9214112017024263_37.6189466943516067,124.0,26.5,원활,126.9214112017024263_37.6189466943516067|126.9208432802010549_37.6196244949793908|126.9206343140460120_37.6198754773551016
2026-09-04T18:34:05.570303+09:00,연신내역,연신내역,POI043,KEY_2,1110013702,통일로,1110203100,불광동 308-3,126.9219105125210376_37.6181746742698593,1110000903,연신내역앞교차로,126.9213567205654414_37.6188177358830984,87.0,22.0,서행,126.9213567205654414_37.6188177358830984|126.9219105125210376_37.6181746742698593
2026-09-04T18:34:05.570303+09:00,연신내역,연신내역,POI043,KEY_2,1110014001,연서로,1110219300,불광동 309-4,126.9226386392597732_37.6193753898948984,1110000902,연신내역앞교차로,126.9214908022308350_37.6188533548093673,121.0,20.0,서행,126.9214908022308350_37.6188533548093673|126.9221600641645722_37.6190222750227292|126.9223610041808143_37.6191151559738088|126.9224330610361591_37.6191709731888508|126.9225061446400247_37.6192275856208340|126.9226386392597732_37.6193753898948984
2026-09-04T18:34:05.570303+09:00,연신내역,연신내역,POI043,KEY_2,1110035000,연서로26길,1110257200,대조동 185-12,126.9200627926501568_37.6171301646562029,1110019202,하나은행연신내지점,126.9195135135817480_37.6173631224620664,55.0,13.0,정체,126.9195135135817480_37.6173631224620664|126.9200627926501568_37.6171301646562029
2026-09-04T18:34:05.570303+09:00,연신내역,연신내역,POI043,KEY_2,1110035500,연서로27길,1110149700,갈현동 420-10,126.9187221737785336_37.6178103221391424,1110019204,하나은행연신내지점,126.9194554443667755_37.6175070154733575,73.0,9.0,정체,126.9194554443667755_37.6175070154733575|126.9193235955441992_37.6175557871926429|126.9187221737785336_37.6178103221391424
2026-09-04T18:34:05.570303+09:00,연신내역,연신내역,POI043,KEY_2,1110036500,통일로,1110128500,갈현동 420-35,126.9197022186026942_37.6197297502046695,1110019501,연신내역(GTX-A),126.9203079864686146_37.6188802936263968,108.0,8.0,정체,126.9203079864686146_37.6188802936263968|126.9202451318865030_37.6189485091594449|126.9198832339485818_37.6194639413064422|126.9197379057777937_37.6196709222245929|126.9197022186026942_37.6197297502046695
2026-09-04T18:34:05.570303+09:00,오목교역·목동운동장,오목교역·목동운동장,POI044,KEY_3,1140017800,목동동로,1140024202,목동 405-403,126.8715637411060015_37.5249515816088035,1140005401,목동초등학교,126.8711677708672312_37.5232047866843175,197.0,9.5,정체,126.8711677708672312_37.5232047866843175|126.8712225487244751_37.5234520114673984|126.8715637411060015_37.5249515816088035
2026-09-04T18:34:05.570303+09:00,오목교역·목동운동장,오목교역·목동운동장,POI044,KEY_3,1140012500,안양천로,1140310800,최소노드배치점,126.8775163465214035_37.5198303050041133,1140004904,신정동 137-2,126.8782632688182161_37.5221322207168839,268.0,16.0,서행,126.8782632688182161_37.5221322207168839|126.8782981016445603_37.5218734009839139|126.8782983970848619_37.5216915105551223|126.8782899061957039_37.5215347769621914|126.8782687357557535_37.5214259401943480|126.8782126253799163_37.5212531304698587|126.8776046350151319_37.5200558238897699|126.8775163465214035_37.5198303050041133
2026-09-04T18:34:05.570303+09:00,오목교역·목동운동장,오목교역·목동운동장,POI044,KEY_3,1140017600,오목로52길,1140005601,진도아파트,126.8687459414196042_37.5239674403543688,1140005501,신정동 314-7,126.8693054271715681_37.5236081240057757,64.0,4.0,정체,126.8693054271715681_37.5236081240057757|126.8692601852498569_37.5236620117285966|126.8691995517558411_37.5237239254150978|126.8687459414196042_37.5239674403543688
2026-09-04T18:34:05.570303+09:00,오목교역·목동운동장,오목교역·목동운동장,POI044,KEY_3,1140012602,안양천로,1140004903,신정동 137-2,126.8783982430570489_37.5221437443696928,1140019200,신정동쌍용아파트,126.8774277767779068_37.5184368802104729,426.0,15.0,서행,126.8774277767779068_37.5184368802104729|126.8774952028564798_37.5191418307164994|126.8775390353828385_37.5194455320804607|126.8776179855951369_37.5197267258202132|126.8776459355257060_37.5197981187704457|126.8777325662202884_37.5200194000170413|126.8783418122356039_37.5212191777890709|126.8784018478279023_37.5214040739357841|126.8784252027244150_37.5215241376156143|126.8784341474975008_37.5216892491856768|126.8784338392301549_37.5218792486221702|126.8783982430570489_37.5221437443696928
2026-09-04T18:34:05.570303+09:00,오목교역·목동운동장,오목교역·목동운동장,POI044,KEY_3,1140014300,신목로,1140120200,신정동 867,126.8739873187226550_37.5218579763837994,1140022703,목동대림아파트,126.8745697226059406_37.5226063103844822,98.0,13.0,정체,126.8745697226059406_37.5226063103844822|126.8744307221974879_37.5224274581294210|126.8740376315152645_37.5219216616090065|126.8739873187226550_37.5218579763837994
2026-09-04T18:34:05.570303+09:00,오목교역·목동운동장,오목교역·목동운동장,POI044,KEY_3,1140015200,목동동로,1140005402,목동초등학교,126.8711441712250974_37.5230982757077953,1140004500,목동중교앞교차로,126.8706828920324767_37.5210163482448067,235.0,7.0,정체,126.8706828920324767_37.5210163482448067|126.8711441712250974_37.5230982757077953
2026-09-04T18:34:05.570303+09:00,오목교역·목동운동장,오목교역·목동운동장,POI044,KEY_3,1140015301,신목로16길,1140249500,신정동 118-1,126.8752005636399076_37.5225073241394256,1140022702,목동대림아파트,126.8747137790712998_37.5225862434658168,44.0,13.5,정체,126.8747137790712998_37.5225862434658168|126.8749527901100720_37.5225391961652974|126.8752005636399076_37.5225073241394256
2026-09-04T18:34:05.570303+09:00,오목교역·목동운동장,오목교역·목동운동장,POI044,KEY_3,1140015302,신목로16길,1140249400,신정동 1279-3,126.8777989258199455_37.5221812276191784,1140004907,신정동869-2,126.8772375700857680_37.5222426464536625,50.0,14.0,정체,126.8772375700857680_37.5222426464536625|126.8773244365227271_37.5222313034119352|126.8777989258199455_37.5221812276191784
2026-09-04T18:34:05.570303+09:00,오목교역·목동운동장,오목교역·목동운동장,POI044,KEY_3,1140015401,신목로16길,1140249300,목동 931-1,126.8778167573564701_37.5222884107940757,1140004905,신정동 137-2,126.8782466548456256_37.5222430390452502,38.0,16.5,서행,126.8782466548456256_37.5222430390452502|126.8778167573564701_37.5222884107940757
2026-09-04T18:34:05.570303+09:00,오목교역·목동운동장,오목교역·목동운동장,POI044,KEY_3,1140015402,신목로16길,1140158900,목동 404-77,126.8759834422349684_37.5225159696095574,1140004909,신정동869-2,126.8771236229552954_37.5223670896548782,102.0,12.0,정체,126.8771236229552954_37.5223670896548782|126.8766435652983375_37.5224297749589510|126.8759834422349684_37.5225159696095574
2026-09-04T18:34:05.570303+09:00,오목교역·목동운동장,오목교역·목동운동장,POI044,KEY_3,1140015700,목동서로,1140004800,신정동 314-7,126.8687327841983716_37.5212909443460276,1140005502,신정동 314-7,126.8692623646753077_37.5234649054807363,246.0,7.0,정체,126.8692623646753077_37.5234649054807363|126.8691738622376448_37.5232295496424726|126.8687327841983716_37.5212909443460276
2026-09-04T18:34:05.570303+09:00,오목교역·목동운동장,오목교역·목동운동장,POI044,KEY_3,1140016300,목동동로12길,1140147700,신정동 866,126.8729486753771027_37.5228267186683766,1140005402,목동초등학교,126.8711441712250974_37.5230982757077953,162.0,9.0,정체,126.8711441712250974_37.5230982757077953|126.8720108283598051_37.5229578902758263|126.8723453037555942_37.5229111099127408|126.8729486753771027_37.5228267186683766
2026-09-04T18:34:05.570303+09:00,오목교역·목동운동장,오목교역·목동운동장,POI044,KEY_3,1140016400,목동동로12길,1140139800,목동 405-496,126.8740954722556609_37.5227760865136304,1140022704,목동대림아파트,126.8746480515111728_37.5227066354428302,49.0,4.0,정체,126.8746480515111728_37.5227066354428302|126.8743513142501200_37.5227402993975758|126.8740954722556609_37.5227760865136304
2026-09-04T18:34:05.570303+09:00,오목교역·목동운동장,오목교역·목동운동장,POI044,KEY_3,1140016500,안양천로,1140004905,신정동 137-2,126.8782466548456256_37.5222430390452502,1140005804,오목교앞,126.8779508992600427_37.5241008203129311,208.0,9.0,정체,126.8779508992600427_37.5241008203129311|126.8782466548456256_37.5222430390452502
2026-09-04T18:34:05.570303+09:00,오목교역·목동운동장,오목교역·목동운동장,POI044,KEY_3,1140016600,안양천로,1140005803,오목교앞,126.8780911957869648_37.5240790938181874,1140004902,신정동 137-2,126.8783813240257246_37.5222566391420145,204.0,15.5,서행,126.8783813240257246_37.5222566391420145|126.8780911957869648_37.5240790938181874
2026-09-04T18:34:05.570303+09:00,오목교역·목동운동장,오목교역·목동운동장,POI044,KEY_3,1140017300,신목로,1140022704,목동대림아파트,126.8746480515111728_37.5227066354428302,1140005903,오목교역앞교차로,126.8759863183296375_37.5244024257695941,222.0,12.0,정체,126.8759863183296375_37.5244024257695941|126.8758374449947581_37.5242137848674417|126.8752987382339228_37.5235311673306313|126.8746480515111728_37.5227066354428302
2026-09-04T18:34:05.570303+09:00,오목교역·목동운동장,오목교역·목동운동장,POI044,KEY_3,1140017400,신목로,1140309400,목동 451,126.8754136698647699_37.5234736306829149,1140022701,목동대림아파트,126.8747895063311830_37.5226827108236449,104.0,8.0,정체,126.8747895063311830_37.5226827108236449|126.8754136698647699_37.5234736306829149
2026-09-04T18:34:05.570303+09:00,오목교역·목동운동장,오목교역·목동운동장,POI044,KEY_3,1140017500,오목로52길,1140005502,신정동 314-7,126.8692623646753077_37.5234649054807363,1140005602,진도아파트,126.8686193171741792_37.5239050293816163,76.0,7.0,정체,126.8686193171741792_37.5239050293816163|126.8691057851297330_37.5236438756357344|126.8691500961154901_37.5235986286673651|126.8692623646753077_37.5234649054807363
2026-09-04T18:34:05.570303+09:00,오목교역·목동운동장,오목교역·목동운동장,POI044,KEY_3,1140017901,오목로,1140005808,오목교역교차로,126.8770947270476057_37.5242334046017945,1140005902,오목교역앞교차로,126.8761310369372666_37.5243826302763139,87.0,40.5,원활,126.8761310369372666_37.5243826302763139|126.8770947270476057_37.5242334046017945
2026-09-04T18:34:05.570303+09:00,오목교역·목동운동장,오목교역·목동운동장,POI044,KEY_3,1140017902,오목로,1140005804,오목교앞,126.8779508992600427_37.5241008203129311,1140005807,오목교역교차로,126.8772308694981206_37.5242123224589861,65.0,44.0,원활,126.8772308694981206_37.5242123224589861|126.8779508992600427_37.5241008203129311
2026-09-04T18:34:05.570303+09:00,오목교역·목동운동장,오목교역·목동운동장,POI044,KEY_3,1140018001,오목로,1140005809,속성변화점,126.8771206355412460_37.5243395372797224,1140005805,오목교앞,126.8779334977156736_37.5242136606699717,73.0,5.0,정체,126.8779334977156736_37.5242136606699717|126.8772567781790173_37.5243184551863749|126.8771206355412460_37.5243395372797224
2026-09-04T18:34:05.570303+09:00,오목교역·목동운동장,오목교역·목동운동장,POI044,KEY_3,1140018002,오목로,1140005901,오목교역앞교차로,126.8762075502601192_37.5244809269495647,1140005809,속성변화점,126.8771206355412460_37.5243395372797224,82.0,5.5,정체,126.8771206355412460_37.5243395372797224|126.8762075502601192_37.5244809269495647
2026-09-04T18:34:05.570303+09:00,오목교역·목동운동장,오목교역·목동운동장,POI044,KEY_3,1140018300,목동서로,1140005501,신정동 314-7,126.8693054271715681_37.5236081240057757,1140024402,이마트(목동점),126.8696881012263020_37.5252426482316679,185.0,16.0,서행,126.8696881012263020_37.5252426482316679|126.8693054271715681_37.5236081240057757
2026-09-04T18:34:05.570303+09:00,오목교역·목동운동장,오목교역·목동운동장,POI044,KEY_3,1140018501,오목로,1140023702,목동지하차도(북측),126.8740841329588278_37.5246472899287866,1140024202,목동 405-403,126.8715637411060015_37.5249515816088035,226.0,30.0,원활,126.8715637411060015_37.5249515816088035|126.8738049182802854_37.5246321684823272|126.8740841329588278_37.5246472899287866
2026-09-04T18:34:05.570303+09:00,오목교역·목동운동장,오목교역·목동운동장,POI044,KEY_3,1140018502,오목로,1140307300,목동 406-30,126.8750381222751429_37.5245244890044916,1140023702,목동지하차도(북측),126.8740841329588278_37.5246472899287866,85.0,8.0,정체,126.8740841329588278_37.5246472899287866|126.8750381222751429_37.5245244890044916
2026-09-04T18:34:05.570303+09:00,오목교역·목동운동장,오목교역·목동운동장,POI044,KEY_3,1140018601,오목로,1140024201,목동 406-411,126.8716125319034518_37.5251643021964796,1140023701,목동지하차도(북측),126.8741069190683675_37.5247538721865865,226.0,3.0,정체,126.8741069190683675_37.5247538721865865|126.8738527462003276_37.5248450262842681|126.8716125319034518_37.5251643021964796
2026-09-04T18:34:05.570303+09:00,오목교역·목동운동장,오목교역·목동운동장,POI044,KEY_3,1140018602,오목로,1140307200,목동 406-189,126.8750597810405623_37.5246312199444461,1140005904,오목교역앞교차로,126.8760643398085648_37.5245019045336150,90.0,10.0,정체,126.8760643398085648_37.5245019045336150|126.8750597810405623_37.5246312199444461
2026-09-04T18:34:05.570303+09:00,오목교역·목동운동장,오목교역·목동운동장,POI044,KEY_3,1140018900,안양천로,1140005805,오목교앞,126.8779334977156736_37.5242136606699717,1140024903,유수지삼거리,126.8778106790796869_37.5254482179826141,138.0,9.0,정체,126.8778106790796869_37.5254482179826141|126.8778076033235180_37.5253311284629376|126.8778033704581389_37.5251353102778893|126.8778219971371328_37.5249492573674033|126.8779334977156736_37.5242136606699717
2026-09-04T18:34:05.570303+09:00,오목교역·목동운동장,오목교역·목동운동장,POI044,KEY_3,1140019000,안양천로,1140024902,유수지삼거리,126.8779464032071473_37.5254459558066031,1140005802,오목교앞,126.8780735218519879_37.5241919764275096,140.0,16.3,서행,126.8780735218519879_37.5241919764275096|126.8779571009713720_37.5249600378836519|126.8779392163644246_37.5251386844469152|126.8779433317381944_37.5253290667624455|126.8779464032071473_37.5254459558066031
2026-09-04T18:34:05.570303+09:00,오목교역·목동운동장,오목교역·목동운동장,POI044,KEY_3,1140019100,오목로,1140024202,목동 405-403,126.8715637411060015_37.5249515816088035,1140024402,이마트(목동점),126.8696881012263020_37.5252426482316679,169.0,20.0,서행,126.8696881012263020_37.5252426482316679|126.8715637411060015_37.5249515816088035
2026-09-04T18:34:05.570303+09:00,오목교역·목동운동장,오목교역·목동운동장,POI044,KEY_3,1140019200,오목로,1140024401,이마트(목동점),126.8697371909397162_37.5254553384607306,1140024201,목동 406-411,126.8716125319034518_37.5251643021964796,169.0,8.0,정체,126.8716125319034518_37.5251643021964796|126.8697371909397162_37.5254553384607306
2026-09-04T18:34:05.570303+09:00,오목교역·목동운동장,오목교역·목동운동장,POI044,KEY_3,1140019500,신목로,1140025202,목동 916-1,126.8770619466196905_37.5255858031045690,1140005901,오목교역앞교차로,126.8762075502601192_37.5244809269495647,144.0,19.0,서행,126.8762075502601192_37.5244809269495647|126.8768165978919740_37.5252685305008669|126.8770619466196905_37.5255858031045690
2026-09-04T18:34:05.570303+09:00,오목교역·목동운동장,오목교역·목동운동장,POI044,KEY_3,1140019600,신목로,1140234700,목동 451,126.8767010085339706_37.5253252300247340,1140025203,목동 916-1,126.8769214036638147_37.5256102349532839,37.0,6.0,정체,126.8769214036638147_37.5256102349532839|126.8767010085339706_37.5253252300247340
2026-09-04T18:34:05.570303+09:00,오목교역·목동운동장,오목교역·목동운동장,POI044,KEY_3,1140019700,오목로,1140024402,이마트(목동점),126.8696881012263020_37.5252426482316679,1140041901,목동 927-7,126.8679905384463638_37.5255090319049103,153.0,22.0,서행,126.8679905384463638_37.5255090319049103|126.8696881012263020_37.5252426482316679
2026-09-04T18:34:05.570303+09:00,오목교역·목동운동장,오목교역·목동운동장,POI044,KEY_3,1140019800,오목로,1140025001,목동지하차도(남측),126.8671078971091220_37.5258140928448327,1140024401,이마트(목동점),126.8697371909397162_37.5254553384607306,236.0,12.0,정체,126.8697371909397162_37.5254553384607306|126.8680718606105700_37.5257167240043117|126.8673889689767265_37.5258247482301499|126.8671078971091220_37.5258140928448327
2026-09-04T18:34:05.570303+09:00,오목교역·목동운동장,오목교역·목동운동장,POI044,KEY_3,1140019901,목동동로,1140025203,목동 916-1,126.8769214036638147_37.5256102349532839,1140006402,현대백화점,126.8757939559254027_37.5258006203416130,102.0,12.0,정체,126.8757939559254027_37.5258006203416130|126.8769214036638147_37.5256102349532839
2026-09-04T18:34:05.570303+09:00,오목교역·목동운동장,오목교역·목동운동장,POI044,KEY_3,1140019902,목동동로,1140024903,유수지삼거리,126.8778106790796869_37.5254482179826141,1140025202,목동 916-1,126.8770619466196905_37.5255858031045690,68.0,6.0,정체,126.8770619466196905_37.5255858031045690|126.8778106790796869_37.5254482179826141
2026-09-04T18:34:05.570303+09:00,오목교역·목동운동장,오목교역·목동운동장,POI044,KEY_3,1140020002,목동동로,1140006401,현대백화점,126.8758221113743332_37.5259063887954838,1140025204,목동 916-1,126.8769495613334470_37.5257160032038541,102.0,16.0,서행,126.8769495613334470_37.5257160032038541|126.8758221113743332_37.5259063887954838
2026-09-04T18:34:05.570303+09:00,오목교역·목동운동장,오목교역·목동운동장,POI044,KEY_3,1140020003,목동동로,1140025201,목동 916-1,126.8770924657217307_37.5256911556177215,1140024904,유수지삼거리,126.8778308169557647_37.5255554783344678,67.0,9.0,정체,126.8778308169557647_37.5255554783344678|126.8770924657217307_37.5256911556177215
2026-09-04T18:34:05.570303+09:00,오목교역·목동운동장,오목교역·목동운동장,POI044,KEY_3,1140020200,목동동로,1140027200,방송회관앞교차로,126.8719171529918981_37.5264818390629102,1140024201,목동 406-411,126.8716125319034518_37.5251643021964796,149.0,10.0,정체,126.8716125319034518_37.5251643021964796|126.8719171529918981_37.5264818390629102
2026-09-04T18:34:05.570303+09:00,오목교역·목동운동장,오목교역·목동운동장,POI044,KEY_3,1140020502,목동동로,1140006402,현대백화점,126.8757939559254027_37.5258006203416130,1140006500,목동 916-1,126.8738928014029597_37.5261701039375168,173.0,14.0,정체,126.8738928014029597_37.5261701039375168|126.8757939559254027_37.5258006203416130
2026-09-04T18:34:05.570303+09:00,오목교역·목동운동장,오목교역·목동운동장,POI044,KEY_3,1140020900,목동서로,1140024401,이마트(목동점),126.8697371909397162_37.5254553384607306,1140006800,목동7단지교차로,126.8700370466621052_37.5267734422290928,149.0,9.0,정체,126.8700370466621052_37.5267734422290928|126.8697371909397162_37.5254553384607306
2026-09-04T18:34:05.570303+09:00,오목교역·목동운동장,오목교역·목동운동장,POI044,KEY_3,1140021300,목동동로,1140006500,목동 916-1,126.8738928014029597_37.5261701039375168,1140027200,방송회관앞교차로,126.8719171529918981_37.5264818390629102,178.0,19.0,서행,126.8719171529918981_37.5264818390629102|126.8738928014029597_37.5261701039375168
2026-09-04T18:34:05.570303+09:00,오목교역·목동운동장,오목교역·목동운동장,POI044,KEY_3,1140021600,목동서로,1140027200,방송회관앞교차로,126.8719171529918981_37.5264818390629102,1140006800,목동7단지교차로,126.8700370466621052_37.5267734422290928,169.0,6.0,정체,126.8700370466621052_37.5267734422290928|126.8719171529918981_37.5264818390629102
2026-09-04T18:34:05.570303+09:00,오목교역·목동운동장,오목교역·목동운동장,POI044,KEY_3,1140021700,목동서로,1140006500,목동 916-1,126.8738928014029597_37.5261701039375168,1140006900,목운초등학교,126.8741154633229371_37.5271522276647929,111.0,19.0,서행,126.8741154633229371_37.5271522276647929|126.8738928014029597_37.5261701039375168
2026-09-04T18:34:05.570303+09:00,오목교역·목동운동장,오목교역·목동운동장,POI044,KEY_3,1140022002,목동동로,1140007100,목동주차장교차로,126.8761975431109761_37.5275646112610417,1140006401,현대백화점,126.8758221113743332_37.5259063887954838,187.0,24.0,서행,126.8758221113743332_37.5259063887954838|126.8761975431109761_37.5275646112610417
2026-09-04T18:34:05.570303+09:00,오목교역·목동운동장,오목교역·목동운동장,POI044,KEY_3,1140022400,목동동로,1140007000,목운중학교,126.8721405737730663_37.5274481402760784,1140027200,방송회관앞교차로,126.8719171529918981_37.5264818390629102,109.0,19.0,서행,126.8719171529918981_37.5264818390629102|126.8721405737730663_37.5274481402760784
2026-09-04T18:34:05.570303+09:00,오목교역·목동운동장,오목교역·목동운동장,POI044,KEY_3,1140022700,안양천로,1140024904,유수지삼거리,126.8778308169557647_37.5255554783344678,1140029804,목동 914-3,126.8802517919727677_37.5287987014459361,421.0,16.0,서행,126.8802517919727677_37.5287987014459361|126.8801811820151499_37.5287329253868762|126.8800611888309646_37.5285781124886810|126.8796216304804858_37.5279546967675728|126.8793985338476347_37.5276446174976570|126.8790646266032951_37.5272250301873171|126.8784238801622450_37.5265380128296968|126.8781472901061704_37.5261975915847756|126.8779873955565591_37.5259420727405697|126.8778954134242127_37.5257508590129163|126.8778308169557647_37.5255554783344678
2026-09-04T18:34:05.570303+09:00,오목교역·목동운동장,오목교역·목동운동장,POI044,KEY_3,1140022800,안양천로,1140029803,목동 914-3,126.8803549801513242_37.5287284420117473,1140024901,유수지삼거리,126.8779620959467849_37.5255279467383502,415.0,29.3,원활,126.8779620959467849_37.5255279467383502|126.8780248173832916_37.5257176556673286|126.8781118197576490_37.5258985161525374|126.8782653980794493_37.5261439407063264|126.8785354739030140_37.5264763432727975|126.8791766036924997_37.5271637712813586|126.8795148196710159_37.5275887722878068|126.8797397136665239_37.5279013489451643|126.8801781868167637_37.5285232242217575|126.8802911905114854_37.5286690199059407|126.8803549801513242_37.5287284420117473
2026-09-04T18:34:05.570303+09:00,오목교역·목동운동장,오목교역·목동운동장,POI044,KEY_3,1140023000,목동서로,1140007000,목운중학교,126.8721405737730663_37.5274481402760784,1140006900,목운초등학교,126.8741154633229371_37.5271522276647929,178.0,16.5,서행,126.8741154633229371_37.5271522276647929|126.8721405737730663_37.5274481402760784
2026-09-04T18:34:05.570303+09:00,오목교역·목동운동장,오목교역·목동운동장,POI044,KEY_3,1140023100,목동서로,1140006900,목운초등학교,126.8741154633229371_37.5271522276647929,1140007200,목동 920-2,126.8742742959669556_37.5278527965658384,79.0,15.0,서행,126.8742742959669556_37.5278527965658384|126.8741154633229371_37.5271522276647929
2026-09-04T18:34:05.570303+09:00,오목교역·목동운동장,오목교역·목동운동장,POI044,KEY_3,1140023500,목동서로,1140006800,목동7단지교차로,126.8700370466621052_37.5267734422290928,1140007600,목동 925-5,126.8703817932222933_37.5284034261129520,183.0,7.0,정체,126.8703817932222933_37.5284034261129520|126.8700370466621052_37.5267734422290928
2026-09-04T18:34:05.570303+09:00,오목교역·목동운동장,오목교역·목동운동장,POI044,KEY_3,1140023800,목동동로,1140007200,목동 920-2,126.8742742959669556_37.5278527965658384,1140007100,목동주차장교차로,126.8761975431109761_37.5275646112610417,173.0,9.0,정체,126.8761975431109761_37.5275646112610417|126.8742742959669556_37.5278527965658384
2026-09-04T18:34:05.570303+09:00,오목교역·목동운동장,오목교역·목동운동장,POI044,KEY_3,1140024000,목동동로,1140007400,목동 924-2,126.8722963649476441_37.5281219280359437,1140007000,목운중학교,126.8721405737730663_37.5274481402760784,76.0,27.0,원활,126.8721405737730663_37.5274481402760784|126.8722963649476441_37.5281219280359437
2026-09-04T18:34:05.570303+09:00,오목교역·목동운동장,오목교역·목동운동장,POI044,KEY_3,1140024500,목동서로,1140007200,목동 920-2,126.8742742959669556_37.5278527965658384,1140007700,CBS기독교방송,126.8744364998262313_37.5285619580008785,80.0,21.5,서행,126.8744364998262313_37.5285619580008785|126.8742742959669556_37.5278527965658384
2026-09-04T18:34:05.570303+09:00,오목교역·목동운동장,오목교역·목동운동장,POI044,KEY_3,1140024700,목동서로,1140007400,목동 924-2,126.8722963649476441_37.5281219280359437,1140007600,목동 925-5,126.8703817932222933_37.5284034261129520,172.0,12.0,정체,126.8703817932222933_37.5284034261129520|126.8722963649476441_37.5281219280359437
2026-09-04T18:34:05.570303+09:00,오목교역·목동운동장,오목교역·목동운동장,POI044,KEY_3,1140025200,목동동로,1140008502,한국통신목동지점,126.8767586051522613_37.5300075904237431,1140007100,목동주차장교차로,126.8761975431109761_37.5275646112610417,276.0,24.0,서행,126.8761975431109761_37.5275646112610417|126.8762869637620554_37.5279574217115623|126.8767586051522613_37.5300075904237431
2026-09-04T18:34:05.570303+09:00,오목교역·목동운동장,오목교역·목동운동장,POI044,KEY_3,1140025400,목동동로,1140007900,오목공원,126.8724636489445885_37.5288454055255940,1140007400,목동 924-2,126.8722963649476441_37.5281219280359437,82.0,11.0,정체,126.8722963649476441_37.5281219280359437|126.8724636489445885_37.5288454055255940
2026-09-04T18:34:05.570303+09:00,오목교역·목동운동장,오목교역·목동운동장,POI044,KEY_3,1140025500,목동동로,1140007700,CBS기독교방송,126.8744364998262313_37.5285619580008785,1140007900,오목공원,126.8724636489445885_37.5288454055255940,177.0,20.0,서행,126.8724636489445885_37.5288454055255940|126.8744364998262313_37.5285619580008785
2026-09-04T18:34:05.570303+09:00,오목교역·목동운동장,오목교역·목동운동장,POI044,KEY_3,1140025900,목동서로,1140007700,CBS기독교방송,126.8744364998262313_37.5285619580008785,1140008100,SBS방송센터교차로,126.8746593923549000_37.5295512957762867,112.0,24.5,서행,126.8746593923549000_37.5295512957762867|126.8744364998262313_37.5285619580008785
2026-09-04T18:34:05.570303+09:00,오목교역·목동운동장,오목교역·목동운동장,POI044,KEY_3,1140026600,목동동로,1140008400,양천소방서교차로,126.8726973678810168_37.5298561817287393,1140007900,오목공원,126.8724636489445885_37.5288454055255940,114.0,11.0,정체,126.8724636489445885_37.5288454055255940|126.8726973678810168_37.5298561817287393
2026-09-04T18:34:05.570303+09:00,오목교역·목동운동장,오목교역·목동운동장,POI044,KEY_3,1140026701,안양천로,1140265400,목동 914-3,126.8840395555670852_37.5296213132311394,1140031500,목동교,126.8845796056343147_37.5298541112350392,54.0,11.0,정체,126.8845796056343147_37.5298541112350392|126.8840395555670852_37.5296213132311394
2026-09-04T18:34:05.570303+09:00,오목교역·목동운동장,오목교역·목동운동장,POI044,KEY_3,1140026702,안양천로,1140031500,목동교,126.8845796056343147_37.5298541112350392,1140031800,목동교,126.8858661791991977_37.5304734230982291,133.0,8.0,정체,126.8858661791991977_37.5304734230982291|126.8857544420663856_37.5303903022336129|126.8855057939607320_37.5302579395494291|126.8845796056343147_37.5298541112350392
2026-09-04T18:34:05.570303+09:00,오목교역·목동운동장,오목교역·목동운동장,POI044,KEY_3,1140026801,안양천로,1140030900,목동교,126.8846448018285855_37.5297592742909174,1140029802,목동 914-3,126.8804368172790049_37.5287942883076511,400.0,11.0,정체,126.8804368172790049_37.5287942883076511|126.8806014916928433_37.5289093373200373|126.8807733399068383_37.5290088273910669|126.8810295841952183_37.5291059929811439|126.8812528945229445_37.5291712294635289|126.8815169140189880_37.5291986300845579|126.8818124685144966_37.5291816206965265|126.8822595377858704_37.5291245356198928|126.8825743120673906_37.5291248490139893|126.8829236106694509_37.5291581436100969|126.8833913339066584_37.5292499327297406|126.8837941457795893_37.5293925807294357|126.8841041799816054_37.5295262287585629|126.8846448018285855_37.5297592742909174
2026-09-04T18:34:05.570303+09:00,오목교역·목동운동장,오목교역·목동운동장,POI044,KEY_3,1140027000,목동서로,1140008400,양천소방서교차로,126.8726973678810168_37.5298561817287393,1140008100,SBS방송센터교차로,126.8746593923549000_37.5295512957762867,177.0,20.5,서행,126.8746593923549000_37.5295512957762867|126.8726973678810168_37.5298561817287393
2026-09-04T18:34:05.570303+09:00,오목교역·목동운동장,오목교역·목동운동장,POI044,KEY_3,1140027500,목동서로,1140008100,SBS방송센터교차로,126.8746593923549000_37.5295512957762867,1140008700,청소년수련관앞,126.8748398802341057_37.5303465971350931,90.0,30.0,원활,126.8748398802341057_37.5303465971350931|126.8746593923549000_37.5295512957762867
2026-09-04T18:34:05.570303+09:00,오목교역·목동운동장,오목교역·목동운동장,POI044,KEY_3,1140027900,목동서로,1140008501,한국통신목동지점,126.8767830729488395_37.5301139460043203,1140008700,청소년수련관앞,126.8748398802341057_37.5303465971350931,174.0,16.0,서행,126.8748398802341057_37.5303465971350931|126.8767830729488395_37.5301139460043203
2026-09-04T18:34:05.570303+09:00,오목교역·목동운동장,오목교역·목동운동장,POI044,KEY_3,1140028600,목동동로,1140009000,양천우체국,126.8770546258868848_37.5312943013899840,1140008501,한국통신목동지점,126.8767830729488395_37.5301139460043203,133.0,19.5,서행,126.8767830729488395_37.5301139460043203|126.8770546258868848_37.5312943013899840
2026-09-04T18:34:05.570303+09:00,오목교역·목동운동장,오목교역·목동운동장,POI044,KEY_3,1140028700,목동서로,1140008700,청소년수련관앞,126.8748398802341057_37.5303465971350931,1140008900,청소년수련관앞교차로,126.8749851771577255_37.5309868184484969,72.0,28.0,원활,126.8749851771577255_37.5309868184484969|126.8748398802341057_37.5303465971350931
2026-09-04T18:34:05.570303+09:00,오목교역·목동운동장,오목교역·목동운동장,POI044,KEY_3,1140029100,국회대로,1140312900,최소노드배치점,126.8723983124313719_37.5309016221429346,1140009201,신월여의지하도로(동측),126.8808443431802715_37.5319377152892457,755.0,10.5,정체,126.8808443431802715_37.5319377152892457|126.8804389867348306_37.5319127100883563|126.8799537888849756_37.5318681967887500|126.8794101563803736_37.5317995858458602|126.8784003800115556_37.5316720337239644|126.8757268552482742_37.5313240538540356|126.8748182748966826_37.5312089563962559|126.8730797268309800_37.5309851275213049|126.8723983124313719_37.5309016221429346
2026-09-04T18:34:05.570303+09:00,오목교역·목동운동장,오목교역·목동운동장,POI044,KEY_3,1140029200,국회대로,1140312800,최소노드배치점,126.8724189685671035_37.5307947208274726,1140031001,홍익병원앞교차로,126.8639907063568870_37.5297465213528838,754.0,38.3,원활,126.8639907063568870_37.5297465213528838|126.8650874531422659_37.5298815229964546|126.8659514513962705_37.5299875464180914|126.8669909996045817_37.5301213175723021|126.8698625278036474_37.5304794687018415|126.8714478965867016_37.5306757112922611|126.8724189685671035_37.5307947208274726
2026-09-04T18:34:05.570303+09:00,오목교역·목동운동장,오목교역·목동운동장,POI044,KEY_3,1140030300,목동서로,1140032900,청소년수련관앞,126.8750649305418960_37.5313299084450378,1140009302,목동 903-6,126.8754059121054496_37.5328403623939266,170.0,14.0,정체,126.8754059121054496_37.5328403623939266|126.8750649305418960_37.5313299084450378
2026-09-04T18:34:05.570303+09:00,오목교역·목동운동장,오목교역·목동운동장,POI044,KEY_3,1140030601,목동동로,1140033400,양천우체국,126.8771228632929393_37.5315914819196266,1140009000,양천우체국,126.8770546258868848_37.5312943013899840,34.0,19.0,서행,126.8770546258868848_37.5312943013899840|126.8771228632929393_37.5315914819196266
2026-09-04T18:34:05.570303+09:00,오목교역·목동운동장,오목교역·목동운동장,POI044,KEY_3,1140030602,목동동로,1140009500,법안정사,126.8776093242993852_37.5336801307362080,1140033400,양천우체국,126.8771228632929393_37.5315914819196266,236.0,12.5,정체,126.8771228632929393_37.5315914819196266|126.8775018319297345_37.5332380794548897|126.8776093242993852_37.5336801307362080
2026-09-04T18:34:05.570303+09:00,오목교역·목동운동장,오목교역·목동운동장,POI044,KEY_3,1140031000,목동서로8길,1140277200,목동 903-5,126.8746424963737098_37.5330737326508270,1140009301,목동 903-6,126.8754300033318430_37.5329467924858804,71.0,15.0,서행,126.8754300033318430_37.5329467924858804|126.8746460016121347_37.5330734143301186|126.8746424963737098_37.5330737326508270
2026-09-04T18:34:05.570303+09:00,오목교역·목동운동장,오목교역·목동운동장,POI044,KEY_3,1140031500,목동서로,1140009301,목동 903-6,126.8754300033318430_37.5329467924858804,1140009600,목동 903-6,126.8756637978666220_37.5339768809772707,116.0,13.0,정체,126.8756637978666220_37.5339768809772707|126.8754300033318430_37.5329467924858804
2026-09-04T18:34:05.570303+09:00,오목교역·목동운동장,오목교역·목동운동장,POI044,KEY_3,1140031700,목동동로16길,1140332200,목동 913-4,126.8798393911997948_37.5351177280643782,1140009902,목동5단지교차로,126.8797154850128663_37.5353485135608196,28.0,21.0,서행,126.8797154850128663_37.5353485135608196|126.8798393911997948_37.5351177280643782
2026-09-04T18:34:05.570303+09:00,오목교역·목동운동장,오목교역·목동운동장,POI044,KEY_3,1140031800,목동동로16길,1140229800,목동 913-4,126.8808217015313176_37.5323896291626937,1140009203,신월여의지하도로(동측),126.8808823152185141_37.5320181494475520,42.0,19.0,서행,126.8808823152185141_37.5320181494475520|126.8808217015313176_37.5323896291626937
2026-09-04T18:34:05.570303+09:00,오목교역·목동운동장,오목교역·목동운동장,POI044,KEY_3,1140032000,목동동로,1140009600,목동 903-6,126.8756637978666220_37.5339768809772707,1140009500,법안정사,126.8776093242993852_37.5336801307362080,175.0,5.0,정체,126.8776093242993852_37.5336801307362080|126.8756637978666220_37.5339768809772707
2026-09-04T18:34:05.570303+09:00,오목교역·목동운동장,오목교역·목동운동장,POI044,KEY_3,1140032100,목동동로18길,1140327600,목동 912-3,126.8830590710973070_37.5360028453064984,1140035002,목동5·6단지앞교차로,126.8828699872771892_37.5364480077944762,52.0,18.0,서행,126.8828699872771892_37.5364480077944762|126.8829311279323520_37.5362664342802006|126.8830184569602579_37.5360768386733312|126.8830590710973070_37.5360028453064984
2026-09-04T18:34:05.570303+09:00,오목교역·목동운동장,오목교역·목동운동장,POI044,KEY_3,1140032200,목동동로18길,1140196900,목동 912-3,126.8837054261265820_37.5322917398549265,1140009101,목동5.6단지,126.8836194087718070_37.5318939270615388,45.0,22.3,서행,126.8836194087718070_37.5318939270615388|126.8837054261265820_37.5322917398549265
2026-09-04T18:34:05.570303+09:00,오목교역·목동운동장,오목교역·목동운동장,POI044,KEY_3,1140032300,목동동로,1140009700,목동 913-3,126.8784391701507985_37.5348828313176668,1140009500,법안정사,126.8776093242993852_37.5336801307362080,156.0,38.0,원활,126.8776093242993852_37.5336801307362080|126.8776623267564929_37.5339138078558179|126.8777070110188987_37.5340479482234315|126.8777741216845527_37.5341970116271497|126.8778562254971973_37.5343311915555660|126.8779533019347241_37.5344624063895651|126.8781027207437120_37.5346204943553587|126.8782820920490195_37.5347696732787952|126.8784391701507985_37.5348828313176668
2026-09-04T18:34:05.570303+09:00,오목교역·목동운동장,오목교역·목동운동장,POI044,KEY_3,1140032700,목동서로,1140009600,목동 903-6,126.8756637978666220_37.5339768809772707,1140010002,목동2.3단지교차로,126.8764419634238294_37.5355209305015336,187.0,14.0,정체,126.8764419634238294_37.5355209305015336|126.8763723690955914_37.5354548490478592|126.8762349330648931_37.5352925998445386|126.8760796061470160_37.5350874215701538|126.8759661743498128_37.5348918223800752|126.8758468437574294_37.5346437714498009|126.8757380699430826_37.5343480532638054|126.8756637978666220_37.5339768809772707
2026-09-04T18:34:05.570303+09:00,오목교역·목동운동장,오목교역·목동운동장,POI044,KEY_3,1140033000,목동동로,1140009902,목동5단지교차로,126.8797154850128663_37.5353485135608196,1140009700,목동 913-3,126.8784391701507985_37.5348828313176668,124.0,30.3,원활,126.8784391701507985_37.5348828313176668|126.8786372474522750_37.5349726701522712|126.8797154850128663_37.5353485135608196
2026-09-04T18:34:05.570303+09:00,오목교역·목동운동장,오목교역·목동운동장,POI044,KEY_3,1140033500,목동서로,1140009700,목동 913-3,126.8784391701507985_37.5348828313176668,1140010400,목동2·3단지교차로,126.8773306552267286_37.5361618405017623,172.0,10.0,정체,126.8773306552267286_37.5361618405017623|126.8784391701507985_37.5348828313176668
2026-09-04T18:34:05.570303+09:00,오목교역·목동운동장,오목교역·목동운동장,POI044,KEY_3,1140033800,목동동로,1140010100,목동 912-2,126.8808228944800476_37.5357345122197046,1140009901,목동5단지교차로,126.8798398671769121_37.5353918688772765,95.0,23.0,서행,126.8798398671769121_37.5353918688772765|126.8808228944800476_37.5357345122197046
2026-09-04T18:34:05.570303+09:00,오목교역·목동운동장,오목교역·목동운동장,POI044,KEY_3,1140034000,목동서로6길,1140334000,목동 902-4,126.8761939543289259_37.5358071939591440,1140010001,목동2.3단지교차로,126.8765293071620306_37.5356038651211890,37.0,17.0,서행,126.8765293071620306_37.5356038651211890|126.8761939543289259_37.5358071939591440
2026-09-04T18:34:05.570303+09:00,오목교역·목동운동장,오목교역·목동운동장,POI044,KEY_3,1140034100,목동서로,1140010001,목동2.3단지교차로,126.8765293071620306_37.5356038651211890,1140010400,목동2·3단지교차로,126.8773306552267286_37.5361618405017623,95.0,25.0,원활,126.8773306552267286_37.5361618405017623|126.8770898739765443_37.5360372692547912|126.8768626030107072_37.5358892306394836|126.8765935481060438_37.5356648629501208|126.8765293071620306_37.5356038651211890
2026-09-04T18:34:05.570303+09:00,오목교역·목동운동장,오목교역·목동운동장,POI044,KEY_3,1140034400,목동동로,1140010300,목동 912-2,126.8819022864357748_37.5361107306896997,1140010100,목동 912-2,126.8808228944800476_37.5357345122197046,104.0,34.0,원활,126.8808228944800476_37.5357345122197046|126.8819022864357748_37.5361107306896997
2026-09-04T18:34:05.570303+09:00,오목교역·목동운동장,오목교역·목동운동장,POI044,KEY_3,1140034600,목동동로,1140035002,목동5·6단지앞교차로,126.8828699872771892_37.5364480077944762,1140010300,목동 912-2,126.8819022864357748_37.5361107306896997,93.0,31.5,원활,126.8819022864357748_37.5361107306896997|126.8828699872771892_37.5364480077944762
2026-09-04T18:34:05.570303+09:00,오목교역·목동운동장,오목교역·목동운동장,POI044,KEY_3,1140035000,목동동로,1140010802,목동1·2단지교차로,126.8799687730722638_37.5371493482495353,1140010100,목동 912-2,126.8808228944800476_37.5357345122197046,174.0,4.0,정체,126.8808228944800476_37.5357345122197046|126.8799687730722638_37.5371493482495353
2026-09-04T18:34:05.570303+09:00,오목교역·목동운동장,오목교역·목동운동장,POI044,KEY_3,1140035101,목동서로,1140010400,목동2·3단지교차로,126.8773306552267286_37.5361618405017623,1140035200,목동 902-5,126.8787896567945523_37.5367371777255556,144.0,22.0,서행,126.8787896567945523_37.5367371777255556|126.8777452658256522_37.5363693409841375|126.8773719312131902_37.5361833379833172|126.8773306552267286_37.5361618405017623
2026-09-04T18:34:05.570303+09:00,오목교역·목동운동장,오목교역·목동운동장,POI044,KEY_3,1140035102,목동서로,1140035200,목동 902-5,126.8787896567945523_37.5367371777255556,1140035400,목동 902-5,126.8794522569202883_37.5369696354992541,64.0,36.0,원활,126.8794522569202883_37.5369696354992541|126.8787896567945523_37.5367371777255556
2026-09-04T18:34:05.570303+09:00,오목교역·목동운동장,오목교역·목동운동장,POI044,KEY_3,1140035103,목동서로,1140035400,목동 902-5,126.8794522569202883_37.5369696354992541,1140010802,목동1·2단지교차로,126.8799687730722638_37.5371493482495353,50.0,32.0,원활,126.8799687730722638_37.5371493482495353|126.8797106292408756_37.5370602773647732|126.8794522569202883_37.5369696354992541
2026-09-04T18:34:05.570303+09:00,오목교역·목동운동장,오목교역·목동운동장,POI044,KEY_3,1140035401,목동서로,1140010300,목동 912-2,126.8819022864357748_37.5361107306896997,1140035501,목5동주민센터,126.8813336608763649_37.5371512511334942,126.0,6.0,정체,126.8813336608763649_37.5371512511334942|126.8819022864357748_37.5361107306896997
2026-09-04T18:34:05.570303+09:00,오목교역·목동운동장,오목교역·목동운동장,POI044,KEY_3,1140035402,목동서로,1140035502,목5동주민센터,126.8812794797658796_37.5372503947860707,1140011100,목동 901-7,126.8811180027535670_37.5375458728608749,36.0,6.0,정체,126.8811180027535670_37.5375458728608749|126.8812794797658796_37.5372503947860707
2026-09-04T18:34:05.570303+09:00,오목교역·목동운동장,오목교역·목동운동장,POI044,KEY_3,1140035600,목동동로,1140010903,목동 911-9,126.8852431717270406_37.5371884307117796,1140035001,목동5·6단지앞교차로,126.8829944458794472_37.5364913851206907,213.0,19.0,서행,126.8829944458794472_37.5364913851206907|126.8852431717270406_37.5371884307117796
2026-09-04T18:34:05.570303+09:00,오목교역·목동운동장,오목교역·목동운동장,POI044,KEY_3,1140035900,목동서로,1140010801,목동1·2단지교차로,126.8800933684234451_37.5371923387842727,1140011100,목동 901-7,126.8811180027535670_37.5375458728608749,99.0,26.0,원활,126.8811180027535670_37.5375458728608749|126.8800933684234451_37.5371923387842727
2026-09-04T18:34:05.570303+09:00,오목교역·목동운동장,오목교역·목동운동장,POI044,KEY_3,1140036500,목동서로,1140011100,목동 901-7,126.8811180027535670_37.5375458728608749,1140011302,월촌중학교,126.8831136085260738_37.5381735273184489,190.0,15.0,서행,126.8831136085260738_37.5381735273184489|126.8811180027535670_37.5375458728608749
2026-09-04T18:34:05.570303+09:00,오목교역·목동운동장,오목교역·목동운동장,POI044,KEY_3,1140037200,목동서로4길,1140333400,목동 901-9,126.8799390790421313_37.5374651832932287,1140010801,목동1·2단지교차로,126.8800933684234451_37.5371923387842727,33.0,17.0,서행,126.8800933684234451_37.5371923387842727|126.8799390790421313_37.5374651832932287
2026-09-04T18:34:05.570303+09:00,오목교역·목동운동장,오목교역·목동운동장,POI044,KEY_3,1140040400,목동서로,1140005402,목동초등학교,126.8711441712250974_37.5230982757077953,1140005502,신정동 314-7,126.8692623646753077_37.5234649054807363,174.0,7.5,정체,126.8692623646753077_37.5234649054807363|126.8693057909037236_37.5234043612395283|126.8693983750727199_37.5233709662043609|126.8703723483932180_37.5232296546835613|126.8709356922444158_37.5231479165233281|126.8711441712250974_37.5230982757077953
2026-09-04T18:34:05.570303+09:00,오목교역·목동운동장,오목교역·목동운동장,POI044,KEY_3,1140059100,오목로,1180072102,양천구-영등포구,126.8798127598729764_37.5238124759839593,1140005803,오목교앞,126.8780911957869648_37.5240790938181874,155.0,53.7,원활,126.8780911957869648_37.5240790938181874|126.8798127598729764_37.5238124759839593
2026-09-04T18:34:05.570303+09:00,오목교역·목동운동장,오목교역·목동운동장,POI044,KEY_3,1140059200,오목로,1140005802,오목교앞,126.8780735218519879_37.5241919764275096,1180072101,양천구-영등포구,126.8798383046578664_37.5239186642518590,159.0,7.0,정체,126.8798383046578664_37.5239186642518590|126.8780735218519879_37.5241919764275096
2026-09-04T18:34:05.570303+09:00,오목교역·목동운동장,오목교역·목동운동장,POI044,KEY_3,1140060300,오목로,1140311400,최소노드배치점,126.8705789568914497_37.5251594795092345,1140025002,목동지하차도(남측),126.8670823231769162_37.5257078971196734,315.0,48.0,원활,126.8670823231769162_37.5257078971196734|126.8680323921005311_37.5255576197932470|126.8696999326072898_37.5252958895737194|126.8705789568914497_37.5251594795092345
2026-09-04T18:34:05.570303+09:00,오목교역·목동운동장,오목교역·목동운동장,POI044,KEY_3,1140060400,오목로,1140311500,최소노드배치점,126.8706049200779802_37.5252656041847530,1140023701,목동지하차도(북측),126.8741069190683675_37.5247538721865865,315.0,24.0,서행,126.8741069190683675_37.5247538721865865|126.8716004171447196_37.5251111113636640|126.8706049200779802_37.5252656041847530
2026-09-04T18:34:05.570303+09:00,오목교역·목동운동장,오목교역·목동운동장,POI044,KEY_3,1140064700,목동서로,1140007600,목동 925-5,126.8703817932222933_37.5284034261129520,1140031702,KT서울통신센터,126.8708864108891561_37.5299765391988984,183.0,10.0,정체,126.8708864108891561_37.5299765391988984|126.8708826562650955_37.5299741403027838|126.8708049479702140_37.5299049224176926|126.8707482016617547_37.5298309593268371|126.8706885113179936_37.5297283862032955|126.8706378223026405_37.5296139035657461|126.8703817932222933_37.5284034261129520
2026-09-04T18:34:05.570303+09:00,오목교역·목동운동장,오목교역·목동운동장,POI044,KEY_3,1140065200,목동동로,1140278700,목동 914-8,126.8787135275921685_37.5297383750703872,1140008502,한국통신목동지점,126.8767586051522613_37.5300075904237431,175.0,20.0,서행,126.8767586051522613_37.5300075904237431|126.8787135275921685_37.5297383750703872
2026-09-04T18:34:05.570303+09:00,오목교역·목동운동장,오목교역·목동운동장,POI044,KEY_3,1140065300,목동동로,1140200000,목동 914-8,126.8794366198333137_37.5295948765360734,1140029801,목동 914-3,126.8803472890119082_37.5288755664340741,113.0,13.0,정체,126.8803472890119082_37.5288755664340741|126.8795457269464038_37.5295264574369938|126.8794366198333137_37.5295948765360734
2026-09-04T18:34:05.570303+09:00,오목교역·목동운동장,오목교역·목동운동장,POI044,KEY_3,1140065400,목동서로,1140031701,KT서울통신센터,126.8710064122143137_37.5300304659751873,1140008400,양천소방서교차로,126.8726973678810168_37.5298561817287393,152.0,7.0,정체,126.8726973678810168_37.5298561817287393|126.8713644600100849_37.5300485670690662|126.8712117696352237_37.5300650880968476|126.8710860692017093_37.5300530316119065|126.8710064122143137_37.5300304659751873
2026-09-04T18:34:05.570303+09:00,오목교역·목동운동장,오목교역·목동운동장,POI044,KEY_3,1140065500,국회대로,1140032102,목1동주민센터,126.8707770773223302_37.5304899448172264,1140030800,홍익병원앞,126.8646468126980551_37.5297289010190696,548.0,42.0,원활,126.8646468126980551_37.5297289010190696|126.8691358789846220_37.5302810663476976|126.8707770773223302_37.5304899448172264
2026-09-04T18:34:05.570303+09:00,오목교역·목동운동장,오목교역·목동운동장,POI044,KEY_3,1140065800,-,1140031702,KT서울통신센터,126.8708864108891561_37.5299765391988984,1140032102,목1동주민센터,126.8707770773223302_37.5304899448172264,58.0,7.0,정체,126.8707770773223302_37.5304899448172264|126.8708154273461588_37.5301353405440707|126.8708864108891561_37.5299765391988984
2026-09-04T18:34:05.570303+09:00,오목교역·목동운동장,오목교역·목동운동장,POI044,KEY_3,1140065900,-,1140032101,목1동주민센터,126.8709115136581858_37.5305068509940867,1140031701,KT서울통신센터,126.8710064122143137_37.5300304659751873,54.0,16.0,서행,126.8710064122143137_37.5300304659751873|126.8709491888728138_37.5301584866351376|126.8709115136581858_37.5305068509940867
2026-09-04T18:34:05.570303+09:00,오목교역·목동운동장,오목교역·목동운동장,POI044,KEY_3,1140066000,국회대로,1140032300,목동교,126.8874592812072706_37.5309134970682692,1140030900,목동교,126.8846448018285855_37.5297592742909174,300.0,9.0,정체,126.8846448018285855_37.5297592742909174|126.8850650412698826_37.5298468207319260|126.8852176368649225_37.5298898802170271|126.8853926600453974_37.5299472637623097|126.8856349365595264_37.5300690770065231|126.8858682234413067_37.5301980341117201|126.8860962319625401_37.5303532074958710|126.8862494340091729_37.5304904298454289|126.8864100708302090_37.5306604375601438|126.8865258476216553_37.5308035827628643|126.8866416654425961_37.5309199095953971|126.8867351286276772_37.5309736367565279|126.8868548550046000_37.5309797116427077|126.8874592812072706_37.5309134970682692
2026-09-04T18:34:05.570303+09:00,오목교역·목동운동장,오목교역·목동운동장,POI044,KEY_3,1140066300,안양천로,1140031500,목동교,126.8845796056343147_37.5298541112350392,1140032600,목동교,126.8843017135001503_37.5315237887279807,216.0,29.0,원활,126.8843017135001503_37.5315237887279807|126.8845478291154762_37.5314537533224737|126.8846297897559054_37.5313856736052571|126.8846728961694907_37.5313143276081433|126.8847283443867582_37.5311732723914062|126.8848913527991584_37.5303818380835850|126.8848914672821735_37.5303073416295092|126.8848617160776371_37.5301881174002929|126.8848281972405232_37.5300867689519677|126.8847572695101036_37.5299794238724616|126.8845796056343147_37.5298541112350392
2026-09-04T18:34:05.570303+09:00,오목교역·목동운동장,오목교역·목동운동장,POI044,KEY_3,1140066600,국회대로,1140032500,목동교,126.8856427398844033_37.5313018773321616,1140031800,목동교,126.8858661791991977_37.5304734230982291,214.0,33.0,원활,126.8858661791991977_37.5304734230982291|126.8856284890071606_37.5303706349086923|126.8854638671550674_37.5303615356366933|126.8853179180124613_37.5303762938548644|126.8852131080252406_37.5304030103262676|126.8851307450970154_37.5304327290510003|126.8850483489604386_37.5304833067597983|126.8849733908632658_37.5305636904608022|126.8849358270675936_37.5306590104051665|126.8849094335674863_37.5307900992467935|126.8849166977411045_37.5309331402237873|126.8849539596190112_37.5310344931801438|126.8850174412507243_37.5311179912911541|126.8851258429127711_37.5311896137283725|126.8853277838037172_37.5312643074386827|126.8856427398844033_37.5313018773321616
2026-09-04T18:34:05.570303+09:00,오목교역·목동운동장,오목교역·목동운동장,POI044,KEY_3,1140066700,안양천로,1140033800,서울경인유치원,126.8874090613953172_37.5328062140190042,1140030900,목동교,126.8846448018285855_37.5297592742909174,435.0,7.0,정체,126.8846448018285855_37.5297592742909174|126.8855762511383176_37.5301653966409390|126.8858390555100186_37.5303052944202946|126.8859588523003339_37.5303944110417476|126.8860447549820378_37.5304583145656494|126.8862305225850520_37.5306548325961415|126.8863509678829047_37.5308287246199441|126.8867650931619124_37.5315997619943076|126.8868135165644588_37.5316899175065330|126.8874090613953172_37.5328062140190042
2026-09-04T18:34:05.570303+09:00,오목교역·목동운동장,오목교역·목동운동장,POI044,KEY_3,1140066800,국회대로,1140008900,청소년수련관앞교차로,126.8749851771577255_37.5309868184484969,1140032101,목1동주민센터,126.8709115136581858_37.5305068509940867,364.0,22.0,서행,126.8709115136581858_37.5305068509940867|126.8746979038654388_37.5309772381993625|126.8749851771577255_37.5309868184484969
2026-09-04T18:34:05.570303+09:00,오목교역·목동운동장,오목교역·목동운동장,POI044,KEY_3,1140066900,국회대로,1140008601,카톨릭스포츠센터,126.8674839304714226_37.5304076183302158,1140032900,청소년수련관앞,126.8750649305418960_37.5313299084450378,678.0,14.0,정체,126.8750649305418960_37.5313299084450378|126.8731974085957290_37.5311109831907501|126.8703243549700090_37.5307526619028593|126.8674839304714226_37.5304076183302158
2026-09-04T18:34:05.570303+09:00,오목교역·목동운동장,오목교역·목동운동장,POI044,KEY_3,1140067000,안양천로,1140031800,목동교,126.8858661791991977_37.5304734230982291,1140033300,목동교,126.8866402689599795_37.5316422821087627,148.0,9.0,정체,126.8866402689599795_37.5316422821087627|126.8862288128544265_37.5308762140925509|126.8861162834759995_37.5307137515685838|126.8859434209870756_37.5305308833755262|126.8858661791991977_37.5304734230982291
2026-09-04T18:34:05.570303+09:00,오목교역·목동운동장,오목교역·목동운동장,POI044,KEY_3,1140067100,국회대로,1140032300,목동교,126.8874592812072706_37.5309134970682692,1140032500,목동교,126.8856427398844033_37.5313018773321616,166.0,15.0,서행,126.8856427398844033_37.5313018773321616|126.8874592812072706_37.5309134970682692
2026-09-04T18:34:05.570303+09:00,오목교역·목동운동장,오목교역·목동운동장,POI044,KEY_3,1140067200,국회대로,1140032700,목동교,126.8856779402811412_37.5314062995702784,1140032400,목동교,126.8874944839553933_37.5310179196766285,166.0,5.0,정체,126.8874944839553933_37.5310179196766285|126.8856779402811412_37.5314062995702784
2026-09-04T18:34:05.570303+09:00,오목교역·목동운동장,오목교역·목동운동장,POI044,KEY_3,1140067500,목동서로,1140008900,청소년수련관앞교차로,126.8749851771577255_37.5309868184484969,1140032900,청소년수련관앞,126.8750649305418960_37.5313299084450378,39.0,17.0,서행,126.8750649305418960_37.5313299084450378|126.8749851771577255_37.5309868184484969
2026-09-04T18:34:05.570303+09:00,오목교역·목동운동장,오목교역·목동운동장,POI044,KEY_3,1140067600,국회대로,1140032500,목동교,126.8856427398844033_37.5313018773321616,1140032600,목동교,126.8843017135001503_37.5315237887279807,122.0,60.0,원활,126.8843017135001503_37.5315237887279807|126.8853586214199112_37.5313072241180805|126.8856427398844033_37.5313018773321616
2026-09-04T18:34:05.570303+09:00,오목교역·목동운동장,오목교역·목동운동장,POI044,KEY_3,1140067700,국회대로,1140033100,목동919-1,126.8846580863304041_37.5316987170409391,1140032700,목동교,126.8856779402811412_37.5314062995702784,96.0,12.0,정체,126.8856779402811412_37.5314062995702784|126.8854226642528573_37.5315161310584671|126.8852300090918419_37.5315830586408552|126.8846580863304041_37.5316987170409391
2026-09-04T18:34:05.570303+09:00,오목교역·목동운동장,오목교역·목동운동장,POI044,KEY_3,1140068000,국회대로,1140032500,목동교,126.8856427398844033_37.5313018773321616,1140009202,신월여의지하도로(동측),126.8808482917957576_37.5318295469259979,430.0,27.0,원활,126.8808482917957576_37.5318295469259979|126.8808607617265807_37.5318303181491117|126.8812315437144775_37.5318398935389439|126.8816011358477596_37.5318450120240783|126.8819879692905204_37.5318406599456083|126.8827149925730424_37.5318111511213601|126.8832868040315702_37.5317585000011462|126.8837211158317331_37.5316939067983526|126.8842769696246933_37.5315938605462023|126.8856427398844033_37.5313018773321616
2026-09-04T18:34:05.570303+09:00,오목교역·목동운동장,오목교역·목동운동장,POI044,KEY_3,1140068100,국회대로,1140009201,신월여의지하도로(동측),126.8808443431802715_37.5319377152892457,1140032700,목동교,126.8856779402811412_37.5314062995702784,434.0,9.0,정체,126.8856779402811412_37.5314062995702784|126.8843095448977749_37.5316988203129114|126.8837485626048363_37.5317998338477565|126.8833070903347959_37.5318654922657657|126.8827262608263027_37.5319189742605417|126.8819923889352879_37.5319487799470082|126.8816009139386125_37.5319531850502628|126.8812281489590248_37.5319480219271782|126.8808532892372796_37.5319382667175248|126.8808443431802715_37.5319377152892457
2026-09-04T18:34:05.570303+09:00,오목교역·목동운동장,오목교역·목동운동장,POI044,KEY_3,1140068200,국회대로,1140032600,목동교,126.8843017135001503_37.5315237887279807,1140009000,양천우체국,126.8770546258868848_37.5312943013899840,647.0,42.0,원활,126.8770546258868848_37.5312943013899840|126.8799373615991470_37.5316647395253540|126.8804785893359934_37.5317256168243460|126.8809376979914418_37.5317617196590447|126.8814691644842725_37.5317719138982540|126.8819186117248847_37.5317665409693930|126.8827622599531253_37.5317297088407074|126.8832712124020503_37.5316809201365160|126.8837082488141306_37.5316173315858208|126.8840670157696167_37.5315605869974007|126.8843017135001503_37.5315237887279807
2026-09-04T18:34:05.570303+09:00,오목교역·목동운동장,오목교역·목동운동장,POI044,KEY_3,1140068300,국회대로,1140009101,목동5.6단지,126.8836194087718070_37.5318939270615388,1140033100,목동919-1,126.8846580863304041_37.5316987170409391,94.0,9.0,정체,126.8846580863304041_37.5316987170409391|126.8840959031976325_37.5318054424971805|126.8836194087718070_37.5318939270615388
2026-09-04T18:34:05.570303+09:00,오목교역·목동운동장,오목교역·목동운동장,POI044,KEY_3,1140068400,국회대로,1140033400,양천우체국,126.8771228632929393_37.5315914819196266,1140009204,신월여의지하도로(동측),126.8807466405625064_37.5320105989073340,324.0,10.0,정체,126.8807466405625064_37.5320105989073340|126.8804381231026213_37.5319902087916830|126.8798675821093696_37.5319368726031399|126.8771228632929393_37.5315914819196266
2026-09-04T18:34:05.570303+09:00,오목교역·목동운동장,오목교역·목동운동장,POI044,KEY_3,1140068500,안양천로,1140033800,서울경인유치원,126.8874090613953172_37.5328062140190042,1140032400,목동교,126.8874944839553933_37.5310179196766285,219.0,5.0,정체,126.8874944839553933_37.5310179196766285|126.8871687813057179_37.5312327057991340|126.8871103083707794_37.5313005907927533|126.8870742839215495_37.5313684981249196|126.8870337550903713_37.5314471275519850|126.8870425999447775_37.5315365324158563|126.8870649052745989_37.5316331022950891|126.8873555271278804_37.5324558259722707|126.8873778008711355_37.5325738503761741|126.8874090613953172_37.5328062140190042
2026-09-04T18:34:05.570303+09:00,오목교역·목동운동장,오목교역·목동운동장,POI044,KEY_3,1140068600,국회대로,1140009203,신월여의지하도로(동측),126.8808823152185141_37.5320181494475520,1140009102,목동5.6단지,126.8834860328442034_37.5319142163712982,231.0,10.0,정체,126.8834860328442034_37.5319142163712982|126.8832391663128334_37.5319435959562213|126.8827960704332867_37.5319860672060983|126.8819159384685662_37.5320233325202040|126.8814549373534533_37.5320300228165635|126.8809221202336488_37.5320199505877667|126.8808823152185141_37.5320181494475520
2026-09-04T18:34:05.570303+09:00,오목교역·목동운동장,오목교역·목동운동장,POI044,KEY_3,1140068900,안양천로,1140033300,목동교,126.8866402689599795_37.5316422821087627,1140033900,경인초등학교,126.8872841046669890_37.5328484932096558,145.0,9.0,정체,126.8872841046669890_37.5328484932096558|126.8866886268011740_37.5317323177754290|126.8866402689599795_37.5316422821087627
2026-09-04T18:34:05.570303+09:00,오목교역·목동운동장,오목교역·목동운동장,POI044,KEY_3,1140069000,안양천로,1140033300,목동교,126.8866402689599795_37.5316422821087627,1140032700,목동교,126.8856779402811412_37.5314062995702784,274.0,6.0,정체,126.8856779402811412_37.5314062995702784|126.8853631263658031_37.5316421899703840|126.8852911418873219_37.5317350925452757|126.8852550553224319_37.5318423324453363|126.8852548745429232_37.5319603354404236|126.8852905832891764_37.5320998288292316|126.8853577985463801_37.5321892904893843|126.8854475033743370_37.5322537432255814|126.8855641663416947_37.5323074938029038|126.8856763826849772_37.5323326331875364|126.8858604691290282_37.5323399633916566|126.8859952075329574_37.5323186380075384|126.8862647264191992_37.5322473809460320|126.8864444523789530_37.5321688848189936|126.8865613054865094_37.5320974801854064|126.8866467643268692_37.5320010146039067|126.8866694155660326_37.5318687297839872|126.8866402689599795_37.5316422821087627
2026-09-04T18:34:05.570303+09:00,오목교역·목동운동장,오목교역·목동운동장,POI044,KEY_3,1140069100,국회대로,1140033100,목동919-1,126.8846580863304041_37.5316987170409391,1140033900,경인초등학교,126.8872841046669890_37.5328484932096558,305.0,29.0,원활,126.8872841046669890_37.5328484932096558|126.8870232047119799_37.5324876913705410|126.8868886823055959_37.5323659833704113|126.8867989706955797_37.5323051077945919|126.8866822755141754_37.5322728130350143|126.8865251566823815_37.5322476314694313|126.8863589551066013_37.5322903818162601|126.8860040566905383_37.5324044668675469|126.8858378871728831_37.5324257618817754|126.8856583018977631_37.5324112847579414|126.8855101749726657_37.5323789584046423|126.8854114562078337_37.5323359525014979|126.8853128087379929_37.5322464603536332|126.8852276383169482_37.5321534051485699|126.8851694358867519_37.5320424975478346|126.8851291613164562_37.5319530619861013|126.8850529547154196_37.5318707426846601|126.8849273515351683_37.5317919521853156|126.8846580863304041_37.5316987170409391
2026-09-04T18:34:05.570303+09:00,오목교역·목동운동장,오목교역·목동운동장,POI044,KEY_3,1140070900,목동서로,1140035400,목동 902-5,126.8794522569202883_37.5369696354992541,1140035200,목동 902-5,126.8787896567945523_37.5367371777255556,139.0,5.0,정체,126.8787896567945523_37.5367371777255556|126.8789346312818367_37.5364400279712456|126.8789735753898071_37.5364233804675678|126.8790274603863537_37.5364234356787847|126.8795719836017355_37.5366194722880664|126.8796018783849746_37.5366457254744006|126.8795988117533398_37.5366910165188727|126.8794522569202883_37.5369696354992541
2026-09-04T18:34:05.570303+09:00,오목교역·목동운동장,오목교역·목동운동장,POI044,KEY_3,1140072100,목동서로,1140035502,목5동주민센터,126.8812794797658796_37.5372503947860707,1140035001,목동5·6단지앞교차로,126.8829944458794472_37.5364913851206907,237.0,6.0,정체,126.8829944458794472_37.5364913851206907|126.8828955898899409_37.5366553292359413|126.8824282154331229_37.5375388998787471|126.8823480626168703_37.5375770873188870|126.8822481670510314_37.5375769877530985|126.8812794797658796_37.5372503947860707
2026-09-04T18:34:05.570303+09:00,왕십리역,왕십리역,POI045,KEY_4,1030013101,살곶이길,1030021705,행당동40-30,127.0406606658124531_37.5550427346378228,1030023503,한양대병원앞교차로,127.0407317596827141_37.5576777615059285,296.0,12.0,정체,127.0407317596827141_37.5576777615059285|127.0407945351501553_37.5571399080762944|127.0408096258599926_37.5570503671522786|127.0407945873468236_37.5570052152632812|127.0407306986277831_37.5569326232404563|127.0406912822892878_37.5568627023168133|127.0406893999771540_37.5568002479541718|127.0406689829890325_37.5561228136161560|127.0406606658124531_37.5550427346378228
2026-09-04T18:34:05.570303+09:00,왕십리역,왕십리역,POI045,KEY_4,1030013900,왕십리로,1030072500,행당동 33,127.0432843193880075_37.5561986724655981,1030023502,한양대병원앞교차로,127.0408689696439808_37.5576533330614595,294.0,34.0,원활,127.0408689696439808_37.5576533330614595|127.0414651523882839_37.5575486984067481|127.0417348064217293_37.5575013713202210|127.0419711005124697_37.5574504902346860|127.0420141955084716_37.5574392859410580|127.0421870399526654_37.5573943478193399|127.0423829627192163_37.5573282057195925|127.0425359187892553_37.5572517965998074|127.0427034755646645_37.5571479493357785|127.0428672032618493_37.5570285114635709|127.0429925912583258_37.5568995286477687|127.0431151520268145_37.5567318227621385|127.0432092746061699_37.5565579805509699|127.0432548152679999_37.5564035797701479|127.0432843193880075_37.5561986724655981
2026-09-04T18:34:05.570303+09:00,왕십리역,왕십리역,POI045,KEY_4,1030014002,왕십리로,1030044300,행당동 33,127.0420563576226129_37.5575420637526918,1030021602,성동교,127.0437483808687773_37.5540070847499905,450.0,20.0,서행,127.0437483808687773_37.5540070847499905|127.0435729718255686_37.5551433159312538|127.0434192453609370_37.5562109855440482|127.0433888397111843_37.5564221569148842|127.0433387450400318_37.5565920007120297|127.0432366421870825_37.5567805817599876|127.0431054757296323_37.5569600633437375|127.0429675078410128_37.5571019873763561|127.0427912070035319_37.5572305966901965|127.0426139249710360_37.5573404716556354|127.0424459658693763_37.5574243753592327|127.0422347194732851_37.5574956911651938|127.0420563576226129_37.5575420637526918
2026-09-04T18:34:05.570303+09:00,왕십리역,왕십리역,POI045,KEY_4,1030014003,왕십리로,1030023501,한양대병원앞교차로,127.0408564347669227_37.5577662484576962,1030023400,한양대병원,127.0414943912409598_37.5576542823099402,58.0,18.0,서행,127.0414943912409598_37.5576542823099402|127.0408564347669227_37.5577662484576962
2026-09-04T18:34:05.570303+09:00,왕십리역,왕십리역,POI045,KEY_4,1030014302,왕십리로,1030023503,한양대병원앞교차로,127.0407317596827141_37.5576777615059285,1030024002,조선일보(행당지국),127.0390317491796708_37.5581207261700101,159.0,15.0,서행,127.0390317491796708_37.5581207261700101|127.0392551736033653_37.5580234612838879|127.0394473516100504_37.5579497920688397|127.0396148722932423_37.5578928506210872|127.0397835145799235_37.5578513273227159|127.0400937599964948_37.5577945406428881|127.0407317596827141_37.5576777615059285
2026-09-04T18:34:05.570303+09:00,왕십리역,왕십리역,POI045,KEY_4,1030014403,왕십리로,1030023600,한양대병원,127.0401241920463349_37.5578999118409200,1030023504,한양대병원앞교차로,127.0407178272021440_37.5577912532816640,54.0,13.0,정체,127.0407178272021440_37.5577912532816640|127.0401241920463349_37.5578999118409200
2026-09-04T18:34:05.570303+09:00,왕십리역,왕십리역,POI045,KEY_4,1030014701,마조로,1030023504,한양대병원앞교차로,127.0407178272021440_37.5577912532816640,1030024202,한양대병원,127.0407612725606299_37.5585544662770658,85.0,7.0,정체,127.0407612725606299_37.5585544662770658|127.0407236552717620_37.5583709119054916|127.0407015370226702_37.5582441411244830|127.0406890440276726_37.5580684726059033|127.0407178272021440_37.5577912532816640
2026-09-04T18:34:05.570303+09:00,왕십리역,왕십리역,POI045,KEY_4,1030014801,마조로,1030024101,한양대병원,127.0408950955423535_37.5585360531750752,1030023501,한양대병원앞교차로,127.0408564347669227_37.5577662484576962,86.0,20.0,서행,127.0408564347669227_37.5577662484576962|127.0408251710542658_37.5580698410820588|127.0408368192400559_37.5582336302307880|127.0408579567847340_37.5583547700938851|127.0408950955423535_37.5585360531750752
2026-09-04T18:34:05.570303+09:00,왕십리역,왕십리역,POI045,KEY_4,1030016100,마조로,1030061200,마장동 804,127.0416483790261850_37.5651550355191404,1030030503,마장역앞교차로,127.0417018327762833_37.5653994420407500,28.0,19.0,서행,127.0417018327762833_37.5653994420407500|127.0416640475275187_37.5653186632740557|127.0416478375684477_37.5652307633108933|127.0416483790261850_37.5651550355191404
2026-09-04T18:34:05.570303+09:00,왕십리역,왕십리역,POI045,KEY_4,1030018102,마장로,1030030803,마장지하차도,127.0386146617530017_37.5657857831450031,1030031502,도선사거리,127.0365873736816980_37.5659823448740369,183.0,38.3,원활,127.0365873736816980_37.5659823448740369|127.0367829784409395_37.5659089223587088|127.0384424182462340_37.5657480261625167|127.0386146617530017_37.5657857831450031
2026-09-04T18:34:05.570303+09:00,왕십리역,왕십리역,POI045,KEY_4,1030018204,마장로,1030144000,마장동 804,127.0411549741083945_37.5655881067383390,1030030504,마장역앞교차로,127.0417495217666470_37.5655013931411759,53.0,38.0,원활,127.0417495217666470_37.5655013931411759|127.0415658280315228_37.5655380183550420|127.0411549741083945_37.5655881067383390
2026-09-04T18:34:05.570303+09:00,왕십리역,왕십리역,POI045,KEY_4,1030018500,마장로,1030061800,마장동 804,127.0432974482949504_37.5664169399821475,1030032804,마장동주민센터앞교차로,127.0440440345155793_37.5669108325866077,86.0,15.0,서행,127.0440440345155793_37.5669108325866077|127.0433958505408043_37.5664809666421746|127.0432974482949504_37.5664169399821475
2026-09-04T18:34:05.570303+09:00,왕십리역,왕십리역,POI045,KEY_4,1030018600,마장로,1030134400,마장동 810,127.0425479832442335_37.5657896399408244,1030030502,마장역앞교차로,127.0418456121557966_37.5653969688591616,76.0,20.0,서행,127.0418456121557966_37.5653969688591616|127.0419850304157876_37.5654460044658123|127.0421341834124576_37.5655203871183048|127.0425479832442335_37.5657896399408244
2026-09-04T18:34:05.570303+09:00,왕십리역,왕십리역,POI045,KEY_4,1030040900,마조로,1030024101,한양대병원,127.0408950955423535_37.5585360531750752,1030023400,한양대병원,127.0414943912409598_37.5576542823099402,125.0,20.0,서행,127.0414943912409598_37.5576542823099402|127.0411961266824932_37.5577409077178999|127.0410544473263457_37.5578356428652285|127.0409871067379868_37.5579012237195897|127.0409497246167376_37.5579906327321069|127.0409086159234846_37.5581098417024819|127.0408950955423535_37.5585360531750752
2026-09-04T18:34:05.570303+09:00,왕십리역,왕십리역,POI045,KEY_4,1030041000,왕십리로,1030023600,한양대병원,127.0401241920463349_37.5578999118409200,1030024202,한양대병원,127.0407612725606299_37.5585544662770658,105.0,21.0,서행,127.0407612725606299_37.5585544662770658|127.0405979599217403_37.5581516669007414|127.0405080350082159_37.5579848249991599|127.0404475997170977_37.5579202802585499|127.0403472512524274_37.5578929999611830|127.0401241920463349_37.5578999118409200
2026-09-04T18:34:05.570303+09:00,왕십리역,왕십리역,POI045,KEY_4,1030041100,마조로1길,1030024102,한양대병원,127.0408742935170920_37.5585051489693527,1030024604,행당동 130-98,127.0392504179304041_37.5586532449253383,180.0,20.0,서행,127.0392504179304041_37.5586532449253383|127.0392814810351751_37.5585267702696868|127.0393697957369739_37.5584314333784306|127.0395271548831602_37.5583286635246267|127.0396861956018171_37.5582582540092886|127.0398075187269029_37.5582159491922383|127.0399309224261373_37.5581852033403223|127.0400668747390114_37.5581685059544839|127.0402144151123451_37.5581726499363526|127.0403519933965129_37.5581994653267088|127.0404650543163854_37.5582329121919187|127.0405965135359025_37.5582977343549516|127.0407379213938697_37.5584042907300102|127.0408742935170920_37.5585051489693527
2026-09-04T18:34:05.570303+09:00,왕십리역,왕십리역,POI045,KEY_4,1030041400,왕십리로,1030024604,행당동 130-98,127.0392504179304041_37.5586532449253383,1030024702,행당동 130-99,127.0371950414791513_37.5591915933272489,207.0,18.0,서행,127.0371950414791513_37.5591915933272489|127.0372938373433271_37.5592689894725993|127.0373044165327343_37.5592719332917255|127.0373458578195169_37.5592598216029501|127.0380813615824138_37.5588691344951968|127.0383532477905675_37.5587247109603766|127.0384819703694603_37.5586615920715730|127.0385888259601472_37.5586211429709351|127.0387058054011362_37.5586029324696327|127.0392504179304041_37.5586532449253383
2026-09-04T18:34:05.570303+09:00,왕십리역,왕십리역,POI045,KEY_4,1030041500,왕십리로,1030050100,행당동 147,127.0381567437530919_37.5589590712692853,1030024605,행당동 161-6,127.0392255234201144_37.5587597901073877,102.0,16.0,서행,127.0392255234201144_37.5587597901073877|127.0387111349351130_37.5587122703245271|127.0386316901602584_37.5587246373024328|127.0385469350028558_37.5587567206779909|127.0384265763602656_37.5588157382791010|127.0381567437530919_37.5589590712692853
2026-09-04T18:34:05.570303+09:00,왕십리역,왕십리역,POI045,KEY_4,1030042300,왕십리광장로,1030024004,조선일보(행당지국),127.0388406648960853_37.5583260986608423,1030026403,왕십리역앞,127.0377517205372015_37.5611993881740602,336.0,18.0,서행,127.0377517205372015_37.5611993881740602|127.0377650980093875_37.5611341446590146|127.0378097194870577_37.5610211543974373|127.0380548421426852_37.5607013821703504|127.0380954469743529_37.5606145084796168|127.0382123294102144_37.5599479231469928|127.0382440467292327_37.5598720705615392|127.0383749086904999_37.5596377571849445|127.0385186513372986_37.5593979442720141|127.0385718630762142_37.5592056229586788|127.0387086320606329_37.5587112989692713|127.0388406648960853_37.5583260986608423
2026-09-04T18:34:05.570303+09:00,왕십리역,왕십리역,POI045,KEY_4,1030042400,왕십리광장로,1030086700,행당동 168-151,127.0387044987476344_37.5592288798914993,1030024001,조선일보(행당지국),127.0390057146199183_37.5582552895193515,111.0,21.0,서행,127.0390057146199183_37.5582552895193515|127.0388405423378373_37.5587371746324052|127.0387044987476344_37.5592288798914993
2026-09-04T18:34:05.570303+09:00,왕십리역,왕십리역,POI045,KEY_4,1030044101,왕십리광장로,1030037400,왕십리역앞,127.0359784820327178_37.5611357748002419,1030026502,왕십리역앞교차로,127.0355510006751132_37.5611328602784198,38.0,30.0,원활,127.0355510006751132_37.5611328602784198|127.0356452401439356_37.5611257414677979|127.0358488591397617_37.5611237030310932|127.0359784820327178_37.5611357748002419
2026-09-04T18:34:05.570303+09:00,왕십리역,왕십리역,POI045,KEY_4,1030044102,왕십리광장로,1030026403,왕십리역앞,127.0377517205372015_37.5611993881740602,1030037400,왕십리역앞,127.0359784820327178_37.5611357748002419,157.0,13.0,정체,127.0359784820327178_37.5611357748002419|127.0368253885831251_37.5612146395864812|127.0368707386068081_37.5612188624500192|127.0370546307386093_37.5612225115798708|127.0377517205372015_37.5611993881740602
2026-09-04T18:34:05.570303+09:00,왕십리역,왕십리역,POI045,KEY_4,1030044500,왕십리광장로,1030026501,왕십리역앞교차로,127.0355939986096558_37.5612382173782393,1030026900,왕십리역앞,127.0359627017570290_37.5612431621990837,33.0,3.0,정체,127.0359627017570290_37.5612431621990837|127.0358417929594026_37.5612319022688581|127.0356525216958659_37.5612337967072207|127.0355939986096558_37.5612382173782393
2026-09-04T18:34:05.570303+09:00,왕십리역,왕십리역,POI045,KEY_4,1030044600,왕십리광장로,1030149300,행당동 188-1,127.0368096089545844_37.5613220274798536,1030026404,왕십리역앞,127.0377309319347319_37.5613082912370047,81.0,6.0,정체,127.0377309319347319_37.5613082912370047|127.0370557674667253_37.5613306866894590|127.0368611362330711_37.5613268255766073|127.0368096089545844_37.5613220274798536
2026-09-04T18:34:05.570303+09:00,왕십리역,왕십리역,POI045,KEY_4,1030044700,고산자로,1030027500,왕십리역,127.0357690042511507_37.5615701035394451,1030026900,왕십리역앞,127.0359627017570290_37.5612431621990837,47.0,14.0,정체,127.0359627017570290_37.5612431621990837|127.0358080594423313_37.5612942434570982|127.0357649548084282_37.5613314451612155|127.0357470069464938_37.5613729306825661|127.0357398437842420_37.5614229949302043|127.0357690042511507_37.5615701035394451
2026-09-04T18:34:05.570303+09:00,왕십리역,왕십리역,POI045,KEY_4,1030045101,마조로19길,1030059100,행당동 19-35,127.0393885431442271_37.5596858738063659,1030024602,행당동 19-82,127.0393592414637567_37.5587787106330353,101.0,11.0,정체,127.0393592414637567_37.5587787106330353|127.0393061338484699_37.5590165774156688|127.0393885431442271_37.5596858738063659
2026-09-04T18:34:05.570303+09:00,왕십리역,왕십리역,POI045,KEY_4,1030045201,마조로19길,1030024609,동마중학교,127.0386752783173279_37.5628242955473439,1030030803,마장지하차도,127.0386146617530017_37.5657857831450031,344.0,24.5,서행,127.0386146617530017_37.5657857831450031|127.0385600737579637_37.5657158398768161|127.0384531427916954_37.5655126821268226|127.0383431649115522_37.5651915713588878|127.0382962620837048_37.5651124301483961|127.0382454592931367_37.5650267081474496|127.0381943156338878_37.5648986481030605|127.0381355308392415_37.5645507186013248|127.0381207495017151_37.5643636783626320|127.0381231637716581_37.5642170728807727|127.0381507909637406_37.5640606672231030|127.0382198112129259_37.5638818466911886|127.0383133694872555_37.5636730478102976|127.0385671182345959_37.5631067372239897|127.0386189991260011_37.5629845505551643|127.0386752783173279_37.5628242955473439
2026-09-04T18:34:05.570303+09:00,왕십리역,왕십리역,POI045,KEY_4,1030045202,마조로19길,1030024605,행당동 161-6,127.0392255234201144_37.5587597901073877,1030024608,동마중학교,127.0387006256198958_37.5627180484271079,449.0,13.0,정체,127.0387006256198958_37.5627180484271079|127.0388678464282748_37.5618895184550681|127.0388970839293989_37.5617448859843179|127.0390868398354201_37.5608061850477739|127.0391428382667698_37.5607124718408514|127.0392818177529932_37.5605845589208940|127.0393043065291465_37.5605473357634239|127.0393238520345562_37.5604294013854982|127.0393250098986897_37.5603550590215463|127.0393260724128055_37.5602868386190920|127.0392729172373265_37.5598551369899667|127.0392533748053978_37.5596964211700453|127.0391691423192668_37.5590123107700862|127.0392255234201144_37.5587597901073877
2026-09-04T18:34:05.570303+09:00,왕십리역,왕십리역,POI045,KEY_4,1030046200,고산자로14길,1030107300,행당동 192-49,127.0366876740809516_37.5620177617034372,1030037302,서울특별시립성동청소,127.0359924631133310_37.5620912285831423,62.0,10.0,정체,127.0359924631133310_37.5620912285831423|127.0362763775775790_37.5620498159350049|127.0366876740809516_37.5620177617034372
2026-09-04T18:34:05.570303+09:00,왕십리역,왕십리역,POI045,KEY_4,1030046300,고산자로14길,1030107400,행당동 7,127.0367009081264911_37.5621253665273116,1030029802,행당동 192-40,127.0364219120025808_37.5647259650895009,353.0,16.0,서행,127.0364219120025808_37.5647259650895009|127.0365416540318364_37.5646629426064109|127.0368387063582674_37.5643967140319930|127.0368600695454404_37.5643514893217016|127.0369325873191855_37.5641979726829760|127.0370938059815558_37.5639997984659360|127.0372484053933135_37.5638121632627175|127.0372649247868395_37.5637665081702323|127.0372564144410035_37.5636098924651449|127.0371987457000813_37.5631351441197268|127.0371888387931136_37.5631127250437302|127.0371318140162202_37.5630787078087138|127.0370607004682029_37.5630362860563309|127.0370234718385944_37.5629770725376417|127.0370487862962818_37.5621556368928395|127.0370417118243580_37.5621203290568957|127.0370404865071947_37.5621189307603132|127.0370306045183639_37.5621076537173337|127.0370022209199448_37.5621018827232405|127.0367009081264911_37.5621253665273116
2026-09-04T18:34:05.570303+09:00,왕십리역,왕십리역,POI045,KEY_4,1030051200,왕십리광장로,1030037400,왕십리역앞,127.0359784820327178_37.5611357748002419,1030037100,왕십리역앞,127.0357826189997326_37.5608364862612945,44.0,14.0,정체,127.0357826189997326_37.5608364862612945|127.0357486607465347_37.5609256519804262|127.0357936330141939_37.5610358933276700|127.0358685325253703_37.5611073872131698|127.0359784820327178_37.5611357748002419
2026-09-04T18:34:05.570303+09:00,왕십리역,왕십리역,POI045,KEY_4,1030064200,왕십리광장로,1030024608,동마중학교,127.0387006256198958_37.5627180484271079,1030026401,왕십리역앞,127.0378689884879009_37.5613037113735189,226.0,13.0,정체,127.0378689884879009_37.5613037113735189|127.0378079757911109_37.5616402018536562|127.0377865977822296_37.5617767934806750|127.0377245417596015_37.5622682132607721|127.0377127997241331_37.5624403920444649|127.0377530330382143_37.5625409754472486|127.0378487239693328_37.5626047686992024|127.0387006256198958_37.5627180484271079
2026-09-04T18:34:05.570303+09:00,왕십리역,왕십리역,POI045,KEY_4,1030064300,왕십리광장로,1030026404,왕십리역앞,127.0377309319347319_37.5613082912370047,1030024609,동마중학교,127.0386752783173279_37.5628242955473439,242.0,8.0,정체,127.0386752783173279_37.5628242955473439|127.0377898698108936_37.5627065605114936|127.0376355840434428_37.5626037042817700|127.0375758292617832_37.5624543164691502|127.0375890895391251_37.5622598708882833|127.0376516210575062_37.5617647010788929|127.0376733614598521_37.5616257937989317|127.0377309319347319_37.5613082912370047
2026-09-04T18:34:05.570303+09:00,용산역,용산역,POI046,KEY_1,1020007404,한강대로,1020015201,속성변화점,126.9668253836721163_37.5279805356647955,1020014814,용산역사거리,126.9662405537631287_37.5273603918662033,86.0,7.5,정체,126.9662405537631287_37.5273603918662033|126.9667439343401583_37.5278943446378008|126.9668253836721163_37.5279805356647955
2026-09-04T18:34:05.570303+09:00,용산역,용산역,POI046,KEY_1,1020010206,원효로,1020037601,원효대교,126.9569192541430027_37.5331563648474642,1020021500,스페이스빌딩,126.9567356509816420_37.5330397231732746,21.0,44.0,원활,126.9567356509816420_37.5330397231732746|126.9569192541430027_37.5331563648474642
2026-09-04T18:34:05.570303+09:00,용산역,용산역,POI046,KEY_1,1020006501,이촌로,1020019800,원효대교북단교차로,126.9549713924562013_37.5315077158583179,1020020403,원효대교북단,126.9553082852605002_37.5317879306578988,43.0,23.0,서행,126.9553082852605002_37.5317879306578988|126.9552595804082529_37.5317588974850480|126.9551463430920109_37.5316836749914486|126.9550491339785054_37.5315936856741885|126.9549713924562013_37.5315077158583179
2026-09-04T18:34:05.570303+09:00,용산역,용산역,POI046,KEY_1,1020006502,이촌로,1020019104,원효대교(북측),126.9547296547672914_37.5310849407541980,1020019800,원효대교북단교차로,126.9549713924562013_37.5315077158583179,52.0,13.0,정체,126.9549713924562013_37.5315077158583179|126.9548823881418684_37.5314051380367530|126.9547955830909842_37.5312469196548548|126.9547296547672914_37.5310849407541980
2026-09-04T18:34:05.570303+09:00,용산역,용산역,POI046,KEY_1,1020006504,이촌로,1020018400,원효대교(북측),126.9545711623072890_37.5306544215694089,1020019103,원효대교(북측),126.9546751732118395_37.5309512393787443,34.0,25.0,원활,126.9546751732118395_37.5309512393787443|126.9546570380824448_37.5309067457603192|126.9545711623072890_37.5306544215694089
2026-09-04T18:34:05.570303+09:00,용산역,용산역,POI046,KEY_1,1020006505,이촌로,1020106600,이촌동 171-1,126.9544359068926269_37.5302142769447897,1020018400,원효대교(북측),126.9545711623072890_37.5306544215694089,50.0,24.5,서행,126.9545711623072890_37.5306544215694089|126.9544809652151400_37.5304060158969790|126.9544442074129051_37.5302666285182838|126.9544359068926269_37.5302142769447897
2026-09-04T18:34:05.570303+09:00,용산역,용산역,POI046,KEY_1,1020006506,이촌로,1020013502,이촌고가차도(남측),126.9585449269514044_37.5242820013251546,1020014202,이촌고가차도(북측),126.9567284262237763_37.5256034794381890,218.0,33.0,원활,126.9567284262237763_37.5256034794381890|126.9574592703260691_37.5249784632239098|126.9578315467532974_37.5247304021404133|126.9585449269514044_37.5242820013251546
2026-09-04T18:34:05.570303+09:00,용산역,용산역,POI046,KEY_1,1020006601,이촌로,1020020402,원효대교북단,126.9553901102148501_37.5317020507255563,1020019101,원효대교(북측),126.9548588027812031_37.5310516019593976,88.0,24.0,서행,126.9548588027812031_37.5310516019593976|126.9549226689843948_37.5312085125953701|126.9550033116491221_37.5313554984575291|126.9550615398033386_37.5314328679821756|126.9551536553410358_37.5315246564589984|126.9552419361069866_37.5316063792257282|126.9553441400846054_37.5316742723173178|126.9553901102148501_37.5317020507255563
2026-09-04T18:34:05.570303+09:00,용산역,용산역,POI046,KEY_1,1020006602,이촌로,1020205500,최소노드배치점,126.9548358306542184_37.5280745473059696,1020014201,이촌고가차도(북측),126.9568310199770877_37.5256741735968973,321.0,35.0,원활,126.9568310199770877_37.5256741735968973|126.9567137750659356_37.5257905141320904|126.9566032818130168_37.5259001546487454|126.9561863225043794_37.5263138922143824|126.9559119746242430_37.5265861169618304|126.9558554148212153_37.5266429384152786|126.9556176202604121_37.5268818317877120|126.9553630706085698_37.5271950322431351|126.9552216938227076_37.5273988835597478|126.9551608101404412_37.5275054945227566|126.9548358306542184_37.5280745473059696
2026-09-04T18:34:05.570303+09:00,용산역,용산역,POI046,KEY_1,1020006603,이촌로,1020014201,이촌고가차도(북측),126.9568310199770877_37.5256741735968973,1020013501,이촌고가차도(남측),126.9586289791741223_37.5243669044741708,216.0,35.0,원활,126.9586289791741223_37.5243669044741708|126.9579171683803196_37.5248143186944176|126.9575528488126537_37.5250570787040729|126.9568310199770877_37.5256741735968973
2026-09-04T18:34:05.570303+09:00,용산역,용산역,POI046,KEY_1,1020007302,한강대로,1020015204,용산역,126.9667170087153636_37.5280456524693449,1020016803,전자상가입구교차로,126.9681558223356888_37.5295644873819896,211.0,31.0,원활,126.9681558223356888_37.5295644873819896|126.9672342806026819_37.5285917021841300|126.9667170087153636_37.5280456524693449
2026-09-04T18:34:05.570303+09:00,용산역,용산역,POI046,KEY_1,1020007303,한강대로,1020014817,용산역사거리,126.9661319906761747_37.5274253090940633,1020015203,용산역,126.9666353702945258_37.5279592626933010,74.0,6.0,정체,126.9666353702945258_37.5279592626933010|126.9661319906761747_37.5274253090940633
2026-09-04T18:34:05.570303+09:00,용산역,용산역,POI046,KEY_1,1020007402,한강대로,1020051500,한강로2가 188-1,126.9673426559004668_37.5285265849111056,1020015201,속성변화점,126.9668253836721163_37.5279805356647955,76.0,16.0,서행,126.9668253836721163_37.5279805356647955|126.9673426559004668_37.5285265849111056
2026-09-04T18:34:05.570303+09:00,용산역,용산역,POI046,KEY_1,1020007700,청파로,1020173500,최소노드배치점,126.9542456981875063_37.5317279758192655,1020037602,원효대교,126.9568345198735386_37.5332410447366627,285.0,44.0,원활,126.9568345198735386_37.5332410447366627|126.9565849866213654_37.5331524137163512|126.9561176036738885_37.5328605788594274|126.9556559715311721_37.5326013704243877|126.9553154035325093_37.5324227537399153|126.9549297998321720_37.5322109106913047|126.9546531467051835_37.5320271321003176|126.9542456981875063_37.5317279758192655
2026-09-04T18:34:05.570303+09:00,용산역,용산역,POI046,KEY_1,1020008301,새창로,1020143800,한강로3가 3-38,126.9630915470483501_37.5330272864438896,1020022103,용산전자상가앞교차로,126.9629279568080591_37.5332351639350534,27.0,26.0,원활,126.9629279568080591_37.5332351639350534|126.9630538866097140_37.5330634009447337|126.9630915470483501_37.5330272864438896
2026-09-04T18:34:05.570303+09:00,용산역,용산역,POI046,KEY_1,1020008302,새창로,1020020304,한강로3가 23-4,126.9652119205696295_37.5317965792214139,1020021002,신용산지하차도(서측),126.9641478967900383_37.5325528422241064,127.0,17.0,서행,126.9641478967900383_37.5325528422241064|126.9643316528803609_37.5324303445171026|126.9643497266759482_37.5324240929770170|126.9644789739496247_37.5323619601416141|126.9646508439094248_37.5322560774030194|126.9652119205696295_37.5317965792214139
2026-09-04T18:34:05.570303+09:00,용산역,용산역,POI046,KEY_1,1020008304,새창로,1020017803,신용산지하차도(동측),126.9672920986842541_37.5301423807374377,1020021002,신용산지하차도(서측),126.9641478967900383_37.5325528422241064,388.0,5.0,정체,126.9641478967900383_37.5325528422241064|126.9643809266257364_37.5324722401779951|126.9645174119451809_37.5324066289165401|126.9646961706868211_37.5322965008629552|126.9653089376107715_37.5317946698217355|126.9666662371181047_37.5306072265435589|126.9670883183181331_37.5302833177777018|126.9672920986842541_37.5301423807374377
2026-09-04T18:34:05.570303+09:00,용산역,용산역,POI046,KEY_1,1020008306,새창로,1020016803,전자상가입구교차로,126.9681558223356888_37.5295644873819896,1020017802,신용산지하차도(동측),126.9673959720882692_37.5300726947153009,88.0,9.0,정체,126.9673959720882692_37.5300726947153009|126.9677699989137238_37.5298289272809029|126.9679910930038602_37.5296848305883302|126.9679948818404398_37.5296820626562777|126.9681558223356888_37.5295644873819896
2026-09-04T18:34:05.570303+09:00,용산역,용산역,POI046,KEY_1,1020008401,새창로,1020022102,용산전자상가앞교차로,126.9630710658397987_37.5332544033118722,1020021004,신용산지하차도(서측),126.9640622935567649_37.5327015803896558,110.0,5.0,정체,126.9640622935567649_37.5327015803896558|126.9634749367835127_37.5329119529101760|126.9633867785343142_37.5329492144407979|126.9632743505974162_37.5330212208712055|126.9631959939209196_37.5330963613603785|126.9631654873827102_37.5331256156879931|126.9630710658397987_37.5332544033118722
2026-09-04T18:34:05.570303+09:00,용산역,용산역,POI046,KEY_1,1020008402,새창로,1020021001,신용산지하차도(서측),126.9642019833896285_37.5326520130916776,1020020301,한강로2가 2-367,126.9654108854401215_37.5319438111119723,137.0,7.0,정체,126.9654108854401215_37.5319438111119723|126.9648321479170505_37.5324177738388656|126.9646327205503979_37.5325406342616859|126.9644745301098396_37.5326166817303246|126.9644398268731891_37.5326286851676940|126.9642019833896285_37.5326520130916776
2026-09-04T18:34:05.570303+09:00,용산역,용산역,POI046,KEY_1,1020008404,새창로,1020021001,신용산지하차도(서측),126.9642019833896285_37.5326520130916776,1020017804,신용산지하차도(동측),126.9673811166748720_37.5302240136235596,392.0,16.0,서행,126.9673811166748720_37.5302240136235596|126.9671799908457928_37.5303631161555273|126.9667636396161754_37.5306826263665059|126.9654078286461214_37.5318687710402443|126.9647868221242817_37.5323773504322133|126.9645942835487062_37.5324959655255483|126.9644433289083878_37.5325685345548337|126.9642019833896285_37.5326520130916776
2026-09-04T18:34:05.570303+09:00,용산역,용산역,POI046,KEY_1,1020008406,새창로,1020126900,한강로2가 422-1,126.9678559795664512_37.5299126000648968,1020016804,전자상가입구교차로,126.9682403944276103_37.5296494232954956,45.0,10.0,정체,126.9682403944276103_37.5296494232954956|126.9680866539261928_37.5297617379752211|126.9680800395232581_37.5297665700961005|126.9678559795664512_37.5299126000648968
2026-09-04T18:34:05.570303+09:00,용산역,용산역,POI046,KEY_1,1020009702,청파로,1020020404,원효대교북단,126.9556375536380557_37.5319857483433736,1020020600,한강로3가16-65,126.9565323634393508_37.5323743610575846,90.0,30.5,원활,126.9565323634393508_37.5323743610575846|126.9556375536380557_37.5319857483433736
2026-09-04T18:34:05.570303+09:00,용산역,용산역,POI046,KEY_1,1020009703,청파로,1020020600,한강로3가16-65,126.9565323634393508_37.5323743610575846,1020020902,용산전자단지우체국,126.9569058189334640_37.5325337481242514,37.0,40.0,원활,126.9569058189334640_37.5325337481242514|126.9565323634393508_37.5323743610575846
2026-09-04T18:34:05.570303+09:00,용산역,용산역,POI046,KEY_1,1020009704,청파로,1020020902,용산전자단지우체국,126.9569058189334640_37.5325337481242514,1020021304,한강로3가 16-7,126.9574584875420840_37.5327318107459149,54.0,27.0,원활,126.9574584875420840_37.5327318107459149|126.9572579846815188_37.5326702912132433|126.9569058189334640_37.5325337481242514
2026-09-04T18:34:05.570303+09:00,용산역,용산역,POI046,KEY_1,1020009705,청파로,1020119000,한강로3가 16-7,126.9595695472644508_37.5332638198563799,1020021604,한강로3가 16-19,126.9615014024332140_37.5332163732493740,172.0,30.0,원활,126.9615014024332140_37.5332163732493740|126.9602058425279836_37.5333336741990635|126.9600077776086664_37.5333356039105581|126.9597562586833277_37.5333057692181953|126.9595695472644508_37.5332638198563799
2026-09-04T18:34:05.570303+09:00,용산역,용산역,POI046,KEY_1,1020009706,청파로,1020021601,한강로3가 1-5,126.9616473260760756_37.5332073613940054,1020022104,용산전자상가앞교차로,126.9628484822402044_37.5333341021974505,107.0,14.0,정체,126.9628484822402044_37.5333341021974505|126.9618939521689356_37.5332053139414228|126.9617370896390582_37.5332029917991576|126.9616473260760756_37.5332073613940054
2026-09-04T18:34:05.570303+09:00,용산역,용산역,POI046,KEY_1,1020009708,청파로,1020037500,원효대교(북측),126.9542693846201331_37.5315793811471394,1020020404,원효대교북단,126.9556375536380557_37.5319857483433736,129.0,34.0,원활,126.9556375536380557_37.5319857483433736|126.9551388991962710_37.5318433205660398|126.9547492867794602_37.5317238126920998|126.9542693846201331_37.5315793811471394
2026-09-04T18:34:05.570303+09:00,용산역,용산역,POI046,KEY_1,1020009802,청파로,1020020403,원효대교북단,126.9553082852605002_37.5317879306578988,1020020200,원효대교(북측),126.9548392490623030_37.5316133150025451,46.0,29.0,원활,126.9548392490623030_37.5316133150025451|126.9550620163499985_37.5317058967629364|126.9552021760954830_37.5317598740333125|126.9553082852605002_37.5317879306578988
2026-09-04T18:34:05.570303+09:00,용산역,용산역,POI046,KEY_1,1020009803,청파로,1020020901,용산전자단지우체국,126.9569675898006125_37.5324375365610621,1020020401,원효대교북단,126.9557064644342717_37.5318932133014656,127.0,17.0,서행,126.9557064644342717_37.5318932133014656|126.9565965093453883_37.5322790695441242|126.9569675898006125_37.5324375365610621
2026-09-04T18:34:05.570303+09:00,용산역,용산역,POI046,KEY_1,1020009804,청파로,1020021303,한강로3가 16-7,126.9575072985046518_37.5326309196351815,1020020901,용산전자단지우체국,126.9569675898006125_37.5324375365610621,52.0,9.0,정체,126.9569675898006125_37.5324375365610621|126.9573122042361888_37.5325710592489799|126.9575072985046518_37.5326309196351815
2026-09-04T18:34:05.570303+09:00,용산역,용산역,POI046,KEY_1,1020009805,청파로,1020021603,한강로3가 16-7,126.9614677039148063_37.5331106071503697,1020021302,한강로3가 16-7,126.9576337477824950_37.5326706470732603,349.0,22.0,서행,126.9576337477824950_37.5326706470732603|126.9580664129919683_37.5328101154640095|126.9585225787335219_37.5329162450912719|126.9596064120293448_37.5331597618635868|126.9597848075777904_37.5331998428518006|126.9600170076349457_37.5332273860062742|126.9601973228100036_37.5332256286964352|126.9614677039148063_37.5331106071503697
2026-09-04T18:34:05.570303+09:00,용산역,용산역,POI046,KEY_1,1020009806,청파로,1020022103,용산전자상가앞교차로,126.9629279568080591_37.5332351639350534,1020021602,한강로3가 16-39,126.9616029567967104_37.5331011995652588,118.0,8.0,정체,126.9616029567967104_37.5331011995652588|126.9617342044094386_37.5330948103767668|126.9619066244179351_37.5330973627923612|126.9629279568080591_37.5332351639350534
2026-09-04T18:34:05.570303+09:00,용산역,용산역,POI046,KEY_1,1020010101,원효로,1020020501,현대원효로센터앞교차로,126.9539405868904964_37.5322577712034473,1020021802,성불사,126.9566111307023277_37.5331000118838318,264.0,24.0,서행,126.9566111307023277_37.5331000118838318|126.9561594810851517_37.5328179473307841|126.9556942083330568_37.5325566942213769|126.9553618008372524_37.5323823568818753|126.9550080897569586_37.5322928947044829|126.9546935805942809_37.5322579850113343|126.9545090936698841_37.5322510272462040|126.9544108963312965_37.5322473237002754|126.9541630715034586_37.5322472277727215|126.9539405868904964_37.5322577712034473
2026-09-04T18:34:05.570303+09:00,용산역,용산역,POI046,KEY_1,1020010103,원효로,1020056200,원효로3가 47-12,126.9584348464885011_37.5341146938112047,1020024504,원효전화국,126.9602035658032548_37.5348449023069861,176.0,47.5,원활,126.9602035658032548_37.5348449023069861|126.9585590008392302_37.5341732154492931|126.9584348464885011_37.5341146938112047
2026-09-04T18:34:05.570303+09:00,용산역,용산역,POI046,KEY_1,1020010104,원효로,1020024501,원효전화국,126.9603308476740580_37.5348967079158768,1020025504,원효로2가사거리,126.9615466458641890_37.5353906443280891,121.0,37.7,원활,126.9615466458641890_37.5353906443280891|126.9603308476740580_37.5348967079158768
2026-09-04T18:34:05.570303+09:00,용산역,용산역,POI046,KEY_1,1020010105,원효로,1020021801,성불사,126.9567219150006707_37.5331696767850218,1020037602,원효대교,126.9568345198735386_37.5332410447366627,13.0,22.0,서행,126.9568345198735386_37.5332410447366627|126.9567219150006707_37.5331696767850218
2026-09-04T18:34:05.570303+09:00,용산역,용산역,POI046,KEY_1,1020010106,원효로,1020037602,원효대교,126.9568345198735386_37.5332410447366627,1020022803,원효대교북단,126.9572909752407952_37.5335219124607775,51.0,48.5,원활,126.9572909752407952_37.5335219124607775|126.9569699494762745_37.5333268803031075|126.9568345198735386_37.5332410447366627
2026-09-04T18:34:05.570303+09:00,용산역,용산역,POI046,KEY_1,1020010202,원효로,1020021500,스페이스빌딩,126.9567356509816420_37.5330397231732746,1020021100,원효대교(북측),126.9561715111079963_37.5326923837849762,63.0,45.0,원활,126.9561715111079963_37.5326923837849762|126.9567356509816420_37.5330397231732746
2026-09-04T18:34:05.570303+09:00,용산역,용산역,POI046,KEY_1,1020010204,원효로,1020056300,원효로3가 57-2,126.9585040021752462_37.5340216509975093,1020022801,속성변화점,126.9575143077252903_37.5335198035977271,104.0,16.0,서행,126.9575143077252903_37.5335198035977271|126.9577629164446648_37.5336490491793953|126.9578768727078284_37.5337082919235598|126.9583520494125537_37.5339500260028203|126.9585040021752462_37.5340216509975093
2026-09-04T18:34:05.570303+09:00,용산역,용산역,POI046,KEY_1,1020010205,원효로,1020025503,원효로2가사거리,126.9616066918026007_37.5352936610886161,1020024502,원효전화국,126.9603925485917841_37.5348003971819892,120.0,6.0,정체,126.9603925485917841_37.5348003971819892|126.9616066918026007_37.5352936610886161
2026-09-04T18:34:05.570303+09:00,용산역,용산역,POI046,KEY_1,1020010207,원효로,1020022801,속성변화점,126.9575143077252903_37.5335198035977271,1020037601,원효대교,126.9569192541430027_37.5331563648474642,66.0,10.0,정체,126.9569192541430027_37.5331563648474642|126.9570534673341626_37.5332416291606350|126.9573733231160020_37.5334359509358393|126.9575143077252903_37.5335198035977271
2026-09-04T18:34:05.570303+09:00,용산역,용산역,POI046,KEY_1,1020010302,청파로,1020022101,용산전자상가앞교차로,126.9629950467819413_37.5333538457541422,1020023304,욱천고가차도,126.9667423822990884_37.5338566798318425,336.0,21.0,서행,126.9667423822990884_37.5338566798318425|126.9640513889183637_37.5334956050625834|126.9639175077057160_37.5334776391437899|126.9629950467819413_37.5333538457541422
2026-09-04T18:34:05.570303+09:00,용산역,용산역,POI046,KEY_1,1020010401,청파로,1020023303,욱천고가차도,126.9666991397419622_37.5337412337859959,1020022402,과학동아천문대,126.9640739486854528_37.5333889875427644,235.0,33.3,원활,126.9640739486854528_37.5333889875427644|126.9666991397419622_37.5337412337859959
2026-09-04T18:34:05.570303+09:00,용산역,용산역,POI046,KEY_1,1020010500,새창로,1020162500,신계동 33-1,126.9620261863349242_37.5346299016487635,1020025503,원효로2가사거리,126.9616066918026007_37.5352936610886161,82.0,11.0,정체,126.9616066918026007_37.5352936610886161|126.9620261863349242_37.5346299016487635
2026-09-04T18:34:05.570303+09:00,용산역,용산역,POI046,KEY_1,1020010600,새창로,1020071900,신계동 33-1,126.9622256102794040_37.5345548543234315,1020022101,용산전자상가앞교차로,126.9629950467819413_37.5333538457541422,150.0,7.5,정체,126.9629950467819413_37.5333538457541422|126.9628865667205702_37.5334837393238701|126.9623753062408724_37.5343179881643252|126.9622256102794040_37.5345548543234315
2026-09-04T18:34:05.570303+09:00,용산역,용산역,POI046,KEY_1,1020012200,새창로,1020053600,원효로2가 69-8,126.9614104165255384_37.5358642039830173,1020025501,원효로2가사거리,126.9616681414131563_37.5354389270863322,52.0,4.0,정체,126.9616681414131563_37.5354389270863322|126.9614104165255384_37.5358642039830173
2026-09-04T18:34:05.570303+09:00,용산역,용산역,POI046,KEY_1,1020013001,원효로,1020156300,원효로2가 85-18,126.9621265329987807_37.5355061956467253,1020025502,원효로2가사거리,126.9617281707655394_37.5353419481051134,40.0,7.0,정체,126.9617281707655394_37.5353419481051134|126.9619750621552043_37.5354379534562739|126.9621265329987807_37.5355061956467253
2026-09-04T18:34:05.570303+09:00,용산역,용산역,POI046,KEY_1,1020031003,한강대로23길,1020014811,한강로3가40-999,126.9650319571767909_37.5280002038717555,1020014808,나인트리프리미어로카우스호텔서울용산,126.9650066545708853_37.5276421187492488,41.0,7.0,정체,126.9650066545708853_37.5276421187492488|126.9649914191819278_37.5277013522904355|126.9649619436993220_37.5278251817468700|126.9649731538123945_37.5279028153889769|126.9650111793189211_37.5279786063186336|126.9650319571767909_37.5280002038717555
2026-09-04T18:34:05.570303+09:00,용산역,용산역,POI046,KEY_1,1020031004,한강대로23길,1020015802,용산역광장앞삼거리,126.9655870495660963_37.5285771917394086,1020014810,한강로3가40-999,126.9651145625119995_37.5280860680841215,69.0,25.5,원활,126.9651145625119995_37.5280860680841215|126.9655870495660963_37.5285771917394086
2026-09-04T18:34:05.570303+09:00,용산역,용산역,POI046,KEY_1,1020031103,한강대로23길,1020014813,한강로3가40-999,126.9649986264322621_37.5281433310974464,1020015803,용산역광장앞삼거리,126.9654792857407983_37.5286429499279635,70.0,5.0,정체,126.9654792857407983_37.5286429499279635|126.9649986264322621_37.5281433310974464
2026-09-04T18:34:05.570303+09:00,용산역,용산역,POI046,KEY_1,1020031104,한강대로23길,1020014809,나인트리프리미어로카우스호텔서울용산,126.9648618974692766_37.5276661459034742,1020014812,한강로3가40-999,126.9649132840756920_37.5280546215653175,45.0,7.0,정체,126.9649132840756920_37.5280546215653175|126.9648920477050780_37.5280325472795724|126.9648403574404796_37.5279295185643349|126.9648247157962260_37.5278211990720649|126.9648582224020572_37.5276804338166627|126.9648618974692766_37.5276661459034742
2026-09-04T18:34:05.570303+09:00,용산역,용산역,POI046,KEY_1,1020031200,한강대로29길,1020015203,용산역,126.9666353702945258_37.5279592626933010,1020015802,용산역광장앞삼거리,126.9655870495660963_37.5285771917394086,115.0,10.0,정체,126.9655870495660963_37.5285771917394086|126.9666353702945258_37.5279592626933010
2026-09-04T18:34:05.570303+09:00,용산역,용산역,POI046,KEY_1,1020031300,한강대로29길,1020015801,용산역광장앞삼거리,126.9656695215508364_37.5286630905805509,1020015204,용산역,126.9667170087153636_37.5280456524693449,115.0,7.0,정체,126.9667170087153636_37.5280456524693449|126.9656695215508364_37.5286630905805509
2026-09-04T18:34:05.570303+09:00,용산역,용산역,POI046,KEY_1,1020031800,한강대로23길,1020016503,래미안용산더센트럴아파트,126.9665866344622600_37.5293810609541154,1020015801,용산역광장앞삼거리,126.9656695215508364_37.5286630905805509,117.0,12.0,정체,126.9656695215508364_37.5286630905805509|126.9662201108448301_37.5292376820034406|126.9663585298970645_37.5293159554833409|126.9664976804328944_37.5293681540214692|126.9665866344622600_37.5293810609541154
2026-09-04T18:34:05.570303+09:00,용산역,용산역,POI046,KEY_1,1020031900,한강대로23길,1020015804,용산역광장앞삼거리,126.9655615980971248_37.5287286830372580,1020016504,래미안용산더센트럴아파트,126.9665623007562090_37.5294874303158039,126.0,11.0,정체,126.9665623007562090_37.5294874303158039|126.9664558863780712_37.5294719906999603|126.9662897668189885_37.5294096751808439|126.9661246990065138_37.5293163310360498|126.9655615980971248_37.5287286830372580
2026-09-04T18:34:05.570303+09:00,용산역,용산역,POI046,KEY_1,1020033800,한강대로23길,1020017802,신용산지하차도(동측),126.9673959720882692_37.5300726947153009,1020016502,래미안용산더센트럴아파트,126.9668186628177295_37.5294998350448381,82.0,9.0,정체,126.9668186628177295_37.5294998350448381|126.9668353525807589_37.5295109193249630|126.9673959720882692_37.5300726947153009
2026-09-04T18:34:05.570303+09:00,용산역,용산역,POI046,KEY_1,1020033900,한강대로23길,1020016501,래미안용산더센트럴아파트,126.9667317143194367_37.5295828712989419,1020017803,신용산지하차도(동측),126.9672920986842541_37.5301423807374377,79.0,8.0,정체,126.9672920986842541_37.5301423807374377|126.9667377225475065_37.5295868616176236|126.9667317143194367_37.5295828712989419
2026-09-04T18:34:05.570303+09:00,용산역,용산역,POI046,KEY_1,1020034800,이촌로2길,1020017500,이촌119안전센터,126.9523654405978732_37.5299851049663928,1020019104,원효대교(북측),126.9547296547672914_37.5310849407541980,251.0,25.5,원활,126.9547296547672914_37.5310849407541980|126.9545655803105433_37.5310328345768127|126.9543726239541144_37.5309286287612096|126.9540821407545081_37.5307553338088766|126.9530819266436481_37.5301623577747137|126.9528911683399315_37.5300492648525363|126.9527252955329146_37.5299509250104393|126.9526356021338103_37.5299314301440461|126.9525667304034755_37.5299311114793284|126.9525008186408570_37.5299355755796711|126.9523654405978732_37.5299851049663928
2026-09-04T18:34:05.570303+09:00,용산역,용산역,POI046,KEY_1,1020034900,이촌로,1020018400,원효대교(북측),126.9545711623072890_37.5306544215694089,1020018700,원효대교(북측),126.9543146494929005_37.5307598839378187,27.0,16.0,서행,126.9543146494929005_37.5307598839378187|126.9544437703061419_37.5307416362807444|126.9545056917429804_37.5307121037020153|126.9545534666634836_37.5306713040317206|126.9545711623072890_37.5306544215694089
2026-09-04T18:34:05.570303+09:00,용산역,용산역,POI046,KEY_1,1020035200,이촌로2길,1020019103,원효대교(북측),126.9546751732118395_37.5309512393787443,1020018700,원효대교(북측),126.9543146494929005_37.5307598839378187,38.0,13.0,정체,126.9543146494929005_37.5307598839378187|126.9544514644855440_37.5308405709979240|126.9546295685219661_37.5309367565745760|126.9546751732118395_37.5309512393787443
2026-09-04T18:34:05.570303+09:00,용산역,용산역,POI046,KEY_1,1020036100,이촌로,1020019104,원효대교(북측),126.9547296547672914_37.5310849407541980,1020019300,원효대교(북측),126.9543441870368383_37.5313612767879334,53.0,23.0,서행,126.9543441870368383_37.5313612767879334|126.9544303469565278_37.5313660691537123|126.9545129769833665_37.5313541456228563|126.9546005674117595_37.5313227226698274|126.9546616289976413_37.5312789475547532|126.9546937077607396_37.5311873829968690|126.9547296547672914_37.5310849407541980
2026-09-04T18:34:05.570303+09:00,용산역,용산역,POI046,KEY_1,1020036300,청파로,1020173900,최소노드배치점,126.9610232494990356_37.5318170658722465,1020021303,한강로3가 16-7,126.9575072985046518_37.5326309196351815,380.0,27.0,원활,126.9575072985046518_37.5326309196351815|126.9578275642214180_37.5318770888071569|126.9579050787331767_37.5318219157228796|126.9580441527752441_37.5317903247534730|126.9581599223025989_37.5317836200292945|126.9582503389003136_37.5318011098269508|126.9587847846923694_37.5319191178751055|126.9592422416729391_37.5319853479552847|126.9598040293009262_37.5320438172580566|126.9599868096045014_37.5320348945443172|126.9602979712750823_37.5319846984666938|126.9610232494990356_37.5318170658722465
2026-09-04T18:34:05.570303+09:00,용산역,용산역,POI046,KEY_1,1020036400,청파로,1020051600,한강로3가 40-999,126.9651342782798906_37.5308520902996037,1020016501,래미안용산더센트럴아파트,126.9667317143194367_37.5295828712989419,286.0,13.0,정체,126.9667317143194367_37.5295828712989419|126.9667342797360448_37.5295871669884633|126.9670026551513899_37.5298632595946771|126.9670198541459598_37.5299346174117971|126.9670018542596779_37.5300299563627817|126.9669516738453154_37.5301004213707472|126.9665305642197239_37.5304917275435486|126.9663500374824423_37.5306268174460413|126.9662430780638118_37.5306336011953618|126.9657310266158277_37.5303634416177161|126.9655336880002920_37.5305204864041144|126.9651342782798906_37.5308520902996037
2026-09-04T18:34:05.570303+09:00,용산역,용산역,POI046,KEY_1,1020036500,이촌로,1020019800,원효대교북단교차로,126.9549713924562013_37.5315077158583179,1020020200,원효대교(북측),126.9548392490623030_37.5316133150025451,20.0,22.5,서행,126.9548392490623030_37.5316133150025451|126.9549083150940731_37.5316110717711027|126.9549509103713802_37.5315900370343911|126.9549709351302482_37.5315664735781809|126.9549752021724913_37.5315409480382698|126.9549713924562013_37.5315077158583179
2026-09-04T18:34:05.570303+09:00,용산역,용산역,POI046,KEY_1,1020037000,청파로20길,1020079500,한강로3가 40-969,126.9629597330628741_37.5320408152329819,1020021603,한강로3가 16-7,126.9614677039148063_37.5331106071503697,225.0,17.0,서행,126.9614677039148063_37.5331106071503697|126.9614047219316859_37.5325343489783307|126.9614013743318850_37.5324176547259896|126.9614508283752343_37.5323318198881850|126.9615635429022689_37.5322869840670563|126.9619319510057380_37.5322220300683327|126.9629597330628741_37.5320408152329819
2026-09-04T18:34:05.570303+09:00,용산역,용산역,POI046,KEY_1,1020037100,청파로20길,1020099000,한강로3가 23-1,126.9637035399275788_37.5320204024149149,1020020304,한강로3가 23-4,126.9652119205696295_37.5317965792214139,140.0,8.0,정체,126.9652119205696295_37.5317965792214139|126.9651393019003365_37.5317424383839153|126.9650994879791170_37.5317344987149681|126.9649852047470375_37.5317530795719136|126.9640726512030824_37.5319553172189231|126.9637035399275788_37.5320204024149149
2026-09-04T18:34:05.570303+09:00,용산역,용산역,POI046,KEY_1,1020037400,청파로,1020020600,한강로3가16-65,126.9565323634393508_37.5323743610575846,1020021100,원효대교(북측),126.9561715111079963_37.5326923837849762,57.0,16.0,서행,126.9561715111079963_37.5326923837849762|126.9563725209901719_37.5326683519297930|126.9564513229297091_37.5326418852762274|126.9565040511106275_37.5325974123742796|126.9565345586347433_37.5325200456337811|126.9565323634393508_37.5323743610575846
2026-09-04T18:34:05.570303+09:00,용산역,용산역,POI046,KEY_1,1020037500,청파로20길,1020023302,욱천고가차도,126.9668127759471901_37.5337599745325932,1020020302,한강로2가 2-367,126.9655029202062337_37.5318643256554978,269.0,10.0,정체,126.9655029202062337_37.5318643256554978|126.9658228653465244_37.5320992742805473|126.9669454772575961_37.5328926487014982|126.9669788188484318_37.5329657490361228|126.9669825954666464_37.5330324178620387|126.9669547514942423_37.5331578118494633|126.9669364015558273_37.5332404496774856|126.9668127759471901_37.5337599745325932
2026-09-04T18:34:05.570303+09:00,용산역,용산역,POI046,KEY_1,1020037600,청파로20길,1020121400,한강로2가 16-8,126.9668210577428340_37.5331389847105044,1020023303,욱천고가차도,126.9666991397419622_37.5337412337859959,68.0,12.0,정체,126.9666991397419622_37.5337412337859959|126.9668024994931272_37.5332225614810042|126.9668210577428340_37.5331389847105044
2026-09-04T18:34:05.570303+09:00,용산역,용산역,POI046,KEY_1,1020037700,원효로,1020021500,스페이스빌딩,126.9567356509816420_37.5330397231732746,1020020902,용산전자단지우체국,126.9569058189334640_37.5325337481242514,60.0,19.0,서행,126.9569058189334640_37.5325337481242514|126.9568100044306647_37.5326661782408806|126.9567290707744291_37.5328556687790567|126.9567356509816420_37.5330397231732746
2026-09-04T18:34:05.570303+09:00,용산역,용산역,POI046,KEY_1,1020038000,청파로,1020022402,과학동아천문대,126.9640739486854528_37.5333889875427644,1020021001,신용산지하차도(서측),126.9642019833896285_37.5326520130916776,83.0,20.0,서행,126.9642019833896285_37.5326520130916776|126.9641861505747897_37.5328649726940426|126.9640739486854528_37.5333889875427644
2026-09-04T18:34:05.570303+09:00,용산역,용산역,POI046,KEY_1,1020038100,청파로,1020021004,신용산지하차도(서측),126.9640622935567649_37.5327015803896558,1020022403,과학동아천문대,126.9639400680898262_37.5333710217557694,75.0,13.0,정체,126.9639400680898262_37.5333710217557694|126.9640510614697462_37.5328526528075628|126.9640622935567649_37.5327015803896558
2026-09-04T18:34:05.570303+09:00,용산역,용산역,POI046,KEY_1,1020038800,청파로,1020022403,과학동아천문대,126.9639400680898262_37.5333710217557694,1020022102,용산전자상가앞교차로,126.9630710658397987_37.5332544033118722,78.0,29.0,원활,126.9630710658397987_37.5332544033118722|126.9639400680898262_37.5333710217557694
2026-09-04T18:34:05.570303+09:00,용산역,용산역,POI046,KEY_1,1020039000,원효로35길,1020021802,성불사,126.9566111307023277_37.5331000118838318,1020023003,원효로3가 262-8,126.9563711597537008_37.5335700537209007,56.0,14.0,정체,126.9563711597537008_37.5335700537209007|126.9566111307023277_37.5331000118838318
2026-09-04T18:34:05.570303+09:00,용산역,용산역,POI046,KEY_1,1020039100,원효로35길,1020023002,원효로3가 257-1,126.9565130570848197_37.5335791274521071,1020021801,성불사,126.9567219150006707_37.5331696767850218,49.0,18.0,서행,126.9567219150006707_37.5331696767850218|126.9565130570848197_37.5335791274521071
2026-09-04T18:34:05.570303+09:00,용산역,용산역,POI046,KEY_1,1020039400,원효로,1020022803,원효대교북단,126.9572909752407952_37.5335219124607775,1020023002,원효로3가 257-1,126.9565130570848197_37.5335791274521071,69.0,15.0,서행,126.9565130570848197_37.5335791274521071|126.9565400311155940_37.5335807898227074|126.9567851336461501_37.5335674182814358|126.9568120776048801_37.5335659483254318|126.9571675861822229_37.5335396550469582|126.9572909752407952_37.5335219124607775
2026-09-04T18:34:05.570303+09:00,용산역,용산역,POI046,KEY_1,1020039500,원효로,1020079800,원효로3가 133-1,126.9567944129417612_37.5336752857926328,1020022804,원효대교북단,126.9574400905556786_37.5336103391808891,58.0,14.0,정체,126.9574400905556786_37.5336103391808891|126.9571859599558792_37.5336468817203510|126.9568229957344698_37.5336737264434745|126.9567944129417612_37.5336752857926328
2026-09-04T18:34:05.570303+09:00,용산역,용산역,POI046,KEY_1,1020039900,원효로48길,1020168400,신계동 42-4,126.9614756097737569_37.5337831190555633,1020024503,원효전화국,126.9602655248851022_37.5347486963228505,151.0,8.0,정체,126.9602655248851022_37.5347486963228505|126.9610542717761490_37.5341193264917905|126.9614756097737569_37.5337831190555633
2026-09-04T18:34:05.570303+09:00,용산역,용산역,POI046,KEY_1,1020040000,원효로48길,1020096400,신계동 43-24,126.9616992885874680_37.5337337588043596,1020021601,한강로3가 1-5,126.9616473260760756_37.5332073613940054,60.0,14.0,정체,126.9616473260760756_37.5332073613940054|126.9616850607653760_37.5332679821519903|126.9617061301868972_37.5334117541946028|126.9617361756409224_37.5336167752948100|126.9617091124944182_37.5337207321187591|126.9616992885874680_37.5337337588043596
2026-09-04T18:34:05.570303+09:00,용산역,용산역,POI046,KEY_1,1020040900,청파로,1020023304,욱천고가차도,126.9667423822990884_37.5338566798318425,1020026402,용산고가차도(북측),126.9704843093111037_37.5363492385874977,467.0,43.7,원활,126.9704843093111037_37.5363492385874977|126.9704227801793621_37.5361717784474251|126.9701495821165622_37.5355871197905202|126.9699845691585267_37.5353053026188022|126.9698975191507628_37.5351873692026388|126.9697449137036358_37.5350072940416624|126.9695389623419288_37.5348080100099253|126.9693899613785675_37.5346822917854368|126.9691796804427781_37.5345333431076682|126.9688675278101329_37.5343596834213500|126.9687428200648611_37.5342995915658406|126.9686065249130706_37.5342441222367000|126.9683645420976745_37.5341627846816905|126.9679751237316907_37.5340780955624211|126.9676503836511898_37.5340186887597653|126.9667423822990884_37.5338566798318425
2026-09-04T18:34:05.570303+09:00,용산역,용산역,POI046,KEY_1,1020055800,한강대로21나길,1020039901,용산역(경춘선),126.9641176719463544_37.5286186792737837,1020014813,한강로3가40-999,126.9649986264322621_37.5281433310974464,95.0,11.0,정체,126.9649986264322621_37.5281433310974464|126.9647835836461098_37.5282153525752520|126.9647283623979348_37.5282448024578343|126.9641176719463544_37.5286186792737837
2026-09-04T18:34:05.570303+09:00,용산역,용산역,POI046,KEY_1,1020056100,한강대로23길,1020014816,용산역사거리,126.9660504142522797_37.5273387770719893,1020014811,한강로3가40-999,126.9650319571767909_37.5280002038717555,116.0,5.0,정체,126.9650319571767909_37.5280002038717555|126.9660504142522797_37.5273387770719893
2026-09-04T18:34:05.570303+09:00,용산역,용산역,POI046,KEY_1,1020056200,한강대로23길,1020014810,한강로3가40-999,126.9651145625119995_37.5280860680841215,1020014817,용산역사거리,126.9661319906761747_37.5274253090940633,116.0,3.0,정체,126.9661319906761747_37.5274253090940633|126.9651145625119995_37.5280860680841215
2026-09-04T18:34:05.570303+09:00,용산역,용산역,POI046,KEY_1,1020057001,한강대로,1020041503,용산우체국,126.9688709856765172_37.5301100058853052,1020016801,전자상가입구교차로,126.9683459865975124_37.5295827397858162,75.0,11.5,정체,126.9683459865975124_37.5295827397858162|126.9688709856765172_37.5301100058853052
2026-09-04T18:34:05.570303+09:00,이태원역,이태원역,POI047,KEY_2,1020009500,보광로,1020157400,이태원동 131-33,126.9940373387562431_37.5339474192291860,1020003103,이태원역앞교차로,126.9938722101036319_37.5344410134072106,57.0,16.0,서행,126.9938722101036319_37.5344410134072106|126.9939255349719502_37.5342547060894063|126.9940373387562431_37.5339474192291860
2026-09-04T18:34:05.570303+09:00,이태원역,이태원역,POI047,KEY_2,1020010701,이태원로,1020109600,이태원동 119-23,126.9934065376017003_37.5345186269656637,1020003104,이태원역앞교차로,126.9938609433052790_37.5345487608536530,40.0,3.0,정체,126.9938609433052790_37.5345487608536530|126.9934065376017003_37.5345186269656637
2026-09-04T18:34:05.570303+09:00,이태원역,이태원역,POI047,KEY_2,1020010800,이태원로,1020093600,이태원동 57-6,126.9901670978671575_37.5341952578389240,1020003002,녹사평역,126.9881954058624700_37.5340760770369641,175.0,11.0,정체,126.9881954058624700_37.5340760770369641|126.9888746584762771_37.5341095041848334|126.9895083789417214_37.5341515534771304|126.9899064253265237_37.5341779633098369|126.9901670978671575_37.5341952578389240
2026-09-04T18:34:05.570303+09:00,이태원역,이태원역,POI047,KEY_2,1020011101,이태원로,1020167100,이태원동 119-23,126.9944655556111286_37.5345901775849882,1020024204,이태원소방파출소,126.9954968238074144_37.5346610574196760,91.0,4.0,정체,126.9954968238074144_37.5346610574196760|126.9944655556111286_37.5345901775849882
2026-09-04T18:34:05.570303+09:00,이태원역,이태원역,POI047,KEY_2,1020011102,이태원로,1020024201,이태원소방파출소,126.9956371857134911_37.5346703540578233,1020025304,이태원호텔앞교차로,126.9986418686788028_37.5352583937875650,280.0,5.0,정체,126.9986418686788028_37.5352583937875650|126.9984212314769110_37.5351188313605419|126.9982335515615830_37.5350249822649857|126.9980583342124731_37.5349517245471205|126.9978393040948390_37.5348749734958176|126.9976622321914590_37.5348302588598415|126.9974202076542866_37.5347917072044979|126.9972001370625776_37.5347636612448596|126.9968571305746536_37.5347459155125946|126.9956371857134911_37.5346703540578233
2026-09-04T18:34:05.570303+09:00,이태원역,이태원역,POI047,KEY_2,1020011201,이태원로,1020024203,이태원소방파출소,126.9955363307621354_37.5345552498172168,1020003102,이태원역앞교차로,126.9940088155564695_37.5344502604877519,136.0,11.0,정체,126.9940088155564695_37.5344502604877519|126.9944772309336969_37.5344824577926843|126.9955363307621354_37.5345552498172168
2026-09-04T18:34:05.570303+09:00,이태원역,이태원역,POI047,KEY_2,1020011202,이태원로,1020025303,이태원호텔앞교차로,126.9987263153591641_37.5351737312984781,1020024202,이태원소방파출소,126.9956725121214589_37.5345640956228834,285.0,13.0,정체,126.9956725121214589_37.5345640956228834|126.9968667962878328_37.5346380677732867|126.9972152987085821_37.5346560983237794|126.9974442596476365_37.5346852761054279|126.9976961690244082_37.5347254028548534|126.9978873030321580_37.5347736685373405|126.9981173019449585_37.5348542624446893|126.9983013090689639_37.5349311962862444|126.9984997949651415_37.5350304478139734|126.9987263153591641_37.5351737312984781
2026-09-04T18:34:05.570303+09:00,이태원역,이태원역,POI047,KEY_2,1020035800,우사단로10길,1020063700,이태원동 137-71,126.9973461434624795_37.5330913789416840,1020021402,보광초등학교,126.9956899673288291_37.5330078219414247,149.0,6.0,정체,126.9956899673288291_37.5330078219414247|126.9957471709841883_37.5330071120154045|126.9959092532463245_37.5329895166849070|126.9959908705287717_37.5329962436548925|126.9967100332990952_37.5331265163957823|126.9968007706584103_37.5331409709456594|126.9970508064429566_37.5331553276982532|126.9970573683931434_37.5331539068610311|126.9973461434624795_37.5330913789416840
2026-09-04T18:34:05.570303+09:00,이태원역,이태원역,POI047,KEY_2,1020037200,우사단로,1020019604,보광초교,126.9965895979005239_37.5314169517780911,1020021403,보광초등학교,126.9955478948623835_37.5330095850120031,200.0,23.0,서행,126.9955478948623835_37.5330095850120031|126.9955854463118499_37.5329070733362755|126.9956459380082094_37.5327986977635888|126.9960112393039111_37.5322685994321645|126.9965895979005239_37.5314169517780911
2026-09-04T18:34:05.570303+09:00,이태원역,이태원역,POI047,KEY_2,1020037300,우사단로,1020021402,보광초등학교,126.9956899673288291_37.5330078219414247,1020019601,보광초교,126.9967090173040560_37.5314683853719586,193.0,16.0,서행,126.9967090173040560_37.5314683853719586|126.9961304606680130_37.5323203253718063|126.9957676933582462_37.5328467489747055|126.9957132225621166_37.5329443380426113|126.9956899673288291_37.5330078219414247
2026-09-04T18:34:05.570303+09:00,이태원역,이태원역,POI047,KEY_2,1020039700,우사단로,1020063400,이태원동 137-23,126.9955993093615803_37.5340288073665604,1020024203,이태원소방파출소,126.9955363307621354_37.5345552498172168,59.0,11.0,정체,126.9955363307621354_37.5345552498172168|126.9955674338379481_37.5344291020757268|126.9956003436716969_37.5340381328912898|126.9955993093615803_37.5340288073665604
2026-09-04T18:34:05.570303+09:00,이태원역,이태원역,POI047,KEY_2,1020039800,우사단로,1020127900,이태원동 137-23,126.9956810738919017_37.5335371339901727,1020021401,보광초등학교,126.9956544097363604_37.5331163963296177,47.0,8.0,정체,126.9956544097363604_37.5331163963296177|126.9956431779321804_37.5331593197407258|126.9956452666882569_37.5332142943968208|126.9956810738919017_37.5335371339901727
2026-09-04T18:34:05.570303+09:00,이태원역,이태원역,POI047,KEY_2,1020041800,이태원로27길,1020091200,이태원동 112-33,126.9941872579211832_37.5354242896055013,1020026204,태국대사관,126.9952756990904561_37.5363269214383237,190.0,13.0,정체,126.9952756990904561_37.5363269214383237|126.9950024930177079_37.5361660973740001|126.9945858125235389_37.5359208138482217|126.9944631524413410_37.5359015925205028|126.9942169223346156_37.5359130027042980|126.9940461223898893_37.5358880581230920|126.9939407102296656_37.5358117362051757|126.9939029380128943_37.5357324209755134|126.9939132882914947_37.5356500538305298|126.9939823977568238_37.5355615331545565|126.9940376114138303_37.5355245435285383|126.9941872579211832_37.5354242896055013
2026-09-04T18:34:05.570303+09:00,이태원역,이태원역,POI047,KEY_2,1020041900,이태원로27길,1020091300,이태원동 111-5,126.9942746628349681_37.5355070255918761,1020024201,이태원소방파출소,126.9956371857134911_37.5346703540578233,170.0,20.0,서행,126.9956371857134911_37.5346703540578233|126.9955842562411448_37.5347850178568478|126.9954134054469819_37.5350706997723336|126.9953750142490776_37.5351183002557249|126.9952378837399039_37.5352883250498763|126.9951738511499997_37.5353312605409712|126.9950719982470559_37.5353558347332807|126.9945933761089663_37.5353577392293118|126.9945100556674760_37.5353687933671125|126.9944205701082751_37.5354092765412304|126.9942746628349681_37.5355070255918761
2026-09-04T18:34:05.570303+09:00,잠실새내역,잠실새내역,POI118,KEY_3,1230077300,올림픽로8길,1230347400,잠실동 253,127.0801129296330458_37.5112871496055504,1230038901,잠실아이파크,127.0802813497855510_37.5105522130446758,83.0,14.0,정체,127.0802813497855510_37.5105522130446758|127.0801129296330458_37.5112871496055504
2026-09-04T18:34:05.570303+09:00,잠실새내역,잠실새내역,POI118,KEY_3,1230025103,올림픽로,1230040703,잠실지구대,127.0829054041126511_37.5117180965625749,1230040600,한국지능형사물인터넷협회,127.0804332107682484_37.5118129433548333,219.0,12.0,정체,127.0804332107682484_37.5118129433548333|127.0819528580516362_37.5117546475695249|127.0829054041126511_37.5117180965625749
2026-09-04T18:34:05.570303+09:00,잠실새내역,잠실새내역,POI118,KEY_3,1230025104,올림픽로,1230040503,잠실새내역교차로,127.0855635572315521_37.5116014858236753,1230040702,잠실지구대,127.0830409730676962_37.5117125062694399,223.0,5.0,정체,127.0830409730676962_37.5117125062694399|127.0855635572315521_37.5116014858236753
2026-09-04T18:34:05.570303+09:00,잠실새내역,잠실새내역,POI118,KEY_3,1230021702,석촌호수로,1230353100,잠실동 279,127.0864689721910281_37.5092608070909250,1230039203,잠실동 277-1,127.0857913006940407_37.5107155088263937,173.0,12.0,정체,127.0857913006940407_37.5107155088263937|127.0859355179749457_37.5102051998990049|127.0860448769971782_37.5099333179183532|127.0862025510453179_37.5096427326652702|127.0864085402465520_37.5093331628304583|127.0864689721910281_37.5092608070909250
2026-09-04T18:34:05.570303+09:00,잠실새내역,잠실새내역,POI118,KEY_3,1230021703,석촌호수로,1230039204,잠실동 277-1,127.0857622779248999_37.5108246687258244,1230040503,잠실새내역교차로,127.0855635572315521_37.5116014858236753,88.0,19.0,서행,127.0855635572315521_37.5116014858236753|127.0857622779248999_37.5108246687258244
2026-09-04T18:34:05.570303+09:00,잠실새내역,잠실새내역,POI118,KEY_3,1230021801,석촌호수로,1230353200,잠실동 34-1,127.0865819707457973_37.5093206987781613,1230035804,잠실학원사거리,127.0907435116093893_37.5076347291248027,428.0,23.0,서행,127.0907435116093893_37.5076347291248027|127.0891988654833682_37.5078903869766904|127.0886967870483488_37.5080084362478132|127.0881708286998588_37.5081877992563406|127.0880012683076359_37.5082606960781177|127.0877888032188707_37.5083520377951984|127.0873293019124333_37.5086200596454873|127.0869893609562524_37.5088726575149423|127.0867610863939206_37.5091062405246163|127.0865819707457973_37.5093206987781613
2026-09-04T18:34:05.570303+09:00,잠실새내역,잠실새내역,POI118,KEY_3,1230022501,백제고분로,1230034504,아시아선수촌아파트앞교차로,127.0794760915656525_37.5067976917142687,1230037302,아시아선수촌정문,127.0789846119519098_37.5088462503289861,232.0,14.0,정체,127.0789846119519098_37.5088462503289861|127.0792348638606626_37.5077439618197062|127.0794043146057106_37.5069975607147299|127.0794760915656525_37.5067976917142687
2026-09-04T18:34:05.570303+09:00,잠실새내역,잠실새내역,POI118,KEY_3,1230022502,백제고분로,1230353500,잠실동 125,127.0787072249255090_37.5099907360209954,1230038503,올림피아빌딩,127.0786542685962957_37.5102092272623651,25.0,21.0,서행,127.0786542685962957_37.5102092272623651|127.0787072249255090_37.5099907360209954
2026-09-04T18:34:05.570303+09:00,잠실새내역,잠실새내역,POI118,KEY_3,1230022503,백제고분로,1230038504,올림피아빌딩,127.0786287250056432_37.5103159388886098,1230041203,종합운동장교차로,127.0782816833858391_37.5117845986573144,166.0,16.0,서행,127.0782816833858391_37.5117845986573144|127.0786287250056432_37.5103159388886098
2026-09-04T18:34:05.570303+09:00,잠실새내역,잠실새내역,POI118,KEY_3,1230022601,백제고분로,1230351300,잠실동 258,127.0793710204524842_37.5077634256097809,1230034501,아시아선수촌아파트앞교차로,127.0795914683025813_37.5068694993964726,101.0,6.0,정체,127.0795914683025813_37.5068694993964726|127.0795366621722025_37.5070221123558625|127.0793710204524842_37.5077634256097809
2026-09-04T18:34:05.570303+09:00,잠실새내역,잠실새내역,POI118,KEY_3,1230022602,백제고분로,1230037800,아시아선수촌정문,127.0789738144993350_37.5094612320512866,1230037301,아시아선수촌정문,127.0791244501709514_37.5088668990510925,67.0,2.0,정체,127.0791244501709514_37.5088668990510925|127.0789738144993350_37.5094612320512866
2026-09-04T18:34:05.570303+09:00,잠실새내역,잠실새내역,POI118,KEY_3,1230022604,백제고분로,1230038502,올림피아빌딩,127.0787875343454232_37.5102297243505305,1230037800,아시아선수촌정문,127.0789738144993350_37.5094612320512866,87.0,3.0,정체,127.0789738144993350_37.5094612320512866|127.0788885712924667_37.5098129019347439|127.0788404959359497_37.5100112347870578|127.0787875343454232_37.5102297243505305
2026-09-04T18:34:05.570303+09:00,잠실새내역,잠실새내역,POI118,KEY_3,1230022605,백제고분로,1230041202,종합운동장교차로,127.0784113695261652_37.5118202602699213,1230038501,올림피아빌딩,127.0787621084200936_37.5103359393821023,168.0,3.0,정체,127.0787621084200936_37.5103359393821023|127.0784113695261652_37.5118202602699213
2026-09-04T18:34:05.570303+09:00,잠실새내역,잠실새내역,POI118,KEY_3,1230024502,올림픽로,1230039501,정신여중고교,127.0736954853006182_37.5111786898829180,1230041205,종합운동장교차로,127.0782510546514033_37.5119142943147708,411.0,35.5,원활,127.0782510546514033_37.5119142943147708|127.0777355344654751_37.5118609241788334|127.0736954853006182_37.5111786898829180
2026-09-04T18:34:05.570303+09:00,잠실새내역,잠실새내역,POI118,KEY_3,1230024900,올림픽로,1230358200,최소노드배치점,127.0890986901108874_37.5116423850120313,1230041304,잠실3사거리,127.0924582513479919_37.5119541794962004,299.0,16.0,서행,127.0924582513479919_37.5119541794962004|127.0894865754439849_37.5116660118753273|127.0890986901108874_37.5116423850120313
2026-09-04T18:34:05.570303+09:00,잠실새내역,잠실새내역,POI118,KEY_3,1230025002,올림픽로,1230358100,최소노드배치점,127.0891090387559217_37.5115345789191323,1230040502,잠실새내역교차로,127.0857035804970963_37.5115956032460929,301.0,18.0,서행,127.0857035804970963_37.5115956032460929|127.0879951156214815_37.5115020522100338|127.0885680436061307_37.5115016240106058|127.0891090387559217_37.5115345789191323
2026-09-04T18:34:05.570303+09:00,잠실새내역,잠실새내역,POI118,KEY_3,1230025101,올림픽로,1230040900,잠실동 255,127.0795451503135922_37.5118493118968601,1230041202,종합운동장교차로,127.0784113695261652_37.5118202602699213,101.0,26.0,원활,127.0784113695261652_37.5118202602699213|127.0789150728828076_37.5118612872023789|127.0792928572771814_37.5118610342029228|127.0795451503135922_37.5118493118968601
2026-09-04T18:34:05.570303+09:00,잠실새내역,잠실새내역,POI118,KEY_3,1230025102,올림픽로,1230040600,한국지능형사물인터넷협회,127.0804332107682484_37.5118129433548333,1230040900,잠실동 255,127.0795451503135922_37.5118493118968601,79.0,11.0,정체,127.0795451503135922_37.5118493118968601|127.0804332107682484_37.5118129433548333
2026-09-04T18:34:05.570303+09:00,잠실새내역,잠실새내역,POI118,KEY_3,1230025202,올림픽로,1230424500,최소노드배치점,127.0819594247720232_37.5118631388527746,1230040504,잠실새내역교차로,127.0855335976985714_37.5117110899299107,316.0,28.0,원활,127.0855335976985714_37.5117110899299107|127.0830484586408744_37.5118204620005500|127.0829120200997835_37.5118261214596131|127.0819594247720232_37.5118631388527746
2026-09-04T18:34:05.570303+09:00,잠실새내역,잠실새내역,POI118,KEY_3,1230027000,석촌호수로,1230356600,잠실동 18-1,127.0850670165109193_37.5140217413784498,1230040501,잠실새내역교차로,127.0856744573367365_37.5117050538603038,263.0,18.0,서행,127.0856744573367365_37.5117050538603038|127.0854547322949060_37.5124799462171339|127.0850670165109193_37.5140217413784498
2026-09-04T18:34:05.570303+09:00,잠실새내역,잠실새내역,POI118,KEY_3,1230027701,백제고분로,1230041205,종합운동장교차로,127.0782510546514033_37.5119142943147708,1230044203,신천중교앞,127.0774299249238197_37.5153939877462790,393.0,15.0,서행,127.0774299249238197_37.5153939877462790|127.0782510546514033_37.5119142943147708
2026-09-04T18:34:05.570303+09:00,잠실새내역,잠실새내역,POI118,KEY_3,1230027801,백제고분로,1230044202,신천중교앞,127.0775633237073521_37.5154139620390339,1230041201,종합운동장교차로,127.0783861885229413_37.5119268938563764,394.0,9.0,정체,127.0783861885229413_37.5119268938563764|127.0775633237073521_37.5154139620390339
2026-09-04T18:34:05.570303+09:00,잠실새내역,잠실새내역,POI118,KEY_3,1230074100,올림픽로12길,1230343800,잠실동 274,127.0833686401427087_37.5069877890081500,1230039303,피처캠프(신천점),127.0828829403486111_37.5108014836183230,434.0,17.5,서행,127.0828829403486111_37.5108014836183230|127.0836489279273422_37.5076846783056865|127.0836420187927303_37.5076355355415885|127.0836385317299033_37.5076107330029842|127.0836104420223052_37.5075215615306234|127.0835997373339410_37.5074979313306827|127.0833686401427087_37.5069877890081500
2026-09-04T18:34:05.570303+09:00,잠실새내역,잠실새내역,POI118,KEY_3,1230074500,백제고분로9길,1230037500,속성변화점,127.0794813125434359_37.5091538969098863,1230037301,아시아선수촌정문,127.0791244501709514_37.5088668990510925,45.0,13.0,정체,127.0791244501709514_37.5088668990510925|127.0794813125434359_37.5091538969098863
2026-09-04T18:34:05.570303+09:00,잠실새내역,잠실새내역,POI118,KEY_3,1230075100,백제고분로9길,1230037800,아시아선수촌정문,127.0789738144993350_37.5094612320512866,1230037700,속성변화점,127.0794532153200009_37.5092637347447635,48.0,2.0,정체,127.0794532153200009_37.5092637347447635|127.0789738144993350_37.5094612320512866
2026-09-04T18:34:05.570303+09:00,잠실새내역,잠실새내역,POI118,KEY_3,1230075200,올림픽로8길,1230345200,잠실동 263,127.0800495933583960_37.5092445044540952,1230037500,속성변화점,127.0794813125434359_37.5091538969098863,51.0,13.0,정체,127.0794813125434359_37.5091538969098863|127.0800495933583960_37.5092445044540952
2026-09-04T18:34:05.570303+09:00,잠실새내역,잠실새내역,POI118,KEY_3,1230075300,올림픽로8길,1230345100,잠실동 257,127.0800231129676234_37.5093519997702458,1230038903,잠실아이파크,127.0801725507411817_37.5104262642441668,147.0,17.5,서행,127.0801725507411817_37.5104262642441668|127.0804008413532671_37.5094548236844929|127.0803904580349553_37.5094333724295268|127.0803522291554515_37.5094029715202808|127.0800231129676234_37.5093519997702458
2026-09-04T18:34:05.570303+09:00,잠실새내역,잠실새내역,POI118,KEY_3,1230076600,백제고분로7길,1230038903,잠실아이파크,127.0801725507411817_37.5104262642441668,1230038502,올림피아빌딩,127.0787875343454232_37.5102297243505305,124.0,11.0,정체,127.0787875343454232_37.5102297243505305|127.0801725507411817_37.5104262642441668
2026-09-04T18:34:05.570303+09:00,잠실새내역,잠실새내역,POI118,KEY_3,1230076700,백제고분로7길,1230038501,올림피아빌딩,127.0787621084200936_37.5103359393821023,1230038904,잠실아이파크,127.0801478779330864_37.5105325853430571,124.0,4.0,정체,127.0801478779330864_37.5105325853430571|127.0787621084200936_37.5103359393821023
2026-09-04T18:34:05.570303+09:00,잠실새내역,잠실새내역,POI118,KEY_3,1230076800,백제고분로7길,1230357500,잠실동 262,127.0811518239590043_37.5105746128225590,1230038902,잠실아이파크,127.0803060223495748_37.5104458918043377,76.0,12.0,정체,127.0803060223495748_37.5104458918043377|127.0811518239590043_37.5105746128225590
2026-09-04T18:34:05.570303+09:00,잠실새내역,잠실새내역,POI118,KEY_3,1230076900,백제고분로7길,1230357600,잠실동 262,127.0811263550866528_37.5106808129218976,1230039304,피처캠프(신천점),127.0828710878363665_37.5109094276610335,156.0,17.0,서행,127.0828710878363665_37.5109094276610335|127.0825055257436702_37.5108644567057610|127.0816055492480956_37.5107537377581792|127.0811263550866528_37.5106808129218976
2026-09-04T18:34:05.570303+09:00,잠실새내역,잠실새내역,POI118,KEY_3,1230077000,백제고분로7길,1230344000,잠실동 271,127.0836883041854435_37.5107842000684073,1230039302,피처캠프(신천점),127.0830201298739155_37.5108060171210980,59.0,10.0,정체,127.0830201298739155_37.5108060171210980|127.0836883041854435_37.5107842000684073
2026-09-04T18:34:05.570303+09:00,잠실새내역,잠실새내역,POI118,KEY_3,1230077100,백제고분로7길,1230039301,피처캠프(신천점),127.0830071143003153_37.5109146527428194,1230039204,잠실동 277-1,127.0857622779248999_37.5108246687258244,244.0,13.0,정체,127.0857622779248999_37.5108246687258244|127.0844068445662174_37.5108689454204338|127.0840316601494067_37.5108811984670325|127.0836938632375279_37.5108922294623497|127.0830071143003153_37.5109146527428194
2026-09-04T18:34:05.570303+09:00,잠실새내역,잠실새내역,POI118,KEY_3,1230077200,올림픽로8길,1230347300,잠실동 253,127.0799794078372571_37.5112677326767354,1230040102,한국지능형사물인터넷협회,127.0799521928648090_37.5115008656669815,26.0,14.0,정체,127.0799521928648090_37.5115008656669815|127.0799748694044808_37.5112875366811664|127.0799794078372571_37.5112677326767354
2026-09-04T18:34:05.570303+09:00,잠실새내역,잠실새내역,POI118,KEY_3,1230078100,올림픽로12길,1230040702,잠실지구대,127.0830409730676962_37.5117125062694399,1230039301,피처캠프(신천점),127.0830071143003153_37.5109146527428194,89.0,11.0,정체,127.0830071143003153_37.5109146527428194|127.0830409730676962_37.5117125062694399
2026-09-04T18:34:05.570303+09:00,잠실새내역,잠실새내역,POI118,KEY_3,1230078200,올림픽로12길,1230039304,피처캠프(신천점),127.0828710878363665_37.5109094276610335,1230040703,잠실지구대,127.0829054041126511_37.5117180965625749,90.0,11.0,정체,127.0829054041126511_37.5117180965625749|127.0828710878363665_37.5109094276610335
2026-09-04T18:34:05.570303+09:00,잠실새내역,잠실새내역,POI118,KEY_3,1230078600,올림픽로8길,1230040600,한국지능형사물인터넷협회,127.0804332107682484_37.5118129433548333,1230040101,한국지능형사물인터넷협회,127.0800845454826629_37.5115034781185273,46.0,11.0,정체,127.0800845454826629_37.5115034781185273|127.0804332107682484_37.5118129433548333
2026-09-04T18:34:05.570303+09:00,잠실새내역,잠실새내역,POI118,KEY_3,1230078700,올림픽로8길,1230040102,한국지능형사물인터넷협회,127.0799521928648090_37.5115008656669815,1230040900,잠실동 255,127.0795451503135922_37.5118493118968601,53.0,13.0,정체,127.0795451503135922_37.5118493118968601|127.0799521928648090_37.5115008656669815
2026-09-04T18:34:05.570303+09:00,잠실새내역,잠실새내역,POI118,KEY_3,1230436901,올림픽로,1230041203,종합운동장교차로,127.0782816833858391_37.5117845986573144,1230188203,종합운동장역,127.0738142849638592_37.5107794587518768,415.0,12.0,정체,127.0738142849638592_37.5107794587518768|127.0766624359143151_37.5112667681648091|127.0776889686936215_37.5114478975817462|127.0777299027053004_37.5114626912692941|127.0777834837586227_37.5114921764978320|127.0782816833858391_37.5117845986573144
2026-09-04T18:34:05.570303+09:00,잠실역,잠실역,POI119,KEY_4,1230003300,송파대로,1230036704,석촌호수앞교차로,127.1039028911642674_37.5087367936795530,1230001703,석촌호수앞교차로,127.1017878219228550_37.5111046223331428,323.0,31.0,원활,127.1017878219228550_37.5111046223331428|127.1039028911642674_37.5087367936795530
2026-09-04T18:34:05.570303+09:00,잠실역,잠실역,POI119,KEY_4,1230003400,송파대로,1230001702,석촌호수앞교차로,127.1019076941057762_37.5111569141952117,1230036701,석촌호수앞교차로,127.1040028890472797_37.5088113302377195,320.0,5.0,정체,127.1040028890472797_37.5088113302377195|127.1019076941057762_37.5111569141952117
2026-09-04T18:34:05.570303+09:00,잠실역,잠실역,POI119,KEY_4,1230003501,송파대로,1230399700,잠실동 41,127.1007560729534731_37.5124412982623454,1230001803,잠실역사거리,127.1001586829554100_37.5132191939759281,101.0,13.0,정체,127.1001586829554100_37.5132191939759281|127.1007560729534731_37.5124412982623454
2026-09-04T18:34:05.570303+09:00,잠실역,잠실역,POI119,KEY_4,1230003601,송파대로,1230001802,잠실역사거리,127.1002879409381165_37.5132580710148957,1230001701,석촌호수앞교차로,127.1018323332335598_37.5112469862295228,262.0,5.0,정체,127.1018323332335598_37.5112469862295228|127.1008718568159566_37.5124977195192244|127.1002879409381165_37.5132580710148957
2026-09-04T18:34:05.570303+09:00,잠실역,잠실역,POI119,KEY_4,1230003802,송파대로,1230044702,잠실대교남측,127.0981251707990225_37.5159789121879115,1230001801,잠실역사거리,127.1002155326109744_37.5133509522926616,345.0,13.7,정체,127.1002155326109744_37.5133509522926616|127.0985290071868548_37.5154712346922068|127.0981251707990225_37.5159789121879115
2026-09-04T18:34:05.570303+09:00,잠실역,잠실역,POI119,KEY_4,1230021500,삼학사로,1230418200,잠실동 46,127.0973734398476296_37.5087240119147722,1230007103,서울놀이마당앞교차로,127.0974453047706589_37.5099321530276910,134.0,22.7,서행,127.0974453047706589_37.5099321530276910|127.0973734398476296_37.5087240119147722
2026-09-04T18:34:05.570303+09:00,잠실역,잠실역,POI119,KEY_4,1230021600,삼학사로,1230007102,서울놀이마당앞교차로,127.0975809295277941_37.5099279073468779,1230034301,석촌호교차로,127.0973845362845935_37.5066262726573783,367.0,20.0,서행,127.0973845362845935_37.5066262726573783|127.0975090109694889_37.5087188942394008|127.0975809295277941_37.5099279073468779
2026-09-04T18:34:05.570303+09:00,잠실역,잠실역,POI119,KEY_4,1230023101,잠실로,1230038303,잠실동 43,127.0947217679651260_37.5101178628557932,1230038602,잠실3삼거리,127.0930971257991189_37.5102585455899913,144.0,21.0,서행,127.0930971257991189_37.5102585455899913|127.0947217679651260_37.5101178628557932
2026-09-04T18:34:05.570303+09:00,잠실역,잠실역,POI119,KEY_4,1230023102,잠실로,1230007103,서울놀이마당앞교차로,127.0974453047706589_37.5099321530276910,1230038302,잠실동 43,127.0948609890413223_37.5101069748518370,229.0,33.0,원활,127.0948609890413223_37.5101069748518370|127.0962459094918131_37.5100132959391175|127.0974453047706589_37.5099321530276910
2026-09-04T18:34:05.570303+09:00,잠실역,잠실역,POI119,KEY_4,1230023201,잠실로,1230038601,잠실3삼거리,127.0931194165767408_37.5103653726765316,1230038304,잠실동 43,127.0947364363945553_37.5102253498387128,144.0,12.0,정체,127.0947364363945553_37.5102253498387128|127.0931194165767408_37.5103653726765316
2026-09-04T18:34:05.570303+09:00,잠실역,잠실역,POI119,KEY_4,1230023202,잠실로,1230393400,잠실동 43,127.0962573939644642_37.5101210286650257,1230007104,서울놀이마당앞교차로,127.0974567909531032_37.5100398856026942,106.0,19.0,서행,127.0974567909531032_37.5100398856026942|127.0962573939644642_37.5101210286650257
2026-09-04T18:34:05.570303+09:00,잠실역,잠실역,POI119,KEY_4,1230023500,잠실로,1230412400,잠실동 42,127.1004419094974480_37.5105947295189637,1230001704,석촌호수앞교차로,127.1017131193153915_37.5111950333109547,131.0,12.0,정체,127.1017131193153915_37.5111950333109547|127.1004641614348145_37.5106046485269218|127.1004419094974480_37.5105947295189637
2026-09-04T18:34:05.570303+09:00,잠실역,잠실역,POI119,KEY_4,1230023600,잠실로,1230001703,석촌호수앞교차로,127.1017878219228550_37.5111046223331428,1230007102,서울놀이마당앞교차로,127.0975809295277941_37.5099279073468779,403.0,13.0,정체,127.0975809295277941_37.5099279073468779|127.0985541482379375_37.5099332768199432|127.0990046849047843_37.5099841635964921|127.0994430355566607_37.5101001528652276|127.0999744578332411_37.5102624598802024|127.1005081875894263_37.5105003764333560|127.1005319432435670_37.5105109657146656|127.1017878219228550_37.5111046223331428
2026-09-04T18:34:05.570303+09:00,잠실역,잠실역,POI119,KEY_4,1230025702,올림픽로,1230422700,최소노드배치점,127.0963985029439982_37.5124235494134552,1230001804,잠실역사거리,127.1000841139758677_37.5133141607708396,341.0,22.0,서행,127.1000841139758677_37.5133141607708396|127.0963985029439982_37.5124235494134552
2026-09-04T18:34:05.570303+09:00,잠실역,잠실역,POI119,KEY_4,1230025801,올림픽로,1230041703,잠실동 39,127.0946882254534103_37.5120601573260686,1230041302,잠실3사거리,127.0926320843072830_37.5118620680798003,183.0,28.0,원활,127.0926320843072830_37.5118620680798003|127.0946882254534103_37.5120601573260686
2026-09-04T18:34:05.570303+09:00,잠실역,잠실역,POI119,KEY_4,1230025802,올림픽로,1230001803,잠실역사거리,127.1001586829554100_37.5132191939759281,1230041702,잠실동 39,127.0948236216370191_37.5120740018570373,489.0,11.0,정체,127.0948236216370191_37.5120740018570373|127.0956739088233007_37.5121671905185963|127.0962807923011582_37.5122821169021705|127.0964379064208174_37.5123200858476054|127.1001586829554100_37.5132191939759281
2026-09-04T18:34:05.570303+09:00,잠실역,잠실역,POI119,KEY_4,1230027302,올림픽로,1230001801,잠실역사거리,127.1002155326109744_37.5133509522926616,1230043404,신천동 8,127.1021667132219335_37.5140202279747825,188.0,8.0,정체,127.1021667132219335_37.5140202279747825|127.1002155326109744_37.5133509522926616
2026-09-04T18:34:05.570303+09:00,잠실역,잠실역,POI119,KEY_4,1230027303,올림픽로,1230043401,신천동 8,127.1022912026975433_37.5140633484028712,1230043804,잠실역(서울8호선),127.1031193148053262_37.5143528991889355,80.0,26.0,원활,127.1031193148053262_37.5143528991889355|127.1022912026975433_37.5140633484028712
2026-09-04T18:34:05.570303+09:00,잠실역,잠실역,POI119,KEY_4,1230027304,올림픽로,1230043801,잠실역(서울8호선),127.1032441614670745_37.5143953515620083,1230044104,송파구청앞교차로,127.1065954149593580_37.5155037548529151,321.0,34.0,원활,127.1065954149593580_37.5155037548529151|127.1032441614670745_37.5143953515620083
2026-09-04T18:34:05.570303+09:00,잠실역,잠실역,POI119,KEY_4,1230027402,올림픽로,1230425600,최소노드배치점,127.1034569107816310_37.5143486498193468,1230001802,잠실역사거리,127.1002879409381165_37.5132580710148957,305.0,37.0,원활,127.1002879409381165_37.5132580710148957|127.1022203942543456_37.5139209223143766|127.1023457587723016_37.5139643456983833|127.1031738699951745_37.5142538961081584|127.1032962137368543_37.5142954974985372|127.1034569107816310_37.5143486498193468
2026-09-04T18:34:05.570303+09:00,잠실역,잠실역,POI119,KEY_4,1230077600,올림픽로.잠실로.사이길,1230038304,잠실동 43,127.0947364363945553_37.5102253498387128,1230041703,잠실동 39,127.0946882254534103_37.5120601573260686,204.0,10.0,정체,127.0946882254534103_37.5120601573260686|127.0947364363945553_37.5102253498387128
2026-09-04T18:34:05.570303+09:00,잠실역,잠실역,POI119,KEY_4,1230077700,올림픽로.잠실로.사이길,1230041702,잠실동 39,127.0948236216370191_37.5120740018570373,1230038301,잠실동 43,127.0948724715403131_37.5102147077519135,206.0,8.0,정체,127.0948724715403131_37.5102147077519135|127.0948236216370191_37.5120740018570373
2026-09-04T18:34:05.570303+09:00,잠실역,잠실역,POI119,KEY_4,1230080800,올림픽로,1230043404,신천동 8,127.1021667132219335_37.5140202279747825,1230044003,어린이교통공원,127.1015862279693067_37.5151316086360467,134.0,5.0,정체,127.1015862279693067_37.5151316086360467|127.1021667132219335_37.5140202279747825
2026-09-04T18:34:05.570303+09:00,잠실역,잠실역,POI119,KEY_4,1230080900,올림픽로,1230044002,어린이교통공원,127.1017112605977104_37.5151736946584151,1230043401,신천동 8,127.1022912026975433_37.5140633484028712,133.0,11.0,정체,127.1022912026975433_37.5140633484028712|127.1017112605977104_37.5151736946584151
2026-09-04T18:34:05.570303+09:00,잠실역,잠실역,POI119,KEY_4,1230081000,올림픽로,1230043804,잠실역(서울8호선),127.1031193148053262_37.5143528991889355,1230044403,신천동 7-21,127.1025553001734067_37.5154467539088188,131.0,8.0,정체,127.1025553001734067_37.5154467539088188|127.1031193148053262_37.5143528991889355
2026-09-04T18:34:05.570303+09:00,잠실역,잠실역,POI119,KEY_4,1230081100,올림픽로,1230044402,신천동 7-21,127.1026803877707039_37.5154887453600807,1230043801,잠실역(서울8호선),127.1032441614670745_37.5143953515620083,131.0,13.5,정체,127.1032441614670745_37.5143953515620083|127.1026803877707039_37.5154887453600807
2026-09-04T18:34:05.570303+09:00,잠실역,잠실역,POI119,KEY_4,1230437101,잠실로,1230188302,잠실길지하차도(서측),127.1024547747106510_37.5113805101291220,1230001702,석촌호수앞교차로,127.1019076941057762_37.5111569141952117,54.0,36.0,원활,127.1019076941057762_37.5111569141952117|127.1024547747106510_37.5113805101291220
2026-09-04T18:34:05.570303+09:00,잠실역,잠실역,POI119,KEY_4,1230437201,잠실로,1230001701,석촌호수앞교차로,127.1018323332335598_37.5112469862295228,1230188303,잠실길지하차도(서측),127.1023918266045030_37.5114715455822392,55.0,4.0,정체,127.1023918266045030_37.5114715455822392|127.1018323332335598_37.5112469862295228
2026-09-04T18:34:05.570303+09:00,잠실역,잠실역,POI119,KEY_4,1230437301,잠실로,1230188502,잠실길지하차도(동측),127.1062173467716150_37.5131578738299325,1230188302,잠실길지하차도(서측),127.1024547747106510_37.5113805101291220,387.0,33.0,원활,127.1024547747106510_37.5113805101291220|127.1030924680476488_37.5116688194554797|127.1037922288458617_37.5120057984034787|127.1044073633298837_37.5122985483592544|127.1051198819620254_37.5126321816150679|127.1062173467716150_37.5131578738299325
2026-09-04T18:34:05.570303+09:00,잠실역,잠실역,POI119,KEY_4,1230437401,잠실로,1230188303,잠실길지하차도(서측),127.1023918266045030_37.5114715455822392,1230188503,잠실길지하차도(동측),127.1061687896124681_37.5132231248888246,386.0,18.5,서행,127.1061687896124681_37.5132231248888246|127.1052815756607259_37.5128152477143786|127.1034974052928277_37.5119907247148916|127.1023918266045030_37.5114715455822392
2026-09-04T18:34:05.570303+09:00,잠실역,잠실역,POI119,KEY_4,1230437501,-,1230188502,잠실길지하차도(동측),127.1062173467716150_37.5131578738299325,1230188402,신천동 30,127.1050426082693434_37.5125336192748193,126.0,21.0,서행,127.1050426082693434_37.5125336192748193|127.1057099909694585_37.5128445639683008|127.1060250249974217_37.5129978687956296|127.1062173467716150_37.5131578738299325
2026-09-04T18:34:05.570303+09:00,잠실역,잠실역,POI119,KEY_4,1230437601,-,1230188403,신천동 30,127.1049002456384613_37.5127083450110632,1230188503,잠실길지하차도(동측),127.1061687896124681_37.5132231248888246,126.0,14.0,정체,127.1061687896124681_37.5132231248888246|127.1058942002584331_37.5131610578152603|127.1056142121499164_37.5130369103311239|127.1049002456384613_37.5127083450110632
2026-09-04T18:34:05.570303+09:00,잠실역,잠실역,POI119,KEY_4,1230437701,잠실로,1230394600,신천동 30,127.1067595331203108_37.5134063123268504,1230188502,잠실길지하차도(동측),127.1062173467716150_37.5131578738299325,55.0,6.0,정체,127.1062173467716150_37.5131578738299325|127.1067595331203108_37.5134063123268504
2026-09-04T18:34:05.570303+09:00,잠실역,잠실역,POI119,KEY_4,1230437801,잠실로,1230188503,잠실길지하차도(동측),127.1061687896124681_37.5132231248888246,1230043204,잠실전화국,127.1073301047804875_37.5137619968566653,119.0,6.0,정체,127.1073301047804875_37.5137619968566653|127.1067103200439448_37.5134744075350568|127.1061687896124681_37.5132231248888246
2026-09-04T18:34:05.570303+09:00,장지역,장지역,POI048,KEY_1,1230000501,송파대로,1230000604,장지교앞교차로,127.1269923146135881_37.4759317298926007,1230013503,장지교앞,127.1269689977646067_37.4762489682989113,35.0,7.0,정체,127.1269689977646067_37.4762489682989113|127.1269923146135881_37.4759317298926007
2026-09-04T18:34:05.570303+09:00,장지역,장지역,POI048,KEY_1,1230000601,송파대로,1230013502,장지교앞,127.1271033322769028_37.4762702251211408,1230000601,장지교앞교차로,127.1271286086057017_37.4759263177463851,38.0,20.0,서행,127.1271286086057017_37.4759263177463851|127.1271033322769028_37.4762702251211408
2026-09-04T18:34:05.570303+09:00,장지역,장지역,POI048,KEY_1,1230001301,송파대로,1230013504,장지교앞,127.1269539868962397_37.4763591432306029,1230014403,장지역사거리,127.1257807374389159_37.4792989981545901,344.0,9.0,정체,127.1257807374389159_37.4792989981545901|127.1266032295630311_37.4775940684485604|127.1267153872522897_37.4773199621971926|127.1268566922320247_37.4769095793527001|127.1269539868962397_37.4763591432306029
2026-09-04T18:34:05.570303+09:00,장지역,장지역,POI048,KEY_1,1230001302,송파대로,1230014404,장지역사거리,127.1257315074845877_37.4793999327968521,1230000803,건영아파트앞교차로,127.1241917169870135_37.4825185713341327,372.0,6.0,정체,127.1241917169870135_37.4825185713341327|127.1253292527007233_37.4802146727817842|127.1257315074845877_37.4793999327968521
2026-09-04T18:34:05.570303+09:00,장지역,장지역,POI048,KEY_1,1230045600,새말로,1230014201,탄천길사거리,127.1171248775366536_37.4796282212593681,1230014904,문정동 305-24,127.1184941078168151_37.4801985694631412,137.0,12.0,정체,127.1184941078168151_37.4801985694631412|127.1171248775366536_37.4796282212593681
2026-09-04T18:34:05.570303+09:00,장지역,장지역,POI048,KEY_1,1230001401,송파대로,1230014402,장지역사거리,127.1259062230151216_37.4793401788441329,1230013501,장지교앞,127.1270852807920164_37.4763914485074707,345.0,14.0,정체,127.1270852807920164_37.4763914485074707|127.1269898196586183_37.4769315164777552|127.1268453664058029_37.4773510462986437|127.1267311217031448_37.4776302528188054|127.1259062230151216_37.4793401788441329
2026-09-04T18:34:05.570303+09:00,장지역,장지역,POI048,KEY_1,1230001402,송파대로,1230299900,문정동 250-13,127.1254555029657922_37.4802542605031093,1230014401,장지역사거리,127.1258570426893897_37.4794409654952076,97.0,8.0,정체,127.1258570426893897_37.4794409654952076|127.1254555029657922_37.4802542605031093
2026-09-04T18:34:05.570303+09:00,장지역,장지역,POI048,KEY_1,1230001501,분당수서로,1230421500,최소노드배치점,127.1179952551913601_37.4777917867211272,1220015902,강남구-송파구,127.1125492606370528_37.4828096944516744,765.0,73.0,원활,127.1125492606370528_37.4828096944516744|127.1132128994780004_37.4826811137614868|127.1134929519644601_37.4826040962937412|127.1138131990407345_37.4824883573599479|127.1140990774141670_37.4823548017758341|127.1143755440086665_37.4822075358555367|127.1146615632740549_37.4820106802260398|127.1148953465730642_37.4818309677371317|127.1151103742952415_37.4816381525698290|127.1152902785904359_37.4814418276170329|127.1156015206883723_37.4810510011883409|127.1163127896964369_37.4800714230576233|127.1178486500348725_37.4779922243427137|127.1179952551913601_37.4777917867211272
2026-09-04T18:34:05.570303+09:00,장지역,장지역,POI048,KEY_1,1230001601,분당수서로,1230421600,최소노드배치점,127.1181319981646709_37.4778553114959649,1230000100,한국지역난방공사강남동남권열원,127.1224581721023839_37.4719375362209703,760.0,17.0,정체,127.1224581721023839_37.4719375362209703|127.1216206648475975_37.4730852461134063|127.1181319981646709_37.4778553114959649
2026-09-04T18:34:05.570303+09:00,장지역,장지역,POI048,KEY_1,1230005800,새말로8길,1230296400,문정동 72-6,127.1267939561596876_37.4806959462897851,1230014701,장지동 839,127.1269309130754692_37.4797546600969440,105.0,16.0,서행,127.1269309130754692_37.4797546600969440|127.1268144591286671_37.4805550336894981|127.1267939561596876_37.4806959462897851
2026-09-04T18:34:05.570303+09:00,장지역,장지역,POI048,KEY_1,1230042602,연화로,1230124404,서울동남권물류단지정문,127.1233157925686896_37.4763349610710108,1230013703,장지동 245-50,127.1233993079223552_37.4767322362474857,45.0,3.0,정체,127.1233993079223552_37.4767322362474857|127.1233157925686896_37.4763349610710108
2026-09-04T18:34:05.570303+09:00,장지역,장지역,POI048,KEY_1,1230042702,연화로,1230013702,장지동 237-15,127.1235332577449526_37.4767143506205329,1230124401,서울동남권물류단지정문,127.1234501559201675_37.4763136369767267,45.0,21.0,서행,127.1234501559201675_37.4763136369767267|127.1235332577449526_37.4767143506205329
2026-09-04T18:34:05.570303+09:00,장지역,장지역,POI048,KEY_1,1230042800,송파대로6길,1230013603,탄천길-거여동길삼거리,127.1277333387761388_37.4763585124254632,1230013502,장지교앞,127.1271033322769028_37.4762702251211408,59.0,23.0,서행,127.1271033322769028_37.4762702251211408|127.1272754956391395_37.4763642806537476|127.1273738808052798_37.4763815938462415|127.1277333387761388_37.4763585124254632
2026-09-04T18:34:05.570303+09:00,장지역,장지역,POI048,KEY_1,1230042900,송파대로6길,1230013501,장지교앞,127.1270852807920164_37.4763914485074707,1230013604,탄천길-거여동길삼거리,127.1277442341634156_37.4764662840414218,61.0,24.0,서행,127.1277442341634156_37.4764662840414218|127.1273644970251695_37.4764906684154653|127.1272205203625134_37.4764653321716281|127.1270852807920164_37.4763914485074707
2026-09-04T18:34:05.570303+09:00,장지역,장지역,POI048,KEY_1,1230043000,충민로2길,1230013604,탄천길-거여동길삼거리,127.1277442341634156_37.4764662840414218,1230013903,장지동 839-5,127.1276159253911260_37.4772523095836974,88.0,24.0,서행,127.1276159253911260_37.4772523095836974|127.1277442341634156_37.4764662840414218
2026-09-04T18:34:05.570303+09:00,장지역,장지역,POI048,KEY_1,1230043100,충민로2길,1230013902,장지동 839-5,127.1277504577886788_37.4772662580162432,1230013601,탄천길-거여동길삼거리,127.1278814912486723_37.4764635389202070,90.0,14.0,정체,127.1278814912486723_37.4764635389202070|127.1277504577886788_37.4772662580162432
2026-09-04T18:34:05.570303+09:00,장지역,장지역,POI048,KEY_1,1230043200,송파대로6길,1230333200,최소노드배치점,127.1324868383645850_37.4777923748985629,1230013602,탄천길-거여동길삼거리,127.1278883144571097_37.4763555551825647,446.0,31.0,원활,127.1278883144571097_37.4763555551825647|127.1280858376613736_37.4763634824942429|127.1285921838900634_37.4763821492441167|127.1291436365430343_37.4764539745276437|127.1297487353769640_37.4765786510002030|127.1304427301450204_37.4767893933662393|127.1309160360531507_37.4769628556507612|127.1313570586968780_37.4771884590788957|127.1323252410417268_37.4776805730498737|127.1324868383645850_37.4777923748985629
2026-09-04T18:34:05.570303+09:00,장지역,장지역,POI048,KEY_1,1230043400,송파대로8길,1230298900,장지동 839-1,127.1290278801988620_37.4775853705287929,1230013902,장지동 839-5,127.1277504577886788_37.4772662580162432,118.0,17.0,서행,127.1277504577886788_37.4772662580162432|127.1287607949420249_37.4775096784668875|127.1290278801988620_37.4775853705287929
2026-09-04T18:34:05.570303+09:00,장지역,장지역,POI048,KEY_1,1230043600,연화로,1230013704,장지동 237-15,127.1234173733339787_37.4768337565781380,1230014103,송파구시설관리공단,127.1233342566863200_37.4784159063536961,179.0,2.0,정체,127.1233342566863200_37.4784159063536961|127.1234362064992922_37.4781841447336674|127.1235101220011785_37.4779506962681666|127.1235313119918544_37.4777830170718289|127.1235222173797297_37.4775671051813575|127.1234173733339787_37.4768337565781380
2026-09-04T18:34:05.570303+09:00,장지역,장지역,POI048,KEY_1,1230043700,연화로,1230014102,송파구시설관리공단,127.1234596003036614_37.4784577788928175,1230013701,장지동 237-15,127.1235521664017654_37.4768215165913574,185.0,17.0,서행,127.1235521664017654_37.4768215165913574|127.1236576258426680_37.4775591590069013|127.1236672090848288_37.4777866366277266|127.1236441065318843_37.4779694412846567|127.1235662560414994_37.4782153197619934|127.1234596003036614_37.4784577788928175
2026-09-04T18:34:05.570303+09:00,장지역,장지역,POI048,KEY_1,1230043800,충민로,1230014103,송파구시설관리공단,127.1233342566863200_37.4784159063536961,1230014303,장사약수터길삼거리,127.1190537152588860_37.4792653210820248,426.0,24.0,서행,127.1190537152588860_37.4792653210820248|127.1193253571912578_37.4789185003177110|127.1195660327592236_37.4787293091517455|127.1197712170566376_37.4786086616826779|127.1200966017663205_37.4784617886132381|127.1204418459357868_37.4783543847228273|127.1207477690774681_37.4782961502269245|127.1216023481827051_37.4781836478253325|127.1216426525138559_37.4781783417377312|127.1220272639370421_37.4781536638628836|127.1223740280481138_37.4781655877837707|127.1227327249021499_37.4782297459976235|127.1233342566863200_37.4784159063536961
2026-09-04T18:34:05.570303+09:00,장지역,장지역,POI048,KEY_1,1230043900,충민로,1230014302,장사약수터길삼거리,127.1191688048404274_37.4793225720070069,1230014104,송파구시설관리공단,127.1232857178834763_37.4785168717931612,410.0,16.0,서행,127.1232857178834763_37.4785168717931612|127.1226930928552150_37.4783334680546858|127.1223561087756622_37.4782731931130684|127.1220297938946544_37.4782619724335149|127.1216591802877645_37.4782857520148340|127.1216244598273875_37.4782903229969904|127.1207746177764477_37.4784022021694767|127.1204824637599415_37.4784578151749841|127.1201549987457469_37.4785596887315293|127.1198451885996974_37.4786995309083579|127.1196543930949474_37.4788117178767379|127.1194319941749598_37.4789865430828897|127.1191688048404274_37.4793225720070069
2026-09-04T18:34:05.570303+09:00,장지역,장지역,POI048,KEY_1,1230044000,충민로2길,1230013904,장지동 839-5,127.1275907972595007_37.4773387947976460,1230014703,장지동 839,127.1268161875644154_37.4796071303601366,262.0,16.0,서행,127.1268161875644154_37.4796071303601366|127.1268580538282151_37.4793302454993480|127.1269073471221134_37.4789978870295073|127.1270523166961794_37.4785330927124036|127.1273393673819498_37.4779625279796278|127.1275907972595007_37.4773387947976460
2026-09-04T18:34:05.570303+09:00,장지역,장지역,POI048,KEY_1,1230044100,충민로2길,1230014702,장지동 839,127.1269471586656010_37.4796447029341593,1230013901,장지동 839-5,127.1277199617084079_37.4773718646166003,263.0,10.0,정체,127.1277199617084079_37.4773718646166003|127.1274670703135570_37.4779992271313063|127.1271817218920717_37.4785664097527587|127.1270410744192105_37.4790173501728816|127.1269927676274278_37.4793430590934662|127.1269471586656010_37.4796447029341593
2026-09-04T18:34:05.570303+09:00,장지역,장지역,POI048,KEY_1,1230044200,충민로,1230014403,장지역사거리,127.1257807374389159_37.4792989981545901,1230014102,송파구시설관리공단,127.1234596003036614_37.4784577788928175,226.0,10.0,정체,127.1234596003036614_37.4784577788928175|127.1257807374389159_37.4792989981545901
2026-09-04T18:34:05.570303+09:00,장지역,장지역,POI048,KEY_1,1230044300,충민로,1230014101,송파구시설관리공단,127.1234107446050103_37.4785588491623827,1230014404,장지역사거리,127.1257315074845877_37.4793999327968521,226.0,17.0,서행,127.1257315074845877_37.4793999327968521|127.1234107446050103_37.4785588491623827
2026-09-04T18:34:05.570303+09:00,장지역,장지역,POI048,KEY_1,1230044400,새말로,1230014203,탄천길사거리,127.1170757806192455_37.4794846455472168,1220014801,강남구-송파구,127.1154931512342046_37.4788010034456249,159.0,31.5,원활,127.1154931512342046_37.4788010034456249|127.1170757806192455_37.4794846455472168
2026-09-04T18:34:05.570303+09:00,장지역,장지역,POI048,KEY_1,1230044500,새말로,1220014802,강남구-송파구,127.1154293096839467_37.4788964022459581,1230014204,탄천길사거리,127.1170049036088585_37.4795773073683449,159.0,12.0,정체,127.1170049036088585_37.4795773073683449|127.1154293096839467_37.4788964022459581
2026-09-04T18:34:05.570303+09:00,장지역,장지역,POI048,KEY_1,1230045100,충민로,1230014703,장지동 839,127.1268161875644154_37.4796071303601366,1230014402,장지역사거리,127.1259062230151216_37.4793401788441329,86.0,20.0,서행,127.1259062230151216_37.4793401788441329|127.1265755733222278_37.4795365434929337|127.1268161875644154_37.4796071303601366
2026-09-04T18:34:05.570303+09:00,장지역,장지역,POI048,KEY_1,1230045200,충민로,1230322900,문정동 637,127.1265287058943585_37.4796380084969698,1230014704,문정동 637,127.1267997378765671_37.4797175186294069,26.0,8.0,정체,127.1267997378765671_37.4797175186294069|127.1265287058943585_37.4796380084969698
2026-09-04T18:34:05.570303+09:00,장지역,장지역,POI048,KEY_1,1230045300,연화로,1230014104,송파구시설관리공단,127.1232857178834763_37.4785168717931612,1230015503,송파푸르지오시티,127.1221967121438183_37.4805994669172904,250.0,11.0,정체,127.1221967121438183_37.4805994669172904|127.1226277575302817_37.4797751584865892|127.1228967411226307_37.4792607584681647|127.1232857178834763_37.4785168717931612
2026-09-04T18:34:05.570303+09:00,장지역,장지역,POI048,KEY_1,1230045400,연화로,1230394900,문정동 619,127.1230219721752803_37.4793023481707124,1230014101,송파구시설관리공단,127.1234107446050103_37.4785588491623827,89.0,20.0,서행,127.1234107446050103_37.4785588491623827|127.1230219721752803_37.4793023481707124
2026-09-04T18:34:05.570303+09:00,장지역,장지역,POI048,KEY_1,1230045500,새말로,1230014903,문정동 305-24,127.1185527755407065_37.4801009985019888,1230014202,탄천길사거리,127.1171956964571308_37.4795355088390565,135.0,19.5,서행,127.1171956964571308_37.4795355088390565|127.1185527755407065_37.4801009985019888
2026-09-04T18:34:05.570303+09:00,장지역,장지역,POI048,KEY_1,1230045700,충민로,1230014304,장사약수터길삼거리,127.1189810465568542_37.4793717077558455,1230014903,문정동 305-24,127.1185527755407065_37.4801009985019888,89.0,24.0,서행,127.1185527755407065_37.4801009985019888|127.1189810465568542_37.4793717077558455
2026-09-04T18:34:05.570303+09:00,장지역,장지역,POI048,KEY_1,1230045800,충민로,1230014902,문정동 305-24,127.1186727562944725_37.4801517654565046,1230014301,장사약수터길삼거리,127.1191039257759741_37.4794175370043092,90.0,14.0,정체,127.1191039257759741_37.4794175370043092|127.1186727562944725_37.4801517654565046
2026-09-04T18:34:05.570303+09:00,장지역,장지역,POI048,KEY_1,1230046000,충민로,1230015003,문현중학교,127.1287597899418103_37.4802465402684959,1230014702,장지동 839,127.1269471586656010_37.4796447029341593,174.0,11.0,정체,127.1269471586656010_37.4796447029341593|127.1279022447124447_37.4799089837245560|127.1281896020368549_37.4800103907757389|127.1287597899418103_37.4802465402684959
2026-09-04T18:34:05.570303+09:00,장지역,장지역,POI048,KEY_1,1230046100,충민로,1230014701,장지동 839,127.1269309130754692_37.4797546600969440,1230015004,문현중학교,127.1286972266236717_37.4803424793124478,170.0,11.0,정체,127.1286972266236717_37.4803424793124478|127.1281307967186649_37.4801078860251593|127.1278524440417073_37.4800096559568630|127.1269309130754692_37.4797546600969440
2026-09-04T18:34:05.570303+09:00,장지역,장지역,POI048,KEY_1,1230046400,연화로.충민로.사이길,1230015503,송파푸르지오시티,127.1221967121438183_37.4805994669172904,1230014302,장사약수터길삼거리,127.1191688048404274_37.4793225720070069,303.0,11.5,정체,127.1191688048404274_37.4793225720070069|127.1221967121438183_37.4805994669172904
2026-09-04T18:34:05.570303+09:00,장지역,장지역,POI048,KEY_1,1230046500,연화로.충민로.사이길,1230014301,장사약수터길삼거리,127.1191039257759741_37.4794175370043092,1230015504,송파푸르지오시티,127.1221468633931693_37.4807007713791833,305.0,14.0,정체,127.1221468633931693_37.4807007713791833|127.1191039257759741_37.4794175370043092
2026-09-04T18:34:05.570303+09:00,장지역,장지역,POI048,KEY_1,1230047400,새말로,1230015804,밤고개로서20길삼거리,127.1217875816867036_37.4814919999727252,1230014902,문정동 305-24,127.1186727562944725_37.4801517654565046,313.0,21.7,서행,127.1186727562944725_37.4801517654565046|127.1217875816867036_37.4814919999727252
2026-09-04T18:34:05.570303+09:00,장지역,장지역,POI048,KEY_1,1230047500,새말로,1230014901,문정동 305-24,127.1186139676453024_37.4802493435114243,1230015805,밤고개로서20길삼거리,127.1217373057993996_37.4815932409139592,314.0,25.0,원활,127.1217373057993996_37.4815932409139592|127.1186139676453024_37.4802493435114243
2026-09-04T18:34:05.570303+09:00,장지역,장지역,POI048,KEY_1,1230047800,연화로,1230015504,송파푸르지오시티,127.1221468633931693_37.4807007713791833,1230015804,밤고개로서20길삼거리,127.1217875816867036_37.4814919999727252,93.0,12.0,정체,127.1217875816867036_37.4814919999727252|127.1221468633931693_37.4807007713791833
2026-09-04T18:34:05.570303+09:00,장지역,장지역,POI048,KEY_1,1230047900,연화로,1230015803,밤고개로서20길삼거리,127.1219083492408828_37.4815437880296969,1230015501,송파푸르지오시티,127.1222744406843645_37.4807375620832630,95.0,10.0,정체,127.1222744406843645_37.4807375620832630|127.1219083492408828_37.4815437880296969
2026-09-04T18:34:05.570303+09:00,장지역,장지역,POI048,KEY_1,1230048400,새말로,1230000803,건영아파트앞교차로,127.1241917169870135_37.4825185713341327,1230015803,밤고개로서20길삼거리,127.1219083492408828_37.4815437880296969,229.0,13.0,정체,127.1219083492408828_37.4815437880296969|127.1241917169870135_37.4825185713341327
2026-09-04T18:34:05.570303+09:00,장지역,장지역,POI048,KEY_1,1230048500,새말로,1230015802,밤고개로서20길삼거리,127.1218571774554107_37.4816446003187878,1230000804,건영아파트앞교차로,127.1241405649993226_37.4826193915541808,229.0,16.0,서행,127.1241405649993226_37.4826193915541808|127.1218571774554107_37.4816446003187878
2026-09-04T18:34:05.570303+09:00,장지역,장지역,POI048,KEY_1,1230247800,탄천동로,1230420800,최소노드배치점,127.1146713685735676_37.4826610947263958,1230014201,탄천길사거리,127.1171248775366536_37.4796282212593681,401.0,13.0,정체,127.1171248775366536_37.4796282212593681|127.1167525544109509_37.4801117059112485|127.1161770444327885_37.4809168351454147|127.1161191890283391_37.4809899385842584|127.1155458448990601_37.4817037128635135|127.1152669905840753_37.4820456224007401|127.1152363650561767_37.4820792986307580|127.1151146958633547_37.4822117411272160|127.1149789575418367_37.4823594972106093|127.1147740271956081_37.4825529438264056|127.1146713685735676_37.4826610947263958
2026-09-04T18:34:05.570303+09:00,장지역,장지역,POI048,KEY_1,1230248500,탄천동로,1230375500,장지동 803-17,127.1181031005176578_37.4781145686661574,1230014203,탄천길사거리,127.1170757806192455_37.4794846455472168,177.0,32.5,원활,127.1170757806192455_37.4794846455472168|127.1180265406988070_37.4782185568334825|127.1181031005176578_37.4781145686661574
2026-09-04T18:34:05.570303+09:00,장지역,장지역,POI048,KEY_1,1230248700,탄천동로,1230014202,탄천길사거리,127.1171956964571308_37.4795355088390565,1230123704,서울동남권물류단지주차장,127.1193655629786292_37.4770488690804982,341.0,20.0,서행,127.1193655629786292_37.4770488690804982|127.1192176397203184_37.4770948524548828|127.1191219842944946_37.4771385757909812|127.1190138353558154_37.4771996137119245|127.1189207250191515_37.4772650360259618|127.1188817639093287_37.4772964411607887|127.1188161190561345_37.4773597409083479|127.1182201131985749_37.4781692847559782|127.1181432556636111_37.4782736774438590|127.1171956964571308_37.4795355088390565
2026-09-04T18:34:05.570303+09:00,장지역,장지역,POI048,KEY_1,1230425600,정의로,1230014904,문정동 305-24,127.1184941078168151_37.4801985694631412,1230184911,동부지방검찰청,127.1177787191544013_37.4813590263818668,143.0,8.0,정체,127.1177787191544013_37.4813590263818668|127.1184941078168151_37.4801985694631412
2026-09-04T18:34:05.570303+09:00,장지역,장지역,POI048,KEY_1,1230425700,정의로,1230184910,동부지방검찰청,127.1179004908147476_37.4814067018039268,1230014901,문정동 305-24,127.1186139676453024_37.4802493435114243,143.0,19.0,서행,127.1186139676453024_37.4802493435114243|127.1179004908147476_37.4814067018039268
2026-09-04T18:34:05.570303+09:00,장지역,장지역,POI048,KEY_1,1230427001,법원로,1230015805,밤고개로서20길삼거리,127.1217373057993996_37.4815932409139592,1230185306,동부지방법원,127.1210112080073174_37.4829087878924270,160.0,8.0,정체,127.1210112080073174_37.4829087878924270|127.1212677420882216_37.4824440038667817|127.1213224066118954_37.4823449628596492|127.1217373057993996_37.4815932409139592
2026-09-04T18:34:05.570303+09:00,장지역,장지역,POI048,KEY_1,1230427101,법원로,1230015807,문정동319-1,127.1214465998811392_37.4823884944289816,1230015802,밤고개로서20길삼거리,127.1218571774554107_37.4816446003187878,90.0,23.0,서행,127.1218571774554107_37.4816446003187878|127.1214465998811392_37.4823884944289816
2026-09-04T18:34:05.570303+09:00,장지역,장지역,POI048,KEY_1,1230438201,송파대로,1230188703,문정동 315-2,127.1239479110468551_37.4833301900742271,1230000801,건영아파트앞교차로,127.1242682197490410_37.4826573644086594,80.0,14.0,정체,127.1242682197490410_37.4826573644086594|127.1239479110468551_37.4833301900742271
2026-09-04T18:34:05.570303+09:00,장지역,장지역,POI048,KEY_1,1230438301,새말로,1230327100,문정동 84-3,127.1259819311826931_37.4827316505952481,1230000802,건영아파트앞교차로,127.1243177664718189_37.4825585751717796,149.0,9.5,정체,127.1243177664718189_37.4825585751717796|127.1243842051824231_37.4825708307456225|127.1246498140282881_37.4826099825514021|127.1248481535320849_37.4826309321312081|127.1249286523521533_37.4826394333383135|127.1254973878396299_37.4826864711153576|127.1259819311826931_37.4827316505952481
2026-09-04T18:34:05.570303+09:00,장지역,장지역,POI048,KEY_1,1230438401,새말로,1230000801,건영아파트앞교차로,127.1242682197490410_37.4826573644086594,1230188805,문정동 84-3,127.1248318838255074_37.4827287527277306,51.0,6.0,정체,127.1248318838255074_37.4827287527277306|127.1245839423819461_37.4827061067117739|127.1243211560425834_37.4826680897622992|127.1242682197490410_37.4826573644086594
2026-09-04T18:34:05.570303+09:00,장지역,장지역,POI048,KEY_1,1230438701,송파대로,1230000804,건영아파트앞교차로,127.1241405649993226_37.4826193915541808,1230000904,문정역앞교차로,127.1223889164570693_37.4860786985646115,414.0,22.0,서행,127.1223889164570693_37.4860786985646115|127.1226010302328149_37.4856577894584291|127.1232300538723479_37.4844095529361496|127.1237511840044618_37.4833753865404802|127.1238001516343417_37.4832819812932385|127.1241405649993226_37.4826193915541808
2026-09-04T18:34:05.570303+09:00,장한평역,장한평역,POI049,KEY_2,1030011902,가람길,1030150700,송정동 73-12,127.0660636492249154_37.5554419149221985,1030023702,용답동 240-2,127.0681080518610599_37.5580381286833358,341.0,34.7,원활,127.0681080518610599_37.5580381286833358|127.0680833790954125_37.5579632071763214|127.0675268791300141_37.5572382691045874|127.0672521834545563_37.5569128883798982|127.0665358814266312_37.5560316575065158|127.0660636492249154_37.5554419149221985
2026-09-04T18:34:05.570303+09:00,장한평역,장한평역,POI049,KEY_2,1030011903,가람길,1030023702,용답동 240-2,127.0681080518610599_37.5580381286833358,1030025002,용답동 240-2,127.0699220168489063_37.5597832874840591,252.0,33.7,원활,127.0699220168489063_37.5597832874840591|127.0693178888312502_37.5592051592301885|127.0681596352914227_37.5581094941159748|127.0681080518610599_37.5580381286833358
2026-09-04T18:34:05.570303+09:00,장한평역,장한평역,POI049,KEY_2,1030011904,가람길,1030025001,용답동 240-1,127.0700092988272303_37.5598645946951990,1030025802,성동구-동대문구,127.0706640715975624_37.5605166515404463,93.0,23.0,서행,127.0706640715975624_37.5605166515404463|127.0705722364046579_37.5603898954754172|127.0704683779562885_37.5602825803238645|127.0700092988272303_37.5598645946951990
2026-09-04T18:34:05.570303+09:00,장한평역,장한평역,POI049,KEY_2,1030012002,가람길,1030025801,성동구-동대문구,127.0707817230801879_37.5604626329549873,1030023701,용답동 240-4,127.0682330886596105_37.5579990528862595,355.0,31.0,원활,127.0682330886596105_37.5579990528862595|127.0682713264218222_37.5580472346584813|127.0694220521514950_37.5591357771302228|127.0700648947949958_37.5597509782769521|127.0705733957858143_37.5602139373299835|127.0706853580158793_37.5603296259075634|127.0707817230801879_37.5604626329549873
2026-09-04T18:34:05.570303+09:00,장한평역,장한평역,POI049,KEY_2,1030017102,천호대로,1030029003,서울교통공사교차로,127.0578745193384265_37.5629294913580480,1030029503,용답동주민센터,127.0564081740788112_37.5640263140196851,178.0,21.5,서행,127.0564081740788112_37.5640263140196851|127.0568949124193523_37.5636634045143367|127.0578745193384265_37.5629294913580480
2026-09-04T18:34:05.570303+09:00,장한평역,장한평역,POI049,KEY_2,1030042100,자동차시장1길,1030025002,용답동 240-2,127.0699220168489063_37.5597832874840591,1030025602,용답동 239-5,127.0694795460457556_37.5601914548097326,61.0,13.0,정체,127.0694795460457556_37.5601914548097326|127.0695305735004013_37.5600964768313617|127.0696184689939514_37.5600157840238040|127.0699220168489063_37.5597832874840591
2026-09-04T18:34:05.570303+09:00,장한평역,장한평역,POI049,KEY_2,1030042200,자동차시장1길,1030025601,용답동 239-5,127.0696120309735733_37.5602198077237688,1030025001,용답동 240-1,127.0700092988272303_37.5598645946951990,53.0,11.0,정체,127.0700092988272303_37.5598645946951990|127.0697171805729795_37.5600901967641434|127.0696470980665111_37.5601545368586756|127.0696120309735733_37.5602198077237688
2026-09-04T18:34:05.570303+09:00,장한평역,장한평역,POI049,KEY_2,1030042700,자동차시장3길,1030080700,용답동 239-3,127.0626580313124947_37.5609577004758961,1030027803,삼우빌딩,127.0628177151623248_37.5616798556884603,81.0,17.0,서행,127.0628177151623248_37.5616798556884603|127.0626580313124947_37.5609577004758961
2026-09-04T18:34:05.570303+09:00,장한평역,장한평역,POI049,KEY_2,1030042800,자동차시장3길,1030080600,용답동 239-3,127.0627917926856298_37.5609389568733505,1030038000,장한평역7번출구,127.0642965515912124_37.5607284470047276,236.0,15.5,서행,127.0642965515912124_37.5607284470047276|127.0642919871739025_37.5606456812307528|127.0642121002419458_37.5602787658555144|127.0626960956658564_37.5605061731907739|127.0627917926856298_37.5609389568733505
2026-09-04T18:34:05.570303+09:00,장한평역,장한평역,POI049,KEY_2,1030042900,동부간선도로,1030025100,군자교,127.0694914376022950_37.5589895207302717,1030025900,군자교,127.0701175317999514_37.5606705619671146,245.0,34.0,서행,127.0701175317999514_37.5606705619671146|127.0701588230862740_37.5606421344186856|127.0703302081732744_37.5605330560024129|127.0704744811331182_37.5604501125154187|127.0705707399724815_37.5603813026632807|127.0706430880468929_37.5603028663759204|127.0706644954758104_37.5602266292418747|127.0706589284612562_37.5601526796620746|127.0706174413148659_37.5600738294254697|127.0705369816159589_37.5599996065564454|127.0701675448919445_37.5596453078755275|127.0696728701305318_37.5591903883753986|127.0694914376022950_37.5589895207302717
2026-09-04T18:34:05.570303+09:00,장한평역,장한평역,POI049,KEY_2,1030043000,천호대로,1030025900,군자교,127.0701175317999514_37.5606705619671146,1030025601,용답동 239-5,127.0696120309735733_37.5602198077237688,75.0,13.0,정체,127.0696120309735733_37.5602198077237688|127.0696067747692268_37.5603510950565536|127.0696425209936535_37.5604426666000180|127.0696971621084259_37.5605078953501774|127.0697978344584129_37.5605650500695276|127.0699303168950109_37.5606141201434482|127.0701175317999514_37.5606705619671146
2026-09-04T18:34:05.570303+09:00,장한평역,장한평역,POI049,KEY_2,1030043100,자동차시장1길,1030025602,용답동 239-5,127.0694795460457556_37.5601914548097326,1030026100,라이온스협회,127.0691306361139681_37.5608034688155001,81.0,15.0,서행,127.0691306361139681_37.5608034688155001|127.0694073891156535_37.5606186787137730|127.0694528594828796_37.5605343709423138|127.0694836450661569_37.5604530829262657|127.0694884192480600_37.5603472850821021|127.0694795460457556_37.5601914548097326
2026-09-04T18:34:05.570303+09:00,장한평역,장한평역,POI049,KEY_2,1030043600,천호대로,1030027202,장한평역교차로,127.0646338799710691_37.5614219416917337,1030026000,장한평역6번출구,127.0644306438098852_37.5607147328150148,81.0,3.0,정체,127.0644306438098852_37.5607147328150148|127.0646338799710691_37.5614219416917337
2026-09-04T18:34:05.570303+09:00,장한평역,장한평역,POI049,KEY_2,1030043700,천호대로,1030038000,장한평역7번출구,127.0642965515912124_37.5607284470047276,1030027203,장한평역교차로,127.0645000404244058_37.5614407132058119,81.0,18.0,서행,127.0645000404244058_37.5614407132058119|127.0642965515912124_37.5607284470047276
2026-09-04T18:34:05.570303+09:00,장한평역,장한평역,POI049,KEY_2,1030043800,천호대로,1030026700,장한평역4번출구,127.0656589832994428_37.5612806361296876,1030026000,장한평역6번출구,127.0644306438098852_37.5607147328150148,137.0,10.0,정체,127.0644306438098852_37.5607147328150148|127.0644883447035483_37.5608696060678895|127.0645396457863825_37.5609422560306925|127.0650642651593358_37.5612257396806299|127.0652499748754849_37.5612756983665648|127.0656589832994428_37.5612806361296876
2026-09-04T18:34:05.570303+09:00,장한평역,장한평역,POI049,KEY_2,1030044400,천호대로,1030038000,장한평역7번출구,127.0642965515912124_37.5607284470047276,1030027300,장한평역,127.0636749913523147_37.5615582305417988,115.0,4.0,정체,127.0636749913523147_37.5615582305417988|127.0639414383298202_37.5614051441747350|127.0643184084713226_37.5609949102709848|127.0643323818184314_37.5609211146359243|127.0642965515912124_37.5607284470047276
2026-09-04T18:34:05.570303+09:00,장한평역,장한평역,POI049,KEY_2,1030045300,자동차시장길,1030029002,서울교통공사교차로,127.0579838383515892_37.5628589219914772,1030028401,용답동 223-7,127.0575234094467589_37.5620294127739029,101.0,12.0,정체,127.0575234094467589_37.5620294127739029|127.0579838383515892_37.5628589219914772
2026-09-04T18:34:05.570303+09:00,장한평역,장한평역,POI049,KEY_2,1030045700,자동차시장길,1030028404,용답동 223-19,127.0573991760311685_37.5620731101225971,1030029003,서울교통공사교차로,127.0578745193384265_37.5629294913580480,104.0,19.0,서행,127.0578745193384265_37.5629294913580480|127.0573991760311685_37.5620731101225971
2026-09-04T18:34:05.570303+09:00,장한평역,장한평역,POI049,KEY_2,1030067701,자동차시장1길,1030042902,용답동 239-2,127.0592655428368971_37.5614411693530243,1030042802,용답동 249-21,127.0586601470560026_37.5584360317965817,338.0,21.0,서행,127.0586601470560026_37.5584360317965817|127.0592655428368971_37.5614411693530243
2026-09-04T18:34:05.570303+09:00,장한평역,장한평역,POI049,KEY_2,1030067801,자동차시장1길,1030042805,용답동 249-21,127.0585192522324434_37.5584540194234151,1030042903,용답동 239-2,127.0591555949161631_37.5614569664410283,338.0,22.0,서행,127.0591555949161631_37.5614569664410283|127.0589707952441216_37.5606568616105108|127.0587149008319727_37.5594097878991775|127.0585192522324434_37.5584540194234151
2026-09-04T18:34:05.570303+09:00,장한평역,장한평역,POI049,KEY_2,1030067901,천호대로,1030042903,용답동 239-2,127.0591555949161631_37.5614569664410283,1050037604,용답동 224-1,127.0593516529250167_37.5622234716224668,87.0,25.0,원활,127.0593516529250167_37.5622234716224668|127.0591555949161631_37.5614569664410283
2026-09-04T18:34:05.570303+09:00,장한평역,장한평역,POI049,KEY_2,1030068001,천호대로,1050037603,용답동 224-1,127.0594543668739362_37.5621991150526071,1030042902,용답동 239-2,127.0592655428368971_37.5614411693530243,86.0,17.0,서행,127.0592655428368971_37.5614411693530243|127.0594543668739362_37.5621991150526071
2026-09-04T18:34:05.570303+09:00,장한평역,장한평역,POI049,KEY_2,1030068101,천호대로,1030028202,속성변화점,127.0611684529429226_37.5619230648949838,1050037603,용답동 224-1,127.0594543668739362_37.5621991150526071,155.0,15.0,서행,127.0594543668739362_37.5621991150526071|127.0599505289799538_37.5621043679588453|127.0605582898425752_37.5620063564312687|127.0610367609639724_37.5619418819347644|127.0611684529429226_37.5619230648949838
2026-09-04T18:34:05.570303+09:00,장한평역,장한평역,POI049,KEY_2,1050003701,천호대로,1030026700,장한평역4번출구,127.0656589832994428_37.5612806361296876,1030027202,장한평역교차로,127.0646338799710691_37.5614219416917337,92.0,21.0,서행,127.0646338799710691_37.5614219416917337|127.0656589832994428_37.5612806361296876
2026-09-04T18:34:05.570303+09:00,장한평역,장한평역,POI049,KEY_2,1050003702,천호대로,1030142800,용답동 224-4,127.0664727944246266_37.5611684491970195,1030026700,장한평역4번출구,127.0656589832994428_37.5612806361296876,73.0,16.0,서행,127.0656589832994428_37.5612806361296876|127.0664727944246266_37.5611684491970195
2026-09-04T18:34:05.570303+09:00,장한평역,장한평역,POI049,KEY_2,1050003703,천호대로,1030025900,군자교,127.0701175317999514_37.5606705619671146,1030026100,라이온스협회,127.0691306361139681_37.5608034688155001,88.0,9.0,정체,127.0691306361139681_37.5608034688155001|127.0701175317999514_37.5606705619671146
2026-09-04T18:34:05.570303+09:00,장한평역,장한평역,POI049,KEY_2,1050003704,천호대로,1050000102,군자교(서측),127.0711993828658564_37.5603647197320356,1030025900,군자교,127.0701175317999514_37.5606705619671146,102.0,8.0,정체,127.0701175317999514_37.5606705619671146|127.0704641978875031_37.5606175571749645|127.0705054805498690_37.5606077738345903|127.0706494170174636_37.5605736634553082|127.0708085808709313_37.5605205660757449|127.0711993828658564_37.5603647197320356
2026-09-04T18:34:05.570303+09:00,장한평역,장한평역,POI049,KEY_2,1050003801,천호대로,1030027201,장한평역교차로,127.0646811371104974_37.5615251565540902,1030027100,장한평역4번출구,127.0656821580608806_37.5613871696903487,90.0,30.5,원활,127.0656821580608806_37.5613871696903487|127.0646811371104974_37.5615251565540902
2026-09-04T18:34:05.570303+09:00,장한평역,장한평역,POI049,KEY_2,1050003802,천호대로,1050182700,장안동 472-2,127.0681955840067872_37.5610410993414305,1030026300,라이온스협회,127.0691536413907556_37.5609100252266259,86.0,29.5,원활,127.0691536413907556_37.5609100252266259|127.0681955840067872_37.5610410993414305
2026-09-04T18:34:05.570303+09:00,장한평역,장한평역,POI049,KEY_2,1050003803,천호대로,1030026300,라이온스협회,127.0691536413907556_37.5609100252266259,1030026200,군자교,127.0705442307436215_37.5607113995430026,125.0,35.0,원활,127.0705442307436215_37.5607113995430026|127.0704971680179369_37.5607225522591150|127.0702565777095998_37.5607614916846231|127.0691536413907556_37.5609100252266259
2026-09-04T18:34:05.570303+09:00,장한평역,장한평역,POI049,KEY_2,1050003804,천호대로,1030026200,군자교,127.0705442307436215_37.5607113995430026,1050000101,군자교(서측),127.0712602140736749_37.5604613880901894,69.0,32.0,원활,127.0712602140736749_37.5604613880901894|127.0708653074909336_37.5606188704233190|127.0706951706114012_37.5606756288918504|127.0705442307436215_37.5607113995430026
2026-09-04T18:34:05.570303+09:00,장한평역,장한평역,POI049,KEY_2,1050004101,장안벚꽃로,1030025802,성동구-동대문구,127.0706640715975624_37.5605166515404463,1050006202,스타PARK아파트,127.0710770045332794_37.5612054138542319,85.0,25.0,원활,127.0710770045332794_37.5612054138542319|127.0710244567467413_37.5610846116788082|127.0708417416250740_37.5607618772411485|127.0706640715975624_37.5605166515404463
2026-09-04T18:34:05.570303+09:00,장한평역,장한평역,POI049,KEY_2,1050004201,장안벚꽃로,1050006902,장평중삼거리,127.0727984448601973_37.5640374509294048,1030025801,성동구-동대문구,127.0707817230801879_37.5604626329549873,435.0,22.0,서행,127.0707817230801879_37.5604626329549873|127.0709627796551615_37.5607125326513867|127.0711508180029909_37.5610446682990400|127.0712256550306734_37.5612171568160065|127.0719049732423827_37.5624755506617305|127.0719083965326774_37.5624815351401935|127.0724829889732064_37.5634860028182516|127.0727984448601973_37.5640374509294048
2026-09-04T18:34:05.570303+09:00,장한평역,장한평역,POI049,KEY_2,1050004301,장한로,1030027204,장한평역교차로,127.0645425885173267_37.5615444898432358,1050006500,장한평역3번출구,127.0649900197555695_37.5622444247279859,87.0,5.0,정체,127.0649900197555695_37.5622444247279859|127.0647189347308625_37.5618452736188502|127.0645425885173267_37.5615444898432358
2026-09-04T18:34:05.570303+09:00,장한평역,장한평역,POI049,KEY_2,1050004401,장한로,1050006400,장한평역3번출구,127.0651094957785290_37.5621930039047314,1030027201,장한평역교차로,127.0646811371104974_37.5615251565540902,83.0,22.0,서행,127.0646811371104974_37.5615251565540902|127.0648403153393673_37.5617966577238533|127.0651094957785290_37.5621930039047314
2026-09-04T18:34:05.570303+09:00,장한평역,장한평역,POI049,KEY_2,1050004402,장한로,1050192900,장안동 469-11,127.0663180099621172_37.5639029871303052,1050006400,장한평역3번출구,127.0651094957785290_37.5621930039047314,218.0,20.0,서행,127.0651094957785290_37.5621930039047314|127.0651485250990049_37.5622504704536908|127.0657164059681463_37.5630528220107180|127.0663142631000824_37.5638975049516048|127.0663180099621172_37.5639029871303052
2026-09-04T18:34:05.570303+09:00,장한평역,장한평역,POI049,KEY_2,1050022100,동부간선도로,1030026200,군자교,127.0705442307436215_37.5607113995430026,1050006300,군자교,127.0720004031899322_37.5621203836883524,222.0,6.3,정체,127.0720004031899322_37.5621203836883524|127.0719124162673950_37.5619998686712364|127.0717011281758602_37.5616480562349011|127.0713330110081216_37.5610610060558585|127.0711977074599162_37.5608334788595997|127.0711548207308255_37.5607894423738884|127.0710831415277795_37.5607510247067253|127.0710257228409432_37.5607336456998340|127.0709635215755213_37.5607143405057471|127.0708365577721253_37.5607043400018696|127.0706313913964181_37.5607075218010138|127.0705442307436215_37.5607113995430026
2026-09-04T18:34:05.570303+09:00,장한평역,장한평역,POI049,KEY_2,1050022200,천호대로,1030026300,라이온스협회,127.0691536413907556_37.5609100252266259,1050006102,장안동 480-18,127.0701242734518246_37.5613305352848741,114.0,19.5,서행,127.0701242734518246_37.5613305352848741|127.0700742397946641_37.5611803454351119|127.0700258934481752_37.5610683928558586|127.0699803263200351_37.5610150205068578|127.0699179915692838_37.5609654719892205|127.0698269259394664_37.5609331053207214|127.0691536413907556_37.5609100252266259
2026-09-04T18:34:05.570303+09:00,장한평역,장한평역,POI049,KEY_2,1050022300,장한로6길,1050006101,장안동 480-18,127.0702429499912540_37.5612779573610780,1030026200,군자교,127.0705442307436215_37.5607113995430026,76.0,7.0,정체,127.0705442307436215_37.5607113995430026|127.0702796801526802_37.5609023226316836|127.0702126735769895_37.5609786471802849|127.0701791995159908_37.5610492304342856|127.0701954473470465_37.5611536003310675|127.0702429499912540_37.5612779573610780
2026-09-04T18:34:05.570303+09:00,장한평역,장한평역,POI049,KEY_2,1050022400,장한로6길,1050006202,스타PARK아파트,127.0710770045332794_37.5612054138542319,1050006101,장안동 480-18,127.0702429499912540_37.5612779573610780,83.0,6.7,정체,127.0702429499912540_37.5612779573610780|127.0702801463518199_37.5613311624989521|127.0703338871004888_37.5613656098335653|127.0704211455896342_37.5613866942983634|127.0705169868264193_37.5613850477364934|127.0706453297080998_37.5613572581594894|127.0710770045332794_37.5612054138542319
2026-09-04T18:34:05.570303+09:00,장한평역,장한평역,POI049,KEY_2,1050022500,장한로6길,1050006102,장안동 480-18,127.0701242734518246_37.5613305352848741,1050006201,스타PARK아파트,127.0711261546019557_37.5613063290945135,100.0,18.3,서행,127.0711261546019557_37.5613063290945135|127.0706908564927318_37.5614594480678008|127.0705365648764769_37.5614928555958727|127.0704024220371053_37.5614951602215967|127.0702692269588425_37.5614629766860162|127.0701743445387848_37.5614021572867713|127.0701242734518246_37.5613305352848741
2026-09-04T18:34:05.570303+09:00,장한평역,장한평역,POI049,KEY_2,1050022600,장한로,1050006400,장한평역3번출구,127.0651094957785290_37.5621930039047314,1030027100,장한평역4번출구,127.0656821580608806_37.5613871696903487,116.0,13.0,정체,127.0656821580608806_37.5613871696903487|127.0653729485284629_37.5614973322629879|127.0652831827717080_37.5615808178176422|127.0650499368940558_37.5619671370952375|127.0650380478297450_37.5620696509166976|127.0651094957785290_37.5621930039047314
2026-09-04T18:34:05.570303+09:00,장한평역,장한평역,POI049,KEY_2,1050022700,천호대로,1030027900,장한평역,127.0636987461977441_37.5616646830852758,1050006500,장한평역3번출구,127.0649900197555695_37.5622444247279859,136.0,17.0,서행,127.0649900197555695_37.5622444247279859|127.0648504970743886_37.5620680286746094|127.0647175295089113_37.5619649357354461|127.0640914430972686_37.5617245048653601|127.0636987461977441_37.5616646830852758
2026-09-04T18:34:05.570303+09:00,장한평역,장한평역,POI049,KEY_2,1050056700,천호대로,1030027900,장한평역,127.0636987461977441_37.5616646830852758,1030027204,장한평역교차로,127.0645425885173267_37.5615444898432358,76.0,31.0,원활,127.0645425885173267_37.5615444898432358|127.0636987461977441_37.5616646830852758
2026-09-04T18:34:05.570303+09:00,장한평역,장한평역,POI049,KEY_2,1050056800,천호대로,1030027203,장한평역교차로,127.0645000404244058_37.5614407132058119,1030027300,장한평역,127.0636749913523147_37.5615582305417988,74.0,6.0,정체,127.0636749913523147_37.5615582305417988|127.0645000404244058_37.5614407132058119
2026-09-04T18:34:05.570303+09:00,장한평역,장한평역,POI049,KEY_2,1050056900,천호대로,1030027804,속성변화점,127.0628424554379450_37.5617861664547803,1030027900,장한평역,127.0636987461977441_37.5616646830852758,77.0,31.0,원활,127.0636987461977441_37.5616646830852758|127.0629751084912300_37.5617670089779025|127.0628424554379450_37.5617861664547803
2026-09-04T18:34:05.570303+09:00,장한평역,장한평역,POI049,KEY_2,1050057000,천호대로,1030027300,장한평역,127.0636749913523147_37.5615582305417988,1030027802,삼우빌딩,127.0629513549016281_37.5616605554283538,65.0,6.0,정체,127.0629513549016281_37.5616605554283538|127.0636749913523147_37.5615582305417988
2026-09-04T18:34:05.570303+09:00,장한평역,장한평역,POI049,KEY_2,1050057100,천호대로,1030028201,삼지빌딩,127.0611931909564305_37.5620293760044888,1030027804,속성변화점,127.0628424554379450_37.5617861664547803,148.0,31.0,원활,127.0628424554379450_37.5617861664547803|127.0611931909564305_37.5620293760044888
2026-09-04T18:34:05.570303+09:00,장한평역,장한평역,POI049,KEY_2,1050057200,천호대로,1030027803,삼우빌딩,127.0628177151623248_37.5616798556884603,1030028202,속성변화점,127.0611684529429226_37.5619230648949838,148.0,6.0,정체,127.0611684529429226_37.5619230648949838|127.0628177151623248_37.5616798556884603
2026-09-04T18:34:05.570303+09:00,장한평역,장한평역,POI049,KEY_2,1050057600,한천로,1050186700,장안동 482,127.0585815604546411_37.5635640107395758,1030029001,서울교통공사교차로,127.0580467272918384_37.5629540333191940,83.0,18.0,서행,127.0580467272918384_37.5629540333191940|127.0582247213048817_37.5631696643374866|127.0584722924049856_37.5634554227117903|127.0585815604546411_37.5635640107395758
2026-09-04T18:34:05.570303+09:00,장한평역,장한평역,POI049,KEY_2,1050057700,한천로,1030029004,서울교통공사교차로,127.0579437153332236_37.5630261230406859,1050006708,부품상가삼거리,127.0586134993678229_37.5637686922705853,102.0,17.5,서행,127.0586134993678229_37.5637686922705853|127.0584755531634755_37.5636316051894639|127.0583632433165064_37.5635199943106954|127.0581120472439380_37.5632300505651315|127.0579437153332236_37.5630261230406859
2026-09-04T18:34:05.570303+09:00,장한평역,장한평역,POI049,KEY_2,1050057800,천호대로,1030029300,국정일보,127.0569879986479975_37.5637421382279157,1030029004,서울교통공사교차로,127.0579437153332236_37.5630261230406859,116.0,13.0,정체,127.0579437153332236_37.5630261230406859|127.0569879986479975_37.5637421382279157
2026-09-04T18:34:05.570303+09:00,장한평역,장한평역,POI049,KEY_2,1050058000,한천로,1050196700,장안동 482,127.0589404032238434_37.5638901989359084,1050006706,부품상가삼거리,127.0588015705685905_37.5637757166667043,18.0,20.0,서행,127.0588015705685905_37.5637757166667043|127.0589253275586685_37.5638795739207936|127.0589404032238434_37.5638901989359084
2026-09-04T18:34:05.570303+09:00,장한평역,장한평역,POI049,KEY_2,1050058100,한천로,1050006709,부품상가삼거리,127.0587030276794707_37.5638501243244036,1050006705,답십리동217-1,127.0608648877731355_37.5653900420829316,256.0,27.0,원활,127.0608648877731355_37.5653900420829316|127.0608585785979727_37.5653846154118582|127.0601635343737428_37.5648966245898634|127.0595596446630680_37.5644710284825152|127.0588503675639771_37.5639711495952753|127.0588308591260471_37.5639574004323364|127.0587030276794707_37.5638501243244036
2026-09-04T18:34:05.570303+09:00,장한평역,장한평역,POI049,KEY_2,1050058300,황물로,1050180200,답십리동 952-2,127.0582500024359831_37.5641933476752001,1050006709,부품상가삼거리,127.0587030276794707_37.5638501243244036,55.0,23.0,서행,127.0587030276794707_37.5638501243244036|127.0582500024359831_37.5641933476752001
2026-09-04T18:34:05.570303+09:00,장한평역,장한평역,POI049,KEY_2,1050058400,황물로,1050006708,부품상가삼거리,127.0586134993678229_37.5637686922705853,1050007304,답십리5지구대,127.0572514594513081_37.5647808125362559,165.0,17.0,서행,127.0572514594513081_37.5647808125362559|127.0574015441680302_37.5646868882744229|127.0581563634882087_37.5641150296059152|127.0586134993678229_37.5637686922705853
2026-09-04T18:34:05.570303+09:00,장한평역,장한평역,POI049,KEY_2,1050060501,천호대로,1050037604,용답동 224-1,127.0593516529250167_37.5622234716224668,1030029002,서울교통공사교차로,127.0579838383515892_37.5628589219914772,141.0,11.0,정체,127.0579838383515892_37.5628589219914772|127.0583281599183607_37.5626484148036894|127.0585326584047294_37.5625320039678314|127.0586760384163370_37.5624593052762776|127.0588775323544439_37.5623721768169858|127.0591413146442079_37.5622827454154162|127.0593516529250167_37.5622234716224668
2026-09-04T18:34:05.570303+09:00,장한평역,장한평역,POI049,KEY_2,1050060701,천호대로,1030029001,서울교통공사교차로,127.0580467272918384_37.5629540333191940,1030028204,삼지빌딩,127.0610595386931436_37.5620489976538323,289.0,25.0,원활,127.0610595386931436_37.5620489976538323|127.0606213566722289_37.5621124992959707|127.0603677903037863_37.5621498628990125|127.0600291775151192_37.5622083156058935|127.0597429978717088_37.5622556964060195|127.0594898707176554_37.5623079996906881|127.0593992958180536_37.5623295887485327|127.0591519469817428_37.5623999606302093|127.0589803520694687_37.5624570624331540|127.0588427266968807_37.5625140092085132|127.0586312982700150_37.5626056078786874|127.0584595127480583_37.5626951007398233|127.0580467272918384_37.5629540333191940
2026-09-04T18:34:05.570303+09:00,천호역,천호역,POI050,KEY_3,1230091500,풍성로25길,1230423100,최소노드배치점,127.1213202475153992_37.5366159926774401,1230057202,풍납1동주민센터,127.1222889993939589_37.5389396716807582,284.0,15.0,서행,127.1222889993939589_37.5389396716807582|127.1219021881112354_37.5382276816301328|127.1213833795709434_37.5372923015735083|127.1214025863991282_37.5372101448766955|127.1215441560175634_37.5371087097441318|127.1215461125996882_37.5370684600636437|127.1213202475153992_37.5366159926774401
2026-09-04T18:34:05.570303+09:00,천호역,천호역,POI050,KEY_3,1230091700,천호대로,1230056700,천호사거리,127.1231991095257143_37.5382127630712290,1230057100,천호사거리,127.1228015509893083_37.5387585883164832,73.0,10.0,정체,127.1228015509893083_37.5387585883164832|127.1229241648776735_37.5386668308833507|127.1230198352073586_37.5385885389022675|127.1231277941631106_37.5384743769456719|127.1231768092596184_37.5383908689299020|127.1231970416041435_37.5382921018591134|127.1231991095257143_37.5382127630712290
2026-09-04T18:34:05.570303+09:00,천호역,천호역,POI050,KEY_3,1230094400,올림픽대로,1230057202,풍납1동주민센터,127.1222889993939589_37.5389396716807582,1230057601,풍납1동사무소,127.1206171273850600_37.5398267942077126,180.0,11.0,정체,127.1206171273850600_37.5398267942077126|127.1206402519064369_37.5398105049192665|127.1208137207095632_37.5397054359141791|127.1211101440944589_37.5395116516381009|127.1213039218144303_37.5393779552428981|127.1217585328710840_37.5391085831531299|127.1221845741995793_37.5389460379588940|127.1222889993939589_37.5389396716807582
2026-09-04T18:34:05.570303+09:00,천호역,천호역,POI050,KEY_3,1240000503,천호대로,1249137600,성내동 5-19,127.1280382627610948_37.5371810929529701,1240015902,천호신사거리,127.1265613525916365_37.5376636665247787,141.0,15.0,서행,127.1265613525916365_37.5376636665247787|127.1275442594800751_37.5373425089920758|127.1280382627610948_37.5371810929529701
2026-09-04T18:34:05.570303+09:00,천호역,천호역,POI050,KEY_3,1240000901,천호대로,1240015903,천호신사거리,127.1264313401249240_37.5377030556450677,1240016102,속성변화점,127.1258227718012819_37.5378782795148567,57.0,15.0,서행,127.1258227718012819_37.5378782795148567|127.1264313401249240_37.5377030556450677
2026-09-04T18:34:05.570303+09:00,천호역,천호역,POI050,KEY_3,1240000902,천호대로,1240016102,속성변화점,127.1258227718012819_37.5378782795148567,1240016400,천호역7번출구,127.1242070043111596_37.5383086791756000,151.0,33.0,원활,127.1242070043111596_37.5383086791756000|127.1248744937185933_37.5381079577954324|127.1255448371520913_37.5379047060162492|127.1258227718012819_37.5378782795148567
2026-09-04T18:34:05.570303+09:00,천호역,천호역,POI050,KEY_3,1240000903,천호대로,1240016400,천호역7번출구,127.1242070043111596_37.5383086791756000,1230057002,천호사거리,127.1234478477520184_37.5385370305723569,72.0,26.0,원활,127.1234478477520184_37.5385370305723569|127.1242070043111596_37.5383086791756000
2026-09-04T18:34:05.570303+09:00,천호역,천호역,POI050,KEY_3,1240001001,천호대로,1240016101,속성변화점,127.1258700127424532_37.5379796401749530,1240015904,천호신사거리,127.1264995678300238_37.5377983808995310,59.0,8.0,정체,127.1264995678300238_37.5377983808995310|127.1258700127424532_37.5379796401749530
2026-09-04T18:34:05.570303+09:00,천호역,천호역,POI050,KEY_3,1240001003,천호대로,1230057001,천호사거리,127.1235172823043769_37.5387460209010086,1240016500,천호사거리,127.1240195713131129_37.5385827314211369,48.0,7.0,정체,127.1240195713131129_37.5385827314211369|127.1235172823043769_37.5387460209010086
2026-09-04T18:34:05.570303+09:00,천호역,천호역,POI050,KEY_3,1240001301,천호대로,1230057003,천호사거리,127.1233208369298211_37.5385774148515452,1230057100,천호사거리,127.1228015509893083_37.5387585883164832,50.0,6.0,정체,127.1228015509893083_37.5387585883164832|127.1233208369298211_37.5385774148515452
2026-09-04T18:34:05.570303+09:00,천호역,천호역,POI050,KEY_3,1240001302,천호대로,1230057100,천호사거리,127.1228015509893083_37.5387585883164832,1230057201,풍납1동주민센터,127.1224128179309645_37.5388942112432815,38.0,6.0,정체,127.1224128179309645_37.5388942112432815|127.1228015509893083_37.5387585883164832
2026-09-04T18:34:05.570303+09:00,천호역,천호역,POI050,KEY_3,1240001303,천호대로,1230057202,풍납1동주민센터,127.1222889993939589_37.5389396716807582,1230425800,최소노드배치점,127.1206473646241477_37.5399649693936297,187.0,11.0,정체,127.1206473646241477_37.5399649693936297|127.1208002690071339_37.5397806065349755|127.1212122107708637_37.5394811670133990|127.1217838639544340_37.5391353320378940|127.1222889993939589_37.5389396716807582
2026-09-04T18:34:05.570303+09:00,천호역,천호역,POI050,KEY_3,1240001402,천호대로,1249154200,속성변화점,127.1207370515739399_37.5400461468424780,1240032502,천호동 458-32,127.1223997000991659_37.5391372566073969,179.0,44.0,원활,127.1223997000991659_37.5391372566073969|127.1219267779063671_37.5393204408960344|127.1213813850969814_37.5396503892687647|127.1209832957351296_37.5399401536630535|127.1207370515739399_37.5400461468424780
2026-09-04T18:34:05.570303+09:00,천호역,천호역,POI050,KEY_3,1240001405,천호대로,1240032600,천호사거리,127.1229181381820865_37.5389539974583073,1230057004,천호사거리,127.1233910826555729_37.5387889914914226,46.0,29.0,원활,127.1233910826555729_37.5387889914914226|127.1229181381820865_37.5389539974583073
2026-09-04T18:34:05.570303+09:00,천호역,천호역,POI050,KEY_3,1240001406,천호대로,1240032501,성내동 71-18,127.1225232060097312_37.5390917822839612,1240032600,천호사거리,127.1229181381820865_37.5389539974583073,38.0,29.0,원활,127.1229181381820865_37.5389539974583073|127.1225232060097312_37.5390917822839612
2026-09-04T18:34:05.570303+09:00,천호역,천호역,POI050,KEY_3,1240009300,천호옛길,1249137900,성내동 610-4,127.1258292313183631_37.5369283484509992,1240015903,천호신사거리,127.1264313401249240_37.5377030556450677,101.0,16.0,서행,127.1264313401249240_37.5377030556450677|127.1263164556896612_37.5375642510170380|127.1262594729914213_37.5374954036653037|127.1260023829827759_37.5371565622425933|127.1258292313183631_37.5369283484509992
2026-09-04T18:34:05.570303+09:00,천호역,천호역,POI050,KEY_3,1240009701,올림픽로,1230270600,풍납동 490-16,127.1226668613505808_37.5366443114647481,1230056700,천호사거리,127.1231991095257143_37.5382127630712290,180.0,18.0,서행,127.1231991095257143_37.5382127630712290|127.1229568202109164_37.5374869408773861|127.1228079874914840_37.5370410778011561|127.1226668613505808_37.5366443114647481
2026-09-04T18:34:05.570303+09:00,천호역,천호역,POI050,KEY_3,1240009702,올림픽로,1230056700,천호사거리,127.1231991095257143_37.5382127630712290,1230057003,천호사거리,127.1233208369298211_37.5385774148515452,42.0,33.0,원활,127.1233208369298211_37.5385774148515452|127.1231991095257143_37.5382127630712290
2026-09-04T18:34:05.570303+09:00,천호역,천호역,POI050,KEY_3,1240009802,올림픽로,1230057002,천호사거리,127.1234478477520184_37.5385370305723569,1230056800,천호사거리,127.1233125521570173_37.5381317339889833,47.0,3.0,정체,127.1233125521570173_37.5381317339889833|127.1234478477520184_37.5385370305723569
2026-09-04T18:34:05.570303+09:00,천호역,천호역,POI050,KEY_3,1240010501,진황도로,1249115700,천호동 410-382,127.1297282195018568_37.5392494506617709,1240003403,천호시장사거리,127.1279040058523577_37.5402699692055037,197.0,16.0,서행,127.1279040058523577_37.5402699692055037|127.1281233888413453_37.5401494195158278|127.1292799313315243_37.5395010700264251|127.1296483811764944_37.5392945149189714|127.1297282195018568_37.5392494506617709
2026-09-04T18:34:05.570303+09:00,천호역,천호역,POI050,KEY_3,1240011101,올림픽로,1230057004,천호사거리,127.1233910826555729_37.5387889914914226,1240017000,천호사거리,127.1235011793470306_37.5391221481703639,38.0,8.0,정체,127.1235011793470306_37.5391221481703639|127.1233910826555729_37.5387889914914226
2026-09-04T18:34:05.570303+09:00,천호역,천호역,POI050,KEY_3,1240011102,올림픽로,1249104900,천호동 428-2,127.1237027452071828_37.5397320880800720,1240003704,광진교남단사거리,127.1242723015992340_37.5412434639985975,175.0,18.0,서행,127.1242723015992340_37.5412434639985975|127.1240122340375507_37.5405538642123275|127.1238499365141621_37.5401235064093299|127.1237057177538929_37.5397410829525455|127.1237027452071828_37.5397320880800720
2026-09-04T18:34:05.570303+09:00,천호역,천호역,POI050,KEY_3,1240011201,올림픽로,1240016900,천호사거리,127.1236242721152223_37.5390697740102013,1230057001,천호사거리,127.1235172823043769_37.5387460209010086,37.0,14.0,정체,127.1235172823043769_37.5387460209010086|127.1236242721152223_37.5390697740102013
2026-09-04T18:34:05.570303+09:00,천호역,천호역,POI050,KEY_3,1240011202,올림픽로,1249118200,천호동 428-2,127.1237604673641783_37.5394819021781032,1240016900,천호사거리,127.1236242721152223_37.5390697740102013,47.0,9.0,정체,127.1236242721152223_37.5390697740102013|127.1237604673641783_37.5394819021781032
2026-09-04T18:34:05.570303+09:00,천호역,천호역,POI050,KEY_3,1240011501,구천면로,1240003408,킴스클럽(천호점),127.1261364525714015_37.5407094515659523,1240003703,광진교남단사거리,127.1243975126236307_37.5411995502778808,163.0,9.0,정체,127.1243975126236307_37.5411995502778808|127.1250523370211170_37.5410149998832807|127.1252564276983179_37.5409574796942067|127.1261364525714015_37.5407094515659523
2026-09-04T18:34:05.570303+09:00,천호역,천호역,POI050,KEY_3,1240011502,구천면로,1249123800,천호동 418-2,127.1266871986057225_37.5405542240687140,1240003407,킴스클럽(천호점),127.1262650007328148_37.5406732206050719,40.0,9.0,정체,127.1262650007328148_37.5406732206050719|127.1266871986057225_37.5405542240687140
2026-09-04T18:34:05.570303+09:00,천호역,천호역,POI050,KEY_3,1240011601,구천면로,1240003406,킴스클럽(천호점),127.1263103069998266_37.5407751443387099,1240003405,천호시장사거리,127.1278224353661557_37.5404323554764829,139.0,16.0,서행,127.1278224353661557_37.5404323554764829|127.1270886044431165_37.5405616113526648|127.1270334400655173_37.5405713277208974|127.1267325053378556_37.5406561474975717|127.1263103069998266_37.5407751443387099
2026-09-04T18:34:05.570303+09:00,천호역,천호역,POI050,KEY_3,1240011602,구천면로,1249150700,천호동 435-2,127.1250976417453842_37.5411169237754336,1240003409,킴스클럽(천호점),127.1261817587292029_37.5408113753436652,102.0,5.0,정체,127.1261817587292029_37.5408113753436652|127.1253017326863954_37.5410594035665426|127.1250976417453842_37.5411169237754336
2026-09-04T18:34:05.570303+09:00,천호역,천호역,POI050,KEY_3,1240012200,구천면로,1249111600,천호동 397-441,127.1300178217984325_37.5410705636680788,1240003402,천호시장사거리,127.1279634389083384_37.5403686754933119,200.0,14.0,정체,127.1279634389083384_37.5403686754933119|127.1280961944452059_37.5404233059771144|127.1286980083948350_37.5405042767628885|127.1290074504487251_37.5405921604635040|127.1293547790916421_37.5407190682850427|127.1296108197300470_37.5408388339810557|127.1298899091390808_37.5409841225037084|127.1300178217984325_37.5410705636680788
2026-09-04T18:34:05.570303+09:00,천호역,천호역,POI050,KEY_3,1240012601,올림픽로,1249109700,천호동 373,127.1246760440397452_37.5419690104642640,1240003702,광진교남단사거리,127.1244358849439777_37.5413034277414468,77.0,23.0,서행,127.1244358849439777_37.5413034277414468|127.1246760440397452_37.5419690104642640
2026-09-04T18:34:05.570303+09:00,천호역,천호역,POI050,KEY_3,1240039600,천호대로,1240016400,천호역7번출구,127.1242070043111596_37.5383086791756000,1230056800,천호사거리,127.1233125521570173_37.5381317339889833,87.0,18.0,서행,127.1233125521570173_37.5381317339889833|127.1233894987534825_37.5382002602406928|127.1235445694257749_37.5382799014588926|127.1235912244469404_37.5383031173539337|127.1237243792602101_37.5383377934522713|127.1238241290205622_37.5383378663987912|127.1239965496080515_37.5383281493004475|127.1242070043111596_37.5383086791756000
2026-09-04T18:34:05.570303+09:00,천호역,천호역,POI050,KEY_3,1240040000,천호대로,1240016900,천호사거리,127.1236242721152223_37.5390697740102013,1240016500,천호사거리,127.1240195713131129_37.5385827314211369,66.0,12.0,정체,127.1240195713131129_37.5385827314211369|127.1238606684004111_37.5387097157003780|127.1237243793176361_37.5388452644014663|127.1236423181457553_37.5389854711084467|127.1236242721152223_37.5390697740102013
2026-09-04T18:34:05.570303+09:00,천호역,천호역,POI050,KEY_3,1240040200,천호대로157길,1249121100,천호동 454-49,127.1267213376215466_37.5381549599408473,1240003404,천호시장사거리,127.1277656314485256_37.5403316272977321,263.0,13.0,정체,127.1277656314485256_37.5403316272977321|127.1277764803604811_37.5400663754616346|127.1276287872081667_37.5395939952034325|127.1274683047712841_37.5391935724405386|127.1273335079728923_37.5389564198065386|127.1267213376215466_37.5381549599408473
2026-09-04T18:34:05.570303+09:00,천호역,천호역,POI050,KEY_3,1240040300,천호대로,1240032600,천호사거리,127.1229181381820865_37.5389539974583073,1240017000,천호사거리,127.1235011793470306_37.5391221481703639,58.0,16.0,서행,127.1235011793470306_37.5391221481703639|127.1233903598605508_37.5390373240800344|127.1232600735032037_37.5389731530963857|127.1231593473902564_37.5389564680612224|127.1230348034606692_37.5389527839542012|127.1229181381820865_37.5389539974583073
2026-09-04T18:34:05.570303+09:00,천호역,천호역,POI050,KEY_3,1240040800,천호대로151길,1249144900,천호동 459-2,127.1229562993439544_37.5398463764838937,1240032501,성내동 71-18,127.1225232060097312_37.5390917822839612,92.0,6.0,정체,127.1225232060097312_37.5390917822839612|127.1229562993439544_37.5398463764838937
2026-09-04T18:34:05.570303+09:00,천호역,천호역,POI050,KEY_3,1240041200,구천면로,1240003704,광진교남단사거리,127.1242723015992340_37.5412434639985975,1240017602,광진교남단사거리,127.1239812132037912_37.5413533959520294,29.0,14.0,정체,127.1239812132037912_37.5413533959520294|127.1241422367008767_37.5413014621294323|127.1242723015992340_37.5412434639985975
2026-09-04T18:34:05.570303+09:00,천호역,천호역,POI050,KEY_3,1240041300,구천면로,1240017604,광진교남단사거리,127.1239000032397968_37.5414954748858349,1240003705,광진교남단사거리,127.1243113956138018_37.5413499499680157,40.0,17.0,서행,127.1243113956138018_37.5413499499680157|127.1242011279294388_37.5413991198798556|127.1240321888513591_37.5414536077047316|127.1239000032397968_37.5414954748858349
2026-09-04T18:34:05.570303+09:00,천호역,천호역,POI050,KEY_3,1240041900,구천면로,1249152700,최소노드배치점,127.1194660888336898_37.5428727643710758,1240017604,광진교남단사거리,127.1239000032397968_37.5414954748858349,421.0,29.0,원활,127.1239000032397968_37.5414954748858349|127.1214621369989999_37.5422587470682814|127.1194660888336898_37.5428727643710758
2026-09-04T18:34:05.570303+09:00,천호역,천호역,POI050,KEY_3,1240221700,구천면로23길,1240003409,킴스클럽(천호점),127.1261817587292029_37.5408113753436652,1240091502,2001아울렛(천호점),127.1265123428250519_37.5413813494056541,70.0,7.0,정체,127.1265123428250519_37.5413813494056541|127.1261817587292029_37.5408113753436652
2026-09-04T18:34:05.570303+09:00,천호역,천호역,POI050,KEY_3,1240221800,구천면로23길,1240091501,2001아울렛(천호점),127.1266356131728088_37.5413360168481560,1240003406,킴스클럽(천호점),127.1263103069998266_37.5407751443387099,69.0,13.0,정체,127.1263103069998266_37.5407751443387099|127.1266356131728088_37.5413360168481560
2026-09-04T18:34:05.570303+09:00,총신대입구(이수)역,총신대입구(이수)역,POI051,KEY_4,1190008600,사당로,1190090200,사당동 1092,126.9783089913764371_37.4840630813367639,1190003002,남성초등학교앞교차로,126.9775810609628337_37.4838343819257673,69.0,7.0,정체,126.9775810609628337_37.4838343819257673|126.9779561785673252_37.4839522361997055|126.9783089913764371_37.4840630813367639
2026-09-04T18:34:05.570303+09:00,총신대입구(이수)역,총신대입구(이수)역,POI051,KEY_4,1190008700,사당로,1190055500,사당동 708-624,126.9789433675313148_37.4843786033373689,1190003204,사당동 708-436,126.9792039752670121_37.4844604770999297,25.0,5.0,정체,126.9792039752670121_37.4844604770999297|126.9789433675313148_37.4843786033373689
2026-09-04T18:34:05.570303+09:00,총신대입구(이수)역,총신대입구(이수)역,POI051,KEY_4,1190008800,동작대로23길,1190047400,사당동 1091,126.9796370105229073_37.4842213526536838,1190003203,사당동 708-624,126.9792537377390147_37.4843598906780784,38.0,10.0,정체,126.9792537377390147_37.4843598906780784|126.9793683365627430_37.4842924228876058|126.9795496091593066_37.4842357088864730|126.9796370105229073_37.4842213526536838
2026-09-04T18:34:05.570303+09:00,총신대입구(이수)역,총신대입구(이수)역,POI051,KEY_4,1190008900,동작대로23길,1190055300,사당동 708-286,126.9810081884948971_37.4842981630243912,1210023904,사당동 708-517,126.9820022856057591_37.4844625134943641,90.0,13.0,정체,126.9820022856057591_37.4844625134943641|126.9814454702967907_37.4843910349356264|126.9810081884948971_37.4842981630243912
2026-09-04T18:34:05.570303+09:00,총신대입구(이수)역,총신대입구(이수)역,POI051,KEY_4,1190009000,사당로,1190053300,사당동 144-4,126.9810923720944231_37.4850378218572331,1190003202,사당동 708-624,126.9793960972202598_37.4844105065625612,165.0,7.0,정체,126.9793960972202598_37.4844105065625612|126.9805441138140196_37.4848352529794440|126.9809554691264140_37.4849874434861832|126.9810923720944231_37.4850378218572331
2026-09-04T18:34:05.570303+09:00,총신대입구(이수)역,총신대입구(이수)역,POI051,KEY_4,1190009100,사당로,1190075300,사당동 144-4,126.9814106321940415_37.4852740285928050,1210025304,이수역앞교차로,126.9820585773020554_37.4854625425216668,61.0,6.0,정체,126.9820585773020554_37.4854625425216668|126.9816021496104241_37.4853445029508165|126.9814106321940415_37.4852740285928050
2026-09-04T18:34:05.570303+09:00,총신대입구(이수)역,총신대입구(이수)역,POI051,KEY_4,1190013101,동작대로33길,1190062300,사당동 737-4,126.9819976691939445_37.4895700925421735,1210028704,삼원빌딩,126.9824873372129446_37.4895576800631645,44.0,20.0,서행,126.9824873372129446_37.4895576800631645|126.9822796434602026_37.4895377492337332|126.9819976691939445_37.4895700925421735
2026-09-04T18:34:05.570303+09:00,총신대입구(이수)역,총신대입구(이수)역,POI051,KEY_4,1190050200,동작대로27길,1190081200,사당동 139-34,126.9811336332786027_37.4876179672351100,1210027105,총신대입구역(서울4호선),126.9821792965293241_37.4876120560627513,92.0,14.0,정체,126.9821792965293241_37.4876120560627513|126.9817506975894617_37.4876180660610103|126.9817500609947558_37.4876180660587366|126.9811357001604080_37.4876180622694832|126.9811336332786027_37.4876179672351100
2026-09-04T18:34:05.570303+09:00,총신대입구(이수)역,총신대입구(이수)역,POI051,KEY_4,1190050300,동작대로27길,1190056000,사당동 139-34,126.9804922927347235_37.4874767312889645,1190026401,사당동130-22,126.9800298494712791_37.4874517319426488,41.0,9.0,정체,126.9800298494712791_37.4874517319426488|126.9804922927347235_37.4874767312889645
2026-09-04T18:34:05.570303+09:00,총신대입구(이수)역,총신대입구(이수)역,POI051,KEY_4,1210013203,동작대로,1190045100,사당동 339-24,126.9819051206889071_37.4827596414189870,1210023903,사당동 708-808,126.9819959904761362_37.4843521900688970,177.0,4.0,정체,126.9819959904761362_37.4843521900688970|126.9819730430722444_37.4839500291722914|126.9819051206889071_37.4827596414189870
2026-09-04T18:34:05.570303+09:00,총신대입구(이수)역,총신대입구(이수)역,POI051,KEY_4,1210013204,동작대로,1210023904,사당동 708-517,126.9820022856057591_37.4844625134943641,1210025303,이수역앞교차로,126.9820527768257676_37.4853473698567683,98.0,6.0,정체,126.9820527768257676_37.4853473698567683|126.9820022856057591_37.4844625134943641
2026-09-04T18:34:05.570303+09:00,총신대입구(이수)역,총신대입구(이수)역,POI051,KEY_4,1210013303,동작대로,1210468300,방배동 495-1,126.9820406568788513_37.4827547301711093,1210020001,삼산빌딩,126.9819657161490056_37.4814413381301179,146.0,15.0,서행,126.9819657161490056_37.4814413381301179|126.9819812696377994_37.4817139283870233|126.9820406568788513_37.4827547301711093
2026-09-04T18:34:05.570303+09:00,총신대입구(이수)역,총신대입구(이수)역,POI051,KEY_4,1210016202,서초대로,1210025301,이수역앞교차로,126.9821951600873575_37.4854855974890171,1210026304,방배동 3151-4,126.9833597973550923_37.4856198848411566,104.0,3.0,정체,126.9833597973550923_37.4856198848411566|126.9821951600873575_37.4854855974890171
2026-09-04T18:34:05.570303+09:00,총신대입구(이수)역,총신대입구(이수)역,POI051,KEY_4,1210016302,서초대로,1210026303,방배동 3151-4,126.9833403088553041_37.4855083913280964,1210025302,이수역앞교차로,126.9821902192167471_37.4853757809412045,103.0,22.0,서행,126.9821902192167471_37.4853757809412045|126.9833403088553041_37.4855083913280964
2026-09-04T18:34:05.570303+09:00,총신대입구(이수)역,총신대입구(이수)역,POI051,KEY_4,1210016303,서초대로,1210468000,방배동 864-41,126.9843637683908071_37.4856223333560337,1210026302,방배동 421-5,126.9834795968043721_37.4855242287525385,79.0,11.0,정체,126.9834795968043721_37.4855242287525385|126.9843637683908071_37.4856223333560337
2026-09-04T18:34:05.570303+09:00,총신대입구(이수)역,총신대입구(이수)역,POI051,KEY_4,1210017602,동작대로,1210025304,이수역앞교차로,126.9820585773020554_37.4854625425216668,1210027108,속성변화점,126.9820894460752214_37.4863064861430431,94.0,5.0,정체,126.9820894460752214_37.4863064861430431|126.9820585773020554_37.4854625425216668
2026-09-04T18:34:05.570303+09:00,총신대입구(이수)역,총신대입구(이수)역,POI051,KEY_4,1210017605,동작대로,1190072600,사당동 708-659,126.9822597372454140_37.4884783486161339,1210028703,삼원빌딩,126.9824624742385737_37.4894463919877055,109.0,5.0,정체,126.9824624742385737_37.4894463919877055|126.9823356718194702_37.4889406987954388|126.9823189008856730_37.4888738151074250|126.9822597372454140_37.4884783486161339
2026-09-04T18:34:05.570303+09:00,총신대입구(이수)역,총신대입구(이수)역,POI051,KEY_4,1210017606,동작대로,1190071600,사당동 708-500,126.9821148939163464_37.4866945255961852,1210027104,총신대입구역(서울4호선),126.9821717135688601_37.4875040246955962,90.0,7.0,정체,126.9821717135688601_37.4875040246955962|126.9821148939163464_37.4866945255961852
2026-09-04T18:34:05.570303+09:00,총신대입구(이수)역,총신대입구(이수)역,POI051,KEY_4,1210017702,동작대로,1210027107,총신대입구역(서울4호선),126.9822250708600251_37.4863033359931279,1210025301,이수역앞교차로,126.9821951600873575_37.4854855974890171,91.0,19.0,서행,126.9821951600873575_37.4854855974890171|126.9822250708600251_37.4863033359931279
2026-09-04T18:34:05.570303+09:00,총신대입구(이수)역,총신대입구(이수)역,POI051,KEY_4,1210017704,동작대로,1210471400,방배동 2279,126.9826680850078873_37.4901113437174232,1210028701,속성변화점,126.9826217390590273_37.4895428255529453,63.0,24.0,서행,126.9826217390590273_37.4895428255529453|126.9826448796264344_37.4896757639483056|126.9826680850078873_37.4901113437174232
2026-09-04T18:34:05.570303+09:00,총신대입구(이수)역,총신대입구(이수)역,POI051,KEY_4,1210017705,동작대로,1210027102,속성변화점,126.9823147704309747_37.4876060179877726,1210027106,총신대입구역(서울4호선),126.9822309209962725_37.4864114578571730,133.0,37.0,원활,126.9822309209962725_37.4864114578571730|126.9822503662360873_37.4866884875043240|126.9823071873458957_37.4874979865397790|126.9823147704309747_37.4876060179877726
2026-09-04T18:34:05.570303+09:00,총신대입구(이수)역,총신대입구(이수)역,POI051,KEY_4,1210017706,동작대로,1210470800,방배동 1809,126.9823525562850932_37.4881443286373823,1210027102,속성변화점,126.9823147704309747_37.4876060179877726,60.0,36.5,원활,126.9823147704309747_37.4876060179877726|126.9823525562850932_37.4881443286373823
2026-09-04T18:34:05.570303+09:00,총신대입구(이수)역,총신대입구(이수)역,POI051,KEY_4,1210044801,방배천로,1210020103,방배동493-5,126.9825978472802603_37.4826827756520018,1210020106,한국영농신문,126.9825278403283733_37.4814329643019377,139.0,13.0,정체,126.9825278403283733_37.4814329643019377|126.9825978472802603_37.4826827756520018
2026-09-04T18:34:05.570303+09:00,총신대입구(이수)역,총신대입구(이수)역,POI051,KEY_4,1210044802,방배천로,1210472400,방배동 493-4,126.9826676586466476_37.4839290493333763,1210020102,방배동493-5,126.9826038978293212_37.4827907919779051,126.0,16.0,서행,126.9826038978293212_37.4827907919779051|126.9826676586466476_37.4839290493333763
2026-09-04T18:34:05.570303+09:00,총신대입구(이수)역,총신대입구(이수)역,POI051,KEY_4,1210044901,방배천로,1210472300,방배동 493-4,126.9825321154947488_37.4839338709411081,1210026303,방배동 3151-4,126.9833403088553041_37.4855083913280964,192.0,9.0,정체,126.9833403088553041_37.4855083913280964|126.9832921070280065_37.4852054761472786|126.9832496822412793_37.4850419299093005|126.9831290782554873_37.4848552868759981|126.9829544187051766_37.4846603556171800|126.9828685313590739_37.4845644993626124|126.9826696632651419_37.4842961995852448|126.9825366906737827_37.4840155473817802|126.9825321154947488_37.4839338709411081
2026-09-04T18:34:05.570303+09:00,총신대입구(이수)역,총신대입구(이수)역,POI051,KEY_4,1210044902,방배천로,1210020109,한국영농신문,126.9823923009376330_37.4814377857296748,1210020104,방배동493-5,126.9824623056363038_37.4826875971584457,139.0,2.0,정체,126.9824623056363038_37.4826875971584457|126.9823923009376330_37.4814377857296748
2026-09-04T18:34:05.570303+09:00,총신대입구(이수)역,총신대입구(이수)역,POI051,KEY_4,1210048000,방배천로,1210027302,방배한진로즈힐아파트,126.9838346401866147_37.4863793944778010,1210026301,방배동 421-5,126.9835004450508791_37.4856357060859082,89.0,15.0,서행,126.9835004450508791_37.4856357060859082|126.9835418963080116_37.4858402058014804|126.9836294430309778_37.4860775561549673|126.9836954062014343_37.4862074845377364|126.9837263206772491_37.4862683769525447|126.9838346401866147_37.4863793944778010
2026-09-04T18:34:05.570303+09:00,총신대입구(이수)역,총신대입구(이수)역,POI051,KEY_4,1210048100,방배천로,1210026304,방배동 3151-4,126.9833597973550923_37.4856198848411566,1210027303,방배한진로즈힐아파트,126.9837275241604146_37.4864457595328773,99.0,8.0,정체,126.9837275241604146_37.4864457595328773|126.9836076191972012_37.4863228679357690|126.9835696266733720_37.4862480332841841|126.9835011543169117_37.4861131614725451|126.9834093116757714_37.4858641657913410|126.9833597973550923_37.4856198848411566
2026-09-04T18:34:05.570303+09:00,총신대입구(이수)역,총신대입구(이수)역,POI051,KEY_4,1210048400,동광로12길,1210027303,방배한진로즈힐아파트,126.9837275241604146_37.4864457595328773,1210027107,총신대입구역(서울4호선),126.9822250708600251_37.4863033359931279,134.0,12.0,정체,126.9822250708600251_37.4863033359931279|126.9826995428011713_37.4863034064230973|126.9830881094296728_37.4863760361900376|126.9834661851801485_37.4864278733475942|126.9837275241604146_37.4864457595328773
2026-09-04T18:34:05.570303+09:00,총신대입구(이수)역,총신대입구(이수)역,POI051,KEY_4,1210048500,동광로12길,1210027106,총신대입구역(서울4호선),126.9822309209962725_37.4864114578571730,1210027304,방배한진로즈힐아파트,126.9838499767115110_37.4865626593792598,145.0,10.0,정체,126.9838499767115110_37.4865626593792598|126.9834488449595256_37.4865352053215162|126.9830610879912456_37.4864820413386965|126.9826838306572370_37.4864115251054315|126.9822309209962725_37.4864114578571730
2026-09-04T18:34:05.570303+09:00,총신대입구(이수)역,총신대입구(이수)역,POI051,KEY_4,1210162600,방배천로18길,1210469000,방배동 492-2,126.9841467143931908_37.4826351298115270,1210020103,방배동493-5,126.9825978472802603_37.4826827756520018,137.0,17.0,서행,126.9825978472802603_37.4826827756520018|126.9833473919327531_37.4826605555061576|126.9841345361255947_37.4826355725340008|126.9841467143931908_37.4826351298115270
2026-09-04T18:34:05.570303+09:00,충정로역,충정로역,POI052,KEY_1,1010003105,중림로,1010010702,충정로역가구상가,126.9640754256734283_37.5590508294670045,1010010902,충정로역가구상가,126.9636848431599390_37.5590704219795128,35.0,4.0,정체,126.9636848431599390_37.5590704219795128|126.9640754256734283_37.5590508294670045
2026-09-04T18:34:05.570303+09:00,충정로역,충정로역,POI052,KEY_1,1010003106,중림로,1010058300,중림동 200,126.9650510841565278_37.5589523597584503,1010010702,충정로역가구상가,126.9640754256734283_37.5590508294670045,87.0,6.0,정체,126.9640754256734283_37.5590508294670045|126.9648587817104612_37.5589857330086545|126.9650510841565278_37.5589523597584503
2026-09-04T18:34:05.570303+09:00,충정로역,충정로역,POI052,KEY_1,1010003203,중림로,1010010901,충정로역가구상가,126.9636933844713411_37.5591783271103310,1010010701,충정로역가구상가,126.9640867414488667_37.5591585507347574,35.0,22.0,서행,126.9640867414488667_37.5591585507347574|126.9636933844713411_37.5591783271103310
2026-09-04T18:34:05.570303+09:00,충정로역,충정로역,POI052,KEY_1,1010004100,청파로,1010053100,중림동 351,126.9677081849395393_37.5609501641540362,1120002003,상수도사업본부교차로,126.9674908459828231_37.5614112452323354,55.0,7.0,정체,126.9674908459828231_37.5614112452323354|126.9677081849395393_37.5609501641540362
2026-09-04T18:34:05.570303+09:00,충정로역,충정로역,POI052,KEY_1,1010004202,청파로,1120002002,상수도사업본부교차로,126.9676167335992716_37.5614519307047843,1010011800,중림동,126.9684502351673530_37.5596836333754780,210.0,14.0,정체,126.9684502351673530_37.5596836333754780|126.9683561139200236_37.5598833187951939|126.9679693788652060_37.5607037947160336|126.9678353453515314_37.5609881483563299|126.9676167335992716_37.5614519307047843
2026-09-04T18:34:05.570303+09:00,충정로역,충정로역,POI052,KEY_1,1010006400,서소문로,1010134800,최소노드배치점,126.9688094991627594_37.5617925136145487,1010015901,서소문고가차도(서측),126.9660808471698346_37.5606758941064101,276.0,58.0,원활,126.9660808471698346_37.5606758941064101|126.9664117212871588_37.5609173619709722|126.9668194179275105_37.5611712880354318|126.9670907245415066_37.5613173299435417|126.9673694926154752_37.5614283839817418|126.9675339141719093_37.5614849578415004|126.9677551811045930_37.5615513111113870|126.9681716153295383_37.5616461476905030|126.9688094991627594_37.5617925136145487
2026-09-04T18:34:05.570303+09:00,충정로역,충정로역,POI052,KEY_1,1010025200,서소문로,1010011200,충정로역가구상가,126.9639333332024052_37.5593892258437165,1010010701,충정로역가구상가,126.9640867414488667_37.5591585507347574,32.0,9.0,정체,126.9640867414488667_37.5591585507347574|126.9640336759729422_37.5591555927884713|126.9640109018983054_37.5591889605807339|126.9639333332024052_37.5593892258437165
2026-09-04T18:34:05.570303+09:00,충정로역,충정로역,POI052,KEY_1,1010046800,중림로,1010010902,충정로역가구상가,126.9636848431599390_37.5590704219795128,1120022800,충정로사거리,126.9630067826871169_37.5591971961966209,62.0,8.0,정체,126.9630067826871169_37.5591971961966209|126.9632871751432361_37.5591616213529562|126.9633814740724631_37.5591398374989325|126.9635318328539313_37.5591038495610121|126.9636848431599390_37.5590704219795128
2026-09-04T18:34:05.570303+09:00,충정로역,충정로역,POI052,KEY_1,1120000702,신촌로,1130277500,북아현동 930-3,126.9609134061408611_37.5584844788521437,1120000509,충정로사거리,126.9619074057619912_37.5592113879016694,119.0,14.0,정체,126.9619074057619912_37.5592113879016694|126.9612918908444641_37.5587812687724991|126.9609134061408611_37.5584844788521437
2026-09-04T18:34:05.570303+09:00,충정로역,충정로역,POI052,KEY_1,1120000801,신촌로,1130031603,아현1동파출소,126.9603608185110346_37.5579007542804106,1130030701,아현교차로,126.9593903711545124_37.5572215324002201,114.0,33.0,원활,126.9593903711545124_37.5572215324002201|126.9599149131550178_37.5575634945568098|126.9603608185110346_37.5579007542804106
2026-09-04T18:34:05.570303+09:00,충정로역,충정로역,POI052,KEY_1,1120000802,신촌로,1120000508,충정로사거리,126.9620080990980853_37.5591378875581938,1130031602,아현1동파출소,126.9604584267966914_37.5579759373505979,188.0,17.0,서행,126.9604584267966914_37.5579759373505979|126.9610087130211866_37.5584074514955262|126.9613844188411349_37.5587020617830092|126.9620080990980853_37.5591378875581938
2026-09-04T18:34:05.570303+09:00,충정로역,충정로역,POI052,KEY_1,1120001001,충정로,1120005300,충정로사거리,126.9627180368454304_37.5598743433504580,1120000507,충정로사거리,126.9621372974823572_37.5592562991161856,86.0,6.0,정체,126.9621372974823572_37.5592562991161856|126.9623795374019153_37.5594882660047844|126.9626383443296902_37.5597704386196014|126.9627180368454304_37.5598743433504580
2026-09-04T18:34:05.570303+09:00,충정로역,충정로역,POI052,KEY_1,1120001002,충정로,1120136900,충정로3가 248-1,126.9633068718442246_37.5607776660404724,1120005300,충정로사거리,126.9627180368454304_37.5598743433504580,113.0,6.0,정체,126.9627180368454304_37.5598743433504580|126.9627893178244875_37.5599672811436491|126.9633068718442246_37.5607776660404724
2026-09-04T18:34:05.570303+09:00,충정로역,충정로역,POI052,KEY_1,1120004101,서소문로,1120134100,충정로3가 281-49,126.9645815660364860_37.5598977280732740,1010015902,서소문고가차도(서측),126.9659908088701030_37.5607568184368503,157.0,25.0,원활,126.9659908088701030_37.5607568184368503|126.9657622305857387_37.5606011985419741|126.9655478502515109_37.5604734670610227|126.9645815660364860_37.5598977280732740
2026-09-04T18:34:05.570303+09:00,충정로역,충정로역,POI052,KEY_1,1120004102,서소문로,1010015902,서소문고가차도(서측),126.9659908088701030_37.5607568184368503,1120002004,상수도사업본부교차로,126.9673830692199346_37.5616097357074139,158.0,25.0,원활,126.9673830692199346_37.5616097357074139|126.9672834243969390_37.5615754487724445|126.9669876407800047_37.5614576160841409|126.9666994465889758_37.5613024853318080|126.9662799084869818_37.5610411844229191|126.9661451257960465_37.5609428038709865|126.9659908088701030_37.5607568184368503
2026-09-04T18:34:05.570303+09:00,충정로역,충정로역,POI052,KEY_1,1120004201,서소문로,1010011200,충정로역가구상가,126.9639333332024052_37.5593892258437165,1120022800,충정로사거리,126.9630067826871169_37.5591971961966209,86.0,6.0,정체,126.9630067826871169_37.5591971961966209|126.9633282461327184_37.5592111925570293|126.9635104493961251_37.5592396304144245|126.9637143972144031_37.5592998340788782|126.9637216136169826_37.5593019642914001|126.9639333332024052_37.5593892258437165
2026-09-04T18:34:05.570303+09:00,충정로역,충정로역,POI052,KEY_1,1120004202,서소문로,1010125800,중림동 591,126.9656292329265881_37.5603869069285068,1010011200,충정로역가구상가,126.9639333332024052_37.5593892258437165,186.0,7.0,정체,126.9639333332024052_37.5593892258437165|126.9639453029332969_37.5593941588540901|126.9640772384998826_37.5594621774906869|126.9646629493658025_37.5598111684287872|126.9656292329265881_37.5603869069285068
2026-09-04T18:34:05.570303+09:00,충정로역,충정로역,POI052,KEY_1,1120004203,서소문로,1120002003,상수도사업본부교차로,126.9674908459828231_37.5614112452323354,1010015901,서소문고가차도(서측),126.9660808471698346_37.5606758941064101,150.0,3.0,정체,126.9660808471698346_37.5606758941064101|126.9663287044560747_37.5607834224243646|126.9664556576583010_37.5608760880869994|126.9668594086569158_37.5611275567769596|126.9671250868416337_37.5612705669752174|126.9673981830782594_37.5613793623703742|126.9674908459828231_37.5614112452323354
2026-09-04T18:34:05.570303+09:00,충정로역,충정로역,POI052,KEY_1,1120015100,충정로,1120005300,충정로사거리,126.9627180368454304_37.5598743433504580,1120005200,충정로사거리,126.9629993658748504_37.5593051549388335,76.0,10.0,정체,126.9629993658748504_37.5593051549388335|126.9628715999865420_37.5593511098260109|126.9627847160042080_37.5594369024355288|126.9627187973606368_37.5595155503887455|126.9626858196171781_37.5595894406433857|126.9626678035905059_37.5596871741968599|126.9627180368454304_37.5598743433504580
2026-09-04T18:34:05.570303+09:00,충정로역,충정로역,POI052,KEY_1,1120016501,경기대로,1120000503,충정로3가26-2,126.9618966230996193_37.5616899669241846,1120000506,충정로사거리,126.9620254998589814_37.5593183699107698,264.0,22.0,서행,126.9620254998589814_37.5593183699107698|126.9619872778432921_37.5595326415076372|126.9619650109536195_37.5597618722879147|126.9619549399386642_37.5601151769762964|126.9619547745921722_37.5601209775248037|126.9619526638429079_37.5604057890847756|126.9619483365010097_37.5609896868436337|126.9619180281690944_37.5614001105234578|126.9618966230996193_37.5616899669241846
2026-09-04T18:34:05.570303+09:00,충정로역,충정로역,POI052,KEY_1,1120062500,서소문로,1120022800,충정로사거리,126.9630067826871169_37.5591971961966209,1120000508,충정로사거리,126.9620080990980853_37.5591378875581938,89.0,3.0,정체,126.9620080990980853_37.5591378875581938|126.9624976738023321_37.5591750287326249|126.9630067826871169_37.5591971961966209
2026-09-04T18:34:05.570303+09:00,충정로역,충정로역,POI052,KEY_1,1120062600,서소문로,1120000507,충정로사거리,126.9621372974823572_37.5592562991161856,1120005200,충정로사거리,126.9629993658748504_37.5593051549388335,76.0,17.0,서행,126.9629993658748504_37.5593051549388335|126.9624875185141093_37.5592828676414570|126.9621372974823572_37.5592562991161856
2026-09-04T18:34:05.570303+09:00,충정로역,충정로역,POI052,KEY_1,1130055200,손기정로,1130276800,아현동 729,126.9610147030383871_37.5573677054923536,1130031603,아현1동파출소,126.9603608185110346_37.5579007542804106,83.0,16.0,서행,126.9603608185110346_37.5579007542804106|126.9604666936073443_37.5578151020777966|126.9610147030383871_37.5573677054923536
2026-09-04T18:34:05.570303+09:00,합정역,합정역,POI053,KEY_2,1130012502,독막로,1130020103,당인리사거리,126.9200080925505745_37.5478048127950714,1130020302,합정동 402,126.9184253750183302_37.5478817926919461,140.0,35.0,원활,126.9184253750183302_37.5478817926919461|126.9200080925505745_37.5478048127950714
2026-09-04T18:34:05.570303+09:00,합정역,합정역,POI053,KEY_2,1130012504,독막로,1130052100,합정역7번출구,126.9140173730645671_37.5487741682980598,1130021603,합정역교차로,126.9133979744090510_37.5491558635704337,71.0,20.0,서행,126.9133979744090510_37.5491558635704337|126.9135406193636584_37.5489949395947065|126.9136811129909290_37.5488909851792201|126.9137974866256258_37.5488341856604748|126.9139631942102255_37.5487857147723645|126.9140173730645671_37.5487741682980598
2026-09-04T18:34:05.570303+09:00,합정역,합정역,POI053,KEY_2,1130001502,양화로,1130019500,양화대교(북측),126.9088702991146818_37.5473486190442571,1130020700,양화대교(북측),126.9110864738484850_37.5486558094690892,247.0,55.0,원활,126.9110864738484850_37.5486558094690892|126.9104702975695886_37.5484316205709661|126.9102030567186858_37.5483158501774241|126.9098751447166222_37.5481333274638018|126.9095562311644869_37.5479092035175839|126.9088702991146818_37.5473486190442571
2026-09-04T18:34:05.570303+09:00,합정역,합정역,POI053,KEY_2,1130001503,양화로,1130020700,양화대교(북측),126.9110864738484850_37.5486558094690892,1130021204,합정동 402,126.9117526504634554_37.5488099012589700,61.0,31.0,원활,126.9117526504634554_37.5488099012589700|126.9114095304818335_37.5487362312337467|126.9110864738484850_37.5486558094690892
2026-09-04T18:34:05.570303+09:00,합정역,합정역,POI053,KEY_2,1130001504,양화로,1130021201,합정동 402,126.9118842718870042_37.5488389364112436,1130052000,합정역8번출구,126.9125610162048474_37.5489924297706352,62.0,27.0,원활,126.9125610162048474_37.5489924297706352|126.9125108300752061_37.5489801444249309|126.9123320541385880_37.5489398539158543|126.9118842718870042_37.5488389364112436
2026-09-04T18:34:05.570303+09:00,합정역,합정역,POI053,KEY_2,1130001505,양화로,1130052000,합정역8번출구,126.9125610162048474_37.5489924297706352,1130021604,합정역교차로,126.9133271355590011_37.5492481379057494,74.0,29.0,원활,126.9133271355590011_37.5492481379057494|126.9131511937065824_37.5491581588815038|126.9128784491420845_37.5490701385518264|126.9125610162048474_37.5489924297706352
2026-09-04T18:34:05.570303+09:00,합정역,합정역,POI053,KEY_2,1130001602,양화로,1130020600,양화대교(북측),126.9111269978420609_37.5485526161926089,1130019000,양화대교(북측),126.9089758149120399_37.5472798488198407,240.0,8.0,정체,126.9089758149120399_37.5472798488198407|126.9096499332892023_37.5478308424299101|126.9099592463067125_37.5480482193369483|126.9102746337613610_37.5482237702880965|126.9105310887964890_37.5483348678804703|126.9111269978420609_37.5485526161926089
2026-09-04T18:34:05.570303+09:00,합정역,합정역,POI053,KEY_2,1130001603,양화로,1130021203,합정동 402,126.9117684440008702_37.5487013098127989,1130020600,양화대교(북측),126.9111269978420609_37.5485526161926089,59.0,12.0,정체,126.9111269978420609_37.5485526161926089|126.9114474860303403_37.5486323980145400|126.9117684440008702_37.5487013098127989
2026-09-04T18:34:05.570303+09:00,합정역,합정역,POI053,KEY_2,1130001605,양화로,1130021800,합정역8번출구,126.9126009251802998_37.5488890850710817,1130021202,합정동 402,126.9119017412713788_37.5487305057125056,64.0,8.7,정체,126.9119017412713788_37.5487305057125056|126.9123690393006569_37.5488358216645253|126.9125492819859886_37.5488764427686803|126.9126009251802998_37.5488890850710817
2026-09-04T18:34:05.570303+09:00,합정역,합정역,POI053,KEY_2,1130001606,양화로,1130021603,합정역교차로,126.9133979744090510_37.5491558635704337,1130021800,합정역8번출구,126.9126009251802998_37.5488890850710817,77.0,9.0,정체,126.9126009251802998_37.5488890850710817|126.9129239950553085_37.5489681728266333|126.9132139348755288_37.5490617432278029|126.9133979744090510_37.5491558635704337
2026-09-04T18:34:05.570303+09:00,합정역,합정역,POI053,KEY_2,1130002101,양화로,1130021601,합정역교차로,126.9134396891751067_37.5493101529960995,1130022800,합정역(서울2호선),126.9139380043217500_37.5496171809286139,56.0,6.0,정체,126.9139380043217500_37.5496171809286139|126.9138232146117105_37.5495337692831868|126.9134396891751067_37.5493101529960995
2026-09-04T18:34:05.570303+09:00,합정역,합정역,POI053,KEY_2,1130002102,양화로,1130022800,합정역(서울2호선),126.9139380043217500_37.5496171809286139,1130024304,누아갤러리,126.9154925570157388_37.5507467776258252,186.0,7.0,정체,126.9154925570157388_37.5507467776258252|126.9142500058633658_37.5498438974214181|126.9139380043217500_37.5496171809286139
2026-09-04T18:34:05.570303+09:00,합정역,합정역,POI053,KEY_2,1130002201,양화로,1130022400,합정역5번출구,126.9140295476794051_37.5495373218593258,1130021602,합정역교차로,126.9135099145764940_37.5492170875193594,58.0,13.0,정체,126.9135099145764940_37.5492170875193594|126.9139093521257280_37.5494499807109747|126.9140295476794051_37.5495373218593258
2026-09-04T18:34:05.570303+09:00,합정역,합정역,POI053,KEY_2,1130002202,양화로,1130073600,합정동 402,126.9143415490859326_37.5497640377180701,1130022400,합정역5번출구,126.9140295476794051_37.5495373218593258,37.0,25.0,원활,126.9140295476794051_37.5495373218593258|126.9143415490859326_37.5497640377180701
2026-09-04T18:34:05.570303+09:00,합정역,합정역,POI053,KEY_2,1130012505,독막로,1130136100,합정동 402,126.9148352538110629_37.5486026780129691,1130052100,합정역7번출구,126.9140173730645671_37.5487741682980598,75.0,19.5,서행,126.9140173730645671_37.5487741682980598|126.9143677077482124_37.5486995039643006|126.9148352538110629_37.5486026780129691
2026-09-04T18:34:05.570303+09:00,합정역,합정역,POI053,KEY_2,1130012601,독막로,1130021602,합정역교차로,126.9135099145764940_37.5492170875193594,1130021400,합정역6번출구,126.9140524865152884_37.5488786114665416,63.0,5.0,정체,126.9140524865152884_37.5488786114665416|126.9140042501253305_37.5488888909759595|126.9138569670299148_37.5489319720761685|126.9137636338956270_37.5489775269032293|126.9136434160954963_37.5490664775041694|126.9135099145764940_37.5492170875193594
2026-09-04T18:34:05.570303+09:00,합정역,합정역,POI053,KEY_2,1130012602,독막로,1130186000,합정동 402,126.9177339751904867_37.5481133092591222,1130020304,합정동 402,126.9183338437030670_37.5480000256765933,55.0,3.0,정체,126.9183338437030670_37.5480000256765933|126.9181046943702569_37.5480347619131436|126.9177339751904867_37.5481133092591222
2026-09-04T18:34:05.570303+09:00,합정역,합정역,POI053,KEY_2,1130012603,독막로,1130020301,합정동 402,126.9184724577285692_37.5479878247379446,1130020104,당인리사거리,126.9200163735166598_37.5479127310459049,137.0,8.0,정체,126.9200163735166598_37.5479127310459049|126.9184724577285692_37.5479878247379446
2026-09-04T18:34:05.570303+09:00,합정역,합정역,POI053,KEY_2,1130014101,월드컵로,1130021604,합정역교차로,126.9133271355590011_37.5492481379057494,1130022900,합정역9번출구,126.9130418149968449_37.5497885897765329,65.0,8.0,정체,126.9130418149968449_37.5497885897765329|126.9130982247336163_37.5496351327381603|126.9132269055929783_37.5494015408536583|126.9133271355590011_37.5492481379057494
2026-09-04T18:34:05.570303+09:00,합정역,합정역,POI053,KEY_2,1130014102,월드컵로,1130135600,합정동 402,126.9128188401226964_37.5505027227293695,1130025203,합정동주민센터,126.9124127492584506_37.5518459734548173,153.0,10.0,정체,126.9124127492584506_37.5518459734548173|126.9128188401226964_37.5505027227293695
2026-09-04T18:34:05.570303+09:00,합정역,합정역,POI053,KEY_2,1130014103,월드컵로,1130076100,합정동 426-38,126.9121437730441926_37.5527273387387908,1130026004,성산초교앞교차로,126.9116840665830637_37.5541751613641424,166.0,10.0,정체,126.9116840665830637_37.5541751613641424|126.9117399457097122_37.5540497782302225|126.9121437730441926_37.5527273387387908
2026-09-04T18:34:05.570303+09:00,합정역,합정역,POI053,KEY_2,1130014201,월드컵로,1130023000,합정역9번출구,126.9131721455813278_37.5498189592265703,1130021601,합정역교차로,126.9134396891751067_37.5493101529960995,61.0,37.0,원활,126.9134396891751067_37.5493101529960995|126.9133494569869924_37.5494482548088371|126.9132260984452927_37.5496721848271662|126.9131721455813278_37.5498189592265703
2026-09-04T18:34:05.570303+09:00,합정역,합정역,POI053,KEY_2,1130014202,월드컵로,1130025202,합정동주민센터,126.9125490838489583_37.5518570392708213,1130023000,합정역9번출구,126.9131721455813278_37.5498189592265703,233.0,19.0,서행,126.9131721455813278_37.5498189592265703|126.9131331753272036_37.5499249762533154|126.9129508683919170_37.5505280238880061|126.9125490838489583_37.5518570392708213
2026-09-04T18:34:05.570303+09:00,합정역,합정역,POI053,KEY_2,1130014203,월드컵로,1130076000,서교동 419-2,126.9122757323099222_37.5527528799291730,1130025201,합정동주민센터,126.9125164449968679_37.5519645743570578,90.0,18.0,서행,126.9125164449968679_37.5519645743570578|126.9124004277404225_37.5523445193010375|126.9122757323099222_37.5527528799291730
2026-09-04T18:34:05.570303+09:00,합정역,합정역,POI053,KEY_2,1130014301,동교로,1130024907,망원동211-43,126.9034465315685054_37.5516644094111740,1130005109,망원정사거리,126.9047886652220853_37.5520868600659128,128.0,24.5,서행,126.9047886652220853_37.5520868600659128|126.9041212381203536_37.5518767713203019|126.9034525233849280_37.5516662722900705|126.9034465315685054_37.5516644094111740
2026-09-04T18:34:05.570303+09:00,합정역,합정역,POI053,KEY_2,1130015101,동교로,1130063700,망원동 394-30,126.9061706467434902_37.5525344400519927,1130025404,망원동 394-30,126.9064616665168330_37.5526289096231380,28.0,17.0,서행,126.9064616665168330_37.5526289096231380|126.9061706467434902_37.5525344400519927
2026-09-04T18:34:05.570303+09:00,합정역,합정역,POI053,KEY_2,1130015102,동교로,1130134300,망원동 378-19,126.9109885347377400_37.5540892854917487,1130026005,성산초교앞교차로,126.9116312431169007_37.5542756338722938,61.0,17.0,서행,126.9116312431169007_37.5542756338722938|126.9114168624829375_37.5542274409565024|126.9109885347377400_37.5540892854917487
2026-09-04T18:34:05.570303+09:00,합정역,합정역,POI053,KEY_2,1130015201,동교로,1130190800,망원동 394-30,126.9058348256742477_37.5523086644254889,1130005107,망원정사거리,126.9051109710454455_37.5520736822240480,69.0,25.0,원활,126.9051109710454455_37.5520736822240480|126.9054727866373042_37.5521911377965623|126.9058348256742477_37.5523086644254889
2026-09-04T18:34:05.570303+09:00,합정역,합정역,POI053,KEY_2,1130015202,동교로,1130086800,망원동 394-30,126.9071685873662005_37.5527404272813783,1130025402,망원동 394-30,126.9066384824819806_37.5525694180905347,51.0,16.7,서행,126.9066384824819806_37.5525694180905347|126.9071685873662005_37.5527404272813783
2026-09-04T18:34:05.570303+09:00,합정역,합정역,POI053,KEY_2,1130051300,포은로,1130063900,합정동 441-34,126.9066598233272600_37.5522450186794572,1130025403,망원동 394-30,126.9065126723004227_37.5525287058559130,34.0,20.0,서행,126.9065126723004227_37.5525287058559130|126.9066598233272600_37.5522450186794572
2026-09-04T18:34:05.570303+09:00,합정역,합정역,POI053,KEY_2,1130016302,희우정로,1130005109,망원정사거리,126.9047886652220853_37.5520868600659128,1130005104,망원동397-5,126.9026414056871062_37.5535367246284864,249.0,11.0,정체,126.9026414056871062_37.5535367246284864|126.9031199330166686_37.5532132140255897|126.9034056646777913_37.5530200415522373|126.9042858127946261_37.5524249957153984|126.9046395349854492_37.5521858485710567|126.9047886652220853_37.5520868600659128
2026-09-04T18:34:05.570303+09:00,합정역,합정역,POI053,KEY_2,1130016401,희우정로,1130091800,망원동 397-5,126.9043737164451358_37.5525074096072515,1130005106,망원정사거리,126.9049321405859132_37.5521323908787252,65.0,17.0,서행,126.9049321405859132_37.5521323908787252|126.9047269699466938_37.5522685793953812|126.9043737164451358_37.5525074096072515
2026-09-04T18:34:05.570303+09:00,합정역,합정역,POI053,KEY_2,1130016601,동교로,1130112700,서교동 480-4,126.9128544885335685_37.5543811077444118,1130026003,성산초교앞교차로,126.9118165724208609_37.5542011783164611,94.0,22.0,서행,126.9118165724208609_37.5542011783164611|126.9128544885335685_37.5543811077444118
2026-09-04T18:34:05.570303+09:00,합정역,합정역,POI053,KEY_2,1130017600,월드컵로,1130269900,서교동 475-24,126.9110403993826708_37.5551324974902272,1130026001,성산초교앞교차로,126.9117481199565418_37.5543318244504860,109.0,10.0,정체,126.9117481199565418_37.5543318244504860|126.9117217336388137_37.5543764564183462|126.9115952004829921_37.5545358301992565|126.9110403993826708_37.5551324974902272
2026-09-04T18:34:05.570303+09:00,합정역,합정역,POI053,KEY_2,1130040300,토정로,1130093900,당인동 32-5,126.9190249087932756_37.5452938711510740,1130016703,정촌빌딩,126.9173355133907251_37.5453976341282143,150.0,14.0,정체,126.9173355133907251_37.5453976341282143|126.9179879318845536_37.5453575653633322|126.9186745789707089_37.5453153904837649|126.9190249087932756_37.5452938711510740
2026-09-04T18:34:05.570303+09:00,합정역,합정역,POI053,KEY_2,1130041101,토정로,1130183900,합정동 198-37,126.9125265728405765_37.5456473243354907,1130051902,양화진지하차도,126.9116494291067738_37.5456921203351399,78.0,22.0,서행,126.9116494291067738_37.5456921203351399|126.9125265728405765_37.5456473243354907
2026-09-04T18:34:05.570303+09:00,합정역,합정역,POI053,KEY_2,1130041102,양화진길,1130051902,양화진지하차도,126.9116494291067738_37.5456921203351399,1130020002,합정동 378-23,126.9123577034040693_37.5476409177885841,225.0,16.0,서행,126.9123577034040693_37.5476409177885841|126.9120955278425953_37.5469227221206481|126.9118933519104644_37.5463280646940518|126.9118639920289553_37.5462417080414497|126.9116494291067738_37.5456921203351399
2026-09-04T18:34:05.570303+09:00,합정역,합정역,POI053,KEY_2,1130041200,토정로,1130062500,합정동 404,126.9169479797956228_37.5455371484787008,1130016705,정촌빌딩,126.9171919837363589_37.5455165733101737,22.0,22.0,서행,126.9171919837363589_37.5455165733101737|126.9169479797956228_37.5455371484787008
2026-09-04T18:34:05.570303+09:00,합정역,합정역,POI053,KEY_2,1130041500,강변북로,1130018200,양화대교(북측),126.9102416078398505_37.5466718111709170,1130016600,잠두봉지하차도,126.9106610590066850_37.5454299420450894,148.0,25.0,정체,126.9106610590066850_37.5454299420450894|126.9103725279893240_37.5457364234116469|126.9103004095069025_37.5458612660095810|126.9102507538453466_37.5459862211416819|126.9102386300255318_37.5460994395440792|126.9102448257733329_37.5462634269317874|126.9102473956978230_37.5464124910196304|126.9102416078398505_37.5466718111709170
2026-09-04T18:34:05.570303+09:00,합정역,합정역,POI053,KEY_2,1130042300,강변북로,1130018200,양화대교(북측),126.9102416078398505_37.5466718111709170,1130017400,양화대교(북측),126.9083263926780347_37.5461870828408806,213.0,42.3,서행,126.9083263926780347_37.5461870828408806|126.9086815580021295_37.5460469364801028|126.9089104715153553_37.5459795194566013|126.9091091277169596_37.5459507036203561|126.9092925034494357_37.5459605637004188|126.9095168029035676_37.5460034206055084|126.9097221477106672_37.5460759910495838|126.9098898204880044_37.5461781842636242|126.9100273785922894_37.5463010934854751|126.9101199879446682_37.5464267596339738|126.9102416078398505_37.5466718111709170
2026-09-04T18:34:05.570303+09:00,합정역,합정역,POI053,KEY_2,1130043000,독막로8길,1130073900,합정동 402-1,126.9177526088323447_37.5463811553820648,1130016702,정촌빌딩,126.9173485910594650_37.5454940535949220,105.0,9.0,정체,126.9173485910594650_37.5454940535949220|126.9175285690358805_37.5458892339993113|126.9177526088323447_37.5463811553820648
2026-09-04T18:34:05.570303+09:00,합정역,합정역,POI053,KEY_2,1130043100,독막로8길,1130082900,합정동 402-1,126.9180671577792907_37.5473994313994197,1130020303,합정동 402,126.9182880539808735_37.5478969049352216,59.0,20.0,서행,126.9182880539808735_37.5478969049352216|126.9180671577792907_37.5473994313994197
2026-09-04T18:34:05.570303+09:00,합정역,합정역,POI053,KEY_2,1130043600,강변북로,1130017700,양화대교(북측),126.9091923154714152_37.5466689501214006,1130019000,양화대교(북측),126.9089758149120399_37.5472798488198407,269.0,7.0,정체,126.9089758149120399_37.5472798488198407|126.9092704009022299_37.5474014805923133|126.9095213494077257_37.5474838189884323|126.9096589738032463_37.5475035859526187|126.9098028895845260_37.5474852273027864|126.9099350121042136_37.5474429604955517|126.9100270967485216_37.5473820114679029|126.9100875149351708_37.5473167305853863|126.9101369139921047_37.5472245662991782|126.9101638016301052_37.5471382503673894|126.9101794580799663_37.5470518790335888|126.9101727697353823_37.5469504908747425|126.9101436876654674_37.5468400477573425|126.9100994191457374_37.5467563581366903|126.9100214803409585_37.5466695190838564|126.9099322148413620_37.5465945474034370|126.9098239967981527_37.5465492905363973|126.9097267976512313_37.5465309187861465|126.9096182270967574_37.5465303762252063|126.9095283045494966_37.5465388695537357|126.9093707102214665_37.5465827967285577|126.9091923154714152_37.5466689501214006
2026-09-04T18:34:05.570303+09:00,합정역,합정역,POI053,KEY_2,1130044800,강변북로,1130020600,양화대교(북측),126.9111269978420609_37.5485526161926089,1130018200,양화대교(북측),126.9102416078398505_37.5466718111709170,232.0,22.0,정체,126.9102416078398505_37.5466718111709170|126.9103448964562659_37.5473430570484155|126.9103986365779804_37.5476503707893841|126.9104238574202981_37.5477756999008818|126.9105048846684127_37.5479460230307964|126.9105824276039556_37.5480835372061037|126.9106640651950073_37.5481763558913002|126.9108350419256226_37.5483352032103284|126.9109652588307142_37.5484401893999191|126.9111269978420609_37.5485526161926089
2026-09-04T18:34:05.570303+09:00,합정역,합정역,POI053,KEY_2,1130045900,양화로,1130156400,합정동 380-8,126.9118151967610686_37.5482356448082584,1130021203,합정동 402,126.9117684440008702_37.5487013098127989,52.0,16.0,서행,126.9117684440008702_37.5487013098127989|126.9118151967610686_37.5482356448082584
2026-09-04T18:34:05.570303+09:00,합정역,합정역,POI053,KEY_2,1130046200,양화진길,1130148400,합정동 406,126.9120365373734387_37.5462972046876189,1130051901,양화진지하차도,126.9118049451303278_37.5457925206284528,60.0,16.0,서행,126.9118049451303278_37.5457925206284528|126.9118907104063112_37.5459270532487039|126.9119814830364277_37.5461349975885597|126.9120365373734387_37.5462972046876189
2026-09-04T18:34:05.570303+09:00,합정역,합정역,POI053,KEY_2,1130046300,양화진길,1130020001,합정동 406,126.9124089735466470_37.5477549671771911,1130021800,합정역8번출구,126.9126009251802998_37.5488890850710817,178.0,15.0,서행,126.9126009251802998_37.5488890850710817|126.9129052599318044_37.5488590463041163|126.9130897233898594_37.5488362968600953|126.9126784164114241_37.5482505084113853|126.9124089735466470_37.5477549671771911
2026-09-04T18:34:05.570303+09:00,합정역,합정역,POI053,KEY_2,1130047000,강변북로,1130020801,양화대교(북측),126.9101361694712296_37.5485270306192120,1130020700,양화대교(북측),126.9110864738484850_37.5486558094690892,85.0,9.0,정체,126.9110864738484850_37.5486558094690892|126.9102173533760265_37.5485274362036847|126.9101361694712296_37.5485270306192120
2026-09-04T18:34:05.570303+09:00,합정역,합정역,POI053,KEY_2,1130047200,강변북로,1130020901,한국전기전자시험연구원서울지원,126.9092400003074346_37.5485532513566937,1130020802,양화대교(북측),126.9099980412515833_37.5485263406705485,67.0,8.0,정체,126.9099980412515833_37.5485263406705485|126.9098848919468878_37.5485257755875352|126.9096197927881491_37.5485280272938056|126.9092400003074346_37.5485532513566937
2026-09-04T18:34:05.570303+09:00,합정역,합정역,POI053,KEY_2,1130047500,강변북로,1130021100,양화대교(북측),126.9082218508906692_37.5486104598507637,1130020902,한국전기전자시험연구원서울지원,126.9090527936751158_37.5485656841098177,74.0,12.0,정체,126.9090527936751158_37.5485656841098177|126.9085679039440464_37.5485978845830530|126.9082218508906692_37.5486104598507637
2026-09-04T18:34:05.570303+09:00,합정역,합정역,POI053,KEY_2,1130048500,양화로,1130022400,합정역5번출구,126.9140295476794051_37.5495373218593258,1130021400,합정역6번출구,126.9140524865152884_37.5488786114665416,86.0,12.0,정체,126.9140524865152884_37.5488786114665416|126.9139230246069445_37.5489343484288156|126.9138762522378556_37.5489900978359401|126.9138420413620167_37.5490572990694389|126.9138329563527492_37.5491459732028474|126.9138508086349617_37.5492446788838663|126.9140295476794051_37.5495373218593258
2026-09-04T18:34:05.570303+09:00,합정역,합정역,POI053,KEY_2,1130049000,양화로,1130052000,합정역8번출구,126.9125610162048474_37.5489924297706352,1130022900,합정역9번출구,126.9130418149968449_37.5497885897765329,105.0,14.0,정체,126.9130418149968449_37.5497885897765329|126.9130618100318912_37.5495401812596441|126.9130421428666295_37.5494586372446904|126.9130134806158026_37.5493885292777207|126.9129740362242984_37.5493212749275216|126.9129004782609655_37.5492368304858175|126.9125610162048474_37.5489924297706352
2026-09-04T18:34:05.570303+09:00,합정역,합정역,POI053,KEY_2,1130049100,포은로,1130159900,합정동 407,126.9090599403653243_37.5494558051850191,1130024204,양화진공원,126.9081052504389504_37.5502802985279587,124.0,17.0,서행,126.9081052504389504_37.5502802985279587|126.9090599403653243_37.5494558051850191
2026-09-04T18:34:05.570303+09:00,합정역,합정역,POI053,KEY_2,1130049200,포은로,1130087400,합정동 407,126.9099495376151907_37.5488516698183616,1130020801,양화대교(북측),126.9101361694712296_37.5485270306192120,41.0,16.0,서행,126.9101361694712296_37.5485270306192120|126.9101056044401190_37.5486532711152776|126.9100648038296697_37.5487471853466914|126.9100156633384415_37.5488022052165391|126.9099495376151907_37.5488516698183616
2026-09-04T18:34:05.570303+09:00,합정역,합정역,POI053,KEY_2,1130049300,양화로,1130023000,합정역9번출구,126.9131721455813278_37.5498189592265703,1130022800,합정역(서울2호선),126.9139380043217500_37.5496171809286139,76.0,17.0,서행,126.9139380043217500_37.5496171809286139|126.9136402094506622_37.5496006797627686|126.9135395936122848_37.5496106180248574|126.9134569354612267_37.5496277214884771|126.9133796540536849_37.5496562715165325|126.9131721455813278_37.5498189592265703
2026-09-04T18:34:05.570303+09:00,합정역,합정역,POI053,KEY_2,1130050900,희우정로,1130138600,합정동 442-13,126.9053671269604564_37.5517187628927047,1130005108,망원정사거리,126.9049245136665292_37.5520133571673611,52.0,24.7,서행,126.9049245136665292_37.5520133571673611|126.9049996895268606_37.5519980826211324|126.9050541918936830_37.5519753005798123|126.9053671269604564_37.5517187628927047
2026-09-04T18:34:05.570303+09:00,합정역,합정역,POI053,KEY_2,1130051000,희우정로,1130147700,합정동 407,126.9086182180221840_37.5491269928968379,1130020901,한국전기전자시험연구원서울지원,126.9092400003074346_37.5485532513566937,84.0,12.0,정체,126.9092400003074346_37.5485532513566937|126.9090294120417752_37.5487607496119153|126.9088628974909767_37.5489201303545315|126.9086182180221840_37.5491269928968379
2026-09-04T18:34:05.570303+09:00,합정역,합정역,POI053,KEY_2,1130051400,포은로,1130131100,합정동 436-31,126.9072140139262928_37.5511825775689090,1130024202,양화진공원,126.9081119283490011_37.5504322494886082,115.0,17.0,서행,126.9081119283490011_37.5504322494886082|126.9072341444415741_37.5511567441295568|126.9072140139262928_37.5511825775689090
2026-09-04T18:34:05.570303+09:00,합정역,합정역,POI053,KEY_2,1130051501,월드컵로5길,1130091000,합정동 407,126.9091548338343785_37.5510585332406777,1130024203,양화진공원,126.9082050934984238_37.5503535841661247,115.0,19.0,서행,126.9082050934984238_37.5503535841661247|126.9091548338343785_37.5510585332406777
2026-09-04T18:34:05.570303+09:00,합정역,합정역,POI053,KEY_2,1130051502,월드컵로5길,1130025203,합정동주민센터,126.9124127492584506_37.5518459734548173,1130024207,합정동주민센터,126.9110609932505014_37.5516236888938550,122.0,9.0,정체,126.9110609932505014_37.5516236888938550|126.9120426543793059_37.5517851162292402|126.9124127492584506_37.5518459734548173
2026-09-04T18:34:05.570303+09:00,합정역,합정역,POI053,KEY_2,1130051601,월드컵로5길,1130159000,합정동 426-6,126.9120151858922725_37.5518910005306523,1130025204,합정동주민센터,126.9123807963445927_37.5519511205839720,33.0,22.0,서행,126.9123807963445927_37.5519511205839720|126.9120151858922725_37.5518910005306523
2026-09-04T18:34:05.570303+09:00,합정역,합정역,POI053,KEY_2,1130051602,월드컵로5길,1130153500,합정동 430-13,126.9098042748595532_37.5515274185667920,1130024209,합정동주민센터,126.9109004564532199_37.5517076897151370,99.0,12.0,정체,126.9109004564532199_37.5517076897151370|126.9100423399230380_37.5515665701927546|126.9098042748595532_37.5515274185667920
2026-09-04T18:34:05.570303+09:00,합정역,합정역,POI053,KEY_2,1130051900,양화로7길,1130145700,서교동 492,126.9135974368144701_37.5520222797338405,1130025202,합정동주민센터,126.9125490838489583_37.5518570392708213,95.0,15.0,서행,126.9125490838489583_37.5518570392708213|126.9126682083433053_37.5518592833619991|126.9129354976850976_37.5518998472612608|126.9129556993787276_37.5519035838338127|126.9135974368144701_37.5520222797338405
2026-09-04T18:34:05.570303+09:00,합정역,합정역,POI053,KEY_2,1130052000,양화로7길,1130138000,서교동 419,126.9152338094359038_37.5512625596168448,1130024301,누아갤러리,126.9155934469087441_37.5508218968336536,58.0,7.0,정체,126.9155934469087441_37.5508218968336536|126.9153007619960079_37.5511871879382042|126.9152338094359038_37.5512625596168448
2026-09-04T18:34:05.570303+09:00,합정역,합정역,POI053,KEY_2,1130053300,포은로,1130154200,망원동 338-40,126.9064483679028399_37.5529482132002812,1130025401,망원동 394-30,126.9065874791183859_37.5526696222780956,33.0,14.5,정체,126.9065874791183859_37.5526696222780956|126.9064483679028399_37.5529482132002812
2026-09-04T18:34:05.570303+09:00,합정역,합정역,POI053,KEY_2,1130087400,양화로3길,1130115500,합정동 407,126.9115648474776918_37.5495020430743978,1130024208,합정동주민센터,126.9109279262303147_37.5516018062342454,240.0,9.0,정체,126.9109279262303147_37.5516018062342454|126.9111023091478216_37.5510270793224734|126.9113023466319703_37.5503436587212889|126.9115648474776918_37.5495020430743978
2026-09-04T18:34:05.570303+09:00,합정역,합정역,POI053,KEY_2,1130087500,양화로3길,1130115600,합정동 407,126.9116969527201491_37.5495270854960594,1130021201,합정동 402,126.9118842718870042_37.5488389364112436,78.0,21.0,서행,126.9118842718870042_37.5488389364112436|126.9118474626460227_37.5490170505902370|126.9116969527201491_37.5495270854960594
2026-09-04T18:34:05.570303+09:00,혜화역,혜화역,POI054,KEY_3,1000015503,창경궁로,1000120100,명륜4가 193-2,126.9985288416550162_37.5829009806544079,1000024004,성균관대입구교차로,126.9986638311449383_37.5830208076827219,18.0,27.0,원활,126.9986638311449383_37.5830208076827219|126.9985288416550162_37.5829009806544079
2026-09-04T18:34:05.570303+09:00,혜화역,혜화역,POI054,KEY_3,1000015901,대학로,1000236800,연건동 72-4,127.0021346925376946_37.5789034735153820,1000022603,한국방송통신대학교(본부),127.0021125194726324_37.5799473301568696,116.0,12.0,정체,127.0021125194726324_37.5799473301568696|127.0021203558879392_37.5795784131897079|127.0021346925376946_37.5789034735153820
2026-09-04T18:34:05.570303+09:00,혜화역,혜화역,POI054,KEY_3,1000015902,대학로,1000124400,명륜4가 96-5,127.0019273467155188_37.5817580324666949,1000023903,혜화역(서울4호선),127.0018302545112618_37.5823277329186567,64.0,12.0,정체,127.0018302545112618_37.5823277329186567|127.0019273467155188_37.5817580324666949
2026-09-04T18:34:05.570303+09:00,혜화역,혜화역,POI054,KEY_3,1000015903,대학로,1000202900,혜화동 142-1,127.0015583946770761_37.5838121669841811,1000024902,혜화동로터리,127.0012507868207052_37.5852575963595541,163.0,18.0,서행,127.0012507868207052_37.5852575963595541|127.0012954946977146_37.5851403426576383|127.0015151443531352_37.5840477506560759|127.0015583946770761_37.5838121669841811
2026-09-04T18:34:05.570303+09:00,혜화역,혜화역,POI054,KEY_3,1000016001,대학로,1000077100,연건동 1-4,127.0022561877208460_37.5795802406985615,1000020701,이화사거리,127.0022876778822081_37.5762198333443180,373.0,20.0,서행,127.0022876778822081_37.5762198333443180|127.0023282656139543_37.5764645289926591|127.0023018153618324_37.5775057466467217|127.0022922645341055_37.5778817090708159|127.0022834454863130_37.5782969256252741|127.0022705236376055_37.5789053010155030|127.0022561877208460_37.5795802406985615
2026-09-04T18:34:05.570303+09:00,혜화역,혜화역,POI054,KEY_3,1000016002,대학로,1000124500,동숭동 67-4,127.0020619699124040_37.5817725636609126,1000022601,한국방송통신대학교(본부),127.0022442668778240_37.5800599005851765,191.0,26.0,원활,127.0022442668778240_37.5800599005851765|127.0022178609099228_37.5805652414491789|127.0022131705630528_37.5806550016484948|127.0021794886454671_37.5809920829626023|127.0021433747690480_37.5812948986010511|127.0020619699124040_37.5817725636609126
2026-09-04T18:34:05.570303+09:00,혜화역,혜화역,POI054,KEY_3,1000016003,대학로,1000107300,동숭동 67-4,127.0018197389143069_37.5831364940714252,1000023901,혜화역(서울4호선),127.0019456426901030_37.5824506710265140,77.0,16.0,서행,127.0019456426901030_37.5824506710265140|127.0018197389143069_37.5831364940714252
2026-09-04T18:34:05.570303+09:00,혜화역,혜화역,POI054,KEY_3,1000017701,창경궁로,1000075400,명륜2가 4-1,127.0006454828255755_37.5850130052527689,1000025002,혜화동로터리,127.0009399906732597_37.5853547783758302,46.0,17.0,서행,127.0009399906732597_37.5853547783758302|127.0007320440542742_37.5851134590106781|127.0006454828255755_37.5850130052527689
2026-09-04T18:34:05.570303+09:00,혜화역,혜화역,POI054,KEY_3,1000017801,창경궁로,1000087700,명륜2가 168-2,126.9993716108596118_37.5834928951299361,1000024002,성균관대입구교차로,126.9988439471047315_37.5830191594735439,70.0,9.0,정체,126.9988439471047315_37.5830191594735439|126.9993716108596118_37.5834928951299361
2026-09-04T18:34:05.570303+09:00,혜화역,혜화역,POI054,KEY_3,1000019001,성균관로,1000178200,명륜2가 204-1,126.9983129803109563_37.5835686144698613,1000024001,성균관대입구교차로,126.9987566656751170_37.5831037931408574,65.0,14.5,정체,126.9987566656751170_37.5831037931408574|126.9987062683989052_37.5831610623215369|126.9983129803109563_37.5835686144698613
2026-09-04T18:34:05.570303+09:00,혜화역,혜화역,POI054,KEY_3,1000019401,창경궁로,1000025301,혜화동로터리,127.0014820459859806_37.5857949668899423,1000025001,혜화동로터리,127.0010427623787166_37.5852828685383429,69.0,30.0,원활,127.0010427623787166_37.5852828685383429|127.0012603459444875_37.5855353690346234|127.0014820459859806_37.5857949668899423
2026-09-04T18:34:05.570303+09:00,혜화역,혜화역,POI054,KEY_3,1000037300,대학로.창경궁로.사이길,1000022603,한국방송통신대학교(본부),127.0021125194726324_37.5799473301568696,1000021801,서울대학교병원,126.9999250498313188_37.5790799916106337,234.0,13.0,정체,126.9999250498313188_37.5790799916106337|126.9999582925761530_37.5791735370360058|127.0000242879586523_37.5793082716843685|127.0001113530142334_37.5794320871287724|127.0001968016411524_37.5795253200711130|127.0002891946536181_37.5795862468942587|127.0004562226640843_37.5796532695046324|127.0014768206154230_37.5799259793942610|127.0015759343299493_37.5799389443158844|127.0021125194726324_37.5799473301568696
2026-09-04T18:34:05.570303+09:00,혜화역,혜화역,POI054,KEY_3,1000037400,대학로.창경궁로.사이길,1000021804,서울대학교병원,126.9997943261698339_37.5791094160175589,1000022604,한국방송통신대학교(본부),127.0021085317335547_37.5800554081267109,249.0,15.0,서행,127.0021085317335547_37.5800554081267109|127.0015635196683945_37.5800468907569041|127.0014439712545311_37.5800312519269823|127.0004037537713657_37.5797532998443131|127.0002143337454470_37.5796772915910893|127.0000970514567342_37.5795999531285929|126.9999967882396703_37.5794905553830176|126.9999011375092977_37.5793545286769728|126.9998293471492445_37.5792079639012684|126.9997943261698339_37.5791094160175589
2026-09-04T18:34:05.570303+09:00,혜화역,혜화역,POI054,KEY_3,1000039000,대학로11길,1000034800,명륜4가 82-6,127.0007214609778856_37.5823234224516582,1000023904,혜화역(서울4호선),127.0018112128841636_37.5824350409261996,97.0,10.0,정체,127.0018112128841636_37.5824350409261996|127.0013170961387061_37.5824067215044337|127.0011475248667807_37.5823910766211640|127.0007214609778856_37.5823234224516582
2026-09-04T18:34:05.570303+09:00,혜화역,혜화역,POI054,KEY_3,1000039800,창경궁로,1000024902,혜화동로터리,127.0012507868207052_37.5852575963595541,1000025001,혜화동로터리,127.0010427623787166_37.5852828685383429,19.0,18.0,서행,127.0010427623787166_37.5852828685383429|127.0010750786859717_37.5852722322397241|127.0011514658529279_37.5852579282541015|127.0012383383490402_37.5852555433470172|127.0012507868207052_37.5852575963595541
2026-09-04T18:34:05.570303+09:00,혜화역,혜화역,POI054,KEY_3,1000039900,창경궁로,1000025301,혜화동로터리,127.0014820459859806_37.5857949668899423,1000024901,혜화동로터리,127.0013812786190641_37.5852877246657400,67.0,16.0,서행,127.0013812786190641_37.5852877246657400|127.0014090861534584_37.5852960681010373|127.0014914662075114_37.5853520881352452|127.0015543752309242_37.5854176435789853|127.0015933195411719_37.5854927354248147|127.0016082988245216_37.5855654435582309|127.0015978153254110_37.5856453041188914|127.0015648653472908_37.5857072856721359|127.0015019588968812_37.5857823788507091|127.0014820459859806_37.5857949668899423
2026-09-04T18:34:05.570303+09:00,홍대입구역(2호선),홍대입구역(2호선),POI055,KEY_4,1130002502,양화로,1130025901,서교동 427,126.9198881225875368_37.5540412931764607,1130027404,홍대입구역앞교차로,126.9214584654919236_37.5552173006732275,190.0,14.0,정체,126.9214584654919236_37.5552173006732275|126.9198881225875368_37.5540412931764607
2026-09-04T18:34:05.570303+09:00,홍대입구역(2호선),홍대입구역(2호선),POI055,KEY_4,1130003701,양화로,1130273800,동교동 155-55,126.9227158165769538_37.5561519142828715,1130030004,홍대입구역(서울2호선),126.9240038282710827_37.5571089892898087,156.0,7.3,정체,126.9240038282710827_37.5571089892898087|126.9227158165769538_37.5561519142828715
2026-09-04T18:34:05.570303+09:00,홍대입구역(2호선),홍대입구역(2호선),POI055,KEY_4,1130003702,양화로,1130030001,홍대입구역(서울2호선),126.9241024975835899_37.5571832879291989,1130031303,대성카센터,126.9247680509792247_37.5576912738708160,81.0,8.0,정체,126.9247680509792247_37.5576912738708160|126.9241024975835899_37.5571832879291989
2026-09-04T18:34:05.570303+09:00,홍대입구역(2호선),홍대입구역(2호선),POI055,KEY_4,1130003703,양화로,1130260400,동교동 155-54,126.9256281988244410_37.5583324442910680,1130032300,동교동삼거리,126.9260758648074869_37.5586455831952080,53.0,8.0,정체,126.9260758648074869_37.5586455831952080|126.9259516460622734_37.5585781495251254|126.9256756439668692_37.5583677527849815|126.9256281988244410_37.5583324442910680
2026-09-04T18:34:05.570303+09:00,홍대입구역(2호선),홍대입구역(2호선),POI055,KEY_4,1130003801,양화로,1130273900,동교동 155-55,126.9228084843940536_37.5560728745735588,1130027402,홍대입구역앞교차로,126.9216455946868933_37.5552087411659343,141.0,24.0,서행,126.9216455946868933_37.5552087411659343|126.9228084843940536_37.5560728745735588
2026-09-04T18:34:05.570303+09:00,홍대입구역(2호선),홍대입구역(2호선),POI055,KEY_4,1130015901,홍익로,1130154700,서교동 427,126.9220359643673390_37.5546826076917313,1130027403,홍대입구역앞교차로,126.9215460181029016_37.5551344303407504,66.0,6.0,정체,126.9215460181029016_37.5551344303407504|126.9217237952683917_37.5549495724854268|126.9220359643673390_37.5546826076917313
2026-09-04T18:34:05.570303+09:00,홍대입구역(2호선),홍대입구역(2호선),POI055,KEY_4,1130015902,홍익로,1130109300,서교동 406,126.9231648679629956_37.5537171543489379,1130005308,서교푸르지오아파트,126.9225993071129750_37.5542008340247122,73.0,11.5,정체,126.9225993071129750_37.5542008340247122|126.9228527697001851_37.5539840685397763|126.9231648679629956_37.5537171543489379
2026-09-04T18:34:05.570303+09:00,홍대입구역(2호선),홍대입구역(2호선),POI055,KEY_4,1130016002,홍익로,1130119400,동교동 155-55,126.9224863431878845_37.5544561207342085,1130005306,속성변화점,126.9226010481489340_37.5543580239452197,15.0,7.0,정체,126.9226010481489340_37.5543580239452197|126.9224863431878845_37.5544561207342085
2026-09-04T18:34:05.570303+09:00,홍대입구역(2호선),홍대입구역(2호선),POI055,KEY_4,1130016702,동교로,1130238700,서교동 446-18,126.9190392211144172_37.5556218287363777,1130028604,롯데호텔L7(홍대),126.9204652226422638_37.5560637316398740,135.0,20.0,서행,126.9204652226422638_37.5560637316398740|126.9198761792323324_37.5558814033141104|126.9196325327701231_37.5558059855936079|126.9193242097296093_37.5557102862871091|126.9191763653079903_37.5556643970031701|126.9190392211144172_37.5556218287363777
2026-09-04T18:34:05.570303+09:00,홍대입구역(2호선),홍대입구역(2호선),POI055,KEY_4,1130016900,월드컵북로,1130267400,서교동 427,126.9210494203991146_37.5555664569088208,1130028603,롯데호텔L7(홍대),126.9205661479972775_37.5559789666732442,63.0,7.0,정체,126.9205661479972775_37.5559789666732442|126.9210494203991146_37.5555664569088208
2026-09-04T18:34:05.570303+09:00,홍대입구역(2호선),홍대입구역(2호선),POI055,KEY_4,1130017000,월드컵북로,1130267500,동교동 155-55,126.9211487362349544_37.5556402014086004,1130027401,홍대입구역앞교차로,126.9215575669487777_37.5552912277757187,53.0,8.0,정체,126.9215575669487777_37.5552912277757187|126.9211487362349544_37.5556402014086004
2026-09-04T18:34:05.570303+09:00,홍대입구역(2호선),홍대입구역(2호선),POI055,KEY_4,1130018301,동교로,1130234800,동교동 201-12,126.9223714576705504_37.5573415856685884,1130031703,우성빌딩,126.9229594770721690_37.5579740539319573,88.0,6.0,정체,126.9229594770721690_37.5579740539319573|126.9225761142016040_37.5575121455362435|126.9224853349252271_37.5574284446085400|126.9223714576705504_37.5573415856685884
2026-09-04T18:34:05.570303+09:00,홍대입구역(2호선),홍대입구역(2호선),POI055,KEY_4,1130018302,동교로,1130031704,우성빌딩,126.9230362835969004_37.5580664636773349,1130032103,동교동 151-3,126.9232918768675518_37.5583894534776732,42.0,19.0,서행,126.9232918768675518_37.5583894534776732|126.9231947644524467_37.5582569650777955|126.9230362835969004_37.5580664636773349
2026-09-04T18:34:05.570303+09:00,홍대입구역(2호선),홍대입구역(2호선),POI055,KEY_4,1130018401,동교로,1130236400,동교동 193-1,126.9218939397593573_37.5568917656500219,1130028602,롯데호텔L7(홍대),126.9207044539840865_37.5560194307797488,153.0,24.0,서행,126.9207044539840865_37.5560194307797488|126.9213020185727601_37.5561898308273214|126.9213990027508032_37.5562174862381255|126.9214983639262613_37.5562825737130197|126.9215763902692657_37.5563664435403197|126.9217678851206443_37.5567011225728038|126.9218286112969025_37.5568118746297515|126.9218939397593573_37.5568917656500219
2026-09-04T18:34:05.570303+09:00,홍대입구역(2호선),홍대입구역(2호선),POI055,KEY_4,1130018402,동교로,1130032102,동교동 192-4,126.9234091793915979_37.5583349617897966,1130031701,우성빌딩,126.9231327245934153_37.5579865800830248,46.0,26.0,원활,126.9231327245934153_37.5579865800830248|126.9233101249413238_37.5581998231503391|126.9234091793915979_37.5583349617897966
2026-09-04T18:34:05.570303+09:00,홍대입구역(2호선),홍대입구역(2호선),POI055,KEY_4,1130018403,동교로,1130267100,동교동 193-1,126.9236924952947447_37.5590020505672726,1130032101,동교동 192-4,126.9234766820471947_37.5584553758656909,64.0,16.0,서행,126.9234766820471947_37.5584553758656909|126.9235707625761904_37.5586374586260803|126.9236499224741550_37.5588562655902223|126.9236924952947447_37.5590020505672726
2026-09-04T18:34:05.570303+09:00,홍대입구역(2호선),홍대입구역(2호선),POI055,KEY_4,1130018601,월드컵북로,1130260800,동교동 205-15,126.9201047852547219_37.5565208181069323,1130028601,롯데호텔L7(홍대),126.9206030650937720_37.5561053644053331,64.0,22.0,서행,126.9206030650937720_37.5561053644053331|126.9201047852547219_37.5565208181069323
2026-09-04T18:34:05.570303+09:00,홍대입구역(2호선),홍대입구역(2호선),POI055,KEY_4,1130056000,동교로,1130244700,동교동 192-44,126.9235969752971585_37.5574460002231092,1130031702,우성빌딩,126.9230559412983723_37.5578941512089344,69.0,4.0,정체,126.9230559412983723_37.5578941512089344|126.9235969752971585_37.5574460002231092
2026-09-04T18:34:05.570303+09:00,홍대입구역(2호선),홍대입구역(2호선),POI055,KEY_4,1130056100,동교로,1130244800,동교동 192-44,126.9236948948308594_37.5575209206440874,1130030001,홍대입구역(서울2호선),126.9241024975835899_37.5571832879291989,52.0,8.0,정체,126.9241024975835899_37.5571832879291989|126.9236948948308594_37.5575209206440874
2026-09-04T18:34:05.570303+09:00,홍대입구역(2호선),홍대입구역(2호선),POI055,KEY_4,1130056500,양화로19길,1130269400,동교동 192-44,126.9242827846036619_37.5579718887892824,1130032102,동교동 192-4,126.9234091793915979_37.5583349617897966,93.0,8.0,정체,126.9234091793915979_37.5583349617897966|126.9235741468609007_37.5583601799000988|126.9237435175153621_37.5583522399045222|126.9237886059845266_37.5583215233953140|126.9242827846036619_37.5579718887892824
2026-09-04T18:34:05.570303+09:00,홍대입구역(2호선),홍대입구역(2호선),POI055,KEY_4,1130056600,양화로19길,1130269300,동교동 192-44,126.9243730039212181_37.5580527040690697,1130031304,대성카센터,126.9248672211749920_37.5577661204474040,54.0,8.0,정체,126.9248672211749920_37.5577661204474040|126.9247523387008556_37.5578433291799882|126.9243935191233703_37.5580381892432413|126.9243730039212181_37.5580527040690697
2026-09-04T18:34:05.570303+09:00,홍대입구역(2호선),홍대입구역(2호선),POI055,KEY_4,1130087300,어울마당로,1130121700,서교동 365-1,126.9222448191466555_37.5539062487640578,1130005309,서교푸르지오아파트,126.9225016470744691_37.5542843540505018,48.0,18.0,서행,126.9225016470744691_37.5542843540505018|126.9222449850932577_37.5539064976814032|126.9222448191466555_37.5539062487640578
2026-09-04T18:34:05.570303+09:00,회기역,회기역,POI056,KEY_1,1050017001,이문로,1050027600,시조사삼거리,127.0540465630913332_37.5885443925608271,1050027502,시조사삼거리,127.0538253192589622_37.5883242468388588,31.0,26.0,원활,127.0538253192589622_37.5883242468388588|127.0540465630913332_37.5885443925608271
2026-09-04T18:34:05.570303+09:00,회기역,회기역,POI056,KEY_1,1050002000,왕산로,1050147000,청량리동 2-3,127.0521740305288034_37.5865914207080749,1050027504,시조사삼거리,127.0536344497994889_37.5883081964527719,230.0,16.0,서행,127.0536344497994889_37.5883081964527719|127.0533693812412537_37.5880506891911281|127.0532821315917147_37.5879582237014773|127.0531884417398345_37.5878589333261814|127.0530786029586778_37.5877401031031511|127.0529453852549864_37.5875668506956302|127.0521740305288034_37.5865914207080749
2026-09-04T18:34:05.570303+09:00,회기역,회기역,POI056,KEY_1,1050002103,왕산로,1050027503,시조사삼거리,127.0537378944253106_37.5882380693253708,1050027200,시조사삼거리,127.0533907788699821_37.5878933031426641,49.0,7.0,정체,127.0533907788699821_37.5878933031426641|127.0534763062884451_37.5879839430212641|127.0537378944253106_37.5882380693253708
2026-09-04T18:34:05.570303+09:00,회기역,회기역,POI056,KEY_1,1050002401,망우로,1050027502,시조사삼거리,127.0538253192589622_37.5883242468388588,1050027400,시조사삼거리,127.0541206187562437_37.5882076514237013,29.0,22.0,서행,127.0541206187562437_37.5882076514237013|127.0538253192589622_37.5883242468388588
2026-09-04T18:34:05.570303+09:00,회기역,회기역,POI056,KEY_1,1050002403,망우로,1050164800,휘경동 255-20,127.0566271995283927_37.5885646497494079,1050027904,회기역(경춘선),127.0587229978746819_37.5891560770667468,196.0,42.0,원활,127.0587229978746819_37.5891560770667468|127.0566271995283927_37.5885646497494079
2026-09-04T18:34:05.570303+09:00,회기역,회기역,POI056,KEY_1,1050002404,망우로,1050084600,삼육서울병원앞교차로,127.0623833137998986_37.5902061896011475,1050001303,위생병원앞교차로,127.0632484265541677_37.5904597865263526,81.0,15.0,서행,127.0632484265541677_37.5904597865263526|127.0623833137998986_37.5902061896011475
2026-09-04T18:34:05.570303+09:00,회기역,회기역,POI056,KEY_1,1050002501,망우로,1050027300,시조사삼거리,127.0541999989331146_37.5880556130543226,1050027503,시조사삼거리,127.0537378944253106_37.5882380693253708,46.0,10.0,정체,127.0537378944253106_37.5882380693253708|127.0541999989331146_37.5880556130543226
2026-09-04T18:34:05.570303+09:00,회기역,회기역,POI056,KEY_1,1050002502,망우로,1050156600,휘경동 312-263,127.0549127142937778_37.5877972441917763,1050027300,시조사삼거리,127.0541999989331146_37.5880556130543226,69.0,10.0,정체,127.0541999989331146_37.5880556130543226|127.0543490059122718_37.5879967791021912|127.0544022892117368_37.5879769619772119|127.0548019834277511_37.5878283065988015|127.0549127142937778_37.5877972441917763
2026-09-04T18:34:05.570303+09:00,회기역,회기역,POI056,KEY_1,1050002503,망우로,1050103800,휘경동 312-263,127.0558877492230181_37.5880681398638501,1050027101,동원빌딩,127.0554260527593158_37.5878153625107885,50.0,8.0,정체,127.0554260527593158_37.5878153625107885|127.0555870241268650_37.5878875753104609|127.0558877492230181_37.5880681398638501
2026-09-04T18:34:05.570303+09:00,회기역,회기역,POI056,KEY_1,1050016901,이문로,1050149700,회기동 67-7,127.0549874556031256_37.5894380701676880,1050028505,회기역앞교차로,127.0558403986045448_37.5900485574702969,101.0,9.0,정체,127.0558403986045448_37.5900485574702969|127.0556480315051289_37.5899387594113605|127.0549874556031256_37.5894380701676880
2026-09-04T18:34:05.570303+09:00,회기역,회기역,POI056,KEY_1,1050017002,이문로,1050176700,회기동 67-7,127.0548704471611074_37.5892000639472741,1050027600,시조사삼거리,127.0540465630913332_37.5885443925608271,103.0,30.0,원활,127.0540465630913332_37.5885443925608271|127.0541853301977540_37.5886824691056205|127.0544431845224977_37.5888767060216864|127.0545488681346455_37.5889563150846513|127.0548704471611074_37.5892000639472741
2026-09-04T18:34:05.570303+09:00,회기역,회기역,POI056,KEY_1,1050017300,망우로21길,1050122600,휘경동 255-3,127.0617591501848125_37.5904134381428037,1050001304,위생병원앞교차로,127.0634908901715221_37.5905309344400962,155.0,20.0,서행,127.0634908901715221_37.5905309344400962|127.0632178369145322_37.5905750550639510|127.0630916165366955_37.5905790878648816|127.0626126576069339_37.5905162329112414|127.0623131575363232_37.5904642275628262|127.0617591501848125_37.5904134381428037
2026-09-04T18:34:05.570303+09:00,회기역,회기역,POI056,KEY_1,1050017400,망우로21길,1050001303,위생병원앞교차로,127.0632484265541677_37.5904597865263526,1050027901,회기역(경춘선),127.0588509533018708_37.5891924358330769,487.0,14.0,정체,127.0588509533018708_37.5891924358330769|127.0586222408351631_37.5896998569228415|127.0586234850224088_37.5897155353725907|127.0586558907976809_37.5897438653915401|127.0593663615114792_37.5901249299453752|127.0594071724264751_37.5901360700027922|127.0596966741023550_37.5901535169629497|127.0605348267827281_37.5902040245941436|127.0608602792811297_37.5902236349527001|127.0609061683020826_37.5902263999534085|127.0617747012593099_37.5903060296202796|127.0623354714367110_37.5903574392000976|127.0626382121015610_37.5904100067944142|127.0631000327965552_37.5904706129225801|127.0632014876607059_37.5904673709321102|127.0632484265541677_37.5904597865263526
2026-09-04T18:34:05.570303+09:00,회기역,회기역,POI056,KEY_1,1050017901,회기로,1050108200,회기동 45-41,127.0528521200719609_37.5914237853785167,1050029502,경희대삼거리,127.0523710951539016_37.5915377474733887,45.0,6.0,정체,127.0523710951539016_37.5915377474733887|127.0523876709606839_37.5915392918076137|127.0525137901161372_37.5915202005053146|127.0527658907962945_37.5914653690270413|127.0528442171102199_37.5914282626685718|127.0528521200719609_37.5914237853785167
2026-09-04T18:34:05.570303+09:00,회기역,회기역,POI056,KEY_1,1050018000,회기로,1050090700,회기동 346-34,127.0554194809867994_37.5903301444166829,1050028506,회기역앞교차로,127.0559329204722445_37.5901284797674222,51.0,14.0,정체,127.0559329204722445_37.5901284797674222|127.0558069727111103_37.5902037400693985|127.0554194809867994_37.5903301444166829
2026-09-04T18:34:05.570303+09:00,회기역,회기역,POI056,KEY_1,1050018700,회기로,1050163600,회기동 60-1,127.0507843845696527_37.5915013641051914,1050029504,경희대삼거리,127.0522433043757928_37.5916108396205715,142.0,20.7,서행,127.0522433043757928_37.5916108396205715|127.0521821091064680_37.5915621986856294|127.0521299877231201_37.5914887692426234|127.0520751335120195_37.5914483983794412|127.0520098849486175_37.5914078816053774|127.0519034946834296_37.5913797147717617|127.0517947991007759_37.5913645006145458|127.0517866259030058_37.5913650351109823|127.0516920880945833_37.5913712174869730|127.0516245575307437_37.5913854433012133|127.0515727328529181_37.5913963605241577|127.0513870021773783_37.5914444346731500|127.0512414282786153_37.5914704654519269|127.0510708375150699_37.5914862788164186|127.0507843845696527_37.5915013641051914
2026-09-04T18:34:05.570303+09:00,회기역,회기역,POI056,KEY_1,1050019200,경희대로,1050146600,회기동 16-9,127.0525711480171935_37.5925999739552665,1050029501,경희대삼거리,127.0523841820177466_37.5916478245289412,107.0,18.0,서행,127.0523841820177466_37.5916478245289412|127.0524323066177885_37.5920526103703097|127.0525711480171935_37.5925999739552665
2026-09-04T18:34:05.570303+09:00,회기역,회기역,POI056,KEY_1,1050019502,이문로,1050030104,청량초교,127.0577394956087574_37.5928251591112073,1050030203,이문동 346-131,127.0580271875429759_37.5932372410084241,52.0,26.0,원활,127.0580271875429759_37.5932372410084241|127.0577394956087574_37.5928251591112073
2026-09-04T18:34:05.570303+09:00,회기역,회기역,POI056,KEY_1,1050019504,이문로,1050129400,이문동 346-131,127.0573694032562599_37.5922660294926700,1050030103,청량초교,127.0576749762335425_37.5927299944141922,58.0,27.0,원활,127.0576749762335425_37.5927299944141922|127.0573694032562599_37.5922660294926700
2026-09-04T18:34:05.570303+09:00,회기역,회기역,POI056,KEY_1,1050019505,이문로,1050028506,회기역앞교차로,127.0559329204722445_37.5901284797674222,1050028513,휘경동321-20,127.0565232575148826_37.5909981942095399,110.0,4.0,정체,127.0565232575148826_37.5909981942095399|127.0559329204722445_37.5901284797674222
2026-09-04T18:34:05.570303+09:00,회기역,회기역,POI056,KEY_1,1050019602,이문로,1050030202,이문동 346-131,127.0581459663800246_37.5931847359417901,1050030101,청량초교,127.0578582739937303_37.5927726543307941,52.0,8.0,정체,127.0578582739937303_37.5927726543307941|127.0581459663800246_37.5931847359417901
2026-09-04T18:34:05.570303+09:00,회기역,회기역,POI056,KEY_1,1050019604,이문로,1050028511,속성변화점,127.0567073781321454_37.5910419415285659,1050028503,회기역앞교차로,127.0560411463774244_37.5900604187410963,124.0,8.0,정체,127.0560411463774244_37.5900604187410963|127.0566428056983597_37.5909468118858783|127.0567073781321454_37.5910419415285659
2026-09-04T18:34:05.570303+09:00,회기역,회기역,POI056,KEY_1,1050019605,이문로,1050171300,휘경동 183-52,127.0569053681512202_37.5913336230820647,1050028511,속성변화점,127.0567073781321454_37.5910419415285659,37.0,8.0,정체,127.0567073781321454_37.5910419415285659|127.0569053681512202_37.5913336230820647
2026-09-04T18:34:05.570303+09:00,회기역,회기역,POI056,KEY_1,1050045000,서울시립대로29길,1050057500,휘경동 312-67,127.0551709010215689_37.5872097744655633,1050027102,동원빌딩,127.0552792290295940_37.5877668966272154,63.0,13.0,정체,127.0552792290295940_37.5877668966272154|127.0551861067910551_37.5872848038543452|127.0551730839952285_37.5872110997316824|127.0551709010215689_37.5872097744655633
2026-09-04T18:34:05.570303+09:00,회기역,회기역,POI056,KEY_1,1050045700,망우로,1050027300,시조사삼거리,127.0541999989331146_37.5880556130543226,1050027200,시조사삼거리,127.0533907788699821_37.5878933031426641,76.0,17.0,서행,127.0533907788699821_37.5878933031426641|127.0536217637957321_37.5880161289625931|127.0537753139503394_37.5880458576351089|127.0539101309762913_37.5880606949511815|127.0540411940321093_37.5880636155024845|127.0541999989331146_37.5880556130543226
2026-09-04T18:34:05.570303+09:00,회기역,회기역,POI056,KEY_1,1050045800,망우로,1050027600,시조사삼거리,127.0540465630913332_37.5885443925608271,1050027400,시조사삼거리,127.0541206187562437_37.5882076514237013,42.0,20.3,서행,127.0541206187562437_37.5882076514237013|127.0541037664381037_37.5882183007721338|127.0540247436433390_37.5883060639055344|127.0539888628242409_37.5883995276613447|127.0540026641759823_37.5884802457704197|127.0540465630913332_37.5885443925608271
2026-09-04T18:34:05.570303+09:00,회기역,회기역,POI056,KEY_1,1050046801,회기로31길,1050136100,회기동 346-33,127.0560943182206870_37.5898996187215104,1050028504,회기역앞교차로,127.0559516903433490_37.5899790240485743,15.0,13.0,정체,127.0559516903433490_37.5899790240485743|127.0560270041918756_37.5899281520509376|127.0560943182206870_37.5898996187215104
2026-09-04T18:34:05.570303+09:00,회기역,회기역,POI056,KEY_1,1050047600,이문로9길,1050177600,이문동 345-4,127.0572646789287603_37.5930223292243824,1050030104,청량초교,127.0577394956087574_37.5928251591112073,47.0,16.0,서행,127.0577394956087574_37.5928251591112073|127.0572646789287603_37.5930223292243824
2026-09-04T18:34:05.570303+09:00,회기역,회기역,POI056,KEY_1,1050056200,이문로1길,1050122100,회기동 65-142,127.0534051830155704_37.5886976397466412,1050027501,시조사삼거리,127.0537232490909645_37.5883957922412506,44.0,6.0,정체,127.0537232490909645_37.5883957922412506|127.0536258598978634_37.5885065292228262|127.0534051830155704_37.5886976397466412
2026-09-04T23:16:36.811991+09:00,경복궁,경복궁,POI008,KEY_1,1000010600,새문안로5길,1000019302,정부서울청사사거리,126.9743957431224146_37.5756988655088620,1000015501,정부중앙청사별관,126.9745359191347660_37.5741633893777163,171.0,9.0,정체,126.9745359191347660_37.5741633893777163|126.9745251838795923_37.5743178497332622|126.9743883747213147_37.5754949317932088|126.9743883466303203_37.5755769520238516|126.9743957431224146_37.5756988655088620
2026-09-04T23:16:36.811991+09:00,경복궁,경복궁,POI008,KEY_1,1000011700,사직로,1000019303,정부서울청사사거리,126.9742603998069796_37.5757097304571062,1000019802,경복궁역사거리,126.9727094012703503_37.5758424186585529,138.0,29.0,원활,126.9727094012703503_37.5758424186585529|126.9729390930378230_37.5758227698022793|126.9733793101036952_37.5757851103966303|126.9742603998069796_37.5757097304571062
2026-09-04T23:16:36.811991+09:00,경복궁,경복궁,POI008,KEY_1,1000011800,사직로,1000242400,적선동 8-1,126.9733938280741512_37.5758926104395314,1000019304,정부서울청사사거리,126.9742589191568953_37.5758185992423250,77.0,26.0,원활,126.9742589191568953_37.5758185992423250|126.9733938280741512_37.5758926104395314
2026-09-04T23:16:36.811991+09:00,경복궁,경복궁,POI008,KEY_1,1000012001,사직로,1000018500,광화문,126.9756248255992830_37.5755943672526271,1000019302,정부서울청사사거리,126.9743957431224146_37.5756988655088620,109.0,29.0,원활,126.9743957431224146_37.5756988655088620|126.9754810818243271_37.5756177185546321|126.9756248255992830_37.5755943672526271
2026-09-04T23:16:36.811991+09:00,경복궁,경복궁,POI008,KEY_1,1000012101,사직로,1000003601,광화문삼거리,126.9772026040190127_37.5752961563211159,1000020200,경복궁,126.9786283706113750_37.5757946408291801,142.0,18.0,서행,126.9786283706113750_37.5757946408291801|126.9780494814518477_37.5757270176835334|126.9778051553330869_37.5756687993840117|126.9775841152535918_37.5755595455980540|126.9773389726312587_37.5753713360195221|126.9772665949307680_37.5753228898854132|126.9772026040190127_37.5752961563211159
2026-09-04T23:16:36.811991+09:00,경복궁,경복궁,POI008,KEY_1,1000012102,사직로,1000020200,경복궁,126.9786283706113750_37.5757946408291801,1000019704,경복궁사거리,126.9793621536958312_37.5759001150550986,66.0,30.0,원활,126.9793621536958312_37.5759001150550986|126.9791440605087161_37.5758645700478056|126.9786283706113750_37.5757946408291801
2026-09-04T23:16:36.811991+09:00,경복궁,경복궁,POI008,KEY_1,1000012203,사직로,1000019703,경복궁사거리,126.9793107532419185_37.5757813746508091,1000019100,경복궁,126.9786480964121154_37.5756876675167888,59.0,31.3,원활,126.9786480964121154_37.5756876675167888|126.9791690991976765_37.5757582877498706|126.9793107532419185_37.5757813746508091
2026-09-04T23:16:36.811991+09:00,경복궁,경복궁,POI008,KEY_1,1000012502,사직로,1000224600,내자동 35,126.9704050096786716_37.5761139325286422,1000019804,경복궁역사거리,126.9725583211622109_37.5759627912727225,191.0,45.0,원활,126.9725583211622109_37.5759627912727225|126.9704050096786716_37.5761139325286422
2026-09-04T23:16:36.811991+09:00,경복궁,경복궁,POI008,KEY_1,1000014301,삼청로,1000019704,경복궁사거리,126.9793621536958312_37.5759001150550986,1000020600,대한출판문화협회,126.9794687888132074_37.5765544121067592,73.0,11.5,정체,126.9794687888132074_37.5765544121067592|126.9794674172659654_37.5764824989996455|126.9794172673057773_37.5761249117022231|126.9793621536958312_37.5759001150550986
2026-09-04T23:16:36.811991+09:00,경복궁,경복궁,POI008,KEY_1,1000014302,삼청로,1000020600,대한출판문화협회,126.9794687888132074_37.5765544121067592,1000022703,국군서울지구병원,126.9798562503477797_37.5800221917764006,388.0,23.0,서행,126.9798562503477797_37.5800221917764006|126.9796182985417516_37.5793264763807215|126.9795665449151443_37.5791397220131316|126.9795478931843604_37.5790381290051698|126.9795326834604623_37.5788730174103378|126.9794969047037227_37.5780275498626395|126.9794687888132074_37.5765544121067592
2026-09-04T23:16:36.811991+09:00,경복궁,경복궁,POI008,KEY_1,1000014303,삼청로,1000022704,국군서울지구병원,126.9798888896173850_37.5801238754593712,1000023003,갤러리스케이프,126.9801383570053588_37.5809954150793715,99.0,24.0,서행,126.9801383570053588_37.5809954150793715|126.9801143803817212_37.5808712068437671|126.9798888896173850_37.5801238754593712
2026-09-04T23:16:36.811991+09:00,경복궁,경복궁,POI008,KEY_1,1000014401,삼청로,1000021000,대한출판문화협회,126.9796046197648423_37.5765527706146756,1000019701,경복궁사거리,126.9795067975766756_37.5759255521593971,70.0,29.0,원활,126.9795067975766756_37.5759255521593971|126.9795516592807161_37.5761085342554608|126.9796031487506696_37.5764756650611034|126.9796046197648423_37.5765527706146756
2026-09-04T23:16:36.811991+09:00,경복궁,경복궁,POI008,KEY_1,1000014402,삼청로,1000022702,국군서울지구병원,126.9799873332334244_37.5799937943622950,1000021000,대한출판문화협회,126.9796046197648423_37.5765527706146756,385.0,32.0,원활,126.9796046197648423_37.5765527706146756|126.9796327193578946_37.5780249082326065|126.9796683669145381_37.5788672429607900|126.9796830227134734_37.5790263448128528|126.9797002616005130_37.5791202376619609|126.9797502489418548_37.5793006189381842|126.9799873332334244_37.5799937943622950
2026-09-04T23:16:36.811991+09:00,경복궁,경복궁,POI008,KEY_1,1000014403,삼청로,1000023002,갤러리스케이프,126.9802726364854522_37.5809789975197504,1000022701,국군서울지구병원,126.9800209872343402_37.5800986304131186,100.0,24.0,서행,126.9800209872343402_37.5800986304131186|126.9802478003755937_37.5808503388031028|126.9802726364854522_37.5809789975197504
2026-09-04T23:16:36.811991+09:00,경복궁,경복궁,POI008,KEY_1,1000015101,효자로,1000219200,통의동 7-2,126.9738823732247113_37.5782737331220034,1000022103,한글전각갤러리,126.9737664393316123_37.5793405707998147,119.0,23.0,서행,126.9737664393316123_37.5793405707998147|126.9738823732247113_37.5782737331220034
2026-09-04T23:16:36.811991+09:00,경복궁,경복궁,POI008,KEY_1,1000015102,효자로,1000041400,창성동 16,126.9736432808576581_37.5805908651879150,1000023603,창성동 75-1,126.9736167411290211_37.5817495935669825,129.0,19.0,서행,126.9736167411290211_37.5817495935669825|126.9736341888375790_37.5807097019062013|126.9736432808576581_37.5805908651879150
2026-09-04T23:16:36.811991+09:00,경복궁,경복궁,POI008,KEY_1,1000015103,효자로,1000023604,세종로 1-82,126.9736148980526167_37.5818577441157089,1000005203,효자동삼거리,126.9736127255228695_37.5835625507457465,189.0,23.0,서행,126.9736127255228695_37.5835625507457465|126.9735913171579114_37.5832181223740136|126.9736148980526167_37.5818577441157089
2026-09-04T23:16:36.811991+09:00,경복궁,경복궁,POI008,KEY_1,1000015201,효자로,1000022102,한글전각갤러리,126.9739017858953645_37.5793498869892204,1000019301,정부서울청사사거리,126.9743957935852450_37.5758074664167268,396.0,24.0,서행,126.9743957935852450_37.5758074664167268|126.9743764184428017_37.5760755345660726|126.9743092662572082_37.5764778948295017|126.9741719066146146_37.5773009081164844|126.9741268698984413_37.5775378120208856|126.9740611119599407_37.5778837117652031|126.9740177174622744_37.5782830491677231|126.9739017858953645_37.5793498869892204
2026-09-04T23:16:36.811991+09:00,경복궁,경복궁,POI008,KEY_1,1000015202,효자로,1000023602,세종로 1-39,126.9737525850962072_37.5817510371078143,1000022101,한글전각갤러리,126.9738905991571443_37.5794569415239579,255.0,29.0,원활,126.9738905991571443_37.5794569415239579|126.9738519824120146_37.5798414672260890|126.9737879055856666_37.5804795024973970|126.9737788834196408_37.5805974360917929|126.9737699881223705_37.5807137109477551|126.9737525850962072_37.5817510371078143
2026-09-04T23:16:36.811991+09:00,경복궁,경복궁,POI008,KEY_1,1000015203,효자로,1000005202,효자동삼거리,126.9737472613430214_37.5835385999729326,1000023601,세종로 1-39,126.9737507411007016_37.5818592353335603,186.0,21.5,서행,126.9737507411007016_37.5818592353335603|126.9737272227124265_37.5832161948422154|126.9737472613430214_37.5835385999729326
2026-09-04T23:16:36.811991+09:00,경복궁,경복궁,POI008,KEY_1,1000015401,자하문로,1000140900,통의동 139,126.9725715057905830_37.5765777524989346,1000019801,경복궁역사거리,126.9726968257656665_37.5759522364072183,70.0,20.0,서행,126.9726968257656665_37.5759522364072183|126.9726385507227491_37.5763288934255186|126.9725895796281208_37.5765259070172135|126.9725715057905830_37.5765777524989346
2026-09-04T23:16:36.811991+09:00,경복궁,경복궁,POI008,KEY_1,1000015800,북촌로5길,1000110800,소격동 101-1,126.9816632165415768_37.5796980355060555,1000022702,국군서울지구병원,126.9799873332334244_37.5799937943622950,152.0,24.5,서행,126.9799873332334244_37.5799937943622950|126.9811117769615265_37.5798023119298961|126.9813717539606586_37.5797580385712706|126.9816632165415768_37.5796980355060555
2026-09-04T23:16:36.811991+09:00,경복궁,경복궁,POI008,KEY_1,1000016301,삼청로,1000023001,갤러리스케이프,126.9802926936486500_37.5811058372642535,1000023403,브라질대사관,126.9810263784892186_37.5815445739605920,82.0,19.0,서행,126.9810263784892186_37.5815445739605920|126.9809131169670025_37.5814523264612390|126.9807572607189741_37.5813324212478079|126.9805732045222584_37.5812254848848113|126.9805004045640970_37.5811831880586382|126.9802926936486500_37.5811058372642535
2026-09-04T23:16:36.811991+09:00,경복궁,경복궁,POI008,KEY_1,1000016401,삼청로,1000154400,소격동 5-2,126.9806533091713163_37.5811381602125181,1000023002,갤러리스케이프,126.9802726364854522_37.5809789975197504,38.0,18.0,서행,126.9802726364854522_37.5809789975197504|126.9805698902694644_37.5810896934890764|126.9806533091713163_37.5811381602125181
2026-09-04T23:16:36.811991+09:00,경복궁,경복궁,POI008,KEY_1,1000016500,청와대로,1000023004,갤러리스케이프,126.9801577660451670_37.5811184473203284,1000024202,퐁데자르갤러리,126.9792888757798295_37.5833973114764888,283.0,25.0,원활,126.9792888757798295_37.5833973114764888|126.9794326695444795_37.5833409548265038|126.9795985399564842_37.5832476848462562|126.9797349654737388_37.5831482053396115|126.9798535787143550_37.5830268942675616|126.9799783199628109_37.5828376834460514|126.9800830519028665_37.5826410034803118|126.9801523342807030_37.5824206537665262|126.9801756947906881_37.5821819448641676|126.9801669773254389_37.5812814489405298|126.9801611478268342_37.5811413659670990|126.9801577660451670_37.5811184473203284
2026-09-04T23:16:36.811991+09:00,경복궁,경복궁,POI008,KEY_1,1000016600,청와대로,1000024201,퐁데자르갤러리,126.9793488993760917_37.5834943060582702,1000023001,갤러리스케이프,126.9802926936486500_37.5811058372642535,298.0,25.0,원활,126.9802926936486500_37.5811058372642535|126.9802967397338023_37.5811332572089398|126.9803028147339035_37.5812792426264579|126.9803115922597812_37.5821857328606441|126.9802868960512399_37.5824380961232620|126.9802122748901070_37.5826754278464534|126.9801012249592418_37.5828839711424081|126.9799682487228267_37.5830856738696752|126.9798351717180509_37.5832217786991762|126.9796839720406183_37.5833320316592037|126.9795023111846888_37.5834341801086822|126.9793488993760917_37.5834943060582702
2026-09-04T23:16:36.811991+09:00,경복궁,경복궁,POI008,KEY_1,1000017102,효자로,1000005203,효자동삼거리,126.9736127255228695_37.5835625507457465,1000024302,효자동 136-1,126.9727651070645038_37.5836899468878016,76.0,28.0,원활,126.9727651070645038_37.5836899468878016|126.9730868519890805_37.5836617458525453|126.9732850493551410_37.5836358134354498|126.9736127255228695_37.5835625507457465
2026-09-04T23:16:36.811991+09:00,경복궁,경복궁,POI008,KEY_1,1000017202,효자로,1000024301,효자동 136-1,126.9727799801869850_37.5837974155542724,1000005204,효자동삼거리,126.9736494719598028_37.5836666397267720,78.0,13.0,정체,126.9736494719598028_37.5836666397267720|126.9733145338289120_37.5837415255394376|126.9731053220007908_37.5837688997887582|126.9727799801869850_37.5837974155542724
2026-09-04T23:16:36.811991+09:00,경복궁,경복궁,POI008,KEY_1,1000017300,청와대로,1000024203,퐁데자르갤러리,126.9791795136897292_37.5834335611764701,1000005202,효자동삼거리,126.9737472613430214_37.5835385999729326,486.0,28.8,원활,126.9737472613430214_37.5835385999729326|126.9739495073895483_37.5835089975692114|126.9741309391237110_37.5835057794776830|126.9743076583270351_37.5835171156289292|126.9752337920588730_37.5836985645955508|126.9754323254462349_37.5837264891222063|126.9757360888294073_37.5837476748394224|126.9763499836077330_37.5837643209452068|126.9766286175151322_37.5837433697827379|126.9789929139192566_37.5834750307908365|126.9791275283093626_37.5834477041164519|126.9791795136897292_37.5834335611764701
2026-09-04T23:16:36.811991+09:00,경복궁,경복궁,POI008,KEY_1,1000017400,청와대로,1000005201,효자동삼거리,126.9737718367323538_37.5836449359611962,1000024204,퐁데자르갤러리,126.9792234607305943_37.5835358668880062,488.0,29.0,원활,126.9792234607305943_37.5835358668880062|126.9791663527855263_37.5835514035953580|126.9790193732068246_37.5835812400857776|126.9766446063162135_37.5838507686442966|126.9763540772180477_37.5838726139501844|126.9757278388116646_37.5838556337628376|126.9754145390009228_37.5838337820068062|126.9752057008707880_37.5838044082914848|126.9742858206583094_37.5836241849198771|126.9741269844044211_37.5836139960176467|126.9739633976216311_37.5836168972867881|126.9737718367323538_37.5836449359611962
2026-09-04T23:16:36.811991+09:00,경복궁,경복궁,POI008,KEY_1,1000034400,새문안로3길,1000018004,서울특별시경찰청,126.9726181216856418_37.5753302820372284,1000019803,경복궁역사거리,126.9725722748504069_37.5758532725264089,58.0,7.0,정체,126.9725722748504069_37.5758532725264089|126.9726181216856418_37.5753302820372284
2026-09-04T23:16:36.811991+09:00,경복궁,경복궁,POI008,KEY_1,1000034500,새문안로3길,1000019802,경복궁역사거리,126.9727094012703503_37.5758424186585529,1000018001,서울특별시경찰청,126.9727536370288590_37.5753378072978137,56.0,19.5,서행,126.9727536370288590_37.5753378072978137|126.9727094012703503_37.5758424186585529
2026-09-04T23:16:36.811991+09:00,경복궁,경복궁,POI008,KEY_1,1000035200,사직로,1000020200,경복궁,126.9786283706113750_37.5757946408291801,1000020600,대한출판문화협회,126.9794687888132074_37.5765544121067592,118.0,27.0,원활,126.9794687888132074_37.5765544121067592|126.9794368084534142_37.5764098329770562|126.9791960602808700_37.5761637733622180|126.9789750836954596_37.5759177176703147|126.9788694300669647_37.5758537146814078|126.9786283706113750_37.5757946408291801
2026-09-04T23:16:36.811991+09:00,경복궁,경복궁,POI008,KEY_1,1000035300,삼청로,1000021000,대한출판문화협회,126.9796046197648423_37.5765527706146756,1000020300,경복궁,126.9801205068413168_37.5759892604625989,93.0,8.0,정체,126.9801205068413168_37.5759892604625989|126.9797298312382878_37.5760780464987292|126.9796597331679635_37.5761137931100748|126.9796040049640879_37.5761795786155588|126.9796046197648423_37.5765527706146756
2026-09-04T23:16:36.811991+09:00,경복궁,경복궁,POI008,KEY_1,1000037000,자하문로10길,1000142900,창성동 130-12,126.9720322425473000_37.5795267662096677,1000022104,한글전각갤러리,126.9737551795793422_37.5794483274217725,153.0,12.0,정체,126.9737551795793422_37.5794483274217725|126.9735697636163820_37.5794379905376914|126.9730629180689760_37.5794543875836595|126.9720322425473000_37.5795267662096677
2026-09-04T23:16:36.811991+09:00,경복궁,경복궁,POI008,KEY_1,1000038800,자하문로16길,1000068600,효자동 158-3,126.9730842997045812_37.5818361876427218,1000023604,세종로 1-82,126.9736148980526167_37.5818577441157089,47.0,10.0,정체,126.9736148980526167_37.5818577441157089|126.9732424959569812_37.5818454811704967|126.9730842997045812_37.5818361876427218
2026-09-04T23:16:36.811991+09:00,광화문·덕수궁,광화문·덕수궁,POI009,KEY_2,1000000301,종로,1000081900,종로1가 82-2,126.9798999832241719_37.5701535606807582,1000008607,종로구청입구교차로,126.9793805233784241_37.5701494116837509,46.0,11.0,정체,126.9793805233784241_37.5701494116837509|126.9798999832241719_37.5701535606807582
2026-09-04T23:16:36.811991+09:00,광화문·덕수궁,광화문·덕수궁,POI009,KEY_2,1000000401,종로,1000008606,종로구청입구교차로,126.9793844377634713_37.5702575676490582,1000008905,SK빌딩,126.9809530025248421_37.5702700889503021,139.0,15.0,서행,126.9809530025248421_37.5702700889503021|126.9798986206276368_37.5702616744867512|126.9793844377634713_37.5702575676490582
2026-09-04T23:16:36.811991+09:00,광화문·덕수궁,광화문·덕수궁,POI009,KEY_2,1000000703,새문안로,1000008201,구세군회관,126.9726666240444217_37.5702234697315518,1000008304,뉴질랜드관광청,126.9749173399443691_37.5702117971802636,199.0,28.0,원활,126.9749173399443691_37.5702117971802636|126.9745065658627396_37.5702088031007975|126.9743721680184052_37.5702090286750732|126.9726666240444217_37.5702234697315518
2026-09-04T23:16:36.811991+09:00,광화문·덕수궁,광화문·덕수궁,POI009,KEY_2,1000000802,새문안로,1000007903,신문로1가 5-4,126.9743707219120381_37.5701009152256020,1000008202,구세군회관,126.9726644410624914_37.5701153625080622,151.0,39.0,원활,126.9726644410624914_37.5701153625080622|126.9743707219120381_37.5701009152256020
2026-09-04T23:16:36.811991+09:00,광화문·덕수궁,광화문·덕수궁,POI009,KEY_2,1000000803,새문안로,1000008403,신문로1가141,126.9755270360325170_37.5701094904468960,1000007902,신문로1가 5-4,126.9745078099836633_37.5701006884260735,90.0,31.0,원활,126.9745078099836633_37.5701006884260735|126.9749185834716059_37.5701036825010561|126.9750548861427575_37.5701048454871938|126.9755270360325170_37.5701094904468960
2026-09-04T23:16:36.811991+09:00,광화문·덕수궁,광화문·덕수궁,POI009,KEY_2,1000000901,새문안로,1000008301,뉴질랜드관광청,126.9750532070518432_37.5702129564638909,1000008404,신문로1가141,126.9755253576206542_37.5702176014390972,42.0,43.7,원활,126.9755253576206542_37.5702176014390972|126.9750532070518432_37.5702129564638909
2026-09-04T23:16:36.811991+09:00,광화문·덕수궁,광화문·덕수궁,POI009,KEY_2,1000000902,새문안로,1000008401,신문로1가141,126.9756642084840337_37.5702188245241615,1000009300,세종로208,126.9762005801091362_37.5702231750732523,47.0,44.0,원활,126.9762005801091362_37.5702231750732523|126.9756642084840337_37.5702188245241615
2026-09-04T23:16:36.811991+09:00,광화문·덕수궁,광화문·덕수궁,POI009,KEY_2,1000000903,새문안로,1000214200,세종대로사거리,126.9766244379145377_37.5702266110763219,1000009004,세종대로사거리,126.9769755542479714_37.5702294562480148,31.0,40.7,원활,126.9769755542479714_37.5702294562480148|126.9766244379145377_37.5702266110763219
2026-09-04T23:16:36.811991+09:00,광화문·덕수궁,광화문·덕수궁,POI009,KEY_2,1000001002,새문안로,1000007600,주한요르단명예영사관,126.9762019638013300_37.5701150604124336,1000008402,신문로1가141,126.9756655929920299_37.5701107106503116,47.0,42.0,원활,126.9756655929920299_37.5701107106503116|126.9762019638013300_37.5701150604124336
2026-09-04T23:16:36.811991+09:00,광화문·덕수궁,광화문·덕수궁,POI009,KEY_2,1000001003,새문안로,1000009003,세종대로사거리,126.9769600332011521_37.5701212054532618,1000007600,주한요르단명예영사관,126.9762019638013300_37.5701150604124336,67.0,38.0,원활,126.9762019638013300_37.5701150604124336|126.9766258211001428_37.5701184968726238|126.9769600332011521_37.5701212054532618
2026-09-04T23:16:36.811991+09:00,광화문·덕수궁,광화문·덕수궁,POI009,KEY_2,1000001301,종로,1000009001,세종대로사거리,126.9771187019505163_37.5702314111293560,1000009700,종로1가1-3,126.9777559525715844_37.5702421551131351,56.0,12.0,정체,126.9777559525715844_37.5702421551131351|126.9771187019505163_37.5702314111293560
2026-09-04T23:16:36.811991+09:00,광화문·덕수궁,광화문·덕수궁,POI009,KEY_2,1000001302,종로,1000009700,종로1가1-3,126.9777559525715844_37.5702421551131351,1000008804,광화문우체국,126.9784336631558119_37.5702494972367163,60.0,17.0,서행,126.9784336631558119_37.5702494972367163|126.9779432056922133_37.5702453112944994|126.9777559525715844_37.5702421551131351
2026-09-04T23:16:36.811991+09:00,광화문·덕수궁,광화문·덕수궁,POI009,KEY_2,1000001303,종로,1000008801,광화문우체국,126.9785701334498214_37.5702506615867833,1000008609,종로구청입구교차로,126.9792481536049564_37.5702564438606927,60.0,25.0,원활,126.9792481536049564_37.5702564438606927|126.9785701334498214_37.5702506615867833
2026-09-04T23:16:36.811991+09:00,광화문·덕수궁,광화문·덕수궁,POI009,KEY_2,1000001401,종로,1000008000,동아일보사,126.9777588281918099_37.5701340596360964,1000009002,세종대로사거리,126.9770959172438580_37.5701228829325231,59.0,8.0,정체,126.9770959172438580_37.5701228829325231|126.9777588281918099_37.5701340596360964
2026-09-04T23:16:36.811991+09:00,광화문·덕수궁,광화문·덕수궁,POI009,KEY_2,1000001402,종로,1000008803,광화문우체국,126.9784351192109852_37.5701413844145975,1000008000,동아일보사,126.9777588281918099_37.5701340596360964,60.0,8.0,정체,126.9777588281918099_37.5701340596360964|126.9779453713088060_37.5701372048683524|126.9784351192109852_37.5701413844145975
2026-09-04T23:16:36.811991+09:00,광화문·덕수궁,광화문·덕수궁,POI009,KEY_2,1000001403,종로,1000008608,종로구청입구교차로,126.9792446499360778_37.5701482878816435,1000008802,광화문우체국,126.9785715892256235_37.5701425486416056,59.0,9.0,정체,126.9785715892256235_37.5701425486416056|126.9792446499360778_37.5701482878816435
2026-09-04T23:16:36.811991+09:00,광화문·덕수궁,광화문·덕수궁,POI009,KEY_2,1000003301,청계천로,1010033802,호주관광청,126.9797619415674745_37.5689431360811881,1010034101,무교동사거리,126.9793610650683036_37.5689718470786644,36.0,21.0,서행,126.9793610650683036_37.5689718470786644|126.9797619415674745_37.5689431360811881
2026-09-04T23:16:36.811991+09:00,광화문·덕수궁,광화문·덕수궁,POI009,KEY_2,1000003400,청계천로,1010034301,무교동사거리,126.9793440155466442_37.5692674718774171,1010033702,광교사거리,126.9827120922386285_37.5690419071249693,299.0,23.0,서행,126.9827120922386285_37.5690419071249693|126.9793440155466442_37.5692674718774171
2026-09-04T23:16:36.811991+09:00,광화문·덕수궁,광화문·덕수궁,POI009,KEY_2,1000003700,청계천로,1010034102,무교동사거리,126.9792256224440905_37.5689816845044717,1000002000,청계광장,126.9771060680401717_37.5690311929919076,188.0,10.0,정체,126.9771060680401717_37.5690311929919076|126.9774434053876035_37.5690828687536680|126.9775440319711919_37.5690924240737019|126.9777213322496863_37.5690924576651568|126.9792256224440905_37.5689816845044717
2026-09-04T23:16:36.811991+09:00,광화문·덕수궁,광화문·덕수궁,POI009,KEY_2,1000003801,청계천로,1000031000,청계광장,126.9770921904126482_37.5694157550093379,1000007002,동아일보사,126.9783460265061024_37.5693222473721278,111.0,15.0,서행,126.9783460265061024_37.5693222473721278|126.9773834142662849_37.5693879956262435|126.9770921904126482_37.5694157550093379
2026-09-04T23:16:36.811991+09:00,광화문·덕수궁,광화문·덕수궁,POI009,KEY_2,1000003802,청계천로,1000007001,동아일보사,126.9784814758997982_37.5693140408546356,1010034302,무교동사거리,126.9792084451945726_37.5692755952973627,64.0,8.0,정체,126.9792084451945726_37.5692755952973627|126.9784814758997982_37.5693140408546356
2026-09-04T23:16:36.811991+09:00,광화문·덕수궁,광화문·덕수궁,POI009,KEY_2,1000004101,세종대로21길,1010036201,청계광장,126.9769724776174371_37.5689758850454254,1010034202,속성변화점,126.9761089175425468_37.5690525772719468,77.0,16.0,서행,126.9761089175425468_37.5690525772719468|126.9762590231906501_37.5690173503827225|126.9766423549418590_37.5690116154256089|126.9767891468850252_37.5690047706819641|126.9769724776174371_37.5689758850454254
2026-09-04T23:16:36.811991+09:00,광화문·덕수궁,광화문·덕수궁,POI009,KEY_2,1000004201,세종대로21길,1010034201,속성변화점,126.9761701151880970_37.5691453161545397,1010036202,청계광장,126.9769681640981389_37.5690870395436463,71.0,7.0,정체,126.9769681640981389_37.5690870395436463|126.9768062997742106_37.5691122763363623|126.9766476039636132_37.5691196746613940|126.9762762102917009_37.5691252318358337|126.9761701151880970_37.5691453161545397
2026-09-04T23:16:36.811991+09:00,광화문·덕수궁,광화문·덕수궁,POI009,KEY_2,1000004202,세종대로21길,1010034502,조선일보본사,126.9758538003934376_37.5694432589816216,1010034201,속성변화점,126.9761701151880970_37.5691453161545397,44.0,15.0,서행,126.9761701151880970_37.5691453161545397|126.9759646865800136_37.5693016963708999|126.9759165276521173_37.5693486608578553|126.9758538003934376_37.5694432589816216
2026-09-04T23:16:36.811991+09:00,광화문·덕수궁,광화문·덕수궁,POI009,KEY_2,1000004203,세종대로21길,1000008402,신문로1가141,126.9756655929920299_37.5701107106503116,1010034501,조선일보본사,126.9758232836738614_37.5695216067234981,67.0,6.0,정체,126.9758232836738614_37.5695216067234981|126.9756655929920299_37.5701107106503116
2026-09-04T23:16:36.811991+09:00,광화문·덕수궁,광화문·덕수궁,POI009,KEY_2,1000005000,무교로,1000008607,종로구청입구교차로,126.9793805233784241_37.5701494116837509,1010034301,무교동사거리,126.9793440155466442_37.5692674718774171,98.0,18.0,서행,126.9793440155466442_37.5692674718774171|126.9793805233784241_37.5701494116837509
2026-09-04T23:16:36.811991+09:00,광화문·덕수궁,광화문·덕수궁,POI009,KEY_2,1000005101,세종대로,1010036202,청계광장,126.9769681640981389_37.5690870395436463,1000007300,세종로1-80,126.9769534872362158_37.5695820797097966,55.0,33.0,원활,126.9769534872362158_37.5695820797097966|126.9769561223222638_37.5694207011224321|126.9769681640981389_37.5690870395436463
2026-09-04T23:16:36.811991+09:00,광화문·덕수궁,광화문·덕수궁,POI009,KEY_2,1000005102,세종대로,1000007300,세종로1-80,126.9769534872362158_37.5695820797097966,1000009003,세종대로사거리,126.9769600332011521_37.5701212054532618,60.0,31.0,원활,126.9769600332011521_37.5701212054532618|126.9769532767960953_37.5697764532188643|126.9769534872362158_37.5695820797097966
2026-09-04T23:16:36.811991+09:00,광화문·덕수궁,광화문·덕수궁,POI009,KEY_2,1000005202,세종대로,1000009002,세종대로사거리,126.9770959172438580_37.5701228829325231,1000007400,청계천광장,126.9770893091757529_37.5695834801641908,60.0,5.0,정체,126.9770893091757529_37.5695834801641908|126.9770891110814688_37.5697756552470636|126.9770959172438580_37.5701228829325231
2026-09-04T23:16:36.811991+09:00,광화문·덕수궁,광화문·덕수궁,POI009,KEY_2,1000005203,세종대로,1000031000,청계광장,126.9770921904126482_37.5694157550093379,1000002000,청계광장,126.9771060680401717_37.5690311929919076,43.0,23.0,서행,126.9771060680401717_37.5690311929919076|126.9770921904126482_37.5694157550093379
2026-09-04T23:16:36.811991+09:00,광화문·덕수궁,광화문·덕수궁,POI009,KEY_2,1000005204,세종대로,1000007400,청계천광장,126.9770893091757529_37.5695834801641908,1000031000,청계광장,126.9770921904126482_37.5694157550093379,19.0,15.0,서행,126.9770921904126482_37.5694157550093379|126.9770893091757529_37.5695834801641908
2026-09-04T23:16:36.811991+09:00,광화문·덕수궁,광화문·덕수궁,POI009,KEY_2,1000006701,종로3길,1000008605,KT광화문빌딩East,126.9792365875387787_37.5713076844087723,1000002503,종로구청앞교차로,126.9791846724866247_37.5724168674636516,123.0,20.0,서행,126.9791846724866247_37.5724168674636516|126.9792127143992531_37.5722886996592322|126.9792365875387787_37.5713076844087723
2026-09-04T23:16:36.811991+09:00,광화문·덕수궁,광화문·덕수궁,POI009,KEY_2,1000006702,종로3길,1000008609,종로구청입구교차로,126.9792481536049564_37.5702564438606927,1000008604,KT광화문빌딩East,126.9792392182412755_37.5711995824609417,105.0,9.0,정체,126.9792392182412755_37.5711995824609417|126.9792562098357678_37.5705013662105856|126.9792481536049564_37.5702564438606927
2026-09-04T23:16:36.811991+09:00,광화문·덕수궁,광화문·덕수궁,POI009,KEY_2,1000006801,종로3길,1000008603,KT광화문빌딩East,126.9793750304311573_37.5712016763059680,1000008606,종로구청입구교차로,126.9793844377634713_37.5702575676490582,105.0,18.0,서행,126.9793844377634713_37.5702575676490582|126.9793920781041692_37.5705010629446505|126.9793750304311573_37.5712016763059680
2026-09-04T23:16:36.811991+09:00,광화문·덕수궁,광화문·덕수궁,POI009,KEY_2,1000006802,종로3길,1000002502,종로구청앞교차로,126.9793217364559581_37.5724206139039367,1000008602,KT광화문빌딩East,126.9793723999539878_37.5713097781531999,124.0,14.0,정체,126.9793723999539878_37.5713097781531999|126.9793483260029632_37.5722990812992776|126.9793217364559581_37.5724206139039367
2026-09-04T23:16:36.811991+09:00,광화문·덕수궁,광화문·덕수궁,POI009,KEY_2,1000007301,새문안로5길,1000191900,당주동 42-1,126.9747945654450376_37.5713741249107471,1000012004,당주동 42-1,126.9747711914900208_37.5715772036542930,23.0,10.0,정체,126.9747711914900208_37.5715772036542930|126.9747764927874840_37.5715266880177694|126.9747945654450376_37.5713741249107471
2026-09-04T23:16:36.811991+09:00,광화문·덕수궁,광화문·덕수궁,POI009,KEY_2,1000007303,새문안로5길,1000012009,국토매일신문,126.9745343892600573_37.5730633074938467,1000015503,정부중앙청사별관,126.9744112783023837_37.5740498591777197,110.0,22.0,서행,126.9744112783023837_37.5740498591777197|126.9744499541339309_37.5737686609407575|126.9744632498496486_37.5736575921968523|126.9745343892600573_37.5730633074938467
2026-09-04T23:16:36.811991+09:00,광화문·덕수궁,광화문·덕수궁,POI009,KEY_2,1000007304,새문안로5길,1000097900,당주동 9-1,126.9746904072748208_37.5722005256472400,1000012008,국토매일신문,126.9745473563027076_37.5729549828790397,85.0,17.5,서행,126.9745473563027076_37.5729549828790397|126.9746153014773142_37.5723873767864731|126.9746904072748208_37.5722005256472400
2026-09-04T23:16:36.811991+09:00,광화문·덕수궁,광화문·덕수궁,POI009,KEY_2,1000007401,새문안로5길,1000122600,당주동 37-5,126.9749949194423237_37.5708345656133957,1000008301,뉴질랜드관광청,126.9750532070518432_37.5702129564638909,69.0,8.0,정체,126.9750532070518432_37.5702129564638909|126.9750441061559343_37.5704193325342715|126.9750097115534828_37.5707096914500909|126.9749949194423237_37.5708345656133957
2026-09-04T23:16:36.811991+09:00,광화문·덕수궁,광화문·덕수궁,POI009,KEY_2,1000007403,새문안로5길,1000012007,국토매일신문,126.9746825846849134_37.5729652378036505,1000012002,당주동 15-5,126.9748960733688961_37.5716933165325884,143.0,4.0,정체,126.9748960733688961_37.5716933165325884|126.9748542851426265_37.5721476425157519|126.9748197861506611_37.5722334714313035|126.9747491405799735_37.5724092275890840|126.9746825846849134_37.5729652378036505
2026-09-04T23:16:36.811991+09:00,광화문·덕수궁,광화문·덕수궁,POI009,KEY_2,1000007404,새문안로5길,1000015502,정부중앙청사별관,126.9745471372090009_37.5740556283939924,1000012006,국토매일신문,126.9746696177836469_37.5730735623354022,110.0,6.0,정체,126.9746696177836469_37.5730735623354022|126.9745984783698276_37.5736678471220458|126.9745850921002415_37.5737796723370465|126.9745471372090009_37.5740556283939924
2026-09-04T23:16:36.811991+09:00,광화문·덕수궁,광화문·덕수궁,POI009,KEY_2,1000007501,삼봉로,1000013006,신라스테이(광화문),126.9800323953105732_37.5724462314692360,1000002502,종로구청앞교차로,126.9793217364559581_37.5724206139039367,63.0,11.0,정체,126.9793217364559581_37.5724206139039367|126.9799519020942853_37.5724644845951588|126.9800031202296822_37.5724557581351775|126.9800323953105732_37.5724462314692360
2026-09-04T23:16:36.811991+09:00,광화문·덕수궁,광화문·덕수궁,POI009,KEY_2,1000007502,삼봉로,1000012403,조계사앞교차로,126.9829706356902221_37.5719776537276218,1000013004,신라스테이(광화문),126.9801805317354280_37.5724047958457916,252.0,14.0,정체,126.9801805317354280_37.5724047958457916|126.9804914824202910_37.5723319178106152|126.9811053055208276_37.5721880522337770|126.9822536902158987_37.5720311041132078|126.9827182491962247_37.5719849537863269|126.9829706356902221_37.5719776537276218
2026-09-04T23:16:36.811991+09:00,광화문·덕수궁,광화문·덕수궁,POI009,KEY_2,1000007601,삼봉로,1000002501,종로구청앞교차로,126.9793098997934777_37.5725283213326406,1000013008,신라스테이(광화문),126.9800853113310097_37.5725458182865282,69.0,17.0,서행,126.9800853113310097_37.5725458182865282|126.9800433552072860_37.5725594712725126|126.9799603876916336_37.5725736073446370|126.9793098997934777_37.5725283213326406
2026-09-04T23:16:36.811991+09:00,광화문·덕수궁,광화문·덕수궁,POI009,KEY_2,1000008305,사직로8길,1000030902,세종로공원,126.9763299470461675_37.5743620222710391,1000016700,광화문,126.9763532157447088_37.5747826865806687,47.0,37.0,원활,126.9763532157447088_37.5747826865806687|126.9763299470461675_37.5743620222710391
2026-09-04T23:16:36.811991+09:00,광화문·덕수궁,광화문·덕수궁,POI009,KEY_2,1000008306,사직로8길,1000030901,세종로공원,126.9763653836261312_37.5741476322646690,1000030902,세종로공원,126.9763299470461675_37.5743620222710391,24.0,37.0,원활,126.9763299470461675_37.5743620222710391|126.9763653836261312_37.5741476322646690
2026-09-04T23:16:36.811991+09:00,광화문·덕수궁,광화문·덕수궁,POI009,KEY_2,1000008403,세종대로,1000178600,세종로 84-12,126.9773435970436708_37.5716353187199061,1000010301,주한네덜란드대사관,126.9773205016073234_37.5708618739457165,86.0,22.0,서행,126.9773205016073234_37.5708618739457165|126.9773435970436708_37.5716353187199061
2026-09-04T23:16:36.811991+09:00,광화문·덕수궁,광화문·덕수궁,POI009,KEY_2,1000008404,세종대로,1000031103,대한민국역사박물관,126.9772668410657133_37.5742389331108342,1000013701,미국대사관,126.9773127388234570_37.5727861811112405,161.0,24.0,서행,126.9773127388234570_37.5727861811112405|126.9772668410657133_37.5742389331108342
2026-09-04T23:16:36.811991+09:00,광화문·덕수궁,광화문·덕수궁,POI009,KEY_2,1000008405,세종대로,1000031102,대한민국역사박물관,126.9772570032702248_37.5744554912241924,1000031103,대한민국역사박물관,126.9772668410657133_37.5742389331108342,24.0,24.3,서행,126.9772668410657133_37.5742389331108342|126.9772570032702248_37.5744554912241924
2026-09-04T23:16:36.811991+09:00,광화문·덕수궁,광화문·덕수궁,POI009,KEY_2,1000008406,세종대로,1000013701,미국대사관,126.9773127388234570_37.5727861811112405,1000013702,미국대사관,126.9773159428094118_37.5726780742018107,12.0,36.0,원활,126.9773159428094118_37.5726780742018107|126.9773127388234570_37.5727861811112405
2026-09-04T23:16:36.811991+09:00,광화문·덕수궁,광화문·덕수궁,POI009,KEY_2,1000008501,삼봉로,1000013502,주한미국대사관,126.9786734195719902_37.5726343147372575,1000002504,종로구청앞교차로,126.9791894907537966_37.5725249183912950,48.0,20.0,서행,126.9791894907537966_37.5725249183912950|126.9790501230296087_37.5725288554711625|126.9789227998701477_37.5725532930203556|126.9786734195719902_37.5726343147372575
2026-09-04T23:16:36.811991+09:00,광화문·덕수궁,광화문·덕수궁,POI009,KEY_2,1000008502,종로1길,1000016104,정부합동민원실,126.9785818993651674_37.5743088383231623,1000013501,주한미국대사관,126.9786285350510866_37.5726918211835468,180.0,25.3,원활,126.9786285350510866_37.5726918211835468|126.9786270745331507_37.5728076925504126|126.9785818993651674_37.5743088383231623
2026-09-04T23:16:36.811991+09:00,광화문·덕수궁,광화문·덕수궁,POI009,KEY_2,1000008601,삼봉로,1000002503,종로구청앞교차로,126.9791846724866247_37.5724168674636516,1000013503,주한미국대사관,126.9786357598149351_37.5725297706543273,51.0,19.7,서행,126.9786357598149351_37.5725297706543273|126.9788809724591374_37.5724501026944324|126.9790316055260035_37.5724211913871144|126.9791846724866247_37.5724168674636516
2026-09-04T23:16:36.811991+09:00,광화문·덕수궁,광화문·덕수궁,POI009,KEY_2,1000008602,종로1길,1000013505,주한미국대사관,126.9784926276747825_37.5726966398339357,1000016105,정부합동민원실,126.9784455851017384_37.5743231998157583,181.0,21.5,서행,126.9784455851017384_37.5743231998157583|126.9784912513626978_37.5728058559814073|126.9784926276747825_37.5726966398339357
2026-09-04T23:16:36.811991+09:00,광화문·덕수궁,광화문·덕수궁,POI009,KEY_2,1000009102,우정국로,1000017300,안국동사거리,126.9828039229332575_37.5749851341707171,1000017904,안국동로터리,126.9829082928001753_37.5755454257557844,63.0,11.0,정체,126.9829082928001753_37.5755454257557844|126.9828499577781997_37.5754008805051001|126.9828163493672974_37.5752357359225755|126.9827996996409070_37.5750526973415191|126.9828039229332575_37.5749851341707171
2026-09-04T23:16:36.811991+09:00,광화문·덕수궁,광화문·덕수궁,POI009,KEY_2,1000009300,사직로8길,1000015301,스타트경제,126.9734883930231888_37.5741271926938722,1000015504,정부중앙청사별관,126.9744002652443839_37.5741577051489486,81.0,28.0,원활,126.9744002652443839_37.5741577051489486|126.9734883930231888_37.5741271926938722
2026-09-04T23:16:36.811991+09:00,광화문·덕수궁,광화문·덕수궁,POI009,KEY_2,1000009400,사직로8길,1000015503,정부중앙청사별관,126.9744112783023837_37.5740498591777197,1000015302,스타트경제,126.9734940995421653_37.5740191692129102,81.0,22.0,서행,126.9734940995421653_37.5740191692129102|126.9744112783023837_37.5740498591777197
2026-09-04T23:16:36.811991+09:00,광화문·덕수궁,광화문·덕수궁,POI009,KEY_2,1000009700,종로5길,1000016102,정부합동민원실,126.9786256776191635_37.5744598668717487,1000003004,서울지방국세청,126.9792726003818757_37.5744097123775163,57.0,29.0,원활,126.9792726003818757_37.5744097123775163|126.9786256776191635_37.5744598668717487
2026-09-04T23:16:36.811991+09:00,광화문·덕수궁,광화문·덕수궁,POI009,KEY_2,1000009800,종로5길,1000003003,서울지방국세청,126.9792594302951443_37.5743021024994945,1000016103,정부합동민원실,126.9786387287132357_37.5743502241267819,55.0,20.5,서행,126.9786387287132357_37.5743502241267819|126.9792594302951443_37.5743021024994945
2026-09-04T23:16:36.811991+09:00,광화문·덕수궁,광화문·덕수궁,POI009,KEY_2,1000009901,사직로8길,1000015501,정부중앙청사별관,126.9745359191347660_37.5741633893777163,1000015902,중앙지하차도(서측),126.9756117227963585_37.5742176029672024,95.0,13.0,정체,126.9756117227963585_37.5742176029672024|126.9745359191347660_37.5741633893777163
2026-09-04T23:16:36.811991+09:00,광화문·덕수궁,광화문·덕수궁,POI009,KEY_2,1000009902,사직로8길,1000015902,중앙지하차도(서측),126.9756117227963585_37.5742176029672024,1000030902,세종로공원,126.9763299470461675_37.5743620222710391,66.0,23.0,서행,126.9763299470461675_37.5743620222710391|126.9758706991731145_37.5743046632961182|126.9756117227963585_37.5742176029672024
2026-09-04T23:16:36.811991+09:00,광화문·덕수궁,광화문·덕수궁,POI009,KEY_2,1000009903,사직로8길,1000031102,대한민국역사박물관,126.9772570032702248_37.5744554912241924,1000016202,중앙지하차도(동측),126.9780305337901893_37.5744492911494277,69.0,7.0,정체,126.9780305337901893_37.5744492911494277|126.9777525987565241_37.5744864077288838|126.9772766588325226_37.5744570835161937|126.9772570032702248_37.5744554912241924
2026-09-04T23:16:36.811991+09:00,광화문·덕수궁,광화문·덕수궁,POI009,KEY_2,1000009904,사직로8길,1000016202,중앙지하차도(동측),126.9780305337901893_37.5744492911494277,1000016107,정부합동민원실,126.9784461006803866_37.5744659883513918,37.0,31.0,원활,126.9784461006803866_37.5744659883513918|126.9780305337901893_37.5744492911494277
2026-09-04T23:16:36.811991+09:00,광화문·덕수궁,광화문·덕수궁,POI009,KEY_2,1000010001,사직로8길,1000015901,중앙지하차도(서측),126.9756254491522043_37.5741101153048476,1000015502,정부중앙청사별관,126.9745471372090009_37.5740556283939924,95.0,34.0,원활,126.9745471372090009_37.5740556283939924|126.9756254491522043_37.5741101153048476
2026-09-04T23:16:36.811991+09:00,광화문·덕수궁,광화문·덕수궁,POI009,KEY_2,1000010002,사직로8길,1000030901,세종로공원,126.9763653836261312_37.5741476322646690,1000015901,중앙지하차도(서측),126.9756254491522043_37.5741101153048476,66.0,21.0,서행,126.9756254491522043_37.5741101153048476|126.9759083891116944_37.5740905296920999|126.9763653836261312_37.5741476322646690
2026-09-04T23:16:36.811991+09:00,광화문·덕수궁,광화문·덕수궁,POI009,KEY_2,1000010003,사직로8길,1000016201,중앙지하차도(동측),126.9780392001640763_37.5743414013185841,1000031103,대한민국역사박물관,126.9772668410657133_37.5742389331108342,70.0,17.0,서행,126.9772668410657133_37.5742389331108342|126.9773009030501640_37.5742416927750185|126.9777735667203871_37.5742708146941595|126.9780392001640763_37.5743414013185841
2026-09-04T23:16:36.811991+09:00,광화문·덕수궁,광화문·덕수궁,POI009,KEY_2,1000010004,사직로8길,1000016106,정부합동민원실,126.9784265292035883_37.5743569447684180,1000016201,중앙지하차도(동측),126.9780392001640763_37.5743414013185841,34.0,22.0,서행,126.9780392001640763_37.5743414013185841|126.9784265292035883_37.5743569447684180
2026-09-04T23:16:36.811991+09:00,광화문·덕수궁,광화문·덕수궁,POI009,KEY_2,1000010600,새문안로5길,1000019302,정부서울청사사거리,126.9743957431224146_37.5756988655088620,1000015501,정부중앙청사별관,126.9745359191347660_37.5741633893777163,171.0,9.0,정체,126.9745359191347660_37.5741633893777163|126.9745251838795923_37.5743178497332622|126.9743883747213147_37.5754949317932088|126.9743883466303203_37.5755769520238516|126.9743957431224146_37.5756988655088620
2026-09-04T23:16:36.811991+09:00,광화문·덕수궁,광화문·덕수궁,POI009,KEY_2,1000011101,종로1길,1000061700,세종로 23-3,126.9788627671283336_37.5751151643689312,1000018300,경복궁사거리,126.9791985772177298_37.5755559719213679,57.0,22.0,서행,126.9791985772177298_37.5755559719213679|126.9791278841071005_37.5754329070121216|126.9790835784237970_37.5753764590680319|126.9788627671283336_37.5751151643689312
2026-09-04T23:16:36.811991+09:00,광화문·덕수궁,광화문·덕수궁,POI009,KEY_2,1000011102,종로1길,1000018300,경복궁사거리,126.9791985772177298_37.5755559719213679,1000019703,경복궁사거리,126.9793107532419185_37.5757813746508091,27.0,28.0,원활,126.9793107532419185_37.5757813746508091|126.9791985772177298_37.5755559719213679
2026-09-04T23:16:36.811991+09:00,광화문·덕수궁,광화문·덕수궁,POI009,KEY_2,1000011201,종로1길,1000018200,경복궁,126.9792457576218681_37.5753789068622197,1000016101,정부합동민원실,126.9785925869651777_37.5744763969490307,116.0,9.0,정체,126.9785925869651777_37.5744763969490307|126.9786030542454114_37.5745264529886569|126.9786595083860163_37.5746487570202206|126.9787160834317490_37.5747406686916463|126.9788572860340707_37.5749149509381581|126.9789754866872897_37.5750548226999328|126.9791975771393453_37.5753176298490956|126.9792457576218681_37.5753789068622197
2026-09-04T23:16:36.811991+09:00,광화문·덕수궁,광화문·덕수궁,POI009,KEY_2,1000011202,종로1길,1000019702,경복궁사거리,126.9794701198467664_37.5758080047390521,1000018200,경복궁,126.9792457576218681_37.5753789068622197,52.0,6.0,정체,126.9792457576218681_37.5753789068622197|126.9793010192322811_37.5754682222458030|126.9794701198467664_37.5758080047390521
2026-09-04T23:16:36.811991+09:00,광화문·덕수궁,광화문·덕수궁,POI009,KEY_2,1000011501,율곡로,1000019401,경복궁,126.9801381644492011_37.5758813627365100,1000019702,경복궁사거리,126.9794701198467664_37.5758080047390521,60.0,19.0,서행,126.9794701198467664_37.5758080047390521|126.9797343426333214_37.5758559422202438|126.9799729505737531_37.5758791430045278|126.9801381644492011_37.5758813627365100
2026-09-04T23:16:36.811991+09:00,광화문·덕수궁,광화문·덕수궁,POI009,KEY_2,1000011502,율곡로,1000019203,주한멕시코대사관,126.9811804454430160_37.5757381628755169,1000019401,경복궁,126.9801381644492011_37.5758813627365100,94.0,19.0,서행,126.9801381644492011_37.5758813627365100|126.9801458468412108_37.5758814661415386|126.9803274747907409_37.5758700232846223|126.9811804454430160_37.5757381628755169
2026-09-04T23:16:36.811991+09:00,광화문·덕수궁,광화문·덕수궁,POI009,KEY_2,1000011503,율곡로,1000018100,안국동사거리,126.9820370732549009_37.5756052331219763,1000019202,주한멕시코대사관,126.9813332527749594_37.5757145141333595,63.0,19.0,서행,126.9813332527749594_37.5757145141333595|126.9820370732549009_37.5756052331219763
2026-09-04T23:16:36.811991+09:00,광화문·덕수궁,광화문·덕수궁,POI009,KEY_2,1000011504,율곡로,1000017904,안국동로터리,126.9829082928001753_37.5755454257557844,1000018100,안국동사거리,126.9820370732549009_37.5756052331219763,78.0,14.0,정체,126.9820370732549009_37.5756052331219763|126.9821849025842226_37.5755822792614822|126.9823949596761850_37.5755556593554090|126.9825949987016998_37.5755409919947070|126.9827732334880466_37.5755410181384661|126.9829082928001753_37.5755454257557844
2026-09-04T23:16:36.811991+09:00,광화문·덕수궁,광화문·덕수궁,POI009,KEY_2,1000011601,율곡로,1000019701,경복궁사거리,126.9795067975766756_37.5759255521593971,1000020300,경복궁,126.9801205068413168_37.5759892604625989,55.0,7.0,정체,126.9801205068413168_37.5759892604625989|126.9799635415281358_37.5759871517272330|126.9797109494754608_37.5759625907229378|126.9795067975766756_37.5759255521593971
2026-09-04T23:16:36.811991+09:00,광화문·덕수궁,광화문·덕수궁,POI009,KEY_2,1000011603,율곡로,1000020300,경복궁,126.9801205068413168_37.5759892604625989,1000017905,안국동로터리,126.9829348569925571_37.5756562270635044,252.0,17.0,서행,126.9829348569925571_37.5756562270635044|126.9829125468357773_37.5756537744281829|126.9827704373494015_37.5756491370767236|126.9826012303179823_37.5756491122595975|126.9824118889619911_37.5756629946566250|126.9822085957164859_37.5756887578650449|126.9820630846885052_37.5757113517092307|126.9813592631155075_37.5758206328940290|126.9812063475179400_37.5758442987123971|126.9803458434132892_37.5759773239770425|126.9801500700749699_37.5759896573698668|126.9801205068413168_37.5759892604625989
2026-09-04T23:16:36.811991+09:00,광화문·덕수궁,광화문·덕수궁,POI009,KEY_2,1000011700,사직로,1000019303,정부서울청사사거리,126.9742603998069796_37.5757097304571062,1000019802,경복궁역사거리,126.9727094012703503_37.5758424186585529,138.0,29.0,원활,126.9727094012703503_37.5758424186585529|126.9729390930378230_37.5758227698022793|126.9733793101036952_37.5757851103966303|126.9742603998069796_37.5757097304571062
2026-09-04T23:16:36.811991+09:00,광화문·덕수궁,광화문·덕수궁,POI009,KEY_2,1000011800,사직로,1000242400,적선동 8-1,126.9733938280741512_37.5758926104395314,1000019304,정부서울청사사거리,126.9742589191568953_37.5758185992423250,77.0,26.0,원활,126.9742589191568953_37.5758185992423250|126.9733938280741512_37.5758926104395314
2026-09-04T23:16:36.811991+09:00,광화문·덕수궁,광화문·덕수궁,POI009,KEY_2,1000012001,사직로,1000018500,광화문,126.9756248255992830_37.5755943672526271,1000019302,정부서울청사사거리,126.9743957431224146_37.5756988655088620,109.0,29.0,원활,126.9743957431224146_37.5756988655088620|126.9754810818243271_37.5756177185546321|126.9756248255992830_37.5755943672526271
2026-09-04T23:16:36.811991+09:00,광화문·덕수궁,광화문·덕수궁,POI009,KEY_2,1000012101,사직로,1000003601,광화문삼거리,126.9772026040190127_37.5752961563211159,1000020200,경복궁,126.9786283706113750_37.5757946408291801,142.0,18.0,서행,126.9786283706113750_37.5757946408291801|126.9780494814518477_37.5757270176835334|126.9778051553330869_37.5756687993840117|126.9775841152535918_37.5755595455980540|126.9773389726312587_37.5753713360195221|126.9772665949307680_37.5753228898854132|126.9772026040190127_37.5752961563211159
2026-09-04T23:16:36.811991+09:00,광화문·덕수궁,광화문·덕수궁,POI009,KEY_2,1000012102,사직로,1000020200,경복궁,126.9786283706113750_37.5757946408291801,1000019704,경복궁사거리,126.9793621536958312_37.5759001150550986,66.0,30.0,원활,126.9793621536958312_37.5759001150550986|126.9791440605087161_37.5758645700478056|126.9786283706113750_37.5757946408291801
2026-09-04T23:16:36.811991+09:00,광화문·덕수궁,광화문·덕수궁,POI009,KEY_2,1000012201,사직로,1000018900,광화문,126.9779451863085598_37.5756050720602488,1000003602,광화문삼거리,126.9772110255811555_37.5752034687002023,79.0,40.0,원활,126.9772110255811555_37.5752034687002023|126.9772928511832646_37.5752335458452649|126.9773935570080141_37.5752794922773816|126.9776603729761888_37.5754731005354259|126.9778509223909992_37.5755747642951761|126.9779451863085598_37.5756050720602488
2026-09-04T23:16:36.811991+09:00,광화문·덕수궁,광화문·덕수궁,POI009,KEY_2,1000012202,사직로,1000019100,경복궁,126.9786480964121154_37.5756876675167888,1000018900,광화문,126.9779451863085598_37.5756050720602488,63.0,24.0,서행,126.9779451863085598_37.5756050720602488|126.9786480964121154_37.5756876675167888
2026-09-04T23:16:36.811991+09:00,광화문·덕수궁,광화문·덕수궁,POI009,KEY_2,1000012203,사직로,1000019703,경복궁사거리,126.9793107532419185_37.5757813746508091,1000019100,경복궁,126.9786480964121154_37.5756876675167888,59.0,31.3,원활,126.9786480964121154_37.5756876675167888|126.9791690991976765_37.5757582877498706|126.9793107532419185_37.5757813746508091
2026-09-04T23:16:36.811991+09:00,광화문·덕수궁,광화문·덕수궁,POI009,KEY_2,1000012800,율곡로,1000099700,관훈동 113,126.9843012547585914_37.5759322813818102,1000017902,안국동로터리,126.9831650747284471_37.5755740090362238,108.0,18.0,서행,126.9831650747284471_37.5755740090362238|126.9832157778299404_37.5755801309922148|126.9834207454955077_37.5756172367829961|126.9836820397707413_37.5756980185194678|126.9842468281761967_37.5759072448986657|126.9843012547585914_37.5759322813818102
2026-09-04T23:16:36.811991+09:00,광화문·덕수궁,광화문·덕수궁,POI009,KEY_2,1000013802,율곡로3길,1000187200,안국동 177-3,126.9825779024490799_37.5773003698629964,1000017901,안국동로터리,126.9830699625115358_37.5756718813989750,188.0,15.5,서행,126.9830699625115358_37.5756718813989750|126.9830564549576764_37.5759140717657090|126.9830330914684993_37.5760255151221827|126.9826494722971120_37.5768341676311906|126.9826150056688476_37.5769949197743074|126.9825779024490799_37.5773003698629964
2026-09-04T23:16:36.811991+09:00,광화문·덕수궁,광화문·덕수궁,POI009,KEY_2,1000014301,삼청로,1000019704,경복궁사거리,126.9793621536958312_37.5759001150550986,1000020600,대한출판문화협회,126.9794687888132074_37.5765544121067592,73.0,11.5,정체,126.9794687888132074_37.5765544121067592|126.9794674172659654_37.5764824989996455|126.9794172673057773_37.5761249117022231|126.9793621536958312_37.5759001150550986
2026-09-04T23:16:36.811991+09:00,광화문·덕수궁,광화문·덕수궁,POI009,KEY_2,1000014302,삼청로,1000020600,대한출판문화협회,126.9794687888132074_37.5765544121067592,1000022703,국군서울지구병원,126.9798562503477797_37.5800221917764006,388.0,23.0,서행,126.9798562503477797_37.5800221917764006|126.9796182985417516_37.5793264763807215|126.9795665449151443_37.5791397220131316|126.9795478931843604_37.5790381290051698|126.9795326834604623_37.5788730174103378|126.9794969047037227_37.5780275498626395|126.9794687888132074_37.5765544121067592
2026-09-04T23:16:36.811991+09:00,광화문·덕수궁,광화문·덕수궁,POI009,KEY_2,1000014401,삼청로,1000021000,대한출판문화협회,126.9796046197648423_37.5765527706146756,1000019701,경복궁사거리,126.9795067975766756_37.5759255521593971,70.0,29.0,원활,126.9795067975766756_37.5759255521593971|126.9795516592807161_37.5761085342554608|126.9796031487506696_37.5764756650611034|126.9796046197648423_37.5765527706146756
2026-09-04T23:16:36.811991+09:00,광화문·덕수궁,광화문·덕수궁,POI009,KEY_2,1000014402,삼청로,1000022702,국군서울지구병원,126.9799873332334244_37.5799937943622950,1000021000,대한출판문화협회,126.9796046197648423_37.5765527706146756,385.0,32.0,원활,126.9796046197648423_37.5765527706146756|126.9796327193578946_37.5780249082326065|126.9796683669145381_37.5788672429607900|126.9796830227134734_37.5790263448128528|126.9797002616005130_37.5791202376619609|126.9797502489418548_37.5793006189381842|126.9799873332334244_37.5799937943622950
2026-09-04T23:16:36.811991+09:00,광화문·덕수궁,광화문·덕수궁,POI009,KEY_2,1000032200,사직로8길,1000015902,중앙지하차도(서측),126.9756117227963585_37.5742176029672024,1000016202,중앙지하차도(동측),126.9780305337901893_37.5744492911494277,215.0,33.3,원활,126.9780305337901893_37.5744492911494277|126.9772827190510327_37.5744032358319444|126.9771755284284893_37.5743945520917961|126.9766024909210955_37.5743251885524288|126.9761774658537661_37.5742806845081674|126.9756117227963585_37.5742176029672024
2026-09-04T23:16:36.811991+09:00,광화문·덕수궁,광화문·덕수궁,POI009,KEY_2,1000015201,효자로,1000022102,한글전각갤러리,126.9739017858953645_37.5793498869892204,1000019301,정부서울청사사거리,126.9743957935852450_37.5758074664167268,396.0,24.0,서행,126.9743957935852450_37.5758074664167268|126.9743764184428017_37.5760755345660726|126.9743092662572082_37.5764778948295017|126.9741719066146146_37.5773009081164844|126.9741268698984413_37.5775378120208856|126.9740611119599407_37.5778837117652031|126.9740177174622744_37.5782830491677231|126.9739017858953645_37.5793498869892204
2026-09-04T23:16:36.811991+09:00,광화문·덕수궁,광화문·덕수궁,POI009,KEY_2,1000023500,종로,1000007002,동아일보사,126.9783460265061024_37.5693222473721278,1000008803,광화문우체국,126.9784351192109852_37.5701413844145975,91.0,35.0,원활,126.9784351192109852_37.5701413844145975|126.9783460265061024_37.5693222473721278
2026-09-04T23:16:36.811991+09:00,광화문·덕수궁,광화문·덕수궁,POI009,KEY_2,1000023800,세종대로,1000007300,세종로1-80,126.9769534872362158_37.5695820797097966,1000007600,주한요르단명예영사관,126.9762019638013300_37.5701150604124336,93.0,24.0,서행,126.9762019638013300_37.5701150604124336|126.9765157204813590_37.5700245083348179|126.9765948042672790_37.5699744620325760|126.9767188239706144_37.5698815155413541|126.9768230812362049_37.5697756907165257|126.9769442873751473_37.5696462098692763|126.9769534872362158_37.5695820797097966
2026-09-04T23:16:36.811991+09:00,광화문·덕수궁,광화문·덕수궁,POI009,KEY_2,1000023900,종로,1000008000,동아일보사,126.9777588281918099_37.5701340596360964,1000007400,청계천광장,126.9770893091757529_37.5695834801641908,91.0,10.0,정체,126.9770893091757529_37.5695834801641908|126.9770963075021939_37.5696479702720865|126.9772094321437663_37.5697743360528662|126.9773459521211265_37.5699388507560457|126.9774735034476549_37.5700533015790512|126.9775723207871607_37.5701062430602590|126.9777588281918099_37.5701340596360964
2026-09-04T23:16:36.811991+09:00,광화문·덕수궁,광화문·덕수궁,POI009,KEY_2,1000025901,종로5길,1000008909,GS건설본사,126.9806366436472871_37.5713225324397655,1000013005,신라스테이(광화문),126.9801024195699028_37.5723985668960268,128.0,11.0,정체,126.9801024195699028_37.5723985668960268|126.9801274853195991_37.5723618756308824|126.9801882517644884_37.5722503255379436|126.9804583466781196_37.5717160525297444|126.9804740373480314_37.5716814217555211|126.9806366436472871_37.5713225324397655
2026-09-04T23:16:36.811991+09:00,광화문·덕수궁,광화문·덕수궁,POI009,KEY_2,1000026600,세종대로23길,1000103800,당주동 5-2,126.9738882499421777_37.5716930130245785,1000012005,당주동 50,126.9747605984092615_37.5716854222088443,77.0,21.0,서행,126.9747605984092615_37.5716854222088443|126.9741381445169708_37.5716908392042441|126.9738882499421777_37.5716930130245785
2026-09-04T23:16:36.811991+09:00,광화문·덕수궁,광화문·덕수궁,POI009,KEY_2,1000029000,삼봉로,1000013504,주한미국대사관,126.9784467211068915_37.5726032215874994,1000013702,미국대사관,126.9773159428094118_37.5726780742018107,102.0,38.0,원활,126.9773159428094118_37.5726780742018107|126.9782512339889990_37.5726820504358230|126.9783129244980984_37.5726656952107234|126.9784467211068915_37.5726032215874994
2026-09-04T23:16:36.811991+09:00,광화문·덕수궁,광화문·덕수궁,POI009,KEY_2,1000029100,삼봉로,1000013701,미국대사관,126.9773127388234570_37.5727861811112405,1000013506,주한미국대사관,126.9785034818852267_37.5727020694592397,108.0,23.0,서행,126.9785034818852267_37.5727020694592397|126.9783693699185818_37.5727646906777721|126.9782729085429054_37.5727902630233856|126.9773127388234570_37.5727861811112405
2026-09-04T23:16:36.811991+09:00,광화문·덕수궁,광화문·덕수궁,POI009,KEY_2,1000030300,종로5길,1000013007,신라스테이(광화문),126.9800318327919655_37.5725027624303252,1000003003,서울지방국세청,126.9792594302951443_37.5743021024994945,212.0,21.5,서행,126.9792594302951443_37.5743021024994945|126.9792759294909956_37.5741870574901426|126.9797264864295556_37.5733456984577785|126.9799216853167252_37.5728080378637372|126.9800098025583424_37.5725355279602269|126.9800318327919655_37.5725027624303252
2026-09-04T23:16:36.811991+09:00,광화문·덕수궁,광화문·덕수궁,POI009,KEY_2,1000030400,종로5길,1000003002,서울지방국세청,126.9793945615540594_37.5743132109144398,1000013001,신라스테이(광화문),126.9801555512632518_37.5725479005761187,208.0,24.0,서행,126.9801555512632518_37.5725479005761187|126.9801372815345815_37.5725750734258099|126.9800527402421295_37.5728365252146901|126.9798546919840163_37.5733820359051833|126.9794086508121325_37.5742149647006229|126.9793945615540594_37.5743132109144398
2026-09-04T23:16:36.811991+09:00,광화문·덕수궁,광화문·덕수궁,POI009,KEY_2,1000031700,인사동길,1000200000,관훈동 177-1,126.9846248795644641_37.5741354335962896,1000017903,안국동로터리,126.9830393503038977_37.5755166265144283,209.0,9.0,정체,126.9830393503038977_37.5755166265144283|126.9832578502403493_37.5753718765763765|126.9833833057397072_37.5752802649537472|126.9833874257963799_37.5752759258947009|126.9838138538233210_37.5748268274858290|126.9839983126868219_37.5746325599944413|126.9840028137515446_37.5746278195686330|126.9841931260739045_37.5744516475788828|126.9843256891268339_37.5743491032214507|126.9843944674535408_37.5742999847176264|126.9846248795644641_37.5741354335962896
2026-09-04T23:16:36.811991+09:00,광화문·덕수궁,광화문·덕수궁,POI009,KEY_2,1000032100,사직로8길,1000016201,중앙지하차도(동측),126.9780392001640763_37.5743414013185841,1000015901,중앙지하차도(서측),126.9756254491522043_37.5741101153048476,215.0,33.0,원활,126.9756254491522043_37.5741101153048476|126.9761957492264486_37.5741735473063159|126.9766215660821871_37.5742181343338189|126.9771926297512294_37.5742872595378330|126.9772948428578871_37.5742955404616978|126.9780392001640763_37.5743414013185841
2026-09-04T23:16:36.811991+09:00,광화문·덕수궁,광화문·덕수궁,POI009,KEY_2,1010005904,세종대로,1010017809,소공동주민센터,126.9763214748840596_37.5626583872939435,1010021603,시청앞광장,126.9768324946201261_37.5639716881909536,153.0,27.5,원활,126.9768324946201261_37.5639716881909536|126.9764915927669620_37.5630734109549138|126.9763214748840596_37.5626583872939435
2026-09-04T23:16:36.811991+09:00,광화문·덕수궁,광화문·덕수궁,POI009,KEY_2,1000032700,율곡로2길,1000064500,수송동 85,126.9808437743933212_37.5753197426095085,1000003002,서울지방국세청,126.9793945615540594_37.5743132109144398,170.0,22.5,서행,126.9793945615540594_37.5743132109144398|126.9794413053962359_37.5743246674037579|126.9795218589004548_37.5743613221576922|126.9800684692065005_37.5747696032537419|126.9808437743933212_37.5753197426095085
2026-09-04T23:16:36.811991+09:00,광화문·덕수궁,광화문·덕수궁,POI009,KEY_2,1000032800,율곡로2길,1000003001,서울지방국세청,126.9793545831470993_37.5744165416395930,1000019203,주한멕시코대사관,126.9811804454430160_37.5757381628755169,219.0,18.0,서행,126.9811804454430160_37.5757381628755169|126.9810303591040253_37.5755969856150003|126.9807533749140589_37.5754004466844975|126.9799767752529789_37.5748493879335896|126.9794405580789487_37.5744488693975143|126.9793869466254961_37.5744244737253723|126.9793545831470993_37.5744165416395930
2026-09-04T23:16:36.811991+09:00,광화문·덕수궁,광화문·덕수궁,POI009,KEY_2,1000033500,사직로8길,1000016700,광화문,126.9763532157447088_37.5747826865806687,1000018500,광화문,126.9756248255992830_37.5755943672526271,120.0,24.5,서행,126.9756248255992830_37.5755943672526271|126.9757224088591272_37.5755618208710729|126.9758504305735158_37.5754900338429323|126.9760508643001629_37.5753564685578638|126.9761754799532412_37.5752709023523934|126.9762520914758284_37.5751999395367235|126.9763079793872578_37.5751369053768087|126.9763381579947321_37.5750888967285448|126.9763591702643026_37.5749970467265655|126.9763532157447088_37.5747826865806687
2026-09-04T23:16:36.811991+09:00,광화문·덕수궁,광화문·덕수궁,POI009,KEY_2,1000033900,우정국로,1000017300,안국동사거리,126.9828039229332575_37.5749851341707171,1000018100,안국동사거리,126.9820370732549009_37.5756052331219763,102.0,25.0,원활,126.9820370732549009_37.5756052331219763|126.9822935365986751_37.5755095925525495|126.9827428871539610_37.5751967734075052|126.9827905797247212_37.5750539177611387|126.9828039229332575_37.5749851341707171
2026-09-04T23:16:36.811991+09:00,광화문·덕수궁,광화문·덕수궁,POI009,KEY_2,1000034600,종로1길,1000018300,경복궁사거리,126.9791985772177298_37.5755559719213679,1000019100,경복궁,126.9786480964121154_37.5756876675167888,52.0,24.0,서행,126.9786480964121154_37.5756876675167888|126.9788862592677674_37.5756563323175570|126.9790599923662171_37.5756153599018674|126.9791438638352332_37.5755915362356276|126.9791953891944161_37.5755648461559062|126.9791985772177298_37.5755559719213679
2026-09-04T23:16:36.811991+09:00,광화문·덕수궁,광화문·덕수궁,POI009,KEY_2,1000034900,율곡로,1000019401,경복궁,126.9801381644492011_37.5758813627365100,1000018200,경복궁,126.9792457576218681_37.5753789068622197,101.0,29.0,원활,126.9792457576218681_37.5753789068622197|126.9793355830232144_37.5754952608411301|126.9794316395642397_37.5755988334256017|126.9795071017629624_37.5756589212616419|126.9796274882100420_37.5757347490756146|126.9797877149027556_37.5758145479697703|126.9801381644492011_37.5758813627365100
2026-09-04T23:16:36.811991+09:00,광화문·덕수궁,광화문·덕수궁,POI009,KEY_2,1000035200,사직로,1000020200,경복궁,126.9786283706113750_37.5757946408291801,1000020600,대한출판문화협회,126.9794687888132074_37.5765544121067592,118.0,27.0,원활,126.9794687888132074_37.5765544121067592|126.9794368084534142_37.5764098329770562|126.9791960602808700_37.5761637733622180|126.9789750836954596_37.5759177176703147|126.9788694300669647_37.5758537146814078|126.9786283706113750_37.5757946408291801
2026-09-04T23:16:36.811991+09:00,광화문·덕수궁,광화문·덕수궁,POI009,KEY_2,1000035300,삼청로,1000021000,대한출판문화협회,126.9796046197648423_37.5765527706146756,1000020300,경복궁,126.9801205068413168_37.5759892604625989,93.0,8.0,정체,126.9801205068413168_37.5759892604625989|126.9797298312382878_37.5760780464987292|126.9796597331679635_37.5761137931100748|126.9796040049640879_37.5761795786155588|126.9796046197648423_37.5765527706146756
2026-09-04T23:16:36.811991+09:00,광화문·덕수궁,광화문·덕수궁,POI009,KEY_2,1000046300,새문안로2길,1000031901,LG생활건강본사,126.9726562477517007_37.5694752037596373,1010034407,덕수초교앞,126.9742405418020041_37.5694753085403192,140.0,5.0,정체,126.9742405418020041_37.5694753085403192|126.9737001184918910_37.5694668895599477|126.9732258257600250_37.5694752072557421|126.9732250058664107_37.5694752072526938|126.9726562477517007_37.5694752037596373
2026-09-04T23:16:36.811991+09:00,광화문·덕수궁,광화문·덕수궁,POI009,KEY_2,1000046400,새문안로2길,1010034406,덕수초교앞,126.9742124026112293_37.5693667298241039,1000031902,LG생활건강본사,126.9726548639586667_37.5693670843502048,138.0,20.0,서행,126.9726548639586667_37.5693670843502048|126.9732243295454310_37.5693670883595701|126.9736984915906817_37.5693587722487976|126.9736999516345151_37.5693587466388053|126.9742124026112293_37.5693667298241039
2026-09-04T23:16:36.811991+09:00,광화문·덕수궁,광화문·덕수궁,POI009,KEY_2,1000046500,종로3길,1000008602,KT광화문빌딩East,126.9793723999539878_37.5713097781531999,1000008909,GS건설본사,126.9806366436472871_37.5713225324397655,112.0,12.0,정체,126.9806366436472871_37.5713225324397655|126.9793723999539878_37.5713097781531999
2026-09-04T23:16:36.811991+09:00,광화문·덕수궁,광화문·덕수궁,POI009,KEY_2,1000046600,종로3길,1000008908,GS건설본사,126.9806854115378769_37.5712148957716821,1000008603,KT광화문빌딩East,126.9793750304311573_37.5712016763059680,116.0,17.0,서행,126.9793750304311573_37.5712016763059680|126.9806854115378769_37.5712148957716821
2026-09-04T23:16:36.811991+09:00,광화문·덕수궁,광화문·덕수궁,POI009,KEY_2,1000046900,새문안로5길,1000012006,국토매일신문,126.9746696177836469_37.5730735623354022,1000032002,세종문화회관,126.9758250290710748_37.5731209316015295,105.0,11.0,정체,126.9758250290710748_37.5731209316015295|126.9757824820902385_37.5730812205397768|126.9757224844348826_37.5730583643911942|126.9746696177836469_37.5730735623354022
2026-09-04T23:16:36.811991+09:00,광화문·덕수궁,광화문·덕수궁,POI009,KEY_2,1010006002,세종대로,1010021602,시청앞광장,126.9769689889781006_37.5639574810137518,1010015700,숭례문,126.9758216757282128_37.5609807560682611,346.0,21.0,서행,126.9758216757282128_37.5609807560682611|126.9761127772680140_37.5617942588954108|126.9761509252078469_37.5618937585952821|126.9764084629013752_37.5625220596037011|126.9764505959815182_37.5626248484352132|126.9766211792211692_37.5630410044178191|126.9769689889781006_37.5639574810137518
2026-09-04T23:16:36.811991+09:00,광화문·덕수궁,광화문·덕수궁,POI009,KEY_2,1010007305,서소문로,1010060500,서소문동 42-3,126.9748814331857290_37.5634753132613639,1010021604,시청앞광장,126.9768728564433928_37.5640783561644085,191.0,13.5,정체,126.9768728564433928_37.5640783561644085|126.9766787939362445_37.5640859652900971|126.9765523317762188_37.5640754535460886|126.9763400428201123_37.5640251139761148|126.9749917778751325_37.5635158830683409|126.9748814331857290_37.5634753132613639
2026-09-04T23:16:36.811991+09:00,광화문·덕수궁,광화문·덕수궁,POI009,KEY_2,1010007405,서소문로,1010021603,시청앞광장,126.9768324946201261_37.5639716881909536,1010020202,중앙일보사,126.9742502538365869_37.5631241528421853,249.0,11.0,정체,126.9742502538365869_37.5631241528421853|126.9749383845103381_37.5633771573157134|126.9750493665217306_37.5634179614493959|126.9763888286545210_37.5639238670732283|126.9765790012718583_37.5639689628774178|126.9766825277856697_37.5639775680622137|126.9768324946201261_37.5639716881909536
2026-09-04T23:16:36.811991+09:00,광화문·덕수궁,광화문·덕수궁,POI009,KEY_2,1010007500,소공로,1010017903,한국은행앞교차로,126.9811556456876929_37.5619216279188848,1010021703,소공로지하상가,126.9793735854893129_37.5639048297059688,271.0,14.0,정체,126.9793735854893129_37.5639048297059688|126.9799260872659801_37.5633234478845921|126.9804607657373765_37.5627352047527836|126.9809958432867205_37.5621465108158432|126.9811556456876929_37.5619216279188848
2026-09-04T23:16:36.811991+09:00,광화문·덕수궁,광화문·덕수궁,POI009,KEY_2,1010008401,세종대로18길,1010021203,우성빌딩,126.9777193951018148_37.5638099385310227,1010021602,시청앞광장,126.9769689889781006_37.5639574810137518,68.0,32.0,원활,126.9769689889781006_37.5639574810137518|126.9777193951018148_37.5638099385310227
2026-09-04T23:16:36.811991+09:00,광화문·덕수궁,광화문·덕수궁,POI009,KEY_2,1010008402,세종대로18길,1010073800,소공동 87-15,126.9784945856248157_37.5638009334543241,1010021202,우성빌딩,126.9778443694909242_37.5637825313256783,58.0,12.0,정체,126.9778443694909242_37.5637825313256783|126.9779245419285019_37.5637634021338656|126.9780550037610567_37.5637507097928918|126.9781651142375978_37.5637590779395225|126.9784945856248157_37.5638009334543241
2026-09-04T23:16:36.811991+09:00,광화문·덕수궁,광화문·덕수궁,POI009,KEY_2,1010009100,남대문로7길,1010021108,호텔이비스명동,126.9820519451972700_37.5636664770067483,1010021702,소공로지하상가,126.9795475428450970_37.5639009918525275,227.0,10.0,정체,126.9795475428450970_37.5639009918525275|126.9796803370022360_37.5638948862261515|126.9806310216740002_37.5639896452279629|126.9820519451972700_37.5636664770067483
2026-09-04T23:16:36.811991+09:00,광화문·덕수궁,광화문·덕수궁,POI009,KEY_2,1010009200,남대문로7길,1010021701,소공로지하상가,126.9794402894512473_37.5640142229526717,1010021109,호텔이비스명동,126.9820873216543333_37.5637708767384169,240.0,21.5,서행,126.9820873216543333_37.5637708767384169|126.9806416666700954_37.5640996703370931|126.9796757766825266_37.5640033960331934|126.9794402894512473_37.5640142229526717
2026-09-04T23:16:36.811991+09:00,광화문·덕수궁,광화문·덕수궁,POI009,KEY_2,1010009501,소공로,1010021704,소공로지하상가,126.9792789797845671_37.5640057968385435,1010023303,조선호텔,126.9788152991022230_37.5645029149171776,69.0,27.0,원활,126.9788152991022230_37.5645029149171776|126.9792789797845671_37.5640057968385435
2026-09-04T23:16:36.811991+09:00,광화문·덕수궁,광화문·덕수궁,POI009,KEY_2,1010009502,소공로,1010023304,조선호텔,126.9787312154575005_37.5645930511843886,1010024703,시청앞광장,126.9784672029423973_37.5649273269454653,44.0,27.0,원활,126.9784672029423973_37.5649273269454653|126.9785328581880179_37.5648259321764542|126.9786099909753290_37.5647229929441977|126.9787312154575005_37.5645930511843886
2026-09-04T23:16:36.811991+09:00,광화문·덕수궁,광화문·덕수궁,POI009,KEY_2,1010009601,소공로,1010023302,조선호텔,126.9789243502561220_37.5645673683433330,1010021701,소공로지하상가,126.9794402894512473_37.5640142229526717,76.0,30.0,원활,126.9794402894512473_37.5640142229526717|126.9789243502561220_37.5645673683433330
2026-09-04T23:16:36.811991+09:00,광화문·덕수궁,광화문·덕수궁,POI009,KEY_2,1010009602,소공로,1010024701,속성변화점,126.9786056986612977_37.5650244624703831,1010023301,조선호텔,126.9788402605382771_37.5646575116433681,47.0,24.0,서행,126.9788402605382771_37.5646575116433681|126.9787231273203787_37.5647830692895752|126.9786516629586544_37.5648784430538711|126.9786287557715099_37.5649138199071757|126.9786056986612977_37.5650244624703831
2026-09-04T23:16:36.811991+09:00,광화문·덕수궁,광화문·덕수궁,POI009,KEY_2,1010009902,세종대로,1010021604,시청앞광장,126.9768728564433928_37.5640783561644085,1010024204,시청앞교차로,126.9770880989032236_37.5648197786229900,85.0,21.0,서행,126.9770880989032236_37.5648197786229900|126.9770591791834136_37.5646629693451288|126.9770001947957212_37.5644354373990907|126.9769219936512883_37.5642088549141349|126.9768728564433928_37.5640783561644085
2026-09-04T23:16:36.811991+09:00,광화문·덕수궁,광화문·덕수궁,POI009,KEY_2,1010010000,세종대로,1010024203,시청앞교차로,126.9772135411598413_37.5647555843739269,1010021601,시청앞광장,126.9770081698073909_37.5640611462049279,79.0,29.5,원활,126.9770081698073909_37.5640611462049279|126.9770525488461743_37.5641790078298783|126.9771323290460572_37.5644101639924273|126.9771929938028450_37.5646441761629077|126.9772135411598413_37.5647555843739269
2026-09-04T23:16:36.811991+09:00,광화문·덕수궁,광화문·덕수궁,POI009,KEY_2,1010011000,덕수궁길,1010003702,국립현대미술관(덕수궁),126.9734800713954428_37.5653099277390794,1010024205,시청앞교차로,126.9771111379704962_37.5649683842586413,350.0,26.3,원활,126.9771111379704962_37.5649683842586413|126.9769955437966189_37.5648997036250520|126.9769191129801698_37.5648841239987448|126.9762643259252286_37.5649661911538288|126.9761744747147532_37.5649770829893868|126.9759779520215517_37.5650009053778362|126.9758689949813260_37.5650050124235619|126.9752013280298399_37.5649548066137768|126.9751376722967393_37.5649475156969572|126.9743014077374426_37.5648517294047579|126.9740978380537513_37.5648406360021241|126.9740518977143893_37.5648432379020889|126.9740231183313881_37.5648571744892976|126.9736843653272729_37.5652451675209207|126.9735504744861458_37.5653043393530339|126.9734800713954428_37.5653099277390794
2026-09-04T23:16:36.811991+09:00,광화문·덕수궁,광화문·덕수궁,POI009,KEY_2,1010011100,소공로,1010024703,시청앞광장,126.9784672029423973_37.5649273269454653,1010024202,시청앞교차로,126.9772712943529740_37.5649019993645936,106.0,29.0,원활,126.9772712943529740_37.5649019993645936|126.9774098801302102_37.5649281244663342|126.9776269810423628_37.5649428736685351|126.9783249021099323_37.5649392241840445|126.9784672029423973_37.5649273269454653
2026-09-04T23:16:36.811991+09:00,광화문·덕수궁,광화문·덕수궁,POI009,KEY_2,1010011200,소공로,1010024201,시청앞교차로,126.9772516593585294_37.5650094083765893,1010024704,시청앞광장,126.9784659259494219_37.5650361481380060,108.0,15.0,서행,126.9784659259494219_37.5650361481380060|126.9783324600417700_37.5650473063687187|126.9776216401868254_37.5650510228301613|126.9773883375840597_37.5650351731031407|126.9772516593585294_37.5650094083765893
2026-09-04T23:16:36.811991+09:00,광화문·덕수궁,광화문·덕수궁,POI009,KEY_2,1010012500,을지로,1010024704,시청앞광장,126.9784659259494219_37.5650361481380060,1010004003,시청앞교차로,126.9789708087737665_37.5659839969886207,114.0,12.0,정체,126.9789708087737665_37.5659839969886207|126.9788675333299039_37.5658318303835728|126.9786502993091943_37.5654208830312371|126.9784659259494219_37.5650361481380060
2026-09-04T23:16:36.811991+09:00,광화문·덕수궁,광화문·덕수궁,POI009,KEY_2,1010012600,을지로,1010004002,시청앞교차로,126.9790903112125449_37.5659326054826721,1010024701,속성변화점,126.9786056986612977_37.5650244624703831,110.0,21.0,서행,126.9786056986612977_37.5650244624703831|126.9787763856751894_37.5653806366447611|126.9789901698400030_37.5657850581407118|126.9790903112125449_37.5659326054826721
2026-09-04T23:16:36.811991+09:00,광화문·덕수궁,광화문·덕수궁,POI009,KEY_2,1010013800,세종대로,1010004902,강원도민일보(서울본부),126.9771979915670101_37.5670009920858590,1010024201,시청앞교차로,126.9772516593585294_37.5650094083765893,221.0,38.0,원활,126.9772516593585294_37.5650094083765893|126.9772632229602749_37.5651213527824481|126.9772704963173453_37.5652669803863901|126.9772680209366058_37.5654083777349115|126.9772559424266944_37.5656434912380419|126.9771979915670101_37.5670009920858590
2026-09-04T23:16:36.811991+09:00,광화문·덕수궁,광화문·덕수궁,POI009,KEY_2,1010013901,을지로,1010004001,시청앞교차로,126.9791355868352127_37.5660429362421766,1010027204,일본국제관광진흥기구서울사무소,126.9796194072220459_37.5660647181267464,43.0,22.0,서행,126.9796194072220459_37.5660647181267464|126.9791355868352127_37.5660429362421766
2026-09-04T23:16:36.811991+09:00,광화문·덕수궁,광화문·덕수궁,POI009,KEY_2,1010014001,을지로,1010141800,을지로1가 50-1,126.9805253177826074_37.5659685214828443,1010004002,시청앞교차로,126.9790903112125449_37.5659326054826721,127.0,10.0,정체,126.9790903112125449_37.5659326054826721|126.9796270767268993_37.5659567711099385|126.9797571380910313_37.5659602844908065|126.9805253177826074_37.5659685214828443
2026-09-04T23:16:36.811991+09:00,광화문·덕수궁,광화문·덕수궁,POI009,KEY_2,1010015200,정동길,1010053500,정동 6-1,126.9726302734250396_37.5657818964494226,1010003701,국립현대미술관(덕수궁),126.9734172515147748_37.5653215661761095,86.0,18.5,서행,126.9734172515147748_37.5653215661761095|126.9731819807769568_37.5654408147970216|126.9726302734250396_37.5657818964494226
2026-09-04T23:16:36.811991+09:00,광화문·덕수궁,광화문·덕수궁,POI009,KEY_2,1010015400,무교로,1010004802,한국체육박물관,126.9792639816276676_37.5669296274705644,1010004001,시청앞교차로,126.9791355868352127_37.5660429362421766,99.0,18.0,서행,126.9791355868352127_37.5660429362421766|126.9792051056433166_37.5662774283455079|126.9792449697865493_37.5664901136539342|126.9792639816276676_37.5669296274705644
2026-09-04T23:16:36.811991+09:00,광화문·덕수궁,광화문·덕수궁,POI009,KEY_2,1010016400,세종대로20길,1010152400,태평로1가 31-1,126.9781614739919320_37.5671149535760875,1010004804,한국체육박물관,126.9791327692852860_37.5670432031565085,86.0,14.5,정체,126.9791327692852860_37.5670432031565085|126.9790021637939503_37.5670657791657803|126.9788569191823626_37.5670778321488825|126.9783926986433755_37.5671163538151802|126.9781614739919320_37.5671149535760875
2026-09-04T23:16:36.811991+09:00,광화문·덕수궁,광화문·덕수궁,POI009,KEY_2,1010017601,무교로,1010141400,무교동 44-1,126.9793100041751046_37.5679689583533047,1010004801,한국체육박물관,126.9792685302403470_37.5670397690594271,103.0,7.0,정체,126.9792685302403470_37.5670397690594271|126.9792880141313276_37.5675278005997768|126.9792897236795000_37.5675706209739317|126.9793100041751046_37.5679689583533047
2026-09-04T23:16:36.811991+09:00,광화문·덕수궁,광화문·덕수궁,POI009,KEY_2,1010017602,무교로,1010034301,무교동사거리,126.9793440155466442_37.5692674718774171,1010034101,무교동사거리,126.9793610650683036_37.5689718470786644,33.0,8.0,정체,126.9793610650683036_37.5689718470786644|126.9793440155466442_37.5692674718774171
2026-09-04T23:16:36.811991+09:00,광화문·덕수궁,광화문·덕수궁,POI009,KEY_2,1010017701,덕수궁길,1010003708,국립현대미술관(덕수궁),126.9733973038882908_37.5653215550209438,1010034405,덕수초교앞,126.9742636314177417_37.5692915440127635,470.0,18.0,서행,126.9742636314177417_37.5692915440127635|126.9742609154399133_37.5692318560367440|126.9741806606774475_37.5688123115606558|126.9741708329106444_37.5687509002550755|126.9741496491990489_37.5687070234402825|126.9733330667186380_37.5677499979341434|126.9732604662010260_37.5676432387449850|126.9732135563309470_37.5675636296405173|126.9732109235822293_37.5675447199477688|126.9732028295893542_37.5674865848597861|126.9732067525657442_37.5673829793437548|126.9732946020034490_37.5669917355047289|126.9734162527930152_37.5666474960378096|126.9734297415941171_37.5665457649226155|126.9734351774182528_37.5662640535461065|126.9734319058327827_37.5653823750330673|126.9734292579386477_37.5653516838069237|126.9734209124859774_37.5653359703583263|126.9733973038882908_37.5653215550209438
2026-09-04T23:16:36.811991+09:00,광화문·덕수궁,광화문·덕수궁,POI009,KEY_2,1010017702,덕수궁길,1010034408,덕수초교앞,126.9742709920243016_37.5695017977150982,1000007903,신문로1가 5-4,126.9743707219120381_37.5701009152256020,67.0,16.5,서행,126.9743707219120381_37.5701009152256020|126.9742714713144238_37.5695298211502120|126.9742709920243016_37.5695017977150982
2026-09-04T23:16:36.811991+09:00,광화문·덕수궁,광화문·덕수궁,POI009,KEY_2,1010017801,덕수궁길,1010142200,정동 1-36,126.9733459274212635_37.5675328106811506,1010003703,국립현대미술관(덕수궁),126.9735218655151243_37.5652613466895460,255.0,15.0,서행,126.9735218655151243_37.5652613466895460|126.9735320491287638_37.5652675646712737|126.9735632083507113_37.5653262373116092|126.9735677185460503_37.5653785069074999|126.9735710082390199_37.5662647237383496|126.9735654610655899_37.5665522825597762|126.9735501225163148_37.5666679552866043|126.9734271477770164_37.5670159427351393|126.9733422194510410_37.5673941796546416|126.9733388862719750_37.5674822368240626|126.9733459274212635_37.5675328106811506
2026-09-04T23:16:36.811991+09:00,광화문·덕수궁,광화문·덕수궁,POI009,KEY_2,1010017802,덕수궁길,1000007902,신문로1가 5-4,126.9745078099836633_37.5701006884260735,1010034401,덕수초교앞,126.9744068784933120_37.5695041013549940,67.0,19.0,서행,126.9744068784933120_37.5695041013549940|126.9744071786620196_37.5695216461825154|126.9745078099836633_37.5701006884260735
2026-09-04T23:16:36.811991+09:00,광화문·덕수궁,광화문·덕수궁,POI009,KEY_2,1010018100,세종대로,1010024205,시청앞교차로,126.9771111379704962_37.5649683842586413,1010036201,청계광장,126.9769724776174371_37.5689758850454254,445.0,29.0,원활,126.9769724776174371_37.5689758850454254|126.9770357842986499_37.5675064469025131|126.9770571241010231_37.5671045176161513|126.9770622406749681_37.5669973200828053|126.9771202099424414_37.5656394465692429|126.9771322330851717_37.5654054151655075|126.9771346338183520_37.5652683750225975|126.9771276194723697_37.5651279335943542|126.9771111379704962_37.5649683842586413
2026-09-04T23:16:36.811991+09:00,광화문·덕수궁,광화문·덕수궁,POI009,KEY_2,1010018200,세종대로,1000002000,청계광장,126.9771060680401717_37.5690311929919076,1010004901,강원도민일보(서울본부),126.9771928320576109_37.5671090827981402,213.0,42.7,원활,126.9771928320576109_37.5671090827981402|126.9771715167423451_37.5675105826680635|126.9771060680401717_37.5690311929919076
2026-09-04T23:16:36.811991+09:00,광화문·덕수궁,광화문·덕수궁,POI009,KEY_2,1010037000,남대문로1길,1010023102,서울프라자호텔,126.9781270908112134_37.5644147123986087,1010021201,우성빌딩,126.9778833665384354_37.5638860982800367,62.0,5.0,정체,126.9778833665384354_37.5638860982800367|126.9781270908112134_37.5644147123986087
2026-09-04T23:16:36.811991+09:00,광화문·덕수궁,광화문·덕수궁,POI009,KEY_2,1010037100,남대문로1길,1010021204,우성빌딩,126.9777519647640105_37.5639149035560536,1010023103,서울프라자호텔,126.9779917291016176_37.5644349310718795,61.0,5.0,정체,126.9779917291016176_37.5644349310718795|126.9777519647640105_37.5639149035560536
2026-09-04T23:16:36.811991+09:00,광화문·덕수궁,광화문·덕수궁,POI009,KEY_2,1010037700,서소문로11길,1010119100,정동 34-31,126.9727951808603876_37.5647038792147114,1010003707,국립현대미술관(덕수궁),126.9733026963352955_37.5652751287957045,97.0,17.0,서행,126.9733026963352955_37.5652751287957045|126.9731147506106339_37.5651909181462429|126.9727976869032062_37.5651133337218468|126.9727288163474412_37.5650455719333536|126.9727288478402016_37.5649591817261097|126.9727803611883274_37.5647836723506359|126.9727951808603876_37.5647038792147114
2026-09-04T23:16:36.811991+09:00,광화문·덕수궁,광화문·덕수궁,POI009,KEY_2,1010038300,소공로,1010023101,서울프라자호텔,126.9781769454158393_37.5645228411741812,1010023304,조선호텔,126.9787312154575005_37.5645930511843886,50.0,16.0,서행,126.9787312154575005_37.5645930511843886|126.9785957557285769_37.5645517262991930|126.9784554783557979_37.5645322032255891|126.9782121876750836_37.5645228476832003|126.9781769454158393_37.5645228411741812
2026-09-04T23:16:36.811991+09:00,광화문·덕수궁,광화문·덕수궁,POI009,KEY_2,1010039000,소공로,1010024202,시청앞교차로,126.9772712943529740_37.5649019993645936,1010023104,서울프라자호텔,126.9780385528240316_37.5645364866542977,82.0,4.0,정체,126.9780385528240316_37.5645364866542977|126.9776055199770184_37.5646501981039478|126.9774312688185773_37.5647230654274864|126.9773645076050741_37.5647713550531037|126.9773054583435652_37.5648401473905977|126.9772712943529740_37.5649019993645936
2026-09-04T23:16:36.811991+09:00,광화문·덕수궁,광화문·덕수궁,POI009,KEY_2,1010045900,새문안로2길,1010034503,조선일보본사,126.9757336729328898_37.5693927914711736,1010034403,덕수초교앞,126.9744623970510844_37.5693699781441666,112.0,41.0,원활,126.9744623970510844_37.5693699781441666|126.9751125420028046_37.5693767090831088|126.9754684882037736_37.5693803926704959|126.9757336729328898_37.5693927914711736
2026-09-04T23:16:36.811991+09:00,광화문·덕수궁,광화문·덕수궁,POI009,KEY_2,1010046000,새문안로2길,1010034402,덕수초교앞,126.9744431042179968_37.5694779067993210,1010034504,조선일보본사,126.9756904321789079_37.5694990761609162,110.0,25.0,원활,126.9756904321789079_37.5694990761609162|126.9754636204795446_37.5694884714731927|126.9751107757574573_37.5694848197226179|126.9744431042179968_37.5694779067993210
2026-09-04T23:16:36.811991+09:00,보신각,보신각,POI010,KEY_3,1000000303,종로,1000008703,종로1가사거리,126.9828971865418197_37.5701731264087542,1000007700,종로1가,126.9822109960776402_37.5701758601934444,61.0,4.0,정체,126.9822109960776402_37.5701758601934444|126.9824008620181672_37.5701779915733454|126.9828971865418197_37.5701731264087542
2026-09-04T23:16:36.811991+09:00,보신각,보신각,POI010,KEY_3,1000000401,종로,1000008606,종로구청입구교차로,126.9793844377634713_37.5702575676490582,1000008905,SK빌딩,126.9809530025248421_37.5702700889503021,139.0,15.0,서행,126.9809530025248421_37.5702700889503021|126.9798986206276368_37.5702616744867512|126.9793844377634713_37.5702575676490582
2026-09-04T23:16:36.811991+09:00,보신각,보신각,POI010,KEY_3,1000000402,종로,1000008902,SK빌딩,126.9810888552751891_37.5702713893331790,1000009500,종로1가,126.9822090811274506_37.5702839694386270,99.0,13.0,정체,126.9822090811274506_37.5702839694386270|126.9810888552751891_37.5702713893331790
2026-09-04T23:16:36.811991+09:00,보신각,보신각,POI010,KEY_3,1000000403,종로,1000009500,종로1가,126.9822090811274506_37.5702839694386270,1000008704,종로1가사거리,126.9829124807839946_37.5702811035568871,62.0,15.0,서행,126.9829124807839946_37.5702811035568871|126.9824007403594095_37.5702861200097971|126.9822090811274506_37.5702839694386270
2026-09-04T23:16:36.811991+09:00,보신각,보신각,POI010,KEY_3,1000000501,종로,1000008701,종로1가사거리,126.9830485481293891_37.5702800768006568,1000009600,종로1가,126.9837104338048164_37.5702764015435093,58.0,29.0,원활,126.9837104338048164_37.5702764015435093|126.9830485481293891_37.5702800768006568
2026-09-04T23:16:36.811991+09:00,보신각,보신각,POI010,KEY_3,1000000502,종로,1000231500,종로2가 1-2,126.9840871569151233_37.5702743076942411,1000009104,종각지하쇼핑센터,126.9856860459643428_37.5702623526753499,141.0,17.0,서행,126.9856860459643428_37.5702623526753499|126.9846512311403757_37.5702711702886205|126.9844496207387294_37.5702722919640593|126.9840871569151233_37.5702743076942411
2026-09-04T23:16:36.811991+09:00,보신각,보신각,POI010,KEY_3,1000000503,종로,1000009101,종각지하쇼핑센터,126.9858227292488380_37.5702608423529298,1000008504,종로2가교차로,126.9876156819137520_37.5702574924147754,158.0,20.0,서행,126.9876156819137520_37.5702574924147754|126.9871453036203235_37.5702428823229511|126.9869246551587310_37.5702458796709990|126.9858227292488380_37.5702608423529298
2026-09-04T23:16:36.811991+09:00,보신각,보신각,POI010,KEY_3,1000000601,종로,1000007800,종로1가,126.9837094850009294_37.5701682846705296,1000008702,종로1가사거리,126.9830343185050481_37.5701720336345346,60.0,10.0,정체,126.9830343185050481_37.5701720336345346|126.9837094850009294_37.5701682846705296
2026-09-04T23:16:36.811991+09:00,보신각,보신각,POI010,KEY_3,1000000602,종로,1000231400,종로2가 1-2,126.9840862081807984_37.5701661909693030,1000007800,종로1가,126.9837094850009294_37.5701682846705296,33.0,16.0,서행,126.9837094850009294_37.5701682846705296|126.9840862081807984_37.5701661909693030
2026-09-04T23:16:36.811991+09:00,보신각,보신각,POI010,KEY_3,1000000603,종로,1000181900,종로2가 84-11,126.9869223374955283_37.5701377759501440,1000009102,종각지하쇼핑센터,126.9858204131049462_37.5701527379884581,97.0,11.0,정체,126.9858204131049462_37.5701527379884581|126.9869223374955283_37.5701377759501440
2026-09-04T23:16:36.811991+09:00,보신각,보신각,POI010,KEY_3,1000003001,청계천로,1010033701,광교사거리,126.9828472617604831_37.5690310653232729,1000006702,동광빌딩,126.9856496555834724_37.5685348675876654,254.0,17.0,서행,126.9856496555834724_37.5685348675876654|126.9845929724430675_37.5687445528897968|126.9830379501262456_37.5690132418433791|126.9828472617604831_37.5690310653232729
2026-09-04T23:16:36.811991+09:00,보신각,보신각,POI010,KEY_3,1000003002,청계천로,1000006701,동광빌딩,126.9857835455856332_37.5685053538768585,1010032702,청계2가,126.9876182832415594_37.5682809508841231,165.0,13.0,정체,126.9876182832415594_37.5682809508841231|126.9873100375229313_37.5682871695245453|126.9868524145434350_37.5683023760080914|126.9865577109127059_37.5683366707556416|126.9863804072084292_37.5683652570468496|126.9861647659198667_37.5684129099601307|126.9857835455856332_37.5685053538768585
2026-09-04T23:16:36.811991+09:00,보신각,보신각,POI010,KEY_3,1000003400,청계천로,1010034301,무교동사거리,126.9793440155466442_37.5692674718774171,1010033702,광교사거리,126.9827120922386285_37.5690419071249693,299.0,23.0,서행,126.9827120922386285_37.5690419071249693|126.9793440155466442_37.5692674718774171
2026-09-04T23:16:36.811991+09:00,보신각,보신각,POI010,KEY_3,1000004701,우정국로,1010033702,광교사거리,126.9827120922386285_37.5690419071249693,1000007200,종로1가,126.9827935302844111_37.5696197701673924,65.0,18.0,서행,126.9827935302844111_37.5696197701673924|126.9827458886658889_37.5693654356143227|126.9827120922386285_37.5690419071249693
2026-09-04T23:16:36.811991+09:00,보신각,보신각,POI010,KEY_3,1000004702,우정국로,1000007200,종로1가,126.9827935302844111_37.5696197701673924,1000008703,종로1가사거리,126.9828971865418197_37.5701731264087542,62.0,31.0,원활,126.9828971865418197_37.5701731264087542|126.9827935302844111_37.5696197701673924
2026-09-04T23:16:36.811991+09:00,보신각,보신각,POI010,KEY_3,1000004801,우정국로,1000007100,종로1가,126.9829278791696936_37.5696038258341787,1010033701,광교사거리,126.9828472617604831_37.5690310653232729,64.0,23.3,서행,126.9828472617604831_37.5690310653232729|126.9828808883077329_37.5693529710736058|126.9829278791696936_37.5696038258341787
2026-09-04T23:16:36.811991+09:00,보신각,보신각,POI010,KEY_3,1000004802,우정국로,1000008702,종로1가사거리,126.9830343185050481_37.5701720336345346,1000007100,종로1가,126.9829278791696936_37.5696038258341787,64.0,21.0,서행,126.9829278791696936_37.5696038258341787|126.9830343185050481_37.5701720336345346
2026-09-04T23:16:36.811991+09:00,보신각,보신각,POI010,KEY_3,1000006501,우정국로,1000008704,종로1가사거리,126.9829124807839946_37.5702811035568871,1000010800,종로1가,126.9829520973026149_37.5707555248776544,53.0,17.0,서행,126.9829520973026149_37.5707555248776544|126.9829508691110647_37.5707257702316255|126.9829124807839946_37.5702811035568871
2026-09-04T23:16:36.811991+09:00,보신각,보신각,POI010,KEY_3,1000006502,우정국로,1000010800,종로1가,126.9829520973026149_37.5707555248776544,1000012403,조계사앞교차로,126.9829706356902221_37.5719776537276218,136.0,18.0,서행,126.9829706356902221_37.5719776537276218|126.9829821214281083_37.5714823927012560|126.9829655468528955_37.5710811329590442|126.9829520973026149_37.5707555248776544
2026-09-04T23:16:36.811991+09:00,보신각,보신각,POI010,KEY_3,1000006601,우정국로,1000010700,종로1가,126.9830878603485758_37.5707519719581455,1000008701,종로1가사거리,126.9830485481293891_37.5702800768006568,52.0,18.0,서행,126.9830485481293891_37.5702800768006568|126.9830865510382267_37.5707202864689833|126.9830878603485758_37.5707519719581455
2026-09-04T23:16:36.811991+09:00,보신각,보신각,POI010,KEY_3,1000006602,우정국로,1000090100,공평동 98,126.9831013100779558_37.5710775801252623,1000010700,종로1가,126.9830878603485758_37.5707519719581455,36.0,7.0,정체,126.9830878603485758_37.5707519719581455|126.9831013100779558_37.5710775801252623
2026-09-04T23:16:36.811991+09:00,보신각,보신각,POI010,KEY_3,1000007502,삼봉로,1000012403,조계사앞교차로,126.9829706356902221_37.5719776537276218,1000013004,신라스테이(광화문),126.9801805317354280_37.5724047958457916,252.0,14.0,정체,126.9801805317354280_37.5724047958457916|126.9804914824202910_37.5723319178106152|126.9811053055208276_37.5721880522337770|126.9822536902158987_37.5720311041132078|126.9827182491962247_37.5719849537863269|126.9829706356902221_37.5719776537276218
2026-09-04T23:16:36.811991+09:00,보신각,보신각,POI010,KEY_3,1000007602,삼봉로,1000140500,수송동 80-4,126.9805298527977442_37.5724356343591879,1000012404,조계사앞교차로,126.9829679360295245_37.5720859226599799,219.0,20.0,서행,126.9829679360295245_37.5720859226599799|126.9827291479286515_37.5720928297221519|126.9822736058986408_37.5721380840541883|126.9811360893303345_37.5722935474607382|126.9805298527977442_37.5724356343591879
2026-09-04T23:16:36.811991+09:00,보신각,보신각,POI010,KEY_3,1000009201,우정국로,1000085100,견지동 110-2,126.9830654526105036_37.5729316051841806,1000012401,조계사앞교차로,126.9831034437596884_37.5720995445690349,92.0,9.0,정체,126.9831034437596884_37.5720995445690349|126.9830943674485724_37.5724421623328340|126.9830752766845592_37.5727653133374773|126.9830654526105036_37.5729316051841806
2026-09-04T23:16:36.811991+09:00,보신각,보신각,POI010,KEY_3,1000023600,종로,1000007200,종로1가,126.9827935302844111_37.5696197701673924,1000007700,종로1가,126.9822109960776402_37.5701758601934444,90.0,18.0,서행,126.9822109960776402_37.5701758601934444|126.9823538247533747_37.5701681727122576|126.9825335459648414_37.5700690295792086|126.9826437791460876_37.5699908547526107|126.9827324536877029_37.5698897904859521|126.9827899849345840_37.5697677437382040|126.9827935302844111_37.5696197701673924
2026-09-04T23:16:36.811991+09:00,보신각,보신각,POI010,KEY_3,1000023700,종로,1000007800,종로1가,126.9837094850009294_37.5701682846705296,1000007100,종로1가,126.9829278791696936_37.5696038258341787,103.0,10.0,정체,126.9829278791696936_37.5696038258341787|126.9830032097695494_37.5698402452960423|126.9830990215400703_37.5699604067910897|126.9831924475550267_37.5700347972999680|126.9833242130892046_37.5700939366007987|126.9834847309357855_37.5701511723724835|126.9837094850009294_37.5701682846705296
2026-09-04T23:16:36.811991+09:00,보신각,보신각,POI010,KEY_3,1000024400,종로,1000010700,종로1가,126.9830878603485758_37.5707519719581455,1000009600,종로1가,126.9837104338048164_37.5702764015435093,84.0,23.0,서행,126.9837104338048164_37.5702764015435093|126.9834199944166073_37.5703552243340226|126.9832834070776642_37.5704238609181118|126.9831923434160359_37.5704982251536919|126.9830964773624657_37.5706145452795255|126.9830878603485758_37.5707519719581455
2026-09-04T23:16:36.811991+09:00,보신각,보신각,POI010,KEY_3,1000024500,종로,1000009500,종로1가,126.9822090811274506_37.5702839694386270,1000010800,종로1가,126.9829520973026149_37.5707555248776544,92.0,12.0,정체,126.9829520973026149_37.5707555248776544|126.9829359392394394_37.5706431287853420|126.9828401259818236_37.5705267810848440|126.9827754493047394_37.5704619306360499|126.9826892071422293_37.5704047039165019|126.9825119206921613_37.5703322080284821|126.9822090811274506_37.5702839694386270
2026-09-04T23:16:36.811991+09:00,보신각,보신각,POI010,KEY_3,1000025901,종로5길,1000008909,GS건설본사,126.9806366436472871_37.5713225324397655,1000013005,신라스테이(광화문),126.9801024195699028_37.5723985668960268,128.0,11.0,정체,126.9801024195699028_37.5723985668960268|126.9801274853195991_37.5723618756308824|126.9801882517644884_37.5722503255379436|126.9804583466781196_37.5717160525297444|126.9804740373480314_37.5716814217555211|126.9806366436472871_37.5713225324397655
2026-09-04T23:16:36.811991+09:00,보신각,보신각,POI010,KEY_3,1000025902,종로5길,1000008905,SK빌딩,126.9809530025248421_37.5702700889503021,1000008908,GS건설본사,126.9806854115378769_37.5712148957716821,109.0,20.0,서행,126.9806854115378769_37.5712148957716821|126.9808934318098466_37.5707557655600937|126.9809177843168158_37.5706870956374530|126.9809314541032421_37.5706019997404184|126.9809431151314243_37.5705149231286057|126.9809530025248421_37.5702700889503021
2026-09-04T23:16:36.811991+09:00,보신각,보신각,POI010,KEY_3,1000026001,종로5길,1000008907,GS건설본사,126.9808291543834713_37.5712163450013819,1000008902,SK빌딩,126.9810888552751891_37.5702713893331790,108.0,13.0,정체,126.9810888552751891_37.5702713893331790|126.9810787188347803_37.5705223997754985|126.9810663740957466_37.5706145876373654|126.9810512464558627_37.5707087563385187|126.9810228489215831_37.5707888322386268|126.9808291543834713_37.5712163450013819
2026-09-04T23:16:36.811991+09:00,보신각,보신각,POI010,KEY_3,1000027500,인사동5길,1000231600,공평동 5-12,126.9837015373939977_37.5721207661722474,1000012402,조계사앞교차로,126.9831062491158349_37.5719883384085875,55.0,9.0,정체,126.9831062491158349_37.5719883384085875|126.9832673605664155_37.5720220520782107|126.9837015373939977_37.5721207661722474
2026-09-04T23:16:36.811991+09:00,보신각,보신각,POI010,KEY_3,1000027600,인사동5길,1000036800,인사동 187-4,126.9855567085236174_37.5727903642359919,1000013904,인사동사거리,126.9861168618192977_37.5730266274726361,56.0,7.0,정체,126.9861168618192977_37.5730266274726361|126.9855567085236174_37.5727903642359919
2026-09-04T23:16:36.811991+09:00,보신각,보신각,POI010,KEY_3,1000046500,종로3길,1000008602,KT광화문빌딩East,126.9793723999539878_37.5713097781531999,1000008909,GS건설본사,126.9806366436472871_37.5713225324397655,112.0,12.0,정체,126.9806366436472871_37.5713225324397655|126.9793723999539878_37.5713097781531999
2026-09-04T23:16:36.811991+09:00,보신각,보신각,POI010,KEY_3,1000046600,종로3길,1000008908,GS건설본사,126.9806854115378769_37.5712148957716821,1000008603,KT광화문빌딩East,126.9793750304311573_37.5712016763059680,116.0,17.0,서행,126.9793750304311573_37.5712016763059680|126.9806854115378769_37.5712148957716821
2026-09-04T23:16:36.811991+09:00,보신각,보신각,POI010,KEY_3,1010016903,우정국로,1010033402,광교교차로,126.9826972926992426_37.5687326607183465,1010033702,광교사거리,126.9827120922386285_37.5690419071249693,34.0,10.0,정체,126.9827120922386285_37.5690419071249693|126.9826972926992426_37.5687326607183465
2026-09-04T23:16:36.811991+09:00,보신각,보신각,POI010,KEY_3,1010017003,우정국로,1010033701,광교사거리,126.9828472617604831_37.5690310653232729,1010033401,광교교차로,126.9828323504512895_37.5687142869809634,35.0,30.0,원활,126.9828323504512895_37.5687142869809634|126.9828472617604831_37.5690310653232729
2026-09-04T23:16:36.811991+09:00,서울 암사동 유적,서울 암사동 유적,POI011,KEY_4,1240026502,올림픽로,1249049800,암사동 138,127.1303868902218426_37.5581213582314959,1240025203,서울암사동유적,127.1310831520760161_37.5596271965427917,178.0,17.0,서행,127.1310831520760161_37.5596271965427917|127.1306279901634753_37.5587636989147882|127.1303868902218426_37.5581213582314959
2026-09-04T23:16:36.811991+09:00,서울 암사동 유적,서울 암사동 유적,POI011,KEY_4,1240026512,올림픽로,1240025204,서울암사동유적,127.1311362462215726_37.5597299172270596,1240001503,암사동서원마을회관,127.1329417839865101_37.5638633628286627,495.0,25.5,원활,127.1329417839865101_37.5638633628286627|127.1329385901726567_37.5638530355215323|127.1328076129944407_37.5625315770132389|127.1325679156605446_37.5619032160946844|127.1324628664250440_37.5616950056665999|127.1324015018273457_37.5615733787883030|127.1320918622332670_37.5610538481508982|127.1318311751461181_37.5607294195891654|127.1314134429880340_37.5602729161990680|127.1311362462215726_37.5597299172270596
2026-09-04T23:16:36.811991+09:00,서울 암사동 유적,서울 암사동 유적,POI011,KEY_4,1240026602,올림픽로,1249049700,암사동 138,127.1305170173570929_37.5580904036952390,1240023801,선사초등학교,127.1296849682262859_37.5558735719696912,257.0,27.0,원활,127.1296849682262859_37.5558735719696912|127.1302524784022268_37.5573856065605156|127.1305170173570929_37.5580904036952390
2026-09-04T23:16:36.811991+09:00,서울 암사동 유적,서울 암사동 유적,POI011,KEY_4,1240026611,올림픽로,1249096700,최소노드배치점,127.1325889005040750_37.5616547095206741,1240025201,서울암사동유적,127.1312497921398688_37.5596651615473789,252.0,38.0,원활,127.1312497921398688_37.5596651615473789|127.1315330077839292_37.5602199513383255|127.1319433727937849_37.5606684031311673|127.1322108955108803_37.5610013373068412|127.1325259892048081_37.5615300174364890|127.1325889005040750_37.5616547095206741
2026-09-04T23:16:36.811991+09:00,서울 암사동 유적,서울 암사동 유적,POI011,KEY_4,1240049600,올림픽로108길,1249054800,암사동 135-1,127.1324513506835387_37.5586179294608584,1240025202,서울암사동유적,127.1311963964887610_37.5595626125415976,153.0,13.0,정체,127.1311963964887610_37.5595626125415976|127.1312906290088449_37.5595088709743194|127.1321441825899257_37.5588537073451434|127.1324513506835387_37.5586179294608584
2026-09-04T23:16:36.811991+09:00,서울 암사동 유적,서울 암사동 유적,POI011,KEY_4,1240049700,올림픽로108길,1249054700,암사동 199-3,127.1325456285770059_37.5586957689652934,1240023906,강일중,127.1350630805942075_37.5567633051846101,309.0,30.0,원활,127.1350630805942075_37.5567633051846101|127.1325456285770059_37.5586957689652934
2026-09-04T23:16:36.811991+09:00,서울 암사동 유적,서울 암사동 유적,POI011,KEY_4,1240216800,올림픽대로,1240001504,암사동서원마을회관,127.1328606037288154_37.5639977455946550,1240090400,암사IC,127.1320967627789713_37.5638268865707303,75.0,28.0,정체,127.1320967627789713_37.5638268865707303|127.1323008177666054_37.5639094235526869|127.1324394046457655_37.5639871880837006|127.1325100130354429_37.5640201033193009|127.1325629529353307_37.5640375916818527|127.1326211702869102_37.5640452487343595|127.1326758409645379_37.5640423789060733|127.1328606037288154_37.5639977455946550
2026-09-04T23:16:36.811991+09:00,창덕궁·종묘,창덕궁·종묘,POI012,KEY_1,1000001501,종로,1000009801,종로3가사거리,126.9922000608216308_37.5704778715046643,1000010004,종묘공원,126.9937102608658108_37.5705569291297934,134.0,25.0,원활,126.9937102608658108_37.5705569291297934|126.9932582925197551_37.5705332710333550|126.9922000608216308_37.5704778715046643
2026-09-04T23:16:36.811991+09:00,창덕궁·종묘,창덕궁·종묘,POI012,KEY_1,1000001502,종로,1000010001,종묘공원,126.9938459149599908_37.5705638014388867,1000010104,세운상가,126.9949902918217504_37.5706199754433428,101.0,41.0,원활,126.9949902918217504_37.5706199754433428|126.9938459149599908_37.5705638014388867
2026-09-04T23:16:36.811991+09:00,창덕궁·종묘,창덕궁·종묘,POI012,KEY_1,1000001503,종로,1000010101,세운상가,126.9951330460539509_37.5706277157350215,1000010504,종로4가 32-8,126.9963629369768086_37.5707037465677516,109.0,29.0,원활,126.9963629369768086_37.5707037465677516|126.9958351088011312_37.5706676576709242|126.9951330460539509_37.5706277157350215
2026-09-04T23:16:36.811991+09:00,창덕궁·종묘,창덕궁·종묘,POI012,KEY_1,1000001504,종로,1000010501,종로4가 32-8,126.9964984168760793_37.5707129060128366,1000010902,종로4가,126.9969778496483315_37.5707449803633011,43.0,24.0,서행,126.9969778496483315_37.5707449803633011|126.9964984168760793_37.5707129060128366
2026-09-04T23:16:36.811991+09:00,창덕궁·종묘,창덕궁·종묘,POI012,KEY_1,1000001505,종로,1000010901,종로4가,126.9970824501172899_37.5707519010579603,1000011004,종로4가사거리,126.9976981845290851_37.5707921454332379,55.0,12.0,정체,126.9976981845290851_37.5707921454332379|126.9970824501172899_37.5707519010579603
2026-09-04T23:16:36.811991+09:00,창덕궁·종묘,창덕궁·종묘,POI012,KEY_1,1000007100,돈화문로,1000145800,묘동 20-5,126.9916684242814142_37.5719817889873724,1000013303,묘동사거리,126.9914801613035706_37.5725495704926047,65.0,8.0,정체,126.9914801613035706_37.5725495704926047|126.9916684242814142_37.5719817889873724
2026-09-04T23:16:36.811991+09:00,창덕궁·종묘,창덕궁·종묘,POI012,KEY_1,1000007200,돈화문로,1000059400,묘동 20-5,126.9921535095209890_37.5708464956724839,1000009801,종로3가사거리,126.9922000608216308_37.5704778715046643,41.0,10.0,정체,126.9922000608216308_37.5704778715046643|126.9921602362403092_37.5708137185849509|126.9921535095209890_37.5708464956724839
2026-09-04T23:16:36.811991+09:00,창덕궁·종묘,창덕궁·종묘,POI012,KEY_1,1000008701,창경궁로,1000011004,종로4가사거리,126.9976981845290851_37.5707921454332379,1000011601,종로4가,126.9976727162272141_37.5712098653190125,46.0,10.0,정체,126.9976727162272141_37.5712098653190125|126.9976981845290851_37.5707921454332379
2026-09-04T23:16:36.811991+09:00,창덕궁·종묘,창덕궁·종묘,POI012,KEY_1,1000008702,창경궁로,1000059900,인의동 101-8,126.9976040275693805_37.5721420297877202,1000014503,서울특별시재향군인회,126.9975145081767209_37.5733082767353750,130.0,26.0,원활,126.9975145081767209_37.5733082767353750|126.9975586489672992_37.5727332208694804|126.9975861399317978_37.5723750705251547|126.9976040275693805_37.5721420297877202
2026-09-04T23:16:36.811991+09:00,창덕궁·종묘,창덕궁·종묘,POI012,KEY_1,1000008801,창경궁로,1000084400,인의동 101-8,126.9977485816959160_37.5720317772708725,1000011001,종로4가사거리,126.9978336320802015_37.5708014801402754,137.0,16.0,서행,126.9978336320802015_37.5708014801402754|126.9977997145428219_37.5713655900292949|126.9977485816959160_37.5720317772708725
2026-09-04T23:16:36.811991+09:00,창덕궁·종묘,창덕궁·종묘,POI012,KEY_1,1000010801,돈화문로,1000174700,묘동 141-2,126.9911270176696547_37.5741747070514336,1000013301,묘동사거리,126.9915850849808550_37.5726594865675594,173.0,16.7,서행,126.9915850849808550_37.5726594865675594|126.9913726822985893_37.5733444453639649|126.9911270176696547_37.5741747070514336
2026-09-04T23:16:36.811991+09:00,창덕궁·종묘,창덕궁·종묘,POI012,KEY_1,1000010802,돈화문로,1000106300,와룡동 75-4,126.9909562970876493_37.5747505051657669,1000016401,종로1가2가3가4가동주민센터,126.9910234246664515_37.5745245938365429,26.0,25.0,원활,126.9910234246664515_37.5745245938365429|126.9909562970876493_37.5747505051657669
2026-09-04T23:16:36.811991+09:00,창덕궁·종묘,창덕궁·종묘,POI012,KEY_1,1000010803,돈화문로,1000021402,창덕궁앞교차로,126.9901841383139782_37.5773932267385504,1000018601,한겨레신문(종로지국),126.9906634515929795_37.5757350308395957,189.0,15.0,서행,126.9906634515929795_37.5757350308395957|126.9903062505280644_37.5769154241969332|126.9902695786729083_37.5770589150526817|126.9901841383139782_37.5773932267385504
2026-09-04T23:16:36.811991+09:00,창덕궁·종묘,창덕궁·종묘,POI012,KEY_1,1000013502,율곡로,1000021501,우즈베키스탄대사관,126.9893297531960883_37.5774544023044541,1000021404,창덕궁앞교차로,126.9900388640569702_37.5774865487865739,63.0,35.3,원활,126.9900388640569702_37.5774865487865739|126.9897463242174780_37.5774687657961053|126.9893297531960883_37.5774544023044541
2026-09-04T23:16:36.811991+09:00,창덕궁·종묘,창덕궁·종묘,POI012,KEY_1,1000014100,창덕궁길,1000022002,북촌1경,126.9893063929122548_37.5792409569275208,1000021501,우즈베키스탄대사관,126.9893297531960883_37.5774544023044541,199.0,9.0,정체,126.9893297531960883_37.5774544023044541|126.9892548365952365_37.5786955788249983|126.9892562414735409_37.5787264244637242|126.9892665857058205_37.5789535426034647|126.9893063929122548_37.5792409569275208
2026-09-04T23:16:36.811991+09:00,창덕궁·종묘,창덕궁·종묘,POI012,KEY_1,1000015602,창경궁로,1000021302,연건동 28-5,126.9972685910119736_37.5770105602906241,1000019601,원남동사거리,126.9974112787328835_37.5759608809491965,117.0,32.0,원활,126.9974112787328835_37.5759608809491965|126.9973105074180921_37.5767022072452619|126.9972685910119736_37.5770105602906241
2026-09-04T23:16:36.811991+09:00,창덕궁·종묘,창덕궁·종묘,POI012,KEY_1,1000024700,동순라길,1000010504,종로4가 32-8,126.9963629369768086_37.5707037465677516,1000011103,종로4가 32-7,126.9963562951020464_37.5708334820153240,14.0,6.0,정체,126.9963562951020464_37.5708334820153240|126.9963629369768086_37.5707037465677516
2026-09-04T23:16:36.811991+09:00,창덕궁·종묘,창덕궁·종묘,POI012,KEY_1,1000024800,동순라길,1000011102,종로4가 32-7,126.9964920187830728_37.5708378841030850,1000010501,종로4가 32-8,126.9964984168760793_37.5707129060128366,14.0,9.0,정체,126.9964984168760793_37.5707129060128366|126.9964920187830728_37.5708378841030850
2026-09-04T23:16:36.811991+09:00,창덕궁·종묘,창덕궁·종묘,POI012,KEY_1,1000024900,종로.동순라길.사이길,1000011103,종로4가 32-7,126.9963562951020464_37.5708334820153240,1000010101,세운상가,126.9951330460539509_37.5706277157350215,120.0,12.0,정체,126.9951330460539509_37.5706277157350215|126.9951743837452085_37.5707556885858693|126.9951919467698929_37.5707641992030830|126.9963562951020464_37.5708334820153240
2026-09-04T23:16:36.811991+09:00,창덕궁·종묘,창덕궁·종묘,POI012,KEY_1,1000025000,종로.동순라길.사이길,1000010104,세운상가,126.9949902918217504_37.5706199754433428,1000011104,종로4가 32-7,126.9963483113230751_37.5709414285277603,139.0,5.0,정체,126.9963483113230751_37.5709414285277603|126.9951492285879624_37.5708700779174407|126.9950565789311838_37.5708251846869601|126.9949902918217504_37.5706199754433428
2026-09-04T23:16:36.811991+09:00,창덕궁·종묘,창덕궁·종묘,POI012,KEY_1,1000025400,종로,1000010902,종로4가,126.9969778496483315_37.5707449803633011,1000011602,종로4가,126.9976685550659852_37.5712805902372935,85.0,17.0,서행,126.9976685550659852_37.5712805902372935|126.9969778496483315_37.5707449803633011
2026-09-04T23:16:36.811991+09:00,창덕궁·종묘,창덕궁·종묘,POI012,KEY_1,1000028300,서순라길,1000179700,묘동 164-2,126.9918986546224602_37.5725528238137017,1000013302,묘동사거리,126.9916200024151749_37.5725515277908357,25.0,12.0,정체,126.9916200024151749_37.5725515277908357|126.9918986546224602_37.5725528238137017
2026-09-04T23:16:36.811991+09:00,창덕궁·종묘,창덕궁·종묘,POI012,KEY_1,1000028500,동순라길,1000143300,인의동 112-10,126.9965136894643791_37.5722112354701423,1000011101,종로4가 32-7,126.9964837407064522_37.5709497945866389,143.0,9.0,정체,126.9964837407064522_37.5709497945866389|126.9963802654962421_37.5720110081513141|126.9965136894643791_37.5722112354701423
2026-09-04T23:16:36.811991+09:00,창덕궁·종묘,창덕궁·종묘,POI012,KEY_1,1000028600,동순라길,1000011104,종로4가 32-7,126.9963483113230751_37.5709414285277603,1000014504,서울특별시재향군인회,126.9975060050786055_37.5734165592808793,347.0,37.0,원활,126.9975060050786055_37.5734165592808793|126.9969911144367956_37.5734250144218507|126.9968404615841990_37.5733955984085384|126.9967470749479901_37.5733345381505828|126.9966990577044896_37.5732294276517820|126.9966908891550048_37.5731275113813510|126.9967289597005760_37.5728378479680103|126.9967212685301092_37.5727949856210941|126.9966862804331384_37.5727009865390329|126.9963936851750645_37.5722618959152896|126.9962417830590056_37.5720339377534884|126.9963483113230751_37.5709414285277603
2026-09-04T23:16:36.811991+09:00,창덕궁·종묘,창덕궁·종묘,POI012,KEY_1,1000029900,김상옥로,1000096500,연지동 253-1,126.9984112007160206_37.5733171805444996,1000014502,서울특별시재향군인회,126.9976506161619483_37.5733080934406729,67.0,15.0,서행,126.9976506161619483_37.5733080934406729|126.9984112007160206_37.5733171805444996
2026-09-04T23:16:36.811991+09:00,창덕궁·종묘,창덕궁·종묘,POI012,KEY_1,1000039200,창덕궁길,1000134400,원서동 2-2,126.9892407733604642_37.5829070876196951,1000022001,북촌1경,126.9893249216224547_37.5793389188440585,401.0,18.0,서행,126.9893249216224547_37.5793389188440585|126.9893432024728526_37.5794117077019152|126.9893374585478654_37.5795962855689609|126.9893189924063250_37.5801896786208189|126.9893532350689895_37.5809623190334960|126.9893738580933729_37.5812665958495344|126.9893978694693288_37.5816208620396139|126.9894570663397531_37.5819414687995632|126.9895023987834435_37.5821303841621628|126.9895105285284274_37.5822120284156327|126.9895040052748669_37.5823078791324363|126.9894734073156428_37.5824257182516135|126.9893881157924085_37.5826046082802492|126.9892904879125695_37.5827681919472880|126.9892407733604642_37.5829070876196951
2026-09-04T23:16:36.811991+09:00,강남 MICE 관광특구,강남 MICE 관광특구,POI001,KEY_2,1220003104,영동대로,1220038604,사조빌딩,127.0637824235113698_37.5075784064484665,1220040303,삼성역사거리,127.0631184701287282_37.5088181934601863,150.0,26.0,원활,127.0631184701287282_37.5088181934601863|127.0637824235113698_37.5075784064484665
2026-09-04T23:16:36.811991+09:00,강남 MICE 관광특구,강남 MICE 관광특구,POI001,KEY_2,1220003204,영동대로,1220040302,삼성역사거리,127.0632451463058885_37.5088571864380711,1220038601,사조빌딩,127.0639078316108197_37.5076197633601041,149.0,23.0,서행,127.0639078316108197_37.5076197633601041|127.0632451463058885_37.5088571864380711
2026-09-04T23:16:36.811991+09:00,강남 MICE 관광특구,강남 MICE 관광특구,POI001,KEY_2,1220003303,영동대로,1220042504,속성변화점,127.0608476713455985_37.5130456722428676,1220043808,코엑스앞교차로,127.0601919456584454_37.5142029024356347,141.0,21.0,서행,127.0601919456584454_37.5142029024356347|127.0603995070934218_37.5138375440934411|127.0607938946184277_37.5131433157650775|127.0608476713455985_37.5130456722428676
2026-09-04T23:16:36.811991+09:00,강남 MICE 관광특구,강남 MICE 관광특구,POI001,KEY_2,1220003402,영동대로,1220434100,삼성동 111-8,127.0623503477867757_37.5105231713021467,1220040301,삼성역사거리,127.0631917873569989_37.5089566792768281,189.0,34.5,원활,127.0631917873569989_37.5089566792768281|127.0623503477867757_37.5105231713021467
2026-09-04T23:16:36.811991+09:00,강남 MICE 관광특구,강남 MICE 관광특구,POI001,KEY_2,1220003403,영동대로,1220043807,코엑스앞교차로,127.0603272282434091_37.5142270211862794,1220042502,아셈타워,127.0609175537963154_37.5131878914081796,127.0,24.0,서행,127.0609175537963154_37.5131878914081796|127.0605231671833053_37.5138821201433714|127.0603272282434091_37.5142270211862794
2026-09-04T23:16:36.811991+09:00,강남 MICE 관광특구,강남 MICE 관광특구,POI001,KEY_2,1220004001,영동대로,1220043809,코엑스앞교차로,127.0601375029284839_37.5143038844831338,1220044403,봉은사역(서울9호선),127.0598624891181174_37.5148335177271051,64.0,5.0,정체,127.0598624891181174_37.5148335177271051|127.0601375029284839_37.5143038844831338
2026-09-04T23:16:36.811991+09:00,강남 MICE 관광특구,강남 MICE 관광특구,POI001,KEY_2,1220004101,영동대로,1220044402,봉은사역(서울9호선),127.0599879180035288_37.5148748429464263,1220043806,코엑스앞교차로,127.0602718568028990_37.5143280204466052,66.0,36.0,원활,127.0602718568028990_37.5143280204466052|127.0599879180035288_37.5148748429464263
2026-09-04T23:16:36.811991+09:00,강남 MICE 관광특구,강남 MICE 관광특구,POI001,KEY_2,1220028002,테헤란로,1220038701,삼성동 172-66,127.0594740418968343_37.5078073048774883,1220039504,슈페리어사옥,127.0619066150805594_37.5085594791171530,231.0,14.0,정체,127.0619066150805594_37.5085594791171530|127.0594740418968343_37.5078073048774883
2026-09-04T23:16:36.811991+09:00,강남 MICE 관광특구,강남 MICE 관광특구,POI001,KEY_2,1220028003,테헤란로,1220039501,슈페리어사옥,127.0620331846530320_37.5085986138393324,1220040304,삼성역사거리,127.0630651113215919_37.5089176743260495,98.0,20.0,서행,127.0630651113215919_37.5089176743260495|127.0620331846530320_37.5085986138393324
2026-09-04T23:16:36.811991+09:00,강남 MICE 관광특구,강남 MICE 관광특구,POI001,KEY_2,1220028103,테헤란로,1220040303,삼성역사거리,127.0631184701287282_37.5088181934601863,1220039502,슈페리어사옥,127.0620822932532974_37.5084978197410663,98.0,7.0,정체,127.0620822932532974_37.5084978197410663|127.0631184701287282_37.5088181934601863
2026-09-04T23:16:36.811991+09:00,강남 MICE 관광특구,강남 MICE 관광특구,POI001,KEY_2,1220028803,테헤란로,1220040301,삼성역사거리,127.0631917873569989_37.5089566792768281,1220041404,서울강남경찰서교차로,127.0663791845268378_37.5099251428739393,302.0,12.0,정체,127.0663791845268378_37.5099251428739393|127.0647076757638558_37.5094210528302128|127.0645797580656193_37.5093821330006207|127.0631917873569989_37.5089566792768281
2026-09-04T23:16:36.811991+09:00,강남 MICE 관광특구,강남 MICE 관광특구,POI001,KEY_2,1220028902,테헤란로,1220040803,대치동 1011,127.0646284979941214_37.5092812253236190,1220040302,삼성역사거리,127.0632451463058885_37.5088571864380711,131.0,31.0,원활,127.0632451463058885_37.5088571864380711|127.0646284979941214_37.5092812253236190
2026-09-04T23:16:36.811991+09:00,강남 MICE 관광특구,강남 MICE 관광특구,POI001,KEY_2,1220030802,봉은사로,1220306300,삼성동 111-86,127.0595673491428670_37.5141997365039970,1220043809,코엑스앞교차로,127.0601375029284839_37.5143038844831338,52.0,17.0,서행,127.0601375029284839_37.5143038844831338|127.0595673491428670_37.5141997365039970
2026-09-04T23:16:36.811991+09:00,강남 MICE 관광특구,강남 MICE 관광특구,POI001,KEY_2,1220031404,봉은사로,1220043806,코엑스앞교차로,127.0602718568028990_37.5143280204466052,1220043805,삼성1동주민센터,127.0617426909060157_37.5145859851302461,133.0,14.0,정체,127.0617426909060157_37.5145859851302461|127.0612478602413944_37.5144992006761413|127.0602718568028990_37.5143280204466052
2026-09-04T23:16:36.811991+09:00,강남 MICE 관광특구,강남 MICE 관광특구,POI001,KEY_2,1220031503,봉은사로,1220304600,삼성동 172,127.0612770466940020_37.5143936087352401,1220043807,코엑스앞교차로,127.0603272282434091_37.5142270211862794,86.0,27.0,원활,127.0603272282434091_37.5142270211862794|127.0612770466940020_37.5143936087352401
2026-09-04T23:16:36.811991+09:00,동대문 관광특구,동대문 관광특구,POI002,KEY_3,1000002003,종로,1000011703,흥인지문사거리,127.0090256024343631_37.5712778950010033,1000011300,동대문역10번출구,127.0080672314708750_37.5710785300975587,89.0,14.0,정체,127.0080672314708750_37.5710785300975587|127.0082747571647133_37.5710829540366547|127.0084909821378574_37.5711078809344414|127.0086667767084236_37.5711528422383196|127.0087931039338400_37.5711945228473638|127.0090256024343631_37.5712778950010033
2026-09-04T23:16:36.811991+09:00,동대문 관광특구,동대문 관광특구,POI002,KEY_3,1000002201,종로,1000176600,창신동 442-1,127.0108777515568477_37.5716621493242968,1000011702,흥인지문사거리,127.0091495968440398_37.5713227254486739,158.0,16.0,서행,127.0091495968440398_37.5713227254486739|127.0092723977128770_37.5713674394156811|127.0094846006979310_37.5714183224799285|127.0097878732437096_37.5714751424867188|127.0103298320711360_37.5715766797035471|127.0103586021919568_37.5715820697737044|127.0108233682804553_37.5716512389232733|127.0108777515568477_37.5716621493242968
2026-09-04T23:16:36.811991+09:00,동대문 관광특구,동대문 관광특구,POI002,KEY_3,1000005401,청계천로,1010034902,버들다리(남측),127.0065602496820105_37.5695317839187268,1010034601,청계5가교차로,127.0021191180861280_37.5694902995239062,392.0,8.0,정체,127.0021191180861280_37.5694902995239062|127.0024509740674006_37.5695131963120659|127.0065602496820105_37.5695317839187268
2026-09-04T23:16:36.811991+09:00,동대문 관광특구,동대문 관광특구,POI002,KEY_3,1000005402,청계천로,1010034702,청계6가사거리,127.0096736759349909_37.5696339498216076,1010034901,버들다리(남측),127.0067045342350838_37.5695353837745003,263.0,15.0,서행,127.0067045342350838_37.5695353837745003|127.0093753105708458_37.5696558834258525|127.0096736759349909_37.5696339498216076
2026-09-04T23:16:36.811991+09:00,동대문 관광특구,동대문 관광특구,POI002,KEY_3,1000005800,청계천로,1010005302,신평화시장,127.0121349816149205_37.5696419493387239,1010034701,청계6가사거리,127.0098099727011487_37.5696292980751281,205.0,30.0,원활,127.0098099727011487_37.5696292980751281|127.0121349816149205_37.5696419493387239
2026-09-04T23:16:36.811991+09:00,동대문 관광특구,동대문 관광특구,POI002,KEY_3,1000006102,율곡로,1000009900,흥인지문,127.0093873462230221_37.5706631809010148,1000011703,흥인지문사거리,127.0090256024343631_37.5712778950010033,75.0,37.0,원활,127.0090256024343631_37.5712778950010033|127.0091075737013711_37.5711579258072774|127.0092355138361029_37.5709579814170240|127.0093370098156385_37.5707700537480775|127.0093873462230221_37.5706631809010148
2026-09-04T23:16:36.811991+09:00,동대문 관광특구,동대문 관광특구,POI002,KEY_3,1010010302,퇴계로,1010055500,광희동2가 106-3,127.0099082789205482_37.5646817382909717,1010024300,한양공고앞,127.0104773475085409_37.5647757639333406,51.0,25.0,원활,127.0104773475085409_37.5647757639333406|127.0099082789205482_37.5646817382909717
2026-09-04T23:16:36.811991+09:00,동대문 관광특구,동대문 관광특구,POI002,KEY_3,1010010303,퇴계로,1010024300,한양공고앞,127.0104773475085409_37.5647757639333406,1010024404,한양공고앞,127.0112090095234549_37.5649005480942861,66.0,36.0,원활,127.0112090095234549_37.5649005480942861|127.0110078071713389_37.5648590073598498|127.0104773475085409_37.5647757639333406
2026-09-04T23:16:36.811991+09:00,동대문 관광특구,동대문 관광특구,POI002,KEY_3,1010010404,퇴계로,1010024403,한양공고앞,127.0112431099512804_37.5647958913381643,1010024000,한양공고앞,127.0105042836972586_37.5646697935721292,67.0,11.0,정체,127.0105042836972586_37.5646697935721292|127.0110380183582066_37.5647535474378884|127.0112431099512804_37.5647958913381643
2026-09-04T23:16:36.811991+09:00,동대문 관광특구,동대문 관광특구,POI002,KEY_3,1010010601,마른내로,1010134000,광희동1가 235-6,127.0062746188617808_37.5646055130078267,1010023000,광희동1가169-1,127.0066022342274863_37.5645458036535800,30.0,24.0,서행,127.0066022342274863_37.5645458036535800|127.0063686118675577_37.5645902274929711|127.0062746188617808_37.5646055130078267
2026-09-04T23:16:36.811991+09:00,동대문 관광특구,동대문 관광특구,POI002,KEY_3,1010011501,을지로,1010025400,한양공고앞,127.0104615863536850_37.5651414229202487,1010025702,동대문역사문화공원역앞교차로,127.0098092568797057_37.5653495503264523,62.0,29.0,원활,127.0098092568797057_37.5653495503264523|127.0104018007762932_37.5651601202690344|127.0104615863536850_37.5651414229202487
2026-09-04T23:16:36.811991+09:00,동대문 관광특구,동대문 관광특구,POI002,KEY_3,1010011502,을지로,1010024404,한양공고앞,127.0112090095234549_37.5649005480942861,1010025400,한양공고앞,127.0104615863536850_37.5651414229202487,71.0,16.0,서행,127.0104615863536850_37.5651414229202487|127.0111251236703254_37.5649339132959668|127.0112090095234549_37.5649005480942861
2026-09-04T23:16:36.811991+09:00,동대문 관광특구,동대문 관광특구,POI002,KEY_3,1010011602,을지로,1010025701,동대문역사문화공원역앞교차로,127.0098839022084150_37.5654422003783637,1010024401,한양공고앞,127.0114159293672458_37.5649391116953026,146.0,20.0,서행,127.0114159293672458_37.5649391116953026|127.0111804215872553_37.5650327842942460|127.0105112526830311_37.5652420552738704|127.0104519446709617_37.5652606030398672|127.0098839022084150_37.5654422003783637
2026-09-04T23:16:36.811991+09:00,동대문 관광특구,동대문 관광특구,POI002,KEY_3,1010011701,퇴계로,1010024401,한양공고앞,127.0114159293672458_37.5649391116953026,1010024504,성동여자실업고교앞,127.0122824244794231_37.5649718786512210,77.0,34.7,원활,127.0122824244794231_37.5649718786512210|127.0116953092412899_37.5649498454663089|127.0116305534288301_37.5649473576079913|127.0114159293672458_37.5649391116953026
2026-09-04T23:16:36.811991+09:00,동대문 관광특구,동대문 관광특구,POI002,KEY_3,1010011703,퇴계로,1010129100,흥인동 162-1,127.0142218597084707_37.5651926228685937,1010025104,신당역,127.0156055414690144_37.5653606672875071,124.0,43.5,원활,127.0156055414690144_37.5653606672875071|127.0148603714920625_37.5652701705125835|127.0142218597084707_37.5651926228685937
2026-09-04T23:16:36.811991+09:00,동대문 관광특구,동대문 관광특구,POI002,KEY_3,1010011704,퇴계로,1010025101,신당역,127.0157472142811628_37.5653765487913560,1010025505,신당역사거리,127.0161301530858964_37.5654176105649569,34.0,36.5,원활,127.0161301530858964_37.5654176105649569|127.0157472142811628_37.5653765487913560
2026-09-04T23:16:36.811991+09:00,동대문 관광특구,동대문 관광특구,POI002,KEY_3,1010011801,퇴계로,1010044500,한양공고앞교차로,127.0116371013748875_37.5648393637238627,1010024402,한양공고앞,127.0114224776999379_37.5648311176682981,19.0,14.0,정체,127.0114224776999379_37.5648311176682981|127.0116371013748875_37.5648393637238627
2026-09-04T23:16:36.811991+09:00,동대문 관광특구,동대문 관광특구,POI002,KEY_3,1010011901,장충단로,1010022104,광희동사거리,127.0071286778296695_37.5642723681278099,1010024100,광희동2가9,127.0072910181171153_37.5647498099421497,55.0,21.3,서행,127.0072910181171153_37.5647498099421497|127.0072564348693760_37.5646568662029168|127.0071286778296695_37.5642723681278099
2026-09-04T23:16:36.811991+09:00,동대문 관광특구,동대문 관광특구,POI002,KEY_3,1010011902,장충단로,1010024100,광희동2가9,127.0072910181171153_37.5647498099421497,1010025603,동대문역사문화공원,127.0075096102102208_37.5653372838946922,68.0,34.0,원활,127.0075096102102208_37.5653372838946922|127.0072910181171153_37.5647498099421497
2026-09-04T23:16:36.811991+09:00,동대문 관광특구,동대문 관광특구,POI002,KEY_3,1010011903,장충단로,1010025604,동대문역사문화공원,127.0075480588206034_37.5654411230059182,1010026800,동대문역사문화공원,127.0076027310937263_37.5655895835695972,17.0,19.0,서행,127.0076027310937263_37.5655895835695972|127.0075480588206034_37.5654411230059182
2026-09-04T23:16:36.811991+09:00,동대문 관광특구,동대문 관광특구,POI002,KEY_3,1010011904,장충단로,1010026800,동대문역사문화공원,127.0076027310937263_37.5655895835695972,1010027503,동대문역사문화공원앞교차로,127.0077423203471056_37.5659686340729024,44.0,31.0,원활,127.0077423203471056_37.5659686340729024|127.0076027310937263_37.5655895835695972
2026-09-04T23:16:36.811991+09:00,동대문 관광특구,동대문 관광특구,POI002,KEY_3,1010012001,장충단로,1010023800,광희동2가9,127.0074212496598989_37.5647191039854818,1010022101,광희동사거리,127.0072731356478073_37.5642842960486263,50.0,13.0,정체,127.0072731356478073_37.5642842960486263|127.0073872334830867_37.5646276838331019|127.0074212496598989_37.5647191039854818
2026-09-04T23:16:36.811991+09:00,동대문 관광특구,동대문 관광특구,POI002,KEY_3,1010012002,장충단로,1010025602,동대문역사문화공원,127.0076398432787244_37.5653065784687641,1010023800,광희동2가9,127.0074212496598989_37.5647191039854818,68.0,27.0,원활,127.0074212496598989_37.5647191039854818|127.0076398432787244_37.5653065784687641
2026-09-04T23:16:36.811991+09:00,동대문 관광특구,동대문 관광특구,POI002,KEY_3,1010012003,장충단로,1010026500,동대문역사문화공원,127.0077330726616651_37.5655591691889441,1010025601,동대문역사문화공원,127.0076784001102084_37.5654107085710436,17.0,8.0,정체,127.0076784001102084_37.5654107085710436|127.0077330726616651_37.5655591691889441
2026-09-04T23:16:36.811991+09:00,동대문 관광특구,동대문 관광특구,POI002,KEY_3,1010012004,장충단로,1010027502,동대문역사문화공원앞교차로,127.0078734506891323_37.5659403597718651,1010026500,동대문역사문화공원,127.0077330726616651_37.5655591691889441,44.0,12.0,정체,127.0077330726616651_37.5655591691889441|127.0078734506891323_37.5659403597718651
2026-09-04T23:16:36.811991+09:00,동대문 관광특구,동대문 관광특구,POI002,KEY_3,1010013104,퇴계로,1010026103,속성변화점,127.0211957674442402_37.5655856117215876,1010026302,신당역(서울2호선),127.0197645442450352_37.5656319651526047,127.0,17.0,서행,127.0197645442450352_37.5656319651526047|127.0205488666692304_37.5656443090833747|127.0206684292129040_37.5656405803761970|127.0207742631976942_37.5656372797099394|127.0210595706817145_37.5656067908117777|127.0210619582555438_37.5656064195453538|127.0211957674442402_37.5655856117215876
2026-09-04T23:16:36.811991+09:00,동대문 관광특구,동대문 관광특구,POI002,KEY_3,1010013201,퇴계로,1010081700,황학동 757,127.0186241650023646_37.5657023223694893,1010026304,신당역(서울2호선),127.0196260547904643_37.5657380666285974,89.0,16.0,서행,127.0196260547904643_37.5657380666285974|127.0191248008310083_37.5657312115641773|127.0188070063581591_37.5657192171997423|127.0186241650023646_37.5657023223694893
2026-09-04T23:16:36.811991+09:00,동대문 관광특구,동대문 관광특구,POI002,KEY_3,1010013205,퇴계로,1010123400,황학동 757,127.0206737469985541_37.5657486168200094,1010026105,신당5동주민센터,127.0210879994097581_37.5657125329307533,37.0,18.5,서행,127.0210879994097581_37.5657125329307533|127.0210816476591305_37.5657135206677495|127.0207859832972161_37.5657451160638232|127.0206737469985541_37.5657486168200094
2026-09-04T23:16:36.811991+09:00,동대문 관광특구,동대문 관광특구,POI002,KEY_3,1010013301,을지로,1010026900,동대문역사문화공원,127.0084142117340065_37.5657933815894935,1010027502,동대문역사문화공원앞교차로,127.0078734506891323_37.5659403597718651,51.0,15.0,서행,127.0078734506891323_37.5659403597718651|127.0080862909446040_37.5658896606162571|127.0084142117340065_37.5657933815894935
2026-09-04T23:16:36.811991+09:00,동대문 관광특구,동대문 관광특구,POI002,KEY_3,1010013302,을지로,1010080900,을지로7가 112-3,127.0088653110683481_37.5656507823329591,1010026900,동대문역사문화공원,127.0084142117340065_37.5657933815894935,43.0,19.0,서행,127.0084142117340065_37.5657933815894935|127.0084667296888910_37.5657779617922074|127.0088653110683481_37.5656507823329591
2026-09-04T23:16:36.811991+09:00,동대문 관광특구,동대문 관광특구,POI002,KEY_3,1010013401,을지로,1010027501,동대문역사문화공원앞교차로,127.0079126423696891_37.5660438810911330,1010025704,동대문역사문화공원역앞교차로,127.0097555715754112_37.5654831945412937,174.0,21.0,서행,127.0097555715754112_37.5654831945412937|127.0096128053100841_37.5655287500039421|127.0089158485056231_37.5657511395251831|127.0085155097829670_37.5658788797530079|127.0084612158882180_37.5658948204746821|127.0081293049191800_37.5659922730020028|127.0079126423696891_37.5660438810911330
2026-09-04T23:16:36.811991+09:00,동대문 관광특구,동대문 관광특구,POI002,KEY_3,1010014502,을지로45길,1010025704,동대문역사문화공원역앞교차로,127.0097555715754112_37.5654831945412937,1010031203,신당동 251-159,127.0125199832589118_37.5670528209413206,317.0,20.0,서행,127.0125199832589118_37.5670528209413206|127.0124748534802706_37.5669451006742108|127.0123969525654672_37.5668174774060688|127.0123025116707964_37.5666983314770420|127.0121971172845576_37.5665907571920030|127.0120637838956981_37.5664864490764074|127.0119132422724846_37.5664083993704807|127.0117389300272777_37.5663307203448511|127.0115558621243821_37.5662698698201609|127.0113306725807121_37.5662120107637136|127.0106272887382772_37.5660711531911673|127.0104211268278505_37.5660237206134866|127.0102552544842212_37.5659567055388024|127.0101066121111302_37.5658730843004420|127.0099898103265588_37.5657739315167234|127.0097555715754112_37.5654831945412937
2026-09-04T23:16:36.811991+09:00,동대문 관광특구,동대문 관광특구,POI002,KEY_3,1010014503,을지로45길,1010031204,신당동 251-159,127.0125599243742585_37.5672394044600324,1010031813,운동장평화시장,127.0124984243057042_37.5678383411287697,68.0,16.0,서행,127.0124984243057042_37.5678383411287697|127.0125278070149193_37.5678140109252396|127.0125545329192533_37.5677608060890265|127.0125807604174355_37.5676720254815848|127.0125874088479208_37.5675818531156409|127.0125803643056344_37.5674031656770779|127.0125599243742585_37.5672394044600324
2026-09-04T23:16:36.811991+09:00,동대문 관광특구,동대문 관광특구,POI002,KEY_3,1010014602,을지로45길,1010031202,신당동 251-159,127.0126037267031904_37.5669109428648440,1010025701,동대문역사문화공원역앞교차로,127.0098839022084150_37.5654422003783637,305.0,21.0,서행,127.0098839022084150_37.5654422003783637|127.0100974157430329_37.5657072126138019|127.0101962625768266_37.5657911237929127|127.0103255593623715_37.5658638616798513|127.0104711638876438_37.5659226884021962|127.0106627259196870_37.5659667614976271|127.0113681429240273_37.5661080259160514|127.0116029740556911_37.5661683625948655|127.0117984706255356_37.5662333437737743|127.0119835625390436_37.5663158266306780|127.0121493010753682_37.5664017556969796|127.0122987151525393_37.5665186435508005|127.0124137776696784_37.5666360853386863|127.0125158379894970_37.5667648439987900|127.0126009014704351_37.5669041991938073|127.0126037267031904_37.5669109428648440
2026-09-04T23:16:36.811991+09:00,동대문 관광특구,동대문 관광특구,POI002,KEY_3,1010014603,을지로45길,1010031812,운동장평화시장,127.0126485643679786_37.5678648322467907,1010031201,신당동 199-6,127.0126632942662184_37.5670642770788277,90.0,8.0,정체,127.0126632942662184_37.5670642770788277|127.0126915510936527_37.5672094829220882|127.0127159720722574_37.5673958521818534|127.0127233647992000_37.5675833278878599|127.0127156707868608_37.5676876829484456|127.0126844296511024_37.5677934334783714|127.0126485643679786_37.5678648322467907
2026-09-04T23:16:36.811991+09:00,동대문 관광특구,동대문 관광특구,POI002,KEY_3,1010014903,을지로,1010142800,을지로6가 55-5,127.0048451725819234_37.5665039662244240,1010029302,노보텔앰배서더서울동대문,127.0044950518891795_37.5665669124054631,32.0,25.0,원활,127.0044950518891795_37.5665669124054631|127.0048451725819234_37.5665039662244240
2026-09-04T23:16:36.811991+09:00,동대문 관광특구,동대문 관광특구,POI002,KEY_3,1010014904,을지로,1010027300,동대문역사문화공원,127.0072093223593868_37.5660721727252351,1010028502,을지로6가 23-30,127.0068099877482979_37.5661497447646155,36.0,16.0,서행,127.0068099877482979_37.5661497447646155|127.0072093223593868_37.5660721727252351
2026-09-04T23:16:36.811991+09:00,동대문 관광특구,동대문 관광특구,POI002,KEY_3,1010014905,을지로,1010027503,동대문역사문화공원앞교차로,127.0077423203471056_37.5659686340729024,1010027300,동대문역사문화공원,127.0072093223593868_37.5660721727252351,48.0,30.0,원활,127.0072093223593868_37.5660721727252351|127.0077423203471056_37.5659686340729024
2026-09-04T23:16:36.811991+09:00,동대문 관광특구,동대문 관광특구,POI002,KEY_3,1010015003,을지로,1010148600,을지로6가 55-5,127.0059756238963331_37.5664115645017986,1010028504,을지로6가 23-30,127.0067077144106662_37.5662799350011980,66.0,14.0,정체,127.0067077144106662_37.5662799350011980|127.0059756238963331_37.5664115645017986
2026-09-04T23:16:36.811991+09:00,동대문 관광특구,동대문 관광특구,POI002,KEY_3,1010015004,을지로,1010028501,을지로6가 23-30,127.0068399544692994_37.5662552159040573,1010028100,동대문역사문화공원,127.0072415247333453_37.5661772097702809,37.0,25.0,원활,127.0072415247333453_37.5661772097702809|127.0068399544692994_37.5662552159040573
2026-09-04T23:16:36.811991+09:00,동대문 관광특구,동대문 관광특구,POI002,KEY_3,1010015005,을지로,1010028100,동대문역사문화공원,127.0072415247333453_37.5661772097702809,1010027504,동대문역사문화공원앞교차로,127.0077815127893501_37.5660723132225556,49.0,36.0,원활,127.0077815127893501_37.5660723132225556|127.0072415247333453_37.5661772097702809
2026-09-04T23:16:36.811991+09:00,동대문 관광특구,동대문 관광특구,POI002,KEY_3,1010015903,다산로,1010030609,광희초교,127.0160617314247702_37.5668749100625661,1010032003,흥인사거리,127.0159430605048101_37.5679606692483219,121.0,31.0,원활,127.0159430605048101_37.5679606692483219|127.0159743421306047_37.5676112312418340|127.0160255927031301_37.5672344083472609|127.0160402251580791_37.5671268232184943|127.0160549534698760_37.5670185344442942|127.0160617314247702_37.5668749100625661
2026-09-04T23:16:36.811991+09:00,동대문 관광특구,동대문 관광특구,POI002,KEY_3,1010015905,다산로,1010025505,신당역사거리,127.0161301530858964_37.5654176105649569,1010030608,광희초교,127.0160674105021883_37.5667646741866150,150.0,17.5,서행,127.0160674105021883_37.5667646741866150|127.0160810448809769_37.5665140691110153|127.0160869222810902_37.5664060394060755|127.0161264200022373_37.5656800402324649|127.0161301530858964_37.5654176105649569
2026-09-04T23:16:36.811991+09:00,동대문 관광특구,동대문 관광특구,POI002,KEY_3,1010016004,다산로,1010032002,흥인사거리,127.0160789424705570_37.5679639438026456,1010030602,흥인사거리,127.0161606333554687_37.5672460453498260,80.0,11.0,정체,127.0161606333554687_37.5672460453498260|127.0161096513763539_37.5676208949564980|127.0160789424705570_37.5679639438026456
2026-09-04T23:16:36.811991+09:00,동대문 관광특구,동대문 관광특구,POI002,KEY_3,1010016005,다산로,1010025507,신당역(서울6호선),127.0162226232657048_37.5664107172522961,1010025502,신당역사거리,127.0162657689687649_37.5654329995531739,109.0,14.0,정체,127.0162657689687649_37.5654329995531739|127.0162622132909576_37.5656829912889449|127.0162226232657048_37.5664107172522961
2026-09-04T23:16:36.811991+09:00,동대문 관광특구,동대문 관광특구,POI002,KEY_3,1010016006,다산로,1010030603,흥인사거리,127.0161752657197951_37.5671384605402565,1010025506,신당역(서울6호선),127.0162167460837139_37.5665187469929265,69.0,13.0,정체,127.0162167460837139_37.5665187469929265|127.0162031121587347_37.5667693520839094|127.0161974648976724_37.5668789685628042|127.0161905080191644_37.5670263924383008|127.0161752657197951_37.5671384605402565
2026-09-04T23:16:36.811991+09:00,동대문 관광특구,동대문 관광특구,POI002,KEY_3,1010017301,장충단로,1010027504,동대문역사문화공원앞교차로,127.0077815127893501_37.5660723132225556,1010028800,동대문역사문화공원,127.0080565712496110_37.5666288866091591,67.0,30.0,원활,127.0080565712496110_37.5666288866091591|127.0079624699871488_37.5664856769850175|127.0078715207442457_37.5663037548790442|127.0077815127893501_37.5660723132225556
2026-09-04T23:16:36.811991+09:00,동대문 관광특구,동대문 관광특구,POI002,KEY_3,1010017302,장충단로,1010143800,을지로6가 18-11,127.0082819372846643_37.5669476563761933,1010031703,을지로6가 18-11,127.0088451603658086_37.5677293203079117,100.0,10.0,정체,127.0088451603658086_37.5677293203079117|127.0082819372846643_37.5669476563761933
2026-09-04T23:16:36.811991+09:00,동대문 관광특구,동대문 관광특구,POI002,KEY_3,1010017303,장충단로,1010151400,을지로6가 18-11,127.0092239635291378_37.5682916548078154,1010033603,흥인시장,127.0095744381944343_37.5688379054322823,68.0,22.0,서행,127.0095744381944343_37.5688379054322823|127.0095441539168775_37.5687836818919578|127.0094685009096480_37.5686576314897209|127.0092239635291378_37.5682916548078154
2026-09-04T23:16:36.811991+09:00,동대문 관광특구,동대문 관광특구,POI002,KEY_3,1010017304,장충단로,1010033604,흥인시장,127.0096221501300420_37.5689990735866033,1010034702,청계6가사거리,127.0096736759349909_37.5696339498216076,71.0,35.0,원활,127.0096736759349909_37.5696339498216076|127.0096864325971779_37.5694310293012208|127.0096700878060432_37.5692510036280254|127.0096371243204487_37.5690562417204532|127.0096221501300420_37.5689990735866033
2026-09-04T23:16:36.811991+09:00,동대문 관광특구,동대문 관광특구,POI002,KEY_3,1010017401,장충단로,1010031702,을지로6가 18-198,127.0089629856017694_37.5676755281945915,1010027501,동대문역사문화공원앞교차로,127.0079126423696891_37.5660438810911330,204.0,39.0,원활,127.0079126423696891_37.5660438810911330|127.0079996952631092_37.5662677235432056|127.0080860788338697_37.5664405124682617|127.0081769300446410_37.5665787757523901|127.0082204295207475_37.5666449752098757|127.0083997623679863_37.5668938645087991|127.0089629856017694_37.5676755281945915
2026-09-04T23:16:36.811991+09:00,동대문 관광특구,동대문 관광특구,POI002,KEY_3,1010017402,장충단로,1010033602,흥인시장,127.0096784540469628_37.5687579872561841,1010031701,을지로6가 18-11,127.0090328345347217_37.5677753546081874,123.0,18.0,서행,127.0090328345347217_37.5677753546081874|127.0093438877200214_37.5682408851308693|127.0095898005743607_37.5686089201824345|127.0096675199618375_37.5687384094390211|127.0096784540469628_37.5687579872561841
2026-09-04T23:16:36.811991+09:00,동대문 관광특구,동대문 관광특구,POI002,KEY_3,1010017405,장충단로,1010034701,청계6가사거리,127.0098099727011487_37.5696292980751281,1010033601,흥인시장,127.0097254442646317_37.5688636970958783,86.0,13.0,정체,127.0097254442646317_37.5688636970958783|127.0097710903643389_37.5690379675287076|127.0098052651739948_37.5692398786983972|127.0098225114876840_37.5694298296446618|127.0098099727011487_37.5696292980751281
2026-09-04T23:16:36.811991+09:00,동대문 관광특구,동대문 관광특구,POI002,KEY_3,1010017406,율곡로,1010035101,청계6가사거리,127.0097583244985060_37.5699427587399839,1010034701,청계6가사거리,127.0098099727011487_37.5696292980751281,35.0,36.0,원활,127.0098099727011487_37.5696292980751281|127.0097583244985060_37.5699427587399839
2026-09-04T23:16:36.811991+09:00,동대문 관광특구,동대문 관광특구,POI002,KEY_3,1010017900,마장로,1010031811,운동장평화시장,127.0125602184103286_37.5679573189645097,1010032004,흥인사거리,127.0159347353495747_37.5680686203623893,300.0,26.5,원활,127.0159347353495747_37.5680686203623893|127.0156884666647272_37.5680616007632224|127.0144660810207995_37.5680903184376831|127.0138825710250785_37.5680999453562308|127.0137456855287041_37.5680989709988395|127.0136150764297582_37.5680980411691650|127.0132103478226497_37.5680672217406553|127.0129104055784666_37.5680323170113368|127.0127590991973818_37.5680014116303767|127.0127288182885081_37.5679952265176880|127.0125602184103286_37.5679573189645097
2026-09-04T23:16:36.811991+09:00,동대문 관광특구,동대문 관광특구,POI002,KEY_3,1010018000,마장로,1010140800,신당동 208-5,127.0127928615110591_37.5678966848153522,1010031812,운동장평화시장,127.0126485643679786_37.5678648322467907,13.0,17.0,서행,127.0126485643679786_37.5678648322467907|127.0127641662878943_37.5678908234252873|127.0127928615110591_37.5678966848153522
2026-09-04T23:16:36.811991+09:00,동대문 관광특구,동대문 관광특구,POI002,KEY_3,1010018501,마장로,1010148000,황학동 160,127.0178811388246203_37.5681858311381092,1010032002,흥인사거리,127.0160789424705570_37.5679639438026456,161.0,20.0,서행,127.0160789424705570_37.5679639438026456|127.0163154668655494_37.5679686852888892|127.0165901118881067_37.5679879931942224|127.0168817457523289_37.5680208363940551|127.0176785581743104_37.5681563529552491|127.0178811388246203_37.5681858311381092
2026-09-04T23:16:36.811991+09:00,동대문 관광특구,동대문 관광특구,POI002,KEY_3,1010018701,마장로,1010152800,신당동 204-97,127.0117072992637475_37.5679805134442333,1010031814,운동장평화시장,127.0124154726912309_37.5679435535466197,63.0,30.0,원활,127.0124154726912309_37.5679435535466197|127.0122590074739151_37.5679378566801887|127.0120605595701875_37.5679355192139823|127.0119126210582579_37.5679377984365175|127.0117849221734048_37.5679599090739913|127.0117072992637475_37.5679805134442333
2026-09-04T23:16:36.811991+09:00,동대문 관광특구,동대문 관광특구,POI002,KEY_3,1010018702,마장로,1010033601,흥인시장,127.0097254442646317_37.5688636970958783,1010031806,신당동 220-37,127.0108933564805653_37.5683374957941965,119.0,18.0,서행,127.0108933564805653_37.5683374957941965|127.0103128324394817_37.5685983229940632|127.0098862405464928_37.5687745410715479|127.0097254442646317_37.5688636970958783
2026-09-04T23:16:36.811991+09:00,동대문 관광특구,동대문 관광특구,POI002,KEY_3,1010018801,마장로,1010031805,신당동 222-3,127.0108265877144618_37.5682433405487259,1010033602,흥인시장,127.0096784540469628_37.5687579872561841,117.0,20.0,서행,127.0096784540469628_37.5687579872561841|127.0098158423830341_37.5686818101705882|127.0102481441824267_37.5685032330426054|127.0108265877144618_37.5682433405487259
2026-09-04T23:16:36.811991+09:00,동대문 관광특구,동대문 관광특구,POI002,KEY_3,1010018802,마장로,1010031813,운동장평화시장,127.0124984243057042_37.5678383411287697,1010031804,신당동 204-25,127.0109614857434366_37.5681827306582221,145.0,11.5,정체,127.0109614857434366_37.5681827306582221|127.0116044562520585_37.5678938389136974|127.0116643298441801_37.5678779462685810|127.0117488970436739_37.5678554989719800|127.0118967207613707_37.5678299039982804|127.0120602489677566_37.5678273844402426|127.0122631167441938_37.5678297737057392|127.0124984243057042_37.5678383411287697
2026-09-04T23:16:36.811991+09:00,동대문 관광특구,동대문 관광특구,POI002,KEY_3,1010018901,마장로1길,1010152100,신당동 213-11,127.0121553033908839_37.5690336687148729,1010005302,신평화시장,127.0121349816149205_37.5696419493387239,68.0,19.0,서행,127.0121349816149205_37.5696419493387239|127.0121421248701665_37.5691843025149339|127.0121553033908839_37.5690336687148729
2026-09-04T23:16:36.811991+09:00,동대문 관광특구,동대문 관광특구,POI002,KEY_3,1010018902,마장로1길,1010031814,운동장평화시장,127.0124154726912309_37.5679435535466197,1010031809,신당동222-8,127.0122750629742399_37.5683759183048167,50.0,5.0,정체,127.0122750629742399_37.5683759183048167|127.0123180657187021_37.5681383238811932|127.0123497877902849_37.5680414779446536|127.0124154726912309_37.5679435535466197
2026-09-04T23:16:36.811991+09:00,동대문 관광특구,동대문 관광특구,POI002,KEY_3,1010019001,마장로1길,1010031808,신당동222-8,127.0124095059075984_37.5683913354501371,1010031811,운동장평화시장,127.0125602184103286_37.5679573189645097,51.0,24.0,서행,127.0125602184103286_37.5679573189645097|127.0124771732185138_37.5680811245796917|127.0124514225665706_37.5681597391732680|127.0124095059075984_37.5683913354501371
2026-09-04T23:16:36.811991+09:00,동대문 관광특구,동대문 관광특구,POI002,KEY_3,1010019002,마장로1길,1010005301,신평화시장,127.0122708151406528_37.5696426709985616,1010031807,신당동222-8,127.0123898303853878_37.5685000458484097,127.0,5.0,정체,127.0123898303853878_37.5685000458484097|127.0123418218841209_37.5687652999462713|127.0122919230176990_37.5690284264960468|127.0122908073151677_37.5690411795721175|127.0122778985721510_37.5691887330836352|127.0122708151406528_37.5696426709985616
2026-09-04T23:16:36.811991+09:00,동대문 관광특구,동대문 관광특구,POI002,KEY_3,1010019101,다산로,1010141200,흥인동 162-1,127.0158502651201076_37.5693611781333274,1010034802,청계7가사거리,127.0158306639446124_37.5696611075855529,33.0,12.0,정체,127.0158306639446124_37.5696611075855529|127.0158502651201076_37.5693611781333274
2026-09-04T23:16:36.811991+09:00,동대문 관광특구,동대문 관광특구,POI002,KEY_3,1010019102,지봉로,1010034802,청계7가사거리,127.0158306639446124_37.5696611075855529,1010035202,청계7가사거리,127.0158040936899226_37.5700110354399825,39.0,19.0,서행,127.0158040936899226_37.5700110354399825|127.0158306639446124_37.5696611075855529
2026-09-04T23:16:36.811991+09:00,동대문 관광특구,동대문 관광특구,POI002,KEY_3,1010019201,다산로,1010034801,청계7가사거리,127.0159658392398683_37.5696730413387101,1010032001,흥인사거리,127.0160705316801852_37.5680719294102587,178.0,13.0,정체,127.0160705316801852_37.5680719294102587|127.0159858642378339_37.5693667947247576|127.0159658392398683_37.5696730413387101
2026-09-04T23:16:36.811991+09:00,동대문 관광특구,동대문 관광특구,POI002,KEY_3,1010019202,지봉로,1010035201,청계7가사거리,127.0159391928957717_37.5700239796054660,1010034801,청계7가사거리,127.0159658392398683_37.5696730413387101,39.0,17.0,서행,127.0159658392398683_37.5696730413387101|127.0159391928957717_37.5700239796054660
2026-09-04T23:16:36.811991+09:00,동대문 관광특구,동대문 관광특구,POI002,KEY_3,1010019600,청계천로,1010034802,청계7가사거리,127.0158306639446124_37.5696611075855529,1010005301,신평화시장,127.0122708151406528_37.5696426709985616,314.0,17.3,서행,127.0122708151406528_37.5696426709985616|127.0158306639446124_37.5696611075855529
2026-09-04T23:16:36.811991+09:00,동대문 관광특구,동대문 관광특구,POI002,KEY_3,1010019801,청계천로,1010035302,영도교,127.0190376795105180_37.5709005304627368,1010034801,청계7가사거리,127.0159658392398683_37.5696730413387101,306.0,25.0,원활,127.0159658392398683_37.5696730413387101|127.0162447649568236_37.5697211440676426|127.0165233090075390_37.5697807026559474|127.0168138383008198_37.5698640974172520|127.0171942285477513_37.5699927732501777|127.0175147209545514_37.5701286070555724|127.0180299167504216_37.5703764545912975|127.0190376795105180_37.5709005304627368
2026-09-04T23:16:36.811991+09:00,동대문 관광특구,동대문 관광특구,POI002,KEY_3,1010037500,퇴계로,1010022000,광희동1가202-5,127.0064842473273927_37.5641466003637774,1010022800,동대문역사문화공원역(서울5호선),127.0065706763448077_37.5644406429326594,48.0,4.0,정체,127.0065706763448077_37.5644406429326594|127.0066811536361087_37.5643775516764293|127.0066907310278452_37.5643088952173088|127.0066691623191701_37.5642345191936187|127.0066041857510015_37.5641759869182650|127.0064842473273927_37.5641466003637774
2026-09-04T23:16:36.811991+09:00,동대문 관광특구,동대문 관광특구,POI002,KEY_3,1010038000,장충단로,1010023800,광희동2가9,127.0074212496598989_37.5647191039854818,1010022600,동대문역사문화공원역(서울4호선),127.0077454141687099_37.5643181758701132,63.0,13.0,정체,127.0077454141687099_37.5643181758701132|127.0075819683701184_37.5643336340610148|127.0075100991725066_37.5643889445091830|127.0074478177686927_37.5644766757582289|127.0073975133061595_37.5645491496537787|127.0074212496598989_37.5647191039854818
2026-09-04T23:16:36.811991+09:00,동대문 관광특구,동대문 관광특구,POI002,KEY_3,1010038700,마른내로,1010023000,광희동1가169-1,127.0066022342274863_37.5645458036535800,1010024100,광희동2가9,127.0072910181171153_37.5647498099421497,71.0,19.0,서행,127.0072910181171153_37.5647498099421497|127.0070884576186359_37.5645796826538856|127.0069375173959259_37.5645243848659760|127.0068231515665786_37.5645069004905352|127.0066022342274863_37.5645458036535800
2026-09-04T23:16:36.811991+09:00,동대문 관광특구,동대문 관광특구,POI002,KEY_3,1010039200,퇴계로,1010024300,한양공고앞,127.0104773475085409_37.5647757639333406,1010025400,한양공고앞,127.0104615863536850_37.5651414229202487,51.0,10.0,정체,127.0104615863536850_37.5651414229202487|127.0105600471430023_37.5650748710828495|127.0105997131547184_37.5650060557475030|127.0106034436050777_37.5649166603729512|127.0105734829310649_37.5648213070281614|127.0104773475085409_37.5647757639333406
2026-09-04T23:16:36.811991+09:00,동대문 관광특구,동대문 관광특구,POI002,KEY_3,1010040100,장충단로,1010092000,광희동1가 181-1,127.0065666581878219_37.5657901895796726,1010028503,을지로6가 23-30,127.0066777601740426_37.5661744771858537,44.0,9.0,정체,127.0066777601740426_37.5661744771858537|127.0065666581878219_37.5657901895796726
2026-09-04T23:16:36.811991+09:00,동대문 관광특구,동대문 관광특구,POI002,KEY_3,1010040200,장충단로,1010028502,을지로6가 23-30,127.0068099877482979_37.5661497447646155,1010025604,동대문역사문화공원,127.0075480588206034_37.5654411230059182,142.0,7.0,정체,127.0075480588206034_37.5654411230059182|127.0066546962787299_37.5656126126095131|127.0066990252346812_37.5657659412754299|127.0068099877482979_37.5661497447646155
2026-09-04T23:16:36.811991+09:00,동대문 관광특구,동대문 관광특구,POI002,KEY_3,1010040800,을지로,1010026900,동대문역사문화공원,127.0084142117340065_37.5657933815894935,1010026500,동대문역사문화공원,127.0077330726616651_37.5655591691889441,68.0,21.0,서행,127.0077330726616651_37.5655591691889441|127.0079381871399988_37.5656946131292102|127.0081740368883487_37.5657810133705610|127.0084142117340065_37.5657933815894935
2026-09-04T23:16:36.811991+09:00,동대문 관광특구,동대문 관광특구,POI002,KEY_3,1010041000,장충단로,1010026800,동대문역사문화공원,127.0076027310937263_37.5655895835695972,1010027300,동대문역사문화공원,127.0072093223593868_37.5660721727252351,68.0,21.0,서행,127.0072093223593868_37.5660721727252351|127.0074103827092529_37.5659777349919963|127.0075077022791419_37.5658704535518240|127.0075937893706595_37.5657363546045602|127.0076027310937263_37.5655895835695972
2026-09-04T23:16:36.811991+09:00,동대문 관광특구,동대문 관광특구,POI002,KEY_3,1010041400,퇴계로71길,1010146500,신당동 251-113,127.0128353641023153_37.5665709505979564,1010024501,성동여자실업고교앞,127.0124180083525971_37.5649793334128219,204.0,19.0,서행,127.0124180083525971_37.5649793334128219|127.0124114001971662_37.5650299826422014|127.0124068834825550_37.5661119920256468|127.0124128800912473_37.5661177857006550|127.0128352490476402_37.5662369720408265|127.0128757748486237_37.5663122143075370|127.0128353641023153_37.5665709505979564
2026-09-04T23:16:36.811991+09:00,동대문 관광특구,동대문 관광특구,POI002,KEY_3,1010041500,퇴계로71길,1010024504,성동여자실업고교앞,127.0122824244794231_37.5649718786512210,1010031202,신당동 251-159,127.0126037267031904_37.5669109428648440,244.0,16.0,서행,127.0126037267031904_37.5669109428648440|127.0126412307703134_37.5668474033094597|127.0126698024754859_37.5667546274016004|127.0127005738834924_37.5665576114049742|127.0127364488098749_37.5663279184632444|127.0127338355630116_37.5663230668818073|127.0123319930443841_37.5662096732445008|127.0122708949118078_37.5661506328379602|127.0122755975942681_37.5650242043360834|127.0122824244794231_37.5649718786512210
2026-09-04T23:16:36.811991+09:00,동대문 관광특구,동대문 관광특구,POI002,KEY_3,1010041600,퇴계로75길,1010030608,광희초교,127.0160674105021883_37.5667646741866150,1010025101,신당역,127.0157472142811628_37.5653765487913560,171.0,10.0,정체,127.0157472142811628_37.5653765487913560|127.0157807694131407_37.5655235857224596|127.0157959514498032_37.5662042009814456|127.0158068552079413_37.5666930119781171|127.0158387126609796_37.5667198528817465|127.0160674105021883_37.5667646741866150
2026-09-04T23:16:36.811991+09:00,동대문 관광특구,동대문 관광특구,POI002,KEY_3,1010041700,퇴계로75길,1010143700,흥인동 117-5,127.0156601453222152_37.5662061203708575,1010030609,광희초교,127.0160617314247702_37.5668749100625661,98.0,6.0,정체,127.0160617314247702_37.5668749100625661|127.0157674288877132_37.5668172312489048|127.0156719822129077_37.5667368138553144|127.0156601453222152_37.5662061203708575
2026-09-04T23:16:36.811991+09:00,동대문 관광특구,동대문 관광특구,POI002,KEY_3,1010041800,을지로,1010028100,동대문역사문화공원,127.0072415247333453_37.5661772097702809,1010028800,동대문역사문화공원,127.0080565712496110_37.5666288866091591,89.0,16.0,서행,127.0080565712496110_37.5666288866091591|127.0077173922156106_37.5663889362043406|127.0073916863854606_37.5661982459288595|127.0072415247333453_37.5661772097702809
2026-09-04T23:16:36.811991+09:00,동대문 관광특구,동대문 관광특구,POI002,KEY_3,1010043800,을지로43길,1010149300,을지로6가 18-222,127.0073782111932843_37.5673699384108701,1010028501,을지로6가 23-30,127.0068399544692994_37.5662552159040573,137.0,13.0,정체,127.0068399544692994_37.5662552159040573|127.0069949714038273_37.5668109051300121|127.0070602814434295_37.5670450194884324|127.0071638649251753_37.5670828028170760|127.0073782111932843_37.5673699384108701
2026-09-04T23:16:36.811991+09:00,동대문 관광특구,동대문 관광특구,POI002,KEY_3,1010044900,장충단로13길,1010031901,현대시티아울렛(동대문점),127.0078041379920819_37.5680116507579029,1010031704,을지로6가 18-11,127.0089129103870960_37.5678261241420017,100.0,6.0,정체,127.0089129103870960_37.5678261241420017|127.0087521862193825_37.5678639356992790|127.0078041379920819_37.5680116507579029
2026-09-04T23:16:36.811991+09:00,동대문 관광특구,동대문 관광특구,POI002,KEY_3,1010045400,장충단로13길,1010032401,라뜰리에,127.0073032393134156_37.5680926349257334,1010031904,현대시티아울렛(동대문점),127.0076640479500298_37.5680340824541119,33.0,11.0,정체,127.0076640479500298_37.5680340824541119|127.0073032393134156_37.5680926349257334
2026-09-04T23:16:36.811991+09:00,동대문 관광특구,동대문 관광특구,POI002,KEY_3,1010045500,을지로39길,1010153200,을지로6가 18-11,127.0048090270473011_37.5670973204548702,1010029301,노보텔앰배서더서울동대문,127.0045543539209376_37.5666670938253304,53.0,18.5,서행,127.0045543539209376_37.5666670938253304|127.0048090270473011_37.5670973204548702
2026-09-04T23:16:36.811991+09:00,동대문 관광특구,동대문 관광특구,POI002,KEY_3,1010045600,을지로39길,1010139800,을지로6가 18-11,127.0066730552178456_37.5681872995602077,1010032404,라뜰리에,127.0071655544813609_37.5681138478869201,44.0,15.0,서행,127.0071655544813609_37.5681138478869201|127.0066730552178456_37.5681872995602077
2026-09-04T23:16:36.811991+09:00,동대문 관광특구,동대문 관광특구,POI002,KEY_3,1010046100,장충단로.장충단로13길,1010149900,을지로6가 18-12,127.0085250946082596_37.5692538356941554,1010032401,라뜰리에,127.0073032393134156_37.5680926349257334,236.0,33.0,원활,127.0073032393134156_37.5680926349257334|127.0072300360729116_37.5690589517777553|127.0072386991814142_37.5691914930984012|127.0072413992780440_37.5691957915825583|127.0072563754432053_37.5692017507484977|127.0085250946082596_37.5692538356941554
2026-09-04T23:16:36.811991+09:00,동대문 관광특구,동대문 관광특구,POI002,KEY_3,1010046200,장충단로,1010149800,을지로6가 17-468,127.0085180990572127_37.5693618116457060,1010033604,흥인시장,127.0096221501300420_37.5689990735866033,120.0,5.0,정체,127.0096221501300420_37.5689990735866033|127.0095287010951211_37.5691419252875107|127.0093799513192749_37.5693199901350354|127.0092838051250510_37.5693743124476072|127.0091918387787189_37.5693894653783715|127.0085180990572127_37.5693618116457060
2026-09-04T23:16:36.811991+09:00,동대문 관광특구,동대문 관광특구,POI002,KEY_3,1010049900,다산로48길,1010030602,흥인사거리,127.0161606333554687_37.5672460453498260,1010037002,흥인동165,127.0168791560236201_37.5672839465636130,64.0,2.0,정체,127.0168791560236201_37.5672839465636130|127.0161606333554687_37.5672460453498260
2026-09-04T23:16:36.811991+09:00,동대문 관광특구,동대문 관광특구,POI002,KEY_3,1010050000,다산로48길,1010037001,흥인동165,127.0168881371641589_37.5671760636422079,1010030603,흥인사거리,127.0161752657197951_37.5671384605402565,63.0,10.0,정체,127.0161752657197951_37.5671384605402565|127.0168881371641589_37.5671760636422079
2026-09-04T23:16:36.811991+09:00,명동 관광특구,명동 관광특구,POI003,KEY_4,1000000303,종로,1000008703,종로1가사거리,126.9828971865418197_37.5701731264087542,1000007700,종로1가,126.9822109960776402_37.5701758601934444,61.0,4.0,정체,126.9822109960776402_37.5701758601934444|126.9824008620181672_37.5701779915733454|126.9828971865418197_37.5701731264087542
2026-09-04T23:16:36.811991+09:00,명동 관광특구,명동 관광특구,POI003,KEY_4,1000000403,종로,1000009500,종로1가,126.9822090811274506_37.5702839694386270,1000008704,종로1가사거리,126.9829124807839946_37.5702811035568871,62.0,15.0,서행,126.9829124807839946_37.5702811035568871|126.9824007403594095_37.5702861200097971|126.9822090811274506_37.5702839694386270
2026-09-04T23:16:36.811991+09:00,명동 관광특구,명동 관광특구,POI003,KEY_4,1000000501,종로,1000008701,종로1가사거리,126.9830485481293891_37.5702800768006568,1000009600,종로1가,126.9837104338048164_37.5702764015435093,58.0,29.0,원활,126.9837104338048164_37.5702764015435093|126.9830485481293891_37.5702800768006568
2026-09-04T23:16:36.811991+09:00,명동 관광특구,명동 관광특구,POI003,KEY_4,1000000502,종로,1000231500,종로2가 1-2,126.9840871569151233_37.5702743076942411,1000009104,종각지하쇼핑센터,126.9856860459643428_37.5702623526753499,141.0,17.0,서행,126.9856860459643428_37.5702623526753499|126.9846512311403757_37.5702711702886205|126.9844496207387294_37.5702722919640593|126.9840871569151233_37.5702743076942411
2026-09-04T23:16:36.811991+09:00,명동 관광특구,명동 관광특구,POI003,KEY_4,1000000601,종로,1000007800,종로1가,126.9837094850009294_37.5701682846705296,1000008702,종로1가사거리,126.9830343185050481_37.5701720336345346,60.0,10.0,정체,126.9830343185050481_37.5701720336345346|126.9837094850009294_37.5701682846705296
2026-09-04T23:16:36.811991+09:00,명동 관광특구,명동 관광특구,POI003,KEY_4,1000000602,종로,1000231400,종로2가 1-2,126.9840862081807984_37.5701661909693030,1000007800,종로1가,126.9837094850009294_37.5701682846705296,33.0,16.0,서행,126.9837094850009294_37.5701682846705296|126.9840862081807984_37.5701661909693030
2026-09-04T23:16:36.811991+09:00,명동 관광특구,명동 관광특구,POI003,KEY_4,1000001301,종로,1000009001,세종대로사거리,126.9771187019505163_37.5702314111293560,1000009700,종로1가1-3,126.9777559525715844_37.5702421551131351,56.0,12.0,정체,126.9777559525715844_37.5702421551131351|126.9771187019505163_37.5702314111293560
2026-09-04T23:16:36.811991+09:00,명동 관광특구,명동 관광특구,POI003,KEY_4,1000001401,종로,1000008000,동아일보사,126.9777588281918099_37.5701340596360964,1000009002,세종대로사거리,126.9770959172438580_37.5701228829325231,59.0,8.0,정체,126.9770959172438580_37.5701228829325231|126.9777588281918099_37.5701340596360964
2026-09-04T23:16:36.811991+09:00,명동 관광특구,명동 관광특구,POI003,KEY_4,1000002901,청계천로,1010032502,삼일교,126.9858176809112962_37.5681887506945316,1010033401,광교교차로,126.9828323504512895_37.5687142869809634,270.0,18.0,서행,126.9828323504512895_37.5687142869809634|126.9831003219411656_37.5686737853844051|126.9852687140431868_37.5682945602868230|126.9858176809112962_37.5681887506945316
2026-09-04T23:16:36.811991+09:00,명동 관광특구,명동 관광특구,POI003,KEY_4,1000002902,청계천로,1010032102,청계2가교차로,126.9875991297301567_37.5679809831949356,1010032501,삼일교,126.9859639352789031_37.5681586090325510,147.0,16.0,서행,126.9859639352789031_37.5681586090325510|126.9863253538070325_37.5680791845531417|126.9865577650626705_37.5680353471692356|126.9867829856370349_37.5680067659841299|126.9869962249077844_37.5679896256958159|126.9871974815225713_37.5679858337771080|126.9875991297301567_37.5679809831949356
2026-09-04T23:16:36.811991+09:00,명동 관광특구,명동 관광특구,POI003,KEY_4,1000003001,청계천로,1010033701,광교사거리,126.9828472617604831_37.5690310653232729,1000006702,동광빌딩,126.9856496555834724_37.5685348675876654,254.0,17.0,서행,126.9856496555834724_37.5685348675876654|126.9845929724430675_37.5687445528897968|126.9830379501262456_37.5690132418433791|126.9828472617604831_37.5690310653232729
2026-09-04T23:16:36.811991+09:00,명동 관광특구,명동 관광특구,POI003,KEY_4,1000003301,청계천로,1010033802,호주관광청,126.9797619415674745_37.5689431360811881,1010034101,무교동사거리,126.9793610650683036_37.5689718470786644,36.0,21.0,서행,126.9793610650683036_37.5689718470786644|126.9797619415674745_37.5689431360811881
2026-09-04T23:16:36.811991+09:00,명동 관광특구,명동 관광특구,POI003,KEY_4,1000003302,청계천로,1010033402,광교교차로,126.9826972926992426_37.5687326607183465,1010033801,호주관광청,126.9798972652306475_37.5689336143038304,248.0,8.0,정체,126.9798972652306475_37.5689336143038304|126.9825540318489203_37.5687499905156059|126.9826972926992426_37.5687326607183465
2026-09-04T23:16:36.811991+09:00,명동 관광특구,명동 관광특구,POI003,KEY_4,1000003400,청계천로,1010034301,무교동사거리,126.9793440155466442_37.5692674718774171,1010033702,광교사거리,126.9827120922386285_37.5690419071249693,299.0,23.0,서행,126.9827120922386285_37.5690419071249693|126.9793440155466442_37.5692674718774171
2026-09-04T23:16:36.811991+09:00,명동 관광특구,명동 관광특구,POI003,KEY_4,1000003700,청계천로,1010034102,무교동사거리,126.9792256224440905_37.5689816845044717,1000002000,청계광장,126.9771060680401717_37.5690311929919076,188.0,10.0,정체,126.9771060680401717_37.5690311929919076|126.9774434053876035_37.5690828687536680|126.9775440319711919_37.5690924240737019|126.9777213322496863_37.5690924576651568|126.9792256224440905_37.5689816845044717
2026-09-04T23:16:36.811991+09:00,명동 관광특구,명동 관광특구,POI003,KEY_4,1000003801,청계천로,1000031000,청계광장,126.9770921904126482_37.5694157550093379,1000007002,동아일보사,126.9783460265061024_37.5693222473721278,111.0,15.0,서행,126.9783460265061024_37.5693222473721278|126.9773834142662849_37.5693879956262435|126.9770921904126482_37.5694157550093379
2026-09-04T23:16:36.811991+09:00,명동 관광특구,명동 관광특구,POI003,KEY_4,1000004701,우정국로,1010033702,광교사거리,126.9827120922386285_37.5690419071249693,1000007200,종로1가,126.9827935302844111_37.5696197701673924,65.0,18.0,서행,126.9827935302844111_37.5696197701673924|126.9827458886658889_37.5693654356143227|126.9827120922386285_37.5690419071249693
2026-09-04T23:16:36.811991+09:00,명동 관광특구,명동 관광특구,POI003,KEY_4,1000004702,우정국로,1000007200,종로1가,126.9827935302844111_37.5696197701673924,1000008703,종로1가사거리,126.9828971865418197_37.5701731264087542,62.0,31.0,원활,126.9828971865418197_37.5701731264087542|126.9827935302844111_37.5696197701673924
2026-09-04T23:16:36.811991+09:00,명동 관광특구,명동 관광특구,POI003,KEY_4,1000004801,우정국로,1000007100,종로1가,126.9829278791696936_37.5696038258341787,1010033701,광교사거리,126.9828472617604831_37.5690310653232729,64.0,23.3,서행,126.9828472617604831_37.5690310653232729|126.9828808883077329_37.5693529710736058|126.9829278791696936_37.5696038258341787
2026-09-04T23:16:36.811991+09:00,명동 관광특구,명동 관광특구,POI003,KEY_4,1000004802,우정국로,1000008702,종로1가사거리,126.9830343185050481_37.5701720336345346,1000007100,종로1가,126.9829278791696936_37.5696038258341787,64.0,21.0,서행,126.9829278791696936_37.5696038258341787|126.9830343185050481_37.5701720336345346
2026-09-04T23:16:36.811991+09:00,명동 관광특구,명동 관광특구,POI003,KEY_4,1000005202,세종대로,1000009002,세종대로사거리,126.9770959172438580_37.5701228829325231,1000007400,청계천광장,126.9770893091757529_37.5695834801641908,60.0,5.0,정체,126.9770893091757529_37.5695834801641908|126.9770891110814688_37.5697756552470636|126.9770959172438580_37.5701228829325231
2026-09-04T23:16:36.811991+09:00,명동 관광특구,명동 관광특구,POI003,KEY_4,1000005203,세종대로,1000031000,청계광장,126.9770921904126482_37.5694157550093379,1000002000,청계광장,126.9771060680401717_37.5690311929919076,43.0,23.0,서행,126.9771060680401717_37.5690311929919076|126.9770921904126482_37.5694157550093379
2026-09-04T23:16:36.811991+09:00,명동 관광특구,명동 관광특구,POI003,KEY_4,1000005204,세종대로,1000007400,청계천광장,126.9770893091757529_37.5695834801641908,1000031000,청계광장,126.9770921904126482_37.5694157550093379,19.0,15.0,서행,126.9770921904126482_37.5694157550093379|126.9770893091757529_37.5695834801641908
2026-09-04T23:16:36.811991+09:00,명동 관광특구,명동 관광특구,POI003,KEY_4,1000006501,우정국로,1000008704,종로1가사거리,126.9829124807839946_37.5702811035568871,1000010800,종로1가,126.9829520973026149_37.5707555248776544,53.0,17.0,서행,126.9829520973026149_37.5707555248776544|126.9829508691110647_37.5707257702316255|126.9829124807839946_37.5702811035568871
2026-09-04T23:16:36.811991+09:00,명동 관광특구,명동 관광특구,POI003,KEY_4,1000006601,우정국로,1000010700,종로1가,126.9830878603485758_37.5707519719581455,1000008701,종로1가사거리,126.9830485481293891_37.5702800768006568,52.0,18.0,서행,126.9830485481293891_37.5702800768006568|126.9830865510382267_37.5707202864689833|126.9830878603485758_37.5707519719581455
2026-09-04T23:16:36.811991+09:00,명동 관광특구,명동 관광특구,POI003,KEY_4,1000008403,세종대로,1000178600,세종로 84-12,126.9773435970436708_37.5716353187199061,1000010301,주한네덜란드대사관,126.9773205016073234_37.5708618739457165,86.0,22.0,서행,126.9773205016073234_37.5708618739457165|126.9773435970436708_37.5716353187199061
2026-09-04T23:16:36.811991+09:00,명동 관광특구,명동 관광특구,POI003,KEY_4,1000023600,종로,1000007200,종로1가,126.9827935302844111_37.5696197701673924,1000007700,종로1가,126.9822109960776402_37.5701758601934444,90.0,18.0,서행,126.9822109960776402_37.5701758601934444|126.9823538247533747_37.5701681727122576|126.9825335459648414_37.5700690295792086|126.9826437791460876_37.5699908547526107|126.9827324536877029_37.5698897904859521|126.9827899849345840_37.5697677437382040|126.9827935302844111_37.5696197701673924
2026-09-04T23:16:36.811991+09:00,명동 관광특구,명동 관광특구,POI003,KEY_4,1000023700,종로,1000007800,종로1가,126.9837094850009294_37.5701682846705296,1000007100,종로1가,126.9829278791696936_37.5696038258341787,103.0,10.0,정체,126.9829278791696936_37.5696038258341787|126.9830032097695494_37.5698402452960423|126.9830990215400703_37.5699604067910897|126.9831924475550267_37.5700347972999680|126.9833242130892046_37.5700939366007987|126.9834847309357855_37.5701511723724835|126.9837094850009294_37.5701682846705296
2026-09-04T23:16:36.811991+09:00,명동 관광특구,명동 관광특구,POI003,KEY_4,1000023900,종로,1000008000,동아일보사,126.9777588281918099_37.5701340596360964,1000007400,청계천광장,126.9770893091757529_37.5695834801641908,91.0,10.0,정체,126.9770893091757529_37.5695834801641908|126.9770963075021939_37.5696479702720865|126.9772094321437663_37.5697743360528662|126.9773459521211265_37.5699388507560457|126.9774735034476549_37.5700533015790512|126.9775723207871607_37.5701062430602590|126.9777588281918099_37.5701340596360964
2026-09-04T23:16:36.811991+09:00,명동 관광특구,명동 관광특구,POI003,KEY_4,1000024400,종로,1000010700,종로1가,126.9830878603485758_37.5707519719581455,1000009600,종로1가,126.9837104338048164_37.5702764015435093,84.0,23.0,서행,126.9837104338048164_37.5702764015435093|126.9834199944166073_37.5703552243340226|126.9832834070776642_37.5704238609181118|126.9831923434160359_37.5704982251536919|126.9830964773624657_37.5706145452795255|126.9830878603485758_37.5707519719581455
2026-09-04T23:16:36.811991+09:00,명동 관광특구,명동 관광특구,POI003,KEY_4,1000024500,종로,1000009500,종로1가,126.9822090811274506_37.5702839694386270,1000010800,종로1가,126.9829520973026149_37.5707555248776544,92.0,12.0,정체,126.9829520973026149_37.5707555248776544|126.9829359392394394_37.5706431287853420|126.9828401259818236_37.5705267810848440|126.9827754493047394_37.5704619306360499|126.9826892071422293_37.5704047039165019|126.9825119206921613_37.5703322080284821|126.9822090811274506_37.5702839694386270
2026-09-04T23:16:36.811991+09:00,명동 관광특구,명동 관광특구,POI003,KEY_4,1010002301,소월로,1010155400,최소노드배치점,126.9760533414636114_37.5582497344554369,1010013803,숭례문앞교차로,126.9755809845113532_37.5605189064983307,262.0,25.0,원활,126.9755809845113532_37.5605189064983307|126.9757337889885065_37.5603525891795087|126.9757984686316661_37.5601874326070444|126.9757969708594061_37.5599997077910714|126.9757198667068110_37.5593373627741514|126.9757048763582503_37.5591937029204388|126.9757309859065373_37.5590497713064551|126.9757785893644524_37.5588840435687814|126.9759074328705282_37.5585745471584289|126.9759297486065890_37.5585209420058632|126.9759522152383795_37.5584716422248093|126.9760533414636114_37.5582497344554369
2026-09-04T23:16:36.811991+09:00,명동 관광특구,명동 관광특구,POI003,KEY_4,1010002402,소월로,1010013802,숭례문앞교차로,126.9757600351255320_37.5605071695408910,1010011100,숭례문,126.9758644071737450_37.5590694809368770,164.0,13.0,정체,126.9758644071737450_37.5590694809368770|126.9758414948468044_37.5591969276911115|126.9758551619603253_37.5593278985156402|126.9759327469906509_37.5599943665054212|126.9759344158917429_37.5602035603088922|126.9758567349293656_37.5604019178341417|126.9757600351255320_37.5605071695408910
2026-09-04T23:16:36.811991+09:00,명동 관광특구,명동 관광특구,POI003,KEY_4,1010002508,퇴계로,1010038200,회현동1가 194-69,126.9793517057243974_37.5593685443415026,1010011702,회현역7번출구,126.9799749525828076_37.5595619956135778,59.0,32.0,원활,126.9799749525828076_37.5595619956135778|126.9797655565294434_37.5594985542619710|126.9793517057243974_37.5593685443415026
2026-09-04T23:16:36.811991+09:00,명동 관광특구,명동 관광특구,POI003,KEY_4,1010004503,퇴계로,1010058100,충무로2가 111,126.9860157278956194_37.5609895542921493,1010016204,롯데호텔L7(명동),126.9867111612325346_37.5610613083895331,62.0,12.0,정체,126.9867111612325346_37.5610613083895331|126.9862655416711590_37.5610153303082797|126.9860157278956194_37.5609895542921493
2026-09-04T23:16:36.811991+09:00,명동 관광특구,명동 관광특구,POI003,KEY_4,1010004505,퇴계로,1010016201,롯데호텔L7(명동),126.9868467299909440_37.5610743853645488,1010017004,퇴계로2가교차로,126.9889474014538138_37.5613140531310350,189.0,26.0,원활,126.9889474014538138_37.5613140531310350|126.9870814163588051_37.5611494769929379|126.9869907146048007_37.5611414765227138|126.9868467299909440_37.5610743853645488
2026-09-04T23:16:36.811991+09:00,명동 관광특구,명동 관광특구,POI003,KEY_4,1010004603,퇴계로,1010108700,충무로2가 94-2,126.9862829994179521_37.5609081074300093,1010016002,명동역(서울4호선),126.9858383483569071_37.5608622275438933,40.0,19.3,서행,126.9858383483569071_37.5608622275438933|126.9860331859943869_37.5608823314504221|126.9862829994179521_37.5609081074300093
2026-09-04T23:16:36.811991+09:00,명동 관광특구,명동 관광특구,POI003,KEY_4,1010004604,퇴계로,1010016301,명동역1번출구,126.9871113334254318_37.5609345528858967,1010016202,롯데호텔L7(명동),126.9868616879201113_37.5609669231657151,23.0,41.0,원활,126.9868616879201113_37.5609669231657151|126.9870206308065406_37.5609265523693381|126.9871113334254318_37.5609345528858967
2026-09-04T23:16:36.811991+09:00,명동 관광특구,명동 관광특구,POI003,KEY_4,1010004605,퇴계로,1010017003,퇴계로2가교차로,126.9889890744976100_37.5611001658779600,1010016301,명동역1번출구,126.9871113334254318_37.5609345528858967,167.0,15.0,서행,126.9871113334254318_37.5609345528858967|126.9889890744976100_37.5611001658779600
2026-09-04T23:16:36.811991+09:00,명동 관광특구,명동 관광특구,POI003,KEY_4,1010004901,소공로,1010014904,회현사거리,126.9819470670801422_37.5604226300890645,1010016100,신세계백화점(본점),126.9816686271532404_37.5609097208093701,59.0,18.0,서행,126.9816686271532404_37.5609097208093701|126.9819470670801422_37.5604226300890645
2026-09-04T23:16:36.811991+09:00,명동 관광특구,명동 관광특구,POI003,KEY_4,1010004903,소공로,1010016100,신세계백화점(본점),126.9816686271532404_37.5609097208093701,1010017902,한국은행앞교차로,126.9812102323787997_37.5618212267858951,109.0,27.0,원활,126.9812102323787997_37.5618212267858951|126.9814215875591117_37.5613304278622451|126.9815191090982296_37.5611692719051433|126.9815779997364160_37.5610682604307513|126.9816686271532404_37.5609097208093701
2026-09-04T23:16:36.811991+09:00,명동 관광특구,명동 관광특구,POI003,KEY_4,1010005001,소공로,1010016400,포스트타워,126.9817922479335550_37.5609545032611152,1010014901,회현사거리,126.9820623967078177_37.5604819136935362,58.0,10.0,정체,126.9820623967078177_37.5604819136935362|126.9817922479335550_37.5609545032611152
2026-09-04T23:16:36.811991+09:00,명동 관광특구,명동 관광특구,POI003,KEY_4,1010005002,소공로,1010016902,한국은행앞,126.9817016201550075_37.5611130425819510,1010016400,포스트타워,126.9817922479335550_37.5609545032611152,19.0,17.0,서행,126.9817922479335550_37.5609545032611152|126.9817016201550075_37.5611130425819510
2026-09-04T23:16:36.811991+09:00,명동 관광특구,명동 관광특구,POI003,KEY_4,1010005003,소공로,1010017901,한국은행앞교차로,126.9813201261830500_37.5618994475613093,1010016901,한국은행앞,126.9816414699309064_37.5612161949658940,81.0,6.0,정체,126.9816414699309064_37.5612161949658940|126.9815474496638501_37.5613715645860893|126.9813201261830500_37.5618994475613093
2026-09-04T23:16:36.811991+09:00,명동 관광특구,명동 관광특구,POI003,KEY_4,1010005101,남대문로,1010013801,숭례문앞교차로,126.9756943412395600_37.5606249038699929,1010015000,숭례문,126.9764459331227329_37.5606350021971664,67.0,21.5,서행,126.9764459331227329_37.5606350021971664|126.9761770959942169_37.5605854916413975|126.9759176766868478_37.5605967861663927|126.9756943412395600_37.5606249038699929
2026-09-04T23:16:36.811991+09:00,명동 관광특구,명동 관광특구,POI003,KEY_4,1010005102,남대문로,1010123700,남대문로3가 110-4,126.9802395481067094_37.5615376279630198,1010017903,한국은행앞교차로,126.9811556456876929_37.5619216279188848,92.0,19.5,서행,126.9811556456876929_37.5619216279188848|126.9809804652948202_37.5618338688153770|126.9804945418923836_37.5616270684645031|126.9802395481067094_37.5615376279630198
2026-09-04T23:16:36.811991+09:00,명동 관광특구,명동 관광특구,POI003,KEY_4,1010005201,남대문로,1010014800,숭례문,126.9764883666133954_37.5605318420117769,1010013802,숭례문앞교차로,126.9757600351255320_37.5605071695408910,65.0,9.0,정체,126.9757600351255320_37.5605071695408910|126.9759033237710781_37.5604891294319145|126.9761889274862341_37.5604766950548168|126.9764883666133954_37.5605318420117769
2026-09-04T23:16:36.811991+09:00,명동 관광특구,명동 관광특구,POI003,KEY_4,1010005202,남대문로,1010105800,남대문로4가 24-1,126.9773600444245005_37.5608297698874694,1010014800,숭례문,126.9764883666133954_37.5605318420117769,84.0,19.7,서행,126.9764883666133954_37.5605318420117769|126.9773600444245005_37.5608297698874694
2026-09-04T23:16:36.811991+09:00,명동 관광특구,명동 관광특구,POI003,KEY_4,1010007100,남대문로,1010017904,한국은행앞교차로,126.9812429466621211_37.5620183676301806,1010021108,호텔이비스명동,126.9820519451972700_37.5636664770067483,197.0,19.0,서행,126.9820519451972700_37.5636664770067483|126.9819793117574847_37.5634775660291922|126.9817625196920829_37.5629137095619114|126.9816744970428033_37.5627384358941327|126.9813726104749207_37.5622249080098740|126.9812429466621211_37.5620183676301806
2026-09-04T23:16:36.811991+09:00,명동 관광특구,명동 관광특구,POI003,KEY_4,1010007200,남대문로,1010090400,남대문로2가 17-2,126.9821091872959755_37.5634459234669080,1010017901,한국은행앞교차로,126.9813201261830500_37.5618994475613093,186.0,27.0,원활,126.9813201261830500_37.5618994475613093|126.9814948864511877_37.5621778204330639|126.9817991665262582_37.5626954199811465|126.9818907371757462_37.5628777579140802|126.9821091872959755_37.5634459234669080
2026-09-04T23:16:36.811991+09:00,명동 관광특구,명동 관광특구,POI003,KEY_4,1010007304,서소문로,1010019501,한산빌딩,126.9730982772283170_37.5628920335954888,1010020204,중앙일보사,126.9740738637650566_37.5631806396414873,92.0,14.0,정체,126.9740738637650566_37.5631806396414873|126.9737013790137468_37.5630578478489241|126.9732815155571188_37.5629364731473245|126.9732301148138589_37.5629240073069894|126.9730982772283170_37.5628920335954888
2026-09-04T23:16:36.811991+09:00,명동 관광특구,명동 관광특구,POI003,KEY_4,1010007305,서소문로,1010060500,서소문동 42-3,126.9748814331857290_37.5634753132613639,1010021604,시청앞광장,126.9768728564433928_37.5640783561644085,191.0,13.5,정체,126.9768728564433928_37.5640783561644085|126.9766787939362445_37.5640859652900971|126.9765523317762188_37.5640754535460886|126.9763400428201123_37.5640251139761148|126.9749917778751325_37.5635158830683409|126.9748814331857290_37.5634753132613639
2026-09-04T23:16:36.811991+09:00,명동 관광특구,명동 관광특구,POI003,KEY_4,1010007405,서소문로,1010021603,시청앞광장,126.9768324946201261_37.5639716881909536,1010020202,중앙일보사,126.9742502538365869_37.5631241528421853,249.0,11.0,정체,126.9742502538365869_37.5631241528421853|126.9749383845103381_37.5633771573157134|126.9750493665217306_37.5634179614493959|126.9763888286545210_37.5639238670732283|126.9765790012718583_37.5639689628774178|126.9766825277856697_37.5639775680622137|126.9768324946201261_37.5639716881909536
2026-09-04T23:16:36.811991+09:00,명동 관광특구,명동 관광특구,POI003,KEY_4,1010007500,소공로,1010017903,한국은행앞교차로,126.9811556456876929_37.5619216279188848,1010021703,소공로지하상가,126.9793735854893129_37.5639048297059688,271.0,14.0,정체,126.9793735854893129_37.5639048297059688|126.9799260872659801_37.5633234478845921|126.9804607657373765_37.5627352047527836|126.9809958432867205_37.5621465108158432|126.9811556456876929_37.5619216279188848
2026-09-04T23:16:36.811991+09:00,명동 관광특구,명동 관광특구,POI003,KEY_4,1010007600,소공로,1010125600,소공동 44-2,126.9805708038916379_37.5627985840057121,1010017904,한국은행앞교차로,126.9812429466621211_37.5620183676301806,105.0,28.8,원활,126.9812429466621211_37.5620183676301806|126.9811103260703646_37.5622049984614250|126.9805708038916379_37.5627985840057121
2026-09-04T23:16:36.811991+09:00,명동 관광특구,명동 관광특구,POI003,KEY_4,1010008401,세종대로18길,1010021203,우성빌딩,126.9777193951018148_37.5638099385310227,1010021602,시청앞광장,126.9769689889781006_37.5639574810137518,68.0,32.0,원활,126.9769689889781006_37.5639574810137518|126.9777193951018148_37.5638099385310227
2026-09-04T23:16:36.811991+09:00,명동 관광특구,명동 관광특구,POI003,KEY_4,1010008402,세종대로18길,1010073800,소공동 87-15,126.9784945856248157_37.5638009334543241,1010021202,우성빌딩,126.9778443694909242_37.5637825313256783,58.0,12.0,정체,126.9778443694909242_37.5637825313256783|126.9779245419285019_37.5637634021338656|126.9780550037610567_37.5637507097928918|126.9781651142375978_37.5637590779395225|126.9784945856248157_37.5638009334543241
2026-09-04T23:16:36.811991+09:00,명동 관광특구,명동 관광특구,POI003,KEY_4,1010008601,명동길,1010094000,명동2가 81-1,126.9851479805942063_37.5638186401739063,1010021107,호텔이비스명동,126.9821837939177840_37.5636399652824764,264.0,5.0,정체,126.9821837939177840_37.5636399652824764|126.9823326124742522_37.5636143047609394|126.9828833689964966_37.5636071193572647|126.9835225261317078_37.5636288098772013|126.9845070950813550_37.5637152298037265|126.9851479805942063_37.5638186401739063
2026-09-04T23:16:36.811991+09:00,명동 관광특구,명동 관광특구,POI003,KEY_4,1010008602,명동길,1010106400,명동2가 1-17,126.9865203350459382_37.5642465490057234,1010021103,천주교서울대교구역사관,126.9862268629406685_37.5640958827178579,31.0,9.0,정체,126.9862268629406685_37.5640958827178579|126.9865203350459382_37.5642465490057234
2026-09-04T23:16:36.811991+09:00,명동 관광특구,명동 관광특구,POI003,KEY_4,1010009100,남대문로7길,1010021108,호텔이비스명동,126.9820519451972700_37.5636664770067483,1010021702,소공로지하상가,126.9795475428450970_37.5639009918525275,227.0,10.0,정체,126.9795475428450970_37.5639009918525275|126.9796803370022360_37.5638948862261515|126.9806310216740002_37.5639896452279629|126.9820519451972700_37.5636664770067483
2026-09-04T23:16:36.811991+09:00,명동 관광특구,명동 관광특구,POI003,KEY_4,1010009200,남대문로7길,1010021701,소공로지하상가,126.9794402894512473_37.5640142229526717,1010021109,호텔이비스명동,126.9820873216543333_37.5637708767384169,240.0,21.5,서행,126.9820873216543333_37.5637708767384169|126.9806416666700954_37.5640996703370931|126.9796757766825266_37.5640033960331934|126.9794402894512473_37.5640142229526717
2026-09-04T23:16:36.811991+09:00,명동 관광특구,명동 관광특구,POI003,KEY_4,1010009501,소공로,1010021704,소공로지하상가,126.9792789797845671_37.5640057968385435,1010023303,조선호텔,126.9788152991022230_37.5645029149171776,69.0,27.0,원활,126.9788152991022230_37.5645029149171776|126.9792789797845671_37.5640057968385435
2026-09-04T23:16:36.811991+09:00,명동 관광특구,명동 관광특구,POI003,KEY_4,1010009502,소공로,1010023304,조선호텔,126.9787312154575005_37.5645930511843886,1010024703,시청앞광장,126.9784672029423973_37.5649273269454653,44.0,27.0,원활,126.9784672029423973_37.5649273269454653|126.9785328581880179_37.5648259321764542|126.9786099909753290_37.5647229929441977|126.9787312154575005_37.5645930511843886
2026-09-04T23:16:36.811991+09:00,명동 관광특구,명동 관광특구,POI003,KEY_4,1010009601,소공로,1010023302,조선호텔,126.9789243502561220_37.5645673683433330,1010021701,소공로지하상가,126.9794402894512473_37.5640142229526717,76.0,30.0,원활,126.9794402894512473_37.5640142229526717|126.9789243502561220_37.5645673683433330
2026-09-04T23:16:36.811991+09:00,명동 관광특구,명동 관광특구,POI003,KEY_4,1010009602,소공로,1010024701,속성변화점,126.9786056986612977_37.5650244624703831,1010023301,조선호텔,126.9788402605382771_37.5646575116433681,47.0,24.0,서행,126.9788402605382771_37.5646575116433681|126.9787231273203787_37.5647830692895752|126.9786516629586544_37.5648784430538711|126.9786287557715099_37.5649138199071757|126.9786056986612977_37.5650244624703831
2026-09-04T23:16:36.811991+09:00,명동 관광특구,명동 관광특구,POI003,KEY_4,1010009902,세종대로,1010021604,시청앞광장,126.9768728564433928_37.5640783561644085,1010024204,시청앞교차로,126.9770880989032236_37.5648197786229900,85.0,21.0,서행,126.9770880989032236_37.5648197786229900|126.9770591791834136_37.5646629693451288|126.9770001947957212_37.5644354373990907|126.9769219936512883_37.5642088549141349|126.9768728564433928_37.5640783561644085
2026-09-04T23:16:36.811991+09:00,명동 관광특구,명동 관광특구,POI003,KEY_4,1010010000,세종대로,1010024203,시청앞교차로,126.9772135411598413_37.5647555843739269,1010021601,시청앞광장,126.9770081698073909_37.5640611462049279,79.0,29.5,원활,126.9770081698073909_37.5640611462049279|126.9770525488461743_37.5641790078298783|126.9771323290460572_37.5644101639924273|126.9771929938028450_37.5646441761629077|126.9772135411598413_37.5647555843739269
2026-09-04T23:16:36.811991+09:00,명동 관광특구,명동 관광특구,POI003,KEY_4,1010011000,덕수궁길,1010003702,국립현대미술관(덕수궁),126.9734800713954428_37.5653099277390794,1010024205,시청앞교차로,126.9771111379704962_37.5649683842586413,350.0,26.3,원활,126.9771111379704962_37.5649683842586413|126.9769955437966189_37.5648997036250520|126.9769191129801698_37.5648841239987448|126.9762643259252286_37.5649661911538288|126.9761744747147532_37.5649770829893868|126.9759779520215517_37.5650009053778362|126.9758689949813260_37.5650050124235619|126.9752013280298399_37.5649548066137768|126.9751376722967393_37.5649475156969572|126.9743014077374426_37.5648517294047579|126.9740978380537513_37.5648406360021241|126.9740518977143893_37.5648432379020889|126.9740231183313881_37.5648571744892976|126.9736843653272729_37.5652451675209207|126.9735504744861458_37.5653043393530339|126.9734800713954428_37.5653099277390794
2026-09-04T23:16:36.811991+09:00,명동 관광특구,명동 관광특구,POI003,KEY_4,1010011100,소공로,1010024703,시청앞광장,126.9784672029423973_37.5649273269454653,1010024202,시청앞교차로,126.9772712943529740_37.5649019993645936,106.0,29.0,원활,126.9772712943529740_37.5649019993645936|126.9774098801302102_37.5649281244663342|126.9776269810423628_37.5649428736685351|126.9783249021099323_37.5649392241840445|126.9784672029423973_37.5649273269454653
2026-09-04T23:16:36.811991+09:00,명동 관광특구,명동 관광특구,POI003,KEY_4,1010011200,소공로,1010024201,시청앞교차로,126.9772516593585294_37.5650094083765893,1010024704,시청앞광장,126.9784659259494219_37.5650361481380060,108.0,15.0,서행,126.9784659259494219_37.5650361481380060|126.9783324600417700_37.5650473063687187|126.9776216401868254_37.5650510228301613|126.9773883375840597_37.5650351731031407|126.9772516593585294_37.5650094083765893
2026-09-04T23:16:36.811991+09:00,명동 관광특구,명동 관광특구,POI003,KEY_4,1010011301,남대문로,1010021109,호텔이비스명동,126.9820873216543333_37.5637708767384169,1010026000,을지로1가,126.9825267031434635_37.5654759873990756,193.0,32.0,원활,126.9825267031434635_37.5654759873990756|126.9824702954355473_37.5651483984699510|126.9824465623792378_37.5650489393979115|126.9823699220778366_37.5647277579612506|126.9821890475419082_37.5641153221354358|126.9820873216543333_37.5637708767384169
2026-09-04T23:16:36.811991+09:00,명동 관광특구,명동 관광특구,POI003,KEY_4,1010011302,남대문로,1010026000,을지로1가,126.9825267031434635_37.5654759873990756,1010027603,을지로1가사거리,126.9825982666405650_37.5659907242088167,58.0,35.0,원활,126.9825982666405650_37.5659907242088167|126.9825744719930611_37.5657534111520093|126.9825267031434635_37.5654759873990756
2026-09-04T23:16:36.811991+09:00,명동 관광특구,명동 관광특구,POI003,KEY_4,1010011401,남대문로,1010091100,남대문로2가 55,126.9823212661627423_37.5640905784940742,1010021106,호텔이비스명동,126.9822190609451695_37.5637445116022164,39.0,19.0,서행,126.9822190609451695_37.5637445116022164|126.9823212661627423_37.5640905784940742
2026-09-04T23:16:36.811991+09:00,명동 관광특구,명동 관광특구,POI003,KEY_4,1010011402,남대문로,1010027602,을지로1가사거리,126.9827347649793126_37.5659931090943999,1010025900,을지로1가,126.9826612707275899_37.5654613047842005,59.0,6.0,정체,126.9826612707275899_37.5654613047842005|126.9827095622990356_37.5657417604116617|126.9827347649793126_37.5659931090943999
2026-09-04T23:16:36.811991+09:00,명동 관광특구,명동 관광특구,POI003,KEY_4,1010012301,삼일대로,1010023607,을지로2가교차로,126.9875153124106788_37.5653314296015850,1010028303,을지로2가사거리,126.9874738711629050_37.5660973882812215,85.0,18.5,서행,126.9874738711629050_37.5660973882812215|126.9875153124106788_37.5653314296015850
2026-09-04T23:16:36.811991+09:00,명동 관광특구,명동 관광특구,POI003,KEY_4,1010012402,삼일대로,1010028302,을지로2가사거리,126.9876096117672972_37.5661013280257805,1010023606,을지로2가교차로,126.9876510130918916_37.5653360815828705,85.0,6.0,정체,126.9876510130918916_37.5653360815828705|126.9876096117672972_37.5661013280257805
2026-09-04T23:16:36.811991+09:00,명동 관광특구,명동 관광특구,POI003,KEY_4,1010012500,을지로,1010024704,시청앞광장,126.9784659259494219_37.5650361481380060,1010004003,시청앞교차로,126.9789708087737665_37.5659839969886207,114.0,12.0,정체,126.9789708087737665_37.5659839969886207|126.9788675333299039_37.5658318303835728|126.9786502993091943_37.5654208830312371|126.9784659259494219_37.5650361481380060
2026-09-04T23:16:36.811991+09:00,명동 관광특구,명동 관광특구,POI003,KEY_4,1010012600,을지로,1010004002,시청앞교차로,126.9790903112125449_37.5659326054826721,1010024701,속성변화점,126.9786056986612977_37.5650244624703831,110.0,21.0,서행,126.9786056986612977_37.5650244624703831|126.9787763856751894_37.5653806366447611|126.9789901698400030_37.5657850581407118|126.9790903112125449_37.5659326054826721
2026-09-04T23:16:36.811991+09:00,명동 관광특구,명동 관광특구,POI003,KEY_4,1010012901,수표로,1010003202,을지로3가역교차로,126.9897291608209429_37.5658390563948359,1010028603,을지로3가역앞교차로,126.9896894051841514_37.5661745923649022,37.0,16.0,서행,126.9896894051841514_37.5661745923649022|126.9897291608209429_37.5658390563948359
2026-09-04T23:16:36.811991+09:00,명동 관광특구,명동 관광특구,POI003,KEY_4,1010013001,수표로,1010028602,을지로3가역앞교차로,126.9898251326520580_37.5661805237763957,1010003203,중부경찰서앞교차로,126.9900253380623667_37.5648767043805805,146.0,7.0,정체,126.9900253380623667_37.5648767043805805|126.9898963568923449_37.5655793760539467|126.9898643876243369_37.5658492083217084|126.9898251326520580_37.5661805237763957
2026-09-04T23:16:36.811991+09:00,명동 관광특구,명동 관광특구,POI003,KEY_4,1010013800,세종대로,1010004902,강원도민일보(서울본부),126.9771979915670101_37.5670009920858590,1010024201,시청앞교차로,126.9772516593585294_37.5650094083765893,221.0,38.0,원활,126.9772516593585294_37.5650094083765893|126.9772632229602749_37.5651213527824481|126.9772704963173453_37.5652669803863901|126.9772680209366058_37.5654083777349115|126.9772559424266944_37.5656434912380419|126.9771979915670101_37.5670009920858590
2026-09-04T23:16:36.811991+09:00,명동 관광특구,명동 관광특구,POI003,KEY_4,1010013901,을지로,1010004001,시청앞교차로,126.9791355868352127_37.5660429362421766,1010027204,일본국제관광진흥기구서울사무소,126.9796194072220459_37.5660647181267464,43.0,22.0,서행,126.9796194072220459_37.5660647181267464|126.9791355868352127_37.5660429362421766
2026-09-04T23:16:36.811991+09:00,명동 관광특구,명동 관광특구,POI003,KEY_4,1010013902,을지로,1010146100,을지로1가 100-1,126.9815109860232241_37.5660872122773881,1010027900,을지로1가,126.9818910787151509_37.5660912827303974,34.0,40.0,원활,126.9818910787151509_37.5660912827303974|126.9815109860232241_37.5660872122773881
2026-09-04T23:16:36.811991+09:00,명동 관광특구,명동 관광특구,POI003,KEY_4,1010013903,을지로,1010027900,을지로1가,126.9818910787151509_37.5660912827303974,1010027604,을지로1가사거리,126.9826058911915396_37.5660989346886538,63.0,19.0,서행,126.9826058911915396_37.5660989346886538|126.9818910787151509_37.5660912827303974
2026-09-04T23:16:36.811991+09:00,명동 관광특구,명동 관광특구,POI003,KEY_4,1010014001,을지로,1010141800,을지로1가 50-1,126.9805253177826074_37.5659685214828443,1010004002,시청앞교차로,126.9790903112125449_37.5659326054826721,127.0,10.0,정체,126.9790903112125449_37.5659326054826721|126.9796270767268993_37.5659567711099385|126.9797571380910313_37.5659602844908065|126.9805253177826074_37.5659685214828443
2026-09-04T23:16:36.811991+09:00,명동 관광특구,명동 관광특구,POI003,KEY_4,1010014003,을지로,1010027603,을지로1가사거리,126.9825982666405650_37.5659907242088167,1010027100,을지로1가,126.9818929057274914_37.5659831733999496,62.0,4.0,정체,126.9818929057274914_37.5659831733999496|126.9825982666405650_37.5659907242088167
2026-09-04T23:16:36.811991+09:00,명동 관광특구,명동 관광특구,POI003,KEY_4,1010014101,을지로,1010027601,을지로1가사거리,126.9827418668225789_37.5661014686323185,1010028200,을지로1가,126.9835099428304233_37.5661212717317525,68.0,14.0,정체,126.9835099428304233_37.5661212717317525|126.9827418668225789_37.5661014686323185
2026-09-04T23:16:36.811991+09:00,명동 관광특구,명동 관광특구,POI003,KEY_4,1010014102,을지로,1010028200,을지로1가,126.9835099428304233_37.5661212717317525,1010027804,하나은행,126.9843493694020538_37.5661429082344682,74.0,14.0,정체,126.9843493694020538_37.5661429082344682|126.9840974032225063_37.5661364143494865|126.9835099428304233_37.5661212717317525
2026-09-04T23:16:36.811991+09:00,명동 관광특구,명동 관광특구,POI003,KEY_4,1010014103,을지로,1010027801,하나은행,126.9844851596662494_37.5661457541766879,1010028004,을지로2가 41-2,126.9856802427402158_37.5661651885926133,106.0,19.0,서행,126.9856802427402158_37.5661651885926133|126.9844851596662494_37.5661457541766879
2026-09-04T23:16:36.811991+09:00,명동 관광특구,명동 관광특구,POI003,KEY_4,1010014104,을지로,1010028001,을지로2가 41-2,126.9858160807349066_37.5661678499220457,1010028304,을지로2가사거리,126.9874737825745115_37.5662055493903111,147.0,22.0,서행,126.9874737825745115_37.5662055493903111|126.9858160807349066_37.5661678499220457
2026-09-04T23:16:36.811991+09:00,명동 관광특구,명동 관광특구,POI003,KEY_4,1010014201,을지로,1010027400,을지로1가,126.9835143391555619_37.5660132086861509,1010027602,을지로1가사거리,126.9827347649793126_37.5659931090943999,69.0,15.0,서행,126.9827347649793126_37.5659931090943999|126.9835143391555619_37.5660132086861509
2026-09-04T23:16:36.811991+09:00,명동 관광특구,명동 관광특구,POI003,KEY_4,1010014202,을지로,1010142400,을지로2가 9-7,126.9841017988764804_37.5660283512678390,1010027400,을지로1가,126.9835143391555619_37.5660132086861509,52.0,21.0,서행,126.9835143391555619_37.5660132086861509|126.9841017988764804_37.5660283512678390
2026-09-04T23:16:36.811991+09:00,명동 관광특구,명동 관광특구,POI003,KEY_4,1010014204,을지로,1010028303,을지로2가사거리,126.9874738711629050_37.5660973882812215,1010028002,을지로2가 193-2,126.9858818140827310_37.5660611820985721,141.0,13.0,정체,126.9858818140827310_37.5660611820985721|126.9874738711629050_37.5660973882812215
2026-09-04T23:16:36.811991+09:00,명동 관광특구,명동 관광특구,POI003,KEY_4,1010014300,을지로,1010146800,을지로2가 149-10,126.9884088923176222_37.5662377135078387,1010028604,을지로3가역앞교차로,126.9896747555891778_37.5662823014544429,112.0,11.0,정체,126.9896747555891778_37.5662823014544429|126.9884088923176222_37.5662377135078387
2026-09-04T23:16:36.811991+09:00,명동 관광특구,명동 관광특구,POI003,KEY_4,1010014400,을지로,1010028603,을지로3가역앞교차로,126.9896894051841514_37.5661745923649022,1010028302,을지로2가사거리,126.9876096117672972_37.5661013280257805,184.0,30.3,원활,126.9876096117672972_37.5661013280257805|126.9884148977249652_37.5661296999875063|126.9896894051841514_37.5661745923649022
2026-09-04T23:16:36.811991+09:00,명동 관광특구,명동 관광특구,POI003,KEY_4,1010014700,을지로,1010151800,을지로3가 335-1,126.9919946469998706_37.5664006855458155,1010028904,을지로3가사거리,126.9925487818469207_37.5664292389546333,49.0,25.5,원활,126.9925487818469207_37.5664292389546333|126.9919946469998706_37.5664006855458155
2026-09-04T23:16:36.811991+09:00,명동 관광특구,명동 관광특구,POI003,KEY_4,1010014800,을지로,1010145900,을지로3가 335-1,126.9914406363359234_37.5662637900358405,1010028602,을지로3가역앞교차로,126.9898251326520580_37.5661805237763957,143.0,19.0,서행,126.9898251326520580_37.5661805237763957|126.9908895242729585_37.5662353871338581|126.9914406363359234_37.5662637900358405
2026-09-04T23:16:36.811991+09:00,명동 관광특구,명동 관광특구,POI003,KEY_4,1010015400,무교로,1010004802,한국체육박물관,126.9792639816276676_37.5669296274705644,1010004001,시청앞교차로,126.9791355868352127_37.5660429362421766,99.0,18.0,서행,126.9791355868352127_37.5660429362421766|126.9792051056433166_37.5662774283455079|126.9792449697865493_37.5664901136539342|126.9792639816276676_37.5669296274705644
2026-09-04T23:16:36.811991+09:00,명동 관광특구,명동 관광특구,POI003,KEY_4,1010015801,을지로,1010141600,을지로3가 282-8,126.9935397848157663_37.5663732801445960,1010028902,을지로3가사거리,126.9926970990682662_37.5663286365962890,75.0,40.0,원활,126.9926970990682662_37.5663286365962890|126.9934021740241121_37.5663659902566422|126.9935397848157663_37.5663732801445960
2026-09-04T23:16:36.811991+09:00,명동 관광특구,명동 관광특구,POI003,KEY_4,1010016400,세종대로20길,1010152400,태평로1가 31-1,126.9781614739919320_37.5671149535760875,1010004804,한국체육박물관,126.9791327692852860_37.5670432031565085,86.0,14.5,정체,126.9791327692852860_37.5670432031565085|126.9790021637939503_37.5670657791657803|126.9788569191823626_37.5670778321488825|126.9783926986433755_37.5671163538151802|126.9781614739919320_37.5671149535760875
2026-09-04T23:16:36.811991+09:00,명동 관광특구,명동 관광특구,POI003,KEY_4,1010016501,삼일대로,1010028304,을지로2가사거리,126.9874737825745115_37.5662055493903111,1010029803,장교빌딩,126.9875051706000590_37.5667709319350678,63.0,8.0,정체,126.9875051706000590_37.5667709319350678|126.9874737825745115_37.5662055493903111
2026-09-04T23:16:36.811991+09:00,명동 관광특구,명동 관광특구,POI003,KEY_4,1010016601,삼일대로,1010032101,청계2가교차로,126.9877349955711310_37.5679787776906622,1010028301,을지로2가사거리,126.9876099653043724_37.5662095656072808,197.0,34.5,원활,126.9876099653043724_37.5662095656072808|126.9876408664182748_37.5667661585678516|126.9876479046651099_37.5668724557024163|126.9877349955711310_37.5679787776906622
2026-09-04T23:16:36.811991+09:00,명동 관광특구,명동 관광특구,POI003,KEY_4,1010016800,충무로,1010032601,청계3가사거리,126.9924532079404145_37.5682271426007404,1010028901,을지로3가사거리,126.9926843734522208_37.5664363213669432,200.0,10.0,정체,126.9926843734522208_37.5664363213669432|126.9926252903373012_37.5669347201085557|126.9924985400868280_37.5680039058879061|126.9924532079404145_37.5682271426007404
2026-09-04T23:16:36.811991+09:00,명동 관광특구,명동 관광특구,POI003,KEY_4,1010016901,남대문로,1010027604,을지로1가사거리,126.9826058911915396_37.5660989346886538,1010030400,을지로1가,126.9826247367543033_37.5666216435254796,58.0,10.0,정체,126.9826247367543033_37.5666216435254796|126.9826226084675653_37.5665596339693408|126.9826058911915396_37.5660989346886538
2026-09-04T23:16:36.811991+09:00,명동 관광특구,명동 관광특구,POI003,KEY_4,1010016902,남대문로,1010150800,남대문로1가 108-2,126.9826731481714006_37.5680301882648422,1010033402,광교교차로,126.9826972926992426_37.5687326607183465,78.0,21.0,서행,126.9826972926992426_37.5687326607183465|126.9826731481714006_37.5680301882648422
2026-09-04T23:16:36.811991+09:00,명동 관광특구,명동 관광특구,POI003,KEY_4,1010016903,우정국로,1010033402,광교교차로,126.9826972926992426_37.5687326607183465,1010033702,광교사거리,126.9827120922386285_37.5690419071249693,34.0,10.0,정체,126.9827120922386285_37.5690419071249693|126.9826972926992426_37.5687326607183465
2026-09-04T23:16:36.811991+09:00,명동 관광특구,명동 관광특구,POI003,KEY_4,1010017001,남대문로,1010029900,을지로1가,126.9827605148126537_37.5666186901436632,1010027601,을지로1가사거리,126.9827418668225789_37.5661014686323185,57.0,12.0,정체,126.9827418668225789_37.5661014686323185|126.9827583830370514_37.5665565967967936|126.9827605148126537_37.5666186901436632
2026-09-04T23:16:36.811991+09:00,명동 관광특구,명동 관광특구,POI003,KEY_4,1010017002,남대문로,1010140600,남대문로1가 48-6,126.9827925225078928_37.5675524365280396,1010029900,을지로1가,126.9827605148126537_37.5666186901436632,104.0,26.0,원활,126.9827605148126537_37.5666186901436632|126.9827925225078928_37.5675524365280396
2026-09-04T23:16:36.811991+09:00,명동 관광특구,명동 관광특구,POI003,KEY_4,1010017003,우정국로,1010033701,광교사거리,126.9828472617604831_37.5690310653232729,1010033401,광교교차로,126.9828323504512895_37.5687142869809634,35.0,30.0,원활,126.9828323504512895_37.5687142869809634|126.9828472617604831_37.5690310653232729
2026-09-04T23:16:36.811991+09:00,명동 관광특구,명동 관광특구,POI003,KEY_4,1010017601,무교로,1010141400,무교동 44-1,126.9793100041751046_37.5679689583533047,1010004801,한국체육박물관,126.9792685302403470_37.5670397690594271,103.0,7.0,정체,126.9792685302403470_37.5670397690594271|126.9792880141313276_37.5675278005997768|126.9792897236795000_37.5675706209739317|126.9793100041751046_37.5679689583533047
2026-09-04T23:16:36.811991+09:00,명동 관광특구,명동 관광특구,POI003,KEY_4,1010017602,무교로,1010034301,무교동사거리,126.9793440155466442_37.5692674718774171,1010034101,무교동사거리,126.9793610650683036_37.5689718470786644,33.0,8.0,정체,126.9793610650683036_37.5689718470786644|126.9793440155466442_37.5692674718774171
2026-09-04T23:16:36.811991+09:00,명동 관광특구,명동 관광특구,POI003,KEY_4,1010018100,세종대로,1010024205,시청앞교차로,126.9771111379704962_37.5649683842586413,1010036201,청계광장,126.9769724776174371_37.5689758850454254,445.0,29.0,원활,126.9769724776174371_37.5689758850454254|126.9770357842986499_37.5675064469025131|126.9770571241010231_37.5671045176161513|126.9770622406749681_37.5669973200828053|126.9771202099424414_37.5656394465692429|126.9771322330851717_37.5654054151655075|126.9771346338183520_37.5652683750225975|126.9771276194723697_37.5651279335943542|126.9771111379704962_37.5649683842586413
2026-09-04T23:16:36.811991+09:00,명동 관광특구,명동 관광특구,POI003,KEY_4,1010018200,세종대로,1000002000,청계광장,126.9771060680401717_37.5690311929919076,1010004901,강원도민일보(서울본부),126.9771928320576109_37.5671090827981402,213.0,42.7,원활,126.9771928320576109_37.5671090827981402|126.9771715167423451_37.5675105826680635|126.9771060680401717_37.5690311929919076
2026-09-04T23:16:36.811991+09:00,명동 관광특구,명동 관광특구,POI003,KEY_4,1010024400,퇴계로18길,1010052800,충무로2가 110-5,126.9855026693382030_37.5605924515809733,1010016003,명동역(서울4호선),126.9856885936606972_37.5608481430984611,33.0,11.0,정체,126.9856885936606972_37.5608481430984611|126.9856564457096937_37.5607738860330755|126.9855938186398134_37.5606936563534290|126.9855157814734383_37.5606165998628825|126.9855026693382030_37.5605924515809733
2026-09-04T23:16:36.811991+09:00,명동 관광특구,명동 관광특구,POI003,KEY_4,1010026800,남대문로,1010014800,숭례문,126.9764883666133954_37.5605318420117769,1010011100,숭례문,126.9758644071737450_37.5590694809368770,185.0,20.0,서행,126.9758644071737450_37.5590694809368770|126.9758795592592975_37.5591125336731508|126.9758641531054906_37.5591939851637946|126.9759578405099205_37.5599862959824407|126.9759704486266543_37.5601312860724406|126.9760507361714588_37.5602633560949499|126.9761537145355277_37.5603739896225477|126.9763022172343057_37.5604655608040190|126.9764279735615418_37.5605091608890334|126.9764883666133954_37.5605318420117769
2026-09-04T23:16:36.811991+09:00,명동 관광특구,명동 관광특구,POI003,KEY_4,1010028000,퇴계로,1010014100,신세계백화점(본점신관),126.9813345597681007_37.5600996831039851,1010015401,충무로1가52-4,126.9817851871179641_37.5605865324912713,69.0,29.0,원활,126.9817851871179641_37.5605865324912713|126.9817851041901093_37.5605860521239734|126.9817447014208653_37.5604906906837641|126.9817012987769544_37.5604120152254382|126.9816174759299514_37.5603059188314958|126.9813345597681007_37.5600996831039851
2026-09-04T23:16:36.811991+09:00,명동 관광특구,명동 관광특구,POI003,KEY_4,1010028800,남대문로,1010015700,숭례문,126.9758216757282128_37.5609807560682611,1010015000,숭례문,126.9764459331227329_37.5606350021971664,84.0,21.0,서행,126.9764459331227329_37.5606350021971664|126.9763771801474945_37.5606275849701134|126.9762640154305728_37.5606077628684645|126.9761188999622306_37.5606156137238472|126.9760253099623242_37.5606453934247568|126.9759279729758958_37.5606841119779062|126.9758493363337521_37.5607734919220704|126.9758081301075663_37.5608688386806833|126.9758216757282128_37.5609807560682611
2026-09-04T23:16:36.811991+09:00,명동 관광특구,명동 관광특구,POI003,KEY_4,1010029201,남대문시장10길,1010036301,충무로1가52-9,126.9802096866011425_37.5606718594319489,1010011701,회현역7번출구,126.9801048978132769_37.5596035774933412,119.0,23.0,서행,126.9801048978132769_37.5596035774933412|126.9800866593272559_37.5597021179481985|126.9800889154790298_37.5598874597116179|126.9802096866011425_37.5606718594319489
2026-09-04T23:16:36.811991+09:00,명동 관광특구,명동 관광특구,POI003,KEY_4,1010029202,남대문시장길,1010015401,충무로1가52-4,126.9817851871179641_37.5605865324912713,1010036301,충무로1가52-9,126.9802096866011425_37.5606718594319489,140.0,11.5,정체,126.9802096866011425_37.5606718594319489|126.9802497030729995_37.5606741822428134|126.9807707845876763_37.5606494140121825|126.9816883147786086_37.5606057960128439|126.9817851871179641_37.5605865324912713
2026-09-04T23:16:36.811991+09:00,명동 관광특구,명동 관광특구,POI003,KEY_4,1010029900,소공로,1010016400,포스트타워,126.9817922479335550_37.5609545032611152,1010015600,중국관광청,126.9827116249739731_37.5606706950213010,91.0,13.0,정체,126.9827116249739731_37.5606706950213010|126.9823825034924312_37.5606779228201688|126.9822612178897288_37.5606993600976651|126.9821728710918194_37.5607267614215701|126.9820875153085780_37.5607648904012166|126.9817922479335550_37.5609545032611152
2026-09-04T23:16:36.811991+09:00,명동 관광특구,명동 관광특구,POI003,KEY_4,1010030001,남대문시장10길,1010011702,회현역7번출구,126.9799749525828076_37.5595619956135778,1010036302,충무로1가52-9,126.9800884608386724_37.5607732287643117,135.0,6.0,정체,126.9800884608386724_37.5607732287643117|126.9799531801049426_37.5598945825498376|126.9799507471012276_37.5596946869498254|126.9799749525828076_37.5595619956135778
2026-09-04T23:16:36.811991+09:00,명동 관광특구,명동 관광특구,POI003,KEY_4,1010030100,소공로,1010015402,충무로1가52-4,126.9817657794933154_37.5607018336872827,1010016100,신세계백화점(본점),126.9816686271532404_37.5609097208093701,25.0,34.0,원활,126.9816686271532404_37.5609097208093701|126.9817657794933154_37.5607018336872827
2026-09-04T23:16:36.811991+09:00,명동 관광특구,명동 관광특구,POI003,KEY_4,1010031000,소파로,1010015300,명동역10번출구,126.9883062927232231_37.5607909574822685,1010016301,명동역1번출구,126.9871113334254318_37.5609345528858967,113.0,25.0,원활,126.9871113334254318_37.5609345528858967|126.9874447180556274_37.5610079416609750|126.9876354659963766_37.5610121135843684|126.9878175418455442_37.5609892471934259|126.9880115986588294_37.5609473112405254|126.9881625342676870_37.5608977410119067|126.9882463915136555_37.5608481648322652|126.9883062927232231_37.5607909574822685
2026-09-04T23:16:36.811991+09:00,명동 관광특구,명동 관광특구,POI003,KEY_4,1010031200,퇴계로,1010016703,흥국빌딩,126.9904228164697599_37.5610767696574754,1010016202,롯데호텔L7(명동),126.9868616879201113_37.5609669231657151,317.0,54.0,원활,126.9868616879201113_37.5609669231657151|126.9890337974489825_37.5611585006403175|126.9894972258370700_37.5611975631426844|126.9896672965873847_37.5611975781491196|126.9898435176610576_37.5611725033829131|126.9901719518890246_37.5611092577799397|126.9904228164697599_37.5610767696574754
2026-09-04T23:16:36.811991+09:00,명동 관광특구,명동 관광특구,POI003,KEY_4,1010031300,퇴계로,1010016201,롯데호텔L7(명동),126.9868467299909440_37.5610743853645488,1010016704,흥국빌딩,126.9904446250492356_37.5611834858824452,321.0,42.0,원활,126.9904446250492356_37.5611834858824452|126.9901988617116615_37.5612153145444125|126.9898714581575661_37.5612783602882132|126.9896793321666593_37.5613056988122338|126.9894900484891167_37.5613056821144156|126.9890191710092893_37.5612659917982157|126.9868467299909440_37.5610743853645488
2026-09-04T23:16:36.811991+09:00,명동 관광특구,명동 관광특구,POI003,KEY_4,1010031800,퇴계로,1010016204,롯데호텔L7(명동),126.9867111612325346_37.5610613083895331,1010017703,LG패션,126.9866201621199338_37.5617417366360087,76.0,6.0,정체,126.9866201621199338_37.5617417366360087|126.9866697601324717_37.5612053795276566|126.9867111612325346_37.5610613083895331
2026-09-04T23:16:36.811991+09:00,명동 관광특구,명동 관광특구,POI003,KEY_4,1010031900,퇴계로,1010017702,LG패션,126.9867557514096319_37.5617482057480316,1010016201,롯데호텔L7(명동),126.9868467299909440_37.5610743853645488,75.0,10.0,정체,126.9868467299909440_37.5610743853645488|126.9868044552684125_37.5612214954705976|126.9867557514096319_37.5617482057480316
2026-09-04T23:16:36.811991+09:00,명동 관광특구,명동 관광특구,POI003,KEY_4,1010032100,명동8나길,1010016901,한국은행앞,126.9816414699309064_37.5612161949658940,1010017704,LG패션,126.9866156676616384_37.5618497971722718,446.0,5.0,정체,126.9866156676616384_37.5618497971722718|126.9864059219120378_37.5618442687355554|126.9861439853324043_37.5618224161464553|126.9858850471473204_37.5617884341175383|126.9849862833789587_37.5616166058945993|126.9832174106051212_37.5613666087159430|126.9816414699309064_37.5612161949658940
2026-09-04T23:16:36.811991+09:00,명동 관광특구,명동 관광특구,POI003,KEY_4,1010033000,명동8가길,1010017701,LG패션,126.9867440976731388_37.5618559267117149,1010018104,이비스스타일앰배서더서울명동호텔,126.9888712977151073_37.5620017408282791,189.0,6.0,정체,126.9888712977151073_37.5620017408282791|126.9867440976731388_37.5618559267117149
2026-09-04T23:16:36.811991+09:00,명동 관광특구,명동 관광특구,POI003,KEY_4,1010035000,서소문로12길,1010020202,중앙일보사,126.9742502538365869_37.5631241528421853,1010018501,서소문교회,126.9747917025249961_37.5621735699209296,120.0,22.0,서행,126.9747917025249961_37.5621735699209296|126.9747501775862588_37.5625032287475307|126.9746651993805102_37.5625957455904143|126.9745466004009700_37.5626917899282518|126.9744603303331587_37.5627616532963344|126.9742502538365869_37.5631241528421853
2026-09-04T23:16:36.811991+09:00,명동 관광특구,명동 관광특구,POI003,KEY_4,1010037000,남대문로1길,1010023102,서울프라자호텔,126.9781270908112134_37.5644147123986087,1010021201,우성빌딩,126.9778833665384354_37.5638860982800367,62.0,5.0,정체,126.9778833665384354_37.5638860982800367|126.9781270908112134_37.5644147123986087
2026-09-04T23:16:36.811991+09:00,명동 관광특구,명동 관광특구,POI003,KEY_4,1010037100,남대문로1길,1010021204,우성빌딩,126.9777519647640105_37.5639149035560536,1010023103,서울프라자호텔,126.9779917291016176_37.5644349310718795,61.0,5.0,정체,126.9779917291016176_37.5644349310718795|126.9777519647640105_37.5639149035560536
2026-09-04T23:16:36.811991+09:00,명동 관광특구,명동 관광특구,POI003,KEY_4,1010038300,소공로,1010023101,서울프라자호텔,126.9781769454158393_37.5645228411741812,1010023304,조선호텔,126.9787312154575005_37.5645930511843886,50.0,16.0,서행,126.9787312154575005_37.5645930511843886|126.9785957557285769_37.5645517262991930|126.9784554783557979_37.5645322032255891|126.9782121876750836_37.5645228476832003|126.9781769454158393_37.5645228411741812
2026-09-04T23:16:36.811991+09:00,명동 관광특구,명동 관광특구,POI003,KEY_4,1010039000,소공로,1010024202,시청앞교차로,126.9772712943529740_37.5649019993645936,1010023104,서울프라자호텔,126.9780385528240316_37.5645364866542977,82.0,4.0,정체,126.9780385528240316_37.5645364866542977|126.9776055199770184_37.5646501981039478|126.9774312688185773_37.5647230654274864|126.9773645076050741_37.5647713550531037|126.9773054583435652_37.5648401473905977|126.9772712943529740_37.5649019993645936
2026-09-04T23:16:36.811991+09:00,명동 관광특구,명동 관광특구,POI003,KEY_4,1010040900,남대문로,1010026000,을지로1가,126.9825267031434635_37.5654759873990756,1010027100,을지로1가,126.9818929057274914_37.5659831733999496,87.0,23.0,서행,126.9818929057274914_37.5659831733999496|126.9821334557953492_37.5659445131698959|126.9822484752895235_37.5658682458889075|126.9824545566445693_37.5656985434546797|126.9825096793449859_37.5656222669993269|126.9825267031434635_37.5654759873990756
2026-09-04T23:16:36.811991+09:00,명동 관광특구,명동 관광특구,POI003,KEY_4,1010041100,을지로,1010027400,을지로1가,126.9835143391555619_37.5660132086861509,1010025900,을지로1가,126.9826612707275899_37.5654613047842005,97.0,12.0,정체,126.9826612707275899_37.5654613047842005|126.9835143391555619_37.5660132086861509
2026-09-04T23:16:36.811991+09:00,명동 관광특구,명동 관광특구,POI003,KEY_4,1010041900,남대문로,1010029900,을지로1가,126.9827605148126537_37.5666186901436632,1010028200,을지로1가,126.9835099428304233_37.5661212717317525,90.0,21.3,서행,126.9835099428304233_37.5661212717317525|126.9832594466967635_37.5661964164851412|126.9828520929630287_37.5664538185209054|126.9827605148126537_37.5666186901436632
2026-09-04T23:16:36.811991+09:00,명동 관광특구,명동 관광특구,POI003,KEY_4,1010042000,을지로,1010027900,을지로1가,126.9818910787151509_37.5660912827303974,1010030400,을지로1가,126.9826247367543033_37.5666216435254796,91.0,19.0,서행,126.9826247367543033_37.5666216435254796|126.9825310467384298_37.5664575853693634|126.9821477775787884_37.5661676469985011|126.9818910787151509_37.5660912827303974
2026-09-04T23:16:36.811991+09:00,명동 관광특구,명동 관광특구,POI003,KEY_4,1010042200,을지로7길,1010030302,SKT타워,126.9858182898443459_37.5667390226410092,1010028001,을지로2가 41-2,126.9858160807349066_37.5661678499220457,63.0,21.0,서행,126.9858160807349066_37.5661678499220457|126.9858182898443459_37.5667390226410092
2026-09-04T23:16:36.811991+09:00,명동 관광특구,명동 관광특구,POI003,KEY_4,1010042300,을지로7길,1010028004,을지로2가 41-2,126.9856802427402158_37.5661651885926133,1010030303,SKT타워,126.9856824597678440_37.5667386786453577,64.0,12.0,정체,126.9856824597678440_37.5667386786453577|126.9856802427402158_37.5661651885926133
2026-09-04T23:16:36.811991+09:00,명동 관광특구,명동 관광특구,POI003,KEY_4,1010042800,삼일대로13길,1010029803,장교빌딩,126.9875051706000590_37.5667709319350678,1010030302,SKT타워,126.9858182898443459_37.5667390226410092,149.0,12.0,정체,126.9858182898443459_37.5667390226410092|126.9875051706000590_37.5667709319350678
2026-09-04T23:16:36.811991+09:00,명동 관광특구,명동 관광특구,POI003,KEY_4,1010042900,삼일대로13길,1010030301,SKT타워,126.9858190045731732_37.5668471857429154,1010029804,장교빌딩,126.9875123442491969_37.5668792171118326,150.0,21.0,서행,126.9875123442491969_37.5668792171118326|126.9858190045731732_37.5668471857429154
2026-09-04T23:16:36.811991+09:00,명동 관광특구,명동 관광특구,POI003,KEY_4,1010043000,삼일대로13길,1010030303,SKT타워,126.9856824597678440_37.5667386786453577,1010027801,하나은행,126.9844851596662494_37.5661457541766879,172.0,13.0,정체,126.9844851596662494_37.5661457541766879|126.9844746816400374_37.5667114251484762|126.9844971680687848_37.5667440774922028|126.9845213954534273_37.5667545277186505|126.9856824597678440_37.5667386786453577
2026-09-04T23:16:36.811991+09:00,명동 관광특구,명동 관광특구,POI003,KEY_4,1010043100,삼일대로13길,1010027804,하나은행,126.9843493694020538_37.5661429082344682,1010030304,SKT타워,126.9856831683010228_37.5668468043910551,192.0,20.5,서행,126.9856831683010228_37.5668468043910551|126.9844880519270873_37.5668631185760020|126.9843972880018157_37.5668239682550222|126.9843383392972669_37.5667383694429446|126.9843493694020538_37.5661429082344682
2026-09-04T23:16:36.811991+09:00,명동 관광특구,명동 관광특구,POI003,KEY_4,1010044100,수표로,1010153600,수표동 50-1,126.9897340487189723_37.5667939813917044,1010028601,을지로3가역앞교차로,126.9898106847127082_37.5662881250014209,57.0,20.0,서행,126.9898106847127082_37.5662881250014209|126.9897340487189723_37.5667939813917044
2026-09-04T23:16:36.811991+09:00,명동 관광특구,명동 관광특구,POI003,KEY_4,1010044200,을지로1길,1010145400,다동 181-3,126.9798420044631087_37.5673496367689879,1010027201,일본국제관광진흥기구서울사무소,126.9797553080136367_37.5660683946489300,148.0,5.0,정체,126.9797553080136367_37.5660683946489300|126.9797612166699281_37.5664251576809960|126.9798879830738372_37.5665161556076299|126.9799037873308833_37.5668339305475030|126.9798653986595411_37.5669604067092635|126.9798492640081520_37.5673065899852574|126.9798420044631087_37.5673496367689879
2026-09-04T23:16:36.811991+09:00,명동 관광특구,명동 관광특구,POI003,KEY_4,1010044300,을지로1길,1010153100,무교동 13-1,126.9797242605662717_37.5679573139925438,1010033802,호주관광청,126.9797619415674745_37.5689431360811881,110.0,7.0,정체,126.9797619415674745_37.5689431360811881|126.9797294037351634_37.5686965769939718|126.9797278110211920_37.5679701534751942|126.9797242605662717_37.5679573139925438
2026-09-04T23:16:36.811991+09:00,명동 관광특구,명동 관광특구,POI003,KEY_4,1010044600,을지로7길,1010032501,삼일교,126.9859639352789031_37.5681586090325510,1010030301,SKT타워,126.9858190045731732_37.5668471857429154,149.0,20.0,서행,126.9858190045731732_37.5668471857429154|126.9858235105325974_37.5673376933759684|126.9858278780456828_37.5678131240137105|126.9858346126576834_37.5680180175580674|126.9858648768505276_37.5680662145450555|126.9859639352789031_37.5681586090325510
2026-09-04T23:16:36.811991+09:00,명동 관광특구,명동 관광특구,POI003,KEY_4,1010044700,을지로7길,1010152200,장교동 1-6,126.9856876838925643_37.5673384838597215,1010032502,삼일교,126.9858176809112962_37.5681887506945316,98.0,8.0,정체,126.9858176809112962_37.5681887506945316|126.9857507900447189_37.5681263594124744|126.9856996176952180_37.5680448635696038|126.9856920596732408_37.5678149339499825|126.9856876838925643_37.5673384838597215
2026-09-04T23:16:36.811991+09:00,명동 관광특구,명동 관광특구,POI003,KEY_4,1010047100,명동11길,1010021105,천주교서울대교구역사관,126.9860324845534620_37.5641352276249094,1010036702,하나생명본사,126.9858686540308810_37.5653162980890372,138.0,11.0,정체,126.9858686540308810_37.5653162980890372|126.9857432038202205_37.5647413878638972|126.9857571822132911_37.5645643609108220|126.9859747526712113_37.5642572157062204|126.9860324845534620_37.5641352276249094
2026-09-04T23:16:36.811991+09:00,명동 관광특구,명동 관광특구,POI003,KEY_4,1010047300,명동11길,1010028002,을지로2가 193-2,126.9858818140827310_37.5660611820985721,1010036701,하나생명본사,126.9860033855318591_37.5653041509724446,86.0,10.0,정체,126.9860033855318591_37.5653041509724446|126.9860169818394837_37.5654967509146118|126.9859913147029999_37.5658560335710519|126.9859355195914645_37.5660048147195980|126.9858818140827310_37.5660611820985721
2026-09-04T23:16:36.811991+09:00,명동 관광특구,명동 관광특구,POI003,KEY_4,1010047400,명동11길,1010036702,하나생명본사,126.9858686540308810_37.5653162980890372,1010028003,을지로2가 193-2,126.9857147459351268_37.5660576077563917,86.0,14.0,정체,126.9857147459351268_37.5660576077563917|126.9858124129876700_37.5659551010490276|126.9858566107715205_37.5658372461591341|126.9858809461957350_37.5654966103869441|126.9858686540308810_37.5653162980890372
2026-09-04T23:16:36.811991+09:00,이태원 관광특구,이태원 관광특구,POI004,KEY_1,1020009001,녹사평대로,1020018000,용산동4가 19-6,126.9909773297691800_37.5304809634511045,1020017000,용산동4가 19-6,126.9913885945213963_37.5298136745927096,83.0,27.0,원활,126.9913885945213963_37.5298136745927096|126.9912856241119101_37.5300162220987090|126.9910469864938420_37.5303842075015055|126.9909773297691800_37.5304809634511045
2026-09-04T23:16:36.811991+09:00,이태원 관광특구,이태원 관광특구,POI004,KEY_1,1020009002,녹사평대로,1020143500,이태원동 34-126,126.9898090601809457_37.5321081021588725,1020018000,용산동4가 19-6,126.9909773297691800_37.5304809634511045,208.0,27.0,원활,126.9909773297691800_37.5304809634511045|126.9900852768915342_37.5317200300991516|126.9898090601809457_37.5321081021588725
2026-09-04T23:16:36.811991+09:00,이태원 관광특구,이태원 관광특구,POI004,KEY_1,1020009003,녹사평대로,1020003002,녹사평역,126.9881954058624700_37.5340760770369641,1020022201,이태원지하차도(남측),126.9892666169127864_37.5328701969023584,166.0,9.0,정체,126.9892666169127864_37.5328701969023584|126.9891809982103155_37.5330843757700805|126.9890194391820586_37.5332936325271902|126.9888311597391066_37.5334983754604465|126.9887002632124080_37.5336341735904142|126.9885375748190626_37.5337996501651361|126.9882692412401042_37.5340175651299930|126.9881954058624700_37.5340760770369641
2026-09-04T23:16:36.811991+09:00,이태원 관광특구,이태원 관광특구,POI004,KEY_1,1020009500,보광로,1020157400,이태원동 131-33,126.9940373387562431_37.5339474192291860,1020003103,이태원역앞교차로,126.9938722101036319_37.5344410134072106,57.0,10.0,정체,126.9938722101036319_37.5344410134072106|126.9939255349719502_37.5342547060894063|126.9940373387562431_37.5339474192291860
2026-09-04T23:16:36.811991+09:00,이태원 관광특구,이태원 관광특구,POI004,KEY_1,1020009904,대사관로,1020039002,한남2동지하차도(남측),127.0004027609345059_37.5343006442184901,1020025303,이태원호텔앞교차로,126.9987263153591641_37.5351737312984781,177.0,22.0,서행,126.9987263153591641_37.5351737312984781|126.9990954478136729_37.5349816259437503|126.9999396501646345_37.5345673699441988|127.0002191213156379_37.5344286922105042|127.0003672073616201_37.5343360329136502|127.0004027609345059_37.5343006442184901
2026-09-04T23:16:36.811991+09:00,이태원 관광특구,이태원 관광특구,POI004,KEY_1,1020010004,대사관로,1020025302,이태원호텔앞교차로,126.9988280672798311_37.5352499378824618,1020039001,한남2동지하차도(남측),127.0005087773131009_37.5343681869459900,178.0,19.0,서행,127.0005087773131009_37.5343681869459900|127.0004634267225185_37.5344133312418080|127.0002971938895513_37.5345173433158550|127.0000111659778099_37.5346592756479964|126.9991682109557161_37.5350729194805908|126.9988280672798311_37.5352499378824618
2026-09-04T23:16:36.811991+09:00,이태원 관광특구,이태원 관광특구,POI004,KEY_1,1020010701,이태원로,1020109600,이태원동 119-23,126.9934065376017003_37.5345186269656637,1020003104,이태원역앞교차로,126.9938609433052790_37.5345487608536530,40.0,16.0,서행,126.9938609433052790_37.5345487608536530|126.9934065376017003_37.5345186269656637
2026-09-04T23:16:36.811991+09:00,이태원 관광특구,이태원 관광특구,POI004,KEY_1,1020010800,이태원로,1020093600,이태원동 57-6,126.9901670978671575_37.5341952578389240,1020003002,녹사평역,126.9881954058624700_37.5340760770369641,175.0,12.0,정체,126.9881954058624700_37.5340760770369641|126.9888746584762771_37.5341095041848334|126.9895083789417214_37.5341515534771304|126.9899064253265237_37.5341779633098369|126.9901670978671575_37.5341952578389240
2026-09-04T23:16:36.811991+09:00,이태원 관광특구,이태원 관광특구,POI004,KEY_1,1020011101,이태원로,1020167100,이태원동 119-23,126.9944655556111286_37.5345901775849882,1020024204,이태원소방파출소,126.9954968238074144_37.5346610574196760,91.0,6.0,정체,126.9954968238074144_37.5346610574196760|126.9944655556111286_37.5345901775849882
2026-09-04T23:16:36.811991+09:00,이태원 관광특구,이태원 관광특구,POI004,KEY_1,1020011102,이태원로,1020024201,이태원소방파출소,126.9956371857134911_37.5346703540578233,1020025304,이태원호텔앞교차로,126.9986418686788028_37.5352583937875650,280.0,12.0,정체,126.9986418686788028_37.5352583937875650|126.9984212314769110_37.5351188313605419|126.9982335515615830_37.5350249822649857|126.9980583342124731_37.5349517245471205|126.9978393040948390_37.5348749734958176|126.9976622321914590_37.5348302588598415|126.9974202076542866_37.5347917072044979|126.9972001370625776_37.5347636612448596|126.9968571305746536_37.5347459155125946|126.9956371857134911_37.5346703540578233
2026-09-04T23:16:36.811991+09:00,이태원 관광특구,이태원 관광특구,POI004,KEY_1,1020011201,이태원로,1020024203,이태원소방파출소,126.9955363307621354_37.5345552498172168,1020003102,이태원역앞교차로,126.9940088155564695_37.5344502604877519,136.0,9.0,정체,126.9940088155564695_37.5344502604877519|126.9944772309336969_37.5344824577926843|126.9955363307621354_37.5345552498172168
2026-09-04T23:16:36.811991+09:00,이태원 관광특구,이태원 관광특구,POI004,KEY_1,1020011202,이태원로,1020025303,이태원호텔앞교차로,126.9987263153591641_37.5351737312984781,1020024202,이태원소방파출소,126.9956725121214589_37.5345640956228834,285.0,17.0,서행,126.9956725121214589_37.5345640956228834|126.9968667962878328_37.5346380677732867|126.9972152987085821_37.5346560983237794|126.9974442596476365_37.5346852761054279|126.9976961690244082_37.5347254028548534|126.9978873030321580_37.5347736685373405|126.9981173019449585_37.5348542624446893|126.9983013090689639_37.5349311962862444|126.9984997949651415_37.5350304478139734|126.9987263153591641_37.5351737312984781
2026-09-04T23:16:36.811991+09:00,이태원 관광특구,이태원 관광특구,POI004,KEY_1,1020011901,녹사평대로,1020003004,녹사평역,126.9876402873352532_37.5341922458149284,1020024403,녹사평역3번출구,126.9871942320691289_37.5345264082409287,54.0,9.0,정체,126.9871942320691289_37.5345264082409287|126.9874994306240978_37.5342855546436809|126.9876402873352532_37.5341922458149284
2026-09-04T23:16:36.811991+09:00,이태원 관광특구,이태원 관광특구,POI004,KEY_1,1020012001,녹사평대로,1020024402,녹사평역3번출구,126.9874278284808042_37.5346464951910121,1020003001,녹사평역,126.9880612839168776_37.5341860241447520,76.0,15.0,서행,126.9880612839168776_37.5341860241447520|126.9878801594456093_37.5343123819876681|126.9876829423078846_37.5344451664072736|126.9874278284808042_37.5346464951910121
2026-09-04T23:16:36.811991+09:00,이태원 관광특구,이태원 관광특구,POI004,KEY_1,1020013501,이태원로,1020082000,한남동 738-29,127.0004845666072555_37.5369043590949900,1020028203,아마도예술공간,127.0014953826060378_37.5382912457230304,179.0,26.0,원활,127.0014953826060378_37.5382912457230304|127.0014356603659564_37.5381444461041909|127.0014309919154414_37.5381362885281789|127.0013038217596630_37.5379140726661760|127.0011379573928849_37.5376822064471440|127.0007877780447814_37.5372550360047725|127.0004845666072555_37.5369043590949900
2026-09-04T23:16:36.811991+09:00,이태원 관광특구,이태원 관광특구,POI004,KEY_1,1020013601,이태원로,1020045200,한남동 738-29,126.9989169963617854_37.5353238031737177,1020025302,이태원호텔앞교차로,126.9988280672798311_37.5352499378824618,11.0,26.3,원활,126.9988280672798311_37.5352499378824618|126.9989169963617854_37.5353238031737177
2026-09-04T23:16:36.811991+09:00,이태원 관광특구,이태원 관광특구,POI004,KEY_1,1020013602,이태원로,1020059700,한남동 726-494,127.0017834196089126_37.5389040486291208,1020028201,아마도예술공간,127.0016665133178009_37.5383661384416030,61.0,26.0,원활,127.0016665133178009_37.5383661384416030|127.0017224666353144_37.5385209000011812|127.0017610145381610_37.5386958484475741|127.0017800432824231_37.5388655227169679|127.0017834196089126_37.5389040486291208
2026-09-04T23:16:36.811991+09:00,이태원 관광특구,이태원 관광특구,POI004,KEY_1,1020034600,녹사평대로26길,1020018000,용산동4가 19-6,126.9909773297691800_37.5304809634511045,1020018202,찬우물삼거리,126.9913377452865575_37.5305452345433466,46.0,17.0,서행,126.9913377452865575_37.5305452345433466|126.9913156669195189_37.5304568149457580|126.9912955967890156_37.5304265497298886|126.9912791792530129_37.5304108710930961|126.9912378720889734_37.5303937039575430|126.9911893806270911_37.5303879789905181|126.9911408868570533_37.5303922668328198|126.9909773297691800_37.5304809634511045
2026-09-04T23:16:36.811991+09:00,이태원 관광특구,이태원 관광특구,POI004,KEY_1,1020039700,우사단로,1020063400,이태원동 137-23,126.9955993093615803_37.5340288073665604,1020024203,이태원소방파출소,126.9955363307621354_37.5345552498172168,59.0,7.0,정체,126.9955363307621354_37.5345552498172168|126.9955674338379481_37.5344291020757268|126.9956003436716969_37.5340381328912898|126.9955993093615803_37.5340288073665604
2026-09-04T23:16:36.811991+09:00,이태원 관광특구,이태원 관광특구,POI004,KEY_1,1020039800,우사단로,1020127900,이태원동 137-23,126.9956810738919017_37.5335371339901727,1020021401,보광초등학교,126.9956544097363604_37.5331163963296177,47.0,3.0,정체,126.9956544097363604_37.5331163963296177|126.9956431779321804_37.5331593197407258|126.9956452666882569_37.5332142943968208|126.9956810738919017_37.5335371339901727
2026-09-04T23:16:36.811991+09:00,이태원 관광특구,이태원 관광특구,POI004,KEY_1,1020040300,녹사평대로,1020022202,이태원지하차도(남측),126.9891497327059682_37.5328152235285657,1020026002,이태원지하차도,126.9868116742945574_37.5363328242444823,460.0,50.7,원활,126.9868116742945574_37.5363328242444823|126.9868538272333325_37.5357070871561049|126.9868812904903166_37.5354814228777371|126.9869364299821228_37.5352656870731707|126.9870236999042561_37.5350207533350897|126.9871658847246181_37.5347578685569943|126.9872591983395012_37.5345735338936208|126.9874007711287476_37.5344348138735882|126.9876675674987609_37.5342527524634377|126.9879724804863770_37.5340099975053576|126.9882501662422953_37.5337975865582933|126.9884625156009008_37.5336198526182443|126.9886696602970630_37.5333995022459348|126.9888502689490508_37.5332031012114840|126.9891497327059682_37.5328152235285657
2026-09-04T23:16:36.811991+09:00,이태원 관광특구,이태원 관광특구,POI004,KEY_1,1020040400,녹사평대로,1020026001,이태원지하차도,126.9869473083997917_37.5363386126122549,1020022201,이태원지하차도(남측),126.9892666169127864_37.5328701969023584,454.0,54.7,원활,126.9892666169127864_37.5328701969023584|126.9889630490588246_37.5332634563500420|126.9887753964363526_37.5334675162952465|126.9886639536934894_37.5335851889942944|126.9883372603884482_37.5338799692030065|126.9880214583303228_37.5341357308534143|126.9878036642156758_37.5343004565738241|126.9876348774150330_37.5344044902058016|126.9874116350989652_37.5345822214730234|126.9873136131370046_37.5347382886526404|126.9871518976878093_37.5350570479496213|126.9870684496982989_37.5352912611919365|126.9870157481944091_37.5354974629360356|126.9869892495657240_37.5357151985455673|126.9869473083997917_37.5363386126122549
2026-09-04T23:16:36.811991+09:00,이태원 관광특구,이태원 관광특구,POI004,KEY_1,1020041800,이태원로27길,1020091200,이태원동 112-33,126.9941872579211832_37.5354242896055013,1020026204,태국대사관,126.9952756990904561_37.5363269214383237,190.0,14.0,정체,126.9952756990904561_37.5363269214383237|126.9950024930177079_37.5361660973740001|126.9945858125235389_37.5359208138482217|126.9944631524413410_37.5359015925205028|126.9942169223346156_37.5359130027042980|126.9940461223898893_37.5358880581230920|126.9939407102296656_37.5358117362051757|126.9939029380128943_37.5357324209755134|126.9939132882914947_37.5356500538305298|126.9939823977568238_37.5355615331545565|126.9940376114138303_37.5355245435285383|126.9941872579211832_37.5354242896055013
2026-09-04T23:16:36.811991+09:00,이태원 관광특구,이태원 관광특구,POI004,KEY_1,1020041900,이태원로27길,1020091300,이태원동 111-5,126.9942746628349681_37.5355070255918761,1020024201,이태원소방파출소,126.9956371857134911_37.5346703540578233,170.0,7.0,정체,126.9956371857134911_37.5346703540578233|126.9955842562411448_37.5347850178568478|126.9954134054469819_37.5350706997723336|126.9953750142490776_37.5351183002557249|126.9952378837399039_37.5352883250498763|126.9951738511499997_37.5353312605409712|126.9950719982470559_37.5353558347332807|126.9945933761089663_37.5353577392293118|126.9945100556674760_37.5353687933671125|126.9944205701082751_37.5354092765412304|126.9942746628349681_37.5355070255918761
2026-09-04T23:16:36.811991+09:00,이태원 관광특구,이태원 관광특구,POI004,KEY_1,1020044200,이태원로55길,1020117100,한남동 743-28,126.9997391668357380_37.5378586004776338,1020028204,아마도예술공간,127.0015360364709949_37.5383960510061243,179.0,22.0,서행,127.0015360364709949_37.5383960510061243|127.0013368209632745_37.5384168160424778|127.0012499160572617_37.5384184910217868|127.0010329755712064_37.5384226719888048|127.0008219211757847_37.5384105245589978|127.0006153256219363_37.5383529464938235|127.0005500769398310_37.5383219398232413|127.0004569571074597_37.5382776884626210|127.0002827447613072_37.5381667082987036|127.0000496884858734_37.5379811250893098|126.9998107834810668_37.5378752339839465|126.9997391668357380_37.5378586004776338
2026-09-04T23:16:36.811991+09:00,이태원 관광특구,이태원 관광특구,POI004,KEY_1,1020052400,이태원로,1020038902,한남동 686-1,126.9999041836640004_37.5345212747176191,1020025303,이태원호텔앞교차로,126.9987263153591641_37.5351737312984781,128.0,11.0,정체,126.9987263153591641_37.5351737312984781|126.9988754803021465_37.5350315221282500|126.9990590663091723_37.5349359791579857|126.9999041836640004_37.5345212747176191
2026-09-04T23:16:36.811991+09:00,이태원 관광특구,이태원 관광특구,POI004,KEY_1,1020052500,이태원로,1020025302,이태원호텔앞교차로,126.9988280672798311_37.5352499378824618,1020038901,한남동 685-46,127.0000466337410785_37.5347053708413583,124.0,30.0,원활,127.0000466337410785_37.5347053708413583|126.9992045925932302_37.5351185662316666|126.9990240300251401_37.5352125351167487|126.9988280672798311_37.5352499378824618
2026-09-04T23:16:36.811991+09:00,잠실 관광특구,잠실 관광특구,POI005,KEY_2,1230003102,송파대로,1230412500,석촌동 209,127.1044792274671522_37.5081049831544888,1230036703,석촌호수앞교차로,127.1039824947923051_37.5086487529905597,75.0,26.0,원활,127.1039824947923051_37.5086487529905597|127.1044792274671522_37.5081049831544888
2026-09-04T23:16:36.811991+09:00,잠실 관광특구,잠실 관광특구,POI005,KEY_2,1230003300,송파대로,1230036704,석촌호수앞교차로,127.1039028911642674_37.5087367936795530,1230001703,석촌호수앞교차로,127.1017878219228550_37.5111046223331428,323.0,25.0,원활,127.1017878219228550_37.5111046223331428|127.1039028911642674_37.5087367936795530
2026-09-04T23:16:36.811991+09:00,잠실 관광특구,잠실 관광특구,POI005,KEY_2,1230003400,송파대로,1230001702,석촌호수앞교차로,127.1019076941057762_37.5111569141952117,1230036701,석촌호수앞교차로,127.1040028890472797_37.5088113302377195,320.0,32.3,원활,127.1040028890472797_37.5088113302377195|127.1019076941057762_37.5111569141952117
2026-09-04T23:16:36.811991+09:00,잠실 관광특구,잠실 관광특구,POI005,KEY_2,1230003501,송파대로,1230399700,잠실동 41,127.1007560729534731_37.5124412982623454,1230001803,잠실역사거리,127.1001586829554100_37.5132191939759281,101.0,18.0,서행,127.1001586829554100_37.5132191939759281|127.1007560729534731_37.5124412982623454
2026-09-04T23:16:36.811991+09:00,잠실 관광특구,잠실 관광특구,POI005,KEY_2,1230003601,송파대로,1230001802,잠실역사거리,127.1002879409381165_37.5132580710148957,1230001701,석촌호수앞교차로,127.1018323332335598_37.5112469862295228,262.0,9.0,정체,127.1018323332335598_37.5112469862295228|127.1008718568159566_37.5124977195192244|127.1002879409381165_37.5132580710148957
2026-09-04T23:16:36.811991+09:00,잠실 관광특구,잠실 관광특구,POI005,KEY_2,1230003802,송파대로,1230044702,잠실대교남측,127.0981251707990225_37.5159789121879115,1230001801,잠실역사거리,127.1002155326109744_37.5133509522926616,345.0,23.0,서행,127.1002155326109744_37.5133509522926616|127.0985290071868548_37.5154712346922068|127.0981251707990225_37.5159789121879115
2026-09-04T23:16:36.811991+09:00,잠실 관광특구,잠실 관광특구,POI005,KEY_2,1230018100,삼학사로,1230399400,삼전동 152,127.0971851736833997_37.5058146183606098,1230034303,석촌호교차로,127.0972427646003808_37.5065427063586085,81.0,28.0,원활,127.0972427646003808_37.5065427063586085|127.0971851736833997_37.5058146183606098
2026-09-04T23:16:36.811991+09:00,잠실 관광특구,잠실 관광특구,POI005,KEY_2,1230020203,석촌호수로,1230362100,잠실동 45-1,127.0959603598268473_37.5068429608790908,1230034304,석촌호교차로,127.0972501695385262_37.5066515875651163,116.0,25.0,원활,127.0972501695385262_37.5066515875651163|127.0959603598268473_37.5068429608790908
2026-09-04T23:16:36.811991+09:00,잠실 관광특구,잠실 관광특구,POI005,KEY_2,1230020300,석촌호수로,1230425400,최소노드배치점,127.1008735740489470_37.5071235777689509,1230036704,석촌호수앞교차로,127.1039028911642674_37.5087367936795530,323.0,22.7,서행,127.1039028911642674_37.5087367936795530|127.1030871966188158_37.5081804312170775|127.1027814029224459_37.5079972621807372|127.1027257780679207_37.5079698553039691|127.1018874551534168_37.5075568002840285|127.1015021632143061_37.5073921700333557|127.1008735740489470_37.5071235777689509
2026-09-04T23:16:36.811991+09:00,잠실 관광특구,잠실 관광특구,POI005,KEY_2,1230020400,석촌호수로,1230369400,석촌동 191,127.0987703823118125_37.5064112799268017,1230034302,석촌호교차로,127.0973765618586384_37.5065150079019958,125.0,23.0,서행,127.0973765618586384_37.5065150079019958|127.0976452744375536_37.5064483289197952|127.0979269591683192_37.5064090615062042|127.0982641563232818_37.5063794736021237|127.0986308344447906_37.5063986405236136|127.0987703823118125_37.5064112799268017
2026-09-04T23:16:36.811991+09:00,잠실 관광특구,잠실 관광특구,POI005,KEY_2,1230021500,삼학사로,1230418200,잠실동 46,127.0973734398476296_37.5087240119147722,1230007103,서울놀이마당앞교차로,127.0974453047706589_37.5099321530276910,134.0,30.0,원활,127.0974453047706589_37.5099321530276910|127.0973734398476296_37.5087240119147722
2026-09-04T23:16:36.811991+09:00,잠실 관광특구,잠실 관광특구,POI005,KEY_2,1230021600,삼학사로,1230007102,서울놀이마당앞교차로,127.0975809295277941_37.5099279073468779,1230034301,석촌호교차로,127.0973845362845935_37.5066262726573783,367.0,27.0,원활,127.0973845362845935_37.5066262726573783|127.0975090109694889_37.5087188942394008|127.0975809295277941_37.5099279073468779
2026-09-04T23:16:36.811991+09:00,잠실 관광특구,잠실 관광특구,POI005,KEY_2,1230021900,삼전로,1230356200,잠실동 37,127.0922842977067404_37.5094309777277743,1230038603,잠실3삼거리,127.0929733206664025_37.5103028554533822,115.0,16.5,서행,127.0929733206664025_37.5103028554533822|127.0928602894616830_37.5101024415336113|127.0922842977067404_37.5094309777277743
2026-09-04T23:16:36.811991+09:00,잠실 관광특구,잠실 관광특구,POI005,KEY_2,1230023101,잠실로,1230038303,잠실동 43,127.0947217679651260_37.5101178628557932,1230038602,잠실3삼거리,127.0930971257991189_37.5102585455899913,144.0,31.0,원활,127.0930971257991189_37.5102585455899913|127.0947217679651260_37.5101178628557932
2026-09-04T23:16:36.811991+09:00,잠실 관광특구,잠실 관광특구,POI005,KEY_2,1230023102,잠실로,1230007103,서울놀이마당앞교차로,127.0974453047706589_37.5099321530276910,1230038302,잠실동 43,127.0948609890413223_37.5101069748518370,229.0,32.5,원활,127.0948609890413223_37.5101069748518370|127.0962459094918131_37.5100132959391175|127.0974453047706589_37.5099321530276910
2026-09-04T23:16:36.811991+09:00,잠실 관광특구,잠실 관광특구,POI005,KEY_2,1230023201,잠실로,1230038601,잠실3삼거리,127.0931194165767408_37.5103653726765316,1230038304,잠실동 43,127.0947364363945553_37.5102253498387128,144.0,8.0,정체,127.0947364363945553_37.5102253498387128|127.0931194165767408_37.5103653726765316
2026-09-04T23:16:36.811991+09:00,잠실 관광특구,잠실 관광특구,POI005,KEY_2,1230023202,잠실로,1230393400,잠실동 43,127.0962573939644642_37.5101210286650257,1230007104,서울놀이마당앞교차로,127.0974567909531032_37.5100398856026942,106.0,12.0,정체,127.0974567909531032_37.5100398856026942|127.0962573939644642_37.5101210286650257
2026-09-04T23:16:36.811991+09:00,잠실 관광특구,잠실 관광특구,POI005,KEY_2,1230023301,양재대로,1230222600,방이동 217-2,127.1268249994781740_37.5100254368363224,1230040803,올림픽공원앞교차로,127.1279156747526429_37.5117452056324225,214.0,24.0,서행,127.1279156747526429_37.5117452056324225|127.1268249994781740_37.5100254368363224
2026-09-04T23:16:36.811991+09:00,잠실 관광특구,잠실 관광특구,POI005,KEY_2,1230023500,잠실로,1230412400,잠실동 42,127.1004419094974480_37.5105947295189637,1230001704,석촌호수앞교차로,127.1017131193153915_37.5111950333109547,131.0,18.5,서행,127.1017131193153915_37.5111950333109547|127.1004641614348145_37.5106046485269218|127.1004419094974480_37.5105947295189637
2026-09-04T23:16:36.811991+09:00,잠실 관광특구,잠실 관광특구,POI005,KEY_2,1230023600,잠실로,1230001703,석촌호수앞교차로,127.1017878219228550_37.5111046223331428,1230007102,서울놀이마당앞교차로,127.0975809295277941_37.5099279073468779,403.0,19.0,서행,127.0975809295277941_37.5099279073468779|127.0985541482379375_37.5099332768199432|127.0990046849047843_37.5099841635964921|127.0994430355566607_37.5101001528652276|127.0999744578332411_37.5102624598802024|127.1005081875894263_37.5105003764333560|127.1005319432435670_37.5105109657146656|127.1017878219228550_37.5111046223331428
2026-09-04T23:16:36.811991+09:00,잠실 관광특구,잠실 관광특구,POI005,KEY_2,1230023701,석촌호수로,1230036701,석촌호수앞교차로,127.1040028890472797_37.5088113302377195,1230038204,수림빌딩,127.1051505452613100_37.5097264956549949,144.0,11.0,정체,127.1051505452613100_37.5097264956549949|127.1048424116308126_37.5094807866672255|127.1040028890472797_37.5088113302377195
2026-09-04T23:16:36.811991+09:00,잠실 관광특구,잠실 관광특구,POI005,KEY_2,1230023702,석촌호수로,1230038201,수림빌딩,127.1052475076223942_37.5098032820847891,1230039704,신천동 33,127.1069053310213803_37.5111077200237375,206.0,24.0,서행,127.1069053310213803_37.5111077200237375|127.1060795391087055_37.5104579644505165|127.1052475076223942_37.5098032820847891
2026-09-04T23:16:36.811991+09:00,잠실 관광특구,잠실 관광특구,POI005,KEY_2,1230023703,석촌호수로,1230039701,신천동 33,127.1070065907386635_37.5111861357687459,1230041504,방이삼거리,127.1080898185277164_37.5120029659807344,132.0,11.0,정체,127.1080898185277164_37.5120029659807344|127.1079331088216122_37.5118964724360211|127.1070065907386635_37.5111861357687459
2026-09-04T23:16:36.811991+09:00,잠실 관광특구,잠실 관광특구,POI005,KEY_2,1230023801,석촌호수로,1230383600,송파동 60,127.1049384312716057_37.5094043721425194,1230036702,석촌호수앞교차로,127.1040831324389728_37.5087223370806129,107.0,22.0,서행,127.1040831324389728_37.5087223370806129|127.1049384312716057_37.5094043721425194
2026-09-04T23:16:36.811991+09:00,잠실 관광특구,잠실 관광특구,POI005,KEY_2,1230023802,석촌호수로,1230380500,송파동 61,127.1061749184303977_37.5103810412995244,1230038202,수림빌딩,127.1053428869681454_37.5097263595970531,103.0,26.0,원활,127.1053428869681454_37.5097263595970531|127.1061749184303977_37.5103810412995244
2026-09-04T23:16:36.811991+09:00,잠실 관광특구,잠실 관광특구,POI005,KEY_2,1230023803,석촌호수로,1230041503,방이삼거리,127.1081921675338720_37.5119304002947942,1230039702,송파동 62,127.1071007108080408_37.5111082344274962,133.0,22.0,서행,127.1071007108080408_37.5111082344274962|127.1080242959557012_37.5118163213665241|127.1081921675338720_37.5119304002947942
2026-09-04T23:16:36.811991+09:00,잠실 관광특구,잠실 관광특구,POI005,KEY_2,1230023904,위례성대로,1230038803,오금초교,127.1315805616083452_37.5102624702576577,1230040802,올림픽공원앞교차로,127.1280368042940410_37.5116964262882320,351.0,44.0,원활,127.1280368042940410_37.5116964262882320|127.1315805616083452_37.5102624702576577
2026-09-04T23:16:36.811991+09:00,잠실 관광특구,잠실 관광특구,POI005,KEY_2,1230024003,위례성대로,1230040801,올림픽공원앞교차로,127.1280993215722361_37.5117923995774305,1230038804,오금초교,127.1316420322552858_37.5103588665718206,351.0,21.0,서행,127.1316420322552858_37.5103588665718206|127.1280993215722361_37.5117923995774305
2026-09-04T23:16:36.811991+09:00,잠실 관광특구,잠실 관광특구,POI005,KEY_2,1230024100,잠실로,1230038604,잠실3삼거리,127.0929839814057658_37.5103582875929717,1230041303,잠실3사거리,127.0924958334099557_37.5118489046082644,171.0,14.0,정체,127.0924958334099557_37.5118489046082644|127.0929749045914718_37.5104683915562376|127.0929839814057658_37.5103582875929717
2026-09-04T23:16:36.811991+09:00,잠실 관광특구,잠실 관광특구,POI005,KEY_2,1230024200,잠실로,1230041302,잠실3사거리,127.0926320843072830_37.5118620680798003,1230038601,잠실3삼거리,127.0931194165767408_37.5103653726765316,172.0,15.0,서행,127.0931194165767408_37.5103653726765316|127.0931094286359553_37.5104865264241667|127.0926320843072830_37.5118620680798003
2026-09-04T23:16:36.811991+09:00,잠실 관광특구,잠실 관광특구,POI005,KEY_2,1230024302,오금로,1230384900,송파동 62,127.1086886760872829_37.5117147904571766,1230041503,방이삼거리,127.1081921675338720_37.5119304002947942,50.0,20.0,서행,127.1081921675338720_37.5119304002947942|127.1083902263657990_37.5118348937114661|127.1086886760872829_37.5117147904571766
2026-09-04T23:16:36.811991+09:00,잠실 관광특구,잠실 관광특구,POI005,KEY_2,1230024703,가락로,1230042404,에뜨왈리코리아,127.1197334005263002_37.5127417204113840,1230008303,방이초교앞교차로,127.1208213191434737_37.5145580278620869,223.0,20.0,서행,127.1208213191434737_37.5145580278620869|127.1197334005263002_37.5127417204113840
2026-09-04T23:16:36.811991+09:00,잠실 관광특구,잠실 관광특구,POI005,KEY_2,1230024803,가락로,1230008302,방이초교앞교차로,127.1209450232393436_37.5145134722125775,1230042401,에뜨왈리코리아,127.1198552228544401_37.5126940280713512,224.0,19.5,서행,127.1198552228544401_37.5126940280713512|127.1209450232393436_37.5145134722125775
2026-09-04T23:16:36.811991+09:00,잠실 관광특구,잠실 관광특구,POI005,KEY_2,1230024900,올림픽로,1230358200,최소노드배치점,127.0890986901108874_37.5116423850120313,1230041304,잠실3사거리,127.0924582513479919_37.5119541794962004,299.0,29.0,원활,127.0924582513479919_37.5119541794962004|127.0894865754439849_37.5116660118753273|127.0890986901108874_37.5116423850120313
2026-09-04T23:16:36.811991+09:00,잠실 관광특구,잠실 관광특구,POI005,KEY_2,1230025502,위례성대로12길,1230384600,방이동 75-1,127.1226867891286361_37.5132366843652107,1230008203,올림픽공원남2문,127.1230115468975583_37.5137580552017056,65.0,25.0,원활,127.1230115468975583_37.5137580552017056|127.1226867891286361_37.5132366843652107
2026-09-04T23:16:36.811991+09:00,잠실 관광특구,잠실 관광특구,POI005,KEY_2,1230025602,위례성대로12길,1230008202,올림픽공원남2문,127.1231332582007383_37.5137101955394456,1230041001,제이에스빌딩,127.1219838454871649_37.5118648795729470,229.0,20.0,서행,127.1219838454871649_37.5118648795729470|127.1228083768162378_37.5131886276024815|127.1231332582007383_37.5137101955394456
2026-09-04T23:16:36.811991+09:00,잠실 관광특구,잠실 관광특구,POI005,KEY_2,1230025702,올림픽로,1230422700,최소노드배치점,127.0963985029439982_37.5124235494134552,1230001804,잠실역사거리,127.1000841139758677_37.5133141607708396,341.0,43.0,원활,127.1000841139758677_37.5133141607708396|127.0963985029439982_37.5124235494134552
2026-09-04T23:16:36.811991+09:00,잠실 관광특구,잠실 관광특구,POI005,KEY_2,1230025801,올림픽로,1230041703,잠실동 39,127.0946882254534103_37.5120601573260686,1230041302,잠실3사거리,127.0926320843072830_37.5118620680798003,183.0,44.0,원활,127.0926320843072830_37.5118620680798003|127.0946882254534103_37.5120601573260686
2026-09-04T23:16:36.811991+09:00,잠실 관광특구,잠실 관광특구,POI005,KEY_2,1230025802,올림픽로,1230001803,잠실역사거리,127.1001586829554100_37.5132191939759281,1230041702,잠실동 39,127.0948236216370191_37.5120740018570373,489.0,32.0,원활,127.0948236216370191_37.5120740018570373|127.0956739088233007_37.5121671905185963|127.0962807923011582_37.5122821169021705|127.0964379064208174_37.5123200858476054|127.1001586829554100_37.5132191939759281
2026-09-04T23:16:36.811991+09:00,잠실 관광특구,잠실 관광특구,POI005,KEY_2,1230026102,위례성대로,1230040803,올림픽공원앞교차로,127.1279156747526429_37.5117452056324225,1230042502,방이동 181-7,127.1254911970844859_37.5127168656425241,240.0,9.0,정체,127.1254911970844859_37.5127168656425241|127.1279156747526429_37.5117452056324225
2026-09-04T23:16:36.811991+09:00,잠실 관광특구,잠실 관광특구,POI005,KEY_2,1230026103,위례성대로,1230042503,방이동 181-7,127.1253705911887266_37.5127664663946732,1230008202,올림픽공원남2문,127.1231332582007383_37.5137101955394456,224.0,15.0,서행,127.1231332582007383_37.5137101955394456|127.1253705911887266_37.5127664663946732
2026-09-04T23:16:36.811991+09:00,잠실 관광특구,잠실 관광특구,POI005,KEY_2,1230026202,위례성대로,1230008201,올림픽공원남2문,127.1231967749277914_37.5138057465937962,1230040804,올림픽공원앞교차로,127.1279781659139445_37.5118411937980127,476.0,41.0,원활,127.1279781659139445_37.5118411937980127|127.1255521973024827_37.5128134512352105|127.1254341104055641_37.5128620169255242|127.1231967749277914_37.5138057465937962
2026-09-04T23:16:36.811991+09:00,잠실 관광특구,잠실 관광특구,POI005,KEY_2,1230026301,오금로,1230041504,방이삼거리,127.1080898185277164_37.5120029659807344,1230043203,잠실전화국,127.1073625915452112_37.5136826385122433,198.0,22.0,서행,127.1073625915452112_37.5136826385122433|127.1076552451824142_37.5129653281818420|127.1080218934859403_37.5120666323530259|127.1080898185277164_37.5120029659807344
2026-09-04T23:16:36.811991+09:00,잠실 관광특구,잠실 관광특구,POI005,KEY_2,1230026400,오금로,1230362200,방이동 95-3,127.1077843306107411_37.5129987458803527,1230041501,방이삼거리,127.1081930791064138_37.5120731373911980,109.0,15.0,서행,127.1081930791064138_37.5120731373911980|127.1081426875516627_37.5121203703189892|127.1077843306107411_37.5129987458803527
2026-09-04T23:16:36.811991+09:00,잠실 관광특구,잠실 관광특구,POI005,KEY_2,1230026702,백제고분로,1230397100,방이동 94-4,127.1155243442379685_37.5158080782483836,1230045403,올림픽공원남4문앞교차로,127.1158353619488821_37.5163285598069436,64.0,22.0,서행,127.1158353619488821_37.5163285598069436|127.1155243442379685_37.5158080782483836
2026-09-04T23:16:36.811991+09:00,잠실 관광특구,잠실 관광특구,POI005,KEY_2,1230026802,백제고분로,1230045402,올림픽공원남4문앞교차로,127.1159592191718559_37.5162842594980717,1230043901,방이중,127.1149670532686144_37.5146238680820474,204.0,33.0,원활,127.1149670532686144_37.5146238680820474|127.1156469051217641_37.5157616102810749|127.1159592191718559_37.5162842594980717
2026-09-04T23:16:36.811991+09:00,잠실 관광특구,잠실 관광특구,POI005,KEY_2,1230027100,위례성대로,1230008203,올림픽공원남2문,127.1230115468975583_37.5137580552017056,1230008302,방이초교앞교차로,127.1209450232393436_37.5145134722125775,201.0,37.0,원활,127.1209450232393436_37.5145134722125775|127.1230115468975583_37.5137580552017056
2026-09-04T23:16:36.811991+09:00,잠실 관광특구,잠실 관광특구,POI005,KEY_2,1230027200,위례성대로,1230424900,최소노드배치점,127.1195466393614311_37.5151289900827436,1230008204,올림픽공원남2문,127.1230681603091739_37.5138563218870544,342.0,49.0,원활,127.1230681603091739_37.5138563218870544|127.1210016343324725_37.5146117395583261|127.1208765811574466_37.5146567818947432|127.1195466393614311_37.5151289900827436
2026-09-04T23:16:36.811991+09:00,잠실 관광특구,잠실 관광특구,POI005,KEY_2,1230027302,올림픽로,1230001801,잠실역사거리,127.1002155326109744_37.5133509522926616,1230043404,신천동 8,127.1021667132219335_37.5140202279747825,188.0,20.0,서행,127.1021667132219335_37.5140202279747825|127.1002155326109744_37.5133509522926616
2026-09-04T23:16:36.811991+09:00,잠실 관광특구,잠실 관광특구,POI005,KEY_2,1230027303,올림픽로,1230043401,신천동 8,127.1022912026975433_37.5140633484028712,1230043804,잠실역(서울8호선),127.1031193148053262_37.5143528991889355,80.0,41.0,원활,127.1031193148053262_37.5143528991889355|127.1022912026975433_37.5140633484028712
2026-09-04T23:16:36.811991+09:00,잠실 관광특구,잠실 관광특구,POI005,KEY_2,1230027304,올림픽로,1230043801,잠실역(서울8호선),127.1032441614670745_37.5143953515620083,1230044104,송파구청앞교차로,127.1065954149593580_37.5155037548529151,321.0,42.0,원활,127.1065954149593580_37.5155037548529151|127.1032441614670745_37.5143953515620083
2026-09-04T23:16:36.811991+09:00,잠실 관광특구,잠실 관광특구,POI005,KEY_2,1230027402,올림픽로,1230425600,최소노드배치점,127.1034569107816310_37.5143486498193468,1230001802,잠실역사거리,127.1002879409381165_37.5132580710148957,305.0,31.0,원활,127.1002879409381165_37.5132580710148957|127.1022203942543456_37.5139209223143766|127.1023457587723016_37.5139643456983833|127.1031738699951745_37.5142538961081584|127.1032962137368543_37.5142954974985372|127.1034569107816310_37.5143486498193468
2026-09-04T23:16:36.811991+09:00,잠실 관광특구,잠실 관광특구,POI005,KEY_2,1230027600,잠실로,1230354600,잠실동 26-1,127.0923490777133509_37.5126418063312386,1230041301,잠실3사거리,127.0925947702226182_37.5119673808282528,78.0,14.0,정체,127.0925947702226182_37.5119673808282528|127.0923490777133509_37.5126418063312386
2026-09-04T23:16:36.811991+09:00,잠실 관광특구,잠실 관광특구,POI005,KEY_2,1230027901,오금로,1230043204,잠실전화국,127.1073301047804875_37.5137619968566653,1230043703,KT송파빌딩,127.1072008780327849_37.5140753242066154,37.0,6.0,정체,127.1072008780327849_37.5140753242066154|127.1073301047804875_37.5137619968566653
2026-09-04T23:16:36.811991+09:00,잠실 관광특구,잠실 관광특구,POI005,KEY_2,1230027902,오금로,1230043704,KT송파빌딩,127.1071582673112630_37.5141777969497454,1230044103,송파구청앞교차로,127.1066451578842873_37.5154031368063627,143.0,19.0,서행,127.1066451578842873_37.5154031368063627|127.1071582673112630_37.5141777969497454
2026-09-04T23:16:36.811991+09:00,잠실 관광특구,잠실 관광특구,POI005,KEY_2,1230028001,오금로,1230043702,KT송파빌딩,127.1073298305418575_37.5141090707700258,1230043201,잠실전화국,127.1074590560679241_37.5137957428479041,37.0,23.0,서행,127.1074590560679241_37.5137957428479041|127.1073298305418575_37.5141090707700258
2026-09-04T23:16:36.811991+09:00,잠실 관광특구,잠실 관광특구,POI005,KEY_2,1230028002,오금로,1230044102,송파구청앞교차로,127.1067706331513705_37.5154451950086951,1230043701,KT송파빌딩,127.1072870264943191_37.5142120080203938,144.0,10.0,정체,127.1072870264943191_37.5142120080203938|127.1067706331513705_37.5154451950086951
2026-09-04T23:16:36.811991+09:00,잠실 관광특구,잠실 관광특구,POI005,KEY_2,1230028100,위례성대로,1230008303,방이초교앞교차로,127.1208213191434737_37.5145580278620869,1230045402,올림픽공원남4문앞교차로,127.1159592191718559_37.5162842594980717,471.0,47.3,원활,127.1159592191718559_37.5162842594980717|127.1194913787483216_37.5150302354333220|127.1208213191434737_37.5145580278620869
2026-09-04T23:16:36.811991+09:00,잠실 관광특구,잠실 관광특구,POI005,KEY_2,1230028301,올림픽로,1230044101,송파구청앞교차로,127.1067205760415391_37.5155457351922763,1230044902,잠실진주아파트앞교차로,127.1087256571209707_37.5162283031640200,193.0,20.0,서행,127.1087256571209707_37.5162283031640200|127.1067205760415391_37.5155457351922763
2026-09-04T23:16:36.811991+09:00,잠실 관광특구,잠실 관광특구,POI005,KEY_2,1230028401,올림픽로,1230421300,최소노드배치점,127.1097120122696964_37.5164468577884307,1230044102,송파구청앞교차로,127.1067706331513705_37.5154451950086951,283.0,25.0,원활,127.1067706331513705_37.5154451950086951|127.1088293438040182_37.5161460190462677|127.1097120122696964_37.5164468577884307
2026-09-04T23:16:36.811991+09:00,잠실 관광특구,잠실 관광특구,POI005,KEY_2,1230028702,양재대로,1230040804,올림픽공원앞교차로,127.1279781659139445_37.5118411937980127,1230043503,방이동 89-28,127.1293137788365044_37.5138391508336753,251.0,34.0,원활,127.1293137788365044_37.5138391508336753|127.1279781659139445_37.5118411937980127
2026-09-04T23:16:36.811991+09:00,잠실 관광특구,잠실 관광특구,POI005,KEY_2,1230028703,양재대로,1230043504,방이동 89-28,127.1293758864878356_37.5139336243623376,1230044603,올림픽공원동문교차로,127.1305797082937374_37.5157953632322290,232.0,23.0,서행,127.1305797082937374_37.5157953632322290|127.1293758864878356_37.5139336243623376
2026-09-04T23:16:36.811991+09:00,잠실 관광특구,잠실 관광특구,POI005,KEY_2,1230028704,양재대로,1230044604,올림픽공원동문교차로,127.1306432453781667_37.5158930503733714,1230047803,오륜교,127.1316412754749763_37.5174145740411831,191.0,23.5,서행,127.1316412754749763_37.5174145740411831|127.1306432453781667_37.5158930503733714
2026-09-04T23:16:36.811991+09:00,잠실 관광특구,잠실 관광특구,POI005,KEY_2,1230028802,양재대로,1230043502,방이동 89-28,127.1294335833399884_37.5137883314546841,1230040801,올림픽공원앞교차로,127.1280993215722361_37.5117923995774305,251.0,29.0,원활,127.1280993215722361_37.5117923995774305|127.1294335833399884_37.5137883314546841
2026-09-04T23:16:36.811991+09:00,잠실 관광특구,잠실 관광특구,POI005,KEY_2,1230028803,양재대로,1230044602,올림픽공원동문교차로,127.1307066675273347_37.5157555807827805,1230043501,방이동 89-28,127.1294965542968640_37.5138841169906101,234.0,29.0,원활,127.1294965542968640_37.5138841169906101|127.1307066675273347_37.5157555807827805
2026-09-04T23:16:36.811991+09:00,잠실 관광특구,잠실 관광특구,POI005,KEY_2,1230028804,양재대로,1230047802,오륜교,127.1317615823722491_37.5173645046840889,1230044601,올림픽공원동문교차로,127.1307691739442731_37.5158515552836462,189.0,29.0,원활,127.1307691739442731_37.5158515552836462|127.1317615823722491_37.5173645046840889
2026-09-04T23:16:36.811991+09:00,잠실 관광특구,잠실 관광특구,POI005,KEY_2,1230029101,올림픽로,1230044901,잠실진주아파트앞교차로,127.1088533723906977_37.5162718111141373,1230047903,올림픽공원앞교차로,127.1125664517782781_37.5175764714066560,359.0,28.0,원활,127.1125664517782781_37.5175764714066560|127.1121927794052340_37.5174099266855308|127.1096586157180326_37.5165462608805385|127.1088533723906977_37.5162718111141373
2026-09-04T23:16:36.811991+09:00,잠실 관광특구,잠실 관광특구,POI005,KEY_2,1230029300,위례성대로,1230045403,올림픽공원남4문앞교차로,127.1158353619488821_37.5163285598069436,1230047902,올림픽공원앞교차로,127.1126327333255119_37.5174821175529445,311.0,21.0,서행,127.1126327333255119_37.5174821175529445|127.1158353619488821_37.5163285598069436
2026-09-04T23:16:36.811991+09:00,잠실 관광특구,잠실 관광특구,POI005,KEY_2,1230029401,위례성대로,1230047901,올림픽공원앞교차로,127.1127294559663170_37.5175659412636975,1230045404,올림픽공원남4문앞교차로,127.1158912913085715_37.5164270745673178,307.0,15.0,서행,127.1158912913085715_37.5164270745673178|127.1127294559663170_37.5175659412636975
2026-09-04T23:16:36.811991+09:00,잠실 관광특구,잠실 관광특구,POI005,KEY_2,1230029800,오금로,1230009202,잠실나루역사거리,127.1050458803196079_37.5186165757193919,1230044101,송파구청앞교차로,127.1067205760415391_37.5155457351922763,372.0,19.0,서행,127.1067205760415391_37.5155457351922763|127.1063870230920116_37.5161245657841746|127.1060062563923623_37.5167853165615099|127.1057041776155785_37.5173095096861147|127.1054650209393913_37.5177245091905434|127.1053636836204817_37.5179234011036442|127.1051267515503156_37.5183884165572152|127.1050458803196079_37.5186165757193919
2026-09-04T23:16:36.811991+09:00,잠실 관광특구,잠실 관광특구,POI005,KEY_2,1230030200,올림픽로33길,1230044902,잠실진주아파트앞교차로,127.1087256571209707_37.5162283031640200,1230009303,파크리오아파트,127.1080198937217318_37.5191489075320419,330.0,18.0,서행,127.1080198937217318_37.5191489075320419|127.1087256571209707_37.5162283031640200
2026-09-04T23:16:36.811991+09:00,잠실 관광특구,잠실 관광특구,POI005,KEY_2,1230030300,올림픽로33길,1230009302,파크리오아파트,127.1081532489597805_37.5191690964758351,1230044901,잠실진주아파트앞교차로,127.1088533723906977_37.5162718111141373,327.0,17.0,서행,127.1088533723906977_37.5162718111141373|127.1081532489597805_37.5191690964758351
2026-09-04T23:16:36.811991+09:00,잠실 관광특구,잠실 관광특구,POI005,KEY_2,1230030701,올림픽로,1230047904,올림픽공원앞교차로,127.1126156383089949_37.5176248562335459,1230050103,올림픽회관앞교차로,127.1141234836901077_37.5200172918018566,297.0,24.0,서행,127.1141234836901077_37.5200172918018566|127.1130967077667009_37.5183006809000261|127.1127808418886076_37.5178273473246833|127.1126156383089949_37.5176248562335459
2026-09-04T23:16:36.811991+09:00,잠실 관광특구,잠실 관광특구,POI005,KEY_2,1230030802,올림픽로,1230050102,올림픽회관앞교차로,127.1142460290998173_37.5199707880909941,1230047901,올림픽공원앞교차로,127.1127294559663170_37.5175659412636975,299.0,26.0,원활,127.1127294559663170_37.5175659412636975|127.1128979059259194_37.5177724112602746|127.1132179682735881_37.5182520322072364|127.1142460290998173_37.5199707880909941
2026-09-04T23:16:36.811991+09:00,잠실 관광특구,잠실 관광특구,POI005,KEY_2,1230031300,올림픽로35길,1230380000,신천동 20-3,127.1120965855774898_37.5198794214376790,1230050104,올림픽회관앞교차로,127.1141869164074905_37.5201219523906175,187.0,13.0,정체,127.1141869164074905_37.5201219523906175|127.1139207414424419_37.5201377237057514|127.1137172639646593_37.5201260770116463|127.1129232291908551_37.5200052336238770|127.1120965855774898_37.5198794214376790
2026-09-04T23:16:36.811991+09:00,잠실 관광특구,잠실 관광특구,POI005,KEY_2,1230032100,올림픽로,1230400900,신천동 26,127.1145514766661790_37.5207067945448216,1230052003,성내교(남측),127.1155399981984147_37.5222925683271740,197.0,21.3,서행,127.1155399981984147_37.5222925683271740|127.1145514766661790_37.5207067945448216
2026-09-04T23:16:36.811991+09:00,잠실 관광특구,잠실 관광특구,POI005,KEY_2,1230032200,올림픽로,1230052001,성내교(남측),127.1156967807111187_37.5223009606581428,1230050101,올림픽회관앞교차로,127.1143085002419610_37.5200738709822801,276.0,50.7,원활,127.1143085002419610_37.5200738709822801|127.1146730610900732_37.5206587128019535|127.1156615842423037_37.5222444857121431|127.1156967807111187_37.5223009606581428
2026-09-04T23:16:36.811991+09:00,잠실 관광특구,잠실 관광특구,POI005,KEY_2,1230032404,강동대로,1230052403,서울체고앞,127.1309465905180929_37.5226422457426523,1230052602,올림픽공원북2문,127.1286484144718969_37.5236389836207067,231.0,46.0,원활,127.1286484144718969_37.5236389836207067|127.1309465905180929_37.5226422457426523
2026-09-04T23:16:36.811991+09:00,잠실 관광특구,잠실 관광특구,POI005,KEY_2,1230032504,강동대로,1230052601,올림픽공원북2문,127.1287133329938257_37.5237339387489186,1230052404,서울체고앞,127.1310115110815389_37.5227371996198542,231.0,18.0,서행,127.1310115110815389_37.5227371996198542|127.1287133329938257_37.5237339387489186
2026-09-04T23:16:36.811991+09:00,잠실 관광특구,잠실 관광특구,POI005,KEY_2,1230032902,올림픽로37길,1230424700,최소노드배치점,127.1116469399134274_37.5231307998258217,1230052004,성내교(남측),127.1156093484237601_37.5224038573356538,390.0,25.0,원활,127.1156093484237601_37.5224038573356538|127.1154210464076897_37.5226254636658609|127.1151860694290434_37.5229714220100377|127.1150231489065732_37.5230568047779158|127.1148610626049589_37.5231117596672803|127.1146813739484145_37.5231312778946844|127.1116469399134274_37.5231307998258217
2026-09-04T23:16:36.811991+09:00,잠실 관광특구,잠실 관광특구,POI005,KEY_2,1230033202,올림픽로,1230052004,성내교(남측),127.1156093484237601_37.5224038573356538,1230053103,올림픽대교남단교차로,127.1174254322370984_37.5253520980877155,364.0,47.0,원활,127.1174254322370984_37.5253520980877155|127.1168266280546959_37.5243574555609811|127.1156093484237601_37.5224038573356538
2026-09-04T23:16:36.811991+09:00,잠실 관광특구,잠실 관광특구,POI005,KEY_2,1230033301,올림픽로,1230053102,올림픽대교남단교차로,127.1176915230806799_37.5255440086627701,1230052001,성내교(남측),127.1156967807111187_37.5223009606581428,401.0,36.0,원활,127.1156967807111187_37.5223009606581428|127.1169486377113884_37.5243100484275445|127.1176915230806799_37.5255440086627701
2026-09-04T23:16:36.811991+09:00,잠실 관광특구,잠실 관광특구,POI005,KEY_2,1230073600,백제고분로41길,1230362400,송파동 74,127.1055839132151277_37.5093570558199474,1230038203,수림빌딩,127.1052465652364560_37.5096500807059527,44.0,11.0,정체,127.1052465652364560_37.5096500807059527|127.1053208564511436_37.5095948198186591|127.1055839132151277_37.5093570558199474
2026-09-04T23:16:36.811991+09:00,잠실 관광특구,잠실 관광특구,POI005,KEY_2,1230033600,올림픽로43길,1230342000,풍납동 447,127.1141253196765888_37.5248124645393801,1230053104,올림픽대교남단교차로,127.1175353532768639_37.5255915012395889,333.0,29.0,원활,127.1175353532768639_37.5255915012395889|127.1171986824647178_37.5253250746693325|127.1163931251730617_37.5248172882132565|127.1149530945181425_37.5248116617606371|127.1141253196765888_37.5248124645393801
2026-09-04T23:16:36.811991+09:00,잠실 관광특구,잠실 관광특구,POI005,KEY_2,1230033801,강동대로,1230052603,올림픽공원북2문,127.1285292145280152_37.5236906555977967,1230052702,올림픽공원북2문앞교차로,127.1280135683207533_37.5239140807955565,52.0,11.0,정체,127.1280135683207533_37.5239140807955565|127.1285292145280152_37.5236906555977967
2026-09-04T23:16:36.811991+09:00,잠실 관광특구,잠실 관광특구,POI005,KEY_2,1230033802,강동대로,1230052703,올림픽공원북2문앞교차로,127.1278955398801997_37.5239676869855785,1230052902,그린빌딩,127.1255021088525581_37.5251103772284154,247.0,11.0,정체,127.1255021088525581_37.5251103772284154|127.1278955398801997_37.5239676869855785
2026-09-04T23:16:36.811991+09:00,잠실 관광특구,잠실 관광특구,POI005,KEY_2,1230033803,강동대로,1230052903,그린빌딩,127.1253868539951242_37.5251644663839627,1230010402,성내유수지,127.1230687264287127_37.5262344211604315,237.0,50.0,원활,127.1230687264287127_37.5262344211604315|127.1253868539951242_37.5251644663839627
2026-09-04T23:16:36.811991+09:00,잠실 관광특구,잠실 관광특구,POI005,KEY_2,1230033901,강동대로,1230052701,올림픽공원북2문앞교차로,127.1280784406892508_37.5240090563020559,1230052604,올림픽공원북2문,127.1285940873550402_37.5237856308238449,52.0,49.0,원활,127.1285940873550402_37.5237856308238449|127.1280784406892508_37.5240090563020559
2026-09-04T23:16:36.811991+09:00,잠실 관광특구,잠실 관광특구,POI005,KEY_2,1230033902,강동대로,1230052901,그린빌딩,127.1255719037447705_37.5252031128434638,1230052704,올림픽공원북2문앞교차로,127.1279653366622995_37.5240604212007227,247.0,53.0,원활,127.1279653366622995_37.5240604212007227|127.1255719037447705_37.5252031128434638
2026-09-04T23:16:36.811991+09:00,잠실 관광특구,잠실 관광특구,POI005,KEY_2,1230033903,강동대로,1230010401,성내유수지,127.1233271552869013_37.5262401076401133,1230052904,그린빌딩,127.1254549241451741_37.5252580128047128,217.0,55.0,원활,127.1254549241451741_37.5252580128047128|127.1233271552869013_37.5262401076401133
2026-09-04T23:16:36.811991+09:00,잠실 관광특구,잠실 관광특구,POI005,KEY_2,1230034200,강동대로,1230053101,올림픽대교남단교차로,127.1177512410432087_37.5256417956853880,1230010403,성내유수지,127.1228341746085704_37.5263374209143734,467.0,25.0,원활,127.1228341746085704_37.5263374209143734|127.1226119104132124_37.5263325291198058|127.1222182279912971_37.5262594731087304|127.1197935343633674_37.5255708855089978|127.1192764530002961_37.5254871931229914|127.1186659385550399_37.5254644325269382|127.1181404811154323_37.5255300720034626|127.1177512410432087_37.5256417956853880
2026-09-04T23:16:36.811991+09:00,잠실 관광특구,잠실 관광특구,POI005,KEY_2,1230034300,강동대로,1230010402,성내유수지,127.1230687264287127_37.5262344211604315,1230053102,올림픽대교남단교차로,127.1176915230806799_37.5255440086627701,493.0,41.0,원활,127.1176915230806799_37.5255440086627701|127.1181066449297958_37.5254248562288311|127.1186585197018388_37.5253559170246618|127.1192932429278528_37.5253795803410242|127.1198300344327095_37.5254664629282857|127.1222565506296860_37.5261555686853470|127.1226293640594349_37.5262247521119789|127.1230687264287127_37.5262344211604315
2026-09-04T23:16:36.811991+09:00,잠실 관광특구,잠실 관광특구,POI005,KEY_2,1230034600,강동대로,1230053104,올림픽대교남단교차로,127.1175353532768639_37.5255915012395889,1230053301,풍성초등학교,127.1133707067350969_37.5271092576510128,408.0,20.0,서행,127.1133707067350969_37.5271092576510128|127.1138885360357307_37.5270579046375232|127.1141380710895277_37.5270029206930715|127.1144337586637221_37.5269066454630149|127.1172570729713414_37.5256789869567413|127.1175353532768639_37.5255915012395889
2026-09-04T23:16:36.811991+09:00,잠실 관광특구,잠실 관광특구,POI005,KEY_2,1230034700,강동대로,1230058701,풍납동 330-7,127.1135343578604022_37.5272039528378372,1230053105,올림픽대교남단교차로,127.1176235541679063_37.5256800112130264,402.0,32.0,원활,127.1176235541679063_37.5256800112130264|127.1173147432993602_37.5257770947223790|127.1144921531920318_37.5270044385361317|127.1141820098842743_37.5271054212045385|127.1139153828274857_37.5271641707955510|127.1135343578604022_37.5272039528378372
2026-09-04T23:16:36.811991+09:00,잠실 관광특구,잠실 관광특구,POI005,KEY_2,1230034800,강동대로,1230010403,성내유수지,127.1228341746085704_37.5263374209143734,1230053202,성내동 474,127.1214169266581280_37.5269574474404806,143.0,6.0,정체,127.1214169266581280_37.5269574474404806|127.1221246173486747_37.5266478458902597|127.1228341746085704_37.5263374209143734
2026-09-04T23:16:36.811991+09:00,잠실 관광특구,잠실 관광특구,POI005,KEY_2,1230034900,강동대로,1230053201,성내동 474,127.1214822863304903_37.5270522124399051,1230010404,성내유수지,127.1231026366477437_37.5263433289148836,163.0,34.0,원활,127.1231026366477437_37.5263433289148836|127.1221899776439983_37.5267426105018984|127.1214822863304903_37.5270522124399051
2026-09-04T23:16:36.811991+09:00,잠실 관광특구,잠실 관광특구,POI005,KEY_2,1230035100,올림픽로,1230053602,풍납사거리,127.1191638427110746_37.5279285363098012,1230053101,올림픽대교남단교차로,127.1177512410432087_37.5256417956853880,283.0,26.0,원활,127.1177512410432087_37.5256417956853880|127.1182052842400196_37.5263768247819911|127.1185296816843362_37.5269019665074097|127.1189218723730647_37.5275368423195701|127.1191638427110746_37.5279285363098012
2026-09-04T23:16:36.811991+09:00,잠실 관광특구,잠실 관광특구,POI005,KEY_2,1230076200,백제고분로45길,1230414400,송파동 83,127.1074305390192620_37.5108125123386174,1230039703,송파동 61,127.1070007103191557_37.5110307962144418,45.0,15.5,서행,127.1070007103191557_37.5110307962144418|127.1074305390192620_37.5108125123386174
2026-09-04T23:16:36.811991+09:00,잠실 관광특구,잠실 관광특구,POI005,KEY_2,1230077600,올림픽로.잠실로.사이길,1230038304,잠실동 43,127.0947364363945553_37.5102253498387128,1230041703,잠실동 39,127.0946882254534103_37.5120601573260686,204.0,10.0,정체,127.0946882254534103_37.5120601573260686|127.0947364363945553_37.5102253498387128
2026-09-04T23:16:36.811991+09:00,잠실 관광특구,잠실 관광특구,POI005,KEY_2,1230077700,올림픽로.잠실로.사이길,1230041702,잠실동 39,127.0948236216370191_37.5120740018570373,1230038301,잠실동 43,127.0948724715403131_37.5102147077519135,206.0,11.0,정체,127.0948724715403131_37.5102147077519135|127.0948236216370191_37.5120740018570373
2026-09-04T23:16:36.811991+09:00,잠실 관광특구,잠실 관광특구,POI005,KEY_2,1230077900,위례성대로16길,1230248000,방이동 200-3,127.1250899543352517_37.5123366148555277,1230042503,방이동 181-7,127.1253705911887266_37.5127664663946732,54.0,7.0,정체,127.1253705911887266_37.5127664663946732|127.1250899543352517_37.5123366148555277
2026-09-04T23:16:36.811991+09:00,잠실 관광특구,잠실 관광특구,POI005,KEY_2,1230079600,올림픽선수촌아파트내부길,1230042003,오륜초등학교,127.1334912399933756_37.5124937085259731,1230043502,방이동 89-28,127.1294335833399884_37.5137883314546841,392.0,22.0,서행,127.1294335833399884_37.5137883314546841|127.1324667918181888_37.5125501930643708|127.1334912399933756_37.5124937085259731
2026-09-04T23:16:36.811991+09:00,잠실 관광특구,잠실 관광특구,POI005,KEY_2,1230079700,올림픽선수촌아파트내부길,1230043501,방이동 89-28,127.1294965542968640_37.5138841169906101,1230042004,오륜초등학교,127.1335006130637026_37.5126015705990881,387.0,13.0,정체,127.1335006130637026_37.5126015705990881|127.1325039266811245_37.5126565247953394|127.1294965542968640_37.5138841169906101
2026-09-04T23:16:36.811991+09:00,잠실 관광특구,잠실 관광특구,POI005,KEY_2,1230080800,올림픽로,1230043404,신천동 8,127.1021667132219335_37.5140202279747825,1230044003,어린이교통공원,127.1015862279693067_37.5151316086360467,134.0,8.0,정체,127.1015862279693067_37.5151316086360467|127.1021667132219335_37.5140202279747825
2026-09-04T23:16:36.811991+09:00,잠실 관광특구,잠실 관광특구,POI005,KEY_2,1230080900,올림픽로,1230044002,어린이교통공원,127.1017112605977104_37.5151736946584151,1230043401,신천동 8,127.1022912026975433_37.5140633484028712,133.0,6.0,정체,127.1022912026975433_37.5140633484028712|127.1017112605977104_37.5151736946584151
2026-09-04T23:16:36.811991+09:00,잠실 관광특구,잠실 관광특구,POI005,KEY_2,1230081000,올림픽로,1230043804,잠실역(서울8호선),127.1031193148053262_37.5143528991889355,1230044403,신천동 7-21,127.1025553001734067_37.5154467539088188,131.0,14.0,정체,127.1025553001734067_37.5154467539088188|127.1031193148053262_37.5143528991889355
2026-09-04T23:16:36.811991+09:00,잠실 관광특구,잠실 관광특구,POI005,KEY_2,1230081100,올림픽로,1230044402,신천동 7-21,127.1026803877707039_37.5154887453600807,1230043801,잠실역(서울8호선),127.1032441614670745_37.5143953515620083,131.0,40.0,원활,127.1032441614670745_37.5143953515620083|127.1026803877707039_37.5154887453600807
2026-09-04T23:16:36.811991+09:00,잠실 관광특구,잠실 관광특구,POI005,KEY_2,1230081200,올림픽선수촌아파트내부길,1230332800,최소노드배치점,127.1337490189227708_37.5151722701553894,1230044602,올림픽공원동문교차로,127.1307066675273347_37.5157555807827805,292.0,12.0,정체,127.1307066675273347_37.5157555807827805|127.1324233734096509_37.5150503918994147|127.1325384533906515_37.5150232903922287|127.1330520009699256_37.5149959261979333|127.1331591568025914_37.5149985589094541|127.1337490189227708_37.5151722701553894
2026-09-04T23:16:36.811991+09:00,잠실 관광특구,잠실 관광특구,POI005,KEY_2,1230082000,오금로11길,1230382300,방이동 96-5,127.1078356746363340_37.5142776638634814,1230043702,KT송파빌딩,127.1073298305418575_37.5141090707700258,48.0,8.0,정체,127.1073298305418575_37.5141090707700258|127.1078356746363340_37.5142776638634814
2026-09-04T23:16:36.811991+09:00,잠실 관광특구,잠실 관광특구,POI005,KEY_2,1230082100,오금로11길,1230364600,방이동 96-2,127.1142995993866123_37.5148873703963588,1230043904,방이중,127.1148454576012909_37.5146719476403305,54.0,10.0,정체,127.1148454576012909_37.5146719476403305|127.1142995993866123_37.5148873703963588
2026-09-04T23:16:36.811991+09:00,잠실 관광특구,잠실 관광특구,POI005,KEY_2,1230085700,양재대로.강동대로사이길,1230334700,최소노드배치점,127.1280130627585407_37.5175316488536268,1230050202,속성변화점,127.1283029621945957_37.5202980729066624,323.0,11.0,정체,127.1283029621945957_37.5202980729066624|127.1284869880934565_37.5198916490292831|127.1286040453807260_37.5194988449093358|127.1286401155603869_37.5191957029570418|127.1286322343100750_37.5188746212359092|127.1285506796273381_37.5184532831418807|127.1284264473650580_37.5181404522839657|127.1280130627585407_37.5175316488536268
2026-09-04T23:16:36.811991+09:00,잠실 관광특구,잠실 관광특구,POI005,KEY_2,1230085800,양재대로.강동대로사이길,1230334600,최소노드배치점,127.1281324577583263_37.5174802131984393,1230044604,올림픽공원동문교차로,127.1306432453781667_37.5158930503733714,333.0,18.0,서행,127.1306432453781667_37.5158930503733714|127.1304306419184798_37.5159439490849564|127.1278436313470053_37.5170548436271218|127.1281324577583263_37.5174802131984393
2026-09-04T23:16:36.811991+09:00,잠실 관광특구,잠실 관광특구,POI005,KEY_2,1230088200,양재대로.강동대로사이길,1230196800,꿈나무다리(남측),127.1283746340457981_37.5204440109063455,1230050201,속성변화점,127.1284296259339470_37.5203368866533751,13.0,28.0,원활,127.1284296259339470_37.5203368866533751|127.1283746340457981_37.5204440109063455
2026-09-04T23:16:36.811991+09:00,잠실 관광특구,잠실 관광특구,POI005,KEY_2,1230088300,양재대로.강동대로사이길,1230196500,꿈나무다리(북측),127.1281832207590128_37.5205312266587470,1230052703,올림픽공원북2문앞교차로,127.1278955398801997_37.5239676869855785,421.0,23.0,서행,127.1278955398801997_37.5239676869855785|127.1273300483411504_37.5230946179717293|127.1271761257750654_37.5227528147954175|127.1271136146098968_37.5224320685814590|127.1271364389473888_37.5221410644727129|127.1272519101088534_37.5217772550903916|127.1276017695838618_37.5212911085732799|127.1279442979174661_37.5209163958855996|127.1281570038538149_37.5205822745236119|127.1281832207590128_37.5205312266587470
2026-09-04T23:16:36.811991+09:00,잠실 관광특구,잠실 관광특구,POI005,KEY_2,1230437101,잠실로,1230188302,잠실길지하차도(서측),127.1024547747106510_37.5113805101291220,1230001702,석촌호수앞교차로,127.1019076941057762_37.5111569141952117,54.0,33.0,원활,127.1019076941057762_37.5111569141952117|127.1024547747106510_37.5113805101291220
2026-09-04T23:16:36.811991+09:00,잠실 관광특구,잠실 관광특구,POI005,KEY_2,1230437201,잠실로,1230001701,석촌호수앞교차로,127.1018323332335598_37.5112469862295228,1230188303,잠실길지하차도(서측),127.1023918266045030_37.5114715455822392,55.0,6.0,정체,127.1023918266045030_37.5114715455822392|127.1018323332335598_37.5112469862295228
2026-09-04T23:16:36.811991+09:00,잠실 관광특구,잠실 관광특구,POI005,KEY_2,1230437301,잠실로,1230188502,잠실길지하차도(동측),127.1062173467716150_37.5131578738299325,1230188302,잠실길지하차도(서측),127.1024547747106510_37.5113805101291220,387.0,46.0,원활,127.1024547747106510_37.5113805101291220|127.1030924680476488_37.5116688194554797|127.1037922288458617_37.5120057984034787|127.1044073633298837_37.5122985483592544|127.1051198819620254_37.5126321816150679|127.1062173467716150_37.5131578738299325
2026-09-04T23:16:36.811991+09:00,잠실 관광특구,잠실 관광특구,POI005,KEY_2,1230437401,잠실로,1230188303,잠실길지하차도(서측),127.1023918266045030_37.5114715455822392,1230188503,잠실길지하차도(동측),127.1061687896124681_37.5132231248888246,386.0,18.5,서행,127.1061687896124681_37.5132231248888246|127.1052815756607259_37.5128152477143786|127.1034974052928277_37.5119907247148916|127.1023918266045030_37.5114715455822392
2026-09-04T23:16:36.811991+09:00,잠실 관광특구,잠실 관광특구,POI005,KEY_2,1230437501,-,1230188502,잠실길지하차도(동측),127.1062173467716150_37.5131578738299325,1230188402,신천동 30,127.1050426082693434_37.5125336192748193,126.0,28.0,원활,127.1050426082693434_37.5125336192748193|127.1057099909694585_37.5128445639683008|127.1060250249974217_37.5129978687956296|127.1062173467716150_37.5131578738299325
2026-09-04T23:16:36.811991+09:00,잠실 관광특구,잠실 관광특구,POI005,KEY_2,1230437601,-,1230188403,신천동 30,127.1049002456384613_37.5127083450110632,1230188503,잠실길지하차도(동측),127.1061687896124681_37.5132231248888246,126.0,26.0,원활,127.1061687896124681_37.5132231248888246|127.1058942002584331_37.5131610578152603|127.1056142121499164_37.5130369103311239|127.1049002456384613_37.5127083450110632
2026-09-04T23:16:36.811991+09:00,잠실 관광특구,잠실 관광특구,POI005,KEY_2,1230437701,잠실로,1230394600,신천동 30,127.1067595331203108_37.5134063123268504,1230188502,잠실길지하차도(동측),127.1062173467716150_37.5131578738299325,55.0,9.5,정체,127.1062173467716150_37.5131578738299325|127.1067595331203108_37.5134063123268504
2026-09-04T23:16:36.811991+09:00,잠실 관광특구,잠실 관광특구,POI005,KEY_2,1230437801,잠실로,1230188503,잠실길지하차도(동측),127.1061687896124681_37.5132231248888246,1230043204,잠실전화국,127.1073301047804875_37.5137619968566653,119.0,21.5,서행,127.1073301047804875_37.5137619968566653|127.1067103200439448_37.5134744075350568|127.1061687896124681_37.5132231248888246
2026-09-04T23:16:36.811991+09:00,잠실 관광특구,잠실 관광특구,POI005,KEY_2,1240030800,성안로,1249118500,성내동 450-2,127.1292262080433062_37.5246357770880579,1230052601,올림픽공원북2문,127.1287133329938257_37.5237339387489186,110.0,18.0,서행,127.1287133329938257_37.5237339387489186|127.1289764894649039_37.5241324489509367|127.1292262080433062_37.5246357770880579
2026-09-04T23:16:36.811991+09:00,잠실 관광특구,잠실 관광특구,POI005,KEY_2,1240031600,성내로14길,1249129200,성내동 492,127.1259457409445162_37.5257312228414079,1230052901,그린빌딩,127.1255719037447705_37.5252031128434638,67.0,16.0,서행,127.1255719037447705_37.5252031128434638|127.1259457409445162_37.5257312228414079
2026-09-04T23:16:36.811991+09:00,종로·청계 관광특구,종로·청계 관광특구,POI006,KEY_3,1000000301,종로,1000081900,종로1가 82-2,126.9798999832241719_37.5701535606807582,1000008607,종로구청입구교차로,126.9793805233784241_37.5701494116837509,46.0,11.0,정체,126.9793805233784241_37.5701494116837509|126.9798999832241719_37.5701535606807582
2026-09-04T23:16:36.811991+09:00,종로·청계 관광특구,종로·청계 관광특구,POI006,KEY_3,1000000303,종로,1000008703,종로1가사거리,126.9828971865418197_37.5701731264087542,1000007700,종로1가,126.9822109960776402_37.5701758601934444,61.0,4.0,정체,126.9822109960776402_37.5701758601934444|126.9824008620181672_37.5701779915733454|126.9828971865418197_37.5701731264087542
2026-09-04T23:16:36.811991+09:00,종로·청계 관광특구,종로·청계 관광특구,POI006,KEY_3,1000000401,종로,1000008606,종로구청입구교차로,126.9793844377634713_37.5702575676490582,1000008905,SK빌딩,126.9809530025248421_37.5702700889503021,139.0,15.0,서행,126.9809530025248421_37.5702700889503021|126.9798986206276368_37.5702616744867512|126.9793844377634713_37.5702575676490582
2026-09-04T23:16:36.811991+09:00,종로·청계 관광특구,종로·청계 관광특구,POI006,KEY_3,1000000501,종로,1000008701,종로1가사거리,126.9830485481293891_37.5702800768006568,1000009600,종로1가,126.9837104338048164_37.5702764015435093,58.0,29.0,원활,126.9837104338048164_37.5702764015435093|126.9830485481293891_37.5702800768006568
2026-09-04T23:16:36.811991+09:00,종로·청계 관광특구,종로·청계 관광특구,POI006,KEY_3,1000000503,종로,1000009101,종각지하쇼핑센터,126.9858227292488380_37.5702608423529298,1000008504,종로2가교차로,126.9876156819137520_37.5702574924147754,158.0,20.0,서행,126.9876156819137520_37.5702574924147754|126.9871453036203235_37.5702428823229511|126.9869246551587310_37.5702458796709990|126.9858227292488380_37.5702608423529298
2026-09-04T23:16:36.811991+09:00,종로·청계 관광특구,종로·청계 관광특구,POI006,KEY_3,1000000601,종로,1000007800,종로1가,126.9837094850009294_37.5701682846705296,1000008702,종로1가사거리,126.9830343185050481_37.5701720336345346,60.0,10.0,정체,126.9830343185050481_37.5701720336345346|126.9837094850009294_37.5701682846705296
2026-09-04T23:16:36.811991+09:00,종로·청계 관광특구,종로·청계 관광특구,POI006,KEY_3,1000000602,종로,1000231400,종로2가 1-2,126.9840862081807984_37.5701661909693030,1000007800,종로1가,126.9837094850009294_37.5701682846705296,33.0,16.0,서행,126.9837094850009294_37.5701682846705296|126.9840862081807984_37.5701661909693030
2026-09-04T23:16:36.811991+09:00,종로·청계 관광특구,종로·청계 관광특구,POI006,KEY_3,1000000603,종로,1000181900,종로2가 84-11,126.9869223374955283_37.5701377759501440,1000009102,종각지하쇼핑센터,126.9858204131049462_37.5701527379884581,97.0,11.0,정체,126.9858204131049462_37.5701527379884581|126.9869223374955283_37.5701377759501440
2026-09-04T23:16:36.811991+09:00,종로·청계 관광특구,종로·청계 관광특구,POI006,KEY_3,1000001102,종로,1000009401,육의전박물관,126.9894911528416657_37.5703440400947173,1000009804,종로3가사거리,126.9920644385376676_37.5704709834989146,228.0,17.0,서행,126.9920644385376676_37.5704709834989146|126.9894911528416657_37.5703440400947173
2026-09-04T23:16:36.811991+09:00,종로·청계 관광특구,종로·청계 관광특구,POI006,KEY_3,1000001201,종로,1000151200,종로2가 34-2,126.9885296395007401_37.5701839568255025,1000008502,종로2가교차로,126.9877530838436002_37.5701530192531123,69.0,26.0,원활,126.9877530838436002_37.5701530192531123|126.9881077158716209_37.5701611205547650|126.9885296395007401_37.5701839568255025
2026-09-04T23:16:36.811991+09:00,종로·청계 관광특구,종로·청계 관광특구,POI006,KEY_3,1000001202,종로,1000009803,종로3가사거리,126.9920772085238099_37.5703632864036052,1000009402,육의전박물관,126.9894997373196901_37.5702361366249775,228.0,21.0,서행,126.9894997373196901_37.5702361366249775|126.9920772085238099_37.5703632864036052
2026-09-04T23:16:36.811991+09:00,종로·청계 관광특구,종로·청계 관광특구,POI006,KEY_3,1000001301,종로,1000009001,세종대로사거리,126.9771187019505163_37.5702314111293560,1000009700,종로1가1-3,126.9777559525715844_37.5702421551131351,56.0,12.0,정체,126.9777559525715844_37.5702421551131351|126.9771187019505163_37.5702314111293560
2026-09-04T23:16:36.811991+09:00,종로·청계 관광특구,종로·청계 관광특구,POI006,KEY_3,1000001302,종로,1000009700,종로1가1-3,126.9777559525715844_37.5702421551131351,1000008804,광화문우체국,126.9784336631558119_37.5702494972367163,60.0,17.0,서행,126.9784336631558119_37.5702494972367163|126.9779432056922133_37.5702453112944994|126.9777559525715844_37.5702421551131351
2026-09-04T23:16:36.811991+09:00,종로·청계 관광특구,종로·청계 관광특구,POI006,KEY_3,1000001303,종로,1000008801,광화문우체국,126.9785701334498214_37.5702506615867833,1000008609,종로구청입구교차로,126.9792481536049564_37.5702564438606927,60.0,25.0,원활,126.9792481536049564_37.5702564438606927|126.9785701334498214_37.5702506615867833
2026-09-04T23:16:36.811991+09:00,종로·청계 관광특구,종로·청계 관광특구,POI006,KEY_3,1000001401,종로,1000008000,동아일보사,126.9777588281918099_37.5701340596360964,1000009002,세종대로사거리,126.9770959172438580_37.5701228829325231,59.0,8.0,정체,126.9770959172438580_37.5701228829325231|126.9777588281918099_37.5701340596360964
2026-09-04T23:16:36.811991+09:00,종로·청계 관광특구,종로·청계 관광특구,POI006,KEY_3,1000001402,종로,1000008803,광화문우체국,126.9784351192109852_37.5701413844145975,1000008000,동아일보사,126.9777588281918099_37.5701340596360964,60.0,8.0,정체,126.9777588281918099_37.5701340596360964|126.9779453713088060_37.5701372048683524|126.9784351192109852_37.5701413844145975
2026-09-04T23:16:36.811991+09:00,종로·청계 관광특구,종로·청계 관광특구,POI006,KEY_3,1000001403,종로,1000008608,종로구청입구교차로,126.9792446499360778_37.5701482878816435,1000008802,광화문우체국,126.9785715892256235_37.5701425486416056,59.0,9.0,정체,126.9785715892256235_37.5701425486416056|126.9792446499360778_37.5701482878816435
2026-09-04T23:16:36.811991+09:00,종로·청계 관광특구,종로·청계 관광특구,POI006,KEY_3,1000001501,종로,1000009801,종로3가사거리,126.9922000608216308_37.5704778715046643,1000010004,종묘공원,126.9937102608658108_37.5705569291297934,134.0,25.0,원활,126.9937102608658108_37.5705569291297934|126.9932582925197551_37.5705332710333550|126.9922000608216308_37.5704778715046643
2026-09-04T23:16:36.811991+09:00,종로·청계 관광특구,종로·청계 관광특구,POI006,KEY_3,1000001601,종로,1000161000,종로3가 45-4,126.9932672065188228_37.5704253845720260,1000009802,종로3가사거리,126.9922128288669825_37.5703701868235100,93.0,36.3,원활,126.9922128288669825_37.5703701868235100|126.9932672065188228_37.5704253845720260
2026-09-04T23:16:36.811991+09:00,종로·청계 관광특구,종로·청계 관광특구,POI006,KEY_3,1000001603,종로,1000010400,종로4가,126.9969798514767092_37.5706375452027856,1000010102,세운상가,126.9951427308156298_37.5705198714942412,163.0,33.0,원활,126.9951427308156298_37.5705198714942412|126.9958457643039083_37.5705598683717241|126.9963745621010816_37.5705960239034340|126.9965100719281992_37.5706053072005162|126.9969798514767092_37.5706375452027856
2026-09-04T23:16:36.811991+09:00,종로·청계 관광특구,종로·청계 관광특구,POI006,KEY_3,1000001605,종로,1000011003,종로4가사거리,126.9977066575793003_37.5706842868909874,1000010400,종로4가,126.9969798514767092_37.5706375452027856,64.0,28.0,원활,126.9969798514767092_37.5706375452027856|126.9977066575793003_37.5706842868909874
2026-09-04T23:16:36.811991+09:00,종로·청계 관광특구,종로·청계 관광특구,POI006,KEY_3,1000001801,종로,1000031300,종로4가,126.9985532581453924_37.5707449132439208,1000011002,종로4가사거리,126.9978420032838642_37.5706935232521886,63.0,29.0,원활,126.9978420032838642_37.5706935232521886|126.9985532581453924_37.5707449132439208
2026-09-04T23:16:36.811991+09:00,종로·청계 관광특구,종로·청계 관광특구,POI006,KEY_3,1000001802,종로,1000169300,종로4가 183,126.9992162622975655_37.5707928126224999,1000031300,종로4가,126.9985532581453924_37.5707449132439208,59.0,21.0,서행,126.9985532581453924_37.5707449132439208|126.9992162622975655_37.5707928126224999
2026-09-04T23:16:36.811991+09:00,종로·청계 관광특구,종로·청계 관광특구,POI006,KEY_3,1000002001,종로,1000245300,종로5가 82-1,127.0027233485987352_37.5709694752928485,1000011202,종로5가사거리,127.0019976949529052_37.5709492579211854,64.0,26.0,원활,127.0019976949529052_37.5709492579211854|127.0026822738535230_37.5709687051739039|127.0027233485987352_37.5709694752928485
2026-09-04T23:16:36.811991+09:00,종로·청계 관광특구,종로·청계 관광특구,POI006,KEY_3,1000002201,종로,1000176600,창신동 442-1,127.0108777515568477_37.5716621493242968,1000011702,흥인지문사거리,127.0091495968440398_37.5713227254486739,158.0,16.0,서행,127.0091495968440398_37.5713227254486739|127.0092723977128770_37.5713674394156811|127.0094846006979310_37.5714183224799285|127.0097878732437096_37.5714751424867188|127.0103298320711360_37.5715766797035471|127.0103586021919568_37.5715820697737044|127.0108233682804553_37.5716512389232733|127.0108777515568477_37.5716621493242968
2026-09-04T23:16:36.811991+09:00,종로·청계 관광특구,종로·청계 관광특구,POI006,KEY_3,1000002401,종로,1000203200,숭인동 282-1,127.0165578114239366_37.5732025866726858,1000014102,동묘앞역사거리,127.0157090127315769_37.5729851199764937,79.0,19.0,서행,127.0157090127315769_37.5729851199764937|127.0165578114239366_37.5732025866726858
2026-09-04T23:16:36.811991+09:00,종로·청계 관광특구,종로·청계 관광특구,POI006,KEY_3,1000002701,청계천로,1010032701,청계2가,126.9877539783027771_37.5682760807968279,1000006602,관수동 152-2,126.9894972350662528_37.5683104742400360,154.0,11.0,정체,126.9894972350662528_37.5683104742400360|126.9885265106382519_37.5682545626433182|126.9880976408843622_37.5682583350004933|126.9877539783027771_37.5682760807968279
2026-09-04T23:16:36.811991+09:00,종로·청계 관광특구,종로·청계 관광특구,POI006,KEY_3,1000002702,청계천로,1000006601,관수동 91-4,126.9896326598155412_37.5683193140372680,1000001602,청계3가사거리,126.9922843827072825_37.5685127633063871,235.0,25.0,원활,126.9922843827072825_37.5685127633063871|126.9896326598155412_37.5683193140372680
2026-09-04T23:16:36.811991+09:00,종로·청계 관광특구,종로·청계 관광특구,POI006,KEY_3,1000003001,청계천로,1010033701,광교사거리,126.9828472617604831_37.5690310653232729,1000006702,동광빌딩,126.9856496555834724_37.5685348675876654,254.0,17.0,서행,126.9856496555834724_37.5685348675876654|126.9845929724430675_37.5687445528897968|126.9830379501262456_37.5690132418433791|126.9828472617604831_37.5690310653232729
2026-09-04T23:16:36.811991+09:00,종로·청계 관광특구,종로·청계 관광특구,POI006,KEY_3,1000003002,청계천로,1000006701,동광빌딩,126.9857835455856332_37.5685053538768585,1010032702,청계2가,126.9876182832415594_37.5682809508841231,165.0,13.0,정체,126.9876182832415594_37.5682809508841231|126.9873100375229313_37.5682871695245453|126.9868524145434350_37.5683023760080914|126.9865577109127059_37.5683366707556416|126.9863804072084292_37.5683652570468496|126.9861647659198667_37.5684129099601307|126.9857835455856332_37.5685053538768585
2026-09-04T23:16:36.811991+09:00,종로·청계 관광특구,종로·청계 관광특구,POI006,KEY_3,1000003101,청계천로,1000001601,청계3가사거리,126.9924197004040280_37.5685221720677589,1000006802,세운교,126.9952943683145179_37.5687121004089306,255.0,23.0,서행,126.9952943683145179_37.5687121004089306|126.9924197004040280_37.5685221720677589
2026-09-04T23:16:36.811991+09:00,종로·청계 관광특구,종로·청계 관광특구,POI006,KEY_3,1000003102,청계천로,1000006802,세운교,126.9952943683145179_37.5687121004089306,1010034002,청계4가사거리,126.9978567741960518_37.5690141197168899,229.0,23.0,서행,126.9978567741960518_37.5690141197168899|126.9977196243080755_37.5689778939568413|126.9973817991979672_37.5689244876432014|126.9962389430763210_37.5687890515443357|126.9952943683145179_37.5687121004089306
2026-09-04T23:16:36.811991+09:00,종로·청계 관광특구,종로·청계 관광특구,POI006,KEY_3,1000003400,청계천로,1010034301,무교동사거리,126.9793440155466442_37.5692674718774171,1010033702,광교사거리,126.9827120922386285_37.5690419071249693,299.0,23.0,서행,126.9827120922386285_37.5690419071249693|126.9793440155466442_37.5692674718774171
2026-09-04T23:16:36.811991+09:00,종로·청계 관광특구,종로·청계 관광특구,POI006,KEY_3,1000003801,청계천로,1000031000,청계광장,126.9770921904126482_37.5694157550093379,1000007002,동아일보사,126.9783460265061024_37.5693222473721278,111.0,15.0,서행,126.9783460265061024_37.5693222473721278|126.9773834142662849_37.5693879956262435|126.9770921904126482_37.5694157550093379
2026-09-04T23:16:36.811991+09:00,종로·청계 관광특구,종로·청계 관광특구,POI006,KEY_3,1000003802,청계천로,1000007001,동아일보사,126.9784814758997982_37.5693140408546356,1010034302,무교동사거리,126.9792084451945726_37.5692755952973627,64.0,8.0,정체,126.9792084451945726_37.5692755952973627|126.9784814758997982_37.5693140408546356
2026-09-04T23:16:36.811991+09:00,종로·청계 관광특구,종로·청계 관광특구,POI006,KEY_3,1000003900,삼일대로,1000151000,관철동 268,126.9876175548289154_37.5696044234772373,1000008503,종로2가교차로,126.9876172549084856_37.5701493398525912,60.0,18.5,서행,126.9876172549084856_37.5701493398525912|126.9876175548289154_37.5696044234772373
2026-09-04T23:16:36.811991+09:00,종로·청계 관광특구,종로·청계 관광특구,POI006,KEY_3,1000004000,삼일대로,1000151100,종로2가 84-11,126.9877533452622771_37.5696044693991666,1010032701,청계2가,126.9877539783027771_37.5682760807968279,147.0,15.0,서행,126.9877539783027771_37.5682760807968279|126.9877537065576405_37.5688463253598712|126.9877535398068744_37.5691962384911236|126.9877533452622771_37.5696044693991666
2026-09-04T23:16:36.811991+09:00,종로·청계 관광특구,종로·청계 관광특구,POI006,KEY_3,1000004300,청계천로,1010034001,청계4가사거리,126.9979899258223242_37.5690487214556867,1010035002,청계5가,127.0019528507516640_37.5697976426441400,360.0,15.0,서행,127.0019528507516640_37.5697976426441400|127.0017358863905201_37.5697659409256488|127.0000347507350966_37.5694727355165128|126.9982497711816194_37.5691151390471632|126.9979899258223242_37.5690487214556867
2026-09-04T23:16:36.811991+09:00,종로·청계 관광특구,종로·청계 관광특구,POI006,KEY_3,1000004601,충무로,1000001601,청계3가사거리,126.9924197004040280_37.5685221720677589,1010032601,청계3가사거리,126.9924532079404145_37.5682271426007404,33.0,10.0,정체,126.9924532079404145_37.5682271426007404|126.9924197004040280_37.5685221720677589
2026-09-04T23:16:36.811991+09:00,종로·청계 관광특구,종로·청계 관광특구,POI006,KEY_3,1000004602,돈화문로,1000009802,종로3가사거리,126.9922128288669825_37.5703701868235100,1000001601,청계3가사거리,126.9924197004040280_37.5685221720677589,206.0,18.0,서행,126.9924197004040280_37.5685221720677589|126.9923429257738547_37.5692728725519558|126.9923404394218522_37.5692938442209439|126.9922128288669825_37.5703701868235100
2026-09-04T23:16:36.811991+09:00,종로·청계 관광특구,종로·청계 관광특구,POI006,KEY_3,1000004701,우정국로,1010033702,광교사거리,126.9827120922386285_37.5690419071249693,1000007200,종로1가,126.9827935302844111_37.5696197701673924,65.0,18.0,서행,126.9827935302844111_37.5696197701673924|126.9827458886658889_37.5693654356143227|126.9827120922386285_37.5690419071249693
2026-09-04T23:16:36.811991+09:00,종로·청계 관광특구,종로·청계 관광특구,POI006,KEY_3,1000004702,우정국로,1000007200,종로1가,126.9827935302844111_37.5696197701673924,1000008703,종로1가사거리,126.9828971865418197_37.5701731264087542,62.0,31.0,원활,126.9828971865418197_37.5701731264087542|126.9827935302844111_37.5696197701673924
2026-09-04T23:16:36.811991+09:00,종로·청계 관광특구,종로·청계 관광특구,POI006,KEY_3,1000004801,우정국로,1000007100,종로1가,126.9829278791696936_37.5696038258341787,1010033701,광교사거리,126.9828472617604831_37.5690310653232729,64.0,23.3,서행,126.9828472617604831_37.5690310653232729|126.9828808883077329_37.5693529710736058|126.9829278791696936_37.5696038258341787
2026-09-04T23:16:36.811991+09:00,종로·청계 관광특구,종로·청계 관광특구,POI006,KEY_3,1000004802,우정국로,1000008702,종로1가사거리,126.9830343185050481_37.5701720336345346,1000007100,종로1가,126.9829278791696936_37.5696038258341787,64.0,21.0,서행,126.9829278791696936_37.5696038258341787|126.9830343185050481_37.5701720336345346
2026-09-04T23:16:36.811991+09:00,종로·청계 관광특구,종로·청계 관광특구,POI006,KEY_3,1000005000,무교로,1000008607,종로구청입구교차로,126.9793805233784241_37.5701494116837509,1010034301,무교동사거리,126.9793440155466442_37.5692674718774171,98.0,18.0,서행,126.9793440155466442_37.5692674718774171|126.9793805233784241_37.5701494116837509
2026-09-04T23:16:36.811991+09:00,종로·청계 관광특구,종로·청계 관광특구,POI006,KEY_3,1000005301,청계천로,1010035001,청계5가,127.0020881246934152_37.5698075774404145,1000031402,버들다리(북측),127.0066778573984863_37.5698145407186601,405.0,16.0,서행,127.0066778573984863_37.5698145407186601|127.0020881246934152_37.5698075774404145
2026-09-04T23:16:36.811991+09:00,종로·청계 관광특구,종로·청계 관광특구,POI006,KEY_3,1000005302,청계천로,1000031401,버들다리(북측),127.0068104529230624_37.5697993350473567,1010035102,청계6가사거리,127.0096210652811237_37.5699440857354006,249.0,15.0,서행,127.0096210652811237_37.5699440857354006|127.0093543827214120_37.5699514872757661|127.0068104529230624_37.5697993350473567
2026-09-04T23:16:36.811991+09:00,종로·청계 관광특구,종로·청계 관광특구,POI006,KEY_3,1000005501,창경궁로,1010034002,청계4가사거리,126.9978567741960518_37.5690141197168899,1000009200,종로4가,126.9977510820364870_37.5702192149541574,134.0,13.0,정체,126.9977510820364870_37.5702192149541574|126.9977619635523922_37.5701052996103186|126.9977928254472488_37.5697501122231543|126.9978567741960518_37.5690141197168899
2026-09-04T23:16:36.811991+09:00,종로·청계 관광특구,종로·청계 관광특구,POI006,KEY_3,1000005502,창경궁로,1000009200,종로4가,126.9977510820364870_37.5702192149541574,1000011003,종로4가사거리,126.9977066575793003_37.5706842868909874,52.0,34.0,원활,126.9977066575793003_37.5706842868909874|126.9977510820364870_37.5702192149541574
2026-09-04T23:16:36.811991+09:00,종로·청계 관광특구,종로·청계 관광특구,POI006,KEY_3,1000005700,청계천로,1000256400,최소노드배치점,127.0127816976351198_37.5699685404101658,1010035202,청계7가사거리,127.0158040936899226_37.5700110354399825,267.0,14.0,정체,127.0158040936899226_37.5700110354399825|127.0155094115753371_37.5699917344054910|127.0127816976351198_37.5699685404101658
2026-09-04T23:16:36.811991+09:00,종로·청계 관광특구,종로·청계 관광특구,POI006,KEY_3,1000005900,동호로,1000080900,종로5가 194-1,127.0019049283621939_37.5704023856927236,1000011203,종로5가사거리,127.0018619903622010_37.5709442212742246,60.0,13.0,정체,127.0018619903622010_37.5709442212742246|127.0019049283621939_37.5704023856927236
2026-09-04T23:16:36.811991+09:00,종로·청계 관광특구,종로·청계 관광특구,POI006,KEY_3,1000006000,동호로,1000081000,종로5가 194-1,127.0020404728760326_37.5704091886523841,1010035001,청계5가,127.0020881246934152_37.5698075774404145,67.0,25.0,원활,127.0020881246934152_37.5698075774404145|127.0020404728760326_37.5704091886523841
2026-09-04T23:16:36.811991+09:00,종로·청계 관광특구,종로·청계 관광특구,POI006,KEY_3,1000006101,율곡로,1010035102,청계6가사거리,127.0096210652811237_37.5699440857354006,1000009900,흥인지문,127.0093873462230221_37.5706631809010148,83.0,7.0,정체,127.0093873462230221_37.5706631809010148|127.0094292652047443_37.5705741772424844|127.0094975291804218_37.5704036160553798|127.0095564087739035_37.5702141995526446|127.0096210652811237_37.5699440857354006
2026-09-04T23:16:36.811991+09:00,종로·청계 관광특구,종로·청계 관광특구,POI006,KEY_3,1000006102,율곡로,1000009900,흥인지문,127.0093873462230221_37.5706631809010148,1000011703,흥인지문사거리,127.0090256024343631_37.5712778950010033,75.0,37.0,원활,127.0090256024343631_37.5712778950010033|127.0091075737013711_37.5711579258072774|127.0092355138361029_37.5709579814170240|127.0093370098156385_37.5707700537480775|127.0093873462230221_37.5706631809010148
2026-09-04T23:16:36.811991+09:00,종로·청계 관광특구,종로·청계 관광특구,POI006,KEY_3,1000006200,율곡로,1000011702,흥인지문사거리,127.0091495968440398_37.5713227254486739,1010035101,청계6가사거리,127.0097583244985060_37.5699427587399839,163.0,17.0,서행,127.0097583244985060_37.5699427587399839|127.0096891857815962_37.5702372118649492|127.0096283139498468_37.5704330409796157|127.0095576557767316_37.5706095859452489|127.0095145373694692_37.5707011341562094|127.0094630728513749_37.5708104028937200|127.0093585611355422_37.5710039143764831|127.0092277816811901_37.5712082974230555|127.0091495968440398_37.5713227254486739
2026-09-04T23:16:36.811991+09:00,종로·청계 관광특구,종로·청계 관광특구,POI006,KEY_3,1000006702,종로3길,1000008609,종로구청입구교차로,126.9792481536049564_37.5702564438606927,1000008604,KT광화문빌딩East,126.9792392182412755_37.5711995824609417,105.0,9.0,정체,126.9792392182412755_37.5711995824609417|126.9792562098357678_37.5705013662105856|126.9792481536049564_37.5702564438606927
2026-09-04T23:16:36.811991+09:00,종로·청계 관광특구,종로·청계 관광특구,POI006,KEY_3,1000006801,종로3길,1000008603,KT광화문빌딩East,126.9793750304311573_37.5712016763059680,1000008606,종로구청입구교차로,126.9793844377634713_37.5702575676490582,105.0,18.0,서행,126.9793844377634713_37.5702575676490582|126.9793920781041692_37.5705010629446505|126.9793750304311573_37.5712016763059680
2026-09-04T23:16:36.811991+09:00,종로·청계 관광특구,종로·청계 관광특구,POI006,KEY_3,1000007100,돈화문로,1000145800,묘동 20-5,126.9916684242814142_37.5719817889873724,1000013303,묘동사거리,126.9914801613035706_37.5725495704926047,65.0,8.0,정체,126.9914801613035706_37.5725495704926047|126.9916684242814142_37.5719817889873724
2026-09-04T23:16:36.811991+09:00,종로·청계 관광특구,종로·청계 관광특구,POI006,KEY_3,1000007200,돈화문로,1000059400,묘동 20-5,126.9921535095209890_37.5708464956724839,1000009801,종로3가사거리,126.9922000608216308_37.5704778715046643,41.0,10.0,정체,126.9922000608216308_37.5704778715046643|126.9921602362403092_37.5708137185849509|126.9921535095209890_37.5708464956724839
2026-09-04T23:16:36.811991+09:00,종로·청계 관광특구,종로·청계 관광특구,POI006,KEY_3,1000022600,수표로,1000108100,관수동 14-2,126.9894314284546084_37.5692594329428573,1000009403,육의전박물관,126.9893641825799904_37.5702291213036688,108.0,9.0,정체,126.9893641825799904_37.5702291213036688|126.9894314284546084_37.5692594329428573
2026-09-04T23:16:36.811991+09:00,종로·청계 관광특구,종로·청계 관광특구,POI006,KEY_3,1000022700,수표로,1000108200,관수동 137-1,126.9895670546993642_37.5692653917909638,1000006601,관수동 91-4,126.9896326598155412_37.5683193140372680,105.0,13.0,정체,126.9896326598155412_37.5683193140372680|126.9895670546993642_37.5692653917909638
2026-09-04T23:16:36.811991+09:00,종로·청계 관광특구,종로·청계 관광특구,POI006,KEY_3,1000023500,종로,1000007002,동아일보사,126.9783460265061024_37.5693222473721278,1000008803,광화문우체국,126.9784351192109852_37.5701413844145975,91.0,35.0,원활,126.9784351192109852_37.5701413844145975|126.9783460265061024_37.5693222473721278
2026-09-04T23:16:36.811991+09:00,종로·청계 관광특구,종로·청계 관광특구,POI006,KEY_3,1000023600,종로,1000007200,종로1가,126.9827935302844111_37.5696197701673924,1000007700,종로1가,126.9822109960776402_37.5701758601934444,90.0,18.0,서행,126.9822109960776402_37.5701758601934444|126.9823538247533747_37.5701681727122576|126.9825335459648414_37.5700690295792086|126.9826437791460876_37.5699908547526107|126.9827324536877029_37.5698897904859521|126.9827899849345840_37.5697677437382040|126.9827935302844111_37.5696197701673924
2026-09-04T23:16:36.811991+09:00,종로·청계 관광특구,종로·청계 관광특구,POI006,KEY_3,1000023700,종로,1000007800,종로1가,126.9837094850009294_37.5701682846705296,1000007100,종로1가,126.9829278791696936_37.5696038258341787,103.0,10.0,정체,126.9829278791696936_37.5696038258341787|126.9830032097695494_37.5698402452960423|126.9830990215400703_37.5699604067910897|126.9831924475550267_37.5700347972999680|126.9833242130892046_37.5700939366007987|126.9834847309357855_37.5701511723724835|126.9837094850009294_37.5701682846705296
2026-09-04T23:16:36.811991+09:00,종로·청계 관광특구,종로·청계 관광특구,POI006,KEY_3,1000023900,종로,1000008000,동아일보사,126.9777588281918099_37.5701340596360964,1000007400,청계천광장,126.9770893091757529_37.5695834801641908,91.0,10.0,정체,126.9770893091757529_37.5695834801641908|126.9770963075021939_37.5696479702720865|126.9772094321437663_37.5697743360528662|126.9773459521211265_37.5699388507560457|126.9774735034476549_37.5700533015790512|126.9775723207871607_37.5701062430602590|126.9777588281918099_37.5701340596360964
2026-09-04T23:16:36.811991+09:00,종로·청계 관광특구,종로·청계 관광특구,POI006,KEY_3,1000024200,종로40길,1000056800,종로6가 94-1,127.0066606069363075_37.5704117265212076,1000011403,종로6가,127.0066422217709032_37.5710481835517882,71.0,6.0,정체,127.0066422217709032_37.5710481835517882|127.0066606069363075_37.5704117265212076
2026-09-04T23:16:36.811991+09:00,종로·청계 관광특구,종로·청계 관광특구,POI006,KEY_3,1000024600,종로,1000009200,종로4가,126.9977510820364870_37.5702192149541574,1000010400,종로4가,126.9969798514767092_37.5706375452027856,82.0,11.0,정체,126.9969798514767092_37.5706375452027856|126.9977510820364870_37.5702192149541574
2026-09-04T23:16:36.811991+09:00,종로·청계 관광특구,종로·청계 관광특구,POI006,KEY_3,1000025300,종로,1000009900,흥인지문,127.0093873462230221_37.5706631809010148,1000011300,동대문역10번출구,127.0080672314708750_37.5710785300975587,130.0,29.0,원활,127.0080672314708750_37.5710785300975587|127.0085333891818209_37.5710486383400308|127.0087654958763324_37.5709979628760777|127.0089601650943791_37.5709413315209986|127.0091211384305581_37.5708727822850008|127.0093873462230221_37.5706631809010148
2026-09-04T23:16:36.811991+09:00,종로·청계 관광특구,종로·청계 관광특구,POI006,KEY_3,1000028300,서순라길,1000179700,묘동 164-2,126.9918986546224602_37.5725528238137017,1000013302,묘동사거리,126.9916200024151749_37.5725515277908357,25.0,12.0,정체,126.9916200024151749_37.5725515277908357|126.9918986546224602_37.5725528238137017
2026-09-04T23:16:36.811991+09:00,종로·청계 관광특구,종로·청계 관광특구,POI006,KEY_3,1000044900,종로,1000031300,종로4가,126.9985532581453924_37.5707449132439208,1000031200,종로4가,126.9978863472252044_37.5702292896807890,82.0,9.0,정체,126.9978863472252044_37.5702292896807890|126.9985532581453924_37.5707449132439208
2026-09-04T23:16:36.811991+09:00,종로·청계 관광특구,종로·청계 관광특구,POI006,KEY_3,1000047200,지봉로,1000074500,창신동 397-6,127.0157169552058747_37.5712846872494310,1000014103,동묘앞역사거리,127.0155780893531698_37.5729481588667227,185.0,22.5,서행,127.0155780893531698_37.5729481588667227|127.0156159971831329_37.5727174560925832|127.0156606543816764_37.5720471206749451|127.0156947959210640_37.5715847731665988|127.0157169552058747_37.5712846872494310
2026-09-04T23:16:36.811991+09:00,종로·청계 관광특구,종로·청계 관광특구,POI006,KEY_3,1010016504,삼일대로,1010032102,청계2가교차로,126.9875991297301567_37.5679809831949356,1010032702,청계2가,126.9876182832415594_37.5682809508841231,33.0,16.0,서행,126.9876182832415594_37.5682809508841231|126.9875991297301567_37.5679809831949356
2026-09-04T23:16:36.811991+09:00,종로·청계 관광특구,종로·청계 관광특구,POI006,KEY_3,1010016603,삼일대로,1010032701,청계2가,126.9877539783027771_37.5682760807968279,1010032101,청계2가교차로,126.9877349955711310_37.5679787776906622,33.0,15.0,서행,126.9877349955711310_37.5679787776906622|126.9877539783027771_37.5682760807968279
2026-09-04T23:16:36.811991+09:00,종로·청계 관광특구,종로·청계 관광특구,POI006,KEY_3,1010016903,우정국로,1010033402,광교교차로,126.9826972926992426_37.5687326607183465,1010033702,광교사거리,126.9827120922386285_37.5690419071249693,34.0,10.0,정체,126.9827120922386285_37.5690419071249693|126.9826972926992426_37.5687326607183465
2026-09-04T23:16:36.811991+09:00,종로·청계 관광특구,종로·청계 관광특구,POI006,KEY_3,1010017003,우정국로,1010033701,광교사거리,126.9828472617604831_37.5690310653232729,1010033401,광교교차로,126.9828323504512895_37.5687142869809634,35.0,30.0,원활,126.9828323504512895_37.5687142869809634|126.9828472617604831_37.5690310653232729
2026-09-04T23:16:36.811991+09:00,종로·청계 관광특구,종로·청계 관광특구,POI006,KEY_3,1010017103,창경궁로,1010033502,청계4가사거리,126.9978802454382389_37.5687215808426274,1010034002,청계4가사거리,126.9978567741960518_37.5690141197168899,33.0,18.0,서행,126.9978567741960518_37.5690141197168899|126.9978802454382389_37.5687215808426274
2026-09-04T23:16:36.811991+09:00,종로·청계 관광특구,종로·청계 관광특구,POI006,KEY_3,1010017305,율곡로,1010034702,청계6가사거리,127.0096736759349909_37.5696339498216076,1010035102,청계6가사거리,127.0096210652811237_37.5699440857354006,35.0,25.0,원활,127.0096210652811237_37.5699440857354006|127.0096736759349909_37.5696339498216076
2026-09-04T23:16:36.811991+09:00,종로·청계 관광특구,종로·청계 관광특구,POI006,KEY_3,1010017406,율곡로,1010035101,청계6가사거리,127.0097583244985060_37.5699427587399839,1010034701,청계6가사거리,127.0098099727011487_37.5696292980751281,35.0,36.0,원활,127.0098099727011487_37.5696292980751281|127.0097583244985060_37.5699427587399839
2026-09-04T23:16:36.811991+09:00,종로·청계 관광특구,종로·청계 관광특구,POI006,KEY_3,1010017602,무교로,1010034301,무교동사거리,126.9793440155466442_37.5692674718774171,1010034101,무교동사거리,126.9793610650683036_37.5689718470786644,33.0,8.0,정체,126.9793610650683036_37.5689718470786644|126.9793440155466442_37.5692674718774171
2026-09-04T23:16:36.811991+09:00,종로·청계 관광특구,종로·청계 관광특구,POI006,KEY_3,1010018304,동호로,1010034602,청계5가교차로,127.0019837396539657_37.5694814402428676,1010035002,청계5가,127.0019528507516640_37.5697976426441400,35.0,15.0,서행,127.0019528507516640_37.5697976426441400|127.0019837396539657_37.5694814402428676
2026-09-04T23:16:36.811991+09:00,종로·청계 관광특구,종로·청계 관광특구,POI006,KEY_3,1010018404,동호로,1010035001,청계5가,127.0020881246934152_37.5698075774404145,1010034601,청계5가교차로,127.0021191180861280_37.5694902995239062,35.0,28.0,원활,127.0021191180861280_37.5694902995239062|127.0020881246934152_37.5698075774404145
2026-09-04T23:16:36.811991+09:00,홍대 관광특구,홍대 관광특구,POI007,KEY_4,1120004701,연희로,1130001804,동교동삼거리,126.9268950567400083_37.5587611086849407,1130032500,동교동삼거리,126.9265306057119460_37.5594558524399389,84.0,9.0,정체,126.9265306057119460_37.5594558524399389|126.9265681925086255_37.5592771793147833|126.9266988610016114_37.5590497894311639|126.9268950567400083_37.5587611086849407
2026-09-04T23:16:36.811991+09:00,홍대 관광특구,홍대 관광특구,POI007,KEY_4,1130001505,양화로,1130052000,합정역8번출구,126.9125610162048474_37.5489924297706352,1130021604,합정역교차로,126.9133271355590011_37.5492481379057494,74.0,31.0,원활,126.9133271355590011_37.5492481379057494|126.9131511937065824_37.5491581588815038|126.9128784491420845_37.5490701385518264|126.9125610162048474_37.5489924297706352
2026-09-04T23:16:36.811991+09:00,홍대 관광특구,홍대 관광특구,POI007,KEY_4,1130001606,양화로,1130021603,합정역교차로,126.9133979744090510_37.5491558635704337,1130021800,합정역8번출구,126.9126009251802998_37.5488890850710817,77.0,13.0,정체,126.9126009251802998_37.5488890850710817|126.9129239950553085_37.5489681728266333|126.9132139348755288_37.5490617432278029|126.9133979744090510_37.5491558635704337
2026-09-04T23:16:36.811991+09:00,홍대 관광특구,홍대 관광특구,POI007,KEY_4,1130002101,양화로,1130021601,합정역교차로,126.9134396891751067_37.5493101529960995,1130022800,합정역(서울2호선),126.9139380043217500_37.5496171809286139,56.0,18.0,서행,126.9139380043217500_37.5496171809286139|126.9138232146117105_37.5495337692831868|126.9134396891751067_37.5493101529960995
2026-09-04T23:16:36.811991+09:00,홍대 관광특구,홍대 관광특구,POI007,KEY_4,1130002102,양화로,1130022800,합정역(서울2호선),126.9139380043217500_37.5496171809286139,1130024304,누아갤러리,126.9154925570157388_37.5507467776258252,186.0,14.0,정체,126.9154925570157388_37.5507467776258252|126.9142500058633658_37.5498438974214181|126.9139380043217500_37.5496171809286139
2026-09-04T23:16:36.811991+09:00,홍대 관광특구,홍대 관광특구,POI007,KEY_4,1130002103,양화로,1130061000,서교동 427,126.9167660297625986_37.5517097625194793,1130025604,서교동사거리,126.9181132815169946_37.5527298448976765,164.0,33.0,원활,126.9181132815169946_37.5527298448976765|126.9171655098772931_37.5520122365821649|126.9167660297625986_37.5517097625194793
2026-09-04T23:16:36.811991+09:00,홍대 관광특구,홍대 관광특구,POI007,KEY_4,1130002201,양화로,1130022400,합정역5번출구,126.9140295476794051_37.5495373218593258,1130021602,합정역교차로,126.9135099145764940_37.5492170875193594,58.0,20.0,서행,126.9135099145764940_37.5492170875193594|126.9139093521257280_37.5494499807109747|126.9140295476794051_37.5495373218593258
2026-09-04T23:16:36.811991+09:00,홍대 관광특구,홍대 관광특구,POI007,KEY_4,1130002202,양화로,1130073600,합정동 402,126.9143415490859326_37.5497640377180701,1130022400,합정역5번출구,126.9140295476794051_37.5495373218593258,37.0,15.0,서행,126.9140295476794051_37.5495373218593258|126.9143415490859326_37.5497640377180701
2026-09-04T23:16:36.811991+09:00,홍대 관광특구,홍대 관광특구,POI007,KEY_4,1130002501,양화로,1130025601,서교동사거리,126.9182122864217916_37.5528038522271572,1130025904,서교동 427,126.9197888664365763_37.5539674961994976,190.0,9.0,정체,126.9197888664365763_37.5539674961994976|126.9185449616588812_37.5530493983241485|126.9182122864217916_37.5528038522271572
2026-09-04T23:16:36.811991+09:00,홍대 관광특구,홍대 관광특구,POI007,KEY_4,1130002502,양화로,1130025901,서교동 427,126.9198881225875368_37.5540412931764607,1130027404,홍대입구역앞교차로,126.9214584654919236_37.5552173006732275,190.0,18.0,서행,126.9214584654919236_37.5552173006732275|126.9198881225875368_37.5540412931764607
2026-09-04T23:16:36.811991+09:00,홍대 관광특구,홍대 관광특구,POI007,KEY_4,1130003701,양화로,1130273800,동교동 155-55,126.9227158165769538_37.5561519142828715,1130030004,홍대입구역(서울2호선),126.9240038282710827_37.5571089892898087,156.0,14.0,정체,126.9240038282710827_37.5571089892898087|126.9227158165769538_37.5561519142828715
2026-09-04T23:16:36.811991+09:00,홍대 관광특구,홍대 관광특구,POI007,KEY_4,1130003702,양화로,1130030001,홍대입구역(서울2호선),126.9241024975835899_37.5571832879291989,1130031303,대성카센터,126.9247680509792247_37.5576912738708160,81.0,12.0,정체,126.9247680509792247_37.5576912738708160|126.9241024975835899_37.5571832879291989
2026-09-04T23:16:36.811991+09:00,홍대 관광특구,홍대 관광특구,POI007,KEY_4,1130003703,양화로,1130260400,동교동 155-54,126.9256281988244410_37.5583324442910680,1130032300,동교동삼거리,126.9260758648074869_37.5586455831952080,53.0,12.0,정체,126.9260758648074869_37.5586455831952080|126.9259516460622734_37.5585781495251254|126.9256756439668692_37.5583677527849815|126.9256281988244410_37.5583324442910680
2026-09-04T23:16:36.811991+09:00,홍대 관광특구,홍대 관광특구,POI007,KEY_4,1130003704,양화로,1130032300,동교동삼거리,126.9260758648074869_37.5586455831952080,1130001804,동교동삼거리,126.9268950567400083_37.5587611086849407,75.0,4.0,정체,126.9268950567400083_37.5587611086849407|126.9268455311802200_37.5587689621708094|126.9267020111609838_37.5587790282963496|126.9265461121104579_37.5587713324019461|126.9263918168373806_37.5587486717422934|126.9262198315530981_37.5587079879979058|126.9260758648074869_37.5586455831952080
2026-09-04T23:16:36.811991+09:00,홍대 관광특구,홍대 관광특구,POI007,KEY_4,1130012504,독막로,1130052100,합정역7번출구,126.9140173730645671_37.5487741682980598,1130021603,합정역교차로,126.9133979744090510_37.5491558635704337,71.0,22.0,서행,126.9133979744090510_37.5491558635704337|126.9135406193636584_37.5489949395947065|126.9136811129909290_37.5488909851792201|126.9137974866256258_37.5488341856604748|126.9139631942102255_37.5487857147723645|126.9140173730645671_37.5487741682980598
2026-09-04T23:16:36.811991+09:00,홍대 관광특구,홍대 관광특구,POI007,KEY_4,1130012601,독막로,1130021602,합정역교차로,126.9135099145764940_37.5492170875193594,1130021400,합정역6번출구,126.9140524865152884_37.5488786114665416,63.0,3.0,정체,126.9140524865152884_37.5488786114665416|126.9140042501253305_37.5488888909759595|126.9138569670299148_37.5489319720761685|126.9137636338956270_37.5489775269032293|126.9136434160954963_37.5490664775041694|126.9135099145764940_37.5492170875193594
2026-09-04T23:16:36.811991+09:00,홍대 관광특구,홍대 관광특구,POI007,KEY_4,1130012604,독막로,1130181200,상수동 309-18,126.9218696837411784_37.5478321154183874,1130004604,상수역앞교차로,126.9229254474764872_37.5478016570923359,93.0,30.0,원활,126.9229254474764872_37.5478016570923359|126.9218696837411784_37.5478321154183874
2026-09-04T23:16:36.811991+09:00,홍대 관광특구,홍대 관광특구,POI007,KEY_4,1130013100,와우산로,1130124200,서교동 406,126.9229920019003544_37.5501657824683832,1130005003,서교동 406,126.9230055961275383_37.5506651939424145,55.0,12.0,정체,126.9230055961275383_37.5506651939424145|126.9229920019003544_37.5501657824683832
2026-09-04T23:16:36.811991+09:00,홍대 관광특구,홍대 관광특구,POI007,KEY_4,1130013701,잔다리로,1130005003,서교동 406,126.9230055961275383_37.5506651939424145,1130024402,태성빌딩,126.9212984594291243_37.5507136993635982,151.0,11.0,정체,126.9212984594291243_37.5507136993635982|126.9217266238917006_37.5507015361146728|126.9221144105031556_37.5506905185719049|126.9230055961275383_37.5506651939424145
2026-09-04T23:16:36.811991+09:00,홍대 관광특구,홍대 관광특구,POI007,KEY_4,1130013702,잔다리로,1130190600,서교동 427,126.9189825850368720_37.5519723209559828,1130025603,서교동사거리,126.9182053202966358_37.5526503262188740,102.0,16.0,서행,126.9182053202966358_37.5526503262188740|126.9189825850368720_37.5519723209559828
2026-09-04T23:16:36.811991+09:00,홍대 관광특구,홍대 관광특구,POI007,KEY_4,1130013801,잔다리로,1130191400,서교동 406,126.9221192536904113_37.5507985694623727,1130005004,서교동 406,126.9230243233857180_37.5507728502407474,80.0,8.0,정체,126.9230243233857180_37.5507728502407474|126.9221192536904113_37.5507985694623727
2026-09-04T23:16:36.811991+09:00,홍대 관광특구,홍대 관광특구,POI007,KEY_4,1130013802,잔다리로,1130078500,서교동 427,126.9207065337273690_37.5508354595409060,1130024404,태성빌딩,126.9211838126956309_37.5508247851285262,42.0,7.0,정체,126.9211838126956309_37.5508247851285262|126.9207065337273690_37.5508354595409060
2026-09-04T23:16:36.811991+09:00,홍대 관광특구,홍대 관광특구,POI007,KEY_4,1130014101,월드컵로,1130021604,합정역교차로,126.9133271355590011_37.5492481379057494,1130022900,합정역9번출구,126.9130418149968449_37.5497885897765329,65.0,8.0,정체,126.9130418149968449_37.5497885897765329|126.9130982247336163_37.5496351327381603|126.9132269055929783_37.5494015408536583|126.9133271355590011_37.5492481379057494
2026-09-04T23:16:36.811991+09:00,홍대 관광특구,홍대 관광특구,POI007,KEY_4,1130014102,월드컵로,1130135600,합정동 402,126.9128188401226964_37.5505027227293695,1130025203,합정동주민센터,126.9124127492584506_37.5518459734548173,153.0,21.0,서행,126.9124127492584506_37.5518459734548173|126.9128188401226964_37.5505027227293695
2026-09-04T23:16:36.811991+09:00,홍대 관광특구,홍대 관광특구,POI007,KEY_4,1130014103,월드컵로,1130076100,합정동 426-38,126.9121437730441926_37.5527273387387908,1130026004,성산초교앞교차로,126.9116840665830637_37.5541751613641424,166.0,20.0,서행,126.9116840665830637_37.5541751613641424|126.9117399457097122_37.5540497782302225|126.9121437730441926_37.5527273387387908
2026-09-04T23:16:36.811991+09:00,홍대 관광특구,홍대 관광특구,POI007,KEY_4,1130014201,월드컵로,1130023000,합정역9번출구,126.9131721455813278_37.5498189592265703,1130021601,합정역교차로,126.9134396891751067_37.5493101529960995,61.0,12.0,정체,126.9134396891751067_37.5493101529960995|126.9133494569869924_37.5494482548088371|126.9132260984452927_37.5496721848271662|126.9131721455813278_37.5498189592265703
2026-09-04T23:16:36.811991+09:00,홍대 관광특구,홍대 관광특구,POI007,KEY_4,1130014202,월드컵로,1130025202,합정동주민센터,126.9125490838489583_37.5518570392708213,1130023000,합정역9번출구,126.9131721455813278_37.5498189592265703,233.0,22.0,서행,126.9131721455813278_37.5498189592265703|126.9131331753272036_37.5499249762533154|126.9129508683919170_37.5505280238880061|126.9125490838489583_37.5518570392708213
2026-09-04T23:16:36.811991+09:00,홍대 관광특구,홍대 관광특구,POI007,KEY_4,1130014203,월드컵로,1130076000,서교동 419-2,126.9122757323099222_37.5527528799291730,1130025201,합정동주민센터,126.9125164449968679_37.5519645743570578,90.0,17.0,서행,126.9125164449968679_37.5519645743570578|126.9124004277404225_37.5523445193010375|126.9122757323099222_37.5527528799291730
2026-09-04T23:16:36.811991+09:00,홍대 관광특구,홍대 관광특구,POI007,KEY_4,1130014501,와우산로,1130065900,서교동 406,126.9239983822778584_37.5526642779511519,1130005305,홍익대앞교차로,126.9241709727699146_37.5528566898356004,26.0,10.0,정체,126.9241709727699146_37.5528566898356004|126.9239983822778584_37.5526642779511519
2026-09-04T23:16:36.811991+09:00,홍대 관광특구,홍대 관광특구,POI007,KEY_4,1130014601,와우산로,1130162700,서교동 406,126.9235886681274508_37.5519414149815205,1130005001,서교동 406,126.9231548424966718_37.5507429936340600,138.0,10.0,정체,126.9231548424966718_37.5507429936340600|126.9232862425119350_37.5511071096942004|126.9235840742390167_37.5519324027044945|126.9235886681274508_37.5519414149815205
2026-09-04T23:16:36.811991+09:00,홍대 관광특구,홍대 관광특구,POI007,KEY_4,1130015300,와우산로,1130068000,서교동 349,126.9297333719006673_37.5544875636568065,1130026604,서교동 349,126.9300858883580219_37.5547938010427984,46.0,15.0,서행,126.9300858883580219_37.5547938010427984|126.9299834944231549_37.5546849402940452|126.9298766861657981_37.5545928751440101|126.9297661535598110_37.5545093833760149|126.9297333719006673_37.5544875636568065
2026-09-04T23:16:36.811991+09:00,홍대 관광특구,홍대 관광특구,POI007,KEY_4,1130015701,잔다리로,1130168500,서교동 427,126.9177057214150892_37.5530785078530158,1130025803,경북신문서울지사,126.9168794495548838_37.5537853595123963,107.0,14.0,정체,126.9168794495548838_37.5537853595123963|126.9177057214150892_37.5530785078530158
2026-09-04T23:16:36.811991+09:00,홍대 관광특구,홍대 관광특구,POI007,KEY_4,1130015702,잔다리로,1130025804,경북신문서울지사,126.9167794658698938_37.5538677598341195,1130027103,마포신문사,126.9157323354683768_37.5548803576989911,146.0,24.0,서행,126.9157323354683768_37.5548803576989911|126.9160958931614829_37.5544314008575242|126.9162129074296530_37.5543260095726907|126.9167794658698938_37.5538677598341195
2026-09-04T23:16:36.811991+09:00,홍대 관광특구,홍대 관광특구,POI007,KEY_4,1130015801,잔다리로,1130168600,서교동 427,126.9178051349914114_37.5531521659568099,1130025601,서교동사거리,126.9182122864217916_37.5528038522271572,53.0,18.0,서행,126.9182122864217916_37.5528038522271572|126.9178051349914114_37.5531521659568099
2026-09-04T23:16:36.811991+09:00,홍대 관광특구,홍대 관광특구,POI007,KEY_4,1130015802,잔다리로,1130027102,마포신문사,126.9158737035807434_37.5549053205329528,1130025801,경북신문서울지사,126.9169099970482506_37.5539163098363460,144.0,15.0,서행,126.9169099970482506_37.5539163098363460|126.9163122473365917_37.5543997888327326|126.9162044591175942_37.5544968696544146|126.9158737035807434_37.5549053205329528
2026-09-04T23:16:36.811991+09:00,홍대 관광특구,홍대 관광특구,POI007,KEY_4,1130015901,홍익로,1130154700,서교동 427,126.9220359643673390_37.5546826076917313,1130027403,홍대입구역앞교차로,126.9215460181029016_37.5551344303407504,66.0,7.0,정체,126.9215460181029016_37.5551344303407504|126.9217237952683917_37.5549495724854268|126.9220359643673390_37.5546826076917313
2026-09-04T23:16:36.811991+09:00,홍대 관광특구,홍대 관광특구,POI007,KEY_4,1130015902,홍익로,1130109300,서교동 406,126.9231648679629956_37.5537171543489379,1130005308,서교푸르지오아파트,126.9225993071129750_37.5542008340247122,73.0,9.0,정체,126.9225993071129750_37.5542008340247122|126.9228527697001851_37.5539840685397763|126.9231648679629956_37.5537171543489379
2026-09-04T23:16:36.811991+09:00,홍대 관광특구,홍대 관광특구,POI007,KEY_4,1130016001,홍익로,1130091300,서교동 349,126.9229521707389097_37.5540577381318670,1130005302,홍익대앞교차로,126.9242716262433675_37.5529292870087730,171.0,11.5,정체,126.9242716262433675_37.5529292870087730|126.9241239492523050_37.5530555887153952|126.9240033040959332_37.5531587708137664|126.9232642689553643_37.5537908236815881|126.9229521707389097_37.5540577381318670
2026-09-04T23:16:36.811991+09:00,홍대 관광특구,홍대 관광특구,POI007,KEY_4,1130016002,홍익로,1130119400,동교동 155-55,126.9224863431878845_37.5544561207342085,1130005306,속성변화점,126.9226010481489340_37.5543580239452197,15.0,12.0,정체,126.9226010481489340_37.5543580239452197|126.9224863431878845_37.5544561207342085
2026-09-04T23:16:36.811991+09:00,홍대 관광특구,홍대 관광특구,POI007,KEY_4,1130016601,동교로,1130112700,서교동 480-4,126.9128544885335685_37.5543811077444118,1130026003,성산초교앞교차로,126.9118165724208609_37.5542011783164611,94.0,29.0,원활,126.9118165724208609_37.5542011783164611|126.9128544885335685_37.5543811077444118
2026-09-04T23:16:36.811991+09:00,홍대 관광특구,홍대 관광특구,POI007,KEY_4,1130016602,동교로,1130027103,마포신문사,126.9157323354683768_37.5548803576989911,1130026802,서교동주민센터,126.9151918884149666_37.5547863283070740,49.0,5.0,정체,126.9151918884149666_37.5547863283070740|126.9157323354683768_37.5548803576989911
2026-09-04T23:16:36.811991+09:00,홍대 관광특구,홍대 관광특구,POI007,KEY_4,1130016801,동교로,1130082800,서교동 461-6,126.9164678276881233_37.5550109832930517,1130027102,마포신문사,126.9158737035807434_37.5549053205329528,54.0,26.0,원활,126.9158737035807434_37.5549053205329528|126.9164678276881233_37.5550109832930517
2026-09-04T23:16:36.811991+09:00,홍대 관광특구,홍대 관광특구,POI007,KEY_4,1130016802,동교로,1130241800,서교동 461-6,126.9185671453848556_37.5553757191433064,1130027702,서교동 461-6,126.9179996526103480_37.5552825577389129,51.0,26.0,원활,126.9179996526103480_37.5552825577389129|126.9185671453848556_37.5553757191433064
2026-09-04T23:16:36.811991+09:00,홍대 관광특구,홍대 관광특구,POI007,KEY_4,1130016900,월드컵북로,1130267400,서교동 427,126.9210494203991146_37.5555664569088208,1130028603,롯데호텔L7(홍대),126.9205661479972775_37.5559789666732442,63.0,11.0,정체,126.9205661479972775_37.5559789666732442|126.9210494203991146_37.5555664569088208
2026-09-04T23:16:36.811991+09:00,홍대 관광특구,홍대 관광특구,POI007,KEY_4,1130017000,월드컵북로,1130267500,동교동 155-55,126.9211487362349544_37.5556402014086004,1130027401,홍대입구역앞교차로,126.9215575669487777_37.5552912277757187,53.0,10.0,정체,126.9215575669487777_37.5552912277757187|126.9211487362349544_37.5556402014086004
2026-09-04T23:16:36.811991+09:00,홍대 관광특구,홍대 관광특구,POI007,KEY_4,1130017300,와우산로,1130279000,동교동 191-3,126.9313970925375656_37.5566259879880349,1130029803,창천동삼거리,126.9316137471090968_37.5569253206561484,38.0,15.0,서행,126.9316137471090968_37.5569253206561484|126.9313970925375656_37.5566259879880349
2026-09-04T23:16:36.811991+09:00,홍대 관광특구,홍대 관광특구,POI007,KEY_4,1130017600,월드컵로,1130269900,서교동 475-24,126.9110403993826708_37.5551324974902272,1130026001,성산초교앞교차로,126.9117481199565418_37.5543318244504860,109.0,17.3,서행,126.9117481199565418_37.5543318244504860|126.9117217336388137_37.5543764564183462|126.9115952004829921_37.5545358301992565|126.9110403993826708_37.5551324974902272
2026-09-04T23:16:36.811991+09:00,홍대 관광특구,홍대 관광특구,POI007,KEY_4,1130018301,동교로,1130234800,동교동 201-12,126.9223714576705504_37.5573415856685884,1130031703,우성빌딩,126.9229594770721690_37.5579740539319573,88.0,7.0,정체,126.9229594770721690_37.5579740539319573|126.9225761142016040_37.5575121455362435|126.9224853349252271_37.5574284446085400|126.9223714576705504_37.5573415856685884
2026-09-04T23:16:36.811991+09:00,홍대 관광특구,홍대 관광특구,POI007,KEY_4,1130018302,동교로,1130031704,우성빌딩,126.9230362835969004_37.5580664636773349,1130032103,동교동 151-3,126.9232918768675518_37.5583894534776732,42.0,14.0,정체,126.9232918768675518_37.5583894534776732|126.9231947644524467_37.5582569650777955|126.9230362835969004_37.5580664636773349
2026-09-04T23:16:36.811991+09:00,홍대 관광특구,홍대 관광특구,POI007,KEY_4,1130018303,동교로,1130267000,동교동 151-3,126.9235602086829147_37.5590265329813064,1130006103,동서빌라,126.9237720218529262_37.5599217838101325,101.0,13.0,정체,126.9237720218529262_37.5599217838101325|126.9237420189898273_37.5597891978450278|126.9236012045125506_37.5591669167257010|126.9235602086829147_37.5590265329813064
2026-09-04T23:16:36.811991+09:00,홍대 관광특구,홍대 관광특구,POI007,KEY_4,1130018401,동교로,1130236400,동교동 193-1,126.9218939397593573_37.5568917656500219,1130028602,롯데호텔L7(홍대),126.9207044539840865_37.5560194307797488,153.0,15.0,서행,126.9207044539840865_37.5560194307797488|126.9213020185727601_37.5561898308273214|126.9213990027508032_37.5562174862381255|126.9214983639262613_37.5562825737130197|126.9215763902692657_37.5563664435403197|126.9217678851206443_37.5567011225728038|126.9218286112969025_37.5568118746297515|126.9218939397593573_37.5568917656500219
2026-09-04T23:16:36.811991+09:00,홍대 관광특구,홍대 관광특구,POI007,KEY_4,1130018402,동교로,1130032102,동교동 192-4,126.9234091793915979_37.5583349617897966,1130031701,우성빌딩,126.9231327245934153_37.5579865800830248,46.0,12.0,정체,126.9231327245934153_37.5579865800830248|126.9233101249413238_37.5581998231503391|126.9234091793915979_37.5583349617897966
2026-09-04T23:16:36.811991+09:00,홍대 관광특구,홍대 관광특구,POI007,KEY_4,1130018403,동교로,1130267100,동교동 193-1,126.9236924952947447_37.5590020505672726,1130032101,동교동 192-4,126.9234766820471947_37.5584553758656909,64.0,22.0,서행,126.9234766820471947_37.5584553758656909|126.9235707625761904_37.5586374586260803|126.9236499224741550_37.5588562655902223|126.9236924952947447_37.5590020505672726
2026-09-04T23:16:36.811991+09:00,홍대 관광특구,홍대 관광특구,POI007,KEY_4,1130018601,월드컵북로,1130260800,동교동 205-15,126.9201047852547219_37.5565208181069323,1130028601,롯데호텔L7(홍대),126.9206030650937720_37.5561053644053331,64.0,10.0,정체,126.9206030650937720_37.5561053644053331|126.9201047852547219_37.5565208181069323
2026-09-04T23:16:36.811991+09:00,홍대 관광특구,홍대 관광특구,POI007,KEY_4,1130019402,연남로,1130006103,동서빌라,126.9237720218529262_37.5599217838101325,1130033403,동교동 197-41,126.9232773041242268_37.5605287127344880,80.0,12.0,정체,126.9232773041242268_37.5605287127344880|126.9237720218529262_37.5599217838101325
2026-09-04T23:16:36.811991+09:00,홍대 관광특구,홍대 관광특구,POI007,KEY_4,1130021301,동교로,1130270200,연남동 373-20,126.9238877393567293_37.5603936801492893,1130033503,창무빌딩,126.9241748864737787_37.5606341936674681,38.0,19.0,서행,126.9241748864737787_37.5606341936674681|126.9241661103410337_37.5606061520141736|126.9241366858942399_37.5605700517992886|126.9241002899647839_37.5605390962913646|126.9239179770402757_37.5604331415745349|126.9238877393567293_37.5603936801492893
2026-09-04T23:16:36.811991+09:00,홍대 관광특구,홍대 관광특구,POI007,KEY_4,1130021401,동교로,1130270300,동교동 190-1,126.9240036868288968_37.5603373757369283,1130006101,동서빌라,126.9239149665367705_37.5599450424727905,44.0,21.0,서행,126.9239149665367705_37.5599450424727905|126.9239877581506306_37.5602899730970847|126.9239997971928346_37.5603322997610576|126.9240036868288968_37.5603373757369283
2026-09-04T23:16:36.811991+09:00,홍대 관광특구,홍대 관광특구,POI007,KEY_4,1130021402,동교로,1130234100,연남동 260-65,126.9243509881973893_37.5610184290997395,1130033501,창무빌딩,126.9243242832398835_37.5606902998111352,36.0,17.0,서행,126.9243242832398835_37.5606902998111352|126.9243327450441683_37.5607736496850464|126.9243509881973893_37.5610184290997395
2026-09-04T23:16:36.811991+09:00,홍대 관광특구,홍대 관광특구,POI007,KEY_4,1130048500,양화로,1130022400,합정역5번출구,126.9140295476794051_37.5495373218593258,1130021400,합정역6번출구,126.9140524865152884_37.5488786114665416,86.0,12.0,정체,126.9140524865152884_37.5488786114665416|126.9139230246069445_37.5489343484288156|126.9138762522378556_37.5489900978359401|126.9138420413620167_37.5490572990694389|126.9138329563527492_37.5491459732028474|126.9138508086349617_37.5492446788838663|126.9140295476794051_37.5495373218593258
2026-09-04T23:16:36.811991+09:00,홍대 관광특구,홍대 관광특구,POI007,KEY_4,1130048800,어울마당로,1130024402,태성빌딩,126.9212984594291243_37.5507136993635982,1130020101,당인리사거리,126.9201577112685442_37.5479060826974020,329.0,11.0,정체,126.9201577112685442_37.5479060826974020|126.9203052286126194_37.5482319014126986|126.9204629847500172_37.5485121849773620|126.9206431597284137_37.5488596987716292|126.9208952920467510_37.5494059973120997|126.9211927078193867_37.5502025480265331|126.9212984594291243_37.5507136993635982
2026-09-04T23:16:36.811991+09:00,홍대 관광특구,홍대 관광특구,POI007,KEY_4,1130048900,어울마당로,1130020104,당인리사거리,126.9200163735166598_37.5479127310459049,1130024403,태성빌딩,126.9211615381937150_37.5507171207813784,328.0,8.0,정체,126.9211615381937150_37.5507171207813784|126.9210601044129163_37.5502268341553247|126.9207663483677209_37.5494400821215706|126.9205166183366913_37.5488989872912740|126.9203382349370202_37.5485549298443289|126.9201792152841790_37.5482723999727952|126.9200163735166598_37.5479127310459049
2026-09-04T23:16:36.811991+09:00,홍대 관광특구,홍대 관광특구,POI007,KEY_4,1130049000,양화로,1130052000,합정역8번출구,126.9125610162048474_37.5489924297706352,1130022900,합정역9번출구,126.9130418149968449_37.5497885897765329,105.0,16.0,서행,126.9130418149968449_37.5497885897765329|126.9130618100318912_37.5495401812596441|126.9130421428666295_37.5494586372446904|126.9130134806158026_37.5493885292777207|126.9129740362242984_37.5493212749275216|126.9129004782609655_37.5492368304858175|126.9125610162048474_37.5489924297706352
2026-09-04T23:16:36.811991+09:00,홍대 관광특구,홍대 관광특구,POI007,KEY_4,1130049300,양화로,1130023000,합정역9번출구,126.9131721455813278_37.5498189592265703,1130022800,합정역(서울2호선),126.9139380043217500_37.5496171809286139,76.0,16.0,서행,126.9139380043217500_37.5496171809286139|126.9136402094506622_37.5496006797627686|126.9135395936122848_37.5496106180248574|126.9134569354612267_37.5496277214884771|126.9133796540536849_37.5496562715165325|126.9131721455813278_37.5498189592265703
2026-09-04T23:16:36.811991+09:00,홍대 관광특구,홍대 관광특구,POI007,KEY_4,1130051502,월드컵로5길,1130025203,합정동주민센터,126.9124127492584506_37.5518459734548173,1130024207,합정동주민센터,126.9110609932505014_37.5516236888938550,122.0,9.0,정체,126.9110609932505014_37.5516236888938550|126.9120426543793059_37.5517851162292402|126.9124127492584506_37.5518459734548173
2026-09-04T23:16:36.811991+09:00,홍대 관광특구,홍대 관광특구,POI007,KEY_4,1130051601,월드컵로5길,1130159000,합정동 426-6,126.9120151858922725_37.5518910005306523,1130025204,합정동주민센터,126.9123807963445927_37.5519511205839720,33.0,16.0,서행,126.9123807963445927_37.5519511205839720|126.9120151858922725_37.5518910005306523
2026-09-04T23:16:36.811991+09:00,홍대 관광특구,홍대 관광특구,POI007,KEY_4,1130051900,양화로7길,1130145700,서교동 492,126.9135974368144701_37.5520222797338405,1130025202,합정동주민센터,126.9125490838489583_37.5518570392708213,95.0,16.0,서행,126.9125490838489583_37.5518570392708213|126.9126682083433053_37.5518592833619991|126.9129354976850976_37.5518998472612608|126.9129556993787276_37.5519035838338127|126.9135974368144701_37.5520222797338405
2026-09-04T23:16:36.811991+09:00,홍대 관광특구,홍대 관광특구,POI007,KEY_4,1130052000,양화로7길,1130138000,서교동 419,126.9152338094359038_37.5512625596168448,1130024301,누아갤러리,126.9155934469087441_37.5508218968336536,58.0,5.0,정체,126.9155934469087441_37.5508218968336536|126.9153007619960079_37.5511871879382042|126.9152338094359038_37.5512625596168448
2026-09-04T23:16:36.811991+09:00,홍대 관광특구,홍대 관광특구,POI007,KEY_4,1130052400,동교로16길,1130025803,경북신문서울지사,126.9168794495548838_37.5537853595123963,1130026803,서교동주민센터,126.9150562264393471_37.5547627600824470,233.0,8.0,정체,126.9150562264393471_37.5547627600824470|126.9151041919509026_37.5546783248440121|126.9155915455989287_37.5540739571268816|126.9161869550941049_37.5535709704613723|126.9162940154244694_37.5535710464076899|126.9168794495548838_37.5537853595123963
2026-09-04T23:16:36.811991+09:00,홍대 관광특구,홍대 관광특구,POI007,KEY_4,1130052600,동교로22길,1130026103,백운아트빌라,126.9180694970235379_37.5542655831425805,1130025802,경북신문서울지사,126.9170081596091819_37.5538339564204833,106.0,19.0,서행,126.9170081596091819_37.5538339564204833|126.9174869227818618_37.5540176960998977|126.9179190228157523_37.5541765386133832|126.9180694970235379_37.5542655831425805
2026-09-04T23:16:36.811991+09:00,홍대 관광특구,홍대 관광특구,POI007,KEY_4,1130052700,동교로22길,1130025801,경북신문서울지사,126.9169099970482506_37.5539163098363460,1130026104,백운아트빌라,126.9180281230511440_37.5543758143779129,112.0,6.0,정체,126.9180281230511440_37.5543758143779129|126.9178493084904318_37.5542700001648413|126.9174289674534464_37.5541154804999380|126.9169099970482506_37.5539163098363460
2026-09-04T23:16:36.811991+09:00,홍대 관광특구,홍대 관광특구,POI007,KEY_4,1130052900,양화로15길,1130189500,서교동 375-3,126.9191627194573044_37.5544961684800782,1130026102,백운아트빌라,126.9181857720605535_37.5543334302643643,114.0,6.0,정체,126.9181857720605535_37.5543334302643643|126.9182551674568060_37.5543727901433684|126.9184496385441321_37.5544938893267428|126.9188541407513924_37.5547457748013329|126.9191627194573044_37.5544961684800782
2026-09-04T23:16:36.811991+09:00,홍대 관광특구,홍대 관광특구,POI007,KEY_4,1130053000,양화로15길,1130119600,서교동 463-27,126.9183659693348716_37.5545790522533025,1130025901,서교동 427,126.9198881225875368_37.5540412931764607,184.0,10.0,정체,126.9198881225875368_37.5540412931764607|126.9194734610042730_37.5543989462411432|126.9192595099514733_37.5545720106137679|126.9189173184498429_37.5548488058227576|126.9188180840116047_37.5548605857523441|126.9183659693348716_37.5545790522533025
2026-09-04T23:16:36.811991+09:00,홍대 관광특구,홍대 관광특구,POI007,KEY_4,1130053400,동교로,1130119900,서교동 464-61,126.9179362134423457_37.5548483553241965,1130027703,서교동 461-6,126.9178664857794274_37.5552597164420305,46.0,10.0,정체,126.9178664857794274_37.5552597164420305|126.9179362134423457_37.5548483553241965
2026-09-04T23:16:36.811991+09:00,홍대 관광특구,홍대 관광특구,POI007,KEY_4,1130056000,동교로,1130244700,동교동 192-44,126.9235969752971585_37.5574460002231092,1130031702,우성빌딩,126.9230559412983723_37.5578941512089344,69.0,9.0,정체,126.9230559412983723_37.5578941512089344|126.9235969752971585_37.5574460002231092
2026-09-04T23:16:36.811991+09:00,홍대 관광특구,홍대 관광특구,POI007,KEY_4,1130056100,동교로,1130244800,동교동 192-44,126.9236948948308594_37.5575209206440874,1130030001,홍대입구역(서울2호선),126.9241024975835899_37.5571832879291989,52.0,9.0,정체,126.9241024975835899_37.5571832879291989|126.9236948948308594_37.5575209206440874
2026-09-04T23:16:36.811991+09:00,홍대 관광특구,홍대 관광특구,POI007,KEY_4,1130056500,양화로19길,1130269400,동교동 192-44,126.9242827846036619_37.5579718887892824,1130032102,동교동 192-4,126.9234091793915979_37.5583349617897966,93.0,8.0,정체,126.9234091793915979_37.5583349617897966|126.9235741468609007_37.5583601799000988|126.9237435175153621_37.5583522399045222|126.9237886059845266_37.5583215233953140|126.9242827846036619_37.5579718887892824
2026-09-04T23:16:36.811991+09:00,홍대 관광특구,홍대 관광특구,POI007,KEY_4,1130056600,양화로19길,1130269300,동교동 192-44,126.9243730039212181_37.5580527040690697,1130031304,대성카센터,126.9248672211749920_37.5577661204474040,54.0,8.0,정체,126.9248672211749920_37.5577661204474040|126.9247523387008556_37.5578433291799882|126.9243935191233703_37.5580381892432413|126.9243730039212181_37.5580527040690697
2026-09-04T23:16:36.811991+09:00,홍대 관광특구,홍대 관광특구,POI007,KEY_4,1130057300,월드컵북로6길,1130261300,동교동 203-33,126.9193673333113281_37.5578672419356039,1130031202,동교동 205-15,126.9188838547954674_37.5575387719110481,56.0,20.7,서행,126.9188838547954674_37.5575387719110481|126.9193673333113281_37.5578672419356039
2026-09-04T23:16:36.811991+09:00,홍대 관광특구,홍대 관광특구,POI007,KEY_4,1130057500,양화로,1130032300,동교동삼거리,126.9260758648074869_37.5586455831952080,1130032500,동교동삼거리,126.9265306057119460_37.5594558524399389,99.0,15.0,서행,126.9265306057119460_37.5594558524399389|126.9264660553294988_37.5592263103355393|126.9260758648074869_37.5586455831952080
2026-09-04T23:16:36.811991+09:00,홍대 관광특구,홍대 관광특구,POI007,KEY_4,1130060000,동교로29길,1130033503,창무빌딩,126.9241748864737787_37.5606341936674681,1130036003,노블레스아파트,126.9218068862926145_37.5634853229895498,381.0,22.0,서행,126.9218068862926145_37.5634853229895498|126.9218459298930100_37.5634232918577879|126.9220337933197982_37.5631841000810169|126.9223456371491494_37.5627870497117868|126.9227675631269960_37.5622648309932572|126.9233084612183120_37.5615953472728421|126.9240020675585043_37.5607446270273684|126.9240943496756557_37.5606712830971432|126.9241748864737787_37.5606341936674681
2026-09-04T23:16:36.811991+09:00,홍대 관광특구,홍대 관광특구,POI007,KEY_4,1130060100,동교로29길,1130246800,연남동 257-9,126.9228817967008496_37.5623233169991337,1130033504,창무빌딩,126.9241941095302053_37.5607502493276115,210.0,7.0,정체,126.9241941095302053_37.5607502493276115|126.9241777376998783_37.5607577891073205|126.9241081814776919_37.5608130710165966|126.9234225413209742_37.5616540221321031|126.9228817967008496_37.5623233169991337
2026-09-04T23:16:36.811991+09:00,홍대 관광특구,홍대 관광특구,POI007,KEY_4,1130087200,어울마당로,1130121800,서교동 413,126.9223646926300830_37.5538554367246178,1130055701,아이스뮤지엄,126.9221148424968106_37.5534806652672515,47.0,8.0,정체,126.9221148424968106_37.5534806652672515|126.9223646926300830_37.5538554367246178
2026-09-04T23:16:36.811991+09:00,홍대 관광특구,홍대 관광특구,POI007,KEY_4,1130087300,어울마당로,1130121700,서교동 365-1,126.9222448191466555_37.5539062487640578,1130005309,서교푸르지오아파트,126.9225016470744691_37.5542843540505018,48.0,18.0,서행,126.9225016470744691_37.5542843540505018|126.9222449850932577_37.5539064976814032|126.9222448191466555_37.5539062487640578
2026-09-04T23:16:36.811991+09:00,강서한강공원,강서한강공원,POI085,KEY_1,1150022400,인천국제공항고속도로,1150297800,최소노드배치점,126.8204153738163740_37.5848105303894116,1150007500,팔팔JC,126.8251458922897115_37.5821572405280335,521.0,72.7,원활,126.8251458922897115_37.5821572405280335|126.8242581309057471_37.5825988923992114|126.8225508326354287_37.5833403164188127|126.8222949416472147_37.5834700113225253|126.8220989259378939_37.5836060109654468|126.8219358934425145_37.5837398156667746|126.8217315846995774_37.5839640048093813|126.8215951501203733_37.5841385028620678|126.8214407374371433_37.5843128978739571|126.8213273924079374_37.5844195615005603|126.8211779927619034_37.5845367498505425|126.8209702243633359_37.5846464478467652|126.8207581882781767_37.5847310806041222|126.8205554011008189_37.5847871484738150|126.8204153738163740_37.5848105303894116
2026-09-04T23:16:36.811991+09:00,강서한강공원,강서한강공원,POI085,KEY_1,1150102400,양천로27길,1150268300,방화동 57-7,126.8189818773737016_37.5842896446790746,1150051603,명성인테리어,126.8193992844918085_37.5848574978405026,73.0,21.0,서행,126.8193992844918085_37.5848574978405026|126.8191354810659277_37.5845649348009871|126.8189882066549785_37.5842980469406385|126.8189818773737016_37.5842896446790746
2026-09-04T23:16:36.811991+09:00,강서한강공원,강서한강공원,POI085,KEY_1,1150102700,올림픽대로,1150051601,명성인테리어,126.8196931240858873_37.5848639111563685,1150051300,신우쌀상회,126.8210223077670520_37.5838477270534099,164.0,36.5,서행,126.8210223077670520_37.5838477270534099|126.8204550407689055_37.5843184565730155|126.8198365622038608_37.5848072925936592|126.8196931240858873_37.5848639111563685
2026-09-04T23:16:36.811991+09:00,강서한강공원,강서한강공원,POI085,KEY_1,1150103000,올림픽대로,1150051700,강서안내센터,126.8168617226006347_37.5859421297018841,1150051604,명성인테리어,126.8193906771097659_37.5849778885091084,248.0,29.0,정체,126.8193906771097659_37.5849778885091084|126.8191196709408928_37.5850751540521557|126.8183996940716156_37.5853415341712136|126.8174179597383215_37.5857138196225620|126.8168617226006347_37.5859421297018841
2026-09-04T23:16:36.811991+09:00,강서한강공원,강서한강공원,POI085,KEY_1,1150408600,올림픽대로,1150297900,최소노드배치점,126.8204022238293049_37.5846952923594699,1150007500,팔팔JC,126.8251458922897115_37.5821572405280335,515.0,52.0,원활,126.8251458922897115_37.5821572405280335|126.8224711907430731_37.5832680578219396|126.8221978552422797_37.5833955305618943|126.8219883433806388_37.5835095435029132|126.8217840770615084_37.5836834979902079|126.8213507897844181_37.5842063933520194|126.8211989310714074_37.5843483886307084|126.8209774563604384_37.5845038083476410|126.8207390262142553_37.5846130431728156|126.8204197757882525_37.5846941616647499|126.8204022238293049_37.5846952923594699
2026-09-04T23:16:36.811991+09:00,강서한강공원,강서한강공원,POI085,KEY_1,1150437100,인천국제공항고속도로,1150298100,최소노드배치점,126.8216063582030131_37.5844601022409819,1150051400,방화대교(남측),126.8154876201350021_37.5837329496539851,561.0,91.9,원활,126.8154876201350021_37.5837329496539851|126.8156228199711535_37.5837019217106345|126.8162488559649717_37.5835902982088541|126.8168139068726958_37.5835510606755392|126.8176549474994061_37.5835257845014610|126.8183178182470101_37.5835660150861770|126.8189841860020408_37.5836543305607833|126.8195530571487097_37.5837543458256320|126.8200936823200351_37.5838910811882769|126.8210372379553377_37.5842098431123475|126.8215775845386446_37.5844440036353475|126.8216063582030131_37.5844601022409819
2026-09-04T23:16:36.811991+09:00,강서한강공원,강서한강공원,POI085,KEY_1,1150437200,인천국제공항고속도로,1150298000,최소노드배치점,126.8214760810631105_37.5846075682720340,1150149502,강서구-고양시덕양구,126.8266486163456932_37.5882576198968295,611.0,92.7,원활,126.8266486163456932_37.5882576198968295|126.8237771167596151_37.5861489077353781|126.8227472164407601_37.5853533062098677|126.8222253278242135_37.5850267596131147|126.8214760810631105_37.5846075682720340
2026-09-04T23:16:36.811991+09:00,고척돔,고척돔,POI086,KEY_2,1160001507,경인로,1160025205,구로소방서앞교차로,126.8646617438848239_37.4978600578237362,1160026904,구로소방서앞,126.8649481363168121_37.4980943173495334,36.0,12.0,정체,126.8649481363168121_37.4980943173495334|126.8646617438848239_37.4978600578237362
2026-09-04T23:16:36.811991+09:00,고척돔,고척돔,POI086,KEY_2,1160001608,경인로,1160026903,구로소방서앞,126.8650453464209704_37.4980188760107680,1160025202,구로소방서앞교차로,126.8647589542741940_37.4977846162542079,36.0,20.0,서행,126.8647589542741940_37.4977846162542079|126.8650453464209704_37.4980188760107680
2026-09-04T23:16:36.811991+09:00,고척돔,고척돔,POI086,KEY_2,1160001901,경인로,1160029303,고척교교차로,126.8716335382674743_37.4988496986391695,1160030602,동양미래대학앞교차로,126.8689427324677865_37.4994868075101664,248.0,28.0,원활,126.8689427324677865_37.4994868075101664|126.8711528967156568_37.4989518486928404|126.8715231913182890_37.4988650895980484|126.8716335382674743_37.4988496986391695
2026-09-04T23:16:36.811991+09:00,고척돔,고척돔,POI086,KEY_2,1160002001,경인로,1160030601,동양미래대학앞교차로,126.8689872290022862_37.4995890371950367,1160029304,고척교교차로,126.8716680741279674_37.4989546467396906,247.0,27.0,원활,126.8716680741279674_37.4989546467396906|126.8715541336007533_37.4989705391101751|126.8711911831498753_37.4990555772781562|126.8689872290022862_37.4995890371950367
2026-09-04T23:16:36.811991+09:00,고척돔,고척돔,POI086,KEY_2,1160002102,경인로,1160026901,구로소방서앞,126.8650507946293686_37.4981773243852032,1160030704,고척동 63-3,126.8674869579498932_37.4996940445519300,278.0,32.0,원활,126.8674869579498932_37.4996940445519300|126.8673777511500731_37.4996751499945233|126.8671788695642988_37.4996233133504546|126.8669493159061687_37.4995461947532931|126.8667640607105227_37.4994684400143257|126.8665382770592061_37.4993469206109040|126.8663359449855790_37.4992109715771136|126.8654632761091818_37.4985090881244290|126.8650507946293686_37.4981773243852032
2026-09-04T23:16:36.811991+09:00,고척돔,고척돔,POI086,KEY_2,1160002103,경인로,1160134900,고척동 63-3,126.8684174202034285_37.4996907760024811,1160030604,동양미래대학앞교차로,126.8687232996965832_37.4996421945641814,28.0,19.0,서행,126.8687232996965832_37.4996421945641814|126.8684174202034285_37.4996907760024811
2026-09-04T23:16:36.811991+09:00,고척돔,고척돔,POI086,KEY_2,1160002201,경인로,1160234100,고척동 63-5,126.8655596867435236_37.4984329974895232,1160026902,구로소방서앞,126.8651472056647407_37.4981012338396624,52.0,23.0,서행,126.8651472056647407_37.4981012338396624|126.8655596867435236_37.4984329974895232
2026-09-04T23:16:36.811991+09:00,고척돔,고척돔,POI086,KEY_2,1160002202,경인로,1160030603,동양미래대학앞교차로,126.8686779646894678_37.4995391473739801,1160030702,고척동 63-3,126.8676654321501900_37.4996121446361812,90.0,41.0,원활,126.8676654321501900_37.4996121446361812|126.8678069625456857_37.4996264010276690|126.8680461031747626_37.4996197405567102|126.8683009934756853_37.4995990198500522|126.8683908896466761_37.4995847422032185|126.8686779646894678_37.4995391473739801
2026-09-04T23:16:36.811991+09:00,고척돔,고척돔,POI086,KEY_2,1160014202,중앙로,1160125100,고척동 52-333,126.8646271411664230_37.4989471657823756,1160026901,구로소방서앞,126.8650507946293686_37.4981773243852032,93.0,16.7,서행,126.8650507946293686_37.4981773243852032|126.8648755784311248_37.4984981040910128|126.8646271411664230_37.4989471657823756
2026-09-04T23:16:36.811991+09:00,고척돔,고척돔,POI086,KEY_2,1160015701,안양천로537길,1160030604,동양미래대학앞교차로,126.8687232996965832_37.4996421945641814,1160038402,고척지하차도(북측),126.8699170172796187_37.5023839464348470,323.0,27.0,원활,126.8699170172796187_37.5023839464348470|126.8697728681989503_37.5021941044543823|126.8694643346875210_37.5013934109902394|126.8687232996965832_37.4996421945641814
2026-09-04T23:16:36.811991+09:00,고척돔,고척돔,POI086,KEY_2,1160015801,안양천로537길,1160038401,고척지하차도(북측),126.8700471287657763_37.5023532266215511,1160030601,동양미래대학앞교차로,126.8689872290022862_37.4995890371950367,322.0,36.0,원활,126.8689872290022862_37.4995890371950367|126.8697227149842348_37.5013271263434547|126.8700323395424050_37.5021306423309682|126.8700471287657763_37.5023532266215511
2026-09-04T23:16:36.811991+09:00,고척돔,고척돔,POI086,KEY_2,1160049000,안양천로,1160026001,고척지하차도(남측),126.8682164931016416_37.4980315828367239,2130015801,구로구-광명시,126.8683061872405204_37.4953711878066613,303.0,67.3,원활,126.8683061872405204_37.4953711878066613|126.8680791301081570_37.4959108832984143|126.8680192247021239_37.4961901165675542|126.8679713339188453_37.4963936246526259|126.8679416938823437_37.4965988803425390|126.8679353024971164_37.4968807087750235|126.8679467286440712_37.4970971053372253|126.8679814883963815_37.4974018031208942|126.8680806147528557_37.4977290078190819|126.8682164931016416_37.4980315828367239
2026-09-04T23:16:36.811991+09:00,고척돔,고척돔,POI086,KEY_2,1160049100,안양천로,2130015802,구로구-광명시,126.8681747476950505_37.4953419563867740,1160026002,고척지하차도(남측),126.8680887281871179_37.4980680227387566,310.0,62.0,원활,126.8680887281871179_37.4980680227387566|126.8679504014649098_37.4977599920923339|126.8678472427124149_37.4974194749191909|126.8678112852119142_37.4971042754339194|126.8677995486469570_37.4968820057548768|126.8678061330137012_37.4965917080895466|126.8678370716341277_37.4963774627470841|126.8678856475315513_37.4961710443316889|126.8679464131163144_37.4958878080200222|126.8681747476950505_37.4953419563867740
2026-09-04T23:16:36.811991+09:00,고척돔,고척돔,POI086,KEY_2,1160054400,안양천로,1160030602,동양미래대학앞교차로,126.8689427324677865_37.4994868075101664,1160026001,고척지하차도(남측),126.8682164931016416_37.4980315828367239,174.0,38.0,원활,126.8682164931016416_37.4980315828367239|126.8683718766255737_37.4982169168125878|126.8689427324677865_37.4994868075101664
2026-09-04T23:16:36.811991+09:00,고척돔,고척돔,POI086,KEY_2,1160054500,안양천로,1160026002,고척지하차도(남측),126.8680887281871179_37.4980680227387566,1160030603,동양미래대학앞교차로,126.8686779646894678_37.4995391473739801,172.0,43.0,원활,126.8686779646894678_37.4995391473739801|126.8681163619592382_37.4982898286822390|126.8680887281871179_37.4980680227387566
2026-09-04T23:16:36.811991+09:00,고척돔,고척돔,POI086,KEY_2,1160058300,경인로47길,1160030704,고척동 63-3,126.8674869579498932_37.4996940445519300,1160031102,동양미래대학교,126.8669875450639069_37.5000831480897503,62.0,8.0,정체,126.8669875450639069_37.5000831480897503|126.8673517388977388_37.4997995352371589|126.8674869579498932_37.4996940445519300
2026-09-04T23:16:36.811991+09:00,고척돔,고척돔,POI086,KEY_2,1160058400,경인로47길,1160031101,동양미래대학교,126.8672357269624626_37.5000410688331058,1160030701,고척동 63-3,126.8676484099707835_37.4997194117280301,51.0,20.0,서행,126.8676484099707835_37.4997194117280301|126.8674466402152063_37.4998768209931157|126.8672357269624626_37.5000410688331058
2026-09-04T23:16:36.811991+09:00,고척돔,고척돔,POI086,KEY_2,1160061600,안양천로,1160312300,최소노드배치점,126.8691669663092796_37.5001830167126542,1160026001,고척지하차도(남측),126.8682164931016416_37.4980315828367239,253.0,68.0,원활,126.8682164931016416_37.4980315828367239|126.8688997309864703_37.4995514775238874|126.8691669663092796_37.5001830167126542
2026-09-04T23:16:36.811991+09:00,광나루한강공원,광나루한강공원,POI087,KEY_3,1230092600,올림픽대로,1230057400,천호대교JC,127.1157174036013373_37.5395156076707224,1240000704,송파구-강동구,127.1177702741646272_37.5412636326827069,266.0,58.7,원활,127.1177702741646272_37.5412636326827069|127.1173955639220026_37.5409316902013757|127.1157174036013373_37.5395156076707224
2026-09-04T23:16:36.811991+09:00,광나루한강공원,광나루한강공원,POI087,KEY_3,1230005100,올림픽대로,1230052500,잠실대교JC,127.1008769588409706_37.5229114985517214,1230054000,올림픽대교남단IC,127.1051025385346520_37.5260799913631047,514.0,76.3,원활,127.1051025385346520_37.5260799913631047|127.1031412114076176_37.5243990994672458|127.1028266080407718_37.5241633671182342|127.1022828471172517_37.5237919497680679|127.1018469450196733_37.5234955300521236|127.1008769588409706_37.5229114985517214
2026-09-04T23:16:36.811991+09:00,광나루한강공원,광나루한강공원,POI087,KEY_3,1230005303,올림픽대로,1230056001,올림픽대교남단IC,127.1099294541211577_37.5335917221984587,1230056600,미성카센타,127.1133333362662370_37.5372311246279509,509.0,77.8,원활,127.1133333362662370_37.5372311246279509|127.1122417772533879_37.5363305814544859|127.1116797970572065_37.5358769804391983|127.1114369751523441_37.5356483557694247|127.1111851586531714_37.5354090108490368|127.1109647758809160_37.5351696358490798|127.1107848648134819_37.5349695574394744|127.1106138947897364_37.5347408627111747|127.1103754017710941_37.5343978047017046|127.1102043647706665_37.5341226232009859|127.1100737679640247_37.5338652841078755|127.1099294541211577_37.5335917221984587
2026-09-04T23:16:36.811991+09:00,광나루한강공원,광나루한강공원,POI087,KEY_3,1230005304,올림픽대로,1230056600,미성카센타,127.1133333362662370_37.5372311246279509,1240000703,송파구-강동구,127.1180715211807666_37.5411721498286326,606.0,76.5,원활,127.1180715211807666_37.5411721498286326|127.1178531270779786_37.5409665671253308|127.1174349307113829_37.5406093996140768|127.1157442858759907_37.5392200633587976|127.1133333362662370_37.5372311246279509
2026-09-04T23:16:36.811991+09:00,광나루한강공원,광나루한강공원,POI087,KEY_3,1230035900,강변북로.한가람로사이길,1230342900,최소노드배치점,127.1015149961345827_37.5246010575964561,1230052101,잠실대교JC,127.1014277624528717_37.5224635506086486,473.0,43.5,원활,127.1014277624528717_37.5224635506086486|127.1019012970064210_37.5227419164495544|127.1022293161336734_37.5229454568152008|127.1023955346630316_37.5230204059564443|127.1026425819513577_37.5231060119775464|127.1028940706044494_37.5231558555366931|127.1034374042296093_37.5232197458338632|127.1034778407937154_37.5232411659780993|127.1034868601301469_37.5232697648950335|127.1034734249590059_37.5232948074079431|127.1033926368200042_37.5233127576457974|127.1025529951041904_37.5232562760554629|127.1024721909816861_37.5232634983457274|127.1023734783107670_37.5233064941788044|127.1022972616788422_37.5233852285200129|127.1015149961345827_37.5246010575964561
2026-09-04T23:16:36.811991+09:00,광나루한강공원,광나루한강공원,POI087,KEY_3,1230037000,강동대로,1230002402,올림픽대교(남측),127.1085524663248947_37.5294043437257443,1230055300,올림픽대교JC,127.1070429303796345_37.5308586555323842,209.0,59.0,원활,127.1070429303796345_37.5308586555323842|127.1071826739481168_37.5307235038766933|127.1080659148240812_37.5298788826372558|127.1085524663248947_37.5294043437257443
2026-09-04T23:16:36.811991+09:00,광나루한강공원,광나루한강공원,POI087,KEY_3,1230037100,강동대로,1230055100,올림픽대교남단IC,127.1081706965742200_37.5299476979813633,1230002401,올림픽대교(남측),127.1086576634710497_37.5294727540513975,68.0,55.5,원활,127.1086576634710497_37.5294727540513975|127.1081706965742200_37.5299476979813633
2026-09-04T23:16:36.811991+09:00,광나루한강공원,광나루한강공원,POI087,KEY_3,1230090200,올림픽대로,1230054000,올림픽대교남단IC,127.1051025385346520_37.5260799913631047,1230055601,올림픽대교남단IC,127.1088850042010847_37.5302574334446248,576.0,78.3,원활,127.1088850042010847_37.5302574334446248|127.1087569682559320_37.5299831257084406|127.1086623868030614_37.5297829652675716|127.1085948294174557_37.5296399934726352|127.1085003472445152_37.5295077736948031|127.1082123774365158_37.5290860864164131|127.1079469834661637_37.5287501990476358|127.1075692455725772_37.5283464716297388|127.1067698727563737_37.5275344855949697|127.1051025385346520_37.5260799913631047
2026-09-04T23:16:36.811991+09:00,광나루한강공원,광나루한강공원,POI087,KEY_3,1230090400,올림픽대로,1230055601,올림픽대교남단IC,127.1088850042010847_37.5302574334446248,1230055100,올림픽대교남단IC,127.1081706965742200_37.5299476979813633,339.0,46.0,서행,127.1081706965742200_37.5299476979813633|127.1078345692699685_37.5304007809457758|127.1077032400517055_37.5306042495152852|127.1076712736896184_37.5307043059950090|127.1076482146884530_37.5308187018855577|127.1076699998539539_37.5309475558016175|127.1077233573010830_37.5310514745469277|127.1077813389797910_37.5311303664476981|127.1078887300662217_37.5312094231246149|127.1080142386506679_37.5312599212262654|127.1081398786947716_37.5312853793569801|127.1082745960005838_37.5312929811048477|127.1084543994672345_37.5312685359485343|127.1086209335816193_37.5312046974480467|127.1087245812778406_37.5311406499274369|127.1087878223726619_37.5310728913791465|127.1088422461959766_37.5309729085143360|127.1088832706566194_37.5308585715166814|127.1088927767297747_37.5307584399179603|127.1089025448454493_37.5306082268346017|127.1088850042010847_37.5302574334446248
2026-09-04T23:16:36.811991+09:00,광나루한강공원,광나루한강공원,POI087,KEY_3,1230090700,강동대로,1230055800,올림픽대교JC,127.1057403919076734_37.5322885127339063,1230055100,올림픽대교남단IC,127.1081706965742200_37.5299476979813633,337.0,71.0,원활,127.1081706965742200_37.5299476979813633|127.1072872786940309_37.5307924913453235|127.1057403919076734_37.5322885127339063
2026-09-04T23:16:36.811991+09:00,광나루한강공원,광나루한강공원,POI087,KEY_3,1230090800,올림픽대로,1230055800,올림픽대교JC,127.1057403919076734_37.5322885127339063,1230056001,올림픽대교남단IC,127.1099294541211577_37.5335917221984587,540.0,57.3,원활,127.1099294541211577_37.5335917221984587|127.1096262768232208_37.5330896658542983|127.1094795159279869_37.5328065769456458|127.1093907047227844_37.5326095338056689|127.1092454868847028_37.5323181025886257|127.1091476110435536_37.5321365306090513|127.1090762771443963_37.5320337463737346|127.1089958837828675_37.5319452405059266|127.1088587936477694_37.5318183898052453|127.1086976727481925_37.5317057689452653|127.1085573264984134_37.5316289886031740|127.1083751328115881_37.5315377602104405|127.1081748335834476_37.5314727050775119|127.1079863896938349_37.5314315378132548|127.1078277784543076_37.5314119318962369|127.1076302005832872_37.5313993521511904|127.1074384993772952_37.5314082537991993|127.1072706793245004_37.5314315449563765|127.1070547962320347_37.5314832934178995|127.1069138144955417_37.5315281360046669|127.1067757391387971_37.5315896821536654|127.1066526373526813_37.5316512776893703|127.1063641193078269_37.5318482588181652|127.1057403919076734_37.5322885127339063
2026-09-04T23:16:36.811991+09:00,광나루한강공원,광나루한강공원,POI087,KEY_3,1230091800,올림픽대로,1230056600,미성카센타,127.1133333362662370_37.5372311246279509,1230057400,천호대교JC,127.1157174036013373_37.5395156076707224,331.0,58.0,원활,127.1157174036013373_37.5395156076707224|127.1151468092735115_37.5390904403905097|127.1149641714684719_37.5389348300830221|127.1147295222956757_37.5387015434871998|127.1140182220692196_37.5379778060380431|127.1133333362662370_37.5372311246279509
2026-09-04T23:16:36.811991+09:00,광나루한강공원,광나루한강공원,POI087,KEY_3,1230091900,올림픽대로,1230056900,천호대교JC,127.1162142103148085_37.5388537608271946,1230057400,천호대교JC,127.1157174036013373_37.5395156076707224,178.0,32.3,서행,127.1157174036013373_37.5395156076707224|127.1154640026734057_37.5392882235603764|127.1153746464073464_37.5391925382371454|127.1153301531393680_37.5391089238801996|127.1153080896353629_37.5390313450269062|127.1153046362326791_37.5389746935386270|127.1153237071228119_37.5389061917311793|127.1153577047622036_37.5388466817326076|127.1154142265800857_37.5387753204867778|127.1154593628562139_37.5387337321685379|127.1155269466954394_37.5386951987887585|127.1156281753993653_37.5386657181129024|127.1157330715718530_37.5386511543116654|127.1158602757870142_37.5386664736148248|127.1159835987508444_37.5387086094438516|127.1162142103148085_37.5388537608271946
2026-09-04T23:16:36.811991+09:00,광나루한강공원,광나루한강공원,POI087,KEY_3,1230092900,올림픽대로,1230057400,천호대교JC,127.1157174036013373_37.5395156076707224,1230058100,천호대교,127.1159520970910961_37.5417466710169379,328.0,43.7,서행,127.1159520970910961_37.5417466710169379|127.1165541276385795_37.5414864175535428|127.1167530618793080_37.5413857073547419|127.1168245734631626_37.5413114132071115|127.1168848836948229_37.5412311204375655|127.1169340554431244_37.5411329051754237|127.1169495337675812_37.5410345809067465|127.1169499298096639_37.5409570747468919|127.1169242421861156_37.5408556359407726|127.1168686213662795_37.5407511192081316|127.1167570894564420_37.5405987236708256|127.1161827557995565_37.5400239001523843|127.1157174036013373_37.5395156076707224
2026-09-04T23:16:36.811991+09:00,광나루한강공원,광나루한강공원,POI087,KEY_3,1230093200,천호대로,1230425800,최소노드배치점,127.1206473646241477_37.5399649693936297,1230058100,천호대교,127.1159520970910961_37.5417466710169379,464.0,59.5,원활,127.1159520970910961_37.5417466710169379|127.1161491919131947_37.5416905000389676|127.1183256249000664_37.5410826767303547|127.1184867245484753_37.5410376841720819|127.1189581322967541_37.5408884029799665|127.1192856066919603_37.5407540814178731|127.1196722318756258_37.5405730840098570|127.1200712468310456_37.5403536063656276|127.1206473646241477_37.5399649693936297
2026-09-04T23:16:36.811991+09:00,광나루한강공원,광나루한강공원,POI087,KEY_3,1230093300,천호대로,1230058200,천호대교,127.1159661888353156_37.5418575359492053,1230057900,천호대교JC,127.1196303873800275_37.5407181431623798,348.0,58.3,원활,127.1196303873800275_37.5407181431623798|127.1193511805818588_37.5408488525534025|127.1190144651814933_37.5409869651035706|127.1185343214704062_37.5411390123457025|127.1183705829695612_37.5411847428288681|127.1161945568195506_37.5417924521301600|127.1159661888353156_37.5418575359492053
2026-09-04T23:16:36.811991+09:00,광나루한강공원,광나루한강공원,POI087,KEY_3,1230434300,천호대로,1230058301,광진구-강동구,127.1110000296090448_37.5432727264046662,1230058200,천호대교,127.1159661888353156_37.5418575359492053,466.0,61.7,원활,127.1159661888353156_37.5418575359492053|127.1110000296090448_37.5432727264046662
2026-09-04T23:16:36.811991+09:00,광나루한강공원,광나루한강공원,POI087,KEY_3,1230434400,천호대로,1230058100,천호대교,127.1159520970910961_37.5417466710169379,1230058302,광진구-강동구,127.1109540025240250_37.5431709639418898,469.0,57.7,원활,127.1109540025240250_37.5431709639418898|127.1159520970910961_37.5417466710169379
2026-09-04T23:16:36.811991+09:00,광나루한강공원,광나루한강공원,POI087,KEY_3,1240004002,수도권제1순환고속도로,1240030900,강일IC,127.1651625313621281_37.5734340461809779,1240030500,강일IC,127.1680363385314934_37.5723391779006377,337.0,59.3,원활,127.1680363385314934_37.5723391779006377|127.1679375057071582_37.5726668136497821|127.1678164127926607_37.5729466913235299|127.1676507446742903_37.5731429730831223|127.1673801822541492_37.5733449219623097|127.1671698867062048_37.5734695327726271|127.1669522874906590_37.5735523879642201|127.1666523159129412_37.5736290485050191|127.1663375230439925_37.5736698939382947|127.1660754297366083_37.5736512663853404|127.1656936991961686_37.5735846030556573|127.1651625313621281_37.5734340461809779
2026-09-04T23:16:36.811991+09:00,광나루한강공원,광나루한강공원,POI087,KEY_3,1240004102,수도권제1순환고속도로,1240031000,강일IC(북측),127.1634752871115808_37.5755388690718135,1240030400,강일IC(남측),127.1657495975126295_37.5728096914099865,363.0,93.0,원활,127.1657495975126295_37.5728096914099865|127.1634752871115808_37.5755388690718135
2026-09-04T23:16:36.811991+09:00,광나루한강공원,광나루한강공원,POI087,KEY_3,1240004302,수도권제1순환고속도로,1240030700,강일IC(남측),127.1653218540085248_37.5726985985708808,1240001800,강일IC(북측),127.1637915819941043_37.5745162605052201,243.0,86.8,원활,127.1637915819941043_37.5745162605052201|127.1653218540085248_37.5726985985708808
2026-09-04T23:16:36.811991+09:00,광나루한강공원,광나루한강공원,POI087,KEY_3,1240004400,수도권제1순환고속도로,1240031000,강일IC(북측),127.1634752871115808_37.5755388690718135,1240031100,강일IC,127.1691443708316314_37.5755176901044976,603.0,63.3,원활,127.1691443708316314_37.5755176901044976|127.1683515051425104_37.5752531339766875|127.1671551774036573_37.5747549149552498|127.1659813385120970_37.5742567467394366|127.1657045812182645_37.5741665325013443|127.1655548210494828_37.5741541845667157|127.1653750434233388_37.5741536743072615|127.1651876429522900_37.5741829540882151|127.1650151694652351_37.5742241986279737|127.1648275280877840_37.5743071350576443|127.1646248509363346_37.5744019528390112|127.1634752871115808_37.5755388690718135
2026-09-04T23:16:36.811991+09:00,광나루한강공원,광나루한강공원,POI087,KEY_3,1240004500,수도권제1순환고속도로,1249098300,최소노드배치점,127.1633568206802778_37.5726671424708130,1240031100,강일IC,127.1691443708316314_37.5755176901044976,604.0,65.3,원활,127.1691443708316314_37.5755176901044976|127.1684057617363095_37.5752141751109505|127.1677143859803891_37.5748694120681677|127.1668248690925651_37.5744435969194015|127.1660475110784745_37.5740657898579471|127.1652888200322025_37.5737029359402825|127.1637676876223964_37.5729831642507293|127.1636032703812162_37.5728992267665660|127.1634986974201382_37.5728333458983386|127.1634241141811543_37.5727615876864576|127.1633682832330834_37.5726839217883821|127.1633568206802778_37.5726671424708130
2026-09-04T23:16:36.811991+09:00,광나루한강공원,광나루한강공원,POI087,KEY_3,1240004800,수도권제1순환고속도로,1240030300,강일IC,127.1606499758005384_37.5714359568575702,1240001800,강일IC(북측),127.1637915819941043_37.5745162605052201,502.0,61.3,원활,127.1637915819941043_37.5745162605052201|127.1640728136204643_37.5738936067012759|127.1641112573887256_37.5736731197052549|127.1640745545810915_37.5735060768960238|127.1639705689491251_37.5733090325426957|127.1638363274989985_37.5731774845940123|127.1636796150773421_37.5730458730428509|127.1632012909007443_37.5728060257228620|127.1613554414870180_37.5718468130863954|127.1606499758005384_37.5714359568575702
2026-09-04T23:16:36.811991+09:00,광나루한강공원,광나루한강공원,POI087,KEY_3,1240041400,올림픽대로,1230058200,천호대교,127.1159661888353156_37.5418575359492053,1240017800,천호동480-7,127.1193551490127760_37.5429706223890776,366.0,41.5,서행,127.1193551490127760_37.5429706223890776|127.1191149729041570_37.5426412172727382|127.1186559044189437_37.5422152338548187|127.1184172538477384_37.5420284458060749|127.1182143981745298_37.5418703903455224|127.1180314731057592_37.5417684432610983|127.1178670693293213_37.5417053095727766|127.1176913435667331_37.5416600249226207|127.1175267263362656_37.5416386243567644|127.1173919531962753_37.5416381871796503|127.1171934003703683_37.5416643737201525|127.1159661888353156_37.5418575359492053
2026-09-04T23:16:36.811991+09:00,광나루한강공원,광나루한강공원,POI087,KEY_3,1240041700,올림픽대로,1240000704,송파구-강동구,127.1177702741646272_37.5412636326827069,1240017800,천호동480-7,127.1193551490127760_37.5429706223890776,237.0,60.7,원활,127.1193551490127760_37.5429706223890776|127.1191614498819717_37.5426306349992416|127.1189681247738150_37.5423646982119266|127.1186924398611637_37.5420984952193777|127.1182602045156358_37.5416976373432547|127.1177702741646272_37.5412636326827069
2026-09-04T23:16:36.811991+09:00,광나루한강공원,광나루한강공원,POI087,KEY_3,1240042100,올림픽대로,1240017800,천호동480-7,127.1193551490127760_37.5429706223890776,1240018300,상행4교,127.1200789348837787_37.5446471106927930,197.0,56.0,원활,127.1200789348837787_37.5446471106927930|127.1198037347710965_37.5439880095403069|127.1194795577771686_37.5432428947114047|127.1193551490127760_37.5429706223890776
2026-09-04T23:16:36.811991+09:00,광나루한강공원,광나루한강공원,POI087,KEY_3,1240042302,올림픽대로,1240032400,상행4교,127.1204348553451950_37.5446076809158882,1240020000,광나루안내센터앞,127.1217277682565907_37.5477735136945441,370.0,81.0,원활,127.1217277682565907_37.5477735136945441|127.1213840772890364_37.5468190353825406|127.1212036413887034_37.5463293298339167|127.1210368608753214_37.5459504616287774|127.1207574154174154_37.5453285505199403|127.1204348553451950_37.5446076809158882
2026-09-04T23:16:36.811991+09:00,광나루한강공원,광나루한강공원,POI087,KEY_3,1240042400,올림픽대로,1240018000,광진교(동측),127.1177651433606286_37.5433963082104114,1240018300,상행4교,127.1200789348837787_37.5446471106927930,276.0,45.7,서행,127.1200789348837787_37.5446471106927930|127.1196730132447357_37.5440734423594407|127.1195971491536056_37.5439730353192189|127.1195077699718183_37.5438797381744678|127.1194048407431296_37.5438007066636459|127.1189614043024676_37.5435381364146963|127.1187150792044207_37.5433870966714593|127.1185940715525788_37.5433294696328730|127.1184774296472852_37.5432968975747983|127.1183786120777057_37.5432930007483918|127.1182572765543597_37.5432997635863899|127.1177651433606286_37.5433963082104114
2026-09-04T23:16:36.811991+09:00,광나루한강공원,광나루한강공원,POI087,KEY_3,1240042800,올림픽대로,1240018300,상행4교,127.1200789348837787_37.5446471106927930,1240018200,천호대교JC,127.1211431987809704_37.5447471157151540,162.0,36.0,서행,127.1211431987809704_37.5447471157151540|127.1211604267792268_37.5448938392005402|127.1211239968275066_37.5449903077650191|127.1210651588128684_37.5450759737932458|127.1209840003271978_37.5451329487343273|127.1208984774984714_37.5451648695119218|127.1207950378878309_37.5451860010776883|127.1206871406906345_37.5451999633571774|127.1205703678194112_37.5451924340691718|127.1204761672079258_37.5451635135530495|127.1203911338036221_37.5450988491057771|127.1202036036161900_37.5448693016934172|127.1200789348837787_37.5446471106927930
2026-09-04T23:16:36.811991+09:00,광나루한강공원,광나루한강공원,POI087,KEY_3,1240043700,올림픽대로,1240018300,상행4교,127.1200789348837787_37.5446471106927930,1240020000,광나루안내센터앞,127.1217277682565907_37.5477735136945441,377.0,54.7,원활,127.1217277682565907_37.5477735136945441|127.1212759966970225_37.5469153604550527|127.1210049801465232_37.5463135111228326|127.1209069734959058_37.5461486431880829|127.1206662160814318_37.5457829894321264|127.1204255690761471_37.5453958723591228|127.1202696502783169_37.5451342307823310|127.1201275194644040_37.5448118206155357|127.1200789348837787_37.5446471106927930
2026-09-04T23:16:36.811991+09:00,광나루한강공원,광나루한강공원,POI087,KEY_3,1240045200,올림픽대로,1240020000,광나루안내센터앞,127.1217277682565907_37.5477735136945441,1240001200,경지리버캐슬,127.1230632962747364_37.5514363188395635,423.0,79.5,원활,127.1230632962747364_37.5514363188395635|127.1222773585622576_37.5492997494173082|127.1217277682565907_37.5477735136945441
2026-09-04T23:16:36.811991+09:00,광나루한강공원,광나루한강공원,POI087,KEY_3,1240047100,올림픽대로,1240001200,경지리버캐슬,127.1230632962747364_37.5514363188395635,1240023602,토끼굴입구교차로,127.1239139566358176_37.5547761552695221,378.0,47.0,서행,127.1239139566358176_37.5547761552695221|127.1238319581724454_37.5545467811282307|127.1236789988214184_37.5539882420447455|127.1233559075293158_37.5527137092216492|127.1230632962747364_37.5514363188395635
2026-09-04T23:16:36.811991+09:00,광나루한강공원,광나루한강공원,POI087,KEY_3,1240048400,올림픽대로,1240023601,토끼굴입구교차로,127.1239539812538482_37.5548831627873270,1240001404,토끼굴입구교차로,127.1250320763398065_37.5548511707998713,95.0,38.0,원활,127.1250320763398065_37.5548511707998713|127.1239539812538482_37.5548831627873270
2026-09-04T23:16:36.811991+09:00,광나루한강공원,광나루한강공원,POI087,KEY_3,1240049000,올림픽대로,1240001200,경지리버캐슬,127.1230632962747364_37.5514363188395635,1240025100,한강공원광나루지구앞,127.1269478033680542_37.5596504528202146,978.0,81.3,원활,127.1269478033680542_37.5596504528202146|127.1267496973602817_37.5593753265502670|127.1265066019370522_37.5590573372870296|127.1262273815180919_37.5586249595653143|127.1260337536956229_37.5583390999885367|127.1258490752626926_37.5580317751064641|127.1256418735539881_37.5576851390736692|127.1254301889410527_37.5573420834741540|127.1252499164838241_37.5569811156751996|127.1250966558760211_37.5566558768257437|127.1248848334649182_37.5562270003697236|127.1247360440222423_37.5558874529512821|127.1245781829503017_37.5554942767383437|127.1244112578118575_37.5550510486342262|127.1242397953772922_37.5545792183717495|127.1238473589382494_37.5535676683159139|127.1230632962747364_37.5514363188395635
2026-09-04T23:16:36.811991+09:00,광나루한강공원,광나루한강공원,POI087,KEY_3,1240055102,올림픽대로,1240090702,암사IC(동측),127.1362722116925994_37.5665738586957119,1240090901,암사IC,127.1394559378402249_37.5670778105045855,290.0,81.3,원활,127.1394559378402249_37.5670778105045855|127.1392235027427517_37.5670837960173998|127.1387484463464119_37.5670734478306017|127.1384095245911254_37.5670446840480778|127.1379356221320194_37.5669908429020794|127.1376427892064527_37.5669474737897886|127.1373686766040549_37.5669013071047218|127.1370990240938568_37.5668372561549120|127.1367978928529539_37.5667553608164653|127.1362722116925994_37.5665738586957119
2026-09-04T23:16:36.811991+09:00,광나루한강공원,광나루한강공원,POI087,KEY_3,1240055103,올림픽대로,1240090202,암사IC(서측),127.1308373655388664_37.5634694337541291,1240090702,암사IC(동측),127.1362722116925994_37.5665738586957119,594.0,81.3,원활,127.1362722116925994_37.5665738586957119|127.1359618092228487_37.5664666845864019|127.1356965859733208_37.5663668666233050|127.1352739684259205_37.5661742566018333|127.1347748760588274_37.5659209431275443|127.1340149204080774_37.5654891321954594|127.1334438721459890_37.5651858336020723|127.1329177577794809_37.5648860567984357|127.1325580067021122_37.5646719116931251|127.1321217855294492_37.5643970609068134|127.1316495417214725_37.5640721875436014|127.1313256970069148_37.5638365431922949|127.1308938962237960_37.5635151978296022|127.1308373655388664_37.5634694337541291
2026-09-04T23:16:36.811991+09:00,광나루한강공원,광나루한강공원,POI087,KEY_3,1240055104,올림픽대로,1240025100,한강공원광나루지구앞,127.1269478033680542_37.5596504528202146,1240090202,암사IC(서측),127.1308373655388664_37.5634694337541291,547.0,80.8,원활,127.1308373655388664_37.5634694337541291|127.1304395565809671_37.5631473897905153|127.1297692396458956_37.5625688430569511|127.1293553268536130_37.5621938351308913|127.1289548887118599_37.5618152340556080|127.1286624204853126_37.5615294868736953|127.1282079077977443_37.5610472428759650|127.1279469249624725_37.5607829142085734|127.1277579236502930_37.5605828724556119|127.1273528761989411_37.5601256030252131|127.1271323445065207_37.5598719561348560|127.1269478033680542_37.5596504528202146
2026-09-04T23:16:36.811991+09:00,광나루한강공원,광나루한강공원,POI087,KEY_3,1240057300,올림픽대로,1240030300,강일IC,127.1606499758005384_37.5714359568575702,1240030900,강일IC,127.1651625313621281_37.5734340461809779,456.0,78.3,원활,127.1651625313621281_37.5734340461809779|127.1632490113124447_37.5725223673562283|127.1606499758005384_37.5714359568575702
2026-09-04T23:16:36.811991+09:00,광나루한강공원,광나루한강공원,POI087,KEY_3,1240057500,서울양양고속도로,1240030900,강일IC,127.1651625313621281_37.5734340461809779,1240031100,강일IC,127.1691443708316314_37.5755176901044976,421.0,78.3,원활,127.1691443708316314_37.5755176901044976|127.1684720445243215_37.5751921035002070|127.1679862738846367_37.5749460640484614|127.1673070552934064_37.5745822937581835|127.1651625313621281_37.5734340461809779
2026-09-04T23:16:36.811991+09:00,광나루한강공원,광나루한강공원,POI087,KEY_3,1240059700,올림픽대로,1240017800,천호동480-7,127.1193551490127760_37.5429706223890776,1240032400,상행4교,127.1204348553451950_37.5446076809158882,206.0,64.3,원활,127.1204348553451950_37.5446076809158882|127.1201623800669296_37.5441394084785358|127.1198193379672148_37.5435695202564261|127.1196945642871015_37.5433687916018997|127.1195071488959343_37.5431177801974911|127.1193551490127760_37.5429706223890776
2026-09-04T23:16:36.811991+09:00,광나루한강공원,광나루한강공원,POI087,KEY_3,1240216500,올림픽대로,1240090202,암사IC(서측),127.1308373655388664_37.5634694337541291,1240090300,암사IC,127.1311901252658743_37.5637979024442927,48.0,64.3,원활,127.1311901252658743_37.5637979024442927|127.1310138827218452_37.5636337964583262|127.1308373655388664_37.5634694337541291
2026-09-04T23:16:36.811991+09:00,광나루한강공원,광나루한강공원,POI087,KEY_3,1240216700,올림픽대로,1240090300,암사IC,127.1311901252658743_37.5637979024442927,1240090500,암사IC,127.1329986169290862_37.5660652670102877,318.0,59.7,원활,127.1329986169290862_37.5660652670102877|127.1328953941539055_37.5659201364822906|127.1328683589674426_37.5657876034544600|127.1328605096152273_37.5656794288641009|127.1328678177050620_37.5654828603696558|127.1328713805042128_37.5653335298719071|127.1328673549299992_37.5652223038032886|127.1328537636253913_37.5651141329609501|127.1328152880906686_37.5650059928144842|127.1327730376240623_37.5649283303708970|127.1326867371606824_37.5648354806896165|127.1325793638164470_37.5647350366917578|127.1319258660842877_37.5643015086600727|127.1313737935168007_37.5639166927200563|127.1311901252658743_37.5637979024442927
2026-09-04T23:16:36.811991+09:00,광나루한강공원,광나루한강공원,POI087,KEY_3,1240217100,올림픽대로,1240090300,암사IC,127.1311901252658743_37.5637979024442927,1240090800,암사IC,127.1365972294102136_37.5651414590423798,693.0,57.7,원활,127.1365972294102136_37.5651414590423798|127.1366263498069742_37.5655247592747017|127.1366167971389984_37.5656929654523779|127.1365649460693987_37.5658421591015284|127.1365017738534391_37.5659610923698466|127.1364258738261981_37.5660542502193593|127.1363443474445631_37.5661507779322008|127.1362559045065979_37.5662221956221316|127.1361627886459758_37.5662828859782465|127.1360539698548564_37.5663292820469792|127.1359376504363468_37.5663766290928933|127.1358095231906304_37.5664104188161829|127.1356841884783364_37.5664318678621783|127.1355588365373990_37.5664432247464291|127.1354531846279627_37.5664411025320177|127.1353489279283622_37.5664356161090396|127.1352108326978083_37.5664111059951153|127.1350797559133667_37.5663731304233295|127.1349599506734194_37.5663351418212059|127.1347329831988588_37.5662412119071334|127.1345299467184589_37.5661371604368099|127.1342169603501446_37.5659917464286082|127.1340214186574826_37.5658947989163110|127.1335532128112504_37.5656929956492291|127.1332924858514275_37.5655570489759256|127.1331657550513938_37.5654850024289502|127.1330075339983523_37.5653758269636810|127.1328322008377683_37.5652387973408679|127.1326037771345341_37.5650332117797632|127.1323717324360416_37.5648140500230099|127.1322296265415730_37.5646762668406211|127.1320398864888830_37.5645135188209238|127.1318015860040163_37.5643079445266750|127.1315363565676506_37.5641031115349975|127.1313266480101163_37.5639559655156603|127.1311901252658743_37.5637979024442927
2026-09-04T23:16:36.811991+09:00,광나루한강공원,광나루한강공원,POI087,KEY_3,1240217200,올림픽대로,1240090701,암사IC(동측),127.1364229071871677_37.5663677147302906,1240090500,암사IC,127.1329986169290862_37.5660652670102877,429.0,52.0,원활,127.1329986169290862_37.5660652670102877|127.1329600232939043_37.5659203700531990|127.1329477880620686_37.5657735359934364|127.1329571774073059_37.5656667286276971|127.1329953312629755_37.5655656083791030|127.1330524000476601_37.5654702791231472|127.1331395872142025_37.5653680962422101|127.1332719276441736_37.5652471288348551|127.1334574976156517_37.5651451697874421|127.1336425154903651_37.5650873571503965|127.1338331574076790_37.5650681545166520|127.1339956210931490_37.5650678927528929|127.1341503653642917_37.5650884588409824|127.1343907537342943_37.5651804419851203|127.1347988979699153_37.5654176755140767|127.1361786059709686_37.5661791595674472|127.1364229071871677_37.5663677147302906
2026-09-04T23:16:36.811991+09:00,광나루한강공원,광나루한강공원,POI087,KEY_3,1240217300,올림픽대로,1240032202,암사IC,127.1348105358614475_37.5657190763764177,1240090702,암사IC(동측),127.1362722116925994_37.5665738586957119,536.0,52.3,원활,127.1362722116925994_37.5665738586957119|127.1355422138825730_37.5663616190620218|127.1348522274947328_37.5660240593168595|127.1342908298379797_37.5657067127172297|127.1341501924355697_37.5656478330757935|127.1340163428170911_37.5656032849037871|127.1338410826988223_37.5655780026662782|127.1336805566699155_37.5655762771312212|127.1335679829956007_37.5655935685079001|127.1334553318832974_37.5656328324409614|127.1333445177709223_37.5657000728031463|127.1332756414529683_37.5657719725260222|127.1332170858739090_37.5658548445979292|127.1331755937859640_37.5659449107621697|127.1331652662762650_37.5660414865934911|127.1331867609522135_37.5661374994450910|127.1332400486171395_37.5662272919825639|127.1333189293997492_37.5663054624892823|127.1334168092737400_37.5663671403775368|127.1335308265165622_37.5664115431693588|127.1336547605761496_37.5664370029105470|127.1337870236855281_37.5664456260945272|127.1339187209134565_37.5664270829611198|127.1340416062283367_37.5663864212405372|127.1341479884932824_37.5663306954828826|127.1342383507524829_37.5662603980275662|127.1343304101638694_37.5661885497603620|127.1344106509993281_37.5661070895429674|127.1348105358614475_37.5657190763764177
2026-09-04T23:16:36.811991+09:00,광나루한강공원,광나루한강공원,POI087,KEY_3,1240217600,올림픽대로,2210023201,구리암사대교(남측),127.1334726884199142_37.5674589454839420,1240090901,암사IC,127.1394559378402249_37.5670778105045855,575.0,64.0,원활,127.1394559378402249_37.5670778105045855|127.1391618742425180_37.5671175478771460|127.1387317818069249_37.5671512557337621|127.1381680858627021_37.5671271691521014|127.1378284097649924_37.5670932364760404|127.1374725327581388_37.5670450228944262|127.1372447989842129_37.5670107436991003|127.1369697781383366_37.5669581404343518|127.1367585584036846_37.5669140446188194|127.1365455306683003_37.5668628011187735|127.1363783400160372_37.5668179373993993|127.1362139303013947_37.5667647999988148|127.1360363612497935_37.5667022909636685|127.1358671842482835_37.5666359499810625|127.1357252808234790_37.5665890154760760|127.1355862061503359_37.5665495495053392|127.1354603154168927_37.5665272655413673|127.1352987581030334_37.5665184813906166|127.1351409859530435_37.5665253898261540|127.1350085934929695_37.5665449784701764|127.1348612114022671_37.5665847708890581|127.1347194891144881_37.5666380121291681|127.1345881243871787_37.5667061961113262|127.1344361688853581_37.5668140219592956|127.1342926771646944_37.5669293153423993|127.1341501309783979_37.5670475978779947|127.1339456741921055_37.5672093135944110|127.1334726884199142_37.5674589454839420
2026-09-04T23:16:36.811991+09:00,광나루한강공원,광나루한강공원,POI087,KEY_3,1240224500,구천면로,1249098600,최소노드배치점,127.1150320984369557_37.5442471099520390,1240018000,광진교(동측),127.1177651433606286_37.5433963082104114,259.0,45.5,원활,127.1177651433606286_37.5433963082104114|127.1150320984369557_37.5442471099520390
2026-09-04T23:16:36.811991+09:00,광나루한강공원,광나루한강공원,POI087,KEY_3,1240225700,양재대로,2210023201,구리암사대교(남측),127.1334726884199142_37.5674589454839420,1240032201,암사IC,127.1349194171493338_37.5657805051552458,226.0,69.0,원활,127.1349194171493338_37.5657805051552458|127.1347113561779594_37.5660250553624380|127.1343030318637659_37.5664722466768595|127.1334726884199142_37.5674589454839420
2026-09-04T23:16:36.811991+09:00,광나루한강공원,광나루한강공원,POI087,KEY_3,1240225800,양재대로,1240032202,암사IC,127.1348105358614475_37.5657190763764177,2210023202,구리암사대교(남측),127.1333607373298094_37.5673990317431219,226.0,90.0,원활,127.1333607373298094_37.5673990317431219|127.1339898006687719_37.5666507311606352|127.1345996182809017_37.5659635700386403|127.1347596556099120_37.5657752217915260|127.1348105358614475_37.5657190763764177
2026-09-04T23:16:36.811991+09:00,광나루한강공원,광나루한강공원,POI087,KEY_3,1249001300,올림픽대로,1249000900,강동고덕IC,127.1454005448970577_37.5666132262366972,1249001700,강동고덕IC,127.1492121179498014_37.5666314223501203,339.0,60.0,원활,127.1492121179498014_37.5666314223501203|127.1491517684305705_37.5666506266823532|127.1490891987170784_37.5666668338693199|127.1490241536903909_37.5666798852292416|127.1489563782325547_37.5666896220796218|127.1488856172266821_37.5666958857371682|127.1488116155573067_37.5666985175178283|127.1487538341527852_37.5666980124752143|127.1486939787477439_37.5666953082959765|127.1486319417171700_37.5666903380342205|127.1482595541863247_37.5666553171452406|127.1481842141033667_37.5666458129190204|127.1481029864332157_37.5666368475785077|127.1480166691343072_37.5666284947251015|127.1479105974525794_37.5666196220394184|127.1477999514545161_37.5666118000809703|127.1476859982637393_37.5666051457360766|127.1475700050023363_37.5665997758956252|127.1474532387909591_37.5665958074551938|127.1473534987606371_37.5665936099474820|127.1472549197459756_37.5665926015455014|127.1471742331369512_37.5665927226699523|127.1460812311838140_37.5666310345758490|127.1454005448970577_37.5666132262366972
2026-09-04T23:16:36.811991+09:00,광나루한강공원,광나루한강공원,POI087,KEY_3,1249004200,세종포천고속도로,1249003800,속성변화점,127.1538504256544826_37.5669421443272782,1249004200,강동고덕IC,127.1531229995195389_37.5684066576774143,177.0,51.5,원활,127.1531229995195389_37.5684066576774143|127.1535588105884784_37.5677732648299880|127.1535929995864933_37.5677180275478122|127.1536248360431784_37.5676632906555739|127.1536543679879827_37.5676090409917052|127.1536816434500565_37.5675552653944180|127.1537067104583940_37.5675019507018462|127.1537296170416482_37.5674490837518178|127.1537504112283159_37.5673966513820972|127.1537691410466238_37.5673446404302638|127.1537858545246706_37.5672930377337835|127.1538005996902143_37.5672418301299587|127.1538134245708846_37.5671910044559638|127.1538243771941552_37.5671405475488882|127.1538335055871727_37.5670904462456576|127.1538408577770412_37.5670406873831837|127.1538464817905947_37.5669912577981435|127.1538504256544826_37.5669421443272782
2026-09-04T23:16:36.811991+09:00,광나루한강공원,광나루한강공원,POI087,KEY_3,1249004300,세종포천고속도로,1249004000,고덕토평대교남측,127.1545591558637369_37.5669550891076014,1249004200,강동고덕IC,127.1531229995195389_37.5684066576774143,205.0,100.0,원활,127.1531229995195389_37.5684066576774143|127.1532135199928177_37.5683248961847838|127.1533046506330322_37.5682413080580773|127.1533960872386615_37.5681562109459009|127.1534875266374343_37.5680699219237368|127.1535786664171752_37.5679827576630743|127.1536691796681140_37.5678950588425877|127.1537810724618538_37.5677850763585255|127.1538909404785898_37.5676753577294917|127.1539982208116442_37.5675664961815983|127.1541023247567068_37.5674591108636875|127.1542026905767671_37.5673537932635924|127.1542798270779571_37.5672715179325110|127.1543538975981420_37.5671912761153450|127.1544245713835153_37.5671134180022293|127.1545591558637369_37.5669550891076014
2026-09-04T23:16:36.811991+09:00,광나루한강공원,광나루한강공원,POI087,KEY_3,1249004400,세종포천고속도로,1249004200,강동고덕IC,127.1531229995195389_37.5684066576774143,1249004300,속성변화점,127.1522537238791841_37.5691179051641413,110.0,96.0,원활,127.1522537238791841_37.5691179051641413|127.1523607796468411_37.5690333491446182|127.1525902903006937_37.5688563531528530|127.1526498118070663_37.5688094067240073|127.1527108078899033_37.5687602660624833|127.1527731575753677_37.5687090563237618|127.1528367244431763_37.5686559157201145|127.1529013741228908_37.5686009814704747|127.1529669738312691_37.5685443899934768|127.1530333557997778_37.5684863087568388|127.1531229995195389_37.5684066576774143
2026-09-04T23:16:36.811991+09:00,광나루한강공원,광나루한강공원,POI087,KEY_3,1249004900,세종포천고속도로,1249004700,속성변화점,127.1532558940064632_37.5685317270623784,1249004400,강동고덕IC,127.1543111086451745_37.5675084796111562,147.0,91.0,원활,127.1543111086451745_37.5675084796111562|127.1542642049294614_37.5675576974918073|127.1541590918255054_37.5676661240150978|127.1540508224112784_37.5677759894576084|127.1539399686044192_37.5678866927681128|127.1538271281338837_37.5679976069766965|127.1537357464921456_37.5680861473637577|127.1536437611318320_37.5681741204938291|127.1535514394082611_37.5682612423114790|127.1534590731802581_37.5683472047559022|127.1533669535522648_37.5684317001723187|127.1532753706052858_37.5685144214808062|127.1532558940064632_37.5685317270623784
2026-09-04T23:16:36.811991+09:00,광나루한강공원,광나루한강공원,POI087,KEY_3,1249005500,올림픽대로,1249004900,강동고덕IC,127.1556172088553183_37.5685808780140178,1249005100,강동고덕IC,127.1594245200947029_37.5708609109450435,442.0,53.3,원활,127.1594245200947029_37.5708609109450435|127.1588715773559244_37.5706859281288743|127.1580595927379278_37.5703110920263939|127.1579691582908254_37.5702726713072863|127.1578110747222468_37.5702093065536431|127.1569625645828836_37.5698849616775519|127.1565017725998672_37.5696886070384934|127.1564544256262366_37.5696560720357198|127.1564114406254049_37.5696225646814881|127.1563728176568731_37.5695880711070558|127.1563353706094972_37.5695489725379588|127.1563032017711521_37.5695086454000986|127.1562763112197274_37.5694670712322036|127.1562546990325870_37.5694242315722349|127.1562383652865975_37.5693801079574996|127.1561674568100102_37.5691095660189305|127.1561466169877406_37.5690521608998296|127.1561279777383930_37.5690062093171449|127.1561065119989706_37.5689596704125321|127.1560841316127437_37.5689180059745880|127.1560577006417532_37.5688766896133117|127.1560260854565882_37.5688363298500576|127.1559910932286499_37.5688002241587924|127.1559519866989518_37.5687672624400264|127.1559080286109520_37.5687363345928915|127.1558584817111210_37.5687063305148499|127.1556172088553183_37.5685808780140178
2026-09-04T23:16:36.811991+09:00,광나루한강공원,광나루한강공원,POI087,KEY_3,1249005600,세종포천고속도로,2219001400,강동구-구리시,127.1514647427795097_37.5699413360462344,1249004700,속성변화점,127.1532558940064632_37.5685317270623784,223.0,91.0,원활,127.1532558940064632_37.5685317270623784|127.1531846520407072_37.5685950277339202|127.1531172624208637_37.5686539907219981|127.1530506549390651_37.5687114516808691|127.1529849125477512_37.5687673145237468|127.1529201531859457_37.5688214521152730|127.1528564932069401_37.5688737381209066|127.1527940469153464_37.5689240471999000|127.1527329440634304_37.5689722409552118|127.1525034848036881_37.5691491975690255|127.1523967485271243_37.5692335013670586|127.1522547258818037_37.5693439987906217|127.1520462644153895_37.5695038996392867|127.1517314946208330_37.5697420983592494|127.1514647427795097_37.5699413360462344
2026-09-04T23:16:36.811991+09:00,광나루한강공원,광나루한강공원,POI087,KEY_3,2210114600,수도권제1순환고속도로,2219109600,최소노드배치점,127.1609957002902433_37.5785547087026899,1240031000,강일IC(북측),127.1634752871115808_37.5755388690718135,400.0,95.3,원활,127.1634752871115808_37.5755388690718135|127.1610498332658210_37.5784891172327278|127.1609957002902433_37.5785547087026899
2026-09-04T23:16:36.811991+09:00,광나루한강공원,광나루한강공원,POI087,KEY_3,2219001100,세종포천고속도로,1249004300,속성변화점,127.1522537238791841_37.5691179051641413,2219001300,강동구-구리시,127.1512993803769831_37.5698423595654631,117.0,98.0,원활,127.1512993803769831_37.5698423595654631|127.1515915337838010_37.5696241497645218|127.1519053223385924_37.5693866939154546|127.1521127670735893_37.5692275731775283|127.1522537238791841_37.5691179051641413
2026-09-04T23:16:36.811991+09:00,광화문광장,광화문광장,POI088,KEY_4,1000000902,새문안로,1000008401,신문로1가141,126.9756642084840337_37.5702188245241615,1000009300,세종로208,126.9762005801091362_37.5702231750732523,47.0,44.0,원활,126.9762005801091362_37.5702231750732523|126.9756642084840337_37.5702188245241615
2026-09-04T23:16:36.811991+09:00,광화문광장,광화문광장,POI088,KEY_4,1000000903,새문안로,1000214200,세종대로사거리,126.9766244379145377_37.5702266110763219,1000009004,세종대로사거리,126.9769755542479714_37.5702294562480148,31.0,40.7,원활,126.9769755542479714_37.5702294562480148|126.9766244379145377_37.5702266110763219
2026-09-04T23:16:36.811991+09:00,광화문광장,광화문광장,POI088,KEY_4,1000001301,종로,1000009001,세종대로사거리,126.9771187019505163_37.5702314111293560,1000009700,종로1가1-3,126.9777559525715844_37.5702421551131351,56.0,12.0,정체,126.9777559525715844_37.5702421551131351|126.9771187019505163_37.5702314111293560
2026-09-04T23:16:36.811991+09:00,광화문광장,광화문광장,POI088,KEY_4,1000001302,종로,1000009700,종로1가1-3,126.9777559525715844_37.5702421551131351,1000008804,광화문우체국,126.9784336631558119_37.5702494972367163,60.0,17.0,서행,126.9784336631558119_37.5702494972367163|126.9779432056922133_37.5702453112944994|126.9777559525715844_37.5702421551131351
2026-09-04T23:16:36.811991+09:00,광화문광장,광화문광장,POI088,KEY_4,1000001402,종로,1000008803,광화문우체국,126.9784351192109852_37.5701413844145975,1000008000,동아일보사,126.9777588281918099_37.5701340596360964,60.0,8.0,정체,126.9777588281918099_37.5701340596360964|126.9779453713088060_37.5701372048683524|126.9784351192109852_37.5701413844145975
2026-09-04T23:16:36.811991+09:00,광화문광장,광화문광장,POI088,KEY_4,1000008305,사직로8길,1000030902,세종로공원,126.9763299470461675_37.5743620222710391,1000016700,광화문,126.9763532157447088_37.5747826865806687,47.0,37.0,원활,126.9763532157447088_37.5747826865806687|126.9763299470461675_37.5743620222710391
2026-09-04T23:16:36.811991+09:00,광화문광장,광화문광장,POI088,KEY_4,1000008306,사직로8길,1000030901,세종로공원,126.9763653836261312_37.5741476322646690,1000030902,세종로공원,126.9763299470461675_37.5743620222710391,24.0,37.0,원활,126.9763299470461675_37.5743620222710391|126.9763653836261312_37.5741476322646690
2026-09-04T23:16:36.811991+09:00,광화문광장,광화문광장,POI088,KEY_4,1000008403,세종대로,1000178600,세종로 84-12,126.9773435970436708_37.5716353187199061,1000010301,주한네덜란드대사관,126.9773205016073234_37.5708618739457165,86.0,22.0,서행,126.9773205016073234_37.5708618739457165|126.9773435970436708_37.5716353187199061
2026-09-04T23:16:36.811991+09:00,광화문광장,광화문광장,POI088,KEY_4,1000008404,세종대로,1000031103,대한민국역사박물관,126.9772668410657133_37.5742389331108342,1000013701,미국대사관,126.9773127388234570_37.5727861811112405,161.0,24.0,서행,126.9773127388234570_37.5727861811112405|126.9772668410657133_37.5742389331108342
2026-09-04T23:16:36.811991+09:00,광화문광장,광화문광장,POI088,KEY_4,1000008405,세종대로,1000031102,대한민국역사박물관,126.9772570032702248_37.5744554912241924,1000031103,대한민국역사박물관,126.9772668410657133_37.5742389331108342,24.0,24.3,서행,126.9772668410657133_37.5742389331108342|126.9772570032702248_37.5744554912241924
2026-09-04T23:16:36.811991+09:00,광화문광장,광화문광장,POI088,KEY_4,1000008406,세종대로,1000013701,미국대사관,126.9773127388234570_37.5727861811112405,1000013702,미국대사관,126.9773159428094118_37.5726780742018107,12.0,36.0,원활,126.9773159428094118_37.5726780742018107|126.9773127388234570_37.5727861811112405
2026-09-04T23:16:36.811991+09:00,광화문광장,광화문광장,POI088,KEY_4,1000009901,사직로8길,1000015501,정부중앙청사별관,126.9745359191347660_37.5741633893777163,1000015902,중앙지하차도(서측),126.9756117227963585_37.5742176029672024,95.0,13.0,정체,126.9756117227963585_37.5742176029672024|126.9745359191347660_37.5741633893777163
2026-09-04T23:16:36.811991+09:00,광화문광장,광화문광장,POI088,KEY_4,1000009902,사직로8길,1000015902,중앙지하차도(서측),126.9756117227963585_37.5742176029672024,1000030902,세종로공원,126.9763299470461675_37.5743620222710391,66.0,23.0,서행,126.9763299470461675_37.5743620222710391|126.9758706991731145_37.5743046632961182|126.9756117227963585_37.5742176029672024
2026-09-04T23:16:36.811991+09:00,광화문광장,광화문광장,POI088,KEY_4,1000009903,사직로8길,1000031102,대한민국역사박물관,126.9772570032702248_37.5744554912241924,1000016202,중앙지하차도(동측),126.9780305337901893_37.5744492911494277,69.0,7.0,정체,126.9780305337901893_37.5744492911494277|126.9777525987565241_37.5744864077288838|126.9772766588325226_37.5744570835161937|126.9772570032702248_37.5744554912241924
2026-09-04T23:16:36.811991+09:00,광화문광장,광화문광장,POI088,KEY_4,1000009904,사직로8길,1000016202,중앙지하차도(동측),126.9780305337901893_37.5744492911494277,1000016107,정부합동민원실,126.9784461006803866_37.5744659883513918,37.0,31.0,원활,126.9784461006803866_37.5744659883513918|126.9780305337901893_37.5744492911494277
2026-09-04T23:16:36.811991+09:00,광화문광장,광화문광장,POI088,KEY_4,1000010001,사직로8길,1000015901,중앙지하차도(서측),126.9756254491522043_37.5741101153048476,1000015502,정부중앙청사별관,126.9745471372090009_37.5740556283939924,95.0,34.0,원활,126.9745471372090009_37.5740556283939924|126.9756254491522043_37.5741101153048476
2026-09-04T23:16:36.811991+09:00,광화문광장,광화문광장,POI088,KEY_4,1000010002,사직로8길,1000030901,세종로공원,126.9763653836261312_37.5741476322646690,1000015901,중앙지하차도(서측),126.9756254491522043_37.5741101153048476,66.0,21.0,서행,126.9756254491522043_37.5741101153048476|126.9759083891116944_37.5740905296920999|126.9763653836261312_37.5741476322646690
2026-09-04T23:16:36.811991+09:00,광화문광장,광화문광장,POI088,KEY_4,1000010003,사직로8길,1000016201,중앙지하차도(동측),126.9780392001640763_37.5743414013185841,1000031103,대한민국역사박물관,126.9772668410657133_37.5742389331108342,70.0,17.0,서행,126.9772668410657133_37.5742389331108342|126.9773009030501640_37.5742416927750185|126.9777735667203871_37.5742708146941595|126.9780392001640763_37.5743414013185841
2026-09-04T23:16:36.811991+09:00,광화문광장,광화문광장,POI088,KEY_4,1000010004,사직로8길,1000016106,정부합동민원실,126.9784265292035883_37.5743569447684180,1000016201,중앙지하차도(동측),126.9780392001640763_37.5743414013185841,34.0,22.0,서행,126.9780392001640763_37.5743414013185841|126.9784265292035883_37.5743569447684180
2026-09-04T23:16:36.811991+09:00,광화문광장,광화문광장,POI088,KEY_4,1000010600,새문안로5길,1000019302,정부서울청사사거리,126.9743957431224146_37.5756988655088620,1000015501,정부중앙청사별관,126.9745359191347660_37.5741633893777163,171.0,9.0,정체,126.9745359191347660_37.5741633893777163|126.9745251838795923_37.5743178497332622|126.9743883747213147_37.5754949317932088|126.9743883466303203_37.5755769520238516|126.9743957431224146_37.5756988655088620
2026-09-04T23:16:36.811991+09:00,광화문광장,광화문광장,POI088,KEY_4,1000011101,종로1길,1000061700,세종로 23-3,126.9788627671283336_37.5751151643689312,1000018300,경복궁사거리,126.9791985772177298_37.5755559719213679,57.0,22.0,서행,126.9791985772177298_37.5755559719213679|126.9791278841071005_37.5754329070121216|126.9790835784237970_37.5753764590680319|126.9788627671283336_37.5751151643689312
2026-09-04T23:16:36.811991+09:00,광화문광장,광화문광장,POI088,KEY_4,1000011102,종로1길,1000018300,경복궁사거리,126.9791985772177298_37.5755559719213679,1000019703,경복궁사거리,126.9793107532419185_37.5757813746508091,27.0,28.0,원활,126.9793107532419185_37.5757813746508091|126.9791985772177298_37.5755559719213679
2026-09-04T23:16:36.811991+09:00,광화문광장,광화문광장,POI088,KEY_4,1000011202,종로1길,1000019702,경복궁사거리,126.9794701198467664_37.5758080047390521,1000018200,경복궁,126.9792457576218681_37.5753789068622197,52.0,6.0,정체,126.9792457576218681_37.5753789068622197|126.9793010192322811_37.5754682222458030|126.9794701198467664_37.5758080047390521
2026-09-04T23:16:36.811991+09:00,광화문광장,광화문광장,POI088,KEY_4,1000011700,사직로,1000019303,정부서울청사사거리,126.9742603998069796_37.5757097304571062,1000019802,경복궁역사거리,126.9727094012703503_37.5758424186585529,138.0,29.0,원활,126.9727094012703503_37.5758424186585529|126.9729390930378230_37.5758227698022793|126.9733793101036952_37.5757851103966303|126.9742603998069796_37.5757097304571062
2026-09-04T23:16:36.811991+09:00,광화문광장,광화문광장,POI088,KEY_4,1000011800,사직로,1000242400,적선동 8-1,126.9733938280741512_37.5758926104395314,1000019304,정부서울청사사거리,126.9742589191568953_37.5758185992423250,77.0,26.0,원활,126.9742589191568953_37.5758185992423250|126.9733938280741512_37.5758926104395314
2026-09-04T23:16:36.811991+09:00,광화문광장,광화문광장,POI088,KEY_4,1000012001,사직로,1000018500,광화문,126.9756248255992830_37.5755943672526271,1000019302,정부서울청사사거리,126.9743957431224146_37.5756988655088620,109.0,29.0,원활,126.9743957431224146_37.5756988655088620|126.9754810818243271_37.5756177185546321|126.9756248255992830_37.5755943672526271
2026-09-04T23:16:36.811991+09:00,광화문광장,광화문광장,POI088,KEY_4,1000012101,사직로,1000003601,광화문삼거리,126.9772026040190127_37.5752961563211159,1000020200,경복궁,126.9786283706113750_37.5757946408291801,142.0,18.0,서행,126.9786283706113750_37.5757946408291801|126.9780494814518477_37.5757270176835334|126.9778051553330869_37.5756687993840117|126.9775841152535918_37.5755595455980540|126.9773389726312587_37.5753713360195221|126.9772665949307680_37.5753228898854132|126.9772026040190127_37.5752961563211159
2026-09-04T23:16:36.811991+09:00,광화문광장,광화문광장,POI088,KEY_4,1000012102,사직로,1000020200,경복궁,126.9786283706113750_37.5757946408291801,1000019704,경복궁사거리,126.9793621536958312_37.5759001150550986,66.0,30.0,원활,126.9793621536958312_37.5759001150550986|126.9791440605087161_37.5758645700478056|126.9786283706113750_37.5757946408291801
2026-09-04T23:16:36.811991+09:00,광화문광장,광화문광장,POI088,KEY_4,1000012201,사직로,1000018900,광화문,126.9779451863085598_37.5756050720602488,1000003602,광화문삼거리,126.9772110255811555_37.5752034687002023,79.0,40.0,원활,126.9772110255811555_37.5752034687002023|126.9772928511832646_37.5752335458452649|126.9773935570080141_37.5752794922773816|126.9776603729761888_37.5754731005354259|126.9778509223909992_37.5755747642951761|126.9779451863085598_37.5756050720602488
2026-09-04T23:16:36.811991+09:00,광화문광장,광화문광장,POI088,KEY_4,1000012202,사직로,1000019100,경복궁,126.9786480964121154_37.5756876675167888,1000018900,광화문,126.9779451863085598_37.5756050720602488,63.0,24.0,서행,126.9779451863085598_37.5756050720602488|126.9786480964121154_37.5756876675167888
2026-09-04T23:16:36.811991+09:00,광화문광장,광화문광장,POI088,KEY_4,1000012203,사직로,1000019703,경복궁사거리,126.9793107532419185_37.5757813746508091,1000019100,경복궁,126.9786480964121154_37.5756876675167888,59.0,31.3,원활,126.9786480964121154_37.5756876675167888|126.9791690991976765_37.5757582877498706|126.9793107532419185_37.5757813746508091
2026-09-04T23:16:36.811991+09:00,광화문광장,광화문광장,POI088,KEY_4,1000012502,사직로,1000224600,내자동 35,126.9704050096786716_37.5761139325286422,1000019804,경복궁역사거리,126.9725583211622109_37.5759627912727225,191.0,45.0,원활,126.9725583211622109_37.5759627912727225|126.9704050096786716_37.5761139325286422
2026-09-04T23:16:36.811991+09:00,광화문광장,광화문광장,POI088,KEY_4,1000015201,효자로,1000022102,한글전각갤러리,126.9739017858953645_37.5793498869892204,1000019301,정부서울청사사거리,126.9743957935852450_37.5758074664167268,396.0,24.0,서행,126.9743957935852450_37.5758074664167268|126.9743764184428017_37.5760755345660726|126.9743092662572082_37.5764778948295017|126.9741719066146146_37.5773009081164844|126.9741268698984413_37.5775378120208856|126.9740611119599407_37.5778837117652031|126.9740177174622744_37.5782830491677231|126.9739017858953645_37.5793498869892204
2026-09-04T23:16:36.811991+09:00,광화문광장,광화문광장,POI088,KEY_4,1000015401,자하문로,1000140900,통의동 139,126.9725715057905830_37.5765777524989346,1000019801,경복궁역사거리,126.9726968257656665_37.5759522364072183,70.0,20.0,서행,126.9726968257656665_37.5759522364072183|126.9726385507227491_37.5763288934255186|126.9725895796281208_37.5765259070172135|126.9725715057905830_37.5765777524989346
2026-09-04T23:16:36.811991+09:00,광화문광장,광화문광장,POI088,KEY_4,1000029000,삼봉로,1000013504,주한미국대사관,126.9784467211068915_37.5726032215874994,1000013702,미국대사관,126.9773159428094118_37.5726780742018107,102.0,38.0,원활,126.9773159428094118_37.5726780742018107|126.9782512339889990_37.5726820504358230|126.9783129244980984_37.5726656952107234|126.9784467211068915_37.5726032215874994
2026-09-04T23:16:36.811991+09:00,광화문광장,광화문광장,POI088,KEY_4,1000029100,삼봉로,1000013701,미국대사관,126.9773127388234570_37.5727861811112405,1000013506,주한미국대사관,126.9785034818852267_37.5727020694592397,108.0,23.0,서행,126.9785034818852267_37.5727020694592397|126.9783693699185818_37.5727646906777721|126.9782729085429054_37.5727902630233856|126.9773127388234570_37.5727861811112405
2026-09-04T23:16:36.811991+09:00,광화문광장,광화문광장,POI088,KEY_4,1000032100,사직로8길,1000016201,중앙지하차도(동측),126.9780392001640763_37.5743414013185841,1000015901,중앙지하차도(서측),126.9756254491522043_37.5741101153048476,215.0,33.0,원활,126.9756254491522043_37.5741101153048476|126.9761957492264486_37.5741735473063159|126.9766215660821871_37.5742181343338189|126.9771926297512294_37.5742872595378330|126.9772948428578871_37.5742955404616978|126.9780392001640763_37.5743414013185841
2026-09-04T23:16:36.811991+09:00,광화문광장,광화문광장,POI088,KEY_4,1000032200,사직로8길,1000015902,중앙지하차도(서측),126.9756117227963585_37.5742176029672024,1000016202,중앙지하차도(동측),126.9780305337901893_37.5744492911494277,215.0,33.3,원활,126.9780305337901893_37.5744492911494277|126.9772827190510327_37.5744032358319444|126.9771755284284893_37.5743945520917961|126.9766024909210955_37.5743251885524288|126.9761774658537661_37.5742806845081674|126.9756117227963585_37.5742176029672024
2026-09-04T23:16:36.811991+09:00,광화문광장,광화문광장,POI088,KEY_4,1000033500,사직로8길,1000016700,광화문,126.9763532157447088_37.5747826865806687,1000018500,광화문,126.9756248255992830_37.5755943672526271,120.0,24.5,서행,126.9756248255992830_37.5755943672526271|126.9757224088591272_37.5755618208710729|126.9758504305735158_37.5754900338429323|126.9760508643001629_37.5753564685578638|126.9761754799532412_37.5752709023523934|126.9762520914758284_37.5751999395367235|126.9763079793872578_37.5751369053768087|126.9763381579947321_37.5750888967285448|126.9763591702643026_37.5749970467265655|126.9763532157447088_37.5747826865806687
2026-09-04T23:16:36.811991+09:00,광화문광장,광화문광장,POI088,KEY_4,1000034400,새문안로3길,1000018004,서울특별시경찰청,126.9726181216856418_37.5753302820372284,1000019803,경복궁역사거리,126.9725722748504069_37.5758532725264089,58.0,7.0,정체,126.9725722748504069_37.5758532725264089|126.9726181216856418_37.5753302820372284
2026-09-04T23:16:36.811991+09:00,광화문광장,광화문광장,POI088,KEY_4,1000034500,새문안로3길,1000019802,경복궁역사거리,126.9727094012703503_37.5758424186585529,1000018001,서울특별시경찰청,126.9727536370288590_37.5753378072978137,56.0,19.5,서행,126.9727536370288590_37.5753378072978137|126.9727094012703503_37.5758424186585529
2026-09-04T23:16:36.811991+09:00,광화문광장,광화문광장,POI088,KEY_4,1000034600,종로1길,1000018300,경복궁사거리,126.9791985772177298_37.5755559719213679,1000019100,경복궁,126.9786480964121154_37.5756876675167888,52.0,24.0,서행,126.9786480964121154_37.5756876675167888|126.9788862592677674_37.5756563323175570|126.9790599923662171_37.5756153599018674|126.9791438638352332_37.5755915362356276|126.9791953891944161_37.5755648461559062|126.9791985772177298_37.5755559719213679
2026-09-04T23:16:36.811991+09:00,광화문광장,광화문광장,POI088,KEY_4,1000034900,율곡로,1000019401,경복궁,126.9801381644492011_37.5758813627365100,1000018200,경복궁,126.9792457576218681_37.5753789068622197,101.0,29.0,원활,126.9792457576218681_37.5753789068622197|126.9793355830232144_37.5754952608411301|126.9794316395642397_37.5755988334256017|126.9795071017629624_37.5756589212616419|126.9796274882100420_37.5757347490756146|126.9797877149027556_37.5758145479697703|126.9801381644492011_37.5758813627365100
2026-09-04T23:16:36.811991+09:00,광화문광장,광화문광장,POI088,KEY_4,1000035200,사직로,1000020200,경복궁,126.9786283706113750_37.5757946408291801,1000020600,대한출판문화협회,126.9794687888132074_37.5765544121067592,118.0,27.0,원활,126.9794687888132074_37.5765544121067592|126.9794368084534142_37.5764098329770562|126.9791960602808700_37.5761637733622180|126.9789750836954596_37.5759177176703147|126.9788694300669647_37.5758537146814078|126.9786283706113750_37.5757946408291801
2026-09-04T23:16:36.811991+09:00,광화문광장,광화문광장,POI088,KEY_4,1000046900,새문안로5길,1000012006,국토매일신문,126.9746696177836469_37.5730735623354022,1000032002,세종문화회관,126.9758250290710748_37.5731209316015295,105.0,11.0,정체,126.9758250290710748_37.5731209316015295|126.9757824820902385_37.5730812205397768|126.9757224844348826_37.5730583643911942|126.9746696177836469_37.5730735623354022
2026-09-04T23:16:36.811991+09:00,국립중앙박물관·용산가족공원,국립중앙박물관·용산가족공원,POI089,KEY_1,1020002703,동작대로,1020008300,동작대교(북측),126.9831231263510745_37.5186454299299683,1020008900,용산동6가68-2,126.9856244599082515_37.5199353315508191,345.0,45.0,원활,126.9856244599082515_37.5199353315508191|126.9851520657106505_37.5199330133943860|126.9849590223187761_37.5199222607252665|126.9844517234037795_37.5198792847619202|126.9837468776516687_37.5198934932959531|126.9834415949089248_37.5198934508918427|126.9833114065726534_37.5198684018021069|126.9832395884266276_37.5198111779369654|126.9831857329131708_37.5197325009994032|126.9831678001106070_37.5196216471319275|126.9831589769449067_37.5189315044776635|126.9831231263510745_37.5186454299299683
2026-09-04T23:16:36.811991+09:00,국립중앙박물관·용산가족공원,국립중앙박물관·용산가족공원,POI089,KEY_1,1020003501,서빙고로,1020008900,용산동6가68-2,126.9856244599082515_37.5199353315508191,1020009600,서빙고역1번출구,126.9892206338615068_37.5202953174309997,322.0,46.0,원활,126.9892206338615068_37.5202953174309997|126.9874372796063824_37.5202347577893534|126.9869599767637851_37.5201713421180116|126.9861687618297594_37.5200308704333310|126.9856244599082515_37.5199353315508191
2026-09-04T23:16:36.811991+09:00,국립중앙박물관·용산가족공원,국립중앙박물관·용산가족공원,POI089,KEY_1,1020003600,서빙고로,1020009803,서빙고역앞교차로,126.9906263345553441_37.5201827478191134,1020009100,용산동6가68-28,126.9856485208616874_37.5198269672326532,444.0,27.0,원활,126.9856485208616874_37.5198269672326532|126.9861984039574878_37.5199253592339943|126.9869859291069929_37.5200651761878134|126.9874513924203825_37.5201270182477344|126.9892261074465267_37.5201872858655250|126.9899322487584783_37.5202087064446914|126.9906263345553441_37.5201827478191134
2026-09-04T23:16:36.811991+09:00,국립중앙박물관·용산가족공원,국립중앙박물관·용산가족공원,POI089,KEY_1,1020003701,서빙고로,1020205300,최소노드배치점,126.9771318206997961_37.5215083602475872,1020013208,이촌역앞교차로,126.9721043872624193_37.5230255837811626,475.0,34.5,원활,126.9721043872624193_37.5230255837811626|126.9724396951435779_37.5229486320181209|126.9727996738355813_37.5228541381284799|126.9759261236798551_37.5218809031478742|126.9771318206997961_37.5215083602475872
2026-09-04T23:16:36.811991+09:00,국립중앙박물관·용산가족공원,국립중앙박물관·용산가족공원,POI089,KEY_1,1020003702,서빙고로,1020009100,용산동6가68-28,126.9856485208616874_37.5198269672326532,1020010400,용산동6가 69-17,126.9821380566905020_37.5199437901041364,315.0,38.0,원활,126.9821380566905020_37.5199437901041364|126.9826383095516746_37.5198210408598669|126.9829979071286772_37.5197577814862271|126.9832537786960671_37.5197221532927898|126.9834537822768112_37.5196943038870074|126.9841416316742198_37.5196883777421704|126.9845049125151775_37.5196974684270046|126.9850144834923640_37.5197426320869454|126.9856485208616874_37.5198269672326532
2026-09-04T23:16:36.811991+09:00,국립중앙박물관·용산가족공원,국립중앙박물관·용산가족공원,POI089,KEY_1,1020003800,서빙고로,1020132300,용산동6가 93-9,126.9832771544528640_37.5198286585956069,1020008900,용산동6가68-2,126.9856244599082515_37.5199353315508191,209.0,36.0,원활,126.9856244599082515_37.5199353315508191|126.9849957939445346_37.5198497634866399|126.9844952603327499_37.5198054001232961|126.9841402343862171_37.5197965168473218|126.9834662864089552_37.5198023232951812|126.9832771544528640_37.5198286585956069
2026-09-04T23:16:36.811991+09:00,난지한강공원,난지한강공원,POI090,KEY_2,1130006902,강변북로,1130199300,최소노드배치점,126.8729418117983414_37.5705812052893933,1130042800,가양대교,126.8697893429894208_37.5724082688915715,344.0,66.0,원활,126.8697893429894208_37.5724082688915715|126.8729418117983414_37.5705812052893933
2026-09-04T23:16:36.811991+09:00,난지한강공원,난지한강공원,POI090,KEY_2,1130006903,강변북로,1130042800,가양대교,126.8697893429894208_37.5724082688915715,1130045000,가양검문소,126.8655270720403223_37.5748441741929255,464.0,81.7,원활,126.8655270720403223_37.5748441741929255|126.8684984002298108_37.5731553579559545|126.8697893429894208_37.5724082688915715
2026-09-04T23:16:36.811991+09:00,난지한강공원,난지한강공원,POI090,KEY_2,1130023704,화곡로,1130043800,가양대교북측(남측),126.8640065465169613_37.5735408103049622,1130003102,가양대교북측(북측),126.8652734328428409_37.5751759287727651,213.0,75.0,원활,126.8652734328428409_37.5751759287727651|126.8650573893713869_37.5749071565173054|126.8640065465169613_37.5735408103049622
2026-09-04T23:16:36.811991+09:00,난지한강공원,난지한강공원,POI090,KEY_2,1130023804,화곡로,1130003101,가양대교북측(북측),126.8653879037502890_37.5751176402787053,1130043700,가양대교북측(남측),126.8641238491476031_37.5734862081748417,213.0,66.0,원활,126.8641238491476031_37.5734862081748417|126.8651729497332923_37.5748502250003824|126.8653879037502890_37.5751176402787053
2026-09-04T23:16:36.811991+09:00,난지한강공원,난지한강공원,POI090,KEY_2,1130066800,강변북로,1130042800,가양대교,126.8697893429894208_37.5724082688915715,1130043900,가양대교(북측),126.8653915391259233_37.5740001396464294,428.0,57.3,원활,126.8653915391259233_37.5740001396464294|126.8655742057499509_37.5739419777835124|126.8658939660418525_37.5738292252444879|126.8670765553321615_37.5734444641728871|126.8679322688668805_37.5731628727649962|126.8680668810109893_37.5731178050788230|126.8683506640299328_37.5730067616893137|126.8686659924354387_37.5728500975266826|126.8690150858697763_37.5726688106692777|126.8692939748631829_37.5725691850813419|126.8697893429894208_37.5724082688915715
2026-09-04T23:16:36.811991+09:00,난지한강공원,난지한강공원,POI090,KEY_2,1130067100,강변북로,1130043900,가양대교(북측),126.8653915391259233_37.5740001396464294,1130043700,가양대교북측(남측),126.8641238491476031_37.5734862081748417,133.0,45.0,서행,126.8641238491476031_37.5734862081748417|126.8643667768084100_37.5736869866731524|126.8645275042349709_37.5738130536306585|126.8646616308736128_37.5738960511847537|126.8648070000908348_37.5739607460517107|126.8649361413688155_37.5739957821690709|126.8650630327634161_37.5740136354167973|126.8651636699805891_37.5740179922855120|126.8652907555269280_37.5740129521496655|126.8653915391259233_37.5740001396464294
2026-09-04T23:16:36.811991+09:00,난지한강공원,난지한강공원,POI090,KEY_2,1130067400,강변북로,1130044900,가양대교(북측),126.8662979111019808_37.5750965324918980,2180012400,마포구-고양시덕양구,126.8621499541622484_37.5761292129435418,867.0,49.7,서행,126.8621499541622484_37.5761292129435418|126.8630365316940498_37.5756983525925961|126.8633496391713038_37.5755235658387008|126.8636024164670175_37.5753961503927982|126.8638549079817466_37.5753021186014351|126.8642093916064510_37.5751943274225582|126.8644317580255318_37.5751192112446475|126.8646243656565815_37.5750200868760302|126.8656963468579306_37.5743962637992084|126.8673222210701397_37.5734653760000015|126.8674191938721094_37.5734247582035579|126.8675616609625365_37.5734076352449335|126.8677301163889410_37.5734174809641033|126.8678459640486977_37.5734479111437594|126.8679578899536153_37.5734991876324784|126.8680656691356319_37.5735981381943773|126.8681136254124340_37.5736848440004394|126.8681425287121556_37.5738102009802120|126.8681227959743723_37.5739293354224060|126.8680618906707167_37.5740452685688453|126.8679938724763190_37.5741164485557846|126.8678959680219123_37.5741785247544513|126.8670114588051803_37.5746924804154645|126.8664732680685887_37.5749996173274710|126.8662979111019808_37.5750965324918980
2026-09-04T23:16:36.811991+09:00,난지한강공원,난지한강공원,POI090,KEY_2,1130068100,강변북로,1130045200,상암동1550-3,126.8641075564550107_37.5759187444953753,1130043900,가양대교(북측),126.8653915391259233_37.5740001396464294,472.0,44.3,서행,126.8653915391259233_37.5740001396464294|126.8655530578639770_37.5739801801802500|126.8656826690621386_37.5739598904694603|126.8661509725368433_37.5738555664648857|126.8662685671453687_37.5738390277396874|126.8663692370552525_37.5738395679072923|126.8664578250642165_37.5738514900970912|126.8665224124056721_37.5738670998852271|126.8665988064661292_37.5739037584917384|126.8666941819490717_37.5739634138358554|126.8667607786702263_37.5740248214943335|126.8668082321833168_37.5740823116192715|126.8668364303619285_37.5741492377416790|126.8668526598945334_37.5742141906959048|126.8668616174391417_37.5742886445381998|126.8668489706226410_37.5743667987229344|126.8668146220147861_37.5744600984612092|126.8667539721880928_37.5745456262622142|126.8666911827972115_37.5746006169252169|126.8666261100899249_37.5746422405294780|126.8660974620481738_37.5749545546124253|126.8655931483691290_37.5752410021525876|126.8650740029988668_37.5755094827713094|126.8645475391721931_37.5757570541415831|126.8641075564550107_37.5759187444953753
2026-09-04T23:16:36.811991+09:00,난지한강공원,난지한강공원,POI090,KEY_2,1130069100,강변북로,1130045000,가양검문소,126.8655270720403223_37.5748441741929255,2180012600,마포구-고양시덕양구,126.8625272257133503_37.5762306272659998,312.0,52.0,원활,126.8625272257133503_37.5762306272659998|126.8626433861685427_37.5760568517554603|126.8627729468719139_37.5759511104311912|126.8635903166779713_37.5754976378824423|126.8637978156018278_37.5754093259839479|126.8640051312374766_37.5753424760846357|126.8644151451120194_37.5752230596518473|126.8648566176255628_37.5751038111562465|126.8655270720403223_37.5748441741929255
2026-09-04T23:16:36.811991+09:00,남산공원,남산공원,POI091,KEY_3,1010021200,녹사평대로,1020035102,중구-용산구,126.9843316265079096_37.5527042883916451,1010000902,남산3호터널(북측),126.9830887618383031_37.5553930310135513,318.0,58.0,원활,126.9830887618383031_37.5553930310135513|126.9832077271294821_37.5551010349056824|126.9843316265079096_37.5527042883916451
2026-09-04T23:16:36.811991+09:00,남산공원,남산공원,POI091,KEY_3,1010022000,녹사평대로58길,1010007300,남산2호터널입구,127.0030929919946061_37.5552358010399345,1010007101,남산2호터널(북측),127.0024253365402274_37.5551584245554793,60.0,32.0,원활,127.0024253365402274_37.5551584245554793|127.0030929919946061_37.5552358010399345
2026-09-04T23:16:36.811991+09:00,남산공원,남산공원,POI091,KEY_3,1010000301,장충단로,1010006900,남산2호터널입구,127.0033988695936671_37.5548935414454093,1010000603,남산2호터널입구,127.0037426485065737_37.5552737772064873,52.0,52.0,원활,127.0037426485065737_37.5552737772064873|127.0035282913233061_37.5550113935567609|127.0033988695936671_37.5548935414454093
2026-09-04T23:16:36.811991+09:00,남산공원,남산공원,POI091,KEY_3,1010000302,장충단로,1010005501,국립극장앞교차로,127.0006486526240224_37.5513665440380251,1010006900,남산2호터널입구,127.0033988695936671_37.5548935414454093,473.0,23.0,서행,127.0033988695936671_37.5548935414454093|127.0031149384006852_37.5546349890521256|127.0029234147354629_37.5544558999171159|127.0027809963428638_37.5542858346147881|127.0026807419987307_37.5541237203930294|127.0026308503079946_37.5539921596100967|127.0026137115633702_37.5539400997707560|127.0023539371052550_37.5531510119431502|127.0023156055375750_37.5530345749592982|127.0022897411065799_37.5529560082666123|127.0022014491112827_37.5527474874638685|127.0021082526436942_37.5525712764668427|127.0020031170222126_37.5524264996161321|127.0018806441535020_37.5523176583549869|127.0016912530339397_37.5521714482379920|127.0006486526240224_37.5513665440380251
2026-09-04T23:16:36.811991+09:00,남산공원,남산공원,POI091,KEY_3,1010000400,장충단로,1010054300,장충동2가 산14-59,127.0017857896011435_37.5520938273146712,1010005502,국립극장앞교차로,127.0007431891368697_37.5512889240241208,128.0,42.0,원활,127.0007431891368697_37.5512889240241208|127.0017857896011435_37.5520938273146712
2026-09-04T23:16:36.811991+09:00,남산공원,남산공원,POI091,KEY_3,1010001102,소파로,1010095500,회현동1가 산1-15,126.9845039711751298_37.5562079515069414,1010008204,숭의여자대학,126.9848938893702410_37.5565212352323172,52.0,23.3,서행,126.9848938893702410_37.5565212352323172|126.9848029126483766_37.5563786781750863|126.9847328238889048_37.5562825435116068|126.9845961173795814_37.5562250817582424|126.9845039711751298_37.5562079515069414
2026-09-04T23:16:36.811991+09:00,남산공원,남산공원,POI091,KEY_3,1010001201,소파로,1010006403,남산공원길삼거리,126.9831261462573053_37.5544988787698557,1010006502,남산삼거리,126.9812787838592385_37.5548495032825187,181.0,30.0,원활,126.9812787838592385_37.5548495032825187|126.9815220498121420_37.5548200034189605|126.9818019244048912_37.5547580294103938|126.9820135627067970_37.5546715471349657|126.9822289312196943_37.5545541563119158|126.9825569048328191_37.5543793323612292|126.9826816379444949_37.5543559860473053|126.9827968050887961_37.5543648759095134|126.9829020167175742_37.5544027231883888|126.9830185822169852_37.5544527319567010|126.9831261462573053_37.5544988787698557
2026-09-04T23:16:36.811991+09:00,남산공원,남산공원,POI091,KEY_3,1010003301,삼일대로,1010008009,남산한옥마을,126.9924991769319149_37.5566378220840988,1010013900,예장동 2-165,126.9907886661840450_37.5596968507301625,392.0,51.0,원활,126.9907886661840450_37.5596968507301625|126.9911072447422669_37.5595627094932709|126.9913094952981822_37.5594477276004284|126.9915421382187901_37.5592741322756680|126.9917249439470197_37.5590908004344186|126.9919044779056492_37.5588866613537036|126.9920094357326974_37.5587224662817363|126.9920543519056224_37.5586350518666592|126.9924229024185962_37.5569649010334317|126.9924991769319149_37.5566378220840988
2026-09-04T23:16:36.811991+09:00,남산공원,남산공원,POI091,KEY_3,1010001202,소파로,1010008203,숭의여자대학,126.9850149682281852_37.5564722624052933,1010006402,남산공원길삼거리,126.9833127479965924_37.5545875210906388,290.0,29.0,원활,126.9833127479965924_37.5545875210906388|126.9834363869461669_37.5546470148075002|126.9836101358687017_37.5547853899607205|126.9837289439065700_37.5549481427998586|126.9838488483216850_37.5551722121612812|126.9839365351384117_37.5554075097513831|126.9839827815822133_37.5556434026180455|126.9839916258128341_37.5559198695204870|126.9840256522176958_37.5560283028777846|126.9840988545075504_37.5560865991909338|126.9841806359164735_37.5561056005014819|126.9843075666088623_37.5561056174395418|126.9844905831734678_37.5560944341132981|126.9845348535011453_37.5561026639138476|126.9846440462466148_37.5561229626348521|126.9848307103494420_37.5562014240048967|126.9849222737715024_37.5563270131622957|126.9850149682281852_37.5564722624052933
2026-09-04T23:16:36.811991+09:00,남산공원,남산공원,POI091,KEY_3,1010001204,소파로,1010008207,퇴계로3가교차로,126.9882272590009933_37.5596084833303152,1010008202,숭의여자대학,126.9850923528635604_37.5565486456338746,492.0,21.0,서행,126.9850923528635604_37.5565486456338746|126.9851906864904691_37.5565858460465520|126.9853074115873142_37.5565988268837856|126.9855164635201703_37.5566135380703940|126.9856485836059363_37.5566459189330004|126.9858039765505708_37.5567232640226294|126.9858337769702672_37.5567433446292895|126.9859306749466015_37.5568086378831225|126.9860186837096307_37.5569046811477207|126.9861537911583866_37.5570964851778513|126.9862311615470674_37.5571580981197428|126.9863421672078232_37.5572115500676844|126.9864935101552135_37.5572334743272833|126.9867624436285354_37.5572654973995910|126.9868864122230860_37.5573106304780140|126.9869736628592989_37.5573772148304528|126.9870438797185983_37.5574750708671417|126.9870728940331759_37.5575906431716717|126.9871341294348213_37.5578206195085542|126.9871851851400208_37.5579104995386004|126.9873590005650499_37.5581028694753982|126.9874298075541503_37.5581914756963187|126.9874415619887742_37.5582394683360974|126.9874576301803870_37.5583050736805504|126.9874544572227535_37.5584030829173372|126.9874587342623329_37.5588887928806940|126.9874602536611121_37.5590613376255789|126.9874882855996105_37.5591301758755023|126.9875554613431632_37.5591874881907586|126.9876829529899709_37.5592492856312745|126.9879414610584405_37.5593534261293627|126.9880748439122300_37.5594389136614808|126.9881827319811975_37.5595404425465915|126.9882272590009933_37.5596084833303152
2026-09-04T23:16:36.811991+09:00,남산공원,남산공원,POI091,KEY_3,1010001301,장충단로,1010000604,남산2호터널입구,127.0038257611614085_37.5553763910344998,1010007600,남산2호터널입구교차로,127.0041260185985266_37.5557914777712298,53.0,24.0,서행,127.0041260185985266_37.5557914777712298|127.0040056243652913_37.5556037942045577|127.0038257611614085_37.5553763910344998
2026-09-04T23:16:36.811991+09:00,남산공원,남산공원,POI091,KEY_3,1010001302,장충단로,1010124300,동국대학교앞교차로,127.0045670624924838_37.5565468094024126,1010009900,장충체육관앞,127.0056977643979934_37.5586970766435471,259.0,27.7,원활,127.0056977643979934_37.5586970766435471|127.0047960363494610_37.5569407351396336|127.0045670624924838_37.5565468094024126
2026-09-04T23:16:36.811991+09:00,남산공원,남산공원,POI091,KEY_3,1010001303,장충단로,1010009900,장충체육관앞,127.0056977643979934_37.5586970766435471,1010010403,장충체육관앞교차로,127.0057665663904487_37.5590390492282040,38.0,35.0,원활,127.0057665663904487_37.5590390492282040|127.0057228446975870_37.5587857894109689|127.0056977643979934_37.5586970766435471
2026-09-04T23:16:36.811991+09:00,남산공원,남산공원,POI091,KEY_3,1010001400,장충단로,1010124400,동국대학교앞교차로,127.0046903157819855_37.5565014032542592,1010000601,남산2호터널입구,127.0039406830343722_37.5553187798869388,147.0,17.0,서행,127.0039406830343722_37.5553187798869388|127.0041237972855726_37.5555502934024474|127.0042469681278305_37.5557423033409137|127.0042695268052455_37.5557774702655394|127.0046903157819855_37.5565014032542592
2026-09-04T23:16:36.811991+09:00,남산공원,남산공원,POI091,KEY_3,1010001502,동호로,1010051200,장충동2가 200-99,127.0072549377270832_37.5585335221268224,1010010402,장충체육관앞교차로,127.0059032168232420_37.5590364937144017,133.0,31.0,원활,127.0059032168232420_37.5590364937144017|127.0060424523246354_37.5590206517219016|127.0062708051007263_37.5589790416794287|127.0064793488934498_37.5589089319431153|127.0066853042447690_37.5588299759944348|127.0068865164345908_37.5587327053933535|127.0072549377270832_37.5585335221268224
2026-09-04T23:16:36.811991+09:00,남산공원,남산공원,POI091,KEY_3,1010002701,소공로,1010000902,남산3호터널(북측),126.9830887618383031_37.5553930310135513,1010008902,속성변화점,126.9832089705039522_37.5572414839973518,206.0,44.0,원활,126.9832089705039522_37.5572414839973518|126.9831555236054470_37.5568017684804758|126.9830521252804942_37.5561027886698611|126.9830385570957532_37.5557769562709893|126.9830478610083446_37.5555376328218600|126.9830887618383031_37.5553930310135513
2026-09-04T23:16:36.811991+09:00,남산공원,남산공원,POI091,KEY_3,1010002801,소공로,1010008901,속성변화점,126.9833444453383180_37.5572378592887901,1010000901,남산3호터널(북측),126.9832195813292657_37.5554216252410669,203.0,44.0,원활,126.9832195813292657_37.5554216252410669|126.9831832021176723_37.5555513049927114|126.9831744347859939_37.5557768369584437|126.9831876703655809_37.5560946603272967|126.9832905738539210_37.5567902882398457|126.9833444453383180_37.5572378592887901
2026-09-04T23:16:36.811991+09:00,남산공원,남산공원,POI091,KEY_3,1010002802,소공로,1010105100,회현동2가 27-3,126.9829293161598969_37.5586746413334183,1010008901,속성변화점,126.9833444453383180_37.5572378592887901,165.0,35.0,원활,126.9833444453383180_37.5572378592887901|126.9833355997514985_37.5575008833025308|126.9832987830692304_37.5577459818027108|126.9832299618999656_37.5579759101541057|126.9831318471378125_37.5582319419447828|126.9831164077535988_37.5582722310573587|126.9829293161598969_37.5586746413334183
2026-09-04T23:16:36.811991+09:00,남산공원,남산공원,POI091,KEY_3,1010021100,녹사평대로,1010000901,남산3호터널(북측),126.9832195813292657_37.5554216252410669,1020035101,중구-용산구,126.9844587143850134_37.5527423976260550,317.0,53.5,원활,126.9844587143850134_37.5527423976260550|126.9833359757020901_37.5551366776229898|126.9832195813292657_37.5554216252410669
2026-09-04T23:16:36.811991+09:00,남산공원,남산공원,POI091,KEY_3,1010003302,삼일대로,1010013900,예장동 2-165,126.9907886661840450_37.5596968507301625,1010017003,퇴계로2가교차로,126.9889890744976100_37.5611001658779600,237.0,38.0,원활,126.9889890744976100_37.5611001658779600|126.9890595408814988_37.5608553446384548|126.9891256328368883_37.5606790112492348|126.9892666382029915_37.5604608081191671|126.9894301254928308_37.5603028087374966|126.9896049396944733_37.5601574925556534|126.9897890949876427_37.5600545841425344|126.9900359820303777_37.5599440574158336|126.9905175640940342_37.5597973426898264|126.9907886661840450_37.5596968507301625
2026-09-04T23:16:36.811991+09:00,남산공원,남산공원,POI091,KEY_3,1010003401,삼일대로,1010013100,예장동 산3-23,126.9921881175068847_37.5586537591868037,1010008006,남산한옥마을,126.9926327057625315_37.5566575572921622,225.0,51.0,원활,126.9926327057625315_37.5566575572921622|126.9925565518997388_37.5569841224033851|126.9921881175068847_37.5586537591868037
2026-09-04T23:16:36.811991+09:00,남산공원,남산공원,POI091,KEY_3,1010003402,삼일대로,1010017002,퇴계로2가교차로,126.9891250549591035_37.5611118311742516,1010013100,예장동 산3-23,126.9921881175068847_37.5586537591868037,403.0,16.0,서행,126.9921881175068847_37.5586537591868037|126.9921333805466759_37.5587669622396305|126.9920211997960280_37.5589424572383876|126.9918338579688566_37.5591554743801126|126.9916423048775016_37.5593475787773414|126.9913957815651457_37.5595315329503165|126.9911787667644205_37.5596549084761975|126.9908490674513786_37.5597936513351200|126.9905705661544317_37.5598969620606340|126.9900938505030723_37.5600421943677034|126.9898615779713822_37.5601461785287327|126.9896938440610228_37.5602399100324220|126.9895317290732208_37.5603746704899848|126.9893807410068831_37.5605205896683501|126.9892521749939931_37.5607195433671706|126.9891909463249533_37.5608829029173350|126.9891250549591035_37.5611118311742516
2026-09-04T23:16:36.811991+09:00,남산공원,남산공원,POI091,KEY_3,1010003701,동호로,1010010403,장충체육관앞교차로,127.0057665663904487_37.5590390492282040,1010010100,장충체육관앞,127.0051102100207174_37.5590018901398537,58.0,8.0,정체,127.0051102100207174_37.5590018901398537|127.0057665663904487_37.5590390492282040
2026-09-04T23:16:36.811991+09:00,남산공원,남산공원,POI091,KEY_3,1010003702,동호로,1010104300,장충동2가 산7-1,127.0030333060906713_37.5591096114287666,1010012003,엠버서더호텔,127.0027977571823641_37.5596709812965557,67.0,33.7,원활,127.0027977571823641_37.5596709812965557|127.0028380218545720_37.5594345353126258|127.0028698468580615_37.5593483830081922|127.0029413209754665_37.5591828437622723|127.0030333060906713_37.5591096114287666
2026-09-04T23:16:36.811991+09:00,남산공원,남산공원,POI091,KEY_3,1010004503,퇴계로,1010058100,충무로2가 111,126.9860157278956194_37.5609895542921493,1010016204,롯데호텔L7(명동),126.9867111612325346_37.5610613083895331,62.0,12.0,정체,126.9867111612325346_37.5610613083895331|126.9862655416711590_37.5610153303082797|126.9860157278956194_37.5609895542921493
2026-09-04T23:16:36.811991+09:00,남산공원,남산공원,POI091,KEY_3,1010004505,퇴계로,1010016201,롯데호텔L7(명동),126.9868467299909440_37.5610743853645488,1010017004,퇴계로2가교차로,126.9889474014538138_37.5613140531310350,189.0,26.0,원활,126.9889474014538138_37.5613140531310350|126.9870814163588051_37.5611494769929379|126.9869907146048007_37.5611414765227138|126.9868467299909440_37.5610743853645488
2026-09-04T23:16:36.811991+09:00,남산공원,남산공원,POI091,KEY_3,1010004604,퇴계로,1010016301,명동역1번출구,126.9871113334254318_37.5609345528858967,1010016202,롯데호텔L7(명동),126.9868616879201113_37.5609669231657151,23.0,41.0,원활,126.9868616879201113_37.5609669231657151|126.9870206308065406_37.5609265523693381|126.9871113334254318_37.5609345528858967
2026-09-04T23:16:36.811991+09:00,남산공원,남산공원,POI091,KEY_3,1010004605,퇴계로,1010017003,퇴계로2가교차로,126.9889890744976100_37.5611001658779600,1010016301,명동역1번출구,126.9871113334254318_37.5609345528858967,167.0,15.0,서행,126.9871113334254318_37.5609345528858967|126.9889890744976100_37.5611001658779600
2026-09-04T23:16:36.811991+09:00,남산공원,남산공원,POI091,KEY_3,1010005601,퇴계로,1010048300,충무로4가 125,126.9952241550831644_37.5614516441202824,1010016502,충무로역앞교차로,126.9933357350378316_37.5610532293559913,173.0,36.0,원활,126.9933357350378316_37.5610532293559913|126.9934886542693988_37.5610692325475668|126.9937811936575400_37.5611177660942559|126.9942724850213409_37.5612314453171834|126.9952241550831644_37.5614516441202824
2026-09-04T23:16:36.811991+09:00,남산공원,남산공원,POI091,KEY_3,1010006601,충무로,1010019402,호운빌딩,126.9931562485942607_37.5626064613558839,1010016501,충무로역앞교차로,126.9932971341834218_37.5611582393921495,161.0,16.0,서행,126.9932971341834218_37.5611582393921495|126.9932863823843547_37.5613599287251034|126.9931836992394096_37.5623435191156148|126.9931562485942607_37.5626064613558839
2026-09-04T23:16:36.811991+09:00,남산공원,남산공원,POI091,KEY_3,1010020600,녹사평대로58길,1010136200,최소노드배치점,126.9968887099839776_37.5508864123452000,1020033801,중구-용산구,126.9942815212881726_37.5482919379464306,370.0,45.5,원활,126.9942815212881726_37.5482919379464306|126.9953611190786091_37.5492577386266291|126.9963457068924129_37.5501404661396307|126.9965665935423402_37.5504285462955778|126.9968887099839776_37.5508864123452000
2026-09-04T23:16:36.811991+09:00,남산공원,남산공원,POI091,KEY_3,1010020700,녹사평대로58길,1010136500,최소노드배치점,126.9988788935205548_37.5538236872194844,1010007102,남산2호터널(북측),127.0024043754121976_37.5552652427156204,381.0,45.7,원활,127.0024043754121976_37.5552652427156204|126.9998659810384680_37.5549279687588040|126.9997652348791775_37.5549070456322696|126.9996575684543387_37.5548474155371821|126.9990770381372442_37.5540952315364933|126.9988788935205548_37.5538236872194844
2026-09-04T23:16:36.811991+09:00,남산공원,남산공원,POI091,KEY_3,1010022100,녹사평대로58길,1010007102,남산2호터널(북측),127.0024043754121976_37.5552652427156204,1010007400,남산2호터널입구,127.0030734265067593_37.5553427932220600,60.0,39.0,원활,127.0030734265067593_37.5553427932220600|127.0024043754121976_37.5552652427156204
2026-09-04T23:16:36.811991+09:00,남산공원,남산공원,POI091,KEY_3,1010022200,장충단로,1010006900,남산2호터널입구,127.0033988695936671_37.5548935414454093,1010007300,남산2호터널입구,127.0030929919946061_37.5552358010399345,66.0,24.0,서행,127.0030929919946061_37.5552358010399345|127.0033199494194918_37.5552405917881416|127.0033768411355197_37.5552072154187329|127.0034397212556030_37.5551595355091337|127.0034696612319607_37.5550880179411095|127.0034756459087646_37.5549926624747599|127.0033988695936671_37.5548935414454093
2026-09-04T23:16:36.811991+09:00,남산공원,남산공원,POI091,KEY_3,1010022400,녹사평대로58길,1010000603,남산2호터널입구,127.0037426485065737_37.5552737772064873,1010007300,남산2호터널입구,127.0030929919946061_37.5552358010399345,58.0,8.0,정체,127.0030929919946061_37.5552358010399345|127.0033892409550873_37.5552701380382103|127.0035699644311080_37.5552861191139016|127.0037426485065737_37.5552737772064873
2026-09-04T23:16:36.811991+09:00,남산공원,남산공원,POI091,KEY_3,1010022500,녹사평대로58길,1010007400,남산2호터널입구,127.0030734265067593_37.5553427932220600,1010000604,남산2호터널입구,127.0038257611614085_37.5553763910344998,67.0,4.0,정체,127.0038257611614085_37.5553763910344998|127.0035685255234768_37.5553947767724097|127.0033719563347603_37.5553773941959363|127.0030734265067593_37.5553427932220600
2026-09-04T23:16:36.811991+09:00,남산공원,남산공원,POI091,KEY_3,1010022800,녹사평대로58길,1010007400,남산2호터널입구,127.0030734265067593_37.5553427932220600,1010007600,남산2호터널입구교차로,127.0041260185985266_37.5557914777712298,109.0,35.0,원활,127.0041260185985266_37.5557914777712298|127.0036433526274493_37.5554479811013522|127.0034462848177839_37.5553951408027018|127.0030734265067593_37.5553427932220600
2026-09-04T23:16:36.811991+09:00,남산공원,남산공원,POI091,KEY_3,1010023100,필동로,1010130100,필동3가 61-16,126.9956758423491578_37.5564886423403124,1010005901,남산학사빌딩,126.9968729328910939_37.5526048160589738,465.0,15.5,서행,126.9968729328910939_37.5526048160589738|126.9969001079877700_37.5526913693534539|126.9969248551049077_37.5528466471043316|126.9969652148841561_37.5529820807668102|126.9971237035859275_37.5533572891303820|126.9971379251871468_37.5534886738987268|126.9970236820477396_37.5536850345630455|126.9968771639210843_37.5538882148150464|126.9968412488034630_37.5539757728333754|126.9966750295618994_37.5544149083081606|126.9963648975606674_37.5549850856884575|126.9962371702020363_37.5550664282652207|126.9962323999813947_37.5550709440456103|126.9961581049851844_37.5551412761027734|126.9960427606810924_37.5553267156352817|126.9959855657400141_37.5555069195413864|126.9958542241982542_37.5557391063254826|126.9957997040461208_37.5558354870824616|126.9956996920190164_37.5560558026157096|126.9956771680994905_37.5561648526345166|126.9956726357914505_37.5561867958577480|126.9956610930827026_37.5564217827936702|126.9956758423491578_37.5564886423403124
2026-09-04T23:16:36.811991+09:00,남산공원,남산공원,POI091,KEY_3,1010024601,퇴계로26길,1010008005,예장동2-102,126.9896564712399396_37.5593178416227360,1010012802,남산안기부터공원,126.9900119969606180_37.5598587489970583,68.0,28.0,원활,126.9900119969606180_37.5598587489970583|126.9899102911458471_37.5597158836745848|126.9896564712399396_37.5593178416227360
2026-09-04T23:16:36.811991+09:00,남산공원,남산공원,POI091,KEY_3,1010024702,퇴계로26길,1010012801,남산안기부터공원,126.9901301560217490_37.5598054406358912,1010008002,예장동2-102,126.9897775762310062_37.5592689009855789,67.0,26.0,원활,126.9897775762310062_37.5592689009855789|126.9900299867471176_37.5596647325304858|126.9901301560217490_37.5598054406358912
2026-09-04T23:16:36.811991+09:00,남산공원,남산공원,POI091,KEY_3,1010024800,장충단로,1010009900,장충체육관앞,127.0056977643979934_37.5586970766435471,1010010100,장충체육관앞,127.0051102100207174_37.5590018901398537,71.0,30.0,원활,127.0051102100207174_37.5590018901398537|127.0053645119635632_37.5589950808362403|127.0055705853889805_37.5589172873120702|127.0056842038645470_37.5588226817040862|127.0056977643979934_37.5586970766435471
2026-09-04T23:16:36.811991+09:00,남산공원,남산공원,POI091,KEY_3,1010026900,소파로,1010012802,남산안기부터공원,126.9900119969606180_37.5598587489970583,1010014000,매일경제티브이아트앤디자인센터,126.9893485137651794_37.5600758880328343,64.0,25.0,원활,126.9893485137651794_37.5600758880328343|126.9894623166251364_37.5600115328254631|126.9900119969606180_37.5598587489970583
2026-09-04T23:16:36.811991+09:00,남산공원,남산공원,POI091,KEY_3,1010027200,소파로,1010012801,남산안기부터공원,126.9901301560217490_37.5598054406358912,1010014301,퇴계로3가교차로,126.9884563236464601_37.5600435340665300,161.0,22.0,서행,126.9884563236464601_37.5600435340665300|126.9885276942571437_37.5601305548015389|126.9885824679438144_37.5601453103317269|126.9886504117103101_37.5601351977860745|126.9899225549276736_37.5597691471587041|126.9899893934116051_37.5597684221360879|126.9901301560217490_37.5598054406358912
2026-09-04T23:16:36.811991+09:00,남산공원,남산공원,POI091,KEY_3,1010027400,퇴계로26길,1010014600,주자동빌딩,126.9901932151330612_37.5601353360127277,1010012801,남산안기부터공원,126.9901301560217490_37.5598054406358912,37.0,31.0,원활,126.9901301560217490_37.5598054406358912|126.9901932151330612_37.5601353360127277
2026-09-04T23:16:36.811991+09:00,남산공원,남산공원,POI091,KEY_3,1010053900,삼일대로,1010008007,남산한옥마을,126.9926793846615709_37.5565231864836875,1010001101,남산1호터널(북측),126.9930465791601222_37.5557259705615749,94.0,42.0,원활,126.9930465791601222_37.5557259705615749|126.9928675379104703_37.5560502009483628|126.9927656627598935_37.5562864029666486|126.9926793846615709_37.5565231864836875
2026-09-04T23:16:36.811991+09:00,남산공원,남산공원,POI091,KEY_3,1010027600,삼일대로2길,1010014600,주자동빌딩,126.9901932151330612_37.5601353360127277,1010013100,예장동 산3-23,126.9921881175068847_37.5586537591868037,254.0,17.0,서행,126.9921881175068847_37.5586537591868037|126.9921524756692293_37.5587701440302766|126.9920713791381388_37.5590129023742847|126.9919815275385133_37.5591618896894772|126.9917456848140773_37.5593704632660419|126.9914873832232871_37.5595730764536810|126.9913002109624216_37.5596833178136009|126.9910943233582117_37.5597786576774837|126.9906600945686534_37.5599276174894143|126.9904092880018283_37.5600199729958746|126.9903010274202586_37.5600743176934699|126.9901932151330612_37.5601353360127277
2026-09-04T23:16:36.811991+09:00,남산공원,남산공원,POI091,KEY_3,1010028600,퇴계로36길,1010096800,필동2가 79,126.9953795008796078_37.5602933387065647,1010016503,충무로역앞교차로,126.9931917886483461_37.5610407128292394,217.0,8.0,정체,126.9931917886483461_37.5610407128292394|126.9932698071303179_37.5609162715643663|126.9933785265103836_37.5608210828932485|126.9934940342237297_37.5607650238862121|126.9939617818677391_37.5606734227620862|126.9942993862487839_37.5606071982569034|126.9946428036166566_37.5605167164118470|126.9949100490692047_37.5604355509489665|126.9953712571787179_37.5602954749963871|126.9953795008796078_37.5602933387065647
2026-09-04T23:16:36.811991+09:00,남산공원,남산공원,POI091,KEY_3,1010029700,소파로,1010014302,퇴계로3가교차로,126.9883285565974944_37.5600802019915889,1010017003,퇴계로2가교차로,126.9889890744976100_37.5611001658779600,132.0,25.0,원활,126.9889890744976100_37.5611001658779600|126.9888682751928997_37.5610849611105877|126.9887988136153467_37.5609915058575083|126.9886623017465155_37.5607149615883316|126.9885784807332954_37.5605299635393948|126.9884314506820715_37.5602734336100710|126.9883285565974944_37.5600802019915889
2026-09-04T23:16:36.811991+09:00,남산공원,남산공원,POI091,KEY_3,1010031000,소파로,1010015300,명동역10번출구,126.9883062927232231_37.5607909574822685,1010016301,명동역1번출구,126.9871113334254318_37.5609345528858967,113.0,25.0,원활,126.9871113334254318_37.5609345528858967|126.9874447180556274_37.5610079416609750|126.9876354659963766_37.5610121135843684|126.9878175418455442_37.5609892471934259|126.9880115986588294_37.5609473112405254|126.9881625342676870_37.5608977410119067|126.9882463915136555_37.5608481648322652|126.9883062927232231_37.5607909574822685
2026-09-04T23:16:36.811991+09:00,남산공원,남산공원,POI091,KEY_3,1010031200,퇴계로,1010016703,흥국빌딩,126.9904228164697599_37.5610767696574754,1010016202,롯데호텔L7(명동),126.9868616879201113_37.5609669231657151,317.0,54.0,원활,126.9868616879201113_37.5609669231657151|126.9890337974489825_37.5611585006403175|126.9894972258370700_37.5611975631426844|126.9896672965873847_37.5611975781491196|126.9898435176610576_37.5611725033829131|126.9901719518890246_37.5611092577799397|126.9904228164697599_37.5610767696574754
2026-09-04T23:16:36.811991+09:00,남산공원,남산공원,POI091,KEY_3,1010031300,퇴계로,1010016201,롯데호텔L7(명동),126.9868467299909440_37.5610743853645488,1010016704,흥국빌딩,126.9904446250492356_37.5611834858824452,321.0,42.0,원활,126.9904446250492356_37.5611834858824452|126.9901988617116615_37.5612153145444125|126.9898714581575661_37.5612783602882132|126.9896793321666593_37.5613056988122338|126.9894900484891167_37.5613056821144156|126.9890191710092893_37.5612659917982157|126.9868467299909440_37.5610743853645488
2026-09-04T23:16:36.811991+09:00,남산공원,남산공원,POI091,KEY_3,1010051400,삼일대로,1010137800,최소노드배치점,126.9951526782604958_37.5522667944259823,1020033901,중구-용산구,126.9973340280127019_37.5488358005655130,427.0,55.0,원활,126.9973340280127019_37.5488358005655130|126.9959822894256405_37.5509523187586822|126.9951526782604958_37.5522667944259823
2026-09-04T23:16:36.811991+09:00,남산공원,남산공원,POI091,KEY_3,1010051500,삼일대로,1010137900,최소노드배치점,126.9950313338340067_37.5522182490636993,1010001102,남산1호터널(북측),126.9929217684921667_37.5556833610261123,428.0,56.0,원활,126.9929217684921667_37.5556833610261123|126.9932770474927821_37.5550067940349024|126.9940013356589503_37.5538501500980217|126.9950313338340067_37.5522182490636993
2026-09-04T23:16:36.811991+09:00,남산공원,남산공원,POI091,KEY_3,1010051600,장충단로,1010005503,국립극장앞교차로,127.0006452620610844_37.5512135010897623,1020034301,중구-용산구,126.9997458610224328_37.5498946352363348,177.0,39.0,원활,126.9997458610224328_37.5498946352363348|126.9997123738225753_37.5500116966741189|126.9997012367280007_37.5501402637217367|126.9997206124440936_37.5502614714863654|126.9997806553506479_37.5504162712518976|126.9998541302150130_37.5505512679565001|127.0000139703703042_37.5507285250612313|127.0006452620610844_37.5512135010897623
2026-09-04T23:16:36.811991+09:00,남산공원,남산공원,POI091,KEY_3,1010051700,장충단로,1020034302,중구-용산구,126.9996178648612641_37.5498600155730813,1010005504,국립극장앞교차로,127.0005509669023098_37.5512913068117129,191.0,49.0,원활,127.0005509669023098_37.5512913068117129|126.9999108283262643_37.5507995327092843|126.9997353193519416_37.5506049014811367|126.9996530970048951_37.5504538299658464|126.9995873859489421_37.5502844195261787|126.9995648441908287_37.5501433987724837|126.9995776621319976_37.5499954341476041|126.9996178648612641_37.5498600155730813
2026-09-04T23:16:36.811991+09:00,남산공원,남산공원,POI091,KEY_3,1010053100,소월로3길,1010006503,남산삼거리,126.9811650329996411_37.5548402580275251,1020035301,중구-용산구,126.9794359625306441_37.5533355630164678,244.0,23.0,서행,126.9794359625306441_37.5533355630164678|126.9794377262654876_37.5533623696143906|126.9794604845724280_37.5534621428795390|126.9795037062092007_37.5535999165766796|126.9795792110562473_37.5537502908920757|126.9796704920301380_37.5539097940801057|126.9797755942381059_37.5540679309457488|126.9799168936921916_37.5542344045017842|126.9800131949856450_37.5543436479056325|126.9801394846269034_37.5544579508745144|126.9803426669009383_37.5545989730072662|126.9804499002827498_37.5546574115057652|126.9806202715629126_37.5547287148210316|126.9808000848712908_37.5547878289260453|126.9809807898117953_37.5548175451464843|126.9811650329996411_37.5548402580275251
2026-09-04T23:16:36.811991+09:00,남산공원,남산공원,POI091,KEY_3,1010054000,삼일대로,1010001102,남산1호터널(북측),126.9929217684921667_37.5556833610261123,1010008008,남산한옥마을,126.9925489514454711_37.5564930643168040,96.0,45.0,원활,126.9925489514454711_37.5564930643168040|126.9926361466641112_37.5562537662359688|126.9927409314109212_37.5560108178373540|126.9929217684921667_37.5556833610261123
2026-09-04T23:16:36.811991+09:00,남산공원,남산공원,POI091,KEY_3,1020013503,이태원로,1020029301,한강진역(서울6호선),127.0017194731485404_37.5403123179937737,1020030604,북한남삼거리,127.0022184589252987_37.5420235281721943,199.0,29.5,원활,127.0022184589252987_37.5420235281721943|127.0020105521671923_37.5418073965013903|127.0019292985444537_37.5416844726601298|127.0018816666390222_37.5415359337069532|127.0018247702718241_37.5412580977982060|127.0018212415865975_37.5412330698797376|127.0017833598613493_37.5409643796915375|127.0017457559744543_37.5406620137023879|127.0017194731485404_37.5403123179937737
2026-09-04T23:16:36.811991+09:00,남산공원,남산공원,POI091,KEY_3,1020016600,소월로,1020205100,최소노드배치점,126.9935065011558351_37.5426620403777989,1020029901,그랜드하얏트서울호텔,126.9968710453129859_37.5412533247676805,341.0,36.5,원활,126.9968710453129859_37.5412533247676805|126.9962030872764700_37.5416642886108249|126.9957120169575830_37.5419664162750450|126.9954912636471676_37.5420753380152732|126.9952976887570202_37.5421359731504651|126.9944654566896247_37.5422765759182084|126.9943312964985012_37.5423188543689648|126.9941288523878455_37.5424092330924211|126.9936904320038025_37.5426049586251693|126.9935065011558351_37.5426620403777989
2026-09-04T23:16:36.811991+09:00,남산공원,남산공원,POI091,KEY_3,1020017101,소월로,1020080500,이태원동 258-466,126.9973230128762225_37.5410483640412878,1020030802,남산관광고가차도(남측),127.0005154463813994_37.5427136145269316,361.0,30.0,원활,127.0005154463813994_37.5427136145269316|127.0003739159875948_37.5425874075405090|126.9994403344769580_37.5417582537453853|126.9990235842738429_37.5414026985069142|126.9988333482718161_37.5412651979035630|126.9986822649016176_37.5411743998592584|126.9984893641391324_37.5410987423950289|126.9983170716432426_37.5410415761301550|126.9982071541269306_37.5410216320229111|126.9980884589850945_37.5410000951226195|126.9979253357986693_37.5409795838106675|126.9977146013374067_37.5409795799202826|126.9974849729743624_37.5410092875252062|126.9973230128762225_37.5410483640412878
2026-09-04T23:16:36.811991+09:00,남산공원,남산공원,POI091,KEY_3,1020017102,소월로,1020030802,남산관광고가차도(남측),127.0005154463813994_37.5427136145269316,1020031500,남산맨션아파트,127.0021365084328409_37.5443554939609854,236.0,45.0,원활,127.0021365084328409_37.5443554939609854|127.0018834255056532_37.5439839702774023|127.0017037840183036_37.5437074409669549|127.0015421068988815_37.5434690531480868|127.0013385176179384_37.5432592723151757|127.0010750516554339_37.5430637959528042|127.0007397338261654_37.5428444790193581|127.0005154463813994_37.5427136145269316
2026-09-04T23:16:36.811991+09:00,남산공원,남산공원,POI091,KEY_3,1020017104,한남대로,1020201800,한남동 726-468,127.0022900780869008_37.5451015287289067,1020032402,한남동 726-466,127.0025220578535681_37.5462372610228172,128.0,52.0,원활,127.0025220578535681_37.5462372610228172|127.0024299606877634_37.5457810591842076|127.0023945789044717_37.5456091805311516|127.0022900780869008_37.5451015287289067
2026-09-04T23:16:36.811991+09:00,남산공원,남산공원,POI091,KEY_3,1020017202,한남대로,1020032100,남산관광고가차도(북측),127.0025639626736762_37.5457635706606467,1020030801,남산관광고가차도(남측),127.0006167288986063_37.5426416007474586,408.0,49.0,원활,127.0006167288986063_37.5426416007474586|127.0008175743112702_37.5427872650328780|127.0012486976299471_37.5430637942442544|127.0016199463885584_37.5433641604487747|127.0020795219007965_37.5437944471662846|127.0022097620136918_37.5439517818238429|127.0022995844048808_37.5441091180285866|127.0023489900632683_37.5442700301371843|127.0025241647842762_37.5451604129389054|127.0025380337342114_37.5453370138918245|127.0025639626736762_37.5457635706606467
2026-09-04T23:16:36.811991+09:00,남산공원,남산공원,POI091,KEY_3,1020017204,한남대로,1020032401,한남동 726-466,127.0026561285417728_37.5462201012591379,1020032100,남산관광고가차도(북측),127.0025639626736762_37.5457635706606467,51.0,43.0,원활,127.0025639626736762_37.5457635706606467|127.0026561285417728_37.5462201012591379
2026-09-04T23:16:36.811991+09:00,남산공원,남산공원,POI091,KEY_3,1020018100,한남대로,1020030604,북한남삼거리,127.0022184589252987_37.5420235281721943,1020031500,남산맨션아파트,127.0021365084328409_37.5443554939609854,266.0,26.0,원활,127.0021365084328409_37.5443554939609854|127.0019440406086204_37.5428386962338010|127.0019378726381660_37.5426228258432886|127.0019817146717145_37.5423435053198347|127.0021036238137242_37.5421340225907798|127.0022184589252987_37.5420235281721943
2026-09-04T23:16:36.811991+09:00,남산공원,남산공원,POI091,KEY_3,1020018200,한남대로,1020032100,남산관광고가차도(북측),127.0025639626736762_37.5457635706606467,1020030601,북한남삼거리,127.0023230676922736_37.5420924597692505,416.0,40.0,원활,127.0023230676922736_37.5420924597692505|127.0022194356072731_37.5421921745940210|127.0021138222907524_37.5423736549821498|127.0020738499172097_37.5426283304431081|127.0020796694266494_37.5428320256251880|127.0022710579769978_37.5443413187302610|127.0024240169706360_37.5450840457689239|127.0025285644748010_37.5455916912076688|127.0025639626736762_37.5457635706606467
2026-09-04T23:16:36.811991+09:00,남산공원,남산공원,POI091,KEY_3,1020019200,소월로,1020198000,용산동2가 5-2146,126.9873787628858111_37.5460609528674567,1020031201,주한파키스탄대사관저,126.9911144667655236_37.5443954669159794,435.0,40.0,원활,126.9911144667655236_37.5443954669159794|126.9910735701488136_37.5444779064234453|126.9905580995526719_37.5452913794631584|126.9904629217780325_37.5454025055591813|126.9903097281450641_37.5455344119793111|126.9895344029768438_37.5460459430190596|126.9893462102989616_37.5461490896824017|126.9891842828923956_37.5462184942362072|126.9890281368240466_37.5462702800681640|126.9888305116261620_37.5462859965873506|126.9887068235050549_37.5462726761659624|126.9878225459612935_37.5460680173489649|126.9876689709004722_37.5460586974375516|126.9875588164478728_37.5460520124403416|126.9873787628858111_37.5460609528674567
2026-09-04T23:16:36.811991+09:00,남산공원,남산공원,POI091,KEY_3,1020020101,장충단로,1020033602,한남동 산9-24,127.0018534544919646_37.5479854852196766,1020034302,중구-용산구,126.9996178648612641_37.5498600155730813,288.0,47.5,원활,126.9996178648612641_37.5498600155730813|126.9996770063061859_37.5497529883793248|126.9997363683108347_37.5496666386303346|126.9998412098966298_37.5495604002782670|127.0015788290318568_37.5481840684392694|127.0018534544919646_37.5479854852196766
2026-09-04T23:16:36.811991+09:00,남산공원,남산공원,POI091,KEY_3,1020020201,장충단로,1020034301,중구-용산구,126.9997458610224328_37.5498946352363348,1020033601,한남동 산9-19,127.0019447500765182_37.5480655221760529,282.0,35.0,원활,127.0019447500765182_37.5480655221760529|127.0016724126737415_37.5482624522401665|126.9999428643421311_37.5496323928575890|126.9998500929740857_37.5497264002596509|126.9997986695977232_37.5498012019808556|126.9997458610224328_37.5498946352363348
2026-09-04T23:16:36.811991+09:00,남산공원,남산공원,POI091,KEY_3,1020020301,삼일대로,1020202900,최소노드배치점,126.9991749524351405_37.5457226778887971,1020033902,중구-용산구,126.9972131284970089_37.5487865670217715,382.0,57.0,원활,126.9972131284970089_37.5487865670217715|126.9976937788828337_37.5480426897664614|126.9991749524351405_37.5457226778887971
2026-09-04T23:16:36.811991+09:00,남산공원,남산공원,POI091,KEY_3,1020020405,삼일대로,1020203000,최소노드배치점,126.9992960011910128_37.5457716707877935,1020030501,남산1호터널,127.0013263761871229_37.5427407685120968,381.0,55.0,원활,127.0013263761871229_37.5427407685120968|127.0001500288212100_37.5444339010368964|126.9992960011910128_37.5457716707877935
2026-09-04T23:16:36.811991+09:00,남산공원,남산공원,POI091,KEY_3,1020020500,소월로,1020202400,최소노드배치점,126.9836608885575231_37.5493490622536683,1020035002,남산도서관,126.9820576561830876_37.5520743432417916,343.0,28.5,원활,126.9820576561830876_37.5520743432417916|126.9822226605565021_37.5519329108021651|126.9827360702505530_37.5514510898937104|126.9833001012622873_37.5506927205511403|126.9833805235940218_37.5505464376930007|126.9834888201302334_37.5502483494537671|126.9835269266317965_37.5500362381177126|126.9835751122179346_37.5496604338540934|126.9836457141962569_37.5493820675401437|126.9836608885575231_37.5493490622536683
2026-09-04T23:16:36.811991+09:00,남산공원,남산공원,POI091,KEY_3,1020020600,소월로,1020202300,최소노드배치점,126.9837884104005923_37.5493862278245416,1020032501,용산2가동주민센터앞교차로,126.9852054592412998_37.5466428470561624,347.0,26.3,원활,126.9852054592412998_37.5466428470561624|126.9847717560129610_37.5469101027995720|126.9845864439278529_37.5470281015069958|126.9845268187721672_37.5471032424247397|126.9844952209674034_37.5472121780575918|126.9844980284595692_37.5480374474067204|126.9844853903748287_37.5481855176849422|126.9844160179153931_37.5483837291718459|126.9842770429615655_37.5486147709639155|126.9839523254951814_37.5490296975246878|126.9837884104005923_37.5493862278245416
2026-09-04T23:16:36.811991+09:00,남산공원,남산공원,POI091,KEY_3,1020021102,녹사평대로,1020202800,최소노드배치점,126.9862234500265004_37.5487401447911182,1020035102,중구-용산구,126.9843316265079096_37.5527042883916451,471.0,56.3,원활,126.9843316265079096_37.5527042883916451|126.9862234500265004_37.5487401447911182
2026-09-04T23:16:36.811991+09:00,남산공원,남산공원,POI091,KEY_3,1020021203,녹사평대로,1020202700,최소노드배치점,126.9863503923400998_37.5487785464141908,1020031700,남산3호터널,126.9882591208348686_37.5448199209281057,471.0,54.3,원활,126.9882591208348686_37.5448199209281057|126.9874456928026518_37.5464987757139923|126.9869567914766435_37.5475077924163756|126.9863503923400998_37.5487785464141908
2026-09-04T23:16:36.811991+09:00,남산공원,남산공원,POI091,KEY_3,1020021503,녹사평대로58길,1020202600,최소노드배치점,126.9920654888585432_37.5464836330589478,1020033802,중구-용산구,126.9941800822392253_37.5483638189793609,280.0,45.0,원활,126.9941800822392253_37.5483638189793609|126.9938148610441147_37.5480370875412888|126.9920654888585432_37.5464836330589478
2026-09-04T23:16:36.811991+09:00,남산공원,남산공원,POI091,KEY_3,1020021602,녹사평대로58길,1020202500,최소노드배치점,126.9921665926364795_37.5464114553124944,1020031601,남산2호터널(남측),126.9900889924239067_37.5445050141916710,280.0,46.0,원활,126.9900889924239067_37.5445050141916710|126.9914916267217109_37.5458120576411361|126.9921665926364795_37.5464114553124944
2026-09-04T23:16:36.811991+09:00,남산공원,남산공원,POI091,KEY_3,1020022000,소월로,1020194800,후암동 30-84,126.9814072594849534_37.5522852306242356,1020035004,남산도서관,126.9820441302999257_37.5522163769606223,59.0,36.3,원활,126.9820441302999257_37.5522163769606223|126.9819088129307261_37.5522833198760679|126.9817703707758199_37.5523143848202494|126.9814072594849534_37.5522852306242356
2026-09-04T23:16:36.811991+09:00,남산공원,남산공원,POI091,KEY_3,1020022501,소월로3길,1020035301,중구-용산구,126.9794359625306441_37.5533355630164678,1020035201,백범삼거리,126.9793662533445655_37.5529532246864122,43.0,36.0,원활,126.9793662533445655_37.5529532246864122|126.9793880800049521_37.5530117222789102|126.9794227439918330_37.5531347848289343|126.9794359625306441_37.5533355630164678
2026-09-04T23:16:36.811991+09:00,남산공원,남산공원,POI091,KEY_3,1020022601,소월로3길,1020035204,백범삼거리,126.9792622165397944_37.5530589862476134,1020035302,중구-용산구,126.9793003435379148_37.5533412224888679,32.0,26.0,원활,126.9793003435379148_37.5533412224888679|126.9792877259997397_37.5531495484006754|126.9792622165397944_37.5530589862476134
2026-09-04T23:16:36.811991+09:00,남산공원,남산공원,POI091,KEY_3,1020022701,소월로,1020035203,백범삼거리,126.9791523207287014_37.5529954657967551,1020035803,남산빌딩,126.9788197492435984_37.5538664469801802,105.0,34.0,원활,126.9788197492435984_37.5538664469801802|126.9788320848520584_37.5537936153429754|126.9788381662664420_37.5534787987545684|126.9788616301610205_37.5533455832039920|126.9789869852372135_37.5531767747786844|126.9791523207287014_37.5529954657967551
2026-09-04T23:16:36.811991+09:00,남산공원,남산공원,POI091,KEY_3,1020022705,소월로,1010109800,남대문로5가 431,126.9765972619878767_37.5555182701131471,1010000704,도동삼거리,126.9768636563198214_37.5560052120861414,59.0,33.0,원활,126.9768636563198214_37.5560052120861414|126.9768061889182320_37.5559210408862967|126.9767141186498520_37.5557820754249434|126.9766585950972626_37.5556855676206496|126.9765972619878767_37.5555182701131471
2026-09-04T23:16:36.811991+09:00,남산공원,남산공원,POI091,KEY_3,1020046700,회나무로,1020029604,주한잠비아대사관,126.9967777014190347_37.5409679675920387,1020029904,그랜드하얏트서울호텔,126.9967880247366026_37.5411677682187985,22.0,19.5,서행,126.9967880247366026_37.5411677682187985|126.9967728360006589_37.5410286281927483|126.9967777014190347_37.5409679675920387
2026-09-04T23:16:36.811991+09:00,남산공원,남산공원,POI091,KEY_3,1020046800,이태원로,1020029301,한강진역(서울6호선),127.0017194731485404_37.5403123179937737,1020030502,남산1호터널,127.0011475233860949_37.5426632134690550,272.0,26.0,원활,127.0011475233860949_37.5426632134690550|127.0015311515307985_37.5421016089276307|127.0015805456080216_37.5419085123277227|127.0015939913932499_37.5406247820271943|127.0016388950282931_37.5405067783538442|127.0017194731485404_37.5403123179937737
2026-09-04T23:16:36.811991+09:00,남산공원,남산공원,POI091,KEY_3,1020046900,삼일대로,1020175500,최소노드배치점,127.0035323192753083_37.5405885434105357,1020030502,남산1호터널,127.0011475233860949_37.5426632134690550,321.0,53.7,원활,127.0011475233860949_37.5426632134690550|127.0014421537468792_37.5421321890763622|127.0016477330503335_37.5418866360372547|127.0018907470175975_37.5416665641116509|127.0022358658835202_37.5414482134012175|127.0025860131714524_37.5412867858314456|127.0028559969429409_37.5411634273289678|127.0031181343200473_37.5410231206069369|127.0032721853626754_37.5409133593387665|127.0033897576778941_37.5407906749780054|127.0035115414202807_37.5406268074686480|127.0035323192753083_37.5405885434105357
2026-09-04T23:16:36.811991+09:00,남산공원,남산공원,POI091,KEY_3,1020048000,한남대로,1020032402,한남동 726-466,127.0025220578535681_37.5462372610228172,1020032900,버티고개삼거리,127.0026105037928943_37.5468688936416513,71.0,45.0,원활,127.0026105037928943_37.5468688936416513|127.0025188872698436_37.5463087905039785|127.0025220578535681_37.5462372610228172
2026-09-04T23:16:36.811991+09:00,남산공원,남산공원,POI091,KEY_3,1020048300,한남대로,1020032900,버티고개삼거리,127.0026105037928943_37.5468688936416513,1020032700,버티고개삼거리,127.0029447673493195_37.5467593288095358,44.0,26.3,원활,127.0029447673493195_37.5467593288095358|127.0029380695280992_37.5468203653495749|127.0029099083530042_37.5468760387726661|127.0028500298482896_37.5469141822217907|127.0027751791743782_37.5469261033197625|127.0027153173217584_37.5469271696922320|127.0026602253265509_37.5469004707433598|127.0026105037928943_37.5468688936416513
2026-09-04T23:16:36.811991+09:00,남산공원,남산공원,POI091,KEY_3,1020048700,한남대로,1020032900,버티고개삼거리,127.0026105037928943_37.5468688936416513,1020033200,버티고개삼거리,127.0025730838910363_37.5470327870720695,18.0,26.0,원활,127.0025730838910363_37.5470327870720695|127.0026105037928943_37.5468688936416513
2026-09-04T23:16:36.811991+09:00,남산공원,남산공원,POI091,KEY_3,1020048902,장충단로,1020039200,금곡마을,127.0025345027781754_37.5476975304652854,1020033400,버티고개삼거리,127.0030416859701603_37.5473790298105854,57.0,34.0,원활,127.0030416859701603_37.5473790298105854|127.0027348020271063_37.5475667685394185|127.0025345027781754_37.5476975304652854
2026-09-04T23:16:36.811991+09:00,남산공원,남산공원,POI091,KEY_3,1020049101,한남대로,1020033200,버티고개삼거리,127.0025730838910363_37.5470327870720695,1020033400,버티고개삼거리,127.0030416859701603_37.5473790298105854,61.0,33.0,원활,127.0030416859701603_37.5473790298105854|127.0028680107847805_37.5473504346501059|127.0027692048318926_37.5473075269365992|127.0026853679474499_37.5472336280425196|127.0025730838910363_37.5470327870720695
2026-09-04T23:16:36.811991+09:00,남산공원,남산공원,POI091,KEY_3,1020049200,한남대로,1020033200,버티고개삼거리,127.0025730838910363_37.5470327870720695,1020033602,한남동 산9-24,127.0018534544919646_37.5479854852196766,125.0,14.0,정체,127.0018534544919646_37.5479854852196766|127.0020491484872736_37.5478403427924476|127.0022886659577210_37.5475512907599622|127.0024084221392684_37.5473665367583962|127.0025730838910363_37.5470327870720695
2026-09-04T23:16:36.811991+09:00,남산공원,남산공원,POI091,KEY_3,1020049300,장충단로,1020033601,한남동 산9-19,127.0019447500765182_37.5480655221760529,1020039200,금곡마을,127.0025345027781754_37.5476975304652854,66.0,39.0,원활,127.0025345027781754_37.5476975304652854|127.0021706652056963_37.5479225801878513|127.0019447500765182_37.5480655221760529
2026-09-04T23:16:36.811991+09:00,남산공원,남산공원,POI091,KEY_3,1020052600,장충단로,1020039200,금곡마을,127.0025345027781754_37.5476975304652854,1020039300,버티고개삼거리,127.0035835950983483_37.5474410033304693,97.0,30.5,원활,127.0035835950983483_37.5474410033304693|127.0029323907036627_37.5475602162392121|127.0025345027781754_37.5476975304652854
2026-09-04T23:16:36.811991+09:00,뚝섬한강공원,뚝섬한강공원,POI093,KEY_1,1040040100,동부간선도로,1040006700,청담대교(북측),127.0658040332418466_37.5296505595828407,1040007000,청담대교,127.0659084467373674_37.5304009255851980,84.0,48.7,서행,127.0659084467373674_37.5304009255851980|127.0658993527911917_37.5302722000947497|127.0658767209621232_37.5300648130206937|127.0658040332418466_37.5296505595828407
2026-09-04T23:16:36.811991+09:00,뚝섬한강공원,뚝섬한강공원,POI093,KEY_1,1040000101,강변북로,1040007200,갈보리교회,127.0717090610578452_37.5301063396273378,1040007700,청담대교,127.0639048821844455_37.5319767570000238,723.0,70.0,원활,127.0639048821844455_37.5319767570000238|127.0641467011488999_37.5319005471695135|127.0644696731657177_37.5318097837486206|127.0647191200326773_37.5317507749984074|127.0648782042396334_37.5317238099468824|127.0651840667161281_37.5317014958161437|127.0655199521013117_37.5316906105589112|127.0657229190443616_37.5316733003715655|127.0659578374756506_37.5316385196029287|127.0662238405564892_37.5315862703501750|127.0675077088500728_37.5312398941677614|127.0688008468883226_37.5308922092799335|127.0697340200764529_37.5306450696274183|127.0708561697146166_37.5303333238003844|127.0717090610578452_37.5301063396273378
2026-09-04T23:16:36.811991+09:00,뚝섬한강공원,뚝섬한강공원,POI093,KEY_1,1040007500,강변북로,1040028701,청담대교,127.0701160723116203_37.5386945582041420,1040000201,청담대교(북측),127.0668012691852340_37.5315220172388280,848.0,5.0,정체,127.0668012691852340_37.5315220172388280|127.0669355263784155_37.5317815872931959|127.0672448702695760_37.5324328127955837|127.0677860749237738_37.5336261809339149|127.0685094362804364_37.5351779912987382|127.0689130346604259_37.5360918386047686|127.0694053089361546_37.5371700486358151|127.0701160723116203_37.5386945582041420
2026-09-04T23:16:36.811991+09:00,뚝섬한강공원,뚝섬한강공원,POI093,KEY_1,1040017500,동부간선도로,1040006500,청담대교(북측),127.0659058096508573_37.5295099655257971,1220054801,광진구-강남구,127.0638527269761511_37.5251377326585711,518.0,73.5,원활,127.0638527269761511_37.5251377326585711|127.0659058096508573_37.5295099655257971
2026-09-04T23:16:36.811991+09:00,뚝섬한강공원,뚝섬한강공원,POI093,KEY_1,1040017600,동부간선도로,1220054802,광진구-강남구,127.0637042681796913_37.5251816470201618,1040006700,청담대교(북측),127.0658040332418466_37.5296505595828407,530.0,71.0,원활,127.0658040332418466_37.5296505595828407|127.0637042681796913_37.5251816470201618
2026-09-04T23:16:36.811991+09:00,뚝섬한강공원,뚝섬한강공원,POI093,KEY_1,1040017800,강변북로,1040005500,자양동571,127.0891044140083466_37.5275091410896735,1040005300,잠실대교(북측),127.0862499791729050_37.5276278416706646,294.0,36.5,서행,127.0862499791729050_37.5276278416706646|127.0870098289398840_37.5278013091686447|127.0873723080057545_37.5279098933669459|127.0876710927343680_37.5280301791059827|127.0878690622159581_37.5281053971571410|127.0879961282403485_37.5281416129128687|127.0881232595525887_37.5281659046285085|127.0882280475711497_37.5281692511000173|127.0883254798830819_37.5281487237361020|127.0884230277934961_37.5281073290094156|127.0886296793605368_37.5279649582207568|127.0887725846017418_37.5278432327973945|127.0891044140083466_37.5275091410896735
2026-09-04T23:16:36.811991+09:00,뚝섬한강공원,뚝섬한강공원,POI093,KEY_1,1040019400,동부간선도로,1040007100,청담대교,127.0661780522084143_37.5301489062000044,1040006500,청담대교(북측),127.0659058096508573_37.5295099655257971,75.0,61.7,원활,127.0659058096508573_37.5295099655257971|127.0661780522084143_37.5301489062000044
2026-09-04T23:16:36.811991+09:00,뚝섬한강공원,뚝섬한강공원,POI093,KEY_1,1040020201,동부간선도로,1040007000,청담대교,127.0659084467373674_37.5304009255851980,1040000202,청담대교(북측),127.0666626111006252_37.5315665324150132,569.0,39.7,서행,127.0666626111006252_37.5315665324150132|127.0665844704566894_37.5314071710942372|127.0663149822559603_37.5307563124062753|127.0662000326143897_37.5305680838471929|127.0660846349030635_37.5304573613561558|127.0659765674722195_37.5303734944058007|127.0658273955304765_37.5302775525286307|127.0656033278221884_37.5301872968624579|127.0653603715604163_37.5301267824677822|127.0651883094761558_37.5301052814653744|127.0649974815679144_37.5300926545932185|127.0647877110491919_37.5301187114876384|127.0646601860693039_37.5301629565729868|127.0645287783082438_37.5302310369297629|127.0644234346550832_37.5303230605501739|127.0643403747003788_37.5304449770722925|127.0642833610659608_37.5305938192979269|127.0642749904788360_37.5307458218700916|127.0642928567745145_37.5308919599562856|127.0643409974126001_37.5309815689468493|127.0644079744791384_37.5310503797447552|127.0644900298670166_37.5311013604668062|127.0645983212158967_37.5311464756817443|127.0647590866586398_37.5311798598309210|127.0649312365971753_37.5311864561425708|127.0651485129710068_37.5311574458794723|127.0653548011039504_37.5310866600695121|127.0655163454597556_37.5309858989919221|127.0656895151263939_37.5308166154867990|127.0657988609960825_37.5306798898420055|127.0659084467373674_37.5304009255851980
2026-09-04T23:16:36.811991+09:00,뚝섬한강공원,뚝섬한강공원,POI093,KEY_1,1040020202,강변북로,1040000202,청담대교(북측),127.0666626111006252_37.5315665324150132,1040028702,청담대교,127.0699887106514012_37.5387318473572122,848.0,47.0,서행,127.0699887106514012_37.5387318473572122|127.0692776775772757_37.5372071673034355|127.0687850931199563_37.5361282739688562|127.0683816446363466_37.5352147721280858|127.0676584862117124_37.5336633852443669|127.0671174250280160_37.5324703344999904|127.0668031124959469_37.5318450873398533|127.0666626111006252_37.5315665324150132
2026-09-04T23:16:36.811991+09:00,뚝섬한강공원,뚝섬한강공원,POI093,KEY_1,1040020300,강변북로,1040007200,갈보리교회,127.0717090610578452_37.5301063396273378,1040006500,청담대교(북측),127.0659058096508573_37.5295099655257971,589.0,61.0,원활,127.0659058096508573_37.5295099655257971|127.0661422395284603_37.5299300856423272|127.0662624382071897_37.5301165444698057|127.0663782912479149_37.5302779469622081|127.0665122982715047_37.5304072202187626|127.0666286278227517_37.5304863472552910|127.0667584332606879_37.5305655233223590|127.0669376489558573_37.5306448802829351|127.0670946529859862_37.5306812285827149|127.0672831216946861_37.5307141142238834|127.0674897015057212_37.5307220260745638|127.0677188016304342_37.5307192874318076|127.0681369279238879_37.5306528494715437|127.0693822761927549_37.5304606472188951|127.0711311633638729_37.5301879846553135|127.0717090610578452_37.5301063396273378
2026-09-04T23:16:36.811991+09:00,뚝섬한강공원,뚝섬한강공원,POI093,KEY_1,1040020500,동부간선도로,1040000201,청담대교(북측),127.0668012691852340_37.5315220172388280,1040007100,청담대교,127.0661780522084143_37.5301489062000044,162.0,6.0,정체,127.0661780522084143_37.5301489062000044|127.0664052488033349_37.5306821173898300|127.0667157921235457_37.5313539937747009|127.0668012691852340_37.5315220172388280
2026-09-04T23:16:36.811991+09:00,뚝섬한강공원,뚝섬한강공원,POI093,KEY_1,1040021000,동부간선도로,1040006700,청담대교(북측),127.0658040332418466_37.5296505595828407,1040009000,자양동97-1,127.0609155736685238_37.5329350367471548,667.0,65.7,원활,127.0609155736685238_37.5329350367471548|127.0635781208483195_37.5322247311841934|127.0648539404698596_37.5318789459323554|127.0650767295477550_37.5317936319202801|127.0653158181221016_37.5317034610872753|127.0654788496418206_37.5315939721514624|127.0656013167870384_37.5315067692669189|127.0657049770766918_37.5314172115909841|127.0658172245582875_37.5313035896028282|127.0659108411356186_37.5311780017973362|127.0659843578464603_37.5310296063900140|127.0660360753247318_37.5309057555864598|127.0660617534609145_37.5307962695734290|127.0660878117391661_37.5306432775922545|127.0660919911500457_37.5304921755342349|127.0660746323654990_37.5303480953147215|127.0660169856809460_37.5301263983296920|127.0658040332418466_37.5296505595828407
2026-09-04T23:16:36.811991+09:00,뚝섬한강공원,뚝섬한강공원,POI093,KEY_1,1040021300,강변북로,1040008900,영동대교(북측),127.0622180343810612_37.5327754229746304,1040007100,청담대교,127.0661780522084143_37.5301489062000044,509.0,66.7,원활,127.0661780522084143_37.5301489062000044|127.0662091213532250_37.5303319154962338|127.0662279483586872_37.5304881872226304|127.0662234250055747_37.5306517647420890|127.0661958813128507_37.5308134783766079|127.0661678792534133_37.5309328767341057|127.0661120615257715_37.5310665481004193|127.0660331851003662_37.5312257613005116|127.0659294695478962_37.5313648977888334|127.0658084369414951_37.5314874122535613|127.0656967341885206_37.5315839185092415|127.0655679104062585_37.5316756480466083|127.0653898901095005_37.5317952023784045|127.0651352239816987_37.5318912483707550|127.0649091457236040_37.5319778229982433|127.0637001264982189_37.5323719601884278|127.0622180343810612_37.5327754229746304
2026-09-04T23:16:36.811991+09:00,뚝섬한강공원,뚝섬한강공원,POI093,KEY_1,1040022900,강변북로,1040028500,뚝섬한강공원벽천마당,127.0614388129309447_37.5326114973567044,1040008500,영동대교북측(남측),127.0584975332097599_37.5323485831343291,299.0,44.7,서행,127.0584975332097599_37.5323485831343291|127.0586732895560260_37.5324789717091889|127.0587699459401705_37.5325926128592471|127.0588552316242925_37.5327300595365685|127.0589407991397479_37.5328198106204880|127.0590489151475424_37.5328947406158733|127.0591385071375470_37.5329368094717353|127.0592505754695907_37.5329759819797673|127.0593664405883203_37.5330062244541409|127.0594824115241863_37.5330185818925273|127.0596283980437136_37.5330191263591999|127.0597595173028367_37.5330017284285375|127.0599319339068529_37.5329636179149517|127.0603781675341111_37.5328311326851605|127.0605468755547491_37.5327870441264153|127.0607343336554607_37.5327370639507691|127.0609329701540418_37.5326960678981081|127.0611090765655149_37.5326669124135179|127.0614388129309447_37.5326114973567044
2026-09-04T23:16:36.811991+09:00,뚝섬한강공원,뚝섬한강공원,POI093,KEY_1,1040023200,강변북로,1040028500,뚝섬한강공원벽천마당,127.0614388129309447_37.5326114973567044,1040009400,성동구-광진구,127.0589888489411123_37.5333278313286485,231.0,43.5,서행,127.0589888489411123_37.5333278313286485|127.0593730424238856_37.5332076489046926|127.0601146754208912_37.5329776536316828|127.0604866550777530_37.5328683822143034|127.0607385812359098_37.5328044512337371|127.0609664941108861_37.5327499710006336|127.0611464257032139_37.5327067587713472|127.0614388129309447_37.5326114973567044
2026-09-04T23:16:36.811991+09:00,뚝섬한강공원,뚝섬한강공원,POI093,KEY_1,1040040200,강변북로,1040007000,청담대교,127.0659084467373674_37.5304009255851980,1040028600,청담대교,127.0628710918014548_37.5322113847492105,364.0,51.3,원활,127.0628710918014548_37.5322113847492105|127.0645647717664133_37.5316794398258153|127.0649620402024738_37.5315528754805783|127.0651954679026687_37.5314848059559907|127.0653391000813741_37.5314239369300040|127.0654333429809810_37.5313666711772527|127.0655455274282843_37.5312879398512464|127.0656307704089016_37.5312092233928993|127.0656935509832692_37.5311162159748619|127.0657563020179310_37.5309910265765865|127.0658100480931978_37.5308372344698995|127.0658458430619930_37.5306941805669751|127.0658906280394405_37.5305618489558483|127.0659084467373674_37.5304009255851980
2026-09-04T23:16:36.811991+09:00,망원한강공원,망원한강공원,POI094,KEY_2,1130001502,양화로,1130019500,양화대교(북측),126.9088702991146818_37.5473486190442571,1130020700,양화대교(북측),126.9110864738484850_37.5486558094690892,247.0,60.3,원활,126.9110864738484850_37.5486558094690892|126.9104702975695886_37.5484316205709661|126.9102030567186858_37.5483158501774241|126.9098751447166222_37.5481333274638018|126.9095562311644869_37.5479092035175839|126.9088702991146818_37.5473486190442571
2026-09-04T23:16:36.811991+09:00,망원한강공원,망원한강공원,POI094,KEY_2,1130001503,양화로,1130020700,양화대교(북측),126.9110864738484850_37.5486558094690892,1130021204,합정동 402,126.9117526504634554_37.5488099012589700,61.0,42.0,원활,126.9117526504634554_37.5488099012589700|126.9114095304818335_37.5487362312337467|126.9110864738484850_37.5486558094690892
2026-09-04T23:16:36.811991+09:00,망원한강공원,망원한강공원,POI094,KEY_2,1130001504,양화로,1130021201,합정동 402,126.9118842718870042_37.5488389364112436,1130052000,합정역8번출구,126.9125610162048474_37.5489924297706352,62.0,31.0,원활,126.9125610162048474_37.5489924297706352|126.9125108300752061_37.5489801444249309|126.9123320541385880_37.5489398539158543|126.9118842718870042_37.5488389364112436
2026-09-04T23:16:36.811991+09:00,망원한강공원,망원한강공원,POI094,KEY_2,1130001505,양화로,1130052000,합정역8번출구,126.9125610162048474_37.5489924297706352,1130021604,합정역교차로,126.9133271355590011_37.5492481379057494,74.0,31.0,원활,126.9133271355590011_37.5492481379057494|126.9131511937065824_37.5491581588815038|126.9128784491420845_37.5490701385518264|126.9125610162048474_37.5489924297706352
2026-09-04T23:16:36.811991+09:00,망원한강공원,망원한강공원,POI094,KEY_2,1130001602,양화로,1130020600,양화대교(북측),126.9111269978420609_37.5485526161926089,1130019000,양화대교(북측),126.9089758149120399_37.5472798488198407,240.0,55.0,원활,126.9089758149120399_37.5472798488198407|126.9096499332892023_37.5478308424299101|126.9099592463067125_37.5480482193369483|126.9102746337613610_37.5482237702880965|126.9105310887964890_37.5483348678804703|126.9111269978420609_37.5485526161926089
2026-09-04T23:16:36.811991+09:00,망원한강공원,망원한강공원,POI094,KEY_2,1130001603,양화로,1130021203,합정동 402,126.9117684440008702_37.5487013098127989,1130020600,양화대교(북측),126.9111269978420609_37.5485526161926089,59.0,22.0,서행,126.9111269978420609_37.5485526161926089|126.9114474860303403_37.5486323980145400|126.9117684440008702_37.5487013098127989
2026-09-04T23:16:36.811991+09:00,망원한강공원,망원한강공원,POI094,KEY_2,1130001605,양화로,1130021800,합정역8번출구,126.9126009251802998_37.5488890850710817,1130021202,합정동 402,126.9119017412713788_37.5487305057125056,64.0,13.0,정체,126.9119017412713788_37.5487305057125056|126.9123690393006569_37.5488358216645253|126.9125492819859886_37.5488764427686803|126.9126009251802998_37.5488890850710817
2026-09-04T23:16:36.811991+09:00,망원한강공원,망원한강공원,POI094,KEY_2,1130001606,양화로,1130021603,합정역교차로,126.9133979744090510_37.5491558635704337,1130021800,합정역8번출구,126.9126009251802998_37.5488890850710817,77.0,13.0,정체,126.9126009251802998_37.5488890850710817|126.9129239950553085_37.5489681728266333|126.9132139348755288_37.5490617432278029|126.9133979744090510_37.5491558635704337
2026-09-04T23:16:36.811991+09:00,망원한강공원,망원한강공원,POI094,KEY_2,1130001901,강변북로,1130017400,양화대교(북측),126.9083263926780347_37.5461870828408806,1130018500,양화대교(북측),126.9073251434053304_37.5469921878426263,126.0,59.7,원활,126.9073251434053304_37.5469921878426263|126.9079528426240131_37.5464989216316312|126.9083263926780347_37.5461870828408806
2026-09-04T23:16:36.811991+09:00,망원한강공원,망원한강공원,POI094,KEY_2,1130001902,강변북로,1130018500,양화대교(북측),126.9073251434053304_37.5469921878426263,1130021700,양화대교(북측),126.9048603023906736_37.5488546051941512,300.0,59.0,원활,126.9048603023906736_37.5488546051941512|126.9072221258290227_37.5470731409600376|126.9073251434053304_37.5469921878426263
2026-09-04T23:16:36.811991+09:00,망원한강공원,망원한강공원,POI094,KEY_2,1130002001,강변북로,1130018900,양화대교(북측),126.9079628582625361_37.5476071802752429,1130017700,양화대교(북측),126.9091923154714152_37.5466689501214006,150.0,16.0,정체,126.9091923154714152_37.5466689501214006|126.9079628582625361_37.5476071802752429
2026-09-04T23:16:36.811991+09:00,망원한강공원,망원한강공원,POI094,KEY_2,1130002002,강변북로,1130022700,양화대교(북측),126.9055080199198642_37.5489541612342776,1130018900,양화대교(북측),126.9079628582625361_37.5476071802752429,264.0,48.0,서행,126.9079628582625361_37.5476071802752429|126.9073936673337926_37.5479978199623545|126.9069694275231797_37.5482389414567947|126.9064914428329871_37.5484583282313551|126.9055080199198642_37.5489541612342776
2026-09-04T23:16:36.811991+09:00,망원한강공원,망원한강공원,POI094,KEY_2,1130002003,강변북로,1130001000,동인리버빌2차,126.9029266853274578_37.5507642647602324,1130022700,양화대교(북측),126.9055080199198642_37.5489541612342776,304.0,16.0,정체,126.9055080199198642_37.5489541612342776|126.9050478801057693_37.5492753502968384|126.9029266853274578_37.5507642647602324
2026-09-04T23:16:36.811991+09:00,망원한강공원,망원한강공원,POI094,KEY_2,1130002101,양화로,1130021601,합정역교차로,126.9134396891751067_37.5493101529960995,1130022800,합정역(서울2호선),126.9139380043217500_37.5496171809286139,56.0,18.0,서행,126.9139380043217500_37.5496171809286139|126.9138232146117105_37.5495337692831868|126.9134396891751067_37.5493101529960995
2026-09-04T23:16:36.811991+09:00,망원한강공원,망원한강공원,POI094,KEY_2,1130002102,양화로,1130022800,합정역(서울2호선),126.9139380043217500_37.5496171809286139,1130024304,누아갤러리,126.9154925570157388_37.5507467776258252,186.0,14.0,정체,126.9154925570157388_37.5507467776258252|126.9142500058633658_37.5498438974214181|126.9139380043217500_37.5496171809286139
2026-09-04T23:16:36.811991+09:00,망원한강공원,망원한강공원,POI094,KEY_2,1130002201,양화로,1130022400,합정역5번출구,126.9140295476794051_37.5495373218593258,1130021602,합정역교차로,126.9135099145764940_37.5492170875193594,58.0,20.0,서행,126.9135099145764940_37.5492170875193594|126.9139093521257280_37.5494499807109747|126.9140295476794051_37.5495373218593258
2026-09-04T23:16:36.811991+09:00,망원한강공원,망원한강공원,POI094,KEY_2,1130002202,양화로,1130073600,합정동 402,126.9143415490859326_37.5497640377180701,1130022400,합정역5번출구,126.9140295476794051_37.5495373218593258,37.0,15.0,서행,126.9140295476794051_37.5495373218593258|126.9143415490859326_37.5497640377180701
2026-09-04T23:16:36.811991+09:00,망원한강공원,망원한강공원,POI094,KEY_2,1130002302,강변북로,1130021700,양화대교(북측),126.9048603023906736_37.5488546051941512,1130025700,망원안내센터,126.9007654903283679_37.5519545470431098,499.0,64.0,원활,126.9007654903283679_37.5519545470431098|126.9031163427670492_37.5502021941284241|126.9039187278760892_37.5495836910314580|126.9048603023906736_37.5488546051941512
2026-09-04T23:16:36.811991+09:00,망원한강공원,망원한강공원,POI094,KEY_2,1130002303,강변북로,1130025700,망원안내센터,126.9007654903283679_37.5519545470431098,1130028000,성산대교(북측),126.8963688755541455_37.5552314842199308,532.0,68.0,원활,126.8963688755541455_37.5552314842199308|126.9007654903283679_37.5519545470431098
2026-09-04T23:16:36.811991+09:00,망원한강공원,망원한강공원,POI094,KEY_2,1130002401,강변북로,1130051800,망원안내센터,126.9009570824425310_37.5522283841895188,1130001000,동인리버빌2차,126.9029266853274578_37.5507642647602324,238.0,16.0,정체,126.9029266853274578_37.5507642647602324|126.9009570824425310_37.5522283841895188
2026-09-04T23:16:36.811991+09:00,망원한강공원,망원한강공원,POI094,KEY_2,1130002402,강변북로,1130027900,성산대교(북측),126.8972467448848818_37.5549676744905199,1130051800,망원안내센터,126.9009570824425310_37.5522283841895188,447.0,16.0,정체,126.9009570824425310_37.5522283841895188|126.8972467448848818_37.5549676744905199
2026-09-04T23:16:36.811991+09:00,망원한강공원,망원한강공원,POI094,KEY_2,1130003401,강변북로,1130028500,성산대교(북측),126.8963294092971381_37.5558625828289365,1130027900,성산대교(북측),126.8972467448848818_37.5549676744905199,128.0,59.0,원활,126.8972467448848818_37.5549676744905199|126.8970402802669923_37.5551901202604625|126.8966418585040685_37.5555636932406571|126.8963294092971381_37.5558625828289365
2026-09-04T23:16:36.811991+09:00,망원한강공원,망원한강공원,POI094,KEY_2,1130003402,강변북로,1130030400,성산대교(북측),126.8947848919604837_37.5573821483062815,1130028500,성산대교(북측),126.8963294092971381_37.5558625828289365,217.0,55.3,원활,126.8963294092971381_37.5558625828289365|126.8955775076021837_37.5566063745334304|126.8949481528685936_37.5571969694140364|126.8947848919604837_37.5573821483062815
2026-09-04T23:16:36.811991+09:00,망원한강공원,망원한강공원,POI094,KEY_2,1130003900,강변북로,1130201400,최소노드배치점,126.8947142757485977_37.5570261297014412,1130034300,성산지하차도,126.8987170904777031_37.5621054838341308,789.0,73.5,원활,126.8987170904777031_37.5621054838341308|126.8969536987574855_37.5615846732236918|126.8963662923212468_37.5614278506331800|126.8961199007135576_37.5613335826976993|126.8958557676520229_37.5612106063692224|126.8956902323749318_37.5611203281630139|126.8954532341929990_37.5609760266916481|126.8951942332924432_37.5607743757100181|126.8949800523225804_37.5605872628649635|126.8948420294957060_37.5604291583902281|126.8947087021021645_37.5602460363635160|126.8946021053882873_37.5600916699249439|126.8944959424210310_37.5598836467254458|126.8944166539394161_37.5596864927554392|126.8943291310609283_37.5593962890377000|126.8942944005902547_37.5592458680922050|126.8942732661792689_37.5590812073427287|126.8942613210597443_37.5588915539580199|126.8942718716697442_37.5586984383601603|126.8943005688038568_37.5584839520411649|126.8943379626907983_37.5583052827078205|126.8944118820898979_37.5580552564431471|126.8947142757485977_37.5570261297014412
2026-09-04T23:16:36.811991+09:00,망원한강공원,망원한강공원,POI094,KEY_2,1130004000,내부순환도로,1130199400,최소노드배치점,126.8958737769441854_37.5567231575300013,1130051800,망원안내센터,126.9009570824425310_37.5522283841895188,675.0,69.0,원활,126.9009570824425310_37.5522283841895188|126.9004216665100273_37.5527558689880081|126.8992644896432012_37.5536192522852588|126.8974878493433636_37.5549623897843006|126.8970581227338243_37.5553179179575167|126.8967684876836159_37.5555739988053006|126.8965601593328500_37.5557768354810761|126.8963650204589584_37.5560155115119159|126.8960834710524210_37.5563825258058159|126.8958737769441854_37.5567231575300013
2026-09-04T23:16:36.811991+09:00,망원한강공원,망원한강공원,POI094,KEY_2,1130004101,성산로,1130001702,성산대교(북측),126.8942680586532674_37.5573968828278240,1130032200,망원동297-2,126.8950002147612537_37.5586295530031435,151.0,45.5,원활,126.8950002147612537_37.5586295530031435|126.8946622839659284_37.5580572433595918|126.8942680586532674_37.5573968828278240
2026-09-04T23:16:36.811991+09:00,망원한강공원,망원한강공원,POI094,KEY_2,1130004102,성산로,1130032200,망원동297-2,126.8950002147612537_37.5586295530031435,1130051700,성산대교(북측),126.8965663447275745_37.5604484258084454,248.0,53.7,원활,126.8965663447275745_37.5604484258084454|126.8961956061885417_37.5601962475844360|126.8960004414220890_37.5600454039845530|126.8957681063122038_37.5598307646228093|126.8955523404559216_37.5595645510922296|126.8950002147612537_37.5586295530031435
2026-09-04T23:16:36.811991+09:00,망원한강공원,망원한강공원,POI094,KEY_2,1130004201,성산로,1130032000,성산대교(북측),126.8948869795846548_37.5581835345159192,1130001701,성산대교(북측),126.8943813250255772_37.5573346406202617,104.0,56.5,원활,126.8943813250255772_37.5573346406202617|126.8947851168518781_37.5580110236248075|126.8948869795846548_37.5581835345159192
2026-09-04T23:16:36.811991+09:00,망원한강공원,망원한강공원,POI094,KEY_2,1130004202,성산로,1130033100,성산대교(북측),126.8962400098648260_37.5600798445252551,1130032000,성산대교(북측),126.8948869795846548_37.5581835345159192,244.0,63.0,원활,126.8948869795846548_37.5581835345159192|126.8956713880452583_37.5595120093113124|126.8958771300655002_37.5597658566190375|126.8960993848130840_37.5599711823067182|126.8962400098648260_37.5600798445252551
2026-09-04T23:16:36.811991+09:00,망원한강공원,망원한강공원,POI094,KEY_2,1130004301,강변북로,1130028000,성산대교(북측),126.8963688755541455_37.5552314842199308,1130031400,성산대교(북측),126.8934765616889280_37.5578619363347244,389.0,64.0,원활,126.8934765616889280_37.5578619363347244|126.8941287036934114_37.5571376348293455|126.8945911533620006_37.5567226042710089|126.8949875801237539_37.5563790865756957|126.8953713328322834_37.5560456826038447|126.8957040277104795_37.5557573830465401|126.8959563276929146_37.5555665113359325|126.8962264597457050_37.5553376236581471|126.8963688755541455_37.5552314842199308
2026-09-04T23:16:36.811991+09:00,망원한강공원,망원한강공원,POI094,KEY_2,1130004401,강변북로,1130031800,성산대교(북측),126.8940421199747988_37.5581045142548078,1130030400,성산대교(북측),126.8947848919604837_37.5573821483062815,104.0,49.5,서행,126.8947848919604837_37.5573821483062815|126.8940421199747988_37.5581045142548078
2026-09-04T23:16:36.811991+09:00,망원한강공원,망원한강공원,POI094,KEY_2,1130004402,강변북로,1130033200,성산대교,126.8911412406119865_37.5603058527702629,1130031800,성산대교(북측),126.8940421199747988_37.5581045142548078,356.0,53.0,원활,126.8940421199747988_37.5581045142548078|126.8937299682216917_37.5583640487572197|126.8932455301918196_37.5588122892025851|126.8927341561938960_37.5592568126717694|126.8923676674887275_37.5595661444779694|126.8920015830471186_37.5598253972085629|126.8918072327847568_37.5599639069689175|126.8911412406119865_37.5603058527702629
2026-09-04T23:16:36.811991+09:00,망원한강공원,망원한강공원,POI094,KEY_2,1130012504,독막로,1130052100,합정역7번출구,126.9140173730645671_37.5487741682980598,1130021603,합정역교차로,126.9133979744090510_37.5491558635704337,71.0,22.0,서행,126.9133979744090510_37.5491558635704337|126.9135406193636584_37.5489949395947065|126.9136811129909290_37.5488909851792201|126.9137974866256258_37.5488341856604748|126.9139631942102255_37.5487857147723645|126.9140173730645671_37.5487741682980598
2026-09-04T23:16:36.811991+09:00,망원한강공원,망원한강공원,POI094,KEY_2,1130012505,독막로,1130136100,합정동 402,126.9148352538110629_37.5486026780129691,1130052100,합정역7번출구,126.9140173730645671_37.5487741682980598,75.0,21.0,서행,126.9140173730645671_37.5487741682980598|126.9143677077482124_37.5486995039643006|126.9148352538110629_37.5486026780129691
2026-09-04T23:16:36.811991+09:00,망원한강공원,망원한강공원,POI094,KEY_2,1130012601,독막로,1130021602,합정역교차로,126.9135099145764940_37.5492170875193594,1130021400,합정역6번출구,126.9140524865152884_37.5488786114665416,63.0,3.0,정체,126.9140524865152884_37.5488786114665416|126.9140042501253305_37.5488888909759595|126.9138569670299148_37.5489319720761685|126.9137636338956270_37.5489775269032293|126.9136434160954963_37.5490664775041694|126.9135099145764940_37.5492170875193594
2026-09-04T23:16:36.811991+09:00,망원한강공원,망원한강공원,POI094,KEY_2,1130014101,월드컵로,1130021604,합정역교차로,126.9133271355590011_37.5492481379057494,1130022900,합정역9번출구,126.9130418149968449_37.5497885897765329,65.0,8.0,정체,126.9130418149968449_37.5497885897765329|126.9130982247336163_37.5496351327381603|126.9132269055929783_37.5494015408536583|126.9133271355590011_37.5492481379057494
2026-09-04T23:16:36.811991+09:00,망원한강공원,망원한강공원,POI094,KEY_2,1130014201,월드컵로,1130023000,합정역9번출구,126.9131721455813278_37.5498189592265703,1130021601,합정역교차로,126.9134396891751067_37.5493101529960995,61.0,12.0,정체,126.9134396891751067_37.5493101529960995|126.9133494569869924_37.5494482548088371|126.9132260984452927_37.5496721848271662|126.9131721455813278_37.5498189592265703
2026-09-04T23:16:36.811991+09:00,망원한강공원,망원한강공원,POI094,KEY_2,1130044800,강변북로,1130020600,양화대교(북측),126.9111269978420609_37.5485526161926089,1130018200,양화대교(북측),126.9102416078398505_37.5466718111709170,232.0,33.3,서행,126.9102416078398505_37.5466718111709170|126.9103448964562659_37.5473430570484155|126.9103986365779804_37.5476503707893841|126.9104238574202981_37.5477756999008818|126.9105048846684127_37.5479460230307964|126.9105824276039556_37.5480835372061037|126.9106640651950073_37.5481763558913002|126.9108350419256226_37.5483352032103284|126.9109652588307142_37.5484401893999191|126.9111269978420609_37.5485526161926089
2026-09-04T23:16:36.811991+09:00,망원한강공원,망원한강공원,POI094,KEY_2,1130051100,강변북로,1130024903,망원동 211-48,126.9028611241875382_37.5513378254563790,1130001000,동인리버빌2차,126.9029266853274578_37.5507642647602324,67.0,35.0,서행,126.9029266853274578_37.5507642647602324|126.9028126717339262_37.5509453472569632|126.9027897505136622_37.5510720564586151|126.9027991886800919_37.5511826770461639|126.9028254134930478_37.5512780539479394|126.9028588751143047_37.5513352948506878|126.9028611241875382_37.5513378254563790
2026-09-04T23:16:36.811991+09:00,망원한강공원,망원한강공원,POI094,KEY_2,1130045800,강변북로,1130018400,양화대교북측(서측),126.9079539251361695_37.5465977422113681,1130021700,양화대교(북측),126.9048603023906736_37.5488546051941512,399.0,44.3,서행,126.9048603023906736_37.5488546051941512|126.9055266718272748_37.5485396853818898|126.9064149434197049_37.5481399277629464|126.9066089514169136_37.5480371639153034|126.9068527465944953_37.5478881448283275|126.9078918069258606_37.5471671825859303|126.9080115554062900_37.5470801412585331|126.9080494888386426_37.5470177297965719|126.9080763318795846_37.5469373771126413|126.9080619926768776_37.5468568175705784|126.9080364933849836_37.5467672582688436|126.9079539251361695_37.5465977422113681
2026-09-04T23:16:36.811991+09:00,망원한강공원,망원한강공원,POI094,KEY_2,1130045900,양화로,1130156400,합정동 380-8,126.9118151967610686_37.5482356448082584,1130021203,합정동 402,126.9117684440008702_37.5487013098127989,52.0,17.0,서행,126.9117684440008702_37.5487013098127989|126.9118151967610686_37.5482356448082584
2026-09-04T23:16:36.811991+09:00,망원한강공원,망원한강공원,POI094,KEY_2,1130046100,강변북로,1130018500,양화대교(북측),126.9073251434053304_37.5469921878426263,1130021100,양화대교(북측),126.9082218508906692_37.5486104598507637,242.0,38.7,서행,126.9082218508906692_37.5486104598507637|126.9079481053933449_37.5485697378756456|126.9077374574621047_37.5485042916332930|126.9075136716404160_37.5483958525956893|126.9073528686301700_37.5482769965683474|126.9072370781374417_37.5481476349090215|126.9071571446287834_37.5480291853937302|126.9070864795459102_37.5478750095152094|126.9070561930063690_37.5477281913991590|126.9070570707658732_37.5476173016963841|126.9070763730902627_37.5474492689457051|126.9071136463088436_37.5472813269097330|126.9071729281685634_37.5471707299992374|126.9073251434053304_37.5469921878426263
2026-09-04T23:16:36.811991+09:00,망원한강공원,망원한강공원,POI094,KEY_2,1130046300,양화진길,1130020001,합정동 406,126.9124089735466470_37.5477549671771911,1130021800,합정역8번출구,126.9126009251802998_37.5488890850710817,178.0,12.5,정체,126.9126009251802998_37.5488890850710817|126.9129052599318044_37.5488590463041163|126.9130897233898594_37.5488362968600953|126.9126784164114241_37.5482505084113853|126.9124089735466470_37.5477549671771911
2026-09-04T23:16:36.811991+09:00,망원한강공원,망원한강공원,POI094,KEY_2,1130047000,강변북로,1130020801,양화대교(북측),126.9101361694712296_37.5485270306192120,1130020700,양화대교(북측),126.9110864738484850_37.5486558094690892,85.0,37.0,서행,126.9110864738484850_37.5486558094690892|126.9102173533760265_37.5485274362036847|126.9101361694712296_37.5485270306192120
2026-09-04T23:16:36.811991+09:00,망원한강공원,망원한강공원,POI094,KEY_2,1130047100,강변북로,1130019500,양화대교(북측),126.9088702991146818_37.5473486190442571,1130018900,양화대교(북측),126.9079628582625361_37.5476071802752429,325.0,34.0,서행,126.9079628582625361_37.5476071802752429|126.9077617869843664_37.5478774454727855|126.9077121956132999_37.5479934562309055|126.9076963242405185_37.5481066551844478|126.9077181031041022_37.5481932140098991|126.9077660192914578_37.5482888473825298|126.9078179629540131_37.5483487286568902|126.9079222970304244_37.5484118529214044|126.9080081489424288_37.5484450747764527|126.9081353007526332_37.5484635982839308|126.9086293112116124_37.5484899213285814|126.9087792323046813_37.5484698053234780|126.9089407869166877_37.5483990700973962|126.9090537868644617_37.5483131857162320|126.9091257452737693_37.5482092100341518|126.9091714952716217_37.5481051033266340|126.9091836210362487_37.5479918850748717|126.9091696574317609_37.5478636307128539|126.9091072118532821_37.5477112859805118|126.9090111415095521_37.5475498305376476|126.9088702991146818_37.5473486190442571
2026-09-04T23:16:36.811991+09:00,망원한강공원,망원한강공원,POI094,KEY_2,1130048200,강변북로,1130022700,양화대교(북측),126.9055080199198642_37.5489541612342776,1130021100,양화대교(북측),126.9082218508906692_37.5486104598507637,251.0,41.3,서행,126.9082218508906692_37.5486104598507637|126.9077408467245789_37.5486438201896675|126.9074846758116024_37.5486532667477277|126.9072960385176003_37.5486451656873541|126.9070761497593764_37.5486118667423909|126.9068607830846673_37.5485750129122451|126.9067171008075690_37.5485635595252205|126.9065733056602454_37.5485664137284303|126.9063889048232880_37.5485905279660344|126.9062583330403129_37.5486256435050336|126.9055080199198642_37.5489541612342776
2026-09-04T23:16:36.811991+09:00,망원한강공원,망원한강공원,POI094,KEY_2,1130048500,양화로,1130022400,합정역5번출구,126.9140295476794051_37.5495373218593258,1130021400,합정역6번출구,126.9140524865152884_37.5488786114665416,86.0,12.0,정체,126.9140524865152884_37.5488786114665416|126.9139230246069445_37.5489343484288156|126.9138762522378556_37.5489900978359401|126.9138420413620167_37.5490572990694389|126.9138329563527492_37.5491459732028474|126.9138508086349617_37.5492446788838663|126.9140295476794051_37.5495373218593258
2026-09-04T23:16:36.811991+09:00,망원한강공원,망원한강공원,POI094,KEY_2,1130049000,양화로,1130052000,합정역8번출구,126.9125610162048474_37.5489924297706352,1130022900,합정역9번출구,126.9130418149968449_37.5497885897765329,105.0,16.0,서행,126.9130418149968449_37.5497885897765329|126.9130618100318912_37.5495401812596441|126.9130421428666295_37.5494586372446904|126.9130134806158026_37.5493885292777207|126.9129740362242984_37.5493212749275216|126.9129004782609655_37.5492368304858175|126.9125610162048474_37.5489924297706352
2026-09-04T23:16:36.811991+09:00,망원한강공원,망원한강공원,POI094,KEY_2,1130049300,양화로,1130023000,합정역9번출구,126.9131721455813278_37.5498189592265703,1130022800,합정역(서울2호선),126.9139380043217500_37.5496171809286139,76.0,16.0,서행,126.9139380043217500_37.5496171809286139|126.9136402094506622_37.5496006797627686|126.9135395936122848_37.5496106180248574|126.9134569354612267_37.5496277214884771|126.9133796540536849_37.5496562715165325|126.9131721455813278_37.5498189592265703
2026-09-04T23:16:36.811991+09:00,망원한강공원,망원한강공원,POI094,KEY_2,1130052801,성산로,1130197900,최소노드배치점,126.8921036592381171_37.5538194662087861,1130051600,성산대교(북측),126.8939006534653657_37.5567814362906276,365.0,52.5,원활,126.8939006534653657_37.5567814362906276|126.8921036592381171_37.5538194662087861
2026-09-04T23:16:36.811991+09:00,망원한강공원,망원한강공원,POI094,KEY_2,1130052802,성산로,1130051600,성산대교(북측),126.8939006534653657_37.5567814362906276,1130001702,성산대교(북측),126.8942680586532674_37.5573968828278240,76.0,50.0,원활,126.8942680586532674_37.5573968828278240|126.8939006534653657_37.5567814362906276
2026-09-04T23:16:36.811991+09:00,망원한강공원,망원한강공원,POI094,KEY_2,1130054500,강변북로,1130030200,성산대교(북측),126.8959477838967871_37.5573272909178115,1130028500,성산대교(북측),126.8963294092971381_37.5558625828289365,167.0,48.0,서행,126.8963294092971381_37.5558625828289365|126.8962548200340024_37.5560109538974203|126.8961901567778057_37.5561358257255833|126.8960829348993116_37.5564303980136032|126.8960440488294239_37.5566090603388716|126.8960201868548268_37.5567818370500675|126.8959949779797540_37.5571215438861472|126.8959477838967871_37.5573272909178115
2026-09-04T23:16:36.811991+09:00,망원한강공원,망원한강공원,POI094,KEY_2,1130054600,강변북로,1130028000,성산대교(북측),126.8963688755541455_37.5552314842199308,1130029500,성산대교(북측),126.8939091133735531_37.5565467017228869,326.0,44.7,서행,126.8939091133735531_37.5565467017228869|126.8941160039223490_37.5567491270422238|126.8942322184528422_37.5568248446779336|126.8943307792081328_37.5568611223742863|126.8944698084482781_37.5568940303965704|126.8946000245683479_37.5569054298960339|126.8947079483467917_37.5568952521194745|126.8948519626013791_37.5568673720655255|126.8949782349178150_37.5568107838051546|126.8950776352305496_37.5567433262311141|126.8952272699656163_37.5565759637522874|126.8953411542366894_37.5564406025223079|126.8960393752678470_37.5556106937079477|126.8961527713011748_37.5554789163318645|126.8963688755541455_37.5552314842199308
2026-09-04T23:16:36.811991+09:00,망원한강공원,망원한강공원,POI094,KEY_2,1130055100,강변북로,1130030200,성산대교(북측),126.8959477838967871_37.5573272909178115,1130031400,성산대교(북측),126.8934765616889280_37.5578619363347244,298.0,41.3,서행,126.8934765616889280_37.5578619363347244|126.8935715870818655_37.5577801484427098|126.8938020760769518_37.5576167799939142|126.8944847836780241_37.5570980087808479|126.8947239079309526_37.5569776093695822|126.8952461613477141_37.5568515063165833|126.8954622110283879_37.5568061082511946|126.8956193864642330_37.5568176449194340|126.8957223845461613_37.5568610991157641|126.8958473271129890_37.5569690551372233|126.8959003502932745_37.5570802200584239|126.8959309083641926_37.5571912705501774|126.8959477838967871_37.5573272909178115
2026-09-04T23:16:36.811991+09:00,망원한강공원,망원한강공원,POI094,KEY_2,1130055600,성산로,1130001701,성산대교(북측),126.8943813250255772_37.5573346406202617,1130029500,성산대교(북측),126.8939091133735531_37.5565467017228869,97.0,20.0,서행,126.8939091133735531_37.5565467017228869|126.8940231764855895_37.5567347016886757|126.8943813250255772_37.5573346406202617
2026-09-04T23:16:36.811991+09:00,망원한강공원,망원한강공원,POI094,KEY_2,1130056200,강변북로,1130030400,성산대교(북측),126.8947848919604837_37.5573821483062815,1130032000,성산대교(북측),126.8948869795846548_37.5581835345159192,302.0,35.7,서행,126.8948869795846548_37.5581835345159192|126.8950464902944901_37.5582798803510869|126.8951406178000667_37.5583089805873769|126.8953021456018462_37.5583384252499357|126.8954280162047326_37.5583319153729320|126.8955405500953191_37.5583074511124764|126.8956443012299502_37.5582579015376083|126.8956941314630313_37.5582080753949441|126.8957350329097835_37.5581510495894904|126.8957489756507186_37.5580938855421920|126.8958222373852891_37.5573680845716851|126.8958094802783023_37.5572785889986918|126.8957786337305009_37.5572033096052138|126.8957475572415774_37.5571566465653888|126.8957029717622191_37.5571134917800222|126.8955955389453294_37.5570628608098858|126.8954833521016923_37.5570444001368173|126.8953889660117085_37.5570474943645962|126.8952674755185512_37.5570683348415173|126.8951682775213072_37.5571107540445794|126.8947848919604837_37.5573821483062815
2026-09-04T23:16:36.811991+09:00,망원한강공원,망원한강공원,POI094,KEY_2,1130057100,강변북로,1130033100,성산대교(북측),126.8962400098648260_37.5600798445252551,1130030200,성산대교(북측),126.8959477838967871_37.5573272909178115,314.0,50.3,원활,126.8959477838967871_37.5573272909178115|126.8958285842760176_37.5586225282904849|126.8958024250376582_37.5588942629468718|126.8958129054658315_37.5590803325226474|126.8958353298008888_37.5592712320608726|126.8958938158745582_37.5594480078332751|126.8959817962853549_37.5596821688064466|126.8960524974649928_37.5598303891524452|126.8961169487055258_37.5599177650610443|126.8962400098648260_37.5600798445252551
2026-09-04T23:16:36.811991+09:00,망원한강공원,망원한강공원,POI094,KEY_2,1130057200,강변북로,1130031400,성산대교(북측),126.8934765616889280_37.5578619363347244,1130032600,성산대교(북측),126.8944996981634006_37.5595429958823459,239.0,43.3,서행,126.8944996981634006_37.5595429958823459|126.8941294575235332_37.5593605658435763|126.8938607550015405_37.5592482928689790|126.8936729614436558_37.5591328575938022|126.8935435829644405_37.5590177224764972|126.8934368449610588_37.5588812396137470|126.8933615604962029_37.5587449184117617|126.8933178448669281_37.5585944503053000|126.8932965095752934_37.5584548296853100|126.8933112370545899_37.5583010842876703|126.8933302832502790_37.5581688252532899|126.8933808399575440_37.5580295741042107|126.8934765616889280_37.5578619363347244
2026-09-04T23:16:36.811991+09:00,망원한강공원,망원한강공원,POI094,KEY_2,1130057600,강변북로,1130032200,망원동297-2,126.8950002147612537_37.5586295530031435,1130031800,성산대교(북측),126.8940421199747988_37.5581045142548078,296.0,40.7,서행,126.8940421199747988_37.5581045142548078|126.8938006897265183_37.5584165792352991|126.8937232601420106_37.5585449619723732|126.8936684125329748_37.5586591508701986|126.8936495121976407_37.5587735243936720|126.8936709924894188_37.5588952602886152|126.8937374944070342_37.5590064959451837|126.8938133878040446_37.5590676986530951|126.8939028207753950_37.5591218154273392|126.8942162540165697_37.5592593590031356|126.8944268626905654_37.5593319831374330|126.8945211364593462_37.5593431983093211|126.8946470364907526_37.5593331123366880|126.8947912005788936_37.5592873477212734|126.8949221728727252_37.5592057430569781|126.8949992832976932_37.5591167075910022|126.8950313433697943_37.5590417506482055|126.8950410538536175_37.5589523695953105|126.8950002147612537_37.5586295530031435
2026-09-04T23:16:36.811991+09:00,망원한강공원,망원한강공원,POI094,KEY_2,1130057700,강변북로,1130033200,성산대교,126.8911412406119865_37.5603058527702629,1130032600,성산대교(북측),126.8944996981634006_37.5595429958823459,326.0,48.3,서행,126.8944996981634006_37.5595429958823459|126.8943293941725443_37.5594872710125642|126.8941530411086944_37.5594386700603451|126.8939286622046154_37.5594017467735526|126.8937640802613203_37.5593794378865411|126.8935933902019855_37.5593714067652158|126.8934495642020437_37.5593754378597282|126.8932726515631657_37.5593959919852907|126.8931075851383383_37.5594333006925396|126.8929244098583382_37.5594872098278643|126.8926237686871303_37.5596192130071884|126.8919590517301259_37.5599472802490411|126.8911412406119865_37.5603058527702629
2026-09-04T23:16:36.811991+09:00,망원한강공원,망원한강공원,POI094,KEY_2,1130058000,강변북로,1130032600,성산대교(북측),126.8944996981634006_37.5595429958823459,1130033300,성산대교(북측),126.8960313586577939_37.5602532631850607,157.0,45.3,서행,126.8960313586577939_37.5602532631850607|126.8959204715099958_37.5601846338889942|126.8958161077995186_37.5601244796121350|126.8952608916589497_37.5598783857262077|126.8944996981634006_37.5595429958823459
2026-09-04T23:16:36.811991+09:00,망원한강공원,망원한강공원,POI094,KEY_2,1130077600,강변북로,1130051600,성산대교(북측),126.8939006534653657_37.5567814362906276,1130032901,상암동 1536-5,126.8907763104595432_37.5602411617639333,509.0,50.5,원활,126.8907763104595432_37.5602411617639333|126.8914515481813510_37.5599570068259894|126.8916725966885934_37.5598508291836310|126.8919166058800556_37.5596839575910550|126.8921021123249062_37.5595275151353363|126.8923374234193773_37.5593248246021076|126.8928854144154599_37.5587982156387596|126.8936462934091765_37.5580616421300277|126.8938410402452490_37.5578730495400208|126.8939317463245260_37.5577697750056032|126.8939818668525277_37.5576841793648271|126.8940368585594598_37.5575521047411414|126.8940509166800297_37.5574806322605426|126.8940609464013676_37.5573519041138013|126.8940571775176807_37.5572624542587903|126.8940267098289780_37.5571406724921744|126.8939006534653657_37.5567814362906276
2026-09-04T23:16:36.811991+09:00,망원한강공원,망원한강공원,POI094,KEY_2,1130087500,양화로3길,1130115600,합정동 407,126.9116969527201491_37.5495270854960594,1130021201,합정동 402,126.9118842718870042_37.5488389364112436,78.0,15.0,서행,126.9118842718870042_37.5488389364112436|126.9118474626460227_37.5490170505902370|126.9116969527201491_37.5495270854960594
2026-09-04T23:16:36.811991+09:00,반포한강공원,반포한강공원,POI095,KEY_3,1210004500,올림픽대로,1210473500,최소노드배치점,126.9849859864246895_37.5052572539861941,1210043100,반포동 1337-4,126.9909393086859950_37.5067245440807682,553.0,66.7,원활,126.9909393086859950_37.5067245440807682|126.9901890908383422_37.5064390997933188|126.9898392708057742_37.5063085407043388|126.9896210377246319_37.5062459316056049|126.9891672180945790_37.5061253742093896|126.9890092184601258_37.5060903943060140|126.9869005703152567_37.5056505401000209|126.9849859864246895_37.5052572539861941
2026-09-04T23:16:36.811991+09:00,반포한강공원,반포한강공원,POI095,KEY_3,1210004600,올림픽대로,1210473600,최소노드배치점,126.9850464041665674_37.5050791504093013,1190028801,동작구-서초구,126.9789823584474249_37.5046639518026268,541.0,55.5,원활,126.9789823584474249_37.5046639518026268|126.9802303681690603_37.5046617417532460|126.9819135711866238_37.5046512840886379|126.9826048000792440_37.5046692674508506|126.9832197188299574_37.5047158428743330|126.9836326487822618_37.5047874181129828|126.9840096720059250_37.5048554109620085|126.9850464041665674_37.5050791504093013
2026-09-04T23:16:36.811991+09:00,반포한강공원,반포한강공원,POI095,KEY_3,1210004901,올림픽대로,1210043100,반포동 1337-4,126.9909393086859950_37.5067245440807682,1210044300,반포동 115-6,126.9939814359000110_37.5081015369480752,310.0,50.0,원활,126.9939814359000110_37.5081015369480752|126.9931929722786066_37.5077169948010720|126.9918464285245676_37.5070696761976734|126.9909393086859950_37.5067245440807682
2026-09-04T23:16:36.811991+09:00,반포한강공원,반포한강공원,POI095,KEY_3,1210004902,올림픽대로,1210044300,반포동 115-6,126.9939814359000110_37.5081015369480752,1210046300,미니스톱반포1점,127.0028235957947658_37.5124656549612254,920.0,50.5,원활,127.0028235957947658_37.5124656549612254|127.0024892527280258_37.5122549419168081|127.0019326101089803_37.5119367005065172|127.0003435122797271_37.5111714802009573|126.9985614268103404_37.5102989599209735|126.9966940965352222_37.5094085307340350|126.9946741968714150_37.5084393965799947|126.9939814359000110_37.5081015369480752
2026-09-04T23:16:36.811991+09:00,반포한강공원,반포한강공원,POI095,KEY_3,1210005301,올림픽대로,1210467000,최소노드배치점,127.0063311684586722_37.5151321080427280,1210048600,한남대교분기점,127.0116483973796164_37.5197328756636708,694.0,57.0,원활,127.0116483973796164_37.5197328756636708|127.0113381325108008_37.5194347621186211|127.0111530941337463_37.5192706692185212|127.0109430122922873_37.5190843650138959|127.0098205372895421_37.5181189800994872|127.0087474791721576_37.5172072192485331|127.0063311684586722_37.5151321080427280
2026-09-04T23:16:36.811991+09:00,반포한강공원,반포한강공원,POI095,KEY_3,1210024100,동작대로,1210042300,동작대교,126.9806649648760128_37.5057967542173571,1210037600,동작구-서초구,126.9811003133906979_37.5023416866593706,402.0,57.0,원활,126.9811003133906979_37.5023416866593706|126.9807516982350393_37.5027332272799541|126.9806465756221598_37.5029030100310194|126.9805412999374425_37.5031160553451315|126.9804608919166640_37.5033252141313085|126.9804082986606772_37.5035319177264057|126.9803587674843186_37.5038518205309757|126.9803461438776395_37.5044511123134754|126.9803862384570579_37.5047636480202087|126.9804912197440103_37.5051623242331402|126.9806649648760128_37.5057967542173571
2026-09-04T23:16:36.811991+09:00,반포한강공원,반포한강공원,POI095,KEY_3,1210026605,반포대로,1210044902,반포대교,126.9992921995695951_37.5086549273924064,1210045500,반포대교,126.9985814437733325_37.5101401536037926,176.0,43.5,원활,126.9985814437733325_37.5101401536037926|126.9992921995695951_37.5086549273924064
2026-09-04T23:16:36.811991+09:00,반포한강공원,반포한강공원,POI095,KEY_3,1210026705,반포대로,1210051600,반포대교,126.9986967105539293_37.5101806127401289,1210044901,반포대교,126.9994191248414523_37.5086931506571730,177.0,36.0,원활,126.9994191248414523_37.5086931506571730|126.9986967105539293_37.5101806127401289
2026-09-04T23:16:36.811991+09:00,반포한강공원,반포한강공원,POI095,KEY_3,1210058200,현충로,1190029000,동작구-서초구,126.9791771252401844_37.5043272220037096,1210040500,한강홍수통제소앞,126.9826300808937276_37.5044384633158856,306.0,23.0,서행,126.9826300808937276_37.5044384633158856|126.9821116639992766_37.5043498801840158|126.9818418690978774_37.5043382205551197|126.9791771252401844_37.5043272220037096
2026-09-04T23:16:36.811991+09:00,반포한강공원,반포한강공원,POI095,KEY_3,1210058300,동작대로,1210042300,동작대교,126.9806649648760128_37.5057967542173571,1210040500,한강홍수통제소앞,126.9826300808937276_37.5044384633158856,316.0,16.0,서행,126.9826300808937276_37.5044384633158856|126.9820741456918398_37.5043962636629544|126.9814073885070229_37.5043800380098489|126.9809749282143798_37.5043960917430752|126.9808838035022802_37.5044214124037936|126.9808013490878125_37.5044628578957528|126.9807434859177704_37.5045100638647781|126.9806928462777478_37.5045699409240783|126.9806668008969837_37.5046240636632362|126.9806479788473865_37.5046873985579055|126.9806436204795972_37.5047691631819120|126.9806776952086693_37.5049367323332348|126.9806964559726055_37.5051071767794966|126.9807036988778037_37.5053218983415277|126.9806732534744356_37.5056051937505188|126.9806649648760128_37.5057967542173571
2026-09-04T23:16:36.811991+09:00,반포한강공원,반포한강공원,POI095,KEY_3,1210060300,올림픽대로,1210040500,한강홍수통제소앞,126.9826300808937276_37.5044384633158856,1210043100,반포동 1337-4,126.9909393086859950_37.5067245440807682,784.0,57.7,원활,126.9909393086859950_37.5067245440807682|126.9904059126604068_37.5066141279368068|126.9884504673063219_37.5062670272108889|126.9881455542998765_37.5062037004910778|126.9879783094321226_37.5061457399460565|126.9877752733192295_37.5060685444103257|126.9851906749843380_37.5049268930149537|126.9846346495238834_37.5048147648617061|126.9833132594171730_37.5045609687905426|126.9826300808937276_37.5044384633158856
2026-09-04T23:16:36.811991+09:00,반포한강공원,반포한강공원,POI095,KEY_3,1210061500,올림픽대로,1210044300,반포동 115-6,126.9939814359000110_37.5081015369480752,1210051500,반포대교JC,126.9982337024220413_37.5097200726367461,417.0,49.5,서행,126.9982337024220413_37.5097200726367461|126.9973859716003517_37.5093492024963311|126.9967144131025520_37.5090534435411271|126.9961887876295634_37.5088651853329011|126.9950834353601437_37.5085218184218760|126.9946891821507080_37.5083865812520614|126.9939814359000110_37.5081015369480752
2026-09-04T23:16:36.811991+09:00,반포한강공원,반포한강공원,POI095,KEY_3,1210062500,올림픽대로,1210051700,잠원동116,126.9996578059465548_37.5103108362172506,1210046300,미니스톱반포1점,127.0028235957947658_37.5124656549612254,370.0,10.0,정체,127.0028235957947658_37.5124656549612254|127.0019652362981617_37.5117753427098535|127.0008853712997166_37.5109658997057878|127.0006022424074246_37.5107739154575412|126.9996578059465548_37.5103108362172506
2026-09-04T23:16:36.811991+09:00,반포한강공원,반포한강공원,POI095,KEY_3,1210062700,반포대로,1210467200,최소노드배치점,126.9975047366202716_37.5127959116777916,1210045100,잠수교,126.9991848898787055_37.5093357874198716,412.0,23.0,서행,126.9991848898787055_37.5093357874198716|126.9989266448896927_37.5098764854581717|126.9985869159005603_37.5105542301294363|126.9975047366202716_37.5127959116777916
2026-09-04T23:16:36.811991+09:00,반포한강공원,반포한강공원,POI095,KEY_3,1210066800,올림픽대로,1210051500,반포대교JC,126.9982337024220413_37.5097200726367461,1210045500,반포대교,126.9985814437733325_37.5101401536037926,63.0,27.0,정체,126.9985814437733325_37.5101401536037926|126.9985769843182197_37.5099470979996710|126.9985693289548720_37.5099110072666377|126.9985492264190583_37.5098763453739963|126.9985149122531993_37.5098453314676092|126.9982337024220413_37.5097200726367461
2026-09-04T23:16:36.811991+09:00,반포한강공원,반포한강공원,POI095,KEY_3,1210067000,올림픽대로,1210051600,반포대교,126.9986967105539293_37.5101806127401289,1210051700,잠원동116,126.9996578059465548_37.5103108362172506,96.0,20.0,정체,126.9996578059465548_37.5103108362172506|126.9990482172973145_37.5100741732167009|126.9989802461160338_37.5100528260487920|126.9989066249661533_37.5100606019608733|126.9988506241951711_37.5100816939465815|126.9987820786087838_37.5101227060872446|126.9986967105539293_37.5101806127401289
2026-09-04T23:16:36.811991+09:00,반포한강공원,반포한강공원,POI095,KEY_3,1210178600,반포대로,1210467400,최소노드배치점,126.9972314575511376_37.5132225242302439,1210051600,반포대교,126.9986967105539293_37.5101806127401289,362.0,22.0,서행,126.9986967105539293_37.5101806127401289|126.9972314575511376_37.5132225242302439
2026-09-04T23:16:36.811991+09:00,보라매공원,보라매공원,POI123,KEY_4,1190013200,보라매로5길,1190170600,신대방동 395-61,126.9227366705831628_37.4904668646938362,1200025701,신림동 808-152,126.9226317395202983_37.4900265482961004,50.0,24.0,서행,126.9226317395202983_37.4900265482961004|126.9227366705831628_37.4904668646938362
2026-09-04T23:16:36.811991+09:00,보라매공원,보라매공원,POI123,KEY_4,1190013300,보라매로5길,1190131900,신대방동 395-61,126.9227968309863712_37.4912988693119473,1190004903,한국컴퓨터(주),126.9229285536427057_37.4918515944887218,62.0,10.0,정체,126.9229285536427057_37.4918515944887218|126.9227968309863712_37.4912988693119473
2026-09-04T23:16:36.811991+09:00,보라매공원,보라매공원,POI123,KEY_4,1190013600,보라매로5길,1200026503,전문건설회관,126.9245918446947883_37.4916188514920350,1190004902,한국컴퓨터(주),126.9230618642969404_37.4918314235246157,137.0,23.5,서행,126.9230618642969404_37.4918314235246157|126.9245918446947883_37.4916188514920350
2026-09-04T23:16:36.811991+09:00,보라매공원,보라매공원,POI123,KEY_4,1190013700,보라매로5길-보라매로,1190004901,한국컴퓨터(주),126.9230872448197687_37.4919376497595991,1200026504,전문건설회관,126.9246181163629643_37.4917249529024517,137.0,14.0,정체,126.9246181163629643_37.4917249529024517|126.9230872448197687_37.4919376497595991
2026-09-04T23:16:36.811991+09:00,보라매공원,보라매공원,POI123,KEY_4,1190014000,보라매로5길,1190000601,속성변화점,126.9233297358312456_37.4929500653999170,1190004901,한국컴퓨터(주),126.9230872448197687_37.4919376497595991,114.0,21.0,서행,126.9230872448197687_37.4919376497595991|126.9231928492696966_37.4923785585905094|126.9233297358312456_37.4929500653999170
2026-09-04T23:16:36.811991+09:00,보라매공원,보라매공원,POI123,KEY_4,1190014100,보라매로5길,1190004904,한국컴퓨터(주),126.9229539576708277_37.4919579182738758,1190000602,속성변화점,126.9232218613518768_37.4930764401332155,126.0,27.5,원활,126.9232218613518768_37.4930764401332155|126.9230595613653776_37.4923988272215638|126.9229539576708277_37.4919579182738758
2026-09-04T23:16:36.811991+09:00,보라매공원,보라매공원,POI123,KEY_4,1190014200,보라매로5길,1200027503,신대방동 395-61,126.9248443409804281_37.4927208881633547,1190000601,속성변화점,126.9233297358312456_37.4929500653999170,136.0,9.0,정체,126.9233297358312456_37.4929500653999170|126.9248443409804281_37.4927208881633547
2026-09-04T23:16:36.811991+09:00,보라매공원,보라매공원,POI123,KEY_4,1190014300,보라매로5길,1190000602,속성변화점,126.9232218613518768_37.4930764401332155,1200027504,신대방동 395-61,126.9248696580128808_37.4928271104749058,148.0,19.0,서행,126.9248696580128808_37.4928271104749058|126.9232218613518768_37.4930764401332155
2026-09-04T23:16:36.811991+09:00,보라매공원,보라매공원,POI123,KEY_4,1190015300,여의대방로16길,1190181700,최소노드배치점,126.9182577898026381_37.4944467326277220,1180002803,보라매공원입구교차로,126.9174794396136008_37.4971467344705047,315.0,26.0,원활,126.9174794396136008_37.4971467344705047|126.9176836590731341_37.4965740922622217|126.9183531540798526_37.4946616280406104|126.9183686092806482_37.4945698810985348|126.9183390140503604_37.4944936652096104|126.9182657352436649_37.4944478893438102|126.9182577898026381_37.4944467326277220
2026-09-04T23:16:36.811991+09:00,북서울꿈의숲,북서울꿈의숲,POI096,KEY_1,1070021501,월계로,1080212200,번동 105,127.0454848732878901_37.6210311282169911,1070039703,상아A빌딩,127.0455536192900894_37.6211584974991595,15.0,16.0,서행,127.0455536192900894_37.6211584974991595|127.0454848732878901_37.6210311282169911
2026-09-04T23:16:36.811991+09:00,북서울꿈의숲,북서울꿈의숲,POI096,KEY_1,1070021502,월계로,1070039704,상아A빌딩,127.0456077776519521_37.6212588607164733,1070039804,장월초등학교,127.0462802478580642_37.6221704051017340,118.0,16.0,서행,127.0462802478580642_37.6221704051017340|127.0460826413426645_37.6219610511300928|127.0459327948366735_37.6217868126396553|127.0458240259468710_37.6216374117474786|127.0457124630564039_37.6214528913420452|127.0456077776519521_37.6212588607164733
2026-09-04T23:16:36.811991+09:00,북서울꿈의숲,북서울꿈의숲,POI096,KEY_1,1070021503,월계로,1070039801,장월초등학교,127.0463893459632345_37.6222718031564298,1070040104,번동 47-33,127.0477746747576333_37.6231889255401484,160.0,16.0,서행,127.0477746747576333_37.6231889255401484|127.0470806863630031_37.6227988312367785|127.0468342172890459_37.6226363551742295|127.0466273780273809_37.6224821817550179|127.0464543217501188_37.6223301948852296|127.0463893459632345_37.6222718031564298
2026-09-04T23:16:36.811991+09:00,북서울꿈의숲,북서울꿈의숲,POI096,KEY_1,1070077300,월계로,1080229400,최소노드배치점,127.0425458966283827_37.6177250516263371,1080001103,북서울꿈의숲동문앞교차로,127.0446748612530001_37.6195665141872198,279.0,51.0,원활,127.0446748612530001_37.6195665141872198|127.0445434286952491_37.6194076045613102|127.0445063415358931_37.6193663455268492|127.0443041935552770_37.6191414572316631|127.0441253531880079_37.6189406021498485|127.0439433826660718_37.6187603121031415|127.0438459398562259_37.6186763310502315|127.0437764753761201_37.6186164629460791|127.0430953054205077_37.6181150210598076|127.0429818097745880_37.6180344625877012|127.0425458966283827_37.6177250516263371
2026-09-04T23:16:36.811991+09:00,북서울꿈의숲,북서울꿈의숲,POI096,KEY_1,1080003204,오현로,1080006102,공주능입구,127.0361318047046382_37.6185224922539447,1080005001,미아동 1-46,127.0350143207193696_37.6168346850441679,212.0,21.0,서행,127.0350143207193696_37.6168346850441679|127.0350450205997959_37.6168659193167940|127.0351051242240885_37.6169501420465764|127.0355840328240618_37.6176862852074336|127.0361318047046382_37.6185224922539447
2026-09-04T23:16:36.811991+09:00,북서울꿈의숲,북서울꿈의숲,POI096,KEY_1,1080003205,오현로,1080218800,번동 120-6,127.0377100072892915_37.6221811532617565,1080006101,공주능입구,127.0361964670142925_37.6186211961319685,422.0,31.0,원활,127.0361964670142925_37.6186211961319685|127.0366822973561653_37.6193626991985397|127.0370572117887917_37.6199956178654062|127.0371336632409083_37.6201486851583482|127.0373786759467691_37.6207278050103326|127.0374520264741562_37.6208954639794300|127.0376240978868907_37.6212887683658153|127.0376661828446885_37.6214224371594526|127.0376912506485638_37.6215578980299483|127.0376974714457958_37.6216876454460802|127.0377100072892915_37.6221811532617565
2026-09-04T23:16:36.811991+09:00,북서울꿈의숲,북서울꿈의숲,POI096,KEY_1,1080004105,한천로109길,1080208500,번동 255,127.0420690581762670_37.6279992677586677,1080010102,번동 621-19,127.0416119537741935_37.6276598609258457,55.0,20.0,서행,127.0416119537741935_37.6276598609258457|127.0420187146939668_37.6279488633456367|127.0420690581762670_37.6279992677586677
2026-09-04T23:16:36.811991+09:00,북서울꿈의숲,북서울꿈의숲,POI096,KEY_1,1080004106,한천로109길,1080011802,번동주공3단지,127.0440770025255404_37.6286515288063796,1080011202,서울번동3행복주택아파트,127.0435150678661529_37.6284354077918337,55.0,16.0,서행,127.0435150678661529_37.6284354077918337|127.0435547632801416_37.6284436795084574|127.0438912618911047_37.6285611704831382|127.0440770025255404_37.6286515288063796
2026-09-04T23:16:36.811991+09:00,북서울꿈의숲,북서울꿈의숲,POI096,KEY_1,1080004205,한천로109길,1080184600,번동 237,127.0427839829520025_37.6284666162161940,1080011204,서울번동3행복주택아파트,127.0433528053765997_37.6285175086048156,51.0,23.7,서행,127.0433528053765997_37.6285175086048156|127.0428809652419915_37.6284971376578525|127.0427839829520025_37.6284666162161940
2026-09-04T23:16:36.811991+09:00,북서울꿈의숲,북서울꿈의숲,POI096,KEY_1,1080004206,한천로109길,1080011201,서울번동3행복주택아파트,127.0434806136058654_37.6285399963380627,1080011803,번동주공3단지,127.0439811538381178_37.6287316404037995,49.0,26.0,원활,127.0439811538381178_37.6287316404037995|127.0438281850549629_37.6286572246620068|127.0435099364932228_37.6285461066658158|127.0434806136058654_37.6285399963380627
2026-09-04T23:16:36.811991+09:00,북서울꿈의숲,북서울꿈의숲,POI096,KEY_1,1080004500,한천로,1080011803,번동주공3단지,127.0439811538381178_37.6287316404037995,1080012402,강북구민운동장앞교차로,127.0415727990643262_37.6305731360132114,296.0,45.3,원활,127.0415727990643262_37.6305731360132114|127.0423787483356648_37.6300923495313384|127.0425736317070999_37.6299654196215769|127.0427335814493119_37.6298462694465030|127.0428767999803767_37.6297240329487224|127.0430753819527894_37.6295469330440824|127.0438304230867317_37.6288647723450964|127.0439811538381178_37.6287316404037995
2026-09-04T23:16:36.811991+09:00,북서울꿈의숲,북서울꿈의숲,POI096,KEY_1,1080004600,한천로,1080012401,강북구민운동장앞교차로,127.0416350558218568_37.6306711503403477,1080011804,번동주공3단지,127.0440991156767581_37.6287890258468778,303.0,15.0,서행,127.0440991156767581_37.6287890258468778|127.0439319559293239_37.6289366684336386|127.0431771323927848_37.6296186341803107|127.0429772698638544_37.6297968753689887|127.0428298867321075_37.6299226669884987|127.0426632627233943_37.6300467886447123|127.0424626389235101_37.6301774580572825|127.0416350558218568_37.6306711503403477
2026-09-04T23:16:36.811991+09:00,북서울꿈의숲,북서울꿈의숲,POI096,KEY_1,1080015400,오현로14길,1080006101,공주능입구,127.0361964670142925_37.6186211961319685,1080005002,미아동 1-46,127.0349215753503671_37.6167528715441719,280.0,8.0,정체,127.0349215753503671_37.6167528715441719|127.0351942306662778_37.6166226459324378|127.0352928677290549_37.6166308749319427|127.0353588654271988_37.6166712266560381|127.0356435851497565_37.6171017620031733|127.0360212110051208_37.6177079799055250|127.0360542021376205_37.6178339504861370|127.0362695727076670_37.6185048628651515|127.0362641784160616_37.6185739441696469|127.0361964670142925_37.6186211961319685
2026-09-04T23:16:36.811991+09:00,북서울꿈의숲,북서울꿈의숲,POI096,KEY_1,1080015500,오현로14길,1080005001,미아동 1-46,127.0350143207193696_37.6168346850441679,1080006102,공주능입구,127.0361318047046382_37.6185224922539447,238.0,11.0,정체,127.0361318047046382_37.6185224922539447|127.0361320240584178_37.6185223391783623|127.0361325857837045_37.6185151347067404|127.0359217561974532_37.6178583626048422|127.0358916952279742_37.6177435813682948|127.0355225275374238_37.6171509393017303|127.0352524323656667_37.6167425194599261|127.0352404895300253_37.6167352169135611|127.0352252421694317_37.6167339447655849|127.0350143207193696_37.6168346850441679
2026-09-04T23:16:36.811991+09:00,북서울꿈의숲,북서울꿈의숲,POI096,KEY_1,1080018800,월계로37길,1070039804,장월초등학교,127.0462802478580642_37.6221704051017340,1080007608,한진아파트,127.0448198705373954_37.6250619397698642,349.0,22.0,서행,127.0448198705373954_37.6250619397698642|127.0453450135076423_37.6243212278256181|127.0456012798674124_37.6239530578342141|127.0457084490999335_37.6237865698143992|127.0458936597036370_37.6233822610333704|127.0460292216023248_37.6230767528485188|127.0461048454251483_37.6228581131876467|127.0461799710472519_37.6225013577183987|127.0462802478580642_37.6221704051017340
2026-09-04T23:16:36.811991+09:00,북서울꿈의숲,북서울꿈의숲,POI096,KEY_1,1080018900,월계로37길,1080007607,한진아파트,127.0449382769235172_37.6251150462080020,1070039801,장월초등학교,127.0463893459632345_37.6222718031564298,343.0,20.0,서행,127.0463893459632345_37.6222718031564298|127.0463132410816485_37.6225229805389176|127.0462377569169377_37.6228814445038537|127.0461590058405363_37.6231091250770504|127.0460216130153981_37.6234187606445261|127.0458332841501630_37.6238298786935417|127.0457212714792377_37.6240038919443620|127.0454636802138850_37.6243739655881626|127.0449382769235172_37.6251150462080020
2026-09-04T23:16:36.811991+09:00,북서울꿈의숲,북서울꿈의숲,POI096,KEY_1,1080020100,오현로20길,1080008903,해모로아파트105동,127.0385479471585626_37.6265558089872272,1080008002,완성아파트,127.0371753798906269_37.6253812312944618,183.0,30.0,원활,127.0371753798906269_37.6253812312944618|127.0373865258954567_37.6254464105757265|127.0374723547953408_37.6254993073195436|127.0376130935286199_37.6256213246378124|127.0380278108809051_37.6261848950123294|127.0381864572136550_37.6263361879287004|127.0382783505832549_37.6264047223438922|127.0384625439472188_37.6265165208501031|127.0385479471585626_37.6265558089872272
2026-09-04T23:16:36.811991+09:00,북서울꿈의숲,북서울꿈의숲,POI096,KEY_1,1080021500,오현로20길,1080009303,아파트상가,127.0397069872915949_37.6269553768017602,1080008902,해모로아파트105동,127.0386566892210709_37.6265997184016427,101.0,31.5,원활,127.0386566892210709_37.6265997184016427|127.0391230076543820_37.6267655400595871|127.0397069872915949_37.6269553768017602
2026-09-04T23:16:36.811991+09:00,북서울꿈의숲,북서울꿈의숲,POI096,KEY_1,1080021701,월계로37길,1080185000,번동 256,127.0437488865762816_37.6280740361808839,1080011203,서울번동3행복주택아파트,127.0433601734675619_37.6284095497175457,51.0,4.0,정체,127.0433601734675619_37.6284095497175457|127.0437488865762816_37.6280740361808839
2026-09-04T23:16:36.811991+09:00,북서울꿈의숲,북서울꿈의숲,POI096,KEY_1,1080021702,월계로37길,1080007609,한진아파트,127.0447534824117497_37.6251483626267031,1080007604,번동256,127.0442817402998372_37.6257590785054745,80.0,17.0,서행,127.0442817402998372_37.6257590785054745|127.0444325615691952_37.6255389083081369|127.0447534824117497_37.6251483626267031
2026-09-04T23:16:36.811991+09:00,북서울꿈의숲,북서울꿈의숲,POI096,KEY_1,1080021802,월계로37길,1080011202,서울번동3행복주택아파트,127.0435150678661529_37.6284354077918337,1080007602,번동256,127.0443694314072616_37.6258666177173566,311.0,16.0,서행,127.0443694314072616_37.6258666177173566|127.0443210064716055_37.6259591777217111|127.0442363585700321_37.6261572535861575|127.0441698358856257_37.6263623268706837|127.0441476477345049_37.6264985778802554|127.0441476968119190_37.6265815559266841|127.0441477060896034_37.6265972422084900|127.0441549271426851_37.6267838635792202|127.0442426045886464_37.6276417934187677|127.0441796981021838_37.6278187878592476|127.0441054805433794_37.6279257969587420|127.0439308155152958_37.6280765589696458|127.0438488574726676_37.6281473007031764|127.0435150678661529_37.6284354077918337
2026-09-04T23:16:36.811991+09:00,북서울꿈의숲,북서울꿈의숲,POI096,KEY_1,1080022700,한천로109길,1080205800,번동 169-5,127.0406038520408316_37.6272645775239454,1080009302,아파트상가,127.0398425759986054_37.6270004561003049,73.0,22.5,서행,127.0398425759986054_37.6270004561003049|127.0406038520408316_37.6272645775239454
2026-09-04T23:16:36.811991+09:00,북서울꿈의숲,북서울꿈의숲,POI096,KEY_1,1080037600,한천로,1080011801,번동주공3단지,127.0441968074792385_37.6287098107447235,1080008701,번3동주민센터앞교차로,127.0474743171278078_37.6266650981888233,371.0,30.5,원활,127.0474743171278078_37.6266650981888233|127.0473273772282425_37.6268399554471671|127.0471539551732860_37.6270058848037934|127.0470082596104220_37.6271400052395038|127.0468653303486803_37.6272550342901226|127.0467033487024082_37.6273517590571771|127.0465136682868916_37.6274472079137112|127.0449742738199888_37.6282150406539841|127.0447102237135653_37.6283555849654192|127.0445296378400997_37.6284654564684047|127.0443468073827802_37.6285945736058807|127.0441968074792385_37.6287098107447235
2026-09-04T23:16:36.811991+09:00,북서울꿈의숲,북서울꿈의숲,POI096,KEY_1,1080037700,한천로,1080008704,번3동주민센터앞교차로,127.0473612995861998_37.6266050192641117,1080011802,번동주공3단지,127.0440770025255404_37.6286515288063796,372.0,22.0,서행,127.0440770025255404_37.6286515288063796|127.0442544133491793_37.6285152331962891|127.0444430935561684_37.6283819847763183|127.0446310435143857_37.6282676336174404|127.0449003424666614_37.6281242953268915|127.0464412148323277_37.6273557259509488|127.0466260753347996_37.6272627018670534|127.0467756922542719_37.6271733620880795|127.0469083712766576_37.6270665812472771|127.0470502458379514_37.6269359790077047|127.0472183028024773_37.6267751821665684|127.0473612995861998_37.6266050192641117
2026-09-04T23:16:36.811991+09:00,서대문독립공원,서대문독립공원,POI124,KEY_2,1000028700,성산로,1120012500,독립문역,126.9598919952445613_37.5726683351508157,1000012700,독립문역,126.9611444653343000_37.5725503641875491,112.0,14.0,정체,126.9611444653343000_37.5725503641875491|126.9607066158732351_37.5725771851431531|126.9605053374135792_37.5725942819316927|126.9602872862410976_37.5726132801422494|126.9598919952445613_37.5726683351508157
2026-09-04T23:16:36.811991+09:00,서대문독립공원,서대문독립공원,POI124,KEY_2,1000034200,인왕산로1길,1000076200,교북동 1-7,126.9598899542721853_37.5731367509671585,1120012707,교북동 1-60,126.9596212753678657_37.5729297550942007,33.0,33.0,원활,126.9596212753678657_37.5729297550942007|126.9598899542721853_37.5731367509671585
2026-09-04T23:16:36.811991+09:00,서대문독립공원,서대문독립공원,POI124,KEY_2,1120006306,성산로,1120011501,현저고가차도(서측),126.9564055171897365_37.5712262135133344,1120011603,천연동주민센터,126.9589920386933102_37.5715963344347088,235.0,37.0,원활,126.9589920386933102_37.5715963344347088|126.9588418305161497_37.5715312891664013|126.9585804741555108_37.5714391025418095|126.9581964015246740_37.5713462133195719|126.9577794178154164_37.5712872867076229|126.9573510374052887_37.5712592973826958|126.9569778939942495_37.5712591619903691|126.9566800510567504_37.5712701781272642|126.9564055171897365_37.5712262135133344
2026-09-04T23:16:36.811991+09:00,서대문독립공원,서대문독립공원,POI124,KEY_2,1120006307,성산로,1120011604,천연동주민센터,126.9591142539042607_37.5716512366634205,1120012100,독립문역,126.9594722825778490_37.5718407936715622,38.0,22.0,서행,126.9594722825778490_37.5718407936715622|126.9594015545951891_37.5717940176359022|126.9591142539042607_37.5716512366634205
2026-09-04T23:16:36.811991+09:00,서대문독립공원,서대문독립공원,POI124,KEY_2,1120006308,성산로,1120012100,독립문역,126.9594722825778490_37.5718407936715622,1120012203,독립문역앞교차로,126.9601372290005941_37.5722615337842427,75.0,34.0,원활,126.9601372290005941_37.5722615337842427|126.9599976215298227_37.5721965289232003|126.9598425469965548_37.5721000139446062|126.9596299905446699_37.5719450964404302|126.9594722825778490_37.5718407936715622
2026-09-04T23:16:36.811991+09:00,서대문독립공원,서대문독립공원,POI124,KEY_2,1120010501,통일로,1120012203,독립문역앞교차로,126.9601372290005941_37.5722615337842427,1120012400,독립문역,126.9597871733457453_37.5725995679923628,49.0,34.0,원활,126.9597871733457453_37.5725995679923628|126.9601372290005941_37.5722615337842427
2026-09-04T23:16:36.811991+09:00,서대문독립공원,서대문독립공원,POI124,KEY_2,1120010502,통일로,1120012400,독립문역,126.9597871733457453_37.5725995679923628,1120012708,속성변화점,126.9595164541550503_37.5728609870910404,38.0,35.3,원활,126.9595164541550503_37.5728609870910404|126.9597871733457453_37.5725995679923628
2026-09-04T23:16:36.811991+09:00,서대문독립공원,서대문독립공원,POI124,KEY_2,1120010506,통일로,1120012705,독립문역(서울3호선),126.9579658462730976_37.5743449827289950,1120013903,독립공원앞교차로,126.9555790578027086_37.5766017870186175,329.0,44.0,원활,126.9555790578027086_37.5766017870186175|126.9561293351889901_37.5759085045612906|126.9564620388117930_37.5755787259048049|126.9565401444808970_37.5755154687112665|126.9567073668758894_37.5753800360160213|126.9569882797126184_37.5751566604908760|126.9577170018074384_37.5745771878050121|126.9579658462730976_37.5743449827289950
2026-09-04T23:16:36.811991+09:00,서대문독립공원,서대문독립공원,POI124,KEY_2,1120010507,통일로,1120012708,속성변화점,126.9595164541550503_37.5728609870910404,1120012704,독립문역(서울3호선),126.9580541026481910_37.5742626271568128,202.0,32.0,원활,126.9580541026481910_37.5742626271568128|126.9590358815766677_37.5733464714259497|126.9594290243780108_37.5729477014797979|126.9595164541550503_37.5728609870910404
2026-09-04T23:16:36.811991+09:00,서대문독립공원,서대문독립공원,POI124,KEY_2,1120010601,통일로,1120012500,독립문역,126.9598919952445613_37.5726683351508157,1120012204,독립문역앞교차로,126.9602579800340010_37.5723149182673737,51.0,35.0,원활,126.9602579800340010_37.5723149182673737|126.9598919952445613_37.5726683351508157
2026-09-04T23:16:36.811991+09:00,서대문독립공원,서대문독립공원,POI124,KEY_2,1120010602,통일로,1120012707,교북동 1-60,126.9596212753678657_37.5729297550942007,1120012500,독립문역,126.9598919952445613_37.5726683351508157,38.0,37.0,원활,126.9598919952445613_37.5726683351508157|126.9596212753678657_37.5729297550942007
2026-09-04T23:16:36.811991+09:00,서대문독립공원,서대문독립공원,POI124,KEY_2,1120010604,통일로,1000257200,최소노드배치점,126.9539057118500125_37.5786303997887146,1120013901,독립공원앞교차로,126.9556245249943345_37.5767457736207788,259.0,9.0,정체,126.9556245249943345_37.5767457736207788|126.9551489155673636_37.5773280410429820|126.9549093920833513_37.5776154894823478|126.9546557954535757_37.5778855302154966|126.9541473648073406_37.5783904287776807|126.9539057118500125_37.5786303997887146
2026-09-04T23:16:36.811991+09:00,서대문독립공원,서대문독립공원,POI124,KEY_2,1120010606,통일로,1120012703,독립문역(서울3호선),126.9581574549469849_37.5743327902645845,1120012706,교북동 1-60,126.9595358909699172_37.5730144465589859,190.0,45.0,원활,126.9595358909699172_37.5730144465589859|126.9591410345318252_37.5734149537420734|126.9581574549469849_37.5743327902645845
2026-09-04T23:16:36.811991+09:00,서대문독립공원,서대문독립공원,POI124,KEY_2,1120010607,통일로,1000119100,무악동 23-1,126.9570842915398572_37.5752331470743286,1120012702,독립문역(서울3호선),126.9580691985351706_37.5744151460965483,126.0,18.0,서행,126.9580691985351706_37.5744151460965483|126.9578168421619324_37.5746506293590272|126.9570842915398572_37.5752331470743286
2026-09-04T23:16:36.811991+09:00,서대문독립공원,서대문독립공원,POI124,KEY_2,1120023400,성산로,1120133100,최소노드배치점,126.9598366501357134_37.5718758172089338,1120011502,현저고가차도(서측),126.9563974518914193_37.5711182938423818,326.0,49.7,원활,126.9563974518914193_37.5711182938423818|126.9569732092367929_37.5710969811519462|126.9573594328844166_37.5710971212840619|126.9578056187436772_37.5711262738220881|126.9582439986790519_37.5711882244444766|126.9586516350865395_37.5712868124550567|126.9589319433781753_37.5713856836947713|126.9591860523892421_37.5714957220573709|126.9595211664746586_37.5716622638495608|126.9597639789680130_37.5718228519238551|126.9598366501357134_37.5718758172089338
2026-09-04T23:16:36.811991+09:00,서대문독립공원,서대문독립공원,POI124,KEY_2,1120023500,성산로,1120133200,최소노드배치점,126.9597449148808010_37.5719555573752615,1000012901,현저고가차도(동측),126.9633524146951800_37.5724808358889888,335.0,54.7,원활,126.9633524146951800_37.5724808358889888|126.9617095115761174_37.5725130836377232|126.9614433829085272_37.5725190481019951|126.9611593490193826_37.5724975689775604|126.9610250437663410_37.5724782569360229|126.9607317559536881_37.5724161451600978|126.9604829199149805_37.5723426959069684|126.9602519572622015_37.5722523233523447|126.9600358602290555_37.5721517029554306|126.9598864664065303_37.5720587236592891|126.9597449148808010_37.5719555573752615
2026-09-04T23:16:36.811991+09:00,서대문독립공원,서대문독립공원,POI124,KEY_2,1120024400,성산로,1120012100,독립문역,126.9594722825778490_37.5718407936715622,1120012400,독립문역,126.9597871733457453_37.5725995679923628,96.0,31.0,원활,126.9597871733457453_37.5725995679923628|126.9598650241106839_37.5724304263712270|126.9598530933969300_37.5723388812228478|126.9598298321479604_37.5722545888308659|126.9597843500730932_37.5721744748884845|126.9596789916165847_37.5720504764494549|126.9594722825778490_37.5718407936715622
2026-09-04T23:16:36.811991+09:00,서대문독립공원,서대문독립공원,POI124,KEY_2,1120024500,독립문공원길,1120129600,현저동 201,126.9546811300403846_37.5729242749960406,1120012301,영천사,126.9542444825959251_37.5722557069659899,267.0,11.0,정체,126.9542444825959251_37.5722557069659899|126.9541959236536570_37.5725293608551780|126.9540692341526835_37.5726423828946423|126.9539689933889548_37.5726596871033820|126.9535014055933289_37.5724715112615968|126.9534713753641313_37.5724854864754150|126.9535139018201306_37.5725458951186724|126.9540071314573169_37.5731436966060457|126.9543564375057372_37.5732013597975296|126.9546143244217831_37.5729535072364556|126.9546811300403846_37.5729242749960406
2026-09-04T23:16:36.811991+09:00,서대문독립공원,서대문독립공원,POI124,KEY_2,1120024600,독립문공원길,1120127700,현저동 207,126.9584613630682384_37.5725913086818011,1120011604,천연동주민센터,126.9591142539042607_37.5716512366634205,122.0,20.0,서행,126.9591142539042607_37.5716512366634205|126.9587534985637518_37.5719486965718588|126.9586998577316734_37.5720442202347797|126.9586510614766581_37.5721632689824716|126.9584921924424492_37.5725508606870662|126.9584613630682384_37.5725913086818011
2026-09-04T23:16:36.811991+09:00,서대문독립공원,서대문독립공원,POI124,KEY_2,1120025400,통일로,1120123700,현저동 산5-5,126.9538792203245663_37.5758367131501885,1120013904,독립공원앞교차로,126.9555057512229013_37.5766928164609340,193.0,23.0,서행,126.9555057512229013_37.5766928164609340|126.9550631009589523_37.5764702194954907|126.9548438412759026_37.5763155062738718|126.9547989242144155_37.5762662167531829|126.9546818418207152_37.5761377365659754|126.9545222999205123_37.5759800318223895|126.9542865563592642_37.5757687431661012|126.9542000233208086_37.5757074645268077|126.9541606256270967_37.5757063292990381|126.9539610384382229_37.5758010939112310|126.9538792203245663_37.5758367131501885
2026-09-04T23:16:36.811991+09:00,서리풀공원·몽마르뜨공원,서리풀공원·몽마르뜨공원,POI098,KEY_3,1210013000,효령로,1210116600,방배동 912-14,126.9968735291208617_37.4812974085607777,1210020214,방배역사거리,126.9975688246299370_37.4815229789345921,66.0,30.0,원활,126.9975688246299370_37.4815229789345921|126.9968735291208617_37.4812974085607777
2026-09-04T23:16:36.811991+09:00,서리풀공원·몽마르뜨공원,서리풀공원·몽마르뜨공원,POI098,KEY_3,1210011800,방배로,1210220500,방배동 984-6,126.9979813526685035_37.4808992569514530,1210020213,방배역사거리,126.9976321710106788_37.4814267922410949,66.0,22.0,서행,126.9976321710106788_37.4814267922410949|126.9979813526685035_37.4808992569514530
2026-09-04T23:16:36.811991+09:00,서리풀공원·몽마르뜨공원,서리풀공원·몽마르뜨공원,POI098,KEY_3,1210013802,효령로,1210020211,방배역사거리,126.9976970818997586_37.4815608386439507,1210020210,방배동912-14,126.9986117144692059_37.4816875991960146,82.0,10.0,정체,126.9986117144692059_37.4816875991960146|126.9979254416350898_37.4816198652729895|126.9976970818997586_37.4815608386439507
2026-09-04T23:16:36.811991+09:00,서리풀공원·몽마르뜨공원,서리풀공원·몽마르뜨공원,POI098,KEY_3,1210013804,효령로,1210020207,방배동912-14,126.9987729537187846_37.4817035126215572,1210020206,히트뉴스,127.0021033700483883_37.4823525121120653,304.0,27.0,원활,127.0021033700483883_37.4823525121120653|127.0019789820658218_37.4823281364793388|127.0006152304751055_37.4819832792475296|127.0005760644728667_37.4819733749067581|126.9999519609822869_37.4818401558295520|126.9997531829779547_37.4818109750550832|126.9995303025066704_37.4817782555937811|126.9990236266257000_37.4817282521577440|126.9987729537187846_37.4817035126215572
2026-09-04T23:16:36.811991+09:00,서리풀공원·몽마르뜨공원,서리풀공원·몽마르뜨공원,POI098,KEY_3,1210013901,효령로,1210020208,속성변화점,126.9987896287997415_37.4815962116531907,1210020212,방배역사거리,126.9977611176580012_37.4814637244191644,92.0,36.0,원활,126.9977611176580012_37.4814637244191644|126.9979549762968531_37.4815138332533166|126.9986283898698503_37.4815802982075112|126.9987896287997415_37.4815962116531907
2026-09-04T23:16:36.811991+09:00,서리풀공원·몽마르뜨공원,서리풀공원·몽마르뜨공원,POI098,KEY_3,1210013903,효령로,1210107000,방배동 190-6,126.9990403013344888_37.4816209511821725,1210020208,속성변화점,126.9987896287997415_37.4815962116531907,22.0,21.5,서행,126.9987896287997415_37.4815962116531907|126.9990403013344888_37.4816209511821725
2026-09-04T23:16:36.811991+09:00,서리풀공원·몽마르뜨공원,서리풀공원·몽마르뜨공원,POI098,KEY_3,1210015701,방배로,1210022202,방림종합시장입구,126.9965746488741019_37.4832722606339175,1210020211,방배역사거리,126.9976970818997586_37.4815608386439507,214.0,27.0,원활,126.9976970818997586_37.4815608386439507|126.9974287991562960_37.4819699090163496|126.9965746488741019_37.4832722606339175
2026-09-04T23:16:36.811991+09:00,서리풀공원·몽마르뜨공원,서리풀공원·몽마르뜨공원,POI098,KEY_3,1210016801,명달로,1210301500,서초동 1748-65,127.0040712378758201_37.4861214996714267,1210028603,서초고교,127.0045599901543483_37.4894897290676354,376.0,27.0,원활,127.0045599901543483_37.4894897290676354|127.0044694535589827_37.4887105284551296|127.0044034359152647_37.4881423391787010|127.0043721260119014_37.4878728634567935|127.0043600663124010_37.4878014747472861|127.0043038817340602_37.4874688821740421|127.0042207570021446_37.4869768080502865|127.0041814813689456_37.4867443054972043|127.0040712378758201_37.4861214996714267
2026-09-04T23:16:36.811991+09:00,서리풀공원·몽마르뜨공원,서리풀공원·몽마르뜨공원,POI098,KEY_3,1210016802,명달로,1210028604,서초고교,127.0045472615645679_37.4895423108705330,1210029403,서울대법원,127.0042729402394457_37.4907812011270849,141.0,31.0,원활,127.0042729402394457_37.4907812011270849|127.0042578299780871_37.4906993551140530|127.0044513081535484_37.4897114138475729|127.0045472615645679_37.4895423108705330
2026-09-04T23:16:36.811991+09:00,서리풀공원·몽마르뜨공원,서리풀공원·몽마르뜨공원,POI098,KEY_3,1210016902,명달로,1210029402,서울대법원,127.0044176822525941_37.4908223180390152,1210028601,서초고교,127.0046686705387344_37.4895860520646877,140.0,24.0,서행,127.0046686705387344_37.4895860520646877|127.0045844225715683_37.4897329455442048|127.0043950687284422_37.4906998330283585|127.0044176822525941_37.4908223180390152
2026-09-04T23:16:36.811991+09:00,서리풀공원·몽마르뜨공원,서리풀공원·몽마르뜨공원,POI098,KEY_3,1210019701,서초대로,1210029808,대법원,127.0062399926017775_37.4913685615963885,1210029402,서울대법원,127.0044176822525941_37.4908223180390152,172.0,35.7,원활,127.0044176822525941_37.4908223180390152|127.0058052151424022_37.4912382388947023|127.0062399926017775_37.4913685615963885
2026-09-04T23:16:36.811991+09:00,서리풀공원·몽마르뜨공원,서리풀공원·몽마르뜨공원,POI098,KEY_3,1210020500,동광로,1210117000,서초동 산172-12,127.0030103162302169_37.4925896623930939,1210029401,서울대법원,127.0043931036492495_37.4909304675424409,224.0,23.0,서행,127.0043931036492495_37.4909304675424409|127.0039912247406590_37.4916747365461589|127.0038774070053051_37.4918057468107406|127.0038268966604562_37.4918514126061311|127.0030103162302169_37.4925896623930939
2026-09-04T23:16:36.811991+09:00,서리풀공원·몽마르뜨공원,서리풀공원·몽마르뜨공원,POI098,KEY_3,1210024802,사평대로,1210037304,서울성모병원앞교차로,127.0034296050644542_37.5022581526050445,1210038702,사평지하차도(동측),127.0064482891770155_37.5033692509684471,295.0,11.0,정체,127.0064482891770155_37.5033692509684471|127.0061744165954849_37.5033231250553598|127.0034296050644542_37.5022581526050445
2026-09-04T23:16:36.811991+09:00,서리풀공원·몽마르뜨공원,서리풀공원·몽마르뜨공원,POI098,KEY_3,1210024902,사평대로,1210038701,사평지하차도(동측),127.0065075748906480_37.5032719917048141,1210037301,서울성모병원앞교차로,127.0035524787514305_37.5020653054771742,294.0,36.5,원활,127.0035524787514305_37.5020653054771742|127.0062932548203207_37.5031287115020859|127.0065075748906480_37.5032719917048141
2026-09-04T23:16:36.811991+09:00,서리풀공원·몽마르뜨공원,서리풀공원·몽마르뜨공원,POI098,KEY_3,1210024903,사평대로,1210040603,삼호가든사거리,127.0096408508530459_37.5044807855888038,1210038701,사평지하차도(동측),127.0065075748906480_37.5032719917048141,308.0,21.0,서행,127.0065075748906480_37.5032719917048141|127.0096408508530459_37.5044807855888038
2026-09-04T23:16:36.811991+09:00,서리풀공원·몽마르뜨공원,서리풀공원·몽마르뜨공원,POI098,KEY_3,1210026002,신반포로,1210393600,잠원동 110,127.0031103815705364_37.5056962380394125,1210042704,고속터미널역앞교차로,127.0043174874553813_37.5060735942867041,115.0,33.5,원활,127.0043174874553813_37.5060735942867041|127.0039498594828302_37.5059586709413040|127.0035607575584038_37.5058370330399740|127.0031103815705364_37.5056962380394125
2026-09-04T23:16:36.811991+09:00,서리풀공원·몽마르뜨공원,서리풀공원·몽마르뜨공원,POI098,KEY_3,1210026102,신반포로,1210286400,반포동 128-4,127.0036103340112561_37.5057363840915414,1210041702,고속터미널사거리,127.0012498931297387_37.5049984469199771,224.0,24.0,서행,127.0012498931297387_37.5049984469199771|127.0018301415136932_37.5051798538655916|127.0031599584830957_37.5055955893836241|127.0036103340112561_37.5057363840915414
2026-09-04T23:16:36.811991+09:00,서리풀공원·몽마르뜨공원,서리풀공원·몽마르뜨공원,POI098,KEY_3,1210027501,신반포로23길,1210466500,잠원동 101,127.0042204769171548_37.5065757828190200,1210042701,고속터미널역앞교차로,127.0044442985191040_37.5061121193226654,55.0,12.0,정체,127.0044442985191040_37.5061121193226654|127.0042204769171548_37.5065757828190200
2026-09-04T23:16:36.811991+09:00,서리풀공원·몽마르뜨공원,서리풀공원·몽마르뜨공원,POI098,KEY_3,1210056500,사평대로,1210447300,최소노드배치점,127.0030994056385509_37.5020573549217744,1210038702,사평지하차도(동측),127.0064482891770155_37.5033692509684471,330.0,53.0,원활,127.0064482891770155_37.5033692509684471|127.0034140730417960_37.5021919946757052|127.0030994056385509_37.5020573549217744
2026-09-04T23:16:36.811991+09:00,서리풀공원·몽마르뜨공원,서리풀공원·몽마르뜨공원,POI098,KEY_3,1210157300,서초대로,1210078702,서리풀터널(서측),126.9989565881344191_37.4893248414787834,1210078802,서리풀터널(동측),127.0037916540739644_37.4907616821414749,456.0,53.0,원활,127.0037916540739644_37.4907616821414749|126.9989565881344191_37.4893248414787834
2026-09-04T23:16:36.811991+09:00,서리풀공원·몽마르뜨공원,서리풀공원·몽마르뜨공원,POI098,KEY_3,1210157400,서초대로,1210078801,서리풀터널(동측),127.0038377451869138_37.4906599963925231,1210078701,서리풀터널(서측),126.9990038846274132_37.4892235014730488,456.0,32.0,원활,126.9990038846274132_37.4892235014730488|127.0038377451869138_37.4906599963925231
2026-09-04T23:16:36.811991+09:00,서리풀공원·몽마르뜨공원,서리풀공원·몽마르뜨공원,POI098,KEY_3,1210157500,서초대로,1210078802,서리풀터널(동측),127.0037916540739644_37.4907616821414749,1210029404,서울대법원,127.0042652980036877_37.4908935921796171,44.0,52.5,원활,127.0042652980036877_37.4908935921796171|127.0037916540739644_37.4907616821414749
2026-09-04T23:16:36.811991+09:00,서리풀공원·몽마르뜨공원,서리풀공원·몽마르뜨공원,POI098,KEY_3,1210157600,서초대로,1210029403,서울대법원,127.0042729402394457_37.4907812011270849,1210078801,서리풀터널(동측),127.0038377451869138_37.4906599963925231,41.0,34.0,원활,127.0038377451869138_37.4906599963925231|127.0042729402394457_37.4907812011270849
2026-09-04T23:16:36.811991+09:00,서울대공원,서울대공원,POI100,KEY_4,2200003401,과천대로,2200066000,최소노드배치점,127.0029893781873085_37.4330879113692063,2200000807,과천시보훈회관,127.0016592458971445_37.4295384538219054,414.0,68.0,원활,127.0016592458971445_37.4295384538219054|127.0016656726336350_37.4295544944481264|127.0016808290951502_37.4295923378440207|127.0017085794528953_37.4296618689190268|127.0021328924420914_37.4305501492686545|127.0021330788781171_37.4305505249892576|127.0021332359380040_37.4305508998093970|127.0021334223739728_37.4305512746289963|127.0021335794338597_37.4305516494491215|127.0021337353639126_37.4305520251702859|127.0021338924237995_37.4305523999904111|127.0021340483547192_37.4305528063461566|127.0023788304229271_37.4311574000942855|127.0027959231863264_37.4319916187944770|127.0027961107579273_37.4319919629783513|127.0027962983306651_37.4319923377967854|127.0027964859033887_37.4319927126152265|127.0027966418397227_37.4319930874343996|127.0027968294124747_37.4319934622528478|127.0027969853488372_37.4319938379730388|127.0027971424150195_37.4319942127922047|127.0027972983513536_37.4319945876113849|127.0027974542876876_37.4319949624305721|127.0027976113538841_37.4319953372497309|127.0027977672902466_37.4319957129699219|127.0027978927200252_37.4319960877898197|127.0027980475264968_37.4319964626090496|127.0027981729574265_37.4319968680634929|127.0027983300236798_37.4319972437836626|127.0027984543235675_37.4319976186036101|127.0027985797533745_37.4319979934235079|127.0027987040532622_37.4319983682434199|127.0027988294842487_37.4319987745989167|127.0027989232776520_37.4319991503205713|127.0027990475775681_37.4319995251405189|127.0027991730085262_37.4319999314959873|127.0027992679317776_37.4320003063166240|127.0027993605963985_37.4320007117718561|127.0027994543898018_37.4320010874935178|127.0027995481843561_37.4320014938497465|127.0027996419777168_37.4320018686704117|127.0027997357711058_37.4320022434910555|127.0029223293061449_37.4325574306588109|127.0029224231020777_37.4325578379159438|127.0029224852613368_37.4325582442728049|127.0029225801870751_37.4325586497278593|127.0029226423463342_37.4325590560847274|127.0029227045043569_37.4325594309060250|127.0030011103725656_37.4330134628184865|127.0030011736624544_37.4330138682742302|127.0030012358212588_37.4330142430954709|127.0030012979813279_37.4330146503532930|127.0030013296344151_37.4330150567108575|127.0030013917944416_37.4330154621666438|127.0030014550843731_37.4330158685234053|127.0030014856075695_37.4330162748810125|127.0030015172606568_37.4330166812386125|127.0030015794206548_37.4330170866943917|127.0030016099438797_37.4330174939530096|127.0030016415969527_37.4330179003105883|127.0030016732500400_37.4330183066681599|127.0030016732649756_37.4330186805899601|127.0030017049180628_37.4330190869475246|127.0030017049342916_37.4330194933059133|127.0030017049505489_37.4330199005652986|127.0030017354737026_37.4330203060218878|127.0030017354899314_37.4330207123802836|127.0030017355061744_37.4330211187386581|127.0030017050154072_37.4330215250978142|127.0030017050316218_37.4330219305551708|127.0030017050478790_37.4330223378145632|127.0030017050641078_37.4330227441729519|127.0030016734434639_37.4330231505321223|127.0030016418228058_37.4330235559902889|127.0030016102021904_37.4330239623494805|127.0030015797114231_37.4330243687086366|127.0030015480907650_37.4330247741668103|127.0030015164701638_37.4330251814270056|127.0030014543425665_37.4330255877869504|127.0030014238518277_37.4330259941461136|127.0030013594644061_37.4330263996051116|127.0030013301035581_37.4330268059642250|127.0030012668460415_37.4330272123242196|127.0030012047172079_37.4330275880496259|127.0030011109527521_37.4330279944103808|127.0030010488250980_37.4330283998693290|127.0030009855676099_37.4330288062293022|127.0030009234399984_37.4330292125892683|127.0029893781873085_37.4330879113692063
2026-09-04T23:16:36.811991+09:00,서울대공원,서울대공원,POI100,KEY_4,2200021000,대공원대로,2200008501,대공원고가교(남측),127.0026171655613894_37.4373008081790388,2200008304,대공원역삼거리,127.0065499805299964_37.4358349906033609,388.0,41.0,원활,127.0065499805299964_37.4358349906033609|127.0064835174808309_37.4359041189738022|127.0063064858203035_37.4360422750141737|127.0050953603984993_37.4365122438352103|127.0046392981143981_37.4367083056359391|127.0042678612085325_37.4368524623347056|127.0036812359890774_37.4370492125447925|127.0026171655613894_37.4373008081790388
2026-09-04T23:16:36.811991+09:00,서울대공원,서울대공원,POI100,KEY_4,2200021100,대공원대로,2200008303,대공원역삼거리,127.0064877905878689_37.4357219553627161,2200008502,대공원고가교(남측),127.0025810450012074_37.4371966195773922,387.0,42.0,원활,127.0025810450012074_37.4371966195773922|127.0036355483765647_37.4369472442036866|127.0042118601151628_37.4367539310591511|127.0045774549838313_37.4366120876679318|127.0050334852050327_37.4364159936674312|127.0062273604819580_37.4359527443574649|127.0063817667330852_37.4358322441634499|127.0064877905878689_37.4357219553627161
2026-09-04T23:16:36.811991+09:00,서울대공원,서울대공원,POI100,KEY_4,2200021200,대공원광장로,2200054900,막계동 289,127.0068923472239391_37.4362228128070527,2200008301,대공원역삼거리,127.0066457822184702_37.4357353467557203,58.0,29.0,원활,127.0066457822184702_37.4357353467557203|127.0068923472239391_37.4362228128070527
2026-09-04T23:16:36.811991+09:00,서울대공원,서울대공원,POI100,KEY_4,2200021300,대공원광장로,2200008304,대공원역삼거리,127.0065499805299964_37.4358349906033609,2200008612,막계동255-3,127.0076509610287019_37.4376132209890429,220.0,26.0,원활,127.0076509610287019_37.4376132209890429|127.0076421735180645_37.4376027753600269|127.0068155789067674_37.4363600557792395|127.0067666120649790_37.4362632531393302|127.0065499805299964_37.4358349906033609
2026-09-04T23:16:36.811991+09:00,서울대공원,서울대공원,POI100,KEY_4,2200021500,대공원광장로,2200057700,막계동 326,127.0058355921950124_37.4347670361327189,2200008303,대공원역삼거리,127.0064877905878689_37.4357219553627161,121.0,25.0,원활,127.0064877905878689_37.4357219553627161|127.0058355921950124_37.4347670361327189
2026-09-04T23:16:36.811991+09:00,서울대공원,서울대공원,POI100,KEY_4,2200022600,대공원광장로,2200008902,국립과천과학관동주차장,127.0084574650786067_37.4387382391346932,2200008611,막계동255-3,127.0077634952381658_37.4375529084523322,146.0,20.0,서행,127.0077634952381658_37.4375529084523322|127.0080855172262488_37.4379349314084564|127.0084574650786067_37.4387382391346932
2026-09-04T23:16:36.811991+09:00,서울대공원,서울대공원,POI100,KEY_4,2200023200,대공원광장로,2200008804,부진입교,127.0088684476730663_37.4388146771083825,2200008902,국립과천과학관동주차장,127.0084574650786067_37.4387382391346932,44.0,33.0,원활,127.0084574650786067_37.4387382391346932|127.0086182979441531_37.4387072127582528|127.0088554238022596_37.4387826192372870|127.0088844548043880_37.4387800879082917|127.0088684476730663_37.4388146771083825
2026-09-04T23:16:36.811991+09:00,서울대공원,서울대공원,POI100,KEY_4,2200030300,과천대로,2200008502,대공원고가교(남측),127.0025810450012074_37.4371966195773922,2200001802,상아벌지하차도(남측),127.0014046720212946_37.4365631797303209,184.0,40.0,원활,127.0014046720212946_37.4365631797303209|127.0013062218505269_37.4370767111946634|127.0013184326599998_37.4371743937791948|127.0013460154439286_37.4372134696193584|127.0013899595908384_37.4372330013296022|127.0014828202305779_37.4372396334788959|127.0025810450012074_37.4371966195773922
2026-09-04T23:16:36.811991+09:00,서울대공원,서울대공원,POI100,KEY_4,2200040300,광명로,2200066800,최소노드배치점,127.0179262719529731_37.4318090801042729,2200026501,막계동579-1,127.0186725129336338_37.4295158870037881,352.0,33.0,원활,127.0186725129336338_37.4295158870037881|127.0184844257098433_37.4296161952381112|127.0184837592780127_37.4296165344177609|127.0173584939860945_37.4301892270314909|127.0173904526724442_37.4303596775883065|127.0173776032648050_37.4305909173157332|127.0172810825387302_37.4315158124468184|127.0179262719529731_37.4318090801042729
2026-09-04T23:16:36.811991+09:00,서울대공원,서울대공원,POI100,KEY_4,2200040400,광명로,2200064400,최소노드배치점,127.0128644829702154_37.4388265717598969,2200008802,부진입교,127.0091676506749963_37.4387479984704754,389.0,33.0,원활,127.0091676506749963_37.4387479984704754|127.0095977730109382_37.4388101026301854|127.0098898497513460_37.4389540229815125|127.0103395740317609_37.4390789472301933|127.0114255964999757_37.4396054988472713|127.0115608143817383_37.4395926219030173|127.0116696759749573_37.4395332460063344|127.0119056536387347_37.4391441081629992|127.0121150672391934_37.4390045051773370|127.0128644829702154_37.4388265717598969
2026-09-04T23:16:36.811991+09:00,서울숲공원,서울숲공원,POI101,KEY_1,1030000401,강변북로,1030006801,수도박물관,127.0427151925593137_37.5381098869044223,1030006601,성수동1가 496,127.0448610462769921_37.5375861963207313,198.0,72.3,원활,127.0448610462769921_37.5375861963207313|127.0445464268946125_37.5376608176332951|127.0435350724843744_37.5379014546380390|127.0429376144479932_37.5380399480896116|127.0427151925593137_37.5381098869044223
2026-09-04T23:16:36.811991+09:00,서울숲공원,서울숲공원,POI101,KEY_1,1030000500,강변북로,1030006500,강변동양아파트,127.0457199441466400_37.5371614419992170,1030007400,민들레,127.0411070650829117_37.5384294612663183,432.0,77.5,원활,127.0411070650829117_37.5384294612663183|127.0419474702915181_37.5381286569360313|127.0426750556077735_37.5379108794709282|127.0448120293160486_37.5373944724523483|127.0457199441466400_37.5371614419992170
2026-09-04T23:16:36.811991+09:00,서울숲공원,서울숲공원,POI101,KEY_1,1030000601,강변북로,1030007300,성수동1가701-1,127.0389959168127234_37.5393979946672758,1030007000,한강공원이촌지구입구,127.0411526317783455_37.5386310153525642,209.0,74.0,원활,127.0411526317783455_37.5386310153525642|127.0408998925125275_37.5387228934488917|127.0396375215554201_37.5391685549233358|127.0389959168127234_37.5393979946672758
2026-09-04T23:16:36.811991+09:00,서울숲공원,서울숲공원,POI101,KEY_1,1030000602,강변북로,1030007000,한강공원이촌지구입구,127.0411526317783455_37.5386310153525642,1030006801,수도박물관,127.0427151925593137_37.5381098869044223,150.0,63.0,원활,127.0427151925593137_37.5381098869044223|127.0422729834904203_37.5382370690409317|127.0418136435815057_37.5383907125557883|127.0411526317783455_37.5386310153525642
2026-09-04T23:16:36.811991+09:00,서울숲공원,서울숲공원,POI101,KEY_1,1030000700,강변북로,1030007400,민들레,127.0411070650829117_37.5384294612663183,1030009300,성수동1가695-1,127.0344033964930475_37.5407497451442893,646.0,78.0,원활,127.0344033964930475_37.5407497451442893|127.0353746709002962_37.5403924198628545|127.0361849511012196_37.5401273119134729|127.0382706512017421_37.5394438838092270|127.0400565032718703_37.5388129095392387|127.0411070650829117_37.5384294612663183
2026-09-04T23:16:36.811991+09:00,서울숲공원,서울숲공원,POI101,KEY_1,1030000800,강변북로,1030010300,옥수동492,127.0318062526681047_37.5420723308692246,1030007300,성수동1가701-1,127.0389959168127234_37.5393979946672758,701.0,76.0,원활,127.0389959168127234_37.5393979946672758|127.0385781455044309_37.5395473870466105|127.0355740478927515_37.5406900926766909|127.0332856937590549_37.5415329045588777|127.0318062526681047_37.5420723308692246
2026-09-04T23:16:36.811991+09:00,서울숲공원,서울숲공원,POI101,KEY_1,1030000901,강변북로,1030011200,동부간선도로입구,127.0297847949010190_37.5425055540992219,1030036500,두모교,127.0262150453302326_37.5435433933201281,337.0,54.3,원활,127.0262150453302326_37.5435433933201281|127.0275035061907545_37.5433072906735745|127.0281111196451320_37.5431308580303877|127.0286140564713833_37.5429301558187731|127.0297847949010190_37.5425055540992219
2026-09-04T23:16:36.811991+09:00,서울숲공원,서울숲공원,POI101,KEY_1,1030000902,강변북로,1030009300,성수동1가695-1,127.0344033964930475_37.5407497451442893,1030036500,두모교,127.0262150453302326_37.5435433933201281,793.0,74.3,원활,127.0262150453302326_37.5435433933201281|127.0263420859732406_37.5435433650486843|127.0265935686574750_37.5435290053148734|127.0269483352357156_37.5434967420871502|127.0273165646364504_37.5434394440140906|127.0276398803257933_37.5433678519471172|127.0280215633972176_37.5432640623576859|127.0283852777987619_37.5431459724865420|127.0294407958222678_37.5427610413079833|127.0303968691536340_37.5423981188109366|127.0313562320281875_37.5419902214887315|127.0327211793242839_37.5414272507229754|127.0337209293278136_37.5410121707927402|127.0344033964930475_37.5407497451442893
2026-09-04T23:16:36.811991+09:00,서울숲공원,서울숲공원,POI101,KEY_1,1030001001,강변북로,1030011700,성수JC,127.0277034763174839_37.5435314558420359,1030010300,옥수동492,127.0318062526681047_37.5420723308692246,397.0,71.0,원활,127.0318062526681047_37.5420723308692246|127.0317011292671481_37.5421106588302322|127.0295362283649325_37.5429145153627459|127.0284706664303940_37.5433031231814809|127.0280969564901881_37.5434244583883654|127.0277034763174839_37.5435314558420359
2026-09-04T23:16:36.811991+09:00,서울숲공원,서울숲공원,POI101,KEY_1,1030005102,강변북로,1030009100,성수대교(북측),127.0337769617486003_37.5407132030334907,1030008900,성수대교(북측),127.0366204592998116_37.5407494361191212,391.0,50.3,원활,127.0366204592998116_37.5407494361191212|127.0362736400008146_37.5408947419886374|127.0359854860295883_37.5409973504146777|127.0348150285060029_37.5413862430326475|127.0344457187267864_37.5415350316108203|127.0342926666647259_37.5415845095064356|127.0341217331513661_37.5416196079110733|127.0339644542110022_37.5416261422525039|127.0338253465951937_37.5416005523428069|127.0337267360757068_37.5415643900919491|127.0336371775573099_37.5415175321155274|127.0335746407953366_37.5414600490100838|127.0335121717437517_37.5413918349446547|127.0334722300060122_37.5413129772588476|127.0334503034915912_37.5412270371034751|127.0334463233892848_37.5411447445142770|127.0334693648077575_37.5410518268865303|127.0335194276366479_37.5409482842039708|127.0335873025506146_37.5408698527050149|127.0336957647755582_37.5407665410948184|127.0337769617486003_37.5407132030334907
2026-09-04T23:16:36.811991+09:00,서울숲공원,서울숲공원,POI101,KEY_1,1030001300,동부간선도로,1030009300,성수동1가695-1,127.0344033964930475_37.5407497451442893,1030036600,성수JC,127.0323619427774275_37.5449326440640903,989.0,57.3,원활,127.0323619427774275_37.5449326440640903|127.0322744211834163_37.5448697440340950|127.0313534821279120_37.5441619743014670|127.0302711561675579_37.5434045468581559|127.0292213225685600_37.5426813636680023|127.0291244493513432_37.5425946961241763|127.0290404411798164_37.5424856354964689|127.0289683965850429_37.5423433772447765|127.0289492441156938_37.5422172789344444|127.0289589663725280_37.5420771666000306|127.0290406841672421_37.5418664180243553|127.0291345094840949_37.5417562440955805|127.0292528012461872_37.5416541396924401|127.0293644662197465_37.5416032937911552|127.0294966916302428_37.5415774733236560|127.0296598992147494_37.5415688441143018|127.0297956329881259_37.5415905366518103|127.0299660142581786_37.5416436813546142|127.0302080506025959_37.5417328835311892|127.0303749985669413_37.5417866745375051|127.0305860820734409_37.5418295301635538|127.0307702075141520_37.5418402096315589|127.0309812692028117_37.5418294271438810|127.0312192598502747_37.5417828782866607|127.0313943777152161_37.5417327696135601|127.0315829533341940_37.5416468991060341|127.0318164273072910_37.5415395607010254|127.0321621433381978_37.5413749778313246|127.0323237815666886_37.5413105689769679|127.0325033866125892_37.5412533061920328|127.0326695215194945_37.5412031980960634|127.0329883271511591_37.5411244404720108|127.0333789797064696_37.5410349343961087|127.0344033964930475_37.5407497451442893
2026-09-04T23:16:36.811991+09:00,서울숲공원,서울숲공원,POI101,KEY_1,1030001401,동부간선도로,1030012000,성수JC,127.0314731932145378_37.5440534747483454,1030011200,동부간선도로입구,127.0297847949010190_37.5425055540992219,513.0,52.0,원활,127.0297847949010190_37.5425055540992219|127.0299878534914342_37.5423632727119809|127.0301011000793920_37.5422146708626414|127.0301245340403682_37.5420597506111804|127.0301028206364720_37.5419404223460518|127.0300361833235030_37.5418209153987874|127.0299243595096925_37.5417429631655111|127.0297973367850091_37.5417007230823003|127.0296688991218446_37.5416767672049758|127.0295175256817117_37.5416847708783266|127.0294153409281535_37.5417047255893195|127.0293384278699591_37.5417397467600580|127.0292412353666265_37.5418236404248020|127.0291644895328034_37.5419137566701835|127.0290936747369557_37.5420963887518155|127.0290855325617230_37.5422137414567914|127.0291010924953383_37.5423161911923629|127.0291621710753986_37.5424367947448658|127.0292339344424875_37.5425299601811346|127.0293168984713077_37.5426041828799129|127.0314731932145378_37.5440534747483454
2026-09-04T23:16:36.811991+09:00,서울숲공원,서울숲공원,POI101,KEY_1,1030001402,동부간선도로,1030018800,뚝섬유수지체육공원,127.0382875770396396_37.5497896869035088,1030012000,성수JC,127.0314731932145378_37.5440534747483454,879.0,69.3,원활,127.0314731932145378_37.5440534747483454|127.0321620057514167_37.5445396044308666|127.0329047457750846_37.5450876965753437|127.0335516609834627_37.5455738297302162|127.0341566432096130_37.5460027579968809|127.0347257052412289_37.5464364617868753|127.0353187467665066_37.5469130648032845|127.0359178026335627_37.5474278067572769|127.0363491413191213_37.5478281687294952|127.0373556589110393_37.5488433954447274|127.0381644948249260_37.5496727329993192|127.0382875770396396_37.5497896869035088
2026-09-04T23:16:36.811991+09:00,서울숲공원,서울숲공원,POI101,KEY_1,1030001901,동부간선도로,1030036600,성수JC,127.0323619427774275_37.5449326440640903,1030014900,성수동1가685-31,127.0343613336856379_37.5465066021287299,249.0,69.0,원활,127.0343613336856379_37.5465066021287299|127.0334694196474317_37.5457812522501087|127.0326922104666920_37.5451699997149859|127.0323619427774275_37.5449326440640903
2026-09-04T23:16:36.811991+09:00,서울숲공원,서울숲공원,POI101,KEY_1,1030003503,성덕정길,1030001308,미러드스피어갤러리,127.0464519405476977_37.5391950904684464,1030008602,뚝도아리수정수센터,127.0438952129735242_37.5400817035135219,247.0,20.0,서행,127.0438952129735242_37.5400817035135219|127.0442789728588338_37.5399443264311756|127.0451914269481790_37.5396455830965792|127.0455079029676710_37.5395158662262887|127.0459034895997235_37.5393691667486706|127.0460520754789684_37.5393140646203705|127.0464519405476977_37.5391950904684464
2026-09-04T23:16:36.811991+09:00,서울숲공원,서울숲공원,POI101,KEY_1,1030004700,왕십리로,1030080900,성수동1가 685-235,127.0438119803910837_37.5405714958717525,1030010203,서울숲입구교차로,127.0441621562491576_37.5418224578429118,142.0,20.5,서행,127.0441621562491576_37.5418224578429118|127.0440725821409558_37.5415338454959340|127.0438641961902988_37.5408624063888681|127.0438595359219391_37.5408415890386138|127.0438248603938689_37.5406866935925194|127.0438119803910837_37.5405714958717525
2026-09-04T23:16:36.811991+09:00,서울숲공원,서울숲공원,POI101,KEY_1,1030004802,왕십리로,1030128800,성수동1가 685-235,127.0439932105147278_37.5408226145050463,1030008601,뚝도아리수정수센터,127.0439063438414848_37.5401962621521079,70.0,13.0,정체,127.0439063438414848_37.5401962621521079|127.0439472262407605_37.5405619077732950|127.0439595786689608_37.5406723851967925|127.0439932105147278_37.5408226145050463
2026-09-04T23:16:36.811991+09:00,서울숲공원,서울숲공원,POI101,KEY_1,1030004901,뚝섬로,1030009204,성수동1가656-277,127.0457205785411929_37.5413201683959912,1030010202,서울숲입구교차로,127.0442908325642293_37.5417863962982779,137.0,12.0,정체,127.0442908325642293_37.5417863962982779|127.0457170505857789_37.5413212981805557|127.0457205785411929_37.5413201683959912
2026-09-04T23:16:36.811991+09:00,서울숲공원,서울숲공원,POI101,KEY_1,1030005002,뚝섬로,1030010201,서울숲입구교차로,127.0443227134553865_37.5418928353680030,1030009205,성수동1가656-277,127.0457712426725436_37.5414204802605198,138.0,12.0,정체,127.0457712426725436_37.5414204802605198|127.0457681139552193_37.5414214821839067|127.0443227134553865_37.5418928353680030
2026-09-04T23:16:36.811991+09:00,서울숲공원,서울숲공원,POI101,KEY_1,1030005101,강변북로,1030008900,성수대교(북측),127.0366204592998116_37.5407494361191212,1030007300,성수동1가701-1,127.0389959168127234_37.5393979946672758,259.0,62.0,원활,127.0389959168127234_37.5393979946672758|127.0380812312561005_37.5399037731009955|127.0374764356561315_37.5403592941123279|127.0371608666084597_37.5405369205504513|127.0368725612304388_37.5406645708815390|127.0366204592998116_37.5407494361191212
2026-09-04T23:16:36.811991+09:00,서울숲공원,서울숲공원,POI101,KEY_1,1030005200,강변북로,1030009800,성수대교(북측),127.0339243946623640_37.5414459285932267,1030008900,성수대교(북측),127.0366204592998116_37.5407494361191212,250.0,31.0,서행,127.0366204592998116_37.5407494361191212|127.0339243946623640_37.5414459285932267
2026-09-04T23:16:36.811991+09:00,서울숲공원,서울숲공원,POI101,KEY_1,1030006301,고산자로,1030000502,성수대교북측(북측),127.0354766600117671_37.5405116623693331,1030011900,성수대교,127.0360005462618460_37.5434631051802086,331.0,45.0,원활,127.0360005462618460_37.5434631051802086|127.0356397284671885_37.5414859989735703|127.0354766600117671_37.5405116623693331
2026-09-04T23:16:36.811991+09:00,서울숲공원,서울숲공원,POI101,KEY_1,1030006302,고산자로,1030011900,성수대교,127.0360005462618460_37.5434631051802086,1030012303,성수대교북단교차로,127.0360826391629558_37.5439129163279333,50.0,43.0,원활,127.0360826391629558_37.5439129163279333|127.0360005462618460_37.5434631051802086
2026-09-04T23:16:36.811991+09:00,서울숲공원,서울숲공원,POI101,KEY_1,1030006303,고산자로,1030012304,성수대교북단교차로,127.0361107182000069_37.5440214432186963,1030012900,성수대교,127.0363032638533412_37.5446862650665025,76.0,15.0,서행,127.0363032638533412_37.5446862650665025|127.0362387402871747_37.5444355836425174|127.0361107182000069_37.5440214432186963
2026-09-04T23:16:36.811991+09:00,서울숲공원,서울숲공원,POI101,KEY_1,1030006401,고산자로,1030011800,성수대교,127.0361349219139697_37.5434475561346019,1030000501,성수대교북측(북측),127.0356112502638837_37.5404973798243304,331.0,7.0,정체,127.0356112502638837_37.5404973798243304|127.0357742152324789_37.5414710828022180|127.0361349219139697_37.5434475561346019
2026-09-04T23:16:36.811991+09:00,서울숲공원,서울숲공원,POI101,KEY_1,1030006402,고산자로,1030012302,성수대교북단교차로,127.0362119535135861_37.5438696362694699,1030011800,성수대교,127.0361349219139697_37.5434475561346019,47.0,7.0,정체,127.0361349219139697_37.5434475561346019|127.0362119535135861_37.5438696362694699
2026-09-04T23:16:36.811991+09:00,서울숲공원,서울숲공원,POI101,KEY_1,1030006403,고산자로,1030012800,성수대교,127.0364370496948396_37.5446681209833670,1030012301,성수대교북단교차로,127.0362371882276165_37.5439781927615286,79.0,30.0,원활,127.0362371882276165_37.5439781927615286|127.0363712284441391_37.5444117997759790|127.0364370496948396_37.5446681209833670
2026-09-04T23:16:36.811991+09:00,서울숲공원,서울숲공원,POI101,KEY_1,1030007301,왕십리로,1030140700,성수동1가 656-924,127.0446136093396774_37.5433513872624047,1030014103,서울숲역4번출구,127.0448437340704970_37.5450473472375776,191.0,15.0,서행,127.0448437340704970_37.5450473472375776|127.0448761766708117_37.5448861908370617|127.0448854061282731_37.5447527583577454|127.0448876560694202_37.5446344887410604|127.0448869911702872_37.5446282772486981|127.0448761719551953_37.5445272039189746|127.0448509665354777_37.5444162085853108|127.0447937498153124_37.5442608259489319|127.0447494222051290_37.5441004009097696|127.0447271040391684_37.5439661327797438|127.0446626140563637_37.5435781523824801|127.0446453492180865_37.5434904437053589|127.0446270842971757_37.5433976541887731|127.0446136093396774_37.5433513872624047
2026-09-04T23:16:36.811991+09:00,서울숲공원,서울숲공원,POI101,KEY_1,1030007401,왕십리로,1030108300,성수동1가 656-924,127.0445405976371944_37.5426578631228907,1030010201,서울숲입구교차로,127.0443227134553865_37.5418928353680030,87.0,19.0,서행,127.0443227134553865_37.5418928353680030|127.0445405976371944_37.5426578631228907
2026-09-04T23:16:36.811991+09:00,서울숲공원,서울숲공원,POI101,KEY_1,1030007702,광나루로,1030013800,용비교앞,127.0333325548071599_37.5450050369533841,1030015000,성수동1가685-366,127.0347281610465444_37.5457320230783580,149.0,41.0,원활,127.0347281610465444_37.5457320230783580|127.0345634495914453_37.5456389612574384|127.0339308281616155_37.5452976975982509|127.0338163721421125_37.5452323683480316|127.0337417705139984_37.5451771052804588|127.0335982894965667_37.5450806500806493|127.0334629512231004_37.5450262429314208|127.0333325548071599_37.5450050369533841
2026-09-04T23:16:36.811991+09:00,서울숲공원,서울숲공원,POI101,KEY_1,1030007803,광나루로,1030015700,응봉교앞,127.0362287011718365_37.5468934194515498,1030013200,뚝섬역앞,127.0340021665685128_37.5447699627491218,335.0,35.0,원활,127.0340021665685128_37.5447699627491218|127.0339119478859402_37.5448533482408919|127.0338390853927564_37.5449373945285672|127.0338227918287686_37.5450024693594102|127.0338138824460401_37.5450640218691802|127.0338381578220464_37.5451008315442252|127.0339025242840307_37.5451485128795497|127.0340084810208623_37.5452089899118064|127.0346408315383542_37.5455501072778191|127.0348067426888434_37.5456438452889145|127.0350260021663757_37.5457746884153849|127.0356313917589119_37.5462775440664771|127.0361171498495167_37.5467784023693270|127.0362287011718365_37.5468934194515498
2026-09-04T23:16:36.811991+09:00,서울숲공원,서울숲공원,POI101,KEY_1,1030007903,뚝섬로,1030153700,최소노드배치점,127.0298541325279302_37.5461734938040195,1030013800,용비교앞,127.0333325548071599_37.5450050369533841,334.0,47.0,원활,127.0333325548071599_37.5450050369533841|127.0320878634865949_37.5454301821306089|127.0301483584728004_37.5461118314372300|127.0298548174119588_37.5461734181233169|127.0298541325279302_37.5461734938040195
2026-09-04T23:16:36.811991+09:00,서울숲공원,서울숲공원,POI101,KEY_1,1030007904,뚝섬로,1030013800,용비교앞,127.0333325548071599_37.5450050369533841,1030013401,서울숲입구,127.0336259699339791_37.5449020311093804,28.0,47.0,원활,127.0336259699339791_37.5449020311093804|127.0333325548071599_37.5450050369533841
2026-09-04T23:16:36.811991+09:00,서울숲공원,서울숲공원,POI101,KEY_1,1030008004,뚝섬로,1030013402,서울숲입구,127.0335712621943571_37.5448039853446431,1030014600,강변북로분기점,127.0320336805205699_37.5453310445884938,148.0,12.0,정체,127.0320336805205699_37.5453310445884938|127.0335605592246537_37.5448077968026155|127.0335712621943571_37.5448039853446431
2026-09-04T23:16:36.811991+09:00,서울숲공원,서울숲공원,POI101,KEY_1,1030008201,고산자로,1030015200,응봉지하차도,127.0366128449075376_37.5457210264910088,1030012800,성수대교,127.0364370496948396_37.5446681209833670,118.0,35.0,원활,127.0364370496948396_37.5446681209833670|127.0366128449075376_37.5457210264910088
2026-09-04T23:16:36.811991+09:00,서울숲공원,서울숲공원,POI101,KEY_1,1030008202,고산자로,1030015902,응봉교앞교차로,127.0366620598710057_37.5470907469341526,1030015200,응봉지하차도,127.0366128449075376_37.5457210264910088,155.0,28.0,원활,127.0366128449075376_37.5457210264910088|127.0367779996532391_37.5467407889137164|127.0367656344953389_37.5469133007197087|127.0367066612591316_37.5470409050150522|127.0366620598710057_37.5470907469341526
2026-09-04T23:16:36.811991+09:00,서울숲공원,서울숲공원,POI101,KEY_1,1030009300,서울숲길,1030076300,성수동1가 676-8,127.0399213370954214_37.5479548333834785,1030018200,응봉지하차도,127.0374624651740305_37.5484417432670767,239.0,17.0,서행,127.0374624651740305_37.5484417432670767|127.0376197668948919_37.5485990148293283|127.0377691938879821_37.5486030666717809|127.0379335176127427_37.5485712655074408|127.0381567590147682_37.5484853004769974|127.0383340384476725_37.5484272268524180|127.0392064844063640_37.5481559010921799|127.0393057439895301_37.5481250313893327|127.0399213370954214_37.5479548333834785
2026-09-04T23:16:36.811991+09:00,서울숲공원,서울숲공원,POI101,KEY_1,1030009502,광나루로,1030015901,응봉교앞교차로,127.0366152887005171_37.5472219483610559,1030003300,성수동1가685-682,127.0377144991523579_37.5489181795884193,214.0,14.0,정체,127.0377144991523579_37.5489181795884193|127.0375766079558133_37.5487776911937914|127.0374329612102429_37.5486111232519235|127.0373464606487204_37.5484979491716757|127.0372495867620586_37.5483712020506317|127.0370899670532054_37.5481557307054956|127.0369658436303979_37.5479582707073689|127.0368520299556110_37.5478161520716753|127.0366852607440364_37.5473419561078501|127.0366152887005171_37.5472219483610559
2026-09-04T23:16:36.811991+09:00,서울숲공원,서울숲공원,POI101,KEY_1,1030009601,광나루로,1030016401,응봉교교차로,127.0369747496989561_37.5477727654258828,1030015902,응봉교앞교차로,127.0366620598710057_37.5470907469341526,81.0,39.0,원활,127.0366620598710057_37.5470907469341526|127.0367310816394308_37.5471637738456607|127.0368132004219177_37.5473046122355285|127.0369747496989561_37.5477727654258828
2026-09-04T23:16:36.811991+09:00,서울숲공원,서울숲공원,POI101,KEY_1,1030009602,광나루로,1030018200,응봉지하차도,127.0374624651740305_37.5484417432670767,1030016401,응봉교교차로,127.0369747496989561_37.5477727654258828,86.0,46.0,원활,127.0369747496989561_37.5477727654258828|127.0370841269440092_37.5479048674630818|127.0372093083618381_37.5481040100708015|127.0373660769487429_37.5483156321913540|127.0374624651740305_37.5484417432670767
2026-09-04T23:16:36.811991+09:00,서울숲공원,서울숲공원,POI101,KEY_1,1030009603,광나루로,1030018600,응봉지하차도,127.0379861625013405_37.5489978732287639,1030018200,응봉지하차도,127.0374624651740305_37.5484417432670767,77.0,51.0,원활,127.0374624651740305_37.5484417432670767|127.0375470226948380_37.5485523752630357|127.0376861857009629_37.5487137421328967|127.0378185869667504_37.5488488351778074|127.0379861625013405_37.5489978732287639
2026-09-04T23:16:36.811991+09:00,서울숲공원,서울숲공원,POI101,KEY_1,1030011501,광나루로,1030174400,최소노드배치점,127.0398169960489128_37.5505495317001561,1030020300,성수동1가672-3,127.0424916727474027_37.5515155229991748,260.0,57.0,원활,127.0424916727474027_37.5515155229991748|127.0423272436774056_37.5514771040283861|127.0419434266120362_37.5513458747840048|127.0406151306876978_37.5508917096208847|127.0405116801708232_37.5508515661850097|127.0401146984400640_37.5506975182419964|127.0398336311208141_37.5505594903515316|127.0398169960489128_37.5505495317001561
2026-09-04T23:16:36.811991+09:00,서울숲공원,서울숲공원,POI101,KEY_1,1030011600,광나루로,1030092500,성수동1가 685-682,127.0383955604428934_37.5493625191709341,1030018600,응봉지하차도,127.0379861625013405_37.5489978732287639,54.0,63.0,원활,127.0379861625013405_37.5489978732287639|127.0382859447694699_37.5492644909027860|127.0383955604428934_37.5493625191709341
2026-09-04T23:16:36.811991+09:00,서울숲공원,서울숲공원,POI101,KEY_1,1030022500,강변북로,1030006500,강변동양아파트,127.0457199441466400_37.5371614419992170,1030008200,성수동1가689-15,127.0386116957061802_37.5399100186691754,732.0,46.0,서행,127.0386116957061802_37.5399100186691754|127.0388094671413626_37.5398929051167940|127.0389980988206418_37.5399007961000279|127.0391732543634902_37.5399086344900752|127.0393260579287897_37.5398984988097268|127.0394565554318120_37.5398632351905448|127.0396188712205685_37.5397672820113897|127.0397092230287228_37.5396853579724663|127.0398132934763566_37.5395641366282575|127.0402208488266780_37.5390362908951474|127.0404468884075158_37.5388046494535104|127.0412228387984328_37.5382710782329667|127.0415022100986846_37.5381326507174720|127.0418939270202827_37.5379875036210677|127.0424249449393841_37.5378357405717580|127.0429738849922785_37.5376911991380950|127.0434372105982987_37.5375892508277289|127.0439229523194200_37.5374945418114123|127.0443443046295755_37.5373995828899609|127.0447580464581847_37.5373248636183803|127.0457199441466400_37.5371614419992170
2026-09-04T23:16:36.811991+09:00,서울숲공원,서울숲공원,POI101,KEY_1,1030023000,강변북로,1030008700,성수동1가685-717,127.0387034330841232_37.5403324927363400,1030007000,한강공원이촌지구입구,127.0411526317783455_37.5386310153525642,296.0,48.3,서행,127.0411526317783455_37.5386310153525642|127.0407533818060841_37.5388833491545242|127.0405051750272207_37.5390672079383378|127.0403168625084618_37.5392512998438548|127.0401282578067139_37.5394830868806224|127.0399244787430320_37.5397470102002941|127.0397481798608510_37.5399251856554201|127.0395181272781286_37.5400781102996177|127.0392477741095405_37.5402094139839022|127.0390542301361450_37.5402694721315768|127.0388742738886378_37.5403116965031529|127.0387034330841232_37.5403324927363400
2026-09-04T23:16:36.811991+09:00,서울숲공원,서울숲공원,POI101,KEY_1,1030023100,강변북로,1030007400,민들레,127.0411070650829117_37.5384294612663183,1030007800,성수대교(북측),127.0368534360828363_37.5396408057627795,400.0,65.0,원활,127.0368534360828363_37.5396408057627795|127.0371121663615810_37.5395732560513053|127.0376707307637503_37.5394502404493267|127.0379819235674006_37.5393739513036451|127.0383382043887082_37.5392710086407959|127.0391560042913142_37.5389969660262821|127.0399475014373252_37.5387377201589345|127.0404688029044422_37.5385847357400735|127.0411070650829117_37.5384294612663183
2026-09-04T23:16:36.811991+09:00,서울숲공원,서울숲공원,POI101,KEY_1,1030023200,강변북로,1030007800,성수대교(북측),127.0368534360828363_37.5396408057627795,1030007600,성수대교북측(남측),127.0353856054661748_37.5391491203814596,172.0,31.0,서행,127.0353856054661748_37.5391491203814596|127.0354519301494349_37.5392596892391666|127.0355294539751867_37.5394358763245677|127.0356147237740174_37.5395703582316855|127.0356778466900352_37.5396540754166210|127.0357710106925424_37.5397230061694600|127.0358755720474022_37.5397651511611272|127.0359727566045080_37.5397893819223896|127.0360513720212055_37.5397896904171802|127.0361712028036294_37.5397841991194525|127.0363398484315809_37.5397550513494167|127.0368534360828363_37.5396408057627795
2026-09-04T23:16:36.811991+09:00,서울숲공원,서울숲공원,POI101,KEY_1,1030023800,언주로,1030000501,성수대교북측(북측),127.0356112502638837_37.5404973798243304,1030007600,성수대교북측(남측),127.0353856054661748_37.5391491203814596,151.0,11.0,정체,127.0353856054661748_37.5391491203814596|127.0356112502638837_37.5404973798243304
2026-09-04T23:16:36.811991+09:00,서울숲공원,서울숲공원,POI101,KEY_1,1030023900,언주로,1030007700,성수대교북측(남측),127.0352537450373660_37.5391797046238054,1030000502,성수대교북측(북측),127.0354766600117671_37.5405116623693331,149.0,58.5,원활,127.0354766600117671_37.5405116623693331|127.0352537450373660_37.5391797046238054
2026-09-04T23:16:36.811991+09:00,서울숲공원,서울숲공원,POI101,KEY_1,1030024400,강변북로,1030008200,성수동1가689-15,127.0386116957061802_37.5399100186691754,1030008700,성수동1가685-717,127.0387034330841232_37.5403324927363400,70.0,28.0,정체,127.0387034330841232_37.5403324927363400|127.0385419074224984_37.5402996662770363|127.0384613765454702_37.5402456929054082|127.0384258357114931_37.5401811631481621|127.0384038369325168_37.5401059548299685|127.0384311435581708_37.5400488261539849|127.0384719932345803_37.5399810180122273|127.0385216066115106_37.5399490163397971|127.0386116957061802_37.5399100186691754
2026-09-04T23:16:36.811991+09:00,서울숲공원,서울숲공원,POI101,KEY_1,1030024600,강변북로,1030007700,성수대교북측(남측),127.0352537450373660_37.5391797046238054,1030009100,성수대교(북측),127.0337769617486003_37.5407132030334907,232.0,48.7,서행,127.0337769617486003_37.5407132030334907|127.0339391981025443_37.5406315664747012|127.0345833361038927_37.5403550816663412|127.0347591365769091_37.5402591888875037|127.0348945951880637_37.5401488278030868|127.0350121281835385_37.5400312413527359|127.0351029072210878_37.5398813537806788|127.0351441154042362_37.5397563124581737|127.0351901036656983_37.5395847853010736|127.0352046463879958_37.5394131341517507|127.0352537450373660_37.5391797046238054
2026-09-04T23:16:36.811991+09:00,서울숲공원,서울숲공원,POI101,KEY_1,1030024900,강변북로,1030009800,성수대교(북측),127.0339243946623640_37.5414459285932267,1030007800,성수대교(북측),127.0368534360828363_37.5396408057627795,443.0,18.0,정체,127.0368534360828363_37.5396408057627795|127.0370181494945712_37.5396420480801467|127.0371527636470574_37.5396676167305898|127.0372737895883120_37.5397110176042972|127.0373676853027973_37.5397829309775091|127.0374390099259898_37.5398726416778246|127.0374656095860360_37.5399299818899905|127.0374784683138927_37.5400301951343636|127.0374688644552776_37.5401303208999835|127.0374323740247178_37.5402196089517304|127.0373689946792553_37.5402980601669327|127.0373057713197937_37.5403514716095259|127.0372291364230506_37.5403940977729462|127.0369949821833870_37.5404826117086117|127.0368329266345881_37.5405356348524464|127.0348571263850914_37.5411181147050996|127.0339243946623640_37.5414459285932267
2026-09-04T23:16:36.811991+09:00,서울숲공원,서울숲공원,POI101,KEY_1,1030025400,강변북로,1030009100,성수대교(북측),127.0337769617486003_37.5407132030334907,1030011200,동부간선도로입구,127.0297847949010190_37.5425055540992219,406.0,66.7,원활,127.0297847949010190_37.5425055540992219|127.0301014443444387_37.5423983044091045|127.0316013885051376_37.5417710906772442|127.0322590225374171_37.5414946717477847|127.0325159372563633_37.5413597540577584|127.0329488123294794_37.5411039051045989|127.0332779588102170_37.5409120349971985|127.0335527716549109_37.5407879165858489|127.0337769617486003_37.5407132030334907
2026-09-04T23:16:36.811991+09:00,서울숲공원,서울숲공원,POI101,KEY_1,1030025800,강변북로,1030010300,옥수동492,127.0318062526681047_37.5420723308692246,1030009800,성수대교(북측),127.0339243946623640_37.5414459285932267,200.0,67.0,원활,127.0339243946623640_37.5414459285932267|127.0325861881406126_37.5418365221240293|127.0318062526681047_37.5420723308692246
2026-09-04T23:16:36.811991+09:00,서울숲공원,서울숲공원,POI101,KEY_1,1030026500,뚝섬로,1030010901,서울숲관리사무소,127.0422149021619873_37.5423764621375895,1030010204,서울숲입구교차로,127.0441934353593894_37.5419277837611602,182.0,32.0,원활,127.0441934353593894_37.5419277837611602|127.0422149021619873_37.5423764621375895
2026-09-04T23:16:36.811991+09:00,서울숲공원,서울숲공원,POI101,KEY_1,1030028000,고산자로,1030011900,성수대교,127.0360005462618460_37.5434631051802086,1030012400,뚝섬역앞,127.0351598907825377_37.5442382170389379,125.0,29.0,원활,127.0351598907825377_37.5442382170389379|127.0357216302386547_37.5440210860030703|127.0358269236664057_37.5439489651457876|127.0358969414481436_37.5438645535781532|127.0359471986930373_37.5437801488859435|127.0359812860939428_37.5436914567381876|127.0360005462618460_37.5434631051802086
2026-09-04T23:16:36.811991+09:00,서울숲공원,서울숲공원,POI101,KEY_1,1030026600,강변북로,1030008200,성수동1가689-15,127.0386116957061802_37.5399100186691754,1030012400,뚝섬역앞,127.0351598907825377_37.5442382170389379,705.0,43.3,서행,127.0351598907825377_37.5442382170389379|127.0354068962458172_37.5441060684462187|127.0355674450624122_37.5439976137586413|127.0356577622891763_37.5439228468216513|127.0357242893047811_37.5438335331714370|127.0357486109102041_37.5437622279278287|127.0357679800487318_37.5436680730317818|127.0357632413711571_37.5435762680332843|127.0357323270163477_37.5434902923140541|127.0350720288963942_37.5420245991552690|127.0350366668427000_37.5419314516935074|127.0350057086922106_37.5418526306111957|127.0349972125870295_37.5417738974697954|127.0349978124110635_37.5416773137281155|127.0350299037809663_37.5415737000574268|127.0350934191691721_37.5414737873586901|127.0351612929096063_37.5413953549625887|127.0352650617556947_37.5413242180194970|127.0353776822518057_37.5412745797914127|127.0355127644148183_37.5412250302087003|127.0369487294088202_37.5407620496736740|127.0371784364439236_37.5406663643740757|127.0373902612695645_37.5405562998266404|127.0376021513677642_37.5404355030668313|127.0377555536119729_37.5403287865443716|127.0379134244137020_37.5402256633759421|127.0380354020996378_37.5401152462535208|127.0381436804458559_37.5400405472650220|127.0383058228510720_37.5399732135098958|127.0384363198342470_37.5399379510186222|127.0386116957061802_37.5399100186691754
2026-09-04T23:16:36.811991+09:00,서울숲공원,서울숲공원,POI101,KEY_1,1030026700,강변북로,1030013401,서울숲입구,127.0336259699339791_37.5449020311093804,1030008700,성수동1가685-717,127.0387034330841232_37.5403324927363400,845.0,48.7,서행,127.0387034330841232_37.5403324927363400|127.0385371511629842_37.5403425752467825|127.0383978666933160_37.5403456074334514|127.0382316516383412_37.5403449576821160|127.0381148287079043_37.5403480786678330|127.0379889118636783_37.5403690494698381|127.0378718901825152_37.5404043639064326|127.0376601982701743_37.5404929665598743|127.0373762310509278_37.5406456762469176|127.0370879036319849_37.5407769040777453|127.0362952125058484_37.5411029014549058|127.0354844785458965_37.5414395541404957|127.0353673215752082_37.5414963288448078|127.0352725369027098_37.5415675010344856|127.0352046178310417_37.5416530874434429|127.0351591164095453_37.5417459165832241|127.0351405248829764_37.5418460069646898|127.0351354551451237_37.5419389952436759|127.0351751538081260_37.5420572008873492|127.0358001798617806_37.5434154374524383|127.0358353439824128_37.5435407792331688|127.0358480445403444_37.5436660323164375|127.0358326844142454_37.5437716016713736|127.0358155281628427_37.5438434318438041|127.0357804123959227_37.5439402458612719|127.0357588038870915_37.5440155390118946|127.0357240209459917_37.5441034969866152|127.0356607451534785_37.5441938214730655|127.0355930812456791_37.5442489605209389|127.0354925813227567_37.5443013739697307|127.0352297106497588_37.5443971397144693|127.0348467896735940_37.5445356792611875|127.0337727652631230_37.5449105304015731|127.0336259699339791_37.5449020311093804
2026-09-04T23:16:36.811991+09:00,서울숲공원,서울숲공원,POI101,KEY_1,1030026800,뚝섬로,1030010203,서울숲입구교차로,127.0441621562491576_37.5418224578429118,1030011002,무지개터널(동측),127.0413473196034317_37.5424602796447218,259.0,24.0,서행,127.0413473196034317_37.5424602796447218|127.0420470149079648_37.5423020740521096|127.0421777116470992_37.5422724767808944|127.0441621562491576_37.5418224578429118
2026-09-04T23:16:36.811991+09:00,서울숲공원,서울숲공원,POI101,KEY_1,1030026900,뚝섬로,1030011001,무지개터널(동측),127.0413856137363098_37.5425640055429071,1030010904,서울숲관리사무소,127.0420841060007007_37.5424060811278437,64.0,33.0,원활,127.0420841060007007_37.5424060811278437|127.0413856137363098_37.5425640055429071
2026-09-04T23:16:36.811991+09:00,서울숲공원,서울숲공원,POI101,KEY_1,1030027000,동부간선도로,1030012000,성수JC,127.0314731932145378_37.5440534747483454,1030009800,성수대교(북측),127.0339243946623640_37.5414459285932267,486.0,41.0,서행,127.0339243946623640_37.5414459285932267|127.0334660672718314_37.5416308850519584|127.0311611799832292_37.5425040231097924|127.0309995450869707_37.5425851177727168|127.0308738370767827_37.5426709718164062|127.0307840622352700_37.5427711188299682|127.0307062751404032_37.5428998693921869|127.0306763922770017_37.5430381436443739|127.0306704646842491_37.5431859469438933|127.0307184282822703_37.5433337362326114|127.0308143019321960_37.5435005844608796|127.0309640663317907_37.5436674175867111|127.0314731932145378_37.5440534747483454
2026-09-04T23:16:36.811991+09:00,서울숲공원,서울숲공원,POI101,KEY_1,1030027100,뚝섬로,1030011002,무지개터널(동측),127.0413473196034317_37.5424602796447218,1030011502,무지개터널(서측),127.0382618561309727_37.5432843303280137,288.0,24.0,서행,127.0382618561309727_37.5432843303280137|127.0401723923043704_37.5427447280211126|127.0413473196034317_37.5424602796447218
2026-09-04T23:16:36.811991+09:00,서울숲공원,서울숲공원,POI101,KEY_1,1030027200,뚝섬로,1030011501,무지개터널(서측),127.0383065031408876_37.5433864362319696,1030011001,무지개터널(동측),127.0413856137363098_37.5425640055429071,287.0,33.0,원활,127.0413856137363098_37.5425640055429071|127.0402148599190326_37.5428474536407961|127.0383065031408876_37.5433864362319696
2026-09-04T23:16:36.811991+09:00,서울숲공원,서울숲공원,POI101,KEY_1,1030027700,뚝섬로,1030011502,무지개터널(서측),127.0382618561309727_37.5432843303280137,1030012100,성수대교,127.0367153495430301_37.5437064666827922,144.0,24.0,서행,127.0367153495430301_37.5437064666827922|127.0367423091030759_37.5436977285142177|127.0382618561309727_37.5432843303280137
2026-09-04T23:16:36.811991+09:00,서울숲공원,서울숲공원,POI101,KEY_1,1030027800,뚝섬로,1030012200,성수대교,127.0367665461850777_37.5438066076472126,1030011501,무지개터널(서측),127.0383065031408876_37.5433864362319696,144.0,33.0,원활,127.0383065031408876_37.5433864362319696|127.0367898966813982_37.5437990382867781|127.0367665461850777_37.5438066076472126
2026-09-04T23:16:36.811991+09:00,서울숲공원,서울숲공원,POI101,KEY_1,1030027900,뚝섬로,1030012100,성수대교,127.0367153495430301_37.5437064666827922,1030011800,성수대교,127.0361349219139697_37.5434475561346019,73.0,23.5,서행,127.0361349219139697_37.5434475561346019|127.0362399483803699_37.5436656315811135|127.0363100343637797_37.5437256841859224|127.0363675331386162_37.5437557040092429|127.0364268175616616_37.5437671284283141|127.0364914867285364_37.5437685392485392|127.0367153495430301_37.5437064666827922
2026-09-04T23:16:36.811991+09:00,서울숲공원,서울숲공원,POI101,KEY_1,1030028100,뚝섬로,1030012100,성수대교,127.0367153495430301_37.5437064666827922,1030012302,성수대교북단교차로,127.0362119535135861_37.5438696362694699,48.0,24.0,서행,127.0362119535135861_37.5438696362694699|127.0367153495430301_37.5437064666827922
2026-09-04T23:16:36.811991+09:00,서울숲공원,서울숲공원,POI101,KEY_1,1030028200,뚝섬로,1030012301,성수대교북단교차로,127.0362371882276165_37.5439781927615286,1030012200,성수대교,127.0367665461850777_37.5438066076472126,51.0,33.0,원활,127.0367665461850777_37.5438066076472126|127.0362371882276165_37.5439781927615286
2026-09-04T23:16:36.811991+09:00,서울숲공원,서울숲공원,POI101,KEY_1,1030028600,강변북로,1030011700,성수JC,127.0277034763174839_37.5435314558420359,1030036600,성수JC,127.0323619427774275_37.5449326440640903,484.0,58.0,원활,127.0323619427774275_37.5449326440640903|127.0311949792518220_37.5441285919077359|127.0304674227492541_37.5436105774788729|127.0301690887583277_37.5434233741345693|127.0299481177394938_37.5433175620449404|127.0297448471371666_37.5432547470848448|127.0295174374858931_37.5432204535432916|127.0292298587921209_37.5432288467092619|127.0289780092224845_37.5432707692171306|127.0286119287075337_37.5433790108575920|127.0282280286061933_37.5434633313840465|127.0279282574757644_37.5435050603725173|127.0277034763174839_37.5435314558420359
2026-09-04T23:16:36.811991+09:00,서울숲공원,서울숲공원,POI101,KEY_1,1030028700,뚝섬로,1030012303,성수대교북단교차로,127.0360826391629558_37.5439129163279333,1030012400,뚝섬역앞,127.0351598907825377_37.5442382170389379,89.0,13.0,정체,127.0351598907825377_37.5442382170389379|127.0360826391629558_37.5439129163279333
2026-09-04T23:16:36.811991+09:00,서울숲공원,서울숲공원,POI101,KEY_1,1030028800,뚝섬로,1030012700,성수대교,127.0355058723116031_37.5442361646540377,1030012304,성수대교북단교차로,127.0361107182000069_37.5440214432186963,59.0,35.0,원활,127.0361107182000069_37.5440214432186963|127.0355058723116031_37.5442361646540377
2026-09-04T23:16:36.811991+09:00,서울숲공원,서울숲공원,POI101,KEY_1,1030028900,고산자로,1030012800,성수대교,127.0364370496948396_37.5446681209833670,1030012200,성수대교,127.0367665461850777_37.5438066076472126,108.0,29.0,원활,127.0367665461850777_37.5438066076472126|127.0365185217943775_37.5439516139629532|127.0364718466361467_37.5440131333070539|127.0364485303973794_37.5440889478878148|127.0364701751367278_37.5442705943811035|127.0364702301823172_37.5443835913891988|127.0364370496948396_37.5446681209833670
2026-09-04T23:16:36.811991+09:00,서울숲공원,서울숲공원,POI101,KEY_1,1030029100,뚝섬로,1030012700,성수대교,127.0355058723116031_37.5442361646540377,1030012900,성수대교,127.0363032638533412_37.5446862650665025,96.0,36.0,원활,127.0363032638533412_37.5446862650665025|127.0360858026865287_37.5443708360154389|127.0360067334721066_37.5443122168106527|127.0359348598702240_37.5442721892855644|127.0358665879682007_37.5442507545453665|127.0357731684678839_37.5442321889604642|127.0355058723116031_37.5442361646540377
2026-09-04T23:16:36.811991+09:00,서울숲공원,서울숲공원,POI101,KEY_1,1030029200,뚝섬로,1030012400,뚝섬역앞,127.0351598907825377_37.5442382170389379,1030013402,서울숲입구,127.0335712621943571_37.5448039853446431,154.0,4.0,정체,127.0335712621943571_37.5448039853446431|127.0351598907825377_37.5442382170389379
2026-09-04T23:16:36.811991+09:00,서울숲공원,서울숲공원,POI101,KEY_1,1030029300,뚝섬로,1030013200,뚝섬역앞,127.0340021665685128_37.5447699627491218,1030012700,성수대교,127.0355058723116031_37.5442361646540377,145.0,38.0,원활,127.0355058723116031_37.5442361646540377|127.0340021665685128_37.5447699627491218
2026-09-04T23:16:36.811991+09:00,서울숲공원,서울숲공원,POI101,KEY_1,1030029400,왕십리로,1030088000,성수동1가 685-703,127.0428329815148061_37.5438084633640159,1030010901,서울숲관리사무소,127.0422149021619873_37.5423764621375895,168.0,14.0,정체,127.0422149021619873_37.5423764621375895|127.0424002084268693_37.5428057963129760|127.0428329815148061_37.5438084633640159
2026-09-04T23:16:36.811991+09:00,서울숲공원,서울숲공원,POI101,KEY_1,1030029500,왕십리로,1030048000,성수동1가 685-703,127.0422717949817439_37.5428409373270853,1030014104,서울숲역4번출구,127.0448202932931565_37.5451684659811562,437.0,17.5,서행,127.0448202932931565_37.5451684659811562|127.0437337797184085_37.5454718229148128|127.0436132250108585_37.5454905344017718|127.0435214686951042_37.5454872471729715|127.0434239332012396_37.5454387588731251|127.0433527486151348_37.5453642534812673|127.0430275322895142_37.5445972039875997|127.0428995455311991_37.5442953320865698|127.0428019950379763_37.5440693275960413|127.0427045667538124_37.5438436047861117|127.0422717949817439_37.5428409373270853
2026-09-04T23:16:36.811991+09:00,서울숲공원,서울숲공원,POI101,KEY_1,1030029600,동부간선도로,1030014600,강변북로분기점,127.0320336805205699_37.5453310445884938,1030014900,성수동1가685-31,127.0343613336856379_37.5465066021287299,571.0,13.0,정체,127.0343613336856379_37.5465066021287299|127.0318255585729048_37.5446617188198246|127.0316912107762022_37.5445926221796640|127.0315418498018971_37.5445294282392652|127.0314110770727751_37.5444871746965418|127.0312875694041850_37.5444807220927714|127.0311226926525450_37.5445039159389822|127.0310025737252744_37.5445541169787873|127.0309085864134317_37.5446163457062099|127.0308294244458125_37.5447024812067696|127.0307689064878502_37.5448006149083895|127.0307534830975413_37.5448720987995159|127.0307565913073802_37.5449734667094219|127.0308009193484367_37.5450690358540484|127.0308528286035710_37.5451497302063615|127.0309309633900057_37.5452275470847212|127.0310353800474701_37.5452935449066558|127.0311324779692654_37.5453326839784367|127.0312708319260508_37.5453600630229474|127.0313980663339208_37.5453695113752985|127.0315478211685019_37.5453701048633306|127.0318025327893849_37.5453502478940848|127.0320336805205699_37.5453310445884938
2026-09-04T23:16:36.811991+09:00,서울숲공원,서울숲공원,POI101,KEY_1,1030029700,뚝섬로,1030013401,서울숲입구,127.0336259699339791_37.5449020311093804,1030013200,뚝섬역앞,127.0340021665685128_37.5447699627491218,36.0,41.0,원활,127.0340021665685128_37.5447699627491218|127.0336259699339791_37.5449020311093804
2026-09-04T23:16:36.811991+09:00,서울숲공원,서울숲공원,POI101,KEY_1,1030032500,광나루로,1030016401,응봉교교차로,127.0369747496989561_37.5477727654258828,1030015200,응봉지하차도,127.0366128449075376_37.5457210264910088,230.0,27.0,원활,127.0366128449075376_37.5457210264910088|127.0368276497498954_37.5470051724699232|127.0369026875021632_37.5473835928909807|127.0369664318891694_37.5476279220281128|127.0369747496989561_37.5477727654258828
2026-09-04T23:16:36.811991+09:00,서울숲공원,서울숲공원,POI101,KEY_1,1030032800,광나루로,1030015000,성수동1가685-366,127.0347281610465444_37.5457320230783580,1030003300,성수동1가685-682,127.0377144991523579_37.5489181795884193,444.0,50.0,원활,127.0377144991523579_37.5489181795884193|127.0376349663708169_37.5488792088440420|127.0375691685638202_37.5488429997423339|127.0374972819558081_37.5487896231078722|127.0369269252125122_37.5482272030721305|127.0362439495232394_37.5475618306844936|127.0361888294393822_37.5475027267513752|127.0361337032097850_37.5474283661806965|127.0355128987986006_37.5465131378379624|127.0354457826970389_37.5464082664061678|127.0353714847591817_37.5463110258443677|127.0352780284328986_37.5462195114021711|127.0349928768071521_37.5459602283603573|127.0348844288978540_37.5458661456903613|127.0347281610465444_37.5457320230783580
2026-09-04T23:16:36.811991+09:00,서울숲공원,서울숲공원,POI101,KEY_1,1030032900,동부간선도로,1030018800,뚝섬유수지체육공원,127.0382875770396396_37.5497896869035088,1030015200,응봉지하차도,127.0366128449075376_37.5457210264910088,483.0,56.3,원활,127.0366128449075376_37.5457210264910088|127.0367395874531695_37.5458139377940583|127.0369539997381594_37.5469993756130123|127.0370342949750864_37.5474726199264097|127.0370915689507143_37.5476591825833665|127.0372061177639154_37.5480049958211382|127.0373900159957685_37.5484437763583472|127.0374702337432922_37.5485840562428734|127.0378471820537527_37.5491260326457947|127.0382687480772859_37.5497553055001063|127.0382875770396396_37.5497896869035088
2026-09-04T23:16:36.811991+09:00,서울숲공원,서울숲공원,POI101,KEY_1,1030066501,강변북로,1030006801,수도박물관,127.0427151925593137_37.5381098869044223,1030042503,뚝도아리수정수센터,127.0437293162950709_37.5396718467509345,242.0,38.0,서행,127.0437293162950709_37.5396718467509345|127.0437158216782620_37.5394558739311748|127.0436997075802168_37.5391979763109163|127.0436816706408365_37.5389072203456848|127.0436712786202520_37.5387550768041294|127.0436602539318045_37.5384744878092533|127.0436159951614457_37.5383075668496176|127.0435936726297541_37.5382556522524453|127.0435557805520119_37.5382048047723771|127.0434880665350477_37.5381718693380719|127.0434174680179638_37.5381479359175430|127.0433467795864289_37.5381386491473776|127.0432448681980304_37.5381450151367630|127.0431330250412572_37.5381558491223046|127.0430240334894876_37.5381633140242101|127.0429108368762172_37.5381640030298840|127.0428358836345950_37.5381580791353997|127.0427751550125492_37.5381398171506078|127.0427151925593137_37.5381098869044223
2026-09-04T23:16:36.811991+09:00,서울숲공원,서울숲공원,POI101,KEY_1,1030066601,왕십리로,1030042502,뚝도아리수정수센터,127.0438509781158700_37.5396651007243065,1030042402,수도박물관,127.0437442315341769_37.5380444160904290,181.0,4.0,정체,127.0437442315341769_37.5380444160904290|127.0437837378023858_37.5381786455282338|127.0438033070933841_37.5384502537906712|127.0438255679363238_37.5387444058637882|127.0438406795499446_37.5390509240955197|127.0438714536466875_37.5394497548960047|127.0438734643708329_37.5394758136334019|127.0438509781158700_37.5396651007243065
2026-09-04T23:16:36.811991+09:00,서울숲공원,서울숲공원,POI101,KEY_1,1030066701,왕십리로,1030042402,수도박물관,127.0437442315341769_37.5380444160904290,1030042503,뚝도아리수정수센터,127.0437293162950709_37.5396718467509345,197.0,19.0,서행,127.0437293162950709_37.5396718467509345|127.0436584084536804_37.5394738561754551|127.0436074642709343_37.5387784903495216|127.0435799846575833_37.5384122096925594|127.0435110066697462_37.5381223833616389|127.0435196323790024_37.5380998831084298|127.0435650529448282_37.5380763980079877|127.0436769846834864_37.5380509169205467|127.0437279737801077_37.5380420997835174|127.0437442315341769_37.5380444160904290
2026-09-04T23:16:36.811991+09:00,서울숲공원,서울숲공원,POI101,KEY_1,1030066801,강변북로,1030042502,뚝도아리수정수센터,127.0438509781158700_37.5396651007243065,1030006601,성수동1가 496,127.0448610462769921_37.5375861963207313,287.0,36.5,서행,127.0448610462769921_37.5375861963207313|127.0443789849651353_37.5377832211987013|127.0439250586849766_37.5379741335692074|127.0438682035410096_37.5380167278659016|127.0438284220830241_37.5380436149692827|127.0437843076973081_37.5380851323055182|127.0437628038830411_37.5381312435571814|127.0437512306277341_37.5381728857687804|127.0437465393209919_37.5382461027841430|127.0437606481121833_37.5384850157771268|127.0438097661079979_37.5392479761743303|127.0438509781158700_37.5396651007243065
2026-09-04T23:16:36.811991+09:00,서울숲공원,서울숲공원,POI101,KEY_1,1030066901,왕십리로,1030042503,뚝도아리수정수센터,127.0437293162950709_37.5396718467509345,1030008603,뚝도아리수정수센터,127.0437630549361216_37.5401290126004596,51.0,15.0,서행,127.0437630549361216_37.5401290126004596|127.0437293162950709_37.5396718467509345
2026-09-04T23:16:36.811991+09:00,서울숲공원,서울숲공원,POI101,KEY_1,1030067001,왕십리로,1030008602,뚝도아리수정수센터,127.0438952129735242_37.5400817035135219,1030042502,뚝도아리수정수센터,127.0438509781158700_37.5396651007243065,46.0,38.0,원활,127.0438509781158700_37.5396651007243065|127.0438952129735242_37.5400817035135219
2026-09-04T23:16:36.811991+09:00,송현녹지광장,송현녹지광장,POI129,KEY_2,1000009102,우정국로,1000017300,안국동사거리,126.9828039229332575_37.5749851341707171,1000017904,안국동로터리,126.9829082928001753_37.5755454257557844,63.0,11.0,정체,126.9829082928001753_37.5755454257557844|126.9828499577781997_37.5754008805051001|126.9828163493672974_37.5752357359225755|126.9827996996409070_37.5750526973415191|126.9828039229332575_37.5749851341707171
2026-09-04T23:16:36.811991+09:00,송현녹지광장,송현녹지광장,POI129,KEY_2,1000010303,삼일대로,1000017003,속성변화점,126.9867672620100478_37.5750673701046694,1000021203,안국역사거리,126.9861392416785293_37.5767777393512361,198.0,21.0,서행,126.9861392416785293_37.5767777393512361|126.9867306429910911_37.5751700115634506|126.9867672620100478_37.5750673701046694
2026-09-04T23:16:36.811991+09:00,송현녹지광장,송현녹지광장,POI129,KEY_2,1000010403,삼일대로,1000021202,안국역사거리,126.9862597945630966_37.5768348176280966,1000017001,덕성여자대학교(종로캠퍼스),126.9868610139755560_37.5752003900895701,189.0,11.0,정체,126.9868610139755560_37.5752003900895701|126.9862597945630966_37.5768348176280966
2026-09-04T23:16:36.811991+09:00,송현녹지광장,송현녹지광장,POI129,KEY_2,1000011202,종로1길,1000019702,경복궁사거리,126.9794701198467664_37.5758080047390521,1000018200,경복궁,126.9792457576218681_37.5753789068622197,52.0,6.0,정체,126.9792457576218681_37.5753789068622197|126.9793010192322811_37.5754682222458030|126.9794701198467664_37.5758080047390521
2026-09-04T23:16:36.811991+09:00,송현녹지광장,송현녹지광장,POI129,KEY_2,1000011501,율곡로,1000019401,경복궁,126.9801381644492011_37.5758813627365100,1000019702,경복궁사거리,126.9794701198467664_37.5758080047390521,60.0,19.0,서행,126.9794701198467664_37.5758080047390521|126.9797343426333214_37.5758559422202438|126.9799729505737531_37.5758791430045278|126.9801381644492011_37.5758813627365100
2026-09-04T23:16:36.811991+09:00,송현녹지광장,송현녹지광장,POI129,KEY_2,1000011502,율곡로,1000019203,주한멕시코대사관,126.9811804454430160_37.5757381628755169,1000019401,경복궁,126.9801381644492011_37.5758813627365100,94.0,19.0,서행,126.9801381644492011_37.5758813627365100|126.9801458468412108_37.5758814661415386|126.9803274747907409_37.5758700232846223|126.9811804454430160_37.5757381628755169
2026-09-04T23:16:36.811991+09:00,송현녹지광장,송현녹지광장,POI129,KEY_2,1000011503,율곡로,1000018100,안국동사거리,126.9820370732549009_37.5756052331219763,1000019202,주한멕시코대사관,126.9813332527749594_37.5757145141333595,63.0,19.0,서행,126.9813332527749594_37.5757145141333595|126.9820370732549009_37.5756052331219763
2026-09-04T23:16:36.811991+09:00,송현녹지광장,송현녹지광장,POI129,KEY_2,1000011504,율곡로,1000017904,안국동로터리,126.9829082928001753_37.5755454257557844,1000018100,안국동사거리,126.9820370732549009_37.5756052331219763,78.0,14.0,정체,126.9820370732549009_37.5756052331219763|126.9821849025842226_37.5755822792614822|126.9823949596761850_37.5755556593554090|126.9825949987016998_37.5755409919947070|126.9827732334880466_37.5755410181384661|126.9829082928001753_37.5755454257557844
2026-09-04T23:16:36.811991+09:00,송현녹지광장,송현녹지광장,POI129,KEY_2,1000011601,율곡로,1000019701,경복궁사거리,126.9795067975766756_37.5759255521593971,1000020300,경복궁,126.9801205068413168_37.5759892604625989,55.0,7.0,정체,126.9801205068413168_37.5759892604625989|126.9799635415281358_37.5759871517272330|126.9797109494754608_37.5759625907229378|126.9795067975766756_37.5759255521593971
2026-09-04T23:16:36.811991+09:00,송현녹지광장,송현녹지광장,POI129,KEY_2,1000011603,율곡로,1000020300,경복궁,126.9801205068413168_37.5759892604625989,1000017905,안국동로터리,126.9829348569925571_37.5756562270635044,252.0,17.0,서행,126.9829348569925571_37.5756562270635044|126.9829125468357773_37.5756537744281829|126.9827704373494015_37.5756491370767236|126.9826012303179823_37.5756491122595975|126.9824118889619911_37.5756629946566250|126.9822085957164859_37.5756887578650449|126.9820630846885052_37.5757113517092307|126.9813592631155075_37.5758206328940290|126.9812063475179400_37.5758442987123971|126.9803458434132892_37.5759773239770425|126.9801500700749699_37.5759896573698668|126.9801205068413168_37.5759892604625989
2026-09-04T23:16:36.811991+09:00,송현녹지광장,송현녹지광장,POI129,KEY_2,1000012702,율곡로,1000204600,안국역,126.9857294779033765_37.5767141333904462,1000021204,안국역사거리,126.9860941353497878_37.5768818686938246,37.0,18.3,서행,126.9860941353497878_37.5768818686938246|126.9857294779033765_37.5767141333904462
2026-09-04T23:16:36.811991+09:00,송현녹지광장,송현녹지광장,POI129,KEY_2,1000012800,율곡로,1000099700,관훈동 113,126.9843012547585914_37.5759322813818102,1000017902,안국동로터리,126.9831650747284471_37.5755740090362238,108.0,18.0,서행,126.9831650747284471_37.5755740090362238|126.9832157778299404_37.5755801309922148|126.9834207454955077_37.5756172367829961|126.9836820397707413_37.5756980185194678|126.9842468281761967_37.5759072448986657|126.9843012547585914_37.5759322813818102
2026-09-04T23:16:36.811991+09:00,송현녹지광장,송현녹지광장,POI129,KEY_2,1000013501,율곡로,1000054300,계동 149-3,126.9868657861829462_37.5772407179262302,1000021504,우즈베키스탄대사관,126.9891939676239474_37.5774507625066221,209.0,28.0,원활,126.9891939676239474_37.5774507625066221|126.9886716347625111_37.5774406495643092|126.9876528972208263_37.5774209190205184|126.9874748196535421_37.5774084674404421|126.9872839495136390_37.5773710909105532|126.9870718117635420_37.5773123392589739|126.9868657861829462_37.5772407179262302
2026-09-04T23:16:36.811991+09:00,송현녹지광장,송현녹지광장,POI129,KEY_2,1000013502,율곡로,1000021501,우즈베키스탄대사관,126.9893297531960883_37.5774544023044541,1000021404,창덕궁앞교차로,126.9900388640569702_37.5774865487865739,63.0,35.3,원활,126.9900388640569702_37.5774865487865739|126.9897463242174780_37.5774687657961053|126.9893297531960883_37.5774544023044541
2026-09-04T23:16:36.811991+09:00,송현녹지광장,송현녹지광장,POI129,KEY_2,1000013601,율곡로,1000115800,운니동 99,126.9886749388672058_37.5773325621108185,1000021202,안국역사거리,126.9862597945630966_37.5768348176280966,226.0,22.0,서행,126.9862597945630966_37.5768348176280966|126.9866987114048271_37.5770526790006230|126.9869129296675823_37.5771391236163410|126.9869201616997287_37.5771416376904028|126.9871213965557644_37.5772115927930628|126.9873225852521443_37.5772673122363585|126.9874971233893604_37.5773014911490293|126.9876605021504048_37.5773129149276315|126.9886749388672058_37.5773325621108185
2026-09-04T23:16:36.811991+09:00,송현녹지광장,송현녹지광장,POI129,KEY_2,1000013802,율곡로3길,1000187200,안국동 177-3,126.9825779024490799_37.5773003698629964,1000017901,안국동로터리,126.9830699625115358_37.5756718813989750,188.0,15.5,서행,126.9830699625115358_37.5756718813989750|126.9830564549576764_37.5759140717657090|126.9830330914684993_37.5760255151221827|126.9826494722971120_37.5768341676311906|126.9826150056688476_37.5769949197743074|126.9825779024490799_37.5773003698629964
2026-09-04T23:16:36.811991+09:00,송현녹지광장,송현녹지광장,POI129,KEY_2,1000013900,북촌로,1000116500,재동 63-1,126.9851879175372176_37.5787742277141632,1000021903,재동초등학교앞교차로,126.9849709248422442_37.5791896537058818,50.0,11.0,정체,126.9849709248422442_37.5791896537058818|126.9851123444681207_37.5789593789195138|126.9851879175372176_37.5787742277141632
2026-09-04T23:16:36.811991+09:00,송현녹지광장,송현녹지광장,POI129,KEY_2,1000014000,북촌로,1000021902,재동초등학교앞교차로,126.9851742297151702_37.5791048269106014,1000021201,안국역사거리,126.9862116059343862_37.5769383209828334,258.0,19.0,서행,126.9862116059343862_37.5769383209828334|126.9861227104490524_37.5771049965042820|126.9858974625520034_37.5775403033717339|126.9855988771401059_37.5781173314432593|126.9855520543728602_37.5782320480744829|126.9853545228100558_37.5787159998899227|126.9853171216767009_37.5788076318220590|126.9852385949747031_37.5790000196943907|126.9851742297151702_37.5791048269106014
2026-09-04T23:16:36.811991+09:00,송현녹지광장,송현녹지광장,POI129,KEY_2,1000014100,창덕궁길,1000022002,북촌1경,126.9893063929122548_37.5792409569275208,1000021501,우즈베키스탄대사관,126.9893297531960883_37.5774544023044541,199.0,9.0,정체,126.9893297531960883_37.5774544023044541|126.9892548365952365_37.5786955788249983|126.9892562414735409_37.5787264244637242|126.9892665857058205_37.5789535426034647|126.9893063929122548_37.5792409569275208
2026-09-04T23:16:36.811991+09:00,송현녹지광장,송현녹지광장,POI129,KEY_2,1000014200,창덕궁길,1000128100,원서동 181,126.9891204798979061_37.5787303411058602,1000022003,북촌1경,126.9891713596778544_37.5792528029310802,58.0,23.0,서행,126.9891713596778544_37.5792528029310802|126.9891310055471081_37.5789614346187477|126.9891204798979061_37.5787303411058602
2026-09-04T23:16:36.811991+09:00,송현녹지광장,송현녹지광장,POI129,KEY_2,1000014301,삼청로,1000019704,경복궁사거리,126.9793621536958312_37.5759001150550986,1000020600,대한출판문화협회,126.9794687888132074_37.5765544121067592,73.0,11.5,정체,126.9794687888132074_37.5765544121067592|126.9794674172659654_37.5764824989996455|126.9794172673057773_37.5761249117022231|126.9793621536958312_37.5759001150550986
2026-09-04T23:16:36.811991+09:00,송현녹지광장,송현녹지광장,POI129,KEY_2,1000014302,삼청로,1000020600,대한출판문화협회,126.9794687888132074_37.5765544121067592,1000022703,국군서울지구병원,126.9798562503477797_37.5800221917764006,388.0,23.0,서행,126.9798562503477797_37.5800221917764006|126.9796182985417516_37.5793264763807215|126.9795665449151443_37.5791397220131316|126.9795478931843604_37.5790381290051698|126.9795326834604623_37.5788730174103378|126.9794969047037227_37.5780275498626395|126.9794687888132074_37.5765544121067592
2026-09-04T23:16:36.811991+09:00,송현녹지광장,송현녹지광장,POI129,KEY_2,1000014303,삼청로,1000022704,국군서울지구병원,126.9798888896173850_37.5801238754593712,1000023003,갤러리스케이프,126.9801383570053588_37.5809954150793715,99.0,24.0,서행,126.9801383570053588_37.5809954150793715|126.9801143803817212_37.5808712068437671|126.9798888896173850_37.5801238754593712
2026-09-04T23:16:36.811991+09:00,송현녹지광장,송현녹지광장,POI129,KEY_2,1000014401,삼청로,1000021000,대한출판문화협회,126.9796046197648423_37.5765527706146756,1000019701,경복궁사거리,126.9795067975766756_37.5759255521593971,70.0,29.0,원활,126.9795067975766756_37.5759255521593971|126.9795516592807161_37.5761085342554608|126.9796031487506696_37.5764756650611034|126.9796046197648423_37.5765527706146756
2026-09-04T23:16:36.811991+09:00,송현녹지광장,송현녹지광장,POI129,KEY_2,1000014402,삼청로,1000022702,국군서울지구병원,126.9799873332334244_37.5799937943622950,1000021000,대한출판문화협회,126.9796046197648423_37.5765527706146756,385.0,32.0,원활,126.9796046197648423_37.5765527706146756|126.9796327193578946_37.5780249082326065|126.9796683669145381_37.5788672429607900|126.9796830227134734_37.5790263448128528|126.9797002616005130_37.5791202376619609|126.9797502489418548_37.5793006189381842|126.9799873332334244_37.5799937943622950
2026-09-04T23:16:36.811991+09:00,송현녹지광장,송현녹지광장,POI129,KEY_2,1000014403,삼청로,1000023002,갤러리스케이프,126.9802726364854522_37.5809789975197504,1000022701,국군서울지구병원,126.9800209872343402_37.5800986304131186,100.0,24.0,서행,126.9800209872343402_37.5800986304131186|126.9802478003755937_37.5808503388031028|126.9802726364854522_37.5809789975197504
2026-09-04T23:16:36.811991+09:00,송현녹지광장,송현녹지광장,POI129,KEY_2,1000014500,창덕궁1길,1000088900,계동 140-16,126.9878476682862356_37.5794101883603631,1000022004,북촌1경,126.9891917052853216_37.5793601104971486,119.0,18.0,서행,126.9891917052853216_37.5793601104971486|126.9885772532278594_37.5793912379346011|126.9881446134938585_37.5794131530335278|126.9878476682862356_37.5794101883603631
2026-09-04T23:16:36.811991+09:00,송현녹지광장,송현녹지광장,POI129,KEY_2,1000014600,창덕궁1길,1000234800,계동 140-86,126.9867245271659613_37.5792908407173911,1000021902,재동초등학교앞교차로,126.9851742297151702_37.5791048269106014,140.0,20.0,서행,126.9851742297151702_37.5791048269106014|126.9852469017435794_37.5790943935501645|126.9854890351706871_37.5791147085421500|126.9857411784709598_37.5791656111606329|126.9863425963181811_37.5792870227705578|126.9867245271659613_37.5792908407173911
2026-09-04T23:16:36.811991+09:00,송현녹지광장,송현녹지광장,POI129,KEY_2,1000014700,북촌로5길,1000088600,재동 25-7,126.9846956415277077_37.5792531158054075,1000004602,아트선재센타,126.9822633488435173_37.5794968175353787,217.0,17.0,서행,126.9822633488435173_37.5794968175353787|126.9823491181884378_37.5794770462139454|126.9831043086073379_37.5794265902338225|126.9836111998907597_37.5794024285617070|126.9843075237738219_37.5793274055110444|126.9845584348345966_37.5792764558543553|126.9846956415277077_37.5792531158054075
2026-09-04T23:16:36.811991+09:00,송현녹지광장,송현녹지광장,POI129,KEY_2,1000014800,북촌로5길,1000004601,아트선재센타,126.9823007060969786_37.5796007692993683,1000021904,재동초등학교앞교차로,126.9849412214244495_37.5793218207986328,236.0,24.0,서행,126.9849412214244495_37.5793218207986328|126.9849408583969392_37.5793219631089599|126.9847240373197081_37.5793588468995097|126.9845894370426578_37.5793817437555475|126.9843335147772478_37.5794337109354046|126.9836243912640441_37.5795101126857958|126.9831140519790864_37.5795344388027459|126.9823739414034378_37.5795838870825634|126.9823007060969786_37.5796007692993683
2026-09-04T23:16:36.811991+09:00,송현녹지광장,송현녹지광장,POI129,KEY_2,1000015700,북촌로5길,1000042100,소격동 129-2,126.9811402027582403_37.5799080374455983,1000004604,아트선재센타,126.9821635225137584_37.5796494081435881,95.0,24.0,서행,126.9821635225137584_37.5796494081435881|126.9819590979485184_37.5797316730103290|126.9817617178907625_37.5797894351325041|126.9816972383664222_37.5798027094324709|126.9814029918968004_37.5798632849907435|126.9811402027582403_37.5799080374455983
2026-09-04T23:16:36.811991+09:00,송현녹지광장,송현녹지광장,POI129,KEY_2,1000015800,북촌로5길,1000110800,소격동 101-1,126.9816632165415768_37.5796980355060555,1000022702,국군서울지구병원,126.9799873332334244_37.5799937943622950,152.0,24.5,서행,126.9799873332334244_37.5799937943622950|126.9811117769615265_37.5798023119298961|126.9813717539606586_37.5797580385712706|126.9816632165415768_37.5796980355060555
2026-09-04T23:16:36.811991+09:00,송현녹지광장,송현녹지광장,POI129,KEY_2,1000018401,북촌로,1000109700,가회동 1-168,126.9850883294862882_37.5801433623240229,1000021901,재동초등학교앞교차로,126.9850860098677572_37.5792604403861148,98.0,23.7,서행,126.9850860098677572_37.5792604403861148|126.9850636853442580_37.5794280545368409|126.9850708428209742_37.5796350854461281|126.9850879859902477_37.5801309490906519|126.9850883294862882_37.5801433623240229
2026-09-04T23:16:36.811991+09:00,송현녹지광장,송현녹지광장,POI129,KEY_2,1000031700,인사동길,1000200000,관훈동 177-1,126.9846248795644641_37.5741354335962896,1000017903,안국동로터리,126.9830393503038977_37.5755166265144283,209.0,9.0,정체,126.9830393503038977_37.5755166265144283|126.9832578502403493_37.5753718765763765|126.9833833057397072_37.5752802649537472|126.9833874257963799_37.5752759258947009|126.9838138538233210_37.5748268274858290|126.9839983126868219_37.5746325599944413|126.9840028137515446_37.5746278195686330|126.9841931260739045_37.5744516475788828|126.9843256891268339_37.5743491032214507|126.9843944674535408_37.5742999847176264|126.9846248795644641_37.5741354335962896
2026-09-04T23:16:36.811991+09:00,송현녹지광장,송현녹지광장,POI129,KEY_2,1000032800,율곡로2길,1000003001,서울지방국세청,126.9793545831470993_37.5744165416395930,1000019203,주한멕시코대사관,126.9811804454430160_37.5757381628755169,219.0,18.0,서행,126.9811804454430160_37.5757381628755169|126.9810303591040253_37.5755969856150003|126.9807533749140589_37.5754004466844975|126.9799767752529789_37.5748493879335896|126.9794405580789487_37.5744488693975143|126.9793869466254961_37.5744244737253723|126.9793545831470993_37.5744165416395930
2026-09-04T23:16:36.811991+09:00,송현녹지광장,송현녹지광장,POI129,KEY_2,1000033900,우정국로,1000017300,안국동사거리,126.9828039229332575_37.5749851341707171,1000018100,안국동사거리,126.9820370732549009_37.5756052331219763,102.0,25.0,원활,126.9820370732549009_37.5756052331219763|126.9822935365986751_37.5755095925525495|126.9827428871539610_37.5751967734075052|126.9827905797247212_37.5750539177611387|126.9828039229332575_37.5749851341707171
2026-09-04T23:16:36.811991+09:00,송현녹지광장,송현녹지광장,POI129,KEY_2,1000034900,율곡로,1000019401,경복궁,126.9801381644492011_37.5758813627365100,1000018200,경복궁,126.9792457576218681_37.5753789068622197,101.0,29.0,원활,126.9792457576218681_37.5753789068622197|126.9793355830232144_37.5754952608411301|126.9794316395642397_37.5755988334256017|126.9795071017629624_37.5756589212616419|126.9796274882100420_37.5757347490756146|126.9797877149027556_37.5758145479697703|126.9801381644492011_37.5758813627365100
2026-09-04T23:16:36.811991+09:00,송현녹지광장,송현녹지광장,POI129,KEY_2,1000035200,사직로,1000020200,경복궁,126.9786283706113750_37.5757946408291801,1000020600,대한출판문화협회,126.9794687888132074_37.5765544121067592,118.0,27.0,원활,126.9794687888132074_37.5765544121067592|126.9794368084534142_37.5764098329770562|126.9791960602808700_37.5761637733622180|126.9789750836954596_37.5759177176703147|126.9788694300669647_37.5758537146814078|126.9786283706113750_37.5757946408291801
2026-09-04T23:16:36.811991+09:00,송현녹지광장,송현녹지광장,POI129,KEY_2,1000035300,삼청로,1000021000,대한출판문화협회,126.9796046197648423_37.5765527706146756,1000020300,경복궁,126.9801205068413168_37.5759892604625989,93.0,8.0,정체,126.9801205068413168_37.5759892604625989|126.9797298312382878_37.5760780464987292|126.9796597331679635_37.5761137931100748|126.9796040049640879_37.5761795786155588|126.9796046197648423_37.5765527706146756
2026-09-04T23:16:36.811991+09:00,송현녹지광장,송현녹지광장,POI129,KEY_2,1000038000,북촌로5가길,1000023401,브라질대사관,126.9812038502894040_37.5815562759534103,1000004601,아트선재센타,126.9823007060969786_37.5796007692993683,250.0,5.0,정체,126.9823007060969786_37.5796007692993683|126.9822972536010894_37.5796292911074730|126.9823917024047972_37.5799273089699213|126.9823779765214056_37.5799764228013515|126.9821552192083942_37.5802224687814075|126.9819546456237020_37.5805311963954978|126.9817179917203873_37.5808954559517758|126.9816141551167590_37.5811617086964844|126.9815165107633987_37.5813307541008967|126.9814068792123862_37.5814306552793056|126.9812038502894040_37.5815562759534103
2026-09-04T23:16:36.811991+09:00,송현녹지광장,송현녹지광장,POI129,KEY_2,1000039200,창덕궁길,1000134400,원서동 2-2,126.9892407733604642_37.5829070876196951,1000022001,북촌1경,126.9893249216224547_37.5793389188440585,401.0,18.0,서행,126.9893249216224547_37.5793389188440585|126.9893432024728526_37.5794117077019152|126.9893374585478654_37.5795962855689609|126.9893189924063250_37.5801896786208189|126.9893532350689895_37.5809623190334960|126.9893738580933729_37.5812665958495344|126.9893978694693288_37.5816208620396139|126.9894570663397531_37.5819414687995632|126.9895023987834435_37.5821303841621628|126.9895105285284274_37.5822120284156327|126.9895040052748669_37.5823078791324363|126.9894734073156428_37.5824257182516135|126.9893881157924085_37.5826046082802492|126.9892904879125695_37.5827681919472880|126.9892407733604642_37.5829070876196951
2026-09-04T23:16:36.811991+09:00,아차산,아차산,POI102,KEY_3,1040013803,워커힐로,1040023301,아차산공원,127.1008930142695732_37.5509054583929469,1040023404,워커힐APT후문,127.1046621654105166_37.5519284766786683,361.0,22.0,서행,127.1046621654105166_37.5519284766786683|127.1045123885116794_37.5519320536423891|127.1039678955502268_37.5519093381437941|127.1033217162343618_37.5518131021411889|127.1033066618318230_37.5518100894500790|127.1027843733849778_37.5517055676046638|127.1020593871072464_37.5515302072632764|127.1016289221158075_37.5513710145273620|127.1012830511546383_37.5511766502113105|127.1008930142695732_37.5509054583929469
2026-09-04T23:16:36.811991+09:00,아차산,아차산,POI102,KEY_3,1040013804,워커힐로,1040023401,워커힐APT후문,127.1049276269984176_37.5519211247376532,1040004502,광장동 5-98,127.1078524178076492_37.5534174306053714,384.0,28.0,원활,127.1078524178076492_37.5534174306053714|127.1076811035192122_37.5530795930431722|127.1072767198500344_37.5527235526060750|127.1071304148010768_37.5524951185490607|127.1070666758819812_37.5521581383454475|127.1069204511945401_37.5519839403942512|127.1067013662202783_37.5517675729472700|127.1066127735316797_37.5517219705812622|127.1063570390410291_37.5516300750843612|127.1061098042711848_37.5515814409139992|127.1058798946651223_37.5515776387596105|127.1057306022039057_37.5516058980850289|127.1050792513768783_37.5518980964882729|127.1049700409938055_37.5519199374068151|127.1049276269984176_37.5519211247376532
2026-09-04T23:16:36.811991+09:00,아차산,아차산,POI102,KEY_3,1040013902,워커힐로,1040037500,광장동 5-116,127.1033397664333791_37.5517052322201295,1040023302,아차산공원,127.1009710046642311_37.5508161397328806,235.0,32.5,원활,127.1009710046642311_37.5508161397328806|127.1013670924174761_37.5510915383037869|127.1016972311609550_37.5512770627219510|127.1021079664083970_37.5514289579738829|127.1028206860444101_37.5516013518060063|127.1033397664333791_37.5517052322201295
2026-09-04T23:16:36.811991+09:00,아차산,아차산,POI102,KEY_3,1040013903,워커힐로,1040004501,광장동 5-98,127.1079420944953142_37.5533362363541343,1040023402,워커힐APT후문,127.1049228550648849_37.5518130720409644,394.0,30.0,원활,127.1049228550648849_37.5518130720409644|127.1049509015872871_37.5518122869850544|127.1050284778533381_37.5517967722012784|127.1056805925240525_37.5515042301097068|127.1058653657010922_37.5514692554390379|127.1061277196661337_37.5514735933910160|127.1064016260464200_37.5515274743309604|127.1066779378455749_37.5516267645540864|127.1067835146799325_37.5516811101132078|127.1070809686040803_37.5519450547321298|127.1071930889892769_37.5520882909308753|127.1072470470903824_37.5523904149471264|127.1073495748650686_37.5526305106411940|127.1075006302712325_37.5527775854154555|127.1077491266862580_37.5530097991801242|127.1079420944953142_37.5533362363541343
2026-09-04T23:16:36.811991+09:00,아차산,아차산,POI102,KEY_3,1040015000,긴고랑로,1040076000,중곡동 438-2,127.0940803110470085_37.5592351580863877,1040004804,관음사,127.0947652352017911_37.5601235011157328,116.0,15.0,서행,127.0947652352017911_37.5601235011157328|127.0945334735480685_37.5598229102943080|127.0940803110470085_37.5592351580863877
2026-09-04T23:16:36.811991+09:00,아차산,아차산,POI102,KEY_3,1040035800,영화사로,1040023304,아차산공원,127.1008060127738588_37.5508156818041030,1040023902,금강유치원,127.0973921911687370_37.5534278259907950,446.0,23.0,서행,127.0973921911687370_37.5534278259907950|127.0976202228682155_37.5533234892310048|127.0977507414220185_37.5532866935278804|127.0979322170566519_37.5532482876912397|127.0983398303619225_37.5531138498259409|127.0993272146760091_37.5527510123888746|127.0994452128869483_37.5526820552185399|127.0995342046890926_37.5526123691506086|127.0995833295077659_37.5525565397521603|127.0996019406459254_37.5525050464495607|127.0996584339095392_37.5521263643794327|127.0996779811088544_37.5520292239200231|127.0997188056076936_37.5519588908967279|127.0997847039527784_37.5518871869768418|127.0998855677940895_37.5518037314638420|127.1001214267548676_37.5516212093827946|127.1002603396649135_37.5514757290182075|127.1006900113672913_37.5509485327873449|127.1008060127738588_37.5508156818041030
2026-09-04T23:16:36.811991+09:00,아차산,아차산,POI102,KEY_3,1040035900,영화사로,1040023901,금강유치원,127.0974780094158234_37.5535132633479805,1040023301,아차산공원,127.1008930142695732_37.5509054583929469,446.0,26.7,원활,127.1008930142695732_37.5509054583929469|127.1008027509701463_37.5510088322909041|127.1003715070149127_37.5515379583983560|127.1002233760503088_37.5516930927998871|127.0999818487328383_37.5518800014346539|127.0998889001829042_37.5519569081877975|127.0998363985145971_37.5520140344068167|127.0998091107366292_37.5520610472150693|127.0997929633906693_37.5521412983215299|127.0997354949309255_37.5525265117099991|127.0997075659435183_37.5526037877441468|127.0996382970092498_37.5526825105262034|127.0995334621833450_37.5527646032513402|127.0993965465031437_37.5528446154590370|127.0983942956821977_37.5532129159948909|127.0979758415217589_37.5533509291907990|127.0977909160551889_37.5533900650563055|127.0976771901570004_37.5534221274872380|127.0974780094158234_37.5535132633479805
2026-09-04T23:16:36.811991+09:00,아차산,아차산,POI102,KEY_3,1040036600,영화사로,1040024201,영화사삼거리,127.0945392348431398_37.5546032858723038,1040023901,금강유치원,127.0974780094158234_37.5535132633479805,379.0,15.0,서행,127.0974780094158234_37.5535132633479805|127.0977822383135560_37.5538544536056946|127.0977886680209963_37.5539275660333800|127.0977520642529015_37.5539780233728280|127.0969567317195583_37.5544790466728244|127.0968770994306567_37.5545292107245459|127.0965242691939068_37.5547022443235079|127.0963272401162385_37.5547666706726488|127.0961289793592641_37.5548125758914679|127.0959124514986911_37.5548481197310480|127.0957455808237313_37.5548603339358635|127.0955488408334588_37.5548515437013606|127.0952229064879049_37.5548132605374718|127.0947469052585745_37.5546546057004775|127.0947279301697534_37.5546498039577088|127.0945472578703885_37.5546040837293731|127.0945392348431398_37.5546032858723038
2026-09-04T23:16:36.811991+09:00,아차산,아차산,POI102,KEY_3,1040038900,긴고랑로,1040032800,중곡동 143-127,127.0958120816944188_37.5610219921190591,1040004802,관음사,127.0950177358912470_37.5601697751550248,123.0,16.0,서행,127.0950177358912470_37.5601697751550248|127.0955765335709913_37.5605344921423665|127.0956459965098020_37.5605940917725789|127.0957037292286032_37.5606835950337938|127.0957857387401617_37.5609121987379737|127.0958120816944188_37.5610219921190591
2026-09-04T23:16:36.811991+09:00,아차산,아차산,POI102,KEY_3,1040047701,워커힐로,1040031002,광장동 383-17,127.0990645876057386_37.5494355369845252,1040023304,아차산공원,127.1008060127738588_37.5508156818041030,259.0,29.5,원활,127.1008060127738588_37.5508156818041030|127.1007925997512018_37.5507935691135231|127.1007710308057597_37.5507250504072232|127.1007604189920812_37.5505920649480416|127.1007643063759076_37.5503937798927510|127.1007650635919077_37.5502518197930542|127.1007541636568021_37.5501729142761178|127.1006899832523089_37.5500014397067403|127.1006423739781184_37.5499066367278402|127.1005891182432919_37.5498095617160885|127.1005187118289257_37.5497439749477522|127.1004397073080270_37.5496986399784447|127.1003068333099293_37.5496711499487006|127.0998769118242109_37.5496201196427037|127.0994979086849526_37.5495737670072103|127.0992971711559250_37.5495347777035136|127.0991778144667279_37.5494938123189002|127.0990645876057386_37.5494355369845252
2026-09-04T23:16:36.811991+09:00,아차산,아차산,POI102,KEY_3,1040047801,워커힐로,1040023303,아차산공원,127.1008908597615203_37.5507185101470071,1040031003,광장동 383-17,127.0991143822563743_37.5493704376081254,256.0,27.0,원활,127.0991143822563743_37.5493704376081254|127.0992192405733618_37.5494212813986437|127.0993654541225908_37.5494679716120316|127.0994771101612315_37.5494937011082897|127.0996319481334496_37.5495156333044022|127.0998766138181537_37.5495435035139451|127.1003129181202098_37.5495917389092568|127.1004436663644981_37.5496197848547766|127.1005227250856393_37.5496549799425523|127.1005960988636190_37.5496946622863774|127.1006383112054863_37.5497398726420357|127.1006769562851701_37.5497907046482595|127.1007483860163774_37.5499295289827515|127.1008077138042012_37.5500823966485697|127.1008466336960794_37.5502143515265274|127.1008595392178506_37.5503152333671437|127.1008666840009056_37.5505676364613024|127.1008712614258087_37.5506380707744967|127.1008871446091320_37.5507113587990773|127.1008908597615203_37.5507185101470071
2026-09-04T23:16:36.811991+09:00,아차산,아차산,POI102,KEY_3,2210000104,아차산로,2210000113,아천동 304-1,127.1148808859241797_37.5629285934982349,2210000105,아천동268,127.1164076630803379_37.5662038218868801,393.0,46.0,원활,127.1164076630803379_37.5662038218868801|127.1162906430716362_37.5660260764270149|127.1160703938195979_37.5657270770442864|127.1160687682345127_37.5657247639847682|127.1157006430136818_37.5651641699431380|127.1154016113760861_37.5647442949758172|127.1154002681514754_37.5647422942762006|127.1153120188190115_37.5646053579684249|127.1153107366244370_37.5646032950394329|127.1153096116640313_37.5646011697881619|127.1152458934182050_37.5644772955287323|127.1151526736599493_37.5643058891441441|127.1151514554129562_37.5643034504356805|127.1151503616254388_37.5643009818729539|127.1151494250715785_37.5642984509881472|127.1150902682137627_37.5641234514869637|127.1150893295690025_37.5641202944115378|127.1150105180551577_37.5638156075563430|127.1150099562526350_37.5638131384738685|127.1149852678241530_37.5636884827079669|127.1149848622680310_37.5636860450080050|127.1149352684571596_37.5633314504835170|127.1149352681221814_37.5633312324428132|127.1148808859241797_37.5629285934982349
2026-09-04T23:16:36.811991+09:00,아차산,아차산,POI102,KEY_3,2210000204,아차산로,2210000104,아천동268,127.1165280035745013_37.5661536019367190,2210000110,아천동 314-17,127.1150159324927245_37.5629170357202895,389.0,43.3,원활,127.1150159324927245_37.5629170357202895|127.1150702994088419_37.5633195762730736|127.1151196745152419_37.5636728582033186|127.1151438930360342_37.5637950447698401|127.1152219865336264_37.5640969193284207|127.1152792995577556_37.5642665758573315|127.1153707988243440_37.5644348573687950|127.1153709871964566_37.5644351698302401|127.1153711439249321_37.5644355138574753|127.1153713300333123_37.5644358263211657|127.1154342060962676_37.5645580759406883|127.1155204553782596_37.5646919516305360|127.1158193615435579_37.5651116390162443|127.1158195805287789_37.5651119829817759|127.1158197994637788_37.5651122945115006|127.1158200184015641_37.5651126078432256|127.1158202373853783_37.5651129509077535|127.1158204551899047_37.5651132633396116|127.1161883937617461_37.5656735139164084|127.1164086432788878_37.5659724824473784|127.1164088622202542_37.5659727948769699|127.1164090812093121_37.5659731379403681|127.1164093307131395_37.5659734512408079|127.1164095496545343_37.5659737636703639|127.1164097674640061_37.5659740761010710|127.1164099875863513_37.5659744200643217|127.1164102053958516_37.5659747324950217|127.1165280035745013_37.5661536019367190
2026-09-04T23:16:36.811991+09:00,아차산,아차산,POI102,KEY_3,2210000700,아차산로,2210000105,아천동268,127.1164076630803379_37.5662038218868801,2210000204,아치울삼거리,127.1192506804836597_37.5692536117197804,424.0,56.0,원활,127.1192506804836597_37.5692536117197804|127.1190496732744322_37.5690724000063696|127.1185543295898981_37.5686479621573852|127.1185524864427663_37.5686463061772571|127.1179837045937973_37.5681171502757962|127.1177293291578536_37.5678918688914081|127.1175577044471225_37.5677438694395605|127.1175555178311214_37.5677418687043598|127.1175534544965302_37.5677398056777250|127.1175515177923359_37.5677376506234353|127.1173843613294565_37.5675426811850528|127.1173838918332990_37.5675421185298077|127.1171630797363861_37.5672774929988407|127.1171618298735666_37.5672758994774370|127.1171606105723839_37.5672743059256860|127.1170134860041969_37.5670682121973556|127.1168223300640108_37.5668150569144785|127.1168212989169035_37.5668136190451420|127.1166347983959639_37.5665486810274487|127.1166339236057468_37.5665473376064512|127.1164076630803379_37.5662038218868801
2026-09-04T23:16:36.811991+09:00,아차산,아차산,POI102,KEY_3,2210000800,아차산로,2210000203,아치울삼거리,127.1193525150356294_37.5691820436574844,2210000104,아천동268,127.1165280035745013_37.5661536019367190,421.0,38.5,원활,127.1165280035745013_37.5661536019367190|127.1167537679690867_37.5664964624706528|127.1169392989007889_37.5667600560767667|127.1171303292096297_37.5670130554248658|127.1171304858049069_37.5670133057462365|127.1171306729136461_37.5670135254034747|127.1171308294595264_37.5670137441900422|127.1171309860533825_37.5670139936103880|127.1171311731607290_37.5670142123666295|127.1172775492191533_37.5672192435190766|127.1174967977411114_37.5674820251561457|127.1176608914456239_37.5676734313503857|127.1178294547480192_37.5678188064072742|127.1178296734552191_37.5678189629621500|127.1178298616474507_37.5678191492803393|127.1178300792723945_37.5678193373711480|127.1180852980999418_37.5680453691276313|127.1180855168566950_37.5680455563158375|127.1180857356632288_37.5680457750388399|127.1180859544199819_37.5680459622270249|127.1180861731781704_37.5680461503162206|127.1180863919846900_37.5680463690392017|127.1186547988044993_37.5685751806489279|127.1191497674074640_37.5689993067157886|127.1191499850879580_37.5689995254378886|127.1191502355443816_37.5689997125921025|127.1191504543065918_37.5689998997782837|127.1191507048132365_37.5690001184672511|127.1191509236256820_37.5690003371882142|127.1193525150356294_37.5691820436574844
2026-09-04T23:16:36.811991+09:00,아차산,아차산,POI102,KEY_3,2210000901,아차산로,2219108700,최소노드배치점,127.1206998377133743_37.5714703267250627,2210019703,아치울마을입구교차로,127.1219933923624126_37.5735438381385620,257.0,54.5,원활,127.1219933923624126_37.5735438381385620|127.1216237678160894_37.5728874513230764|127.1206998377133743_37.5714703267250627
2026-09-04T23:16:36.811991+09:00,아차산,아차산,POI102,KEY_3,2210001001,아차산로,2219108800,최소노드배치점,127.1208204065706013_37.5714205263891898,2210000202,아치울삼거리,127.1194802690020680_37.5693649396868778,257.0,40.0,원활,127.1194802690020680_37.5693649396868778|127.1208204065706013_37.5714205263891898
2026-09-04T23:16:36.811991+09:00,아차산,아차산,POI102,KEY_3,2210046000,토평강변로,2210000202,아치울삼거리,127.1194802690020680_37.5693649396868778,2210006002,속성변화점,127.1239011064881907_37.5712366063836569,442.0,39.0,원활,127.1239011064881907_37.5712366063836569|127.1232388189529132_37.5709623304387108|127.1219628442181886_37.5704268509566077|127.1204129899585666_37.5697587927906440|127.1194802690020680_37.5693649396868778
2026-09-04T23:16:36.811991+09:00,안양천,안양천,POI125,KEY_4,1140016600,안양천로,1140005803,오목교앞,126.8780911957869648_37.5240790938181874,1140004902,신정동 137-2,126.8783813240257246_37.5222566391420145,204.0,47.0,원활,126.8783813240257246_37.5222566391420145|126.8780911957869648_37.5240790938181874
2026-09-04T23:16:36.811991+09:00,안양천,안양천,POI125,KEY_4,1140012602,안양천로,1140004903,신정동 137-2,126.8783982430570489_37.5221437443696928,1140019200,신정동쌍용아파트,126.8774277767779068_37.5184368802104729,426.0,40.5,원활,126.8774277767779068_37.5184368802104729|126.8774952028564798_37.5191418307164994|126.8775390353828385_37.5194455320804607|126.8776179855951369_37.5197267258202132|126.8776459355257060_37.5197981187704457|126.8777325662202884_37.5200194000170413|126.8783418122356039_37.5212191777890709|126.8784018478279023_37.5214040739357841|126.8784252027244150_37.5215241376156143|126.8784341474975008_37.5216892491856768|126.8784338392301549_37.5218792486221702|126.8783982430570489_37.5221437443696928
2026-09-04T23:16:36.811991+09:00,안양천,안양천,POI125,KEY_4,1140005300,안양천로,1140017504,목일중학교앞교차로,126.8754414118770768_37.5133268628390297,1140003003,신정교교차로,126.8771684095813441_37.5173232334173079,487.0,36.0,원활,126.8771684095813441_37.5173232334173079|126.8770492715621714_37.5162325975909283|126.8769254186979083_37.5152220259739053|126.8769038228937802_37.5150934663437070|126.8768603632752132_37.5149507201433607|126.8767902331647548_37.5147577494091067|126.8767160804796674_37.5146112680035841|126.8766340664943471_37.5144698086394968|126.8764959530556098_37.5143077666143867|126.8754414118770768_37.5133268628390297
2026-09-04T23:16:36.811991+09:00,안양천,안양천,POI125,KEY_4,1140005401,안양천로,1140018000,신정동쌍용아파트,126.8771844966631619_37.5162232254841683,1140017501,목일중학교앞교차로,126.8755445066785086_37.5132565360681909,373.0,49.0,원활,126.8755445066785086_37.5132565360681909|126.8766039862775870_37.5142420314940210|126.8767526226287430_37.5144164200124095|126.8768407128762163_37.5145683588944010|126.8769186968702201_37.5147224090392797|126.8769915725535640_37.5149229329656393|126.8770374141606680_37.5150735005047409|126.8770602759908002_37.5152096001231357|126.8771844966631619_37.5162232254841683
2026-09-04T23:16:36.811991+09:00,안양천,안양천,POI125,KEY_4,1140005402,안양천로,1140003002,신정교교차로,126.8773036367130658_37.5173138610034584,1140018000,신정동쌍용아파트,126.8771844966631619_37.5162232254841683,122.0,59.5,원활,126.8771844966631619_37.5162232254841683|126.8773036367130658_37.5173138610034584
2026-09-04T23:16:36.811991+09:00,안양천,안양천,POI125,KEY_4,1140009501,도림천로,1140003003,신정교교차로,126.8771684095813441_37.5173232334173079,1140019102,신정동현대아파트,126.8761126202360856_37.5175917621060364,98.0,25.0,원활,126.8761126202360856_37.5175917621060364|126.8771684095813441_37.5173232334173079
2026-09-04T23:16:36.811991+09:00,안양천,안양천,POI125,KEY_4,1140009601,도림천로,1140019101,신정동현대아파트,126.8761539085131744_37.5176947593198875,1140003004,신정교교차로,126.8771805616940185_37.5174336412253382,95.0,21.0,서행,126.8771805616940185_37.5174336412253382|126.8761539085131744_37.5176947593198875
2026-09-04T23:16:36.811991+09:00,안양천,안양천,POI125,KEY_4,1140012500,안양천로,1140310800,최소노드배치점,126.8775163465214035_37.5198303050041133,1140004904,신정동 137-2,126.8782632688182161_37.5221322207168839,268.0,46.0,원활,126.8782632688182161_37.5221322207168839|126.8782981016445603_37.5218734009839139|126.8782983970848619_37.5216915105551223|126.8782899061957039_37.5215347769621914|126.8782687357557535_37.5214259401943480|126.8782126253799163_37.5212531304698587|126.8776046350151319_37.5200558238897699|126.8775163465214035_37.5198303050041133
2026-09-04T23:16:36.811991+09:00,안양천,안양천,POI125,KEY_4,1140012601,안양천로,1140019200,신정동쌍용아파트,126.8774277767779068_37.5184368802104729,1140003001,신정교교차로,126.8773157767078033_37.5174241538264965,113.0,60.0,원활,126.8773157767078033_37.5174241538264965|126.8774277767779068_37.5184368802104729
2026-09-04T23:16:36.811991+09:00,안양천,안양천,POI125,KEY_4,1140053000,도림천로,1160119602,구로구-영등포구,126.8797245973547803_37.5166854276940924,1140018400,신정교,126.8786197862322069_37.5169667906104252,103.0,20.0,서행,126.8786197862322069_37.5169667906104252|126.8797245973547803_37.5166854276940924
2026-09-04T23:16:36.811991+09:00,안양천,안양천,POI125,KEY_4,1140053100,도림천로,1140018700,신정교,126.8786611225654184_37.5170697753778697,1160119601,구로구-영등포구,126.8797659831452904_37.5167884002737182,103.0,39.0,원활,126.8797659831452904_37.5167884002737182|126.8786611225654184_37.5170697753778697
2026-09-04T23:16:36.811991+09:00,안양천,안양천,POI125,KEY_4,1140053200,도림천로,1140018400,신정교,126.8786197862322069_37.5169667906104252,1140018000,신정동쌍용아파트,126.8771844966631619_37.5162232254841683,179.0,44.3,원활,126.8771844966631619_37.5162232254841683|126.8772780212092641_37.5165177245500558|126.8773854992852677_37.5166787499102909|126.8774885478867418_37.5168040115666628|126.8775782041790308_37.5168827738027630|126.8776858526776863_37.5169400990188606|126.8778159595431276_37.5169902961100377|126.8779460957034217_37.5170226135845652|126.8780304104791270_37.5170269011575996|126.8786197862322069_37.5169667906104252
2026-09-04T23:16:36.811991+09:00,안양천,안양천,POI125,KEY_4,1140053700,안양천로,1140019200,신정동쌍용아파트,126.8774277767779068_37.5184368802104729,1140018700,신정교,126.8786611225654184_37.5170697753778697,208.0,44.3,원활,126.8786611225654184_37.5170697753778697|126.8781736489334548_37.5172408290595598|126.8779815323018596_37.5173158708015322|126.8778781977704000_37.5173658255310087|126.8777613594226779_37.5174372226786232|126.8776849305162102_37.5175050845818490|126.8776219701787227_37.5175729603903463|126.8775544839652980_37.5176622870544563|126.8775094337992755_37.5177587891090099|126.8774688135033557_37.5178910538406782|126.8774371547105915_37.5180340551944767|126.8774277767779068_37.5184368802104729
2026-09-04T23:16:36.811991+09:00,안양천,안양천,POI125,KEY_4,1140053800,신목로,1140018400,신정교,126.8786197862322069_37.5169667906104252,1140019302,신정교(서측),126.8745764250714956_37.5179766998355859,376.0,55.0,원활,126.8745764250714956_37.5179766998355859|126.8746964468175662_37.5178856611709719|126.8747349174787757_37.5178761562431475|126.8760098097402533_37.5175611607569408|126.8772001068155646_37.5172584212099949|126.8786197862322069_37.5169667906104252
2026-09-04T23:16:36.811991+09:00,안양천,안양천,POI125,KEY_4,1140053900,신목로,1140019301,신정교(서측),126.8746215712428409_37.5180786650471632,1140018700,신정교,126.8786611225654184_37.5170697753778697,375.0,43.0,원활,126.8786611225654184_37.5170697753778697|126.8772813433645723_37.5174647569257260|126.8760913149289991_37.5177674281831415|126.8748252720141352_37.5180802368483270|126.8747818393032674_37.5180909677359509|126.8746215712428409_37.5180786650471632
2026-09-04T23:16:36.811991+09:00,안양천,안양천,POI125,KEY_4,1140059100,오목로,1180072102,양천구-영등포구,126.8798127598729764_37.5238124759839593,1140005803,오목교앞,126.8780911957869648_37.5240790938181874,155.0,49.0,원활,126.8780911957869648_37.5240790938181874|126.8798127598729764_37.5238124759839593
2026-09-04T23:16:36.811991+09:00,안양천,안양천,POI125,KEY_4,1140059200,오목로,1140005802,오목교앞,126.8780735218519879_37.5241919764275096,1180072101,양천구-영등포구,126.8798383046578664_37.5239186642518590,159.0,51.0,원활,126.8798383046578664_37.5239186642518590|126.8780735218519879_37.5241919764275096
2026-09-04T23:16:36.811991+09:00,안양천,안양천,POI125,KEY_4,1160003102,서부간선도로,1160044802,지하차도(북측),126.8756726558463157_37.5087758296454012,1160047302,지하차도(남측),126.8808635001100669_37.5145797730726116,791.0,45.0,원활,126.8808635001100669_37.5145797730726116|126.8807057923003470_37.5144308276624585|126.8800689815355156_37.5137965539118028|126.8794977541810880_37.5131814475717249|126.8784949853081230_37.5120165668361594|126.8767394160038577_37.5100185314225953|126.8758964120837334_37.5090544609198560|126.8756726558463157_37.5087758296454012
2026-09-04T23:16:36.811991+09:00,안양천,안양천,POI125,KEY_4,1160003103,서부간선도로,1160047302,지하차도(남측),126.8808635001100669_37.5145797730726116,1160047704,속성변화점,126.8818954820598606_37.5156387959905970,149.0,40.5,원활,126.8818954820598606_37.5156387959905970|126.8818341862618837_37.5155414502111171|126.8816133512363251_37.5152879534536297|126.8810041996648863_37.5147126561865605|126.8808635001100669_37.5145797730726116
2026-09-04T23:16:36.811991+09:00,안양천,안양천,POI125,KEY_4,1160003202,서부간선도로,1160047301,지하차도(남측),126.8809672943436766_37.5145100402310518,1160044801,지하차도(북측),126.8757874324690533_37.5087179220132967,790.0,14.0,정체,126.8757874324690533_37.5087179220132967|126.8760093466115677_37.5089943834283019|126.8768507380769819_37.5099566098020603|126.8786065968032091_37.5119549700440018|126.8796083595338473_37.5131186811187334|126.8801766210233808_37.5137305907656398|126.8808107274078907_37.5143621726202170|126.8809672943436766_37.5145100402310518
2026-09-04T23:16:36.811991+09:00,안양천,안양천,POI125,KEY_4,1160003203,서부간선도로,1160047701,속성변화점,126.8820147707367596_37.5155869944456768,1160047301,지하차도(남측),126.8809672943436766_37.5145100402310518,152.0,12.0,정체,126.8809672943436766_37.5145100402310518|126.8811073391141235_37.5146423024857896|126.8817212650556030_37.5152221099264906|126.8819512390905970_37.5154860951882370|126.8820147707367596_37.5155869944456768
2026-09-04T23:16:36.811991+09:00,안양천,안양천,POI125,KEY_4,1160086400,서부간선도로,1160047702,속성변화점,126.8820744160497327_37.5155610940041981,1160047301,지하차도(남측),126.8809672943436766_37.5145100402310518,154.0,61.0,원활,126.8809672943436766_37.5145100402310518|126.8811828896822504_37.5146297746207438|126.8817752230281428_37.5151891863246689|126.8820097654408698_37.5154584171825221|126.8820744160497327_37.5155610940041981
2026-09-04T23:16:36.811991+09:00,안양천,안양천,POI125,KEY_4,1160086500,서부간선도로,1160047302,지하차도(남측),126.8808635001100669_37.5145797730726116,1160047703,속성변화점,126.8818358373772242_37.5156646964920810,149.0,45.0,원활,126.8818358373772242_37.5156646964920810|126.8817756609145988_37.5155691272293694|126.8815593931245047_37.5153208751787091|126.8809662175801094_37.5147606652219707|126.8808635001100669_37.5145797730726116
2026-09-04T23:16:36.811991+09:00,안양천,안양천,POI125,KEY_4,1180001302,서부간선도로,1180000404,신정교교차로,126.8821548721505508_37.5161762663576610,1180029502,지하차도(북측),126.8821347742308632_37.5181953925741851,226.0,9.0,정체,126.8821347742308632_37.5181953925741851|126.8821764225875199_37.5179333317516850|126.8822522626400513_37.5174561091917340|126.8823032686718761_37.5170219351509999|126.8822933899772067_37.5168032212340421|126.8822600485964784_37.5165639563687208|126.8821803916431321_37.5162355054491172|126.8821548721505508_37.5161762663576610
2026-09-04T23:16:36.811991+09:00,안양천,안양천,POI125,KEY_4,1180001303,서부간선도로,1180029502,지하차도(북측),126.8821347742308632_37.5181953925741851,1180039802,지하차도(남측),126.8816377409904419_37.5220471208314379,430.0,55.0,원활,126.8816377409904419_37.5220471208314379|126.8816588750321870_37.5218659446900631|126.8818010380468877_37.5205983469667856|126.8818795627989147_37.5198012328953183|126.8821347742308632_37.5181953925741851
2026-09-04T23:16:36.811991+09:00,안양천,안양천,POI125,KEY_4,1180001304,서부간선도로,1180039802,지하차도(남측),126.8816377409904419_37.5220471208314379,1180043603,오목교(동측),126.8814322117859632_37.5235690185835296,171.0,39.0,원활,126.8814322117859632_37.5235690185835296|126.8814491142259584_37.5230798735196203|126.8815449824190154_37.5222579698871712|126.8816377409904419_37.5220471208314379
2026-09-04T23:16:36.811991+09:00,안양천,안양천,POI125,KEY_4,1180001401,서부간선도로,1180029501,지하차도(북측),126.8822694875200909_37.5182089755097508,1180000401,신정교교차로,126.8822840164086045_37.5161428086982127,231.0,36.0,원활,126.8822840164086045_37.5161428086982127|126.8823119113908717_37.5162075577046394|126.8823944066752887_37.5165477063838750|126.8824289072809677_37.5167953003374279|126.8824392848786431_37.5170250403142660|126.8823872535443513_37.5174679441118002|126.8823218289801673_37.5178796219673174|126.8822694875200909_37.5182089755097508
2026-09-04T23:16:36.811991+09:00,안양천,안양천,POI125,KEY_4,1180001402,서부간선도로,1180039801,지하차도(남측),126.8817729565984678_37.5220571259198366,1180029501,지하차도(북측),126.8822694875200909_37.5182089755097508,429.0,61.0,원활,126.8822694875200909_37.5182089755097508|126.8820146869627621_37.5198122610743354|126.8819363590698259_37.5206073896224908|126.8817941111366849_37.5218757586812330|126.8817729565984678_37.5220571259198366
2026-09-04T23:16:36.811991+09:00,안양천,안양천,POI125,KEY_4,1180001403,서부간선도로,1180043602,오목교(동측),126.8817053471465925_37.5235261002078246,1180039801,지하차도(남측),126.8817729565984678_37.5220571259198366,164.0,36.7,원활,126.8817729565984678_37.5220571259198366|126.8818156332547176_37.5222756645993343|126.8817203162169847_37.5230928666769614|126.8817053471465925_37.5235261002078246
2026-09-04T23:16:36.811991+09:00,안양천,안양천,POI125,KEY_4,1180017001,도림천로,1180000403,신정교교차로,126.8821108094355594_37.5160739870999933,1160119602,구로구-영등포구,126.8797245973547803_37.5166854276940924,222.0,25.5,원활,126.8797245973547803_37.5166854276940924|126.8815754833351122_37.5162128295313266|126.8821108094355594_37.5160739870999933
2026-09-04T23:16:36.811991+09:00,안양천,안양천,POI125,KEY_4,1180017101,도림천로,1160119601,구로구-영등포구,126.8797659831452904_37.5167884002737182,1180000404,신정교교차로,126.8821548721505508_37.5161762663576610,222.0,39.0,원활,126.8821548721505508_37.5161762663576610|126.8816175090696134_37.5163156373744968|126.8797659831452904_37.5167884002737182
2026-09-04T23:16:36.811991+09:00,안양천,안양천,POI125,KEY_4,1180027800,오목로,1180043603,오목교(동측),126.8814322117859632_37.5235690185835296,1180072102,양천구-영등포구,126.8798127598729764_37.5238124759839593,146.0,52.0,원활,126.8798127598729764_37.5238124759839593|126.8814322117859632_37.5235690185835296
2026-09-04T23:16:36.811991+09:00,안양천,안양천,POI125,KEY_4,1180027901,오목로,1180072101,양천구-영등포구,126.8798383046578664_37.5239186642518590,1180043800,오목교(서측),126.8804633953107981_37.5238246952276810,56.0,42.0,원활,126.8804633953107981_37.5238246952276810|126.8798383046578664_37.5239186642518590
2026-09-04T23:16:36.811991+09:00,안양천,안양천,POI125,KEY_4,1180027902,오목로,1180043800,오목교(서측),126.8804633953107981_37.5238246952276810,1180043604,오목교(동측),126.8814283900210569_37.5236796179324799,87.0,56.0,원활,126.8814283900210569_37.5236796179324799|126.8804633953107981_37.5238246952276810
2026-09-04T23:16:36.811991+09:00,안양천,안양천,POI125,KEY_4,1180069200,서부간선도로,1180029501,지하차도(북측),126.8822694875200909_37.5182089755097508,1160047702,속성변화점,126.8820744160497327_37.5155610940041981,302.0,60.0,원활,126.8820744160497327_37.5155610940041981|126.8821718541549046_37.5157158406422866|126.8823776706625353_37.5161935837768254|126.8824615845632593_37.5165395804319672|126.8824966659229574_37.5167913393802976|126.8825072929849966_37.5170265937381728|126.8824547495795940_37.5174738606135492|126.8823703586272131_37.5180048867798703|126.8822694875200909_37.5182089755097508
2026-09-04T23:16:36.811991+09:00,안양천,안양천,POI125,KEY_4,1180069300,서부간선도로,1160047703,속성변화점,126.8818358373772242_37.5156646964920810,1180029502,지하차도(북측),126.8821347742308632_37.5181953925741851,287.0,62.0,원활,126.8821347742308632_37.5181953925741851|126.8821034416390603_37.5179619274509548|126.8821847666370672_37.5174501925743016|126.8822352605743049_37.5170203816096404|126.8822256313140144_37.5168071820745084|126.8821928695353733_37.5165720813037566|126.8821146323010538_37.5162494774648607|126.8819209169217288_37.5157998167306985|126.8818358373772242_37.5156646964920810
2026-09-04T23:16:36.811991+09:00,안양천,안양천,POI125,KEY_4,1180089100,서부간선도로,1180045301,양평동 488,126.8819829949260480_37.5250903944249004,1180039801,지하차도(남측),126.8817729565984678_37.5220571259198366,342.0,56.0,원활,126.8817729565984678_37.5220571259198366|126.8816525281542766_37.5230896182332216|126.8816213021879520_37.5239933226042837|126.8816890923990712_37.5243066319619558|126.8817580718192630_37.5245520474594514|126.8818563203447809_37.5248208551664248|126.8819829949260480_37.5250903944249004
2026-09-04T23:16:36.811991+09:00,안양천,안양천,POI125,KEY_4,1180089200,서부간선도로,1180039802,지하차도(남측),126.8816377409904419_37.5220471208314379,1180045302,양평동 488,126.8818626446242632_37.5251361728659560,348.0,55.3,원활,126.8818626446242632_37.5251361728659560|126.8817273514576556_37.5248549758679957|126.8816264833464089_37.5245790024652521|126.8815558360683724_37.5243276422111620|126.8814851826298593_37.5240010941867013|126.8815169022707323_37.5230831220800951|126.8816377409904419_37.5220471208314379
2026-09-04T23:16:36.811991+09:00,안양천,안양천,POI125,KEY_4,1180089900,서부간선도로,1180043800,오목교(서측),126.8804633953107981_37.5238246952276810,1180045302,양평동 488,126.8818626446242632_37.5251361728659560,208.0,37.0,원활,126.8818626446242632_37.5251361728659560|126.8816385318922642_37.5248793923368780|126.8815300030075406_37.5245992080018098|126.8814312596801130_37.5243394635966752|126.8813948548748982_37.5242627716034676|126.8813460143441176_37.5241745577067860|126.8812984599446878_37.5241121903218371|126.8812214161666958_37.5240425681289551|126.8811262132405346_37.5239774434312139|126.8810094381192073_37.5239204257641390|126.8808620127177420_37.5238742152199620|126.8807474520110077_37.5238533270029251|126.8805895923610478_37.5238375414289891|126.8804633953107981_37.5238246952276810
2026-09-04T23:16:36.811991+09:00,양화한강공원,양화한강공원,POI103,KEY_1,1180003700,선유로,1180061900,양화대교남측(북측),126.9003162310957862_37.5391581962178265,1180065002,마포구-영등포구,126.9034340062914481_37.5428697829536162,497.0,59.5,원활,126.9034340062914481_37.5428697829536162|126.9031865441036899_37.5426673699542377|126.9028418671644545_37.5423392663843316|126.9024924710115556_37.5419306337797138|126.9003162310957862_37.5391581962178265
2026-09-04T23:16:36.811991+09:00,양화한강공원,양화한강공원,POI103,KEY_1,1180003800,선유로,1180065001,마포구-영등포구,126.9035313025047884_37.5427943648450224,1180061700,양화대교남측(북측),126.9004310790266459_37.5391005237055850,494.0,63.7,원활,126.9004310790266459_37.5391005237055850|126.9026062043023870_37.5418715328792629|126.9029503279271580_37.5422739970822121|126.9032874115673764_37.5425948735123498|126.9035313025047884_37.5427943648450224
2026-09-04T23:16:36.811991+09:00,양화한강공원,양화한강공원,POI103,KEY_1,1180004201,올림픽대로,1180066401,성산대교분기점,126.8888411626850399_37.5477825572430532,1180064302,한강자전거대여소양화,126.8925371457164317_37.5437742927481963,562.0,70.5,원활,126.8925371457164317_37.5437742927481963|126.8920840338608400_37.5440075512365325|126.8918458095331800_37.5441503668725076|126.8916839670621073_37.5442682214603991|126.8915086205845597_37.5444075189047268|126.8912747864056456_37.5446182790339265|126.8910723726072547_37.5448397949720913|126.8908082604970247_37.5451847993744181|126.8904271842300204_37.5458700829895804|126.8902166002092571_37.5462759413564910|126.8900581956828546_37.5465467648014553|126.8898977213294899_37.5467868872686736|126.8896168017271009_37.5471118530247878|126.8893965836439008_37.5473450677299567|126.8891910883715042_37.5475280831896328|126.8889220242193687_37.5477175184840135|126.8888411626850399_37.5477825572430532
2026-09-04T23:16:36.811991+09:00,양화한강공원,양화한강공원,POI103,KEY_1,1180004202,올림픽대로,1180275300,최소노드배치점,126.8973404856717053_37.5409999643048806,1180061502,당산지하차도(북측),126.9013196980885141_37.5387211185546263,433.0,73.8,원활,126.9013196980885141_37.5387211185546263|126.9011851683369798_37.5388053759942224|126.9010147859780204_37.5389041639828065|126.9004464163211310_37.5392052021772926|126.8992840080575490_37.5398659278211255|126.8987716979411147_37.5401444059229448|126.8984481243431901_37.5403264967326322|126.8981425252922151_37.5404978739526811|126.8973404856717053_37.5409999643048806
2026-09-04T23:16:36.811991+09:00,양화한강공원,양화한강공원,POI103,KEY_1,1180106800,양화한강공원.내부도로,1180060401,당산지하차도(북측),126.9052179013469726_37.5363533026194389,1180059701,당산지하차도(남측),126.9041930519550760_37.5351897850495106,158.0,23.0,서행,126.9041930519550760_37.5351897850495106|126.9047283439570037_37.5357132613154292|126.9052179013469726_37.5363533026194389
2026-09-04T23:16:36.811991+09:00,양화한강공원,양화한강공원,POI103,KEY_1,1180106900,양화한강공원.내부도로,1180059702,당산지하차도(남측),126.9040909209916776_37.5352609227878347,1180060402,당산지하차도(북측),126.9050972926407468_37.5364022801269641,155.0,22.0,서행,126.9050972926407468_37.5364022801269641|126.9046172037866143_37.5357758001345374|126.9040909209916776_37.5352609227878347
2026-09-04T23:16:36.811991+09:00,양화한강공원,양화한강공원,POI103,KEY_1,1180107400,올림픽대로,1180061501,당산지하차도(북측),126.9015556784025023_37.5385874968487485,1180001500,여의하류IC,126.9073822654269605_37.5347960718864755,667.0,75.0,원활,126.9073822654269605_37.5347960718864755|126.9072345317692054_37.5349134869402548|126.9069884611113679_37.5350909463555098|126.9066843956993864_37.5352965328221515|126.9063396243953719_37.5355128432645273|126.9060177401819942_37.5357001839244901|126.9056790545791955_37.5358867804719907|126.9054259255949972_37.5360232687841986|126.9050418875323629_37.5362207157517815|126.9046007978930533_37.5364411017063091|126.9042278359899285_37.5366410471238581|126.9039222571481389_37.5368195915804179|126.9036885517153763_37.5369767392636717|126.9034053986285784_37.5371731792037053|126.9032818580892439_37.5372705365657353|126.9028659897484346_37.5375982637741359|126.9021557476865922_37.5381662372690172|126.9016882954194330_37.5384984036018210|126.9015556784025023_37.5385874968487485
2026-09-04T23:16:36.811991+09:00,양화한강공원,양화한강공원,POI103,KEY_1,1180116501,올림픽대로,1180068901,속성변화점,126.8911950618084461_37.5453818553184533,1180064301,한강자전거대여소양화,126.8929620179760462_37.5435397753914373,258.0,22.0,정체,126.8929620179760462_37.5435397753914373|126.8924624352412280_37.5440132348647282|126.8921333363990129_37.5443174516262701|126.8918236172157776_37.5446297185144644|126.8914783258249201_37.5450221939402695|126.8912862280317455_37.5452796272142280|126.8911950618084461_37.5453818553184533
2026-09-04T23:16:36.811991+09:00,양화한강공원,양화한강공원,POI103,KEY_1,1180116502,올림픽대로,1180068801,양화지구요트장,126.8906329199262615_37.5461883353215242,1180068901,속성변화점,126.8911950618084461_37.5453818553184533,103.0,24.0,정체,126.8911950618084461_37.5453818553184533|126.8910827866964581_37.5455077528260404|126.8909175555900362_37.5457420455788693|126.8907568639606609_37.5460066305290283|126.8907556915637258_37.5460085609179472|126.8906329199262615_37.5461883353215242
2026-09-04T23:16:36.811991+09:00,양화한강공원,양화한강공원,POI103,KEY_1,1180116503,올림픽대로,1180066401,성산대교분기점,126.8888411626850399_37.5477825572430532,1180068801,양화지구요트장,126.8906329199262615_37.5461883353215242,243.0,34.0,서행,126.8906329199262615_37.5461883353215242|126.8902923101416604_37.5466870824158718|126.8900853961976480_37.5469673717390222|126.8898821258784295_37.5471728631900064|126.8896131444485746_37.5473865270969185|126.8894001209834528_37.5475258725971770|126.8888411626850399_37.5477825572430532
2026-09-04T23:16:36.811991+09:00,양화한강공원,양화한강공원,POI103,KEY_1,1180120000,올림픽대로,1180064302,한강자전거대여소양화,126.8925371457164317_37.5437742927481963,1180068902,속성변화점,126.8910843041868759_37.5453192348812976,215.0,23.0,정체,126.8910843041868759_37.5453192348812976|126.8911722698863258_37.5452205951209876|126.8913641468294173_37.5449634600574385|126.8917145990619275_37.5445651196867445|126.8920285271805284_37.5442486087197196|126.8923589710925626_37.5439431491933036|126.8925371457164317_37.5437742927481963
2026-09-04T23:16:36.811991+09:00,양화한강공원,양화한강공원,POI103,KEY_1,1180120300,올림픽대로,1180273000,양화동 1-1,126.8906348080487021_37.5459591553834642,1180068802,양화지구요트장,126.8905741506410152_37.5460479760438872,11.0,40.0,서행,126.8905741506410152_37.5460479760438872|126.8906348080487021_37.5459591553834642
2026-09-04T23:16:36.811991+09:00,양화한강공원,양화한강공원,POI103,KEY_1,1180120400,양평로30길.인접길,1180068802,양화지구요트장,126.8905741506410152_37.5460479760438872,1180065702,노들로지하차도(북측),126.8898740097263413_37.5457796920981295,69.0,22.3,서행,126.8898740097263413_37.5457796920981295|126.8899657563483601_37.5458262969566476|126.8905741506410152_37.5460479760438872
2026-09-04T23:16:36.811991+09:00,양화한강공원,양화한강공원,POI103,KEY_1,1180120500,양평로30길.인접길,1180065701,노들로지하차도(북측),126.8898352916660031_37.5458883205518816,1180068801,양화지구요트장,126.8906329199262615_37.5461883353215242,78.0,19.0,정체,126.8906329199262615_37.5461883353215242|126.8899006495960151_37.5459215204837946|126.8898352916660031_37.5458883205518816
2026-09-04T23:16:36.811991+09:00,어린이대공원,어린이대공원,POI104,KEY_2,1040001702,자양로,1040047400,구의동 234-20,127.0850134877562425_37.5445799545474230,1040019303,구의사거리,127.0852016679581027_37.5450327198646008,53.0,23.0,서행,127.0852016679581027_37.5450327198646008|127.0850134877562425_37.5445799545474230
2026-09-04T23:16:36.811991+09:00,어린이대공원,어린이대공원,POI104,KEY_2,1040003702,천호대로,1040023704,아차산역(서울5호선),127.0894152102956696_37.5523730777975402,1040023802,아차산역앞교차로,127.0884235759888412_37.5534828698855989,152.0,36.0,원활,127.0884235759888412_37.5534828698855989|127.0886624862391585_37.5532839277980628|127.0886637034305267_37.5532829142311328|127.0888873635349370_37.5530645974054096|127.0890268085873771_37.5528999527207930|127.0891093055435448_37.5528025470138260|127.0892864462199441_37.5525787801403368|127.0893773157368827_37.5524360852402097|127.0894152102956696_37.5523730777975402
2026-09-04T23:16:36.811991+09:00,어린이대공원,어린이대공원,POI104,KEY_2,1040003703,천호대로,1040023005,아차산역(서울5호선),127.0896155483765142_37.5519975307228222,1040023703,아차산역(서울5호선),127.0894712980461918_37.5522739019515015,33.0,35.0,원활,127.0894712980461918_37.5522739019515015|127.0896155483765142_37.5519975307228222
2026-09-04T23:16:36.811991+09:00,어린이대공원,어린이대공원,POI104,KEY_2,1040003704,천호대로,1040055900,구의동 96,127.0897928318516392_37.5516388382775688,1040023004,아차산역(서울5호선),127.0896662697747672_37.5518971990822621,31.0,17.0,서행,127.0896662697747672_37.5518971990822621|127.0897928318516392_37.5516388382775688
2026-09-04T23:16:36.811991+09:00,어린이대공원,어린이대공원,POI104,KEY_2,1040012000,능동로,1040114300,화양동 164-1,127.0738499175466529_37.5469075575045395,1040021503,어린이대공원역교차로,127.0740638995458625_37.5472462986414683,43.0,14.0,정체,127.0740638995458625_37.5472462986414683|127.0740081337839626_37.5472033770291134|127.0739561575077659_37.5471262732918802|127.0738499175466529_37.5469075575045395
2026-09-04T23:16:36.811991+09:00,어린이대공원,어린이대공원,POI104,KEY_2,1040013002,광나루로,1040057800,능동 18-13,127.0824979527504297_37.5451942361248854,1040019707,능동 465-11,127.0801323371978810_37.5453265943592029,210.0,25.0,원활,127.0801323371978810_37.5453265943592029|127.0824979527504297_37.5451942361248854
2026-09-04T23:16:36.811991+09:00,어린이대공원,어린이대공원,POI104,KEY_2,1040013003,광나루로,1040117200,화양동 523-1,127.0748637792651294_37.5470177472935376,1040021502,어린이대공원역교차로,127.0742105755008993_37.5472088130338690,62.0,23.0,서행,127.0742105755008993_37.5472088130338690|127.0744760629178813_37.5471475290462635|127.0747110648677989_37.5470725121037390|127.0748637792651294_37.5470177472935376
2026-09-04T23:16:36.811991+09:00,어린이대공원,어린이대공원,POI104,KEY_2,1040013004,광나루로,1040106900,능동 465-6,127.0782098816718957_37.5456461445395817,1040019704,능동465-10,127.0762471218919387_37.5463437278881926,192.0,34.0,원활,127.0762471218919387_37.5463437278881926|127.0769710074017240_37.5459868418889471|127.0772206451426740_37.5458814034881883|127.0774360550218915_37.5458142118875813|127.0777244787871325_37.5457522535124895|127.0782098816718957_37.5456461445395817
2026-09-04T23:16:36.811991+09:00,어린이대공원,어린이대공원,POI104,KEY_2,1040013102,광나루로,1040085100,능동 462,127.0845336132097145_37.5451835926679252,1040019304,구의사거리,127.0852617177113899_37.5451373705296305,65.0,31.0,원활,127.0852617177113899_37.5451373705296305|127.0845336132097145_37.5451835926679252
2026-09-04T23:16:36.811991+09:00,어린이대공원,어린이대공원,POI104,KEY_2,1040013103,광나루로,1040090500,능동 465-11,127.0785202210576728_37.5456904243164828,1040019709,능동 465-11,127.0800014772765110_37.5454416646291946,134.0,20.5,서행,127.0800014772765110_37.5454416646291946|127.0797557368217099_37.5454526161265392|127.0795563669481396_37.5454751638663069|127.0794025475084794_37.5454975391919774|127.0791842773309526_37.5455452558775349|127.0785202210576728_37.5456904243164828
2026-09-04T23:16:36.811991+09:00,어린이대공원,어린이대공원,POI104,KEY_2,1040013104,광나루로,1040021501,어린이대공원역교차로,127.0743034621454655_37.5472999431202226,1040019702,능동465-10,127.0761424954991696_37.5465224763344168,185.0,15.0,서행,127.0761424954991696_37.5465224763344168|127.0756119425461179_37.5467840399242760|127.0751851251593791_37.5469944586241908|127.0751691298701047_37.5470022981979028|127.0749826196579164_37.5470937098645052|127.0749195443242172_37.5471163292778130|127.0747642377408795_37.5471720234904396|127.0745203439082331_37.5472498788895024|127.0743034621454655_37.5472999431202226
2026-09-04T23:16:36.811991+09:00,어린이대공원,어린이대공원,POI104,KEY_2,1040013500,광나루로,1040022106,화양삼거리,127.0705751138821142_37.5480841538030390,1040021504,어린이대공원역교차로,127.0741659660582599_37.5473332285597650,329.0,26.5,원활,127.0741659660582599_37.5473332285597650|127.0725793362072835_37.5477529486592232|127.0723983135173967_37.5477978010862756|127.0722290249340176_37.5478397458256126|127.0719422259231237_37.5478921797309795|127.0712641935088385_37.5479873932270394|127.0711515062522068_37.5480032170662241|127.0705751138821142_37.5480841538030390
2026-09-04T23:16:36.811991+09:00,어린이대공원,어린이대공원,POI104,KEY_2,1040014301,능동로,1040035000,능동 436-10,127.0764227755948639_37.5510178459050650,1040021501,어린이대공원역교차로,127.0743034621454655_37.5472999431202226,454.0,7.0,정체,127.0743034621454655_37.5472999431202226|127.0743627740555723_37.5473648979059718|127.0744499846126558_37.5474861903546113|127.0753298565593923_37.5489917495963965|127.0753384687054393_37.5490061886858584|127.0760108959974275_37.5501335583072020|127.0761500673246900_37.5503811278221491|127.0762744416538226_37.5506461437392076|127.0764227755948639_37.5510178459050650
2026-09-04T23:16:36.811991+09:00,어린이대공원,어린이대공원,POI104,KEY_2,1040036100,능동로32길,1040037800,능동 262-3,127.0873003378867026_37.5520986838956929,1040023704,아차산역(서울5호선),127.0894152102956696_37.5523730777975402,203.0,16.0,서행,127.0894152102956696_37.5523730777975402|127.0892263838892546_37.5523242468070180|127.0891766044352096_37.5523166637736523|127.0886595708244471_37.5523412692495668|127.0885738710277053_37.5523532015114228|127.0884820724995592_37.5524244455627922|127.0883918724937871_37.5524282928071429|127.0881666694092615_37.5523307128257855|127.0873648285240307_37.5520520112069249|127.0873476371065038_37.5520558576716894|127.0873003378867026_37.5520986838956929
2026-09-04T23:16:36.811991+09:00,여의도한강공원,여의도한강공원,POI105,KEY_3,1180018705,여의동로,1180033601,여의상류IC,126.9410620352872030_37.5197641943777285,1180032700,여의상류IC,126.9408644596989291_37.5190433065538684,83.0,19.0,서행,126.9408644596989291_37.5190433065538684|126.9409385909511201_37.5191950815743880|126.9409922183505728_37.5193112485734019|126.9410273832007618_37.5194267107547716|126.9410583553759722_37.5195846269940034|126.9410620352872030_37.5197641943777285
2026-09-04T23:16:36.811991+09:00,여의도한강공원,여의도한강공원,POI105,KEY_3,1180018706,여의동로,1180248500,여의도동 7-5,126.9408076990061289_37.5205652394176070,1180033601,여의상류IC,126.9410620352872030_37.5197641943777285,92.0,17.0,서행,126.9410620352872030_37.5197641943777285|126.9410197256354849_37.5200367526254936|126.9409429071853452_37.5203021469964426|126.9408500463545408_37.5204990074997298|126.9408076990061289_37.5205652394176070
2026-09-04T23:16:36.811991+09:00,여의도한강공원,여의도한강공원,POI105,KEY_3,1180002501,여의대로,1180050904,마포대교앞교차로,126.9294559117414423_37.5292538203661366,1180052400,마포대교,126.9307212821010751_37.5300463600273631,142.0,45.0,원활,126.9307212821010751_37.5300463600273631|126.9294559117414423_37.5292538203661366
2026-09-04T23:16:36.811991+09:00,여의도한강공원,여의도한강공원,POI105,KEY_3,1180002601,여의대로,1180051800,마포대교,126.9308059681326171_37.5299618570035207,1180050901,마포대교앞교차로,126.9295779021332464_37.5291926767471580,138.0,54.0,원활,126.9295779021332464_37.5291926767471580|126.9308059681326171_37.5299618570035207
2026-09-04T23:16:36.811991+09:00,여의도한강공원,여의도한강공원,POI105,KEY_3,1180002602,여의대로,1180263600,최소노드배치점,126.9340230665834355_37.5320236982424547,1180051800,마포대교,126.9308059681326171_37.5299618570035207,365.0,63.0,원활,126.9308059681326171_37.5299618570035207|126.9335784255592046_37.5317501054697615|126.9340230665834355_37.5320236982424547
2026-09-04T23:16:36.811991+09:00,여의도한강공원,여의도한강공원,POI105,KEY_3,1180018603,여의동로,1180248600,여의도동 7-6,126.9406867369458780_37.5205161735924975,1180007003,시범아파트앞교차로,126.9402919444834907_37.5208989401789523,56.0,21.0,서행,126.9402919444834907_37.5208989401789523|126.9404650735248765_37.5207821875801457|126.9406178353196282_37.5206239357599500|126.9406867369458780_37.5205161735924975
2026-09-04T23:16:36.811991+09:00,여의도한강공원,여의도한강공원,POI105,KEY_3,1180024601,여의동로,1180007004,시범아파트앞교차로,126.9401991775211798_37.5209785278175971,1180007602,원효대교앞교차로,126.9377991695937595_37.5228304435030964,295.0,33.0,원활,126.9377991695937595_37.5228304435030964|126.9394041207515187_37.5216176335209894|126.9401086909208090_37.5210660656542530|126.9401991775211798_37.5209785278175971
2026-09-04T23:16:36.811991+09:00,여의도한강공원,여의도한강공원,POI105,KEY_3,1180024701,여의동로,1180039300,원효대교(남측),126.9394984211137256_37.5216954122665811,1180007001,시범아파트앞교차로,126.9403039746038786_37.5210472508129982,101.0,43.0,원활,126.9403039746038786_37.5210472508129982|126.9402089441002488_37.5211391841689448|126.9394984211137256_37.5216954122665811
2026-09-04T23:16:36.811991+09:00,여의도한강공원,여의도한강공원,POI105,KEY_3,1180024702,여의동로,1180007601,원효대교앞교차로,126.9379087682920613_37.5228966618330730,1180039300,원효대교(남측),126.9394984211137256_37.5216954122665811,194.0,21.0,서행,126.9394984211137256_37.5216954122665811|126.9379087682920613_37.5228966618330730
2026-09-04T23:16:36.811991+09:00,여의도한강공원,여의도한강공원,POI105,KEY_3,1180027701,여의동로,1180044300,원효대교(남측),126.9363222446695119_37.5240962818884185,1180007604,원효대교앞교차로,126.9378089860223895_37.5229720840527037,181.0,18.0,서행,126.9378089860223895_37.5229720840527037|126.9363222446695119_37.5240962818884185
2026-09-04T23:16:36.811991+09:00,여의도한강공원,여의도한강공원,POI105,KEY_3,1180027702,여의동로,1180008201,여의도선착장앞교차로,126.9353157098191645_37.5248573421928668,1180044300,원효대교(남측),126.9363222446695119_37.5240962818884185,123.0,32.0,원활,126.9363222446695119_37.5240962818884185|126.9353157098191645_37.5248573421928668
2026-09-04T23:16:36.811991+09:00,여의도한강공원,여의도한강공원,POI105,KEY_3,1180031700,여의대방로,1180263900,최소노드배치점,126.9423668339206870_37.5252518313100794,1180043100,원효대교남단,126.9389194214592607_37.5234603791527448,364.0,68.3,원활,126.9389194214592607_37.5234603791527448|126.9423668339206870_37.5252518313100794
2026-09-04T23:16:36.811991+09:00,여의도한강공원,여의도한강공원,POI105,KEY_3,1180033501,여의동로,1180050000,마포대교남측,126.9304020221015321_37.5286131745307898,1180009104,여의중고교앞교차로,126.9325853985016863_37.5269417668937137,268.0,16.0,서행,126.9325853985016863_37.5269417668937137|126.9317038491518019_37.5276028935370434|126.9307836236958451_37.5283174604033363|126.9306853496340324_37.5283936719680753|126.9304020221015321_37.5286131745307898
2026-09-04T23:16:36.811991+09:00,여의도한강공원,여의도한강공원,POI105,KEY_3,1180033503,여의동로,1180050901,마포대교앞교차로,126.9295779021332464_37.5291926767471580,1180050000,마포대교남측,126.9304020221015321_37.5286131745307898,97.0,14.0,정체,126.9304020221015321_37.5286131745307898|126.9299369050538218_37.5289735100707489|126.9295779021332464_37.5291926767471580
2026-09-04T23:16:36.811991+09:00,여의도한강공원,여의도한강공원,POI105,KEY_3,1180038004,여의서로,1180057702,여의하류IC,126.9116446085465810_37.5333341738394211,1180010601,여의하류IC,126.9158866788485369_37.5334891812985134,389.0,28.0,원활,126.9158866788485369_37.5334891812985134|126.9157160525504509_37.5335075640938882|126.9145253690237212_37.5336052142657834|126.9129473608267773_37.5337346107591614|126.9127263123781830_37.5337454488282916|126.9125619724539717_37.5337376282147730|126.9123498788537177_37.5336886646839432|126.9121669423552277_37.5336324766132563|126.9119754499676134_37.5335430187373973|126.9117951706554237_37.5334397412671237|126.9116446085465810_37.5333341738394211
2026-09-04T23:16:36.811991+09:00,여의도한강공원,여의도한강공원,POI105,KEY_3,1180038702,여의서로,1180323000,최소노드배치점,126.9187881082516611_37.5328709059154022,1180010304,서강대교(남측),126.9216090189517701_37.5320376430852960,266.0,35.0,원활,126.9216090189517701_37.5320376430852960|126.9203533112228826_37.5324099776008708|126.9202812799588713_37.5324311902864451|126.9187881082516611_37.5328709059154022
2026-09-04T23:16:36.811991+09:00,여의도한강공원,여의도한강공원,POI105,KEY_3,1180039200,올림픽대로,1180058400,여의하류IC,126.9148490647562824_37.5338551834337650,1180010601,여의하류IC,126.9158866788485369_37.5334891812985134,100.0,28.5,정체,126.9158866788485369_37.5334891812985134|126.9155841280332453_37.5335956228786003|126.9148490647562824_37.5338551834337650
2026-09-04T23:16:36.811991+09:00,여의도한강공원,여의도한강공원,POI105,KEY_3,1180041102,국회대로,1180274900,최소노드배치점,126.9238759567866452_37.5352270758419237,1180010301,서강대교(남측),126.9217369577254289_37.5319990605573608,405.0,65.0,원활,126.9217369577254289_37.5319990605573608|126.9234661246942437_37.5346102805177892|126.9238759567866452_37.5352270758419237
2026-09-04T23:16:36.811991+09:00,여의도한강공원,여의도한강공원,POI105,KEY_3,1180086000,여의대방로,1180043100,원효대교남단,126.9389194214592607_37.5234603791527448,1180038401,원효대교(남측),126.9355118374576392_37.5214344074539099,377.0,61.3,원활,126.9355118374576392_37.5214344074539099|126.9357682265078324_37.5215237383808358|126.9368814016096110_37.5222080746101767|126.9378844663648636_37.5228141242598880|126.9386342653729258_37.5232817445596751|126.9389194214592607_37.5234603791527448
2026-09-04T23:16:36.811991+09:00,여의도한강공원,여의도한강공원,POI105,KEY_3,1180086100,여의대방로,1180038402,원효대교(남측),126.9354288936371944_37.5215199968422155,1180043400,원효대교남단,126.9388452416195463_37.5235509284484792,378.0,61.0,원활,126.9388452416195463_37.5235509284484792|126.9385269005017420_37.5234022392466500|126.9377236729463903_37.5229883934775685|126.9367164135576331_37.5223798075140991|126.9356023408485044_37.5216949187275617|126.9354288936371944_37.5215199968422155
2026-09-04T23:16:36.811991+09:00,여의도한강공원,여의도한강공원,POI105,KEY_3,1180086200,여의대방로,1180043100,원효대교남단,126.9389194214592607_37.5234603791527448,1180039300,원효대교(남측),126.9394984211137256_37.5216954122665811,256.0,46.7,원활,126.9394984211137256_37.5216954122665811|126.9394143576814571_37.5217932892441297|126.9390639344829168_37.5220578983287538|126.9386058222683715_37.5224039073714266|126.9384454643178373_37.5225455615191805|126.9383732776471589_37.5226476074626873|126.9383372872894142_37.5227369852470787|126.9383282232904264_37.5228406804968202|126.9383416241537788_37.5229229319018529|126.9383954201431948_37.5230195086963576|126.9384806415670255_37.5231196770154796|126.9389194214592607_37.5234603791527448
2026-09-04T23:16:36.811991+09:00,여의도한강공원,여의도한강공원,POI105,KEY_3,1180088800,여의동로,1180044300,원효대교(남측),126.9363222446695119_37.5240962818884185,1180043400,원효대교남단,126.9388452416195463_37.5235509284484792,262.0,50.0,원활,126.9388452416195463_37.5235509284484792|126.9384579493625438_37.5234164617016432|126.9382200598614503_37.5233412443599619|126.9380943813213918_37.5233018443910211|126.9379642022848174_37.5232767444369202|126.9378340066637492_37.5232731008024061|126.9376229810390129_37.5232872929537464|126.9374613272680392_37.5233193903731248|126.9373544849209878_37.5233714062846175|126.9371561824279837_37.5235065711294808|126.9363767315390135_37.5240925820042506|126.9363222446695119_37.5240962818884185
2026-09-04T23:16:36.811991+09:00,여의도한강공원,여의도한강공원,POI105,KEY_3,1180097300,여의대로,1180051800,마포대교,126.9308059681326171_37.5299618570035207,1180050000,마포대교남측,126.9304020221015321_37.5286131745307898,175.0,40.0,원활,126.9304020221015321_37.5286131745307898|126.9302674992351569_37.5287639444649983|126.9301715807580422_37.5289069217861453|126.9301534341487070_37.5291071595431802|126.9301772199870157_37.5292788143913825|126.9302847624288546_37.5295125003925918|126.9308059681326171_37.5299618570035207
2026-09-04T23:16:36.811991+09:00,여의도한강공원,여의도한강공원,POI105,KEY_3,1180098300,여의대로,1180051900,마포대교(남측),126.9282127564699607_37.5297704303567201,1180052400,마포대교,126.9307212821010751_37.5300463600273631,231.0,40.0,원활,126.9307212821010751_37.5300463600273631|126.9298072793187941_37.5297592892750274|126.9295379418201009_37.5296911879758781|126.9293044968049458_37.5296517134467038|126.9291024559104528_37.5296408650083890|126.9289048951919625_37.5296407462443824|126.9286983266459004_37.5296692285065987|126.9283704934996138_37.5297333958644117|126.9282127564699607_37.5297704303567201
2026-09-04T23:16:36.811991+09:00,여의도한강공원,여의도한강공원,POI105,KEY_3,1180103700,올림픽대로,1180056900,여의하류IC앞,126.9099107440064671_37.5323785517192547,1180058100,여의하류IC,126.9113470954211209_37.5334759494431651,183.0,48.0,서행,126.9113470954211209_37.5334759494431651|126.9112574345930824_37.5333543028651491|126.9111647860354850_37.5332278867742630|126.9110691582745005_37.5330895481243871|126.9109675293688468_37.5329631251105766|126.9108449616440879_37.5328247659603988|126.9107313287380663_37.5327245564036360|126.9105578407508830_37.5326123820790158|126.9103573956169413_37.5325144895265197|126.9101523716446422_37.5324473163778976|126.9099107440064671_37.5323785517192547
2026-09-04T23:16:36.811991+09:00,여의도한강공원,여의도한강공원,POI105,KEY_3,1180104000,올림픽대로,1180322800,최소노드배치점,126.9188633519518135_37.5330663833708513,1180054900,여의하류IC,126.9238476077766080_37.5313717470433375,486.0,35.0,서행,126.9238476077766080_37.5313717470433375|126.9235232634260058_37.5316199137243132|126.9232000481612062_37.5318505638760769|126.9230158194888247_37.5319791744498730|126.9228496134543036_37.5320470077723343|126.9224004740734983_37.5321647167067241|126.9210485355217912_37.5325392848552042|126.9195124922006812_37.5329065609222638|126.9188633519518135_37.5330663833708513
2026-09-04T23:16:36.811991+09:00,여의도한강공원,여의도한강공원,POI105,KEY_3,1180104100,올림픽대로,1180058200,여의하류IC,126.9088719404886518_37.5335782193263654,1180057200,여의하류IC앞,126.9095075762253231_37.5324759606280765,136.0,49.0,서행,126.9095075762253231_37.5324759606280765|126.9094010991301218_37.5327426013710124|126.9092574981122681_37.5331043762872483|126.9092073553575375_37.5331971336186072|126.9090893547378300_37.5333503643350284|126.9088719404886518_37.5335782193263654
2026-09-04T23:16:36.811991+09:00,여의도한강공원,여의도한강공원,POI105,KEY_3,1180104200,올림픽대로,1180056900,여의하류IC앞,126.9099107440064671_37.5323785517192547,1180057200,여의하류IC앞,126.9095075762253231_37.5324759606280765,244.0,39.7,서행,126.9095075762253231_37.5324759606280765|126.9094841950826407_37.5325994681253974|126.9094564797182016_37.5327452630529876|126.9094313198684887_37.5328977660792660|126.9094484590793002_37.5330027836566202|126.9095046031765150_37.5330984571128070|126.9095730635125250_37.5331512658508686|126.9096595477012244_37.5331970100760017|126.9097791981177750_37.5332143016489468|126.9099049867064224_37.5332125452215948|126.9100668986708342_37.5331871216565673|126.9101840428222800_37.5331423950281788|126.9102684147233475_37.5330760409922490|126.9103138214403117_37.5330142623253735|126.9103534441543815_37.5329262222845230|126.9103630663362168_37.5328451854664635|126.9103489008242747_37.5327425678390441|126.9103166942296639_37.5326493988199772|126.9102455019530993_37.5325631892314817|126.9101144752508361_37.5324695269450785|126.9099107440064671_37.5323785517192547
2026-09-04T23:16:36.811991+09:00,여의도한강공원,여의도한강공원,POI105,KEY_3,1180104400,올림픽대로,1180058200,여의하류IC,126.9088719404886518_37.5335782193263654,1180058100,여의하류IC,126.9113470954211209_37.5334759494431651,236.0,41.3,서행,126.9113470954211209_37.5334759494431651|126.9111690623947908_37.5333607524628903|126.9109989641811467_37.5332847817553272|126.9108511282904743_37.5332339637287120|126.9106941120611651_37.5332081395440156|126.9105324361279230_37.5332037554386346|126.9103751385429319_37.5332137012479095|126.9102175873575931_37.5332558412137871|126.9100735400548814_37.5332944719436838|126.9099296329114139_37.5333152159377619|126.9097947662082930_37.5333288514592383|126.9096330327877951_37.5333316200244838|126.9094937305390545_37.5333380780400887|126.9093228160708549_37.5333658410132927|126.9091877513593118_37.5334045154003917|126.9090840728703284_37.5334505001922309|126.9088719404886518_37.5335782193263654
2026-09-04T23:16:36.811991+09:00,여의도한강공원,여의도한강공원,POI105,KEY_3,1180104700,올림픽대로,1180057702,여의하류IC,126.9116446085465810_37.5333341738394211,1180058600,여의하류IC,126.9124480904624335_37.5340012297976102,103.0,29.0,정체,126.9124480904624335_37.5340012297976102|126.9122745980778859_37.5338890571121127|126.9120682102647208_37.5337482538104155|126.9119545687167232_37.5336528126330577|126.9118678582978959_37.5335669276376009|126.9117632252879702_37.5334476543186142|126.9116446085465810_37.5333341738394211
2026-09-04T23:16:36.811991+09:00,여의도한강공원,여의도한강공원,POI105,KEY_3,1180105100,올림픽대로,1180058100,여의하류IC,126.9113470954211209_37.5334759494431651,1180058600,여의하류IC,126.9124480904624335_37.5340012297976102,118.0,31.0,서행,126.9124480904624335_37.5340012297976102|126.9122714926787694_37.5339844113092269|126.9121398055384304_37.5339604738344619|126.9119004108432165_37.5338863945131394|126.9117179131641819_37.5337956707200888|126.9115683555591261_37.5336954342220679|126.9114666742656965_37.5336119217694275|126.9113470954211209_37.5334759494431651
2026-09-04T23:16:36.811991+09:00,여의도한강공원,여의도한강공원,POI105,KEY_3,1180105300,올림픽대로,1180058600,여의하류IC,126.9124480904624335_37.5340012297976102,1180058400,여의하류IC,126.9148490647562824_37.5338551834337650,213.0,26.0,정체,126.9148490647562824_37.5338551834337650|126.9146365081849410_37.5338693333682087|126.9127833540508021_37.5340110131640330|126.9126216957507864_37.5340180458078123|126.9124480904624335_37.5340012297976102
2026-09-04T23:16:36.811991+09:00,여의도한강공원,여의도한강공원,POI105,KEY_3,1180105700,올림픽대로,1180001500,여의하류IC,126.9073822654269605_37.5347960718864755,1180058200,여의하류IC,126.9088719404886518_37.5335782193263654,189.0,50.0,원활,126.9088719404886518_37.5335782193263654|126.9083242197496730_37.5341084847941602|126.9081522571456162_37.5342685986380289|126.9077456701091364_37.5345598932521654|126.9073822654269605_37.5347960718864755
2026-09-04T23:16:36.811991+09:00,여의도한강공원,여의도한강공원,POI105,KEY_3,1180131800,올림픽대로,1180073200,여의상류IC,126.9413747929981042_37.5171839921024386,1180072900,여의상류IC,126.9406083800987517_37.5174248708792817,223.0,35.5,서행,126.9406083800987517_37.5174248708792817|126.9405930312344424_37.5175435153873309|126.9406092616678592_37.5176670087558009|126.9406471748521454_37.5177969651017236|126.9407050223394009_37.5178687842951106|126.9407719322446866_37.5179299139964257|126.9408479565857988_37.5179732011517402|126.9409330178654471_37.5180093757528255|126.9410361749584411_37.5180277509984137|126.9411618942258571_37.5180319231682446|126.9413057634171480_37.5180111401280030|126.9414454615370147_37.5179474103264710|126.9415493929910213_37.5178620475961679|126.9416038699689295_37.5177836052660467|126.9416231424661277_37.5177302402591408|126.9416451412587463_37.5176693288908751|126.9416504315423992_37.5175620364262841|126.9416241520395943_37.5174724808295537|126.9415895959336780_37.5173712900806677|126.9415130106084462_37.5172832160456764|126.9414200748953476_37.5172121420924327|126.9413747929981042_37.5171839921024386
2026-09-04T23:16:36.811991+09:00,여의도한강공원,여의도한강공원,POI105,KEY_3,1180131900,올림픽대로,1180033601,여의상류IC,126.9410620352872030_37.5197641943777285,1180073300,여의상류IC,126.9429855095649771_37.5174961988850910,356.0,33.0,서행,126.9429855095649771_37.5174961988850910|126.9425770783428646_37.5174620764480835|126.9423645811656343_37.5174515339232642|126.9422687580351123_37.5174534666303643|126.9421458647768333_37.5174719653657647|126.9420678452474931_37.5174954451136884|126.9419987904991132_37.5175213520105117|126.9419236224377983_37.5175639235214362|126.9418634063433728_37.5176089512716757|126.9418000721829998_37.5176706568276828|126.9417427069557931_37.5177485130741815|126.9416003222524836_37.5179582783130741|126.9415367386929461_37.5180533702759931|126.9414333808193476_37.5182627473598558|126.9414028723800385_37.5183389174551678|126.9413353512353808_37.5185603874609441|126.9413075523894747_37.5186747280699180|126.9411772528702187_37.5192846297340026|126.9411243449818727_37.5195538654257774|126.9410620352872030_37.5197641943777285
2026-09-04T23:16:36.811991+09:00,여의서로,여의서로,POI126,KEY_4,1180031402,국회대로,1180046001,여의2교남단교차로,126.9110548372880771_37.5257645667991255,1180047804,의원회관앞교차로,126.9134650625379095_37.5269942928087872,253.0,38.0,원활,126.9134650625379095_37.5269942928087872|126.9110548372880771_37.5257645667991255
2026-09-04T23:16:36.811991+09:00,여의서로,여의서로,POI126,KEY_4,1180031502,국회대로,1180047803,의원회관앞교차로,126.9135274643399640_37.5268977275474711,1180046002,여의2교남단교차로,126.9111139413039098_37.5256663196409335,253.0,16.0,서행,126.9111139413039098_37.5256663196409335|126.9135274643399640_37.5268977275474711
2026-09-04T23:16:36.811991+09:00,여의서로,여의서로,POI126,KEY_4,1180036401,국회대로,1180155000,여의도동 1-1,126.9184061280869713_37.5300009967483419,1180010303,서강대교(남측),126.9215102204224763_37.5319506286676088,350.0,26.0,원활,126.9215102204224763_37.5319506286676088|126.9210461430147205_37.5316255718379566|126.9203325255415535_37.5311864488027496|126.9197419650193126_37.5308230414341679|126.9191619518192908_37.5304661181429466|126.9185557758553813_37.5300930883489983|126.9184061280869713_37.5300009967483419
2026-09-04T23:16:36.811991+09:00,여의서로,여의서로,POI126,KEY_4,1180038001,여의서로,1180047804,의원회관앞교차로,126.9134650625379095_37.5269942928087872,1180050300,여의하류IC,126.9125858842577514_37.5288463372735421,220.0,16.0,서행,126.9125858842577514_37.5288463372735421|126.9133384396445194_37.5272156123272751|126.9134650625379095_37.5269942928087872
2026-09-04T23:16:36.811991+09:00,여의서로,여의서로,POI126,KEY_4,1180038003,여의서로,1180323100,최소노드배치점,126.9117402894865307_37.5311049087075475,1180057702,여의하류IC,126.9116446085465810_37.5333341738394211,262.0,28.0,원활,126.9116446085465810_37.5333341738394211|126.9114652390462226_37.5331501506058203|126.9113732100930463_37.5329943489975122|126.9112983897178282_37.5327900539595092|126.9112674876685105_37.5325516232177918|126.9112865696183974_37.5323367272189188|126.9113546059211899_37.5321355343469492|126.9114569592268964_37.5318631682642589|126.9115238408340929_37.5316841785415747|126.9117402894865307_37.5311049087075475
2026-09-04T23:16:36.811991+09:00,여의서로,여의서로,POI126,KEY_4,1180038004,여의서로,1180057702,여의하류IC,126.9116446085465810_37.5333341738394211,1180010601,여의하류IC,126.9158866788485369_37.5334891812985134,389.0,28.0,원활,126.9158866788485369_37.5334891812985134|126.9157160525504509_37.5335075640938882|126.9145253690237212_37.5336052142657834|126.9129473608267773_37.5337346107591614|126.9127263123781830_37.5337454488282916|126.9125619724539717_37.5337376282147730|126.9123498788537177_37.5336886646839432|126.9121669423552277_37.5336324766132563|126.9119754499676134_37.5335430187373973|126.9117951706554237_37.5334397412671237|126.9116446085465810_37.5333341738394211
2026-09-04T23:16:36.811991+09:00,여의서로,여의서로,POI126,KEY_4,1180038101,여의서로,1180141500,여의도동 8-1,126.9125034013571849_37.5294588335489934,1180047801,의원회관앞교차로,126.9135777323507170_37.5270581170031505,283.0,40.0,원활,126.9135777323507170_37.5270581170031505|126.9134640961386822_37.5272567387847005|126.9127147702930785_37.5288800985185560|126.9125034013571849_37.5294588335489934
2026-09-04T23:16:36.811991+09:00,여의서로,여의서로,POI126,KEY_4,1180038102,여의서로,1180136800,여의도동 8-1,126.9145114614992735_37.5334976629259458,1180057701,여의하류IC,126.9117432717733465_37.5332606350129012,257.0,28.7,원활,126.9117432717733465_37.5332606350129012|126.9118798764054787_37.5333550779968661|126.9120496011042292_37.5334523089724428|126.9122261082116410_37.5335347665300532|126.9123932874727672_37.5335861143590392|126.9125852087945532_37.5336304218281285|126.9127261896915257_37.5336371304333341|126.9129362320318251_37.5336268320589994|126.9145114614992735_37.5334976629259458
2026-09-04T23:16:36.811991+09:00,여의서로,여의서로,POI126,KEY_4,1180038602,여의서로,1180199400,여의도동 8-1,126.9180805162101962_37.5329548925892027,1180010602,여의하류IC,126.9158651872016321_37.5333825331527251,202.0,25.0,원활,126.9158651872016321_37.5333825331527251|126.9163150027583100_37.5333154038283041|126.9167447105342319_37.5332479919289739|126.9172043329491686_37.5331630452426737|126.9179823764344519_37.5329820256749258|126.9180805162101962_37.5329548925892027
2026-09-04T23:16:36.811991+09:00,여의서로,여의서로,POI126,KEY_4,1180038702,여의서로,1180323000,최소노드배치점,126.9187881082516611_37.5328709059154022,1180010304,서강대교(남측),126.9216090189517701_37.5320376430852960,266.0,35.0,원활,126.9216090189517701_37.5320376430852960|126.9203533112228826_37.5324099776008708|126.9202812799588713_37.5324311902864451|126.9187881082516611_37.5328709059154022
2026-09-04T23:16:36.811991+09:00,여의서로,여의서로,POI126,KEY_4,1180039200,올림픽대로,1180058400,여의하류IC,126.9148490647562824_37.5338551834337650,1180010601,여의하류IC,126.9158866788485369_37.5334891812985134,100.0,28.5,정체,126.9158866788485369_37.5334891812985134|126.9155841280332453_37.5335956228786003|126.9148490647562824_37.5338551834337650
2026-09-04T23:16:36.811991+09:00,여의서로,여의서로,POI126,KEY_4,1180041102,국회대로,1180274900,최소노드배치점,126.9238759567866452_37.5352270758419237,1180010301,서강대교(남측),126.9217369577254289_37.5319990605573608,405.0,65.0,원활,126.9217369577254289_37.5319990605573608|126.9234661246942437_37.5346102805177892|126.9238759567866452_37.5352270758419237
2026-09-04T23:16:36.811991+09:00,여의서로,여의서로,POI126,KEY_4,1180093800,올림픽대로,1180046700,여의하류IC,126.9139332883952989_37.5258302984319769,1180049300,여의하류IC,126.9124219382957364_37.5282059407288671,296.0,43.0,원활,126.9124219382957364_37.5282059407288671|126.9126709766838559_37.5276959699368291|126.9130099086824686_37.5271002435067516|126.9134446643213892_37.5264640601462816|126.9135615846091270_37.5263044242820101|126.9139332883952989_37.5258302984319769
2026-09-04T23:16:36.811991+09:00,여의서로,여의서로,POI126,KEY_4,1180097500,올림픽대로,1180049300,여의하류IC,126.9124219382957364_37.5282059407288671,1180053000,여의하류IC,126.9116502139587652_37.5302817461312657,241.0,36.7,원활,126.9116502139587652_37.5302817461312657|126.9117554871957765_37.5298527220926914|126.9119085944505940_37.5294737959552691|126.9122868518727643_37.5285372036068665|126.9124219382957364_37.5282059407288671
2026-09-04T23:16:36.811991+09:00,여의서로,여의서로,POI126,KEY_4,1180098200,여의서로,1180050300,여의하류IC,126.9125858842577514_37.5288463372735421,1180053000,여의하류IC,126.9116502139587652_37.5302817461312657,180.0,35.0,원활,126.9116502139587652_37.5302817461312657|126.9119321014785982_37.5298480867291033|126.9124478698020368_37.5290689337596177|126.9125858842577514_37.5288463372735421
2026-09-04T23:16:36.811991+09:00,여의서로,여의서로,POI126,KEY_4,1180100100,올림픽대로,1180053000,여의하류IC,126.9116502139587652_37.5302817461312657,1180054600,여의하류IC,126.9113467485372553_37.5312398487618282,110.0,42.0,원활,126.9113467485372553_37.5312398487618282|126.9114940115750727_37.5307441067722678|126.9116502139587652_37.5302817461312657
2026-09-04T23:16:36.811991+09:00,여의서로,여의서로,POI126,KEY_4,1180101100,올림픽대로,1180054600,여의하류IC,126.9113467485372553_37.5312398487618282,1180053900,여의하류IC,126.9101796785526517_37.5308445942274886,161.0,37.7,서행,126.9101796785526517_37.5308445942274886|126.9101931014992317_37.5310414092060398|126.9102886836397630_37.5312624829991321|126.9103927384446138_37.5313583960722070|126.9105342246899681_37.5314544950895836|126.9107135639955573_37.5314971247237921|126.9109007655329577_37.5314920961623173|126.9111183798562479_37.5314275989006632|126.9112086357648082_37.5313743906016768|126.9113467485372553_37.5312398487618282
2026-09-04T23:16:36.811991+09:00,여의서로,여의서로,POI126,KEY_4,1180102100,올림픽대로,1180055000,여의하류IC앞,126.9097766577302622_37.5319288643150841,1180056700,여의하류IC앞,126.9099677257352141_37.5322885743723162,247.0,38.7,서행,126.9099677257352141_37.5322885743723162|126.9101802749627552_37.5322898012020829|126.9104318980016188_37.5322803263696159|126.9105533440733069_37.5322594692428169|126.9106435161752842_37.5322169922414162|126.9107278503933003_37.5321554077364397|126.9108033508016575_37.5320746999620383|126.9108579076633276_37.5319915030838942|126.9108854019603427_37.5319224810316570|126.9108979423341879_37.5318509987701034|126.9108805013922705_37.5317841367436387|126.9108362782712049_37.5316956773246275|126.9107828271066865_37.5316381747174148|126.9106874170305019_37.5315852327633905|126.9105858681555645_37.5315513377507699|126.9104842061042717_37.5315317522630707|126.9103943910203895_37.5315289189790775|126.9102954982978702_37.5315379647373817|126.9102025389048976_37.5315541941005435|126.9100974322583681_37.5315918264329014|126.9100101221350911_37.5316510106624506|126.9099196124940221_37.5317364124159667|126.9097766577302622_37.5319288643150841
2026-09-04T23:16:36.811991+09:00,여의서로,여의서로,POI126,KEY_4,1180103300,올림픽대로,1180054600,여의하류IC,126.9113467485372553_37.5312398487618282,1180056700,여의하류IC앞,126.9099677257352141_37.5322885743723162,207.0,44.0,원활,126.9099677257352141_37.5322885743723162|126.9102019059527322_37.5323529642993847|126.9104144226252089_37.5323881863476316|126.9105551300773840_37.5323763736599858|126.9106838828241166_37.5323478643264963|126.9107976882863937_37.5323026561256228|126.9109025353903490_37.5322383695701731|126.9109714553170818_37.5321788239392902|126.9110374194450657_37.5320882852129003|126.9110944195145976_37.5319834363101563|126.9113016746642160_37.5313852328840198|126.9113467485372553_37.5312398487618282
2026-09-04T23:16:36.811991+09:00,여의서로,여의서로,POI126,KEY_4,1180103700,올림픽대로,1180056900,여의하류IC앞,126.9099107440064671_37.5323785517192547,1180058100,여의하류IC,126.9113470954211209_37.5334759494431651,183.0,48.0,서행,126.9113470954211209_37.5334759494431651|126.9112574345930824_37.5333543028651491|126.9111647860354850_37.5332278867742630|126.9110691582745005_37.5330895481243871|126.9109675293688468_37.5329631251105766|126.9108449616440879_37.5328247659603988|126.9107313287380663_37.5327245564036360|126.9105578407508830_37.5326123820790158|126.9103573956169413_37.5325144895265197|126.9101523716446422_37.5324473163778976|126.9099107440064671_37.5323785517192547
2026-09-04T23:16:36.811991+09:00,여의서로,여의서로,POI126,KEY_4,1180104000,올림픽대로,1180322800,최소노드배치점,126.9188633519518135_37.5330663833708513,1180054900,여의하류IC,126.9238476077766080_37.5313717470433375,486.0,35.0,서행,126.9238476077766080_37.5313717470433375|126.9235232634260058_37.5316199137243132|126.9232000481612062_37.5318505638760769|126.9230158194888247_37.5319791744498730|126.9228496134543036_37.5320470077723343|126.9224004740734983_37.5321647167067241|126.9210485355217912_37.5325392848552042|126.9195124922006812_37.5329065609222638|126.9188633519518135_37.5330663833708513
2026-09-04T23:16:36.811991+09:00,여의서로,여의서로,POI126,KEY_4,1180104400,올림픽대로,1180058200,여의하류IC,126.9088719404886518_37.5335782193263654,1180058100,여의하류IC,126.9113470954211209_37.5334759494431651,236.0,41.3,서행,126.9113470954211209_37.5334759494431651|126.9111690623947908_37.5333607524628903|126.9109989641811467_37.5332847817553272|126.9108511282904743_37.5332339637287120|126.9106941120611651_37.5332081395440156|126.9105324361279230_37.5332037554386346|126.9103751385429319_37.5332137012479095|126.9102175873575931_37.5332558412137871|126.9100735400548814_37.5332944719436838|126.9099296329114139_37.5333152159377619|126.9097947662082930_37.5333288514592383|126.9096330327877951_37.5333316200244838|126.9094937305390545_37.5333380780400887|126.9093228160708549_37.5333658410132927|126.9091877513593118_37.5334045154003917|126.9090840728703284_37.5334505001922309|126.9088719404886518_37.5335782193263654
2026-09-04T23:16:36.811991+09:00,여의서로,여의서로,POI126,KEY_4,1180104700,올림픽대로,1180057702,여의하류IC,126.9116446085465810_37.5333341738394211,1180058600,여의하류IC,126.9124480904624335_37.5340012297976102,103.0,29.0,정체,126.9124480904624335_37.5340012297976102|126.9122745980778859_37.5338890571121127|126.9120682102647208_37.5337482538104155|126.9119545687167232_37.5336528126330577|126.9118678582978959_37.5335669276376009|126.9117632252879702_37.5334476543186142|126.9116446085465810_37.5333341738394211
2026-09-04T23:16:36.811991+09:00,여의서로,여의서로,POI126,KEY_4,1180105100,올림픽대로,1180058100,여의하류IC,126.9113470954211209_37.5334759494431651,1180058600,여의하류IC,126.9124480904624335_37.5340012297976102,118.0,31.0,서행,126.9124480904624335_37.5340012297976102|126.9122714926787694_37.5339844113092269|126.9121398055384304_37.5339604738344619|126.9119004108432165_37.5338863945131394|126.9117179131641819_37.5337956707200888|126.9115683555591261_37.5336954342220679|126.9114666742656965_37.5336119217694275|126.9113470954211209_37.5334759494431651
2026-09-04T23:16:36.811991+09:00,여의서로,여의서로,POI126,KEY_4,1180105300,올림픽대로,1180058600,여의하류IC,126.9124480904624335_37.5340012297976102,1180058400,여의하류IC,126.9148490647562824_37.5338551834337650,213.0,26.0,정체,126.9148490647562824_37.5338551834337650|126.9146365081849410_37.5338693333682087|126.9127833540508021_37.5340110131640330|126.9126216957507864_37.5340180458078123|126.9124480904624335_37.5340012297976102
2026-09-04T23:16:36.811991+09:00,올림픽공원,올림픽공원,POI127,KEY_1,1230023301,양재대로,1230222600,방이동 217-2,127.1268249994781740_37.5100254368363224,1230040803,올림픽공원앞교차로,127.1279156747526429_37.5117452056324225,214.0,24.0,서행,127.1279156747526429_37.5117452056324225|127.1268249994781740_37.5100254368363224
2026-09-04T23:16:36.811991+09:00,올림픽공원,올림픽공원,POI127,KEY_1,1230023904,위례성대로,1230038803,오금초교,127.1315805616083452_37.5102624702576577,1230040802,올림픽공원앞교차로,127.1280368042940410_37.5116964262882320,351.0,44.0,원활,127.1280368042940410_37.5116964262882320|127.1315805616083452_37.5102624702576577
2026-09-04T23:16:36.811991+09:00,올림픽공원,올림픽공원,POI127,KEY_1,1230024003,위례성대로,1230040801,올림픽공원앞교차로,127.1280993215722361_37.5117923995774305,1230038804,오금초교,127.1316420322552858_37.5103588665718206,351.0,21.0,서행,127.1316420322552858_37.5103588665718206|127.1280993215722361_37.5117923995774305
2026-09-04T23:16:36.811991+09:00,올림픽공원,올림픽공원,POI127,KEY_1,1230024703,가락로,1230042404,에뜨왈리코리아,127.1197334005263002_37.5127417204113840,1230008303,방이초교앞교차로,127.1208213191434737_37.5145580278620869,223.0,20.0,서행,127.1208213191434737_37.5145580278620869|127.1197334005263002_37.5127417204113840
2026-09-04T23:16:36.811991+09:00,올림픽공원,올림픽공원,POI127,KEY_1,1230024803,가락로,1230008302,방이초교앞교차로,127.1209450232393436_37.5145134722125775,1230042401,에뜨왈리코리아,127.1198552228544401_37.5126940280713512,224.0,19.5,서행,127.1198552228544401_37.5126940280713512|127.1209450232393436_37.5145134722125775
2026-09-04T23:16:36.811991+09:00,올림픽공원,올림픽공원,POI127,KEY_1,1230025502,위례성대로12길,1230384600,방이동 75-1,127.1226867891286361_37.5132366843652107,1230008203,올림픽공원남2문,127.1230115468975583_37.5137580552017056,65.0,25.0,원활,127.1230115468975583_37.5137580552017056|127.1226867891286361_37.5132366843652107
2026-09-04T23:16:36.811991+09:00,올림픽공원,올림픽공원,POI127,KEY_1,1230025602,위례성대로12길,1230008202,올림픽공원남2문,127.1231332582007383_37.5137101955394456,1230041001,제이에스빌딩,127.1219838454871649_37.5118648795729470,229.0,20.0,서행,127.1219838454871649_37.5118648795729470|127.1228083768162378_37.5131886276024815|127.1231332582007383_37.5137101955394456
2026-09-04T23:16:36.811991+09:00,올림픽공원,올림픽공원,POI127,KEY_1,1230026102,위례성대로,1230040803,올림픽공원앞교차로,127.1279156747526429_37.5117452056324225,1230042502,방이동 181-7,127.1254911970844859_37.5127168656425241,240.0,9.0,정체,127.1254911970844859_37.5127168656425241|127.1279156747526429_37.5117452056324225
2026-09-04T23:16:36.811991+09:00,올림픽공원,올림픽공원,POI127,KEY_1,1230026103,위례성대로,1230042503,방이동 181-7,127.1253705911887266_37.5127664663946732,1230008202,올림픽공원남2문,127.1231332582007383_37.5137101955394456,224.0,15.0,서행,127.1231332582007383_37.5137101955394456|127.1253705911887266_37.5127664663946732
2026-09-04T23:16:36.811991+09:00,올림픽공원,올림픽공원,POI127,KEY_1,1230026202,위례성대로,1230008201,올림픽공원남2문,127.1231967749277914_37.5138057465937962,1230040804,올림픽공원앞교차로,127.1279781659139445_37.5118411937980127,476.0,41.0,원활,127.1279781659139445_37.5118411937980127|127.1255521973024827_37.5128134512352105|127.1254341104055641_37.5128620169255242|127.1231967749277914_37.5138057465937962
2026-09-04T23:16:36.811991+09:00,올림픽공원,올림픽공원,POI127,KEY_1,1230026702,백제고분로,1230397100,방이동 94-4,127.1155243442379685_37.5158080782483836,1230045403,올림픽공원남4문앞교차로,127.1158353619488821_37.5163285598069436,64.0,22.0,서행,127.1158353619488821_37.5163285598069436|127.1155243442379685_37.5158080782483836
2026-09-04T23:16:36.811991+09:00,올림픽공원,올림픽공원,POI127,KEY_1,1230026802,백제고분로,1230045402,올림픽공원남4문앞교차로,127.1159592191718559_37.5162842594980717,1230043901,방이중,127.1149670532686144_37.5146238680820474,204.0,33.0,원활,127.1149670532686144_37.5146238680820474|127.1156469051217641_37.5157616102810749|127.1159592191718559_37.5162842594980717
2026-09-04T23:16:36.811991+09:00,올림픽공원,올림픽공원,POI127,KEY_1,1230027100,위례성대로,1230008203,올림픽공원남2문,127.1230115468975583_37.5137580552017056,1230008302,방이초교앞교차로,127.1209450232393436_37.5145134722125775,201.0,37.0,원활,127.1209450232393436_37.5145134722125775|127.1230115468975583_37.5137580552017056
2026-09-04T23:16:36.811991+09:00,올림픽공원,올림픽공원,POI127,KEY_1,1230027200,위례성대로,1230424900,최소노드배치점,127.1195466393614311_37.5151289900827436,1230008204,올림픽공원남2문,127.1230681603091739_37.5138563218870544,342.0,49.0,원활,127.1230681603091739_37.5138563218870544|127.1210016343324725_37.5146117395583261|127.1208765811574466_37.5146567818947432|127.1195466393614311_37.5151289900827436
2026-09-04T23:16:36.811991+09:00,올림픽공원,올림픽공원,POI127,KEY_1,1230028100,위례성대로,1230008303,방이초교앞교차로,127.1208213191434737_37.5145580278620869,1230045402,올림픽공원남4문앞교차로,127.1159592191718559_37.5162842594980717,471.0,47.3,원활,127.1159592191718559_37.5162842594980717|127.1194913787483216_37.5150302354333220|127.1208213191434737_37.5145580278620869
2026-09-04T23:16:36.811991+09:00,올림픽공원,올림픽공원,POI127,KEY_1,1230028702,양재대로,1230040804,올림픽공원앞교차로,127.1279781659139445_37.5118411937980127,1230043503,방이동 89-28,127.1293137788365044_37.5138391508336753,251.0,34.0,원활,127.1293137788365044_37.5138391508336753|127.1279781659139445_37.5118411937980127
2026-09-04T23:16:36.811991+09:00,올림픽공원,올림픽공원,POI127,KEY_1,1230028703,양재대로,1230043504,방이동 89-28,127.1293758864878356_37.5139336243623376,1230044603,올림픽공원동문교차로,127.1305797082937374_37.5157953632322290,232.0,23.0,서행,127.1305797082937374_37.5157953632322290|127.1293758864878356_37.5139336243623376
2026-09-04T23:16:36.811991+09:00,올림픽공원,올림픽공원,POI127,KEY_1,1230028704,양재대로,1230044604,올림픽공원동문교차로,127.1306432453781667_37.5158930503733714,1230047803,오륜교,127.1316412754749763_37.5174145740411831,191.0,23.5,서행,127.1316412754749763_37.5174145740411831|127.1306432453781667_37.5158930503733714
2026-09-04T23:16:36.811991+09:00,올림픽공원,올림픽공원,POI127,KEY_1,1230028802,양재대로,1230043502,방이동 89-28,127.1294335833399884_37.5137883314546841,1230040801,올림픽공원앞교차로,127.1280993215722361_37.5117923995774305,251.0,29.0,원활,127.1280993215722361_37.5117923995774305|127.1294335833399884_37.5137883314546841
2026-09-04T23:16:36.811991+09:00,올림픽공원,올림픽공원,POI127,KEY_1,1230028803,양재대로,1230044602,올림픽공원동문교차로,127.1307066675273347_37.5157555807827805,1230043501,방이동 89-28,127.1294965542968640_37.5138841169906101,234.0,29.0,원활,127.1294965542968640_37.5138841169906101|127.1307066675273347_37.5157555807827805
2026-09-04T23:16:36.811991+09:00,올림픽공원,올림픽공원,POI127,KEY_1,1230028804,양재대로,1230047802,오륜교,127.1317615823722491_37.5173645046840889,1230044601,올림픽공원동문교차로,127.1307691739442731_37.5158515552836462,189.0,29.0,원활,127.1307691739442731_37.5158515552836462|127.1317615823722491_37.5173645046840889
2026-09-04T23:16:36.811991+09:00,올림픽공원,올림픽공원,POI127,KEY_1,1230029101,올림픽로,1230044901,잠실진주아파트앞교차로,127.1088533723906977_37.5162718111141373,1230047903,올림픽공원앞교차로,127.1125664517782781_37.5175764714066560,359.0,28.0,원활,127.1125664517782781_37.5175764714066560|127.1121927794052340_37.5174099266855308|127.1096586157180326_37.5165462608805385|127.1088533723906977_37.5162718111141373
2026-09-04T23:16:36.811991+09:00,올림픽공원,올림픽공원,POI127,KEY_1,1230029300,위례성대로,1230045403,올림픽공원남4문앞교차로,127.1158353619488821_37.5163285598069436,1230047902,올림픽공원앞교차로,127.1126327333255119_37.5174821175529445,311.0,21.0,서행,127.1126327333255119_37.5174821175529445|127.1158353619488821_37.5163285598069436
2026-09-04T23:16:36.811991+09:00,올림픽공원,올림픽공원,POI127,KEY_1,1230029401,위례성대로,1230047901,올림픽공원앞교차로,127.1127294559663170_37.5175659412636975,1230045404,올림픽공원남4문앞교차로,127.1158912913085715_37.5164270745673178,307.0,15.0,서행,127.1158912913085715_37.5164270745673178|127.1127294559663170_37.5175659412636975
2026-09-04T23:16:36.811991+09:00,올림픽공원,올림픽공원,POI127,KEY_1,1230030701,올림픽로,1230047904,올림픽공원앞교차로,127.1126156383089949_37.5176248562335459,1230050103,올림픽회관앞교차로,127.1141234836901077_37.5200172918018566,297.0,24.0,서행,127.1141234836901077_37.5200172918018566|127.1130967077667009_37.5183006809000261|127.1127808418886076_37.5178273473246833|127.1126156383089949_37.5176248562335459
2026-09-04T23:16:36.811991+09:00,올림픽공원,올림픽공원,POI127,KEY_1,1230030802,올림픽로,1230050102,올림픽회관앞교차로,127.1142460290998173_37.5199707880909941,1230047901,올림픽공원앞교차로,127.1127294559663170_37.5175659412636975,299.0,26.0,원활,127.1127294559663170_37.5175659412636975|127.1128979059259194_37.5177724112602746|127.1132179682735881_37.5182520322072364|127.1142460290998173_37.5199707880909941
2026-09-04T23:16:36.811991+09:00,올림픽공원,올림픽공원,POI127,KEY_1,1230031300,올림픽로35길,1230380000,신천동 20-3,127.1120965855774898_37.5198794214376790,1230050104,올림픽회관앞교차로,127.1141869164074905_37.5201219523906175,187.0,13.0,정체,127.1141869164074905_37.5201219523906175|127.1139207414424419_37.5201377237057514|127.1137172639646593_37.5201260770116463|127.1129232291908551_37.5200052336238770|127.1120965855774898_37.5198794214376790
2026-09-04T23:16:36.811991+09:00,올림픽공원,올림픽공원,POI127,KEY_1,1230032100,올림픽로,1230400900,신천동 26,127.1145514766661790_37.5207067945448216,1230052003,성내교(남측),127.1155399981984147_37.5222925683271740,197.0,21.3,서행,127.1155399981984147_37.5222925683271740|127.1145514766661790_37.5207067945448216
2026-09-04T23:16:36.811991+09:00,올림픽공원,올림픽공원,POI127,KEY_1,1230032200,올림픽로,1230052001,성내교(남측),127.1156967807111187_37.5223009606581428,1230050101,올림픽회관앞교차로,127.1143085002419610_37.5200738709822801,276.0,50.7,원활,127.1143085002419610_37.5200738709822801|127.1146730610900732_37.5206587128019535|127.1156615842423037_37.5222444857121431|127.1156967807111187_37.5223009606581428
2026-09-04T23:16:36.811991+09:00,올림픽공원,올림픽공원,POI127,KEY_1,1230032404,강동대로,1230052403,서울체고앞,127.1309465905180929_37.5226422457426523,1230052602,올림픽공원북2문,127.1286484144718969_37.5236389836207067,231.0,46.0,원활,127.1286484144718969_37.5236389836207067|127.1309465905180929_37.5226422457426523
2026-09-04T23:16:36.811991+09:00,올림픽공원,올림픽공원,POI127,KEY_1,1230032504,강동대로,1230052601,올림픽공원북2문,127.1287133329938257_37.5237339387489186,1230052404,서울체고앞,127.1310115110815389_37.5227371996198542,231.0,18.0,서행,127.1310115110815389_37.5227371996198542|127.1287133329938257_37.5237339387489186
2026-09-04T23:16:36.811991+09:00,올림픽공원,올림픽공원,POI127,KEY_1,1230032902,올림픽로37길,1230424700,최소노드배치점,127.1116469399134274_37.5231307998258217,1230052004,성내교(남측),127.1156093484237601_37.5224038573356538,390.0,25.0,원활,127.1156093484237601_37.5224038573356538|127.1154210464076897_37.5226254636658609|127.1151860694290434_37.5229714220100377|127.1150231489065732_37.5230568047779158|127.1148610626049589_37.5231117596672803|127.1146813739484145_37.5231312778946844|127.1116469399134274_37.5231307998258217
2026-09-04T23:16:36.811991+09:00,올림픽공원,올림픽공원,POI127,KEY_1,1230033202,올림픽로,1230052004,성내교(남측),127.1156093484237601_37.5224038573356538,1230053103,올림픽대교남단교차로,127.1174254322370984_37.5253520980877155,364.0,47.0,원활,127.1174254322370984_37.5253520980877155|127.1168266280546959_37.5243574555609811|127.1156093484237601_37.5224038573356538
2026-09-04T23:16:36.811991+09:00,올림픽공원,올림픽공원,POI127,KEY_1,1230033301,올림픽로,1230053102,올림픽대교남단교차로,127.1176915230806799_37.5255440086627701,1230052001,성내교(남측),127.1156967807111187_37.5223009606581428,401.0,36.0,원활,127.1156967807111187_37.5223009606581428|127.1169486377113884_37.5243100484275445|127.1176915230806799_37.5255440086627701
2026-09-04T23:16:36.811991+09:00,올림픽공원,올림픽공원,POI127,KEY_1,1230033600,올림픽로43길,1230342000,풍납동 447,127.1141253196765888_37.5248124645393801,1230053104,올림픽대교남단교차로,127.1175353532768639_37.5255915012395889,333.0,29.0,원활,127.1175353532768639_37.5255915012395889|127.1171986824647178_37.5253250746693325|127.1163931251730617_37.5248172882132565|127.1149530945181425_37.5248116617606371|127.1141253196765888_37.5248124645393801
2026-09-04T23:16:36.811991+09:00,올림픽공원,올림픽공원,POI127,KEY_1,1230033801,강동대로,1230052603,올림픽공원북2문,127.1285292145280152_37.5236906555977967,1230052702,올림픽공원북2문앞교차로,127.1280135683207533_37.5239140807955565,52.0,11.0,정체,127.1280135683207533_37.5239140807955565|127.1285292145280152_37.5236906555977967
2026-09-04T23:16:36.811991+09:00,올림픽공원,올림픽공원,POI127,KEY_1,1230033802,강동대로,1230052703,올림픽공원북2문앞교차로,127.1278955398801997_37.5239676869855785,1230052902,그린빌딩,127.1255021088525581_37.5251103772284154,247.0,11.0,정체,127.1255021088525581_37.5251103772284154|127.1278955398801997_37.5239676869855785
2026-09-04T23:16:36.811991+09:00,올림픽공원,올림픽공원,POI127,KEY_1,1230033803,강동대로,1230052903,그린빌딩,127.1253868539951242_37.5251644663839627,1230010402,성내유수지,127.1230687264287127_37.5262344211604315,237.0,50.0,원활,127.1230687264287127_37.5262344211604315|127.1253868539951242_37.5251644663839627
2026-09-04T23:16:36.811991+09:00,올림픽공원,올림픽공원,POI127,KEY_1,1230033901,강동대로,1230052701,올림픽공원북2문앞교차로,127.1280784406892508_37.5240090563020559,1230052604,올림픽공원북2문,127.1285940873550402_37.5237856308238449,52.0,49.0,원활,127.1285940873550402_37.5237856308238449|127.1280784406892508_37.5240090563020559
2026-09-04T23:16:36.811991+09:00,올림픽공원,올림픽공원,POI127,KEY_1,1230033902,강동대로,1230052901,그린빌딩,127.1255719037447705_37.5252031128434638,1230052704,올림픽공원북2문앞교차로,127.1279653366622995_37.5240604212007227,247.0,53.0,원활,127.1279653366622995_37.5240604212007227|127.1255719037447705_37.5252031128434638
2026-09-04T23:16:36.811991+09:00,올림픽공원,올림픽공원,POI127,KEY_1,1230033903,강동대로,1230010401,성내유수지,127.1233271552869013_37.5262401076401133,1230052904,그린빌딩,127.1254549241451741_37.5252580128047128,217.0,55.0,원활,127.1254549241451741_37.5252580128047128|127.1233271552869013_37.5262401076401133
2026-09-04T23:16:36.811991+09:00,올림픽공원,올림픽공원,POI127,KEY_1,1230034200,강동대로,1230053101,올림픽대교남단교차로,127.1177512410432087_37.5256417956853880,1230010403,성내유수지,127.1228341746085704_37.5263374209143734,467.0,25.0,원활,127.1228341746085704_37.5263374209143734|127.1226119104132124_37.5263325291198058|127.1222182279912971_37.5262594731087304|127.1197935343633674_37.5255708855089978|127.1192764530002961_37.5254871931229914|127.1186659385550399_37.5254644325269382|127.1181404811154323_37.5255300720034626|127.1177512410432087_37.5256417956853880
2026-09-04T23:16:36.811991+09:00,올림픽공원,올림픽공원,POI127,KEY_1,1230034300,강동대로,1230010402,성내유수지,127.1230687264287127_37.5262344211604315,1230053102,올림픽대교남단교차로,127.1176915230806799_37.5255440086627701,493.0,41.0,원활,127.1176915230806799_37.5255440086627701|127.1181066449297958_37.5254248562288311|127.1186585197018388_37.5253559170246618|127.1192932429278528_37.5253795803410242|127.1198300344327095_37.5254664629282857|127.1222565506296860_37.5261555686853470|127.1226293640594349_37.5262247521119789|127.1230687264287127_37.5262344211604315
2026-09-04T23:16:36.811991+09:00,올림픽공원,올림픽공원,POI127,KEY_1,1230034600,강동대로,1230053104,올림픽대교남단교차로,127.1175353532768639_37.5255915012395889,1230053301,풍성초등학교,127.1133707067350969_37.5271092576510128,408.0,20.0,서행,127.1133707067350969_37.5271092576510128|127.1138885360357307_37.5270579046375232|127.1141380710895277_37.5270029206930715|127.1144337586637221_37.5269066454630149|127.1172570729713414_37.5256789869567413|127.1175353532768639_37.5255915012395889
2026-09-04T23:16:36.811991+09:00,올림픽공원,올림픽공원,POI127,KEY_1,1230034700,강동대로,1230058701,풍납동 330-7,127.1135343578604022_37.5272039528378372,1230053105,올림픽대교남단교차로,127.1176235541679063_37.5256800112130264,402.0,32.0,원활,127.1176235541679063_37.5256800112130264|127.1173147432993602_37.5257770947223790|127.1144921531920318_37.5270044385361317|127.1141820098842743_37.5271054212045385|127.1139153828274857_37.5271641707955510|127.1135343578604022_37.5272039528378372
2026-09-04T23:16:36.811991+09:00,올림픽공원,올림픽공원,POI127,KEY_1,1230034800,강동대로,1230010403,성내유수지,127.1228341746085704_37.5263374209143734,1230053202,성내동 474,127.1214169266581280_37.5269574474404806,143.0,6.0,정체,127.1214169266581280_37.5269574474404806|127.1221246173486747_37.5266478458902597|127.1228341746085704_37.5263374209143734
2026-09-04T23:16:36.811991+09:00,올림픽공원,올림픽공원,POI127,KEY_1,1230034900,강동대로,1230053201,성내동 474,127.1214822863304903_37.5270522124399051,1230010404,성내유수지,127.1231026366477437_37.5263433289148836,163.0,34.0,원활,127.1231026366477437_37.5263433289148836|127.1221899776439983_37.5267426105018984|127.1214822863304903_37.5270522124399051
2026-09-04T23:16:36.811991+09:00,올림픽공원,올림픽공원,POI127,KEY_1,1230035100,올림픽로,1230053602,풍납사거리,127.1191638427110746_37.5279285363098012,1230053101,올림픽대교남단교차로,127.1177512410432087_37.5256417956853880,283.0,26.0,원활,127.1177512410432087_37.5256417956853880|127.1182052842400196_37.5263768247819911|127.1185296816843362_37.5269019665074097|127.1189218723730647_37.5275368423195701|127.1191638427110746_37.5279285363098012
2026-09-04T23:16:36.811991+09:00,올림픽공원,올림픽공원,POI127,KEY_1,1230077900,위례성대로16길,1230248000,방이동 200-3,127.1250899543352517_37.5123366148555277,1230042503,방이동 181-7,127.1253705911887266_37.5127664663946732,54.0,7.0,정체,127.1253705911887266_37.5127664663946732|127.1250899543352517_37.5123366148555277
2026-09-04T23:16:36.811991+09:00,올림픽공원,올림픽공원,POI127,KEY_1,1230079600,올림픽선수촌아파트내부길,1230042003,오륜초등학교,127.1334912399933756_37.5124937085259731,1230043502,방이동 89-28,127.1294335833399884_37.5137883314546841,392.0,22.0,서행,127.1294335833399884_37.5137883314546841|127.1324667918181888_37.5125501930643708|127.1334912399933756_37.5124937085259731
2026-09-04T23:16:36.811991+09:00,올림픽공원,올림픽공원,POI127,KEY_1,1230079700,올림픽선수촌아파트내부길,1230043501,방이동 89-28,127.1294965542968640_37.5138841169906101,1230042004,오륜초등학교,127.1335006130637026_37.5126015705990881,387.0,13.0,정체,127.1335006130637026_37.5126015705990881|127.1325039266811245_37.5126565247953394|127.1294965542968640_37.5138841169906101
2026-09-04T23:16:36.811991+09:00,올림픽공원,올림픽공원,POI127,KEY_1,1230081200,올림픽선수촌아파트내부길,1230332800,최소노드배치점,127.1337490189227708_37.5151722701553894,1230044602,올림픽공원동문교차로,127.1307066675273347_37.5157555807827805,292.0,12.0,정체,127.1307066675273347_37.5157555807827805|127.1324233734096509_37.5150503918994147|127.1325384533906515_37.5150232903922287|127.1330520009699256_37.5149959261979333|127.1331591568025914_37.5149985589094541|127.1337490189227708_37.5151722701553894
2026-09-04T23:16:36.811991+09:00,올림픽공원,올림픽공원,POI127,KEY_1,1230085700,양재대로.강동대로사이길,1230334700,최소노드배치점,127.1280130627585407_37.5175316488536268,1230050202,속성변화점,127.1283029621945957_37.5202980729066624,323.0,11.0,정체,127.1283029621945957_37.5202980729066624|127.1284869880934565_37.5198916490292831|127.1286040453807260_37.5194988449093358|127.1286401155603869_37.5191957029570418|127.1286322343100750_37.5188746212359092|127.1285506796273381_37.5184532831418807|127.1284264473650580_37.5181404522839657|127.1280130627585407_37.5175316488536268
2026-09-04T23:16:36.811991+09:00,올림픽공원,올림픽공원,POI127,KEY_1,1230085800,양재대로.강동대로사이길,1230334600,최소노드배치점,127.1281324577583263_37.5174802131984393,1230044604,올림픽공원동문교차로,127.1306432453781667_37.5158930503733714,333.0,18.0,서행,127.1306432453781667_37.5158930503733714|127.1304306419184798_37.5159439490849564|127.1278436313470053_37.5170548436271218|127.1281324577583263_37.5174802131984393
2026-09-04T23:16:36.811991+09:00,올림픽공원,올림픽공원,POI127,KEY_1,1230088200,양재대로.강동대로사이길,1230196800,꿈나무다리(남측),127.1283746340457981_37.5204440109063455,1230050201,속성변화점,127.1284296259339470_37.5203368866533751,13.0,28.0,원활,127.1284296259339470_37.5203368866533751|127.1283746340457981_37.5204440109063455
2026-09-04T23:16:36.811991+09:00,올림픽공원,올림픽공원,POI127,KEY_1,1230088300,양재대로.강동대로사이길,1230196500,꿈나무다리(북측),127.1281832207590128_37.5205312266587470,1230052703,올림픽공원북2문앞교차로,127.1278955398801997_37.5239676869855785,421.0,23.0,서행,127.1278955398801997_37.5239676869855785|127.1273300483411504_37.5230946179717293|127.1271761257750654_37.5227528147954175|127.1271136146098968_37.5224320685814590|127.1271364389473888_37.5221410644727129|127.1272519101088534_37.5217772550903916|127.1276017695838618_37.5212911085732799|127.1279442979174661_37.5209163958855996|127.1281570038538149_37.5205822745236119|127.1281832207590128_37.5205312266587470
2026-09-04T23:16:36.811991+09:00,올림픽공원,올림픽공원,POI127,KEY_1,1240030800,성안로,1249118500,성내동 450-2,127.1292262080433062_37.5246357770880579,1230052601,올림픽공원북2문,127.1287133329938257_37.5237339387489186,110.0,18.0,서행,127.1287133329938257_37.5237339387489186|127.1289764894649039_37.5241324489509367|127.1292262080433062_37.5246357770880579
2026-09-04T23:16:36.811991+09:00,올림픽공원,올림픽공원,POI127,KEY_1,1240031600,성내로14길,1249129200,성내동 492,127.1259457409445162_37.5257312228414079,1230052901,그린빌딩,127.1255719037447705_37.5252031128434638,67.0,16.0,서행,127.1255719037447705_37.5252031128434638|127.1259457409445162_37.5257312228414079
2026-09-04T23:16:36.811991+09:00,월드컵공원,월드컵공원,POI106,KEY_2,1130023901,성암로,1130045102,중동교,126.9008492951027023_37.5752640367100312,1130003202,중동교,126.9005739786039442_37.5754350244651292,31.0,34.0,원활,126.9005739786039442_37.5754350244651292|126.9008492951027023_37.5752640367100312
2026-09-04T23:16:36.811991+09:00,월드컵공원,월드컵공원,POI106,KEY_2,1130023902,성암로,1130044702,중동교,126.9013932137603007_37.5749262274768512,1130045102,중동교,126.9008492951027023_37.5752640367100312,61.0,37.0,원활,126.9008492951027023_37.5752640367100312|126.9013932137603007_37.5749262274768512
2026-09-04T23:16:36.811991+09:00,월드컵공원,월드컵공원,POI106,KEY_2,1130024001,성암로,1130003201,중동교,126.9006575479311749_37.5755202637415948,1130045101,중동교,126.9009328670204440_37.5753492743804642,31.0,30.0,원활,126.9009328670204440_37.5753492743804642|126.9006575479311749_37.5755202637415948
2026-09-04T23:16:36.811991+09:00,월드컵공원,월드컵공원,POI106,KEY_2,1130024002,성암로,1130045101,중동교,126.9009328670204440_37.5753492743804642,1130044701,중동교,126.9014751720981593_37.5750124364249984,61.0,35.0,원활,126.9014751720981593_37.5750124364249984|126.9009328670204440_37.5753492743804642
2026-09-04T23:16:36.811991+09:00,월드컵공원,월드컵공원,POI106,KEY_2,1110086400,증산로,1110025301,증산지하차도(북측),126.9039758261172608_37.5784870932225132,1130046401,은평구-마포구,126.9018567383502045_37.5764844121927837,291.0,58.5,원활,126.9018567383502045_37.5764844121927837|126.9027068325619041_37.5772894554844186|126.9035789940010091_37.5781100503089647|126.9039758261172608_37.5784870932225132
2026-09-04T23:16:36.811991+09:00,월드컵공원,월드컵공원,POI106,KEY_2,1110086500,증산로,1130046402,은평구-마포구,126.9017527415007578_37.5765539742255541,1110005500,증산교,126.9034752758808793_37.5781798772630822,236.0,45.0,원활,126.9034752758808793_37.5781798772630822|126.9026029745643172_37.5773591500215929|126.9017527415007578_37.5765539742255541
2026-09-04T23:16:36.811991+09:00,월드컵공원,월드컵공원,POI106,KEY_2,1130003900,강변북로,1130201400,최소노드배치점,126.8947142757485977_37.5570261297014412,1130034300,성산지하차도,126.8987170904777031_37.5621054838341308,789.0,73.5,원활,126.8987170904777031_37.5621054838341308|126.8969536987574855_37.5615846732236918|126.8963662923212468_37.5614278506331800|126.8961199007135576_37.5613335826976993|126.8958557676520229_37.5612106063692224|126.8956902323749318_37.5611203281630139|126.8954532341929990_37.5609760266916481|126.8951942332924432_37.5607743757100181|126.8949800523225804_37.5605872628649635|126.8948420294957060_37.5604291583902281|126.8947087021021645_37.5602460363635160|126.8946021053882873_37.5600916699249439|126.8944959424210310_37.5598836467254458|126.8944166539394161_37.5596864927554392|126.8943291310609283_37.5593962890377000|126.8942944005902547_37.5592458680922050|126.8942732661792689_37.5590812073427287|126.8942613210597443_37.5588915539580199|126.8942718716697442_37.5586984383601603|126.8943005688038568_37.5584839520411649|126.8943379626907983_37.5583052827078205|126.8944118820898979_37.5580552564431471|126.8947142757485977_37.5570261297014412
2026-09-04T23:16:36.811991+09:00,월드컵공원,월드컵공원,POI106,KEY_2,1130004402,강변북로,1130033200,성산대교,126.8911412406119865_37.5603058527702629,1130031800,성산대교(북측),126.8940421199747988_37.5581045142548078,356.0,53.0,원활,126.8940421199747988_37.5581045142548078|126.8937299682216917_37.5583640487572197|126.8932455301918196_37.5588122892025851|126.8927341561938960_37.5592568126717694|126.8923676674887275_37.5595661444779694|126.8920015830471186_37.5598253972085629|126.8918072327847568_37.5599639069689175|126.8911412406119865_37.5603058527702629
2026-09-04T23:16:36.811991+09:00,월드컵공원,월드컵공원,POI106,KEY_2,1130004404,강변북로,1130033700,난지IC,126.8896339776288613_37.5611813391795977,1130033200,성산대교,126.8911412406119865_37.5603058527702629,165.0,58.0,원활,126.8911412406119865_37.5603058527702629|126.8903331778963519_37.5607879615698508|126.8896389086477683_37.5611784867295526|126.8896339776288613_37.5611813391795977
2026-09-04T23:16:36.811991+09:00,월드컵공원,월드컵공원,POI106,KEY_2,1130005002,농수산시장로,1130034500,성산교,126.8989219885503985_37.5621373717947051,1130036303,평화의공원입구삼거리,126.8990860253315134_37.5639959273358528,207.0,47.5,원활,126.8990860253315134_37.5639959273358528|126.8989219885503985_37.5621373717947051
2026-09-04T23:16:36.811991+09:00,월드컵공원,월드컵공원,POI106,KEY_2,1130005003,농수산시장로,1130036304,평화의공원입구삼거리,126.8990929587228322_37.5641039888147077,1130037803,월드컵경기장앞교차로,126.8991063695936248_37.5662308077124507,236.0,34.0,원활,126.8991063695936248_37.5662308077124507|126.8991198200176740_37.5648080194228982|126.8990929587228322_37.5641039888147077
2026-09-04T23:16:36.811991+09:00,월드컵공원,월드컵공원,POI106,KEY_2,1130005102,농수산시장로,1130036302,평화의공원입구삼거리,126.8992213899087744_37.5639881918106582,1130034600,성산교,126.8990554846838847_37.5621485214101725,205.0,42.0,원활,126.8990554846838847_37.5621485214101725|126.8992213899087744_37.5639881918106582
2026-09-04T23:16:36.811991+09:00,월드컵공원,월드컵공원,POI106,KEY_2,1130005103,농수산시장로,1130037802,월드컵경기장앞교차로,126.8992424444353873_37.5662050990980205,1130036301,평화의공원입구삼거리,126.8992287189742001_37.5641007064985146,234.0,25.5,원활,126.8992287189742001_37.5641007064985146|126.8992556602302244_37.5648067848227996|126.8992424444353873_37.5662050990980205
2026-09-04T23:16:36.811991+09:00,월드컵공원,월드컵공원,POI106,KEY_2,1130005801,강변북로,1130035200,상암동487-92,126.8869824709277339_37.5627146689442810,1130033700,난지IC,126.8896339776288613_37.5611813391795977,290.0,63.5,원활,126.8896339776288613_37.5611813391795977|126.8869824709277339_37.5627146689442810
2026-09-04T23:16:36.811991+09:00,월드컵공원,월드컵공원,POI106,KEY_2,1130005802,강변북로,1130201300,최소노드배치점,126.8805715235547069_37.5664215207717902,1130035200,상암동487-92,126.8869824709277339_37.5627146689442810,700.0,70.3,원활,126.8869824709277339_37.5627146689442810|126.8805715235547069_37.5664215207717902
2026-09-04T23:16:36.811991+09:00,월드컵공원,월드컵공원,POI106,KEY_2,1130005803,강변북로,1130040700,난지하늘다리,126.8776788640752642_37.5680938393486130,1130037600,공중화장실중앙연결브릿지,126.8797079271903243_37.5669208029345754,222.0,70.8,원활,126.8797079271903243_37.5669208029345754|126.8776788640752642_37.5680938393486130
2026-09-04T23:16:36.811991+09:00,월드컵공원,월드컵공원,POI106,KEY_2,1130006101,월드컵로,1130038600,월드컵경기장교차로,126.8944428243858624_37.5671141661657799,1130039502,월드컵경기장교차로,126.8936587855695848_37.5675979976845014,88.0,17.0,서행,126.8936587855695848_37.5675979976845014|126.8939987637868825_37.5673753795305387|126.8944428243858624_37.5671141661657799
2026-09-04T23:16:36.811991+09:00,월드컵공원,월드컵공원,POI106,KEY_2,1130006102,월드컵로,1130163300,성산동 665,126.8953131844907887_37.5667064551793857,1130038600,월드컵경기장교차로,126.8944428243858624_37.5671141661657799,89.0,24.3,서행,126.8944428243858624_37.5671141661657799|126.8944875832715411_37.5670878367418126|126.8948936159094245_37.5668809204063052|126.8953131844907887_37.5667064551793857
2026-09-04T23:16:36.811991+09:00,월드컵공원,월드컵공원,POI106,KEY_2,1130006201,월드컵로,1130039501,월드컵경기장교차로,126.8937381162322424_37.5676860539947057,1130038900,월드컵경기장교차로,126.8945235506847951_37.5672011186045438,88.0,16.5,서행,126.8945235506847951_37.5672011186045438|126.8940823287928907_37.5674606625682159|126.8937381162322424_37.5676860539947057
2026-09-04T23:16:36.811991+09:00,월드컵공원,월드컵공원,POI106,KEY_2,1130006202,월드컵로,1130185900,성산동 665,126.8974372806954136_37.5663634229440433,1130037804,월드컵경기장앞교차로,126.8991050235384819_37.5663389215532177,147.0,19.0,서행,126.8991050235384819_37.5663389215532177|126.8981580057296981_37.5663314468831757|126.8977341761823681_37.5663443972156230|126.8977059872391635_37.5663452584893349|126.8974372806954136_37.5663634229440433
2026-09-04T23:16:36.811991+09:00,월드컵공원,월드컵공원,POI106,KEY_2,1130006302,강변북로,1130038204,하늘공원삼거리,126.8927750177231246_37.5668119719618616,1130038800,월드컵경기장,126.8930701997771990_37.5671361630912628,44.0,34.0,서행,126.8930701997771990_37.5671361630912628|126.8927750177231246_37.5668119719618616
2026-09-04T23:16:36.811991+09:00,월드컵공원,월드컵공원,POI106,KEY_2,1130006303,강변북로,1130038800,월드컵경기장,126.8930701997771990_37.5671361630912628,1130039503,월드컵경기장교차로,126.8935547123719658_37.5676679324827774,73.0,45.0,서행,126.8935547123719658_37.5676679324827774|126.8930701997771990_37.5671361630912628
2026-09-04T23:16:36.811991+09:00,월드컵공원,월드컵공원,POI106,KEY_2,1130006402,강변북로,1130038500,월드컵경기장,126.8931801682920337_37.5670727001149629,1130038201,하늘공원삼거리,126.8928849981851243_37.5667485225148923,44.0,20.0,정체,126.8928849981851243_37.5667485225148923|126.8931801682920337_37.5670727001149629
2026-09-04T23:16:36.811991+09:00,월드컵공원,월드컵공원,POI106,KEY_2,1130006403,강변북로,1130039502,월드컵경기장교차로,126.8936587855695848_37.5675979976845014,1130038500,월드컵경기장,126.8931801682920337_37.5670727001149629,72.0,23.0,정체,126.8931801682920337_37.5670727001149629|126.8936587855695848_37.5675979976845014
2026-09-04T23:16:36.811991+09:00,월드컵공원,월드컵공원,POI106,KEY_2,1130006701,증산로,1130039504,월드컵경기장교차로,126.8936341225956426_37.5677562478545823,1130040500,월드컵경기장,126.8940928477794330_37.5682720534531640,70.0,27.0,원활,126.8940928477794330_37.5682720534531640|126.8936341225956426_37.5677562478545823
2026-09-04T23:16:36.811991+09:00,월드컵공원,월드컵공원,POI106,KEY_2,1130006702,증산로,1130040500,월드컵경기장,126.8940928477794330_37.5682720534531640,1130041002,속성변화점,126.8945908282671553_37.5688321429532905,76.0,27.0,원활,126.8945908282671553_37.5688321429532905|126.8940928477794330_37.5682720534531640
2026-09-04T23:16:36.811991+09:00,월드컵공원,월드컵공원,POI106,KEY_2,1130006703,증산로,1130041002,속성변화점,126.8945908282671553_37.5688321429532905,1130041802,월드컵터널(남측),126.8952351960387688_37.5695567787868399,99.0,27.0,원활,126.8952351960387688_37.5695567787868399|126.8945908282671553_37.5688321429532905
2026-09-04T23:16:36.811991+09:00,월드컵공원,월드컵공원,POI106,KEY_2,1130006704,증산로,1130041802,월드컵터널(남측),126.8952351960387688_37.5695567787868399,1130042700,월드컵터널(북측),126.8984500525647974_37.5731087375812649,486.0,54.0,원활,126.8984500525647974_37.5731087375812649|126.8952351960387688_37.5695567787868399
2026-09-04T23:16:36.811991+09:00,월드컵공원,월드컵공원,POI106,KEY_2,1130006705,증산로,1130042700,월드컵터널(북측),126.8984500525647974_37.5731087375812649,1130043203,상암사거리,126.8987259999710346_37.5734116062475536,42.0,40.0,원활,126.8987259999710346_37.5734116062475536|126.8984500525647974_37.5731087375812649
2026-09-04T23:16:36.811991+09:00,월드컵공원,월드컵공원,POI106,KEY_2,1130006801,증산로,1130040300,월드컵경기장,126.8942037166999768_37.5682095895477133,1130039501,월드컵경기장교차로,126.8937381162322424_37.5676860539947057,71.0,10.0,정체,126.8937381162322424_37.5676860539947057|126.8942037166999768_37.5682095895477133
2026-09-04T23:16:36.811991+09:00,월드컵공원,월드컵공원,POI106,KEY_2,1130006802,증산로,1130041001,속성변화점,126.8947017012762615_37.5687696816076766,1130040300,월드컵경기장,126.8942037166999768_37.5682095895477133,76.0,10.0,정체,126.8942037166999768_37.5682095895477133|126.8947017012762615_37.5687696816076766
2026-09-04T23:16:36.811991+09:00,월드컵공원,월드컵공원,POI106,KEY_2,1130006803,증산로,1130041801,월드컵터널(남측),126.8953457382357044_37.5694939484396357,1130041001,속성변화점,126.8947017012762615_37.5687696816076766,98.0,17.0,서행,126.8947017012762615_37.5687696816076766|126.8953457382357044_37.5694939484396357
2026-09-04T23:16:36.811991+09:00,월드컵공원,월드컵공원,POI106,KEY_2,1130006804,증산로,1130042600,월드컵터널(북측),126.8985600196672294_37.5730452642534374,1130041801,월드컵터널(남측),126.8953457382357044_37.5694939484396357,486.0,7.0,정체,126.8953457382357044_37.5694939484396357|126.8985600196672294_37.5730452642534374
2026-09-04T23:16:36.811991+09:00,월드컵공원,월드컵공원,POI106,KEY_2,1130006805,증산로,1130043202,상암사거리,126.8988336866391791_37.5733456292449119,1130042600,월드컵터널(북측),126.8985600196672294_37.5730452642534374,41.0,5.0,정체,126.8985600196672294_37.5730452642534374|126.8988336866391791_37.5733456292449119
2026-09-04T23:16:36.811991+09:00,월드컵공원,월드컵공원,POI106,KEY_2,1130007001,강변북로,1130199200,최소노드배치점,126.8730919539536188_37.5707453440919394,1130040700,난지하늘다리,126.8776788640752642_37.5680938393486130,501.0,70.0,원활,126.8776788640752642_37.5680938393486130|126.8730919539536188_37.5707453440919394
2026-09-04T23:16:36.811991+09:00,월드컵공원,월드컵공원,POI106,KEY_2,1130007101,증산로,1130043204,상암사거리,126.8988065387872979_37.5734987293495166,1130043500,성산동491-1,126.8990562961894852_37.5737647959106411,37.0,26.0,원활,126.8990562961894852_37.5737647959106411|126.8988065387872979_37.5734987293495166
2026-09-04T23:16:36.811991+09:00,월드컵공원,월드컵공원,POI106,KEY_2,1130007102,증산로,1130043500,성산동491-1,126.8990562961894852_37.5737647959106411,1130044402,증산지하차도(남측),126.8995968764490669_37.5743540467505426,81.0,26.0,원활,126.8995968764490669_37.5743540467505426|126.8992398926530143_37.5739603793572670|126.8990562961894852_37.5737647959106411
2026-09-04T23:16:36.811991+09:00,월드컵공원,월드컵공원,POI106,KEY_2,1130007201,증산로,1130044100,성산동488-2,126.8993493776716974_37.5738963850184291,1130043201,상암사거리,126.8989143573968192_37.5734329477853279,64.0,37.0,원활,126.8989143573968192_37.5734329477853279|126.8991651175588800_37.5737000821793430|126.8993493776716974_37.5738963850184291
2026-09-04T23:16:36.811991+09:00,월드컵공원,월드컵공원,POI106,KEY_2,1130007202,증산로,1130044401,증산지하차도(남측),126.8997070239019962_37.5742907695769190,1130044100,성산동488-2,126.8993493776716974_37.5738963850184291,54.0,44.0,원활,126.8993493776716974_37.5738963850184291|126.8997070239019962_37.5742907695769190
2026-09-04T23:16:36.811991+09:00,월드컵공원,월드컵공원,POI106,KEY_2,1130007501,증산로,1130044402,증산지하차도(남측),126.8995968764490669_37.5743540467505426,1130046402,은평구-마포구,126.9017527415007578_37.5765539742255541,310.0,51.0,원활,126.9017527415007578_37.5765539742255541|126.9006134456184895_37.5754750169051093|126.8995968764490669_37.5743540467505426
2026-09-04T23:16:36.811991+09:00,월드컵공원,월드컵공원,POI106,KEY_2,1130007601,증산로,1130046401,은평구-마포구,126.9018567383502045_37.5764844121927837,1130044401,증산지하차도(남측),126.8997070239019962_37.5742907695769190,309.0,55.0,원활,126.8997070239019962_37.5742907695769190|126.9007206641610566_37.5754085065304366|126.9018567383502045_37.5764844121927837
2026-09-04T23:16:36.811991+09:00,월드컵공원,월드컵공원,POI106,KEY_2,1130021902,월드컵로,1130037503,상암교,126.8999592062094877_37.5659752555764754,1130037802,월드컵경기장앞교차로,126.8992424444353873_37.5662050990980205,68.0,30.0,원활,126.8992424444353873_37.5662050990980205|126.8999592062094877_37.5659752555764754
2026-09-04T23:16:36.811991+09:00,월드컵공원,월드컵공원,POI106,KEY_2,1130022002,월드컵로,1130037801,월드컵경기장앞교차로,126.8992931976572294_37.5663053862595930,1130037504,상암교,126.9000099608666687_37.5660755432390019,68.0,4.0,정체,126.9000099608666687_37.5660755432390019|126.8992931976572294_37.5663053862595930
2026-09-04T23:16:36.811991+09:00,월드컵공원,월드컵공원,POI106,KEY_2,1130023301,월드컵로,1130194500,최소노드배치점,126.8902328706012668_37.5703701596385145,1130042903,월드컵파크3단지교차로,126.8881223856412817_37.5729458818583879,342.0,36.0,원활,126.8881223856412817_37.5729458818583879|126.8883908114686676_37.5726703780645437|126.8894393624499486_37.5713326055581973|126.8900333463798376_37.5705864698741436|126.8902328706012668_37.5703701596385145
2026-09-04T23:16:36.811991+09:00,월드컵공원,월드컵공원,POI106,KEY_2,1130023302,월드컵로,1130039503,월드컵경기장교차로,126.8935547123719658_37.5676679324827774,1130039900,월드컵경기장,126.8929039986858243_37.5681184361734708,76.0,18.0,서행,126.8929039986858243_37.5681184361734708|126.8935547123719658_37.5676679324827774
2026-09-04T23:16:36.811991+09:00,월드컵공원,월드컵공원,POI106,KEY_2,1130023401,월드컵로,1130194400,최소노드배치점,126.8903423639994941_37.5704341460450308,1130040200,월드컵경기장,126.8929931387771859_37.5682000156307865,342.0,38.0,원활,126.8929931387771859_37.5682000156307865|126.8923026998431283_37.5686797885601820|126.8915863422657537_37.5692546075148286|126.8909882827659459_37.5698007733940003|126.8905327633387543_37.5702277271571177|126.8903423639994941_37.5704341460450308
2026-09-04T23:16:36.811991+09:00,월드컵공원,월드컵공원,POI106,KEY_2,1130023402,월드컵로,1130040200,월드컵경기장,126.8929931387771859_37.5682000156307865,1130039504,월드컵경기장교차로,126.8936341225956426_37.5677562478545823,75.0,33.0,원활,126.8936341225956426_37.5677562478545823|126.8929931387771859_37.5682000156307865
2026-09-04T23:16:36.811991+09:00,월드컵공원,월드컵공원,POI106,KEY_2,1130024101,하늘공원로,1130002802,난지하늘다리,126.8790067890186322_37.5679013379083457,1130041503,하늘공원입구교차로,126.8805494049825313_37.5695878566951720,232.0,25.0,원활,126.8805494049825313_37.5695878566951720|126.8790067890186322_37.5679013379083457
2026-09-04T23:16:36.811991+09:00,월드컵공원,월드컵공원,POI106,KEY_2,1130024102,하늘공원로,1130041504,하늘공원입구교차로,126.8806278182475182_37.5696761433924351,1130041704,하늘공원입구,126.8809741483384101_37.5700782293513740,54.0,51.0,원활,126.8809741483384101_37.5700782293513740|126.8806278182475182_37.5696761433924351
2026-09-04T23:16:36.811991+09:00,월드컵공원,월드컵공원,POI106,KEY_2,1130024103,하늘공원로,1130041701,하늘공원입구,126.8811070905664735_37.5702303720602799,1130043603,난지천공원축구장,126.8832904519065465_37.5736664016871273,438.0,43.5,원활,126.8832904519065465_37.5736664016871273|126.8832169793506921_37.5729168480731701|126.8831824572262690_37.5727274419921073|126.8831078471530418_37.5725393395911809|126.8829989250993293_37.5723516491287413|126.8820815554522596_37.5713438253104854|126.8811070905664735_37.5702303720602799
2026-09-04T23:16:36.811991+09:00,월드컵공원,월드컵공원,POI106,KEY_2,1130024104,하늘공원로,1130119100,상암동 478-1,126.8819036280695087_37.5750167829500512,1130046903,난지천공원입구교차로,126.8808038386050328_37.5774410688980609,370.0,43.0,원활,126.8808038386050328_37.5774410688980609|126.8806469221033382_37.5773811452822457|126.8800689661548375_37.5768267465542394|126.8799824556043774_37.5766672971433522|126.8799754600303658_37.5765294406676063|126.8800473960555451_37.5764096023066756|126.8803622906001038_37.5761449134077097|126.8819036280695087_37.5750167829500512
2026-09-04T23:16:36.811991+09:00,월드컵공원,월드컵공원,POI106,KEY_2,1130024201,하늘공원로,1130041502,하늘공원입구교차로,126.8806600810001157_37.5695245329108189,1130002801,난지하늘다리,126.8791284445894973_37.5678284485748435,232.0,47.0,원활,126.8791284445894973_37.5678284485748435|126.8806600810001157_37.5695245329108189
2026-09-04T23:16:36.811991+09:00,월드컵공원,월드컵공원,POI106,KEY_2,1130024202,하늘공원로,1130041703,하늘공원입구,126.8810861781607002_37.5700170935686444,1130041501,하늘공원입구교차로,126.8807398575677894_37.5696150047872237,54.0,53.0,원활,126.8807398575677894_37.5696150047872237|126.8810861781607002_37.5700170935686444
2026-09-04T23:16:36.811991+09:00,월드컵공원,월드컵공원,POI106,KEY_2,1130024203,하늘공원로,1130043602,난지천공원축구장,126.8834195956951163_37.5735938769844608,1130041702,하늘공원입구,126.8812185486830089_37.5701685727438743,438.0,51.0,원활,126.8812185486830089_37.5701685727438743|126.8821922954406176_37.5712812032115693|126.8831166935827923_37.5722967465541373|126.8832347852110303_37.5725002386121716|126.8833153084836312_37.5727032474265030|126.8833520577633180_37.5729048686507099|126.8834195956951163_37.5735938769844608
2026-09-04T23:16:36.811991+09:00,월드컵공원,월드컵공원,POI106,KEY_2,1130024204,하늘공원로,1130119200,상암동 1538,126.8819955811620872_37.5750963663371991,1130043601,난지천공원축구장,126.8834290475820268_37.5737208916380823,206.0,51.0,원활,126.8834290475820268_37.5737208916380823|126.8834287565967287_37.5739075718971094|126.8834008524211328_37.5740288704340273|126.8833040852893816_37.5741386069257430|126.8819955811620872_37.5750963663371991
2026-09-04T23:16:36.811991+09:00,월드컵공원,월드컵공원,POI106,KEY_2,1130024301,월드컵북로,1130007103,중암교앞교차로,126.9003567074412331_37.5722443668917450,1130043101,성산동산50-10,126.8992002042206764_37.5730978684736385,139.0,14.0,정체,126.8992002042206764_37.5730978684736385|126.8993140126868582_37.5730209341606027|126.8995630326002555_37.5728426565414608|126.8997381790937737_37.5727172653403443|126.9003567074412331_37.5722443668917450
2026-09-04T23:16:36.811991+09:00,월드컵공원,월드컵공원,POI106,KEY_2,1130024302,월드컵북로,1130043101,성산동산50-10,126.8992002042206764_37.5730978684736385,1130043202,상암사거리,126.8988336866391791_37.5733456292449119,42.0,33.0,원활,126.8988336866391791_37.5733456292449119|126.8992002042206764_37.5730978684736385
2026-09-04T23:16:36.811991+09:00,월드컵공원,월드컵공원,POI106,KEY_2,1130024400,월드컵북로,1130043201,상암사거리,126.8989143573968192_37.5734329477853279,1130007104,중암교앞교차로,126.9003625466799292_37.5723898224647499,173.0,9.0,정체,126.9003625466799292_37.5723898224647499|126.8998306758195156_37.5727964656059541|126.8996538747944385_37.5729230417552316|126.8994034193962932_37.5731023476670956|126.8992881390889664_37.5731802764086069|126.8989143573968192_37.5734329477853279
2026-09-04T23:16:36.811991+09:00,월드컵공원,월드컵공원,POI106,KEY_2,1130024500,월드컵로,1130042904,월드컵파크3단지교차로,126.8880419598859106_37.5730202691865927,1130007302,디지털미디어시티입구교차로,126.8865044792722472_37.5740977172547161,181.0,28.0,원활,126.8865044792722472_37.5740977172547161|126.8871887145199224_37.5736835642442912|126.8876417608668987_37.5733592229529521|126.8880419598859106_37.5730202691865927
2026-09-04T23:16:36.811991+09:00,월드컵공원,월드컵공원,POI106,KEY_2,1130024600,월드컵로,1130007301,디지털미디어시티입구교차로,126.8865867067047475_37.5741837779433610,1130042901,월드컵파크3단지교차로,126.8881409491589523_37.5730943102150050,183.0,38.0,원활,126.8881409491589523_37.5730943102150050|126.8877368451630474_37.5734365727853401|126.8872753969699261_37.5737669286614562|126.8865867067047475_37.5741837779433610
2026-09-04T23:16:36.811991+09:00,월드컵공원,월드컵공원,POI106,KEY_2,1130024700,매봉산로,1130042901,월드컵파크3단지교차로,126.8881409491589523_37.5730943102150050,1130044603,월드컵파크2단지사거리,126.8900041088949990_37.5748995117424016,259.0,21.0,서행,126.8900041088949990_37.5748995117424016|126.8887517450962719_37.5736649009094705|126.8882989940305492_37.5732185545011106|126.8881409491589523_37.5730943102150050
2026-09-04T23:16:36.811991+09:00,월드컵공원,월드컵공원,POI106,KEY_2,1130024800,매봉산로,1130143300,상암동 1718,126.8888574380232797_37.5735969833114538,1130042902,월드컵파크3단지교차로,126.8882297303751585_37.5730121388944696,85.0,23.0,서행,126.8882297303751585_37.5730121388944696|126.8883998868334544_37.5731459054289232|126.8888574380232797_37.5735969833114538
2026-09-04T23:16:36.811991+09:00,월드컵공원,월드컵공원,POI106,KEY_2,1130024900,상암산로,1130007304,디지털미디어시티입구교차로,126.8864778921370515_37.5742486322207014,1130045803,월드컵파크4단지앞교차로,126.8882742497551561_37.5760131281143472,252.0,20.0,서행,126.8882742497551561_37.5760131281143472|126.8864778921370515_37.5742486322207014
2026-09-04T23:16:36.811991+09:00,월드컵공원,월드컵공원,POI106,KEY_2,1130025000,상암산로,1130045802,월드컵파크4단지앞교차로,126.8883797106704350_37.5759449782012638,1130007301,디지털미디어시티입구교차로,126.8865867067047475_37.5741837779433610,252.0,25.0,원활,126.8865867067047475_37.5741837779433610|126.8883797106704350_37.5759449782012638
2026-09-04T23:16:36.811991+09:00,월드컵공원,월드컵공원,POI106,KEY_2,1130025201,월드컵로,1130200200,최소노드배치점,126.8837926199325068_37.5758224723070740,1130007304,디지털미디어시티입구교차로,126.8864778921370515_37.5742486322207014,295.0,49.3,원활,126.8864778921370515_37.5742486322207014|126.8837926199325068_37.5758224723070740
2026-09-04T23:16:36.811991+09:00,월드컵공원,월드컵공원,POI106,KEY_2,1130025501,월드컵북로,1130043203,상암사거리,126.8987259999710346_37.5734116062475536,1130043300,상암동24-59,126.8983553249005070_37.5736156835259791,40.0,5.0,정체,126.8983553249005070_37.5736156835259791|126.8987259999710346_37.5734116062475536
2026-09-04T23:16:36.811991+09:00,월드컵공원,월드컵공원,POI106,KEY_2,1130025601,월드컵북로,1130043400,상암동24-59,126.8984326017897075_37.5737046034107323,1130043204,상암사거리,126.8988065387872979_37.5734987293495166,40.0,36.7,원활,126.8988065387872979_37.5734987293495166|126.8984326017897075_37.5737046034107323
2026-09-04T23:16:36.811991+09:00,월드컵공원,월드컵공원,POI106,KEY_2,1130026101,월드컵로,1130200300,최소노드배치점,126.8837120711249611_37.5757354111488198,1130046902,난지천공원입구교차로,126.8809731670700387_37.5773405521763664,300.0,45.0,원활,126.8809731670700387_37.5773405521763664|126.8837120711249611_37.5757354111488198
2026-09-04T23:16:36.811991+09:00,월드컵공원,월드컵공원,POI106,KEY_2,1130026701,성암로,1130003202,중동교,126.9005739786039442_37.5754350244651292,1130045502,상암동 1154-1,126.9002568597358760_37.5756319717856542,36.0,35.0,원활,126.9002568597358760_37.5756319717856542|126.9005739786039442_37.5754350244651292
2026-09-04T23:16:36.811991+09:00,월드컵공원,월드컵공원,POI106,KEY_2,1130026801,성암로,1130046001,수색역(서측),126.8995757632913666_37.5762295729790523,1130003201,중동교,126.9006575479311749_37.5755202637415948,124.0,27.0,원활,126.9006575479311749_37.5755202637415948|126.9003404289748858_37.5757172113524263|126.9002329685327624_37.5757839495594794|126.9001030333946005_37.5758646453959528|126.8995757632913666_37.5762295729790523
2026-09-04T23:16:36.811991+09:00,월드컵공원,월드컵공원,POI106,KEY_2,1130026803,성암로,1130047001,디지털미디어시티역(공항철도),126.8978269624122817_37.5774398889533572,1130046004,수색역(서측),126.8994732524635225_37.5763005208021355,193.0,32.0,원활,126.8994732524635225_37.5763005208021355|126.8987554448355439_37.5767973097372874|126.8986528917860852_37.5768682850013249|126.8978269624122817_37.5774398889533572
2026-09-04T23:16:36.811991+09:00,월드컵공원,월드컵공원,POI106,KEY_2,1130026805,성암로,1130008001,성암삼거리,126.8948085001043040_37.5794897016194511,1130047004,디지털미디어시티역(공항철도),126.8977228468471594_37.5775112990256872,338.0,31.0,원활,126.8977228468471594_37.5775112990256872|126.8968720930318739_37.5780888511044466|126.8964379623555487_37.5783835639945067|126.8956337334028035_37.5789295104891039|126.8948085001043040_37.5794897016194511
2026-09-04T23:16:36.811991+09:00,월드컵공원,월드컵공원,POI106,KEY_2,1130026902,가양대로,1130046200,상암동1548-2,126.8667080698376282_37.5766573573538807,1130047202,마포구-고양시덕양구,126.8685200397426769_37.5777218494147363,200.0,63.5,원활,126.8685200397426769_37.5777218494147363|126.8678276058587073_37.5774019125309451|126.8673500858389929_37.5771027767939287|126.8667080698376282_37.5766573573538807
2026-09-04T23:16:36.811991+09:00,월드컵공원,월드컵공원,POI106,KEY_2,1130027001,가양대로,1130046100,상암동1548-2,126.8668103712872721_37.5765861618658121,1130003101,가양대교북측(북측),126.8653879037502890_37.5751176402787053,206.0,73.0,원활,126.8653879037502890_37.5751176402787053|126.8658129554851399_37.5756464246818354|126.8661297220612170_37.5759666290461709|126.8668103712872721_37.5765861618658121
2026-09-04T23:16:36.811991+09:00,월드컵공원,월드컵공원,POI106,KEY_2,1130027002,가양대로,1130047201,마포구-고양시덕양구,126.8685875400640697_37.5776283095015344,1130046100,상암동1548-2,126.8668103712872721_37.5765861618658121,196.0,67.0,원활,126.8668103712872721_37.5765861618658121|126.8674367739413071_37.5770194394513553|126.8679047056204325_37.5773125680000035|126.8685875400640697_37.5776283095015344
2026-09-04T23:16:36.811991+09:00,월드컵공원,월드컵공원,POI106,KEY_2,1130027301,월드컵로,1130046903,난지천공원입구교차로,126.8808038386050328_37.5774410688980609,2180129202,마포구-고양시덕양구,126.8763952068496508_37.5799982060491828,482.0,47.0,원활,126.8763952068496508_37.5799982060491828|126.8773632316619029_37.5794867425515520|126.8808038386050328_37.5774410688980609
2026-09-04T23:16:36.811991+09:00,월드컵공원,월드컵공원,POI106,KEY_2,1130027401,월드컵로,2180129201,마포구-고양시덕양구,126.8764749226956496_37.5800874255298964,1130046904,난지천공원입구교차로,126.8809936867214532_37.5774631452153756,494.0,31.0,원활,126.8809936867214532_37.5774631452153756|126.8774448794777925_37.5795731569323479|126.8764749226956496_37.5800874255298964
2026-09-04T23:16:36.811991+09:00,월드컵공원,월드컵공원,POI106,KEY_2,1130057700,강변북로,1130033200,성산대교,126.8911412406119865_37.5603058527702629,1130032600,성산대교(북측),126.8944996981634006_37.5595429958823459,326.0,48.3,서행,126.8944996981634006_37.5595429958823459|126.8943293941725443_37.5594872710125642|126.8941530411086944_37.5594386700603451|126.8939286622046154_37.5594017467735526|126.8937640802613203_37.5593794378865411|126.8935933902019855_37.5593714067652158|126.8934495642020437_37.5593754378597282|126.8932726515631657_37.5593959919852907|126.8931075851383383_37.5594333006925396|126.8929244098583382_37.5594872098278643|126.8926237686871303_37.5596192130071884|126.8919590517301259_37.5599472802490411|126.8911412406119865_37.5603058527702629
2026-09-04T23:16:36.811991+09:00,월드컵공원,월드컵공원,POI106,KEY_2,1130059800,강변북로,1130035300,난지IC,126.8898104030113245_37.5629860660037380,1130033700,난지IC,126.8896339776288613_37.5611813391795977,226.0,49.7,서행,126.8896339776288613_37.5611813391795977|126.8894176020147597_37.5614684878669536|126.8893153300090262_37.5616110476746101|126.8892318793200928_37.5617417805528220|126.8891819829926249_37.5618905729018380|126.8891735935308986_37.5620008271417234|126.8891911726312003_37.5621410260356967|126.8892312918061833_37.5622723973896910|126.8892941471643923_37.5623710965022468|126.8893792510292542_37.5624967390930635|126.8895054254927999_37.5626374991353629|126.8898104030113245_37.5629860660037380
2026-09-04T23:16:36.811991+09:00,월드컵공원,월드컵공원,POI106,KEY_2,1130060400,강변북로,1130035300,난지IC,126.8898104030113245_37.5629860660037380,1130035400,난지IC,126.8887404508207766_37.5627647059584433,207.0,33.0,서행,126.8887404508207766_37.5627647059584433|126.8886217917344226_37.5626210023311842|126.8885403597886921_37.5625043212687686|126.8885296857777973_37.5624357030392346|126.8885453230687261_37.5623552966885796|126.8886058453901313_37.5622810846940212|126.8887074127081576_37.5622249709323057|126.8888236168811687_37.5622106680788406|126.8889059247495226_37.5622200366281618|126.8890104334459892_37.5622623123526296|126.8890997191290637_37.5623343182722351|126.8894897171077929_37.5627268488306711|126.8898104030113245_37.5629860660037380
2026-09-04T23:16:36.811991+09:00,월드컵공원,월드컵공원,POI106,KEY_2,1130060800,강변북로,1130035200,상암동487-92,126.8869824709277339_37.5627146689442810,1130035400,난지IC,126.8887404508207766_37.5627647059584433,165.0,51.7,원활,126.8887404508207766_37.5627647059584433|126.8885876752644322_37.5626715034093053|126.8884571255752434_37.5626082257223715|126.8883226842041552_37.5625628136654015|126.8881731187654225_37.5625352097352447|126.8880346660856162_37.5625225681853436|126.8879298166337293_37.5625220245149123|126.8877874234350571_37.5625332102818064|126.8876637043857301_37.5625504548253915|126.8874648490535719_37.5625971199513131|126.8869824709277339_37.5627146689442810
2026-09-04T23:16:36.811991+09:00,월드컵공원,월드컵공원,POI106,KEY_2,1130061400,강변북로,1130035400,난지IC,126.8887404508207766_37.5627647059584433,1130036802,월드컵대교북단(북측),126.8904690310220502_37.5644096741189699,238.0,46.0,서행,126.8904690310220502_37.5644096741189699|126.8901651684740699_37.5641182988978670|126.8887404508207766_37.5627647059584433
2026-09-04T23:16:36.811991+09:00,월드컵공원,월드컵공원,POI106,KEY_2,1130061500,월드컵로,1130036303,평화의공원입구삼거리,126.8990860253315134_37.5639959273358528,1130036402,월드컵공원관리사업소,126.8977744243629928_37.5640083581478237,116.0,18.0,서행,126.8977744243629928_37.5640083581478237|126.8990860253315134_37.5639959273358528
2026-09-04T23:16:36.811991+09:00,월드컵공원,월드컵공원,POI106,KEY_2,1130061600,월드컵로,1130036401,월드컵공원관리사업소,126.8977760412117561_37.5641164700524541,1130036304,평화의공원입구삼거리,126.8990929587228322_37.5641039888147077,116.0,10.0,정체,126.8990929587228322_37.5641039888147077|126.8977760412117561_37.5641164700524541
2026-09-04T23:16:36.811991+09:00,월드컵공원,월드컵공원,POI106,KEY_2,1130062900,강변북로,1130002801,난지하늘다리,126.8791284445894973_37.5678284485748435,1130037600,공중화장실중앙연결브릿지,126.8797079271903243_37.5669208029345754,122.0,45.0,서행,126.8797079271903243_37.5669208029345754|126.8793072989835622_37.5672575978672327|126.8791033450198142_37.5674651956459158|126.8790652029663732_37.5675484635056307|126.8790741844070027_37.5676319787488211|126.8790921421632021_37.5677244852051189|126.8791284445894973_37.5678284485748435
2026-09-04T23:16:36.811991+09:00,월드컵공원,월드컵공원,POI106,KEY_2,1130063000,강변북로,1130038600,월드컵경기장교차로,126.8944428243858624_37.5671141661657799,1130038500,월드컵경기장,126.8931801682920337_37.5670727001149629,125.0,23.0,정체,126.8931801682920337_37.5670727001149629|126.8933897681488503_37.5672261579097437|126.8935813632224097_37.5672787759108360|126.8937879608320429_37.5673123366294135|126.8939706670349068_37.5672981975568163|126.8942043606884340_37.5672316578597290|126.8944428243858624_37.5671141661657799
2026-09-04T23:16:36.811991+09:00,월드컵공원,월드컵공원,POI106,KEY_2,1130063400,증산로,1130040300,월드컵경기장,126.8942037166999768_37.5682095895477133,1130038900,월드컵경기장교차로,126.8945235506847951_37.5672011186045438,132.0,10.0,정체,126.8945235506847951_37.5672011186045438|126.8941591507406628_37.5674342485064017|126.8940661142988517_37.5675724300144651|126.8940569783548256_37.5676796970297389|126.8940746403386015_37.5678966464311941|126.8941013742459489_37.5680516235913231|126.8942037166999768_37.5682095895477133
2026-09-04T23:16:36.811991+09:00,월드컵공원,월드컵공원,POI106,KEY_2,1130063500,강변북로,1130038800,월드컵경기장,126.8930701997771990_37.5671361630912628,1130039900,월드컵경기장,126.8929039986858243_37.5681184361734708,118.0,45.0,서행,126.8929039986858243_37.5681184361734708|126.8931462963787595_37.5678481327790266|126.8931914230922331_37.5677051397006991|126.8932036109160464_37.5675597336768163|126.8931828577785836_37.5674119138146949|126.8930701997771990_37.5671361630912628
2026-09-04T23:16:36.811991+09:00,월드컵공원,월드컵공원,POI106,KEY_2,1130063800,강변북로,1130040700,난지하늘다리,126.8776788640752642_37.5680938393486130,1130002802,난지하늘다리,126.8790067890186322_37.5679013379083457,127.0,61.0,원활,126.8790067890186322_37.5679013379083457|126.8788308435538426_37.5678095595811072|126.8786737572404633_37.5677848848747118|126.8783510034137123_37.5678666541355639|126.8776788640752642_37.5680938393486130
2026-09-04T23:16:36.811991+09:00,월드컵공원,월드컵공원,POI106,KEY_2,1130063900,월드컵로,1130040200,월드컵경기장,126.8929931387771859_37.5682000156307865,1130040500,월드컵경기장,126.8940928477794330_37.5682720534531640,109.0,30.0,원활,126.8940928477794330_37.5682720534531640|126.8939125656522293_37.5681444259831849|126.8937000263679380_37.5680751014343741|126.8935293686126613_37.5680391898499764|126.8933975868422834_37.5680438380959885|126.8931848928623936_37.5680841726191517|126.8929931387771859_37.5682000156307865
2026-09-04T23:16:36.811991+09:00,월드컵공원,월드컵공원,POI106,KEY_2,1130065600,증산로,1130042100,속성변화점,126.8962751836689620_37.5706745501291124,1130041801,월드컵터널(남측),126.8953457382357044_37.5694939484396357,186.0,63.0,원활,126.8953457382357044_37.5694939484396357|126.8959901880873531_37.5699362475398502|126.8963117579864530_37.5702168759129691|126.8964882429743852_37.5703743670373029|126.8965301036916884_37.5704244657172666|126.8965179988444589_37.5705150429433061|126.8964640067656120_37.5705745928165271|126.8962751836689620_37.5706745501291124
2026-09-04T23:16:36.811991+09:00,월드컵공원,월드컵공원,POI106,KEY_2,1130065700,증산로,1130041802,월드컵터널(남측),126.8952351960387688_37.5695567787868399,1130042100,속성변화점,126.8962751836689620_37.5706745501291124,175.0,27.0,원활,126.8962751836689620_37.5706745501291124|126.8961193477791625_37.5707435455473870|126.8960085430591676_37.5707362967985716|126.8959217483802888_37.5706933095278472|126.8958500247873076_37.5705812039502050|126.8952351960387688_37.5695567787868399
2026-09-04T23:16:36.811991+09:00,월드컵공원,월드컵공원,POI106,KEY_2,1130066600,월드컵북로,1130043101,성산동산50-10,126.8992002042206764_37.5730978684736385,1130042600,월드컵터널(북측),126.8985600196672294_37.5730452642534374,62.0,18.0,서행,126.8985600196672294_37.5730452642534374|126.8986768445737283_37.5731219076736807|126.8988493070879713_37.5731621056792235|126.8989762827692971_37.5731736570376427|126.8991097236723817_37.5731413353492059|126.8992002042206764_37.5730978684736385
2026-09-04T23:16:36.811991+09:00,월드컵공원,월드컵공원,POI106,KEY_2,1130066700,증산로,1130042700,월드컵터널(북측),126.8984500525647974_37.5731087375812649,1130043300,상암동24-59,126.8983553249005070_37.5736156835259791,60.0,27.3,원활,126.8983553249005070_37.5736156835259791|126.8984534992670916_37.5734974169797056|126.8984848298550645_37.5733639462692608|126.8984969418499560_37.5732666934217008|126.8984500525647974_37.5731087375812649
2026-09-04T23:16:36.811991+09:00,월드컵공원,월드컵공원,POI106,KEY_2,1130066900,월드컵북로,1130043400,상암동24-59,126.8984326017897075_37.5737046034107323,1130043500,성산동491-1,126.8990562961894852_37.5737647959106411,59.0,28.0,원활,126.8990562961894852_37.5737647959106411|126.8989085002055361_37.5736866108833851|126.8987791467213100_37.5736598008740614|126.8986641476944612_37.5736501660897773|126.8985371690847614_37.5736660785077774|126.8984326017897075_37.5737046034107323
2026-09-04T23:16:36.811991+09:00,월드컵공원,월드컵공원,POI106,KEY_2,1130067000,강변북로,1130044000,가양대교,126.8673743583999141_37.5742974351538592,1130043000,상암동496-173,126.8685043667667713_37.5733962814687246,142.0,61.0,원활,126.8685043667667713_37.5733962814687246|126.8682637435223626_37.5736487619131054|126.8675778383089323_37.5741518602001037|126.8673743583999141_37.5742974351538592
2026-09-04T23:16:36.811991+09:00,월드컵공원,월드컵공원,POI106,KEY_2,1130067400,강변북로,1130044900,가양대교(북측),126.8662979111019808_37.5750965324918980,2180012400,마포구-고양시덕양구,126.8621499541622484_37.5761292129435418,867.0,49.7,서행,126.8621499541622484_37.5761292129435418|126.8630365316940498_37.5756983525925961|126.8633496391713038_37.5755235658387008|126.8636024164670175_37.5753961503927982|126.8638549079817466_37.5753021186014351|126.8642093916064510_37.5751943274225582|126.8644317580255318_37.5751192112446475|126.8646243656565815_37.5750200868760302|126.8656963468579306_37.5743962637992084|126.8673222210701397_37.5734653760000015|126.8674191938721094_37.5734247582035579|126.8675616609625365_37.5734076352449335|126.8677301163889410_37.5734174809641033|126.8678459640486977_37.5734479111437594|126.8679578899536153_37.5734991876324784|126.8680656691356319_37.5735981381943773|126.8681136254124340_37.5736848440004394|126.8681425287121556_37.5738102009802120|126.8681227959743723_37.5739293354224060|126.8680618906707167_37.5740452685688453|126.8679938724763190_37.5741164485557846|126.8678959680219123_37.5741785247544513|126.8670114588051803_37.5746924804154645|126.8664732680685887_37.5749996173274710|126.8662979111019808_37.5750965324918980
2026-09-04T23:16:36.811991+09:00,월드컵공원,월드컵공원,POI106,KEY_2,1130068000,강변북로,1130044900,가양대교(북측),126.8662979111019808_37.5750965324918980,1130044000,가양대교,126.8673743583999141_37.5742974351538592,130.0,53.0,원활,126.8673743583999141_37.5742974351538592|126.8671029486819180_37.5745034584801587|126.8668363039734714_37.5746773111499621|126.8665787981325934_37.5748333266504062|126.8662979111019808_37.5750965324918980
2026-09-04T23:16:36.811991+09:00,월드컵공원,월드컵공원,POI106,KEY_2,1130068100,강변북로,1130045200,상암동1550-3,126.8641075564550107_37.5759187444953753,1130043900,가양대교(북측),126.8653915391259233_37.5740001396464294,472.0,44.3,서행,126.8653915391259233_37.5740001396464294|126.8655530578639770_37.5739801801802500|126.8656826690621386_37.5739598904694603|126.8661509725368433_37.5738555664648857|126.8662685671453687_37.5738390277396874|126.8663692370552525_37.5738395679072923|126.8664578250642165_37.5738514900970912|126.8665224124056721_37.5738670998852271|126.8665988064661292_37.5739037584917384|126.8666941819490717_37.5739634138358554|126.8667607786702263_37.5740248214943335|126.8668082321833168_37.5740823116192715|126.8668364303619285_37.5741492377416790|126.8668526598945334_37.5742141906959048|126.8668616174391417_37.5742886445381998|126.8668489706226410_37.5743667987229344|126.8668146220147861_37.5744600984612092|126.8667539721880928_37.5745456262622142|126.8666911827972115_37.5746006169252169|126.8666261100899249_37.5746422405294780|126.8660974620481738_37.5749545546124253|126.8655931483691290_37.5752410021525876|126.8650740029988668_37.5755094827713094|126.8645475391721931_37.5757570541415831|126.8641075564550107_37.5759187444953753
2026-09-04T23:16:36.811991+09:00,월드컵공원,월드컵공원,POI106,KEY_2,1130068200,증산로,1130045102,중동교,126.9008492951027023_37.5752640367100312,1130044100,성산동488-2,126.8993493776716974_37.5738963850184291,203.0,23.0,서행,126.8993493776716974_37.5738963850184291|126.8997550267243923_37.5741747896741316|126.8999831939128740_37.5743329158112758|126.9008492951027023_37.5752640367100312
2026-09-04T23:16:36.811991+09:00,월드컵공원,월드컵공원,POI106,KEY_2,1130069000,강변북로,1130046100,상암동1548-2,126.8668103712872721_37.5765861618658121,1130044900,가양대교(북측),126.8662979111019808_37.5750965324918980,187.0,49.0,서행,126.8662979111019808_37.5750965324918980|126.8662245161535509_37.5751831042431661|126.8661675796174393_37.5752722291032342|126.8661254475466791_37.5753822999128815|126.8661059123572699_37.5754775866996624|126.8661050528011884_37.5755789367306079|126.8661155560571956_37.5756654422576091|126.8661519976949847_37.5757848778879833|126.8662148338686819_37.5758835881253859|126.8663447810881735_37.5760184312028898|126.8665599115308424_37.5762670083014783|126.8668103712872721_37.5765861618658121
2026-09-04T23:16:36.811991+09:00,월드컵공원,월드컵공원,POI106,KEY_2,1130069200,강변북로,1130281600,가양대교북단,126.8660053048504182_37.5750796107830993,1130044000,가양대교,126.8673743583999141_37.5742974351538592,149.0,52.5,원활,126.8673743583999141_37.5742974351538592|126.8665795553867071_37.5747439011434423|126.8661436579312891_37.5750013064232888|126.8660053048504182_37.5750796107830993
2026-09-04T23:16:36.811991+09:00,월드컵공원,월드컵공원,POI106,KEY_2,1130069800,하늘공원로.인접길,1130196200,최소노드배치점,126.8796216688609491_37.5766068101045363,1130043604,난지천공원축구장,126.8832930872955274_37.5737972440663555,451.0,23.0,서행,126.8832930872955274_37.5737972440663555|126.8831478360829408_37.5738788137359450|126.8818446069710149_37.5748528284286962|126.8813502498068573_37.5751596481914305|126.8805852438940889_37.5757456690421776|126.8797692818211829_37.5764610535517178|126.8796216688609491_37.5766068101045363
2026-09-04T23:16:36.811991+09:00,월드컵공원,월드컵공원,POI106,KEY_2,1130069900,하늘공원로.인접길,1130135300,상암동 481-6,126.8800262698801617_37.5700108803724220,1130041504,하늘공원입구교차로,126.8806278182475182_37.5696761433924351,65.0,26.0,원활,126.8806278182475182_37.5696761433924351|126.8800262698801617_37.5700108803724220
2026-09-04T23:16:36.811991+09:00,월드컵공원,월드컵공원,POI106,KEY_2,1130071400,월드컵로42길,1130047301,속성변화점,126.8815283578683051_37.5777569752766922,1130046901,난지천공원입구교차로,126.8811072347717186_37.5773962507000618,55.0,36.0,원활,126.8811072347717186_37.5773962507000618|126.8812495831449496_37.5774833779547421|126.8813405260552258_37.5775507592219284|126.8815283578683051_37.5777569752766922
2026-09-04T23:16:36.811991+09:00,월드컵공원,월드컵공원,POI106,KEY_2,1130071500,월드컵로42길,1130046904,난지천공원입구교차로,126.8809936867214532_37.5774631452153756,1130047302,속성변화점,126.8814183695332076_37.5778204336888777,55.0,20.0,서행,126.8814183695332076_37.5778204336888777|126.8812382924741939_37.5776227305095460|126.8811616986085369_37.5775659809208022|126.8809936867214532_37.5774631452153756
2026-09-04T23:16:36.811991+09:00,월드컵공원,월드컵공원,POI106,KEY_2,2180147000,월드컵로,2180129202,마포구-고양시덕양구,126.8763952068496508_37.5799982060491828,2180012203,구룡사거리,126.8762149289149761_37.5801524042564026,23.0,37.0,원활,126.8762149289149761_37.5801524042564026|126.8763634855326785_37.5800170245039027|126.8763952068496508_37.5799982060491828
2026-09-04T23:16:36.811991+09:00,월드컵공원,월드컵공원,POI106,KEY_2,2180147100,월드컵로,2180012202,구룡사거리,126.8763295675570220_37.5802143042951400,2180129201,마포구-고양시덕양구,126.8764749226956496_37.5800874255298964,19.0,33.0,원활,126.8764749226956496_37.5800874255298964|126.8763295675570220_37.5802143042951400
2026-09-04T23:16:36.811991+09:00,월드컵공원,월드컵공원,POI106,KEY_2,2180147200,가양대로,2180648800,최소노드배치점,126.8724967538337722_37.5787136648142166,1130047201,마포구-고양시덕양구,126.8685875400640697_37.5776283095015344,367.0,32.0,원활,126.8685875400640697_37.5776283095015344|126.8687679231673258_37.5777081191461306|126.8696731106302451_37.5780079626163825|126.8707378927987293_37.5783310556528534|126.8724967538337722_37.5787136648142166
2026-09-04T23:16:36.811991+09:00,응봉산,응봉산,POI107,KEY_3,1030011101,독서당로,1030016901,금호사거리,127.0258355963698307_37.5480872396207204,1030016800,성동야구아카데미,127.0262243759454179_37.5480394677482039,35.0,20.0,서행,127.0262243759454179_37.5480394677482039|127.0260129946544225_37.5480523681525966|127.0258355963698307_37.5480872396207204
2026-09-04T23:16:36.811991+09:00,응봉산,응봉산,POI107,KEY_3,1030001100,강변북로,1030156000,최소노드배치점,127.0213172696816315_37.5418363698245869,1030011700,성수JC,127.0277034763174839_37.5435314558420359,626.0,77.3,원활,127.0277034763174839_37.5435314558420359|127.0273660596918859_37.5436061706099622|127.0269812022349356_37.5436660558017010|127.0266134653938508_37.5436994987565029|127.0263498147619003_37.5437145532157359|127.0260689874350106_37.5437146155462784|127.0257972439317058_37.5437072140486165|127.0256158593587799_37.5436920509719414|127.0253420083322311_37.5436625446649401|127.0251421236166749_37.5436322732668017|127.0248394197989370_37.5435730110211523|127.0245616660347139_37.5435067258282444|127.0242659363870530_37.5434283027086693|127.0240476294227250_37.5433576585535036|127.0238338095811912_37.5432838253520345|127.0235805366022390_37.5431853014490997|127.0233607080480311_37.5430932747052140|127.0231555229665901_37.5429926482434908|127.0229868700822493_37.5428875399539521|127.0226181889339188_37.5426725398474233|127.0213172696816315_37.5418363698245869
2026-09-04T23:16:36.811991+09:00,응봉산,응봉산,POI107,KEY_3,1030007902,뚝섬로,1030013601,금호삼거리,127.0245891214709388_37.5447654759813005,1030014302,금호삼거리,127.0263191362427904_37.5452769580231731,164.0,44.0,원활,127.0263191362427904_37.5452769580231731|127.0261038637831490_37.5452060923529416|127.0259258020346493_37.5451540547291813|127.0256170193134579_37.5450978439079961|127.0253052748234381_37.5450222398063929|127.0250045882675067_37.5449283656812511|127.0246872563924541_37.5448051207934412|127.0245891214709388_37.5447654759813005
2026-09-04T23:16:36.811991+09:00,응봉산,응봉산,POI107,KEY_3,1030007903,뚝섬로,1030153700,최소노드배치점,127.0298541325279302_37.5461734938040195,1030013800,용비교앞,127.0333325548071599_37.5450050369533841,334.0,47.0,원활,127.0333325548071599_37.5450050369533841|127.0320878634865949_37.5454301821306089|127.0301483584728004_37.5461118314372300|127.0298548174119588_37.5461734181233169|127.0298541325279302_37.5461734938040195
2026-09-04T23:16:36.811991+09:00,응봉산,응봉산,POI107,KEY_3,1030008002,뚝섬로,1030014301,금호삼거리,127.0263715716448445_37.5451772275798916,1030013602,금호삼거리,127.0246505601775056_37.5446690560700560,163.0,10.0,정체,127.0246505601775056_37.5446690560700560|127.0247477442928243_37.5447083164846589|127.0250592248637247_37.5448292892327657|127.0253499091777769_37.5449200407027206|127.0256519775122257_37.5449932978853056|127.0259644829495471_37.5450501862500374|127.0261532197348942_37.5451053434148392|127.0263715716448445_37.5451772275798916
2026-09-04T23:16:36.811991+09:00,응봉산,응봉산,POI107,KEY_3,1030008003,뚝섬로,1030153800,최소노드배치점,127.0298280875985313_37.5460672151115205,1030014301,금호삼거리,127.0263715716448445_37.5451772275798916,327.0,10.0,정체,127.0263715716448445_37.5451772275798916|127.0277067042073753_37.5456277749716634|127.0283663117931781_37.5458931608152326|127.0286645473896385_37.5460015438553114|127.0289031949048280_37.5460619400162230|127.0291560364487253_37.5460963879228444|127.0293619782756736_37.5461020897726172|127.0295918951163969_37.5460933152127936|127.0298280875985313_37.5460672151115205
2026-09-04T23:16:36.811991+09:00,응봉산,응봉산,POI107,KEY_3,1030008301,뚝섬로,1030002302,금호삼거리,127.0225396667000410_37.5433334984248930,1030014003,금호삼거리,127.0243831066502196_37.5449660805404974,246.0,42.0,원활,127.0243831066502196_37.5449660805404974|127.0243360987880408_37.5449581175842013|127.0242336645572436_37.5448336998437640|127.0240467802874633_37.5446420720797462|127.0237323247119434_37.5443560684192832|127.0232856057741913_37.5440197800600259|127.0230559677864051_37.5438428535230955|127.0228298698669960_37.5436679242665221|127.0226446269329870_37.5435285236299734|127.0225396667000410_37.5433334984248930
2026-09-04T23:16:36.811991+09:00,응봉산,응봉산,POI107,KEY_3,1030008302,금호로,1030014004,금호삼거리,127.0244003804041171_37.5450849069713186,1030015403,서울숲2차푸르지오아파트,127.0250874895659621_37.5465858605602207,177.0,13.0,정체,127.0250874895659621_37.5465858605602207|127.0248337854645087_37.5460386382467064|127.0247559716229802_37.5458707974138193|127.0244749924089547_37.5452718122957805|127.0244003804041171_37.5450849069713186
2026-09-04T23:16:36.811991+09:00,응봉산,응봉산,POI107,KEY_3,1030008303,금호로,1030158200,금호동4가 136-1,127.0255399332561268_37.5476169553150001,1030016200,금호동4가136-1,127.0255795520311040_37.5477118348494585,11.0,15.5,서행,127.0255795520311040_37.5477118348494585|127.0255399332561268_37.5476169553150001
2026-09-04T23:16:36.811991+09:00,응봉산,응봉산,POI107,KEY_3,1030008304,금호로,1030016200,금호동4가136-1,127.0255795520311040_37.5477118348494585,1030016903,금호사거리,127.0256775098357593_37.5480028846398000,33.0,13.0,정체,127.0256775098357593_37.5480028846398000|127.0256382523289176_37.5478636728514132|127.0255882964010823_37.5477327757710384|127.0255795520311040_37.5477118348494585
2026-09-04T23:16:36.811991+09:00,응봉산,응봉산,POI107,KEY_3,1030008402,금호로,1030161600,금호동4가 189,127.0249611739107110_37.5460011960421554,1030014001,금호삼거리,127.0245297901294350_37.5450521552824128,112.0,17.0,서행,127.0245297901294350_37.5450521552824128|127.0246033800226115_37.5452364997842736|127.0248832696392469_37.5458331611532259|127.0249611739107110_37.5460011960421554
2026-09-04T23:16:36.811991+09:00,응봉산,응봉산,POI107,KEY_3,1030008403,금호로,1030158300,금호동4가 103-1,127.0256687918147662_37.5475828444212425,1030015401,서울숲2차푸르지오아파트,127.0252473374584810_37.5466183593112390,113.0,15.0,서행,127.0252473374584810_37.5466183593112390|127.0254324071465817_37.5470167442117599|127.0256687918147662_37.5475828444212425
2026-09-04T23:16:36.811991+09:00,응봉산,응봉산,POI107,KEY_3,1030008404,금호로,1030016902,금호사거리,127.0258104610465182_37.5479808142442693,1030016100,금호동4가110-1,127.0257084110779715_37.5476777247828579,35.0,6.0,정체,127.0257084110779715_37.5476777247828579|127.0257177115611427_37.5476999972500991|127.0257696441507704_37.5478360745881687|127.0258104610465182_37.5479808142442693
2026-09-04T23:16:36.811991+09:00,응봉산,응봉산,POI107,KEY_3,1030011102,독서당로,1030016800,성동야구아카데미,127.0262243759454179_37.5480394677482039,1030018704,금호삼성아파트,127.0288457542290246_37.5490547942188471,265.0,24.0,서행,127.0288457542290246_37.5490547942188471|127.0277159147608899_37.5484809426068509|127.0272678076244972_37.5481907559656278|127.0271129046379031_37.5481264540184654|127.0269135921910078_37.5480706016531229|127.0266918306376596_37.5480488090773363|127.0262243759454179_37.5480394677482039
2026-09-04T23:16:36.811991+09:00,응봉산,응봉산,POI107,KEY_3,1030011103,독서당로,1030046800,응봉동 산8-14,127.0302999391925312_37.5497975459235462,1030019304,응봉현대아파트,127.0306640401490199_37.5499835776434523,38.0,25.0,원활,127.0306640401490199_37.5499835776434523|127.0302999391925312_37.5497975459235462
2026-09-04T23:16:36.811991+09:00,응봉산,응봉산,POI107,KEY_3,1030011104,독서당로,1030140100,응봉삼거리,127.0341738103327600_37.5545163588240456,1030022204,응봉삼거리,127.0343484654333395_37.5546429357531792,21.0,25.0,원활,127.0343484654333395_37.5546429357531792|127.0341738103327600_37.5545163588240456
2026-09-04T23:16:36.811991+09:00,응봉산,응봉산,POI107,KEY_3,1030011201,독서당로,1030016700,금호동4가76-2,127.0262277838623106_37.5479313822787617,1030016902,금호사거리,127.0258104610465182_37.5479808142442693,37.0,33.7,원활,127.0258104610465182_37.5479808142442693|127.0259914566427284_37.5479452360338399|127.0262232709304726_37.5479312922801824|127.0262277838623106_37.5479313822787617
2026-09-04T23:16:36.811991+09:00,응봉산,응봉산,POI107,KEY_3,1030011202,독서당로,1030098600,금호동4가 산3-4,127.0271710951555235_37.5480286767438614,1030016700,금호동4가76-2,127.0262277838623106_37.5479313822787617,85.0,23.0,서행,127.0262277838623106_37.5479313822787617|127.0267018748789809_37.5479408563429828|127.0269448117447695_37.5479647289813627|127.0271671083666405_37.5480270217543932|127.0271710951555235_37.5480286767438614
2026-09-04T23:16:36.811991+09:00,응봉산,응봉산,POI107,KEY_3,1030011203,독서당로,1030019303,응봉현대아파트,127.0307373825225596_37.5498925829780532,1030018702,금호삼성아파트,127.0290429266333518_37.5490268092057420,178.0,22.7,서행,127.0290429266333518_37.5490268092057420|127.0298580970931113_37.5494433220325661|127.0303732819594131_37.5497065513663557|127.0307373825225596_37.5498925829780532
2026-09-04T23:16:36.811991+09:00,응봉산,응봉산,POI107,KEY_3,1030011204,독서당로,1030156400,최소노드배치점,127.0324901285359402_37.5517415938519079,1030019302,응봉현대아파트,127.0308532474746102_37.5499493209760473,254.0,24.0,서행,127.0308532474746102_37.5499493209760473|127.0311598133465196_37.5500923092155929|127.0314245468871661_37.5502415038619333|127.0316905277874611_37.5504369629417525|127.0319013854685437_37.5506503454654563|127.0320815292466818_37.5508887152306770|127.0322086909415731_37.5511042138192508|127.0323804186302112_37.5515081726606041|127.0324901285359402_37.5517415938519079
2026-09-04T23:16:36.811991+09:00,응봉산,응봉산,POI107,KEY_3,1030011702,고산자로,1030020204,응봉역앞,127.0352176251380740_37.5514632527617636,1030020805,응봉동 59,127.0350352951621602_37.5520646051962572,69.0,23.0,서행,127.0350352951621602_37.5520646051962572|127.0352176251380740_37.5514632527617636
2026-09-04T23:16:36.811991+09:00,응봉산,응봉산,POI107,KEY_3,1030013701,고산자로,1030022204,응봉삼거리,127.0343484654333395_37.5546429357531792,1030022702,행당동 330-2,127.0341912875980626_37.5556766233079600,116.0,23.0,서행,127.0341912875980626_37.5556766233079600|127.0342120672140993_37.5555183447502472|127.0342828586803989_37.5549791203233809|127.0343484654333395_37.5546429357531792
2026-09-04T23:16:36.811991+09:00,응봉산,응봉산,POI107,KEY_3,1030029800,금호로,1030013604,금호삼거리,127.0244660195330226_37.5447157450772906,1030014003,금호삼거리,127.0243831066502196_37.5449660805404974,29.0,22.0,서행,127.0243831066502196_37.5449660805404974|127.0243819232019575_37.5449412170987458|127.0244660195330226_37.5447157450772906
2026-09-04T23:16:36.811991+09:00,응봉산,응봉산,POI107,KEY_3,1030029900,금호로,1030014002,금호삼거리,127.0245187985881046_37.5449619861916730,1030013601,금호삼거리,127.0245891214709388_37.5447654759813005,23.0,14.0,정체,127.0245891214709388_37.5447654759813005|127.0245184623645542_37.5449549218575100|127.0245187985881046_37.5449619861916730
2026-09-04T23:16:36.811991+09:00,응봉산,응봉산,POI107,KEY_3,1030031400,금호로1길,1030014003,금호삼거리,127.0243831066502196_37.5449660805404974,1030016504,금호동4가 505-1,127.0238483837796792_37.5479358798656904,454.0,19.0,서행,127.0238483837796792_37.5479358798656904|127.0235770885817601_37.5476364587372160|127.0233181784719392_37.5474261233172228|127.0231977308909421_37.5472913323833097|127.0231284337929480_37.5471902376842550|127.0230337332526602_37.5469745516509974|127.0229944018157227_37.5468411934546538|127.0230517106162864_37.5467011472214693|127.0230642106844670_37.5465843593454736|127.0230696017737841_37.5465339903971795|127.0231018410010364_37.5464532464752168|127.0232559374913279_37.5463259447105244|127.0232760633650599_37.5463055394242105|127.0232748760431889_37.5462973648940945|127.0232359799152846_37.5462177864088957|127.0232284704929668_37.5459692671184229|127.0232061315526408_37.5457166872262889|127.0232633860120046_37.5455514696615467|127.0233136429695122_37.5454785391859716|127.0233294889235083_37.5454326157334748|127.0233397117676617_37.5453168893803308|127.0233542551236638_37.5450929071155599|127.0233664379930758_37.5450467735456996|127.0234954995279821_37.5449373260855879|127.0235833461806436_37.5448878247946993|127.0236787743664451_37.5448637120767685|127.0237713541191482_37.5448674731677912|127.0240301499684676_37.5449428731654322|127.0240922262797056_37.5449510983525201|127.0242451816518354_37.5449453357904304|127.0243709098179892_37.5449627883928230|127.0243831066502196_37.5449660805404974
2026-09-04T23:16:36.811991+09:00,응봉산,응봉산,POI107,KEY_3,1030031500,금호로1길,1030170600,금호동4가 342,127.0239894492258799_37.5450461462238820,1030014004,금호삼거리,127.0244003804041171_37.5450849069713186,37.0,18.0,서행,127.0244003804041171_37.5450849069713186|127.0243372513306781_37.5450678671607250|127.0242366270141616_37.5450538989428892|127.0240842009909557_37.5450596415639026|127.0239953752521558_37.5450478727755410|127.0239894492258799_37.5450461462238820
2026-09-04T23:16:36.811991+09:00,응봉산,응봉산,POI107,KEY_3,1030032600,금호로3길,1030015403,서울숲2차푸르지오아파트,127.0250874895659621_37.5465858605602207,1030016503,금호동4가 235-5,127.0239194442631998_37.5478295063627385,173.0,17.0,서행,127.0239194442631998_37.5478295063627385|127.0239218379499277_37.5478255558994576|127.0239908175615966_37.5477381715467899|127.0240349006078020_37.5476823263885606|127.0247811874996700_37.5468915402105168|127.0249918043950572_37.5466522562733687|127.0250874895659621_37.5465858605602207
2026-09-04T23:16:36.811991+09:00,응봉산,응봉산,POI107,KEY_3,1030032700,금호로3길,1030161000,금호동4가 162,127.0241057892529284_37.5477957056858145,1030015404,서울숲2차푸르지오아파트,127.0251378478824336_37.5466943339865722,153.0,16.0,서행,127.0251378478824336_37.5466943339865722|127.0250935042581659_37.5467251038971526|127.0248910998353864_37.5469550582399805|127.0241468609991529_37.5477436750801701|127.0241057892529284_37.5477957056858145
2026-09-04T23:16:36.811991+09:00,응봉산,응봉산,POI107,KEY_3,1030033000,독서당로,1030016700,금호동4가76-2,127.0262277838623106_37.5479313822787617,1030016100,금호동4가110-1,127.0257084110779715_37.5476777247828579,59.0,21.0,서행,127.0257084110779715_37.5476777247828579|127.0258361501292654_37.5478382783143019|127.0259188060206981_37.5478911830666533|127.0260122341105529_37.5479283512465543|127.0262277838623106_37.5479313822787617
2026-09-04T23:16:36.811991+09:00,응봉산,응봉산,POI107,KEY_3,1030033100,금호로,1030016200,금호동4가136-1,127.0255795520311040_37.5477118348494585,1030017000,금호동4가116,127.0253168883355812_37.5480374538519825,51.0,9.0,정체,127.0253168883355812_37.5480374538519825|127.0254769187222905_37.5480071359631964|127.0255415757320350_37.5479627820440243|127.0255864659671232_37.5478998375612534|127.0256086918468270_37.5478097734097034|127.0255795520311040_37.5477118348494585
2026-09-04T23:16:36.811991+09:00,응봉산,응봉산,POI107,KEY_3,1030033400,금호로,1030017600,금호동1가1806-1,127.0258826035867230_37.5483405109717623,1030016800,성동야구아카데미,127.0262243759454179_37.5480394677482039,51.0,21.0,서행,127.0262243759454179_37.5480394677482039|127.0260122902762134_37.5480899795996237|127.0259440425159738_37.5481400559065506|127.0258919651416250_37.5481987115429092|127.0258826035867230_37.5483405109717623
2026-09-04T23:16:36.811991+09:00,응봉산,응봉산,POI107,KEY_3,1030035800,독서당로55길,1030019401,금호동1가 635,127.0265686732719814_37.5506119028105729,1030018701,금호삼성아파트,127.0289695825101717_37.5491178034089472,269.0,19.0,서행,127.0289695825101717_37.5491178034089472|127.0284531619766000_37.5494050999312776|127.0279050315179461_37.5497563426537440|127.0275345654433181_37.5500100867125113|127.0275119157961399_37.5500256000861725|127.0265686732719814_37.5506119028105729
2026-09-04T23:16:36.811991+09:00,응봉산,응봉산,POI107,KEY_3,1030036300,독서당로62길,1030044000,응봉동 193-76,127.0309081430659148_37.5497511992183064,1030019303,응봉현대아파트,127.0307373825225596_37.5498925829780532,23.0,21.0,서행,127.0307373825225596_37.5498925829780532|127.0307983143885480_37.5498023978845268|127.0308928097263816_37.5497541355430400|127.0309081430659148_37.5497511992183064
2026-09-04T23:16:36.811991+09:00,응봉산,응봉산,POI107,KEY_3,1030036400,독서당로62길,1030115800,응봉동 100,127.0331540741885163_37.5508112196129389,1030020807,응봉동 59,127.0349470253762831_37.5522432866666946,253.0,15.0,서행,127.0349470253762831_37.5522432866666946|127.0348927337139884_37.5522533951449304|127.0347463640402594_37.5522612067135668|127.0346056172544991_37.5522485151423950|127.0340392251581392_37.5521575140909221|127.0339498538011753_37.5521025726294582|127.0336679641477815_37.5517028399204804|127.0333347532741612_37.5512634320380485|127.0332090570225176_37.5510684553932919|127.0331540741885163_37.5508112196129389
2026-09-04T23:16:36.811991+09:00,응봉산,응봉산,POI107,KEY_3,1030050600,금호로,1030014002,금호삼거리,127.0245187985881046_37.5449619861916730,1030014302,금호삼거리,127.0263191362427904_37.5452769580231731,166.0,25.0,원활,127.0263191362427904_37.5452769580231731|127.0261005100282858_37.5452863826889143|127.0258942993101527_37.5452474499432611|127.0255848366716549_37.5451722743201728|127.0252679662626605_37.5450911580173639|127.0249717297689074_37.5449967008118861|127.0248301010968532_37.5449537241828182|127.0247241087351142_37.5449365823874572|127.0246504579408651_37.5449365977853091|127.0245821989922774_37.5449466239183209|127.0245187985881046_37.5449619861916730
2026-09-04T23:16:36.811991+09:00,응봉산,응봉산,POI107,KEY_3,1030050700,뚝섬로,1030002302,금호삼거리,127.0225396667000410_37.5433334984248930,1030014302,금호삼거리,127.0263191362427904_37.5452769580231731,409.0,65.0,원활,127.0263191362427904_37.5452769580231731|127.0260791857573537_37.5452564663631208|127.0259064609708446_37.5452059880624418|127.0255995407431442_37.5451501164641570|127.0252829570347615_37.5450733393513474|127.0249772704809885_37.5449779038953011|127.0246570129492625_37.5448535224850417|127.0244053744653030_37.5447518654607038|127.0241663157922289_37.5446239979584249|127.0239073468036253_37.5444640458128447|127.0236663621607534_37.5442874822721109|127.0231478159418970_37.5438927410097776|127.0226898898909695_37.5435157252336751|127.0225396667000410_37.5433334984248930
2026-09-04T23:16:36.811991+09:00,응봉산,응봉산,POI107,KEY_3,1030050800,뚝섬로,1030014301,금호삼거리,127.0263715716448445_37.5451772275798916,1030002301,금호삼거리,127.0226342015975263_37.5432558991388277,401.0,36.0,원활,127.0226342015975263_37.5432558991388277|127.0227735424564344_37.5432963462593179|127.0233375538967522_37.5437380146797395|127.0238521589868981_37.5441297546865442|127.0240828291760948_37.5442987614734989|127.0243254469313001_37.5444486137030395|127.0245430436055187_37.5445650012127530|127.0247779887503299_37.5446599147684452|127.0250865436734244_37.5447797509983090|127.0253722257435101_37.5448689411440455|127.0256694571406229_37.5449410244187760|127.0259838239325632_37.5449982520049161|127.0261778976611424_37.5450549693879267|127.0263715716448445_37.5451772275798916
2026-09-04T23:16:36.811991+09:00,응봉산,응봉산,POI107,KEY_3,1030060200,고산자로,1030040502,응봉동 84,127.0345457436668113_37.5537140114381387,1030022203,응봉삼거리,127.0343749878095281_37.5545159488352596,90.0,38.0,원활,127.0343749878095281_37.5545159488352596|127.0345457436668113_37.5537140114381387
2026-09-04T23:16:36.811991+09:00,응봉산,응봉산,POI107,KEY_3,1030060300,고산자로,1030022202,응봉삼거리,127.0344982469721202_37.5545839712216960,1030040501,응봉동 84,127.0346787765228669_37.5537354682910234,96.0,26.0,원활,127.0346787765228669_37.5537354682910234|127.0344982469721202_37.5545839712216960
2026-09-04T23:16:36.811991+09:00,응봉산,응봉산,POI107,KEY_3,1030060400,고산자로,1030020808,응봉동 50-4,127.0349722533052272_37.5522752466610541,1030040502,응봉동 84,127.0345457436668113_37.5537140114381387,164.0,26.0,원활,127.0345457436668113_37.5537140114381387|127.0349722533052272_37.5522752466610541
2026-09-04T23:16:36.811991+09:00,응봉산,응봉산,POI107,KEY_3,1030060500,고산자로,1030040602,응봉교(북측),127.0353039979932106_37.5511793223031063,1030040502,응봉동 84,127.0345457436668113_37.5537140114381387,290.0,60.0,원활,127.0345457436668113_37.5537140114381387|127.0345547094132854_37.5534909140588553|127.0351691257787223_37.5514430022586794|127.0351942408883872_37.5513657567030990|127.0352397142679450_37.5512827837282543|127.0353039979932106_37.5511793223031063
2026-09-04T23:16:36.811991+09:00,응봉산,응봉산,POI107,KEY_3,1030060600,고산자로,1030040501,응봉동 84,127.0346787765228669_37.5537354682910234,1030020801,응봉동 59,127.0351012086756413_37.5523109259349184,162.0,14.0,정체,127.0351012086756413_37.5523109259349184|127.0346787765228669_37.5537354682910234
2026-09-04T23:16:36.811991+09:00,응봉산,응봉산,POI107,KEY_3,1030060800,고산자로,1030040501,응봉동 84,127.0346787765228669_37.5537354682910234,1030040601,응봉교(북측),127.0354323058887900_37.5512155665399234,289.0,25.0,원활,127.0354323058887900_37.5512155665399234|127.0354385491616256_37.5513218203346000|127.0354314127047104_37.5514267130854691|127.0354122260271765_37.5515241500845391|127.0352878611766556_37.5519380319943181|127.0348049216232482_37.5535433180143912|127.0346787765228669_37.5537354682910234
2026-09-04T23:16:36.811991+09:00,응봉산,응봉산,POI107,KEY_3,1030061000,고산자로,1030040802,응봉교(남측),127.0364122199101899_37.5475877422382993,1030040602,응봉교(북측),127.0353039979932106_37.5511793223031063,410.0,46.0,원활,127.0353039979932106_37.5511793223031063|127.0364122199101899_37.5475877422382993
2026-09-04T23:16:36.811991+09:00,응봉산,응봉산,POI107,KEY_3,1030061100,고산자로,1030040601,응봉교(북측),127.0354323058887900_37.5512155665399234,1030040801,응봉교(남측),127.0365453230109836_37.5476083497879003,412.0,51.0,원활,127.0365453230109836_37.5476083497879003|127.0354323058887900_37.5512155665399234
2026-09-04T23:16:36.811991+09:00,이촌한강공원,이촌한강공원,POI108,KEY_4,1020000101,강변북로,1020177700,최소노드배치점,126.9735160758688437_37.5170335682321721,1020008600,장미맨션,126.9674759268883975_37.5192653374396343,589.0,65.8,원활,126.9674759268883975_37.5192653374396343|126.9708113694907041_37.5180220323550628|126.9730614976379854_37.5171832066243809|126.9733548327701698_37.5170831491498902|126.9735160758688437_37.5170335682321721
2026-09-04T23:16:36.811991+09:00,이촌한강공원,이촌한강공원,POI108,KEY_4,1020000104,강변북로,1020006400,동작대교북측(남측),126.9828949892906991_37.5150080800496397,1020006700,동작대교(북측),126.9800256660309117_37.5160519948221989,372.0,47.7,서행,126.9800256660309117_37.5160519948221989|126.9808299968759400_37.5161101275101529|126.9811628406973938_37.5161443822588936|126.9823899641706930_37.5162034251455054|126.9825434009835448_37.5162040975456890|126.9826708465813283_37.5161748445062813|126.9827535076294396_37.5161275097643312|126.9828400343725860_37.5160623059202649|126.9828932089837963_37.5159492592973720|126.9828944431571500_37.5157704012335955|126.9828892630113018_37.5154365011152393|126.9828949892906991_37.5150080800496397
2026-09-04T23:16:36.811991+09:00,이촌한강공원,이촌한강공원,POI108,KEY_4,1020001201,강변북로,1020016900,이촌119안전센터,126.9527707053192813_37.5296032521090837,1020014700,늘봄어린이집,126.9534103419858297_37.5269616177521641,303.0,32.0,서행,126.9534103419858297_37.5269616177521641|126.9534012496742150_37.5270744241099976|126.9532254685826160_37.5287686344059281|126.9531671027491626_37.5289431542131382|126.9531202258240512_37.5290789643106777|126.9530543691655424_37.5292061523673013|126.9529628453764900_37.5293571166056665|126.9528713860592291_37.5294859395831253|126.9527707053192813_37.5296032521090837
2026-09-04T23:16:36.811991+09:00,이촌한강공원,이촌한강공원,POI108,KEY_4,1020001202,강변북로,1020017500,이촌119안전센터,126.9523654405978732_37.5299851049663928,1020016900,이촌119안전센터,126.9527707053192813_37.5296032521090837,56.0,42.0,서행,126.9527707053192813_37.5296032521090837|126.9526111115253713_37.5297638421530593|126.9524261692913427_37.5299314144408740|126.9523654405978732_37.5299851049663928
2026-09-04T23:16:36.811991+09:00,이촌한강공원,이촌한강공원,POI108,KEY_4,1020001203,강변북로,1020018900,현대자동차중부지역본부,126.9515851345648088_37.5306749736558771,1020017500,이촌119안전센터,126.9523654405978732_37.5299851049663928,103.0,25.0,정체,126.9523654405978732_37.5299851049663928|126.9519853330072579_37.5303211606273521|126.9515851345648088_37.5306749736558771
2026-09-04T23:16:36.811991+09:00,이촌한강공원,이촌한강공원,POI108,KEY_4,1020001301,강변북로,1020015100,원효대교(북측),126.9530054534751287_37.5274065558744638,1020020100,원효대교(북측),126.9490556979416453_37.5318418487171641,611.0,66.8,원활,126.9490556979416453_37.5318418487171641|126.9511588605246004_37.5298950607039430|126.9517964502142036_37.5293048486157872|126.9520794947991362_37.5290331982994090|126.9522412504164919_37.5288508956887625|126.9523805449295111_37.5286864623722636|126.9524973865242998_37.5285255959335444|126.9526187348045738_37.5283361243785549|126.9527355979030716_37.5281394987459009|126.9528480107025956_37.5278785063501417|126.9529379639647573_37.5276318073909181|126.9530054534751287_37.5274065558744638
2026-09-04T23:16:36.811991+09:00,이촌한강공원,이촌한강공원,POI108,KEY_4,1020004501,양녕로,1020173400,최소노드배치점,126.9595585500767214_37.5188246703474917,1020037700,한강대교,126.9614504170564686_37.5219168510869849,382.0,56.0,원활,126.9614504170564686_37.5219168510869849|126.9595585500767214_37.5188246703474917
2026-09-04T23:16:36.811991+09:00,이촌한강공원,이촌한강공원,POI108,KEY_4,1020007800,청파로,1020173600,최소노드배치점,126.9544297498901955_37.5315689925581850,1020000701,원효대교북측(동측),126.9517622341474095_37.5300758765918303,288.0,57.0,원활,126.9517622341474095_37.5300758765918303|126.9539847333503388_37.5312739203574566|126.9542620658364172_37.5314458751583899|126.9544297498901955_37.5315689925581850
2026-09-04T23:16:36.811991+09:00,이촌한강공원,이촌한강공원,POI108,KEY_4,1020023300,서빙고로62길,1020174500,최소노드배치점,126.9787187723303674_37.5152580928693737,1020006502,사촌5길삼거리,126.9749717465756760_37.5156880509036554,335.0,34.0,원활,126.9749717465756760_37.5156880509036554|126.9751117329301451_37.5156600647625922|126.9754017049598644_37.5156100828596593|126.9760224047377619_37.5155278109994939|126.9770532987808167_37.5154248967958210|126.9787074137265250_37.5152593209579024|126.9787187723303674_37.5152580928693737
2026-09-04T23:16:36.811991+09:00,이촌한강공원,이촌한강공원,POI108,KEY_4,1020023400,서빙고로62길,1020174800,최소노드배치점,126.9824891213493459_37.5152764328568153,1020006204,여우목길-이촌동길삼거,126.9862607226467901_37.5155372285773865,335.0,38.0,원활,126.9862607226467901_37.5155372285773865|126.9848107248320019_37.5154401903541554|126.9828575452751238_37.5152969238249341|126.9824891213493459_37.5152764328568153
2026-09-04T23:16:36.811991+09:00,이촌한강공원,이촌한강공원,POI108,KEY_4,1020023600,동작대로,1020006400,동작대교북측(남측),126.9828949892906991_37.5150080800496397,1020000102,동작대교북측(북측),126.9830968580070873_37.5162135878794203,135.0,60.0,원활,126.9830968580070873_37.5162135878794203|126.9830973582783855_37.5159265924053926|126.9830855094718913_37.5158320420852931|126.9830500284640493_37.5156150572852383|126.9828949892906991_37.5150080800496397
2026-09-04T23:16:36.811991+09:00,이촌한강공원,이촌한강공원,POI108,KEY_4,1020025900,서빙고로62길,1020141900,이촌동 375-1,126.9596450999449502_37.5218248060785342,1020012002,이촌한강공원한강축구장,126.9584923328509802_37.5219853753291375,104.0,22.0,서행,126.9584923328509802_37.5219853753291375|126.9585875324684139_37.5219485289045878|126.9587560183722843_37.5219160589596896|126.9594890278337971_37.5218356566925237|126.9596450999449502_37.5218248060785342
2026-09-04T23:16:36.811991+09:00,이촌한강공원,이촌한강공원,POI108,KEY_4,1020026000,서빙고로62길,1020161500,이촌동 302-17,126.9704077941686506_37.5172262067152431,1020006501,사촌5길삼거리,126.9749999143509029_37.5157937473941132,438.0,58.0,원활,126.9749999143509029_37.5157937473941132|126.9748202206337169_37.5158189922882812|126.9744904447008196_37.5158831702968598|126.9738607344488059_37.5160198211928844|126.9733243730976966_37.5161583026667174|126.9729818969831854_37.5162548304322385|126.9727131343539668_37.5163419065095027|126.9722761593685192_37.5164882421616070|126.9715818965029257_37.5167388922272593|126.9707166376167891_37.5170984596883486|126.9704077941686506_37.5172262067152431
2026-09-04T23:16:36.811991+09:00,이촌한강공원,이촌한강공원,POI108,KEY_4,1020029000,강변북로,1020011900,이촌동 375,126.9602235794051666_37.5220096584238760,1020012001,이촌한강공원한강축구장,126.9585516639946974_37.5220826215641168,148.0,12.0,정체,126.9585516639946974_37.5220826215641168|126.9587113208574465_37.5220996316526865|126.9591141977425650_37.5220609052510881|126.9596830840466453_37.5220183500368947|126.9602235794051666_37.5220096584238760
2026-09-04T23:16:36.811991+09:00,이촌한강공원,이촌한강공원,POI108,KEY_4,1020029200,강변북로,1020012002,이촌한강공원한강축구장,126.9584923328509802_37.5219853753291375,1020012900,이촌우성아파트,126.9566358774652315_37.5229345434784065,199.0,21.0,정체,126.9566358774652315_37.5229345434784065|126.9570464453038028_37.5225864767338919|126.9574825635857280_37.5223784218399743|126.9580930558484653_37.5221996549528427|126.9583501102936225_37.5221157291829570|126.9584923328509802_37.5219853753291375
2026-09-04T23:16:36.811991+09:00,이촌한강공원,이촌한강공원,POI108,KEY_4,1020032100,강변북로,1020015100,원효대교(북측),126.9530054534751287_37.5274065558744638,1020017300,원효대교북측(서측),126.9512077159163965_37.5298631512081684,389.0,45.7,서행,126.9512077159163965_37.5298631512081684|126.9514822855463336_37.5299090640322532|126.9516216330552822_37.5299292063212135|126.9517511067902262_37.5299467270030931|126.9518970490022127_37.5299546450712000|126.9519877335176687_37.5299455566299400|126.9521077543355858_37.5299127260165122|126.9522368979249620_37.5298608590075560|126.9523270967404471_37.5298111962103320|126.9524084351906055_37.5297447981758694|126.9524777763784442_37.5296807288515026|126.9526166005700532_37.5295335132300067|126.9527584871032815_37.5293767714761159|126.9528702913169127_37.5292389692136652|126.9529309273824396_37.5291367026859675|126.9529675922746605_37.5290367097196622|126.9529801960210875_37.5289509141567166|126.9529811713372993_37.5288173680834305|126.9529769080494788_37.5281710589532835|126.9529840979044479_37.5280065388959798|126.9529943354486932_37.5278348787065212|126.9530054534751287_37.5274065558744638
2026-09-04T23:16:36.811991+09:00,이촌한강공원,이촌한강공원,POI108,KEY_4,1020034000,여의대방로,1020000701,원효대교북측(동측),126.9517622341474095_37.5300758765918303,1020017300,원효대교북측(서측),126.9512077159163965_37.5298631512081684,54.0,61.0,원활,126.9512077159163965_37.5298631512081684|126.9517622341474095_37.5300758765918303
2026-09-04T23:16:36.811991+09:00,이촌한강공원,이촌한강공원,POI108,KEY_4,1020034500,이촌로2길,1020136600,이촌동 172-1,126.9529749817550623_37.5299597795509499,1020016900,이촌119안전센터,126.9527707053192813_37.5296032521090837,48.0,20.0,서행,126.9527707053192813_37.5296032521090837|126.9527510286802681_37.5297077910479260|126.9527654424910708_37.5297841729085633|126.9528069643994144_37.5298392163718901|126.9528474013405344_37.5298835816184777|126.9529749817550623_37.5299597795509499
2026-09-04T23:16:36.811991+09:00,이촌한강공원,이촌한강공원,POI108,KEY_4,1020034800,이촌로2길,1020017500,이촌119안전센터,126.9523654405978732_37.5299851049663928,1020019104,원효대교(북측),126.9547296547672914_37.5310849407541980,251.0,26.0,원활,126.9547296547672914_37.5310849407541980|126.9545655803105433_37.5310328345768127|126.9543726239541144_37.5309286287612096|126.9540821407545081_37.5307553338088766|126.9530819266436481_37.5301623577747137|126.9528911683399315_37.5300492648525363|126.9527252955329146_37.5299509250104393|126.9526356021338103_37.5299314301440461|126.9525667304034755_37.5299311114793284|126.9525008186408570_37.5299355755796711|126.9523654405978732_37.5299851049663928
2026-09-04T23:16:36.811991+09:00,이촌한강공원,이촌한강공원,POI108,KEY_4,1020052000,강변북로,1020037400,원효대교(북측),126.9525421584508535_37.5304082079948245,1020017500,이촌119안전센터,126.9523654405978732_37.5299851049663928,52.0,33.0,서행,126.9523654405978732_37.5299851049663928|126.9523627938557553_37.5300890965853284|126.9523796108926064_37.5301734974690859|126.9524096759291609_37.5302742064081443|126.9524626558254994_37.5303423173229618|126.9525421584508535_37.5304082079948245
2026-09-04T23:16:36.811991+09:00,이촌한강공원,이촌한강공원,POI108,KEY_4,1020052200,청파로,1020020200,원효대교(북측),126.9548392490623030_37.5316133150025451,1020017300,원효대교북측(서측),126.9512077159163965_37.5298631512081684,380.0,55.0,원활,126.9512077159163965_37.5298631512081684|126.9518915547961058_37.5299922272080906|126.9541046333161063_37.5311800268186957|126.9547757568389557_37.5315338800621774|126.9548392490623030_37.5316133150025451
2026-09-04T23:16:36.811991+09:00,잠실종합운동장,잠실종합운동장,POI109,KEY_1,1230024502,올림픽로,1230039501,정신여중고교,127.0736954853006182_37.5111786898829180,1230041205,종합운동장교차로,127.0782510546514033_37.5119142943147708,411.0,44.0,원활,127.0782510546514033_37.5119142943147708|127.0777355344654751_37.5118609241788334|127.0736954853006182_37.5111786898829180
2026-09-04T23:16:36.811991+09:00,잠실종합운동장,잠실종합운동장,POI109,KEY_1,1230024602,올림픽로,1230041204,종합운동장교차로,127.0781055802095096_37.5117902042657008,1230039502,속성변화점,127.0737236350740034_37.5110729205048941,396.0,21.0,서행,127.0737236350740034_37.5110729205048941|127.0777583891545248_37.5117542599830429|127.0781055802095096_37.5117902042657008
2026-09-04T23:16:36.811991+09:00,잠실종합운동장,잠실종합운동장,POI109,KEY_1,1230080400,올림픽로.백제고분로,1230358300,최소노드배치점,127.0741133987251885_37.5141329445928022,1230039501,정신여중고교,127.0736954853006182_37.5111786898829180,348.0,5.0,정체,127.0736954853006182_37.5111786898829180|127.0735109745380811_37.5120468642505998|127.0733871347810577_37.5128886808420958|127.0734162045250599_37.5131457669554109|127.0735033961650799_37.5134180663867554|127.0736294614953579_37.5136367146674488|127.0741133987251885_37.5141329445928022
2026-09-04T23:16:36.811991+09:00,잠실종합운동장,잠실종합운동장,POI109,KEY_1,1230080500,올림픽로.백제고분로,1230358400,최소노드배치점,127.0740062090400500_37.5141992739565353,1230044204,신천중교앞,127.0774044018965441_37.5155003964846543,357.0,22.0,서행,127.0774044018965441_37.5155003964846543|127.0755124993001175_37.5153095096552178|127.0751959624176237_37.5152553387321319|127.0749349587907773_37.5151515936626865|127.0740062090400500_37.5141992739565353
2026-09-04T23:16:36.811991+09:00,잠실종합운동장,잠실종합운동장,POI109,KEY_1,1230085100,올림픽대로,1230048700,탄천IC,127.0712574770913363_37.5181553244251091,1230046800,탄천IC,127.0697459726230250_37.5168231112045873,231.0,41.0,서행,127.0697459726230250_37.5168231112045873|127.0697754002144677_37.5173608675772812|127.0698117639167890_37.5175458256678240|127.0699380842498272_37.5177072629794210|127.0701243878796731_37.5178510319211540|127.0703109993272903_37.5179411420373370|127.0704903324183590_37.5179954539382052|127.0712574770913363_37.5181553244251091
2026-09-04T23:16:36.811991+09:00,잠실종합운동장,잠실종합운동장,POI109,KEY_1,1230436501,올림픽로,1230039502,속성변화점,127.0737236350740034_37.5110729205048941,1230188103,잠실동 121,127.0716318198721382_37.5107177546662882,189.0,22.0,서행,127.0716318198721382_37.5107177546662882|127.0735906339783128_37.5110512148189557|127.0737236350740034_37.5110729205048941
2026-09-04T23:16:36.811991+09:00,잠실한강공원,잠실한강공원,POI110,KEY_2,1230004401,올림픽대로,1230048500,잠실실내체육관북문앞,127.0744105410493603_37.5180587342205172,1230046600,잠실여름파출소,127.0810876316749329_37.5169833092338081,603.0,79.8,원활,127.0810876316749329_37.5169833092338081|127.0804213279931645_37.5170194895651008|127.0800023606424958_37.5170483809421711|127.0792542343313727_37.5171299377557048|127.0789549994236012_37.5171778165530725|127.0776144544349506_37.5174218633083356|127.0765970754220291_37.5176132410161287|127.0755258542856154_37.5178380175560235|127.0747957401812727_37.5179862845251577|127.0744105410493603_37.5180587342205172
2026-09-04T23:16:36.811991+09:00,잠실한강공원,잠실한강공원,POI110,KEY_2,1230004800,올림픽대로,1230053400,올림픽대교남단IC,127.1054403294451021_37.5258712723512531,1230058600,잠실대교JC,127.1009146875278901_37.5224189667535271,555.0,67.7,원활,127.1009146875278901_37.5224189667535271|127.1011093537508287_37.5225414095623506|127.1025922080837773_37.5234805816309276|127.1030011499238270_37.5237591426245700|127.1034011999147282_37.5240984996804912|127.1047630304620668_37.5252732674915777|127.1054403294451021_37.5258712723512531
2026-09-04T23:16:36.811991+09:00,잠실한강공원,잠실한강공원,POI110,KEY_2,1230004901,송파대로,1230002202,잠실대교,127.0957221756853812_37.5188676904711542,1230050400,잠실대교JC,127.0940531440605810_37.5210283294453149,282.0,29.0,원활,127.0940531440605810_37.5210283294453149|127.0943979417753837_37.5205735354890280|127.0957221756853812_37.5188676904711542
2026-09-04T23:16:36.811991+09:00,잠실한강공원,잠실한강공원,POI110,KEY_2,1230005001,송파대로,1230050500,잠실대교JC,127.0941614709712155_37.5210946866676380,1230002201,잠실대교,127.0958376749982079_37.5189245732049699,283.0,60.0,원활,127.0958376749982079_37.5189245732049699|127.0945138178915101_37.5206299338843792|127.0941614709712155_37.5210946866676380
2026-09-04T23:16:36.811991+09:00,잠실한강공원,잠실한강공원,POI110,KEY_2,1230005100,올림픽대로,1230052500,잠실대교JC,127.1008769588409706_37.5229114985517214,1230054000,올림픽대교남단IC,127.1051025385346520_37.5260799913631047,514.0,76.3,원활,127.1051025385346520_37.5260799913631047|127.1031412114076176_37.5243990994672458|127.1028266080407718_37.5241633671182342|127.1022828471172517_37.5237919497680679|127.1018469450196733_37.5234955300521236|127.1008769588409706_37.5229114985517214
2026-09-04T23:16:36.811991+09:00,잠실한강공원,잠실한강공원,POI110,KEY_2,1230032601,오금로2길,1230051402,잠현초등학교앞,127.1032272322034373_37.5217466792184808,1230051702,잠현초등학교앞,127.1042850886722420_37.5222053467216838,111.0,21.0,서행,127.1042850886722420_37.5222053467216838|127.1042497005361156_37.5221103348289660|127.1042277195709289_37.5220785857864811|127.1041621108260529_37.5220413475743726|127.1039663504930388_37.5219727654665149|127.1032272322034373_37.5217466792184808
2026-09-04T23:16:36.811991+09:00,잠실한강공원,잠실한강공원,POI110,KEY_2,1230032700,오금로2길,1230052101,잠실대교JC,127.1014277624528717_37.5224635506086486,1230051402,잠현초등학교앞,127.1032272322034373_37.5217466792184808,218.0,24.5,서행,127.1032272322034373_37.5217466792184808|127.1029991014250413_37.5216712850617142|127.1024125243856844_37.5214774265063795|127.1014277624528717_37.5224635506086486
2026-09-04T23:16:36.811991+09:00,잠실한강공원,잠실한강공원,POI110,KEY_2,1230035900,강변북로.한가람로사이길,1230342900,최소노드배치점,127.1015149961345827_37.5246010575964561,1230052101,잠실대교JC,127.1014277624528717_37.5224635506086486,473.0,43.5,원활,127.1014277624528717_37.5224635506086486|127.1019012970064210_37.5227419164495544|127.1022293161336734_37.5229454568152008|127.1023955346630316_37.5230204059564443|127.1026425819513577_37.5231060119775464|127.1028940706044494_37.5231558555366931|127.1034374042296093_37.5232197458338632|127.1034778407937154_37.5232411659780993|127.1034868601301469_37.5232697648950335|127.1034734249590059_37.5232948074079431|127.1033926368200042_37.5233127576457974|127.1025529951041904_37.5232562760554629|127.1024721909816861_37.5232634983457274|127.1023734783107670_37.5233064941788044|127.1022972616788422_37.5233852285200129|127.1015149961345827_37.5246010575964561
2026-09-04T23:16:36.811991+09:00,잠실한강공원,잠실한강공원,POI110,KEY_2,1230084700,올림픽대로,1230048400,종합운동장분기점,127.0777486454134646_37.5178704259979199,1230046600,잠실여름파출소,127.0810876316749329_37.5169833092338081,314.0,42.7,서행,127.0810876316749329_37.5169833092338081|127.0801927964286335_37.5171577227981317|127.0793309923237757_37.5173394821108701|127.0789711453512041_37.5174395553138140|127.0788360149310137_37.5175106194115884|127.0785881391682750_37.5176647507308303|127.0785130541955965_37.5177062170797271|127.0777486454134646_37.5178704259979199
2026-09-04T23:16:36.811991+09:00,잠실한강공원,잠실한강공원,POI110,KEY_2,1230085300,올림픽대로,1230048400,종합운동장분기점,127.0777486454134646_37.5178704259979199,1230045601,잠실선착장앞,127.0774875189781739_37.5166619666764163,136.0,24.0,정체,127.0774875189781739_37.5166619666764163|127.0777486454134646_37.5178704259979199
2026-09-04T23:16:36.811991+09:00,잠실한강공원,잠실한강공원,POI110,KEY_2,1230085600,올림픽대로,1230048500,잠실실내체육관북문앞,127.0744105410493603_37.5180587342205172,1230048400,종합운동장분기점,127.0777486454134646_37.5178704259979199,300.0,43.0,서행,127.0777486454134646_37.5178704259979199|127.0773650613805614_37.5179316568650449|127.0771467542200384_37.5178855628762733|127.0768209339584587_37.5177913870465716|127.0761140007833632_37.5178508577266143|127.0755388160040695_37.5179084136562651|127.0744105410493603_37.5180587342205172
2026-09-04T23:16:36.811991+09:00,잠실한강공원,잠실한강공원,POI110,KEY_2,1230085900,올림픽대로,1230047500,잠실대교JC,127.0882031183010952_37.5173476816793539,1230049200,잠실대교JC,127.0923739588028951_37.5186948203919854,398.0,48.0,서행,127.0923739588028951_37.5186948203919854|127.0906700937840412_37.5181881092216685|127.0888588349887840_37.5176142250082165|127.0886078102504939_37.5175274965200956|127.0882031183010952_37.5173476816793539
2026-09-04T23:16:36.811991+09:00,잠실한강공원,잠실한강공원,POI110,KEY_2,1230086400,올림픽대로,1230049100,청담IC,127.0707396061695107_37.5184287009435380,1230046800,탄천IC,127.0697459726230250_37.5168231112045873,448.0,38.5,서행,127.0697459726230250_37.5168231112045873|127.0697255394333922_37.5169421476156941|127.0696754767479462_37.5173641215222204|127.0696427964096671_37.5178971851342311|127.0696653241736698_37.5180462680572546|127.0696933359397889_37.5183048124125094|127.0697546894723047_37.5184857525859030|127.0698487706782345_37.5186328686366366|127.0699827934278261_37.5187585702354625|127.0701134307655735_37.5188453314355357|127.0702305969029453_37.5189112963400362|127.0705564071799216_37.5190044839187422|127.0708077692025881_37.5190292462295290|127.0710115288144806_37.5190013676009428|127.0713114784911539_37.5189070636006647|127.0713897595890245_37.5188310320207776|127.0714321672822820_37.5187453318010427|127.0714086790554802_37.5186641620221621|127.0713254192519202_37.5185636955236959|127.0712059303728694_37.5185155657555001|127.0707396061695107_37.5184287009435380
2026-09-04T23:16:36.811991+09:00,잠실한강공원,잠실한강공원,POI110,KEY_2,1230087000,올림픽대로,1230049200,잠실대교JC,127.0923739588028951_37.5186948203919854,1230050400,잠실대교JC,127.0940531440605810_37.5210283294453149,366.0,48.0,서행,127.0940531440605810_37.5210283294453149|127.0944191952030025_37.5203044781990656|127.0944561310460159_37.5201185871230507|127.0944510462596639_37.5199516308761289|127.0943922228928074_37.5197558710782317|127.0943090605750143_37.5196315729957846|127.0941839809711382_37.5195071316884281|127.0940228946276704_37.5193968745701554|127.0937720401544908_37.5192767702937999|127.0931867060835003_37.5189981127720316|127.0923739588028951_37.5186948203919854
2026-09-04T23:16:36.811991+09:00,잠실한강공원,잠실한강공원,POI110,KEY_2,1230087100,올림픽대로,1230049200,잠실대교JC,127.0923739588028951_37.5186948203919854,1230051200,잠실대교JC,127.0974803904301069_37.5212021137005536,534.0,44.0,서행,127.0974803904301069_37.5212021137005536|127.0968061273857188_37.5207514623958787|127.0953376304814242_37.5198926651322751|127.0945972650167306_37.5194894724186341|127.0942747579238556_37.5193309645688444|127.0939999759979742_37.5192060081488634|127.0934799938887778_37.5190229712408154|127.0923739588028951_37.5186948203919854
2026-09-04T23:16:36.811991+09:00,잠실한강공원,잠실한강공원,POI110,KEY_2,1230087500,올림픽대로,1230050500,잠실대교JC,127.0941614709712155_37.5210946866676380,1230051200,잠실대교JC,127.0974803904301069_37.5212021137005536,356.0,49.7,서행,127.0974803904301069_37.5212021137005536|127.0968474033966800_37.5208708456413760|127.0960652565332367_37.5204389013147832|127.0958920359090456_37.5203572238258403|127.0957125445294054_37.5203279913220200|127.0955329497879518_37.5203178373608708|127.0952873557283453_37.5203313048193365|127.0950954496138507_37.5203831139705883|127.0948973740489834_37.5204682891928982|127.0941614709712155_37.5210946866676380
2026-09-04T23:16:36.811991+09:00,잠실한강공원,잠실한강공원,POI110,KEY_2,1230087800,올림픽대로,1230051200,잠실대교JC,127.0974803904301069_37.5212021137005536,1230050700,잠실대교JC,127.0985275932771117_37.5207859447465282,191.0,35.0,서행,127.0985275932771117_37.5207859447465282|127.0986497398156985_37.5209008332440774|127.0987329107394004_37.5210251273303044|127.0987622391326255_37.5211396995225144|127.0987255177263222_37.5212874351721695|127.0986290925901301_37.5214015808490018|127.0985089432221002_37.5214727179596608|127.0983770471739689_37.5215008869134579|127.0982332510044301_37.5215147072423250|127.0979044566973073_37.5214086547447678|127.0974803904301069_37.5212021137005536
2026-09-04T23:16:36.811991+09:00,잠실한강공원,잠실한강공원,POI110,KEY_2,1230088000,올림픽로37길,1230051102,잠현초등학교앞,127.1045800172266951_37.5212171791430293,1230051401,잠현초등학교앞,127.1032558452858154_37.5216390772203923,127.0,11.0,정체,127.1032558452858154_37.5216390772203923|127.1039066435248372_37.5214664456400584|127.1042127017812646_37.5213794148577477|127.1043569968460929_37.5213194897201916|127.1044871741674740_37.5212604256405129|127.1045800172266951_37.5212171791430293
2026-09-04T23:16:36.811991+09:00,잠실한강공원,잠실한강공원,POI110,KEY_2,1230088400,올림픽대로,1230051200,잠실대교JC,127.0974803904301069_37.5212021137005536,1230052500,잠실대교JC,127.1008769588409706_37.5229114985517214,356.0,54.0,원활,127.1008769588409706_37.5229114985517214|127.1002271864062720_37.5226757386651713|127.0995044513345107_37.5223251030228795|127.0989968176467215_37.5220658174711446|127.0974803904301069_37.5212021137005536
2026-09-04T23:16:36.811991+09:00,잠실한강공원,잠실한강공원,POI110,KEY_2,1230094200,올림픽대로,1230046700,탄천IC,127.0696020078595723_37.5168633745709172,1230048500,잠실실내체육관북문앞,127.0744105410493603_37.5180587342205172,659.0,36.0,서행,127.0744105410493603_37.5180587342205172|127.0737644465918663_37.5182398374740700|127.0730716885542506_37.5184376616550637|127.0726308743356014_37.5185576948802080|127.0718747864366662_37.5188339841774621|127.0712897216547645_37.5190464979453040|127.0710108250935519_37.5191241846480992|127.0707592023156991_37.5191447343682398|127.0705168079646370_37.5191223893981984|127.0701522174600910_37.5189996213961336|127.0700306271375979_37.5189311668636947|127.0698868542610569_37.5188356808245729|127.0697349817978932_37.5186932382090816|127.0696272774244591_37.5185248186740381|127.0695590856078496_37.5183237126064597|127.0695302311407602_37.5180573831475215|127.0695066075921886_37.5179010369558412|127.0695399975699189_37.5173563914672599|127.0695906177090961_37.5169297275663567|127.0696020078595723_37.5168633745709172
2026-09-04T23:16:36.811991+09:00,잠원한강공원,잠원한강공원,POI111,KEY_3,1210005301,올림픽대로,1210467000,최소노드배치점,127.0063311684586722_37.5151321080427280,1210048600,한남대교분기점,127.0116483973796164_37.5197328756636708,694.0,57.0,원활,127.0116483973796164_37.5197328756636708|127.0113381325108008_37.5194347621186211|127.0111530941337463_37.5192706692185212|127.0109430122922873_37.5190843650138959|127.0098205372895421_37.5181189800994872|127.0087474791721576_37.5172072192485331|127.0063311684586722_37.5151321080427280
2026-09-04T23:16:36.811991+09:00,잠원한강공원,잠원한강공원,POI111,KEY_3,1210005304,올림픽대로,1210048600,한남대교분기점,127.0116483973796164_37.5197328756636708,1210050600,한남IC,127.0144200511100223_37.5223958397555037,384.0,27.0,정체,127.0144200511100223_37.5223958397555037|127.0116483973796164_37.5197328756636708
2026-09-04T23:16:36.811991+09:00,잠원한강공원,잠원한강공원,POI111,KEY_3,1210030601,강남대로,1210050800,잠원고가차도,127.0171954067127871_37.5225456375150301,1220157700,한남IC,127.0145780793450854_37.5252994305641892,383.0,59.0,원활,127.0145780793450854_37.5252994305641892|127.0159781603691300_37.5238357378014484|127.0167039603145014_37.5230785483821734|127.0171954067127871_37.5225456375150301
2026-09-04T23:16:36.811991+09:00,잠원한강공원,잠원한강공원,POI111,KEY_3,1210030701,강남대로,1220157800,한남대교(남측),127.0146790907489986_37.5253724046406063,1210050500,잠원고가차도,127.0175844575561968_37.5222683840522109,430.0,49.0,원활,127.0175844575561968_37.5222683840522109|127.0173048143189050_37.5226096422798534|127.0168126229697805_37.5231433610007699|127.0160861030461348_37.5239013035145419|127.0146790907489986_37.5253724046406063
2026-09-04T23:16:36.811991+09:00,잠원한강공원,잠원한강공원,POI111,KEY_3,1210065500,올림픽대로,1220053900,한남IC,127.0169213218881623_37.5242444408011622,1210049600,한남IC,127.0132919536855240_37.5215913460039729,547.0,12.0,정체,127.0132919536855240_37.5215913460039729|127.0131764377013468_37.5213976973987542|127.0131545160519551_37.5213153301614213|127.0131550039927646_37.5212402098941311|127.0132140172836444_37.5211438671777131|127.0132726582109086_37.5211047588790620|127.0133582214981942_37.5210693389180960|127.0134525365458131_37.5210697273576983|127.0135512489524530_37.5210844429655666|127.0136138688634730_37.5211240510594735|127.0136897779433696_37.5211923310959961|127.0148471413883442_37.5223310822313749|127.0150702369121944_37.5225585580549250|127.0153899107410211_37.5228997103152295|127.0159514978690822_37.5234535073125173|127.0169213218881623_37.5242444408011622
2026-09-04T23:16:36.811991+09:00,잠원한강공원,잠원한강공원,POI111,KEY_3,1210065700,올림픽대로,1210048600,한남대교분기점,127.0116483973796164_37.5197328756636708,1210049600,한남IC,127.0132919536855240_37.5215913460039729,252.0,62.0,원활,127.0132919536855240_37.5215913460039729|127.0130555709649087_37.5213363858637976|127.0125786238490377_37.5207799430913980|127.0122757179837834_37.5203959260493249|127.0116483973796164_37.5197328756636708
2026-09-04T23:16:36.811991+09:00,잠원한강공원,잠원한강공원,POI111,KEY_3,1210065800,올림픽대로,1210050400,한남대교(남측),127.0155096957228693_37.5225502263552855,1220054400,한남IC,127.0200272274778115_37.5267777660031570,858.0,21.0,정체,127.0200272274778115_37.5267777660031570|127.0192123985727335_37.5262320472879267|127.0184256031381693_37.5256529030607808|127.0180363445848855_37.5254187935745804|127.0166351946520251_37.5246904614057826|127.0163666602473711_37.5245426948937322|127.0161921899377546_37.5244346626288348|127.0159597253565238_37.5242655788244619|127.0157274941423822_37.5240607229278424|127.0155355229140639_37.5238810722285265|127.0153170228297910_37.5236369227872473|127.0150716907118067_37.5233747752288167|127.0143490415408536_37.5226098500547209|127.0142824146727492_37.5224951037274508|127.0142785258566107_37.5224020792743715|127.0143106145724090_37.5223020478728913|127.0143650186087854_37.5222235720411348|127.0144237289814981_37.5221737313262196|127.0145183694337305_37.5221240393409659|127.0146443083077656_37.5220959386366317|127.0147880047045845_37.5221001058899972|127.0148866254190949_37.5221291292150383|127.0150164538753614_37.5221940534525586|127.0155096957228693_37.5225502263552855
2026-09-04T23:16:36.811991+09:00,잠원한강공원,잠원한강공원,POI111,KEY_3,1210066300,올림픽대로,1210049600,한남IC,127.0132919536855240_37.5215913460039729,1220157700,한남IC,127.0145780793450854_37.5252994305641892,460.0,43.5,서행,127.0145780793450854_37.5252994305641892|127.0147104295549099_37.5249005422464350|127.0147863672377895_37.5247339158101951|127.0148579760127063_37.5245883769243278|127.0149310195781425_37.5244062372913092|127.0149770447245032_37.5242347175482251|127.0149917460097839_37.5240451835156819|127.0149749842814657_37.5238590971000932|127.0149399334525668_37.5237230168275246|127.0148737690059306_37.5235367275936440|127.0148115854763091_37.5234291548056120|127.0146423776016888_37.5232030927398981|127.0137688650678029_37.5221549397842438|127.0132919536855240_37.5215913460039729
2026-09-04T23:16:36.811991+09:00,잠원한강공원,잠원한강공원,POI111,KEY_3,1220096300,올림픽대로,1220157800,한남대교(남측),127.0146790907489986_37.5253724046406063,1220054400,한남IC,127.0200272274778115_37.5267777660031570,575.0,8.0,정체,127.0200272274778115_37.5267777660031570|127.0193242289730762_37.5264203087462036|127.0188857178037978_37.5261609604559894|127.0185233361122101_37.5259376936575251|127.0182234214589982_37.5257790711315735|127.0179681452605820_37.5256635576158075|127.0175160321388574_37.5254256122853178|127.0165272393316940_37.5248313212460829|127.0163169527300369_37.5247052561106358|127.0162273333328500_37.5246726936194008|127.0160972225443743_37.5246506972341933|127.0159221050795963_37.5246428254883995|127.0158097059604216_37.5246602506560123|127.0156341030276366_37.5247274987173896|127.0154267130539978_37.5248482747160921|127.0146790907489986_37.5253724046406063
2026-09-04T23:16:36.811991+09:00,잠원한강공원,잠원한강공원,POI111,KEY_3,1220105100,올림픽대로,1220059300,동호대교JC,127.0220780430583289_37.5291616152612590,1220061000,동호대교(남측),127.0229084781207405_37.5333942739204431,522.0,52.7,원활,127.0229084781207405_37.5333942739204431|127.0233635598606838_37.5325665468142446|127.0235829412492023_37.5322097058520612|127.0236738242093537_37.5320455189443791|127.0237150924269685_37.5319133274793018|127.0237159114981580_37.5317845490102897|127.0236941799930719_37.5316699892608909|127.0236589738914148_37.5315553754423448|127.0235878106225016_37.5314441935041714|127.0234184891007061_37.5312288752733068|127.0232223077572939_37.5309991388464397|127.0227364911469152_37.5304033524873617|127.0225805354424722_37.5302059729861313|127.0224870300151281_37.5300768133414024|127.0223848165293816_37.5299046919136003|127.0222960097674587_37.5297433564546594|127.0222118991010092_37.5295498443736761|127.0220780430583289_37.5291616152612590
2026-09-04T23:16:36.811991+09:00,잠원한강공원,잠원한강공원,POI111,KEY_3,1220106000,논현로,1220060104,동호대교JC,127.0244930828705350_37.5312156076113936,1220061000,동호대교(남측),127.0229084781207405_37.5333942739204431,279.0,48.0,원활,127.0229084781207405_37.5333942739204431|127.0232726866820627_37.5328829494918850|127.0244930828705350_37.5312156076113936
2026-09-04T23:16:36.811991+09:00,잠원한강공원,잠원한강공원,POI111,KEY_3,1220342500,올림픽대로,1210002002,서초구-강남구,127.0160756749148590_37.5238982581448965,1220054400,한남IC,127.0200272274778115_37.5267777660031570,473.0,73.0,원활,127.0200272274778115_37.5267777660031570|127.0174926925739385_37.5248921052717748|127.0167692105759869_37.5243778468914542|127.0160756749148590_37.5238982581448965
2026-09-04T23:16:36.811991+09:00,잠원한강공원,잠원한강공원,POI111,KEY_3,1220342800,올림픽대로,1220054400,한남IC,127.0200272274778115_37.5267777660031570,1220059300,동호대교JC,127.0220780430583289_37.5291616152612590,322.0,17.0,정체,127.0220780430583289_37.5291616152612590|127.0220517502220900_37.5291250566255243|127.0213640484212050_37.5281805214620263|127.0212442670701734_37.5280074876508394|127.0209909950696954_37.5276997633197666|127.0208173241896787_37.5274941629031531|127.0206909534822728_37.5273554073890026|127.0205589843227756_37.5272328410129745|127.0204122331301448_37.5270947744028120|127.0203880379195880_37.5270740330117505|127.0202983566571362_37.5269971470395589|127.0200272274778115_37.5267777660031570
2026-09-04T23:16:36.811991+09:00,잠원한강공원,잠원한강공원,POI111,KEY_3,1220343000,올림픽대로,1220059300,동호대교JC,127.0220780430583289_37.5291616152612590,1220061700,동호대교JC,127.0265039145882753_37.5338077911726771,655.0,70.0,원활,127.0265039145882753_37.5338077911726771|127.0263061761544918_37.5337200787946372|127.0261029394426231_37.5336028099630568|127.0258301164592467_37.5334591467799115|127.0255926780643279_37.5333027315416814|127.0254173103755306_37.5331668245794674|127.0252530509295497_37.5330397168580419|127.0250780178394621_37.5328857370346967|127.0248546347229421_37.5326680240083306|127.0246229562475975_37.5324221577972992|127.0240947726871497_37.5318184643953501|127.0236711793850333_37.5313091455595753|127.0232027216458448_37.5306889035906366|127.0228655067426757_37.5302415599729571|127.0224067469877554_37.5296186521967385|127.0220780430583289_37.5291616152612590
2026-09-04T23:16:36.811991+09:00,청계산,청계산,POI112,KEY_4,1210000711,경부고속도로,1210449200,최소노드배치점,127.0572473646991796_37.4446822625857081,1210000303,원지동489-2,127.0611116321153702_37.4392909081442369,689.0,99.2,원활,127.0611116321153702_37.4392909081442369|127.0609315083385411_37.4395346353218912|127.0588239315142545_37.4424793010316677|127.0572473646991796_37.4446822625857081
2026-09-04T23:16:36.811991+09:00,청계산,청계산,POI112,KEY_4,1210031900,청계산로,1210486300,최소노드배치점,127.0608932817513477_37.4400494757925912,1210008321,청계산길삼거리,127.0586823451657352_37.4429910818022265,381.0,47.0,원활,127.0586823451657352_37.4429910818022265|127.0591662640642028_37.4422470485704224|127.0592491678171001_37.4421399553288055|127.0603402860259621_37.4407304388508493|127.0603767585155452_37.4406855268171128|127.0608932817513477_37.4400494757925912
2026-09-04T23:16:36.811991+09:00,청계산,청계산,POI112,KEY_4,1210032000,청계산로,1210382300,신원동 48-16,127.0689133267683673_37.4319923005843833,2040001001,서초구-성남시수정구,127.0712198428584401_37.4305783980768396,260.0,43.0,원활,127.0712198428584401_37.4305783980768396|127.0711028696561584_37.4306114678604231|127.0703107383910719_37.4309818756336128|127.0695397393779444_37.4314271473229923|127.0693310371891442_37.4315845639555036|127.0689133267683673_37.4319923005843833
2026-09-04T23:16:36.811991+09:00,청계산,청계산,POI112,KEY_4,1210032101,청계산로,1210284000,신원동 307,127.0514085152237556_37.4518091803845721,1210008504,신원동501-21,127.0513183620442987_37.4531538308920418,201.0,35.0,원활,127.0513183620442987_37.4531538308920418|127.0506240143684380_37.4527327188383623|127.0506592259591940_37.4526912672754051|127.0514085152237556_37.4518091803845721
2026-09-04T23:16:36.811991+09:00,청계산,청계산,POI112,KEY_4,1210032103,청계산로,1210008310,신원동201-3,127.0559458797580419_37.4469717659356149,1210008325,신원동280-1,127.0531615785309327_37.4497181796301390,392.0,25.0,원활,127.0531615785309327_37.4497181796301390|127.0533221718746262_37.4495056390777634|127.0559458797580419_37.4469717659356149
2026-09-04T23:16:36.811991+09:00,청계산,청계산,POI112,KEY_4,1210032202,청계산로,1210008503,신원동501-21,127.0513688585657803_37.4530533330380067,1210008323,신원동280-1,127.0532074871860857_37.4498669554356738,446.0,34.0,원활,127.0532074871860857_37.4498669554356738|127.0530950000193258_37.4500158268333792|127.0515057194718622_37.4518620167792236|127.0507818684531429_37.4527028419938546|127.0513688585657803_37.4530533330380067
2026-09-04T23:16:36.811991+09:00,청계산,청계산,POI112,KEY_4,1210032204,청계산로,1210008324,신원동280-1,127.0532777455629230_37.4497739712044080,1210008307,신원동201-3,127.0560504946031841_37.4470406208549775,390.0,32.0,원활,127.0560504946031841_37.4470406208549775|127.0534298062270295_37.4495727231995446|127.0532777455629230_37.4497739712044080
2026-09-04T23:16:36.811991+09:00,청계산,청계산,POI112,KEY_4,1210177500,경부고속도로,1210446500,최소노드배치점,127.0653036739185353_37.4349232323748993,1210085501,서초구-성남시수정구,127.0696665356241795_37.4306444654284931,612.0,98.9,원활,127.0696665356241795_37.4306444654284931|127.0653036739185353_37.4349232323748993
2026-09-04T23:16:36.811991+09:00,청계산,청계산,POI112,KEY_4,1210177600,경부고속도로,1210446400,최소노드배치점,127.0651984769812799_37.4348550201566468,1210000304,원지동489-2,127.0609981268950293_37.4392308276163988,612.0,88.4,원활,127.0609981268950293_37.4392308276163988|127.0619913681257458_37.4380483828942161|127.0627090354693252_37.4372961789658376|127.0651984769812799_37.4348550201566468
2026-09-04T23:16:36.811991+09:00,청계산,청계산,POI112,KEY_4,1210177700,경부고속도로,1210449500,최소노드배치점,127.0526747207954372_37.4497035943056531,1210074702,신양재IC,127.0481276841114635_37.4547449692336869,689.0,86.8,원활,127.0481276841114635_37.4547449692336869|127.0488562039205362_37.4539451814088551|127.0499088293466770_37.4527786187978151|127.0507886425474311_37.4518049000086037|127.0516045488923140_37.4508924001779917|127.0526646112414824_37.4497147438476219|127.0526747207954372_37.4497035943056531
2026-09-04T23:16:36.811991+09:00,홍제폭포,홍제폭포,POI128,KEY_1,1120001300,내부순환도로,1120189000,최소노드배치점,126.9355029712090754_37.5797537876482934,1120018100,예그린유치원,126.9353306048413259_37.5859254286256572,782.0,73.8,원활,126.9353306048413259_37.5859254286256572|126.9353720149181157_37.5856896398522622|126.9354206634169913_37.5854295552364022|126.9355132292078991_37.5851258757186955|126.9356226920927213_37.5848470691319108|126.9357642556575456_37.5845605511847225|126.9359608400409485_37.5842493982299857|126.9369854646653977_37.5826831449766772|126.9371085724289401_37.5824456628314110|126.9371785853267482_37.5822326575221055|126.9372196054329152_37.5820190961513987|126.9372314619192110_37.5817916412523019|126.9372081619637669_37.5815484606276442|126.9371731874261968_37.5813433155249186|126.9371097635167871_37.5811454523982604|126.9369753385925321_37.5808984760248705|126.9368523263752451_37.5807116973754205|126.9367005935860959_37.5805256438115265|126.9365006626036063_37.5803335058484080|126.9363068869953679_37.5801650390661877|126.9361325128705431_37.5800446018223511|126.9358819462616168_37.5799006304472769|126.9356007343512687_37.5797885361015034|126.9355029712090754_37.5797537876482934
2026-09-04T23:16:36.811991+09:00,홍제폭포,홍제폭포,POI128,KEY_1,1120010301,연희로,1120143600,연희동 169-1,126.9359270691176391_37.5786224940936506,1120014803,서대문구청,126.9360877140000383_37.5796495017982863,115.0,39.0,원활,126.9360877140000383_37.5796495017982863|126.9360739899393877_37.5793519176538453|126.9360576488695926_37.5792443728082688|126.9360343655483661_37.5790911386545901|126.9359766844867039_37.5788392026325582|126.9359270691176391_37.5786224940936506
2026-09-04T23:16:36.811991+09:00,홍제폭포,홍제폭포,POI128,KEY_1,1120010302,연희로,1120014804,서대문구청,126.9360927246252260_37.5797673993961681,1120015303,서대문구청앞교차로,126.9361095223012796_37.5802604456917777,55.0,10.0,정체,126.9361095223012796_37.5802604456917777|126.9360927246252260_37.5797673993961681
2026-09-04T23:16:36.811991+09:00,홍제폭포,홍제폭포,POI128,KEY_1,1120010402,연희로,1120015302,서대문구청앞교차로,126.9362453257862029_37.5802575151093023,1120014801,서대문구청,126.9362289336807237_37.5797763988674731,53.0,34.0,원활,126.9362289336807237_37.5797763988674731|126.9362453257862029_37.5802575151093023
2026-09-04T23:16:36.811991+09:00,홍제폭포,홍제폭포,POI128,KEY_1,1120010902,연희로,1120014701,홍은동 275-36,126.9341761077857598_37.5796051045167516,1120015304,서대문구청앞교차로,126.9361130599227607_37.5803854760075282,192.0,22.0,서행,126.9361130599227607_37.5803854760075282|126.9355295449089311_37.5801293098410127|126.9341761077857598_37.5796051045167516
2026-09-04T23:16:36.811991+09:00,홍제폭포,홍제폭포,POI128,KEY_1,1120012101,연희로,1120015304,서대문구청앞교차로,126.9361130599227607_37.5803854760075282,1120015900,서대문구청앞,126.9361242751955388_37.5814206624140539,115.0,10.0,정체,126.9361242751955388_37.5814206624140539|126.9361190331520532_37.5809368173319669|126.9361130599227607_37.5803854760075282
2026-09-04T23:16:36.811991+09:00,홍제폭포,홍제폭포,POI128,KEY_1,1120012200,연희로,1120183800,홍은동 274-14,126.9362548820711538_37.5809358850233224,1120015301,서대문구청앞교차로,126.9362489072490945_37.5803845436516468,61.0,25.0,원활,126.9362489072490945_37.5803845436516468|126.9362548820711538_37.5809358850233224
2026-09-04T23:16:36.811991+09:00,홍제폭포,홍제폭포,POI128,KEY_1,1120026100,연희로32길,1120156600,연희동 168-34,126.9366082191874625_37.5795866226403561,1120014802,서대문구청,126.9362244887250029_37.5796675300616769,35.0,10.0,정체,126.9362244887250029_37.5796675300616769|126.9364292255509099_37.5796421835507530|126.9366082191874625_37.5795866226403561
2026-09-04T23:16:36.811991+09:00,가락시장,가락시장,POI058,KEY_2,1230002100,송파대로,1230017304,올림픽훼밀리타운앞교차로,127.1210258428540527_37.4887675565131815,1230019203,가락시장역앞교차로,127.1187411667467586_37.4925136264130430,463.0,32.0,원활,127.1187411667467586_37.4925136264130430|127.1197714201593811_37.4910640833560080|127.1200223071997186_37.4906490297457822|127.1203066139645301_37.4901786821806482|127.1206094301574723_37.4895845644306007|127.1210258428540527_37.4887675565131815
2026-09-04T23:16:36.811991+09:00,가락시장,가락시장,POI058,KEY_2,1230002501,송파대로,1230019204,가락시장역앞교차로,127.1186631577493671_37.4926059869610953,1230019703,속성변화점,127.1180895409655136_37.4932155741045676,85.0,7.0,정체,127.1180895409655136_37.4932155741045676|127.1184380300240377_37.4928470244958234|127.1186631577493671_37.4926059869610953
2026-09-04T23:16:36.811991+09:00,가락시장,가락시장,POI058,KEY_2,1230002502,송파대로,1230019703,속성변화점,127.1180895409655136_37.4932155741045676,1230020403,속성변화점,127.1174565775458518_37.4938968822872383,94.0,23.0,서행,127.1174565775458518_37.4938968822872383|127.1180074799294744_37.4933031352013657|127.1180895409655136_37.4932155741045676
2026-09-04T23:16:36.811991+09:00,가락시장,가락시장,POI058,KEY_2,1230002503,송파대로,1230020403,속성변화점,127.1174565775458518_37.4938968822872383,1230021003,속성변화점,127.1165394302565375_37.4948799779219542,136.0,17.0,서행,127.1165394302565375_37.4948799779219542|127.1173759307437905_37.4939835618050665|127.1174565775458518_37.4938968822872383
2026-09-04T23:16:36.811991+09:00,가락시장,가락시장,POI058,KEY_2,1230002504,송파대로,1230021003,속성변화점,127.1165394302565375_37.4948799779219542,1230022202,송파지하차도(남측),127.1157009408522782_37.4957852674061130,125.0,11.0,정체,127.1157009408522782_37.4957852674061130|127.1164582088762387_37.4949673388322466|127.1165394302565375_37.4948799779219542
2026-09-04T23:16:36.811991+09:00,가락시장,가락시장,POI058,KEY_2,1230002505,송파대로,1230022202,송파지하차도(남측),127.1157009408522782_37.4957852674061130,1230023000,가락동172-9,127.1150412999846395_37.4964072887051572,91.0,39.0,원활,127.1150412999846395_37.4964072887051572|127.1154853088913086_37.4959272692098367|127.1157009408522782_37.4957852674061130
2026-09-04T23:16:36.811991+09:00,가락시장,가락시장,POI058,KEY_2,1230002506,송파대로,1230023000,가락동172-9,127.1150412999846395_37.4964072887051572,1230024503,가락시장앞교차로,127.1139289764058020_37.4976097905047183,166.0,35.5,원활,127.1139289764058020_37.4976097905047183|127.1150412999846395_37.4964072887051572
2026-09-04T23:16:36.811991+09:00,가락시장,가락시장,POI058,KEY_2,1230002601,송파대로,1230019702,가락시장역(서울8호선),127.1181979182710222_37.4932806354653536,1230019201,가락시장역앞교차로,127.1187959472877793_37.4926449140792002,88.0,32.0,원활,127.1187959472877793_37.4926449140792002|127.1185466484956379_37.4929118312852694|127.1181979182710222_37.4932806354653536
2026-09-04T23:16:36.811991+09:00,가락시장,가락시장,POI058,KEY_2,1230002602,송파대로,1230020402,대한소방공제회관,127.1175656927106274_37.4939611574999532,1230019701,가락시장역(서울8호선),127.1181165953376393_37.4933674102880872,82.0,40.0,원활,127.1181165953376393_37.4933674102880872|127.1175656927106274_37.4939611574999532
2026-09-04T23:16:36.811991+09:00,가락시장,가락시장,POI058,KEY_2,1230002603,송파대로,1230021002,금호아파트,127.1166483258781170_37.4949444902828972,1230020401,대한소방공제회관,127.1174848264418529_37.4940480737983179,124.0,41.0,원활,127.1174848264418529_37.4940480737983179|127.1166483258781170_37.4949444902828972
2026-09-04T23:16:36.811991+09:00,가락시장,가락시장,POI058,KEY_2,1230002604,송파대로,1230022201,송파지하차도(남측),127.1158101613083460_37.4958494321184332,1230021001,금호아파트,127.1165674108393091_37.4950315228562872,113.0,45.7,원활,127.1165674108393091_37.4950315228562872|127.1158101613083460_37.4958494321184332
2026-09-04T23:16:36.811991+09:00,가락시장,가락시장,POI058,KEY_2,1230002605,송파대로,1230023100,가락금호아파트,127.1152652544426758_37.4965296586052403,1230022201,송파지하차도(남측),127.1158101613083460_37.4958494321184332,90.0,9.0,정체,127.1158101613083460_37.4958494321184332|127.1157037850572209_37.4960555597114009|127.1152652544426758_37.4965296586052403
2026-09-04T23:16:36.811991+09:00,가락시장,가락시장,POI058,KEY_2,1230002606,송파대로,1230024502,가락시장앞교차로,127.1141561470058008_37.4977286881623826,1230023100,가락금호아파트,127.1152652544426758_37.4965296586052403,165.0,5.0,정체,127.1152652544426758_37.4965296586052403|127.1141561470058008_37.4977286881623826
2026-09-04T23:16:36.811991+09:00,가락시장,가락시장,POI058,KEY_2,1230006701,중대로2길,1230404500,광평교교차로,127.1093634865369353_37.4894577289529849,1230017703,광평교앞교차로,127.1092394510687598_37.4896255728467267,22.0,29.0,원활,127.1092394510687598_37.4896255728467267|127.1093634865369353_37.4894577289529849
2026-09-04T23:16:36.811991+09:00,가락시장,가락시장,POI058,KEY_2,1230008301,중대로,1230017701,광평교앞교차로,127.1092906185560736_37.4897579918237298,1230018104,문정2동주민센터,127.1115601597222593_37.4904720850338151,216.0,47.0,원활,127.1115601597222593_37.4904720850338151|127.1092906185560736_37.4897579918237298
2026-09-04T23:16:36.811991+09:00,가락시장,가락시장,POI058,KEY_2,1230008302,중대로,1230402200,가락동 214-15,127.1156548468998295_37.4917156376188814,1230018904,가락시장역(서울3호선),127.1165507728938735_37.4919875515897090,85.0,18.0,서행,127.1165507728938735_37.4919875515897090|127.1156548468998295_37.4917156376188814
2026-09-04T23:16:36.811991+09:00,가락시장,가락시장,POI058,KEY_2,1230008303,중대로,1230018901,가락시장역(서울3호선),127.1166794195227965_37.4920258866616223,1230019204,가락시장역앞교차로,127.1186631577493671_37.4926059869610953,187.0,23.0,서행,127.1186631577493671_37.4926059869610953|127.1166794195227965_37.4920258866616223
2026-09-04T23:16:36.811991+09:00,가락시장,가락시장,POI058,KEY_2,1230008401,중대로,1230018103,문정2동주민센터,127.1116079808720940_37.4903708873401271,1230017702,광평교앞교차로,127.1093671662392239_37.4896658322966232,213.0,26.0,원활,127.1093671662392239_37.4896658322966232|127.1116079808720940_37.4903708873401271
2026-09-04T23:16:36.811991+09:00,가락시장,가락시장,POI058,KEY_2,1230008402,중대로,1230369800,가락동 214-15,127.1148749173534327_37.4913632225477613,1230018102,문정2동주민센터,127.1117345135237997_37.4904100115912300,297.0,31.0,원활,127.1117345135237997_37.4904100115912300|127.1126865290733008_37.4906989895391050|127.1134352511671608_37.4909262521512474|127.1142273347816030_37.4911666697808599|127.1148749173534327_37.4913632225477613
2026-09-04T23:16:36.811991+09:00,가락시장,가락시장,POI058,KEY_2,1230008403,중대로,1230019203,가락시장역앞교차로,127.1187411667467586_37.4925136264130430,1230018902,가락시장역(서울3호선),127.1167261713873557_37.4919243860885771,190.0,10.0,정체,127.1167261713873557_37.4919243860885771|127.1187411667467586_37.4925136264130430
2026-09-04T23:16:36.811991+09:00,가락시장,가락시장,POI058,KEY_2,1230009100,양재대로,1230421100,최소노드배치점,127.1068132568920532_37.4922308056512179,1230020602,탄천교앞교차로,127.1037134371381967_37.4941541612508757,351.0,24.0,서행,127.1037134371381967_37.4941541612508757|127.1040602054997919_37.4940702958258214|127.1041358426904821_37.4940098959711463|127.1042874408076955_37.4938668220432021|127.1050376852226407_37.4934408894289248|127.1058058447839301_37.4929665113712218|127.1063415329264501_37.4925814887936966|127.1068132568920532_37.4922308056512179
2026-09-04T23:16:36.811991+09:00,가락시장,가락시장,POI058,KEY_2,1230009200,양재대로,1230421200,최소노드배치점,127.1069058251384831_37.4923098611998498,1230017701,광평교앞교차로,127.1092906185560736_37.4897579918237298,356.0,21.0,서행,127.1092906185560736_37.4897579918237298|127.1091246165315027_37.4899268501938678|127.1089168382183630_37.4902518586327673|127.1086917284484201_37.4905864179943222|127.1083045104332001_37.4910935964046459|127.1080776858556334_37.4913544969977579|127.1078545506475876_37.4915690793142886|127.1074077619908849_37.4919367115673055|127.1069058251384831_37.4923098611998498
2026-09-04T23:16:36.811991+09:00,가락시장,가락시장,POI058,KEY_2,1230010001,중대로,1230389000,가락동 100-2,127.1213288954643446_37.4938085150073661,1230019202,가락시장역앞교차로,127.1188701859757515_37.4925515078194422,259.0,28.0,원활,127.1188701859757515_37.4925515078194422|127.1191253945907675_37.4926266562471753|127.1193048451132483_37.4927010271650119|127.1197739351579514_37.4929547661225939|127.1204944491470172_37.4933444976609849|127.1206077359289424_37.4934066955895773|127.1213288954643446_37.4938085150073661
2026-09-04T23:16:36.811991+09:00,가락시장,가락시장,POI058,KEY_2,1230011301,탄천동로,1230020603,탄천교앞교차로,127.1035083522439209_37.4942053452210757,1230020900,가락시영1차아파트,127.1023921618984787_37.4946491021272408,111.0,8.0,정체,127.1023921618984787_37.4946491021272408|127.1032717072850176_37.4942717424955845|127.1033115117363366_37.4942546645723027|127.1035083522439209_37.4942053452210757
2026-09-04T23:16:36.811991+09:00,가락시장,가락시장,POI058,KEY_2,1230011402,탄천동로,1230404200,가락동 913-5,127.1033360425381034_37.4943669393432941,1230020604,탄천교앞교차로,127.1037081302821434_37.4942686301430825,35.0,35.0,원활,127.1037081302821434_37.4942686301430825|127.1033645059181936_37.4943547272602373|127.1033360425381034_37.4943669393432941
2026-09-04T23:16:36.811991+09:00,가락시장,가락시장,POI058,KEY_2,1230011501,양재대로,1230020604,탄천교앞교차로,127.1037081302821434_37.4942686301430825,1230021602,가락지하차도(서측),127.1066159249626821_37.4951597316970222,276.0,28.0,원활,127.1066159249626821_37.4951597316970222|127.1037081302821434_37.4942686301430825
2026-09-04T23:16:36.811991+09:00,가락시장,가락시장,POI058,KEY_2,1230011503,양재대로,1230021602,가락지하차도(서측),127.1066159249626821_37.4951597316970222,1230022404,가락시장입구교차로,127.1088751233200611_37.4959359121374192,218.0,38.0,원활,127.1088751233200611_37.4959359121374192|127.1071119917949375_37.4953848191210000|127.1068397224560442_37.4952934730400784|127.1066159249626821_37.4951597316970222
2026-09-04T23:16:36.811991+09:00,가락시장,가락시장,POI058,KEY_2,1230011504,양재대로,1230022401,가락시장입구교차로,127.1090039674739813_37.4959756436812626,1230022702,가락지하차도(동측),127.1109238161647710_37.4965018932248313,180.0,17.0,서행,127.1109238161647710_37.4965018932248313|127.1106463375335807_37.4964753395489012|127.1090039674739813_37.4959756436812626
2026-09-04T23:16:36.811991+09:00,가락시장,가락시장,POI058,KEY_2,1230011505,양재대로,1230022702,가락지하차도(동측),127.1109238161647710_37.4965018932248313,1230023800,가락지하차도,127.1116511171543522_37.4967260215322469,69.0,46.0,원활,127.1116511171543522_37.4967260215322469|127.1109238161647710_37.4965018932248313
2026-09-04T23:16:36.811991+09:00,가락시장,가락시장,POI058,KEY_2,1230011506,양재대로,1230023800,가락지하차도,127.1116511171543522_37.4967260215322469,1230024504,가락시장앞교차로,127.1138489076628559_37.4976973187640681,223.0,41.0,원활,127.1138489076628559_37.4976973187640681|127.1127794983662085_37.4971502561369405|127.1121184572878491_37.4968847443641735|127.1116511171543522_37.4967260215322469
2026-09-04T23:16:36.811991+09:00,가락시장,가락시장,POI058,KEY_2,1230011601,양재대로,1230021601,가락지하차도(서측),127.1066666120631226_37.4950594505273571,1230020601,탄천교앞교차로,127.1039190442420335_37.4942174272189277,260.0,42.0,원활,127.1039190442420335_37.4942174272189277|127.1066666120631226_37.4950594505273571
2026-09-04T23:16:36.811991+09:00,가락시장,가락시장,POI058,KEY_2,1230011603,양재대로,1230022403,가락시장입구교차로,127.1089742353404120_37.4957346052473497,1230021601,가락지하차도(서측),127.1066666120631226_37.4950594505273571,218.0,12.0,정체,127.1066666120631226_37.4950594505273571|127.1069450436642683_37.4950941788595031|127.1072142261082831_37.4951844894170065|127.1089742353404120_37.4957346052473497
2026-09-04T23:16:36.811991+09:00,가락시장,가락시장,POI058,KEY_2,1230011604,양재대로,1230022701,가락지하차도(동측),127.1109724966751742_37.4964009687156761,1230022402,가락시장입구교차로,127.1091007883985071_37.4957736303197251,180.0,33.0,원활,127.1091007883985071_37.4957736303197251|127.1107431549197742_37.4962733259833385|127.1109724966751742_37.4964009687156761
2026-09-04T23:16:36.811991+09:00,가락시장,가락시장,POI058,KEY_2,1230011605,양재대로,1230023300,가락지하차도,127.1117000683038469_37.4966251805970856,1230022701,가락지하차도(동측),127.1109724966751742_37.4964009687156761,69.0,17.0,서행,127.1109724966751742_37.4964009687156761|127.1117000683038469_37.4966251805970856
2026-09-04T23:16:36.811991+09:00,가락시장,가락시장,POI058,KEY_2,1230011606,양재대로,1230024503,가락시장앞교차로,127.1139289764058020_37.4976097905047183,1230023300,가락지하차도,127.1117000683038469_37.4966251805970856,226.0,17.0,서행,127.1117000683038469_37.4966251805970856|127.1121756604013200_37.4967866380658776|127.1128468823689133_37.4970562393765974|127.1139289764058020_37.4976097905047183
2026-09-04T23:16:36.811991+09:00,가락시장,가락시장,POI058,KEY_2,1230037801,탄천동로,1230017704,광평교앞교차로,127.1091590629308001_37.4897164815972701,1230018400,광평교,127.1081813856774403_37.4907944108752886,149.0,7.0,정체,127.1081813856774403_37.4907944108752886|127.1083606038160809_37.4905939968972461|127.1088443327929838_37.4899451261901149|127.1089279804344869_37.4898616122221782|127.1091590629308001_37.4897164815972701
2026-09-04T23:16:36.811991+09:00,가락시장,가락시장,POI058,KEY_2,1230037802,탄천동로,1230018400,광평교,127.1081813856774403_37.4907944108752886,1230020200,탄천교북측,127.1046982234543350_37.4935032962483277,432.0,10.0,정체,127.1046982234543350_37.4935032962483277|127.1049388716472919_37.4933600479160347|127.1053932176754131_37.4930592694339637|127.1066156422230335_37.4921737388548735|127.1072462173635955_37.4916796974214108|127.1076466228856958_37.4913312805641468|127.1078826618966673_37.4911117448254743|127.1080380223929467_37.4909637998517482|127.1081813856774403_37.4907944108752886
2026-09-04T23:16:36.811991+09:00,가락시장,가락시장,POI058,KEY_2,1230037803,탄천동로,1230020200,탄천교북측,127.1046982234543350_37.4935032962483277,1230020603,탄천교앞교차로,127.1035083522439209_37.4942053452210757,134.0,10.0,정체,127.1035083522439209_37.4942053452210757|127.1040325096386141_37.4940538804506005|127.1041465466602460_37.4939567938172402|127.1042633630689096_37.4938362379005881|127.1046982234543350_37.4935032962483277
2026-09-04T23:16:36.811991+09:00,가락시장,가락시장,POI058,KEY_2,1230050600,중대로4길,1230407200,문정동 150,127.1123299947120131_37.4887823158563123,1230018103,문정2동주민센터,127.1116079808720940_37.4903708873401271,188.0,13.0,정체,127.1116079808720940_37.4903708873401271|127.1118727225017579_37.4897884123905669|127.1120077593992619_37.4894913053738250|127.1123299947120131_37.4887823158563123
2026-09-04T23:16:36.811991+09:00,가락시장,가락시장,POI058,KEY_2,1230056500,송파대로32길,1230021001,금호아파트,127.1165674108393091_37.4950315228562872,1230021504,가락우성아파트,127.1172109413439841_37.4953662344504721,68.0,20.0,서행,127.1172109413439841_37.4953662344504721|127.1170330887625113_37.4952737308299717|127.1165674108393091_37.4950315228562872
2026-09-04T23:16:36.811991+09:00,가락시장,가락시장,POI058,KEY_2,1230051300,탄천동로,1230017101,가락동616-1,127.1097657080771626_37.4886328395552795,1230017703,광평교앞교차로,127.1092394510687598_37.4896255728467267,128.0,30.0,원활,127.1092394510687598_37.4896255728467267|127.1091558106008961_37.4895112849332648|127.1091556753553391_37.4894183407482799|127.1092033232423972_37.4893094586352476|127.1097657080771626_37.4886328395552795
2026-09-04T23:16:36.811991+09:00,가락시장,가락시장,POI058,KEY_2,1230051600,중대로,1230017703,광평교앞교차로,127.1092394510687598_37.4896255728467267,1220023001,강남구-송파구,127.1078485322773020_37.4891860036057949,132.0,24.0,서행,127.1078485322773020_37.4891860036057949|127.1092394510687598_37.4896255728467267
2026-09-04T23:16:36.811991+09:00,가락시장,가락시장,POI058,KEY_2,1230051700,중대로,1220023002,강남구-송파구,127.1077983160486440_37.4892864477850765,1230017704,광평교앞교차로,127.1091590629308001_37.4897164815972701,129.0,33.0,원활,127.1091590629308001_37.4897164815972701|127.1077983160486440_37.4892864477850765
2026-09-04T23:16:36.811991+09:00,가락시장,가락시장,POI058,KEY_2,1230051800,탄천동로,1230017102,가락동616-1,127.1096470218132737_37.4885958507830637,1230018400,광평교,127.1081813856774403_37.4907944108752886,279.0,45.0,원활,127.1081813856774403_37.4907944108752886|127.1082887287691960_37.4905440001390318|127.1086974912796705_37.4897760026649465|127.1088854968754589_37.4894492333212099|127.1090766429304182_37.4892249683685037|127.1093007035074862_37.4890054407837212|127.1095576330975092_37.4887596584706273|127.1096470218132737_37.4885958507830637
2026-09-04T23:16:36.811991+09:00,가락시장,가락시장,POI058,KEY_2,1230051901,중대로8길,1230386000,문정동 150-14,127.1167833241685088_37.4914854397265600,1230018903,가락시장역(서울3호선),127.1165990721881229_37.4918865116658182,47.0,13.0,정체,127.1165990721881229_37.4918865116658182|127.1167833241685088_37.4914854397265600
2026-09-04T23:16:36.811991+09:00,가락시장,가락시장,POI058,KEY_2,1230051902,중대로8길,1230361900,문정동 150-14,127.1172116084218118_37.4905531499749003,1230016908,롯데마트(송파점),127.1169709124956029_37.4910771005723191,62.0,11.0,정체,127.1169709124956029_37.4910771005723191|127.1172116084218118_37.4905531499749003
2026-09-04T23:16:36.811991+09:00,가락시장,가락시장,POI058,KEY_2,1230052002,중대로8길,1230018902,가락시장역(서울3호선),127.1167261713873557_37.4919243860885771,1230016906,롯데마트(송파점),127.1170516918871982_37.4912157989307673,84.0,4.0,정체,127.1170516918871982_37.4912157989307673|127.1169107476193574_37.4915226056316016|127.1167261713873557_37.4919243860885771
2026-09-04T23:16:36.811991+09:00,가락시장,가락시장,POI058,KEY_2,1230054000,양재대로.중대로.사이길,1230422000,최소노드배치점,127.1102674173819196_37.4931029974296166,1230022403,가락시장입구교차로,127.1089742353404120_37.4957346052473497,314.0,19.0,서행,127.1089742353404120_37.4957346052473497|127.1102674173819196_37.4931029974296166
2026-09-04T23:16:36.811991+09:00,가락시장,가락시장,POI058,KEY_2,1230054100,양재대로.중대로.사이길,1230421900,최소노드배치점,127.1103937724681998_37.4931424163455418,1230018101,문정2동주민센터,127.1116866660194091_37.4905111871912951,314.0,10.0,정체,127.1116866660194091_37.4905111871912951|127.1103937724681998_37.4931424163455418
2026-09-04T23:16:36.811991+09:00,가락시장,가락시장,POI058,KEY_2,1230054500,송파대로28길,1230410400,가락동 99-10,127.1190884118777689_37.4937496752694486,1230019702,가락시장역(서울8호선),127.1181979182710222_37.4932806354653536,94.0,11.0,정체,127.1181979182710222_37.4932806354653536|127.1190884118777689_37.4937496752694486
2026-09-04T23:16:36.811991+09:00,가락시장,가락시장,POI058,KEY_2,1230054900,양재대로,1230020602,탄천교앞교차로,127.1037134371381967_37.4941541612508757,1220027201,강남구-송파구,127.1017380867346276_37.4935258095581858,188.0,29.0,원활,127.1017380867346276_37.4935258095581858|127.1037134371381967_37.4941541612508757
2026-09-04T23:16:36.811991+09:00,가락시장,가락시장,POI058,KEY_2,1230055000,양재대로,1220027202,강남구-송파구,127.1016878963476984_37.4936262631744768,1230020603,탄천교앞교차로,127.1035083522439209_37.4942053452210757,173.0,46.3,원활,127.1035083522439209_37.4942053452210757|127.1016878963476984_37.4936262631744768
2026-09-04T23:16:36.811991+09:00,가락시장,가락시장,POI058,KEY_2,1230055100,탄천동로,1230020200,탄천교북측,127.1046982234543350_37.4935032962483277,1230020900,가락시영1차아파트,127.1023921618984787_37.4946491021272408,242.0,44.0,원활,127.1023921618984787_37.4946491021272408|127.1026351641800431_37.4944956246392778|127.1028100011304502_37.4943560139147394|127.1030386932509373_37.4942163550683105|127.1032808577331110_37.4940838361899651|127.1037831652852645_37.4938402368164390|127.1041105962998046_37.4937076412947334|127.1045008466885804_37.4935678371215673|127.1046982234543350_37.4935032962483277
2026-09-04T23:16:36.811991+09:00,가락시장,가락시장,POI058,KEY_2,1230055200,송파대로30길,1230390100,가락동 69,127.1181576884960975_37.4942844707260150,1230020402,대한소방공제회관,127.1175656927106274_37.4939611574999532,63.0,32.0,원활,127.1175656927106274_37.4939611574999532|127.1181576884960975_37.4942844707260150
2026-09-04T23:16:36.811991+09:00,가락시장,가락시장,POI058,KEY_2,1230056400,송파대로32길,1230363800,가락동 95-4,127.1171072649732992_37.4951831927519237,1230021002,금호아파트,127.1166483258781170_37.4949444902828972,48.0,26.0,원활,127.1166483258781170_37.4949444902828972|127.1171072649732992_37.4951831927519237
2026-09-04T23:16:36.811991+09:00,가락시장,가락시장,POI058,KEY_2,1230057400,양재대로,1230022701,가락지하차도(동측),127.1109724966751742_37.4964009687156761,1230021601,가락지하차도(서측),127.1066666120631226_37.4950594505273571,409.0,49.3,원활,127.1066666120631226_37.4950594505273571|127.1071886675820224_37.4952345725276146|127.1090124158185830_37.4958046094001745|127.1109724966751742_37.4964009687156761
2026-09-04T23:16:36.811991+09:00,가락시장,가락시장,POI058,KEY_2,1230057500,양재대로,1230021602,가락지하차도(서측),127.1066159249626821_37.4951597316970222,1230022702,가락지하차도(동측),127.1109238161647710_37.4965018932248313,409.0,51.0,원활,127.1109238161647710_37.4965018932248313|127.1089634310423406_37.4959054420606890|127.1071375504234169_37.4953347360280986|127.1066159249626821_37.4951597316970222
2026-09-04T23:16:36.811991+09:00,가락시장,가락시장,POI058,KEY_2,1230059500,송파대로,1230023000,가락동172-9,127.1150412999846395_37.4964072887051572,1230023300,가락지하차도,127.1117000683038469_37.4966251805970856,334.0,33.0,원활,127.1117000683038469_37.4966251805970856|127.1132133030553462_37.4970539948776178|127.1134714429685602_37.4971044053795453|127.1136659491883449_37.4971191174298255|127.1138791054569595_37.4971010325812486|127.1140735290281469_37.4970621071467463|127.1143127756149056_37.4969843983692925|127.1146639988599105_37.4967605652213081|127.1150412999846395_37.4964072887051572
2026-09-04T23:16:36.811991+09:00,가락시장,가락시장,POI058,KEY_2,1230060100,송파대로,1230421700,최소노드배치점,127.1140721427734945_37.4977283810108872,1230022201,송파지하차도(남측),127.1158101613083460_37.4958494321184332,259.0,51.0,원활,127.1158101613083460_37.4958494321184332|127.1140721427734945_37.4977283810108872
2026-09-04T23:16:36.811991+09:00,가락시장,가락시장,POI058,KEY_2,1230060600,송파대로,1230025300,가락시장,127.1152758863382815_37.4983274724392501,1230023100,가락금호아파트,127.1152652544426758_37.4965296586052403,219.0,16.0,서행,127.1152652544426758_37.4965296586052403|127.1150120367173741_37.4969002819968367|127.1148517221107426_37.4972312072140355|127.1148219697051616_37.4973414922481183|127.1148034295675444_37.4974458062222311|127.1148110824045574_37.4975590345204068|127.1148337147807439_37.4976841685654136|127.1148825004034109_37.4977913976102499|127.1149425202820424_37.4979075545829943|127.1150586916786693_37.4980564363442781|127.1151897560098263_37.4982333364637554|127.1152758863382815_37.4983274724392501
2026-09-04T23:16:36.811991+09:00,가락시장,가락시장,POI058,KEY_2,1230060700,송파대로,1230023800,가락지하차도,127.1116511171543522_37.4967260215322469,1230025400,가락시장,127.1130396665766114_37.4985897582915655,279.0,18.0,서행,127.1130396665766114_37.4985897582915655|127.1131914635941911_37.4982502004138496|127.1132223301329560_37.4980790698056055|127.1132258865675624_37.4979568908886378|127.1132032208043796_37.4978079177548906|127.1131581323575404_37.4976708855017762|127.1130718956508048_37.4975279333659444|127.1128920928922668_37.4973433522305371|127.1126262481860749_37.4971439529376838|127.1116511171543522_37.4967260215322469
2026-09-04T23:16:36.811991+09:00,가로수길,가로수길,POI059,KEY_3,1220034406,논현로,1220049909,신사동668,127.0282766583817988_37.5238348591677067,1220053803,KT신사지사앞,127.0283194174098185_37.5245048688214595,74.0,15.0,서행,127.0283194174098185_37.5245048688214595|127.0282766583817988_37.5238348591677067
2026-09-04T23:16:36.811991+09:00,가로수길,가로수길,POI059,KEY_3,1220034407,논현로,1220373500,신사동 668,127.0282210639870328_37.5229636995892477,1220049908,신사동668,127.0282697656988802_37.5237268530348160,85.0,39.0,원활,127.0282697656988802_37.5237268530348160|127.0282210639870328_37.5229636995892477
2026-09-04T23:16:36.811991+09:00,가로수길,가로수길,POI059,KEY_3,1220093002,압구정로,1220051400,한남IC,127.0184647515422967_37.5220740214540527,1210050301,서초구-강남구,127.0177990144592144_37.5217285520426174,70.0,17.0,서행,127.0177990144592144_37.5217285520426174|127.0184647515422967_37.5220740214540527
2026-09-04T23:16:36.811991+09:00,가로수길,가로수길,POI059,KEY_3,1220093400,압구정로,1220051900,한남IC,127.0196414563682623_37.5226786197747799,1220051400,한남IC,127.0184647515422967_37.5220740214540527,124.0,16.0,서행,127.0184647515422967_37.5220740214540527|127.0196414563682623_37.5226786197747799
2026-09-04T23:16:36.811991+09:00,가로수길,가로수길,POI059,KEY_3,1220092500,압구정로12길,1220366000,신사동 667-13,127.0231140667746814_37.5199586975137009,1220048601,한교빌딩,127.0231712660938115_37.5195818456572496,42.0,9.0,정체,127.0231712660938115_37.5195818456572496|127.0231140667746814_37.5199586975137009
2026-09-04T23:16:36.811991+09:00,가로수길,가로수길,POI059,KEY_3,1210005200,경부고속도로,1210050200,한남IC,127.0179230663021883_37.5215654212540883,1210048000,한남IC,127.0163581235578505_37.5170442405948918,561.0,69.0,원활,127.0163581235578505_37.5170442405948918|127.0165343138516363_37.5173858495530155|127.0167723392642358_37.5178670968809271|127.0170761911662964_37.5184149453652935|127.0172780896881903_37.5186691448905876|127.0175392423539904_37.5189538108083624|127.0178552351912344_37.5192549372941286|127.0180991379812383_37.5194738142039839|127.0182190961692754_37.5196134278193227|127.0182996365167583_37.5197270444739175|127.0183619528752246_37.5198563810036632|127.0184053893967047_37.5199980614801021|127.0184358162196929_37.5201630123718175|127.0184386910793393_37.5202890784637049|127.0184285996865725_37.5204319196483027|127.0184009492116246_37.5205590924208536|127.0183243377286288_37.5208205916057693|127.0179230663021883_37.5215654212540883
2026-09-04T23:16:36.811991+09:00,가로수길,가로수길,POI059,KEY_3,1210006302,강남대로,1210050500,잠원고가차도,127.0175844575561968_37.5222683840522109,1210050200,한남IC,127.0179230663021883_37.5215654212540883,84.0,60.5,원활,127.0179230663021883_37.5215654212540883|127.0178330428322369_37.5217757145184265|127.0176826012822175_37.5220826339949767|127.0175844575561968_37.5222683840522109
2026-09-04T23:16:36.811991+09:00,가로수길,가로수길,POI059,KEY_3,1210030102,강남대로,1220278700,신사동 667,127.0193796654159115_37.5169519190738754,1210047901,신사역사거리,127.0196073447006455_37.5162062855192104,85.0,38.0,원활,127.0196073447006455_37.5162062855192104|127.0193796654159115_37.5169519190738754
2026-09-04T23:16:36.811991+09:00,가로수길,가로수길,POI059,KEY_3,1210030103,강남대로,1210050200,한남IC,127.0179230663021883_37.5215654212540883,1210048900,한남IC,127.0191320703633693_37.5177627579261355,435.0,70.0,원활,127.0191320703633693_37.5177627579261355|127.0189310303031931_37.5184211218205093|127.0187293953687515_37.5190814217743309|127.0186579516555696_37.5193153777495993|127.0183961813083613_37.5201679848804446|127.0181460666752287_37.5209458080791194|127.0180078207468881_37.5213674346140280|127.0179230663021883_37.5215654212540883
2026-09-04T23:16:36.811991+09:00,가로수길,가로수길,POI059,KEY_3,1220032603,도산대로,1220301900,신사동 501-5,127.0226731476215747_37.5174979512342688,1220047304,신사동 501-5,127.0233702123766051_37.5177885099050883,70.0,8.0,정체,127.0233702123766051_37.5177885099050883|127.0227971066371566_37.5175496217451894|127.0226731476215747_37.5174979512342688
2026-09-04T23:16:36.811991+09:00,가로수길,가로수길,POI059,KEY_3,1220032604,도산대로,1220333600,신사동 501-5,127.0252630090018755_37.5185850545470387,1220048404,파키스탄대사관,127.0261635430802301_37.5189640959520858,90.0,30.0,원활,127.0261635430802301_37.5189640959520858|127.0252630090018755_37.5185850545470387
2026-09-04T23:16:36.811991+09:00,가로수길,가로수길,POI059,KEY_3,1220032605,도산대로,1220312500,신사동 501-5,127.0271621006632188_37.5193785848759092,1220048904,강남을지병원사거리,127.0280371859392829_37.5197414933169782,87.0,25.0,원활,127.0280371859392829_37.5197414933169782|127.0271621006632188_37.5193785848759092
2026-09-04T23:16:36.811991+09:00,가로수길,가로수길,POI059,KEY_3,1220032606,도산대로,1220157901,신사역(서울3호선),127.0212177927414388_37.5168872521704131,1220046804,속성변화점,127.0218474243994109_37.5171534779245377,63.0,8.0,정체,127.0218474243994109_37.5171534779245377|127.0212177927414388_37.5168872521704131
2026-09-04T23:16:36.811991+09:00,가로수길,가로수길,POI059,KEY_3,1220032607,도산대로,1220314700,신사동 501-5,127.0205588097228713_37.5166086099990750,1220157904,신사역(서울3호선),127.0210978863052702_37.5168365517813100,54.0,8.5,정체,127.0210978863052702_37.5168365517813100|127.0205588097228713_37.5166086099990750
2026-09-04T23:16:36.811991+09:00,가로수길,가로수길,POI059,KEY_3,1220032706,도산대로,1220314600,논현동 279,127.0206224542618116_37.5165131107482495,1210047902,신사역사거리,127.0196397311538306_37.5160975693515226,98.0,17.0,서행,127.0196397311538306_37.5160975693515226|127.0206224542618116_37.5165131107482495
2026-09-04T23:16:36.811991+09:00,가로수길,가로수길,POI059,KEY_3,1220032707,도산대로,1220046803,국민연금관리공단,127.0218796194653237_37.5170446810028935,1220157902,속성변화점,127.0212814368900069_37.5167917523675669,60.0,40.0,원활,127.0212814368900069_37.5167917523675669|127.0218796194653237_37.5170446810028935
2026-09-04T23:16:36.811991+09:00,가로수길,가로수길,POI059,KEY_3,1220034402,논현로,1220048904,강남을지병원사거리,127.0280371859392829_37.5197414933169782,1220049904,포포인츠바이쉐라톤서울강남,127.0280734448643045_37.5206167208549601,97.0,23.0,서행,127.0280734448643045_37.5206167208549601|127.0280371859392829_37.5197414933169782
2026-09-04T23:16:36.811991+09:00,가로수길,가로수길,POI059,KEY_3,1220034404,논현로,1220053804,KT신사지사앞,127.0283248558345122_37.5246129191385620,1220055202,압구정고가차도(남측),127.0283395591130500_37.5250065536841362,44.0,30.0,원활,127.0283395591130500_37.5250065536841362|127.0283248558345122_37.5246129191385620
2026-09-04T23:16:36.811991+09:00,가로수길,가로수길,POI059,KEY_3,1220034405,논현로,1220055202,압구정고가차도(남측),127.0283395591130500_37.5250065536841362,1220010003,압구정역앞교차로,127.0282759409679016_37.5270582615837682,229.0,24.0,서행,127.0282759409679016_37.5270582615837682|127.0283303202405847_37.5268739474045816|127.0283620150373025_37.5266475017756704|127.0283619317290800_37.5264274554737582|127.0283319991274453_37.5259676695780868|127.0282853399793055_37.5252252266081712|127.0283395591130500_37.5250065536841362
2026-09-04T23:16:36.811991+09:00,가로수길,가로수길,POI059,KEY_3,1220034505,논현로,1220010002,압구정역앞교차로,127.0285181437996727_37.5271826705537279,1220055201,압구정고가차도(남측),127.0284751971407360_37.5250022451099099,244.0,9.0,정체,127.0284751971407360_37.5250022451099099|127.0285565062360433_37.5252144169059250|127.0286031556237134_37.5259566660534603|127.0286334403760122_37.5264218208668652|127.0286335312154051_37.5266594844593655|127.0285983577891358_37.5269107887466404|127.0285181437996727_37.5271826705537279
2026-09-04T23:16:36.811991+09:00,가로수길,가로수길,POI059,KEY_3,1220035101,압구정로,1220387500,신사동 667-35,127.0208024983061250_37.5232622623860976,1220051900,한남IC,127.0196414563682623_37.5226786197747799,121.0,20.0,서행,127.0196414563682623_37.5226786197747799|127.0198045751835991_37.5227606189946599|127.0208024983061250_37.5232622623860976
2026-09-04T23:16:36.811991+09:00,가로수길,가로수길,POI059,KEY_3,1220035102,압구정로,1220284700,신사동 667-35,127.0231244458356485_37.5244338308142105,1220052802,현대고,127.0224876254120829_37.5241095444315249,67.0,14.0,정체,127.0224876254120829_37.5241095444315249|127.0231244458356485_37.5244338308142105
2026-09-04T23:16:36.811991+09:00,가로수길,가로수길,POI059,KEY_3,1220035103,압구정로,1220229500,신사동 667-35,127.0254725690620887_37.5256273769602657,1220054201,청작화랑,127.0241083963904600_37.5249346230122711,143.0,18.0,서행,127.0241083963904600_37.5249346230122711|127.0254725690620887_37.5256273769602657
2026-09-04T23:16:36.811991+09:00,가로수길,가로수길,POI059,KEY_3,1220035104,압구정로,1220197700,신사동 667-35,127.0264768016643444_37.5261378314984313,1220055601,갤러리가인로,127.0263447850509237_37.5260702905259507,14.0,10.0,정체,127.0263447850509237_37.5260702905259507|127.0264768016643444_37.5261378314984313
2026-09-04T23:16:36.811991+09:00,가로수길,가로수길,POI059,KEY_3,1220035600,논현로,1220055202,압구정고가차도(남측),127.0283395591130500_37.5250065536841362,1220058304,압구정고가차도(북측),127.0268388941667439_37.5286867952204233,456.0,57.3,원활,127.0268388941667439_37.5286867952204233|127.0276229048477035_37.5280429604157248|127.0278165005547066_37.5278840115926755|127.0279731715236551_37.5277036660985672|127.0281672333874639_37.5274318336580421|127.0283131192877590_37.5271685854789965|127.0283973296032798_37.5268831584729128|127.0284298940737244_37.5266504975051163|127.0284298088944297_37.5264260462047829|127.0283997882590228_37.5259649187552995|127.0283395591130500_37.5250065536841362
2026-09-04T23:16:36.811991+09:00,가로수길,가로수길,POI059,KEY_3,1220035700,논현로,1220058302,압구정고가차도(북측),127.0269363512986587_37.5287620679434681,1220055201,압구정고가차도(남측),127.0284751971407360_37.5250022451099099,466.0,61.5,원활,127.0284751971407360_37.5250022451099099|127.0285353676384261_37.5259594169927198|127.0285655632184074_37.5264232302528455|127.0285656521627686_37.5266564888469674|127.0285313483773990_37.5269015786934403|127.0284480650293517_37.5271838619750469|127.0282888742812872_37.5274801946933394|127.0280882251533114_37.5277612569592449|127.0279217590682350_37.5279528773542097|127.0269363512986587_37.5287620679434681
2026-09-04T23:16:36.811991+09:00,가로수길,가로수길,POI059,KEY_3,1220036101,압구정로,1220213100,신사동 667-35,127.0293474339213446_37.5276110594799661,1220010002,압구정역앞교차로,127.0285181437996727_37.5271826705537279,87.0,6.0,정체,127.0285181437996727_37.5271826705537279|127.0293474339213446_37.5276110594799661
2026-09-04T23:16:36.811991+09:00,가로수길,가로수길,POI059,KEY_3,1220089200,도산대로13길,1220287700,신사동 667-13,127.0230743650847813_37.5193351003487336,1220048603,한교빌딩,127.0230536690337004_37.5194604758461239,14.0,17.5,서행,127.0230536690337004_37.5194604758461239|127.0230743650847813_37.5193351003487336
2026-09-04T23:16:36.811991+09:00,가로수길,가로수길,POI059,KEY_3,1220089300,도산대로13길,1220389400,신사동 667-13,127.0233652346300346_37.5184041868742781,1220047301,신사동 501-5,127.0234959990522157_37.5178412759112945,64.0,20.0,서행,127.0234959990522157_37.5178412759112945|127.0233652346300346_37.5184041868742781
2026-09-04T23:16:36.811991+09:00,가로수길,가로수길,POI059,KEY_3,1220089800,논현로151길,1220443500,신사동 540-17,127.0244909423343387_37.5196152857974283,1220048602,한교빌딩,127.0231882543426423_37.5194745704341912,116.0,10.0,정체,127.0231882543426423_37.5194745704341912|127.0244718919648932_37.5196135745143948|127.0244909423343387_37.5196152857974283
2026-09-04T23:16:36.811991+09:00,가로수길,가로수길,POI059,KEY_3,1220089900,논현로151길,1220418800,신사동 667-21,127.0262498643968883_37.5199608855933420,1220049804,신사동 667-21,127.0274070953705206_37.5204456743626125,116.0,36.0,원활,127.0274070953705206_37.5204456743626125|127.0266396543750886_37.5201241789116082|127.0262498643968883_37.5199608855933420
2026-09-04T23:16:36.811991+09:00,가로수길,가로수길,POI059,KEY_3,1220091000,논현로151길,1220049904,포포인츠바이쉐라톤서울강남,127.0280734448643045_37.5206167208549601,1220049802,신사동 563-37,127.0275930492730652_37.5204031223416550,49.0,14.0,정체,127.0275930492730652_37.5204031223416550|127.0280734448643045_37.5206167208549601
2026-09-04T23:16:36.811991+09:00,가로수길,가로수길,POI059,KEY_3,1220091100,논현로151길,1220049801,신사동 667-21,127.0275268835117117_37.5204975286007425,1220049905,포포인츠바이쉐라톤서울강남,127.0280793639937258_37.5207431780700205,56.0,13.0,정체,127.0280793639937258_37.5207431780700205|127.0275268835117117_37.5204975286007425
2026-09-04T23:16:36.811991+09:00,가로수길,가로수길,POI059,KEY_3,1220092400,압구정로12길,1220417800,신사동 667-13,127.0224302352055901_37.5234937392832748,1220052803,현대고,127.0223574913892861_37.5240439075491210,61.0,21.0,서행,127.0223574913892861_37.5240439075491210|127.0223782425358934_37.5238158829208359|127.0224302352055901_37.5234937392832748
2026-09-04T23:16:36.811991+09:00,가로수길,가로수길,POI059,KEY_3,1220093600,압구정로18길,1220402700,신사동 667-26,127.0242997575267196_37.5244046914768887,1220054203,청작화랑,127.0238902580922229_37.5248237950768342,60.0,13.0,정체,127.0238902580922229_37.5248237950768342|127.0240075609036410_37.5247631606974252|127.0242997575267196_37.5244046914768887
2026-09-04T23:16:36.811991+09:00,가로수길,가로수길,POI059,KEY_3,1220093700,압구정로18길,1220269200,신사동 667-22,127.0265257201653952_37.5217976687929635,1220049801,신사동 667-21,127.0275268835117117_37.5204975286007425,170.0,17.0,서행,127.0275268835117117_37.5204975286007425|127.0274614673849953_37.5206192024850438|127.0273151084055172_37.5208488732382079|127.0272306072528465_37.5209504397739764|127.0269002741036815_37.5213474819321107|127.0265257201653952_37.5217976687929635
2026-09-04T23:16:36.811991+09:00,가로수길,가로수길,POI059,KEY_3,1220095500,압구정로20길,1220295800,신사동 667-30,127.0249300313320617_37.5246883867516772,1220054202,청작화랑,127.0239993271606807_37.5248792090952108,85.0,18.0,서행,127.0239993271606807_37.5248792090952108|127.0241907646657893_37.5248235301143254|127.0248768749337529_37.5246912303723548|127.0249300313320617_37.5246883867516772
2026-09-04T23:16:36.811991+09:00,가로수길,가로수길,POI059,KEY_3,1220095600,압구정로20길,1220389300,신사동 667-30,127.0276891866743654_37.5246599576587982,1220053804,KT신사지사앞,127.0283248558345122_37.5246129191385620,57.0,9.0,정체,127.0283248558345122_37.5246129191385620|127.0278024437205033_37.5246369682814134|127.0276891866743654_37.5246599576587982
2026-09-04T23:16:36.811991+09:00,가로수길,가로수길,POI059,KEY_3,1220341900,강남대로,1220450900,최소노드배치점,127.0185739660145998_37.5202897635519861,1210048900,한남IC,127.0191320703633693_37.5177627579261355,286.0,41.0,원활,127.0191320703633693_37.5177627579261355|127.0190749075924401_37.5184495173263812|127.0185850281335433_37.5201347966023420|127.0185739660145998_37.5202897635519861
2026-09-04T23:16:36.811991+09:00,가로수길,가로수길,POI059,KEY_3,1220342100,강남대로,1210050200,한남IC,127.0179230663021883_37.5215654212540883,1220051400,한남IC,127.0184647515422967_37.5220740214540527,219.0,34.0,원활,127.0184647515422967_37.5220740214540527|127.0187361940851076_37.5221219841313172|127.0188799124806849_37.5221225694219385|127.0189701046267459_37.5220657007965528|127.0190338533853947_37.5219300247544041|127.0187948665284097_37.5213781528593202|127.0186786484771915_37.5212918254898256|127.0184900646496544_37.5212839020109570|127.0183010678575073_37.5213403675630133|127.0179230663021883_37.5215654212540883
2026-09-04T23:16:36.811991+09:00,광장(전통)시장,광장(전통)시장,POI060,KEY_4,1000001802,종로,1000169300,종로4가 183,126.9992162622975655_37.5707928126224999,1000031300,종로4가,126.9985532581453924_37.5707449132439208,59.0,21.0,서행,126.9985532581453924_37.5707449132439208|126.9992162622975655_37.5707928126224999
2026-09-04T23:16:36.811991+09:00,광장(전통)시장,광장(전통)시장,POI060,KEY_4,1000002001,종로,1000245300,종로5가 82-1,127.0027233485987352_37.5709694752928485,1000011202,종로5가사거리,127.0019976949529052_37.5709492579211854,64.0,26.0,원활,127.0019976949529052_37.5709492579211854|127.0026822738535230_37.5709687051739039|127.0027233485987352_37.5709694752928485
2026-09-04T23:16:36.811991+09:00,광장(전통)시장,광장(전통)시장,POI060,KEY_4,1000001700,종로,1000107700,종로5가 82-1,127.0014559954733784_37.5710337936727115,1000011204,종로5가사거리,127.0018597424576257_37.5710524176874969,36.0,25.3,원활,127.0018597424576257_37.5710524176874969|127.0014559954733784_37.5710337936727115
2026-09-04T23:16:36.811991+09:00,광장(전통)시장,광장(전통)시장,POI060,KEY_4,1000001801,종로,1000031300,종로4가,126.9985532581453924_37.5707449132439208,1000011002,종로4가사거리,126.9978420032838642_37.5706935232521886,63.0,29.0,원활,126.9978420032838642_37.5706935232521886|126.9985532581453924_37.5707449132439208
2026-09-04T23:16:36.811991+09:00,광장(전통)시장,광장(전통)시장,POI060,KEY_4,1000003102,청계천로,1000006802,세운교,126.9952943683145179_37.5687121004089306,1010034002,청계4가사거리,126.9978567741960518_37.5690141197168899,229.0,23.0,서행,126.9978567741960518_37.5690141197168899|126.9977196243080755_37.5689778939568413|126.9973817991979672_37.5689244876432014|126.9962389430763210_37.5687890515443357|126.9952943683145179_37.5687121004089306
2026-09-04T23:16:36.811991+09:00,광장(전통)시장,광장(전통)시장,POI060,KEY_4,1000003202,청계천로,1010033502,청계4가사거리,126.9978802454382389_37.5687215808426274,1000006801,세운교,126.9953276014707626_37.5684416148171678,228.0,14.0,정체,126.9953276014707626_37.5684416148171678|126.9957094599574390_37.5684724533581900|126.9977052575266896_37.5686899192676975|126.9978802454382389_37.5687215808426274
2026-09-04T23:16:36.811991+09:00,광장(전통)시장,광장(전통)시장,POI060,KEY_4,1000004300,청계천로,1010034001,청계4가사거리,126.9979899258223242_37.5690487214556867,1010035002,청계5가,127.0019528507516640_37.5697976426441400,360.0,15.0,서행,127.0019528507516640_37.5697976426441400|127.0017358863905201_37.5697659409256488|127.0000347507350966_37.5694727355165128|126.9982497711816194_37.5691151390471632|126.9979899258223242_37.5690487214556867
2026-09-04T23:16:36.811991+09:00,광장(전통)시장,광장(전통)시장,POI060,KEY_4,1000004400,청계천로,1010034602,청계5가교차로,127.0019837396539657_37.5694814402428676,1010033501,청계4가사거리,126.9980141971210799_37.5687475550074197,360.0,22.0,서행,126.9980141971210799_37.5687475550074197|127.0001365777901867_37.5691866684635656|127.0015262324094891_37.5694417350148697|127.0017658284941149_37.5694679542473580|127.0019837396539657_37.5694814402428676
2026-09-04T23:16:36.811991+09:00,광장(전통)시장,광장(전통)시장,POI060,KEY_4,1000005301,청계천로,1010035001,청계5가,127.0020881246934152_37.5698075774404145,1000031402,버들다리(북측),127.0066778573984863_37.5698145407186601,405.0,16.0,서행,127.0066778573984863_37.5698145407186601|127.0020881246934152_37.5698075774404145
2026-09-04T23:16:36.811991+09:00,광장(전통)시장,광장(전통)시장,POI060,KEY_4,1000005401,청계천로,1010034902,버들다리(남측),127.0065602496820105_37.5695317839187268,1010034601,청계5가교차로,127.0021191180861280_37.5694902995239062,392.0,8.0,정체,127.0021191180861280_37.5694902995239062|127.0024509740674006_37.5695131963120659|127.0065602496820105_37.5695317839187268
2026-09-04T23:16:36.811991+09:00,광장(전통)시장,광장(전통)시장,POI060,KEY_4,1000005501,창경궁로,1010034002,청계4가사거리,126.9978567741960518_37.5690141197168899,1000009200,종로4가,126.9977510820364870_37.5702192149541574,134.0,13.0,정체,126.9977510820364870_37.5702192149541574|126.9977619635523922_37.5701052996103186|126.9977928254472488_37.5697501122231543|126.9978567741960518_37.5690141197168899
2026-09-04T23:16:36.811991+09:00,광장(전통)시장,광장(전통)시장,POI060,KEY_4,1000005502,창경궁로,1000009200,종로4가,126.9977510820364870_37.5702192149541574,1000011003,종로4가사거리,126.9977066575793003_37.5706842868909874,52.0,34.0,원활,126.9977066575793003_37.5706842868909874|126.9977510820364870_37.5702192149541574
2026-09-04T23:16:36.811991+09:00,광장(전통)시장,광장(전통)시장,POI060,KEY_4,1000005900,동호로,1000080900,종로5가 194-1,127.0019049283621939_37.5704023856927236,1000011203,종로5가사거리,127.0018619903622010_37.5709442212742246,60.0,13.0,정체,127.0018619903622010_37.5709442212742246|127.0019049283621939_37.5704023856927236
2026-09-04T23:16:36.811991+09:00,광장(전통)시장,광장(전통)시장,POI060,KEY_4,1000006000,동호로,1000081000,종로5가 194-1,127.0020404728760326_37.5704091886523841,1010035001,청계5가,127.0020881246934152_37.5698075774404145,67.0,25.0,원활,127.0020881246934152_37.5698075774404145|127.0020404728760326_37.5704091886523841
2026-09-04T23:16:36.811991+09:00,광장(전통)시장,광장(전통)시장,POI060,KEY_4,1000009002,대학로,1000211400,효제동 248-3,127.0020354004494578_37.5719845778189736,1000011201,종로5가사거리,127.0019958691737827_37.5710573946658712,103.0,11.3,정체,127.0019958691737827_37.5710573946658712|127.0020354004494578_37.5719845778189736
2026-09-04T23:16:36.811991+09:00,광장(전통)시장,광장(전통)시장,POI060,KEY_4,1000024600,종로,1000009200,종로4가,126.9977510820364870_37.5702192149541574,1000010400,종로4가,126.9969798514767092_37.5706375452027856,82.0,11.0,정체,126.9969798514767092_37.5706375452027856|126.9977510820364870_37.5702192149541574
2026-09-04T23:16:36.811991+09:00,광장(전통)시장,광장(전통)시장,POI060,KEY_4,1000044900,종로,1000031300,종로4가,126.9985532581453924_37.5707449132439208,1000031200,종로4가,126.9978863472252044_37.5702292896807890,82.0,9.0,정체,126.9978863472252044_37.5702292896807890|126.9985532581453924_37.5707449132439208
2026-09-04T23:16:36.811991+09:00,광장(전통)시장,광장(전통)시장,POI060,KEY_4,1010017102,창경궁로,1010144900,주교동 150-1,126.9979022407054572_37.5684599840524882,1010033502,청계4가사거리,126.9978802454382389_37.5687215808426274,29.0,33.0,원활,126.9978802454382389_37.5687215808426274|126.9979022407054572_37.5684599840524882
2026-09-04T23:16:36.811991+09:00,광장(전통)시장,광장(전통)시장,POI060,KEY_4,1010017103,창경궁로,1010033502,청계4가사거리,126.9978802454382389_37.5687215808426274,1010034002,청계4가사거리,126.9978567741960518_37.5690141197168899,33.0,18.0,서행,126.9978567741960518_37.5690141197168899|126.9978802454382389_37.5687215808426274
2026-09-04T23:16:36.811991+09:00,광장(전통)시장,광장(전통)시장,POI060,KEY_4,1010018303,동호로,1010033004,방산종합시장,127.0020517143025671_37.5684662611909843,1010034602,청계5가교차로,127.0019837396539657_37.5694814402428676,113.0,31.5,원활,127.0019837396539657_37.5694814402428676|127.0020303269679118_37.5687856770029711|127.0020517143025671_37.5684662611909843
2026-09-04T23:16:36.811991+09:00,광장(전통)시장,광장(전통)시장,POI060,KEY_4,1010018304,동호로,1010034602,청계5가교차로,127.0019837396539657_37.5694814402428676,1010035002,청계5가,127.0019528507516640_37.5697976426441400,35.0,15.0,서행,127.0019528507516640_37.5697976426441400|127.0019837396539657_37.5694814402428676
2026-09-04T23:16:36.811991+09:00,광장(전통)시장,광장(전통)시장,POI060,KEY_4,1010018404,동호로,1010035001,청계5가,127.0020881246934152_37.5698075774404145,1010034601,청계5가교차로,127.0021191180861280_37.5694902995239062,35.0,28.0,원활,127.0021191180861280_37.5694902995239062|127.0020881246934152_37.5698075774404145
2026-09-04T23:16:36.811991+09:00,김포공항,김포공항,POI061,KEY_1,1150012601,남부순환로,1150389900,최소노드배치점,126.8095743430638294_37.5571410012688958,1150030002,공항지하차도(남측),126.8077168731396398_37.5596785527472150,335.0,43.0,원활,126.8077168731396398_37.5596785527472150|126.8080235123319426_37.5587598772484270|126.8080487310129598_37.5586843223038969|126.8081645923880245_37.5584605680897425|126.8083120730024547_37.5582415061213482|126.8085234864771706_37.5579901613593989|126.8086738654403263_37.5578514718858045|126.8087487100140578_37.5577824449810294|126.8095743430638294_37.5571410012688958
2026-09-04T23:16:36.811991+09:00,김포공항,김포공항,POI061,KEY_1,1150012602,남부순환로,1150030002,공항지하차도(남측),126.8077168731396398_37.5596785527472150,1150033203,김포공항입구교차로,126.8070108813666224_37.5617129549202957,235.0,52.0,원활,126.8070108813666224_37.5617129549202957|126.8075853764430434_37.5598753351117551|126.8077168731396398_37.5596785527472150
2026-09-04T23:16:36.811991+09:00,김포공항,김포공항,POI061,KEY_1,1150012702,남부순환로,1150033202,김포공항입구교차로,126.8073025792230766_37.5616752975893391,1150030001,공항지하차도(남측),126.8078484011787168_37.5597054915840687,225.0,35.0,원활,126.8078484011787168_37.5597054915840687|126.8078489684554739_37.5599275572281215|126.8073025792230766_37.5616752975893391
2026-09-04T23:16:36.811991+09:00,김포공항,김포공항,POI061,KEY_1,1150014601,공항대로,1150032903,김포공항입구,126.8078281271154850_37.5616183037410494,1150033202,김포공항입구교차로,126.8073025792230766_37.5616752975893391,47.0,14.0,정체,126.8073025792230766_37.5616752975893391|126.8078281271154850_37.5616183037410494
2026-09-04T23:16:36.811991+09:00,김포공항,김포공항,POI061,KEY_1,1150014701,공항대로,1150033201,김포공항입구교차로,126.8072672096517124_37.5617882508206051,1150032904,김포공항입구,126.8079101380171778_37.5617185281611867,57.0,25.0,원활,126.8079101380171778_37.5617185281611867|126.8072672096517124_37.5617882508206051
2026-09-04T23:16:36.811991+09:00,김포공항,김포공항,POI061,KEY_1,1150016602,개화동로,1150033204,김포공항입구교차로,126.8069741436833624_37.5618291362629790,1150036802,공항지하차도(북측),126.8066028860935575_37.5632234424859774,159.0,30.5,원활,126.8066028860935575_37.5632234424859774|126.8066032813527642_37.5630009147905142|126.8069741436833624_37.5618291362629790
2026-09-04T23:16:36.811991+09:00,김포공항,김포공항,POI061,KEY_1,1150016603,개화동로,1150036802,공항지하차도(북측),126.8066028860935575_37.5632234424859774,1150039602,개화지하차도(남측),126.8057924187939989_37.5657106945988915,285.0,34.0,원활,126.8057924187939989_37.5657106945988915|126.8062995071421568_37.5641545058068758|126.8066028860935575_37.5632234424859774
2026-09-04T23:16:36.811991+09:00,김포공항,김포공항,POI061,KEY_1,1150016604,개화동로,1150039602,개화지하차도(남측),126.8057924187939989_37.5657106945988915,1150006403,김포공항,126.8050471612343841_37.5677507825846604,236.0,39.0,원활,126.8050471612343841_37.5677507825846604|126.8056575562592201_37.5659060332226744|126.8057924187939989_37.5657106945988915
2026-09-04T23:16:36.811991+09:00,김포공항,김포공항,POI061,KEY_1,1150016701,개화동로,1150036801,공항지하차도(북측),126.8067344748664880_37.5632502226468645,1150033201,김포공항입구교차로,126.8072672096517124_37.5617882508206051,170.0,26.7,원활,126.8072672096517124_37.5617882508206051|126.8068666929418953_37.5630537442273749|126.8067344748664880_37.5632502226468645
2026-09-04T23:16:36.811991+09:00,김포공항,김포공항,POI061,KEY_1,1150016702,개화동로,1150247600,방화동 635-2,126.8064309785913366_37.5641816513473401,1150036801,공항지하차도(북측),126.8067344748664880_37.5632502226468645,107.0,35.0,원활,126.8067344748664880_37.5632502226468645|126.8064309785913366_37.5641816513473401
2026-09-04T23:16:36.811991+09:00,김포공항,김포공항,POI061,KEY_1,1150016703,개화동로,1150006402,김포공항,126.8053283756748613_37.5677499095885210,1150039601,개화지하차도(남측),126.8059238292659359_37.5657380361406368,230.0,34.0,원활,126.8059238292659359_37.5657380361406368|126.8059202518390123_37.5659611079850535|126.8053283756748613_37.5677499095885210
2026-09-04T23:16:36.811991+09:00,김포공항,김포공항,POI061,KEY_1,1150019201,개화동로,1150006404,김포공항,126.8050116383548271_37.5678590131138606,1150042703,개화지하차도(북측),126.8043750832667627_37.5700177472717556,247.0,12.0,정체,126.8043750832667627_37.5700177472717556|126.8043732440636404_37.5698089916991620|126.8050116383548271_37.5678590131138606
2026-09-04T23:16:36.811991+09:00,김포공항,김포공항,POI061,KEY_1,1150019301,개화동로,1150042702,개화지하차도(북측),126.8045065255030863_37.5700450114689204,1150006401,김포공항,126.8052926539899659_37.5678581403692888,253.0,37.5,원활,126.8052926539899659_37.5678581403692888|126.8046362685131214_37.5698630949740959|126.8045065255030863_37.5700450114689204
2026-09-04T23:16:36.811991+09:00,김포공항,김포공항,POI061,KEY_1,1150064000,하늘길,1150025202,속성변화점,126.8082875031500834_37.5555638288103708,1150027102,공항동 1373,126.8068481061529695_37.5568211814329942,190.0,23.0,서행,126.8068481061529695_37.5568211814329942|126.8069636778689784_37.5566653638428392|126.8070672851894329_37.5565384620971159|126.8082875031500834_37.5555638288103708
2026-09-04T23:16:36.811991+09:00,김포공항,김포공항,POI061,KEY_1,1150064100,하늘길,1150027101,공항동 1373,126.8069712276863470_37.5568648222929724,1150025201,속성변화점,126.8083836703710006_37.5556401721833879,185.0,16.0,서행,126.8083836703710006_37.5556401721833879|126.8071734526590006_37.5566068184149557|126.8070788020918229_37.5567227499429279|126.8069712276863470_37.5568648222929724
2026-09-04T23:16:36.811991+09:00,김포공항,김포공항,POI061,KEY_1,1150066200,하늘길,1150027102,공항동 1373,126.8068481061529695_37.5568211814329942,1150027900,꽃뫼마을,126.8066393602112214_37.5579420572046487,126.0,18.0,서행,126.8066393602112214_37.5579420572046487|126.8067209036262284_37.5573619926632958|126.8067425712815322_37.5572078567915852|126.8067860131757527_37.5569836897910534|126.8068481061529695_37.5568211814329942
2026-09-04T23:16:36.811991+09:00,김포공항,김포공항,POI061,KEY_1,1150066500,하늘길,1150247200,공항동 1373,126.8068558770528966_37.5573740172171497,1150027101,공항동 1373,126.8069712276863470_37.5568648222929724,58.0,11.0,정체,126.8069712276863470_37.5568648222929724|126.8069187602059316_37.5570077860468388|126.8068772250646390_37.5572221164367548|126.8068558770528966_37.5573740172171497
2026-09-04T23:16:36.811991+09:00,김포공항,김포공항,POI061,KEY_1,1150073600,남부순환로,1150030002,공항지하차도(남측),126.8077168731396398_37.5596785527472150,1150036802,공항지하차도(북측),126.8066028860935575_37.5632234424859774,406.0,44.5,원활,126.8066028860935575_37.5632234424859774|126.8070741742825192_37.5617343500932535|126.8077168731396398_37.5596785527472150
2026-09-04T23:16:36.811991+09:00,김포공항,김포공항,POI061,KEY_1,1150073700,남부순환로,1150036801,공항지하차도(북측),126.8067344748664880_37.5632502226468645,1150030001,공항지하차도(남측),126.8078484011787168_37.5597054915840687,406.0,42.0,원활,126.8078484011787168_37.5597054915840687|126.8072059248408863_37.5617606130839761|126.8067344748664880_37.5632502226468645
2026-09-04T23:16:36.811991+09:00,김포공항,김포공항,POI061,KEY_1,1150087200,초원로,1150276600,방화동 648-7,126.8061653651844978_37.5677509978913946,1150006402,김포공항,126.8053283756748613_37.5677499095885210,74.0,19.0,서행,126.8053283756748613_37.5677499095885210|126.8055414028596175_37.5677492478255175|126.8061653651844978_37.5677509978913946
2026-09-04T23:16:36.811991+09:00,김포공항,김포공항,POI061,KEY_1,1150087300,초원로,1150006401,김포공항,126.8052926539899659_37.5678581403692888,1150041804,우림루미아트아파트,126.8075307779801193_37.5678629359116485,198.0,20.0,서행,126.8075307779801193_37.5678629359116485|126.8073398019933933_37.5678624027739900|126.8069523157120386_37.5678613200995315|126.8065648290245235_37.5678602361521072|126.8061648869972657_37.5678591160285933|126.8055414285367419_37.5678573671970213|126.8052926539899659_37.5678581403692888
2026-09-04T23:16:36.811991+09:00,김포공항,김포공항,POI061,KEY_1,1150088000,개화동로,1150039602,개화지하차도(남측),126.8057924187939989_37.5657106945988915,1150042703,개화지하차도(북측),126.8043750832667627_37.5700177472717556,494.0,54.0,원활,126.8043750832667627_37.5700177472717556|126.8051041638151162_37.5677907609375552|126.8057924187939989_37.5657106945988915
2026-09-04T23:16:36.811991+09:00,김포공항,김포공항,POI061,KEY_1,1150088100,개화동로,1150042702,개화지하차도(북측),126.8045065255030863_37.5700450114689204,1150039601,개화지하차도(남측),126.8059238292659359_37.5657380361406368,494.0,53.3,원활,126.8059238292659359_37.5657380361406368|126.8052355602882528_37.5678181625819221|126.8045065255030863_37.5700450114689204
2026-09-04T23:16:36.811991+09:00,김포공항,김포공항,POI061,KEY_1,1150106400,하늘길,1150028802,금당엄나무마을,126.8065715832151881_37.5584244799448612,1150028400,속성변화점,126.8048520251257685_37.5583579319005096,185.0,15.0,서행,126.8048520251257685_37.5583579319005096|126.8052377971326763_37.5580516095033374|126.8053823436995202_37.5579701842871785|126.8055353778495942_37.5579424668231496|126.8056745668371832_37.5579540170042065|126.8058403506843348_37.5580050725773518|126.8059860097157099_37.5580901308708448|126.8065715832151881_37.5584244799448612
2026-09-04T23:16:36.811991+09:00,김포공항,김포공항,POI061,KEY_1,1150106500,하늘길,1150027900,꽃뫼마을,126.8066393602112214_37.5579420572046487,1150028100,고가차도(동측),126.8060691893281700_37.5580001571214055,70.0,15.0,서행,126.8060691893281700_37.5580001571214055|126.8062856880729470_37.5581168464145136|126.8063706400496358_37.5581522669607892|126.8064580694506560_37.5581562242252716|126.8065401626594593_37.5581308101262579|126.8066082234555978_37.5580596654638583|126.8066393602112214_37.5579420572046487
2026-09-04T23:16:36.811991+09:00,김포공항,김포공항,POI061,KEY_1,1150106600,하늘길,1150028802,금당엄나무마을,126.8065715832151881_37.5584244799448612,1150028100,고가차도(동측),126.8060691893281700_37.5580001571214055,65.0,10.0,정체,126.8060691893281700_37.5580001571214055|126.8065715832151881_37.5584244799448612
2026-09-04T23:16:36.811991+09:00,김포공항,김포공항,POI061,KEY_1,1150106700,하늘길,1150289200,최소노드배치점,126.8033683591133922_37.5592833803729107,1150032700,고가차도(서측),126.8009776700938573_37.5613568425905200,315.0,23.0,서행,126.8009776700938573_37.5613568425905200|126.8010280242264827_37.5611957637211304|126.8011248860496778_37.5610890211158690|126.8033683591133922_37.5592833803729107
2026-09-04T23:16:36.811991+09:00,김포공항,김포공항,POI061,KEY_1,1150106800,하늘길,1150028400,속성변화점,126.8048520251257685_37.5583579319005096,1150032700,고가차도(서측),126.8009776700938573_37.5613568425905200,478.0,19.0,서행,126.8009776700938573_37.5613568425905200|126.8013035967179007_37.5611997795353290|126.8035334487866663_37.5594139846441664|126.8048520251257685_37.5583579319005096
2026-09-04T23:16:36.811991+09:00,김포공항,김포공항,POI061,KEY_1,1150106900,김포공항내부도로,1150032200,속성변화점,126.8047455373718151_37.5611116336784789,1150028801,금당엄나무마을,126.8067065539106721_37.5584365013286785,359.0,21.0,서행,126.8067065539106721_37.5584365013286785|126.8066109696513877_37.5588857489316297|126.8064624030633780_37.5595840033141712|126.8064141826300073_37.5597031187799502|126.8063180116815687_37.5598364588791966|126.8062219021269073_37.5599459604553729|126.8047455373718151_37.5611116336784789
2026-09-04T23:16:36.811991+09:00,김포공항,김포공항,POI061,KEY_1,1150107000,김포공항내부도로,1150389800,최소노드배치점,126.8067286898441637_37.5607631173226295,1150028801,금당엄나무마을,126.8067065539106721_37.5584365013286785,267.0,44.3,원활,126.8067065539106721_37.5584365013286785|126.8066708925769035_37.5588901607108099|126.8066646253163015_37.5589698879747615|126.8067045329581930_37.5591701996241056|126.8067999267995276_37.5593372282787641|126.8069432095978897_37.5595138704042526|126.8069908756392294_37.5596093034119178|126.8069965453199757_37.5597332752688544|126.8069866614919334_37.5597713874458137|126.8067666698569838_37.5606197059842231|126.8067286898441637_37.5607631173226295
2026-09-04T23:16:36.811991+09:00,김포공항,김포공항,POI061,KEY_1,1150107100,김포공항내부도로,1150033900,방화동886,126.8052833993092463_37.5619393978386995,1150032200,속성변화점,126.8047455373718151_37.5611116336784789,113.0,25.0,원활,126.8047455373718151_37.5611116336784789|126.8048083802269446_37.5615490149788158|126.8048519525371631_37.5616959366339103|126.8049097352545687_37.5617642437812407|126.8049856578287944_37.5618147717900683|126.8052833993092463_37.5619393978386995
2026-09-04T23:16:36.811991+09:00,김포공항,김포공항,POI061,KEY_1,1150107200,하늘길,1150032700,고가차도(서측),126.8009776700938573_37.5613568425905200,1150034800,지하차도,126.7995944673012190_37.5624929202118381,184.0,25.0,원활,126.7995944673012190_37.5624929202118381|126.7996107466501883_37.5622929971972539|126.7998015798858518_37.5620687650094354|126.8003220714264785_37.5616712047205752|126.8009776700938573_37.5613568425905200
2026-09-04T23:16:36.811991+09:00,김포공항,김포공항,POI061,KEY_1,1150107300,하늘길,1150033203,김포공항입구교차로,126.8070108813666224_37.5617129549202957,1150033900,방화동886,126.8052833993092463_37.5619393978386995,155.0,12.0,정체,126.8052833993092463_37.5619393978386995|126.8061205674983825_37.5618551503654459|126.8070108813666224_37.5617129549202957
2026-09-04T23:16:36.811991+09:00,김포공항,김포공항,POI061,KEY_1,1150107400,하늘길,1150034900,김포공항역(공항철도),126.8029854953172162_37.5622967045944236,1150033204,김포공항입구교차로,126.8069741436833624_37.5618291362629790,356.0,40.0,원활,126.8069741436833624_37.5618291362629790|126.8061424791094254_37.5619619642015792|126.8053005219796034_37.5620466931704584|126.8053004393328109_37.5620467020441282|126.8035548962029679_37.5622240961301515|126.8029854953172162_37.5622967045944236
2026-09-04T23:16:36.811991+09:00,김포공항,김포공항,POI061,KEY_1,1150107500,하늘길,1150032700,고가차도(서측),126.8009776700938573_37.5613568425905200,1150036700,지하차도,126.7995614162036446_37.5632407963395494,257.0,29.5,원활,126.7995614162036446_37.5632407963395494|126.7995700031927413_37.5631889631586731|126.7996689684073601_37.5626019355139178|126.7997259457631287_37.5624038582984383|126.7997701717995227_37.5622877418760126|126.7998407061498085_37.5621775057847600|126.7999327368006419_37.5620750285075431|126.8001500459457986_37.5619027027951873|126.8004710632430232_37.5616604022978677|126.8009776700938573_37.5613568425905200
2026-09-04T23:16:36.811991+09:00,김포공항,김포공항,POI061,KEY_1,1150107600,하늘길,1150032700,고가차도(서측),126.8009776700938573_37.5613568425905200,1150034900,김포공항역(공항철도),126.8029854953172162_37.5622967045944236,221.0,11.0,정체,126.8029854953172162_37.5622967045944236|126.8024038149654160_37.5623012502060760|126.8021954186314559_37.5622894586052993|126.8020781093091784_37.5622587480032664|126.8019705670447905_37.5621988226795125|126.8013430762655958_37.5617038420301697|126.8009776700938573_37.5613568425905200
2026-09-04T23:16:36.811991+09:00,김포공항,김포공항,POI061,KEY_1,1150107700,하늘길,1150299800,최소노드배치점,126.8024246026703281_37.5621497575235139,1150034800,지하차도,126.7995944673012190_37.5624929202118381,254.0,49.0,원활,126.7995944673012190_37.5624929202118381|126.8000193989265938_37.5623756689364328|126.8013731312601493_37.5622549088509174|126.8024246026703281_37.5621497575235139
2026-09-04T23:16:36.811991+09:00,김포공항,김포공항,POI061,KEY_1,1150107800,하늘길,1150034800,지하차도,126.7995944673012190_37.5624929202118381,1150034900,김포공항역(공항철도),126.8029854953172162_37.5622967045944236,303.0,28.5,원활,126.8029854953172162_37.5622967045944236|126.8022002166869839_37.5623968364395395|126.8002736857091293_37.5625739227759468|126.7999725900794772_37.5625757150790633|126.7997661912279455_37.5625422959885213|126.7995944673012190_37.5624929202118381
2026-09-04T23:16:36.811991+09:00,김포공항,김포공항,POI061,KEY_1,1150107900,김포공항내부도로,1150034800,지하차도,126.7995944673012190_37.5624929202118381,1150035000,롯데렌터카국내선영업소,126.7985940506221993_37.5626360951519658,90.0,11.0,정체,126.7985940506221993_37.5626360951519658|126.7995944673012190_37.5624929202118381
2026-09-04T23:16:36.811991+09:00,김포공항,김포공항,POI061,KEY_1,1150108000,김포공항내부도로,1150035000,롯데렌터카국내선영업소,126.7985940506221993_37.5626360951519658,1150037900,속성변화점,126.7983021129292069_37.5630189098091307,69.0,22.0,서행,126.7983021129292069_37.5630189098091307|126.7982096451205791_37.5628961389908085|126.7981918453900789_37.5627976604402321|126.7982148156196160_37.5627441391479806|126.7982713199159548_37.5627087031636862|126.7984365839414380_37.5626560267344658|126.7985940506221993_37.5626360951519658
2026-09-04T23:16:36.811991+09:00,김포공항,김포공항,POI061,KEY_1,1150108100,김포공항내부도로,1150037200,김포공항역2번출구,126.8015105464991024_37.5637406961484217,1150034900,김포공항역(공항철도),126.8029854953172162_37.5622967045944236,224.0,30.0,원활,126.8029854953172162_37.5622967045944236|126.8026435167321182_37.5623975981132574|126.8024209948936658_37.5624869055912711|126.8022103875416491_37.5625834378667847|126.8020295362189529_37.5627016084077425|126.8018937973466933_37.5628009677141534|126.8017817563183627_37.5629290840681804|126.8016845605308163_37.5630715970221161|126.8016508513365608_37.5631524812872755|126.8015802361039590_37.5633356925993880|126.8015552917320719_37.5634404760404337|126.8015105464991024_37.5637406961484217
2026-09-04T23:16:36.811991+09:00,김포공항,김포공항,POI061,KEY_1,1150108200,김포공항내부도로,1150037200,김포공항역2번출구,126.8015105464991024_37.5637406961484217,1150037600,김포공항역2번출구,126.8001346503840097_37.5639860917984407,227.0,31.0,원활,126.8001346503840097_37.5639860917984407|126.8001072244096434_37.5638754734673199|126.8000662884100365_37.5637679145538073|126.8000615019386856_37.5636391074166127|126.8000983656984602_37.5635415488353317|126.8001531351182081_37.5634512510361276|126.8002708817475650_37.5633541725600040|126.8003431789846047_37.5633116750763278|126.8006015428384643_37.5632345072076177|126.8007667497781910_37.5631877893086070|126.8009106542144337_37.5631767173647546|126.8010154569920900_37.5631821081042290|126.8011438702288416_37.5632257947703039|126.8012750344631172_37.5632957301106600|126.8013611065026396_37.5633820920717767|126.8014169785191285_37.5634945086059346|126.8015105464991024_37.5637406961484217
2026-09-04T23:16:36.811991+09:00,김포공항,김포공항,POI061,KEY_1,1150108300,김포공항내부도로,1150037200,김포공항역2번출구,126.8015105464991024_37.5637406961484217,1150037700,도심공항터미널,126.8005353893544509_37.5647314688052489,380.0,34.0,원활,126.8005353893544509_37.5647314688052489|126.8001504709565523_37.5643765376844172|126.7999602627294138_37.5642132436054723|126.7998446348872505_37.5640837782937638|126.7997974626711084_37.5640024159575390|126.7997564603626728_37.5639020107266219|126.7997422185323018_37.5638232279006772|126.7997462404500055_37.5637135512019142|126.7997618660982369_37.5636444849060140|126.7997987969324925_37.5635397726324740|126.7998686354479503_37.5634400247530920|126.7999532946344345_37.5633570595498085|126.8000708847145859_37.5632766728403382|126.8002273963702180_37.5631989025939461|126.8005910089229786_37.5630794326731063|126.8007680206251422_37.5630518637346071|126.8009029369462439_37.5630407387900718|126.8010496128956675_37.5630535306005058|126.8011272556779261_37.5630802236472192|126.8012465922204228_37.5631333950045487|126.8013446245621054_37.5632222134043161|126.8014065981104892_37.5633227416721880|126.8014653984647708_37.5634423296246851|126.8015105464991024_37.5637406961484217
2026-09-04T23:16:36.811991+09:00,김포공항,김포공항,POI061,KEY_1,1150108400,김포공항내부도로,1150035000,롯데렌터카국내선영업소,126.7985940506221993_37.5626360951519658,1150037600,김포공항역2번출구,126.8001346503840097_37.5639860917984407,229.0,35.0,원활,126.8001346503840097_37.5639860917984407|126.7999521214609189_37.5638025725482123|126.7998405864598084_37.5637160582818836|126.7996393494245950_37.5636111258423355|126.7992991815572026_37.5634660194623891|126.7987938274058735_37.5632054610151798|126.7985571473165436_37.5630466579929205|126.7984637566289052_37.5629423643065863|126.7984331071625661_37.5628563291241946|126.7984472253013024_37.5627884461292609|126.7984884047937442_37.5627099928980641|126.7985940506221993_37.5626360951519658
2026-09-04T23:16:36.811991+09:00,김포공항,김포공항,POI061,KEY_1,1150108500,김포공항내부도로,1150037900,속성변화점,126.7983021129292069_37.5630189098091307,1150037700,도심공항터미널,126.8005353893544509_37.5647314688052489,274.0,31.0,원활,126.8005353893544509_37.5647314688052489|126.7995993705168303_37.5640520760878971|126.7991235205774814_37.5636796088143541|126.7984879720149394_37.5631660830637344|126.7983021129292069_37.5630189098091307
2026-09-04T23:16:36.811991+09:00,김포공항,김포공항,POI061,KEY_1,1150108600,김포공항내부도로,1150036700,지하차도,126.7995614162036446_37.5632407963395494,1150037700,도심공항터미널,126.8005353893544509_37.5647314688052489,200.0,42.0,원활,126.8005353893544509_37.5647314688052489|126.7997423221904967_37.5640787997897547|126.7996369375317300_37.5639753894983812|126.7995776669586547_37.5639063555770250|126.7995377103744943_37.5638221735569431|126.7995167669065069_37.5637552751601973|126.7995105241441820_37.5636541224698846|126.7995141173256854_37.5635263188312720|126.7995614162036446_37.5632407963395494
2026-09-04T23:16:36.811991+09:00,김포공항,김포공항,POI061,KEY_1,1150108700,김포공항내부도로,1150039400,에어포트빌딩,126.8054199980519314_37.5653693282458718,1150038300,속성변화점,126.8061015993678495_37.5631202624798846,257.0,38.0,원활,126.8061015993678495_37.5631202624798846|126.8059321035797495_37.5637269267169103|126.8054199980519314_37.5653693282458718
2026-09-04T23:16:36.811991+09:00,김포공항,김포공항,POI061,KEY_1,1150108800,김포공항내부도로,1150040200,고가차도,126.8034852971276649_37.5656196609774327,1150037200,김포공항역2번출구,126.8015105464991024_37.5637406961484217,281.0,27.0,원활,126.8015105464991024_37.5637406961484217|126.8015357041857101_37.5639340135730890|126.8015969668641674_37.5641108512010717|126.8016766037265626_37.5642448710447212|126.8018308227888724_37.5644127195580566|126.8019823811680595_37.5645447794917331|126.8029309732480101_37.5653063657249433|126.8030975575997701_37.5654337433964187|126.8031839240266976_37.5654891030670228|126.8032971189519884_37.5655589304998614|126.8034852971276649_37.5656196609774327
2026-09-04T23:16:36.811991+09:00,김포공항,김포공항,POI061,KEY_1,1150108900,김포공항내부도로,1150037600,김포공항역2번출구,126.8001346503840097_37.5639860917984407,1150040100,김포국제공항국제선행사전용주차,126.8028803555274493_37.5664085986469658,364.0,13.0,정체,126.8028803555274493_37.5664085986469658|126.8025555415103298_37.5661435602585243|126.8016983643685194_37.5654441163697115|126.8007304672482007_37.5646657129594246|126.8005254668434532_37.5644820611773724|126.8003740566643103_37.5643344989100783|126.8002586967350567_37.5641764188608462|126.8001346503840097_37.5639860917984407
2026-09-04T23:16:36.811991+09:00,김포공항,김포공항,POI061,KEY_1,1150109000,김포공항내부도로,1150230600,방화동 886,126.8024348662543304_37.5662398015641941,1150040400,김포국제공항국제선행사전용주차,126.8027894261290527_37.5665213396097499,44.0,33.0,원활,126.8027894261290527_37.5665213396097499|126.8024348662543304_37.5662398015641941
2026-09-04T23:16:36.811991+09:00,김포공항,김포공항,POI061,KEY_1,1150109100,김포공항내부도로,1150041000,방화동 886,126.8045183377906397_37.5669683926712068,1150040200,고가차도,126.8034852971276649_37.5656196609774327,230.0,33.7,원활,126.8034852971276649_37.5656196609774327|126.8038598120078717_37.5656171005556203|126.8040245791983551_37.5656180715457495|126.8041980462812290_37.5656500969040295|126.8043592631563854_37.5657106668445309|126.8045051467313868_37.5658093034294893|126.8045999917029718_37.5659195628959566|126.8046735124137001_37.5660678531299581|126.8046871384255923_37.5662134061310837|126.8046429140189559_37.5664587801131731|126.8045621762904034_37.5667890603198273|126.8045183377906397_37.5669683926712068
2026-09-04T23:16:36.811991+09:00,김포공항,김포공항,POI061,KEY_1,1150109200,김포공항내부도로,1150041000,방화동 886,126.8045183377906397_37.5669683926712068,1150039400,에어포트빌딩,126.8054199980519314_37.5653693282458718,195.0,33.0,원활,126.8054199980519314_37.5653693282458718|126.8052708856440205_37.5656182579022513|126.8051516363182998_37.5658774998792708|126.8050359139828487_37.5660795262780098|126.8048750313832045_37.5663051353414588|126.8047956777825931_37.5664620646431686|126.8046114786252758_37.5667983501891527|126.8045183377906397_37.5669683926712068
2026-09-04T23:16:36.811991+09:00,김포공항,김포공항,POI061,KEY_1,1150109300,김포공항내부도로,1150040100,김포국제공항국제선행사전용주차,126.8028803555274493_37.5664085986469658,1150040200,고가차도,126.8034852971276649_37.5656196609774327,284.0,37.0,원활,126.8034852971276649_37.5656196609774327|126.8037092911531829_37.5656949107724856|126.8039213478413529_37.5657653208962614|126.8040856049847491_37.5658211399076123|126.8041899467209817_37.5658766052520434|126.8043000587682911_37.5659559519230015|126.8043650346164810_37.5660564961891268|126.8043969909406741_37.5661640008600628|126.8043960589709513_37.5662641565827897|126.8043682760401367_37.5663522305254460|126.8043044108686530_37.5664544010831989|126.8042197297529015_37.5665397542608659|126.8041171845886481_37.5666130782922849|126.8040118652004651_37.5666625383911637|126.8038617424439281_37.5666974251657493|126.8036968833293230_37.5667059926222748|126.8035562582793006_37.5666860845983379|126.8033055432747886_37.5665844440246985|126.8028803555274493_37.5664085986469658
2026-09-04T23:16:36.811991+09:00,김포공항,김포공항,POI061,KEY_1,1150109400,김포공항내부도로,1150040400,김포국제공항국제선행사전용주차,126.8027894261290527_37.5665213396097499,1150040200,고가차도,126.8034852971276649_37.5656196609774327,325.0,33.7,원활,126.8034852971276649_37.5656196609774327|126.8038472962753502_37.5656742613916776|126.8041074633345033_37.5657258761666881|126.8042626881742905_37.5657864110680890|126.8043907080456449_37.5658730187277072|126.8044736150714442_37.5659784381928930|126.8045263198669659_37.5661099121142357|126.8045371714244425_37.5662316012986750|126.8044998914784856_37.5663744697547912|126.8044178744128061_37.5664956104879550|126.8042728343056496_37.5666283046634888|126.8041613460849533_37.5666968070994187|126.8040018571548018_37.5667721800218857|126.8038667356538127_37.5668047707435235|126.8037077789608134_37.5668229120773987|126.8035849511758926_37.5668221870188859|126.8034592599620964_37.5668071366586176|126.8032978191564979_37.5667704126488431|126.8031277685627884_37.5666930950689633|126.8027894261290527_37.5665213396097499
2026-09-04T23:16:36.811991+09:00,김포공항,김포공항,POI061,KEY_1,1150109500,김포공항내부도로,1150040100,김포국제공항국제선행사전용주차,126.8028803555274493_37.5664085986469658,1150039400,에어포트빌딩,126.8054199980519314_37.5653693282458718,376.0,38.7,원활,126.8054199980519314_37.5653693282458718|126.8052475454865942_37.5658732946121603|126.8051706796212983_37.5660850889471618|126.8051128520501720_37.5661825252739732|126.8049609786541794_37.5664058022311735|126.8048907678706740_37.5665460918130734|126.8048112374909948_37.5667220993863751|126.8047558940367168_37.5668744002905513|126.8046892767711427_37.5669503214266172|126.8046318243050052_37.5670072178743411|126.8045536219927527_37.5670401450249045|126.8044245134226315_37.5670703866327500|126.8043016178312996_37.5670768170044340|126.8041549555153011_37.5670616434222921|126.8040113335603252_37.5670417183552701|126.8038648492974687_37.5670074679516688|126.8037573763743211_37.5669662923032561|126.8036590024200621_37.5669132466707012|126.8033524544107848_37.5666944209830262|126.8028803555274493_37.5664085986469658
2026-09-04T23:16:36.811991+09:00,김포공항,김포공항,POI061,KEY_1,1150109600,동양로,1150042000,방화동886,126.8043496290626138_37.5690016313593063,1150039400,에어포트빌딩,126.8054199980519314_37.5653693282458718,415.0,53.0,원활,126.8054199980519314_37.5653693282458718|126.8053899634556529_37.5657000420245950|126.8052719382406082_37.5661500744627759|126.8050369470159779_37.5669356746776870|126.8046700032554241_37.5680567539646901|126.8044016010786521_37.5688898518380725|126.8043496290626138_37.5690016313593063
2026-09-04T23:16:36.811991+09:00,김포공항,김포공항,POI061,KEY_1,1150109700,김포공항내부도로,1150040400,김포국제공항국제선행사전용주차,126.8027894261290527_37.5665213396097499,1150039400,에어포트빌딩,126.8054199980519314_37.5653693282458718,415.0,44.0,원활,126.8054199980519314_37.5653693282458718|126.8052245812453407_37.5660877907704887|126.8050520545537978_37.5665995070195393|126.8049656904614864_37.5668660966114416|126.8048926608036169_37.5669872912542075|126.8047806848064170_37.5671082565730927|126.8046781173340491_37.5671839659799573|126.8045727754340533_37.5672358105680573|126.8044646150375883_37.5672685610235249|126.8043295358767608_37.5672963824766839|126.8041916836448735_37.5673003399413261|126.8040330596514451_37.5672827109800309|126.8039045051699674_37.5672533359350851|126.8037553117633252_37.5671880659636201|126.8036153745131003_37.5670942334573823|126.8034964512136469_37.5669957550961513|126.8033357432111643_37.5668803367947532|126.8031125447181466_37.5667192381668187|126.8027894261290527_37.5665213396097499
2026-09-04T23:16:36.811991+09:00,김포공항,김포공항,POI061,KEY_1,1150109800,김포공항내부도로,1150040100,김포국제공항국제선행사전용주차,126.8028803555274493_37.5664085986469658,1150042800,방화동886,126.8042907955019558_37.5687117795039498,314.0,33.3,원활,126.8042907955019558_37.5687117795039498|126.8044447834326718_37.5682788825722866|126.8044868755081893_37.5681341354681422|126.8045023381572065_37.5680178481092497|126.8044953256624297_37.5679235276140986|126.8044776550525796_37.5678101460486644|126.8044115504804950_37.5676696490093036|126.8043376251230825_37.5675648787147196|126.8028803555274493_37.5664085986469658
2026-09-04T23:16:36.811991+09:00,김포공항,김포공항,POI061,KEY_1,1150109900,김포공항내부도로,1150040400,김포국제공항국제선행사전용주차,126.8027894261290527_37.5665213396097499,1150042800,방화동886,126.8042907955019558_37.5687117795039498,295.0,45.0,원활,126.8042907955019558_37.5687117795039498|126.8043428985787244_37.5682058242231278|126.8043258377389151_37.5680268638760850|126.8042788189286512_37.5678477268196147|126.8041865573810441_37.5677011144876261|126.8039896345038642_37.5675330180398959|126.8030307240473888_37.5667493201426410|126.8027894261290527_37.5665213396097499
2026-09-04T23:16:36.811991+09:00,김포공항,김포공항,POI061,KEY_1,1150110000,김포공항내부도로,1150006403,김포공항,126.8050471612343841_37.5677507825846604,1150041000,방화동 886,126.8045183377906397_37.5669683926712068,111.0,19.0,서행,126.8045183377906397_37.5669683926712068|126.8044868277380175_37.5671351434086915|126.8044947727027676_37.5672472754189357|126.8045177634208045_37.5673523415138533|126.8045557557905738_37.5674551123775871|126.8046357569593994_37.5675509754502670|126.8047189542533459_37.5676253937799203|126.8048084750304980_37.5676640782547082|126.8049390968690489_37.5677205900781033|126.8050471612343841_37.5677507825846604
2026-09-04T23:16:36.811991+09:00,김포공항,김포공항,POI061,KEY_1,1150110100,김포공항내부도로,1150042000,방화동886,126.8043496290626138_37.5690016313593063,1150041000,방화동 886,126.8045183377906397_37.5669683926712068,232.0,36.0,원활,126.8045183377906397_37.5669683926712068|126.8044296852477970_37.5671586539184261|126.8044137517465373_37.5672611066355557|126.8044306408279454_37.5673780611712615|126.8044567380267864_37.5674712221760458|126.8045036514052697_37.5675811995677122|126.8045505649234315_37.5676911760380960|126.8045929307459403_37.5678123353112312|126.8046013294623862_37.5679402102264959|126.8045806666986550_37.5681003466947629|126.8045362341527635_37.5682658281448383|126.8044189538831716_37.5686347811846346|126.8043496290626138_37.5690016313593063
2026-09-04T23:16:36.811991+09:00,김포공항,김포공항,POI061,KEY_1,1150110200,김포공항진출입도로,1150042800,방화동886,126.8042907955019558_37.5687117795039498,1150036202,방화동 886,126.8039740863463436_37.5697527827448567,119.0,17.0,서행,126.8039740863463436_37.5697527827448567|126.8039933986746490_37.5696818307411888|126.8042907955019558_37.5687117795039498
2026-09-04T23:16:36.811991+09:00,김포공항,김포공항,POI061,KEY_1,1150110300,김포공항진출입도로,1150036201,방화동 886,126.8041058714845235_37.5697760280389303,1150042000,방화동886,126.8043496290626138_37.5690016313593063,89.0,48.0,원활,126.8043496290626138_37.5690016313593063|126.8041120461763427_37.5697543702871357|126.8041058714845235_37.5697760280389303
2026-09-04T23:16:36.811991+09:00,남대문시장,남대문시장,POI115,KEY_2,1010002301,소월로,1010155400,최소노드배치점,126.9760533414636114_37.5582497344554369,1010013803,숭례문앞교차로,126.9755809845113532_37.5605189064983307,262.0,25.0,원활,126.9755809845113532_37.5605189064983307|126.9757337889885065_37.5603525891795087|126.9757984686316661_37.5601874326070444|126.9757969708594061_37.5599997077910714|126.9757198667068110_37.5593373627741514|126.9757048763582503_37.5591937029204388|126.9757309859065373_37.5590497713064551|126.9757785893644524_37.5588840435687814|126.9759074328705282_37.5585745471584289|126.9759297486065890_37.5585209420058632|126.9759522152383795_37.5584716422248093|126.9760533414636114_37.5582497344554369
2026-09-04T23:16:36.811991+09:00,남대문시장,남대문시장,POI115,KEY_2,1010002402,소월로,1010013802,숭례문앞교차로,126.9757600351255320_37.5605071695408910,1010011100,숭례문,126.9758644071737450_37.5590694809368770,164.0,13.0,정체,126.9758644071737450_37.5590694809368770|126.9758414948468044_37.5591969276911115|126.9758551619603253_37.5593278985156402|126.9759327469906509_37.5599943665054212|126.9759344158917429_37.5602035603088922|126.9758567349293656_37.5604019178341417|126.9757600351255320_37.5605071695408910
2026-09-04T23:16:36.811991+09:00,남대문시장,남대문시장,POI115,KEY_2,1010002504,퇴계로,1010011701,회현역7번출구,126.9801048978132769_37.5596035774933412,1010014100,신세계백화점(본점신관),126.9813345597681007_37.5600996831039851,122.0,19.0,서행,126.9813345597681007_37.5600996831039851|126.9811756372389482_37.5600198160300565|126.9804229490495260_37.5597117743107418|126.9801048978132769_37.5596035774933412
2026-09-04T23:16:36.811991+09:00,남대문시장,남대문시장,POI115,KEY_2,1010002505,퇴계로,1010014100,신세계백화점(본점신관),126.9813345597681007_37.5600996831039851,1010014904,회현사거리,126.9819470670801422_37.5604226300890645,65.0,33.0,원활,126.9819470670801422_37.5604226300890645|126.9814522832707127_37.5601588457968916|126.9813345597681007_37.5600996831039851
2026-09-04T23:16:36.811991+09:00,남대문시장,남대문시장,POI115,KEY_2,1010002508,퇴계로,1010038200,회현동1가 194-69,126.9793517057243974_37.5593685443415026,1010011702,회현역7번출구,126.9799749525828076_37.5595619956135778,59.0,32.0,원활,126.9799749525828076_37.5595619956135778|126.9797655565294434_37.5594985542619710|126.9793517057243974_37.5593685443415026
2026-09-04T23:16:36.811991+09:00,남대문시장,남대문시장,POI115,KEY_2,1010002603,퇴계로,1010014903,회현사거리,126.9820015801727067_37.5603215668065360,1010013600,우리은행은행사박물관,126.9814070609472481_37.5600082577712442,63.0,16.0,서행,126.9814070609472481_37.5600082577712442|126.9815263347418437_37.5600681990967189|126.9820015801727067_37.5603215668065360
2026-09-04T23:16:36.811991+09:00,남대문시장,남대문시장,POI115,KEY_2,1010002703,소공로,1010012500,회현동2가73,126.9822136040558433_37.5599025256994565,1010014903,회현사거리,126.9820015801727067_37.5603215668065360,50.0,23.0,서행,126.9820015801727067_37.5603215668065360|126.9821708623236134_37.5599944542781472|126.9822136040558433_37.5599025256994565
2026-09-04T23:16:36.811991+09:00,남대문시장,남대문시장,POI115,KEY_2,1010002803,소공로,1010014902,회현사거리,126.9821173466426387_37.5603817102966602,1010012900,금산갤러리,126.9823409760007848_37.5599400560248142,53.0,14.0,정체,126.9823409760007848_37.5599400560248142|126.9822973783252849_37.5600338243564380|126.9821173466426387_37.5603817102966602
2026-09-04T23:16:36.811991+09:00,남대문시장,남대문시장,POI115,KEY_2,1010004501,퇴계로,1010014901,회현사거리,126.9820623967078177_37.5604819136935362,1010015600,중국관광청,126.9827116249739731_37.5606706950213010,62.0,13.0,정체,126.9827116249739731_37.5606706950213010|126.9825668114146993_37.5606529961696793|126.9823364708074251_37.5606043117085662|126.9821925519696464_37.5605470002049984|126.9820623967078177_37.5604819136935362
2026-09-04T23:16:36.811991+09:00,남대문시장,남대문시장,POI115,KEY_2,1010004601,퇴계로,1010015100,스테이트타워남산,126.9827322350448071_37.5605638271977540,1010014902,회현사거리,126.9821173466426387_37.5603817102966602,59.0,23.0,서행,126.9821173466426387_37.5603817102966602|126.9822592119591746_37.5604526524429048|126.9823847812171778_37.5605026567482270|126.9825946231940890_37.5605470088059334|126.9827322350448071_37.5605638271977540
2026-09-04T23:16:36.811991+09:00,남대문시장,남대문시장,POI115,KEY_2,1010004901,소공로,1010014904,회현사거리,126.9819470670801422_37.5604226300890645,1010016100,신세계백화점(본점),126.9816686271532404_37.5609097208093701,59.0,18.0,서행,126.9816686271532404_37.5609097208093701|126.9819470670801422_37.5604226300890645
2026-09-04T23:16:36.811991+09:00,남대문시장,남대문시장,POI115,KEY_2,1010004903,소공로,1010016100,신세계백화점(본점),126.9816686271532404_37.5609097208093701,1010017902,한국은행앞교차로,126.9812102323787997_37.5618212267858951,109.0,27.0,원활,126.9812102323787997_37.5618212267858951|126.9814215875591117_37.5613304278622451|126.9815191090982296_37.5611692719051433|126.9815779997364160_37.5610682604307513|126.9816686271532404_37.5609097208093701
2026-09-04T23:16:36.811991+09:00,남대문시장,남대문시장,POI115,KEY_2,1010005001,소공로,1010016400,포스트타워,126.9817922479335550_37.5609545032611152,1010014901,회현사거리,126.9820623967078177_37.5604819136935362,58.0,10.0,정체,126.9820623967078177_37.5604819136935362|126.9817922479335550_37.5609545032611152
2026-09-04T23:16:36.811991+09:00,남대문시장,남대문시장,POI115,KEY_2,1010005002,소공로,1010016902,한국은행앞,126.9817016201550075_37.5611130425819510,1010016400,포스트타워,126.9817922479335550_37.5609545032611152,19.0,17.0,서행,126.9817922479335550_37.5609545032611152|126.9817016201550075_37.5611130425819510
2026-09-04T23:16:36.811991+09:00,남대문시장,남대문시장,POI115,KEY_2,1010005003,소공로,1010017901,한국은행앞교차로,126.9813201261830500_37.5618994475613093,1010016901,한국은행앞,126.9816414699309064_37.5612161949658940,81.0,6.0,정체,126.9816414699309064_37.5612161949658940|126.9815474496638501_37.5613715645860893|126.9813201261830500_37.5618994475613093
2026-09-04T23:16:36.811991+09:00,남대문시장,남대문시장,POI115,KEY_2,1010005102,남대문로,1010123700,남대문로3가 110-4,126.9802395481067094_37.5615376279630198,1010017903,한국은행앞교차로,126.9811556456876929_37.5619216279188848,92.0,19.5,서행,126.9811556456876929_37.5619216279188848|126.9809804652948202_37.5618338688153770|126.9804945418923836_37.5616270684645031|126.9802395481067094_37.5615376279630198
2026-09-04T23:16:36.811991+09:00,남대문시장,남대문시장,POI115,KEY_2,1010005201,남대문로,1010014800,숭례문,126.9764883666133954_37.5605318420117769,1010013802,숭례문앞교차로,126.9757600351255320_37.5605071695408910,65.0,9.0,정체,126.9757600351255320_37.5605071695408910|126.9759033237710781_37.5604891294319145|126.9761889274862341_37.5604766950548168|126.9764883666133954_37.5605318420117769
2026-09-04T23:16:36.811991+09:00,남대문시장,남대문시장,POI115,KEY_2,1010005202,남대문로,1010105800,남대문로4가 24-1,126.9773600444245005_37.5608297698874694,1010014800,숭례문,126.9764883666133954_37.5605318420117769,84.0,19.7,서행,126.9764883666133954_37.5605318420117769|126.9773600444245005_37.5608297698874694
2026-09-04T23:16:36.811991+09:00,남대문시장,남대문시장,POI115,KEY_2,1010026800,남대문로,1010014800,숭례문,126.9764883666133954_37.5605318420117769,1010011100,숭례문,126.9758644071737450_37.5590694809368770,185.0,20.0,서행,126.9758644071737450_37.5590694809368770|126.9758795592592975_37.5591125336731508|126.9758641531054906_37.5591939851637946|126.9759578405099205_37.5599862959824407|126.9759704486266543_37.5601312860724406|126.9760507361714588_37.5602633560949499|126.9761537145355277_37.5603739896225477|126.9763022172343057_37.5604655608040190|126.9764279735615418_37.5605091608890334|126.9764883666133954_37.5605318420117769
2026-09-04T23:16:36.811991+09:00,남대문시장,남대문시장,POI115,KEY_2,1010027000,소공로,1010012500,회현동2가73,126.9822136040558433_37.5599025256994565,1010013600,우리은행은행사박물관,126.9814070609472481_37.5600082577712442,77.0,23.0,서행,126.9814070609472481_37.5600082577712442|126.9817283323599497_37.5600723147489930|126.9817987065068365_37.5600687495620491|126.9818795629010708_37.5600532666540161|126.9819694078222909_37.5600199056804485|126.9822136040558433_37.5599025256994565
2026-09-04T23:16:36.811991+09:00,남대문시장,남대문시장,POI115,KEY_2,1010028000,퇴계로,1010014100,신세계백화점(본점신관),126.9813345597681007_37.5600996831039851,1010015401,충무로1가52-4,126.9817851871179641_37.5605865324912713,69.0,29.0,원활,126.9817851871179641_37.5605865324912713|126.9817851041901093_37.5605860521239734|126.9817447014208653_37.5604906906837641|126.9817012987769544_37.5604120152254382|126.9816174759299514_37.5603059188314958|126.9813345597681007_37.5600996831039851
2026-09-04T23:16:36.811991+09:00,남대문시장,남대문시장,POI115,KEY_2,1010029201,남대문시장10길,1010036301,충무로1가52-9,126.9802096866011425_37.5606718594319489,1010011701,회현역7번출구,126.9801048978132769_37.5596035774933412,119.0,23.0,서행,126.9801048978132769_37.5596035774933412|126.9800866593272559_37.5597021179481985|126.9800889154790298_37.5598874597116179|126.9802096866011425_37.5606718594319489
2026-09-04T23:16:36.811991+09:00,남대문시장,남대문시장,POI115,KEY_2,1010029202,남대문시장길,1010015401,충무로1가52-4,126.9817851871179641_37.5605865324912713,1010036301,충무로1가52-9,126.9802096866011425_37.5606718594319489,140.0,11.5,정체,126.9802096866011425_37.5606718594319489|126.9802497030729995_37.5606741822428134|126.9807707845876763_37.5606494140121825|126.9816883147786086_37.5606057960128439|126.9817851871179641_37.5605865324912713
2026-09-04T23:16:36.811991+09:00,남대문시장,남대문시장,POI115,KEY_2,1010029900,소공로,1010016400,포스트타워,126.9817922479335550_37.5609545032611152,1010015600,중국관광청,126.9827116249739731_37.5606706950213010,91.0,13.0,정체,126.9827116249739731_37.5606706950213010|126.9823825034924312_37.5606779228201688|126.9822612178897288_37.5606993600976651|126.9821728710918194_37.5607267614215701|126.9820875153085780_37.5607648904012166|126.9817922479335550_37.5609545032611152
2026-09-04T23:16:36.811991+09:00,남대문시장,남대문시장,POI115,KEY_2,1010030001,남대문시장10길,1010011702,회현역7번출구,126.9799749525828076_37.5595619956135778,1010036302,충무로1가52-9,126.9800884608386724_37.5607732287643117,135.0,6.0,정체,126.9800884608386724_37.5607732287643117|126.9799531801049426_37.5598945825498376|126.9799507471012276_37.5596946869498254|126.9799749525828076_37.5595619956135778
2026-09-04T23:16:36.811991+09:00,남대문시장,남대문시장,POI115,KEY_2,1010030100,소공로,1010015402,충무로1가52-4,126.9817657794933154_37.5607018336872827,1010016100,신세계백화점(본점),126.9816686271532404_37.5609097208093701,25.0,34.0,원활,126.9816686271532404_37.5609097208093701|126.9817657794933154_37.5607018336872827
2026-09-04T23:16:36.811991+09:00,남대문시장,남대문시장,POI115,KEY_2,1010032100,명동8나길,1010016901,한국은행앞,126.9816414699309064_37.5612161949658940,1010017704,LG패션,126.9866156676616384_37.5618497971722718,446.0,5.0,정체,126.9866156676616384_37.5618497971722718|126.9864059219120378_37.5618442687355554|126.9861439853324043_37.5618224161464553|126.9858850471473204_37.5617884341175383|126.9849862833789587_37.5616166058945993|126.9832174106051212_37.5613666087159430|126.9816414699309064_37.5612161949658940
2026-09-04T23:16:36.811991+09:00,노량진,노량진,POI063,KEY_3,1190004503,장승배기로,1190152600,노량진동 49-1,126.9401167823962169_37.5121780072331958,1190021003,노량진삼거리,126.9401273601333457_37.5134896778213545,146.0,21.0,서행,126.9401273601333457_37.5134896778213545|126.9401211502656963_37.5127196410551917|126.9401192691902907_37.5124863808360871|126.9401167823962169_37.5121780072331958
2026-09-04T23:16:36.811991+09:00,노량진,노량진,POI063,KEY_3,1190004900,만양로,1190166100,노량진동 118-14,126.9442141544357412_37.5118605513789589,1190002603,노량진동 113-1,126.9442112295573821_37.5137418468286512,209.0,16.0,서행,126.9442112295573821_37.5137418468286512|126.9442007157676358_37.5133170529862738|126.9442010082990748_37.5132853486690649|126.9442075422818306_37.5125771934533816|126.9442141544357412_37.5118605513789589
2026-09-04T23:16:36.811991+09:00,노량진,노량진,POI063,KEY_3,1190005000,만양로,1190149500,노량진동 118-14,126.9445072828588934_37.5112337554396333,1190002101,노량진삼익아파트,126.9447316692998697_37.5107279071619644,60.0,13.0,정체,126.9447316692998697_37.5107279071619644|126.9445279473944197_37.5111733767808033|126.9445072828588934_37.5112337554396333
2026-09-04T23:16:36.811991+09:00,노량진,노량진,POI063,KEY_3,1190005101,노량진로,1190020703,수산시장입구교차로,126.9466367290000477_37.5134096602374356,1190002602,노량진동 113-6,126.9443471153927447_37.5137469511950457,207.0,37.0,원활,126.9443471153927447_37.5137469511950457|126.9447018533880680_37.5137501237495457|126.9449800137784337_37.5137432195083349|126.9452206941408434_37.5137189330884127|126.9453360318755699_37.5136987454881279|126.9454805879769310_37.5136734436133423|126.9460307202107430_37.5135490198353878|126.9466367290000477_37.5134096602374356
2026-09-04T23:16:36.811991+09:00,노량진,노량진,POI063,KEY_3,1190005102,노량진로,1190111500,노량진동 148-80,126.9471465220967872_37.5132972498454933,1190020702,수산시장입구교차로,126.9467856169075617_37.5133759098446546,33.0,21.0,서행,126.9467856169075617_37.5133759098446546|126.9471465220967872_37.5132972498454933
2026-09-04T23:16:36.811991+09:00,노량진,노량진,POI063,KEY_3,1190005201,노량진로,1190113600,노량진동 150-2,126.9453651613680023_37.5138043462520159,1190020704,수산시장입구교차로,126.9466743766019192_37.5135135387472616,120.0,15.0,서행,126.9466743766019192_37.5135135387472616|126.9460680803163228_37.5136529641003662|126.9455137197508776_37.5137783438666617|126.9453651613680023_37.5138043462520159
2026-09-04T23:16:36.811991+09:00,노량진,노량진,POI063,KEY_3,1190005202,노량진로,1190117200,본동 365,126.9512041597025416_37.5127679663408102,1190019404,노량진배수지앞교차로,126.9521514565343949_37.5127483356353082,84.0,36.0,원활,126.9521514565343949_37.5127483356353082|126.9515041450622306_37.5127617506074742|126.9512041597025416_37.5127679663408102
2026-09-04T23:16:36.811991+09:00,노량진,노량진,POI063,KEY_3,1190005302,노량진로23길,1190019404,노량진배수지앞교차로,126.9521514565343949_37.5127483356353082,1190021702,강변유원아파트앞교차로,126.9517878200399252_37.5144323341285642,190.0,9.0,정체,126.9517878200399252_37.5144323341285642|126.9521402590242047_37.5130263085339948|126.9521514565343949_37.5127483356353082
2026-09-04T23:16:36.811991+09:00,노량진,노량진,POI063,KEY_3,1190005402,노량진로23길,1190021701,강변유원아파트앞교차로,126.9519265942660269_37.5144356577308216,1190019401,노량진배수지앞교차로,126.9522873805224066_37.5127452624808910,191.0,26.0,원활,126.9522873805224066_37.5127452624808910|126.9522755603509978_37.5130387016279059|126.9519265942660269_37.5144356577308216
2026-09-04T23:16:36.811991+09:00,노량진,노량진,POI063,KEY_3,1190005403,노량진로23길,1190021702,강변유원아파트앞교차로,126.9517878200399252_37.5144323341285642,1190002800,래미안트윈파크어린이집,126.9513254038714081_37.5151339939864243,90.0,33.0,원활,126.9513254038714081_37.5151339939864243|126.9515276227898823_37.5149837680980554|126.9516261546233409_37.5148351491784879|126.9516943568016671_37.5147120387054969|126.9517717030701789_37.5145057377369682|126.9517878200399252_37.5144323341285642
2026-09-04T23:16:36.811991+09:00,노량진,노량진,POI063,KEY_3,1190005901,노량진로,1190002301,동작전화국입구교차로,126.9319314618299188_37.5132681113596362,1190020504,노량진전화국,126.9367010324218938_37.5133867368247493,422.0,25.3,원활,126.9367010324218938_37.5133867368247493|126.9349496085363853_37.5132700252727744|126.9346845661618062_37.5132523610597346|126.9343824864800325_37.5132486544900985|126.9319314618299188_37.5132681113596362
2026-09-04T23:16:36.811991+09:00,노량진,노량진,POI063,KEY_3,1190005902,노량진로,1190020501,노량진전화국,126.9368725067964618_37.5133974948874851,1190021004,노량진삼거리,126.9401168906885289_37.5135974767245486,288.0,35.0,원활,126.9401168906885289_37.5135974767245486|126.9384099054870916_37.5134922704434572|126.9376728241927026_37.5134468343409324|126.9372728687352492_37.5134221778299022|126.9368725067964618_37.5133974948874851
2026-09-04T23:16:36.811991+09:00,노량진,노량진,POI063,KEY_3,1190006002,노량진로,1190156700,노량진동 40-12,126.9372833421547142_37.5133143799160251,1190020502,노량진전화국,126.9367832042905064_37.5132835455482123,44.0,29.0,원활,126.9367832042905064_37.5132835455482123|126.9372833421547142_37.5133143799160251
2026-09-04T23:16:36.811991+09:00,노량진,노량진,POI063,KEY_3,1190006300,노량진로,1190021001,노량진삼거리,126.9402528271981794_37.5136058036791340,1190002604,노량진동 149-1,126.9442005819552293_37.5138496342654904,350.0,20.0,서행,126.9442005819552293_37.5138496342654904|126.9436735713390760_37.5138165998370070|126.9425225287408949_37.5137444411450716|126.9422059483943457_37.5137245927783880|126.9419852419011647_37.5137111710165669|126.9414974384053210_37.5136815048798908|126.9413599099681420_37.5136731406162056|126.9402528271981794_37.5136058036791340
2026-09-04T23:16:36.811991+09:00,노량진,노량진,POI063,KEY_3,1190006402,노량진로,1190165400,노량진동 60-11,126.9413702431442630_37.5135653340007238,1190021002,노량진삼거리,126.9402631619478825_37.5134979974577192,98.0,18.3,서행,126.9402631619478825_37.5134979974577192|126.9413702431442630_37.5135653340007238
2026-09-04T23:16:36.811991+09:00,노량진,노량진,POI063,KEY_3,1190006503,노들로,1190002503,한강대교남단교차로,126.9559485654462350_37.5135692375558918,1190021402,노량진북고가차도(남측),126.9535701647488253_37.5144666186535645,234.0,32.0,원활,126.9535701647488253_37.5144666186535645|126.9538055503909391_37.5143453656792119|126.9550106567837133_37.5140170958698604|126.9551952040804679_37.5139503610819247|126.9553662466185671_37.5138687011783389|126.9559485654462350_37.5135692375558918
2026-09-04T23:16:36.811991+09:00,노량진,노량진,POI063,KEY_3,1190035600,매봉로,1190112400,본동 163-2,126.9520505492110658_37.5124639722260156,1190019403,노량진배수지앞교차로,126.9521271874186397_37.5126406813780520,21.0,22.0,서행,126.9521271874186397_37.5126406813780520|126.9520505492110658_37.5124639722260156
2026-09-04T23:16:36.811991+09:00,노량진,노량진,POI063,KEY_3,1190037400,등용로14길,1190147800,노량진동 261-16,126.9360131508652358_37.5128578520058724,1190020503,노량진전화국,126.9366130923878160_37.5132723793395044,71.0,17.5,서행,126.9366130923878160_37.5132723793395044|126.9365424170735963_37.5131804726463116|126.9360131508652358_37.5128578520058724
2026-09-04T23:16:36.811991+09:00,노량진,노량진,POI063,KEY_3,1190038200,노량진로,1190002203,상도터널입구삼거리,126.9541890386700089_37.5126031402648223,1190019402,노량진배수지앞교차로,126.9522694244192564_37.5126375342248082,170.0,14.0,정체,126.9522694244192564_37.5126375342248082|126.9540738186661173_37.5125928966997364|126.9541890386700089_37.5126031402648223
2026-09-04T23:16:36.811991+09:00,노량진,노량진,POI063,KEY_3,1190038300,노량진로,1190019401,노량진배수지앞교차로,126.9522873805224066_37.5127452624808910,1190002204,상도터널입구삼거리,126.9542714927660967_37.5127192624925598,176.0,21.0,서행,126.9542714927660967_37.5127192624925598|126.9540683705858299_37.5127012042861523|126.9522873805224066_37.5127452624808910
2026-09-04T23:16:36.811991+09:00,노량진,노량진,POI063,KEY_3,1190040700,노량진로17길,1190023001,여의상류IC,126.9431116863680842_37.5161708855538407,1190020701,수산시장입구교차로,126.9468214378170643_37.5134801972138732,493.0,24.0,서행,126.9468214378170643_37.5134801972138732|126.9466448548326269_37.5141699643926856|126.9465643597165752_37.5142980228204763|126.9464218282206502_37.5144168285898871|126.9462405404805025_37.5144778270687311|126.9460835780338783_37.5144777555249433|126.9453210615172054_37.5143777449688898|126.9452338575720916_37.5143850162141206|126.9451348889409985_37.5144401324414005|126.9434906876151103_37.5159004906293632|126.9432089104320056_37.5161015222505938|126.9431116863680842_37.5161708855538407
2026-09-04T23:16:36.811991+09:00,노량진,노량진,POI063,KEY_3,1190040900,노들로,1190021800,본동 258-49,126.9522431443229635_37.5148369634925771,1190021701,강변유원아파트앞교차로,126.9519265942660269_37.5144356577308216,60.0,18.0,서행,126.9519265942660269_37.5144356577308216|126.9519056314746734_37.5145429569509261|126.9519136872829819_37.5146399127459347|126.9519623531568016_37.5147094143572275|126.9520672177055758_37.5147752779884840|126.9521798364511511_37.5148124882405014|126.9522431443229635_37.5148369634925771
2026-09-04T23:16:36.811991+09:00,덕수궁길·정동길,덕수궁길·정동길,POI064,KEY_4,1000003501,통일로,1010027003,서대문역사거리,126.9665598949685972_37.5658773201177496,1120008500,서대문역,126.9660434778780029_37.5662892627082314,65.0,3.0,정체,126.9660434778780029_37.5662892627082314|126.9660644805756817_37.5662660599925218|126.9662705451212759_37.5660693694562298|126.9664350799789361_37.5659422317544767|126.9665598949685972_37.5658773201177496
2026-09-04T23:16:36.811991+09:00,덕수궁길·정동길,덕수궁길·정동길,POI064,KEY_4,1000003601,통일로,1120008600,서대문역,126.9661536779906470_37.5663524685838368,1010027004,서대문역사거리,126.9666386902470094_37.5659654915417676,61.0,28.0,원활,126.9666386902470094_37.5659654915417676|126.9665203108583569_37.5660270558958160|126.9663702817105673_37.5661429858535953|126.9661718721607571_37.5663323698760294|126.9661536779906470_37.5663524685838368
2026-09-04T23:16:36.811991+09:00,덕수궁길·정동길,덕수궁길·정동길,POI064,KEY_4,1000006401,송월길,1000006901,강북삼성병원뒤,126.9678155847015262_37.5692462622143637,1010032809,정동사거리,126.9691333679310219_37.5683815810654309,163.0,24.5,서행,126.9691333679310219_37.5683815810654309|126.9688551437995585_37.5683808671272601|126.9687865289426298_37.5683825554918585|126.9687053439467377_37.5683979184998549|126.9686414665824401_37.5684337846019289|126.9685779416765854_37.5684927369736954|126.9685223607223037_37.5685604321071480|126.9682968100973284_37.5688351412147554|126.9681174074262486_37.5690536427198865|126.9679795032923550_37.5691778229461093|126.9678501620556546_37.5692356875673852|126.9678155847015262_37.5692462622143637
2026-09-04T23:16:36.811991+09:00,덕수궁길·정동길,덕수궁길·정동길,POI064,KEY_4,1000022100,새문안로,1120008600,서대문역,126.9661536779906470_37.5663524685838368,1010028700,서대문역4번출구,126.9670324901914711_37.5663666430491148,80.0,9.0,정체,126.9670324901914711_37.5663666430491148|126.9668820265256244_37.5663086732054694|126.9667454719701425_37.5662886101858149|126.9666125029624908_37.5662871418756055|126.9664364041787792_37.5662956739300782|126.9661536779906470_37.5663524685838368
2026-09-04T23:16:36.811991+09:00,덕수궁길·정동길,덕수궁길·정동길,POI064,KEY_4,1000022401,새문안로,1010032804,서울역사박물관,126.9707197881594425_37.5693628093792142,1010032806,정동사거리,126.9692709523976930_37.5683376169548211,171.0,35.0,원활,126.9692709523976930_37.5683376169548211|126.9694171583184641_37.5684519908853858|126.9701987888334713_37.5690024896529167|126.9705789078106477_37.5692702008800268|126.9707197881594425_37.5693628093792142
2026-09-04T23:16:36.811991+09:00,덕수궁길·정동길,덕수궁길·정동길,POI064,KEY_4,1010000101,새문안로,1010027004,서대문역사거리,126.9666386902470094_37.5659654915417676,1010028700,서대문역4번출구,126.9670324901914711_37.5663666430491148,57.0,14.0,정체,126.9670324901914711_37.5663666430491148|126.9668835823451474_37.5662204039694956|126.9666386902470094_37.5659654915417676
2026-09-04T23:16:36.811991+09:00,덕수궁길·정동길,덕수궁길·정동길,POI064,KEY_4,1010000102,새문안로,1010028700,서대문역4번출구,126.9670324901914711_37.5663666430491148,1010029003,서울적십자병원,126.9671546864980343_37.5664866489618561,17.0,12.0,정체,126.9671546864980343_37.5664866489618561|126.9670324901914711_37.5663666430491148
2026-09-04T23:16:36.811991+09:00,덕수궁길·정동길,덕수궁길·정동길,POI064,KEY_4,1010000103,새문안로,1010029004,서울적십자병원,126.9672365893395067_37.5665683518858913,1010031502,서대문고가차도(북측),126.9682797509603347_37.5675570741512246,144.0,15.0,서행,126.9682797509603347_37.5675570741512246|126.9680594800643263_37.5674181616993508|126.9672365893395067_37.5665683518858913
2026-09-04T23:16:36.811991+09:00,덕수궁길·정동길,덕수궁길·정동길,POI064,KEY_4,1010000104,새문안로,1000130100,평동 140,126.9686758248646044_37.5679534765213603,1010032808,정동사거리,126.9690069713246316_37.5682731367375595,46.0,24.0,서행,126.9690069713246316_37.5682731367375595|126.9689149176519578_37.5681927649009353|126.9686758248646044_37.5679534765213603
2026-09-04T23:16:36.811991+09:00,덕수궁길·정동길,덕수궁길·정동길,POI064,KEY_4,1010000201,새문안로,1010028401,서대문역5번출구,126.9672435278120872_37.5662304820158113,1010027001,서대문역사거리,126.9668575711302481_37.5658373549132563,55.0,31.0,원활,126.9668575711302481_37.5658373549132563|126.9670970399012475_37.5660866188988862|126.9672435278120872_37.5662304820158113
2026-09-04T23:16:36.811991+09:00,덕수궁길·정동길,덕수궁길·정동길,POI064,KEY_4,1010000202,새문안로,1010029002,서울적십자병원,126.9673657254923569_37.5663504889476059,1010028401,서대문역5번출구,126.9672435278120872_37.5662304820158113,17.0,32.0,원활,126.9672435278120872_37.5662304820158113|126.9673657254923569_37.5663504889476059
2026-09-04T23:16:36.811991+09:00,덕수궁길·정동길,덕수궁길·정동길,POI064,KEY_4,1010000203,새문안로,1010031501,서대문고가차도(북측),126.9683866953238578_37.5674904209052158,1010029001,서울적십자병원,126.9674517491191921_37.5664363425452308,144.0,34.0,원활,126.9674517491191921_37.5664363425452308|126.9682746406970750_37.5672861516802570|126.9683866953238578_37.5674904209052158
2026-09-04T23:16:36.811991+09:00,덕수궁길·정동길,덕수궁길·정동길,POI064,KEY_4,1010000204,새문안로,1010032807,정동사거리,126.9691736826791697_37.5682582105465954,1010031501,서대문고가차도(북측),126.9683866953238578_37.5674904209052158,110.0,20.0,서행,126.9683866953238578_37.5674904209052158|126.9687821295761694_37.5678861768572077|126.9690183776100270_37.5681226144453078|126.9691736826791697_37.5682582105465954
2026-09-04T23:16:36.811991+09:00,덕수궁길·정동길,덕수궁길·정동길,POI064,KEY_4,1010007305,서소문로,1010060500,서소문동 42-3,126.9748814331857290_37.5634753132613639,1010021604,시청앞광장,126.9768728564433928_37.5640783561644085,191.0,13.5,정체,126.9768728564433928_37.5640783561644085|126.9766787939362445_37.5640859652900971|126.9765523317762188_37.5640754535460886|126.9763400428201123_37.5640251139761148|126.9749917778751325_37.5635158830683409|126.9748814331857290_37.5634753132613639
2026-09-04T23:16:36.811991+09:00,덕수궁길·정동길,덕수궁길·정동길,POI064,KEY_4,1010007405,서소문로,1010021603,시청앞광장,126.9768324946201261_37.5639716881909536,1010020202,중앙일보사,126.9742502538365869_37.5631241528421853,249.0,11.0,정체,126.9742502538365869_37.5631241528421853|126.9749383845103381_37.5633771573157134|126.9750493665217306_37.5634179614493959|126.9763888286545210_37.5639238670732283|126.9765790012718583_37.5639689628774178|126.9766825277856697_37.5639775680622137|126.9768324946201261_37.5639716881909536
2026-09-04T23:16:36.811991+09:00,덕수궁길·정동길,덕수궁길·정동길,POI064,KEY_4,1010008906,통일로,1010025300,서대문역,126.9671252866849898_37.5653671985533322,1010027002,서대문역사거리,126.9667788262273973_37.5657489148118202,53.0,30.0,원활,126.9667788262273973_37.5657489148118202|126.9668162462572951_37.5657244020835108|126.9669569622694496_37.5655921194699403|126.9671252866849898_37.5653671985533322
2026-09-04T23:16:36.811991+09:00,덕수궁길·정동길,덕수궁길·정동길,POI064,KEY_4,1010009006,통일로,1010027001,서대문역사거리,126.9668575711302481_37.5658373549132563,1010025800,서대문역,126.9672419766317830_37.5654225323261173,58.0,14.0,정체,126.9672419766317830_37.5654225323261173|126.9670678922722402_37.5656551508116365|126.9669120004380005_37.5658017001798896|126.9668575711302481_37.5658373549132563
2026-09-04T23:16:36.811991+09:00,덕수궁길·정동길,덕수궁길·정동길,POI064,KEY_4,1010009902,세종대로,1010021604,시청앞광장,126.9768728564433928_37.5640783561644085,1010024204,시청앞교차로,126.9770880989032236_37.5648197786229900,85.0,21.0,서행,126.9770880989032236_37.5648197786229900|126.9770591791834136_37.5646629693451288|126.9770001947957212_37.5644354373990907|126.9769219936512883_37.5642088549141349|126.9768728564433928_37.5640783561644085
2026-09-04T23:16:36.811991+09:00,덕수궁길·정동길,덕수궁길·정동길,POI064,KEY_4,1010010000,세종대로,1010024203,시청앞교차로,126.9772135411598413_37.5647555843739269,1010021601,시청앞광장,126.9770081698073909_37.5640611462049279,79.0,29.5,원활,126.9770081698073909_37.5640611462049279|126.9770525488461743_37.5641790078298783|126.9771323290460572_37.5644101639924273|126.9771929938028450_37.5646441761629077|126.9772135411598413_37.5647555843739269
2026-09-04T23:16:36.811991+09:00,덕수궁길·정동길,덕수궁길·정동길,POI064,KEY_4,1010011000,덕수궁길,1010003702,국립현대미술관(덕수궁),126.9734800713954428_37.5653099277390794,1010024205,시청앞교차로,126.9771111379704962_37.5649683842586413,350.0,26.3,원활,126.9771111379704962_37.5649683842586413|126.9769955437966189_37.5648997036250520|126.9769191129801698_37.5648841239987448|126.9762643259252286_37.5649661911538288|126.9761744747147532_37.5649770829893868|126.9759779520215517_37.5650009053778362|126.9758689949813260_37.5650050124235619|126.9752013280298399_37.5649548066137768|126.9751376722967393_37.5649475156969572|126.9743014077374426_37.5648517294047579|126.9740978380537513_37.5648406360021241|126.9740518977143893_37.5648432379020889|126.9740231183313881_37.5648571744892976|126.9736843653272729_37.5652451675209207|126.9735504744861458_37.5653043393530339|126.9734800713954428_37.5653099277390794
2026-09-04T23:16:36.811991+09:00,덕수궁길·정동길,덕수궁길·정동길,POI064,KEY_4,1010011100,소공로,1010024703,시청앞광장,126.9784672029423973_37.5649273269454653,1010024202,시청앞교차로,126.9772712943529740_37.5649019993645936,106.0,29.0,원활,126.9772712943529740_37.5649019993645936|126.9774098801302102_37.5649281244663342|126.9776269810423628_37.5649428736685351|126.9783249021099323_37.5649392241840445|126.9784672029423973_37.5649273269454653
2026-09-04T23:16:36.811991+09:00,덕수궁길·정동길,덕수궁길·정동길,POI064,KEY_4,1010011200,소공로,1010024201,시청앞교차로,126.9772516593585294_37.5650094083765893,1010024704,시청앞광장,126.9784659259494219_37.5650361481380060,108.0,15.0,서행,126.9784659259494219_37.5650361481380060|126.9783324600417700_37.5650473063687187|126.9776216401868254_37.5650510228301613|126.9773883375840597_37.5650351731031407|126.9772516593585294_37.5650094083765893
2026-09-04T23:16:36.811991+09:00,덕수궁길·정동길,덕수궁길·정동길,POI064,KEY_4,1010013800,세종대로,1010004902,강원도민일보(서울본부),126.9771979915670101_37.5670009920858590,1010024201,시청앞교차로,126.9772516593585294_37.5650094083765893,221.0,38.0,원활,126.9772516593585294_37.5650094083765893|126.9772632229602749_37.5651213527824481|126.9772704963173453_37.5652669803863901|126.9772680209366058_37.5654083777349115|126.9772559424266944_37.5656434912380419|126.9771979915670101_37.5670009920858590
2026-09-04T23:16:36.811991+09:00,덕수궁길·정동길,덕수궁길·정동길,POI064,KEY_4,1010015100,정동길,1010153400,정동 23-20,126.9696811503261245_37.5676424275946701,1010032807,정동사거리,126.9691736826791697_37.5682582105465954,84.0,27.0,원활,126.9691736826791697_37.5682582105465954|126.9693289724986869_37.5681827433020032|126.9694353904340431_37.5680832784538410|126.9695596803049256_37.5678603245802520|126.9696811503261245_37.5676424275946701
2026-09-04T23:16:36.811991+09:00,덕수궁길·정동길,덕수궁길·정동길,POI064,KEY_4,1120001005,충정로,1010027002,서대문역사거리,126.9667788262273973_37.5657489148118202,1120008100,서대문역8번출구,126.9663601701517166_37.5652501751878560,67.0,18.0,서행,126.9663601701517166_37.5652501751878560|126.9667788262273973_37.5657489148118202
2026-09-04T23:16:36.811991+09:00,덕수궁길·정동길,덕수궁길·정동길,POI064,KEY_4,1010015200,정동길,1010053500,정동 6-1,126.9726302734250396_37.5657818964494226,1010003701,국립현대미술관(덕수궁),126.9734172515147748_37.5653215661761095,86.0,18.5,서행,126.9734172515147748_37.5653215661761095|126.9731819807769568_37.5654408147970216|126.9726302734250396_37.5657818964494226
2026-09-04T23:16:36.811991+09:00,덕수궁길·정동길,덕수궁길·정동길,POI064,KEY_4,1010017701,덕수궁길,1010003708,국립현대미술관(덕수궁),126.9733973038882908_37.5653215550209438,1010034405,덕수초교앞,126.9742636314177417_37.5692915440127635,470.0,18.0,서행,126.9742636314177417_37.5692915440127635|126.9742609154399133_37.5692318560367440|126.9741806606774475_37.5688123115606558|126.9741708329106444_37.5687509002550755|126.9741496491990489_37.5687070234402825|126.9733330667186380_37.5677499979341434|126.9732604662010260_37.5676432387449850|126.9732135563309470_37.5675636296405173|126.9732109235822293_37.5675447199477688|126.9732028295893542_37.5674865848597861|126.9732067525657442_37.5673829793437548|126.9732946020034490_37.5669917355047289|126.9734162527930152_37.5666474960378096|126.9734297415941171_37.5665457649226155|126.9734351774182528_37.5662640535461065|126.9734319058327827_37.5653823750330673|126.9734292579386477_37.5653516838069237|126.9734209124859774_37.5653359703583263|126.9733973038882908_37.5653215550209438
2026-09-04T23:16:36.811991+09:00,덕수궁길·정동길,덕수궁길·정동길,POI064,KEY_4,1010017801,덕수궁길,1010142200,정동 1-36,126.9733459274212635_37.5675328106811506,1010003703,국립현대미술관(덕수궁),126.9735218655151243_37.5652613466895460,255.0,15.0,서행,126.9735218655151243_37.5652613466895460|126.9735320491287638_37.5652675646712737|126.9735632083507113_37.5653262373116092|126.9735677185460503_37.5653785069074999|126.9735710082390199_37.5662647237383496|126.9735654610655899_37.5665522825597762|126.9735501225163148_37.5666679552866043|126.9734271477770164_37.5670159427351393|126.9733422194510410_37.5673941796546416|126.9733388862719750_37.5674822368240626|126.9733459274212635_37.5675328106811506
2026-09-04T23:16:36.811991+09:00,덕수궁길·정동길,덕수궁길·정동길,POI064,KEY_4,1010018100,세종대로,1010024205,시청앞교차로,126.9771111379704962_37.5649683842586413,1010036201,청계광장,126.9769724776174371_37.5689758850454254,445.0,29.0,원활,126.9769724776174371_37.5689758850454254|126.9770357842986499_37.5675064469025131|126.9770571241010231_37.5671045176161513|126.9770622406749681_37.5669973200828053|126.9771202099424414_37.5656394465692429|126.9771322330851717_37.5654054151655075|126.9771346338183520_37.5652683750225975|126.9771276194723697_37.5651279335943542|126.9771111379704962_37.5649683842586413
2026-09-04T23:16:36.811991+09:00,덕수궁길·정동길,덕수궁길·정동길,POI064,KEY_4,1010037700,서소문로11길,1010119100,정동 34-31,126.9727951808603876_37.5647038792147114,1010003707,국립현대미술관(덕수궁),126.9733026963352955_37.5652751287957045,97.0,17.0,서행,126.9733026963352955_37.5652751287957045|126.9731147506106339_37.5651909181462429|126.9727976869032062_37.5651133337218468|126.9727288163474412_37.5650455719333536|126.9727288478402016_37.5649591817261097|126.9727803611883274_37.5647836723506359|126.9727951808603876_37.5647038792147114
2026-09-04T23:16:36.811991+09:00,덕수궁길·정동길,덕수궁길·정동길,POI064,KEY_4,1010039000,소공로,1010024202,시청앞교차로,126.9772712943529740_37.5649019993645936,1010023104,서울프라자호텔,126.9780385528240316_37.5645364866542977,82.0,4.0,정체,126.9780385528240316_37.5645364866542977|126.9776055199770184_37.5646501981039478|126.9774312688185773_37.5647230654274864|126.9773645076050741_37.5647713550531037|126.9773054583435652_37.5648401473905977|126.9772712943529740_37.5649019993645936
2026-09-04T23:16:36.811991+09:00,덕수궁길·정동길,덕수궁길·정동길,POI064,KEY_4,1010040700,새문안로,1010028401,서대문역5번출구,126.9672435278120872_37.5662304820158113,1010025800,서대문역,126.9672419766317830_37.5654225323261173,92.0,22.0,서행,126.9672419766317830_37.5654225323261173|126.9671627047004989_37.5655962214450838|126.9671530773462109_37.5656982484603077|126.9671501998966363_37.5657656962227051|126.9671429571134951_37.5658915642520341|126.9671696483151493_37.5660384205100399|126.9672435278120872_37.5662304820158113
2026-09-04T23:16:36.811991+09:00,덕수궁길·정동길,덕수궁길·정동길,POI064,KEY_4,1010041200,통일로4길,1010026704,농협중앙회중앙본부,126.9680009751863565_37.5657474827716342,1010029002,서울적십자병원,126.9673657254923569_37.5663504889476059,87.0,10.0,정체,126.9673657254923569_37.5663504889476059|126.9674678905687699_37.5662580433505866|126.9678098962985331_37.5659327261802858|126.9680009751863565_37.5657474827716342
2026-09-04T23:16:36.811991+09:00,덕수궁길·정동길,덕수궁길·정동길,POI064,KEY_4,1010041300,통일로4길,1010029001,서울적십자병원,126.9674517491191921_37.5664363425452308,1010026701,농협중앙회중앙본부,126.9681059501351683_37.5658160932863012,90.0,10.0,정체,126.9681059501351683_37.5658160932863012|126.9679144693849793_37.5660017267912281|126.9675709803964594_37.5663284539118862|126.9674517491191921_37.5664363425452308
2026-09-04T23:16:36.811991+09:00,덕수궁길·정동길,덕수궁길·정동길,POI064,KEY_4,1120000904,충정로,1120007504,경기대입구교차로,126.9654358551941868_37.5643701192781236,1120008200,서대문역1번출구,126.9661345078370260_37.5653705612373798,128.0,36.0,원활,126.9661345078370260_37.5653705612373798|126.9658063010760287_37.5649795640658724|126.9654882556718718_37.5645480455164105|126.9654358551941868_37.5643701192781236
2026-09-04T23:16:36.811991+09:00,덕수궁길·정동길,덕수궁길·정동길,POI064,KEY_4,1120000905,충정로,1120008200,서대문역1번출구,126.9661345078370260_37.5653705612373798,1010027003,서대문역사거리,126.9665598949685972_37.5658773201177496,68.0,33.0,원활,126.9665598949685972_37.5658773201177496|126.9661345078370260_37.5653705612373798
2026-09-04T23:16:36.811991+09:00,덕수궁길·정동길,덕수궁길·정동길,POI064,KEY_4,1120001004,충정로,1120008100,서대문역8번출구,126.9663601701517166_37.5652501751878560,1120007501,경기대입구교차로,126.9655530068436775_37.5643154067983005,127.0,11.0,정체,126.9655530068436775_37.5643154067983005|126.9657225563985463_37.5644386212690051|126.9660365816878453_37.5648646850507362|126.9663601701517166_37.5652501751878560
2026-09-04T23:16:36.811991+09:00,덕수궁길·정동길,덕수궁길·정동길,POI064,KEY_4,1120018600,새문안로,1010031501,서대문고가차도(북측),126.9683866953238578_37.5674904209052158,1120007501,경기대입구교차로,126.9655530068436775_37.5643154067983005,433.0,11.0,정체,126.9655530068436775_37.5643154067983005|126.9659790116012346_37.5648934048468846|126.9667666082858375_37.5658316625100710|126.9670436755838097_37.5661200652030587|126.9673713851940988_37.5664419018809852|126.9683866953238578_37.5674904209052158
2026-09-04T23:16:36.811991+09:00,덕수궁길·정동길,덕수궁길·정동길,POI064,KEY_4,1120019100,충정로,1010025300,서대문역,126.9671252866849898_37.5653671985533322,1120008100,서대문역8번출구,126.9663601701517166_37.5652501751878560,74.0,17.0,서행,126.9663601701517166_37.5652501751878560|126.9665194783773217_37.5653631197886000|126.9666434455435962_37.5653989136113822|126.9667584409983760_37.5654103886958168|126.9668764802246983_37.5654216401742502|126.9669962758516419_37.5654130917357776|126.9671252866849898_37.5653671985533322
2026-09-04T23:16:36.811991+09:00,덕수궁길·정동길,덕수궁길·정동길,POI064,KEY_4,1120019400,충정로,1120008200,서대문역1번출구,126.9661345078370260_37.5653705612373798,1120008500,서대문역,126.9660434778780029_37.5662892627082314,109.0,20.0,서행,126.9660434778780029_37.5662892627082314|126.9662204775012100_37.5660705723871402|126.9662588552284035_37.5659733199437156|126.9662708684429191_37.5658970396490446|126.9662804865533872_37.5658207577671277|126.9662829231651244_37.5657311237744906|126.9662372680301416_37.5655890326611370|126.9661345078370260_37.5653705612373798
2026-09-04T23:16:36.811991+09:00,북창동 먹자골목,북창동 먹자골목,POI114,KEY_1,1010002402,소월로,1010013802,숭례문앞교차로,126.9757600351255320_37.5605071695408910,1010011100,숭례문,126.9758644071737450_37.5590694809368770,164.0,13.0,정체,126.9758644071737450_37.5590694809368770|126.9758414948468044_37.5591969276911115|126.9758551619603253_37.5593278985156402|126.9759327469906509_37.5599943665054212|126.9759344158917429_37.5602035603088922|126.9758567349293656_37.5604019178341417|126.9757600351255320_37.5605071695408910
2026-09-04T23:16:36.811991+09:00,북창동 먹자골목,북창동 먹자골목,POI114,KEY_1,1010004903,소공로,1010016100,신세계백화점(본점),126.9816686271532404_37.5609097208093701,1010017902,한국은행앞교차로,126.9812102323787997_37.5618212267858951,109.0,27.0,원활,126.9812102323787997_37.5618212267858951|126.9814215875591117_37.5613304278622451|126.9815191090982296_37.5611692719051433|126.9815779997364160_37.5610682604307513|126.9816686271532404_37.5609097208093701
2026-09-04T23:16:36.811991+09:00,북창동 먹자골목,북창동 먹자골목,POI114,KEY_1,1010005003,소공로,1010017901,한국은행앞교차로,126.9813201261830500_37.5618994475613093,1010016901,한국은행앞,126.9816414699309064_37.5612161949658940,81.0,6.0,정체,126.9816414699309064_37.5612161949658940|126.9815474496638501_37.5613715645860893|126.9813201261830500_37.5618994475613093
2026-09-04T23:16:36.811991+09:00,북창동 먹자골목,북창동 먹자골목,POI114,KEY_1,1010005101,남대문로,1010013801,숭례문앞교차로,126.9756943412395600_37.5606249038699929,1010015000,숭례문,126.9764459331227329_37.5606350021971664,67.0,21.5,서행,126.9764459331227329_37.5606350021971664|126.9761770959942169_37.5605854916413975|126.9759176766868478_37.5605967861663927|126.9756943412395600_37.5606249038699929
2026-09-04T23:16:36.811991+09:00,북창동 먹자골목,북창동 먹자골목,POI114,KEY_1,1010005102,남대문로,1010123700,남대문로3가 110-4,126.9802395481067094_37.5615376279630198,1010017903,한국은행앞교차로,126.9811556456876929_37.5619216279188848,92.0,19.5,서행,126.9811556456876929_37.5619216279188848|126.9809804652948202_37.5618338688153770|126.9804945418923836_37.5616270684645031|126.9802395481067094_37.5615376279630198
2026-09-04T23:16:36.811991+09:00,북창동 먹자골목,북창동 먹자골목,POI114,KEY_1,1010005201,남대문로,1010014800,숭례문,126.9764883666133954_37.5605318420117769,1010013802,숭례문앞교차로,126.9757600351255320_37.5605071695408910,65.0,9.0,정체,126.9757600351255320_37.5605071695408910|126.9759033237710781_37.5604891294319145|126.9761889274862341_37.5604766950548168|126.9764883666133954_37.5605318420117769
2026-09-04T23:16:36.811991+09:00,북창동 먹자골목,북창동 먹자골목,POI114,KEY_1,1010005202,남대문로,1010105800,남대문로4가 24-1,126.9773600444245005_37.5608297698874694,1010014800,숭례문,126.9764883666133954_37.5605318420117769,84.0,19.7,서행,126.9764883666133954_37.5605318420117769|126.9773600444245005_37.5608297698874694
2026-09-04T23:16:36.811991+09:00,북창동 먹자골목,북창동 먹자골목,POI114,KEY_1,1010007100,남대문로,1010017904,한국은행앞교차로,126.9812429466621211_37.5620183676301806,1010021108,호텔이비스명동,126.9820519451972700_37.5636664770067483,197.0,19.0,서행,126.9820519451972700_37.5636664770067483|126.9819793117574847_37.5634775660291922|126.9817625196920829_37.5629137095619114|126.9816744970428033_37.5627384358941327|126.9813726104749207_37.5622249080098740|126.9812429466621211_37.5620183676301806
2026-09-04T23:16:36.811991+09:00,북창동 먹자골목,북창동 먹자골목,POI114,KEY_1,1010007200,남대문로,1010090400,남대문로2가 17-2,126.9821091872959755_37.5634459234669080,1010017901,한국은행앞교차로,126.9813201261830500_37.5618994475613093,186.0,27.0,원활,126.9813201261830500_37.5618994475613093|126.9814948864511877_37.5621778204330639|126.9817991665262582_37.5626954199811465|126.9818907371757462_37.5628777579140802|126.9821091872959755_37.5634459234669080
2026-09-04T23:16:36.811991+09:00,북창동 먹자골목,북창동 먹자골목,POI114,KEY_1,1010007500,소공로,1010017903,한국은행앞교차로,126.9811556456876929_37.5619216279188848,1010021703,소공로지하상가,126.9793735854893129_37.5639048297059688,271.0,14.0,정체,126.9793735854893129_37.5639048297059688|126.9799260872659801_37.5633234478845921|126.9804607657373765_37.5627352047527836|126.9809958432867205_37.5621465108158432|126.9811556456876929_37.5619216279188848
2026-09-04T23:16:36.811991+09:00,북창동 먹자골목,북창동 먹자골목,POI114,KEY_1,1010007600,소공로,1010125600,소공동 44-2,126.9805708038916379_37.5627985840057121,1010017904,한국은행앞교차로,126.9812429466621211_37.5620183676301806,105.0,28.8,원활,126.9812429466621211_37.5620183676301806|126.9811103260703646_37.5622049984614250|126.9805708038916379_37.5627985840057121
2026-09-04T23:16:36.811991+09:00,북창동 먹자골목,북창동 먹자골목,POI114,KEY_1,1010008401,세종대로18길,1010021203,우성빌딩,126.9777193951018148_37.5638099385310227,1010021602,시청앞광장,126.9769689889781006_37.5639574810137518,68.0,32.0,원활,126.9769689889781006_37.5639574810137518|126.9777193951018148_37.5638099385310227
2026-09-04T23:16:36.811991+09:00,북창동 먹자골목,북창동 먹자골목,POI114,KEY_1,1010008402,세종대로18길,1010073800,소공동 87-15,126.9784945856248157_37.5638009334543241,1010021202,우성빌딩,126.9778443694909242_37.5637825313256783,58.0,12.0,정체,126.9778443694909242_37.5637825313256783|126.9779245419285019_37.5637634021338656|126.9780550037610567_37.5637507097928918|126.9781651142375978_37.5637590779395225|126.9784945856248157_37.5638009334543241
2026-09-04T23:16:36.811991+09:00,북창동 먹자골목,북창동 먹자골목,POI114,KEY_1,1010009100,남대문로7길,1010021108,호텔이비스명동,126.9820519451972700_37.5636664770067483,1010021702,소공로지하상가,126.9795475428450970_37.5639009918525275,227.0,10.0,정체,126.9795475428450970_37.5639009918525275|126.9796803370022360_37.5638948862261515|126.9806310216740002_37.5639896452279629|126.9820519451972700_37.5636664770067483
2026-09-04T23:16:36.811991+09:00,북창동 먹자골목,북창동 먹자골목,POI114,KEY_1,1010009200,남대문로7길,1010021701,소공로지하상가,126.9794402894512473_37.5640142229526717,1010021109,호텔이비스명동,126.9820873216543333_37.5637708767384169,240.0,21.5,서행,126.9820873216543333_37.5637708767384169|126.9806416666700954_37.5640996703370931|126.9796757766825266_37.5640033960331934|126.9794402894512473_37.5640142229526717
2026-09-04T23:16:36.811991+09:00,북창동 먹자골목,북창동 먹자골목,POI114,KEY_1,1010009501,소공로,1010021704,소공로지하상가,126.9792789797845671_37.5640057968385435,1010023303,조선호텔,126.9788152991022230_37.5645029149171776,69.0,27.0,원활,126.9788152991022230_37.5645029149171776|126.9792789797845671_37.5640057968385435
2026-09-04T23:16:36.811991+09:00,북창동 먹자골목,북창동 먹자골목,POI114,KEY_1,1010009601,소공로,1010023302,조선호텔,126.9789243502561220_37.5645673683433330,1010021701,소공로지하상가,126.9794402894512473_37.5640142229526717,76.0,30.0,원활,126.9794402894512473_37.5640142229526717|126.9789243502561220_37.5645673683433330
2026-09-04T23:16:36.811991+09:00,북창동 먹자골목,북창동 먹자골목,POI114,KEY_1,1010026800,남대문로,1010014800,숭례문,126.9764883666133954_37.5605318420117769,1010011100,숭례문,126.9758644071737450_37.5590694809368770,185.0,20.0,서행,126.9758644071737450_37.5590694809368770|126.9758795592592975_37.5591125336731508|126.9758641531054906_37.5591939851637946|126.9759578405099205_37.5599862959824407|126.9759704486266543_37.5601312860724406|126.9760507361714588_37.5602633560949499|126.9761537145355277_37.5603739896225477|126.9763022172343057_37.5604655608040190|126.9764279735615418_37.5605091608890334|126.9764883666133954_37.5605318420117769
2026-09-04T23:16:36.811991+09:00,북창동 먹자골목,북창동 먹자골목,POI114,KEY_1,1010028800,남대문로,1010015700,숭례문,126.9758216757282128_37.5609807560682611,1010015000,숭례문,126.9764459331227329_37.5606350021971664,84.0,21.0,서행,126.9764459331227329_37.5606350021971664|126.9763771801474945_37.5606275849701134|126.9762640154305728_37.5606077628684645|126.9761188999622306_37.5606156137238472|126.9760253099623242_37.5606453934247568|126.9759279729758958_37.5606841119779062|126.9758493363337521_37.5607734919220704|126.9758081301075663_37.5608688386806833|126.9758216757282128_37.5609807560682611
2026-09-04T23:16:36.811991+09:00,북창동 먹자골목,북창동 먹자골목,POI114,KEY_1,1010037000,남대문로1길,1010023102,서울프라자호텔,126.9781270908112134_37.5644147123986087,1010021201,우성빌딩,126.9778833665384354_37.5638860982800367,62.0,5.0,정체,126.9778833665384354_37.5638860982800367|126.9781270908112134_37.5644147123986087
2026-09-04T23:16:36.811991+09:00,북창동 먹자골목,북창동 먹자골목,POI114,KEY_1,1010037100,남대문로1길,1010021204,우성빌딩,126.9777519647640105_37.5639149035560536,1010023103,서울프라자호텔,126.9779917291016176_37.5644349310718795,61.0,5.0,정체,126.9779917291016176_37.5644349310718795|126.9777519647640105_37.5639149035560536
2026-09-04T23:16:36.811991+09:00,북촌한옥마을,북촌한옥마을,POI066,KEY_2,1000009102,우정국로,1000017300,안국동사거리,126.9828039229332575_37.5749851341707171,1000017904,안국동로터리,126.9829082928001753_37.5755454257557844,63.0,11.0,정체,126.9829082928001753_37.5755454257557844|126.9828499577781997_37.5754008805051001|126.9828163493672974_37.5752357359225755|126.9827996996409070_37.5750526973415191|126.9828039229332575_37.5749851341707171
2026-09-04T23:16:36.811991+09:00,북촌한옥마을,북촌한옥마을,POI066,KEY_2,1000010303,삼일대로,1000017003,속성변화점,126.9867672620100478_37.5750673701046694,1000021203,안국역사거리,126.9861392416785293_37.5767777393512361,198.0,21.0,서행,126.9861392416785293_37.5767777393512361|126.9867306429910911_37.5751700115634506|126.9867672620100478_37.5750673701046694
2026-09-04T23:16:36.811991+09:00,북촌한옥마을,북촌한옥마을,POI066,KEY_2,1000010403,삼일대로,1000021202,안국역사거리,126.9862597945630966_37.5768348176280966,1000017001,덕성여자대학교(종로캠퍼스),126.9868610139755560_37.5752003900895701,189.0,11.0,정체,126.9868610139755560_37.5752003900895701|126.9862597945630966_37.5768348176280966
2026-09-04T23:16:36.811991+09:00,북촌한옥마을,북촌한옥마을,POI066,KEY_2,1000010703,돈화문로,1000187700,와룡동 139-4,126.9901364571830698_37.5770373641859052,1000021403,창덕궁앞교차로,126.9900492095065232_37.5773787437811535,39.0,14.0,정체,126.9900492095065232_37.5773787437811535|126.9901364571830698_37.5770373641859052
2026-09-04T23:16:36.811991+09:00,북촌한옥마을,북촌한옥마을,POI066,KEY_2,1000011102,종로1길,1000018300,경복궁사거리,126.9791985772177298_37.5755559719213679,1000019703,경복궁사거리,126.9793107532419185_37.5757813746508091,27.0,28.0,원활,126.9793107532419185_37.5757813746508091|126.9791985772177298_37.5755559719213679
2026-09-04T23:16:36.811991+09:00,북촌한옥마을,북촌한옥마을,POI066,KEY_2,1000011202,종로1길,1000019702,경복궁사거리,126.9794701198467664_37.5758080047390521,1000018200,경복궁,126.9792457576218681_37.5753789068622197,52.0,6.0,정체,126.9792457576218681_37.5753789068622197|126.9793010192322811_37.5754682222458030|126.9794701198467664_37.5758080047390521
2026-09-04T23:16:36.811991+09:00,북촌한옥마을,북촌한옥마을,POI066,KEY_2,1000011501,율곡로,1000019401,경복궁,126.9801381644492011_37.5758813627365100,1000019702,경복궁사거리,126.9794701198467664_37.5758080047390521,60.0,19.0,서행,126.9794701198467664_37.5758080047390521|126.9797343426333214_37.5758559422202438|126.9799729505737531_37.5758791430045278|126.9801381644492011_37.5758813627365100
2026-09-04T23:16:36.811991+09:00,북촌한옥마을,북촌한옥마을,POI066,KEY_2,1000011502,율곡로,1000019203,주한멕시코대사관,126.9811804454430160_37.5757381628755169,1000019401,경복궁,126.9801381644492011_37.5758813627365100,94.0,19.0,서행,126.9801381644492011_37.5758813627365100|126.9801458468412108_37.5758814661415386|126.9803274747907409_37.5758700232846223|126.9811804454430160_37.5757381628755169
2026-09-04T23:16:36.811991+09:00,북촌한옥마을,북촌한옥마을,POI066,KEY_2,1000011503,율곡로,1000018100,안국동사거리,126.9820370732549009_37.5756052331219763,1000019202,주한멕시코대사관,126.9813332527749594_37.5757145141333595,63.0,19.0,서행,126.9813332527749594_37.5757145141333595|126.9820370732549009_37.5756052331219763
2026-09-04T23:16:36.811991+09:00,북촌한옥마을,북촌한옥마을,POI066,KEY_2,1000011504,율곡로,1000017904,안국동로터리,126.9829082928001753_37.5755454257557844,1000018100,안국동사거리,126.9820370732549009_37.5756052331219763,78.0,14.0,정체,126.9820370732549009_37.5756052331219763|126.9821849025842226_37.5755822792614822|126.9823949596761850_37.5755556593554090|126.9825949987016998_37.5755409919947070|126.9827732334880466_37.5755410181384661|126.9829082928001753_37.5755454257557844
2026-09-04T23:16:36.811991+09:00,북촌한옥마을,북촌한옥마을,POI066,KEY_2,1000011601,율곡로,1000019701,경복궁사거리,126.9795067975766756_37.5759255521593971,1000020300,경복궁,126.9801205068413168_37.5759892604625989,55.0,7.0,정체,126.9801205068413168_37.5759892604625989|126.9799635415281358_37.5759871517272330|126.9797109494754608_37.5759625907229378|126.9795067975766756_37.5759255521593971
2026-09-04T23:16:36.811991+09:00,북촌한옥마을,북촌한옥마을,POI066,KEY_2,1000011603,율곡로,1000020300,경복궁,126.9801205068413168_37.5759892604625989,1000017905,안국동로터리,126.9829348569925571_37.5756562270635044,252.0,17.0,서행,126.9829348569925571_37.5756562270635044|126.9829125468357773_37.5756537744281829|126.9827704373494015_37.5756491370767236|126.9826012303179823_37.5756491122595975|126.9824118889619911_37.5756629946566250|126.9822085957164859_37.5756887578650449|126.9820630846885052_37.5757113517092307|126.9813592631155075_37.5758206328940290|126.9812063475179400_37.5758442987123971|126.9803458434132892_37.5759773239770425|126.9801500700749699_37.5759896573698668|126.9801205068413168_37.5759892604625989
2026-09-04T23:16:36.811991+09:00,북촌한옥마을,북촌한옥마을,POI066,KEY_2,1000012102,사직로,1000020200,경복궁,126.9786283706113750_37.5757946408291801,1000019704,경복궁사거리,126.9793621536958312_37.5759001150550986,66.0,30.0,원활,126.9793621536958312_37.5759001150550986|126.9791440605087161_37.5758645700478056|126.9786283706113750_37.5757946408291801
2026-09-04T23:16:36.811991+09:00,북촌한옥마을,북촌한옥마을,POI066,KEY_2,1000012203,사직로,1000019703,경복궁사거리,126.9793107532419185_37.5757813746508091,1000019100,경복궁,126.9786480964121154_37.5756876675167888,59.0,31.3,원활,126.9786480964121154_37.5756876675167888|126.9791690991976765_37.5757582877498706|126.9793107532419185_37.5757813746508091
2026-09-04T23:16:36.811991+09:00,북촌한옥마을,북촌한옥마을,POI066,KEY_2,1000012702,율곡로,1000204600,안국역,126.9857294779033765_37.5767141333904462,1000021204,안국역사거리,126.9860941353497878_37.5768818686938246,37.0,18.3,서행,126.9860941353497878_37.5768818686938246|126.9857294779033765_37.5767141333904462
2026-09-04T23:16:36.811991+09:00,북촌한옥마을,북촌한옥마을,POI066,KEY_2,1000012800,율곡로,1000099700,관훈동 113,126.9843012547585914_37.5759322813818102,1000017902,안국동로터리,126.9831650747284471_37.5755740090362238,108.0,18.0,서행,126.9831650747284471_37.5755740090362238|126.9832157778299404_37.5755801309922148|126.9834207454955077_37.5756172367829961|126.9836820397707413_37.5756980185194678|126.9842468281761967_37.5759072448986657|126.9843012547585914_37.5759322813818102
2026-09-04T23:16:36.811991+09:00,북촌한옥마을,북촌한옥마을,POI066,KEY_2,1000013501,율곡로,1000054300,계동 149-3,126.9868657861829462_37.5772407179262302,1000021504,우즈베키스탄대사관,126.9891939676239474_37.5774507625066221,209.0,28.0,원활,126.9891939676239474_37.5774507625066221|126.9886716347625111_37.5774406495643092|126.9876528972208263_37.5774209190205184|126.9874748196535421_37.5774084674404421|126.9872839495136390_37.5773710909105532|126.9870718117635420_37.5773123392589739|126.9868657861829462_37.5772407179262302
2026-09-04T23:16:36.811991+09:00,북촌한옥마을,북촌한옥마을,POI066,KEY_2,1000013502,율곡로,1000021501,우즈베키스탄대사관,126.9893297531960883_37.5774544023044541,1000021404,창덕궁앞교차로,126.9900388640569702_37.5774865487865739,63.0,35.3,원활,126.9900388640569702_37.5774865487865739|126.9897463242174780_37.5774687657961053|126.9893297531960883_37.5774544023044541
2026-09-04T23:16:36.811991+09:00,북촌한옥마을,북촌한옥마을,POI066,KEY_2,1000013601,율곡로,1000115800,운니동 99,126.9886749388672058_37.5773325621108185,1000021202,안국역사거리,126.9862597945630966_37.5768348176280966,226.0,22.0,서행,126.9862597945630966_37.5768348176280966|126.9866987114048271_37.5770526790006230|126.9869129296675823_37.5771391236163410|126.9869201616997287_37.5771416376904028|126.9871213965557644_37.5772115927930628|126.9873225852521443_37.5772673122363585|126.9874971233893604_37.5773014911490293|126.9876605021504048_37.5773129149276315|126.9886749388672058_37.5773325621108185
2026-09-04T23:16:36.811991+09:00,북촌한옥마을,북촌한옥마을,POI066,KEY_2,1000013802,율곡로3길,1000187200,안국동 177-3,126.9825779024490799_37.5773003698629964,1000017901,안국동로터리,126.9830699625115358_37.5756718813989750,188.0,15.5,서행,126.9830699625115358_37.5756718813989750|126.9830564549576764_37.5759140717657090|126.9830330914684993_37.5760255151221827|126.9826494722971120_37.5768341676311906|126.9826150056688476_37.5769949197743074|126.9825779024490799_37.5773003698629964
2026-09-04T23:16:36.811991+09:00,북촌한옥마을,북촌한옥마을,POI066,KEY_2,1000013900,북촌로,1000116500,재동 63-1,126.9851879175372176_37.5787742277141632,1000021903,재동초등학교앞교차로,126.9849709248422442_37.5791896537058818,50.0,11.0,정체,126.9849709248422442_37.5791896537058818|126.9851123444681207_37.5789593789195138|126.9851879175372176_37.5787742277141632
2026-09-04T23:16:36.811991+09:00,북촌한옥마을,북촌한옥마을,POI066,KEY_2,1000014000,북촌로,1000021902,재동초등학교앞교차로,126.9851742297151702_37.5791048269106014,1000021201,안국역사거리,126.9862116059343862_37.5769383209828334,258.0,19.0,서행,126.9862116059343862_37.5769383209828334|126.9861227104490524_37.5771049965042820|126.9858974625520034_37.5775403033717339|126.9855988771401059_37.5781173314432593|126.9855520543728602_37.5782320480744829|126.9853545228100558_37.5787159998899227|126.9853171216767009_37.5788076318220590|126.9852385949747031_37.5790000196943907|126.9851742297151702_37.5791048269106014
2026-09-04T23:16:36.811991+09:00,북촌한옥마을,북촌한옥마을,POI066,KEY_2,1000014100,창덕궁길,1000022002,북촌1경,126.9893063929122548_37.5792409569275208,1000021501,우즈베키스탄대사관,126.9893297531960883_37.5774544023044541,199.0,9.0,정체,126.9893297531960883_37.5774544023044541|126.9892548365952365_37.5786955788249983|126.9892562414735409_37.5787264244637242|126.9892665857058205_37.5789535426034647|126.9893063929122548_37.5792409569275208
2026-09-04T23:16:36.811991+09:00,북촌한옥마을,북촌한옥마을,POI066,KEY_2,1000014200,창덕궁길,1000128100,원서동 181,126.9891204798979061_37.5787303411058602,1000022003,북촌1경,126.9891713596778544_37.5792528029310802,58.0,23.0,서행,126.9891713596778544_37.5792528029310802|126.9891310055471081_37.5789614346187477|126.9891204798979061_37.5787303411058602
2026-09-04T23:16:36.811991+09:00,북촌한옥마을,북촌한옥마을,POI066,KEY_2,1000014301,삼청로,1000019704,경복궁사거리,126.9793621536958312_37.5759001150550986,1000020600,대한출판문화협회,126.9794687888132074_37.5765544121067592,73.0,11.5,정체,126.9794687888132074_37.5765544121067592|126.9794674172659654_37.5764824989996455|126.9794172673057773_37.5761249117022231|126.9793621536958312_37.5759001150550986
2026-09-04T23:16:36.811991+09:00,북촌한옥마을,북촌한옥마을,POI066,KEY_2,1000014302,삼청로,1000020600,대한출판문화협회,126.9794687888132074_37.5765544121067592,1000022703,국군서울지구병원,126.9798562503477797_37.5800221917764006,388.0,23.0,서행,126.9798562503477797_37.5800221917764006|126.9796182985417516_37.5793264763807215|126.9795665449151443_37.5791397220131316|126.9795478931843604_37.5790381290051698|126.9795326834604623_37.5788730174103378|126.9794969047037227_37.5780275498626395|126.9794687888132074_37.5765544121067592
2026-09-04T23:16:36.811991+09:00,북촌한옥마을,북촌한옥마을,POI066,KEY_2,1000014303,삼청로,1000022704,국군서울지구병원,126.9798888896173850_37.5801238754593712,1000023003,갤러리스케이프,126.9801383570053588_37.5809954150793715,99.0,24.0,서행,126.9801383570053588_37.5809954150793715|126.9801143803817212_37.5808712068437671|126.9798888896173850_37.5801238754593712
2026-09-04T23:16:36.811991+09:00,북촌한옥마을,북촌한옥마을,POI066,KEY_2,1000014401,삼청로,1000021000,대한출판문화협회,126.9796046197648423_37.5765527706146756,1000019701,경복궁사거리,126.9795067975766756_37.5759255521593971,70.0,29.0,원활,126.9795067975766756_37.5759255521593971|126.9795516592807161_37.5761085342554608|126.9796031487506696_37.5764756650611034|126.9796046197648423_37.5765527706146756
2026-09-04T23:16:36.811991+09:00,북촌한옥마을,북촌한옥마을,POI066,KEY_2,1000014402,삼청로,1000022702,국군서울지구병원,126.9799873332334244_37.5799937943622950,1000021000,대한출판문화협회,126.9796046197648423_37.5765527706146756,385.0,32.0,원활,126.9796046197648423_37.5765527706146756|126.9796327193578946_37.5780249082326065|126.9796683669145381_37.5788672429607900|126.9796830227134734_37.5790263448128528|126.9797002616005130_37.5791202376619609|126.9797502489418548_37.5793006189381842|126.9799873332334244_37.5799937943622950
2026-09-04T23:16:36.811991+09:00,북촌한옥마을,북촌한옥마을,POI066,KEY_2,1000014403,삼청로,1000023002,갤러리스케이프,126.9802726364854522_37.5809789975197504,1000022701,국군서울지구병원,126.9800209872343402_37.5800986304131186,100.0,24.0,서행,126.9800209872343402_37.5800986304131186|126.9802478003755937_37.5808503388031028|126.9802726364854522_37.5809789975197504
2026-09-04T23:16:36.811991+09:00,북촌한옥마을,북촌한옥마을,POI066,KEY_2,1000014500,창덕궁1길,1000088900,계동 140-16,126.9878476682862356_37.5794101883603631,1000022004,북촌1경,126.9891917052853216_37.5793601104971486,119.0,18.0,서행,126.9891917052853216_37.5793601104971486|126.9885772532278594_37.5793912379346011|126.9881446134938585_37.5794131530335278|126.9878476682862356_37.5794101883603631
2026-09-04T23:16:36.811991+09:00,북촌한옥마을,북촌한옥마을,POI066,KEY_2,1000014600,창덕궁1길,1000234800,계동 140-86,126.9867245271659613_37.5792908407173911,1000021902,재동초등학교앞교차로,126.9851742297151702_37.5791048269106014,140.0,20.0,서행,126.9851742297151702_37.5791048269106014|126.9852469017435794_37.5790943935501645|126.9854890351706871_37.5791147085421500|126.9857411784709598_37.5791656111606329|126.9863425963181811_37.5792870227705578|126.9867245271659613_37.5792908407173911
2026-09-04T23:16:36.811991+09:00,북촌한옥마을,북촌한옥마을,POI066,KEY_2,1000014700,북촌로5길,1000088600,재동 25-7,126.9846956415277077_37.5792531158054075,1000004602,아트선재센타,126.9822633488435173_37.5794968175353787,217.0,17.0,서행,126.9822633488435173_37.5794968175353787|126.9823491181884378_37.5794770462139454|126.9831043086073379_37.5794265902338225|126.9836111998907597_37.5794024285617070|126.9843075237738219_37.5793274055110444|126.9845584348345966_37.5792764558543553|126.9846956415277077_37.5792531158054075
2026-09-04T23:16:36.811991+09:00,북촌한옥마을,북촌한옥마을,POI066,KEY_2,1000014800,북촌로5길,1000004601,아트선재센타,126.9823007060969786_37.5796007692993683,1000021904,재동초등학교앞교차로,126.9849412214244495_37.5793218207986328,236.0,24.0,서행,126.9849412214244495_37.5793218207986328|126.9849408583969392_37.5793219631089599|126.9847240373197081_37.5793588468995097|126.9845894370426578_37.5793817437555475|126.9843335147772478_37.5794337109354046|126.9836243912640441_37.5795101126857958|126.9831140519790864_37.5795344388027459|126.9823739414034378_37.5795838870825634|126.9823007060969786_37.5796007692993683
2026-09-04T23:16:36.811991+09:00,북촌한옥마을,북촌한옥마을,POI066,KEY_2,1000015700,북촌로5길,1000042100,소격동 129-2,126.9811402027582403_37.5799080374455983,1000004604,아트선재센타,126.9821635225137584_37.5796494081435881,95.0,24.0,서행,126.9821635225137584_37.5796494081435881|126.9819590979485184_37.5797316730103290|126.9817617178907625_37.5797894351325041|126.9816972383664222_37.5798027094324709|126.9814029918968004_37.5798632849907435|126.9811402027582403_37.5799080374455983
2026-09-04T23:16:36.811991+09:00,북촌한옥마을,북촌한옥마을,POI066,KEY_2,1000015800,북촌로5길,1000110800,소격동 101-1,126.9816632165415768_37.5796980355060555,1000022702,국군서울지구병원,126.9799873332334244_37.5799937943622950,152.0,24.5,서행,126.9799873332334244_37.5799937943622950|126.9811117769615265_37.5798023119298961|126.9813717539606586_37.5797580385712706|126.9816632165415768_37.5796980355060555
2026-09-04T23:16:36.811991+09:00,북촌한옥마을,북촌한옥마을,POI066,KEY_2,1000016301,삼청로,1000023001,갤러리스케이프,126.9802926936486500_37.5811058372642535,1000023403,브라질대사관,126.9810263784892186_37.5815445739605920,82.0,19.0,서행,126.9810263784892186_37.5815445739605920|126.9809131169670025_37.5814523264612390|126.9807572607189741_37.5813324212478079|126.9805732045222584_37.5812254848848113|126.9805004045640970_37.5811831880586382|126.9802926936486500_37.5811058372642535
2026-09-04T23:16:36.811991+09:00,북촌한옥마을,북촌한옥마을,POI066,KEY_2,1000016302,삼청로,1000210000,팔판동 92-4,126.9816300289541431_37.5823353085312490,1000005403,삼청동사무소입구,126.9817700007639871_37.5838068173945885,168.0,24.0,서행,126.9817700007639871_37.5838068173945885|126.9817176007183690_37.5835777740102657|126.9817156895871761_37.5834761236459656|126.9817950795399071_37.5827568972120289|126.9817985139781484_37.5826659271347765|126.9817904338247558_37.5825963322516401|126.9817677049394717_37.5825265071541281|126.9817256020838556_37.5824414018078912|126.9816300289541431_37.5823353085312490
2026-09-04T23:16:36.811991+09:00,북촌한옥마을,북촌한옥마을,POI066,KEY_2,1000016401,삼청로,1000154400,소격동 5-2,126.9806533091713163_37.5811381602125181,1000023002,갤러리스케이프,126.9802726364854522_37.5809789975197504,38.0,18.0,서행,126.9802726364854522_37.5809789975197504|126.9805698902694644_37.5810896934890764|126.9806533091713163_37.5811381602125181
2026-09-04T23:16:36.811991+09:00,북촌한옥마을,북촌한옥마을,POI066,KEY_2,1000016402,삼청로,1000005402,삼청동사무소입구,126.9819036626585955_37.5837874507546630,1000023401,브라질대사관,126.9812038502894040_37.5815562759534103,266.0,26.0,원활,126.9812038502894040_37.5815562759534103|126.9814373883853733_37.5819115014553873|126.9815284353070695_37.5820369682808817|126.9817404422459219_37.5822723126744407|126.9818458380324842_37.5823893095989874|126.9818971476022540_37.5824930218311124|126.9819247050023563_37.5825776797982982|126.9819345601843281_37.5826625639023604|126.9819307590106661_37.5827632565478780|126.9818516381346711_37.5834800567387148|126.9818532755907228_37.5835672100760263|126.9819036626585955_37.5837874507546630
2026-09-04T23:16:36.811991+09:00,북촌한옥마을,북촌한옥마을,POI066,KEY_2,1000016500,청와대로,1000023004,갤러리스케이프,126.9801577660451670_37.5811184473203284,1000024202,퐁데자르갤러리,126.9792888757798295_37.5833973114764888,283.0,25.0,원활,126.9792888757798295_37.5833973114764888|126.9794326695444795_37.5833409548265038|126.9795985399564842_37.5832476848462562|126.9797349654737388_37.5831482053396115|126.9798535787143550_37.5830268942675616|126.9799783199628109_37.5828376834460514|126.9800830519028665_37.5826410034803118|126.9801523342807030_37.5824206537665262|126.9801756947906881_37.5821819448641676|126.9801669773254389_37.5812814489405298|126.9801611478268342_37.5811413659670990|126.9801577660451670_37.5811184473203284
2026-09-04T23:16:36.811991+09:00,북촌한옥마을,북촌한옥마을,POI066,KEY_2,1000016600,청와대로,1000024201,퐁데자르갤러리,126.9793488993760917_37.5834943060582702,1000023001,갤러리스케이프,126.9802926936486500_37.5811058372642535,298.0,25.0,원활,126.9802926936486500_37.5811058372642535|126.9802967397338023_37.5811332572089398|126.9803028147339035_37.5812792426264579|126.9803115922597812_37.5821857328606441|126.9802868960512399_37.5824380961232620|126.9802122748901070_37.5826754278464534|126.9801012249592418_37.5828839711424081|126.9799682487228267_37.5830856738696752|126.9798351717180509_37.5832217786991762|126.9796839720406183_37.5833320316592037|126.9795023111846888_37.5834341801086822|126.9793488993760917_37.5834943060582702
2026-09-04T23:16:36.811991+09:00,북촌한옥마을,북촌한옥마을,POI066,KEY_2,1000017300,청와대로,1000024203,퐁데자르갤러리,126.9791795136897292_37.5834335611764701,1000005202,효자동삼거리,126.9737472613430214_37.5835385999729326,486.0,28.8,원활,126.9737472613430214_37.5835385999729326|126.9739495073895483_37.5835089975692114|126.9741309391237110_37.5835057794776830|126.9743076583270351_37.5835171156289292|126.9752337920588730_37.5836985645955508|126.9754323254462349_37.5837264891222063|126.9757360888294073_37.5837476748394224|126.9763499836077330_37.5837643209452068|126.9766286175151322_37.5837433697827379|126.9789929139192566_37.5834750307908365|126.9791275283093626_37.5834477041164519|126.9791795136897292_37.5834335611764701
2026-09-04T23:16:36.811991+09:00,북촌한옥마을,북촌한옥마을,POI066,KEY_2,1000017400,청와대로,1000005201,효자동삼거리,126.9737718367323538_37.5836449359611962,1000024204,퐁데자르갤러리,126.9792234607305943_37.5835358668880062,488.0,29.0,원활,126.9792234607305943_37.5835358668880062|126.9791663527855263_37.5835514035953580|126.9790193732068246_37.5835812400857776|126.9766446063162135_37.5838507686442966|126.9763540772180477_37.5838726139501844|126.9757278388116646_37.5838556337628376|126.9754145390009228_37.5838337820068062|126.9752057008707880_37.5838044082914848|126.9742858206583094_37.5836241849198771|126.9741269844044211_37.5836139960176467|126.9739633976216311_37.5836168972867881|126.9737718367323538_37.5836449359611962
2026-09-04T23:16:36.811991+09:00,북촌한옥마을,북촌한옥마을,POI066,KEY_2,1000017600,삼청로7길,1000168300,삼청동 150-1,126.9807888773657254_37.5839280973940575,1000005404,삼청동사무소입구,126.9818004132621212_37.5839157131028259,89.0,25.0,원활,126.9818004132621212_37.5839157131028259|126.9815008960389804_37.5839085489495019|126.9807888773657254_37.5839280973940575
2026-09-04T23:16:36.811991+09:00,북촌한옥마을,북촌한옥마을,POI066,KEY_2,1000018301,북촌로,1000101500,가회동 1-168,126.9850236706118665_37.5827874950713436,1000024103,대한불교조계종안국선,126.9850355329563598_37.5832623916933670,53.0,18.0,서행,126.9850355329563598_37.5832623916933670|126.9850236706118665_37.5827874950713436
2026-09-04T23:16:36.811991+09:00,북촌한옥마을,북촌한옥마을,POI066,KEY_2,1000018302,북촌로,1000239600,가회동 1-250,126.9850538870515777_37.5840703753649237,1000025802,베트남대사관관저,126.9852744170840566_37.5863360502147970,264.0,23.0,서행,126.9852744170840566_37.5863360502147970|126.9854225406475905_37.5862215467540466|126.9854612721195082_37.5861804635502068|126.9854692166722714_37.5861615070491197|126.9854835391995778_37.5861273320341027|126.9854883320269181_37.5860386460853348|126.9854767822601076_37.5859465875107048|126.9854501121792936_37.5858656209973319|126.9851025691619526_37.5850827975937278|126.9850792320325041_37.5849836619781286|126.9850735481085025_37.5849004986931448|126.9850538870515777_37.5840703753649237
2026-09-04T23:16:36.811991+09:00,북촌한옥마을,북촌한옥마을,POI066,KEY_2,1000018303,북촌로,1000134600,삼청동 27-1,126.9830345595555485_37.5873874210896801,1000005802,삼청공원입구교차로,126.9817629372389973_37.5869393565507082,123.0,22.0,서행,126.9817629372389973_37.5869393565507082|126.9818503285177655_37.5869529767061579|126.9824132446797762_37.5871443261108524|126.9824860389382621_37.5871690704477928|126.9830345595555485_37.5873874210896801
2026-09-04T23:16:36.811991+09:00,북촌한옥마을,북촌한옥마을,POI066,KEY_2,1000018401,북촌로,1000109700,가회동 1-168,126.9850883294862882_37.5801433623240229,1000021901,재동초등학교앞교차로,126.9850860098677572_37.5792604403861148,98.0,23.7,서행,126.9850860098677572_37.5792604403861148|126.9850636853442580_37.5794280545368409|126.9850708428209742_37.5796350854461281|126.9850879859902477_37.5801309490906519|126.9850883294862882_37.5801433623240229
2026-09-04T23:16:36.811991+09:00,북촌한옥마을,북촌한옥마을,POI066,KEY_2,1000018402,북촌로,1000161100,계동 1-30,126.9855981013200932_37.5861957133021960,1000024101,대한불교조계종안국선,126.9851737974609733_37.5833683543644028,320.0,24.7,서행,126.9851737974609733_37.5833683543644028|126.9851772814684807_37.5835430555352872|126.9851897231882134_37.5840683377949034|126.9852093402149507_37.5848965424064545|126.9852144101615039_37.5849707163997167|126.9852341727705749_37.5850546680059026|126.9855801009655494_37.5858338499159856|126.9856109125878874_37.5859273911633238|126.9856244871780433_37.5860355822506662|126.9856184571485755_37.5861471406611187|126.9855981013200932_37.5861957133021960
2026-09-04T23:16:36.811991+09:00,북촌한옥마을,북촌한옥마을,POI066,KEY_2,1000018403,북촌로,1000045600,삼청동 25-25,126.9842930162338774_37.5868744097116547,1000025804,베트남대사관관저,126.9852588547533827_37.5864775547501324,97.0,24.0,서행,126.9852588547533827_37.5864775547501324|126.9843974414412884_37.5868629172304054|126.9842930162338774_37.5868744097116547
2026-09-04T23:16:36.811991+09:00,북촌한옥마을,북촌한옥마을,POI066,KEY_2,1000018700,삼청로,1000158100,삼청동 120-5,126.9816271173177711_37.5864194371847447,1000005803,삼청공원입구교차로,126.9816270732179078_37.5869388418446206,58.0,28.3,원활,126.9816270732179078_37.5869388418446206|126.9816286782915142_37.5866705766686380|126.9816271173177711_37.5864194371847447
2026-09-04T23:16:36.811991+09:00,북촌한옥마을,북촌한옥마을,POI066,KEY_2,1000018800,삼청로,1000005802,삼청공원입구교차로,126.9817629372389973_37.5869393565507082,1000005401,삼청동사무소입구,126.9819308867779455_37.5838855711679614,348.0,30.0,원활,126.9819308867779455_37.5838855711679614|126.9821032911359282_37.5843581996051483|126.9821729182241796_37.5845113952027390|126.9821895399777247_37.5845908572014835|126.9821835477451515_37.5846748234545416|126.9821529910542779_37.5848519477845642|126.9821273693467703_37.5852755277952255|126.9819245194376265_37.5857127755461562|126.9818086437971232_37.5859625457474067|126.9817611243974085_37.5861204257165156|126.9817629803821291_37.5864189022851320|126.9817645452935722_37.5866705671027574|126.9817629372389973_37.5869393565507082
2026-09-04T23:16:36.811991+09:00,북촌한옥마을,북촌한옥마을,POI066,KEY_2,1000020201,삼청로,1000258100,최소노드배치점,126.9826565286748661_37.5890646971555782,1000005801,삼청공원입구교차로,126.9817557087605167_37.5870484034326111,255.0,30.3,원활,126.9817557087605167_37.5870484034326111|126.9817486263342943_37.5871116673024233|126.9817780622410908_37.5873043071317454|126.9817822119406543_37.5873314642714718|126.9817861708161217_37.5874217371478281|126.9817381732127757_37.5876087102233924|126.9817315742594985_37.5876344161523406|126.9817121707744008_37.5879099808601893|126.9817190400840161_37.5881040043848458|126.9817304105136913_37.5881432497804369|126.9819098649019509_37.5883314502219932|126.9820182409422387_37.5884451075822241|126.9824555696576454_37.5887717597721505|126.9825600561912040_37.5888872870032174|126.9826486782866226_37.5890360674416470|126.9826565286748661_37.5890646971555782
2026-09-04T23:16:36.811991+09:00,북촌한옥마을,북촌한옥마을,POI066,KEY_2,1000031700,인사동길,1000200000,관훈동 177-1,126.9846248795644641_37.5741354335962896,1000017903,안국동로터리,126.9830393503038977_37.5755166265144283,209.0,9.0,정체,126.9830393503038977_37.5755166265144283|126.9832578502403493_37.5753718765763765|126.9833833057397072_37.5752802649537472|126.9833874257963799_37.5752759258947009|126.9838138538233210_37.5748268274858290|126.9839983126868219_37.5746325599944413|126.9840028137515446_37.5746278195686330|126.9841931260739045_37.5744516475788828|126.9843256891268339_37.5743491032214507|126.9843944674535408_37.5742999847176264|126.9846248795644641_37.5741354335962896
2026-09-04T23:16:36.811991+09:00,북촌한옥마을,북촌한옥마을,POI066,KEY_2,1000032800,율곡로2길,1000003001,서울지방국세청,126.9793545831470993_37.5744165416395930,1000019203,주한멕시코대사관,126.9811804454430160_37.5757381628755169,219.0,18.0,서행,126.9811804454430160_37.5757381628755169|126.9810303591040253_37.5755969856150003|126.9807533749140589_37.5754004466844975|126.9799767752529789_37.5748493879335896|126.9794405580789487_37.5744488693975143|126.9793869466254961_37.5744244737253723|126.9793545831470993_37.5744165416395930
2026-09-04T23:16:36.811991+09:00,북촌한옥마을,북촌한옥마을,POI066,KEY_2,1000033900,우정국로,1000017300,안국동사거리,126.9828039229332575_37.5749851341707171,1000018100,안국동사거리,126.9820370732549009_37.5756052331219763,102.0,25.0,원활,126.9820370732549009_37.5756052331219763|126.9822935365986751_37.5755095925525495|126.9827428871539610_37.5751967734075052|126.9827905797247212_37.5750539177611387|126.9828039229332575_37.5749851341707171
2026-09-04T23:16:36.811991+09:00,북촌한옥마을,북촌한옥마을,POI066,KEY_2,1000034900,율곡로,1000019401,경복궁,126.9801381644492011_37.5758813627365100,1000018200,경복궁,126.9792457576218681_37.5753789068622197,101.0,29.0,원활,126.9792457576218681_37.5753789068622197|126.9793355830232144_37.5754952608411301|126.9794316395642397_37.5755988334256017|126.9795071017629624_37.5756589212616419|126.9796274882100420_37.5757347490756146|126.9797877149027556_37.5758145479697703|126.9801381644492011_37.5758813627365100
2026-09-04T23:16:36.811991+09:00,북촌한옥마을,북촌한옥마을,POI066,KEY_2,1000035200,사직로,1000020200,경복궁,126.9786283706113750_37.5757946408291801,1000020600,대한출판문화협회,126.9794687888132074_37.5765544121067592,118.0,27.0,원활,126.9794687888132074_37.5765544121067592|126.9794368084534142_37.5764098329770562|126.9791960602808700_37.5761637733622180|126.9789750836954596_37.5759177176703147|126.9788694300669647_37.5758537146814078|126.9786283706113750_37.5757946408291801
2026-09-04T23:16:36.811991+09:00,북촌한옥마을,북촌한옥마을,POI066,KEY_2,1000035300,삼청로,1000021000,대한출판문화협회,126.9796046197648423_37.5765527706146756,1000020300,경복궁,126.9801205068413168_37.5759892604625989,93.0,8.0,정체,126.9801205068413168_37.5759892604625989|126.9797298312382878_37.5760780464987292|126.9796597331679635_37.5761137931100748|126.9796040049640879_37.5761795786155588|126.9796046197648423_37.5765527706146756
2026-09-04T23:16:36.811991+09:00,북촌한옥마을,북촌한옥마을,POI066,KEY_2,1000038000,북촌로5가길,1000023401,브라질대사관,126.9812038502894040_37.5815562759534103,1000004601,아트선재센타,126.9823007060969786_37.5796007692993683,250.0,5.0,정체,126.9823007060969786_37.5796007692993683|126.9822972536010894_37.5796292911074730|126.9823917024047972_37.5799273089699213|126.9823779765214056_37.5799764228013515|126.9821552192083942_37.5802224687814075|126.9819546456237020_37.5805311963954978|126.9817179917203873_37.5808954559517758|126.9816141551167590_37.5811617086964844|126.9815165107633987_37.5813307541008967|126.9814068792123862_37.5814306552793056|126.9812038502894040_37.5815562759534103
2026-09-04T23:16:36.811991+09:00,북촌한옥마을,북촌한옥마을,POI066,KEY_2,1000039100,창덕궁길,1000145700,가회동 11-149,126.9864376946197240_37.5830959611666202,1000024102,대한불교조계종안국선,126.9851713647794469_37.5832602427580653,114.0,13.0,정체,126.9851713647794469_37.5832602427580653|126.9854761281609683_37.5832527016222571|126.9857016172705642_37.5831925220697443|126.9860258673503353_37.5831672393821279|126.9864376946197240_37.5830959611666202
2026-09-04T23:16:36.811991+09:00,북촌한옥마을,북촌한옥마을,POI066,KEY_2,1000039200,창덕궁길,1000134400,원서동 2-2,126.9892407733604642_37.5829070876196951,1000022001,북촌1경,126.9893249216224547_37.5793389188440585,401.0,18.0,서행,126.9893249216224547_37.5793389188440585|126.9893432024728526_37.5794117077019152|126.9893374585478654_37.5795962855689609|126.9893189924063250_37.5801896786208189|126.9893532350689895_37.5809623190334960|126.9893738580933729_37.5812665958495344|126.9893978694693288_37.5816208620396139|126.9894570663397531_37.5819414687995632|126.9895023987834435_37.5821303841621628|126.9895105285284274_37.5822120284156327|126.9895040052748669_37.5823078791324363|126.9894734073156428_37.5824257182516135|126.9893881157924085_37.5826046082802492|126.9892904879125695_37.5827681919472880|126.9892407733604642_37.5829070876196951
2026-09-04T23:16:36.811991+09:00,북촌한옥마을,북촌한옥마을,POI066,KEY_2,1000040700,와룡공원길,1000253800,최소노드배치점,126.9879881469794896_37.5883603016045313,1000025801,베트남대사관관저,126.9853690834960531_37.5864136030075144,467.0,29.0,원활,126.9853690834960531_37.5864136030075144|126.9855026525219017_37.5865908087390252|126.9859522355681491_37.5872277127589811|126.9860686694551930_37.5875235765388354|126.9860870308064307_37.5876322375257814|126.9860653624489117_37.5879779828046452|126.9860758863282655_37.5880517816519557|126.9861332312026292_37.5881869210807054|126.9863613163946638_37.5886900646209909|126.9864770212350606_37.5888628765896513|126.9865535356519501_37.5889386984454390|126.9866484545570557_37.5889842543916757|126.9866865161106091_37.5889835018571148|126.9867575122499943_37.5889574360212890|126.9868568724144637_37.5888844721387372|126.9869692787548416_37.5886969862523941|126.9870663574523775_37.5886339824111033|126.9871830885473685_37.5886283080789241|126.9873689381485065_37.5886490608527382|126.9874389693339509_37.5886348840000935|126.9875587466999463_37.5885508782276005|126.9877150208619838_37.5883939939446208|126.9878346435790348_37.5883445823847993|126.9879479296750588_37.5883404016875460|126.9879881469794896_37.5883603016045313
2026-09-04T23:16:36.811991+09:00,서촌,서촌,POI067,KEY_3,1000017101,효자로,1000179100,궁정동 15,126.9716215222717182_37.5837476489689593,1000024402,신교동교차로,126.9704348699706884_37.5838048349006826,105.0,12.0,정체,126.9704348699706884_37.5838048349006826|126.9716215222717182_37.5837476489689593
2026-09-04T23:16:36.811991+09:00,서촌,서촌,POI067,KEY_3,1000011700,사직로,1000019303,정부서울청사사거리,126.9742603998069796_37.5757097304571062,1000019802,경복궁역사거리,126.9727094012703503_37.5758424186585529,138.0,29.0,원활,126.9727094012703503_37.5758424186585529|126.9729390930378230_37.5758227698022793|126.9733793101036952_37.5757851103966303|126.9742603998069796_37.5757097304571062
2026-09-04T23:16:36.811991+09:00,서촌,서촌,POI067,KEY_3,1000011800,사직로,1000242400,적선동 8-1,126.9733938280741512_37.5758926104395314,1000019304,정부서울청사사거리,126.9742589191568953_37.5758185992423250,77.0,26.0,원활,126.9742589191568953_37.5758185992423250|126.9733938280741512_37.5758926104395314
2026-09-04T23:16:36.811991+09:00,서촌,서촌,POI067,KEY_3,1000012501,사직로,1000020100,사직공원앞,126.9689331702207369_37.5757871464128712,1000020500,국제로타리3650지구,126.9699690365431621_37.5761370516852082,102.0,41.5,원활,126.9699690365431621_37.5761370516852082|126.9697496373347576_37.5761106821251332|126.9695368224083012_37.5760811684848406|126.9693318547466276_37.5760246401807407|126.9691683291127902_37.5759547479891722|126.9690171874282498_37.5758597156690257|126.9689331702207369_37.5757871464128712
2026-09-04T23:16:36.811991+09:00,서촌,서촌,POI067,KEY_3,1000012502,사직로,1000224600,내자동 35,126.9704050096786716_37.5761139325286422,1000019804,경복궁역사거리,126.9725583211622109_37.5759627912727225,191.0,45.0,원활,126.9725583211622109_37.5759627912727225|126.9704050096786716_37.5761139325286422
2026-09-04T23:16:36.811991+09:00,서촌,서촌,POI067,KEY_3,1000012602,사직로,1000224700,필운동 207-1,126.9703930773551974_37.5760062306696909,1000017801,사직공원앞교차로,126.9688995501142443_37.5755985551712186,147.0,22.0,서행,126.9688995501142443_37.5755985551712186|126.9690330692439915_37.5757138803615405|126.9691098168270997_37.5757801695158165|126.9692431458560407_37.5758640022225663|126.9693865754453270_37.5759253044264554|126.9695709408504030_37.5759761519635802|126.9697714418005745_37.5760039577088207|126.9699893215724700_37.5760301448416101|126.9702616329099527_37.5760154554650541|126.9703930773551974_37.5760062306696909
2026-09-04T23:16:36.811991+09:00,서촌,서촌,POI067,KEY_3,1000013100,사직로9길,1000172800,필운동 32-11,126.9676297869552286_37.5773403479924113,1000020804,사직공원,126.9690520892445704_37.5763687926038799,173.0,18.0,서행,126.9690520892445704_37.5763687926038799|126.9685560332300014_37.5765553062680198|126.9685048115022425_37.5765745651147824|126.9682524535478905_37.5766800895520205|126.9680839636594669_37.5767608552037373|126.9679796347772225_37.5768316045617183|126.9678939615713773_37.5769192101987102|126.9678540001803810_37.5769712588458873|126.9676631837378835_37.5772197909861916|126.9676406476160224_37.5772593636872401|126.9676297869552286_37.5773403479924113
2026-09-04T23:16:36.811991+09:00,서촌,서촌,POI067,KEY_3,1000013200,사직로9길,1000172900,필운동 32-11,126.9674947067161952_37.5773288730763042,1000021702,매동초등학교,126.9665695812889794_37.5780507264933661,147.0,8.0,정체,126.9665695812889794_37.5780507264933661|126.9669007139286805_37.5779062931324006|126.9675646417328352_37.5778158734480030|126.9675272780639261_37.5776768649993116|126.9674879332635697_37.5773793801130367|126.9674947067161952_37.5773288730763042
2026-09-04T23:16:36.811991+09:00,서촌,서촌,POI067,KEY_3,1000015101,효자로,1000219200,통의동 7-2,126.9738823732247113_37.5782737331220034,1000022103,한글전각갤러리,126.9737664393316123_37.5793405707998147,119.0,23.0,서행,126.9737664393316123_37.5793405707998147|126.9738823732247113_37.5782737331220034
2026-09-04T23:16:36.811991+09:00,서촌,서촌,POI067,KEY_3,1000015102,효자로,1000041400,창성동 16,126.9736432808576581_37.5805908651879150,1000023603,창성동 75-1,126.9736167411290211_37.5817495935669825,129.0,19.0,서행,126.9736167411290211_37.5817495935669825|126.9736341888375790_37.5807097019062013|126.9736432808576581_37.5805908651879150
2026-09-04T23:16:36.811991+09:00,서촌,서촌,POI067,KEY_3,1000015103,효자로,1000023604,세종로 1-82,126.9736148980526167_37.5818577441157089,1000005203,효자동삼거리,126.9736127255228695_37.5835625507457465,189.0,23.0,서행,126.9736127255228695_37.5835625507457465|126.9735913171579114_37.5832181223740136|126.9736148980526167_37.5818577441157089
2026-09-04T23:16:36.811991+09:00,서촌,서촌,POI067,KEY_3,1000015201,효자로,1000022102,한글전각갤러리,126.9739017858953645_37.5793498869892204,1000019301,정부서울청사사거리,126.9743957935852450_37.5758074664167268,396.0,24.0,서행,126.9743957935852450_37.5758074664167268|126.9743764184428017_37.5760755345660726|126.9743092662572082_37.5764778948295017|126.9741719066146146_37.5773009081164844|126.9741268698984413_37.5775378120208856|126.9740611119599407_37.5778837117652031|126.9740177174622744_37.5782830491677231|126.9739017858953645_37.5793498869892204
2026-09-04T23:16:36.811991+09:00,서촌,서촌,POI067,KEY_3,1000015202,효자로,1000023602,세종로 1-39,126.9737525850962072_37.5817510371078143,1000022101,한글전각갤러리,126.9738905991571443_37.5794569415239579,255.0,29.0,원활,126.9738905991571443_37.5794569415239579|126.9738519824120146_37.5798414672260890|126.9737879055856666_37.5804795024973970|126.9737788834196408_37.5805974360917929|126.9737699881223705_37.5807137109477551|126.9737525850962072_37.5817510371078143
2026-09-04T23:16:36.811991+09:00,서촌,서촌,POI067,KEY_3,1000015203,효자로,1000005202,효자동삼거리,126.9737472613430214_37.5835385999729326,1000023601,세종로 1-39,126.9737507411007016_37.5818592353335603,186.0,21.5,서행,126.9737507411007016_37.5818592353335603|126.9737272227124265_37.5832161948422154|126.9737472613430214_37.5835385999729326
2026-09-04T23:16:36.811991+09:00,서촌,서촌,POI067,KEY_3,1000015301,자하문로,1000076000,통의동 73-1,126.9718349935423021_37.5780828518930079,1000022503,리안갤러리,126.9713323775752372_37.5794446079368853,158.0,33.0,원활,126.9713323775752372_37.5794446079368853|126.9713955110976968_37.5791270137985762|126.9714746554084002_37.5788753862231246|126.9715598075865159_37.5786553696062313|126.9715915417818906_37.5785893478648205|126.9718349935423021_37.5780828518930079
2026-09-04T23:16:36.811991+09:00,서촌,서촌,POI067,KEY_3,1000015302,자하문로,1000053200,창성동 163,126.9710140964178322_37.5808424098074312,1000023203,효자동사무소앞교차로,126.9708450370815314_37.5814524532384127,69.0,40.0,원활,126.9708450370815314_37.5814524532384127|126.9710140964178322_37.5808424098074312
2026-09-04T23:16:36.811991+09:00,서촌,서촌,POI067,KEY_3,1000015303,자하문로,1000204500,효자동 4-2,126.9702899471897268_37.5833214295289793,1000024403,신교동교차로,126.9702998364025035_37.5837863498341065,52.0,30.5,원활,126.9702998364025035_37.5837863498341065|126.9703050502139376_37.5836834288735204|126.9702899471897268_37.5833214295289793
2026-09-04T23:16:36.811991+09:00,서촌,서촌,POI067,KEY_3,1000015401,자하문로,1000140900,통의동 139,126.9725715057905830_37.5765777524989346,1000019801,경복궁역사거리,126.9726968257656665_37.5759522364072183,70.0,20.0,서행,126.9726968257656665_37.5759522364072183|126.9726385507227491_37.5763288934255186|126.9725895796281208_37.5765259070172135|126.9725715057905830_37.5765777524989346
2026-09-04T23:16:36.811991+09:00,서촌,서촌,POI067,KEY_3,1000015402,자하문로,1000172000,창성동 163,126.9714182708217436_37.5796955468538201,1000022501,리안갤러리,126.9714473753110866_37.5795557790706951,16.0,18.0,서행,126.9714473753110866_37.5795557790706951|126.9714182708217436_37.5796955468538201
2026-09-04T23:16:36.811991+09:00,서촌,서촌,POI067,KEY_3,1000015403,자하문로,1000024402,신교동교차로,126.9704348699706884_37.5838048349006826,1000023201,효자동사무소앞교차로,126.9709509591519208_37.5815723472420373,254.0,18.0,서행,126.9709509591519208_37.5815723472420373|126.9707841597674474_37.5821754431325132|126.9706783778710388_37.5824973418818544|126.9706403038144913_37.5825914055628658|126.9704838660099995_37.5829778896126427|126.9704374478816078_37.5831438761179228|126.9704356331519790_37.5831585594092914|126.9704232618846902_37.5832586573173870|126.9704257312769897_37.5833178415591007|126.9704410010707107_37.5836838125807873|126.9704348699706884_37.5838048349006826
2026-09-04T23:16:36.811991+09:00,서촌,서촌,POI067,KEY_3,1000017102,효자로,1000005203,효자동삼거리,126.9736127255228695_37.5835625507457465,1000024302,효자동 136-1,126.9727651070645038_37.5836899468878016,76.0,28.0,원활,126.9727651070645038_37.5836899468878016|126.9730868519890805_37.5836617458525453|126.9732850493551410_37.5836358134354498|126.9736127255228695_37.5835625507457465
2026-09-04T23:16:36.811991+09:00,서촌,서촌,POI067,KEY_3,1000017201,효자로,1000024401,신교동교차로,126.9704231472952358_37.5839137166392874,1000024304,효자동 136-1,126.9726445962887738_37.5838066534172555,197.0,8.0,정체,126.9726445962887738_37.5838066534172555|126.9725182675997104_37.5838127429855859|126.9716297350931740_37.5838555701006740|126.9704231472952358_37.5839137166392874
2026-09-04T23:16:36.811991+09:00,서촌,서촌,POI067,KEY_3,1000017202,효자로,1000024301,효자동 136-1,126.9727799801869850_37.5837974155542724,1000005204,효자동삼거리,126.9736494719598028_37.5836666397267720,78.0,13.0,정체,126.9736494719598028_37.5836666397267720|126.9733145338289120_37.5837415255394376|126.9731053220007908_37.5837688997887582|126.9727799801869850_37.5837974155542724
2026-09-04T23:16:36.811991+09:00,서촌,서촌,POI067,KEY_3,1000017300,청와대로,1000024203,퐁데자르갤러리,126.9791795136897292_37.5834335611764701,1000005202,효자동삼거리,126.9737472613430214_37.5835385999729326,486.0,28.8,원활,126.9737472613430214_37.5835385999729326|126.9739495073895483_37.5835089975692114|126.9741309391237110_37.5835057794776830|126.9743076583270351_37.5835171156289292|126.9752337920588730_37.5836985645955508|126.9754323254462349_37.5837264891222063|126.9757360888294073_37.5837476748394224|126.9763499836077330_37.5837643209452068|126.9766286175151322_37.5837433697827379|126.9789929139192566_37.5834750307908365|126.9791275283093626_37.5834477041164519|126.9791795136897292_37.5834335611764701
2026-09-04T23:16:36.811991+09:00,서촌,서촌,POI067,KEY_3,1000017400,청와대로,1000005201,효자동삼거리,126.9737718367323538_37.5836449359611962,1000024204,퐁데자르갤러리,126.9792234607305943_37.5835358668880062,488.0,29.0,원활,126.9792234607305943_37.5835358668880062|126.9791663527855263_37.5835514035953580|126.9790193732068246_37.5835812400857776|126.9766446063162135_37.5838507686442966|126.9763540772180477_37.5838726139501844|126.9757278388116646_37.5838556337628376|126.9754145390009228_37.5838337820068062|126.9752057008707880_37.5838044082914848|126.9742858206583094_37.5836241849198771|126.9741269844044211_37.5836139960176467|126.9739633976216311_37.5836168972867881|126.9737718367323538_37.5836449359611962
2026-09-04T23:16:36.811991+09:00,서촌,서촌,POI067,KEY_3,1000017902,자하문로,1000024404,신교동교차로,126.9702887008230903_37.5838981643713623,1000005503,청운초등학교앞교차로,126.9701124524852531_37.5850192577998712,125.0,8.0,정체,126.9701124524852531_37.5850192577998712|126.9702068507207429_37.5843551986274846|126.9702248195549572_37.5842438489710702|126.9702887008230903_37.5838981643713623
2026-09-04T23:16:36.811991+09:00,서촌,서촌,POI067,KEY_3,1000018001,자하문로,1000024502,청운효자동주민센터,126.9703592344808527_37.5842595801432040,1000024401,신교동교차로,126.9704231472952358_37.5839137166392874,39.0,25.0,원활,126.9704231472952358_37.5839137166392874|126.9703592344808527_37.5842595801432040
2026-09-04T23:16:36.811991+09:00,서촌,서촌,POI067,KEY_3,1000018101,창의문로,1000024602,로마교황청대사관,126.9728457675683160_37.5845703909657871,1000024301,효자동 136-1,126.9727799801869850_37.5837974155542724,86.0,39.0,원활,126.9727799801869850_37.5837974155542724|126.9728572081485680_37.5843908508877078|126.9728457675683160_37.5845703909657871
2026-09-04T23:16:36.811991+09:00,서촌,서촌,POI067,KEY_3,1000018201,창의문로,1000024304,효자동 136-1,126.9726445962887738_37.5838066534172555,1000024603,로마교황청대사관,126.9727100809917175_37.5845649151704748,85.0,21.0,서행,126.9727100809917175_37.5845649151704748|126.9727209921497462_37.5843936990613798|126.9726445962887738_37.5838066534172555
2026-09-04T23:16:36.811991+09:00,서촌,서촌,POI067,KEY_3,1000034400,새문안로3길,1000018004,서울특별시경찰청,126.9726181216856418_37.5753302820372284,1000019803,경복궁역사거리,126.9725722748504069_37.5758532725264089,58.0,7.0,정체,126.9725722748504069_37.5758532725264089|126.9726181216856418_37.5753302820372284
2026-09-04T23:16:36.811991+09:00,서촌,서촌,POI067,KEY_3,1000034500,새문안로3길,1000019802,경복궁역사거리,126.9727094012703503_37.5758424186585529,1000018001,서울특별시경찰청,126.9727536370288590_37.5753378072978137,56.0,19.5,서행,126.9727536370288590_37.5753378072978137|126.9727094012703503_37.5758424186585529
2026-09-04T23:16:36.811991+09:00,서촌,서촌,POI067,KEY_3,1000035400,사직로,1000020100,사직공원앞,126.9689331702207369_37.5757871464128712,1000020803,사직공원,126.9690172718299976_37.5762610183806203,55.0,15.0,서행,126.9690172718299976_37.5762610183806203|126.9690176590465711_37.5762534996242081|126.9690431103298778_37.5760029129733368|126.9690094967434533_37.5758696498175411|126.9689331702207369_37.5757871464128712
2026-09-04T23:16:36.811991+09:00,서촌,서촌,POI067,KEY_3,1000035500,사직로,1000020801,사직공원,126.9691784887291703_37.5763212667803046,1000020500,국제로타리3650지구,126.9699690365431621_37.5761370516852082,78.0,26.0,원활,126.9699690365431621_37.5761370516852082|126.9697686833340384_37.5761518351769652|126.9695718138024176_37.5761510649457975|126.9693875998096928_37.5761855767635140|126.9692863070662412_37.5761999828963127|126.9692525167726984_37.5762788253313573|126.9691826010248263_37.5763148742371911|126.9691784887291703_37.5763212667803046
2026-09-04T23:16:36.811991+09:00,서촌,서촌,POI067,KEY_3,1000035900,필운대로,1000224400,필운동 90-7,126.9695040668394768_37.5777922111372149,1000020801,사직공원,126.9691784887291703_37.5763212667803046,166.0,22.3,서행,126.9691784887291703_37.5763212667803046|126.9691969462868855_37.5763828936023430|126.9693405611889006_37.5771403942365367|126.9694408943809663_37.5774874192730906|126.9695029274274418_37.5777725792624508|126.9695040668394768_37.5777922111372149
2026-09-04T23:16:36.811991+09:00,서촌,서촌,POI067,KEY_3,1000036000,필운대로,1000020804,사직공원,126.9690520892445704_37.5763687926038799,1000022203,남전빌라,126.9687138280531968_37.5793704536666908,349.0,22.0,서행,126.9687138280531968_37.5793704536666908|126.9687546239317584_37.5790779267177939|126.9687829273219251_37.5789505291486492|126.9688385080072521_37.5788210169326575|126.9689658751803734_37.5786287179888490|126.9692731652074116_37.5782171287653526|126.9693442324946773_37.5781067907773121|126.9693468981465116_37.5780984483779292|126.9693693129710539_37.5780282990733383|126.9693744364591055_37.5779018476733455|126.9693683636006085_37.5777971997568017|126.9693676174400707_37.5777843418463888|126.9693076730202250_37.5775087806212724|126.9692070091942071_37.5771606129258373|126.9690637051114095_37.5764047484192787|126.9690520892445704_37.5763687926038799
2026-09-04T23:16:36.811991+09:00,서촌,서촌,POI067,KEY_3,1000036700,자하문로9길,1000022303,동아일보(안국센터),126.9695424142532403_37.5793993909012940,1000022202,남전빌라,126.9688488504917387_37.5793823807096530,61.0,21.0,서행,126.9688488504917387_37.5793823807096530|126.9695424142532403_37.5793993909012940
2026-09-04T23:16:36.811991+09:00,서촌,서촌,POI067,KEY_3,1000036800,자하문로9길,1000022201,남전빌라,126.9688328252975538_37.5794901579994871,1000022304,동아일보(안국센터),126.9695382302678865_37.5795074586415865,62.0,17.0,서행,126.9695382302678865_37.5795074586415865|126.9688328252975538_37.5794901579994871
2026-09-04T23:16:36.811991+09:00,서촌,서촌,POI067,KEY_3,1000036900,자하문로10길,1000142800,통의동 111,126.9720203025743501_37.5794190653061619,1000022502,리안갤러리,126.9714692086950407_37.5794481827133779,49.0,19.0,서행,126.9714692086950407_37.5794481827133779|126.9715679753719257_37.5794508267448819|126.9720203025743501_37.5794190653061619
2026-09-04T23:16:36.811991+09:00,서촌,서촌,POI067,KEY_3,1000037000,자하문로10길,1000142900,창성동 130-12,126.9720322425473000_37.5795267662096677,1000022104,한글전각갤러리,126.9737551795793422_37.5794483274217725,153.0,12.0,정체,126.9737551795793422_37.5794483274217725|126.9735697636163820_37.5794379905376914|126.9730629180689760_37.5794543875836595|126.9720322425473000_37.5795267662096677
2026-09-04T23:16:36.811991+09:00,서촌,서촌,POI067,KEY_3,1000037100,자하문로9길,1000022503,리안갤러리,126.9713323775752372_37.5794446079368853,1000022302,동아일보(안국센터),126.9696990031626882_37.5794032615336278,144.0,10.0,정체,126.9696990031626882_37.5794032615336278|126.9713323775752372_37.5794446079368853
2026-09-04T23:16:36.811991+09:00,서촌,서촌,POI067,KEY_3,1000037200,자하문로9길,1000022301,동아일보(안국센터),126.9696946832067397_37.5795113265124883,1000022504,리안갤러리,126.9713104107569848_37.5795522254932521,143.0,7.0,정체,126.9713104107569848_37.5795522254932521|126.9696946832067397_37.5795113265124883
2026-09-04T23:16:36.811991+09:00,서촌,서촌,POI067,KEY_3,1000037500,필운대로,1000022204,남전빌라,126.9686980571639339_37.5794765258018728,1000022803,송림빌딩,126.9685356882712739_37.5804932238092491,114.0,26.0,원활,126.9685356882712739_37.5804932238092491|126.9686980571639339_37.5794765258018728
2026-09-04T23:16:36.811991+09:00,서촌,서촌,POI067,KEY_3,1000037600,필운대로,1000022802,송림빌딩,126.9686741950003608_37.5804834577350633,1000022201,남전빌라,126.9688328252975538_37.5794901579994871,111.0,22.0,서행,126.9688328252975538_37.5794901579994871|126.9686741950003608_37.5804834577350633
2026-09-04T23:16:36.811991+09:00,서촌,서촌,POI067,KEY_3,1000037800,자하문로7길,1000022801,송림빌딩,126.9686578562488535_37.5805965200529855,1000022301,동아일보(안국센터),126.9696946832067397_37.5795113265124883,155.0,9.0,정체,126.9696946832067397_37.5795113265124883|126.9692692652712935_37.5800624706534165|126.9690151109681864_37.5803873097957108|126.9688630090200832_37.5805354967659397|126.9687973192017267_37.5805736734474465|126.9686578562488535_37.5805965200529855
2026-09-04T23:16:36.811991+09:00,서촌,서촌,POI067,KEY_3,1000038100,필운대로,1000022804,송림빌딩,126.9685209429991062_37.5806007274706673,1000023103,에프피디,126.9684342930284089_37.5813501306001712,84.0,21.0,서행,126.9684342930284089_37.5813501306001712|126.9685049891164823_37.5807387077675088|126.9685209429991062_37.5806007274706673
2026-09-04T23:16:36.811991+09:00,서촌,서촌,POI067,KEY_3,1000038200,필운대로,1000241300,옥인동 97-1,126.9686402708510542_37.5807486148447012,1000022801,송림빌딩,126.9686578562488535_37.5805965200529855,17.0,14.0,정체,126.9686578562488535_37.5805965200529855|126.9686402708510542_37.5807486148447012
2026-09-04T23:16:36.811991+09:00,서촌,서촌,POI067,KEY_3,1000038300,자하문로17길,1000225200,통인동 36-3,126.9688857136933535_37.5813167023331687,1000023102,에프피디,126.9685736564711362_37.5813247519515699,28.0,9.0,정체,126.9685736564711362_37.5813247519515699|126.9685749712024005_37.5813245125327882|126.9688857136933535_37.5813167023331687
2026-09-04T23:16:36.811991+09:00,서촌,서촌,POI067,KEY_3,1000038400,자하문로17길,1000076600,옥인동 19-26,126.9700897400566646_37.5814884057875389,1000023204,효자동사무소앞교차로,126.9708156731310424_37.5815585293292997,65.0,18.0,서행,126.9708156731310424_37.5815585293292997|126.9700897400566646_37.5814884057875389
2026-09-04T23:16:36.811991+09:00,서촌,서촌,POI067,KEY_3,1000038500,옥인길,1000180200,옥인동 181-10,126.9642459909743053_37.5820107022262775,1000023802,옥인시범아파트,126.9630428521217311_37.5823319085405387,114.0,15.0,서행,126.9630428521217311_37.5823319085405387|126.9634311160631910_37.5822119657700284|126.9638040801608554_37.5821856320575094|126.9638258846782577_37.5821842503104477|126.9639076755914573_37.5821241187128265|126.9640327536944255_37.5820567418513178|126.9642459909743053_37.5820107022262775
2026-09-04T23:16:36.811991+09:00,서촌,서촌,POI067,KEY_3,1000038600,옥인길,1000069500,옥인동 110-1,126.9680003538320960_37.5805898185397709,1000022804,송림빌딩,126.9685209429991062_37.5806007274706673,46.0,14.0,정체,126.9685209429991062_37.5806007274706673|126.9683671770248168_37.5805899174079840|126.9680003538320960_37.5805898185397709
2026-09-04T23:16:36.811991+09:00,서촌,서촌,POI067,KEY_3,1000038700,자하문로16길,1000172200,창성동 90-1,126.9717327455699944_37.5815185120166007,1000023202,효자동사무소앞교차로,126.9709802887062438_37.5814664128165106,67.0,14.0,정체,126.9709802887062438_37.5814664128165106|126.9711685133139412_37.5814868866181371|126.9717224467045895_37.5815159289932978|126.9717327455699944_37.5815185120166007
2026-09-04T23:16:36.811991+09:00,서촌,서촌,POI067,KEY_3,1000038800,자하문로16길,1000068600,효자동 158-3,126.9730842997045812_37.5818361876427218,1000023604,세종로 1-82,126.9736148980526167_37.5818577441157089,47.0,10.0,정체,126.9736148980526167_37.5818577441157089|126.9732424959569812_37.5818454811704967|126.9730842997045812_37.5818361876427218
2026-09-04T23:16:36.811991+09:00,서촌,서촌,POI067,KEY_3,1000039300,필운대로,1000069600,옥인동 24-2,126.9680470023112520_37.5821075252462720,1000023101,에프피디,126.9685342880232355_37.5814428341535844,86.0,7.0,정체,126.9685342880232355_37.5814428341535844|126.9684759826139953_37.5814965813299722|126.9683288819594651_37.5817502410309743|126.9681719575950041_37.5819491441507481|126.9680470023112520_37.5821075252462720
2026-09-04T23:16:36.811991+09:00,서촌,서촌,POI067,KEY_3,1000039400,필운대로,1000157200,신교동 10-2,126.9694797901877337_37.5840007368938416,1000024404,신교동교차로,126.9702887008230903_37.5838981643713623,73.0,17.0,서행,126.9702887008230903_37.5838981643713623|126.9702525079941466_37.5838876996520881|126.9701811117037664_37.5838899539430642|126.9697766764469833_37.5839520242591547|126.9697121775833182_37.5839619230231463|126.9694797901877337_37.5840007368938416
2026-09-04T23:16:36.811991+09:00,성수카페거리,성수카페거리,POI068,KEY_4,1030007102,성수일로,1030090500,성수동1가 14-22,127.0500497846464754_37.5457251894821411,1030002603,경동초등교입구교차로,127.0502646094481776_37.5462577464320475,62.0,15.0,서행,127.0502646094481776_37.5462577464320475|127.0500497846464754_37.5457251894821411
2026-09-04T23:16:36.811991+09:00,성수카페거리,성수카페거리,POI068,KEY_4,1030007202,성수일로,1030090400,성수동2가 276-5,127.0501790706398992_37.5456921266287651,1030012601,경동초교오거리,127.0496733755156384_37.5442307671763373,168.0,12.0,정체,127.0496733755156384_37.5442307671763373|127.0497212170377708_37.5443631248183181|127.0499300180839839_37.5450095261678314|127.0501646242803133_37.5456563134568739|127.0501790706398992_37.5456921266287651
2026-09-04T23:16:36.811991+09:00,성수카페거리,성수카페거리,POI068,KEY_4,1030005301,성수이로,1030101200,성수동2가 331-178,127.0550821086010416_37.5394988488500658,1030010703,갤러리까르찌나,127.0561816633971404_37.5421553809868200,310.0,12.0,정체,127.0561816633971404_37.5421553809868200|127.0557526736894971_37.5411339142652452|127.0557239227858446_37.5410654544732481|127.0553170924106041_37.5400832535740463|127.0552972968159366_37.5400354608421907|127.0550821086010416_37.5394988488500658
2026-09-04T23:16:36.811991+09:00,성수카페거리,성수카페거리,POI068,KEY_4,1030005302,성수이로,1030073200,성수동2가 276-5,127.0568177720555667_37.5436940280859019,1030002203,성수역앞교차로,127.0570347466332066_37.5442328886752179,63.0,12.0,정체,127.0570347466332066_37.5442328886752179|127.0569509882276407_37.5440193491518812|127.0568177720555667_37.5436940280859019
2026-09-04T23:16:36.811991+09:00,성수카페거리,성수카페거리,POI068,KEY_4,1030005402,성수이로,1030073300,성수동2가 276-5,127.0569468700353042_37.5436605114481381,1030010701,갤러리까르찌나,127.0563519556657468_37.5422201231263841,168.0,5.0,정체,127.0563519556657468_37.5422201231263841|127.0565888381958075_37.5427861677397772|127.0569468700353042_37.5436605114481381
2026-09-04T23:16:36.811991+09:00,성수카페거리,성수카페거리,POI068,KEY_4,1030006700,아차산로,1030155100,최소노드배치점,127.0605345627924692_37.5431769314548376,1030002202,성수역앞교차로,127.0571620452814585_37.5441947558812004,319.0,24.0,서행,127.0571620452814585_37.5441947558812004|127.0596780069787854_37.5434366092217857|127.0605345627924692_37.5431769314548376
2026-09-04T23:16:36.811991+09:00,성수카페거리,성수카페거리,POI068,KEY_4,1030006800,아차산로,1030155200,최소노드배치점,127.0605828789987299_37.5432779751978245,1040017704,성수사거리,127.0639614752629001_37.5422536244032941,319.0,28.0,원활,127.0639614752629001_37.5422536244032941|127.0605828789987299_37.5432779751978245
2026-09-04T23:16:36.811991+09:00,성수카페거리,성수카페거리,POI068,KEY_4,1030007101,성수일로,1030058800,성수동1가 656-6,127.0494476137624815_37.5439902196161697,1030012603,경동초교오거리,127.0495158134506823_37.5441849133654415,22.0,18.0,서행,127.0495158134506823_37.5441849133654415|127.0494476137624815_37.5439902196161697
2026-09-04T23:16:36.811991+09:00,성수카페거리,성수카페거리,POI068,KEY_4,1030007501,아차산로,1030014203,성수동2가 289-36,127.0539586731564441_37.5451536346176411,1030002602,경동초등교입구교차로,127.0503914838047592_37.5462187041797151,337.0,31.0,원활,127.0503914838047592_37.5462187041797151|127.0523124049013006_37.5456446551002117|127.0539586731564441_37.5451536346176411
2026-09-04T23:16:36.811991+09:00,성수카페거리,성수카페거리,POI068,KEY_4,1030007502,아차산로,1030002203,성수역앞교차로,127.0570347466332066_37.5442328886752179,1030014202,성수동2가 289-36,127.0540851813006498_37.5451156524000069,278.0,27.0,원활,127.0540851813006498_37.5451156524000069|127.0551155584557677_37.5448042641446307|127.0552432926114363_37.5447659621741821|127.0570347466332066_37.5442328886752179
2026-09-04T23:16:36.811991+09:00,성수카페거리,성수카페거리,POI068,KEY_4,1030007601,아차산로,1030002601,경동초등교입구교차로,127.0504329599087896_37.5463217931361726,1030014204,성수동2가 289-30,127.0540063077144595_37.5452548832955628,337.0,17.7,서행,127.0540063077144595_37.5452548832955628|127.0523600803686293_37.5457458918457476|127.0504329599087896_37.5463217931361726
2026-09-04T23:16:36.811991+09:00,성수카페거리,성수카페거리,POI068,KEY_4,1030007602,아차산로,1030014201,성수동2가 289-30,127.0541333653158063_37.5452167369424359,1030013104,제일빌딩,127.0551637436607280_37.5449053482710156,97.0,18.0,서행,127.0551637436607280_37.5449053482710156|127.0541333653158063_37.5452167369424359
2026-09-04T23:16:36.811991+09:00,성수카페거리,성수카페거리,POI068,KEY_4,1030007603,아차산로,1030013101,제일빌딩,127.0552908264291858_37.5448672411363233,1030002204,성수역앞교차로,127.0570737295237649_37.5443367120808986,168.0,33.0,원활,127.0570737295237649_37.5443367120808986|127.0552908264291858_37.5448672411363233
2026-09-04T23:16:36.811991+09:00,성수카페거리,성수카페거리,POI068,KEY_4,1030008501,성수이로,1030002204,성수역앞교차로,127.0570737295237649_37.5443367120808986,1030013503,한국창업경제신문,127.0572046441045018_37.5448312398540978,56.0,14.0,정체,127.0572046441045018_37.5448312398540978|127.0571171648273179_37.5444570554124013|127.0570737295237649_37.5443367120808986
2026-09-04T23:16:36.811991+09:00,성수카페거리,성수카페거리,POI068,KEY_4,1030008502,성수이로,1030013504,한국창업경제신문,127.0572313244105942_37.5449387006975996,1030015303,성수동2가 289-30,127.0576054505362151_37.5463843181490162,164.0,27.0,원활,127.0576054505362151_37.5463843181490162|127.0572313244105942_37.5449387006975996
2026-09-04T23:16:36.811991+09:00,성수카페거리,성수카페거리,POI068,KEY_4,1030008601,성수이로,1030013502,한국창업경제신문,127.0573338133080341_37.5447929467852788,1030002201,성수역앞교차로,127.0572012394779193_37.5442985484642762,56.0,11.0,정체,127.0572012394779193_37.5442985484642762|127.0572494690148631_37.5444321733197555|127.0573338133080341_37.5447929467852788
2026-09-04T23:16:36.811991+09:00,성수카페거리,성수카페거리,POI068,KEY_4,1030008602,성수이로,1030015302,성수동2가 289-30,127.0577384472191653_37.5463624968232850,1030013501,한국창업경제신문,127.0573600869082753_37.5449005282458117,166.0,20.0,서행,127.0573600869082753_37.5449005282458117|127.0577384472191653_37.5463624968232850
2026-09-04T23:16:36.811991+09:00,성수카페거리,성수카페거리,POI068,KEY_4,1030009102,아차산로,1030016003,뚝섬역(서울2호선),127.0466946591980104_37.5474024880960968,1030017102,뚝섬역앞교차로,127.0445619470601031_37.5480557481142156,202.0,32.0,원활,127.0445619470601031_37.5480557481142156|127.0446249032181640_37.5480437882236018|127.0458005883487971_37.5477079881317337|127.0466946591980104_37.5474024880960968
2026-09-04T23:16:36.811991+09:00,성수카페거리,성수카페거리,POI068,KEY_4,1030009103,아차산로,1030015603,뚝섬미술관,127.0485988749721571_37.5467876679392063,1030016002,뚝섬역(서울2호선),127.0468607627340276_37.5473483609669358,166.0,26.0,원활,127.0468607627340276_37.5473483609669358|127.0485988749721571_37.5467876679392063
2026-09-04T23:16:36.811991+09:00,성수카페거리,성수카페거리,POI068,KEY_4,1030009104,아차산로,1030002603,경동초등교입구교차로,127.0502646094481776_37.5462577464320475,1030015602,뚝섬미술관,127.0487523357495689_37.5467383237563368,144.0,13.0,정체,127.0487523357495689_37.5467383237563368|127.0502646094481776_37.5462577464320475
2026-09-04T23:16:36.811991+09:00,성수카페거리,성수카페거리,POI068,KEY_4,1030009203,아차산로,1030016300,뚝섬역1번출구,127.0458502973536099_37.5478085500334871,1030015604,뚝섬미술관,127.0486498669871906_37.5468878757781184,268.0,34.0,원활,127.0486498669871906_37.5468878757781184|127.0469117528058831_37.5474485695482230|127.0467481960743328_37.5475018476119402|127.0458502973536099_37.5478085500334871
2026-09-04T23:16:36.811991+09:00,성수카페거리,성수카페거리,POI068,KEY_4,1030009204,아차산로,1030015601,뚝섬미술관,127.0488026707037932_37.5468387411565701,1030002604,경동초등교입구교차로,127.0503061250636279_37.5463609661244959,143.0,31.0,원활,127.0503061250636279_37.5463609661244959|127.0488026707037932_37.5468387411565701
2026-09-04T23:16:36.811991+09:00,성수카페거리,성수카페거리,POI068,KEY_4,1030010600,성수일로,1030129800,성수동2가 289-30,127.0506496017160885_37.5468618000411780,1030002601,경동초등교입구교차로,127.0504329599087896_37.5463217931361726,63.0,17.0,서행,127.0504329599087896_37.5463217931361726|127.0506496017160885_37.5468618000411780
2026-09-04T23:16:36.811991+09:00,성수카페거리,성수카페거리,POI068,KEY_4,1030023302,성수이로16길,1030037901,성수동2가 816-4,127.0621568721912524_37.5392269336933992,1030037801,속성변화점,127.0604922348733794_37.5399737831362117,173.0,7.0,정체,127.0604922348733794_37.5399737831362117|127.0618595275038842_37.5395244777699517|127.0621167614787623_37.5392508297864680|127.0621568721912524_37.5392269336933992
2026-09-04T23:16:36.811991+09:00,성수카페거리,성수카페거리,POI068,KEY_4,1030023401,뚝섬로17길,1030074400,성수동2가 269-236,127.0598357008560555_37.5390819065168984,1030037802,속성변화점,127.0604272390665699_37.5401121045390269,126.0,20.0,서행,127.0604272390665699_37.5401121045390269|127.0600046535807337_37.5394385874640051|127.0598475191505088_37.5391161993069318|127.0598357008560555_37.5390819065168984
2026-09-04T23:16:36.811991+09:00,성수카페거리,성수카페거리,POI068,KEY_4,1030023402,성수이로16길,1030037802,속성변화점,127.0604272390665699_37.5401121045390269,1030037902,성수동2가 250-7,127.0622137260167790_37.5393281047465095,185.0,10.0,정체,127.0622137260167790_37.5393281047465095|127.0619458477006418_37.5396130764986964|127.0604272390665699_37.5401121045390269
2026-09-04T23:16:36.811991+09:00,성수카페거리,성수카페거리,POI068,KEY_4,1030025200,연무장길,1030130600,성수동2가 275-24,127.0580091136766612_37.5415980110375500,1030010702,갤러리까르찌나,127.0563089149059834_37.5421174674703337,161.0,6.0,정체,127.0563089149059834_37.5421174674703337|127.0580091136766612_37.5415980110375500
2026-09-04T23:16:36.811991+09:00,성수카페거리,성수카페거리,POI068,KEY_4,1030025300,연무장길,1030082400,성수동2가 275-24,127.0594801592498300_37.5412693964118844,1040016704,성수동2가 276-5,127.0628163093967800_37.5402655849892426,315.0,5.0,정체,127.0628163093967800_37.5402655849892426|127.0621978736841697_37.5404485565288084|127.0615071171166619_37.5406572039244466|127.0595653770350850_37.5412436909119265|127.0594801592498300_37.5412693964118844
2026-09-04T23:16:36.811991+09:00,성수카페거리,성수카페거리,POI068,KEY_4,1030026201,뚝섬로5길,1030007907,성수동2가333-84,127.0511418059016080_37.5419733463633918,1030008301,성수동1가 276-34,127.0505209099312509_37.5400671167226250,219.0,20.0,서행,127.0505209099312509_37.5400671167226250|127.0507009988581331_37.5406931957032413|127.0507129685465060_37.5407249042804665|127.0508491504052273_37.5410856579620003|127.0508645474510132_37.5411323611306713|127.0509856790272210_37.5414997819916394|127.0511418059016080_37.5419733463633918
2026-09-04T23:16:36.811991+09:00,성수카페거리,성수카페거리,POI068,KEY_4,1030026202,뚝섬로5길,1030153900,최소노드배치점,127.0539358567467474_37.5415236710096067,1030007907,성수동2가333-84,127.0511418059016080_37.5419733463633918,279.0,14.0,정체,127.0511418059016080_37.5419733463633918|127.0533057566949822_37.5419987135351718|127.0535888319341069_37.5420086775092159|127.0535916655420721_37.5420074544678215|127.0539384595522705_37.5415398732796817|127.0539362246359900_37.5415239464283061|127.0539358567467474_37.5415236710096067
2026-09-04T23:16:36.811991+09:00,성수카페거리,성수카페거리,POI068,KEY_4,1030026301,뚝섬로5길,1030154000,최소노드배치점,127.0540288655895154_37.5414448991232348,1030007902,성원중학교,127.0518167576303341_37.5397389713006930,272.0,13.0,정체,127.0518167576303341_37.5397389713006930|127.0519510862119006_37.5398521095855244|127.0531043952893810_37.5407527892537374|127.0540288655895154_37.5414448991232348
2026-09-04T23:16:36.811991+09:00,성수카페거리,성수카페거리,POI068,KEY_4,1030026302,뚝섬로5길,1030058200,성수동1가 694-3,127.0508543466555835_37.5415272349326870,1030007908,성수동2가333-84,127.0510408429570361_37.5420318807305975,59.0,14.0,정체,127.0510408429570361_37.5420318807305975|127.0510093731079735_37.5419974645077161|127.0508543466555835_37.5415272349326870
2026-09-04T23:16:36.811991+09:00,성수카페거리,성수카페거리,POI068,KEY_4,1030027500,연무장길,1030046400,성수동1가 16-11,127.0498135853201518_37.5440720015569482,1030012602,경동초교오거리,127.0496362503706678_37.5441262961726352,17.0,5.0,정체,127.0496362503706678_37.5441262961726352|127.0498135853201518_37.5440720015569482
2026-09-04T23:16:36.811991+09:00,성수카페거리,성수카페거리,POI068,KEY_4,1030027600,연무장길,1030056400,성수동2가 314-20,127.0513077026240580_37.5437303719044237,1030010704,갤러리까르찌나,127.0562246716134780_37.5422579759689938,464.0,4.0,정체,127.0562246716134780_37.5422579759689938|127.0545637037083964_37.5427394156326670|127.0541726371046565_37.5428610368981666|127.0532280717800546_37.5431468348450679|127.0526780596860021_37.5433132479891327|127.0519993710612709_37.5435185892961556|127.0513077026240580_37.5437303719044237
2026-09-04T23:16:36.811991+09:00,성수카페거리,성수카페거리,POI068,KEY_4,1030030200,성수일로8길,1030013503,한국창업경제신문,127.0572046441045018_37.5448312398540978,1030014702,롯데캐슬파크아파트,127.0555171066052367_37.5453315049633218,159.0,20.0,서행,127.0555171066052367_37.5453315049633218|127.0572046441045018_37.5448312398540978
2026-09-04T23:16:36.811991+09:00,성수카페거리,성수카페거리,POI068,KEY_4,1030030300,성수일로8길,1030014701,롯데캐슬파크아파트,127.0555644840728888_37.5454328297893198,1030013504,한국창업경제신문,127.0572313244105942_37.5449387006975996,157.0,16.0,서행,127.0572313244105942_37.5449387006975996|127.0555644840728888_37.5454328297893198
2026-09-04T23:16:36.811991+09:00,성수카페거리,성수카페거리,POI068,KEY_4,1030030400,아차산로.성수일로8길,1030014702,롯데캐슬파크아파트,127.0555171066052367_37.5453315049633218,1030013101,제일빌딩,127.0552908264291858_37.5448672411363233,55.0,19.0,서행,127.0552908264291858_37.5448672411363233|127.0555171066052367_37.5453315049633218
2026-09-04T23:16:36.811991+09:00,성수카페거리,성수카페거리,POI068,KEY_4,1030030500,아차산로.성수일로8길,1030013104,제일빌딩,127.0551637436607280_37.5449053482710156,1030014703,롯데캐슬파크아파트,127.0553898422885766_37.5453692393267602,55.0,18.0,서행,127.0553898422885766_37.5453692393267602|127.0551637436607280_37.5449053482710156
2026-09-04T23:16:36.811991+09:00,성수카페거리,성수카페거리,POI068,KEY_4,1030030800,아차산로7길,1030014802,성수미술관,127.0543504174999470_37.5456774935109223,1030014201,성수동2가 289-30,127.0541333653158063_37.5452167369424359,55.0,14.0,정체,127.0541333653158063_37.5452167369424359|127.0543504174999470_37.5456774935109223
2026-09-04T23:16:36.811991+09:00,성수카페거리,성수카페거리,POI068,KEY_4,1030030900,아차산로7길,1030014204,성수동2가 289-30,127.0540063077144595_37.5452548832955628,1030014803,성수미술관,127.0542232774579929_37.5457154645452462,55.0,4.0,정체,127.0542232774579929_37.5457154645452462|127.0540063077144595_37.5452548832955628
2026-09-04T23:16:36.811991+09:00,성수카페거리,성수카페거리,POI068,KEY_4,1030031000,성수일로8길,1030014703,롯데캐슬파크아파트,127.0553898422885766_37.5453692393267602,1030014802,성수미술관,127.0543504174999470_37.5456774935109223,98.0,21.0,서행,127.0543504174999470_37.5456774935109223|127.0553898422885766_37.5453692393267602
2026-09-04T23:16:36.811991+09:00,성수카페거리,성수카페거리,POI068,KEY_4,1030031100,성수일로8길,1030014801,성수미술관,127.0543982553893017_37.5457786826499387,1030014704,롯데캐슬파크아파트,127.0554372382108852_37.5454705586781685,98.0,12.0,정체,127.0554372382108852_37.5454705586781685|127.0543982553893017_37.5457786826499387
2026-09-04T23:16:36.811991+09:00,성수카페거리,성수카페거리,POI068,KEY_4,1030031200,상원1길,1030091200,성수동1가 9-9,127.0475389473704695_37.5463909592910170,1030016003,뚝섬역(서울2호선),127.0466946591980104_37.5474024880960968,136.0,6.0,정체,127.0466946591980104_37.5474024880960968|127.0467667964252172_37.5472315847214801|127.0468079071165732_37.5471725962568641|127.0475389473704695_37.5463909592910170
2026-09-04T23:16:36.811991+09:00,성수카페거리,성수카페거리,POI068,KEY_4,1030031300,상원1길,1030092700,성수동1가 656-596,127.0491527603527828_37.5449023730718565,1030012604,경동초교오거리,127.0495606160925774_37.5443097282205116,75.0,9.0,정체,127.0495606160925774_37.5443097282205116|127.0495429811575576_37.5443262001981850|127.0494710750145373_37.5444208496823464|127.0493422255462690_37.5446591584226965|127.0492106063175726_37.5448424117116630|127.0491527603527828_37.5449023730718565
2026-09-04T23:16:36.811991+09:00,성수카페거리,성수카페거리,POI068,KEY_4,1030031800,아차산로7길,1030015802,성수2가3동주민센터,127.0551108236613373_37.5472806334136706,1030014801,성수미술관,127.0543982553893017_37.5457786826499387,178.0,7.0,정체,127.0543982553893017_37.5457786826499387|127.0551108236613373_37.5472806334136706
2026-09-04T23:16:36.811991+09:00,성수카페거리,성수카페거리,POI068,KEY_4,1030031900,아차산로7길,1030014804,성수미술관,127.0542712260709806_37.5458168891166935,1030015803,성수2가3동주민센터,127.0549936974906160_37.5473397187022684,181.0,13.5,정체,127.0549936974906160_37.5473397187022684|127.0542712260709806_37.5458168891166935
2026-09-04T23:16:36.811991+09:00,성수카페거리,성수카페거리,POI068,KEY_4,1030035200,상원길,1030106300,성수동1가 13-219,127.0486061067635859_37.5475435639625346,1030015601,뚝섬미술관,127.0488026707037932_37.5468387411565701,80.0,11.0,정체,127.0488026707037932_37.5468387411565701|127.0486061067635859_37.5475435639625346
2026-09-04T23:16:36.811991+09:00,성수카페거리,성수카페거리,POI068,KEY_4,1040001301,동일로,1040000604,영동대교북단교차로,127.0610526784373917_37.5373122223369862,1030037901,성수동2가 816-4,127.0621568721912524_37.5392269336933992,234.0,9.0,정체,127.0621568721912524_37.5392269336933992|127.0611551294457797_37.5374646790849980|127.0610526784373917_37.5373122223369862
2026-09-04T23:16:36.811991+09:00,성수카페거리,성수카페거리,POI068,KEY_4,1040001303,동일로,1030123900,성수동2가 276-5,127.0636134955508538_37.5416490130212281,1040017703,성수사거리,127.0639050895056812_37.5421550277301534,62.0,32.8,원활,127.0639050895056812_37.5421550277301534|127.0636134955508538_37.5416490130212281
2026-09-04T23:16:36.811991+09:00,성수카페거리,성수카페거리,POI068,KEY_4,1040001304,동일로,1030037902,성수동2가 250-7,127.0622137260167790_37.5393281047465095,1040015802,영동대교고가차도(북측),127.0623811726308219_37.5394948679126799,24.0,9.0,정체,127.0623811726308219_37.5394948679126799|127.0622166959724524_37.5393334314916913|127.0622137260167790_37.5393281047465095
2026-09-04T23:16:36.811991+09:00,성수카페거리,성수카페거리,POI068,KEY_4,1040001305,동일로,1030151300,성수동2가 250-7,127.0624969443109649_37.5397001913100041,1040016703,성수동2가 276-5,127.0627600875261436_37.5401668764377092,57.0,43.0,원활,127.0627600875261436_37.5401668764377092|127.0624969443109649_37.5397001913100041
2026-09-04T23:16:36.811991+09:00,성수카페거리,성수카페거리,POI068,KEY_4,1040001401,동일로,1040015801,영동대교고가차도(북측),127.0625052128641386_37.5394503728433619,1040000601,영동대교북단교차로,127.0613146223214329_37.5372437064079918,267.0,27.3,원활,127.0613146223214329_37.5372437064079918|127.0613988379963502_37.5373690267760622|127.0624191875248812_37.5391674512574340|127.0624742122687110_37.5392650416171847|127.0625052128641386_37.5394503728433619
2026-09-04T23:16:36.811991+09:00,성수카페거리,성수카페거리,POI068,KEY_4,1040001402,동일로,1040016702,자양동 24-10,127.0628863220353537_37.5401267628382485,1040015801,영동대교고가차도(북측),127.0625052128641386_37.5394503728433619,82.0,22.0,서행,127.0625052128641386_37.5394503728433619|127.0626209903454509_37.5396558553713575|127.0628863220353537_37.5401267628382485
2026-09-04T23:16:36.811991+09:00,성수카페거리,성수카페거리,POI068,KEY_4,1040001403,동일로,1040136200,자양동 23-9,127.0637369066414379_37.5416039221817570,1040016701,자양동 24-10,127.0629424504767826_37.5402252363948463,168.0,17.0,서행,127.0629424504767826_37.5402252363948463|127.0637369066414379_37.5416039221817570
2026-09-04T23:16:36.811991+09:00,성수카페거리,성수카페거리,POI068,KEY_4,1040011000,아차산로,1040140700,최소노드배치점,127.0672902949043674_37.5410070020582083,1040017702,성수사거리,127.0640311954609132_37.5421146116750606,313.0,20.0,서행,127.0640311954609132_37.5421146116750606|127.0672609375260862_37.5410170619344754|127.0672902949043674_37.5410070020582083
2026-09-04T23:16:36.811991+09:00,성수카페거리,성수카페거리,POI068,KEY_4,1040026800,동일로,1030154600,최소노드배치점,127.0610289490025622_37.5371433839890969,1040015802,영동대교고가차도(북측),127.0623811726308219_37.5394948679126799,287.0,57.7,원활,127.0623811726308219_37.5394948679126799|127.0612160481458659_37.5374407538958650|127.0610904233777774_37.5372538118366208|127.0610289490025622_37.5371433839890969
2026-09-04T23:16:36.811991+09:00,성수카페거리,성수카페거리,POI068,KEY_4,1040029200,동일로18길,1040130400,자양동 16-35,127.0636162082404610_37.5398770706210243,1040016702,자양동 24-10,127.0628863220353537_37.5401267628382485,70.0,14.5,정체,127.0628863220353537_37.5401267628382485|127.0636162082404610_37.5398770706210243
2026-09-04T23:16:36.811991+09:00,성수카페거리,성수카페거리,POI068,KEY_4,1040042400,동일로,1040133600,화양동 50-7,127.0643751852390722_37.5427205809451507,1040017701,성수사거리,127.0640874503661450_37.5422130496247988,62.0,29.0,원활,127.0640874503661450_37.5422130496247988|127.0643751852390722_37.5427205809451507
2026-09-04T23:16:36.811991+09:00,송리단길·호수단길,송리단길·호수단길,POI121,KEY_1,1230002901,송파대로,1230403000,석촌동 323,127.1079092974091509_37.5043480585392359,1230001503,석촌역사거리,127.1071785823462221_37.5051497573641299,110.0,20.0,서행,127.1071785823462221_37.5051497573641299|127.1079092974091509_37.5043480585392359
2026-09-04T23:16:36.811991+09:00,송리단길·호수단길,송리단길·호수단길,POI121,KEY_1,1230003102,송파대로,1230412500,석촌동 209,127.1044792274671522_37.5081049831544888,1230036703,석촌호수앞교차로,127.1039824947923051_37.5086487529905597,75.0,26.0,원활,127.1039824947923051_37.5086487529905597|127.1044792274671522_37.5081049831544888
2026-09-04T23:16:36.811991+09:00,송리단길·호수단길,송리단길·호수단길,POI121,KEY_1,1230003202,송파대로,1230374800,송파동 69,127.1062313433935884_37.5063706298099575,1230001501,석촌역사거리,127.1072109621140953_37.5052981513314023,147.0,20.0,서행,127.1072109621140953_37.5052981513314023|127.1062313433935884_37.5063706298099575
2026-09-04T23:16:36.811991+09:00,송리단길·호수단길,송리단길·호수단길,POI121,KEY_1,1230003300,송파대로,1230036704,석촌호수앞교차로,127.1039028911642674_37.5087367936795530,1230001703,석촌호수앞교차로,127.1017878219228550_37.5111046223331428,323.0,25.0,원활,127.1017878219228550_37.5111046223331428|127.1039028911642674_37.5087367936795530
2026-09-04T23:16:36.811991+09:00,송리단길·호수단길,송리단길·호수단길,POI121,KEY_1,1230003400,송파대로,1230001702,석촌호수앞교차로,127.1019076941057762_37.5111569141952117,1230036701,석촌호수앞교차로,127.1040028890472797_37.5088113302377195,320.0,32.3,원활,127.1040028890472797_37.5088113302377195|127.1019076941057762_37.5111569141952117
2026-09-04T23:16:36.811991+09:00,송리단길·호수단길,송리단길·호수단길,POI121,KEY_1,1230017104,백제고분로,1230030504,석촌동주민센터,127.1032847802360806_37.5038619289310020,1230031102,석촌지하차도(동측),127.1046857627125632_37.5042645101804695,133.0,23.0,서행,127.1046857627125632_37.5042645101804695|127.1044083485424636_37.5042361486825016|127.1034318138435708_37.5039319569095682|127.1032847802360806_37.5038619289310020
2026-09-04T23:16:36.811991+09:00,송리단길·호수단길,송리단길·호수단길,POI121,KEY_1,1230017105,백제고분로,1230408300,석촌동 208,127.1063402833136706_37.5048772465737272,1230001504,석촌역사거리,127.1070984507477277_37.5052375718930762,78.0,18.0,서행,127.1070984507477277_37.5052375718930762|127.1063402833136706_37.5048772465737272
2026-09-04T23:16:36.811991+09:00,송리단길·호수단길,송리단길·호수단길,POI121,KEY_1,1230018100,삼학사로,1230399400,삼전동 152,127.0971851736833997_37.5058146183606098,1230034303,석촌호교차로,127.0972427646003808_37.5065427063586085,81.0,28.0,원활,127.0972427646003808_37.5065427063586085|127.0971851736833997_37.5058146183606098
2026-09-04T23:16:36.811991+09:00,송리단길·호수단길,송리단길·호수단길,POI121,KEY_1,1230020300,석촌호수로,1230425400,최소노드배치점,127.1008735740489470_37.5071235777689509,1230036704,석촌호수앞교차로,127.1039028911642674_37.5087367936795530,323.0,22.7,서행,127.1039028911642674_37.5087367936795530|127.1030871966188158_37.5081804312170775|127.1027814029224459_37.5079972621807372|127.1027257780679207_37.5079698553039691|127.1018874551534168_37.5075568002840285|127.1015021632143061_37.5073921700333557|127.1008735740489470_37.5071235777689509
2026-09-04T23:16:36.811991+09:00,송리단길·호수단길,송리단길·호수단길,POI121,KEY_1,1230020400,석촌호수로,1230369400,석촌동 191,127.0987703823118125_37.5064112799268017,1230034302,석촌호교차로,127.0973765618586384_37.5065150079019958,125.0,23.0,서행,127.0973765618586384_37.5065150079019958|127.0976452744375536_37.5064483289197952|127.0979269591683192_37.5064090615062042|127.0982641563232818_37.5063794736021237|127.0986308344447906_37.5063986405236136|127.0987703823118125_37.5064112799268017
2026-09-04T23:16:36.811991+09:00,송리단길·호수단길,송리단길·호수단길,POI121,KEY_1,1230020702,백제고분로,1230001501,석촌역사거리,127.1072109621140953_37.5052981513314023,1230034004,송파1동주민센터,127.1088655538812588_37.5063711660504993,189.0,9.0,정체,127.1088655538812588_37.5063711660504993|127.1081423911864619_37.5058679402322923|127.1078766893419214_37.5057054024290366|127.1072109621140953_37.5052981513314023
2026-09-04T23:16:36.811991+09:00,송리단길·호수단길,송리단길·호수단길,POI121,KEY_1,1230020703,백제고분로,1230379600,송파동 65,127.1103575111599184_37.5077338034744230,1230037103,신도빌딩,127.1112559046677433_37.5088767942406491,150.0,18.0,서행,127.1112559046677433_37.5088767942406491|127.1106628130731337_37.5080966789885863|127.1105723711036433_37.5079891819933167|127.1103575111599184_37.5077338034744230
2026-09-04T23:16:36.811991+09:00,송리단길·호수단길,송리단길·호수단길,POI121,KEY_1,1230020704,백제고분로,1230037104,신도빌딩,127.1113205737348011_37.5089721229789319,1230038703,방이사거리,127.1121447508134281_37.5103227955162382,167.0,14.0,정체,127.1121447508134281_37.5103227955162382|127.1113205737348011_37.5089721229789319
2026-09-04T23:16:36.811991+09:00,송리단길·호수단길,송리단길·호수단길,POI121,KEY_1,1230020802,백제고분로,1230380600,송파동 1-1,127.1079593458693466_37.5056196474404473,1230001502,석촌역사거리,127.1072907892475996_37.5052106659885780,75.0,7.0,정체,127.1072907892475996_37.5052106659885780|127.1079593458693466_37.5056196474404473
2026-09-04T23:16:36.811991+09:00,송리단길·호수단길,송리단길·호수단길,POI121,KEY_1,1230020803,백제고분로,1230374600,송파동 1-10,127.1106851121904526_37.5079289853775180,1230034002,송파1동주민센터,127.1090542359617643_37.5063612342065085,227.0,15.0,서행,127.1090542359617643_37.5063612342065085|127.1092969398728911_37.5065416094445183|127.1103283201647685_37.5075049084885492|127.1104702520797503_37.5076736070397345|127.1106851121904526_37.5079289853775180
2026-09-04T23:16:36.811991+09:00,송리단길·호수단길,송리단길·호수단길,POI121,KEY_1,1230020804,백제고분로,1230038702,방이사거리,127.1122582668871672_37.5102615124608363,1230037101,신도빌딩,127.1114426409161240_37.5089248551582415,165.0,9.0,정체,127.1114426409161240_37.5089248551582415|127.1122582668871672_37.5102615124608363
2026-09-04T23:16:36.811991+09:00,송리단길·호수단길,송리단길·호수단길,POI121,KEY_1,1230022100,오금로,1230367600,송파동 3-15,127.1135151757795256_37.5095306777973931,1230038702,방이사거리,127.1122582668871672_37.5102615124608363,138.0,28.0,원활,127.1122582668871672_37.5102615124608363|127.1125345987760653_37.5100795617425007|127.1131362332325097_37.5097427951161677|127.1135151757795256_37.5095306777973931
2026-09-04T23:16:36.811991+09:00,송리단길·호수단길,송리단길·호수단길,POI121,KEY_1,1230023701,석촌호수로,1230036701,석촌호수앞교차로,127.1040028890472797_37.5088113302377195,1230038204,수림빌딩,127.1051505452613100_37.5097264956549949,144.0,11.0,정체,127.1051505452613100_37.5097264956549949|127.1048424116308126_37.5094807866672255|127.1040028890472797_37.5088113302377195
2026-09-04T23:16:36.811991+09:00,송리단길·호수단길,송리단길·호수단길,POI121,KEY_1,1230023801,석촌호수로,1230383600,송파동 60,127.1049384312716057_37.5094043721425194,1230036702,석촌호수앞교차로,127.1040831324389728_37.5087223370806129,107.0,22.0,서행,127.1040831324389728_37.5087223370806129|127.1049384312716057_37.5094043721425194
2026-09-04T23:16:36.811991+09:00,송리단길·호수단길,송리단길·호수단길,POI121,KEY_1,1230023802,석촌호수로,1230380500,송파동 61,127.1061749184303977_37.5103810412995244,1230038202,수림빌딩,127.1053428869681454_37.5097263595970531,103.0,26.0,원활,127.1053428869681454_37.5097263595970531|127.1061749184303977_37.5103810412995244
2026-09-04T23:16:36.811991+09:00,송리단길·호수단길,송리단길·호수단길,POI121,KEY_1,1230023803,석촌호수로,1230041503,방이삼거리,127.1081921675338720_37.5119304002947942,1230039702,송파동 62,127.1071007108080408_37.5111082344274962,133.0,22.0,서행,127.1071007108080408_37.5111082344274962|127.1080242959557012_37.5118163213665241|127.1081921675338720_37.5119304002947942
2026-09-04T23:16:36.811991+09:00,송리단길·호수단길,송리단길·호수단길,POI121,KEY_1,1230024301,오금로,1230038703,방이사거리,127.1121447508134281_37.5103227955162382,1230039102,송파동 63,127.1111596082041189_37.5107203252610688,98.0,20.0,서행,127.1111596082041189_37.5107203252610688|127.1121447508134281_37.5103227955162382
2026-09-04T23:16:36.811991+09:00,송리단길·호수단길,송리단길·호수단길,POI121,KEY_1,1230024302,오금로,1230384900,송파동 62,127.1086886760872829_37.5117147904571766,1230041503,방이삼거리,127.1081921675338720_37.5119304002947942,50.0,20.0,서행,127.1081921675338720_37.5119304002947942|127.1083902263657990_37.5118348937114661|127.1086886760872829_37.5117147904571766
2026-09-04T23:16:36.811991+09:00,송리단길·호수단길,송리단길·호수단길,POI121,KEY_1,1230024401,오금로,1230418600,방이동 95-2,127.1089129889832350_37.5117456548715751,1230038704,방이사거리,127.1122045332657819_37.5104198722678603,326.0,20.0,서행,127.1122045332657819_37.5104198722678603|127.1112209404749507_37.5108167767394178|127.1110993930582396_37.5108657544525386|127.1089129889832350_37.5117456548715751
2026-09-04T23:16:36.811991+09:00,송리단길·호수단길,송리단길·호수단길,POI121,KEY_1,1230026801,백제고분로,1230392100,방이동 1,127.1132825222936447_37.5119110717846382,1230038701,방이사거리,127.1123196324729321_37.5103613805438485,192.0,34.0,원활,127.1123196324729321_37.5103613805438485|127.1132825222936447_37.5119110717846382
2026-09-04T23:16:36.811991+09:00,송리단길·호수단길,송리단길·호수단길,POI121,KEY_1,1230066800,백제고분로,1230420900,최소노드배치점,127.1020075911652043_37.5034155122325359,1230031102,석촌지하차도(동측),127.1046857627125632_37.5042645101804695,255.0,52.0,원활,127.1046857627125632_37.5042645101804695|127.1032055646133756_37.5037916422219624|127.1020075911652043_37.5034155122325359
2026-09-04T23:16:36.811991+09:00,송리단길·호수단길,송리단길·호수단길,POI121,KEY_1,1230073600,백제고분로41길,1230362400,송파동 74,127.1055839132151277_37.5093570558199474,1230038203,수림빌딩,127.1052465652364560_37.5096500807059527,44.0,11.0,정체,127.1052465652364560_37.5096500807059527|127.1053208564511436_37.5095948198186591|127.1055839132151277_37.5093570558199474
2026-09-04T23:16:36.811991+09:00,송리단길·호수단길,송리단길·호수단길,POI121,KEY_1,1230074600,백제고분로45길,1230389500,송파동 80,127.1105001379963824_37.5092557763212895,1230038002,청원빌딩,127.1102116389035928_37.5094004430019652,30.0,5.0,정체,127.1102116389035928_37.5094004430019652|127.1105001379963824_37.5092557763212895
2026-09-04T23:16:36.811991+09:00,송리단길·호수단길,송리단길·호수단길,POI121,KEY_1,1230074700,백제고분로45길,1230415900,송파동 80,127.1109042025177871_37.5091809150388968,1230037104,신도빌딩,127.1113205737348011_37.5089721229789319,43.0,16.0,서행,127.1113205737348011_37.5089721229789319|127.1109042025177871_37.5091809150388968
2026-09-04T23:16:36.811991+09:00,송리단길·호수단길,송리단길·호수단길,POI121,KEY_1,1230076000,오금로18길,1230404700,송파동 80,127.1108701645754735_37.5103349829974491,1230038001,청원빌딩,127.1102839409552985_37.5094919443537549,107.0,11.0,정체,127.1102839409552985_37.5094919443537549|127.1108670913662877_37.5103308915455216|127.1108701645754735_37.5103349829974491
2026-09-04T23:16:36.811991+09:00,송리단길·호수단길,송리단길·호수단길,POI121,KEY_1,1230076100,오금로18길,1230404800,송파동 81,127.1107536956244104_37.5103904983532033,1230039103,송파동 63,127.1110381891797374_37.5107692507720287,49.0,5.0,정체,127.1110381891797374_37.5107692507720287|127.1107536956244104_37.5103904983532033
2026-09-04T23:16:36.811991+09:00,송리단길·호수단길,송리단길·호수단길,POI121,KEY_1,1230076200,백제고분로45길,1230414400,송파동 83,127.1074305390192620_37.5108125123386174,1230039703,송파동 61,127.1070007103191557_37.5110307962144418,45.0,15.5,서행,127.1070007103191557_37.5110307962144418|127.1074305390192620_37.5108125123386174
2026-09-04T23:16:36.811991+09:00,송리단길·호수단길,송리단길·호수단길,POI121,KEY_1,1230076300,백제고분로45길,1230397400,송파동 80,127.1098883650349052_37.5096925018756622,1230038004,청원빌딩,127.1101690988289334_37.5095499223446183,29.0,9.0,정체,127.1101690988289334_37.5095499223446183|127.1098883650349052_37.5096925018756622
2026-09-04T23:16:36.811991+09:00,신촌 스타광장,신촌 스타광장,POI122,KEY_2,1120003201,명물길,1120098800,창천동 18-54,126.9375123444595204_37.5575602259048438,1120004502,현대백화점유플렉스(신촌점),126.9369730969373080_37.5572180933913842,61.0,18.0,서행,126.9369730969373080_37.5572180933913842|126.9371287798259686_37.5572890262117483|126.9374266006236667_37.5574960038265644|126.9375123444595204_37.5575602259048438
2026-09-04T23:16:36.811991+09:00,신촌 스타광장,신촌 스타광장,POI122,KEY_2,1120003301,연세로,1120004504,현대백화점유플렉스(신촌점),126.9368371308242018_37.5572889150469535,1120004803,창천동 30-18,126.9368510014508757_37.5588996821571541,179.0,14.0,정체,126.9368510014508757_37.5588996821571541|126.9368340470399659_37.5574372784594317|126.9368371308242018_37.5572889150469535
2026-09-04T23:16:36.811991+09:00,신촌 스타광장,신촌 스타광장,POI122,KEY_2,1120003401,연세로,1120004802,창천동 30-18,126.9369867245719377_37.5588913341097239,1120004501,현대백화점유플렉스(신촌점),126.9369718556757505_37.5573421030471337,172.0,10.0,정체,126.9369718556757505_37.5573421030471337|126.9369698696455231_37.5574376736014486|126.9369867245719377_37.5588913341097239
2026-09-04T23:16:36.811991+09:00,신촌 스타광장,신촌 스타광장,POI122,KEY_2,1120014200,신촌로,1130028200,신촌로터리,126.9362638695840104_37.5553903889948231,1120004300,현대백화점(신촌점),126.9368030588893959_37.5556219621744134,57.0,21.0,서행,126.9368030588893959_37.5556219621744134|126.9367619707854544_37.5555447886619120|126.9365015572182216_37.5554290301989795|126.9362638695840104_37.5553903889948231
2026-09-04T23:16:36.811991+09:00,신촌 스타광장,신촌 스타광장,POI122,KEY_2,1120014300,연세로5길,1120004503,현대백화점유플렉스(신촌점),126.9368363451414297_37.5571751207012667,1130028301,신촌현대백화점,126.9352769143878135_37.5557459412116970,218.0,24.0,서행,126.9352769143878135_37.5557459412116970|126.9355227188717095_37.5561809513214655|126.9356969741435961_37.5564893345166482|126.9357357833693243_37.5565340280943047|126.9357546442551836_37.5565557486909398|126.9367282221445237_37.5571473890112912|126.9368363451414297_37.5571751207012667
2026-09-04T23:16:36.811991+09:00,신촌 스타광장,신촌 스타광장,POI122,KEY_2,1120014400,연세로5길,1120046000,창천동 53-47,126.9356240685518031_37.5565955099592088,1120004504,현대백화점유플렉스(신촌점),126.9368371308242018_37.5572889150469535,133.0,12.0,정체,126.9368371308242018_37.5572889150469535|126.9366643652368651_37.5572446039108812|126.9356551527703942_37.5566313071096900|126.9356240685518031_37.5565955099592088
2026-09-04T23:16:36.811991+09:00,신촌 스타광장,신촌 스타광장,POI122,KEY_2,1120061600,신촌로,1130243700,노고산동 31-123,126.9378979886779319_37.5553264048270492,1130027600,신촌로터리,126.9375535313722594_37.5552189146085595,33.0,18.5,서행,126.9375535313722594_37.5552189146085595|126.9376883483507896_37.5552573962598544|126.9378979886779319_37.5553264048270492
2026-09-04T23:16:36.811991+09:00,신촌 스타광장,신촌 스타광장,POI122,KEY_2,1120061700,연세로,1120004502,현대백화점유플렉스(신촌점),126.9369730969373080_37.5572180933913842,1120004200,신촌역(서울2호선),126.9369388461816897_37.5556200624915562,177.0,15.0,서행,126.9369388461816897_37.5556200624915562|126.9369730969373080_37.5572180933913842
2026-09-04T23:16:36.811991+09:00,신촌 스타광장,신촌 스타광장,POI122,KEY_2,1120062000,연세로,1120004300,현대백화점(신촌점),126.9368030588893959_37.5556219621744134,1120004503,현대백화점유플렉스(신촌점),126.9368363451414297_37.5571751207012667,172.0,14.0,정체,126.9368363451414297_37.5571751207012667|126.9368030588893959_37.5556219621744134
2026-09-04T23:16:36.811991+09:00,신촌 스타광장,신촌 스타광장,POI122,KEY_2,1130002903,신촌로,1130027304,신촌로터리,126.9367463936915783_37.5551491321864219,1130027800,신촌로터리,126.9362078795990669_37.5552918851353184,50.0,11.0,정체,126.9362078795990669_37.5552918851353184|126.9362843096010209_37.5552643504737276|126.9364926549409489_37.5552010586219964|126.9366443811309324_37.5551666346300124|126.9367463936915783_37.5551491321864219
2026-09-04T23:16:36.811991+09:00,신촌 스타광장,신촌 스타광장,POI122,KEY_2,1130003002,신촌로,1120063200,창천동 30-16,126.9359793082337546_37.5554929038804843,1130028200,신촌로터리,126.9362638695840104_37.5553903889948231,28.0,36.0,원활,126.9362638695840104_37.5553903889948231|126.9359793082337546_37.5554929038804843
2026-09-04T23:16:36.811991+09:00,신촌 스타광장,신촌 스타광장,POI122,KEY_2,1130003003,신촌로,1130028200,신촌로터리,126.9362638695840104_37.5553903889948231,1130027305,신촌로터리,126.9367949040171339_37.5552525850785059,50.0,16.0,서행,126.9367949040171339_37.5552525850785059|126.9367822077433345_37.5552535889944465|126.9366773331614553_37.5552715833811135|126.9365355543422140_37.5553037503571261|126.9363365592773363_37.5553642010740631|126.9362638695840104_37.5553903889948231
2026-09-04T23:16:36.811991+09:00,신촌 스타광장,신촌 스타광장,POI122,KEY_2,1130003101,신촌로,1130027301,신촌로터리,126.9369309039101665_37.5552479096703777,1130028100,신촌로터리,126.9375107828557248_37.5553215381359138,52.0,20.0,서행,126.9375107828557248_37.5553215381359138|126.9374120463708664_37.5552954695353094|126.9372367545836511_37.5552633433213288|126.9370612427232459_37.5552495051776276|126.9369309039101665_37.5552479096703777
2026-09-04T23:16:36.811991+09:00,신촌 스타광장,신촌 스타광장,POI122,KEY_2,1130003201,신촌로,1130027600,신촌로터리,126.9375535313722594_37.5552189146085595,1130027302,신촌로터리,126.9369363048809589_37.5551398431720429,56.0,17.0,서행,126.9369363048809589_37.5551398431720429|126.9370689919941668_37.5551414670887596|126.9372587703670519_37.5551564300398013|126.9374487359331596_37.5551912462659345|126.9375535313722594_37.5552189146085595
2026-09-04T23:16:36.811991+09:00,신촌 스타광장,신촌 스타광장,POI122,KEY_2,1130015002,백범로,1130027302,신촌로터리,126.9369363048809589_37.5551398431720429,1130026300,신촌로터리,126.9370076539618566_37.5545626830804551,64.0,12.0,정체,126.9370076539618566_37.5545626830804551|126.9369363048809589_37.5551398431720429
2026-09-04T23:16:36.811991+09:00,신촌 스타광장,신촌 스타광장,POI122,KEY_2,1130016102,서강로,1130026900,신촌로터리,126.9362469698456266_37.5547336229279907,1130027304,신촌로터리,126.9367463936915783_37.5551491321864219,64.0,28.0,원활,126.9367463936915783_37.5551491321864219|126.9366482286148994_37.5550253909116165|126.9363557341915083_37.5548026529712615|126.9362469698456266_37.5547336229279907
2026-09-04T23:16:36.811991+09:00,신촌 스타광장,신촌 스타광장,POI122,KEY_2,1130053700,신촌로,1130027600,신촌로터리,126.9375535313722594_37.5552189146085595,1130026300,신촌로터리,126.9370076539618566_37.5545626830804551,87.0,17.0,서행,126.9370076539618566_37.5545626830804551|126.9375535313722594_37.5552189146085595
2026-09-04T23:16:36.811991+09:00,신촌 스타광장,신촌 스타광장,POI122,KEY_2,1130054000,서강로,1130026900,신촌로터리,126.9362469698456266_37.5547336229279907,1130027800,신촌로터리,126.9362078795990669_37.5552918851353184,66.0,18.0,서행,126.9362078795990669_37.5552918851353184|126.9362774483328025_37.5552146864900038|126.9363062591853719_37.5551384172764813|126.9363230977790380_37.5550564211653537|126.9363327714613661_37.5549477201242823|126.9363184780678608_37.5548542645506771|126.9362469698456266_37.5547336229279907
2026-09-04T23:16:36.811991+09:00,압구정로데오거리,압구정로데오거리,POI071,KEY_3,1220034202,도산대로,1220050701,도산공원사거리,127.0339034599154076_37.5216159042956363,1220051504,메종에르메스박물관,127.0358768409066386_37.5222264747469652,187.0,9.7,정체,127.0358768409066386_37.5222264747469652|127.0339034599154076_37.5216159042956363
2026-09-04T23:16:36.811991+09:00,압구정로데오거리,압구정로데오거리,POI071,KEY_3,1220034203,도산대로,1220051501,메종에르메스박물관,127.0360029680279013_37.5222664581804750,1220051804,신사동 501-5,127.0373127024870428_37.5226918366399289,125.0,9.0,정체,127.0373127024870428_37.5226918366399289|127.0360029680279013_37.5222664581804750
2026-09-04T23:16:36.811991+09:00,압구정로데오거리,압구정로데오거리,POI071,KEY_3,1220034204,도산대로,1220393600,신사동 501-5,127.0382594965785756_37.5229821213989680,1220052204,학동사거리,127.0390861363866435_37.5232347757009777,78.0,9.0,정체,127.0390861363866435_37.5232347757009777|127.0382594965785756_37.5229821213989680
2026-09-04T23:16:36.811991+09:00,압구정로데오거리,압구정로데오거리,POI071,KEY_3,1220034601,도산대로,1220420500,청담동 77,127.0400054812010779_37.5233569151823687,1220052404,청담동 77,127.0413071564451570_37.5235176656433396,116.0,24.0,서행,127.0413071564451570_37.5235176656433396|127.0405339348501172_37.5234221784106481|127.0400054812010779_37.5233569151823687
2026-09-04T23:16:36.811991+09:00,압구정로데오거리,압구정로데오거리,POI071,KEY_3,1220034602,도산대로,1220332800,청담동 77,127.0435213934482874_37.5238023106680032,1220052604,청담동 77,127.0445564869975641_37.5239355211408920,93.0,22.7,서행,127.0445564869975641_37.5239355211408920|127.0435213934482874_37.5238023106680032
2026-09-04T23:16:36.811991+09:00,압구정로데오거리,압구정로데오거리,POI071,KEY_3,1220034603,도산대로,1220276100,청담동 77,127.0463338208116113_37.5241605900114052,1220053004,청담사거리,127.0472792767386068_37.5242802278421408,85.0,40.0,원활,127.0472792767386068_37.5242802278421408|127.0469562705251434_37.5242393555858413|127.0463338208116113_37.5241605900114052
2026-09-04T23:16:36.811991+09:00,압구정로데오거리,압구정로데오거리,POI071,KEY_3,1220035302,언주로,1220297300,신사동 668-7,127.0335562010961752_37.5223932298900777,1220050701,도산공원사거리,127.0339034599154076_37.5216159042956363,92.0,22.0,서행,127.0339034599154076_37.5216159042956363|127.0337308185268910_37.5219788135002474|127.0335562010961752_37.5223932298900777
2026-09-04T23:16:36.811991+09:00,압구정로데오거리,압구정로데오거리,POI071,KEY_3,1220035303,언주로,1220313800,신사동 668-7,127.0332157260252188_37.5243745199735770,1220052101,아트스페이스엣,127.0333258336318352_37.5231033777095533,142.0,26.0,원활,127.0333258336318352_37.5231033777095533|127.0332722300848047_37.5232958210834937|127.0332484370027544_37.5234974571660942|127.0332280489652561_37.5236702360984324|127.0332116195424987_37.5239537302291168|127.0332015337768610_37.5241277617779829|127.0332157260252188_37.5243745199735770
2026-09-04T23:16:36.811991+09:00,압구정로데오거리,압구정로데오거리,POI071,KEY_3,1220035304,언주로,1220057702,신사동668-7,127.0336604132832861_37.5278365649310217,1220056501,신구중학교,127.0336233748968766_37.5276208211924214,24.0,20.0,서행,127.0336233748968766_37.5276208211924214|127.0336604132832861_37.5278365649310217
2026-09-04T23:16:36.811991+09:00,압구정로데오거리,압구정로데오거리,POI071,KEY_3,1220035305,언주로,1220258700,신사동 668-7,127.0337520736678130_37.5283998550291500,1220057701,신사동668-7,127.0336782786004619_37.5279437530884863,51.0,22.0,서행,127.0336782786004619_37.5279437530884863|127.0337520736678130_37.5283998550291500
2026-09-04T23:16:36.811991+09:00,압구정로데오거리,압구정로데오거리,POI071,KEY_3,1220035402,선릉로,1220052204,학동사거리,127.0390861363866435_37.5232347757009777,1220053403,신한양빌딩,127.0395014174557389_37.5246137310738916,158.0,15.0,서행,127.0395014174557389_37.5246137310738916|127.0393335370945920_37.5241464881978999|127.0392926724511966_37.5240305434553036|127.0391660322892449_37.5236540272358496|127.0391045399377816_37.5234487055447730|127.0390861363866435_37.5232347757009777
2026-09-04T23:16:36.811991+09:00,압구정로데오거리,압구정로데오거리,POI071,KEY_3,1220035403,선릉로,1220315600,신사동 668-5,127.0397160678826936_37.5252354356371711,1220055403,신사동 668-5,127.0398860261996958_37.5257295332640268,57.0,25.0,원활,127.0398860261996958_37.5257295332640268|127.0397160678826936_37.5252354356371711
2026-09-04T23:16:36.811991+09:00,압구정로데오거리,압구정로데오거리,POI071,KEY_3,1220035404,선릉로,1220246500,신사동 668-5,127.0403281994726257_37.5269638204885396,1220057303,한양아파트앞교차로,127.0406204313811145_37.5277781125819700,94.0,18.0,서행,127.0406204313811145_37.5277781125819700|127.0403965205514112_37.5271541960037496|127.0403281994726257_37.5269638204885396
2026-09-04T23:16:36.811991+09:00,압구정로데오거리,압구정로데오거리,POI071,KEY_3,1220035501,선릉로,1220052702,키네마극장,127.0394238001620124_37.5240025656407425,1220052201,학동사거리,127.0392244122724463_37.5232604498081272,84.0,22.0,서행,127.0392244122724463_37.5232604498081272|127.0392392010293747_37.5234323545396080|127.0392976430606637_37.5236274895412407|127.0394238001620124_37.5240025656407425
2026-09-04T23:16:36.811991+09:00,압구정로데오거리,압구정로데오거리,POI071,KEY_3,1220035502,선릉로,1220053402,신한양빌딩,127.0396319308838002_37.5245839844116418,1220052701,키네마극장,127.0394640495580632_37.5241167418134012,54.0,18.0,서행,127.0394640495580632_37.5241167418134012|127.0396319308838002_37.5245839844116418
2026-09-04T23:16:36.811991+09:00,압구정로데오거리,압구정로데오거리,POI071,KEY_3,1220035503,선릉로,1220055402,청담동 139,127.0400167637479711_37.5257004062011887,1220053401,신한양빌딩,127.0396689596081785_37.5246892784528328,116.0,32.0,원활,127.0396689596081785_37.5246892784528328|127.0398469969231741_37.5252068677753172|127.0400167637479711_37.5257004062011887
2026-09-04T23:16:36.811991+09:00,압구정로데오거리,압구정로데오거리,POI071,KEY_3,1220035504,선릉로,1220248500,청담동 139,127.0402731815181454_37.5264170811549747,1220055401,청담동 139,127.0400533551005253_37.5258045248859986,71.0,15.0,서행,127.0400533551005253_37.5258045248859986|127.0402731815181454_37.5264170811549747
2026-09-04T23:16:36.811991+09:00,압구정로데오거리,압구정로데오거리,POI071,KEY_3,1220035802,압구정로,1220220700,청담동 145,127.0445468381688698_37.5267788078608433,1220056102,갤러리아주유소,127.0438011178044917_37.5269658372789365,69.0,30.0,원활,127.0438011178044917_37.5269658372789365|127.0445468381688698_37.5267788078608433
2026-09-04T23:16:36.811991+09:00,압구정로데오거리,압구정로데오거리,POI071,KEY_3,1220035803,압구정로,1220056103,갤러리아주유소,127.0436709090198946_37.5269988640954608,1220056302,압구정로데오역3번출구,127.0423691118125902_37.5273328330233085,121.0,23.0,서행,127.0423691118125902_37.5273328330233085|127.0431965413789044_37.5271205625181921|127.0436709090198946_37.5269988640954608
2026-09-04T23:16:36.811991+09:00,압구정로데오거리,압구정로데오거리,POI071,KEY_3,1220035804,압구정로,1220056303,압구정로데오역3번출구,127.0422397642238650_37.5273658980511087,1220057302,한양아파트앞교차로,127.0407498452267987_37.5277452900861377,138.0,39.0,원활,127.0407498452267987_37.5277452900861377|127.0422397642238650_37.5273658980511087
2026-09-04T23:16:36.811991+09:00,압구정로데오거리,압구정로데오거리,POI071,KEY_3,1220036201,압구정로,1220058902,치안센터,127.0352184421143562_37.5290634828765022,1220059002,성수대교남단교차로,127.0338689599890216_37.5291222776353735,120.0,31.0,원활,127.0338689599890216_37.5291222776353735|127.0344802556415260_37.5291188555326158|127.0348714559033141_37.5290974977561973|127.0352184421143562_37.5290634828765022
2026-09-04T23:16:36.811991+09:00,압구정로데오거리,압구정로데오거리,POI071,KEY_3,1220036202,압구정로,1220058802,디에이치갤러리,127.0357050675745256_37.5290007857834951,1220058902,치안센터,127.0352184421143562_37.5290634828765022,44.0,38.0,원활,127.0352184421143562_37.5290634828765022|127.0357050675745256_37.5290007857834951
2026-09-04T23:16:36.811991+09:00,압구정로데오거리,압구정로데오거리,POI071,KEY_3,1220036203,압구정로,1220058603,신사동 667-35,127.0368481916816137_37.5287559403852029,1220058801,디에이치갤러리,127.0358386033354350_37.5289791338340208,93.0,17.0,서행,127.0358386033354350_37.5289791338340208|127.0361848364311044_37.5289120558376936|127.0368481916816137_37.5287559403852029
2026-09-04T23:16:36.811991+09:00,압구정로데오거리,압구정로데오거리,POI071,KEY_3,1220036204,압구정로,1220058003,뉴스포유,127.0383098113258313_37.5283845789100567,1220058602,신사동 667-35,127.0369779457113566_37.5287241271574530,124.0,20.0,서행,127.0369779457113566_37.5287241271574530|127.0383098113258313_37.5283845789100567
2026-09-04T23:16:36.811991+09:00,압구정로데오거리,압구정로데오거리,POI071,KEY_3,1220036205,압구정로,1220057902,압구정로데오역6번출구,127.0391308114570563_37.5281543012393257,1220058002,뉴스포유,127.0384385465388561_37.5283499106960861,65.0,27.0,원활,127.0384385465388561_37.5283499106960861|127.0391308114570563_37.5281543012393257
2026-09-04T23:16:36.811991+09:00,압구정로데오거리,압구정로데오거리,POI071,KEY_3,1220036206,압구정로,1220235400,신사동 667-35,127.0398194246827615_37.5279804016432124,1220057902,압구정로데오역6번출구,127.0391308114570563_37.5281543012393257,64.0,19.7,서행,127.0391308114570563_37.5281543012393257|127.0398194246827615_37.5279804016432124
2026-09-04T23:16:36.811991+09:00,압구정로데오거리,압구정로데오거리,POI071,KEY_3,1220094200,언주로154길,1220052303,디아드아스턴갤러리,127.0340560504835707_37.5232158850870405,1220052102,아트스페이스엣,127.0333555975738022_37.5229965212493681,67.0,11.0,정체,127.0333555975738022_37.5229965212493681|127.0340560504835707_37.5232158850870405
2026-09-04T23:16:36.811991+09:00,압구정로데오거리,압구정로데오거리,POI071,KEY_3,1220094300,언주로154길,1220052101,아트스페이스엣,127.0333258336318352_37.5231033777095533,1220052304,디아드아스턴갤러리,127.0340516336079162_37.5233306796815853,69.0,11.0,정체,127.0340516336079162_37.5233306796815853|127.0333258336318352_37.5231033777095533
2026-09-04T23:16:36.811991+09:00,압구정로데오거리,압구정로데오거리,POI071,KEY_3,1220094600,도산대로45길,1220277300,신사동 668-46,127.0347080693143624_37.5234268215054954,1220052302,디아드아스턴갤러리,127.0341902263573672_37.5232584336002688,49.0,7.0,정체,127.0341902263573672_37.5232584336002688|127.0347080693143624_37.5234268215054954
2026-09-04T23:16:36.811991+09:00,압구정로데오거리,압구정로데오거리,POI071,KEY_3,1220094700,도산대로45길,1220052301,디아드아스턴갤러리,127.0341857886132289_37.5233737746786886,1220051501,메종에르메스박물관,127.0360029680279013_37.5222664581804750,272.0,34.0,원활,127.0360029680279013_37.5222664581804750|127.0352934199533905_37.5236579906133016|127.0351486410132509_37.5236868649660238|127.0346567586791764_37.5235269211159306|127.0341857886132289_37.5233737746786886
2026-09-04T23:16:36.811991+09:00,압구정로데오거리,압구정로데오거리,POI071,KEY_3,1220095300,선릉로152길,1220319500,청담동 139-1,127.0402782679631741_37.5241051716234963,1220052702,키네마극장,127.0394238001620124_37.5240025656407425,76.0,18.0,서행,127.0394238001620124_37.5240025656407425|127.0402782679631741_37.5241051716234963
2026-09-04T23:16:36.811991+09:00,압구정로데오거리,압구정로데오거리,POI071,KEY_3,1220095400,선릉로152길,1220319400,청담동 139-1,127.0402580301235815_37.5242120839654163,1220052401,청담동 77,127.0414412487968434_37.5235345793648207,176.0,10.0,정체,127.0414412487968434_37.5235345793648207|127.0413128808020531_37.5242458193041557|127.0412157654857310_37.5243077538981922|127.0411093794579500_37.5243143088269946|127.0402580301235815_37.5242120839654163
2026-09-04T23:16:36.811991+09:00,압구정로데오거리,압구정로데오거리,POI071,KEY_3,1220096100,도산대로49길,1220440700,신사동 668-24,127.0373908494422608_37.5232317047430755,1220051801,신사동 501-5,127.0374445169795194_37.5227330235805070,56.0,17.0,서행,127.0374445169795194_37.5227330235805070|127.0373908494422608_37.5232317047430755
2026-09-04T23:16:36.811991+09:00,압구정로데오거리,압구정로데오거리,POI071,KEY_3,1220096200,도산대로49길,1220388400,신사동 668-27,127.0387418603502709_37.5248916424388383,1220053404,신한양빌딩,127.0395380314040210_37.5247178461193727,73.0,14.0,정체,127.0395380314040210_37.5247178461193727|127.0389386031129675_37.5248486960011931|127.0387418603502709_37.5248916424388383
2026-09-04T23:16:36.811991+09:00,압구정로데오거리,압구정로데오거리,POI071,KEY_3,1220097800,압구정로60길,1220352200,청담동 139-1,127.0407503810591976_37.5255388039052349,1220055402,청담동 139,127.0400167637479711_37.5257004062011887,67.0,19.0,서행,127.0400167637479711_37.5257004062011887|127.0407503810591976_37.5255388039052349
2026-09-04T23:16:36.811991+09:00,압구정로데오거리,압구정로데오거리,POI071,KEY_3,1220097900,압구정로60길,1220206400,청담동 139-2,127.0420188424852199_37.5267405370192932,1220056303,압구정로데오역3번출구,127.0422397642238650_37.5273658980511087,72.0,18.0,서행,127.0422397642238650_37.5273658980511087|127.0420188424852199_37.5267405370192932
2026-09-04T23:16:36.811991+09:00,압구정로데오거리,압구정로데오거리,POI071,KEY_3,1220098000,압구정로42길,1220168900,신사동 636-8,127.0349921764483980_37.5272593817440381,1220057103,갤러리언플러그드,127.0351618412494759_37.5276887643753270,50.0,8.0,정체,127.0351618412494759_37.5276887643753270|127.0349921764483980_37.5272593817440381
2026-09-04T23:16:36.811991+09:00,압구정로데오거리,압구정로데오거리,POI071,KEY_3,1220098800,압구정로50길,1220192600,신사동 668-32,127.0380283676483515_37.5276082080590356,1220058003,뉴스포유,127.0383098113258313_37.5283845789100567,90.0,8.0,정체,127.0383098113258313_37.5283845789100567|127.0380283676483515_37.5276082080590356
2026-09-04T23:16:36.811991+09:00,압구정로데오거리,압구정로데오거리,POI071,KEY_3,1220100200,압구정로46길,1220198800,신사동 668-29,127.0368064909289245_37.5282459368945851,1220057102,갤러리언플러그드,127.0352917319595178_37.5276573064262138,224.0,7.0,정체,127.0352917319595178_37.5276573064262138|127.0363751056718939_37.5272684683231859|127.0364780446013810_37.5273012249340567|127.0368064909289245_37.5282459368945851
2026-09-04T23:16:36.811991+09:00,압구정로데오거리,압구정로데오거리,POI071,KEY_3,1220100300,압구정로46길,1220057101,갤러리언플러그드,127.0353333724486617_37.5277609530066627,1220058603,신사동 667-35,127.0368481916816137_37.5287559403852029,258.0,18.0,서행,127.0368481916816137_37.5287559403852029|127.0367790274979996_37.5285721153675809|127.0366756551665475_37.5282747888026975|127.0363679184725925_37.5273896408760095|127.0353333724486617_37.5277609530066627
2026-09-04T23:16:36.811991+09:00,압구정로데오거리,압구정로데오거리,POI071,KEY_3,1220101300,언주로172길,1220221600,신사동 668-31,127.0343366867367791_37.5277719336935860,1220057702,신사동668-7,127.0336604132832861_37.5278365649310217,60.0,22.5,서행,127.0336604132832861_37.5278365649310217|127.0343366867367791_37.5277719336935860
2026-09-04T23:16:36.811991+09:00,압구정로데오거리,압구정로데오거리,POI071,KEY_3,1220101400,언주로172길,1220221500,신사동 637-1,127.0343528619886087_37.5278792836731370,1220057104,갤러리언플러그드,127.0352036089228704_37.5277927638463282,76.0,20.0,서행,127.0352036089228704_37.5277927638463282|127.0350756293459966_37.5278102049535391|127.0343528619886087_37.5278792836731370
2026-09-04T23:16:36.811991+09:00,압구정로데오거리,압구정로데오거리,POI071,KEY_3,1220102100,압구정로42길,1220057104,갤러리언플러그드,127.0352036089228704_37.5277927638463282,1220058802,디에이치갤러리,127.0357050675745256_37.5290007857834951,141.0,11.0,정체,127.0357050675745256_37.5290007857834951|127.0356527222084253_37.5288599748930167|127.0353921213760771_37.5282524051063504|127.0352036089228704_37.5277927638463282
2026-09-04T23:16:36.811991+09:00,여의도,여의도,POI072,KEY_4,1180022004,여의동로,1180038709,서울교앞,126.9175660120804139_37.5213368385697237,1180038803,여의도교차로,126.9174065780712510_37.5215426374484053,27.0,40.0,원활,126.9174065780712510_37.5215426374484053|126.9175660120804139_37.5213368385697237
2026-09-04T23:16:36.811991+09:00,여의도,여의도,POI072,KEY_4,1180026601,국제금융로,1180040204,수정아파트앞교차로,126.9306672829337828_37.5220650517832723,1180042603,동서빌딩,126.9296216888965887_37.5231213788522311,149.0,38.0,원활,126.9296216888965887_37.5231213788522311|126.9306672829337828_37.5220650517832723
2026-09-04T23:16:36.811991+09:00,여의도,여의도,POI072,KEY_4,1180017802,여의동로,1180028503,여의도동 3-9,126.9262093538062430_37.5172191529016956,1180005902,윤중중교,126.9243075012715991_37.5179017267780566,185.0,39.0,원활,126.9243075012715991_37.5179017267780566|126.9255065559263898_37.5174428120289818|126.9257850863195785_37.5173417407292575|126.9262093538062430_37.5172191529016956
2026-09-04T23:16:36.811991+09:00,여의도,여의도,POI072,KEY_4,1180001501,경인로,1180034601,영등포고가차도(동측),126.9148856364626994_37.5201012797874753,1180038804,여의도교차로,126.9173326906496868_37.5216339050043644,275.0,42.7,원활,126.9173326906496868_37.5216339050043644|126.9148856364626994_37.5201012797874753
2026-09-04T23:16:36.811991+09:00,여의도,여의도,POI072,KEY_4,1180001601,경인로,1180038803,여의도교차로,126.9174065780712510_37.5215426374484053,1180034602,영등포고가차도(동측),126.9149485395489876_37.5200031329234420,276.0,12.0,정체,126.9149485395489876_37.5200031329234420|126.9174065780712510_37.5215426374484053
2026-09-04T23:16:36.811991+09:00,여의도,여의도,POI072,KEY_4,1180001900,여의대로,1180044402,여의도공원앞,126.9216257794162317_37.5243012223384227,1180047704,여의도동2-11,126.9258941441588888_37.5269761909264190,480.0,18.0,서행,126.9258941441588888_37.5269761909264190|126.9216257794162317_37.5243012223384227
2026-09-04T23:16:36.811991+09:00,여의도,여의도,POI072,KEY_4,1180002000,여의대로,1180047703,여의도동2-11,126.9259780906076145_37.5268912205965108,1180044401,여의도공원앞,126.9217097283597013_37.5242162542949913,480.0,39.0,원활,126.9217097283597013_37.5242162542949913|126.9259780906076145_37.5268912205965108
2026-09-04T23:16:36.811991+09:00,여의도,여의도,POI072,KEY_4,1180002300,여의대로,1180047701,여의도동2-11,126.9259994169464392_37.5270428260578939,1180050903,마포대교앞교차로,126.9293336830422589_37.5291760389837705,378.0,45.0,원활,126.9293336830422589_37.5291760389837705|126.9259994169464392_37.5270428260578939
2026-09-04T23:16:36.811991+09:00,여의도,여의도,POI072,KEY_4,1180002501,여의대로,1180050904,마포대교앞교차로,126.9294559117414423_37.5292538203661366,1180052400,마포대교,126.9307212821010751_37.5300463600273631,142.0,45.0,원활,126.9307212821010751_37.5300463600273631|126.9294559117414423_37.5292538203661366
2026-09-04T23:16:36.811991+09:00,여의도,여의도,POI072,KEY_4,1180002601,여의대로,1180051800,마포대교,126.9308059681326171_37.5299618570035207,1180050901,마포대교앞교차로,126.9295779021332464_37.5291926767471580,138.0,54.0,원활,126.9295779021332464_37.5291926767471580|126.9308059681326171_37.5299618570035207
2026-09-04T23:16:36.811991+09:00,여의도,여의도,POI072,KEY_4,1180002602,여의대로,1180263600,최소노드배치점,126.9340230665834355_37.5320236982424547,1180051800,마포대교,126.9308059681326171_37.5299618570035207,365.0,63.0,원활,126.9308059681326171_37.5299618570035207|126.9335784255592046_37.5317501054697615|126.9340230665834355_37.5320236982424547
2026-09-04T23:16:36.811991+09:00,여의도,여의도,POI072,KEY_4,1180017603,여의동로,1180231500,여의도동 53-19,126.9343504590003988_37.5174301373925374,1180029004,여의도성모병원앞교차로,126.9349411821330307_37.5176018532841411,58.0,30.0,원활,126.9349411821330307_37.5176018532841411|126.9348356152542294_37.5175085459307311|126.9346541232606143_37.5174549053414381|126.9343504590003988_37.5174301373925374
2026-09-04T23:16:36.811991+09:00,여의도,여의도,POI072,KEY_4,1180017604,여의동로,1180028007,여의교앞교차로,126.9287014635556687_37.5170854408198835,1180028005,여의도동7-1,126.9330688836831342_37.5173255987544749,388.0,14.0,정체,126.9330688836831342_37.5173255987544749|126.9328973427525256_37.5173116050715265|126.9294935445075794_37.5170570638274583|126.9289923768250787_37.5170379776801539|126.9287795609766931_37.5170601520838431|126.9287014635556687_37.5170854408198835
2026-09-04T23:16:36.811991+09:00,여의도,여의도,POI072,KEY_4,1180017701,여의동로,1180028004,여의도동7-1,126.9330827126799619_37.5172180403822111,1180028008,여의교앞교차로,126.9286343708705260_37.5169904528563194,396.0,32.0,원활,126.9286343708705260_37.5169904528563194|126.9287446293766948_37.5169547496645919|126.9289867718019735_37.5169295196363777|126.9295031352358762_37.5169491852132566|126.9329106012311854_37.5172040003699721|126.9330827126799619_37.5172180403822111
2026-09-04T23:16:36.811991+09:00,여의도,여의도,POI072,KEY_4,1180017702,여의동로,1180212400,여의도동 7-18,126.9341125889030053_37.5173020490113700,1180028003,여의도동7-1,126.9332227196865404_37.5172294613749528,79.0,7.0,정체,126.9332227196865404_37.5172294613749528|126.9341125889030053_37.5173020490113700
2026-09-04T23:16:36.811991+09:00,여의도,여의도,POI072,KEY_4,1180017801,여의동로,1180028009,여의교앞교차로,126.9284790582093052_37.5169816909920968,1180028502,여의도동 3-9,126.9263700646838942_37.5171809813683481,190.0,23.0,서행,126.9263700646838942_37.5171809813683481|126.9267092074073844_37.5171065648512680|126.9271923057624747_37.5170058728699303|126.9277377896163870_37.5169434538744397|126.9281694861959551_37.5169240690170369|126.9284790582093052_37.5169816909920968
2026-09-04T23:16:36.811991+09:00,여의도,여의도,POI072,KEY_4,1180017901,여의동로,1180028501,여의도동 3-9,126.9264061143659319_37.5172852192624120,1180028010,여의교앞교차로,126.9284949425250630_37.5170956809386524,189.0,29.0,원활,126.9284949425250630_37.5170956809386524|126.9281576212887757_37.5170328939948732|126.9277512856331498_37.5170511401386335|126.9272192236425525_37.5171120231464954|126.9267444154372555_37.5172109868474237|126.9264061143659319_37.5172852192624120
2026-09-04T23:16:36.811991+09:00,여의도,여의도,POI072,KEY_4,1180017902,여의동로,1180005901,윤중중교,126.9243662892942979_37.5179991816475678,1180028504,여의도동 3-9,126.9262556418987771_37.5173207931159425,183.0,36.0,원활,126.9262556418987771_37.5173207931159425|126.9258364480671446_37.5174419140978017|126.9255640934717064_37.5175407441088709|126.9243662892942979_37.5179991816475678
2026-09-04T23:16:36.811991+09:00,여의도,여의도,POI072,KEY_4,1180018603,여의동로,1180248600,여의도동 7-6,126.9406867369458780_37.5205161735924975,1180007003,시범아파트앞교차로,126.9402919444834907_37.5208989401789523,56.0,21.0,서행,126.9402919444834907_37.5208989401789523|126.9404650735248765_37.5207821875801457|126.9406178353196282_37.5206239357599500|126.9406867369458780_37.5205161735924975
2026-09-04T23:16:36.811991+09:00,여의도,여의도,POI072,KEY_4,1180018604,여의동로,1180029002,여의도성모병원앞교차로,126.9350997210679566_37.5175977027777066,1180029602,여의상류IC,126.9364758954819337_37.5177089882566790,126.0,10.0,정체,126.9364758954819337_37.5177089882566790|126.9353673171677030_37.5175347013783878|126.9351749655291002_37.5175478271988325|126.9350997210679566_37.5175977027777066
2026-09-04T23:16:36.811991+09:00,여의도,여의도,POI072,KEY_4,1180018605,여의동로,1180112400,여의도동 62,126.9372867645856218_37.5178660511535682,1180030304,여의상류IC,126.9386167973851798_37.5180766712669254,120.0,26.0,원활,126.9386167973851798_37.5180766712669254|126.9372923478496773_37.5178671325933735|126.9372867645856218_37.5178660511535682
2026-09-04T23:16:36.811991+09:00,여의도,여의도,POI072,KEY_4,1180018701,여의동로,1180029601,여의상류IC,126.9365050785440872_37.5176034226056245,1180029003,여의도성모병원앞교차로,126.9350199175880505_37.5175099394123706,136.0,33.0,원활,126.9350199175880505_37.5175099394123706|126.9351209053556602_37.5174430000204779|126.9353748169001506_37.5174256723693205|126.9365050785440872_37.5176034226056245
2026-09-04T23:16:36.811991+09:00,여의도,여의도,POI072,KEY_4,1180018702,여의동로,1180112500,여의도동 62,126.9373188332011750_37.5177609917576689,1180029601,여의상류IC,126.9365050785440872_37.5176034226056245,74.0,15.0,서행,126.9365050785440872_37.5176034226056245|126.9373188332011750_37.5177609917576689
2026-09-04T23:16:36.811991+09:00,여의도,여의도,POI072,KEY_4,1180018704,여의동로,1180032700,여의상류IC,126.9408644596989291_37.5190433065538684,1180030302,여의상류IC,126.9388089615749209_37.5179993865758163,226.0,36.0,원활,126.9388089615749209_37.5179993865758163|126.9395937035285726_37.5181361308751633|126.9396772958450867_37.5181625840344495|126.9398184957858717_37.5182072672049287|126.9400594148473544_37.5183033690800016|126.9402528860086647_37.5184268126401008|126.9402658425591568_37.5184356698263670|126.9404404017894734_37.5185549993626708|126.9406033172842569_37.5187003987944934|126.9407382129929545_37.5188571753253512|126.9407941985135011_37.5189357133389834|126.9408504409698537_37.5190146115958214|126.9408644596989291_37.5190433065538684
2026-09-04T23:16:36.811991+09:00,여의도,여의도,POI072,KEY_4,1180018705,여의동로,1180033601,여의상류IC,126.9410620352872030_37.5197641943777285,1180032700,여의상류IC,126.9408644596989291_37.5190433065538684,83.0,19.0,서행,126.9408644596989291_37.5190433065538684|126.9409385909511201_37.5191950815743880|126.9409922183505728_37.5193112485734019|126.9410273832007618_37.5194267107547716|126.9410583553759722_37.5195846269940034|126.9410620352872030_37.5197641943777285
2026-09-04T23:16:36.811991+09:00,여의도,여의도,POI072,KEY_4,1180018706,여의동로,1180248500,여의도동 7-5,126.9408076990061289_37.5205652394176070,1180033601,여의상류IC,126.9410620352872030_37.5197641943777285,92.0,17.0,서행,126.9410620352872030_37.5197641943777285|126.9410197256354849_37.5200367526254936|126.9409429071853452_37.5203021469964426|126.9408500463545408_37.5204990074997298|126.9408076990061289_37.5205652394176070
2026-09-04T23:16:36.811991+09:00,여의도,여의도,POI072,KEY_4,1180019001,의사당대로,1180028010,여의교앞교차로,126.9284949425250630_37.5170956809386524,1180030703,이마트(여의도점),126.9276237094474169_37.5180791890850927,134.0,19.0,서행,126.9276237094474169_37.5180791890850927|126.9282503724807043_37.5174250886371610|126.9284949425250630_37.5170956809386524
2026-09-04T23:16:36.811991+09:00,여의도,여의도,POI072,KEY_4,1180019002,의사당대로,1180030704,이마트(여의도점),126.9275405917458244_37.5181646802247997,1180032903,대한지적공사앞사거리,126.9264435973438907_37.5192761903987275,157.0,23.0,서행,126.9264435973438907_37.5192761903987275|126.9274241496460434_37.5182826651824399|126.9275405917458244_37.5181646802247997
2026-09-04T23:16:36.811991+09:00,여의도,여의도,POI072,KEY_4,1180019102,의사당대로,1180030701,속성변화점,126.9276473072265503_37.5182315002228179,1180028006,여의교앞교차로,126.9286026167275026_37.5171630582704978,146.0,13.0,정체,126.9286026167275026_37.5171630582704978|126.9283631364112210_37.5174856126007654|126.9277316183260922_37.5181447808652777|126.9276473072265503_37.5182315002228179
2026-09-04T23:16:36.811991+09:00,여의도,여의도,POI072,KEY_4,1180019103,의사당대로,1180158500,여의도동 4-6,126.9275308651327805_37.5183494852298693,1180030701,속성변화점,126.9276473072265503_37.5182315002228179,17.0,16.0,서행,126.9276473072265503_37.5182315002228179|126.9275308651327805_37.5183494852298693
2026-09-04T23:16:36.811991+09:00,여의도,여의도,POI072,KEY_4,1180019202,여의대방로,1180028006,여의교앞교차로,126.9286026167275026_37.5171630582704978,1180031509,인도네시아대사관,126.9306994439660485_37.5185627932675629,243.0,13.0,정체,126.9306994439660485_37.5185627932675629|126.9306031366086529_37.5185041290905232|126.9288757489613886_37.5174518878942251|126.9286828339483293_37.5172632357301907|126.9286026167275026_37.5171630582704978
2026-09-04T23:16:36.811991+09:00,여의도,여의도,POI072,KEY_4,1180019203,여의대방로,1180130400,여의도동 5,126.9313888868268947_37.5189843143560324,1180033009,여의도동 5,126.9319553324304906_37.5193307404292185,63.0,34.0,원활,126.9319553324304906_37.5193307404292185|126.9314871570067851_37.5190444147317379|126.9313888868268947_37.5189843143560324
2026-09-04T23:16:36.811991+09:00,여의도,여의도,POI072,KEY_4,1180019204,여의대방로,1180033006,여의도동 5,126.9320621848172266_37.5193974572135858,1180034404,한양아파트앞교차로,126.9328084183614891_37.5198734924336605,85.0,35.0,원활,126.9328084183614891_37.5198734924336605|126.9322735200188532_37.5195322726712277|126.9320621848172266_37.5193974572135858
2026-09-04T23:16:36.811991+09:00,여의도,여의도,POI072,KEY_4,1180019302,여의대방로,1180241400,여의도동 5,126.9306855951908375_37.5184182444828664,1180028007,여의교앞교차로,126.9287014635556687_37.5170854408198835,231.0,39.0,원활,126.9287014635556687_37.5170854408198835|126.9287930450981605_37.5171998112240601|126.9289709014987722_37.5173737371677518|126.9306855951908375_37.5184182444828664
2026-09-04T23:16:36.811991+09:00,여의도,여의도,POI072,KEY_4,1180019303,여의대방로,1180240900,여의도동 5,126.9315698250522786_37.5189586575812442,1180031507,인도네시아대사관,126.9308898838573612_37.5185428140672030,76.0,20.0,서행,126.9308898838573612_37.5185428140672030|126.9314715548845385_37.5188985573068834|126.9315698250522786_37.5189586575812442
2026-09-04T23:16:36.811991+09:00,여의도,여의도,POI072,KEY_4,1180019801,국제금융로,1180189600,여의도동 5-2,126.9338907798894240_37.5187863161933706,1180034403,한양아파트앞교차로,126.9328922937565949_37.5197884754386166,142.0,9.0,정체,126.9328922937565949_37.5197884754386166|126.9338907798894240_37.5187863161933706
2026-09-04T23:16:36.811991+09:00,여의도,여의도,POI072,KEY_4,1180019902,국제금융로,1180189700,여의도동 5-2,126.9339971083820728_37.5188535265460033,1180029001,여의도성모병원앞교차로,126.9350432370004853_37.5177398182181605,155.0,15.0,서행,126.9350432370004853_37.5177398182181605|126.9349629962171520_37.5178840506861349|126.9339971083820728_37.5188535265460033
2026-09-04T23:16:36.811991+09:00,여의도,여의도,POI072,KEY_4,1180020000,여의동로,1180005903,윤중중교,126.9241717358982697_37.5179543351309093,1180006402,윤중초교앞교차로,126.9206614835417213_37.5193540995263746,347.0,36.5,원활,126.9206614835417213_37.5193540995263746|126.9241717358982697_37.5179543351309093
2026-09-04T23:16:36.811991+09:00,여의도,여의도,POI072,KEY_4,1180020100,여의동로,1180006401,윤중초교앞교차로,126.9207650877759193_37.5194336994840612,1180005904,윤중중교,126.9242325042099822_37.5180510147375443,343.0,21.3,서행,126.9242325042099822_37.5180510147375443|126.9207650877759193_37.5194336994840612
2026-09-04T23:16:36.811991+09:00,여의도,여의도,POI072,KEY_4,1180020301,여의동로3길,1180031103,윤중중학교,126.9249231925236501_37.5183700829170732,1180005901,윤중중교,126.9243662892942979_37.5179991816475678,64.0,21.0,서행,126.9243662892942979_37.5179991816475678|126.9249231925236501_37.5183700829170732
2026-09-04T23:16:36.811991+09:00,여의도,여의도,POI072,KEY_4,1180020302,여의동로3길,1180032903,대한지적공사앞사거리,126.9264435973438907_37.5192761903987275,1180031102,윤중중학교,126.9250235086354763_37.5184328852547324,157.0,19.0,서행,126.9250235086354763_37.5184328852547324|126.9253760354125831_37.5186403507661197|126.9259317402423761_37.5189673840996818|126.9261792002282760_37.5191130130005561|126.9264435973438907_37.5192761903987275
2026-09-04T23:16:36.811991+09:00,여의도,여의도,POI072,KEY_4,1180021002,63로,1180166800,여의도동 50,126.9395653585884816_37.5205912479877313,1180007004,시범아파트앞교차로,126.9401991775211798_37.5209785278175971,71.0,14.0,정체,126.9401991775211798_37.5209785278175971|126.9395653585884816_37.5205912479877313
2026-09-04T23:16:36.811991+09:00,여의도,여의도,POI072,KEY_4,1180021101,63로,1180195300,여의도동 6,126.9380119529951827_37.5194963601287341,1180029002,여의도성모병원앞교차로,126.9350997210679566_37.5175977027777066,334.0,19.0,서행,126.9350997210679566_37.5175977027777066|126.9351839323089735_37.5177190713969679|126.9353248760758532_37.5178334697526950|126.9354925925652253_37.5179372646136571|126.9369440439217271_37.5188355036529302|126.9374483762469197_37.5191476033771139|126.9376362472135042_37.5192638637462252|126.9380119529951827_37.5194963601287341
2026-09-04T23:16:36.811991+09:00,여의도,여의도,POI072,KEY_4,1180022001,여의동로,1180006403,윤중초교앞교차로,126.9205331922790805_37.5194057557695260,1180034500,메리어트파크센터오피스텔,126.9191573972615572_37.5200167950090204,139.0,21.5,서행,126.9191573972615572_37.5200167950090204|126.9195487672864573_37.5198172756694817|126.9200046134281195_37.5196196313517518|126.9205331922790805_37.5194057557695260
2026-09-04T23:16:36.811991+09:00,여의도,여의도,POI072,KEY_4,1180022003,여의동로,1180034500,메리어트파크센터오피스텔,126.9191573972615572_37.5200167950090204,1180038708,서울교앞,126.9176384535335274_37.5212437352463297,193.0,27.0,원활,126.9176384535335274_37.5212437352463297|126.9177737130527390_37.5210708680828517|126.9180113765738440_37.5208237738386003|126.9182127611032485_37.5206509623871227|126.9184597884011652_37.5204519962155132|126.9185760471934401_37.5203706965029085|126.9188382590859732_37.5202048586976034|126.9191573972615572_37.5200167950090204
2026-09-04T23:16:36.811991+09:00,여의도,여의도,POI072,KEY_4,1180022101,여의동로,1180035807,KT여의도지점,126.9186604598271515_37.5204553701592047,1180006404,윤중초교앞교차로,126.9206365839930015_37.5194851920707038,206.0,38.0,원활,126.9206365839930015_37.5194851920707038|126.9200678162411009_37.5197153291130974|126.9196178727489439_37.5199104143355413|126.9192343336486459_37.5201057964449731|126.9189208570016234_37.5202906791802562|126.9186604598271515_37.5204553701592047
2026-09-04T23:16:36.811991+09:00,여의도,여의도,POI072,KEY_4,1180022103,여의동로,1180038707,서울교앞,126.9177536585469710_37.5213009209994013,1180035806,KT여의도지점,126.9185563083192676_37.5205280201315929,112.0,13.0,정체,126.9185563083192676_37.5205280201315929|126.9183107914376052_37.5207257702069512|126.9181152324778310_37.5208935825944394|126.9178854547087951_37.5211324807004090|126.9177536585469710_37.5213009209994013
2026-09-04T23:16:36.811991+09:00,여의도,여의도,POI072,KEY_4,1180022104,여의동로,1180038802,여의도교차로,126.9175141532534923_37.5216096736950604,1180038706,서울교앞,126.9176815364894821_37.5213936151355867,28.0,20.0,서행,126.9176815364894821_37.5213936151355867|126.9175141532534923_37.5216096736950604
2026-09-04T23:16:36.811991+09:00,여의도,여의도,POI072,KEY_4,1180022401,의사당대로,1180032904,대한지적공사앞사거리,126.9263598027269637_37.5193612539994206,1180035903,속성변화점,126.9253081000746164_37.5204308705330831,151.0,14.0,정체,126.9253081000746164_37.5204308705330831|126.9263598027269637_37.5193612539994206
2026-09-04T23:16:36.811991+09:00,여의도,여의도,POI072,KEY_4,1180022402,의사당대로,1180078600,여의도동 3-6,126.9246842218055917_37.5210726004608617,1180038903,여의도역앞교차로,126.9241769575183127_37.5215948246163791,73.0,38.0,원활,126.9241769575183127_37.5215948246163791|126.9246842218055917_37.5210726004608617
2026-09-04T23:16:36.811991+09:00,여의도,여의도,POI072,KEY_4,1180022501,의사당대로,1180035902,여의도동 3-6,126.9254149706603272_37.5204975359694970,1180032901,대한지적공사앞사거리,126.9264657832950292_37.5194288220322676,151.0,44.0,원활,126.9264657832950292_37.5194288220322676|126.9254149706603272_37.5204975359694970
2026-09-04T23:16:36.811991+09:00,여의도,여의도,POI072,KEY_4,1180022502,의사당대로,1180232200,여의도동 3-6,126.9249536728722347_37.5209718922338453,1180035901,여의도동 3-6,126.9253314029925406_37.5205830136610601,55.0,15.0,서행,126.9253314029925406_37.5205830136610601|126.9249536728722347_37.5209718922338453
2026-09-04T23:16:36.811991+09:00,여의도,여의도,POI072,KEY_4,1180022601,여의나루로,1180244800,여의도동 3,126.9215656689733720_37.5200967219306705,1180036804,광장아파트앞,126.9226527303322172_37.5207652863534591,121.0,12.0,정체,126.9226527303322172_37.5207652863534591|126.9217926969060244_37.5202363504555478|126.9215656689733720_37.5200967219306705
2026-09-04T23:16:36.811991+09:00,여의도,여의도,POI072,KEY_4,1180022602,여의나루로,1180036801,광장아파트앞,126.9227595051740991_37.5208320493825696,1180038904,여의도역앞교차로,126.9240944819508456_37.5216807302462740,151.0,14.0,정체,126.9240944819508456_37.5216807302462740|126.9230741785364529_37.5210320988540929|126.9227595051740991_37.5208320493825696
2026-09-04T23:16:36.811991+09:00,여의도,여의도,POI072,KEY_4,1180022701,여의나루로,1180194200,여의도동 3,126.9209663293650578_37.5195741533230844,1180006401,윤중초교앞교차로,126.9207650877759193_37.5194336994840612,24.0,23.0,서행,126.9207650877759193_37.5194336994840612|126.9208553341128010_37.5195030362503985|126.9209663293650578_37.5195741533230844
2026-09-04T23:16:36.811991+09:00,여의도,여의도,POI072,KEY_4,1180022702,여의나루로,1180124200,여의도동 3,126.9231588597579616_37.5209475952101101,1180036802,광장아파트앞,126.9228279546733376_37.5207372265233658,37.0,17.0,서행,126.9228279546733376_37.5207372265233658|126.9231588597579616_37.5209475952101101
2026-09-04T23:16:36.811991+09:00,여의도,여의도,POI072,KEY_4,1180022901,국제금융로8길,1180126900,여의도동 4,126.9279920585710784_37.5202627781520377,1180032902,대한지적공사앞사거리,126.9265496010735461_37.5193437320748941,163.0,11.0,정체,126.9265496010735461_37.5193437320748941|126.9269201916985708_37.5195875873130760|126.9272716623493835_37.5198188587192476|126.9273748360091219_37.5198841753130239|126.9279920585710784_37.5202627781520377
2026-09-04T23:16:36.811991+09:00,여의도,여의도,POI072,KEY_4,1180022903,국제금융로8길,1180234300,여의도동 4,126.9293196295517134_37.5210904417870239,1180036702,매일일보,126.9287164299037443_37.5207081885220788,68.0,10.0,정체,126.9287164299037443_37.5207081885220788|126.9293196295517134_37.5210904417870239
2026-09-04T23:16:36.811991+09:00,여의도,여의도,POI072,KEY_4,1180022904,국제금융로8길,1180040203,수정아파트앞교차로,126.9307509889043502_37.5219799273467487,1180038602,한국금융증권,126.9299951560938382_37.5215173870643000,84.0,7.0,정체,126.9299951560938382_37.5215173870643000|126.9307509889043502_37.5219799273467487
2026-09-04T23:16:36.811991+09:00,여의도,여의도,POI072,KEY_4,1180023002,국제금융로,1180034404,한양아파트앞교차로,126.9328084183614891_37.5198734924336605,1180040203,수정아파트앞교차로,126.9307509889043502_37.5219799273467487,296.0,14.0,정체,126.9307509889043502_37.5219799273467487|126.9318322407762167_37.5208729407229455|126.9328084183614891_37.5198734924336605
2026-09-04T23:16:36.811991+09:00,여의도,여의도,POI072,KEY_4,1180023102,국제금융로,1180122200,여의도동 4-2,126.9319393819449289_37.5209393298269305,1180034401,한양아파트앞교차로,126.9329147543003131_37.5199407045290272,140.0,26.0,원활,126.9329147543003131_37.5199407045290272|126.9319393819449289_37.5209393298269305
2026-09-04T23:16:36.811991+09:00,여의도,여의도,POI072,KEY_4,1180023802,여의대방로,1180148700,여의도동 5,126.9332535039271335_37.5201528891288518,1180036504,삼익아파트,126.9340675747020981_37.5206627945251299,92.0,12.0,정체,126.9340675747020981_37.5206627945251299|126.9337093608596518_37.5204384234820338|126.9332535039271335_37.5201528891288518
2026-09-04T23:16:36.811991+09:00,여의도,여의도,POI072,KEY_4,1180023803,여의대방로,1180089000,여의도동 5,126.9348014519769947_37.5211250042198898,1180038402,원효대교(남측),126.9354288936371944_37.5215199968422155,71.0,17.5,서행,126.9354288936371944_37.5215199968422155|126.9354064649786693_37.5215062088296207|126.9349318528382327_37.5212071673588810|126.9348014519769947_37.5211250042198898
2026-09-04T23:16:36.811991+09:00,여의도,여의도,POI072,KEY_4,1180023804,여의대방로,1180038402,원효대교(남측),126.9354288936371944_37.5215199968422155,1180007603,원효대교앞교차로,126.9376993931907123_37.5229058691159025,253.0,25.0,원활,126.9376993931907123_37.5229058691159025|126.9367576606416321_37.5223368743102839|126.9354288936371944_37.5215199968422155
2026-09-04T23:16:36.811991+09:00,여의도,여의도,POI072,KEY_4,1180023902,여의대방로,1180148600,여의도동 5,126.9333374148772862_37.5200679006656301,1180034402,한양아파트앞교차로,126.9329986208068846_37.5198556883736742,38.0,24.5,서행,126.9329986208068846_37.5198556883736742|126.9333374148772862_37.5200679006656301
2026-09-04T23:16:36.811991+09:00,여의도,여의도,POI072,KEY_4,1180023904,여의대방로,1180007602,원효대교앞교차로,126.9377991695937595_37.5228304435030964,1180038401,원효대교(남측),126.9355118374576392_37.5214344074539099,255.0,19.0,서행,126.9355118374576392_37.5214344074539099|126.9368401546675926_37.5222510078583156|126.9377991695937595_37.5228304435030964
2026-09-04T23:16:36.811991+09:00,여의도,여의도,POI072,KEY_4,1180024601,여의동로,1180007004,시범아파트앞교차로,126.9401991775211798_37.5209785278175971,1180007602,원효대교앞교차로,126.9377991695937595_37.5228304435030964,295.0,33.0,원활,126.9377991695937595_37.5228304435030964|126.9394041207515187_37.5216176335209894|126.9401086909208090_37.5210660656542530|126.9401991775211798_37.5209785278175971
2026-09-04T23:16:36.811991+09:00,여의도,여의도,POI072,KEY_4,1180024701,여의동로,1180039300,원효대교(남측),126.9394984211137256_37.5216954122665811,1180007001,시범아파트앞교차로,126.9403039746038786_37.5210472508129982,101.0,43.0,원활,126.9403039746038786_37.5210472508129982|126.9402089441002488_37.5211391841689448|126.9394984211137256_37.5216954122665811
2026-09-04T23:16:36.811991+09:00,여의도,여의도,POI072,KEY_4,1180024702,여의동로,1180007601,원효대교앞교차로,126.9379087682920613_37.5228966618330730,1180039300,원효대교(남측),126.9394984211137256_37.5216954122665811,194.0,21.0,서행,126.9394984211137256_37.5216954122665811|126.9379087682920613_37.5228966618330730
2026-09-04T23:16:36.811991+09:00,여의도,여의도,POI072,KEY_4,1180025002,여의서로,1180038804,여의도교차로,126.9173326906496868_37.5216339050043644,1180042903,한국방송공사앞,126.9160598886022484_37.5232024405971387,207.0,23.0,서행,126.9160598886022484_37.5232024405971387|126.9162278121554834_37.5229759399330192|126.9171281270170084_37.5218737751130362|126.9173326906496868_37.5216339050043644
2026-09-04T23:16:36.811991+09:00,여의도,여의도,POI072,KEY_4,1180025102,여의서로,1180042902,한국방송공사앞,126.9161767807363361_37.5232574156796943,1180038801,여의도교차로,126.9174398834116033_37.5217006351711717,206.0,20.0,서행,126.9174398834116033_37.5217006351711717|126.9172411767066819_37.5219336377009398|126.9163432053984479_37.5230329362404262|126.9161767807363361_37.5232574156796943
2026-09-04T23:16:36.811991+09:00,여의도,여의도,POI072,KEY_4,1180026401,여의나루로,1180038901,여의도역앞교차로,126.9242012582014354_37.5217475240258054,1180041304,여의도포스트타워,126.9255002248636544_37.5225475166510023,145.0,15.0,서행,126.9255002248636544_37.5225475166510023|126.9242012582014354_37.5217475240258054
2026-09-04T23:16:36.811991+09:00,여의도,여의도,POI072,KEY_4,1180026402,여의나루로,1180041301,여의도포스트타워,126.9256078753944763_37.5226133831529864,1180042304,여의도우체국,126.9263084504317050_37.5230392405150965,78.0,12.0,정체,126.9263084504317050_37.5230392405150965|126.9256078753944763_37.5226133831529864
2026-09-04T23:16:36.811991+09:00,여의도,여의도,POI072,KEY_4,1180026403,여의나루로,1180125200,여의도동 3,126.9273055137644377_37.5236590158115035,1180008104,한국거래소교차로,126.9284262911522063_37.5243565376483375,126.0,18.0,서행,126.9284262911522063_37.5243565376483375|126.9273055137644377_37.5236590158115035
2026-09-04T23:16:36.811991+09:00,여의도,여의도,POI072,KEY_4,1180026501,여의나루로,1180041302,속성변화점,126.9256902342329596_37.5225274343242958,1180038902,여의도역앞교차로,126.9242837002947937_37.5216616256273028,157.0,17.0,서행,126.9242837002947937_37.5216616256273028|126.9255832614961861_37.5224619830475987|126.9256902342329596_37.5225274343242958
2026-09-04T23:16:36.811991+09:00,여의도,여의도,POI072,KEY_4,1180026502,여의나루로,1180042303,여의도우체국,126.9263908079338563_37.5229532919718807,1180041302,속성변화점,126.9256902342329596_37.5225274343242958,78.0,19.0,서행,126.9256902342329596_37.5225274343242958|126.9263908079338563_37.5229532919718807
2026-09-04T23:16:36.811991+09:00,여의도,여의도,POI072,KEY_4,1180026503,여의나루로,1180125300,여의도동 3,126.9273890984019033_37.5235738209484921,1180042302,여의도우체국,126.9264982473671637_37.5230193781161319,100.0,27.0,원활,126.9264982473671637_37.5230193781161319|126.9273890984019033_37.5235738209484921
2026-09-04T23:16:36.811991+09:00,여의도,여의도,POI072,KEY_4,1180026602,국제금융로,1180042604,동서빌딩,126.9295381668630398_37.5232067155673192,1180008103,한국거래소교차로,126.9285092333859524_37.5242709429893537,149.0,34.0,원활,126.9285092333859524_37.5242709429893537|126.9295381668630398_37.5232067155673192
2026-09-04T23:16:36.811991+09:00,여의도,여의도,POI072,KEY_4,1180026701,국제금융로,1180008102,한국거래소교차로,126.9286163016688818_37.5243374139891230,1180040201,수정아파트앞교차로,126.9307745811657071_37.5221312878077455,310.0,12.0,정체,126.9307745811657071_37.5221312878077455|126.9297282923670735_37.5231883182878576|126.9296457226009380_37.5232726808345376|126.9286163016688818_37.5243374139891230
2026-09-04T23:16:36.811991+09:00,여의도,여의도,POI072,KEY_4,1180027001,국제금융로7길,1180081300,여의도동 3-1,126.9318327118790393_37.5227902671910627,1180042104,여의도한양아파트,126.9319322430067700_37.5228522517926564,11.0,20.0,서행,126.9319322430067700_37.5228522517926564|126.9318327118790393_37.5227902671910627
2026-09-04T23:16:36.811991+09:00,여의도,여의도,POI072,KEY_4,1180027002,국제금융로7길,1180170400,여의도동 30-2,126.9333111517824335_37.5237035923319837,1180008203,여의도선착장앞교차로,126.9351237113233424_37.5248540733071394,205.0,21.0,서행,126.9351237113233424_37.5248540733071394|126.9347308471132010_37.5245861791715924|126.9341471467802336_37.5242210350281624|126.9339693179029922_37.5241097897212015|126.9335585427071464_37.5238562744125730|126.9333111517824335_37.5237035923319837
2026-09-04T23:16:36.811991+09:00,여의도,여의도,POI072,KEY_4,1180027101,국제금융로7길,1180125900,여의도동 4,126.9311872674100243_37.5222510530704270,1180040202,수정아파트앞교차로,126.9308582797666531_37.5220461648026387,37.0,21.0,서행,126.9308582797666531_37.5220461648026387|126.9311872674100243_37.5222510530704270
2026-09-04T23:16:36.811991+09:00,여의도,여의도,POI072,KEY_4,1180027102,국제금융로7길,1180198500,여의도동 4,126.9326315429515404_37.5231473697622491,1180042102,여의도한양아파트,126.9321229804287583_37.5228334900583178,57.0,15.0,서행,126.9321229804287583_37.5228334900583178|126.9326315429515404_37.5231473697622491
2026-09-04T23:16:36.811991+09:00,여의도,여의도,POI072,KEY_4,1180027601,여의동로,1180007603,원효대교앞교차로,126.9376993931907123_37.5229058691159025,1180008202,여의도선착장앞교차로,126.9352222439933087_37.5247789291314646,302.0,29.0,원활,126.9352222439933087_37.5247789291314646|126.9376993931907123_37.5229058691159025
2026-09-04T23:16:36.811991+09:00,여의도,여의도,POI072,KEY_4,1180027701,여의동로,1180044300,원효대교(남측),126.9363222446695119_37.5240962818884185,1180007604,원효대교앞교차로,126.9378089860223895_37.5229720840527037,181.0,18.0,서행,126.9378089860223895_37.5229720840527037|126.9363222446695119_37.5240962818884185
2026-09-04T23:16:36.811991+09:00,여의도,여의도,POI072,KEY_4,1180027702,여의동로,1180008201,여의도선착장앞교차로,126.9353157098191645_37.5248573421928668,1180044300,원효대교(남측),126.9363222446695119_37.5240962818884185,123.0,32.0,원활,126.9363222446695119_37.5240962818884185|126.9353157098191645_37.5248573421928668
2026-09-04T23:16:36.811991+09:00,여의도,여의도,POI072,KEY_4,1180028200,의사당대로,1180042502,여의도지하차도(남측),126.9230739462851005_37.5227496061812005,1180009003,여의도지하차도(북측),126.9191150291965613_37.5267392953712999,564.0,50.0,원활,126.9191150291965613_37.5267392953712999|126.9201443506246108_37.5257459991238065|126.9212525207885562_37.5245910783263668|126.9219274569347249_37.5239031931689340|126.9230739462851005_37.5227496061812005
2026-09-04T23:16:36.811991+09:00,여의도,여의도,POI072,KEY_4,1180028801,여의공원로,1180119800,한국방송공사앞교차로,126.9162376982854141_37.5234303290582289,1180045104,여의도동 2-11,126.9185848101250258_37.5248548993062059,261.0,15.5,서행,126.9185848101250258_37.5248548993062059|126.9162376982854141_37.5234303290582289
2026-09-04T23:16:36.811991+09:00,여의도,여의도,POI072,KEY_4,1180028802,여의공원로,1180045101,여의도동 2-11,126.9186925033394289_37.5249207467094124,1180046204,여의도공원사거리,126.9200468517650648_37.5257551569498133,151.0,19.0,서행,126.9200468517650648_37.5257551569498133|126.9186925033394289_37.5249207467094124
2026-09-04T23:16:36.811991+09:00,여의도,여의도,POI072,KEY_4,1180028902,여의공원로,1180045103,여의도동 2-11,126.9186670908712671_37.5247689025059827,1180042902,한국방송공사앞,126.9161767807363361_37.5232574156796943,277.0,9.0,정체,126.9161767807363361_37.5232574156796943|126.9163199805120570_37.5233443334696943|126.9186670908712671_37.5247689025059827
2026-09-04T23:16:36.811991+09:00,여의도,여의도,POI072,KEY_4,1180028903,여의공원로,1180046203,여의도공원사거리,126.9201299129616700_37.5256696373191119,1180045102,여의도동 2-11,126.9187755656427044_37.5248352275160784,151.0,33.0,원활,126.9187755656427044_37.5248352275160784|126.9201299129616700_37.5256696373191119
2026-09-04T23:16:36.811991+09:00,여의도,여의도,POI072,KEY_4,1180029201,여의서로,1180042904,한국방송공사앞,126.9159903931043800_37.5232960347716684,1180046803,KBS기술연구소,126.9141488563772526_37.5260216283162720,344.0,33.5,원활,126.9141488563772526_37.5260216283162720|126.9145825675221744_37.5253904618593026|126.9155125095740289_37.5239458188810460|126.9158732772367273_37.5234535696549258|126.9159903931043800_37.5232960347716684
2026-09-04T23:16:36.811991+09:00,여의도,여의도,POI072,KEY_4,1180029202,여의서로,1180046804,KBS기술연구소,126.9140828054650996_37.5261159127207975,1180047803,의원회관앞교차로,126.9135274643399640_37.5268977275474711,100.0,25.0,원활,126.9135274643399640_37.5268977275474711|126.9140828054650996_37.5261159127207975
2026-09-04T23:16:36.811991+09:00,여의도,여의도,POI072,KEY_4,1180029301,여의서로,1180046802,KBS기술연구소,126.9142679428666298_37.5260735354667077,1180042901,한국방송공사앞,126.9161072016457155_37.5233511216727109,343.0,31.0,원활,126.9161072016457155_37.5233511216727109|126.9159903024120695_37.5235083663165980|126.9156316188370539_37.5239977738216837|126.9147025329317984_37.5254410884652785|126.9142679428666298_37.5260735354667077
2026-09-04T23:16:36.811991+09:00,여의도,여의도,POI072,KEY_4,1180029302,여의서로,1180047802,의원회관앞교차로,126.9136394602196987_37.5269596416603761,1180046801,KBS기술연구소,126.9142009634784500_37.5261691500808396,101.0,7.0,정체,126.9142009634784500_37.5261691500808396|126.9136394602196987_37.5269596416603761
2026-09-04T23:16:36.811991+09:00,여의도,여의도,POI072,KEY_4,1180030202,국제금융로,1180008104,한국거래소교차로,126.9284262911522063_37.5243565376483375,1180045503,콘래드호텔,126.9275656592524513_37.5252426866880526,124.0,9.0,정체,126.9275656592524513_37.5252426866880526|126.9284262911522063_37.5243565376483375
2026-09-04T23:16:36.811991+09:00,여의도,여의도,POI072,KEY_4,1180030203,국제금융로,1180045504,콘래드호텔,126.9274823003491548_37.5253285166201778,1180047403,파크원타워1,126.9262943673228676_37.5265516473403409,172.0,26.0,원활,126.9262943673228676_37.5265516473403409|126.9274823003491548_37.5253285166201778
2026-09-04T23:16:36.811991+09:00,여의도,여의도,POI072,KEY_4,1180030302,국제금융로,1180047402,파크원타워1,126.9263987935073459_37.5266208412980191,1180008101,한국거래소교차로,126.9285333597918708_37.5244230074264635,308.0,19.0,서행,126.9285333597918708_37.5244230074264635|126.9276730373239701_37.5253088391501777|126.9275896799517085_37.5253946687649673|126.9263987935073459_37.5266208412980191
2026-09-04T23:16:36.811991+09:00,여의도,여의도,POI072,KEY_4,1180030402,여의나루로,1180153000,여의도동 3,126.9295910888797891_37.5250780460679465,1180045704,삼부아파트,126.9301223210420062_37.5254070237092776,59.0,17.0,서행,126.9301223210420062_37.5254070237092776|126.9295910888797891_37.5250780460679465
2026-09-04T23:16:36.811991+09:00,여의도,여의도,POI072,KEY_4,1180030403,여의나루로,1180171700,여의도동 3,126.9321280963523151_37.5266567883219651,1180009103,여의중고교앞교차로,126.9324772431698278_37.5268743677158270,39.0,15.0,서행,126.9324772431698278_37.5268743677158270|126.9323539014093285_37.5267975045387630|126.9321280963523151_37.5266567883219651
2026-09-04T23:16:36.811991+09:00,여의도,여의도,POI072,KEY_4,1180030501,여의나루로,1180045703,삼부아파트,126.9302056495171200_37.5253216690245637,1180008102,한국거래소교차로,126.9286163016688818_37.5243374139891230,178.0,16.0,서행,126.9286163016688818_37.5243374139891230|126.9290852126952274_37.5246278072283701|126.9296744175930627_37.5249926917535461|126.9302056495171200_37.5253216690245637
2026-09-04T23:16:36.811991+09:00,여의도,여의도,POI072,KEY_4,1180030502,여의나루로,1180105800,여의도동 3,126.9316958645969038_37.5262501446870687,1180045702,삼부아파트,126.9303133224847642_37.5253885442037927,155.0,7.0,정체,126.9303133224847642_37.5253885442037927|126.9316958645969038_37.5262501446870687
2026-09-04T23:16:36.811991+09:00,여의도,여의도,POI072,KEY_4,1180030800,여의동로,1180008203,여의도선착장앞교차로,126.9351237113233424_37.5248540733071394,1180009102,여의중고교앞교차로,126.9325768880587333_37.5267991798270799,312.0,39.0,원활,126.9325768880587333_37.5267991798270799|126.9340880918445009_37.5256494381100225|126.9351237113233424_37.5248540733071394
2026-09-04T23:16:36.811991+09:00,여의도,여의도,POI072,KEY_4,1180030900,여의동로,1180009101,여의중고교앞교차로,126.9326849274163322_37.5268665066546987,1180008204,여의도선착장앞교차로,126.9352179426163758_37.5249319019633703,310.0,26.5,원활,126.9352179426163758_37.5249319019633703|126.9341820940272072_37.5257274434280319|126.9326849274163322_37.5268665066546987
2026-09-04T23:16:36.811991+09:00,여의도,여의도,POI072,KEY_4,1180031200,의사당대로,1180046204,여의도공원사거리,126.9200468517650648_37.5257551569498133,1180009003,여의도지하차도(북측),126.9191150291965613_37.5267392953712999,138.0,25.7,원활,126.9191150291965613_37.5267392953712999|126.9191933704532005_37.5265787675293083|126.9200468517650648_37.5257551569498133
2026-09-04T23:16:36.811991+09:00,여의도,여의도,POI072,KEY_4,1180031300,의사당대로,1180009002,여의도지하차도(북측),126.9192224605303210_37.5268054826268056,1180046201,여의도공원사거리,126.9202613782381377_37.5258878549948420,138.0,31.7,원활,126.9202613782381377_37.5258878549948420|126.9194027746886633_37.5267164115458911|126.9192224605303210_37.5268054826268056
2026-09-04T23:16:36.811991+09:00,여의도,여의도,POI072,KEY_4,1180031402,국회대로,1180046001,여의2교남단교차로,126.9110548372880771_37.5257645667991255,1180047804,의원회관앞교차로,126.9134650625379095_37.5269942928087872,253.0,38.0,원활,126.9134650625379095_37.5269942928087872|126.9110548372880771_37.5257645667991255
2026-09-04T23:16:36.811991+09:00,여의도,여의도,POI072,KEY_4,1180031502,국회대로,1180047803,의원회관앞교차로,126.9135274643399640_37.5268977275474711,1180046002,여의2교남단교차로,126.9111139413039098_37.5256663196409335,253.0,16.0,서행,126.9111139413039098_37.5256663196409335|126.9135274643399640_37.5268977275474711
2026-09-04T23:16:36.811991+09:00,여의도,여의도,POI072,KEY_4,1180031700,여의대방로,1180263900,최소노드배치점,126.9423668339206870_37.5252518313100794,1180043100,원효대교남단,126.9389194214592607_37.5234603791527448,364.0,68.3,원활,126.9389194214592607_37.5234603791527448|126.9423668339206870_37.5252518313100794
2026-09-04T23:16:36.811991+09:00,여의도,여의도,POI072,KEY_4,1180032200,여의공원로,1180046201,여의도공원사거리,126.9202613782381377_37.5258878549948420,1180009504,여의도공원앞교차로,126.9243788044885548_37.5284488470021884,462.0,20.0,서행,126.9243788044885548_37.5284488470021884|126.9229106898593642_37.5275333155708140|126.9202613782381377_37.5258878549948420
2026-09-04T23:16:36.811991+09:00,여의도,여의도,POI072,KEY_4,1180032300,여의공원로,1180009503,여의도공원앞교차로,126.9244625001170590_37.5283637182862293,1180046202,여의도공원사거리,126.9203448630397020_37.5258025956584831,462.0,19.5,서행,126.9203448630397020_37.5258025956584831|126.9229942795348052_37.5274481218260405|126.9244625001170590_37.5283637182862293
2026-09-04T23:16:36.811991+09:00,여의도,여의도,POI072,KEY_4,1180033000,의사당대로,1180009004,여의도지하차도(북측),126.9190308136938512_37.5268240980039991,1180050803,국회의사당앞교차로,126.9169751671367123_37.5289842081922771,301.0,18.0,서행,126.9169751671367123_37.5289842081922771|126.9190308136938512_37.5268240980039991
2026-09-04T23:16:36.811991+09:00,여의도,여의도,POI072,KEY_4,1180033100,의사당대로,1180050802,국회의사당앞교차로,126.9170828781558384_37.5290500254580905,1180009001,여의도지하차도(북측),126.9191381861277392_37.5268902681428855,301.0,33.0,원활,126.9191381861277392_37.5268902681428855|126.9170828781558384_37.5290500254580905
2026-09-04T23:16:36.811991+09:00,여의도,여의도,POI072,KEY_4,1180033202,국회대로,1180138900,여의도동 1-1,126.9158268605278437_37.5284233742115916,1180050804,국회의사당앞교차로,126.9168928924711679_37.5290702119511366,118.0,49.7,원활,126.9168928924711679_37.5290702119511366|126.9165053994318129_37.5288350946524574|126.9158268605278437_37.5284233742115916
2026-09-04T23:16:36.811991+09:00,여의도,여의도,POI072,KEY_4,1180033301,국회대로,1180049103,키즈TV,126.9154773852716289_37.5280753781942735,1180047802,의원회관앞교차로,126.9136394602196987_37.5269596416603761,204.0,41.0,원활,126.9136394602196987_37.5269596416603761|126.9146393203885879_37.5275666275930178|126.9150824738661498_37.5278356472698889|126.9154773852716289_37.5280753781942735
2026-09-04T23:16:36.811991+09:00,여의도,여의도,POI072,KEY_4,1180033302,국회대로,1180115400,여의도동 1-1,126.9165876741060259_37.5287490912861017,1180049102,키즈TV,126.9155853725793577_37.5281409178062191,111.0,8.0,정체,126.9155853725793577_37.5281409178062191|126.9159091352979658_37.5283373715814861|126.9165876741060259_37.5287490912861017
2026-09-04T23:16:36.811991+09:00,여의도,여의도,POI072,KEY_4,1180033401,여의동로,1180009103,여의중고교앞교차로,126.9324772431698278_37.5268743677158270,1180049402,여의동로삼거리,126.9306888510367770_37.5282400464787358,219.0,7.0,정체,126.9306888510367770_37.5282400464787358|126.9316099219255705_37.5275248241457220|126.9324772431698278_37.5268743677158270
2026-09-04T23:16:36.811991+09:00,여의도,여의도,POI072,KEY_4,1180033402,여의동로,1180049403,여의동로삼거리,126.9305906868378742_37.5283161715650735,1180050701,마포대교앞,126.9298855635072698_37.5288624491009486,87.0,27.0,원활,126.9298855635072698_37.5288624491009486|126.9305906868378742_37.5283161715650735
2026-09-04T23:16:36.811991+09:00,여의도,여의도,POI072,KEY_4,1180033501,여의동로,1180050000,마포대교남측,126.9304020221015321_37.5286131745307898,1180009104,여의중고교앞교차로,126.9325853985016863_37.5269417668937137,268.0,16.0,서행,126.9325853985016863_37.5269417668937137|126.9317038491518019_37.5276028935370434|126.9307836236958451_37.5283174604033363|126.9306853496340324_37.5283936719680753|126.9304020221015321_37.5286131745307898
2026-09-04T23:16:36.811991+09:00,여의도,여의도,POI072,KEY_4,1180033503,여의동로,1180050901,마포대교앞교차로,126.9295779021332464_37.5291926767471580,1180050000,마포대교남측,126.9304020221015321_37.5286131745307898,97.0,14.0,정체,126.9304020221015321_37.5286131745307898|126.9299369050538218_37.5289735100707489|126.9295779021332464_37.5291926767471580
2026-09-04T23:16:36.811991+09:00,여의도,여의도,POI072,KEY_4,1180033600,은행로,1180216900,여의도동 1-5,126.9219173698385248_37.5285968839280102,1180009804,신한일보,126.9233585883312401_37.5295063067986732,163.0,23.3,서행,126.9233585883312401_37.5295063067986732|126.9219173698385248_37.5285968839280102
2026-09-04T23:16:36.811991+09:00,여의도,여의도,POI072,KEY_4,1180033700,은행로,1180009803,신한일보,126.9234414497844057_37.5294206483528754,1180009002,여의도지하차도(북측),126.9192224605303210_37.5268054826268056,473.0,27.0,원활,126.9192224605303210_37.5268054826268056|126.9195732675343748_37.5270189229749036|126.9202338553054545_37.5274208360670514|126.9208296717275886_37.5277833342574425|126.9213053103871687_37.5280727109073098|126.9214090375718911_37.5281381664055473|126.9220016795030261_37.5285121403360407|126.9234414497844057_37.5294206483528754
2026-09-04T23:16:36.811991+09:00,여의도,여의도,POI072,KEY_4,1180034400,국회대로76길,1180009504,여의도공원앞교차로,126.9243788044885548_37.5284488470021884,1180009803,신한일보,126.9234414497844057_37.5294206483528754,136.0,20.0,서행,126.9234414497844057_37.5294206483528754|126.9243788044885548_37.5284488470021884
2026-09-04T23:16:36.811991+09:00,여의도,여의도,POI072,KEY_4,1180034500,국회대로76길,1180009802,신한일보,126.9235485328000550_37.5294871131787886,1180009501,여의도공원앞교차로,126.9244851749435838_37.5285160491735326,136.0,8.0,정체,126.9244851749435838_37.5285160491735326|126.9235485328000550_37.5294871131787886
2026-09-04T23:16:36.811991+09:00,여의도,여의도,POI072,KEY_4,1180034801,여의공원로,1180009501,여의도공원앞교차로,126.9244851749435838_37.5285160491735326,1180051204,국민일보본사,126.9257155110862811_37.5293031839462898,139.0,21.7,서행,126.9257155110862811_37.5293031839462898|126.9244851749435838_37.5285160491735326
2026-09-04T23:16:36.811991+09:00,여의도,여의도,POI072,KEY_4,1180034802,여의공원로,1180051201,국민일보본사,126.9258217891435123_37.5293704606697105,1180052803,여의도동 8-1,126.9270735891385158_37.5301791716015671,143.0,27.5,원활,126.9270735891385158_37.5301791716015671|126.9269146142970186_37.5300549037916227|126.9258217891435123_37.5293704606697105
2026-09-04T23:16:36.811991+09:00,여의도,여의도,POI072,KEY_4,1180034901,여의공원로,1180051203,국민일보본사,126.9258005332342947_37.5292188928723505,1180009502,여의도공원앞교차로,126.9245701975796123_37.5284317589745982,139.0,30.0,원활,126.9245701975796123_37.5284317589745982|126.9258005332342947_37.5292188928723505
2026-09-04T23:16:36.811991+09:00,여의도,여의도,POI072,KEY_4,1180034902,여의공원로,1180052802,여의도동 8-1,126.9271942634312609_37.5301220004860596,1180051202,국민일보본사,126.9259057123857843_37.5292854733296437,147.0,30.7,원활,126.9259057123857843_37.5292854733296437|126.9270043948584146_37.5299735844800821|126.9271942634312609_37.5301220004860596
2026-09-04T23:16:36.811991+09:00,여의도,여의도,POI072,KEY_4,1180035200,여의서로,1180050903,마포대교앞교차로,126.9293336830422589_37.5291760389837705,1180052802,여의도동 8-1,126.9271942634312609_37.5301220004860596,217.0,14.5,정체,126.9271942634312609_37.5301220004860596|126.9289687654274701_37.5292909204113414|126.9293336830422589_37.5291760389837705
2026-09-04T23:16:36.811991+09:00,여의도,여의도,POI072,KEY_4,1180035301,여의서로,1180051900,마포대교(남측),126.9282127564699607_37.5297704303567201,1180050904,마포대교앞교차로,126.9294559117414423_37.5292538203661366,124.0,32.0,원활,126.9294559117414423_37.5292538203661366|126.9290284880619879_37.5293883798018513|126.9282127564699607_37.5297704303567201
2026-09-04T23:16:36.811991+09:00,여의도,여의도,POI072,KEY_4,1180035302,여의서로,1180052801,여의도동 8-1,126.9272946071328505_37.5302004365455559,1180051900,마포대교(남측),126.9282127564699607_37.5297704303567201,94.0,22.0,서행,126.9282127564699607_37.5297704303567201|126.9272946071328505_37.5302004365455559
2026-09-04T23:16:36.811991+09:00,여의도,여의도,POI072,KEY_4,1180036002,은행로,1180009801,신한일보,126.9234656771860301_37.5295727631180682,1180054103,여의도동 8-1,126.9253966778790357_37.5307939856169597,218.0,29.0,원활,126.9253966778790357_37.5307939856169597|126.9247967732784161_37.5303884026922248|126.9246963806167088_37.5303239145643346|126.9234656771860301_37.5295727631180682
2026-09-04T23:16:36.811991+09:00,여의도,여의도,POI072,KEY_4,1180036101,은행로,1180053403,중소기업투데이,126.9247789627892189_37.5302380972319654,1180009802,신한일보,126.9235485328000550_37.5294871131787886,137.0,21.0,서행,126.9235485328000550_37.5294871131787886|126.9247789627892189_37.5302380972319654
2026-09-04T23:16:36.811991+09:00,여의도,여의도,POI072,KEY_4,1180036102,은행로,1180054102,여의도동 8-1,126.9255387467788267_37.5307482084733266,1180053402,중소기업투데이,126.9248846356486524_37.5303059783637281,76.0,13.0,정체,126.9248846356486524_37.5303059783637281|126.9255387467788267_37.5307482084733266
2026-09-04T23:16:36.811991+09:00,여의도,여의도,POI072,KEY_4,1180036200,여의서로,1180052803,여의도동 8-1,126.9270735891385158_37.5301791716015671,1180054102,여의도동 8-1,126.9255387467788267_37.5307482084733266,150.0,33.8,원활,126.9255387467788267_37.5307482084733266|126.9263346255653886_37.5304864014787682|126.9267477914268198_37.5303345757613798|126.9270735891385158_37.5301791716015671
2026-09-04T23:16:36.811991+09:00,여의도,여의도,POI072,KEY_4,1180036300,여의서로,1180054101,여의도동 8,126.9256551428871944_37.5308269003855344,1180052804,여의도동 8-1,126.9271737183142079_37.5302574404772074,149.0,28.5,원활,126.9271737183142079_37.5302574404772074|126.9268112935386910_37.5304303158847645|126.9263890041094953_37.5305854941670134|126.9256551428871944_37.5308269003855344
2026-09-04T23:16:36.811991+09:00,여의도,여의도,POI072,KEY_4,1180036401,국회대로,1180155000,여의도동 1-1,126.9184061280869713_37.5300009967483419,1180010303,서강대교(남측),126.9215102204224763_37.5319506286676088,350.0,26.0,원활,126.9215102204224763_37.5319506286676088|126.9210461430147205_37.5316255718379566|126.9203325255415535_37.5311864488027496|126.9197419650193126_37.5308230414341679|126.9191619518192908_37.5304661181429466|126.9185557758553813_37.5300930883489983|126.9184061280869713_37.5300009967483419
2026-09-04T23:16:36.811991+09:00,여의도,여의도,POI072,KEY_4,1180036501,국회대로,1180142700,국회의사당삼거리,126.9174236015788750_37.5292597110738839,1180050802,국회의사당앞교차로,126.9170828781558384_37.5290500254580905,38.0,22.0,서행,126.9170828781558384_37.5290500254580905|126.9174236015788750_37.5292597110738839
2026-09-04T23:16:36.811991+09:00,여의도,여의도,POI072,KEY_4,1180036502,국회대로,1180010302,서강대교(남측),126.9216542954880822_37.5319075549676455,1180055401,서강대교남단,126.9213526599560566_37.5316962787179307,36.0,35.0,원활,126.9213526599560566_37.5316962787179307|126.9216542954880822_37.5319075549676455
2026-09-04T23:16:36.811991+09:00,여의도,여의도,POI072,KEY_4,1180036801,국회대로76길,1180054700,서강대교남측,126.9217615574708447_37.5313291653935792,1180009801,신한일보,126.9234656771860301_37.5295727631180682,246.0,32.0,원활,126.9234656771860301_37.5295727631180682|126.9217615574708447_37.5313291653935792
2026-09-04T23:16:36.811991+09:00,여의도,여의도,POI072,KEY_4,1180036802,국회대로76길,1180055401,서강대교남단,126.9213526599560566_37.5316962787179307,1180054700,서강대교남측,126.9217615574708447_37.5313291653935792,54.0,32.0,원활,126.9217615574708447_37.5313291653935792|126.9213526599560566_37.5316962787179307
2026-09-04T23:16:36.811991+09:00,여의도,여의도,POI072,KEY_4,1180036900,국회대로76길,1180009804,신한일보,126.9233585883312401_37.5295063067986732,1180055402,서강대교남단,126.9212497207452941_37.5316241760058915,300.0,18.5,서행,126.9212497207452941_37.5316241760058915|126.9216570369709558_37.5312600586952954|126.9233585883312401_37.5295063067986732
2026-09-04T23:16:36.811991+09:00,여의도,여의도,POI072,KEY_4,1180037401,여의서로,1180154900,여의도동 8-1,126.9245116578237855_37.5310611026891863,1180055500,서강대교남측,126.9220936272136981_37.5317745947810906,228.0,16.0,서행,126.9220936272136981_37.5317745947810906|126.9223180243961764_37.5317057160051633|126.9236617313689948_37.5313110990677146|126.9238006335624789_37.5312703054629822|126.9245116578237855_37.5310611026891863
2026-09-04T23:16:36.811991+09:00,여의도,여의도,POI072,KEY_4,1180037402,여의서로,1180055500,서강대교남측,126.9220936272136981_37.5317745947810906,1180010302,서강대교(남측),126.9216542954880822_37.5319075549676455,42.0,33.0,원활,126.9216542954880822_37.5319075549676455|126.9220936272136981_37.5317745947810906
2026-09-04T23:16:36.811991+09:00,여의도,여의도,POI072,KEY_4,1180037501,여의서로,1180154800,여의도동 8,126.9245587084467815_37.5311625223770164,1180054104,여의도동 8,126.9255136750625184_37.5308730840905937,90.0,21.0,서행,126.9255136750625184_37.5308730840905937|126.9251824944995661_37.5309789834896534|126.9245587084467815_37.5311625223770164
2026-09-04T23:16:36.811991+09:00,여의도,여의도,POI072,KEY_4,1180037502,여의서로,1180010301,서강대교(남측),126.9217369577254289_37.5319990605573608,1180054900,여의하류IC,126.9238476077766080_37.5313717470433375,199.0,9.0,정체,126.9238476077766080_37.5313717470433375|126.9237087053164998_37.5314125407943209|126.9223658286871910_37.5318069145412565|126.9217369577254289_37.5319990605573608
2026-09-04T23:16:36.811991+09:00,여의도,여의도,POI072,KEY_4,1180038001,여의서로,1180047804,의원회관앞교차로,126.9134650625379095_37.5269942928087872,1180050300,여의하류IC,126.9125858842577514_37.5288463372735421,220.0,16.0,서행,126.9125858842577514_37.5288463372735421|126.9133384396445194_37.5272156123272751|126.9134650625379095_37.5269942928087872
2026-09-04T23:16:36.811991+09:00,여의도,여의도,POI072,KEY_4,1180038003,여의서로,1180323100,최소노드배치점,126.9117402894865307_37.5311049087075475,1180057702,여의하류IC,126.9116446085465810_37.5333341738394211,262.0,28.0,원활,126.9116446085465810_37.5333341738394211|126.9114652390462226_37.5331501506058203|126.9113732100930463_37.5329943489975122|126.9112983897178282_37.5327900539595092|126.9112674876685105_37.5325516232177918|126.9112865696183974_37.5323367272189188|126.9113546059211899_37.5321355343469492|126.9114569592268964_37.5318631682642589|126.9115238408340929_37.5316841785415747|126.9117402894865307_37.5311049087075475
2026-09-04T23:16:36.811991+09:00,여의도,여의도,POI072,KEY_4,1180038004,여의서로,1180057702,여의하류IC,126.9116446085465810_37.5333341738394211,1180010601,여의하류IC,126.9158866788485369_37.5334891812985134,389.0,28.0,원활,126.9158866788485369_37.5334891812985134|126.9157160525504509_37.5335075640938882|126.9145253690237212_37.5336052142657834|126.9129473608267773_37.5337346107591614|126.9127263123781830_37.5337454488282916|126.9125619724539717_37.5337376282147730|126.9123498788537177_37.5336886646839432|126.9121669423552277_37.5336324766132563|126.9119754499676134_37.5335430187373973|126.9117951706554237_37.5334397412671237|126.9116446085465810_37.5333341738394211
2026-09-04T23:16:36.811991+09:00,여의도,여의도,POI072,KEY_4,1180038101,여의서로,1180141500,여의도동 8-1,126.9125034013571849_37.5294588335489934,1180047801,의원회관앞교차로,126.9135777323507170_37.5270581170031505,283.0,40.0,원활,126.9135777323507170_37.5270581170031505|126.9134640961386822_37.5272567387847005|126.9127147702930785_37.5288800985185560|126.9125034013571849_37.5294588335489934
2026-09-04T23:16:36.811991+09:00,여의도,여의도,POI072,KEY_4,1180038102,여의서로,1180136800,여의도동 8-1,126.9145114614992735_37.5334976629259458,1180057701,여의하류IC,126.9117432717733465_37.5332606350129012,257.0,28.7,원활,126.9117432717733465_37.5332606350129012|126.9118798764054787_37.5333550779968661|126.9120496011042292_37.5334523089724428|126.9122261082116410_37.5335347665300532|126.9123932874727672_37.5335861143590392|126.9125852087945532_37.5336304218281285|126.9127261896915257_37.5336371304333341|126.9129362320318251_37.5336268320589994|126.9145114614992735_37.5334976629259458
2026-09-04T23:16:36.811991+09:00,여의도,여의도,POI072,KEY_4,1180038602,여의서로,1180199400,여의도동 8-1,126.9180805162101962_37.5329548925892027,1180010602,여의하류IC,126.9158651872016321_37.5333825331527251,202.0,25.0,원활,126.9158651872016321_37.5333825331527251|126.9163150027583100_37.5333154038283041|126.9167447105342319_37.5332479919289739|126.9172043329491686_37.5331630452426737|126.9179823764344519_37.5329820256749258|126.9180805162101962_37.5329548925892027
2026-09-04T23:16:36.811991+09:00,여의도,여의도,POI072,KEY_4,1180038702,여의서로,1180323000,최소노드배치점,126.9187881082516611_37.5328709059154022,1180010304,서강대교(남측),126.9216090189517701_37.5320376430852960,266.0,35.0,원활,126.9216090189517701_37.5320376430852960|126.9203533112228826_37.5324099776008708|126.9202812799588713_37.5324311902864451|126.9187881082516611_37.5328709059154022
2026-09-04T23:16:36.811991+09:00,여의도,여의도,POI072,KEY_4,1180039200,올림픽대로,1180058400,여의하류IC,126.9148490647562824_37.5338551834337650,1180010601,여의하류IC,126.9158866788485369_37.5334891812985134,100.0,28.5,정체,126.9158866788485369_37.5334891812985134|126.9155841280332453_37.5335956228786003|126.9148490647562824_37.5338551834337650
2026-09-04T23:16:36.811991+09:00,여의도,여의도,POI072,KEY_4,1180041102,국회대로,1180274900,최소노드배치점,126.9238759567866452_37.5352270758419237,1180010301,서강대교(남측),126.9217369577254289_37.5319990605573608,405.0,65.0,원활,126.9217369577254289_37.5319990605573608|126.9234661246942437_37.5346102805177892|126.9238759567866452_37.5352270758419237
2026-09-04T23:16:36.811991+09:00,여의도,여의도,POI072,KEY_4,1180062600,여의대방로,1190002703,대방역사거리,126.9268958244966257_37.5145487094125656,1190018001,신길초등학교사거리,126.9248789899667997_37.5112367041177919,410.0,54.0,원활,126.9248789899667997_37.5112367041177919|126.9251784864751045_37.5119743169443751|126.9253201831395614_37.5123138355713479|126.9254964946367608_37.5125952899220820|126.9261779210122114_37.5135516559070297|126.9268958244966257_37.5145487094125656
2026-09-04T23:16:36.811991+09:00,여의도,여의도,POI072,KEY_4,1180062700,여의대방로,1190018004,신길초등학교사거리,126.9247482475985862_37.5112660300318268,1190002704,대방역사거리,126.9267562377877425_37.5145721661826528,409.0,52.0,원활,126.9267562377877425_37.5145721661826528|126.9260600278491466_37.5136052369460913|126.9253766642585646_37.5126461480342570|126.9251944266099628_37.5123552364199853|126.9250495134461403_37.5120080075138560|126.9247482475985862_37.5112660300318268
2026-09-04T23:16:36.811991+09:00,여의도,여의도,POI072,KEY_4,1180065700,노들로,1190002704,대방역사거리,126.9267562377877425_37.5145721661826528,1180025902,여의교지하차도(서측),126.9243577826353402_37.5152265372191849,226.0,49.0,원활,126.9243577826353402_37.5152265372191849|126.9245809528478048_37.5150956973008007|126.9252332346312215_37.5148831534130309|126.9254577190681204_37.5148274294658464|126.9263383848454794_37.5146481452327691|126.9267562377877425_37.5145721661826528
2026-09-04T23:16:36.811991+09:00,여의도,여의도,POI072,KEY_4,1180065800,노들로,1180025901,여의교지하차도(서측),126.9244132221409131_37.5153255758902233,1190002701,대방역사거리,126.9269003072911914_37.5147677729739755,229.0,30.0,원활,126.9269003072911914_37.5147677729739755|126.9264022132233549_37.5148583423264341|126.9255317623644288_37.5150355467441798|126.9253251818176551_37.5150868275884335|126.9246837339447040_37.5152958401404746|126.9244132221409131_37.5153255758902233
2026-09-04T23:16:36.811991+09:00,여의도,여의도,POI072,KEY_4,1180070000,영등포로57길,1180231200,신길동 42-7,126.9185933294383659_37.5169703071205234,1180028902,신길역,126.9166440632117485_37.5173560032043412,178.0,24.0,서행,126.9166440632117485_37.5173560032043412|126.9172033039011893_37.5172657449748854|126.9179843661455891_37.5171190957105267|126.9182238987002904_37.5170605709356195|126.9185933294383659_37.5169703071205234
2026-09-04T23:16:36.811991+09:00,여의도,여의도,POI072,KEY_4,1180070100,영등포로57길,1180221800,신길동 20-7,126.9182637047614008_37.5171639378316684,1180028103,신길동15-3,126.9194043750581358_37.5170210107110691,103.0,12.0,정체,126.9194043750581358_37.5170210107110691|126.9192364816635603_37.5170118471295240|126.9187161041369620_37.5170534021318858|126.9186331360129998_37.5170736740641217|126.9182637047614008_37.5171639378316684
2026-09-04T23:16:36.811991+09:00,여의도,여의도,POI072,KEY_4,1180070700,노들로,1180028103,신길동15-3,126.9194043750581358_37.5170210107110691,1180029702,노들길지하차도(남측),126.9173777873138533_37.5177999098372865,199.0,39.0,원활,126.9173777873138533_37.5177999098372865|126.9182827991260893_37.5174256256417635|126.9194043750581358_37.5170210107110691
2026-09-04T23:16:36.811991+09:00,여의도,여의도,POI072,KEY_4,1180070800,노들로,1180029701,노들길지하차도(남측),126.9174454412259223_37.5178935252872279,1180028104,신길동15-3,126.9194603769218617_37.5171195004770794,198.0,57.0,원활,126.9194603769218617_37.5171195004770794|126.9183421015647042_37.5175229245464337|126.9174454412259223_37.5178935252872279
2026-09-04T23:16:36.811991+09:00,여의도,여의도,POI072,KEY_4,1180071100,여의동로,1180030703,이마트(여의도점),126.9276237094474169_37.5180791890850927,1180028501,여의도동 3-9,126.9264061143659319_37.5172852192624120,139.0,27.0,원활,126.9264061143659319_37.5172852192624120|126.9265378572362124_37.5173842043816279|126.9274329172205142_37.5179584390562226|126.9276237094474169_37.5180791890850927
2026-09-04T23:16:36.811991+09:00,여의도,여의도,POI072,KEY_4,1180071200,여의동로,1180028504,여의도동 3-9,126.9262556418987771_37.5173207931159425,1180030704,이마트(여의도점),126.9275405917458244_37.5181646802247997,147.0,13.0,정체,126.9275405917458244_37.5181646802247997|126.9273481211435524_37.5180428676898217|126.9264485774468909_37.5174657562893046|126.9262556418987771_37.5173207931159425
2026-09-04T23:16:36.811991+09:00,여의도,여의도,POI072,KEY_4,1180071500,올림픽대로,1180029900,여의상류IC,126.9404509601255029_37.5178091794502038,1180072900,여의상류IC,126.9406083800987517_37.5174248708792817,45.0,20.0,정체,126.9406083800987517_37.5174248708792817|126.9404509601255029_37.5178091794502038
2026-09-04T23:16:36.811991+09:00,여의도,여의도,POI072,KEY_4,1180071603,올림픽대로,1180029800,여의상류IC,126.9377628191142691_37.5176475456465397,1180029601,여의상류IC,126.9365050785440872_37.5176034226056245,111.0,34.0,서행,126.9365050785440872_37.5176034226056245|126.9367032441416256_37.5175986320360053|126.9369075905664630_37.5176015254681374|126.9377628191142691_37.5176475456465397
2026-09-04T23:16:36.811991+09:00,여의도,여의도,POI072,KEY_4,1180071900,올림픽대로,1180030100,여의상류IC,126.9399292397485937_37.5179051874619134,1180029800,여의상류IC,126.9377628191142691_37.5176475456465397,194.0,49.0,서행,126.9377628191142691_37.5176475456465397|126.9388819762016425_37.5177795458921608|126.9393202235015963_37.5178280530124439|126.9399292397485937_37.5179051874619134
2026-09-04T23:16:36.811991+09:00,여의도,여의도,POI072,KEY_4,1180072400,올림픽대로,1180030100,여의상류IC,126.9399292397485937_37.5179051874619134,1180030303,여의상류IC,126.9386432411447601_37.5179706215453024,116.0,32.0,서행,126.9386432411447601_37.5179706215453024|126.9388356132939606_37.5178999662067767|126.9389554574936199_37.5178743054647086|126.9390645174950265_37.5178690017115315|126.9392529998118562_37.5178723144811457|126.9394993655986497_37.5178917341157501|126.9397551544488181_37.5179079414615089|126.9399292397485937_37.5179051874619134
2026-09-04T23:16:36.811991+09:00,여의도,여의도,POI072,KEY_4,1180072700,올림픽대로,1180072800,여의상류IC,126.9405016513416058_37.5173927522574644,1180030100,여의상류IC,126.9399292397485937_37.5179051874619134,84.0,40.0,서행,126.9399292397485937_37.5179051874619134|126.9400831202883921_37.5178824486165894|126.9402777750538718_37.5177996873365771|126.9403592878800566_37.5177300782674692|126.9404107662331427_37.5176558174294499|126.9404538000154758_37.5175691842385888|126.9405016513416058_37.5173927522574644
2026-09-04T23:16:36.811991+09:00,여의도,여의도,POI072,KEY_4,1180072800,올림픽대로,1180030302,여의상류IC,126.9388089615749209_37.5179993865758163,1180029900,여의상류IC,126.9404509601255029_37.5178091794502038,155.0,22.0,정체,126.9404509601255029_37.5178091794502038|126.9403835973619863_37.5178670232158780|126.9402933476123962_37.5179248544743515|126.9402017670291087_37.5179633936088734|126.9401061504134987_37.5179933557776337|126.9400078586650551_37.5180061677154342|126.9399185009759918_37.5180075323650257|126.9398256116081853_37.5179978389370774|126.9397219567891710_37.5179784938017420|126.9395779254911645_37.5179473373987165|126.9394460007034979_37.5179279775558143|126.9392884871980556_37.5179150348757489|126.9391269249482690_37.5179192395949030|126.9389990109286401_37.5179352502025054|126.9388089615749209_37.5179993865758163
2026-09-04T23:16:36.811991+09:00,여의도,여의도,POI072,KEY_4,1180073700,노들로,1180029702,노들길지하차도(남측),126.9173777873138533_37.5177999098372865,1180034603,영등포고가차도(동측),126.9147300572169001_37.5198605051879994,338.0,38.0,원활,126.9147300572169001_37.5198605051879994|126.9150052415285899_37.5193514519132947|126.9151894424992975_37.5191040580958202|126.9154714844551108_37.5188399519601390|126.9157868976313068_37.5186039234675164|126.9161910198482275_37.5183507776750886|126.9167237512801591_37.5180668276396787|126.9171122463613415_37.5178702360334597|126.9173777873138533_37.5177999098372865
2026-09-04T23:16:36.811991+09:00,여의도,여의도,POI072,KEY_4,1180073800,노들로,1180034602,영등포고가차도(동측),126.9149485395489876_37.5200031329234420,1180029701,노들길지하차도(남측),126.9174454412259223_37.5178935252872279,330.0,52.5,원활,126.9174454412259223_37.5178935252872279|126.9172578247047056_37.5180527585371451|126.9168720512663810_37.5182479724615590|126.9163506557057843_37.5185258800491539|126.9159640945339049_37.5187680250151914|126.9156684392605996_37.5189892700103726|126.9154111841748147_37.5192301665086774|126.9152476751075937_37.5194497696661458|126.9149485395489876_37.5200031329234420
2026-09-04T23:16:36.811991+09:00,여의도,여의도,POI072,KEY_4,1180073900,올림픽대로,1180032700,여의상류IC,126.9408644596989291_37.5190433065538684,1180029900,여의상류IC,126.9404509601255029_37.5178091794502038,146.0,34.0,서행,126.9404509601255029_37.5178091794502038|126.9404310269714529_37.5180692971477612|126.9404593198215707_37.5181945058118345|126.9405293590956347_37.5183363022392768|126.9406428359182541_37.5184650324871498|126.9407039224352047_37.5185554824422525|126.9407671851563748_37.5186563652702816|126.9408217004846762_37.5187746330407421|126.9408521950314110_37.5188789781700649|126.9408673973805293_37.5189902704776017|126.9408644596989291_37.5190433065538684
2026-09-04T23:16:36.811991+09:00,여의도,여의도,POI072,KEY_4,1180074000,영등포로,1180031002,신길역,126.9159335144703817_37.5180872053454948,1180032000,영등포로터리,126.9141035939490507_37.5187705194977141,181.0,14.0,정체,126.9141035939490507_37.5187705194977141|126.9145660929896025_37.5186886104868407|126.9148490250060348_37.5185994181823261|126.9155991033942001_37.5182852803393274|126.9159335144703817_37.5180872053454948
2026-09-04T23:16:36.811991+09:00,여의도,여의도,POI072,KEY_4,1180075100,경인로,1180033100,영등포로터리,126.9147672532710232_37.5194468380783732,1180031001,신길역,126.9160342294389352_37.5181596924073730,183.0,43.0,원활,126.9160342294389352_37.5181596924073730|126.9158010714940445_37.5183319108412903|126.9155449492747891_37.5185355519912989|126.9152932575860575_37.5187892581853575|126.9150370026818848_37.5191073254966128|126.9147672532710232_37.5194468380783732
2026-09-04T23:16:36.811991+09:00,여의도,여의도,POI072,KEY_4,1180076000,노들로,1180263400,최소노드배치점,126.9150215912051465_37.5197313004111095,1180029701,노들길지하차도(남측),126.9174454412259223_37.5178935252872279,302.0,68.0,원활,126.9174454412259223_37.5178935252872279|126.9168349753552718_37.5182026853724011|126.9163107458231110_37.5184821044756731|126.9159197960838981_37.5187269996541488|126.9156192013340245_37.5189519405294618|126.9153557486849166_37.5191986403456426|126.9151870666523791_37.5194251909504075|126.9150215912051465_37.5197313004111095
2026-09-04T23:16:36.811991+09:00,여의도,여의도,POI072,KEY_4,1180076900,여의나루로2길,1180031104,윤중중학교,126.9248361210198794_37.5184530288178522,1180036803,광장아파트앞,126.9227144019653082_37.5206666139467089,310.0,10.0,정체,126.9227144019653082_37.5206666139467089|126.9227532238180629_37.5205737479899568|126.9237453604085886_37.5195748552820376|126.9248361210198794_37.5184530288178522
2026-09-04T23:16:36.811991+09:00,여의도,여의도,POI072,KEY_4,1180077501,여의대방로65길,1180031503,여의도동4-4,126.9297722851941046_37.5196579918983986,1180031506,인도네시아대사관,126.9308072157305389_37.5186285705181319,146.0,15.0,서행,126.9308072157305389_37.5186285705181319|126.9297722851941046_37.5196579918983986
2026-09-04T23:16:36.811991+09:00,여의도,여의도,POI072,KEY_4,1180077502,여의대방로65길,1180036702,매일일보,126.9287164299037443_37.5207081885220788,1180031502,여의도동4-4,126.9296874356870433_37.5197423880918137,137.0,6.0,정체,126.9296874356870433_37.5197423880918137|126.9289620332308317_37.5204639049460980|126.9287164299037443_37.5207081885220788
2026-09-04T23:16:36.811991+09:00,여의도,여의도,POI072,KEY_4,1180079601,여의대방로69길,1180033003,여의도동4-3,126.9310026116467043_37.5204312861576597,1180033006,여의도동 5,126.9320621848172266_37.5193974572135858,148.0,8.0,정체,126.9320621848172266_37.5193974572135858|126.9310026116467043_37.5204312861576597
2026-09-04T23:16:36.811991+09:00,여의도,여의도,POI072,KEY_4,1180079602,여의대방로69길,1180038602,한국금융증권,126.9299951560938382_37.5215173870643000,1180033002,여의도동4-3,126.9309225566694295_37.5205116725064727,138.0,19.0,서행,126.9309225566694295_37.5205116725064727|126.9299951560938382_37.5215173870643000
2026-09-04T23:16:36.811991+09:00,여의도,여의도,POI072,KEY_4,1180079800,국제금융로8길,1180034304,미래에셋빌딩,126.9271852079254330_37.5199022140612897,1180037803,여의도백화점,126.9261701209206308_37.5209339886117448,146.0,6.0,정체,126.9261701209206308_37.5209339886117448|126.9261911265355707_37.5209065883039727|126.9267597615167489_37.5203419468673758|126.9271650176002026_37.5199272613282986|126.9271852079254330_37.5199022140612897
2026-09-04T23:16:36.811991+09:00,여의도,여의도,POI072,KEY_4,1180080400,여의동로,1180034500,메리어트파크센터오피스텔,126.9191573972615572_37.5200167950090204,1180040500,버들광장앞교차로,126.9161939719324579_37.5224229383147687,389.0,32.0,원활,126.9161939719324579_37.5224229383147687|126.9167426059924679_37.5216104139380207|126.9169524263356266_37.5213316445914842|126.9172011738798034_37.5210362146835763|126.9174348747745995_37.5208122908082657|126.9175966520831764_37.5206717527601228|126.9177733818976606_37.5205407611104391|126.9179021742503153_37.5204550301915631|126.9180698803598375_37.5203645580240277|126.9183154036421826_37.5202741394602839|126.9185788763550988_37.5201908849197778|126.9188048366269186_37.5201255204490636|126.9191573972615572_37.5200167950090204
2026-09-04T23:16:36.811991+09:00,여의도,여의도,POI072,KEY_4,1180080700,국제금융로6길,1180035901,여의도동 3-6,126.9253314029925406_37.5205830136610601,1180037804,여의도백화점,126.9260889939629209_37.5210206754039888,83.0,8.0,정체,126.9260889939629209_37.5210206754039888|126.9255710268125199_37.5207131494163306|126.9253314029925406_37.5205830136610601
2026-09-04T23:16:36.811991+09:00,여의도,여의도,POI072,KEY_4,1180082100,여의나루로4길,1180036704,매일일보,126.9285263157772903_37.5207269494805828,1180039603,한국노총회관,126.9275235472930063_37.5217889686242856,147.0,11.0,정체,126.9275235472930063_37.5217889686242856|126.9285263157772903_37.5207269494805828
2026-09-04T23:16:36.811991+09:00,여의도,여의도,POI072,KEY_4,1180082200,여의나루로4길,1180039602,한국노총회관,126.9276303241940980_37.5218557680585860,1180036701,매일일보,126.9286332141362692_37.5207936198378604,148.0,17.0,서행,126.9286332141362692_37.5207936198378604|126.9276303241940980_37.5218557680585860
2026-09-04T23:16:36.811991+09:00,여의도,여의도,POI072,KEY_4,1180082301,여의동로1길,1180210100,여의도동 2-8,126.9192896850102699_37.5208453219656519,1180035807,KT여의도지점,126.9186604598271515_37.5204553701592047,70.0,8.0,정체,126.9186604598271515_37.5204553701592047|126.9187823073190913_37.5205297191339184|126.9192896850102699_37.5208453219656519
2026-09-04T23:16:36.811991+09:00,여의도,여의도,POI072,KEY_4,1180082302,여의동로1길,1180040303,대한투자신탁빌딩,126.9213072068328358_37.5221186397936606,1180035803,LG경영개발원,126.9201321156892703_37.5213693262362895,133.0,18.0,서행,126.9201321156892703_37.5213693262362895|126.9201737094506228_37.5213951978285110|126.9213072068328358_37.5221186397936606
2026-09-04T23:16:36.811991+09:00,여의도,여의도,POI072,KEY_4,1180082401,여의동로1길,1180035802,LG경영개발원,126.9200485653260415_37.5214545403774409,1180040304,대한투자신탁빌딩,126.9212238509502555_37.5222039898002322,133.0,19.0,서행,126.9212238509502555_37.5222039898002322|126.9200894880125929_37.5214799945996305|126.9200485653260415_37.5214545403774409
2026-09-04T23:16:36.811991+09:00,여의도,여의도,POI072,KEY_4,1180082402,여의동로1길,1180035806,KT여의도지점,126.9185563083192676_37.5205280201315929,1180035805,LG경영개발원,126.9199415755927589_37.5213879918803102,155.0,26.5,원활,126.9199415755927589_37.5213879918803102|126.9192061340062878_37.5209305358602236|126.9186992541610692_37.5206152428383959|126.9185563083192676_37.5205280201315929
2026-09-04T23:16:36.811991+09:00,여의도,여의도,POI072,KEY_4,1180082600,여의대로2길,1180252000,여의도동 2-7,126.9213903647884649_37.5220349997937390,1180040303,대한투자신탁빌딩,126.9213072068328358_37.5221186397936606,12.0,10.0,정체,126.9213072068328358_37.5221186397936606|126.9213903647884649_37.5220349997937390
2026-09-04T23:16:36.811991+09:00,여의도,여의도,POI072,KEY_4,1180082700,여의대로2길,1180040302,대한투자신탁빌딩,126.9214136274314626_37.5221857618977026,1180036801,광장아파트앞,126.9227595051740991_37.5208320493825696,192.0,24.0,서행,126.9227595051740991_37.5208320493825696|126.9225686764472556_37.5210239929151470|126.9222044493932202_37.5213903441468659|126.9218506466926186_37.5217462056978377|126.9214967852985296_37.5221021218162605|126.9214136274314626_37.5221857618977026
2026-09-04T23:16:36.811991+09:00,여의도,여의도,POI072,KEY_4,1180083100,국제금융로6길,1180037801,여의도백화점,126.9261939219537965_37.5210848066129898,1180039604,한국노총회관,126.9274411463804313_37.5218749163882279,141.0,8.0,정체,126.9274411463804313_37.5218749163882279|126.9267999492455061_37.5214687252867378|126.9261939219537965_37.5210848066129898
2026-09-04T23:16:36.811991+09:00,여의도,여의도,POI072,KEY_4,1180085000,의사당대로,1180038904,여의도역앞교차로,126.9240944819508456_37.5216807302462740,1180041503,속성변화점,126.9232621945534021_37.5225582878517514,122.0,6.0,정체,126.9232621945534021_37.5225582878517514|126.9240944819508456_37.5216807302462740
2026-09-04T23:16:36.811991+09:00,여의도,여의도,POI072,KEY_4,1180085300,의사당대로,1180041502,국회앞지하차도,126.9233705115822772_37.5226234575251354,1180038901,여의도역앞교차로,126.9242012582014354_37.5217475240258054,122.0,36.7,원활,126.9242012582014354_37.5217475240258054|126.9233705115822772_37.5226234575251354
2026-09-04T23:16:36.811991+09:00,여의도,여의도,POI072,KEY_4,1180085600,여의대로,1180044401,여의도공원앞,126.9217097283597013_37.5242162542949913,1180038802,여의도교차로,126.9175141532534923_37.5216096736950604,470.0,39.0,원활,126.9175141532534923_37.5216096736950604|126.9205649669404323_37.5234987788975545|126.9217097283597013_37.5242162542949913
2026-09-04T23:16:36.811991+09:00,여의도,여의도,POI072,KEY_4,1180085800,여의나루로4길,1180092000,여의도동 3-4,126.9268692185870151_37.5224621159343670,1180042303,여의도우체국,126.9263908079338563_37.5229532919718807,69.0,6.0,정체,126.9263908079338563_37.5229532919718807|126.9268692185870151_37.5224621159343670
2026-09-04T23:16:36.811991+09:00,여의도,여의도,POI072,KEY_4,1180085900,여의나루로4길,1180091900,여의도동 33,126.9269764759797710_37.5225283883706098,1180039601,한국노총회관,126.9275479160526032_37.5219416888512995,82.0,11.0,정체,126.9275479160526032_37.5219416888512995|126.9269764759797710_37.5225283883706098
2026-09-04T23:16:36.811991+09:00,여의도,여의도,POI072,KEY_4,1180086000,여의대방로,1180043100,원효대교남단,126.9389194214592607_37.5234603791527448,1180038401,원효대교(남측),126.9355118374576392_37.5214344074539099,377.0,61.3,원활,126.9355118374576392_37.5214344074539099|126.9357682265078324_37.5215237383808358|126.9368814016096110_37.5222080746101767|126.9378844663648636_37.5228141242598880|126.9386342653729258_37.5232817445596751|126.9389194214592607_37.5234603791527448
2026-09-04T23:16:36.811991+09:00,여의도,여의도,POI072,KEY_4,1180086100,여의대방로,1180038402,원효대교(남측),126.9354288936371944_37.5215199968422155,1180043400,원효대교남단,126.9388452416195463_37.5235509284484792,378.0,61.0,원활,126.9388452416195463_37.5235509284484792|126.9385269005017420_37.5234022392466500|126.9377236729463903_37.5229883934775685|126.9367164135576331_37.5223798075140991|126.9356023408485044_37.5216949187275617|126.9354288936371944_37.5215199968422155
2026-09-04T23:16:36.811991+09:00,여의도,여의도,POI072,KEY_4,1180086200,여의대방로,1180043100,원효대교남단,126.9389194214592607_37.5234603791527448,1180039300,원효대교(남측),126.9394984211137256_37.5216954122665811,256.0,46.7,원활,126.9394984211137256_37.5216954122665811|126.9394143576814571_37.5217932892441297|126.9390639344829168_37.5220578983287538|126.9386058222683715_37.5224039073714266|126.9384454643178373_37.5225455615191805|126.9383732776471589_37.5226476074626873|126.9383372872894142_37.5227369852470787|126.9383282232904264_37.5228406804968202|126.9383416241537788_37.5229229319018529|126.9383954201431948_37.5230195086963576|126.9384806415670255_37.5231196770154796|126.9389194214592607_37.5234603791527448
2026-09-04T23:16:36.811991+09:00,여의도,여의도,POI072,KEY_4,1180086400,국제금융로6길,1180039601,한국노총회관,126.9275479160526032_37.5219416888512995,1180042604,동서빌딩,126.9295381668630398_37.5232067155673192,225.0,10.0,정체,126.9295381668630398_37.5232067155673192|126.9293981951603882_37.5231126381915203|126.9280233154665609_37.5222352311225436|126.9275479160526032_37.5219416888512995
2026-09-04T23:16:36.811991+09:00,여의도,여의도,POI072,KEY_4,1180086800,여의대로2길,1180040304,대한투자신탁빌딩,126.9212238509502555_37.5222039898002322,1180042803,전경련회관,126.9204696857417076_37.5229905971904500,110.0,37.0,원활,126.9204696857417076_37.5229905971904500|126.9212238509502555_37.5222039898002322
2026-09-04T23:16:36.811991+09:00,여의도,여의도,POI072,KEY_4,1180086900,여의대로2길,1180042802,전경련회관,126.9205742637601162_37.5230596706733053,1180040301,대한투자신탁빌딩,126.9213317400245273_37.5222696086659511,110.0,23.0,서행,126.9213317400245273_37.5222696086659511|126.9205742637601162_37.5230596706733053
2026-09-04T23:16:36.811991+09:00,여의도,여의도,POI072,KEY_4,1180087000,여의동로,1180040500,버들광장앞교차로,126.9161939719324579_37.5224229383147687,1180042903,한국방송공사앞,126.9160598886022484_37.5232024405971387,89.0,33.0,원활,126.9160598886022484_37.5232024405971387|126.9160345093533806_37.5231642193772856|126.9160286002892235_37.5230950821679485|126.9160616602082285_37.5229735262128017|126.9161637830189875_37.5226541555588327|126.9161939719324579_37.5224229383147687
2026-09-04T23:16:36.811991+09:00,여의도,여의도,POI072,KEY_4,1180087100,여의대로,1180038801,여의도교차로,126.9174398834116033_37.5217006351711717,1180044402,여의도공원앞,126.9216257794162317_37.5243012223384227,469.0,19.0,서행,126.9216257794162317_37.5243012223384227|126.9204813325683574_37.5235839430196663|126.9174398834116033_37.5217006351711717
2026-09-04T23:16:36.811991+09:00,여의도,여의도,POI072,KEY_4,1180087203,여의대로,1180038704,전경련회관삼거리,126.9191704288033691_37.5221849123008013,1180038707,서울교앞,126.9177536585469710_37.5213009209994013,159.0,32.5,원활,126.9177536585469710_37.5213009209994013|126.9179266555743908_37.5214136032377183|126.9191704288033691_37.5221849123008013
2026-09-04T23:16:36.811991+09:00,여의도,여의도,POI072,KEY_4,1180087204,여의대로,1180042803,전경련회관,126.9204696857417076_37.5229905971904500,1180038703,전경련회관삼거리,126.9192775411875402_37.5222513352049134,134.0,44.0,원활,126.9192775411875402_37.5222513352049134|126.9204696857417076_37.5229905971904500
2026-09-04T23:16:36.811991+09:00,여의도,여의도,POI072,KEY_4,1180087300,의사당대로,1180041503,속성변화점,126.9232621945534021_37.5225582878517514,1180042502,여의도지하차도(남측),126.9230739462851005_37.5227496061812005,27.0,32.0,원활,126.9230739462851005_37.5227496061812005|126.9231810254375432_37.5226418788369287|126.9232621945534021_37.5225582878517514
2026-09-04T23:16:36.811991+09:00,여의도,여의도,POI072,KEY_4,1180087400,의사당대로,1180042501,여의도지하차도(남측),126.9231803886150800_37.5228167082285182,1180041501,국회앞지하차도,126.9232874381288525_37.5227089776975404,15.0,18.0,서행,126.9232874381288525_37.5227089776975404|126.9231803886150800_37.5228167082285182
2026-09-04T23:16:36.811991+09:00,여의도,여의도,POI072,KEY_4,1180087700,여의나루로,1180041304,여의도포스트타워,126.9255002248636544_37.5225475166510023,1180043304,서남미술전시관,126.9246482595642505_37.5234309775800341,124.0,20.0,서행,126.9246482595642505_37.5234309775800341|126.9255002248636544_37.5225475166510023
2026-09-04T23:16:36.811991+09:00,여의도,여의도,POI072,KEY_4,1180087900,국제금융로2길,1180043304,서남미술전시관,126.9246482595642505_37.5234309775800341,1180041502,국회앞지하차도,126.9233705115822772_37.5226234575251354,144.0,18.0,서행,126.9233705115822772_37.5226234575251354|126.9246482595642505_37.5234309775800341
2026-09-04T23:16:36.811991+09:00,여의도,여의도,POI072,KEY_4,1180088000,국제금융로2길,1180041501,국회앞지하차도,126.9232874381288525_37.5227089776975404,1180043305,서남미술전시관,126.9245638815206974_37.5235156738176698,144.0,16.0,서행,126.9245638815206974_37.5235156738176698|126.9232874381288525_37.5227089776975404
2026-09-04T23:16:36.811991+09:00,여의도,여의도,POI072,KEY_4,1180088600,의사당대로,1180042502,여의도지하차도(남측),126.9230739462851005_37.5227496061812005,1180043908,여의도공원앞,126.9219023251390297_37.5238413780774422,160.0,28.0,원활,126.9219023251390297_37.5238413780774422|126.9228522219405306_37.5228856048509840|126.9230739462851005_37.5227496061812005
2026-09-04T23:16:36.811991+09:00,여의도,여의도,POI072,KEY_4,1180088700,의사당대로,1180043907,여의도공원앞,126.9221245522233374_37.5239661861320641,1180042501,여의도지하차도(남측),126.9231803886150800_37.5228167082285182,159.0,8.0,정체,126.9231803886150800_37.5228167082285182|126.9230651003582295_37.5230198156360615|126.9221245522233374_37.5239661861320641
2026-09-04T23:16:36.811991+09:00,여의도,여의도,POI072,KEY_4,1180088800,여의동로,1180044300,원효대교(남측),126.9363222446695119_37.5240962818884185,1180043400,원효대교남단,126.9388452416195463_37.5235509284484792,262.0,50.0,원활,126.9388452416195463_37.5235509284484792|126.9384579493625438_37.5234164617016432|126.9382200598614503_37.5233412443599619|126.9380943813213918_37.5233018443910211|126.9379642022848174_37.5232767444369202|126.9378340066637492_37.5232731008024061|126.9376229810390129_37.5232872929537464|126.9374613272680392_37.5233193903731248|126.9373544849209878_37.5233714062846175|126.9371561824279837_37.5235065711294808|126.9363767315390135_37.5240925820042506|126.9363222446695119_37.5240962818884185
2026-09-04T23:16:36.811991+09:00,여의도,여의도,POI072,KEY_4,1180089700,여의동로,1180040500,버들광장앞교차로,126.9161939719324579_37.5224229383147687,1180046700,여의하류IC,126.9139332883952989_37.5258302984319769,428.0,35.0,원활,126.9139332883952989_37.5258302984319769|126.9144071253527954_37.5250320342758101|126.9147639061961854_37.5245102165586246|126.9154324671464025_37.5235452156443898|126.9160590702339135_37.5226135549969868|126.9161939719324579_37.5224229383147687
2026-09-04T23:16:36.811991+09:00,여의도,여의도,POI072,KEY_4,1180090101,국제금융로2길,1180043307,IFC몰,126.9254731568261292_37.5239442773486331,1180043303,서남미술전시관,126.9247526031822275_37.5235002745017567,81.0,8.0,정체,126.9247526031822275_37.5235002745017567|126.9248563107640138_37.5235729177071065|126.9254731568261292_37.5239442773486331
2026-09-04T23:16:36.811991+09:00,여의도,여의도,POI072,KEY_4,1180090102,국제금융로2길,1180232100,여의도동 2-3,126.9265042604631191_37.5245978717237421,1180043306,IFC몰,126.9255988492387957_37.5240199470525582,103.0,26.0,원활,126.9255988492387957_37.5240199470525582|126.9256627847946106_37.5240584375902699|126.9265012354012185_37.5245959182143096|126.9265042604631191_37.5245978717237421
2026-09-04T23:16:36.811991+09:00,여의도,여의도,POI072,KEY_4,1180090201,국제금융로2길,1180224600,여의도동 2-3,126.9269655222914537_37.5250349352047721,1180045504,콘래드호텔,126.9274823003491548_37.5253285166201778,56.0,18.0,서행,126.9274823003491548_37.5253285166201778|126.9271764669597928_37.5251711551253138|126.9269655222914537_37.5250349352047721
2026-09-04T23:16:36.811991+09:00,여의도,여의도,POI072,KEY_4,1180090202,국제금융로2길,1180043302,서남미술전시관,126.9246629538215672_37.5235814628114355,1180043308,IFC몰,126.9253912997659910_37.5240305296354393,81.0,13.0,정체,126.9253912997659910_37.5240305296354393|126.9247704392448242_37.5236567526637756|126.9246629538215672_37.5235814628114355
2026-09-04T23:16:36.811991+09:00,여의도,여의도,POI072,KEY_4,1180090400,의사당대로,1180009002,여의도지하차도(북측),126.9192224605303210_37.5268054826268056,1180042501,여의도지하차도(남측),126.9231803886150800_37.5228167082285182,564.0,53.7,원활,126.9231803886150800_37.5228167082285182|126.9220341599056354_37.5239700333276289|126.9213599375945734_37.5246571942557807|126.9202506695416304_37.5258132586785891|126.9192224605303210_37.5268054826268056
2026-09-04T23:16:36.811991+09:00,여의도,여의도,POI072,KEY_4,1180090500,국회대로62길,1180045104,여의도동 2-11,126.9185848101250258_37.5248548993062059,1180046303,한국방송공사,126.9176318821814391_37.5258125570049614,136.0,16.0,서행,126.9176318821814391_37.5258125570049614|126.9185848101250258_37.5248548993062059
2026-09-04T23:16:36.811991+09:00,여의도,여의도,POI072,KEY_4,1180090600,국회대로62길,1180046302,한국방송공사,126.9177382756308674_37.5258797120015544,1180045101,여의도동 2-11,126.9186925033394289_37.5249207467094124,136.0,13.0,정체,126.9186925033394289_37.5249207467094124|126.9177382756308674_37.5258797120015544
2026-09-04T23:16:36.811991+09:00,여의도,여의도,POI072,KEY_4,1180090801,여의대로,1180043904,여의도동2-11,126.9242022027608812_37.5252577455223957,1180043907,여의도공원앞,126.9221245522233374_37.5239661861320641,233.0,18.0,서행,126.9221245522233374_37.5239661861320641|126.9224788397255423_37.5242242581977550|126.9229839915675910_37.5245271993776797|126.9242022027608812_37.5252577455223957
2026-09-04T23:16:36.811991+09:00,여의도,여의도,POI072,KEY_4,1180090802,여의대로,1180047403,파크원타워1,126.9262943673228676_37.5265516473403409,1180043903,여의도동2-11,126.9243100860090863_37.5253234175577290,222.0,26.0,원활,126.9243100860090863_37.5253234175577290|126.9250586179575464_37.5257867522824924|126.9262943673228676_37.5265516473403409
2026-09-04T23:16:36.811991+09:00,여의도,여의도,POI072,KEY_4,1180092000,여의대로6길,1180102000,여의도동 2-1,126.9287418519904946_37.5267858846280831,1180047903,파크원타워2,126.9285934622132430_37.5269351592018552,21.0,12.0,정체,126.9285934622132430_37.5269351592018552|126.9287418519904946_37.5267858846280831
2026-09-04T23:16:36.811991+09:00,여의도,여의도,POI072,KEY_4,1180092100,여의대로6길,1180150000,여의도동 2-1,126.9292521757274415_37.5264466977230029,1180045701,삼부아파트,126.9302296645015389_37.5254736937039439,138.0,24.0,서행,126.9302296645015389_37.5254736937039439|126.9301481335322990_37.5255453675584434|126.9296356693374719_37.5260609081082990|126.9292521757274415_37.5264466977230029
2026-09-04T23:16:36.811991+09:00,여의도,여의도,POI072,KEY_4,1180092300,의사당대로,1180009003,여의도지하차도(북측),126.9191150291965613_37.5267392953712999,1180046302,한국방송공사,126.9177382756308674_37.5258797120015544,155.0,5.0,정체,126.9177382756308674_37.5258797120015544|126.9187567674418773_37.5265156162027296|126.9191150291965613_37.5267392953712999
2026-09-04T23:16:36.811991+09:00,여의도,여의도,POI072,KEY_4,1180092400,의사당대로,1180250800,여의도동 1-6,126.9186730128168534_37.5266007063800515,1180009004,여의도지하차도(북측),126.9190308136938512_37.5268240980039991,40.0,31.0,원활,126.9190308136938512_37.5268240980039991|126.9186730128168534_37.5266007063800515
2026-09-04T23:16:36.811991+09:00,여의도,여의도,POI072,KEY_4,1180092900,국회대로62길,1180046304,한국방송공사,126.9175467092823766_37.5259008308065418,1180048303,KBS기술연구소입구,126.9162319363117888_37.5273056306211643,194.0,23.0,서행,126.9162319363117888_37.5273056306211643|126.9175467092823766_37.5259008308065418
2026-09-04T23:16:36.811991+09:00,여의도,여의도,POI072,KEY_4,1180093000,국회대로62길,1180048302,KBS기술연구소입구,126.9163407818515026_37.5273702475385065,1180046301,한국방송공사,126.9176555539196301_37.5259654465264916,194.0,22.0,서행,126.9176555539196301_37.5259654465264916|126.9163407818515026_37.5273702475385065
2026-09-04T23:16:36.811991+09:00,여의도,여의도,POI072,KEY_4,1180093100,여의서로1길,1180048303,KBS기술연구소입구,126.9162319363117888_37.5273056306211643,1180046802,KBS기술연구소,126.9142679428666298_37.5260735354667077,221.0,11.0,정체,126.9142679428666298_37.5260735354667077|126.9162319363117888_37.5273056306211643
2026-09-04T23:16:36.811991+09:00,여의도,여의도,POI072,KEY_4,1180093200,여의서로1길,1180046801,KBS기술연구소,126.9142009634784500_37.5261691500808396,1180048304,KBS기술연구소입구,126.9161495320558402_37.5273915692547035,219.0,6.0,정체,126.9161495320558402_37.5273915692547035|126.9142009634784500_37.5261691500808396
2026-09-04T23:16:36.811991+09:00,여의도,여의도,POI072,KEY_4,1180093600,국제금융로,1180047404,파크원타워1,126.9262125302013118_37.5266379264716790,1180047703,여의도동2-11,126.9259780906076145_37.5268912205965108,35.0,28.3,원활,126.9259780906076145_37.5268912205965108|126.9262125302013118_37.5266379264716790
2026-09-04T23:16:36.811991+09:00,여의도,여의도,POI072,KEY_4,1180093800,올림픽대로,1180046700,여의하류IC,126.9139332883952989_37.5258302984319769,1180049300,여의하류IC,126.9124219382957364_37.5282059407288671,296.0,43.0,원활,126.9124219382957364_37.5282059407288671|126.9126709766838559_37.5276959699368291|126.9130099086824686_37.5271002435067516|126.9134446643213892_37.5264640601462816|126.9135615846091270_37.5263044242820101|126.9139332883952989_37.5258302984319769
2026-09-04T23:16:36.811991+09:00,여의도,여의도,POI072,KEY_4,1180094100,여의대로,1180048603,여의도동 2-11,126.9279281708519562_37.5275947181724518,1180047402,파크원타워1,126.9263987935073459_37.5266208412980191,173.0,23.0,서행,126.9263987935073459_37.5266208412980191|126.9266544949265665_37.5268029647382093|126.9279281708519562_37.5275947181724518
2026-09-04T23:16:36.811991+09:00,여의도,여의도,POI072,KEY_4,1180094200,여의대로6길,1180047904,파크원타워2,126.9285094338057576_37.5270190379973414,1180048603,여의도동 2-11,126.9279281708519562_37.5275947181724518,82.0,15.5,서행,126.9279281708519562_37.5275947181724518|126.9285094338057576_37.5270190379973414
2026-09-04T23:16:36.811991+09:00,여의도,여의도,POI072,KEY_4,1180094300,여의대로6길,1180048602,여의도동 2-11,126.9280343217435671_37.5276621198139964,1180047901,파크원타워2,126.9286152279766497_37.5270867929192846,82.0,19.0,서행,126.9286152279766497_37.5270867929192846|126.9280343217435671_37.5276621198139964
2026-09-04T23:16:36.811991+09:00,여의도,여의도,POI072,KEY_4,1180094800,여의대로,1180049000,여의도동 2-11,126.9279149248875740_37.5281296792607293,1180047702,여의도동2-11,126.9260844397870045_37.5269585366700795,208.0,57.0,원활,126.9260844397870045_37.5269585366700795|126.9279149248875740_37.5281296792607293
2026-09-04T23:16:36.811991+09:00,여의도,여의도,POI072,KEY_4,1180095000,여의동로7길,1180047901,파크원타워2,126.9286152279766497_37.5270867929192846,1180049403,여의동로삼거리,126.9305906868378742_37.5283161715650735,222.0,14.0,정체,126.9305906868378742_37.5283161715650735|126.9286152279766497_37.5270867929192846
2026-09-04T23:16:36.811991+09:00,여의도,여의도,POI072,KEY_4,1180095100,국회대로62길,1180162200,여의도동 1-7,126.9158288842052258_37.5277177825872243,1180049103,키즈TV,126.9154773852716289_37.5280753781942735,50.0,23.7,서행,126.9154773852716289_37.5280753781942735|126.9158288842052258_37.5277177825872243
2026-09-04T23:16:36.811991+09:00,여의도,여의도,POI072,KEY_4,1180095200,국회대로62길,1180049102,키즈TV,126.9155853725793577_37.5281409178062191,1180048301,KBS기술연구소입구,126.9162564298634379_37.5274582162754982,96.0,19.5,서행,126.9162564298634379_37.5274582162754982|126.9159357821919372_37.5277844298947727|126.9155853725793577_37.5281409178062191
2026-09-04T23:16:36.811991+09:00,여의도,여의도,POI072,KEY_4,1180095500,여의대로,1180049000,여의도동 2-11,126.9279149248875740_37.5281296792607293,1180048601,여의도동 2-11,126.9279486089333773_37.5277459654754750,49.0,31.0,원활,126.9279486089333773_37.5277459654754750|126.9279023053807975_37.5277355157637231|126.9278863196264382_37.5278051426226966|126.9278733852933385_37.5278944429118866|126.9278793457358177_37.5280030343716007|126.9279149248875740_37.5281296792607293
2026-09-04T23:16:36.811991+09:00,여의도,여의도,POI072,KEY_4,1180095900,여의대로,1180050701,마포대교앞,126.9298855635072698_37.5288624491009486,1180048602,여의도동 2-11,126.9280343217435671_37.5276621198139964,211.0,30.0,원활,126.9280343217435671_37.5276621198139964|126.9298855635072698_37.5288624491009486
2026-09-04T23:16:36.811991+09:00,여의도,여의도,POI072,KEY_4,1180096400,여의대로,1180050902,마포대교앞교차로,126.9294682427298540_37.5291234386379742,1180049000,여의도동 2-11,126.9279149248875740_37.5281296792607293,176.0,36.0,원활,126.9279149248875740_37.5281296792607293|126.9294682427298540_37.5291234386379742
2026-09-04T23:16:36.811991+09:00,여의도,여의도,POI072,KEY_4,1180097100,여의동로,1180050702,마포대교앞,126.9297800289049007_37.5289334445548945,1180050902,마포대교앞교차로,126.9294682427298540_37.5291234386379742,35.0,27.0,원활,126.9294682427298540_37.5291234386379742|126.9297800289049007_37.5289334445548945
2026-09-04T23:16:36.811991+09:00,여의도,여의도,POI072,KEY_4,1180097300,여의대로,1180051800,마포대교,126.9308059681326171_37.5299618570035207,1180050000,마포대교남측,126.9304020221015321_37.5286131745307898,175.0,40.0,원활,126.9304020221015321_37.5286131745307898|126.9302674992351569_37.5287639444649983|126.9301715807580422_37.5289069217861453|126.9301534341487070_37.5291071595431802|126.9301772199870157_37.5292788143913825|126.9302847624288546_37.5295125003925918|126.9308059681326171_37.5299618570035207
2026-09-04T23:16:36.811991+09:00,여의도,여의도,POI072,KEY_4,1180097500,올림픽대로,1180049300,여의하류IC,126.9124219382957364_37.5282059407288671,1180053000,여의하류IC,126.9116502139587652_37.5302817461312657,241.0,36.7,원활,126.9116502139587652_37.5302817461312657|126.9117554871957765_37.5298527220926914|126.9119085944505940_37.5294737959552691|126.9122868518727643_37.5285372036068665|126.9124219382957364_37.5282059407288671
2026-09-04T23:16:36.811991+09:00,여의도,여의도,POI072,KEY_4,1180098200,여의서로,1180050300,여의하류IC,126.9125858842577514_37.5288463372735421,1180053000,여의하류IC,126.9116502139587652_37.5302817461312657,180.0,35.0,원활,126.9116502139587652_37.5302817461312657|126.9119321014785982_37.5298480867291033|126.9124478698020368_37.5290689337596177|126.9125858842577514_37.5288463372735421
2026-09-04T23:16:36.811991+09:00,여의도,여의도,POI072,KEY_4,1180098300,여의대로,1180051900,마포대교(남측),126.9282127564699607_37.5297704303567201,1180052400,마포대교,126.9307212821010751_37.5300463600273631,231.0,40.0,원활,126.9307212821010751_37.5300463600273631|126.9298072793187941_37.5297592892750274|126.9295379418201009_37.5296911879758781|126.9293044968049458_37.5296517134467038|126.9291024559104528_37.5296408650083890|126.9289048951919625_37.5296407462443824|126.9286983266459004_37.5296692285065987|126.9283704934996138_37.5297333958644117|126.9282127564699607_37.5297704303567201
2026-09-04T23:16:36.811991+09:00,여의도,여의도,POI072,KEY_4,1180098800,여의공원로,1180116800,여의도동 1-2,126.9251712482791419_37.5298465003542461,1180053403,중소기업투데이,126.9247789627892189_37.5302380972319654,56.0,9.0,정체,126.9247789627892189_37.5302380972319654|126.9251712482791419_37.5298465003542461
2026-09-04T23:16:36.811991+09:00,여의도,여의도,POI072,KEY_4,1180098900,여의공원로,1180116900,여의도동 1-2,126.9252773746239455_37.5299139286858292,1180051201,국민일보본사,126.9258217891435123_37.5293704606697105,77.0,8.0,정체,126.9258217891435123_37.5293704606697105|126.9252773746239455_37.5299139286858292
2026-09-04T23:16:36.811991+09:00,여의도,여의도,POI072,KEY_4,1180100100,올림픽대로,1180053000,여의하류IC,126.9116502139587652_37.5302817461312657,1180054600,여의하류IC,126.9113467485372553_37.5312398487618282,110.0,42.0,원활,126.9113467485372553_37.5312398487618282|126.9114940115750727_37.5307441067722678|126.9116502139587652_37.5302817461312657
2026-09-04T23:16:36.811991+09:00,여의도,여의도,POI072,KEY_4,1180101100,올림픽대로,1180054600,여의하류IC,126.9113467485372553_37.5312398487618282,1180053900,여의하류IC,126.9101796785526517_37.5308445942274886,161.0,37.7,서행,126.9101796785526517_37.5308445942274886|126.9101931014992317_37.5310414092060398|126.9102886836397630_37.5312624829991321|126.9103927384446138_37.5313583960722070|126.9105342246899681_37.5314544950895836|126.9107135639955573_37.5314971247237921|126.9109007655329577_37.5314920961623173|126.9111183798562479_37.5314275989006632|126.9112086357648082_37.5313743906016768|126.9113467485372553_37.5312398487618282
2026-09-04T23:16:36.811991+09:00,여의도,여의도,POI072,KEY_4,1180101600,여의서로,1180055500,서강대교남측,126.9220936272136981_37.5317745947810906,1180054700,서강대교남측,126.9217615574708447_37.5313291653935792,67.0,22.0,서행,126.9217615574708447_37.5313291653935792|126.9217629235362779_37.5315398924357950|126.9218301729573000_37.5316910168274589|126.9219347722461606_37.5317503890045288|126.9220358644076327_37.5317673982089559|126.9220936272136981_37.5317745947810906
2026-09-04T23:16:36.811991+09:00,여의도,여의도,POI072,KEY_4,1180102100,올림픽대로,1180055000,여의하류IC앞,126.9097766577302622_37.5319288643150841,1180056700,여의하류IC앞,126.9099677257352141_37.5322885743723162,247.0,38.7,서행,126.9099677257352141_37.5322885743723162|126.9101802749627552_37.5322898012020829|126.9104318980016188_37.5322803263696159|126.9105533440733069_37.5322594692428169|126.9106435161752842_37.5322169922414162|126.9107278503933003_37.5321554077364397|126.9108033508016575_37.5320746999620383|126.9108579076633276_37.5319915030838942|126.9108854019603427_37.5319224810316570|126.9108979423341879_37.5318509987701034|126.9108805013922705_37.5317841367436387|126.9108362782712049_37.5316956773246275|126.9107828271066865_37.5316381747174148|126.9106874170305019_37.5315852327633905|126.9105858681555645_37.5315513377507699|126.9104842061042717_37.5315317522630707|126.9103943910203895_37.5315289189790775|126.9102954982978702_37.5315379647373817|126.9102025389048976_37.5315541941005435|126.9100974322583681_37.5315918264329014|126.9100101221350911_37.5316510106624506|126.9099196124940221_37.5317364124159667|126.9097766577302622_37.5319288643150841
2026-09-04T23:16:36.811991+09:00,여의도,여의도,POI072,KEY_4,1180103300,올림픽대로,1180054600,여의하류IC,126.9113467485372553_37.5312398487618282,1180056700,여의하류IC앞,126.9099677257352141_37.5322885743723162,207.0,44.0,원활,126.9099677257352141_37.5322885743723162|126.9102019059527322_37.5323529642993847|126.9104144226252089_37.5323881863476316|126.9105551300773840_37.5323763736599858|126.9106838828241166_37.5323478643264963|126.9107976882863937_37.5323026561256228|126.9109025353903490_37.5322383695701731|126.9109714553170818_37.5321788239392902|126.9110374194450657_37.5320882852129003|126.9110944195145976_37.5319834363101563|126.9113016746642160_37.5313852328840198|126.9113467485372553_37.5312398487618282
2026-09-04T23:16:36.811991+09:00,여의도,여의도,POI072,KEY_4,1180103700,올림픽대로,1180056900,여의하류IC앞,126.9099107440064671_37.5323785517192547,1180058100,여의하류IC,126.9113470954211209_37.5334759494431651,183.0,48.0,서행,126.9113470954211209_37.5334759494431651|126.9112574345930824_37.5333543028651491|126.9111647860354850_37.5332278867742630|126.9110691582745005_37.5330895481243871|126.9109675293688468_37.5329631251105766|126.9108449616440879_37.5328247659603988|126.9107313287380663_37.5327245564036360|126.9105578407508830_37.5326123820790158|126.9103573956169413_37.5325144895265197|126.9101523716446422_37.5324473163778976|126.9099107440064671_37.5323785517192547
2026-09-04T23:16:36.811991+09:00,여의도,여의도,POI072,KEY_4,1180104000,올림픽대로,1180322800,최소노드배치점,126.9188633519518135_37.5330663833708513,1180054900,여의하류IC,126.9238476077766080_37.5313717470433375,486.0,35.0,서행,126.9238476077766080_37.5313717470433375|126.9235232634260058_37.5316199137243132|126.9232000481612062_37.5318505638760769|126.9230158194888247_37.5319791744498730|126.9228496134543036_37.5320470077723343|126.9224004740734983_37.5321647167067241|126.9210485355217912_37.5325392848552042|126.9195124922006812_37.5329065609222638|126.9188633519518135_37.5330663833708513
2026-09-04T23:16:36.811991+09:00,여의도,여의도,POI072,KEY_4,1180104200,올림픽대로,1180056900,여의하류IC앞,126.9099107440064671_37.5323785517192547,1180057200,여의하류IC앞,126.9095075762253231_37.5324759606280765,244.0,39.7,서행,126.9095075762253231_37.5324759606280765|126.9094841950826407_37.5325994681253974|126.9094564797182016_37.5327452630529876|126.9094313198684887_37.5328977660792660|126.9094484590793002_37.5330027836566202|126.9095046031765150_37.5330984571128070|126.9095730635125250_37.5331512658508686|126.9096595477012244_37.5331970100760017|126.9097791981177750_37.5332143016489468|126.9099049867064224_37.5332125452215948|126.9100668986708342_37.5331871216565673|126.9101840428222800_37.5331423950281788|126.9102684147233475_37.5330760409922490|126.9103138214403117_37.5330142623253735|126.9103534441543815_37.5329262222845230|126.9103630663362168_37.5328451854664635|126.9103489008242747_37.5327425678390441|126.9103166942296639_37.5326493988199772|126.9102455019530993_37.5325631892314817|126.9101144752508361_37.5324695269450785|126.9099107440064671_37.5323785517192547
2026-09-04T23:16:36.811991+09:00,여의도,여의도,POI072,KEY_4,1180104400,올림픽대로,1180058200,여의하류IC,126.9088719404886518_37.5335782193263654,1180058100,여의하류IC,126.9113470954211209_37.5334759494431651,236.0,41.3,서행,126.9113470954211209_37.5334759494431651|126.9111690623947908_37.5333607524628903|126.9109989641811467_37.5332847817553272|126.9108511282904743_37.5332339637287120|126.9106941120611651_37.5332081395440156|126.9105324361279230_37.5332037554386346|126.9103751385429319_37.5332137012479095|126.9102175873575931_37.5332558412137871|126.9100735400548814_37.5332944719436838|126.9099296329114139_37.5333152159377619|126.9097947662082930_37.5333288514592383|126.9096330327877951_37.5333316200244838|126.9094937305390545_37.5333380780400887|126.9093228160708549_37.5333658410132927|126.9091877513593118_37.5334045154003917|126.9090840728703284_37.5334505001922309|126.9088719404886518_37.5335782193263654
2026-09-04T23:16:36.811991+09:00,여의도,여의도,POI072,KEY_4,1180104700,올림픽대로,1180057702,여의하류IC,126.9116446085465810_37.5333341738394211,1180058600,여의하류IC,126.9124480904624335_37.5340012297976102,103.0,29.0,정체,126.9124480904624335_37.5340012297976102|126.9122745980778859_37.5338890571121127|126.9120682102647208_37.5337482538104155|126.9119545687167232_37.5336528126330577|126.9118678582978959_37.5335669276376009|126.9117632252879702_37.5334476543186142|126.9116446085465810_37.5333341738394211
2026-09-04T23:16:36.811991+09:00,여의도,여의도,POI072,KEY_4,1180105100,올림픽대로,1180058100,여의하류IC,126.9113470954211209_37.5334759494431651,1180058600,여의하류IC,126.9124480904624335_37.5340012297976102,118.0,31.0,서행,126.9124480904624335_37.5340012297976102|126.9122714926787694_37.5339844113092269|126.9121398055384304_37.5339604738344619|126.9119004108432165_37.5338863945131394|126.9117179131641819_37.5337956707200888|126.9115683555591261_37.5336954342220679|126.9114666742656965_37.5336119217694275|126.9113470954211209_37.5334759494431651
2026-09-04T23:16:36.811991+09:00,여의도,여의도,POI072,KEY_4,1180105300,올림픽대로,1180058600,여의하류IC,126.9124480904624335_37.5340012297976102,1180058400,여의하류IC,126.9148490647562824_37.5338551834337650,213.0,26.0,정체,126.9148490647562824_37.5338551834337650|126.9146365081849410_37.5338693333682087|126.9127833540508021_37.5340110131640330|126.9126216957507864_37.5340180458078123|126.9124480904624335_37.5340012297976102
2026-09-04T23:16:36.811991+09:00,여의도,여의도,POI072,KEY_4,1180119300,국제금융로,1180047702,여의도동2-11,126.9260844397870045_37.5269585366700795,1180047401,파크원타워1,126.9263167991109071_37.5267074897627282,35.0,5.0,정체,126.9263167991109071_37.5267074897627282|126.9260844397870045_37.5269585366700795
2026-09-04T23:16:36.811991+09:00,여의도,여의도,POI072,KEY_4,1180125100,여의대로4길,1180043308,IFC몰,126.9253912997659910_37.5240305296354393,1180043904,여의도동2-11,126.9242022027608812_37.5252577455223957,173.0,10.0,정체,126.9242022027608812_37.5252577455223957|126.9246481580183996_37.5247712374463021|126.9246502970791397_37.5247689038512675|126.9247757014081515_37.5246351435260124|126.9247791512703714_37.5246315370412233|126.9253369888391063_37.5240483679096428|126.9253912997659910_37.5240305296354393
2026-09-04T23:16:36.811991+09:00,여의도,여의도,POI072,KEY_4,1180125200,여의대로4길,1180119700,여의도동 23,126.9248871351346679_37.5246970604828931,1180043309,IFC몰,126.9255169922482764_37.5241061994683847,87.0,13.0,정체,126.9255169922482764_37.5241061994683847|126.9254227075627881_37.5241371671839445|126.9248871351346679_37.5246970604828931
2026-09-04T23:16:36.811991+09:00,여의도,여의도,POI072,KEY_4,1180129700,여의대로,1180035805,LG경영개발원,126.9199415755927589_37.5213879918803102,1180038704,전경련회관삼거리,126.9191704288033691_37.5221849123008013,112.0,26.0,원활,126.9191704288033691_37.5221849123008013|126.9199415755927589_37.5213879918803102
2026-09-04T23:16:36.811991+09:00,여의도,여의도,POI072,KEY_4,1180129800,여의대로,1180038703,전경련회관삼거리,126.9192775411875402_37.5222513352049134,1180035802,LG경영개발원,126.9200485653260415_37.5214545403774409,112.0,18.0,서행,126.9200485653260415_37.5214545403774409|126.9192775411875402_37.5222513352049134
2026-09-04T23:16:36.811991+09:00,여의도,여의도,POI072,KEY_4,1180131700,올림픽대로,1180072800,여의상류IC,126.9405016513416058_37.5173927522574644,1180072700,여의상류IC,126.9400317402693616_37.5169229080486772,221.0,32.0,서행,126.9400317402693616_37.5169229080486772|126.9399344802771310_37.5169316289955646|126.9398211359667812_37.5169535882205949|126.9397250814745064_37.5169865204715478|126.9396499126596893_37.5170290914397313|126.9395866670927830_37.5170788728819602|126.9395569131277739_37.5171084448085992|126.9394778696889432_37.5172142920509657|126.9394474129800869_37.5172833077141021|126.9394349378280964_37.5173500233186985|126.9394344204221170_37.5174191813664777|126.9394518846603290_37.5174860393611098|126.9394842642379189_37.5175601229327924|126.9395138118170934_37.5176127296308124|126.9395792139877273_37.5176750458591997|126.9396507655670234_37.5177159276217509|126.9397313518953752_37.5177496969262165|126.9398150389860405_37.5177691724375677|126.9398958040664525_37.5177790948669383|126.9400096093687011_37.5177748648494571|126.9401115632629029_37.5177538853697854|126.9401896368920006_37.5177232520757471|126.9402527950462485_37.5176853941495381|126.9403371051859892_37.5176214033639113|126.9404239541164117_37.5175025778350246|126.9405016513416058_37.5173927522574644
2026-09-04T23:16:36.811991+09:00,여의도,여의도,POI072,KEY_4,1180131800,올림픽대로,1180073200,여의상류IC,126.9413747929981042_37.5171839921024386,1180072900,여의상류IC,126.9406083800987517_37.5174248708792817,223.0,35.5,서행,126.9406083800987517_37.5174248708792817|126.9405930312344424_37.5175435153873309|126.9406092616678592_37.5176670087558009|126.9406471748521454_37.5177969651017236|126.9407050223394009_37.5178687842951106|126.9407719322446866_37.5179299139964257|126.9408479565857988_37.5179732011517402|126.9409330178654471_37.5180093757528255|126.9410361749584411_37.5180277509984137|126.9411618942258571_37.5180319231682446|126.9413057634171480_37.5180111401280030|126.9414454615370147_37.5179474103264710|126.9415493929910213_37.5178620475961679|126.9416038699689295_37.5177836052660467|126.9416231424661277_37.5177302402591408|126.9416451412587463_37.5176693288908751|126.9416504315423992_37.5175620364262841|126.9416241520395943_37.5174724808295537|126.9415895959336780_37.5173712900806677|126.9415130106084462_37.5172832160456764|126.9414200748953476_37.5172121420924327|126.9413747929981042_37.5171839921024386
2026-09-04T23:16:36.811991+09:00,여의도,여의도,POI072,KEY_4,1180131900,올림픽대로,1180033601,여의상류IC,126.9410620352872030_37.5197641943777285,1180073300,여의상류IC,126.9429855095649771_37.5174961988850910,356.0,33.0,서행,126.9429855095649771_37.5174961988850910|126.9425770783428646_37.5174620764480835|126.9423645811656343_37.5174515339232642|126.9422687580351123_37.5174534666303643|126.9421458647768333_37.5174719653657647|126.9420678452474931_37.5174954451136884|126.9419987904991132_37.5175213520105117|126.9419236224377983_37.5175639235214362|126.9418634063433728_37.5176089512716757|126.9418000721829998_37.5176706568276828|126.9417427069557931_37.5177485130741815|126.9416003222524836_37.5179582783130741|126.9415367386929461_37.5180533702759931|126.9414333808193476_37.5182627473598558|126.9414028723800385_37.5183389174551678|126.9413353512353808_37.5185603874609441|126.9413075523894747_37.5186747280699180|126.9411772528702187_37.5192846297340026|126.9411243449818727_37.5195538654257774|126.9410620352872030_37.5197641943777285
2026-09-04T23:16:36.811991+09:00,여의도,여의도,POI072,KEY_4,1180132000,올림픽대로,1180072600,여의상류IC,126.9378948464693480_37.5165074160918977,1180029800,여의상류IC,126.9377628191142691_37.5176475456465397,325.0,36.0,서행,126.9377628191142691_37.5176475456465397|126.9381601723230375_37.5176575716860441|126.9387198855593368_37.5176805047165018|126.9388336718633070_37.5176786598768359|126.9389566551671322_37.5176482416586694|126.9390618000187771_37.5176010446367982|126.9391550758196558_37.5175394812165521|126.9392214417544267_37.5174730213408125|126.9392698981474012_37.5173993216681509|126.9393003717038368_37.5173279211050357|126.9393129014057564_37.5172540506748149|126.9393105136024502_37.5171729555413691|126.9392901098453308_37.5170989285295988|126.9392489783639775_37.5170157736007610|126.9392102730446084_37.5169649983634272|126.9391597703063752_37.5169122924934584|126.9390793806584412_37.5168522901816885|126.9389868734863427_37.5168113080451349|126.9378948464693480_37.5165074160918977
2026-09-04T23:16:36.811991+09:00,여의도,여의도,POI072,KEY_4,1180132101,올림픽대로,1180029701,노들길지하차도(남측),126.9174454412259223_37.5178935252872279,1180073802,신길동 4898,126.9243723430401758_37.5161747318214296,653.0,55.0,원활,126.9243723430401758_37.5161747318214296|126.9226606204918255_37.5168357374757875|126.9219396728078948_37.5171454308969743|126.9207111304239390_37.5176103681835897|126.9204558848613971_37.5176924905913509|126.9203001038399492_37.5177165135415223|126.9201811855750321_37.5177294500317089|126.9199887160019671_37.5177420257544867|126.9196406749877610_37.5177515824785388|126.9190944888944870_37.5177759385469969|126.9185088538632584_37.5177798166117711|126.9182257725997260_37.5178032092262725|126.9180388896296705_37.5178248227006961|126.9177583737531023_37.5178820279200735|126.9174454412259223_37.5178935252872279
2026-09-04T23:16:36.811991+09:00,여의도,여의도,POI072,KEY_4,1190006101,여의대방로,1180024602,대방역(서울1호선),126.9260012336949046_37.5136322383516898,1190002704,대방역사거리,126.9267562377877425_37.5145721661826528,126.0,29.0,원활,126.9267562377877425_37.5145721661826528|126.9266532556327434_37.5145489765688183|126.9266093775832047_37.5144872851627227|126.9260012336949046_37.5136322383516898
2026-09-04T23:16:36.811991+09:00,여의도,여의도,POI072,KEY_4,1190006201,여의대방로,1190002703,대방역사거리,126.9268958244966257_37.5145487094125656,1180024601,대방역(서울1호선),126.9262367161707630_37.5135246544136862,130.0,26.0,원활,126.9262367161707630_37.5135246544136862|126.9268824723927764_37.5144176304682091|126.9269222862782698_37.5144726857951127|126.9268958244966257_37.5145487094125656
2026-09-04T23:16:36.811991+09:00,여의도,여의도,POI072,KEY_4,1190006903,여의대방로,1190022302,영등포구-동작구,126.9274873639790400_37.5155411761891173,1180028009,여의교앞교차로,126.9284790582093052_37.5169816909920968,182.0,47.0,원활,126.9284790582093052_37.5169816909920968|126.9283375899637605_37.5167431126999773|126.9274873639790400_37.5155411761891173
2026-09-04T23:16:36.811991+09:00,여의도,여의도,POI072,KEY_4,1190007003,여의대방로,1180028008,여의교앞교차로,126.9286343708705260_37.5169904528563194,1190022301,영등포구-동작구,126.9276025342916370_37.5154837396407004,191.0,16.0,서행,126.9276025342916370_37.5154837396407004|126.9284582427261938_37.5166934225227635|126.9286343708705260_37.5169904528563194
2026-09-04T23:16:36.811991+09:00,여의도,여의도,POI072,KEY_4,1190044800,노들로,1190182300,최소노드배치점,126.9272162634406413_37.5145713085371639,1180025902,여의교지하차도(서측),126.9243577826353402_37.5152265372191849,264.0,62.7,원활,126.9243577826353402_37.5152265372191849|126.9252562213810762_37.5149340719642055|126.9254762290053691_37.5148794587899204|126.9263543419064746_37.5147006945100898|126.9268842390227690_37.5146043415104771|126.9272162634406413_37.5145713085371639
2026-09-04T23:16:36.811991+09:00,연남동,연남동,POI073,KEY_1,1120004702,연희로,1130277000,연남동 226-48,126.9271080598153532_37.5618100657820975,1130034803,해청갤러리,126.9273073914400101_37.5621099056815169,38.0,11.0,정체,126.9273073914400101_37.5621099056815169|126.9271080598153532_37.5618100657820975
2026-09-04T23:16:36.811991+09:00,연남동,연남동,POI073,KEY_1,1120004703,연희로,1130250200,연남동 226-24,126.9280727889166229_37.5631859582277556,1130035903,연희동성당앞,126.9283432785030072_37.5635653407448942,48.0,17.0,서행,126.9283432785030072_37.5635653407448942|126.9280727889166229_37.5631859582277556
2026-09-04T23:16:36.811991+09:00,연남동,연남동,POI073,KEY_1,1120004802,연희로,1120065500,연희동 226-32,126.9276239882496213_37.5623374246412851,1130034801,해청갤러리,126.9274702230425476_37.5621217504392817,28.0,33.0,원활,126.9274702230425476_37.5621217504392817|126.9276239882496213_37.5623374246412851
2026-09-04T23:16:36.811991+09:00,연남동,연남동,POI073,KEY_1,1120060900,연희로,1120028701,연희동 739,126.9288286649398998_37.5621518337985663,1130034802,해청갤러리,126.9273953958239645_37.5620111365759470,147.0,15.0,서행,126.9273953958239645_37.5620111365759470|126.9274286614211036_37.5619672062125005|126.9277400706569807_37.5617957123375845|126.9278934350607244_37.5617729928707433|126.9284634704889925_37.5620666455208649|126.9285543477235052_37.5621045099639375|126.9286568464001022_37.5621272878675327|126.9288286649398998_37.5621518337985663
2026-09-04T23:16:36.811991+09:00,연남동,연남동,POI073,KEY_1,1120062900,동교로,1120007802,조선일보(연희지국),126.9270208438035894_37.5646005680013459,1130036601,서대문구-마포구,126.9267080980032176_37.5643200920704956,42.0,18.5,서행,126.9267080980032176_37.5643200920704956|126.9270208438035894_37.5646005680013459
2026-09-04T23:16:36.811991+09:00,연남동,연남동,POI073,KEY_1,1120063000,동교로,1130036602,서대문구-마포구,126.9266078711886649_37.5643930441057563,1120007803,조선일보(연희지국),126.9269211950978473_37.5646740742852359,42.0,28.0,원활,126.9269211950978473_37.5646740742852359|126.9266078711886649_37.5643930441057563
2026-09-04T23:16:36.811991+09:00,연남동,연남동,POI073,KEY_1,1130018303,동교로,1130267000,동교동 151-3,126.9235602086829147_37.5590265329813064,1130006103,동서빌라,126.9237720218529262_37.5599217838101325,101.0,13.0,정체,126.9237720218529262_37.5599217838101325|126.9237420189898273_37.5597891978450278|126.9236012045125506_37.5591669167257010|126.9235602086829147_37.5590265329813064
2026-09-04T23:16:36.811991+09:00,연남동,연남동,POI073,KEY_1,1130018501,월드컵북로,1130260700,서교동 445-7,126.9200065606029000_37.5564461523167950,1130031203,서교동 445-7,126.9187731280576088_37.5574745284471163,158.0,11.0,정체,126.9187731280576088_37.5574745284471163|126.9200065606029000_37.5564461523167950
2026-09-04T23:16:36.811991+09:00,연남동,연남동,POI073,KEY_1,1130018502,월드컵북로,1130251100,성산동 232-19,126.9170346878931355_37.5594060910254228,1130033003,경성고교입구교차로,126.9163000018430409_37.5602379275557112,113.0,15.0,서행,126.9163000018430409_37.5602379275557112|126.9170346878931355_37.5594060910254228
2026-09-04T23:16:36.811991+09:00,연남동,연남동,POI073,KEY_1,1130018602,월드컵북로,1130257900,연남동 571-19,126.9179061052080186_37.5586077878839077,1130031201,연남동 570-51,126.9187945682714940_37.5576202514821702,135.0,25.0,원활,126.9187945682714940_37.5576202514821702|126.9187015916444921_37.5577134134808404|126.9179061052080186_37.5586077878839077
2026-09-04T23:16:36.811991+09:00,연남동,연남동,POI073,KEY_1,1130018900,성미산로,1130272600,성산동 231-11,126.9158091268138975_37.5600789669375956,1130033004,경성고교입구교차로,126.9162191219763116_37.5603247891752687,45.0,15.0,서행,126.9162191219763116_37.5603247891752687|126.9158091268138975_37.5600789669375956
2026-09-04T23:16:36.811991+09:00,연남동,연남동,POI073,KEY_1,1130019301,연남로,1130240800,연남동 567-43,126.9231287573617948_37.5609100158457139,1130033401,연남동 567-43,126.9233172227791897_37.5606784343822042,31.0,18.0,서행,126.9233172227791897_37.5606784343822042|126.9231287573617948_37.5609100158457139
2026-09-04T23:16:36.811991+09:00,연남동,연남동,POI073,KEY_1,1130019302,연남로,1130033402,연남동 567-43,126.9233912364688450_37.5605875658401018,1130006104,동서빌라,126.9238055697589687_37.5600792539152337,67.0,24.0,서행,126.9238055697589687_37.5600792539152337|126.9233912364688450_37.5605875658401018
2026-09-04T23:16:36.811991+09:00,연남동,연남동,POI073,KEY_1,1130019401,연남로,1130245000,연남동 515-26,126.9217700703665628_37.5623806377983485,1130006303,로얄빌딩,126.9211548639525944_37.5631365364465495,100.0,27.0,원활,126.9211548639525944_37.5631365364465495|126.9217700703665628_37.5623806377983485
2026-09-04T23:16:36.811991+09:00,연남동,연남동,POI073,KEY_1,1130019402,연남로,1130006103,동서빌라,126.9237720218529262_37.5599217838101325,1130033403,동교동 197-41,126.9232773041242268_37.5605287127344880,80.0,12.0,정체,126.9232773041242268_37.5605287127344880|126.9237720218529262_37.5599217838101325
2026-09-04T23:16:36.811991+09:00,연남동,연남동,POI073,KEY_1,1130019700,성미산로,1130238200,연남동 369-8,126.9192663547726170_37.5621460245775722,1130006304,로얄빌딩,126.9210804329262032_37.5632272406674659,200.0,18.3,서행,126.9210804329262032_37.5632272406674659|126.9207517183218528_37.5630313265380593|126.9204200520956078_37.5628336512674252|126.9200100335724386_37.5625892747693442|126.9198326226203619_37.5624835345415917|126.9192663547726170_37.5621460245775722
2026-09-04T23:16:36.811991+09:00,연남동,연남동,POI073,KEY_1,1130019800,성미산로,1130237700,성산동 231-20,126.9169040134700737_37.5605999951076086,1130033002,경성고교입구교차로,126.9164085521041301_37.5603030039980226,55.0,19.0,서행,126.9164085521041301_37.5603030039980226|126.9169040134700737_37.5605999951076086
2026-09-04T23:16:36.811991+09:00,연남동,연남동,POI073,KEY_1,1130020000,월드컵북로,1130243000,성산동 231-22,126.9157321063545254_37.5610348315618126,1130033001,경성고교입구교차로,126.9163276327042809_37.5603898418518440,89.0,25.0,원활,126.9163276327042809_37.5603898418518440|126.9161941072004822_37.5605258680463834|126.9160529479223669_37.5606813771840038|126.9157321063545254_37.5610348315618126
2026-09-04T23:16:36.811991+09:00,연남동,연남동,POI073,KEY_1,1130020301,성미산로,1130006301,로얄빌딩,126.9211915162888573_37.5632895435570831,1130036004,노블레스아파트,126.9217317006510797_37.5635753657036062,57.0,5.0,정체,126.9217317006510797_37.5635753657036062|126.9211915162888573_37.5632895435570831
2026-09-04T23:16:36.811991+09:00,연남동,연남동,POI073,KEY_1,1130020302,성미산로,1130249800,연남동 225-38,126.9250630781282325_37.5641314617751121,1130035804,연남동 225-38,126.9256843986061938_37.5636126984175931,80.0,22.0,서행,126.9256843986061938_37.5636126984175931|126.9250630781282325_37.5641314617751121
2026-09-04T23:16:36.811991+09:00,연남동,연남동,POI073,KEY_1,1130020401,성미산로,1130036003,노블레스아파트,126.9218068862926145_37.5634853229895498,1130006302,로얄빌딩,126.9212658294876519_37.5631990398513125,57.0,16.0,서행,126.9212658294876519_37.5631990398513125|126.9218068862926145_37.5634853229895498
2026-09-04T23:16:36.811991+09:00,연남동,연남동,POI073,KEY_1,1130020402,성미산로,1130251300,연남동 250-10,126.9221693717430242_37.5636724649411420,1130036002,노블레스아파트,126.9219212234222169_37.5635450288828423,26.0,18.0,서행,126.9219212234222169_37.5635450288828423|126.9221693717430242_37.5636724649411420
2026-09-04T23:16:36.811991+09:00,연남동,연남동,POI073,KEY_1,1130021301,동교로,1130270200,연남동 373-20,126.9238877393567293_37.5603936801492893,1130033503,창무빌딩,126.9241748864737787_37.5606341936674681,38.0,19.0,서행,126.9241748864737787_37.5606341936674681|126.9241661103410337_37.5606061520141736|126.9241366858942399_37.5605700517992886|126.9241002899647839_37.5605390962913646|126.9239179770402757_37.5604331415745349|126.9238877393567293_37.5603936801492893
2026-09-04T23:16:36.811991+09:00,연남동,연남동,POI073,KEY_1,1130021302,동교로,1130250600,연남동 229-65,126.9250813106768447_37.5630900163644981,1130035803,연남동 225-36,126.9255917382149761_37.5635333791396420,67.0,18.5,서행,126.9255917382149761_37.5635333791396420|126.9253960018439642_37.5633633613362221|126.9250813106768447_37.5630900163644981
2026-09-04T23:16:36.811991+09:00,연남동,연남동,POI073,KEY_1,1130021303,동교로,1130264400,연남동 225-38,126.9263679639492324_37.5641903218058602,1130036602,서대문구-마포구,126.9266078711886649_37.5643930441057563,31.0,9.0,정체,126.9266078711886649_37.5643930441057563|126.9263679639492324_37.5641903218058602
2026-09-04T23:16:36.811991+09:00,연남동,연남동,POI073,KEY_1,1130021401,동교로,1130270300,동교동 190-1,126.9240036868288968_37.5603373757369283,1130006101,동서빌라,126.9239149665367705_37.5599450424727905,44.0,21.0,서행,126.9239149665367705_37.5599450424727905|126.9239877581506306_37.5602899730970847|126.9239997971928346_37.5603322997610576|126.9240036868288968_37.5603373757369283
2026-09-04T23:16:36.811991+09:00,연남동,연남동,POI073,KEY_1,1130021402,동교로,1130234100,연남동 260-65,126.9243509881973893_37.5610184290997395,1130033501,창무빌딩,126.9243242832398835_37.5606902998111352,36.0,17.0,서행,126.9243242832398835_37.5606902998111352|126.9243327450441683_37.5607736496850464|126.9243509881973893_37.5610184290997395
2026-09-04T23:16:36.811991+09:00,연남동,연남동,POI073,KEY_1,1130021403,동교로,1130036601,서대문구-마포구,126.9267080980032176_37.5643200920704956,1130035801,연남동 224-68,126.9257782460976927_37.5635343239583079,120.0,20.0,서행,126.9257782460976927_37.5635343239583079|126.9261142058849572_37.5638182283647524|126.9264668133956491_37.5641161976511739|126.9267080980032176_37.5643200920704956
2026-09-04T23:16:36.811991+09:00,연남동,연남동,POI073,KEY_1,1130021601,연남로,1130281300,최소노드배치점,126.9194887786172217_37.5653656026151168,1130006301,로얄빌딩,126.9211915162888573_37.5632895435570831,275.0,20.0,서행,126.9211915162888573_37.5632895435570831|126.9205365111346566_37.5640803585334453|126.9202702056518319_37.5644070381809527|126.9200506331480227_37.5646763873924741|126.9196463850846328_37.5651722716135268|126.9194887786172217_37.5653656026151168
2026-09-04T23:16:36.811991+09:00,연남동,연남동,POI073,KEY_1,1130055000,월드컵북로5길,1130254500,서교동 449-44,126.9173185892374249_37.5569228155895019,1130031204,서교동 449-44,126.9186832942457102_37.5575579420634398,140.0,14.3,정체,126.9186832942457102_37.5575579420634398|126.9181245521222081_37.5572974258490646|126.9174760525978627_37.5569950542124857|126.9173185892374249_37.5569228155895019
2026-09-04T23:16:36.811991+09:00,연남동,연남동,POI073,KEY_1,1130057300,월드컵북로6길,1130261300,동교동 203-33,126.9193673333113281_37.5578672419356039,1130031202,동교동 205-15,126.9188838547954674_37.5575387719110481,56.0,20.7,서행,126.9188838547954674_37.5575387719110481|126.9193673333113281_37.5578672419356039
2026-09-04T23:16:36.811991+09:00,연남동,연남동,POI073,KEY_1,1130057400,월드컵북로6길,1130237300,연남동 567-58,126.9228121069769628_37.5603611737690315,1130033404,연남동 567-43,126.9232032360486642_37.5606196477347183,45.0,9.0,정체,126.9232032360486642_37.5606196477347183|126.9230964736037777_37.5605557972101778|126.9228121069769628_37.5603611737690315
2026-09-04T23:16:36.811991+09:00,연남동,연남동,POI073,KEY_1,1130060000,동교로29길,1130033503,창무빌딩,126.9241748864737787_37.5606341936674681,1130036003,노블레스아파트,126.9218068862926145_37.5634853229895498,381.0,22.0,서행,126.9218068862926145_37.5634853229895498|126.9218459298930100_37.5634232918577879|126.9220337933197982_37.5631841000810169|126.9223456371491494_37.5627870497117868|126.9227675631269960_37.5622648309932572|126.9233084612183120_37.5615953472728421|126.9240020675585043_37.5607446270273684|126.9240943496756557_37.5606712830971432|126.9241748864737787_37.5606341936674681
2026-09-04T23:16:36.811991+09:00,연남동,연남동,POI073,KEY_1,1130060100,동교로29길,1130246800,연남동 257-9,126.9228817967008496_37.5623233169991337,1130033504,창무빌딩,126.9241941095302053_37.5607502493276115,210.0,7.0,정체,126.9241941095302053_37.5607502493276115|126.9241777376998783_37.5607577891073205|126.9241081814776919_37.5608130710165966|126.9234225413209742_37.5616540221321031|126.9228817967008496_37.5623233169991337
2026-09-04T23:16:36.811991+09:00,연남동,연남동,POI073,KEY_1,1130060900,성미산로,1130275100,연남동 227-35,126.9263235538300165_37.5629220786752782,1130035802,연남동 224-42,126.9256856633364663_37.5634549376981468,82.0,15.0,서행,126.9256856633364663_37.5634549376981468|126.9258913341547981_37.5632831326951120|126.9263235538300165_37.5629220786752782
2026-09-04T23:16:36.811991+09:00,연남동,연남동,POI073,KEY_1,1130061000,성미산로,1130251800,연남동 226-9,126.9268765102369230_37.5626168868789208,1130034804,해청갤러리,126.9273752792072827_37.5622076263378801,63.0,15.0,서행,126.9273752792072827_37.5622076263378801|126.9272849188586036_37.5622757135550032|126.9268765102369230_37.5626168868789208
2026-09-04T23:16:36.811991+09:00,영등포 타임스퀘어,영등포 타임스퀘어,POI074,KEY_2,1180001001,경인로,1180243700,영등포동 481-12,126.9078910549129091_37.5167862984797083,1180000503,영등포역앞교차로,126.9067347975935007_37.5163862687553689,111.0,20.0,서행,126.9067347975935007_37.5163862687553689|126.9078910549129091_37.5167862984797083
2026-09-04T23:16:36.811991+09:00,영등포 타임스퀘어,영등포 타임스퀘어,POI074,KEY_2,1180000901,경인로,1180127400,영등포동3가 39,126.9084229054596591_37.5170881749968004,1180028604,영등포한전,126.9092990278852682_37.5173912699995569,84.0,13.0,정체,126.9092990278852682_37.5173912699995569|126.9084229054596591_37.5170881749968004
2026-09-04T23:16:36.811991+09:00,영등포 타임스퀘어,영등포 타임스퀘어,POI074,KEY_2,1180000902,경인로,1180028601,영등포한전,126.9094281785715310_37.5174358290711183,1180029402,영등포고가차도(서측),126.9105878329916948_37.5178352904877315,112.0,16.0,서행,126.9105878329916948_37.5178352904877315|126.9094281785715310_37.5174358290711183
2026-09-04T23:16:36.811991+09:00,영등포 타임스퀘어,영등포 타임스퀘어,POI074,KEY_2,1180000903,경인로,1180029402,영등포고가차도(서측),126.9105878329916948_37.5178352904877315,1180000603,영등포로터리,126.9120906292499882_37.5184239480049868,149.0,26.5,원활,126.9120906292499882_37.5184239480049868|126.9120097694427898_37.5183896253174680|126.9108093688715826_37.5179714686493213|126.9105878329916948_37.5178352904877315
2026-09-04T23:16:36.811991+09:00,영등포 타임스퀘어,영등포 타임스퀘어,POI074,KEY_2,1180001002,경인로,1180029401,영등포고가차도(서측),126.9106419673750281_37.5177361416953161,1180028602,영등포한전,126.9094820584459313_37.5173365914275081,112.0,21.0,서행,126.9094820584459313_37.5173365914275081|126.9106419673750281_37.5177361416953161
2026-09-04T23:16:36.811991+09:00,영등포 타임스퀘어,영등포 타임스퀘어,POI074,KEY_2,1180001003,경인로,1180000602,영등포로터리,126.9122093045591271_37.5182292931425820,1180029401,영등포고가차도(서측),126.9106419673750281_37.5177361416953161,150.0,8.0,정체,126.9106419673750281_37.5177361416953161|126.9109181500788281_37.5177733471150248|126.9121281737749598_37.5181948553375548|126.9122093045591271_37.5182292931425820
2026-09-04T23:16:36.811991+09:00,영등포 타임스퀘어,영등포 타임스퀘어,POI074,KEY_2,1180016003,영신로,1180265900,최소노드배치점,126.9050837909057066_37.5148823947284882,1180027207,영등포역고가차도(북측),126.9017626129269445_37.5169443079154448,424.0,48.0,원활,126.9017626129269445_37.5169443079154448|126.9019464525509591_37.5164721407837831|126.9020154613533151_37.5163078036969537|126.9021072569615001_37.5161510250484795|126.9023834280580587_37.5156942430907350|126.9024808980569503_37.5155688327527201|126.9026058694610697_37.5154290361645053|126.9027821758004819_37.5152741394399101|126.9029989752344960_37.5151256782396274|126.9031475369572917_37.5150583618414899|126.9033411285070230_37.5149777905100592|126.9035566614483344_37.5149145414508993|126.9037620354231706_37.5148812538008869|126.9039907983438979_37.5148595753164642|126.9041756644236330_37.5148486827381689|126.9046694087680294_37.5148635163425510|126.9050837909057066_37.5148823947284882
2026-09-04T23:16:36.811991+09:00,영등포 타임스퀘어,영등포 타임스퀘어,POI074,KEY_2,1180016005,영신로,1180027204,속성변화점,126.9015038398044055_37.5176240892620427,1180031203,영등포경방필뒷길교차로,126.9011930366776255_37.5184405339261389,95.0,16.0,서행,126.9011930366776255_37.5184405339261389|126.9014769539015077_37.5176947161951801|126.9015038398044055_37.5176240892620427
2026-09-04T23:16:36.811991+09:00,영등포 타임스퀘어,영등포 타임스퀘어,POI074,KEY_2,1180016006,영신로,1180027207,영등포역고가차도(북측),126.9017626129269445_37.5169443079154448,1180027204,속성변화점,126.9015038398044055_37.5176240892620427,79.0,30.0,원활,126.9015038398044055_37.5176240892620427|126.9017626129269445_37.5169443079154448
2026-09-04T23:16:36.811991+09:00,영등포 타임스퀘어,영등포 타임스퀘어,POI074,KEY_2,1180016103,영신로,1180265800,최소노드배치점,126.9050760407689751_37.5149903383453420,1180024701,영등포역고가차도(남측),126.9087307052849098_37.5135198228046463,408.0,49.7,원활,126.9087307052849098_37.5135198228046463|126.9081487147335281_37.5143569277719564|126.9080029370169314_37.5145411794823147|126.9078261800036671_37.5147038872662648|126.9076601325354972_37.5148245785460830|126.9074559124306631_37.5149151632886202|126.9071306301649145_37.5150148103527030|126.9068239133496121_37.5150552815421747|126.9066637699532407_37.5150626586616553|126.9050760407689751_37.5149903383453420
2026-09-04T23:16:36.811991+09:00,영등포 타임스퀘어,영등포 타임스퀘어,POI074,KEY_2,1180016105,영신로,1180027203,센트럴푸르지오시티아파트,126.9016491472245747_37.5176149848718481,1180027206,영등포역고가차도(북측),126.9018923848414317_37.5169760079907491,74.0,11.0,정체,126.9018923848414317_37.5169760079907491|126.9016491472245747_37.5176149848718481
2026-09-04T23:16:36.811991+09:00,영등포 타임스퀘어,영등포 타임스퀘어,POI074,KEY_2,1180016106,영신로,1180031202,영등포경방필뒷길교차로,126.9013385422641136_37.5184309135766441,1180027202,센트럴푸르지오시티아파트,126.9016068526740924_37.5177260895310454,82.0,7.0,정체,126.9016068526740924_37.5177260895310454|126.9013385422641136_37.5184309135766441
2026-09-04T23:16:36.811991+09:00,영등포 타임스퀘어,영등포 타임스퀘어,POI074,KEY_2,1180016204,신길로,1180029302,영등포지하차도(북측),126.9121994203567283_37.5178579827611216,1180000602,영등포로터리,126.9122093045591271_37.5182292931425820,41.0,11.0,정체,126.9122093045591271_37.5182292931425820|126.9121877240078646_37.5181429270656466|126.9121839563804457_37.5179920900407353|126.9121994203567283_37.5178579827611216
2026-09-04T23:16:36.811991+09:00,영등포 타임스퀘어,영등포 타임스퀘어,POI074,KEY_2,1180016304,신길로,1180000601,영등포로터리,126.9124535820762105_37.5184297931263089,1180029301,영등포지하차도(북측),126.9123346128244236_37.5178676775866151,65.0,13.0,정체,126.9123346128244236_37.5178676775866151|126.9123198197420521_37.5179959706838062|126.9123231986734623_37.5181312083496223|126.9123504037761450_37.5182400823260807|126.9124535820762105_37.5184297931263089
2026-09-04T23:16:36.811991+09:00,영등포 타임스퀘어,영등포 타임스퀘어,POI074,KEY_2,1180018001,영중로,1180000509,영등포역교차로,126.9062411865252500_37.5170589962790046,1180030604,신세계백화점삼거리,126.9057574095607492_37.5180060126119699,113.0,7.0,정체,126.9057574095607492_37.5180060126119699|126.9062411865252500_37.5170589962790046
2026-09-04T23:16:36.811991+09:00,영등포 타임스퀘어,영등포 타임스퀘어,POI074,KEY_2,1180018002,영중로,1180000505,영등포역앞교차로,126.9065561592446301_37.5164424089386372,1180000508,영등포역교차로,126.9062924160255932_37.5169587106358122,62.0,5.0,정체,126.9062924160255932_37.5169587106358122|126.9064372908919864_37.5166751056728529|126.9065561592446301_37.5164424089386372
2026-09-04T23:16:36.811991+09:00,영등포 타임스퀘어,영등포 타임스퀘어,POI074,KEY_2,1180018101,영중로,1180177500,영등포동3가 33,126.9065630179876081_37.5167158549283286,1180000502,영등포역앞교차로,126.9066807209800629_37.5164854387568099,28.0,14.0,정체,126.9066807209800629_37.5164854387568099|126.9065630179876081_37.5167158549283286
2026-09-04T23:16:36.811991+09:00,영등포 타임스퀘어,영등포 타임스퀘어,POI074,KEY_2,1180018404,영등포로,1180126700,신길동 50-3,126.9172841213858050_37.5156221114985726,1180028903,신길역,126.9164897743027893_37.5173809040417936,207.0,30.0,원활,126.9164897743027893_37.5173809040417936|126.9166933585755288_37.5169092955012218|126.9169330965590490_37.5163809977301526|126.9172525179823765_37.5156770933944443|126.9172841213858050_37.5156221114985726
2026-09-04T23:16:36.811991+09:00,영등포 타임스퀘어,영등포 타임스퀘어,POI074,KEY_2,1180018801,문래로,1180030608,영등포동4가123-1,126.9024638451189446_37.5183060983704522,1180031202,영등포경방필뒷길교차로,126.9013385422641136_37.5184309135766441,100.0,28.0,원활,126.9013385422641136_37.5184309135766441|126.9015682760347090_37.5183993935494016|126.9020374138769114_37.5183505223735310|126.9024638451189446_37.5183060983704522
2026-09-04T23:16:36.811991+09:00,영등포 타임스퀘어,영등포 타임스퀘어,POI074,KEY_2,1180018802,문래로,1180197700,영등포동4가 123-1,126.9028974562422434_37.5182609246652419,1180030607,영등포동4가123-1,126.9025987362175556_37.5182920455747819,27.0,17.0,서행,126.9025987362175556_37.5182920455747819|126.9028974562422434_37.5182609246652419
2026-09-04T23:16:36.811991+09:00,영등포 타임스퀘어,영등포 타임스퀘어,POI074,KEY_2,1180018901,문래로,1180164900,영등포동4가 53-3,126.9048292098879642_37.5181734231585580,1180030605,신세계백화점삼거리,126.9057028648952326_37.5181149873021340,78.0,10.0,정체,126.9057028648952326_37.5181149873021340|126.9053638432774704_37.5181201708930843|126.9048292098879642_37.5181734231585580
2026-09-04T23:16:36.811991+09:00,영등포 타임스퀘어,영등포 타임스퀘어,POI074,KEY_2,1180019604,문래로,1180031203,영등포경방필뒷길교차로,126.9011930366776255_37.5184405339261389,1180031302,문래동3가 17,126.9007982551108853_37.5184068062494944,35.0,8.0,정체,126.9007982551108853_37.5184068062494944|126.9011930366776255_37.5184405339261389
2026-09-04T23:16:36.811991+09:00,영등포 타임스퀘어,영등포 타임스퀘어,POI074,KEY_2,1180020400,영중로,1180130300,영등포동4가 53-3,126.9052282035568311_37.5190719619747028,1180034704,영등포시장앞교차로,126.9047990476082077_37.5199371694090047,103.0,32.0,원활,126.9047990476082077_37.5199371694090047|126.9052282035568311_37.5190719619747028
2026-09-04T23:16:36.811991+09:00,영등포 타임스퀘어,영등포 타임스퀘어,POI074,KEY_2,1180020601,영등포로,1180198600,영등포동3가 28,126.9106420024377400_37.5187152938311712,1180032602,영등포야구연습장,126.9095385666399807_37.5189372018608651,101.0,17.0,서행,126.9095385666399807_37.5189372018608651|126.9106420024377400_37.5187152938311712
2026-09-04T23:16:36.811991+09:00,영등포 타임스퀘어,영등포 타임스퀘어,POI074,KEY_2,1180020602,영등포로,1180222700,영등포동3가 31,126.9060516206890838_37.5196741320310707,1180034703,영등포시장앞교차로,126.9049610526885488_37.5199048084829059,100.0,22.0,서행,126.9049610526885488_37.5199048084829059|126.9060516206890838_37.5196741320310707
2026-09-04T23:16:36.811991+09:00,영등포 타임스퀘어,영등포 타임스퀘어,POI074,KEY_2,1180020702,영등포로,1180198700,영등포동2가 5-1,126.9106752312442836_37.5188201178326324,1180000604,영등포로터리,126.9122054556963235_37.5185123526650202,140.0,35.0,원활,126.9122054556963235_37.5185123526650202|126.9106752312442836_37.5188201178326324
2026-09-04T23:16:36.811991+09:00,영등포 타임스퀘어,영등포 타임스퀘어,POI074,KEY_2,1180020703,영등포로,1180194500,영등포동2가 30-1,126.9084229110674045_37.5192843866863441,1180032604,영등포야구연습장,126.9094400795285935_37.5190692022479695,93.0,14.0,정체,126.9094400795285935_37.5190692022479695|126.9084229110674045_37.5192843866863441
2026-09-04T23:16:36.811991+09:00,영등포 타임스퀘어,영등포 타임스퀘어,POI074,KEY_2,1180022301,영등포로,1180106100,영등포동6가 76-1,126.9038369152164876_37.5201972870942271,1180034705,영등포시장앞교차로,126.9047816349661844_37.5200500536503583,85.0,18.3,서행,126.9047816349661844_37.5200500536503583|126.9038369152164876_37.5201972870942271
2026-09-04T23:16:36.811991+09:00,영등포 타임스퀘어,영등포 타임스퀘어,POI074,KEY_2,1180023602,영중로,1180034705,영등포시장앞교차로,126.9047816349661844_37.5200500536503583,1180034708,새길병원,126.9048589892574768_37.5209747297568086,103.0,6.0,정체,126.9048589892574768_37.5209747297568086|126.9047862119519294_37.5203545136103216|126.9047816349661844_37.5200500536503583
2026-09-04T23:16:36.811991+09:00,영등포 타임스퀘어,영등포 타임스퀘어,POI074,KEY_2,1180023701,영중로,1180034706,속성변화점,126.9050067919064873_37.5210724475763513,1180034702,영등포시장앞교차로,126.9049170256530346_37.5200259885010610,116.0,20.5,서행,126.9049170256530346_37.5200259885010610|126.9049218798124485_37.5203488258486004|126.9049941446391756_37.5209646684422538|126.9050067919064873_37.5210724475763513
2026-09-04T23:16:36.811991+09:00,영등포 타임스퀘어,영등포 타임스퀘어,POI074,KEY_2,1180064600,영신로,1180024702,영등포역고가차도(남측),126.9086116519794842_37.5134678994298696,1180026102,영등포역1번출구,126.9076181236332417_37.5147853277155576,171.0,18.5,서행,126.9076181236332417_37.5147853277155576|126.9084207633854646_37.5136308769032922|126.9086116519794842_37.5134678994298696
2026-09-04T23:16:36.811991+09:00,영등포 타임스퀘어,영등포 타임스퀘어,POI074,KEY_2,1180064700,영신로,1180026101,영등포역1번출구,126.9078556055787601_37.5148900936006484,1180024701,영등포역고가차도(남측),126.9087307052849098_37.5135198228046463,171.0,17.0,서행,126.9087307052849098_37.5135198228046463|126.9086582428016641_37.5137356411918148|126.9078556055787601_37.5148900936006484
2026-09-04T23:16:36.811991+09:00,영등포 타임스퀘어,영등포 타임스퀘어,POI074,KEY_2,1180067501,영신로,1180026608,청과시장입구사거리,126.9026871473992344_37.5156177148454049,1180026611,청과시장입구교차로,126.9031194935170959_37.5152570224186022,56.0,17.0,서행,126.9031194935170959_37.5152570224186022|126.9029245062045419_37.5153905454125791|126.9027647649380697_37.5155308912642838|126.9026871473992344_37.5156177148454049
2026-09-04T23:16:36.811991+09:00,영등포 타임스퀘어,영등포 타임스퀘어,POI074,KEY_2,1180067502,영신로,1180027206,영등포역고가차도(북측),126.9018923848414317_37.5169760079907491,1180026607,청과시장입구사거리,126.9026117945604284_37.5157085193453881,155.0,24.0,서행,126.9026117945604284_37.5157085193453881|126.9025622027086087_37.5157723283970412|126.9022912457701011_37.5162204879740173|126.9022048796041844_37.5163679945295740|126.9021402544090336_37.5165218909278124|126.9020376238798065_37.5167854844985698|126.9018923848414317_37.5169760079907491
2026-09-04T23:16:36.811991+09:00,영등포 타임스퀘어,영등포 타임스퀘어,POI074,KEY_2,1180067601,경인로,1180194100,영등포동4가 423-98,126.9049173709000513_37.5157593472424935,1180026612,청과시장입구교차로,126.9031734327549401_37.5151578048967025,168.0,23.0,서행,126.9031734327549401_37.5151578048967025|126.9049173709000513_37.5157593472424935
2026-09-04T23:16:36.811991+09:00,영등포 타임스퀘어,영등포 타임스퀘어,POI074,KEY_2,1180067602,경인로,1180000504,영등포역앞교차로,126.9066100945905049_37.5163431897925648,1180026604,영등포역교차로,126.9064578224589042_37.5162906707129054,15.0,12.0,정체,126.9064578224589042_37.5162906707129054|126.9066100945905049_37.5163431897925648
2026-09-04T23:16:36.811991+09:00,영등포 타임스퀘어,영등포 타임스퀘어,POI074,KEY_2,1180067701,경인로,1180026603,영등포역교차로,126.9064038869495192_37.5163898897900978,1180000505,영등포역앞교차로,126.9065561592446301_37.5164424089386372,15.0,25.0,원활,126.9065561592446301_37.5164424089386372|126.9064038869495192_37.5163898897900978
2026-09-04T23:16:36.811991+09:00,영등포 타임스퀘어,영등포 타임스퀘어,POI074,KEY_2,1180067702,경인로,1180194000,영등포동4가 423-98,126.9048634335346009_37.5158585655532590,1180026606,영등포역교차로,126.9062792989578270_37.5163469187381509,136.0,33.0,원활,126.9062792989578270_37.5163469187381509|126.9048634335346009_37.5158585655532590
2026-09-04T23:16:36.811991+09:00,영등포 타임스퀘어,영등포 타임스퀘어,POI074,KEY_2,1180073100,영등포로50길,1180028604,영등포한전,126.9092990278852682_37.5173912699995569,1180032603,영등포야구연습장,126.9094071216628663_37.5189643058265077,176.0,6.0,정체,126.9094071216628663_37.5189643058265077|126.9092962018217037_37.5185871916409681|126.9092686154928487_37.5184211705609982|126.9092376416866585_37.5178113154560577|126.9092517371507256_37.5176562384217647|126.9092990278852682_37.5173912699995569
2026-09-04T23:16:36.811991+09:00,영등포 타임스퀘어,영등포 타임스퀘어,POI074,KEY_2,1180073600,경인로,1180031400,영등포로터리,126.9135244685563038_37.5187677128586827,1180000601,영등포로터리,126.9124535820762105_37.5184297931263089,102.0,14.0,정체,126.9124535820762105_37.5184297931263089|126.9128100770402767_37.5185012566219456|126.9135244685563038_37.5187677128586827
2026-09-04T23:16:36.811991+09:00,영등포 타임스퀘어,영등포 타임스퀘어,POI074,KEY_2,1180074400,버드나루로,1180000604,영등포로터리,126.9122054556963235_37.5185123526650202,1180032400,영등포로터리,126.9125107094587435_37.5191376677346895,79.0,18.0,서행,126.9125107094587435_37.5191376677346895|126.9123789759963330_37.5188311948415461|126.9123310981761392_37.5186176017848041|126.9122705071853119_37.5185097182430880|126.9122054556963235_37.5185123526650202
2026-09-04T23:16:36.811991+09:00,영등포 타임스퀘어,영등포 타임스퀘어,POI074,KEY_2,1180075600,경인로,1180000604,영등포로터리,126.9122054556963235_37.5185123526650202,1180034604,영등포고가차도(동측),126.9146713619132498_37.5199625605113596,278.0,35.0,원활,126.9146713619132498_37.5199625605113596|126.9145526823699441_37.5199508797338339|126.9143552126644749_37.5198935230305253|126.9133322102916424_37.5193826208748220|126.9130630332413148_37.5192203173122039|126.9127341107558067_37.5189626122592088|126.9125481884640863_37.5187765879230426|126.9124818594804083_37.5186855708289926|126.9124327382808559_37.5186108665007083|126.9122705071853119_37.5185097182430880|126.9122054556963235_37.5185123526650202
2026-09-04T23:16:36.811991+09:00,영등포 타임스퀘어,영등포 타임스퀘어,POI074,KEY_2,1180076800,영등포로53길,1180000604,영등포로터리,126.9122054556963235_37.5185123526650202,1180035308,동일빌딩,126.9103211440061187_37.5202225574950390,253.0,20.0,서행,126.9103211440061187_37.5202225574950390|126.9110936783595065_37.5195510357812481|126.9119678887164326_37.5187633670989484|126.9122054556963235_37.5185123526650202
2026-09-04T23:16:36.811991+09:00,영등포 타임스퀘어,영등포 타임스퀘어,POI074,KEY_2,1180077100,영등포로53길,1180035307,동일빌딩,126.9104219802961921_37.5202949459832169,1180000601,영등포로터리,126.9124535820762105_37.5184297931263089,274.0,13.0,정체,126.9124535820762105_37.5184297931263089|126.9120730951421621_37.5188318189768637|126.9111945763048652_37.5196233694127699|126.9104219802961921_37.5202949459832169
2026-09-04T23:16:36.811991+09:00,영등포 타임스퀘어,영등포 타임스퀘어,POI074,KEY_2,1180077800,영등포로49길,1180035308,동일빌딩,126.9103211440061187_37.5202225574950390,1180032601,영등포야구연습장,126.9095714878148726_37.5190420934544235,152.0,9.0,정체,126.9095714878148726_37.5190420934544235|126.9098488533216766_37.5198729332244412|126.9098507104603897_37.5198744152730441|126.9100362848115253_37.5200225083504151|126.9103211440061187_37.5202225574950390
2026-09-04T23:16:36.811991+09:00,영등포 타임스퀘어,영등포 타임스퀘어,POI074,KEY_2,1180122400,영중로3길,1180070602,영등포동4가440-9,126.9040381864777629_37.5162832372860464,1180000509,영등포역교차로,126.9062411865252500_37.5170589962790046,213.0,20.0,서행,126.9062411865252500_37.5170589962790046|126.9057966058204698_37.5169361302130895|126.9055335280310146_37.5168609647402818|126.9052182848325572_37.5167684936097956|126.9049638245406157_37.5166751920809745|126.9044625088730243_37.5164579567123511|126.9040381864777629_37.5162832372860464
2026-09-04T23:16:36.811991+09:00,영등포 타임스퀘어,영등포 타임스퀘어,POI074,KEY_2,1180127800,영신로24길,1180070601,영등포동4가440-9,126.9040999860292942_37.5161869737218368,1180026608,청과시장입구사거리,126.9026871473992344_37.5156177148454049,140.0,20.0,서행,126.9026871473992344_37.5156177148454049|126.9039609526363819_37.5161309557252665|126.9040999860292942_37.5161869737218368
2026-09-04T23:16:36.811991+09:00,용리단길,용리단길,POI076,KEY_3,1020007302,한강대로,1020015204,용산역,126.9667170087153636_37.5280456524693449,1020016803,전자상가입구교차로,126.9681558223356888_37.5295644873819896,211.0,34.0,원활,126.9681558223356888_37.5295644873819896|126.9672342806026819_37.5285917021841300|126.9667170087153636_37.5280456524693449
2026-09-04T23:16:36.811991+09:00,용리단길,용리단길,POI076,KEY_3,1020007402,한강대로,1020051500,한강로2가 188-1,126.9673426559004668_37.5285265849111056,1020015201,속성변화점,126.9668253836721163_37.5279805356647955,76.0,34.0,원활,126.9668253836721163_37.5279805356647955|126.9673426559004668_37.5285265849111056
2026-09-04T23:16:36.811991+09:00,용리단길,용리단길,POI076,KEY_3,1020008306,새창로,1020016803,전자상가입구교차로,126.9681558223356888_37.5295644873819896,1020017802,신용산지하차도(동측),126.9673959720882692_37.5300726947153009,88.0,8.0,정체,126.9673959720882692_37.5300726947153009|126.9677699989137238_37.5298289272809029|126.9679910930038602_37.5296848305883302|126.9679948818404398_37.5296820626562777|126.9681558223356888_37.5295644873819896
2026-09-04T23:16:36.811991+09:00,용리단길,용리단길,POI076,KEY_3,1020008406,새창로,1020126900,한강로2가 422-1,126.9678559795664512_37.5299126000648968,1020016804,전자상가입구교차로,126.9682403944276103_37.5296494232954956,45.0,15.0,서행,126.9682403944276103_37.5296494232954956|126.9680866539261928_37.5297617379752211|126.9680800395232581_37.5297665700961005|126.9678559795664512_37.5299126000648968
2026-09-04T23:16:36.811991+09:00,용리단길,용리단길,POI076,KEY_3,1020009302,한강대로,1020025100,삼각지역7번출구,126.9734329393310475_37.5350708801419586,1020025603,삼각지역교차로,126.9739472931050841_37.5356089153529453,75.0,47.0,원활,126.9739472931050841_37.5356089153529453|126.9738394312628174_37.5354850527930566|126.9734329393310475_37.5350708801419586
2026-09-04T23:16:36.811991+09:00,용리단길,용리단길,POI076,KEY_3,1020009402,한강대로,1020025602,삼각지역교차로,126.9740601326000160_37.5355487598275559,1020024700,삼각지역7번출구,126.9735399131187421_37.5350043003819138,76.0,5.0,정체,126.9735399131187421_37.5350043003819138|126.9739487928858210_37.5354209040961138|126.9740601326000160_37.5355487598275559
2026-09-04T23:16:36.811991+09:00,용리단길,용리단길,POI076,KEY_3,1020011301,이태원로,1020024900,삼각지역13번출구,126.9749769084332343_37.5349767961125238,1020025602,삼각지역교차로,126.9740601326000160_37.5355487598275559,103.0,36.5,원활,126.9740601326000160_37.5355487598275559|126.9743097291953688_37.5353822428393471|126.9749769084332343_37.5349767961125238
2026-09-04T23:16:36.811991+09:00,용리단길,용리단길,POI076,KEY_3,1020011401,이태원로,1020025601,삼각지역교차로,126.9741286309340893_37.5356441095230551,1020025200,삼각지역(서울6호선),126.9750592746409410_37.5350627473837051,105.0,20.0,서행,126.9750592746409410_37.5350627473837051|126.9743945507994880_37.5354667021441912|126.9741286309340893_37.5356441095230551
2026-09-04T23:16:36.811991+09:00,용리단길,용리단길,POI076,KEY_3,1020012502,백범로,1020025603,삼각지역교차로,126.9739472931050841_37.5356089153529453,1020025800,삼각지역8번출구,126.9732142110164972_37.5358680244183063,71.0,25.0,원활,126.9732142110164972_37.5358680244183063|126.9737037621432734_37.5357113531253859|126.9739472931050841_37.5356089153529453
2026-09-04T23:16:36.811991+09:00,용리단길,용리단길,POI076,KEY_3,1020012602,백범로,1020025900,삼각지역9번출구,126.9732648398461947_37.5359683460905913,1020025604,삼각지역교차로,126.9740127329014001_37.5357036653550509,72.0,14.0,정체,126.9740127329014001_37.5357036653550509|126.9737609376188203_37.5358095794168420|126.9732648398461947_37.5359683460905913
2026-09-04T23:16:36.811991+09:00,용리단길,용리단길,POI076,KEY_3,1020014101,한강대로,1020025604,삼각지역교차로,126.9740127329014001_37.5357036653550509,1020026300,삼각지역10번출구,126.9741534931197577_37.5365074530867560,92.0,19.0,서행,126.9741534931197577_37.5365074530867560|126.9741631206036629_37.5364549845269977|126.9741847918449622_37.5362725862118936|126.9741503498416080_37.5360423405955430|126.9740854223847748_37.5358421943092253|126.9740127329014001_37.5357036653550509
2026-09-04T23:16:36.811991+09:00,용리단길,용리단길,POI076,KEY_3,1020014201,한강대로,1020026100,삼각지역10번출구,126.9742878403268662_37.5365230850403009,1020025601,삼각지역교차로,126.9741286309340893_37.5356441095230551,100.0,42.0,원활,126.9741286309340893_37.5356441095230551|126.9742144475380172_37.5358076529602371|126.9742840895532794_37.5360223351451125|126.9743213281359431_37.5362712689839313|126.9742979653557313_37.5364679009623998|126.9742878403268662_37.5365230850403009
2026-09-04T23:16:36.811991+09:00,용리단길,용리단길,POI076,KEY_3,1020041600,이태원로,1020024900,삼각지역13번출구,126.9749769084332343_37.5349767961125238,1020024700,삼각지역7번출구,126.9735399131187421_37.5350043003819138,133.0,19.0,서행,126.9735399131187421_37.5350043003819138|126.9737871420369544_37.5350683590055922|126.9740745093847494_37.5351141932787655|126.9743259590357241_37.5351428549854020|126.9744936004149025_37.5351390773759803|126.9746804090904675_37.5351124173200219|126.9749769084332343_37.5349767961125238
2026-09-04T23:16:36.811991+09:00,용리단길,용리단길,POI076,KEY_3,1020042000,한강대로,1020025100,삼각지역7번출구,126.9734329393310475_37.5350708801419586,1020025800,삼각지역8번출구,126.9732142110164972_37.5358680244183063,99.0,21.0,서행,126.9732142110164972_37.5358680244183063|126.9733594327573485_37.5358059269681803|126.9734228796811522_37.5357567484317087|126.9734612351895180_37.5356518652658693|126.9734828450604738_37.5354935787201356|126.9734805099240447_37.5353238449836439|126.9734329393310475_37.5350708801419586
2026-09-04T23:16:36.811991+09:00,용리단길,용리단길,POI076,KEY_3,1020042700,한강대로,1020026100,삼각지역10번출구,126.9742878403268662_37.5365230850403009,1020025200,삼각지역(서울6호선),126.9750592746409410_37.5350627473837051,177.0,30.7,원활,126.9750592746409410_37.5350627473837051|126.9748767335852051_37.5352726571772237|126.9747904745872802_37.5354004160112282|126.9747233793208210_37.5355186435926313|126.9746634608651732_37.5356559432532677|126.9746035202002048_37.5358580851873924|126.9744788894439296_37.5361422194916159|126.9743662656054255_37.5363310006673174|126.9742878403268662_37.5365230850403009
2026-09-04T23:16:36.811991+09:00,용리단길,용리단길,POI076,KEY_3,1020043000,백범로,1020025900,삼각지역9번출구,126.9732648398461947_37.5359683460905913,1020026300,삼각지역10번출구,126.9741534931197577_37.5365074530867560,106.0,17.0,서행,126.9741534931197577_37.5365074530867560|126.9740836590516437_37.5363538243993915|126.9739256446785731_37.5362145697140122|126.9738011461972036_37.5361115577945768|126.9736574773157685_37.5360428695899984|126.9734563275352457_37.5359856101105933|126.9732648398461947_37.5359683460905913
2026-09-04T23:16:36.811991+09:00,용리단길,용리단길,POI076,KEY_3,1020043101,백범로,1020025800,삼각지역8번출구,126.9732142110164972_37.5358680244183063,1020037902,삼각지고가차도(동측),126.9728791096191856_37.5359752795594801,32.0,24.0,서행,126.9728791096191856_37.5359752795594801|126.9732142110164972_37.5358680244183063
2026-09-04T23:16:36.811991+09:00,용리단길,용리단길,POI076,KEY_3,1020043201,백범로,1020037901,삼각지고가차도(동측),126.9729282965810881_37.5360760482562767,1020025900,삼각지역9번출구,126.9732648398461947_37.5359683460905913,32.0,23.0,서행,126.9732648398461947_37.5359683460905913|126.9729282965810881_37.5360760482562767
2026-09-04T23:16:36.811991+09:00,용리단길,용리단길,POI076,KEY_3,1020056901,한강대로,1020016804,전자상가입구교차로,126.9682403944276103_37.5296494232954956,1020041504,용산우체국,126.9687693600408522_37.5301748910193922,75.0,12.0,정체,126.9687693600408522_37.5301748910193922|126.9682403944276103_37.5296494232954956
2026-09-04T23:16:36.811991+09:00,용리단길,용리단길,POI076,KEY_3,1020057001,한강대로,1020041503,용산우체국,126.9688709856765172_37.5301100058853052,1020016801,전자상가입구교차로,126.9683459865975124_37.5295827397858162,75.0,22.0,서행,126.9683459865975124_37.5295827397858162|126.9688709856765172_37.5301100058853052
2026-09-04T23:16:36.811991+09:00,용리단길,용리단길,POI076,KEY_3,1020057501,한강대로,1020058400,한강로1가 228-1,126.9732120555661368_37.5348400238888473,1020025100,삼각지역7번출구,126.9734329393310475_37.5350708801419586,32.0,46.0,원활,126.9734329393310475_37.5350708801419586|126.9732120555661368_37.5348400238888473
2026-09-04T23:16:36.811991+09:00,용리단길,용리단길,POI076,KEY_3,1020057601,한강대로,1020071700,한강로2가 140-1,126.9691516325622445_37.5304124021685297,1020041502,용산우체국,126.9689326562372713_37.5301754205949933,33.0,29.0,원활,126.9689326562372713_37.5301754205949933|126.9691516325622445_37.5304124021685297
2026-09-04T23:16:36.811991+09:00,이태원 앤틱가구거리,이태원 앤틱가구거리,POI077,KEY_4,1020006703,장문로,1020015404,우루과이대사관저,126.9926471421809993_37.5283649653095139,1020016400,동빙고동 7-38,126.9918491226028294_37.5291270683586760,110.0,28.0,원활,126.9918491226028294_37.5291270683586760|126.9926471421809993_37.5283649653095139
2026-09-04T23:16:36.811991+09:00,이태원 앤틱가구거리,이태원 앤틱가구거리,POI077,KEY_4,1020006803,장문로,1020017000,용산동4가 19-6,126.9913885945213963_37.5298136745927096,1020015401,우루과이대사관저,126.9927514049631014_37.5284342120850951,195.0,28.0,원활,126.9927514049631014_37.5284342120850951|126.9919533858600289_37.5291963156843167|126.9913885945213963_37.5298136745927096
2026-09-04T23:16:36.811991+09:00,이태원 앤틱가구거리,이태원 앤틱가구거리,POI077,KEY_4,1020007203,녹사평대로,1020017000,용산동4가 19-6,126.9913885945213963_37.5298136745927096,1020016601,동빙고동 10-11,126.9914492657646008_37.5294521431013095,40.0,44.0,원활,126.9914492657646008_37.5294521431013095|126.9913885945213963_37.5298136745927096
2026-09-04T23:16:36.811991+09:00,이태원 앤틱가구거리,이태원 앤틱가구거리,POI077,KEY_4,1020007501,보광로,1020044300,보광동 238-66,126.9969332242469591_37.5301241606732958,1020018102,한국폴리텍1대학(정수캠퍼스),126.9967407762806317_37.5303074430734185,27.0,28.0,원활,126.9967407762806317_37.5303074430734185|126.9969332242469591_37.5301241606732958
2026-09-04T23:16:36.811991+09:00,이태원 앤틱가구거리,이태원 앤틱가구거리,POI077,KEY_4,1020007502,보광로,1020054000,이태원동 92-5,126.9952221008180402_37.5312991493789170,1020020003,예림가구전시장,126.9950410040469677_37.5314672212576141,25.0,28.0,원활,126.9950410040469677_37.5314672212576141|126.9952221008180402_37.5312991493789170
2026-09-04T23:16:36.811991+09:00,이태원 앤틱가구거리,이태원 앤틱가구거리,POI077,KEY_4,1020007602,보광로,1020109400,이태원동 21-5,126.9954404860053501_37.5312782549612436,1020018104,한국폴리텍1대학(정수캠퍼스),126.9967076176607605_37.5304630978737350,145.0,21.0,서행,126.9967076176607605_37.5304630978737350|126.9965855293846175_37.5305326888168906|126.9964251122166132_37.5305994203464621|126.9959926204144836_37.5308464907872477|126.9954404860053501_37.5312782549612436
2026-09-04T23:16:36.811991+09:00,이태원 앤틱가구거리,이태원 앤틱가구거리,POI077,KEY_4,1020008700,녹사평대로26길,1020126500,이태원동 22-50,126.9931660545729102_37.5317363258551211,1020020004,예림가구전시장,126.9949764416404889_37.5315738302358213,165.0,12.0,정체,126.9949764416404889_37.5315738302358213|126.9948202137049975_37.5315700528863516|126.9941705583955240_37.5315213703374440|126.9937565109327267_37.5315396683323783|126.9932035616774613_37.5317280200552048|126.9931660545729102_37.5317363258551211
2026-09-04T23:16:36.811991+09:00,이태원 앤틱가구거리,이태원 앤틱가구거리,POI077,KEY_4,1020008800,녹사평대로26길,1020020003,예림가구전시장,126.9950410040469677_37.5314672212576141,1020018201,찬우물삼거리,126.9914707840366219_37.5305236841626382,422.0,17.0,서행,126.9914707840366219_37.5305236841626382|126.9915775990819213_37.5309419173485210|126.9916711574009298_37.5313082400227600|126.9917600905127557_37.5314454930900681|126.9917753022259319_37.5314618320030959|126.9919517327942486_37.5316513355474726|126.9921092617922511_37.5317812903834565|126.9921946495817480_37.5318190759416268|126.9922696900252816_37.5318225965842629|126.9931296829365266_37.5316321581035055|126.9931584811932765_37.5316257808370324|126.9937251084692917_37.5314327691697116|126.9941731712468425_37.5314129682954984|126.9948286419663361_37.5314620871703255|126.9950410040469677_37.5314672212576141
2026-09-04T23:16:36.811991+09:00,이태원 앤틱가구거리,이태원 앤틱가구거리,POI077,KEY_4,1020008901,녹사평대로,1020016602,용산동4가 19-2,126.9913146151955772_37.5294383407276726,1020022202,이태원지하차도(남측),126.9891497327059682_37.5328152235285657,424.0,36.0,원활,126.9891497327059682_37.5328152235285657|126.9896909605636353_37.5320547926819827|126.9899673314355084_37.5316664817415955|126.9908595519634815_37.5304271853298275|126.9909277275987449_37.5303324863214343|126.9911621302299807_37.5299710321997324|126.9912583492032780_37.5297864854106820|126.9913146151955772_37.5294383407276726
2026-09-04T23:16:36.811991+09:00,이태원 앤틱가구거리,이태원 앤틱가구거리,POI077,KEY_4,1020009001,녹사평대로,1020018000,용산동4가 19-6,126.9909773297691800_37.5304809634511045,1020017000,용산동4가 19-6,126.9913885945213963_37.5298136745927096,83.0,27.0,원활,126.9913885945213963_37.5298136745927096|126.9912856241119101_37.5300162220987090|126.9910469864938420_37.5303842075015055|126.9909773297691800_37.5304809634511045
2026-09-04T23:16:36.811991+09:00,이태원 앤틱가구거리,이태원 앤틱가구거리,POI077,KEY_4,1020009002,녹사평대로,1020143500,이태원동 34-126,126.9898090601809457_37.5321081021588725,1020018000,용산동4가 19-6,126.9909773297691800_37.5304809634511045,208.0,27.0,원활,126.9909773297691800_37.5304809634511045|126.9900852768915342_37.5317200300991516|126.9898090601809457_37.5321081021588725
2026-09-04T23:16:36.811991+09:00,이태원 앤틱가구거리,이태원 앤틱가구거리,POI077,KEY_4,1020009500,보광로,1020157400,이태원동 131-33,126.9940373387562431_37.5339474192291860,1020003103,이태원역앞교차로,126.9938722101036319_37.5344410134072106,57.0,10.0,정체,126.9938722101036319_37.5344410134072106|126.9939255349719502_37.5342547060894063|126.9940373387562431_37.5339474192291860
2026-09-04T23:16:36.811991+09:00,이태원 앤틱가구거리,이태원 앤틱가구거리,POI077,KEY_4,1020009600,보광로,1020067700,이태원동 96-7,126.9950341855753067_37.5317612306550714,1020020001,예림가구전시장,126.9951044639607147_37.5316098203141806,18.0,15.0,서행,126.9951044639607147_37.5316098203141806|126.9950439807781066_37.5317462713097711|126.9950341855753067_37.5317612306550714
2026-09-04T23:16:36.811991+09:00,이태원 앤틱가구거리,이태원 앤틱가구거리,POI077,KEY_4,1020010701,이태원로,1020109600,이태원동 119-23,126.9934065376017003_37.5345186269656637,1020003104,이태원역앞교차로,126.9938609433052790_37.5345487608536530,40.0,16.0,서행,126.9938609433052790_37.5345487608536530|126.9934065376017003_37.5345186269656637
2026-09-04T23:16:36.811991+09:00,이태원 앤틱가구거리,이태원 앤틱가구거리,POI077,KEY_4,1020011101,이태원로,1020167100,이태원동 119-23,126.9944655556111286_37.5345901775849882,1020024204,이태원소방파출소,126.9954968238074144_37.5346610574196760,91.0,6.0,정체,126.9954968238074144_37.5346610574196760|126.9944655556111286_37.5345901775849882
2026-09-04T23:16:36.811991+09:00,이태원 앤틱가구거리,이태원 앤틱가구거리,POI077,KEY_4,1020011102,이태원로,1020024201,이태원소방파출소,126.9956371857134911_37.5346703540578233,1020025304,이태원호텔앞교차로,126.9986418686788028_37.5352583937875650,280.0,12.0,정체,126.9986418686788028_37.5352583937875650|126.9984212314769110_37.5351188313605419|126.9982335515615830_37.5350249822649857|126.9980583342124731_37.5349517245471205|126.9978393040948390_37.5348749734958176|126.9976622321914590_37.5348302588598415|126.9974202076542866_37.5347917072044979|126.9972001370625776_37.5347636612448596|126.9968571305746536_37.5347459155125946|126.9956371857134911_37.5346703540578233
2026-09-04T23:16:36.811991+09:00,이태원 앤틱가구거리,이태원 앤틱가구거리,POI077,KEY_4,1020011201,이태원로,1020024203,이태원소방파출소,126.9955363307621354_37.5345552498172168,1020003102,이태원역앞교차로,126.9940088155564695_37.5344502604877519,136.0,9.0,정체,126.9940088155564695_37.5344502604877519|126.9944772309336969_37.5344824577926843|126.9955363307621354_37.5345552498172168
2026-09-04T23:16:36.811991+09:00,이태원 앤틱가구거리,이태원 앤틱가구거리,POI077,KEY_4,1020011202,이태원로,1020025303,이태원호텔앞교차로,126.9987263153591641_37.5351737312984781,1020024202,이태원소방파출소,126.9956725121214589_37.5345640956228834,285.0,17.0,서행,126.9956725121214589_37.5345640956228834|126.9968667962878328_37.5346380677732867|126.9972152987085821_37.5346560983237794|126.9974442596476365_37.5346852761054279|126.9976961690244082_37.5347254028548534|126.9978873030321580_37.5347736685373405|126.9981173019449585_37.5348542624446893|126.9983013090689639_37.5349311962862444|126.9984997949651415_37.5350304478139734|126.9987263153591641_37.5351737312984781
2026-09-04T23:16:36.811991+09:00,이태원 앤틱가구거리,이태원 앤틱가구거리,POI077,KEY_4,1020031700,장문로,1020016400,동빙고동 7-38,126.9918491226028294_37.5291270683586760,1020015600,동빙고동 10-14,126.9915275433903332_37.5289205865966622,55.0,21.5,서행,126.9915275433903332_37.5289205865966622|126.9915229865147097_37.5290693722826134|126.9915463187575710_37.5291331423484351|126.9916078646116802_37.5291730890426720|126.9916734434981862_37.5291949294596705|126.9917616927946113_37.5291801123692821|126.9918491226028294_37.5291270683586760
2026-09-04T23:16:36.811991+09:00,이태원 앤틱가구거리,이태원 앤틱가구거리,POI077,KEY_4,1020032200,장문로,1020016400,동빙고동 7-38,126.9918491226028294_37.5291270683586760,1020016601,동빙고동 10-11,126.9914492657646008_37.5294521431013095,51.0,25.3,원활,126.9914492657646008_37.5294521431013095|126.9915150568015036_37.5293606619443736|126.9916607489244882_37.5292748176774964|126.9918491226028294_37.5291270683586760
2026-09-04T23:16:36.811991+09:00,이태원 앤틱가구거리,이태원 앤틱가구거리,POI077,KEY_4,1020034300,녹사평대로26길,1020018201,찬우물삼거리,126.9914707840366219_37.5305236841626382,1020017000,용산동4가 19-6,126.9913885945213963_37.5298136745927096,80.0,33.0,원활,126.9913885945213963_37.5298136745927096|126.9913442513651489_37.5300294341915617|126.9914164198635405_37.5303478209552139|126.9914707840366219_37.5305236841626382
2026-09-04T23:16:36.811991+09:00,이태원 앤틱가구거리,이태원 앤틱가구거리,POI077,KEY_4,1020034600,녹사평대로26길,1020018000,용산동4가 19-6,126.9909773297691800_37.5304809634511045,1020018202,찬우물삼거리,126.9913377452865575_37.5305452345433466,46.0,17.0,서행,126.9913377452865575_37.5305452345433466|126.9913156669195189_37.5304568149457580|126.9912955967890156_37.5304265497298886|126.9912791792530129_37.5304108710930961|126.9912378720889734_37.5303937039575430|126.9911893806270911_37.5303879789905181|126.9911408868570533_37.5303922668328198|126.9909773297691800_37.5304809634511045
2026-09-04T23:16:36.811991+09:00,이태원 앤틱가구거리,이태원 앤틱가구거리,POI077,KEY_4,1020035000,우사단로,1020018104,한국폴리텍1대학(정수캠퍼스),126.9967076176607605_37.5304630978737350,1020019603,보광초교,126.9966145408362621_37.5313514395482102,99.0,15.0,서행,126.9966145408362621_37.5313514395482102|126.9966499743015476_37.5311273272665034|126.9967023749042738_37.5306467090184555|126.9967047488624701_37.5306249349299250|126.9967076176607605_37.5304630978737350
2026-09-04T23:16:36.811991+09:00,이태원 앤틱가구거리,이태원 앤틱가구거리,POI077,KEY_4,1020035100,우사단로,1020144400,보광동 273-5,126.9968376292760581_37.5306560616211087,1020018101,한국폴리텍1대학(정수캠퍼스),126.9968449244348392_37.5303768014874137,31.0,23.0,서행,126.9968449244348392_37.5303768014874137|126.9968404290553678_37.5306303815874926|126.9968376292760581_37.5306560616211087
2026-09-04T23:16:36.811991+09:00,이태원 앤틱가구거리,이태원 앤틱가구거리,POI077,KEY_4,1020035700,우사단로10길,1020080000,보광동 264-84,126.9972966635901486_37.5314815655202878,1020019602,보광초교,126.9967492421036752_37.5313649465956800,50.0,6.0,정체,126.9967492421036752_37.5313649465956800|126.9969468538200061_37.5314042959198702|126.9970665124913864_37.5314510113661299|126.9972966635901486_37.5314815655202878
2026-09-04T23:16:36.811991+09:00,이태원 앤틱가구거리,이태원 앤틱가구거리,POI077,KEY_4,1020035800,우사단로10길,1020063700,이태원동 137-71,126.9973461434624795_37.5330913789416840,1020021402,보광초등학교,126.9956899673288291_37.5330078219414247,149.0,9.0,정체,126.9956899673288291_37.5330078219414247|126.9957471709841883_37.5330071120154045|126.9959092532463245_37.5329895166849070|126.9959908705287717_37.5329962436548925|126.9967100332990952_37.5331265163957823|126.9968007706584103_37.5331409709456594|126.9970508064429566_37.5331553276982532|126.9970573683931434_37.5331539068610311|126.9973461434624795_37.5330913789416840
2026-09-04T23:16:36.811991+09:00,이태원 앤틱가구거리,이태원 앤틱가구거리,POI077,KEY_4,1020037200,우사단로,1020019604,보광초교,126.9965895979005239_37.5314169517780911,1020021403,보광초등학교,126.9955478948623835_37.5330095850120031,200.0,21.0,서행,126.9955478948623835_37.5330095850120031|126.9955854463118499_37.5329070733362755|126.9956459380082094_37.5327986977635888|126.9960112393039111_37.5322685994321645|126.9965895979005239_37.5314169517780911
2026-09-04T23:16:36.811991+09:00,이태원 앤틱가구거리,이태원 앤틱가구거리,POI077,KEY_4,1020037300,우사단로,1020021402,보광초등학교,126.9956899673288291_37.5330078219414247,1020019601,보광초교,126.9967090173040560_37.5314683853719586,193.0,15.0,서행,126.9967090173040560_37.5314683853719586|126.9961304606680130_37.5323203253718063|126.9957676933582462_37.5328467489747055|126.9957132225621166_37.5329443380426113|126.9956899673288291_37.5330078219414247
2026-09-04T23:16:36.811991+09:00,이태원 앤틱가구거리,이태원 앤틱가구거리,POI077,KEY_4,1020039700,우사단로,1020063400,이태원동 137-23,126.9955993093615803_37.5340288073665604,1020024203,이태원소방파출소,126.9955363307621354_37.5345552498172168,59.0,7.0,정체,126.9955363307621354_37.5345552498172168|126.9955674338379481_37.5344291020757268|126.9956003436716969_37.5340381328912898|126.9955993093615803_37.5340288073665604
2026-09-04T23:16:36.811991+09:00,이태원 앤틱가구거리,이태원 앤틱가구거리,POI077,KEY_4,1020039800,우사단로,1020127900,이태원동 137-23,126.9956810738919017_37.5335371339901727,1020021401,보광초등학교,126.9956544097363604_37.5331163963296177,47.0,3.0,정체,126.9956544097363604_37.5331163963296177|126.9956431779321804_37.5331593197407258|126.9956452666882569_37.5332142943968208|126.9956810738919017_37.5335371339901727
2026-09-04T23:16:36.811991+09:00,이태원 앤틱가구거리,이태원 앤틱가구거리,POI077,KEY_4,1020041900,이태원로27길,1020091300,이태원동 111-5,126.9942746628349681_37.5355070255918761,1020024201,이태원소방파출소,126.9956371857134911_37.5346703540578233,170.0,7.0,정체,126.9956371857134911_37.5346703540578233|126.9955842562411448_37.5347850178568478|126.9954134054469819_37.5350706997723336|126.9953750142490776_37.5351183002557249|126.9952378837399039_37.5352883250498763|126.9951738511499997_37.5353312605409712|126.9950719982470559_37.5353558347332807|126.9945933761089663_37.5353577392293118|126.9945100556674760_37.5353687933671125|126.9944205701082751_37.5354092765412304|126.9942746628349681_37.5355070255918761
2026-09-04T23:16:36.811991+09:00,익선동,익선동,POI116,KEY_1,1000000503,종로,1000009101,종각지하쇼핑센터,126.9858227292488380_37.5702608423529298,1000008504,종로2가교차로,126.9876156819137520_37.5702574924147754,158.0,20.0,서행,126.9876156819137520_37.5702574924147754|126.9871453036203235_37.5702428823229511|126.9869246551587310_37.5702458796709990|126.9858227292488380_37.5702608423529298
2026-09-04T23:16:36.811991+09:00,익선동,익선동,POI116,KEY_1,1000001101,종로,1000112300,종로2가 34-2,126.9887450442138999_37.5703039837526021,1000009404,육의전박물관,126.9893556006803266_37.5703370254621802,54.0,9.0,정체,126.9893556006803266_37.5703370254621802|126.9887450442138999_37.5703039837526021
2026-09-04T23:16:36.811991+09:00,익선동,익선동,POI116,KEY_1,1000001102,종로,1000009401,육의전박물관,126.9894911528416657_37.5703440400947173,1000009804,종로3가사거리,126.9920644385376676_37.5704709834989146,228.0,17.0,서행,126.9920644385376676_37.5704709834989146|126.9894911528416657_37.5703440400947173
2026-09-04T23:16:36.811991+09:00,익선동,익선동,POI116,KEY_1,1000001201,종로,1000151200,종로2가 34-2,126.9885296395007401_37.5701839568255025,1000008502,종로2가교차로,126.9877530838436002_37.5701530192531123,69.0,26.0,원활,126.9877530838436002_37.5701530192531123|126.9881077158716209_37.5701611205547650|126.9885296395007401_37.5701839568255025
2026-09-04T23:16:36.811991+09:00,익선동,익선동,POI116,KEY_1,1000001202,종로,1000009803,종로3가사거리,126.9920772085238099_37.5703632864036052,1000009402,육의전박물관,126.9894997373196901_37.5702361366249775,228.0,21.0,서행,126.9894997373196901_37.5702361366249775|126.9920772085238099_37.5703632864036052
2026-09-04T23:16:36.811991+09:00,익선동,익선동,POI116,KEY_1,1000001501,종로,1000009801,종로3가사거리,126.9922000608216308_37.5704778715046643,1000010004,종묘공원,126.9937102608658108_37.5705569291297934,134.0,25.0,원활,126.9937102608658108_37.5705569291297934|126.9932582925197551_37.5705332710333550|126.9922000608216308_37.5704778715046643
2026-09-04T23:16:36.811991+09:00,익선동,익선동,POI116,KEY_1,1000001601,종로,1000161000,종로3가 45-4,126.9932672065188228_37.5704253845720260,1000009802,종로3가사거리,126.9922128288669825_37.5703701868235100,93.0,36.3,원활,126.9922128288669825_37.5703701868235100|126.9932672065188228_37.5704253845720260
2026-09-04T23:16:36.811991+09:00,익선동,익선동,POI116,KEY_1,1000003900,삼일대로,1000151000,관철동 268,126.9876175548289154_37.5696044234772373,1000008503,종로2가교차로,126.9876172549084856_37.5701493398525912,60.0,18.5,서행,126.9876172549084856_37.5701493398525912|126.9876175548289154_37.5696044234772373
2026-09-04T23:16:36.811991+09:00,익선동,익선동,POI116,KEY_1,1000004602,돈화문로,1000009802,종로3가사거리,126.9922128288669825_37.5703701868235100,1000001601,청계3가사거리,126.9924197004040280_37.5685221720677589,206.0,18.0,서행,126.9924197004040280_37.5685221720677589|126.9923429257738547_37.5692728725519558|126.9923404394218522_37.5692938442209439|126.9922128288669825_37.5703701868235100
2026-09-04T23:16:36.811991+09:00,익선동,익선동,POI116,KEY_1,1000006901,삼일대로,1000097800,종로2가 37-5,126.9875962641486211_37.5709195815897914,1000011503,탑골공원,126.9875919368493555_37.5710671282627970,16.0,8.0,정체,126.9875919368493555_37.5710671282627970|126.9875962641486211_37.5709195815897914
2026-09-04T23:16:36.811991+09:00,익선동,익선동,POI116,KEY_1,1000006902,삼일대로,1000011504,탑골공원,126.9875885367710850_37.5711969434470845,1000002703,낙원상가앞교차로,126.9877290762876498_37.5725675824815539,153.0,20.0,서행,126.9877290762876498_37.5725675824815539|126.9876077446882761_37.5718586900303819|126.9876046271510717_37.5718404753162005|126.9875832438491017_37.5716846738898411|126.9875802081556628_37.5715262335702747|126.9875885367710850_37.5711969434470845
2026-09-04T23:16:36.811991+09:00,익선동,익선동,POI116,KEY_1,1000007001,삼일대로,1000011502,탑골공원,126.9877277365820021_37.5710696514502871,1000008501,종로2가교차로,126.9877514470551745_37.5702611458311253,90.0,13.0,정체,126.9877514470551745_37.5702611458311253|126.9877320636178837_37.5709221047709576|126.9877277365820021_37.5710696514502871
2026-09-04T23:16:36.811991+09:00,익선동,익선동,POI116,KEY_1,1000007002,삼일대로,1000231900,낙원동 300,126.9877423391079816_37.5718440957152282,1000011501,탑골공원,126.9877243457566749_37.5711991196512258,72.0,14.0,정체,126.9877243457566749_37.5711991196512258|126.9877160657086677_37.5715264973604235|126.9877189692615218_37.5716779639602692|126.9877394652978211_37.5718273051350025|126.9877423391079816_37.5718440957152282
2026-09-04T23:16:36.811991+09:00,익선동,익선동,POI116,KEY_1,1000007100,돈화문로,1000145800,묘동 20-5,126.9916684242814142_37.5719817889873724,1000013303,묘동사거리,126.9914801613035706_37.5725495704926047,65.0,8.0,정체,126.9914801613035706_37.5725495704926047|126.9916684242814142_37.5719817889873724
2026-09-04T23:16:36.811991+09:00,익선동,익선동,POI116,KEY_1,1000007200,돈화문로,1000059400,묘동 20-5,126.9921535095209890_37.5708464956724839,1000009801,종로3가사거리,126.9922000608216308_37.5704778715046643,41.0,10.0,정체,126.9922000608216308_37.5704778715046643|126.9921602362403092_37.5708137185849509|126.9921535095209890_37.5708464956724839
2026-09-04T23:16:36.811991+09:00,익선동,익선동,POI116,KEY_1,1000007701,수표로,1000106600,낙원동 289-3,126.9883777088764134_37.5725004488943028,1000002702,낙원상가앞교차로,126.9878647790248039_37.5725594585001090,46.0,9.0,정체,126.9878647790248039_37.5725594585001090|126.9880935169872345_37.5725337359327440|126.9883777088764134_37.5725004488943028
2026-09-04T23:16:36.811991+09:00,익선동,익선동,POI116,KEY_1,1000007702,돈화문로11길,1000068900,돈의동 57-1,126.9912130015799931_37.5725417718704406,1000013202,낙원상가,126.9887726506805734_37.5725199901669740,216.0,5.0,정체,126.9887726506805734_37.5725199901669740|126.9890905413929829_37.5725122858835405|126.9899620366305442_37.5725242512319468|126.9911899638886581_37.5725410993520086|126.9912130015799931_37.5725417718704406
2026-09-04T23:16:36.811991+09:00,익선동,익선동,POI116,KEY_1,1000007801,수표로,1000002701,낙원상가앞교차로,126.9878820470942031_37.5726667101081873,1000013204,낙원상가,126.9885864658241559_37.5726052162671280,63.0,32.0,원활,126.9885864658241559_37.5726052162671280|126.9885704603793926_37.5726001837020931|126.9884924360897003_37.5725962946357583|126.9883974861043612_37.5726074163225974|126.9881129079827673_37.5726407490651368|126.9878820470942031_37.5726667101081873
2026-09-04T23:16:36.811991+09:00,익선동,익선동,POI116,KEY_1,1000010301,삼일대로,1000002704,낙원상가앞교차로,126.9877465559183491_37.5726754784849746,1000014603,종로세무서,126.9876475861341873_37.5734674544711638,90.0,20.0,서행,126.9876475861341873_37.5734674544711638|126.9877122277218575_37.5733420920681738|126.9877432310391328_37.5732524039509244|126.9877661225475407_37.5731477197251849|126.9877805546539236_37.5730078030122741|126.9877748051182778_37.5728630584769832|126.9877465559183491_37.5726754784849746
2026-09-04T23:16:36.811991+09:00,익선동,익선동,POI116,KEY_1,1000010302,삼일대로,1000014604,종로세무서,126.9875929656630689_37.5735672823235660,1000017003,속성변화점,126.9867672620100478_37.5750673701046694,182.0,13.0,정체,126.9867672620100478_37.5750673701046694|126.9868378748170556_37.5748639419944581|126.9869048219416783_37.5747337421937573|126.9870805066234283_37.5744388641803369|126.9875929656630689_37.5735672823235660
2026-09-04T23:16:36.811991+09:00,익선동,익선동,POI116,KEY_1,1000010401,삼일대로,1000014602,종로세무서,126.9877657603728665_37.5735230393018043,1000002701,낙원상가앞교차로,126.9878820470942031_37.5726667101081873,97.0,13.0,정체,126.9878820470942031_37.5726667101081873|126.9879103891225185_37.5728549004152583|126.9879165707175304_37.5730105263044507|126.9879010050845238_37.5731614404618881|126.9878759387023734_37.5732760696720760|126.9878410192205536_37.5733770856293887|126.9877657603728665_37.5735230393018043
2026-09-04T23:16:36.811991+09:00,익선동,익선동,POI116,KEY_1,1000010402,삼일대로,1000017002,덕성여자대학교(종로캠퍼스),126.9868982009082004_37.5750961619411754,1000014601,종로세무서,126.9877103801226923_37.5736226701394358,179.0,14.0,정체,126.9877103801226923_37.5736226701394358|126.9872033965909139_37.5744849400199143|126.9870291458476430_37.5747774127157186|126.9869666594706388_37.5748989374009099|126.9868982009082004_37.5750961619411754
2026-09-04T23:16:36.811991+09:00,익선동,익선동,POI116,KEY_1,1000010701,돈화문로,1000013304,묘동사거리,126.9914460123658273_37.5726567658355961,1000016403,종로1가2가3가4가동주민센터,126.9909224401901895_37.5743944453165497,198.0,12.0,정체,126.9909224401901895_37.5743944453165497|126.9909947931414820_37.5741499222926407|126.9912406256384259_37.5733190978606615|126.9914460123658273_37.5726567658355961
2026-09-04T23:16:36.811991+09:00,익선동,익선동,POI116,KEY_1,1000010702,돈화문로,1000106400,와룡동 75-4,126.9908241009990917_37.5747256213886658,1000018603,한겨레신문(종로지국),126.9905629465608996_37.5756044925587815,100.0,21.0,서행,126.9905629465608996_37.5756044925587815|126.9908241009990917_37.5747256213886658
2026-09-04T23:16:36.811991+09:00,익선동,익선동,POI116,KEY_1,1000010801,돈화문로,1000174700,묘동 141-2,126.9911270176696547_37.5741747070514336,1000013301,묘동사거리,126.9915850849808550_37.5726594865675594,173.0,16.7,서행,126.9915850849808550_37.5726594865675594|126.9913726822985893_37.5733444453639649|126.9911270176696547_37.5741747070514336
2026-09-04T23:16:36.811991+09:00,익선동,익선동,POI116,KEY_1,1000010802,돈화문로,1000106300,와룡동 75-4,126.9909562970876493_37.5747505051657669,1000016401,종로1가2가3가4가동주민센터,126.9910234246664515_37.5745245938365429,26.0,25.0,원활,126.9910234246664515_37.5745245938365429|126.9909562970876493_37.5747505051657669
2026-09-04T23:16:36.811991+09:00,익선동,익선동,POI116,KEY_1,1000010803,돈화문로,1000021402,창덕궁앞교차로,126.9901841383139782_37.5773932267385504,1000018601,한겨레신문(종로지국),126.9906634515929795_37.5757350308395957,189.0,15.0,서행,126.9906634515929795_37.5757350308395957|126.9903062505280644_37.5769154241969332|126.9902695786729083_37.5770589150526817|126.9901841383139782_37.5773932267385504
2026-09-04T23:16:36.811991+09:00,익선동,익선동,POI116,KEY_1,1000022600,수표로,1000108100,관수동 14-2,126.9894314284546084_37.5692594329428573,1000009403,육의전박물관,126.9893641825799904_37.5702291213036688,108.0,9.0,정체,126.9893641825799904_37.5702291213036688|126.9894314284546084_37.5692594329428573
2026-09-04T23:16:36.811991+09:00,익선동,익선동,POI116,KEY_1,1000026300,수표로,1000088800,낙원동 214-2,126.9891520373242599_37.5714620463629885,1000013203,낙원상가,126.9886363744601709_37.5725046593449861,125.0,7.0,정체,126.9886363744601709_37.5725046593449861|126.9886756986303311_37.5724041634539745|126.9889329320732685_37.5720063300465839|126.9889913902188567_37.5719048429175331|126.9890287759369585_37.5718372348224108|126.9891150600059291_37.5715912496210365|126.9891345581447979_37.5715356626058892|126.9891520373242599_37.5714620463629885
2026-09-04T23:16:36.811991+09:00,익선동,익선동,POI116,KEY_1,1000026400,수표로,1000154200,낙원동 175-1,126.9894625707901525_37.5706502295039755,1000009401,육의전박물관,126.9894911528416657_37.5703440400947173,34.0,7.0,정체,126.9894911528416657_37.5703440400947173|126.9894662327657073_37.5706215014400087|126.9894625707901525_37.5706502295039755
2026-09-04T23:16:36.811991+09:00,익선동,익선동,POI116,KEY_1,1000026900,인사동길,1000011503,탑골공원,126.9875919368493555_37.5710671282627970,1000013403,인사동사거리,126.9865006613109273_37.5725411334574346,194.0,15.5,서행,126.9865006613109273_37.5725411334574346|126.9868138272171620_37.5719423831850889|126.9870930380756420_37.5714807558390476|126.9872417374784419_37.5712905430838973|126.9874380393046636_37.5711449542964360|126.9875919368493555_37.5710671282627970
2026-09-04T23:16:36.811991+09:00,익선동,익선동,POI116,KEY_1,1000028300,서순라길,1000179700,묘동 164-2,126.9918986546224602_37.5725528238137017,1000013302,묘동사거리,126.9916200024151749_37.5725515277908357,25.0,12.0,정체,126.9916200024151749_37.5725515277908357|126.9918986546224602_37.5725528238137017
2026-09-04T23:16:36.811991+09:00,익선동,익선동,POI116,KEY_1,1000028800,인사동길,1000002703,낙원상가앞교차로,126.9877290762876498_37.5725675824815539,1000013402,인사동사거리,126.9866260678605698_37.5725826871621464,97.0,7.0,정체,126.9866260678605698_37.5725826871621464|126.9877290762876498_37.5725675824815539
2026-09-04T23:16:36.811991+09:00,익선동,익선동,POI116,KEY_1,1000030100,인사동4길,1000014603,종로세무서,126.9876475861341873_37.5734674544711638,1000013902,인사동사거리,126.9863347930561730_37.5729914707874855,128.0,4.0,정체,126.9863347930561730_37.5729914707874855|126.9865778431354215_37.5730765437080692|126.9871483595308064_37.5732762343743687|126.9875049026030922_37.5734010287094193|126.9876475861341873_37.5734674544711638
2026-09-04T23:16:36.811991+09:00,익선동,익선동,POI116,KEY_1,1000030200,인사동4길,1000190200,낙원동 280,126.9870936767206047_37.5733752066737097,1000014604,종로세무서,126.9875929656630689_37.5735672823235660,49.0,24.0,서행,126.9875929656630689_37.5735672823235660|126.9874430653368904_37.5734974970765307|126.9870936767206047_37.5733752066737097
2026-09-04T23:16:36.811991+09:00,익선동,익선동,POI116,KEY_1,1000031900,삼일대로30길,1000016403,종로1가2가3가4가동주민센터,126.9909224401901895_37.5743944453165497,1000014602,종로세무서,126.9877657603728665_37.5735230393018043,300.0,8.0,정체,126.9877657603728665_37.5735230393018043|126.9882746610469724_37.5737657051567169|126.9890843013498056_37.5741211801994552|126.9892691286933371_37.5741786634928658|126.9894708395082290_37.5742261685853478|126.9900987751391028_37.5742451717422767|126.9904206259991639_37.5742891136834203|126.9906874025872128_37.5743451108355870|126.9909224401901895_37.5743944453165497
2026-09-04T23:16:36.811991+09:00,익선동,익선동,POI116,KEY_1,1000033700,삼일대로32길,1000225400,익선동 1-2,126.9885198465621414_37.5753772077083354,1000017002,덕성여자대학교(종로캠퍼스),126.9868982009082004_37.5750961619411754,147.0,7.0,정체,126.9868982009082004_37.5750961619411754|126.9876435573690543_37.5752236178379775|126.9880192377179640_37.5752979345582787|126.9885198465621414_37.5753772077083354
2026-09-04T23:16:36.811991+09:00,익선동,익선동,POI116,KEY_1,1000033800,삼일대로32길,1000217900,운니동 44-1,126.9886315479750323_37.5755051337652901,1000018604,한겨레신문(종로지국),126.9905313831492180_37.5757097145699248,170.0,10.0,정체,126.9905313831492180_37.5757097145699248|126.9902144284971968_37.5756583032089253|126.9898011914220319_37.5756393653655252|126.9896790156536639_37.5756303509259837|126.9892762976139409_37.5756006364519877|126.9891382250948197_37.5755697755770228|126.9888125680360531_37.5755337981841890|126.9886315479750323_37.5755051337652901
2026-09-04T23:16:36.811991+09:00,인사동,인사동,POI078,KEY_2,1000000303,종로,1000008703,종로1가사거리,126.9828971865418197_37.5701731264087542,1000007700,종로1가,126.9822109960776402_37.5701758601934444,61.0,4.0,정체,126.9822109960776402_37.5701758601934444|126.9824008620181672_37.5701779915733454|126.9828971865418197_37.5701731264087542
2026-09-04T23:16:36.811991+09:00,인사동,인사동,POI078,KEY_2,1000000403,종로,1000009500,종로1가,126.9822090811274506_37.5702839694386270,1000008704,종로1가사거리,126.9829124807839946_37.5702811035568871,62.0,15.0,서행,126.9829124807839946_37.5702811035568871|126.9824007403594095_37.5702861200097971|126.9822090811274506_37.5702839694386270
2026-09-04T23:16:36.811991+09:00,인사동,인사동,POI078,KEY_2,1000000501,종로,1000008701,종로1가사거리,126.9830485481293891_37.5702800768006568,1000009600,종로1가,126.9837104338048164_37.5702764015435093,58.0,29.0,원활,126.9837104338048164_37.5702764015435093|126.9830485481293891_37.5702800768006568
2026-09-04T23:16:36.811991+09:00,인사동,인사동,POI078,KEY_2,1000000502,종로,1000231500,종로2가 1-2,126.9840871569151233_37.5702743076942411,1000009104,종각지하쇼핑센터,126.9856860459643428_37.5702623526753499,141.0,17.0,서행,126.9856860459643428_37.5702623526753499|126.9846512311403757_37.5702711702886205|126.9844496207387294_37.5702722919640593|126.9840871569151233_37.5702743076942411
2026-09-04T23:16:36.811991+09:00,인사동,인사동,POI078,KEY_2,1000000503,종로,1000009101,종각지하쇼핑센터,126.9858227292488380_37.5702608423529298,1000008504,종로2가교차로,126.9876156819137520_37.5702574924147754,158.0,20.0,서행,126.9876156819137520_37.5702574924147754|126.9871453036203235_37.5702428823229511|126.9869246551587310_37.5702458796709990|126.9858227292488380_37.5702608423529298
2026-09-04T23:16:36.811991+09:00,인사동,인사동,POI078,KEY_2,1000000601,종로,1000007800,종로1가,126.9837094850009294_37.5701682846705296,1000008702,종로1가사거리,126.9830343185050481_37.5701720336345346,60.0,10.0,정체,126.9830343185050481_37.5701720336345346|126.9837094850009294_37.5701682846705296
2026-09-04T23:16:36.811991+09:00,인사동,인사동,POI078,KEY_2,1000000602,종로,1000231400,종로2가 1-2,126.9840862081807984_37.5701661909693030,1000007800,종로1가,126.9837094850009294_37.5701682846705296,33.0,16.0,서행,126.9837094850009294_37.5701682846705296|126.9840862081807984_37.5701661909693030
2026-09-04T23:16:36.811991+09:00,인사동,인사동,POI078,KEY_2,1000000603,종로,1000181900,종로2가 84-11,126.9869223374955283_37.5701377759501440,1000009102,종각지하쇼핑센터,126.9858204131049462_37.5701527379884581,97.0,11.0,정체,126.9858204131049462_37.5701527379884581|126.9869223374955283_37.5701377759501440
2026-09-04T23:16:36.811991+09:00,인사동,인사동,POI078,KEY_2,1000001201,종로,1000151200,종로2가 34-2,126.9885296395007401_37.5701839568255025,1000008502,종로2가교차로,126.9877530838436002_37.5701530192531123,69.0,26.0,원활,126.9877530838436002_37.5701530192531123|126.9881077158716209_37.5701611205547650|126.9885296395007401_37.5701839568255025
2026-09-04T23:16:36.811991+09:00,인사동,인사동,POI078,KEY_2,1000003900,삼일대로,1000151000,관철동 268,126.9876175548289154_37.5696044234772373,1000008503,종로2가교차로,126.9876172549084856_37.5701493398525912,60.0,18.5,서행,126.9876172549084856_37.5701493398525912|126.9876175548289154_37.5696044234772373
2026-09-04T23:16:36.811991+09:00,인사동,인사동,POI078,KEY_2,1000004702,우정국로,1000007200,종로1가,126.9827935302844111_37.5696197701673924,1000008703,종로1가사거리,126.9828971865418197_37.5701731264087542,62.0,31.0,원활,126.9828971865418197_37.5701731264087542|126.9827935302844111_37.5696197701673924
2026-09-04T23:16:36.811991+09:00,인사동,인사동,POI078,KEY_2,1000004802,우정국로,1000008702,종로1가사거리,126.9830343185050481_37.5701720336345346,1000007100,종로1가,126.9829278791696936_37.5696038258341787,64.0,21.0,서행,126.9829278791696936_37.5696038258341787|126.9830343185050481_37.5701720336345346
2026-09-04T23:16:36.811991+09:00,인사동,인사동,POI078,KEY_2,1000006501,우정국로,1000008704,종로1가사거리,126.9829124807839946_37.5702811035568871,1000010800,종로1가,126.9829520973026149_37.5707555248776544,53.0,17.0,서행,126.9829520973026149_37.5707555248776544|126.9829508691110647_37.5707257702316255|126.9829124807839946_37.5702811035568871
2026-09-04T23:16:36.811991+09:00,인사동,인사동,POI078,KEY_2,1000006502,우정국로,1000010800,종로1가,126.9829520973026149_37.5707555248776544,1000012403,조계사앞교차로,126.9829706356902221_37.5719776537276218,136.0,18.0,서행,126.9829706356902221_37.5719776537276218|126.9829821214281083_37.5714823927012560|126.9829655468528955_37.5710811329590442|126.9829520973026149_37.5707555248776544
2026-09-04T23:16:36.811991+09:00,인사동,인사동,POI078,KEY_2,1000006601,우정국로,1000010700,종로1가,126.9830878603485758_37.5707519719581455,1000008701,종로1가사거리,126.9830485481293891_37.5702800768006568,52.0,18.0,서행,126.9830485481293891_37.5702800768006568|126.9830865510382267_37.5707202864689833|126.9830878603485758_37.5707519719581455
2026-09-04T23:16:36.811991+09:00,인사동,인사동,POI078,KEY_2,1000006602,우정국로,1000090100,공평동 98,126.9831013100779558_37.5710775801252623,1000010700,종로1가,126.9830878603485758_37.5707519719581455,36.0,7.0,정체,126.9830878603485758_37.5707519719581455|126.9831013100779558_37.5710775801252623
2026-09-04T23:16:36.811991+09:00,인사동,인사동,POI078,KEY_2,1000006901,삼일대로,1000097800,종로2가 37-5,126.9875962641486211_37.5709195815897914,1000011503,탑골공원,126.9875919368493555_37.5710671282627970,16.0,8.0,정체,126.9875919368493555_37.5710671282627970|126.9875962641486211_37.5709195815897914
2026-09-04T23:16:36.811991+09:00,인사동,인사동,POI078,KEY_2,1000006902,삼일대로,1000011504,탑골공원,126.9875885367710850_37.5711969434470845,1000002703,낙원상가앞교차로,126.9877290762876498_37.5725675824815539,153.0,20.0,서행,126.9877290762876498_37.5725675824815539|126.9876077446882761_37.5718586900303819|126.9876046271510717_37.5718404753162005|126.9875832438491017_37.5716846738898411|126.9875802081556628_37.5715262335702747|126.9875885367710850_37.5711969434470845
2026-09-04T23:16:36.811991+09:00,인사동,인사동,POI078,KEY_2,1000007001,삼일대로,1000011502,탑골공원,126.9877277365820021_37.5710696514502871,1000008501,종로2가교차로,126.9877514470551745_37.5702611458311253,90.0,13.0,정체,126.9877514470551745_37.5702611458311253|126.9877320636178837_37.5709221047709576|126.9877277365820021_37.5710696514502871
2026-09-04T23:16:36.811991+09:00,인사동,인사동,POI078,KEY_2,1000007002,삼일대로,1000231900,낙원동 300,126.9877423391079816_37.5718440957152282,1000011501,탑골공원,126.9877243457566749_37.5711991196512258,72.0,14.0,정체,126.9877243457566749_37.5711991196512258|126.9877160657086677_37.5715264973604235|126.9877189692615218_37.5716779639602692|126.9877394652978211_37.5718273051350025|126.9877423391079816_37.5718440957152282
2026-09-04T23:16:36.811991+09:00,인사동,인사동,POI078,KEY_2,1000007502,삼봉로,1000012403,조계사앞교차로,126.9829706356902221_37.5719776537276218,1000013004,신라스테이(광화문),126.9801805317354280_37.5724047958457916,252.0,14.0,정체,126.9801805317354280_37.5724047958457916|126.9804914824202910_37.5723319178106152|126.9811053055208276_37.5721880522337770|126.9822536902158987_37.5720311041132078|126.9827182491962247_37.5719849537863269|126.9829706356902221_37.5719776537276218
2026-09-04T23:16:36.811991+09:00,인사동,인사동,POI078,KEY_2,1000007602,삼봉로,1000140500,수송동 80-4,126.9805298527977442_37.5724356343591879,1000012404,조계사앞교차로,126.9829679360295245_37.5720859226599799,219.0,20.0,서행,126.9829679360295245_37.5720859226599799|126.9827291479286515_37.5720928297221519|126.9822736058986408_37.5721380840541883|126.9811360893303345_37.5722935474607382|126.9805298527977442_37.5724356343591879
2026-09-04T23:16:36.811991+09:00,인사동,인사동,POI078,KEY_2,1000007701,수표로,1000106600,낙원동 289-3,126.9883777088764134_37.5725004488943028,1000002702,낙원상가앞교차로,126.9878647790248039_37.5725594585001090,46.0,9.0,정체,126.9878647790248039_37.5725594585001090|126.9880935169872345_37.5725337359327440|126.9883777088764134_37.5725004488943028
2026-09-04T23:16:36.811991+09:00,인사동,인사동,POI078,KEY_2,1000007801,수표로,1000002701,낙원상가앞교차로,126.9878820470942031_37.5726667101081873,1000013204,낙원상가,126.9885864658241559_37.5726052162671280,63.0,32.0,원활,126.9885864658241559_37.5726052162671280|126.9885704603793926_37.5726001837020931|126.9884924360897003_37.5725962946357583|126.9883974861043612_37.5726074163225974|126.9881129079827673_37.5726407490651368|126.9878820470942031_37.5726667101081873
2026-09-04T23:16:36.811991+09:00,인사동,인사동,POI078,KEY_2,1000009101,우정국로,1000045300,견지동 37-1,126.9828638620594177_37.5740260581453356,1000017300,안국동사거리,126.9828039229332575_37.5749851341707171,107.0,11.0,정체,126.9828039229332575_37.5749851341707171|126.9828638620594177_37.5740260581453356
2026-09-04T23:16:36.811991+09:00,인사동,인사동,POI078,KEY_2,1000009102,우정국로,1000017300,안국동사거리,126.9828039229332575_37.5749851341707171,1000017904,안국동로터리,126.9829082928001753_37.5755454257557844,63.0,11.0,정체,126.9829082928001753_37.5755454257557844|126.9828499577781997_37.5754008805051001|126.9828163493672974_37.5752357359225755|126.9827996996409070_37.5750526973415191|126.9828039229332575_37.5749851341707171
2026-09-04T23:16:36.811991+09:00,인사동,인사동,POI078,KEY_2,1000009201,우정국로,1000085100,견지동 110-2,126.9830654526105036_37.5729316051841806,1000012401,조계사앞교차로,126.9831034437596884_37.5720995445690349,92.0,9.0,정체,126.9831034437596884_37.5720995445690349|126.9830943674485724_37.5724421623328340|126.9830752766845592_37.5727653133374773|126.9830654526105036_37.5729316051841806
2026-09-04T23:16:36.811991+09:00,인사동,인사동,POI078,KEY_2,1000010301,삼일대로,1000002704,낙원상가앞교차로,126.9877465559183491_37.5726754784849746,1000014603,종로세무서,126.9876475861341873_37.5734674544711638,90.0,20.0,서행,126.9876475861341873_37.5734674544711638|126.9877122277218575_37.5733420920681738|126.9877432310391328_37.5732524039509244|126.9877661225475407_37.5731477197251849|126.9877805546539236_37.5730078030122741|126.9877748051182778_37.5728630584769832|126.9877465559183491_37.5726754784849746
2026-09-04T23:16:36.811991+09:00,인사동,인사동,POI078,KEY_2,1000010302,삼일대로,1000014604,종로세무서,126.9875929656630689_37.5735672823235660,1000017003,속성변화점,126.9867672620100478_37.5750673701046694,182.0,13.0,정체,126.9867672620100478_37.5750673701046694|126.9868378748170556_37.5748639419944581|126.9869048219416783_37.5747337421937573|126.9870805066234283_37.5744388641803369|126.9875929656630689_37.5735672823235660
2026-09-04T23:16:36.811991+09:00,인사동,인사동,POI078,KEY_2,1000010303,삼일대로,1000017003,속성변화점,126.9867672620100478_37.5750673701046694,1000021203,안국역사거리,126.9861392416785293_37.5767777393512361,198.0,21.0,서행,126.9861392416785293_37.5767777393512361|126.9867306429910911_37.5751700115634506|126.9867672620100478_37.5750673701046694
2026-09-04T23:16:36.811991+09:00,인사동,인사동,POI078,KEY_2,1000010401,삼일대로,1000014602,종로세무서,126.9877657603728665_37.5735230393018043,1000002701,낙원상가앞교차로,126.9878820470942031_37.5726667101081873,97.0,13.0,정체,126.9878820470942031_37.5726667101081873|126.9879103891225185_37.5728549004152583|126.9879165707175304_37.5730105263044507|126.9879010050845238_37.5731614404618881|126.9878759387023734_37.5732760696720760|126.9878410192205536_37.5733770856293887|126.9877657603728665_37.5735230393018043
2026-09-04T23:16:36.811991+09:00,인사동,인사동,POI078,KEY_2,1000010402,삼일대로,1000017002,덕성여자대학교(종로캠퍼스),126.9868982009082004_37.5750961619411754,1000014601,종로세무서,126.9877103801226923_37.5736226701394358,179.0,14.0,정체,126.9877103801226923_37.5736226701394358|126.9872033965909139_37.5744849400199143|126.9870291458476430_37.5747774127157186|126.9869666594706388_37.5748989374009099|126.9868982009082004_37.5750961619411754
2026-09-04T23:16:36.811991+09:00,인사동,인사동,POI078,KEY_2,1000010403,삼일대로,1000021202,안국역사거리,126.9862597945630966_37.5768348176280966,1000017001,덕성여자대학교(종로캠퍼스),126.9868610139755560_37.5752003900895701,189.0,11.0,정체,126.9868610139755560_37.5752003900895701|126.9862597945630966_37.5768348176280966
2026-09-04T23:16:36.811991+09:00,인사동,인사동,POI078,KEY_2,1000010702,돈화문로,1000106400,와룡동 75-4,126.9908241009990917_37.5747256213886658,1000018603,한겨레신문(종로지국),126.9905629465608996_37.5756044925587815,100.0,21.0,서행,126.9905629465608996_37.5756044925587815|126.9908241009990917_37.5747256213886658
2026-09-04T23:16:36.811991+09:00,인사동,인사동,POI078,KEY_2,1000010703,돈화문로,1000187700,와룡동 139-4,126.9901364571830698_37.5770373641859052,1000021403,창덕궁앞교차로,126.9900492095065232_37.5773787437811535,39.0,14.0,정체,126.9900492095065232_37.5773787437811535|126.9901364571830698_37.5770373641859052
2026-09-04T23:16:36.811991+09:00,인사동,인사동,POI078,KEY_2,1000010803,돈화문로,1000021402,창덕궁앞교차로,126.9901841383139782_37.5773932267385504,1000018601,한겨레신문(종로지국),126.9906634515929795_37.5757350308395957,189.0,15.0,서행,126.9906634515929795_37.5757350308395957|126.9903062505280644_37.5769154241969332|126.9902695786729083_37.5770589150526817|126.9901841383139782_37.5773932267385504
2026-09-04T23:16:36.811991+09:00,인사동,인사동,POI078,KEY_2,1000011504,율곡로,1000017904,안국동로터리,126.9829082928001753_37.5755454257557844,1000018100,안국동사거리,126.9820370732549009_37.5756052331219763,78.0,14.0,정체,126.9820370732549009_37.5756052331219763|126.9821849025842226_37.5755822792614822|126.9823949596761850_37.5755556593554090|126.9825949987016998_37.5755409919947070|126.9827732334880466_37.5755410181384661|126.9829082928001753_37.5755454257557844
2026-09-04T23:16:36.811991+09:00,인사동,인사동,POI078,KEY_2,1000011603,율곡로,1000020300,경복궁,126.9801205068413168_37.5759892604625989,1000017905,안국동로터리,126.9829348569925571_37.5756562270635044,252.0,17.0,서행,126.9829348569925571_37.5756562270635044|126.9829125468357773_37.5756537744281829|126.9827704373494015_37.5756491370767236|126.9826012303179823_37.5756491122595975|126.9824118889619911_37.5756629946566250|126.9822085957164859_37.5756887578650449|126.9820630846885052_37.5757113517092307|126.9813592631155075_37.5758206328940290|126.9812063475179400_37.5758442987123971|126.9803458434132892_37.5759773239770425|126.9801500700749699_37.5759896573698668|126.9801205068413168_37.5759892604625989
2026-09-04T23:16:36.811991+09:00,인사동,인사동,POI078,KEY_2,1000012702,율곡로,1000204600,안국역,126.9857294779033765_37.5767141333904462,1000021204,안국역사거리,126.9860941353497878_37.5768818686938246,37.0,18.3,서행,126.9860941353497878_37.5768818686938246|126.9857294779033765_37.5767141333904462
2026-09-04T23:16:36.811991+09:00,인사동,인사동,POI078,KEY_2,1000012800,율곡로,1000099700,관훈동 113,126.9843012547585914_37.5759322813818102,1000017902,안국동로터리,126.9831650747284471_37.5755740090362238,108.0,18.0,서행,126.9831650747284471_37.5755740090362238|126.9832157778299404_37.5755801309922148|126.9834207454955077_37.5756172367829961|126.9836820397707413_37.5756980185194678|126.9842468281761967_37.5759072448986657|126.9843012547585914_37.5759322813818102
2026-09-04T23:16:36.811991+09:00,인사동,인사동,POI078,KEY_2,1000013501,율곡로,1000054300,계동 149-3,126.9868657861829462_37.5772407179262302,1000021504,우즈베키스탄대사관,126.9891939676239474_37.5774507625066221,209.0,28.0,원활,126.9891939676239474_37.5774507625066221|126.9886716347625111_37.5774406495643092|126.9876528972208263_37.5774209190205184|126.9874748196535421_37.5774084674404421|126.9872839495136390_37.5773710909105532|126.9870718117635420_37.5773123392589739|126.9868657861829462_37.5772407179262302
2026-09-04T23:16:36.811991+09:00,인사동,인사동,POI078,KEY_2,1000013502,율곡로,1000021501,우즈베키스탄대사관,126.9893297531960883_37.5774544023044541,1000021404,창덕궁앞교차로,126.9900388640569702_37.5774865487865739,63.0,35.3,원활,126.9900388640569702_37.5774865487865739|126.9897463242174780_37.5774687657961053|126.9893297531960883_37.5774544023044541
2026-09-04T23:16:36.811991+09:00,인사동,인사동,POI078,KEY_2,1000013601,율곡로,1000115800,운니동 99,126.9886749388672058_37.5773325621108185,1000021202,안국역사거리,126.9862597945630966_37.5768348176280966,226.0,22.0,서행,126.9862597945630966_37.5768348176280966|126.9866987114048271_37.5770526790006230|126.9869129296675823_37.5771391236163410|126.9869201616997287_37.5771416376904028|126.9871213965557644_37.5772115927930628|126.9873225852521443_37.5772673122363585|126.9874971233893604_37.5773014911490293|126.9876605021504048_37.5773129149276315|126.9886749388672058_37.5773325621108185
2026-09-04T23:16:36.811991+09:00,인사동,인사동,POI078,KEY_2,1000013802,율곡로3길,1000187200,안국동 177-3,126.9825779024490799_37.5773003698629964,1000017901,안국동로터리,126.9830699625115358_37.5756718813989750,188.0,15.5,서행,126.9830699625115358_37.5756718813989750|126.9830564549576764_37.5759140717657090|126.9830330914684993_37.5760255151221827|126.9826494722971120_37.5768341676311906|126.9826150056688476_37.5769949197743074|126.9825779024490799_37.5773003698629964
2026-09-04T23:16:36.811991+09:00,인사동,인사동,POI078,KEY_2,1000014000,북촌로,1000021902,재동초등학교앞교차로,126.9851742297151702_37.5791048269106014,1000021201,안국역사거리,126.9862116059343862_37.5769383209828334,258.0,19.0,서행,126.9862116059343862_37.5769383209828334|126.9861227104490524_37.5771049965042820|126.9858974625520034_37.5775403033717339|126.9855988771401059_37.5781173314432593|126.9855520543728602_37.5782320480744829|126.9853545228100558_37.5787159998899227|126.9853171216767009_37.5788076318220590|126.9852385949747031_37.5790000196943907|126.9851742297151702_37.5791048269106014
2026-09-04T23:16:36.811991+09:00,인사동,인사동,POI078,KEY_2,1000014100,창덕궁길,1000022002,북촌1경,126.9893063929122548_37.5792409569275208,1000021501,우즈베키스탄대사관,126.9893297531960883_37.5774544023044541,199.0,9.0,정체,126.9893297531960883_37.5774544023044541|126.9892548365952365_37.5786955788249983|126.9892562414735409_37.5787264244637242|126.9892665857058205_37.5789535426034647|126.9893063929122548_37.5792409569275208
2026-09-04T23:16:36.811991+09:00,인사동,인사동,POI078,KEY_2,1000023700,종로,1000007800,종로1가,126.9837094850009294_37.5701682846705296,1000007100,종로1가,126.9829278791696936_37.5696038258341787,103.0,10.0,정체,126.9829278791696936_37.5696038258341787|126.9830032097695494_37.5698402452960423|126.9830990215400703_37.5699604067910897|126.9831924475550267_37.5700347972999680|126.9833242130892046_37.5700939366007987|126.9834847309357855_37.5701511723724835|126.9837094850009294_37.5701682846705296
2026-09-04T23:16:36.811991+09:00,인사동,인사동,POI078,KEY_2,1000024400,종로,1000010700,종로1가,126.9830878603485758_37.5707519719581455,1000009600,종로1가,126.9837104338048164_37.5702764015435093,84.0,23.0,서행,126.9837104338048164_37.5702764015435093|126.9834199944166073_37.5703552243340226|126.9832834070776642_37.5704238609181118|126.9831923434160359_37.5704982251536919|126.9830964773624657_37.5706145452795255|126.9830878603485758_37.5707519719581455
2026-09-04T23:16:36.811991+09:00,인사동,인사동,POI078,KEY_2,1000024500,종로,1000009500,종로1가,126.9822090811274506_37.5702839694386270,1000010800,종로1가,126.9829520973026149_37.5707555248776544,92.0,12.0,정체,126.9829520973026149_37.5707555248776544|126.9829359392394394_37.5706431287853420|126.9828401259818236_37.5705267810848440|126.9827754493047394_37.5704619306360499|126.9826892071422293_37.5704047039165019|126.9825119206921613_37.5703322080284821|126.9822090811274506_37.5702839694386270
2026-09-04T23:16:36.811991+09:00,인사동,인사동,POI078,KEY_2,1000026900,인사동길,1000011503,탑골공원,126.9875919368493555_37.5710671282627970,1000013403,인사동사거리,126.9865006613109273_37.5725411334574346,194.0,15.5,서행,126.9865006613109273_37.5725411334574346|126.9868138272171620_37.5719423831850889|126.9870930380756420_37.5714807558390476|126.9872417374784419_37.5712905430838973|126.9874380393046636_37.5711449542964360|126.9875919368493555_37.5710671282627970
2026-09-04T23:16:36.811991+09:00,인사동,인사동,POI078,KEY_2,1000027500,인사동5길,1000231600,공평동 5-12,126.9837015373939977_37.5721207661722474,1000012402,조계사앞교차로,126.9831062491158349_37.5719883384085875,55.0,9.0,정체,126.9831062491158349_37.5719883384085875|126.9832673605664155_37.5720220520782107|126.9837015373939977_37.5721207661722474
2026-09-04T23:16:36.811991+09:00,인사동,인사동,POI078,KEY_2,1000027600,인사동5길,1000036800,인사동 187-4,126.9855567085236174_37.5727903642359919,1000013904,인사동사거리,126.9861168618192977_37.5730266274726361,56.0,7.0,정체,126.9861168618192977_37.5730266274726361|126.9855567085236174_37.5727903642359919
2026-09-04T23:16:36.811991+09:00,인사동,인사동,POI078,KEY_2,1000028800,인사동길,1000002703,낙원상가앞교차로,126.9877290762876498_37.5725675824815539,1000013402,인사동사거리,126.9866260678605698_37.5725826871621464,97.0,7.0,정체,126.9866260678605698_37.5725826871621464|126.9877290762876498_37.5725675824815539
2026-09-04T23:16:36.811991+09:00,인사동,인사동,POI078,KEY_2,1000029400,인사동길,1000013404,인사동사거리,126.9864507347062670_37.5726237878874230,1000013903,인사동사거리,126.9862122245298792_37.5729444875610596,41.0,15.0,서행,126.9862122245298792_37.5729444875610596|126.9863985900872052_37.5726751063462814|126.9864507347062670_37.5726237878874230
2026-09-04T23:16:36.811991+09:00,인사동,인사동,POI078,KEY_2,1000030100,인사동4길,1000014603,종로세무서,126.9876475861341873_37.5734674544711638,1000013902,인사동사거리,126.9863347930561730_37.5729914707874855,128.0,4.0,정체,126.9863347930561730_37.5729914707874855|126.9865778431354215_37.5730765437080692|126.9871483595308064_37.5732762343743687|126.9875049026030922_37.5734010287094193|126.9876475861341873_37.5734674544711638
2026-09-04T23:16:36.811991+09:00,인사동,인사동,POI078,KEY_2,1000030200,인사동4길,1000190200,낙원동 280,126.9870936767206047_37.5733752066737097,1000014604,종로세무서,126.9875929656630689_37.5735672823235660,49.0,24.0,서행,126.9875929656630689_37.5735672823235660|126.9874430653368904_37.5734974970765307|126.9870936767206047_37.5733752066737097
2026-09-04T23:16:36.811991+09:00,인사동,인사동,POI078,KEY_2,1000031700,인사동길,1000200000,관훈동 177-1,126.9846248795644641_37.5741354335962896,1000017903,안국동로터리,126.9830393503038977_37.5755166265144283,209.0,9.0,정체,126.9830393503038977_37.5755166265144283|126.9832578502403493_37.5753718765763765|126.9833833057397072_37.5752802649537472|126.9833874257963799_37.5752759258947009|126.9838138538233210_37.5748268274858290|126.9839983126868219_37.5746325599944413|126.9840028137515446_37.5746278195686330|126.9841931260739045_37.5744516475788828|126.9843256891268339_37.5743491032214507|126.9843944674535408_37.5742999847176264|126.9846248795644641_37.5741354335962896
2026-09-04T23:16:36.811991+09:00,인사동,인사동,POI078,KEY_2,1000031900,삼일대로30길,1000016403,종로1가2가3가4가동주민센터,126.9909224401901895_37.5743944453165497,1000014602,종로세무서,126.9877657603728665_37.5735230393018043,300.0,8.0,정체,126.9877657603728665_37.5735230393018043|126.9882746610469724_37.5737657051567169|126.9890843013498056_37.5741211801994552|126.9892691286933371_37.5741786634928658|126.9894708395082290_37.5742261685853478|126.9900987751391028_37.5742451717422767|126.9904206259991639_37.5742891136834203|126.9906874025872128_37.5743451108355870|126.9909224401901895_37.5743944453165497
2026-09-04T23:16:36.811991+09:00,인사동,인사동,POI078,KEY_2,1000033700,삼일대로32길,1000225400,익선동 1-2,126.9885198465621414_37.5753772077083354,1000017002,덕성여자대학교(종로캠퍼스),126.9868982009082004_37.5750961619411754,147.0,7.0,정체,126.9868982009082004_37.5750961619411754|126.9876435573690543_37.5752236178379775|126.9880192377179640_37.5752979345582787|126.9885198465621414_37.5753772077083354
2026-09-04T23:16:36.811991+09:00,인사동,인사동,POI078,KEY_2,1000033800,삼일대로32길,1000217900,운니동 44-1,126.9886315479750323_37.5755051337652901,1000018604,한겨레신문(종로지국),126.9905313831492180_37.5757097145699248,170.0,10.0,정체,126.9905313831492180_37.5757097145699248|126.9902144284971968_37.5756583032089253|126.9898011914220319_37.5756393653655252|126.9896790156536639_37.5756303509259837|126.9892762976139409_37.5756006364519877|126.9891382250948197_37.5755697755770228|126.9888125680360531_37.5755337981841890|126.9886315479750323_37.5755051337652901
2026-09-04T23:16:36.811991+09:00,인사동,인사동,POI078,KEY_2,1000033900,우정국로,1000017300,안국동사거리,126.9828039229332575_37.5749851341707171,1000018100,안국동사거리,126.9820370732549009_37.5756052331219763,102.0,25.0,원활,126.9820370732549009_37.5756052331219763|126.9822935365986751_37.5755095925525495|126.9827428871539610_37.5751967734075052|126.9827905797247212_37.5750539177611387|126.9828039229332575_37.5749851341707171
2026-09-04T23:16:36.811991+09:00,잠실롯데타워·석촌호수,잠실롯데타워·석촌호수,POI120,KEY_3,1230003102,송파대로,1230412500,석촌동 209,127.1044792274671522_37.5081049831544888,1230036703,석촌호수앞교차로,127.1039824947923051_37.5086487529905597,75.0,26.0,원활,127.1039824947923051_37.5086487529905597|127.1044792274671522_37.5081049831544888
2026-09-04T23:16:36.811991+09:00,잠실롯데타워·석촌호수,잠실롯데타워·석촌호수,POI120,KEY_3,1230003300,송파대로,1230036704,석촌호수앞교차로,127.1039028911642674_37.5087367936795530,1230001703,석촌호수앞교차로,127.1017878219228550_37.5111046223331428,323.0,25.0,원활,127.1017878219228550_37.5111046223331428|127.1039028911642674_37.5087367936795530
2026-09-04T23:16:36.811991+09:00,잠실롯데타워·석촌호수,잠실롯데타워·석촌호수,POI120,KEY_3,1230003400,송파대로,1230001702,석촌호수앞교차로,127.1019076941057762_37.5111569141952117,1230036701,석촌호수앞교차로,127.1040028890472797_37.5088113302377195,320.0,32.3,원활,127.1040028890472797_37.5088113302377195|127.1019076941057762_37.5111569141952117
2026-09-04T23:16:36.811991+09:00,잠실롯데타워·석촌호수,잠실롯데타워·석촌호수,POI120,KEY_3,1230003501,송파대로,1230399700,잠실동 41,127.1007560729534731_37.5124412982623454,1230001803,잠실역사거리,127.1001586829554100_37.5132191939759281,101.0,18.0,서행,127.1001586829554100_37.5132191939759281|127.1007560729534731_37.5124412982623454
2026-09-04T23:16:36.811991+09:00,잠실롯데타워·석촌호수,잠실롯데타워·석촌호수,POI120,KEY_3,1230003601,송파대로,1230001802,잠실역사거리,127.1002879409381165_37.5132580710148957,1230001701,석촌호수앞교차로,127.1018323332335598_37.5112469862295228,262.0,9.0,정체,127.1018323332335598_37.5112469862295228|127.1008718568159566_37.5124977195192244|127.1002879409381165_37.5132580710148957
2026-09-04T23:16:36.811991+09:00,잠실롯데타워·석촌호수,잠실롯데타워·석촌호수,POI120,KEY_3,1230003802,송파대로,1230044702,잠실대교남측,127.0981251707990225_37.5159789121879115,1230001801,잠실역사거리,127.1002155326109744_37.5133509522926616,345.0,23.0,서행,127.1002155326109744_37.5133509522926616|127.0985290071868548_37.5154712346922068|127.0981251707990225_37.5159789121879115
2026-09-04T23:16:36.811991+09:00,잠실롯데타워·석촌호수,잠실롯데타워·석촌호수,POI120,KEY_3,1230018100,삼학사로,1230399400,삼전동 152,127.0971851736833997_37.5058146183606098,1230034303,석촌호교차로,127.0972427646003808_37.5065427063586085,81.0,28.0,원활,127.0972427646003808_37.5065427063586085|127.0971851736833997_37.5058146183606098
2026-09-04T23:16:36.811991+09:00,잠실롯데타워·석촌호수,잠실롯데타워·석촌호수,POI120,KEY_3,1230020203,석촌호수로,1230362100,잠실동 45-1,127.0959603598268473_37.5068429608790908,1230034304,석촌호교차로,127.0972501695385262_37.5066515875651163,116.0,25.0,원활,127.0972501695385262_37.5066515875651163|127.0959603598268473_37.5068429608790908
2026-09-04T23:16:36.811991+09:00,잠실롯데타워·석촌호수,잠실롯데타워·석촌호수,POI120,KEY_3,1230020300,석촌호수로,1230425400,최소노드배치점,127.1008735740489470_37.5071235777689509,1230036704,석촌호수앞교차로,127.1039028911642674_37.5087367936795530,323.0,22.7,서행,127.1039028911642674_37.5087367936795530|127.1030871966188158_37.5081804312170775|127.1027814029224459_37.5079972621807372|127.1027257780679207_37.5079698553039691|127.1018874551534168_37.5075568002840285|127.1015021632143061_37.5073921700333557|127.1008735740489470_37.5071235777689509
2026-09-04T23:16:36.811991+09:00,잠실롯데타워·석촌호수,잠실롯데타워·석촌호수,POI120,KEY_3,1230020400,석촌호수로,1230369400,석촌동 191,127.0987703823118125_37.5064112799268017,1230034302,석촌호교차로,127.0973765618586384_37.5065150079019958,125.0,23.0,서행,127.0973765618586384_37.5065150079019958|127.0976452744375536_37.5064483289197952|127.0979269591683192_37.5064090615062042|127.0982641563232818_37.5063794736021237|127.0986308344447906_37.5063986405236136|127.0987703823118125_37.5064112799268017
2026-09-04T23:16:36.811991+09:00,잠실롯데타워·석촌호수,잠실롯데타워·석촌호수,POI120,KEY_3,1230021500,삼학사로,1230418200,잠실동 46,127.0973734398476296_37.5087240119147722,1230007103,서울놀이마당앞교차로,127.0974453047706589_37.5099321530276910,134.0,30.0,원활,127.0974453047706589_37.5099321530276910|127.0973734398476296_37.5087240119147722
2026-09-04T23:16:36.811991+09:00,잠실롯데타워·석촌호수,잠실롯데타워·석촌호수,POI120,KEY_3,1230021600,삼학사로,1230007102,서울놀이마당앞교차로,127.0975809295277941_37.5099279073468779,1230034301,석촌호교차로,127.0973845362845935_37.5066262726573783,367.0,27.0,원활,127.0973845362845935_37.5066262726573783|127.0975090109694889_37.5087188942394008|127.0975809295277941_37.5099279073468779
2026-09-04T23:16:36.811991+09:00,잠실롯데타워·석촌호수,잠실롯데타워·석촌호수,POI120,KEY_3,1230021900,삼전로,1230356200,잠실동 37,127.0922842977067404_37.5094309777277743,1230038603,잠실3삼거리,127.0929733206664025_37.5103028554533822,115.0,16.5,서행,127.0929733206664025_37.5103028554533822|127.0928602894616830_37.5101024415336113|127.0922842977067404_37.5094309777277743
2026-09-04T23:16:36.811991+09:00,잠실롯데타워·석촌호수,잠실롯데타워·석촌호수,POI120,KEY_3,1230023101,잠실로,1230038303,잠실동 43,127.0947217679651260_37.5101178628557932,1230038602,잠실3삼거리,127.0930971257991189_37.5102585455899913,144.0,31.0,원활,127.0930971257991189_37.5102585455899913|127.0947217679651260_37.5101178628557932
2026-09-04T23:16:36.811991+09:00,잠실롯데타워·석촌호수,잠실롯데타워·석촌호수,POI120,KEY_3,1230023102,잠실로,1230007103,서울놀이마당앞교차로,127.0974453047706589_37.5099321530276910,1230038302,잠실동 43,127.0948609890413223_37.5101069748518370,229.0,32.5,원활,127.0948609890413223_37.5101069748518370|127.0962459094918131_37.5100132959391175|127.0974453047706589_37.5099321530276910
2026-09-04T23:16:36.811991+09:00,잠실롯데타워·석촌호수,잠실롯데타워·석촌호수,POI120,KEY_3,1230023201,잠실로,1230038601,잠실3삼거리,127.0931194165767408_37.5103653726765316,1230038304,잠실동 43,127.0947364363945553_37.5102253498387128,144.0,8.0,정체,127.0947364363945553_37.5102253498387128|127.0931194165767408_37.5103653726765316
2026-09-04T23:16:36.811991+09:00,잠실롯데타워·석촌호수,잠실롯데타워·석촌호수,POI120,KEY_3,1230023202,잠실로,1230393400,잠실동 43,127.0962573939644642_37.5101210286650257,1230007104,서울놀이마당앞교차로,127.0974567909531032_37.5100398856026942,106.0,12.0,정체,127.0974567909531032_37.5100398856026942|127.0962573939644642_37.5101210286650257
2026-09-04T23:16:36.811991+09:00,잠실롯데타워·석촌호수,잠실롯데타워·석촌호수,POI120,KEY_3,1230023500,잠실로,1230412400,잠실동 42,127.1004419094974480_37.5105947295189637,1230001704,석촌호수앞교차로,127.1017131193153915_37.5111950333109547,131.0,18.5,서행,127.1017131193153915_37.5111950333109547|127.1004641614348145_37.5106046485269218|127.1004419094974480_37.5105947295189637
2026-09-04T23:16:36.811991+09:00,잠실롯데타워·석촌호수,잠실롯데타워·석촌호수,POI120,KEY_3,1230023600,잠실로,1230001703,석촌호수앞교차로,127.1017878219228550_37.5111046223331428,1230007102,서울놀이마당앞교차로,127.0975809295277941_37.5099279073468779,403.0,19.0,서행,127.0975809295277941_37.5099279073468779|127.0985541482379375_37.5099332768199432|127.0990046849047843_37.5099841635964921|127.0994430355566607_37.5101001528652276|127.0999744578332411_37.5102624598802024|127.1005081875894263_37.5105003764333560|127.1005319432435670_37.5105109657146656|127.1017878219228550_37.5111046223331428
2026-09-04T23:16:36.811991+09:00,잠실롯데타워·석촌호수,잠실롯데타워·석촌호수,POI120,KEY_3,1230023701,석촌호수로,1230036701,석촌호수앞교차로,127.1040028890472797_37.5088113302377195,1230038204,수림빌딩,127.1051505452613100_37.5097264956549949,144.0,11.0,정체,127.1051505452613100_37.5097264956549949|127.1048424116308126_37.5094807866672255|127.1040028890472797_37.5088113302377195
2026-09-04T23:16:36.811991+09:00,잠실롯데타워·석촌호수,잠실롯데타워·석촌호수,POI120,KEY_3,1230023702,석촌호수로,1230038201,수림빌딩,127.1052475076223942_37.5098032820847891,1230039704,신천동 33,127.1069053310213803_37.5111077200237375,206.0,24.0,서행,127.1069053310213803_37.5111077200237375|127.1060795391087055_37.5104579644505165|127.1052475076223942_37.5098032820847891
2026-09-04T23:16:36.811991+09:00,잠실롯데타워·석촌호수,잠실롯데타워·석촌호수,POI120,KEY_3,1230023703,석촌호수로,1230039701,신천동 33,127.1070065907386635_37.5111861357687459,1230041504,방이삼거리,127.1080898185277164_37.5120029659807344,132.0,11.0,정체,127.1080898185277164_37.5120029659807344|127.1079331088216122_37.5118964724360211|127.1070065907386635_37.5111861357687459
2026-09-04T23:16:36.811991+09:00,잠실롯데타워·석촌호수,잠실롯데타워·석촌호수,POI120,KEY_3,1230023801,석촌호수로,1230383600,송파동 60,127.1049384312716057_37.5094043721425194,1230036702,석촌호수앞교차로,127.1040831324389728_37.5087223370806129,107.0,22.0,서행,127.1040831324389728_37.5087223370806129|127.1049384312716057_37.5094043721425194
2026-09-04T23:16:36.811991+09:00,잠실롯데타워·석촌호수,잠실롯데타워·석촌호수,POI120,KEY_3,1230023802,석촌호수로,1230380500,송파동 61,127.1061749184303977_37.5103810412995244,1230038202,수림빌딩,127.1053428869681454_37.5097263595970531,103.0,26.0,원활,127.1053428869681454_37.5097263595970531|127.1061749184303977_37.5103810412995244
2026-09-04T23:16:36.811991+09:00,잠실롯데타워·석촌호수,잠실롯데타워·석촌호수,POI120,KEY_3,1230023803,석촌호수로,1230041503,방이삼거리,127.1081921675338720_37.5119304002947942,1230039702,송파동 62,127.1071007108080408_37.5111082344274962,133.0,22.0,서행,127.1071007108080408_37.5111082344274962|127.1080242959557012_37.5118163213665241|127.1081921675338720_37.5119304002947942
2026-09-04T23:16:36.811991+09:00,잠실롯데타워·석촌호수,잠실롯데타워·석촌호수,POI120,KEY_3,1230024100,잠실로,1230038604,잠실3삼거리,127.0929839814057658_37.5103582875929717,1230041303,잠실3사거리,127.0924958334099557_37.5118489046082644,171.0,14.0,정체,127.0924958334099557_37.5118489046082644|127.0929749045914718_37.5104683915562376|127.0929839814057658_37.5103582875929717
2026-09-04T23:16:36.811991+09:00,잠실롯데타워·석촌호수,잠실롯데타워·석촌호수,POI120,KEY_3,1230024200,잠실로,1230041302,잠실3사거리,127.0926320843072830_37.5118620680798003,1230038601,잠실3삼거리,127.0931194165767408_37.5103653726765316,172.0,15.0,서행,127.0931194165767408_37.5103653726765316|127.0931094286359553_37.5104865264241667|127.0926320843072830_37.5118620680798003
2026-09-04T23:16:36.811991+09:00,잠실롯데타워·석촌호수,잠실롯데타워·석촌호수,POI120,KEY_3,1230024302,오금로,1230384900,송파동 62,127.1086886760872829_37.5117147904571766,1230041503,방이삼거리,127.1081921675338720_37.5119304002947942,50.0,20.0,서행,127.1081921675338720_37.5119304002947942|127.1083902263657990_37.5118348937114661|127.1086886760872829_37.5117147904571766
2026-09-04T23:16:36.811991+09:00,잠실롯데타워·석촌호수,잠실롯데타워·석촌호수,POI120,KEY_3,1230024900,올림픽로,1230358200,최소노드배치점,127.0890986901108874_37.5116423850120313,1230041304,잠실3사거리,127.0924582513479919_37.5119541794962004,299.0,29.0,원활,127.0924582513479919_37.5119541794962004|127.0894865754439849_37.5116660118753273|127.0890986901108874_37.5116423850120313
2026-09-04T23:16:36.811991+09:00,잠실롯데타워·석촌호수,잠실롯데타워·석촌호수,POI120,KEY_3,1230025702,올림픽로,1230422700,최소노드배치점,127.0963985029439982_37.5124235494134552,1230001804,잠실역사거리,127.1000841139758677_37.5133141607708396,341.0,43.0,원활,127.1000841139758677_37.5133141607708396|127.0963985029439982_37.5124235494134552
2026-09-04T23:16:36.811991+09:00,잠실롯데타워·석촌호수,잠실롯데타워·석촌호수,POI120,KEY_3,1230025801,올림픽로,1230041703,잠실동 39,127.0946882254534103_37.5120601573260686,1230041302,잠실3사거리,127.0926320843072830_37.5118620680798003,183.0,44.0,원활,127.0926320843072830_37.5118620680798003|127.0946882254534103_37.5120601573260686
2026-09-04T23:16:36.811991+09:00,잠실롯데타워·석촌호수,잠실롯데타워·석촌호수,POI120,KEY_3,1230025802,올림픽로,1230001803,잠실역사거리,127.1001586829554100_37.5132191939759281,1230041702,잠실동 39,127.0948236216370191_37.5120740018570373,489.0,32.0,원활,127.0948236216370191_37.5120740018570373|127.0956739088233007_37.5121671905185963|127.0962807923011582_37.5122821169021705|127.0964379064208174_37.5123200858476054|127.1001586829554100_37.5132191939759281
2026-09-04T23:16:36.811991+09:00,잠실롯데타워·석촌호수,잠실롯데타워·석촌호수,POI120,KEY_3,1230026301,오금로,1230041504,방이삼거리,127.1080898185277164_37.5120029659807344,1230043203,잠실전화국,127.1073625915452112_37.5136826385122433,198.0,22.0,서행,127.1073625915452112_37.5136826385122433|127.1076552451824142_37.5129653281818420|127.1080218934859403_37.5120666323530259|127.1080898185277164_37.5120029659807344
2026-09-04T23:16:36.811991+09:00,잠실롯데타워·석촌호수,잠실롯데타워·석촌호수,POI120,KEY_3,1230026400,오금로,1230362200,방이동 95-3,127.1077843306107411_37.5129987458803527,1230041501,방이삼거리,127.1081930791064138_37.5120731373911980,109.0,15.0,서행,127.1081930791064138_37.5120731373911980|127.1081426875516627_37.5121203703189892|127.1077843306107411_37.5129987458803527
2026-09-04T23:16:36.811991+09:00,잠실롯데타워·석촌호수,잠실롯데타워·석촌호수,POI120,KEY_3,1230026702,백제고분로,1230397100,방이동 94-4,127.1155243442379685_37.5158080782483836,1230045403,올림픽공원남4문앞교차로,127.1158353619488821_37.5163285598069436,64.0,22.0,서행,127.1158353619488821_37.5163285598069436|127.1155243442379685_37.5158080782483836
2026-09-04T23:16:36.811991+09:00,잠실롯데타워·석촌호수,잠실롯데타워·석촌호수,POI120,KEY_3,1230026802,백제고분로,1230045402,올림픽공원남4문앞교차로,127.1159592191718559_37.5162842594980717,1230043901,방이중,127.1149670532686144_37.5146238680820474,204.0,33.0,원활,127.1149670532686144_37.5146238680820474|127.1156469051217641_37.5157616102810749|127.1159592191718559_37.5162842594980717
2026-09-04T23:16:36.811991+09:00,잠실롯데타워·석촌호수,잠실롯데타워·석촌호수,POI120,KEY_3,1230027302,올림픽로,1230001801,잠실역사거리,127.1002155326109744_37.5133509522926616,1230043404,신천동 8,127.1021667132219335_37.5140202279747825,188.0,20.0,서행,127.1021667132219335_37.5140202279747825|127.1002155326109744_37.5133509522926616
2026-09-04T23:16:36.811991+09:00,잠실롯데타워·석촌호수,잠실롯데타워·석촌호수,POI120,KEY_3,1230027303,올림픽로,1230043401,신천동 8,127.1022912026975433_37.5140633484028712,1230043804,잠실역(서울8호선),127.1031193148053262_37.5143528991889355,80.0,41.0,원활,127.1031193148053262_37.5143528991889355|127.1022912026975433_37.5140633484028712
2026-09-04T23:16:36.811991+09:00,잠실롯데타워·석촌호수,잠실롯데타워·석촌호수,POI120,KEY_3,1230027304,올림픽로,1230043801,잠실역(서울8호선),127.1032441614670745_37.5143953515620083,1230044104,송파구청앞교차로,127.1065954149593580_37.5155037548529151,321.0,42.0,원활,127.1065954149593580_37.5155037548529151|127.1032441614670745_37.5143953515620083
2026-09-04T23:16:36.811991+09:00,잠실롯데타워·석촌호수,잠실롯데타워·석촌호수,POI120,KEY_3,1230027402,올림픽로,1230425600,최소노드배치점,127.1034569107816310_37.5143486498193468,1230001802,잠실역사거리,127.1002879409381165_37.5132580710148957,305.0,31.0,원활,127.1002879409381165_37.5132580710148957|127.1022203942543456_37.5139209223143766|127.1023457587723016_37.5139643456983833|127.1031738699951745_37.5142538961081584|127.1032962137368543_37.5142954974985372|127.1034569107816310_37.5143486498193468
2026-09-04T23:16:36.811991+09:00,잠실롯데타워·석촌호수,잠실롯데타워·석촌호수,POI120,KEY_3,1230027600,잠실로,1230354600,잠실동 26-1,127.0923490777133509_37.5126418063312386,1230041301,잠실3사거리,127.0925947702226182_37.5119673808282528,78.0,14.0,정체,127.0925947702226182_37.5119673808282528|127.0923490777133509_37.5126418063312386
2026-09-04T23:16:36.811991+09:00,잠실롯데타워·석촌호수,잠실롯데타워·석촌호수,POI120,KEY_3,1230027901,오금로,1230043204,잠실전화국,127.1073301047804875_37.5137619968566653,1230043703,KT송파빌딩,127.1072008780327849_37.5140753242066154,37.0,6.0,정체,127.1072008780327849_37.5140753242066154|127.1073301047804875_37.5137619968566653
2026-09-04T23:16:36.811991+09:00,잠실롯데타워·석촌호수,잠실롯데타워·석촌호수,POI120,KEY_3,1230027902,오금로,1230043704,KT송파빌딩,127.1071582673112630_37.5141777969497454,1230044103,송파구청앞교차로,127.1066451578842873_37.5154031368063627,143.0,19.0,서행,127.1066451578842873_37.5154031368063627|127.1071582673112630_37.5141777969497454
2026-09-04T23:16:36.811991+09:00,잠실롯데타워·석촌호수,잠실롯데타워·석촌호수,POI120,KEY_3,1230028001,오금로,1230043702,KT송파빌딩,127.1073298305418575_37.5141090707700258,1230043201,잠실전화국,127.1074590560679241_37.5137957428479041,37.0,23.0,서행,127.1074590560679241_37.5137957428479041|127.1073298305418575_37.5141090707700258
2026-09-04T23:16:36.811991+09:00,잠실롯데타워·석촌호수,잠실롯데타워·석촌호수,POI120,KEY_3,1230028002,오금로,1230044102,송파구청앞교차로,127.1067706331513705_37.5154451950086951,1230043701,KT송파빌딩,127.1072870264943191_37.5142120080203938,144.0,10.0,정체,127.1072870264943191_37.5142120080203938|127.1067706331513705_37.5154451950086951
2026-09-04T23:16:36.811991+09:00,잠실롯데타워·석촌호수,잠실롯데타워·석촌호수,POI120,KEY_3,1230028100,위례성대로,1230008303,방이초교앞교차로,127.1208213191434737_37.5145580278620869,1230045402,올림픽공원남4문앞교차로,127.1159592191718559_37.5162842594980717,471.0,47.3,원활,127.1159592191718559_37.5162842594980717|127.1194913787483216_37.5150302354333220|127.1208213191434737_37.5145580278620869
2026-09-04T23:16:36.811991+09:00,잠실롯데타워·석촌호수,잠실롯데타워·석촌호수,POI120,KEY_3,1230028301,올림픽로,1230044101,송파구청앞교차로,127.1067205760415391_37.5155457351922763,1230044902,잠실진주아파트앞교차로,127.1087256571209707_37.5162283031640200,193.0,20.0,서행,127.1087256571209707_37.5162283031640200|127.1067205760415391_37.5155457351922763
2026-09-04T23:16:36.811991+09:00,잠실롯데타워·석촌호수,잠실롯데타워·석촌호수,POI120,KEY_3,1230028401,올림픽로,1230421300,최소노드배치점,127.1097120122696964_37.5164468577884307,1230044102,송파구청앞교차로,127.1067706331513705_37.5154451950086951,283.0,25.0,원활,127.1067706331513705_37.5154451950086951|127.1088293438040182_37.5161460190462677|127.1097120122696964_37.5164468577884307
2026-09-04T23:16:36.811991+09:00,잠실롯데타워·석촌호수,잠실롯데타워·석촌호수,POI120,KEY_3,1230081100,올림픽로,1230044402,신천동 7-21,127.1026803877707039_37.5154887453600807,1230043801,잠실역(서울8호선),127.1032441614670745_37.5143953515620083,131.0,40.0,원활,127.1032441614670745_37.5143953515620083|127.1026803877707039_37.5154887453600807
2026-09-04T23:16:36.811991+09:00,잠실롯데타워·석촌호수,잠실롯데타워·석촌호수,POI120,KEY_3,1230029101,올림픽로,1230044901,잠실진주아파트앞교차로,127.1088533723906977_37.5162718111141373,1230047903,올림픽공원앞교차로,127.1125664517782781_37.5175764714066560,359.0,28.0,원활,127.1125664517782781_37.5175764714066560|127.1121927794052340_37.5174099266855308|127.1096586157180326_37.5165462608805385|127.1088533723906977_37.5162718111141373
2026-09-04T23:16:36.811991+09:00,잠실롯데타워·석촌호수,잠실롯데타워·석촌호수,POI120,KEY_3,1230029300,위례성대로,1230045403,올림픽공원남4문앞교차로,127.1158353619488821_37.5163285598069436,1230047902,올림픽공원앞교차로,127.1126327333255119_37.5174821175529445,311.0,21.0,서행,127.1126327333255119_37.5174821175529445|127.1158353619488821_37.5163285598069436
2026-09-04T23:16:36.811991+09:00,잠실롯데타워·석촌호수,잠실롯데타워·석촌호수,POI120,KEY_3,1230029401,위례성대로,1230047901,올림픽공원앞교차로,127.1127294559663170_37.5175659412636975,1230045404,올림픽공원남4문앞교차로,127.1158912913085715_37.5164270745673178,307.0,15.0,서행,127.1158912913085715_37.5164270745673178|127.1127294559663170_37.5175659412636975
2026-09-04T23:16:36.811991+09:00,잠실롯데타워·석촌호수,잠실롯데타워·석촌호수,POI120,KEY_3,1230029800,오금로,1230009202,잠실나루역사거리,127.1050458803196079_37.5186165757193919,1230044101,송파구청앞교차로,127.1067205760415391_37.5155457351922763,372.0,19.0,서행,127.1067205760415391_37.5155457351922763|127.1063870230920116_37.5161245657841746|127.1060062563923623_37.5167853165615099|127.1057041776155785_37.5173095096861147|127.1054650209393913_37.5177245091905434|127.1053636836204817_37.5179234011036442|127.1051267515503156_37.5183884165572152|127.1050458803196079_37.5186165757193919
2026-09-04T23:16:36.811991+09:00,잠실롯데타워·석촌호수,잠실롯데타워·석촌호수,POI120,KEY_3,1230030200,올림픽로33길,1230044902,잠실진주아파트앞교차로,127.1087256571209707_37.5162283031640200,1230009303,파크리오아파트,127.1080198937217318_37.5191489075320419,330.0,18.0,서행,127.1080198937217318_37.5191489075320419|127.1087256571209707_37.5162283031640200
2026-09-04T23:16:36.811991+09:00,잠실롯데타워·석촌호수,잠실롯데타워·석촌호수,POI120,KEY_3,1230030300,올림픽로33길,1230009302,파크리오아파트,127.1081532489597805_37.5191690964758351,1230044901,잠실진주아파트앞교차로,127.1088533723906977_37.5162718111141373,327.0,17.0,서행,127.1088533723906977_37.5162718111141373|127.1081532489597805_37.5191690964758351
2026-09-04T23:16:36.811991+09:00,잠실롯데타워·석촌호수,잠실롯데타워·석촌호수,POI120,KEY_3,1230030701,올림픽로,1230047904,올림픽공원앞교차로,127.1126156383089949_37.5176248562335459,1230050103,올림픽회관앞교차로,127.1141234836901077_37.5200172918018566,297.0,24.0,서행,127.1141234836901077_37.5200172918018566|127.1130967077667009_37.5183006809000261|127.1127808418886076_37.5178273473246833|127.1126156383089949_37.5176248562335459
2026-09-04T23:16:36.811991+09:00,잠실롯데타워·석촌호수,잠실롯데타워·석촌호수,POI120,KEY_3,1230030802,올림픽로,1230050102,올림픽회관앞교차로,127.1142460290998173_37.5199707880909941,1230047901,올림픽공원앞교차로,127.1127294559663170_37.5175659412636975,299.0,26.0,원활,127.1127294559663170_37.5175659412636975|127.1128979059259194_37.5177724112602746|127.1132179682735881_37.5182520322072364|127.1142460290998173_37.5199707880909941
2026-09-04T23:16:36.811991+09:00,잠실롯데타워·석촌호수,잠실롯데타워·석촌호수,POI120,KEY_3,1230073600,백제고분로41길,1230362400,송파동 74,127.1055839132151277_37.5093570558199474,1230038203,수림빌딩,127.1052465652364560_37.5096500807059527,44.0,11.0,정체,127.1052465652364560_37.5096500807059527|127.1053208564511436_37.5095948198186591|127.1055839132151277_37.5093570558199474
2026-09-04T23:16:36.811991+09:00,잠실롯데타워·석촌호수,잠실롯데타워·석촌호수,POI120,KEY_3,1230076200,백제고분로45길,1230414400,송파동 83,127.1074305390192620_37.5108125123386174,1230039703,송파동 61,127.1070007103191557_37.5110307962144418,45.0,15.5,서행,127.1070007103191557_37.5110307962144418|127.1074305390192620_37.5108125123386174
2026-09-04T23:16:36.811991+09:00,잠실롯데타워·석촌호수,잠실롯데타워·석촌호수,POI120,KEY_3,1230077600,올림픽로.잠실로.사이길,1230038304,잠실동 43,127.0947364363945553_37.5102253498387128,1230041703,잠실동 39,127.0946882254534103_37.5120601573260686,204.0,10.0,정체,127.0946882254534103_37.5120601573260686|127.0947364363945553_37.5102253498387128
2026-09-04T23:16:36.811991+09:00,잠실롯데타워·석촌호수,잠실롯데타워·석촌호수,POI120,KEY_3,1230077700,올림픽로.잠실로.사이길,1230041702,잠실동 39,127.0948236216370191_37.5120740018570373,1230038301,잠실동 43,127.0948724715403131_37.5102147077519135,206.0,11.0,정체,127.0948724715403131_37.5102147077519135|127.0948236216370191_37.5120740018570373
2026-09-04T23:16:36.811991+09:00,잠실롯데타워·석촌호수,잠실롯데타워·석촌호수,POI120,KEY_3,1230080800,올림픽로,1230043404,신천동 8,127.1021667132219335_37.5140202279747825,1230044003,어린이교통공원,127.1015862279693067_37.5151316086360467,134.0,8.0,정체,127.1015862279693067_37.5151316086360467|127.1021667132219335_37.5140202279747825
2026-09-04T23:16:36.811991+09:00,잠실롯데타워·석촌호수,잠실롯데타워·석촌호수,POI120,KEY_3,1230080900,올림픽로,1230044002,어린이교통공원,127.1017112605977104_37.5151736946584151,1230043401,신천동 8,127.1022912026975433_37.5140633484028712,133.0,6.0,정체,127.1022912026975433_37.5140633484028712|127.1017112605977104_37.5151736946584151
2026-09-04T23:16:36.811991+09:00,잠실롯데타워·석촌호수,잠실롯데타워·석촌호수,POI120,KEY_3,1230081000,올림픽로,1230043804,잠실역(서울8호선),127.1031193148053262_37.5143528991889355,1230044403,신천동 7-21,127.1025553001734067_37.5154467539088188,131.0,14.0,정체,127.1025553001734067_37.5154467539088188|127.1031193148053262_37.5143528991889355
2026-09-04T23:16:36.811991+09:00,잠실롯데타워·석촌호수,잠실롯데타워·석촌호수,POI120,KEY_3,1230082000,오금로11길,1230382300,방이동 96-5,127.1078356746363340_37.5142776638634814,1230043702,KT송파빌딩,127.1073298305418575_37.5141090707700258,48.0,8.0,정체,127.1073298305418575_37.5141090707700258|127.1078356746363340_37.5142776638634814
2026-09-04T23:16:36.811991+09:00,잠실롯데타워·석촌호수,잠실롯데타워·석촌호수,POI120,KEY_3,1230082100,오금로11길,1230364600,방이동 96-2,127.1142995993866123_37.5148873703963588,1230043904,방이중,127.1148454576012909_37.5146719476403305,54.0,10.0,정체,127.1148454576012909_37.5146719476403305|127.1142995993866123_37.5148873703963588
2026-09-04T23:16:36.811991+09:00,잠실롯데타워·석촌호수,잠실롯데타워·석촌호수,POI120,KEY_3,1230437101,잠실로,1230188302,잠실길지하차도(서측),127.1024547747106510_37.5113805101291220,1230001702,석촌호수앞교차로,127.1019076941057762_37.5111569141952117,54.0,33.0,원활,127.1019076941057762_37.5111569141952117|127.1024547747106510_37.5113805101291220
2026-09-04T23:16:36.811991+09:00,잠실롯데타워·석촌호수,잠실롯데타워·석촌호수,POI120,KEY_3,1230437201,잠실로,1230001701,석촌호수앞교차로,127.1018323332335598_37.5112469862295228,1230188303,잠실길지하차도(서측),127.1023918266045030_37.5114715455822392,55.0,6.0,정체,127.1023918266045030_37.5114715455822392|127.1018323332335598_37.5112469862295228
2026-09-04T23:16:36.811991+09:00,잠실롯데타워·석촌호수,잠실롯데타워·석촌호수,POI120,KEY_3,1230437301,잠실로,1230188502,잠실길지하차도(동측),127.1062173467716150_37.5131578738299325,1230188302,잠실길지하차도(서측),127.1024547747106510_37.5113805101291220,387.0,46.0,원활,127.1024547747106510_37.5113805101291220|127.1030924680476488_37.5116688194554797|127.1037922288458617_37.5120057984034787|127.1044073633298837_37.5122985483592544|127.1051198819620254_37.5126321816150679|127.1062173467716150_37.5131578738299325
2026-09-04T23:16:36.811991+09:00,잠실롯데타워·석촌호수,잠실롯데타워·석촌호수,POI120,KEY_3,1230437401,잠실로,1230188303,잠실길지하차도(서측),127.1023918266045030_37.5114715455822392,1230188503,잠실길지하차도(동측),127.1061687896124681_37.5132231248888246,386.0,18.5,서행,127.1061687896124681_37.5132231248888246|127.1052815756607259_37.5128152477143786|127.1034974052928277_37.5119907247148916|127.1023918266045030_37.5114715455822392
2026-09-04T23:16:36.811991+09:00,잠실롯데타워·석촌호수,잠실롯데타워·석촌호수,POI120,KEY_3,1230437501,-,1230188502,잠실길지하차도(동측),127.1062173467716150_37.5131578738299325,1230188402,신천동 30,127.1050426082693434_37.5125336192748193,126.0,28.0,원활,127.1050426082693434_37.5125336192748193|127.1057099909694585_37.5128445639683008|127.1060250249974217_37.5129978687956296|127.1062173467716150_37.5131578738299325
2026-09-04T23:16:36.811991+09:00,잠실롯데타워·석촌호수,잠실롯데타워·석촌호수,POI120,KEY_3,1230437601,-,1230188403,신천동 30,127.1049002456384613_37.5127083450110632,1230188503,잠실길지하차도(동측),127.1061687896124681_37.5132231248888246,126.0,26.0,원활,127.1061687896124681_37.5132231248888246|127.1058942002584331_37.5131610578152603|127.1056142121499164_37.5130369103311239|127.1049002456384613_37.5127083450110632
2026-09-04T23:16:36.811991+09:00,잠실롯데타워·석촌호수,잠실롯데타워·석촌호수,POI120,KEY_3,1230437701,잠실로,1230394600,신천동 30,127.1067595331203108_37.5134063123268504,1230188502,잠실길지하차도(동측),127.1062173467716150_37.5131578738299325,55.0,9.5,정체,127.1062173467716150_37.5131578738299325|127.1067595331203108_37.5134063123268504
2026-09-04T23:16:36.811991+09:00,잠실롯데타워·석촌호수,잠실롯데타워·석촌호수,POI120,KEY_3,1230437801,잠실로,1230188503,잠실길지하차도(동측),127.1061687896124681_37.5132231248888246,1230043204,잠실전화국,127.1073301047804875_37.5137619968566653,119.0,21.5,서행,127.1073301047804875_37.5137619968566653|127.1067103200439448_37.5134744075350568|127.1061687896124681_37.5132231248888246
2026-09-04T23:16:36.811991+09:00,창동 신경제 중심지,창동 신경제 중심지,POI079,KEY_4,1090005402,노해로,1090115200,창동 339,127.0432127254777726_37.6515539518810272,1090008104,서울북부지방법원등기국,127.0438886664260849_37.6514273575234313,61.0,20.0,서행,127.0438886664260849_37.6514273575234313|127.0432127254777726_37.6515539518810272
2026-09-04T23:16:36.811991+09:00,창동 신경제 중심지,창동 신경제 중심지,POI079,KEY_4,1090007501,마들로11길,1090010101,창동견인차량보관소,127.0506608950045546_37.6539899638653495,1090010204,속성변화점,127.0517956478494312_37.6542713588531939,105.0,32.0,원활,127.0517956478494312_37.6542713588531939|127.0506608950045546_37.6539899638653495
2026-09-04T23:16:36.811991+09:00,창동 신경제 중심지,창동 신경제 중심지,POI079,KEY_4,1090005403,노해로,1090008101,서울북부지방법원등기국,127.0440396816365904_37.6514000141311485,1090007904,이마트사거리,127.0465802038674212_37.6513439220940356,228.0,29.0,원활,127.0465802038674212_37.6513439220940356|127.0460219527137298_37.6512193468005378|127.0458394182708730_37.6511975131724839|127.0456166930732707_37.6511920224222294|127.0454324298890469_37.6511948838736430|127.0452143697198579_37.6512131449817389|127.0450359743676501_37.6512370892679158|127.0440396816365904_37.6514000141311485
2026-09-04T23:16:36.811991+09:00,창동 신경제 중심지,창동 신경제 중심지,POI079,KEY_4,1090006101,노해로65길,1090007904,이마트사거리,127.0465802038674212_37.6513439220940356,1090008603,이마트사거리,127.0464522437678454_37.6516561121472435,36.0,14.0,정체,127.0464522437678454_37.6516561121472435|127.0465802038674212_37.6513439220940356
2026-09-04T23:16:36.811991+09:00,창동 신경제 중심지,창동 신경제 중심지,POI079,KEY_4,1090006102,노해로65길,1090128100,창동 335-3,127.0462173088500180_37.6522375660554189,1090002402,창동역2번출구,127.0460126594412884_37.6527447346004678,59.0,3.0,정체,127.0460126594412884_37.6527447346004678|127.0462173088500180_37.6522375660554189
2026-09-04T23:16:36.811991+09:00,창동 신경제 중심지,창동 신경제 중심지,POI079,KEY_4,1090006201,노해로65길,1090002401,창동역2번출구,127.0461019329523680_37.6528774164723430,1090007901,이마트사거리,127.0467105834980970_37.6513747627778059,175.0,27.0,원활,127.0467105834980970_37.6513747627778059|127.0465815344402642_37.6516896123671287|127.0465398628008842_37.6517921145791874|127.0463467931061103_37.6522705946534657|127.0461019329523680_37.6528774164723430
2026-09-04T23:16:36.811991+09:00,창동 신경제 중심지,창동 신경제 중심지,POI079,KEY_4,1090006303,노해로63길,1090009401,창동아파트2단지,127.0440490804142541_37.6523926268145033,1090009704,창동 325,127.0450594668613746_37.6526400609466378,93.0,7.0,정체,127.0450594668613746_37.6526400609466378|127.0440490804142541_37.6523926268145033
2026-09-04T23:16:36.811991+09:00,창동 신경제 중심지,창동 신경제 중심지,POI079,KEY_4,1090006304,노해로63길,1090009701,창동 325,127.0451951244152013_37.6526717189787234,1090002401,창동역2번출구,127.0461019329523680_37.6528774164723430,83.0,7.0,정체,127.0461019329523680_37.6528774164723430|127.0451951244152013_37.6526717189787234
2026-09-04T23:16:36.811991+09:00,창동 신경제 중심지,창동 신경제 중심지,POI079,KEY_4,1090006402,노해로63길,1090009303,서울특별시북부교육지원청,127.0436075256318276_37.6521768084206414,1090008702,창원초교앞교차로,127.0418672320513025_37.6517533683042629,161.0,30.0,원활,127.0418672320513025_37.6517533683042629|127.0420136679197753_37.6518029016727667|127.0423245483733439_37.6518846988945839|127.0436075256318276_37.6521768084206414
2026-09-04T23:16:36.811991+09:00,창동 신경제 중심지,창동 신경제 중심지,POI079,KEY_4,1090006403,노해로63길,1090009703,창동 325,127.0450606490341130_37.6525272198554504,1090009302,서울특별시북부교육지원청,127.0437381625268358_37.6522068735649924,122.0,25.0,원활,127.0437381625268358_37.6522068735649924|127.0439570121152002_37.6522577653790549|127.0440891099632950_37.6522892989157825|127.0450606490341130_37.6525272198554504
2026-09-04T23:16:36.811991+09:00,창동 신경제 중심지,창동 신경제 중심지,POI079,KEY_4,1090006405,노해로63길,1090002402,창동역2번출구,127.0460126594412884_37.6527447346004678,1090009702,창동 325,127.0451962992695627_37.6525595534808915,75.0,27.0,원활,127.0451962992695627_37.6525595534808915|127.0460126594412884_37.6527447346004678
2026-09-04T23:16:36.811991+09:00,창동 신경제 중심지,창동 신경제 중심지,POI079,KEY_4,1090006501,노해로,1090009601,창4동주민센터앞교차로,127.0512572997302954_37.6524535243682053,1090009804,창4동주민센터,127.0523451053343962_37.6527487519340056,101.0,21.0,서행,127.0523451053343962_37.6527487519340056|127.0512572997302954_37.6524535243682053
2026-09-04T23:16:36.811991+09:00,창동 신경제 중심지,창동 신경제 중심지,POI079,KEY_4,1090006502,노해로,1090024400,창동 25,127.0529396680044698_37.6528803670265688,1090009904,도봉경찰서앞교차로,127.0532355059426379_37.6529440934046775,27.0,41.0,원활,127.0532355059426379_37.6529440934046775|127.0529396680044698_37.6528803670265688
2026-09-04T23:16:36.811991+09:00,창동 신경제 중심지,창동 신경제 중심지,POI079,KEY_4,1090006700,노해로69길,1090038000,창동 23,127.0507241269660881_37.6534404626976524,1090010103,창동견인차량보관소,127.0505700041465218_37.6538544201770620,48.0,22.0,서행,127.0505700041465218_37.6538544201770620|127.0507241269660881_37.6534404626976524
2026-09-04T23:16:36.811991+09:00,창동 신경제 중심지,창동 신경제 중심지,POI079,KEY_4,1090006800,노해로69길,1090029100,창동 23,127.0510627440724818_37.6529118754495755,1090009601,창4동주민센터앞교차로,127.0512572997302954_37.6524535243682053,54.0,12.0,정체,127.0512572997302954_37.6524535243682053|127.0511636230535117_37.6526409168478153|127.0510627440724818_37.6529118754495755
2026-09-04T23:16:36.811991+09:00,창동 신경제 중심지,창동 신경제 중심지,POI079,KEY_4,1090006900,마들로,1090009904,도봉경찰서앞교차로,127.0532355059426379_37.6529440934046775,1090002703,농협창동유통센터앞교차로,127.0532009362000849_37.6544173179488553,164.0,13.0,정체,127.0532009362000849_37.6544173179488553|127.0532307195816202_37.6537430463703586|127.0532355059426379_37.6529440934046775
2026-09-04T23:16:36.811991+09:00,창동 신경제 중심지,창동 신경제 중심지,POI079,KEY_4,1090007000,마들로,1090002702,농협창동유통센터앞교차로,127.0535193718764901_37.6544297702364830,1090009901,도봉경찰서앞교차로,127.0535457248374058_37.6529848170747670,160.0,29.0,원활,127.0535457248374058_37.6529848170747670|127.0535639356680946_37.6537093807940551|127.0535193718764901_37.6544297702364830
2026-09-04T23:16:36.811991+09:00,창동 신경제 중심지,창동 신경제 중심지,POI079,KEY_4,1090007502,마들로11길,1090010204,속성변화점,127.0517956478494312_37.6542713588531939,1090002704,농협창동유통센터앞교차로,127.0531926661678455_37.6545256121384426,127.0,24.0,서행,127.0531926661678455_37.6545256121384426|127.0528413530642098_37.6544851417251039|127.0525371577740543_37.6544418358260700|127.0522236392166775_37.6543767700399670|127.0519258441446198_37.6543035169949860|127.0517956478494312_37.6542713588531939
2026-09-04T23:16:36.811991+09:00,창동 신경제 중심지,창동 신경제 중심지,POI079,KEY_4,1090007601,마들로11길,1090010203,극동방송문화센터,127.0518361380290173_37.6541681443841370,1090010102,창동견인차량보관소,127.0506999231827194_37.6538863868738005,105.0,8.0,정체,127.0506999231827194_37.6538863868738005|127.0518361380290173_37.6541681443841370
2026-09-04T23:16:36.811991+09:00,창동 신경제 중심지,창동 신경제 중심지,POI079,KEY_4,1090007602,마들로11길,1090002703,농협창동유통센터앞교차로,127.0532009362000849_37.6544173179488553,1090010202,극동방송문화센터,127.0519660382969249_37.6542002295480955,112.0,35.0,원활,127.0519660382969249_37.6542002295480955|127.0522609278935562_37.6542727675418547|127.0525663592483170_37.6543361556009444|127.0528630944293980_37.6543783989066441|127.0532009362000849_37.6544173179488553
2026-09-04T23:16:36.811991+09:00,창동 신경제 중심지,창동 신경제 중심지,POI079,KEY_4,1090007901,노해로69길,1090010104,창동견인차량보관소,127.0505309856881695_37.6539579953053831,1090010603,환승주차장앞교차로,127.0500190410047310_37.6553009753965853,156.0,10.0,정체,127.0500190410047310_37.6553009753965853|127.0505309856881695_37.6539579953053831
2026-09-04T23:16:36.811991+09:00,창동 신경제 중심지,창동 신경제 중심지,POI079,KEY_4,1090008001,노해로69길,1090010602,환승주차장앞교차로,127.0501493968661464_37.6553317759183273,1090010101,창동견인차량보관소,127.0506608950045546_37.6539899638653495,156.0,15.0,서행,127.0506608950045546_37.6539899638653495|127.0501493968661464_37.6553317759183273
2026-09-04T23:16:36.811991+09:00,창동 신경제 중심지,창동 신경제 중심지,POI079,KEY_4,1090008002,노해로69길,1090039000,창동 808,127.0498866526589694_37.6582834096207364,1090010601,환승주차장앞교차로,127.0501093119601137_37.6554351045767106,320.0,24.0,서행,127.0501093119601137_37.6554351045767106|127.0498394187731890_37.6561185154286520|127.0498064469087751_37.6562513368248304|127.0497820437332734_37.6563946402228211|127.0497734293798260_37.6565485072733139|127.0497823736429837_37.6567003595224250|127.0498049658418580_37.6570426966649023|127.0498750568326187_37.6581047575258054|127.0498866526589694_37.6582834096207364
2026-09-04T23:16:36.811991+09:00,창동 신경제 중심지,창동 신경제 중심지,POI079,KEY_4,1090008003,노해로69길,1090003202,창동운동장앞교차로,127.0500176890655410_37.6599226131206208,1090012501,자운고등학교,127.0499559426194054_37.6593448583809760,64.0,22.0,서행,127.0499559426194054_37.6593448583809760|127.0499875040031696_37.6597610720166642|127.0500176890655410_37.6599226131206208
2026-09-04T23:16:36.811991+09:00,창동 신경제 중심지,창동 신경제 중심지,POI079,KEY_4,1090008501,마들로,1090002704,농협창동유통센터앞교차로,127.0531926661678455_37.6545256121384426,1090010803,창동열린극장교차로,127.0529077492178516_37.6559697981116415,162.0,18.0,서행,127.0529077492178516_37.6559697981116415|127.0529376525054204_37.6558251484242135|127.0529841751127407_37.6556292846411438|127.0530453407864542_37.6553546089362499|127.0531064381076902_37.6550912000013511|127.0531444844696978_37.6548907962926123|127.0531593169806825_37.6547804390951910|127.0531926661678455_37.6545256121384426
2026-09-04T23:16:36.811991+09:00,창동 신경제 중심지,창동 신경제 중심지,POI079,KEY_4,1090008503,마들로,1090042100,최소노드배치점,127.0517360672634197_37.6581815582025214,1090003202,창동운동장앞교차로,127.0500176890655410_37.6599226131206208,254.0,40.0,원활,127.0500176890655410_37.6599226131206208|127.0508493795606171_37.6594946644890030|127.0509575857941371_37.6594117031579572|127.0510758541167036_37.6593051199380682|127.0511528967889348_37.6592197861152442|127.0512329221193397_37.6591096766521360|127.0513861306880159_37.6588488722121966|127.0517360672634197_37.6581815582025214
2026-09-04T23:16:36.811991+09:00,창동 신경제 중심지,창동 신경제 중심지,POI079,KEY_4,1090008601,마들로,1090010802,창동열린극장교차로,127.0532024456634161_37.6560310399620732,1090002701,농협창동유통센터앞교차로,127.0535074980332269_37.6545489567895331,167.0,45.0,원활,127.0535074980332269_37.6545489567895331|127.0534795413420852_37.6547872850787826|127.0534280946085346_37.6550957975282401|127.0533595691476023_37.6554166394989380|127.0533201267756453_37.6556136570978808|127.0532649139748997_37.6558410349877803|127.0532024456634161_37.6560310399620732
2026-09-04T23:16:36.811991+09:00,창동 신경제 중심지,창동 신경제 중심지,POI079,KEY_4,1090008602,마들로,1090042200,최소노드배치점,127.0520531168905620_37.6582813526645026,1090010801,창동열린극장교차로,127.0531581856521797_37.6561522353032387,256.0,32.0,원활,127.0531581856521797_37.6561522353032387|127.0531323122794021_37.6562123336710997|127.0523052489814688_37.6577741420476073|127.0520531168905620_37.6582813526645026
2026-09-04T23:16:36.811991+09:00,창동 신경제 중심지,창동 신경제 중심지,POI079,KEY_4,1090009601,마들로,1090013401,창동 167-4,127.0489118939009217_37.6606289572230395,1090003204,창동운동장앞교차로,127.0499638421036508_37.6600794154383038,111.0,28.0,원활,127.0499638421036508_37.6600794154383038|127.0491745243841279_37.6604917596906716|127.0489118939009217_37.6606289572230395
2026-09-04T23:16:36.811991+09:00,창동 신경제 중심지,창동 신경제 중심지,POI079,KEY_4,1090009602,마들로,1090013501,창동 167-4,127.0476185886963236_37.6612891364181976,1090013404,창동 167-4,127.0487938245867099_37.6606897192368280,123.0,6.0,정체,127.0487938245867099_37.6606897192368280|127.0476185886963236_37.6612891364181976
2026-09-04T23:16:36.811991+09:00,창동 신경제 중심지,창동 신경제 중심지,POI079,KEY_4,1090009603,마들로,1090083700,창동 754-10,127.0468372888467457_37.6619114992761084,1090013504,창동 167-4,127.0475032887600975_37.6613477181105623,88.0,15.0,서행,127.0475032887600975_37.6613477181105623|127.0472771897853903_37.6614620891754441|127.0471587901959793_37.6615381920083365|127.0470377681162120_37.6616381330299035|127.0469427338822612_37.6617407719362305|127.0468606043055502_37.6618642498403560|127.0468372888467457_37.6619114992761084
2026-09-04T23:16:36.811991+09:00,창동 신경제 중심지,창동 신경제 중심지,POI079,KEY_4,1090019100,노해로,1090007901,이마트사거리,127.0467105834980970_37.6513747627778059,1090008302,창동삼성아파트,127.0478413401837798_37.6517150240130505,107.0,12.0,정체,127.0478413401837798_37.6517150240130505|127.0468852696467792_37.6514752569527573|127.0467105834980970_37.6513747627778059
2026-09-04T23:16:36.811991+09:00,창동 신경제 중심지,창동 신경제 중심지,POI079,KEY_4,1090019200,노해로,1090008104,서울북부지방법원등기국,127.0438886664260849_37.6514273575234313,1090008503,서울북부광역등기소,127.0438186184817511_37.6516245484087051,23.0,8.0,정체,127.0438186184817511_37.6516245484087051|127.0438886664260849_37.6514273575234313
2026-09-04T23:16:36.811991+09:00,창동 신경제 중심지,창동 신경제 중심지,POI079,KEY_4,1090019300,노해로,1090008502,서울북부광역등기소,127.0439494827538027_37.6516539354643385,1090008101,서울북부지방법원등기국,127.0440396816365904_37.6514000141311485,29.0,19.0,서행,127.0440396816365904_37.6514000141311485|127.0439494827538027_37.6516539354643385
2026-09-04T23:16:36.811991+09:00,창동 신경제 중심지,창동 신경제 중심지,POI079,KEY_4,1090019400,노해로65길,1090008603,이마트사거리,127.0464522437678454_37.6516561121472435,1090008502,서울북부광역등기소,127.0439494827538027_37.6516539354643385,238.0,9.0,정체,127.0439494827538027_37.6516539354643385|127.0446064750200179_37.6517989522029097|127.0446611672751658_37.6516566609137939|127.0453248260477750_37.6515398179121235|127.0453528909836933_37.6515390822929490|127.0458583619068094_37.6515258320844879|127.0464522437678454_37.6516561121472435
2026-09-04T23:16:36.811991+09:00,창동 신경제 중심지,창동 신경제 중심지,POI079,KEY_4,1090019700,노해로,1090007901,이마트사거리,127.0467105834980970_37.6513747627778059,1090021802,창동지하차도(동측),127.0502642079050020_37.6522089617535656,327.0,38.0,원활,127.0502642079050020_37.6522089617535656|127.0492794810403296_37.6519793948467267|127.0478628390599738_37.6516637304484831|127.0467105834980970_37.6513747627778059
2026-09-04T23:16:36.811991+09:00,창동 신경제 중심지,창동 신경제 중심지,POI079,KEY_4,1090020100,노해로,1090008504,서울북부광역등기소,127.0437810875314142_37.6517260258120885,1090009303,서울특별시북부교육지원청,127.0436075256318276_37.6521768084206414,52.0,22.0,서행,127.0436075256318276_37.6521768084206414|127.0437810875314142_37.6517260258120885
2026-09-04T23:16:36.811991+09:00,창동 신경제 중심지,창동 신경제 중심지,POI079,KEY_4,1090020200,노해로,1090009302,서울특별시북부교육지원청,127.0437381625268358_37.6522068735649924,1090008501,서울북부광역등기소,127.0439111151810465_37.6517576736682713,52.0,22.5,서행,127.0439111151810465_37.6517576736682713|127.0437381625268358_37.6522068735649924
2026-09-04T23:16:36.811991+09:00,창동 신경제 중심지,창동 신경제 중심지,POI079,KEY_4,1090020401,노해로,1090008802,도봉구보건소,127.0492599596684897_37.6520311788763564,1090021802,창동지하차도(동측),127.0502642079050020_37.6522089617535656,91.0,21.0,서행,127.0502642079050020_37.6522089617535656|127.0499849615824104_37.6522002013272115|127.0492599596684897_37.6520311788763564
2026-09-04T23:16:36.811991+09:00,창동 신경제 중심지,창동 신경제 중심지,POI079,KEY_4,1090020402,노해로,1090021802,창동지하차도(동측),127.0502642079050020_37.6522089617535656,1090009604,창4동주민센터앞교차로,127.0511276330638708_37.6524201902091278,80.0,40.0,원활,127.0511276330638708_37.6524201902091278|127.0502642079050020_37.6522089617535656
2026-09-04T23:16:36.811991+09:00,창동 신경제 중심지,창동 신경제 중심지,POI079,KEY_4,1090021200,해등로12길,1090063400,창동 313,127.0431136629325550_37.6531307651280258,1090009401,창동아파트2단지,127.0440490804142541_37.6523926268145033,126.0,23.0,서행,127.0440490804142541_37.6523926268145033|127.0439692149368796_37.6526054232594589|127.0438831887744442_37.6527865510112463|127.0437970826860692_37.6528651036506545|127.0436583473597949_37.6529506340044122|127.0435754939003203_37.6529819611717400|127.0435278911139250_37.6529938875997772|127.0432585397479528_37.6530613706037016|127.0431136629325550_37.6531307651280258
2026-09-04T23:16:36.811991+09:00,창동 신경제 중심지,창동 신경제 중심지,POI079,KEY_4,1090021400,노해로,1090041600,창동 17,127.0523219613917831_37.6532076459143141,1090009801,창4동주민센터,127.0524751925225360_37.6527803127579261,49.0,7.0,정체,127.0524751925225360_37.6527803127579261|127.0523219613917831_37.6532076459143141
2026-09-04T23:16:36.811991+09:00,창동 신경제 중심지,창동 신경제 중심지,POI079,KEY_4,1090021500,마들로11길,1090010103,창동견인차량보관소,127.0505700041465218_37.6538544201770620,1090010303,창동견인보관소앞,127.0477370548599367_37.6547730543022183,334.0,11.0,정체,127.0477370548599367_37.6547730543022183|127.0477658279710056_37.6547196018357795|127.0480897917361744_37.6539206204484387|127.0490340243173364_37.6535484764502826|127.0491908326687991_37.6535176660388800|127.0505700041465218_37.6538544201770620
2026-09-04T23:16:36.811991+09:00,창동 신경제 중심지,창동 신경제 중심지,POI079,KEY_4,1090021600,마들로11길,1090010302,창동견인보관소앞,127.0478788220612643_37.6547844833917438,1090010104,창동견인차량보관소,127.0505309856881695_37.6539579953053831,312.0,30.0,원활,127.0505309856881695_37.6539579953053831|127.0491869029716554_37.6536298084694820|127.0490810918604581_37.6536505985642478|127.0482016102326384_37.6539972231940396|127.0478933258012404_37.6547575391619631|127.0478788220612643_37.6547844833917438
2026-09-04T23:16:36.811991+09:00,창동 신경제 중심지,창동 신경제 중심지,POI079,KEY_4,1090022000,노해로63가길,1090140200,창동 253-1,127.0454165223832916_37.6545743006389628,1090009701,창동 325,127.0451951244152013_37.6526717189787234,214.0,19.0,서행,127.0451951244152013_37.6526717189787234|127.0451933896516010_37.6528373394430531|127.0451890627641234_37.6532504307674429|127.0451861866165615_37.6533547132366593|127.0451749203609921_37.6537631988765753|127.0451653221435322_37.6538501693338503|127.0451644817283636_37.6538577844143987|127.0451689381018952_37.6539035616293987|127.0452793210056939_37.6542058634360899|127.0453865833976579_37.6544996167404804|127.0454165223832916_37.6545743006389628
2026-09-04T23:16:36.811991+09:00,창동 신경제 중심지,창동 신경제 중심지,POI079,KEY_4,1090022100,마들로13길,1090080600,창동 1-12,127.0484109742130983_37.6549129102225990,1090010302,창동견인보관소앞,127.0478788220612643_37.6547844833917438,49.0,8.0,정체,127.0478788220612643_37.6547844833917438|127.0484109742130983_37.6549129102225990
2026-09-04T23:16:36.811991+09:00,창동 신경제 중심지,창동 신경제 중심지,POI079,KEY_4,1090022200,마들로13길,1090010301,창동견인보관소앞,127.0478249942618305_37.6548844814536636,1090010604,환승주차장앞교차로,127.0499789468198060_37.6554042879631865,199.0,20.0,서행,127.0499789468198060_37.6554042879631865|127.0488958360466967_37.6551429101195723|127.0483714753540312_37.6550163664097539|127.0478249942618305_37.6548844814536636
2026-09-04T23:16:36.811991+09:00,창동 신경제 중심지,창동 신경제 중심지,POI079,KEY_4,1090022700,마들로13길,1090025300,창동 1-12,127.0515185622562058_37.6556484809023360,1090010602,환승주차장앞교차로,127.0501493968661464_37.6553317759183273,126.0,17.0,서행,127.0501493968661464_37.6553317759183273|127.0515185622562058_37.6556484809023360
2026-09-04T23:16:36.811991+09:00,창동 신경제 중심지,창동 신경제 중심지,POI079,KEY_4,1090022800,마들로13길,1090010601,환승주차장앞교차로,127.0501093119601137_37.6554351045767106,1090010804,창동열린극장교차로,127.0528664193991801_37.6560728389500241,253.0,20.0,서행,127.0528664193991801_37.6560728389500241|127.0514805729431913_37.6557522943419443|127.0501093119601137_37.6554351045767106
2026-09-04T23:16:36.811991+09:00,창동 신경제 중심지,창동 신경제 중심지,POI079,KEY_4,1090023100,마들로13길,1090010303,창동견인보관소앞,127.0477370548599367_37.6547730543022183,1090011703,자운초교앞,127.0458329161900934_37.6581275500630355,413.0,27.0,원활,127.0458329161900934_37.6581275500630355|127.0462289135254110_37.6572813650045433|127.0463932541250500_37.6568944512451935|127.0465563232358051_37.6564268331624419|127.0472421607888691_37.6553884746299161|127.0474581288074347_37.6550614920549407|127.0476011819743576_37.6548366960861500|127.0476614770812205_37.6547887097468248|127.0477370548599367_37.6547730543022183
2026-09-04T23:16:36.811991+09:00,창동 신경제 중심지,창동 신경제 중심지,POI079,KEY_4,1090023200,마들로13길,1090113200,창동 135-84,127.0473625603757881_37.6554387405282114,1090010304,창동견인보관소앞,127.0476693650736166_37.6548988028347651,66.0,27.0,원활,127.0476693650736166_37.6548988028347651|127.0475790072573972_37.6551110325286515|127.0473625603757881_37.6554387405282114
2026-09-04T23:16:36.811991+09:00,창동 신경제 중심지,창동 신경제 중심지,POI079,KEY_4,1090025500,마들로13길,1090011704,자운초교앞,127.0457848371309240_37.6582173762313985,1090012903,창동 182-42,127.0452405267065643_37.6594275559219440,143.0,26.0,원활,127.0452405267065643_37.6594275559219440|127.0452856378431363_37.6592700887861511|127.0454740499835680_37.6587549827164807|127.0455877139170866_37.6585375202288759|127.0457848371309240_37.6582173762313985
2026-09-04T23:16:36.811991+09:00,창동 신경제 중심지,창동 신경제 중심지,POI079,KEY_4,1090025600,마들로13길,1090012902,창동 181-43,127.0453731275255507_37.6594515649138302,1090011701,자운초교앞,127.0459069829019256_37.6582649115694394,140.0,28.0,원활,127.0459069829019256_37.6582649115694394|127.0457116955399357_37.6585820735511234|127.0456025303731451_37.6587909309425939|127.0454173469814236_37.6592972108555131|127.0453731275255507_37.6594515649138302
2026-09-04T23:16:36.811991+09:00,창동 신경제 중심지,창동 신경제 중심지,POI079,KEY_4,1090026700,도봉로136길,1090013301,가인지하차도(동측),127.0467851587121118_37.6601264554493653,1090012401,가인지하차도(서측),127.0434019690758447_37.6592482191792328,323.0,41.0,원활,127.0434019690758447_37.6592482191792328|127.0449459729015445_37.6594408745348090|127.0452889685188040_37.6594937760274107|127.0459094737849597_37.6595883924112016|127.0460871253542479_37.6596493826614847|127.0462164208273634_37.6597119908414797|127.0463552639532452_37.6597916263826491|127.0465013091322248_37.6598868585154847|127.0466299946581330_37.6599841362507490|127.0467851587121118_37.6601264554493653
2026-09-04T23:16:36.811991+09:00,창동 신경제 중심지,창동 신경제 중심지,POI079,KEY_4,1090026800,도봉로136길,1090012402,가인지하차도(서측),127.0433808066038495_37.6593550194173048,1090013302,가인지하차도(동측),127.0466786690014942_37.6601935346289025,314.0,37.0,원활,127.0466786690014942_37.6601935346289025|127.0465315242048092_37.6600588908333620|127.0464112099059975_37.6599679417970634|127.0462722745903932_37.6598773459194049|127.0461411508791230_37.6598021364880324|127.0460244898846156_37.6597456490715601|127.0458692292156115_37.6596923435053981|127.0452632093449523_37.6595999359672575|127.0449224698914605_37.6595473831225434|127.0433808066038495_37.6593550194173048
2026-09-04T23:16:36.811991+09:00,창동 신경제 중심지,창동 신경제 중심지,POI079,KEY_4,1090027300,도봉로136길,1090013301,가인지하차도(동측),127.0467851587121118_37.6601264554493653,1090012902,창동 181-43,127.0453731275255507_37.6594515649138302,153.0,27.0,원활,127.0453731275255507_37.6594515649138302|127.0459295954603931_37.6595364159575396|127.0461184430292576_37.6596012507948927|127.0462540574332451_37.6596669179990613|127.0463967585631337_37.6597487665919459|127.0465463603726590_37.6598463181993139|127.0466561771203970_37.6599293322028927|127.0466792286765667_37.6599467575772948|127.0467851587121118_37.6601264554493653
2026-09-04T23:16:36.811991+09:00,창동 신경제 중심지,창동 신경제 중심지,POI079,KEY_4,1090027400,도봉로136길,1090012901,창동 181-33,127.0453095442338025_37.6596620454681101,1090013302,가인지하차도(동측),127.0466786690014942_37.6601935346289025,138.0,21.0,서행,127.0466786690014942_37.6601935346289025|127.0464822889049401_37.6600962694450274|127.0464497241137707_37.6600716525110428|127.0463661585185804_37.6600084820608672|127.0462307798373871_37.6599202056654789|127.0461035141367887_37.6598472092934813|127.0459931720883304_37.6597937809121106|127.0458491074561209_37.6597443199474213|127.0453095442338025_37.6596620454681101
2026-09-04T23:16:36.811991+09:00,창동 신경제 중심지,창동 신경제 중심지,POI079,KEY_4,1090028600,마들로13길,1090012904,창동 182-42,127.0451777079419315_37.6596355056669410,1090015003,방학동이수아파트,127.0447749280397005_37.6626683866843237,339.0,28.5,원활,127.0447749280397005_37.6626683866843237|127.0447781799507965_37.6625605684919194|127.0448094776364343_37.6622725926075290|127.0448330271749455_37.6620559074054384|127.0448660408917902_37.6617521377958155|127.0449787657496898_37.6607266113725672|127.0450308716217052_37.6602367359613410|127.0451179019524801_37.6598232692942716|127.0451777079419315_37.6596355056669410
2026-09-04T23:16:36.811991+09:00,창동 신경제 중심지,창동 신경제 중심지,POI079,KEY_4,1090028700,마들로13길,1090048100,창동 752-1,127.0449685240468511_37.6620652137489174,1090012901,창동 181-33,127.0453095442338025_37.6596620454681101,269.0,40.0,원활,127.0453095442338025_37.6596620454681101|127.0452511118152614_37.6598454986423690|127.0451659196911294_37.6602502350921071|127.0451142654643348_37.6607358721721113|127.0450015311825638_37.6617614969333161|127.0449685240468511_37.6620652137489174
2026-09-04T23:16:36.811991+09:00,창동 신경제 중심지,창동 신경제 중심지,POI079,KEY_4,1090028800,방학로,1090107800,창동 744-14,127.0489627249143183_37.6608726014257869,1090013401,창동 167-4,127.0489118939009217_37.6606289572230395,28.0,22.0,서행,127.0489118939009217_37.6606289572230395|127.0489498056694089_37.6607209344841678|127.0489678202076931_37.6608041551679591|127.0489627249143183_37.6608726014257869
2026-09-04T23:16:36.811991+09:00,창동 신경제 중심지,창동 신경제 중심지,POI079,KEY_4,1090045500,노해로,1090009901,도봉경찰서앞교차로,127.0535457248374058_37.6529848170747670,1100036102,도봉구-노원구,127.0542201693494775_37.6530495292574159,60.0,14.0,정체,127.0542201693494775_37.6530495292574159|127.0535457248374058_37.6529848170747670
2026-09-04T23:16:36.811991+09:00,창동 신경제 중심지,창동 신경제 중심지,POI079,KEY_4,1100003501,동일로,1100118800,상계동 729,127.0607516169090445_37.6535093850099329,1100037200,노원역6번출구,127.0606630381764859_37.6538422534128969,38.0,22.5,서행,127.0606630381764859_37.6538422534128969|127.0607516169090445_37.6535093850099329
2026-09-04T23:16:36.811991+09:00,창동 신경제 중심지,창동 신경제 중심지,POI079,KEY_4,1100003502,동일로,1100037200,노원역6번출구,127.0606630381764859_37.6538422534128969,1100037803,노원역,127.0605624598929069_37.6542202110494344,43.0,15.0,서행,127.0605624598929069_37.6542202110494344|127.0606630381764859_37.6538422534128969
2026-09-04T23:16:36.811991+09:00,창동 신경제 중심지,창동 신경제 중심지,POI079,KEY_4,1100003601,동일로,1100118900,상계동 729,127.0608846580693978_37.6535317641635459,1100035101,상계2-6단지교차로,127.0614219272701604_37.6515126919265697,229.0,26.0,원활,127.0614219272701604_37.6515126919265697|127.0608846580693978_37.6535317641635459
2026-09-04T23:16:36.811991+09:00,창동 신경제 중심지,창동 신경제 중심지,POI079,KEY_4,1100003602,동일로,1100037802,노원역,127.0606939292530768_37.6542485022336564,1100037300,노원역5번출구,127.0607960800482061_37.6538646319994967,44.0,23.0,서행,127.0607960800482061_37.6538646319994967|127.0606939292530768_37.6542485022336564
2026-09-04T23:16:36.811991+09:00,창동 신경제 중심지,창동 신경제 중심지,POI079,KEY_4,1100003803,동부간선도로,1100037402,노원지하차도(북측),127.0551494676314945_37.6548162517717628,1100036201,창동교앞교차로,127.0552628560590733_37.6531854240254873,181.0,24.0,정체,127.0552628560590733_37.6531854240254873|127.0552456307809450_37.6533636469401856|127.0552101207977955_37.6538556847095762|127.0551835032701860_37.6543636332209246|127.0551494676314945_37.6548162517717628
2026-09-04T23:16:36.811991+09:00,창동 신경제 중심지,창동 신경제 중심지,POI079,KEY_4,1100003901,동일로,1100037804,노원역,127.0605341697180251_37.6543260636008839,1100038700,노원역,127.0604128401212449_37.6547779132650504,51.0,14.0,정체,127.0604128401212449_37.6547779132650504|127.0605341697180251_37.6543260636008839
2026-09-04T23:16:36.811991+09:00,창동 신경제 중심지,창동 신경제 중심지,POI079,KEY_4,1100003902,동일로,1100038700,노원역,127.0604128401212449_37.6547779132650504,1100039503,노원역앞교차로,127.0602010162035356_37.6555667697837535,90.0,14.0,정체,127.0602010162035356_37.6555667697837535|127.0604128401212449_37.6547779132650504
2026-09-04T23:16:36.811991+09:00,창동 신경제 중심지,창동 신경제 중심지,POI079,KEY_4,1100004001,동일로,1100038900,노원역3번출구,127.0605458327495398_37.6548004858661827,1100037801,노원역,127.0606655841639991_37.6543545069205265,51.0,27.0,원활,127.0606655841639991_37.6543545069205265|127.0605458327495398_37.6548004858661827
2026-09-04T23:16:36.811991+09:00,창동 신경제 중심지,창동 신경제 중심지,POI079,KEY_4,1100004002,동일로,1100039502,노원역앞교차로,127.0603323409069105_37.6555955551666415,1100038900,노원역3번출구,127.0605458327495398_37.6548004858661827,90.0,29.0,원활,127.0605458327495398_37.6548004858661827|127.0603323409069105_37.6555955551666415
2026-09-04T23:16:36.811991+09:00,창동 신경제 중심지,창동 신경제 중심지,POI079,KEY_4,1100029501,노해로,1100037801,노원역,127.0606655841639991_37.6543545069205265,1100038000,노원역4번출구,127.0611922548889794_37.6544740751006302,48.0,14.0,정체,127.0611922548889794_37.6544740751006302|127.0606655841639991_37.6543545069205265
2026-09-04T23:16:36.811991+09:00,창동 신경제 중심지,창동 신경제 중심지,POI079,KEY_4,1100004201,동부간선도로,1100043101,상계지하차도(남측),127.0531634037664475_37.6594394033891433,1100037401,노원지하차도(북측),127.0550810735712162_37.6548136821399666,544.0,29.0,정체,127.0550810735712162_37.6548136821399666|127.0550754183786353_37.6548876545282312|127.0550350064868041_37.6552723414702726|127.0549942605154996_37.6555073222257377|127.0549352651446071_37.6557679705295314|127.0548623434530811_37.6559895280506751|127.0547626410769055_37.6562386436802115|127.0546675664509024_37.6564477895056200|127.0538272151033539_37.6581441321275960|127.0535934935571163_37.6585986829488846|127.0533198010285787_37.6591310330955693|127.0532160703950382_37.6593465262757903|127.0531634037664475_37.6594394033891433
2026-09-04T23:16:36.811991+09:00,창동 신경제 중심지,창동 신경제 중심지,POI079,KEY_4,1100004202,동부간선로,1100044002,상계교교차로,127.0525798753311761_37.6616411735135159,1100043102,상계지하차도(남측),127.0532250211979317_37.6594615199293088,251.0,4.0,정체,127.0532250211979317_37.6594615199293088|127.0531517721649379_37.6595913943188663|127.0528975679072374_37.6600530138720373|127.0528163525555527_37.6602266198494746|127.0527703698594024_37.6603765367210812|127.0527359662938949_37.6605618650752021|127.0525798753311761_37.6616411735135159
2026-09-04T23:16:36.811991+09:00,창동 신경제 중심지,창동 신경제 중심지,POI079,KEY_4,1100004304,동일로,1100093400,상계동 694-1,127.0595508065029549_37.6580171134395840,1100041708,용화여자고등학교,127.0591558684395892_37.6595067387207934,169.0,47.0,원활,127.0591558684395892_37.6595067387207934|127.0594096658789312_37.6585508591550990|127.0594376678546524_37.6584451578996706|127.0595508065029549_37.6580171134395840
2026-09-04T23:16:36.811991+09:00,창동 신경제 중심지,창동 신경제 중심지,POI079,KEY_4,1100004401,동일로,1100185600,상계동 694-1,127.0601844029978480_37.6561522066921412,1100039501,노원역앞교차로,127.0603040465450704_37.6557015653982390,51.0,31.0,원활,127.0603040465450704_37.6557015653982390|127.0601844029978480_37.6561522066921412
2026-09-04T23:16:36.811991+09:00,창동 신경제 중심지,창동 신경제 중심지,POI079,KEY_4,1100004702,동부간선로,1100044004,상계교교차로,127.0523149905146738_37.6617776542323384,1100044402,상계지하차도(북측),127.0520378561055281_37.6642215993765177,272.0,15.0,정체,127.0520378561055281_37.6642215993765177|127.0521212250492056_37.6635823328015462|127.0522193701827547_37.6625462296288589|127.0522777575375244_37.6620180125495523|127.0523149905146738_37.6617776542323384
2026-09-04T23:16:36.811991+09:00,창동 신경제 중심지,창동 신경제 중심지,POI079,KEY_4,1100004802,동부간선도로,1100002702,상계동699,127.0523840965415587_37.6643456310184632,1100044001,상계교교차로,127.0525935255395922_37.6617487454504882,291.0,45.0,서행,127.0525935255395922_37.6617487454504882|127.0525483028963407_37.6620406979734881|127.0524904805265578_37.6625638117754420|127.0523921692619922_37.6636017117993660|127.0523115180185556_37.6642197151095530|127.0523445020438800_37.6642879542847595|127.0523840965415587_37.6643456310184632
2026-09-04T23:16:36.811991+09:00,창동 신경제 중심지,창동 신경제 중심지,POI079,KEY_4,1100027502,동일로215길,1100088500,상계동 744,127.0607971399296048_37.6513759115603364,1100035104,상계2-6단지교차로,127.0612907362999096_37.6514833723335016,45.0,21.5,서행,127.0612907362999096_37.6514833723335016|127.0607971399296048_37.6513759115603364
2026-09-04T23:16:36.811991+09:00,창동 신경제 중심지,창동 신경제 중심지,POI079,KEY_4,1100028502,노해로,1100036102,도봉구-노원구,127.0542201693494775_37.6530495292574159,1100036204,창동교앞교차로,127.0549921462478125_37.6531412853505643,69.0,18.0,서행,127.0549921462478125_37.6531412853505643|127.0542201693494775_37.6530495292574159
2026-09-04T23:16:36.811991+09:00,창동 신경제 중심지,창동 신경제 중심지,POI079,KEY_4,1100028703,노해로,1100160200,상계동 739,127.0568037160892487_37.6535154115881099,1100037004,상계6동우체국,127.0575257719759037_37.6536755591483541,66.0,26.0,원활,127.0575257719759037_37.6536755591483541|127.0568037160892487_37.6535154115881099
2026-09-04T23:16:36.811991+09:00,창동 신경제 중심지,창동 신경제 중심지,POI079,KEY_4,1100028704,노해로,1100037001,상계6동우체국,127.0576567470603919_37.6537047057676091,1100037504,현대증권빌딩,127.0593355635265027_37.6540794845506213,154.0,14.0,정체,127.0593355635265027_37.6540794845506213|127.0576567470603919_37.6537047057676091
2026-09-04T23:16:36.811991+09:00,창동 신경제 중심지,창동 신경제 중심지,POI079,KEY_4,1100028705,노해로,1100037501,현대증권빌딩,127.0594668905893343_37.6541075996395733,1100037700,노원역7번출구,127.0599891684443605_37.6542145073474472,48.0,15.0,서행,127.0599891684443605_37.6542145073474472|127.0594668905893343_37.6541075996395733
2026-09-04T23:16:36.811991+09:00,창동 신경제 중심지,창동 신경제 중심지,POI079,KEY_4,1100028706,노해로,1100037700,노원역7번출구,127.0599891684443605_37.6542145073474472,1100037804,노원역,127.0605341697180251_37.6543260636008839,50.0,21.0,서행,127.0605341697180251_37.6543260636008839|127.0599891684443605_37.6542145073474472
2026-09-04T23:16:36.811991+09:00,창동 신경제 중심지,창동 신경제 중심지,POI079,KEY_4,1100028803,노해로,1100037600,노원역7번출구,127.0600230742874572_37.6541098040533271,1100037002,상계6동우체국,127.0576932921409679_37.6536005651398114,213.0,16.0,서행,127.0576932921409679_37.6536005651398114|127.0593723237605417_37.6539753916879150|127.0595007964826095_37.6540028963630675|127.0600230742874572_37.6541098040533271
2026-09-04T23:16:36.811991+09:00,창동 신경제 중심지,창동 신경제 중심지,POI079,KEY_4,1100028805,노해로,1100037803,노원역,127.0605624598929069_37.6542202110494344,1100037600,노원역7번출구,127.0600230742874572_37.6541098040533271,49.0,15.0,서행,127.0600230742874572_37.6541098040533271|127.0605624598929069_37.6542202110494344
2026-09-04T23:16:36.811991+09:00,창동 신경제 중심지,창동 신경제 중심지,POI079,KEY_4,1100029502,노해로,1100038000,노원역4번출구,127.0611922548889794_37.6544740751006302,1100038304,롯데백화점(노원점),127.0617632535381034_37.6546037047608451,52.0,6.0,정체,127.0617632535381034_37.6546037047608451|127.0611922548889794_37.6544740751006302
2026-09-04T23:16:36.811991+09:00,창동 신경제 중심지,창동 신경제 중심지,POI079,KEY_4,1100029505,노해로,1100103700,상계동 719,127.0661512914501827_37.6555939228266112,1100039604,상계6·7동주민센터앞교차로,127.0669426069039787_37.6557717283692170,73.0,14.0,정체,127.0669426069039787_37.6557717283692170|127.0661512914501827_37.6555939228266112
2026-09-04T23:16:36.811991+09:00,창동 신경제 중심지,창동 신경제 중심지,POI079,KEY_4,1100029506,노해로,1100038802,한국통신상계,127.0632123465894381_37.6549326661265553,1100038809,상계동323-18,127.0644139438269349_37.6552035258636266,110.0,11.0,정체,127.0644139438269349_37.6552035258636266|127.0635781881673267_37.6550157137258239|127.0632123465894381_37.6549326661265553
2026-09-04T23:16:36.811991+09:00,창동 신경제 중심지,창동 신경제 중심지,POI079,KEY_4,1100029601,노해로,1100037900,노원역4번출구,127.0612295934649723_37.6543701129946840,1100037802,노원역,127.0606939292530768_37.6542485022336564,49.0,25.0,원활,127.0606939292530768_37.6542485022336564|127.0612295934649723_37.6543701129946840
2026-09-04T23:16:36.811991+09:00,창동 신경제 중심지,창동 신경제 중심지,POI079,KEY_4,1100029602,노해로,1100038303,롯데백화점(노원점),127.0618005912647845_37.6544997424504331,1100037900,노원역4번출구,127.0612295934649723_37.6543701129946840,52.0,25.0,원활,127.0612295934649723_37.6543701129946840|127.0618005912647845_37.6544997424504331
2026-09-04T23:16:36.811991+09:00,창동 신경제 중심지,창동 신경제 중심지,POI079,KEY_4,1100029605,노해로,1100038808,상계동323-18,127.0644509316282296_37.6550994845618874,1100038803,한국통신상계,127.0632496825551527_37.6548287033200779,110.0,27.0,원활,127.0632496825551527_37.6548287033200779|127.0636153513994913_37.6549117113266902|127.0644509316282296_37.6550994845618874
2026-09-04T23:16:36.811991+09:00,창동 신경제 중심지,창동 신경제 중심지,POI079,KEY_4,1100029701,상계로,1100038102,노원지하차도,127.0552186408102813_37.6546214256784779,1100038604,속성변화점,127.0557908711694211_37.6547236267635412,52.0,39.0,원활,127.0557908711694211_37.6547236267635412|127.0553671834377667_37.6546338968271357|127.0552186408102813_37.6546214256784779
2026-09-04T23:16:36.811991+09:00,창동 신경제 중심지,창동 신경제 중심지,POI079,KEY_4,1100029702,상계로,1100038604,속성변화점,127.0557908711694211_37.6547236267635412,1100039104,노원구보건소,127.0570870474215752_37.6550080356744132,119.0,24.0,서행,127.0570870474215752_37.6550080356744132|127.0559208786339127_37.6547516866268239|127.0557908711694211_37.6547236267635412
2026-09-04T23:16:36.811991+09:00,창동 신경제 중심지,창동 신경제 중심지,POI079,KEY_4,1100029703,상계로,1100039101,노원구보건소,127.0572186143952251_37.6550367765186706,1100039404,상계동 739-4,127.0588643202721642_37.6553939512818587,151.0,38.0,원활,127.0588643202721642_37.6553939512818587|127.0572186143952251_37.6550367765186706
2026-09-04T23:16:36.811991+09:00,창동 신경제 중심지,창동 신경제 중심지,POI079,KEY_4,1100029704,상계로,1100039401,상계동 739-4,127.0589962601925151_37.6554223038178080,1100039504,노원역앞교차로,127.0601727301481390_37.6556726739564454,107.0,33.0,원활,127.0601727301481390_37.6556726739564454|127.0589962601925151_37.6554223038178080
2026-09-04T23:16:36.811991+09:00,창동 신경제 중심지,창동 신경제 중심지,POI079,KEY_4,1100029801,상계로,1100038603,노원구청,127.0558258743156728_37.6546191522476619,1100038101,노원지하차도,127.0552330818509006_37.6545130739862657,54.0,8.0,정체,127.0552330818509006_37.6545130739862657|127.0553919493096799_37.6545272539378431|127.0558258743156728_37.6546191522476619
2026-09-04T23:16:36.811991+09:00,창동 신경제 중심지,창동 신경제 중심지,POI079,KEY_4,1100029802,상계로,1100039103,노원구보건소,127.0571232861294249_37.6549038277198562,1100038602,노원구청,127.0559571188478429_37.6546474790247601,107.0,12.0,정체,127.0559571188478429_37.6546474790247601|127.0571232861294249_37.6549038277198562
2026-09-04T23:16:36.811991+09:00,창동 신경제 중심지,창동 신경제 중심지,POI079,KEY_4,1100029803,상계로,1100039403,상계동 739-4,127.0589001317584064_37.6552896493156339,1100039102,노원구보건소,127.0572544280862672_37.6549324748313055,151.0,8.0,정체,127.0572544280862672_37.6549324748313055|127.0589001317584064_37.6552896493156339
2026-09-04T23:16:36.811991+09:00,창동 신경제 중심지,창동 신경제 중심지,POI079,KEY_4,1100029804,상계로,1100039503,노원역앞교차로,127.0602010162035356_37.6555667697837535,1100039402,상계동 739-4,127.0590314243780483_37.6553178631760161,107.0,8.0,정체,127.0590314243780483_37.6553178631760161|127.0602010162035356_37.6555667697837535
2026-09-04T23:16:36.811991+09:00,창동 신경제 중심지,창동 신경제 중심지,POI079,KEY_4,1100030102,상계로,1100039501,노원역앞교차로,127.0603040465450704_37.6557015653982390,1100039809,성임빌딩,127.0616502820933391_37.6560069404642164,124.0,15.0,서행,127.0616502820933391_37.6560069404642164|127.0614128756597694_37.6559527379808969|127.0612824146659250_37.6559230764615549|127.0603040465450704_37.6557015653982390
2026-09-04T23:16:36.811991+09:00,창동 신경제 중심지,창동 신경제 중심지,POI079,KEY_4,1100030105,상계로,1100039802,노원역(서울4호선),127.0625678182361469_37.6562131766042825,1100039909,노원역(서울4호선),127.0640678531407275_37.6565499966003827,138.0,13.0,정체,127.0640678531407275_37.6565499966003827|127.0625678182361469_37.6562131766042825
2026-09-04T23:16:36.811991+09:00,창동 신경제 중심지,창동 신경제 중심지,POI079,KEY_4,1100030106,상계로,1100039806,성임빌딩,127.0617837261973904_37.6560371069540665,1100039805,노원역(서울4호선),127.0624372787817009_37.6561838640661151,60.0,14.5,정체,127.0624372787817009_37.6561838640661151|127.0617837261973904_37.6560371069540665
2026-09-04T23:16:36.811991+09:00,창동 신경제 중심지,창동 신경제 중심지,POI079,KEY_4,1100030201,상계로,1100039703,상계동 689-4,127.0613196600456689_37.6558190928418952,1100039502,노원역앞교차로,127.0603323409069105_37.6555955551666415,91.0,14.0,정체,127.0603323409069105_37.6555955551666415|127.0613196600456689_37.6558190928418952
2026-09-04T23:16:36.811991+09:00,창동 신경제 중심지,창동 신경제 중심지,POI079,KEY_4,1100030202,상계로,1100039807,속성변화점,127.0618206904819658_37.6559330592462373,1100039702,상계동 689-4,127.0614504112961498_37.6558488199526451,34.0,10.0,정체,127.0614504112961498_37.6558488199526451|127.0616878173730271_37.6559030221767657|127.0618206904819658_37.6559330592462373
2026-09-04T23:16:36.811991+09:00,창동 신경제 중심지,창동 신경제 중심지,POI079,KEY_4,1100030204,상계로,1100040303,상계초교입구교차로,127.0665586801028297_37.6570292785576513,1100039907,노원역(서울4호선),127.0642133857384408_37.6564684562337533,216.0,17.0,서행,127.0642133857384408_37.6564684562337533|127.0644207962196788_37.6565084470902249|127.0660464057039434_37.6568757110014403|127.0662363313010133_37.6569249576004239|127.0664049700920941_37.6569758547641200|127.0665586801028297_37.6570292785576513
2026-09-04T23:16:36.811991+09:00,창동 신경제 중심지,창동 신경제 중심지,POI079,KEY_4,1100030205,상계로,1100039804,노원역(서울4호선),127.0624656337716658_37.6560778831310046,1100039807,속성변화점,127.0618206904819658_37.6559330592462373,59.0,19.0,서행,127.0618206904819658_37.6559330592462373|127.0624656337716658_37.6560778831310046
2026-09-04T23:16:36.811991+09:00,창동 신경제 중심지,창동 신경제 중심지,POI079,KEY_4,1100030206,상계로,1100039908,노원역(서울4호선),127.0640829296194312_37.6564410345314258,1100039803,노원역(서울4호선),127.0625965572083089_37.6561072819066283,136.0,9.0,정체,127.0625965572083089_37.6561072819066283|127.0640829296194312_37.6564410345314258
2026-09-04T23:16:36.811991+09:00,창동 신경제 중심지,창동 신경제 중심지,POI079,KEY_4,1100030300,노원로,1100172100,상계동 330-40,127.0668101330512201_37.6562287061040379,1100040303,상계초교입구교차로,127.0665586801028297_37.6570292785576513,92.0,23.0,서행,127.0665586801028297_37.6570292785576513|127.0666084395444670_37.6569244507512124|127.0668101330512201_37.6562287061040379
2026-09-04T23:16:36.811991+09:00,창동 신경제 중심지,창동 신경제 중심지,POI079,KEY_4,1100032101,노원로,1100223800,상계동 699,127.0556231703667009_37.6613970760336585,1100044002,상계교교차로,127.0525798753311761_37.6616411735135159,270.0,29.0,원활,127.0525798753311761_37.6616411735135159|127.0556231703667009_37.6613970760336585
2026-09-04T23:16:36.811991+09:00,창동 신경제 중심지,창동 신경제 중심지,POI079,KEY_4,1100032102,노원로,1100043503,온수골사거리,127.0587224144695284_37.6611391975146930,1100043802,상계10단지앞,127.0563734840975627_37.6613366921959454,208.0,20.0,서행,127.0563734840975627_37.6613366921959454|127.0587224144695284_37.6611391975146930
2026-09-04T23:16:36.811991+09:00,창동 신경제 중심지,창동 신경제 중심지,POI079,KEY_4,1100032201,노원로,1100044001,상계교교차로,127.0525935255395922_37.6617487454504882,1100043804,상계10단지앞,127.0562460888175451_37.6614557692127931,324.0,27.0,원활,127.0562460888175451_37.6614557692127931|127.0556368248604571_37.6615046469845751|127.0525935255395922_37.6617487454504882
2026-09-04T23:16:36.811991+09:00,창동 신경제 중심지,창동 신경제 중심지,POI079,KEY_4,1100032202,노원로,1100043801,상계10단지앞,127.0563877863022952_37.6614442102939790,1100043504,온수골사거리,127.0586926817611158_37.6612504184423145,205.0,31.0,원활,127.0586926817611158_37.6612504184423145|127.0563877863022952_37.6614442102939790
2026-09-04T23:16:36.811991+09:00,창동 신경제 중심지,창동 신경제 중심지,POI079,KEY_4,1100032704,방학로,1100044003,상계교교차로,127.0522948218053756_37.6616707337914249,1100044102,도봉구-노원구,127.0513629359133034_37.6617818231301555,83.0,27.0,원활,127.0513629359133034_37.6617818231301555|127.0522948218053756_37.6616707337914249
2026-09-04T23:16:36.811991+09:00,창동 신경제 중심지,창동 신경제 중심지,POI079,KEY_4,1100032804,방학로,1100044101,도봉구-노원구,127.0513817650416115_37.6618888939088308,1100044004,상계교교차로,127.0523149905146738_37.6617776542323384,83.0,25.0,원활,127.0523149905146738_37.6617776542323384|127.0513817650416115_37.6618888939088308
2026-09-04T23:16:36.811991+09:00,창동 신경제 중심지,창동 신경제 중심지,POI079,KEY_4,1100067900,동부간선도로,1100037401,노원지하차도(북측),127.0550810735712162_37.6548136821399666,1100035501,노원지하차도(남측),127.0554050195968330_37.6508008456765353,446.0,41.0,서행,127.0554050195968330_37.6508008456765353|127.0553755713891064_37.6511968811547604|127.0553086107411360_37.6519628930263153|127.0552148689220360_37.6528133123426869|127.0551981671509765_37.6531233789090294|127.0551777961183291_37.6533602558558158|127.0551422352250341_37.6538530117120587|127.0551156205709873_37.6543608728118500|127.0550810735712162_37.6548136821399666
2026-09-04T23:16:36.811991+09:00,창동 신경제 중심지,창동 신경제 중심지,POI079,KEY_4,1100068300,동일로218길,1100190200,상계동 720,127.0634051589872087_37.6539899608348563,1100038804,한국통신상계,127.0631180288482369_37.6548015342588300,94.0,14.0,정체,127.0631180288482369_37.6548015342588300|127.0634051589872087_37.6539899608348563
2026-09-04T23:16:36.811991+09:00,창동 신경제 중심지,창동 신경제 중심지,POI079,KEY_4,1100069300,동일로,1100037200,노원역6번출구,127.0606630381764859_37.6538422534128969,1100037600,노원역7번출구,127.0600230742874572_37.6541098040533271,68.0,15.0,서행,127.0600230742874572_37.6541098040533271|127.0602705087191140_37.6541077984462618|127.0603724161650518_37.6540624530492423|127.0605252744344114_37.6539932432403148|127.0606630381764859_37.6538422534128969
2026-09-04T23:16:36.811991+09:00,창동 신경제 중심지,창동 신경제 중심지,POI079,KEY_4,1100069400,동일로,1100037900,노원역4번출구,127.0612295934649723_37.6543701129946840,1100037300,노원역5번출구,127.0607960800482061_37.6538646319994967,74.0,25.0,원활,127.0607960800482061_37.6538646319994967|127.0609302512468730_37.6542385713914243|127.0610202599500411_37.6543100403441784|127.0612295934649723_37.6543701129946840
2026-09-04T23:16:36.811991+09:00,창동 신경제 중심지,창동 신경제 중심지,POI079,KEY_4,1100069700,노해로75길,1100037004,상계6동우체국,127.0575257719759037_37.6536755591483541,1100039103,노원구보건소,127.0571232861294249_37.6549038277198562,141.0,22.5,서행,127.0571232861294249_37.6549038277198562|127.0572338384282887_37.6545664587634334|127.0573890950643516_37.6540926616434675|127.0575257719759037_37.6536755591483541
2026-09-04T23:16:36.811991+09:00,창동 신경제 중심지,창동 신경제 중심지,POI079,KEY_4,1100069800,노해로75길,1100147500,상계동 739-1,127.0575206901786345_37.6541199193935867,1100037001,상계6동우체국,127.0576567470603919_37.6537047057676091,48.0,21.0,서행,127.0576567470603919_37.6537047057676091|127.0575206901786345_37.6541199193935867
2026-09-04T23:16:36.811991+09:00,창동 신경제 중심지,창동 신경제 중심지,POI079,KEY_4,1100069900,동일로,1100037700,노원역7번출구,127.0599891684443605_37.6542145073474472,1100038700,노원역,127.0604128401212449_37.6547779132650504,77.0,15.0,서행,127.0604128401212449_37.6547779132650504|127.0603608138007559_37.6545463811312402|127.0602407202623709_37.6543485822872128|127.0599891684443605_37.6542145073474472
2026-09-04T23:16:36.811991+09:00,창동 신경제 중심지,창동 신경제 중심지,POI079,KEY_4,1100070000,동일로,1100038900,노원역3번출구,127.0605458327495398_37.6548004858661827,1100038000,노원역4번출구,127.0611922548889794_37.6544740751006302,71.0,38.0,원활,127.0611922548889794_37.6544740751006302|127.0609184791477588_37.6545103362795928|127.0607056837969111_37.6546177196376206|127.0605458327495398_37.6548004858661827
2026-09-04T23:16:36.811991+09:00,창동 신경제 중심지,창동 신경제 중심지,POI079,KEY_4,1100070100,노해로77길,1100090700,상계동 739-1,127.0590171828737880_37.6549643414511834,1100039403,상계동 739-4,127.0589001317584064_37.6552896493156339,38.0,9.0,정체,127.0589001317584064_37.6552896493156339|127.0590171828737880_37.6549643414511834
2026-09-04T23:16:36.811991+09:00,창동 신경제 중심지,창동 신경제 중심지,POI079,KEY_4,1100070200,노해로77길,1100118600,상계동 739-1,127.0593163588078909_37.6545259676868156,1100037501,현대증권빌딩,127.0594668905893343_37.6541075996395733,48.0,13.0,정체,127.0594668905893343_37.6541075996395733|127.0593163588078909_37.6545259676868156
2026-09-04T23:16:36.811991+09:00,창동 신경제 중심지,창동 신경제 중심지,POI079,KEY_4,1100070900,노해로79길,1100038304,롯데백화점(노원점),127.0617632535381034_37.6546037047608451,1100039703,상계동 689-4,127.0613196600456689_37.6558190928418952,140.0,9.0,정체,127.0613196600456689_37.6558190928418952|127.0616408947781792_37.6549389558808443|127.0617632535381034_37.6546037047608451
2026-09-04T23:16:36.811991+09:00,창동 신경제 중심지,창동 신경제 중심지,POI079,KEY_4,1100071000,노해로79길,1100146800,상계동 719-2,127.0617714966166574_37.6549690860650941,1100038301,롯데백화점(노원점),127.0618941423685868_37.6546330462088719,39.0,5.0,정체,127.0618941423685868_37.6546330462088719|127.0617714966166574_37.6549690860650941
2026-09-04T23:16:36.811991+09:00,창동 신경제 중심지,창동 신경제 중심지,POI079,KEY_4,1100072000,상계로1길,1100133400,상계동 689-4,127.0616502907192000_37.6573404427585388,1100039806,성임빌딩,127.0617837261973904_37.6560371069540665,145.0,14.0,정체,127.0617837261973904_37.6560371069540665|127.0617482803136795_37.6563984504689628|127.0617152285937692_37.6567353841633903|127.0616949446273480_37.6569243810628436|127.0616502907192000_37.6573404427585388
2026-09-04T23:16:36.811991+09:00,창동 신경제 중심지,창동 신경제 중심지,POI079,KEY_4,1100072902,상계로5길,1100039909,노원역(서울4호선),127.0640678531407275_37.6565499966003827,1100039903,노원역(서울4호선),127.0635616066518736_37.6569896866315688,103.0,7.0,정체,127.0635616066518736_37.6569896866315688|127.0640509403867071_37.6570758608014131|127.0640678531407275_37.6565499966003827
2026-09-04T23:16:36.811991+09:00,창동 신경제 중심지,창동 신경제 중심지,POI079,KEY_4,1100074000,상계로1길,1100167700,상계동 689-4,127.0615348818948007_37.6584656865977578,1100040801,상계동 689-4,127.0615955129512855_37.6578550941219987,68.0,26.0,원활,127.0615955129512855_37.6578550941219987|127.0615348818948007_37.6584656865977578
2026-09-04T23:16:36.811991+09:00,창동 신경제 중심지,창동 신경제 중심지,POI079,KEY_4,1100075500,상계로1길,1100178200,상계동 689-4,127.0613863709227473_37.6597451288931850,1100042001,상계동 581-197,127.0614905270650326_37.6588970954918310,95.0,15.5,서행,127.0614905270650326_37.6588970954918310|127.0614381565533790_37.6593087331885741|127.0613868385167962_37.6597120938858509|127.0613863709227473_37.6597451288931850
2026-09-04T23:16:36.811991+09:00,창동 신경제 중심지,창동 신경제 중심지,POI079,KEY_4,1100175201,상계로3길,1100084602,상계동358-27,127.0624343956701523_37.6567723394819467,1100039802,노원역(서울4호선),127.0625678182361469_37.6562131766042825,63.0,12.0,정체,127.0625678182361469_37.6562131766042825|127.0624343956701523_37.6567723394819467
2026-09-04T23:16:36.811991+09:00,창동 신경제 중심지,창동 신경제 중심지,POI079,KEY_4,1100077300,동부간선도로,1100044401,상계지하차도(북측),127.0522391122241714_37.6642428852886084,1100043101,상계지하차도(남측),127.0531634037664475_37.6594394033891433,543.0,48.0,서행,127.0531634037664475_37.6594394033891433|127.0530896532811340_37.6595694518560791|127.0528345285101466_37.6600327439112519|127.0527512557655996_37.6602107466547906|127.0527035847874515_37.6603661692527041|127.0526684596108140_37.6605553847439225|127.0525343977077881_37.6616883204855810|127.0524806923268812_37.6620350293671748|127.0524227298465547_37.6625594171862517|127.0523244570151604_37.6635968936766403|127.0522391122241714_37.6642428852886084
2026-09-04T23:16:36.811991+09:00,창동 신경제 중심지,창동 신경제 중심지,POI079,KEY_4,1100078000,한글비석로.노원로사이길,1100043804,상계10단지앞,127.0562460888175451_37.6614557692127931,1100045603,주공10단지앞,127.0550673599237825_37.6643601268637056,352.0,9.0,정체,127.0550673599237825_37.6643601268637056|127.0554504144861028_37.6628553024751653|127.0554784895449956_37.6627981670721965|127.0555290861939852_37.6627525265908076|127.0559344114023475_37.6625536011732436|127.0559614429086253_37.6625382320294477|127.0559763116342396_37.6625158734342236|127.0562460888175451_37.6614557692127931
2026-09-04T23:16:36.811991+09:00,창동 신경제 중심지,창동 신경제 중심지,POI079,KEY_4,1100078100,한글비석로.노원로사이길,1100045602,주공10단지앞,127.0552086527059714_37.6643501883653471,1100043801,상계10단지앞,127.0563877863022952_37.6614442102939790,352.0,14.0,정체,127.0563877863022952_37.6614442102939790|127.0561057210445455_37.6625526080223949|127.0560666734394744_37.6626113255097437|127.0560097782191491_37.6626436743361026|127.0556177444579902_37.6628360769471300|127.0555964221334904_37.6628553112325264|127.0555813803072311_37.6628859210450528|127.0552086527059714_37.6643501883653471
2026-09-04T23:16:36.811991+09:00,창동 신경제 중심지,창동 신경제 중심지,POI079,KEY_4,1100087400,노해로,1100036201,창동교앞교차로,127.0552628560590733_37.6531854240254873,1100036604,노원구청,127.0562587741318907_37.6533952787963315,91.0,15.0,서행,127.0562587741318907_37.6533952787963315|127.0552628560590733_37.6531854240254873
2026-09-04T23:16:36.811991+09:00,창동 신경제 중심지,창동 신경제 중심지,POI079,KEY_4,1100167900,노해로83길,1100038809,상계동323-18,127.0644139438269349_37.6552035258636266,1100084802,상계동327-3,127.0642491087844803_37.6557419745825896,62.0,17.0,서행,127.0642491087844803_37.6557419745825896|127.0644139438269349_37.6552035258636266
2026-09-04T23:16:36.811991+09:00,창동 신경제 중심지,창동 신경제 중심지,POI079,KEY_4,1100168000,노해로83길,1100084801,상계동327-3,127.0643820535794504_37.6557661415304850,1100038806,상계동323-18,127.0645449282982042_37.6552329602418254,61.0,14.0,정체,127.0645449282982042_37.6552329602418254|127.0643820535794504_37.6557661415304850
2026-09-04T23:16:36.811991+09:00,창동 신경제 중심지,창동 신경제 중심지,POI079,KEY_4,1100169300,노해로81길,1100134900,상계동 615-5,127.0626573457765858_37.6559156520498561,1100084701,상계동615-5,127.0627956316247662_37.6554454342408533,54.0,8.0,정체,127.0627956316247662_37.6554454342408533|127.0626573457765858_37.6559156520498561
2026-09-04T23:16:36.811991+09:00,창동 신경제 중심지,창동 신경제 중심지,POI079,KEY_4,1100169400,노해로81길,1100084702,상계동615-5,127.0626624238591944_37.6554244121967372,1100039804,노원역(서울4호선),127.0624656337716658_37.6560778831310046,75.0,14.0,정체,127.0624656337716658_37.6560778831310046|127.0625250625241307_37.6558905771274866|127.0626624238591944_37.6554244121967372
2026-09-04T23:16:36.811991+09:00,창동 신경제 중심지,창동 신경제 중심지,POI079,KEY_4,1100174501,노해로,1100085704,상계동 719-1,127.0628602342563198_37.6547483301789327,1100038302,롯데백화점(노원점),127.0619324534863210_37.6545300954822153,85.0,16.0,서행,127.0619324534863210_37.6545300954822153|127.0628602342563198_37.6547483301789327
2026-09-04T23:16:36.811991+09:00,창동 신경제 중심지,창동 신경제 중심지,POI079,KEY_4,1100174601,노해로,1100038301,롯데백화점(노원점),127.0618941423685868_37.6546330462088719,1100085705,상계동 719-1,127.0628220961756938_37.6548508193401474,85.0,22.0,서행,127.0628220961756938_37.6548508193401474|127.0618941423685868_37.6546330462088719
2026-09-04T23:16:36.811991+09:00,창동 신경제 중심지,창동 신경제 중심지,POI079,KEY_4,1100174701,노해로,1100038804,한국통신상계,127.0631180288482369_37.6548015342588300,1100085703,상계동 719-1,127.0629790946105118_37.6547750764597851,13.0,25.0,원활,127.0629790946105118_37.6547750764597851|127.0631180288482369_37.6548015342588300
2026-09-04T23:16:36.811991+09:00,창동 신경제 중심지,창동 신경제 중심지,POI079,KEY_4,1100174801,노해로,1100085702,상계동 719-1,127.0629479262245525_37.6548785327898230,1100038805,한국통신상계,127.0630856315116972_37.6549056246647567,13.0,14.0,정체,127.0630856315116972_37.6549056246647567|127.0629479262245525_37.6548785327898230
2026-09-04T23:16:36.811991+09:00,창동 신경제 중심지,창동 신경제 중심지,POI079,KEY_4,1100174901,노해로81길,1100099100,상계동 719-2,127.0627236999809924_37.6551624198149781,1100084702,상계동615-5,127.0626624238591944_37.6554244121967372,30.0,5.0,정체,127.0626624238591944_37.6554244121967372|127.0627189374265527_37.6551775017751922|127.0627236999809924_37.6551624198149781
2026-09-04T23:16:36.811991+09:00,창동 신경제 중심지,창동 신경제 중심지,POI079,KEY_4,1100175001,노해로81길,1100099000,상계동 719-2,127.0628497314139480_37.6551876316153340,1100085702,상계동 719-1,127.0629479262245525_37.6548785327898230,35.0,6.0,정체,127.0629479262245525_37.6548785327898230|127.0628497314139480_37.6551876316153340
2026-09-04T23:16:36.811991+09:00,창동 신경제 중심지,창동 신경제 중심지,POI079,KEY_4,1100175101,상계로3길,1100039805,노원역(서울4호선),127.0624372787817009_37.6561838640661151,1100084603,상계동358-27,127.0623057366666870_37.6567535624191336,64.0,12.0,정체,127.0623057366666870_37.6567535624191336|127.0624372787817009_37.6561838640661151
2026-09-04T23:16:36.811991+09:00,창동 신경제 중심지,창동 신경제 중심지,POI079,KEY_4,1100175401,상계로3길,1100085803,상계동 358-27,127.0625982048439795_37.6578902527025861,1100084601,상계동358-27,127.0624185796294512_37.6568807605413056,113.0,10.0,정체,127.0624185796294512_37.6568807605413056|127.0624179095909057_37.6569097680141525|127.0625928662779955_37.6577655585726561|127.0625982048439795_37.6578902527025861
2026-09-04T23:16:36.811991+09:00,창동 신경제 중심지,창동 신경제 중심지,POI079,KEY_4,1100175501,상계로1길,1100085804,상계동 591-23,127.0624768892574679_37.6578730477147872,1100040802,상계동 358-27,127.0616064522038613_37.6577489025194794,78.0,10.0,정체,127.0616064522038613_37.6577489025194794|127.0624768892574679_37.6578730477147872
2026-09-04T23:16:36.811991+09:00,창동 신경제 중심지,창동 신경제 중심지,POI079,KEY_4,1100175601,상계로1길,1100040801,상계동 689-4,127.0615955129512855_37.6578550941219987,1100085805,상계동 358-27,127.0624858941322515_37.6579819113351491,80.0,4.0,정체,127.0624858941322515_37.6579819113351491|127.0615955129512855_37.6578550941219987
2026-09-04T23:16:36.811991+09:00,창동 신경제 중심지,창동 신경제 중심지,POI079,KEY_4,1100175801,노해로83길,1100039907,노원역(서울4호선),127.0642133857384408_37.6564684562337533,1100084801,상계동327-3,127.0643820535794504_37.6557661415304850,79.0,7.0,정체,127.0643820535794504_37.6557661415304850|127.0642966412776644_37.6560694662661248|127.0642133857384408_37.6564684562337533
2026-09-04T23:16:36.811991+09:00,창동 신경제 중심지,창동 신경제 중심지,POI079,KEY_4,1100175901,상계로3길,1100039905,노원역(서울4호선),127.0634069365185468_37.6570838579709033,1100085803,상계동 358-27,127.0625982048439795_37.6578902527025861,173.0,3.0,정체,127.0625982048439795_37.6578902527025861|127.0626958622422791_37.6579039577551100|127.0627553022345921_37.6579176985565311|127.0628443369457869_37.6579597152952061|127.0630645388252589_37.6581092508549489|127.0631083509842227_37.6581296932254901|127.0631226416490307_37.6581094666469198|127.0634069365185468_37.6570838579709033
2026-09-04T23:16:36.811991+09:00,창동 신경제 중심지,창동 신경제 중심지,POI079,KEY_4,1100176301,상계로1길,1100156900,상계동 581-52,127.0620218332388731_37.6588304960798865,1100042002,상계동 689-4,127.0615025806987433_37.6587909756533676,46.0,14.0,정체,127.0615025806987433_37.6587909756533676|127.0617349230349475_37.6588086595681446|127.0620218332388731_37.6588304960798865
2026-09-04T23:16:36.811991+09:00,창동 신경제 중심지,창동 신경제 중심지,POI079,KEY_4,1100176401,상계로1길,1100135100,상계동 581-48,127.0617217468324327_37.6589155227401875,1100085902,상계동 690-3,127.0626532514543925_37.6589897550782453,83.0,16.0,서행,127.0626532514543925_37.6589897550782453|127.0620085000066695_37.6589383751264322|127.0617217468324327_37.6589155227401875
2026-09-04T23:16:36.811991+09:00,청담동 명품거리,청담동 명품거리,POI080,KEY_1,1220033403,선릉로,1220050904,영동고교,127.0395406419754778_37.5217105374167943,1220052203,학동사거리,127.0390906173216194_37.5231203381365219,162.0,42.0,원활,127.0390906173216194_37.5231203381365219|127.0391133064020863_37.5228990829912732|127.0395406419754778_37.5217105374167943
2026-09-04T23:16:36.811991+09:00,청담동 명품거리,청담동 명품거리,POI080,KEY_1,1220033503,선릉로,1220052202,학동사거리,127.0392236802746595_37.5231509477852043,1220050901,영동고교,127.0396699892043557_37.5217435123917369,162.0,14.0,정체,127.0396699892043557_37.5217435123917369|127.0392475112795978_37.5229185559885323|127.0392236802746595_37.5231509477852043
2026-09-04T23:16:36.811991+09:00,청담동 명품거리,청담동 명품거리,POI080,KEY_1,1220034002,삼성로,1220422300,청담동 77-102,127.0477207009805198_37.5234442307542722,1220053003,청담사거리,127.0473345858686827_37.5241777503070679,88.0,22.0,서행,127.0473345858686827_37.5241777503070679|127.0477207009805198_37.5234442307542722
2026-09-04T23:16:36.811991+09:00,청담동 명품거리,청담동 명품거리,POI080,KEY_1,1220034204,도산대로,1220393600,신사동 501-5,127.0382594965785756_37.5229821213989680,1220052204,학동사거리,127.0390861363866435_37.5232347757009777,78.0,9.0,정체,127.0390861363866435_37.5232347757009777|127.0382594965785756_37.5229821213989680
2026-09-04T23:16:36.811991+09:00,청담동 명품거리,청담동 명품거리,POI080,KEY_1,1220034601,도산대로,1220420500,청담동 77,127.0400054812010779_37.5233569151823687,1220052404,청담동 77,127.0413071564451570_37.5235176656433396,116.0,24.0,서행,127.0413071564451570_37.5235176656433396|127.0405339348501172_37.5234221784106481|127.0400054812010779_37.5233569151823687
2026-09-04T23:16:36.811991+09:00,청담동 명품거리,청담동 명품거리,POI080,KEY_1,1220034602,도산대로,1220332800,청담동 77,127.0435213934482874_37.5238023106680032,1220052604,청담동 77,127.0445564869975641_37.5239355211408920,93.0,22.7,서행,127.0445564869975641_37.5239355211408920|127.0435213934482874_37.5238023106680032
2026-09-04T23:16:36.811991+09:00,청담동 명품거리,청담동 명품거리,POI080,KEY_1,1220034603,도산대로,1220276100,청담동 77,127.0463338208116113_37.5241605900114052,1220053004,청담사거리,127.0472792767386068_37.5242802278421408,85.0,40.0,원활,127.0472792767386068_37.5242802278421408|127.0469562705251434_37.5242393555858413|127.0463338208116113_37.5241605900114052
2026-09-04T23:16:36.811991+09:00,청담동 명품거리,청담동 명품거리,POI080,KEY_1,1220034701,도산대로,1220420400,청담동 77,127.0400262819293147_37.5232500722957383,1220052202,학동사거리,127.0392236802746595_37.5231509477852043,72.0,28.0,원활,127.0392236802746595_37.5231509477852043|127.0400262819293147_37.5232500722957383
2026-09-04T23:16:36.811991+09:00,청담동 명품거리,청담동 명품거리,POI080,KEY_1,1220034702,도산대로,1220388200,청담동 77,127.0430425640729339_37.5236311625569741,1220052402,청담동 77,127.0414610013850591_37.5234275992135338,142.0,45.0,원활,127.0414610013850591_37.5234275992135338|127.0430425640729339_37.5236311625569741
2026-09-04T23:16:36.811991+09:00,청담동 명품거리,청담동 명품거리,POI080,KEY_1,1220034703,도산대로,1220334000,청담동 77,127.0455919377749296_37.5239572301738278,1220052602,청담동 77,127.0447121822128764_37.5238458928924103,79.0,16.0,서행,127.0447121822128764_37.5238458928924103|127.0452441209281318_37.5239132131085995|127.0455919377749296_37.5239572301738278
2026-09-04T23:16:36.811991+09:00,청담동 명품거리,청담동 명품거리,POI080,KEY_1,1220034801,도산대로,1220053001,청담사거리,127.0474175095661593_37.5242982591380851,1220053204,송담빌딩,127.0481486203532597_37.5243983508696317,66.0,18.0,서행,127.0481486203532597_37.5243983508696317|127.0474175095661593_37.5242982591380851
2026-09-04T23:16:36.811991+09:00,청담동 명품거리,청담동 명품거리,POI080,KEY_1,1220034901,도산대로,1220419300,청담동 77,127.0488945152498417_37.5243806678289928,1220053002,청담사거리,127.0474721597987724_37.5241960352978836,127.0,24.0,서행,127.0474721597987724_37.5241960352978836|127.0481716169773563_37.5242917934341591|127.0483069155655187_37.5243095041464656|127.0487065910878215_37.5243579088313268|127.0488945152498417_37.5243806678289928
2026-09-04T23:16:36.811991+09:00,청담동 명품거리,청담동 명품거리,POI080,KEY_1,1220035402,선릉로,1220052204,학동사거리,127.0390861363866435_37.5232347757009777,1220053403,신한양빌딩,127.0395014174557389_37.5246137310738916,158.0,15.0,서행,127.0395014174557389_37.5246137310738916|127.0393335370945920_37.5241464881978999|127.0392926724511966_37.5240305434553036|127.0391660322892449_37.5236540272358496|127.0391045399377816_37.5234487055447730|127.0390861363866435_37.5232347757009777
2026-09-04T23:16:36.811991+09:00,청담동 명품거리,청담동 명품거리,POI080,KEY_1,1220035404,선릉로,1220246500,신사동 668-5,127.0403281994726257_37.5269638204885396,1220057303,한양아파트앞교차로,127.0406204313811145_37.5277781125819700,94.0,18.0,서행,127.0406204313811145_37.5277781125819700|127.0403965205514112_37.5271541960037496|127.0403281994726257_37.5269638204885396
2026-09-04T23:16:36.811991+09:00,청담동 명품거리,청담동 명품거리,POI080,KEY_1,1220035501,선릉로,1220052702,키네마극장,127.0394238001620124_37.5240025656407425,1220052201,학동사거리,127.0392244122724463_37.5232604498081272,84.0,22.0,서행,127.0392244122724463_37.5232604498081272|127.0392392010293747_37.5234323545396080|127.0392976430606637_37.5236274895412407|127.0394238001620124_37.5240025656407425
2026-09-04T23:16:36.811991+09:00,청담동 명품거리,청담동 명품거리,POI080,KEY_1,1220035502,선릉로,1220053402,신한양빌딩,127.0396319308838002_37.5245839844116418,1220052701,키네마극장,127.0394640495580632_37.5241167418134012,54.0,18.0,서행,127.0394640495580632_37.5241167418134012|127.0396319308838002_37.5245839844116418
2026-09-04T23:16:36.811991+09:00,청담동 명품거리,청담동 명품거리,POI080,KEY_1,1220035802,압구정로,1220220700,청담동 145,127.0445468381688698_37.5267788078608433,1220056102,갤러리아주유소,127.0438011178044917_37.5269658372789365,69.0,30.0,원활,127.0438011178044917_37.5269658372789365|127.0445468381688698_37.5267788078608433
2026-09-04T23:16:36.811991+09:00,청담동 명품거리,청담동 명품거리,POI080,KEY_1,1220035803,압구정로,1220056103,갤러리아주유소,127.0436709090198946_37.5269988640954608,1220056302,압구정로데오역3번출구,127.0423691118125902_37.5273328330233085,121.0,23.0,서행,127.0423691118125902_37.5273328330233085|127.0431965413789044_37.5271205625181921|127.0436709090198946_37.5269988640954608
2026-09-04T23:16:36.811991+09:00,청담동 명품거리,청담동 명품거리,POI080,KEY_1,1220035804,압구정로,1220056303,압구정로데오역3번출구,127.0422397642238650_37.5273658980511087,1220057302,한양아파트앞교차로,127.0407498452267987_37.5277452900861377,138.0,39.0,원활,127.0407498452267987_37.5277452900861377|127.0422397642238650_37.5273658980511087
2026-09-04T23:16:36.811991+09:00,청담동 명품거리,청담동 명품거리,POI080,KEY_1,1220035901,압구정로,1220054302,갤러리미,127.0470610783825549_37.5249488711662522,1220053001,청담사거리,127.0474175095661593_37.5242982591380851,79.0,23.0,서행,127.0474175095661593_37.5242982591380851|127.0470610783825549_37.5249488711662522
2026-09-04T23:16:36.811991+09:00,청담동 명품거리,청담동 명품거리,POI080,KEY_1,1220035902,압구정로,1220334200,청담동 145,127.0467277844240357_37.5255109620662850,1220054301,갤러리미,127.0470030647285284_37.5250513268144701,57.0,28.0,원활,127.0470030647285284_37.5250513268144701|127.0467277844240357_37.5255109620662850
2026-09-04T23:16:36.811991+09:00,청담동 명품거리,청담동 명품거리,POI080,KEY_1,1220035903,압구정로,1220193500,압구정동 394,127.0432381654295426_37.5272234752543667,1220056104,갤러리아주유소,127.0437125335026849_37.5271017764067949,44.0,44.0,원활,127.0437125335026849_37.5271017764067949|127.0432381654295426_37.5272234752543667
2026-09-04T23:16:36.811991+09:00,청담동 명품거리,청담동 명품거리,POI080,KEY_1,1220036205,압구정로,1220057902,압구정로데오역6번출구,127.0391308114570563_37.5281543012393257,1220058002,뉴스포유,127.0384385465388561_37.5283499106960861,65.0,27.0,원활,127.0384385465388561_37.5283499106960861|127.0391308114570563_37.5281543012393257
2026-09-04T23:16:36.811991+09:00,청담동 명품거리,청담동 명품거리,POI080,KEY_1,1220036206,압구정로,1220235400,신사동 667-35,127.0398194246827615_37.5279804016432124,1220057902,압구정로데오역6번출구,127.0391308114570563_37.5281543012393257,64.0,19.7,서행,127.0391308114570563_37.5281543012393257|127.0398194246827615_37.5279804016432124
2026-09-04T23:16:36.811991+09:00,청담동 명품거리,청담동 명품거리,POI080,KEY_1,1220036305,압구정로,1220058001,뉴스포유,127.0384839451984220_37.5284518029265755,1220057901,압구정로데오역6번출구,127.0391740239717961_37.5282567812238455,65.0,46.0,원활,127.0391740239717961_37.5282567812238455|127.0384839451984220_37.5284518029265755
2026-09-04T23:16:36.811991+09:00,청담동 명품거리,청담동 명품거리,POI080,KEY_1,1220036306,압구정로,1220057901,압구정로데오역6번출구,127.0391740239717961_37.5282567812238455,1220057304,한양아파트앞교차로,127.0406568798343869_37.5278823322351158,138.0,42.0,원활,127.0406568798343869_37.5278823322351158|127.0398604514468985_37.5280834481610981|127.0391740239717961_37.5282567812238455
2026-09-04T23:16:36.811991+09:00,청담동 명품거리,청담동 명품거리,POI080,KEY_1,1220036500,선릉로,1220256600,압구정동 495,127.0411012237221939_37.5287721982316143,1220057301,한양아파트앞교차로,127.0407863594955415_37.5278495043803346,106.0,28.7,원활,127.0407863594955415_37.5278495043803346|127.0411012237221939_37.5287721982316143
2026-09-04T23:16:36.811991+09:00,청담동 명품거리,청담동 명품거리,POI080,KEY_1,1220094100,선릉로148길,1220273700,청담동 77-28,127.0431444223127073_37.5229457315852954,1220052603,청담동 77,127.0445781402144121_37.5238287856286306,217.0,18.0,서행,127.0445781402144121_37.5238287856286306|127.0447120599987159_37.5231471090591455|127.0443800312351357_37.5231044587397022|127.0439681977920259_37.5230515558498112|127.0435562545624606_37.5229986373450899|127.0431444223127073_37.5229457315852954
2026-09-04T23:16:36.811991+09:00,청담동 명품거리,청담동 명품거리,POI080,KEY_1,1220094400,도산대로58길,1220052402,청담동 77,127.0414610013850591_37.5234275992135338,1220052001,금구빌딩,127.0415897599450830_37.5227459992821579,77.0,11.0,정체,127.0415897599450830_37.5227459992821579|127.0414610013850591_37.5234275992135338
2026-09-04T23:16:36.811991+09:00,청담동 명품거리,청담동 명품거리,POI080,KEY_1,1220094500,도산대로58길,1220052004,금구빌딩,127.0414555227100522_37.5227299126895915,1220052403,청담동 77,127.0413269166477477_37.5234106937366789,76.0,19.0,서행,127.0413269166477477_37.5234106937366789|127.0414555227100522_37.5227299126895915
2026-09-04T23:16:36.811991+09:00,청담동 명품거리,청담동 명품거리,POI080,KEY_1,1220095300,선릉로152길,1220319500,청담동 139-1,127.0402782679631741_37.5241051716234963,1220052702,키네마극장,127.0394238001620124_37.5240025656407425,76.0,18.0,서행,127.0394238001620124_37.5240025656407425|127.0402782679631741_37.5241051716234963
2026-09-04T23:16:36.811991+09:00,청담동 명품거리,청담동 명품거리,POI080,KEY_1,1220095400,선릉로152길,1220319400,청담동 139-1,127.0402580301235815_37.5242120839654163,1220052401,청담동 77,127.0414412487968434_37.5235345793648207,176.0,10.0,정체,127.0414412487968434_37.5235345793648207|127.0413128808020531_37.5242458193041557|127.0412157654857310_37.5243077538981922|127.0411093794579500_37.5243143088269946|127.0402580301235815_37.5242120839654163
2026-09-04T23:16:36.811991+09:00,청담동 명품거리,청담동 명품거리,POI080,KEY_1,1220095900,도산대로81길,1220053204,송담빌딩,127.0481486203532597_37.5243983508696317,1220054703,청담동 119-8,127.0478075108107561_37.5250369358867317,77.0,12.0,정체,127.0478075108107561_37.5250369358867317|127.0481486203532597_37.5243983508696317
2026-09-04T23:16:36.811991+09:00,청담동 명품거리,청담동 명품거리,POI080,KEY_1,1220096000,도산대로81길,1220054702,청담동 139-19,127.0479462450272479_37.5250533970465483,1220053201,송담빌딩,127.0482865073313974_37.5244163956772354,77.0,16.0,서행,127.0482865073313974_37.5244163956772354|127.0479462450272479_37.5250533970465483
2026-09-04T23:16:36.811991+09:00,청담동 명품거리,청담동 명품거리,POI080,KEY_1,1220096600,압구정로79길,1220054703,청담동 119-8,127.0478075108107561_37.5250369358867317,1220054302,갤러리미,127.0470610783825549_37.5249488711662522,67.0,17.0,서행,127.0470610783825549_37.5249488711662522|127.0478075108107561_37.5250369358867317
2026-09-04T23:16:36.811991+09:00,청담동 명품거리,청담동 명품거리,POI080,KEY_1,1220096700,압구정로79길,1220054301,갤러리미,127.0470030647285284_37.5250513268144701,1220054704,청담동 118-22,127.0477536352439500_37.5251398799896023,67.0,18.0,서행,127.0477536352439500_37.5251398799896023|127.0470030647285284_37.5250513268144701
2026-09-04T23:16:36.811991+09:00,청담동 명품거리,청담동 명품거리,POI080,KEY_1,1220097400,압구정로79길,1220386200,청담동 139-20,127.0490025359680004_37.5251791459004878,1220054702,청담동 139-19,127.0479462450272479_37.5250533970465483,94.0,13.0,정체,127.0479462450272479_37.5250533970465483|127.0481650432785301_37.5250794452541570|127.0490025359680004_37.5251791459004878
2026-09-04T23:16:36.811991+09:00,청담동 명품거리,청담동 명품거리,POI080,KEY_1,1220097900,압구정로60길,1220206400,청담동 139-2,127.0420188424852199_37.5267405370192932,1220056303,압구정로데오역3번출구,127.0422397642238650_37.5273658980511087,72.0,18.0,서행,127.0422397642238650_37.5273658980511087|127.0420188424852199_37.5267405370192932
2026-09-04T23:16:36.811991+09:00,청담동 명품거리,청담동 명품거리,POI080,KEY_1,1220099600,도산대로81길,1220236300,청담동 139-12,127.0456724149564565_37.5272523241087086,1220057202,청담고등학교,127.0440869789984362_37.5276617362854026,147.0,17.0,서행,127.0440869789984362_37.5276617362854026|127.0455677470908142_37.5272771508824405|127.0456724149564565_37.5272523241087086
2026-09-04T23:16:36.811991+09:00,청담동 명품거리,청담동 명품거리,POI080,KEY_1,1220099700,도산대로81길,1220278300,청담동 117-11,127.0477493139133571_37.5254322932834725,1220054701,청담동 117-41,127.0478919747894366_37.5251562571136645,33.0,13.0,정체,127.0478919747894366_37.5251562571136645|127.0477493139133571_37.5254322932834725
2026-09-04T23:16:36.811991+09:00,청담동 명품거리,청담동 명품거리,POI080,KEY_1,1220100000,압구정로61길,1220057202,청담고등학교,127.0440869789984362_37.5276617362854026,1220056101,갤러리아주유소,127.0438418944384722_37.5270689653471052,69.0,20.0,서행,127.0438418944384722_37.5270689653471052|127.0440869789984362_37.5276617362854026
2026-09-04T23:16:36.811991+09:00,청담동 명품거리,청담동 명품거리,POI080,KEY_1,1220100100,압구정로61길,1220056104,갤러리아주유소,127.0437125335026849_37.5271017764067949,1220057203,청담고등학교,127.0439580323542685_37.5276955526107088,69.0,6.0,정체,127.0439580323542685_37.5276955526107088|127.0437125335026849_37.5271017764067949
2026-09-04T23:16:36.811991+09:00,청담동 명품거리,청담동 명품거리,POI080,KEY_1,1220102200,압구정로61길,1220059202,청담동146,127.0447847882395820_37.5295286080348589,1220057201,청담고등학교,127.0441233321837302_37.5277660190179034,204.0,20.5,서행,127.0441233321837302_37.5277660190179034|127.0441454282712925_37.5278450321291004|127.0447136572623634_37.5293809991963343|127.0447847882395820_37.5295286080348589
2026-09-04T23:16:36.811991+09:00,청담동 명품거리,청담동 명품거리,POI080,KEY_1,1220102300,압구정로61길,1220057204,청담고등학교,127.0439908212839555_37.5277895232034879,1220059203,청담동146,127.0446578851777844_37.5295670242574815,206.0,25.0,원활,127.0446578851777844_37.5295670242574815|127.0445849654173713_37.5294157030726865|127.0440139116746536_37.5278720932492433|127.0439908212839555_37.5277895232034879
2026-09-04T23:16:36.811991+09:00,청량리 제기동 일대 전통시장,청량리 제기동 일대 전통시장,POI081,KEY_2,1050000602,왕산로,1050126800,제기동 65,127.0362189659637409_37.5782333123089956,1050020304,롯데불로장생센터,127.0367530334879262_37.5782346903608229,47.0,39.0,원활,127.0367530334879262_37.5782346903608229|127.0365320150396542_37.5782347589657988|127.0363950854085573_37.5782343662634304|127.0362189659637409_37.5782333123089956
2026-09-04T23:16:36.811991+09:00,청량리 제기동 일대 전통시장,청량리 제기동 일대 전통시장,POI081,KEY_2,1050000603,왕산로,1050146300,경동시장교차로,127.0377568941338069_37.5782291365763186,1050020604,경동시장앞교차로,127.0382626475470005_37.5782304860527674,45.0,31.0,원활,127.0382626475470005_37.5782304860527674|127.0380992447732211_37.5782271168700461|127.0377568941338069_37.5782291365763186
2026-09-04T23:16:36.811991+09:00,청량리 제기동 일대 전통시장,청량리 제기동 일대 전통시장,POI081,KEY_2,1050000701,왕산로,1050020403,거창박물관,127.0363961067295975_37.5781262493958934,1050020202,제기동역앞교차로,127.0350186845859071_37.5781180002810231,122.0,22.0,서행,127.0350186845859071_37.5781180002810231|127.0362199874640794_37.5781251955479050|127.0363961067295975_37.5781262493958934
2026-09-04T23:16:36.811991+09:00,청량리 제기동 일대 전통시장,청량리 제기동 일대 전통시장,POI081,KEY_2,1050000702,왕산로,1050020603,경동시장앞교차로,127.0382559889091851_37.5781221935232352,1050020402,거창박물관,127.0365319622162446_37.5781266396877953,152.0,16.0,서행,127.0365319622162446_37.5781266396877953|127.0367529803449287_37.5781265710830752|127.0368879977427383_37.5781261359952481|127.0377558874124730_37.5781210203146117|127.0381005006231021_37.5781189872597778|127.0382559889091851_37.5781221935232352
2026-09-04T23:16:36.811991+09:00,청량리 제기동 일대 전통시장,청량리 제기동 일대 전통시장,POI081,KEY_2,1050000805,왕산로,1050078400,용두동 237-10,127.0328437287515158_37.5782055282031209,1050020204,제기동역앞교차로,127.0348721570958048_37.5782248982015759,179.0,40.0,원활,127.0348721570958048_37.5782248982015759|127.0342286216703940_37.5782181034275240|127.0340930330730203_37.5782167762136936|127.0333561954754202_37.5782101437556761|127.0328437287515158_37.5782055282031209
2026-09-04T23:16:36.811991+09:00,청량리 제기동 일대 전통시장,청량리 제기동 일대 전통시장,POI081,KEY_2,1050012300,정릉천동로,1050205500,최소노드배치점,127.0352557866026046_37.5805209542112593,1050024903,삼일교교차로,127.0358838975770226_37.5827936480942881,258.0,26.0,원활,127.0358838975770226_37.5827936480942881|127.0357438615155417_37.5822893839192602|127.0356813917577767_37.5820644305913447|127.0356167000519463_37.5818314745652486|127.0354643794722023_37.5812829594291102|127.0352557866026046_37.5805209542112593
2026-09-04T23:16:36.811991+09:00,청량리 제기동 일대 전통시장,청량리 제기동 일대 전통시장,POI081,KEY_2,1050000903,왕산로,1050134300,용두동 237-10,127.0333577323084455_37.5781020315640149,1050019000,용두동 237-10,127.0310923042340221_37.5778729830476337,203.0,16.0,서행,127.0310923042340221_37.5778729830476337|127.0311897460573789_37.5778996024433667|127.0313725461128769_37.5779446496631593|127.0314865147686163_37.5779727357437210|127.0316987920672602_37.5780149121333054|127.0318449369934228_37.5780381337654461|127.0322289141872574_37.5780798528057787|127.0323768897642651_37.5780921361113442|127.0327721188330088_37.5780967572699751|127.0328452663248271_37.5780974162274575|127.0333577323084455_37.5781020315640149
2026-09-04T23:16:36.811991+09:00,청량리 제기동 일대 전통시장,청량리 제기동 일대 전통시장,POI081,KEY_2,1050000904,왕산로,1050020203,제기동역앞교차로,127.0348828212866437_37.5781168818358680,1050020102,제기동역(서울1호선),127.0342304242250435_37.5781099935200587,58.0,15.0,서행,127.0342304242250435_37.5781099935200587|127.0348828212866437_37.5781168818358680
2026-09-04T23:16:36.811991+09:00,청량리 제기동 일대 전통시장,청량리 제기동 일대 전통시장,POI081,KEY_2,1050001001,왕산로,1050058500,제기동 65,127.0401839283384646_37.5786651080944338,1050022504,우리은행청량리중앙지,127.0412171089013640_37.5789936056868541,98.0,36.0,원활,127.0412171089013640_37.5789936056868541|127.0401839283384646_37.5786651080944338
2026-09-04T23:16:36.811991+09:00,청량리 제기동 일대 전통시장,청량리 제기동 일대 전통시장,POI081,KEY_2,1050001002,왕산로,1050022501,우리은행청량리중앙지,127.0413432654145964_37.5790337160642736,1050022904,성바오로병원앞교차로,127.0424652197496442_37.5793904239257515,107.0,32.0,원활,127.0424652197496442_37.5793904239257515|127.0413432654145964_37.5790337160642736
2026-09-04T23:16:36.811991+09:00,청량리 제기동 일대 전통시장,청량리 제기동 일대 전통시장,POI081,KEY_2,1050001102,왕산로,1050106000,용두동 47-1,127.0389112712416306_37.5781951845056170,1050020602,경동시장앞교차로,127.0383924185722861_37.5781286412846640,46.0,6.0,정체,127.0383924185722861_37.5781286412846640|127.0385129351531077_37.5781383554420785|127.0387260227668236_37.5781649344333673|127.0389112712416306_37.5781951845056170
2026-09-04T23:16:36.811991+09:00,청량리 제기동 일대 전통시장,청량리 제기동 일대 전통시장,POI081,KEY_2,1050001201,왕산로,1050157100,청량리동 819,127.0443155962862960_37.5799691385054686,1050023304,청량리역교차로,127.0450836083853687_37.5802111516784834,73.0,10.0,정체,127.0450836083853687_37.5802111516784834|127.0449207607042013_37.5801564626971896|127.0443155962862960_37.5799691385054686
2026-09-04T23:16:36.811991+09:00,청량리 제기동 일대 전통시장,청량리 제기동 일대 전통시장,POI081,KEY_2,1050001300,왕산로,1050125800,전농동 620-67,127.0435716348771962_37.5796223090761288,1050022902,성바오로병원앞교차로,127.0426423168874948_37.5793300644201622,88.0,17.0,서행,127.0426423168874948_37.5793300644201622|127.0435716348771962_37.5796223090761288
2026-09-04T23:16:36.811991+09:00,청량리 제기동 일대 전통시장,청량리 제기동 일대 전통시장,POI081,KEY_2,1050001401,왕산로,1050023301,청량리역교차로,127.0452125325349328_37.5802545562535357,1050023700,청량리역,127.0459363049394881_37.5806812079750898,80.0,15.0,서행,127.0459363049394881_37.5806812079750898|127.0457255197295297_37.5805163728220961|127.0454714752361554_37.5803608251852310|127.0453261446361637_37.5802928641571015|127.0452125325349328_37.5802545562535357
2026-09-04T23:16:36.811991+09:00,청량리 제기동 일대 전통시장,청량리 제기동 일대 전통시장,POI081,KEY_2,1050001501,왕산로,1050034502,청량리역,127.0459964287098984_37.5805780358841730,1050023302,청량리역교차로,127.0452326500566897_37.5801439168176401,84.0,13.0,정체,127.0452326500566897_37.5801439168176401|127.0453873160173117_37.5801960676144873|127.0455476013765690_37.5802710217187794|127.0458149484949075_37.5804347135205106|127.0459964287098984_37.5805780358841730
2026-09-04T23:16:36.811991+09:00,청량리 제기동 일대 전통시장,청량리 제기동 일대 전통시장,POI081,KEY_2,1050001502,왕산로,1050048500,전농동 620-67,127.0464947999503522_37.5810643971102678,1050034501,청량리역,127.0460892333836540_37.5806594998506540,57.0,34.0,원활,127.0460892333836540_37.5806594998506540|127.0463540022838913_37.5809185817681310|127.0464947999503522_37.5810643971102678
2026-09-04T23:16:36.811991+09:00,청량리 제기동 일대 전통시장,청량리 제기동 일대 전통시장,POI081,KEY_2,1050010501,고산자로,1050105600,용두동 47-1,127.0382217953188473_37.5775822640354562,1050020603,경동시장앞교차로,127.0382559889091851_37.5781221935232352,60.0,28.5,원활,127.0382559889091851_37.5781221935232352|127.0382217953188473_37.5775822640354562
2026-09-04T23:16:36.811991+09:00,청량리 제기동 일대 전통시장,청량리 제기동 일대 전통시장,POI081,KEY_2,1050010900,답십리로,1050017604,전농동 673,127.0457576196628935_37.5768828489976059,1050022903,성바오로병원앞교차로,127.0425156165576084_37.5792900196769892,399.0,41.0,원활,127.0425156165576084_37.5792900196769892|127.0426056919961582_37.5791458580297046|127.0430899902156057_37.5785181606433483|127.0432300333997233_37.5783654927604331|127.0433326010899009_37.5782738231559179|127.0435590272505948_37.5781070243800386|127.0441283095776015_37.5777284584770896|127.0443449053242659_37.5776121265381136|127.0457576196628935_37.5768828489976059
2026-09-04T23:16:36.811991+09:00,청량리 제기동 일대 전통시장,청량리 제기동 일대 전통시장,POI081,KEY_2,1050011000,답십리로,1050022902,성바오로병원앞교차로,127.0426423168874948_37.5793300644201622,1050017601,전농동 588-176,127.0458409183235062_37.5769687193368966,392.0,14.0,정체,127.0458409183235062_37.5769687193368966|127.0444198690210698_37.5777022995842671|127.0442100713277256_37.5778149800870054|127.0436487758609871_37.5781882356696144|127.0434296937124969_37.5783496241472719|127.0433358702342588_37.5784334799077229|127.0432029140465886_37.5785784210990315|127.0427246324008195_37.5791983213650767|127.0426423168874948_37.5793300644201622
2026-09-04T23:16:36.811991+09:00,청량리 제기동 일대 전통시장,청량리 제기동 일대 전통시장,POI081,KEY_2,1050012400,정릉천동로,1050161300,제기동 891-2,127.0353295952309054_37.5802826594421475,1050020201,제기동역앞교차로,127.0350088500129999_37.5782260634865750,231.0,26.0,원활,127.0350088500129999_37.5782260634865750|127.0349716319646660_37.5784669023516287|127.0349890060903988_37.5786412323471524|127.0351327525282130_37.5795110371786407|127.0352012851466128_37.5798139264052011|127.0353295952309054_37.5802826594421475
2026-09-04T23:16:36.811991+09:00,청량리 제기동 일대 전통시장,청량리 제기동 일대 전통시장,POI081,KEY_2,1050012500,고산자로,1050050200,제기동 856,127.0385240878603810_37.5824894518006971,1050003703,제기사거리,127.0385501171187173_37.5829003676783273,46.0,23.0,서행,127.0385501171187173_37.5829003676783273|127.0385240878603810_37.5824894518006971
2026-09-04T23:16:36.811991+09:00,청량리 제기동 일대 전통시장,청량리 제기동 일대 전통시장,POI081,KEY_2,1050012600,고산자로,1050101400,제기동 856,127.0384331056866500_37.5788111183911084,1050020601,경동시장앞교차로,127.0383990846547846_37.5782378507115453,64.0,18.0,서행,127.0383990846547846_37.5782378507115453|127.0384331056866500_37.5788111183911084
2026-09-04T23:16:36.811991+09:00,청량리 제기동 일대 전통시장,청량리 제기동 일대 전통시장,POI081,KEY_2,1050013102,홍릉로,1050090300,청량리동 819,127.0443578463446528_37.5826518145000961,1050003803,동대문경찰서앞교차로,127.0442216705502148_37.5830737817513381,48.0,17.0,서행,127.0442216705502148_37.5830737817513381|127.0443578463446528_37.5826518145000961
2026-09-04T23:16:36.811991+09:00,청량리 제기동 일대 전통시장,청량리 제기동 일대 전통시장,POI081,KEY_2,1050013201,홍릉로,1050023900,청량리역2번출구,127.0450753633898699_37.5808453639440785,1050023301,청량리역교차로,127.0452125325349328_37.5802545562535357,67.0,35.0,원활,127.0452125325349328_37.5802545562535357|127.0451539497365872_37.5805498205869384|127.0450753633898699_37.5808453639440785
2026-09-04T23:16:36.811991+09:00,청량리 제기동 일대 전통시장,청량리 제기동 일대 전통시장,POI081,KEY_2,1050013202,홍릉로,1050151800,청량리동 819,127.0449903248618995_37.5811265490759752,1050023900,청량리역2번출구,127.0450753633898699_37.5808453639440785,32.0,24.0,서행,127.0450753633898699_37.5808453639440785|127.0450486820941194_37.5809457078844105|127.0449903248618995_37.5811265490759752
2026-09-04T23:16:36.811991+09:00,청량리 제기동 일대 전통시장,청량리 제기동 일대 전통시장,POI081,KEY_2,1050013500,약령시로,1050048900,제기동 55-11,127.0350291400294651_37.5828772563283451,1050024904,삼일교교차로,127.0359134734853370_37.5829026882320463,78.0,19.5,서행,127.0359134734853370_37.5829026882320463|127.0350291400294651_37.5828772563283451
2026-09-04T23:16:36.811991+09:00,청량리 제기동 일대 전통시장,청량리 제기동 일대 전통시장,POI081,KEY_2,1050013701,약령시로,1050114900,제기동 888-1,127.0366790136575901_37.5829254133888497,1050025004,제기동주민센터,127.0372114253206632_37.5829412517639199,47.0,13.0,정체,127.0372114253206632_37.5829412517639199|127.0366790136575901_37.5829254133888497
2026-09-04T23:16:36.811991+09:00,청량리 제기동 일대 전통시장,청량리 제기동 일대 전통시장,POI081,KEY_2,1050013702,약령시로,1050108800,제기동 852-1,127.0380271771814904_37.5829817223960205,1050003704,제기사거리,127.0385512936609018_37.5830087754357365,46.0,13.0,정체,127.0385512936609018_37.5830087754357365|127.0380271771814904_37.5829817223960205
2026-09-04T23:16:36.811991+09:00,청량리 제기동 일대 전통시장,청량리 제기동 일대 전통시장,POI081,KEY_2,1050013801,약령시로,1050115000,제기동 888-1,127.0366840889514464_37.5828173691781373,1050024902,삼일교교차로,127.0360241678695701_37.5827977342635364,58.0,30.0,원활,127.0360241678695701_37.5827977342635364|127.0366840889514464_37.5828173691781373
2026-09-04T23:16:36.811991+09:00,청량리 제기동 일대 전통시장,청량리 제기동 일대 전통시장,POI081,KEY_2,1050013802,약령시로,1050108900,제기동 852-1,127.0380359706663143_37.5828738295813238,1050025002,제기동주민센터,127.0373532285007769_37.5828385857854954,60.0,18.0,서행,127.0373532285007769_37.5828385857854954|127.0380359706663143_37.5828738295813238
2026-09-04T23:16:36.811991+09:00,청량리 제기동 일대 전통시장,청량리 제기동 일대 전통시장,POI081,KEY_2,1050013901,약령시로,1050116700,제기동 856,127.0392148170582942_37.5830357530155155,1050025204,제기동 856,127.0404427896859261_37.5830841700302614,109.0,10.0,정체,127.0404427896859261_37.5830841700302614|127.0392148170582942_37.5830357530155155
2026-09-04T23:16:36.811991+09:00,청량리 제기동 일대 전통시장,청량리 제기동 일대 전통시장,POI081,KEY_2,1050013902,약령시로,1050098700,제기동 851,127.0435420817761809_37.5831645498471261,1050003804,동대문경찰서앞교차로,127.0441863415581878_37.5831810520431091,57.0,29.7,원활,127.0441863415581878_37.5831810520431091|127.0435420817761809_37.5831645498471261
2026-09-04T23:16:36.811991+09:00,청량리 제기동 일대 전통시장,청량리 제기동 일대 전통시장,POI081,KEY_2,1050014001,약령시로,1050116800,제기동 856,127.0392215406190388_37.5829277664627526,1050003702,제기사거리,127.0386865463234329_37.5829066687372162,47.0,28.0,원활,127.0386865463234329_37.5829066687372162|127.0392215406190388_37.5829277664627526
2026-09-04T23:16:36.811991+09:00,청량리 제기동 일대 전통시장,청량리 제기동 일대 전통시장,POI081,KEY_2,1050014002,약령시로,1050176000,제기동 851,127.0417333242454845_37.5830100259550690,1050025202,제기동 851,127.0405836866488585_37.5829805524707936,102.0,19.0,서행,127.0405836866488585_37.5829805524707936|127.0417333242454845_37.5830100259550690
2026-09-04T23:16:36.811991+09:00,청량리 제기동 일대 전통시장,청량리 제기동 일대 전통시장,POI081,KEY_2,1050014100,약령시로,1050113000,청량리동 341,127.0447216570387070_37.5831596059123498,1050003802,동대문경찰서앞교차로,127.0443568554020004_37.5830895270839775,33.0,23.0,서행,127.0443568554020004_37.5830895270839775|127.0447216570387070_37.5831596059123498
2026-09-04T23:16:36.811991+09:00,청량리 제기동 일대 전통시장,청량리 제기동 일대 전통시장,POI081,KEY_2,1050014800,정릉천동로,1050026302,제1제기교,127.0370689820156684_37.5865134563592207,1050024901,삼일교교차로,127.0360532926812027_37.5829067961363137,410.0,32.0,원활,127.0360532926812027_37.5829067961363137|127.0362840868141774_37.5837924163304962|127.0364223970758530_37.5843231402711382|127.0365653935191546_37.5848428358730189|127.0368585806838979_37.5859083501086104|127.0368601461181015_37.5859140391972204|127.0370123109445331_37.5863739268343124|127.0370689820156684_37.5865134563592207
2026-09-04T23:16:36.811991+09:00,청량리 제기동 일대 전통시장,청량리 제기동 일대 전통시장,POI081,KEY_2,1050015000,고산자로,1050142100,제기동 856,127.0386654248391096_37.5834463439167905,1050003701,제기사거리,127.0386869518905115_37.5830149361830195,48.0,11.0,정체,127.0386869518905115_37.5830149361830195|127.0386654248391096_37.5834463439167905
2026-09-04T23:16:36.811991+09:00,청량리 제기동 일대 전통시장,청량리 제기동 일대 전통시장,POI081,KEY_2,1050015200,홍릉로,1050043600,청량리동 819,127.0441470586146124_37.5837202265381336,1050003801,동대문경찰서앞교차로,127.0443225336728830_37.5831941589460072,60.0,35.0,원활,127.0443225336728830_37.5831941589460072|127.0441470586146124_37.5837202265381336
2026-09-04T23:16:36.811991+09:00,청량리 제기동 일대 전통시장,청량리 제기동 일대 전통시장,POI081,KEY_2,1050038801,왕산로26길,1050017509,롯데캐슬피렌체아파트,127.0363596099260519_37.5768867509562057,1050020403,거창박물관,127.0363961067295975_37.5781262493958934,138.0,9.0,정체,127.0363961067295975_37.5781262493958934|127.0363926283433500_37.5776676586342973|127.0363892401854429_37.5775808494227732|127.0363723353722065_37.5771477220653836|127.0363625354396362_37.5768966303587888|127.0363596099260519_37.5768867509562057
2026-09-04T23:16:36.811991+09:00,청량리 제기동 일대 전통시장,청량리 제기동 일대 전통시장,POI081,KEY_2,1050039400,정릉천동로,1050017505,용두동롯데캐슬피렌체,127.0349257620474077_37.5769109727254005,1050020203,제기동역앞교차로,127.0348828212866437_37.5781168818358680,134.0,24.0,서행,127.0348828212866437_37.5781168818358680|127.0349044161978327_37.5775104349118649|127.0349257620474077_37.5769109727254005
2026-09-04T23:16:36.811991+09:00,청량리 제기동 일대 전통시장,청량리 제기동 일대 전통시장,POI081,KEY_2,1050043000,왕산로40길,1050092800,전농동 620-67,127.0452389886980740_37.5796623142503634,1050023303,청량리역교차로,127.0451025223220682_37.5801001523242419,51.0,26.0,원활,127.0451025223220682_37.5801001523242419|127.0451306248033916_37.5799177490329157|127.0451915069077273_37.5797132983468032|127.0452389886980740_37.5796623142503634
2026-09-04T23:16:36.811991+09:00,청량리 제기동 일대 전통시장,청량리 제기동 일대 전통시장,POI081,KEY_2,1050043100,왕산로40길,1050023302,청량리역교차로,127.0452326500566897_37.5801439168176401,1050034502,청량리역,127.0459964287098984_37.5805780358841730,313.0,13.0,정체,127.0459964287098984_37.5805780358841730|127.0462134258658864_37.5804642171059839|127.0467519950169333_37.5801486599193879|127.0465904637121071_37.5799179657545039|127.0464096144275743_37.5797880929598165|127.0462896809750504_37.5796751734410890|127.0460360832012157_37.5793543331836020|127.0453706247479317_37.5797025411493024|127.0453481299126395_37.5797266950808577|127.0453172628219534_37.5797598387271634|127.0452645517941335_37.5799368537845808|127.0452326500566897_37.5801439168176401
2026-09-04T23:16:36.811991+09:00,청량리 제기동 일대 전통시장,청량리 제기동 일대 전통시장,POI081,KEY_2,1050043700,약령중앙로,1050136600,제기동 852-2,127.0371102410108080_37.5816901819596154,1050025003,제기동주민센터,127.0372164998460960_37.5828332075310030,127.0,13.0,정체,127.0372164998460960_37.5828332075310030|127.0371481924258319_37.5820984291408351|127.0371102410108080_37.5816901819596154
2026-09-04T23:16:36.811991+09:00,청량리 제기동 일대 전통시장,청량리 제기동 일대 전통시장,POI081,KEY_2,1050043800,약령중앙로,1050070200,제기동 852-2,127.0369355547791486_37.5787829052107085,1050020301,롯데불로장생센터,127.0368890032088984_37.5782342522715140,61.0,13.0,정체,127.0368890032088984_37.5782342522715140|127.0369001369950013_37.5784260066059730|127.0369355547791486_37.5787829052107085
2026-09-04T23:16:36.811991+09:00,청량리 제기동 일대 전통시장,청량리 제기동 일대 전통시장,POI081,KEY_2,1050043900,왕산로,1050023900,청량리역2번출구,127.0450753633898699_37.5808453639440785,1050023700,청량리역,127.0459363049394881_37.5806812079750898,89.0,24.0,서행,127.0459363049394881_37.5806812079750898|127.0457671019444490_37.5806231686130943|127.0455753907062331_37.5806137075688440|127.0454166401437845_37.5806233039696735|127.0452968380994321_37.5806448053648339|127.0452159765178664_37.5806686748574208|127.0451438136422837_37.5807199771276288|127.0450753633898699_37.5808453639440785
2026-09-04T23:16:36.811991+09:00,청량리 제기동 일대 전통시장,청량리 제기동 일대 전통시장,POI081,KEY_2,1050044000,경동시장로,1050022504,우리은행청량리중앙지,127.0412171089013640_37.5789936056868541,1050025203,제기동 856,127.0404479224436187_37.5829761201516064,453.0,4.0,정체,127.0404479224436187_37.5829761201516064|127.0405098512004685_37.5809077018177717|127.0405554658246388_37.5803867009460362|127.0405836228622434_37.5802621243739949|127.0412171089013640_37.5789936056868541
2026-09-04T23:16:36.811991+09:00,청량리 제기동 일대 전통시장,청량리 제기동 일대 전통시장,POI081,KEY_2,1050044100,경동시장로,1050025202,제기동 851,127.0405836866488585_37.5829805524707936,1050022501,우리은행청량리중앙지,127.0413432654145964_37.5790337160642736,449.0,8.0,정체,127.0413432654145964_37.5790337160642736|127.0407149128103441_37.5802919597220040|127.0406904784571651_37.5804000684794488|127.0406455938563397_37.5809127502758429|127.0405836866488585_37.5829805524707936
2026-09-04T23:16:36.811991+09:00,청량리 제기동 일대 전통시장,청량리 제기동 일대 전통시장,POI081,KEY_2,1050044600,경동시장로,1050025204,제기동 856,127.0404427896859261_37.5830841700302614,1050026603,홍파초등학교,127.0403012084238696_37.5866159039440646,392.0,12.0,정체,127.0403012084238696_37.5866159039440646|127.0403184677534369_37.5860259300612398|127.0403559575042465_37.5844098204635699|127.0404427896859261_37.5830841700302614
2026-09-04T23:16:36.811991+09:00,청량리 제기동 일대 전통시장,청량리 제기동 일대 전통시장,POI081,KEY_2,1050044700,경동시장로,1050026602,홍파초등학교,127.0404369915547704_37.5866199724589833,1050025201,제기동 851,127.0405785429013292_37.5830885957993956,392.0,10.0,정체,127.0405785429013292_37.5830885957993956|127.0404917522584469_37.5844136329136163|127.0404543019615033_37.5860281856233982|127.0404369915547704_37.5866199724589833
2026-09-04T23:16:36.811991+09:00,청량리 제기동 일대 전통시장,청량리 제기동 일대 전통시장,POI081,KEY_2,1050059900,내부순환도로,1050179100,최소노드배치점,127.0352570949029030_37.5825551594173248,1050012900,마장IC,127.0344965668106454_37.5761957617566935,712.0,28.0,정체,127.0344965668106454_37.5761957617566935|127.0344491702681466_37.5772966870719074|127.0344435741412923_37.5781192801891137|127.0344796246944128_37.5787124796680345|127.0345335200423591_37.5791540194540943|127.0346112952546775_37.5796808600876844|127.0346768953482268_37.5799603111151086|127.0350191756218408_37.5814101648819303|127.0352570949029030_37.5825551594173248
2026-09-04T23:16:36.811991+09:00,청량리 제기동 일대 전통시장,청량리 제기동 일대 전통시장,POI081,KEY_2,1050060101,-,1050036003,전농동127-389,127.0499263689543596_37.5814016936830058,1050037403,청량리역(수인분당선),127.0471606779858860_37.5811540252545413,288.0,18.0,서행,127.0471606779858860_37.5811540252545413|127.0473278168176137_37.5811400190891831|127.0473759430348792_37.5811413305516595|127.0475025711721884_37.5811542089216104|127.0475894915639117_37.5811782025109267|127.0476593937288925_37.5812072007199589|127.0480393625438609_37.5814661039841980|127.0482393918822481_37.5816319286635903|127.0485065989905564_37.5818092770515761|127.0485744130471630_37.5818326335519615|127.0486386899868592_37.5818554130329190|127.0487404980783452_37.5818760821781552|127.0488105330437207_37.5818831098210921|127.0488792111226104_37.5818805559182678|127.0489854936958380_37.5818634984007289|127.0490791331249198_37.5818300560716310|127.0491537006067517_37.5817897803673446|127.0499263689543596_37.5814016936830058
2026-09-04T23:16:36.811991+09:00,청량리 제기동 일대 전통시장,청량리 제기동 일대 전통시장,POI081,KEY_2,1050060201,-,1050037402,청량리역(수인분당선),127.0471671635029765_37.5812520714926137,1050036004,전농동127-389,127.0499983666957178_37.5814941008551173,293.0,14.0,정체,127.0499983666957178_37.5814941008551173|127.0491763974471553_37.5818997182524726|127.0491004748329402_37.5819298484461868|127.0490430204891226_37.5819493464040448|127.0489579426685083_37.5819715551703055|127.0488771840946782_37.5819819500620511|127.0488163090418112_37.5819817166671228|127.0487193550828380_37.5819779662423628|127.0486366391591844_37.5819607499304880|127.0485426382687422_37.5819367302948706|127.0484388505621496_37.5818923926919268|127.0481321778835451_37.5816861626856848|127.0479159156196118_37.5815123886431479|127.0475457612450043_37.5812692961718327|127.0474814676848894_37.5812493335069817|127.0474086008562153_37.5812422935980166|127.0473427885541184_37.5812392241968638|127.0472500176778254_37.5812461927108643|127.0471671635029765_37.5812520714926137
2026-09-04T23:16:36.811991+09:00,해방촌·경리단길,해방촌·경리단길,POI082,KEY_3,1020011903,녹사평대로,1020026002,이태원지하차도,126.9868116742945574_37.5363328242444823,1020028303,재정관리단앞교차로,126.9867451943054704_37.5383435465004709,224.0,43.0,원활,126.9867451943054704_37.5383435465004709|126.9866790861609331_37.5379776086191654|126.9866715093699838_37.5377196225374448|126.9866809795197611_37.5374744033153647|126.9866829093340925_37.5374244326751736|126.9867579204266832_37.5367885280276852|126.9868116742945574_37.5363328242444823
2026-09-04T23:16:36.811991+09:00,해방촌·경리단길,해방촌·경리단길,POI082,KEY_3,1020015000,회나무로,1020099800,이태원동 304-4,126.9886622424707525_37.5388582477845034,1020028302,재정관리단앞교차로,126.9868728727705331_37.5382909807264369,172.0,23.0,서행,126.9868728727705331_37.5382909807264369|126.9870379365778064_37.5382894090684971|126.9872177584471302_37.5383221593059204|126.9876117945158995_37.5384384195195295|126.9881427963085230_37.5386249180070450|126.9885780415344669_37.5388089154147053|126.9886622424707525_37.5388582477845034
2026-09-04T23:16:36.811991+09:00,해방촌·경리단길,해방촌·경리단길,POI082,KEY_3,1020021201,녹사평대로,1020030701,남산3호터널(남측),126.9885345116869644_37.5441997782690322,1020038300,이태원주공아파트105동,126.9885630019689273_37.5429566236067345,139.0,54.0,원활,126.9885630019689273_37.5429566236067345|126.9886252484286189_37.5434097368701032|126.9886061462605227_37.5437918660155177|126.9885345116869644_37.5441997782690322
2026-09-04T23:16:36.811991+09:00,해방촌·경리단길,해방촌·경리단길,POI082,KEY_3,1020015702,녹사평대로,1020028304,재정관리단앞교차로,126.9868014972725092_37.5386413609384206,1020029801,남산2호터널지하차도(남측),126.9880584405187562_37.5419881693523365,388.0,20.0,서행,126.9880584405187562_37.5419881693523365|126.9877986497125733_37.5413125110144321|126.9875498051758598_37.5406653094598894|126.9873701670335180_37.5402197026677626|126.9873034215915197_37.5400541338267928|126.9870673703858444_37.5394685786494975|126.9869350653526254_37.5391403748739023|126.9869241553577126_37.5391133107524411|126.9868014972725092_37.5386413609384206
2026-09-04T23:16:36.811991+09:00,해방촌·경리단길,해방촌·경리단길,POI082,KEY_3,1020015801,녹사평대로,1020065200,이태원동 685,126.9870643464237645_37.5391073289917188,1020028301,재정관리단앞교차로,126.9868922851884747_37.5383989232431858,80.0,43.5,원활,126.9868922851884747_37.5383989232431858|126.9869259230508476_37.5385866123729457|126.9870556490550086_37.5390857537338931|126.9870643464237645_37.5391073289917188
2026-09-04T23:16:36.811991+09:00,해방촌·경리단길,해방촌·경리단길,POI082,KEY_3,1020016901,신흥로,1020191300,용산동2가 18-2,126.9860049971300100_37.5454163852097054,1020032202,해방촌오거리,126.9853598311598830_37.5457921931329466,71.0,18.3,서행,126.9853598311598830_37.5457921931329466|126.9855691282656949_37.5457147141711900|126.9856022324781719_37.5456920562460326|126.9860049971300100_37.5454163852097054
2026-09-04T23:16:36.811991+09:00,해방촌·경리단길,해방촌·경리단길,POI082,KEY_3,1020016902,소월로20길,1020032204,해방촌오거리,126.9852831271626599_37.5459398212019693,1020032504,용산2가동주민센터앞교차로,126.9851223484754286_37.5465573437204512,71.0,13.0,정체,126.9851223484754286_37.5465573437204512|126.9851464015547862_37.5464616656656602|126.9852404969048507_37.5463259230407260|126.9852837713250295_37.5459635844615391|126.9852831271626599_37.5459398212019693
2026-09-04T23:16:36.811991+09:00,해방촌·경리단길,해방촌·경리단길,POI082,KEY_3,1020017002,신흥로,1020046800,용산동2가 45-16,126.9875544530639218_37.5424716848103230,1020028304,재정관리단앞교차로,126.9868014972725092_37.5386413609384206,440.0,17.0,서행,126.9868014972725092_37.5386413609384206|126.9867113647514145_37.5389657094815306|126.9866271706916052_37.5393079157990144|126.9865735456826030_37.5395258726953713|126.9865618560741041_37.5396150055004227|126.9865756752825234_37.5397207952903855|126.9866726034883584_37.5400718647083238|126.9868966945001745_37.5405598127963955|126.9869836970594150_37.5408346985654759|126.9872201539195231_37.5413974276192022|126.9872239610144504_37.5414096617493271|126.9873176908194239_37.5417108619235762|126.9874712155967700_37.5422042074613316|126.9875544530639218_37.5424716848103230
2026-09-04T23:16:36.811991+09:00,해방촌·경리단길,해방촌·경리단길,POI082,KEY_3,1020017003,소월로20길,1020032503,용산2가동주민센터앞교차로,126.9852924555416394_37.5464747175834503,1020032201,해방촌오거리,126.9854176004788400_37.5458900415257588,67.0,12.0,정체,126.9854176004788400_37.5458900415257588|126.9854197016928907_37.5459675495017891|126.9853730083114414_37.5463585106443389|126.9852924555416394_37.5464747175834503
2026-09-04T23:16:36.811991+09:00,해방촌·경리단길,해방촌·경리단길,POI082,KEY_3,1020017601,녹사평대로58길,1020030902,주공이태원아파트,126.9890205413680206_37.5433967778131361,1020038300,이태원주공아파트105동,126.9885630019689273_37.5429566236067345,63.0,44.7,원활,126.9885630019689273_37.5429566236067345|126.9890205413680206_37.5433967778131361
2026-09-04T23:16:36.811991+09:00,해방촌·경리단길,해방촌·경리단길,POI082,KEY_3,1020018400,신흥로,1020180700,용산동2가 1-1600,126.9824734614724235_37.5446883683947803,1020032203,해방촌오거리,126.9852246416165826_37.5458422381929395,305.0,12.5,정체,126.9852246416165826_37.5458422381929395|126.9851109695849374_37.5457644329875748|126.9849640542287830_37.5456474178329813|126.9848578594547632_37.5455243854437128|126.9846662180806760_37.5451642034092785|126.9846095453935959_37.5450974743415458|126.9844754338979413_37.5450337903787315|126.9841448941342605_37.5449677149289158|126.9834261944490663_37.5447995195147044|126.9833705983433845_37.5447980836145234|126.9832401625668012_37.5448257591879653|126.9829850632019799_37.5449045988834627|126.9828958861069026_37.5449045860000936|126.9827806661271694_37.5448786916551640|126.9824734614724235_37.5446883683947803
2026-09-04T23:16:36.811991+09:00,해방촌·경리단길,해방촌·경리단길,POI082,KEY_3,1020019100,소월로,1020197900,용산동2가 48-5,126.9873684771307438_37.5459531342061368,1020032503,용산2가동주민센터앞교차로,126.9852924555416394_37.5464747175834503,193.0,39.3,원활,126.9852924555416394_37.5464747175834503|126.9854160959703222_37.5464172539021490|126.9856026132817277_37.5463430281642374|126.9859444255285581_37.5462580240463808|126.9873565735092455_37.5459537252957105|126.9873684771307438_37.5459531342061368
2026-09-04T23:16:36.811991+09:00,해방촌·경리단길,해방촌·경리단길,POI082,KEY_3,1020020600,소월로,1020202300,최소노드배치점,126.9837884104005923_37.5493862278245416,1020032501,용산2가동주민센터앞교차로,126.9852054592412998_37.5466428470561624,347.0,26.3,원활,126.9852054592412998_37.5466428470561624|126.9847717560129610_37.5469101027995720|126.9845864439278529_37.5470281015069958|126.9845268187721672_37.5471032424247397|126.9844952209674034_37.5472121780575918|126.9844980284595692_37.5480374474067204|126.9844853903748287_37.5481855176849422|126.9844160179153931_37.5483837291718459|126.9842770429615655_37.5486147709639155|126.9839523254951814_37.5490296975246878|126.9837884104005923_37.5493862278245416
2026-09-04T23:16:36.811991+09:00,해방촌·경리단길,해방촌·경리단길,POI082,KEY_3,1020021101,녹사평대로,1020029801,남산2호터널지하차도(남측),126.9880584405187562_37.5419881693523365,1020030702,남산3호터널(남측),126.9884022250705016_37.5441768004450580,248.0,54.0,원활,126.9884022250705016_37.5441768004450580|126.9884707342777546_37.5437822058713024|126.9884891708638435_37.5434134105737201|126.9884317961847557_37.5429844688311434|126.9883423732940742_37.5427173217743189|126.9881927118278497_37.5423329861134789|126.9880584405187562_37.5419881693523365
2026-09-04T23:16:36.811991+09:00,해방촌·경리단길,해방촌·경리단길,POI082,KEY_3,1020047100,녹사평대로,1020029801,남산2호터널지하차도(남측),126.9880584405187562_37.5419881693523365,1020031300,남산2호터널지하차도(북측),126.9893791606359770_37.5439513185613407,253.0,48.7,원활,126.9893791606359770_37.5439513185613407|126.9883602227382369_37.5429687555737317|126.9882771228937486_37.5427322935318131|126.9880584405187562_37.5419881693523365
2026-09-04T23:16:36.811991+09:00,DDP(동대문디자인플라자),DDP(동대문디자인플라자),POI083,KEY_4,1010012002,장충단로,1010025602,동대문역사문화공원,127.0076398432787244_37.5653065784687641,1010023800,광희동2가9,127.0074212496598989_37.5647191039854818,68.0,27.0,원활,127.0074212496598989_37.5647191039854818|127.0076398432787244_37.5653065784687641
2026-09-04T23:16:36.811991+09:00,DDP(동대문디자인플라자),DDP(동대문디자인플라자),POI083,KEY_4,1010010601,마른내로,1010134000,광희동1가 235-6,127.0062746188617808_37.5646055130078267,1010023000,광희동1가169-1,127.0066022342274863_37.5645458036535800,30.0,24.0,서행,127.0066022342274863_37.5645458036535800|127.0063686118675577_37.5645902274929711|127.0062746188617808_37.5646055130078267
2026-09-04T23:16:36.811991+09:00,DDP(동대문디자인플라자),DDP(동대문디자인플라자),POI083,KEY_4,1010011501,을지로,1010025400,한양공고앞,127.0104615863536850_37.5651414229202487,1010025702,동대문역사문화공원역앞교차로,127.0098092568797057_37.5653495503264523,62.0,29.0,원활,127.0098092568797057_37.5653495503264523|127.0104018007762932_37.5651601202690344|127.0104615863536850_37.5651414229202487
2026-09-04T23:16:36.811991+09:00,DDP(동대문디자인플라자),DDP(동대문디자인플라자),POI083,KEY_4,1010011602,을지로,1010025701,동대문역사문화공원역앞교차로,127.0098839022084150_37.5654422003783637,1010024401,한양공고앞,127.0114159293672458_37.5649391116953026,146.0,20.0,서행,127.0114159293672458_37.5649391116953026|127.0111804215872553_37.5650327842942460|127.0105112526830311_37.5652420552738704|127.0104519446709617_37.5652606030398672|127.0098839022084150_37.5654422003783637
2026-09-04T23:16:36.811991+09:00,DDP(동대문디자인플라자),DDP(동대문디자인플라자),POI083,KEY_4,1010011901,장충단로,1010022104,광희동사거리,127.0071286778296695_37.5642723681278099,1010024100,광희동2가9,127.0072910181171153_37.5647498099421497,55.0,21.3,서행,127.0072910181171153_37.5647498099421497|127.0072564348693760_37.5646568662029168|127.0071286778296695_37.5642723681278099
2026-09-04T23:16:36.811991+09:00,DDP(동대문디자인플라자),DDP(동대문디자인플라자),POI083,KEY_4,1010011902,장충단로,1010024100,광희동2가9,127.0072910181171153_37.5647498099421497,1010025603,동대문역사문화공원,127.0075096102102208_37.5653372838946922,68.0,34.0,원활,127.0075096102102208_37.5653372838946922|127.0072910181171153_37.5647498099421497
2026-09-04T23:16:36.811991+09:00,DDP(동대문디자인플라자),DDP(동대문디자인플라자),POI083,KEY_4,1010011904,장충단로,1010026800,동대문역사문화공원,127.0076027310937263_37.5655895835695972,1010027503,동대문역사문화공원앞교차로,127.0077423203471056_37.5659686340729024,44.0,31.0,원활,127.0077423203471056_37.5659686340729024|127.0076027310937263_37.5655895835695972
2026-09-04T23:16:36.811991+09:00,DDP(동대문디자인플라자),DDP(동대문디자인플라자),POI083,KEY_4,1010012001,장충단로,1010023800,광희동2가9,127.0074212496598989_37.5647191039854818,1010022101,광희동사거리,127.0072731356478073_37.5642842960486263,50.0,13.0,정체,127.0072731356478073_37.5642842960486263|127.0073872334830867_37.5646276838331019|127.0074212496598989_37.5647191039854818
2026-09-04T23:16:36.811991+09:00,DDP(동대문디자인플라자),DDP(동대문디자인플라자),POI083,KEY_4,1010012004,장충단로,1010027502,동대문역사문화공원앞교차로,127.0078734506891323_37.5659403597718651,1010026500,동대문역사문화공원,127.0077330726616651_37.5655591691889441,44.0,12.0,정체,127.0077330726616651_37.5655591691889441|127.0078734506891323_37.5659403597718651
2026-09-04T23:16:36.811991+09:00,DDP(동대문디자인플라자),DDP(동대문디자인플라자),POI083,KEY_4,1010013301,을지로,1010026900,동대문역사문화공원,127.0084142117340065_37.5657933815894935,1010027502,동대문역사문화공원앞교차로,127.0078734506891323_37.5659403597718651,51.0,15.0,서행,127.0078734506891323_37.5659403597718651|127.0080862909446040_37.5658896606162571|127.0084142117340065_37.5657933815894935
2026-09-04T23:16:36.811991+09:00,DDP(동대문디자인플라자),DDP(동대문디자인플라자),POI083,KEY_4,1010013302,을지로,1010080900,을지로7가 112-3,127.0088653110683481_37.5656507823329591,1010026900,동대문역사문화공원,127.0084142117340065_37.5657933815894935,43.0,19.0,서행,127.0084142117340065_37.5657933815894935|127.0084667296888910_37.5657779617922074|127.0088653110683481_37.5656507823329591
2026-09-04T23:16:36.811991+09:00,DDP(동대문디자인플라자),DDP(동대문디자인플라자),POI083,KEY_4,1010013401,을지로,1010027501,동대문역사문화공원앞교차로,127.0079126423696891_37.5660438810911330,1010025704,동대문역사문화공원역앞교차로,127.0097555715754112_37.5654831945412937,174.0,21.0,서행,127.0097555715754112_37.5654831945412937|127.0096128053100841_37.5655287500039421|127.0089158485056231_37.5657511395251831|127.0085155097829670_37.5658788797530079|127.0084612158882180_37.5658948204746821|127.0081293049191800_37.5659922730020028|127.0079126423696891_37.5660438810911330
2026-09-04T23:16:36.811991+09:00,DDP(동대문디자인플라자),DDP(동대문디자인플라자),POI083,KEY_4,1010014502,을지로45길,1010025704,동대문역사문화공원역앞교차로,127.0097555715754112_37.5654831945412937,1010031203,신당동 251-159,127.0125199832589118_37.5670528209413206,317.0,20.0,서행,127.0125199832589118_37.5670528209413206|127.0124748534802706_37.5669451006742108|127.0123969525654672_37.5668174774060688|127.0123025116707964_37.5666983314770420|127.0121971172845576_37.5665907571920030|127.0120637838956981_37.5664864490764074|127.0119132422724846_37.5664083993704807|127.0117389300272777_37.5663307203448511|127.0115558621243821_37.5662698698201609|127.0113306725807121_37.5662120107637136|127.0106272887382772_37.5660711531911673|127.0104211268278505_37.5660237206134866|127.0102552544842212_37.5659567055388024|127.0101066121111302_37.5658730843004420|127.0099898103265588_37.5657739315167234|127.0097555715754112_37.5654831945412937
2026-09-04T23:16:36.811991+09:00,DDP(동대문디자인플라자),DDP(동대문디자인플라자),POI083,KEY_4,1010014503,을지로45길,1010031204,신당동 251-159,127.0125599243742585_37.5672394044600324,1010031813,운동장평화시장,127.0124984243057042_37.5678383411287697,68.0,16.0,서행,127.0124984243057042_37.5678383411287697|127.0125278070149193_37.5678140109252396|127.0125545329192533_37.5677608060890265|127.0125807604174355_37.5676720254815848|127.0125874088479208_37.5675818531156409|127.0125803643056344_37.5674031656770779|127.0125599243742585_37.5672394044600324
2026-09-04T23:16:36.811991+09:00,DDP(동대문디자인플라자),DDP(동대문디자인플라자),POI083,KEY_4,1010014602,을지로45길,1010031202,신당동 251-159,127.0126037267031904_37.5669109428648440,1010025701,동대문역사문화공원역앞교차로,127.0098839022084150_37.5654422003783637,305.0,21.0,서행,127.0098839022084150_37.5654422003783637|127.0100974157430329_37.5657072126138019|127.0101962625768266_37.5657911237929127|127.0103255593623715_37.5658638616798513|127.0104711638876438_37.5659226884021962|127.0106627259196870_37.5659667614976271|127.0113681429240273_37.5661080259160514|127.0116029740556911_37.5661683625948655|127.0117984706255356_37.5662333437737743|127.0119835625390436_37.5663158266306780|127.0121493010753682_37.5664017556969796|127.0122987151525393_37.5665186435508005|127.0124137776696784_37.5666360853386863|127.0125158379894970_37.5667648439987900|127.0126009014704351_37.5669041991938073|127.0126037267031904_37.5669109428648440
2026-09-04T23:16:36.811991+09:00,DDP(동대문디자인플라자),DDP(동대문디자인플라자),POI083,KEY_4,1010014603,을지로45길,1010031812,운동장평화시장,127.0126485643679786_37.5678648322467907,1010031201,신당동 199-6,127.0126632942662184_37.5670642770788277,90.0,8.0,정체,127.0126632942662184_37.5670642770788277|127.0126915510936527_37.5672094829220882|127.0127159720722574_37.5673958521818534|127.0127233647992000_37.5675833278878599|127.0127156707868608_37.5676876829484456|127.0126844296511024_37.5677934334783714|127.0126485643679786_37.5678648322467907
2026-09-04T23:16:36.811991+09:00,DDP(동대문디자인플라자),DDP(동대문디자인플라자),POI083,KEY_4,1010014905,을지로,1010027503,동대문역사문화공원앞교차로,127.0077423203471056_37.5659686340729024,1010027300,동대문역사문화공원,127.0072093223593868_37.5660721727252351,48.0,30.0,원활,127.0072093223593868_37.5660721727252351|127.0077423203471056_37.5659686340729024
2026-09-04T23:16:36.811991+09:00,DDP(동대문디자인플라자),DDP(동대문디자인플라자),POI083,KEY_4,1010015005,을지로,1010028100,동대문역사문화공원,127.0072415247333453_37.5661772097702809,1010027504,동대문역사문화공원앞교차로,127.0077815127893501_37.5660723132225556,49.0,36.0,원활,127.0077815127893501_37.5660723132225556|127.0072415247333453_37.5661772097702809
2026-09-04T23:16:36.811991+09:00,DDP(동대문디자인플라자),DDP(동대문디자인플라자),POI083,KEY_4,1010017301,장충단로,1010027504,동대문역사문화공원앞교차로,127.0077815127893501_37.5660723132225556,1010028800,동대문역사문화공원,127.0080565712496110_37.5666288866091591,67.0,30.0,원활,127.0080565712496110_37.5666288866091591|127.0079624699871488_37.5664856769850175|127.0078715207442457_37.5663037548790442|127.0077815127893501_37.5660723132225556
2026-09-04T23:16:36.811991+09:00,DDP(동대문디자인플라자),DDP(동대문디자인플라자),POI083,KEY_4,1010017302,장충단로,1010143800,을지로6가 18-11,127.0082819372846643_37.5669476563761933,1010031703,을지로6가 18-11,127.0088451603658086_37.5677293203079117,100.0,10.0,정체,127.0088451603658086_37.5677293203079117|127.0082819372846643_37.5669476563761933
2026-09-04T23:16:36.811991+09:00,DDP(동대문디자인플라자),DDP(동대문디자인플라자),POI083,KEY_4,1010017303,장충단로,1010151400,을지로6가 18-11,127.0092239635291378_37.5682916548078154,1010033603,흥인시장,127.0095744381944343_37.5688379054322823,68.0,22.0,서행,127.0095744381944343_37.5688379054322823|127.0095441539168775_37.5687836818919578|127.0094685009096480_37.5686576314897209|127.0092239635291378_37.5682916548078154
2026-09-04T23:16:36.811991+09:00,DDP(동대문디자인플라자),DDP(동대문디자인플라자),POI083,KEY_4,1010017401,장충단로,1010031702,을지로6가 18-198,127.0089629856017694_37.5676755281945915,1010027501,동대문역사문화공원앞교차로,127.0079126423696891_37.5660438810911330,204.0,39.0,원활,127.0079126423696891_37.5660438810911330|127.0079996952631092_37.5662677235432056|127.0080860788338697_37.5664405124682617|127.0081769300446410_37.5665787757523901|127.0082204295207475_37.5666449752098757|127.0083997623679863_37.5668938645087991|127.0089629856017694_37.5676755281945915
2026-09-04T23:16:36.811991+09:00,DDP(동대문디자인플라자),DDP(동대문디자인플라자),POI083,KEY_4,1010017402,장충단로,1010033602,흥인시장,127.0096784540469628_37.5687579872561841,1010031701,을지로6가 18-11,127.0090328345347217_37.5677753546081874,123.0,18.0,서행,127.0090328345347217_37.5677753546081874|127.0093438877200214_37.5682408851308693|127.0095898005743607_37.5686089201824345|127.0096675199618375_37.5687384094390211|127.0096784540469628_37.5687579872561841
2026-09-04T23:16:36.811991+09:00,DDP(동대문디자인플라자),DDP(동대문디자인플라자),POI083,KEY_4,1010017405,장충단로,1010034701,청계6가사거리,127.0098099727011487_37.5696292980751281,1010033601,흥인시장,127.0097254442646317_37.5688636970958783,86.0,13.0,정체,127.0097254442646317_37.5688636970958783|127.0097710903643389_37.5690379675287076|127.0098052651739948_37.5692398786983972|127.0098225114876840_37.5694298296446618|127.0098099727011487_37.5696292980751281
2026-09-04T23:16:36.811991+09:00,DDP(동대문디자인플라자),DDP(동대문디자인플라자),POI083,KEY_4,1010017900,마장로,1010031811,운동장평화시장,127.0125602184103286_37.5679573189645097,1010032004,흥인사거리,127.0159347353495747_37.5680686203623893,300.0,26.5,원활,127.0159347353495747_37.5680686203623893|127.0156884666647272_37.5680616007632224|127.0144660810207995_37.5680903184376831|127.0138825710250785_37.5680999453562308|127.0137456855287041_37.5680989709988395|127.0136150764297582_37.5680980411691650|127.0132103478226497_37.5680672217406553|127.0129104055784666_37.5680323170113368|127.0127590991973818_37.5680014116303767|127.0127288182885081_37.5679952265176880|127.0125602184103286_37.5679573189645097
2026-09-04T23:16:36.811991+09:00,DDP(동대문디자인플라자),DDP(동대문디자인플라자),POI083,KEY_4,1010018000,마장로,1010140800,신당동 208-5,127.0127928615110591_37.5678966848153522,1010031812,운동장평화시장,127.0126485643679786_37.5678648322467907,13.0,17.0,서행,127.0126485643679786_37.5678648322467907|127.0127641662878943_37.5678908234252873|127.0127928615110591_37.5678966848153522
2026-09-04T23:16:36.811991+09:00,DDP(동대문디자인플라자),DDP(동대문디자인플라자),POI083,KEY_4,1010018701,마장로,1010152800,신당동 204-97,127.0117072992637475_37.5679805134442333,1010031814,운동장평화시장,127.0124154726912309_37.5679435535466197,63.0,30.0,원활,127.0124154726912309_37.5679435535466197|127.0122590074739151_37.5679378566801887|127.0120605595701875_37.5679355192139823|127.0119126210582579_37.5679377984365175|127.0117849221734048_37.5679599090739913|127.0117072992637475_37.5679805134442333
2026-09-04T23:16:36.811991+09:00,DDP(동대문디자인플라자),DDP(동대문디자인플라자),POI083,KEY_4,1010018702,마장로,1010033601,흥인시장,127.0097254442646317_37.5688636970958783,1010031806,신당동 220-37,127.0108933564805653_37.5683374957941965,119.0,18.0,서행,127.0108933564805653_37.5683374957941965|127.0103128324394817_37.5685983229940632|127.0098862405464928_37.5687745410715479|127.0097254442646317_37.5688636970958783
2026-09-04T23:16:36.811991+09:00,DDP(동대문디자인플라자),DDP(동대문디자인플라자),POI083,KEY_4,1010018801,마장로,1010031805,신당동 222-3,127.0108265877144618_37.5682433405487259,1010033602,흥인시장,127.0096784540469628_37.5687579872561841,117.0,20.0,서행,127.0096784540469628_37.5687579872561841|127.0098158423830341_37.5686818101705882|127.0102481441824267_37.5685032330426054|127.0108265877144618_37.5682433405487259
2026-09-04T23:16:36.811991+09:00,DDP(동대문디자인플라자),DDP(동대문디자인플라자),POI083,KEY_4,1010018802,마장로,1010031813,운동장평화시장,127.0124984243057042_37.5678383411287697,1010031804,신당동 204-25,127.0109614857434366_37.5681827306582221,145.0,11.5,정체,127.0109614857434366_37.5681827306582221|127.0116044562520585_37.5678938389136974|127.0116643298441801_37.5678779462685810|127.0117488970436739_37.5678554989719800|127.0118967207613707_37.5678299039982804|127.0120602489677566_37.5678273844402426|127.0122631167441938_37.5678297737057392|127.0124984243057042_37.5678383411287697
2026-09-04T23:16:36.811991+09:00,DDP(동대문디자인플라자),DDP(동대문디자인플라자),POI083,KEY_4,1010018902,마장로1길,1010031814,운동장평화시장,127.0124154726912309_37.5679435535466197,1010031809,신당동222-8,127.0122750629742399_37.5683759183048167,50.0,5.0,정체,127.0122750629742399_37.5683759183048167|127.0123180657187021_37.5681383238811932|127.0123497877902849_37.5680414779446536|127.0124154726912309_37.5679435535466197
2026-09-04T23:16:36.811991+09:00,DDP(동대문디자인플라자),DDP(동대문디자인플라자),POI083,KEY_4,1010019001,마장로1길,1010031808,신당동222-8,127.0124095059075984_37.5683913354501371,1010031811,운동장평화시장,127.0125602184103286_37.5679573189645097,51.0,24.0,서행,127.0125602184103286_37.5679573189645097|127.0124771732185138_37.5680811245796917|127.0124514225665706_37.5681597391732680|127.0124095059075984_37.5683913354501371
2026-09-04T23:16:36.811991+09:00,DDP(동대문디자인플라자),DDP(동대문디자인플라자),POI083,KEY_4,1010037500,퇴계로,1010022000,광희동1가202-5,127.0064842473273927_37.5641466003637774,1010022800,동대문역사문화공원역(서울5호선),127.0065706763448077_37.5644406429326594,48.0,4.0,정체,127.0065706763448077_37.5644406429326594|127.0066811536361087_37.5643775516764293|127.0066907310278452_37.5643088952173088|127.0066691623191701_37.5642345191936187|127.0066041857510015_37.5641759869182650|127.0064842473273927_37.5641466003637774
2026-09-04T23:16:36.811991+09:00,DDP(동대문디자인플라자),DDP(동대문디자인플라자),POI083,KEY_4,1010038000,장충단로,1010023800,광희동2가9,127.0074212496598989_37.5647191039854818,1010022600,동대문역사문화공원역(서울4호선),127.0077454141687099_37.5643181758701132,63.0,13.0,정체,127.0077454141687099_37.5643181758701132|127.0075819683701184_37.5643336340610148|127.0075100991725066_37.5643889445091830|127.0074478177686927_37.5644766757582289|127.0073975133061595_37.5645491496537787|127.0074212496598989_37.5647191039854818
2026-09-04T23:16:36.811991+09:00,DDP(동대문디자인플라자),DDP(동대문디자인플라자),POI083,KEY_4,1010038700,마른내로,1010023000,광희동1가169-1,127.0066022342274863_37.5645458036535800,1010024100,광희동2가9,127.0072910181171153_37.5647498099421497,71.0,19.0,서행,127.0072910181171153_37.5647498099421497|127.0070884576186359_37.5645796826538856|127.0069375173959259_37.5645243848659760|127.0068231515665786_37.5645069004905352|127.0066022342274863_37.5645458036535800
2026-09-04T23:16:36.811991+09:00,DDP(동대문디자인플라자),DDP(동대문디자인플라자),POI083,KEY_4,1010040800,을지로,1010026900,동대문역사문화공원,127.0084142117340065_37.5657933815894935,1010026500,동대문역사문화공원,127.0077330726616651_37.5655591691889441,68.0,21.0,서행,127.0077330726616651_37.5655591691889441|127.0079381871399988_37.5656946131292102|127.0081740368883487_37.5657810133705610|127.0084142117340065_37.5657933815894935
2026-09-04T23:16:36.811991+09:00,DDP(동대문디자인플라자),DDP(동대문디자인플라자),POI083,KEY_4,1010041000,장충단로,1010026800,동대문역사문화공원,127.0076027310937263_37.5655895835695972,1010027300,동대문역사문화공원,127.0072093223593868_37.5660721727252351,68.0,21.0,서행,127.0072093223593868_37.5660721727252351|127.0074103827092529_37.5659777349919963|127.0075077022791419_37.5658704535518240|127.0075937893706595_37.5657363546045602|127.0076027310937263_37.5655895835695972
2026-09-04T23:16:36.811991+09:00,DDP(동대문디자인플라자),DDP(동대문디자인플라자),POI083,KEY_4,1010041500,퇴계로71길,1010024504,성동여자실업고교앞,127.0122824244794231_37.5649718786512210,1010031202,신당동 251-159,127.0126037267031904_37.5669109428648440,244.0,16.0,서행,127.0126037267031904_37.5669109428648440|127.0126412307703134_37.5668474033094597|127.0126698024754859_37.5667546274016004|127.0127005738834924_37.5665576114049742|127.0127364488098749_37.5663279184632444|127.0127338355630116_37.5663230668818073|127.0123319930443841_37.5662096732445008|127.0122708949118078_37.5661506328379602|127.0122755975942681_37.5650242043360834|127.0122824244794231_37.5649718786512210
2026-09-04T23:16:36.811991+09:00,DDP(동대문디자인플라자),DDP(동대문디자인플라자),POI083,KEY_4,1010041800,을지로,1010028100,동대문역사문화공원,127.0072415247333453_37.5661772097702809,1010028800,동대문역사문화공원,127.0080565712496110_37.5666288866091591,89.0,16.0,서행,127.0080565712496110_37.5666288866091591|127.0077173922156106_37.5663889362043406|127.0073916863854606_37.5661982459288595|127.0072415247333453_37.5661772097702809
2026-09-04T23:16:36.811991+09:00,DDP(동대문디자인플라자),DDP(동대문디자인플라자),POI083,KEY_4,1010044900,장충단로13길,1010031901,현대시티아울렛(동대문점),127.0078041379920819_37.5680116507579029,1010031704,을지로6가 18-11,127.0089129103870960_37.5678261241420017,100.0,6.0,정체,127.0089129103870960_37.5678261241420017|127.0087521862193825_37.5678639356992790|127.0078041379920819_37.5680116507579029
2026-09-04T23:16:36.811991+09:00,DMC(디지털미디어시티),DMC(디지털미디어시티),POI084,KEY_1,1110086500,증산로,1130046402,은평구-마포구,126.9017527415007578_37.5765539742255541,1110005500,증산교,126.9034752758808793_37.5781798772630822,236.0,45.0,원활,126.9034752758808793_37.5781798772630822|126.9026029745643172_37.5773591500215929|126.9017527415007578_37.5765539742255541
2026-09-04T23:16:36.811991+09:00,DMC(디지털미디어시티),DMC(디지털미디어시티),POI084,KEY_1,1130007102,증산로,1130043500,성산동491-1,126.8990562961894852_37.5737647959106411,1130044402,증산지하차도(남측),126.8995968764490669_37.5743540467505426,81.0,26.0,원활,126.8995968764490669_37.5743540467505426|126.8992398926530143_37.5739603793572670|126.8990562961894852_37.5737647959106411
2026-09-04T23:16:36.811991+09:00,DMC(디지털미디어시티),DMC(디지털미디어시티),POI084,KEY_1,1110086400,증산로,1110025301,증산지하차도(북측),126.9039758261172608_37.5784870932225132,1130046401,은평구-마포구,126.9018567383502045_37.5764844121927837,291.0,58.5,원활,126.9018567383502045_37.5764844121927837|126.9027068325619041_37.5772894554844186|126.9035789940010091_37.5781100503089647|126.9039758261172608_37.5784870932225132
2026-09-04T23:16:36.811991+09:00,DMC(디지털미디어시티),DMC(디지털미디어시티),POI084,KEY_1,1130007202,증산로,1130044401,증산지하차도(남측),126.8997070239019962_37.5742907695769190,1130044100,성산동488-2,126.8993493776716974_37.5738963850184291,54.0,44.0,원활,126.8993493776716974_37.5738963850184291|126.8997070239019962_37.5742907695769190
2026-09-04T23:16:36.811991+09:00,DMC(디지털미디어시티),DMC(디지털미디어시티),POI084,KEY_1,1130007501,증산로,1130044402,증산지하차도(남측),126.8995968764490669_37.5743540467505426,1130046402,은평구-마포구,126.9017527415007578_37.5765539742255541,310.0,51.0,원활,126.9017527415007578_37.5765539742255541|126.9006134456184895_37.5754750169051093|126.8995968764490669_37.5743540467505426
2026-09-04T23:16:36.811991+09:00,DMC(디지털미디어시티),DMC(디지털미디어시티),POI084,KEY_1,1130007601,증산로,1130046401,은평구-마포구,126.9018567383502045_37.5764844121927837,1130044401,증산지하차도(남측),126.8997070239019962_37.5742907695769190,309.0,55.0,원활,126.8997070239019962_37.5742907695769190|126.9007206641610566_37.5754085065304366|126.9018567383502045_37.5764844121927837
2026-09-04T23:16:36.811991+09:00,DMC(디지털미디어시티),DMC(디지털미디어시티),POI084,KEY_1,1130023901,성암로,1130045102,중동교,126.9008492951027023_37.5752640367100312,1130003202,중동교,126.9005739786039442_37.5754350244651292,31.0,34.0,원활,126.9005739786039442_37.5754350244651292|126.9008492951027023_37.5752640367100312
2026-09-04T23:16:36.811991+09:00,DMC(디지털미디어시티),DMC(디지털미디어시티),POI084,KEY_1,1130023902,성암로,1130044702,중동교,126.9013932137603007_37.5749262274768512,1130045102,중동교,126.9008492951027023_37.5752640367100312,61.0,37.0,원활,126.9008492951027023_37.5752640367100312|126.9013932137603007_37.5749262274768512
2026-09-04T23:16:36.811991+09:00,DMC(디지털미디어시티),DMC(디지털미디어시티),POI084,KEY_1,1130024001,성암로,1130003201,중동교,126.9006575479311749_37.5755202637415948,1130045101,중동교,126.9009328670204440_37.5753492743804642,31.0,30.0,원활,126.9009328670204440_37.5753492743804642|126.9006575479311749_37.5755202637415948
2026-09-04T23:16:36.811991+09:00,DMC(디지털미디어시티),DMC(디지털미디어시티),POI084,KEY_1,1130024002,성암로,1130045101,중동교,126.9009328670204440_37.5753492743804642,1130044701,중동교,126.9014751720981593_37.5750124364249984,61.0,35.0,원활,126.9014751720981593_37.5750124364249984|126.9009328670204440_37.5753492743804642
2026-09-04T23:16:36.811991+09:00,DMC(디지털미디어시티),DMC(디지털미디어시티),POI084,KEY_1,1130024500,월드컵로,1130042904,월드컵파크3단지교차로,126.8880419598859106_37.5730202691865927,1130007302,디지털미디어시티입구교차로,126.8865044792722472_37.5740977172547161,181.0,28.0,원활,126.8865044792722472_37.5740977172547161|126.8871887145199224_37.5736835642442912|126.8876417608668987_37.5733592229529521|126.8880419598859106_37.5730202691865927
2026-09-04T23:16:36.811991+09:00,DMC(디지털미디어시티),DMC(디지털미디어시티),POI084,KEY_1,1130024600,월드컵로,1130007301,디지털미디어시티입구교차로,126.8865867067047475_37.5741837779433610,1130042901,월드컵파크3단지교차로,126.8881409491589523_37.5730943102150050,183.0,38.0,원활,126.8881409491589523_37.5730943102150050|126.8877368451630474_37.5734365727853401|126.8872753969699261_37.5737669286614562|126.8865867067047475_37.5741837779433610
2026-09-04T23:16:36.811991+09:00,DMC(디지털미디어시티),DMC(디지털미디어시티),POI084,KEY_1,1130024700,매봉산로,1130042901,월드컵파크3단지교차로,126.8881409491589523_37.5730943102150050,1130044603,월드컵파크2단지사거리,126.8900041088949990_37.5748995117424016,259.0,21.0,서행,126.8900041088949990_37.5748995117424016|126.8887517450962719_37.5736649009094705|126.8882989940305492_37.5732185545011106|126.8881409491589523_37.5730943102150050
2026-09-04T23:16:36.811991+09:00,DMC(디지털미디어시티),DMC(디지털미디어시티),POI084,KEY_1,1130025000,상암산로,1130045802,월드컵파크4단지앞교차로,126.8883797106704350_37.5759449782012638,1130007301,디지털미디어시티입구교차로,126.8865867067047475_37.5741837779433610,252.0,25.0,원활,126.8865867067047475_37.5741837779433610|126.8883797106704350_37.5759449782012638
2026-09-04T23:16:36.811991+09:00,DMC(디지털미디어시티),DMC(디지털미디어시티),POI084,KEY_1,1130025302,성중길,1130007104,중암교앞교차로,126.9003625466799292_37.5723898224647499,1130045702,서대문구-마포구,126.9024294366205226_37.5761197309857309,466.0,22.0,서행,126.9024294366205226_37.5761197309857309|126.9018138955969306_37.5755687499806541|126.9015618580273497_37.5753284999021275|126.9015478912081676_37.5753035295780435|126.9013739001951961_37.5749924613626689|126.9010880430100201_37.5745239321889599|126.9010138467866540_37.5744247403146971|126.9008681130194560_37.5742299100118871|126.9006382435482010_37.5739161941188797|126.9004842258342904_37.5736112507413580|126.9004169598244971_37.5732829734208806|126.9003697155043966_37.5725880171336186|126.9003625466799292_37.5723898224647499
2026-09-04T23:16:36.811991+09:00,DMC(디지털미디어시티),DMC(디지털미디어시티),POI084,KEY_1,1130025401,성중길,1130110700,중동 89-7,126.9011305691405198_37.5743694314635519,1130007101,중암교앞교차로,126.9004948048543895_37.5722892982473482,243.0,29.0,원활,126.9004948048543895_37.5722892982473482|126.9005054484899944_37.5725835401371313|126.9005522055344244_37.5732713168361343|126.9006158741737522_37.5735820315699272|126.9007605822510385_37.5738685434168076|126.9009851491210696_37.5741750196416930|126.9011305691405198_37.5743694314635519
2026-09-04T23:16:36.811991+09:00,DMC(디지털미디어시티),DMC(디지털미디어시티),POI084,KEY_1,1130025504,월드컵북로,1130227400,상암동 1715,126.8928691721298350_37.5767846610504463,1130046802,상암초교앞교차로,126.8923681066395375_37.5770772862630835,55.0,40.0,원활,126.8923681066395375_37.5770772862630835|126.8928691721298350_37.5767846610504463
2026-09-04T23:16:36.811991+09:00,DMC(디지털미디어시티),DMC(디지털미디어시티),POI084,KEY_1,1130025601,월드컵북로,1130043400,상암동24-59,126.8984326017897075_37.5737046034107323,1130043204,상암사거리,126.8988065387872979_37.5734987293495166,40.0,36.7,원활,126.8988065387872979_37.5734987293495166|126.8984326017897075_37.5737046034107323
2026-09-04T23:16:36.811991+09:00,DMC(디지털미디어시티),DMC(디지털미디어시티),POI084,KEY_1,1130025602,월드컵북로,1130044206,서울시시설관리공단,126.8974443493847133_37.5742486819677097,1130043400,상암동24-59,126.8984326017897075_37.5737046034107323,106.0,33.0,원활,126.8984326017897075_37.5737046034107323|126.8974443493847133_37.5742486819677097
2026-09-04T23:16:36.811991+09:00,DMC(디지털미디어시티),DMC(디지털미디어시티),POI084,KEY_1,1130025604,월드컵북로,1130232200,상암동 37-2,126.8939439911347620_37.5762910507855992,1130045604,월드컵파크1단지교차로,126.8947828040230235_37.5758011541261752,92.0,26.0,원활,126.8947828040230235_37.5758011541261752|126.8939439911347620_37.5762910507855992
2026-09-04T23:16:36.811991+09:00,DMC(디지털미디어시티),DMC(디지털미디어시티),POI084,KEY_1,1130025605,월드컵북로,1130044202,상암동31-1,126.8958974025637474_37.5751501684494542,1130044209,서울시시설관리공단,126.8973331824673920_37.5743115641671324,157.0,25.0,원활,126.8973331824673920_37.5743115641671324|126.8958974025637474_37.5751501684494542
2026-09-04T23:16:36.811991+09:00,DMC(디지털미디어시티),DMC(디지털미디어시티),POI084,KEY_1,1130025606,월드컵북로,1130143900,상암동 31-1,126.8954351096876678_37.5754201750939032,1130044205,상암동31-1,126.8957878809720938_37.5752141359076433,39.0,36.5,원활,126.8957878809720938_37.5752141359076433|126.8954351096876678_37.5754201750939032
2026-09-04T23:16:36.811991+09:00,DMC(디지털미디어시티),DMC(디지털미디어시티),POI084,KEY_1,1130025702,상암산로,1130044603,월드컵파크2단지사거리,126.8900041088949990_37.5748995117424016,1130045802,월드컵파크4단지앞교차로,126.8883797106704350_37.5759449782012638,185.0,10.0,정체,126.8883797106704350_37.5759449782012638|126.8891094429257294_37.5754773087779412|126.8892146635848093_37.5754096006289160|126.8900041088949990_37.5748995117424016
2026-09-04T23:16:36.811991+09:00,DMC(디지털미디어시티),DMC(디지털미디어시티),POI084,KEY_1,1130025801,상암산로,1130045301,한국공공정책신문,126.8893002827802974_37.5754935420065124,1130044604,월드컵파크2단지사거리,126.8900888980952288_37.5749839882549139,90.0,19.0,서행,126.8900888980952288_37.5749839882549139|126.8893002827802974_37.5754935420065124
2026-09-04T23:16:36.811991+09:00,DMC(디지털미디어시티),DMC(디지털미디어시티),POI084,KEY_1,1130025802,상암산로,1130045801,월드컵파크4단지앞교차로,126.8884645575662233_37.5760294154012371,1130045304,한국공공정책신문,126.8891946406988893_37.5755615201432676,83.0,11.0,정체,126.8891946406988893_37.5755615201432676|126.8884645575662233_37.5760294154012371
2026-09-04T23:16:36.811991+09:00,DMC(디지털미디어시티),DMC(디지털미디어시티),POI084,KEY_1,1130025901,매봉산로,1130149100,상암동 1718,126.8907491326159800_37.5756486885100287,1130046303,상암초등학교,126.8915532409193361_37.5764582146745170,115.0,16.0,서행,126.8915532409193361_37.5764582146745170|126.8907491326159800_37.5756486885100287
2026-09-04T23:16:36.811991+09:00,DMC(디지털미디어시티),DMC(디지털미디어시티),POI084,KEY_1,1130025902,매봉산로,1130046304,상암초등학교,126.8916385575081733_37.5765423522413826,1130046803,상암초교앞교차로,126.8922586587650017_37.5771415893312337,86.0,19.0,서행,126.8922586587650017_37.5771415893312337|126.8916385575081733_37.5765423522413826
2026-09-04T23:16:36.811991+09:00,DMC(디지털미디어시티),DMC(디지털미디어시티),POI084,KEY_1,1130026001,매봉산로,1130046802,상암초교앞교차로,126.8923681066395375_37.5770772862630835,1130044601,월드컵파크2단지사거리,126.8901922548791532_37.5749137067317420,308.0,36.0,원활,126.8901922548791532_37.5749137067317420|126.8908556979909861_37.5755816358774624|126.8916598070790513_37.5763911610855672|126.8917434171382297_37.5764736169634261|126.8923681066395375_37.5770772862630835
2026-09-04T23:16:36.811991+09:00,DMC(디지털미디어시티),DMC(디지털미디어시티),POI084,KEY_1,1130026401,상암산로,1130047102,중앙일보빌딩,126.8899246502134446_37.5775017541936762,1130045801,월드컵파크4단지앞교차로,126.8884645575662233_37.5760294154012371,208.0,10.0,정체,126.8884645575662233_37.5760294154012371|126.8899246502134446_37.5775017541936762
2026-09-04T23:16:36.811991+09:00,DMC(디지털미디어시티),DMC(디지털미디어시티),POI084,KEY_1,1130026402,상암산로,1130047502,디지털미디어시티앞교차로,126.8905616249283810_37.5781439913648541,1130047101,중앙일보빌딩,126.8900088184744988_37.5775866225538309,79.0,12.0,정체,126.8900088184744988_37.5775866225538309|126.8905616249283810_37.5781439913648541
2026-09-04T23:16:36.811991+09:00,DMC(디지털미디어시티),DMC(디지털미디어시티),POI084,KEY_1,1130026500,월드컵북로,1130046803,상암초교앞교차로,126.8922586587650017_37.5771415893312337,1130047502,디지털미디어시티앞교차로,126.8905616249283810_37.5781439913648541,187.0,24.5,서행,126.8905616249283810_37.5781439913648541|126.8922586587650017_37.5771415893312337
2026-09-04T23:16:36.811991+09:00,DMC(디지털미디어시티),DMC(디지털미디어시티),POI084,KEY_1,1130026600,월드컵북로,1130047501,디지털미디어시티앞교차로,126.8906465242374253_37.5782284856381139,1130046804,상암초교앞교차로,126.8923444009224255_37.5772255856267208,187.0,34.0,원활,126.8923444009224255_37.5772255856267208|126.8906465242374253_37.5782284856381139
2026-09-04T23:16:36.811991+09:00,DMC(디지털미디어시티),DMC(디지털미디어시티),POI084,KEY_1,1130026701,성암로,1130003202,중동교,126.9005739786039442_37.5754350244651292,1130045502,상암동 1154-1,126.9002568597358760_37.5756319717856542,36.0,35.0,원활,126.9002568597358760_37.5756319717856542|126.9005739786039442_37.5754350244651292
2026-09-04T23:16:36.811991+09:00,DMC(디지털미디어시티),DMC(디지털미디어시티),POI084,KEY_1,1130026702,성암로,1130045503,상암동 1154-1,126.9001493992533227_37.5756987098997470,1130046002,수색역(서측),126.8994866230595164_37.5761479863590679,77.0,29.0,원활,126.8994866230595164_37.5761479863590679|126.9000166173634625_37.5757811735134624|126.9001493992533227_37.5756987098997470
2026-09-04T23:16:36.811991+09:00,DMC(디지털미디어시티),DMC(디지털미디어시티),POI084,KEY_1,1130026703,성암로,1130046003,수색역(서측),126.8993841122573514_37.5762189341099884,1130046602,데일리임팩트,126.8986663047599421_37.5767157224527040,84.0,20.0,서행,126.8986663047599421_37.5767157224527040|126.8993841122573514_37.5762189341099884
2026-09-04T23:16:36.811991+09:00,DMC(디지털미디어시티),DMC(디지털미디어시티),POI084,KEY_1,1130026704,성암로,1130046603,데일리임팩트,126.8985637517100145_37.5767866976523521,1130047002,디지털미디어시티역(공항철도),126.8977378225588240_37.5773583009889691,97.0,41.0,원활,126.8977378225588240_37.5773583009889691|126.8985637517100145_37.5767866976523521
2026-09-04T23:16:36.811991+09:00,DMC(디지털미디어시티),DMC(디지털미디어시티),POI084,KEY_1,1130026705,성암로,1130228300,상암동 1695,126.8955455733531608_37.5788472502048592,1130008002,성암삼거리,126.8947203404407986_37.5794074408454364,96.0,32.0,원활,126.8947203404407986_37.5794074408454364|126.8955455733531608_37.5788472502048592
2026-09-04T23:16:36.811991+09:00,DMC(디지털미디어시티),DMC(디지털미디어시티),POI084,KEY_1,1130026801,성암로,1130046001,수색역(서측),126.8995757632913666_37.5762295729790523,1130003201,중동교,126.9006575479311749_37.5755202637415948,124.0,27.0,원활,126.9006575479311749_37.5755202637415948|126.9003404289748858_37.5757172113524263|126.9002329685327624_37.5757839495594794|126.9001030333946005_37.5758646453959528|126.8995757632913666_37.5762295729790523
2026-09-04T23:16:36.811991+09:00,DMC(디지털미디어시티),DMC(디지털미디어시티),POI084,KEY_1,1130026803,성암로,1130047001,디지털미디어시티역(공항철도),126.8978269624122817_37.5774398889533572,1130046004,수색역(서측),126.8994732524635225_37.5763005208021355,193.0,32.0,원활,126.8994732524635225_37.5763005208021355|126.8987554448355439_37.5767973097372874|126.8986528917860852_37.5768682850013249|126.8978269624122817_37.5774398889533572
2026-09-04T23:16:36.811991+09:00,DMC(디지털미디어시티),DMC(디지털미디어시티),POI084,KEY_1,1130026805,성암로,1130008001,성암삼거리,126.8948085001043040_37.5794897016194511,1130047004,디지털미디어시티역(공항철도),126.8977228468471594_37.5775112990256872,338.0,31.0,원활,126.8977228468471594_37.5775112990256872|126.8968720930318739_37.5780888511044466|126.8964379623555487_37.5783835639945067|126.8956337334028035_37.5789295104891039|126.8948085001043040_37.5794897016194511
2026-09-04T23:16:36.811991+09:00,DMC(디지털미디어시티),DMC(디지털미디어시티),POI084,KEY_1,1130027102,매봉산로,1130231200,상암동 1708,126.8936160448470645_37.5784875021319564,1130008003,성암삼거리,126.8946161530180916_37.5794768573100697,141.0,13.0,정체,126.8946161530180916_37.5794768573100697|126.8943001506249146_37.5791642562783039|126.8936160448470645_37.5784875021319564
2026-09-04T23:16:36.811991+09:00,DMC(디지털미디어시티),DMC(디지털미디어시티),POI084,KEY_1,1130027201,매봉산로,1130047402,상암동주민센터,126.8931728779294730_37.5778763973820418,1130046801,상암초교앞교차로,126.8924537995065407_37.5771613452104063,102.0,15.0,서행,126.8924537995065407_37.5771613452104063|126.8931728779294730_37.5778763973820418
2026-09-04T23:16:36.811991+09:00,DMC(디지털미디어시티),DMC(디지털미디어시티),POI084,KEY_1,1130027202,매봉산로,1130229600,상암동 1708,126.8935960933187062_37.5782952804950696,1130047401,상암동주민센터,126.8932580052658352_37.5779608186309133,48.0,20.0,서행,126.8932580052658352_37.5779608186309133|126.8935960933187062_37.5782952804950696
2026-09-04T23:16:36.811991+09:00,DMC(디지털미디어시티),DMC(디지털미디어시티),POI084,KEY_1,1130027801,월드컵북로,1130047701,월드컵파크5단지교차로,126.8879562129837808_37.5798223834944807,1130047504,디지털미디어시티앞교차로,126.8905373393383655_37.5782929771257415,284.0,37.3,원활,126.8905373393383655_37.5782929771257415|126.8890176540088817_37.5791905774580002|126.8879562129837808_37.5798223834944807
2026-09-04T23:16:36.811991+09:00,DMC(디지털미디어시티),DMC(디지털미디어시티),POI084,KEY_1,1130027802,월드컵북로,1130048401,LGCNS상암IT센터,126.8869393016809539_37.5804276653714808,1130047704,월드컵파크5단지교차로,126.8878473615480118_37.5798871744750684,100.0,49.0,원활,126.8878473615480118_37.5798871744750684|126.8869393016809539_37.5804276653714808
2026-09-04T23:16:36.811991+09:00,DMC(디지털미디어시티),DMC(디지털미디어시티),POI084,KEY_1,1130027803,월드컵북로,1130049001,상암ITTower,126.8860549963467577_37.5809540024161706,1130048404,LGCNS상암IT센터,126.8868304001961178_37.5804924841435763,86.0,52.0,원활,126.8868304001961178_37.5804924841435763|126.8860549963467577_37.5809540024161706
2026-09-04T23:16:36.811991+09:00,DMC(디지털미디어시티),DMC(디지털미디어시티),POI084,KEY_1,1130027804,월드컵북로,1130049401,월드컵파크6단지앞교차로,126.8850370693500054_37.5815595588284097,1130049004,상암ITTower,126.8859461297215887_37.5810187825645698,100.0,56.0,원활,126.8859461297215887_37.5810187825645698|126.8850370693500054_37.5815595588284097
2026-09-04T23:16:36.811991+09:00,DMC(디지털미디어시티),DMC(디지털미디어시티),POI084,KEY_1,1130028101,성암로,1130008003,성암삼거리,126.8946161530180916_37.5794768573100697,1130048702,YTN미디어센터,126.8929940644010941_37.5805367573738849,185.0,39.0,원활,126.8929940644010941_37.5805367573738849|126.8946161530180916_37.5794768573100697
2026-09-04T23:16:36.811991+09:00,DMC(디지털미디어시티),DMC(디지털미디어시티),POI084,KEY_1,1130028102,성암로,1130048703,YTN미디어센터,126.8928902450410732_37.5806065277136980,1130049802,MBC글로벌미디어센터,126.8902432196895802_37.5821317158528529,290.0,18.0,서행,126.8902432196895802_37.5821317158528529|126.8916848633843983_37.5814405541822225|126.8928902450410732_37.5806065277136980
2026-09-04T23:16:36.811991+09:00,DMC(디지털미디어시티),DMC(디지털미디어시티),POI084,KEY_1,1130028103,성암로,1130049803,MBC글로벌미디어센터,126.8901255531158938_37.5821872546751976,1130051107,상암월드컵7단지,126.8870844323033538_37.5835933665662054,311.0,30.0,원활,126.8870844323033538_37.5835933665662054|126.8882017895862475_37.5830840500806644|126.8901255531158938_37.5821872546751976
2026-09-04T23:16:36.811991+09:00,DMC(디지털미디어시티),DMC(디지털미디어시티),POI084,KEY_1,1130028201,성암로,1130048701,YTN미디어센터,126.8930802693829634_37.5806203208228027,1130008004,성암삼거리,126.8947023591175594_37.5795604200954330,185.0,18.0,서행,126.8947023591175594_37.5795604200954330|126.8930802693829634_37.5806203208228027
2026-09-04T23:16:36.811991+09:00,DMC(디지털미디어시티),DMC(디지털미디어시티),POI084,KEY_1,1130028202,성암로,1130049801,MBC글로벌미디어센터,126.8903133236235590_37.5822243292954283,1130048704,YTN미디어센터,126.8929793808815418_37.5806881204146705,292.0,22.0,서행,126.8929793808815418_37.5806881204146705|126.8917650856113539_37.5815283151309529|126.8903133236235590_37.5822243292954283
2026-09-04T23:16:36.811991+09:00,DMC(디지털미디어시티),DMC(디지털미디어시티),POI084,KEY_1,1130028203,성암로,1130051106,상암월드컵7단지,126.8871519552963463_37.5836871858182704,1130049804,MBC글로벌미디어센터,126.8901942208562588_37.5822805460614902,311.0,23.0,서행,126.8901942208562588_37.5822805460614902|126.8882698867831635_37.5831776087941023|126.8871519552963463_37.5836871858182704
2026-09-04T23:16:36.811991+09:00,DMC(디지털미디어시티),DMC(디지털미디어시티),POI084,KEY_1,1130028401,월드컵북로,1130049701,상암동 1715,126.8840285649525583_37.5821600609072348,1130049404,월드컵파크6단지앞교차로,126.8849281565869092_37.5816243792028004,99.0,16.0,서행,126.8849281565869092_37.5816243792028004|126.8840285649525583_37.5821600609072348
2026-09-04T23:16:36.811991+09:00,DMC(디지털미디어시티),DMC(디지털미디어시티),POI084,KEY_1,1130028402,월드컵북로,1130050603,월드컵파크7단지앞교차로,126.8821398763244019_37.5833081209194830,1130049704,상암동 1715,126.8839196519033266_37.5822248985580174,198.0,10.0,정체,126.8839196519033266_37.5822248985580174|126.8826686765652312_37.5829694057582486|126.8821398763244019_37.5833081209194830
2026-09-04T23:16:36.811991+09:00,DMC(디지털미디어시티),DMC(디지털미디어시티),POI084,KEY_1,1130029202,가양대로,1130051308,DMC첨단산업센터앞교차로,126.8843531662040931_37.5848817670797217,1130050603,월드컵파크7단지앞교차로,126.8821398763244019_37.5833081209194830,262.0,46.0,원활,126.8821398763244019_37.5833081209194830|126.8843531662040931_37.5848817670797217
2026-09-04T23:16:36.811991+09:00,DMC(디지털미디어시티),DMC(디지털미디어시티),POI084,KEY_1,1130029301,성암로,1130051104,서울드와이트외국인학교,126.8858869388385102_37.5841637180196386,1130051308,DMC첨단산업센터앞교차로,126.8843531662040931_37.5848817670797217,157.0,15.0,서행,126.8843531662040931_37.5848817670797217|126.8858869388385102_37.5841637180196386
2026-09-04T23:16:36.811991+09:00,DMC(디지털미디어시티),DMC(디지털미디어시티),POI084,KEY_1,1130029302,성암로,1130051108,상암월드컵7단지,126.8869679526118830_37.5836502072271372,1130051103,서울드와이트외국인학교,126.8860048570749086_37.5841085121615635,99.0,15.0,서행,126.8860048570749086_37.5841085121615635|126.8868092634666596_37.5837319073182599|126.8869679526118830_37.5836502072271372
2026-09-04T23:16:36.811991+09:00,DMC(디지털미디어시티),DMC(디지털미디어시티),POI084,KEY_1,1130029403,성암로,1130051105,속성변화점,126.8859558279229987_37.5842569077612083,1130051109,상암월드컵7단지,126.8870417489205096_37.5837409855167053,112.0,32.0,원활,126.8870417489205096_37.5837409855167053|126.8868806383061525_37.5838239328711907|126.8860737463692487_37.5842017018027050|126.8859558279229987_37.5842569077612083
2026-09-04T23:16:36.811991+09:00,DMC(디지털미디어시티),DMC(디지털미디어시티),POI084,KEY_1,1130029404,성암로,1130051307,DMC첨단산업센터앞교차로,126.8844595822825880_37.5849573881018273,1130051105,속성변화점,126.8859558279229987_37.5842569077612083,153.0,35.0,원활,126.8859558279229987_37.5842569077612083|126.8844595822825880_37.5849573881018273
2026-09-04T23:16:36.811991+09:00,DMC(디지털미디어시티),DMC(디지털미디어시티),POI084,KEY_1,1130029701,가양대로,1130051302,상암동800-2,126.8855807691684419_37.5858988231682716,1110002104,수색교앞교차로,126.8871491881332076_37.5870129955381955,186.0,19.0,서행,126.8871491881332076_37.5870129955381955|126.8855807691684419_37.5858988231682716
2026-09-04T23:16:36.811991+09:00,DMC(디지털미디어시티),DMC(디지털미디어시티),POI084,KEY_1,1130029803,가양대로,1130051304,상암동800-2,126.8855698926924163_37.5857461653515301,1130051307,DMC첨단산업센터앞교차로,126.8844595822825880_37.5849573881018273,131.0,50.0,원활,126.8844595822825880_37.5849573881018273|126.8855698926924163_37.5857461653515301
2026-09-04T23:16:36.811991+09:00,DMC(디지털미디어시티),DMC(디지털미디어시티),POI084,KEY_1,1130029804,가양대로,1110002103,수색교앞교차로,126.8872427699533461_37.5869345435850164,1130051303,상암동800-2,126.8856712462701211_37.5858181666906503,186.0,9.0,정체,126.8856712462701211_37.5858181666906503|126.8872427699533461_37.5869345435850164
2026-09-04T23:16:36.811991+09:00,DMC(디지털미디어시티),DMC(디지털미디어시티),POI084,KEY_1,1130069400,월드컵북로42길,1130045902,상암빌라,126.8980210391311658_37.5760895880111647,1130045404,상암동 1711,126.8987086831504172_37.5755938245076209,82.0,24.5,서행,126.8987086831504172_37.5755938245076209|126.8981312410485742_37.5759845693332508|126.8980210391311658_37.5760895880111647
2026-09-04T23:16:36.811991+09:00,DMC(디지털미디어시티),DMC(디지털미디어시티),POI084,KEY_1,1130066900,월드컵북로,1130043400,상암동24-59,126.8984326017897075_37.5737046034107323,1130043500,성산동491-1,126.8990562961894852_37.5737647959106411,59.0,28.0,원활,126.8990562961894852_37.5737647959106411|126.8989085002055361_37.5736866108833851|126.8987791467213100_37.5736598008740614|126.8986641476944612_37.5736501660897773|126.8985371690847614_37.5736660785077774|126.8984326017897075_37.5737046034107323
2026-09-04T23:16:36.811991+09:00,DMC(디지털미디어시티),DMC(디지털미디어시티),POI084,KEY_1,1130067200,월드컵북로47길,1130192300,상암동 1716,126.8909626371225414_37.5742633434940458,1130044602,월드컵파크2단지사거리,126.8901072799406080_37.5748291059225537,98.0,28.0,원활,126.8901072799406080_37.5748291059225537|126.8904259188012844_37.5746002657640261|126.8907263880997220_37.5744065670365757|126.8908070311500040_37.5743545798713043|126.8909626371225414_37.5742633434940458
2026-09-04T23:16:36.811991+09:00,DMC(디지털미디어시티),DMC(디지털미디어시티),POI084,KEY_1,1130067600,월드컵북로42길,1130044502,디지털미디어시티역2번출구,126.8996768178415522_37.5748358906114177,1130044802,상암동 1711,126.8981204003995344_37.5748786658393286,190.0,10.0,정체,126.8981204003995344_37.5748786658393286|126.8981548997384152_37.5748041674797832|126.8989380650604346_37.5743415501355784|126.8990473331477773_37.5743038487143366|126.8991597518555920_37.5743120798745451|126.8992540899842254_37.5743497228770025|126.8996768178415522_37.5748358906114177
2026-09-04T23:16:36.811991+09:00,DMC(디지털미디어시티),DMC(디지털미디어시티),POI084,KEY_1,1130067700,월드컵북로42길,1130044801,상암동 1711,126.8982215233432527_37.5749729322993389,1130044503,디지털미디어시티역2번출구,126.8995651160360723_37.5748974180213082,170.0,19.0,서행,126.8995651160360723_37.5748974180213082|126.8991621560312382_37.5744339846669391|126.8991217838771917_37.5744178755341096|126.8990694863173019_37.5744140466565923|126.8990064543680489_37.5744357950114960|126.8982683624107608_37.5748717876271385|126.8982215233432527_37.5749729322993389
2026-09-04T23:16:36.811991+09:00,DMC(디지털미디어시티),DMC(디지털미디어시티),POI084,KEY_1,1130067800,월드컵북로42길,1130044802,상암동 1711,126.8981204003995344_37.5748786658393286,1130044206,서울시시설관리공단,126.8974443493847133_37.5742486819677097,92.0,31.0,원활,126.8974443493847133_37.5742486819677097|126.8981204003995344_37.5748786658393286
2026-09-04T23:16:36.811991+09:00,DMC(디지털미디어시티),DMC(디지털미디어시티),POI084,KEY_1,1130067900,월드컵북로42길,1130044209,서울시시설관리공단,126.8973331824673920_37.5743115641671324,1130044803,상암동 1711,126.8980445440763702_37.5749744531417491,97.0,25.5,원활,126.8980445440763702_37.5749744531417491|126.8973331824673920_37.5743115641671324
2026-09-04T23:16:36.811991+09:00,DMC(디지털미디어시티),DMC(디지털미디어시티),POI084,KEY_1,1130068200,증산로,1130045102,중동교,126.9008492951027023_37.5752640367100312,1130044100,성산동488-2,126.8993493776716974_37.5738963850184291,203.0,23.0,서행,126.8993493776716974_37.5738963850184291|126.8997550267243923_37.5741747896741316|126.8999831939128740_37.5743329158112758|126.9008492951027023_37.5752640367100312
2026-09-04T23:16:36.811991+09:00,DMC(디지털미디어시티),DMC(디지털미디어시티),POI084,KEY_1,1130068300,월드컵북로42길,1130044503,디지털미디어시티역2번출구,126.8995651160360723_37.5748974180213082,1130045402,상암동 1711,126.8987247218111918_37.5754425169501260,96.0,23.0,서행,126.8987247218111918_37.5754425169501260|126.8995651160360723_37.5748974180213082
2026-09-04T23:16:36.811991+09:00,DMC(디지털미디어시티),DMC(디지털미디어시티),POI084,KEY_1,1130068400,월드컵북로42길,1130045401,상암동 1711,126.8988131161988804_37.5755246575182369,1130044504,디지털미디어시티역2번출구,126.8996370708927657_37.5749902219936800,94.0,19.5,서행,126.8996370708927657_37.5749902219936800|126.8988131161988804_37.5755246575182369
2026-09-04T23:16:36.811991+09:00,DMC(디지털미디어시티),DMC(디지털미디어시티),POI084,KEY_1,1130068500,월드컵북로42길,1130045402,상암동 1711,126.8987247218111918_37.5754425169501260,1130044801,상암동 1711,126.8982215233432527_37.5749729322993389,68.0,29.5,원활,126.8982215233432527_37.5749729322993389|126.8987247218111918_37.5754425169501260
2026-09-04T23:16:36.811991+09:00,DMC(디지털미디어시티),DMC(디지털미디어시티),POI084,KEY_1,1130068600,월드컵북로42길,1130044804,상암동 1711,126.8981330253056825_37.5750569593229926,1130045403,상암동 1711,126.8986203198311955_37.5755117037941773,66.0,29.0,원활,126.8986203198311955_37.5755117037941773|126.8981330253056825_37.5750569593229926
2026-09-04T23:16:36.811991+09:00,DMC(디지털미디어시티),DMC(디지털미디어시티),POI084,KEY_1,1130068700,성암로,1130045502,상암동 1154-1,126.9002568597358760_37.5756319717856542,1130044501,디지털미디어시티역2번출구,126.8997554586748322_37.5749372010833653,91.0,10.0,정체,126.8997554586748322_37.5749372010833653|126.8998013926707245_37.5750021725140755|126.8999518821993888_37.5753686624393950|126.9002568597358760_37.5756319717856542
2026-09-04T23:16:36.811991+09:00,DMC(디지털미디어시티),DMC(디지털미디어시티),POI084,KEY_1,1130068800,성암로,1130044504,디지털미디어시티역2번출구,126.8996370708927657_37.5749902219936800,1130045503,상암동 1154-1,126.9001493992533227_37.5756987098997470,93.0,30.5,원활,126.9001493992533227_37.5756987098997470|126.8998319496738389_37.5754246323100034|126.8996764327224440_37.5750458979557891|126.8996370708927657_37.5749902219936800
2026-09-04T23:16:36.811991+09:00,DMC(디지털미디어시티),DMC(디지털미디어시티),POI084,KEY_1,1130069300,월드컵북로42길,1130045403,상암동 1711,126.8986203198311955_37.5755117037941773,1130045903,상암빌라,126.8979167747526304_37.5760202816905178,84.0,25.0,원활,126.8979167747526304_37.5760202816905178|126.8980344116927057_37.5759081769391798|126.8986203198311955_37.5755117037941773
2026-09-04T23:16:36.811991+09:00,DMC(디지털미디어시티),DMC(디지털미디어시티),POI084,KEY_1,1130069500,월드컵북로42길,1130046002,수색역(서측),126.8994866230595164_37.5761479863590679,1130045401,상암동 1711,126.8988131161988804_37.5755246575182369,91.0,10.0,정체,126.8988131161988804_37.5755246575182369|126.8994866230595164_37.5761479863590679
2026-09-04T23:16:36.811991+09:00,DMC(디지털미디어시티),DMC(디지털미디어시티),POI084,KEY_1,1130069600,월드컵북로42길,1130045404,상암동 1711,126.8987086831504172_37.5755938245076209,1130046003,수색역(서측),126.8993841122573514_37.5762189341099884,92.0,26.0,원활,126.8993841122573514_37.5762189341099884|126.8987086831504172_37.5755938245076209
2026-09-04T23:16:36.811991+09:00,DMC(디지털미디어시티),DMC(디지털미디어시티),POI084,KEY_1,1130070000,상암산로,1130046702,KBS미디어센터,126.8907708780118213_37.5769657557175876,1130045301,한국공공정책신문,126.8893002827802974_37.5754935420065124,209.0,19.0,서행,126.8893002827802974_37.5754935420065124|126.8907708780118213_37.5769657557175876
2026-09-04T23:16:36.811991+09:00,DMC(디지털미디어시티),DMC(디지털미디어시티),POI084,KEY_1,1130070100,상암산로,1130045304,한국공공정책신문,126.8891946406988893_37.5755615201432676,1130046703,KBS미디어센터,126.8906650467874329_37.5770335465561018,209.0,22.0,서행,126.8906650467874329_37.5770335465561018|126.8891946406988893_37.5755615201432676
2026-09-04T23:16:36.811991+09:00,DMC(디지털미디어시티),DMC(디지털미디어시티),POI084,KEY_1,1130070600,성암로,1130046602,데일리임팩트,126.8986663047599421_37.5767157224527040,1130045902,상암빌라,126.8980210391311658_37.5760895880111647,90.0,7.0,정체,126.8980210391311658_37.5760895880111647|126.8986663047599421_37.5767157224527040
2026-09-04T23:16:36.811991+09:00,DMC(디지털미디어시티),DMC(디지털미디어시티),POI084,KEY_1,1130070700,성암로,1130045901,상암빌라,126.8979371695674416_37.5761786921852803,1130046603,데일리임팩트,126.8985637517100145_37.5767866976523521,87.0,18.0,서행,126.8985637517100145_37.5767866976523521|126.8979371695674416_37.5761786921852803
2026-09-04T23:16:36.811991+09:00,DMC(디지털미디어시티),DMC(디지털미디어시티),POI084,KEY_1,1130070800,상암산로,1130046303,상암초등학교,126.8915532409193361_37.5764582146745170,1130046702,KBS미디어센터,126.8907708780118213_37.5769657557175876,89.0,23.0,서행,126.8907708780118213_37.5769657557175876|126.8915532409193361_37.5764582146745170
2026-09-04T23:16:36.811991+09:00,DMC(디지털미디어시티),DMC(디지털미디어시티),POI084,KEY_1,1130070900,상암산로,1130046701,KBS미디어센터,126.8908567065178516_37.5770495623463958,1130046304,상암초등학교,126.8916385575081733_37.5765423522413826,89.0,21.0,서행,126.8916385575081733_37.5765423522413826|126.8908567065178516_37.5770495623463958
2026-09-04T23:16:36.811991+09:00,DMC(디지털미디어시티),DMC(디지털미디어시티),POI084,KEY_1,1130071000,성암로,1130230100,상암동 1709,126.8973658393318260_37.5766400680182500,1130047003,디지털미디어시티역(공항철도),126.8976346858385824_37.5774290399688340,104.0,13.0,정체,126.8976346858385824_37.5774290399688340|126.8972069079642608_37.5769761157230207|126.8971965231739745_37.5768883093211983|126.8972293764982595_37.5767953166038282|126.8973658393318260_37.5766400680182500
2026-09-04T23:16:36.811991+09:00,DMC(디지털미디어시티),DMC(디지털미디어시티),POI084,KEY_1,1130071100,성암로,1130047002,디지털미디어시티역(공항철도),126.8977378225588240_37.5773583009889691,1130045901,상암빌라,126.8979371695674416_37.5761786921852803,159.0,10.0,정체,126.8979371695674416_37.5761786921852803|126.8974771503392418_37.5767020453298102|126.8973539084312421_37.5768422532145507|126.8973341406117754_37.5768982075732580|126.8973385598150259_37.5769355684291426|126.8977378225588240_37.5773583009889691
2026-09-04T23:16:36.811991+09:00,DMC(디지털미디어시티),DMC(디지털미디어시티),POI084,KEY_1,1130071200,상암산로,1130046703,KBS미디어센터,126.8906650467874329_37.5770335465561018,1130047102,중앙일보빌딩,126.8899246502134446_37.5775017541936762,84.0,13.0,정체,126.8899246502134446_37.5775017541936762|126.8906650467874329_37.5770335465561018
2026-09-04T23:16:36.811991+09:00,DMC(디지털미디어시티),DMC(디지털미디어시티),POI084,KEY_1,1130071300,상암산로,1130047101,중앙일보빌딩,126.8900088184744988_37.5775866225538309,1130046704,KBS미디어센터,126.8907495567892312_37.5771181976975086,84.0,21.0,서행,126.8907495567892312_37.5771181976975086|126.8900088184744988_37.5775866225538309
2026-09-04T23:16:36.811991+09:00,DMC(디지털미디어시티),DMC(디지털미디어시티),POI084,KEY_1,1130072000,상암산로,1130048702,YTN미디어센터,126.8929940644010941_37.5805367573738849,1130047501,디지털미디어시티앞교차로,126.8906465242374253_37.5782284856381139,330.0,19.0,서행,126.8906465242374253_37.5782284856381139|126.8929940644010941_37.5805367573738849
2026-09-04T23:16:36.811991+09:00,DMC(디지털미디어시티),DMC(디지털미디어시티),POI084,KEY_1,1130072100,상암산로,1130047504,디지털미디어시티앞교차로,126.8905373393383655_37.5782929771257415,1130048703,YTN미디어센터,126.8928902450410732_37.5806065277136980,330.0,13.0,정체,126.8928902450410732_37.5806065277136980|126.8905373393383655_37.5782929771257415
2026-09-04T23:16:36.811991+09:00,DMC(디지털미디어시티),DMC(디지털미디어시티),POI084,KEY_1,1130073400,월드컵북로54길,1130227600,상암동 1704,126.8887390930264587_37.5805999182029922,1130047701,월드컵파크5단지교차로,126.8879562129837808_37.5798223834944807,111.0,13.0,정체,126.8879562129837808_37.5798223834944807|126.8887390930264587_37.5805999182029922
2026-09-04T23:16:36.811991+09:00,DMC(디지털미디어시티),DMC(디지털미디어시티),POI084,KEY_1,1130073500,월드컵북로54길,1130047704,월드컵파크5단지교차로,126.8878473615480118_37.5798871744750684,1130049203,MBC문화방송본사,126.8892836564560582_37.5813136494657627,203.0,9.0,정체,126.8892836564560582_37.5813136494657627|126.8886330781796232_37.5806675281166989|126.8878473615480118_37.5798871744750684
2026-09-04T23:16:36.811991+09:00,DMC(디지털미디어시티),DMC(디지털미디어시티),POI084,KEY_1,1130074000,월드컵북로56길,1130228900,상암동 1702,126.8875423772986579_37.5810132902587100,1130048401,LGCNS상암IT센터,126.8869393016809539_37.5804276653714808,84.0,16.0,서행,126.8869393016809539_37.5804276653714808|126.8875423772986579_37.5810132902587100
2026-09-04T23:16:36.811991+09:00,DMC(디지털미디어시티),DMC(디지털미디어시티),POI084,KEY_1,1130074100,월드컵북로56길,1130229000,상암동 1702,126.8874373024892890_37.5810818253805863,1130049603,대원방송,126.8882715653573143_37.5818919280665753,116.0,12.0,정체,126.8882715653573143_37.5818919280665753|126.8878698286892188_37.5815018285952149|126.8874373024892890_37.5810818253805863
2026-09-04T23:16:36.811991+09:00,DMC(디지털미디어시티),DMC(디지털미디어시티),POI084,KEY_1,1130074600,월드컵북로56길,1130049203,MBC문화방송본사,126.8892836564560582_37.5813136494657627,1130049602,대원방송,126.8883858216651532_37.5818323079101333,98.0,9.0,정체,126.8883858216651532_37.5818323079101333|126.8892836564560582_37.5813136494657627
2026-09-04T23:16:36.811991+09:00,DMC(디지털미디어시티),DMC(디지털미디어시티),POI084,KEY_1,1130074700,월드컵북로56길,1130049601,대원방송,126.8884656267736943_37.5819198063311930,1130049204,MBC문화방송본사,126.8893675179688074_37.5813988050588179,98.0,12.0,정체,126.8893675179688074_37.5813988050588179|126.8884656267736943_37.5819198063311930
2026-09-04T23:16:36.811991+09:00,DMC(디지털미디어시티),DMC(디지털미디어시티),POI084,KEY_1,1130074800,월드컵북로58길,1130229300,상암동 1700,126.8866383641144324_37.5815330002816026,1130049001,상암ITTower,126.8860549963467577_37.5809540024161706,82.0,15.0,서행,126.8860549963467577_37.5809540024161706|126.8866383641144324_37.5815330002816026
2026-09-04T23:16:36.811991+09:00,DMC(디지털미디어시티),DMC(디지털미디어시티),POI084,KEY_1,1130074900,월드컵북로58길,1130229400,상암동 1700,126.8865323748690059_37.5816006370995197,1130049903,한국지역정보개발원,126.8872903229448070_37.5823528908183846,107.0,17.0,서행,126.8872903229448070_37.5823528908183846|126.8869392975139192_37.5820045050870206|126.8865323748690059_37.5816006370995197
2026-09-04T23:16:36.811991+09:00,DMC(디지털미디어시티),DMC(디지털미디어시티),POI084,KEY_1,1130075000,월드컵북로54길,1130049802,MBC글로벌미디어센터,126.8902432196895802_37.5821317158528529,1130049201,MBC문화방송본사,126.8894754129642877_37.5813331049980519,112.0,15.0,서행,126.8894754129642877_37.5813331049980519|126.8902432196895802_37.5821317158528529
2026-09-04T23:16:36.811991+09:00,DMC(디지털미디어시티),DMC(디지털미디어시티),POI084,KEY_1,1130075100,월드컵북로54길,1130049204,MBC문화방송본사,126.8893675179688074_37.5813988050588179,1130049803,MBC글로벌미디어센터,126.8901255531158938_37.5821872546751976,110.0,8.0,정체,126.8901255531158938_37.5821872546751976|126.8893675179688074_37.5813988050588179
2026-09-04T23:16:36.811991+09:00,DMC(디지털미디어시티),DMC(디지털미디어시티),POI084,KEY_1,1130075200,월드컵북로56길,1130049603,대원방송,126.8882715653573143_37.5818919280665753,1130049902,한국지역정보개발원,126.8874140089263705_37.5823028164665516,88.0,8.0,정체,126.8874140089263705_37.5823028164665516|126.8882715653573143_37.5818919280665753
2026-09-04T23:16:36.811991+09:00,DMC(디지털미디어시티),DMC(디지털미디어시티),POI084,KEY_1,1130075300,월드컵북로56길,1130049901,한국지역정보개발원,126.8874997672136118_37.5823879290279308,1130049604,대원방송,126.8883416393229169_37.5819845548537756,87.0,9.0,정체,126.8883416393229169_37.5819845548537756|126.8874997672136118_37.5823879290279308
2026-09-04T23:16:36.811991+09:00,DMC(디지털미디어시티),DMC(디지털미디어시티),POI084,KEY_1,1130075400,월드컵북로60길,1130230800,상암동 1698,126.8856024106953129_37.5821067794425474,1130049401,월드컵파크6단지앞교차로,126.8850370693500054_37.5815595588284097,79.0,21.0,서행,126.8850370693500054_37.5815595588284097|126.8856024106953129_37.5821067794425474
2026-09-04T23:16:36.811991+09:00,DMC(디지털미디어시티),DMC(디지털미디어시티),POI084,KEY_1,1130075500,월드컵북로60길,1130049404,월드컵파크6단지앞교차로,126.8849281565869092_37.5816243792028004,1130050003,스탠포드호텔서울,126.8861101278442050_37.5827684534966480,164.0,18.0,서행,126.8861101278442050_37.5827684534966480|126.8854974703182421_37.5821754451747054|126.8849281565869092_37.5816243792028004
2026-09-04T23:16:36.811991+09:00,DMC(디지털미디어시티),DMC(디지털미디어시티),POI084,KEY_1,1130075600,월드컵북로60길,1130049903,한국지역정보개발원,126.8872903229448070_37.5823528908183846,1130050002,스탠포드호텔서울,126.8862442705996045_37.5827280529537973,101.0,11.0,정체,126.8862442705996045_37.5827280529537973|126.8872903229448070_37.5823528908183846
2026-09-04T23:16:36.811991+09:00,DMC(디지털미디어시티),DMC(디지털미디어시티),POI084,KEY_1,1130075700,월드컵북로60길,1130050001,스탠포드호텔서울,126.8863310804255065_37.5828155107780688,1130049904,한국지역정보개발원,126.8873780953404662_37.5824400024958010,101.0,12.0,정체,126.8873780953404662_37.5824400024958010|126.8863310804255065_37.5828155107780688
2026-09-04T23:16:36.811991+09:00,DMC(디지털미디어시티),DMC(디지털미디어시티),POI084,KEY_1,1130075800,월드컵북로62길,1130228600,상암동 1696,126.8845727100091239_37.5826845055324199,1130049701,상암동 1715,126.8840285649525583_37.5821600609072348,75.0,15.0,서행,126.8840285649525583_37.5821600609072348|126.8845727100091239_37.5826845055324199
2026-09-04T23:16:36.811991+09:00,DMC(디지털미디어시티),DMC(디지털미디어시티),POI084,KEY_1,1130075900,월드컵북로62길,1130049704,상암동 1715,126.8839196519033266_37.5822248985580174,1130050404,서울일본인학교,126.8848748758891105_37.5831455330485440,133.0,22.0,서행,126.8848748758891105_37.5831455330485440|126.8844679508670765_37.5827533468660917|126.8839196519033266_37.5822248985580174
2026-09-04T23:16:36.811991+09:00,DMC(디지털미디어시티),DMC(디지털미디어시티),POI084,KEY_1,1130076000,월드컵북로60길,1130050003,스탠포드호텔서울,126.8861101278442050_37.5827684534966480,1130050403,서울일본인학교,126.8849796349235106_37.5830766915166947,106.0,12.0,정체,126.8849796349235106_37.5830766915166947|126.8861101278442050_37.5827684534966480
2026-09-04T23:16:36.811991+09:00,DMC(디지털미디어시티),DMC(디지털미디어시티),POI084,KEY_1,1130076100,월드컵북로60길,1130050402,서울일본인학교,126.8850709902395550_37.5831660711584163,1130050004,스탠포드호텔서울,126.8862007374457335_37.5828580366690090,105.0,26.0,원활,126.8862007374457335_37.5828580366690090|126.8850709902395550_37.5831660711584163
2026-09-04T23:16:36.811991+09:00,DMC(디지털미디어시티),DMC(디지털미디어시티),POI084,KEY_1,1130076300,월드컵북로60길,1130051107,상암월드컵7단지,126.8870844323033538_37.5835933665662054,1130050001,스탠포드호텔서울,126.8863310804255065_37.5828155107780688,109.0,13.0,정체,126.8863310804255065_37.5828155107780688|126.8870844323033538_37.5835933665662054
2026-09-04T23:16:36.811991+09:00,DMC(디지털미디어시티),DMC(디지털미디어시티),POI084,KEY_1,1130076400,월드컵북로60길,1130050004,스탠포드호텔서울,126.8862007374457335_37.5828580366690090,1130051108,상암월드컵7단지,126.8869679526118830_37.5836502072271372,111.0,24.0,서행,126.8869679526118830_37.5836502072271372|126.8862007374457335_37.5828580366690090
2026-09-04T23:16:36.811991+09:00,DMC(디지털미디어시티),DMC(디지털미디어시티),POI084,KEY_1,1130086800,월드컵북로62길,1130050401,서울일본인학교,126.8849652876481997_37.5832339947921312,1130051104,서울드와이트외국인학교,126.8858869388385102_37.5841637180196386,131.0,12.0,정체,126.8858869388385102_37.5841637180196386|126.8855418938747874_37.5838022880318761|126.8849652876481997_37.5832339947921312
2026-09-04T23:16:36.811991+09:00,DMC(디지털미디어시티),DMC(디지털미디어시티),POI084,KEY_1,1130086900,월드컵북로62길,1130051103,서울드와이트외국인학교,126.8860048570749086_37.5841085121615635,1130050402,서울일본인학교,126.8850709902395550_37.5831660711584163,133.0,16.0,서행,126.8850709902395550_37.5831660711584163|126.8856488572541821_37.5837356083076131|126.8860048570749086_37.5841085121615635
2026-09-04T23:16:36.811991+09:00,가산디지털단지역,가산디지털단지역,POI013,KEY_2,1160003501,남부순환로,1170016605,디지털단지오거리,126.8897211418423723_37.4793279122721970,1170017201,가산치안센터,126.8878517040770220_37.4802639980304875,197.0,4.0,정체,126.8878517040770220_37.4802639980304875|126.8881729322508960_37.4800224635507888|126.8884184403771087_37.4798608276333667|126.8885644024226167_37.4797738008962611|126.8887806547894712_37.4796831946810585|126.8894559098646369_37.4794074114802385|126.8896311235157128_37.4793504792482182|126.8897211418423723_37.4793279122721970
2026-09-04T23:16:36.811991+09:00,가산디지털단지역,가산디지털단지역,POI013,KEY_2,1160003502,남부순환로,1170017202,가산치안센터,126.8877563510179272_37.4803409344622338,1170017603,진도로터리,126.8865717208607293_37.4816908228100871,183.0,4.0,정체,126.8865717208607293_37.4816908228100871|126.8871910645151360_37.4808930497281807|126.8872533985144457_37.4808234240947442|126.8874024014183703_37.4806569906409237|126.8874901153701131_37.4805714099006124|126.8877563510179272_37.4803409344622338
2026-09-04T23:16:36.811991+09:00,가산디지털단지역,가산디지털단지역,POI013,KEY_2,1160006501,벚꽃로56길,1170017604,진도로터리,126.8864996062809212_37.4817824247397624,1170018001,가산동 87-228,126.8849888398732020_37.4830651069565590,196.0,14.0,정체,126.8849888398732020_37.4830651069565590|126.8853232502128066_37.4828384705037578|126.8858521011573970_37.4824308281103526|126.8860411166215130_37.4822371023176615|126.8862685425384029_37.4819537373762728|126.8864996062809212_37.4817824247397624
2026-09-04T23:16:36.811991+09:00,가산디지털단지역,가산디지털단지역,POI013,KEY_2,1160006502,벚꽃로56길,1170018002,가산동 87-228,126.8848823508648422_37.4831372761665094,1170018202,가산동교차로,126.8811914499102755_37.4855182683695247,421.0,20.5,서행,126.8811914499102755_37.4855182683695247|126.8813904809196913_37.4854471229337562|126.8819767830358245_37.4851063326005800|126.8838600897582154_37.4838300660555532|126.8848823508648422_37.4831372761665094
2026-09-04T23:16:36.811991+09:00,가산디지털단지역,가산디지털단지역,POI013,KEY_2,1160008101,남부순환로,1170019000,가리봉고가차도,126.8791756496076175_37.4863167028194511,1160009900,구로IC,126.8767113990122795_37.4884030681732270,323.0,63.0,원활,126.8767113990122795_37.4884030681732270|126.8773617738595050_37.4876151761703653|126.8779138587961057_37.4870541454600001|126.8780827941354943_37.4869124175203083|126.8783482283694468_37.4867677307161458|126.8791756496076175_37.4863167028194511
2026-09-04T23:16:36.811991+09:00,가산디지털단지역,가산디지털단지역,POI013,KEY_2,1160276200,남부순환로,1170023204,구로IC,126.8781042169384961_37.4863653494947258,1160119403,구로IC,126.8779377906354995_37.4865789505771190,28.0,19.0,서행,126.8779377906354995_37.4865789505771190|126.8781042169384961_37.4863653494947258
2026-09-04T23:16:36.811991+09:00,가산디지털단지역,가산디지털단지역,POI013,KEY_2,1170007901,디지털로,1170014101,디지털3단지교차로,126.8808941691960683_37.4759382777542669,1170014502,수출의다리고가차도(서측),126.8817270968934139_37.4761604725563657,78.0,28.0,원활,126.8817270968934139_37.4761604725563657|126.8808941691960683_37.4759382777542669
2026-09-04T23:16:36.811991+09:00,가산디지털단지역,가산디지털단지역,POI013,KEY_2,1170007902,디지털로,1170014502,수출의다리고가차도(서측),126.8817270968934139_37.4761604725563657,1170002804,창업경영신문,126.8831950703829676_37.4766334638794163,141.0,9.0,정체,126.8831950703829676_37.4766334638794163|126.8819600632701992_37.4762838037544910|126.8817270968934139_37.4761604725563657
2026-09-04T23:16:36.811991+09:00,가산디지털단지역,가산디지털단지역,POI013,KEY_2,1170008100,디지털로,1170014502,수출의다리고가차도(서측),126.8817270968934139_37.4761604725563657,1170014802,수출의다리고가차도(동측),126.8868851157251072_37.4776397125304612,485.0,31.0,원활,126.8868851157251072_37.4776397125304612|126.8849451085779663_37.4770773261663095|126.8844958007691304_37.4769546947428012|126.8832815434968353_37.4766005762184591|126.8817270968934139_37.4761604725563657
2026-09-04T23:16:36.811991+09:00,가산디지털단지역,가산디지털단지역,POI013,KEY_2,1170008501,디지털로,1170002901,가산동 60-35,126.8849706404372881_37.4771422536530636,1170014802,수출의다리고가차도(동측),126.8868851157251072_37.4776397125304612,179.0,12.0,정체,126.8868851157251072_37.4776397125304612|126.8866068412610275_37.4776165718272409|126.8849706404372881_37.4771422536530636
2026-09-04T23:16:36.811991+09:00,가산디지털단지역,가산디지털단지역,POI013,KEY_2,1170008502,디지털로,1170014802,수출의다리고가차도(동측),126.8868851157251072_37.4776397125304612,1170015304,마리오사거리,126.8879457849973704_37.4779606013956652,100.0,30.0,원활,126.8879457849973704_37.4779606013956652|126.8877937382763292_37.4779018553425018|126.8868851157251072_37.4776397125304612
2026-09-04T23:16:36.811991+09:00,가산디지털단지역,가산디지털단지역,POI013,KEY_2,1170008700,가산디지털2로,1170165900,가산동 450-2,126.8795693852690647_37.4785504672348466,1170003103,넥스트데일리,126.8792068995255988_37.4793524705919339,95.0,13.0,정체,126.8792068995255988_37.4793524705919339|126.8795693852690647_37.4785504672348466
2026-09-04T23:16:36.811991+09:00,가산디지털단지역,가산디지털단지역,POI013,KEY_2,1170008800,가산디지털2로,1170151300,가산동 450-2,126.8799342887909205_37.4780621502048774,1170014101,디지털3단지교차로,126.8808941691960683_37.4759382777542669,251.0,26.5,원활,126.8808941691960683_37.4759382777542669|126.8806351373934405_37.4765114353296767|126.8804550586407345_37.4769098885863343|126.8799342887909205_37.4780621502048774
2026-09-04T23:16:36.811991+09:00,가산디지털단지역,가산디지털단지역,POI013,KEY_2,1170009100,가산디지털1로,1170002804,창업경영신문,126.8831950703829676_37.4766334638794163,1170017103,우림라이온스밸리,126.8816733364257345_37.4800346466289866,401.0,19.0,서행,126.8816733364257345_37.4800346466289866|126.8831950703829676_37.4766334638794163
2026-09-04T23:16:36.811991+09:00,가산디지털단지역,가산디지털단지역,POI013,KEY_2,1170009200,가산디지털1로,1170017102,우림라이온스밸리,126.8818011270400490_37.4800709604220117,1170002801,창업경영신문,126.8833226910250147_37.4766701422596853,401.0,23.5,서행,126.8833226910250147_37.4766701422596853|126.8818011270400490_37.4800709604220117
2026-09-04T23:16:36.811991+09:00,가산디지털단지역,가산디지털단지역,POI013,KEY_2,1170009301,디지털로,1170015301,마리오사거리,126.8880672616053715_37.4780099944341174,1170015804,가산동 60-35,126.8888608195852470_37.4786422669334556,100.0,6.0,정체,126.8888608195852470_37.4786422669334556|126.8881409368257351_37.4780418229270751|126.8880672616053715_37.4780099944341174
2026-09-04T23:16:36.811991+09:00,가산디지털단지역,가산디지털단지역,POI013,KEY_2,1170009302,디지털로,1170015801,가산동 127-34,126.8889577744570971_37.4787220070768754,1170016605,디지털단지오거리,126.8897211418423723_37.4793279122721970,95.0,20.0,서행,126.8897211418423723_37.4793279122721970|126.8895964707636494_37.4792431250065050|126.8893402984789844_37.4790341130758478|126.8889577744570971_37.4787220070768754
2026-09-04T23:16:36.811991+09:00,가산디지털단지역,가산디지털단지역,POI013,KEY_2,1170009501,벚꽃로,1170002904,가산동 60-35,126.8848493716510859_37.4770937824342951,1170017303,가산디지털단지역,126.8833329550342484_37.4805985517580140,412.0,32.0,원활,126.8833329550342484_37.4805985517580140|126.8836020502718611_37.4799046444760648|126.8836391972232320_37.4798198577455253|126.8847971478063670_37.4771767696381630|126.8848493716510859_37.4770937824342951
2026-09-04T23:16:36.811991+09:00,가산디지털단지역,가산디지털단지역,POI013,KEY_2,1170009502,벚꽃로,1170017304,가산디지털단지역,126.8832914721379836_37.4806927127882901,1170003303,가산디지털단지역앞교차로,126.8828894882291110_37.4816141572351995,108.0,18.0,서행,126.8828894882291110_37.4816141572351995|126.8830619523466794_37.4811548390686653|126.8832914721379836_37.4806927127882901
2026-09-04T23:16:36.811991+09:00,가산디지털단지역,가산디지털단지역,POI013,KEY_2,1170009601,벚꽃로,1170168100,가산동 60-35,126.8837672852709773_37.4798554986572157,1170002901,가산동 60-35,126.8849706404372881_37.4771422536530636,319.0,25.0,원활,126.8849706404372881_37.4771422536530636|126.8849223436458260_37.4772190002988594|126.8837672852709773_37.4798554986572157
2026-09-04T23:16:36.811991+09:00,가산디지털단지역,가산디지털단지역,POI013,KEY_2,1170009602,벚꽃로,1170003302,가산디지털단지역앞교차로,126.8830194687454451_37.4816451521612635,1170017301,가산디지털단지역,126.8834176229635631_37.4807325035353074,107.0,13.0,정체,126.8834176229635631_37.4807325035353074|126.8831902554749149_37.4811902972294035|126.8830194687454451_37.4816451521612635
2026-09-04T23:16:36.811991+09:00,가산디지털단지역,가산디지털단지역,POI013,KEY_2,1170009700,가산디지털1로,1170003101,넥스트데일리,126.8792897949768275_37.4794901852118443,1170017104,우림라이온스밸리,126.8816281155147578_37.4801365859910831,219.0,11.0,정체,126.8816281155147578_37.4801365859910831|126.8792897949768275_37.4794901852118443
2026-09-04T23:16:36.811991+09:00,가산디지털단지역,가산디지털단지역,POI013,KEY_2,1170009800,가산디지털1로,1170017103,우림라이온스밸리,126.8816733364257345_37.4800346466289866,1170003102,넥스트데일리,126.8793349417991720_37.4793882254874120,219.0,18.0,서행,126.8793349417991720_37.4793882254874120|126.8816733364257345_37.4800346466289866
2026-09-04T23:16:36.811991+09:00,가산디지털단지역,가산디지털단지역,POI013,KEY_2,1170009901,디지털로9길,1170164100,가산동 60-35,126.8857907737875763_37.4806189633382587,1170017503,가산KS타워,126.8854049819534566_37.4811550680724608,69.0,10.0,정체,126.8854049819534566_37.4811550680724608|126.8854945275656974_37.4809843865200421|126.8857907737875763_37.4806189633382587
2026-09-04T23:16:36.811991+09:00,가산디지털단지역,가산디지털단지역,POI013,KEY_2,1170009902,디지털로9길,1170017504,가산KS타워,126.8853679062811182_37.4812594917756741,1170017803,가산동 602-6,126.8846865555989893_37.4822817629960028,146.0,11.0,정체,126.8846865555989893_37.4822817629960028|126.8847872687601921_37.4822837721918489|126.8849954357073386_37.4822479211715986|126.8850646930436028_37.4822359934149461|126.8850993805177296_37.4821999372626919|126.8853385586020295_37.4814344575109359|126.8853679062811182_37.4812594917756741
2026-09-04T23:16:36.811991+09:00,가산디지털단지역,가산디지털단지역,POI013,KEY_2,1170009903,벚꽃로38길,1170155100,가산동 46-1,126.8840151666784664_37.4820112742903930,1170003302,가산디지털단지역앞교차로,126.8830194687454451_37.4816451521612635,97.0,19.0,서행,126.8830194687454451_37.4816451521612635|126.8831886167514966_37.4817004430020972|126.8840151666784664_37.4820112742903930
2026-09-04T23:16:36.811991+09:00,가산디지털단지역,가산디지털단지역,POI013,KEY_2,1170010001,디지털로9길,1170157900,가산동 60-35,126.8876891962911060_37.4784763829253507,1170015301,마리오사거리,126.8880672616053715_37.4780099944341174,62.0,26.0,원활,126.8880672616053715_37.4780099944341174|126.8876891962911060_37.4784763829253507
2026-09-04T23:16:36.811991+09:00,가산디지털단지역,가산디지털단지역,POI013,KEY_2,1170010002,디지털로9길,1170164300,가산동 83-17,126.8850240952999968_37.4823536023999466,1170017501,가산KS타워,126.8854966385132741_37.4813080721727374,130.0,24.0,서행,126.8854966385132741_37.4813080721727374|126.8854720363983688_37.4814547452319502|126.8852242188884105_37.4822478778168318|126.8851420531717906_37.4823332874456128|126.8850240952999968_37.4823536023999466
2026-09-04T23:16:36.811991+09:00,가산디지털단지역,가산디지털단지역,POI013,KEY_2,1170010003,벚꽃로38길,1170003301,가산디지털단지역앞교차로,126.8829893206686705_37.4817521605425767,1170017805,가산동 44-2,126.8845113234408046_37.4823435056280232,150.0,22.0,서행,126.8845113234408046_37.4823435056280232|126.8844121273338743_37.4822801062946951|126.8839572660004364_37.4821090552079923|126.8831338864580545_37.4817994160133665|126.8829893206686705_37.4817521605425767
2026-09-04T23:16:36.811991+09:00,가산디지털단지역,가산디지털단지역,POI013,KEY_2,1170010100,가산디지털2로,1170163700,가산동 459-16,126.8780659482346493_37.4819818783020651,1170003403,에이스K1타워,126.8776671309272359_37.4829016927615086,108.0,20.0,서행,126.8776671309272359_37.4829016927615086|126.8780659482346493_37.4819818783020651
2026-09-04T23:16:36.811991+09:00,가산디지털단지역,가산디지털단지역,POI013,KEY_2,1170010200,가산디지털2로,1170158600,가산동 459-16,126.8788328581306786_37.4805441223066751,1170003101,넥스트데일리,126.8792897949768275_37.4794901852118443,124.0,16.3,서행,126.8792897949768275_37.4794901852118443|126.8790614862625290_37.4800167893449014|126.8788328581306786_37.4805441223066751
2026-09-04T23:16:36.811991+09:00,가산디지털단지역,가산디지털단지역,POI013,KEY_2,1170010300,가산디지털1로,1170150600,가산동 459-10,126.8808801590886901_37.4818370707626585,1170003503,한국훼스토사옥,126.8801118740768601_37.4835836867734358,205.0,20.0,서행,126.8801118740768601_37.4835836867734358|126.8803369051264553_37.4830721111243506|126.8808801590886901_37.4818370707626585
2026-09-04T23:16:36.811991+09:00,가산디지털단지역,가산디지털단지역,POI013,KEY_2,1170010400,가산디지털1로,1170167300,가산동 616-15,126.8813486780083650_37.4810987530050070,1170017101,우림라이온스밸리,126.8817561488803136_37.4801723509751810,109.0,25.0,원활,126.8817561488803136_37.4801723509751810|126.8815593348671769_37.4806198189058648|126.8813486780083650_37.4810987530050070
2026-09-04T23:16:36.811991+09:00,가산디지털단지역,가산디지털단지역,POI013,KEY_2,1170010500,가산디지털1로,1170003401,에이스K1타워,126.8777503253269572_37.4830394456682896,1170003504,한국훼스토사옥,126.8800667333185430_37.4836856482294465,217.0,12.0,정체,126.8800667333185430_37.4836856482294465|126.8780941474029760_37.4831353644310639|126.8777503253269572_37.4830394456682896
2026-09-04T23:16:36.811991+09:00,가산디지털단지역,가산디지털단지역,POI013,KEY_2,1170010600,가산디지털1로,1170003503,한국훼스토사옥,126.8801118740768601_37.4835836867734358,1170003402,에이스K1타워,126.8777951926237648_37.4829374080324058,217.0,20.0,서행,126.8777951926237648_37.4829374080324058|126.8781389769056318_37.4830333162361384|126.8801118740768601_37.4835836867734358
2026-09-04T23:16:36.811991+09:00,가산디지털단지역,가산디지털단지역,POI013,KEY_2,1170010700,가산디지털2로,1170003404,에이스K1타워,126.8776222640547218_37.4830037301974457,1170023003,한일유앤아이앞교차로,126.8764497305519399_37.4856050416145052,307.0,28.0,원활,126.8764497305519399_37.4856050416145052|126.8769530191521113_37.4844974112430336|126.8771270214393354_37.4841144613098365|126.8776222640547218_37.4830037301974457
2026-09-04T23:16:36.811991+09:00,가산디지털단지역,가산디지털단지역,POI013,KEY_2,1170010800,가산디지털2로,1170156100,가산동 481-16,126.8770714123987062_37.4845325912213241,1170003401,에이스K1타워,126.8777503253269572_37.4830394456682896,176.0,18.8,서행,126.8777503253269572_37.4830394456682896|126.8772551320893029_37.4841500725636081|126.8770714123987062_37.4845325912213241
2026-09-04T23:16:36.811991+09:00,가산디지털단지역,가산디지털단지역,POI013,KEY_2,1170010901,가산디지털1로,1170018402,구로IC,126.8790152981205779_37.4860597091810774,1170023202,구로IC,126.8782894081204518_37.4863251524316681,72.0,32.5,원활,126.8782894081204518_37.4863251524316681|126.8784915212230970_37.4863057342280257|126.8790152981205779_37.4860597091810774
2026-09-04T23:16:36.811991+09:00,가산디지털단지역,가산디지털단지역,POI013,KEY_2,1170010902,가산디지털1로,1170003504,한국훼스토사옥,126.8800667333185430_37.4836856482294465,1170018402,구로IC,126.8790152981205779_37.4860597091810774,279.0,22.0,서행,126.8790152981205779_37.4860597091810774|126.8790604212477149_37.4859441407688223|126.8793212295502570_37.4853588158684659|126.8795574099507206_37.4848287542369079|126.8800667333185430_37.4836856482294465
2026-09-04T23:16:36.811991+09:00,가산디지털단지역,가산디지털단지역,POI013,KEY_2,1170011000,가산디지털1로,1170150700,가산동 505-21,126.8794490895131304_37.4853949931488870,1170003501,한국훼스토사옥,126.8801945904667718_37.4837218246057446,197.0,25.0,원활,126.8801945904667718_37.4837218246057446|126.8796852690211807_37.4848649312325009|126.8794490895131304_37.4853949931488870
2026-09-04T23:16:36.811991+09:00,가산디지털단지역,가산디지털단지역,POI013,KEY_2,1170028300,디지털로,1170023502,철산교고가차도,126.8800949544824590_37.4757125871934207,1170013902,가산동 371-27,126.8802765869246230_37.4757477449477676,17.0,26.0,원활,126.8802765869246230_37.4757477449477676|126.8800949544824590_37.4757125871934207
2026-09-04T23:16:36.811991+09:00,가산디지털단지역,가산디지털단지역,POI013,KEY_2,1170028500,디지털로,1170013902,가산동 371-27,126.8802765869246230_37.4757477449477676,1170014104,디지털3단지교차로,126.8807666706382662_37.4759013303836070,47.0,37.0,원활,126.8807666706382662_37.4759013303836070|126.8802765869246230_37.4757477449477676
2026-09-04T23:16:36.811991+09:00,가산디지털단지역,가산디지털단지역,POI013,KEY_2,1170028900,디지털로,1170002801,창업경영신문,126.8833226910250147_37.4766701422596853,1170019102,가산동 371-37,126.8844718276479000_37.4770052692773135,108.0,14.0,정체,126.8844718276479000_37.4770052692773135|126.8833226910250147_37.4766701422596853
2026-09-04T23:16:36.811991+09:00,가산디지털단지역,가산디지털단지역,POI013,KEY_2,1170029200,서부샛길,1170153800,가산동 547-52,126.8767546681473988_37.4782024378307170,1170015903,가산동 544-13,126.8765381634038363_37.4785920668772263,47.0,33.0,원활,126.8765381634038363_37.4785920668772263|126.8766674236980521_37.4783525686198544|126.8767546681473988_37.4782024378307170
2026-09-04T23:16:36.811991+09:00,가산디지털단지역,가산디지털단지역,POI013,KEY_2,1170029300,서부샛길,1170151400,가산동 550-15,126.8780991489793593_37.4762654423675059,1170014301,가산동 550-22,126.8783120974288749_37.4759271076860259,42.0,22.0,서행,126.8783120974288749_37.4759271076860259|126.8780991489793593_37.4762654423675059
2026-09-04T23:16:36.811991+09:00,가산디지털단지역,가산디지털단지역,POI013,KEY_2,1170030000,가산디지털2로,1170164700,가산동 547-99,126.8773536677577454_37.4788296880376564,1170015902,가산동 544-13,126.8766627919840744_37.4786347879414308,65.0,16.0,서행,126.8766627919840744_37.4786347879414308|126.8773536677577454_37.4788296880376564
2026-09-04T23:16:36.811991+09:00,가산디지털단지역,가산디지털단지역,POI013,KEY_2,1170030100,가산디지털2로,1170015901,가산동 544-12,126.8766133438417967_37.4787355332651373,1170003104,넥스트데일리,126.8791617565880898_37.4794544305682820,239.0,15.0,서행,126.8791617565880898_37.4794544305682820|126.8773083963655779_37.4789316116942430|126.8766133438417967_37.4787355332651373
2026-09-04T23:16:36.811991+09:00,가산디지털단지역,가산디지털단지역,POI013,KEY_2,1170030200,서부간선도로,1170023102,철산교,126.8780496419956876_37.4758314471784288,1170017902,광명대교,126.8742441723002514_37.4831753643997345,884.0,24.0,서행,126.8742441723002514_37.4831753643997345|126.8742841358361062_37.4830666454064314|126.8746521467129043_37.4820934591778610|126.8757447269381515_37.4798258450576327|126.8762013804379194_37.4788734274832294|126.8764080609626461_37.4784287554216320|126.8767237674334041_37.4779089228715350|126.8772010922821636_37.4771584487192797|126.8780496419956876_37.4758314471784288
2026-09-04T23:16:36.811991+09:00,가산디지털단지역,가산디지털단지역,POI013,KEY_2,1170030300,서부간선도로,1170017901,광명대교,126.8743744262892932_37.4832057708655171,1170023101,철산교,126.8781714453113096_37.4758789730092374,881.0,49.0,원활,126.8781714453113096_37.4758789730092374|126.8768453846509772_37.4779569383214692|126.8765330638727704_37.4784711983867780|126.8763284069663797_37.4789115164048496|126.8758714678139228_37.4798645333357214|126.8747806505455884_37.4821284959943171|126.8745671705812583_37.4826930422461686|126.8744142413161313_37.4830974513846513|126.8743744262892932_37.4832057708655171
2026-09-04T23:16:36.811991+09:00,가산디지털단지역,가산디지털단지역,POI013,KEY_2,1170030400,디지털로11길,1170015804,가산동 60-35,126.8888608195852470_37.4786422669334556,1170017202,가산치안센터,126.8877563510179272_37.4803409344622338,225.0,8.0,정체,126.8877563510179272_37.4803409344622338|126.8876487189374700_37.4802532686979433|126.8876152582835175_37.4801857324034202|126.8877781348083573_37.4799839046579919|126.8888608195852470_37.4786422669334556
2026-09-04T23:16:36.811991+09:00,가산디지털단지역,가산디지털단지역,POI013,KEY_2,1170030500,디지털로11길,1170017201,가산치안센터,126.8878517040770220_37.4802639980304875,1170015801,가산동 127-34,126.8889577744570971_37.4787220070768754,205.0,14.0,정체,126.8889577744570971_37.4787220070768754|126.8878922441530221_37.4800423892421009|126.8877682556147874_37.4801960294957510|126.8878517040770220_37.4802639980304875
2026-09-04T23:16:36.811991+09:00,가산디지털단지역,가산디지털단지역,POI013,KEY_2,1170030600,서부샛길,1170156300,가산동 542-18,126.8762015040739612_37.4792846998089075,1170017703,가산동 535-140,126.8748589685998525_37.4821163650056377,336.0,58.0,원활,126.8748589685998525_37.4821163650056377|126.8752476347248290_37.4812862732621923|126.8754964236416640_37.4807660887605039|126.8755720501943642_37.4806079621604198|126.8758630488654546_37.4799995100011856|126.8762015040739612_37.4792846998089075
2026-09-04T23:16:36.811991+09:00,가산디지털단지역,가산디지털단지역,POI013,KEY_2,1170030700,서부샛길,1170156400,가산동 543-1,126.8763284381504661_37.4793228710363309,1170015901,가산동 544-12,126.8766133438417967_37.4787355332651373,70.0,37.0,원활,126.8766133438417967_37.4787355332651373|126.8764689858910373_37.4790635996740278|126.8764086333215033_37.4791534977809491|126.8763284381504661_37.4793228710363309
2026-09-04T23:16:36.811991+09:00,가산디지털단지역,가산디지털단지역,POI013,KEY_2,1170031000,벚꽃로36길,1170017503,가산KS타워,126.8854049819534566_37.4811550680724608,1170017302,가산디지털단지역,126.8834625777253109_37.4806304764118963,181.0,9.0,정체,126.8834625777253109_37.4806304764118963|126.8845092248789683_37.4809084600321043|126.8851637740912679_37.4810822988738792|126.8854049819534566_37.4811550680724608
2026-09-04T23:16:36.811991+09:00,가산디지털단지역,가산디지털단지역,POI013,KEY_2,1170031100,벚꽃로36길,1170168600,가산동 60-35,126.8844663288588350_37.4810110345676577,1170017504,가산KS타워,126.8853679062811182_37.4812594917756741,84.0,18.0,서행,126.8853679062811182_37.4812594917756741|126.8851182907982178_37.4811841866554118|126.8844663288588350_37.4810110345676577
2026-09-04T23:16:36.811991+09:00,가산디지털단지역,가산디지털단지역,POI013,KEY_2,1170031200,벚꽃로36길,1170017603,진도로터리,126.8865717208607293_37.4816908228100871,1170017502,가산KS타워,126.8855287992586085_37.4811993588658439,107.0,11.0,정체,126.8855287992586085_37.4811993588658439|126.8856946300879258_37.4812690241665081|126.8865717208607293_37.4816908228100871
2026-09-04T23:16:36.811991+09:00,가산디지털단지역,가산디지털단지역,POI013,KEY_2,1170031300,벚꽃로36길,1170017501,가산KS타워,126.8854966385132741_37.4813080721727374,1170017604,진도로터리,126.8864996062809212_37.4817824247397624,103.0,8.0,정체,126.8864996062809212_37.4817824247397624|126.8856278911453188_37.4813632104785341|126.8854966385132741_37.4813080721727374
2026-09-04T23:16:36.811991+09:00,가산디지털단지역,가산디지털단지역,POI013,KEY_2,1170031600,가산디지털2로,1170003403,에이스K1타워,126.8776671309272359_37.4829016927615086,1170017702,가산동 535-140,126.8749860827710734_37.4821541629738917,251.0,12.0,정체,126.8749860827710734_37.4821541629738917|126.8771006730682416_37.4827437593072830|126.8776671309272359_37.4829016927615086
2026-09-04T23:16:36.811991+09:00,가산디지털단지역,가산디지털단지역,POI013,KEY_2,1170031700,가산디지털2로,1170017701,가산동 535-140,126.8749405965466508_37.4822560278924541,1170003404,에이스K1타워,126.8776222640547218_37.4830037301974457,251.0,21.5,서행,126.8776222640547218_37.4830037301974457|126.8770558675186066_37.4828458138785905|126.8749405965466508_37.4822560278924541
2026-09-04T23:16:36.811991+09:00,가산디지털단지역,가산디지털단지역,POI013,KEY_2,1170031800,벚꽃로38길,1170018001,가산동 87-228,126.8849888398732020_37.4830651069565590,1170017802,가산동 602-6,126.8846772351536458_37.4823809587892427,81.0,22.0,서행,126.8846772351536458_37.4823809587892427|126.8846856655747217_37.4824789783436785|126.8847230497314200_37.4825887441221894|126.8848857802843639_37.4829088102786230|126.8849888398732020_37.4830651069565590
2026-09-04T23:16:36.811991+09:00,가산디지털단지역,가산디지털단지역,POI013,KEY_2,1170031900,벚꽃로38길,1170017806,가산동 602-6,126.8845429062670860_37.4824003203607106,1170018002,가산동 87-228,126.8848823508648422_37.4831372761665094,88.0,22.0,서행,126.8848823508648422_37.4831372761665094|126.8847625679666606_37.4829543974171813|126.8845942445571637_37.4826233297257261|126.8845512215779223_37.4824970086767024|126.8845429062670860_37.4824003203607106
2026-09-04T23:16:36.811991+09:00,가산디지털단지역,가산디지털단지역,POI013,KEY_2,1170043600,디지털로,1170023301,철산대교,126.8786566066053894_37.4753214467683478,1170023502,철산교고가차도,126.8800949544824590_37.4757125871934207,134.0,39.0,원활,126.8800949544824590_37.4757125871934207|126.8786566066053894_37.4753214467683478
2026-09-04T23:16:36.811991+09:00,가산디지털단지역,가산디지털단지역,POI013,KEY_2,1170032000,서부샛길,1170017704,가산동 535-140,126.8748120880016330_37.4822213561447128,1170018102,광명대교,126.8740587812258696_37.4851270971715280,330.0,8.0,정체,126.8740587812258696_37.4851270971715280|126.8741436649035990_37.4846873682491832|126.8741537951397902_37.4846348895166557|126.8742036013845649_37.4842427896649255|126.8742494009264590_37.4839837526722377|126.8742891614991066_37.4838292628454326|126.8743330290148634_37.4836588147161365|126.8746081909190053_37.4827012903680625|126.8748120880016330_37.4822213561447128
2026-09-04T23:16:36.811991+09:00,가산디지털단지역,가산디지털단지역,POI013,KEY_2,1170032100,서부샛길,1170168200,가산동 536-14,126.8744238567562235_37.4838473620564159,1170017701,가산동 535-140,126.8749405965466508_37.4822560278924541,183.0,36.0,원활,126.8749405965466508_37.4822560278924541|126.8747379563199473_37.4827330065497080|126.8745128245454907_37.4834893090519898|126.8744308419180982_37.4838078535391972|126.8744238567562235_37.4838473620564159
2026-09-04T23:16:36.811991+09:00,가산디지털단지역,가산디지털단지역,POI013,KEY_2,1170032200,벚꽃로,1170003304,가산디지털단지역앞교차로,126.8828556252263553_37.4817337593798925,1170018203,가산동교차로,126.8810193619301288_37.4855797823955541,457.0,23.0,서행,126.8810193619301288_37.4855797823955541|126.8814549818461330_37.4846175107537718|126.8816762697065883_37.4841371457142856|126.8819732803121099_37.4835805968858509|126.8821895137885321_37.4831754053464792|126.8823893348157696_37.4827592756745958|126.8825550680871004_37.4824141303692215|126.8826465093475946_37.4822236992901168|126.8827737257268780_37.4819587629643607|126.8828437361635224_37.4817886175017208|126.8828556252263553_37.4817337593798925
2026-09-04T23:16:36.811991+09:00,가산디지털단지역,가산디지털단지역,POI013,KEY_2,1170032300,벚꽃로,1170157400,가산동 34-91,126.8827732242271651_37.4822623402857431,1170003301,가산디지털단지역앞교차로,126.8829893206686705_37.4817521605425767,60.0,33.7,원활,126.8829893206686705_37.4817521605425767|126.8829757450834563_37.4818148018831323|126.8829016185382415_37.4819949499432283|126.8827732242271651_37.4822623402857431
2026-09-04T23:16:36.811991+09:00,가산디지털단지역,가산디지털단지역,POI013,KEY_2,1170032400,서부간선도로,1170017902,광명대교,126.8742441723002514_37.4831753643997345,1170022903,금천구-광명시,126.8734821978691230_37.4850995426429492,225.0,34.0,원활,126.8734821978691230_37.4850995426429492|126.8736948615680831_37.4844914584934017|126.8739616413024578_37.4837516950747229|126.8741225826684911_37.4833138490987423|126.8742441723002514_37.4831753643997345
2026-09-04T23:16:36.811991+09:00,가산디지털단지역,가산디지털단지역,POI013,KEY_2,1170032500,서부간선도로,1170022902,금천구-광명시,126.8737588846273923_37.4851140302723067,1170017901,광명대교,126.8743744262892932_37.4832057708655171,219.0,7.0,정체,126.8743744262892932_37.4832057708655171|126.8743604958764450_37.4834381828801071|126.8739559928559828_37.4845504191062844|126.8737588846273923_37.4851140302723067
2026-09-04T23:16:36.811991+09:00,가산디지털단지역,가산디지털단지역,POI013,KEY_2,1170032600,서부간선도로,2130001604,금천구-광명시,126.8734167913569877_37.4857818034045209,1170017901,광명대교,126.8743744262892932_37.4832057708655171,298.0,65.0,원활,126.8743744262892932_37.4832057708655171|126.8738910636768082_37.4845347984241712|126.8734167913569877_37.4857818034045209
2026-09-04T23:16:36.811991+09:00,가산디지털단지역,가산디지털단지역,POI013,KEY_2,1170032700,서부간선도로,1170017902,광명대교,126.8742441723002514_37.4831753643997345,2130001605,금천구-광명시,126.8733111410033843_37.4857606763575504,299.0,24.0,서행,126.8733111410033843_37.4857606763575504|126.8737601144272276_37.4845061759182911|126.8740267697573216_37.4837667537030796|126.8742441723002514_37.4831753643997345
2026-09-04T23:16:36.811991+09:00,가산디지털단지역,가산디지털단지역,POI013,KEY_2,1170032800,서부간선도로,2130001604,금천구-광명시,126.8734167913569877_37.4857818034045209,1170022901,금천구-광명시,126.8737210965491045_37.4852198895296880,68.0,37.0,원활,126.8737210965491045_37.4852198895296880|126.8735624265544004_37.4856033073380033|126.8734167913569877_37.4857818034045209
2026-09-04T23:16:36.811991+09:00,가산디지털단지역,가산디지털단지역,POI013,KEY_2,1170032900,서부간선도로,1170022904,금천구-광명시,126.8734457962195279_37.4852015732672896,2130001605,금천구-광명시,126.8733111410033843_37.4857606763575504,64.0,7.0,정체,126.8733111410033843_37.4857606763575504|126.8733240737339401_37.4855316814037565|126.8734457962195279_37.4852015732672896
2026-09-04T23:16:36.811991+09:00,가산디지털단지역,가산디지털단지역,POI013,KEY_2,1170033000,남부순환로,1170018700,구로구-금천구,126.8790815469585880_37.4864162607002811,1170018401,구로IC,126.8791448623472178_37.4860989419166160,36.0,32.0,원활,126.8791448623472178_37.4860989419166160|126.8791164766049633_37.4862132444492389|126.8790891626350685_37.4863324792847834|126.8790815469585880_37.4864162607002811
2026-09-04T23:16:36.811991+09:00,가산디지털단지역,가산디지털단지역,POI013,KEY_2,1170043300,서부간선도로,1170023101,철산교,126.8781714453113096_37.4758789730092374,1170023401,철산교교차로,126.8792146732295976_37.4741770255893343,210.0,51.5,원활,126.8792146732295976_37.4741770255893343|126.8791512669663177_37.4742680248910673|126.8785461422459235_37.4752412749364154|126.8784617030426745_37.4753839935928355|126.8781714453113096_37.4758789730092374
2026-09-04T23:16:36.811991+09:00,가산디지털단지역,가산디지털단지역,POI013,KEY_2,1170043400,서부간선도로,1170023402,철산교교차로,126.8791102050527684_37.4741042433240850,1170023102,철산교,126.8780496419956876_37.4758314471784288,213.0,52.5,원활,126.8780496419956876_37.4758314471784288|126.8784241722095771_37.4751939636416651|126.8790311411188014_37.4742177436715664|126.8791102050527684_37.4741042433240850
2026-09-04T23:16:36.811991+09:00,가산디지털단지역,가산디지털단지역,POI013,KEY_2,1170043700,서부샛길,1170023101,철산교,126.8781714453113096_37.4758789730092374,1170023301,철산대교,126.8786566066053894_37.4753214467683478,75.0,26.0,원활,126.8786566066053894_37.4753214467683478|126.8781714453113096_37.4758789730092374
2026-09-04T23:16:36.811991+09:00,가산디지털단지역,가산디지털단지역,POI013,KEY_2,1170043800,가마산로,1170023203,구로IC,126.8781715420438019_37.4862714751951671,1170023002,한일유앤아이앞교차로,126.8765440518033216_37.4856305734552890,161.0,32.0,원활,126.8765440518033216_37.4856305734552890|126.8768290793187106_37.4857120254992182|126.8773411424120496_37.4858928057238785|126.8779136422489131_37.4861540250904710|126.8781715420438019_37.4862714751951671
2026-09-04T23:16:36.811991+09:00,가산디지털단지역,가산디지털단지역,POI013,KEY_2,1170043900,가마산로,1170023001,한일유앤아이앞교차로,126.8765517662187534_37.4857476377097569,1170023204,구로IC,126.8781042169384961_37.4863653494947258,154.0,11.0,정체,126.8781042169384961_37.4863653494947258|126.8778462666792564_37.4862478999184319|126.8772797986363656_37.4859894003297995|126.8767786420606427_37.4858124623021354|126.8765517662187534_37.4857476377097569
2026-09-04T23:16:36.811991+09:00,가산디지털단지역,가산디지털단지역,POI013,KEY_2,1170044000,가마산로,1160002600,구로구-금천구,126.8787546103777828_37.4865587443682529,1170023202,구로IC,126.8782894081204518_37.4863251524316681,49.0,43.0,원활,126.8782894081204518_37.4863251524316681|126.8783716099286067_37.4863625878676814|126.8787546103777828_37.4865587443682529
2026-09-04T23:16:36.811991+09:00,가산디지털단지역,가산디지털단지역,POI013,KEY_2,1170044100,가마산로,1170023201,구로IC,126.8782220883242502_37.4864190188929030,1160008600,구로IC교차로,126.8786626732868825_37.4866401190959166,46.0,12.0,정체,126.8786626732868825_37.4866401190959166|126.8783012361690226_37.4864550569965189|126.8782220883242502_37.4864190188929030
2026-09-04T23:16:36.811991+09:00,가산디지털단지역,가산디지털단지역,POI013,KEY_2,1170044201,남부순환로,1170169300,최소노드배치점,126.8822665721246352_37.4849710662941860,1170019000,가리봉고가차도,126.8791756496076175_37.4863167028194511,313.0,24.0,서행,126.8791756496076175_37.4863167028194511|126.8795977657532745_37.4861425221933544|126.8803209840576471_37.4858849248429351|126.8809917090289616_37.4856484551944149|126.8812938588655328_37.4855283549657656|126.8814598900988813_37.4854548625366562|126.8821731209506112_37.4850349575400301|126.8822665721246352_37.4849710662941860
2026-09-04T23:16:36.811991+09:00,가산디지털단지역,가산디지털단지역,POI013,KEY_2,1170044401,남부순환로,1170017604,진도로터리,126.8864996062809212_37.4817824247397624,1160119703,가산동 87-228,126.8849676600162297_37.4831497843805792,205.0,15.0,서행,126.8849676600162297_37.4831497843805792|126.8855355875806055_37.4827596705933672|126.8857488716080582_37.4826120558047649|126.8859756879799647_37.4824256035163046|126.8860754726341327_37.4823234017196043|126.8864996062809212_37.4817824247397624
2026-09-04T23:16:36.811991+09:00,가산디지털단지역,가산디지털단지역,POI013,KEY_2,2130003700,가마산로,1170022901,금천구-광명시,126.8737210965491045_37.4852198895296880,1170023004,한일유앤아이앞교차로,126.8764065934058607_37.4857075652449510,244.0,18.0,서행,126.8764065934058607_37.4857075652449510|126.8758372667077765_37.4855633058797721|126.8751884228181837_37.4854021500352275|126.8748092360707460_37.4853289942778574|126.8740455173326467_37.4852429319146481|126.8737210965491045_37.4852198895296880
2026-09-04T23:16:36.811991+09:00,가산디지털단지역,가산디지털단지역,POI013,KEY_2,2130003800,가마산로,1170023003,한일유앤아이앞교차로,126.8764497305519399_37.4856050416145052,1170022902,금천구-광명시,126.8737588846273923_37.4851140302723067,245.0,18.0,서행,126.8737588846273923_37.4851140302723067|126.8740610488251548_37.4851354942786159|126.8748347677250621_37.4852226501480530|126.8752246104701555_37.4852979002086286|126.8758780173978948_37.4854601499689437|126.8764497305519399_37.4856050416145052
2026-09-04T23:16:36.811991+09:00,가산디지털단지역,가산디지털단지역,POI013,KEY_2,2130005900,디지털로,2130010101,철산대교사거리,126.8760760325830859_37.4746055471850141,1170023301,철산대교,126.8786566066053894_37.4753214467683478,242.0,25.0,원활,126.8786566066053894_37.4753214467683478|126.8781441417533955_37.4751502438280255|126.8760760325830859_37.4746055471850141
2026-09-04T23:16:36.811991+09:00,가산디지털단지역,가산디지털단지역,POI013,KEY_2,2130006200,가마산로,1160119302,구로현대로얄아파트,126.8774535794735243_37.4870541215173674,1170023001,한일유앤아이앞교차로,126.8765517662187534_37.4857476377097569,171.0,26.0,원활,126.8765517662187534_37.4857476377097569|126.8765848292610627_37.4859164939894995|126.8765939865786123_37.4860499004509009|126.8766411101054103_37.4862142745454250|126.8767186103615217_37.4863205256784866|126.8768765484934136_37.4864989313129797|126.8771816105266197_37.4868254937788166|126.8773875479257214_37.4870177123956125|126.8774535794735243_37.4870541215173674
2026-09-04T23:16:36.811991+09:00,가산디지털단지역,가산디지털단지역,POI013,KEY_2,2130037200,가마산로,1170022903,금천구-광명시,126.8734821978691230_37.4850995426429492,2130012802,광명대교사거리,126.8710246817804688_37.4849333097879693,218.0,18.0,서행,126.8710246817804688_37.4849333097879693|126.8711334546059959_37.4849340255628292|126.8713709553037603_37.4849265248893673|126.8734821978691230_37.4850995426429492
2026-09-04T23:16:36.811991+09:00,가산디지털단지역,가산디지털단지역,POI013,KEY_2,2130037300,가마산로,2130012801,광명대교사거리,126.8709844969789344_37.4850411728194999,1170022904,금천구-광명시,126.8734457962195279_37.4852015732672896,219.0,20.0,서행,126.8734457962195279_37.4852015732672896|126.8713640170870747_37.4850349311023550|126.8711355799803329_37.4850421497208615|126.8709844969789344_37.4850411728194999
2026-09-04T23:16:36.811991+09:00,가산디지털단지역,가산디지털단지역,POI013,KEY_2,2130048500,서부간선도로,2130001602,세진자동차정비센터,126.8731138749185021_37.4871474213395715,2130001604,금천구-광명시,126.8734167913569877_37.4857818034045209,154.0,65.0,원활,126.8734167913569877_37.4857818034045209|126.8731138749185021_37.4871474213395715
2026-09-04T23:16:36.811991+09:00,가산디지털단지역,가산디지털단지역,POI013,KEY_2,2130048600,서부간선도로,2130001605,금천구-광명시,126.8733111410033843_37.4857606763575504,2130001603,세진자동차정비센터,126.8729809575309986_37.4871260344337003,154.0,15.0,서행,126.8729809575309986_37.4871260344337003|126.8733111410033843_37.4857606763575504
2026-09-04T23:16:36.811991+09:00,강남역,강남역,POI014,KEY_3,1210053802,강남대로55길,1210033203,강남역(신분당선),127.0283572661165579_37.4962612914871656,1210033007,강남역(신분당선),127.0277803841059381_37.4960861092022952,55.0,8.0,정체,127.0277803841059381_37.4960861092022952|127.0283572661165579_37.4962612914871656
2026-09-04T23:16:36.811991+09:00,강남역,강남역,POI014,KEY_3,1210053901,강남대로55길,1210033006,강남역(신분당선),127.0277320549546687_37.4961871406859260,1210033204,강남역(신분당선),127.0283100116079567_37.4963626493360778,55.0,12.0,정체,127.0283100116079567_37.4963626493360778|127.0277320549546687_37.4961871406859260
2026-09-04T23:16:36.811991+09:00,강남역,강남역,POI014,KEY_3,1210020001,사임당로,1210415300,서초동 1419,127.0292323976334075_37.4928850031516703,1220006304,우성아파트앞사거리,127.0298809732350946_37.4930795966086521,61.0,12.0,정체,127.0298809732350946_37.4930795966086521|127.0292323976334075_37.4928850031516703
2026-09-04T23:16:36.811991+09:00,강남역,강남역,POI014,KEY_3,1210020101,사임당로,1210360800,서초동 1419,127.0283021951469919_37.4924903721082217,1210030502,서이초교사거리,127.0266740331770166_37.4920018339467589,154.0,11.0,정체,127.0266740331770166_37.4920018339467589|127.0283021951469919_37.4924903721082217
2026-09-04T23:16:36.811991+09:00,강남역,강남역,POI014,KEY_3,1210022202,서초대로,1210033401,진흥아파트앞교차로,127.0242802822726844_37.4970075567363992,1210033704,윤빌딩,127.0258548542651624_37.4974926936972466,149.0,31.0,원활,127.0258548542651624_37.4974926936972466|127.0251665089917026_37.4972806128327818|127.0250399262904324_37.4972416118408773|127.0242802822726844_37.4970075567363992
2026-09-04T23:16:36.811991+09:00,강남역,강남역,POI014,KEY_3,1210022203,서초대로,1210373100,서초동 1377,127.0264489335689433_37.4976757265136271,1210034104,강남역사거리,127.0275555290794074_37.4980166525441376,105.0,24.0,서행,127.0275555290794074_37.4980166525441376|127.0264489335689433_37.4976757265136271
2026-09-04T23:16:36.811991+09:00,강남역,강남역,POI014,KEY_3,1210022302,서초대로,1210033703,윤빌딩,127.0259041388009109_37.4973919554259822,1210033502,부띠크모나코뮤지엄,127.0252154534745728_37.4971797698303249,65.0,41.0,원활,127.0252154534745728_37.4971797698303249|127.0259041388009109_37.4973919554259822
2026-09-04T23:16:36.811991+09:00,강남역,강남역,POI014,KEY_3,1210022303,서초대로,1210034103,강남역사거리,127.0276030282322353_37.4979153641312806,1210033702,윤빌딩,127.0260307099654398_37.4974309517033291,149.0,14.0,정체,127.0260307099654398_37.4974309517033291|127.0264978765125790_37.4975748829649973|127.0276030282322353_37.4979153641312806
2026-09-04T23:16:36.811991+09:00,강남역,강남역,POI014,KEY_3,1210025402,사평대로,1210134700,반포동 749-35,127.0236141059144614_37.5043118599685954,1210040404,교보타워사거리,127.0243991052031305_37.5045524553287137,74.0,32.0,원활,127.0243991052031305_37.5045524553287137|127.0236141059144614_37.5043118599685954
2026-09-04T23:16:36.811991+09:00,강남역,강남역,POI014,KEY_3,1210025502,사평대로,1210236300,서초동 1413,127.0234894173690634_37.5041577975041776,1210039302,양정빌딩,127.0229020145832664_37.5039777585302119,56.0,6.0,정체,127.0229020145832664_37.5039777585302119|127.0234894173690634_37.5041577975041776
2026-09-04T23:16:36.811991+09:00,강남역,강남역,POI014,KEY_3,1210053600,강남대로55길,1210033004,삼성타운,127.0266857689022544_37.4957536970583831,1210032702,더에셋,127.0259776820794997_37.4955386588283872,67.0,16.0,서행,127.0259776820794997_37.4955386588283872|127.0266857689022544_37.4957536970583831
2026-09-04T23:16:36.811991+09:00,강남역,강남역,POI014,KEY_3,1210053700,강남대로55길,1210032701,더에셋,127.0259293124109234_37.4956396778841849,1210033005,삼성타운,127.0266374387400532_37.4958547278587062,67.0,21.0,서행,127.0266374387400532_37.4958547278587062|127.0259293124109234_37.4956396778841849
2026-09-04T23:16:36.811991+09:00,강남역,강남역,POI014,KEY_3,1210053801,강남대로55길,1210191200,서초동 1327-36,127.0272404832483488_37.4959221540181886,1210033003,삼성타운,127.0268125713474916_37.4957922050099555,40.0,12.5,정체,127.0268125713474916_37.4957922050099555|127.0272404832483488_37.4959221540181886
2026-09-04T23:16:36.811991+09:00,강남역,강남역,POI014,KEY_3,1210053902,강남대로55길,1210033002,삼성타운,127.0267642413025158_37.4958932358491239,1210033009,강남역(신분당선),127.0276052375956084_37.4961486294656154,80.0,12.0,정체,127.0276052375956084_37.4961486294656154|127.0271921536036501_37.4960231851536534|127.0267642413025158_37.4958932358491239
2026-09-04T23:16:36.811991+09:00,강남역,강남역,POI014,KEY_3,1210054400,서초대로74길,1210216800,서초동 1398,127.0262898811845957_37.4965833263985431,1210033703,윤빌딩,127.0259041388009109_37.4973919554259822,96.0,16.0,서행,127.0259041388009109_37.4973919554259822|127.0262898811845957_37.4965833263985431
2026-09-04T23:16:36.811991+09:00,강남역,강남역,POI014,KEY_3,1210054500,서초대로74길,1210033702,윤빌딩,127.0260307099654398_37.4974309517033291,1210033002,삼성타운,127.0267642413025158_37.4958932358491239,183.0,13.0,정체,127.0267642413025158_37.4958932358491239|127.0264167297892470_37.4966217393929426|127.0260307099654398_37.4974309517033291
2026-09-04T23:16:36.811991+09:00,강남역,강남역,POI014,KEY_3,1210055400,강남대로61길,1210034701,서초초교,127.0235391206333873_37.4985356638665053,1210035204,서초동 1417,127.0251133763993892_37.4990052283610922,149.0,16.0,서행,127.0251133763993892_37.4990052283610922|127.0243740858838351_37.4987847182566867|127.0235391206333873_37.4985356638665053
2026-09-04T23:16:36.811991+09:00,강남역,강남역,POI014,KEY_3,1210055600,강남대로61길,1210418200,서초동 1417,127.0257829298254109_37.4990960560013917,1210035202,서초동 1417,127.0252893737708320_37.4989430293845913,47.0,10.0,정체,127.0252893737708320_37.4989430293845913|127.0257829298254109_37.4990960560013917
2026-09-04T23:16:36.811991+09:00,강남역,강남역,POI014,KEY_3,1210055700,강남대로61길,1210401600,서초동 1417,127.0261124478687265_37.4993142400926160,1210035404,서초동 1373,127.0268224853808761_37.4995343793171756,67.0,16.0,서행,127.0268224853808761_37.4995343793171756|127.0261124478687265_37.4993142400926160
2026-09-04T23:16:36.811991+09:00,강남역,강남역,POI014,KEY_3,1210056100,서초대로73길,1210409800,서초동 1389,127.0236643794922031_37.5020492808981771,1210038103,서초푸르지오써밋2단지아파트,127.0233853819339487_37.5026409362391178,70.0,18.0,서행,127.0233853819339487_37.5026409362391178|127.0236643794922031_37.5020492808981771
2026-09-04T23:16:36.811991+09:00,강남역,강남역,POI014,KEY_3,1210056200,서초대로73길,1210364100,서초동 1391,127.0240545656601086_37.5015292588755429,1210035201,서초동 1417,127.0252401586390647_37.4990437889059507,295.0,18.0,서행,127.0252401586390647_37.4990437889059507|127.0242391703617812_37.5011377644102453|127.0240545656601086_37.5015292588755429
2026-09-04T23:16:36.811991+09:00,강남역,강남역,POI014,KEY_3,1210057000,서운로26길,1210038103,서초푸르지오써밋2단지아파트,127.0233853819339487_37.5026409362391178,1210037402,서초4동주민센터,127.0218282543338546_37.5021676027010855,147.0,12.0,정체,127.0218282543338546_37.5021676027010855|127.0222929628553601_37.5023088669464926|127.0233853819339487_37.5026409362391178
2026-09-04T23:16:36.811991+09:00,강남역,강남역,POI014,KEY_3,1210057100,서운로26길,1210388100,서초동 1302-6,127.0222445833544498_37.5024098842265374,1210038104,서초푸르지오써밋2단지아파트,127.0233377260351233_37.5027421735315016,103.0,18.0,서행,127.0233377260351233_37.5027421735315016|127.0222445833544498_37.5024098842265374
2026-09-04T23:16:36.811991+09:00,강남역,강남역,POI014,KEY_3,1210057700,사평대로56길,1210038104,서초푸르지오써밋2단지아파트,127.0233377260351233_37.5027421735315016,1210039303,양정빌딩,127.0227753209311885_37.5039389866395183,142.0,16.0,서행,127.0227753209311885_37.5039389866395183|127.0233377260351233_37.5027421735315016
2026-09-04T23:16:36.811991+09:00,강남역,강남역,POI014,KEY_3,1210057800,사평대로56길,1210039302,양정빌딩,127.0229020145832664_37.5039777585302119,1210038101,서초푸르지오써밋2단지아파트,127.0234674391860921_37.5027745145973768,143.0,17.0,서행,127.0234674391860921_37.5027745145973768|127.0229020145832664_37.5039777585302119
2026-09-04T23:16:36.811991+09:00,강남역,강남역,POI014,KEY_3,1210172200,서초대로77길,1210082402,서초동 1309-12,127.0246208303307327_37.5023342996229516,1210038102,서초푸르지오써밋2단지아파트,127.0235154848242018_37.5026724719820592,109.0,7.0,정체,127.0235154848242018_37.5026724719820592|127.0235605027470882_37.5026574669446049|127.0238729763156584_37.5024491592639393|127.0239918461970205_37.5024095377816664|127.0242144189857498_37.5023920831073028|127.0242153286376663_37.5023920117694232|127.0244981705713059_37.5023756173163889|127.0245684570023315_37.5023622299920731|127.0246208303307327_37.5023342996229516
2026-09-04T23:16:36.811991+09:00,강남역,강남역,POI014,KEY_3,1210172300,서초대로73길,1210033704,윤빌딩,127.0258548542651624_37.4974926936972466,1210082502,한국무라타전자본사,127.0254697726481936_37.4982778876805085,94.0,15.0,서행,127.0254697726481936_37.4982778876805085|127.0255576288302848_37.4980854506844921|127.0258548542651624_37.4974926936972466
2026-09-04T23:16:36.811991+09:00,강남역,강남역,POI014,KEY_3,1210172400,서초대로73길,1210082501,한국무라타전자본사,127.0255973021892970_37.4983148473285794,1210033701,윤빌딩,127.0259814315018616_37.4975316918531618,93.0,17.0,서행,127.0259814315018616_37.4975316918531618|127.0256844337441891_37.4981239961677630|127.0255973021892970_37.4983148473285794
2026-09-04T23:16:36.811991+09:00,강남역,강남역,POI014,KEY_3,1220016203,강남대로,1210029205,중앙경제TV,127.0305900356174362_37.4915934710394581,1220006303,우성아파트앞사거리,127.0299293519401402_37.4929785798404396,164.0,26.5,원활,127.0299293519401402_37.4929785798404396|127.0305900356174362_37.4915934710394581
2026-09-04T23:16:36.811991+09:00,강남역,강남역,POI014,KEY_3,1220016304,강남대로,1220006302,우성아파트앞사거리,127.0300563841217496_37.4930165951748009,1210029202,속성변화점,127.0307168759066059_37.4916318829225474,164.0,8.0,정체,127.0307168759066059_37.4916318829225474|127.0300563841217496_37.4930165951748009
2026-09-04T23:16:36.811991+09:00,강남역,강남역,POI014,KEY_3,1220017600,도곡로7길,1220379200,역삼동 858-15,127.0340703991431752_37.4925901335485747,1220006603,역삼초교앞교차로,127.0333827720970277_37.4940232440208803,170.0,15.0,서행,127.0333827720970277_37.4940232440208803|127.0336153677406941_37.4935384889359966|127.0337962432027297_37.4931615197673196|127.0340703991431752_37.4925901335485747
2026-09-04T23:16:36.811991+09:00,강남역,강남역,POI014,KEY_3,1220019401,역삼로,1220438500,역삼동 858-14,127.0309432021188627_37.4933967723260864,1220027304,역삼초등학교,127.0316663031210709_37.4936126134126368,68.0,14.0,정체,127.0316663031210709_37.4936126134126368|127.0309432021188627_37.4933967723260864
2026-09-04T23:16:36.811991+09:00,강남역,강남역,POI014,KEY_3,1220019402,역삼로,1220275000,역삼동 858-14,127.0325453290157043_37.4938819369312810,1220006604,역삼초교앞교차로,127.0333341389376045_37.4941241826241694,75.0,18.0,서행,127.0333341389376045_37.4941241826241694|127.0325453290157043_37.4938819369312810
2026-09-04T23:16:36.811991+09:00,강남역,강남역,POI014,KEY_3,1220019501,역삼로,1220438600,역삼동 858-14,127.0309908064247821_37.4932955226971032,1220006302,우성아파트앞사거리,127.0300563841217496_37.4930165951748009,88.0,27.0,원활,127.0300563841217496_37.4930165951748009|127.0309908064247821_37.4932955226971032
2026-09-04T23:16:36.811991+09:00,강남역,강남역,POI014,KEY_3,1220019502,역삼로,1220006603,역삼초교앞교차로,127.0333827720970277_37.4940232440208803,1220027302,역삼초등학교,127.0318512919482572_37.4935529160897403,145.0,12.0,정체,127.0318512919482572_37.4935529160897403|127.0325941313863609_37.4937810503361462|127.0333827720970277_37.4940232440208803
2026-09-04T23:16:36.811991+09:00,강남역,강남역,POI014,KEY_3,1220020700,역삼로,1220375800,역삼동 858-14,127.0338334350395542_37.4941595999640853,1220006602,역삼초교앞교차로,127.0335095296028811_37.4940618362868818,31.0,23.0,서행,127.0335095296028811_37.4940618362868818|127.0338334350395542_37.4941595999640853
2026-09-04T23:16:36.811991+09:00,강남역,강남역,POI014,KEY_3,1220021001,강남대로,1220006304,우성아파트앞사거리,127.0298809732350946_37.4930795966086521,1210032503,속성변화점,127.0291466107050695_37.4946068687934400,182.0,10.0,정체,127.0291466107050695_37.4946068687934400|127.0298809732350946_37.4930795966086521
2026-09-04T23:16:36.811991+09:00,강남역,강남역,POI014,KEY_3,1220021002,강남대로,1210032503,속성변화점,127.0291466107050695_37.4946068687934400,1210033203,강남역(신분당선),127.0283572661165579_37.4962612914871656,196.0,23.0,서행,127.0283572661165579_37.4962612914871656|127.0290981037409779_37.4947081584269171|127.0291466107050695_37.4946068687934400
2026-09-04T23:16:36.811991+09:00,강남역,강남역,POI014,KEY_3,1220021003,강남대로,1210033204,강남역(신분당선),127.0283100116079567_37.4963626493360778,1210034103,강남역사거리,127.0276030282322353_37.4979153641312806,183.0,29.5,원활,127.0276030282322353_37.4979153641312806|127.0283100116079567_37.4963626493360778
2026-09-04T23:16:36.811991+09:00,강남역,강남역,POI014,KEY_3,1220021101,강남대로,1210032502,삼성화재서초사옥,127.0292733269647272_37.4946455507303256,1220006301,우성아파트앞사거리,127.0300080064880888_37.4931176139120410,182.0,29.0,원활,127.0300080064880888_37.4931176139120410|127.0292733269647272_37.4946455507303256
2026-09-04T23:16:36.811991+09:00,강남역,강남역,POI014,KEY_3,1220021102,강남대로,1210034102,강남역사거리,127.0277297558715759_37.4979540832481035,1210032501,삼성화재서초사옥,127.0292249496761201_37.4947465691331274,380.0,27.0,원활,127.0292249496761201_37.4947465691331274|127.0284841143001699_37.4962997029777512|127.0284375777275727_37.4963995211793275|127.0277297558715759_37.4979540832481035
2026-09-04T23:16:36.811991+09:00,강남역,강남역,POI014,KEY_3,1220021600,테헤란로8길,1220382500,역삼동 858-13,127.0317807377698927_37.4973349404078959,1220031503,국기원입구교차로,127.0309935926159000_37.4989426147382048,192.0,20.0,서행,127.0309935926159000_37.4989426147382048|127.0314397690811461_37.4980334728711426|127.0316520402862892_37.4976009346478421|127.0317807377698927_37.4973349404078959
2026-09-04T23:16:36.811991+09:00,강남역,강남역,POI014,KEY_3,1220021700,테헤란로8길,1220401300,역삼동 858-13,127.0333117491822463_37.4944710677349136,1220006601,역삼초교앞교차로,127.0334608974688280_37.4941627761416356,37.0,22.0,서행,127.0334608974688280_37.4941627761416356|127.0333117491822463_37.4944710677349136
2026-09-04T23:16:36.811991+09:00,강남역,강남역,POI014,KEY_3,1220023302,테헤란로,1210034101,강남역사거리,127.0276822389256637_37.4980553605985918,1220031504,국기원입구교차로,127.0309460927545757_37.4990438974112124,309.0,15.0,서행,127.0309460927545757_37.4990438974112124|127.0286612555960488_37.4983518916215388|127.0276822389256637_37.4980553605985918
2026-09-04T23:16:36.811991+09:00,강남역,강남역,POI014,KEY_3,1220023402,테헤란로,1220417400,역삼동 804,127.0287094769204117_37.4982508275695068,1210034102,강남역사거리,127.0277297558715759_37.4979540832481035,93.0,24.5,서행,127.0277297558715759_37.4979540832481035|127.0287094769204117_37.4982508275695068
2026-09-04T23:16:36.811991+09:00,강남역,강남역,POI014,KEY_3,1220024001,테헤란로,1220031501,국기원입구교차로,127.0310728003854166_37.4990827049839055,1220032004,한국타이어빌딩,127.0338550060461245_37.4999438554121411,264.0,21.0,서행,127.0338550060461245_37.4999438554121411|127.0310728003854166_37.4990827049839055
2026-09-04T23:16:36.811991+09:00,강남역,강남역,POI014,KEY_3,1220024101,테헤란로,1220032003,한국타이어빌딩,127.0339011803060885_37.4998421534899293,1220031502,국기원입구교차로,127.0311202675968190_37.4989814033435920,264.0,26.0,원활,127.0311202675968190_37.4989814033435920|127.0339011803060885_37.4998421534899293
2026-09-04T23:16:36.811991+09:00,강남역,강남역,POI014,KEY_3,1220025002,강남대로,1210034104,강남역사거리,127.0275555290794074_37.4980166525441376,1210035403,서초동 1373,127.0268712238501365_37.4994334710894108,168.0,17.0,서행,127.0268712238501365_37.4994334710894108|127.0275555290794074_37.4980166525441376
2026-09-04T23:16:36.811991+09:00,강남역,강남역,POI014,KEY_3,1220025003,강남대로,1210394200,서초동 1373,127.0253434781147917_37.5025963782215541,1210040403,교보타워사거리,127.0244473968313343_37.5044514101080111,221.0,27.0,원활,127.0244473968313343_37.5044514101080111|127.0247108420325048_37.5039060466009033|127.0253434781147917_37.5025963782215541
2026-09-04T23:16:36.811991+09:00,강남역,강남역,POI014,KEY_3,1220025102,강남대로,1210035401,속성변화점,127.0269491384972866_37.4995732101292063,1210034101,강남역사거리,127.0276822389256637_37.4980553605985918,181.0,15.0,서행,127.0276822389256637_37.4980553605985918|127.0269978768356367_37.4994723018201697|127.0269491384972866_37.4995732101292063
2026-09-04T23:16:36.811991+09:00,강남역,강남역,POI014,KEY_3,1220025103,강남대로,1220323900,역삼동 858,127.0265517996681552_37.5003958528345578,1210035401,속성변화점,127.0269491384972866_37.4995732101292063,98.0,11.8,정체,127.0269491384972866_37.4995732101292063|127.0265517996681552_37.5003958528345578
2026-09-04T23:16:36.811991+09:00,강남역,강남역,POI014,KEY_3,1220027202,봉은사로,1210040401,교보타워사거리,127.0245260087286567_37.5045907813304069,1220036604,보건타임즈,127.0277136842342856_37.5055392843385320,301.0,23.0,서행,127.0277136842342856_37.5055392843385320|127.0258610708307287_37.5049880469825112|127.0253288463886605_37.5048296789477078|127.0252017084722951_37.5047918474566870|127.0245260087286567_37.5045907813304069
2026-09-04T23:16:36.811991+09:00,강남역,강남역,POI014,KEY_3,1220027301,봉은사로,1220036003,신논현역,127.0252491957505185_37.5046905608852796,1210040402,교보타워사거리,127.0245743023879044_37.5044897355058495,64.0,31.0,원활,127.0245743023879044_37.5044897355058495|127.0252491957505185_37.5046905608852796
2026-09-04T23:16:36.811991+09:00,강남역,강남역,POI014,KEY_3,1220027302,봉은사로,1220317200,역삼동 800,127.0259085572878206_37.5048867600619360,1220036002,신논현역,127.0253763334646919_37.5047283922381283,50.0,35.0,원활,127.0253763334646919_37.5047283922381283|127.0259085572878206_37.5048867600619360
2026-09-04T23:16:36.811991+09:00,강남역,강남역,POI014,KEY_3,1220027801,강남대로,1210040404,교보타워사거리,127.0243991052031305_37.5045524553287137,1210042503,HM타워,127.0238275183942562_37.5057614843330143,143.0,25.0,원활,127.0238275183942562_37.5057614843330143|127.0241540090957244_37.5050708914382724|127.0243991052031305_37.5045524553287137
2026-09-04T23:16:36.811991+09:00,강남역,강남역,POI014,KEY_3,1220027901,강남대로,1220443400,논현동 280,127.0242810161496863_37.5051089999436158,1210040401,교보타워사거리,127.0245260087286567_37.5045907813304069,61.0,22.0,서행,127.0245260087286567_37.5045907813304069|127.0242810161496863_37.5051089999436158
2026-09-04T23:16:36.811991+09:00,강남역,강남역,POI014,KEY_3,1220056300,역삼로4길,1220024004,라이브팜뉴스,127.0330755956318143_37.4906612534684598,1220027303,역삼초등학교,127.0317244448772271_37.4935145090668769,338.0,24.0,서행,127.0317244448772271_37.4935145090668769|127.0324852863543583_37.4919019849371793|127.0326810147735301_37.4914906014038465|127.0330755956318143_37.4906612534684598
2026-09-04T23:16:36.811991+09:00,강남역,강남역,POI014,KEY_3,1220059100,역삼로3길,1220401600,역삼동 831-35,127.0311409663314350_37.4947099662645797,1210032502,삼성화재서초사옥,127.0292733269647272_37.4946455507303256,210.0,9.0,정체,127.0292733269647272_37.4946455507303256|127.0309286768451500_37.4951582359373319|127.0311409663314350_37.4947099662645797
2026-09-04T23:16:36.811991+09:00,강남역,강남역,POI014,KEY_3,1220059200,역삼로3길,1220285400,역삼동 830-33,127.0313905671328598_37.4944891661354802,1220027301,역삼초등학교,127.0317945815014866_37.4936513739525950,100.0,8.0,정체,127.0317945815014866_37.4936513739525950|127.0317722804120706_37.4936831186651816|127.0313905671328598_37.4944891661354802
2026-09-04T23:16:36.811991+09:00,강남역,강남역,POI014,KEY_3,1220063300,테헤란로7길,1220284400,역삼동 800-60,127.0307232034964642_37.4995423064647895,1220032203,과학기술회관,127.0305117723236350_37.5000150872202340,56.0,7.0,정체,127.0305117723236350_37.5000150872202340|127.0307232034964642_37.4995423064647895
2026-09-04T23:16:36.811991+09:00,강남역,강남역,POI014,KEY_3,1220063400,테헤란로7길,1220032202,과학기술회관,127.0306386532190999_37.5000535101687191,1220031501,국기원입구교차로,127.0310728003854166_37.4990827049839055,114.0,22.0,서행,127.0310728003854166_37.4990827049839055|127.0308510382801757_37.4995785950317284|127.0306386532190999_37.5000535101687191
2026-09-04T23:16:36.811991+09:00,강남역,강남역,POI014,KEY_3,1220064300,강남대로94길,1220305300,역삼동 648-9,127.0318547777729066_37.5004256036905161,1220032202,과학기술회관,127.0306386532190999_37.5000535101687191,115.0,16.0,서행,127.0306386532190999_37.5000535101687191|127.0318547777729066_37.5004256036905161
2026-09-04T23:16:36.811991+09:00,강남역,강남역,POI014,KEY_3,1220064500,테헤란로1길,1220438100,역삼동 858-6,127.0255100549291853_37.5041277615367150,1220036003,신논현역,127.0252491957505185_37.5046905608852796,67.0,5.0,정체,127.0252491957505185_37.5046905608852796|127.0255100549291853_37.5041277615367150
2026-09-04T23:16:36.811991+09:00,강남역,강남역,POI014,KEY_3,1220330500,테헤란로7길,1220338600,역삼동 635-1,127.0302003507315618_37.5006905079083666,1220151602,역삼동635,127.0297701679202760_37.5015425004955034,102.0,15.0,서행,127.0297701679202760_37.5015425004955034|127.0301825943231790_37.5007260187034390|127.0302003507315618_37.5006905079083666
2026-09-04T23:16:36.811991+09:00,강남역,강남역,POI014,KEY_3,1220330600,테헤란로7길,1220151601,역삼동635,127.0298960655262306_37.5015828661995272,1220032201,과학기술회관,127.0305936748156626_37.5001555678750762,170.0,16.0,서행,127.0305936748156626_37.5001555678750762|127.0304591873435953_37.5004650064613116|127.0303836281318155_37.5006161187949090|127.0303264238414016_37.5007305223256040|127.0303085800503595_37.5007662082549444|127.0298960655262306_37.5015828661995272
2026-09-04T23:16:36.811991+09:00,건대입구역,건대입구역,POI015,KEY_4,1040011100,아차산로,1040140800,최소노드배치점,127.0673439680819854_37.5411063158663154,1040016304,건대입구역앞교차로,127.0705974213252318_37.5399913944474619,313.0,13.0,정체,127.0705974213252318_37.5399913944474619|127.0673439680819854_37.5411063158663154
2026-09-04T23:16:36.811991+09:00,건대입구역,건대입구역,POI015,KEY_4,1040001403,동일로,1040136200,자양동 23-9,127.0637369066414379_37.5416039221817570,1040016701,자양동 24-10,127.0629424504767826_37.5402252363948463,168.0,17.0,서행,127.0629424504767826_37.5402252363948463|127.0637369066414379_37.5416039221817570
2026-09-04T23:16:36.811991+09:00,건대입구역,건대입구역,POI015,KEY_4,1040007500,강변북로,1040028701,청담대교,127.0701160723116203_37.5386945582041420,1040000201,청담대교(북측),127.0668012691852340_37.5315220172388280,848.0,5.0,정체,127.0668012691852340_37.5315220172388280|127.0669355263784155_37.5317815872931959|127.0672448702695760_37.5324328127955837|127.0677860749237738_37.5336261809339149|127.0685094362804364_37.5351779912987382|127.0689130346604259_37.5360918386047686|127.0694053089361546_37.5371700486358151|127.0701160723116203_37.5386945582041420
2026-09-04T23:16:36.811991+09:00,건대입구역,건대입구역,POI015,KEY_4,1040009001,능동로,1040002904,신양초교앞교차로,127.0683938999842724_37.5353920921553765,1040014303,자양동 510-6,127.0693552008508078_37.5375201646841390,251.0,13.0,정체,127.0693552008508078_37.5375201646841390|127.0683938999842724_37.5353920921553765
2026-09-04T23:16:36.811991+09:00,건대입구역,건대입구역,POI015,KEY_4,1040009002,능동로,1040014304,자양동 544-25,127.0694040333790440_37.5376254711493687,1040014703,광진문화예술회관,127.0695248126943966_37.5378780281476239,30.0,13.0,정체,127.0695248126943966_37.5378780281476239|127.0694040333790440_37.5376254711493687
2026-09-04T23:16:36.811991+09:00,건대입구역,건대입구역,POI015,KEY_4,1040009004,능동로,1040014704,광진문화예술회관,127.0695721820980992_37.5379794092468728,1040028702,청담대교,127.0699887106514012_37.5387318473572122,92.0,13.0,정체,127.0699887106514012_37.5387318473572122|127.0698365174506677_37.5385571365379533|127.0695721820980992_37.5379794092468728
2026-09-04T23:16:36.811991+09:00,건대입구역,건대입구역,POI015,KEY_4,1040009005,능동로,1040138300,자양동 2-5,127.0702940918243513_37.5393862177953963,1040016303,건대입구역앞교차로,127.0705451519353772_37.5398915999283176,60.0,27.0,원활,127.0705451519353772_37.5398915999283176|127.0702940918243513_37.5393862177953963
2026-09-04T23:16:36.811991+09:00,건대입구역,건대입구역,POI015,KEY_4,1040009102,능동로,1040014702,광진문화예술회관,127.0697785872817889_37.5378010707799845,1040014301,자양동 544-25,127.0696578072354725_37.5375485140387042,30.0,11.5,정체,127.0696578072354725_37.5375485140387042|127.0697785872817889_37.5378010707799845
2026-09-04T23:16:36.811991+09:00,건대입구역,건대입구역,POI015,KEY_4,1040009104,능동로,1040028701,청담대교,127.0701160723116203_37.5386945582041420,1040014701,광진문화예술회관,127.0698273271903957_37.5379053837168115,92.0,37.0,원활,127.0698273271903957_37.5379053837168115|127.0700914705954148_37.5384826880863471|127.0701160723116203_37.5386945582041420
2026-09-04T23:16:36.811991+09:00,건대입구역,건대입구역,POI015,KEY_4,1040009105,능동로,1040016302,건대입구역앞교차로,127.0706701763312623_37.5398495303758679,1040028701,청담대교,127.0701160723116203_37.5386945582041420,137.0,5.0,정체,127.0701160723116203_37.5386945582041420|127.0703453921553461_37.5391955560171695|127.0704203352615025_37.5393464600055822|127.0706701763312623_37.5398495303758679
2026-09-04T23:16:36.811991+09:00,건대입구역,건대입구역,POI015,KEY_4,1040010001,아차산로,1040016103,자양동 227-10,127.0722906925684299_37.5393138101561092,1040016302,건대입구역앞교차로,127.0706701763312623_37.5398495303758679,155.0,27.0,원활,127.0706701763312623_37.5398495303758679|127.0722906925684299_37.5393138101561092
2026-09-04T23:16:36.811991+09:00,건대입구역,건대입구역,POI015,KEY_4,1040010002,아차산로,1040015603,건대후문,127.0743028565397594_37.5387659697394866,1040016102,자양동 227-11,127.0724170914304096_37.5392743175297454,176.0,39.0,원활,127.0724170914304096_37.5392743175297454|127.0732440795779752_37.5390305622558316|127.0738492717248533_37.5388771586053096|127.0743028565397594_37.5387659697394866
2026-09-04T23:16:36.811991+09:00,건대입구역,건대입구역,POI015,KEY_4,1040010102,아차산로,1040016301,건대입구역앞교차로,127.0707225025917495_37.5399492998029629,1040015604,건대후문,127.0743428046605885_37.5388693046709747,342.0,13.0,정체,127.0743428046605885_37.5388693046709747|127.0738898387637903_37.5389803409746747|127.0732882623326105_37.5391328280718852|127.0724642243224878_37.5393757141788100|127.0723427547939082_37.5394136659137487|127.0707225025917495_37.5399492998029629
2026-09-04T23:16:36.811991+09:00,건대입구역,건대입구역,POI015,KEY_4,1040011000,아차산로,1040140700,최소노드배치점,127.0672902949043674_37.5410070020582083,1040017702,성수사거리,127.0640311954609132_37.5421146116750606,313.0,20.0,서행,127.0640311954609132_37.5421146116750606|127.0672609375260862_37.5410170619344754|127.0672902949043674_37.5410070020582083
2026-09-04T23:16:36.811991+09:00,건대입구역,건대입구역,POI015,KEY_4,1040020202,강변북로,1040000202,청담대교(북측),127.0666626111006252_37.5315665324150132,1040028702,청담대교,127.0699887106514012_37.5387318473572122,848.0,47.0,서행,127.0699887106514012_37.5387318473572122|127.0692776775772757_37.5372071673034355|127.0687850931199563_37.5361282739688562|127.0683816446363466_37.5352147721280858|127.0676584862117124_37.5336633852443669|127.0671174250280160_37.5324703344999904|127.0668031124959469_37.5318450873398533|127.0666626111006252_37.5315665324150132
2026-09-04T23:16:36.811991+09:00,건대입구역,건대입구역,POI015,KEY_4,1040027600,능동로10길,1040014301,자양동 544-25,127.0696578072354725_37.5375485140387042,1040013604,자양동 533-12,127.0709982985214737_37.5370947600898077,129.0,20.5,서행,127.0709982985214737_37.5370947600898077|127.0703860529624478_37.5373020067107035|127.0696578072354725_37.5375485140387042
2026-09-04T23:16:36.811991+09:00,건대입구역,건대입구역,POI015,KEY_4,1040027900,능동로10길.인접길,1040015305,롯데백화점(건대스타시티점),127.0718152958673386_37.5385927041950112,1040013601,자양동 533-12,127.0711231696489989_37.5370523007099521,189.0,36.0,원활,127.0711231696489989_37.5370523007099521|127.0713025411892829_37.5373939593811485|127.0713648775065963_37.5375597922618951|127.0713994673353255_37.5377317290412122|127.0714026811254342_37.5379540759166446|127.0714313612276527_37.5381221176206239|127.0715447302706309_37.5383922616219081|127.0716025814282517_37.5384821337513586|127.0716992357909163_37.5385508925898677|127.0718152958673386_37.5385927041950112
2026-09-04T23:16:36.811991+09:00,건대입구역,건대입구역,POI015,KEY_4,1040028000,능동로10길.인접길,1040013604,자양동 533-12,127.0709982985214737_37.5370947600898077,1040015306,롯데백화점(건대스타시티점),127.0717558016464750_37.5386899411971910,197.0,14.0,정체,127.0717558016464750_37.5386899411971910|127.0716243019645759_37.5386425670634978|127.0714932793169254_37.5385493587163950|127.0714192116500101_37.5384342944701359|127.0712985397454275_37.5381467474374162|127.0712670108413960_37.5379620082844880|127.0712638156544898_37.5377409525274928|127.0712322307973494_37.5375839515783269|127.0711745171430778_37.5374304144951338|127.0709982985214737_37.5370947600898077
2026-09-04T23:16:36.811991+09:00,건대입구역,건대입구역,POI015,KEY_4,1040028300,아차산로36길.인접길,1040014603,자양동 227-341,127.0740040009059584_37.5378127959524193,1040015304,롯데백화점(건대스타시티점),127.0719246036874495_37.5385692379251523,203.0,9.0,정체,127.0719246036874495_37.5385692379251523|127.0719936563514096_37.5385130426523617|127.0740040009059584_37.5378127959524193
2026-09-04T23:16:36.811991+09:00,건대입구역,건대입구역,POI015,KEY_4,1040028400,아차산로36길.인접길,1040015303,롯데백화점(건대스타시티점),127.0720450891753757_37.5386257803461518,1040014604,자양동 227-341,127.0740365887297401_37.5379194569983099,193.0,31.0,원활,127.0740365887297401_37.5379194569983099|127.0720722466193280_37.5386036794673075|127.0720450891753757_37.5386257803461518
2026-09-04T23:16:36.811991+09:00,건대입구역,건대입구역,POI015,KEY_4,1040028900,아차산로36길,1040014604,자양동 227-341,127.0740365887297401_37.5379194569983099,1040015603,건대후문,127.0743028565397594_37.5387659697394866,97.0,28.5,원활,127.0743028565397594_37.5387659697394866|127.0740365887297401_37.5379194569983099
2026-09-04T23:16:36.811991+09:00,건대입구역,건대입구역,POI015,KEY_4,1040029000,아차산로.인접길,1040016102,자양동 227-11,127.0724170914304096_37.5392743175297454,1040015302,롯데백화점(건대스타시티점),127.0720401866019245_37.5387435624408710,68.0,18.0,서행,127.0720401866019245_37.5387435624408710|127.0721872456988280_37.5388889991784183|127.0722948438208419_37.5390223336112143|127.0724170914304096_37.5392743175297454
2026-09-04T23:16:36.811991+09:00,건대입구역,건대입구역,POI015,KEY_4,1040029100,아차산로.인접길,1040015301,롯데백화점(건대스타시티점),127.0719288145516259_37.5388058163590657,1040016103,자양동 227-10,127.0722906925684299_37.5393138101561092,65.0,21.0,서행,127.0722906925684299_37.5393138101561092|127.0721731592987993_37.5390715422750532|127.0720769406492536_37.5389523077442107|127.0719288145516259_37.5388058163590657
2026-09-04T23:16:36.811991+09:00,건대입구역,건대입구역,POI015,KEY_4,1040029300,동일로18길,1040125100,자양동 2-7,127.0688669950632317_37.5382081798395362,1040014704,광진문화예술회관,127.0695721820980992_37.5379794092468728,67.0,15.0,서행,127.0695721820980992_37.5379794092468728|127.0688669950632317_37.5382081798395362
2026-09-04T23:16:36.811991+09:00,고덕역,고덕역,POI016,KEY_1,1240019501,고덕로62길,1249015000,명일동 42,127.1526885826783797_37.5515430019917389,1240022003,우성아파트,127.1527027401545951_37.5518473961090180,34.0,19.0,서행,127.1527027401545951_37.5518473961090180|127.1526885826783797_37.5515430019917389
2026-09-04T23:16:36.811991+09:00,고덕역,고덕역,POI016,KEY_1,1240019502,고덕로62길,1240022004,우성아파트,127.1527082571407732_37.5519562014326880,1240022903,속성변화점,127.1532708499726425_37.5543655297540369,279.0,17.7,서행,127.1532708499726425_37.5543655297540369|127.1532787647308282_37.5534142595099638|127.1532474432401898_37.5529950724982982|127.1528297263010359_37.5523642779357587|127.1527199008409639_37.5521674566200190|127.1527082571407732_37.5519562014326880
2026-09-04T23:16:36.811991+09:00,고덕역,고덕역,POI016,KEY_1,1240019503,고덕로62길,1240022903,속성변화점,127.1532708499726425_37.5543655297540369,1240006403,고덕역앞교차로,127.1532674889658239_37.5548705448781277,56.0,19.0,서행,127.1532674889658239_37.5548705448781277|127.1532700432416334_37.5544740363229010|127.1532708499726425_37.5543655297540369
2026-09-04T23:16:36.811991+09:00,고덕역,고덕역,POI016,KEY_1,1240019602,고덕로62길,1240022902,고덕역(서울5호선),127.1534066528685258_37.5543662458503178,1240022001,우성아파트,127.1528439279635165_37.5519514614591188,279.0,15.0,서행,127.1528439279635165_37.5519514614591188|127.1528544449762848_37.5521422672337408|127.1529519809076589_37.5523170650503815|127.1533812641063292_37.5529653226050186|127.1534145959126931_37.5534114044376679|127.1534066528685258_37.5543662458503178
2026-09-04T23:16:36.811991+09:00,고덕역,고덕역,POI016,KEY_1,1240019603,고덕로62길,1240006402,고덕역앞교차로,127.1534031785336936_37.5548889608193335,1240022901,고덕역(서울5호선),127.1534058471205242_37.5544745907377688,46.0,3.0,정체,127.1534058471205242_37.5544745907377688|127.1534031785336936_37.5548889608193335
2026-09-04T23:16:36.811991+09:00,고덕역,고덕역,POI016,KEY_1,1240019701,동남로,1240020904,한영중고교앞교차로,127.1561056866717792_37.5492346583745444,1240021903,경희대동서신의학병원,127.1562657827621621_37.5516636070952501,270.0,30.0,원활,127.1562657827621621_37.5516636070952501|127.1561606582872770_37.5500686961002899|127.1561056866717792_37.5492346583745444
2026-09-04T23:16:36.811991+09:00,고덕역,고덕역,POI016,KEY_1,1240019702,동남로,1240021904,경희대동서신의학병원,127.1562730618892942_37.5517715790425299,1240022203,동신빌딩,127.1563466001623794_37.5528393489022676,119.0,30.0,원활,127.1563466001623794_37.5528393489022676|127.1562730618892942_37.5517715790425299
2026-09-04T23:16:36.811991+09:00,고덕역,고덕역,POI016,KEY_1,1240019703,동남로,1240022204,동신빌딩,127.1563542108928431_37.5529473068933370,1240022703,명일지구대,127.1564466598309053_37.5542281682217975,142.0,30.0,원활,127.1564466598309053_37.5542281682217975|127.1564274239220396_37.5539616623274455|127.1563769047034924_37.5532617292401198|127.1563542108928431_37.5529473068933370
2026-09-04T23:16:36.811991+09:00,고덕역,고덕역,POI016,KEY_1,1240019704,동남로,1240022704,명일지구대,127.1564543497274400_37.5543361171717294,1240023703,E마트앞교차로,127.1565244786737310_37.5553339279445311,111.0,30.5,원활,127.1565244786737310_37.5553339279445311|127.1564543497274400_37.5543361171717294
2026-09-04T23:16:36.811991+09:00,고덕역,고덕역,POI016,KEY_1,1240019802,동남로,1240022202,동신빌딩,127.1564821996538370_37.5528334291763528,1240021901,경희대동서신의학병원,127.1564086584289157_37.5517656594490390,119.0,22.0,서행,127.1564086584289157_37.5517656594490390|127.1564821996538370_37.5528334291763528
2026-09-04T23:16:36.811991+09:00,고덕역,고덕역,POI016,KEY_1,1240019803,동남로,1249046100,상일동 147,127.1565124851740052_37.5532555265066890,1240022201,동신빌딩,127.1564897907958596_37.5529411041869068,35.0,25.0,원활,127.1564897907958596_37.5529411041869068|127.1565124851740052_37.5532555265066890
2026-09-04T23:16:36.811991+09:00,고덕역,고덕역,POI016,KEY_1,1240021500,고덕로,1240006001,배재고교앞교차로,127.1502627998174688_37.5547636377300549,1240006404,고덕역앞교차로,127.1532600929711379_37.5549791469369154,267.0,37.5,원활,127.1532600929711379_37.5549791469369154|127.1520963208777317_37.5548269141009783|127.1515498828997863_37.5547554304647662|127.1513403944212541_37.5547487506746620|127.1502627998174688_37.5547636377300549
2026-09-04T23:16:36.811991+09:00,고덕역,고덕역,POI016,KEY_1,1240022100,고덕로,1240006401,고덕역앞교차로,127.1533941373135690_37.5549975120235686,1240023704,E마트앞교차로,127.1565319059284604_37.5554448253468962,282.0,27.0,원활,127.1565319059284604_37.5554448253468962|127.1533941373135690_37.5549975120235686
2026-09-04T23:16:36.811991+09:00,고덕역,고덕역,POI016,KEY_1,1240022200,고덕로,1240023703,E마트앞교차로,127.1565244786737310_37.5553339279445311,1240006402,고덕역앞교차로,127.1534031785336936_37.5548889608193335,280.0,27.0,원활,127.1534031785336936_37.5548889608193335|127.1565244786737310_37.5553339279445311
2026-09-04T23:16:36.811991+09:00,고덕역,고덕역,POI016,KEY_1,1240023000,고덕로,1249096400,최소노드배치점,127.1613824392157710_37.5560035018671883,1240023702,E마트앞교차로,127.1566618576462133_37.5553532574502498,423.0,23.0,서행,127.1566618576462133_37.5553532574502498|127.1573914943176504_37.5554537755565292|127.1613824392157710_37.5560035018671883
2026-09-04T23:16:36.811991+09:00,고덕역,고덕역,POI016,KEY_1,1240023200,고덕로61길,1240024402,고덕1동주민센터,127.1525743134977660_37.5571130062806517,1240006401,고덕역앞교차로,127.1533941373135690_37.5549975120235686,251.0,23.0,서행,127.1533941373135690_37.5549975120235686|127.1533712556684748_37.5551550493848723|127.1531257397310668_37.5563143499174785|127.1530566959877007_37.5565171952235630|127.1529694231436309_37.5566814857628160|127.1529192002355586_37.5567760296908162|127.1527970436217032_37.5569113886853714|127.1525743134977660_37.5571130062806517
2026-09-04T23:16:36.811991+09:00,고덕역,고덕역,POI016,KEY_1,1240023500,동남로,1240023704,E마트앞교차로,127.1565319059284604_37.5554448253468962,1240024703,공무원아파트,127.1566607565064828_37.5575326121566846,232.0,19.0,서행,127.1566607565064828_37.5575326121566846|127.1565319059284604_37.5554448253468962
2026-09-04T23:16:36.811991+09:00,고덕역,고덕역,POI016,KEY_1,1240023600,동남로,1240024702,공무원아파트,127.1567964043278209_37.5575273061670032,1240023701,E마트앞교차로,127.1566690593141971_37.5554639755517101,229.0,28.0,원활,127.1566690593141971_37.5554639755517101|127.1567964043278209_37.5575273061670032
2026-09-04T23:16:36.811991+09:00,고덕역,고덕역,POI016,KEY_1,1240045700,동남로71길,1249084200,명일동 51-1,127.1537923688565428_37.5517933652963904,1240022002,우성아파트,127.1528384484914511_37.5518433951172454,84.0,17.0,서행,127.1528384484914511_37.5518433951172454|127.1537923688565428_37.5517933652963904
2026-09-04T23:16:36.811991+09:00,고덕역,고덕역,POI016,KEY_1,1240045800,동남로71길,1249010500,명일동 48-26,127.1555401193046464_37.5518100355237081,1240021904,경희대동서신의학병원,127.1562730618892942_37.5517715790425299,65.0,16.0,서행,127.1562730618892942_37.5517715790425299|127.1555401193046464_37.5518100355237081
2026-09-04T23:16:36.811991+09:00,고덕역,고덕역,POI016,KEY_1,1240046900,동남로75길,1240022203,동신빌딩,127.1563466001623794_37.5528393489022676,1240022803,이마트(명일점),127.1557406568431503_37.5542565204500747,218.0,10.0,정체,127.1557406568431503_37.5542565204500747|127.1556316973113780_37.5528640997413490|127.1557061495714578_37.5528615223127886|127.1563466001623794_37.5528393489022676
2026-09-04T23:16:36.811991+09:00,고덕역,고덕역,POI016,KEY_1,1240047000,동남로75길,1240022802,이마트(명일점),127.1558762667287965_37.5542506552277473,1240022204,동신빌딩,127.1563542108928431_37.5529473068933370,194.0,10.0,정체,127.1563542108928431_37.5529473068933370|127.1557758420784552_37.5529673306197509|127.1558762667287965_37.5542506552277473
2026-09-04T23:16:36.811991+09:00,고덕역,고덕역,POI016,KEY_1,1240047600,동남로75길,1240022703,명일지구대,127.1564466598309053_37.5542281682217975,1240022802,이마트(명일점),127.1558762667287965_37.5542506552277473,50.0,12.0,정체,127.1558762667287965_37.5542506552277473|127.1564466598309053_37.5542281682217975
2026-09-04T23:16:36.811991+09:00,고덕역,고덕역,POI016,KEY_1,1240047700,동남로75길,1240022801,이마트(명일점),127.1558829830451316_37.5543586425636917,1240022704,명일지구대,127.1564543497274400_37.5543361171717294,51.0,18.0,서행,127.1564543497274400_37.5543361171717294|127.1558829830451316_37.5543586425636917
2026-09-04T23:16:36.811991+09:00,고덕역,고덕역,POI016,KEY_1,1240047800,동남로75길,1249018200,명일동 47,127.1541550445079167_37.5543310677768858,1240022902,고덕역(서울5호선),127.1534066528685258_37.5543662458503178,66.0,7.0,정체,127.1534066528685258_37.5543662458503178|127.1541550445079167_37.5543310677768858
2026-09-04T23:16:36.811991+09:00,고덕역,고덕역,POI016,KEY_1,1240047900,동남로75길,1249080500,명일동 46-7,127.1546630165006633_37.5544154954661806,1240022804,이마트(명일점),127.1557486638497920_37.5543644520193567,96.0,3.0,정체,127.1557486638497920_37.5543644520193567|127.1546630165006633_37.5544154954661806
2026-09-04T23:16:36.811991+09:00,고덕역,고덕역,POI016,KEY_1,1249000400,세종포천고속도로,1249000400,최소노드배치점,127.1562659190031752_37.5482223253238061,1249000600,최소노드배치점,127.1567336886367912_37.5549510932514892,748.0,103.0,원활,127.1567336886367912_37.5549510932514892|127.1562659190031752_37.5482223253238061
2026-09-04T23:16:36.811991+09:00,고덕역,고덕역,POI016,KEY_1,1249002100,세종포천고속도로,1249000600,최소노드배치점,127.1567336886367912_37.5549510932514892,1249002500,속성변화점,127.1567905526363518_37.5621310464831240,798.0,103.7,원활,127.1567905526363518_37.5621310464831240|127.1568099459097425_37.5620296619621925|127.1568207569509781_37.5619515831646140|127.1568335791102555_37.5618515885968520|127.1568460753415621_37.5617445850114962|127.1568528102163782_37.5616821179146712|127.1568617540514907_37.5615927158354950|127.1568699127336970_37.5615033156045541|127.1568787005434302_37.5613961481224194|127.1568839973351572_37.5613245394333930|127.1568882735797530_37.5612618801151825|127.1568927663312678_37.5611900970685753|127.1568973175616719_37.5611095444721101|127.1569030236011315_37.5609930670848513|127.1569093441339220_37.5608315651403046|127.1569113397340516_37.5607687500768037|127.1569139119720546_37.5606745476477712|127.1569156008113026_37.5605981443625225|127.1569176926255551_37.5604723059106931|127.1569187926735225_37.5603735263940735|127.1569192637286534_37.5603106266835951|127.1569197450923525_37.5601487873917179|127.1569196039050809_37.5600588952101546|127.1569362682184874_37.5592688607885918|127.1569315224843990_37.5590408597429715|127.1569258709478305_37.5588129111153322|127.1569193129190154_37.5585849727078909|127.1569118484383125_37.5583570623747178|127.1569034774869209_37.5581291624299922|127.1568942000978950_37.5579012905312055|127.1568840162720164_37.5576734379717294|127.1568729260267645_37.5574456135393291|127.1568474885994107_37.5565944961394464|127.1568321091370706_37.5563666922550112|127.1567336886367912_37.5549510932514892
2026-09-04T23:16:36.811991+09:00,고속터미널역,고속터미널역,POI017,KEY_2,1210024802,사평대로,1210037304,서울성모병원앞교차로,127.0034296050644542_37.5022581526050445,1210038702,사평지하차도(동측),127.0064482891770155_37.5033692509684471,295.0,11.0,정체,127.0064482891770155_37.5033692509684471|127.0061744165954849_37.5033231250553598|127.0034296050644542_37.5022581526050445
2026-09-04T23:16:36.811991+09:00,고속터미널역,고속터미널역,POI017,KEY_2,1210024803,사평대로,1210038702,사평지하차도(동측),127.0064482891770155_37.5033692509684471,1210040604,삼호가든사거리,127.0095817026590339_37.5045780976898939,308.0,52.0,원활,127.0095817026590339_37.5045780976898939|127.0064482891770155_37.5033692509684471
2026-09-04T23:16:36.811991+09:00,고속터미널역,고속터미널역,POI017,KEY_2,1210024805,사평대로,1210040601,삼호가든사거리,127.0097441692551996_37.5046292707813649,1210041204,삼호가든사거리,127.0102897902201988_37.5047887051124746,51.0,17.0,서행,127.0102897902201988_37.5047887051124746|127.0097441692551996_37.5046292707813649
2026-09-04T23:16:36.811991+09:00,고속터미널역,고속터미널역,POI017,KEY_2,1210025002,반포대로,1210037303,서울성모병원앞교차로,127.0033082442591308_37.5022080765398869,1210038902,반포대교고가차도(남측),127.0024364070386440_37.5032310155441309,137.0,22.0,서행,127.0024364070386440_37.5032310155441309|127.0033082442591308_37.5022080765398869
2026-09-04T23:16:36.811991+09:00,고속터미널역,고속터미널역,POI017,KEY_2,1210025102,반포대로,1210038901,반포대교고가차도(남측),127.0025493771764218_37.5032909216012982,1210037304,서울성모병원앞교차로,127.0034296050644542_37.5022581526050445,139.0,39.0,원활,127.0034296050644542_37.5022581526050445|127.0025493771764218_37.5032909216012982
2026-09-04T23:16:36.811991+09:00,고속터미널역,고속터미널역,POI017,KEY_2,1210025103,반포대로,1210041702,고속터미널사거리,127.0012498931297387_37.5049984469199771,1210038901,반포대교고가차도(남측),127.0025493771764218_37.5032909216012982,222.0,19.0,서행,127.0025493771764218_37.5032909216012982|127.0024586016355954_37.5035007380121144|127.0014528013214488_37.5047290217636800|127.0012498931297387_37.5049984469199771
2026-09-04T23:16:36.811991+09:00,고속터미널역,고속터미널역,POI017,KEY_2,1210026002,신반포로,1210393600,잠원동 110,127.0031103815705364_37.5056962380394125,1210042704,고속터미널역앞교차로,127.0043174874553813_37.5060735942867041,115.0,33.5,원활,127.0043174874553813_37.5060735942867041|127.0039498594828302_37.5059586709413040|127.0035607575584038_37.5058370330399740|127.0031103815705364_37.5056962380394125
2026-09-04T23:16:36.811991+09:00,고속터미널역,고속터미널역,POI017,KEY_2,1210026102,신반포로,1210286400,반포동 128-4,127.0036103340112561_37.5057363840915414,1210041702,고속터미널사거리,127.0012498931297387_37.5049984469199771,224.0,24.0,서행,127.0012498931297387_37.5049984469199771|127.0018301415136932_37.5051798538655916|127.0031599584830957_37.5055955893836241|127.0036103340112561_37.5057363840915414
2026-09-04T23:16:36.811991+09:00,고속터미널역,고속터미널역,POI017,KEY_2,1210026203,잠원로,1210241200,반포동 20-19,127.0097477330052698_37.5059341675518851,1210043803,고속터미널앞교차로,127.0089859824615246_37.5073365595586097,170.0,12.0,정체,127.0089859824615246_37.5073365595586097|127.0091639478021790_37.5070467103003224|127.0096229461825743_37.5061913923870804|127.0096714148749442_37.5060954381854685|127.0097477330052698_37.5059341675518851
2026-09-04T23:16:36.811991+09:00,고속터미널역,고속터미널역,POI017,KEY_2,1210027501,신반포로23길,1210466500,잠원동 101,127.0042204769171548_37.5065757828190200,1210042701,고속터미널역앞교차로,127.0044442985191040_37.5061121193226654,55.0,12.0,정체,127.0044442985191040_37.5061121193226654|127.0042204769171548_37.5065757828190200
2026-09-04T23:16:36.811991+09:00,고속터미널역,고속터미널역,POI017,KEY_2,1210056500,사평대로,1210447300,최소노드배치점,127.0030994056385509_37.5020573549217744,1210038702,사평지하차도(동측),127.0064482891770155_37.5033692509684471,330.0,53.0,원활,127.0064482891770155_37.5033692509684471|127.0034140730417960_37.5021919946757052|127.0030994056385509_37.5020573549217744
2026-09-04T23:16:36.811991+09:00,고속터미널역,고속터미널역,POI017,KEY_2,1210059800,반포대로,1210443100,최소노드배치점,127.0010419244075166_37.5052271229805498,1210038901,반포대교고가차도(남측),127.0025493771764218_37.5032909216012982,253.0,41.3,원활,127.0025493771764218_37.5032909216012982|127.0013952695996693_37.5047003362471614|127.0011470013501480_37.5050299906587696|127.0010419244075166_37.5052271229805498
2026-09-04T23:16:36.811991+09:00,교대역,교대역,POI018,KEY_3,1210019402,서초중앙로,1210400700,서초동 1748-19,127.0137837728346994_37.4928232437485249,1210031503,법원검찰청앞교차로,127.0136428736489478_37.4936380570639756,91.0,20.7,서행,127.0136428736489478_37.4936380570639756|127.0137434820127851_37.4930562454970726|127.0137837728346994_37.4928232437485249
2026-09-04T23:16:36.811991+09:00,교대역,교대역,POI018,KEY_3,1210019502,서초중앙로,1210243500,서초동 1748-21,127.0140319936997599_37.4921799025374156,1210029901,서초동 1748-21,127.0141756387419036_37.4913491659201199,93.0,15.0,서행,127.0141756387419036_37.4913491659201199|127.0140319936997599_37.4921799025374156
2026-09-04T23:16:36.811991+09:00,교대역,교대역,POI018,KEY_3,1210020203,서초대로,1210269800,서초동 1748-5,127.0124401032801273_37.4933781712096490,1210031504,법원검찰청앞교차로,127.0136216391757529_37.4937475646462133,112.0,37.0,원활,127.0136216391757529_37.4937475646462133|127.0124401032801273_37.4933781712096490
2026-09-04T23:16:36.811991+09:00,교대역,교대역,POI018,KEY_3,1210020303,서초대로,1210269900,서초동 1748-18,127.0124896684601907_37.4932775211786122,1210031002,법원사거리,127.0111725811120351_37.4928657314468339,125.0,9.0,정체,127.0111725811120351_37.4928657314468339|127.0124896684601907_37.4932775211786122
2026-09-04T23:16:36.811991+09:00,교대역,교대역,POI018,KEY_3,1210021002,서초대로,1210031501,법원검찰청앞교차로,127.0137505044271506_37.4937873673853872,1210031804,법원검찰청앞,127.0141601505593627_37.4939128508193633,39.0,6.0,정체,127.0141601505593627_37.4939128508193633|127.0137505044271506_37.4937873673853872
2026-09-04T23:16:36.811991+09:00,교대역,교대역,POI018,KEY_3,1210021102,서초대로,1210031803,법원검찰청앞,127.0142088437567196_37.4938119303480732,1210031502,법원검찰청앞교차로,127.0137728785141036_37.4936783857816565,41.0,27.0,원활,127.0137728785141036_37.4936783857816565|127.0142088437567196_37.4938119303480732
2026-09-04T23:16:36.811991+09:00,교대역,교대역,POI018,KEY_3,1210021103,서초대로,1210140900,서초동 1748-22,127.0156198886122070_37.4942415051054638,1210031802,법원검찰청앞,127.0143396760256138_37.4938518474941844,121.0,42.7,원활,127.0143396760256138_37.4938518474941844|127.0156198886122070_37.4942415051054638
2026-09-04T23:16:36.811991+09:00,교대역,교대역,POI018,KEY_3,1210022402,서초중앙로,1210031504,법원검찰청앞교차로,127.0136216391757529_37.4937475646462133,1210032203,법원검찰청,127.0134993661059184_37.4942865056136014,61.0,16.0,서행,127.0134993661059184_37.4942865056136014|127.0136216391757529_37.4937475646462133
2026-09-04T23:16:36.811991+09:00,교대역,교대역,POI018,KEY_3,1210022502,서초중앙로,1210032202,법원검찰청,127.0136328991116414_37.4943057390382393,1210031501,법원검찰청앞교차로,127.0137505044271506_37.4937873673853872,58.0,20.0,서행,127.0137505044271506_37.4937873673853872|127.0136328991116414_37.4943057390382393
2026-09-04T23:16:36.811991+09:00,교대역,교대역,POI018,KEY_3,1210050700,서초대로48길,1210113300,서초동 1740-14,127.0125465107975629_37.4883574908379344,1210027901,제우교역,127.0127660370921916_37.4878908233688293,55.0,11.0,정체,127.0127660370921916_37.4878908233688293|127.0125465107975629_37.4883574908379344
2026-09-04T23:16:36.811991+09:00,교대역,교대역,POI018,KEY_3,1210051000,사임당로17길,1210486000,최소노드배치점,127.0169832520375053_37.4913577937534228,1210029902,서초동 1748-21,127.0141940883130474_37.4912414223335304,263.0,9.0,정체,127.0141940883130474_37.4912414223335304|127.0143303182462802_37.4912445354333030|127.0148804532487361_37.4913102573158028|127.0168712656599581_37.4915480673583730|127.0169525455043811_37.4913937888368878|127.0169832520375053_37.4913577937534228
2026-09-04T23:16:36.811991+09:00,교대역,교대역,POI018,KEY_3,1210052100,법원로,1210032402,서초동 1704,127.0103123000076977_37.4946878999023383,1210031001,법원사거리,127.0111320342529240_37.4929692006080515,204.0,22.5,서행,127.0111320342529240_37.4929692006080515|127.0103123000076977_37.4946878999023383
2026-09-04T23:16:36.811991+09:00,교대역,교대역,POI018,KEY_3,1210052400,서초대로51길,1210031804,법원검찰청앞,127.0141601505593627_37.4939128508193633,1210032303,교대역(서울2호선),127.0140873902132341_37.4944548234829895,60.0,9.0,정체,127.0140873902132341_37.4944548234829895|127.0141601505593627_37.4939128508193633
2026-09-04T23:16:36.811991+09:00,교대역,교대역,POI018,KEY_3,1210052600,서초중앙로24길,1210032303,교대역(서울2호선),127.0140873902132341_37.4944548234829895,1210032202,법원검찰청,127.0136328991116414_37.4943057390382393,43.0,16.0,서행,127.0136328991116414_37.4943057390382393|127.0140873902132341_37.4944548234829895
2026-09-04T23:16:36.811991+09:00,교대역,교대역,POI018,KEY_3,1210053200,서초중앙로24길,1210248700,서초동 1738-8,127.0153406668385685_37.4948371291268998,1210032302,교대역(서울2호선),127.0142182497646530_37.4944966325160962,106.0,24.0,서행,127.0142182497646530_37.4944966325160962|127.0153338278322650_37.4948365998414204|127.0153406668385685_37.4948371291268998
2026-09-04T23:16:36.811991+09:00,구로디지털단지역,구로디지털단지역,POI019,KEY_4,1160004101,디지털로26길,1160182400,구로동 235-3,126.8935931802360528_37.4807606268774833,1160005903,한국농어촌방송본사,126.8972776620144600_37.4817867015770929,371.0,11.0,정체,126.8972776620144600_37.4817867015770929|126.8972546690239795_37.4817632720945042|126.8970781120239621_37.4816132813058331|126.8966736205973547_37.4812696497047924|126.8963971171849892_37.4810923909176736|126.8960631019952672_37.4809340381232516|126.8958190562637043_37.4808350735419467|126.8955610312988398_37.4807653113058663|126.8951553490746704_37.4806855758554462|126.8946221264621386_37.4806172167958138|126.8944167558325091_37.4806026749789396|126.8942013826247148_37.4806145973910247|126.8941088673691979_37.4806197186351824|126.8938885593329076_37.4806563244882653|126.8935931802360528_37.4807606268774833
2026-09-04T23:16:36.811991+09:00,구로디지털단지역,구로디지털단지역,POI019,KEY_4,1160004102,디지털로26길,1160005904,한국농어촌방송본사,126.8973489442759188_37.4818787081438316,1160006603,구로단지우체국,126.8985293618348464_37.4836667423166148,225.0,15.0,서행,126.8985293618348464_37.4836667423166148|126.8983856036246465_37.4835653271991660|126.8975996931281429_37.4822973020260690|126.8973489442759188_37.4818787081438316
2026-09-04T23:16:36.811991+09:00,구로디지털단지역,구로디지털단지역,POI019,KEY_4,1160004202,디지털로26길,1160006602,구로단지우체국,126.8986737843152071_37.4836242263360404,1160005901,한국농어촌방송본사,126.8974713835569190_37.4818321294097245,227.0,24.0,서행,126.8974713835569190_37.4818321294097245|126.8977217421889918_37.4822500705583579|126.8984954653475086_37.4834984298665361|126.8986737843152071_37.4836242263360404
2026-09-04T23:16:36.811991+09:00,구로디지털단지역,구로디지털단지역,POI019,KEY_4,1160004303,시흥대로,1160256200,구로동 1135,126.8999774739549480_37.4812299882525295,1200018703,디지털단지입구교차로,126.9010897237599522_37.4825599240928682,177.0,46.0,원활,126.9010897237599522_37.4825599240928682|126.9008921655430981_37.4823237046259621|126.9005066114061293_37.4818626940330404|126.8999774739549480_37.4812299882525295
2026-09-04T23:16:36.811991+09:00,구로디지털단지역,구로디지털단지역,POI019,KEY_4,1160004700,디지털로,1160001704,서남투데이,126.8924872692041674_37.4815738080084557,1160002003,구로남초교입구교차로,126.8934086030634347_37.4823270181535548,117.0,33.0,원활,126.8934086030634347_37.4823270181535548|126.8924872692041674_37.4815738080084557
2026-09-04T23:16:36.811991+09:00,구로디지털단지역,구로디지털단지역,POI019,KEY_4,1160004800,디지털로,1160002002,구로남초교입구교차로,126.8935057566591382_37.4822515463757284,1160001701,서남투데이,126.8925844222859496_37.4814983374191328,117.0,28.5,원활,126.8925844222859496_37.4814983374191328|126.8935057566591382_37.4822515463757284
2026-09-04T23:16:36.811991+09:00,구로디지털단지역,구로디지털단지역,POI019,KEY_4,1160005100,디지털로32길,1160122600,구로동 814,126.8994064931689536_37.4833014519814824,1160006602,구로단지우체국,126.8986737843152071_37.4836242263360404,74.0,17.0,서행,126.8986737843152071_37.4836242263360404|126.8994064931689536_37.4833014519814824
2026-09-04T23:16:36.811991+09:00,구로디지털단지역,구로디지털단지역,POI019,KEY_4,1160005200,디지털로32길,1160152700,구로동 1125-12,126.9004969408632348_37.4829446144700782,1200018704,디지털단지입구교차로,126.9011652276891908_37.4826502033151101,68.0,12.0,정체,126.9011652276891908_37.4826502033151101|126.9004969408632348_37.4829446144700782
2026-09-04T23:16:36.811991+09:00,구로디지털단지역,구로디지털단지역,POI019,KEY_4,1160005501,디지털로,1160002004,구로남초교입구교차로,126.8934972340672545_37.4824088818278227,1160006403,어린이뉴스,126.8943678431792534_37.4833758245411133,132.0,16.0,서행,126.8943678431792534_37.4833758245411133|126.8936855370631349_37.4826055748467724|126.8934972340672545_37.4824088818278227
2026-09-04T23:16:36.811991+09:00,구로디지털단지역,구로디지털단지역,POI019,KEY_4,1160005502,디지털로,1160006404,어린이뉴스,126.8944434284587572_37.4834656171134597,1160002303,디지털1단지교차로,126.8952796424025138_37.4845376205185374,140.0,8.0,정체,126.8952796424025138_37.4845376205185374|126.8951636473394444_37.4843661583925964|126.8944434284587572_37.4834656171134597
2026-09-04T23:16:36.811991+09:00,구로디지털단지역,구로디지털단지역,POI019,KEY_4,1160005601,디지털로,1160006402,어린이뉴스,126.8944792413172991_37.4833140985581466,1160002001,구로남초교입구교차로,126.8936051022042761_37.4823433008935680,133.0,6.0,정체,126.8936051022042761_37.4823433008935680|126.8937949293671466_37.4825415854034105|126.8944792413172991_37.4833140985581466
2026-09-04T23:16:36.811991+09:00,구로디지털단지역,구로디지털단지역,POI019,KEY_4,1160005602,디지털로,1160002302,디지털1단지교차로,126.8953985916931799_37.4844856024406567,1160006401,어린이뉴스,126.8945549359889640_37.4834038701793091,141.0,5.0,정체,126.8945549359889640_37.4834038701793091|126.8952807267612286_37.4843113764102185|126.8953985916931799_37.4844856024406567
2026-09-04T23:16:36.811991+09:00,구로디지털단지역,구로디지털단지역,POI019,KEY_4,1160005701,시흥대로,1200018704,디지털단지입구교차로,126.9011652276891908_37.4826502033151101,1200019603,강남우신병원,126.9022120415721275_37.4839018397197421,167.0,10.0,정체,126.9022120415721275_37.4839018397197421|126.9019032146348849_37.4835325921695102|126.9016526150941928_37.4832329606700370|126.9011652276891908_37.4826502033151101
2026-09-04T23:16:36.811991+09:00,구로디지털단지역,구로디지털단지역,POI019,KEY_4,1160005801,시흥대로,1200064500,신림동 1674-1,126.9017655141786207_37.4831729969411924,1200018701,디지털단지입구교차로,126.9012781259227296_37.4825902402013185,78.0,28.0,원활,126.9012781259227296_37.4825902402013185|126.9017655141786207_37.4831729969411924
2026-09-04T23:16:36.811991+09:00,구로디지털단지역,구로디지털단지역,POI019,KEY_4,1160005900,디지털로32길,1160264900,구로동 218,126.8962716907271044_37.4841177503565461,1160002302,디지털1단지교차로,126.8953985916931799_37.4844856024406567,87.0,19.0,서행,126.8953985916931799_37.4844856024406567|126.8962716907271044_37.4841177503565461
2026-09-04T23:16:36.811991+09:00,구로디지털단지역,구로디지털단지역,POI019,KEY_4,1160006000,디지털로32길,1160173800,구로동 188-15,126.8974394243345927_37.4838718295493152,1160006604,구로단지우체국,126.8986238179200399_37.4837566500810055,106.0,8.0,정체,126.8986238179200399_37.4837566500810055|126.8984122660177007_37.4838087376831908|126.8978251818164011_37.4838468129254636|126.8974394243345927_37.4838718295493152
2026-09-04T23:16:36.811991+09:00,구로디지털단지역,구로디지털단지역,POI019,KEY_4,1160006103,디지털로27길,1160002003,구로남초교입구교차로,126.8934086030634347_37.4823270181535548,1160006503,이-스페이스,126.8917305812735350_37.4835423141444153,201.0,22.0,서행,126.8917305812735350_37.4835423141444153|126.8918104893524088_37.4834371883227107|126.8934086030634347_37.4823270181535548
2026-09-04T23:16:36.811991+09:00,구로디지털단지역,구로디지털단지역,POI019,KEY_4,1160006203,디지털로27길,1160006901,구로3동천주교회,126.8896190447517682_37.4843226177104896,1160006501,이-스페이스,126.8917578654632479_37.4836791360871544,203.0,19.0,서행,126.8917578654632479_37.4836791360871544|126.8916170526133698_37.4837566784791747|126.8915711466728595_37.4837819577517237|126.8912685166112908_37.4839067656981442|126.8910233054121477_37.4839828362498082|126.8910049520434455_37.4839872772442035|126.8906410941285969_37.4840753198361085|126.8896190447517682_37.4843226177104896
2026-09-04T23:16:36.811991+09:00,구로디지털단지역,구로디지털단지역,POI019,KEY_4,1160006204,디지털로27길,1160006502,이-스페이스,126.8918485125667104_37.4835958539846601,1160002004,구로남초교입구교차로,126.8934972340672545_37.4824088818278227,197.0,24.5,서행,126.8934972340672545_37.4824088818278227|126.8919155820691032_37.4835076181120002|126.8918485125667104_37.4835958539846601
2026-09-04T23:16:36.811991+09:00,구로디지털단지역,구로디지털단지역,POI019,KEY_4,1160006701,디지털로,1160002304,디지털1단지교차로,126.8953435093039275_37.4846330611772203,1160007703,롯데시티호텔(구로),126.8962470857265714_37.4858199893710164,154.0,10.0,정체,126.8962470857265714_37.4858199893710164|126.8954956195910313_37.4848627394576752|126.8953435093039275_37.4846330611772203
2026-09-04T23:16:36.811991+09:00,구로디지털단지역,구로디지털단지역,POI019,KEY_4,1160006801,디지털로,1160007702,롯데시티호텔(구로),126.8963657610801619_37.4857672925145806,1160002301,디지털1단지교차로,126.8954624472248867_37.4845810017210894,154.0,6.0,정체,126.8954624472248867_37.4845810017210894|126.8956132886323047_37.4848087640744083|126.8963657610801619_37.4857672925145806
2026-09-04T23:16:36.811991+09:00,구로디지털단지역,구로디지털단지역,POI019,KEY_4,1160006802,디지털로,1160275600,구로동 181-23,126.8972347051497280_37.4868941980659827,1160007701,롯데시티호텔(구로),126.8964372409138690_37.4858591948314981,135.0,17.0,서행,126.8964372409138690_37.4858591948314981|126.8970469168106519_37.4866504766744626|126.8972347051497280_37.4868941980659827
2026-09-04T23:16:36.811991+09:00,구로디지털단지역,구로디지털단지역,POI019,KEY_4,1160020300,디지털로30길,1160005903,한국농어촌방송본사,126.8972776620144600_37.4817867015770929,1160006402,어린이뉴스,126.8944792413172991_37.4833140985581466,300.0,15.0,서행,126.8944792413172991_37.4833140985581466|126.8948413059893596_37.4831095502286615|126.8956357623937805_37.4826388020315520|126.8971832914315030_37.4818345023029238|126.8972776620144600_37.4817867015770929
2026-09-04T23:16:36.811991+09:00,구로디지털단지역,구로디지털단지역,POI019,KEY_4,1160020400,디지털로30길,1160006401,어린이뉴스,126.8945549359889640_37.4834038701793091,1160005904,한국농어촌방송본사,126.8973489442759188_37.4818787081438316,300.0,8.0,정체,126.8973489442759188_37.4818787081438316|126.8972567421730275_37.4819254112818570|126.8957133712641507_37.4827275496055634|126.8949210281995477_37.4831970450921332|126.8945549359889640_37.4834038701793091
2026-09-04T23:16:36.811991+09:00,구로디지털단지역,구로디지털단지역,POI019,KEY_4,1160020700,디지털로29길,1160006403,어린이뉴스,126.8943678431792534_37.4833758245411133,1160007002,이투뉴스,126.8926060338410196_37.4843334001185298,189.0,16.0,서행,126.8926060338410196_37.4843334001185298|126.8943678431792534_37.4833758245411133
2026-09-04T23:16:36.811991+09:00,구로디지털단지역,구로디지털단지역,POI019,KEY_4,1160020800,디지털로29길,1160007001,이투뉴스,126.8926819657823302_37.4844230047648566,1160006404,어린이뉴스,126.8944434284587572_37.4834656171134597,189.0,11.0,정체,126.8944434284587572_37.4834656171134597|126.8926819657823302_37.4844230047648566
2026-09-04T23:16:36.811991+09:00,구로디지털단지역,구로디지털단지역,POI019,KEY_4,1160024302,디지털로33길,1160007505,동작벼룩시장,126.8934091963354831_37.4855115845585587,1160007508,구로동170-6,126.8943602466473664_37.4866879141360343,155.0,16.0,서행,126.8943602466473664_37.4866879141360343|126.8934091963354831_37.4855115845585587
2026-09-04T23:16:36.811991+09:00,구로디지털단지역,구로디지털단지역,POI019,KEY_4,1160020900,디지털로27가길,1160007002,이투뉴스,126.8926060338410196_37.4843334001185298,1160006502,이-스페이스,126.8918485125667104_37.4835958539846601,107.0,26.0,원활,126.8918485125667104_37.4835958539846601|126.8919599002950918_37.4836464229215878|126.8920939703165516_37.4837502631997097|126.8921680859276364_37.4838346666103917|126.8926060338410196_37.4843334001185298
2026-09-04T23:16:36.811991+09:00,구로디지털단지역,구로디지털단지역,POI019,KEY_4,1160021000,디지털로27가길,1160127000,구로동 252-63,126.8920569215520828_37.4838966556500779,1160007003,이투뉴스,126.8924948692016841_37.4843953895049040,68.0,26.0,원활,126.8924948692016841_37.4843953895049040|126.8920569215520828_37.4838966556500779
2026-09-04T23:16:36.811991+09:00,구로디지털단지역,구로디지털단지역,POI019,KEY_4,1160021100,시흥대로,1160226100,구로동 1124-77,126.9015770566548156_37.4842913595505109,1160007102,구로디지털단지역,126.9014162506018835_37.4848180029825926,61.0,5.0,정체,126.9014162506018835_37.4848180029825926|126.9014866605190690_37.4844597741793351|126.9015502373806186_37.4843238082773027|126.9015770566548156_37.4842913595505109
2026-09-04T23:16:36.811991+09:00,구로디지털단지역,구로디지털단지역,POI019,KEY_4,1160021600,디지털로27가길,1160007503,동작벼룩시장,126.8934530051471086_37.4853665929568365,1160007001,이투뉴스,126.8926819657823302_37.4844230047648566,125.0,17.0,서행,126.8926819657823302_37.4844230047648566|126.8934530051471086_37.4853665929568365
2026-09-04T23:16:36.811991+09:00,구로디지털단지역,구로디지털단지역,POI019,KEY_4,1160021700,디지털로27가길,1160007004,이투뉴스,126.8925682669420922_37.4844820023724665,1160007504,동작벼룩시장,126.8933353461741689_37.4854207480942847,124.0,32.0,원활,126.8933353461741689_37.4854207480942847|126.8925682669420922_37.4844820023724665
2026-09-04T23:16:36.811991+09:00,구로디지털단지역,구로디지털단지역,POI019,KEY_4,1160021900,디지털로31길,1160002303,디지털1단지교차로,126.8952796424025138_37.4845376205185374,1160007503,동작벼룩시장,126.8934530051471086_37.4853665929568365,186.0,9.0,정체,126.8934530051471086_37.4853665929568365|126.8952796424025138_37.4845376205185374
2026-09-04T23:16:36.811991+09:00,구로디지털단지역,구로디지털단지역,POI019,KEY_4,1160022000,디지털로31길,1160007502,동작벼룩시장,126.8935268697175616_37.4854574967908860,1160002304,디지털1단지교차로,126.8953435093039275_37.4846330611772203,185.0,23.0,서행,126.8953435093039275_37.4846330611772203|126.8935268697175616_37.4854574967908860
2026-09-04T23:16:36.811991+09:00,구로디지털단지역,구로디지털단지역,POI019,KEY_4,1160022100,디지털로34길,1160006604,구로단지우체국,126.8986238179200399_37.4837566500810055,1160007702,롯데시티호텔(구로),126.8963657610801619_37.4857672925145806,328.0,8.0,정체,126.8963657610801619_37.4857672925145806|126.8982267387187051_37.4848363408960239|126.8983738715280793_37.4847418499824627|126.8984734048972740_37.4846451213332514|126.8985743992566171_37.4845003998530188|126.8986311369851876_37.4843455994852945|126.8986930392562584_37.4840401198066218|126.8986689418290013_37.4838515866000037|126.8986238179200399_37.4837566500810055
2026-09-04T23:16:36.811991+09:00,구로디지털단지역,구로디지털단지역,POI019,KEY_4,1160022200,디지털로34길,1160007701,롯데시티호텔(구로),126.8964372409138690_37.4858591948314981,1160006601,구로단지우체국,126.8987489435907605_37.4837146589600820,345.0,19.0,서행,126.8987489435907605_37.4837146589600820|126.8988021200996457_37.4838265373868396|126.8988298283918681_37.4840433148602798|126.8987637368247903_37.4843694655542663|126.8987003707336925_37.4845423516443788|126.8985860552682681_37.4847061631695553|126.8984699121090074_37.4848190336163043|126.8983056516939598_37.4849245247307650|126.8964372409138690_37.4858591948314981
2026-09-04T23:16:36.811991+09:00,구로디지털단지역,구로디지털단지역,POI019,KEY_4,1160022400,시흥대로,1160007102,구로디지털단지역,126.9014162506018835_37.4848180029825926,1160007800,구로디지털단지역3번출구,126.9002348002063911_37.4856322056448832,149.0,7.0,정체,126.9002348002063911_37.4856322056448832|126.9004417563574947_37.4852283060631208|126.9005017145782830_37.4851329992872735|126.9006094867249743_37.4850758759866665|126.9011063006316675_37.4849141862083783|126.9014162506018835_37.4848180029825926
2026-09-04T23:16:36.811991+09:00,구로디지털단지역,구로디지털단지역,POI019,KEY_4,1160023400,디지털로31길,1160159500,구로동 197-57,126.8926750779697272_37.4858537636431279,1160007505,동작벼룩시장,126.8934091963354831_37.4855115845585587,75.0,20.0,서행,126.8934091963354831_37.4855115845585587|126.8926750779697272_37.4858537636431279
2026-09-04T23:16:36.811991+09:00,구로디지털단지역,구로디지털단지역,POI019,KEY_4,1160024201,디지털로33길,1160007507,구로동170-6,126.8944821374542471_37.4866390404158096,1160007502,동작벼룩시장,126.8935268697175616_37.4854574967908860,156.0,19.0,서행,126.8935268697175616_37.4854574967908860|126.8944821374542471_37.4866390404158096
2026-09-04T23:16:36.811991+09:00,구로디지털단지역,구로디지털단지역,POI019,KEY_4,1160024202,디지털로33길,1160007703,롯데시티호텔(구로),126.8962470857265714_37.4858199893710164,1160007507,구로동170-6,126.8944821374542471_37.4866390404158096,181.0,7.0,정체,126.8944821374542471_37.4866390404158096|126.8958791004022544_37.4859657126565011|126.8962470857265714_37.4858199893710164
2026-09-04T23:16:36.811991+09:00,구로디지털단지역,구로디지털단지역,POI019,KEY_4,1160024301,디지털로33길,1160007506,구로동170-6,126.8946532528574238_37.4866829253835476,1160007704,롯데시티호텔(구로),126.8963189246829302_37.4859122766495005,170.0,11.0,정체,126.8963189246829302_37.4859122766495005|126.8959445157643557_37.4860605446026938|126.8946532528574238_37.4866829253835476
2026-09-04T23:16:36.811991+09:00,구로디지털단지역,구로디지털단지역,POI019,KEY_4,1200006500,조원로,1200064000,신림동 1675-8,126.9029897960255653_37.4834956199973774,1200019602,강남우신병원,126.9023243042701239_37.4838411132313780,70.0,13.0,정체,126.9023243042701239_37.4838411132313780|126.9028094961459772_37.4835667668525545|126.9029503679733324_37.4835056834624254|126.9029897960255653_37.4834956199973774
2026-09-04T23:16:36.811991+09:00,구로디지털단지역,구로디지털단지역,POI019,KEY_4,1200010401,봉천로,1200101300,최소노드배치점,126.9048781530148204_37.4848031964909509,1160007800,구로디지털단지역3번출구,126.9002348002063911_37.4856322056448832,430.0,43.0,원활,126.9002348002063911_37.4856322056448832|126.9007586758196879_37.4853704156801228|126.9011403150620083_37.4852098210022149|126.9015443650774131_37.4850671233676280|126.9018586044769989_37.4849720275228933|126.9022849956394339_37.4849008634215295|126.9026739605597101_37.4848535058282195|126.9033022188487507_37.4848301828163599|126.9048781530148204_37.4848031964909509
2026-09-04T23:16:36.811991+09:00,구로역,구로역,POI020,KEY_1,1160002305,경인로,1160034502,구로기계공구상가단지,126.8784152415114903_37.5021440736997747,1160036403,구로역교차로,126.8796656821958493_37.5030673368874119,151.0,29.0,원활,126.8796656821958493_37.5030673368874119|126.8784152415114903_37.5021440736997747
2026-09-04T23:16:36.811991+09:00,구로역,구로역,POI020,KEY_1,1160002404,경인로,1160036402,구로역교차로,126.8798498461747783_37.5029085407338769,1160034801,구로지하차도(남측),126.8783029444020514_37.5018416464907460,182.0,25.0,원활,126.8783029444020514_37.5018416464907460|126.8785027898019990_37.5019153329666537|126.8798498461747783_37.5029085407338769
2026-09-04T23:16:36.811991+09:00,구로역,구로역,POI020,KEY_1,1160002702,경인로,1160036404,구로역교차로,126.8797656740501054_37.5031404717325572,1160037802,구로지하차도(북측),126.8814935704587299_37.5043183305166821,202.0,36.0,원활,126.8814935704587299_37.5043183305166821|126.8812468828441808_37.5042127918201231|126.8797656740501054_37.5031404717325572
2026-09-04T23:16:36.811991+09:00,구로역,구로역,POI020,KEY_1,1160002703,경인로,1160037802,구로지하차도(북측),126.8814935704587299_37.5043183305166821,1160040905,신도림동사무소,126.8835127714082347_37.5057700823748021,240.0,39.0,원활,126.8835127714082347_37.5057700823748021|126.8814935704587299_37.5043183305166821
2026-09-04T23:16:36.811991+09:00,구로역,구로역,POI020,KEY_1,1160002802,경인로,1160037801,구로지하차도(북측),126.8815846697612244_37.5042381878289319,1160036401,구로역교차로,126.8799498591355785_37.5029816276734707,202.0,31.3,원활,126.8799498591355785_37.5029816276734707|126.8814294227990160_37.5040527548736691|126.8815846697612244_37.5042381878289319
2026-09-04T23:16:36.811991+09:00,구로역,구로역,POI020,KEY_1,1160002803,경인로,1160040904,신도림동사무소,126.8836036985089919_37.5056898153755398,1160037801,구로지하차도(북측),126.8815846697612244_37.5042381878289319,240.0,19.0,서행,126.8815846697612244_37.5042381878289319|126.8836036985089919_37.5056898153755398
2026-09-04T23:16:36.811991+09:00,구로역,구로역,POI020,KEY_1,1160012304,구로동로,1160154900,구로동 462-1,126.8824091172900097_37.4994610619746851,1160004304,AK플라자앞교차로,126.8824439152142389_37.5006446548789327,132.0,22.0,서행,126.8824439152142389_37.5006446548789327|126.8823951197181117_37.5002205163018019|126.8824051244391882_37.4996777003701851|126.8824091172900097_37.4994610619746851
2026-09-04T23:16:36.811991+09:00,구로역,구로역,POI020,KEY_1,1160013702,구로중앙로,1160050102,지하차도(서측),126.8835148282346239_37.4996233978199669,1160004303,AK플라자앞교차로,126.8825668705374738_37.5005288608787382,131.0,41.3,원활,126.8825668705374738_37.5005288608787382|126.8828710307459176_37.5002468361621055|126.8829505981381516_37.5001648826779288|126.8832376273967526_37.4998512991191930|126.8835148282346239_37.4996233978199669
2026-09-04T23:16:36.811991+09:00,구로역,구로역,POI020,KEY_1,1160013801,구로중앙로,1160031302,AK플라자앞,126.8830602464456945_37.5002285892838003,1160050101,지하차도(서측),126.8836055631120132_37.4996996362300692,76.0,12.0,정체,126.8836055631120132_37.4996996362300692|126.8835971196618289_37.4997111069201736|126.8833416853714908_37.4999211136327162|126.8830602464456945_37.5002285892838003
2026-09-04T23:16:36.811991+09:00,구로역,구로역,POI020,KEY_1,1160013802,구로중앙로,1160004302,AK플라자앞교차로,126.8826698006300973_37.5005993241719082,1160031301,AK플라자앞,126.8829739607386529_37.5003172991934548,41.0,12.0,정체,126.8829739607386529_37.5003172991934548|126.8826698006300973_37.5005993241719082
2026-09-04T23:16:36.811991+09:00,구로역,구로역,POI020,KEY_1,1160014701,구로중앙로,1160004304,AK플라자앞교차로,126.8824439152142389_37.5006446548789327,1160036402,구로역교차로,126.8798498461747783_37.5029085407338769,341.0,35.3,원활,126.8798498461747783_37.5029085407338769|126.8802195515829396_37.5025788447226205|126.8808010888238442_37.5020186292574849|126.8812049630685976_37.5016737266998490|126.8822093574845837_37.5008862202708784|126.8824439152142389_37.5006446548789327
2026-09-04T23:16:36.811991+09:00,구로역,구로역,POI020,KEY_1,1160014801,구로중앙로,1160036401,구로역교차로,126.8799498591355785_37.5029816276734707,1160004301,AK플라자앞교차로,126.8825512540485363_37.5007108111362015,342.0,26.0,원활,126.8825512540485363_37.5007108111362015|126.8823110851922564_37.5009581561256553|126.8813022193148470_37.5017491701350210|126.8809030844676187_37.5020900259782337|126.8803224434791872_37.5026493166134713|126.8799498591355785_37.5029816276734707
2026-09-04T23:16:36.811991+09:00,구로역,구로역,POI020,KEY_1,1160016002,구로중앙로,1160318200,구로동 604-15,126.8787840193907925_37.5039589067442876,1160036404,구로역교차로,126.8797656740501054_37.5031404717325572,126.0,27.0,원활,126.8797656740501054_37.5031404717325572|126.8787840193907925_37.5039589067442876
2026-09-04T23:16:36.811991+09:00,구로역,구로역,POI020,KEY_1,1160060200,구로중앙로34길,1160032903,영림빌딩,126.8848678729358284_37.5007540665173380,1160031302,AK플라자앞,126.8830602464456945_37.5002285892838003,170.0,9.0,정체,126.8830602464456945_37.5002285892838003|126.8837347429068956_37.5004481416141644|126.8841599860697329_37.5005629512532863|126.8848678729358284_37.5007540665173380
2026-09-04T23:16:36.811991+09:00,구로역,구로역,POI020,KEY_1,1160064101,새말로,1160201200,구로동 496-128,126.8828911595734468_37.5019979620272395,1160049101,애경백화점주차장입구,126.8827564584221506_37.5019420651198843,13.0,11.0,정체,126.8827564584221506_37.5019420651198843|126.8828911595734468_37.5019979620272395
2026-09-04T23:16:36.811991+09:00,구로역,구로역,POI020,KEY_1,1160064201,새말로,1160241300,구로동 566-16,126.8835953818400526_37.5024120971290884,1160049204,구로롯데아파트앞,126.8843917579443570_37.5027425563835806,79.0,22.0,서행,126.8843917579443570_37.5027425563835806|126.8839858571494403_37.5025741273609654|126.8835953818400526_37.5024120971290884
2026-09-04T23:16:36.811991+09:00,구로역,구로역,POI020,KEY_1,1160067300,경인로,1160037801,구로지하차도(북측),126.8815846697612244_37.5042381878289319,1160034801,구로지하차도(남측),126.8783029444020514_37.5018416464907460,394.0,53.7,원활,126.8783029444020514_37.5018416464907460|126.8798550910123879_37.5029860650246718|126.8815846697612244_37.5042381878289319
2026-09-04T23:16:36.811991+09:00,구로역,구로역,POI020,KEY_1,1160067400,경인로,1160034802,구로지하차도(남측),126.8782114750291896_37.5019215141120696,1160037802,구로지하차도(북측),126.8814935704587299_37.5043183305166821,394.0,45.0,원활,126.8814935704587299_37.5043183305166821|126.8797633638207003_37.5030657520983226|126.8782114750291896_37.5019215141120696
2026-09-04T23:16:36.811991+09:00,구로역,구로역,POI020,KEY_1,1160088400,벚꽃로,1160048902,새말고가교(남측),126.8808562236643098_37.5011540117632762,1160049002,새말고가교(북측),126.8821621334058420_37.5018170387463314,138.0,43.0,원활,126.8821621334058420_37.5018170387463314|126.8818108904469000_37.5016871323605017|126.8813106955592787_37.5014691137450953|126.8810384845925938_37.5012995869694592|126.8808562236643098_37.5011540117632762
2026-09-04T23:16:36.811991+09:00,구로역,구로역,POI020,KEY_1,1160088600,벚꽃로,1160049001,새말고가교(북측),126.8822220968000352_37.5017200764814689,1160048901,새말고가교(남측),126.8809607714558467_37.5010859028210248,133.0,46.0,원활,126.8809607714558467_37.5010859028210248|126.8811286565910166_37.5012185106669875|126.8813855473329824_37.5013784964260068|126.8818721077834653_37.5015905715778359|126.8822220968000352_37.5017200764814689
2026-09-04T23:16:36.811991+09:00,구로역,구로역,POI020,KEY_1,1160088800,새말로,1160049101,애경백화점주차장입구,126.8827564584221506_37.5019420651198843,1160004301,AK플라자앞교차로,126.8825512540485363_37.5007108111362015,195.0,22.0,서행,126.8825512540485363_37.5007108111362015|126.8825109701480471_37.5008058644173587|126.8820157985044403_37.5012387302059977|126.8819625479276567_37.5013452749619560|126.8819309554534556_37.5014560949871125|126.8819419585757373_37.5014967665556327|126.8819931567736461_37.5015712443604912|126.8821845449758428_37.5016717109843896|126.8825234212579574_37.5018237696641208|126.8827564584221506_37.5019420651198843
2026-09-04T23:16:36.811991+09:00,구로역,구로역,POI020,KEY_1,1160088900,새말로,1160049002,새말고가교(북측),126.8821621334058420_37.5018170387463314,1160049102,애경백화점주차장입구,126.8826937386913443_37.5020379469097875,53.0,15.0,서행,126.8826937386913443_37.5020379469097875|126.8821621334058420_37.5018170387463314
2026-09-04T23:16:36.811991+09:00,구로역,구로역,POI020,KEY_1,1160089000,새말로,1160049101,애경백화점주차장입구,126.8827564584221506_37.5019420651198843,1160049001,새말고가교(북측),126.8822220968000352_37.5017200764814689,53.0,17.0,서행,126.8822220968000352_37.5017200764814689|126.8827564584221506_37.5019420651198843
2026-09-04T23:16:36.811991+09:00,군자역,군자역,POI021,KEY_2,1040004403,천호대로,1040058200,중곡동 661,127.0806872902272744_37.5567588534684162,1040024504,속성변화점,127.0817853905452353_37.5563326894010103,108.0,28.0,원활,127.0817853905452353_37.5563326894010103|127.0806872902272744_37.5567588534684162
2026-09-04T23:16:36.811991+09:00,군자역,군자역,POI021,KEY_2,1040004301,천호대로,1040074800,능동 256-16,127.0831087283005871_37.5557047588145991,1040024502,하나은행중곡동지점,127.0818480980083507_37.5561883471965672,124.0,25.5,원활,127.0818480980083507_37.5561883471965672|127.0831087283005871_37.5557047588145991
2026-09-04T23:16:36.811991+09:00,군자역,군자역,POI021,KEY_2,1040004302,천호대로,1040058100,능동 265-10,127.0806277800777764_37.5566616664993660,1040001902,군자역사거리,127.0795348266652240_37.5570858179850333,107.0,28.0,원활,127.0795348266652240_37.5570858179850333|127.0806277800777764_37.5566616664993660
2026-09-04T23:16:36.811991+09:00,군자역,군자역,POI021,KEY_2,1040004701,천호대로,1040001903,군자역사거리,127.0794124264596832_37.5571326952658282,1040024802,군자역(서울5호선),127.0787410926408967_37.5573863002999602,66.0,12.0,정체,127.0787410926408967_37.5573863002999602|127.0794124264596832_37.5571326952658282
2026-09-04T23:16:36.811991+09:00,군자역,군자역,POI021,KEY_2,1040004702,천호대로,1040024803,군자역(서울5호선),127.0786186884951690_37.5574334057867176,1040025102,군자동 484,127.0770083487010851_37.5580635804755758,159.0,27.0,원활,127.0770083487010851_37.5580635804755758|127.0781748461028542_37.5576070980020376|127.0786186884951690_37.5574334057867176
2026-09-04T23:16:36.811991+09:00,군자역,군자역,POI021,KEY_2,1040004801,천호대로,1040118000,중곡동 661,127.0782347592370058_37.5577041280935759,1040001904,군자역사거리,127.0794679514587244_37.5572313947359646,121.0,36.0,원활,127.0794679514587244_37.5572313947359646|127.0787993147264672_37.5574839809709218|127.0786786020649828_37.5575304356554085|127.0782347592370058_37.5577041280935759
2026-09-04T23:16:36.811991+09:00,군자역,군자역,POI021,KEY_2,1040005003,천호대로,1040080100,중곡동 660,127.0762266121017348_37.5585010016227940,1040025104,중곡동 660,127.0769419301756358_37.5582109206187056,71.0,27.0,원활,127.0769419301756358_37.5582109206187056|127.0762266121017348_37.5585010016227940
2026-09-04T23:16:36.811991+09:00,군자역,군자역,POI021,KEY_2,1040014201,능동로,1040050700,군자동 47-1,127.0779016230986826_37.5543875146911716,1040024403,능동119안전센터,127.0784794280852879_37.5554353109497256,127.0,23.0,서행,127.0784794280852879_37.5554353109497256|127.0779016230986826_37.5543875146911716
2026-09-04T23:16:36.811991+09:00,군자역,군자역,POI021,KEY_2,1040014202,능동로,1040024404,능동119안전센터,127.0785327914266389_37.5555337392588058,1040024603,능동시장입구,127.0790245738390212_37.5564603311063223,112.0,24.0,서행,127.0790245738390212_37.5564603311063223|127.0785327914266389_37.5555337392588058
2026-09-04T23:16:36.811991+09:00,군자역,군자역,POI021,KEY_2,1040014203,능동로,1040024604,능동시장입구,127.0790796723156575_37.5565593130955548,1040001903,군자역사거리,127.0794124264596832_37.5571326952658282,70.0,24.0,서행,127.0794124264596832_37.5571326952658282|127.0790796723156575_37.5565593130955548
2026-09-04T23:16:36.811991+09:00,군자역,군자역,POI021,KEY_2,1040014302,능동로,1040001902,군자역사거리,127.0795348266652240_37.5570858179850333,1040024401,능동119안전센터,127.0786578909075786_37.5554916575915527,193.0,6.0,정체,127.0786578909075786_37.5554916575915527|127.0791496745905675_37.5564182489232010|127.0792029604481144_37.5565139666780041|127.0795348266652240_37.5570858179850333
2026-09-04T23:16:36.811991+09:00,군자역,군자역,POI021,KEY_2,1040014401,군자로,1040051100,군자동 498,127.0773859030467037_37.5559192589275526,1040024703,군자동 498,127.0781418254503308_37.5568150974500838,120.0,7.0,정체,127.0781418254503308_37.5568150974500838|127.0773859030467037_37.5559192589275526
2026-09-04T23:16:36.811991+09:00,군자역,군자역,POI021,KEY_2,1040014402,군자로,1040024704,군자동 473-17,127.0782167648829954_37.5569063842871316,1040024803,군자역(서울5호선),127.0786186884951690_37.5574334057867176,68.0,7.0,정체,127.0786186884951690_37.5574334057867176|127.0785251045072073_37.5572958312944110|127.0782167648829954_37.5569063842871316
2026-09-04T23:16:36.811991+09:00,군자역,군자역,POI021,KEY_2,1040014502,군자로,1040024802,군자역(서울5호선),127.0787410926408967_37.5573863002999602,1040024701,군자동 478-3,127.0783391267993352_37.5568581661630958,69.0,21.0,서행,127.0783391267993352_37.5568581661630958|127.0786423903673494_37.5572412023606361|127.0787410926408967_37.5573863002999602
2026-09-04T23:16:36.811991+09:00,군자역,군자역,POI021,KEY_2,1040014601,면목로,1040043600,군자동 55-1,127.0761006675665499_37.5566678876701872,1040024903,덕산빌딩,127.0765332367497393_37.5574279966482294,93.0,19.7,서행,127.0765332367497393_37.5574279966482294|127.0763146059258020_37.5570463247497557|127.0761146941674156_37.5566973276250238|127.0761006675665499_37.5566678876701872
2026-09-04T23:16:36.811991+09:00,군자역,군자역,POI021,KEY_2,1040014602,면목로,1040024904,덕산빌딩,127.0765850070330600_37.5575232608000391,1040025103,군자동 484,127.0768865082141730_37.5581120561590538,71.0,17.0,서행,127.0768865082141730_37.5581120561590538|127.0765850070330600_37.5575232608000391
2026-09-04T23:16:36.811991+09:00,군자역,군자역,POI021,KEY_2,1040014702,면목로,1040025102,군자동 484,127.0770083487010851_37.5580635804755758,1040024901,덕산빌딩,127.0767107698767973_37.5574824468424708,70.0,7.0,정체,127.0767107698767973_37.5574824468424708|127.0770083487010851_37.5580635804755758
2026-09-04T23:16:36.811991+09:00,군자역,군자역,POI021,KEY_2,1040015301,능동로,1040100200,중곡동 672,127.0799523671894633_37.5578476892915063,1040001901,군자역사거리,127.0795904427961460_37.5571845162377826,80.0,25.0,원활,127.0795904427961460_37.5571845162377826|127.0799523671894633_37.5578476892915063
2026-09-04T23:16:36.811991+09:00,군자역,군자역,POI021,KEY_2,1040015700,면목로,1040117400,중곡동 669,127.0774452742331562_37.5588289367580259,1040025101,중곡동 659,127.0770633897610651_37.5581625172458260,81.0,12.0,정체,127.0770633897610651_37.5581625172458260|127.0772236884223787_37.5584272094132317|127.0774452742331562_37.5588289367580259
2026-09-04T23:16:36.811991+09:00,군자역,군자역,POI021,KEY_2,1040036900,천호대로112길,1040113400,능동 265-12,127.0811761263330339_37.5550588496486881,1040024301,능동행정복지센터,127.0808961978493130_37.5546000541827141,57.0,16.0,서행,127.0808961978493130_37.5546000541827141|127.0810767106879382_37.5548917415527583|127.0811761263330339_37.5550588496486881
2026-09-04T23:16:36.811991+09:00,군자역,군자역,POI021,KEY_2,1040037000,천호대로112길,1040031900,능동 265-12,127.0813512873793627_37.5556058644750337,1040024503,하나은행중곡동지점,127.0817258793105822_37.5562355029796677,77.0,13.0,정체,127.0817258793105822_37.5562355029796677|127.0813512873793627_37.5556058644750337
2026-09-04T23:16:36.811991+09:00,군자역,군자역,POI021,KEY_2,1040037300,능동로35길,1040081700,군자동 476-19,127.0785006871383587_37.5566717504792678,1040024702,군자동 498,127.0782648012190208_37.5567669432952229,23.0,14.0,정체,127.0782648012190208_37.5567669432952229|127.0785006871383587_37.5566717504792678
2026-09-04T23:16:36.811991+09:00,군자역,군자역,POI021,KEY_2,1040037400,능동로35길,1040024701,군자동 478-3,127.0783391267993352_37.5568581661630958,1040024604,능동시장입구,127.0790796723156575_37.5565593130955548,73.0,16.0,서행,127.0790796723156575_37.5565593130955548|127.0785620921129038_37.5567681874680659|127.0783391267993352_37.5568581661630958
2026-09-04T23:16:36.811991+09:00,군자역,군자역,POI021,KEY_2,1040037500,능동로35길,1040024703,군자동 498,127.0781418254503308_37.5568150974500838,1040024902,덕산빌딩,127.0766568065223794_37.5573831352894132,146.0,20.0,서행,127.0766568065223794_37.5573831352894132|127.0781418254503308_37.5568150974500838
2026-09-04T23:16:36.811991+09:00,군자역,군자역,POI021,KEY_2,1040037600,능동로35길,1040024901,덕산빌딩,127.0767107698767973_37.5574824468424708,1040024704,군자동 473-17,127.0782167648829954_37.5569063842871316,148.0,12.0,정체,127.0782167648829954_37.5569063842871316|127.0767107698767973_37.5574824468424708
2026-09-04T23:16:36.811991+09:00,대림역,대림역,POI023,KEY_3,1160007302,도림로,1160225400,구로동 772,126.8904010194307972_37.4889164164321826,1160010803,영서중,126.8914297539746627_37.4895657998392124,116.0,21.0,서행,126.8914297539746627_37.4895657998392124|126.8905514013743527_37.4890117568818582|126.8904010194307972_37.4889164164321826
2026-09-04T23:16:36.811991+09:00,대림역,대림역,POI023,KEY_3,1160007303,도림로,1160217800,구로동 141-3,126.8926285085608470_37.4903142599622470,1160011904,이화우성아파트앞교차로,126.8929152890763135_37.4904964352182120,32.0,21.0,서행,126.8929152890763135_37.4904964352182120|126.8926990710762226_37.4903582830098188|126.8926285085608470_37.4903142599622470
2026-09-04T23:16:36.811991+09:00,대림역,대림역,POI023,KEY_3,1160007403,도림로,1160010802,영서중,126.8915139708522020_37.4894810257779127,1160010102,두산아파트,126.8897945974124610_37.4883937786456869,194.0,20.0,서행,126.8897945974124610_37.4883937786456869|126.8904854992964744_37.4888318085023116|126.8906357495298636_37.4889270655138702|126.8915139708522020_37.4894810257779127
2026-09-04T23:16:36.811991+09:00,대림역,대림역,POI023,KEY_3,1160007404,도림로,1160011903,이화우성아파트앞교차로,126.8930001743539435_37.4904120838378958,1160010801,영서중,126.8916296698385224_37.4895537665370497,154.0,12.0,정체,126.8916296698385224_37.4895537665370497|126.8920912355731190_37.4898417393384875|126.8927121587774991_37.4902291295874335|126.8927833415098263_37.4902735396003237|126.8930001743539435_37.4904120838378958
2026-09-04T23:16:36.811991+09:00,대림역,대림역,POI023,KEY_3,1160007702,도림천로,1160048702,대림1교(서측),126.8961721623145422_37.4891819536651596,1160003101,대림역앞교차로,126.8951790541212432_37.4917967493715238,303.0,15.0,서행,126.8951790541212432_37.4917967493715238|126.8957256692603153_37.4903646601817258|126.8961721623145422_37.4891819536651596
2026-09-04T23:16:36.811991+09:00,대림역,대림역,POI023,KEY_3,1160008502,도림로,1160206800,구로동 125-90,126.8946481025246982_37.4916034087912990,1160003102,대림역앞교차로,126.8951368393779262_37.4919075571000988,55.0,23.0,서행,126.8951368393779262_37.4919075571000988|126.8946481025246982_37.4916034087912990
2026-09-04T23:16:36.811991+09:00,대림역,대림역,POI023,KEY_3,1160008600,도림로,1160290800,구로동 125-90,126.8937506634492394_37.4909077328717615,1160011902,이화우성아파트앞교차로,126.8931080201690804_37.4904833570122022,74.0,18.0,서행,126.8931080201690804_37.4904833570122022|126.8935149734357850_37.4907610379991567|126.8937506634492394_37.4909077328717615
2026-09-04T23:16:36.811991+09:00,대림역,대림역,POI023,KEY_3,1160009302,구로중앙로,1160172800,구로동 136-14,126.8912072361346901_37.4922624369484083,1160015703,동구로초등교,126.8907809041495369_37.4927508825685223,66.0,12.0,정체,126.8907809041495369_37.4927508825685223|126.8912072361346901_37.4922624369484083
2026-09-04T23:16:36.811991+09:00,대림역,대림역,POI023,KEY_3,1160009402,구로중앙로,1160144900,구로동 136-14,126.8926556031381807_37.4909335976771700,1160011901,이화우성아파트앞교차로,126.8930197619754523_37.4905654813101421,52.0,17.0,서행,126.8930197619754523_37.4905654813101421|126.8926556031381807_37.4909335976771700
2026-09-04T23:16:36.811991+09:00,대림역,대림역,POI023,KEY_3,1160009403,구로중앙로,1160019802,구로중학교,126.8894587513572816_37.4945975713785131,1160015701,동구로초등교,126.8908134604049849_37.4929068959194325,223.0,22.0,서행,126.8908134604049849_37.4929068959194325|126.8905437421596929_37.4932435113719080|126.8897691103862115_37.4942102517986697|126.8894587513572816_37.4945975713785131
2026-09-04T23:16:36.811991+09:00,대림역,대림역,POI023,KEY_3,1160011101,도림천로,1160003102,대림역앞교차로,126.8951368393779262_37.4919075571000988,1160019901,구로동 72-9,126.8941517206176570_37.4945810739956400,309.0,19.0,서행,126.8941517206176570_37.4945810739956400|126.8942482427834904_37.4942443675041019|126.8951368393779262_37.4919075571000988
2026-09-04T23:16:36.811991+09:00,대림역,대림역,POI023,KEY_3,1160011102,도림천로,1160019902,구로동 72-9,126.8941170254665423_37.4946987368495215,1160025000,거리공원오거리,126.8933050731660046_37.4971960011134016,286.0,38.0,원활,126.8933050731660046_37.4971960011134016|126.8935989143015917_37.4964083812532749|126.8941170254665423_37.4946987368495215
2026-09-04T23:16:36.811991+09:00,대림역,대림역,POI023,KEY_3,1160029200,구로동로26길,1160313400,최소노드배치점,126.8878639163611268_37.4900111269113552,1160010804,영서중,126.8915460186500610_37.4896388966145651,347.0,15.0,서행,126.8915460186500610_37.4896388966145651|126.8906364711194499_37.4900259563153426|126.8903834628753486_37.4901246344105701|126.8901833510556401_37.4901726389422265|126.8898305550219732_37.4902407681095795|126.8894918861310686_37.4902987848196290|126.8892782124872980_37.4903059874365425|126.8889939662046089_37.4903057207039581|126.8887661176781592_37.4902563195181102|126.8882902923041769_37.4901041382504374|126.8880556872973671_37.4900207883635872|126.8879413777153218_37.4900081145503350|126.8878639163611268_37.4900111269113552
2026-09-04T23:16:36.811991+09:00,대림역,대림역,POI023,KEY_3,1160031000,구로동로28길,1160143300,구로동 136-71,126.8903851632108370_37.4926410535080947,1160015704,동구로초등교,126.8907052567209206_37.4928410150700842,36.0,12.0,정체,126.8907052567209206_37.4928410150700842|126.8903851632108370_37.4926410535080947
2026-09-04T23:16:36.811991+09:00,대림역,대림역,POI023,KEY_3,1160034000,도림로,1160014601,대림역,126.8956997149267778_37.4921193661557481,1160003101,대림역앞교차로,126.8951790541212432_37.4917967493715238,58.0,20.0,서행,126.8951790541212432_37.4917967493715238|126.8956997149267778_37.4921193661557481
2026-09-04T23:16:36.811991+09:00,대림역,대림역,POI023,KEY_3,1160034100,도림로,1160003102,대림역앞교차로,126.8951368393779262_37.4919075571000988,1160014602,대림역,126.8956552318730076_37.4922287682018478,58.0,10.0,정체,126.8956552318730076_37.4922287682018478|126.8951368393779262_37.4919075571000988
2026-09-04T23:16:36.811991+09:00,대림역,대림역,POI023,KEY_3,1160041100,구로중앙로14길,1160146700,구로동 130-92,126.8916337032718218_37.4932605226136815,1160015702,동구로초등교,126.8908887156223528_37.4928167280073694,82.0,9.0,정체,126.8908887156223528_37.4928167280073694|126.8916337032718218_37.4932605226136815
2026-09-04T23:16:36.811991+09:00,대림역,대림역,POI023,KEY_3,1180006601,대림로,1180318000,대림동 697-2,126.9003294017936412_37.4942557156031810,1180011603,우성아파트앞교차로,126.8998903883358906_37.4947946768444780,71.0,14.0,정체,126.8998903883358906_37.4947946768444780|126.9003294017936412_37.4942557156031810
2026-09-04T23:16:36.811991+09:00,대림역,대림역,POI023,KEY_3,1180007300,도림로,1180310100,대림동 697-2,126.9007488523201772_37.4953116502085564,1180011602,우성아파트앞교차로,126.8999977976841080_37.4948614162264064,83.0,27.0,원활,126.8999977976841080_37.4948614162264064|126.9005378556376087_37.4951851652660082|126.9007488523201772_37.4953116502085564
2026-09-04T23:16:36.811991+09:00,대림역,대림역,POI023,KEY_3,1180007702,대림로,1180315700,대림동 697,126.8994934939156849_37.4960041756513363,1180011601,우성아파트앞교차로,126.8999404585053128_37.4949623481974044,122.0,37.0,원활,126.8999404585053128_37.4949623481974044|126.8997136385791009_37.4954929565158608|126.8996662727585658_37.4956037601360919|126.8994934939156849_37.4960041756513363
2026-09-04T23:16:36.811991+09:00,대림역,대림역,POI023,KEY_3,1180042300,도림천로,1180322500,최소노드배치점,126.8947276411259679_37.4947538215554133,1160014602,대림역,126.8956552318730076_37.4922287682018478,292.0,14.0,정체,126.8956552318730076_37.4922287682018478|126.8953568311614504_37.4929395634666349|126.8948498948411014_37.4944052224449678|126.8947276411259679_37.4947538215554133
2026-09-04T23:16:36.811991+09:00,대림역,대림역,POI023,KEY_3,1180130000,도림천로,1160014601,대림역,126.8956997149267778_37.4921193661557481,1160048701,대림1교(서측),126.8967107357510145_37.4893263010416717,323.0,11.0,정체,126.8967107357510145_37.4893263010416717|126.8965318687534420_37.4897044279033409|126.8959009581949147_37.4916080288853237|126.8956997149267778_37.4921193661557481
2026-09-04T23:16:36.811991+09:00,대림역,대림역,POI023,KEY_3,1180130100,도림로,1180293600,대림동 1053-10,126.8958992093115086_37.4922466200951519,1160014601,대림역,126.8956997149267778_37.4921193661557481,23.0,12.0,정체,126.8956997149267778_37.4921193661557481|126.8958992093115086_37.4922466200951519
2026-09-04T23:16:36.811991+09:00,대림역,대림역,POI023,KEY_3,1180130200,도림로,1180317000,대림동 697-2,126.8985615880100823_37.4940832619939926,1180011604,우성아파트앞교차로,126.8998268728202277_37.4948927120842370,143.0,12.0,정체,126.8998268728202277_37.4948927120842370|126.8988460866591907_37.4942647866943091|126.8985615880100823_37.4940832619939926
2026-09-04T23:16:36.811991+09:00,동대문역,동대문역,POI024,KEY_4,1000001901,종로,1000235800,종로5가 37-8,127.0063580211496799_37.5711504610907880,1000011404,종로6가,127.0066394054990440_37.5711562818851732,25.0,20.0,서행,127.0066394054990440_37.5711562818851732|127.0063580211496799_37.5711504610907880
2026-09-04T23:16:36.811991+09:00,동대문역,동대문역,POI024,KEY_4,1000001902,종로,1000011401,종로6가,127.0067751976320238_37.5711591343297826,1000011704,흥인지문사거리,127.0089498572394433_37.5713693193848641,196.0,26.0,원활,127.0089498572394433_37.5713693193848641|127.0087391849973528_37.5712937741781943|127.0086199123563517_37.5712544202680050|127.0084602554355655_37.5712135860998870|127.0082631629970535_37.5711908652469759|127.0080635936516842_37.5711866101314982|127.0077077532635457_37.5711790230337357|127.0067751976320238_37.5711591343297826
2026-09-04T23:16:36.811991+09:00,동대문역,동대문역,POI024,KEY_4,1000002002,종로,1000113100,종로6가 272-1,127.0077113909216706_37.5710709430025176,1000011402,종로6가,127.0067780115006570_37.5710510367424106,82.0,31.0,원활,127.0067780115006570_37.5710510367424106|127.0077113909216706_37.5710709430025176
2026-09-04T23:16:36.811991+09:00,동대문역,동대문역,POI024,KEY_4,1000002003,종로,1000011703,흥인지문사거리,127.0090256024343631_37.5712778950010033,1000011300,동대문역10번출구,127.0080672314708750_37.5710785300975587,89.0,14.0,정체,127.0080672314708750_37.5710785300975587|127.0082747571647133_37.5710829540366547|127.0084909821378574_37.5711078809344414|127.0086667767084236_37.5711528422383196|127.0087931039338400_37.5711945228473638|127.0090256024343631_37.5712778950010033
2026-09-04T23:16:36.811991+09:00,동대문역,동대문역,POI024,KEY_4,1000002201,종로,1000176600,창신동 442-1,127.0108777515568477_37.5716621493242968,1000011702,흥인지문사거리,127.0091495968440398_37.5713227254486739,158.0,16.0,서행,127.0091495968440398_37.5713227254486739|127.0092723977128770_37.5713674394156811|127.0094846006979310_37.5714183224799285|127.0097878732437096_37.5714751424867188|127.0103298320711360_37.5715766797035471|127.0103586021919568_37.5715820697737044|127.0108233682804553_37.5716512389232733|127.0108777515568477_37.5716621493242968
2026-09-04T23:16:36.811991+09:00,동대문역,동대문역,POI024,KEY_4,1000005301,청계천로,1010035001,청계5가,127.0020881246934152_37.5698075774404145,1000031402,버들다리(북측),127.0066778573984863_37.5698145407186601,405.0,16.0,서행,127.0066778573984863_37.5698145407186601|127.0020881246934152_37.5698075774404145
2026-09-04T23:16:36.811991+09:00,동대문역,동대문역,POI024,KEY_4,1000005302,청계천로,1000031401,버들다리(북측),127.0068104529230624_37.5697993350473567,1010035102,청계6가사거리,127.0096210652811237_37.5699440857354006,249.0,15.0,서행,127.0096210652811237_37.5699440857354006|127.0093543827214120_37.5699514872757661|127.0068104529230624_37.5697993350473567
2026-09-04T23:16:36.811991+09:00,동대문역,동대문역,POI024,KEY_4,1000005401,청계천로,1010034902,버들다리(남측),127.0065602496820105_37.5695317839187268,1010034601,청계5가교차로,127.0021191180861280_37.5694902995239062,392.0,8.0,정체,127.0021191180861280_37.5694902995239062|127.0024509740674006_37.5695131963120659|127.0065602496820105_37.5695317839187268
2026-09-04T23:16:36.811991+09:00,동대문역,동대문역,POI024,KEY_4,1000005402,청계천로,1010034702,청계6가사거리,127.0096736759349909_37.5696339498216076,1010034901,버들다리(남측),127.0067045342350838_37.5695353837745003,263.0,15.0,서행,127.0067045342350838_37.5695353837745003|127.0093753105708458_37.5696558834258525|127.0096736759349909_37.5696339498216076
2026-09-04T23:16:36.811991+09:00,동대문역,동대문역,POI024,KEY_4,1000005700,청계천로,1000256400,최소노드배치점,127.0127816976351198_37.5699685404101658,1010035202,청계7가사거리,127.0158040936899226_37.5700110354399825,267.0,14.0,정체,127.0158040936899226_37.5700110354399825|127.0155094115753371_37.5699917344054910|127.0127816976351198_37.5699685404101658
2026-09-04T23:16:36.811991+09:00,동대문역,동대문역,POI024,KEY_4,1000005800,청계천로,1010005302,신평화시장,127.0121349816149205_37.5696419493387239,1010034701,청계6가사거리,127.0098099727011487_37.5696292980751281,205.0,30.0,원활,127.0098099727011487_37.5696292980751281|127.0121349816149205_37.5696419493387239
2026-09-04T23:16:36.811991+09:00,동대문역,동대문역,POI024,KEY_4,1000006101,율곡로,1010035102,청계6가사거리,127.0096210652811237_37.5699440857354006,1000009900,흥인지문,127.0093873462230221_37.5706631809010148,83.0,7.0,정체,127.0093873462230221_37.5706631809010148|127.0094292652047443_37.5705741772424844|127.0094975291804218_37.5704036160553798|127.0095564087739035_37.5702141995526446|127.0096210652811237_37.5699440857354006
2026-09-04T23:16:36.811991+09:00,동대문역,동대문역,POI024,KEY_4,1000006102,율곡로,1000009900,흥인지문,127.0093873462230221_37.5706631809010148,1000011703,흥인지문사거리,127.0090256024343631_37.5712778950010033,75.0,37.0,원활,127.0090256024343631_37.5712778950010033|127.0091075737013711_37.5711579258072774|127.0092355138361029_37.5709579814170240|127.0093370098156385_37.5707700537480775|127.0093873462230221_37.5706631809010148
2026-09-04T23:16:36.811991+09:00,동대문역,동대문역,POI024,KEY_4,1000006200,율곡로,1000011702,흥인지문사거리,127.0091495968440398_37.5713227254486739,1010035101,청계6가사거리,127.0097583244985060_37.5699427587399839,163.0,17.0,서행,127.0097583244985060_37.5699427587399839|127.0096891857815962_37.5702372118649492|127.0096283139498468_37.5704330409796157|127.0095576557767316_37.5706095859452489|127.0095145373694692_37.5707011341562094|127.0094630728513749_37.5708104028937200|127.0093585611355422_37.5710039143764831|127.0092277816811901_37.5712082974230555|127.0091495968440398_37.5713227254486739
2026-09-04T23:16:36.811991+09:00,동대문역,동대문역,POI024,KEY_4,1000009501,율곡로,1000236300,종로6가 15-11,127.0080997168361137_37.5722694888985629,1000014003,한양도성박물관,127.0074741969655747_37.5729318015656233,92.0,15.0,서행,127.0074741969655747_37.5729318015656233|127.0080997168361137_37.5722694888985629
2026-09-04T23:16:36.811991+09:00,동대문역,동대문역,POI024,KEY_4,1000009503,율곡로,1000014004,한양도성박물관,127.0073825495362314_37.5730303687179017,1000014900,종로6가 28-1,127.0069550317644911_37.5734941425063624,64.0,15.0,서행,127.0069550317644911_37.5734941425063624|127.0071984295928900_37.5732342235394938|127.0072808550544181_37.5731446580486832|127.0073825495362314_37.5730303687179017
2026-09-04T23:16:36.811991+09:00,동대문역,동대문역,POI024,KEY_4,1000009601,율곡로,1000236200,종로6가 15-11,127.0082082977746438_37.5723344550567262,1000011701,흥인지문사거리,127.0090766087889449_37.5714150445714523,128.0,28.0,원활,127.0090766087889449_37.5714150445714523|127.0082082977746438_37.5723344550567262
2026-09-04T23:16:36.811991+09:00,동대문역,동대문역,POI024,KEY_4,1000009602,율곡로,1000014301,대광빌딩,127.0073917099937546_37.5732071461993300,1000014001,한양도성박물관,127.0074934043910844_37.5730928567742879,16.0,32.0,원활,127.0074934043910844_37.5730928567742879|127.0073917099937546_37.5732071461993300
2026-09-04T23:16:36.811991+09:00,동대문역,동대문역,POI024,KEY_4,1000024200,종로40길,1000056800,종로6가 94-1,127.0066606069363075_37.5704117265212076,1000011403,종로6가,127.0066422217709032_37.5710481835517882,71.0,6.0,정체,127.0066422217709032_37.5710481835517882|127.0066606069363075_37.5704117265212076
2026-09-04T23:16:36.811991+09:00,동대문역,동대문역,POI024,KEY_4,1000025300,종로,1000009900,흥인지문,127.0093873462230221_37.5706631809010148,1000011300,동대문역10번출구,127.0080672314708750_37.5710785300975587,130.0,29.0,원활,127.0080672314708750_37.5710785300975587|127.0085333891818209_37.5710486383400308|127.0087654958763324_37.5709979628760777|127.0089601650943791_37.5709413315209986|127.0091211384305581_37.5708727822850008|127.0093873462230221_37.5706631809010148
2026-09-04T23:16:36.811991+09:00,동대문역,동대문역,POI024,KEY_4,1000026100,종로41길,1000011404,종로6가,127.0066394054990440_37.5711562818851732,1000012303,코리아빌딩,127.0066248908967168_37.5717818376925123,69.0,11.0,정체,127.0066248908967168_37.5717818376925123|127.0066394054990440_37.5711562818851732
2026-09-04T23:16:36.811991+09:00,동대문역,동대문역,POI024,KEY_4,1000026200,종로41길,1000012302,코리아빌딩,127.0067607060210548_37.5717838340609731,1000011401,종로6가,127.0067751976320238_37.5711591343297826,69.0,19.0,서행,127.0067751976320238_37.5711591343297826|127.0067607060210548_37.5717838340609731
2026-09-04T23:16:36.811991+09:00,동대문역,동대문역,POI024,KEY_4,1000027300,율곡로30길,1000014003,한양도성박물관,127.0074741969655747_37.5729318015656233,1000012302,코리아빌딩,127.0067607060210548_37.5717838340609731,144.0,12.0,정체,127.0067607060210548_37.5717838340609731|127.0068418074915257_37.5718254252741346|127.0069006522041235_37.5718722555762383|127.0069736400099885_37.5719679324644389|127.0071577154982805_37.5722899073601511|127.0074307351738696_37.5728587751446241|127.0074741969655747_37.5729318015656233
2026-09-04T23:16:36.811991+09:00,동대문역,동대문역,POI024,KEY_4,1000029300,종로41길,1000015002,더피알,127.0060737018723955_37.5735253769162298,1000012301,코리아빌딩,127.0067500526035360_37.5719069888806700,190.0,19.0,서행,127.0067500526035360_37.5719069888806700|127.0067329640749989_37.5720642069515591|127.0067190865195954_37.5721336699591646|127.0064616068015084_37.5727313017324036|127.0064000674097144_37.5728572794460263|127.0060737018723955_37.5735253769162298
2026-09-04T23:16:36.811991+09:00,동대문역,동대문역,POI024,KEY_4,1000036300,낙산성곽서길,1000255800,최소노드배치점,127.0083988211466419_37.5759719407725825,1000014301,대광빌딩,127.0073917099937546_37.5732071461993300,415.0,17.0,서행,127.0073917099937546_37.5732071461993300|127.0075135881165664_37.5733414617230110|127.0075502035946755_37.5733605830037476|127.0076746407379034_37.5733824787757484|127.0077199575610223_37.5733904526197833|127.0080292967237767_37.5734072184215080|127.0081100191316636_37.5734080447108099|127.0086041930911591_37.5734131019619682|127.0086728628516113_37.5734525677212545|127.0086946620129993_37.5735120371860205|127.0086965588550783_37.5739369119779880|127.0086747547327093_37.5740602147212002|127.0086213070120778_37.5741027627096216|127.0085844357751910_37.5741884788321414|127.0085802973890878_37.5742401520841440|127.0087569235764420_37.5748079270685480|127.0087707947809292_37.5749182231035519|127.0087507649042209_37.5750362783156078|127.0086711883484725_37.5752076218318152|127.0086514625701710_37.5752947296362407|127.0085965127586718_37.5754150353500620|127.0085404101098447_37.5754836222287665|127.0084277005735061_37.5755991738724262|127.0084124632425358_37.5756386006790564|127.0083988211466419_37.5759719407725825
2026-09-04T23:16:36.811991+09:00,동대문역,동대문역,POI024,KEY_4,1010017304,장충단로,1010033604,흥인시장,127.0096221501300420_37.5689990735866033,1010034702,청계6가사거리,127.0096736759349909_37.5696339498216076,71.0,35.0,원활,127.0096736759349909_37.5696339498216076|127.0096864325971779_37.5694310293012208|127.0096700878060432_37.5692510036280254|127.0096371243204487_37.5690562417204532|127.0096221501300420_37.5689990735866033
2026-09-04T23:16:36.811991+09:00,동대문역,동대문역,POI024,KEY_4,1010017305,율곡로,1010034702,청계6가사거리,127.0096736759349909_37.5696339498216076,1010035102,청계6가사거리,127.0096210652811237_37.5699440857354006,35.0,25.0,원활,127.0096210652811237_37.5699440857354006|127.0096736759349909_37.5696339498216076
2026-09-04T23:16:36.811991+09:00,동대문역,동대문역,POI024,KEY_4,1010017405,장충단로,1010034701,청계6가사거리,127.0098099727011487_37.5696292980751281,1010033601,흥인시장,127.0097254442646317_37.5688636970958783,86.0,13.0,정체,127.0097254442646317_37.5688636970958783|127.0097710903643389_37.5690379675287076|127.0098052651739948_37.5692398786983972|127.0098225114876840_37.5694298296446618|127.0098099727011487_37.5696292980751281
2026-09-04T23:16:36.811991+09:00,동대문역,동대문역,POI024,KEY_4,1010017406,율곡로,1010035101,청계6가사거리,127.0097583244985060_37.5699427587399839,1010034701,청계6가사거리,127.0098099727011487_37.5696292980751281,35.0,36.0,원활,127.0098099727011487_37.5696292980751281|127.0097583244985060_37.5699427587399839
2026-09-04T23:16:36.811991+09:00,동대문역,동대문역,POI024,KEY_4,1010018901,마장로1길,1010152100,신당동 213-11,127.0121553033908839_37.5690336687148729,1010005302,신평화시장,127.0121349816149205_37.5696419493387239,68.0,19.0,서행,127.0121349816149205_37.5696419493387239|127.0121421248701665_37.5691843025149339|127.0121553033908839_37.5690336687148729
2026-09-04T23:16:36.811991+09:00,동대문역,동대문역,POI024,KEY_4,1010019002,마장로1길,1010005301,신평화시장,127.0122708151406528_37.5696426709985616,1010031807,신당동222-8,127.0123898303853878_37.5685000458484097,127.0,5.0,정체,127.0123898303853878_37.5685000458484097|127.0123418218841209_37.5687652999462713|127.0122919230176990_37.5690284264960468|127.0122908073151677_37.5690411795721175|127.0122778985721510_37.5691887330836352|127.0122708151406528_37.5696426709985616
2026-09-04T23:16:36.811991+09:00,동대문역,동대문역,POI024,KEY_4,1010019600,청계천로,1010034802,청계7가사거리,127.0158306639446124_37.5696611075855529,1010005301,신평화시장,127.0122708151406528_37.5696426709985616,314.0,17.3,서행,127.0122708151406528_37.5696426709985616|127.0158306639446124_37.5696611075855529
2026-09-04T23:16:36.811991+09:00,뚝섬역,뚝섬역,POI025,KEY_1,1030007302,왕십리로,1030081800,성수동1가 661-10,127.0446704988484328_37.5460928940030882,1030017103,뚝섬역앞교차로,127.0444260436081123_37.5480672996080145,220.0,28.0,원활,127.0444260436081123_37.5480672996080145|127.0444273942489701_37.5479194014410780|127.0444370021755702_37.5477219511594811|127.0444656303823763_37.5475252363644927|127.0445177557166971_37.5471670616016340|127.0446012991971116_37.5465929925257882|127.0446138016338580_37.5465070812594277|127.0446704988484328_37.5460928940030882
2026-09-04T23:16:36.811991+09:00,뚝섬역,뚝섬역,POI025,KEY_1,1030009102,아차산로,1030016003,뚝섬역(서울2호선),127.0466946591980104_37.5474024880960968,1030017102,뚝섬역앞교차로,127.0445619470601031_37.5480557481142156,202.0,32.0,원활,127.0445619470601031_37.5480557481142156|127.0446249032181640_37.5480437882236018|127.0458005883487971_37.5477079881317337|127.0466946591980104_37.5474024880960968
2026-09-04T23:16:36.811991+09:00,뚝섬역,뚝섬역,POI025,KEY_1,1030009103,아차산로,1030015603,뚝섬미술관,127.0485988749721571_37.5467876679392063,1030016002,뚝섬역(서울2호선),127.0468607627340276_37.5473483609669358,166.0,26.0,원활,127.0468607627340276_37.5473483609669358|127.0485988749721571_37.5467876679392063
2026-09-04T23:16:36.811991+09:00,뚝섬역,뚝섬역,POI025,KEY_1,1030009104,아차산로,1030002603,경동초등교입구교차로,127.0502646094481776_37.5462577464320475,1030015602,뚝섬미술관,127.0487523357495689_37.5467383237563368,144.0,13.0,정체,127.0487523357495689_37.5467383237563368|127.0502646094481776_37.5462577464320475
2026-09-04T23:16:36.811991+09:00,뚝섬역,뚝섬역,POI025,KEY_1,1030009201,아차산로,1030017101,뚝섬역앞교차로,127.0445559830420876_37.5481680361730241,1030016300,뚝섬역1번출구,127.0458502973536099_37.5478085500334871,121.0,8.0,정체,127.0458502973536099_37.5478085500334871|127.0446637107324506_37.5481475713041846|127.0445559830420876_37.5481680361730241
2026-09-04T23:16:36.811991+09:00,뚝섬역,뚝섬역,POI025,KEY_1,1030009203,아차산로,1030016300,뚝섬역1번출구,127.0458502973536099_37.5478085500334871,1030015604,뚝섬미술관,127.0486498669871906_37.5468878757781184,268.0,34.0,원활,127.0486498669871906_37.5468878757781184|127.0469117528058831_37.5474485695482230|127.0467481960743328_37.5475018476119402|127.0458502973536099_37.5478085500334871
2026-09-04T23:16:36.811991+09:00,뚝섬역,뚝섬역,POI025,KEY_1,1030009204,아차산로,1030015601,뚝섬미술관,127.0488026707037932_37.5468387411565701,1030002604,경동초등교입구교차로,127.0503061250636279_37.5463609661244959,143.0,31.0,원활,127.0503061250636279_37.5463609661244959|127.0488026707037932_37.5468387411565701
2026-09-04T23:16:36.811991+09:00,뚝섬역,뚝섬역,POI025,KEY_1,1030009300,서울숲길,1030076300,성수동1가 676-8,127.0399213370954214_37.5479548333834785,1030018200,응봉지하차도,127.0374624651740305_37.5484417432670767,239.0,17.0,서행,127.0374624651740305_37.5484417432670767|127.0376197668948919_37.5485990148293283|127.0377691938879821_37.5486030666717809|127.0379335176127427_37.5485712655074408|127.0381567590147682_37.5484853004769974|127.0383340384476725_37.5484272268524180|127.0392064844063640_37.5481559010921799|127.0393057439895301_37.5481250313893327|127.0399213370954214_37.5479548333834785
2026-09-04T23:16:36.811991+09:00,뚝섬역,뚝섬역,POI025,KEY_1,1030009400,서울숲길,1030141200,성수동1가 694-129,127.0438398115211669_37.5481503800310534,1030017104,뚝섬역앞교차로,127.0444185151597907_37.5481752530340955,51.0,27.0,원활,127.0444185151597907_37.5481752530340955|127.0439197015720794_37.5481537474168334|127.0438398115211669_37.5481503800310534
2026-09-04T23:16:36.811991+09:00,뚝섬역,뚝섬역,POI025,KEY_1,1030011001,왕십리로,1030019000,뚝섬역,127.0444131204166638_37.5492628137788813,1030017101,뚝섬역앞교차로,127.0445559830420876_37.5481680361730241,122.0,18.0,서행,127.0445559830420876_37.5481680361730241|127.0445241661342237_37.5484118566767293|127.0444131204166638_37.5492628137788813
2026-09-04T23:16:36.811991+09:00,뚝섬역,뚝섬역,POI025,KEY_1,1030012103,광나루로,1030152300,성수동1가 13-217,127.0483259630721875_37.5515909820218710,1030020602,신양빌딩,127.0473778362250385_37.5516125824966167,84.0,26.0,원활,127.0473778362250385_37.5516125824966167|127.0475011922233080_37.5516193055715917|127.0479181770018613_37.5516134788176288|127.0483099223790902_37.5515925250523281|127.0483259630721875_37.5515909820218710
2026-09-04T23:16:36.811991+09:00,뚝섬역,뚝섬역,POI025,KEY_1,1030012202,광나루로,1030020401,성동교앞,127.0446705815333104_37.5515329876251940,1030020604,신양빌딩,127.0472256675834473_37.5517107262809589,227.0,26.0,원활,127.0472256675834473_37.5517107262809589|127.0468732650669352_37.5516800366620487|127.0459097739890382_37.5515961237774434|127.0448942561788641_37.5515076710365960|127.0446705815333104_37.5515329876251940
2026-09-04T23:16:36.811991+09:00,뚝섬역,뚝섬역,POI025,KEY_1,1030012203,광나루로,1030020601,신양빌딩,127.0473685607118739_37.5517204495909027,1030019904,상원삼거리,127.0521090871754524_37.5509242440641344,430.0,44.0,원활,127.0521090871754524_37.5509242440641344|127.0503670484279297_37.5513158045824582|127.0495149654191778_37.5515073176291594|127.0490669861335533_37.5516014778440379|127.0486456428778013_37.5516691360422712|127.0483422525792889_37.5516983211797850|127.0483226281881173_37.5517002089533136|127.0479239238059392_37.5517215340934527|127.0474977402356700_37.5517274907081742|127.0473685607118739_37.5517204495909027
2026-09-04T23:16:36.811991+09:00,뚝섬역,뚝섬역,POI025,KEY_1,1030031200,상원1길,1030091200,성수동1가 9-9,127.0475389473704695_37.5463909592910170,1030016003,뚝섬역(서울2호선),127.0466946591980104_37.5474024880960968,136.0,6.0,정체,127.0466946591980104_37.5474024880960968|127.0467667964252172_37.5472315847214801|127.0468079071165732_37.5471725962568641|127.0475389473704695_37.5463909592910170
2026-09-04T23:16:36.811991+09:00,뚝섬역,뚝섬역,POI025,KEY_1,1030034800,왕십리로,1030019000,뚝섬역,127.0444131204166638_37.5492628137788813,1030016300,뚝섬역1번출구,127.0458502973536099_37.5478085500334871,215.0,24.0,서행,127.0458502973536099_37.5478085500334871|127.0453006661870035_37.5480594839891566|127.0450986461055578_37.5481954436356062|127.0449370469582107_37.5483313875576457|127.0447799493502288_37.5484852089655234|127.0446587877601274_37.5486533190267195|127.0444131204166638_37.5492628137788813
2026-09-04T23:16:36.811991+09:00,뚝섬역,뚝섬역,POI025,KEY_1,1030035100,상원길,1030061700,성수동1가 706,127.0478692797114491_37.5496458841686547,1030020603,신양빌딩,127.0472404335068717_37.5516032483773969,224.0,13.0,정체,127.0472404335068717_37.5516032483773969|127.0473488387670642_37.5512786326791073|127.0476547182317546_37.5503654406795135|127.0476825679149186_37.5502760059199474|127.0477512443017361_37.5500554618497731|127.0478692797114491_37.5496458841686547
2026-09-04T23:16:36.811991+09:00,뚝섬역,뚝섬역,POI025,KEY_1,1030035200,상원길,1030106300,성수동1가 13-219,127.0486061067635859_37.5475435639625346,1030015601,뚝섬미술관,127.0488026707037932_37.5468387411565701,80.0,11.0,정체,127.0488026707037932_37.5468387411565701|127.0486061067635859_37.5475435639625346
2026-09-04T23:16:36.811991+09:00,미아사거리역,미아사거리역,POI026,KEY_2,1080001403,도봉로16길,1080226700,미아동 860-128,127.0303830050474403_37.6167783790601220,1080004601,송중초교앞교차로,127.0305637850283773_37.6165279116074700,32.0,17.0,서행,127.0305637850283773_37.6165279116074700|127.0303830050474403_37.6167783790601220
2026-09-04T23:16:36.811991+09:00,미아사거리역,미아사거리역,POI026,KEY_2,1070013704,종암로,1070026204,서울북공업고등학교,127.0308707064488374_37.6073065362985730,1070027503,숭곡중학교,127.0305563501388662_37.6083287723153674,117.0,15.0,서행,127.0305563501388662_37.6083287723153674|127.0308707064488374_37.6073065362985730
2026-09-04T23:16:36.811991+09:00,미아사거리역,미아사거리역,POI026,KEY_2,1070013705,종암로,1070027504,숭곡중학교,127.0305221673298632_37.6084359781976971,1070028300,하월곡동200,127.0304743529744798_37.6085781403316659,16.0,30.0,원활,127.0304743529744798_37.6085781403316659|127.0305221673298632_37.6084359781976971
2026-09-04T23:16:36.811991+09:00,미아사거리역,미아사거리역,POI026,KEY_2,1070013706,종암로,1070028300,하월곡동200,127.0304743529744798_37.6085781403316659,1070028903,미아사거리,127.0303294634808964_37.6090089272412911,49.0,27.0,원활,127.0303294634808964_37.6090089272412911|127.0304743529744798_37.6085781403316659
2026-09-04T23:16:36.811991+09:00,미아사거리역,미아사거리역,POI026,KEY_2,1070013803,종암로,1070027502,숭곡중학교,127.0306883607368462_37.6083544657187403,1070025202,하월곡동 88-1,127.0313101977619255_37.6063375624355487,230.0,30.0,원활,127.0313101977619255_37.6063375624355487|127.0310350628994769_37.6072273342227206|127.0310027155827157_37.6073322294012442|127.0306883607368462_37.6083544657187403
2026-09-04T23:16:36.811991+09:00,미아사거리역,미아사거리역,POI026,KEY_2,1070013805,종암로,1070028500,하월곡동200,127.0305489509506458_37.6087746349567809,1070027501,숭곡중학교,127.0306534531509470_37.6084639243302306,36.0,37.0,원활,127.0306534531509470_37.6084639243302306|127.0305489509506458_37.6087746349567809
2026-09-04T23:16:36.811991+09:00,미아사거리역,미아사거리역,POI026,KEY_2,1070013806,종암로,1070028902,미아사거리,127.0304455262968020_37.6090821381163778,1070028500,하월곡동200,127.0305489509506458_37.6087746349567809,35.0,37.0,원활,127.0305489509506458_37.6087746349567809|127.0304455262968020_37.6090821381163778
2026-09-04T23:16:36.811991+09:00,미아사거리역,미아사거리역,POI026,KEY_2,1070013903,동소문로,1070114200,길음동 515,127.0290378256414812_37.6077940245615210,1070026504,현대백화점주차장,127.0291689241680047_37.6079489887094027,21.0,34.0,원활,127.0291689241680047_37.6079489887094027|127.0290378256414812_37.6077940245615210
2026-09-04T23:16:36.811991+09:00,미아사거리역,미아사거리역,POI026,KEY_2,1070013904,동소문로,1070062500,길음동 20-5,127.0295749308021271_37.6084207615687873,1070028600,현대백화점(미아점),127.0297518241092689_37.6086261384038210,28.0,18.0,서행,127.0297518241092689_37.6086261384038210|127.0295749308021271_37.6084207615687873
2026-09-04T23:16:36.811991+09:00,미아사거리역,미아사거리역,POI026,KEY_2,1070013905,동소문로,1070028600,현대백화점(미아점),127.0297518241092689_37.6086261384038210,1070028904,미아사거리,127.0302878192895690_37.6091228549225036,73.0,18.0,서행,127.0302878192895690_37.6091228549225036|127.0301617188182917_37.6090370729491070|127.0300039846915610_37.6088959938862715|127.0298670058183461_37.6087598666022558|127.0297518241092689_37.6086261384038210
2026-09-04T23:16:36.811991+09:00,미아사거리역,미아사거리역,POI026,KEY_2,1070014003,동소문로,1070026503,현대백화점주차장,127.0292816696526046_37.6078886204303515,1070026301,성북우체국,127.0288234793379729_37.6073470158956766,72.0,26.0,원활,127.0288234793379729_37.6073470158956766|127.0291505712628464_37.6077336563754585|127.0292816696526046_37.6078886204303515
2026-09-04T23:16:36.811991+09:00,미아사거리역,미아사거리역,POI026,KEY_2,1070014004,동소문로,1070028200,길음동860-64,127.0298639346089686_37.6085650248024947,1070026502,현대백화점주차장,127.0293804965659064_37.6080037411137909,76.0,12.0,정체,127.0293804965659064_37.6080037411137909|127.0296870407270546_37.6083596477856190|127.0298639346089686_37.6085650248024947
2026-09-04T23:16:36.811991+09:00,미아사거리역,미아사거리역,POI026,KEY_2,1070014005,동소문로,1070028903,미아사거리,127.0303294634808964_37.6090089272412911,1070028200,길음동860-64,127.0298639346089686_37.6085650248024947,64.0,14.0,정체,127.0298639346089686_37.6085650248024947|127.0299762599600797_37.6086954361752319|127.0301078764450438_37.6088262344485784|127.0302570976003977_37.6089596994934823|127.0303294634808964_37.6090089272412911
2026-09-04T23:16:36.811991+09:00,미아사거리역,미아사거리역,POI026,KEY_2,1070014101,오패산로3길,1070048700,하월곡동 84-143,127.0337041733590837_37.6077745143263655,1070030803,하월곡동 96-8,127.0330683656703599_37.6104633882483199,322.0,21.0,서행,127.0330683656703599_37.6104633882483199|127.0329212205034679_37.6102373577853868|127.0328042830951176_37.6100253407290595|127.0327640203279884_37.6099369738772893|127.0327370781031391_37.6098315232622014|127.0327270047354489_37.6097453049848482|127.0327429692750201_37.6096497938881669|127.0328592237434719_37.6093126293853999|127.0329173354287491_37.6091520595868971|127.0329552787660958_37.6090657799486010|127.0330423866319478_37.6088677039173263|127.0331080410727509_37.6087369942952847|127.0331558650049857_37.6086505750789755|127.0335967715632393_37.6079455558291329|127.0337041733590837_37.6077745143263655
2026-09-04T23:16:36.811991+09:00,미아사거리역,미아사거리역,POI026,KEY_2,1080001600,오패산로,1080213700,미아동 1317-4,127.0350445501677967_37.6118498616365429,1070032701,방천시장입구교차로,127.0351361942052364_37.6116746238631379,21.0,14.3,정체,127.0351361942052364_37.6116746238631379|127.0350445501677967_37.6118498616365429
2026-09-04T23:16:36.811991+09:00,미아사거리역,미아사거리역,POI026,KEY_2,1070014905,오패산로,1070147900,하월곡동 77-33,127.0357718046089133_37.6094235200250608,1070032703,방천시장입구교차로,127.0350606765864967_37.6115056996043293,239.0,17.0,서행,127.0350606765864967_37.6115056996043293|127.0351084175312337_37.6113406859324186|127.0353299201961335_37.6107107624071020|127.0353652542247431_37.6106102761977397|127.0355468471979208_37.6100938406920875|127.0357718046089133_37.6094235200250608
2026-09-04T23:16:36.811991+09:00,미아사거리역,미아사거리역,POI026,KEY_2,1070016501,월계로,1070028901,미아사거리,127.0304026912356932_37.6091892319313885,1070029100,미아동13-23,127.0307970607158552_37.6093968261890694,42.0,15.0,서행,127.0307970607158552_37.6093968261890694|127.0307167840027063_37.6093545456603380|127.0304026912356932_37.6091892319313885
2026-09-04T23:16:36.811991+09:00,미아사거리역,미아사거리역,POI026,KEY_2,1070016502,월계로,1080220000,미아동 13-23,127.0324022337639462_37.6102422295950660,1070030804,미아동 46-41,127.0331982309171366_37.6106614455999946,84.0,22.0,서행,127.0331982309171366_37.6106614455999946|127.0324022337639462_37.6102422295950660
2026-09-04T23:16:36.811991+09:00,미아사거리역,미아사거리역,POI026,KEY_2,1070016601,월계로,1080004000,미아사거리,127.0308720855030344_37.6093066743138422,1070028902,미아사거리,127.0304455262968020_37.6090821381163778,45.0,26.7,원활,127.0304455262968020_37.6090821381163778|127.0307917895869849_37.6092643839295988|127.0308720855030344_37.6093066743138422
2026-09-04T23:16:36.811991+09:00,미아사거리역,미아사거리역,POI026,KEY_2,1070016602,월계로,1080219900,미아동 866-1,127.0324772569885710_37.6101520768605795,1080004000,미아사거리,127.0308720855030344_37.6093066743138422,170.0,22.0,서행,127.0308720855030344_37.6093066743138422|127.0313924598670781_37.6095807466134673|127.0324772569885710_37.6101520768605795
2026-09-04T23:16:36.811991+09:00,미아사거리역,미아사거리역,POI026,KEY_2,1070018301,도봉로,1070028904,미아사거리,127.0302878192895690_37.6091228549225036,1070029200,길음동14-1,127.0301679403793429_37.6097308656014064,69.0,16.0,서행,127.0301679403793429_37.6097308656014064|127.0301645608454493_37.6095093591410503|127.0301806086935272_37.6094018219594091|127.0302319143706455_37.6092507354351326|127.0302878192895690_37.6091228549225036
2026-09-04T23:16:36.811991+09:00,미아사거리역,미아사거리역,POI026,KEY_2,1070018302,도봉로,1070123400,길음동 13-1,127.0302192302895179_37.6103794149359558,1070033603,미아삼거리역,127.0301170297419731_37.6122786292103584,212.0,20.0,서행,127.0301170297419731_37.6122786292103584|127.0302560371795693_37.6115868014395502|127.0302780121191546_37.6114512708352606|127.0302896992106128_37.6112864634231272|127.0302906822353037_37.6111829591978051|127.0302911134341883_37.6111375574959439|127.0302836638677206_37.6109684698817546|127.0302192302895179_37.6103794149359558
2026-09-04T23:16:36.811991+09:00,미아사거리역,미아사거리역,POI026,KEY_2,1070018401,도봉로,1070029400,미아동13-23,127.0303037865156597_37.6097324048251664,1070028901,미아사거리,127.0304026912356932_37.6091892319313885,62.0,19.0,서행,127.0304026912356932_37.6091892319313885|127.0303618600728868_37.6092826313368391|127.0303143984526457_37.6094224023050074|127.0303005611853848_37.6095151185633085|127.0303037865156597_37.6097324048251664
2026-09-04T23:16:36.811991+09:00,미아사거리역,미아사거리역,POI026,KEY_2,1070018402,도봉로,1080186800,미아동 13-23,127.0303257828538648_37.6100373225124329,1070029400,미아동13-23,127.0303037865156597_37.6097324048251664,34.0,21.0,서행,127.0303037865156597_37.6097324048251664|127.0303022097731400_37.6097653481018810|127.0303257828538648_37.6100373225124329
2026-09-04T23:16:36.811991+09:00,미아사거리역,미아사거리역,POI026,KEY_2,1070053000,동소문로,1070027503,숭곡중학교,127.0305563501388662_37.6083287723153674,1070026503,현대백화점주차장,127.0292816696526046_37.6078886204303515,124.0,4.0,정체,127.0292816696526046_37.6078886204303515|127.0294677215616446_37.6079010815959478|127.0296323842187434_37.6079350977723266|127.0300221074489002_37.6081178433939058|127.0305563501388662_37.6083287723153674
2026-09-04T23:16:36.811991+09:00,미아사거리역,미아사거리역,POI026,KEY_2,1070053100,동소문로,1070026502,현대백화점주차장,127.0293804965659064_37.6080037411137909,1070027504,숭곡중학교,127.0305221673298632_37.6084359781976971,112.0,27.0,원활,127.0305221673298632_37.6084359781976971|127.0299573115892144_37.6082129620091834|127.0295797887646643_37.6080359362050700|127.0294447779431408_37.6080080464985542|127.0293804965659064_37.6080037411137909
2026-09-04T23:16:36.811991+09:00,미아사거리역,미아사거리역,POI026,KEY_2,1070054800,종암로,1070028300,하월곡동200,127.0304743529744798_37.6085781403316659,1070028200,길음동860-64,127.0298639346089686_37.6085650248024947,63.0,15.0,서행,127.0298639346089686_37.6085650248024947|127.0300244023697900_37.6086795376908185|127.0301412755163284_37.6087009631612332|127.0302419542547483_37.6086909247088244|127.0303156591294282_37.6086665907958277|127.0304743529744798_37.6085781403316659
2026-09-04T23:16:36.811991+09:00,미아사거리역,미아사거리역,POI026,KEY_2,1070055100,동소문로,1070028600,현대백화점(미아점),127.0297518241092689_37.6086261384038210,1070029200,길음동14-1,127.0301679403793429_37.6097308656014064,129.0,33.0,원활,127.0301679403793429_37.6097308656014064|127.0300937824806908_37.6096173788021559|127.0300503302344595_37.6094214472180184|127.0299922669209138_37.6092445238945601|127.0299490669414553_37.6091200965177777|127.0298950801941231_37.6089971026266667|127.0298335365210676_37.6088693218599985|127.0297849821499341_37.6087585394519124|127.0297518241092689_37.6086261384038210
2026-09-04T23:16:36.811991+09:00,미아사거리역,미아사거리역,POI026,KEY_2,1080001900,오현로,1080208300,미아동 89-40,127.0313087266287511_37.6164361744709836,1080004602,송중초교앞교차로,127.0306455696994732_37.6164215546226970,59.0,13.0,정체,127.0306455696994732_37.6164215546226970|127.0313087266287511_37.6164361744709836
2026-09-04T23:16:36.811991+09:00,미아사거리역,미아사거리역,POI026,KEY_2,1070063102,숭인로,1070033603,미아삼거리역,127.0301170297419731_37.6122786292103584,1070033303,영훈초등학교,127.0272366252979594_37.6124997369536160,257.0,19.5,서행,127.0272366252979594_37.6124997369536160|127.0273290177740932_37.6124920237944238|127.0277198994808572_37.6125063943992686|127.0280519294709620_37.6125122120121063|127.0281714809471509_37.6125065226202864|127.0283094040843537_37.6124883905500482|127.0284766085014923_37.6124500698429429|127.0285133251269230_37.6124416549143064|127.0287641695714882_37.6123807502593905|127.0289657378952626_37.6123609656958209|127.0290381633802781_37.6123554605349995|127.0299433135421481_37.6122866550074235|127.0301170297419731_37.6122786292103584
2026-09-04T23:16:36.811991+09:00,미아사거리역,미아사거리역,POI026,KEY_2,1070063201,숭인로,1080208400,미아동 484-11,127.0290510909710093_37.6124630890364458,1070033604,미아삼거리역,127.0300983318171859_37.6123877944740386,93.0,21.0,서행,127.0300983318171859_37.6123877944740386|127.0299537211582788_37.6123944755107473|127.0290510909710093_37.6124630890364458
2026-09-04T23:16:36.811991+09:00,미아사거리역,미아사거리역,POI026,KEY_2,1070070600,숭인로8길,1070075300,길음동 1288-2,127.0274859733274013_37.6098597961299035,1070041801,현대백화점,127.0286222777593963_37.6091855339611456,125.0,15.0,서행,127.0286222777593963_37.6091855339611456|127.0280529599322392_37.6095166127957299|127.0280353703558234_37.6095268416775639|127.0274859733274013_37.6098597961299035
2026-09-04T23:16:36.811991+09:00,미아사거리역,미아사거리역,POI026,KEY_2,1070076400,월계로,1070096700,하월곡동 79-20,127.0338497916468157_37.6108727283433311,1070030802,하월곡동 96-8,127.0333012137834316_37.6105859601554187,58.0,19.0,서행,127.0333012137834316_37.6105859601554187|127.0338497916468157_37.6108727283433311
2026-09-04T23:16:36.811991+09:00,미아사거리역,미아사거리역,POI026,KEY_2,1070076600,월계로,1070082200,하월곡동 산2-76,127.0360750402543033_37.6120372770475058,1070032702,방천시장입구교차로,127.0351818040333285_37.6115690734767298,94.0,34.0,원활,127.0351818040333285_37.6115690734767298|127.0360750402543033_37.6120372770475058
2026-09-04T23:16:36.811991+09:00,미아사거리역,미아사거리역,POI026,KEY_2,1070076900,월계로,1070032701,방천시장입구교차로,127.0351361942052364_37.6116746238631379,1070034803,창문여고앞,127.0375644525691570_37.6132010932717336,277.0,17.5,서행,127.0375644525691570_37.6132010932717336|127.0374326476301974_37.6130317692853424|127.0372709646521940_37.6128522299669044|127.0371916667080683_37.6127751366487999|127.0370529635782049_37.6126787402837692|127.0360004406020806_37.6121273741262740|127.0351361942052364_37.6116746238631379
2026-09-04T23:16:36.811991+09:00,미아사거리역,미아사거리역,POI026,KEY_2,1080000900,월계로,1070030801,미아동 46-41,127.0334139063331946_37.6107742430994421,1070032704,방천시장입구교차로,127.0350206256664194_37.6116141344327843,170.0,34.8,원활,127.0350206256664194_37.6116141344327843|127.0337751563115916_37.6109630853235259|127.0334139063331946_37.6107742430994421
2026-09-04T23:16:36.811991+09:00,미아사거리역,미아사거리역,POI026,KEY_2,1080001301,도봉로8길,1080188000,미아동 860-68,127.0313076593327679_37.6124939066315420,1080004403,롯데백화점(미아점),127.0307655742459758_37.6152294799087770,354.0,12.5,정체,127.0307655742459758_37.6152294799087770|127.0307595083810952_37.6151431414709805|127.0307982049350812_37.6146048520059324|127.0308334377665034_37.6144241108047410|127.0308880019328228_37.6142290723469088|127.0308888194819872_37.6142261500267807|127.0309021182958560_37.6141593634664346|127.0308971769619575_37.6141162866918890|127.0308713303888197_37.6140091037384749|127.0308172547337193_37.6138558335722166|127.0306687476536069_37.6135272070313320|127.0306263756309590_37.6134334427768025|127.0305256407967818_37.6132105275378237|127.0304829018195534_37.6131161834363184|127.0304581524445808_37.6129865258258107|127.0304679093526232_37.6128992805603062|127.0305305543381564_37.6128261392159047|127.0308831459086178_37.6126452505436006|127.0311960791661221_37.6125297876005433|127.0313076593327679_37.6124939066315420
2026-09-04T23:16:36.811991+09:00,미아사거리역,미아사거리역,POI026,KEY_2,1080001302,도봉로10길,1080004404,롯데백화점(미아점),127.0307752511100574_37.6153377881961077,1080004603,송중초교앞교차로,127.0304883063638783_37.6164177510826150,125.0,20.0,서행,127.0304883063638783_37.6164177510826150|127.0305703985691252_37.6163131925084642|127.0306363068363140_37.6162059695205286|127.0307091738091572_37.6160516347061957|127.0307523911061054_37.6159357563504244|127.0307780233704449_37.6158268129668514|127.0307895338175257_37.6157153468896510|127.0307960511374716_37.6155476827439088|127.0307967671710401_37.6155292620652375|127.0307752511100574_37.6153377881961077
2026-09-04T23:16:36.811991+09:00,미아사거리역,미아사거리역,POI026,KEY_2,1080001303,도봉로16길,1080004604,송중초교앞교차로,127.0304102014371495_37.6165235549963413,1080005102,삼양입구사거리,127.0298702192108067_37.6170704681836625,79.0,29.0,원활,127.0298702192108067_37.6170704681836625|127.0298850521788978_37.6170678421002123|127.0299748118788585_37.6170321140735879|127.0300606496514746_37.6169837596280487|127.0301171093192494_37.6169296264748780|127.0302651320415634_37.6167245455032031|127.0304102014371495_37.6165235549963413
2026-09-04T23:16:36.811991+09:00,미아사거리역,미아사거리역,POI026,KEY_2,1080001401,도봉로8길,1080226500,미아동 860-62,127.0333709883061459_37.6111757648604055,1070030801,미아동 46-41,127.0334139063331946_37.6107742430994421,47.0,14.7,정체,127.0334139063331946_37.6107742430994421|127.0334462215943887_37.6108752645659408|127.0334496189833260_37.6109857942447405|127.0334250973174051_37.6110939559240691|127.0334003678912893_37.6111530443839968|127.0333709883061459_37.6111757648604055
2026-09-04T23:16:36.811991+09:00,미아사거리역,미아사거리역,POI026,KEY_2,1080001402,도봉로10길,1080223600,미아동 860-128,127.0309319037914122_37.6155510242293474,1080004401,롯데백화점(미아점),127.0309106282188338_37.6153281619081881,25.0,27.0,원활,127.0309106282188338_37.6153281619081881|127.0309328722385231_37.6155261090471882|127.0309319037914122_37.6155510242293474
2026-09-04T23:16:36.811991+09:00,미아사거리역,미아사거리역,POI026,KEY_2,1080002000,오현로,1080004601,송중초교앞교차로,127.0305637850283773_37.6165279116074700,1080000704,송중동주민센터,127.0333214076489838_37.6165889302136804,244.0,18.0,서행,127.0333214076489838_37.6165889302136804|127.0327048727601778_37.6165751501665611|127.0325535462619797_37.6165717674053610|127.0322799608593556_37.6165657393747779|127.0313049616454890_37.6165442516112378|127.0305637850283773_37.6165279116074700
2026-09-04T23:16:36.811991+09:00,미아사거리역,미아사거리역,POI026,KEY_2,1080013300,도봉로,1070029400,미아동13-23,127.0303037865156597_37.6097324048251664,1070029100,미아동13-23,127.0307970607158552_37.6093968261890694,68.0,25.5,원활,127.0307970607158552_37.6093968261890694|127.0305946239942188_37.6093716682601524|127.0304681352867107_37.6094164675411236|127.0304277962557080_37.6094780299370726|127.0303633502236949_37.6096357439956179|127.0303037865156597_37.6097324048251664
2026-09-04T23:16:36.811991+09:00,미아사거리역,미아사거리역,POI026,KEY_2,1080013600,도봉로14길,1080004403,롯데백화점(미아점),127.0307655742459758_37.6152294799087770,1080004302,롯데백화점,127.0300044147842016_37.6152165221594643,67.0,5.0,정체,127.0300044147842016_37.6152165221594643|127.0307655742459758_37.6152294799087770
2026-09-04T23:16:36.811991+09:00,미아사거리역,미아사거리역,POI026,KEY_2,1080014200,오현로,1080004603,송중초교앞교차로,127.0304883063638783_37.6164177510826150,1080004502,미아4동지구대,127.0299406932083599_37.6164009553699401,48.0,5.0,정체,127.0299406932083599_37.6164009553699401|127.0304883063638783_37.6164177510826150
2026-09-04T23:16:36.811991+09:00,미아사거리역,미아사거리역,POI026,KEY_2,1080014300,오현로,1080004501,미아4동지구대,127.0299378171736464_37.6165090658176240,1080004604,송중초교앞교차로,127.0304102014371495_37.6165235549963413,42.0,3.0,정체,127.0304102014371495_37.6165235549963413|127.0299378171736464_37.6165090658176240
2026-09-04T23:16:36.811991+09:00,미아사거리역,미아사거리역,POI026,KEY_2,1080014600,도봉로15길,1080192800,미아동 458-7,127.0289263823759143_37.6164970010907709,1080005303,솔샘빌딩,127.0271851492296946_37.6171857601041069,173.0,25.0,원활,127.0271851492296946_37.6171857601041069|127.0280001291889533_37.6167779690611326|127.0282120914124135_37.6166948240359034|127.0284782414750566_37.6166076453546765|127.0287039024196645_37.6165457270247074|127.0289263823759143_37.6164970010907709
2026-09-04T23:16:36.811991+09:00,미아사거리역,미아사거리역,POI026,KEY_2,1080014700,도봉로15길,1080192900,미아동 458-7,127.0289624624824540_37.6166012407417867,1080004504,미아4동지구대,127.0298017896812581_37.6165088554968250,75.0,27.0,원활,127.0298017896812581_37.6165088554968250|127.0295487633222109_37.6165152651126817|127.0293179985103222_37.6165373968828902|127.0290397621278942_37.6165843107636775|127.0289624624824540_37.6166012407417867
2026-09-04T23:16:36.811991+09:00,미아사거리역,미아사거리역,POI026,KEY_2,1080035900,도봉로,1080227900,미아동 66-1,127.0299274972616104_37.6144546098941603,1080004303,롯데백화점,127.0298687581600916_37.6152098457852233,84.0,8.0,정체,127.0298687581600916_37.6152098457852233|127.0298853879347121_37.6149960306107900|127.0299274972616104_37.6144546098941603
2026-09-04T23:16:36.811991+09:00,미아사거리역,미아사거리역,POI026,KEY_2,1080036400,도봉로,1080225600,미아동 66-1,127.0299803524425357_37.6155274151514050,1080004301,롯데백화점,127.0299960395229704_37.6153245223647374,23.0,22.0,서행,127.0299960395229704_37.6153245223647374|127.0299803524425357_37.6155274151514050
2026-09-04T23:16:36.811991+09:00,미아사거리역,미아사거리역,POI026,KEY_2,1080036500,도봉로,1080004304,롯데백화점,127.0298603782955666_37.6153178851803318,1080004503,미아4동지구대,127.0298047742597731_37.6164006059727711,120.0,8.0,정체,127.0298047742597731_37.6164006059727711|127.0298046298892842_37.6160389086157849|127.0298446910549472_37.6155207779205440|127.0298603782955666_37.6153178851803318
2026-09-04T23:16:36.811991+09:00,미아사거리역,미아사거리역,POI026,KEY_2,1080036600,도봉로,1080005102,삼양입구사거리,127.0298702192108067_37.6170704681836625,1080004501,미아4동지구대,127.0299378171736464_37.6165090658176240,63.0,9.0,정체,127.0299378171736464_37.6165090658176240|127.0299226736381542_37.6167963269789851|127.0298951691717804_37.6169547114601741|127.0298702192108067_37.6170704681836625
2026-09-04T23:16:36.811991+09:00,미아사거리역,미아사거리역,POI026,KEY_2,1080036700,도봉로,1080004504,미아4동지구대,127.0298017896812581_37.6165088554968250,1080005103,삼양입구사거리,127.0297284688176518_37.6170883149081376,65.0,8.0,정체,127.0297284688176518_37.6170883149081376|127.0297608296273353_37.6169381744416640|127.0297871444125661_37.6167866423070549|127.0298017896812581_37.6165088554968250
2026-09-04T23:16:36.811991+09:00,발산역,발산역,POI027,KEY_3,1150001301,공항대로,1150388100,최소노드배치점,126.8479422913783452_37.5574279579684003,1150027802,내발산동 727-11,126.8445162648301476_37.5578956605161736,308.0,18.0,서행,126.8445162648301476_37.5578956605161736|126.8470260619137662_37.5576543889665260|126.8472895533285225_37.5576081323218673|126.8475700185465627_37.5575380223980133|126.8478776911477155_37.5574499386466130|126.8479422913783452_37.5574279579684003
2026-09-04T23:16:36.811991+09:00,발산역,발산역,POI027,KEY_3,1150001401,공항대로,1150027801,등촌동 665-15,126.8446075434389826_37.5579957914980866,1150027504,KBS88체육관,126.8485838392266203_37.5573272457826803,362.0,19.0,서행,126.8485838392266203_37.5573272457826803|126.8479956668994788_37.5575273772584879|126.8479274007050321_37.5575506052493537|126.8476133601174638_37.5576405117346468|126.8473245865430670_37.5577126995265402|126.8470488797595976_37.5577611001132396|126.8446075434389826_37.5579957914980866
2026-09-04T23:16:36.811991+09:00,발산역,발산역,POI027,KEY_3,1150001702,공항대로,1150156500,내발산동 727-13,126.8389437190157025_37.5584498941833331,1150029007,발산역앞교차로,126.8382868423504277_37.5585154741234675,58.0,23.0,서행,126.8382868423504277_37.5585154741234675|126.8389437190157025_37.5584498941833331
2026-09-04T23:16:36.811991+09:00,발산역,발산역,POI027,KEY_3,1150001802,공항대로,1150286100,등촌동 675-7,126.8434851477407221_37.5581068792877204,1150027804,등촌동 675-7,126.8444620467467274_37.5580099188913792,87.0,18.0,서행,126.8444620467467274_37.5580099188913792|126.8434851477407221_37.5581068792877204
2026-09-04T23:16:36.811991+09:00,발산역,발산역,POI027,KEY_3,1150012402,강서로,1150159900,내발산동 727-3,126.8379581400753864_37.5579157877647489,1150029008,발산역앞교차로,126.8381511771219436_37.5585292798091572,70.0,20.3,서행,126.8381511771219436_37.5585292798091572|126.8379581400753864_37.5579157877647489
2026-09-04T23:16:36.811991+09:00,발산역,발산역,POI027,KEY_3,1150012501,강서로,1150024502,동아빌딩,126.8372882612989372_37.5553437451673062,1150023601,우장산공원입구교차로,126.8371370636826754_37.5548824736412428,53.0,18.0,서행,126.8371370636826754_37.5548824736412428|126.8372882612989372_37.5553437451673062
2026-09-04T23:16:36.811991+09:00,발산역,발산역,POI027,KEY_3,1150012502,강서로,1150160000,내발산동 727-3,126.8380898818052742_37.5578895163977009,1150024501,동아빌딩,126.8373220381356390_37.5554491393520493,279.0,17.0,서행,126.8373220381356390_37.5554491393520493|126.8376715306814759_37.5565599243357937|126.8380898818052742_37.5578895163977009
2026-09-04T23:16:36.811991+09:00,발산역,발산역,POI027,KEY_3,1150013401,공항대로41길,1150199400,등촌동 709-18,126.8448748818911582_37.5586016883165925,1150029903,등촌성당,126.8451274169810858_37.5589636738274208,46.0,10.0,정체,126.8451274169810858_37.5589636738274208|126.8448748818911582_37.5586016883165925
2026-09-04T23:16:36.811991+09:00,발산역,발산역,POI027,KEY_3,1150013501,공항대로41길,1150199500,등촌동 709-18,126.8449936130237745_37.5585491936764626,1150027801,등촌동 665-15,126.8446075434389826_37.5579957914980866,70.0,18.0,서행,126.8446075434389826_37.5579957914980866|126.8449936130237745_37.5585491936764626
2026-09-04T23:16:36.811991+09:00,발산역,발산역,POI027,KEY_3,1150013502,공항대로41길,1150264200,등촌동 709-19,126.8457392751923010_37.5596525373729904,1150029901,등촌성당,126.8453512898314699_37.5590655577672123,74.0,14.0,정체,126.8453512898314699_37.5590655577672123|126.8457392751923010_37.5596525373729904
2026-09-04T23:16:36.811991+09:00,발산역,발산역,POI027,KEY_3,1150014202,강서로,1150175000,마곡동 724-1,126.8383852842325865_37.5592402053588401,1150030703,등촌동 709,126.8385237764946822_37.5596590721435390,48.0,7.0,정체,126.8385237764946822_37.5596590721435390|126.8383852842325865_37.5592402053588401
2026-09-04T23:16:36.811991+09:00,발산역,발산역,POI027,KEY_3,1150014203,강서로,1150030704,등촌동 709,126.8385583871243085_37.5597642315047793,1150031803,등촌동 709,126.8388799352455294_37.5607467891492064,113.0,36.0,원활,126.8388799352455294_37.5607467891492064|126.8385583871243085_37.5597642315047793
2026-09-04T23:16:36.811991+09:00,발산역,발산역,POI027,KEY_3,1150014205,강서로,1150031804,등촌동 709,126.8389140890373454_37.5608509288689092,1150005703,등촌1-10단지앞교차로,126.8396861857425364_37.5631977716060206,269.0,40.5,원활,126.8396861857425364_37.5631977716060206|126.8393141722479385_37.5620670292307963|126.8392797556717255_37.5619624175767370|126.8389140890373454_37.5608509288689092
2026-09-04T23:16:36.811991+09:00,발산역,발산역,POI027,KEY_3,1150014302,강서로,1150175100,등촌동 675-9,126.8385166255535950_37.5592126843741667,1150029006,발산역앞교차로,126.8383210052044774_37.5586210293481884,68.0,7.0,정체,126.8383210052044774_37.5586210293481884|126.8385166255535950_37.5592126843741667
2026-09-04T23:16:36.811991+09:00,발산역,발산역,POI027,KEY_3,1150014303,강서로,1150031802,등촌동 709,126.8390139938301218_37.5607275621226293,1150030701,등촌동 709,126.8386936568455070_37.5597487108810242,112.0,7.0,정체,126.8386936568455070_37.5597487108810242|126.8390139938301218_37.5607275621226293
2026-09-04T23:16:36.811991+09:00,발산역,발산역,POI027,KEY_3,1150014304,강서로,1150034202,국민연금관리공단,126.8394111443076042_37.5619350252835389,1150031801,등촌동 709,126.8390483347155140_37.5608322269258892,127.0,37.0,원활,126.8390483347155140_37.5608322269258892|126.8394111443076042_37.5619350252835389
2026-09-04T23:16:36.811991+09:00,발산역,발산역,POI027,KEY_3,1150014305,강서로,1150005702,등촌1-10단지앞교차로,126.8398205853715410_37.5631795244991835,1150034201,국민연금관리공단,126.8394455610547453_37.5620396368988594,131.0,24.0,서행,126.8394455610547453_37.5620396368988594|126.8398205853715410_37.5631795244991835
2026-09-04T23:16:36.811991+09:00,발산역,발산역,POI027,KEY_3,1150015201,강서로62길,1150036503,등촌동 709-7,126.8406735207926062_37.5630129446335346,1150005702,등촌1-10단지앞교차로,126.8398205853715410_37.5631795244991835,78.0,14.0,정체,126.8398205853715410_37.5631795244991835|126.8406735207926062_37.5630129446335346
2026-09-04T23:16:36.811991+09:00,발산역,발산역,POI027,KEY_3,1150015202,강서로62길,1150035303,등촌동 709-7,126.8421580440403602_37.5627055380148107,1150036502,등촌동 709-7,126.8408051994368861_37.5629864249681731,124.0,15.0,서행,126.8408051994368861_37.5629864249681731|126.8421580440403602_37.5627055380148107
2026-09-04T23:16:36.811991+09:00,발산역,발산역,POI027,KEY_3,1150015301,강서로62길,1150005701,등촌1-10단지앞교차로,126.8398546136223644_37.5632842045207411,1150036504,등촌동 709-7,126.8407073809268581_37.5631176574675862,78.0,12.0,정체,126.8407073809268581_37.5631176574675862|126.8398546136223644_37.5632842045207411
2026-09-04T23:16:36.811991+09:00,발산역,발산역,POI027,KEY_3,1150015302,강서로62길,1150036501,등촌동 709-7,126.8408390519562801_37.5630911327515875,1150035304,등촌동 709-7,126.8421984401591374_37.5628088871163897,124.0,18.0,서행,126.8421984401591374_37.5628088871163897|126.8408390519562801_37.5630911327515875
2026-09-04T23:16:36.811991+09:00,발산역,발산역,POI027,KEY_3,1150061400,강서로50길,1150160400,내발산동 724-31,126.8379970283803289_37.5552640353912395,1150024502,동아빌딩,126.8372882612989372_37.5553437451673062,63.0,35.0,원활,126.8372882612989372_37.5553437451673062|126.8379970283803289_37.5552640353912395
2026-09-04T23:16:36.811991+09:00,발산역,발산역,POI027,KEY_3,1150063600,공항대로42길,1150168900,내발산동 727-10,126.8437845680732181_37.5573454026150557,1150027803,내발산동 727-11,126.8443119302488782_37.5579158619486293,79.0,16.5,서행,126.8443119302488782_37.5579158619486293|126.8442191029553783_37.5578656596487974|126.8439617274123350_37.5575931711129414|126.8439157570281708_37.5575288788179549|126.8437845680732181_37.5573454026150557
2026-09-04T23:16:36.811991+09:00,발산역,발산역,POI027,KEY_3,1150068500,화곡로63길,1150249200,등촌동 665,126.8468281137539435_37.5588151943925652,1150029902,등촌성당,126.8452825414138516_37.5589633449437912,138.0,5.0,정체,126.8452825414138516_37.5589633449437912|126.8456271872231582_37.5589296648363486|126.8457671569491794_37.5589163237876207|126.8468281137539435_37.5588151943925652
2026-09-04T23:16:36.811991+09:00,발산역,발산역,POI027,KEY_3,1150068900,강서로56길,1150029903,등촌성당,126.8451274169810858_37.5589636738274208,1150030102,동명중학교앞사거리,126.8437021070714508_37.5590900784440578,127.0,18.0,서행,126.8437021070714508_37.5590900784440578|126.8450504206099083_37.5589612812080915|126.8451274169810858_37.5589636738274208
2026-09-04T23:16:36.811991+09:00,발산역,발산역,POI027,KEY_3,1150069000,강서로56길,1150030101,동명중학교앞사거리,126.8437182868120630_37.5591974274643690,1150029904,등촌성당,126.8452035600025880_37.5590742413996850,132.0,26.0,원활,126.8452035600025880_37.5590742413996850|126.8450558970051816_37.5590696530153494|126.8437182868120630_37.5591974274643690
2026-09-04T23:16:36.811991+09:00,발산역,발산역,POI027,KEY_3,1150069400,강서로56길,1150253100,등촌동 675-3,126.8420541660963323_37.5592559113364217,1150030302,NC백화점(강서점),126.8412679507252108_37.5593352125803221,70.0,22.0,서행,126.8412679507252108_37.5593352125803221|126.8420541660963323_37.5592559113364217
2026-09-04T23:16:36.811991+09:00,발산역,발산역,POI027,KEY_3,1150069500,강서로56길,1150030301,NC백화점(강서점),126.8412850215417649_37.5594424739169526,1150030104,동명중학교앞사거리,126.8435827794940707_37.5592106973085009,205.0,27.0,원활,126.8435827794940707_37.5592106973085009|126.8420712380346345_37.5593631728529758|126.8412850215417649_37.5594424739169526
2026-09-04T23:16:36.811991+09:00,발산역,발산역,POI027,KEY_3,1150069900,강서로56길,1150222900,등촌동 675-10,126.8398256103945130_37.5594834893855705,1150030502,등촌동 675-10,126.8396404824841710_37.5595279604237717,17.0,27.0,원활,126.8396404824841710_37.5595279604237717|126.8397994820281411_37.5594861781463507|126.8398256103945130_37.5594834893855705
2026-09-04T23:16:36.811991+09:00,발산역,발산역,POI027,KEY_3,1150070000,강서로56길,1150030501,등촌동 709-24,126.8396830550129550_37.5596306307353771,1150030304,NC백화점(강서점),126.8411492775769176_37.5594562882070591,131.0,13.0,정체,126.8411492775769176_37.5594562882070591|126.8404955909356886_37.5595235617705185|126.8398430218055637_37.5595907165936680|126.8398297469764060_37.5595920826459491|126.8396830550129550_37.5596306307353771
2026-09-04T23:16:36.811991+09:00,발산역,발산역,POI027,KEY_3,1150070100,강서로56길,1150030503,등촌동 675-10,126.8395323421799361_37.5595482233216273,1150030702,등촌동 709,126.8386590218707255_37.5596433568766201,78.0,18.0,서행,126.8386590218707255_37.5596433568766201|126.8395323421799361_37.5595482233216273
2026-09-04T23:16:36.811991+09:00,발산역,발산역,POI027,KEY_3,1150070200,강서로56길,1150030701,등촌동 709,126.8386936568455070_37.5597487108810242,1150030504,등촌동 709-24,126.8395507558514197_37.5596553444129242,76.0,5.0,정체,126.8395507558514197_37.5596553444129242|126.8386936568455070_37.5597487108810242
2026-09-04T23:16:36.811991+09:00,발산역,발산역,POI027,KEY_3,1150070500,강서로56나길,1150031102,등촌주공3단지,126.8415189407386379_37.5601714765458112,1150030301,NC백화점(강서점),126.8412850215417649_37.5594424739169526,84.0,24.0,서행,126.8412850215417649_37.5594424739169526|126.8415189407386379_37.5601714765458112
2026-09-04T23:16:36.811991+09:00,발산역,발산역,POI027,KEY_3,1150070600,강서로56나길,1150030304,NC백화점(강서점),126.8411492775769176_37.5594562882070591,1150031103,등촌주공3단지,126.8413873500379907_37.5601982354522050,85.0,18.0,서행,126.8413873500379907_37.5601982354522050|126.8411492775769176_37.5594562882070591
2026-09-04T23:16:36.811991+09:00,발산역,발산역,POI027,KEY_3,1150071200,강서로56가길,1150031302,킴스클럽(강서점),126.8399788271866129_37.5605014032291180,1150030501,등촌동 709-24,126.8396830550129550_37.5596306307353771,100.0,6.0,정체,126.8396830550129550_37.5596306307353771|126.8397331722678132_37.5597781806686797|126.8399788271866129_37.5605014032291180
2026-09-04T23:16:36.811991+09:00,발산역,발산역,POI027,KEY_3,1150071300,강서로56가길,1150177200,등촌동 709-24,126.8396020643651383_37.5598064024523026,1150031303,킴스클럽(강서점),126.8398481363394410_37.5605308572489065,83.0,14.0,정체,126.8398481363394410_37.5605308572489065|126.8396020643651383_37.5598064024523026
2026-09-04T23:16:36.811991+09:00,발산역,발산역,POI027,KEY_3,1150071700,강서로,1150031103,등촌주공3단지,126.8413873500379907_37.5601982354522050,1150031302,킴스클럽(강서점),126.8399788271866129_37.5605014032291180,129.0,23.0,서행,126.8399788271866129_37.5605014032291180|126.8409817156347685_37.5602855454065931|126.8413873500379907_37.5601982354522050
2026-09-04T23:16:36.811991+09:00,발산역,발산역,POI027,KEY_3,1150071800,강서로,1150031301,킴스클럽(강서점),126.8400146179819785_37.5606057011169838,1150031104,등촌주공3단지,126.8414257249843189_37.5603019770891677,129.0,28.0,원활,126.8414257249843189_37.5603019770891677|126.8410171647322500_37.5603899168237874|126.8400146179819785_37.5606057011169838
2026-09-04T23:16:36.811991+09:00,발산역,발산역,POI027,KEY_3,1150071900,강서로,1150031303,킴스클럽(강서점),126.8398481363394410_37.5605308572489065,1150031802,등촌동 709,126.8390139938301218_37.5607275621226293,77.0,9.0,정체,126.8390139938301218_37.5607275621226293|126.8398481363394410_37.5605308572489065
2026-09-04T23:16:36.811991+09:00,발산역,발산역,POI027,KEY_3,1150072000,강서로,1150031801,등촌동 709,126.8390483347155140_37.5608322269258892,1150031304,킴스클럽(강서점),126.8398839413988100_37.5606351767868460,77.0,23.0,서행,126.8398839413988100_37.5606351767868460|126.8390483347155140_37.5608322269258892
2026-09-04T23:16:36.811991+09:00,발산역,발산역,POI027,KEY_3,1150072100,공항대로39길,1150256400,등촌동 709-21,126.8439667127423149_37.5600268748774369,1150030101,동명중학교앞사거리,126.8437182868120630_37.5591974274643690,95.0,27.0,원활,126.8437182868120630_37.5591974274643690|126.8438689490130855_37.5597219963694755|126.8439667127423149_37.5600268748774369
2026-09-04T23:16:36.811991+09:00,발산역,발산역,POI027,KEY_3,1150072300,강서로56가길,1150033502,등촌동 709-24,126.8403937546382281_37.5617408215833422,1150031301,킴스클럽(강서점),126.8400146179819785_37.5606057011169838,130.0,28.0,원활,126.8400146179819785_37.5606057011169838|126.8400855183556359_37.5608102389680525|126.8401212767520718_37.5609159034849611|126.8403937546382281_37.5617408215833422
2026-09-04T23:16:36.811991+09:00,발산역,발산역,POI027,KEY_3,1150072400,강서로56가길,1150031304,킴스클럽(강서점),126.8398839413988100_37.5606351767868460,1150031903,등촌동 709-25,126.8399545939338253_37.5608389991299347,23.0,6.0,정체,126.8399545939338253_37.5608389991299347|126.8398839413988100_37.5606351767868460
2026-09-04T23:16:36.811991+09:00,발산역,발산역,POI027,KEY_3,1150073800,강서로56가길,1150031903,등촌동 709-25,126.8399545939338253_37.5608389991299347,1150033703,청호빌딩,126.8398879643180805_37.5618434951784010,136.0,81.0,원활,126.8398879643180805_37.5618434951784010|126.8396084486025330_37.5609783844197054|126.8396550646368155_37.5609044813812574|126.8399545939338253_37.5608389991299347
2026-09-04T23:16:36.811991+09:00,발산역,발산역,POI027,KEY_3,1150073900,강서로56가길,1150033702,청호빌딩,126.8400198011262034_37.5618174884067031,1150031904,등촌동 678-6,126.8399899238250583_37.5609433981560485,116.0,11.0,정체,126.8399899238250583_37.5609433981560485|126.8397540438665771_37.5609949658284634|126.8400198011262034_37.5618174884067031
2026-09-04T23:16:36.811991+09:00,발산역,발산역,POI027,KEY_3,1150074100,강서로56가길,1150031904,등촌동 678-6,126.8399899238250583_37.5609433981560485,1150033503,등촌동 709-25,126.8402624006093049_37.5617683164986360,95.0,24.0,서행,126.8402624006093049_37.5617683164986360|126.8399899238250583_37.5609433981560485
2026-09-04T23:16:36.811991+09:00,발산역,발산역,POI027,KEY_3,1150074400,강서로56나길,1150224800,등촌동 709-23,126.8421593876177269_37.5622512538104232,1150031101,등촌주공3단지,126.8415577146132023_37.5602764926730970,226.0,11.0,정체,126.8415577146132023_37.5602764926730970|126.8417915836892433_37.5610440910706487|126.8421593876177269_37.5622512538104232
2026-09-04T23:16:36.811991+09:00,발산역,발산역,POI027,KEY_3,1150075500,강서로56가길,1150033503,등촌동 709-25,126.8402624006093049_37.5617683164986360,1150033702,청호빌딩,126.8400198011262034_37.5618174884067031,22.0,21.0,서행,126.8400198011262034_37.5618174884067031|126.8402624006093049_37.5617683164986360
2026-09-04T23:16:36.811991+09:00,발산역,발산역,POI027,KEY_3,1150075600,강서로56가길,1150033701,청호빌딩,126.8400533738930847_37.5619222522369043,1150033504,등촌동 679-6,126.8402969405602931_37.5618728844387348,22.0,9.0,정체,126.8402969405602931_37.5618728844387348|126.8400533738930847_37.5619222522369043
2026-09-04T23:16:36.811991+09:00,발산역,발산역,POI027,KEY_3,1150075800,강서로,1150033703,청호빌딩,126.8398879643180805_37.5618434951784010,1150034202,국민연금관리공단,126.8394111443076042_37.5619350252835389,43.0,39.0,원활,126.8394111443076042_37.5619350252835389|126.8398879643180805_37.5618434951784010
2026-09-04T23:16:36.811991+09:00,발산역,발산역,POI027,KEY_3,1150075900,강서로,1150034201,국민연금관리공단,126.8394455610547453_37.5620396368988594,1150033704,청호빌딩,126.8399215433585283_37.5619482675854854,43.0,11.0,정체,126.8399215433585283_37.5619482675854854|126.8394455610547453_37.5620396368988594
2026-09-04T23:16:36.811991+09:00,발산역,발산역,POI027,KEY_3,1150076300,강서로56가길,1150035502,호서아트갤러리,126.8406970304975800_37.5626589595992826,1150033501,등촌동 709-24,126.8404282947817023_37.5618453895506121,93.0,26.0,원활,126.8404282947817023_37.5618453895506121|126.8406970304975800_37.5626589595992826
2026-09-04T23:16:36.811991+09:00,발산역,발산역,POI027,KEY_3,1150076400,강서로56가길,1150033504,등촌동 679-6,126.8402969405602931_37.5618728844387348,1150035503,호서아트갤러리,126.8405656746963217_37.5626864548314643,93.0,13.0,정체,126.8405656746963217_37.5626864548314643|126.8402969405602931_37.5618728844387348
2026-09-04T23:16:36.811991+09:00,발산역,발산역,POI027,KEY_3,1150076900,강서로56가길,1150033704,청호빌딩,126.8399215433585283_37.5619482675854854,1150035504,호서아트갤러리,126.8406002224921991_37.5627910440640420,136.0,10.0,정체,126.8406002224921991_37.5627910440640420|126.8402872434445356_37.5628508061186608|126.8401954405893264_37.5628100442906998|126.8399215433585283_37.5619482675854854
2026-09-04T23:16:36.811991+09:00,발산역,발산역,POI027,KEY_3,1150078400,강서로56가길,1150036502,등촌동 709-7,126.8408051994368861_37.5629864249681731,1150035501,호서아트갤러리,126.8407315784833003_37.5627635487979958,26.0,6.0,정체,126.8407315784833003_37.5627635487979958|126.8408051994368861_37.5629864249681731
2026-09-04T23:16:36.811991+09:00,발산역,발산역,POI027,KEY_3,1150078500,강서로56가길,1150035504,호서아트갤러리,126.8406002224921991_37.5627910440640420,1150036503,등촌동 709-7,126.8406735207926062_37.5630129446335346,25.0,33.0,원활,126.8406735207926062_37.5630129446335346|126.8406002224921991_37.5627910440640420
2026-09-04T23:16:36.811991+09:00,발산역,발산역,POI027,KEY_3,1150081800,강서로56가길,1150038902,등촌주공1단지아파트,126.8416224738478206_37.5655681810133828,1150036501,등촌동 709-7,126.8408390519562801_37.5630911327515875,284.0,16.0,서행,126.8408390519562801_37.5630911327515875|126.8416224738478206_37.5655681810133828
2026-09-04T23:16:36.811991+09:00,발산역,발산역,POI027,KEY_3,1150081900,강서로56가길,1150036504,등촌동 709-7,126.8407073809268581_37.5631176574675862,1150038903,등촌주공1단지아파트,126.8414907582864544_37.5655945778397111,283.0,14.0,정체,126.8414907582864544_37.5655945778397111|126.8407073809268581_37.5631176574675862
2026-09-04T23:16:36.811991+09:00,발산역,발산역,POI027,KEY_3,1150414700,공항대로,1150143803,마곡동 800-23,126.8331897528281473_37.5590371786249193,1150142902,마곡동 799-23,126.8299789794061354_37.5593544984393830,286.0,18.0,서행,126.8299789794061354_37.5593544984393830|126.8331897528281473_37.5590371786249193
2026-09-04T23:16:36.811991+09:00,발산역,발산역,POI027,KEY_3,1150414800,공항대로,1150142901,마곡동 771-6,126.8299957636812536_37.5594617895610980,1150143804,마곡동 775-3,126.8332050999563307_37.5591446111485254,286.0,32.0,원활,126.8332050999563307_37.5591446111485254|126.8299957636812536_37.5594617895610980
2026-09-04T23:16:36.811991+09:00,발산역,발산역,POI027,KEY_3,1150415000,마곡동로4길,1150143903,더스포츠투데이,126.8332857991649547_37.5596880604673728,1150143002,스포츠니어스,126.8300720826581909_37.5600051057354847,286.0,8.0,정체,126.8300720826581909_37.5600051057354847|126.8332857991649547_37.5596880604673728
2026-09-04T23:16:36.811991+09:00,발산역,발산역,POI027,KEY_3,1150415200,마곡동로4길,1150143001,스포츠니어스,126.8300889340493427_37.5601123893861484,1150143904,더스포츠투데이,126.8333022312357485_37.5597953858369493,286.0,20.0,서행,126.8333022312357485_37.5597953858369493|126.8300889340493427_37.5601123893861484
2026-09-04T23:16:36.811991+09:00,발산역,발산역,POI027,KEY_3,1150415300,마곡중앙6로,1150144003,마곡동796-3,126.8333756769971359_37.5602611156995607,1150143102,마곡동 771-6,126.8301522505480108_37.5604769150319484,286.0,11.0,정체,126.8301522505480108_37.5604769150319484|126.8315992311645601_37.5603293921517363|126.8317903553199244_37.5603190670868727|126.8321654198426671_37.5603292225798029|126.8324684712669921_37.5603342165290286|126.8326274768060671_37.5603290036322974|126.8333756769971359_37.5602611156995607
2026-09-04T23:16:36.811991+09:00,발산역,발산역,POI027,KEY_3,1150415400,마곡중앙6로,1150143101,마곡동 771-6,126.8301695159718747_37.5605841499526605,1150144004,마곡동796-3,126.8333921054945677_37.5603684438512104,286.0,21.0,서행,126.8333921054945677_37.5603684438512104|126.8326428577152853_37.5604364277498135|126.8324742064728667_37.5604422396582009|126.8321626681507439_37.5604373192537437|126.8317857413540537_37.5604271232566731|126.8316086846086961_37.5604372494358998|126.8301695159718747_37.5605841499526605
2026-09-04T23:16:36.811991+09:00,발산역,발산역,POI027,KEY_3,1150415500,마곡중앙8로,1150144103,마곡동 775-3,126.8335156177956549_37.5612009154793540,1150143302,스페이스K서울미술관,126.8303074798785133_37.5615141459653259,286.0,17.0,서행,126.8303074798785133_37.5615141459653259|126.8310422029500444_37.5614424183077915|126.8325672766222709_37.5612935172885685|126.8335156177956549_37.5612009154793540
2026-09-04T23:16:36.811991+09:00,발산역,발산역,POI027,KEY_3,1150415600,마곡중앙8로,1150143301,스페이스K서울미술관,126.8303240117242154_37.5616214608969941,1150144104,마곡동 775-3,126.8335310636990982_37.5613083368637817,285.0,19.7,서행,126.8335310636990982_37.5613083368637817|126.8325838117159350_37.5614008321921915|126.8310587358588606_37.5615497332296471|126.8303240117242154_37.5616214608969941
2026-09-04T23:16:36.811991+09:00,발산역,발산역,POI027,KEY_3,1150416000,마곡동로,1150143704,아트나눔,126.8331006582411220_37.5583873342277244,1150143803,마곡동 800-23,126.8331897528281473_37.5590371786249193,73.0,33.0,원활,126.8331897528281473_37.5590371786249193|126.8331006582411220_37.5583873342277244
2026-09-04T23:16:36.811991+09:00,발산역,발산역,POI027,KEY_3,1150416200,마곡동로,1150143804,마곡동 775-3,126.8332050999563307_37.5591446111485254,1150143903,더스포츠투데이,126.8332857991649547_37.5596880604673728,61.0,9.0,정체,126.8332857991649547_37.5596880604673728|126.8332050999563307_37.5591446111485254
2026-09-04T23:16:36.811991+09:00,발산역,발산역,POI027,KEY_3,1150416400,마곡동로,1150143802,마곡동 800-23,126.8333245244353122_37.5590236911699904,1150143701,아트나눔,126.8332353657170586_37.5583733943382683,73.0,18.0,서행,126.8332353657170586_37.5583733943382683|126.8333245244353122_37.5590236911699904
2026-09-04T23:16:36.811991+09:00,발산역,발산역,POI027,KEY_3,1150416600,마곡동로,1150143904,더스포츠투데이,126.8333022312357485_37.5597953858369493,1150144003,마곡동796-3,126.8333756769971359_37.5602611156995607,52.0,11.0,정체,126.8333756769971359_37.5602611156995607|126.8333022312357485_37.5597953858369493
2026-09-04T23:16:36.811991+09:00,발산역,발산역,POI027,KEY_3,1150416700,마곡동로,1150143902,더스포츠투데이,126.8334205140886155_37.5596742805224650,1150143801,마곡동 775-3,126.8333398581103921_37.5591311289854701,61.0,21.0,서행,126.8333398581103921_37.5591311289854701|126.8334205140886155_37.5596742805224650
2026-09-04T23:16:36.811991+09:00,발산역,발산역,POI027,KEY_3,1150416800,마곡동로,1150144004,마곡동796-3,126.8333921054945677_37.5603684438512104,1150144103,마곡동 775-3,126.8335156177956549_37.5612009154793540,93.0,8.0,정체,126.8335156177956549_37.5612009154793540|126.8333921054945677_37.5603684438512104
2026-09-04T23:16:36.811991+09:00,발산역,발산역,POI027,KEY_3,1150416900,마곡동로,1150144002,마곡동796-3,126.8335106253723552_37.5602488541742048,1150143901,더스포츠투데이,126.8334369408403290_37.5597816127083632,52.0,19.0,서행,126.8334369408403290_37.5597816127083632|126.8335106253723552_37.5602488541742048
2026-09-04T23:16:36.811991+09:00,발산역,발산역,POI027,KEY_3,1150417000,마곡동로,1150144102,마곡동 775-3,126.8336504427879277_37.5611878569099460,1150144001,마곡동796-3,126.8335270465289426_37.5603561826379106,93.0,19.0,서행,126.8335270465289426_37.5603561826379106|126.8336504427879277_37.5611878569099460
2026-09-04T23:16:36.811991+09:00,발산역,발산역,POI027,KEY_3,1150417100,마곡동로,1150144104,마곡동 775-3,126.8335310636990982_37.5613083368637817,1150075303,마곡동 775-3,126.8338665843508579_37.5637171638409200,269.0,21.0,서행,126.8338665843508579_37.5637171638409200|126.8335310636990982_37.5613083368637817
2026-09-04T23:16:36.811991+09:00,발산역,발산역,POI027,KEY_3,1150417200,마곡동로,1150075302,마곡동 775-3,126.8340015234932139_37.5637048487681895,1150144101,마곡동 775-3,126.8336658955196157_37.5612952760720518,269.0,19.7,서행,126.8336658955196157_37.5612952760720518|126.8340015234932139_37.5637048487681895
2026-09-04T23:16:36.811991+09:00,발산역,발산역,POI027,KEY_3,1150418100,공항대로,1150144503,마곡동 808-2,126.8353045369876781_37.5588231594929596,1150143802,마곡동 800-23,126.8333245244353122_37.5590236911699904,176.0,16.0,서행,126.8333245244353122_37.5590236911699904|126.8353045369876781_37.5588231594929596
2026-09-04T23:16:36.811991+09:00,발산역,발산역,POI027,KEY_3,1150418300,마곡동로4길,1150144603,마곡동 797-1,126.8354226221326968_37.5594623538091739,1150143902,더스포츠투데이,126.8334205140886155_37.5596742805224650,178.0,13.0,정체,126.8334205140886155_37.5596742805224650|126.8354226221326968_37.5594623538091739
2026-09-04T23:16:36.811991+09:00,발산역,발산역,POI027,KEY_3,1150418400,마곡동로4길,1150143901,더스포츠투데이,126.8334369408403290_37.5597816127083632,1150144604,마곡동 797-17,126.8354405248635146_37.5595695294607594,179.0,10.0,정체,126.8354405248635146_37.5595695294607594|126.8334369408403290_37.5597816127083632
2026-09-04T23:16:36.811991+09:00,발산역,발산역,POI027,KEY_3,1150418500,마곡중앙6로,1150144803,마곡동795-8,126.8355105459097700_37.5600668693746229,1150144002,마곡동796-3,126.8335106253723552_37.5602488541742048,178.0,6.0,정체,126.8335106253723552_37.5602488541742048|126.8355105459097700_37.5600668693746229
2026-09-04T23:16:36.811991+09:00,발산역,발산역,POI027,KEY_3,1150418600,마곡중앙6로,1150144001,마곡동796-3,126.8335270465289426_37.5603561826379106,1150144804,마곡동795-8,126.8355266360785407_37.5601742289107179,178.0,8.0,정체,126.8355266360785407_37.5601742289107179|126.8335270465289426_37.5603561826379106
2026-09-04T23:16:36.811991+09:00,발산역,발산역,POI027,KEY_3,1150418700,마곡중앙8로,1150215900,마곡동 789-10,126.8348798327747602_37.5610697462614738,1150144102,마곡동 775-3,126.8336504427879277_37.5611878569099460,109.0,22.5,서행,126.8336504427879277_37.5611878569099460|126.8344178057114249_37.5611141359322147|126.8348798327747602_37.5610697462614738
2026-09-04T23:16:36.811991+09:00,발산역,발산역,POI027,KEY_3,1150418800,마곡중앙8로,1150215800,마곡동 789-10,126.8348961067385972_37.5611770861689465,1150144904,마곡동 789-10,126.8356742349839834_37.5611023223528946,69.0,15.0,서행,126.8356742349839834_37.5611023223528946|126.8348961067385972_37.5611770861689465
2026-09-04T23:16:36.811991+09:00,발산역,발산역,POI027,KEY_3,1150419400,마곡중앙2로,1150144404,마곡동801-2,126.8352046735335108_37.5581637508680544,1150144503,마곡동 808-2,126.8353045369876781_37.5588231594929596,74.0,9.0,정체,126.8353045369876781_37.5588231594929596|126.8352046735335108_37.5581637508680544
2026-09-04T23:16:36.811991+09:00,발산역,발산역,POI027,KEY_3,1150419800,마곡중앙2로,1150144502,마곡동 808-2,126.8354392475825705_37.5588093803015113,1150144401,마곡동801-2,126.8353395103048484_37.5581508093880885,74.0,13.0,정체,126.8353395103048484_37.5581508093880885|126.8354392475825705_37.5588093803015113
2026-09-04T23:16:36.811991+09:00,발산역,발산역,POI027,KEY_3,1150419900,마곡중앙6로,1150144604,마곡동 797-17,126.8354405248635146_37.5595695294607594,1150144803,마곡동795-8,126.8355105459097700_37.5600668693746229,56.0,7.0,정체,126.8355105459097700_37.5600668693746229|126.8354405248635146_37.5595695294607594
2026-09-04T23:16:36.811991+09:00,발산역,발산역,POI027,KEY_3,1150420000,마곡중앙6로,1150144804,마곡동795-8,126.8355266360785407_37.5601742289107179,1150144903,마곡동 789-10,126.8356571963544752_37.5609950561465453,92.0,13.0,정체,126.8356571963544752_37.5609950561465453|126.8355266360785407_37.5601742289107179
2026-09-04T23:16:36.811991+09:00,발산역,발산역,POI027,KEY_3,1150420100,마곡중앙6로,1150144802,마곡동795-8,126.8356454133569713_37.5600540899636997,1150144601,마곡동 797-17,126.8355752580511364_37.5595558020758560,56.0,8.0,정체,126.8355752580511364_37.5595558020758560|126.8356454133569713_37.5600540899636997
2026-09-04T23:16:36.811991+09:00,발산역,발산역,POI027,KEY_3,1150420200,마곡중앙6로,1150144902,마곡동 789-10,126.8357920851740062_37.5609823952840856,1150144801,마곡동795-8,126.8356615034770840_37.5601614444259368,92.0,14.0,정체,126.8356615034770840_37.5601614444259368|126.8357920851740062_37.5609823952840856
2026-09-04T23:16:36.811991+09:00,발산역,발산역,POI027,KEY_3,1150420300,마곡중앙8로1길,1150144904,마곡동 789-10,126.8356742349839834_37.5611023223528946,1150145003,마곡동 788-5,126.8360599704796385_37.5635339917327684,272.0,13.0,정체,126.8360599704796385_37.5635339917327684|126.8356742349839834_37.5611023223528946
2026-09-04T23:16:36.811991+09:00,발산역,발산역,POI027,KEY_3,1150420400,마곡중앙8로1길,1150145002,마곡동 788-5,126.8361949639833171_37.5635219719725413,1150144901,마곡동 789-10,126.8358091243757855_37.5610896665506644,272.0,17.5,서행,126.8358091243757855_37.5610896665506644|126.8361949639833171_37.5635219719725413
2026-09-04T23:16:36.811991+09:00,발산역,발산역,POI027,KEY_3,1150420500,마곡중앙8로,1150145203,마곡동 789-10,126.8364770013601657_37.5609196539713821,1150144902,마곡동 789-10,126.8357920851740062_37.5609823952840856,61.0,8.0,정체,126.8357920851740062_37.5609823952840856|126.8364770013601657_37.5609196539713821
2026-09-04T23:16:36.811991+09:00,발산역,발산역,POI027,KEY_3,1150420600,마곡중앙8로,1150144901,마곡동 789-10,126.8358091243757855_37.5610896665506644,1150145204,마곡동 789-10,126.8364925281873639_37.5610270643811788,61.0,21.0,서행,126.8364925281873639_37.5610270643811788|126.8358091243757855_37.5610896665506644
2026-09-04T23:16:36.811991+09:00,발산역,발산역,POI027,KEY_3,1150421500,마곡동로4길,1150144601,마곡동 797-17,126.8355752580511364_37.5595558020758560,1150145903,마곡동 796-8,126.8377695096314568_37.5597528706232140,226.0,9.0,정체,126.8377695096314568_37.5597528706232140|126.8376750367937404_37.5594532066334068|126.8376436383031205_37.5593938770169231|126.8376179384656552_37.5593788608118189|126.8375879805322910_37.5593639856061756|126.8375501436959922_37.5593660292694267|126.8374935312904483_37.5593681993480644|126.8355752580511364_37.5595558020758560
2026-09-04T23:16:36.811991+09:00,발산역,발산역,POI027,KEY_3,1150421600,마곡중앙8로3길,1150145204,마곡동 789-10,126.8364925281873639_37.5610270643811788,1150145403,마곡동790-3,126.8368895854583229_37.5634558056279033,272.0,31.0,원활,126.8368895854583229_37.5634558056279033|126.8364925281873639_37.5610270643811788
2026-09-04T23:16:36.811991+09:00,발산역,발산역,POI027,KEY_3,1150421700,마곡동로4길,1150145902,마곡동 794-3,126.8379038144172029_37.5597347169141997,1150144602,마곡동 797-1,126.8355587376322546_37.5594485003173730,244.0,12.0,정체,126.8355587376322546_37.5594485003173730|126.8374890599963720_37.5592601385319043|126.8375672753137735_37.5592587730342302|126.8376641123460900_37.5592744493026203|126.8377146483493192_37.5593029497080764|126.8377692522320643_37.5593527678433503|126.8378067666416626_37.5594268875707442|126.8379038144172029_37.5597347169141997
2026-09-04T23:16:36.811991+09:00,발산역,발산역,POI027,KEY_3,1150421800,마곡중앙6로,1150145903,마곡동 796-8,126.8377695096314568_37.5597528706232140,1150144802,마곡동795-8,126.8356454133569713_37.5600540899636997,191.0,31.0,원활,126.8356454133569713_37.5600540899636997|126.8366877546921927_37.5599514564631178|126.8369205654560403_37.5599216147159325|126.8371554394351790_37.5598735121656588|126.8374637488971359_37.5598018888513394|126.8376078818179167_37.5597765466474698|126.8377695096314568_37.5597528706232140
2026-09-04T23:16:36.811991+09:00,발산역,발산역,POI027,KEY_3,1150421900,마곡중앙6로,1150144801,마곡동795-8,126.8356615034770840_37.5601614444259368,1150145904,마곡동 796-8,126.8378038370677103_37.5598577766027901,193.0,12.0,정체,126.8378038370677103_37.5598577766027901|126.8376324600815650_37.5598828808636256|126.8374930776610938_37.5599074565809232|126.8371935476745591_37.5599772882827452|126.8369544237169464_37.5600263202725841|126.8367095047433821_37.5600581806902412|126.8356615034770840_37.5601614444259368
2026-09-04T23:16:36.811991+09:00,발산역,발산역,POI027,KEY_3,1150422001,공항대로,1150029004,발산역교차로,126.8374105472545637_37.5586057815653120,1150144502,마곡동 808-2,126.8354392475825705_37.5588093803015113,176.0,29.0,원활,126.8354392475825705_37.5588093803015113|126.8374105472545637_37.5586057815653120
2026-09-04T23:16:36.811991+09:00,발산역,발산역,POI027,KEY_3,1150422002,공항대로,1150029008,발산역앞교차로,126.8381511771219436_37.5585292798091572,1150029003,발산역교차로,126.8375462326909968_37.5585917665558426,54.0,3.0,정체,126.8375462326909968_37.5585917665558426|126.8381511771219436_37.5585292798091572
2026-09-04T23:16:36.811991+09:00,발산역,발산역,POI027,KEY_3,1150422101,공항대로,1150029002,발산역교차로,126.8375637077918725_37.5586989875216517,1150029009,발산역앞교차로,126.8381851184764457_37.5586347998771046,55.0,33.0,원활,126.8381851184764457_37.5586347998771046|126.8375637077918725_37.5586989875216517
2026-09-04T23:16:36.811991+09:00,발산역,발산역,POI027,KEY_3,1150422102,공항대로,1150143801,마곡동 775-3,126.8333398581103921_37.5591311289854701,1150029005,발산역교차로,126.8374280222594592_37.5587130025401308,364.0,18.0,서행,126.8374280222594592_37.5587130025401308|126.8354567198058760_37.5589166015442970|126.8353216785587989_37.5589304145240703|126.8333398581103921_37.5591311289854701
2026-09-04T23:16:36.811991+09:00,발산역,발산역,POI027,KEY_3,1150422300,마곡중앙8로3길,1150145402,마곡동790-3,126.8370244519072685_37.5634429501900655,1150145201,마곡동 789-10,126.8366275461055892_37.5610151619675108,272.0,31.0,원활,126.8366275461055892_37.5610151619675108|126.8370244519072685_37.5634429501900655
2026-09-04T23:16:36.811991+09:00,발산역,발산역,POI027,KEY_3,1150422500,마곡중앙8로,1150145503,마곡동 789-10,126.8371436423929310_37.5608626455951153,1150145202,마곡동 789-10,126.8366131535689050_37.5609076513561604,47.0,8.0,정체,126.8366131535689050_37.5609076513561604|126.8371436423929310_37.5608626455951153
2026-09-04T23:16:36.811991+09:00,발산역,발산역,POI027,KEY_3,1150422600,마곡중앙8로,1150145201,마곡동 789-10,126.8366275461055892_37.5610151619675108,1150145504,마곡동 789-10,126.8371580356739798_37.5609701560716545,47.0,36.0,원활,126.8371580356739798_37.5609701560716545|126.8366275461055892_37.5610151619675108
2026-09-04T23:16:36.811991+09:00,발산역,발산역,POI027,KEY_3,1150423400,마곡중앙8로5길,1150145504,마곡동 789-10,126.8371580356739798_37.5609701560716545,1150145803,마곡동792,126.8375276600782087_37.5633949518694692,271.0,15.0,서행,126.8375276600782087_37.5633949518694692|126.8371580356739798_37.5609701560716545
2026-09-04T23:16:36.811991+09:00,발산역,발산역,POI027,KEY_3,1150423600,마곡중앙8로5길,1150145802,마곡동792,126.8376625044230934_37.5633820021888667,1150145501,마곡동 789-10,126.8372931867405811_37.5609592470734981,271.0,23.0,서행,126.8372931867405811_37.5609592470734981|126.8376625044230934_37.5633820021888667
2026-09-04T23:16:36.811991+09:00,발산역,발산역,POI027,KEY_3,1150424000,마곡중앙8로,1150146103,마곡동 789-10,126.8381208566963210_37.5607870940493456,1150145502,마곡동 789-10,126.8372801516027266_37.5608516269170352,75.0,8.0,정체,126.8372801516027266_37.5608516269170352|126.8381208566963210_37.5607870940493456
2026-09-04T23:16:36.811991+09:00,발산역,발산역,POI027,KEY_3,1150424200,마곡중앙8로,1150145501,마곡동 789-10,126.8372931867405811_37.5609592470734981,1150146104,마곡동 789-10,126.8381561407636298_37.5608930067502698,77.0,17.0,서행,126.8381561407636298_37.5608930067502698|126.8372931867405811_37.5609592470734981
2026-09-04T23:16:36.811991+09:00,발산역,발산역,POI027,KEY_3,1150424800,마곡중앙6로,1150145904,마곡동 796-8,126.8378038370677103_37.5598577766027901,1150146103,마곡동 789-10,126.8381208566963210_37.5607870940493456,107.0,10.0,정체,126.8381208566963210_37.5607870940493456|126.8378038370677103_37.5598577766027901
2026-09-04T23:16:36.811991+09:00,발산역,발산역,POI027,KEY_3,1150425100,마곡중앙6로,1150146102,마곡동 789-10,126.8382584988430608_37.5607780252386831,1150145901,마곡동 794-3,126.8379384640187197_37.5598398709925121,108.0,11.0,정체,126.8379384640187197_37.5598398709925121|126.8382584988430608_37.5607780252386831
2026-09-04T23:16:36.811991+09:00,발산역,발산역,POI027,KEY_3,1150425300,강서로,1150030703,등촌동 709,126.8385237764946822_37.5596590721435390,1150145902,마곡동 794-3,126.8379038144172029_37.5597347169141997,55.0,4.0,정체,126.8379038144172029_37.5597347169141997|126.8385237764946822_37.5596590721435390
2026-09-04T23:16:36.811991+09:00,발산역,발산역,POI027,KEY_3,1150425400,강서로,1150145901,마곡동 794-3,126.8379384640187197_37.5598398709925121,1150030704,등촌동 709,126.8385583871243085_37.5597642315047793,55.0,12.0,정체,126.8385583871243085_37.5597642315047793|126.8379384640187197_37.5598398709925121
2026-09-04T23:16:36.811991+09:00,발산역,발산역,POI027,KEY_3,1150425500,마곡중앙10로,1150146503,마곡동 788-5,126.8389187233626103_37.5632605403728235,1150145802,마곡동792,126.8376625044230934_37.5633820021888667,112.0,24.0,서행,126.8376625044230934_37.5633820021888667|126.8389187233626103_37.5632605403728235
2026-09-04T23:16:36.811991+09:00,발산역,발산역,POI027,KEY_3,1150425700,마곡중앙10로,1150145801,마곡동792,126.8376790860897074_37.5634893130113241,1150146504,마곡동 788-5,126.8389525008029182_37.5633661888971702,113.0,13.0,정체,126.8389525008029182_37.5633661888971702|126.8376790860897074_37.5634893130113241
2026-09-04T23:16:36.811991+09:00,발산역,발산역,POI027,KEY_3,1150426000,마곡중앙8로7길,1150146104,마곡동 789-10,126.8381561407636298_37.5608930067502698,1150146503,마곡동 788-5,126.8389187233626103_37.5632605403728235,271.0,27.0,원활,126.8389187233626103_37.5632605403728235|126.8381561407636298_37.5608930067502698
2026-09-04T23:16:36.811991+09:00,발산역,발산역,POI027,KEY_3,1150426300,마곡중앙8로,1150031803,등촌동 709,126.8388799352455294_37.5607467891492064,1150146102,마곡동 789-10,126.8382584988430608_37.5607780252386831,55.0,8.0,정체,126.8382584988430608_37.5607780252386831|126.8388799352455294_37.5607467891492064
2026-09-04T23:16:36.811991+09:00,발산역,발산역,POI027,KEY_3,1150426400,마곡중앙8로,1150146101,마곡동 789-10,126.8382935502586690_37.5608843100478111,1150031804,등촌동 709,126.8389140890373454_37.5608509288689092,55.0,19.5,서행,126.8389140890373454_37.5608509288689092|126.8382935502586690_37.5608843100478111
2026-09-04T23:16:36.811991+09:00,발산역,발산역,POI027,KEY_3,1150426600,마곡중앙8로7길,1150146502,마곡동 788-5,126.8390550086403010_37.5632483376584787,1150146101,마곡동 789-10,126.8382935502586690_37.5608843100478111,271.0,23.0,서행,126.8382935502586690_37.5608843100478111|126.8390550086403010_37.5632483376584787
2026-09-04T23:16:36.811991+09:00,발산역,발산역,POI027,KEY_3,1150427500,마곡동로10길,1150146504,마곡동 788-5,126.8389525008029182_37.5633661888971702,1150146803,마곡동 781-15,126.8394613145432999_37.5649731732607250,184.0,22.0,서행,126.8394613145432999_37.5649731732607250|126.8389525008029182_37.5633661888971702
2026-09-04T23:16:36.811991+09:00,발산역,발산역,POI027,KEY_3,1150427600,마곡동로10길,1150146802,마곡동 776-9,126.8395972420332782_37.5649600796846030,1150146501,마곡동 788-5,126.8390887719296103_37.5633541913248763,184.0,23.0,서행,126.8390887719296103_37.5633541913248763|126.8395972420332782_37.5649600796846030
2026-09-04T23:16:36.811991+09:00,발산역,발산역,POI027,KEY_3,1150427700,마곡중앙10로,1150005703,등촌1-10단지앞교차로,126.8396861857425364_37.5631977716060206,1150146502,마곡동 788-5,126.8390550086403010_37.5632483376584787,56.0,4.0,정체,126.8390550086403010_37.5632483376584787|126.8396861857425364_37.5631977716060206
2026-09-04T23:16:36.811991+09:00,발산역,발산역,POI027,KEY_3,1150427800,마곡중앙10로,1150146501,마곡동 788-5,126.8390887719296103_37.5633541913248763,1150005704,등촌1-10단지앞교차로,126.8397203720518291_37.5633027237737167,56.0,16.0,서행,126.8397203720518291_37.5633027237737167|126.8390887719296103_37.5633541913248763
2026-09-04T23:16:36.811991+09:00,발산역,발산역,POI027,KEY_3,1150428700,강서로,1150005704,등촌1-10단지앞교차로,126.8397203720518291_37.5633027237737167,1150147003,KT가양빌딩,126.8402339447114286_37.5649013322239611,183.0,36.0,원활,126.8402339447114286_37.5649013322239611|126.8397203720518291_37.5633027237737167
2026-09-04T23:16:36.811991+09:00,발산역,발산역,POI027,KEY_3,1150428800,강서로,1150147002,KT가양빌딩,126.8403655344729373_37.5648745441111132,1150005701,등촌1-10단지앞교차로,126.8398546136223644_37.5632842045207411,182.0,44.0,원활,126.8398546136223644_37.5632842045207411|126.8403655344729373_37.5648745441111132
2026-09-04T23:16:36.811991+09:00,발산역,발산역,POI027,KEY_3,1150431100,마곡동로2길,1150143506,서울가곡초등학교,126.8350271362563717_37.5560819152047785,1150148802,서울가곡초등학교,126.8365609872267328_37.5559474561603963,136.0,16.0,서행,126.8365609872267328_37.5559474561603963|126.8350271362563717_37.5560819152047785
2026-09-04T23:16:36.811991+09:00,발산역,발산역,POI027,KEY_3,1150431200,마곡동로2길,1150148801,서울가곡초등학교,126.8366641738323324_37.5558296369560694,1150143507,서울가곡초등학교,126.8349442511752727_37.5560130568887658,153.0,28.0,원활,126.8349442511752727_37.5560130568887658|126.8366641738323324_37.5558296369560694
2026-09-04T23:16:36.811991+09:00,발산역,발산역,POI027,KEY_3,1150435500,공항대로36길,1150172600,내발산동 654-7,126.8369433124920391_37.5567243744775467,1150148801,서울가곡초등학교,126.8366641738323324_37.5558296369560694,102.0,21.0,서행,126.8366641738323324_37.5558296369560694|126.8369408817935806_37.5567168612510400|126.8369433124920391_37.5567243744775467
2026-09-04T23:16:36.811991+09:00,발산역,발산역,POI027,KEY_3,1150435600,공항대로36길,1150157200,마곡동 808-4,126.8372217203108505_37.5580183968786727,1150029004,발산역교차로,126.8374105472545637_37.5586057815653120,67.0,16.0,서행,126.8374105472545637_37.5586057815653120|126.8372217263437278_37.5580184155255381|126.8372217203108505_37.5580183968786727
2026-09-04T23:16:36.811991+09:00,사당역,사당역,POI029,KEY_4,1210041200,방배천로,1210018303,만남의광장,126.9826774245232031_37.4770956879658286,1210018502,사당역,126.9817437830158013_37.4771994664082868,83.0,32.0,원활,126.9817437830158013_37.4771994664082868|126.9826774245232031_37.4770956879658286
2026-09-04T23:16:36.811991+09:00,사당역,사당역,POI029,KEY_4,1210041300,방배천로,1210018501,사당역,126.9817502949196921_37.4773079097285162,1210018304,만남의광장,126.9826398554988032_37.4772090314510322,79.0,7.0,정체,126.9826398554988032_37.4772090314510322|126.9817502949196921_37.4773079097285162
2026-09-04T23:16:36.811991+09:00,사당역,사당역,POI029,KEY_4,1210041100,방배천로2길,1210018301,만남의광장,126.9827974715784791_37.4771918993242608,1210018104,사조비앤엠,126.9831110962849863_37.4771602618443040,28.0,16.0,서행,126.9831110962849863_37.4771602618443040|126.9827974715784791_37.4771918993242608
2026-09-04T23:16:36.811991+09:00,사당역,사당역,POI029,KEY_4,1200001505,남부순환로,1200132500,남현동 1129-1,126.9783525562753113_37.4766273240377927,1200013402,신한은행사당지점,126.9776771148018355_37.4766039630478005,60.0,34.0,원활,126.9776771148018355_37.4766039630478005|126.9783525562753113_37.4766273240377927
2026-09-04T23:16:36.811991+09:00,사당역,사당역,POI029,KEY_4,1200001506,남부순환로,1200013303,사당역사거리,126.9815670557517393_37.4764560893672538,1200013502,사당고가차도(서측),126.9787009972853724_37.4766393737914996,255.0,14.0,정체,126.9787009972853724_37.4766393737914996|126.9789650020834841_37.4765785388182664|126.9801113064884248_37.4765498880248984|126.9815670557517393_37.4764560893672538
2026-09-04T23:16:36.811991+09:00,사당역,사당역,POI029,KEY_4,1200001605,남부순환로,1190054000,사당동 1129,126.9783466956105258_37.4767352419899780,1200013501,사당고가차도(서측),126.9787001825253299_37.4767474172804356,31.0,22.0,서행,126.9787001825253299_37.4767474172804356|126.9783466956105258_37.4767352419899780
2026-09-04T23:16:36.811991+09:00,사당역,사당역,POI029,KEY_4,1200001606,남부순환로,1200013501,사당고가차도(서측),126.9787001825253299_37.4767474172804356,1200013304,사당역사거리,126.9815732086563997_37.4766726412872657,255.0,23.7,서행,126.9815732086563997_37.4766726412872657|126.9801265014511102_37.4767658562949109|126.9789735053924602_37.4767946745016403|126.9787001825253299_37.4767474172804356
2026-09-04T23:16:36.811991+09:00,사당역,사당역,POI029,KEY_4,1200029400,남현1길,1200124700,남현동 1127,126.9783505255877287_37.4758331487339404,1200012702,남현동 1124,126.9774083343266255_37.4758329723464598,83.0,11.0,정체,126.9774083343266255_37.4758329723464598|126.9783505255877287_37.4758331487339404
2026-09-04T23:16:36.811991+09:00,사당역,사당역,POI029,KEY_4,1200029500,남현1길,1200124800,남현동 1126,126.9783504943989669_37.4759412699036858,1200012604,사당역,126.9815729873653396_37.4759244431946215,285.0,9.0,정체,126.9815729873653396_37.4759244431946215|126.9812548651862727_37.4759025444998670|126.9812539432546714_37.4759025800500751|126.9810035708241287_37.4759122342870654|126.9801469632111974_37.4759452606210459|126.9798496083057984_37.4759272567643791|126.9795261688568644_37.4759303639910115|126.9783894695607387_37.4759412770384230|126.9783504943989669_37.4759412699036858
2026-09-04T23:16:36.811991+09:00,사당역,사당역,POI029,KEY_4,1210008004,과천대로,1200012604,사당역,126.9815729873653396_37.4759244431946215,1200013303,사당역사거리,126.9815670557517393_37.4764560893672538,59.0,19.0,서행,126.9815670557517393_37.4764560893672538|126.9815729873653396_37.4759244431946215
2026-09-04T23:16:36.811991+09:00,사당역,사당역,POI029,KEY_4,1210008011,과천대로,1200062900,최소노드배치점,126.9822525246905229_37.4734022440347303,1200012603,사당역,126.9815823220961875_37.4758165626830646,275.0,23.0,서행,126.9815823220961875_37.4758165626830646|126.9817001113355701_37.4750801148305257|126.9817905847563964_37.4746695755126211|126.9820074384190463_37.4739500549048046|126.9822334447884487_37.4734412030830981|126.9822525246905229_37.4734022440347303
2026-09-04T23:16:36.811991+09:00,사당역,사당역,POI029,KEY_4,1210008103,과천대로,1200013302,사당역사거리,126.9817028736171522_37.4764428156749503,1200012601,사당역,126.9817086454812056_37.4759254044758237,57.0,27.5,원활,126.9817086454812056_37.4759254044758237|126.9817028736171522_37.4764428156749503
2026-09-04T23:16:36.811991+09:00,사당역,사당역,POI029,KEY_4,1210010802,남부순환로,1210017903,사당역,126.9828244412134239_37.4763105643704293,1200013302,사당역사거리,126.9817028736171522_37.4764428156749503,100.0,24.0,서행,126.9817028736171522_37.4764428156749503|126.9828244412134239_37.4763105643704293
2026-09-04T23:16:36.811991+09:00,사당역,사당역,POI029,KEY_4,1210010803,남부순환로,1210003303,서울메트로교차로,126.9859091321453235_37.4757933674249983,1210017903,사당역,126.9828244412134239_37.4763105643704293,280.0,29.5,원활,126.9828244412134239_37.4763105643704293|126.9838822367532885_37.4761741693844570|126.9845101702115926_37.4760682802059222|126.9852145546307440_37.4759088277420105|126.9856963687830245_37.4757894650169021|126.9859091321453235_37.4757933674249983
2026-09-04T23:16:36.811991+09:00,사당역,사당역,POI029,KEY_4,1210010902,남부순환로,1200013301,사당역사거리,126.9817082784629605_37.4766607747569367,1210017904,사당역,126.9827527470157378_37.4765376153703258,93.0,8.0,정체,126.9827527470157378_37.4765376153703258|126.9817082784629605_37.4766607747569367
2026-09-04T23:16:36.811991+09:00,사당역,사당역,POI029,KEY_4,1210010903,남부순환로,1210017902,사당역,126.9830561823782915_37.4764997376228024,1210003304,서울메트로교차로,126.9859494025058098_37.4758966152538164,266.0,13.0,정체,126.9859494025058098_37.4758966152538164|126.9857769093572557_37.4759959608525506|126.9852919046509356_37.4761161137957686|126.9845753962514294_37.4762783105096844|126.9839320162596152_37.4763868045525186|126.9830561823782915_37.4764997376228024
2026-09-04T23:16:36.811991+09:00,사당역,사당역,POI029,KEY_4,1210013202,동작대로,1190033600,사당동 345-15,126.9817861676152404_37.4805935022985111,1210020003,삼산빌딩,126.9818242931630436_37.4813376709689763,83.0,5.0,정체,126.9818242931630436_37.4813376709689763|126.9817861676152404_37.4805935022985111
2026-09-04T23:16:36.811991+09:00,사당역,사당역,POI029,KEY_4,1210013301,동작대로,1210018502,사당역,126.9817437830158013_37.4771994664082868,1200013301,사당역사거리,126.9817082784629605_37.4766607747569367,60.0,19.0,서행,126.9817082784629605_37.4766607747569367|126.9817437830158013_37.4771994664082868
2026-09-04T23:16:36.811991+09:00,사당역,사당역,POI029,KEY_4,1210013302,동작대로,1210468700,방배동 443-12,126.9818049976731800_37.4783394618983792,1210018501,사당역,126.9817502949196921_37.4773079097285162,115.0,19.0,서행,126.9817502949196921_37.4773079097285162|126.9818049976731800_37.4783394618983792
2026-09-04T23:16:36.811991+09:00,사당역,사당역,POI029,KEY_4,1210040300,남부순환로,1210018102,사조비앤엠,126.9832282659307907_37.4770362167618387,1210017902,사당역,126.9830561823782915_37.4764997376228024,62.0,7.0,정체,126.9830561823782915_37.4764997376228024|126.9830940755248747_37.4765277731399067|126.9832282659307907_37.4770362167618387
2026-09-04T23:16:36.811991+09:00,사당역,사당역,POI029,KEY_4,1210040700,방배천로2길,1210018403,방배동 503-2,126.9865499553038575_37.4771840753630201,1210018102,사조비앤엠,126.9832282659307907_37.4770362167618387,312.0,10.0,정체,126.9832282659307907_37.4770362167618387|126.9838387279922500_37.4769433744873552|126.9842264784725216_37.4768844016010547|126.9844843494000770_37.4768366985496968|126.9850479258344080_37.4767324414477372|126.9851328673271667_37.4767167276972017|126.9853016753093016_37.4766847179225664|126.9854463664147772_37.4766991501857447|126.9855880761818980_37.4767611614829477|126.9864528235630843_37.4771395635469844|126.9865499553038575_37.4771840753630201
2026-09-04T23:16:36.811991+09:00,사당역,사당역,POI029,KEY_4,1210040800,방배천로2길,1210481800,방배동 500-2,126.9855227810337936_37.4768559361672118,1210018404,방배동 503-2,126.9867909913023567_37.4774192533986010,128.0,18.0,서행,126.9867909913023567_37.4774192533986010|126.9863863560306783_37.4772338258397397|126.9855227810337936_37.4768559361672118
2026-09-04T23:16:36.811991+09:00,사당역,사당역,POI029,KEY_4,1210041000,방배천로2길,1210018103,사조비앤엠,126.9830940597976507_37.4770529961187151,1210018302,만남의광장,126.9828120263917697_37.4770814474041529,25.0,9.0,정체,126.9828120263917697_37.4770814474041529|126.9830940597976507_37.4770529961187151
2026-09-04T23:16:36.811991+09:00,사당역,사당역,POI029,KEY_4,1210041500,방배천로,1210470700,방배동 493-3,126.9825683523388307_37.4783076787632652,1210018301,만남의광장,126.9827974715784791_37.4771918993242608,126.0,16.5,서행,126.9827974715784791_37.4771918993242608|126.9826927892492421_37.4773818532591676|126.9826336040056276_37.4779466108636683|126.9825683523388307_37.4783076787632652
2026-09-04T23:16:36.811991+09:00,사당역,사당역,POI029,KEY_4,1210041600,방배천로,1210470600,방배동 493-3,126.9824340696896314_37.4782922656353747,1210020108,한국영농신문,126.9823867484598452_37.4813297051922873,338.0,12.0,정체,126.9823867484598452_37.4813297051922873|126.9822960071732609_37.4793999970057357|126.9823413875449205_37.4788051096968715|126.9824340696896314_37.4782922656353747
2026-09-04T23:16:36.811991+09:00,사당역,사당역,POI029,KEY_4,1210178200,남부순환로,1210473400,최소노드배치점,126.9823646816492584_37.4765287259015523,1210003304,서울메트로교차로,126.9859494025058098_37.4758966152538164,325.0,38.0,원활,126.9859494025058098_37.4758966152538164|126.9852725668233688_37.4760642916119622|126.9845590899898724_37.4762258029378472|126.9839195713567648_37.4763336450874291|126.9828555926954294_37.4764708382123786|126.9823646816492584_37.4765287259015523
2026-09-04T23:16:36.811991+09:00,사당역,사당역,POI029,KEY_4,1210178300,남부순환로,1210473300,최소노드배치점,126.9823448255159946_37.4764217699743014,1200013502,사당고가차도(서측),126.9787009972853724_37.4766393737914996,323.0,42.0,원활,126.9787009972853724_37.4766393737914996|126.9801151055036144_37.4766038798681222|126.9816260227920424_37.4765065271099331|126.9823448255159946_37.4764217699743014
2026-09-04T23:16:36.811991+09:00,삼각지역,삼각지역,POI030,KEY_1,1020014201,한강대로,1020026100,삼각지역10번출구,126.9742878403268662_37.5365230850403009,1020025601,삼각지역교차로,126.9741286309340893_37.5356441095230551,100.0,42.0,원활,126.9741286309340893_37.5356441095230551|126.9742144475380172_37.5358076529602371|126.9742840895532794_37.5360223351451125|126.9743213281359431_37.5362712689839313|126.9742979653557313_37.5364679009623998|126.9742878403268662_37.5365230850403009
2026-09-04T23:16:36.811991+09:00,삼각지역,삼각지역,POI030,KEY_1,1020009302,한강대로,1020025100,삼각지역7번출구,126.9734329393310475_37.5350708801419586,1020025603,삼각지역교차로,126.9739472931050841_37.5356089153529453,75.0,47.0,원활,126.9739472931050841_37.5356089153529453|126.9738394312628174_37.5354850527930566|126.9734329393310475_37.5350708801419586
2026-09-04T23:16:36.811991+09:00,삼각지역,삼각지역,POI030,KEY_1,1020009402,한강대로,1020025602,삼각지역교차로,126.9740601326000160_37.5355487598275559,1020024700,삼각지역7번출구,126.9735399131187421_37.5350043003819138,76.0,5.0,정체,126.9735399131187421_37.5350043003819138|126.9739487928858210_37.5354209040961138|126.9740601326000160_37.5355487598275559
2026-09-04T23:16:36.811991+09:00,삼각지역,삼각지역,POI030,KEY_1,1020011301,이태원로,1020024900,삼각지역13번출구,126.9749769084332343_37.5349767961125238,1020025602,삼각지역교차로,126.9740601326000160_37.5355487598275559,103.0,36.5,원활,126.9740601326000160_37.5355487598275559|126.9743097291953688_37.5353822428393471|126.9749769084332343_37.5349767961125238
2026-09-04T23:16:36.811991+09:00,삼각지역,삼각지역,POI030,KEY_1,1020011302,이태원로,1020172000,용산동1가 8-4,126.9758108129347249_37.5345865931169627,1020024900,삼각지역13번출구,126.9749769084332343_37.5349767961125238,86.0,37.5,원활,126.9749769084332343_37.5349767961125238|126.9752246722463696_37.5348262262511767|126.9755579245992294_37.5346530089152211|126.9756727269330270_37.5346093142588373|126.9758108129347249_37.5345865931169627
2026-09-04T23:16:36.811991+09:00,삼각지역,삼각지역,POI030,KEY_1,1020011401,이태원로,1020025601,삼각지역교차로,126.9741286309340893_37.5356441095230551,1020025200,삼각지역(서울6호선),126.9750592746409410_37.5350627473837051,105.0,20.0,서행,126.9750592746409410_37.5350627473837051|126.9743945507994880_37.5354667021441912|126.9741286309340893_37.5356441095230551
2026-09-04T23:16:36.811991+09:00,삼각지역,삼각지역,POI030,KEY_1,1020012501,백범로,1020037902,삼각지고가차도(동측),126.9728791096191856_37.5359752795594801,1020027102,삼각지고가차도(서측),126.9677288676026876_37.5375445517424211,487.0,29.0,원활,126.9677288676026876_37.5375445517424211|126.9695926562404367_37.5369758898650616|126.9701318143721522_37.5368090819879754|126.9706406142201445_37.5366572882838270|126.9714452222487893_37.5364042044241515|126.9728791096191856_37.5359752795594801
2026-09-04T23:16:36.811991+09:00,삼각지역,삼각지역,POI030,KEY_1,1020012502,백범로,1020025603,삼각지역교차로,126.9739472931050841_37.5356089153529453,1020025800,삼각지역8번출구,126.9732142110164972_37.5358680244183063,71.0,25.0,원활,126.9732142110164972_37.5358680244183063|126.9737037621432734_37.5357113531253859|126.9739472931050841_37.5356089153529453
2026-09-04T23:16:36.811991+09:00,삼각지역,삼각지역,POI030,KEY_1,1020012601,백범로,1020027101,삼각지고가차도(서측),126.9677775911532080_37.5376454699409763,1020037901,삼각지고가차도(동측),126.9729282965810881_37.5360760482562767,487.0,12.0,정체,126.9729282965810881_37.5360760482562767|126.9714940374053072_37.5365050994439287|126.9706893741407754_37.5367582007369904|126.9701802172559724_37.5369100999754153|126.9696415303806987_37.5370767622295958|126.9677775911532080_37.5376454699409763
2026-09-04T23:16:36.811991+09:00,삼각지역,삼각지역,POI030,KEY_1,1020012602,백범로,1020025900,삼각지역9번출구,126.9732648398461947_37.5359683460905913,1020025604,삼각지역교차로,126.9740127329014001_37.5357036653550509,72.0,14.0,정체,126.9740127329014001_37.5357036653550509|126.9737609376188203_37.5358095794168420|126.9732648398461947_37.5359683460905913
2026-09-04T23:16:36.811991+09:00,삼각지역,삼각지역,POI030,KEY_1,1020014101,한강대로,1020025604,삼각지역교차로,126.9740127329014001_37.5357036653550509,1020026300,삼각지역10번출구,126.9741534931197577_37.5365074530867560,92.0,19.0,서행,126.9741534931197577_37.5365074530867560|126.9741631206036629_37.5364549845269977|126.9741847918449622_37.5362725862118936|126.9741503498416080_37.5360423405955430|126.9740854223847748_37.5358421943092253|126.9740127329014001_37.5357036653550509
2026-09-04T23:16:36.811991+09:00,삼각지역,삼각지역,POI030,KEY_1,1020014202,한강대로,1020131600,한강로1가 11-13,126.9741900195763549_37.5369252595219507,1020026100,삼각지역10번출구,126.9742878403268662_37.5365230850403009,45.0,30.0,원활,126.9742878403268662_37.5365230850403009|126.9742659023367821_37.5366426475340518|126.9741900195763549_37.5369252595219507
2026-09-04T23:16:36.811991+09:00,삼각지역,삼각지역,POI030,KEY_1,1020041600,이태원로,1020024900,삼각지역13번출구,126.9749769084332343_37.5349767961125238,1020024700,삼각지역7번출구,126.9735399131187421_37.5350043003819138,133.0,19.0,서행,126.9735399131187421_37.5350043003819138|126.9737871420369544_37.5350683590055922|126.9740745093847494_37.5351141932787655|126.9743259590357241_37.5351428549854020|126.9744936004149025_37.5351390773759803|126.9746804090904675_37.5351124173200219|126.9749769084332343_37.5349767961125238
2026-09-04T23:16:36.811991+09:00,삼각지역,삼각지역,POI030,KEY_1,1020042000,한강대로,1020025100,삼각지역7번출구,126.9734329393310475_37.5350708801419586,1020025800,삼각지역8번출구,126.9732142110164972_37.5358680244183063,99.0,21.0,서행,126.9732142110164972_37.5358680244183063|126.9733594327573485_37.5358059269681803|126.9734228796811522_37.5357567484317087|126.9734612351895180_37.5356518652658693|126.9734828450604738_37.5354935787201356|126.9734805099240447_37.5353238449836439|126.9734329393310475_37.5350708801419586
2026-09-04T23:16:36.811991+09:00,삼각지역,삼각지역,POI030,KEY_1,1020042700,한강대로,1020026100,삼각지역10번출구,126.9742878403268662_37.5365230850403009,1020025200,삼각지역(서울6호선),126.9750592746409410_37.5350627473837051,177.0,30.7,원활,126.9750592746409410_37.5350627473837051|126.9748767335852051_37.5352726571772237|126.9747904745872802_37.5354004160112282|126.9747233793208210_37.5355186435926313|126.9746634608651732_37.5356559432532677|126.9746035202002048_37.5358580851873924|126.9744788894439296_37.5361422194916159|126.9743662656054255_37.5363310006673174|126.9742878403268662_37.5365230850403009
2026-09-04T23:16:36.811991+09:00,삼각지역,삼각지역,POI030,KEY_1,1020043000,백범로,1020025900,삼각지역9번출구,126.9732648398461947_37.5359683460905913,1020026300,삼각지역10번출구,126.9741534931197577_37.5365074530867560,106.0,17.0,서행,126.9741534931197577_37.5365074530867560|126.9740836590516437_37.5363538243993915|126.9739256446785731_37.5362145697140122|126.9738011461972036_37.5361115577945768|126.9736574773157685_37.5360428695899984|126.9734563275352457_37.5359856101105933|126.9732648398461947_37.5359683460905913
2026-09-04T23:16:36.811991+09:00,삼각지역,삼각지역,POI030,KEY_1,1020043101,백범로,1020025800,삼각지역8번출구,126.9732142110164972_37.5358680244183063,1020037902,삼각지고가차도(동측),126.9728791096191856_37.5359752795594801,32.0,24.0,서행,126.9728791096191856_37.5359752795594801|126.9732142110164972_37.5358680244183063
2026-09-04T23:16:36.811991+09:00,삼각지역,삼각지역,POI030,KEY_1,1020043102,백범로99길,1020037902,삼각지고가차도(동측),126.9728791096191856_37.5359752795594801,1020037802,삼각지고가차도,126.9714218863204991_37.5363534364092146,136.0,31.0,원활,126.9714218863204991_37.5363534364092146|126.9726010356899621_37.5360007149303883|126.9728791096191856_37.5359752795594801
2026-09-04T23:16:36.811991+09:00,삼각지역,삼각지역,POI030,KEY_1,1020043201,백범로,1020037901,삼각지고가차도(동측),126.9729282965810881_37.5360760482562767,1020025900,삼각지역9번출구,126.9732648398461947_37.5359683460905913,32.0,23.0,서행,126.9732648398461947_37.5359683460905913|126.9729282965810881_37.5360760482562767
2026-09-04T23:16:36.811991+09:00,삼각지역,삼각지역,POI030,KEY_1,1020043202,백범로99길,1020037801,삼각지고가차도,126.9715173745611594_37.5365558674436173,1020037901,삼각지고가차도(동측),126.9729282965810881_37.5360760482562767,136.0,29.0,원활,126.9729282965810881_37.5360760482562767|126.9726965267358452_37.5362031442635811|126.9715173745611594_37.5365558674436173
2026-09-04T23:16:36.811991+09:00,삼각지역,삼각지역,POI030,KEY_1,1020057501,한강대로,1020058400,한강로1가 228-1,126.9732120555661368_37.5348400238888473,1020025100,삼각지역7번출구,126.9734329393310475_37.5350708801419586,32.0,46.0,원활,126.9734329393310475_37.5350708801419586|126.9732120555661368_37.5348400238888473
2026-09-04T23:16:36.811991+09:00,서울대입구역,서울대입구역,POI031,KEY_2,1200000702,관악로,1200147600,봉천동 1693-29,126.9522246538503936_37.4777352134391819,1200015703,관악구청앞교차로,126.9522377459285281_37.4786693925832921,104.0,35.5,원활,126.9522377459285281_37.4786693925832921|126.9522077157591440_37.4782346145373069|126.9522055955279285_37.4782039175510846|126.9521997038051779_37.4779133486468794|126.9522246538503936_37.4777352134391819
2026-09-04T23:16:36.811991+09:00,서울대입구역,서울대입구역,POI031,KEY_2,1200002501,남부순환로,1200016403,대주빌딩,126.9574913970491110_37.4793760798364062,1200016502,원당초교입구교차로,126.9559402890267705_37.4799879964122979,153.0,23.0,서행,126.9559402890267705_37.4799879964122979|126.9574913970491110_37.4793760798364062
2026-09-04T23:16:36.811991+09:00,서울대입구역,서울대입구역,POI031,KEY_2,1200002601,남부순환로,1200016501,원당초교입구교차로,126.9559206387162646_37.4801163909857848,1200016404,대주빌딩,126.9575515870621558_37.4794729778043134,161.0,26.0,원활,126.9575515870621558_37.4794729778043134|126.9559206387162646_37.4801163909857848
2026-09-04T23:16:36.811991+09:00,서울대입구역,서울대입구역,POI031,KEY_2,1200002904,쑥고개로,1200153800,봉천동 1693-14,126.9487765703259896_37.4791184371890367,1200015904,봉천동 1693-14,126.9505376178615847_37.4789435653166905,157.0,19.0,서행,126.9505376178615847_37.4789435653166905|126.9499023027108819_37.4790066551792052|126.9493012906527269_37.4790663353359861|126.9487765703259896_37.4791184371890367
2026-09-04T23:16:36.811991+09:00,서울대입구역,서울대입구역,POI031,KEY_2,1200002905,쑥고개로,1200133600,봉천동 1693-14,126.9513985522525559_37.4788598121389285,1200015704,관악구청앞교차로,126.9522505906299727_37.4787770665901121,76.0,24.0,서행,126.9522505906299727_37.4787770665901121|126.9513985522525559_37.4788598121389285
2026-09-04T23:16:36.811991+09:00,서울대입구역,서울대입구역,POI031,KEY_2,1200003004,쑥고개로,1200133700,봉천동 1693-14,126.9513821417355217_37.4787524843844011,1200015902,봉천동 1693-14,126.9506555196940241_37.4788230451029918,65.0,8.0,정체,126.9506555196940241_37.4788230451029918|126.9513821417355217_37.4787524843844011
2026-09-04T23:16:36.811991+09:00,서울대입구역,서울대입구역,POI031,KEY_2,1200003301,관악로,1200137200,봉천동 979-2,126.9524878048813292_37.4801951810912044,1200017803,서울대입구역앞교차로,126.9526605547101354_37.4812278801779613,116.0,20.0,서행,126.9526605547101354_37.4812278801779613|126.9525338709949125_37.4804705672934091|126.9524878048813292_37.4801951810912044
2026-09-04T23:16:36.811991+09:00,서울대입구역,서울대입구역,POI031,KEY_2,1200003401,관악로,1200154100,봉천동 979-3,126.9524660705434087_37.4792470168027734,1200015701,관악구청앞교차로,126.9523850704364207_37.4787627796784051,54.0,22.5,서행,126.9523850704364207_37.4787627796784051|126.9524660705434087_37.4792470168027734
2026-09-04T23:16:36.811991+09:00,서울대입구역,서울대입구역,POI031,KEY_2,1200003702,남부순환로,1200016503,원당초교입구교차로,126.9557958253940910_37.4800450576380442,1200017802,서울대입구역앞교차로,126.9527915715378725_37.4811928722608272,295.0,21.0,서행,126.9527915715378725_37.4811928722608272|126.9531845048482381_37.4810807920192062|126.9557958253940910_37.4800450576380442
2026-09-04T23:16:36.811991+09:00,서울대입구역,서울대입구역,POI031,KEY_2,1200003802,남부순환로,1200017801,서울대입구역앞교차로,126.9528230848760160_37.4812987216698303,1200016504,원당초교입구교차로,126.9557714315071593_37.4801755064166073,289.0,18.0,서행,126.9557714315071593_37.4801755064166073|126.9532377759305035_37.4811804349692039|126.9528230848760160_37.4812987216698303
2026-09-04T23:16:36.811991+09:00,서울대입구역,서울대입구역,POI031,KEY_2,1200004300,봉천로,1200125700,봉천동 976-2,126.9539561572800608_37.4817575055817400,1200018502,봉천로사거리,126.9532176156306775_37.4820077732204027,71.0,19.0,서행,126.9532176156306775_37.4820077732204027|126.9539561572800608_37.4817575055817400
2026-09-04T23:16:36.811991+09:00,서울대입구역,서울대입구역,POI031,KEY_2,1200004400,봉천로,1200137100,봉천동 1693-67,126.9558280377526103_37.4805793725063552,1200016501,원당초교입구교차로,126.9559206387162646_37.4801163909857848,52.0,15.0,서행,126.9559206387162646_37.4801163909857848|126.9558280377526103_37.4805793725063552
2026-09-04T23:16:36.811991+09:00,서울대입구역,서울대입구역,POI031,KEY_2,1200004801,남부순환로,1200154700,최소노드배치점,126.9495413094698080_37.4816992764322237,1200017804,서울대입구역앞교차로,126.9526941920900214_37.4813327311166375,282.0,24.0,서행,126.9526941920900214_37.4813327311166375|126.9523071664939522_37.4814260600463669|126.9519781168149848_37.4814732693768704|126.9495413094698080_37.4816992764322237
2026-09-04T23:16:36.811991+09:00,서울대입구역,서울대입구역,POI031,KEY_2,1200004902,관악로,1200017804,서울대입구역앞교차로,126.9526941920900214_37.4813327311166375,1200018503,봉천로사거리,126.9530925534990615_37.4820505395562833,87.0,10.0,정체,126.9530925534990615_37.4820505395562833|126.9528795135001928_37.4817271617772008|126.9526941920900214_37.4813327311166375
2026-09-04T23:16:36.811991+09:00,서울대입구역,서울대입구역,POI031,KEY_2,1200005002,관악로,1200018502,봉천로사거리,126.9532176156306775_37.4820077732204027,1200017801,서울대입구역앞교차로,126.9528230848760160_37.4812987216698303,86.0,26.0,원활,126.9528230848760160_37.4812987216698303|126.9530035917882600_37.4816829031847973|126.9532176156306775_37.4820077732204027
2026-09-04T23:16:36.811991+09:00,서울대입구역,서울대입구역,POI031,KEY_2,1200006701,관악로,1200018504,봉천로사거리,126.9531617530743546_37.4821434849747632,1200019003,봉천동 738-2,126.9542278055383804_37.4833743780636368,166.0,19.0,서행,126.9542278055383804_37.4833743780636368|126.9531617530743546_37.4821434849747632
2026-09-04T23:16:36.811991+09:00,서울대입구역,서울대입구역,POI031,KEY_2,1200006801,관악로,1200019002,봉천동 974,126.9543394692249194_37.4833129616067495,1200018501,봉천로사거리,126.9532896763081737_37.4821008446812698,163.0,20.0,서행,126.9532896763081737_37.4821008446812698|126.9543394692249194_37.4833129616067495
2026-09-04T23:16:36.811991+09:00,서울대입구역,서울대입구역,POI031,KEY_2,1200006802,관악로,1200121600,봉천동 33-2,126.9546356552230151_37.4836649816748775,1200019001,봉천동 738-154,126.9544168536153990_37.4834038021005114,35.0,20.0,서행,126.9544168536153990_37.4834038021005114|126.9546356552230151_37.4836649816748775
2026-09-04T23:16:36.811991+09:00,서울대입구역,서울대입구역,POI031,KEY_2,1200033600,봉천로,1200122300,봉천동 1693-61,126.9558457686856912_37.4796869046605181,1200016503,원당초교입구교차로,126.9557958253940910_37.4800450576380442,40.0,27.0,원활,126.9557958253940910_37.4800450576380442|126.9558457686856912_37.4796869046605181
2026-09-04T23:16:36.811991+09:00,서울대입구역,서울대입구역,POI031,KEY_2,1200033700,봉천로,1200016502,원당초교입구교차로,126.9559402890267705_37.4799879964122979,1200015804,봉천동 1693-44,126.9571670665262957_37.4788983823675323,181.0,17.0,서행,126.9571670665262957_37.4788983823675323|126.9569560237969057_37.4789790350281962|126.9561798226016833_37.4792756654327093|126.9560769612357092_37.4793698475757964|126.9560066912847276_37.4795118087694945|126.9559806097831967_37.4796988466465635|126.9559402890267705_37.4799879964122979
2026-09-04T23:16:36.811991+09:00,서울대입구역,서울대입구역,POI031,KEY_2,1200052501,봉천로,1200018503,봉천로사거리,126.9530925534990615_37.4820505395562833,1200030402,봉천로사거리,126.9527961557603106_37.4821293390019150,28.0,15.0,서행,126.9527961557603106_37.4821293390019150|126.9529247768185485_37.4820983233696552|126.9530331363959448_37.4820706577702865|126.9530925534990615_37.4820505395562833
2026-09-04T23:16:36.811991+09:00,서울대입구역,서울대입구역,POI031,KEY_2,1200052601,봉천로,1200130200,봉천동 976-3,126.9526380490989510_37.4822446203455186,1200018504,봉천로사거리,126.9531617530743546_37.4821434849747632,48.0,29.0,원활,126.9531617530743546_37.4821434849747632|126.9531180383010138_37.4821578064242544|126.9530188720877106_37.4821849513698737|126.9529105767887813_37.4822036041905164|126.9528138385163487_37.4822146288342211|126.9526380490989510_37.4822446203455186
2026-09-04T23:16:36.811991+09:00,서울식물원·마곡나루역,서울식물원·마곡나루역,POI032,KEY_3,1150345800,마곡중앙5로,1150213100,마곡동 736-3,126.8241060019915096_37.5670578051764892,1150123804,마곡엠밸리7단지아파트,126.8248353308419922_37.5669964661057989,65.0,15.0,서행,126.8248353308419922_37.5669964661057989|126.8241060019915096_37.5670578051764892
2026-09-04T23:16:36.811991+09:00,서울식물원·마곡나루역,서울식물원·마곡나루역,POI032,KEY_3,1150346100,마곡중앙로,1150123903,마곡동 754-6,126.8250189223362980_37.5683858530446315,1150123702,속성변화점,126.8238655983810474_37.5684135391033465,102.0,8.0,정체,126.8238655983810474_37.5684135391033465|126.8250189223362980_37.5683858530446315
2026-09-04T23:16:36.811991+09:00,서울식물원·마곡나루역,서울식물원·마곡나루역,POI032,KEY_3,1150346200,마곡중앙로,1150123701,속성변화점,126.8238696921612529_37.5685216090925493,1150123904,마곡동 754-6,126.8250332753124354_37.5684936763918387,103.0,16.0,서행,126.8250332753124354_37.5684936763918387|126.8238696921612529_37.5685216090925493
2026-09-04T23:16:36.811991+09:00,서울식물원·마곡나루역,서울식물원·마곡나루역,POI032,KEY_3,1150092200,양천로47길,1150043105,가양동 259-16,126.8376787257849969_37.5704831139822559,1150045203,안국물류센터,126.8371828053407455_37.5723976729921745,227.0,7.0,정체,126.8371828053407455_37.5723976729921745|126.8372344178457070_37.5722638296760110|126.8374792508476361_37.5718439420828005|126.8378050738606220_37.5712851487789550|126.8378502494829121_37.5711505545359614|126.8378505078834309_37.5710313650556245|126.8377927438611579_37.5707759880537111|126.8377611633382571_37.5706808457399717|126.8377261330084451_37.5705753099356343|126.8376787257849969_37.5704831139822559
2026-09-04T23:16:36.811991+09:00,서울식물원·마곡나루역,서울식물원·마곡나루역,POI032,KEY_3,1150092300,양천로47길,1150263800,가양동 270-1,126.8378924928257305_37.5706532278373118,1150043102,가양동 272-31,126.8377947178878316_37.5704232539362835,27.0,23.5,서행,126.8377947178878316_37.5704232539362835|126.8378552002995718_37.5705408782778889|126.8378924928257305_37.5706532278373118
2026-09-04T23:16:36.811991+09:00,서울식물원·마곡나루역,서울식물원·마곡나루역,POI032,KEY_3,1150162500,마곡중앙로,1150074904,마곡동 761-5,126.8274669943156709_37.5644625852716132,1150075008,마곡나루역,126.8277833312780558_37.5666128805373489,240.0,22.0,서행,126.8277833312780558_37.5666128805373489|126.8276575183308523_37.5657576833248612|126.8274669943156709_37.5644625852716132
2026-09-04T23:16:36.811991+09:00,서울식물원·마곡나루역,서울식물원·마곡나루역,POI032,KEY_3,1150162600,마곡중앙로,1150075007,마곡나루역,126.8279182372204161_37.5666003050689881,1150074901,마곡동 761-5,126.8276018960349489_37.5644500101354311,240.0,15.0,서행,126.8276018960349489_37.5644500101354311|126.8277924230811209_37.5657451076729956|126.8279182372204161_37.5666003050689881
2026-09-04T23:16:36.811991+09:00,서울식물원·마곡나루역,서울식물원·마곡나루역,POI032,KEY_3,1150345700,마곡중앙5로,1150123803,마곡엠밸리7단지아파트,126.8248194327366463_37.5668890819305616,1150041502,마곡동 736-3,126.8229883663928348_37.5670430646556497,163.0,27.0,원활,126.8229883663928348_37.5670430646556497|126.8240917306121815_37.5669502812011729|126.8248194327366463_37.5668890819305616
2026-09-04T23:16:36.811991+09:00,서울식물원·마곡나루역,서울식물원·마곡나루역,POI032,KEY_3,1150346700,마곡서로,1150123804,마곡엠밸리7단지아파트,126.8248353308419922_37.5669964661057989,1150123903,마곡동 754-6,126.8250189223362980_37.5683858530446315,155.0,13.0,정체,126.8250189223362980_37.5683858530446315|126.8249800749604077_37.5680918674812148|126.8248353308419922_37.5669964661057989
2026-09-04T23:16:36.811991+09:00,서울식물원·마곡나루역,서울식물원·마곡나루역,POI032,KEY_3,1150346900,마곡서로,1150123902,마곡동 754-6,126.8251545831812592_37.5683788917189787,1150123801,마곡엠밸리7단지아파트,126.8249703595226379_37.5669847444380380,156.0,7.0,정체,126.8249703595226379_37.5669847444380380|126.8251151605168872_37.5680805576273471|126.8251545831812592_37.5683788917189787
2026-09-04T23:16:36.811991+09:00,서울식물원·마곡나루역,서울식물원·마곡나루역,POI032,KEY_3,1150347100,마곡서로,1150123904,마곡동 754-6,126.8250332753124354_37.5684936763918387,1150124003,마곡엠밸리4단지아파트,126.8251683287211193_37.5694996548876929,112.0,8.0,정체,126.8251683287211193_37.5694996548876929|126.8250332753124354_37.5684936763918387
2026-09-04T23:16:36.811991+09:00,서울식물원·마곡나루역,서울식물원·마곡나루역,POI032,KEY_3,1150347400,마곡서로,1150124002,마곡엠밸리4단지아파트,126.8253033927255586_37.5694881665028930,1150123901,마곡동 754-6,126.8251689045653734_37.5684864088936621,112.0,12.0,정체,126.8251689045653734_37.5684864088936621|126.8253033927255586_37.5694881665028930
2026-09-04T23:16:36.811991+09:00,서울식물원·마곡나루역,서울식물원·마곡나루역,POI032,KEY_3,1150348000,마곡중앙5로,1150075008,마곡나루역,126.8277833312780558_37.5666128805373489,1150123802,마곡엠밸리7단지아파트,126.8249544940145910_37.5668773639659790,252.0,16.0,서행,126.8249544940145910_37.5668773639659790|126.8260844492597670_37.5667761890566325|126.8262182438895138_37.5667637598528401|126.8277833312780558_37.5666128805373489
2026-09-04T23:16:36.811991+09:00,서울식물원·마곡나루역,서울식물원·마곡나루역,POI032,KEY_3,1150348100,마곡중앙5로,1150123801,마곡엠밸리7단지아파트,126.8249703595226379_37.5669847444380380,1150124404,두산더랜드타워,126.8260996331955255_37.5668836310497909,100.0,16.0,서행,126.8260996331955255_37.5668836310497909|126.8249703595226379_37.5669847444380380
2026-09-04T23:16:36.811991+09:00,서울식물원·마곡나루역,서울식물원·마곡나루역,POI032,KEY_3,1150348400,마곡중앙로,1150124503,라마다앙코르서울마곡호텔,126.8262696732657275_37.5682885029268263,1150123902,마곡동 754-6,126.8251545831812592_37.5683788917189787,99.0,15.0,서행,126.8251545831812592_37.5683788917189787|126.8262696732657275_37.5682885029268263
2026-09-04T23:16:36.811991+09:00,서울식물원·마곡나루역,서울식물원·마곡나루역,POI032,KEY_3,1150348500,마곡중앙로,1150123901,마곡동 754-6,126.8251689045653734_37.5684864088936621,1150124504,라마다앙코르서울마곡호텔,126.8262834041454568_37.5683960690200394,99.0,9.0,정체,126.8262834041454568_37.5683960690200394|126.8251689045653734_37.5684864088936621
2026-09-04T23:16:36.811991+09:00,서울식물원·마곡나루역,서울식물원·마곡나루역,POI032,KEY_3,1150348900,마곡중앙5로1길,1150246400,마곡동 756-10,126.8261924890039722_37.5676508126898696,1150124503,라마다앙코르서울마곡호텔,126.8262696732657275_37.5682885029268263,71.0,10.0,정체,126.8262696732657275_37.5682885029268263|126.8261924890039722_37.5676508126898696
2026-09-04T23:16:36.811991+09:00,서울식물원·마곡나루역,서울식물원·마곡나루역,POI032,KEY_3,1150349200,마곡중앙5로1길,1150246300,마곡동 760,126.8263276928453962_37.5676404440413449,1150124401,두산더랜드타워,126.8262345744409885_37.5668711008752041,86.0,5.0,정체,126.8262345744409885_37.5668711008752041|126.8263276928453962_37.5676404440413449
2026-09-04T23:16:36.811991+09:00,서울식물원·마곡나루역,서울식물원·마곡나루역,POI032,KEY_3,1150349300,마곡중앙5로1길,1150124504,라마다앙코르서울마곡호텔,126.8262834041454568_37.5683960690200394,1150124603,마곡동 755-11,126.8264179078798719_37.5693978253014009,112.0,10.0,정체,126.8264179078798719_37.5693978253014009|126.8262834041454568_37.5683960690200394
2026-09-04T23:16:36.811991+09:00,서울식물원·마곡나루역,서울식물원·마곡나루역,POI032,KEY_3,1150349500,마곡중앙5로1길,1150124602,마곡동 756-10,126.8265530251150182_37.5693867385103744,1150124501,라마다앙코르서울마곡호텔,126.8264185129404780_37.5683849300273707,112.0,10.0,정체,126.8264185129404780_37.5683849300273707|126.8265530251150182_37.5693867385103744
2026-09-04T23:16:36.811991+09:00,서울식물원·마곡나루역,서울식물원·마곡나루역,POI032,KEY_3,1150350400,마곡중앙5로,1150124401,두산더랜드타워,126.8262345744409885_37.5668711008752041,1150075009,마곡나루역,126.8277994809352833_37.5667203788234190,139.0,23.0,서행,126.8277994809352833_37.5667203788234190|126.8262345744409885_37.5668711008752041
2026-09-04T23:16:36.811991+09:00,서울식물원·마곡나루역,서울식물원·마곡나루역,POI032,KEY_3,1150350500,마곡중앙로,1150125003,마곡동 761-5,126.8280174969957130_37.5681421784926002,1150124502,라마다앙코르서울마곡호텔,126.8264047845530769_37.5682773629179252,143.0,6.0,정체,126.8264047845530769_37.5682773629179252|126.8280174969957130_37.5681421784926002
2026-09-04T23:16:36.811991+09:00,서울식물원·마곡나루역,서울식물원·마곡나루역,POI032,KEY_3,1150350600,마곡중앙로,1150124501,라마다앙코르서울마곡호텔,126.8264185129404780_37.5683849300273707,1150125004,마곡동 761-5,126.8280336731774582_37.5682495397938183,143.0,11.0,정체,126.8280336731774582_37.5682495397938183|126.8264185129404780_37.5683849300273707
2026-09-04T23:16:36.811991+09:00,서울식물원·마곡나루역,서울식물원·마곡나루역,POI032,KEY_3,1150351301,마곡중앙로,1150075004,속성변화점,126.8278972863442249_37.5673582246527644,1150125003,마곡동 761-5,126.8280174969957130_37.5681421784926002,88.0,17.0,서행,126.8280174969957130_37.5681421784926002|126.8279137604504427_37.5674656611974243|126.8278972863442249_37.5673582246527644
2026-09-04T23:16:36.811991+09:00,서울식물원·마곡나루역,서울식물원·마곡나루역,POI032,KEY_3,1150351302,마곡중앙로,1150075009,마곡나루역,126.8277994809352833_37.5667203788234190,1150075004,속성변화점,126.8278972863442249_37.5673582246527644,71.0,15.0,서행,126.8278972863442249_37.5673582246527644|126.8277994809352833_37.5667203788234190
2026-09-04T23:16:36.811991+09:00,서울식물원·마곡나루역,서울식물원·마곡나루역,POI032,KEY_3,1150351401,마곡중앙로,1150075003,마곡나루역(서울9호선),126.8280321112912787_37.5673451255178179,1150075006,마곡나루역,126.8279343028494424_37.5667072797274955,71.0,20.0,서행,126.8279343028494424_37.5667072797274955|126.8280321112912787_37.5673451255178179
2026-09-04T23:16:36.811991+09:00,서울식물원·마곡나루역,서울식물원·마곡나루역,POI032,KEY_3,1150351402,마곡중앙로,1150125002,마곡동 761-5,126.8281529581740017_37.5681331949291035,1150075002,마곡나루역(서울9호선),126.8280485860209836_37.5674525620977136,76.0,15.0,서행,126.8280485860209836_37.5674525620977136|126.8281529581740017_37.5681331949291035
2026-09-04T23:16:36.811991+09:00,서울식물원·마곡나루역,서울식물원·마곡나루역,POI032,KEY_3,1150351500,마곡중앙로,1150125004,마곡동 761-5,126.8280336731774582_37.5682495397938183,1150125103,두산더랜드파크,126.8281818807448644_37.5692514510466609,112.0,19.0,서행,126.8281818807448644_37.5692514510466609|126.8280336731774582_37.5682495397938183
2026-09-04T23:16:36.811991+09:00,서울식물원·마곡나루역,서울식물원·마곡나루역,POI032,KEY_3,1150351600,마곡중앙로,1150125202,마곡동302,126.8287027702962320_37.5718417586160029,1150125001,마곡동 761-5,126.8281691405074696_37.5682407381455761,402.0,45.5,원활,126.8281691405074696_37.5682407381455761|126.8283167811732142_37.5692388078092208|126.8283326812459535_37.5693461624015583|126.8287027702962320_37.5718417586160029
2026-09-04T23:16:36.811991+09:00,서울식물원·마곡나루역,서울식물원·마곡나루역,POI032,KEY_3,1150409100,마곡서로,1150142004,마곡동 767-6,126.8240678285792740_37.5622386186809436,1150142103,마곡동768,126.8242446293254773_37.5633729121217712,127.0,5.0,정체,126.8242446293254773_37.5633729121217712|126.8240678285792740_37.5622386186809436
2026-09-04T23:16:36.811991+09:00,서울식물원·마곡나루역,서울식물원·마곡나루역,POI032,KEY_3,1150409200,마곡서로,1150142102,마곡동768,126.8243794172085614_37.5633595988611333,1150142001,마곡동 767-6,126.8242026491620464_37.5622255252647577,127.0,14.0,정체,126.8242026491620464_37.5622255252647577|126.8243794172085614_37.5633595988611333
2026-09-04T23:16:36.811991+09:00,서울식물원·마곡나루역,서울식물원·마곡나루역,POI032,KEY_3,1150409300,마곡서로,1150142104,마곡동768,126.8242618848687613_37.5634808652541281,1150123803,마곡엠밸리7단지아파트,126.8248194327366463_37.5668890819305616,381.0,13.0,정체,126.8248194327366463_37.5668890819305616|126.8242618848687613_37.5634808652541281
2026-09-04T23:16:36.811991+09:00,서울식물원·마곡나루역,서울식물원·마곡나루역,POI032,KEY_3,1150409400,마곡서로,1150123802,마곡엠밸리7단지아파트,126.8249544940145910_37.5668773639659790,1150142101,마곡동768,126.8243965694592674_37.5634669041434393,382.0,13.0,정체,126.8243965694592674_37.5634669041434393|126.8249544940145910_37.5668773639659790
2026-09-04T23:16:36.811991+09:00,서울식물원·마곡나루역,서울식물원·마곡나루역,POI032,KEY_3,1150409700,마곡중앙로,1150142403,마곡동727-816,126.8272764525622875_37.5631379015638203,1150142102,마곡동768,126.8243794172085614_37.5633595988611333,257.0,19.0,서행,126.8243794172085614_37.5633595988611333|126.8272764525622875_37.5631379015638203
2026-09-04T23:16:36.811991+09:00,서울식물원·마곡나루역,서울식물원·마곡나루역,POI032,KEY_3,1150409800,마곡중앙로,1150142101,마곡동768,126.8243965694592674_37.5634669041434393,1150142404,마곡동727-816,126.8272918915514538_37.5632453378836573,257.0,20.0,서행,126.8272918915514538_37.5632453378836573|126.8243965694592674_37.5634669041434393
2026-09-04T23:16:36.811991+09:00,서울식물원·마곡나루역,서울식물원·마곡나루역,POI032,KEY_3,1150410400,마곡중앙로,1150074902,마곡동 761-5,126.8275862789564741_37.5643426040570887,1150142301,마곡동770,126.8272402866037822_37.5619348890641191,269.0,19.0,서행,126.8272402866037822_37.5619348890641191|126.8274113938616381_37.5631256137476086|126.8274268326666459_37.5632330502435607|126.8275862789564741_37.5643426040570887
2026-09-04T23:16:36.811991+09:00,서울식물원·마곡나루역,서울식물원·마곡나루역,POI032,KEY_3,1150410500,마곡중앙로,1150142404,마곡동727-816,126.8272918915514538_37.5632453378836573,1150074903,마곡동 761-5,126.8274513442039506_37.5643548917567500,124.0,42.5,원활,126.8274513442039506_37.5643548917567500|126.8272918915514538_37.5632453378836573
2026-09-04T23:16:36.811991+09:00,서울식물원·마곡나루역,서울식물원·마곡나루역,POI032,KEY_3,1150414000,마곡중앙10로,1150277800,마곡동 770-7,126.8288092332455363_37.5642208400664828,1150074902,마곡동 761-5,126.8275862789564741_37.5643426040570887,109.0,16.0,서행,126.8275862789564741_37.5643426040570887|126.8288092332455363_37.5642208400664828
2026-09-04T23:16:36.811991+09:00,서울식물원·마곡나루역,서울식물원·마곡나루역,POI032,KEY_3,1150414200,마곡중앙10로,1150389600,최소노드배치점,126.8307424036753446_37.5641372978135877,1150075304,마곡동 775-3,126.8338828853735123_37.5638245018731780,280.0,20.0,서행,126.8338828853735123_37.5638245018731780|126.8328221540902234_37.5639301616883472|126.8315352584256459_37.5640583366140817|126.8307424036753446_37.5641372978135877
2026-09-04T23:16:36.811991+09:00,서울식물원·마곡나루역,서울식물원·마곡나루역,POI032,KEY_3,1150416301,양천로,1150043108,마곡동55-14,126.8311555988990875_37.5725904146730514,1150075102,마곡나루역,126.8288373206273434_37.5727163496919587,205.0,17.0,서행,126.8288373206273434_37.5727163496919587|126.8296823072899855_37.5726704531005353|126.8299698430472375_37.5726548338152426|126.8311555988990875_37.5725904146730514
2026-09-04T23:16:36.811991+09:00,서울식물원·마곡나루역,서울식물원·마곡나루역,POI032,KEY_3,1150416302,양천로,1150291400,최소노드배치점,126.8347335812000694_37.5720301020831613,1150043107,마곡동55-14,126.8312911970061663_37.5725830471349624,313.0,22.0,서행,126.8312911970061663_37.5725830471349624|126.8313223863605401_37.5725813524673455|126.8319183935554975_37.5725385124495546|126.8329974182405095_37.5724286737315580|126.8338233378188562_37.5723299126639461|126.8341794125019959_37.5722589437952905|126.8344474121661420_37.5721717018549342|126.8347335812000694_37.5720301020831613
2026-09-04T23:16:36.811991+09:00,서울식물원·마곡나루역,서울식물원·마곡나루역,POI032,KEY_3,1150416501,양천로,1150291500,최소노드배치점,126.8348051840946482_37.5721214821432099,1150043105,가양동 259-16,126.8376787257849969_37.5704831139822559,313.0,31.0,원활,126.8376787257849969_37.5704831139822559|126.8361258425969709_37.5712621708563859|126.8357944030930753_37.5714717140547876|126.8353576867366996_37.5717917732486484|126.8348837484222003_37.5720824703133829|126.8348051840946482_37.5721214821432099
2026-09-04T23:16:36.811991+09:00,서울식물원·마곡나루역,서울식물원·마곡나루역,POI032,KEY_3,1150416502,양천로,1150254700,마곡동 60-8,126.8299790922617802_37.5727626902760221,1150043109,마곡동55-14,126.8311648498268056_37.5726982577767430,105.0,10.0,정체,126.8311648498268056_37.5726982577767430|126.8299790922617802_37.5727626902760221
2026-09-04T23:16:36.811991+09:00,서울식물원·마곡나루역,서울식물원·마곡나루역,POI032,KEY_3,1150417100,마곡동로,1150144104,마곡동 775-3,126.8335310636990982_37.5613083368637817,1150075303,마곡동 775-3,126.8338665843508579_37.5637171638409200,269.0,21.0,서행,126.8338665843508579_37.5637171638409200|126.8335310636990982_37.5613083368637817
2026-09-04T23:16:36.811991+09:00,서울식물원·마곡나루역,서울식물원·마곡나루역,POI032,KEY_3,1150417200,마곡동로,1150075302,마곡동 775-3,126.8340015234932139_37.5637048487681895,1150144101,마곡동 775-3,126.8336658955196157_37.5612952760720518,269.0,19.7,서행,126.8336658955196157_37.5612952760720518|126.8340015234932139_37.5637048487681895
2026-09-04T23:16:36.811991+09:00,서울식물원·마곡나루역,서울식물원·마곡나루역,POI032,KEY_3,1150417500,마곡동로,1150075304,마곡동 775-3,126.8338828853735123_37.5638245018731780,1150144203,마곡동780-2,126.8341558464182128_37.5654851502626030,186.0,19.0,서행,126.8341558464182128_37.5654851502626030|126.8338828853735123_37.5638245018731780
2026-09-04T23:16:36.811991+09:00,서울식물원·마곡나루역,서울식물원·마곡나루역,POI032,KEY_3,1150417800,마곡동로,1150144202,마곡동780-2,126.8342905242931806_37.5654711230213820,1150075301,마곡동 775-3,126.8340178433640517_37.5638121990224931,186.0,17.0,서행,126.8340178433640517_37.5638121990224931|126.8342905242931806_37.5654711230213820
2026-09-04T23:16:36.811991+09:00,서울식물원·마곡나루역,서울식물원·마곡나루역,POI032,KEY_3,1150418900,마곡동로,1150144204,마곡동780-2,126.8341734390219244_37.5655923282243478,1150144704,마곡동727-303,126.8354565033221064_37.5685517959434634,357.0,38.0,원활,126.8354565033221064_37.5685517959434634|126.8352352314876015_37.5683818105701022|126.8350821970963977_37.5682462656852252|126.8349214230356523_37.5680805174436756|126.8347977069162766_37.5679212503397295|126.8346746464682013_37.5677272641862245|126.8345733320090289_37.5675234947359442|126.8344739994450094_37.5672325405002852|126.8343694867273541_37.5667883088518053|126.8341734390219244_37.5655923282243478
2026-09-04T23:16:36.811991+09:00,서울식물원·마곡나루역,서울식물원·마곡나루역,POI032,KEY_3,1150419000,마곡동로,1150144703,마곡동727-303,126.8355507947878493_37.5684740291864117,1150144201,마곡동780-2,126.8343081233074940_37.5655783391273630,349.0,15.0,서행,126.8343081233074940_37.5655783391273630|126.8345041723628555_37.5667743196739465|126.8346075025500852_37.5672126182991306|126.8347043867980943_37.5674950807237948|126.8348008665867468_37.5676873195743610|126.8349188940197507_37.5678724174548293|126.8350368758045477_37.5680235593591050|126.8351895951969226_37.5681800709160072|126.8353361855195232_37.5683094763074124|126.8355507947878493_37.5684740291864117
2026-09-04T23:16:36.811991+09:00,서울식물원·마곡나루역,서울식물원·마곡나루역,POI032,KEY_3,1150419100,마곡중앙10로,1150145003,마곡동 788-5,126.8360599704796385_37.5635339917327684,1150075302,마곡동 775-3,126.8340015234932139_37.5637048487681895,183.0,24.0,서행,126.8340015234932139_37.5637048487681895|126.8350297428666948_37.5636195081810484|126.8354050095481540_37.5635883593580431|126.8360599704796385_37.5635339917327684
2026-09-04T23:16:36.811991+09:00,서울식물원·마곡나루역,서울식물원·마곡나루역,POI032,KEY_3,1150419200,마곡중앙10로,1150075301,마곡동 775-3,126.8340178433640517_37.5638121990224931,1150145004,마곡동 788-5,126.8360765905275400_37.5636413182444429,183.0,14.0,정체,126.8360765905275400_37.5636413182444429|126.8354190960058077_37.5636958957994480|126.8350438287640003_37.5637270444474254|126.8340178433640517_37.5638121990224931
2026-09-04T23:16:36.811991+09:00,서울식물원·마곡나루역,서울식물원·마곡나루역,POI032,KEY_3,1150419600,마곡동로6길,1150220800,마곡동 788-2,126.8356276088871226_37.5653457857466435,1150144202,마곡동780-2,126.8342905242931806_37.5654711230213820,119.0,25.0,원활,126.8342905242931806_37.5654711230213820|126.8356276088871226_37.5653457857466435
2026-09-04T23:16:36.811991+09:00,서울식물원·마곡나루역,서울식물원·마곡나루역,POI032,KEY_3,1150419700,마곡동로6길,1150144201,마곡동780-2,126.8343081233074940_37.5655783391273630,1150145104,마곡동781-6,126.8363409857659576_37.5653877748030638,181.0,28.0,원활,126.8363409857659576_37.5653877748030638|126.8356434950057263_37.5654531629459782|126.8343081233074940_37.5655783391273630
2026-09-04T23:16:36.811991+09:00,서울식물원·마곡나루역,서울식물원·마곡나루역,POI032,KEY_3,1150420900,마곡동로,1150145303,마곡동775,126.8368886693610023_37.5696143112132717,1150144702,마곡동727-303,126.8356470133750804_37.5685526720342367,161.0,28.0,원활,126.8356470133750804_37.5685526720342367|126.8366161616912109_37.5693813157480037|126.8368886693610023_37.5696143112132717
2026-09-04T23:16:36.811991+09:00,서울식물원·마곡나루역,서울식물원·마곡나루역,POI032,KEY_3,1150421100,마곡동로8길,1150145703,이랜드글로벌R&D센터,126.8374468311080676_37.5674452354668347,1150144703,마곡동727-303,126.8355507947878493_37.5684740291864117,203.0,16.0,서행,126.8355507947878493_37.5684740291864117|126.8374468311080676_37.5674452354668347
2026-09-04T23:16:36.811991+09:00,서울식물원·마곡나루역,서울식물원·마곡나루역,POI032,KEY_3,1150421400,마곡동로8길,1150144702,마곡동727-303,126.8356470133750804_37.5685526720342367,1150145704,이랜드글로벌R&D센터,126.8375229088581762_37.5675348046934658,201.0,22.0,서행,126.8375229088581762_37.5675348046934658|126.8356470133750804_37.5685526720342367
2026-09-04T23:16:36.811991+09:00,서울식물원·마곡나루역,서울식물원·마곡나루역,POI032,KEY_3,1150423100,마곡동로,1150157000,마곡동 775-3,126.8365167423386737_37.5694549864723797,1150043104,마곡동 775-6,126.8376091778656587_37.5703902011560302,142.0,31.0,원활,126.8376091778656587_37.5703902011560302|126.8368825604932653_37.5697678436687639|126.8367892501556184_37.5696879820584471|126.8365167423386737_37.5694549864723797
2026-09-04T23:16:36.811991+09:00,서울식물원·마곡나루역,서울식물원·마곡나루역,POI032,KEY_3,1150423500,마곡동로,1150043103,마곡동 775-6,126.8377179434827156_37.5703340571605153,1150145302,마곡동775,126.8369816630471973_37.5696945381406238,96.0,9.0,정체,126.8369816630471973_37.5696945381406238|126.8377179434827156_37.5703340571605153
2026-09-04T23:16:36.811991+09:00,서울식물원·마곡나루역,서울식물원·마곡나루역,POI032,KEY_3,1150424300,마곡동로10길,1150146303,마곡동775-2,126.8385308873400419_37.5687062546252193,1150145303,마곡동775,126.8368886693610023_37.5696143112132717,177.0,35.0,원활,126.8368886693610023_37.5696143112132717|126.8385308873400419_37.5687062546252193
2026-09-04T23:16:36.811991+09:00,서울식물원·마곡나루역,서울식물원·마곡나루역,POI032,KEY_3,1150424400,마곡동로10길,1150145302,마곡동775,126.8369816630471973_37.5696945381406238,1150146304,마곡동775-2,126.8386067590957111_37.5687959486371170,175.0,23.0,서행,126.8386067590957111_37.5687959486371170|126.8369816630471973_37.5696945381406238
2026-09-04T23:16:36.811991+09:00,서울식물원·마곡나루역,서울식물원·마곡나루역,POI032,KEY_3,1150425900,양천로,1150146603,양천초등학교앞,126.8392163656429830_37.5695287407597860,1150043103,마곡동 775-6,126.8377179434827156_37.5703340571605153,160.0,41.0,원활,126.8377179434827156_37.5703340571605153|126.8392163656429830_37.5695287407597860
2026-09-04T23:16:36.811991+09:00,서울식물원·마곡나루역,서울식물원·마곡나루역,POI032,KEY_3,1150430900,마곡중앙14로,1150125001,마곡동 761-5,126.8281691405074696_37.5682407381455761,1150148704,마곡동269-3,126.8296786246404082_37.5681690681778733,134.0,9.0,정체,126.8296786246404082_37.5681690681778733|126.8281691405074696_37.5682407381455761
2026-09-04T23:16:36.811991+09:00,서울식물원·마곡나루역,서울식물원·마곡나루역,POI032,KEY_3,1150431000,마곡중앙14로,1150148703,마곡동269-3,126.8296705357492442_37.5680611407837404,1150125002,마곡동 761-5,126.8281529581740017_37.5681331949291035,134.0,22.0,서행,126.8281529581740017_37.5681331949291035|126.8296705357492442_37.5680611407837404
2026-09-04T23:16:36.811991+09:00,서울식물원·마곡나루역,서울식물원·마곡나루역,POI032,KEY_3,1150431500,마곡중앙14로,1150148701,마곡동269-3,126.8298140897098847_37.5681599918400622,1150148904,마곡동272-1,126.8305538015969205_37.5680970716601692,66.0,23.0,서행,126.8305538015969205_37.5680970716601692|126.8298140897098847_37.5681599918400622
2026-09-04T23:16:36.811991+09:00,서울식물원·마곡나루역,서울식물원·마곡나루역,POI032,KEY_3,1150431600,마곡중앙14로,1150148903,마곡동272-1,126.8305344297398563_37.5679899841820983,1150148702,마곡동269-3,126.8297996571735098_37.5680524850471116,65.0,25.0,원활,126.8297996571735098_37.5680524850471116|126.8305344297398563_37.5679899841820983
2026-09-04T23:16:36.811991+09:00,서울역,서울역,POI033,KEY_4,1010000501,소월로2길,1010077600,남대문로5가 824-1,126.9765249826189262_37.5549508284745031,1020036803,남산어린이놀이터앞교차로,126.9765460017274421_37.5551782854136533,25.0,25.0,원활,126.9765460017274421_37.5551782854136533|126.9765254807177541_37.5549586352516300|126.9765249826189262_37.5549508284745031
2026-09-04T23:16:36.811991+09:00,서울역,서울역,POI033,KEY_4,1010000502,소월로2길,1010049700,후암삼거리,126.9764266237509247_37.5533494301722683,1010000313,남대문로5가 490-1,126.9764794024509058_37.5542364381138611,99.0,30.0,원활,126.9764794024509058_37.5542364381138611|126.9764680858715593_37.5540590720134091|126.9764324412455494_37.5535004040168090|126.9764314470447459_37.5534746028640782|126.9764266237509247_37.5533494301722683
2026-09-04T23:16:36.811991+09:00,서울역,서울역,POI033,KEY_4,1010001901,통일로,1010001003,서울역,126.9725590319377915_37.5570177603937765,1010009100,서울역,126.9717121828378907_37.5576314695367799,104.0,17.0,서행,126.9717121828378907_37.5576314695367799|126.9717533352314831_37.5575529097224958|126.9719362038334651_37.5573471349099250|126.9722156056808160_37.5571695450368424|126.9725590319377915_37.5570177603937765
2026-09-04T23:16:36.811991+09:00,서울역,서울역,POI033,KEY_4,1010001902,통일로,1010009100,서울역,126.9717121828378907_37.5576314695367799,1010010202,의주로지하차도(남측),126.9715795465149455_37.5581326310857904,57.0,20.0,서행,126.9715795465149455_37.5581326310857904|126.9716801952437919_37.5576925341671597|126.9717121828378907_37.5576314695367799
2026-09-04T23:16:36.811991+09:00,서울역,서울역,POI033,KEY_4,1010001903,통일로,1010010202,의주로지하차도(남측),126.9715795465149455_37.5581326310857904,1010012103,염천교앞교차로,126.9712395112075001_37.5595497858304483,161.0,25.0,원활,126.9712395112075001_37.5595497858304483|126.9712786050966145_37.5593746817197243|126.9714493678720544_37.5584607787226332|126.9714752285433832_37.5583228393018231|126.9715795465149455_37.5581326310857904
2026-09-04T23:16:36.811991+09:00,서울역,서울역,POI033,KEY_4,1010002001,통일로,1010009300,서울역,126.9718375318289674_37.5576730841303998,1010001004,서울역,126.9725768217156627_37.5571335615094881,91.0,13.0,정체,126.9725768217156627_37.5571335615094881|126.9722914624442751_37.5572596833207513|126.9720359689673757_37.5574220765078550|126.9718728932392793_37.5576055781302927|126.9718375318289674_37.5576730841303998
2026-09-04T23:16:36.811991+09:00,서울역,서울역,POI033,KEY_4,1010002002,통일로,1010010201,의주로지하차도(남측),126.9717135157052326_37.5581502975144517,1010009300,서울역,126.9718375318289674_37.5576730841303998,54.0,46.0,원활,126.9718375318289674_37.5576730841303998|126.9718111845805169_37.5577233823227346|126.9717135157052326_37.5581502975144517
2026-09-04T23:16:36.811991+09:00,서울역,서울역,POI033,KEY_4,1010002003,통일로,1010009802,청암빌딩,126.9717279554252372_37.5584396963817682,1010010201,의주로지하차도(남측),126.9717135157052326_37.5581502975144517,32.0,11.0,정체,126.9717135157052326_37.5581502975144517|126.9717438786689598_37.5583547587673294|126.9717279554252372_37.5584396963817682
2026-09-04T23:16:36.811991+09:00,서울역,서울역,POI033,KEY_4,1010002004,통일로,1010012102,염천교앞교차로,126.9715109934232657_37.5595695154306881,1010009801,청암빌딩,126.9717079416461587_37.5585466375375603,115.0,26.0,원활,126.9717079416461587_37.5585466375375603|126.9715467147326677_37.5594095152096656|126.9715109934232657_37.5595695154306881
2026-09-04T23:16:36.811991+09:00,서울역,서울역,POI033,KEY_4,1010002301,소월로,1010155400,최소노드배치점,126.9760533414636114_37.5582497344554369,1010013803,숭례문앞교차로,126.9755809845113532_37.5605189064983307,262.0,25.0,원활,126.9755809845113532_37.5605189064983307|126.9757337889885065_37.5603525891795087|126.9757984686316661_37.5601874326070444|126.9757969708594061_37.5599997077910714|126.9757198667068110_37.5593373627741514|126.9757048763582503_37.5591937029204388|126.9757309859065373_37.5590497713064551|126.9757785893644524_37.5588840435687814|126.9759074328705282_37.5585745471584289|126.9759297486065890_37.5585209420058632|126.9759522152383795_37.5584716422248093|126.9760533414636114_37.5582497344554369
2026-09-04T23:16:36.811991+09:00,서울역,서울역,POI033,KEY_4,1010002506,퇴계로,1010008102,서울역,126.9739254787072014_37.5566063926840243,1010036102,속성변화점,126.9744607168154147_37.5567608633366703,51.0,22.0,서행,126.9744607168154147_37.5567608633366703|126.9743391734486693_37.5567116927890936|126.9742235732120292_37.5566711695761555|126.9739254787072014_37.5566063926840243
2026-09-04T23:16:36.811991+09:00,서울역,서울역,POI033,KEY_4,1010002507,퇴계로,1010036102,속성변화점,126.9744607168154147_37.5567608633366703,1010008802,서울역고가차도(동측),126.9757153290362908_37.5572684121082503,124.0,21.0,서행,126.9757153290362908_37.5572684121082503|126.9744607168154147_37.5567608633366703
2026-09-04T23:16:36.811991+09:00,서울역,서울역,POI033,KEY_4,1010002604,퇴계로,1010008101,서울역,126.9740073233546838_37.5564831416643941,1010036000,서울역(서울1호선),126.9728469457788407_37.5551689665811139,188.0,20.5,서행,126.9728469457788407_37.5551689665811139|126.9730354728597064_37.5557211852762123|126.9732094536090869_37.5559776848255495|126.9733963265082224_37.5561726380715371|126.9735767550837409_37.5562906524971751|126.9737770809038864_37.5564006548910712|126.9740073233546838_37.5564831416643941
2026-09-04T23:16:36.811991+09:00,서울역,서울역,POI033,KEY_4,1010002605,퇴계로,1010036101,속성변화점,126.9745222423205888_37.5566644754830179,1010008101,서울역,126.9740073233546838_37.5564831416643941,50.0,20.0,서행,126.9740073233546838_37.5564831416643941|126.9742734196230174_37.5565705056965129|126.9743973461574740_37.5566139480968246|126.9745222423205888_37.5566644754830179
2026-09-04T23:16:36.811991+09:00,서울역,서울역,POI033,KEY_4,1010002606,퇴계로,1010008801,서울역고가차도(동측),126.9757762804091783_37.5571717943319854,1010036101,속성변화점,126.9745222423205888_37.5566644754830179,124.0,39.0,원활,126.9745222423205888_37.5566644754830179|126.9757762804091783_37.5571717943319854
2026-09-04T23:16:36.811991+09:00,서울역,서울역,POI033,KEY_4,1010002607,퇴계로,1010088200,남대문로5가 292,126.9762491190694220_37.5573586199649654,1010008801,서울역고가차도(동측),126.9757762804091783_37.5571717943319854,47.0,18.0,서행,126.9757762804091783_37.5571717943319854|126.9762491190694220_37.5573586199649654
2026-09-04T23:16:36.811991+09:00,서울역,서울역,POI033,KEY_4,1010002901,세종대로,1010001004,서울역,126.9725768217156627_37.5571335615094881,1010009400,서울역3번출구,126.9729047212582458_37.5576301040073588,63.0,16.0,서행,126.9729047212582458_37.5576301040073588|126.9726802932207335_37.5573569212650042|126.9725966053711232_37.5572076931080829|126.9725768217156627_37.5571335615094881
2026-09-04T23:16:36.811991+09:00,서울역,서울역,POI033,KEY_4,1010002902,세종대로,1010088000,남대문로5가 84-15,126.9732159812998304_37.5579784751034964,1010011400,숭례문학당,126.9742665437086799_37.5591522019033732,160.0,23.0,서행,126.9742665437086799_37.5591522019033732|126.9738617088002712_37.5586999110099455|126.9732159812998304_37.5579784751034964
2026-09-04T23:16:36.811991+09:00,서울역,서울역,POI033,KEY_4,1010002903,세종대로,1010011400,숭례문학당,126.9742665437086799_37.5591522019033732,1010015502,숭례문앞,126.9748954449175216_37.5603663160010157,148.0,37.0,원활,126.9748954449175216_37.5603663160010157|126.9748468953437168_37.5603089259620049|126.9746855723265071_37.5601208840657534|126.9746137545376854_37.5599415792683970|126.9745483394273009_37.5596299211490319|126.9744734144699265_37.5594109852280340|126.9742665437086799_37.5591522019033732
2026-09-04T23:16:36.811991+09:00,서울역,서울역,POI033,KEY_4,1010003001,세종대로,1010008700,서울역4번출구,126.9730184115597211_37.5575709588477622,1010001001,서울역,126.9727010153384299_37.5570786706198803,62.0,12.0,정체,126.9727010153384299_37.5570786706198803|126.9727264690063038_37.5571740475001192|126.9727998873353840_37.5573049631326796|126.9730184115597211_37.5575709588477622
2026-09-04T23:16:36.811991+09:00,서울역,서울역,POI033,KEY_4,1010003002,세종대로,1010087900,남대문로5가 84-15,126.9733265878310959_37.5579157333092937,1010008700,서울역4번출구,126.9730184115597211_37.5575709588477622,47.0,13.3,정체,126.9730184115597211_37.5575709588477622|126.9730229219266846_37.5575764586648120|126.9733265878310959_37.5579157333092937
2026-09-04T23:16:36.811991+09:00,서울역,서울역,POI033,KEY_4,1010023400,세종대로,1010008700,서울역4번출구,126.9730184115597211_37.5575709588477622,1010008102,서울역,126.9739254787072014_37.5566063926840243,162.0,12.0,정체,126.9739254787072014_37.5566063926840243|126.9737622051817567_37.5566040860006964|126.9735713010116314_37.5566308625134724|126.9734365333165442_37.5566814899503854|126.9732830443898450_37.5567499923911043|126.9731407651332091_37.5568691548601450|126.9730396577194114_37.5569942857603749|126.9729647480841948_37.5571283631696460|126.9729384960857459_37.5572684108869552|126.9729459298956016_37.5574144255147857|126.9730184115597211_37.5575709588477622
2026-09-04T23:16:36.811991+09:00,서울역,서울역,POI033,KEY_4,1010023700,통일로,1010035900,서울역,126.9726382859721099_37.5561301693119631,1010009100,서울역,126.9717121828378907_37.5576314695367799,188.0,9.0,정체,126.9717121828378907_37.5576314695367799|126.9717381577070796_37.5575423806400934|126.9718724015783806_37.5573509120254982|126.9719768608054409_37.5572093343208309|126.9722404703145457_37.5569471676151210|126.9723782873772677_37.5567517213420103|126.9726382859721099_37.5561301693119631
2026-09-04T23:16:36.811991+09:00,서울역,서울역,POI033,KEY_4,1010024000,통일로,1010009300,서울역,126.9718375318289674_37.5576730841303998,1010009400,서울역3번출구,126.9729047212582458_37.5576301040073588,102.0,20.0,서행,126.9729047212582458_37.5576301040073588|126.9725548679935372_37.5575079038318833|126.9723512460599437_37.5575030882471950|126.9722194858867397_37.5575125925735875|126.9720340632495663_37.5575548632373852|126.9718375318289674_37.5576730841303998
2026-09-04T23:16:36.811991+09:00,서울역,서울역,POI033,KEY_4,1010025000,세종대로5길,1010009801,청암빌딩,126.9717079416461587_37.5585466375375603,1010012202,숭례문학당,126.9742748764175104_37.5595190981504885,256.0,8.0,정체,126.9742748764175104_37.5595190981504885|126.9738902974027042_37.5594176881754152|126.9732580878187207_37.5590467827891743|126.9725988537744144_37.5587016101154347|126.9723765861687639_37.5586285243969087|126.9717079416461587_37.5585466375375603
2026-09-04T23:16:36.811991+09:00,서울역,서울역,POI033,KEY_4,1010025700,세종대로,1010011400,숭례문학당,126.9742665437086799_37.5591522019033732,1010012201,숭례문학당,126.9742810386167378_37.5594068263078924,28.0,17.0,서행,126.9742810386167378_37.5594068263078924|126.9742665437086799_37.5591522019033732
2026-09-04T23:16:36.811991+09:00,서울역,서울역,POI033,KEY_4,1010025900,통일로,1010015801,의주로지하차도,126.9705766693740969_37.5608929272020475,1010010201,의주로지하차도(남측),126.9717135157052326_37.5581502975144517,326.0,48.3,원활,126.9717135157052326_37.5581502975144517|126.9716508619000876_37.5584846919861022|126.9714796864512891_37.5594008071192960|126.9714288668962752_37.5596284362280457|126.9713406022852240_37.5598094854925790|126.9712395311263293_37.5599958456464336|126.9705766693740969_37.5608929272020475
2026-09-04T23:16:36.811991+09:00,서울역,서울역,POI033,KEY_4,1010026600,세종대로,1010012202,숭례문학당,126.9742748764175104_37.5595190981504885,1010013502,속성변화점,126.9740489449279721_37.5597823376631155,38.0,14.0,정체,126.9740489449279721_37.5597823376631155|126.9741150100377496_37.5597678403268418|126.9741805117776181_37.5597165730551339|126.9742464328148515_37.5595997767984215|126.9742747291389691_37.5595199465246452|126.9742748764175104_37.5595190981504885
2026-09-04T23:16:36.811991+09:00,서울역,서울역,POI033,KEY_4,1010053600,한강대로,1010001002,서울역,126.9727007782336159_37.5569551120884242,1010036000,서울역(서울1호선),126.9728469457788407_37.5551689665811139,199.0,22.0,서행,126.9728469457788407_37.5551689665811139|126.9727738506837085_37.5561366589997760|126.9727007782336159_37.5569551120884242
2026-09-04T23:16:36.811991+09:00,서울역,서울역,POI033,KEY_4,1010054200,한강대로,1010035900,서울역,126.9726382859721099_37.5561301693119631,1010001003,서울역,126.9725590319377915_37.5570177603937765,99.0,18.0,서행,126.9725590319377915_37.5570177603937765|126.9726382859721099_37.5561301693119631
2026-09-04T23:16:36.811991+09:00,서울역,서울역,POI033,KEY_4,1020020904,한강대로,1020203900,최소노드배치점,126.9722876759107919_37.5518756720325513,1020006103,서울역앞교차로,126.9727381744143457_37.5541261601478666,253.0,29.3,원활,126.9727381744143457_37.5541261601478666|126.9727229068416534_37.5538935459301157|126.9726784214511497_37.5535312047517351|126.9726256427587145_37.5532355904220339|126.9725178599615276_37.5528309803471814|126.9722876759107919_37.5518756720325513
2026-09-04T23:16:36.811991+09:00,서울역,서울역,POI033,KEY_4,1020021002,한강대로,1020035400,서울역,126.9727592898207575_37.5532167445227429,1020034701,SR타임스,126.9720743182236049_37.5504162783518467,317.0,21.0,서행,126.9720743182236049_37.5504162783518467|126.9724210456315205_37.5518553022977031|126.9726509821565941_37.5528095774144859|126.9727592898207575_37.5532167445227429
2026-09-04T23:16:36.811991+09:00,서울역,서울역,POI033,KEY_4,1020021003,한강대로,1020006102,서울역앞교차로,126.9728719437852220_37.5540923073772603,1020035400,서울역,126.9727592898207575_37.5532167445227429,98.0,17.0,서행,126.9727592898207575_37.5532167445227429|126.9728132891065684_37.5535183101659840|126.9728583675455553_37.5538854618583358|126.9728719437852220_37.5540923073772603
2026-09-04T23:16:36.811991+09:00,서울역,서울역,POI033,KEY_4,1020022101,후암로,1020035600,서울역,126.9737199051955514_37.5538379912663061,1020006102,서울역앞교차로,126.9728719437852220_37.5540923073772603,80.0,18.0,서행,126.9728719437852220_37.5540923073772603|126.9735274346848541_37.5539264208546015|126.9737199051955514_37.5538379912663061
2026-09-04T23:16:36.811991+09:00,서울역,서울역,POI033,KEY_4,1020022104,후암로,1010000309,LG이노텍본사,126.9752027764478157_37.5534823331146370,1020035503,서울역,126.9741607668503036_37.5536489517180243,94.0,17.0,서행,126.9741607668503036_37.5536489517180243|126.9743753771546579_37.5535781623073959|126.9752027764478157_37.5534823331146370
2026-09-04T23:16:36.811991+09:00,서울역,서울역,POI033,KEY_4,1020022105,후암로,1010000305,후암삼거리,126.9764773617211802_37.5529546135781587,1010000308,LG이노텍본사,126.9753152099327735_37.5534675492286354,119.0,25.0,원활,126.9753152099327735_37.5534675492286354|126.9756306217603310_37.5533867074038383|126.9759065341277875_37.5532885038937039|126.9762800978454038_37.5530903392528472|126.9764773617211802_37.5529546135781587
2026-09-04T23:16:36.811991+09:00,서울역,서울역,POI033,KEY_4,1020022202,후암로,1020006101,서울역앞교차로,126.9728775006100676_37.5542043509851950,1020035501,서울역,126.9740888409367727_37.5537933166131026,117.0,6.0,정체,126.9740888409367727_37.5537933166131026|126.9737877851355989_37.5539316362506170|126.9735825829031910_37.5540259150812474|126.9728775006100676_37.5542043509851950
2026-09-04T23:16:36.811991+09:00,서울역,서울역,POI033,KEY_4,1020022204,후암로,1010000307,LG이노텍본사,126.9753568263294028_37.5535704670573551,1010000306,후암삼거리,126.9764434852530570_37.5531208228510494,109.0,8.0,정체,126.9764434852530570_37.5531208228510494|126.9763624695380884_37.5531765650602836|126.9759723584350724_37.5533835077186069|126.9756792883205350_37.5534878184159808|126.9753568263294028_37.5535704670573551
2026-09-04T23:16:36.811991+09:00,서울역,서울역,POI033,KEY_4,1020022205,후암로,1020035502,서울역,126.9742127476792319_37.5537488377428588,1010000310,LG이노텍본사,126.9752223276996546_37.5535893271465042,91.0,16.0,서행,126.9752223276996546_37.5535893271465042|126.9744116995333343_37.5536832130246765|126.9742127476792319_37.5537488377428588
2026-09-04T23:16:36.811991+09:00,서울역,서울역,POI033,KEY_4,1020022705,소월로,1010109800,남대문로5가 431,126.9765972619878767_37.5555182701131471,1010000704,도동삼거리,126.9768636563198214_37.5560052120861414,59.0,33.0,원활,126.9768636563198214_37.5560052120861414|126.9768061889182320_37.5559210408862967|126.9767141186498520_37.5557820754249434|126.9766585950972626_37.5556855676206496|126.9765972619878767_37.5555182701131471
2026-09-04T23:16:36.811991+09:00,서울역,서울역,POI033,KEY_4,1020022901,한강대로,1020006104,서울역앞교차로,126.9727424266385611_37.5542385337162727,1010035900,서울역,126.9726382859721099_37.5561301693119631,210.0,18.0,서행,126.9726382859721099_37.5561301693119631|126.9727113828136709_37.5551624769767898|126.9727511726894420_37.5546357106512687|126.9727424266385611_37.5542385337162727
2026-09-04T23:16:36.811991+09:00,서울역,서울역,POI033,KEY_4,1020023001,한강대로,1010036000,서울역(서울1호선),126.9728469457788407_37.5551689665811139,1020006101,서울역앞교차로,126.9728775006100676_37.5542043509851950,107.0,13.0,정체,126.9728775006100676_37.5542043509851950|126.9728870508398302_37.5546380115442062|126.9728469457788407_37.5551689665811139
2026-09-04T23:16:36.811991+09:00,서울역,서울역,POI033,KEY_4,1020050600,후암로,1020035600,서울역,126.9737199051955514_37.5538379912663061,1020035400,서울역,126.9727592898207575_37.5532167445227429,115.0,14.0,정체,126.9727592898207575_37.5532167445227429|126.9729413557275279_37.5534694514369036|126.9731097388656735_37.5535976235205595|126.9732594214425347_37.5536900341256157|126.9734053703012080_37.5537586041957994|126.9735615769517239_37.5538343924740516|126.9737199051955514_37.5538379912663061
2026-09-04T23:16:36.811991+09:00,선릉역,선릉역,POI034,KEY_1,1220025803,선릉로,1220382800,역삼동 802-31,127.0494800504940969_37.5033567751413273,1220035503,선릉역(서울2호선),127.0493398594145731_37.5036589428028151,36.0,11.0,정체,127.0493398594145731_37.5036589428028151|127.0494800504940969_37.5033567751413273
2026-09-04T23:16:36.811991+09:00,선릉역,선릉역,POI034,KEY_1,1220025804,선릉로,1220035504,선릉역(서울2호선),127.0492928042660310_37.5037603648988949,1220035903,선릉역사거리,127.0489874547452303_37.5044185049200891,78.0,34.0,원활,127.0489874547452303_37.5044185049200891|127.0492474271719345_37.5038581699360591|127.0492928042660310_37.5037603648988949
2026-09-04T23:16:36.811991+09:00,선릉역,선릉역,POI034,KEY_1,1220025903,선릉로,1220358000,대치동 1011-17,127.0493747245042755_37.5038956551044578,1220034601,진선여고,127.0497736298861042_37.5030358485243909,102.0,20.0,서행,127.0497736298861042_37.5030358485243909|127.0496073469251996_37.5033942600096850|127.0494671565548828_37.5036964278532707|127.0494201015183222_37.5037978500803462|127.0493747245042755_37.5038956551044578
2026-09-04T23:16:36.811991+09:00,선릉역,선릉역,POI034,KEY_1,1220026002,테헤란로,1220034906,블랙베리박물관,127.0443627780408065_37.5031471670482617,1220035704,역삼동 804,127.0471173294836689_37.5039936601345545,261.0,29.0,원활,127.0471173294836689_37.5039936601345545|127.0443627780408065_37.5031471670482617
2026-09-04T23:16:36.811991+09:00,선릉역,선릉역,POI034,KEY_1,1220026003,테헤란로,1220035701,역삼동 804,127.0472444652040593_37.5040315100491171,1220035904,선릉역사거리,127.0489401518829737_37.5045198504901336,159.0,15.0,서행,127.0489401518829737_37.5045198504901336|127.0472444652040593_37.5040315100491171
2026-09-04T23:16:36.811991+09:00,선릉역,선릉역,POI034,KEY_1,1220026004,테헤란로,1220034102,르네상스호텔교차로,127.0436867528111975_37.5029433037034892,1220034909,블랙베리박물관,127.0442359817900950_37.5031085999901350,52.0,14.5,정체,127.0442359817900950_37.5031085999901350|127.0436867528111975_37.5029433037034892
2026-09-04T23:16:36.811991+09:00,선릉역,선릉역,POI034,KEY_1,1220026005,테헤란로,1220034106,르네상스호텔사거리,127.0428318796063962_37.5026860140694112,1220034105,르네상스호텔교차로,127.0435597867368074_37.5029050914540534,69.0,7.0,정체,127.0435597867368074_37.5029050914540534|127.0428318796063962_37.5026860140694112
2026-09-04T23:16:36.811991+09:00,선릉역,선릉역,POI034,KEY_1,1220026102,테헤란로,1220035703,역삼동 804,127.0471670915627840_37.5038930671752482,1220034907,블랙베리박물관,127.0444223112660467_37.5030495771580661,260.0,36.0,원활,127.0444223112660467_37.5030495771580661|127.0471670915627840_37.5038930671752482
2026-09-04T23:16:36.811991+09:00,선릉역,선릉역,POI034,KEY_1,1220026103,테헤란로,1220035903,선릉역사거리,127.0489874547452303_37.5044185049200891,1220035702,역삼동 804,127.0472942790560325_37.5039308877385196,159.0,20.0,서행,127.0472942790560325_37.5039308877385196|127.0489874547452303_37.5044185049200891
2026-09-04T23:16:36.811991+09:00,선릉역,선릉역,POI034,KEY_1,1220026801,테헤란로,1220035901,선릉역사거리,127.0490667656896164_37.5045587941768233,1220036304,월간부동산경제,127.0507097058413279_37.5050961507753726,157.0,8.0,정체,127.0507097058413279_37.5050961507753726|127.0490667656896164_37.5045587941768233
2026-09-04T23:16:36.811991+09:00,선릉역,선릉역,POI034,KEY_1,1220026802,테헤란로,1220036301,월간부동산경제,127.0508357905731600_37.5051361926111113,1220036804,KTF타워,127.0528495126162909_37.5057573699263784,191.0,33.0,원활,127.0528495126162909_37.5057573699263784|127.0508357905731600_37.5051361926111113
2026-09-04T23:16:36.811991+09:00,선릉역,선릉역,POI034,KEY_1,1220026804,테헤란로,1220036801,KTF타워,127.0529760573716800_37.5057964677758875,1220037405,포스코사거리,127.0565476506724707_37.5068995560620664,339.0,27.0,원활,127.0565476506724707_37.5068995560620664|127.0551245320578602_37.5064612571662650|127.0549977448848864_37.5064221165811134|127.0529760573716800_37.5057964677758875
2026-09-04T23:16:36.811991+09:00,선릉역,선릉역,POI034,KEY_1,1220026901,테헤란로,1220036303,월간부동산경제,127.0507602689269504_37.5049958100575296,1220035902,선릉역사거리,127.0491140994473085_37.5044573976487072,157.0,22.0,서행,127.0491140994473085_37.5044573976487072|127.0507602689269504_37.5049958100575296
2026-09-04T23:16:36.811991+09:00,선릉역,선릉역,POI034,KEY_1,1220026902,테헤란로,1220037203,포스코미술관,127.0550468873825025_37.5063213325861398,1220036302,월간부동산경제,127.0508863665850328_37.5050358511375421,395.0,35.0,원활,127.0508863665850328_37.5050358511375421|127.0528985165621947_37.5056565437127531|127.0530252017615993_37.5056956853289023|127.0550468873825025_37.5063213325861398
2026-09-04T23:16:36.811991+09:00,선릉역,선릉역,POI034,KEY_1,1220026904,테헤란로,1220037404,포스코사거리,127.0566007053227366_37.5067999758815986,1220037202,포스코미술관,127.0551734722876205_37.5063604107458772,135.0,20.0,서행,127.0551734722876205_37.5063604107458772|127.0566007053227366_37.5067999758815986
2026-09-04T23:16:36.811991+09:00,선릉역,선릉역,POI034,KEY_1,1220027601,선릉로,1220358300,역삼동 802-31,127.0486586538320637_37.5051194262060719,1220036703,선릉역(수인분당선),127.0484330543986573_37.5055999334302470,57.0,14.0,정체,127.0484330543986573_37.5055999334302470|127.0486078996825796_37.5052275287191392|127.0486586538320637_37.5051194262060719
2026-09-04T23:16:36.811991+09:00,선릉역,선릉역,POI034,KEY_1,1220027602,선릉로,1220448000,역삼동 802-21,127.0472703648739241_37.5068578058261082,1220037903,선릉공원,127.0470897828734138_37.5069674641184108,20.0,31.0,원활,127.0470897828734138_37.5069674641184108|127.0472703648739241_37.5068578058261082
2026-09-04T23:16:36.811991+09:00,선릉역,선릉역,POI034,KEY_1,1220027603,선릉로,1220370100,역삼동 802-3,127.0440604841689805_37.5095866488481064,1220041803,선정릉역사거리,127.0438262673777103_37.5102164759167138,73.0,30.0,원활,127.0438262673777103_37.5102164759167138|127.0440604841689805_37.5095866488481064
2026-09-04T23:16:36.811991+09:00,선릉역,선릉역,POI034,KEY_1,1220027701,선릉로,1220303700,삼성동 111-114,127.0487350154241852_37.5052654063889435,1220035901,선릉역사거리,127.0490667656896164_37.5045587941768233,84.0,31.0,원활,127.0490667656896164_37.5045587941768233|127.0487857693820217_37.5051573038117922|127.0487350154241852_37.5052654063889435
2026-09-04T23:16:36.811991+09:00,선릉역,선릉역,POI034,KEY_1,1220027702,선릉로,1220374600,삼성동 111-114,127.0483605484462402_37.5060104032975730,1220036701,선릉역(수인분당선),127.0485078851592107_37.5057410376844658,33.0,37.0,원활,127.0485078851592107_37.5057410376844658|127.0483605484462402_37.5060104032975730
2026-09-04T23:16:36.811991+09:00,선릉역,선릉역,POI034,KEY_1,1220027703,선릉로,1220365800,삼성동 111-114,127.0443282632564745_37.5092606516299512,1220037901,선릉공원,127.0469965891165742_37.5071602068898287,337.0,17.0,서행,127.0469965891165742_37.5071602068898287|127.0457652914226543_37.5079213112726038|127.0457315935512526_37.5079411118796386|127.0453123945694074_37.5081874282568322|127.0450551787726425_37.5083692241713393|127.0448383445246918_37.5085748402795289|127.0446727771421109_37.5087520328191388|127.0446145508118008_37.5088143472007260|127.0444273773029806_37.5090709040483858|127.0443282632564745_37.5092606516299512
2026-09-04T23:16:36.811991+09:00,선릉역,선릉역,POI034,KEY_1,1220029003,봉은사로,1220334600,논현동 279-165,127.0429218607902868_37.5100587666423735,1220041804,선정릉역사거리,127.0437875852603753_37.5103204253317628,82.0,19.0,서행,127.0437875852603753_37.5103204253317628|127.0432838786139769_37.5101681847940256|127.0429218607902868_37.5100587666423735
2026-09-04T23:16:36.811991+09:00,선릉역,선릉역,POI034,KEY_1,1220030101,봉은사로,1220266300,삼성동 111-147,127.0456546467774217_37.5107534974710006,1220041802,선정릉역사거리,127.0439536961437739_37.5102544648311351,160.0,42.5,원활,127.0439536961437739_37.5102544648311351|127.0456546467774217_37.5107534974710006
2026-09-04T23:16:36.811991+09:00,선릉역,선릉역,POI034,KEY_1,1220031101,선릉로,1220264300,삼성동 111-114,127.0436559026359049_37.5110541949156300,1220041801,선정릉역사거리,127.0439150377636111_37.5103583429885745,81.0,41.0,원활,127.0439150377636111_37.5103583429885745|127.0436559026359049_37.5110541949156300
2026-09-04T23:16:36.811991+09:00,선릉역,선릉역,POI034,KEY_1,1220066400,선릉로85길,1220033802,역삼동 709-6,127.0449918128137057_37.5022563458516913,1220034404,진선여자고등학교,127.0485994425350498_37.5026948948454901,353.0,16.0,서행,127.0485994425350498_37.5026948948454901|127.0458864169672921_37.5018168749480054|127.0458443373064910_37.5018129468389816|127.0458437108576959_37.5018128883602913|127.0450049324684585_37.5022506870223040|127.0449918128137057_37.5022563458516913
2026-09-04T23:16:36.811991+09:00,선릉역,선릉역,POI034,KEY_1,1220066900,언주로86길,1220034503,진선여자중학교,127.0476253937541600_37.5029148927015115,1220033802,역삼동 709-6,127.0449918128137057_37.5022563458516913,244.0,15.0,서행,127.0449918128137057_37.5022563458516913|127.0450373398494150_37.5022704805788649|127.0460858483811535_37.5025342023920842|127.0461241747767502_37.5025440418957388|127.0465088357584165_37.5026427947566461|127.0471586361461931_37.5028096126219666|127.0475001726865116_37.5028972907328964|127.0476253937541600_37.5029148927015115
2026-09-04T23:16:36.811991+09:00,선릉역,선릉역,POI034,KEY_1,1220067000,언주로86길,1220033801,역삼동 707-12,127.0448489661988987_37.5023280363648013,1220034504,진선여자중학교,127.0476018129394333_37.5030213687362988,255.0,27.0,원활,127.0476018129394333_37.5030213687362988|127.0474674171433094_37.5030024773813935|127.0471170126434259_37.5029125227694990|127.0464672114241012_37.5027457047571673|127.0460825499488777_37.5026469518089058|127.0460446065235516_37.5026372106288548|127.0449922237995821_37.5023725132399832|127.0448489661988987_37.5023280363648013
2026-09-04T23:16:36.811991+09:00,선릉역,선릉역,POI034,KEY_1,1220067100,테헤란로44길,1220425200,역삼동 706-28,127.0445594426699216_37.5025715799587829,1220034908,블랙베리박물관,127.0442936787205923_37.5030103853983761,54.0,14.0,정체,127.0442936787205923_37.5030103853983761|127.0444068427994182_37.5028586561034274|127.0445594426699216_37.5025715799587829
2026-09-04T23:16:36.811991+09:00,선릉역,선릉역,POI034,KEY_1,1220067200,테헤란로44길,1220425100,역삼동 805-14,127.0446844104283741_37.5026137429825184,1220033801,역삼동 707-12,127.0448489661988987_37.5023280363648013,35.0,16.0,서행,127.0448489661988987_37.5023280363648013|127.0448257245955972_37.5023478943872206|127.0446844104283741_37.5026137429825184
2026-09-04T23:16:36.811991+09:00,선릉역,선릉역,POI034,KEY_1,1220067300,역삼로63길,1220369600,대치동 899-17,127.0520617732479707_37.5022788964194831,1220035303,대치동 1011-19,127.0514857362790195_37.5034880610051431,144.0,8.0,정체,127.0514857362790195_37.5034880610051431|127.0520617732479707_37.5022788964194831
2026-09-04T23:16:36.811991+09:00,선릉역,선릉역,POI034,KEY_1,1220067700,테헤란로52길,1220034404,진선여자고등학교,127.0485994425350498_37.5026948948454901,1220034502,진선여자중학교,127.0477058613497690_37.5029198869641291,83.0,19.0,서행,127.0477058613497690_37.5029198869641291|127.0482637055277451_37.5027833474549865|127.0485650684316852_37.5027095837196143|127.0485994425350498_37.5026948948454901
2026-09-04T23:16:36.811991+09:00,선릉역,선릉역,POI034,KEY_1,1220067800,테헤란로52길,1220289300,역삼동 708-33,127.0483035617519079_37.5028867005181183,1220034401,진선여자고등학교,127.0487756743473824_37.5027422782434172,45.0,26.0,원활,127.0487756743473824_37.5027422782434172|127.0486175648109253_37.5028098431502173|127.0483035617519079_37.5028867005181183
2026-09-04T23:16:36.811991+09:00,선릉역,선릉역,POI034,KEY_1,1220068000,선릉로85길,1220034401,진선여자고등학교,127.0487756743473824_37.5027422782434172,1220034604,진선여고,127.0496481972099332_37.5029943484915336,83.0,22.5,서행,127.0496481972099332_37.5029943484915336|127.0488838028640259_37.5027428534322240|127.0487756743473824_37.5027422782434172
2026-09-04T23:16:36.811991+09:00,선릉역,선릉역,POI034,KEY_1,1220068400,테헤란로52길,1220034504,진선여자중학교,127.0476018129394333_37.5030213687362988,1220035003,도시개발신문,127.0475579221615732_37.5031154893994980,11.0,20.0,서행,127.0475579221615732_37.5031154893994980|127.0476018129394333_37.5030213687362988
2026-09-04T23:16:36.811991+09:00,선릉역,선릉역,POI034,KEY_1,1220068500,테헤란로52길,1220035002,도시개발신문,127.0476851392119499_37.5031531430107989,1220034501,진선여자중학교,127.0477457167723543_37.5030232397223813,15.0,43.0,원활,127.0477457167723543_37.5030232397223813|127.0476851392119499_37.5031531430107989
2026-09-04T23:16:36.811991+09:00,선릉역,선릉역,POI034,KEY_1,1220068600,선릉로86길,1220271900,대치동 1011-18,127.0502748335649130_37.5030853689336396,1220034602,진선여고,127.0498209559993370_37.5029344252388057,43.0,14.0,정체,127.0498209559993370_37.5029344252388057|127.0502748335649130_37.5030853689336396
2026-09-04T23:16:36.811991+09:00,선릉역,선릉역,POI034,KEY_1,1220068700,선릉로86길,1220272000,대치동 889-46,127.0502225545053534_37.5031851452885192,1220035304,대치동 1011-19,127.0514375857766964_37.5035892110017741,116.0,4.0,정체,127.0514375857766964_37.5035892110017741|127.0510727414042123_37.5034678816585227|127.0506832483399933_37.5033383536890739|127.0502225545053534_37.5031851452885192
2026-09-04T23:16:36.811991+09:00,선릉역,선릉역,POI034,KEY_1,1220069201,테헤란로43길,1220034905,국제섬유신문,127.0440100661521683_37.5035966744363876,1220035603,속성변화점,127.0438833453921603_37.5038704428559555,32.0,7.0,정체,127.0438833453921603_37.5038704428559555|127.0440100661521683_37.5035966744363876
2026-09-04T23:16:36.811991+09:00,선릉역,선릉역,POI034,KEY_1,1220069202,테헤란로43길,1220034909,블랙베리박물관,127.0442359817900950_37.5031085999901350,1220034904,국제섬유신문,127.0440570321479470_37.5034952082934012,46.0,7.0,정체,127.0440570321479470_37.5034952082934012|127.0442359817900950_37.5031085999901350
2026-09-04T23:16:36.811991+09:00,선릉역,선릉역,POI034,KEY_1,1220069301,테헤란로43길,1220034903,국제섬유신문,127.0441843649481370_37.5035326168648098,1220034906,블랙베리박물관,127.0443627780408065_37.5031471670482617,46.0,12.0,정체,127.0443627780408065_37.5031471670482617|127.0441843649481370_37.5035326168648098
2026-09-04T23:16:36.811991+09:00,선릉역,선릉역,POI034,KEY_1,1220069302,테헤란로43길,1220035602,이환빌딩,127.0440106778918334_37.5039078512403847,1220034902,국제섬유신문,127.0441373988766571_37.5036340831138304,32.0,20.0,서행,127.0441373988766571_37.5036340831138304|127.0440106778918334_37.5039078512403847
2026-09-04T23:16:36.811991+09:00,선릉역,선릉역,POI034,KEY_1,1220069400,선릉로89길,1220035001,도시개발신문,127.0476361765401236_37.5032539819536694,1220035504,선릉역(서울2호선),127.0492928042660310_37.5037603648988949,157.0,6.0,정체,127.0492928042660310_37.5037603648988949|127.0476361765401236_37.5032539819536694
2026-09-04T23:16:36.811991+09:00,선릉역,선릉역,POI034,KEY_1,1220069500,테헤란로52길,1220035004,도시개발신문,127.0475102746900689_37.5032136202441109,1220035703,역삼동 804,127.0471670915627840_37.5038930671752482,81.0,9.0,정체,127.0471670915627840_37.5038930671752482|127.0475102746900689_37.5032136202441109
2026-09-04T23:16:36.811991+09:00,선릉역,선릉역,POI034,KEY_1,1220069600,테헤란로52길,1220035702,역삼동 804,127.0472942790560325_37.5039308877385196,1220035001,도시개발신문,127.0476361765401236_37.5032539819536694,81.0,11.0,정체,127.0476361765401236_37.5032539819536694|127.0472942790560325_37.5039308877385196
2026-09-04T23:16:36.811991+09:00,선릉역,선릉역,POI034,KEY_1,1220069900,선릉로86길,1220368500,대치동 896-8,127.0519565654232679_37.5036215470825738,1220035302,대치동 1011-19,127.0516171337999509_37.5035169501664427,32.0,11.0,정체,127.0516171337999509_37.5035169501664427|127.0516507264595560_37.5035213954269935|127.0519565654232679_37.5036215470825738
2026-09-04T23:16:36.811991+09:00,선릉역,선릉역,POI034,KEY_1,1220070000,선릉로86길,1220291800,대치동 1011-12,127.0536876429382716_37.5043052918240960,1220036204,롯데캐슬아파트,127.0557455057748939_37.5049791009656133,197.0,7.0,정체,127.0557455057748939_37.5049791009656133|127.0536876429382716_37.5043052918240960
2026-09-04T23:16:36.811991+09:00,선릉역,선릉역,POI034,KEY_1,1220070100,테헤란로64길,1220327000,대치동 890-49,127.0511666174652987_37.5044640143400940,1220035301,대치동 890-57,127.0515680449655349_37.5036200563672182,100.0,14.0,정체,127.0515680449655349_37.5036200563672182|127.0514128759260046_37.5039462849432255|127.0511666174652987_37.5044640143400940
2026-09-04T23:16:36.811991+09:00,선릉역,선릉역,POI034,KEY_1,1220070200,테헤란로64길,1220327100,대치동 1011-11,127.0510397087366101_37.5044257017429885,1220036303,월간부동산경제,127.0507602689269504_37.5049958100575296,68.0,10.0,정체,127.0507602689269504_37.5049958100575296|127.0508397863444259_37.5048460080051811|127.0510397087366101_37.5044257017429885
2026-09-04T23:16:36.811991+09:00,선릉역,선릉역,POI034,KEY_1,1220070300,선릉로93길,1220374900,역삼동 702-31,127.0452775257639217_37.5043015743408361,1220035602,이환빌딩,127.0440106778918334_37.5039078512403847,120.0,12.0,정체,127.0440106778918334_37.5039078512403847|127.0446181406134656_37.5040968150351475|127.0452456907805328_37.5042920231553651|127.0452775257639217_37.5043015743408361
2026-09-04T23:16:36.811991+09:00,선릉역,선릉역,POI034,KEY_1,1220070400,선릉로93길,1220374800,역삼동 802-37,127.0452296953085209_37.5044027582226391,1220036104,우리빌딩,127.0467047231793600_37.5048452859594335,139.0,17.0,서행,127.0467047231793600_37.5048452859594335|127.0452296953085209_37.5044027582226391
2026-09-04T23:16:36.811991+09:00,선릉역,선릉역,POI034,KEY_1,1220070500,언주로94길,1220035603,속성변화점,127.0438833453921603_37.5038704428559555,1220035802,센터필드EAST,127.0421318287953625_37.5041808866634341,184.0,21.0,서행,127.0421318287953625_37.5041808866634341|127.0426856690897637_37.5043235110338884|127.0428279173818282_37.5043501211974117|127.0429646936048016_37.5043500715293163|127.0436734217523451_37.5042155266854564|127.0437402751845042_37.5041595513156381|127.0438359819385852_37.5039686758785251|127.0438833453921603_37.5038704428559555
2026-09-04T23:16:36.811991+09:00,선릉역,선릉역,POI034,KEY_1,1220070600,언주로94길,1220406900,역삼동 700-38,127.0429923173944360_37.5044559753481082,1220035601,이환빌딩,127.0439620134067269_37.5040087840446006,108.0,19.0,서행,127.0439620134067269_37.5040087840446006|127.0438566121118811_37.5042189961629546|127.0437440122160382_37.5043132731677531|127.0429923173944360_37.5044559753481082
2026-09-04T23:16:36.811991+09:00,선릉역,선릉역,POI034,KEY_1,1220070700,테헤란로51길,1220035704,역삼동 804,127.0471173294836689_37.5039936601345545,1220036103,우리빌딩,127.0467535949327811_37.5047444149913147,89.0,14.0,정체,127.0467535949327811_37.5047444149913147|127.0468396453975544_37.5045668067024280|127.0471173294836689_37.5039936601345545
2026-09-04T23:16:36.811991+09:00,선릉역,선릉역,POI034,KEY_1,1220070800,테헤란로51길,1220323800,역삼동 705-31,127.0469662568829392_37.5046057396921384,1220035701,역삼동 804,127.0472444652040593_37.5040315100491171,68.0,8.0,정체,127.0472444652040593_37.5040315100491171|127.0469662568829392_37.5046057396921384
2026-09-04T23:16:36.811991+09:00,선릉역,선릉역,POI034,KEY_1,1220071100,삼성로85길,1220036503,이비스스타일앰배서더서울강남,127.0573585733390729_37.5053724936751181,1220036202,롯데캐슬아파트,127.0559213381150556_37.5049190420530891,137.0,9.0,정체,127.0559213381150556_37.5049190420530891|127.0573585733390729_37.5053724936751181
2026-09-04T23:16:36.811991+09:00,선릉역,선릉역,POI034,KEY_1,1220071200,삼성로85길,1220036201,롯데캐슬아파트,127.0558713656280361_37.5050195657570598,1220036504,이비스스타일앰배서더서울강남,127.0573055376119243_37.5054720518562945,136.0,16.0,서행,127.0573055376119243_37.5054720518562945|127.0558713656280361_37.5050195657570598
2026-09-04T23:16:36.811991+09:00,선릉역,선릉역,POI034,KEY_1,1220071300,선릉로93길,1220036703,선릉역(수인분당선),127.0484330543986573_37.5055999334302470,1220036102,우리빌딩,127.0468696615953377_37.5048051128072615,169.0,13.0,정체,127.0468696615953377_37.5048051128072615|127.0472577382230241_37.5052092417498173|127.0475341574507979_37.5053011288221043|127.0479304710487156_37.5054328695665120|127.0484330543986573_37.5055999334302470
2026-09-04T23:16:36.811991+09:00,선릉역,선릉역,POI034,KEY_1,1220071400,선릉로93길,1220335200,역삼동 696-45,127.0478782088464129_37.5055326522576777,1220036704,선릉역(수인분당선),127.0483821896187351_37.5057001806225543,48.0,15.0,서행,127.0483821896187351_37.5057001806225543|127.0478782088464129_37.5055326522576777
2026-09-04T23:16:36.811991+09:00,선릉역,선릉역,POI034,KEY_1,1220071500,테헤란로78길,1220268600,대치동 1011-6,127.0553089900937067_37.5058177697578614,1220037203,포스코미술관,127.0550468873825025_37.5063213325861398,61.0,19.0,서행,127.0550468873825025_37.5063213325861398|127.0553089900937067_37.5058177697578614
2026-09-04T23:16:36.811991+09:00,선릉역,선릉역,POI034,KEY_1,1220071600,테헤란로78길,1220037202,포스코미술관,127.0551734722876205_37.5063604107458772,1220036201,롯데캐슬아파트,127.0558713656280361_37.5050195657570598,161.0,17.0,서행,127.0558713656280361_37.5050195657570598|127.0556616943434847_37.5054224074410030|127.0554343582095669_37.5058591832844215|127.0551734722876205_37.5063604107458772
2026-09-04T23:16:36.811991+09:00,선릉역,선릉역,POI034,KEY_1,1220071700,테헤란로63길,1220423600,삼성동 172-98,127.0503997460840679_37.5057459597834253,1220037103,삼성동빌딩,127.0501931847878154_37.5061595041217970,49.0,13.0,정체,127.0501931847878154_37.5061595041217970|127.0502410686189307_37.5060786113238365|127.0503997460840679_37.5057459597834253
2026-09-04T23:16:36.811991+09:00,선릉역,선릉역,POI034,KEY_1,1220071800,테헤란로63길,1220423500,삼성동 142-5,127.0505266121239316_37.5057843667848871,1220036301,월간부동산경제,127.0508357905731600_37.5051361926111113,77.0,10.0,정체,127.0508357905731600_37.5051361926111113|127.0505266121239316_37.5057843667848871
2026-09-04T23:16:36.811991+09:00,선릉역,선릉역,POI034,KEY_1,1220071900,선릉로94길,1220037103,삼성동빌딩,127.0501931847878154_37.5061595041217970,1220036702,선릉역(수인분당선),127.0485587670993652_37.5056408010745486,156.0,17.0,서행,127.0485587670993652_37.5056408010745486|127.0490621091166048_37.5058005461863644|127.0501931847878154_37.5061595041217970
2026-09-04T23:16:36.811991+09:00,선릉역,선릉역,POI034,KEY_1,1220072000,선릉로94길,1220036701,선릉역(수인분당선),127.0485078851592107_37.5057410376844658,1220037104,삼성동빌딩,127.0501601069988027_37.5062653907136010,157.0,6.0,정체,127.0501601069988027_37.5062653907136010|127.0490118813641089_37.5059009903445002|127.0485078851592107_37.5057410376844658
2026-09-04T23:16:36.811991+09:00,선릉역,선릉역,POI034,KEY_1,1220072100,테헤란로69길,1220036804,KTF타워,127.0528495126162909_37.5057573699263784,1220037603,삼성동 172-89,127.0522708430014944_37.5069035359184255,137.0,12.0,정체,127.0522708430014944_37.5069035359184255|127.0524230958238974_37.5066019737352079|127.0526102703543501_37.5062312396574242|127.0528495126162909_37.5057573699263784
2026-09-04T23:16:36.811991+09:00,선릉역,선릉역,POI034,KEY_1,1220072200,테헤란로69길,1220345500,삼성동 172-99,127.0527361859108169_37.5062715853546678,1220036801,KTF타워,127.0529760573716800_37.5057964677758875,57.0,12.0,정체,127.0529760573716800_37.5057964677758875|127.0527361859108169_37.5062715853546678
2026-09-04T23:16:36.811991+09:00,선릉역,선릉역,POI034,KEY_1,1220072700,테헤란로63길,1220037104,삼성동빌딩,127.0501601069988027_37.5062653907136010,1220037303,정든빌딩,127.0501680356160392_37.5067325970078258,52.0,18.0,서행,127.0501680356160392_37.5067325970078258|127.0501601069988027_37.5062653907136010
2026-09-04T23:16:36.811991+09:00,선릉역,선릉역,POI034,KEY_1,1220072800,테헤란로63길,1220037302,정든빌딩,127.0503036864279096_37.5067277996371189,1220037101,삼성동빌딩,127.0502958135916458_37.5062639290552582,51.0,12.0,정체,127.0502958135916458_37.5062639290552582|127.0503036864279096_37.5067277996371189
2026-09-04T23:16:36.811991+09:00,선릉역,선릉역,POI034,KEY_1,1220073500,선릉로100길,1220369700,삼성동 172-89,127.0515841885179213_37.5067796298796594,1220037302,정든빌딩,127.0503036864279096_37.5067277996371189,113.0,12.0,정체,127.0503036864279096_37.5067277996371189|127.0515841885179213_37.5067796298796594
2026-09-04T23:16:36.811991+09:00,선릉역,선릉역,POI034,KEY_1,1220073600,선릉로100길,1220037301,정든빌딩,127.0502967986549976_37.5068357808075135,1220037604,삼성동 172-89,127.0522091422740658_37.5069998373663793,171.0,20.0,서행,127.0522091422740658_37.5069998373663793|127.0520785711498206_37.5069467447646474|127.0518857869076896_37.5069000953744691|127.0515773025849029_37.5068876111003817|127.0502967986549976_37.5068357808075135
2026-09-04T23:16:36.811991+09:00,선릉역,선릉역,POI034,KEY_1,1220073700,선릉로100길,1220419800,삼성동 172-88,127.0489998316540294_37.5068690014972219,1220037902,선릉공원,127.0471720593799319_37.5070534520707710,163.0,28.0,원활,127.0471720593799319_37.5070534520707710|127.0474044325196132_37.5070552676544722|127.0489998316540294_37.5068690014972219
2026-09-04T23:16:36.811991+09:00,선릉역,선릉역,POI034,KEY_1,1220073800,선릉로100길,1220037901,선릉공원,127.0469965891165742_37.5071602068898287,1220037304,정든빌딩,127.0501877186652990_37.5068395748828394,285.0,22.0,서행,127.0501877186652990_37.5068395748828394|127.0490195130558817_37.5069759794436237|127.0474136620712926_37.5071634656356494|127.0469965891165742_37.5071602068898287
2026-09-04T23:16:36.811991+09:00,선릉역,선릉역,POI034,KEY_1,1220074600,삼성로95길,1220038503,마루빌딩,127.0534532547879820_37.5074151103447733,1220037602,삼성동 172-89,127.0523915908889165_37.5069541192693592,107.0,8.0,정체,127.0523915908889165_37.5069541192693592|127.0534532547879820_37.5074151103447733
2026-09-04T23:16:36.811991+09:00,선릉역,선릉역,POI034,KEY_1,1220075600,삼성로95길,1220406500,삼성동 172-90,127.0542714833571409_37.5077257788648311,1220038502,마루빌딩,127.0535960100787065_37.5074744096809738,66.0,10.0,정체,127.0535960100787065_37.5074744096809738|127.0540234447238248_37.5076262489432253|127.0542714833571409_37.5077257788648311
2026-09-04T23:16:36.811991+09:00,선릉역,선릉역,POI034,KEY_1,1220078300,봉은사로68길,1220392700,삼성동 172-73,127.0530668262036471_37.5086067783565937,1220038501,마루빌딩,127.0536095457558048_37.5075976007268892,126.0,34.0,원활,127.0536095457558048_37.5075976007268892|127.0536270441107263_37.5077568563279229|127.0536175999609867_37.5078783512049867|127.0536010378548042_37.5079533619661234|127.0532756349020502_37.5083408529318518|127.0530933339902475_37.5085844180251726|127.0530668262036471_37.5086067783565937
2026-09-04T23:16:36.811991+09:00,선릉역,선릉역,POI034,KEY_1,1220330700,테헤란로43길,1220034105,르네상스호텔교차로,127.0435597867368074_37.5029050914540534,1220034905,국제섬유신문,127.0440100661521683_37.5035966744363876,122.0,7.0,정체,127.0440100661521683_37.5035966744363876|127.0436463251092079_37.5034967442712031|127.0433326699137950_37.5034026470018773|127.0435597867368074_37.5029050914540534
2026-09-04T23:16:36.811991+09:00,선릉역,선릉역,POI034,KEY_1,1220330800,테헤란로43길,1220034904,국제섬유신문,127.0440570321479470_37.5034952082934012,1220034102,르네상스호텔교차로,127.0436867528111975_37.5029433037034892,98.0,6.0,정체,127.0436867528111975_37.5029433037034892|127.0435060706377044_37.5033391353576278|127.0436923689629509_37.5033950244486789|127.0440570321479470_37.5034952082934012
2026-09-04T23:16:36.811991+09:00,성신여대입구역,성신여대입구역,POI035,KEY_2,1070005902,고려대로7길,1070009903,동선동2가 2-12,127.0176192672884525_37.5897727856347075,1070010303,하늘다리(동측),127.0169126278614584_37.5903777968666262,92.0,29.0,원활,127.0169126278614584_37.5903777968666262|127.0169401511210765_37.5903235362831509|127.0170002694840861_37.5902430465021453|127.0176192672884525_37.5897727856347075
2026-09-04T23:16:36.811991+09:00,성신여대입구역,성신여대입구역,POI035,KEY_2,1070006002,고려대로7길,1070010302,하늘다리(동측),127.0170394750946059_37.5904165844383797,1070009904,동선동2가 2-12,127.0177130914113519_37.5898509870969306,87.0,7.0,정체,127.0177130914113519_37.5898509870969306|127.0171075576426318_37.5903110198803319|127.0170622572597949_37.5903716704267481|127.0170394750946059_37.5904165844383797
2026-09-04T23:16:36.811991+09:00,성신여대입구역,성신여대입구역,POI035,KEY_2,1070006502,보문로34길,1070010201,하늘다리(서측),127.0165586656954559_37.5903884913356379,1070010304,하늘다리(동측),127.0168751057147887_37.5904820436575946,30.0,20.0,서행,127.0168751057147887_37.5904820436575946|127.0165586656954559_37.5903884913356379
2026-09-04T23:16:36.811991+09:00,성신여대입구역,성신여대입구역,POI035,KEY_2,1070006602,보문로34길,1070010303,하늘다리(동측),127.0169126278614584_37.5903777968666262,1070010202,하늘다리(서측),127.0166059853883098_37.5902871410901014,29.0,3.0,정체,127.0166059853883098_37.5902871410901014|127.0169126278614584_37.5903777968666262
2026-09-04T23:16:36.811991+09:00,성신여대입구역,성신여대입구역,POI035,KEY_2,1070007000,보문로34길,1070178200,동선동2가 10-1,127.0184456420819572_37.5908604765532530,1070010302,하늘다리(동측),127.0170394750946059_37.5904165844383797,134.0,7.0,정체,127.0170394750946059_37.5904165844383797|127.0184456420819572_37.5908604765532530
2026-09-04T23:16:36.811991+09:00,성신여대입구역,성신여대입구역,POI035,KEY_2,1070007101,동소문로20길,1070010304,하늘다리(동측),127.0168751057147887_37.5904820436575946,1070010403,성신여대입구역(우이신설경전철),127.0167328226829540_37.5911976949289937,80.0,7.0,정체,127.0167328226829540_37.5911976949289937|127.0168015831991823_37.5908518469217512|127.0168751057147887_37.5904820436575946
2026-09-04T23:16:36.811991+09:00,성신여대입구역,성신여대입구역,POI035,KEY_2,1070007102,동소문로20길,1070189800,동소문동5가 65-6,127.0165453469041097_37.5921183733808775,1070011403,성신여대입구역사거리,127.0164391257461887_37.5926067210998767,55.0,16.0,서행,127.0164391257461887_37.5926067210998767|127.0165453469041097_37.5921183733808775
2026-09-04T23:16:36.811991+09:00,성신여대입구역,성신여대입구역,POI035,KEY_2,1070007201,동소문로20길,1070217800,동선동1가 5-1,127.0169357870388751_37.5908687418819838,1070010301,하늘다리(동측),127.0170047370346680_37.5905219344376036,39.0,13.0,정체,127.0170047370346680_37.5905219344376036|127.0169357870388751_37.5908687418819838
2026-09-04T23:16:36.811991+09:00,성신여대입구역,성신여대입구역,POI035,KEY_2,1070007702,동소문로,1070191300,동소문동6가 10-2,127.0145774605457092_37.5924002821867944,1070011204,성신여대입구역,127.0157407964704248_37.5925412837108297,104.0,13.0,정체,127.0157407964704248_37.5925412837108297|127.0155688164207959_37.5925158470959602|127.0152429599720847_37.5924762180501730|127.0150037964714045_37.5924587492791531|127.0148577137105974_37.5924431614350354|127.0147441962490404_37.5924270782359216|127.0145774605457092_37.5924002821867944
2026-09-04T23:16:36.811991+09:00,성신여대입구역,성신여대입구역,POI035,KEY_2,1070007703,동소문로,1070011201,성신여대입구역,127.0158752935630702_37.5925635166821124,1070011404,성신여대입구역사거리,127.0164161787219967_37.5927162489956643,51.0,13.0,정체,127.0164161787219967_37.5927162489956643|127.0161741705460230_37.5926359517155646|127.0159856262325775_37.5925831927881262|127.0158752935630702_37.5925635166821124
2026-09-04T23:16:36.811991+09:00,성신여대입구역,성신여대입구역,POI035,KEY_2,1070007801,동소문로,1070011003,동소문동5가 54-1,127.0148815318724047_37.5923367166396858,1070010802,성북구청입구교차로,127.0133127718712700_37.5917960363692458,152.0,21.0,서행,127.0133127718712700_37.5917960363692458|127.0139621904980771_37.5920947289044349|127.0141232416506938_37.5921587812784352|127.0141441991609810_37.5921671163592848|127.0143532692258077_37.5922299974821783|127.0146050805432481_37.5922944190553423|127.0147695578757663_37.5923208517137724|127.0148815318724047_37.5923367166396858
2026-09-04T23:16:36.811991+09:00,성신여대입구역,성신여대입구역,POI035,KEY_2,1070007802,동소문로,1070011403,성신여대입구역사거리,127.0164391257461887_37.5926067210998767,1070011002,동소문동5가 65-1,127.0150162167295349_37.5923510826165099,130.0,21.0,서행,127.0150162167295349_37.5923510826165099|127.0152594491616185_37.5923688483093557|127.0155915012157806_37.5924092315234120|127.0157656264955506_37.5924349850518809|127.0159050086856922_37.5924580145421103|127.0160231508369577_37.5924790834847826|127.0162228939912552_37.5925349762665917|127.0164391257461887_37.5926067210998767
2026-09-04T23:16:36.811991+09:00,성신여대입구역,성신여대입구역,POI035,KEY_2,1070008600,동소문로,1070217600,동선동1가 101-1,127.0173731193807072_37.5930450746463052,1070011402,성신여대입구역사거리,127.0165670307477939_37.5926526509804191,84.0,38.8,원활,127.0165670307477939_37.5926526509804191|127.0168368755280710_37.5927622646081758|127.0170626909825984_37.5928666328168575|127.0172973428945937_37.5929975253992126|127.0173731193807072_37.5930450746463052
2026-09-04T23:16:36.811991+09:00,성신여대입구역,성신여대입구역,POI035,KEY_2,1070009501,아리랑로,1070011404,성신여대입구역사거리,127.0164161787219967_37.5927162489956643,1070011903,성신여대입구역(서울4호선),127.0163070681390423_37.5932706597657145,62.0,11.0,정체,127.0163070681390423_37.5932706597657145|127.0164161787219967_37.5927162489956643
2026-09-04T23:16:36.811991+09:00,성신여대입구역,성신여대입구역,POI035,KEY_2,1070009502,아리랑로,1070152500,동소문동6가 200-1,127.0161022456183559_37.5942459627278893,1070013303,흥천사입구,127.0153444563614613_37.5964186545611980,252.0,13.0,정체,127.0153444563614613_37.5964186545611980|127.0158188667783890_37.5955277742552951|127.0158434474531646_37.5954639148354701|127.0158506544361643_37.5954451914158199|127.0160294984277414_37.5945904614207151|127.0161022456183559_37.5942459627278893
2026-09-04T23:16:36.811991+09:00,성신여대입구역,성신여대입구역,POI035,KEY_2,1070009601,아리랑로,1070152400,동선동4가 62-1,127.0162362461145733_37.5942638784102030,1070011401,성신여대입구역사거리,127.0165441646656461_37.5927647547090160,169.0,26.0,원활,127.0165441646656461_37.5927647547090160|127.0164413089041631_37.5932873874350264|127.0164179583282191_37.5934033471139699|127.0163543209479826_37.5937047158219642|127.0162362461145733_37.5942638784102030
2026-09-04T23:16:36.811991+09:00,성신여대입구역,성신여대입구역,POI035,KEY_2,1070026500,동소문로,1070181400,동소문동5가 118-1,127.0160530935796004_37.5912416782053072,1070010903,동일하이빌아파트,127.0149594233561601_37.5919301839374782,155.0,6.0,정체,127.0149594233561601_37.5919301839374782|127.0150138337729260_37.5916857225979797|127.0150919169856820_37.5913348985611790|127.0151619182899196_37.5912762458128924|127.0153666425906778_37.5912860924097174|127.0160530935796004_37.5912416782053072
2026-09-04T23:16:36.811991+09:00,성신여대입구역,성신여대입구역,POI035,KEY_2,1070026600,동소문로,1070181500,동소문동5가 118-1,127.0160641056095443_37.5913494417794638,1070010404,성신여대입구역(우이신설경전철),127.0167106452625632_37.5913076060878240,57.0,21.0,서행,127.0167106452625632_37.5913076060878240|127.0160641056095443_37.5913494417794638
2026-09-04T23:16:36.811991+09:00,성신여대입구역,성신여대입구역,POI035,KEY_2,1070026800,보문로40길,1070010903,동일하이빌아파트,127.0149594233561601_37.5919301839374782,1070010602,성북구청입구,127.0135671858635504_37.5915271608862156,131.0,9.0,정체,127.0135671858635504_37.5915271608862156|127.0147074627602990_37.5918996231696596|127.0147774769798161_37.5919135419600607|127.0149594233561601_37.5919301839374782
2026-09-04T23:16:36.811991+09:00,성신여대입구역,성신여대입구역,POI035,KEY_2,1070026900,보문로40길,1070010601,성북구청입구,127.0134721138476550_37.5916129798123109,1070010904,동일하이빌아파트,127.0149376262676526_37.5920370213863748,138.0,35.0,원활,127.0149376262676526_37.5920370213863748|127.0147531482231074_37.5920201476797970|127.0146649758462445_37.5920026190555703|127.0134721138476550_37.5916129798123109
2026-09-04T23:16:36.811991+09:00,성신여대입구역,성신여대입구역,POI035,KEY_2,1070027000,동소문로,1070010904,동일하이빌아파트,127.0149376262676526_37.5920370213863748,1070011003,동소문동5가 54-1,127.0148815318724047_37.5923367166396858,34.0,12.0,정체,127.0148815318724047_37.5923367166396858|127.0149376262676526_37.5920370213863748
2026-09-04T23:16:36.811991+09:00,성신여대입구역,성신여대입구역,POI035,KEY_2,1070027100,동소문로,1070011002,동소문동5가 65-1,127.0150162167295349_37.5923510826165099,1070010901,동일하이빌아파트,127.0150720184948625_37.5920529485815251,33.0,4.0,정체,127.0150720184948625_37.5920529485815251|127.0150162167295349_37.5923510826165099
2026-09-04T23:16:36.811991+09:00,성신여대입구역,성신여대입구역,POI035,KEY_2,1070028700,아리랑로,1070208700,동소문동6가 140-1,127.0157330995905625_37.5927917752668392,1070011904,성신여대입구역(서울4호선),127.0162839594818251_37.5933854316600673,87.0,7.0,정체,127.0162839594818251_37.5933854316600673|127.0159785893586246_37.5932414953664633|127.0158756041946901_37.5931682919617316|127.0157419765480853_37.5928464458237670|127.0157330995905625_37.5927917752668392
2026-09-04T23:16:36.811991+09:00,수유역,수유역,POI036,KEY_3,1080008602,도봉로82길,1080226000,번동 391,127.0241644936939878_37.6357696032203535,1080015202,수유시외버스정류소,127.0236831694384279_37.6360907804609113,55.0,33.0,원활,127.0236831694384279_37.6360907804609113|127.0241644936939878_37.6357696032203535
2026-09-04T23:16:36.811991+09:00,수유역,수유역,POI036,KEY_3,1080008000,도봉로,1080015202,수유시외버스정류소,127.0236831694384279_37.6360907804609113,1080014201,수유사거리,127.0233556679664844_37.6347442902930567,157.0,25.0,원활,127.0233556679664844_37.6347442902930567|127.0233018635561280_37.6352888705356889|127.0233175543222046_37.6354070103498799|127.0233430823840308_37.6355173868229684|127.0233955533373802_37.6356355217398075|127.0234453674785868_37.6357565952720634|127.0235352966461022_37.6359041479519192|127.0236251021237166_37.6360284821932822|127.0236831694384279_37.6360907804609113
2026-09-04T23:16:36.811991+09:00,수유역,수유역,POI036,KEY_3,1080009103,오패산로,1080158500,번동 386-16,127.0260853604169284_37.6375944430184219,1080016102,수유역앞교차로,127.0256194588501444_37.6379067843667983,54.0,11.0,정체,127.0256194588501444_37.6379067843667983|127.0260853604169284_37.6375944430184219
2026-09-04T23:16:36.811991+09:00,수유역,수유역,POI036,KEY_3,1080009301,도봉로,1080002901,번동 386-16,127.0231664465426604_37.6352899337358835,1080015203,수유시외버스정류소,127.0235736061376599_37.6361550867126198,104.0,20.5,서행,127.0235736061376599_37.6361550867126198|127.0235111603072085_37.6360878005974442|127.0234150337191750_37.6359547144529927|127.0233190142585045_37.6357971691573283|127.0232668329031753_37.6356703423469057|127.0232113146315527_37.6355453442665109|127.0231828133108536_37.6354221130901792|127.0231664465426604_37.6352899337358835
2026-09-04T23:16:36.811991+09:00,수유역,수유역,POI036,KEY_3,1080009302,도봉로,1080156300,수유동 140,127.0250179650912514_37.6375154509010059,1080016103,수유역앞교차로,127.0255162867766927_37.6379771983937559,68.0,21.5,서행,127.0255162867766927_37.6379771983937559|127.0250179650912514_37.6375154509010059
2026-09-04T23:16:36.811991+09:00,수유역,수유역,POI036,KEY_3,1080009402,도봉로,1080073400,번동 386-16,127.0242352713134437_37.6366200409223595,1080015201,수유시외버스정류소,127.0237672815486718_37.6361757911882933,64.0,12.0,정체,127.0237672815486718_37.6361757911882933|127.0242352713134437_37.6366200409223595
2026-09-04T23:16:36.811991+09:00,수유역,수유역,POI036,KEY_3,1080009703,한천로,1080016003,번동 386-16,127.0299779896407841_37.6378716339951396,1080016402,강북웨딩홀,127.0282279267782144_37.6390089170082121,199.0,23.0,서행,127.0282279267782144_37.6390089170082121|127.0299779896407841_37.6378716339951396
2026-09-04T23:16:36.811991+09:00,수유역,수유역,POI036,KEY_3,1080009704,한천로,1080016403,강북웨딩홀,127.0281210425953446_37.6390791820698425,1080003302,강북구청사거리,127.0273999361081678_37.6395569047145599,83.0,29.0,원활,127.0273999361081678_37.6395569047145599|127.0278033307742049_37.6392896628693592|127.0281210425953446_37.6390791820698425
2026-09-04T23:16:36.811991+09:00,수유역,수유역,POI036,KEY_3,1080009802,한천로,1080016401,강북웨딩홀,127.0283249364074294_37.6390855039041270,1080016004,번동 386-16,127.0300640215044723_37.6379553522579826,198.0,28.0,원활,127.0300640215044723_37.6379553522579826|127.0283249364074294_37.6390855039041270
2026-09-04T23:16:36.811991+09:00,수유역,수유역,POI036,KEY_3,1080009803,한천로,1080151700,번동 386-16,127.0278903554192169_37.6393727312907700,1080016404,강북웨딩홀,127.0282200410424593_37.6391543174096554,38.0,7.0,정체,127.0282200410424593_37.6391543174096554|127.0278903554192169_37.6393727312907700
2026-09-04T23:16:36.811991+09:00,수유역,수유역,POI036,KEY_3,1080009900,도봉로,1080047000,수유동 140,127.0270207603614807_37.6393715289835100,1080003303,강북구청사거리,127.0272963919230165_37.6396269755500938,37.0,14.0,정체,127.0272963919230165_37.6396269755500938|127.0270207603614807_37.6393715289835100
2026-09-04T23:16:36.811991+09:00,수유역,수유역,POI036,KEY_3,1080010000,도봉로,1080003302,강북구청사거리,127.0273999361081678_37.6395569047145599,1080016101,수유역앞교차로,127.0257080007585841_37.6379888370540669,229.0,18.0,서행,127.0257080007585841_37.6379888370540669|127.0271239431816923_37.6393011235957502|127.0273999361081678_37.6395569047145599
2026-09-04T23:16:36.811991+09:00,수유역,수유역,POI036,KEY_3,1080010301,노해로,1080002901,번동 386-16,127.0231664465426604_37.6352899337358835,1080015303,수유사거리,127.0229982580287214_37.6361886528113985,101.0,3.0,정체,127.0229982580287214_37.6361886528113985|127.0230491409070765_37.6360140073621778|127.0230954897363063_37.6356468837192679|127.0231628676230997_37.6354251713480110|127.0231664465426604_37.6352899337358835
2026-09-04T23:16:36.811991+09:00,수유역,수유역,POI036,KEY_3,1080010302,노해로,1080015304,수유사거리,127.0229876277383028_37.6362964481573314,1080015903,한성빌딩,127.0228494863499407_37.6376972279147566,156.0,10.0,정체,127.0228494863499407_37.6376972279147566|127.0229876277383028_37.6362964481573314
2026-09-04T23:16:36.811991+09:00,수유역,수유역,POI036,KEY_3,1080010303,노해로,1080075700,수유동 140,127.0224197979474923_37.6413919672375812,1080016903,광산사거리,127.0222951825581958_37.6424932997948360,123.0,16.5,서행,127.0222951825581958_37.6424932997948360|127.0223303549133078_37.6421824549928701|127.0223878024834789_37.6416747415900090|127.0224197979474923_37.6413919672375812
2026-09-04T23:16:36.811991+09:00,수유역,수유역,POI036,KEY_3,1080010304,노해로,1080016904,광산사거리,127.0222815961850955_37.6426152684026505,1080017403,광산사거리,127.0222565141699675_37.6432080577765262,66.0,19.0,서행,127.0222565141699675_37.6432080577765262|127.0222415900239241_37.6431089181549936|127.0222383652308054_37.6430211692069321|127.0222815961850955_37.6426152684026505
2026-09-04T23:16:36.811991+09:00,수유역,수유역,POI036,KEY_3,1080010402,노해로,1080015902,한성빌딩,127.0229850488410364_37.6377056824230678,1080015301,수유사거리,127.0231238772314271_37.6363035834235546,156.0,9.0,정체,127.0231238772314271_37.6363035834235546|127.0229850488410364_37.6377056824230678
2026-09-04T23:16:36.811991+09:00,수유역,수유역,POI036,KEY_3,1080010403,노해로,1080128200,수유동 140,127.0229199583416033_37.6382534900182861,1080015901,한성빌딩,127.0229732198363592_37.6378134096389871,49.0,17.0,서행,127.0229732198363592_37.6378134096389871|127.0229199583416033_37.6382534900182861
2026-09-04T23:16:36.811991+09:00,수유역,수유역,POI036,KEY_3,1080010404,노해로,1080017402,광산사거리,127.0223798519249527_37.6431177142399491,1080016901,광산사거리,127.0224170781558968_37.6426243925686279,55.0,5.0,정체,127.0224170781558968_37.6426243925686279|127.0223744999869666_37.6430241617647852|127.0223773205328683_37.6431008980557209|127.0223798519249527_37.6431177142399491
2026-09-04T23:16:36.811991+09:00,수유역,수유역,POI036,KEY_3,1080010900,삼각산로,1080116900,수유동 140,127.0213634369372357_37.6419126554108203,1080016904,광산사거리,127.0222815961850955_37.6426152684026505,113.0,15.0,서행,127.0222815961850955_37.6426152684026505|127.0221156936451194_37.6425294098279721|127.0217836952744790_37.6422534289198722|127.0217078661471390_37.6421919419448017|127.0215164280236877_37.6420367113308743|127.0213634369372357_37.6419126554108203
2026-09-04T23:16:36.811991+09:00,수유역,수유역,POI036,KEY_3,1080011101,한천로,1080003303,강북구청사거리,127.0272963919230165_37.6396269755500938,1080016602,쌍문시장,127.0266863981054115_37.6400485444776081,71.0,20.0,서행,127.0266863981054115_37.6400485444776081|127.0269422583467929_37.6398717195093795|127.0272963919230165_37.6396269755500938
2026-09-04T23:16:36.811991+09:00,수유역,수유역,POI036,KEY_3,1080011104,한천로,1080115800,수유동 140,127.0232223773573992_37.6425073065817628,1080017402,광산사거리,127.0223798519249527_37.6431177142399491,101.0,22.0,서행,127.0223798519249527_37.6431177142399491|127.0226468883839317_37.6429218971916342|127.0227483095569170_37.6428482628419303|127.0232223773573992_37.6425073065817628
2026-09-04T23:16:36.811991+09:00,수유역,수유역,POI036,KEY_3,1080011201,한천로,1080110500,수유동 140,127.0270314454666050_37.6399533258760783,1080003304,강북구청사거리,127.0273850195992651_37.6397089683551442,41.0,20.0,서행,127.0273850195992651_37.6397089683551442|127.0270314454666050_37.6399533258760783
2026-09-04T23:16:36.811991+09:00,수유역,수유역,POI036,KEY_3,1080011202,한천로,1080112100,수유동 140,127.0252466462093679_37.6411988384507481,1080016604,쌍문시장,127.0266738125599062_37.6402009050989221,168.0,18.0,서행,127.0266738125599062_37.6402009050989221|127.0263045023562682_37.6404591461986371|127.0252466462093679_37.6411988384507481
2026-09-04T23:16:36.811991+09:00,수유역,수유역,POI036,KEY_3,1080011203,한천로,1080017401,광산사거리,127.0224184143844752_37.6432365102794435,1080017204,광산사거리,127.0227390640422271_37.6430013781192727,38.0,7.0,정체,127.0227390640422271_37.6430013781192727|127.0224184143844752_37.6432365102794435
2026-09-04T23:16:36.811991+09:00,수유역,수유역,POI036,KEY_3,1080011301,도봉로,1080060100,수유동 140,127.0306004514326617_37.6426841969638559,1080017102,강북구-도봉구,127.0308257491886792_37.6428931106192053,31.0,19.5,서행,127.0308257491886792_37.6428931106192053|127.0306004514326617_37.6426841969638559
2026-09-04T23:16:36.811991+09:00,수유역,수유역,POI036,KEY_3,1080011401,도봉로,1080148000,번동 386-16,127.0288995422619678_37.6409419521947370,1080003301,강북구청사거리,127.0274885730155745_37.6396389056824674,191.0,17.0,서행,127.0274885730155745_37.6396389056824674|127.0286952516696459_37.6407532913383776|127.0288995422619678_37.6409419521947370
2026-09-04T23:16:36.811991+09:00,수유역,수유역,POI036,KEY_3,1080011701,한천로150길,1080017204,광산사거리,127.0227390640422271_37.6430013781192727,1080017603,수유동 147,127.0234399674013446_37.6435776119042629,89.0,20.0,서행,127.0234399674013446_37.6435776119042629|127.0230342462796358_37.6432440579369043|127.0227390640422271_37.6430013781192727
2026-09-04T23:16:36.811991+09:00,수유역,수유역,POI036,KEY_3,1080011702,한천로150길,1080067100,수유동 694-1,127.0270426136358566_37.6449180881712522,1080018002,강북구-도봉구,127.0274281234246558_37.6451501418039811,43.0,20.0,서행,127.0274281234246558_37.6451501418039811|127.0270788313504369_37.6449493887403364|127.0270426136358566_37.6449180881712522
2026-09-04T23:16:36.811991+09:00,수유역,수유역,POI036,KEY_3,1080011801,한천로150길,1080038600,수유동 141,127.0231319780003645_37.6431688921579166,1080017201,광산사거리,127.0228395148250087_37.6429284480442590,37.0,16.0,서행,127.0228395148250087_37.6429284480442590|127.0231319780003645_37.6431688921579166
2026-09-04T23:16:36.811991+09:00,수유역,수유역,POI036,KEY_3,1080011802,한천로150길,1080163300,수유동 147,127.0241618599472559_37.6436534197422503,1080017602,수유동 147,127.0236131674350020_37.6435644896973614,49.0,18.0,서행,127.0236131674350020_37.6435644896973614|127.0240590981584603_37.6436445515889417|127.0241618599472559_37.6436534197422503
2026-09-04T23:16:36.811991+09:00,수유역,수유역,POI036,KEY_3,1080012301,노해로,1080017404,광산사거리,127.0223175758041947_37.6433102339396655,1080017703,원남빌딩,127.0226179050192314_37.6436435751257079,46.0,6.0,정체,127.0226179050192314_37.6436435751257079|127.0223175758041947_37.6433102339396655
2026-09-04T23:16:36.811991+09:00,수유역,수유역,POI036,KEY_3,1080012401,노해로,1080017702,원남빌딩,127.0227796397990403_37.6436374411399228,1080017401,광산사거리,127.0224184143844752_37.6432365102794435,55.0,30.0,원활,127.0224184143844752_37.6432365102794435|127.0227796397990403_37.6436374411399228
2026-09-04T23:16:36.811991+09:00,수유역,수유역,POI036,KEY_3,1080012402,노해로,1080109000,수유동 252-147,127.0235321681217897_37.6445554686688695,1080017701,원남빌딩,127.0228650113697171_37.6437391865908069,108.0,25.0,원활,127.0228650113697171_37.6437391865908069|127.0230607508394485_37.6439786807207284|127.0234439357460161_37.6444475155171503|127.0235321681217897_37.6445554686688695
2026-09-04T23:16:36.811991+09:00,수유역,수유역,POI036,KEY_3,1080012601,한천로,1080017802,성일빌딩,127.0216586112420742_37.6437908797410401,1080017404,광산사거리,127.0223175758041947_37.6433102339396655,79.0,34.0,원활,127.0223175758041947_37.6433102339396655|127.0219574608576494_37.6435729013975973|127.0216586112420742_37.6437908797410401
2026-09-04T23:16:36.811991+09:00,수유역,수유역,POI036,KEY_3,1080028800,수유로,1080015303,수유사거리,127.0229982580287214_37.6361886528113985,1080014701,수유5동사무소,127.0196296035613130_37.6354694768000684,316.0,16.0,서행,127.0196296035613130_37.6354694768000684|127.0196618238943103_37.6354991334178237|127.0197320600272661_37.6355471748465007|127.0198055328148001_37.6355856679477725|127.0198680257195178_37.6356135068326125|127.0199653824943766_37.6356568765132451|127.0202420867677802_37.6357640222951773|127.0205825288630592_37.6358730997497020|127.0206347803766249_37.6358884735904198|127.0209615626878730_37.6359846213166023|127.0210525776655430_37.6360114000487229|127.0213979901811570_37.6361100853538346|127.0216445353368471_37.6361805232032367|127.0217730123288931_37.6362063490435546|127.0217867365767006_37.6362091078179262|127.0219302934594907_37.6362240303695188|127.0220706801763839_37.6362267612068706|127.0222776181497437_37.6362225021000967|127.0224141929671902_37.6362139761998264|127.0229012279700527_37.6361835709619328|127.0229982580287214_37.6361886528113985
2026-09-04T23:16:36.811991+09:00,수유역,수유역,POI036,KEY_3,1080028900,수유로,1080214400,수유동 143,127.0224248327344299_37.6363217629655793,1080015304,수유사거리,127.0229876277383028_37.6362964481573314,50.0,11.0,정체,127.0229876277383028_37.6362964481573314|127.0229020860330280_37.6362919683322943|127.0224248327344299_37.6363217629655793
2026-09-04T23:16:36.811991+09:00,수유역,수유역,POI036,KEY_3,1080029100,도봉로82길,1080015302,수유사거리,127.0231345500635882_37.6361957908305484,1080015203,수유시외버스정류소,127.0235736061376599_37.6361550867126198,42.0,9.0,정체,127.0235736061376599_37.6361550867126198|127.0235145314210854_37.6361122691585663|127.0232717727846534_37.6361373695695676|127.0231345500635882_37.6361957908305484
2026-09-04T23:16:36.811991+09:00,수유역,수유역,POI036,KEY_3,1080030000,덕릉로41길,1080056400,번동 416-118,127.0276656701430369_37.6383417113699252,1080016203,번동 416-19,127.0274257118923913_37.6385046095529532,28.0,7.0,정체,127.0274257118923913_37.6385046095529532|127.0276656701430369_37.6383417113699252
2026-09-04T23:16:36.811991+09:00,수유역,수유역,POI036,KEY_3,1080030200,한천로131길,1080016203,번동 416-19,127.0274257118923913_37.6385046095529532,1080015801,서울강북경찰서,127.0265402141837114_37.6374306750451026,143.0,7.0,정체,127.0265402141837114_37.6374306750451026|127.0266918623168522_37.6376924623126428|127.0268206522959247_37.6378868296333167|127.0269609021722204_37.6380660945815109|127.0273791837187218_37.6384682159555339|127.0274257118923913_37.6385046095529532
2026-09-04T23:16:36.811991+09:00,수유역,수유역,POI036,KEY_3,1080030300,한천로131길,1080015804,서울강북경찰서,127.0264324979401351_37.6375031317895292,1080016204,번동 418-3,127.0273303726697804_37.6385816903498878,145.0,18.0,서행,127.0273303726697804_37.6385816903498878|127.0272788693371098_37.6385414054732266|127.0268503025075404_37.6381293941757562|127.0267026408067892_37.6379406569185022|127.0265698925462488_37.6377403159305146|127.0264324979401351_37.6375031317895292
2026-09-04T23:16:36.811991+09:00,수유역,수유역,POI036,KEY_3,1080030600,한천로139길,1080091000,수유동 142,127.0247879820656038_37.6385298259940555,1080015902,한성빌딩,127.0229850488410364_37.6377056824230678,191.0,11.0,정체,127.0229850488410364_37.6377056824230678|127.0234677051405043_37.6377319368771239|127.0235267678141753_37.6377475797293712|127.0237756329887020_37.6379867161345629|127.0241969008081355_37.6382500965158187|127.0244024240663236_37.6383514825667049|127.0247039950171484_37.6385009283449250|127.0247879820656038_37.6385298259940555
2026-09-04T23:16:36.811991+09:00,수유역,수유역,POI036,KEY_3,1080030800,한천로131길,1080016402,강북웨딩홀,127.0282279267782144_37.6390089170082121,1080016202,번동 417-18,127.0275246363479198_37.6385796093806704,78.0,10.0,정체,127.0275246363479198_37.6385796093806704|127.0275475902735991_37.6385965752124534|127.0279986243420751_37.6388609522476472|127.0282279267782144_37.6390089170082121
2026-09-04T23:16:36.811991+09:00,수유역,수유역,POI036,KEY_3,1080030900,한천로131길,1080016201,번동 418-3,127.0274320745246115_37.6386588024939144,1080016403,강북웨딩홀,127.0281210425953446_37.6390791820698425,77.0,21.0,서행,127.0281210425953446_37.6390791820698425|127.0279154104788688_37.6389464907444165|127.0274606942933957_37.6386799563932897|127.0274320745246115_37.6386588024939144
2026-09-04T23:16:36.811991+09:00,수유역,수유역,POI036,KEY_3,1080031700,노해로22길,1080017603,수유동 147,127.0234399674013446_37.6435776119042629,1080017702,원남빌딩,127.0227796397990403_37.6436374411399228,59.0,41.0,원활,127.0227796397990403_37.6436374411399228|127.0233264025382312_37.6435930200839692|127.0234399674013446_37.6435776119042629
2026-09-04T23:16:36.811991+09:00,수유역,수유역,POI036,KEY_3,1080031800,노해로22길,1080017701,원남빌딩,127.0228650113697171_37.6437391865908069,1080017604,수유동 605-77,127.0235544803541501_37.6436717552080538,61.0,32.0,원활,127.0235544803541501_37.6436717552080538|127.0233447680138283_37.6437002083349483|127.0228650113697171_37.6437391865908069
2026-09-04T23:16:36.811991+09:00,수유역,수유역,POI036,KEY_3,1080031900,노해로,1080017703,원남빌딩,127.0226179050192314_37.6436435751257079,1080017802,성일빌딩,127.0216586112420742_37.6437908797410401,88.0,4.0,정체,127.0216586112420742_37.6437908797410401|127.0217303154022375_37.6437988114114930|127.0221374868864217_37.6437973518002380|127.0221882192326888_37.6437864385601699|127.0224688583896295_37.6436690710073023|127.0225845057136382_37.6436444151185583|127.0226179050192314_37.6436435751257079
2026-09-04T23:16:36.811991+09:00,수유역,수유역,POI036,KEY_3,1080032000,노해로,1080017801,성일빌딩,127.0215279269870052_37.6438855832635184,1080017704,원남빌딩,127.0227112002526297_37.6437494010203721,108.0,14.0,정체,127.0227112002526297_37.6437494010203721|127.0226045245666739_37.6437520842929914|127.0225187236848257_37.6437703762629639|127.0222382213104027_37.6438876871446908|127.0221558543603777_37.6439054051771507|127.0217212086632941_37.6439069627147660|127.0215279269870052_37.6438855832635184
2026-09-04T23:16:36.811991+09:00,수유역,수유역,POI036,KEY_3,1090044400,도봉로,1090000702,우이교앞교차로,127.0311828397790350_37.6430569437685492,1080017101,강북구-도봉구,127.0309288510039636_37.6428226257850653,34.0,17.0,서행,127.0309288510039636_37.6428226257850653|127.0311828397790350_37.6430569437685492
2026-09-04T23:16:36.811991+09:00,수유역,수유역,POI036,KEY_3,1090044500,도봉로,1080017102,강북구-도봉구,127.0308257491886792_37.6428931106192053,1090000703,우이교앞교차로,127.0310729519188158_37.6431211684896070,33.0,24.0,서행,127.0310729519188158_37.6431211684896070|127.0308257491886792_37.6428931106192053
2026-09-04T23:16:36.811991+09:00,수유역,수유역,POI036,KEY_3,1090044600,한천로150길,1090000902,한일병원,127.0279685895414303_37.6450803801061440,1080018001,강북구-도봉구,127.0275077754502036_37.6450625164904054,45.0,17.0,서행,127.0275077754502036_37.6450625164904054|127.0276429361835682_37.6451401989281891|127.0276803680900457_37.6451498423920157|127.0277351194381907_37.6451384257800754|127.0279685895414303_37.6450803801061440
2026-09-04T23:16:36.811991+09:00,수유역,수유역,POI036,KEY_3,1090044700,한천로150길,1080018002,강북구-도봉구,127.0274281234246558_37.6451501418039811,1090000903,한일병원,127.0278597593353567_37.6452207179505223,42.0,20.0,서행,127.0278597593353567_37.6452207179505223|127.0277726737142103_37.6452423697628973|127.0276763386695364_37.6452624555106468|127.0275806464922255_37.6452378026752044|127.0274281234246558_37.6451501418039811
2026-09-04T23:16:36.811991+09:00,숭례문,숭례문,POI131,KEY_4,1010002301,소월로,1010155400,최소노드배치점,126.9760533414636114_37.5582497344554369,1010013803,숭례문앞교차로,126.9755809845113532_37.5605189064983307,262.0,25.0,원활,126.9755809845113532_37.5605189064983307|126.9757337889885065_37.5603525891795087|126.9757984686316661_37.5601874326070444|126.9757969708594061_37.5599997077910714|126.9757198667068110_37.5593373627741514|126.9757048763582503_37.5591937029204388|126.9757309859065373_37.5590497713064551|126.9757785893644524_37.5588840435687814|126.9759074328705282_37.5585745471584289|126.9759297486065890_37.5585209420058632|126.9759522152383795_37.5584716422248093|126.9760533414636114_37.5582497344554369
2026-09-04T23:16:36.811991+09:00,숭례문,숭례문,POI131,KEY_4,1010002402,소월로,1010013802,숭례문앞교차로,126.9757600351255320_37.5605071695408910,1010011100,숭례문,126.9758644071737450_37.5590694809368770,164.0,13.0,정체,126.9758644071737450_37.5590694809368770|126.9758414948468044_37.5591969276911115|126.9758551619603253_37.5593278985156402|126.9759327469906509_37.5599943665054212|126.9759344158917429_37.5602035603088922|126.9758567349293656_37.5604019178341417|126.9757600351255320_37.5605071695408910
2026-09-04T23:16:36.811991+09:00,숭례문,숭례문,POI131,KEY_4,1010002902,세종대로,1010088000,남대문로5가 84-15,126.9732159812998304_37.5579784751034964,1010011400,숭례문학당,126.9742665437086799_37.5591522019033732,160.0,23.0,서행,126.9742665437086799_37.5591522019033732|126.9738617088002712_37.5586999110099455|126.9732159812998304_37.5579784751034964
2026-09-04T23:16:36.811991+09:00,숭례문,숭례문,POI131,KEY_4,1010002903,세종대로,1010011400,숭례문학당,126.9742665437086799_37.5591522019033732,1010015502,숭례문앞,126.9748954449175216_37.5603663160010157,148.0,37.0,원활,126.9748954449175216_37.5603663160010157|126.9748468953437168_37.5603089259620049|126.9746855723265071_37.5601208840657534|126.9746137545376854_37.5599415792683970|126.9745483394273009_37.5596299211490319|126.9744734144699265_37.5594109852280340|126.9742665437086799_37.5591522019033732
2026-09-04T23:16:36.811991+09:00,숭례문,숭례문,POI131,KEY_4,1010003902,칠패로,1010012401,연세봉래빌딩,126.9728961137524550_37.5597716675716882,1010013504,서울태평로우체국,126.9737754401947001_37.5598470846353862,78.0,15.0,서행,126.9737754401947001_37.5598470846353862|126.9736091972524719_37.5598219183409583|126.9728961137524550_37.5597716675716882
2026-09-04T23:16:36.811991+09:00,숭례문,숭례문,POI131,KEY_4,1010004002,칠패로,1010013502,속성변화점,126.9740489449279721_37.5597823376631155,1010012402,속성변화점,126.9729080901224023_37.5596639686996383,102.0,26.0,원활,126.9729080901224023_37.5596639686996383|126.9736279176620428_37.5597146948757512|126.9738890961723428_37.5597566563457050|126.9740489449279721_37.5597823376631155
2026-09-04T23:16:36.811991+09:00,숭례문,숭례문,POI131,KEY_4,1010005101,남대문로,1010013801,숭례문앞교차로,126.9756943412395600_37.5606249038699929,1010015000,숭례문,126.9764459331227329_37.5606350021971664,67.0,21.5,서행,126.9764459331227329_37.5606350021971664|126.9761770959942169_37.5605854916413975|126.9759176766868478_37.5605967861663927|126.9756943412395600_37.5606249038699929
2026-09-04T23:16:36.811991+09:00,숭례문,숭례문,POI131,KEY_4,1010005201,남대문로,1010014800,숭례문,126.9764883666133954_37.5605318420117769,1010013802,숭례문앞교차로,126.9757600351255320_37.5605071695408910,65.0,9.0,정체,126.9757600351255320_37.5605071695408910|126.9759033237710781_37.5604891294319145|126.9761889274862341_37.5604766950548168|126.9764883666133954_37.5605318420117769
2026-09-04T23:16:36.811991+09:00,숭례문,숭례문,POI131,KEY_4,1010005202,남대문로,1010105800,남대문로4가 24-1,126.9773600444245005_37.5608297698874694,1010014800,숭례문,126.9764883666133954_37.5605318420117769,84.0,19.7,서행,126.9764883666133954_37.5605318420117769|126.9773600444245005_37.5608297698874694
2026-09-04T23:16:36.811991+09:00,숭례문,숭례문,POI131,KEY_4,1010005901,세종대로,1010015501,숭례문앞,126.9750008599633020_37.5604365486671696,1010013804,숭례문앞교차로,126.9755531451685755_37.5606249719220884,53.0,35.0,원활,126.9755531451685755_37.5606249719220884|126.9754028377394803_37.5605915921021847|126.9751366781808457_37.5605012366469282|126.9750008599633020_37.5604365486671696
2026-09-04T23:16:36.811991+09:00,숭례문,숭례문,POI131,KEY_4,1010005902,세종대로,1010013804,숭례문앞교차로,126.9755531451685755_37.5606249719220884,1010017804,태평로2가 113-1,126.9759821545367657_37.5618238793823238,138.0,30.0,원활,126.9759821545367657_37.5618238793823238|126.9756910543935362_37.5610103756445426|126.9755531451685755_37.5606249719220884
2026-09-04T23:16:36.811991+09:00,숭례문,숭례문,POI131,KEY_4,1010005904,세종대로,1010017809,소공동주민센터,126.9763214748840596_37.5626583872939435,1010021603,시청앞광장,126.9768324946201261_37.5639716881909536,153.0,27.5,원활,126.9768324946201261_37.5639716881909536|126.9764915927669620_37.5630734109549138|126.9763214748840596_37.5626583872939435
2026-09-04T23:16:36.811991+09:00,숭례문,숭례문,POI131,KEY_4,1010005905,세종대로,1010017805,태평로2가 280,126.9760218053088749_37.5619272971520815,1010017808,소공동주민센터,126.9762793420332230_37.5625555984382302,73.0,37.0,원활,126.9762793420332230_37.5625555984382302|126.9760218053088749_37.5619272971520815
2026-09-04T23:16:36.811991+09:00,숭례문,숭례문,POI131,KEY_4,1010006001,세종대로,1010015700,숭례문,126.9758216757282128_37.5609807560682611,1010013801,숭례문앞교차로,126.9756943412395600_37.5606249038699929,41.0,6.0,정체,126.9756943412395600_37.5606249038699929|126.9758216757282128_37.5609807560682611
2026-09-04T23:16:36.811991+09:00,숭례문,숭례문,POI131,KEY_4,1010006002,세종대로,1010021602,시청앞광장,126.9769689889781006_37.5639574810137518,1010015700,숭례문,126.9758216757282128_37.5609807560682611,346.0,21.0,서행,126.9758216757282128_37.5609807560682611|126.9761127772680140_37.5617942588954108|126.9761509252078469_37.5618937585952821|126.9764084629013752_37.5625220596037011|126.9764505959815182_37.5626248484352132|126.9766211792211692_37.5630410044178191|126.9769689889781006_37.5639574810137518
2026-09-04T23:16:36.811991+09:00,숭례문,숭례문,POI131,KEY_4,1010025000,세종대로5길,1010009801,청암빌딩,126.9717079416461587_37.5585466375375603,1010012202,숭례문학당,126.9742748764175104_37.5595190981504885,256.0,8.0,정체,126.9742748764175104_37.5595190981504885|126.9738902974027042_37.5594176881754152|126.9732580878187207_37.5590467827891743|126.9725988537744144_37.5587016101154347|126.9723765861687639_37.5586285243969087|126.9717079416461587_37.5585466375375603
2026-09-04T23:16:36.811991+09:00,숭례문,숭례문,POI131,KEY_4,1010025700,세종대로,1010011400,숭례문학당,126.9742665437086799_37.5591522019033732,1010012201,숭례문학당,126.9742810386167378_37.5594068263078924,28.0,17.0,서행,126.9742810386167378_37.5594068263078924|126.9742665437086799_37.5591522019033732
2026-09-04T23:16:36.811991+09:00,숭례문,숭례문,POI131,KEY_4,1010026600,세종대로,1010012202,숭례문학당,126.9742748764175104_37.5595190981504885,1010013502,속성변화점,126.9740489449279721_37.5597823376631155,38.0,14.0,정체,126.9740489449279721_37.5597823376631155|126.9741150100377496_37.5597678403268418|126.9741805117776181_37.5597165730551339|126.9742464328148515_37.5595997767984215|126.9742747291389691_37.5595199465246452|126.9742748764175104_37.5595190981504885
2026-09-04T23:16:36.811991+09:00,숭례문,숭례문,POI131,KEY_4,1010026800,남대문로,1010014800,숭례문,126.9764883666133954_37.5605318420117769,1010011100,숭례문,126.9758644071737450_37.5590694809368770,185.0,20.0,서행,126.9758644071737450_37.5590694809368770|126.9758795592592975_37.5591125336731508|126.9758641531054906_37.5591939851637946|126.9759578405099205_37.5599862959824407|126.9759704486266543_37.5601312860724406|126.9760507361714588_37.5602633560949499|126.9761537145355277_37.5603739896225477|126.9763022172343057_37.5604655608040190|126.9764279735615418_37.5605091608890334|126.9764883666133954_37.5605318420117769
2026-09-04T23:16:36.811991+09:00,숭례문,숭례문,POI131,KEY_4,1010028100,칠패로,1010013501,서울태평로우체국,126.9739368551684606_37.5598715198189694,1010015502,숭례문앞,126.9748954449175216_37.5603663160010157,104.0,18.0,서행,126.9748954449175216_37.5603663160010157|126.9747412413605190_37.5602379012476604|126.9745837444805971_37.5601125063439625|126.9743897378353950_37.5599922209763335|126.9741885345064247_37.5598987284625991|126.9739368551684606_37.5598715198189694
2026-09-04T23:16:36.811991+09:00,숭례문,숭례문,POI131,KEY_4,1010028800,남대문로,1010015700,숭례문,126.9758216757282128_37.5609807560682611,1010015000,숭례문,126.9764459331227329_37.5606350021971664,84.0,21.0,서행,126.9764459331227329_37.5606350021971664|126.9763771801474945_37.5606275849701134|126.9762640154305728_37.5606077628684645|126.9761188999622306_37.5606156137238472|126.9760253099623242_37.5606453934247568|126.9759279729758958_37.5606841119779062|126.9758493363337521_37.5607734919220704|126.9758081301075663_37.5608688386806833|126.9758216757282128_37.5609807560682611
2026-09-04T23:16:36.811991+09:00,숭례문,숭례문,POI131,KEY_4,1010029800,세종대로9길,1010016601,서울상공회의소,126.9739942067467524_37.5610861238427134,1010015501,숭례문앞,126.9750008599633020_37.5604365486671696,115.0,24.0,서행,126.9750008599633020_37.5604365486671696|126.9743374081002969_37.5608988908602583|126.9739942067467524_37.5610861238427134
2026-09-04T23:16:36.811991+09:00,숭례문,숭례문,POI131,KEY_4,1010030200,세종대로7길,1010013504,서울태평로우체국,126.9737754401947001_37.5598470846353862,1010017203,삼성공제회관,126.9723447378598280_37.5614351869967891,218.0,7.0,정체,126.9723447378598280_37.5614351869967891|126.9724426435651878_37.5613486396344527|126.9728287590755400_37.5609439824650480|126.9729870635557489_37.5607477483518011|126.9732909060755475_37.5603060974689171|126.9734911044854755_37.5600733096733634|126.9737754401947001_37.5598470846353862
2026-09-04T23:16:36.811991+09:00,숭례문,숭례문,POI131,KEY_4,1010030300,세종대로7길,1010017202,삼성공제회관,126.9724677288777457_37.5614880344311644,1010013501,서울태평로우체국,126.9739368551684606_37.5598715198189694,223.0,19.5,서행,126.9739368551684606_37.5598715198189694|126.9735960423329431_37.5601426793156890|126.9734067863791722_37.5603627440718739|126.9731039079903923_37.5608029953193991|126.9729401492897267_37.5610059894173247|126.9725473673189668_37.5614176353293558|126.9724677288777457_37.5614880344311644
2026-09-04T23:16:36.811991+09:00,숭례문,숭례문,POI131,KEY_4,1010030400,세종대로9길,1010015502,숭례문앞,126.9748954449175216_37.5603663160010157,1010016602,서울상공회의소,126.9739174290618422_37.5609969379700317,111.0,16.0,서행,126.9739174290618422_37.5609969379700317|126.9742539978041691_37.5608133230553776|126.9748954449175216_37.5603663160010157
2026-09-04T23:16:36.811991+09:00,숭례문,숭례문,POI131,KEY_4,1010032200,서소문로12길,1010018502,서소문교회,126.9747633700022931_37.5620674980203830,1010016601,서울상공회의소,126.9739942067467524_37.5610861238427134,128.0,20.0,서행,126.9739942067467524_37.5610861238427134|126.9744465436808554_37.5616737041432032|126.9747633700022931_37.5620674980203830
2026-09-04T23:16:36.811991+09:00,숭례문,숭례문,POI131,KEY_4,1010032300,서소문로12길,1010016604,서울상공회의소,126.9738808575842484_37.5611458069729096,1010018503,서소문교회,126.9746147466654236_37.5620832401554381,123.0,13.0,정체,126.9746147466654236_37.5620832401554381|126.9743314442682589_37.5617311132080829|126.9738808575842484_37.5611458069729096
2026-09-04T23:16:36.811991+09:00,숭례문,숭례문,POI131,KEY_4,1010032700,세종대로9길,1010016603,서울상공회의소,126.9738076756016198_37.5610547243624069,1010017202,삼성공제회관,126.9724677288777457_37.5614880344311644,168.0,10.0,정체,126.9724677288777457_37.5614880344311644|126.9731108178436614_37.5617726360549753|126.9731160404765689_37.5617715983951399|126.9734771479622708_37.5612521915043374|126.9735789952258358_37.5611711606731760|126.9738076756016198_37.5610547243624069
2026-09-04T23:16:36.811991+09:00,숭례문,숭례문,POI131,KEY_4,1010032800,세종대로9길,1010017201,삼성공제회관,126.9723774125475586_37.5615717687771919,1010016604,서울상공회의소,126.9738808575842484_37.5611458069729096,184.0,11.0,정체,126.9738808575842484_37.5611458069729096|126.9736645875834853_37.5612559239453319|126.9735867065820258_37.5613178870136366|126.9732062647113509_37.5618651036139326|126.9730916926246351_37.5618878772773002|126.9723774125475586_37.5615717687771919
2026-09-04T23:16:36.811991+09:00,숭례문,숭례문,POI131,KEY_4,1010033500,세종대로11길,1010017804,태평로2가 113-1,126.9759821545367657_37.5618238793823238,1010018502,서소문교회,126.9747633700022931_37.5620674980203830,111.0,6.0,정체,126.9747633700022931_37.5620674980203830|126.9748858706072667_37.5620545226508469|126.9749991336940695_37.5620338999985037|126.9753712299025068_37.5619661488297325|126.9759821545367657_37.5618238793823238
2026-09-04T23:16:36.811991+09:00,숭례문,숭례문,POI131,KEY_4,1010033600,세종대로11길,1010105500,태평로2가 252,126.9750294174586429_37.5621392977174651,1010017805,태평로2가 280,126.9760218053088749_37.5619272971520815,91.0,15.0,서행,126.9760218053088749_37.5619272971520815|126.9754054696340546_37.5620708256454421|126.9750294174586429_37.5621392977174651
2026-09-04T23:16:36.811991+09:00,숭례문,숭례문,POI131,KEY_4,1010035000,서소문로12길,1010020202,중앙일보사,126.9742502538365869_37.5631241528421853,1010018501,서소문교회,126.9747917025249961_37.5621735699209296,120.0,22.0,서행,126.9747917025249961_37.5621735699209296|126.9747501775862588_37.5625032287475307|126.9746651993805102_37.5625957455904143|126.9745466004009700_37.5626917899282518|126.9744603303331587_37.5627616532963344|126.9742502538365869_37.5631241528421853
2026-09-04T23:16:36.811991+09:00,시의회 앞,시의회 앞,POI130,KEY_1,1000000902,새문안로,1000008401,신문로1가141,126.9756642084840337_37.5702188245241615,1000009300,세종로208,126.9762005801091362_37.5702231750732523,47.0,44.0,원활,126.9762005801091362_37.5702231750732523|126.9756642084840337_37.5702188245241615
2026-09-04T23:16:36.811991+09:00,시의회 앞,시의회 앞,POI130,KEY_1,1000000903,새문안로,1000214200,세종대로사거리,126.9766244379145377_37.5702266110763219,1000009004,세종대로사거리,126.9769755542479714_37.5702294562480148,31.0,40.7,원활,126.9769755542479714_37.5702294562480148|126.9766244379145377_37.5702266110763219
2026-09-04T23:16:36.811991+09:00,시의회 앞,시의회 앞,POI130,KEY_1,1000001002,새문안로,1000007600,주한요르단명예영사관,126.9762019638013300_37.5701150604124336,1000008402,신문로1가141,126.9756655929920299_37.5701107106503116,47.0,42.0,원활,126.9756655929920299_37.5701107106503116|126.9762019638013300_37.5701150604124336
2026-09-04T23:16:36.811991+09:00,시의회 앞,시의회 앞,POI130,KEY_1,1000001003,새문안로,1000009003,세종대로사거리,126.9769600332011521_37.5701212054532618,1000007600,주한요르단명예영사관,126.9762019638013300_37.5701150604124336,67.0,38.0,원활,126.9762019638013300_37.5701150604124336|126.9766258211001428_37.5701184968726238|126.9769600332011521_37.5701212054532618
2026-09-04T23:16:36.811991+09:00,시의회 앞,시의회 앞,POI130,KEY_1,1000001301,종로,1000009001,세종대로사거리,126.9771187019505163_37.5702314111293560,1000009700,종로1가1-3,126.9777559525715844_37.5702421551131351,56.0,12.0,정체,126.9777559525715844_37.5702421551131351|126.9771187019505163_37.5702314111293560
2026-09-04T23:16:36.811991+09:00,시의회 앞,시의회 앞,POI130,KEY_1,1000001302,종로,1000009700,종로1가1-3,126.9777559525715844_37.5702421551131351,1000008804,광화문우체국,126.9784336631558119_37.5702494972367163,60.0,17.0,서행,126.9784336631558119_37.5702494972367163|126.9779432056922133_37.5702453112944994|126.9777559525715844_37.5702421551131351
2026-09-04T23:16:36.811991+09:00,시의회 앞,시의회 앞,POI130,KEY_1,1000001401,종로,1000008000,동아일보사,126.9777588281918099_37.5701340596360964,1000009002,세종대로사거리,126.9770959172438580_37.5701228829325231,59.0,8.0,정체,126.9770959172438580_37.5701228829325231|126.9777588281918099_37.5701340596360964
2026-09-04T23:16:36.811991+09:00,시의회 앞,시의회 앞,POI130,KEY_1,1000001402,종로,1000008803,광화문우체국,126.9784351192109852_37.5701413844145975,1000008000,동아일보사,126.9777588281918099_37.5701340596360964,60.0,8.0,정체,126.9777588281918099_37.5701340596360964|126.9779453713088060_37.5701372048683524|126.9784351192109852_37.5701413844145975
2026-09-04T23:16:36.811991+09:00,시의회 앞,시의회 앞,POI130,KEY_1,1000003700,청계천로,1010034102,무교동사거리,126.9792256224440905_37.5689816845044717,1000002000,청계광장,126.9771060680401717_37.5690311929919076,188.0,10.0,정체,126.9771060680401717_37.5690311929919076|126.9774434053876035_37.5690828687536680|126.9775440319711919_37.5690924240737019|126.9777213322496863_37.5690924576651568|126.9792256224440905_37.5689816845044717
2026-09-04T23:16:36.811991+09:00,시의회 앞,시의회 앞,POI130,KEY_1,1000003801,청계천로,1000031000,청계광장,126.9770921904126482_37.5694157550093379,1000007002,동아일보사,126.9783460265061024_37.5693222473721278,111.0,15.0,서행,126.9783460265061024_37.5693222473721278|126.9773834142662849_37.5693879956262435|126.9770921904126482_37.5694157550093379
2026-09-04T23:16:36.811991+09:00,시의회 앞,시의회 앞,POI130,KEY_1,1000004101,세종대로21길,1010036201,청계광장,126.9769724776174371_37.5689758850454254,1010034202,속성변화점,126.9761089175425468_37.5690525772719468,77.0,16.0,서행,126.9761089175425468_37.5690525772719468|126.9762590231906501_37.5690173503827225|126.9766423549418590_37.5690116154256089|126.9767891468850252_37.5690047706819641|126.9769724776174371_37.5689758850454254
2026-09-04T23:16:36.811991+09:00,시의회 앞,시의회 앞,POI130,KEY_1,1000004201,세종대로21길,1010034201,속성변화점,126.9761701151880970_37.5691453161545397,1010036202,청계광장,126.9769681640981389_37.5690870395436463,71.0,7.0,정체,126.9769681640981389_37.5690870395436463|126.9768062997742106_37.5691122763363623|126.9766476039636132_37.5691196746613940|126.9762762102917009_37.5691252318358337|126.9761701151880970_37.5691453161545397
2026-09-04T23:16:36.811991+09:00,시의회 앞,시의회 앞,POI130,KEY_1,1000004202,세종대로21길,1010034502,조선일보본사,126.9758538003934376_37.5694432589816216,1010034201,속성변화점,126.9761701151880970_37.5691453161545397,44.0,15.0,서행,126.9761701151880970_37.5691453161545397|126.9759646865800136_37.5693016963708999|126.9759165276521173_37.5693486608578553|126.9758538003934376_37.5694432589816216
2026-09-04T23:16:36.811991+09:00,시의회 앞,시의회 앞,POI130,KEY_1,1000004203,세종대로21길,1000008402,신문로1가141,126.9756655929920299_37.5701107106503116,1010034501,조선일보본사,126.9758232836738614_37.5695216067234981,67.0,6.0,정체,126.9758232836738614_37.5695216067234981|126.9756655929920299_37.5701107106503116
2026-09-04T23:16:36.811991+09:00,시의회 앞,시의회 앞,POI130,KEY_1,1000005101,세종대로,1010036202,청계광장,126.9769681640981389_37.5690870395436463,1000007300,세종로1-80,126.9769534872362158_37.5695820797097966,55.0,33.0,원활,126.9769534872362158_37.5695820797097966|126.9769561223222638_37.5694207011224321|126.9769681640981389_37.5690870395436463
2026-09-04T23:16:36.811991+09:00,시의회 앞,시의회 앞,POI130,KEY_1,1000005102,세종대로,1000007300,세종로1-80,126.9769534872362158_37.5695820797097966,1000009003,세종대로사거리,126.9769600332011521_37.5701212054532618,60.0,31.0,원활,126.9769600332011521_37.5701212054532618|126.9769532767960953_37.5697764532188643|126.9769534872362158_37.5695820797097966
2026-09-04T23:16:36.811991+09:00,시의회 앞,시의회 앞,POI130,KEY_1,1000005202,세종대로,1000009002,세종대로사거리,126.9770959172438580_37.5701228829325231,1000007400,청계천광장,126.9770893091757529_37.5695834801641908,60.0,5.0,정체,126.9770893091757529_37.5695834801641908|126.9770891110814688_37.5697756552470636|126.9770959172438580_37.5701228829325231
2026-09-04T23:16:36.811991+09:00,시의회 앞,시의회 앞,POI130,KEY_1,1000005203,세종대로,1000031000,청계광장,126.9770921904126482_37.5694157550093379,1000002000,청계광장,126.9771060680401717_37.5690311929919076,43.0,23.0,서행,126.9771060680401717_37.5690311929919076|126.9770921904126482_37.5694157550093379
2026-09-04T23:16:36.811991+09:00,시의회 앞,시의회 앞,POI130,KEY_1,1000005204,세종대로,1000007400,청계천광장,126.9770893091757529_37.5695834801641908,1000031000,청계광장,126.9770921904126482_37.5694157550093379,19.0,15.0,서행,126.9770921904126482_37.5694157550093379|126.9770893091757529_37.5695834801641908
2026-09-04T23:16:36.811991+09:00,시의회 앞,시의회 앞,POI130,KEY_1,1000023800,세종대로,1000007300,세종로1-80,126.9769534872362158_37.5695820797097966,1000007600,주한요르단명예영사관,126.9762019638013300_37.5701150604124336,93.0,24.0,서행,126.9762019638013300_37.5701150604124336|126.9765157204813590_37.5700245083348179|126.9765948042672790_37.5699744620325760|126.9767188239706144_37.5698815155413541|126.9768230812362049_37.5697756907165257|126.9769442873751473_37.5696462098692763|126.9769534872362158_37.5695820797097966
2026-09-04T23:16:36.811991+09:00,시의회 앞,시의회 앞,POI130,KEY_1,1000023900,종로,1000008000,동아일보사,126.9777588281918099_37.5701340596360964,1000007400,청계천광장,126.9770893091757529_37.5695834801641908,91.0,10.0,정체,126.9770893091757529_37.5695834801641908|126.9770963075021939_37.5696479702720865|126.9772094321437663_37.5697743360528662|126.9773459521211265_37.5699388507560457|126.9774735034476549_37.5700533015790512|126.9775723207871607_37.5701062430602590|126.9777588281918099_37.5701340596360964
2026-09-04T23:16:36.811991+09:00,시의회 앞,시의회 앞,POI130,KEY_1,1010005904,세종대로,1010017809,소공동주민센터,126.9763214748840596_37.5626583872939435,1010021603,시청앞광장,126.9768324946201261_37.5639716881909536,153.0,27.5,원활,126.9768324946201261_37.5639716881909536|126.9764915927669620_37.5630734109549138|126.9763214748840596_37.5626583872939435
2026-09-04T23:16:36.811991+09:00,시의회 앞,시의회 앞,POI130,KEY_1,1010006002,세종대로,1010021602,시청앞광장,126.9769689889781006_37.5639574810137518,1010015700,숭례문,126.9758216757282128_37.5609807560682611,346.0,21.0,서행,126.9758216757282128_37.5609807560682611|126.9761127772680140_37.5617942588954108|126.9761509252078469_37.5618937585952821|126.9764084629013752_37.5625220596037011|126.9764505959815182_37.5626248484352132|126.9766211792211692_37.5630410044178191|126.9769689889781006_37.5639574810137518
2026-09-04T23:16:36.811991+09:00,시의회 앞,시의회 앞,POI130,KEY_1,1010007305,서소문로,1010060500,서소문동 42-3,126.9748814331857290_37.5634753132613639,1010021604,시청앞광장,126.9768728564433928_37.5640783561644085,191.0,13.5,정체,126.9768728564433928_37.5640783561644085|126.9766787939362445_37.5640859652900971|126.9765523317762188_37.5640754535460886|126.9763400428201123_37.5640251139761148|126.9749917778751325_37.5635158830683409|126.9748814331857290_37.5634753132613639
2026-09-04T23:16:36.811991+09:00,시의회 앞,시의회 앞,POI130,KEY_1,1010007405,서소문로,1010021603,시청앞광장,126.9768324946201261_37.5639716881909536,1010020202,중앙일보사,126.9742502538365869_37.5631241528421853,249.0,11.0,정체,126.9742502538365869_37.5631241528421853|126.9749383845103381_37.5633771573157134|126.9750493665217306_37.5634179614493959|126.9763888286545210_37.5639238670732283|126.9765790012718583_37.5639689628774178|126.9766825277856697_37.5639775680622137|126.9768324946201261_37.5639716881909536
2026-09-04T23:16:36.811991+09:00,시의회 앞,시의회 앞,POI130,KEY_1,1010008401,세종대로18길,1010021203,우성빌딩,126.9777193951018148_37.5638099385310227,1010021602,시청앞광장,126.9769689889781006_37.5639574810137518,68.0,32.0,원활,126.9769689889781006_37.5639574810137518|126.9777193951018148_37.5638099385310227
2026-09-04T23:16:36.811991+09:00,시의회 앞,시의회 앞,POI130,KEY_1,1010008402,세종대로18길,1010073800,소공동 87-15,126.9784945856248157_37.5638009334543241,1010021202,우성빌딩,126.9778443694909242_37.5637825313256783,58.0,12.0,정체,126.9778443694909242_37.5637825313256783|126.9779245419285019_37.5637634021338656|126.9780550037610567_37.5637507097928918|126.9781651142375978_37.5637590779395225|126.9784945856248157_37.5638009334543241
2026-09-04T23:16:36.811991+09:00,시의회 앞,시의회 앞,POI130,KEY_1,1010009902,세종대로,1010021604,시청앞광장,126.9768728564433928_37.5640783561644085,1010024204,시청앞교차로,126.9770880989032236_37.5648197786229900,85.0,21.0,서행,126.9770880989032236_37.5648197786229900|126.9770591791834136_37.5646629693451288|126.9770001947957212_37.5644354373990907|126.9769219936512883_37.5642088549141349|126.9768728564433928_37.5640783561644085
2026-09-04T23:16:36.811991+09:00,시의회 앞,시의회 앞,POI130,KEY_1,1010010000,세종대로,1010024203,시청앞교차로,126.9772135411598413_37.5647555843739269,1010021601,시청앞광장,126.9770081698073909_37.5640611462049279,79.0,29.5,원활,126.9770081698073909_37.5640611462049279|126.9770525488461743_37.5641790078298783|126.9771323290460572_37.5644101639924273|126.9771929938028450_37.5646441761629077|126.9772135411598413_37.5647555843739269
2026-09-04T23:16:36.811991+09:00,시의회 앞,시의회 앞,POI130,KEY_1,1010011000,덕수궁길,1010003702,국립현대미술관(덕수궁),126.9734800713954428_37.5653099277390794,1010024205,시청앞교차로,126.9771111379704962_37.5649683842586413,350.0,26.3,원활,126.9771111379704962_37.5649683842586413|126.9769955437966189_37.5648997036250520|126.9769191129801698_37.5648841239987448|126.9762643259252286_37.5649661911538288|126.9761744747147532_37.5649770829893868|126.9759779520215517_37.5650009053778362|126.9758689949813260_37.5650050124235619|126.9752013280298399_37.5649548066137768|126.9751376722967393_37.5649475156969572|126.9743014077374426_37.5648517294047579|126.9740978380537513_37.5648406360021241|126.9740518977143893_37.5648432379020889|126.9740231183313881_37.5648571744892976|126.9736843653272729_37.5652451675209207|126.9735504744861458_37.5653043393530339|126.9734800713954428_37.5653099277390794
2026-09-04T23:16:36.811991+09:00,시의회 앞,시의회 앞,POI130,KEY_1,1010011100,소공로,1010024703,시청앞광장,126.9784672029423973_37.5649273269454653,1010024202,시청앞교차로,126.9772712943529740_37.5649019993645936,106.0,29.0,원활,126.9772712943529740_37.5649019993645936|126.9774098801302102_37.5649281244663342|126.9776269810423628_37.5649428736685351|126.9783249021099323_37.5649392241840445|126.9784672029423973_37.5649273269454653
2026-09-04T23:16:36.811991+09:00,시의회 앞,시의회 앞,POI130,KEY_1,1010011200,소공로,1010024201,시청앞교차로,126.9772516593585294_37.5650094083765893,1010024704,시청앞광장,126.9784659259494219_37.5650361481380060,108.0,15.0,서행,126.9784659259494219_37.5650361481380060|126.9783324600417700_37.5650473063687187|126.9776216401868254_37.5650510228301613|126.9773883375840597_37.5650351731031407|126.9772516593585294_37.5650094083765893
2026-09-04T23:16:36.811991+09:00,시의회 앞,시의회 앞,POI130,KEY_1,1010013800,세종대로,1010004902,강원도민일보(서울본부),126.9771979915670101_37.5670009920858590,1010024201,시청앞교차로,126.9772516593585294_37.5650094083765893,221.0,38.0,원활,126.9772516593585294_37.5650094083765893|126.9772632229602749_37.5651213527824481|126.9772704963173453_37.5652669803863901|126.9772680209366058_37.5654083777349115|126.9772559424266944_37.5656434912380419|126.9771979915670101_37.5670009920858590
2026-09-04T23:16:36.811991+09:00,시의회 앞,시의회 앞,POI130,KEY_1,1010016400,세종대로20길,1010152400,태평로1가 31-1,126.9781614739919320_37.5671149535760875,1010004804,한국체육박물관,126.9791327692852860_37.5670432031565085,86.0,14.5,정체,126.9791327692852860_37.5670432031565085|126.9790021637939503_37.5670657791657803|126.9788569191823626_37.5670778321488825|126.9783926986433755_37.5671163538151802|126.9781614739919320_37.5671149535760875
2026-09-04T23:16:36.811991+09:00,시의회 앞,시의회 앞,POI130,KEY_1,1010018100,세종대로,1010024205,시청앞교차로,126.9771111379704962_37.5649683842586413,1010036201,청계광장,126.9769724776174371_37.5689758850454254,445.0,29.0,원활,126.9769724776174371_37.5689758850454254|126.9770357842986499_37.5675064469025131|126.9770571241010231_37.5671045176161513|126.9770622406749681_37.5669973200828053|126.9771202099424414_37.5656394465692429|126.9771322330851717_37.5654054151655075|126.9771346338183520_37.5652683750225975|126.9771276194723697_37.5651279335943542|126.9771111379704962_37.5649683842586413
2026-09-04T23:16:36.811991+09:00,시의회 앞,시의회 앞,POI130,KEY_1,1010018200,세종대로,1000002000,청계광장,126.9771060680401717_37.5690311929919076,1010004901,강원도민일보(서울본부),126.9771928320576109_37.5671090827981402,213.0,42.7,원활,126.9771928320576109_37.5671090827981402|126.9771715167423451_37.5675105826680635|126.9771060680401717_37.5690311929919076
2026-09-04T23:16:36.811991+09:00,시의회 앞,시의회 앞,POI130,KEY_1,1010037000,남대문로1길,1010023102,서울프라자호텔,126.9781270908112134_37.5644147123986087,1010021201,우성빌딩,126.9778833665384354_37.5638860982800367,62.0,5.0,정체,126.9778833665384354_37.5638860982800367|126.9781270908112134_37.5644147123986087
2026-09-04T23:16:36.811991+09:00,시의회 앞,시의회 앞,POI130,KEY_1,1010037100,남대문로1길,1010021204,우성빌딩,126.9777519647640105_37.5639149035560536,1010023103,서울프라자호텔,126.9779917291016176_37.5644349310718795,61.0,5.0,정체,126.9779917291016176_37.5644349310718795|126.9777519647640105_37.5639149035560536
2026-09-04T23:16:36.811991+09:00,시의회 앞,시의회 앞,POI130,KEY_1,1010038300,소공로,1010023101,서울프라자호텔,126.9781769454158393_37.5645228411741812,1010023304,조선호텔,126.9787312154575005_37.5645930511843886,50.0,16.0,서행,126.9787312154575005_37.5645930511843886|126.9785957557285769_37.5645517262991930|126.9784554783557979_37.5645322032255891|126.9782121876750836_37.5645228476832003|126.9781769454158393_37.5645228411741812
2026-09-04T23:16:36.811991+09:00,시의회 앞,시의회 앞,POI130,KEY_1,1010039000,소공로,1010024202,시청앞교차로,126.9772712943529740_37.5649019993645936,1010023104,서울프라자호텔,126.9780385528240316_37.5645364866542977,82.0,4.0,정체,126.9780385528240316_37.5645364866542977|126.9776055199770184_37.5646501981039478|126.9774312688185773_37.5647230654274864|126.9773645076050741_37.5647713550531037|126.9773054583435652_37.5648401473905977|126.9772712943529740_37.5649019993645936
2026-09-04T23:16:36.811991+09:00,시의회 앞,시의회 앞,POI130,KEY_1,1010045900,새문안로2길,1010034503,조선일보본사,126.9757336729328898_37.5693927914711736,1010034403,덕수초교앞,126.9744623970510844_37.5693699781441666,112.0,41.0,원활,126.9744623970510844_37.5693699781441666|126.9751125420028046_37.5693767090831088|126.9754684882037736_37.5693803926704959|126.9757336729328898_37.5693927914711736
2026-09-04T23:16:36.811991+09:00,시의회 앞,시의회 앞,POI130,KEY_1,1010046000,새문안로2길,1010034402,덕수초교앞,126.9744431042179968_37.5694779067993210,1010034504,조선일보본사,126.9756904321789079_37.5694990761609162,110.0,25.0,원활,126.9756904321789079_37.5694990761609162|126.9754636204795446_37.5694884714731927|126.9751107757574573_37.5694848197226179|126.9744431042179968_37.5694779067993210
2026-09-04T23:16:36.811991+09:00,신논현역·논현역,신논현역·논현역,POI037,KEY_2,1210025402,사평대로,1210134700,반포동 749-35,127.0236141059144614_37.5043118599685954,1210040404,교보타워사거리,127.0243991052031305_37.5045524553287137,74.0,32.0,원활,127.0243991052031305_37.5045524553287137|127.0236141059144614_37.5043118599685954
2026-09-04T23:16:36.811991+09:00,신논현역·논현역,신논현역·논현역,POI037,KEY_2,1210027602,신반포로,1210275400,잠원동 99,127.0203821705510308_37.5108839074530920,1210046004,논현역앞교차로,127.0212424469134902_37.5111447623381054,81.0,30.0,원활,127.0212424469134902_37.5111447623381054|127.0203821705510308_37.5108839074530920
2026-09-04T23:16:36.811991+09:00,신논현역·논현역,신논현역·논현역,POI037,KEY_2,1210027702,신반포로,1210149300,반포동 749,127.0198333910656174_37.5106018115088986,1210045802,중앙일보,127.0194387100755051_37.5104821301408151,37.0,21.0,서행,127.0194387100755051_37.5104821301408151|127.0198333910656174_37.5106018115088986
2026-09-04T23:16:36.811991+09:00,신논현역·논현역,신논현역·논현역,POI037,KEY_2,1220025003,강남대로,1210394200,서초동 1373,127.0253434781147917_37.5025963782215541,1210040403,교보타워사거리,127.0244473968313343_37.5044514101080111,221.0,27.0,원활,127.0244473968313343_37.5044514101080111|127.0247108420325048_37.5039060466009033|127.0253434781147917_37.5025963782215541
2026-09-04T23:16:36.811991+09:00,신논현역·논현역,신논현역·논현역,POI037,KEY_2,1220027202,봉은사로,1210040401,교보타워사거리,127.0245260087286567_37.5045907813304069,1220036604,보건타임즈,127.0277136842342856_37.5055392843385320,301.0,23.0,서행,127.0277136842342856_37.5055392843385320|127.0258610708307287_37.5049880469825112|127.0253288463886605_37.5048296789477078|127.0252017084722951_37.5047918474566870|127.0245260087286567_37.5045907813304069
2026-09-04T23:16:36.811991+09:00,신논현역·논현역,신논현역·논현역,POI037,KEY_2,1220027301,봉은사로,1220036003,신논현역,127.0252491957505185_37.5046905608852796,1210040402,교보타워사거리,127.0245743023879044_37.5044897355058495,64.0,31.0,원활,127.0245743023879044_37.5044897355058495|127.0252491957505185_37.5046905608852796
2026-09-04T23:16:36.811991+09:00,신논현역·논현역,신논현역·논현역,POI037,KEY_2,1220027302,봉은사로,1220317200,역삼동 800,127.0259085572878206_37.5048867600619360,1220036002,신논현역,127.0253763334646919_37.5047283922381283,50.0,35.0,원활,127.0253763334646919_37.5047283922381283|127.0259085572878206_37.5048867600619360
2026-09-04T23:16:36.811991+09:00,신논현역·논현역,신논현역·논현역,POI037,KEY_2,1220027801,강남대로,1210040404,교보타워사거리,127.0243991052031305_37.5045524553287137,1210042503,HM타워,127.0238275183942562_37.5057614843330143,143.0,25.0,원활,127.0238275183942562_37.5057614843330143|127.0241540090957244_37.5050708914382724|127.0243991052031305_37.5045524553287137
2026-09-04T23:16:36.811991+09:00,신논현역·논현역,신논현역·논현역,POI037,KEY_2,1220027802,강남대로,1210042504,HM타워,127.0237750703768711_37.5058715959127795,1210043403,청하빌딩,127.0232278893486892_37.5070167220657709,136.0,24.0,서행,127.0232278893486892_37.5070167220657709|127.0237750703768711_37.5058715959127795
2026-09-04T23:16:36.811991+09:00,신논현역·논현역,신논현역·논현역,POI037,KEY_2,1220027803,강남대로,1210404600,반포동 749-18,127.0215110784695867_37.5105855711166996,1210046003,논현역앞교차로,127.0212906706428271_37.5110436959506757,54.0,25.5,원활,127.0212906706428271_37.5110436959506757|127.0215110784695867_37.5105855711166996
2026-09-04T23:16:36.811991+09:00,신논현역·논현역,신논현역·논현역,POI037,KEY_2,1220027901,강남대로,1220443400,논현동 280,127.0242810161496863_37.5051089999436158,1210040401,교보타워사거리,127.0245260087286567_37.5045907813304069,61.0,22.0,서행,127.0245260087286567_37.5045907813304069|127.0242810161496863_37.5051089999436158
2026-09-04T23:16:36.811991+09:00,신논현역·논현역,신논현역·논현역,POI037,KEY_2,1220027902,강남대로,1210043402,청하빌딩,127.0233547305241473_37.5070551876010612,1210042501,HM타워,127.0239019098950024_37.5059100608685441,136.0,20.0,서행,127.0239019098950024_37.5059100608685441|127.0233547305241473_37.5070551876010612
2026-09-04T23:16:36.811991+09:00,신논현역·논현역,신논현역·논현역,POI037,KEY_2,1220027903,강남대로,1220309900,논현동 280,127.0225878609492725_37.5086494889239788,1210043401,청하빌딩,127.0232987766696908_37.5071716970898308,176.0,16.0,서행,127.0232987766696908_37.5071716970898308|127.0230474222821186_37.5076941986452752|127.0225878609492725_37.5086494889239788
2026-09-04T23:16:36.811991+09:00,신논현역·논현역,신논현역·논현역,POI037,KEY_2,1220030407,학동로,1220325200,논현동 279-67,127.0221311305263896_37.5114114729703303,1220158004,논현역(서울7호선),127.0227048123846032_37.5115835049169206,54.0,6.0,정체,127.0227048123846032_37.5115835049169206|127.0221311305263896_37.5114114729703303
2026-09-04T23:16:36.811991+09:00,신논현역·논현역,신논현역·논현역,POI037,KEY_2,1220030506,학동로,1220325300,논현동 279-67,127.0221789489386168_37.5113102848538986,1210046002,논현역앞교차로,127.0214176087622775_37.5110819738494570,72.0,13.0,정체,127.0214176087622775_37.5110819738494570|127.0221789489386168_37.5113102848538986
2026-09-04T23:16:36.811991+09:00,신논현역·논현역,신논현역·논현역,POI037,KEY_2,1220030507,학동로,1220041903,주한부탄왕국명예총영사관,127.0234136233973601_37.5116805263399442,1220158002,논현역(서울7호선),127.0228796600953984_37.5115204088512186,50.0,36.0,원활,127.0228796600953984_37.5115204088512186|127.0234136233973601_37.5116805263399442
2026-09-04T23:16:36.811991+09:00,신논현역·논현역,신논현역·논현역,POI037,KEY_2,1220030601,강남대로,1210046004,논현역앞교차로,127.0212424469134902_37.5111447623381054,1210046503,원빌딩,127.0207750873245374_37.5121324472905613,117.0,20.0,서행,127.0207750873245374_37.5121324472905613|127.0208603365410340_37.5119522896699067|127.0212424469134902_37.5111447623381054
2026-09-04T23:16:36.811991+09:00,신논현역·논현역,신논현역·논현역,POI037,KEY_2,1220030701,강남대로,1220383100,논현동 280,127.0209873423382589_37.5119904251618195,1210046001,논현역앞교차로,127.0213693851217158_37.5111830402280262,96.0,11.0,정체,127.0213693851217158_37.5111830402280262|127.0209873423382589_37.5119904251618195
2026-09-04T23:16:36.811991+09:00,신논현역·논현역,신논현역·논현역,POI037,KEY_2,1220064500,테헤란로1길,1220438100,역삼동 858-6,127.0255100549291853_37.5041277615367150,1220036003,신논현역,127.0252491957505185_37.5046905608852796,67.0,5.0,정체,127.0252491957505185_37.5046905608852796|127.0255100549291853_37.5041277615367150
2026-09-04T23:16:36.811991+09:00,신논현역·논현역,신논현역·논현역,POI037,KEY_2,1220073300,강남대로118길,1220285600,논현동 280-21,127.0245724546161910_37.5063437576129388,1210042502,HM타워,127.0239545262593310_37.5057995931114334,82.0,12.0,정체,127.0239545262593310_37.5057995931114334|127.0241796229151134_37.5059761899912516|127.0245724546161910_37.5063437576129388
2026-09-04T23:16:36.811991+09:00,신논현역·논현역,신논현역·논현역,POI037,KEY_2,1220073400,강남대로118길,1220344200,논현동 280-22,127.0260578684266903_37.5071566901156643,1220038404,동진빌라,127.0270270582617940_37.5074525861540309,92.0,14.0,정체,127.0270270582617940_37.5074525861540309|127.0267446316322122_37.5073663616738386|127.0260578684266903_37.5071566901156643
2026-09-04T23:16:36.811991+09:00,신논현역·논현역,신논현역·논현역,POI037,KEY_2,1220076200,강남대로122길,1220383300,논현동 280-21,127.0239585511872207_37.5076461467828892,1210043402,청하빌딩,127.0233547305241473_37.5070551876010612,85.0,9.0,정체,127.0233547305241473_37.5070551876010612|127.0239585511872207_37.5076461467828892
2026-09-04T23:16:36.811991+09:00,신도림역,신도림역,POI038,KEY_3,1160002810,경인로,1160046003,신도림역앞교차로,126.8903424587400792_37.5101498583467645,1160044901,신도림1차푸르지오아파트,126.8874005665339268_37.5084270778164779,324.0,38.0,원활,126.8874005665339268_37.5084270778164779|126.8883045512452412_37.5090891878129966|126.8885921501778000_37.5092764511375876|126.8887544663060396_37.5093640420734502|126.8903424587400792_37.5101498583467645
2026-09-04T23:16:36.811991+09:00,신도림역,신도림역,POI038,KEY_3,1160003000,경인로,1160046101,구로구-영등포구,126.8912321353821966_37.5105628597886351,1160046002,신도림역앞교차로,126.8904555821730611_37.5102041121521665,79.0,27.0,원활,126.8904555821730611_37.5102041121521665|126.8912321353821966_37.5105628597886351
2026-09-04T23:16:36.811991+09:00,신도림역,신도림역,POI038,KEY_3,1180052800,대방천로,1180322300,최소노드배치점,126.8935975656483919_37.5081974894365828,1180021900,남성아파트,126.8912162735914109_37.5112358968431892,408.0,57.0,원활,126.8912162735914109_37.5112358968431892|126.8913272395882075_37.5110271967147852|126.8913932951010111_37.5108770709088546|126.8918343349843099_37.5100955527058417|126.8924223350581855_37.5090805434708088|126.8925032943379847_37.5089685736822602|126.8926007325865726_37.5088423144747836|126.8927176122257805_37.5087220329867606|126.8928584330055003_37.5086017730982491|126.8930067151990073_37.5084946321149744|126.8931864263503542_37.5083815583219149|126.8933870642186577_37.5082828074889605|126.8935975656483919_37.5081974894365828
2026-09-04T23:16:36.811991+09:00,신림역,신림역,POI039,KEY_4,1200004102,신원로,1200018202,신림교(남측),126.9286207564022249_37.4816238943609719,1200018402,신림교(북측),126.9290143862204872_37.4819760796263850,53,14.0,정체,126.9290143862204872_37.4819760796263850|126.9286924192674775_37.4817310050226524|126.9286207564022249_37.4816238943609719
2026-09-04T23:16:36.811991+09:00,신림역,신림역,POI039,KEY_4,1200004103,신원로,1200018402,신림교(북측),126.9290143862204872_37.4819760796263850,1200002204,청암두산위브센티움아파트,126.9298127276580317_37.4824928509211759,91,13.0,정체,126.9298127276580317_37.4824928509211759|126.9296886447191497_37.4824229406256961|126.9294781618747976_37.4822744658780707|126.9291012539534478_37.4820085923506383|126.9290143862204872_37.4819760796263850
2026-09-04T23:16:36.811991+09:00,신림역,신림역,POI039,KEY_4,1200004202,신원로,1200018401,신림교(북측),126.9290904863204332_37.4818883651078352,1200018201,신림교(남측),126.9287243528422948_37.4815571342682148,49,9.0,정체,126.9287243528422948_37.4815571342682148|126.9288021597998153_37.4816652191764348|126.9290904863204332_37.4818883651078352
2026-09-04T23:16:36.811991+09:00,신림역,신림역,POI039,KEY_4,1200004203,신원로,1200134200,신림동 1637-28,126.9295680884739426_37.4821935061319849,1200018401,신림교(북측),126.9290904863204332_37.4818883651078352,55,12.0,정체,126.9290904863204332_37.4818883651078352|126.9291765809071393_37.4819173338105003|126.9295680884739426_37.4821935061319849
2026-09-04T23:16:36.811991+09:00,신림역,신림역,POI039,KEY_4,1200006301,신림로,1200128900,신림동 1642-9,126.9297651262775162_37.4829859944651815,1200020103,신림역사거리,126.9296473116667414_37.4842065087380831,136,11.0,정체,126.9296473116667414_37.4842065087380831|126.9297127106620167_37.4835290051691103|126.9297651262775162_37.4829859944651815
2026-09-04T23:16:36.811991+09:00,신림역,신림역,POI039,KEY_4,1200006401,신림로,1200126800,신림동 1642-9,126.9298479887308844_37.4835372976435508,1200002201,청암두산위브센티움아파트,126.9299480045151114_37.4825011433319801,115,6.0,정체,126.9299480045151114_37.4825011433319801|126.9299004037127929_37.4829942868911843|126.9298479887308844_37.4835372976435508
2026-09-04T23:16:36.811991+09:00,신림역,신림역,POI039,KEY_4,1200007101,남부순환로,1200019201,봉림교앞교차로,126.9259814166635607_37.4838452405197131,1200019302,봉림교,126.9265933890458058_37.4839284039129623,55,21.0,서행,126.9265933890458058_37.4839284039129623|126.9259814166635607_37.4838452405197131
2026-09-04T23:16:36.811991+09:00,신림역,신림역,POI039,KEY_4,1200007102,남부순환로,1200019302,봉림교,126.9265933890458058_37.4839284039129623,1200019704,신림빌딩,126.9271300263131081_37.4839919793202796,48,21.0,서행,126.9271300263131081_37.4839919793202796|126.9265933890458058_37.4839284039129623
2026-09-04T23:16:36.811991+09:00,신림역,신림역,POI039,KEY_4,1200007103,남부순환로,1200080500,신림동 1467-10,126.9281206685292318_37.4841178312982279,1200020104,신림역사거리,126.9296345705553506_37.4843144004965225,136,26.5,원활,126.9296345705553506_37.4843144004965225|126.9281206685292318_37.4841178312982279
2026-09-04T23:16:36.811991+09:00,신림역,신림역,POI039,KEY_4,1200007201,남부순환로,1200019301,봉림교,126.9266147704214944_37.4838216396349608,1200019202,봉림교앞교차로,126.9260042284080470_37.4837386582791297,55,24.0,서행,126.9260042284080470_37.4837386582791297|126.9266147704214944_37.4838216396349608
2026-09-04T23:16:36.811991+09:00,신림역,신림역,POI039,KEY_4,1200007202,남부순환로,1200019703,신림빌딩,126.9271499741240774_37.4838850371988528,1200019301,봉림교,126.9266147704214944_37.4838216396349608,48,25.0,원활,126.9266147704214944_37.4838216396349608|126.9271499741240774_37.4838850371988528
2026-09-04T23:16:36.811991+09:00,신림역,신림역,POI039,KEY_4,1200007203,남부순환로,1200080600,신림동 1467-10,126.9281424889960022_37.4840111176954167,1200019702,신림빌딩,126.9274148922430072_37.4839166369399663,65,9.0,정체,126.9274148922430072_37.4839166369399663|126.9278158896297697_37.4839687083113660|126.9281424889960022_37.4840111176954167
2026-09-04T23:16:36.811991+09:00,신림역,신림역,POI039,KEY_4,1200007902,남부순환로,1200020101,신림역사거리,126.9297686662309843_37.4843316191219031,1200020804,프레콘빌딩,126.9334177978626741_37.4847896255204915,327,18.0,서행,126.9334177978626741_37.4847896255204915|126.9313947265893603_37.4845382789214909|126.9297686662309843_37.4843316191219031
2026-09-04T23:16:36.811991+09:00,신림역,신림역,POI039,KEY_4,1200008002,남부순환로,1200020803,프레콘빌딩,126.9334386973421545_37.4846827956256874,1200020102,신림역사거리,126.9297817227290892_37.4842237912787937,327,30.5,원활,126.9297817227290892_37.4842237912787937|126.9314158613318000_37.4844314775554039|126.9334386973421545_37.4846827956256874
2026-09-04T23:16:36.811991+09:00,신림역,신림역,POI039,KEY_4,1200009902,신림로,1200020104,신림역사거리,126.9296345705553506_37.4843144004965225,1200021103,속성변화점,126.9295553661489748_37.4848688498997049,62,19.0,서행,126.9295553661489748_37.4848688498997049|126.9296345705553506_37.4843144004965225
2026-09-04T23:16:36.811991+09:00,신림역,신림역,POI039,KEY_4,1200009903,신림로,1200105700,신림동 1467-9,126.9289535004739378_37.4870088740843457,1200023903,패션거리입구,126.9287320328464403_37.4875074332781750,59,24.0,서행,126.9287320328464403_37.4875074332781750|126.9289535004739378_37.4870088740843457
2026-09-04T23:16:36.811991+09:00,신림역,신림역,POI039,KEY_4,1200010002,신림로,1200021102,신림역(신림선),126.9296901754619284_37.4848810790201838,1200020101,신림역사거리,126.9297686662309843_37.4843316191219031,61,25.0,원활,126.9297686662309843_37.4843316191219031|126.9296901754619284_37.4848810790201838
2026-09-04T23:16:36.811991+09:00,신림역,신림역,POI039,KEY_4,1200010003,신림로,1200107300,신림동 1467-10,126.9296502982945611_37.4852749534387613,1200021101,신림역(신림선),126.9296775075418395_37.4849889447568003,32,13.0,정체,126.9296775075418395_37.4849889447568003|126.9296502982945611_37.4852749534387613
2026-09-04T23:16:36.811991+09:00,신림역,신림역,POI039,KEY_4,1200034700,관천로,1200018401,신림교(북측),126.9290904863204332_37.4818883651078352,1200017501,웅산빌딩,126.9299789404261389_37.4811381328184083,126,9.0,정체,126.9299789404261389_37.4811381328184083|126.9298217809850229_37.4810932390031510|126.9297649329152335_37.4811051246699947|126.9295164022418589_37.4813648240106829|126.9294475460358171_37.4814219969730971|126.9291960249631046_37.4816769266020415|126.9290904863204332_37.4818883651078352
2026-09-04T23:16:36.811991+09:00,신림역,신림역,POI039,KEY_4,1200035100,관천로,1200019301,봉림교,126.9266147704214944_37.4838216396349608,1200018402,신림교(북측),126.9290143862204872_37.4819760796263850,295,11.0,정체,126.9290143862204872_37.4819760796263850|126.9290012731884332_37.4820034073762258|126.9287378307599710_37.4822082660947515|126.9275014496326293_37.4831491633948630|126.9267769577677711_37.4837113225239165|126.9266147704214944_37.4838216396349608
2026-09-04T23:16:36.811991+09:00,신림역,신림역,POI039,KEY_4,1200035800,관천로,1200084000,신림동 1433-146,126.9260978536034514_37.4844856918411580,1200019701,신림빌딩,126.9273930706725508_37.4840233507243710,126,19.0,서행,126.9273930706725508_37.4840233507243710|126.9268531317812858_37.4841985908938327|126.9263496185242275_37.4843722096447465|126.9261137946958087_37.4844764198908393|126.9260978536034514_37.4844856918411580
2026-09-04T23:16:36.811991+09:00,신림역,신림역,POI039,KEY_4,1200035900,관천로,1200019704,신림빌딩,126.9271300263131081_37.4839919793202796,1200021004,봉림교삼거리,126.9252720732605866_37.4848497357513395,191,12.0,정체,126.9252720732605866_37.4848497357513395|126.9255012661441242_37.4846988293717587|126.9260178634568774_37.4843983592746426|126.9260406177968008_37.4843851244896413|126.9262896351738732_37.4842750840857164|126.9268005969255029_37.4840988969223616|126.9271300263131081_37.4839919793202796
2026-09-04T23:16:36.811991+09:00,신림역,신림역,POI039,KEY_4,1200037000,남부순환로187길,1200105000,신림동 1412-2,126.9334057669882583_37.4851541017712648,1200021603,서울관악우체국,126.9333993548549131_37.4853483563466554,22,17.0,서행,126.9333993548549131_37.4853483563466554|126.9334057669882583_37.4851541017712648
2026-09-04T23:16:36.811991+09:00,신림역,신림역,POI039,KEY_4,1200037200,신림로64길,1200021603,서울관악우체국,126.9333993548549131_37.4853483563466554,1200021102,신림역(신림선),126.9296901754619284_37.4848810790201838,332,13.0,정체,126.9296901754619284_37.4848810790201838|126.9309406511893741_37.4850382794090038|126.9333993548549131_37.4853483563466554
2026-09-04T23:16:36.811991+09:00,신정네거리역,신정네거리역,POI117,KEY_1,1140015006,신월로,1140021308,신정동1093,126.8582165356956324_37.5216708475291441,1140021303,동은빌딩,126.8567967490803738_37.5215132089686207,127.0,26.5,원활,126.8567967490803738_37.5215132089686207|126.8582165356956324_37.5216708475291441
2026-09-04T23:16:36.811991+09:00,신정네거리역,신정네거리역,POI117,KEY_1,1140015007,신월로,1140021503,꿈꾸는카멜레온어린이미술관,126.8596321536522282_37.5218285714619171,1140021307,신정동1093,126.8583509854924927_37.5216857745389447,114.0,12.0,정체,126.8583509854924927_37.5216857745389447|126.8592148414391971_37.5217816785654037|126.8596321536522282_37.5218285714619171
2026-09-04T23:16:36.811991+09:00,신정네거리역,신정네거리역,POI117,KEY_1,1140012300,중앙로,1140304000,신정동 1231,126.8527778798694214_37.5203231384960318,1140020503,신정네거리역앞교차로,126.8524641082912154_37.5210454129062327,85.0,22.0,서행,126.8524641082912154_37.5210454129062327|126.8527778798694214_37.5203231384960318
2026-09-04T23:16:36.811991+09:00,신정네거리역,신정네거리역,POI117,KEY_1,1140012400,중앙로,1140292700,신정동 1092,126.8534166988610536_37.5191903498562382,1140003301,목동10단지앞교차로,126.8538153270405218_37.5182869674380797,106.0,20.0,서행,126.8538153270405218_37.5182869674380797|126.8537622755779211_37.5184071955056453|126.8535160562519053_37.5189651855214876|126.8534166988610536_37.5191903498562382
2026-09-04T23:16:36.811991+09:00,신정네거리역,신정네거리역,POI117,KEY_1,1140014902,신월로,1140243500,신정동 1093,126.8532645566517232_37.5212174537458623,1140020904,신정동 1093,126.8543856987749194_37.5213497353641685,100.0,9.0,정체,126.8543856987749194_37.5213497353641685|126.8532645566517232_37.5212174537458623
2026-09-04T23:16:36.811991+09:00,신정네거리역,신정네거리역,POI117,KEY_1,1140014903,신월로,1140267200,신정동 1093,126.8554773918877174_37.5214758708896383,1140021305,동은빌딩,126.8566435580547562_37.5216053651049535,104.0,29.5,원활,126.8566435580547562_37.5216053651049535|126.8560160057808162_37.5215356815056253|126.8554773918877174_37.5214758708896383
2026-09-04T23:16:36.811991+09:00,신정네거리역,신정네거리역,POI117,KEY_1,1140014906,신월로,1140021306,신정동1093,126.8583322449103576_37.5217928596022290,1140021504,꿈꾸는카멜레온어린이미술관,126.8596132846867874_37.5219356418171444,114.0,32.5,원활,126.8596132846867874_37.5219356418171444|126.8591959897358947_37.5218887510016685|126.8583322449103576_37.5217928596022290
2026-09-04T23:16:36.811991+09:00,신정네거리역,신정네거리역,POI117,KEY_1,1140014907,신월로,1140021302,동은빌딩,126.8567780062629282_37.5216202938004884,1140021309,신정동1093,126.8581977948664274_37.5217779325875256,127.0,47.0,원활,126.8581977948664274_37.5217779325875256|126.8567780062629282_37.5216202938004884
2026-09-04T23:16:36.811991+09:00,신정네거리역,신정네거리역,POI117,KEY_1,1140015001,신월로,1140020603,신정네거리역앞,126.8528554777727635_37.5210598841245044,1140020502,신정네거리역앞교차로,126.8526138493944728_37.5210313723228168,22.0,25.0,원활,126.8526138493944728_37.5210313723228168|126.8528554777727635_37.5210598841245044
2026-09-04T23:16:36.811991+09:00,신정네거리역,신정네거리역,POI117,KEY_1,1140015002,신월로,1140243600,신정동 1093,126.8532844491230094_37.5211105006627648,1140020602,신정네거리역앞,126.8530325905116598_37.5210807827743906,23.0,35.0,원활,126.8530325905116598_37.5210807827743906|126.8532844491230094_37.5211105006627648
2026-09-04T23:16:36.811991+09:00,신정네거리역,신정네거리역,POI117,KEY_1,1140015003,신월로,1140267100,신정동 1093,126.8554961365460656_37.5213687864358008,1140020902,신정동 1093,126.8545569843418690_37.5212606440898142,84.0,25.0,원활,126.8545569843418690_37.5212606440898142|126.8551125002585565_37.5213261838740664|126.8554961365460656_37.5213687864358008
2026-09-04T23:16:36.811991+09:00,신정네거리역,신정네거리역,POI117,KEY_1,1140015005,신월로,1140272400,신정동 1094,126.8610576912007701_37.5219887458859915,1140021502,꿈꾸는카멜레온어린이미술관,126.8597665692237371_37.5218436752577844,115.0,28.0,원활,126.8597665692237371_37.5218436752577844|126.8608449515332666_37.5219648434398678|126.8610576912007701_37.5219887458859915
2026-09-04T23:16:36.811991+09:00,신정네거리역,신정네거리역,POI117,KEY_1,1140015902,중앙로,1140020504,신정네거리역앞교차로,126.8523200137848335_37.5213068059378259,1140022603,명성빌딩,126.8516685864229601_37.5225158329285406,146.0,17.0,서행,126.8516685864229601_37.5225158329285406|126.8517987058371261_37.5222713272162238|126.8519436904784499_37.5219988863798335|126.8521324176756337_37.5216442455826495|126.8523200137848335_37.5213068059378259
2026-09-04T23:16:36.811991+09:00,신정네거리역,신정네거리역,POI117,KEY_1,1140016001,중앙로,1140118300,신정동 1092,126.8520686739882422_37.5220410804103963,1140020501,신정네거리역앞교차로,126.8525640943406501_37.5211348016249673,110.0,32.0,원활,126.8525640943406501_37.5211348016249673|126.8522569777203586_37.5216872332956370|126.8520686739882422_37.5220410804103963
2026-09-04T23:16:36.811991+09:00,신정네거리역,신정네거리역,POI117,KEY_1,1140016106,신월로,1140022001,신월동 895,126.8507094594277902_37.5223133908582369,1140020504,신정네거리역앞교차로,126.8523200137848335_37.5213068059378259,182.0,31.0,원활,126.8523200137848335_37.5213068059378259|126.8521160507619499_37.5214639048480976|126.8510318117103566_37.5221668925016729|126.8508268269855961_37.5222704255984212|126.8507094594277902_37.5223133908582369
2026-09-04T23:16:36.811991+09:00,신정네거리역,신정네거리역,POI117,KEY_1,1140054801,중앙로34길,1140019405,신정1동주민센터,126.8538796784740867_37.5193821376289378,1140020603,신정네거리역앞,126.8528554777727635_37.5210598841245044,222.0,17.0,서행,126.8528554777727635_37.5210598841245044|126.8535934020350737_37.5205511930761588|126.8536999963924075_37.5204621007117112|126.8537692383027178_37.5203712086594976|126.8537955704803295_37.5202940803262450|126.8538126090800660_37.5201853955234341|126.8538219892636931_37.5201255616303442|126.8538796784740867_37.5193821376289378
2026-09-04T23:16:36.811991+09:00,신정네거리역,신정네거리역,POI117,KEY_1,1140054802,중앙로34길,1140019409,목동10단지앞,126.8539734917989961_37.5183344603548790,1140019404,신정1동주민센터,126.8538880871001027_37.5192737759540336,105.0,7.0,정체,126.8538880871001027_37.5192737759540336|126.8539379775177309_37.5186308268166684|126.8539734917989961_37.5183344603548790
2026-09-04T23:16:36.811991+09:00,신정네거리역,신정네거리역,POI117,KEY_1,1140054901,중앙로34길,1140019403,신정1동주민센터,126.8540235698495025_37.5192804456659488,1140019406,목동10단지앞,126.8541051135368178_37.5183739826820073,101.0,25.0,원활,126.8541051135368178_37.5183739826820073|126.8540733198426267_37.5186393004506940|126.8540235698495025_37.5192804456659488
2026-09-04T23:16:36.811991+09:00,신정네거리역,신정네거리역,POI117,KEY_1,1140054902,중앙로34길,1140186400,신정동 1146,126.8539473066920351_37.5201987921083031,1140019402,신정1동주민센터,126.8540151614070339_37.5193888074719695,90.0,12.0,정체,126.8540151614070339_37.5193888074719695|126.8539572124395534_37.5201356047961312|126.8539473066920351_37.5201987921083031
2026-09-04T23:16:36.811991+09:00,신정네거리역,신정네거리역,POI117,KEY_1,1140055900,은행정로,1140166500,신정동 1125,126.8597165347587321_37.5213433547744302,1140021503,꿈꾸는카멜레온어린이미술관,126.8596321536522282_37.5218285714619171,54.0,23.0,서행,126.8596321536522282_37.5218285714619171|126.8597165347587321_37.5213433547744302
2026-09-04T23:16:36.811991+09:00,신정네거리역,신정네거리역,POI117,KEY_1,1140058000,오목로30길,1140150600,신정동 1106,126.8546981085227401_37.5223329762819091,1140020901,신정동 1093,126.8545370935655114_37.5213675973558196,111.0,12.0,정체,126.8545370935655114_37.5213675973558196|126.8547338215463469_37.5218205968237299|126.8547705802692747_37.5219357855826985|126.8546981085227401_37.5223329762819091
2026-09-04T23:16:36.811991+09:00,신정네거리역,신정네거리역,POI117,KEY_1,1140058400,오목로38길,1140137400,신정동 1105,126.8566236011362918_37.5225408124600364,1140021302,동은빌딩,126.8567780062629282_37.5216202938004884,103.0,6.0,정체,126.8567780062629282_37.5216202938004884|126.8566236011362918_37.5225408124600364
2026-09-04T23:16:36.811991+09:00,신정네거리역,신정네거리역,POI117,KEY_1,1140058600,은행정로,1140207400,신정동 1113,126.8596569688713629_37.5224588897148266,1140021501,꿈꾸는카멜레온어린이미술관,126.8597477005454266_37.5219507456227035,57.0,7.0,정체,126.8597477005454266_37.5219507456227035|126.8596569688713629_37.5224588897148266
2026-09-04T23:16:36.811991+09:00,신정네거리역,신정네거리역,POI117,KEY_1,1140276400,중앙로36길,1140262500,신정동 1050-36,126.8547144854327797_37.5193650062674351,1140019403,신정1동주민센터,126.8540235698495025_37.5192804456659488,62.0,18.0,서행,126.8540235698495025_37.5192804456659488|126.8547084315488149_37.5193643641604027|126.8547144854327797_37.5193650062674351
2026-09-04T23:16:36.811991+09:00,신정네거리역,신정네거리역,POI117,KEY_1,1140277700,신월로36길,1140175700,신정동 1323-2,126.8584682314931626_37.5203048399161645,1140108303,신정동1125,126.8583172237674432_37.5211313429453099,93.0,11.0,정체,126.8583172237674432_37.5211313429453099|126.8583812989856057_37.5208181099124545|126.8583818978566029_37.5208145740617596|126.8584682314931626_37.5203048399161645
2026-09-04T23:16:36.811991+09:00,신정네거리역,신정네거리역,POI117,KEY_1,1140277900,신월로36길,1140021307,신정동1093,126.8583509854924927_37.5216857745389447,1140108301,신정동1125,126.8584307373469926_37.5212539233509972,48.0,8.0,정체,126.8584307373469926_37.5212539233509972|126.8583509854924927_37.5216857745389447
2026-09-04T23:16:36.811991+09:00,신정네거리역,신정네거리역,POI117,KEY_1,1140278000,신월로36길,1140108304,신정동1125,126.8582964364918979_37.5212381891154365,1140021308,신정동1093,126.8582165356956324_37.5216708475291441,49.0,20.0,서행,126.8582165356956324_37.5216708475291441|126.8582964364918979_37.5212381891154365
2026-09-04T23:16:36.811991+09:00,신정네거리역,신정네거리역,POI117,KEY_1,1140278200,은행정로5길,1140134600,신정동 1127,126.8569637813919257_37.5210795349276367,1140108304,신정동1125,126.8582964364918979_37.5212381891154365,119.0,19.0,서행,126.8582964364918979_37.5212381891154365|126.8569637813919257_37.5210795349276367
2026-09-04T23:16:36.811991+09:00,신촌·이대역,신촌·이대역,POI040,KEY_2,1120000100,신촌로,1120088400,대현동 60-11,126.9446865403610190_37.5567732537023247,1120000209,이대역앞교차로,126.9458093614291130_37.5568354550338697,99.0,14.0,정체,126.9458093614291130_37.5568354550338697|126.9446865403610190_37.5567732537023247
2026-09-04T23:16:36.811991+09:00,신촌·이대역,신촌·이대역,POI040,KEY_2,1120000404,신촌로,1130263200,대흥동 3-63,126.9464914102469635_37.5567658919320806,1120000207,이대역앞교차로,126.9459501043940008_37.5567349831730724,48.0,36.0,원활,126.9459501043940008_37.5567349831730724|126.9464914102469635_37.5567658919320806
2026-09-04T23:16:36.811991+09:00,신촌·이대역,신촌·이대역,POI040,KEY_2,1120002701,신촌역로,1120071600,대현동 60-11,126.9427680418913411_37.5578961046815536,1120004602,신촌역,126.9427440310376340_37.5585203049646097,69.0,14.0,정체,126.9427440310376340_37.5585203049646097|126.9427680418913411_37.5578961046815536
2026-09-04T23:16:36.811991+09:00,신촌·이대역,신촌·이대역,POI040,KEY_2,1120002801,신촌역로,1120115700,대현동 60-11,126.9429316939373678_37.5571739776181843,1130029101,신촌기차역입구교차로,126.9429508064184517_37.5566770773961380,55.0,23.5,서행,126.9429508064184517_37.5566770773961380|126.9429316939373678_37.5571739776181843
2026-09-04T23:16:36.811991+09:00,신촌·이대역,신촌·이대역,POI040,KEY_2,1120002802,신촌역로,1120005103,신촌역,126.9428490112470627_37.5589999804080819,1120004601,신촌역,126.9428797809855354_37.5585236143059831,53.0,24.0,서행,126.9428797809855354_37.5585236143059831|126.9428522809412954_37.5589815940035621|126.9428490112470627_37.5589999804080819
2026-09-04T23:16:36.811991+09:00,신촌·이대역,신촌·이대역,POI040,KEY_2,1120003002,이화여대길,1120050200,대현동 60-11,126.9459111121087034_37.5573503317707704,1120000206,이대역앞교차로,126.9459449283367718_37.5568430846451875,56.0,17.7,서행,126.9459449283367718_37.5568430846451875|126.9459370069837689_37.5570327600623557|126.9459111121087034_37.5573503317707704
2026-09-04T23:16:36.811991+09:00,신촌·이대역,신촌·이대역,POI040,KEY_2,1120003101,명물길,1120103200,창천동 31-62,126.9387014712648210_37.5585993116674715,1120004903,북경어언대학교,126.9392103198794786_37.5589742883029700,61.0,15.0,서행,126.9392103198794786_37.5589742883029700|126.9391313904544205_37.5589213056300650|126.9387014712648210_37.5585993116674715
2026-09-04T23:16:36.811991+09:00,신촌·이대역,신촌·이대역,POI040,KEY_2,1120003102,명물길,1120057200,창천동 31-64,126.9402143091177209_37.5591519755949577,1120001504,명물거리교차로,126.9403451527086730_37.5591543062232276,12.0,26.0,원활,126.9403451527086730_37.5591543062232276|126.9402143091177209_37.5591519755949577
2026-09-04T23:16:36.811991+09:00,신촌·이대역,신촌·이대역,POI040,KEY_2,1120003201,명물길,1120098800,창천동 18-54,126.9375123444595204_37.5575602259048438,1120004502,현대백화점유플렉스(신촌점),126.9369730969373080_37.5572180933913842,61.0,18.0,서행,126.9369730969373080_37.5572180933913842|126.9371287798259686_37.5572890262117483|126.9374266006236667_37.5574960038265644|126.9375123444595204_37.5575602259048438
2026-09-04T23:16:36.811991+09:00,신촌·이대역,신촌·이대역,POI040,KEY_2,1120003202,명물길,1120099300,창천동 31-64,126.9399922025746577_37.5590398721991008,1120004901,북경어언대학교,126.9394401770155696_37.5589847229875957,50.0,6.0,정체,126.9394401770155696_37.5589847229875957|126.9395187556796856_37.5590205224607772|126.9395956552481550_37.5590328072777240|126.9399922025746577_37.5590398721991008
2026-09-04T23:16:36.811991+09:00,신촌·이대역,신촌·이대역,POI040,KEY_2,1120003301,연세로,1120004504,현대백화점유플렉스(신촌점),126.9368371308242018_37.5572889150469535,1120004803,창천동 30-18,126.9368510014508757_37.5588996821571541,179.0,14.0,정체,126.9368510014508757_37.5588996821571541|126.9368340470399659_37.5574372784594317|126.9368371308242018_37.5572889150469535
2026-09-04T23:16:36.811991+09:00,신촌·이대역,신촌·이대역,POI040,KEY_2,1120003302,연세로,1120004804,창천동 30-18,126.9368505138006498_37.5590108985973998,1120005503,연세대앞교차로,126.9368364800660771_37.5599930891343377,109.0,10.0,정체,126.9368364800660771_37.5599930891343377|126.9368505138006498_37.5590108985973998
2026-09-04T23:16:36.811991+09:00,신촌·이대역,신촌·이대역,POI040,KEY_2,1120003401,연세로,1120004802,창천동 30-18,126.9369867245719377_37.5588913341097239,1120004501,현대백화점유플렉스(신촌점),126.9369718556757505_37.5573421030471337,172.0,10.0,정체,126.9369718556757505_37.5573421030471337|126.9369698696455231_37.5574376736014486|126.9369867245719377_37.5588913341097239
2026-09-04T23:16:36.811991+09:00,신촌·이대역,신촌·이대역,POI040,KEY_2,1120003402,연세로,1120005502,연세대앞교차로,126.9369722907914309_37.5599940789319859,1120004801,창천동 30-18,126.9369864978419571_37.5589996318879216,110.0,6.0,정체,126.9369864978419571_37.5589996318879216|126.9369722907914309_37.5599940789319859
2026-09-04T23:16:36.811991+09:00,신촌·이대역,신촌·이대역,POI040,KEY_2,1120003501,이화여대길,1120005002,신촌역,126.9420267726184761_37.5591801830420735,1120005104,신촌역,126.9426661573823623_37.5591824608859142,57.0,20.5,서행,126.9426661573823623_37.5591824608859142|126.9426586391526541_37.5591822440454948|126.9421138457002485_37.5591743855017910|126.9420267726184761_37.5591801830420735
2026-09-04T23:16:36.811991+09:00,신촌·이대역,신촌·이대역,POI040,KEY_2,1120003502,신촌역로,1120001501,명물거리교차로,126.9404809387878714_37.5591565534944891,1120005002,신촌역,126.9420267726184761_37.5591801830420735,137.0,18.0,서행,126.9420267726184761_37.5591801830420735|126.9415767821894292_37.5591733065980620|126.9412142365348615_37.5591677651764968|126.9408768439811013_37.5591626072131248|126.9404809387878714_37.5591565534944891
2026-09-04T23:16:36.811991+09:00,신촌·이대역,신촌·이대역,POI040,KEY_2,1120003601,신촌역로,1120114700,창천동 31-64,126.9408794518354000_37.5590545075459303,1120001502,명물거리교차로,126.9404835471664086_37.5590484540526717,35.0,35.0,원활,126.9404835471664086_37.5590484540526717|126.9408794518354000_37.5590545075459303
2026-09-04T23:16:36.811991+09:00,신촌·이대역,신촌·이대역,POI040,KEY_2,1120003801,이화여대길,1120069800,대현동 60-11,126.9436423389426665_37.5591035513754079,1120005102,신촌역,126.9429796664790473_37.5590839814278610,59.0,14.0,정체,126.9429796664790473_37.5590839814278610|126.9434309302908161_37.5590989851527581|126.9436423389426665_37.5591035513754079
2026-09-04T23:16:36.811991+09:00,신촌·이대역,신촌·이대역,POI040,KEY_2,1120003901,신촌역로,1120001504,명물거리교차로,126.9403451527086730_37.5591543062232276,1120005402,세브란스병원입구,126.9403236648437030_37.5598832986994040,81.0,13.0,정체,126.9403236648437030_37.5598832986994040|126.9403451527086730_37.5591543062232276
2026-09-04T23:16:36.811991+09:00,신촌·이대역,신촌·이대역,POI040,KEY_2,1120004401,성산로,1120005700,세브란스병원입구,126.9399697271517624_37.5600298889541833,1120005502,연세대앞교차로,126.9369722907914309_37.5599940789319859,265.0,34.0,원활,126.9369722907914309_37.5599940789319859|126.9381957544518968_37.5600239454363845|126.9383304604905334_37.5600259947314896|126.9392179638289520_37.5600335435028612|126.9394831195383091_37.5600177212536508|126.9396777836779791_37.5599969609922439|126.9398686749726863_37.5600119581510583|126.9399697271517624_37.5600298889541833
2026-09-04T23:16:36.811991+09:00,신촌·이대역,신촌·이대역,POI040,KEY_2,1120004403,성산로,1120001902,세브란스병원입구,126.9406365826691854_37.5602535248457912,1120005700,세브란스병원입구,126.9399697271517624_37.5600298889541833,65.0,15.0,서행,126.9399697271517624_37.5600298889541833|126.9402429363548492_37.5600866443863382|126.9404262960347580_37.5601582545694228|126.9405647286410925_37.5602417602446934|126.9406365826691854_37.5602535248457912
2026-09-04T23:16:36.811991+09:00,신촌·이대역,신촌·이대역,POI040,KEY_2,1120014200,신촌로,1130028200,신촌로터리,126.9362638695840104_37.5553903889948231,1120004300,현대백화점(신촌점),126.9368030588893959_37.5556219621744134,57.0,21.0,서행,126.9368030588893959_37.5556219621744134|126.9367619707854544_37.5555447886619120|126.9365015572182216_37.5554290301989795|126.9362638695840104_37.5553903889948231
2026-09-04T23:16:36.811991+09:00,신촌·이대역,신촌·이대역,POI040,KEY_2,1120014300,연세로5길,1120004503,현대백화점유플렉스(신촌점),126.9368363451414297_37.5571751207012667,1130028301,신촌현대백화점,126.9352769143878135_37.5557459412116970,218.0,24.0,서행,126.9352769143878135_37.5557459412116970|126.9355227188717095_37.5561809513214655|126.9356969741435961_37.5564893345166482|126.9357357833693243_37.5565340280943047|126.9357546442551836_37.5565557486909398|126.9367282221445237_37.5571473890112912|126.9368363451414297_37.5571751207012667
2026-09-04T23:16:36.811991+09:00,신촌·이대역,신촌·이대역,POI040,KEY_2,1120014400,연세로5길,1120046000,창천동 53-47,126.9356240685518031_37.5565955099592088,1120004504,현대백화점유플렉스(신촌점),126.9368371308242018_37.5572889150469535,133.0,12.0,정체,126.9368371308242018_37.5572889150469535|126.9366643652368651_37.5572446039108812|126.9356551527703942_37.5566313071096900|126.9356240685518031_37.5565955099592088
2026-09-04T23:16:36.811991+09:00,신촌·이대역,신촌·이대역,POI040,KEY_2,1120014600,신촌역로,1120004602,신촌역,126.9427440310376340_37.5585203049646097,1120005001,신촌역,126.9420293779965050_37.5590720827057183,95.0,17.0,서행,126.9420293779965050_37.5590720827057183|126.9421437304203835_37.5590560677133638|126.9422389637944093_37.5590308801191455|126.9426919759452090_37.5587183341767812|126.9427399358533393_37.5586554228029499|126.9427440310376340_37.5585203049646097
2026-09-04T23:16:36.811991+09:00,신촌·이대역,신촌·이대역,POI040,KEY_2,1120014800,연세로12길,1120004801,창천동 30-18,126.9369864978419571_37.5589996318879216,1120004904,북경어언대학교,126.9393727178320859_37.5590785623916332,211.0,12.0,정체,126.9393727178320859_37.5590785623916332|126.9389022167064809_37.5590898448829122|126.9369864978419571_37.5589996318879216
2026-09-04T23:16:36.811991+09:00,신촌·이대역,신촌·이대역,POI040,KEY_2,1120015000,성산로22길,1120088900,창천동 70-59,126.9345245647633504_37.5591495266209137,1120004804,창천동 30-18,126.9368505138006498_37.5590108985973998,211.0,14.0,정체,126.9368505138006498_37.5590108985973998|126.9367700942083559_37.5590260958107223|126.9363607042080844_37.5590258758581754|126.9349766718667780_37.5589958955722949|126.9349592890310134_37.5589955189298124|126.9345722423701091_37.5590852696270119|126.9345245647633504_37.5591495266209137
2026-09-04T23:16:36.811991+09:00,신촌·이대역,신촌·이대역,POI040,KEY_2,1120015200,신촌역로,1120005402,세브란스병원입구,126.9403236648437030_37.5598832986994040,1120005700,세브란스병원입구,126.9399697271517624_37.5600298889541833,38.0,13.0,정체,126.9399697271517624_37.5600298889541833|126.9401906078274891_37.5599912626938561|126.9403000000014856_37.5599500001454203|126.9403236648437030_37.5598832986994040
2026-09-04T23:16:36.811991+09:00,신촌·이대역,신촌·이대역,POI040,KEY_2,1120015501,북아현로11길,1120110000,대현동 62-13,126.9461402896745028_37.5587493431421393,1120004707,무궁화상가아파트,126.9457971823491818_37.5587475204387502,30.0,15.0,서행,126.9457971823491818_37.5587475204387502|126.9461402896745028_37.5587493431421393
2026-09-04T23:16:36.811991+09:00,신촌·이대역,신촌·이대역,POI040,KEY_2,1120061600,신촌로,1130243700,노고산동 31-123,126.9378979886779319_37.5553264048270492,1130027600,신촌로터리,126.9375535313722594_37.5552189146085595,33.0,18.5,서행,126.9375535313722594_37.5552189146085595|126.9376883483507896_37.5552573962598544|126.9378979886779319_37.5553264048270492
2026-09-04T23:16:36.811991+09:00,신촌·이대역,신촌·이대역,POI040,KEY_2,1120061700,연세로,1120004502,현대백화점유플렉스(신촌점),126.9369730969373080_37.5572180933913842,1120004200,신촌역(서울2호선),126.9369388461816897_37.5556200624915562,177.0,15.0,서행,126.9369388461816897_37.5556200624915562|126.9369730969373080_37.5572180933913842
2026-09-04T23:16:36.811991+09:00,신촌·이대역,신촌·이대역,POI040,KEY_2,1120061900,신촌로,1120035100,대현동 60-11,126.9422602990258042_37.5566379052705770,1130029104,신촌기차역입구교차로,126.9428152251685447_37.5566694693811343,49.0,21.5,서행,126.9428152251685447_37.5566694693811343|126.9422602990258042_37.5566379052705770
2026-09-04T23:16:36.811991+09:00,신촌·이대역,신촌·이대역,POI040,KEY_2,1120062000,연세로,1120004300,현대백화점(신촌점),126.9368030588893959_37.5556219621744134,1120004503,현대백화점유플렉스(신촌점),126.9368363451414297_37.5571751207012667,172.0,14.0,정체,126.9368363451414297_37.5571751207012667|126.9368030588893959_37.5556219621744134
2026-09-04T23:16:36.811991+09:00,신촌·이대역,신촌·이대역,POI040,KEY_2,1130002903,신촌로,1130027304,신촌로터리,126.9367463936915783_37.5551491321864219,1130027800,신촌로터리,126.9362078795990669_37.5552918851353184,50.0,11.0,정체,126.9362078795990669_37.5552918851353184|126.9362843096010209_37.5552643504737276|126.9364926549409489_37.5552010586219964|126.9366443811309324_37.5551666346300124|126.9367463936915783_37.5551491321864219
2026-09-04T23:16:36.811991+09:00,신촌·이대역,신촌·이대역,POI040,KEY_2,1130003001,신촌로,1120065800,창천동 30-17,126.9340762364727908_37.5561712001553190,1130028304,신촌현대백화점,126.9351529989082650_37.5557901862083625,104.0,21.0,서행,126.9351529989082650_37.5557901862083625|126.9340762364727908_37.5561712001553190
2026-09-04T23:16:36.811991+09:00,신촌·이대역,신촌·이대역,POI040,KEY_2,1130003002,신촌로,1120063200,창천동 30-16,126.9359793082337546_37.5554929038804843,1130028200,신촌로터리,126.9362638695840104_37.5553903889948231,28.0,36.0,원활,126.9362638695840104_37.5553903889948231|126.9359793082337546_37.5554929038804843
2026-09-04T23:16:36.811991+09:00,신촌·이대역,신촌·이대역,POI040,KEY_2,1130003003,신촌로,1130028200,신촌로터리,126.9362638695840104_37.5553903889948231,1130027305,신촌로터리,126.9367949040171339_37.5552525850785059,50.0,16.0,서행,126.9367949040171339_37.5552525850785059|126.9367822077433345_37.5552535889944465|126.9366773331614553_37.5552715833811135|126.9365355543422140_37.5553037503571261|126.9363365592773363_37.5553642010740631|126.9362638695840104_37.5553903889948231
2026-09-04T23:16:36.811991+09:00,신촌·이대역,신촌·이대역,POI040,KEY_2,1130003101,신촌로,1130027301,신촌로터리,126.9369309039101665_37.5552479096703777,1130028100,신촌로터리,126.9375107828557248_37.5553215381359138,52.0,20.0,서행,126.9375107828557248_37.5553215381359138|126.9374120463708664_37.5552954695353094|126.9372367545836511_37.5552633433213288|126.9370612427232459_37.5552495051776276|126.9369309039101665_37.5552479096703777
2026-09-04T23:16:36.811991+09:00,신촌·이대역,신촌·이대역,POI040,KEY_2,1130003201,신촌로,1130027600,신촌로터리,126.9375535313722594_37.5552189146085595,1130027302,신촌로터리,126.9369363048809589_37.5551398431720429,56.0,17.0,서행,126.9369363048809589_37.5551398431720429|126.9370689919941668_37.5551414670887596|126.9372587703670519_37.5551564300398013|126.9374487359331596_37.5551912462659345|126.9375535313722594_37.5552189146085595
2026-09-04T23:16:36.811991+09:00,신촌·이대역,신촌·이대역,POI040,KEY_2,1130015002,백범로,1130027302,신촌로터리,126.9369363048809589_37.5551398431720429,1130026300,신촌로터리,126.9370076539618566_37.5545626830804551,64.0,12.0,정체,126.9370076539618566_37.5545626830804551|126.9369363048809589_37.5551398431720429
2026-09-04T23:16:36.811991+09:00,신촌·이대역,신촌·이대역,POI040,KEY_2,1130016101,서강로,1130105400,노고산동 31-123,126.9360124624394928_37.5545948546319508,1130026900,신촌로터리,126.9362469698456266_37.5547336229279907,26.0,14.0,정체,126.9362469698456266_37.5547336229279907|126.9360124624394928_37.5545948546319508
2026-09-04T23:16:36.811991+09:00,신촌·이대역,신촌·이대역,POI040,KEY_2,1130016102,서강로,1130026900,신촌로터리,126.9362469698456266_37.5547336229279907,1130027304,신촌로터리,126.9367463936915783_37.5551491321864219,64.0,28.0,원활,126.9367463936915783_37.5551491321864219|126.9366482286148994_37.5550253909116165|126.9363557341915083_37.5548026529712615|126.9362469698456266_37.5547336229279907
2026-09-04T23:16:36.811991+09:00,신촌·이대역,신촌·이대역,POI040,KEY_2,1130016202,서강로,1130027303,신촌로터리,126.9368133181621232_37.5550310181252058,1130026700,신촌로터리,126.9363297908926853_37.5546479548134542,61.0,9.0,정체,126.9363297908926853_37.5546479548134542|126.9364451665790341_37.5547211401372962|126.9367541497696266_37.5549564339847848|126.9368133181621232_37.5550310181252058
2026-09-04T23:16:36.811991+09:00,신촌·이대역,신촌·이대역,POI040,KEY_2,1130053700,신촌로,1130027600,신촌로터리,126.9375535313722594_37.5552189146085595,1130026300,신촌로터리,126.9370076539618566_37.5545626830804551,87.0,17.0,서행,126.9370076539618566_37.5545626830804551|126.9375535313722594_37.5552189146085595
2026-09-04T23:16:36.811991+09:00,신촌·이대역,신촌·이대역,POI040,KEY_2,1130054000,서강로,1130026900,신촌로터리,126.9362469698456266_37.5547336229279907,1130027800,신촌로터리,126.9362078795990669_37.5552918851353184,66.0,18.0,서행,126.9362078795990669_37.5552918851353184|126.9362774483328025_37.5552146864900038|126.9363062591853719_37.5551384172764813|126.9363230977790380_37.5550564211653537|126.9363327714613661_37.5549477201242823|126.9363184780678608_37.5548542645506771|126.9362469698456266_37.5547336229279907
2026-09-04T23:16:36.811991+09:00,쌍문역,쌍문역,POI070,KEY_3,1080011301,도봉로,1080060100,수유동 140,127.0306004514326617_37.6426841969638559,1080017102,강북구-도봉구,127.0308257491886792_37.6428931106192053,31.0,19.5,서행,127.0308257491886792_37.6428931106192053|127.0306004514326617_37.6426841969638559
2026-09-04T23:16:36.811991+09:00,쌍문역,쌍문역,POI070,KEY_3,1090000904,우이천로,1090005403,번창교,127.0318933286728367_37.6426051578388083,1090000702,우이교앞교차로,127.0311828397790350_37.6430569437685492,80.0,22.0,서행,127.0311828397790350_37.6430569437685492|127.0318933286728367_37.6426051578388083
2026-09-04T23:16:36.811991+09:00,쌍문역,쌍문역,POI070,KEY_3,1090001004,우이천로,1090000701,우이교앞교차로,127.0312724373789877_37.6431384065756944,1090005404,번창교,127.0319809335181702_37.6426878882124569,80.0,15.0,서행,127.0319809335181702_37.6426878882124569|127.0312724373789877_37.6431384065756944
2026-09-04T23:16:36.811991+09:00,쌍문역,쌍문역,POI070,KEY_3,1090001500,우이천로,1090000703,우이교앞교차로,127.0310729519188158_37.6431211684896070,1090000902,한일병원,127.0279685895414303_37.6450803801061440,350.0,8.0,정체,127.0279685895414303_37.6450803801061440|127.0280970845996933_37.6449964844622755|127.0284654183674178_37.6447559940197536|127.0287300641372070_37.6445832012974151|127.0287440560925489_37.6445740656200698|127.0291467962950946_37.6443195262820893|127.0303466242784936_37.6435611940581438|127.0308594191241554_37.6432370817667845|127.0310729519188158_37.6431211684896070
2026-09-04T23:16:36.811991+09:00,쌍문역,쌍문역,POI070,KEY_3,1090001600,우이천로,1090097600,쌍문동 83-10,127.0304312281127466_37.6436458315402973,1090000704,우이교앞교차로,127.0311629794475863_37.6432032074832321,81.0,18.3,서행,127.0311629794475863_37.6432032074832321|127.0309401577308392_37.6433241623639816|127.0304312281127466_37.6436458315402973
2026-09-04T23:16:36.811991+09:00,쌍문역,쌍문역,POI070,KEY_3,1090001702,도봉로,1090057800,쌍문동 83-8,127.0322645121424188_37.6446330103546600,1090001303,창동시장입구교차로,127.0333679558157627_37.6464986566063828,229.0,13.0,정체,127.0333679558157627_37.6464986566063828|127.0326215714648015_37.6452398113717877|127.0325635966364075_37.6451416305438258|127.0322645121424188_37.6446330103546600
2026-09-04T23:16:36.811991+09:00,쌍문역,쌍문역,POI070,KEY_3,1090001801,도봉로,1090057900,창동 703-9,127.0323876826054175_37.6445872158534343,1090000701,우이교앞교차로,127.0312724373789877_37.6431384065756944,189.0,35.0,원활,127.0312724373789877_37.6431384065756944|127.0313379882501721_37.6431972177101386|127.0315344838842435_37.6433976928929965|127.0317063615047317_37.6435881292882257|127.0318399394393509_37.6437483018028090|127.0319611171275511_37.6439100560457618|127.0320824040946093_37.6440796622059537|127.0322036071876823_37.6442741759624582|127.0323876826054175_37.6445872158534343
2026-09-04T23:16:36.811991+09:00,쌍문역,쌍문역,POI070,KEY_3,1090001802,도봉로,1090001302,창동시장입구교차로,127.0334909458621269_37.6464525507448045,1090006001,창동 703-9,127.0327445598980489_37.6451937062792226,154.0,35.0,원활,127.0327445598980489_37.6451937062792226|127.0334909458621269_37.6464525507448045
2026-09-04T23:16:36.811991+09:00,쌍문역,쌍문역,POI070,KEY_3,1090002901,도봉로110길,1090001301,창동시장입구교차로,127.0335489194755070_37.6465503488024709,1090006804,창동 703-6,127.0342878211482969_37.6462731281989917,72.0,8.0,정체,127.0342878211482969_37.6462731281989917|127.0340935174179151_37.6463460275834763|127.0335489194755070_37.6465503488024709
2026-09-04T23:16:36.811991+09:00,쌍문역,쌍문역,POI070,KEY_3,1090003001,도봉로110길,1090104700,창동 703-6,127.0340354943073748_37.6462482478843796,1090001302,창동시장입구교차로,127.0334909458621269_37.6464525507448045,53.0,15.0,서행,127.0334909458621269_37.6464525507448045|127.0340354943073748_37.6462482478843796
2026-09-04T23:16:36.811991+09:00,쌍문역,쌍문역,POI070,KEY_3,1090003002,도봉로110길,1090080200,창동 703-7,127.0357360179233837_37.6461069649814846,1090006802,창동 703-6,127.0343549840734454_37.6461328281547765,124.0,12.0,정체,127.0343549840734454_37.6461328281547765|127.0345012774259459_37.6460886710330769|127.0346261544876967_37.6460608796433576|127.0347246771475653_37.6460514498211580|127.0348610739236506_37.6460494013026832|127.0357360179233837_37.6461069649814846
2026-09-04T23:16:36.811991+09:00,쌍문역,쌍문역,POI070,KEY_3,1090003700,도봉로,1090135200,쌍문동 83-5,127.0350228266440666_37.6492923382218478,1090002003,정의여중고교입구교차로,127.0362215685676404_37.6513055778951582,247.0,33.0,원활,127.0362215685676404_37.6513055778951582|127.0360825534525588_37.6510864778828989|127.0358650918987422_37.6507183178536025|127.0356007620248846_37.6502708062316955|127.0350228266440666_37.6492923382218478
2026-09-04T23:16:36.811991+09:00,쌍문역,쌍문역,POI070,KEY_3,1090003801,도봉로,1090137100,창동 703-5,127.0342808907164880_37.6477854429096652,1090001301,창동시장입구교차로,127.0335489194755070_37.6465503488024709,152.0,22.0,서행,127.0335489194755070_37.6465503488024709|127.0342320361945099_37.6477029598049171|127.0342808907164880_37.6477854429096652
2026-09-04T23:16:36.811991+09:00,쌍문역,쌍문역,POI070,KEY_3,1090003802,도봉로,1090002002,정의여중고교입구교차로,127.0363773263417357_37.6513110181991735,1090007800,창동 703-3,127.0359881747483968_37.6506723581663039,79.0,20.0,서행,127.0359881747483968_37.6506723581663039|127.0362048236143977_37.6510391397169215|127.0363773263417357_37.6513110181991735
2026-09-04T23:16:36.811991+09:00,쌍문역,쌍문역,POI070,KEY_3,1090005100,노해로,1090121700,쌍문동 83-4,127.0350101560504044_37.6513313295938374,1090002004,정의여중고교입구교차로,127.0362912697615769_37.6514169783247610,113.0,19.0,서행,127.0362912697615769_37.6514169783247610|127.0358744447874244_37.6513983643391370|127.0356105287372799_37.6513778955387650|127.0350101560504044_37.6513313295938374
2026-09-04T23:16:36.811991+09:00,쌍문역,쌍문역,POI070,KEY_3,1090005500,노해로,1090002001,정의여중고교입구교차로,127.0364434898500150_37.6514195793773183,1090008204,창동고교,127.0376207170842662_37.6514673842390550,104.0,12.0,정체,127.0376207170842662_37.6514673842390550|127.0372124994038785_37.6514364984026884|127.0371634236865077_37.6514327847047809|127.0368827243874392_37.6514224925743335|127.0364434898500150_37.6514195793773183
2026-09-04T23:16:36.811991+09:00,쌍문역,쌍문역,POI070,KEY_3,1090005601,노해로,1090008000,정의여중입구,127.0372253821596331_37.6513288665233219,1090002002,정의여중고교입구교차로,127.0363773263417357_37.6513110181991735,75.0,24.0,서행,127.0363773263417357_37.6513110181991735|127.0368864251738898_37.6513143950908074|127.0371730020149244_37.6513249033987236|127.0372253821596331_37.6513288665233219
2026-09-04T23:16:36.811991+09:00,쌍문역,쌍문역,POI070,KEY_3,1090007201,도봉로,1090060400,창동 723-12,127.0374667021622201_37.6531309026853336,1090002001,정의여중고교입구교차로,127.0364434898500150_37.6514195793773183,210.0,15.0,서행,127.0364434898500150_37.6514195793773183|127.0365670542006740_37.6516255471527472|127.0366115427542724_37.6516990602945469|127.0370435422705526_37.6524128903159365|127.0371049079353014_37.6525142888462554|127.0374667021622201_37.6531309026853336
2026-09-04T23:16:36.811991+09:00,쌍문역,쌍문역,POI070,KEY_3,1090016100,도봉로106길,1090005903,창동 445-27,127.0334595348995492_37.6448135819881742,1090006002,창동 703-9,127.0326867677156883_37.6450958357447760,75.0,14.0,정체,127.0326867677156883_37.6450958357447760|127.0334595348995492_37.6448135819881742
2026-09-04T23:16:36.811991+09:00,쌍문역,쌍문역,POI070,KEY_3,1090016600,도봉로110다길,1090005904,창동 445-27,127.0335171994878181_37.6449114990430758,1090006803,창동 703-6,127.0342297978290986_37.6461753485027018,154.0,16.0,서행,127.0342297978290986_37.6461753485027018|127.0340689432467656_37.6459116372999603|127.0338676118185077_37.6455815638404729|127.0338380059821048_37.6455042068618368|127.0338114727567813_37.6454348781533952|127.0335171994878181_37.6449114990430758
2026-09-04T23:16:36.811991+09:00,쌍문역,쌍문역,POI070,KEY_3,1090018900,노해로,1090008000,정의여중입구,127.0372253821596331_37.6513288665233219,1090007800,창동 703-3,127.0359881747483968_37.6506723581663039,133.0,23.0,서행,127.0359881747483968_37.6506723581663039|127.0362290122563707_37.6508846218187543|127.0369217729405591_37.6512348335471998|127.0372253821596331_37.6513288665233219
2026-09-04T23:16:36.811991+09:00,쌍문역,쌍문역,POI070,KEY_3,1090044400,도봉로,1090000702,우이교앞교차로,127.0311828397790350_37.6430569437685492,1080017101,강북구-도봉구,127.0309288510039636_37.6428226257850653,34.0,17.0,서행,127.0309288510039636_37.6428226257850653|127.0311828397790350_37.6430569437685492
2026-09-04T23:16:36.811991+09:00,쌍문역,쌍문역,POI070,KEY_3,1090044500,도봉로,1080017102,강북구-도봉구,127.0308257491886792_37.6428931106192053,1090000703,우이교앞교차로,127.0310729519188158_37.6431211684896070,33.0,24.0,서행,127.0310729519188158_37.6431211684896070|127.0308257491886792_37.6428931106192053
2026-09-04T23:16:36.811991+09:00,양재역,양재역,POI041,KEY_4,1210013601,강남대로,1210486100,최소노드배치점,127.0378699418751438_37.4804219789779864,1210021103,서초구민회관,127.0362470306922518_37.4823297666331001,257.0,31.0,원활,127.0362470306922518_37.4823297666331001|127.0370531848571858_37.4815620178122231|127.0372178545636501_37.4814051903833061|127.0374052147573991_37.4811810304723849|127.0376834362452172_37.4807607700402627|127.0378699418751438_37.4804219789779864
2026-09-04T23:16:36.811991+09:00,양재역,양재역,POI041,KEY_4,1210013602,강남대로,1210021104,서초구민회관,127.0361598826672207_37.4824126347006299,1210022103,양재역(신분당선),127.0352394844712620_37.4832864839525328,127.0,31.0,원활,127.0352394844712620_37.4832864839525328|127.0359772211679399_37.4825860603316414|127.0361598826672207_37.4824126347006299
2026-09-04T23:16:36.811991+09:00,양재역,양재역,POI041,KEY_4,1210013603,강남대로,1210022104,양재역(신분당선),127.0351524056463148_37.4833697515923561,1210024103,양재역사거리,127.0340762774561654_37.4844728789609647,155.0,22.0,서행,127.0340762774561654_37.4844728789609647|127.0346472974863588_37.4838557653419784|127.0349836352215931_37.4835321429980013|127.0351524056463148_37.4833697515923561
2026-09-04T23:16:36.811991+09:00,양재역,양재역,POI041,KEY_4,1210015200,남부순환로,1210023405,서초구청앞사거리,127.0298160387686437_37.4839266444256793,1210001100,서초IC,127.0288287872834019_37.4837904329522402,89.0,19.0,서행,127.0288287872834019_37.4837904329522402|127.0298160387686437_37.4839266444256793
2026-09-04T23:16:36.811991+09:00,양재역,양재역,POI041,KEY_4,1210015300,남부순환로,1210023100,서초IC,127.0286616071774688_37.4838771371351172,1210023406,서초구청앞사거리,127.0297928843277333_37.4840332206194162,102.0,38.5,원활,127.0297928843277333_37.4840332206194162|127.0286616071774688_37.4838771371351172
2026-09-04T23:16:36.811991+09:00,양재역,양재역,POI041,KEY_4,1210015402,남부순환로,1210023702,양재지하차도(서측),127.0322646148869694_37.4843647429376858,1210024104,양재역사거리,127.0339305823189875_37.4846709888093628,152.0,24.0,서행,127.0339305823189875_37.4846709888093628|127.0325186277341913_37.4844580696051111|127.0322646148869694_37.4843647429376858
2026-09-04T23:16:36.811991+09:00,양재역,양재역,POI041,KEY_4,1210015403,남부순환로,1210023410,속성변화점,127.0312528830012866_37.4842291575750366,1210023702,양재지하차도(서측),127.0322646148869694_37.4843647429376858,91.0,38.0,원활,127.0322646148869694_37.4843647429376858|127.0313866868204684_37.4842470903056082|127.0312528830012866_37.4842291575750366
2026-09-04T23:16:36.811991+09:00,양재역,양재역,POI041,KEY_4,1210015404,남부순환로,1210175900,서초동 1376,127.0304688834092417_37.4841240757012955,1210023410,속성변화점,127.0312528830012866_37.4842291575750366,70.0,16.0,서행,127.0312528830012866_37.4842291575750366|127.0304688834092417_37.4841240757012955
2026-09-04T23:16:36.811991+09:00,양재역,양재역,POI041,KEY_4,1210015502,남부순환로,1210024103,양재역사거리,127.0340762774561654_37.4844728789609647,1210023701,양재지하차도(서측),127.0322884803785684_37.4842583138286400,161.0,7.0,정체,127.0322884803785684_37.4842583138286400|127.0325690840085429_37.4842455987838719|127.0340762774561654_37.4844728789609647
2026-09-04T23:16:36.811991+09:00,양재역,양재역,POI041,KEY_4,1210015503,남부순환로,1210023409,서초동1376,127.0312753868282414_37.4841225344668700,1210023404,서초구청앞사거리,127.0299491468833679_37.4839447711009797,119.0,24.0,서행,127.0299491468833679_37.4839447711009797|127.0304913883419289_37.4840174526615328|127.0312753868282414_37.4841225344668700
2026-09-04T23:16:36.811991+09:00,양재역,양재역,POI041,KEY_4,1210015504,남부순환로,1210023701,양재지하차도(서측),127.0322884803785684_37.4842583138286400,1210023408,서초동1376,127.0314091882127201_37.4841404676964132,79.0,47.0,원활,127.0314091882127201_37.4841404676964132|127.0322884803785684_37.4842583138286400
2026-09-04T23:16:36.811991+09:00,양재역,양재역,POI041,KEY_4,1210016403,서운로,1210119900,서초동 1381,127.0293607853437265_37.4859224457787263,1210026803,지앤이타임즈,127.0293184725809965_37.4861074409803052,21.0,14.0,정체,127.0293184725809965_37.4861074409803052|127.0293607853437265_37.4859224457787263
2026-09-04T23:16:36.811991+09:00,양재역,양재역,POI041,KEY_4,1210016404,서운로,1210198100,서초동 1381,127.0296592234120681_37.4846176232074200,1210023413,서초동1381,127.0295289779158594_37.4851870836886008,64.0,11.0,정체,127.0295289779158594_37.4851870836886008|127.0296592234120681_37.4846176232074200
2026-09-04T23:16:36.811991+09:00,양재역,양재역,POI041,KEY_4,1210016502,서운로,1210265100,서초동 1381,127.0291560231373182_37.4868282893948290,1210026801,지앤이타임즈,127.0294340080851043_37.4861874036643883,75.0,11.0,정체,127.0294340080851043_37.4861874036643883|127.0293261566869347_37.4864753109788253|127.0291560231373182_37.4868282893948290
2026-09-04T23:16:36.811991+09:00,양재역,양재역,POI041,KEY_4,1210016503,서운로,1210221500,서초동 1381,127.0298684823102491_37.4843056849218144,1210023403,서초구청앞사거리,127.0299266411793866_37.4840513940925320,29.0,22.0,서행,127.0299266411793866_37.4840513940925320|127.0298684823102491_37.4843056849218144
2026-09-04T23:16:36.811991+09:00,양재역,양재역,POI041,KEY_4,1210042500,남부순환로348길,1210395800,양재동 25,127.0354836118658142_37.4818234896589502,1210021402,속성변화점,127.0343612916231280_37.4828579968059117,172.0,7.0,정체,127.0343612916231280_37.4828579968059117|127.0345013035312434_37.4826248626667038|127.0345585919445313_37.4824806953361431|127.0346113146708973_37.4823659769818605|127.0346862677207156_37.4822783030647670|127.0349480920600911_37.4820550973857749|127.0352640588052822_37.4817372005637850|127.0353844389002091_37.4817577201900178|127.0354836118658142_37.4818234896589502
2026-09-04T23:16:36.811991+09:00,양재역,양재역,POI041,KEY_4,1210042600,남부순환로348길,1210021401,속성변화점,127.0345286599769850_37.4828297660686118,1210021104,서초구민회관,127.0361598826672207_37.4824126347006299,227.0,48.0,원활,127.0361598826672207_37.4824126347006299|127.0353968258938409_37.4819065974304024|127.0353233590157629_37.4818578756904373|127.0353180887605475_37.4818569771580883|127.0350509984066747_37.4821256996869039|127.0347925138185872_37.4823460574200951|127.0347329234404299_37.4824157616745595|127.0346870275424749_37.4825156249487463|127.0346277833618842_37.4826647151245993|127.0345286599769850_37.4828297660686118
2026-09-04T23:16:36.811991+09:00,양재역,양재역,POI041,KEY_4,1210043300,강남대로,1210022103,양재역(신분당선),127.0352394844712620_37.4832864839525328,1210021401,속성변화점,127.0345286599769850_37.4828297660686118,81.0,12.0,정체,127.0345286599769850_37.4828297660686118|127.0349836505278773_37.4831396959587693|127.0352394844712620_37.4832864839525328
2026-09-04T23:16:36.811991+09:00,양재역,양재역,POI041,KEY_4,1210043400,강남대로,1210021402,속성변화점,127.0343612916231280_37.4828579968059117,1210022104,양재역(신분당선),127.0351524056463148_37.4833697515923561,90.0,19.0,서행,127.0351524056463148_37.4833697515923561|127.0348997885669320_37.4832248093140876|127.0343612916231280_37.4828579968059117
2026-09-04T23:16:36.811991+09:00,양재역,양재역,POI041,KEY_4,1210045900,남부순환로,1210024706,양재지하차도(동측),127.0360586687670121_37.4847936982097849,1210023701,양재지하차도(서측),127.0322884803785684_37.4842583138286400,339.0,53.0,원활,127.0322884803785684_37.4842583138286400|127.0340728272282860_37.4845273783584219|127.0360586687670121_37.4847936982097849
2026-09-04T23:16:36.811991+09:00,양재역,양재역,POI041,KEY_4,1210046000,남부순환로,1210023702,양재지하차도(서측),127.0322646148869694_37.4843647429376858,1210024707,양재지하차도(동측),127.0360357594740179_37.4849002658108148,339.0,51.7,원활,127.0360357594740179_37.4849002658108148|127.0340489540976421_37.4846338186649177|127.0322646148869694_37.4843647429376858
2026-09-04T23:16:36.811991+09:00,양재역,양재역,POI041,KEY_4,1210048900,효령로72길,1210421700,서초동 1344-36,127.0275412444502194_37.4867808964481242,1210026804,지앤이타임즈,127.0292735633250203_37.4862377140809855,165.0,21.0,서행,127.0292735633250203_37.4862377140809855|127.0286110089064096_37.4864454672244634|127.0279410533482150_37.4866555361435800|127.0275412444502194_37.4867808964481242
2026-09-04T23:16:36.811991+09:00,양재역,양재역,POI041,KEY_4,1220010202,남부순환로,1210024101,양재역사거리,127.0340689766054396_37.4846913246563176,1210024707,양재지하차도(동측),127.0360357594740179_37.4849002658108148,176.0,25.0,원활,127.0360357594740179_37.4849002658108148|127.0357572961840731_37.4849177451772491|127.0340689766054396_37.4846913246563176
2026-09-04T23:16:36.811991+09:00,양재역,양재역,POI041,KEY_4,1220010205,남부순환로,1220289700,도곡동 959-64,127.0373549942873836_37.4850835385253944,1210025105,양재빌딩,127.0381419430490553_37.4851928571018931,71.0,60.0,원활,127.0381419430490553_37.4851928571018931|127.0378924560210123_37.4851582003438324|127.0373549942873836_37.4850835385253944
2026-09-04T23:16:36.811991+09:00,양재역,양재역,POI041,KEY_4,1220010206,남부순환로,1210024707,양재지하차도(동측),127.0360357594740179_37.4849002658108148,1210024705,강남피타워,127.0362666923472403_37.4849323486232535,21.0,56.0,원활,127.0362666923472403_37.4849323486232535|127.0360357594740179_37.4849002658108148
2026-09-04T23:16:36.811991+09:00,양재역,양재역,POI041,KEY_4,1220010302,남부순환로,1210024706,양재지하차도(동측),127.0360586687670121_37.4847936982097849,1210024102,양재역사거리,127.0342261265630555_37.4844931178199090,166.0,25.0,원활,127.0342261265630555_37.4844931178199090|127.0358023295931247_37.4847045015941021|127.0360586687670121_37.4847936982097849
2026-09-04T23:16:36.811991+09:00,양재역,양재역,POI041,KEY_4,1220010305,남부순환로,1210024703,속성변화점,127.0364286830664469_37.4848451024516365,1210024706,양재지하차도(동측),127.0360586687670121_37.4847936982097849,33.0,20.0,서행,127.0360586687670121_37.4847936982097849|127.0362899952789348_37.4848258348871610|127.0364286830664469_37.4848451024516365
2026-09-04T23:16:36.811991+09:00,양재역,양재역,POI041,KEY_4,1220010306,남부순환로,1220442500,도곡동 958-3,127.0368025764135211_37.4848970453510688,1210024703,속성변화점,127.0364286830664469_37.4848451024516365,34.0,20.0,서행,127.0364286830664469_37.4848451024516365|127.0368025764135211_37.4848970453510688
2026-09-04T23:16:36.811991+09:00,양재역,양재역,POI041,KEY_4,1220011902,강남대로,1220379300,도곡동 958-2,127.0336693863127380_37.4854787293575669,1210024101,양재역사거리,127.0340689766054396_37.4846913246563176,94.0,25.0,원활,127.0340689766054396_37.4846913246563176|127.0339650333567505_37.4848623610794220|127.0336693863127380_37.4854787293575669
2026-09-04T23:16:36.811991+09:00,역삼역,역삼역,POI042,KEY_1,1220022901,논현로,1220421300,역삼동 803-3,127.0380228090820651_37.4983127742013025,1220031703,역삼동 803-3,127.0375577638543518_37.4992997915635939,117.0,28.0,원활,127.0375577638543518_37.4992997915635939|127.0380228090820651_37.4983127742013025
2026-09-04T23:16:36.811991+09:00,역삼역,역삼역,POI042,KEY_1,1220022902,논현로,1220031704,역삼동 803-3,127.0375106660669928_37.4994012382100053,1220032703,역삼역앞교차로,127.0368909881553634_37.5007549406311398,160.0,32.0,원활,127.0368909881553634_37.5007549406311398|127.0375106660669928_37.4994012382100053
2026-09-04T23:16:36.811991+09:00,역삼역,역삼역,POI042,KEY_1,1220023002,논현로,1220032702,역삼역앞교차로,127.0370178297836929_37.5007934116919515,1220031701,역삼동 803-3,127.0376332097685577_37.4994490942840741,159.0,15.0,서행,127.0376332097685577_37.4994490942840741|127.0370178297836929_37.5007934116919515
2026-09-04T23:16:36.811991+09:00,역삼역,역삼역,POI042,KEY_1,1220024002,테헤란로,1220032001,한국타이어빌딩,127.0339816634749042_37.4999827779347470,1220032504,강남파이낸스센터,127.0355809598226955_37.5004709050617890,151.0,32.0,원활,127.0355809598226955_37.5004709050617890|127.0339816634749042_37.4999827779347470
2026-09-04T23:16:36.811991+09:00,역삼역,역삼역,POI042,KEY_1,1220024003,테헤란로,1220032501,강남파이낸스센터,127.0357139041821881_37.5005114802401565,1220032704,역삼역앞교차로,127.0368445237788109_37.5008565423281937,107.0,27.0,원활,127.0368445237788109_37.5008565423281937|127.0357139041821881_37.5005114802401565
2026-09-04T23:16:36.811991+09:00,역삼역,역삼역,POI042,KEY_1,1220024102,테헤란로,1220032503,강남파이낸스센터,127.0356493611653690_37.5003759986710961,1220032002,한국타이어빌딩,127.0340278079028593_37.4998810786723951,154.0,12.0,정체,127.0340278079028593_37.4998810786723951|127.0356493611653690_37.5003759986710961
2026-09-04T23:16:36.811991+09:00,역삼역,역삼역,POI042,KEY_1,1220024103,테헤란로,1220032703,역삼역앞교차로,127.0368909881553634_37.5007549406311398,1220032502,강남파이낸스센터,127.0357762567149393_37.5004147276981854,106.0,7.0,정체,127.0357762567149393_37.5004147276981854|127.0368909881553634_37.5007549406311398
2026-09-04T23:16:36.811991+09:00,역삼역,역삼역,POI042,KEY_1,1220025201,테헤란로,1220032701,역삼역앞교차로,127.0369713701904999_37.5008950080904739,1220033204,역삼동 804,127.0383036450100747_37.5012965051190150,126.0,20.0,서행,127.0383036450100747_37.5012965051190150|127.0369713701904999_37.5008950080904739
2026-09-04T23:16:36.811991+09:00,역삼역,역삼역,POI042,KEY_1,1220025202,테헤란로,1220033201,역삼동 804,127.0384303599731339_37.5013352470725749,1220033604,조선팰리스서울강남,127.0410901902141632_37.5021604542974885,252.0,29.0,원활,127.0410901902141632_37.5021604542974885|127.0384303599731339_37.5013352470725749
2026-09-04T23:16:36.811991+09:00,역삼역,역삼역,POI042,KEY_1,1220025203,테헤란로,1220033601,조선팰리스서울강남,127.0412168948508196_37.5021992128127692,1220034109,르네상스호텔사거리,127.0427049356462277_37.5026477779311733,141.0,33.0,원활,127.0427049356462277_37.5026477779311733|127.0412168948508196_37.5021992128127692
2026-09-04T23:16:36.811991+09:00,역삼역,역삼역,POI042,KEY_1,1220025301,테헤란로,1220033203,역삼동 804,127.0383619562775550_37.5011984810594541,1220032702,역삼역앞교차로,127.0370178297836929_37.5007934116919515,127.0,17.0,서행,127.0370178297836929_37.5007934116919515|127.0383619562775550_37.5011984810594541
2026-09-04T23:16:36.811991+09:00,역삼역,역삼역,POI042,KEY_1,1220025302,테헤란로,1220033603,조선팰리스서울강남,127.0411472370855819_37.5020621235551701,1220033202,역삼동 804,127.0384900125446848_37.5012377243034365,252.0,22.0,서행,127.0384900125446848_37.5012377243034365|127.0411472370855819_37.5020621235551701
2026-09-04T23:16:36.811991+09:00,역삼역,역삼역,POI042,KEY_1,1220025303,테헤란로,1220034108,르네상스호텔사거리,127.0427524460124999_37.5025464977713199,1220033602,조선팰리스서울강남,127.0412749899103062_37.5021011235286110,140.0,10.0,정체,127.0412749899103062_37.5021011235286110|127.0427524460124999_37.5025464977713199
2026-09-04T23:16:36.811991+09:00,역삼역,역삼역,POI042,KEY_1,1220026201,논현로,1220414300,역삼동 800-3,127.0365795823227160_37.5014364664377027,1220033703,역삼동 800-3,127.0362865170511100_37.5020779389071848,76.0,22.0,서행,127.0362865170511100_37.5020779389071848|127.0365795823227160_37.5014364664377027
2026-09-04T23:16:36.811991+09:00,역삼역,역삼역,POI042,KEY_1,1220026301,논현로,1220033702,역삼동 800-3,127.0364185314605834_37.5021050987604525,1220032701,역삼역앞교차로,127.0369713701904999_37.5008950080904739,143.0,16.0,서행,127.0369713701904999_37.5008950080904739|127.0367071085393178_37.5014734470237059|127.0364185314605834_37.5021050987604525
2026-09-04T23:16:36.811991+09:00,역삼역,역삼역,POI042,KEY_1,1220026302,논현로,1220035107,선&석갤러리미술관,127.0357793801420456_37.5034432024512014,1220033701,역삼동 800-3,127.0363710774077219_37.5022064868924119,147.0,16.0,서행,127.0363710774077219_37.5022064868924119|127.0359496264084811_37.5030873726170029|127.0357793801420456_37.5034432024512014
2026-09-04T23:16:36.811991+09:00,역삼역,역삼역,POI042,KEY_1,1220062900,논현로85길,1220318800,역삼동 803-8,127.0366610795921929_37.4990582363199891,1220031903,강남파이낸스센터,127.0359151742246411_37.4997297381888330,108.0,15.0,서행,127.0359151742246411_37.4997297381888330|127.0361109699647528_37.4992910933509691|127.0366162770087186_37.4990461668587614|127.0366610795921929_37.4990582363199891
2026-09-04T23:16:36.811991+09:00,역삼역,역삼역,POI042,KEY_1,1220063000,논현로85길,1220031902,강남파이낸스센터,127.0360430367235125_37.4997659664220748,1220031704,역삼동 803-3,127.0375106660669928_37.4994012382100053,172.0,14.0,정체,127.0375106660669928_37.4994012382100053|127.0366327519434861_37.4991647395749723|127.0362226810127737_37.4993635036514164|127.0360430367235125_37.4997659664220748
2026-09-04T23:16:36.811991+09:00,역삼역,역삼역,POI042,KEY_1,1220063100,논현로87길,1220377400,역삼동 736-60,127.0350245042144763_37.4994681153879341,1220032003,한국타이어빌딩,127.0339011803060885_37.4998421534899293,150.0,11.0,정체,127.0339011803060885_37.4998421534899293|127.0341720860163406_37.4992537810037732|127.0342451967198230_37.4992391968694818|127.0350245042144763_37.4994681153879341
2026-09-04T23:16:36.811991+09:00,역삼역,역삼역,POI042,KEY_1,1220063200,논현로87길,1220032002,한국타이어빌딩,127.0340278079028593_37.4998810786723951,1220031904,강남파이낸스센터,127.0358713909474631_37.4998321123386660,213.0,10.0,정체,127.0358713909474631_37.4998321123386660|127.0349775599276398_37.4995695607544732|127.0342673023357776_37.4993609254057532|127.0340278079028593_37.4998810786723951
2026-09-04T23:16:36.811991+09:00,역삼역,역삼역,POI042,KEY_1,1220063800,논현로86길,1220355200,역삼동 804-14,127.0385858837944539_37.4996365979730086,1220031702,역삼동 803-3,127.0376812090304384_37.4993454389484810,87.0,16.0,서행,127.0376812090304384_37.4993454389484810|127.0378037738192631_37.4994067530186683|127.0385858837944539_37.4996365979730086
2026-09-04T23:16:36.811991+09:00,역삼역,역삼역,POI042,KEY_1,1220063900,테헤란로26길,1220031904,강남파이낸스센터,127.0358713909474631_37.4998321123386660,1220032503,강남파이낸스센터,127.0356493611653690_37.5003759986710961,63.0,12.0,정체,127.0356493611653690_37.5003759986710961|127.0358713909474631_37.4998321123386660
2026-09-04T23:16:36.811991+09:00,역삼역,역삼역,POI042,KEY_1,1220064000,테헤란로26길,1220032502,강남파이낸스센터,127.0357762567149393_37.5004147276981854,1220031901,강남파이낸스센터,127.0360004440093178_37.4998655532656855,64.0,10.0,정체,127.0360004440093178_37.4998655532656855|127.0357762567149393_37.5004147276981854
2026-09-04T23:16:36.811991+09:00,역삼역,역삼역,POI042,KEY_1,1220064200,테헤란로19길,1220032602,현대해상강남사옥,127.0337088654406443_37.5005926415755724,1220032001,한국타이어빌딩,127.0339816634749042_37.4999827779347470,72.0,16.0,서행,127.0339816634749042_37.4999827779347470|127.0337088654406443_37.5005926415755724
2026-09-04T23:16:36.811991+09:00,역삼역,역삼역,POI042,KEY_1,1220064700,테헤란로25길,1220299000,역삼동 800-55,127.0354261517218362_37.5009351779329592,1220032501,강남파이낸스센터,127.0357139041821881_37.5005114802401565,54.0,17.0,서행,127.0357139041821881_37.5005114802401565|127.0355669976001991_37.5006583522082835|127.0354261517218362_37.5009351779329592
2026-09-04T23:16:36.811991+09:00,역삼역,역삼역,POI042,KEY_1,1220064800,강남대로94길,1220032903,AC호텔서울강남,127.0352188371493725_37.5010548317045789,1220032602,현대해상강남사옥,127.0337088654406443_37.5005926415755724,143.0,7.0,정체,127.0337088654406443_37.5005926415755724|127.0345432586491228_37.5008480456843643|127.0348576265480318_37.5009442703391116|127.0352188371493725_37.5010548317045789
2026-09-04T23:16:36.811991+09:00,역삼역,역삼역,POI042,KEY_1,1220065000,언주로85길,1220425600,역삼동 804-2,127.0413775483893204_37.5016708899374862,1220033603,조선팰리스서울강남,127.0411472370855819_37.5020621235551701,48.0,13.5,정체,127.0411472370855819_37.5020621235551701|127.0412903042234376_37.5018498555624049|127.0413775483893204_37.5016708899374862
2026-09-04T23:16:36.811991+09:00,역삼역,역삼역,POI042,KEY_1,1220065100,언주로85길,1220398400,역삼동 804-5,127.0416682032000608_37.5013733047190456,1220033404,역삼동 804-10,127.0432869693216986_37.5014089252733029,169.0,18.0,서행,127.0432869693216986_37.5014089252733029|127.0427807466158896_37.5012612056344494|127.0423901287035022_37.5011472184706918|127.0423861586326097_37.5011468064563331|127.0418446575615121_37.5010906081298501|127.0417976313598416_37.5011078006535357|127.0416682032000608_37.5013733047190456
2026-09-04T23:16:36.811991+09:00,역삼역,역삼역,POI042,KEY_1,1220066000,테헤란로25길,1220411000,역삼동 800-46,127.0357497043298878_37.5019516544713767,1220032901,AC호텔서울강남,127.0353011884444641_37.5011899349873303,103.0,15.5,서행,127.0353011884444641_37.5011899349873303|127.0352524015514604_37.5013089790965211|127.0354105872832235_37.5016420889215567|127.0355251871199442_37.5018834129373317|127.0357497043298878_37.5019516544713767
2026-09-04T23:16:36.811991+09:00,역삼역,역삼역,POI042,KEY_1,1220066100,테헤란로27길,1220033204,역삼동 804,127.0383036450100747_37.5012965051190150,1220034202,주원빌딩,127.0376735538589088_37.5025242529355367,147.0,8.0,정체,127.0376735538589088_37.5025242529355367|127.0377125497796129_37.5024717782014534|127.0378031339130587_37.5022916726038176|127.0379628362755966_37.5019741391064088|127.0381171969712426_37.5016672235797017|127.0383036450100747_37.5012965051190150
2026-09-04T23:16:36.811991+09:00,역삼역,역삼역,POI042,KEY_1,1220066200,테헤란로27길,1220355800,역삼동 801-43,127.0382431714843676_37.5017074385952114,1220033201,역삼동 804,127.0384303599731339_37.5013352470725749,45.0,18.0,서행,127.0384303599731339_37.5013352470725749|127.0382431714843676_37.5017074385952114
2026-09-04T23:16:36.811991+09:00,역삼역,역삼역,POI042,KEY_1,1220066500,논현로94길,1220446500,역삼동 679-1,127.0370346102444188_37.5023108598895689,1220033702,역삼동 800-3,127.0364185314605834_37.5021050987604525,59.0,16.0,서행,127.0364185314605834_37.5021050987604525|127.0370346102444188_37.5023108598895689
2026-09-04T23:16:36.811991+09:00,역삼역,역삼역,POI042,KEY_1,1220066600,논현로94길,1220293800,역삼동 801-43,127.0371427012136962_37.5024641970630412,1220034203,주원빌딩,127.0376210865578486_37.5026239667892369,46.0,10.0,정체,127.0376210865578486_37.5026239667892369|127.0371427012136962_37.5024641970630412
2026-09-04T23:16:36.811991+09:00,역삼역,역삼역,POI042,KEY_1,1220068100,테헤란로37길,1220264200,역삼동 801-35,127.0407611017780738_37.5031096751308723,1220033601,조선팰리스서울강남,127.0412168948508196_37.5021992128127692,109.0,17.0,서행,127.0412168948508196_37.5021992128127692|127.0409307988315248_37.5027697610468564|127.0407642310578069_37.5031019352162929|127.0407611017780738_37.5031096751308723
2026-09-04T23:16:36.811991+09:00,역삼역,역삼역,POI042,KEY_1,1220068200,테헤란로37길,1220264100,역삼동 677-32,127.0406319239594382_37.5030765261350822,1220035202,역삼동 801-35,127.0404774749732866_37.5034585349666685,45.0,14.0,정체,127.0404774749732866_37.5034585349666685|127.0406319239594382_37.5030765261350822
2026-09-04T23:16:36.811991+09:00,역삼역,역삼역,POI042,KEY_1,1220068300,언주로93길,1220321900,역삼동 801-33,127.0391274307591516_37.5030308203285614,1220034201,주원빌딩,127.0377844825094655_37.5025872091827566,129.0,13.0,정체,127.0377844825094655_37.5025872091827566|127.0378060516913052_37.5026080587615880|127.0384306021221903_37.5028078796534032|127.0387682486888679_37.5029159056779875|127.0391274307591516_37.5030308203285614
2026-09-04T23:16:36.811991+09:00,역삼역,역삼역,POI042,KEY_1,1220069700,언주로93길,1220274400,역삼동 801-35,127.0412737965731509_37.5038968162216406,1220035201,역삼동 676,127.0405990896133375_37.5035103913320995,74.0,3.0,정체,127.0405990896133375_37.5035103913320995|127.0406893594651905_37.5035754025077637|127.0408653580880838_37.5036752510038980|127.0412405043126967_37.5038880792316647|127.0412737965731509_37.5038968162216406
2026-09-04T23:16:36.811991+09:00,역삼역,역삼역,POI042,KEY_1,1220109300,논현로86길,1220031701,역삼동 803-3,127.0376332097685577_37.4994490942840741,1220033203,역삼동 804,127.0383619562775550_37.5011984810594541,269.0,18.5,서행,127.0383619562775550_37.5011984810594541|127.0384939225746734_37.5010126436947360|127.0385785669749765_37.5008379293449394|127.0387523426002332_37.5004792366435709|127.0389134461888858_37.5001466971603179|127.0385215492466671_37.4997329331422051|127.0377435658552514_37.4995043007809841|127.0376332097685577_37.4994490942840741
2026-09-04T23:16:36.811991+09:00,역삼역,역삼역,POI042,KEY_1,1220109400,테헤란로25길,1220032504,강남파이낸스센터,127.0355809598226955_37.5004709050617890,1220032903,AC호텔서울강남,127.0352188371493725_37.5010548317045789,73.0,13.0,정체,127.0352188371493725_37.5010548317045789|127.0353003824151870_37.5008945602992867|127.0354486142979624_37.5006032191951775|127.0355809598226955_37.5004709050617890
2026-09-04T23:16:36.811991+09:00,역삼역,역삼역,POI042,KEY_1,1220109500,테헤란로25길,1220441900,역삼동 800-46,127.0352836579838822_37.5016803480284437,1220033704,역삼동 800-3,127.0362369327934431_37.5021833042211554,111.0,22.0,서행,127.0362369327934431_37.5021833042211554|127.0361038904469950_37.5021750291069296|127.0357013303636364_37.5020526726668919|127.0354198369294210_37.5019671128703962|127.0352836579838822_37.5016803480284437
2026-09-04T23:16:36.811991+09:00,연신내역,연신내역,POI043,KEY_2,1110001503,연서로,1110105600,갈현동 530-2,126.9191210811147101_37.6170033593878657,1110019203,하나은행연신내지점,126.9193918028253876_37.6174113195444662,51.0,34.0,원활,126.9193918028253876_37.6174113195444662|126.9191210811147101_37.6170033593878657
2026-09-04T23:16:36.811991+09:00,연신내역,연신내역,POI043,KEY_2,1110001504,연서로,1110187200,갈현동 389-6,126.9196400799543625_37.6177839798001798,1110019400,연신내역,126.9200614701943834_37.6184160813275312,79.0,16.0,서행,126.9200614701943834_37.6184160813275312|126.9196400799543625_37.6177839798001798
2026-09-04T23:16:36.811991+09:00,연신내역,연신내역,POI043,KEY_2,1110001505,연서로,1110204300,갈현동 439-7,126.9206257333500787_37.6187209331177215,1110000904,연신내역앞교차로,126.9212784764965676_37.6189101493237814,61.0,21.0,서행,126.9212784764965676_37.6189101493237814|126.9206355668252399_37.6187241813834703|126.9206257333500787_37.6187209331177215
2026-09-04T23:16:36.811991+09:00,연신내역,연신내역,POI043,KEY_2,1110001604,연서로,1110211200,대조동 228-1,126.9202548518927500_37.6184314740807295,1110019201,하나은행연신내지점,126.9195769445319968_37.6174587466015211,124.0,12.0,정체,126.9195769445319968_37.6174587466015211|126.9197593257919294_37.6177338047535628|126.9201657311834452_37.6183467163848206|126.9202548518927500_37.6184314740807295
2026-09-04T23:16:36.811991+09:00,연신내역,연신내역,POI043,KEY_2,1110001701,통일로,1110000904,연신내역앞교차로,126.9212784764965676_37.6189101493237814,1110019800,연신내역,126.9207299541102003_37.6195647960508452,87.0,36.0,원활,126.9207299541102003_37.6195647960508452|126.9212784764965676_37.6189101493237814
2026-09-04T23:16:36.811991+09:00,연신내역,연신내역,POI043,KEY_2,1110001802,통일로,1110276900,불광동 484-82,126.9206343140460120_37.6198754773551016,1110000901,연신내역앞교차로,126.9214112017024263_37.6189466943516067,124.0,35.0,원활,126.9214112017024263_37.6189466943516067|126.9208432802010549_37.6196244949793908|126.9206343140460120_37.6198754773551016
2026-09-04T23:16:36.811991+09:00,연신내역,연신내역,POI043,KEY_2,1110013702,통일로,1110203100,불광동 308-3,126.9219105125210376_37.6181746742698593,1110000903,연신내역앞교차로,126.9213567205654414_37.6188177358830984,87.0,22.0,서행,126.9213567205654414_37.6188177358830984|126.9219105125210376_37.6181746742698593
2026-09-04T23:16:36.811991+09:00,연신내역,연신내역,POI043,KEY_2,1110014001,연서로,1110219300,불광동 309-4,126.9226386392597732_37.6193753898948984,1110000902,연신내역앞교차로,126.9214908022308350_37.6188533548093673,121.0,34.0,원활,126.9214908022308350_37.6188533548093673|126.9221600641645722_37.6190222750227292|126.9223610041808143_37.6191151559738088|126.9224330610361591_37.6191709731888508|126.9225061446400247_37.6192275856208340|126.9226386392597732_37.6193753898948984
2026-09-04T23:16:36.811991+09:00,연신내역,연신내역,POI043,KEY_2,1110035000,연서로26길,1110257200,대조동 185-12,126.9200627926501568_37.6171301646562029,1110019202,하나은행연신내지점,126.9195135135817480_37.6173631224620664,55.0,14.0,정체,126.9195135135817480_37.6173631224620664|126.9200627926501568_37.6171301646562029
2026-09-04T23:16:36.811991+09:00,연신내역,연신내역,POI043,KEY_2,1110035500,연서로27길,1110149700,갈현동 420-10,126.9187221737785336_37.6178103221391424,1110019204,하나은행연신내지점,126.9194554443667755_37.6175070154733575,73.0,13.0,정체,126.9194554443667755_37.6175070154733575|126.9193235955441992_37.6175557871926429|126.9187221737785336_37.6178103221391424
2026-09-04T23:16:36.811991+09:00,연신내역,연신내역,POI043,KEY_2,1110036500,통일로,1110128500,갈현동 420-35,126.9197022186026942_37.6197297502046695,1110019501,연신내역(GTX-A),126.9203079864686146_37.6188802936263968,108.0,10.0,정체,126.9203079864686146_37.6188802936263968|126.9202451318865030_37.6189485091594449|126.9198832339485818_37.6194639413064422|126.9197379057777937_37.6196709222245929|126.9197022186026942_37.6197297502046695
2026-09-04T23:16:36.811991+09:00,오목교역·목동운동장,오목교역·목동운동장,POI044,KEY_3,1140012500,안양천로,1140310800,최소노드배치점,126.8775163465214035_37.5198303050041133,1140004904,신정동 137-2,126.8782632688182161_37.5221322207168839,268.0,46.0,원활,126.8782632688182161_37.5221322207168839|126.8782981016445603_37.5218734009839139|126.8782983970848619_37.5216915105551223|126.8782899061957039_37.5215347769621914|126.8782687357557535_37.5214259401943480|126.8782126253799163_37.5212531304698587|126.8776046350151319_37.5200558238897699|126.8775163465214035_37.5198303050041133
2026-09-04T23:16:36.811991+09:00,오목교역·목동운동장,오목교역·목동운동장,POI044,KEY_3,1140012602,안양천로,1140004903,신정동 137-2,126.8783982430570489_37.5221437443696928,1140019200,신정동쌍용아파트,126.8774277767779068_37.5184368802104729,426.0,40.5,원활,126.8774277767779068_37.5184368802104729|126.8774952028564798_37.5191418307164994|126.8775390353828385_37.5194455320804607|126.8776179855951369_37.5197267258202132|126.8776459355257060_37.5197981187704457|126.8777325662202884_37.5200194000170413|126.8783418122356039_37.5212191777890709|126.8784018478279023_37.5214040739357841|126.8784252027244150_37.5215241376156143|126.8784341474975008_37.5216892491856768|126.8784338392301549_37.5218792486221702|126.8783982430570489_37.5221437443696928
2026-09-04T23:16:36.811991+09:00,오목교역·목동운동장,오목교역·목동운동장,POI044,KEY_3,1140014300,신목로,1140120200,신정동 867,126.8739873187226550_37.5218579763837994,1140022703,목동대림아파트,126.8745697226059406_37.5226063103844822,98.0,16.0,서행,126.8745697226059406_37.5226063103844822|126.8744307221974879_37.5224274581294210|126.8740376315152645_37.5219216616090065|126.8739873187226550_37.5218579763837994
2026-09-04T23:16:36.811991+09:00,오목교역·목동운동장,오목교역·목동운동장,POI044,KEY_3,1140015200,목동동로,1140005402,목동초등학교,126.8711441712250974_37.5230982757077953,1140004500,목동중교앞교차로,126.8706828920324767_37.5210163482448067,235.0,38.5,원활,126.8706828920324767_37.5210163482448067|126.8711441712250974_37.5230982757077953
2026-09-04T23:16:36.811991+09:00,오목교역·목동운동장,오목교역·목동운동장,POI044,KEY_3,1140015301,신목로16길,1140249500,신정동 118-1,126.8752005636399076_37.5225073241394256,1140022702,목동대림아파트,126.8747137790712998_37.5225862434658168,44.0,19.0,서행,126.8747137790712998_37.5225862434658168|126.8749527901100720_37.5225391961652974|126.8752005636399076_37.5225073241394256
2026-09-04T23:16:36.811991+09:00,오목교역·목동운동장,오목교역·목동운동장,POI044,KEY_3,1140015302,신목로16길,1140249400,신정동 1279-3,126.8777989258199455_37.5221812276191784,1140004907,신정동869-2,126.8772375700857680_37.5222426464536625,50.0,18.0,서행,126.8772375700857680_37.5222426464536625|126.8773244365227271_37.5222313034119352|126.8777989258199455_37.5221812276191784
2026-09-04T23:16:36.811991+09:00,오목교역·목동운동장,오목교역·목동운동장,POI044,KEY_3,1140015401,신목로16길,1140249300,목동 931-1,126.8778167573564701_37.5222884107940757,1140004905,신정동 137-2,126.8782466548456256_37.5222430390452502,38.0,15.5,서행,126.8782466548456256_37.5222430390452502|126.8778167573564701_37.5222884107940757
2026-09-04T23:16:36.811991+09:00,오목교역·목동운동장,오목교역·목동운동장,POI044,KEY_3,1140015402,신목로16길,1140158900,목동 404-77,126.8759834422349684_37.5225159696095574,1140004909,신정동869-2,126.8771236229552954_37.5223670896548782,102.0,14.0,정체,126.8771236229552954_37.5223670896548782|126.8766435652983375_37.5224297749589510|126.8759834422349684_37.5225159696095574
2026-09-04T23:16:36.811991+09:00,오목교역·목동운동장,오목교역·목동운동장,POI044,KEY_3,1140015700,목동서로,1140004800,신정동 314-7,126.8687327841983716_37.5212909443460276,1140005502,신정동 314-7,126.8692623646753077_37.5234649054807363,246.0,38.0,원활,126.8692623646753077_37.5234649054807363|126.8691738622376448_37.5232295496424726|126.8687327841983716_37.5212909443460276
2026-09-04T23:16:36.811991+09:00,오목교역·목동운동장,오목교역·목동운동장,POI044,KEY_3,1140016300,목동동로12길,1140147700,신정동 866,126.8729486753771027_37.5228267186683766,1140005402,목동초등학교,126.8711441712250974_37.5230982757077953,162.0,10.0,정체,126.8711441712250974_37.5230982757077953|126.8720108283598051_37.5229578902758263|126.8723453037555942_37.5229111099127408|126.8729486753771027_37.5228267186683766
2026-09-04T23:16:36.811991+09:00,오목교역·목동운동장,오목교역·목동운동장,POI044,KEY_3,1140016400,목동동로12길,1140139800,목동 405-496,126.8740954722556609_37.5227760865136304,1140022704,목동대림아파트,126.8746480515111728_37.5227066354428302,49.0,12.0,정체,126.8746480515111728_37.5227066354428302|126.8743513142501200_37.5227402993975758|126.8740954722556609_37.5227760865136304
2026-09-04T23:16:36.811991+09:00,오목교역·목동운동장,오목교역·목동운동장,POI044,KEY_3,1140016500,안양천로,1140004905,신정동 137-2,126.8782466548456256_37.5222430390452502,1140005804,오목교앞,126.8779508992600427_37.5241008203129311,208.0,54.5,원활,126.8779508992600427_37.5241008203129311|126.8782466548456256_37.5222430390452502
2026-09-04T23:16:36.811991+09:00,오목교역·목동운동장,오목교역·목동운동장,POI044,KEY_3,1140016600,안양천로,1140005803,오목교앞,126.8780911957869648_37.5240790938181874,1140004902,신정동 137-2,126.8783813240257246_37.5222566391420145,204.0,47.0,원활,126.8783813240257246_37.5222566391420145|126.8780911957869648_37.5240790938181874
2026-09-04T23:16:36.811991+09:00,오목교역·목동운동장,오목교역·목동운동장,POI044,KEY_3,1140021700,목동서로,1140006500,목동 916-1,126.8738928014029597_37.5261701039375168,1140006900,목운초등학교,126.8741154633229371_37.5271522276647929,111.0,32.0,원활,126.8741154633229371_37.5271522276647929|126.8738928014029597_37.5261701039375168
2026-09-04T23:16:36.811991+09:00,오목교역·목동운동장,오목교역·목동운동장,POI044,KEY_3,1140017300,신목로,1140022704,목동대림아파트,126.8746480515111728_37.5227066354428302,1140005903,오목교역앞교차로,126.8759863183296375_37.5244024257695941,222.0,24.0,서행,126.8759863183296375_37.5244024257695941|126.8758374449947581_37.5242137848674417|126.8752987382339228_37.5235311673306313|126.8746480515111728_37.5227066354428302
2026-09-04T23:16:36.811991+09:00,오목교역·목동운동장,오목교역·목동운동장,POI044,KEY_3,1140017400,신목로,1140309400,목동 451,126.8754136698647699_37.5234736306829149,1140022701,목동대림아파트,126.8747895063311830_37.5226827108236449,104.0,9.5,정체,126.8747895063311830_37.5226827108236449|126.8754136698647699_37.5234736306829149
2026-09-04T23:16:36.811991+09:00,오목교역·목동운동장,오목교역·목동운동장,POI044,KEY_3,1140017500,오목로52길,1140005502,신정동 314-7,126.8692623646753077_37.5234649054807363,1140005602,진도아파트,126.8686193171741792_37.5239050293816163,76.0,7.0,정체,126.8686193171741792_37.5239050293816163|126.8691057851297330_37.5236438756357344|126.8691500961154901_37.5235986286673651|126.8692623646753077_37.5234649054807363
2026-09-04T23:16:36.811991+09:00,오목교역·목동운동장,오목교역·목동운동장,POI044,KEY_3,1140017600,오목로52길,1140005601,진도아파트,126.8687459414196042_37.5239674403543688,1140005501,신정동 314-7,126.8693054271715681_37.5236081240057757,64.0,18.7,서행,126.8693054271715681_37.5236081240057757|126.8692601852498569_37.5236620117285966|126.8691995517558411_37.5237239254150978|126.8687459414196042_37.5239674403543688
2026-09-04T23:16:36.811991+09:00,오목교역·목동운동장,오목교역·목동운동장,POI044,KEY_3,1140017800,목동동로,1140024202,목동 405-403,126.8715637411060015_37.5249515816088035,1140005401,목동초등학교,126.8711677708672312_37.5232047866843175,197.0,20.0,서행,126.8711677708672312_37.5232047866843175|126.8712225487244751_37.5234520114673984|126.8715637411060015_37.5249515816088035
2026-09-04T23:16:36.811991+09:00,오목교역·목동운동장,오목교역·목동운동장,POI044,KEY_3,1140017901,오목로,1140005808,오목교역교차로,126.8770947270476057_37.5242334046017945,1140005902,오목교역앞교차로,126.8761310369372666_37.5243826302763139,87.0,37.5,원활,126.8761310369372666_37.5243826302763139|126.8770947270476057_37.5242334046017945
2026-09-04T23:16:36.811991+09:00,오목교역·목동운동장,오목교역·목동운동장,POI044,KEY_3,1140017902,오목로,1140005804,오목교앞,126.8779508992600427_37.5241008203129311,1140005807,오목교역교차로,126.8772308694981206_37.5242123224589861,65.0,40.5,원활,126.8772308694981206_37.5242123224589861|126.8779508992600427_37.5241008203129311
2026-09-04T23:16:36.811991+09:00,오목교역·목동운동장,오목교역·목동운동장,POI044,KEY_3,1140018001,오목로,1140005809,속성변화점,126.8771206355412460_37.5243395372797224,1140005805,오목교앞,126.8779334977156736_37.5242136606699717,73.0,14.0,정체,126.8779334977156736_37.5242136606699717|126.8772567781790173_37.5243184551863749|126.8771206355412460_37.5243395372797224
2026-09-04T23:16:36.811991+09:00,오목교역·목동운동장,오목교역·목동운동장,POI044,KEY_3,1140018002,오목로,1140005901,오목교역앞교차로,126.8762075502601192_37.5244809269495647,1140005809,속성변화점,126.8771206355412460_37.5243395372797224,82.0,10.5,정체,126.8771206355412460_37.5243395372797224|126.8762075502601192_37.5244809269495647
2026-09-04T23:16:36.811991+09:00,오목교역·목동운동장,오목교역·목동운동장,POI044,KEY_3,1140018300,목동서로,1140005501,신정동 314-7,126.8693054271715681_37.5236081240057757,1140024402,이마트(목동점),126.8696881012263020_37.5252426482316679,185.0,25.0,원활,126.8696881012263020_37.5252426482316679|126.8693054271715681_37.5236081240057757
2026-09-04T23:16:36.811991+09:00,오목교역·목동운동장,오목교역·목동운동장,POI044,KEY_3,1140018501,오목로,1140023702,목동지하차도(북측),126.8740841329588278_37.5246472899287866,1140024202,목동 405-403,126.8715637411060015_37.5249515816088035,226.0,36.7,원활,126.8715637411060015_37.5249515816088035|126.8738049182802854_37.5246321684823272|126.8740841329588278_37.5246472899287866
2026-09-04T23:16:36.811991+09:00,오목교역·목동운동장,오목교역·목동운동장,POI044,KEY_3,1140018502,오목로,1140307300,목동 406-30,126.8750381222751429_37.5245244890044916,1140023702,목동지하차도(북측),126.8740841329588278_37.5246472899287866,85.0,11.0,정체,126.8740841329588278_37.5246472899287866|126.8750381222751429_37.5245244890044916
2026-09-04T23:16:36.811991+09:00,오목교역·목동운동장,오목교역·목동운동장,POI044,KEY_3,1140018601,오목로,1140024201,목동 406-411,126.8716125319034518_37.5251643021964796,1140023701,목동지하차도(북측),126.8741069190683675_37.5247538721865865,226.0,22.0,서행,126.8741069190683675_37.5247538721865865|126.8738527462003276_37.5248450262842681|126.8716125319034518_37.5251643021964796
2026-09-04T23:16:36.811991+09:00,오목교역·목동운동장,오목교역·목동운동장,POI044,KEY_3,1140018602,오목로,1140307200,목동 406-189,126.8750597810405623_37.5246312199444461,1140005904,오목교역앞교차로,126.8760643398085648_37.5245019045336150,90.0,38.0,원활,126.8760643398085648_37.5245019045336150|126.8750597810405623_37.5246312199444461
2026-09-04T23:16:36.811991+09:00,오목교역·목동운동장,오목교역·목동운동장,POI044,KEY_3,1140018900,안양천로,1140005805,오목교앞,126.8779334977156736_37.5242136606699717,1140024903,유수지삼거리,126.8778106790796869_37.5254482179826141,138.0,56.0,원활,126.8778106790796869_37.5254482179826141|126.8778076033235180_37.5253311284629376|126.8778033704581389_37.5251353102778893|126.8778219971371328_37.5249492573674033|126.8779334977156736_37.5242136606699717
2026-09-04T23:16:36.811991+09:00,오목교역·목동운동장,오목교역·목동운동장,POI044,KEY_3,1140022002,목동동로,1140007100,목동주차장교차로,126.8761975431109761_37.5275646112610417,1140006401,현대백화점,126.8758221113743332_37.5259063887954838,187.0,25.0,원활,126.8758221113743332_37.5259063887954838|126.8761975431109761_37.5275646112610417
2026-09-04T23:16:36.811991+09:00,오목교역·목동운동장,오목교역·목동운동장,POI044,KEY_3,1140019000,안양천로,1140024902,유수지삼거리,126.8779464032071473_37.5254459558066031,1140005802,오목교앞,126.8780735218519879_37.5241919764275096,140.0,40.0,원활,126.8780735218519879_37.5241919764275096|126.8779571009713720_37.5249600378836519|126.8779392163644246_37.5251386844469152|126.8779433317381944_37.5253290667624455|126.8779464032071473_37.5254459558066031
2026-09-04T23:16:36.811991+09:00,오목교역·목동운동장,오목교역·목동운동장,POI044,KEY_3,1140019100,오목로,1140024202,목동 405-403,126.8715637411060015_37.5249515816088035,1140024402,이마트(목동점),126.8696881012263020_37.5252426482316679,169.0,9.0,정체,126.8696881012263020_37.5252426482316679|126.8715637411060015_37.5249515816088035
2026-09-04T23:16:36.811991+09:00,오목교역·목동운동장,오목교역·목동운동장,POI044,KEY_3,1140019200,오목로,1140024401,이마트(목동점),126.8697371909397162_37.5254553384607306,1140024201,목동 406-411,126.8716125319034518_37.5251643021964796,169.0,13.0,정체,126.8716125319034518_37.5251643021964796|126.8697371909397162_37.5254553384607306
2026-09-04T23:16:36.811991+09:00,오목교역·목동운동장,오목교역·목동운동장,POI044,KEY_3,1140019500,신목로,1140025202,목동 916-1,126.8770619466196905_37.5255858031045690,1140005901,오목교역앞교차로,126.8762075502601192_37.5244809269495647,144.0,31.0,원활,126.8762075502601192_37.5244809269495647|126.8768165978919740_37.5252685305008669|126.8770619466196905_37.5255858031045690
2026-09-04T23:16:36.811991+09:00,오목교역·목동운동장,오목교역·목동운동장,POI044,KEY_3,1140019600,신목로,1140234700,목동 451,126.8767010085339706_37.5253252300247340,1140025203,목동 916-1,126.8769214036638147_37.5256102349532839,37.0,10.0,정체,126.8769214036638147_37.5256102349532839|126.8767010085339706_37.5253252300247340
2026-09-04T23:16:36.811991+09:00,오목교역·목동운동장,오목교역·목동운동장,POI044,KEY_3,1140019700,오목로,1140024402,이마트(목동점),126.8696881012263020_37.5252426482316679,1140041901,목동 927-7,126.8679905384463638_37.5255090319049103,153.0,11.0,정체,126.8679905384463638_37.5255090319049103|126.8696881012263020_37.5252426482316679
2026-09-04T23:16:36.811991+09:00,오목교역·목동운동장,오목교역·목동운동장,POI044,KEY_3,1140019800,오목로,1140025001,목동지하차도(남측),126.8671078971091220_37.5258140928448327,1140024401,이마트(목동점),126.8697371909397162_37.5254553384607306,236.0,29.0,원활,126.8697371909397162_37.5254553384607306|126.8680718606105700_37.5257167240043117|126.8673889689767265_37.5258247482301499|126.8671078971091220_37.5258140928448327
2026-09-04T23:16:36.811991+09:00,오목교역·목동운동장,오목교역·목동운동장,POI044,KEY_3,1140019901,목동동로,1140025203,목동 916-1,126.8769214036638147_37.5256102349532839,1140006402,현대백화점,126.8757939559254027_37.5258006203416130,102.0,15.0,서행,126.8757939559254027_37.5258006203416130|126.8769214036638147_37.5256102349532839
2026-09-04T23:16:36.811991+09:00,오목교역·목동운동장,오목교역·목동운동장,POI044,KEY_3,1140019902,목동동로,1140024903,유수지삼거리,126.8778106790796869_37.5254482179826141,1140025202,목동 916-1,126.8770619466196905_37.5255858031045690,68.0,13.0,정체,126.8770619466196905_37.5255858031045690|126.8778106790796869_37.5254482179826141
2026-09-04T23:16:36.811991+09:00,오목교역·목동운동장,오목교역·목동운동장,POI044,KEY_3,1140020002,목동동로,1140006401,현대백화점,126.8758221113743332_37.5259063887954838,1140025204,목동 916-1,126.8769495613334470_37.5257160032038541,102.0,19.0,서행,126.8769495613334470_37.5257160032038541|126.8758221113743332_37.5259063887954838
2026-09-04T23:16:36.811991+09:00,오목교역·목동운동장,오목교역·목동운동장,POI044,KEY_3,1140020003,목동동로,1140025201,목동 916-1,126.8770924657217307_37.5256911556177215,1140024904,유수지삼거리,126.8778308169557647_37.5255554783344678,67.0,15.0,서행,126.8778308169557647_37.5255554783344678|126.8770924657217307_37.5256911556177215
2026-09-04T23:16:36.811991+09:00,오목교역·목동운동장,오목교역·목동운동장,POI044,KEY_3,1140020200,목동동로,1140027200,방송회관앞교차로,126.8719171529918981_37.5264818390629102,1140024201,목동 406-411,126.8716125319034518_37.5251643021964796,149.0,14.0,정체,126.8716125319034518_37.5251643021964796|126.8719171529918981_37.5264818390629102
2026-09-04T23:16:36.811991+09:00,오목교역·목동운동장,오목교역·목동운동장,POI044,KEY_3,1140020502,목동동로,1140006402,현대백화점,126.8757939559254027_37.5258006203416130,1140006500,목동 916-1,126.8738928014029597_37.5261701039375168,173.0,16.0,서행,126.8738928014029597_37.5261701039375168|126.8757939559254027_37.5258006203416130
2026-09-04T23:16:36.811991+09:00,오목교역·목동운동장,오목교역·목동운동장,POI044,KEY_3,1140020900,목동서로,1140024401,이마트(목동점),126.8697371909397162_37.5254553384607306,1140006800,목동7단지교차로,126.8700370466621052_37.5267734422290928,149.0,23.0,서행,126.8700370466621052_37.5267734422290928|126.8697371909397162_37.5254553384607306
2026-09-04T23:16:36.811991+09:00,오목교역·목동운동장,오목교역·목동운동장,POI044,KEY_3,1140021300,목동동로,1140006500,목동 916-1,126.8738928014029597_37.5261701039375168,1140027200,방송회관앞교차로,126.8719171529918981_37.5264818390629102,178.0,27.0,원활,126.8719171529918981_37.5264818390629102|126.8738928014029597_37.5261701039375168
2026-09-04T23:16:36.811991+09:00,오목교역·목동운동장,오목교역·목동운동장,POI044,KEY_3,1140021600,목동서로,1140027200,방송회관앞교차로,126.8719171529918981_37.5264818390629102,1140006800,목동7단지교차로,126.8700370466621052_37.5267734422290928,169.0,10.0,정체,126.8700370466621052_37.5267734422290928|126.8719171529918981_37.5264818390629102
2026-09-04T23:16:36.811991+09:00,오목교역·목동운동장,오목교역·목동운동장,POI044,KEY_3,1140022400,목동동로,1140007000,목운중학교,126.8721405737730663_37.5274481402760784,1140027200,방송회관앞교차로,126.8719171529918981_37.5264818390629102,109.0,14.0,정체,126.8719171529918981_37.5264818390629102|126.8721405737730663_37.5274481402760784
2026-09-04T23:16:36.811991+09:00,오목교역·목동운동장,오목교역·목동운동장,POI044,KEY_3,1140022700,안양천로,1140024904,유수지삼거리,126.8778308169557647_37.5255554783344678,1140029804,목동 914-3,126.8802517919727677_37.5287987014459361,421.0,46.5,원활,126.8802517919727677_37.5287987014459361|126.8801811820151499_37.5287329253868762|126.8800611888309646_37.5285781124886810|126.8796216304804858_37.5279546967675728|126.8793985338476347_37.5276446174976570|126.8790646266032951_37.5272250301873171|126.8784238801622450_37.5265380128296968|126.8781472901061704_37.5261975915847756|126.8779873955565591_37.5259420727405697|126.8778954134242127_37.5257508590129163|126.8778308169557647_37.5255554783344678
2026-09-04T23:16:36.811991+09:00,오목교역·목동운동장,오목교역·목동운동장,POI044,KEY_3,1140022800,안양천로,1140029803,목동 914-3,126.8803549801513242_37.5287284420117473,1140024901,유수지삼거리,126.8779620959467849_37.5255279467383502,415.0,38.5,원활,126.8779620959467849_37.5255279467383502|126.8780248173832916_37.5257176556673286|126.8781118197576490_37.5258985161525374|126.8782653980794493_37.5261439407063264|126.8785354739030140_37.5264763432727975|126.8791766036924997_37.5271637712813586|126.8795148196710159_37.5275887722878068|126.8797397136665239_37.5279013489451643|126.8801781868167637_37.5285232242217575|126.8802911905114854_37.5286690199059407|126.8803549801513242_37.5287284420117473
2026-09-04T23:16:36.811991+09:00,오목교역·목동운동장,오목교역·목동운동장,POI044,KEY_3,1140023000,목동서로,1140007000,목운중학교,126.8721405737730663_37.5274481402760784,1140006900,목운초등학교,126.8741154633229371_37.5271522276647929,178.0,20.0,서행,126.8741154633229371_37.5271522276647929|126.8721405737730663_37.5274481402760784
2026-09-04T23:16:36.811991+09:00,오목교역·목동운동장,오목교역·목동운동장,POI044,KEY_3,1140023100,목동서로,1140006900,목운초등학교,126.8741154633229371_37.5271522276647929,1140007200,목동 920-2,126.8742742959669556_37.5278527965658384,79.0,28.5,원활,126.8742742959669556_37.5278527965658384|126.8741154633229371_37.5271522276647929
2026-09-04T23:16:36.811991+09:00,오목교역·목동운동장,오목교역·목동운동장,POI044,KEY_3,1140023500,목동서로,1140006800,목동7단지교차로,126.8700370466621052_37.5267734422290928,1140007600,목동 925-5,126.8703817932222933_37.5284034261129520,183.0,27.3,원활,126.8703817932222933_37.5284034261129520|126.8700370466621052_37.5267734422290928
2026-09-04T23:16:36.811991+09:00,오목교역·목동운동장,오목교역·목동운동장,POI044,KEY_3,1140023800,목동동로,1140007200,목동 920-2,126.8742742959669556_37.5278527965658384,1140007100,목동주차장교차로,126.8761975431109761_37.5275646112610417,173.0,6.0,정체,126.8761975431109761_37.5275646112610417|126.8742742959669556_37.5278527965658384
2026-09-04T23:16:36.811991+09:00,오목교역·목동운동장,오목교역·목동운동장,POI044,KEY_3,1140024000,목동동로,1140007400,목동 924-2,126.8722963649476441_37.5281219280359437,1140007000,목운중학교,126.8721405737730663_37.5274481402760784,76.0,14.0,정체,126.8721405737730663_37.5274481402760784|126.8722963649476441_37.5281219280359437
2026-09-04T23:16:36.811991+09:00,오목교역·목동운동장,오목교역·목동운동장,POI044,KEY_3,1140024500,목동서로,1140007200,목동 920-2,126.8742742959669556_37.5278527965658384,1140007700,CBS기독교방송,126.8744364998262313_37.5285619580008785,80.0,33.0,원활,126.8744364998262313_37.5285619580008785|126.8742742959669556_37.5278527965658384
2026-09-04T23:16:36.811991+09:00,오목교역·목동운동장,오목교역·목동운동장,POI044,KEY_3,1140024700,목동서로,1140007400,목동 924-2,126.8722963649476441_37.5281219280359437,1140007600,목동 925-5,126.8703817932222933_37.5284034261129520,172.0,10.0,정체,126.8703817932222933_37.5284034261129520|126.8722963649476441_37.5281219280359437
2026-09-04T23:16:36.811991+09:00,오목교역·목동운동장,오목교역·목동운동장,POI044,KEY_3,1140025200,목동동로,1140008502,한국통신목동지점,126.8767586051522613_37.5300075904237431,1140007100,목동주차장교차로,126.8761975431109761_37.5275646112610417,276.0,31.0,원활,126.8761975431109761_37.5275646112610417|126.8762869637620554_37.5279574217115623|126.8767586051522613_37.5300075904237431
2026-09-04T23:16:36.811991+09:00,오목교역·목동운동장,오목교역·목동운동장,POI044,KEY_3,1140025400,목동동로,1140007900,오목공원,126.8724636489445885_37.5288454055255940,1140007400,목동 924-2,126.8722963649476441_37.5281219280359437,82.0,14.0,정체,126.8722963649476441_37.5281219280359437|126.8724636489445885_37.5288454055255940
2026-09-04T23:16:36.811991+09:00,오목교역·목동운동장,오목교역·목동운동장,POI044,KEY_3,1140025500,목동동로,1140007700,CBS기독교방송,126.8744364998262313_37.5285619580008785,1140007900,오목공원,126.8724636489445885_37.5288454055255940,177.0,36.0,원활,126.8724636489445885_37.5288454055255940|126.8744364998262313_37.5285619580008785
2026-09-04T23:16:36.811991+09:00,오목교역·목동운동장,오목교역·목동운동장,POI044,KEY_3,1140025900,목동서로,1140007700,CBS기독교방송,126.8744364998262313_37.5285619580008785,1140008100,SBS방송센터교차로,126.8746593923549000_37.5295512957762867,112.0,8.0,정체,126.8746593923549000_37.5295512957762867|126.8744364998262313_37.5285619580008785
2026-09-04T23:16:36.811991+09:00,오목교역·목동운동장,오목교역·목동운동장,POI044,KEY_3,1140026600,목동동로,1140008400,양천소방서교차로,126.8726973678810168_37.5298561817287393,1140007900,오목공원,126.8724636489445885_37.5288454055255940,114.0,14.0,정체,126.8724636489445885_37.5288454055255940|126.8726973678810168_37.5298561817287393
2026-09-04T23:16:36.811991+09:00,오목교역·목동운동장,오목교역·목동운동장,POI044,KEY_3,1140026701,안양천로,1140265400,목동 914-3,126.8840395555670852_37.5296213132311394,1140031500,목동교,126.8845796056343147_37.5298541112350392,54.0,29.3,원활,126.8845796056343147_37.5298541112350392|126.8840395555670852_37.5296213132311394
2026-09-04T23:16:36.811991+09:00,오목교역·목동운동장,오목교역·목동운동장,POI044,KEY_3,1140026702,안양천로,1140031500,목동교,126.8845796056343147_37.5298541112350392,1140031800,목동교,126.8858661791991977_37.5304734230982291,133.0,48.0,원활,126.8858661791991977_37.5304734230982291|126.8857544420663856_37.5303903022336129|126.8855057939607320_37.5302579395494291|126.8845796056343147_37.5298541112350392
2026-09-04T23:16:36.811991+09:00,오목교역·목동운동장,오목교역·목동운동장,POI044,KEY_3,1140026801,안양천로,1140030900,목동교,126.8846448018285855_37.5297592742909174,1140029802,목동 914-3,126.8804368172790049_37.5287942883076511,400.0,51.0,원활,126.8804368172790049_37.5287942883076511|126.8806014916928433_37.5289093373200373|126.8807733399068383_37.5290088273910669|126.8810295841952183_37.5291059929811439|126.8812528945229445_37.5291712294635289|126.8815169140189880_37.5291986300845579|126.8818124685144966_37.5291816206965265|126.8822595377858704_37.5291245356198928|126.8825743120673906_37.5291248490139893|126.8829236106694509_37.5291581436100969|126.8833913339066584_37.5292499327297406|126.8837941457795893_37.5293925807294357|126.8841041799816054_37.5295262287585629|126.8846448018285855_37.5297592742909174
2026-09-04T23:16:36.811991+09:00,오목교역·목동운동장,오목교역·목동운동장,POI044,KEY_3,1140027000,목동서로,1140008400,양천소방서교차로,126.8726973678810168_37.5298561817287393,1140008100,SBS방송센터교차로,126.8746593923549000_37.5295512957762867,177.0,25.0,원활,126.8746593923549000_37.5295512957762867|126.8726973678810168_37.5298561817287393
2026-09-04T23:16:36.811991+09:00,오목교역·목동운동장,오목교역·목동운동장,POI044,KEY_3,1140027500,목동서로,1140008100,SBS방송센터교차로,126.8746593923549000_37.5295512957762867,1140008700,청소년수련관앞,126.8748398802341057_37.5303465971350931,90.0,33.0,원활,126.8748398802341057_37.5303465971350931|126.8746593923549000_37.5295512957762867
2026-09-04T23:16:36.811991+09:00,오목교역·목동운동장,오목교역·목동운동장,POI044,KEY_3,1140027900,목동서로,1140008501,한국통신목동지점,126.8767830729488395_37.5301139460043203,1140008700,청소년수련관앞,126.8748398802341057_37.5303465971350931,174.0,15.0,서행,126.8748398802341057_37.5303465971350931|126.8767830729488395_37.5301139460043203
2026-09-04T23:16:36.811991+09:00,오목교역·목동운동장,오목교역·목동운동장,POI044,KEY_3,1140028600,목동동로,1140009000,양천우체국,126.8770546258868848_37.5312943013899840,1140008501,한국통신목동지점,126.8767830729488395_37.5301139460043203,133.0,34.0,원활,126.8767830729488395_37.5301139460043203|126.8770546258868848_37.5312943013899840
2026-09-04T23:16:36.811991+09:00,오목교역·목동운동장,오목교역·목동운동장,POI044,KEY_3,1140028700,목동서로,1140008700,청소년수련관앞,126.8748398802341057_37.5303465971350931,1140008900,청소년수련관앞교차로,126.8749851771577255_37.5309868184484969,72.0,27.0,원활,126.8749851771577255_37.5309868184484969|126.8748398802341057_37.5303465971350931
2026-09-04T23:16:36.811991+09:00,오목교역·목동운동장,오목교역·목동운동장,POI044,KEY_3,1140029100,국회대로,1140312900,최소노드배치점,126.8723983124313719_37.5309016221429346,1140009201,신월여의지하도로(동측),126.8808443431802715_37.5319377152892457,755.0,30.5,원활,126.8808443431802715_37.5319377152892457|126.8804389867348306_37.5319127100883563|126.8799537888849756_37.5318681967887500|126.8794101563803736_37.5317995858458602|126.8784003800115556_37.5316720337239644|126.8757268552482742_37.5313240538540356|126.8748182748966826_37.5312089563962559|126.8730797268309800_37.5309851275213049|126.8723983124313719_37.5309016221429346
2026-09-04T23:16:36.811991+09:00,오목교역·목동운동장,오목교역·목동운동장,POI044,KEY_3,1140029200,국회대로,1140312800,최소노드배치점,126.8724189685671035_37.5307947208274726,1140031001,홍익병원앞교차로,126.8639907063568870_37.5297465213528838,754.0,44.0,원활,126.8639907063568870_37.5297465213528838|126.8650874531422659_37.5298815229964546|126.8659514513962705_37.5299875464180914|126.8669909996045817_37.5301213175723021|126.8698625278036474_37.5304794687018415|126.8714478965867016_37.5306757112922611|126.8724189685671035_37.5307947208274726
2026-09-04T23:16:36.811991+09:00,오목교역·목동운동장,오목교역·목동운동장,POI044,KEY_3,1140030300,목동서로,1140032900,청소년수련관앞,126.8750649305418960_37.5313299084450378,1140009302,목동 903-6,126.8754059121054496_37.5328403623939266,170.0,21.0,서행,126.8754059121054496_37.5328403623939266|126.8750649305418960_37.5313299084450378
2026-09-04T23:16:36.811991+09:00,오목교역·목동운동장,오목교역·목동운동장,POI044,KEY_3,1140030601,목동동로,1140033400,양천우체국,126.8771228632929393_37.5315914819196266,1140009000,양천우체국,126.8770546258868848_37.5312943013899840,34.0,21.0,서행,126.8770546258868848_37.5312943013899840|126.8771228632929393_37.5315914819196266
2026-09-04T23:16:36.811991+09:00,오목교역·목동운동장,오목교역·목동운동장,POI044,KEY_3,1140030602,목동동로,1140009500,법안정사,126.8776093242993852_37.5336801307362080,1140033400,양천우체국,126.8771228632929393_37.5315914819196266,236.0,23.0,서행,126.8771228632929393_37.5315914819196266|126.8775018319297345_37.5332380794548897|126.8776093242993852_37.5336801307362080
2026-09-04T23:16:36.811991+09:00,오목교역·목동운동장,오목교역·목동운동장,POI044,KEY_3,1140031000,목동서로8길,1140277200,목동 903-5,126.8746424963737098_37.5330737326508270,1140009301,목동 903-6,126.8754300033318430_37.5329467924858804,71.0,15.0,서행,126.8754300033318430_37.5329467924858804|126.8746460016121347_37.5330734143301186|126.8746424963737098_37.5330737326508270
2026-09-04T23:16:36.811991+09:00,오목교역·목동운동장,오목교역·목동운동장,POI044,KEY_3,1140031500,목동서로,1140009301,목동 903-6,126.8754300033318430_37.5329467924858804,1140009600,목동 903-6,126.8756637978666220_37.5339768809772707,116.0,26.3,원활,126.8756637978666220_37.5339768809772707|126.8754300033318430_37.5329467924858804
2026-09-04T23:16:36.811991+09:00,오목교역·목동운동장,오목교역·목동운동장,POI044,KEY_3,1140031700,목동동로16길,1140332200,목동 913-4,126.8798393911997948_37.5351177280643782,1140009902,목동5단지교차로,126.8797154850128663_37.5353485135608196,28.0,20.0,서행,126.8797154850128663_37.5353485135608196|126.8798393911997948_37.5351177280643782
2026-09-04T23:16:36.811991+09:00,오목교역·목동운동장,오목교역·목동운동장,POI044,KEY_3,1140031800,목동동로16길,1140229800,목동 913-4,126.8808217015313176_37.5323896291626937,1140009203,신월여의지하도로(동측),126.8808823152185141_37.5320181494475520,42.0,18.0,서행,126.8808823152185141_37.5320181494475520|126.8808217015313176_37.5323896291626937
2026-09-04T23:16:36.811991+09:00,오목교역·목동운동장,오목교역·목동운동장,POI044,KEY_3,1140032000,목동동로,1140009600,목동 903-6,126.8756637978666220_37.5339768809772707,1140009500,법안정사,126.8776093242993852_37.5336801307362080,175.0,22.0,서행,126.8776093242993852_37.5336801307362080|126.8756637978666220_37.5339768809772707
2026-09-04T23:16:36.811991+09:00,오목교역·목동운동장,오목교역·목동운동장,POI044,KEY_3,1140032100,목동동로18길,1140327600,목동 912-3,126.8830590710973070_37.5360028453064984,1140035002,목동5·6단지앞교차로,126.8828699872771892_37.5364480077944762,52.0,18.5,서행,126.8828699872771892_37.5364480077944762|126.8829311279323520_37.5362664342802006|126.8830184569602579_37.5360768386733312|126.8830590710973070_37.5360028453064984
2026-09-04T23:16:36.811991+09:00,오목교역·목동운동장,오목교역·목동운동장,POI044,KEY_3,1140032200,목동동로18길,1140196900,목동 912-3,126.8837054261265820_37.5322917398549265,1140009101,목동5.6단지,126.8836194087718070_37.5318939270615388,45.0,17.7,서행,126.8836194087718070_37.5318939270615388|126.8837054261265820_37.5322917398549265
2026-09-04T23:16:36.811991+09:00,오목교역·목동운동장,오목교역·목동운동장,POI044,KEY_3,1140032300,목동동로,1140009700,목동 913-3,126.8784391701507985_37.5348828313176668,1140009500,법안정사,126.8776093242993852_37.5336801307362080,156.0,39.5,원활,126.8776093242993852_37.5336801307362080|126.8776623267564929_37.5339138078558179|126.8777070110188987_37.5340479482234315|126.8777741216845527_37.5341970116271497|126.8778562254971973_37.5343311915555660|126.8779533019347241_37.5344624063895651|126.8781027207437120_37.5346204943553587|126.8782820920490195_37.5347696732787952|126.8784391701507985_37.5348828313176668
2026-09-04T23:16:36.811991+09:00,오목교역·목동운동장,오목교역·목동운동장,POI044,KEY_3,1140032700,목동서로,1140009600,목동 903-6,126.8756637978666220_37.5339768809772707,1140010002,목동2.3단지교차로,126.8764419634238294_37.5355209305015336,187.0,33.5,원활,126.8764419634238294_37.5355209305015336|126.8763723690955914_37.5354548490478592|126.8762349330648931_37.5352925998445386|126.8760796061470160_37.5350874215701538|126.8759661743498128_37.5348918223800752|126.8758468437574294_37.5346437714498009|126.8757380699430826_37.5343480532638054|126.8756637978666220_37.5339768809772707
2026-09-04T23:16:36.811991+09:00,오목교역·목동운동장,오목교역·목동운동장,POI044,KEY_3,1140033000,목동동로,1140009902,목동5단지교차로,126.8797154850128663_37.5353485135608196,1140009700,목동 913-3,126.8784391701507985_37.5348828313176668,124.0,29.0,원활,126.8784391701507985_37.5348828313176668|126.8786372474522750_37.5349726701522712|126.8797154850128663_37.5353485135608196
2026-09-04T23:16:36.811991+09:00,오목교역·목동운동장,오목교역·목동운동장,POI044,KEY_3,1140033500,목동서로,1140009700,목동 913-3,126.8784391701507985_37.5348828313176668,1140010400,목동2·3단지교차로,126.8773306552267286_37.5361618405017623,172.0,9.0,정체,126.8773306552267286_37.5361618405017623|126.8784391701507985_37.5348828313176668
2026-09-04T23:16:36.811991+09:00,오목교역·목동운동장,오목교역·목동운동장,POI044,KEY_3,1140033800,목동동로,1140010100,목동 912-2,126.8808228944800476_37.5357345122197046,1140009901,목동5단지교차로,126.8798398671769121_37.5353918688772765,95.0,24.0,서행,126.8798398671769121_37.5353918688772765|126.8808228944800476_37.5357345122197046
2026-09-04T23:16:36.811991+09:00,오목교역·목동운동장,오목교역·목동운동장,POI044,KEY_3,1140034000,목동서로6길,1140334000,목동 902-4,126.8761939543289259_37.5358071939591440,1140010001,목동2.3단지교차로,126.8765293071620306_37.5356038651211890,37.0,16.7,서행,126.8765293071620306_37.5356038651211890|126.8761939543289259_37.5358071939591440
2026-09-04T23:16:36.811991+09:00,오목교역·목동운동장,오목교역·목동운동장,POI044,KEY_3,1140034100,목동서로,1140010001,목동2.3단지교차로,126.8765293071620306_37.5356038651211890,1140010400,목동2·3단지교차로,126.8773306552267286_37.5361618405017623,95.0,37.7,원활,126.8773306552267286_37.5361618405017623|126.8770898739765443_37.5360372692547912|126.8768626030107072_37.5358892306394836|126.8765935481060438_37.5356648629501208|126.8765293071620306_37.5356038651211890
2026-09-04T23:16:36.811991+09:00,오목교역·목동운동장,오목교역·목동운동장,POI044,KEY_3,1140034400,목동동로,1140010300,목동 912-2,126.8819022864357748_37.5361107306896997,1140010100,목동 912-2,126.8808228944800476_37.5357345122197046,104.0,33.5,원활,126.8808228944800476_37.5357345122197046|126.8819022864357748_37.5361107306896997
2026-09-04T23:16:36.811991+09:00,오목교역·목동운동장,오목교역·목동운동장,POI044,KEY_3,1140034600,목동동로,1140035002,목동5·6단지앞교차로,126.8828699872771892_37.5364480077944762,1140010300,목동 912-2,126.8819022864357748_37.5361107306896997,93.0,31.5,원활,126.8819022864357748_37.5361107306896997|126.8828699872771892_37.5364480077944762
2026-09-04T23:16:36.811991+09:00,오목교역·목동운동장,오목교역·목동운동장,POI044,KEY_3,1140035000,목동동로,1140010802,목동1·2단지교차로,126.8799687730722638_37.5371493482495353,1140010100,목동 912-2,126.8808228944800476_37.5357345122197046,174.0,13.0,정체,126.8808228944800476_37.5357345122197046|126.8799687730722638_37.5371493482495353
2026-09-04T23:16:36.811991+09:00,오목교역·목동운동장,오목교역·목동운동장,POI044,KEY_3,1140035101,목동서로,1140010400,목동2·3단지교차로,126.8773306552267286_37.5361618405017623,1140035200,목동 902-5,126.8787896567945523_37.5367371777255556,144.0,20.0,서행,126.8787896567945523_37.5367371777255556|126.8777452658256522_37.5363693409841375|126.8773719312131902_37.5361833379833172|126.8773306552267286_37.5361618405017623
2026-09-04T23:16:36.811991+09:00,오목교역·목동운동장,오목교역·목동운동장,POI044,KEY_3,1140035102,목동서로,1140035200,목동 902-5,126.8787896567945523_37.5367371777255556,1140035400,목동 902-5,126.8794522569202883_37.5369696354992541,64.0,43.0,원활,126.8794522569202883_37.5369696354992541|126.8787896567945523_37.5367371777255556
2026-09-04T23:16:36.811991+09:00,오목교역·목동운동장,오목교역·목동운동장,POI044,KEY_3,1140035103,목동서로,1140035400,목동 902-5,126.8794522569202883_37.5369696354992541,1140010802,목동1·2단지교차로,126.8799687730722638_37.5371493482495353,50.0,25.0,원활,126.8799687730722638_37.5371493482495353|126.8797106292408756_37.5370602773647732|126.8794522569202883_37.5369696354992541
2026-09-04T23:16:36.811991+09:00,오목교역·목동운동장,오목교역·목동운동장,POI044,KEY_3,1140035401,목동서로,1140010300,목동 912-2,126.8819022864357748_37.5361107306896997,1140035501,목5동주민센터,126.8813336608763649_37.5371512511334942,126.0,19.0,서행,126.8813336608763649_37.5371512511334942|126.8819022864357748_37.5361107306896997
2026-09-04T23:16:36.811991+09:00,오목교역·목동운동장,오목교역·목동운동장,POI044,KEY_3,1140035402,목동서로,1140035502,목5동주민센터,126.8812794797658796_37.5372503947860707,1140011100,목동 901-7,126.8811180027535670_37.5375458728608749,36.0,19.0,서행,126.8811180027535670_37.5375458728608749|126.8812794797658796_37.5372503947860707
2026-09-04T23:16:36.811991+09:00,오목교역·목동운동장,오목교역·목동운동장,POI044,KEY_3,1140035600,목동동로,1140010903,목동 911-9,126.8852431717270406_37.5371884307117796,1140035001,목동5·6단지앞교차로,126.8829944458794472_37.5364913851206907,213.0,28.0,원활,126.8829944458794472_37.5364913851206907|126.8852431717270406_37.5371884307117796
2026-09-04T23:16:36.811991+09:00,오목교역·목동운동장,오목교역·목동운동장,POI044,KEY_3,1140035900,목동서로,1140010801,목동1·2단지교차로,126.8800933684234451_37.5371923387842727,1140011100,목동 901-7,126.8811180027535670_37.5375458728608749,99.0,17.0,서행,126.8811180027535670_37.5375458728608749|126.8800933684234451_37.5371923387842727
2026-09-04T23:16:36.811991+09:00,오목교역·목동운동장,오목교역·목동운동장,POI044,KEY_3,1140036500,목동서로,1140011100,목동 901-7,126.8811180027535670_37.5375458728608749,1140011302,월촌중학교,126.8831136085260738_37.5381735273184489,190.0,27.0,원활,126.8831136085260738_37.5381735273184489|126.8811180027535670_37.5375458728608749
2026-09-04T23:16:36.811991+09:00,오목교역·목동운동장,오목교역·목동운동장,POI044,KEY_3,1140037200,목동서로4길,1140333400,목동 901-9,126.8799390790421313_37.5374651832932287,1140010801,목동1·2단지교차로,126.8800933684234451_37.5371923387842727,33.0,20.0,서행,126.8800933684234451_37.5371923387842727|126.8799390790421313_37.5374651832932287
2026-09-04T23:16:36.811991+09:00,오목교역·목동운동장,오목교역·목동운동장,POI044,KEY_3,1140040400,목동서로,1140005402,목동초등학교,126.8711441712250974_37.5230982757077953,1140005502,신정동 314-7,126.8692623646753077_37.5234649054807363,174.0,8.0,정체,126.8692623646753077_37.5234649054807363|126.8693057909037236_37.5234043612395283|126.8693983750727199_37.5233709662043609|126.8703723483932180_37.5232296546835613|126.8709356922444158_37.5231479165233281|126.8711441712250974_37.5230982757077953
2026-09-04T23:16:36.811991+09:00,오목교역·목동운동장,오목교역·목동운동장,POI044,KEY_3,1140059100,오목로,1180072102,양천구-영등포구,126.8798127598729764_37.5238124759839593,1140005803,오목교앞,126.8780911957869648_37.5240790938181874,155.0,49.0,원활,126.8780911957869648_37.5240790938181874|126.8798127598729764_37.5238124759839593
2026-09-04T23:16:36.811991+09:00,오목교역·목동운동장,오목교역·목동운동장,POI044,KEY_3,1140059200,오목로,1140005802,오목교앞,126.8780735218519879_37.5241919764275096,1180072101,양천구-영등포구,126.8798383046578664_37.5239186642518590,159.0,51.0,원활,126.8798383046578664_37.5239186642518590|126.8780735218519879_37.5241919764275096
2026-09-04T23:16:36.811991+09:00,오목교역·목동운동장,오목교역·목동운동장,POI044,KEY_3,1140060300,오목로,1140311400,최소노드배치점,126.8705789568914497_37.5251594795092345,1140025002,목동지하차도(남측),126.8670823231769162_37.5257078971196734,315.0,54.5,원활,126.8670823231769162_37.5257078971196734|126.8680323921005311_37.5255576197932470|126.8696999326072898_37.5252958895737194|126.8705789568914497_37.5251594795092345
2026-09-04T23:16:36.811991+09:00,오목교역·목동운동장,오목교역·목동운동장,POI044,KEY_3,1140060400,오목로,1140311500,최소노드배치점,126.8706049200779802_37.5252656041847530,1140023701,목동지하차도(북측),126.8741069190683675_37.5247538721865865,315.0,51.7,원활,126.8741069190683675_37.5247538721865865|126.8716004171447196_37.5251111113636640|126.8706049200779802_37.5252656041847530
2026-09-04T23:16:36.811991+09:00,오목교역·목동운동장,오목교역·목동운동장,POI044,KEY_3,1140066900,국회대로,1140008601,카톨릭스포츠센터,126.8674839304714226_37.5304076183302158,1140032900,청소년수련관앞,126.8750649305418960_37.5313299084450378,678.0,49.5,원활,126.8750649305418960_37.5313299084450378|126.8731974085957290_37.5311109831907501|126.8703243549700090_37.5307526619028593|126.8674839304714226_37.5304076183302158
2026-09-04T23:16:36.811991+09:00,오목교역·목동운동장,오목교역·목동운동장,POI044,KEY_3,1140064700,목동서로,1140007600,목동 925-5,126.8703817932222933_37.5284034261129520,1140031702,KT서울통신센터,126.8708864108891561_37.5299765391988984,183.0,26.0,원활,126.8708864108891561_37.5299765391988984|126.8708826562650955_37.5299741403027838|126.8708049479702140_37.5299049224176926|126.8707482016617547_37.5298309593268371|126.8706885113179936_37.5297283862032955|126.8706378223026405_37.5296139035657461|126.8703817932222933_37.5284034261129520
2026-09-04T23:16:36.811991+09:00,오목교역·목동운동장,오목교역·목동운동장,POI044,KEY_3,1140065200,목동동로,1140278700,목동 914-8,126.8787135275921685_37.5297383750703872,1140008502,한국통신목동지점,126.8767586051522613_37.5300075904237431,175.0,22.0,서행,126.8767586051522613_37.5300075904237431|126.8787135275921685_37.5297383750703872
2026-09-04T23:16:36.811991+09:00,오목교역·목동운동장,오목교역·목동운동장,POI044,KEY_3,1140065300,목동동로,1140200000,목동 914-8,126.8794366198333137_37.5295948765360734,1140029801,목동 914-3,126.8803472890119082_37.5288755664340741,113.0,23.0,서행,126.8803472890119082_37.5288755664340741|126.8795457269464038_37.5295264574369938|126.8794366198333137_37.5295948765360734
2026-09-04T23:16:36.811991+09:00,오목교역·목동운동장,오목교역·목동운동장,POI044,KEY_3,1140065400,목동서로,1140031701,KT서울통신센터,126.8710064122143137_37.5300304659751873,1140008400,양천소방서교차로,126.8726973678810168_37.5298561817287393,152.0,28.0,원활,126.8726973678810168_37.5298561817287393|126.8713644600100849_37.5300485670690662|126.8712117696352237_37.5300650880968476|126.8710860692017093_37.5300530316119065|126.8710064122143137_37.5300304659751873
2026-09-04T23:16:36.811991+09:00,오목교역·목동운동장,오목교역·목동운동장,POI044,KEY_3,1140065500,국회대로,1140032102,목1동주민센터,126.8707770773223302_37.5304899448172264,1140030800,홍익병원앞,126.8646468126980551_37.5297289010190696,548.0,49.0,원활,126.8646468126980551_37.5297289010190696|126.8691358789846220_37.5302810663476976|126.8707770773223302_37.5304899448172264
2026-09-04T23:16:36.811991+09:00,오목교역·목동운동장,오목교역·목동운동장,POI044,KEY_3,1140065800,-,1140031702,KT서울통신센터,126.8708864108891561_37.5299765391988984,1140032102,목1동주민센터,126.8707770773223302_37.5304899448172264,58.0,21.0,서행,126.8707770773223302_37.5304899448172264|126.8708154273461588_37.5301353405440707|126.8708864108891561_37.5299765391988984
2026-09-04T23:16:36.811991+09:00,오목교역·목동운동장,오목교역·목동운동장,POI044,KEY_3,1140065900,-,1140032101,목1동주민센터,126.8709115136581858_37.5305068509940867,1140031701,KT서울통신센터,126.8710064122143137_37.5300304659751873,54.0,19.0,서행,126.8710064122143137_37.5300304659751873|126.8709491888728138_37.5301584866351376|126.8709115136581858_37.5305068509940867
2026-09-04T23:16:36.811991+09:00,오목교역·목동운동장,오목교역·목동운동장,POI044,KEY_3,1140066000,국회대로,1140032300,목동교,126.8874592812072706_37.5309134970682692,1140030900,목동교,126.8846448018285855_37.5297592742909174,300.0,39.3,원활,126.8846448018285855_37.5297592742909174|126.8850650412698826_37.5298468207319260|126.8852176368649225_37.5298898802170271|126.8853926600453974_37.5299472637623097|126.8856349365595264_37.5300690770065231|126.8858682234413067_37.5301980341117201|126.8860962319625401_37.5303532074958710|126.8862494340091729_37.5304904298454289|126.8864100708302090_37.5306604375601438|126.8865258476216553_37.5308035827628643|126.8866416654425961_37.5309199095953971|126.8867351286276772_37.5309736367565279|126.8868548550046000_37.5309797116427077|126.8874592812072706_37.5309134970682692
2026-09-04T23:16:36.811991+09:00,오목교역·목동운동장,오목교역·목동운동장,POI044,KEY_3,1140066300,안양천로,1140031500,목동교,126.8845796056343147_37.5298541112350392,1140032600,목동교,126.8843017135001503_37.5315237887279807,216.0,35.0,원활,126.8843017135001503_37.5315237887279807|126.8845478291154762_37.5314537533224737|126.8846297897559054_37.5313856736052571|126.8846728961694907_37.5313143276081433|126.8847283443867582_37.5311732723914062|126.8848913527991584_37.5303818380835850|126.8848914672821735_37.5303073416295092|126.8848617160776371_37.5301881174002929|126.8848281972405232_37.5300867689519677|126.8847572695101036_37.5299794238724616|126.8845796056343147_37.5298541112350392
2026-09-04T23:16:36.811991+09:00,오목교역·목동운동장,오목교역·목동운동장,POI044,KEY_3,1140066600,국회대로,1140032500,목동교,126.8856427398844033_37.5313018773321616,1140031800,목동교,126.8858661791991977_37.5304734230982291,214.0,37.0,원활,126.8858661791991977_37.5304734230982291|126.8856284890071606_37.5303706349086923|126.8854638671550674_37.5303615356366933|126.8853179180124613_37.5303762938548644|126.8852131080252406_37.5304030103262676|126.8851307450970154_37.5304327290510003|126.8850483489604386_37.5304833067597983|126.8849733908632658_37.5305636904608022|126.8849358270675936_37.5306590104051665|126.8849094335674863_37.5307900992467935|126.8849166977411045_37.5309331402237873|126.8849539596190112_37.5310344931801438|126.8850174412507243_37.5311179912911541|126.8851258429127711_37.5311896137283725|126.8853277838037172_37.5312643074386827|126.8856427398844033_37.5313018773321616
2026-09-04T23:16:36.811991+09:00,오목교역·목동운동장,오목교역·목동운동장,POI044,KEY_3,1140066700,안양천로,1140033800,서울경인유치원,126.8874090613953172_37.5328062140190042,1140030900,목동교,126.8846448018285855_37.5297592742909174,435.0,48.0,원활,126.8846448018285855_37.5297592742909174|126.8855762511383176_37.5301653966409390|126.8858390555100186_37.5303052944202946|126.8859588523003339_37.5303944110417476|126.8860447549820378_37.5304583145656494|126.8862305225850520_37.5306548325961415|126.8863509678829047_37.5308287246199441|126.8867650931619124_37.5315997619943076|126.8868135165644588_37.5316899175065330|126.8874090613953172_37.5328062140190042
2026-09-04T23:16:36.811991+09:00,오목교역·목동운동장,오목교역·목동운동장,POI044,KEY_3,1140066800,국회대로,1140008900,청소년수련관앞교차로,126.8749851771577255_37.5309868184484969,1140032101,목1동주민센터,126.8709115136581858_37.5305068509940867,364.0,27.0,원활,126.8709115136581858_37.5305068509940867|126.8746979038654388_37.5309772381993625|126.8749851771577255_37.5309868184484969
2026-09-04T23:16:36.811991+09:00,오목교역·목동운동장,오목교역·목동운동장,POI044,KEY_3,1140067000,안양천로,1140031800,목동교,126.8858661791991977_37.5304734230982291,1140033300,목동교,126.8866402689599795_37.5316422821087627,148.0,47.5,원활,126.8866402689599795_37.5316422821087627|126.8862288128544265_37.5308762140925509|126.8861162834759995_37.5307137515685838|126.8859434209870756_37.5305308833755262|126.8858661791991977_37.5304734230982291
2026-09-04T23:16:36.811991+09:00,오목교역·목동운동장,오목교역·목동운동장,POI044,KEY_3,1140067100,국회대로,1140032300,목동교,126.8874592812072706_37.5309134970682692,1140032500,목동교,126.8856427398844033_37.5313018773321616,166.0,14.0,정체,126.8856427398844033_37.5313018773321616|126.8874592812072706_37.5309134970682692
2026-09-04T23:16:36.811991+09:00,오목교역·목동운동장,오목교역·목동운동장,POI044,KEY_3,1140067200,국회대로,1140032700,목동교,126.8856779402811412_37.5314062995702784,1140032400,목동교,126.8874944839553933_37.5310179196766285,166.0,51.0,원활,126.8874944839553933_37.5310179196766285|126.8856779402811412_37.5314062995702784
2026-09-04T23:16:36.811991+09:00,오목교역·목동운동장,오목교역·목동운동장,POI044,KEY_3,1140067500,목동서로,1140008900,청소년수련관앞교차로,126.8749851771577255_37.5309868184484969,1140032900,청소년수련관앞,126.8750649305418960_37.5313299084450378,39.0,20.0,서행,126.8750649305418960_37.5313299084450378|126.8749851771577255_37.5309868184484969
2026-09-04T23:16:36.811991+09:00,오목교역·목동운동장,오목교역·목동운동장,POI044,KEY_3,1140067600,국회대로,1140032500,목동교,126.8856427398844033_37.5313018773321616,1140032600,목동교,126.8843017135001503_37.5315237887279807,122.0,62.5,원활,126.8843017135001503_37.5315237887279807|126.8853586214199112_37.5313072241180805|126.8856427398844033_37.5313018773321616
2026-09-04T23:16:36.811991+09:00,오목교역·목동운동장,오목교역·목동운동장,POI044,KEY_3,1140067700,국회대로,1140033100,목동919-1,126.8846580863304041_37.5316987170409391,1140032700,목동교,126.8856779402811412_37.5314062995702784,96.0,47.7,원활,126.8856779402811412_37.5314062995702784|126.8854226642528573_37.5315161310584671|126.8852300090918419_37.5315830586408552|126.8846580863304041_37.5316987170409391
2026-09-04T23:16:36.811991+09:00,오목교역·목동운동장,오목교역·목동운동장,POI044,KEY_3,1140068000,국회대로,1140032500,목동교,126.8856427398844033_37.5313018773321616,1140009202,신월여의지하도로(동측),126.8808482917957576_37.5318295469259979,430.0,71.0,원활,126.8808482917957576_37.5318295469259979|126.8808607617265807_37.5318303181491117|126.8812315437144775_37.5318398935389439|126.8816011358477596_37.5318450120240783|126.8819879692905204_37.5318406599456083|126.8827149925730424_37.5318111511213601|126.8832868040315702_37.5317585000011462|126.8837211158317331_37.5316939067983526|126.8842769696246933_37.5315938605462023|126.8856427398844033_37.5313018773321616
2026-09-04T23:16:36.811991+09:00,오목교역·목동운동장,오목교역·목동운동장,POI044,KEY_3,1140068100,국회대로,1140009201,신월여의지하도로(동측),126.8808443431802715_37.5319377152892457,1140032700,목동교,126.8856779402811412_37.5314062995702784,434.0,17.0,서행,126.8856779402811412_37.5314062995702784|126.8843095448977749_37.5316988203129114|126.8837485626048363_37.5317998338477565|126.8833070903347959_37.5318654922657657|126.8827262608263027_37.5319189742605417|126.8819923889352879_37.5319487799470082|126.8816009139386125_37.5319531850502628|126.8812281489590248_37.5319480219271782|126.8808532892372796_37.5319382667175248|126.8808443431802715_37.5319377152892457
2026-09-04T23:16:36.811991+09:00,오목교역·목동운동장,오목교역·목동운동장,POI044,KEY_3,1140068200,국회대로,1140032600,목동교,126.8843017135001503_37.5315237887279807,1140009000,양천우체국,126.8770546258868848_37.5312943013899840,647.0,49.0,원활,126.8770546258868848_37.5312943013899840|126.8799373615991470_37.5316647395253540|126.8804785893359934_37.5317256168243460|126.8809376979914418_37.5317617196590447|126.8814691644842725_37.5317719138982540|126.8819186117248847_37.5317665409693930|126.8827622599531253_37.5317297088407074|126.8832712124020503_37.5316809201365160|126.8837082488141306_37.5316173315858208|126.8840670157696167_37.5315605869974007|126.8843017135001503_37.5315237887279807
2026-09-04T23:16:36.811991+09:00,오목교역·목동운동장,오목교역·목동운동장,POI044,KEY_3,1140068300,국회대로,1140009101,목동5.6단지,126.8836194087718070_37.5318939270615388,1140033100,목동919-1,126.8846580863304041_37.5316987170409391,94.0,46.5,원활,126.8846580863304041_37.5316987170409391|126.8840959031976325_37.5318054424971805|126.8836194087718070_37.5318939270615388
2026-09-04T23:16:36.811991+09:00,오목교역·목동운동장,오목교역·목동운동장,POI044,KEY_3,1140068400,국회대로,1140033400,양천우체국,126.8771228632929393_37.5315914819196266,1140009204,신월여의지하도로(동측),126.8807466405625064_37.5320105989073340,324.0,44.0,원활,126.8807466405625064_37.5320105989073340|126.8804381231026213_37.5319902087916830|126.8798675821093696_37.5319368726031399|126.8771228632929393_37.5315914819196266
2026-09-04T23:16:36.811991+09:00,오목교역·목동운동장,오목교역·목동운동장,POI044,KEY_3,1140068500,안양천로,1140033800,서울경인유치원,126.8874090613953172_37.5328062140190042,1140032400,목동교,126.8874944839553933_37.5310179196766285,219.0,29.0,원활,126.8874944839553933_37.5310179196766285|126.8871687813057179_37.5312327057991340|126.8871103083707794_37.5313005907927533|126.8870742839215495_37.5313684981249196|126.8870337550903713_37.5314471275519850|126.8870425999447775_37.5315365324158563|126.8870649052745989_37.5316331022950891|126.8873555271278804_37.5324558259722707|126.8873778008711355_37.5325738503761741|126.8874090613953172_37.5328062140190042
2026-09-04T23:16:36.811991+09:00,오목교역·목동운동장,오목교역·목동운동장,POI044,KEY_3,1140068600,국회대로,1140009203,신월여의지하도로(동측),126.8808823152185141_37.5320181494475520,1140009102,목동5.6단지,126.8834860328442034_37.5319142163712982,231.0,23.0,서행,126.8834860328442034_37.5319142163712982|126.8832391663128334_37.5319435959562213|126.8827960704332867_37.5319860672060983|126.8819159384685662_37.5320233325202040|126.8814549373534533_37.5320300228165635|126.8809221202336488_37.5320199505877667|126.8808823152185141_37.5320181494475520
2026-09-04T23:16:36.811991+09:00,오목교역·목동운동장,오목교역·목동운동장,POI044,KEY_3,1140068900,안양천로,1140033300,목동교,126.8866402689599795_37.5316422821087627,1140033900,경인초등학교,126.8872841046669890_37.5328484932096558,145.0,54.0,원활,126.8872841046669890_37.5328484932096558|126.8866886268011740_37.5317323177754290|126.8866402689599795_37.5316422821087627
2026-09-04T23:16:36.811991+09:00,오목교역·목동운동장,오목교역·목동운동장,POI044,KEY_3,1140069000,안양천로,1140033300,목동교,126.8866402689599795_37.5316422821087627,1140032700,목동교,126.8856779402811412_37.5314062995702784,274.0,33.7,원활,126.8856779402811412_37.5314062995702784|126.8853631263658031_37.5316421899703840|126.8852911418873219_37.5317350925452757|126.8852550553224319_37.5318423324453363|126.8852548745429232_37.5319603354404236|126.8852905832891764_37.5320998288292316|126.8853577985463801_37.5321892904893843|126.8854475033743370_37.5322537432255814|126.8855641663416947_37.5323074938029038|126.8856763826849772_37.5323326331875364|126.8858604691290282_37.5323399633916566|126.8859952075329574_37.5323186380075384|126.8862647264191992_37.5322473809460320|126.8864444523789530_37.5321688848189936|126.8865613054865094_37.5320974801854064|126.8866467643268692_37.5320010146039067|126.8866694155660326_37.5318687297839872|126.8866402689599795_37.5316422821087627
2026-09-04T23:16:36.811991+09:00,오목교역·목동운동장,오목교역·목동운동장,POI044,KEY_3,1140069100,국회대로,1140033100,목동919-1,126.8846580863304041_37.5316987170409391,1140033900,경인초등학교,126.8872841046669890_37.5328484932096558,305.0,27.0,원활,126.8872841046669890_37.5328484932096558|126.8870232047119799_37.5324876913705410|126.8868886823055959_37.5323659833704113|126.8867989706955797_37.5323051077945919|126.8866822755141754_37.5322728130350143|126.8865251566823815_37.5322476314694313|126.8863589551066013_37.5322903818162601|126.8860040566905383_37.5324044668675469|126.8858378871728831_37.5324257618817754|126.8856583018977631_37.5324112847579414|126.8855101749726657_37.5323789584046423|126.8854114562078337_37.5323359525014979|126.8853128087379929_37.5322464603536332|126.8852276383169482_37.5321534051485699|126.8851694358867519_37.5320424975478346|126.8851291613164562_37.5319530619861013|126.8850529547154196_37.5318707426846601|126.8849273515351683_37.5317919521853156|126.8846580863304041_37.5316987170409391
2026-09-04T23:16:36.811991+09:00,오목교역·목동운동장,오목교역·목동운동장,POI044,KEY_3,1140070900,목동서로,1140035400,목동 902-5,126.8794522569202883_37.5369696354992541,1140035200,목동 902-5,126.8787896567945523_37.5367371777255556,139.0,5.0,정체,126.8787896567945523_37.5367371777255556|126.8789346312818367_37.5364400279712456|126.8789735753898071_37.5364233804675678|126.8790274603863537_37.5364234356787847|126.8795719836017355_37.5366194722880664|126.8796018783849746_37.5366457254744006|126.8795988117533398_37.5366910165188727|126.8794522569202883_37.5369696354992541
2026-09-04T23:16:36.811991+09:00,오목교역·목동운동장,오목교역·목동운동장,POI044,KEY_3,1140072100,목동서로,1140035502,목5동주민센터,126.8812794797658796_37.5372503947860707,1140035001,목동5·6단지앞교차로,126.8829944458794472_37.5364913851206907,237.0,18.0,서행,126.8829944458794472_37.5364913851206907|126.8828955898899409_37.5366553292359413|126.8824282154331229_37.5375388998787471|126.8823480626168703_37.5375770873188870|126.8822481670510314_37.5375769877530985|126.8812794797658796_37.5372503947860707
2026-09-04T23:16:36.811991+09:00,왕십리역,왕십리역,POI045,KEY_4,1030013101,살곶이길,1030021705,행당동40-30,127.0406606658124531_37.5550427346378228,1030023503,한양대병원앞교차로,127.0407317596827141_37.5576777615059285,296.0,29.5,원활,127.0407317596827141_37.5576777615059285|127.0407945351501553_37.5571399080762944|127.0408096258599926_37.5570503671522786|127.0407945873468236_37.5570052152632812|127.0407306986277831_37.5569326232404563|127.0406912822892878_37.5568627023168133|127.0406893999771540_37.5568002479541718|127.0406689829890325_37.5561228136161560|127.0406606658124531_37.5550427346378228
2026-09-04T23:16:36.811991+09:00,왕십리역,왕십리역,POI045,KEY_4,1030013900,왕십리로,1030072500,행당동 33,127.0432843193880075_37.5561986724655981,1030023502,한양대병원앞교차로,127.0408689696439808_37.5576533330614595,294.0,38.8,원활,127.0408689696439808_37.5576533330614595|127.0414651523882839_37.5575486984067481|127.0417348064217293_37.5575013713202210|127.0419711005124697_37.5574504902346860|127.0420141955084716_37.5574392859410580|127.0421870399526654_37.5573943478193399|127.0423829627192163_37.5573282057195925|127.0425359187892553_37.5572517965998074|127.0427034755646645_37.5571479493357785|127.0428672032618493_37.5570285114635709|127.0429925912583258_37.5568995286477687|127.0431151520268145_37.5567318227621385|127.0432092746061699_37.5565579805509699|127.0432548152679999_37.5564035797701479|127.0432843193880075_37.5561986724655981
2026-09-04T23:16:36.811991+09:00,왕십리역,왕십리역,POI045,KEY_4,1030014002,왕십리로,1030044300,행당동 33,127.0420563576226129_37.5575420637526918,1030021602,성동교,127.0437483808687773_37.5540070847499905,450.0,33.3,원활,127.0437483808687773_37.5540070847499905|127.0435729718255686_37.5551433159312538|127.0434192453609370_37.5562109855440482|127.0433888397111843_37.5564221569148842|127.0433387450400318_37.5565920007120297|127.0432366421870825_37.5567805817599876|127.0431054757296323_37.5569600633437375|127.0429675078410128_37.5571019873763561|127.0427912070035319_37.5572305966901965|127.0426139249710360_37.5573404716556354|127.0424459658693763_37.5574243753592327|127.0422347194732851_37.5574956911651938|127.0420563576226129_37.5575420637526918
2026-09-04T23:16:36.811991+09:00,왕십리역,왕십리역,POI045,KEY_4,1030014003,왕십리로,1030023501,한양대병원앞교차로,127.0408564347669227_37.5577662484576962,1030023400,한양대병원,127.0414943912409598_37.5576542823099402,58.0,24.0,서행,127.0414943912409598_37.5576542823099402|127.0408564347669227_37.5577662484576962
2026-09-04T23:16:36.811991+09:00,왕십리역,왕십리역,POI045,KEY_4,1030014302,왕십리로,1030023503,한양대병원앞교차로,127.0407317596827141_37.5576777615059285,1030024002,조선일보(행당지국),127.0390317491796708_37.5581207261700101,159.0,11.0,정체,127.0390317491796708_37.5581207261700101|127.0392551736033653_37.5580234612838879|127.0394473516100504_37.5579497920688397|127.0396148722932423_37.5578928506210872|127.0397835145799235_37.5578513273227159|127.0400937599964948_37.5577945406428881|127.0407317596827141_37.5576777615059285
2026-09-04T23:16:36.811991+09:00,왕십리역,왕십리역,POI045,KEY_4,1030014403,왕십리로,1030023600,한양대병원,127.0401241920463349_37.5578999118409200,1030023504,한양대병원앞교차로,127.0407178272021440_37.5577912532816640,54.0,33.0,원활,127.0407178272021440_37.5577912532816640|127.0401241920463349_37.5578999118409200
2026-09-04T23:16:36.811991+09:00,왕십리역,왕십리역,POI045,KEY_4,1030014701,마조로,1030023504,한양대병원앞교차로,127.0407178272021440_37.5577912532816640,1030024202,한양대병원,127.0407612725606299_37.5585544662770658,85.0,6.0,정체,127.0407612725606299_37.5585544662770658|127.0407236552717620_37.5583709119054916|127.0407015370226702_37.5582441411244830|127.0406890440276726_37.5580684726059033|127.0407178272021440_37.5577912532816640
2026-09-04T23:16:36.811991+09:00,왕십리역,왕십리역,POI045,KEY_4,1030014801,마조로,1030024101,한양대병원,127.0408950955423535_37.5585360531750752,1030023501,한양대병원앞교차로,127.0408564347669227_37.5577662484576962,86.0,29.0,원활,127.0408564347669227_37.5577662484576962|127.0408251710542658_37.5580698410820588|127.0408368192400559_37.5582336302307880|127.0408579567847340_37.5583547700938851|127.0408950955423535_37.5585360531750752
2026-09-04T23:16:36.811991+09:00,왕십리역,왕십리역,POI045,KEY_4,1030016100,마조로,1030061200,마장동 804,127.0416483790261850_37.5651550355191404,1030030503,마장역앞교차로,127.0417018327762833_37.5653994420407500,28.0,22.0,서행,127.0417018327762833_37.5653994420407500|127.0416640475275187_37.5653186632740557|127.0416478375684477_37.5652307633108933|127.0416483790261850_37.5651550355191404
2026-09-04T23:16:36.811991+09:00,왕십리역,왕십리역,POI045,KEY_4,1030018102,마장로,1030030803,마장지하차도,127.0386146617530017_37.5657857831450031,1030031502,도선사거리,127.0365873736816980_37.5659823448740369,183.0,35.0,원활,127.0365873736816980_37.5659823448740369|127.0367829784409395_37.5659089223587088|127.0384424182462340_37.5657480261625167|127.0386146617530017_37.5657857831450031
2026-09-04T23:16:36.811991+09:00,왕십리역,왕십리역,POI045,KEY_4,1030018204,마장로,1030144000,마장동 804,127.0411549741083945_37.5655881067383390,1030030504,마장역앞교차로,127.0417495217666470_37.5655013931411759,53.0,36.3,원활,127.0417495217666470_37.5655013931411759|127.0415658280315228_37.5655380183550420|127.0411549741083945_37.5655881067383390
2026-09-04T23:16:36.811991+09:00,왕십리역,왕십리역,POI045,KEY_4,1030018500,마장로,1030061800,마장동 804,127.0432974482949504_37.5664169399821475,1030032804,마장동주민센터앞교차로,127.0440440345155793_37.5669108325866077,86.0,22.5,서행,127.0440440345155793_37.5669108325866077|127.0433958505408043_37.5664809666421746|127.0432974482949504_37.5664169399821475
2026-09-04T23:16:36.811991+09:00,왕십리역,왕십리역,POI045,KEY_4,1030018600,마장로,1030134400,마장동 810,127.0425479832442335_37.5657896399408244,1030030502,마장역앞교차로,127.0418456121557966_37.5653969688591616,76.0,31.0,원활,127.0418456121557966_37.5653969688591616|127.0419850304157876_37.5654460044658123|127.0421341834124576_37.5655203871183048|127.0425479832442335_37.5657896399408244
2026-09-04T23:16:36.811991+09:00,왕십리역,왕십리역,POI045,KEY_4,1030040900,마조로,1030024101,한양대병원,127.0408950955423535_37.5585360531750752,1030023400,한양대병원,127.0414943912409598_37.5576542823099402,125.0,28.0,원활,127.0414943912409598_37.5576542823099402|127.0411961266824932_37.5577409077178999|127.0410544473263457_37.5578356428652285|127.0409871067379868_37.5579012237195897|127.0409497246167376_37.5579906327321069|127.0409086159234846_37.5581098417024819|127.0408950955423535_37.5585360531750752
2026-09-04T23:16:36.811991+09:00,왕십리역,왕십리역,POI045,KEY_4,1030041000,왕십리로,1030023600,한양대병원,127.0401241920463349_37.5578999118409200,1030024202,한양대병원,127.0407612725606299_37.5585544662770658,105.0,23.0,서행,127.0407612725606299_37.5585544662770658|127.0405979599217403_37.5581516669007414|127.0405080350082159_37.5579848249991599|127.0404475997170977_37.5579202802585499|127.0403472512524274_37.5578929999611830|127.0401241920463349_37.5578999118409200
2026-09-04T23:16:36.811991+09:00,왕십리역,왕십리역,POI045,KEY_4,1030041100,마조로1길,1030024102,한양대병원,127.0408742935170920_37.5585051489693527,1030024604,행당동 130-98,127.0392504179304041_37.5586532449253383,180.0,20.0,서행,127.0392504179304041_37.5586532449253383|127.0392814810351751_37.5585267702696868|127.0393697957369739_37.5584314333784306|127.0395271548831602_37.5583286635246267|127.0396861956018171_37.5582582540092886|127.0398075187269029_37.5582159491922383|127.0399309224261373_37.5581852033403223|127.0400668747390114_37.5581685059544839|127.0402144151123451_37.5581726499363526|127.0403519933965129_37.5581994653267088|127.0404650543163854_37.5582329121919187|127.0405965135359025_37.5582977343549516|127.0407379213938697_37.5584042907300102|127.0408742935170920_37.5585051489693527
2026-09-04T23:16:36.811991+09:00,왕십리역,왕십리역,POI045,KEY_4,1030041400,왕십리로,1030024604,행당동 130-98,127.0392504179304041_37.5586532449253383,1030024702,행당동 130-99,127.0371950414791513_37.5591915933272489,207.0,18.0,서행,127.0371950414791513_37.5591915933272489|127.0372938373433271_37.5592689894725993|127.0373044165327343_37.5592719332917255|127.0373458578195169_37.5592598216029501|127.0380813615824138_37.5588691344951968|127.0383532477905675_37.5587247109603766|127.0384819703694603_37.5586615920715730|127.0385888259601472_37.5586211429709351|127.0387058054011362_37.5586029324696327|127.0392504179304041_37.5586532449253383
2026-09-04T23:16:36.811991+09:00,왕십리역,왕십리역,POI045,KEY_4,1030041500,왕십리로,1030050100,행당동 147,127.0381567437530919_37.5589590712692853,1030024605,행당동 161-6,127.0392255234201144_37.5587597901073877,102.0,18.0,서행,127.0392255234201144_37.5587597901073877|127.0387111349351130_37.5587122703245271|127.0386316901602584_37.5587246373024328|127.0385469350028558_37.5587567206779909|127.0384265763602656_37.5588157382791010|127.0381567437530919_37.5589590712692853
2026-09-04T23:16:36.811991+09:00,왕십리역,왕십리역,POI045,KEY_4,1030042300,왕십리광장로,1030024004,조선일보(행당지국),127.0388406648960853_37.5583260986608423,1030026403,왕십리역앞,127.0377517205372015_37.5611993881740602,336.0,15.0,서행,127.0377517205372015_37.5611993881740602|127.0377650980093875_37.5611341446590146|127.0378097194870577_37.5610211543974373|127.0380548421426852_37.5607013821703504|127.0380954469743529_37.5606145084796168|127.0382123294102144_37.5599479231469928|127.0382440467292327_37.5598720705615392|127.0383749086904999_37.5596377571849445|127.0385186513372986_37.5593979442720141|127.0385718630762142_37.5592056229586788|127.0387086320606329_37.5587112989692713|127.0388406648960853_37.5583260986608423
2026-09-04T23:16:36.811991+09:00,왕십리역,왕십리역,POI045,KEY_4,1030042400,왕십리광장로,1030086700,행당동 168-151,127.0387044987476344_37.5592288798914993,1030024001,조선일보(행당지국),127.0390057146199183_37.5582552895193515,111.0,9.0,정체,127.0390057146199183_37.5582552895193515|127.0388405423378373_37.5587371746324052|127.0387044987476344_37.5592288798914993
2026-09-04T23:16:36.811991+09:00,왕십리역,왕십리역,POI045,KEY_4,1030044101,왕십리광장로,1030037400,왕십리역앞,127.0359784820327178_37.5611357748002419,1030026502,왕십리역앞교차로,127.0355510006751132_37.5611328602784198,38.0,10.0,정체,127.0355510006751132_37.5611328602784198|127.0356452401439356_37.5611257414677979|127.0358488591397617_37.5611237030310932|127.0359784820327178_37.5611357748002419
2026-09-04T23:16:36.811991+09:00,왕십리역,왕십리역,POI045,KEY_4,1030044102,왕십리광장로,1030026403,왕십리역앞,127.0377517205372015_37.5611993881740602,1030037400,왕십리역앞,127.0359784820327178_37.5611357748002419,157.0,8.0,정체,127.0359784820327178_37.5611357748002419|127.0368253885831251_37.5612146395864812|127.0368707386068081_37.5612188624500192|127.0370546307386093_37.5612225115798708|127.0377517205372015_37.5611993881740602
2026-09-04T23:16:36.811991+09:00,왕십리역,왕십리역,POI045,KEY_4,1030044500,왕십리광장로,1030026501,왕십리역앞교차로,127.0355939986096558_37.5612382173782393,1030026900,왕십리역앞,127.0359627017570290_37.5612431621990837,33.0,3.0,정체,127.0359627017570290_37.5612431621990837|127.0358417929594026_37.5612319022688581|127.0356525216958659_37.5612337967072207|127.0355939986096558_37.5612382173782393
2026-09-04T23:16:36.811991+09:00,왕십리역,왕십리역,POI045,KEY_4,1030044600,왕십리광장로,1030149300,행당동 188-1,127.0368096089545844_37.5613220274798536,1030026404,왕십리역앞,127.0377309319347319_37.5613082912370047,81.0,5.0,정체,127.0377309319347319_37.5613082912370047|127.0370557674667253_37.5613306866894590|127.0368611362330711_37.5613268255766073|127.0368096089545844_37.5613220274798536
2026-09-04T23:16:36.811991+09:00,왕십리역,왕십리역,POI045,KEY_4,1030044700,고산자로,1030027500,왕십리역,127.0357690042511507_37.5615701035394451,1030026900,왕십리역앞,127.0359627017570290_37.5612431621990837,47.0,19.0,서행,127.0359627017570290_37.5612431621990837|127.0358080594423313_37.5612942434570982|127.0357649548084282_37.5613314451612155|127.0357470069464938_37.5613729306825661|127.0357398437842420_37.5614229949302043|127.0357690042511507_37.5615701035394451
2026-09-04T23:16:36.811991+09:00,왕십리역,왕십리역,POI045,KEY_4,1030045101,마조로19길,1030059100,행당동 19-35,127.0393885431442271_37.5596858738063659,1030024602,행당동 19-82,127.0393592414637567_37.5587787106330353,101.0,17.0,서행,127.0393592414637567_37.5587787106330353|127.0393061338484699_37.5590165774156688|127.0393885431442271_37.5596858738063659
2026-09-04T23:16:36.811991+09:00,왕십리역,왕십리역,POI045,KEY_4,1030045201,마조로19길,1030024609,동마중학교,127.0386752783173279_37.5628242955473439,1030030803,마장지하차도,127.0386146617530017_37.5657857831450031,344.0,29.0,원활,127.0386146617530017_37.5657857831450031|127.0385600737579637_37.5657158398768161|127.0384531427916954_37.5655126821268226|127.0383431649115522_37.5651915713588878|127.0382962620837048_37.5651124301483961|127.0382454592931367_37.5650267081474496|127.0381943156338878_37.5648986481030605|127.0381355308392415_37.5645507186013248|127.0381207495017151_37.5643636783626320|127.0381231637716581_37.5642170728807727|127.0381507909637406_37.5640606672231030|127.0382198112129259_37.5638818466911886|127.0383133694872555_37.5636730478102976|127.0385671182345959_37.5631067372239897|127.0386189991260011_37.5629845505551643|127.0386752783173279_37.5628242955473439
2026-09-04T23:16:36.811991+09:00,왕십리역,왕십리역,POI045,KEY_4,1030045202,마조로19길,1030024605,행당동 161-6,127.0392255234201144_37.5587597901073877,1030024608,동마중학교,127.0387006256198958_37.5627180484271079,449.0,11.0,정체,127.0387006256198958_37.5627180484271079|127.0388678464282748_37.5618895184550681|127.0388970839293989_37.5617448859843179|127.0390868398354201_37.5608061850477739|127.0391428382667698_37.5607124718408514|127.0392818177529932_37.5605845589208940|127.0393043065291465_37.5605473357634239|127.0393238520345562_37.5604294013854982|127.0393250098986897_37.5603550590215463|127.0393260724128055_37.5602868386190920|127.0392729172373265_37.5598551369899667|127.0392533748053978_37.5596964211700453|127.0391691423192668_37.5590123107700862|127.0392255234201144_37.5587597901073877
2026-09-04T23:16:36.811991+09:00,왕십리역,왕십리역,POI045,KEY_4,1030046200,고산자로14길,1030107300,행당동 192-49,127.0366876740809516_37.5620177617034372,1030037302,서울특별시립성동청소,127.0359924631133310_37.5620912285831423,62.0,28.0,원활,127.0359924631133310_37.5620912285831423|127.0362763775775790_37.5620498159350049|127.0366876740809516_37.5620177617034372
2026-09-04T23:16:36.811991+09:00,왕십리역,왕십리역,POI045,KEY_4,1030046300,고산자로14길,1030107400,행당동 7,127.0367009081264911_37.5621253665273116,1030029802,행당동 192-40,127.0364219120025808_37.5647259650895009,353.0,10.0,정체,127.0364219120025808_37.5647259650895009|127.0365416540318364_37.5646629426064109|127.0368387063582674_37.5643967140319930|127.0368600695454404_37.5643514893217016|127.0369325873191855_37.5641979726829760|127.0370938059815558_37.5639997984659360|127.0372484053933135_37.5638121632627175|127.0372649247868395_37.5637665081702323|127.0372564144410035_37.5636098924651449|127.0371987457000813_37.5631351441197268|127.0371888387931136_37.5631127250437302|127.0371318140162202_37.5630787078087138|127.0370607004682029_37.5630362860563309|127.0370234718385944_37.5629770725376417|127.0370487862962818_37.5621556368928395|127.0370417118243580_37.5621203290568957|127.0370404865071947_37.5621189307603132|127.0370306045183639_37.5621076537173337|127.0370022209199448_37.5621018827232405|127.0367009081264911_37.5621253665273116
2026-09-04T23:16:36.811991+09:00,왕십리역,왕십리역,POI045,KEY_4,1030051200,왕십리광장로,1030037400,왕십리역앞,127.0359784820327178_37.5611357748002419,1030037100,왕십리역앞,127.0357826189997326_37.5608364862612945,44.0,14.0,정체,127.0357826189997326_37.5608364862612945|127.0357486607465347_37.5609256519804262|127.0357936330141939_37.5610358933276700|127.0358685325253703_37.5611073872131698|127.0359784820327178_37.5611357748002419
2026-09-04T23:16:36.811991+09:00,왕십리역,왕십리역,POI045,KEY_4,1030064200,왕십리광장로,1030024608,동마중학교,127.0387006256198958_37.5627180484271079,1030026401,왕십리역앞,127.0378689884879009_37.5613037113735189,226.0,16.0,서행,127.0378689884879009_37.5613037113735189|127.0378079757911109_37.5616402018536562|127.0377865977822296_37.5617767934806750|127.0377245417596015_37.5622682132607721|127.0377127997241331_37.5624403920444649|127.0377530330382143_37.5625409754472486|127.0378487239693328_37.5626047686992024|127.0387006256198958_37.5627180484271079
2026-09-04T23:16:36.811991+09:00,왕십리역,왕십리역,POI045,KEY_4,1030064300,왕십리광장로,1030026404,왕십리역앞,127.0377309319347319_37.5613082912370047,1030024609,동마중학교,127.0386752783173279_37.5628242955473439,242.0,14.0,정체,127.0386752783173279_37.5628242955473439|127.0377898698108936_37.5627065605114936|127.0376355840434428_37.5626037042817700|127.0375758292617832_37.5624543164691502|127.0375890895391251_37.5622598708882833|127.0376516210575062_37.5617647010788929|127.0376733614598521_37.5616257937989317|127.0377309319347319_37.5613082912370047
2026-09-04T23:16:36.811991+09:00,용산역,용산역,POI046,KEY_1,1020006501,이촌로,1020019800,원효대교북단교차로,126.9549713924562013_37.5315077158583179,1020020403,원효대교북단,126.9553082852605002_37.5317879306578988,43.0,6.0,정체,126.9553082852605002_37.5317879306578988|126.9552595804082529_37.5317588974850480|126.9551463430920109_37.5316836749914486|126.9550491339785054_37.5315936856741885|126.9549713924562013_37.5315077158583179
2026-09-04T23:16:36.811991+09:00,용산역,용산역,POI046,KEY_1,1020006502,이촌로,1020019104,원효대교(북측),126.9547296547672914_37.5310849407541980,1020019800,원효대교북단교차로,126.9549713924562013_37.5315077158583179,52.0,18.0,서행,126.9549713924562013_37.5315077158583179|126.9548823881418684_37.5314051380367530|126.9547955830909842_37.5312469196548548|126.9547296547672914_37.5310849407541980
2026-09-04T23:16:36.811991+09:00,용산역,용산역,POI046,KEY_1,1020006504,이촌로,1020018400,원효대교(북측),126.9545711623072890_37.5306544215694089,1020019103,원효대교(북측),126.9546751732118395_37.5309512393787443,34.0,25.0,원활,126.9546751732118395_37.5309512393787443|126.9546570380824448_37.5309067457603192|126.9545711623072890_37.5306544215694089
2026-09-04T23:16:36.811991+09:00,용산역,용산역,POI046,KEY_1,1020006505,이촌로,1020106600,이촌동 171-1,126.9544359068926269_37.5302142769447897,1020018400,원효대교(북측),126.9545711623072890_37.5306544215694089,50.0,28.0,원활,126.9545711623072890_37.5306544215694089|126.9544809652151400_37.5304060158969790|126.9544442074129051_37.5302666285182838|126.9544359068926269_37.5302142769447897
2026-09-04T23:16:36.811991+09:00,용산역,용산역,POI046,KEY_1,1020006506,이촌로,1020013502,이촌고가차도(남측),126.9585449269514044_37.5242820013251546,1020014202,이촌고가차도(북측),126.9567284262237763_37.5256034794381890,218.0,30.0,원활,126.9567284262237763_37.5256034794381890|126.9574592703260691_37.5249784632239098|126.9578315467532974_37.5247304021404133|126.9585449269514044_37.5242820013251546
2026-09-04T23:16:36.811991+09:00,용산역,용산역,POI046,KEY_1,1020006601,이촌로,1020020402,원효대교북단,126.9553901102148501_37.5317020507255563,1020019101,원효대교(북측),126.9548588027812031_37.5310516019593976,88.0,30.0,원활,126.9548588027812031_37.5310516019593976|126.9549226689843948_37.5312085125953701|126.9550033116491221_37.5313554984575291|126.9550615398033386_37.5314328679821756|126.9551536553410358_37.5315246564589984|126.9552419361069866_37.5316063792257282|126.9553441400846054_37.5316742723173178|126.9553901102148501_37.5317020507255563
2026-09-04T23:16:36.811991+09:00,용산역,용산역,POI046,KEY_1,1020006602,이촌로,1020205500,최소노드배치점,126.9548358306542184_37.5280745473059696,1020014201,이촌고가차도(북측),126.9568310199770877_37.5256741735968973,321.0,34.0,원활,126.9568310199770877_37.5256741735968973|126.9567137750659356_37.5257905141320904|126.9566032818130168_37.5259001546487454|126.9561863225043794_37.5263138922143824|126.9559119746242430_37.5265861169618304|126.9558554148212153_37.5266429384152786|126.9556176202604121_37.5268818317877120|126.9553630706085698_37.5271950322431351|126.9552216938227076_37.5273988835597478|126.9551608101404412_37.5275054945227566|126.9548358306542184_37.5280745473059696
2026-09-04T23:16:36.811991+09:00,용산역,용산역,POI046,KEY_1,1020006603,이촌로,1020014201,이촌고가차도(북측),126.9568310199770877_37.5256741735968973,1020013501,이촌고가차도(남측),126.9586289791741223_37.5243669044741708,216.0,39.0,원활,126.9586289791741223_37.5243669044741708|126.9579171683803196_37.5248143186944176|126.9575528488126537_37.5250570787040729|126.9568310199770877_37.5256741735968973
2026-09-04T23:16:36.811991+09:00,용산역,용산역,POI046,KEY_1,1020007302,한강대로,1020015204,용산역,126.9667170087153636_37.5280456524693449,1020016803,전자상가입구교차로,126.9681558223356888_37.5295644873819896,211.0,34.0,원활,126.9681558223356888_37.5295644873819896|126.9672342806026819_37.5285917021841300|126.9667170087153636_37.5280456524693449
2026-09-04T23:16:36.811991+09:00,용산역,용산역,POI046,KEY_1,1020007303,한강대로,1020014817,용산역사거리,126.9661319906761747_37.5274253090940633,1020015203,용산역,126.9666353702945258_37.5279592626933010,74.0,9.0,정체,126.9666353702945258_37.5279592626933010|126.9661319906761747_37.5274253090940633
2026-09-04T23:16:36.811991+09:00,용산역,용산역,POI046,KEY_1,1020007402,한강대로,1020051500,한강로2가 188-1,126.9673426559004668_37.5285265849111056,1020015201,속성변화점,126.9668253836721163_37.5279805356647955,76.0,34.0,원활,126.9668253836721163_37.5279805356647955|126.9673426559004668_37.5285265849111056
2026-09-04T23:16:36.811991+09:00,용산역,용산역,POI046,KEY_1,1020007404,한강대로,1020015201,속성변화점,126.9668253836721163_37.5279805356647955,1020014814,용산역사거리,126.9662405537631287_37.5273603918662033,86.0,48.0,원활,126.9662405537631287_37.5273603918662033|126.9667439343401583_37.5278943446378008|126.9668253836721163_37.5279805356647955
2026-09-04T23:16:36.811991+09:00,용산역,용산역,POI046,KEY_1,1020007700,청파로,1020173500,최소노드배치점,126.9542456981875063_37.5317279758192655,1020037602,원효대교,126.9568345198735386_37.5332410447366627,285.0,55.5,원활,126.9568345198735386_37.5332410447366627|126.9565849866213654_37.5331524137163512|126.9561176036738885_37.5328605788594274|126.9556559715311721_37.5326013704243877|126.9553154035325093_37.5324227537399153|126.9549297998321720_37.5322109106913047|126.9546531467051835_37.5320271321003176|126.9542456981875063_37.5317279758192655
2026-09-04T23:16:36.811991+09:00,용산역,용산역,POI046,KEY_1,1020008301,새창로,1020143800,한강로3가 3-38,126.9630915470483501_37.5330272864438896,1020022103,용산전자상가앞교차로,126.9629279568080591_37.5332351639350534,27.0,32.0,원활,126.9629279568080591_37.5332351639350534|126.9630538866097140_37.5330634009447337|126.9630915470483501_37.5330272864438896
2026-09-04T23:16:36.811991+09:00,용산역,용산역,POI046,KEY_1,1020008302,새창로,1020020304,한강로3가 23-4,126.9652119205696295_37.5317965792214139,1020021002,신용산지하차도(서측),126.9641478967900383_37.5325528422241064,127.0,42.0,원활,126.9641478967900383_37.5325528422241064|126.9643316528803609_37.5324303445171026|126.9643497266759482_37.5324240929770170|126.9644789739496247_37.5323619601416141|126.9646508439094248_37.5322560774030194|126.9652119205696295_37.5317965792214139
2026-09-04T23:16:36.811991+09:00,용산역,용산역,POI046,KEY_1,1020008304,새창로,1020017803,신용산지하차도(동측),126.9672920986842541_37.5301423807374377,1020021002,신용산지하차도(서측),126.9641478967900383_37.5325528422241064,388.0,23.0,서행,126.9641478967900383_37.5325528422241064|126.9643809266257364_37.5324722401779951|126.9645174119451809_37.5324066289165401|126.9646961706868211_37.5322965008629552|126.9653089376107715_37.5317946698217355|126.9666662371181047_37.5306072265435589|126.9670883183181331_37.5302833177777018|126.9672920986842541_37.5301423807374377
2026-09-04T23:16:36.811991+09:00,용산역,용산역,POI046,KEY_1,1020008306,새창로,1020016803,전자상가입구교차로,126.9681558223356888_37.5295644873819896,1020017802,신용산지하차도(동측),126.9673959720882692_37.5300726947153009,88.0,8.0,정체,126.9673959720882692_37.5300726947153009|126.9677699989137238_37.5298289272809029|126.9679910930038602_37.5296848305883302|126.9679948818404398_37.5296820626562777|126.9681558223356888_37.5295644873819896
2026-09-04T23:16:36.811991+09:00,용산역,용산역,POI046,KEY_1,1020008401,새창로,1020022102,용산전자상가앞교차로,126.9630710658397987_37.5332544033118722,1020021004,신용산지하차도(서측),126.9640622935567649_37.5327015803896558,110.0,12.0,정체,126.9640622935567649_37.5327015803896558|126.9634749367835127_37.5329119529101760|126.9633867785343142_37.5329492144407979|126.9632743505974162_37.5330212208712055|126.9631959939209196_37.5330963613603785|126.9631654873827102_37.5331256156879931|126.9630710658397987_37.5332544033118722
2026-09-04T23:16:36.811991+09:00,용산역,용산역,POI046,KEY_1,1020008402,새창로,1020021001,신용산지하차도(서측),126.9642019833896285_37.5326520130916776,1020020301,한강로2가 2-367,126.9654108854401215_37.5319438111119723,137.0,7.0,정체,126.9654108854401215_37.5319438111119723|126.9648321479170505_37.5324177738388656|126.9646327205503979_37.5325406342616859|126.9644745301098396_37.5326166817303246|126.9644398268731891_37.5326286851676940|126.9642019833896285_37.5326520130916776
2026-09-04T23:16:36.811991+09:00,용산역,용산역,POI046,KEY_1,1020008404,새창로,1020021001,신용산지하차도(서측),126.9642019833896285_37.5326520130916776,1020017804,신용산지하차도(동측),126.9673811166748720_37.5302240136235596,392.0,54.0,원활,126.9673811166748720_37.5302240136235596|126.9671799908457928_37.5303631161555273|126.9667636396161754_37.5306826263665059|126.9654078286461214_37.5318687710402443|126.9647868221242817_37.5323773504322133|126.9645942835487062_37.5324959655255483|126.9644433289083878_37.5325685345548337|126.9642019833896285_37.5326520130916776
2026-09-04T23:16:36.811991+09:00,용산역,용산역,POI046,KEY_1,1020008406,새창로,1020126900,한강로2가 422-1,126.9678559795664512_37.5299126000648968,1020016804,전자상가입구교차로,126.9682403944276103_37.5296494232954956,45.0,15.0,서행,126.9682403944276103_37.5296494232954956|126.9680866539261928_37.5297617379752211|126.9680800395232581_37.5297665700961005|126.9678559795664512_37.5299126000648968
2026-09-04T23:16:36.811991+09:00,용산역,용산역,POI046,KEY_1,1020009702,청파로,1020020404,원효대교북단,126.9556375536380557_37.5319857483433736,1020020600,한강로3가16-65,126.9565323634393508_37.5323743610575846,90.0,14.0,정체,126.9565323634393508_37.5323743610575846|126.9556375536380557_37.5319857483433736
2026-09-04T23:16:36.811991+09:00,용산역,용산역,POI046,KEY_1,1020009703,청파로,1020020600,한강로3가16-65,126.9565323634393508_37.5323743610575846,1020020902,용산전자단지우체국,126.9569058189334640_37.5325337481242514,37.0,15.0,서행,126.9569058189334640_37.5325337481242514|126.9565323634393508_37.5323743610575846
2026-09-04T23:16:36.811991+09:00,용산역,용산역,POI046,KEY_1,1020009704,청파로,1020020902,용산전자단지우체국,126.9569058189334640_37.5325337481242514,1020021304,한강로3가 16-7,126.9574584875420840_37.5327318107459149,54.0,40.0,원활,126.9574584875420840_37.5327318107459149|126.9572579846815188_37.5326702912132433|126.9569058189334640_37.5325337481242514
2026-09-04T23:16:36.811991+09:00,용산역,용산역,POI046,KEY_1,1020009705,청파로,1020119000,한강로3가 16-7,126.9595695472644508_37.5332638198563799,1020021604,한강로3가 16-19,126.9615014024332140_37.5332163732493740,172.0,38.0,원활,126.9615014024332140_37.5332163732493740|126.9602058425279836_37.5333336741990635|126.9600077776086664_37.5333356039105581|126.9597562586833277_37.5333057692181953|126.9595695472644508_37.5332638198563799
2026-09-04T23:16:36.811991+09:00,용산역,용산역,POI046,KEY_1,1020009706,청파로,1020021601,한강로3가 1-5,126.9616473260760756_37.5332073613940054,1020022104,용산전자상가앞교차로,126.9628484822402044_37.5333341021974505,107.0,26.0,원활,126.9628484822402044_37.5333341021974505|126.9618939521689356_37.5332053139414228|126.9617370896390582_37.5332029917991576|126.9616473260760756_37.5332073613940054
2026-09-04T23:16:36.811991+09:00,용산역,용산역,POI046,KEY_1,1020009708,청파로,1020037500,원효대교(북측),126.9542693846201331_37.5315793811471394,1020020404,원효대교북단,126.9556375536380557_37.5319857483433736,129.0,32.0,원활,126.9556375536380557_37.5319857483433736|126.9551388991962710_37.5318433205660398|126.9547492867794602_37.5317238126920998|126.9542693846201331_37.5315793811471394
2026-09-04T23:16:36.811991+09:00,용산역,용산역,POI046,KEY_1,1020009802,청파로,1020020403,원효대교북단,126.9553082852605002_37.5317879306578988,1020020200,원효대교(북측),126.9548392490623030_37.5316133150025451,46.0,29.0,원활,126.9548392490623030_37.5316133150025451|126.9550620163499985_37.5317058967629364|126.9552021760954830_37.5317598740333125|126.9553082852605002_37.5317879306578988
2026-09-04T23:16:36.811991+09:00,용산역,용산역,POI046,KEY_1,1020009803,청파로,1020020901,용산전자단지우체국,126.9569675898006125_37.5324375365610621,1020020401,원효대교북단,126.9557064644342717_37.5318932133014656,127.0,18.0,서행,126.9557064644342717_37.5318932133014656|126.9565965093453883_37.5322790695441242|126.9569675898006125_37.5324375365610621
2026-09-04T23:16:36.811991+09:00,용산역,용산역,POI046,KEY_1,1020009804,청파로,1020021303,한강로3가 16-7,126.9575072985046518_37.5326309196351815,1020020901,용산전자단지우체국,126.9569675898006125_37.5324375365610621,52.0,29.0,원활,126.9569675898006125_37.5324375365610621|126.9573122042361888_37.5325710592489799|126.9575072985046518_37.5326309196351815
2026-09-04T23:16:36.811991+09:00,용산역,용산역,POI046,KEY_1,1020009805,청파로,1020021603,한강로3가 16-7,126.9614677039148063_37.5331106071503697,1020021302,한강로3가 16-7,126.9576337477824950_37.5326706470732603,349.0,23.0,서행,126.9576337477824950_37.5326706470732603|126.9580664129919683_37.5328101154640095|126.9585225787335219_37.5329162450912719|126.9596064120293448_37.5331597618635868|126.9597848075777904_37.5331998428518006|126.9600170076349457_37.5332273860062742|126.9601973228100036_37.5332256286964352|126.9614677039148063_37.5331106071503697
2026-09-04T23:16:36.811991+09:00,용산역,용산역,POI046,KEY_1,1020009806,청파로,1020022103,용산전자상가앞교차로,126.9629279568080591_37.5332351639350534,1020021602,한강로3가 16-39,126.9616029567967104_37.5331011995652588,118.0,18.0,서행,126.9616029567967104_37.5331011995652588|126.9617342044094386_37.5330948103767668|126.9619066244179351_37.5330973627923612|126.9629279568080591_37.5332351639350534
2026-09-04T23:16:36.811991+09:00,용산역,용산역,POI046,KEY_1,1020010101,원효로,1020020501,현대원효로센터앞교차로,126.9539405868904964_37.5322577712034473,1020021802,성불사,126.9566111307023277_37.5331000118838318,264.0,15.0,서행,126.9566111307023277_37.5331000118838318|126.9561594810851517_37.5328179473307841|126.9556942083330568_37.5325566942213769|126.9553618008372524_37.5323823568818753|126.9550080897569586_37.5322928947044829|126.9546935805942809_37.5322579850113343|126.9545090936698841_37.5322510272462040|126.9544108963312965_37.5322473237002754|126.9541630715034586_37.5322472277727215|126.9539405868904964_37.5322577712034473
2026-09-04T23:16:36.811991+09:00,용산역,용산역,POI046,KEY_1,1020010103,원효로,1020056200,원효로3가 47-12,126.9584348464885011_37.5341146938112047,1020024504,원효전화국,126.9602035658032548_37.5348449023069861,176.0,45.7,원활,126.9602035658032548_37.5348449023069861|126.9585590008392302_37.5341732154492931|126.9584348464885011_37.5341146938112047
2026-09-04T23:16:36.811991+09:00,용산역,용산역,POI046,KEY_1,1020010104,원효로,1020024501,원효전화국,126.9603308476740580_37.5348967079158768,1020025504,원효로2가사거리,126.9615466458641890_37.5353906443280891,121.0,42.0,원활,126.9615466458641890_37.5353906443280891|126.9603308476740580_37.5348967079158768
2026-09-04T23:16:36.811991+09:00,용산역,용산역,POI046,KEY_1,1020010105,원효로,1020021801,성불사,126.9567219150006707_37.5331696767850218,1020037602,원효대교,126.9568345198735386_37.5332410447366627,13.0,15.0,서행,126.9568345198735386_37.5332410447366627|126.9567219150006707_37.5331696767850218
2026-09-04T23:16:36.811991+09:00,용산역,용산역,POI046,KEY_1,1020010106,원효로,1020037602,원효대교,126.9568345198735386_37.5332410447366627,1020022803,원효대교북단,126.9572909752407952_37.5335219124607775,51.0,50.5,원활,126.9572909752407952_37.5335219124607775|126.9569699494762745_37.5333268803031075|126.9568345198735386_37.5332410447366627
2026-09-04T23:16:36.811991+09:00,용산역,용산역,POI046,KEY_1,1020010202,원효로,1020021500,스페이스빌딩,126.9567356509816420_37.5330397231732746,1020021100,원효대교(북측),126.9561715111079963_37.5326923837849762,63.0,49.0,원활,126.9561715111079963_37.5326923837849762|126.9567356509816420_37.5330397231732746
2026-09-04T23:16:36.811991+09:00,용산역,용산역,POI046,KEY_1,1020010204,원효로,1020056300,원효로3가 57-2,126.9585040021752462_37.5340216509975093,1020022801,속성변화점,126.9575143077252903_37.5335198035977271,104.0,21.0,서행,126.9575143077252903_37.5335198035977271|126.9577629164446648_37.5336490491793953|126.9578768727078284_37.5337082919235598|126.9583520494125537_37.5339500260028203|126.9585040021752462_37.5340216509975093
2026-09-04T23:16:36.811991+09:00,용산역,용산역,POI046,KEY_1,1020010205,원효로,1020025503,원효로2가사거리,126.9616066918026007_37.5352936610886161,1020024502,원효전화국,126.9603925485917841_37.5348003971819892,120.0,19.0,서행,126.9603925485917841_37.5348003971819892|126.9616066918026007_37.5352936610886161
2026-09-04T23:16:36.811991+09:00,용산역,용산역,POI046,KEY_1,1020010206,원효로,1020037601,원효대교,126.9569192541430027_37.5331563648474642,1020021500,스페이스빌딩,126.9567356509816420_37.5330397231732746,21.0,38.0,원활,126.9567356509816420_37.5330397231732746|126.9569192541430027_37.5331563648474642
2026-09-04T23:16:36.811991+09:00,용산역,용산역,POI046,KEY_1,1020010207,원효로,1020022801,속성변화점,126.9575143077252903_37.5335198035977271,1020037601,원효대교,126.9569192541430027_37.5331563648474642,66.0,18.0,서행,126.9569192541430027_37.5331563648474642|126.9570534673341626_37.5332416291606350|126.9573733231160020_37.5334359509358393|126.9575143077252903_37.5335198035977271
2026-09-04T23:16:36.811991+09:00,용산역,용산역,POI046,KEY_1,1020010302,청파로,1020022101,용산전자상가앞교차로,126.9629950467819413_37.5333538457541422,1020023304,욱천고가차도,126.9667423822990884_37.5338566798318425,336.0,29.0,원활,126.9667423822990884_37.5338566798318425|126.9640513889183637_37.5334956050625834|126.9639175077057160_37.5334776391437899|126.9629950467819413_37.5333538457541422
2026-09-04T23:16:36.811991+09:00,용산역,용산역,POI046,KEY_1,1020010401,청파로,1020023303,욱천고가차도,126.9666991397419622_37.5337412337859959,1020022402,과학동아천문대,126.9640739486854528_37.5333889875427644,235.0,39.0,원활,126.9640739486854528_37.5333889875427644|126.9666991397419622_37.5337412337859959
2026-09-04T23:16:36.811991+09:00,용산역,용산역,POI046,KEY_1,1020010500,새창로,1020162500,신계동 33-1,126.9620261863349242_37.5346299016487635,1020025503,원효로2가사거리,126.9616066918026007_37.5352936610886161,82.0,15.0,서행,126.9616066918026007_37.5352936610886161|126.9620261863349242_37.5346299016487635
2026-09-04T23:16:36.811991+09:00,용산역,용산역,POI046,KEY_1,1020010600,새창로,1020071900,신계동 33-1,126.9622256102794040_37.5345548543234315,1020022101,용산전자상가앞교차로,126.9629950467819413_37.5333538457541422,150.0,22.0,서행,126.9629950467819413_37.5333538457541422|126.9628865667205702_37.5334837393238701|126.9623753062408724_37.5343179881643252|126.9622256102794040_37.5345548543234315
2026-09-04T23:16:36.811991+09:00,용산역,용산역,POI046,KEY_1,1020012200,새창로,1020053600,원효로2가 69-8,126.9614104165255384_37.5358642039830173,1020025501,원효로2가사거리,126.9616681414131563_37.5354389270863322,52.0,15.0,서행,126.9616681414131563_37.5354389270863322|126.9614104165255384_37.5358642039830173
2026-09-04T23:16:36.811991+09:00,용산역,용산역,POI046,KEY_1,1020013001,원효로,1020156300,원효로2가 85-18,126.9621265329987807_37.5355061956467253,1020025502,원효로2가사거리,126.9617281707655394_37.5353419481051134,40.0,34.0,원활,126.9617281707655394_37.5353419481051134|126.9619750621552043_37.5354379534562739|126.9621265329987807_37.5355061956467253
2026-09-04T23:16:36.811991+09:00,용산역,용산역,POI046,KEY_1,1020031003,한강대로23길,1020014811,한강로3가40-999,126.9650319571767909_37.5280002038717555,1020014808,나인트리프리미어로카우스호텔서울용산,126.9650066545708853_37.5276421187492488,41.0,5.0,정체,126.9650066545708853_37.5276421187492488|126.9649914191819278_37.5277013522904355|126.9649619436993220_37.5278251817468700|126.9649731538123945_37.5279028153889769|126.9650111793189211_37.5279786063186336|126.9650319571767909_37.5280002038717555
2026-09-04T23:16:36.811991+09:00,용산역,용산역,POI046,KEY_1,1020031004,한강대로23길,1020015802,용산역광장앞삼거리,126.9655870495660963_37.5285771917394086,1020014810,한강로3가40-999,126.9651145625119995_37.5280860680841215,69.0,14.0,정체,126.9651145625119995_37.5280860680841215|126.9655870495660963_37.5285771917394086
2026-09-04T23:16:36.811991+09:00,용산역,용산역,POI046,KEY_1,1020031103,한강대로23길,1020014813,한강로3가40-999,126.9649986264322621_37.5281433310974464,1020015803,용산역광장앞삼거리,126.9654792857407983_37.5286429499279635,70.0,5.0,정체,126.9654792857407983_37.5286429499279635|126.9649986264322621_37.5281433310974464
2026-09-04T23:16:36.811991+09:00,용산역,용산역,POI046,KEY_1,1020031104,한강대로23길,1020014809,나인트리프리미어로카우스호텔서울용산,126.9648618974692766_37.5276661459034742,1020014812,한강로3가40-999,126.9649132840756920_37.5280546215653175,45.0,5.0,정체,126.9649132840756920_37.5280546215653175|126.9648920477050780_37.5280325472795724|126.9648403574404796_37.5279295185643349|126.9648247157962260_37.5278211990720649|126.9648582224020572_37.5276804338166627|126.9648618974692766_37.5276661459034742
2026-09-04T23:16:36.811991+09:00,용산역,용산역,POI046,KEY_1,1020031200,한강대로29길,1020015203,용산역,126.9666353702945258_37.5279592626933010,1020015802,용산역광장앞삼거리,126.9655870495660963_37.5285771917394086,115.0,10.0,정체,126.9655870495660963_37.5285771917394086|126.9666353702945258_37.5279592626933010
2026-09-04T23:16:36.811991+09:00,용산역,용산역,POI046,KEY_1,1020031300,한강대로29길,1020015801,용산역광장앞삼거리,126.9656695215508364_37.5286630905805509,1020015204,용산역,126.9667170087153636_37.5280456524693449,115.0,9.0,정체,126.9667170087153636_37.5280456524693449|126.9656695215508364_37.5286630905805509
2026-09-04T23:16:36.811991+09:00,용산역,용산역,POI046,KEY_1,1020031800,한강대로23길,1020016503,래미안용산더센트럴아파트,126.9665866344622600_37.5293810609541154,1020015801,용산역광장앞삼거리,126.9656695215508364_37.5286630905805509,117.0,31.0,원활,126.9656695215508364_37.5286630905805509|126.9662201108448301_37.5292376820034406|126.9663585298970645_37.5293159554833409|126.9664976804328944_37.5293681540214692|126.9665866344622600_37.5293810609541154
2026-09-04T23:16:36.811991+09:00,용산역,용산역,POI046,KEY_1,1020031900,한강대로23길,1020015804,용산역광장앞삼거리,126.9655615980971248_37.5287286830372580,1020016504,래미안용산더센트럴아파트,126.9665623007562090_37.5294874303158039,126.0,9.0,정체,126.9665623007562090_37.5294874303158039|126.9664558863780712_37.5294719906999603|126.9662897668189885_37.5294096751808439|126.9661246990065138_37.5293163310360498|126.9655615980971248_37.5287286830372580
2026-09-04T23:16:36.811991+09:00,용산역,용산역,POI046,KEY_1,1020033800,한강대로23길,1020017802,신용산지하차도(동측),126.9673959720882692_37.5300726947153009,1020016502,래미안용산더센트럴아파트,126.9668186628177295_37.5294998350448381,82.0,8.0,정체,126.9668186628177295_37.5294998350448381|126.9668353525807589_37.5295109193249630|126.9673959720882692_37.5300726947153009
2026-09-04T23:16:36.811991+09:00,용산역,용산역,POI046,KEY_1,1020033900,한강대로23길,1020016501,래미안용산더센트럴아파트,126.9667317143194367_37.5295828712989419,1020017803,신용산지하차도(동측),126.9672920986842541_37.5301423807374377,79.0,8.0,정체,126.9672920986842541_37.5301423807374377|126.9667377225475065_37.5295868616176236|126.9667317143194367_37.5295828712989419
2026-09-04T23:16:36.811991+09:00,용산역,용산역,POI046,KEY_1,1020037600,청파로20길,1020121400,한강로2가 16-8,126.9668210577428340_37.5331389847105044,1020023303,욱천고가차도,126.9666991397419622_37.5337412337859959,68.0,36.0,원활,126.9666991397419622_37.5337412337859959|126.9668024994931272_37.5332225614810042|126.9668210577428340_37.5331389847105044
2026-09-04T23:16:36.811991+09:00,용산역,용산역,POI046,KEY_1,1020034800,이촌로2길,1020017500,이촌119안전센터,126.9523654405978732_37.5299851049663928,1020019104,원효대교(북측),126.9547296547672914_37.5310849407541980,251.0,26.0,원활,126.9547296547672914_37.5310849407541980|126.9545655803105433_37.5310328345768127|126.9543726239541144_37.5309286287612096|126.9540821407545081_37.5307553338088766|126.9530819266436481_37.5301623577747137|126.9528911683399315_37.5300492648525363|126.9527252955329146_37.5299509250104393|126.9526356021338103_37.5299314301440461|126.9525667304034755_37.5299311114793284|126.9525008186408570_37.5299355755796711|126.9523654405978732_37.5299851049663928
2026-09-04T23:16:36.811991+09:00,용산역,용산역,POI046,KEY_1,1020034900,이촌로,1020018400,원효대교(북측),126.9545711623072890_37.5306544215694089,1020018700,원효대교(북측),126.9543146494929005_37.5307598839378187,27.0,16.0,서행,126.9543146494929005_37.5307598839378187|126.9544437703061419_37.5307416362807444|126.9545056917429804_37.5307121037020153|126.9545534666634836_37.5306713040317206|126.9545711623072890_37.5306544215694089
2026-09-04T23:16:36.811991+09:00,용산역,용산역,POI046,KEY_1,1020035200,이촌로2길,1020019103,원효대교(북측),126.9546751732118395_37.5309512393787443,1020018700,원효대교(북측),126.9543146494929005_37.5307598839378187,38.0,12.0,정체,126.9543146494929005_37.5307598839378187|126.9544514644855440_37.5308405709979240|126.9546295685219661_37.5309367565745760|126.9546751732118395_37.5309512393787443
2026-09-04T23:16:36.811991+09:00,용산역,용산역,POI046,KEY_1,1020036100,이촌로,1020019104,원효대교(북측),126.9547296547672914_37.5310849407541980,1020019300,원효대교(북측),126.9543441870368383_37.5313612767879334,53.0,16.0,서행,126.9543441870368383_37.5313612767879334|126.9544303469565278_37.5313660691537123|126.9545129769833665_37.5313541456228563|126.9546005674117595_37.5313227226698274|126.9546616289976413_37.5312789475547532|126.9546937077607396_37.5311873829968690|126.9547296547672914_37.5310849407541980
2026-09-04T23:16:36.811991+09:00,용산역,용산역,POI046,KEY_1,1020036300,청파로,1020173900,최소노드배치점,126.9610232494990356_37.5318170658722465,1020021303,한강로3가 16-7,126.9575072985046518_37.5326309196351815,380.0,12.0,정체,126.9575072985046518_37.5326309196351815|126.9578275642214180_37.5318770888071569|126.9579050787331767_37.5318219157228796|126.9580441527752441_37.5317903247534730|126.9581599223025989_37.5317836200292945|126.9582503389003136_37.5318011098269508|126.9587847846923694_37.5319191178751055|126.9592422416729391_37.5319853479552847|126.9598040293009262_37.5320438172580566|126.9599868096045014_37.5320348945443172|126.9602979712750823_37.5319846984666938|126.9610232494990356_37.5318170658722465
2026-09-04T23:16:36.811991+09:00,용산역,용산역,POI046,KEY_1,1020036400,청파로,1020051600,한강로3가 40-999,126.9651342782798906_37.5308520902996037,1020016501,래미안용산더센트럴아파트,126.9667317143194367_37.5295828712989419,286.0,12.0,정체,126.9667317143194367_37.5295828712989419|126.9667342797360448_37.5295871669884633|126.9670026551513899_37.5298632595946771|126.9670198541459598_37.5299346174117971|126.9670018542596779_37.5300299563627817|126.9669516738453154_37.5301004213707472|126.9665305642197239_37.5304917275435486|126.9663500374824423_37.5306268174460413|126.9662430780638118_37.5306336011953618|126.9657310266158277_37.5303634416177161|126.9655336880002920_37.5305204864041144|126.9651342782798906_37.5308520902996037
2026-09-04T23:16:36.811991+09:00,용산역,용산역,POI046,KEY_1,1020036500,이촌로,1020019800,원효대교북단교차로,126.9549713924562013_37.5315077158583179,1020020200,원효대교(북측),126.9548392490623030_37.5316133150025451,20.0,22.0,서행,126.9548392490623030_37.5316133150025451|126.9549083150940731_37.5316110717711027|126.9549509103713802_37.5315900370343911|126.9549709351302482_37.5315664735781809|126.9549752021724913_37.5315409480382698|126.9549713924562013_37.5315077158583179
2026-09-04T23:16:36.811991+09:00,용산역,용산역,POI046,KEY_1,1020037000,청파로20길,1020079500,한강로3가 40-969,126.9629597330628741_37.5320408152329819,1020021603,한강로3가 16-7,126.9614677039148063_37.5331106071503697,225.0,11.0,정체,126.9614677039148063_37.5331106071503697|126.9614047219316859_37.5325343489783307|126.9614013743318850_37.5324176547259896|126.9614508283752343_37.5323318198881850|126.9615635429022689_37.5322869840670563|126.9619319510057380_37.5322220300683327|126.9629597330628741_37.5320408152329819
2026-09-04T23:16:36.811991+09:00,용산역,용산역,POI046,KEY_1,1020037100,청파로20길,1020099000,한강로3가 23-1,126.9637035399275788_37.5320204024149149,1020020304,한강로3가 23-4,126.9652119205696295_37.5317965792214139,140.0,15.0,서행,126.9652119205696295_37.5317965792214139|126.9651393019003365_37.5317424383839153|126.9650994879791170_37.5317344987149681|126.9649852047470375_37.5317530795719136|126.9640726512030824_37.5319553172189231|126.9637035399275788_37.5320204024149149
2026-09-04T23:16:36.811991+09:00,용산역,용산역,POI046,KEY_1,1020037400,청파로,1020020600,한강로3가16-65,126.9565323634393508_37.5323743610575846,1020021100,원효대교(북측),126.9561715111079963_37.5326923837849762,57.0,19.0,서행,126.9561715111079963_37.5326923837849762|126.9563725209901719_37.5326683519297930|126.9564513229297091_37.5326418852762274|126.9565040511106275_37.5325974123742796|126.9565345586347433_37.5325200456337811|126.9565323634393508_37.5323743610575846
2026-09-04T23:16:36.811991+09:00,용산역,용산역,POI046,KEY_1,1020037500,청파로20길,1020023302,욱천고가차도,126.9668127759471901_37.5337599745325932,1020020302,한강로2가 2-367,126.9655029202062337_37.5318643256554978,269.0,14.0,정체,126.9655029202062337_37.5318643256554978|126.9658228653465244_37.5320992742805473|126.9669454772575961_37.5328926487014982|126.9669788188484318_37.5329657490361228|126.9669825954666464_37.5330324178620387|126.9669547514942423_37.5331578118494633|126.9669364015558273_37.5332404496774856|126.9668127759471901_37.5337599745325932
2026-09-04T23:16:36.811991+09:00,용산역,용산역,POI046,KEY_1,1020057001,한강대로,1020041503,용산우체국,126.9688709856765172_37.5301100058853052,1020016801,전자상가입구교차로,126.9683459865975124_37.5295827397858162,75.0,22.0,서행,126.9683459865975124_37.5295827397858162|126.9688709856765172_37.5301100058853052
2026-09-04T23:16:36.811991+09:00,용산역,용산역,POI046,KEY_1,1020037700,원효로,1020021500,스페이스빌딩,126.9567356509816420_37.5330397231732746,1020020902,용산전자단지우체국,126.9569058189334640_37.5325337481242514,60.0,24.7,서행,126.9569058189334640_37.5325337481242514|126.9568100044306647_37.5326661782408806|126.9567290707744291_37.5328556687790567|126.9567356509816420_37.5330397231732746
2026-09-04T23:16:36.811991+09:00,용산역,용산역,POI046,KEY_1,1020038000,청파로,1020022402,과학동아천문대,126.9640739486854528_37.5333889875427644,1020021001,신용산지하차도(서측),126.9642019833896285_37.5326520130916776,83.0,23.0,서행,126.9642019833896285_37.5326520130916776|126.9641861505747897_37.5328649726940426|126.9640739486854528_37.5333889875427644
2026-09-04T23:16:36.811991+09:00,용산역,용산역,POI046,KEY_1,1020038100,청파로,1020021004,신용산지하차도(서측),126.9640622935567649_37.5327015803896558,1020022403,과학동아천문대,126.9639400680898262_37.5333710217557694,75.0,13.0,정체,126.9639400680898262_37.5333710217557694|126.9640510614697462_37.5328526528075628|126.9640622935567649_37.5327015803896558
2026-09-04T23:16:36.811991+09:00,용산역,용산역,POI046,KEY_1,1020038800,청파로,1020022403,과학동아천문대,126.9639400680898262_37.5333710217557694,1020022102,용산전자상가앞교차로,126.9630710658397987_37.5332544033118722,78.0,38.0,원활,126.9630710658397987_37.5332544033118722|126.9639400680898262_37.5333710217557694
2026-09-04T23:16:36.811991+09:00,용산역,용산역,POI046,KEY_1,1020039000,원효로35길,1020021802,성불사,126.9566111307023277_37.5331000118838318,1020023003,원효로3가 262-8,126.9563711597537008_37.5335700537209007,56.0,21.0,서행,126.9563711597537008_37.5335700537209007|126.9566111307023277_37.5331000118838318
2026-09-04T23:16:36.811991+09:00,용산역,용산역,POI046,KEY_1,1020039100,원효로35길,1020023002,원효로3가 257-1,126.9565130570848197_37.5335791274521071,1020021801,성불사,126.9567219150006707_37.5331696767850218,49.0,21.0,서행,126.9567219150006707_37.5331696767850218|126.9565130570848197_37.5335791274521071
2026-09-04T23:16:36.811991+09:00,용산역,용산역,POI046,KEY_1,1020039400,원효로,1020022803,원효대교북단,126.9572909752407952_37.5335219124607775,1020023002,원효로3가 257-1,126.9565130570848197_37.5335791274521071,69.0,15.0,서행,126.9565130570848197_37.5335791274521071|126.9565400311155940_37.5335807898227074|126.9567851336461501_37.5335674182814358|126.9568120776048801_37.5335659483254318|126.9571675861822229_37.5335396550469582|126.9572909752407952_37.5335219124607775
2026-09-04T23:16:36.811991+09:00,용산역,용산역,POI046,KEY_1,1020039500,원효로,1020079800,원효로3가 133-1,126.9567944129417612_37.5336752857926328,1020022804,원효대교북단,126.9574400905556786_37.5336103391808891,58.0,6.0,정체,126.9574400905556786_37.5336103391808891|126.9571859599558792_37.5336468817203510|126.9568229957344698_37.5336737264434745|126.9567944129417612_37.5336752857926328
2026-09-04T23:16:36.811991+09:00,용산역,용산역,POI046,KEY_1,1020039900,원효로48길,1020168400,신계동 42-4,126.9614756097737569_37.5337831190555633,1020024503,원효전화국,126.9602655248851022_37.5347486963228505,151.0,8.0,정체,126.9602655248851022_37.5347486963228505|126.9610542717761490_37.5341193264917905|126.9614756097737569_37.5337831190555633
2026-09-04T23:16:36.811991+09:00,용산역,용산역,POI046,KEY_1,1020040000,원효로48길,1020096400,신계동 43-24,126.9616992885874680_37.5337337588043596,1020021601,한강로3가 1-5,126.9616473260760756_37.5332073613940054,60.0,14.0,정체,126.9616473260760756_37.5332073613940054|126.9616850607653760_37.5332679821519903|126.9617061301868972_37.5334117541946028|126.9617361756409224_37.5336167752948100|126.9617091124944182_37.5337207321187591|126.9616992885874680_37.5337337588043596
2026-09-04T23:16:36.811991+09:00,용산역,용산역,POI046,KEY_1,1020040900,청파로,1020023304,욱천고가차도,126.9667423822990884_37.5338566798318425,1020026402,용산고가차도(북측),126.9704843093111037_37.5363492385874977,467.0,51.0,원활,126.9704843093111037_37.5363492385874977|126.9704227801793621_37.5361717784474251|126.9701495821165622_37.5355871197905202|126.9699845691585267_37.5353053026188022|126.9698975191507628_37.5351873692026388|126.9697449137036358_37.5350072940416624|126.9695389623419288_37.5348080100099253|126.9693899613785675_37.5346822917854368|126.9691796804427781_37.5345333431076682|126.9688675278101329_37.5343596834213500|126.9687428200648611_37.5342995915658406|126.9686065249130706_37.5342441222367000|126.9683645420976745_37.5341627846816905|126.9679751237316907_37.5340780955624211|126.9676503836511898_37.5340186887597653|126.9667423822990884_37.5338566798318425
2026-09-04T23:16:36.811991+09:00,용산역,용산역,POI046,KEY_1,1020055800,한강대로21나길,1020039901,용산역(경춘선),126.9641176719463544_37.5286186792737837,1020014813,한강로3가40-999,126.9649986264322621_37.5281433310974464,95.0,7.0,정체,126.9649986264322621_37.5281433310974464|126.9647835836461098_37.5282153525752520|126.9647283623979348_37.5282448024578343|126.9641176719463544_37.5286186792737837
2026-09-04T23:16:36.811991+09:00,용산역,용산역,POI046,KEY_1,1020056100,한강대로23길,1020014816,용산역사거리,126.9660504142522797_37.5273387770719893,1020014811,한강로3가40-999,126.9650319571767909_37.5280002038717555,116.0,7.0,정체,126.9650319571767909_37.5280002038717555|126.9660504142522797_37.5273387770719893
2026-09-04T23:16:36.811991+09:00,용산역,용산역,POI046,KEY_1,1020056200,한강대로23길,1020014810,한강로3가40-999,126.9651145625119995_37.5280860680841215,1020014817,용산역사거리,126.9661319906761747_37.5274253090940633,116.0,7.0,정체,126.9661319906761747_37.5274253090940633|126.9651145625119995_37.5280860680841215
2026-09-04T23:16:36.811991+09:00,이태원역,이태원역,POI047,KEY_2,1020009500,보광로,1020157400,이태원동 131-33,126.9940373387562431_37.5339474192291860,1020003103,이태원역앞교차로,126.9938722101036319_37.5344410134072106,57.0,10.0,정체,126.9938722101036319_37.5344410134072106|126.9939255349719502_37.5342547060894063|126.9940373387562431_37.5339474192291860
2026-09-04T23:16:36.811991+09:00,이태원역,이태원역,POI047,KEY_2,1020010701,이태원로,1020109600,이태원동 119-23,126.9934065376017003_37.5345186269656637,1020003104,이태원역앞교차로,126.9938609433052790_37.5345487608536530,40.0,16.0,서행,126.9938609433052790_37.5345487608536530|126.9934065376017003_37.5345186269656637
2026-09-04T23:16:36.811991+09:00,이태원역,이태원역,POI047,KEY_2,1020010800,이태원로,1020093600,이태원동 57-6,126.9901670978671575_37.5341952578389240,1020003002,녹사평역,126.9881954058624700_37.5340760770369641,175.0,12.0,정체,126.9881954058624700_37.5340760770369641|126.9888746584762771_37.5341095041848334|126.9895083789417214_37.5341515534771304|126.9899064253265237_37.5341779633098369|126.9901670978671575_37.5341952578389240
2026-09-04T23:16:36.811991+09:00,이태원역,이태원역,POI047,KEY_2,1020011101,이태원로,1020167100,이태원동 119-23,126.9944655556111286_37.5345901775849882,1020024204,이태원소방파출소,126.9954968238074144_37.5346610574196760,91.0,6.0,정체,126.9954968238074144_37.5346610574196760|126.9944655556111286_37.5345901775849882
2026-09-04T23:16:36.811991+09:00,이태원역,이태원역,POI047,KEY_2,1020011102,이태원로,1020024201,이태원소방파출소,126.9956371857134911_37.5346703540578233,1020025304,이태원호텔앞교차로,126.9986418686788028_37.5352583937875650,280.0,12.0,정체,126.9986418686788028_37.5352583937875650|126.9984212314769110_37.5351188313605419|126.9982335515615830_37.5350249822649857|126.9980583342124731_37.5349517245471205|126.9978393040948390_37.5348749734958176|126.9976622321914590_37.5348302588598415|126.9974202076542866_37.5347917072044979|126.9972001370625776_37.5347636612448596|126.9968571305746536_37.5347459155125946|126.9956371857134911_37.5346703540578233
2026-09-04T23:16:36.811991+09:00,이태원역,이태원역,POI047,KEY_2,1020011201,이태원로,1020024203,이태원소방파출소,126.9955363307621354_37.5345552498172168,1020003102,이태원역앞교차로,126.9940088155564695_37.5344502604877519,136.0,9.0,정체,126.9940088155564695_37.5344502604877519|126.9944772309336969_37.5344824577926843|126.9955363307621354_37.5345552498172168
2026-09-04T23:16:36.811991+09:00,이태원역,이태원역,POI047,KEY_2,1020011202,이태원로,1020025303,이태원호텔앞교차로,126.9987263153591641_37.5351737312984781,1020024202,이태원소방파출소,126.9956725121214589_37.5345640956228834,285.0,17.0,서행,126.9956725121214589_37.5345640956228834|126.9968667962878328_37.5346380677732867|126.9972152987085821_37.5346560983237794|126.9974442596476365_37.5346852761054279|126.9976961690244082_37.5347254028548534|126.9978873030321580_37.5347736685373405|126.9981173019449585_37.5348542624446893|126.9983013090689639_37.5349311962862444|126.9984997949651415_37.5350304478139734|126.9987263153591641_37.5351737312984781
2026-09-04T23:16:36.811991+09:00,이태원역,이태원역,POI047,KEY_2,1020035800,우사단로10길,1020063700,이태원동 137-71,126.9973461434624795_37.5330913789416840,1020021402,보광초등학교,126.9956899673288291_37.5330078219414247,149.0,9.0,정체,126.9956899673288291_37.5330078219414247|126.9957471709841883_37.5330071120154045|126.9959092532463245_37.5329895166849070|126.9959908705287717_37.5329962436548925|126.9967100332990952_37.5331265163957823|126.9968007706584103_37.5331409709456594|126.9970508064429566_37.5331553276982532|126.9970573683931434_37.5331539068610311|126.9973461434624795_37.5330913789416840
2026-09-04T23:16:36.811991+09:00,이태원역,이태원역,POI047,KEY_2,1020037200,우사단로,1020019604,보광초교,126.9965895979005239_37.5314169517780911,1020021403,보광초등학교,126.9955478948623835_37.5330095850120031,200.0,21.0,서행,126.9955478948623835_37.5330095850120031|126.9955854463118499_37.5329070733362755|126.9956459380082094_37.5327986977635888|126.9960112393039111_37.5322685994321645|126.9965895979005239_37.5314169517780911
2026-09-04T23:16:36.811991+09:00,이태원역,이태원역,POI047,KEY_2,1020037300,우사단로,1020021402,보광초등학교,126.9956899673288291_37.5330078219414247,1020019601,보광초교,126.9967090173040560_37.5314683853719586,193.0,15.0,서행,126.9967090173040560_37.5314683853719586|126.9961304606680130_37.5323203253718063|126.9957676933582462_37.5328467489747055|126.9957132225621166_37.5329443380426113|126.9956899673288291_37.5330078219414247
2026-09-04T23:16:36.811991+09:00,이태원역,이태원역,POI047,KEY_2,1020039700,우사단로,1020063400,이태원동 137-23,126.9955993093615803_37.5340288073665604,1020024203,이태원소방파출소,126.9955363307621354_37.5345552498172168,59.0,7.0,정체,126.9955363307621354_37.5345552498172168|126.9955674338379481_37.5344291020757268|126.9956003436716969_37.5340381328912898|126.9955993093615803_37.5340288073665604
2026-09-04T23:16:36.811991+09:00,이태원역,이태원역,POI047,KEY_2,1020039800,우사단로,1020127900,이태원동 137-23,126.9956810738919017_37.5335371339901727,1020021401,보광초등학교,126.9956544097363604_37.5331163963296177,47.0,3.0,정체,126.9956544097363604_37.5331163963296177|126.9956431779321804_37.5331593197407258|126.9956452666882569_37.5332142943968208|126.9956810738919017_37.5335371339901727
2026-09-04T23:16:36.811991+09:00,이태원역,이태원역,POI047,KEY_2,1020041800,이태원로27길,1020091200,이태원동 112-33,126.9941872579211832_37.5354242896055013,1020026204,태국대사관,126.9952756990904561_37.5363269214383237,190.0,14.0,정체,126.9952756990904561_37.5363269214383237|126.9950024930177079_37.5361660973740001|126.9945858125235389_37.5359208138482217|126.9944631524413410_37.5359015925205028|126.9942169223346156_37.5359130027042980|126.9940461223898893_37.5358880581230920|126.9939407102296656_37.5358117362051757|126.9939029380128943_37.5357324209755134|126.9939132882914947_37.5356500538305298|126.9939823977568238_37.5355615331545565|126.9940376114138303_37.5355245435285383|126.9941872579211832_37.5354242896055013
2026-09-04T23:16:36.811991+09:00,이태원역,이태원역,POI047,KEY_2,1020041900,이태원로27길,1020091300,이태원동 111-5,126.9942746628349681_37.5355070255918761,1020024201,이태원소방파출소,126.9956371857134911_37.5346703540578233,170.0,7.0,정체,126.9956371857134911_37.5346703540578233|126.9955842562411448_37.5347850178568478|126.9954134054469819_37.5350706997723336|126.9953750142490776_37.5351183002557249|126.9952378837399039_37.5352883250498763|126.9951738511499997_37.5353312605409712|126.9950719982470559_37.5353558347332807|126.9945933761089663_37.5353577392293118|126.9945100556674760_37.5353687933671125|126.9944205701082751_37.5354092765412304|126.9942746628349681_37.5355070255918761
2026-09-04T23:16:36.811991+09:00,잠실새내역,잠실새내역,POI118,KEY_3,1230021702,석촌호수로,1230353100,잠실동 279,127.0864689721910281_37.5092608070909250,1230039203,잠실동 277-1,127.0857913006940407_37.5107155088263937,173.0,22.0,서행,127.0857913006940407_37.5107155088263937|127.0859355179749457_37.5102051998990049|127.0860448769971782_37.5099333179183532|127.0862025510453179_37.5096427326652702|127.0864085402465520_37.5093331628304583|127.0864689721910281_37.5092608070909250
2026-09-04T23:16:36.811991+09:00,잠실새내역,잠실새내역,POI118,KEY_3,1230021703,석촌호수로,1230039204,잠실동 277-1,127.0857622779248999_37.5108246687258244,1230040503,잠실새내역교차로,127.0855635572315521_37.5116014858236753,88.0,22.0,서행,127.0855635572315521_37.5116014858236753|127.0857622779248999_37.5108246687258244
2026-09-04T23:16:36.811991+09:00,잠실새내역,잠실새내역,POI118,KEY_3,1230021801,석촌호수로,1230353200,잠실동 34-1,127.0865819707457973_37.5093206987781613,1230035804,잠실학원사거리,127.0907435116093893_37.5076347291248027,428.0,36.0,원활,127.0907435116093893_37.5076347291248027|127.0891988654833682_37.5078903869766904|127.0886967870483488_37.5080084362478132|127.0881708286998588_37.5081877992563406|127.0880012683076359_37.5082606960781177|127.0877888032188707_37.5083520377951984|127.0873293019124333_37.5086200596454873|127.0869893609562524_37.5088726575149423|127.0867610863939206_37.5091062405246163|127.0865819707457973_37.5093206987781613
2026-09-04T23:16:36.811991+09:00,잠실새내역,잠실새내역,POI118,KEY_3,1230022501,백제고분로,1230034504,아시아선수촌아파트앞교차로,127.0794760915656525_37.5067976917142687,1230037302,아시아선수촌정문,127.0789846119519098_37.5088462503289861,232.0,10.0,정체,127.0789846119519098_37.5088462503289861|127.0792348638606626_37.5077439618197062|127.0794043146057106_37.5069975607147299|127.0794760915656525_37.5067976917142687
2026-09-04T23:16:36.811991+09:00,잠실새내역,잠실새내역,POI118,KEY_3,1230022502,백제고분로,1230353500,잠실동 125,127.0787072249255090_37.5099907360209954,1230038503,올림피아빌딩,127.0786542685962957_37.5102092272623651,25.0,33.0,원활,127.0786542685962957_37.5102092272623651|127.0787072249255090_37.5099907360209954
2026-09-04T23:16:36.811991+09:00,잠실새내역,잠실새내역,POI118,KEY_3,1230022503,백제고분로,1230038504,올림피아빌딩,127.0786287250056432_37.5103159388886098,1230041203,종합운동장교차로,127.0782816833858391_37.5117845986573144,166.0,26.0,원활,127.0782816833858391_37.5117845986573144|127.0786287250056432_37.5103159388886098
2026-09-04T23:16:36.811991+09:00,잠실새내역,잠실새내역,POI118,KEY_3,1230022601,백제고분로,1230351300,잠실동 258,127.0793710204524842_37.5077634256097809,1230034501,아시아선수촌아파트앞교차로,127.0795914683025813_37.5068694993964726,101.0,28.0,원활,127.0795914683025813_37.5068694993964726|127.0795366621722025_37.5070221123558625|127.0793710204524842_37.5077634256097809
2026-09-04T23:16:36.811991+09:00,잠실새내역,잠실새내역,POI118,KEY_3,1230022602,백제고분로,1230037800,아시아선수촌정문,127.0789738144993350_37.5094612320512866,1230037301,아시아선수촌정문,127.0791244501709514_37.5088668990510925,67.0,15.0,서행,127.0791244501709514_37.5088668990510925|127.0789738144993350_37.5094612320512866
2026-09-04T23:16:36.811991+09:00,잠실새내역,잠실새내역,POI118,KEY_3,1230022604,백제고분로,1230038502,올림피아빌딩,127.0787875343454232_37.5102297243505305,1230037800,아시아선수촌정문,127.0789738144993350_37.5094612320512866,87.0,12.0,정체,127.0789738144993350_37.5094612320512866|127.0788885712924667_37.5098129019347439|127.0788404959359497_37.5100112347870578|127.0787875343454232_37.5102297243505305
2026-09-04T23:16:36.811991+09:00,잠실새내역,잠실새내역,POI118,KEY_3,1230022605,백제고분로,1230041202,종합운동장교차로,127.0784113695261652_37.5118202602699213,1230038501,올림피아빌딩,127.0787621084200936_37.5103359393821023,168.0,10.0,정체,127.0787621084200936_37.5103359393821023|127.0784113695261652_37.5118202602699213
2026-09-04T23:16:36.811991+09:00,잠실새내역,잠실새내역,POI118,KEY_3,1230024502,올림픽로,1230039501,정신여중고교,127.0736954853006182_37.5111786898829180,1230041205,종합운동장교차로,127.0782510546514033_37.5119142943147708,411.0,44.0,원활,127.0782510546514033_37.5119142943147708|127.0777355344654751_37.5118609241788334|127.0736954853006182_37.5111786898829180
2026-09-04T23:16:36.811991+09:00,잠실새내역,잠실새내역,POI118,KEY_3,1230024900,올림픽로,1230358200,최소노드배치점,127.0890986901108874_37.5116423850120313,1230041304,잠실3사거리,127.0924582513479919_37.5119541794962004,299.0,29.0,원활,127.0924582513479919_37.5119541794962004|127.0894865754439849_37.5116660118753273|127.0890986901108874_37.5116423850120313
2026-09-04T23:16:36.811991+09:00,잠실새내역,잠실새내역,POI118,KEY_3,1230025002,올림픽로,1230358100,최소노드배치점,127.0891090387559217_37.5115345789191323,1230040502,잠실새내역교차로,127.0857035804970963_37.5115956032460929,301.0,27.0,원활,127.0857035804970963_37.5115956032460929|127.0879951156214815_37.5115020522100338|127.0885680436061307_37.5115016240106058|127.0891090387559217_37.5115345789191323
2026-09-04T23:16:36.811991+09:00,잠실새내역,잠실새내역,POI118,KEY_3,1230025101,올림픽로,1230040900,잠실동 255,127.0795451503135922_37.5118493118968601,1230041202,종합운동장교차로,127.0784113695261652_37.5118202602699213,101.0,36.0,원활,127.0784113695261652_37.5118202602699213|127.0789150728828076_37.5118612872023789|127.0792928572771814_37.5118610342029228|127.0795451503135922_37.5118493118968601
2026-09-04T23:16:36.811991+09:00,잠실새내역,잠실새내역,POI118,KEY_3,1230025102,올림픽로,1230040600,한국지능형사물인터넷협회,127.0804332107682484_37.5118129433548333,1230040900,잠실동 255,127.0795451503135922_37.5118493118968601,79.0,39.0,원활,127.0795451503135922_37.5118493118968601|127.0804332107682484_37.5118129433548333
2026-09-04T23:16:36.811991+09:00,잠실새내역,잠실새내역,POI118,KEY_3,1230025103,올림픽로,1230040703,잠실지구대,127.0829054041126511_37.5117180965625749,1230040600,한국지능형사물인터넷협회,127.0804332107682484_37.5118129433548333,219.0,30.0,원활,127.0804332107682484_37.5118129433548333|127.0819528580516362_37.5117546475695249|127.0829054041126511_37.5117180965625749
2026-09-04T23:16:36.811991+09:00,잠실새내역,잠실새내역,POI118,KEY_3,1230025104,올림픽로,1230040503,잠실새내역교차로,127.0855635572315521_37.5116014858236753,1230040702,잠실지구대,127.0830409730676962_37.5117125062694399,223.0,37.0,원활,127.0830409730676962_37.5117125062694399|127.0855635572315521_37.5116014858236753
2026-09-04T23:16:36.811991+09:00,잠실새내역,잠실새내역,POI118,KEY_3,1230025202,올림픽로,1230424500,최소노드배치점,127.0819594247720232_37.5118631388527746,1230040504,잠실새내역교차로,127.0855335976985714_37.5117110899299107,316.0,40.0,원활,127.0855335976985714_37.5117110899299107|127.0830484586408744_37.5118204620005500|127.0829120200997835_37.5118261214596131|127.0819594247720232_37.5118631388527746
2026-09-04T23:16:36.811991+09:00,잠실새내역,잠실새내역,POI118,KEY_3,1230027000,석촌호수로,1230356600,잠실동 18-1,127.0850670165109193_37.5140217413784498,1230040501,잠실새내역교차로,127.0856744573367365_37.5117050538603038,263.0,17.0,서행,127.0856744573367365_37.5117050538603038|127.0854547322949060_37.5124799462171339|127.0850670165109193_37.5140217413784498
2026-09-04T23:16:36.811991+09:00,잠실새내역,잠실새내역,POI118,KEY_3,1230027701,백제고분로,1230041205,종합운동장교차로,127.0782510546514033_37.5119142943147708,1230044203,신천중교앞,127.0774299249238197_37.5153939877462790,393.0,12.0,정체,127.0774299249238197_37.5153939877462790|127.0782510546514033_37.5119142943147708
2026-09-04T23:16:36.811991+09:00,잠실새내역,잠실새내역,POI118,KEY_3,1230027801,백제고분로,1230044202,신천중교앞,127.0775633237073521_37.5154139620390339,1230041201,종합운동장교차로,127.0783861885229413_37.5119268938563764,394.0,29.0,원활,127.0783861885229413_37.5119268938563764|127.0775633237073521_37.5154139620390339
2026-09-04T23:16:36.811991+09:00,잠실새내역,잠실새내역,POI118,KEY_3,1230074100,올림픽로12길,1230343800,잠실동 274,127.0833686401427087_37.5069877890081500,1230039303,피처캠프(신천점),127.0828829403486111_37.5108014836183230,434.0,17.5,서행,127.0828829403486111_37.5108014836183230|127.0836489279273422_37.5076846783056865|127.0836420187927303_37.5076355355415885|127.0836385317299033_37.5076107330029842|127.0836104420223052_37.5075215615306234|127.0835997373339410_37.5074979313306827|127.0833686401427087_37.5069877890081500
2026-09-04T23:16:36.811991+09:00,잠실새내역,잠실새내역,POI118,KEY_3,1230074500,백제고분로9길,1230037500,속성변화점,127.0794813125434359_37.5091538969098863,1230037301,아시아선수촌정문,127.0791244501709514_37.5088668990510925,45.0,18.0,서행,127.0791244501709514_37.5088668990510925|127.0794813125434359_37.5091538969098863
2026-09-04T23:16:36.811991+09:00,잠실새내역,잠실새내역,POI118,KEY_3,1230075100,백제고분로9길,1230037800,아시아선수촌정문,127.0789738144993350_37.5094612320512866,1230037700,속성변화점,127.0794532153200009_37.5092637347447635,48.0,11.0,정체,127.0794532153200009_37.5092637347447635|127.0789738144993350_37.5094612320512866
2026-09-04T23:16:36.811991+09:00,잠실새내역,잠실새내역,POI118,KEY_3,1230075200,올림픽로8길,1230345200,잠실동 263,127.0800495933583960_37.5092445044540952,1230037500,속성변화점,127.0794813125434359_37.5091538969098863,51.0,31.0,원활,127.0794813125434359_37.5091538969098863|127.0800495933583960_37.5092445044540952
2026-09-04T23:16:36.811991+09:00,잠실새내역,잠실새내역,POI118,KEY_3,1230075300,올림픽로8길,1230345100,잠실동 257,127.0800231129676234_37.5093519997702458,1230038903,잠실아이파크,127.0801725507411817_37.5104262642441668,147.0,11.0,정체,127.0801725507411817_37.5104262642441668|127.0804008413532671_37.5094548236844929|127.0803904580349553_37.5094333724295268|127.0803522291554515_37.5094029715202808|127.0800231129676234_37.5093519997702458
2026-09-04T23:16:36.811991+09:00,잠실새내역,잠실새내역,POI118,KEY_3,1230076600,백제고분로7길,1230038903,잠실아이파크,127.0801725507411817_37.5104262642441668,1230038502,올림피아빌딩,127.0787875343454232_37.5102297243505305,124.0,11.0,정체,127.0787875343454232_37.5102297243505305|127.0801725507411817_37.5104262642441668
2026-09-04T23:16:36.811991+09:00,잠실새내역,잠실새내역,POI118,KEY_3,1230076700,백제고분로7길,1230038501,올림피아빌딩,127.0787621084200936_37.5103359393821023,1230038904,잠실아이파크,127.0801478779330864_37.5105325853430571,124.0,9.0,정체,127.0801478779330864_37.5105325853430571|127.0787621084200936_37.5103359393821023
2026-09-04T23:16:36.811991+09:00,잠실새내역,잠실새내역,POI118,KEY_3,1230076800,백제고분로7길,1230357500,잠실동 262,127.0811518239590043_37.5105746128225590,1230038902,잠실아이파크,127.0803060223495748_37.5104458918043377,76.0,10.0,정체,127.0803060223495748_37.5104458918043377|127.0811518239590043_37.5105746128225590
2026-09-04T23:16:36.811991+09:00,잠실새내역,잠실새내역,POI118,KEY_3,1230076900,백제고분로7길,1230357600,잠실동 262,127.0811263550866528_37.5106808129218976,1230039304,피처캠프(신천점),127.0828710878363665_37.5109094276610335,156.0,17.0,서행,127.0828710878363665_37.5109094276610335|127.0825055257436702_37.5108644567057610|127.0816055492480956_37.5107537377581792|127.0811263550866528_37.5106808129218976
2026-09-04T23:16:36.811991+09:00,잠실새내역,잠실새내역,POI118,KEY_3,1230077000,백제고분로7길,1230344000,잠실동 271,127.0836883041854435_37.5107842000684073,1230039302,피처캠프(신천점),127.0830201298739155_37.5108060171210980,59.0,10.0,정체,127.0830201298739155_37.5108060171210980|127.0836883041854435_37.5107842000684073
2026-09-04T23:16:36.811991+09:00,잠실새내역,잠실새내역,POI118,KEY_3,1230077100,백제고분로7길,1230039301,피처캠프(신천점),127.0830071143003153_37.5109146527428194,1230039204,잠실동 277-1,127.0857622779248999_37.5108246687258244,244.0,7.0,정체,127.0857622779248999_37.5108246687258244|127.0844068445662174_37.5108689454204338|127.0840316601494067_37.5108811984670325|127.0836938632375279_37.5108922294623497|127.0830071143003153_37.5109146527428194
2026-09-04T23:16:36.811991+09:00,잠실새내역,잠실새내역,POI118,KEY_3,1230077200,올림픽로8길,1230347300,잠실동 253,127.0799794078372571_37.5112677326767354,1230040102,한국지능형사물인터넷협회,127.0799521928648090_37.5115008656669815,26.0,5.0,정체,127.0799521928648090_37.5115008656669815|127.0799748694044808_37.5112875366811664|127.0799794078372571_37.5112677326767354
2026-09-04T23:16:36.811991+09:00,잠실새내역,잠실새내역,POI118,KEY_3,1230077300,올림픽로8길,1230347400,잠실동 253,127.0801129296330458_37.5112871496055504,1230038901,잠실아이파크,127.0802813497855510_37.5105522130446758,83.0,18.5,서행,127.0802813497855510_37.5105522130446758|127.0801129296330458_37.5112871496055504
2026-09-04T23:16:36.811991+09:00,잠실새내역,잠실새내역,POI118,KEY_3,1230078100,올림픽로12길,1230040702,잠실지구대,127.0830409730676962_37.5117125062694399,1230039301,피처캠프(신천점),127.0830071143003153_37.5109146527428194,89.0,8.0,정체,127.0830071143003153_37.5109146527428194|127.0830409730676962_37.5117125062694399
2026-09-04T23:16:36.811991+09:00,잠실새내역,잠실새내역,POI118,KEY_3,1230078200,올림픽로12길,1230039304,피처캠프(신천점),127.0828710878363665_37.5109094276610335,1230040703,잠실지구대,127.0829054041126511_37.5117180965625749,90.0,9.0,정체,127.0829054041126511_37.5117180965625749|127.0828710878363665_37.5109094276610335
2026-09-04T23:16:36.811991+09:00,잠실새내역,잠실새내역,POI118,KEY_3,1230078600,올림픽로8길,1230040600,한국지능형사물인터넷협회,127.0804332107682484_37.5118129433548333,1230040101,한국지능형사물인터넷협회,127.0800845454826629_37.5115034781185273,46.0,17.0,서행,127.0800845454826629_37.5115034781185273|127.0804332107682484_37.5118129433548333
2026-09-04T23:16:36.811991+09:00,잠실새내역,잠실새내역,POI118,KEY_3,1230078700,올림픽로8길,1230040102,한국지능형사물인터넷협회,127.0799521928648090_37.5115008656669815,1230040900,잠실동 255,127.0795451503135922_37.5118493118968601,53.0,19.5,서행,127.0795451503135922_37.5118493118968601|127.0799521928648090_37.5115008656669815
2026-09-04T23:16:36.811991+09:00,잠실새내역,잠실새내역,POI118,KEY_3,1230436901,올림픽로,1230041203,종합운동장교차로,127.0782816833858391_37.5117845986573144,1230188203,종합운동장역,127.0738142849638592_37.5107794587518768,415.0,27.0,원활,127.0738142849638592_37.5107794587518768|127.0766624359143151_37.5112667681648091|127.0776889686936215_37.5114478975817462|127.0777299027053004_37.5114626912692941|127.0777834837586227_37.5114921764978320|127.0782816833858391_37.5117845986573144
2026-09-04T23:16:36.811991+09:00,잠실역,잠실역,POI119,KEY_4,1230003300,송파대로,1230036704,석촌호수앞교차로,127.1039028911642674_37.5087367936795530,1230001703,석촌호수앞교차로,127.1017878219228550_37.5111046223331428,323.0,25.0,원활,127.1017878219228550_37.5111046223331428|127.1039028911642674_37.5087367936795530
2026-09-04T23:16:36.811991+09:00,잠실역,잠실역,POI119,KEY_4,1230003400,송파대로,1230001702,석촌호수앞교차로,127.1019076941057762_37.5111569141952117,1230036701,석촌호수앞교차로,127.1040028890472797_37.5088113302377195,320.0,32.3,원활,127.1040028890472797_37.5088113302377195|127.1019076941057762_37.5111569141952117
2026-09-04T23:16:36.811991+09:00,잠실역,잠실역,POI119,KEY_4,1230003501,송파대로,1230399700,잠실동 41,127.1007560729534731_37.5124412982623454,1230001803,잠실역사거리,127.1001586829554100_37.5132191939759281,101.0,18.0,서행,127.1001586829554100_37.5132191939759281|127.1007560729534731_37.5124412982623454
2026-09-04T23:16:36.811991+09:00,잠실역,잠실역,POI119,KEY_4,1230003601,송파대로,1230001802,잠실역사거리,127.1002879409381165_37.5132580710148957,1230001701,석촌호수앞교차로,127.1018323332335598_37.5112469862295228,262.0,9.0,정체,127.1018323332335598_37.5112469862295228|127.1008718568159566_37.5124977195192244|127.1002879409381165_37.5132580710148957
2026-09-04T23:16:36.811991+09:00,잠실역,잠실역,POI119,KEY_4,1230003802,송파대로,1230044702,잠실대교남측,127.0981251707990225_37.5159789121879115,1230001801,잠실역사거리,127.1002155326109744_37.5133509522926616,345.0,23.0,서행,127.1002155326109744_37.5133509522926616|127.0985290071868548_37.5154712346922068|127.0981251707990225_37.5159789121879115
2026-09-04T23:16:36.811991+09:00,잠실역,잠실역,POI119,KEY_4,1230021500,삼학사로,1230418200,잠실동 46,127.0973734398476296_37.5087240119147722,1230007103,서울놀이마당앞교차로,127.0974453047706589_37.5099321530276910,134.0,30.0,원활,127.0974453047706589_37.5099321530276910|127.0973734398476296_37.5087240119147722
2026-09-04T23:16:36.811991+09:00,잠실역,잠실역,POI119,KEY_4,1230021600,삼학사로,1230007102,서울놀이마당앞교차로,127.0975809295277941_37.5099279073468779,1230034301,석촌호교차로,127.0973845362845935_37.5066262726573783,367.0,27.0,원활,127.0973845362845935_37.5066262726573783|127.0975090109694889_37.5087188942394008|127.0975809295277941_37.5099279073468779
2026-09-04T23:16:36.811991+09:00,잠실역,잠실역,POI119,KEY_4,1230023101,잠실로,1230038303,잠실동 43,127.0947217679651260_37.5101178628557932,1230038602,잠실3삼거리,127.0930971257991189_37.5102585455899913,144.0,31.0,원활,127.0930971257991189_37.5102585455899913|127.0947217679651260_37.5101178628557932
2026-09-04T23:16:36.811991+09:00,잠실역,잠실역,POI119,KEY_4,1230023102,잠실로,1230007103,서울놀이마당앞교차로,127.0974453047706589_37.5099321530276910,1230038302,잠실동 43,127.0948609890413223_37.5101069748518370,229.0,32.5,원활,127.0948609890413223_37.5101069748518370|127.0962459094918131_37.5100132959391175|127.0974453047706589_37.5099321530276910
2026-09-04T23:16:36.811991+09:00,잠실역,잠실역,POI119,KEY_4,1230023201,잠실로,1230038601,잠실3삼거리,127.0931194165767408_37.5103653726765316,1230038304,잠실동 43,127.0947364363945553_37.5102253498387128,144.0,8.0,정체,127.0947364363945553_37.5102253498387128|127.0931194165767408_37.5103653726765316
2026-09-04T23:16:36.811991+09:00,잠실역,잠실역,POI119,KEY_4,1230023202,잠실로,1230393400,잠실동 43,127.0962573939644642_37.5101210286650257,1230007104,서울놀이마당앞교차로,127.0974567909531032_37.5100398856026942,106.0,12.0,정체,127.0974567909531032_37.5100398856026942|127.0962573939644642_37.5101210286650257
2026-09-04T23:16:36.811991+09:00,잠실역,잠실역,POI119,KEY_4,1230023500,잠실로,1230412400,잠실동 42,127.1004419094974480_37.5105947295189637,1230001704,석촌호수앞교차로,127.1017131193153915_37.5111950333109547,131.0,18.5,서행,127.1017131193153915_37.5111950333109547|127.1004641614348145_37.5106046485269218|127.1004419094974480_37.5105947295189637
2026-09-04T23:16:36.811991+09:00,잠실역,잠실역,POI119,KEY_4,1230023600,잠실로,1230001703,석촌호수앞교차로,127.1017878219228550_37.5111046223331428,1230007102,서울놀이마당앞교차로,127.0975809295277941_37.5099279073468779,403.0,19.0,서행,127.0975809295277941_37.5099279073468779|127.0985541482379375_37.5099332768199432|127.0990046849047843_37.5099841635964921|127.0994430355566607_37.5101001528652276|127.0999744578332411_37.5102624598802024|127.1005081875894263_37.5105003764333560|127.1005319432435670_37.5105109657146656|127.1017878219228550_37.5111046223331428
2026-09-04T23:16:36.811991+09:00,잠실역,잠실역,POI119,KEY_4,1230025702,올림픽로,1230422700,최소노드배치점,127.0963985029439982_37.5124235494134552,1230001804,잠실역사거리,127.1000841139758677_37.5133141607708396,341.0,43.0,원활,127.1000841139758677_37.5133141607708396|127.0963985029439982_37.5124235494134552
2026-09-04T23:16:36.811991+09:00,잠실역,잠실역,POI119,KEY_4,1230025801,올림픽로,1230041703,잠실동 39,127.0946882254534103_37.5120601573260686,1230041302,잠실3사거리,127.0926320843072830_37.5118620680798003,183.0,44.0,원활,127.0926320843072830_37.5118620680798003|127.0946882254534103_37.5120601573260686
2026-09-04T23:16:36.811991+09:00,잠실역,잠실역,POI119,KEY_4,1230025802,올림픽로,1230001803,잠실역사거리,127.1001586829554100_37.5132191939759281,1230041702,잠실동 39,127.0948236216370191_37.5120740018570373,489.0,32.0,원활,127.0948236216370191_37.5120740018570373|127.0956739088233007_37.5121671905185963|127.0962807923011582_37.5122821169021705|127.0964379064208174_37.5123200858476054|127.1001586829554100_37.5132191939759281
2026-09-04T23:16:36.811991+09:00,잠실역,잠실역,POI119,KEY_4,1230027302,올림픽로,1230001801,잠실역사거리,127.1002155326109744_37.5133509522926616,1230043404,신천동 8,127.1021667132219335_37.5140202279747825,188.0,20.0,서행,127.1021667132219335_37.5140202279747825|127.1002155326109744_37.5133509522926616
2026-09-04T23:16:36.811991+09:00,잠실역,잠실역,POI119,KEY_4,1230027303,올림픽로,1230043401,신천동 8,127.1022912026975433_37.5140633484028712,1230043804,잠실역(서울8호선),127.1031193148053262_37.5143528991889355,80.0,41.0,원활,127.1031193148053262_37.5143528991889355|127.1022912026975433_37.5140633484028712
2026-09-04T23:16:36.811991+09:00,잠실역,잠실역,POI119,KEY_4,1230027304,올림픽로,1230043801,잠실역(서울8호선),127.1032441614670745_37.5143953515620083,1230044104,송파구청앞교차로,127.1065954149593580_37.5155037548529151,321.0,42.0,원활,127.1065954149593580_37.5155037548529151|127.1032441614670745_37.5143953515620083
2026-09-04T23:16:36.811991+09:00,잠실역,잠실역,POI119,KEY_4,1230027402,올림픽로,1230425600,최소노드배치점,127.1034569107816310_37.5143486498193468,1230001802,잠실역사거리,127.1002879409381165_37.5132580710148957,305.0,31.0,원활,127.1002879409381165_37.5132580710148957|127.1022203942543456_37.5139209223143766|127.1023457587723016_37.5139643456983833|127.1031738699951745_37.5142538961081584|127.1032962137368543_37.5142954974985372|127.1034569107816310_37.5143486498193468
2026-09-04T23:16:36.811991+09:00,잠실역,잠실역,POI119,KEY_4,1230077600,올림픽로.잠실로.사이길,1230038304,잠실동 43,127.0947364363945553_37.5102253498387128,1230041703,잠실동 39,127.0946882254534103_37.5120601573260686,204.0,10.0,정체,127.0946882254534103_37.5120601573260686|127.0947364363945553_37.5102253498387128
2026-09-04T23:16:36.811991+09:00,잠실역,잠실역,POI119,KEY_4,1230077700,올림픽로.잠실로.사이길,1230041702,잠실동 39,127.0948236216370191_37.5120740018570373,1230038301,잠실동 43,127.0948724715403131_37.5102147077519135,206.0,11.0,정체,127.0948724715403131_37.5102147077519135|127.0948236216370191_37.5120740018570373
2026-09-04T23:16:36.811991+09:00,잠실역,잠실역,POI119,KEY_4,1230080800,올림픽로,1230043404,신천동 8,127.1021667132219335_37.5140202279747825,1230044003,어린이교통공원,127.1015862279693067_37.5151316086360467,134.0,8.0,정체,127.1015862279693067_37.5151316086360467|127.1021667132219335_37.5140202279747825
2026-09-04T23:16:36.811991+09:00,잠실역,잠실역,POI119,KEY_4,1230080900,올림픽로,1230044002,어린이교통공원,127.1017112605977104_37.5151736946584151,1230043401,신천동 8,127.1022912026975433_37.5140633484028712,133.0,6.0,정체,127.1022912026975433_37.5140633484028712|127.1017112605977104_37.5151736946584151
2026-09-04T23:16:36.811991+09:00,잠실역,잠실역,POI119,KEY_4,1230081000,올림픽로,1230043804,잠실역(서울8호선),127.1031193148053262_37.5143528991889355,1230044403,신천동 7-21,127.1025553001734067_37.5154467539088188,131.0,14.0,정체,127.1025553001734067_37.5154467539088188|127.1031193148053262_37.5143528991889355
2026-09-04T23:16:36.811991+09:00,잠실역,잠실역,POI119,KEY_4,1230081100,올림픽로,1230044402,신천동 7-21,127.1026803877707039_37.5154887453600807,1230043801,잠실역(서울8호선),127.1032441614670745_37.5143953515620083,131.0,40.0,원활,127.1032441614670745_37.5143953515620083|127.1026803877707039_37.5154887453600807
2026-09-04T23:16:36.811991+09:00,잠실역,잠실역,POI119,KEY_4,1230437101,잠실로,1230188302,잠실길지하차도(서측),127.1024547747106510_37.5113805101291220,1230001702,석촌호수앞교차로,127.1019076941057762_37.5111569141952117,54.0,33.0,원활,127.1019076941057762_37.5111569141952117|127.1024547747106510_37.5113805101291220
2026-09-04T23:16:36.811991+09:00,잠실역,잠실역,POI119,KEY_4,1230437201,잠실로,1230001701,석촌호수앞교차로,127.1018323332335598_37.5112469862295228,1230188303,잠실길지하차도(서측),127.1023918266045030_37.5114715455822392,55.0,6.0,정체,127.1023918266045030_37.5114715455822392|127.1018323332335598_37.5112469862295228
2026-09-04T23:16:36.811991+09:00,잠실역,잠실역,POI119,KEY_4,1230437301,잠실로,1230188502,잠실길지하차도(동측),127.1062173467716150_37.5131578738299325,1230188302,잠실길지하차도(서측),127.1024547747106510_37.5113805101291220,387.0,46.0,원활,127.1024547747106510_37.5113805101291220|127.1030924680476488_37.5116688194554797|127.1037922288458617_37.5120057984034787|127.1044073633298837_37.5122985483592544|127.1051198819620254_37.5126321816150679|127.1062173467716150_37.5131578738299325
2026-09-04T23:16:36.811991+09:00,잠실역,잠실역,POI119,KEY_4,1230437401,잠실로,1230188303,잠실길지하차도(서측),127.1023918266045030_37.5114715455822392,1230188503,잠실길지하차도(동측),127.1061687896124681_37.5132231248888246,386.0,18.5,서행,127.1061687896124681_37.5132231248888246|127.1052815756607259_37.5128152477143786|127.1034974052928277_37.5119907247148916|127.1023918266045030_37.5114715455822392
2026-09-04T23:16:36.811991+09:00,잠실역,잠실역,POI119,KEY_4,1230437501,-,1230188502,잠실길지하차도(동측),127.1062173467716150_37.5131578738299325,1230188402,신천동 30,127.1050426082693434_37.5125336192748193,126.0,28.0,원활,127.1050426082693434_37.5125336192748193|127.1057099909694585_37.5128445639683008|127.1060250249974217_37.5129978687956296|127.1062173467716150_37.5131578738299325
2026-09-04T23:16:36.811991+09:00,잠실역,잠실역,POI119,KEY_4,1230437601,-,1230188403,신천동 30,127.1049002456384613_37.5127083450110632,1230188503,잠실길지하차도(동측),127.1061687896124681_37.5132231248888246,126.0,26.0,원활,127.1061687896124681_37.5132231248888246|127.1058942002584331_37.5131610578152603|127.1056142121499164_37.5130369103311239|127.1049002456384613_37.5127083450110632
2026-09-04T23:16:36.811991+09:00,잠실역,잠실역,POI119,KEY_4,1230437701,잠실로,1230394600,신천동 30,127.1067595331203108_37.5134063123268504,1230188502,잠실길지하차도(동측),127.1062173467716150_37.5131578738299325,55.0,9.5,정체,127.1062173467716150_37.5131578738299325|127.1067595331203108_37.5134063123268504
2026-09-04T23:16:36.811991+09:00,잠실역,잠실역,POI119,KEY_4,1230437801,잠실로,1230188503,잠실길지하차도(동측),127.1061687896124681_37.5132231248888246,1230043204,잠실전화국,127.1073301047804875_37.5137619968566653,119.0,21.5,서행,127.1073301047804875_37.5137619968566653|127.1067103200439448_37.5134744075350568|127.1061687896124681_37.5132231248888246
2026-09-04T23:16:36.811991+09:00,장지역,장지역,POI048,KEY_1,1230000501,송파대로,1230000604,장지교앞교차로,127.1269923146135881_37.4759317298926007,1230013503,장지교앞,127.1269689977646067_37.4762489682989113,35.0,14.0,정체,127.1269689977646067_37.4762489682989113|127.1269923146135881_37.4759317298926007
2026-09-04T23:16:36.811991+09:00,장지역,장지역,POI048,KEY_1,1230000601,송파대로,1230013502,장지교앞,127.1271033322769028_37.4762702251211408,1230000601,장지교앞교차로,127.1271286086057017_37.4759263177463851,38.0,36.5,원활,127.1271286086057017_37.4759263177463851|127.1271033322769028_37.4762702251211408
2026-09-04T23:16:36.811991+09:00,장지역,장지역,POI048,KEY_1,1230001301,송파대로,1230013504,장지교앞,127.1269539868962397_37.4763591432306029,1230014403,장지역사거리,127.1257807374389159_37.4792989981545901,344.0,28.0,원활,127.1257807374389159_37.4792989981545901|127.1266032295630311_37.4775940684485604|127.1267153872522897_37.4773199621971926|127.1268566922320247_37.4769095793527001|127.1269539868962397_37.4763591432306029
2026-09-04T23:16:36.811991+09:00,장지역,장지역,POI048,KEY_1,1230001302,송파대로,1230014404,장지역사거리,127.1257315074845877_37.4793999327968521,1230000803,건영아파트앞교차로,127.1241917169870135_37.4825185713341327,372.0,30.0,원활,127.1241917169870135_37.4825185713341327|127.1253292527007233_37.4802146727817842|127.1257315074845877_37.4793999327968521
2026-09-04T23:16:36.811991+09:00,장지역,장지역,POI048,KEY_1,1230001401,송파대로,1230014402,장지역사거리,127.1259062230151216_37.4793401788441329,1230013501,장지교앞,127.1270852807920164_37.4763914485074707,345.0,17.0,서행,127.1270852807920164_37.4763914485074707|127.1269898196586183_37.4769315164777552|127.1268453664058029_37.4773510462986437|127.1267311217031448_37.4776302528188054|127.1259062230151216_37.4793401788441329
2026-09-04T23:16:36.811991+09:00,장지역,장지역,POI048,KEY_1,1230001402,송파대로,1230299900,문정동 250-13,127.1254555029657922_37.4802542605031093,1230014401,장지역사거리,127.1258570426893897_37.4794409654952076,97.0,19.0,서행,127.1258570426893897_37.4794409654952076|127.1254555029657922_37.4802542605031093
2026-09-04T23:16:36.811991+09:00,장지역,장지역,POI048,KEY_1,1230001501,분당수서로,1230421500,최소노드배치점,127.1179952551913601_37.4777917867211272,1220015902,강남구-송파구,127.1125492606370528_37.4828096944516744,765.0,49.0,서행,127.1125492606370528_37.4828096944516744|127.1132128994780004_37.4826811137614868|127.1134929519644601_37.4826040962937412|127.1138131990407345_37.4824883573599479|127.1140990774141670_37.4823548017758341|127.1143755440086665_37.4822075358555367|127.1146615632740549_37.4820106802260398|127.1148953465730642_37.4818309677371317|127.1151103742952415_37.4816381525698290|127.1152902785904359_37.4814418276170329|127.1156015206883723_37.4810510011883409|127.1163127896964369_37.4800714230576233|127.1178486500348725_37.4779922243427137|127.1179952551913601_37.4777917867211272
2026-09-04T23:16:36.811991+09:00,장지역,장지역,POI048,KEY_1,1230001601,분당수서로,1230421600,최소노드배치점,127.1181319981646709_37.4778553114959649,1230000100,한국지역난방공사강남동남권열원,127.1224581721023839_37.4719375362209703,760.0,76.0,원활,127.1224581721023839_37.4719375362209703|127.1216206648475975_37.4730852461134063|127.1181319981646709_37.4778553114959649
2026-09-04T23:16:36.811991+09:00,장지역,장지역,POI048,KEY_1,1230005800,새말로8길,1230296400,문정동 72-6,127.1267939561596876_37.4806959462897851,1230014701,장지동 839,127.1269309130754692_37.4797546600969440,105.0,17.5,서행,127.1269309130754692_37.4797546600969440|127.1268144591286671_37.4805550336894981|127.1267939561596876_37.4806959462897851
2026-09-04T23:16:36.811991+09:00,장지역,장지역,POI048,KEY_1,1230042602,연화로,1230124404,서울동남권물류단지정문,127.1233157925686896_37.4763349610710108,1230013703,장지동 245-50,127.1233993079223552_37.4767322362474857,45.0,25.0,원활,127.1233993079223552_37.4767322362474857|127.1233157925686896_37.4763349610710108
2026-09-04T23:16:36.811991+09:00,장지역,장지역,POI048,KEY_1,1230042702,연화로,1230013702,장지동 237-15,127.1235332577449526_37.4767143506205329,1230124401,서울동남권물류단지정문,127.1234501559201675_37.4763136369767267,45.0,29.0,원활,127.1234501559201675_37.4763136369767267|127.1235332577449526_37.4767143506205329
2026-09-04T23:16:36.811991+09:00,장지역,장지역,POI048,KEY_1,1230042800,송파대로6길,1230013603,탄천길-거여동길삼거리,127.1277333387761388_37.4763585124254632,1230013502,장지교앞,127.1271033322769028_37.4762702251211408,59.0,21.0,서행,127.1271033322769028_37.4762702251211408|127.1272754956391395_37.4763642806537476|127.1273738808052798_37.4763815938462415|127.1277333387761388_37.4763585124254632
2026-09-04T23:16:36.811991+09:00,장지역,장지역,POI048,KEY_1,1230042900,송파대로6길,1230013501,장지교앞,127.1270852807920164_37.4763914485074707,1230013604,탄천길-거여동길삼거리,127.1277442341634156_37.4764662840414218,61.0,19.0,서행,127.1277442341634156_37.4764662840414218|127.1273644970251695_37.4764906684154653|127.1272205203625134_37.4764653321716281|127.1270852807920164_37.4763914485074707
2026-09-04T23:16:36.811991+09:00,장지역,장지역,POI048,KEY_1,1230043000,충민로2길,1230013604,탄천길-거여동길삼거리,127.1277442341634156_37.4764662840414218,1230013903,장지동 839-5,127.1276159253911260_37.4772523095836974,88.0,25.0,원활,127.1276159253911260_37.4772523095836974|127.1277442341634156_37.4764662840414218
2026-09-04T23:16:36.811991+09:00,장지역,장지역,POI048,KEY_1,1230043100,충민로2길,1230013902,장지동 839-5,127.1277504577886788_37.4772662580162432,1230013601,탄천길-거여동길삼거리,127.1278814912486723_37.4764635389202070,90.0,9.0,정체,127.1278814912486723_37.4764635389202070|127.1277504577886788_37.4772662580162432
2026-09-04T23:16:36.811991+09:00,장지역,장지역,POI048,KEY_1,1230043200,송파대로6길,1230333200,최소노드배치점,127.1324868383645850_37.4777923748985629,1230013602,탄천길-거여동길삼거리,127.1278883144571097_37.4763555551825647,446.0,34.3,원활,127.1278883144571097_37.4763555551825647|127.1280858376613736_37.4763634824942429|127.1285921838900634_37.4763821492441167|127.1291436365430343_37.4764539745276437|127.1297487353769640_37.4765786510002030|127.1304427301450204_37.4767893933662393|127.1309160360531507_37.4769628556507612|127.1313570586968780_37.4771884590788957|127.1323252410417268_37.4776805730498737|127.1324868383645850_37.4777923748985629
2026-09-04T23:16:36.811991+09:00,장지역,장지역,POI048,KEY_1,1230043400,송파대로8길,1230298900,장지동 839-1,127.1290278801988620_37.4775853705287929,1230013902,장지동 839-5,127.1277504577886788_37.4772662580162432,118.0,24.0,서행,127.1277504577886788_37.4772662580162432|127.1287607949420249_37.4775096784668875|127.1290278801988620_37.4775853705287929
2026-09-04T23:16:36.811991+09:00,장지역,장지역,POI048,KEY_1,1230043600,연화로,1230013704,장지동 237-15,127.1234173733339787_37.4768337565781380,1230014103,송파구시설관리공단,127.1233342566863200_37.4784159063536961,179.0,36.0,원활,127.1233342566863200_37.4784159063536961|127.1234362064992922_37.4781841447336674|127.1235101220011785_37.4779506962681666|127.1235313119918544_37.4777830170718289|127.1235222173797297_37.4775671051813575|127.1234173733339787_37.4768337565781380
2026-09-04T23:16:36.811991+09:00,장지역,장지역,POI048,KEY_1,1230043700,연화로,1230014102,송파구시설관리공단,127.1234596003036614_37.4784577788928175,1230013701,장지동 237-15,127.1235521664017654_37.4768215165913574,185.0,15.0,서행,127.1235521664017654_37.4768215165913574|127.1236576258426680_37.4775591590069013|127.1236672090848288_37.4777866366277266|127.1236441065318843_37.4779694412846567|127.1235662560414994_37.4782153197619934|127.1234596003036614_37.4784577788928175
2026-09-04T23:16:36.811991+09:00,장지역,장지역,POI048,KEY_1,1230043800,충민로,1230014103,송파구시설관리공단,127.1233342566863200_37.4784159063536961,1230014303,장사약수터길삼거리,127.1190537152588860_37.4792653210820248,426.0,29.5,원활,127.1190537152588860_37.4792653210820248|127.1193253571912578_37.4789185003177110|127.1195660327592236_37.4787293091517455|127.1197712170566376_37.4786086616826779|127.1200966017663205_37.4784617886132381|127.1204418459357868_37.4783543847228273|127.1207477690774681_37.4782961502269245|127.1216023481827051_37.4781836478253325|127.1216426525138559_37.4781783417377312|127.1220272639370421_37.4781536638628836|127.1223740280481138_37.4781655877837707|127.1227327249021499_37.4782297459976235|127.1233342566863200_37.4784159063536961
2026-09-04T23:16:36.811991+09:00,장지역,장지역,POI048,KEY_1,1230046000,충민로,1230015003,문현중학교,127.1287597899418103_37.4802465402684959,1230014702,장지동 839,127.1269471586656010_37.4796447029341593,174.0,14.0,정체,127.1269471586656010_37.4796447029341593|127.1279022447124447_37.4799089837245560|127.1281896020368549_37.4800103907757389|127.1287597899418103_37.4802465402684959
2026-09-04T23:16:36.811991+09:00,장지역,장지역,POI048,KEY_1,1230043900,충민로,1230014302,장사약수터길삼거리,127.1191688048404274_37.4793225720070069,1230014104,송파구시설관리공단,127.1232857178834763_37.4785168717931612,410.0,34.0,원활,127.1232857178834763_37.4785168717931612|127.1226930928552150_37.4783334680546858|127.1223561087756622_37.4782731931130684|127.1220297938946544_37.4782619724335149|127.1216591802877645_37.4782857520148340|127.1216244598273875_37.4782903229969904|127.1207746177764477_37.4784022021694767|127.1204824637599415_37.4784578151749841|127.1201549987457469_37.4785596887315293|127.1198451885996974_37.4786995309083579|127.1196543930949474_37.4788117178767379|127.1194319941749598_37.4789865430828897|127.1191688048404274_37.4793225720070069
2026-09-04T23:16:36.811991+09:00,장지역,장지역,POI048,KEY_1,1230044000,충민로2길,1230013904,장지동 839-5,127.1275907972595007_37.4773387947976460,1230014703,장지동 839,127.1268161875644154_37.4796071303601366,262.0,20.0,서행,127.1268161875644154_37.4796071303601366|127.1268580538282151_37.4793302454993480|127.1269073471221134_37.4789978870295073|127.1270523166961794_37.4785330927124036|127.1273393673819498_37.4779625279796278|127.1275907972595007_37.4773387947976460
2026-09-04T23:16:36.811991+09:00,장지역,장지역,POI048,KEY_1,1230044100,충민로2길,1230014702,장지동 839,127.1269471586656010_37.4796447029341593,1230013901,장지동 839-5,127.1277199617084079_37.4773718646166003,263.0,9.0,정체,127.1277199617084079_37.4773718646166003|127.1274670703135570_37.4779992271313063|127.1271817218920717_37.4785664097527587|127.1270410744192105_37.4790173501728816|127.1269927676274278_37.4793430590934662|127.1269471586656010_37.4796447029341593
2026-09-04T23:16:36.811991+09:00,장지역,장지역,POI048,KEY_1,1230044200,충민로,1230014403,장지역사거리,127.1257807374389159_37.4792989981545901,1230014102,송파구시설관리공단,127.1234596003036614_37.4784577788928175,226.0,19.0,서행,127.1234596003036614_37.4784577788928175|127.1257807374389159_37.4792989981545901
2026-09-04T23:16:36.811991+09:00,장지역,장지역,POI048,KEY_1,1230044300,충민로,1230014101,송파구시설관리공단,127.1234107446050103_37.4785588491623827,1230014404,장지역사거리,127.1257315074845877_37.4793999327968521,226.0,24.0,서행,127.1257315074845877_37.4793999327968521|127.1234107446050103_37.4785588491623827
2026-09-04T23:16:36.811991+09:00,장지역,장지역,POI048,KEY_1,1230044400,새말로,1230014203,탄천길사거리,127.1170757806192455_37.4794846455472168,1220014801,강남구-송파구,127.1154931512342046_37.4788010034456249,159.0,13.0,정체,127.1154931512342046_37.4788010034456249|127.1170757806192455_37.4794846455472168
2026-09-04T23:16:36.811991+09:00,장지역,장지역,POI048,KEY_1,1230044500,새말로,1220014802,강남구-송파구,127.1154293096839467_37.4788964022459581,1230014204,탄천길사거리,127.1170049036088585_37.4795773073683449,159.0,9.0,정체,127.1170049036088585_37.4795773073683449|127.1154293096839467_37.4788964022459581
2026-09-04T23:16:36.811991+09:00,장지역,장지역,POI048,KEY_1,1230045100,충민로,1230014703,장지동 839,127.1268161875644154_37.4796071303601366,1230014402,장지역사거리,127.1259062230151216_37.4793401788441329,86.0,23.5,서행,127.1259062230151216_37.4793401788441329|127.1265755733222278_37.4795365434929337|127.1268161875644154_37.4796071303601366
2026-09-04T23:16:36.811991+09:00,장지역,장지역,POI048,KEY_1,1230045200,충민로,1230322900,문정동 637,127.1265287058943585_37.4796380084969698,1230014704,문정동 637,127.1267997378765671_37.4797175186294069,26.0,14.0,정체,127.1267997378765671_37.4797175186294069|127.1265287058943585_37.4796380084969698
2026-09-04T23:16:36.811991+09:00,장지역,장지역,POI048,KEY_1,1230045300,연화로,1230014104,송파구시설관리공단,127.1232857178834763_37.4785168717931612,1230015503,송파푸르지오시티,127.1221967121438183_37.4805994669172904,250.0,21.0,서행,127.1221967121438183_37.4805994669172904|127.1226277575302817_37.4797751584865892|127.1228967411226307_37.4792607584681647|127.1232857178834763_37.4785168717931612
2026-09-04T23:16:36.811991+09:00,장지역,장지역,POI048,KEY_1,1230045400,연화로,1230394900,문정동 619,127.1230219721752803_37.4793023481707124,1230014101,송파구시설관리공단,127.1234107446050103_37.4785588491623827,89.0,13.0,정체,127.1234107446050103_37.4785588491623827|127.1230219721752803_37.4793023481707124
2026-09-04T23:16:36.811991+09:00,장지역,장지역,POI048,KEY_1,1230045500,새말로,1230014903,문정동 305-24,127.1185527755407065_37.4801009985019888,1230014202,탄천길사거리,127.1171956964571308_37.4795355088390565,135.0,20.0,서행,127.1171956964571308_37.4795355088390565|127.1185527755407065_37.4801009985019888
2026-09-04T23:16:36.811991+09:00,장지역,장지역,POI048,KEY_1,1230045600,새말로,1230014201,탄천길사거리,127.1171248775366536_37.4796282212593681,1230014904,문정동 305-24,127.1184941078168151_37.4801985694631412,137.0,15.0,서행,127.1184941078168151_37.4801985694631412|127.1171248775366536_37.4796282212593681
2026-09-04T23:16:36.811991+09:00,장지역,장지역,POI048,KEY_1,1230045700,충민로,1230014304,장사약수터길삼거리,127.1189810465568542_37.4793717077558455,1230014903,문정동 305-24,127.1185527755407065_37.4801009985019888,89.0,16.0,서행,127.1185527755407065_37.4801009985019888|127.1189810465568542_37.4793717077558455
2026-09-04T23:16:36.811991+09:00,장지역,장지역,POI048,KEY_1,1230045800,충민로,1230014902,문정동 305-24,127.1186727562944725_37.4801517654565046,1230014301,장사약수터길삼거리,127.1191039257759741_37.4794175370043092,90.0,18.0,서행,127.1191039257759741_37.4794175370043092|127.1186727562944725_37.4801517654565046
2026-09-04T23:16:36.811991+09:00,장지역,장지역,POI048,KEY_1,1230046100,충민로,1230014701,장지동 839,127.1269309130754692_37.4797546600969440,1230015004,문현중학교,127.1286972266236717_37.4803424793124478,170.0,36.0,원활,127.1286972266236717_37.4803424793124478|127.1281307967186649_37.4801078860251593|127.1278524440417073_37.4800096559568630|127.1269309130754692_37.4797546600969440
2026-09-04T23:16:36.811991+09:00,장지역,장지역,POI048,KEY_1,1230046400,연화로.충민로.사이길,1230015503,송파푸르지오시티,127.1221967121438183_37.4805994669172904,1230014302,장사약수터길삼거리,127.1191688048404274_37.4793225720070069,303.0,11.0,정체,127.1191688048404274_37.4793225720070069|127.1221967121438183_37.4805994669172904
2026-09-04T23:16:36.811991+09:00,장지역,장지역,POI048,KEY_1,1230046500,연화로.충민로.사이길,1230014301,장사약수터길삼거리,127.1191039257759741_37.4794175370043092,1230015504,송파푸르지오시티,127.1221468633931693_37.4807007713791833,305.0,11.0,정체,127.1221468633931693_37.4807007713791833|127.1191039257759741_37.4794175370043092
2026-09-04T23:16:36.811991+09:00,장지역,장지역,POI048,KEY_1,1230047400,새말로,1230015804,밤고개로서20길삼거리,127.1217875816867036_37.4814919999727252,1230014902,문정동 305-24,127.1186727562944725_37.4801517654565046,313.0,14.0,정체,127.1186727562944725_37.4801517654565046|127.1217875816867036_37.4814919999727252
2026-09-04T23:16:36.811991+09:00,장지역,장지역,POI048,KEY_1,1230047500,새말로,1230014901,문정동 305-24,127.1186139676453024_37.4802493435114243,1230015805,밤고개로서20길삼거리,127.1217373057993996_37.4815932409139592,314.0,29.0,원활,127.1217373057993996_37.4815932409139592|127.1186139676453024_37.4802493435114243
2026-09-04T23:16:36.811991+09:00,장지역,장지역,POI048,KEY_1,1230047800,연화로,1230015504,송파푸르지오시티,127.1221468633931693_37.4807007713791833,1230015804,밤고개로서20길삼거리,127.1217875816867036_37.4814919999727252,93.0,25.0,원활,127.1217875816867036_37.4814919999727252|127.1221468633931693_37.4807007713791833
2026-09-04T23:16:36.811991+09:00,장지역,장지역,POI048,KEY_1,1230047900,연화로,1230015803,밤고개로서20길삼거리,127.1219083492408828_37.4815437880296969,1230015501,송파푸르지오시티,127.1222744406843645_37.4807375620832630,95.0,10.0,정체,127.1222744406843645_37.4807375620832630|127.1219083492408828_37.4815437880296969
2026-09-04T23:16:36.811991+09:00,장지역,장지역,POI048,KEY_1,1230048400,새말로,1230000803,건영아파트앞교차로,127.1241917169870135_37.4825185713341327,1230015803,밤고개로서20길삼거리,127.1219083492408828_37.4815437880296969,229.0,16.0,서행,127.1219083492408828_37.4815437880296969|127.1241917169870135_37.4825185713341327
2026-09-04T23:16:36.811991+09:00,장지역,장지역,POI048,KEY_1,1230048500,새말로,1230015802,밤고개로서20길삼거리,127.1218571774554107_37.4816446003187878,1230000804,건영아파트앞교차로,127.1241405649993226_37.4826193915541808,229.0,23.0,서행,127.1241405649993226_37.4826193915541808|127.1218571774554107_37.4816446003187878
2026-09-04T23:16:36.811991+09:00,장지역,장지역,POI048,KEY_1,1230247800,탄천동로,1230420800,최소노드배치점,127.1146713685735676_37.4826610947263958,1230014201,탄천길사거리,127.1171248775366536_37.4796282212593681,401.0,39.0,원활,127.1171248775366536_37.4796282212593681|127.1167525544109509_37.4801117059112485|127.1161770444327885_37.4809168351454147|127.1161191890283391_37.4809899385842584|127.1155458448990601_37.4817037128635135|127.1152669905840753_37.4820456224007401|127.1152363650561767_37.4820792986307580|127.1151146958633547_37.4822117411272160|127.1149789575418367_37.4823594972106093|127.1147740271956081_37.4825529438264056|127.1146713685735676_37.4826610947263958
2026-09-04T23:16:36.811991+09:00,장지역,장지역,POI048,KEY_1,1230248500,탄천동로,1230375500,장지동 803-17,127.1181031005176578_37.4781145686661574,1230014203,탄천길사거리,127.1170757806192455_37.4794846455472168,177.0,37.0,원활,127.1170757806192455_37.4794846455472168|127.1180265406988070_37.4782185568334825|127.1181031005176578_37.4781145686661574
2026-09-04T23:16:36.811991+09:00,장지역,장지역,POI048,KEY_1,1230248700,탄천동로,1230014202,탄천길사거리,127.1171956964571308_37.4795355088390565,1230123704,서울동남권물류단지주차장,127.1193655629786292_37.4770488690804982,341.0,14.0,정체,127.1193655629786292_37.4770488690804982|127.1192176397203184_37.4770948524548828|127.1191219842944946_37.4771385757909812|127.1190138353558154_37.4771996137119245|127.1189207250191515_37.4772650360259618|127.1188817639093287_37.4772964411607887|127.1188161190561345_37.4773597409083479|127.1182201131985749_37.4781692847559782|127.1181432556636111_37.4782736774438590|127.1171956964571308_37.4795355088390565
2026-09-04T23:16:36.811991+09:00,장지역,장지역,POI048,KEY_1,1230425600,정의로,1230014904,문정동 305-24,127.1184941078168151_37.4801985694631412,1230184911,동부지방검찰청,127.1177787191544013_37.4813590263818668,143.0,13.0,정체,127.1177787191544013_37.4813590263818668|127.1184941078168151_37.4801985694631412
2026-09-04T23:16:36.811991+09:00,장지역,장지역,POI048,KEY_1,1230425700,정의로,1230184910,동부지방검찰청,127.1179004908147476_37.4814067018039268,1230014901,문정동 305-24,127.1186139676453024_37.4802493435114243,143.0,28.0,원활,127.1186139676453024_37.4802493435114243|127.1179004908147476_37.4814067018039268
2026-09-04T23:16:36.811991+09:00,장지역,장지역,POI048,KEY_1,1230427001,법원로,1230015805,밤고개로서20길삼거리,127.1217373057993996_37.4815932409139592,1230185306,동부지방법원,127.1210112080073174_37.4829087878924270,160.0,24.0,서행,127.1210112080073174_37.4829087878924270|127.1212677420882216_37.4824440038667817|127.1213224066118954_37.4823449628596492|127.1217373057993996_37.4815932409139592
2026-09-04T23:16:36.811991+09:00,장지역,장지역,POI048,KEY_1,1230427101,법원로,1230015807,문정동319-1,127.1214465998811392_37.4823884944289816,1230015802,밤고개로서20길삼거리,127.1218571774554107_37.4816446003187878,90.0,26.0,원활,127.1218571774554107_37.4816446003187878|127.1214465998811392_37.4823884944289816
2026-09-04T23:16:36.811991+09:00,장지역,장지역,POI048,KEY_1,1230438201,송파대로,1230188703,문정동 315-2,127.1239479110468551_37.4833301900742271,1230000801,건영아파트앞교차로,127.1242682197490410_37.4826573644086594,80.0,19.0,서행,127.1242682197490410_37.4826573644086594|127.1239479110468551_37.4833301900742271
2026-09-04T23:16:36.811991+09:00,장지역,장지역,POI048,KEY_1,1230438301,새말로,1230327100,문정동 84-3,127.1259819311826931_37.4827316505952481,1230000802,건영아파트앞교차로,127.1243177664718189_37.4825585751717796,149.0,15.0,서행,127.1243177664718189_37.4825585751717796|127.1243842051824231_37.4825708307456225|127.1246498140282881_37.4826099825514021|127.1248481535320849_37.4826309321312081|127.1249286523521533_37.4826394333383135|127.1254973878396299_37.4826864711153576|127.1259819311826931_37.4827316505952481
2026-09-04T23:16:36.811991+09:00,장지역,장지역,POI048,KEY_1,1230438401,새말로,1230000801,건영아파트앞교차로,127.1242682197490410_37.4826573644086594,1230188805,문정동 84-3,127.1248318838255074_37.4827287527277306,51.0,4.0,정체,127.1248318838255074_37.4827287527277306|127.1245839423819461_37.4827061067117739|127.1243211560425834_37.4826680897622992|127.1242682197490410_37.4826573644086594
2026-09-04T23:16:36.811991+09:00,장지역,장지역,POI048,KEY_1,1230438701,송파대로,1230000804,건영아파트앞교차로,127.1241405649993226_37.4826193915541808,1230000904,문정역앞교차로,127.1223889164570693_37.4860786985646115,414.0,15.0,서행,127.1223889164570693_37.4860786985646115|127.1226010302328149_37.4856577894584291|127.1232300538723479_37.4844095529361496|127.1237511840044618_37.4833753865404802|127.1238001516343417_37.4832819812932385|127.1241405649993226_37.4826193915541808
2026-09-04T23:16:36.811991+09:00,장한평역,장한평역,POI049,KEY_2,1030011902,가람길,1030150700,송정동 73-12,127.0660636492249154_37.5554419149221985,1030023702,용답동 240-2,127.0681080518610599_37.5580381286833358,341.0,36.3,원활,127.0681080518610599_37.5580381286833358|127.0680833790954125_37.5579632071763214|127.0675268791300141_37.5572382691045874|127.0672521834545563_37.5569128883798982|127.0665358814266312_37.5560316575065158|127.0660636492249154_37.5554419149221985
2026-09-04T23:16:36.811991+09:00,장한평역,장한평역,POI049,KEY_2,1030011903,가람길,1030023702,용답동 240-2,127.0681080518610599_37.5580381286833358,1030025002,용답동 240-2,127.0699220168489063_37.5597832874840591,252.0,36.0,원활,127.0699220168489063_37.5597832874840591|127.0693178888312502_37.5592051592301885|127.0681596352914227_37.5581094941159748|127.0681080518610599_37.5580381286833358
2026-09-04T23:16:36.811991+09:00,장한평역,장한평역,POI049,KEY_2,1030011904,가람길,1030025001,용답동 240-1,127.0700092988272303_37.5598645946951990,1030025802,성동구-동대문구,127.0706640715975624_37.5605166515404463,93.0,10.0,정체,127.0706640715975624_37.5605166515404463|127.0705722364046579_37.5603898954754172|127.0704683779562885_37.5602825803238645|127.0700092988272303_37.5598645946951990
2026-09-04T23:16:36.811991+09:00,장한평역,장한평역,POI049,KEY_2,1030012002,가람길,1030025801,성동구-동대문구,127.0707817230801879_37.5604626329549873,1030023701,용답동 240-4,127.0682330886596105_37.5579990528862595,355.0,34.0,원활,127.0682330886596105_37.5579990528862595|127.0682713264218222_37.5580472346584813|127.0694220521514950_37.5591357771302228|127.0700648947949958_37.5597509782769521|127.0705733957858143_37.5602139373299835|127.0706853580158793_37.5603296259075634|127.0707817230801879_37.5604626329549873
2026-09-04T23:16:36.811991+09:00,장한평역,장한평역,POI049,KEY_2,1030017102,천호대로,1030029003,서울교통공사교차로,127.0578745193384265_37.5629294913580480,1030029503,용답동주민센터,127.0564081740788112_37.5640263140196851,178.0,28.0,원활,127.0564081740788112_37.5640263140196851|127.0568949124193523_37.5636634045143367|127.0578745193384265_37.5629294913580480
2026-09-04T23:16:36.811991+09:00,장한평역,장한평역,POI049,KEY_2,1030042100,자동차시장1길,1030025002,용답동 240-2,127.0699220168489063_37.5597832874840591,1030025602,용답동 239-5,127.0694795460457556_37.5601914548097326,61.0,20.0,서행,127.0694795460457556_37.5601914548097326|127.0695305735004013_37.5600964768313617|127.0696184689939514_37.5600157840238040|127.0699220168489063_37.5597832874840591
2026-09-04T23:16:36.811991+09:00,장한평역,장한평역,POI049,KEY_2,1030042200,자동차시장1길,1030025601,용답동 239-5,127.0696120309735733_37.5602198077237688,1030025001,용답동 240-1,127.0700092988272303_37.5598645946951990,53.0,24.0,서행,127.0700092988272303_37.5598645946951990|127.0697171805729795_37.5600901967641434|127.0696470980665111_37.5601545368586756|127.0696120309735733_37.5602198077237688
2026-09-04T23:16:36.811991+09:00,장한평역,장한평역,POI049,KEY_2,1030042700,자동차시장3길,1030080700,용답동 239-3,127.0626580313124947_37.5609577004758961,1030027803,삼우빌딩,127.0628177151623248_37.5616798556884603,81.0,18.0,서행,127.0628177151623248_37.5616798556884603|127.0626580313124947_37.5609577004758961
2026-09-04T23:16:36.811991+09:00,장한평역,장한평역,POI049,KEY_2,1030042800,자동차시장3길,1030080600,용답동 239-3,127.0627917926856298_37.5609389568733505,1030038000,장한평역7번출구,127.0642965515912124_37.5607284470047276,236.0,14.0,정체,127.0642965515912124_37.5607284470047276|127.0642919871739025_37.5606456812307528|127.0642121002419458_37.5602787658555144|127.0626960956658564_37.5605061731907739|127.0627917926856298_37.5609389568733505
2026-09-04T23:16:36.811991+09:00,장한평역,장한평역,POI049,KEY_2,1030042900,동부간선도로,1030025100,군자교,127.0694914376022950_37.5589895207302717,1030025900,군자교,127.0701175317999514_37.5606705619671146,245.0,36.3,서행,127.0701175317999514_37.5606705619671146|127.0701588230862740_37.5606421344186856|127.0703302081732744_37.5605330560024129|127.0704744811331182_37.5604501125154187|127.0705707399724815_37.5603813026632807|127.0706430880468929_37.5603028663759204|127.0706644954758104_37.5602266292418747|127.0706589284612562_37.5601526796620746|127.0706174413148659_37.5600738294254697|127.0705369816159589_37.5599996065564454|127.0701675448919445_37.5596453078755275|127.0696728701305318_37.5591903883753986|127.0694914376022950_37.5589895207302717
2026-09-04T23:16:36.811991+09:00,장한평역,장한평역,POI049,KEY_2,1030043000,천호대로,1030025900,군자교,127.0701175317999514_37.5606705619671146,1030025601,용답동 239-5,127.0696120309735733_37.5602198077237688,75.0,23.7,서행,127.0696120309735733_37.5602198077237688|127.0696067747692268_37.5603510950565536|127.0696425209936535_37.5604426666000180|127.0696971621084259_37.5605078953501774|127.0697978344584129_37.5605650500695276|127.0699303168950109_37.5606141201434482|127.0701175317999514_37.5606705619671146
2026-09-04T23:16:36.811991+09:00,장한평역,장한평역,POI049,KEY_2,1030043100,자동차시장1길,1030025602,용답동 239-5,127.0694795460457556_37.5601914548097326,1030026100,라이온스협회,127.0691306361139681_37.5608034688155001,81.0,29.0,원활,127.0691306361139681_37.5608034688155001|127.0694073891156535_37.5606186787137730|127.0694528594828796_37.5605343709423138|127.0694836450661569_37.5604530829262657|127.0694884192480600_37.5603472850821021|127.0694795460457556_37.5601914548097326
2026-09-04T23:16:36.811991+09:00,장한평역,장한평역,POI049,KEY_2,1030043600,천호대로,1030027202,장한평역교차로,127.0646338799710691_37.5614219416917337,1030026000,장한평역6번출구,127.0644306438098852_37.5607147328150148,81.0,6.0,정체,127.0644306438098852_37.5607147328150148|127.0646338799710691_37.5614219416917337
2026-09-04T23:16:36.811991+09:00,장한평역,장한평역,POI049,KEY_2,1030043700,천호대로,1030038000,장한평역7번출구,127.0642965515912124_37.5607284470047276,1030027203,장한평역교차로,127.0645000404244058_37.5614407132058119,81.0,17.0,서행,127.0645000404244058_37.5614407132058119|127.0642965515912124_37.5607284470047276
2026-09-04T23:16:36.811991+09:00,장한평역,장한평역,POI049,KEY_2,1030043800,천호대로,1030026700,장한평역4번출구,127.0656589832994428_37.5612806361296876,1030026000,장한평역6번출구,127.0644306438098852_37.5607147328150148,137.0,10.0,정체,127.0644306438098852_37.5607147328150148|127.0644883447035483_37.5608696060678895|127.0645396457863825_37.5609422560306925|127.0650642651593358_37.5612257396806299|127.0652499748754849_37.5612756983665648|127.0656589832994428_37.5612806361296876
2026-09-04T23:16:36.811991+09:00,장한평역,장한평역,POI049,KEY_2,1030044400,천호대로,1030038000,장한평역7번출구,127.0642965515912124_37.5607284470047276,1030027300,장한평역,127.0636749913523147_37.5615582305417988,115.0,26.0,원활,127.0636749913523147_37.5615582305417988|127.0639414383298202_37.5614051441747350|127.0643184084713226_37.5609949102709848|127.0643323818184314_37.5609211146359243|127.0642965515912124_37.5607284470047276
2026-09-04T23:16:36.811991+09:00,장한평역,장한평역,POI049,KEY_2,1030045300,자동차시장길,1030029002,서울교통공사교차로,127.0579838383515892_37.5628589219914772,1030028401,용답동 223-7,127.0575234094467589_37.5620294127739029,101.0,9.0,정체,127.0575234094467589_37.5620294127739029|127.0579838383515892_37.5628589219914772
2026-09-04T23:16:36.811991+09:00,장한평역,장한평역,POI049,KEY_2,1030045700,자동차시장길,1030028404,용답동 223-19,127.0573991760311685_37.5620731101225971,1030029003,서울교통공사교차로,127.0578745193384265_37.5629294913580480,104.0,36.0,원활,127.0578745193384265_37.5629294913580480|127.0573991760311685_37.5620731101225971
2026-09-04T23:16:36.811991+09:00,장한평역,장한평역,POI049,KEY_2,1030067701,자동차시장1길,1030042902,용답동 239-2,127.0592655428368971_37.5614411693530243,1030042802,용답동 249-21,127.0586601470560026_37.5584360317965817,338.0,21.0,서행,127.0586601470560026_37.5584360317965817|127.0592655428368971_37.5614411693530243
2026-09-04T23:16:36.811991+09:00,장한평역,장한평역,POI049,KEY_2,1030067801,자동차시장1길,1030042805,용답동 249-21,127.0585192522324434_37.5584540194234151,1030042903,용답동 239-2,127.0591555949161631_37.5614569664410283,338.0,22.0,서행,127.0591555949161631_37.5614569664410283|127.0589707952441216_37.5606568616105108|127.0587149008319727_37.5594097878991775|127.0585192522324434_37.5584540194234151
2026-09-04T23:16:36.811991+09:00,장한평역,장한평역,POI049,KEY_2,1030067901,천호대로,1030042903,용답동 239-2,127.0591555949161631_37.5614569664410283,1050037604,용답동 224-1,127.0593516529250167_37.5622234716224668,87.0,13.0,정체,127.0593516529250167_37.5622234716224668|127.0591555949161631_37.5614569664410283
2026-09-04T23:16:36.811991+09:00,장한평역,장한평역,POI049,KEY_2,1030068001,천호대로,1050037603,용답동 224-1,127.0594543668739362_37.5621991150526071,1030042902,용답동 239-2,127.0592655428368971_37.5614411693530243,86.0,17.0,서행,127.0592655428368971_37.5614411693530243|127.0594543668739362_37.5621991150526071
2026-09-04T23:16:36.811991+09:00,장한평역,장한평역,POI049,KEY_2,1030068101,천호대로,1030028202,속성변화점,127.0611684529429226_37.5619230648949838,1050037603,용답동 224-1,127.0594543668739362_37.5621991150526071,155.0,41.0,원활,127.0594543668739362_37.5621991150526071|127.0599505289799538_37.5621043679588453|127.0605582898425752_37.5620063564312687|127.0610367609639724_37.5619418819347644|127.0611684529429226_37.5619230648949838
2026-09-04T23:16:36.811991+09:00,장한평역,장한평역,POI049,KEY_2,1050003701,천호대로,1030026700,장한평역4번출구,127.0656589832994428_37.5612806361296876,1030027202,장한평역교차로,127.0646338799710691_37.5614219416917337,92.0,37.5,원활,127.0646338799710691_37.5614219416917337|127.0656589832994428_37.5612806361296876
2026-09-04T23:16:36.811991+09:00,장한평역,장한평역,POI049,KEY_2,1050003702,천호대로,1030142800,용답동 224-4,127.0664727944246266_37.5611684491970195,1030026700,장한평역4번출구,127.0656589832994428_37.5612806361296876,73.0,36.0,원활,127.0656589832994428_37.5612806361296876|127.0664727944246266_37.5611684491970195
2026-09-04T23:16:36.811991+09:00,장한평역,장한평역,POI049,KEY_2,1050003703,천호대로,1030025900,군자교,127.0701175317999514_37.5606705619671146,1030026100,라이온스협회,127.0691306361139681_37.5608034688155001,88.0,42.0,원활,127.0691306361139681_37.5608034688155001|127.0701175317999514_37.5606705619671146
2026-09-04T23:16:36.811991+09:00,장한평역,장한평역,POI049,KEY_2,1050003704,천호대로,1050000102,군자교(서측),127.0711993828658564_37.5603647197320356,1030025900,군자교,127.0701175317999514_37.5606705619671146,102.0,43.5,원활,127.0701175317999514_37.5606705619671146|127.0704641978875031_37.5606175571749645|127.0705054805498690_37.5606077738345903|127.0706494170174636_37.5605736634553082|127.0708085808709313_37.5605205660757449|127.0711993828658564_37.5603647197320356
2026-09-04T23:16:36.811991+09:00,장한평역,장한평역,POI049,KEY_2,1050003801,천호대로,1030027201,장한평역교차로,127.0646811371104974_37.5615251565540902,1030027100,장한평역4번출구,127.0656821580608806_37.5613871696903487,90.0,38.0,원활,127.0656821580608806_37.5613871696903487|127.0646811371104974_37.5615251565540902
2026-09-04T23:16:36.811991+09:00,장한평역,장한평역,POI049,KEY_2,1050003802,천호대로,1050182700,장안동 472-2,127.0681955840067872_37.5610410993414305,1030026300,라이온스협회,127.0691536413907556_37.5609100252266259,86.0,28.5,원활,127.0691536413907556_37.5609100252266259|127.0681955840067872_37.5610410993414305
2026-09-04T23:16:36.811991+09:00,장한평역,장한평역,POI049,KEY_2,1050003803,천호대로,1030026300,라이온스협회,127.0691536413907556_37.5609100252266259,1030026200,군자교,127.0705442307436215_37.5607113995430026,125.0,33.0,원활,127.0705442307436215_37.5607113995430026|127.0704971680179369_37.5607225522591150|127.0702565777095998_37.5607614916846231|127.0691536413907556_37.5609100252266259
2026-09-04T23:16:36.811991+09:00,장한평역,장한평역,POI049,KEY_2,1050003804,천호대로,1030026200,군자교,127.0705442307436215_37.5607113995430026,1050000101,군자교(서측),127.0712602140736749_37.5604613880901894,69.0,37.0,원활,127.0712602140736749_37.5604613880901894|127.0708653074909336_37.5606188704233190|127.0706951706114012_37.5606756288918504|127.0705442307436215_37.5607113995430026
2026-09-04T23:16:36.811991+09:00,장한평역,장한평역,POI049,KEY_2,1050004101,장안벚꽃로,1030025802,성동구-동대문구,127.0706640715975624_37.5605166515404463,1050006202,스타PARK아파트,127.0710770045332794_37.5612054138542319,85.0,10.0,정체,127.0710770045332794_37.5612054138542319|127.0710244567467413_37.5610846116788082|127.0708417416250740_37.5607618772411485|127.0706640715975624_37.5605166515404463
2026-09-04T23:16:36.811991+09:00,장한평역,장한평역,POI049,KEY_2,1050004201,장안벚꽃로,1050006902,장평중삼거리,127.0727984448601973_37.5640374509294048,1030025801,성동구-동대문구,127.0707817230801879_37.5604626329549873,435.0,32.0,원활,127.0707817230801879_37.5604626329549873|127.0709627796551615_37.5607125326513867|127.0711508180029909_37.5610446682990400|127.0712256550306734_37.5612171568160065|127.0719049732423827_37.5624755506617305|127.0719083965326774_37.5624815351401935|127.0724829889732064_37.5634860028182516|127.0727984448601973_37.5640374509294048
2026-09-04T23:16:36.811991+09:00,장한평역,장한평역,POI049,KEY_2,1050004301,장한로,1030027204,장한평역교차로,127.0645425885173267_37.5615444898432358,1050006500,장한평역3번출구,127.0649900197555695_37.5622444247279859,87.0,15.0,서행,127.0649900197555695_37.5622444247279859|127.0647189347308625_37.5618452736188502|127.0645425885173267_37.5615444898432358
2026-09-04T23:16:36.811991+09:00,장한평역,장한평역,POI049,KEY_2,1050004401,장한로,1050006400,장한평역3번출구,127.0651094957785290_37.5621930039047314,1030027201,장한평역교차로,127.0646811371104974_37.5615251565540902,83.0,25.0,원활,127.0646811371104974_37.5615251565540902|127.0648403153393673_37.5617966577238533|127.0651094957785290_37.5621930039047314
2026-09-04T23:16:36.811991+09:00,장한평역,장한평역,POI049,KEY_2,1050004402,장한로,1050192900,장안동 469-11,127.0663180099621172_37.5639029871303052,1050006400,장한평역3번출구,127.0651094957785290_37.5621930039047314,218.0,23.0,서행,127.0651094957785290_37.5621930039047314|127.0651485250990049_37.5622504704536908|127.0657164059681463_37.5630528220107180|127.0663142631000824_37.5638975049516048|127.0663180099621172_37.5639029871303052
2026-09-04T23:16:36.811991+09:00,장한평역,장한평역,POI049,KEY_2,1050057700,한천로,1030029004,서울교통공사교차로,127.0579437153332236_37.5630261230406859,1050006708,부품상가삼거리,127.0586134993678229_37.5637686922705853,102.0,7.0,정체,127.0586134993678229_37.5637686922705853|127.0584755531634755_37.5636316051894639|127.0583632433165064_37.5635199943106954|127.0581120472439380_37.5632300505651315|127.0579437153332236_37.5630261230406859
2026-09-04T23:16:36.811991+09:00,장한평역,장한평역,POI049,KEY_2,1050022100,동부간선도로,1030026200,군자교,127.0705442307436215_37.5607113995430026,1050006300,군자교,127.0720004031899322_37.5621203836883524,222.0,33.0,서행,127.0720004031899322_37.5621203836883524|127.0719124162673950_37.5619998686712364|127.0717011281758602_37.5616480562349011|127.0713330110081216_37.5610610060558585|127.0711977074599162_37.5608334788595997|127.0711548207308255_37.5607894423738884|127.0710831415277795_37.5607510247067253|127.0710257228409432_37.5607336456998340|127.0709635215755213_37.5607143405057471|127.0708365577721253_37.5607043400018696|127.0706313913964181_37.5607075218010138|127.0705442307436215_37.5607113995430026
2026-09-04T23:16:36.811991+09:00,장한평역,장한평역,POI049,KEY_2,1050022200,천호대로,1030026300,라이온스협회,127.0691536413907556_37.5609100252266259,1050006102,장안동 480-18,127.0701242734518246_37.5613305352848741,114.0,22.0,서행,127.0701242734518246_37.5613305352848741|127.0700742397946641_37.5611803454351119|127.0700258934481752_37.5610683928558586|127.0699803263200351_37.5610150205068578|127.0699179915692838_37.5609654719892205|127.0698269259394664_37.5609331053207214|127.0691536413907556_37.5609100252266259
2026-09-04T23:16:36.811991+09:00,장한평역,장한평역,POI049,KEY_2,1050022300,장한로6길,1050006101,장안동 480-18,127.0702429499912540_37.5612779573610780,1030026200,군자교,127.0705442307436215_37.5607113995430026,76.0,27.0,원활,127.0705442307436215_37.5607113995430026|127.0702796801526802_37.5609023226316836|127.0702126735769895_37.5609786471802849|127.0701791995159908_37.5610492304342856|127.0701954473470465_37.5611536003310675|127.0702429499912540_37.5612779573610780
2026-09-04T23:16:36.811991+09:00,장한평역,장한평역,POI049,KEY_2,1050022400,장한로6길,1050006202,스타PARK아파트,127.0710770045332794_37.5612054138542319,1050006101,장안동 480-18,127.0702429499912540_37.5612779573610780,83.0,16.0,서행,127.0702429499912540_37.5612779573610780|127.0702801463518199_37.5613311624989521|127.0703338871004888_37.5613656098335653|127.0704211455896342_37.5613866942983634|127.0705169868264193_37.5613850477364934|127.0706453297080998_37.5613572581594894|127.0710770045332794_37.5612054138542319
2026-09-04T23:16:36.811991+09:00,장한평역,장한평역,POI049,KEY_2,1050022500,장한로6길,1050006102,장안동 480-18,127.0701242734518246_37.5613305352848741,1050006201,스타PARK아파트,127.0711261546019557_37.5613063290945135,100.0,22.0,서행,127.0711261546019557_37.5613063290945135|127.0706908564927318_37.5614594480678008|127.0705365648764769_37.5614928555958727|127.0704024220371053_37.5614951602215967|127.0702692269588425_37.5614629766860162|127.0701743445387848_37.5614021572867713|127.0701242734518246_37.5613305352848741
2026-09-04T23:16:36.811991+09:00,장한평역,장한평역,POI049,KEY_2,1050022600,장한로,1050006400,장한평역3번출구,127.0651094957785290_37.5621930039047314,1030027100,장한평역4번출구,127.0656821580608806_37.5613871696903487,116.0,17.0,서행,127.0656821580608806_37.5613871696903487|127.0653729485284629_37.5614973322629879|127.0652831827717080_37.5615808178176422|127.0650499368940558_37.5619671370952375|127.0650380478297450_37.5620696509166976|127.0651094957785290_37.5621930039047314
2026-09-04T23:16:36.811991+09:00,장한평역,장한평역,POI049,KEY_2,1050022700,천호대로,1030027900,장한평역,127.0636987461977441_37.5616646830852758,1050006500,장한평역3번출구,127.0649900197555695_37.5622444247279859,136.0,25.0,원활,127.0649900197555695_37.5622444247279859|127.0648504970743886_37.5620680286746094|127.0647175295089113_37.5619649357354461|127.0640914430972686_37.5617245048653601|127.0636987461977441_37.5616646830852758
2026-09-04T23:16:36.811991+09:00,장한평역,장한평역,POI049,KEY_2,1050056700,천호대로,1030027900,장한평역,127.0636987461977441_37.5616646830852758,1030027204,장한평역교차로,127.0645425885173267_37.5615444898432358,76.0,26.0,원활,127.0645425885173267_37.5615444898432358|127.0636987461977441_37.5616646830852758
2026-09-04T23:16:36.811991+09:00,장한평역,장한평역,POI049,KEY_2,1050056800,천호대로,1030027203,장한평역교차로,127.0645000404244058_37.5614407132058119,1030027300,장한평역,127.0636749913523147_37.5615582305417988,74.0,25.0,원활,127.0636749913523147_37.5615582305417988|127.0645000404244058_37.5614407132058119
2026-09-04T23:16:36.811991+09:00,장한평역,장한평역,POI049,KEY_2,1050056900,천호대로,1030027804,속성변화점,127.0628424554379450_37.5617861664547803,1030027900,장한평역,127.0636987461977441_37.5616646830852758,77.0,26.0,원활,127.0636987461977441_37.5616646830852758|127.0629751084912300_37.5617670089779025|127.0628424554379450_37.5617861664547803
2026-09-04T23:16:36.811991+09:00,장한평역,장한평역,POI049,KEY_2,1050057000,천호대로,1030027300,장한평역,127.0636749913523147_37.5615582305417988,1030027802,삼우빌딩,127.0629513549016281_37.5616605554283538,65.0,44.0,원활,127.0629513549016281_37.5616605554283538|127.0636749913523147_37.5615582305417988
2026-09-04T23:16:36.811991+09:00,장한평역,장한평역,POI049,KEY_2,1050057100,천호대로,1030028201,삼지빌딩,127.0611931909564305_37.5620293760044888,1030027804,속성변화점,127.0628424554379450_37.5617861664547803,148.0,26.0,원활,127.0628424554379450_37.5617861664547803|127.0611931909564305_37.5620293760044888
2026-09-04T23:16:36.811991+09:00,장한평역,장한평역,POI049,KEY_2,1050057200,천호대로,1030027803,삼우빌딩,127.0628177151623248_37.5616798556884603,1030028202,속성변화점,127.0611684529429226_37.5619230648949838,148.0,41.0,원활,127.0611684529429226_37.5619230648949838|127.0628177151623248_37.5616798556884603
2026-09-04T23:16:36.811991+09:00,장한평역,장한평역,POI049,KEY_2,1050057600,한천로,1050186700,장안동 482,127.0585815604546411_37.5635640107395758,1030029001,서울교통공사교차로,127.0580467272918384_37.5629540333191940,83.0,17.0,서행,127.0580467272918384_37.5629540333191940|127.0582247213048817_37.5631696643374866|127.0584722924049856_37.5634554227117903|127.0585815604546411_37.5635640107395758
2026-09-04T23:16:36.811991+09:00,장한평역,장한평역,POI049,KEY_2,1050057800,천호대로,1030029300,국정일보,127.0569879986479975_37.5637421382279157,1030029004,서울교통공사교차로,127.0579437153332236_37.5630261230406859,116.0,38.0,원활,127.0579437153332236_37.5630261230406859|127.0569879986479975_37.5637421382279157
2026-09-04T23:16:36.811991+09:00,장한평역,장한평역,POI049,KEY_2,1050058000,한천로,1050196700,장안동 482,127.0589404032238434_37.5638901989359084,1050006706,부품상가삼거리,127.0588015705685905_37.5637757166667043,18.0,32.0,원활,127.0588015705685905_37.5637757166667043|127.0589253275586685_37.5638795739207936|127.0589404032238434_37.5638901989359084
2026-09-04T23:16:36.811991+09:00,장한평역,장한평역,POI049,KEY_2,1050058100,한천로,1050006709,부품상가삼거리,127.0587030276794707_37.5638501243244036,1050006705,답십리동217-1,127.0608648877731355_37.5653900420829316,256.0,20.0,서행,127.0608648877731355_37.5653900420829316|127.0608585785979727_37.5653846154118582|127.0601635343737428_37.5648966245898634|127.0595596446630680_37.5644710284825152|127.0588503675639771_37.5639711495952753|127.0588308591260471_37.5639574004323364|127.0587030276794707_37.5638501243244036
2026-09-04T23:16:36.811991+09:00,장한평역,장한평역,POI049,KEY_2,1050058300,황물로,1050180200,답십리동 952-2,127.0582500024359831_37.5641933476752001,1050006709,부품상가삼거리,127.0587030276794707_37.5638501243244036,55.0,30.0,원활,127.0587030276794707_37.5638501243244036|127.0582500024359831_37.5641933476752001
2026-09-04T23:16:36.811991+09:00,장한평역,장한평역,POI049,KEY_2,1050058400,황물로,1050006708,부품상가삼거리,127.0586134993678229_37.5637686922705853,1050007304,답십리5지구대,127.0572514594513081_37.5647808125362559,165.0,23.5,서행,127.0572514594513081_37.5647808125362559|127.0574015441680302_37.5646868882744229|127.0581563634882087_37.5641150296059152|127.0586134993678229_37.5637686922705853
2026-09-04T23:16:36.811991+09:00,장한평역,장한평역,POI049,KEY_2,1050060501,천호대로,1050037604,용답동 224-1,127.0593516529250167_37.5622234716224668,1030029002,서울교통공사교차로,127.0579838383515892_37.5628589219914772,141.0,30.0,원활,127.0579838383515892_37.5628589219914772|127.0583281599183607_37.5626484148036894|127.0585326584047294_37.5625320039678314|127.0586760384163370_37.5624593052762776|127.0588775323544439_37.5623721768169858|127.0591413146442079_37.5622827454154162|127.0593516529250167_37.5622234716224668
2026-09-04T23:16:36.811991+09:00,장한평역,장한평역,POI049,KEY_2,1050060701,천호대로,1030029001,서울교통공사교차로,127.0580467272918384_37.5629540333191940,1030028204,삼지빌딩,127.0610595386931436_37.5620489976538323,289.0,26.0,원활,127.0610595386931436_37.5620489976538323|127.0606213566722289_37.5621124992959707|127.0603677903037863_37.5621498628990125|127.0600291775151192_37.5622083156058935|127.0597429978717088_37.5622556964060195|127.0594898707176554_37.5623079996906881|127.0593992958180536_37.5623295887485327|127.0591519469817428_37.5623999606302093|127.0589803520694687_37.5624570624331540|127.0588427266968807_37.5625140092085132|127.0586312982700150_37.5626056078786874|127.0584595127480583_37.5626951007398233|127.0580467272918384_37.5629540333191940
2026-09-04T23:16:36.811991+09:00,천호역,천호역,POI050,KEY_3,1240009802,올림픽로,1230057002,천호사거리,127.1234478477520184_37.5385370305723569,1230056800,천호사거리,127.1233125521570173_37.5381317339889833,47.0,15.0,서행,127.1233125521570173_37.5381317339889833|127.1234478477520184_37.5385370305723569
2026-09-04T23:16:36.811991+09:00,천호역,천호역,POI050,KEY_3,1230091500,풍성로25길,1230423100,최소노드배치점,127.1213202475153992_37.5366159926774401,1230057202,풍납1동주민센터,127.1222889993939589_37.5389396716807582,284.0,15.0,서행,127.1222889993939589_37.5389396716807582|127.1219021881112354_37.5382276816301328|127.1213833795709434_37.5372923015735083|127.1214025863991282_37.5372101448766955|127.1215441560175634_37.5371087097441318|127.1215461125996882_37.5370684600636437|127.1213202475153992_37.5366159926774401
2026-09-04T23:16:36.811991+09:00,천호역,천호역,POI050,KEY_3,1230091700,천호대로,1230056700,천호사거리,127.1231991095257143_37.5382127630712290,1230057100,천호사거리,127.1228015509893083_37.5387585883164832,73.0,21.3,서행,127.1228015509893083_37.5387585883164832|127.1229241648776735_37.5386668308833507|127.1230198352073586_37.5385885389022675|127.1231277941631106_37.5384743769456719|127.1231768092596184_37.5383908689299020|127.1231970416041435_37.5382921018591134|127.1231991095257143_37.5382127630712290
2026-09-04T23:16:36.811991+09:00,천호역,천호역,POI050,KEY_3,1230094400,올림픽대로,1230057202,풍납1동주민센터,127.1222889993939589_37.5389396716807582,1230057601,풍납1동사무소,127.1206171273850600_37.5398267942077126,180.0,42.7,서행,127.1206171273850600_37.5398267942077126|127.1206402519064369_37.5398105049192665|127.1208137207095632_37.5397054359141791|127.1211101440944589_37.5395116516381009|127.1213039218144303_37.5393779552428981|127.1217585328710840_37.5391085831531299|127.1221845741995793_37.5389460379588940|127.1222889993939589_37.5389396716807582
2026-09-04T23:16:36.811991+09:00,천호역,천호역,POI050,KEY_3,1240000503,천호대로,1249137600,성내동 5-19,127.1280382627610948_37.5371810929529701,1240015902,천호신사거리,127.1265613525916365_37.5376636665247787,141.0,17.0,서행,127.1265613525916365_37.5376636665247787|127.1275442594800751_37.5373425089920758|127.1280382627610948_37.5371810929529701
2026-09-04T23:16:36.811991+09:00,천호역,천호역,POI050,KEY_3,1240000901,천호대로,1240015903,천호신사거리,127.1264313401249240_37.5377030556450677,1240016102,속성변화점,127.1258227718012819_37.5378782795148567,57.0,23.0,서행,127.1258227718012819_37.5378782795148567|127.1264313401249240_37.5377030556450677
2026-09-04T23:16:36.811991+09:00,천호역,천호역,POI050,KEY_3,1240000902,천호대로,1240016102,속성변화점,127.1258227718012819_37.5378782795148567,1240016400,천호역7번출구,127.1242070043111596_37.5383086791756000,151.0,34.0,원활,127.1242070043111596_37.5383086791756000|127.1248744937185933_37.5381079577954324|127.1255448371520913_37.5379047060162492|127.1258227718012819_37.5378782795148567
2026-09-04T23:16:36.811991+09:00,천호역,천호역,POI050,KEY_3,1240000903,천호대로,1240016400,천호역7번출구,127.1242070043111596_37.5383086791756000,1230057002,천호사거리,127.1234478477520184_37.5385370305723569,72.0,24.0,서행,127.1234478477520184_37.5385370305723569|127.1242070043111596_37.5383086791756000
2026-09-04T23:16:36.811991+09:00,천호역,천호역,POI050,KEY_3,1240001001,천호대로,1240016101,속성변화점,127.1258700127424532_37.5379796401749530,1240015904,천호신사거리,127.1264995678300238_37.5377983808995310,59.0,15.0,서행,127.1264995678300238_37.5377983808995310|127.1258700127424532_37.5379796401749530
2026-09-04T23:16:36.811991+09:00,천호역,천호역,POI050,KEY_3,1240001003,천호대로,1230057001,천호사거리,127.1235172823043769_37.5387460209010086,1240016500,천호사거리,127.1240195713131129_37.5385827314211369,48.0,6.0,정체,127.1240195713131129_37.5385827314211369|127.1235172823043769_37.5387460209010086
2026-09-04T23:16:36.811991+09:00,천호역,천호역,POI050,KEY_3,1240001301,천호대로,1230057003,천호사거리,127.1233208369298211_37.5385774148515452,1230057100,천호사거리,127.1228015509893083_37.5387585883164832,50.0,9.0,정체,127.1228015509893083_37.5387585883164832|127.1233208369298211_37.5385774148515452
2026-09-04T23:16:36.811991+09:00,천호역,천호역,POI050,KEY_3,1240001302,천호대로,1230057100,천호사거리,127.1228015509893083_37.5387585883164832,1230057201,풍납1동주민센터,127.1224128179309645_37.5388942112432815,38.0,9.5,정체,127.1224128179309645_37.5388942112432815|127.1228015509893083_37.5387585883164832
2026-09-04T23:16:36.811991+09:00,천호역,천호역,POI050,KEY_3,1240001303,천호대로,1230057202,풍납1동주민센터,127.1222889993939589_37.5389396716807582,1230425800,최소노드배치점,127.1206473646241477_37.5399649693936297,187.0,9.0,정체,127.1206473646241477_37.5399649693936297|127.1208002690071339_37.5397806065349755|127.1212122107708637_37.5394811670133990|127.1217838639544340_37.5391353320378940|127.1222889993939589_37.5389396716807582
2026-09-04T23:16:36.811991+09:00,천호역,천호역,POI050,KEY_3,1240001402,천호대로,1249154200,속성변화점,127.1207370515739399_37.5400461468424780,1240032502,천호동 458-32,127.1223997000991659_37.5391372566073969,179.0,48.0,원활,127.1223997000991659_37.5391372566073969|127.1219267779063671_37.5393204408960344|127.1213813850969814_37.5396503892687647|127.1209832957351296_37.5399401536630535|127.1207370515739399_37.5400461468424780
2026-09-04T23:16:36.811991+09:00,천호역,천호역,POI050,KEY_3,1240001405,천호대로,1240032600,천호사거리,127.1229181381820865_37.5389539974583073,1230057004,천호사거리,127.1233910826555729_37.5387889914914226,46.0,36.0,원활,127.1233910826555729_37.5387889914914226|127.1229181381820865_37.5389539974583073
2026-09-04T23:16:36.811991+09:00,천호역,천호역,POI050,KEY_3,1240001406,천호대로,1240032501,성내동 71-18,127.1225232060097312_37.5390917822839612,1240032600,천호사거리,127.1229181381820865_37.5389539974583073,38.0,35.0,원활,127.1229181381820865_37.5389539974583073|127.1225232060097312_37.5390917822839612
2026-09-04T23:16:36.811991+09:00,천호역,천호역,POI050,KEY_3,1240009300,천호옛길,1249137900,성내동 610-4,127.1258292313183631_37.5369283484509992,1240015903,천호신사거리,127.1264313401249240_37.5377030556450677,101.0,13.0,정체,127.1264313401249240_37.5377030556450677|127.1263164556896612_37.5375642510170380|127.1262594729914213_37.5374954036653037|127.1260023829827759_37.5371565622425933|127.1258292313183631_37.5369283484509992
2026-09-04T23:16:36.811991+09:00,천호역,천호역,POI050,KEY_3,1240009701,올림픽로,1230270600,풍납동 490-16,127.1226668613505808_37.5366443114647481,1230056700,천호사거리,127.1231991095257143_37.5382127630712290,180.0,23.0,서행,127.1231991095257143_37.5382127630712290|127.1229568202109164_37.5374869408773861|127.1228079874914840_37.5370410778011561|127.1226668613505808_37.5366443114647481
2026-09-04T23:16:36.811991+09:00,천호역,천호역,POI050,KEY_3,1240009702,올림픽로,1230056700,천호사거리,127.1231991095257143_37.5382127630712290,1230057003,천호사거리,127.1233208369298211_37.5385774148515452,42.0,33.0,원활,127.1233208369298211_37.5385774148515452|127.1231991095257143_37.5382127630712290
2026-09-04T23:16:36.811991+09:00,천호역,천호역,POI050,KEY_3,1240010501,진황도로,1249115700,천호동 410-382,127.1297282195018568_37.5392494506617709,1240003403,천호시장사거리,127.1279040058523577_37.5402699692055037,197.0,18.0,서행,127.1279040058523577_37.5402699692055037|127.1281233888413453_37.5401494195158278|127.1292799313315243_37.5395010700264251|127.1296483811764944_37.5392945149189714|127.1297282195018568_37.5392494506617709
2026-09-04T23:16:36.811991+09:00,천호역,천호역,POI050,KEY_3,1240011101,올림픽로,1230057004,천호사거리,127.1233910826555729_37.5387889914914226,1240017000,천호사거리,127.1235011793470306_37.5391221481703639,38.0,20.0,서행,127.1235011793470306_37.5391221481703639|127.1233910826555729_37.5387889914914226
2026-09-04T23:16:36.811991+09:00,천호역,천호역,POI050,KEY_3,1240011102,올림픽로,1249104900,천호동 428-2,127.1237027452071828_37.5397320880800720,1240003704,광진교남단사거리,127.1242723015992340_37.5412434639985975,175.0,37.0,원활,127.1242723015992340_37.5412434639985975|127.1240122340375507_37.5405538642123275|127.1238499365141621_37.5401235064093299|127.1237057177538929_37.5397410829525455|127.1237027452071828_37.5397320880800720
2026-09-04T23:16:36.811991+09:00,천호역,천호역,POI050,KEY_3,1240011201,올림픽로,1240016900,천호사거리,127.1236242721152223_37.5390697740102013,1230057001,천호사거리,127.1235172823043769_37.5387460209010086,37.0,6.0,정체,127.1235172823043769_37.5387460209010086|127.1236242721152223_37.5390697740102013
2026-09-04T23:16:36.811991+09:00,천호역,천호역,POI050,KEY_3,1240011202,올림픽로,1249118200,천호동 428-2,127.1237604673641783_37.5394819021781032,1240016900,천호사거리,127.1236242721152223_37.5390697740102013,47.0,15.0,서행,127.1236242721152223_37.5390697740102013|127.1237604673641783_37.5394819021781032
2026-09-04T23:16:36.811991+09:00,천호역,천호역,POI050,KEY_3,1240011501,구천면로,1240003408,킴스클럽(천호점),127.1261364525714015_37.5407094515659523,1240003703,광진교남단사거리,127.1243975126236307_37.5411995502778808,163.0,11.0,정체,127.1243975126236307_37.5411995502778808|127.1250523370211170_37.5410149998832807|127.1252564276983179_37.5409574796942067|127.1261364525714015_37.5407094515659523
2026-09-04T23:16:36.811991+09:00,천호역,천호역,POI050,KEY_3,1240011502,구천면로,1249123800,천호동 418-2,127.1266871986057225_37.5405542240687140,1240003407,킴스클럽(천호점),127.1262650007328148_37.5406732206050719,40.0,7.5,정체,127.1262650007328148_37.5406732206050719|127.1266871986057225_37.5405542240687140
2026-09-04T23:16:36.811991+09:00,천호역,천호역,POI050,KEY_3,1240011601,구천면로,1240003406,킴스클럽(천호점),127.1263103069998266_37.5407751443387099,1240003405,천호시장사거리,127.1278224353661557_37.5404323554764829,139.0,9.0,정체,127.1278224353661557_37.5404323554764829|127.1270886044431165_37.5405616113526648|127.1270334400655173_37.5405713277208974|127.1267325053378556_37.5406561474975717|127.1263103069998266_37.5407751443387099
2026-09-04T23:16:36.811991+09:00,천호역,천호역,POI050,KEY_3,1240011602,구천면로,1249150700,천호동 435-2,127.1250976417453842_37.5411169237754336,1240003409,킴스클럽(천호점),127.1261817587292029_37.5408113753436652,102.0,5.0,정체,127.1261817587292029_37.5408113753436652|127.1253017326863954_37.5410594035665426|127.1250976417453842_37.5411169237754336
2026-09-04T23:16:36.811991+09:00,천호역,천호역,POI050,KEY_3,1240012200,구천면로,1249111600,천호동 397-441,127.1300178217984325_37.5410705636680788,1240003402,천호시장사거리,127.1279634389083384_37.5403686754933119,200.0,15.5,서행,127.1279634389083384_37.5403686754933119|127.1280961944452059_37.5404233059771144|127.1286980083948350_37.5405042767628885|127.1290074504487251_37.5405921604635040|127.1293547790916421_37.5407190682850427|127.1296108197300470_37.5408388339810557|127.1298899091390808_37.5409841225037084|127.1300178217984325_37.5410705636680788
2026-09-04T23:16:36.811991+09:00,천호역,천호역,POI050,KEY_3,1240012601,올림픽로,1249109700,천호동 373,127.1246760440397452_37.5419690104642640,1240003702,광진교남단사거리,127.1244358849439777_37.5413034277414468,77.0,40.0,원활,127.1244358849439777_37.5413034277414468|127.1246760440397452_37.5419690104642640
2026-09-04T23:16:36.811991+09:00,천호역,천호역,POI050,KEY_3,1240039600,천호대로,1240016400,천호역7번출구,127.1242070043111596_37.5383086791756000,1230056800,천호사거리,127.1233125521570173_37.5381317339889833,87.0,23.3,서행,127.1233125521570173_37.5381317339889833|127.1233894987534825_37.5382002602406928|127.1235445694257749_37.5382799014588926|127.1235912244469404_37.5383031173539337|127.1237243792602101_37.5383377934522713|127.1238241290205622_37.5383378663987912|127.1239965496080515_37.5383281493004475|127.1242070043111596_37.5383086791756000
2026-09-04T23:16:36.811991+09:00,천호역,천호역,POI050,KEY_3,1240040000,천호대로,1240016900,천호사거리,127.1236242721152223_37.5390697740102013,1240016500,천호사거리,127.1240195713131129_37.5385827314211369,66.0,22.0,서행,127.1240195713131129_37.5385827314211369|127.1238606684004111_37.5387097157003780|127.1237243793176361_37.5388452644014663|127.1236423181457553_37.5389854711084467|127.1236242721152223_37.5390697740102013
2026-09-04T23:16:36.811991+09:00,천호역,천호역,POI050,KEY_3,1240040200,천호대로157길,1249121100,천호동 454-49,127.1267213376215466_37.5381549599408473,1240003404,천호시장사거리,127.1277656314485256_37.5403316272977321,263.0,9.0,정체,127.1277656314485256_37.5403316272977321|127.1277764803604811_37.5400663754616346|127.1276287872081667_37.5395939952034325|127.1274683047712841_37.5391935724405386|127.1273335079728923_37.5389564198065386|127.1267213376215466_37.5381549599408473
2026-09-04T23:16:36.811991+09:00,천호역,천호역,POI050,KEY_3,1240040300,천호대로,1240032600,천호사거리,127.1229181381820865_37.5389539974583073,1240017000,천호사거리,127.1235011793470306_37.5391221481703639,58.0,34.7,원활,127.1235011793470306_37.5391221481703639|127.1233903598605508_37.5390373240800344|127.1232600735032037_37.5389731530963857|127.1231593473902564_37.5389564680612224|127.1230348034606692_37.5389527839542012|127.1229181381820865_37.5389539974583073
2026-09-04T23:16:36.811991+09:00,천호역,천호역,POI050,KEY_3,1240040800,천호대로151길,1249144900,천호동 459-2,127.1229562993439544_37.5398463764838937,1240032501,성내동 71-18,127.1225232060097312_37.5390917822839612,92.0,6.0,정체,127.1225232060097312_37.5390917822839612|127.1229562993439544_37.5398463764838937
2026-09-04T23:16:36.811991+09:00,천호역,천호역,POI050,KEY_3,1240041200,구천면로,1240003704,광진교남단사거리,127.1242723015992340_37.5412434639985975,1240017602,광진교남단사거리,127.1239812132037912_37.5413533959520294,29.0,18.0,서행,127.1239812132037912_37.5413533959520294|127.1241422367008767_37.5413014621294323|127.1242723015992340_37.5412434639985975
2026-09-04T23:16:36.811991+09:00,천호역,천호역,POI050,KEY_3,1240041300,구천면로,1240017604,광진교남단사거리,127.1239000032397968_37.5414954748858349,1240003705,광진교남단사거리,127.1243113956138018_37.5413499499680157,40.0,22.0,서행,127.1243113956138018_37.5413499499680157|127.1242011279294388_37.5413991198798556|127.1240321888513591_37.5414536077047316|127.1239000032397968_37.5414954748858349
2026-09-04T23:16:36.811991+09:00,천호역,천호역,POI050,KEY_3,1240041900,구천면로,1249152700,최소노드배치점,127.1194660888336898_37.5428727643710758,1240017604,광진교남단사거리,127.1239000032397968_37.5414954748858349,421.0,36.0,원활,127.1239000032397968_37.5414954748858349|127.1214621369989999_37.5422587470682814|127.1194660888336898_37.5428727643710758
2026-09-04T23:16:36.811991+09:00,천호역,천호역,POI050,KEY_3,1240221700,구천면로23길,1240003409,킴스클럽(천호점),127.1261817587292029_37.5408113753436652,1240091502,2001아울렛(천호점),127.1265123428250519_37.5413813494056541,70.0,5.0,정체,127.1265123428250519_37.5413813494056541|127.1261817587292029_37.5408113753436652
2026-09-04T23:16:36.811991+09:00,천호역,천호역,POI050,KEY_3,1240221800,구천면로23길,1240091501,2001아울렛(천호점),127.1266356131728088_37.5413360168481560,1240003406,킴스클럽(천호점),127.1263103069998266_37.5407751443387099,69.0,16.0,서행,127.1263103069998266_37.5407751443387099|127.1266356131728088_37.5413360168481560
2026-09-04T23:16:36.811991+09:00,총신대입구(이수)역,총신대입구(이수)역,POI051,KEY_4,1190008600,사당로,1190090200,사당동 1092,126.9783089913764371_37.4840630813367639,1190003002,남성초등학교앞교차로,126.9775810609628337_37.4838343819257673,69.0,25.0,원활,126.9775810609628337_37.4838343819257673|126.9779561785673252_37.4839522361997055|126.9783089913764371_37.4840630813367639
2026-09-04T23:16:36.811991+09:00,총신대입구(이수)역,총신대입구(이수)역,POI051,KEY_4,1190008700,사당로,1190055500,사당동 708-624,126.9789433675313148_37.4843786033373689,1190003204,사당동 708-436,126.9792039752670121_37.4844604770999297,25.0,20.0,서행,126.9792039752670121_37.4844604770999297|126.9789433675313148_37.4843786033373689
2026-09-04T23:16:36.811991+09:00,총신대입구(이수)역,총신대입구(이수)역,POI051,KEY_4,1190008800,동작대로23길,1190047400,사당동 1091,126.9796370105229073_37.4842213526536838,1190003203,사당동 708-624,126.9792537377390147_37.4843598906780784,38.0,20.0,서행,126.9792537377390147_37.4843598906780784|126.9793683365627430_37.4842924228876058|126.9795496091593066_37.4842357088864730|126.9796370105229073_37.4842213526536838
2026-09-04T23:16:36.811991+09:00,총신대입구(이수)역,총신대입구(이수)역,POI051,KEY_4,1190008900,동작대로23길,1190055300,사당동 708-286,126.9810081884948971_37.4842981630243912,1210023904,사당동 708-517,126.9820022856057591_37.4844625134943641,90.0,21.0,서행,126.9820022856057591_37.4844625134943641|126.9814454702967907_37.4843910349356264|126.9810081884948971_37.4842981630243912
2026-09-04T23:16:36.811991+09:00,총신대입구(이수)역,총신대입구(이수)역,POI051,KEY_4,1190009000,사당로,1190053300,사당동 144-4,126.9810923720944231_37.4850378218572331,1190003202,사당동 708-624,126.9793960972202598_37.4844105065625612,165.0,14.7,정체,126.9793960972202598_37.4844105065625612|126.9805441138140196_37.4848352529794440|126.9809554691264140_37.4849874434861832|126.9810923720944231_37.4850378218572331
2026-09-04T23:16:36.811991+09:00,총신대입구(이수)역,총신대입구(이수)역,POI051,KEY_4,1190009100,사당로,1190075300,사당동 144-4,126.9814106321940415_37.4852740285928050,1210025304,이수역앞교차로,126.9820585773020554_37.4854625425216668,61.0,20.0,서행,126.9820585773020554_37.4854625425216668|126.9816021496104241_37.4853445029508165|126.9814106321940415_37.4852740285928050
2026-09-04T23:16:36.811991+09:00,총신대입구(이수)역,총신대입구(이수)역,POI051,KEY_4,1190013101,동작대로33길,1190062300,사당동 737-4,126.9819976691939445_37.4895700925421735,1210028704,삼원빌딩,126.9824873372129446_37.4895576800631645,44.0,17.0,서행,126.9824873372129446_37.4895576800631645|126.9822796434602026_37.4895377492337332|126.9819976691939445_37.4895700925421735
2026-09-04T23:16:36.811991+09:00,총신대입구(이수)역,총신대입구(이수)역,POI051,KEY_4,1190050200,동작대로27길,1190081200,사당동 139-34,126.9811336332786027_37.4876179672351100,1210027105,총신대입구역(서울4호선),126.9821792965293241_37.4876120560627513,92.0,21.0,서행,126.9821792965293241_37.4876120560627513|126.9817506975894617_37.4876180660610103|126.9817500609947558_37.4876180660587366|126.9811357001604080_37.4876180622694832|126.9811336332786027_37.4876179672351100
2026-09-04T23:16:36.811991+09:00,총신대입구(이수)역,총신대입구(이수)역,POI051,KEY_4,1190050300,동작대로27길,1190056000,사당동 139-34,126.9804922927347235_37.4874767312889645,1190026401,사당동130-22,126.9800298494712791_37.4874517319426488,41.0,9.0,정체,126.9800298494712791_37.4874517319426488|126.9804922927347235_37.4874767312889645
2026-09-04T23:16:36.811991+09:00,총신대입구(이수)역,총신대입구(이수)역,POI051,KEY_4,1210013203,동작대로,1190045100,사당동 339-24,126.9819051206889071_37.4827596414189870,1210023903,사당동 708-808,126.9819959904761362_37.4843521900688970,177.0,5.0,정체,126.9819959904761362_37.4843521900688970|126.9819730430722444_37.4839500291722914|126.9819051206889071_37.4827596414189870
2026-09-04T23:16:36.811991+09:00,총신대입구(이수)역,총신대입구(이수)역,POI051,KEY_4,1210013204,동작대로,1210023904,사당동 708-517,126.9820022856057591_37.4844625134943641,1210025303,이수역앞교차로,126.9820527768257676_37.4853473698567683,98.0,18.0,서행,126.9820527768257676_37.4853473698567683|126.9820022856057591_37.4844625134943641
2026-09-04T23:16:36.811991+09:00,총신대입구(이수)역,총신대입구(이수)역,POI051,KEY_4,1210013303,동작대로,1210468300,방배동 495-1,126.9820406568788513_37.4827547301711093,1210020001,삼산빌딩,126.9819657161490056_37.4814413381301179,146.0,20.0,서행,126.9819657161490056_37.4814413381301179|126.9819812696377994_37.4817139283870233|126.9820406568788513_37.4827547301711093
2026-09-04T23:16:36.811991+09:00,총신대입구(이수)역,총신대입구(이수)역,POI051,KEY_4,1210016202,서초대로,1210025301,이수역앞교차로,126.9821951600873575_37.4854855974890171,1210026304,방배동 3151-4,126.9833597973550923_37.4856198848411566,104.0,5.0,정체,126.9833597973550923_37.4856198848411566|126.9821951600873575_37.4854855974890171
2026-09-04T23:16:36.811991+09:00,총신대입구(이수)역,총신대입구(이수)역,POI051,KEY_4,1210016302,서초대로,1210026303,방배동 3151-4,126.9833403088553041_37.4855083913280964,1210025302,이수역앞교차로,126.9821902192167471_37.4853757809412045,103.0,18.0,서행,126.9821902192167471_37.4853757809412045|126.9833403088553041_37.4855083913280964
2026-09-04T23:16:36.811991+09:00,총신대입구(이수)역,총신대입구(이수)역,POI051,KEY_4,1210016303,서초대로,1210468000,방배동 864-41,126.9843637683908071_37.4856223333560337,1210026302,방배동 421-5,126.9834795968043721_37.4855242287525385,79.0,11.0,정체,126.9834795968043721_37.4855242287525385|126.9843637683908071_37.4856223333560337
2026-09-04T23:16:36.811991+09:00,총신대입구(이수)역,총신대입구(이수)역,POI051,KEY_4,1210017602,동작대로,1210025304,이수역앞교차로,126.9820585773020554_37.4854625425216668,1210027108,속성변화점,126.9820894460752214_37.4863064861430431,94.0,6.0,정체,126.9820894460752214_37.4863064861430431|126.9820585773020554_37.4854625425216668
2026-09-04T23:16:36.811991+09:00,총신대입구(이수)역,총신대입구(이수)역,POI051,KEY_4,1210017605,동작대로,1190072600,사당동 708-659,126.9822597372454140_37.4884783486161339,1210028703,삼원빌딩,126.9824624742385737_37.4894463919877055,109.0,11.0,정체,126.9824624742385737_37.4894463919877055|126.9823356718194702_37.4889406987954388|126.9823189008856730_37.4888738151074250|126.9822597372454140_37.4884783486161339
2026-09-04T23:16:36.811991+09:00,총신대입구(이수)역,총신대입구(이수)역,POI051,KEY_4,1210017606,동작대로,1190071600,사당동 708-500,126.9821148939163464_37.4866945255961852,1210027104,총신대입구역(서울4호선),126.9821717135688601_37.4875040246955962,90.0,12.0,정체,126.9821717135688601_37.4875040246955962|126.9821148939163464_37.4866945255961852
2026-09-04T23:16:36.811991+09:00,총신대입구(이수)역,총신대입구(이수)역,POI051,KEY_4,1210017702,동작대로,1210027107,총신대입구역(서울4호선),126.9822250708600251_37.4863033359931279,1210025301,이수역앞교차로,126.9821951600873575_37.4854855974890171,91.0,21.0,서행,126.9821951600873575_37.4854855974890171|126.9822250708600251_37.4863033359931279
2026-09-04T23:16:36.811991+09:00,총신대입구(이수)역,총신대입구(이수)역,POI051,KEY_4,1210017704,동작대로,1210471400,방배동 2279,126.9826680850078873_37.4901113437174232,1210028701,속성변화점,126.9826217390590273_37.4895428255529453,63.0,40.0,원활,126.9826217390590273_37.4895428255529453|126.9826448796264344_37.4896757639483056|126.9826680850078873_37.4901113437174232
2026-09-04T23:16:36.811991+09:00,총신대입구(이수)역,총신대입구(이수)역,POI051,KEY_4,1210017705,동작대로,1210027102,속성변화점,126.9823147704309747_37.4876060179877726,1210027106,총신대입구역(서울4호선),126.9822309209962725_37.4864114578571730,133.0,27.5,원활,126.9822309209962725_37.4864114578571730|126.9822503662360873_37.4866884875043240|126.9823071873458957_37.4874979865397790|126.9823147704309747_37.4876060179877726
2026-09-04T23:16:36.811991+09:00,총신대입구(이수)역,총신대입구(이수)역,POI051,KEY_4,1210017706,동작대로,1210470800,방배동 1809,126.9823525562850932_37.4881443286373823,1210027102,속성변화점,126.9823147704309747_37.4876060179877726,60.0,33.0,원활,126.9823147704309747_37.4876060179877726|126.9823525562850932_37.4881443286373823
2026-09-04T23:16:36.811991+09:00,총신대입구(이수)역,총신대입구(이수)역,POI051,KEY_4,1210044801,방배천로,1210020103,방배동493-5,126.9825978472802603_37.4826827756520018,1210020106,한국영농신문,126.9825278403283733_37.4814329643019377,139.0,22.0,서행,126.9825278403283733_37.4814329643019377|126.9825978472802603_37.4826827756520018
2026-09-04T23:16:36.811991+09:00,총신대입구(이수)역,총신대입구(이수)역,POI051,KEY_4,1210044802,방배천로,1210472400,방배동 493-4,126.9826676586466476_37.4839290493333763,1210020102,방배동493-5,126.9826038978293212_37.4827907919779051,126.0,16.5,서행,126.9826038978293212_37.4827907919779051|126.9826676586466476_37.4839290493333763
2026-09-04T23:16:36.811991+09:00,총신대입구(이수)역,총신대입구(이수)역,POI051,KEY_4,1210044901,방배천로,1210472300,방배동 493-4,126.9825321154947488_37.4839338709411081,1210026303,방배동 3151-4,126.9833403088553041_37.4855083913280964,192.0,20.0,서행,126.9833403088553041_37.4855083913280964|126.9832921070280065_37.4852054761472786|126.9832496822412793_37.4850419299093005|126.9831290782554873_37.4848552868759981|126.9829544187051766_37.4846603556171800|126.9828685313590739_37.4845644993626124|126.9826696632651419_37.4842961995852448|126.9825366906737827_37.4840155473817802|126.9825321154947488_37.4839338709411081
2026-09-04T23:16:36.811991+09:00,총신대입구(이수)역,총신대입구(이수)역,POI051,KEY_4,1210044902,방배천로,1210020109,한국영농신문,126.9823923009376330_37.4814377857296748,1210020104,방배동493-5,126.9824623056363038_37.4826875971584457,139.0,8.0,정체,126.9824623056363038_37.4826875971584457|126.9823923009376330_37.4814377857296748
2026-09-04T23:16:36.811991+09:00,총신대입구(이수)역,총신대입구(이수)역,POI051,KEY_4,1210048000,방배천로,1210027302,방배한진로즈힐아파트,126.9838346401866147_37.4863793944778010,1210026301,방배동 421-5,126.9835004450508791_37.4856357060859082,89.0,19.0,서행,126.9835004450508791_37.4856357060859082|126.9835418963080116_37.4858402058014804|126.9836294430309778_37.4860775561549673|126.9836954062014343_37.4862074845377364|126.9837263206772491_37.4862683769525447|126.9838346401866147_37.4863793944778010
2026-09-04T23:16:36.811991+09:00,총신대입구(이수)역,총신대입구(이수)역,POI051,KEY_4,1210048100,방배천로,1210026304,방배동 3151-4,126.9833597973550923_37.4856198848411566,1210027303,방배한진로즈힐아파트,126.9837275241604146_37.4864457595328773,99.0,21.0,서행,126.9837275241604146_37.4864457595328773|126.9836076191972012_37.4863228679357690|126.9835696266733720_37.4862480332841841|126.9835011543169117_37.4861131614725451|126.9834093116757714_37.4858641657913410|126.9833597973550923_37.4856198848411566
2026-09-04T23:16:36.811991+09:00,총신대입구(이수)역,총신대입구(이수)역,POI051,KEY_4,1210048400,동광로12길,1210027303,방배한진로즈힐아파트,126.9837275241604146_37.4864457595328773,1210027107,총신대입구역(서울4호선),126.9822250708600251_37.4863033359931279,134.0,7.0,정체,126.9822250708600251_37.4863033359931279|126.9826995428011713_37.4863034064230973|126.9830881094296728_37.4863760361900376|126.9834661851801485_37.4864278733475942|126.9837275241604146_37.4864457595328773
2026-09-04T23:16:36.811991+09:00,총신대입구(이수)역,총신대입구(이수)역,POI051,KEY_4,1210048500,동광로12길,1210027106,총신대입구역(서울4호선),126.9822309209962725_37.4864114578571730,1210027304,방배한진로즈힐아파트,126.9838499767115110_37.4865626593792598,145.0,17.0,서행,126.9838499767115110_37.4865626593792598|126.9834488449595256_37.4865352053215162|126.9830610879912456_37.4864820413386965|126.9826838306572370_37.4864115251054315|126.9822309209962725_37.4864114578571730
2026-09-04T23:16:36.811991+09:00,총신대입구(이수)역,총신대입구(이수)역,POI051,KEY_4,1210162600,방배천로18길,1210469000,방배동 492-2,126.9841467143931908_37.4826351298115270,1210020103,방배동493-5,126.9825978472802603_37.4826827756520018,137.0,19.0,서행,126.9825978472802603_37.4826827756520018|126.9833473919327531_37.4826605555061576|126.9841345361255947_37.4826355725340008|126.9841467143931908_37.4826351298115270
2026-09-04T23:16:36.811991+09:00,충정로역,충정로역,POI052,KEY_1,1010003105,중림로,1010010702,충정로역가구상가,126.9640754256734283_37.5590508294670045,1010010902,충정로역가구상가,126.9636848431599390_37.5590704219795128,35.0,25.0,원활,126.9636848431599390_37.5590704219795128|126.9640754256734283_37.5590508294670045
2026-09-04T23:16:36.811991+09:00,충정로역,충정로역,POI052,KEY_1,1010003106,중림로,1010058300,중림동 200,126.9650510841565278_37.5589523597584503,1010010702,충정로역가구상가,126.9640754256734283_37.5590508294670045,87.0,17.0,서행,126.9640754256734283_37.5590508294670045|126.9648587817104612_37.5589857330086545|126.9650510841565278_37.5589523597584503
2026-09-04T23:16:36.811991+09:00,충정로역,충정로역,POI052,KEY_1,1010003203,중림로,1010010901,충정로역가구상가,126.9636933844713411_37.5591783271103310,1010010701,충정로역가구상가,126.9640867414488667_37.5591585507347574,35.0,15.0,서행,126.9640867414488667_37.5591585507347574|126.9636933844713411_37.5591783271103310
2026-09-04T23:16:36.811991+09:00,충정로역,충정로역,POI052,KEY_1,1010004100,청파로,1010053100,중림동 351,126.9677081849395393_37.5609501641540362,1120002003,상수도사업본부교차로,126.9674908459828231_37.5614112452323354,55.0,18.0,서행,126.9674908459828231_37.5614112452323354|126.9677081849395393_37.5609501641540362
2026-09-04T23:16:36.811991+09:00,충정로역,충정로역,POI052,KEY_1,1010004202,청파로,1120002002,상수도사업본부교차로,126.9676167335992716_37.5614519307047843,1010011800,중림동,126.9684502351673530_37.5596836333754780,210.0,23.0,서행,126.9684502351673530_37.5596836333754780|126.9683561139200236_37.5598833187951939|126.9679693788652060_37.5607037947160336|126.9678353453515314_37.5609881483563299|126.9676167335992716_37.5614519307047843
2026-09-04T23:16:36.811991+09:00,충정로역,충정로역,POI052,KEY_1,1010006400,서소문로,1010134800,최소노드배치점,126.9688094991627594_37.5617925136145487,1010015901,서소문고가차도(서측),126.9660808471698346_37.5606758941064101,276.0,58.0,원활,126.9660808471698346_37.5606758941064101|126.9664117212871588_37.5609173619709722|126.9668194179275105_37.5611712880354318|126.9670907245415066_37.5613173299435417|126.9673694926154752_37.5614283839817418|126.9675339141719093_37.5614849578415004|126.9677551811045930_37.5615513111113870|126.9681716153295383_37.5616461476905030|126.9688094991627594_37.5617925136145487
2026-09-04T23:16:36.811991+09:00,충정로역,충정로역,POI052,KEY_1,1010025200,서소문로,1010011200,충정로역가구상가,126.9639333332024052_37.5593892258437165,1010010701,충정로역가구상가,126.9640867414488667_37.5591585507347574,32.0,42.0,원활,126.9640867414488667_37.5591585507347574|126.9640336759729422_37.5591555927884713|126.9640109018983054_37.5591889605807339|126.9639333332024052_37.5593892258437165
2026-09-04T23:16:36.811991+09:00,충정로역,충정로역,POI052,KEY_1,1010046800,중림로,1010010902,충정로역가구상가,126.9636848431599390_37.5590704219795128,1120022800,충정로사거리,126.9630067826871169_37.5591971961966209,62.0,29.0,원활,126.9630067826871169_37.5591971961966209|126.9632871751432361_37.5591616213529562|126.9633814740724631_37.5591398374989325|126.9635318328539313_37.5591038495610121|126.9636848431599390_37.5590704219795128
2026-09-04T23:16:36.811991+09:00,충정로역,충정로역,POI052,KEY_1,1120000702,신촌로,1130277500,북아현동 930-3,126.9609134061408611_37.5584844788521437,1120000509,충정로사거리,126.9619074057619912_37.5592113879016694,119.0,38.0,원활,126.9619074057619912_37.5592113879016694|126.9612918908444641_37.5587812687724991|126.9609134061408611_37.5584844788521437
2026-09-04T23:16:36.811991+09:00,충정로역,충정로역,POI052,KEY_1,1120000801,신촌로,1130031603,아현1동파출소,126.9603608185110346_37.5579007542804106,1130030701,아현교차로,126.9593903711545124_37.5572215324002201,114.0,41.3,원활,126.9593903711545124_37.5572215324002201|126.9599149131550178_37.5575634945568098|126.9603608185110346_37.5579007542804106
2026-09-04T23:16:36.811991+09:00,충정로역,충정로역,POI052,KEY_1,1120000802,신촌로,1120000508,충정로사거리,126.9620080990980853_37.5591378875581938,1130031602,아현1동파출소,126.9604584267966914_37.5579759373505979,188.0,40.0,원활,126.9604584267966914_37.5579759373505979|126.9610087130211866_37.5584074514955262|126.9613844188411349_37.5587020617830092|126.9620080990980853_37.5591378875581938
2026-09-04T23:16:36.811991+09:00,충정로역,충정로역,POI052,KEY_1,1120001001,충정로,1120005300,충정로사거리,126.9627180368454304_37.5598743433504580,1120000507,충정로사거리,126.9621372974823572_37.5592562991161856,86.0,27.0,원활,126.9621372974823572_37.5592562991161856|126.9623795374019153_37.5594882660047844|126.9626383443296902_37.5597704386196014|126.9627180368454304_37.5598743433504580
2026-09-04T23:16:36.811991+09:00,충정로역,충정로역,POI052,KEY_1,1120001002,충정로,1120136900,충정로3가 248-1,126.9633068718442246_37.5607776660404724,1120005300,충정로사거리,126.9627180368454304_37.5598743433504580,113.0,19.0,서행,126.9627180368454304_37.5598743433504580|126.9627893178244875_37.5599672811436491|126.9633068718442246_37.5607776660404724
2026-09-04T23:16:36.811991+09:00,충정로역,충정로역,POI052,KEY_1,1120004101,서소문로,1120134100,충정로3가 281-49,126.9645815660364860_37.5598977280732740,1010015902,서소문고가차도(서측),126.9659908088701030_37.5607568184368503,157.0,21.0,서행,126.9659908088701030_37.5607568184368503|126.9657622305857387_37.5606011985419741|126.9655478502515109_37.5604734670610227|126.9645815660364860_37.5598977280732740
2026-09-04T23:16:36.811991+09:00,충정로역,충정로역,POI052,KEY_1,1120004102,서소문로,1010015902,서소문고가차도(서측),126.9659908088701030_37.5607568184368503,1120002004,상수도사업본부교차로,126.9673830692199346_37.5616097357074139,158.0,35.0,원활,126.9673830692199346_37.5616097357074139|126.9672834243969390_37.5615754487724445|126.9669876407800047_37.5614576160841409|126.9666994465889758_37.5613024853318080|126.9662799084869818_37.5610411844229191|126.9661451257960465_37.5609428038709865|126.9659908088701030_37.5607568184368503
2026-09-04T23:16:36.811991+09:00,충정로역,충정로역,POI052,KEY_1,1120004201,서소문로,1010011200,충정로역가구상가,126.9639333332024052_37.5593892258437165,1120022800,충정로사거리,126.9630067826871169_37.5591971961966209,86.0,28.0,원활,126.9630067826871169_37.5591971961966209|126.9633282461327184_37.5592111925570293|126.9635104493961251_37.5592396304144245|126.9637143972144031_37.5592998340788782|126.9637216136169826_37.5593019642914001|126.9639333332024052_37.5593892258437165
2026-09-04T23:16:36.811991+09:00,충정로역,충정로역,POI052,KEY_1,1120004202,서소문로,1010125800,중림동 591,126.9656292329265881_37.5603869069285068,1010011200,충정로역가구상가,126.9639333332024052_37.5593892258437165,186.0,7.0,정체,126.9639333332024052_37.5593892258437165|126.9639453029332969_37.5593941588540901|126.9640772384998826_37.5594621774906869|126.9646629493658025_37.5598111684287872|126.9656292329265881_37.5603869069285068
2026-09-04T23:16:36.811991+09:00,충정로역,충정로역,POI052,KEY_1,1120004203,서소문로,1120002003,상수도사업본부교차로,126.9674908459828231_37.5614112452323354,1010015901,서소문고가차도(서측),126.9660808471698346_37.5606758941064101,150.0,14.0,정체,126.9660808471698346_37.5606758941064101|126.9663287044560747_37.5607834224243646|126.9664556576583010_37.5608760880869994|126.9668594086569158_37.5611275567769596|126.9671250868416337_37.5612705669752174|126.9673981830782594_37.5613793623703742|126.9674908459828231_37.5614112452323354
2026-09-04T23:16:36.811991+09:00,충정로역,충정로역,POI052,KEY_1,1120015100,충정로,1120005300,충정로사거리,126.9627180368454304_37.5598743433504580,1120005200,충정로사거리,126.9629993658748504_37.5593051549388335,76.0,35.0,원활,126.9629993658748504_37.5593051549388335|126.9628715999865420_37.5593511098260109|126.9627847160042080_37.5594369024355288|126.9627187973606368_37.5595155503887455|126.9626858196171781_37.5595894406433857|126.9626678035905059_37.5596871741968599|126.9627180368454304_37.5598743433504580
2026-09-04T23:16:36.811991+09:00,충정로역,충정로역,POI052,KEY_1,1120016501,경기대로,1120000503,충정로3가26-2,126.9618966230996193_37.5616899669241846,1120000506,충정로사거리,126.9620254998589814_37.5593183699107698,264.0,20.0,서행,126.9620254998589814_37.5593183699107698|126.9619872778432921_37.5595326415076372|126.9619650109536195_37.5597618722879147|126.9619549399386642_37.5601151769762964|126.9619547745921722_37.5601209775248037|126.9619526638429079_37.5604057890847756|126.9619483365010097_37.5609896868436337|126.9619180281690944_37.5614001105234578|126.9618966230996193_37.5616899669241846
2026-09-04T23:16:36.811991+09:00,충정로역,충정로역,POI052,KEY_1,1120062500,서소문로,1120022800,충정로사거리,126.9630067826871169_37.5591971961966209,1120000508,충정로사거리,126.9620080990980853_37.5591378875581938,89.0,23.0,서행,126.9620080990980853_37.5591378875581938|126.9624976738023321_37.5591750287326249|126.9630067826871169_37.5591971961966209
2026-09-04T23:16:36.811991+09:00,충정로역,충정로역,POI052,KEY_1,1120062600,서소문로,1120000507,충정로사거리,126.9621372974823572_37.5592562991161856,1120005200,충정로사거리,126.9629993658748504_37.5593051549388335,76.0,19.0,서행,126.9629993658748504_37.5593051549388335|126.9624875185141093_37.5592828676414570|126.9621372974823572_37.5592562991161856
2026-09-04T23:16:36.811991+09:00,충정로역,충정로역,POI052,KEY_1,1130055200,손기정로,1130276800,아현동 729,126.9610147030383871_37.5573677054923536,1130031603,아현1동파출소,126.9603608185110346_37.5579007542804106,83.0,19.0,서행,126.9603608185110346_37.5579007542804106|126.9604666936073443_37.5578151020777966|126.9610147030383871_37.5573677054923536
2026-09-04T23:16:36.811991+09:00,합정역,합정역,POI053,KEY_2,1130001502,양화로,1130019500,양화대교(북측),126.9088702991146818_37.5473486190442571,1130020700,양화대교(북측),126.9110864738484850_37.5486558094690892,247.0,60.3,원활,126.9110864738484850_37.5486558094690892|126.9104702975695886_37.5484316205709661|126.9102030567186858_37.5483158501774241|126.9098751447166222_37.5481333274638018|126.9095562311644869_37.5479092035175839|126.9088702991146818_37.5473486190442571
2026-09-04T23:16:36.811991+09:00,합정역,합정역,POI053,KEY_2,1130001503,양화로,1130020700,양화대교(북측),126.9110864738484850_37.5486558094690892,1130021204,합정동 402,126.9117526504634554_37.5488099012589700,61.0,42.0,원활,126.9117526504634554_37.5488099012589700|126.9114095304818335_37.5487362312337467|126.9110864738484850_37.5486558094690892
2026-09-04T23:16:36.811991+09:00,합정역,합정역,POI053,KEY_2,1130001504,양화로,1130021201,합정동 402,126.9118842718870042_37.5488389364112436,1130052000,합정역8번출구,126.9125610162048474_37.5489924297706352,62.0,31.0,원활,126.9125610162048474_37.5489924297706352|126.9125108300752061_37.5489801444249309|126.9123320541385880_37.5489398539158543|126.9118842718870042_37.5488389364112436
2026-09-04T23:16:36.811991+09:00,합정역,합정역,POI053,KEY_2,1130001505,양화로,1130052000,합정역8번출구,126.9125610162048474_37.5489924297706352,1130021604,합정역교차로,126.9133271355590011_37.5492481379057494,74.0,31.0,원활,126.9133271355590011_37.5492481379057494|126.9131511937065824_37.5491581588815038|126.9128784491420845_37.5490701385518264|126.9125610162048474_37.5489924297706352
2026-09-04T23:16:36.811991+09:00,합정역,합정역,POI053,KEY_2,1130001602,양화로,1130020600,양화대교(북측),126.9111269978420609_37.5485526161926089,1130019000,양화대교(북측),126.9089758149120399_37.5472798488198407,240.0,55.0,원활,126.9089758149120399_37.5472798488198407|126.9096499332892023_37.5478308424299101|126.9099592463067125_37.5480482193369483|126.9102746337613610_37.5482237702880965|126.9105310887964890_37.5483348678804703|126.9111269978420609_37.5485526161926089
2026-09-04T23:16:36.811991+09:00,합정역,합정역,POI053,KEY_2,1130001603,양화로,1130021203,합정동 402,126.9117684440008702_37.5487013098127989,1130020600,양화대교(북측),126.9111269978420609_37.5485526161926089,59.0,22.0,서행,126.9111269978420609_37.5485526161926089|126.9114474860303403_37.5486323980145400|126.9117684440008702_37.5487013098127989
2026-09-04T23:16:36.811991+09:00,합정역,합정역,POI053,KEY_2,1130001605,양화로,1130021800,합정역8번출구,126.9126009251802998_37.5488890850710817,1130021202,합정동 402,126.9119017412713788_37.5487305057125056,64.0,13.0,정체,126.9119017412713788_37.5487305057125056|126.9123690393006569_37.5488358216645253|126.9125492819859886_37.5488764427686803|126.9126009251802998_37.5488890850710817
2026-09-04T23:16:36.811991+09:00,합정역,합정역,POI053,KEY_2,1130001606,양화로,1130021603,합정역교차로,126.9133979744090510_37.5491558635704337,1130021800,합정역8번출구,126.9126009251802998_37.5488890850710817,77.0,13.0,정체,126.9126009251802998_37.5488890850710817|126.9129239950553085_37.5489681728266333|126.9132139348755288_37.5490617432278029|126.9133979744090510_37.5491558635704337
2026-09-04T23:16:36.811991+09:00,합정역,합정역,POI053,KEY_2,1130002101,양화로,1130021601,합정역교차로,126.9134396891751067_37.5493101529960995,1130022800,합정역(서울2호선),126.9139380043217500_37.5496171809286139,56.0,18.0,서행,126.9139380043217500_37.5496171809286139|126.9138232146117105_37.5495337692831868|126.9134396891751067_37.5493101529960995
2026-09-04T23:16:36.811991+09:00,합정역,합정역,POI053,KEY_2,1130002102,양화로,1130022800,합정역(서울2호선),126.9139380043217500_37.5496171809286139,1130024304,누아갤러리,126.9154925570157388_37.5507467776258252,186.0,14.0,정체,126.9154925570157388_37.5507467776258252|126.9142500058633658_37.5498438974214181|126.9139380043217500_37.5496171809286139
2026-09-04T23:16:36.811991+09:00,합정역,합정역,POI053,KEY_2,1130002201,양화로,1130022400,합정역5번출구,126.9140295476794051_37.5495373218593258,1130021602,합정역교차로,126.9135099145764940_37.5492170875193594,58.0,20.0,서행,126.9135099145764940_37.5492170875193594|126.9139093521257280_37.5494499807109747|126.9140295476794051_37.5495373218593258
2026-09-04T23:16:36.811991+09:00,합정역,합정역,POI053,KEY_2,1130002202,양화로,1130073600,합정동 402,126.9143415490859326_37.5497640377180701,1130022400,합정역5번출구,126.9140295476794051_37.5495373218593258,37.0,15.0,서행,126.9140295476794051_37.5495373218593258|126.9143415490859326_37.5497640377180701
2026-09-04T23:16:36.811991+09:00,합정역,합정역,POI053,KEY_2,1130012502,독막로,1130020103,당인리사거리,126.9200080925505745_37.5478048127950714,1130020302,합정동 402,126.9184253750183302_37.5478817926919461,140.0,24.0,서행,126.9184253750183302_37.5478817926919461|126.9200080925505745_37.5478048127950714
2026-09-04T23:16:36.811991+09:00,합정역,합정역,POI053,KEY_2,1130012504,독막로,1130052100,합정역7번출구,126.9140173730645671_37.5487741682980598,1130021603,합정역교차로,126.9133979744090510_37.5491558635704337,71.0,22.0,서행,126.9133979744090510_37.5491558635704337|126.9135406193636584_37.5489949395947065|126.9136811129909290_37.5488909851792201|126.9137974866256258_37.5488341856604748|126.9139631942102255_37.5487857147723645|126.9140173730645671_37.5487741682980598
2026-09-04T23:16:36.811991+09:00,합정역,합정역,POI053,KEY_2,1130012505,독막로,1130136100,합정동 402,126.9148352538110629_37.5486026780129691,1130052100,합정역7번출구,126.9140173730645671_37.5487741682980598,75.0,21.0,서행,126.9140173730645671_37.5487741682980598|126.9143677077482124_37.5486995039643006|126.9148352538110629_37.5486026780129691
2026-09-04T23:16:36.811991+09:00,합정역,합정역,POI053,KEY_2,1130012601,독막로,1130021602,합정역교차로,126.9135099145764940_37.5492170875193594,1130021400,합정역6번출구,126.9140524865152884_37.5488786114665416,63.0,3.0,정체,126.9140524865152884_37.5488786114665416|126.9140042501253305_37.5488888909759595|126.9138569670299148_37.5489319720761685|126.9137636338956270_37.5489775269032293|126.9136434160954963_37.5490664775041694|126.9135099145764940_37.5492170875193594
2026-09-04T23:16:36.811991+09:00,합정역,합정역,POI053,KEY_2,1130012602,독막로,1130186000,합정동 402,126.9177339751904867_37.5481133092591222,1130020304,합정동 402,126.9183338437030670_37.5480000256765933,55.0,8.0,정체,126.9183338437030670_37.5480000256765933|126.9181046943702569_37.5480347619131436|126.9177339751904867_37.5481133092591222
2026-09-04T23:16:36.811991+09:00,합정역,합정역,POI053,KEY_2,1130012603,독막로,1130020301,합정동 402,126.9184724577285692_37.5479878247379446,1130020104,당인리사거리,126.9200163735166598_37.5479127310459049,137.0,24.0,서행,126.9200163735166598_37.5479127310459049|126.9184724577285692_37.5479878247379446
2026-09-04T23:16:36.811991+09:00,합정역,합정역,POI053,KEY_2,1130014101,월드컵로,1130021604,합정역교차로,126.9133271355590011_37.5492481379057494,1130022900,합정역9번출구,126.9130418149968449_37.5497885897765329,65.0,8.0,정체,126.9130418149968449_37.5497885897765329|126.9130982247336163_37.5496351327381603|126.9132269055929783_37.5494015408536583|126.9133271355590011_37.5492481379057494
2026-09-04T23:16:36.811991+09:00,합정역,합정역,POI053,KEY_2,1130014102,월드컵로,1130135600,합정동 402,126.9128188401226964_37.5505027227293695,1130025203,합정동주민센터,126.9124127492584506_37.5518459734548173,153.0,21.0,서행,126.9124127492584506_37.5518459734548173|126.9128188401226964_37.5505027227293695
2026-09-04T23:16:36.811991+09:00,합정역,합정역,POI053,KEY_2,1130014103,월드컵로,1130076100,합정동 426-38,126.9121437730441926_37.5527273387387908,1130026004,성산초교앞교차로,126.9116840665830637_37.5541751613641424,166.0,20.0,서행,126.9116840665830637_37.5541751613641424|126.9117399457097122_37.5540497782302225|126.9121437730441926_37.5527273387387908
2026-09-04T23:16:36.811991+09:00,합정역,합정역,POI053,KEY_2,1130014201,월드컵로,1130023000,합정역9번출구,126.9131721455813278_37.5498189592265703,1130021601,합정역교차로,126.9134396891751067_37.5493101529960995,61.0,12.0,정체,126.9134396891751067_37.5493101529960995|126.9133494569869924_37.5494482548088371|126.9132260984452927_37.5496721848271662|126.9131721455813278_37.5498189592265703
2026-09-04T23:16:36.811991+09:00,합정역,합정역,POI053,KEY_2,1130014202,월드컵로,1130025202,합정동주민센터,126.9125490838489583_37.5518570392708213,1130023000,합정역9번출구,126.9131721455813278_37.5498189592265703,233.0,22.0,서행,126.9131721455813278_37.5498189592265703|126.9131331753272036_37.5499249762533154|126.9129508683919170_37.5505280238880061|126.9125490838489583_37.5518570392708213
2026-09-04T23:16:36.811991+09:00,합정역,합정역,POI053,KEY_2,1130014203,월드컵로,1130076000,서교동 419-2,126.9122757323099222_37.5527528799291730,1130025201,합정동주민센터,126.9125164449968679_37.5519645743570578,90.0,17.0,서행,126.9125164449968679_37.5519645743570578|126.9124004277404225_37.5523445193010375|126.9122757323099222_37.5527528799291730
2026-09-04T23:16:36.811991+09:00,합정역,합정역,POI053,KEY_2,1130014301,동교로,1130024907,망원동211-43,126.9034465315685054_37.5516644094111740,1130005109,망원정사거리,126.9047886652220853_37.5520868600659128,128.0,25.5,원활,126.9047886652220853_37.5520868600659128|126.9041212381203536_37.5518767713203019|126.9034525233849280_37.5516662722900705|126.9034465315685054_37.5516644094111740
2026-09-04T23:16:36.811991+09:00,합정역,합정역,POI053,KEY_2,1130015101,동교로,1130063700,망원동 394-30,126.9061706467434902_37.5525344400519927,1130025404,망원동 394-30,126.9064616665168330_37.5526289096231380,28.0,26.0,원활,126.9064616665168330_37.5526289096231380|126.9061706467434902_37.5525344400519927
2026-09-04T23:16:36.811991+09:00,합정역,합정역,POI053,KEY_2,1130015102,동교로,1130134300,망원동 378-19,126.9109885347377400_37.5540892854917487,1130026005,성산초교앞교차로,126.9116312431169007_37.5542756338722938,61.0,22.0,서행,126.9116312431169007_37.5542756338722938|126.9114168624829375_37.5542274409565024|126.9109885347377400_37.5540892854917487
2026-09-04T23:16:36.811991+09:00,합정역,합정역,POI053,KEY_2,1130015201,동교로,1130190800,망원동 394-30,126.9058348256742477_37.5523086644254889,1130005107,망원정사거리,126.9051109710454455_37.5520736822240480,69.0,32.0,원활,126.9051109710454455_37.5520736822240480|126.9054727866373042_37.5521911377965623|126.9058348256742477_37.5523086644254889
2026-09-04T23:16:36.811991+09:00,합정역,합정역,POI053,KEY_2,1130015202,동교로,1130086800,망원동 394-30,126.9071685873662005_37.5527404272813783,1130025402,망원동 394-30,126.9066384824819806_37.5525694180905347,51.0,25.0,원활,126.9066384824819806_37.5525694180905347|126.9071685873662005_37.5527404272813783
2026-09-04T23:16:36.811991+09:00,합정역,합정역,POI053,KEY_2,1130016302,희우정로,1130005109,망원정사거리,126.9047886652220853_37.5520868600659128,1130005104,망원동397-5,126.9026414056871062_37.5535367246284864,249.0,16.0,서행,126.9026414056871062_37.5535367246284864|126.9031199330166686_37.5532132140255897|126.9034056646777913_37.5530200415522373|126.9042858127946261_37.5524249957153984|126.9046395349854492_37.5521858485710567|126.9047886652220853_37.5520868600659128
2026-09-04T23:16:36.811991+09:00,합정역,합정역,POI053,KEY_2,1130016401,희우정로,1130091800,망원동 397-5,126.9043737164451358_37.5525074096072515,1130005106,망원정사거리,126.9049321405859132_37.5521323908787252,65.0,18.0,서행,126.9049321405859132_37.5521323908787252|126.9047269699466938_37.5522685793953812|126.9043737164451358_37.5525074096072515
2026-09-04T23:16:36.811991+09:00,합정역,합정역,POI053,KEY_2,1130016601,동교로,1130112700,서교동 480-4,126.9128544885335685_37.5543811077444118,1130026003,성산초교앞교차로,126.9118165724208609_37.5542011783164611,94.0,29.0,원활,126.9118165724208609_37.5542011783164611|126.9128544885335685_37.5543811077444118
2026-09-04T23:16:36.811991+09:00,합정역,합정역,POI053,KEY_2,1130017600,월드컵로,1130269900,서교동 475-24,126.9110403993826708_37.5551324974902272,1130026001,성산초교앞교차로,126.9117481199565418_37.5543318244504860,109.0,17.3,서행,126.9117481199565418_37.5543318244504860|126.9117217336388137_37.5543764564183462|126.9115952004829921_37.5545358301992565|126.9110403993826708_37.5551324974902272
2026-09-04T23:16:36.811991+09:00,합정역,합정역,POI053,KEY_2,1130040300,토정로,1130093900,당인동 32-5,126.9190249087932756_37.5452938711510740,1130016703,정촌빌딩,126.9173355133907251_37.5453976341282143,150.0,23.0,서행,126.9173355133907251_37.5453976341282143|126.9179879318845536_37.5453575653633322|126.9186745789707089_37.5453153904837649|126.9190249087932756_37.5452938711510740
2026-09-04T23:16:36.811991+09:00,합정역,합정역,POI053,KEY_2,1130041101,토정로,1130183900,합정동 198-37,126.9125265728405765_37.5456473243354907,1130051902,양화진지하차도,126.9116494291067738_37.5456921203351399,78.0,27.5,원활,126.9116494291067738_37.5456921203351399|126.9125265728405765_37.5456473243354907
2026-09-04T23:16:36.811991+09:00,합정역,합정역,POI053,KEY_2,1130041102,양화진길,1130051902,양화진지하차도,126.9116494291067738_37.5456921203351399,1130020002,합정동 378-23,126.9123577034040693_37.5476409177885841,225.0,14.0,정체,126.9123577034040693_37.5476409177885841|126.9120955278425953_37.5469227221206481|126.9118933519104644_37.5463280646940518|126.9118639920289553_37.5462417080414497|126.9116494291067738_37.5456921203351399
2026-09-04T23:16:36.811991+09:00,합정역,합정역,POI053,KEY_2,1130041200,토정로,1130062500,합정동 404,126.9169479797956228_37.5455371484787008,1130016705,정촌빌딩,126.9171919837363589_37.5455165733101737,22.0,19.0,서행,126.9171919837363589_37.5455165733101737|126.9169479797956228_37.5455371484787008
2026-09-04T23:16:36.811991+09:00,합정역,합정역,POI053,KEY_2,1130041500,강변북로,1130018200,양화대교(북측),126.9102416078398505_37.5466718111709170,1130016600,잠두봉지하차도,126.9106610590066850_37.5454299420450894,148.0,50.0,원활,126.9106610590066850_37.5454299420450894|126.9103725279893240_37.5457364234116469|126.9103004095069025_37.5458612660095810|126.9102507538453466_37.5459862211416819|126.9102386300255318_37.5460994395440792|126.9102448257733329_37.5462634269317874|126.9102473956978230_37.5464124910196304|126.9102416078398505_37.5466718111709170
2026-09-04T23:16:36.811991+09:00,합정역,합정역,POI053,KEY_2,1130042300,강변북로,1130018200,양화대교(북측),126.9102416078398505_37.5466718111709170,1130017400,양화대교(북측),126.9083263926780347_37.5461870828408806,213.0,42.0,서행,126.9083263926780347_37.5461870828408806|126.9086815580021295_37.5460469364801028|126.9089104715153553_37.5459795194566013|126.9091091277169596_37.5459507036203561|126.9092925034494357_37.5459605637004188|126.9095168029035676_37.5460034206055084|126.9097221477106672_37.5460759910495838|126.9098898204880044_37.5461781842636242|126.9100273785922894_37.5463010934854751|126.9101199879446682_37.5464267596339738|126.9102416078398505_37.5466718111709170
2026-09-04T23:16:36.811991+09:00,합정역,합정역,POI053,KEY_2,1130043000,독막로8길,1130073900,합정동 402-1,126.9177526088323447_37.5463811553820648,1130016702,정촌빌딩,126.9173485910594650_37.5454940535949220,105.0,12.0,정체,126.9173485910594650_37.5454940535949220|126.9175285690358805_37.5458892339993113|126.9177526088323447_37.5463811553820648
2026-09-04T23:16:36.811991+09:00,합정역,합정역,POI053,KEY_2,1130043100,독막로8길,1130082900,합정동 402-1,126.9180671577792907_37.5473994313994197,1130020303,합정동 402,126.9182880539808735_37.5478969049352216,59.0,22.0,서행,126.9182880539808735_37.5478969049352216|126.9180671577792907_37.5473994313994197
2026-09-04T23:16:36.811991+09:00,합정역,합정역,POI053,KEY_2,1130043600,강변북로,1130017700,양화대교(북측),126.9091923154714152_37.5466689501214006,1130019000,양화대교(북측),126.9089758149120399_37.5472798488198407,269.0,34.0,서행,126.9089758149120399_37.5472798488198407|126.9092704009022299_37.5474014805923133|126.9095213494077257_37.5474838189884323|126.9096589738032463_37.5475035859526187|126.9098028895845260_37.5474852273027864|126.9099350121042136_37.5474429604955517|126.9100270967485216_37.5473820114679029|126.9100875149351708_37.5473167305853863|126.9101369139921047_37.5472245662991782|126.9101638016301052_37.5471382503673894|126.9101794580799663_37.5470518790335888|126.9101727697353823_37.5469504908747425|126.9101436876654674_37.5468400477573425|126.9100994191457374_37.5467563581366903|126.9100214803409585_37.5466695190838564|126.9099322148413620_37.5465945474034370|126.9098239967981527_37.5465492905363973|126.9097267976512313_37.5465309187861465|126.9096182270967574_37.5465303762252063|126.9095283045494966_37.5465388695537357|126.9093707102214665_37.5465827967285577|126.9091923154714152_37.5466689501214006
2026-09-04T23:16:36.811991+09:00,합정역,합정역,POI053,KEY_2,1130044800,강변북로,1130020600,양화대교(북측),126.9111269978420609_37.5485526161926089,1130018200,양화대교(북측),126.9102416078398505_37.5466718111709170,232.0,33.3,서행,126.9102416078398505_37.5466718111709170|126.9103448964562659_37.5473430570484155|126.9103986365779804_37.5476503707893841|126.9104238574202981_37.5477756999008818|126.9105048846684127_37.5479460230307964|126.9105824276039556_37.5480835372061037|126.9106640651950073_37.5481763558913002|126.9108350419256226_37.5483352032103284|126.9109652588307142_37.5484401893999191|126.9111269978420609_37.5485526161926089
2026-09-04T23:16:36.811991+09:00,합정역,합정역,POI053,KEY_2,1130045900,양화로,1130156400,합정동 380-8,126.9118151967610686_37.5482356448082584,1130021203,합정동 402,126.9117684440008702_37.5487013098127989,52.0,17.0,서행,126.9117684440008702_37.5487013098127989|126.9118151967610686_37.5482356448082584
2026-09-04T23:16:36.811991+09:00,합정역,합정역,POI053,KEY_2,1130046200,양화진길,1130148400,합정동 406,126.9120365373734387_37.5462972046876189,1130051901,양화진지하차도,126.9118049451303278_37.5457925206284528,60.0,18.0,서행,126.9118049451303278_37.5457925206284528|126.9118907104063112_37.5459270532487039|126.9119814830364277_37.5461349975885597|126.9120365373734387_37.5462972046876189
2026-09-04T23:16:36.811991+09:00,합정역,합정역,POI053,KEY_2,1130046300,양화진길,1130020001,합정동 406,126.9124089735466470_37.5477549671771911,1130021800,합정역8번출구,126.9126009251802998_37.5488890850710817,178.0,12.5,정체,126.9126009251802998_37.5488890850710817|126.9129052599318044_37.5488590463041163|126.9130897233898594_37.5488362968600953|126.9126784164114241_37.5482505084113853|126.9124089735466470_37.5477549671771911
2026-09-04T23:16:36.811991+09:00,합정역,합정역,POI053,KEY_2,1130047000,강변북로,1130020801,양화대교(북측),126.9101361694712296_37.5485270306192120,1130020700,양화대교(북측),126.9110864738484850_37.5486558094690892,85.0,37.0,서행,126.9110864738484850_37.5486558094690892|126.9102173533760265_37.5485274362036847|126.9101361694712296_37.5485270306192120
2026-09-04T23:16:36.811991+09:00,합정역,합정역,POI053,KEY_2,1130047200,강변북로,1130020901,한국전기전자시험연구원서울지원,126.9092400003074346_37.5485532513566937,1130020802,양화대교(북측),126.9099980412515833_37.5485263406705485,67.0,41.0,서행,126.9099980412515833_37.5485263406705485|126.9098848919468878_37.5485257755875352|126.9096197927881491_37.5485280272938056|126.9092400003074346_37.5485532513566937
2026-09-04T23:16:36.811991+09:00,합정역,합정역,POI053,KEY_2,1130047500,강변북로,1130021100,양화대교(북측),126.9082218508906692_37.5486104598507637,1130020902,한국전기전자시험연구원서울지원,126.9090527936751158_37.5485656841098177,74.0,40.0,서행,126.9090527936751158_37.5485656841098177|126.9085679039440464_37.5485978845830530|126.9082218508906692_37.5486104598507637
2026-09-04T23:16:36.811991+09:00,합정역,합정역,POI053,KEY_2,1130048500,양화로,1130022400,합정역5번출구,126.9140295476794051_37.5495373218593258,1130021400,합정역6번출구,126.9140524865152884_37.5488786114665416,86.0,12.0,정체,126.9140524865152884_37.5488786114665416|126.9139230246069445_37.5489343484288156|126.9138762522378556_37.5489900978359401|126.9138420413620167_37.5490572990694389|126.9138329563527492_37.5491459732028474|126.9138508086349617_37.5492446788838663|126.9140295476794051_37.5495373218593258
2026-09-04T23:16:36.811991+09:00,합정역,합정역,POI053,KEY_2,1130049000,양화로,1130052000,합정역8번출구,126.9125610162048474_37.5489924297706352,1130022900,합정역9번출구,126.9130418149968449_37.5497885897765329,105.0,16.0,서행,126.9130418149968449_37.5497885897765329|126.9130618100318912_37.5495401812596441|126.9130421428666295_37.5494586372446904|126.9130134806158026_37.5493885292777207|126.9129740362242984_37.5493212749275216|126.9129004782609655_37.5492368304858175|126.9125610162048474_37.5489924297706352
2026-09-04T23:16:36.811991+09:00,합정역,합정역,POI053,KEY_2,1130049100,포은로,1130159900,합정동 407,126.9090599403653243_37.5494558051850191,1130024204,양화진공원,126.9081052504389504_37.5502802985279587,124.0,21.3,서행,126.9081052504389504_37.5502802985279587|126.9090599403653243_37.5494558051850191
2026-09-04T23:16:36.811991+09:00,합정역,합정역,POI053,KEY_2,1130049200,포은로,1130087400,합정동 407,126.9099495376151907_37.5488516698183616,1130020801,양화대교(북측),126.9101361694712296_37.5485270306192120,41.0,22.0,서행,126.9101361694712296_37.5485270306192120|126.9101056044401190_37.5486532711152776|126.9100648038296697_37.5487471853466914|126.9100156633384415_37.5488022052165391|126.9099495376151907_37.5488516698183616
2026-09-04T23:16:36.811991+09:00,합정역,합정역,POI053,KEY_2,1130049300,양화로,1130023000,합정역9번출구,126.9131721455813278_37.5498189592265703,1130022800,합정역(서울2호선),126.9139380043217500_37.5496171809286139,76.0,16.0,서행,126.9139380043217500_37.5496171809286139|126.9136402094506622_37.5496006797627686|126.9135395936122848_37.5496106180248574|126.9134569354612267_37.5496277214884771|126.9133796540536849_37.5496562715165325|126.9131721455813278_37.5498189592265703
2026-09-04T23:16:36.811991+09:00,합정역,합정역,POI053,KEY_2,1130050900,희우정로,1130138600,합정동 442-13,126.9053671269604564_37.5517187628927047,1130005108,망원정사거리,126.9049245136665292_37.5520133571673611,52.0,21.7,서행,126.9049245136665292_37.5520133571673611|126.9049996895268606_37.5519980826211324|126.9050541918936830_37.5519753005798123|126.9053671269604564_37.5517187628927047
2026-09-04T23:16:36.811991+09:00,합정역,합정역,POI053,KEY_2,1130051000,희우정로,1130147700,합정동 407,126.9086182180221840_37.5491269928968379,1130020901,한국전기전자시험연구원서울지원,126.9092400003074346_37.5485532513566937,84.0,17.7,서행,126.9092400003074346_37.5485532513566937|126.9090294120417752_37.5487607496119153|126.9088628974909767_37.5489201303545315|126.9086182180221840_37.5491269928968379
2026-09-04T23:16:36.811991+09:00,합정역,합정역,POI053,KEY_2,1130051300,포은로,1130063900,합정동 441-34,126.9066598233272600_37.5522450186794572,1130025403,망원동 394-30,126.9065126723004227_37.5525287058559130,34.0,20.0,서행,126.9065126723004227_37.5525287058559130|126.9066598233272600_37.5522450186794572
2026-09-04T23:16:36.811991+09:00,합정역,합정역,POI053,KEY_2,1130051400,포은로,1130131100,합정동 436-31,126.9072140139262928_37.5511825775689090,1130024202,양화진공원,126.9081119283490011_37.5504322494886082,115.0,12.0,정체,126.9081119283490011_37.5504322494886082|126.9072341444415741_37.5511567441295568|126.9072140139262928_37.5511825775689090
2026-09-04T23:16:36.811991+09:00,합정역,합정역,POI053,KEY_2,1130051501,월드컵로5길,1130091000,합정동 407,126.9091548338343785_37.5510585332406777,1130024203,양화진공원,126.9082050934984238_37.5503535841661247,115.0,19.0,서행,126.9082050934984238_37.5503535841661247|126.9091548338343785_37.5510585332406777
2026-09-04T23:16:36.811991+09:00,합정역,합정역,POI053,KEY_2,1130051502,월드컵로5길,1130025203,합정동주민센터,126.9124127492584506_37.5518459734548173,1130024207,합정동주민센터,126.9110609932505014_37.5516236888938550,122.0,9.0,정체,126.9110609932505014_37.5516236888938550|126.9120426543793059_37.5517851162292402|126.9124127492584506_37.5518459734548173
2026-09-04T23:16:36.811991+09:00,합정역,합정역,POI053,KEY_2,1130051601,월드컵로5길,1130159000,합정동 426-6,126.9120151858922725_37.5518910005306523,1130025204,합정동주민센터,126.9123807963445927_37.5519511205839720,33.0,16.0,서행,126.9123807963445927_37.5519511205839720|126.9120151858922725_37.5518910005306523
2026-09-04T23:16:36.811991+09:00,합정역,합정역,POI053,KEY_2,1130051602,월드컵로5길,1130153500,합정동 430-13,126.9098042748595532_37.5515274185667920,1130024209,합정동주민센터,126.9109004564532199_37.5517076897151370,99.0,13.0,정체,126.9109004564532199_37.5517076897151370|126.9100423399230380_37.5515665701927546|126.9098042748595532_37.5515274185667920
2026-09-04T23:16:36.811991+09:00,합정역,합정역,POI053,KEY_2,1130051900,양화로7길,1130145700,서교동 492,126.9135974368144701_37.5520222797338405,1130025202,합정동주민센터,126.9125490838489583_37.5518570392708213,95.0,16.0,서행,126.9125490838489583_37.5518570392708213|126.9126682083433053_37.5518592833619991|126.9129354976850976_37.5518998472612608|126.9129556993787276_37.5519035838338127|126.9135974368144701_37.5520222797338405
2026-09-04T23:16:36.811991+09:00,합정역,합정역,POI053,KEY_2,1130052000,양화로7길,1130138000,서교동 419,126.9152338094359038_37.5512625596168448,1130024301,누아갤러리,126.9155934469087441_37.5508218968336536,58.0,5.0,정체,126.9155934469087441_37.5508218968336536|126.9153007619960079_37.5511871879382042|126.9152338094359038_37.5512625596168448
2026-09-04T23:16:36.811991+09:00,합정역,합정역,POI053,KEY_2,1130053300,포은로,1130154200,망원동 338-40,126.9064483679028399_37.5529482132002812,1130025401,망원동 394-30,126.9065874791183859_37.5526696222780956,33.0,18.0,서행,126.9065874791183859_37.5526696222780956|126.9064483679028399_37.5529482132002812
2026-09-04T23:16:36.811991+09:00,합정역,합정역,POI053,KEY_2,1130087400,양화로3길,1130115500,합정동 407,126.9115648474776918_37.5495020430743978,1130024208,합정동주민센터,126.9109279262303147_37.5516018062342454,240.0,13.0,정체,126.9109279262303147_37.5516018062342454|126.9111023091478216_37.5510270793224734|126.9113023466319703_37.5503436587212889|126.9115648474776918_37.5495020430743978
2026-09-04T23:16:36.811991+09:00,합정역,합정역,POI053,KEY_2,1130087500,양화로3길,1130115600,합정동 407,126.9116969527201491_37.5495270854960594,1130021201,합정동 402,126.9118842718870042_37.5488389364112436,78.0,15.0,서행,126.9118842718870042_37.5488389364112436|126.9118474626460227_37.5490170505902370|126.9116969527201491_37.5495270854960594
2026-09-04T23:16:36.811991+09:00,혜화역,혜화역,POI054,KEY_3,1000015503,창경궁로,1000120100,명륜4가 193-2,126.9985288416550162_37.5829009806544079,1000024004,성균관대입구교차로,126.9986638311449383_37.5830208076827219,18.0,26.0,원활,126.9986638311449383_37.5830208076827219|126.9985288416550162_37.5829009806544079
2026-09-04T23:16:36.811991+09:00,혜화역,혜화역,POI054,KEY_3,1000015901,대학로,1000236800,연건동 72-4,127.0021346925376946_37.5789034735153820,1000022603,한국방송통신대학교(본부),127.0021125194726324_37.5799473301568696,116.0,20.0,서행,127.0021125194726324_37.5799473301568696|127.0021203558879392_37.5795784131897079|127.0021346925376946_37.5789034735153820
2026-09-04T23:16:36.811991+09:00,혜화역,혜화역,POI054,KEY_3,1000015902,대학로,1000124400,명륜4가 96-5,127.0019273467155188_37.5817580324666949,1000023903,혜화역(서울4호선),127.0018302545112618_37.5823277329186567,64.0,23.0,서행,127.0018302545112618_37.5823277329186567|127.0019273467155188_37.5817580324666949
2026-09-04T23:16:36.811991+09:00,혜화역,혜화역,POI054,KEY_3,1000015903,대학로,1000202900,혜화동 142-1,127.0015583946770761_37.5838121669841811,1000024902,혜화동로터리,127.0012507868207052_37.5852575963595541,163.0,23.0,서행,127.0012507868207052_37.5852575963595541|127.0012954946977146_37.5851403426576383|127.0015151443531352_37.5840477506560759|127.0015583946770761_37.5838121669841811
2026-09-04T23:16:36.811991+09:00,혜화역,혜화역,POI054,KEY_3,1000016001,대학로,1000077100,연건동 1-4,127.0022561877208460_37.5795802406985615,1000020701,이화사거리,127.0022876778822081_37.5762198333443180,373.0,23.0,서행,127.0022876778822081_37.5762198333443180|127.0023282656139543_37.5764645289926591|127.0023018153618324_37.5775057466467217|127.0022922645341055_37.5778817090708159|127.0022834454863130_37.5782969256252741|127.0022705236376055_37.5789053010155030|127.0022561877208460_37.5795802406985615
2026-09-04T23:16:36.811991+09:00,혜화역,혜화역,POI054,KEY_3,1000016002,대학로,1000124500,동숭동 67-4,127.0020619699124040_37.5817725636609126,1000022601,한국방송통신대학교(본부),127.0022442668778240_37.5800599005851765,191.0,22.3,서행,127.0022442668778240_37.5800599005851765|127.0022178609099228_37.5805652414491789|127.0022131705630528_37.5806550016484948|127.0021794886454671_37.5809920829626023|127.0021433747690480_37.5812948986010511|127.0020619699124040_37.5817725636609126
2026-09-04T23:16:36.811991+09:00,혜화역,혜화역,POI054,KEY_3,1000016003,대학로,1000107300,동숭동 67-4,127.0018197389143069_37.5831364940714252,1000023901,혜화역(서울4호선),127.0019456426901030_37.5824506710265140,77.0,20.0,서행,127.0019456426901030_37.5824506710265140|127.0018197389143069_37.5831364940714252
2026-09-04T23:16:36.811991+09:00,혜화역,혜화역,POI054,KEY_3,1000017701,창경궁로,1000075400,명륜2가 4-1,127.0006454828255755_37.5850130052527689,1000025002,혜화동로터리,127.0009399906732597_37.5853547783758302,46.0,44.0,원활,127.0009399906732597_37.5853547783758302|127.0007320440542742_37.5851134590106781|127.0006454828255755_37.5850130052527689
2026-09-04T23:16:36.811991+09:00,혜화역,혜화역,POI054,KEY_3,1000017801,창경궁로,1000087700,명륜2가 168-2,126.9993716108596118_37.5834928951299361,1000024002,성균관대입구교차로,126.9988439471047315_37.5830191594735439,70.0,14.0,정체,126.9988439471047315_37.5830191594735439|126.9993716108596118_37.5834928951299361
2026-09-04T23:16:36.811991+09:00,혜화역,혜화역,POI054,KEY_3,1000019001,성균관로,1000178200,명륜2가 204-1,126.9983129803109563_37.5835686144698613,1000024001,성균관대입구교차로,126.9987566656751170_37.5831037931408574,65.0,18.0,서행,126.9987566656751170_37.5831037931408574|126.9987062683989052_37.5831610623215369|126.9983129803109563_37.5835686144698613
2026-09-04T23:16:36.811991+09:00,혜화역,혜화역,POI054,KEY_3,1000019401,창경궁로,1000025301,혜화동로터리,127.0014820459859806_37.5857949668899423,1000025001,혜화동로터리,127.0010427623787166_37.5852828685383429,69.0,13.0,정체,127.0010427623787166_37.5852828685383429|127.0012603459444875_37.5855353690346234|127.0014820459859806_37.5857949668899423
2026-09-04T23:16:36.811991+09:00,혜화역,혜화역,POI054,KEY_3,1000037300,대학로.창경궁로.사이길,1000022603,한국방송통신대학교(본부),127.0021125194726324_37.5799473301568696,1000021801,서울대학교병원,126.9999250498313188_37.5790799916106337,234.0,16.0,서행,126.9999250498313188_37.5790799916106337|126.9999582925761530_37.5791735370360058|127.0000242879586523_37.5793082716843685|127.0001113530142334_37.5794320871287724|127.0001968016411524_37.5795253200711130|127.0002891946536181_37.5795862468942587|127.0004562226640843_37.5796532695046324|127.0014768206154230_37.5799259793942610|127.0015759343299493_37.5799389443158844|127.0021125194726324_37.5799473301568696
2026-09-04T23:16:36.811991+09:00,혜화역,혜화역,POI054,KEY_3,1000037400,대학로.창경궁로.사이길,1000021804,서울대학교병원,126.9997943261698339_37.5791094160175589,1000022604,한국방송통신대학교(본부),127.0021085317335547_37.5800554081267109,249.0,16.0,서행,127.0021085317335547_37.5800554081267109|127.0015635196683945_37.5800468907569041|127.0014439712545311_37.5800312519269823|127.0004037537713657_37.5797532998443131|127.0002143337454470_37.5796772915910893|127.0000970514567342_37.5795999531285929|126.9999967882396703_37.5794905553830176|126.9999011375092977_37.5793545286769728|126.9998293471492445_37.5792079639012684|126.9997943261698339_37.5791094160175589
2026-09-04T23:16:36.811991+09:00,혜화역,혜화역,POI054,KEY_3,1000039000,대학로11길,1000034800,명륜4가 82-6,127.0007214609778856_37.5823234224516582,1000023904,혜화역(서울4호선),127.0018112128841636_37.5824350409261996,97.0,7.0,정체,127.0018112128841636_37.5824350409261996|127.0013170961387061_37.5824067215044337|127.0011475248667807_37.5823910766211640|127.0007214609778856_37.5823234224516582
2026-09-04T23:16:36.811991+09:00,혜화역,혜화역,POI054,KEY_3,1000039800,창경궁로,1000024902,혜화동로터리,127.0012507868207052_37.5852575963595541,1000025001,혜화동로터리,127.0010427623787166_37.5852828685383429,19.0,22.3,서행,127.0010427623787166_37.5852828685383429|127.0010750786859717_37.5852722322397241|127.0011514658529279_37.5852579282541015|127.0012383383490402_37.5852555433470172|127.0012507868207052_37.5852575963595541
2026-09-04T23:16:36.811991+09:00,혜화역,혜화역,POI054,KEY_3,1000039900,창경궁로,1000025301,혜화동로터리,127.0014820459859806_37.5857949668899423,1000024901,혜화동로터리,127.0013812786190641_37.5852877246657400,67.0,18.0,서행,127.0013812786190641_37.5852877246657400|127.0014090861534584_37.5852960681010373|127.0014914662075114_37.5853520881352452|127.0015543752309242_37.5854176435789853|127.0015933195411719_37.5854927354248147|127.0016082988245216_37.5855654435582309|127.0015978153254110_37.5856453041188914|127.0015648653472908_37.5857072856721359|127.0015019588968812_37.5857823788507091|127.0014820459859806_37.5857949668899423
2026-09-04T23:16:36.811991+09:00,홍대입구역(2호선),홍대입구역(2호선),POI055,KEY_4,1130002502,양화로,1130025901,서교동 427,126.9198881225875368_37.5540412931764607,1130027404,홍대입구역앞교차로,126.9214584654919236_37.5552173006732275,190.0,18.0,서행,126.9214584654919236_37.5552173006732275|126.9198881225875368_37.5540412931764607
2026-09-04T23:16:36.811991+09:00,홍대입구역(2호선),홍대입구역(2호선),POI055,KEY_4,1130003701,양화로,1130273800,동교동 155-55,126.9227158165769538_37.5561519142828715,1130030004,홍대입구역(서울2호선),126.9240038282710827_37.5571089892898087,156.0,14.0,정체,126.9240038282710827_37.5571089892898087|126.9227158165769538_37.5561519142828715
2026-09-04T23:16:36.811991+09:00,홍대입구역(2호선),홍대입구역(2호선),POI055,KEY_4,1130003702,양화로,1130030001,홍대입구역(서울2호선),126.9241024975835899_37.5571832879291989,1130031303,대성카센터,126.9247680509792247_37.5576912738708160,81.0,12.0,정체,126.9247680509792247_37.5576912738708160|126.9241024975835899_37.5571832879291989
2026-09-04T23:16:36.811991+09:00,홍대입구역(2호선),홍대입구역(2호선),POI055,KEY_4,1130003703,양화로,1130260400,동교동 155-54,126.9256281988244410_37.5583324442910680,1130032300,동교동삼거리,126.9260758648074869_37.5586455831952080,53.0,12.0,정체,126.9260758648074869_37.5586455831952080|126.9259516460622734_37.5585781495251254|126.9256756439668692_37.5583677527849815|126.9256281988244410_37.5583324442910680
2026-09-04T23:16:36.811991+09:00,홍대입구역(2호선),홍대입구역(2호선),POI055,KEY_4,1130003801,양화로,1130273900,동교동 155-55,126.9228084843940536_37.5560728745735588,1130027402,홍대입구역앞교차로,126.9216455946868933_37.5552087411659343,141.0,13.0,정체,126.9216455946868933_37.5552087411659343|126.9228084843940536_37.5560728745735588
2026-09-04T23:16:36.811991+09:00,홍대입구역(2호선),홍대입구역(2호선),POI055,KEY_4,1130015901,홍익로,1130154700,서교동 427,126.9220359643673390_37.5546826076917313,1130027403,홍대입구역앞교차로,126.9215460181029016_37.5551344303407504,66.0,7.0,정체,126.9215460181029016_37.5551344303407504|126.9217237952683917_37.5549495724854268|126.9220359643673390_37.5546826076917313
2026-09-04T23:16:36.811991+09:00,홍대입구역(2호선),홍대입구역(2호선),POI055,KEY_4,1130015902,홍익로,1130109300,서교동 406,126.9231648679629956_37.5537171543489379,1130005308,서교푸르지오아파트,126.9225993071129750_37.5542008340247122,73.0,9.0,정체,126.9225993071129750_37.5542008340247122|126.9228527697001851_37.5539840685397763|126.9231648679629956_37.5537171543489379
2026-09-04T23:16:36.811991+09:00,홍대입구역(2호선),홍대입구역(2호선),POI055,KEY_4,1130016002,홍익로,1130119400,동교동 155-55,126.9224863431878845_37.5544561207342085,1130005306,속성변화점,126.9226010481489340_37.5543580239452197,15.0,12.0,정체,126.9226010481489340_37.5543580239452197|126.9224863431878845_37.5544561207342085
2026-09-04T23:16:36.811991+09:00,홍대입구역(2호선),홍대입구역(2호선),POI055,KEY_4,1130016702,동교로,1130238700,서교동 446-18,126.9190392211144172_37.5556218287363777,1130028604,롯데호텔L7(홍대),126.9204652226422638_37.5560637316398740,135.0,27.0,원활,126.9204652226422638_37.5560637316398740|126.9198761792323324_37.5558814033141104|126.9196325327701231_37.5558059855936079|126.9193242097296093_37.5557102862871091|126.9191763653079903_37.5556643970031701|126.9190392211144172_37.5556218287363777
2026-09-04T23:16:36.811991+09:00,홍대입구역(2호선),홍대입구역(2호선),POI055,KEY_4,1130016900,월드컵북로,1130267400,서교동 427,126.9210494203991146_37.5555664569088208,1130028603,롯데호텔L7(홍대),126.9205661479972775_37.5559789666732442,63.0,11.0,정체,126.9205661479972775_37.5559789666732442|126.9210494203991146_37.5555664569088208
2026-09-04T23:16:36.811991+09:00,홍대입구역(2호선),홍대입구역(2호선),POI055,KEY_4,1130017000,월드컵북로,1130267500,동교동 155-55,126.9211487362349544_37.5556402014086004,1130027401,홍대입구역앞교차로,126.9215575669487777_37.5552912277757187,53.0,10.0,정체,126.9215575669487777_37.5552912277757187|126.9211487362349544_37.5556402014086004
2026-09-04T23:16:36.811991+09:00,홍대입구역(2호선),홍대입구역(2호선),POI055,KEY_4,1130018301,동교로,1130234800,동교동 201-12,126.9223714576705504_37.5573415856685884,1130031703,우성빌딩,126.9229594770721690_37.5579740539319573,88.0,7.0,정체,126.9229594770721690_37.5579740539319573|126.9225761142016040_37.5575121455362435|126.9224853349252271_37.5574284446085400|126.9223714576705504_37.5573415856685884
2026-09-04T23:16:36.811991+09:00,홍대입구역(2호선),홍대입구역(2호선),POI055,KEY_4,1130018302,동교로,1130031704,우성빌딩,126.9230362835969004_37.5580664636773349,1130032103,동교동 151-3,126.9232918768675518_37.5583894534776732,42.0,14.0,정체,126.9232918768675518_37.5583894534776732|126.9231947644524467_37.5582569650777955|126.9230362835969004_37.5580664636773349
2026-09-04T23:16:36.811991+09:00,홍대입구역(2호선),홍대입구역(2호선),POI055,KEY_4,1130018401,동교로,1130236400,동교동 193-1,126.9218939397593573_37.5568917656500219,1130028602,롯데호텔L7(홍대),126.9207044539840865_37.5560194307797488,153.0,15.0,서행,126.9207044539840865_37.5560194307797488|126.9213020185727601_37.5561898308273214|126.9213990027508032_37.5562174862381255|126.9214983639262613_37.5562825737130197|126.9215763902692657_37.5563664435403197|126.9217678851206443_37.5567011225728038|126.9218286112969025_37.5568118746297515|126.9218939397593573_37.5568917656500219
2026-09-04T23:16:36.811991+09:00,홍대입구역(2호선),홍대입구역(2호선),POI055,KEY_4,1130018402,동교로,1130032102,동교동 192-4,126.9234091793915979_37.5583349617897966,1130031701,우성빌딩,126.9231327245934153_37.5579865800830248,46.0,12.0,정체,126.9231327245934153_37.5579865800830248|126.9233101249413238_37.5581998231503391|126.9234091793915979_37.5583349617897966
2026-09-04T23:16:36.811991+09:00,홍대입구역(2호선),홍대입구역(2호선),POI055,KEY_4,1130018403,동교로,1130267100,동교동 193-1,126.9236924952947447_37.5590020505672726,1130032101,동교동 192-4,126.9234766820471947_37.5584553758656909,64.0,22.0,서행,126.9234766820471947_37.5584553758656909|126.9235707625761904_37.5586374586260803|126.9236499224741550_37.5588562655902223|126.9236924952947447_37.5590020505672726
2026-09-04T23:16:36.811991+09:00,홍대입구역(2호선),홍대입구역(2호선),POI055,KEY_4,1130018601,월드컵북로,1130260800,동교동 205-15,126.9201047852547219_37.5565208181069323,1130028601,롯데호텔L7(홍대),126.9206030650937720_37.5561053644053331,64.0,10.0,정체,126.9206030650937720_37.5561053644053331|126.9201047852547219_37.5565208181069323
2026-09-04T23:16:36.811991+09:00,홍대입구역(2호선),홍대입구역(2호선),POI055,KEY_4,1130056000,동교로,1130244700,동교동 192-44,126.9235969752971585_37.5574460002231092,1130031702,우성빌딩,126.9230559412983723_37.5578941512089344,69.0,9.0,정체,126.9230559412983723_37.5578941512089344|126.9235969752971585_37.5574460002231092
2026-09-04T23:16:36.811991+09:00,홍대입구역(2호선),홍대입구역(2호선),POI055,KEY_4,1130056100,동교로,1130244800,동교동 192-44,126.9236948948308594_37.5575209206440874,1130030001,홍대입구역(서울2호선),126.9241024975835899_37.5571832879291989,52.0,9.0,정체,126.9241024975835899_37.5571832879291989|126.9236948948308594_37.5575209206440874
2026-09-04T23:16:36.811991+09:00,홍대입구역(2호선),홍대입구역(2호선),POI055,KEY_4,1130056500,양화로19길,1130269400,동교동 192-44,126.9242827846036619_37.5579718887892824,1130032102,동교동 192-4,126.9234091793915979_37.5583349617897966,93.0,8.0,정체,126.9234091793915979_37.5583349617897966|126.9235741468609007_37.5583601799000988|126.9237435175153621_37.5583522399045222|126.9237886059845266_37.5583215233953140|126.9242827846036619_37.5579718887892824
2026-09-04T23:16:36.811991+09:00,홍대입구역(2호선),홍대입구역(2호선),POI055,KEY_4,1130056600,양화로19길,1130269300,동교동 192-44,126.9243730039212181_37.5580527040690697,1130031304,대성카센터,126.9248672211749920_37.5577661204474040,54.0,8.0,정체,126.9248672211749920_37.5577661204474040|126.9247523387008556_37.5578433291799882|126.9243935191233703_37.5580381892432413|126.9243730039212181_37.5580527040690697
2026-09-04T23:16:36.811991+09:00,홍대입구역(2호선),홍대입구역(2호선),POI055,KEY_4,1130087300,어울마당로,1130121700,서교동 365-1,126.9222448191466555_37.5539062487640578,1130005309,서교푸르지오아파트,126.9225016470744691_37.5542843540505018,48.0,18.0,서행,126.9225016470744691_37.5542843540505018|126.9222449850932577_37.5539064976814032|126.9222448191466555_37.5539062487640578
2026-09-04T23:16:36.811991+09:00,회기역,회기역,POI056,KEY_1,1050019605,이문로,1050171300,휘경동 183-52,127.0569053681512202_37.5913336230820647,1050028511,속성변화점,127.0567073781321454_37.5910419415285659,37.0,26.0,원활,127.0567073781321454_37.5910419415285659|127.0569053681512202_37.5913336230820647
2026-09-04T23:16:36.811991+09:00,회기역,회기역,POI056,KEY_1,1050002000,왕산로,1050147000,청량리동 2-3,127.0521740305288034_37.5865914207080749,1050027504,시조사삼거리,127.0536344497994889_37.5883081964527719,230.0,24.5,서행,127.0536344497994889_37.5883081964527719|127.0533693812412537_37.5880506891911281|127.0532821315917147_37.5879582237014773|127.0531884417398345_37.5878589333261814|127.0530786029586778_37.5877401031031511|127.0529453852549864_37.5875668506956302|127.0521740305288034_37.5865914207080749
2026-09-04T23:16:36.811991+09:00,회기역,회기역,POI056,KEY_1,1050002103,왕산로,1050027503,시조사삼거리,127.0537378944253106_37.5882380693253708,1050027200,시조사삼거리,127.0533907788699821_37.5878933031426641,49.0,8.0,정체,127.0533907788699821_37.5878933031426641|127.0534763062884451_37.5879839430212641|127.0537378944253106_37.5882380693253708
2026-09-04T23:16:36.811991+09:00,회기역,회기역,POI056,KEY_1,1050002401,망우로,1050027502,시조사삼거리,127.0538253192589622_37.5883242468388588,1050027400,시조사삼거리,127.0541206187562437_37.5882076514237013,29.0,11.0,정체,127.0541206187562437_37.5882076514237013|127.0538253192589622_37.5883242468388588
2026-09-04T23:16:36.811991+09:00,회기역,회기역,POI056,KEY_1,1050002403,망우로,1050164800,휘경동 255-20,127.0566271995283927_37.5885646497494079,1050027904,회기역(경춘선),127.0587229978746819_37.5891560770667468,196.0,34.0,원활,127.0587229978746819_37.5891560770667468|127.0566271995283927_37.5885646497494079
2026-09-04T23:16:36.811991+09:00,회기역,회기역,POI056,KEY_1,1050002404,망우로,1050084600,삼육서울병원앞교차로,127.0623833137998986_37.5902061896011475,1050001303,위생병원앞교차로,127.0632484265541677_37.5904597865263526,81.0,39.0,원활,127.0632484265541677_37.5904597865263526|127.0623833137998986_37.5902061896011475
2026-09-04T23:16:36.811991+09:00,회기역,회기역,POI056,KEY_1,1050002501,망우로,1050027300,시조사삼거리,127.0541999989331146_37.5880556130543226,1050027503,시조사삼거리,127.0537378944253106_37.5882380693253708,46.0,30.5,원활,127.0537378944253106_37.5882380693253708|127.0541999989331146_37.5880556130543226
2026-09-04T23:16:36.811991+09:00,회기역,회기역,POI056,KEY_1,1050002502,망우로,1050156600,휘경동 312-263,127.0549127142937778_37.5877972441917763,1050027300,시조사삼거리,127.0541999989331146_37.5880556130543226,69.0,31.5,원활,127.0541999989331146_37.5880556130543226|127.0543490059122718_37.5879967791021912|127.0544022892117368_37.5879769619772119|127.0548019834277511_37.5878283065988015|127.0549127142937778_37.5877972441917763
2026-09-04T23:16:36.811991+09:00,회기역,회기역,POI056,KEY_1,1050002503,망우로,1050103800,휘경동 312-263,127.0558877492230181_37.5880681398638501,1050027101,동원빌딩,127.0554260527593158_37.5878153625107885,50.0,38.0,원활,127.0554260527593158_37.5878153625107885|127.0555870241268650_37.5878875753104609|127.0558877492230181_37.5880681398638501
2026-09-04T23:16:36.811991+09:00,회기역,회기역,POI056,KEY_1,1050016901,이문로,1050149700,회기동 67-7,127.0549874556031256_37.5894380701676880,1050028505,회기역앞교차로,127.0558403986045448_37.5900485574702969,101.0,7.0,정체,127.0558403986045448_37.5900485574702969|127.0556480315051289_37.5899387594113605|127.0549874556031256_37.5894380701676880
2026-09-04T23:16:36.811991+09:00,회기역,회기역,POI056,KEY_1,1050017001,이문로,1050027600,시조사삼거리,127.0540465630913332_37.5885443925608271,1050027502,시조사삼거리,127.0538253192589622_37.5883242468388588,31.0,10.0,정체,127.0538253192589622_37.5883242468388588|127.0540465630913332_37.5885443925608271
2026-09-04T23:16:36.811991+09:00,회기역,회기역,POI056,KEY_1,1050017002,이문로,1050176700,회기동 67-7,127.0548704471611074_37.5892000639472741,1050027600,시조사삼거리,127.0540465630913332_37.5885443925608271,103.0,17.0,서행,127.0540465630913332_37.5885443925608271|127.0541853301977540_37.5886824691056205|127.0544431845224977_37.5888767060216864|127.0545488681346455_37.5889563150846513|127.0548704471611074_37.5892000639472741
2026-09-04T23:16:36.811991+09:00,회기역,회기역,POI056,KEY_1,1050017300,망우로21길,1050122600,휘경동 255-3,127.0617591501848125_37.5904134381428037,1050001304,위생병원앞교차로,127.0634908901715221_37.5905309344400962,155.0,15.0,서행,127.0634908901715221_37.5905309344400962|127.0632178369145322_37.5905750550639510|127.0630916165366955_37.5905790878648816|127.0626126576069339_37.5905162329112414|127.0623131575363232_37.5904642275628262|127.0617591501848125_37.5904134381428037
2026-09-04T23:16:36.811991+09:00,회기역,회기역,POI056,KEY_1,1050017400,망우로21길,1050001303,위생병원앞교차로,127.0632484265541677_37.5904597865263526,1050027901,회기역(경춘선),127.0588509533018708_37.5891924358330769,487.0,14.0,정체,127.0588509533018708_37.5891924358330769|127.0586222408351631_37.5896998569228415|127.0586234850224088_37.5897155353725907|127.0586558907976809_37.5897438653915401|127.0593663615114792_37.5901249299453752|127.0594071724264751_37.5901360700027922|127.0596966741023550_37.5901535169629497|127.0605348267827281_37.5902040245941436|127.0608602792811297_37.5902236349527001|127.0609061683020826_37.5902263999534085|127.0617747012593099_37.5903060296202796|127.0623354714367110_37.5903574392000976|127.0626382121015610_37.5904100067944142|127.0631000327965552_37.5904706129225801|127.0632014876607059_37.5904673709321102|127.0632484265541677_37.5904597865263526
2026-09-04T23:16:36.811991+09:00,회기역,회기역,POI056,KEY_1,1050017901,회기로,1050108200,회기동 45-41,127.0528521200719609_37.5914237853785167,1050029502,경희대삼거리,127.0523710951539016_37.5915377474733887,45.0,13.0,정체,127.0523710951539016_37.5915377474733887|127.0523876709606839_37.5915392918076137|127.0525137901161372_37.5915202005053146|127.0527658907962945_37.5914653690270413|127.0528442171102199_37.5914282626685718|127.0528521200719609_37.5914237853785167
2026-09-04T23:16:36.811991+09:00,회기역,회기역,POI056,KEY_1,1050018000,회기로,1050090700,회기동 346-34,127.0554194809867994_37.5903301444166829,1050028506,회기역앞교차로,127.0559329204722445_37.5901284797674222,51.0,18.0,서행,127.0559329204722445_37.5901284797674222|127.0558069727111103_37.5902037400693985|127.0554194809867994_37.5903301444166829
2026-09-04T23:16:36.811991+09:00,회기역,회기역,POI056,KEY_1,1050018700,회기로,1050163600,회기동 60-1,127.0507843845696527_37.5915013641051914,1050029504,경희대삼거리,127.0522433043757928_37.5916108396205715,142.0,24.5,서행,127.0522433043757928_37.5916108396205715|127.0521821091064680_37.5915621986856294|127.0521299877231201_37.5914887692426234|127.0520751335120195_37.5914483983794412|127.0520098849486175_37.5914078816053774|127.0519034946834296_37.5913797147717617|127.0517947991007759_37.5913645006145458|127.0517866259030058_37.5913650351109823|127.0516920880945833_37.5913712174869730|127.0516245575307437_37.5913854433012133|127.0515727328529181_37.5913963605241577|127.0513870021773783_37.5914444346731500|127.0512414282786153_37.5914704654519269|127.0510708375150699_37.5914862788164186|127.0507843845696527_37.5915013641051914
2026-09-04T23:16:36.811991+09:00,회기역,회기역,POI056,KEY_1,1050019200,경희대로,1050146600,회기동 16-9,127.0525711480171935_37.5925999739552665,1050029501,경희대삼거리,127.0523841820177466_37.5916478245289412,107.0,15.0,서행,127.0523841820177466_37.5916478245289412|127.0524323066177885_37.5920526103703097|127.0525711480171935_37.5925999739552665
2026-09-04T23:16:36.811991+09:00,회기역,회기역,POI056,KEY_1,1050019502,이문로,1050030104,청량초교,127.0577394956087574_37.5928251591112073,1050030203,이문동 346-131,127.0580271875429759_37.5932372410084241,52.0,11.0,정체,127.0580271875429759_37.5932372410084241|127.0577394956087574_37.5928251591112073
2026-09-04T23:16:36.811991+09:00,회기역,회기역,POI056,KEY_1,1050019504,이문로,1050129400,이문동 346-131,127.0573694032562599_37.5922660294926700,1050030103,청량초교,127.0576749762335425_37.5927299944141922,58.0,32.0,원활,127.0576749762335425_37.5927299944141922|127.0573694032562599_37.5922660294926700
2026-09-04T23:16:36.811991+09:00,회기역,회기역,POI056,KEY_1,1050019505,이문로,1050028506,회기역앞교차로,127.0559329204722445_37.5901284797674222,1050028513,휘경동321-20,127.0565232575148826_37.5909981942095399,110.0,13.0,정체,127.0565232575148826_37.5909981942095399|127.0559329204722445_37.5901284797674222
2026-09-04T23:16:36.811991+09:00,회기역,회기역,POI056,KEY_1,1050019602,이문로,1050030202,이문동 346-131,127.0581459663800246_37.5931847359417901,1050030101,청량초교,127.0578582739937303_37.5927726543307941,52.0,21.0,서행,127.0578582739937303_37.5927726543307941|127.0581459663800246_37.5931847359417901
2026-09-04T23:16:36.811991+09:00,회기역,회기역,POI056,KEY_1,1050019604,이문로,1050028511,속성변화점,127.0567073781321454_37.5910419415285659,1050028503,회기역앞교차로,127.0560411463774244_37.5900604187410963,124.0,30.0,원활,127.0560411463774244_37.5900604187410963|127.0566428056983597_37.5909468118858783|127.0567073781321454_37.5910419415285659
2026-09-04T23:16:36.811991+09:00,회기역,회기역,POI056,KEY_1,1050045000,서울시립대로29길,1050057500,휘경동 312-67,127.0551709010215689_37.5872097744655633,1050027102,동원빌딩,127.0552792290295940_37.5877668966272154,63.0,7.0,정체,127.0552792290295940_37.5877668966272154|127.0551861067910551_37.5872848038543452|127.0551730839952285_37.5872110997316824|127.0551709010215689_37.5872097744655633
2026-09-04T23:16:36.811991+09:00,회기역,회기역,POI056,KEY_1,1050045700,망우로,1050027300,시조사삼거리,127.0541999989331146_37.5880556130543226,1050027200,시조사삼거리,127.0533907788699821_37.5878933031426641,76.0,24.0,서행,127.0533907788699821_37.5878933031426641|127.0536217637957321_37.5880161289625931|127.0537753139503394_37.5880458576351089|127.0539101309762913_37.5880606949511815|127.0540411940321093_37.5880636155024845|127.0541999989331146_37.5880556130543226
2026-09-04T23:16:36.811991+09:00,회기역,회기역,POI056,KEY_1,1050045800,망우로,1050027600,시조사삼거리,127.0540465630913332_37.5885443925608271,1050027400,시조사삼거리,127.0541206187562437_37.5882076514237013,42.0,23.0,서행,127.0541206187562437_37.5882076514237013|127.0541037664381037_37.5882183007721338|127.0540247436433390_37.5883060639055344|127.0539888628242409_37.5883995276613447|127.0540026641759823_37.5884802457704197|127.0540465630913332_37.5885443925608271
2026-09-04T23:16:36.811991+09:00,회기역,회기역,POI056,KEY_1,1050046801,회기로31길,1050136100,회기동 346-33,127.0560943182206870_37.5898996187215104,1050028504,회기역앞교차로,127.0559516903433490_37.5899790240485743,15.0,13.0,정체,127.0559516903433490_37.5899790240485743|127.0560270041918756_37.5899281520509376|127.0560943182206870_37.5898996187215104
2026-09-04T23:16:36.811991+09:00,회기역,회기역,POI056,KEY_1,1050047600,이문로9길,1050177600,이문동 345-4,127.0572646789287603_37.5930223292243824,1050030104,청량초교,127.0577394956087574_37.5928251591112073,47.0,16.0,서행,127.0577394956087574_37.5928251591112073|127.0572646789287603_37.5930223292243824
2026-09-04T23:16:36.811991+09:00,회기역,회기역,POI056,KEY_1,1050056200,이문로1길,1050122100,회기동 65-142,127.0534051830155704_37.5886976397466412,1050027501,시조사삼거리,127.0537232490909645_37.5883957922412506,44.0,6.0,정체,127.0537232490909645_37.5883957922412506|127.0536258598978634_37.5885065292228262|127.0534051830155704_37.5886976397466412
